0,749,96,421,427,317,27,141,41,48,285,221,133,0,55,331,164,75,32,0,0,19,64,284,13,175,44,0,237,65,86,0,267,0,0,0,80,10,785,40,51,0,0,0,0,0,0,0,0,0,0,0,10,0,3,0,0,0,3,2,84,0,89,3,7,0,2,0,0,0,0,0,0,0,0,0,0,0,0,0,0,1,0,0,0,0,0,0,0,0,0,0,0,0,0,0,0,0,0,0,0,0,0,0,0,0,0,0,0,0,0,0,0,0,0,0,0,0,0,0,0,0,0,0,24,0,10,0,0,0,13,0,0,0,2,0,0,0,0,0,0,0,0,0,0,0,7,0,53,0,21,0,46,0,0,0,0,0,0,0,5,0,5,0,3,0,41,0,0,0,7,0,275,0,0,0,170,354,19,0,13,0,24,29,32,0,5,0,0,0,0,0,0,0,0,0,0,0,0,0,0,0,0,0,0,0,11,0,16,0,1370,350,663,167,399,1,0,0,13,0,21,0,0,0,0
749,0,203,72,0,301,174,58,173,88,17,286,0,224,0,28,86,133,0,85,0,47,234,191,354,80,0,132,0,265,0,15,0,242,0,21,0,232,43,472,0,140,0,0,0,24,0,108,0,25,0,11,0,0,0,33,0,8,0,10,0,34,37,0,0,93,0,7,0,0,0,0,0,0,0,0,0,0,0,0,0,0,0,0,0,0,0,3,0,0,0,0,0,0,0,0,0,0,0,0,0,0,0,0,0,0,0,0,0,0,0,0,0,0,0,0,0,0,0,0,0,0,0,0,0,11,0,29,0,3,0,28,0,1,0,35,0,51,0,6,0,0,0,0,0,0,0,8,0,155,0,75,0,106,0,5,0,0,0,0,0,19,0,3,0,0,0,46,0,9,0,6,14,147,0,27,45,365,0,14,0,59,44,18,0,67,0,0,0,0,0,0,0,0,0,0,0,20,0,0,0,0,0,0,0,0,0,78,0,58,4,0,0,0,372,0,0,0,1512,309,566,138,0,0,0
96,203,0,0,369,0,311,0,17,0,28,134,24,0,374,116,71,0,64,0,202,21,876,116,320,48,0,0,558,0,340,5,487,0,0,5,0,0,616,0,0,0,0,0,0,0,0,0,7,0,25,0,0,0,215,0,0,0,18,0,43,0,69,0,22,0,3,0,0,0,3,0,0,0,0,0,0,0,0,0,0,0,0,0,0,0,0,0,0,0,0,0,0,0,0,0,0,0,0,0,0,0,0,0,0,0,0,0,0,0,0,0,0,0,0,0,0,0,0,0,0,0,0,0,73,0,69,0,5,0,45,0,0,0,219,0,52,0,0,0,0,0,84,0,0,0,115,0,309,0,128,0,94,0,0,0,0,0,0,0,16,0,13,0,0,0,100,0,30,0,4,0,219,0,0,0,0,64,0,0,24,0,16,8,85,0,0,0,0,0,0,0,0,0,0,0,16,0,0,0,50,0,0,0,0,0,90,0,289,0,818,119,788,141,314,0,0,0,0,0,0,0,0,0,0
421,72,0,0,0,118,39,251,34,28,0,0,0,0,6,320,75,234,0,74,0,40,167,324,119,244,0,25,0,181,0,0,9,191,0,0,0,56,0,144,0,0,0,2,0,0,0,0,0,0,0,0,0,0,0,328,0,22,0,18,0,5,0,0,0,0,0,0,0,0,0,0,0,0,0,0,0,0,0,0,0,0,0,0,0,0,0,0,0,0,0,0,0,0,0,0,0,0,0,0,0,0,0,0,0,0,0,0,0,0,0,0,0,0,0,0,0,0,0,0,0,0,0,0,0,10,0,9,0,12,0,7,0,7,0,106,0,135,0,0,0,20,0,20,0,0,0,0,0,0,0,0,0,0,0,0,0,0,0,5,0,8,0,0,0,0,0,0,0,5,0,2,7,57,0,0,14,41,0,0,0,0,0,4,0,0,0,0,0,0,0,0,0,0,0,0,0,5,0,0,0,0,0,0,0,0,0,126,0,118,0,0,0,0,148,0,0,0,376,61,316,56,0,0,0
427,0,369,0,0,284,58,2,71,0,200,282,190,373,226,136,0,0,148,329,253,156,112,30,6,0,165,100,0,0,563,0,591,0,477,33,245,0,0,0,87,0,17,0,0,0,56,24,0,0,101,0,0,0,10,0,0,0,0,0,0,0,0,0,13,0,0,0,0,0,0,0,0,0,0,0,0,0,0,0,0,0,0,0,0,0,0,0,0,0,0,0,0,0,0,0,0,0,0,0,0,0,11,0,0,0,0,0,0,0,0,0,0,0,0,0,0,0,0,0,0,0,0,0,0,0,0,0,0,0,0,0,0,0,0,0,5,0,0,0,0,0,0,0,0,0,27,0,94,0,50,0,0,0,0,0,0,0,0,0,0,0,0,0,157,0,267,0,180,0,0,0,45,0,0,0,10,89,34,0,30,0,34,0,65,0,10,0,0,0,0,0,0,0,0,0,0,0,0,0,0,0,0,0,0,0,20,0,46,0,862,434,835,182,277,0,0,0,0,0,0,0,0,0,0
317,301,0,118,284,0,0,82,0,19,490,100,143,203,376,325,77,0,75,322,76,209,568,140,0,17,0,193,0,45,0,103,0,313,0,355,0,295,0,0,0,86,0,0,0,32,0,53,0,0,0,87,0,0,0,74,0,4,0,10,0,25,0,0,0,16,0,0,0,0,0,0,0,0,0,0,0,0,0,0,0,24,0,0,0,0,0,0,0,0,0,0,0,0,0,0,0,0,0,0,0,0,0,0,0,0,0,0,0,0,0,0,0,0,0,0,0,0,0,0,0,0,0,0,0,0,0,6,0,0,0,8,0,0,0,46,0,55,0,0,0,0,0,0,0,0,0,0,0,0,0,49,0,80,0,0,0,0,0,0,0,0,0,0,0,27,0,241,0,94,0,3,0,25,0,0,55,223,91,26,0,61,13,0,0,33,0,0,0,0,0,3,0,0,0,0,0,0,0,0,0,0,0,0,0,0,0,80,0,65,9,0,0,0,289,0,0,0,950,384,632,153,0,0,0
27,174,311,39,58,0,0,0,9,244,10,0,0,0,0,0,12,36,0,0,0,0,48,0,340,166,0,0,22,0,2,0,0,0,0,0,3,0,49,14,0,0,0,0,0,0,0,0,11,0,0,0,99,9,148,37,10,0,18,0,221,0,357,40,4,0,1,0,0,0,0,0,0,0,0,0,0,0,0,0,0,0,0,0,0,0,0,0,0,0,0,0,0,0,0,0,0,0,0,2,0,0,0,0,0,0,0,0,0,0,0,0,0,0,0,0,0,0,0,0,0,0,0,0,46,0,23,0,0,0,53,0,28,0,0,0,4,0,0,0,0,0,10,0,0,0,16,0,30,0,24,0,0,0,0,0,0,0,0,0,18,0,0,0,0,0,7,0,14,0,74,0,329,10,0,0,0,55,0,0,0,0,0,17,0,0,0,0,0,0,5,0,0,0,0,0,0,0,0,0,4,0,0,0,0,0,22,0,134,0,1021,93,721,351,518,2,0,0,9,3,0,0,0,0,0
141,58,0,251,2,82,0,0,396,69,0,5,0,11,0,66,22,86,0,0,0,0,0,37,162,657,0,0,0,55,0,0,0,0,0,0,0,42,0,334,0,0,0,0,1,0,0,0,0,0,0,0,37,0,16,227,0,19,0,14,0,145,88,205,0,0,0,0,0,0,0,0,0,0,0,0,0,0,0,0,0,0,0,0,0,0,0,0,0,0,0,0,0,0,0,0,0,0,0,0,0,0,0,0,0,0,0,0,0,0,0,0,0,0,0,0,0,0,0,0,0,0,0,0,0,9,0,0,0,0,0,19,0,0,0,22,0,45,0,0,0,1,0,4,0,0,0,0,0,10,0,4,0,0,0,0,0,0,0,0,0,0,0,4,0,1,0,0,0,3,0,26,0,162,0,0,0,0,0,0,0,0,0,0,0,0,0,0,0,0,0,0,0,0,0,0,0,0,0,0,0,0,0,0,0,0,0,30,0,40,0,2,5,0,410,0,0,0,1238,83,651,288,2,0,0
41,173,17,34,71,0,9,396,0,1060,91,0,37,0,57,0,0,32,0,0,0,0,0,20,0,350,30,0,1,12,0,0,0,0,0,0,0,0,5,19,0,0,0,0,0,0,0,0,0,0,0,0,106,59,29,374,6,0,213,76,123,9,53,118,173,1,292,263,0,0,0,0,0,0,0,0,0,0,0,0,0,0,0,0,0,0,0,0,0,0,0,0,0,0,0,0,0,0,0,0,1,0,0,0,0,0,0,0,0,0,0,0,0,0,0,0,0,0,0,0,0,0,0,0,43,0,21,0,0,0,59,0,7,0,1,0,2,0,0,5,0,0,1,0,0,0,34,0,225,0,51,0,39,0,11,0,13,0,1,0,17,0,0,0,0,0,0,0,0,0,31,1,67,4,5,0,130,262,10,0,0,0,4,4,175,23,0,0,0,0,0,0,0,0,0,0,0,0,0,1,0,0,0,0,0,0,24,0,45,0,468,121,303,180,219,2,0,0,6,0,6,1,0,0,0
48,88,0,28,0,19,244,69,1060,0,0,7,0,6,0,20,15,18,0,0,0,0,0,11,102,62,0,0,0,13,0,0,0,13,0,0,0,0,0,74,0,0,0,0,0,0,0,4,0,0,0,0,119,125,285,283,0,20,103,102,0,412,121,314,0,220,0,245,0,0,0,0,0,0,0,0,0,1,0,0,0,0,0,0,0,0,0,0,0,0,0,0,0,0,0,0,0,0,0,0,0,0,0,0,0,0,0,0,0,0,0,0,0,0,0,0,0,0,0,0,0,0,0,0,0,53,0,38,0,0,0,79,0,11,0,15,0,33,2,0,0,3,0,5,0,0,0,29,0,203,0,43,0,16,0,0,0,25,0,3,0,80,0,2,0,0,0,3,1,5,0,55,0,146,0,0,17,384,0,8,0,4,0,43,0,23,0,0,0,0,0,4,0,0,0,0,0,5,0,3,0,0,0,0,0,1,0,110,0,80,0,0,0,0,253,0,0,0,864,182,474,189,0,16,0
285,17,28,0,200,490,10,0,91,0,0,348,579,186,69,323,99,0,34,223,202,116,75,44,0,0,97,0,0,0,381,0,814,0,44,26,350,27,123,0,140,0,0,3,43,0,200,0,0,6,0,0,0,0,0,0,0,0,0,0,0,0,0,0,0,0,0,0,0,0,0,0,0,0,0,0,0,0,0,0,0,0,0,0,0,0,0,0,0,0,0,0,0,0,0,0,0,0,0,0,0,0,0,0,0,0,0,0,0,0,0,0,0,0,0,0,0,0,0,0,0,0,0,0,0,0,0,0,0,0,0,0,0,0,0,0,0,0,0,0,0,0,0,0,0,0,0,0,21,0,0,0,49,0,1,0,1,0,0,0,0,0,0,0,25,0,165,0,79,0,0,0,40,0,0,0,44,198,115,0,27,0,33,0,36,0,47,1,0,0,0,0,0,0,0,0,0,0,0,0,0,0,0,0,0,0,0,0,0,0,669,394,442,105,148,0,0,0,0,6,0,0,0,0,0
221,286,134,0,282,100,0,5,0,7,348,0,88,355,328,18,45,2,48,31,62,132,468,25,5,0,18,96,0,16,16,48,0,138,0,158,0,189,0,11,7,309,0,0,0,40,0,140,0,94,0,33,0,0,0,4,0,2,0,0,0,3,0,0,0,11,0,0,0,0,0,0,0,0,0,0,0,2,0,0,0,0,0,0,0,0,0,0,0,0,0,0,0,0,0,0,0,0,0,0,0,0,0,0,0,0,0,0,0,0,0,0,0,0,0,0,0,0,0,0,0,0,0,0,0,2,0,1,0,0,0,0,0,0,0,4,0,6,0,0,0,0,0,0,0,0,0,0,0,45,0,60,0,288,0,0,0,5,0,0,0,0,0,0,0,6,0,76,0,30,0,0,0,6,0,103,46,680,48,180,0,178,0,73,0,51,0,25,0,0,0,0,0,0,0,0,0,17,0,0,0,4,0,0,0,0,0,16,0,11,0,0,0,0,93,0,0,0,402,201,231,39,0,1,0
133,0,24,0,190,143,0,0,37,0,579,88,0,617,20,32,0,0,31,524,22,130,0,0,0,0,133,518,0,0,43,0,35,0,257,0,159,5,0,0,320,130,29,70,36,101,266,258,55,9,305,0,0,0,0,0,0,0,0,0,0,0,1,0,0,0,0,0,0,0,0,0,0,0,0,0,0,0,0,0,0,0,0,0,0,0,0,0,0,0,0,0,0,0,0,0,0,0,0,0,9,0,7,0,0,0,0,0,0,0,0,0,0,0,0,0,0,0,0,0,0,0,0,0,0,0,0,0,0,0,0,0,0,0,0,0,0,0,0,0,0,0,0,0,0,0,0,0,0,0,0,0,0,0,0,0,0,0,0,0,0,0,0,0,82,0,0,0,40,0,0,0,0,0,0,0,21,138,208,0,46,0,46,0,26,0,256,29,0,0,0,0,0,0,0,0,0,0,0,0,0,0,0,0,0,0,0,0,0,0,156,251,347,53,33,0,0,0,0,5,0,0,0,0,0
0,224,0,0,373,203,0,11,0,6,186,355,617,0,243,1,0,0,358,33,83,59,0,0,0,0,203,105,0,0,0,0,0,0,43,139,0,53,0,0,112,247,8,180,21,93,59,98,2,94,36,370,0,0,0,0,0,0,0,0,0,0,0,0,0,0,0,0,0,0,0,0,0,0,0,0,0,0,0,0,0,0,0,62,0,0,0,0,0,0,0,0,0,4,0,54,0,0,0,0,0,0,1,0,0,0,0,0,0,0,0,0,0,0,0,0,0,0,0,0,0,0,0,0,0,0,0,0,0,0,0,0,0,0,0,0,0,17,0,0,0,0,0,0,0,0,0,0,0,17,0,0,0,0,0,0,0,0,0,0,0,0,0,0,0,93,2,0,0,95,0,0,0,0,0,32,0,508,66,85,0,89,0,0,0,0,32,18,0,0,0,0,0,0,0,0,0,0,0,0,0,0,0,0,0,0,0,32,0,16,0,0,0,0,52,0,0,0,258,334,413,84,0,0,2
55,0,374,6,226,376,0,0,57,0,69,328,20,243,0,237,63,0,256,352,160,193,366,30,127,0,176,0,4,0,195,0,96,0,268,46,119,0,0,0,9,0,24,0,43,0,21,0,0,0,70,0,0,0,107,0,0,0,0,0,0,0,32,0,15,0,0,0,0,0,0,0,0,0,0,0,0,0,0,0,0,0,0,0,89,0,0,0,0,0,0,0,0,0,0,0,0,0,0,0,0,0,0,0,0,0,0,0,0,0,0,0,0,0,0,0,0,0,0,0,0,0,0,0,0,0,0,0,0,0,0,0,0,0,146,0,36,0,0,0,6,0,127,0,0,0,46,0,182,0,85,0,171,0,0,0,0,0,0,0,0,0,0,0,52,0,70,0,55,0,0,0,0,0,0,0,20,62,7,0,80,1,77,0,186,0,0,2,0,0,0,0,0,0,0,0,10,0,0,0,96,0,0,0,0,0,0,0,43,0,176,348,156,0,44,0,0,0,10,6,0,0,0,0,0
331,28,116,320,136,325,0,66,0,20,323,18,32,1,237,0,79,54,19,475,62,194,452,530,32,158,0,102,25,38,23,75,48,161,0,170,11,112,0,14,0,0,0,16,0,33,0,0,2,20,0,0,0,12,0,459,0,0,0,0,0,23,0,20,0,8,0,0,0,0,0,0,0,0,0,0,0,0,0,4,0,0,0,0,0,92,0,0,0,0,0,0,0,0,0,0,0,0,0,0,0,0,0,0,0,0,0,581,0,0,0,0,0,0,0,0,0,0,0,0,0,0,0,0,0,0,0,0,0,0,0,0,0,0,0,0,0,191,7,78,0,70,0,199,0,0,0,0,0,0,0,17,0,0,0,6,0,0,0,0,0,0,0,0,0,0,0,90,0,61,0,0,0,11,0,0,12,35,27,1,0,0,0,0,0,0,0,0,0,0,0,0,0,0,0,0,0,0,0,0,0,0,0,0,0,0,0,0,0,107,0,0,17,0,56,0,0,0,128,161,142,20,0,0,1
164,86,71,75,0,77,12,22,0,15,99,45,0,0,63,79,0,11,70,0,505,0,152,48,201,40,55,0,338,13,67,0,51,4,30,0,8,0,56,5,0,0,7,0,75,0,0,0,9,0,15,0,107,0,37,0,18,0,3,0,16,0,525,3,0,0,0,0,0,0,51,0,0,0,102,0,0,0,0,0,103,0,0,0,919,0,139,0,0,0,93,0,0,0,0,0,478,0,181,0,0,0,0,0,198,0,335,0,0,0,0,0,0,0,0,0,0,0,0,0,97,0,107,0,0,0,0,0,20,0,0,0,0,0,23,0,49,0,64,0,51,0,308,0,26,0,0,0,0,0,0,0,0,0,65,0,0,0,29,0,0,0,13,0,0,0,15,0,0,0,4,0,19,0,0,0,0,13,0,0,0,0,11,0,0,0,0,0,0,0,0,0,0,0,0,0,0,0,0,0,53,0,0,0,0,0,0,0,3,0,78,545,100,34,59,0,0,0,0,0,0,0,0,0,0
75,133,0,234,0,0,36,86,32,18,0,2,0,0,0,54,11,0,0,0,0,155,11,203,77,112,0,0,0,259,0,52,0,81,0,31,0,20,0,162,0,0,0,9,0,0,0,0,0,0,0,5,0,44,0,82,0,58,2,3,0,4,13,215,0,0,0,0,0,0,0,0,0,0,0,0,0,0,0,0,0,48,0,0,0,88,0,0,0,0,0,54,0,0,0,0,0,0,0,0,0,0,0,0,0,0,0,262,0,0,0,0,0,0,0,0,0,0,0,0,0,0,0,0,0,0,0,0,0,50,0,0,0,0,0,0,0,241,0,155,0,128,0,353,0,5,0,0,0,0,0,0,0,0,0,50,0,0,2,49,0,2,0,0,0,0,0,2,0,0,0,2,0,0,0,0,0,25,0,0,0,0,0,5,0,0,0,0,0,0,0,0,0,0,0,0,0,0,0,0,0,0,0,0,0,0,0,0,2,0,0,0,0,0,0,0,0,0,12,147,31,0,0,0,0
32,0,64,0,148,75,0,0,0,0,34,48,31,358,256,19,70,0,0,223,189,78,244,2,52,0,168,258,0,0,35,0,19,0,331,23,75,0,0,0,10,60,60,52,73,45,28,110,2,2,393,25,11,0,0,0,0,0,0,0,0,0,67,0,6,0,0,0,0,0,0,0,0,0,0,0,0,0,0,0,0,0,0,0,0,0,0,0,0,0,0,0,0,0,0,0,0,0,0,0,0,0,0,0,0,0,0,0,0,0,0,0,0,0,0,0,0,0,0,0,0,0,0,0,0,0,0,0,0,0,0,0,0,0,0,0,0,0,10,0,0,0,112,0,16,0,0,0,24,0,0,0,0,0,1,0,0,0,0,0,0,0,0,0,85,0,21,0,34,0,0,0,0,0,10,0,0,26,30,0,0,0,20,0,28,0,22,12,0,0,0,0,0,0,0,0,0,0,0,0,0,0,0,0,0,0,0,0,0,0,99,231,304,34,18,0,0,0,0,1,0,0,0,0,0
0,85,0,74,329,322,0,0,0,0,223,31,524,33,352,475,0,0,223,0,103,548,0,195,0,54,58,425,0,0,0,43,0,24,77,403,16,222,0,0,43,46,0,161,9,162,21,70,0,24,67,369,0,18,0,226,0,0,0,0,0,35,0,0,0,28,0,1,0,0,0,0,0,0,0,0,0,0,0,0,0,140,0,0,0,0,0,0,0,0,0,0,0,0,0,67,0,0,0,0,0,0,0,0,0,0,0,0,0,0,0,0,0,0,0,0,0,0,0,0,0,0,0,0,0,0,0,0,0,0,0,0,0,0,0,124,0,129,0,0,0,100,0,219,0,0,0,0,0,44,0,56,0,95,0,0,0,13,0,0,0,0,0,0,0,90,0,93,0,133,0,8,0,6,0,13,0,72,68,0,0,41,0,0,0,52,17,0,0,0,0,0,0,0,0,0,0,10,0,0,0,0,0,0,0,0,0,63,0,80,13,0,0,0,82,0,0,0,299,183,298,71,0,0,0
0,0,202,0,253,76,0,0,0,0,202,62,22,83,160,62,505,0,189,103,0,45,213,3,74,0,99,33,48,0,309,0,130,4,213,10,81,5,19,0,0,0,10,0,81,0,3,0,0,0,91,5,23,0,25,0,0,0,25,0,22,0,272,0,13,2,0,0,0,0,158,0,34,0,311,0,0,0,0,0,170,0,0,0,512,0,238,0,0,0,0,0,0,0,0,0,382,0,379,0,0,0,0,0,200,0,373,0,0,0,0,0,0,0,0,0,0,0,0,0,138,0,0,0,0,0,0,0,0,0,0,0,0,0,0,0,30,0,70,0,125,0,104,0,166,0,0,0,21,0,0,0,0,0,18,2,12,0,0,0,0,0,78,0,34,0,80,0,69,0,23,0,17,0,4,0,0,9,0,1,8,1,5,0,0,0,0,3,0,0,1,0,0,0,0,0,2,0,0,0,0,0,0,0,0,0,0,0,0,0,262,357,160,35,47,0,0,0,3,0,2,0,0,0,0
19,47,21,40,156,209,0,0,0,0,116,132,130,59,193,194,0,155,78,548,45,0,59,264,0,76,0,216,0,45,6,79,12,34,0,195,0,56,0,0,16,0,3,96,2,167,10,12,1,21,0,136,0,0,0,72,0,29,0,0,0,0,0,122,0,0,0,0,0,0,0,0,0,0,0,0,0,0,0,0,0,157,0,0,0,145,0,94,0,0,0,0,0,0,0,0,0,0,0,0,0,0,0,0,0,0,0,0,0,0,0,0,0,0,0,0,0,0,0,0,0,262,0,42,0,0,0,0,0,0,0,0,0,0,0,0,0,320,0,171,0,416,0,602,0,140,0,0,0,0,0,0,0,0,0,7,0,11,0,0,0,0,0,0,0,45,0,122,0,107,0,5,0,20,0,9,0,44,11,7,0,0,0,0,0,0,4,0,0,0,0,0,0,3,0,0,0,0,0,0,0,0,0,3,0,0,0,0,0,0,0,0,0,0,109,0,0,0,454,379,293,71,0,0,0
64,234,876,167,112,568,48,0,0,0,75,468,0,0,366,452,152,11,244,0,213,59,0,236,298,36,86,0,17,38,22,6,31,32,0,0,18,13,47,0,0,0,0,0,99,0,12,0,0,0,0,0,13,0,268,0,0,0,0,0,1,0,23,0,0,3,0,0,0,0,0,0,0,0,0,0,0,0,0,0,0,0,0,0,158,0,0,0,0,0,0,0,0,0,0,0,121,0,0,0,0,0,0,0,294,0,0,0,0,0,0,0,0,0,0,0,0,0,0,0,0,0,0,0,0,1,0,0,0,0,0,0,0,0,157,0,125,0,12,0,0,0,330,0,0,0,0,0,16,0,0,0,19,0,0,0,0,0,7,0,0,0,0,0,0,0,15,0,0,0,1,0,9,0,0,0,8,81,0,0,0,0,0,5,0,0,0,0,0,0,0,0,0,0,0,0,0,0,0,0,184,0,0,0,0,0,26,0,38,2,26,344,45,0,0,0,0,0,0,0,10,0,1,0,0
284,191,116,324,30,140,0,37,20,11,44,25,0,0,30,530,48,203,2,195,3,264,236,0,92,325,0,62,0,76,5,119,15,138,0,65,3,17,32,13,0,0,0,0,0,21,0,0,1,20,0,0,0,36,0,130,0,0,0,0,1,0,3,136,0,0,0,0,0,0,0,0,0,0,0,24,0,0,0,0,0,135,0,0,0,154,0,0,0,0,0,116,0,0,0,0,0,235,0,139,0,0,0,0,0,0,0,605,0,0,0,0,0,0,0,0,0,0,0,1,0,75,0,25,1,0,0,2,0,11,0,0,0,0,0,123,0,204,0,83,0,84,0,491,0,12,0,0,0,0,0,0,0,0,0,4,0,0,0,19,0,0,0,0,0,1,0,16,0,0,1,0,0,14,0,0,2,50,2,0,0,11,0,6,0,0,0,0,0,0,0,0,0,0,0,0,0,0,0,0,0,0,0,0,0,0,0,0,0,0,6,2,0,0,20,0,0,0,126,369,99,0,0,0,1
13,354,320,119,6,0,340,162,0,102,0,5,0,0,127,32,201,77,52,0,74,0,298,92,0,257,0,0,69,23,4,0,0,0,0,0,0,8,0,32,0,0,0,0,0,0,0,0,0,0,0,0,71,2,236,14,10,0,0,0,34,7,130,21,0,0,0,0,0,0,0,0,0,0,0,0,0,0,0,0,0,0,0,0,54,0,0,0,0,0,31,0,0,0,0,0,0,0,0,0,0,0,0,0,0,0,0,0,0,0,0,0,0,0,0,0,0,0,0,0,0,0,0,0,3,0,0,0,45,0,1,0,8,0,82,0,76,0,22,0,17,0,170,0,0,0,0,0,0,0,23,0,0,0,21,0,0,0,4,0,0,0,3,0,0,0,0,0,0,0,4,0,28,6,0,0,0,28,0,0,1,0,0,19,0,0,0,0,0,0,4,0,0,0,0,0,2,0,0,0,53,0,0,0,0,0,30,0,42,0,89,127,101,21,50,0,0,0,9,4,10,0,0,0,0
175,80,48,244,0,17,166,657,350,62,0,0,0,0,0,158,40,112,0,54,0,76,36,325,257,0,0,0,4,131,0,7,0,54,0,0,0,14,0,144,0,0,0,0,0,0,0,0,0,0,0,0,24,0,39,455,0,29,0,0,8,12,129,96,0,0,1,0,0,0,0,0,0,0,0,0,0,0,0,0,0,0,0,0,0,8,0,0,0,0,0,0,0,0,0,0,0,0,0,0,0,0,0,0,0,0,0,132,0,0,0,0,0,0,0,0,0,0,0,0,0,2,0,0,0,0,0,0,0,20,0,0,0,8,0,121,0,85,11,52,0,29,0,79,0,0,0,0,0,0,0,0,0,0,0,9,0,0,3,0,0,0,0,3,0,0,0,0,0,7,0,3,0,45,0,0,6,24,0,0,0,0,0,34,0,0,0,0,0,1,0,0,0,0,0,0,0,0,0,0,0,0,0,0,0,0,0,0,0,32,0,0,0,0,52,0,0,0,102,191,97,30,0,0,0
44,0,0,0,165,0,0,0,30,0,97,18,133,203,176,0,55,0,168,58,99,0,86,0,0,0,0,228,0,0,0,0,0,0,43,0,70,0,0,0,27,87,262,62,259,83,132,222,44,12,311,22,0,0,0,0,0,0,0,0,8,0,0,0,6,0,0,0,6,0,77,0,0,0,87,0,0,0,0,0,55,0,0,0,0,0,0,0,0,0,0,0,0,0,0,0,0,0,0,0,36,0,0,0,0,0,0,0,0,0,0,0,0,0,0,0,0,0,0,0,0,0,0,0,0,0,0,0,0,0,5,0,0,0,0,0,0,0,0,0,0,0,0,0,69,0,0,0,20,0,0,0,0,0,0,0,0,0,0,0,12,4,0,0,167,0,0,0,20,0,0,0,22,0,4,0,0,23,17,0,0,0,0,0,24,0,40,9,0,0,0,0,0,0,0,0,0,0,0,0,0,0,0,0,0,0,0,0,0,0,56,256,446,27,24,0,0,0,0,6,0,0,0,0,0
0,132,0,25,100,193,0,0,0,0,0,96,518,105,0,102,0,0,258,425,33,216,0,62,0,0,228,0,0,2,0,6,0,0,0,80,0,24,0,0,204,7,11,385,0,308,66,176,2,73,61,440,0,7,0,45,0,0,0,0,0,0,0,0,0,33,0,0,0,4,0,0,0,0,0,0,0,17,0,0,0,0,0,97,0,0,0,0,0,0,0,0,0,0,0,64,0,0,0,0,1,0,0,30,0,0,0,0,0,0,0,0,0,0,0,0,0,0,0,0,0,0,0,0,0,0,0,0,0,0,0,0,0,0,0,0,0,114,0,0,0,126,0,0,0,0,0,0,0,52,0,38,0,0,0,0,0,19,0,0,0,0,0,0,0,186,0,0,0,78,0,0,0,0,0,13,0,105,50,0,0,0,0,0,0,0,72,8,0,14,0,0,0,0,0,0,0,0,0,0,0,0,0,0,0,0,0,54,0,50,0,0,0,0,66,0,0,0,114,409,417,65,0,0,9
237,0,558,0,0,0,22,0,1,0,0,0,0,0,4,25,338,0,0,0,48,0,17,0,69,4,0,0,0,0,109,0,22,0,26,0,7,0,23,0,0,0,10,0,0,0,0,0,0,0,5,0,42,0,8,0,5,0,4,0,20,0,140,0,0,0,0,0,0,0,23,0,5,0,36,0,0,0,0,0,0,0,0,0,132,0,43,0,0,0,0,0,0,0,0,0,76,0,58,0,0,0,0,0,22,0,70,0,0,0,0,0,0,0,0,0,0,0,0,0,34,0,11,0,0,0,0,0,0,0,0,0,0,0,4,0,7,0,90,0,88,0,28,0,75,0,0,0,0,0,0,0,0,0,18,0,0,0,14,0,0,0,0,0,0,0,0,0,0,0,0,0,9,0,0,0,13,0,0,0,0,0,14,0,0,0,0,0,0,0,0,0,0,0,0,0,0,0,0,0,0,0,0,0,0,0,0,0,0,0,48,159,9,12,19,0,0,0,0,0,0,0,0,0,0
65,265,0,181,0,45,0,55,12,13,0,16,0,0,0,38,13,259,0,0,0,45,38,76,23,131,0,2,0,0,0,14,0,41,0,18,0,78,11,51,0,0,0,5,0,0,0,0,0,0,0,2,0,31,0,57,0,14,0,4,0,10,3,69,0,4,0,1,0,0,0,0,0,0,0,0,0,0,0,0,0,16,0,0,0,13,0,0,0,0,0,0,0,0,0,0,1,0,0,0,0,0,0,0,0,0,0,0,0,0,0,0,0,0,0,0,0,0,0,0,0,27,0,0,0,0,0,0,0,0,0,0,0,0,0,0,0,184,0,211,0,247,0,184,0,48,0,0,0,0,0,0,0,0,0,47,0,9,0,57,0,8,0,0,0,0,0,1,0,0,0,0,0,0,0,0,0,55,0,0,0,0,0,32,0,0,0,0,0,0,0,0,0,0,0,0,0,0,0,0,0,0,0,0,0,0,0,0,0,0,0,0,0,0,16,0,0,0,52,228,16,0,0,0,0
86,0,340,0,563,0,2,0,0,0,381,16,43,0,195,23,67,0,35,0,309,6,22,5,4,0,0,0,109,0,0,0,70,0,46,0,44,0,69,0,0,0,46,0,0,0,0,0,0,0,59,0,8,0,0,0,8,0,0,0,16,0,26,0,4,0,0,0,0,0,42,0,11,0,57,0,0,0,0,0,33,0,0,0,79,0,48,0,0,0,0,0,0,0,0,0,55,0,47,0,0,0,0,0,0,0,73,0,0,0,0,0,0,0,0,0,0,0,0,0,15,0,0,0,0,0,0,0,0,0,0,0,0,0,0,0,0,0,0,0,31,0,0,0,33,0,0,0,0,0,0,0,0,0,0,0,0,0,13,0,0,0,24,0,0,0,3,0,0,0,0,0,15,0,3,0,0,6,11,0,0,0,14,0,0,0,0,0,0,0,0,0,0,0,0,0,0,0,0,0,0,0,0,0,0,0,0,0,0,0,70,112,39,15,12,0,0,0,0,0,0,0,0,0,0
0,15,5,0,0,103,0,0,0,0,0,48,0,0,0,75,0,52,0,43,0,79,6,119,0,7,0,6,0,14,0,0,0,27,0,27,0,25,0,6,0,0,0,5,0,3,0,0,0,0,0,21,0,0,0,0,0,0,0,0,0,0,0,0,0,2,0,0,0,0,0,0,0,0,0,0,0,0,0,0,0,0,0,0,0,9,0,0,0,0,0,0,0,0,0,0,0,0,0,0,0,0,0,0,0,0,0,0,0,0,0,0,0,0,0,0,0,0,0,0,0,0,0,0,0,0,0,0,0,0,0,0,0,0,0,0,0,0,0,29,0,43,0,0,0,0,0,0,0,0,0,0,0,0,0,0,0,0,0,0,0,0,0,0,0,2,0,15,0,0,0,0,0,0,0,0,0,14,0,0,0,0,0,0,0,0,0,0,0,0,0,0,0,0,0,0,0,0,0,0,0,0,0,0,0,0,0,0,0,0,0,0,0,0,0,0,0,0,27,40,23,0,0,0,0
267,0,487,9,591,0,0,0,0,0,814,0,35,0,96,48,51,0,19,0,130,12,31,15,0,0,0,0,22,0,70,0,0,0,132,0,203,0,20,0,0,0,29,0,0,0,0,0,0,0,31,0,5,0,0,0,0,0,0,0,19,0,8,0,0,0,0,0,0,0,10,0,0,0,0,0,0,0,0,0,0,0,0,0,0,0,0,0,0,0,0,0,0,0,0,0,0,0,0,0,0,0,0,0,0,0,0,0,0,0,0,0,0,0,0,0,0,0,0,0,0,0,0,0,0,0,0,0,0,0,0,0,0,0,0,0,0,0,0,0,0,0,0,0,23,0,0,0,0,0,0,0,0,0,13,0,0,0,0,0,0,0,9,0,2,0,25,0,9,0,0,0,19,0,0,0,0,0,18,0,0,0,18,0,0,0,0,0,0,0,0,0,0,0,0,0,0,0,0,0,0,0,0,0,0,0,0,0,0,0,65,160,71,12,15,0,0,0,0,0,0,0,0,0,0
0,242,0,191,0,313,0,0,0,13,0,138,0,0,0,161,4,81,0,24,4,34,32,138,0,54,0,0,0,41,0,27,0,0,0,59,0,67,0,9,0,0,0,26,0,3,0,0,0,0,0,9,0,6,0,13,0,0,0,0,0,26,0,36,0,0,0,0,0,0,0,0,0,0,0,6,0,0,0,0,0,0,0,0,0,0,0,0,0,0,0,0,0,0,0,0,0,0,0,0,0,0,0,0,0,0,0,0,0,0,0,0,0,0,0,0,0,0,0,0,0,14,0,0,0,0,0,0,0,0,0,0,0,0,0,0,0,0,0,39,0,0,0,0,0,51,0,5,0,0,0,0,0,0,0,28,0,39,0,23,0,0,0,0,0,0,0,48,0,0,0,0,0,7,0,0,0,56,0,6,0,39,0,32,0,0,0,0,0,0,0,0,0,0,0,0,0,0,0,0,0,0,0,0,0,0,0,0,0,0,0,0,0,0,0,0,0,0,35,145,34,9,0,0,0
0,0,0,0,477,0,0,0,0,0,44,0,257,43,268,0,30,0,331,77,213,0,0,0,0,0,43,0,26,0,46,0,132,0,0,0,100,0,38,0,0,0,39,0,3,0,0,0,0,0,125,0,0,0,0,1,0,0,3,0,13,0,0,0,0,0,0,0,0,0,40,0,0,0,63,0,0,0,0,0,0,0,0,0,0,0,0,0,0,0,0,0,0,0,0,0,0,0,0,0,0,0,0,0,0,0,0,0,0,0,0,0,0,0,0,0,0,0,0,0,0,0,0,0,0,0,0,0,0,0,0,0,0,0,0,0,0,0,0,0,0,0,0,0,23,0,0,0,0,0,0,0,0,0,0,0,0,0,0,0,0,2,0,0,34,0,16,0,12,0,0,0,12,0,0,0,0,0,31,0,0,0,0,0,0,0,0,0,0,0,0,0,0,0,0,0,0,0,0,0,0,0,0,0,0,0,0,0,0,0,34,81,84,0,0,0,0,0,0,0,0,0,0,0,0
0,21,5,0,33,355,0,0,0,0,26,158,0,139,46,170,0,31,23,403,10,195,0,65,0,0,0,80,0,18,0,27,0,59,0,0,0,128,0,0,4,0,0,30,0,12,0,0,0,0,0,80,0,3,0,0,0,0,0,0,0,15,0,11,0,0,0,0,0,0,0,0,0,0,0,0,0,0,0,0,0,0,0,0,0,0,0,0,0,0,0,0,0,0,0,0,0,0,0,0,0,0,0,0,0,0,0,0,0,0,0,0,0,0,0,0,0,0,0,0,0,142,0,0,0,0,0,0,0,0,0,0,0,0,0,0,0,0,0,78,0,211,0,161,0,136,0,0,0,0,0,0,0,0,0,4,0,9,0,16,0,0,0,5,0,21,0,54,0,32,0,0,0,0,0,0,0,35,4,13,0,0,0,0,0,0,0,0,0,6,0,0,0,0,0,0,0,0,0,0,0,0,0,0,0,0,0,0,0,0,0,0,0,0,38,0,0,0,117,113,164,27,0,0,0
80,0,0,0,245,0,3,0,0,0,350,0,159,0,119,11,8,0,75,16,81,0,18,3,0,0,70,0,7,0,44,0,203,0,100,0,0,0,109,0,0,0,100,0,52,0,0,0,1,0,116,0,0,0,0,0,0,0,9,0,22,0,4,0,0,0,0,0,0,0,29,0,0,0,27,0,0,0,0,0,7,0,4,0,18,0,0,0,0,0,4,0,0,0,0,0,0,0,0,0,0,0,0,0,2,0,0,0,0,0,0,0,0,0,0,0,0,0,0,0,10,0,0,0,0,0,0,0,0,0,1,0,0,0,0,0,0,0,61,0,37,0,0,0,51,0,0,0,0,0,0,0,0,0,14,0,28,0,0,0,0,0,22,0,23,0,18,0,36,0,25,0,51,0,0,0,0,0,19,0,0,0,0,0,0,0,2,0,0,0,0,0,0,0,0,0,0,0,0,0,0,0,0,0,0,0,0,0,0,0,22,42,52,8,5,0,0,0,0,0,0,0,0,0,0
10,232,0,56,0,295,0,42,0,0,27,189,5,53,0,112,0,20,0,222,5,56,13,17,8,14,0,24,0,78,0,25,0,67,0,128,0,0,0,33,0,0,0,105,0,66,0,0,0,0,0,122,0,2,0,0,0,3,0,6,0,56,0,23,0,4,0,0,0,0,0,19,0,0,0,0,0,0,0,0,0,54,0,27,0,0,0,48,0,0,0,0,0,0,0,9,0,0,0,0,0,0,0,0,0,0,0,0,0,0,0,0,0,0,0,0,0,0,0,0,0,87,0,19,0,0,0,0,0,0,0,0,0,0,0,0,0,0,0,53,0,108,0,57,0,162,0,0,0,0,0,0,0,0,0,10,0,43,0,7,0,0,0,0,0,10,0,56,0,32,0,11,0,99,0,0,0,51,0,16,1,28,0,45,0,0,0,2,0,0,0,0,0,0,0,5,0,0,0,0,0,0,0,0,0,0,0,0,0,0,0,0,0,0,0,0,0,0,0,159,103,11,0,0,0
785,43,616,0,0,0,49,0,5,0,123,0,0,0,0,0,56,0,0,0,19,0,47,32,0,0,0,0,23,11,69,0,20,0,38,0,109,0,0,0,0,0,11,0,0,0,0,0,0,0,21,0,15,0,5,0,0,0,0,0,25,0,70,0,0,0,0,0,0,0,0,0,0,0,10,0,0,0,0,0,0,0,0,0,0,0,0,0,0,0,0,0,0,0,0,0,0,0,0,0,0,0,0,0,0,0,0,0,0,0,0,0,0,0,0,0,0,0,0,0,0,0,0,0,0,0,0,0,0,0,0,0,0,0,0,0,0,0,138,0,86,0,0,0,65,0,0,0,0,0,0,0,0,0,38,0,38,0,35,0,0,0,0,0,0,0,18,0,0,0,0,0,115,0,0,0,0,52,0,0,0,0,26,0,0,0,0,0,0,0,0,0,0,0,0,0,0,0,0,0,0,0,0,0,0,0,0,0,0,0,90,321,49,0,0,0,0,0,10,0,0,0,0,0,0
40,472,0,144,0,0,14,334,19,74,0,11,0,0,0,14,5,162,0,0,0,0,0,13,32,144,0,0,0,51,0,6,0,9,0,0,0,33,0,0,0,0,0,7,0,0,0,0,0,0,0,3,0,2,0,17,0,3,0,0,0,18,5,6,0,5,0,1,0,0,0,0,0,0,0,0,0,0,0,0,0,0,0,0,0,0,0,0,0,0,0,0,0,0,0,0,0,0,0,0,0,0,0,0,0,0,0,0,0,0,0,0,0,0,0,0,0,0,0,0,0,0,0,0,0,0,0,0,0,0,0,0,0,0,0,0,0,0,0,32,0,31,0,0,0,24,0,0,0,0,0,0,0,0,0,0,0,11,0,18,0,0,0,0,0,0,0,2,0,2,0,2,0,44,0,0,3,67,0,0,0,19,0,142,0,0,0,0,0,0,0,0,0,0,0,0,0,0,0,0,0,0,0,0,0,0,0,0,0,0,0,0,0,0,17,0,0,0,26,259,41,9,0,0,0
51,0,0,0,87,0,0,0,0,0,140,7,320,112,9,0,0,0,10,43,0,16,0,0,0,0,27,204,0,0,0,0,0,0,0,4,0,0,0,0,0,101,49,31,47,132,105,366,368,41,43,13,0,0,0,0,0,0,0,0,0,0,0,0,0,0,0,0,2,0,0,0,0,0,0,0,0,0,0,0,0,0,0,0,0,0,0,0,0,0,0,0,0,0,0,0,0,0,0,0,0,0,0,0,0,0,0,0,0,0,0,0,0,0,0,0,0,0,0,0,0,0,0,0,0,0,0,0,0,0,0,0,0,0,0,0,0,0,0,0,0,0,0,0,0,0,0,0,0,0,0,0,9,0,0,0,0,0,0,0,0,0,0,0,44,1,0,0,3,0,0,0,0,0,0,0,11,26,66,0,0,0,0,0,0,0,258,14,0,0,0,0,0,0,0,0,0,0,0,0,0,0,0,0,0,0,0,0,0,0,0,127,95,0,0,0,0,57,0,27,0,0,0,0,1
0,140,0,0,0,86,0,0,0,0,0,309,130,247,0,0,0,0,60,46,0,0,0,0,0,0,87,7,0,0,0,0,0,0,0,0,0,0,0,0,101,0,0,45,23,226,44,158,3,376,0,17,0,0,0,0,0,2,0,0,0,0,0,0,0,0,0,0,0,0,0,0,0,0,0,0,0,0,0,0,0,0,0,3,0,0,0,0,0,0,0,0,0,0,0,0,0,0,0,0,0,0,0,0,0,0,0,0,0,0,0,0,0,0,0,0,0,0,0,0,0,0,0,0,0,6,0,0,0,0,0,0,0,0,0,0,0,14,0,0,0,0,0,0,0,0,0,0,0,0,0,0,0,0,0,1,0,0,0,0,0,0,0,0,0,44,0,0,0,0,0,0,0,0,0,31,0,201,0,90,0,69,0,0,0,20,23,8,0,0,0,0,0,0,0,0,0,0,0,0,0,2,0,0,0,0,0,24,0,0,0,0,0,0,0,0,0,0,0,52,31,0,0,0,17
0,0,0,0,17,0,0,0,0,0,0,0,29,8,24,0,7,0,60,0,10,3,0,0,0,0,262,11,10,0,46,0,29,0,39,0,100,0,11,0,49,0,0,0,184,0,66,0,51,1,68,2,0,0,0,0,0,0,0,0,16,0,10,0,0,0,0,0,0,0,0,0,0,0,33,0,0,0,0,0,0,0,0,0,0,0,0,0,0,0,0,0,0,0,0,0,0,0,0,0,0,0,10,0,0,0,0,0,0,0,0,0,0,0,0,0,0,0,0,0,0,0,0,0,0,0,0,0,0,0,0,0,0,0,0,0,0,0,30,0,46,0,0,0,0,0,0,0,0,0,0,0,0,0,6,0,10,0,0,0,0,0,0,0,83,0,11,0,0,0,0,0,20,0,0,0,0,0,4,0,0,0,0,0,0,0,9,0,0,0,0,0,0,0,0,0,0,0,0,0,0,0,0,0,0,0,0,0,0,0,18,76,65,0,8,0,0,0,0,1,0,0,0,0,0
0,0,0,2,0,0,0,0,0,0,3,0,70,180,0,16,0,9,52,161,0,96,0,0,0,0,62,385,0,5,0,5,0,26,0,30,0,105,0,7,31,45,0,0,0,318,16,85,0,50,0,90,0,0,0,0,0,0,0,0,0,21,0,6,0,0,0,0,0,2,0,10,0,0,0,0,0,0,0,0,0,0,0,0,0,0,0,0,0,0,0,0,0,0,0,14,0,0,0,0,0,0,0,0,0,0,0,0,0,0,0,0,0,0,0,0,0,0,0,0,0,0,0,0,0,0,0,0,0,0,0,0,0,0,0,0,0,0,0,55,0,178,0,0,0,124,0,0,0,0,0,0,0,0,0,0,0,0,0,0,0,0,0,0,0,48,0,8,0,19,0,4,0,10,0,0,0,9,0,0,0,0,0,0,0,0,4,46,0,0,0,0,0,0,0,0,0,0,0,0,0,0,0,0,0,0,0,0,0,0,0,0,0,0,0,0,0,0,32,71,123,0,0,0,0
0,0,0,0,0,0,0,1,0,0,43,0,36,21,43,0,75,0,73,9,81,2,99,0,0,0,259,0,0,0,0,0,0,0,3,0,52,0,0,0,47,23,184,0,0,23,261,40,337,15,118,5,8,0,0,0,22,0,0,2,3,0,61,0,0,0,0,0,0,0,57,0,0,0,85,0,0,0,0,0,41,0,25,0,71,0,0,0,0,0,0,0,0,0,44,0,0,0,0,0,35,0,24,0,0,0,0,0,0,0,0,0,0,0,0,0,0,0,0,0,0,0,0,0,0,0,0,0,0,0,0,0,0,0,0,0,0,0,0,0,0,0,46,0,0,0,0,0,0,0,0,0,0,0,0,0,0,0,0,0,0,0,26,0,206,0,28,0,14,0,0,0,47,0,4,0,15,2,23,0,0,0,0,0,0,0,39,0,0,0,0,0,0,0,0,0,0,0,0,0,0,0,0,0,0,0,0,0,0,0,123,229,229,17,41,3,0,41,0,7,0,0,0,0,1
0,24,0,0,0,32,0,0,0,0,0,40,101,93,0,33,0,0,45,162,0,167,0,21,0,0,83,308,0,0,0,3,0,3,0,12,0,66,0,0,132,226,0,318,23,0,77,622,10,213,0,183,0,0,0,0,0,7,0,0,0,0,0,0,0,0,0,0,0,0,0,0,0,0,0,65,0,0,0,0,0,0,0,48,0,114,0,160,0,0,0,0,0,0,0,31,0,0,0,0,0,0,0,0,0,5,0,0,0,0,0,0,0,0,0,0,0,0,0,0,0,261,0,53,0,0,0,0,0,0,0,0,0,0,0,0,0,0,0,0,0,110,0,0,0,113,0,0,0,0,0,0,0,0,0,0,0,0,0,0,0,0,0,0,0,187,0,11,0,40,0,0,0,24,0,0,0,42,0,0,0,10,0,0,0,0,33,30,0,0,0,0,0,0,0,0,0,0,0,0,0,0,0,0,0,0,0,0,0,0,0,1,0,0,0,0,0,0,56,232,309,22,0,1,111
0,0,0,0,56,0,0,0,0,0,200,0,266,59,21,0,0,0,28,21,3,10,12,0,0,0,132,66,0,0,0,0,0,0,0,0,0,0,0,0,105,44,66,16,261,77,0,138,360,52,32,6,0,0,0,0,0,0,0,0,0,0,0,0,0,0,0,0,0,0,0,0,0,0,0,0,0,0,0,0,0,0,0,0,0,0,0,0,0,0,0,0,0,0,0,0,0,0,0,0,0,0,0,0,0,0,0,0,1,0,0,0,0,0,0,0,0,0,0,0,0,0,0,0,0,0,0,0,0,0,0,0,0,0,0,0,0,0,0,0,0,0,0,0,0,0,0,0,0,0,0,0,50,0,0,0,0,0,0,0,0,0,0,0,79,0,0,0,0,0,0,0,0,0,0,0,10,13,160,0,25,0,29,0,0,0,150,0,0,0,0,0,0,0,0,0,0,0,0,0,0,0,0,0,0,0,0,0,0,0,0,199,160,0,0,0,0,121,0,16,0,0,0,0,2
0,108,0,0,24,53,0,0,0,4,0,140,258,98,0,0,0,0,110,70,0,12,0,0,0,0,222,176,0,0,0,0,0,0,0,0,0,0,0,0,366,158,0,85,40,622,138,0,17,201,0,51,0,0,0,0,0,0,0,0,0,5,0,0,0,0,0,0,0,0,0,0,0,0,0,0,0,0,0,0,0,0,0,0,0,0,0,0,0,0,0,0,0,0,0,11,0,0,0,0,0,0,0,7,0,0,0,0,0,0,0,0,0,0,0,0,0,0,0,0,0,0,0,0,0,0,0,4,0,0,0,0,0,0,0,0,0,0,0,0,0,0,0,0,0,0,0,0,0,20,0,0,0,0,0,0,0,0,0,0,0,0,0,0,0,86,0,0,0,6,0,0,0,0,0,0,0,129,16,12,0,0,0,0,0,0,101,6,0,0,0,0,0,0,0,0,0,2,0,0,0,0,0,0,0,0,0,0,0,21,0,2,0,0,0,0,0,0,0,225,151,0,0,0,53
0,0,7,0,0,0,11,0,0,0,0,0,55,2,0,2,9,0,2,0,0,1,0,1,0,0,44,2,0,0,0,0,0,0,0,0,1,0,0,0,368,3,51,0,337,10,360,17,0,19,21,0,0,0,0,0,2,0,3,0,0,0,0,0,0,0,0,0,12,1,0,0,0,0,0,0,0,0,0,0,0,0,5,0,2,0,0,0,0,0,13,0,6,1,23,0,0,0,0,0,26,0,40,0,20,0,9,0,3,0,0,0,0,0,0,0,1,0,0,0,0,0,0,0,0,0,0,0,0,0,0,0,0,0,4,0,0,0,0,0,0,0,10,0,0,0,3,0,0,0,0,0,15,0,0,0,0,0,3,0,2,0,1,0,35,0,12,0,6,0,1,0,14,0,0,0,37,3,101,0,0,0,0,0,0,0,421,0,24,0,12,0,25,0,18,0,6,0,0,0,11,0,0,0,19,0,0,0,0,0,47,51,91,4,5,0,0,32,0,33,7,17,0,0,2
0,25,0,0,0,0,0,0,0,0,6,94,9,94,0,20,0,0,2,24,0,21,0,20,0,0,12,73,0,0,0,0,0,0,0,0,0,0,0,0,41,376,1,50,15,213,52,201,19,0,0,32,0,0,0,43,0,0,0,3,0,0,0,23,0,0,0,0,0,0,0,19,0,7,0,50,0,0,0,0,0,77,0,0,0,40,0,63,0,1,0,0,0,0,0,0,0,0,0,47,0,19,0,0,0,0,0,100,0,0,0,0,0,0,0,0,0,0,0,0,0,77,0,0,0,0,0,0,0,0,0,0,0,2,0,0,0,0,0,0,0,21,0,53,0,0,0,0,0,7,0,0,0,0,0,0,0,0,0,0,0,0,0,5,0,45,0,0,0,0,0,0,0,2,0,11,0,280,0,32,0,30,0,15,0,0,8,123,0,0,0,0,0,0,0,1,0,0,0,0,0,0,0,0,0,0,0,0,0,0,0,0,0,0,0,0,0,0,41,41,51,4,0,0,19
0,0,25,0,101,0,0,0,0,0,0,0,305,36,70,0,15,0,393,67,91,0,0,0,0,0,311,61,5,0,59,0,31,0,125,0,116,0,21,0,43,0,68,0,118,0,32,0,21,0,0,3,3,0,0,0,11,0,11,2,20,0,0,0,0,0,0,0,0,0,0,0,2,0,25,0,0,0,0,0,0,0,13,0,0,0,0,0,0,0,0,0,0,0,22,0,0,0,0,0,0,0,10,0,0,0,0,0,0,0,0,0,0,0,0,0,0,0,0,0,0,0,0,0,0,0,0,0,0,0,0,0,0,0,0,0,0,0,22,0,34,0,0,0,22,0,0,0,0,0,0,0,0,0,0,0,0,0,0,0,7,0,19,0,138,0,26,0,22,0,4,0,50,0,0,0,0,7,50,0,0,0,0,0,0,0,0,2,0,0,0,0,0,0,0,0,0,0,0,0,0,0,0,0,0,0,0,0,0,0,87,100,153,20,34,0,0,0,0,0,0,0,0,0,0
0,11,0,0,0,87,0,0,0,0,0,33,0,370,0,0,0,5,25,369,5,136,0,0,0,0,22,440,0,2,0,21,0,9,0,80,0,122,0,3,13,17,2,90,5,183,6,51,0,32,3,0,0,0,0,2,0,0,0,6,0,14,0,0,0,0,0,0,0,5,0,29,0,0,0,55,0,0,0,17,0,73,0,49,0,0,0,63,0,0,0,0,0,0,0,38,0,0,0,0,0,0,0,0,0,0,0,0,0,1,0,0,0,0,0,0,0,0,0,0,0,105,0,0,0,0,0,0,0,0,0,0,0,0,0,0,0,0,0,0,0,73,0,0,0,95,0,0,0,0,0,0,0,0,0,0,0,7,0,0,0,0,0,10,0,66,0,40,0,57,0,13,0,44,0,0,0,14,0,0,0,0,0,0,0,0,1,30,0,0,0,0,0,0,0,0,0,0,0,0,0,0,0,0,0,0,0,0,0,0,1,0,0,0,12,0,0,0,61,79,137,23,0,0,0
10,0,0,0,0,0,99,37,106,119,0,0,0,0,0,0,107,0,11,0,23,0,13,0,71,24,0,0,42,0,8,0,5,0,0,0,0,0,15,0,0,0,0,0,8,0,0,0,0,0,3,0,0,30,268,119,338,25,99,95,24,1,157,13,1,16,0,208,0,0,0,0,0,0,0,0,0,0,0,0,0,0,0,0,171,0,0,0,0,0,0,0,0,0,0,0,57,0,0,0,0,0,0,0,0,0,40,0,0,0,0,0,0,0,0,0,0,0,0,0,16,0,46,0,0,0,0,0,52,0,5,4,20,0,7,0,66,0,239,5,83,0,87,0,20,0,2,0,0,0,0,0,3,0,272,2,72,1,195,3,5,0,0,0,0,0,0,0,0,0,53,0,12,1,0,0,0,0,0,0,0,3,0,0,0,0,0,0,0,0,0,0,0,0,0,0,0,0,0,0,0,0,0,0,0,0,0,0,2,0,128,519,149,136,126,3,6,0,0,0,0,0,0,0,0
0,0,0,0,0,0,9,0,59,125,0,0,0,0,0,12,0,44,0,18,0,0,0,36,2,0,0,7,0,31,0,0,0,6,0,3,0,2,0,2,0,0,0,0,0,0,0,0,0,0,0,0,30,0,47,70,10,99,69,51,0,73,2,84,1,0,44,30,0,0,0,0,0,0,0,0,0,0,0,0,0,0,0,0,0,6,0,0,0,0,1,0,0,0,0,0,0,0,0,0,0,0,0,0,0,1,0,0,0,0,0,0,0,0,0,0,0,0,0,0,0,0,0,0,0,0,0,0,0,19,0,2,0,10,0,6,0,116,0,156,0,45,0,60,0,4,0,0,0,0,0,0,0,0,4,109,3,63,0,127,0,15,0,0,0,0,0,0,0,0,0,13,0,11,0,0,0,5,0,0,0,0,0,0,0,0,0,0,0,0,0,0,0,0,0,0,0,0,0,0,0,3,0,0,0,0,0,0,0,4,0,0,0,0,54,0,0,0,91,38,51,46,0,0,0
3,0,215,0,10,0,148,16,29,285,0,0,0,0,107,0,37,0,0,0,25,0,268,0,236,39,0,0,8,0,0,0,0,0,0,0,0,0,5,0,0,0,0,0,0,0,0,0,0,0,0,0,268,47,0,170,113,21,102,43,18,5,46,52,3,0,7,214,0,0,0,0,0,0,0,0,0,0,0,0,0,0,0,0,0,0,0,0,0,0,0,1,0,0,0,0,6,0,0,0,0,0,0,0,0,0,0,0,0,0,0,0,0,0,0,0,0,0,0,0,0,0,0,0,0,0,0,0,91,0,23,0,0,0,59,0,94,0,13,0,3,0,77,1,0,0,0,0,0,0,0,0,0,0,50,1,16,0,10,0,32,0,0,0,0,0,0,0,5,0,41,0,5,0,0,0,0,4,0,0,2,0,0,0,0,0,0,0,0,0,0,0,0,0,0,0,0,0,2,0,28,0,0,0,0,0,0,0,48,0,324,108,259,283,220,0,0,1,0,0,1,0,0,0,0
0,33,0,328,0,74,37,227,374,283,0,4,0,0,0,459,0,82,0,226,0,72,0,130,14,455,0,45,0,57,0,0,0,13,1,0,0,0,0,17,0,0,0,0,0,0,0,0,0,43,0,2,119,70,170,0,32,179,179,221,0,123,51,152,11,0,90,30,0,0,0,0,0,0,0,0,0,0,0,0,0,0,0,0,0,0,0,0,0,0,0,0,0,0,0,0,0,0,0,0,0,0,0,0,0,0,0,0,0,0,0,0,0,0,0,0,0,0,0,0,0,1,0,1,0,0,0,6,0,63,0,25,0,25,0,130,0,221,0,83,1,14,0,23,0,0,2,0,0,2,0,3,0,0,11,47,2,24,0,10,9,28,0,2,0,0,0,0,0,2,0,96,0,17,0,0,0,2,0,0,0,0,0,0,10,0,0,0,0,0,0,0,0,0,0,0,0,0,0,0,2,0,0,0,0,0,0,39,0,100,0,0,0,2,182,0,0,0,335,79,382,213,1,7,0
0,0,0,0,0,0,10,0,6,0,0,0,0,0,0,0,18,0,0,0,0,0,0,0,10,0,0,0,5,0,8,0,0,0,0,0,0,0,0,0,0,0,0,0,22,0,0,0,2,0,11,0,338,10,113,32,0,12,261,43,0,0,7,4,142,17,20,124,0,0,0,0,0,0,0,0,0,0,0,0,0,0,0,0,0,0,0,0,0,0,0,0,0,0,0,0,0,0,0,0,0,0,0,0,0,0,0,0,0,0,0,0,0,0,0,0,0,0,0,0,0,0,0,0,7,0,10,0,89,0,51,0,38,0,12,0,9,0,10,0,0,0,0,0,0,0,3,0,6,0,0,0,0,0,202,9,84,0,68,0,108,0,0,0,3,0,3,0,13,0,91,0,15,0,0,0,0,0,0,0,0,10,0,0,0,0,0,0,0,0,0,0,0,0,0,0,0,0,0,0,0,0,0,0,0,0,3,0,42,0,613,192,770,555,612,141,42,0,0,0,0,1,0,0,0
0,8,0,22,0,4,0,19,0,20,0,2,0,0,0,0,0,58,0,0,0,29,0,0,0,29,0,0,0,14,0,0,0,0,0,0,0,3,0,3,0,2,0,0,0,7,0,0,0,0,0,0,25,99,21,179,12,0,62,198,0,33,0,24,32,2,70,41,0,0,0,0,0,0,0,0,0,0,0,0,0,0,0,0,0,0,0,3,0,0,0,1,0,0,0,0,0,0,0,1,0,0,0,0,0,0,0,0,0,0,0,0,0,0,0,0,0,0,0,0,0,0,0,0,0,16,0,0,0,100,1,36,0,19,0,20,0,68,0,35,0,0,0,27,0,0,0,2,0,0,0,1,0,0,23,291,0,36,0,67,0,99,0,20,0,0,0,3,0,0,0,214,0,12,0,0,0,0,0,0,0,0,0,1,10,0,0,0,0,0,0,0,0,0,0,0,0,0,0,0,0,3,0,0,0,0,0,0,0,6,0,0,0,2,413,0,0,0,512,113,723,445,14,3,2
3,0,18,0,0,0,18,0,213,103,0,0,0,0,0,0,3,2,0,0,25,0,0,0,0,0,0,0,4,0,0,0,0,0,3,0,9,0,0,0,0,0,0,0,0,0,0,0,3,0,11,0,99,69,102,179,261,62,0,277,33,0,0,13,155,48,285,612,0,0,0,0,0,0,0,0,0,0,0,0,0,0,0,1,0,0,0,0,0,0,0,0,0,0,0,0,0,0,0,0,0,0,0,0,0,0,0,0,0,0,0,0,0,0,0,0,0,0,0,0,0,0,0,0,6,0,0,0,5,0,8,0,5,0,0,0,1,0,0,0,0,0,0,0,0,0,0,0,0,0,0,0,0,0,116,31,130,0,0,2,16,0,6,0,3,0,0,0,3,0,71,0,0,0,0,2,1,13,0,0,0,27,0,0,52,18,0,0,0,0,0,0,0,0,0,0,0,0,0,0,0,0,0,0,0,0,0,0,7,0,906,555,630,741,837,135,60,3,2,0,3,0,0,0,0
2,10,0,18,0,10,0,14,76,102,0,0,0,0,0,0,0,3,0,0,0,0,0,0,0,0,0,0,0,4,0,0,0,0,0,0,0,6,0,0,0,0,0,0,2,0,0,0,0,3,2,6,95,51,43,221,43,198,277,0,0,84,0,18,99,81,245,196,0,1,0,0,0,0,0,0,0,0,0,0,0,2,0,0,0,0,0,0,0,0,0,0,0,0,0,0,0,0,0,0,0,0,0,0,0,0,0,0,0,0,0,0,0,0,0,0,0,0,0,0,0,0,0,0,0,14,0,1,0,9,0,55,0,6,0,0,0,7,0,4,0,0,0,1,19,11,0,0,0,5,0,0,0,0,88,44,14,128,19,16,0,85,0,0,0,0,0,6,0,0,0,62,0,5,0,7,0,0,0,0,0,58,0,0,43,24,0,0,0,0,0,0,0,2,0,0,0,0,0,0,0,0,0,0,0,0,0,0,0,3,0,0,0,0,1127,1,0,0,1008,302,641,771,51,0,0
84,0,43,0,0,0,221,0,123,0,0,0,0,0,0,0,16,0,0,0,22,0,1,1,34,8,8,0,20,0,16,0,19,0,13,0,22,0,25,0,0,0,16,0,3,0,0,0,0,0,20,0,24,0,18,0,0,0,33,0,0,0,70,3,0,0,0,0,0,0,0,0,0,0,0,0,0,0,0,0,0,0,0,0,0,0,4,0,0,0,0,0,0,0,0,0,0,0,0,0,0,0,0,0,0,0,0,0,0,0,0,0,0,0,0,0,0,0,0,0,0,0,0,0,0,0,0,0,0,0,0,0,0,0,1,0,0,0,77,0,48,0,0,0,84,0,0,0,0,0,2,0,0,0,44,0,57,0,15,0,0,0,4,0,2,0,2,0,0,0,135,0,125,0,0,0,0,0,0,0,0,0,0,0,0,0,0,0,0,0,0,0,0,0,0,0,0,0,0,0,0,0,0,0,0,0,0,0,0,0,139,375,102,43,39,0,0,0,0,0,1,0,0,0,0
0,34,0,5,0,25,0,145,9,412,0,3,0,0,0,23,0,4,0,35,0,0,0,0,7,12,0,0,0,10,0,0,0,26,0,15,0,56,0,18,0,0,0,21,0,0,0,5,0,0,0,14,1,73,5,123,0,33,0,84,0,0,0,70,0,0,0,41,0,0,0,0,0,0,0,0,0,0,0,0,0,0,0,0,0,0,0,0,0,0,0,0,0,0,0,0,0,0,0,1,0,0,0,0,0,0,0,0,0,0,0,0,0,0,0,0,0,0,0,0,0,0,0,0,0,0,0,0,0,0,0,0,0,0,0,0,0,22,0,69,0,126,0,0,0,157,0,0,0,0,0,0,0,0,0,11,0,116,0,27,1,0,0,0,0,0,0,0,0,1,0,43,0,75,0,0,0,51,0,0,0,0,0,18,0,0,0,0,0,1,0,0,0,0,0,0,0,0,0,0,0,0,0,0,0,0,0,0,0,0,0,0,0,0,25,0,0,0,72,108,80,43,0,4,0
89,37,69,0,0,0,357,88,53,121,0,0,1,0,32,0,525,13,67,0,272,0,23,3,130,129,0,0,140,3,26,0,8,0,0,0,4,0,70,5,0,0,10,0,61,0,0,0,0,0,0,0,157,2,46,51,7,0,0,0,70,0,0,30,0,0,2,0,0,0,43,0,0,0,110,0,0,0,0,0,78,0,0,0,392,0,104,0,0,0,0,0,0,0,0,0,0,0,0,0,0,0,0,0,0,0,116,0,0,0,0,0,0,0,0,0,0,0,0,0,89,0,116,0,0,1,0,0,26,0,0,0,20,0,0,0,41,0,184,0,141,2,111,0,62,0,0,0,0,0,0,0,0,0,43,0,69,0,55,0,0,0,5,0,0,0,0,0,0,0,11,0,24,0,0,0,1,0,0,0,0,0,0,0,0,0,0,0,0,0,0,0,0,0,0,0,0,0,0,0,0,0,0,0,0,0,1,0,0,1,106,545,72,29,64,0,1,0,0,0,0,0,0,0,0
3,0,0,0,0,0,40,205,118,314,0,0,0,0,0,20,3,215,0,0,0,122,0,136,21,96,0,0,0,69,0,0,0,36,0,11,0,23,0,6,0,0,0,6,0,0,0,0,0,23,0,0,13,84,52,152,4,24,13,18,3,70,30,0,0,0,5,40,0,0,0,0,0,0,0,0,0,0,0,0,0,0,0,0,0,0,0,0,0,0,0,0,0,0,0,0,0,0,0,0,0,0,0,0,0,0,0,0,0,0,0,0,0,0,0,0,0,0,0,0,0,0,0,0,0,0,0,0,0,2,0,0,0,0,0,8,0,23,0,48,0,23,0,0,0,19,0,0,0,0,0,0,0,0,0,39,0,40,0,38,0,1,0,0,0,0,0,0,0,0,0,2,0,5,0,0,0,40,0,0,0,0,0,23,0,0,0,0,0,0,0,0,0,0,0,0,0,0,0,0,0,0,0,0,0,0,0,0,4,0,1,0,0,0,20,0,0,0,48,107,21,8,0,0,0
7,0,22,0,13,0,4,0,173,0,0,0,0,0,15,0,0,0,6,0,13,0,0,0,0,0,6,0,0,0,4,0,0,0,0,0,0,0,0,0,0,0,0,0,0,0,0,0,0,0,0,0,1,1,3,11,142,32,155,99,0,0,0,0,0,112,151,63,0,0,0,0,2,0,0,0,0,0,0,0,0,0,0,0,0,0,0,0,0,0,0,0,0,0,0,0,0,0,0,0,0,0,0,0,0,0,0,0,0,0,0,0,0,0,0,0,0,0,0,0,0,0,0,0,8,0,0,0,0,0,17,45,1,0,0,0,0,0,32,47,0,2,0,0,129,0,17,0,97,51,16,0,0,0,10,75,16,0,10,82,330,109,14,0,0,0,0,0,0,0,1,0,9,0,2,2,4,0,0,0,283,109,0,0,216,14,0,0,0,0,0,0,0,0,0,0,0,0,0,0,0,0,0,0,0,0,0,0,12,3,241,180,98,0,198,0,0,0,0,0,0,0,0,0,0
0,93,0,0,0,16,0,0,1,220,0,11,0,0,0,8,0,0,0,28,2,0,3,0,0,0,0,33,0,4,0,2,0,0,0,0,0,4,0,5,0,0,0,0,0,0,0,0,0,0,0,0,16,0,0,0,17,2,48,81,0,0,0,0,112,0,7,707,0,0,0,0,0,0,0,0,0,0,0,0,0,1,0,0,0,0,0,0,0,0,0,0,0,0,0,0,0,0,0,0,0,0,0,0,0,0,0,0,0,0,0,0,0,0,0,0,0,0,0,0,0,0,0,0,0,32,0,9,0,0,0,198,0,0,0,0,0,1,41,28,0,2,0,0,34,78,0,26,0,327,0,18,0,5,57,5,0,0,45,8,96,307,0,0,0,0,0,0,0,0,0,0,0,0,0,52,0,0,0,1,0,306,0,19,0,206,0,0,0,0,0,0,0,0,0,0,0,2,0,0,0,0,0,0,0,0,0,26,0,11,0,0,0,0,0,0,0,0,153,20,40,0,0,0,0
2,0,3,0,0,0,1,0,292,0,0,0,0,0,0,0,0,0,0,0,0,0,0,0,0,1,0,0,0,0,0,0,0,0,0,0,0,0,0,0,0,0,0,0,0,0,0,0,0,0,0,0,0,44,7,90,20,70,285,245,0,0,2,5,151,7,0,291,0,0,0,0,0,0,0,0,0,0,0,0,0,0,0,0,0,0,1,0,0,0,0,0,0,0,0,0,0,0,0,0,0,0,0,0,0,0,0,0,0,0,0,0,0,0,0,0,0,0,0,0,0,0,0,0,3,0,0,0,0,0,4,0,0,0,0,0,0,0,0,0,0,0,0,0,0,0,1,0,9,0,0,1,0,0,2,6,0,0,2,3,86,0,0,0,0,0,0,0,0,0,0,0,0,0,0,0,9,8,0,0,11,17,0,0,407,7,0,0,0,0,0,0,0,0,0,0,0,0,0,0,0,0,0,0,0,0,0,0,0,0,53,65,11,48,34,10,0,0,0,0,0,0,0,0,0
0,7,0,0,0,0,0,0,263,245,0,0,0,0,0,0,0,0,0,1,0,0,0,0,0,0,0,0,0,1,0,0,0,0,0,0,0,0,0,1,0,0,0,0,0,0,0,0,0,0,0,0,208,30,214,30,124,41,612,196,0,41,0,40,63,707,291,0,0,0,0,0,0,0,0,0,0,0,0,0,0,0,0,0,0,0,0,0,0,0,0,0,0,0,0,0,0,0,0,0,0,0,0,0,0,0,0,0,0,0,0,0,0,0,0,0,0,0,0,0,0,0,0,0,0,27,0,4,0,0,0,133,0,0,0,0,0,3,0,2,0,0,0,0,21,12,1,0,0,55,0,1,0,0,130,13,24,24,0,12,24,294,0,0,0,0,0,0,0,0,0,10,0,4,0,87,0,108,0,0,10,183,0,4,83,359,0,0,0,0,0,0,0,0,0,0,0,0,0,0,0,0,0,0,0,0,1,8,0,4,0,0,0,0,254,0,0,0,258,144,104,136,15,0,1
0,0,0,0,0,0,0,0,0,0,0,0,0,0,0,0,0,0,0,0,0,0,0,0,0,0,6,0,0,0,0,0,0,0,0,0,0,0,0,0,2,0,0,0,0,0,0,0,12,0,0,0,0,0,0,0,0,0,0,0,0,0,0,0,0,0,0,0,0,0,0,0,0,0,0,0,219,0,25,0,3,0,22,0,0,0,10,0,15,0,7,0,34,0,21,0,0,0,4,0,26,0,143,0,0,0,4,0,44,0,36,0,28,0,6,0,1,0,0,0,0,0,0,0,0,0,0,0,0,0,0,0,0,0,2,0,4,0,0,0,0,0,0,0,0,0,0,1,0,0,3,0,0,0,0,0,0,0,0,0,0,0,0,0,49,0,0,0,81,0,0,0,0,0,0,0,0,0,0,0,2,0,0,0,0,0,0,0,0,0,0,0,0,0,0,0,3,0,7,0,11,0,7,0,0,0,0,0,0,0,40,0,28,2,8,29,8,2,0,0,0,0,0,0,0
0,0,0,0,0,0,0,0,0,0,0,0,0,0,0,0,0,0,0,0,0,0,0,0,0,0,0,4,0,0,0,0,0,0,0,0,0,0,0,0,0,0,0,2,0,0,0,0,1,0,0,5,0,0,0,0,0,0,0,1,0,0,0,0,0,0,0,0,0,0,0,0,0,7,0,0,0,28,0,0,0,0,0,76,0,0,0,18,0,16,0,0,0,27,0,14,0,0,0,0,0,16,0,319,0,0,0,0,0,103,0,9,0,0,0,1,0,3,0,0,0,0,0,0,0,0,0,2,0,0,0,0,0,0,0,0,0,0,0,0,0,0,0,0,0,0,0,0,0,0,1,0,0,0,0,0,0,0,0,0,0,0,0,0,0,42,0,0,0,35,0,0,0,1,0,0,0,0,0,0,0,0,0,0,0,0,0,0,0,17,0,0,0,0,0,0,0,0,0,0,0,3,0,0,0,0,0,0,0,0,0,0,0,0,4,0,0,0,36,4,55,13,14,5,5
0,0,3,0,0,0,0,0,0,0,0,0,0,0,0,0,51,0,0,0,158,0,0,0,0,0,77,0,23,0,42,0,10,0,40,0,29,0,0,0,0,0,0,0,57,0,0,0,0,0,0,0,0,0,0,0,0,0,0,0,0,0,43,0,0,0,0,0,0,0,0,0,246,0,422,0,23,0,191,0,12,0,15,0,7,0,28,0,0,0,0,0,0,0,0,0,0,0,0,0,0,1,0,0,0,0,0,0,0,0,0,0,0,0,0,0,0,0,0,0,45,0,22,0,33,0,0,0,9,0,15,0,0,0,54,0,85,16,18,0,85,5,134,3,240,0,0,0,25,0,58,0,0,0,0,0,11,0,0,0,0,0,85,0,0,0,0,0,18,0,24,0,28,0,60,0,0,0,0,0,20,8,0,0,0,0,0,0,0,0,0,0,0,0,0,0,0,0,0,0,0,0,0,0,0,0,0,0,37,0,43,0,15,0,0,0,0,0,1,0,0,0,0,0,0
0,0,0,0,0,0,0,0,0,0,0,0,0,0,0,0,0,0,0,0,0,0,0,0,0,0,0,0,0,0,0,0,0,0,0,0,0,19,0,0,0,0,0,10,0,0,0,0,0,19,0,29,0,0,0,0,0,0,0,0,0,0,0,0,0,0,0,0,0,0,0,0,0,185,0,256,0,8,0,11,0,0,0,0,0,23,0,31,0,0,0,0,0,0,0,0,0,0,0,0,0,0,0,0,0,0,0,0,0,0,0,0,0,0,0,0,0,0,0,0,0,15,0,37,0,49,0,32,0,27,2,23,0,97,0,0,0,44,0,15,2,65,0,7,0,275,0,0,0,43,0,31,3,20,0,0,0,13,0,0,0,0,0,65,0,0,0,6,0,6,0,15,0,17,0,7,0,0,0,0,0,32,0,0,0,0,0,0,0,0,0,0,0,0,0,0,0,0,0,0,0,0,0,0,0,0,0,0,0,0,0,0,0,0,0,0,0,0,60,3,31,7,0,0,0
0,0,0,0,0,0,0,0,0,0,0,0,0,0,0,0,0,0,0,0,34,0,0,0,0,0,0,0,5,0,11,0,0,0,0,0,0,0,0,0,0,0,0,0,0,0,0,0,0,0,2,0,0,0,0,0,0,0,0,0,0,0,0,0,2,0,0,0,0,0,246,0,0,0,133,0,148,0,269,0,12,0,64,0,69,0,35,0,0,0,0,0,20,0,3,0,6,0,7,2,0,0,5,1,0,0,0,0,0,0,0,0,0,0,0,0,0,0,0,0,42,0,27,0,35,0,112,0,24,0,37,0,60,0,116,0,156,0,35,0,60,0,302,0,251,1,0,0,5,0,138,0,0,0,0,0,7,0,0,0,3,0,143,0,0,0,0,0,77,0,7,0,3,0,16,0,0,0,0,0,0,0,0,0,1,0,0,0,0,0,0,0,0,0,0,0,0,0,0,0,98,0,0,0,0,0,0,0,122,0,369,0,43,0,19,1,0,0,1,0,0,0,0,0,0
0,0,0,0,0,0,0,0,0,0,0,0,0,0,0,0,0,0,0,0,0,0,0,0,0,0,0,0,0,0,0,0,0,0,0,0,0,0,0,0,0,0,0,0,0,0,0,0,0,7,0,0,0,0,0,0,0,0,0,0,0,0,0,0,0,0,0,0,0,7,0,185,0,0,0,248,0,150,0,88,0,11,0,51,0,57,0,161,0,1,0,0,0,2,0,0,0,0,0,0,0,1,0,5,0,0,0,0,0,5,0,0,0,0,0,0,0,0,0,0,0,42,0,45,0,40,0,38,0,33,0,0,0,0,0,0,0,0,0,22,0,49,0,33,0,188,0,0,0,0,0,0,0,0,0,0,0,0,0,0,0,0,0,50,0,0,0,0,0,27,0,13,0,0,0,0,0,0,0,0,0,0,0,0,0,0,0,0,0,0,0,0,0,0,0,0,0,0,0,0,0,76,0,0,0,0,0,0,0,0,0,0,0,0,20,0,0,0,324,0,49,5,5,0,0
0,0,0,0,0,0,0,0,0,0,0,0,0,0,0,0,102,0,0,0,311,0,0,0,0,0,87,0,36,0,57,0,0,0,63,0,27,0,10,0,0,0,33,0,85,0,0,0,0,0,25,0,0,0,0,0,0,0,0,0,0,0,110,0,0,0,0,0,0,0,422,0,133,0,0,0,30,0,221,0,22,0,83,0,54,0,90,0,0,1,0,0,0,0,10,0,6,0,15,0,0,0,0,0,0,0,0,0,0,0,0,0,0,0,0,0,0,0,0,0,225,0,72,0,41,0,22,0,0,6,0,10,40,0,70,0,45,13,15,0,225,15,192,0,253,1,0,0,35,11,35,0,58,3,0,0,18,0,0,0,0,0,38,0,0,0,0,0,27,0,24,0,34,0,120,0,0,0,0,0,0,5,0,0,0,1,0,0,0,0,11,0,0,0,0,0,0,0,40,0,33,0,0,0,0,0,0,0,54,1,150,0,7,0,0,8,0,0,0,0,0,0,0,0,0
0,0,0,0,0,0,0,0,0,0,0,0,0,0,0,0,0,0,0,0,0,0,0,24,0,0,0,0,0,0,0,0,0,6,0,0,0,0,0,0,0,0,0,0,0,65,0,0,0,50,0,55,0,0,0,0,0,0,0,0,0,0,0,0,0,0,0,0,0,0,0,256,0,248,0,0,0,25,0,108,0,25,0,0,0,74,0,204,0,0,0,0,0,0,0,0,0,0,0,6,0,0,0,0,0,0,0,0,0,0,0,0,0,0,0,0,0,0,0,0,0,216,0,98,0,37,0,0,0,0,0,0,0,112,0,119,0,99,0,18,0,124,0,97,0,442,0,46,0,79,0,53,0,44,0,0,0,6,0,0,0,0,0,76,0,0,0,7,0,17,0,25,0,22,0,24,0,0,0,0,10,61,0,0,0,0,0,0,0,0,0,0,0,0,0,0,0,24,0,0,0,0,0,0,0,0,0,0,0,0,0,0,0,2,0,0,0,0,125,0,67,10,0,0,0
0,0,0,0,0,0,0,0,0,0,0,0,0,0,0,0,0,0,0,0,0,0,0,0,0,0,0,0,0,0,0,0,0,0,0,0,0,0,0,0,0,0,0,0,0,0,0,0,0,0,0,0,0,0,0,0,0,0,0,0,0,0,0,0,0,0,0,0,219,0,23,0,148,0,30,0,0,0,97,0,20,0,62,0,0,0,54,0,0,0,0,0,39,0,82,0,0,0,0,0,34,0,100,0,0,0,12,0,37,0,4,0,2,0,10,0,2,0,0,0,8,0,0,0,0,0,0,0,0,0,0,0,0,0,0,0,0,0,0,0,0,0,0,0,0,0,0,0,0,0,0,0,0,0,0,0,0,0,0,0,0,0,0,0,10,0,0,0,30,0,0,0,0,0,0,0,0,0,0,0,0,0,0,0,0,0,0,0,37,0,0,0,38,0,36,0,0,0,0,0,0,0,0,0,0,0,0,0,0,0,118,0,63,1,0,11,0,0,0,0,0,0,0,0,0
0,0,0,0,0,0,0,0,0,1,0,2,0,0,0,0,0,0,0,0,0,0,0,0,0,0,0,17,0,0,0,0,0,0,0,0,0,0,0,0,0,0,0,0,0,0,0,0,0,0,0,0,0,0,0,0,0,0,0,0,0,0,0,0,0,0,0,0,0,28,0,8,0,150,0,25,0,0,0,44,0,57,0,91,2,15,0,143,0,0,0,0,0,28,0,14,2,33,0,21,0,17,0,64,0,21,0,4,0,24,0,2,0,0,0,0,0,1,0,0,0,30,0,0,0,0,0,0,0,0,0,0,0,0,2,0,2,0,0,0,0,15,0,0,0,0,0,0,0,3,0,0,0,0,0,0,0,0,0,0,0,0,0,2,0,17,0,1,0,102,0,0,0,0,0,0,0,0,0,0,0,0,0,0,0,0,0,0,0,0,0,0,0,0,0,71,0,0,0,0,0,0,0,0,0,0,0,0,0,0,0,0,0,0,0,0,0,0,108,4,189,15,11,0,2
0,0,0,0,0,0,0,0,0,0,0,0,0,0,0,0,0,0,0,0,0,0,0,0,0,0,0,0,0,0,0,0,0,0,0,0,0,0,0,0,0,0,0,0,0,0,0,0,0,0,0,0,0,0,0,0,0,0,0,0,0,0,0,0,0,0,0,0,25,0,191,0,269,0,221,0,97,0,0,0,0,0,93,0,102,0,37,0,0,0,0,0,19,0,19,0,0,0,0,0,3,0,25,0,0,0,2,0,11,0,0,0,0,0,2,0,0,0,0,0,150,0,48,0,0,0,0,0,0,0,0,0,0,0,0,0,29,0,0,0,71,0,156,0,53,0,0,0,0,0,0,3,0,0,0,0,0,0,0,0,0,0,0,0,0,0,0,0,28,0,0,0,0,0,16,0,0,0,0,0,0,0,0,0,0,0,0,0,49,0,0,0,0,0,15,0,0,0,140,0,144,0,87,0,93,0,0,0,0,0,385,0,66,3,17,5,0,1,0,0,0,0,0,0,0
