0,601,35,106,38,8,17,141,85,6,110,21,106,0,16,39,42,70,31,3,13,0,57,246,4,228,25,0,106,62,7,0,16,8,4,0,32,19,244,38,46,0,3,0,9,0,15,0,5,0,0,0,3,0,3,0,0,0,3,0,132,16,107,0,9,0,6,0,0,0,0,0,0,0,0,0,0,0,0,0,0,0,0,0,0,0,0,0,0,0,0,0,0,0,0,0,0,0,0,0,0,0,0,0,0,0,0,0,0,0,0,0,0,0,0,0,0,0,0,0,0,0,0,0,0,0,4,0,0,0,0,0,0,0,0,0,0,0,0,0,0,0,0,0,0,0,9,0,23,0,18,0,45,0,0,0,0,0,0,0,0,0,0,0,4,0,13,0,7,0,0,0,138,0,0,0,137,125,42,0,21,0,9,0,61,0,9,0,0,0,0,0,0,0,0,0,0,0,2,0,0,0,0,0,0,0,0,0,3,0,1,0,0,0,14,0,0,0,0,0,213,6,4,0,6,0,240,42,116,8,172,1,134,0,19,2,12,0,115,0,85,0,102,0,287,10,0,0,0
601,0,347,55,49,239,186,23,151,66,51,403,0,113,21,55,69,18,0,94,0,30,274,31,413,35,0,140,28,164,0,8,0,85,0,13,0,201,14,164,0,110,0,12,0,0,0,68,0,2,0,0,3,6,0,12,0,0,0,6,10,139,48,25,2,51,0,14,0,0,0,3,0,0,0,0,0,0,0,0,0,0,0,3,1,17,0,0,0,0,1,4,0,0,0,0,0,49,0,6,0,0,0,0,0,17,0,53,0,0,0,0,0,3,0,0,0,0,0,0,0,0,0,0,0,41,0,17,0,4,0,32,2,35,0,63,0,43,0,12,0,0,0,24,0,4,0,39,0,69,0,62,0,63,0,5,0,0,0,0,0,0,0,3,0,1,0,9,0,8,0,3,5,75,0,15,142,305,0,6,0,0,0,24,1,63,0,0,0,0,0,0,0,8,0,0,0,0,0,0,0,0,0,0,0,0,0,28,0,78,0,0,0,0,0,34,0,0,0,20,10,372,0,0,0,16,19,194,2,144,2,192,1,414,0,81,0,6,3,88,0,28,0,15,0,442,0,0,0
35,347,0,89,103,69,68,27,51,6,35,127,78,0,238,134,33,23,153,16,75,0,407,154,79,43,69,7,121,64,36,6,137,38,7,0,55,45,364,20,19,1,11,0,14,0,20,0,0,0,0,0,6,0,109,0,0,0,0,0,47,7,94,0,19,0,3,0,0,0,0,0,0,0,0,0,0,0,0,0,0,0,0,0,31,0,0,0,0,0,0,0,0,0,0,0,34,0,0,0,0,0,0,0,25,0,0,0,0,0,0,0,0,0,0,0,0,0,0,0,0,0,0,0,64,0,73,0,0,0,38,0,42,0,221,0,40,0,0,0,6,0,48,0,0,0,223,0,101,0,144,0,69,0,6,0,0,0,0,0,9,0,4,0,0,0,79,0,19,0,0,0,161,0,3,0,30,69,0,0,12,0,0,0,26,0,0,0,0,0,0,0,0,0,0,0,6,0,43,0,91,0,0,0,0,0,25,0,97,0,0,0,0,0,34,1,0,0,0,0,449,0,0,0,6,0,140,31,152,0,154,0,150,0,16,0,12,3,89,4,48,3,71,0,320,0,0,0,0
106,55,89,0,45,63,0,73,0,1,67,0,9,0,29,225,0,5,0,93,7,74,105,94,14,5,0,33,9,149,0,46,0,217,0,3,7,99,0,23,0,0,0,0,0,5,0,0,0,0,0,0,0,0,0,52,0,5,0,3,0,3,0,0,0,3,0,0,0,0,0,0,0,0,0,0,0,0,0,1,0,0,0,0,0,41,0,0,0,8,0,13,0,0,0,3,0,80,0,8,0,10,0,0,0,18,0,57,0,0,0,0,0,0,0,0,0,0,0,0,0,0,0,0,0,0,0,0,0,0,0,0,0,31,0,99,0,49,0,28,0,0,0,54,0,0,0,0,0,0,0,6,0,1,0,0,0,0,0,0,0,0,0,0,0,0,0,8,0,0,0,1,0,20,0,0,27,8,1,0,0,5,0,0,0,0,0,0,0,0,0,0,0,4,0,0,0,0,0,11,0,13,0,10,0,0,0,0,0,23,0,0,0,0,0,0,0,0,0,2,5,166,0,0,0,8,3,53,0,85,0,52,0,96,0,8,0,0,0,13,1,0,0,0,0,70,0,0,0
38,49,103,45,0,255,0,0,28,0,65,148,191,112,125,245,0,0,172,148,127,79,30,55,0,0,135,109,0,20,71,14,117,34,85,19,176,27,56,0,100,0,0,0,25,0,47,0,4,0,87,8,7,0,0,0,4,0,0,0,0,0,3,0,0,0,2,0,0,0,0,0,0,0,0,0,0,0,0,0,7,0,0,0,0,0,0,0,0,0,0,0,0,0,0,0,0,0,0,0,0,0,0,0,0,0,0,0,0,0,0,0,0,0,0,0,0,0,0,0,0,0,0,0,0,0,0,0,0,0,3,0,0,0,14,0,0,0,0,0,1,0,0,0,0,0,10,0,16,0,17,0,23,0,3,1,0,0,0,0,2,0,0,0,12,0,101,3,36,0,0,0,52,0,0,0,60,123,11,0,0,0,0,0,29,0,0,0,0,0,0,0,0,0,0,0,0,0,0,0,0,0,0,0,0,0,0,0,0,0,0,0,0,0,8,0,0,0,11,31,165,15,4,0,54,9,247,0,100,17,156,8,0,11,9,0,21,4,40,3,23,1,45,0,198,0,0,0,0
8,239,69,63,255,0,0,37,0,7,188,99,240,176,446,115,0,0,157,248,152,180,101,26,0,0,0,327,0,13,65,109,23,290,62,57,36,134,7,0,0,89,0,23,10,36,0,92,0,2,20,53,0,5,0,0,0,0,0,7,0,0,0,8,0,0,0,0,0,0,0,0,0,2,0,0,0,0,0,0,0,0,0,0,0,10,0,0,0,0,0,0,0,0,0,0,0,23,0,0,0,2,0,0,0,0,0,40,0,0,0,0,0,0,0,0,0,0,0,0,0,0,0,4,0,10,0,0,1,5,0,0,0,18,0,63,0,35,0,11,0,0,0,28,0,8,0,14,0,0,0,40,0,76,0,2,0,0,0,1,0,8,0,0,0,3,23,20,0,12,0,2,0,13,0,23,37,161,17,12,0,75,0,7,0,30,3,3,0,0,0,0,0,0,0,0,0,0,0,0,0,0,0,0,0,0,0,0,0,44,0,0,0,0,0,5,0,0,0,0,20,195,0,21,0,94,15,232,0,159,0,108,0,189,0,17,0,13,0,16,0,0,0,0,0,136,0,0,0
17,186,68,0,0,0,0,93,71,154,4,0,0,0,0,0,45,45,0,0,0,0,14,17,180,148,0,0,26,0,0,0,1,0,0,0,2,0,17,0,0,0,0,0,0,0,0,0,2,0,0,0,26,0,99,25,10,0,25,0,97,16,416,19,19,0,11,0,0,0,0,0,0,0,0,0,0,0,0,0,0,0,0,0,9,0,0,0,0,0,0,0,0,0,0,0,0,0,0,0,0,0,0,0,0,0,0,0,0,0,0,0,0,0,0,0,0,0,0,0,0,0,0,0,91,0,103,1,22,0,94,0,37,0,92,0,26,0,0,0,0,0,35,3,0,0,109,0,27,0,41,0,0,0,5,0,0,0,3,0,27,0,0,0,0,0,2,0,16,0,37,0,212,0,0,0,13,21,0,0,0,0,0,0,1,0,0,0,0,0,5,0,0,0,0,0,0,0,9,0,22,0,0,0,2,0,12,0,75,0,7,0,0,0,164,0,0,0,9,0,507,3,11,0,22,1,118,6,197,0,104,0,0,0,54,1,12,0,218,0,103,0,81,0,553,4,0,0,0
141,23,27,73,0,37,93,0,240,95,0,7,0,0,1,57,0,28,0,35,0,0,13,29,133,298,0,20,6,116,0,3,0,14,0,4,0,24,3,157,0,0,0,0,0,4,0,0,0,0,0,0,12,6,40,104,0,31,17,24,0,220,95,124,0,4,0,24,0,0,0,0,0,3,0,0,0,0,0,0,0,0,0,0,0,0,0,0,0,0,0,0,0,0,0,0,0,26,0,0,0,3,0,0,0,7,0,25,0,0,0,0,0,0,0,0,0,0,0,0,0,0,0,0,0,43,0,14,0,47,0,88,0,70,0,55,0,72,0,31,0,3,0,18,0,2,0,7,0,12,0,28,0,5,0,4,0,0,0,5,0,25,0,0,0,0,0,3,0,0,0,16,3,85,0,0,14,0,0,0,0,0,0,7,0,0,0,0,0,0,0,0,0,3,0,1,0,0,0,0,0,8,0,0,0,0,0,22,0,62,0,30,0,0,0,110,0,0,1,5,4,364,0,21,0,29,0,69,0,183,0,77,0,412,0,86,0,14,0,91,0,19,0,9,1,349,0,0,0
85,151,51,0,28,0,71,240,0,590,36,0,38,0,20,0,2,78,41,0,3,0,0,5,0,309,17,1,3,9,0,0,0,0,15,0,0,0,3,4,23,0,3,0,0,0,6,0,1,0,0,0,17,3,25,153,4,5,83,10,61,8,101,44,105,0,86,40,0,0,0,0,0,0,0,0,0,0,0,0,0,0,0,0,0,0,0,0,0,0,0,0,0,0,0,0,0,0,0,0,0,0,0,0,0,0,0,0,0,0,0,0,0,0,0,0,0,0,0,0,0,0,0,0,25,0,20,0,0,0,28,0,6,0,5,0,0,0,0,0,0,0,0,0,0,0,66,0,56,0,51,0,32,0,0,0,0,0,1,0,21,0,0,0,0,0,6,0,9,0,24,0,81,0,27,0,263,75,22,0,9,0,6,39,86,0,0,0,0,0,0,0,0,0,0,0,0,0,0,0,4,0,0,0,0,0,0,0,7,0,0,0,0,0,108,0,0,0,5,0,121,0,6,0,19,0,99,0,110,0,54,0,110,0,22,0,9,0,174,2,93,0,74,1,318,0,0,0,0
6,66,6,1,0,7,154,95,590,0,0,33,0,9,0,3,8,1,0,6,0,0,1,0,118,17,0,18,0,0,0,0,0,0,1,0,0,0,1,10,0,13,0,0,0,0,0,9,1,1,0,1,80,11,304,49,0,4,108,16,14,172,146,203,2,180,98,83,0,0,0,0,0,1,0,0,0,0,0,0,0,0,0,0,0,2,0,0,0,0,0,4,0,0,0,0,0,0,0,0,0,0,0,0,0,6,0,0,0,0,0,0,0,0,0,0,0,0,0,1,0,0,0,0,0,75,0,24,0,6,0,149,0,23,0,12,0,10,0,1,0,0,0,0,0,0,0,61,0,97,0,81,0,52,0,0,2,0,0,0,0,25,0,0,0,0,1,0,1,7,9,31,0,69,6,9,61,311,0,4,0,11,0,110,0,22,0,0,0,0,0,0,0,2,0,0,0,0,0,0,0,0,0,0,0,0,0,30,0,62,0,0,0,0,0,80,0,1,0,7,0,108,0,11,0,13,8,94,0,168,0,52,0,288,0,57,0,9,0,112,0,19,0,9,0,398,0,0,0
110,51,35,67,65,188,4,0,36,0,0,103,250,13,37,256,30,4,34,62,69,40,22,85,0,0,22,17,0,16,35,10,89,41,23,3,126,18,147,0,88,0,4,0,14,2,16,0,4,0,8,2,1,0,0,0,0,0,3,0,0,0,1,0,1,1,0,0,0,0,0,0,0,0,0,0,0,0,0,0,0,0,0,0,0,0,0,0,0,0,0,0,0,0,0,0,0,0,0,0,0,0,0,0,0,0,0,0,0,0,0,0,0,0,0,0,0,0,0,0,0,0,0,0,0,0,0,0,0,0,0,0,0,0,1,0,0,0,0,0,1,0,0,0,0,0,11,0,11,0,10,0,29,0,0,0,0,0,0,0,0,0,2,0,0,0,47,0,0,0,0,0,23,1,9,0,115,73,14,1,20,0,17,0,18,0,24,0,0,0,0,0,0,0,0,0,0,0,0,0,0,0,0,0,0,0,0,0,3,0,0,0,0,0,5,0,0,0,0,3,122,27,7,0,12,0,185,19,60,0,151,0,59,0,7,0,12,3,36,0,39,0,59,0,176,16,0,0,0
21,403,127,0,148,99,0,7,0,33,103,0,39,286,255,29,16,0,39,35,66,63,137,19,0,0,0,106,0,48,16,41,0,223,10,13,22,125,0,5,0,206,0,19,0,18,0,84,0,13,0,40,0,0,0,2,0,2,0,4,0,0,0,1,0,23,0,4,0,0,0,0,0,0,0,1,0,0,0,0,0,0,0,0,0,0,0,0,0,0,0,0,0,0,0,0,0,8,0,0,0,0,0,2,0,0,0,13,0,0,0,0,0,0,0,0,0,0,0,0,0,1,0,4,0,11,0,0,0,0,0,0,0,7,0,11,0,0,0,3,0,0,0,0,0,0,0,0,0,31,0,63,0,119,0,3,0,1,0,0,0,0,0,1,0,4,7,7,0,7,0,3,0,9,0,63,52,215,5,31,0,162,0,35,0,57,0,11,0,0,0,0,0,0,0,0,0,0,0,0,0,0,0,0,0,0,0,0,0,27,0,0,0,0,0,0,0,0,0,41,7,150,0,0,0,66,7,233,8,86,5,114,0,189,0,15,0,0,0,18,0,11,0,10,0,152,0,0,0
106,0,78,9,191,240,0,0,38,0,250,39,0,323,34,63,0,0,48,265,23,53,0,3,0,0,78,419,0,0,16,0,13,7,91,0,56,0,1,0,191,69,60,20,54,12,60,50,44,0,207,26,0,0,0,0,0,0,0,0,0,0,0,0,8,0,0,0,0,0,0,0,0,0,0,0,0,0,0,0,0,0,0,0,0,0,0,0,0,0,0,0,0,0,2,0,0,0,0,0,3,0,0,0,0,0,0,0,0,0,0,0,0,0,0,0,0,0,0,0,0,0,0,0,1,0,0,0,0,0,1,0,0,0,0,0,0,0,0,0,0,0,0,0,0,0,18,0,15,0,13,0,43,0,0,0,0,0,0,0,0,0,0,0,34,1,14,1,27,0,0,0,4,0,25,0,199,174,72,0,64,0,46,0,37,0,86,6,0,0,0,0,0,0,0,0,0,0,0,0,0,0,0,0,0,0,0,0,0,0,0,0,0,0,0,0,0,0,86,100,26,0,10,17,133,31,137,7,24,13,20,7,0,7,3,0,5,0,6,1,0,0,8,0,0,0,0,0,0
0,113,0,0,112,176,0,0,0,9,13,286,323,0,104,10,0,0,361,38,101,54,3,0,0,0,259,141,0,0,20,0,0,0,88,25,25,4,0,0,177,350,37,158,35,51,27,78,0,19,85,152,0,0,0,0,0,1,0,0,0,2,0,0,0,0,0,0,0,0,0,1,0,0,0,0,0,0,0,0,0,0,0,0,0,0,0,2,0,0,0,0,0,0,0,0,0,0,0,0,0,0,0,2,0,0,0,0,0,0,0,0,0,0,0,0,0,0,0,0,0,0,0,0,0,10,0,0,0,0,0,0,0,0,0,0,0,6,0,0,0,0,0,0,0,0,0,0,0,0,0,21,0,19,0,0,0,0,0,0,0,1,0,0,0,1,2,0,3,10,0,0,0,0,0,0,12,253,2,14,0,18,0,2,0,0,16,96,0,0,0,0,0,0,0,0,0,0,0,0,0,0,0,0,0,0,0,0,0,13,0,0,0,0,0,0,0,0,0,169,0,20,0,39,17,122,0,71,0,29,0,0,0,0,0,3,0,0,0,5,0,0,0,0,0,0,0,0,0
16,21,238,29,125,446,0,1,20,0,37,255,34,104,0,448,34,2,271,201,187,120,314,73,76,0,125,68,0,30,169,28,124,107,47,29,225,58,12,2,21,0,7,15,17,8,15,0,2,0,15,7,9,0,83,0,0,0,0,0,0,0,36,0,8,0,1,1,0,0,0,0,0,0,6,0,0,0,0,0,0,0,3,0,178,0,19,0,0,0,0,0,0,0,0,0,216,1,34,0,4,0,0,0,0,0,173,0,0,0,0,0,0,0,0,0,0,0,0,0,0,0,0,0,9,0,0,0,0,1,0,0,12,0,97,0,0,0,0,0,8,0,148,0,1,0,42,0,39,0,43,0,38,0,0,0,4,0,0,0,0,0,0,0,0,0,114,3,24,0,2,0,32,3,0,0,18,44,3,0,3,0,0,0,22,0,0,0,0,0,0,0,0,0,0,0,0,0,0,0,112,0,0,0,0,0,0,0,49,0,0,0,1,0,7,0,1,0,0,14,73,42,4,1,19,14,157,12,62,26,0,0,0,0,5,3,9,4,0,0,13,0,28,0,112,0,0,0,0
39,55,134,225,245,115,0,57,0,3,256,29,63,10,448,0,50,11,20,276,155,267,211,63,0,39,0,227,12,35,52,23,36,44,10,13,34,30,16,3,0,3,0,21,0,40,0,3,0,0,0,21,0,2,0,34,0,0,0,0,1,0,0,27,0,0,0,0,0,0,0,11,0,7,0,0,0,49,0,23,0,97,0,0,0,289,0,77,0,0,0,0,0,0,0,0,0,179,0,114,0,0,0,0,0,30,0,96,0,0,0,0,0,0,0,0,0,0,0,0,0,52,0,13,0,0,0,0,0,0,0,0,0,26,0,88,0,22,0,28,0,43,0,315,0,15,0,3,0,0,0,6,0,18,0,0,0,0,0,0,0,0,0,0,0,0,0,3,0,0,0,0,0,8,0,0,15,45,22,11,0,7,0,4,0,6,3,2,0,0,0,0,0,0,0,0,0,0,0,0,0,0,0,0,0,0,0,10,0,13,0,0,0,0,0,0,0,0,0,0,19,15,0,0,4,0,12,323,12,29,0,83,0,56,0,8,0,5,0,39,0,24,0,25,13,109,0,0,0
42,69,33,0,0,0,45,0,2,8,30,16,0,0,34,50,0,15,62,2,196,0,120,58,68,38,35,3,285,17,108,0,58,0,0,0,4,0,44,0,0,0,13,1,23,0,0,0,1,0,13,0,54,0,24,0,0,0,0,0,28,0,291,0,0,0,0,0,0,0,70,0,0,0,77,0,0,0,0,0,285,0,6,0,416,0,300,0,0,0,201,0,0,0,0,0,477,0,363,0,40,0,0,0,0,0,205,0,0,0,0,0,0,0,0,0,0,0,0,0,112,0,104,0,0,0,0,0,0,0,2,0,0,0,0,0,50,0,76,0,65,0,265,0,18,0,0,0,0,0,3,0,0,0,6,0,0,0,30,0,0,0,0,0,0,0,0,0,0,0,3,0,20,0,0,1,0,0,1,0,0,0,0,0,0,0,0,0,0,0,0,0,0,0,0,0,0,0,0,0,23,0,0,0,0,0,0,0,0,0,0,0,0,0,10,0,0,0,0,0,70,1,0,0,0,0,266,13,42,0,29,0,20,0,5,0,0,0,27,0,21,0,19,0,60,0,0,0,0
70,18,23,5,0,0,45,28,78,1,4,0,0,0,2,11,15,0,0,5,0,68,18,69,82,48,0,0,0,261,0,6,0,45,0,0,0,9,0,137,0,0,0,0,0,0,0,0,0,0,0,0,0,24,0,17,0,18,0,0,9,31,32,89,0,0,0,0,0,0,0,0,0,0,0,0,0,7,0,0,0,47,0,6,0,112,0,20,0,16,0,10,0,0,0,0,0,37,0,38,0,29,0,7,0,0,0,0,0,0,0,0,0,0,0,0,0,0,0,0,0,16,0,5,0,0,0,27,0,24,0,1,0,45,0,38,0,74,0,110,0,59,0,357,0,3,0,1,0,0,0,0,0,0,0,13,0,0,0,15,0,0,0,0,0,1,0,0,0,3,0,0,0,4,0,0,1,1,0,0,0,0,0,8,0,0,0,0,0,0,0,0,0,0,0,0,0,0,0,0,0,5,0,0,0,0,0,2,0,0,0,0,0,0,0,3,0,0,1,1,0,31,0,5,0,6,0,205,0,16,0,0,0,16,0,0,0,0,0,7,0,0,1,0,0,12,0,0,0
31,0,153,0,172,157,0,0,41,0,34,39,48,361,271,20,62,0,0,204,229,79,162,0,41,0,92,373,7,0,47,5,7,11,233,9,43,8,0,0,11,84,55,20,50,16,15,51,2,0,258,47,14,0,35,0,0,0,0,0,0,0,37,0,6,0,0,0,0,0,17,0,4,0,0,0,5,0,0,0,0,0,0,0,120,0,0,0,0,0,0,0,0,0,0,0,193,0,54,0,0,0,0,0,0,0,0,0,0,0,0,0,0,0,0,0,0,0,0,0,6,0,0,0,0,0,0,0,0,0,0,0,0,0,57,0,0,0,0,0,0,0,61,0,14,0,0,0,32,1,40,0,35,0,0,0,0,0,0,0,0,0,0,0,54,2,33,1,43,0,0,0,18,0,8,0,36,109,10,0,0,0,0,0,46,0,11,5,0,0,0,0,0,0,0,0,0,0,0,0,68,0,0,0,13,0,0,0,21,0,0,0,0,0,0,0,0,0,36,59,29,0,0,8,213,30,163,0,53,0,0,0,0,0,0,0,8,0,0,0,0,0,9,0,49,0,0,0,0
3,94,16,93,148,248,0,35,0,6,62,35,265,38,201,276,2,5,204,0,103,221,8,54,0,6,45,320,0,4,56,19,13,6,74,67,20,25,0,0,18,5,6,79,0,61,4,34,0,1,43,155,0,4,0,8,0,0,0,0,0,0,0,13,0,0,0,0,0,0,0,0,0,4,0,5,0,0,0,0,0,68,0,0,0,96,0,0,0,0,0,0,0,0,0,20,0,87,0,60,0,0,0,0,0,0,0,0,0,0,0,0,0,0,0,0,0,0,0,0,0,0,0,17,0,0,0,0,0,0,0,0,0,0,0,61,0,38,0,28,0,17,0,107,0,17,0,0,0,0,0,18,0,54,0,0,0,5,0,0,0,3,0,1,0,6,0,11,0,26,0,0,0,3,0,10,7,28,4,0,0,35,0,4,0,0,1,7,0,0,0,0,0,0,0,3,0,0,0,7,0,0,0,0,0,0,0,0,0,45,0,2,0,0,0,0,0,0,0,64,0,49,0,15,13,131,0,140,0,50,0,40,0,54,0,10,0,5,0,15,0,4,0,9,5,36,0,0,0
13,0,75,7,127,152,0,0,3,0,69,66,23,101,187,155,196,0,229,103,0,72,154,25,0,0,104,92,76,6,75,11,42,26,89,9,11,10,3,0,0,6,41,0,13,0,0,12,0,0,76,5,0,0,5,0,0,0,5,2,0,0,45,0,3,1,0,0,0,0,44,0,0,0,52,0,0,0,0,0,91,0,0,0,73,0,97,0,0,0,71,0,0,0,0,0,135,0,136,0,19,0,0,0,0,0,74,0,0,0,0,0,0,0,0,0,0,0,0,0,22,0,0,0,0,0,0,0,0,0,0,0,0,0,0,0,0,0,0,0,8,0,0,0,15,0,0,0,5,0,0,0,7,0,0,1,0,0,0,0,0,2,3,0,0,0,13,0,7,0,0,0,25,0,0,0,10,15,10,0,0,0,0,0,0,0,0,1,0,0,0,0,0,0,0,0,0,0,0,0,0,0,0,0,0,0,0,0,0,0,0,0,0,0,3,0,0,0,0,27,42,0,0,6,29,0,258,6,35,0,61,0,36,0,5,0,8,4,22,0,24,0,28,0,80,0,0,0,0
0,30,0,74,79,180,0,0,0,0,40,63,53,54,120,267,0,68,79,221,72,0,35,167,0,11,13,181,0,134,22,26,0,16,11,27,0,17,0,8,0,0,0,61,0,102,0,5,0,2,14,93,0,0,0,9,0,11,0,4,0,3,1,25,0,2,0,0,0,0,0,0,0,6,0,0,0,0,0,18,0,155,0,25,0,173,0,68,0,0,0,0,0,0,0,38,0,0,0,119,0,48,0,0,0,0,0,0,0,0,0,0,0,0,0,0,0,0,0,0,0,103,0,89,0,0,0,0,0,0,0,0,0,0,0,0,0,0,0,167,0,432,0,597,0,156,0,0,0,0,0,0,0,0,0,0,0,11,0,2,0,5,0,0,0,0,0,17,0,23,0,0,0,7,0,4,0,47,2,14,0,0,0,0,0,0,0,9,0,0,0,3,0,0,0,0,0,0,0,0,0,3,0,0,0,0,0,0,0,0,0,3,0,0,0,0,0,0,0,65,0,79,0,9,0,93,2,251,0,99,0,97,0,124,0,0,0,9,0,13,0,0,0,14,0,126,0,0,0
57,274,407,105,30,101,14,13,0,1,22,137,0,3,314,211,120,18,162,8,154,35,0,225,62,32,37,0,96,90,18,9,16,48,7,2,7,23,109,31,0,0,5,0,9,0,0,0,0,0,0,0,8,0,126,0,6,0,0,0,0,0,61,1,0,0,0,0,0,0,1,0,0,0,5,0,0,0,0,0,0,0,0,0,247,0,22,0,0,0,79,0,0,0,0,0,256,0,0,0,0,0,0,0,27,0,184,0,0,0,0,0,0,0,0,0,0,0,0,0,7,0,43,0,0,0,13,0,0,0,0,0,12,0,85,0,101,0,0,0,11,0,199,0,0,0,8,0,0,0,20,0,0,0,3,0,0,0,0,0,0,0,2,0,0,0,13,0,0,0,0,0,37,0,0,0,10,10,0,0,0,0,1,0,0,0,0,0,0,0,0,0,0,0,0,0,0,0,0,0,105,0,0,0,0,0,10,0,28,0,0,0,0,0,0,0,0,0,0,0,97,0,0,0,0,0,300,55,43,0,25,0,0,0,0,0,0,0,18,0,15,2,6,0,55,0,0,0,0
246,31,154,94,55,26,17,29,5,0,85,19,3,0,73,63,58,69,0,54,25,167,225,0,79,39,0,45,33,169,4,14,0,15,0,15,6,20,22,21,2,0,0,21,0,25,0,0,0,2,0,7,0,0,0,9,0,0,0,0,0,0,0,20,0,0,0,0,0,0,0,0,0,0,0,0,0,0,0,0,0,98,0,0,0,201,0,49,0,47,0,23,0,0,0,31,0,90,0,87,0,29,0,0,0,0,0,30,0,0,0,0,0,0,0,0,0,0,0,0,0,41,0,12,0,0,0,0,0,5,0,0,0,0,0,49,0,56,0,31,0,57,0,326,0,8,0,0,0,0,0,0,0,0,0,0,0,0,0,0,0,2,0,0,0,0,0,0,0,0,0,0,0,4,0,0,16,37,1,8,0,0,1,0,0,0,0,0,0,0,0,0,0,0,0,0,0,0,0,0,0,3,0,0,0,0,0,0,0,0,0,0,0,0,0,2,0,0,0,0,0,27,0,0,0,0,0,576,0,17,0,15,0,13,0,0,0,2,0,13,0,4,0,0,0,33,0,0,0
4,413,79,14,0,0,180,133,0,118,0,0,0,0,76,0,68,82,41,0,0,0,62,79,0,230,4,0,124,36,3,0,4,0,0,0,0,0,47,37,1,0,0,0,0,0,0,0,1,0,0,0,51,0,398,2,32,0,13,0,75,23,82,10,0,0,0,0,0,0,0,0,0,0,0,0,0,0,0,0,0,0,0,0,152,0,0,0,0,0,57,0,0,0,0,0,180,0,0,0,0,0,0,0,36,1,173,0,0,0,0,0,0,0,0,0,0,0,0,0,0,0,0,0,1,0,19,0,46,0,0,0,23,0,133,0,162,0,30,0,13,0,210,0,0,0,12,0,1,0,26,3,7,0,4,0,0,0,15,0,2,0,0,0,0,0,5,0,0,0,7,0,57,0,0,0,0,18,0,0,0,0,0,0,0,0,0,0,0,0,0,0,0,0,0,0,3,0,0,0,121,0,0,0,0,0,16,0,36,0,1,0,0,0,0,0,0,1,0,0,105,0,0,0,0,0,196,8,75,7,26,3,0,0,2,0,2,0,31,6,14,0,25,0,92,7,0,0,0
228,35,43,5,0,0,148,298,309,17,0,0,0,0,0,39,38,48,0,6,0,11,32,39,230,0,0,0,9,104,0,0,0,0,0,0,0,23,8,88,0,0,0,0,0,0,0,0,0,0,0,0,7,12,50,94,3,38,15,0,23,55,117,69,0,0,20,0,0,0,0,0,0,0,0,0,0,0,0,0,0,0,0,0,0,82,0,0,0,0,0,0,0,0,0,0,0,83,0,11,0,0,0,3,0,15,0,38,0,0,0,0,0,0,0,0,0,0,0,0,0,3,0,0,1,0,0,0,0,29,0,2,0,94,0,137,0,88,0,69,0,28,0,178,0,0,0,0,0,0,0,0,0,0,0,12,0,0,0,2,0,0,0,0,0,0,0,0,0,0,1,3,8,16,0,0,13,0,0,0,0,2,2,5,0,0,1,0,0,0,0,0,0,3,0,0,0,0,0,0,0,0,0,0,0,0,0,9,0,15,0,3,0,0,1,19,0,0,0,4,3,150,0,5,1,0,10,170,0,57,0,23,0,106,0,17,0,2,0,31,0,0,0,9,0,114,0,0,0
25,0,69,0,135,0,0,0,17,0,22,0,78,259,125,0,35,0,92,45,104,13,37,0,4,0,0,478,17,0,45,0,9,0,52,2,27,0,0,0,62,162,129,48,186,16,37,83,23,2,273,58,0,0,0,0,0,0,4,0,3,0,32,0,4,0,1,0,0,0,33,0,0,0,40,0,0,0,0,0,36,0,0,0,0,0,58,0,0,0,0,0,0,0,23,0,0,0,0,0,12,0,0,0,0,0,0,0,0,0,0,0,0,0,0,0,0,0,0,0,0,0,0,0,5,0,0,0,0,0,0,0,0,0,8,0,0,0,0,2,0,0,0,0,26,0,20,0,12,0,0,0,14,0,3,0,6,0,0,0,0,0,0,0,65,0,5,0,0,0,0,0,0,0,0,0,39,62,6,0,14,2,5,0,15,0,20,5,0,0,0,0,0,0,0,0,0,0,0,0,0,0,0,0,0,0,0,0,0,0,0,0,0,0,0,0,0,0,278,47,0,0,9,31,252,0,47,0,16,0,0,0,0,0,0,0,3,0,0,0,0,0,0,0,0,0,0,0,0
0,140,7,33,109,327,0,20,1,18,17,106,419,141,68,227,3,0,373,320,92,181,0,45,0,0,478,0,0,6,34,7,10,0,104,52,0,8,0,0,331,43,83,272,80,134,74,125,3,22,207,271,0,0,0,7,0,3,0,3,0,3,0,0,0,12,0,0,0,0,0,14,0,0,0,0,0,0,0,0,0,74,0,0,0,50,0,41,0,0,0,7,0,0,0,0,0,0,0,0,0,0,0,0,0,0,0,0,0,0,0,0,0,0,0,0,0,0,0,0,0,39,0,0,0,0,0,5,0,0,0,16,0,20,0,47,0,46,0,23,0,0,0,92,0,29,0,0,0,0,0,0,0,49,0,0,0,0,0,3,0,0,0,0,0,7,0,4,0,32,0,0,0,2,0,14,6,71,8,0,0,0,0,0,0,30,18,9,0,0,0,0,0,0,0,0,0,0,0,0,0,0,0,0,0,0,0,16,0,44,0,0,0,0,0,0,0,0,0,630,0,31,5,132,20,239,0,211,0,43,0,34,0,40,0,7,0,6,0,9,0,0,0,0,0,67,0,0,0
106,28,121,9,0,0,26,6,3,0,0,0,0,0,0,12,285,0,7,0,76,0,96,33,124,9,17,0,0,0,54,0,36,0,5,0,5,0,5,0,0,0,10,0,4,0,0,0,0,0,0,0,2,0,2,0,0,0,0,0,8,0,65,0,1,0,0,0,0,0,80,0,7,0,72,0,0,0,0,0,142,0,0,0,30,0,92,0,10,0,36,0,0,0,0,0,49,0,147,0,9,0,0,0,0,0,25,0,0,0,0,0,0,0,0,0,0,0,0,0,42,0,26,0,0,0,0,0,3,0,0,0,1,0,0,0,0,0,41,0,42,0,54,0,65,0,0,0,0,0,0,0,0,0,0,0,5,0,0,0,0,0,0,0,0,0,0,0,0,0,3,0,0,0,0,0,5,0,0,0,0,0,10,0,0,0,0,0,0,0,0,0,0,0,0,0,0,0,0,0,6,0,0,0,0,0,0,0,2,0,0,0,0,0,0,0,0,0,0,0,8,0,0,0,0,0,163,2,7,0,2,0,0,0,0,1,0,0,5,0,7,0,7,0,10,0,0,0,0
62,164,64,149,20,13,0,116,9,0,16,48,0,0,30,35,17,261,0,4,6,134,90,169,36,104,0,6,0,0,0,14,0,40,0,6,0,6,0,40,0,0,0,6,0,0,0,0,0,0,0,0,0,0,0,23,0,4,0,1,1,8,2,29,0,0,0,0,0,1,0,4,0,0,0,1,0,0,0,5,0,33,0,8,0,67,0,0,0,0,0,0,0,0,0,8,0,29,0,28,0,10,0,0,0,0,0,11,0,0,0,0,0,0,0,0,0,0,0,0,0,13,0,8,0,0,0,0,0,12,0,0,0,0,0,28,0,45,0,108,0,122,0,214,0,11,0,0,0,0,0,0,0,0,0,0,0,0,0,5,0,0,0,0,0,0,0,0,0,2,0,0,0,1,0,2,10,40,0,20,0,2,0,24,0,0,0,0,0,0,0,0,0,0,0,0,0,0,0,0,0,0,0,0,0,0,0,0,0,0,0,0,0,0,0,0,0,0,0,0,0,3,0,0,0,0,0,439,0,4,0,0,0,11,0,1,0,0,0,7,0,2,0,0,0,9,0,0,0
7,0,36,0,71,65,0,0,0,0,35,16,16,20,169,52,108,0,47,56,75,22,18,4,3,0,45,34,54,0,0,0,7,2,30,0,16,0,4,0,0,0,34,0,0,0,0,0,0,0,46,0,1,0,0,0,0,0,4,0,5,0,21,0,2,0,0,2,0,0,44,0,0,0,39,0,0,0,0,0,78,0,0,0,25,0,76,0,5,0,24,0,0,0,0,0,38,0,100,0,10,0,0,0,0,0,0,0,0,0,0,0,0,0,0,0,0,0,0,0,18,0,9,0,0,0,0,0,0,0,0,0,0,0,0,0,0,0,5,0,8,0,7,0,27,0,0,0,0,0,0,0,0,0,0,0,3,0,1,0,0,3,0,0,0,0,42,0,0,0,6,0,0,0,0,0,9,9,13,0,8,0,1,0,0,0,0,0,0,0,0,0,0,0,0,0,0,0,0,0,0,0,0,0,0,0,0,0,0,0,0,0,0,0,0,0,0,0,0,7,32,0,0,0,9,0,202,0,29,1,79,0,0,2,5,0,0,0,17,0,14,0,20,0,93,0,0,0,0
0,8,6,46,14,109,0,3,0,0,10,41,0,0,28,23,0,6,5,19,11,26,9,14,0,0,0,7,0,14,0,0,0,0,0,10,0,5,0,2,0,0,0,28,0,1,0,0,0,0,0,12,0,0,0,0,0,0,0,0,0,0,0,0,0,0,0,0,0,0,0,0,0,1,0,0,0,0,0,0,0,0,0,0,0,0,0,0,0,0,0,0,0,0,0,3,0,0,0,0,0,0,0,0,0,0,0,0,0,0,0,0,0,0,0,0,0,0,0,0,0,12,0,13,0,0,0,0,0,0,0,0,0,0,0,0,0,7,0,22,0,49,0,61,0,17,0,0,0,0,0,0,0,4,0,0,0,0,0,1,0,1,0,0,0,0,2,4,0,5,0,0,0,4,0,0,0,20,0,5,0,0,0,0,0,0,0,3,0,0,0,0,0,0,0,0,0,1,0,0,0,0,0,0,0,1,0,0,0,0,0,0,0,0,0,0,0,0,0,6,0,31,0,0,0,10,0,53,0,24,0,19,0,0,0,0,0,0,0,0,0,0,0,0,0,16,0,0,0
16,0,137,0,117,23,1,0,0,0,89,0,13,0,124,36,58,0,7,13,42,0,16,0,4,0,9,10,36,0,7,0,0,0,22,0,82,3,2,0,0,0,20,0,5,0,0,0,0,0,22,0,0,0,3,0,1,0,0,0,4,0,7,0,1,0,0,1,0,0,38,0,0,0,31,0,0,0,0,0,46,0,0,0,17,0,43,0,0,0,8,0,0,0,0,0,0,0,36,0,0,0,0,0,0,0,0,0,0,0,0,0,0,0,0,0,0,0,0,0,17,0,6,0,0,0,0,0,0,0,0,0,0,0,0,0,0,0,5,0,0,0,0,0,19,0,0,0,0,0,0,0,0,0,0,0,2,0,0,0,0,0,11,0,0,0,36,0,6,0,0,0,15,0,3,0,0,3,8,0,6,0,1,0,9,1,0,0,0,0,0,0,0,0,0,0,0,0,0,0,0,0,0,0,0,0,0,0,3,0,0,0,0,0,3,0,0,0,0,3,37,2,0,0,0,1,158,0,20,0,44,0,10,0,0,0,0,0,8,0,0,0,10,0,51,0,0,0,0
8,85,38,217,34,290,0,14,0,0,41,223,7,0,107,44,0,45,11,6,26,16,48,15,0,0,0,0,0,40,2,0,0,0,0,7,0,99,0,0,0,0,0,4,0,0,0,0,0,0,0,0,0,0,0,5,0,0,0,0,0,2,0,0,0,0,0,1,0,0,0,0,0,0,0,0,0,0,0,2,0,0,0,0,0,18,0,0,0,0,0,0,0,0,0,7,0,0,0,16,0,0,0,0,0,0,0,0,0,0,0,0,0,0,0,0,0,0,0,0,0,4,0,11,0,0,0,0,0,0,0,0,0,0,0,15,0,11,0,20,0,36,0,45,0,13,0,1,0,0,0,0,0,0,0,0,0,3,0,1,0,0,0,0,0,0,0,9,0,3,0,2,0,9,0,0,12,91,3,84,0,6,0,0,0,9,0,2,0,0,0,0,0,0,0,0,0,0,0,0,0,0,0,0,0,0,0,0,0,8,1,0,0,0,0,2,0,2,0,3,0,54,0,0,0,6,0,160,0,48,0,13,0,21,0,0,0,0,0,3,0,2,0,0,0,27,0,0,0
4,0,7,0,85,62,0,0,15,1,23,10,91,88,47,10,0,0,233,74,89,11,7,0,0,0,52,104,5,0,30,0,22,0,0,2,110,3,1,0,0,14,8,4,9,0,0,0,0,0,67,4,0,0,0,0,0,0,1,0,5,0,5,0,0,0,0,0,0,0,9,0,0,0,0,0,0,0,0,0,0,0,0,0,0,0,0,0,0,0,0,0,0,0,0,0,0,0,0,0,0,0,0,0,0,0,0,0,0,0,0,0,0,0,0,0,0,0,0,0,0,0,0,0,0,0,0,0,0,0,0,0,0,0,0,0,0,0,0,0,6,0,0,0,0,0,0,0,0,0,0,0,0,0,0,0,0,0,0,0,0,0,0,0,26,0,45,0,38,0,0,0,29,0,0,0,25,27,15,0,0,1,0,0,14,0,9,0,0,0,0,0,0,0,0,0,0,0,0,0,0,0,0,0,0,0,0,0,0,0,0,0,0,0,0,0,0,0,21,27,51,0,0,0,112,0,209,1,46,0,35,0,0,0,0,0,8,3,0,0,4,0,4,0,51,0,0,0,0
0,13,0,3,19,57,0,4,0,0,3,13,0,25,29,13,0,0,9,67,9,27,2,15,0,0,2,52,0,6,0,10,0,7,2,0,4,78,0,0,0,0,1,4,0,8,0,0,0,0,0,15,0,0,0,3,0,0,0,0,0,0,0,3,0,0,0,0,0,0,0,13,0,0,0,0,0,3,0,5,0,54,0,14,0,30,0,21,0,0,0,0,0,0,0,11,0,3,0,31,0,13,0,0,0,0,0,0,0,0,0,0,0,0,0,0,0,0,0,0,0,36,0,26,0,0,0,1,0,0,0,0,0,0,0,0,0,0,0,19,0,71,0,105,0,58,0,0,0,0,0,0,0,0,0,0,0,3,0,0,0,0,0,0,0,6,0,7,0,8,0,0,0,5,0,1,0,19,0,0,0,0,0,0,0,0,0,14,0,0,0,0,0,0,0,0,0,0,0,0,0,0,0,0,0,0,0,0,0,6,0,0,0,3,0,0,0,9,0,45,2,37,0,2,0,51,0,69,0,63,0,19,0,26,0,0,0,0,0,0,0,0,0,0,0,19,0,0,0
32,0,55,7,176,36,2,0,0,0,126,22,56,25,225,34,4,0,43,20,11,0,7,6,0,0,27,0,5,0,16,0,82,0,110,4,0,0,11,0,1,0,46,0,31,0,1,0,0,0,81,0,4,0,2,0,10,0,6,1,38,0,6,0,3,0,3,2,0,0,77,0,10,0,51,0,0,0,0,0,84,0,0,0,0,0,0,0,0,0,0,0,0,0,0,0,0,0,0,0,0,0,0,0,4,0,4,0,0,0,0,0,0,0,0,0,0,0,0,0,37,0,23,0,0,0,0,0,5,0,4,0,0,0,0,0,0,0,41,0,92,0,53,0,118,0,0,0,0,0,10,0,0,0,0,0,53,0,4,0,1,0,51,0,13,0,51,0,22,0,42,0,76,0,0,1,36,17,32,0,16,1,5,0,11,0,0,0,0,0,0,0,0,0,0,0,0,0,0,0,0,0,0,0,0,0,0,0,0,0,0,0,0,0,3,0,2,0,0,0,56,0,0,0,21,0,95,0,72,0,28,0,19,0,4,0,0,1,6,0,6,0,5,0,39,0,0,0,0
19,201,45,99,27,134,0,24,0,0,18,125,0,4,58,30,0,9,8,25,10,17,23,20,0,23,0,8,0,6,0,5,3,99,3,78,0,0,2,13,0,0,0,14,0,18,0,0,0,1,0,28,0,0,0,0,0,2,0,6,0,37,0,5,0,0,0,2,0,0,0,12,0,0,0,9,0,0,0,0,0,47,0,0,0,21,0,32,0,0,0,0,0,3,0,0,0,0,0,25,0,0,0,3,0,0,0,0,0,0,0,0,0,0,0,0,0,0,0,0,0,41,0,42,0,0,0,0,0,0,0,0,0,5,0,0,0,0,0,77,0,135,0,118,0,125,0,0,0,0,0,0,0,0,0,0,0,38,0,0,0,3,0,1,0,2,0,0,0,10,0,10,0,4,0,0,7,67,0,73,0,0,0,21,0,0,0,7,0,0,0,0,0,0,0,0,0,0,0,0,0,0,0,0,0,0,0,0,0,5,0,0,0,0,0,3,0,5,0,12,0,49,0,0,0,33,0,180,0,39,0,10,0,26,0,0,0,2,0,0,0,3,0,0,0,18,0,0,0
244,14,364,0,56,7,17,3,3,1,147,0,1,0,12,16,44,0,0,0,3,0,109,22,47,8,0,0,5,0,4,0,2,0,1,0,11,2,0,0,0,0,2,0,0,0,0,0,0,0,4,0,7,0,0,0,0,0,0,0,16,0,2,0,0,0,0,0,0,0,0,0,0,0,7,0,0,0,0,0,11,0,0,0,0,0,0,0,0,0,0,0,0,0,0,0,0,0,0,0,0,0,0,0,0,0,0,0,0,0,0,0,0,0,0,0,0,0,0,0,0,0,0,0,0,0,0,0,0,0,0,0,0,0,0,0,0,0,47,0,30,0,0,0,44,0,0,0,0,0,4,0,0,0,7,0,60,0,7,0,0,0,4,0,0,0,15,0,0,0,6,0,11,0,0,0,19,4,15,0,0,0,2,0,0,0,0,0,0,0,0,0,0,0,0,0,0,0,0,0,11,0,0,0,0,0,0,0,0,0,0,0,0,0,6,0,0,0,0,0,28,0,0,0,0,0,146,6,25,0,4,0,7,0,3,0,0,0,6,0,6,0,6,0,17,0,0,0,0
38,164,20,23,0,0,0,157,4,10,0,5,0,0,2,3,0,137,0,0,0,8,31,21,37,88,0,0,0,40,0,2,0,0,0,0,0,13,0,0,0,0,0,3,0,4,0,0,0,0,0,0,0,1,0,2,0,0,0,0,0,15,0,10,0,0,0,0,0,0,0,1,0,0,0,0,0,0,0,0,0,0,0,0,0,12,0,0,0,0,0,0,0,0,0,3,0,12,0,0,0,6,0,0,0,1,0,0,0,0,0,0,0,0,0,0,0,0,0,0,0,2,0,0,0,0,0,3,0,0,0,0,0,0,0,8,0,0,0,17,0,22,0,26,0,18,0,0,0,0,0,0,0,0,0,8,0,25,0,0,0,0,0,0,0,0,0,0,0,0,0,0,0,3,0,0,0,34,0,9,0,0,0,44,0,0,0,0,0,0,0,0,0,0,0,0,0,0,0,0,0,0,0,0,0,0,0,0,0,0,0,0,0,0,0,2,0,0,0,0,0,26,0,0,0,2,0,179,0,11,0,9,0,52,0,0,0,0,0,5,0,0,0,0,0,32,0,0,0
46,0,19,0,100,0,0,0,23,0,88,0,191,177,21,0,0,0,11,18,0,0,0,2,1,0,62,331,0,0,0,0,0,0,0,0,1,0,0,0,0,278,49,60,29,31,17,139,107,0,19,33,0,0,0,0,0,0,0,0,0,0,0,0,0,0,0,0,2,1,0,0,0,0,0,0,3,1,0,0,0,0,0,0,0,0,0,0,0,0,0,0,0,1,0,0,0,0,0,0,2,0,4,0,0,0,0,0,0,0,0,0,0,0,0,0,0,0,0,0,0,0,0,0,0,0,0,0,0,0,0,0,0,0,0,0,0,0,0,0,0,0,0,0,0,0,12,0,0,0,16,0,18,0,0,0,0,0,0,0,2,0,0,0,33,0,0,0,0,2,0,0,0,0,16,0,50,86,18,0,22,0,10,0,27,0,33,1,0,0,0,0,0,0,0,0,0,0,0,0,0,0,0,0,0,0,0,0,0,0,0,0,0,0,0,0,0,0,250,43,0,0,62,52,43,4,6,0,0,0,0,0,0,0,0,0,0,0,0,0,0,0,0,0,0,0,0,0,0
0,110,1,0,0,89,0,0,0,13,0,206,69,350,0,3,0,0,84,5,6,0,0,0,0,0,162,43,0,0,0,0,0,0,14,0,0,0,0,0,278,0,18,35,122,32,54,99,19,132,55,8,0,0,0,3,0,0,0,0,0,0,0,0,0,0,0,0,0,0,0,0,0,0,0,0,0,0,0,0,0,0,0,2,0,0,0,0,0,0,0,0,0,0,0,0,0,0,0,0,0,0,0,0,0,0,0,1,0,0,0,0,0,0,0,0,0,0,0,0,0,0,0,0,0,0,0,0,0,0,0,0,0,0,0,0,0,0,0,0,0,0,0,4,0,0,0,0,0,0,0,0,0,10,0,0,0,0,0,0,0,0,0,0,1,0,0,0,0,0,0,0,0,0,0,0,3,145,0,9,0,0,0,0,0,7,42,48,0,0,0,0,0,0,0,0,0,0,0,0,0,0,0,0,0,0,0,0,0,17,0,0,0,0,0,0,0,1,198,139,0,0,18,291,1,0,0,0,0,0,0,0,0,0,0,0,0,0,0,0,0,0,0,0,0,0,0,0,0
3,0,11,0,0,0,0,0,3,0,4,0,60,37,7,0,13,0,55,6,41,0,5,0,0,0,129,83,10,0,34,0,20,0,8,1,46,0,2,0,49,18,0,0,178,4,28,23,4,0,51,7,0,0,0,0,3,0,0,1,5,0,14,0,1,0,1,0,0,0,47,0,9,0,37,0,0,0,0,0,76,0,0,0,0,0,0,0,0,0,0,0,0,0,17,0,0,0,83,0,0,0,0,0,0,0,0,0,0,0,0,0,0,0,0,0,0,0,0,0,0,0,0,0,0,0,0,0,0,0,0,0,0,0,0,0,0,0,10,0,15,0,21,0,40,0,0,0,0,0,0,0,0,0,1,1,0,0,0,0,0,0,13,0,27,0,0,0,4,0,11,0,0,0,0,0,7,6,2,0,7,0,0,0,0,0,41,0,0,0,0,0,0,0,0,0,0,0,0,0,0,0,0,0,0,0,0,0,2,0,0,0,0,0,0,0,0,0,139,17,10,0,9,6,45,1,13,0,14,0,0,0,0,0,0,0,1,0,0,0,4,0,0,0,6,0,0,0,0
0,12,0,0,0,23,0,0,0,0,0,19,20,158,15,21,1,0,20,79,0,61,0,21,0,0,48,272,0,6,0,28,0,4,4,4,0,14,0,3,60,35,0,0,10,77,14,43,0,75,12,59,0,0,0,0,0,0,0,3,0,0,0,0,0,0,0,2,0,0,0,7,0,0,0,5,0,0,0,0,0,0,0,0,0,24,0,0,0,9,0,0,0,0,0,0,0,0,0,0,0,0,0,3,0,0,0,0,0,0,0,0,0,0,0,0,0,0,0,0,0,29,0,24,0,0,0,0,0,0,0,0,0,0,0,0,0,0,0,23,0,0,0,69,0,0,0,0,0,0,0,0,0,0,0,0,0,0,0,0,0,2,0,0,0,4,0,1,0,12,0,0,0,2,0,3,0,39,0,0,0,0,0,0,0,0,3,47,0,0,0,0,0,0,0,0,0,0,0,0,0,0,0,0,0,0,0,0,0,5,0,0,0,0,0,4,0,0,8,186,0,10,0,45,0,83,0,43,0,20,0,0,0,20,0,5,0,0,0,2,0,0,0,0,0,16,0,0,0
9,0,14,0,25,10,0,0,0,0,14,0,54,35,17,0,23,0,50,0,13,0,9,0,0,0,186,80,4,0,0,0,5,0,9,0,31,0,0,0,29,122,178,10,0,17,33,50,60,0,118,6,0,0,0,0,4,1,0,1,0,0,19,0,0,0,0,4,0,0,28,0,3,0,0,0,5,0,0,0,60,0,0,0,0,0,47,0,5,0,0,0,7,0,23,3,0,0,54,0,11,0,0,0,0,0,0,0,0,0,0,0,0,0,0,0,1,0,0,0,0,0,0,0,0,0,0,0,0,0,0,0,0,0,0,0,0,0,0,0,0,0,0,0,0,0,4,0,0,0,0,0,0,0,0,0,0,0,0,0,4,1,0,0,191,0,0,0,21,4,5,0,0,0,0,0,9,17,5,0,11,0,3,0,11,0,17,2,0,0,0,0,0,0,0,0,0,0,0,0,0,0,0,0,0,0,0,0,0,0,0,0,0,0,0,0,0,0,355,12,0,2,128,41,110,0,10,0,5,0,1,0,0,0,0,0,0,0,0,1,0,0,6,0,8,0,0,0,0
0,0,0,5,0,36,0,4,0,0,2,18,12,51,8,40,0,0,16,61,0,102,0,25,0,0,16,134,0,0,0,1,0,0,0,8,0,18,0,4,31,32,4,77,17,0,8,59,2,82,9,46,0,1,0,0,0,0,0,1,0,0,0,0,0,0,0,0,0,6,0,0,0,0,0,0,0,9,0,0,0,0,0,22,0,0,0,0,0,20,0,3,0,6,1,19,0,0,0,0,0,0,0,0,0,0,0,0,0,1,0,0,0,0,0,0,0,0,0,0,0,0,0,38,0,0,0,0,0,0,0,0,0,2,0,0,0,0,0,0,0,58,0,103,0,54,0,0,0,0,0,0,0,0,0,2,0,0,0,0,0,0,0,0,0,14,1,2,0,46,0,0,0,0,0,0,0,20,0,3,0,0,0,0,0,5,1,15,0,0,0,0,0,0,0,0,0,0,0,0,0,0,0,0,0,0,0,1,0,0,0,0,0,2,0,1,0,10,24,368,0,0,0,260,2,45,0,20,1,0,0,0,0,9,0,0,0,0,0,4,0,0,0,3,0,0,0,0,0
15,0,20,0,47,0,0,0,6,0,16,0,60,27,15,0,0,0,15,4,0,0,0,0,0,0,37,74,0,0,0,0,0,0,0,0,1,0,0,0,17,54,28,14,33,8,0,20,22,0,9,8,2,0,0,0,0,0,0,0,0,0,0,0,0,0,0,0,1,0,0,0,0,0,0,0,0,0,0,0,0,0,0,1,0,0,0,0,0,0,0,0,0,2,9,0,0,0,0,0,0,0,0,0,0,0,0,0,0,0,0,0,0,0,0,0,0,0,0,0,0,0,0,0,0,0,0,0,1,0,0,0,0,0,0,0,0,0,0,0,0,0,0,0,0,0,0,0,3,0,0,0,6,0,0,0,0,0,0,0,0,0,0,0,27,1,0,0,8,0,0,0,0,0,0,0,14,13,1,0,0,0,2,0,8,0,0,1,8,0,0,0,0,0,0,0,0,0,0,0,0,0,0,0,0,0,0,0,0,0,0,0,1,0,0,0,0,0,134,8,0,0,40,17,38,1,2,0,0,0,0,2,0,0,0,0,0,0,0,0,0,0,2,0,0,0,0,0,0
0,68,0,0,0,92,0,0,0,9,0,84,50,78,0,3,0,0,51,34,12,5,0,0,0,0,83,125,0,0,0,0,0,0,0,0,0,0,0,0,139,99,23,43,50,59,20,0,6,27,36,16,0,0,0,4,0,0,0,0,0,0,0,0,0,0,0,0,0,0,0,0,0,0,0,0,0,0,0,0,0,0,0,7,0,0,0,0,0,0,0,0,0,0,0,0,0,0,0,0,0,0,0,0,0,0,0,0,0,0,0,0,0,0,0,0,0,0,0,0,0,0,0,0,0,0,0,0,0,0,0,7,0,0,0,0,0,0,0,0,0,0,0,0,0,0,0,0,0,0,0,0,0,0,0,0,0,0,0,0,0,2,0,0,0,7,0,0,0,9,0,0,0,0,0,5,0,34,3,2,0,0,0,0,0,0,15,1,0,0,0,0,0,0,0,0,0,0,0,0,0,0,0,0,0,0,0,0,0,15,0,0,0,0,0,0,0,0,66,288,0,0,8,387,0,5,0,9,0,0,0,0,0,0,0,0,0,0,0,0,0,0,0,0,0,0,0,0,0
5,0,0,0,4,0,2,0,1,1,4,0,44,0,2,0,1,0,2,0,0,0,0,0,1,0,23,3,0,0,0,0,0,0,0,0,0,0,0,0,107,19,4,0,60,2,22,6,0,0,0,0,1,0,0,0,4,0,3,0,0,0,0,0,0,0,0,0,0,0,0,0,0,0,0,0,0,0,0,0,0,0,1,0,0,0,0,0,3,0,0,0,1,0,2,0,0,0,1,0,0,0,0,0,0,0,0,0,0,0,0,0,0,0,0,0,0,0,0,0,1,0,0,0,0,0,0,0,0,0,1,0,0,0,0,0,0,0,0,0,0,0,0,0,0,0,2,0,0,0,0,0,0,0,0,0,0,0,0,0,0,0,0,0,5,0,0,0,0,0,0,0,0,0,0,0,11,2,3,0,2,0,0,0,1,0,64,0,0,0,0,0,0,0,0,0,1,0,2,0,0,0,0,0,0,0,0,0,0,0,0,0,1,0,2,0,0,0,87,0,7,0,76,24,4,0,2,0,12,0,1,0,0,0,1,0,0,0,1,0,1,0,0,0,2,0,0,0,0
0,2,0,0,0,2,0,0,0,1,0,13,0,19,0,0,0,0,0,1,0,2,0,2,0,0,2,22,0,0,0,0,0,0,0,0,0,1,0,0,0,132,0,75,0,82,0,27,0,0,1,13,0,0,0,0,0,0,0,0,0,0,0,0,0,0,0,0,0,6,0,0,0,0,0,0,0,0,0,0,0,3,0,7,0,0,0,0,0,0,0,0,0,0,0,1,0,0,0,1,0,1,0,3,0,0,0,0,0,0,0,0,0,0,0,0,0,0,0,0,0,0,0,3,0,0,0,0,0,0,0,0,0,0,0,0,0,0,0,2,0,0,0,4,0,0,0,0,0,0,0,0,0,2,0,0,0,0,0,0,0,0,0,0,0,0,0,0,0,3,0,0,0,0,0,1,0,56,0,6,0,3,0,1,0,0,0,54,0,0,0,0,0,0,0,0,0,0,0,0,0,0,0,0,0,0,0,0,0,0,0,0,0,0,0,1,0,0,21,8,0,0,5,45,0,0,0,0,0,1,0,1,0,0,0,0,0,0,0,0,0,1,0,0,0,0,0,0,0
0,0,0,0,87,20,0,0,0,0,8,0,207,85,15,0,13,0,258,43,76,14,0,0,0,0,273,207,0,0,46,0,22,0,67,0,81,0,4,0,19,55,51,12,118,9,9,36,0,1,0,10,0,0,0,1,8,0,16,0,3,0,0,0,2,0,2,1,0,0,13,0,5,0,0,0,0,0,0,0,26,0,0,0,0,0,33,0,2,0,0,0,0,0,16,0,0,0,26,0,3,0,0,0,0,0,0,0,0,0,0,0,0,0,0,0,0,0,0,0,0,0,0,0,0,0,0,0,0,0,0,0,1,0,0,0,0,0,3,0,0,0,0,0,10,0,0,0,6,0,0,0,0,0,0,0,0,0,2,0,0,0,9,0,51,1,11,0,36,0,1,0,14,0,0,0,23,19,14,0,0,0,0,0,0,0,27,0,0,0,0,0,0,0,0,0,0,0,0,0,0,0,0,0,0,0,0,0,0,0,0,0,0,0,6,0,0,0,115,38,49,0,7,12,196,0,80,0,36,1,25,0,24,0,3,0,6,0,10,0,1,0,4,0,38,0,0,0,0
0,0,0,0,8,53,0,0,0,1,2,40,26,152,7,21,0,0,47,155,5,93,0,7,0,0,58,271,0,0,0,12,0,0,4,15,0,28,0,0,33,8,7,59,6,46,8,16,0,13,10,0,0,0,0,2,0,1,0,0,0,4,0,0,0,2,0,3,0,0,0,23,0,6,0,6,0,0,0,16,0,49,0,20,0,22,0,38,0,16,0,0,0,0,0,20,0,0,0,37,0,18,0,0,0,0,0,0,0,0,0,0,0,0,0,0,0,0,0,0,0,47,0,29,0,0,0,0,0,0,0,1,0,0,0,0,0,0,0,17,0,25,0,63,0,39,2,0,0,0,0,0,0,0,0,0,0,0,0,0,0,4,0,1,0,2,0,3,0,28,0,1,0,1,0,0,1,19,0,0,0,0,0,3,0,0,3,36,0,0,0,0,0,0,0,0,0,2,0,0,0,0,0,0,0,0,0,0,0,0,0,1,0,2,0,2,0,11,2,55,0,22,0,24,0,65,2,53,0,26,0,19,0,35,0,5,0,0,0,5,0,0,0,1,0,34,0,0,0
3,3,6,0,7,0,26,12,17,80,1,0,0,0,9,0,54,0,14,0,0,0,8,0,51,7,0,0,2,0,1,0,0,0,0,0,4,0,7,0,0,0,0,0,0,0,2,0,1,0,0,0,0,31,104,111,156,27,25,95,23,0,64,31,6,0,1,69,0,0,0,0,0,0,0,0,0,0,0,0,42,0,0,0,91,0,17,0,4,0,0,0,0,0,0,0,82,0,61,0,0,0,0,0,6,0,34,0,0,0,0,0,0,0,0,0,0,0,0,0,22,0,33,0,7,0,16,0,112,0,9,0,9,0,0,0,118,0,211,0,129,0,195,1,56,0,0,0,1,1,0,0,0,0,205,9,58,0,191,1,28,0,10,0,1,0,0,0,11,0,47,0,9,0,1,0,11,0,0,0,4,0,0,0,7,22,0,0,0,0,0,0,0,0,0,0,0,0,0,0,0,0,0,0,0,0,0,0,0,0,0,0,9,0,122,0,0,0,5,0,123,0,14,0,12,0,450,0,128,0,3,0,38,0,8,0,1,0,52,0,5,0,22,0,100,0,0,0,0
0,6,0,0,0,5,0,6,3,11,0,0,0,0,0,2,0,24,0,4,0,0,0,0,0,12,0,0,0,0,0,0,0,0,0,0,0,0,0,1,0,0,0,0,0,1,0,0,0,0,0,0,31,0,18,37,24,38,63,25,0,23,0,21,0,1,22,5,0,0,0,0,0,0,0,0,0,0,0,0,0,4,0,0,0,4,0,0,0,0,0,0,0,0,0,0,0,6,0,0,0,0,0,0,0,0,0,0,0,0,0,0,0,0,0,0,0,0,0,0,0,1,0,0,0,0,0,9,0,39,0,0,0,28,0,15,0,43,0,216,0,61,0,87,0,26,0,0,0,0,0,0,0,0,12,106,0,48,0,82,0,8,0,0,0,1,0,0,0,1,0,6,0,0,0,0,2,23,0,0,0,0,0,3,0,8,0,0,0,0,0,0,0,0,0,0,0,0,0,2,0,0,0,0,0,0,0,0,0,6,0,5,0,1,0,22,0,0,0,1,0,37,0,8,0,1,0,21,1,25,0,0,0,27,0,4,0,0,0,0,0,0,0,0,0,20,0,0,0
3,0,109,0,0,0,99,40,25,304,0,0,0,0,83,0,24,0,35,0,5,0,126,0,398,50,0,0,2,0,0,0,3,0,0,0,2,0,0,0,0,0,0,0,0,0,0,0,0,0,0,0,104,18,0,189,109,0,66,30,21,0,39,100,39,0,45,115,0,0,0,0,0,0,0,0,0,0,0,0,0,0,0,0,50,0,0,0,0,0,0,0,0,0,0,0,64,0,0,0,0,0,0,0,21,0,45,0,0,0,0,0,0,0,0,0,0,0,0,0,0,0,10,0,22,0,24,0,82,0,72,1,45,0,88,0,182,0,17,0,12,0,152,3,0,0,17,0,13,0,7,0,0,0,29,0,0,0,31,0,46,0,0,0,0,0,3,0,10,0,45,0,19,0,0,0,0,3,0,0,0,0,0,1,0,0,0,0,0,0,0,0,0,0,0,0,0,0,6,0,46,0,0,0,0,0,0,0,19,0,0,0,11,0,240,0,0,0,10,0,203,0,25,0,18,0,513,0,142,1,11,0,110,0,15,0,5,0,113,0,23,0,31,0,282,1,0,0,0
0,12,0,52,0,0,25,104,153,49,0,2,0,0,0,34,0,17,0,8,0,9,0,9,2,94,0,7,0,23,0,0,0,5,0,3,0,0,0,2,0,3,0,0,0,0,0,4,0,0,1,2,111,37,189,0,28,62,252,27,6,31,59,181,0,0,160,6,0,0,0,0,0,0,0,0,0,0,0,0,0,1,0,0,0,17,0,0,0,4,0,0,0,0,0,0,0,31,0,0,0,0,0,0,0,0,0,31,0,0,0,0,0,0,0,0,0,0,0,0,0,0,0,0,0,24,0,16,0,66,0,51,0,83,0,63,0,86,0,107,0,11,0,101,0,2,0,4,0,0,0,0,0,0,20,42,4,7,0,11,0,22,0,0,0,0,0,0,0,0,0,22,0,28,2,1,17,9,0,0,0,0,0,1,5,6,0,0,0,2,0,0,0,0,0,0,0,0,1,0,0,0,0,0,0,1,0,15,0,28,0,27,0,5,0,247,0,0,0,9,6,265,0,70,0,32,0,64,9,251,0,0,0,281,0,57,0,0,0,55,0,3,0,2,0,299,0,0,0
0,0,0,0,4,0,10,0,4,0,0,0,0,0,0,0,0,0,0,0,0,0,6,0,32,3,0,0,0,0,0,0,1,0,0,0,10,0,0,0,0,0,3,0,4,0,0,0,4,0,8,0,156,24,109,28,0,0,193,63,5,0,0,20,12,0,17,82,0,0,0,0,0,0,0,0,0,0,0,0,0,0,0,0,0,0,0,0,0,0,0,0,0,0,0,0,0,0,0,0,0,0,0,0,0,0,0,0,0,0,0,0,0,0,0,0,0,0,0,0,0,0,0,0,28,0,27,0,100,0,76,0,34,0,30,0,32,0,6,0,0,0,39,0,0,2,12,0,0,0,16,0,0,0,101,44,22,4,91,18,52,0,0,0,0,0,11,0,16,0,64,0,11,0,0,0,0,0,0,0,0,0,0,0,0,20,0,0,0,0,0,0,0,0,0,0,0,0,11,0,17,0,0,0,0,0,7,0,25,0,10,0,23,0,543,0,0,0,14,0,465,0,76,0,48,0,143,0,381,0,10,0,233,0,95,0,3,1,179,0,31,0,48,0,513,0,0,0,0
0,0,0,5,0,0,0,31,5,4,0,2,0,1,0,0,0,18,0,0,0,11,0,0,0,38,0,3,0,4,0,0,0,0,0,0,0,2,0,0,0,0,0,0,1,0,0,0,0,0,0,1,27,38,0,62,0,0,69,39,0,7,0,23,0,2,66,7,0,0,0,0,0,0,0,0,0,0,0,0,0,0,0,0,0,0,0,2,0,0,0,0,0,0,0,0,0,9,0,0,0,0,0,0,0,0,0,5,0,0,0,0,0,0,0,0,0,0,0,0,0,0,0,0,0,5,0,8,0,114,0,35,0,37,0,26,0,34,2,59,0,8,0,31,0,0,0,0,0,1,0,0,0,1,17,52,9,22,0,63,0,59,0,0,0,2,0,0,0,20,1,88,0,7,0,0,4,0,0,0,0,1,0,1,0,12,0,0,0,0,0,0,0,0,0,0,0,0,0,0,0,0,0,0,0,0,0,3,0,8,0,0,0,13,0,282,0,0,0,13,0,363,0,105,1,23,0,61,0,499,0,1,0,201,0,113,0,1,0,45,0,1,0,10,0,269,0,0,0
3,0,0,0,0,0,25,17,83,108,3,0,0,0,0,0,0,0,0,0,5,0,0,0,13,15,4,0,0,0,4,0,0,0,1,0,6,0,0,0,0,0,0,0,0,0,0,0,3,0,16,0,25,63,66,252,193,69,0,264,7,3,3,102,173,8,141,326,0,0,0,0,0,0,0,0,0,0,0,0,0,0,0,0,0,0,0,0,0,0,0,0,0,0,0,0,0,0,0,0,0,0,0,0,0,0,0,0,0,0,0,0,0,0,0,0,0,0,0,0,0,0,1,0,18,0,12,0,11,0,27,0,10,0,0,0,0,0,0,0,0,0,4,0,0,0,5,0,3,0,9,0,0,0,25,72,43,3,0,15,32,10,0,0,0,0,10,0,8,0,33,0,11,0,2,0,108,32,0,0,9,1,0,0,21,75,0,0,0,0,0,0,0,0,0,0,0,0,0,0,0,0,0,0,0,0,0,0,7,0,0,0,12,0,408,0,0,0,5,0,306,0,43,0,22,0,296,1,175,1,25,0,229,0,76,0,8,0,282,0,71,0,104,0,622,0,0,0,0
0,6,0,3,0,7,0,24,10,16,0,4,0,0,0,0,0,0,0,0,2,4,0,0,0,0,0,3,0,1,0,0,0,0,0,0,1,6,0,0,0,0,1,3,1,1,0,0,0,0,0,0,95,25,30,27,63,39,264,0,4,10,0,22,41,76,344,209,0,0,0,0,0,0,0,0,0,0,0,0,0,0,0,0,0,0,0,0,0,0,0,0,0,1,0,0,0,0,0,0,0,0,0,0,0,0,0,0,0,0,0,0,0,0,0,0,0,0,0,0,0,0,0,0,0,3,0,0,0,3,0,31,0,0,0,0,0,0,0,0,0,0,0,1,8,1,0,0,0,32,0,0,0,0,151,85,53,70,12,5,16,18,0,0,0,0,0,0,0,20,0,40,0,0,0,0,26,30,0,0,0,13,0,0,0,227,0,0,0,0,0,0,0,0,0,0,0,0,0,0,0,0,0,0,0,0,0,0,0,0,0,15,0,5,0,319,0,0,0,24,2,338,0,75,0,34,2,169,0,306,0,4,0,305,0,304,0,0,0,116,0,6,0,25,0,517,0,0,0
132,10,47,0,0,0,97,0,61,14,0,0,0,0,0,1,28,9,0,0,0,0,0,0,75,23,3,0,8,1,5,0,4,0,5,0,38,0,16,0,0,0,5,0,0,0,0,0,0,0,3,0,23,0,21,6,5,0,7,4,0,0,17,0,1,0,6,0,0,0,17,0,0,0,10,0,0,0,0,0,0,0,0,0,0,0,9,0,0,0,0,0,0,0,0,0,0,0,0,0,0,0,0,0,0,0,0,0,0,0,0,0,0,0,0,0,0,0,0,0,13,0,0,0,0,0,0,0,4,0,0,0,0,0,0,0,0,0,87,2,90,0,30,0,214,0,0,0,0,0,1,0,0,0,37,1,119,0,15,0,0,1,7,0,0,0,0,0,0,0,55,0,128,0,6,0,25,2,0,0,0,0,16,0,0,0,0,0,0,0,0,0,0,0,0,0,0,0,0,0,0,0,0,0,0,0,0,0,0,0,0,0,0,0,28,0,0,0,3,0,93,0,7,0,3,0,140,0,54,1,7,0,29,0,0,0,0,0,22,0,20,0,6,0,48,0,0,0,0
16,139,7,3,0,0,16,220,8,172,0,0,0,2,0,0,0,31,0,0,0,3,0,0,23,55,0,3,0,8,0,0,0,2,0,0,0,37,0,15,0,0,0,0,0,0,0,0,0,0,0,4,0,23,0,31,0,7,3,10,0,0,3,87,1,0,0,6,0,0,0,0,0,0,0,0,0,0,0,0,0,0,0,0,0,1,1,1,0,0,0,0,0,0,0,0,0,0,0,0,0,1,0,0,0,0,0,0,0,0,0,0,0,0,0,0,0,0,0,0,0,0,0,8,0,0,0,1,0,0,0,0,0,0,0,0,0,0,0,115,0,131,0,31,0,199,0,0,0,0,0,0,0,0,0,25,0,201,0,23,0,0,0,0,0,0,0,0,0,0,0,40,0,13,0,0,0,75,0,3,0,0,0,43,0,0,0,0,0,0,0,0,0,0,0,0,0,0,0,0,0,0,0,0,0,0,0,0,0,0,0,8,0,0,0,20,0,0,0,3,0,87,0,11,0,5,0,199,0,87,0,0,0,39,0,6,0,0,0,11,0,2,0,3,0,25,0,0,0
107,48,94,0,3,0,416,95,101,146,1,0,0,0,36,0,291,32,37,0,45,1,61,0,82,117,32,0,65,2,21,0,7,0,5,0,6,0,2,0,0,0,14,0,19,0,0,0,0,0,0,0,64,0,39,59,0,0,3,0,17,3,0,19,0,0,0,0,0,0,55,0,0,0,79,0,0,0,0,0,140,0,0,0,87,1,131,0,0,0,0,0,0,0,0,0,57,0,123,0,0,0,0,0,0,0,0,0,0,0,0,0,0,0,0,0,0,0,0,0,78,0,70,0,0,0,0,0,0,0,0,0,0,0,0,0,34,0,173,0,129,0,150,0,78,0,0,0,0,0,0,0,0,0,90,0,60,0,45,0,0,0,8,0,0,0,0,0,0,0,10,0,20,0,9,0,23,6,0,0,3,0,17,0,0,0,0,0,0,0,0,0,0,0,0,0,0,0,0,0,6,0,0,0,0,0,0,0,4,0,0,0,0,0,24,1,0,0,0,0,48,0,4,0,0,0,701,0,21,0,3,0,26,0,4,0,2,0,36,0,14,0,17,0,51,0,0,0,0
0,25,0,0,0,8,19,124,44,203,0,1,0,0,0,27,0,89,0,13,0,25,1,20,10,69,0,0,0,29,0,0,0,0,0,3,0,5,0,10,0,0,0,0,0,0,0,0,0,0,0,0,31,21,100,181,20,23,102,22,0,87,19,0,0,0,23,9,0,0,0,0,0,0,0,0,0,0,0,0,0,0,0,0,0,3,0,0,0,0,0,0,0,0,0,0,0,0,0,5,0,0,0,0,0,0,0,1,0,0,0,0,0,0,0,0,0,0,0,0,0,0,0,0,0,0,0,0,0,20,0,4,0,13,0,0,0,41,0,178,0,91,0,64,0,19,0,0,0,0,0,0,0,0,0,53,0,29,0,15,0,0,0,1,0,0,0,0,0,1,0,7,0,0,0,0,4,87,0,0,0,0,0,44,0,4,0,0,0,0,0,0,0,0,0,0,0,0,0,0,0,0,0,0,0,0,0,0,0,0,0,0,0,2,0,38,0,0,0,0,0,70,0,8,0,4,1,178,0,34,0,0,0,60,0,4,0,1,0,12,0,0,0,0,0,58,0,0,0
9,2,19,0,0,0,19,0,105,2,1,0,8,0,8,0,0,0,6,0,3,0,0,0,0,0,4,0,1,0,2,0,1,0,0,0,3,0,0,0,0,0,1,0,0,0,0,0,0,0,2,0,6,0,39,0,12,0,173,41,1,1,0,0,0,64,100,48,0,0,0,0,0,0,0,0,0,0,0,0,0,0,0,0,0,0,0,0,0,0,0,0,0,0,0,0,0,0,0,0,0,0,0,0,0,0,0,0,0,0,0,0,0,0,0,0,0,0,0,0,0,0,0,0,14,0,5,0,0,0,47,0,0,0,0,0,0,0,5,25,0,0,0,0,38,9,64,0,85,0,0,0,12,0,0,30,5,2,3,34,114,72,0,0,0,0,0,0,0,0,0,0,3,0,18,17,6,0,0,0,150,13,0,0,58,18,0,0,0,0,0,0,0,0,0,0,0,0,0,0,0,0,0,0,0,0,0,0,0,0,0,0,0,0,8,0,0,0,0,1,0,0,0,0,0,0,8,1,0,1,0,0,0,0,67,0,0,0,28,0,4,0,5,0,61,0,0,0,0
0,51,0,3,0,0,0,4,0,180,1,23,0,0,0,0,0,0,0,0,1,2,0,0,0,0,0,12,0,0,0,0,0,0,0,0,0,0,0,0,0,0,0,0,0,0,0,0,0,0,0,2,0,1,0,0,0,2,8,76,0,0,0,0,64,0,9,263,0,0,2,24,0,0,0,0,0,0,0,0,0,0,0,0,0,0,0,5,0,0,0,0,0,0,0,0,0,0,0,0,0,0,0,0,0,0,0,0,0,0,0,0,0,0,0,0,0,0,0,0,0,3,0,0,0,53,0,6,4,1,67,36,0,0,0,1,0,1,51,24,0,3,0,0,57,59,0,67,69,280,0,17,0,38,12,5,11,18,81,2,102,106,0,0,0,0,0,0,0,0,0,0,0,0,0,126,0,0,0,0,3,41,0,12,0,69,0,0,0,0,0,0,0,0,0,0,0,0,0,0,0,0,0,0,0,0,0,0,0,10,0,0,0,0,0,30,0,0,0,4,0,28,0,0,0,3,0,32,0,59,0,1,0,19,0,145,0,1,2,13,0,0,0,0,0,33,0,0,0
6,0,3,0,2,0,11,0,86,98,0,0,0,0,1,0,0,0,0,0,0,0,0,0,0,20,1,0,0,0,0,0,0,0,0,0,3,0,0,0,0,0,1,0,0,0,0,0,0,0,2,0,1,22,45,160,17,66,141,344,6,0,0,23,100,9,0,145,0,0,0,0,0,0,0,0,0,0,0,0,0,0,0,0,0,0,0,0,0,0,0,0,0,0,0,0,0,0,0,0,0,0,0,0,0,0,0,0,0,0,0,0,0,0,0,0,0,0,0,0,0,0,0,0,18,0,4,0,0,0,30,0,0,0,0,0,0,0,0,0,0,0,0,0,1,1,27,0,59,0,6,0,0,0,2,54,2,0,0,10,57,20,0,0,0,0,1,0,0,0,3,0,3,0,0,1,228,13,0,0,39,5,1,0,55,78,0,0,0,0,0,0,0,0,0,0,0,0,0,0,0,0,0,0,0,0,0,0,2,0,1,0,0,0,48,0,0,0,0,0,55,0,0,0,0,0,73,0,12,0,0,0,38,0,21,0,0,0,26,0,8,0,11,0,87,0,0,0,0
0,14,0,0,0,0,0,24,40,83,0,4,0,0,1,0,0,0,0,0,0,0,0,0,0,0,0,0,0,0,2,0,1,1,0,0,2,2,0,0,0,0,0,2,4,0,0,0,0,0,1,3,69,5,115,6,82,7,326,209,0,6,0,9,48,263,145,0,0,0,0,0,0,0,0,0,0,0,0,0,0,0,0,0,0,0,0,0,0,0,0,0,0,0,0,0,0,0,0,0,0,0,0,0,0,0,0,4,0,0,0,0,0,0,0,0,0,0,0,0,0,0,0,0,0,17,0,1,0,0,0,45,0,3,0,5,0,0,7,0,0,0,0,0,26,9,0,14,0,172,0,11,0,12,93,45,26,32,19,7,39,21,0,0,0,0,0,1,0,0,0,0,0,3,1,34,56,246,0,0,9,57,0,5,3,428,0,0,0,0,0,1,0,0,0,0,0,0,0,0,0,0,0,0,0,0,0,0,0,8,0,0,0,0,0,65,0,0,0,0,0,66,0,0,0,0,1,40,0,39,0,1,0,68,0,151,0,2,0,31,0,2,1,7,0,100,0,0,0
0,0,0,0,0,0,0,0,0,0,0,0,0,0,0,0,0,0,0,0,0,0,0,0,0,0,0,0,0,0,0,0,0,0,0,0,0,0,0,0,2,0,0,0,0,0,1,0,0,0,0,0,0,0,0,0,0,0,0,0,0,0,0,0,0,0,0,0,0,0,0,0,0,0,0,0,17,0,6,0,0,0,0,0,0,0,0,0,0,0,0,0,5,0,0,0,0,0,2,0,0,0,53,0,0,0,3,0,19,0,5,0,11,0,1,0,5,0,1,0,0,0,0,0,0,0,0,0,0,0,0,0,0,0,0,0,0,0,0,0,0,0,0,0,0,0,0,0,0,0,0,0,0,0,0,0,0,0,0,0,0,0,0,0,27,0,0,0,50,0,1,0,0,0,0,0,0,0,0,0,0,0,0,0,0,0,0,0,0,0,0,0,0,0,2,0,0,0,0,0,0,0,0,0,5,0,0,0,0,0,4,0,133,0,127,0,50,0,6,0,0,0,51,0,13,0,0,0,36,0,0,0,0,0,0,0,0,0,0,0,6,0,0,0,0,0,0,0,0
0,0,0,0,0,0,0,0,0,0,0,0,0,0,0,0,0,0,0,0,0,0,0,0,0,0,0,0,0,1,0,0,0,0,0,0,0,0,0,0,1,0,0,0,0,6,0,0,0,6,0,0,0,0,0,0,0,0,0,0,0,0,0,0,0,0,0,0,0,0,0,0,0,0,0,0,0,10,0,0,0,0,0,22,0,3,0,5,0,69,0,3,0,25,0,13,0,0,1,0,0,2,0,132,0,4,0,6,0,33,0,4,0,1,0,11,0,5,0,0,0,0,0,0,0,0,0,0,0,0,0,0,0,0,0,0,0,0,0,0,0,0,0,0,0,0,0,0,0,0,0,0,0,0,0,0,0,0,0,0,0,0,0,0,0,13,0,0,0,11,0,0,0,0,2,0,0,0,0,0,0,0,0,0,0,0,0,0,0,0,0,0,0,0,0,4,0,0,0,0,0,0,0,0,0,0,0,0,0,0,0,20,0,289,0,59,0,37,0,18,0,0,0,89,0,24,0,0,0,22,0,0,0,2,0,3,0,0,0,0,0,0,0,1,0,0,0,0,0
0,0,0,0,0,0,0,0,0,0,0,0,0,0,0,0,70,0,17,0,44,0,1,0,0,0,33,0,80,0,44,0,38,0,9,0,77,0,0,0,0,0,47,0,28,0,0,0,0,0,13,0,0,0,0,0,0,0,0,0,17,0,55,0,0,2,0,0,0,0,0,0,223,0,254,0,24,0,156,0,0,0,10,0,0,0,37,0,0,0,0,0,3,0,0,0,0,0,3,0,0,0,0,0,3,0,0,0,0,0,0,0,0,0,0,0,0,0,0,0,59,0,35,0,0,0,15,1,16,0,12,0,0,3,0,0,0,0,7,4,90,0,55,0,165,0,0,0,0,0,21,0,0,0,3,0,16,0,2,0,0,0,136,0,0,0,0,0,20,0,35,0,23,0,6,9,0,0,0,0,5,3,0,0,0,0,0,0,0,0,0,0,0,0,0,0,2,0,8,0,0,0,0,0,0,0,11,0,34,0,0,0,0,0,0,0,2,0,0,0,2,0,11,0,0,0,2,0,27,0,0,0,0,0,1,0,0,0,28,0,10,0,7,0,0,0,0,0,0
0,3,0,0,0,0,0,0,0,0,0,0,0,1,0,11,0,0,0,0,0,0,0,0,0,0,0,14,0,4,0,0,0,0,0,13,0,12,0,1,0,0,0,7,0,0,0,0,0,0,0,23,0,0,0,0,0,0,0,0,0,0,0,0,0,24,0,0,0,0,0,0,0,199,0,118,0,8,0,72,0,4,0,0,0,0,0,28,0,0,0,0,0,0,0,0,0,0,0,0,0,0,0,0,0,0,0,0,0,0,0,0,0,0,0,0,0,0,0,0,0,20,0,141,0,19,0,5,0,0,0,39,0,13,0,0,0,0,0,15,0,45,0,18,0,129,0,23,9,50,0,15,0,13,0,0,0,3,0,0,0,2,0,35,0,0,0,1,0,8,0,4,0,6,0,19,0,5,0,0,0,21,0,0,0,5,0,0,0,0,0,0,0,0,0,1,0,0,0,0,0,0,0,0,0,0,0,11,0,12,0,0,0,0,0,0,1,0,0,0,0,0,0,3,0,0,0,3,0,17,0,0,0,0,0,7,0,0,0,12,0,0,0,0,0,7,0,0,0
