0,115,84,117,64,96,65,11,50,0,63,57,31,0,12,125,46,62,10,0,9,11,51,267,11,49,0,0,52,24,7,0,70,0,0,0,64,0,164,0,12,0,0,0,8,0,0,0,0,0,0,0,0,0,11,0,0,0,12,0,138,0,52,0,8,0,9,0,0,0,0,0,0,0,1,0,0,0,0,0,0,0,0,0,0,0,0,0,0,0,0,0,0,0,0,0,0,0,0,0,0,0,0,0,0,0,0,0,0,0,0,0,0,0,0,0,0,0,0,0,0,0,0,0,0,0,2,0,0,0,11,0,0,0,0,0,1,0,0,0,0,0,0,0,0,0,4,0,23,0,0,0,16,0,0,0,0,0,0,0,7,0,0,0,0,0,34,0,0,0,15,0,170,0,0,0,307,65,0,0,0,0,4,0,72,0,3,0,0,0,2,0,0,0,0,0,0,0,0,0,0,0,0,0,0,0,1,0,0,0,392,263,201,136,238,0,5,0,0,4,0,0,0,0,0
115,0,215,67,0,211,208,114,146,36,0,260,0,96,0,19,93,0,0,74,0,10,199,0,414,24,0,99,0,167,0,14,0,0,0,0,0,183,0,240,0,0,0,0,0,28,0,0,0,0,0,7,34,1,111,30,0,0,0,8,0,46,61,0,0,76,0,0,0,0,0,0,0,1,0,0,0,0,0,0,0,0,0,0,0,0,0,3,0,0,0,0,0,0,0,0,0,0,0,0,0,1,0,0,0,0,0,0,0,0,0,0,0,0,0,0,0,0,0,0,0,0,0,0,0,0,0,0,0,0,0,8,0,0,0,13,0,21,0,0,0,0,0,0,0,0,0,0,0,33,0,101,0,62,0,2,0,0,0,0,0,0,0,0,0,22,0,43,0,101,0,0,0,181,0,8,157,486,0,2,0,14,15,3,0,60,0,0,0,0,0,0,0,0,0,0,0,0,0,0,0,0,0,0,0,0,0,0,0,36,0,9,0,0,364,0,0,0,837,385,296,0,6,0,0
84,215,0,161,267,252,138,0,18,0,99,144,146,0,130,253,36,0,85,0,14,0,435,375,101,57,75,0,288,31,44,0,228,0,0,0,88,0,404,14,0,0,0,0,22,0,0,0,13,0,8,0,0,0,74,0,0,0,0,0,123,0,60,0,0,0,0,0,0,0,2,0,0,0,0,0,0,0,0,0,0,0,0,0,0,0,0,0,0,0,0,0,0,0,0,0,0,0,0,0,0,0,0,0,26,0,0,0,0,0,0,0,0,0,0,0,0,0,0,0,0,0,0,0,9,0,0,0,0,0,26,0,0,0,84,0,28,0,0,0,0,0,64,0,0,0,0,0,13,0,0,0,0,0,0,0,0,0,0,0,4,0,0,0,0,0,114,0,0,0,29,0,340,0,0,0,269,83,0,0,0,0,2,0,4,0,1,0,0,0,7,0,0,0,0,0,3,0,0,0,0,0,0,0,0,0,11,0,24,0,611,147,413,342,492,0,4,0,14,0,0,0,0,0,0
117,67,161,0,0,175,0,34,0,6,0,24,0,32,0,158,72,22,0,119,2,27,148,126,169,89,0,66,18,256,0,47,0,238,0,0,0,120,0,152,0,0,0,0,0,0,0,11,0,0,0,0,0,0,12,70,0,0,0,0,0,0,21,0,0,0,0,0,0,0,0,0,0,0,0,0,0,0,0,0,0,0,0,0,0,0,0,0,0,0,0,0,0,0,0,0,0,0,0,0,0,0,0,0,0,0,0,0,0,0,0,0,0,0,0,0,0,0,0,0,0,0,0,0,0,0,0,0,0,1,0,2,0,0,0,100,0,70,0,0,0,7,0,0,0,0,0,0,0,0,0,0,0,0,0,0,0,0,0,0,0,0,0,0,0,15,0,112,0,40,0,0,0,68,0,0,42,64,0,0,0,0,13,0,0,0,0,0,0,0,0,0,0,0,0,0,0,0,0,0,0,51,0,0,0,0,0,0,0,29,0,0,0,0,166,0,0,0,360,96,283,0,0,0,0
64,0,267,0,0,266,27,0,17,0,91,196,404,272,386,261,0,0,100,407,88,195,215,0,15,0,140,0,0,0,105,0,226,0,112,0,435,0,9,0,49,0,0,0,14,0,27,0,10,0,164,0,0,0,0,0,0,0,0,0,0,0,2,0,0,0,0,0,0,0,3,0,0,0,0,0,0,0,0,0,0,0,0,0,0,0,0,0,0,0,0,0,0,0,0,0,0,0,0,0,0,0,0,0,0,0,0,0,0,0,0,0,0,0,0,0,0,0,0,0,0,1,0,0,0,0,0,0,0,0,4,0,0,0,0,0,0,0,0,0,0,0,0,0,0,0,5,0,20,0,0,0,0,0,0,0,0,0,0,0,0,0,5,0,62,0,279,0,125,0,0,0,95,0,0,0,246,77,38,0,0,0,0,0,85,0,0,2,0,0,2,0,0,0,0,0,0,0,0,0,0,0,0,0,0,0,0,0,0,0,413,302,533,213,242,0,0,0,0,0,0,0,0,0,0
96,211,252,175,266,0,0,38,0,7,120,263,39,145,252,245,71,0,0,260,109,85,383,81,0,16,0,168,0,0,14,195,0,145,0,213,0,112,0,0,0,52,0,0,0,11,0,56,1,0,0,59,0,0,0,31,0,0,0,0,0,0,0,0,0,14,0,0,0,0,0,0,0,0,0,0,0,0,0,0,0,0,0,0,0,0,0,0,0,0,0,0,0,0,0,0,0,0,0,0,0,0,0,0,0,0,0,0,0,0,0,0,0,0,0,0,0,0,0,0,0,0,0,0,0,0,0,0,0,0,0,0,0,0,0,109,0,85,0,0,0,0,0,0,0,0,0,2,0,0,0,0,0,0,0,0,0,0,0,0,0,0,0,0,0,57,0,314,0,68,0,0,0,26,0,0,131,539,30,12,0,1,10,1,0,0,0,2,0,0,0,0,0,0,0,0,0,0,0,0,0,0,0,0,0,0,0,0,0,42,0,0,0,0,147,0,0,0,505,277,489,0,0,0,0
65,208,138,0,27,0,0,0,166,82,32,0,0,0,5,0,10,77,0,0,0,0,8,0,288,274,0,0,47,0,0,0,1,15,0,0,0,0,42,0,0,0,0,0,0,0,0,0,27,0,0,0,39,0,243,0,8,0,13,0,377,0,322,34,39,0,36,0,0,0,0,0,0,0,0,0,0,0,0,0,0,0,0,0,7,0,0,0,0,0,0,0,0,0,0,0,3,0,0,0,0,0,0,0,0,0,0,0,0,0,0,0,0,0,0,0,0,0,0,0,0,0,0,0,36,0,0,0,0,0,138,0,10,0,2,0,2,0,0,0,0,0,0,0,0,0,0,0,53,0,5,0,0,0,0,0,2,0,0,0,15,0,0,0,0,0,0,0,78,0,274,0,270,15,0,0,120,56,0,0,0,0,0,0,0,0,0,0,0,0,3,0,0,0,0,0,1,0,0,0,0,0,0,0,0,0,1,0,8,0,1027,203,378,613,817,0,32,0,12,0,0,0,0,0,0
11,114,0,34,0,38,0,0,168,60,0,36,0,23,0,20,0,13,0,32,0,0,0,5,0,148,0,34,0,122,0,0,0,0,0,0,0,0,0,426,0,0,0,0,0,3,0,0,0,16,0,0,65,29,162,516,0,26,0,22,0,228,69,142,0,7,38,14,0,0,0,0,0,0,0,0,0,2,0,0,0,0,0,0,0,0,0,0,0,0,0,0,0,0,0,0,0,0,0,0,0,0,0,0,0,0,0,0,0,0,0,0,0,0,0,0,0,0,0,0,0,0,0,0,0,0,0,0,0,0,0,17,0,0,0,13,0,0,0,5,0,0,0,9,0,0,0,0,0,2,0,0,0,0,0,0,0,0,0,0,0,4,0,0,0,0,0,0,0,142,0,0,0,260,0,0,39,50,0,0,0,1,0,0,11,0,0,0,0,5,0,0,0,0,0,0,0,0,0,0,0,0,0,0,0,0,0,0,0,0,0,0,0,0,653,0,0,0,783,166,341,362,2,0,0
50,146,18,0,17,0,166,168,0,205,28,0,20,0,0,0,25,73,0,0,0,0,0,19,34,355,0,0,0,2,0,0,1,7,0,0,0,15,35,23,0,0,0,0,10,0,0,0,5,0,0,0,59,0,94,128,4,0,84,0,253,0,228,38,138,0,43,0,0,0,0,0,0,0,0,0,0,0,0,0,3,0,0,0,0,0,0,0,0,0,0,0,0,0,0,0,0,0,6,0,0,0,0,0,0,0,0,0,0,0,0,0,0,0,0,0,0,0,0,0,0,0,3,0,0,0,13,0,0,0,88,0,0,0,0,0,0,0,0,0,0,0,0,0,0,0,4,0,92,0,6,0,0,0,0,0,1,0,5,0,19,0,0,1,5,0,0,0,30,0,139,0,89,0,8,0,311,58,8,0,0,0,0,0,353,0,0,0,0,0,0,0,0,0,0,0,0,0,0,0,0,0,0,0,0,0,0,0,9,0,451,156,149,0,228,0,10,6,0,3,0,0,0,0,0
0,36,0,6,0,7,82,60,205,0,0,29,0,4,0,3,0,0,0,18,0,0,0,0,0,11,0,0,0,0,0,0,0,0,0,0,0,0,0,109,0,0,0,0,0,0,0,0,0,9,0,0,195,56,373,91,0,58,211,162,13,354,35,264,0,195,140,49,0,0,0,0,0,0,0,0,0,0,0,0,0,0,0,0,0,0,0,2,0,0,0,0,0,0,0,0,0,0,0,0,0,0,0,0,0,0,0,0,0,0,0,0,0,0,0,0,0,0,0,0,0,0,0,0,0,16,0,0,0,4,0,110,0,0,0,4,0,0,0,0,0,0,0,0,0,0,0,5,0,39,0,56,0,20,13,3,0,0,0,4,0,29,0,8,0,28,0,0,3,144,0,55,0,185,0,0,48,197,0,0,0,0,0,5,18,42,0,0,0,0,0,0,0,0,0,0,0,0,0,9,0,0,0,0,0,0,0,0,0,16,3,6,13,0,524,0,0,0,737,162,204,0,8,6,0
63,0,99,0,91,120,32,0,28,0,0,59,112,65,58,155,2,0,11,159,44,86,52,61,0,0,25,0,3,0,38,0,152,0,0,0,187,9,0,0,21,0,0,0,0,0,0,0,4,0,0,0,0,0,12,0,0,0,11,0,0,0,0,0,5,0,0,0,0,0,0,0,0,0,0,0,0,0,0,0,0,0,0,0,0,0,0,0,0,0,0,0,0,0,0,0,0,0,1,0,2,0,0,0,0,0,0,0,0,0,0,0,0,0,0,0,0,0,0,0,0,0,0,0,0,0,0,0,0,0,16,0,0,0,0,0,0,0,0,0,0,0,0,0,0,0,0,0,22,0,0,0,0,0,0,0,0,0,0,0,10,0,0,0,0,0,87,0,69,0,0,0,40,0,19,0,223,34,106,0,0,0,45,0,89,0,12,0,0,0,0,0,0,0,0,0,1,0,0,0,0,0,0,0,0,0,0,0,0,0,211,158,161,84,104,2,1,0,0,0,0,0,0,0,0
57,260,144,24,196,263,0,36,0,29,59,0,0,305,230,19,60,0,0,91,76,15,214,4,24,0,0,204,0,16,0,42,0,76,0,67,0,45,5,0,0,116,0,0,0,28,0,86,0,33,0,0,0,0,0,4,0,0,0,0,0,0,0,0,0,33,0,0,0,0,0,0,0,0,0,0,0,0,0,0,0,0,0,0,0,0,0,0,0,0,0,0,0,0,0,0,0,0,0,0,0,0,0,0,0,0,0,0,0,0,0,0,0,0,0,0,0,0,0,1,0,0,0,0,0,0,0,6,0,0,0,0,0,0,0,14,0,0,0,0,0,0,0,0,0,0,0,0,0,16,0,72,0,74,0,0,0,1,0,0,0,0,0,0,0,0,4,88,0,0,0,0,0,0,0,0,106,483,11,28,0,38,0,14,0,27,0,0,0,0,0,0,0,0,0,0,0,0,0,0,0,6,0,0,0,0,0,0,0,27,0,0,0,0,92,0,0,0,445,320,176,0,4,0,0
31,0,146,0,404,39,0,0,20,0,112,0,0,406,92,0,0,0,83,334,37,98,0,0,7,0,183,593,0,0,0,0,0,0,118,45,40,0,0,0,189,138,88,103,86,146,94,324,27,79,367,59,0,0,0,0,0,0,6,0,0,0,0,0,9,0,0,0,0,0,0,0,0,0,0,0,0,0,0,0,0,0,0,0,0,0,0,0,0,0,0,0,0,0,0,0,0,0,0,0,0,0,0,0,0,0,0,0,0,0,0,0,0,0,0,0,0,0,0,0,0,0,0,0,2,0,0,0,0,0,0,0,0,0,0,0,0,0,0,0,0,0,0,0,0,0,0,0,33,0,0,0,0,0,0,0,0,0,0,0,0,0,0,0,96,0,28,0,0,0,0,0,0,0,0,0,205,104,129,0,53,0,24,0,110,0,88,18,0,0,0,0,0,0,0,0,0,0,0,0,0,0,0,0,0,0,0,0,0,0,65,165,175,45,31,0,2,0,0,0,0,0,0,0,0
0,96,0,32,272,145,0,23,0,4,65,305,406,0,258,0,0,0,505,91,134,19,0,0,0,0,138,163,0,0,0,0,0,0,0,24,0,14,0,0,33,182,36,145,12,59,0,151,0,82,0,307,0,0,0,9,0,0,0,0,0,0,0,0,0,0,0,0,0,0,0,0,0,0,0,0,0,0,0,0,0,0,0,0,0,0,0,0,0,0,0,0,0,0,0,0,0,0,0,0,0,0,0,0,0,0,0,0,0,0,0,0,0,0,0,0,0,0,0,0,0,0,0,0,0,0,0,0,0,0,0,0,0,0,0,0,0,0,0,1,0,0,0,0,0,0,0,0,0,0,0,0,0,0,0,0,0,0,0,0,0,0,0,0,0,111,0,34,0,24,0,3,0,0,0,3,52,489,58,7,0,5,0,3,0,0,0,65,0,0,0,0,0,0,0,0,0,0,0,0,0,0,0,0,0,0,0,0,0,0,0,0,0,0,23,0,0,0,83,418,281,0,0,0,0
12,0,130,0,386,252,5,0,0,0,58,230,92,258,0,266,18,0,284,366,71,212,209,81,19,0,174,59,0,0,70,0,61,0,81,64,151,23,0,0,20,2,0,0,28,5,9,6,5,0,50,13,0,0,30,0,0,0,0,0,3,0,0,0,5,0,0,0,0,0,0,0,0,0,0,0,0,0,0,0,0,1,0,0,0,0,0,0,0,0,0,0,0,0,0,0,0,0,0,0,0,0,0,0,0,0,0,0,0,0,0,0,0,0,0,0,0,0,0,0,2,0,0,0,0,0,0,0,0,0,0,0,0,0,122,0,0,0,0,0,0,0,104,0,0,0,6,0,47,0,0,0,0,0,0,0,0,0,0,0,0,0,0,0,11,0,36,0,0,0,0,0,0,0,0,0,110,32,26,1,0,0,3,0,43,0,0,0,0,0,15,0,0,0,0,0,0,0,0,0,0,0,0,0,0,0,0,0,0,0,56,227,56,10,25,0,0,0,0,0,0,0,0,0,0
125,19,253,158,261,245,0,20,0,3,155,19,0,0,266,0,93,78,0,239,136,85,390,120,0,114,0,87,0,14,19,93,42,19,0,55,0,26,13,0,0,0,0,0,0,0,0,4,0,0,0,0,0,0,0,97,0,0,0,0,0,0,0,14,0,0,0,0,0,0,0,0,0,0,0,0,0,0,0,0,0,0,0,0,0,125,0,0,0,0,0,58,0,0,0,0,0,0,0,0,0,0,0,0,0,0,0,0,0,0,0,0,0,0,0,0,0,0,0,0,0,0,0,13,0,0,0,0,0,0,0,0,0,0,0,341,0,125,0,31,0,0,0,0,0,0,0,0,0,0,0,0,0,0,0,7,0,0,0,0,0,0,0,0,0,12,0,33,0,0,0,0,0,11,0,0,78,137,19,0,0,0,15,0,0,0,0,0,0,0,0,0,0,0,0,0,0,0,0,0,0,190,0,0,0,0,0,0,0,70,0,0,0,0,0,0,0,0,60,228,56,0,0,0,0
46,93,36,72,0,71,10,0,25,0,2,60,0,0,18,93,0,42,101,0,297,0,132,168,126,73,96,0,268,23,68,24,207,38,17,0,18,21,239,11,0,0,4,0,72,0,0,0,8,0,0,0,78,0,8,0,0,0,0,0,25,0,366,0,0,0,0,0,0,0,15,0,0,0,20,0,0,0,0,0,0,0,0,0,228,0,0,0,0,0,152,0,0,0,0,0,339,0,0,0,0,0,0,0,0,0,0,0,0,0,0,0,0,0,0,0,0,0,0,0,36,0,206,0,0,0,1,0,0,0,0,0,0,0,0,0,167,0,166,0,355,0,530,0,0,0,0,0,0,0,0,0,0,0,21,0,0,0,24,0,4,0,0,0,0,2,16,0,27,0,9,0,37,0,0,0,78,15,2,0,0,0,10,0,0,0,0,0,0,0,0,0,0,0,0,0,0,0,0,0,193,0,0,0,0,0,0,0,11,0,27,71,68,0,24,0,0,3,3,0,0,0,0,0,0
62,0,0,22,0,0,77,13,73,0,0,0,0,0,0,78,42,0,0,100,0,80,57,274,164,111,0,0,5,211,0,30,0,113,0,0,0,19,0,199,0,0,0,0,0,0,0,0,0,0,0,0,21,46,50,30,0,5,0,1,13,7,44,193,0,0,0,0,0,0,0,0,0,0,0,5,0,0,0,0,0,0,0,0,0,227,0,19,0,0,0,49,0,0,0,0,0,0,0,169,0,0,0,0,0,0,0,0,0,0,0,0,0,0,0,0,0,0,0,0,0,0,0,22,0,0,0,5,0,49,0,0,0,0,0,233,0,0,0,69,0,125,0,420,0,0,0,0,0,0,0,0,0,0,0,7,0,0,0,8,0,1,0,0,0,0,0,0,0,13,0,0,0,11,0,0,22,11,0,0,0,0,7,0,0,0,0,0,0,0,0,0,0,0,0,0,0,0,0,0,0,84,0,0,0,0,0,0,0,9,0,3,0,0,34,0,0,0,0,94,32,8,0,0,0
10,0,85,0,100,0,0,0,0,0,11,0,83,505,284,0,101,0,0,293,145,47,319,0,33,0,84,527,4,0,0,0,6,0,139,0,58,0,2,0,33,126,50,0,15,86,6,206,7,20,357,90,0,0,0,0,0,0,0,0,0,0,10,0,7,0,0,0,0,0,18,0,0,0,0,0,0,0,0,0,0,0,0,0,0,0,0,0,0,0,0,0,0,0,0,0,0,0,0,0,0,0,0,0,0,0,0,0,0,0,0,0,0,0,0,0,0,0,0,0,0,0,0,0,0,0,0,0,0,0,0,0,0,0,0,0,0,0,0,0,14,0,0,0,0,0,0,0,37,0,0,0,0,0,0,0,0,0,0,0,0,0,0,0,84,0,17,0,0,0,0,0,0,0,0,0,18,28,42,0,49,0,10,0,91,0,21,30,0,0,0,0,0,0,0,0,0,0,0,0,0,0,0,0,0,0,0,0,0,0,69,215,173,36,0,0,0,0,0,0,0,0,0,0,0
0,74,0,119,407,260,0,32,0,18,159,91,334,91,366,239,0,100,293,0,145,119,0,175,2,41,0,253,0,76,10,56,0,13,0,173,40,41,0,0,0,4,0,79,0,39,0,60,0,28,0,247,0,11,0,49,0,0,0,0,0,0,0,37,0,45,0,0,0,0,0,0,0,0,0,6,0,0,0,0,0,0,0,0,0,141,0,0,0,0,0,0,0,0,0,0,0,0,0,119,0,0,0,0,0,0,0,0,0,0,0,0,0,0,0,0,0,0,0,0,0,0,0,25,0,0,0,0,0,0,0,3,0,0,0,218,0,161,0,0,0,87,0,0,0,0,0,0,0,0,0,69,0,0,0,0,0,0,0,0,0,0,0,0,0,80,0,29,0,20,0,2,0,0,0,0,31,114,57,0,0,7,0,4,0,21,0,4,0,0,0,0,0,0,0,0,0,0,0,22,0,104,0,0,0,0,0,0,0,89,0,0,0,0,21,0,0,0,75,236,164,0,0,0,0
9,0,14,2,88,109,0,0,0,0,44,76,37,134,71,136,297,0,145,145,0,106,195,63,43,0,169,0,25,0,105,0,112,8,152,29,64,8,13,0,0,0,20,0,31,0,0,0,4,5,96,17,18,0,0,0,6,0,0,0,0,0,106,0,0,0,0,0,0,0,119,0,0,0,114,0,0,0,0,0,0,0,0,0,252,0,0,0,0,0,0,0,0,0,0,0,405,0,0,0,0,0,0,0,0,0,0,0,0,0,0,0,0,0,0,0,0,0,0,0,152,0,226,0,0,0,0,0,11,0,0,0,0,0,0,0,33,0,112,0,353,0,289,0,0,0,0,0,2,0,0,0,0,0,8,0,0,0,0,0,0,1,0,0,74,0,119,0,0,0,0,0,44,0,0,0,43,8,27,0,0,0,0,0,0,0,0,2,0,0,0,0,0,0,0,0,0,0,0,0,0,0,0,0,0,0,0,0,0,0,256,442,221,141,146,0,0,0,0,0,0,0,0,0,0
11,10,0,27,195,85,0,0,0,0,86,15,98,19,212,85,0,80,47,119,106,0,59,146,0,23,15,141,1,135,0,56,0,37,0,90,28,28,0,12,0,0,0,18,0,25,0,0,0,11,13,38,0,5,0,6,0,0,0,0,0,5,0,60,0,0,0,0,0,0,0,4,0,0,0,0,0,0,0,0,0,0,0,0,0,100,0,0,0,0,0,0,0,0,0,0,0,0,0,0,0,0,0,0,0,0,0,0,0,0,0,0,0,0,0,0,0,0,0,0,0,0,0,17,0,0,0,1,0,20,0,0,0,0,0,86,0,0,0,170,0,215,0,263,0,52,0,0,0,0,0,0,0,0,0,10,0,0,0,0,0,0,0,0,0,32,0,43,0,0,0,0,0,0,0,0,14,19,21,1,0,0,0,0,0,0,0,0,0,0,0,0,0,0,0,0,0,0,0,0,0,21,0,0,0,0,0,0,0,0,0,0,0,0,22,0,0,0,108,344,98,19,0,0,0
51,199,435,148,215,383,8,0,0,0,52,214,0,0,209,390,132,57,319,0,195,59,0,614,149,26,238,0,124,0,67,76,69,91,0,0,15,45,56,9,10,0,3,0,150,0,31,0,29,0,6,0,0,0,112,0,0,0,9,0,0,0,66,0,0,0,0,0,0,0,0,0,0,0,0,0,0,0,0,0,0,0,0,0,162,0,0,0,0,0,0,0,0,0,0,0,199,0,0,0,0,0,0,0,289,0,232,0,0,0,0,0,0,0,0,0,0,0,0,0,0,0,0,0,0,0,0,0,0,0,0,0,0,0,257,0,121,0,0,0,0,0,495,0,0,0,0,0,0,0,0,0,0,0,12,0,0,0,0,0,0,0,0,0,0,0,31,4,0,0,11,0,34,0,0,0,156,59,10,0,0,0,13,0,0,0,1,0,0,0,0,0,0,0,0,0,0,0,0,0,277,0,0,0,0,0,0,0,75,0,40,115,117,0,0,0,0,0,17,0,0,0,0,0,0
267,0,375,126,0,81,0,5,19,0,61,4,0,0,81,120,168,274,0,175,63,146,614,0,214,76,0,92,35,137,12,74,0,68,0,25,0,37,43,22,0,0,0,0,0,0,1,0,0,6,0,0,0,0,0,34,0,0,0,0,0,0,0,67,0,0,0,0,0,1,0,0,0,0,0,6,0,0,0,0,0,0,0,0,0,85,0,17,0,0,0,25,0,0,0,0,0,0,0,115,0,33,0,0,0,0,0,0,0,0,0,0,0,0,0,0,0,0,0,0,0,15,0,22,0,0,0,0,0,0,0,0,0,0,0,111,0,0,0,10,0,35,0,94,0,7,0,0,0,1,0,4,0,0,0,1,0,0,0,0,0,0,0,3,0,4,0,47,0,0,0,0,0,19,0,0,68,57,4,0,0,0,34,0,0,0,0,0,0,0,0,0,0,0,0,0,0,0,0,0,0,47,0,0,0,0,0,0,0,0,0,0,0,0,33,0,0,0,82,567,88,0,0,0,0
11,414,101,169,15,0,288,0,34,0,0,24,7,0,19,0,126,164,33,2,43,0,149,214,0,305,27,0,175,13,0,2,0,38,0,0,3,0,119,40,8,0,0,0,3,0,4,0,6,0,0,0,39,2,191,0,20,0,16,0,48,0,165,0,0,0,0,0,0,0,0,0,0,0,0,0,0,0,0,0,0,0,0,0,0,0,0,0,0,0,0,0,0,0,0,0,0,0,0,0,0,0,0,0,175,0,130,0,0,0,0,0,0,0,0,0,0,0,0,0,0,0,0,0,0,0,8,0,0,0,4,0,0,0,187,0,177,0,0,0,70,0,459,0,0,0,0,0,4,0,0,0,0,0,71,0,0,0,18,0,27,0,0,1,0,0,0,0,0,0,61,0,35,0,0,0,86,35,0,0,0,0,0,0,0,0,0,0,0,0,0,0,0,0,0,0,0,0,17,0,133,0,0,0,0,0,5,0,44,0,121,101,141,0,172,0,18,0,12,8,0,0,0,0,0
49,24,57,89,0,16,274,148,355,11,0,0,0,0,0,114,73,111,0,41,0,23,26,76,305,0,0,0,0,144,0,0,0,28,0,0,0,16,0,147,0,0,0,0,0,0,0,0,0,0,0,0,126,13,308,371,0,48,0,22,0,23,151,79,0,0,0,0,0,0,0,0,0,0,0,0,0,0,0,0,0,0,0,0,0,54,0,0,0,0,0,0,0,0,0,0,0,0,0,0,0,0,0,0,0,0,0,0,0,0,0,0,0,0,0,0,0,0,0,0,0,0,0,0,0,1,0,0,0,17,0,0,0,0,0,309,2,108,0,57,0,42,0,272,0,0,0,0,0,0,0,0,0,0,0,20,0,0,0,6,0,3,0,0,0,6,0,0,0,0,0,0,0,46,0,0,69,55,0,1,0,0,8,0,0,0,0,0,0,0,0,0,0,0,0,0,0,0,0,0,0,147,0,0,0,0,0,0,0,0,0,0,13,0,69,0,0,0,85,361,91,44,0,0,0
0,0,75,0,140,0,0,0,0,0,25,0,183,138,174,0,96,0,84,0,169,15,238,0,27,0,0,289,25,0,44,0,33,0,30,0,56,0,13,0,28,198,111,61,159,162,26,348,47,70,217,33,0,0,0,0,0,0,0,0,0,0,0,0,7,0,0,0,0,0,0,0,0,0,0,0,0,0,0,0,0,0,0,0,0,0,0,0,0,0,0,0,0,0,0,0,168,0,0,0,0,0,0,0,0,0,0,0,0,0,0,0,0,0,0,0,0,0,0,0,0,0,0,0,0,0,0,0,0,0,8,0,0,0,0,0,0,0,0,0,0,0,0,0,0,0,0,0,32,0,0,0,0,0,0,0,0,0,3,0,0,0,0,0,142,0,0,0,0,0,0,0,0,0,0,0,14,29,33,0,70,0,12,0,104,0,105,16,0,0,0,0,0,0,0,0,0,0,0,0,0,0,0,0,0,0,0,0,0,0,0,294,263,59,0,0,0,25,0,0,0,0,0,0,0
0,99,0,66,0,168,0,34,0,0,0,204,593,163,59,87,0,0,527,253,0,141,0,92,0,0,289,0,2,0,0,51,1,22,0,58,13,83,0,0,157,63,134,246,0,225,26,115,0,57,105,290,0,0,0,0,0,0,0,0,0,0,0,84,0,23,0,0,0,0,0,0,0,0,0,28,0,0,0,0,0,0,0,0,0,328,0,0,0,0,0,0,0,0,0,0,0,0,0,0,0,0,0,0,0,0,0,0,0,0,0,0,0,0,0,0,0,0,0,0,0,0,0,75,0,0,0,0,0,18,0,0,0,0,0,220,0,66,0,126,0,373,0,527,0,0,0,0,0,17,0,0,0,0,0,0,0,0,0,0,0,0,0,0,0,95,0,15,0,0,0,0,0,5,0,0,28,145,33,0,0,0,0,0,0,13,58,84,0,0,0,0,0,0,0,0,0,0,0,0,0,0,0,0,0,0,0,0,0,34,0,0,0,0,22,0,0,0,50,551,376,0,0,0,39
52,0,288,18,0,0,47,0,0,0,3,0,0,0,0,0,268,5,4,0,25,1,124,35,175,0,25,2,0,4,65,3,35,0,16,0,33,0,25,0,1,0,7,0,20,0,0,0,0,0,13,0,7,0,10,0,0,0,0,0,24,0,23,0,0,0,0,0,0,0,0,0,0,0,3,0,0,0,0,0,0,0,0,0,0,0,0,0,0,0,0,0,0,0,0,0,6,0,0,0,0,0,0,0,0,0,0,0,0,0,0,0,0,0,0,0,0,0,0,0,3,0,0,0,0,0,0,0,0,0,0,0,0,0,0,0,13,0,61,0,65,0,16,0,5,0,0,0,0,0,0,0,1,0,7,0,0,0,5,0,0,0,0,0,0,0,1,0,0,0,0,0,0,0,0,0,43,0,0,0,0,0,11,0,3,0,0,0,0,0,0,0,0,0,0,0,0,0,0,0,0,0,0,0,0,0,0,0,1,0,3,21,0,0,0,0,0,1,0,0,0,0,0,0,0
24,167,31,256,0,0,0,122,2,0,0,16,0,0,0,14,23,211,0,76,0,135,0,137,13,144,0,0,4,0,0,124,0,90,0,159,0,78,0,33,0,0,0,82,0,12,0,0,0,0,0,40,0,13,0,30,0,0,0,0,0,15,0,89,0,0,0,0,0,0,0,0,0,0,0,0,0,0,0,0,0,44,0,0,0,53,0,9,0,0,0,0,0,0,0,1,0,0,0,39,0,0,0,0,0,0,0,0,0,0,0,0,0,0,0,0,0,0,0,0,0,0,0,10,0,0,0,0,0,18,0,0,0,9,0,0,0,0,0,91,0,91,0,160,0,9,0,0,0,2,0,0,0,1,0,15,0,0,0,17,0,0,0,0,0,2,0,0,0,0,0,0,0,0,0,0,0,29,0,0,0,1,4,0,0,0,0,0,0,0,0,0,0,0,0,0,0,0,0,0,0,0,0,0,0,0,0,0,0,0,0,0,0,0,0,0,0,0,0,106,0,0,0,0,0
7,0,44,0,105,14,0,0,0,0,38,0,0,0,70,19,68,0,0,10,105,0,67,12,0,0,44,0,65,0,0,1,20,1,27,0,14,0,27,0,1,0,13,0,11,0,0,0,1,0,30,0,0,0,4,0,0,0,0,0,0,0,40,0,0,0,0,0,0,0,0,0,0,0,11,0,0,0,0,0,0,0,0,0,0,0,3,0,0,0,0,0,0,0,0,0,0,0,0,0,0,0,0,0,0,0,0,0,0,0,0,0,0,0,0,0,0,0,0,0,0,0,0,0,0,0,0,0,2,0,0,0,0,0,0,0,10,0,77,0,121,0,59,0,20,0,0,0,0,0,0,0,0,0,9,0,0,0,10,0,0,0,0,0,0,0,52,0,15,0,0,0,28,0,0,0,19,1,5,0,0,0,0,0,3,0,0,0,0,0,0,0,0,0,0,0,0,0,0,0,0,0,0,0,0,0,0,0,0,0,68,102,67,35,26,0,0,0,0,0,0,0,0,0,0
0,14,0,47,0,195,0,0,0,0,0,42,0,0,0,93,24,30,0,56,0,56,76,74,2,0,0,51,3,124,1,0,0,17,0,42,0,4,0,3,0,0,0,68,0,0,0,0,0,0,0,23,0,0,0,0,0,0,0,0,0,0,0,13,0,0,0,0,0,0,0,0,0,0,0,0,0,0,0,0,0,0,0,0,0,0,0,0,0,0,0,0,0,0,0,0,0,0,0,0,0,0,0,0,0,0,0,0,0,0,0,0,0,0,0,0,0,0,0,0,0,0,0,0,0,0,0,0,0,4,0,0,0,0,0,0,0,0,0,0,0,41,0,0,0,0,0,0,0,0,0,0,0,0,0,2,0,0,0,0,0,1,0,1,0,6,0,27,0,0,0,0,0,0,0,0,0,17,0,0,0,0,0,2,0,0,0,0,0,0,0,0,0,0,0,0,0,0,0,0,0,0,0,0,0,0,0,0,0,0,0,0,3,0,21,0,0,0,83,231,42,0,0,0,0
70,0,228,0,226,0,1,0,1,0,152,0,0,0,61,42,207,0,6,0,112,0,69,0,0,0,33,1,35,0,20,0,0,0,44,0,148,0,6,0,0,0,44,0,39,0,0,0,5,0,24,0,4,0,0,0,1,0,0,0,0,0,20,0,0,0,0,0,0,0,6,0,0,0,0,0,0,0,0,0,0,0,0,0,0,0,0,0,0,0,0,0,0,0,0,0,0,0,0,0,0,0,0,0,3,0,0,0,0,0,0,0,0,0,0,0,0,0,0,0,0,0,11,0,0,0,0,0,0,0,0,0,0,0,6,0,0,0,110,0,0,0,0,0,0,0,0,0,0,0,0,0,0,0,10,0,0,0,14,0,0,0,0,0,2,0,70,0,0,0,1,0,0,0,0,0,64,6,18,0,0,0,22,0,0,0,0,0,0,0,0,0,0,0,0,0,0,0,0,0,0,0,0,0,0,0,0,0,0,0,43,123,48,0,39,0,0,0,0,0,0,0,0,0,0
0,0,0,238,0,145,15,0,7,0,0,76,0,0,0,19,38,113,0,13,8,37,91,68,38,28,0,22,0,90,1,17,0,0,0,162,0,79,6,3,0,0,0,43,0,3,0,0,0,0,0,38,0,0,0,15,0,0,0,0,0,0,0,22,0,0,0,0,0,0,0,0,0,0,0,0,0,0,0,0,0,0,0,0,0,0,0,0,0,0,0,0,0,0,0,0,0,0,0,0,0,0,0,0,0,0,0,0,0,0,0,0,0,0,0,0,0,0,0,0,0,0,0,5,0,0,0,0,0,5,0,0,0,0,0,0,0,0,0,133,0,59,0,82,0,43,0,0,0,0,0,0,0,0,0,30,0,19,0,43,0,0,0,0,0,2,0,33,0,9,0,0,0,4,0,0,0,81,0,44,0,4,0,0,0,0,0,0,0,0,0,0,0,0,0,0,0,0,0,0,0,0,0,0,0,0,0,0,0,0,0,0,0,0,0,0,0,0,46,347,60,0,0,0,0
0,0,0,0,112,0,0,0,0,0,0,0,118,0,81,0,17,0,139,0,152,0,0,0,0,0,30,0,16,0,27,0,44,0,0,0,19,0,27,0,1,0,20,0,4,0,0,0,0,0,44,0,0,0,0,0,0,0,0,0,1,0,4,0,0,0,0,0,0,0,16,0,0,0,15,0,0,0,0,0,0,0,0,0,0,0,0,0,0,0,0,0,0,0,0,0,0,0,0,0,0,0,0,0,0,0,0,0,0,0,0,0,0,0,0,0,0,0,0,0,0,0,0,0,0,0,0,0,0,0,0,0,0,0,0,0,0,0,21,0,40,0,0,0,0,0,0,0,0,0,0,0,0,0,0,0,0,0,0,0,0,0,0,0,32,0,66,0,0,0,0,0,0,0,0,0,0,0,25,0,0,0,0,0,0,0,5,0,0,0,0,0,0,0,0,0,0,0,0,0,0,0,0,0,0,0,0,0,0,0,0,132,104,37,29,0,0,0,0,0,0,0,0,0,0
0,0,0,0,0,213,0,0,0,0,0,67,45,24,64,55,0,0,0,173,29,90,0,25,0,0,0,58,0,159,0,42,0,162,0,0,0,90,0,11,0,0,0,115,0,13,0,2,0,0,0,52,0,0,0,0,0,0,0,0,0,0,0,20,0,0,0,0,0,0,0,0,0,0,0,7,0,0,0,0,0,0,0,0,0,0,0,0,0,0,0,0,0,0,0,0,0,0,0,0,0,0,0,0,0,0,0,0,0,0,0,0,0,0,0,0,0,0,0,0,0,0,0,0,0,0,0,0,0,13,0,0,0,0,0,0,0,0,0,135,0,150,0,131,0,0,0,0,0,0,0,0,0,0,0,0,0,0,0,0,0,0,0,0,0,59,0,76,0,0,0,0,0,0,0,0,0,17,0,0,0,0,0,0,0,0,0,0,0,0,0,0,0,0,0,0,0,0,0,0,0,0,0,0,0,2,0,0,0,0,0,0,0,0,0,0,0,0,133,496,150,0,0,0,0
64,0,88,0,435,0,0,0,0,0,187,0,40,0,151,0,18,0,58,40,64,28,15,0,3,0,56,13,33,0,14,0,148,0,19,0,0,0,34,0,0,0,43,0,73,3,5,0,12,0,50,0,6,0,0,0,0,0,2,0,12,0,18,0,0,0,0,0,0,0,138,0,0,0,94,0,0,0,0,0,0,0,0,0,100,0,20,0,0,0,0,0,0,0,0,0,176,0,38,0,0,0,0,0,0,0,0,0,0,0,0,0,0,0,0,0,0,0,0,0,117,0,108,0,0,0,0,0,0,0,0,0,0,0,0,0,12,0,236,0,360,0,126,0,221,0,0,0,0,0,0,0,0,0,20,0,17,0,36,0,0,0,0,0,10,0,45,0,40,0,0,0,59,0,0,0,76,10,46,0,0,0,30,0,0,0,0,0,0,0,0,0,0,0,0,0,0,0,0,0,0,0,0,0,0,0,0,0,0,0,32,105,78,0,20,0,0,0,0,0,0,0,0,0,0
0,183,0,120,0,112,0,0,15,0,9,45,0,14,23,26,21,19,0,41,8,28,45,37,0,16,0,83,0,78,0,4,0,79,0,90,0,0,0,37,0,0,0,70,0,41,0,0,0,4,0,35,0,5,0,0,1,0,0,0,0,29,4,16,0,0,0,0,0,0,0,0,0,0,0,8,0,0,0,0,0,0,0,0,0,0,0,0,0,0,0,0,0,0,0,0,0,0,0,44,0,6,0,0,0,0,0,0,0,0,0,0,0,0,0,0,0,0,0,0,0,0,0,0,0,0,0,0,0,7,0,0,0,7,0,0,0,0,0,188,0,162,0,104,0,197,0,0,0,8,0,0,0,0,0,17,0,76,0,44,0,0,0,0,0,15,0,72,0,41,0,0,0,40,0,0,15,143,0,54,0,0,0,16,0,0,0,0,0,0,0,0,0,0,0,0,0,0,0,0,0,0,0,0,0,0,0,0,0,9,0,0,0,0,49,0,0,0,93,530,164,25,0,0,0
164,0,404,0,9,0,42,0,35,0,0,5,0,0,0,13,239,0,2,0,13,0,56,43,119,0,13,0,25,0,27,0,6,6,27,0,34,0,0,0,0,0,3,0,0,0,0,0,2,0,6,0,24,0,4,0,0,0,3,0,9,0,26,0,0,0,0,0,0,0,0,0,0,0,0,0,0,0,0,0,0,0,0,0,0,0,0,0,0,0,0,0,0,0,0,0,0,0,0,0,0,0,0,0,0,0,0,0,0,0,0,0,0,0,0,0,0,0,0,0,0,0,0,0,0,0,0,0,0,0,0,0,0,0,0,0,0,0,53,0,11,0,0,0,33,0,0,0,0,0,0,0,0,0,33,0,18,0,26,0,3,0,0,0,0,0,3,0,0,0,5,0,19,0,0,0,172,0,1,0,0,0,33,0,0,0,0,0,0,0,0,0,0,0,0,0,0,0,0,0,0,0,0,0,0,0,0,0,0,0,17,124,22,38,0,0,0,0,0,0,0,0,0,0,0
0,240,14,152,0,0,0,426,23,109,0,0,0,0,0,0,11,199,0,0,0,12,9,22,40,147,0,0,0,33,0,3,0,3,0,11,0,37,0,0,0,0,0,0,0,0,0,0,0,0,0,0,3,1,13,16,0,0,0,0,1,6,0,22,0,0,0,0,0,0,0,0,0,0,0,0,0,0,0,0,0,0,0,0,0,0,0,0,0,0,0,0,0,0,0,0,0,0,0,0,0,0,0,0,0,0,0,0,0,0,0,0,0,0,0,0,0,0,0,0,0,0,0,0,0,0,0,0,0,2,0,0,0,0,0,0,0,0,0,33,0,0,0,0,0,12,0,0,0,0,0,0,0,0,0,7,0,26,0,21,0,0,0,0,0,0,0,0,0,0,0,0,0,17,0,0,9,97,0,0,0,0,0,11,0,0,0,0,0,0,0,0,0,0,0,0,0,0,0,0,0,0,0,0,0,0,0,0,0,0,3,1,0,0,32,0,0,0,24,283,6,0,0,2,0
12,0,0,0,49,0,0,0,0,0,21,0,189,33,20,0,0,0,33,0,0,0,10,0,8,0,28,157,1,0,1,0,0,0,1,0,0,0,0,0,0,155,19,43,123,160,23,243,83,151,22,0,0,0,0,0,0,0,0,0,0,0,0,0,0,0,1,0,0,0,0,0,0,0,0,0,0,0,0,0,0,0,0,0,0,0,0,0,0,0,0,0,0,0,0,0,0,0,0,0,0,0,0,0,0,0,0,0,0,0,0,0,0,0,0,0,0,0,0,0,0,0,0,0,0,0,0,0,0,0,0,0,0,0,0,0,0,0,0,0,0,0,0,0,0,0,0,0,12,0,0,0,0,0,0,0,0,0,0,0,0,0,0,0,0,0,0,0,0,0,0,0,0,0,0,0,24,22,91,0,55,0,16,0,41,0,79,0,0,0,0,0,0,0,0,0,0,0,0,0,0,0,0,0,0,0,0,0,0,0,4,104,48,5,0,0,0,15,0,0,0,0,0,0,0
0,0,0,0,0,52,0,0,0,0,0,116,138,182,2,0,0,0,126,4,0,0,0,0,0,0,198,63,0,0,0,0,0,0,0,0,0,0,0,0,155,0,90,30,92,42,116,123,9,113,22,23,0,0,0,1,0,0,0,0,0,0,0,0,0,0,0,0,0,0,0,0,0,0,0,0,0,0,0,0,0,0,0,0,0,0,0,0,0,0,0,0,0,0,0,0,0,0,0,0,0,0,0,0,0,0,0,0,0,0,0,0,0,0,0,0,0,0,0,0,0,0,0,0,0,0,0,0,0,0,0,0,0,0,0,0,0,0,0,0,0,0,0,0,0,0,0,0,0,0,0,0,0,0,0,0,0,0,0,0,0,0,0,0,0,0,0,0,0,0,0,0,0,0,0,0,0,175,0,29,0,12,0,0,0,0,86,26,0,0,0,0,0,0,0,0,0,0,0,0,0,0,0,0,0,0,0,0,0,0,0,0,0,0,0,0,0,0,0,48,0,0,0,0,54
0,0,0,0,0,0,0,0,0,0,0,0,88,36,0,0,4,0,50,0,20,0,3,0,0,0,111,134,7,0,13,0,44,0,20,0,43,0,3,0,19,90,0,20,79,80,26,134,85,59,26,0,0,0,0,0,0,0,0,0,0,0,0,0,0,0,1,0,0,0,47,0,6,0,40,0,0,0,0,0,31,0,0,0,42,0,23,0,0,0,0,0,0,0,0,0,81,0,38,0,0,0,0,0,0,0,0,0,0,0,0,0,0,0,0,0,0,0,0,0,57,0,0,0,0,0,0,0,0,0,0,0,0,0,0,0,0,0,0,0,0,0,21,0,21,0,0,0,0,0,0,0,0,0,0,0,0,0,0,0,0,0,0,0,14,0,19,0,0,0,0,0,8,0,0,0,0,0,9,0,0,0,0,0,0,0,141,5,0,0,0,0,0,0,0,0,0,0,0,0,0,0,0,0,0,0,0,0,0,0,18,78,42,13,9,0,0,16,0,0,0,0,0,0,0
0,0,0,0,0,0,0,0,0,0,0,0,103,145,0,0,0,0,0,79,0,18,0,0,0,0,61,246,0,82,0,68,0,43,0,115,0,70,0,0,43,30,20,0,16,87,8,65,0,18,0,54,0,0,0,0,0,0,0,0,0,0,0,0,0,0,0,0,0,0,0,8,0,0,0,0,0,0,0,0,0,59,0,0,0,0,0,13,0,0,0,0,0,0,0,0,0,0,0,0,0,0,0,0,0,1,0,0,0,0,0,0,0,0,0,0,0,0,0,0,0,0,0,20,0,0,0,0,0,0,0,0,0,0,0,0,0,0,0,51,0,83,0,83,0,73,0,0,0,0,0,0,0,0,0,0,0,0,0,0,0,0,0,0,0,10,0,11,0,0,0,0,0,12,0,0,0,22,0,0,0,0,0,0,0,0,7,62,0,0,0,0,0,0,0,0,0,0,0,0,0,0,0,0,0,0,0,0,0,0,0,0,0,0,0,0,0,0,32,162,0,5,0,0,0
8,0,22,0,14,0,0,0,10,0,0,0,86,12,28,0,72,0,15,0,31,0,150,0,3,0,159,0,20,0,11,0,39,0,4,0,73,0,0,0,123,92,79,16,0,78,149,109,188,81,74,0,0,0,0,0,0,0,7,0,3,0,71,0,4,0,2,0,0,0,82,0,0,0,71,0,0,0,0,0,0,0,24,0,218,0,65,0,0,0,0,0,0,0,0,0,434,0,96,0,27,0,0,0,0,0,0,0,0,0,0,0,0,0,0,0,0,0,0,0,159,0,0,0,0,0,0,0,0,0,0,0,0,0,0,0,0,0,0,0,78,0,0,0,0,0,0,0,0,0,0,0,53,0,4,0,0,0,0,0,0,0,18,0,89,0,26,0,45,0,19,0,15,0,0,0,0,13,48,0,71,0,14,0,54,0,81,0,0,0,0,0,0,0,24,0,0,0,0,0,56,0,0,0,0,0,0,0,0,0,54,193,186,17,0,0,0,100,0,3,1,0,0,0,0
0,28,0,0,0,11,0,3,0,0,0,28,146,59,5,0,0,0,86,39,0,25,0,0,0,0,162,225,0,12,0,0,0,3,0,13,3,41,0,0,160,42,80,87,78,0,107,212,23,112,0,98,0,0,0,6,0,18,0,0,0,0,0,0,0,0,0,0,0,0,0,0,0,0,0,0,0,0,0,6,0,0,0,11,0,146,0,0,0,1,0,0,0,0,0,34,0,0,0,0,0,43,0,0,0,0,0,27,0,0,0,0,0,0,0,0,0,0,0,0,0,0,0,48,0,0,0,0,0,0,0,3,0,0,0,0,0,16,0,38,0,0,0,103,0,87,0,0,0,3,0,0,0,0,0,0,0,0,0,0,0,0,0,12,0,127,0,28,0,105,0,15,0,20,0,0,0,38,0,6,0,17,0,1,0,0,47,71,0,0,0,0,0,0,0,58,0,0,0,0,0,0,0,0,0,0,0,0,4,0,0,8,0,0,0,0,0,0,56,243,212,8,0,0,130
0,0,0,0,27,0,0,0,0,0,0,0,94,0,9,0,0,0,6,0,0,0,31,1,4,0,26,26,0,0,0,0,0,0,0,0,5,0,0,0,23,116,26,8,149,107,0,144,100,177,29,0,0,0,0,0,0,0,0,0,0,0,0,0,0,0,0,0,0,0,0,0,0,0,0,0,0,0,0,0,0,0,0,0,0,0,0,0,0,0,0,0,0,0,0,0,70,0,0,0,0,0,0,0,0,0,0,0,0,0,0,0,0,0,0,0,0,0,0,0,0,0,0,0,0,0,0,0,0,0,0,0,0,0,0,0,0,0,0,0,0,0,0,0,0,0,5,0,0,0,0,0,0,0,0,0,0,0,0,0,0,0,0,0,0,0,0,0,0,0,0,0,0,0,0,0,0,12,40,0,50,0,0,0,29,0,110,0,0,0,0,0,11,0,0,0,0,0,0,0,0,0,0,0,0,0,0,0,0,0,8,239,69,0,0,2,0,50,0,4,0,0,0,0,6
0,0,0,11,0,56,0,0,0,0,0,86,324,151,6,4,0,0,206,60,0,0,0,0,0,0,348,115,0,0,0,0,0,0,0,2,0,0,0,0,243,123,134,65,109,212,144,0,17,160,32,34,0,0,0,0,0,0,0,0,0,0,0,0,0,0,0,0,0,0,0,0,0,0,0,0,0,0,0,0,0,0,0,0,0,0,0,0,0,0,0,0,0,0,0,0,0,0,0,27,0,0,0,0,0,0,0,0,0,0,0,0,0,0,0,0,0,0,0,0,0,0,0,0,0,0,0,0,0,0,0,0,0,0,0,0,0,8,0,0,0,0,0,0,0,0,0,2,0,0,0,0,0,0,0,0,0,0,0,0,0,2,0,0,0,28,0,2,0,0,0,0,0,0,0,0,0,127,0,0,0,10,0,0,0,0,124,43,0,0,0,0,0,0,0,0,0,0,0,0,0,0,0,0,0,0,0,0,0,8,0,4,0,0,0,0,0,0,6,319,74,0,0,0,113
0,0,13,0,10,1,27,0,5,0,4,0,27,0,5,0,8,0,7,0,4,0,29,0,6,0,47,0,0,0,1,0,5,0,0,0,12,0,2,0,83,9,85,0,188,23,100,17,0,99,12,0,2,0,8,0,17,0,6,0,4,0,0,0,2,0,0,0,12,0,12,0,0,0,11,0,0,0,1,0,14,1,8,0,0,0,9,0,2,0,0,0,9,0,10,0,0,0,19,0,11,0,21,0,0,0,11,0,0,0,0,0,0,0,0,0,0,0,0,0,0,0,17,0,0,0,7,0,1,0,7,0,0,0,13,0,5,0,6,0,0,2,24,0,6,0,6,1,6,0,14,0,16,0,1,0,0,0,0,0,21,0,12,0,52,9,0,0,16,0,8,0,2,0,13,0,52,0,30,0,28,0,3,0,0,0,183,0,13,0,6,0,58,0,11,0,2,0,23,0,9,0,33,0,7,0,11,0,20,0,22,30,81,5,76,25,5,28,1,7,0,0,0,0,8
0,0,0,0,0,0,0,16,0,9,0,33,79,82,0,0,0,0,20,28,5,11,0,6,0,0,70,57,0,0,0,0,0,0,0,0,0,4,0,0,151,113,59,18,81,112,177,160,99,0,0,15,0,0,0,0,0,5,0,0,0,0,0,20,0,5,0,0,0,0,0,0,0,0,0,6,0,0,0,0,0,38,0,14,0,42,0,21,0,1,0,0,0,0,0,35,0,15,0,67,0,39,0,12,0,10,0,0,0,0,0,0,0,11,0,0,0,0,0,0,0,0,0,0,0,0,0,0,0,0,0,2,0,0,0,0,0,21,0,0,0,0,0,0,0,0,2,0,0,8,0,0,0,0,0,1,0,0,0,0,0,3,0,5,0,54,0,1,0,22,0,1,0,7,0,0,0,69,0,7,0,4,0,0,1,0,70,101,0,0,0,0,0,0,0,39,0,9,0,0,0,29,0,0,0,0,0,0,0,0,0,19,0,0,13,0,0,1,12,45,30,3,5,0,57
0,0,8,0,164,0,0,0,0,0,0,0,367,0,50,0,0,0,357,0,96,13,6,0,0,0,217,105,13,0,30,0,24,0,44,0,50,0,6,0,22,22,26,0,74,0,29,32,12,0,0,0,0,0,0,0,0,0,13,0,2,0,5,0,0,0,0,0,0,0,80,0,0,0,49,0,0,0,0,0,49,0,0,0,0,0,0,0,0,0,58,0,0,0,0,0,160,0,62,0,0,0,0,0,0,0,0,0,0,0,0,0,0,0,0,0,0,0,0,0,82,0,0,0,0,0,0,0,0,0,0,0,0,0,0,0,0,0,0,0,60,0,0,0,52,0,0,0,0,0,0,0,0,0,0,0,0,0,0,0,0,0,35,0,76,0,43,0,88,0,34,0,49,0,0,0,39,0,90,0,0,0,0,0,0,0,71,4,0,0,0,0,0,0,0,0,0,0,0,0,0,0,0,0,0,0,0,0,0,0,70,116,98,44,22,0,0,1,0,0,0,0,0,0,0
0,7,0,0,0,59,0,0,0,0,0,0,59,307,13,0,0,0,90,247,17,38,0,0,0,0,33,290,0,40,0,23,0,38,0,52,0,35,0,0,0,23,0,54,0,98,0,34,0,15,0,0,0,5,0,0,0,17,0,10,0,0,0,0,0,0,0,0,0,0,0,15,0,0,0,9,0,0,0,0,0,128,0,0,0,128,0,0,0,0,0,0,0,0,0,2,0,0,0,107,0,0,0,0,0,0,0,0,0,0,0,0,0,0,0,0,0,0,0,0,0,53,0,43,0,0,0,0,0,0,0,0,0,0,1,0,0,0,0,0,0,108,0,111,0,100,0,0,0,0,0,0,0,0,0,0,0,0,0,0,0,0,0,13,0,49,0,36,0,37,0,21,0,38,0,0,0,18,0,0,0,0,0,0,0,0,0,37,0,0,0,0,0,0,0,0,0,0,0,0,0,0,0,0,0,0,0,0,0,0,0,0,0,0,28,0,0,0,74,284,130,0,0,0,1
0,34,0,0,0,0,39,65,59,195,0,0,0,0,0,0,78,21,0,0,18,0,0,0,39,126,0,0,7,0,0,0,4,0,0,0,6,0,24,3,0,0,0,0,0,0,0,0,2,0,0,0,0,40,98,251,100,13,191,35,77,10,63,38,0,3,3,118,2,0,0,0,0,0,0,0,0,0,0,0,0,0,0,0,16,0,0,0,0,0,0,0,0,0,0,0,14,0,0,0,0,0,0,0,21,0,28,0,0,0,0,0,0,0,0,0,0,0,0,0,0,0,11,0,0,0,0,0,52,0,0,0,3,0,0,0,132,0,145,0,95,0,130,3,14,0,0,0,0,0,0,0,0,0,158,3,53,0,79,0,7,0,10,0,2,0,0,0,0,4,112,0,0,0,0,0,31,9,0,0,0,0,0,0,46,19,0,0,0,0,0,0,0,0,0,0,0,0,0,0,35,0,0,0,0,0,0,0,0,0,57,204,101,131,89,2,14,0,16,0,0,0,0,0,0
0,1,0,0,0,0,0,29,0,56,0,0,0,0,0,0,0,46,0,11,0,5,0,0,2,13,0,0,0,13,0,0,0,0,0,0,0,5,0,1,0,0,0,0,0,0,0,0,0,0,0,5,40,0,26,81,30,39,89,37,0,84,1,102,0,2,43,28,0,0,0,0,0,0,0,0,0,0,0,0,0,0,0,0,0,9,0,0,0,0,0,0,0,0,0,0,0,8,0,0,0,0,0,0,0,0,0,18,0,0,0,2,0,0,0,0,0,0,0,0,0,0,0,0,0,0,0,0,0,23,0,8,0,0,0,40,0,0,0,71,0,28,0,134,0,4,0,0,0,0,0,2,0,0,7,96,0,117,0,61,0,8,0,0,0,0,0,0,0,0,0,0,0,0,0,0,1,15,0,0,0,0,0,0,0,31,0,0,0,0,0,0,0,0,0,0,0,0,0,0,0,21,0,0,0,0,0,0,0,6,1,0,0,0,42,0,0,0,36,216,9,34,0,0,0
11,111,74,12,0,0,243,162,94,373,12,0,0,0,30,0,8,50,0,0,0,0,112,0,191,308,0,0,10,0,4,0,0,0,0,0,0,0,4,13,0,0,0,0,0,0,0,0,8,0,0,0,98,26,0,291,104,0,169,0,35,0,24,99,12,0,17,38,0,0,0,0,0,0,0,1,0,0,0,0,0,0,0,0,4,0,0,0,0,0,0,0,0,0,0,0,0,0,0,0,0,0,0,0,0,0,0,0,0,0,0,0,0,0,0,0,0,0,0,0,0,0,1,0,0,0,0,0,15,0,13,0,21,0,34,0,94,0,34,0,25,0,96,0,0,0,3,0,1,0,0,0,0,0,30,0,3,0,15,0,79,0,0,0,3,0,3,1,27,0,187,6,0,0,0,0,34,22,0,0,0,0,0,0,0,0,0,0,0,0,0,0,0,0,0,0,0,0,0,0,0,0,0,0,0,0,0,0,25,0,220,98,243,467,405,0,57,0,0,3,0,6,0,0,0
0,30,0,70,0,31,0,516,128,91,0,4,0,9,0,97,0,30,0,49,0,6,0,34,0,371,0,0,0,30,0,0,0,15,0,0,0,0,0,16,0,1,0,0,0,6,0,0,0,0,0,0,251,81,291,0,126,233,378,71,0,61,0,213,28,10,292,21,0,0,0,0,0,0,0,0,0,0,0,0,0,0,0,0,0,11,0,0,0,0,0,0,0,0,0,0,0,0,0,0,0,0,0,0,0,0,0,0,0,0,0,0,0,0,0,0,0,0,0,0,0,0,0,0,0,0,0,0,0,24,0,22,0,7,0,160,0,100,0,85,0,40,0,205,0,0,0,0,0,0,0,3,0,0,52,38,0,29,11,2,0,11,0,6,0,0,0,0,0,108,7,73,0,59,0,1,3,6,0,0,0,4,0,0,24,28,0,0,0,0,0,0,0,5,0,0,0,0,0,0,0,0,0,0,0,0,0,0,0,22,7,0,7,0,422,0,0,0,216,120,292,468,32,18,0
0,0,0,0,0,0,8,0,4,0,0,0,0,0,0,0,0,0,0,0,6,0,0,0,20,0,0,0,0,0,0,0,1,0,0,0,0,1,0,0,0,0,0,0,0,0,0,0,17,0,0,0,100,30,104,126,0,91,497,131,9,0,3,0,27,0,43,211,0,0,0,0,0,0,0,0,0,0,0,0,0,0,7,0,0,0,0,0,0,0,0,0,0,0,0,0,0,0,0,0,0,0,0,0,0,0,0,0,0,0,0,0,0,0,0,0,0,0,0,0,0,0,0,0,7,0,4,0,38,0,20,0,30,0,18,0,40,0,30,0,10,0,36,0,26,0,0,0,0,0,0,0,0,0,210,49,73,0,90,5,80,0,119,0,19,0,13,0,67,0,216,0,10,0,0,0,0,0,1,0,0,0,0,0,7,43,0,0,0,0,0,0,0,0,0,0,0,0,0,0,0,0,0,0,0,0,0,0,15,0,322,159,611,642,943,24,72,0,14,7,0,0,0,0,0
0,0,0,0,0,0,0,26,0,58,0,0,0,0,0,0,0,5,0,0,0,0,0,0,0,48,0,0,0,0,0,0,0,0,0,0,0,0,0,0,0,0,0,0,0,18,0,0,0,5,0,17,13,39,0,233,91,0,134,461,0,0,0,33,0,0,0,44,0,0,0,0,0,0,0,0,0,3,0,0,0,0,0,0,0,0,0,0,0,0,0,0,0,0,0,0,0,0,0,0,0,0,0,0,0,0,0,0,0,0,0,0,0,0,0,0,0,0,0,0,0,0,0,0,0,0,0,1,5,15,0,8,0,0,0,65,0,49,0,100,0,33,0,120,35,0,1,0,0,0,0,0,0,3,59,165,5,29,67,51,93,50,0,0,0,0,0,0,0,54,0,113,0,34,0,0,0,0,0,0,25,36,0,0,4,22,0,0,0,0,0,0,0,0,0,0,0,0,0,0,0,0,0,0,0,0,0,0,0,0,0,4,0,0,292,0,0,0,96,34,423,348,68,17,0
12,0,0,0,0,0,13,0,84,211,11,0,6,0,0,0,0,0,0,0,0,0,9,0,16,0,0,0,0,0,0,0,0,0,0,0,2,0,3,0,0,0,0,0,7,0,0,0,6,0,13,0,191,89,169,378,497,134,0,232,83,0,5,0,89,0,267,313,0,0,0,0,0,0,0,0,0,0,0,0,0,0,0,0,0,0,0,0,0,0,0,0,0,0,0,0,0,0,0,0,0,0,0,0,0,0,0,0,0,0,0,0,0,0,0,0,0,0,0,0,0,0,0,0,0,0,0,0,6,0,39,0,0,0,0,0,0,0,0,0,0,0,0,0,0,0,0,0,9,0,0,0,0,0,80,16,128,0,6,0,31,0,0,0,0,0,9,0,30,0,162,0,0,0,4,0,52,0,0,0,88,0,0,0,108,72,0,0,0,0,0,0,0,0,0,0,0,0,0,0,0,0,0,0,0,0,0,0,0,1,634,288,327,630,1147,14,68,0,19,9,0,0,0,0,0
0,8,0,0,0,0,0,22,0,162,0,0,0,0,0,0,0,1,0,0,0,0,0,0,0,22,0,0,0,0,0,0,0,0,0,0,0,0,0,0,0,0,0,0,0,0,0,0,0,0,0,10,35,37,0,71,131,461,232,0,0,79,0,42,127,156,98,104,0,7,0,0,0,0,0,0,0,5,0,0,0,0,0,8,0,0,0,0,0,0,0,0,0,4,0,0,0,0,0,0,0,0,0,0,0,0,0,0,0,0,0,0,0,0,0,0,0,1,0,0,0,0,0,0,0,6,0,0,0,0,0,26,0,1,0,0,0,0,0,0,0,3,0,0,41,9,0,0,0,4,0,1,0,0,105,47,14,120,81,3,0,58,0,18,0,13,0,18,0,127,0,169,0,62,0,1,0,0,0,0,36,67,0,0,28,0,0,0,0,0,0,0,0,0,0,0,0,0,0,0,0,0,0,0,0,0,0,0,0,5,0,8,0,0,1483,0,0,0,853,187,623,929,191,50,0
138,0,123,0,0,0,377,0,253,13,0,0,0,0,3,0,25,13,0,0,0,0,0,0,48,0,0,0,24,0,0,0,0,0,1,0,12,0,9,1,0,0,0,0,3,0,0,0,4,0,2,0,77,0,35,0,9,0,83,0,0,0,73,0,0,0,0,0,0,0,0,0,0,0,0,0,0,0,0,0,0,0,0,0,0,0,0,0,0,0,0,0,0,0,0,0,0,0,0,0,0,0,0,0,0,0,0,0,0,0,0,0,0,0,0,0,0,0,0,0,0,0,0,0,0,0,0,0,0,0,0,0,0,0,0,0,0,0,178,0,42,0,0,0,231,0,0,0,0,0,0,0,0,0,142,0,140,0,44,0,0,0,2,0,0,0,2,0,0,0,127,0,59,1,0,0,251,4,0,0,0,0,8,0,48,0,0,0,0,0,0,0,0,0,0,0,0,0,0,0,0,0,0,0,0,0,0,0,0,0,184,329,73,219,155,1,9,0,0,0,0,0,0,0,0
0,46,0,0,0,0,0,228,0,354,0,0,0,0,0,0,0,7,0,0,0,5,0,0,0,23,0,0,0,15,0,0,0,0,0,0,0,29,0,6,0,0,0,0,0,0,0,0,0,0,0,0,10,84,0,61,0,0,0,79,0,0,0,75,0,0,0,64,0,1,0,0,0,0,0,0,0,0,0,0,0,0,0,0,0,0,0,0,0,0,0,0,0,0,0,0,0,0,0,0,0,0,0,0,0,0,0,0,0,0,0,0,0,0,0,0,0,0,0,0,0,0,0,0,0,0,0,0,0,0,0,2,0,0,0,0,0,0,0,82,0,0,0,0,0,66,0,0,0,0,0,0,0,0,0,20,0,127,0,44,0,4,0,3,0,0,0,0,0,7,0,46,0,36,0,0,0,107,0,0,0,2,0,0,0,52,0,0,0,0,0,0,0,0,0,0,0,0,0,0,0,0,0,0,0,0,0,0,0,0,0,0,0,0,130,0,0,0,117,669,58,107,0,6,0
52,61,60,21,2,0,322,69,228,35,0,0,0,0,0,0,366,44,10,0,106,0,66,0,165,151,0,0,23,0,40,0,20,0,4,0,18,4,26,0,0,0,0,0,71,0,0,0,0,0,5,0,63,1,24,0,3,0,5,0,73,0,0,10,0,0,0,0,0,0,0,0,0,0,4,0,0,0,0,0,1,0,0,0,0,0,0,0,0,0,0,0,0,0,0,0,0,0,0,0,0,0,0,0,0,0,0,0,0,0,0,0,0,0,0,0,0,0,0,0,2,0,0,0,0,0,0,0,8,0,0,0,0,0,0,0,13,0,50,0,59,0,48,0,0,0,0,0,0,0,0,0,0,0,5,0,7,0,14,0,1,0,0,0,0,0,0,0,0,0,0,0,4,0,0,0,129,8,0,0,0,0,3,0,27,0,0,0,0,0,0,0,0,0,0,0,0,0,0,0,0,0,0,0,0,0,0,0,0,0,24,177,9,28,23,0,0,0,0,0,0,0,0,0,0
0,0,0,0,0,0,34,142,38,264,0,0,0,0,0,14,0,193,0,37,0,60,0,67,0,79,0,84,0,89,0,13,0,22,0,20,0,16,0,22,0,0,0,0,0,0,0,0,0,20,0,0,38,102,99,213,0,33,0,42,0,75,10,0,0,2,18,26,0,0,0,0,0,0,0,0,0,0,0,0,0,0,0,0,0,0,0,0,0,0,0,0,0,0,0,0,0,0,0,0,0,0,0,0,0,0,0,0,0,0,0,0,0,0,0,0,0,0,0,0,0,0,0,0,0,0,0,3,0,30,0,6,0,0,0,35,0,0,0,95,0,56,0,116,0,15,0,0,0,0,0,0,0,0,0,43,2,53,0,39,0,0,0,0,0,0,0,0,0,0,0,0,0,5,0,0,4,41,0,0,0,0,0,0,0,15,0,0,0,0,1,0,0,0,0,0,0,0,0,0,0,12,0,0,0,0,0,0,0,6,1,0,0,0,47,0,0,0,52,330,12,23,0,0,0
8,0,0,0,0,0,39,0,138,0,5,0,9,0,5,0,0,0,7,0,0,0,0,0,0,0,7,0,0,0,0,0,0,0,0,0,0,0,0,0,0,0,0,0,4,0,0,0,2,0,0,0,0,0,12,28,27,0,89,127,0,0,0,0,0,0,212,90,0,0,1,0,0,0,0,0,0,0,0,0,0,0,0,0,0,0,0,0,0,0,0,0,0,0,0,0,0,0,0,0,0,0,0,0,0,0,0,0,0,0,0,0,0,0,0,0,0,0,0,0,0,0,0,0,0,0,0,0,0,0,11,0,0,0,0,0,0,0,7,0,0,0,0,0,8,1,2,0,22,0,0,0,0,0,0,57,1,0,0,51,109,0,0,0,0,0,0,0,0,0,0,0,0,0,14,0,6,0,0,0,233,0,0,0,110,0,0,0,0,0,0,0,0,0,0,0,0,0,0,0,0,0,0,0,0,0,1,0,0,0,44,0,0,0,112,0,0,0,0,4,0,0,0,0,0
0,76,0,0,0,14,0,7,0,195,0,33,0,0,0,0,0,0,0,45,0,0,0,0,0,0,0,23,0,0,0,0,0,0,0,0,0,0,0,0,0,0,0,0,0,0,0,0,0,5,0,0,3,2,0,10,0,0,0,156,0,0,0,2,0,0,0,714,0,0,0,17,0,0,0,0,0,4,0,0,0,0,0,0,0,0,0,0,0,0,0,0,0,0,0,0,0,0,0,0,0,0,0,0,0,0,0,0,0,0,0,0,0,0,0,0,0,0,0,0,0,7,0,0,0,8,0,9,0,0,0,14,0,0,0,0,0,0,0,21,0,0,0,0,36,37,0,8,0,109,0,25,0,14,25,7,2,11,73,20,131,225,0,11,0,5,0,0,0,0,0,0,0,0,3,8,0,0,0,0,48,103,0,8,8,37,0,0,0,0,0,0,0,0,0,0,0,0,0,1,0,0,0,0,0,0,0,0,0,5,17,0,0,0,103,0,0,0,103,0,0,0,0,0,0
9,0,0,0,0,0,36,38,43,140,0,0,0,0,0,0,0,0,0,0,0,0,0,0,0,0,0,0,0,0,0,0,0,0,0,0,0,0,0,0,1,0,1,0,2,0,0,0,0,0,0,0,3,43,17,292,43,0,267,98,0,0,0,18,212,0,0,114,0,0,0,0,0,0,0,0,0,0,0,0,0,0,0,0,0,0,0,0,0,0,0,0,0,0,0,0,0,0,0,0,0,0,0,0,0,0,0,0,0,0,0,0,0,0,0,0,0,0,0,0,0,0,0,0,2,0,0,0,0,0,13,0,0,0,0,0,0,0,0,0,0,0,0,0,1,0,0,0,9,0,0,0,0,0,2,0,9,0,0,0,39,0,0,0,0,0,0,0,0,0,0,0,2,0,1,1,116,0,0,0,67,3,0,0,530,11,0,0,0,0,0,0,0,0,0,0,0,0,0,0,0,0,0,0,0,0,0,0,0,0,29,23,0,20,69,0,0,0,9,0,0,0,0,0,0
0,0,0,0,0,0,0,14,0,49,0,0,0,0,0,0,0,0,0,0,0,0,0,0,0,0,0,0,0,0,0,0,0,0,0,0,0,0,0,0,0,0,0,0,0,0,0,0,0,0,0,0,118,28,38,21,211,44,313,104,0,64,0,26,90,714,114,0,0,0,0,0,0,0,0,0,0,0,0,0,0,0,0,0,0,0,0,0,0,0,0,0,0,0,0,0,0,0,0,0,0,0,0,0,0,0,0,0,0,0,0,0,0,0,0,0,0,0,0,0,0,0,0,0,0,9,0,0,0,0,0,44,0,0,0,0,0,0,0,0,0,0,0,0,38,3,0,0,0,17,0,10,0,0,94,13,18,35,57,2,133,83,0,6,0,0,0,4,0,20,2,0,0,0,3,6,3,13,0,0,29,102,0,0,21,63,0,0,0,0,0,0,0,0,0,0,0,0,0,0,0,0,0,0,0,0,0,0,0,7,0,0,0,0,322,0,0,0,274,85,68,159,0,0,0
0,0,0,0,0,0,0,0,0,0,0,0,0,0,0,0,0,0,0,0,0,0,0,0,0,0,0,0,0,0,0,0,0,0,0,0,0,0,0,0,0,0,0,0,0,0,0,0,12,0,0,0,2,0,0,0,0,0,0,0,0,0,0,0,0,0,0,0,0,0,0,0,6,0,2,0,112,0,58,0,0,0,31,0,0,0,18,0,4,0,0,0,21,0,15,0,0,0,0,0,15,0,121,0,0,0,0,0,4,0,10,0,7,0,11,0,2,0,0,0,0,0,0,0,0,0,0,0,0,0,0,0,0,0,0,0,0,0,0,0,0,0,0,0,0,0,0,4,0,0,0,0,0,0,0,0,1,0,0,0,0,0,6,0,13,0,0,0,204,0,13,0,0,0,0,0,0,0,0,0,0,0,0,0,0,0,0,0,0,0,5,0,76,0,0,0,0,0,0,0,0,0,0,0,0,0,0,0,14,0,33,6,70,0,36,116,124,9,0,0,0,0,0,0,0
0,0,0,0,0,0,0,0,0,0,0,0,0,0,0,0,0,0,0,0,0,0,0,1,0,0,0,0,0,0,0,0,0,0,0,0,0,0,0,0,0,0,0,0,0,0,0,0,0,0,0,0,0,0,0,0,0,0,0,7,0,1,0,0,0,0,0,0,0,0,0,1,0,0,0,0,0,103,0,0,0,0,0,39,0,0,0,6,0,2,0,0,0,42,0,55,0,0,0,0,0,12,0,20,0,0,0,0,0,18,0,8,0,0,0,0,0,4,0,0,0,0,0,0,0,0,0,0,0,0,0,0,0,0,0,3,1,0,0,0,0,1,0,0,0,0,0,0,0,0,0,6,0,0,0,0,0,0,0,0,0,0,0,3,0,6,0,0,0,51,0,0,0,0,0,0,0,0,0,0,0,0,0,0,0,0,0,0,0,0,0,0,0,0,0,8,0,0,0,11,0,0,0,0,0,0,0,0,0,0,0,0,0,0,10,0,0,0,14,10,84,7,30,22,0
0,0,2,0,3,0,0,0,0,0,0,0,0,0,0,0,15,0,18,0,119,0,0,0,0,0,0,0,0,0,0,0,6,0,16,0,138,0,0,0,0,0,47,0,82,0,0,0,12,0,80,0,0,0,0,0,0,0,0,0,0,0,0,0,1,0,0,0,0,0,0,0,180,0,224,0,8,0,97,0,18,0,0,0,0,0,78,0,0,0,0,0,0,0,0,0,0,0,0,0,0,0,0,0,0,0,0,0,0,0,0,0,0,0,0,0,0,0,0,0,32,0,13,0,18,0,26,0,7,0,0,0,0,0,0,0,26,0,10,9,61,0,9,0,52,0,0,0,0,0,0,0,0,0,0,7,14,0,0,0,5,0,116,0,0,0,46,0,32,0,38,0,54,0,0,0,0,0,0,0,67,0,0,0,9,0,0,0,0,0,0,0,0,0,0,0,0,0,2,0,0,0,0,0,0,0,0,0,0,0,24,12,53,0,8,0,0,0,0,0,0,0,0,0,0
0,0,0,0,0,0,0,0,0,0,0,0,0,0,0,0,0,0,0,0,0,4,0,0,0,0,0,0,0,0,0,0,0,0,0,0,0,0,0,0,0,0,0,8,0,0,0,0,0,0,0,15,0,0,0,0,0,0,0,0,0,0,0,0,0,17,0,0,0,1,0,0,0,88,0,164,0,2,0,9,0,0,0,0,0,0,0,41,0,0,0,0,0,0,0,0,0,0,0,0,0,0,0,0,0,0,0,0,0,0,0,0,0,0,0,0,0,0,0,0,0,5,0,7,0,10,0,0,0,6,0,24,0,0,0,0,0,0,0,0,0,7,0,0,0,51,0,0,0,45,0,0,0,23,0,0,0,11,0,0,0,8,0,54,0,0,0,0,0,0,0,28,0,12,0,0,0,0,0,0,0,57,0,0,0,0,0,0,0,0,0,0,0,0,0,0,0,0,0,0,0,0,0,0,0,0,0,0,0,0,0,0,0,0,10,0,0,0,78,6,17,0,0,0,0
0,0,0,0,0,0,0,0,0,0,0,0,0,0,0,0,0,0,0,0,0,0,0,0,0,0,0,0,0,0,0,0,0,0,0,0,0,0,0,0,0,0,6,0,0,0,0,0,0,0,0,0,0,0,0,0,0,0,0,0,0,0,0,0,0,0,0,0,6,0,180,0,0,0,261,0,17,0,92,0,4,0,1,0,0,0,19,0,0,0,0,2,11,0,0,0,2,0,0,0,0,0,0,0,0,0,0,0,1,0,0,0,0,0,0,0,0,0,0,0,28,0,20,0,30,0,55,0,7,0,15,0,10,0,0,0,34,0,0,0,28,0,74,0,32,0,45,0,0,0,141,0,24,0,0,0,0,0,0,0,1,0,72,0,1,0,7,0,11,0,15,0,8,0,9,0,0,0,0,0,34,0,0,0,0,0,0,0,2,0,0,0,0,0,0,0,8,0,46,0,0,0,0,0,0,0,46,0,130,0,191,0,14,0,20,0,0,0,0,0,0,0,0,0,0
0,1,0,0,0,0,0,0,0,0,0,0,0,0,0,0,0,0,0,0,0,0,0,0,0,0,0,0,0,0,0,0,0,0,0,0,0,0,0,0,0,0,0,0,0,0,0,0,0,0,0,0,0,0,0,0,0,0,0,0,0,0,0,0,0,0,0,0,0,0,0,88,0,0,0,148,0,58,0,42,0,10,0,0,1,10,0,74,0,0,0,0,0,0,0,0,0,0,0,0,0,0,0,0,0,0,0,0,0,0,0,0,0,0,0,0,0,0,0,0,0,14,0,12,0,0,0,0,0,0,0,0,0,2,2,27,0,0,0,4,0,7,0,0,0,34,0,0,0,10,0,0,0,0,0,0,0,1,0,0,0,0,0,63,0,0,0,2,0,9,0,14,0,0,0,0,0,0,0,0,0,24,0,0,0,0,0,0,0,72,0,0,0,0,0,0,0,0,0,72,0,0,0,46,0,0,0,0,0,0,0,0,0,0,16,0,0,0,110,5,8,0,0,0,0
1,0,0,0,0,0,0,0,0,0,0,0,0,0,0,0,20,0,0,0,114,0,0,0,0,0,0,0,3,0,11,0,0,0,15,0,94,0,0,0,0,0,40,0,71,0,0,0,11,0,49,0,0,0,0,0,0,0,0,0,0,0,4,0,0,0,0,0,2,0,224,0,261,0,0,0,17,0,130,0,43,0,0,0,14,0,117,0,0,0,0,0,0,0,6,0,0,0,19,0,0,0,0,0,0,0,0,0,0,0,0,0,0,0,0,0,0,0,0,0,85,0,40,2,0,0,0,0,0,0,14,0,0,0,0,0,18,0,14,11,51,0,57,0,74,0,30,0,36,0,63,0,50,9,0,0,24,0,0,0,4,0,144,0,0,0,26,0,55,0,15,0,24,0,30,0,0,0,0,0,133,27,0,0,0,0,0,0,0,0,0,0,0,0,0,0,6,0,0,0,0,0,21,0,0,0,0,0,77,0,44,5,38,0,0,0,0,0,0,0,0,0,0,0,0
0,0,0,0,0,0,0,0,0,0,0,0,0,0,0,0,0,5,0,6,0,0,0,6,0,0,0,28,0,0,0,0,0,0,0,7,0,8,0,0,0,0,0,0,0,0,0,0,0,6,0,9,0,0,1,0,0,0,0,0,0,0,0,0,0,0,0,0,0,0,0,164,0,148,0,0,0,0,0,69,0,0,0,0,0,0,0,73,0,0,0,0,0,0,0,0,6,0,0,0,0,0,0,0,0,0,0,0,0,0,0,0,0,0,0,0,0,0,0,0,0,92,0,4,0,0,0,0,0,3,0,18,6,8,0,7,0,0,0,5,0,34,0,5,0,139,0,17,0,36,0,33,5,38,0,0,0,4,0,0,0,0,0,96,0,0,0,9,0,21,0,9,0,0,0,37,0,0,0,0,8,110,0,0,0,0,0,0,0,0,0,0,0,0,0,0,0,0,0,8,0,0,0,0,0,0,0,19,0,0,0,0,0,0,17,0,0,0,48,0,12,0,0,0,0
0,0,0,0,0,0,0,0,0,0,0,0,0,0,0,0,0,0,0,0,0,0,0,0,0,0,0,0,0,0,0,0,0,0,0,0,0,0,0,0,0,0,0,0,0,0,0,0,0,0,0,0,0,0,0,0,0,0,0,0,0,0,0,0,0,0,0,0,112,0,8,0,17,0,17,0,0,0,26,0,0,0,33,0,0,0,52,0,0,0,0,0,7,0,26,0,0,0,13,0,11,0,9,0,0,0,0,0,6,0,0,0,0,0,5,0,4,0,1,0,11,0,17,0,0,0,0,0,0,0,0,0,0,0,0,0,0,0,0,0,0,0,0,0,0,0,5,0,0,0,0,0,0,0,0,0,0,0,0,0,0,0,0,0,0,0,0,0,21,0,1,0,0,0,2,0,0,0,0,0,0,0,0,0,0,0,0,0,0,0,0,0,0,0,0,0,0,0,0,0,10,0,0,0,8,0,0,0,0,0,35,6,43,0,37,17,4,3,0,0,0,0,0,0,0
0,0,0,0,0,0,0,2,0,0,0,0,0,0,0,0,0,0,0,0,0,0,0,0,0,0,0,0,0,0,0,0,0,0,0,0,0,0,0,0,0,0,0,0,0,0,0,0,0,0,0,0,0,0,0,0,0,3,0,5,0,0,0,0,0,4,0,0,0,103,0,2,0,58,0,0,0,0,0,7,0,126,0,71,0,35,0,93,0,0,0,0,0,50,0,11,0,0,0,42,0,9,0,47,0,0,0,10,0,8,0,0,0,0,0,0,0,56,0,0,0,7,0,0,0,0,0,0,0,0,0,0,0,0,0,0,0,18,0,0,0,1,0,0,0,2,0,0,0,0,0,28,0,15,0,0,0,0,0,0,0,0,0,12,0,0,0,0,0,69,0,0,0,0,0,0,0,0,0,0,1,0,0,0,0,1,0,0,0,102,0,0,0,0,0,31,0,0,0,0,0,0,0,57,2,0,0,0,0,0,0,0,0,0,43,0,0,0,82,0,60,0,19,0,0
0,0,0,0,0,0,0,0,0,0,0,0,0,0,0,0,0,0,0,0,0,0,0,0,0,0,0,0,0,0,0,0,0,0,0,0,0,0,0,0,0,0,0,0,0,0,0,0,1,0,0,0,0,0,0,0,0,0,0,0,0,0,0,0,0,0,0,0,58,0,97,0,92,0,130,0,26,0,0,0,28,0,41,0,6,0,74,0,0,0,0,0,12,0,7,0,0,0,10,0,4,0,19,0,0,0,0,0,2,0,0,0,0,0,4,0,7,0,0,0,16,0,0,0,0,0,0,0,0,0,0,0,0,0,0,0,5,0,0,0,9,0,42,0,0,0,6,0,0,0,31,0,0,0,0,0,0,0,0,0,0,0,18,1,13,0,0,0,23,0,4,0,2,0,0,0,0,0,0,0,0,0,0,0,0,0,0,0,0,0,0,0,0,0,0,0,0,0,0,0,14,0,0,0,0,0,0,0,51,0,102,0,28,0,49,16,3,3,0,0,0,0,0,0,0
0,0,0,0,0,0,0,0,0,0,0,0,0,0,0,0,0,0,0,0,0,0,0,0,0,0,0,0,0,0,0,0,0,0,0,0,0,0,0,0,0,0,0,0,0,6,0,0,0,0,0,0,0,0,0,0,0,0,0,0,0,0,0,0,0,0,0,0,0,0,0,9,0,42,0,69,0,7,0,0,0,0,0,0,0,1,0,23,0,0,0,0,0,0,0,0,0,0,0,0,0,0,0,0,0,0,0,0,0,0,0,0,0,0,0,0,0,0,0,0,0,10,0,12,0,6,0,0,0,0,0,17,0,0,0,0,0,0,0,0,0,2,0,0,0,41,12,0,0,33,0,0,0,34,0,0,0,0,0,0,0,0,0,26,0,0,0,0,0,16,0,9,0,0,0,22,0,0,0,0,0,85,0,0,0,0,0,0,0,0,0,0,0,0,0,0,0,0,0,0,2,0,0,0,0,0,0,0,0,32,0,0,0,0,16,0,0,0,69,0,15,5,0,0,0
