0,92,103,106,100,0,47,41,66,19,282,0,173,0,55,42,106,50,45,0,36,0,69,82,12,145,114,0,214,0,41,0,213,0,0,0,64,0,419,0,50,0,7,0,13,0,29,0,44,0,0,0,0,0,2,0,5,0,0,0,23,0,0,14,7,0,0,0,0,0,0,0,0,0,0,0,0,0,0,0,0,0,0,0,0,0,0,0,0,0,0,0,0,0,0,0,0,0,0,0,0,0,0,0,0,0,0,0,0,0,0,0,0,0,0,0,0,0,0,0,0,0,0,0,4,0,0,0,0,0,5,0,0,0,10,0,9,0,0,0,0,0,3,0,0,0,3,0,13,0,0,0,0,0,0,0,0,0,0,0,0,0,6,0,14,0,10,0,36,0,31,0,287,3,0,0,220,126,41,0,0,0,212,11,13,0,7,0,0,0,0,0,0,0,0,0,0,0,0,0,0,0,0,0,0,0,0,0,7,0,552,140,201,154,301,3,8,9,3,0,0,0,0,0,0
92,0,89,50,0,202,15,43,7,113,0,250,1,119,0,38,56,72,0,90,0,0,117,41,111,30,0,244,0,59,1,16,0,63,0,0,0,55,0,368,0,66,0,0,0,0,0,129,0,42,0,0,0,27,0,6,0,0,0,5,0,153,11,216,0,29,0,6,0,0,0,1,0,0,0,0,0,0,0,0,0,0,0,0,0,0,0,0,0,0,0,0,0,0,0,0,0,0,0,0,0,0,0,0,0,0,0,1,0,0,0,0,0,0,0,0,0,0,0,0,0,0,0,0,0,7,0,0,0,0,0,0,0,1,0,0,0,17,0,0,0,0,0,4,0,0,0,0,0,18,0,0,0,11,0,1,0,0,0,0,0,0,0,0,0,7,0,23,0,11,0,17,0,181,0,3,25,561,6,10,0,10,24,30,0,38,0,3,0,0,0,0,0,0,0,0,0,0,0,0,0,0,0,0,0,0,0,0,0,6,0,0,0,0,398,0,0,0,786,208,249,98,4,3,3
103,89,0,97,155,0,86,17,18,6,29,10,70,0,216,37,62,30,71,0,84,0,290,87,76,70,131,0,266,0,50,0,176,0,0,0,47,0,262,0,16,0,0,0,0,0,8,0,45,0,0,0,0,0,23,0,4,0,0,0,0,0,34,10,7,0,0,0,0,0,0,0,0,0,0,0,0,0,0,0,0,0,0,0,22,0,0,0,0,0,0,0,0,0,0,0,26,0,0,0,0,0,0,0,0,0,0,0,0,0,0,0,0,0,0,0,0,0,1,0,0,0,0,0,9,1,0,0,0,0,8,0,18,0,75,0,177,2,0,0,6,0,82,0,0,0,12,0,43,0,6,0,0,0,0,0,0,0,0,0,8,0,0,0,8,0,53,0,28,0,24,0,290,0,2,0,137,69,0,5,0,0,32,16,41,0,0,0,0,0,0,0,0,0,0,0,0,0,0,0,34,0,0,0,2,0,0,0,36,0,554,90,194,200,370,5,10,17,0,0,0,0,0,0,0
106,50,97,0,0,127,0,279,0,17,0,18,0,0,0,276,68,29,0,288,22,69,163,124,35,123,0,172,0,70,0,0,6,135,0,0,0,27,0,235,0,12,0,0,0,32,0,0,0,35,0,0,0,9,0,121,0,0,0,0,0,0,0,27,0,21,0,4,0,0,0,0,0,0,0,0,0,0,0,0,0,0,0,0,0,0,0,0,0,0,0,0,0,0,0,0,0,0,0,0,0,0,0,0,0,0,0,0,0,0,0,0,0,0,0,0,0,0,0,0,0,0,0,0,0,0,0,0,0,0,0,0,0,0,0,197,0,257,0,22,0,11,0,61,0,0,0,0,0,19,0,8,0,0,0,0,0,0,0,0,0,0,0,0,0,9,0,33,0,13,0,13,0,100,0,0,41,269,0,10,0,13,40,14,0,13,0,0,0,0,0,0,0,0,0,0,0,0,0,0,0,0,0,0,0,0,0,0,0,80,0,0,0,0,283,0,0,0,310,100,156,0,0,2,4
100,0,155,0,0,223,16,0,35,0,207,47,315,158,304,139,35,0,102,232,312,86,90,19,11,4,261,71,0,0,253,0,311,24,290,0,260,0,0,0,62,0,14,0,17,0,44,0,40,0,64,0,0,0,0,0,0,0,0,0,0,0,0,0,0,0,0,0,0,0,0,0,0,0,0,0,0,0,0,0,0,0,0,0,0,0,7,0,0,0,9,0,0,0,0,0,0,0,0,0,0,0,0,0,0,0,0,0,0,0,0,0,0,0,0,0,0,0,2,0,0,0,0,0,0,0,0,0,2,0,0,0,0,0,0,0,32,0,0,0,0,0,25,0,3,0,0,0,29,0,0,0,0,0,0,0,0,0,0,0,0,0,18,0,36,0,277,0,71,0,14,0,232,0,0,0,328,226,164,0,0,0,48,0,62,0,0,0,0,0,0,0,0,0,0,0,1,0,7,0,8,0,0,0,0,0,0,0,10,0,823,335,439,0,443,10,0,12,4,0,0,0,0,0,0
0,202,0,127,223,0,0,120,0,43,63,332,204,220,234,130,17,10,143,162,191,164,64,121,0,9,0,194,0,50,0,221,5,301,0,96,0,134,0,38,0,77,0,0,0,0,0,174,0,20,0,0,0,0,0,22,0,0,0,0,0,0,0,24,0,18,0,2,0,0,0,0,0,0,0,0,0,0,0,0,0,19,0,0,0,0,0,0,0,0,0,0,0,0,0,0,0,0,0,0,0,0,0,0,0,0,0,0,0,0,0,0,0,0,0,0,0,0,0,4,0,0,0,2,0,0,0,0,0,0,0,0,0,0,0,39,0,59,0,0,0,0,0,0,0,0,0,0,0,0,0,0,0,0,0,0,0,5,0,0,0,0,0,0,0,12,0,204,0,50,0,0,0,104,0,0,35,1159,44,106,0,0,0,27,0,27,9,14,0,0,0,0,0,0,0,0,0,0,0,0,0,0,0,0,0,0,0,0,0,19,2,0,0,0,377,0,0,0,694,331,417,0,0,0,12
47,15,86,0,16,0,0,41,106,84,7,0,5,0,9,1,11,0,0,0,0,0,16,0,286,85,0,0,0,0,0,0,0,0,0,0,0,0,91,0,0,0,0,0,0,0,0,0,69,0,0,0,86,0,124,34,5,3,0,0,103,0,361,8,0,0,0,0,0,0,0,0,0,0,0,0,4,0,0,0,0,0,0,0,0,0,0,0,0,0,0,0,0,0,0,0,0,0,0,0,0,0,0,0,0,0,0,0,0,0,0,0,0,0,0,0,0,0,0,0,2,0,0,0,15,0,0,0,0,0,20,0,0,0,7,0,14,0,0,0,0,0,0,0,0,0,0,0,3,0,1,0,0,0,5,0,0,0,0,0,6,0,0,0,0,0,0,0,58,0,197,0,265,0,0,0,25,100,0,0,1,0,83,0,0,0,0,0,0,0,0,0,0,0,0,0,0,0,0,0,0,0,0,0,0,0,0,0,0,0,765,121,357,368,577,12,61,0,6,0,0,0,0,0,0
41,43,17,279,0,120,41,0,62,38,0,42,0,30,0,77,15,46,0,96,0,44,0,39,97,139,0,102,0,51,0,0,0,0,0,0,0,26,0,157,0,17,0,0,0,0,0,35,0,22,0,0,7,62,11,270,0,21,0,12,0,155,26,326,1,6,0,3,0,1,0,0,0,0,0,0,0,0,0,0,0,0,0,0,0,6,0,7,0,0,0,0,0,0,0,0,0,0,0,0,0,0,0,0,0,0,0,0,0,0,0,0,0,0,0,0,0,0,0,0,0,0,0,0,0,0,0,9,0,0,0,27,0,31,0,80,0,129,0,14,0,2,0,18,0,0,0,0,0,12,0,0,0,0,0,0,0,0,0,3,0,16,0,0,0,33,0,0,0,30,0,52,0,351,0,0,0,143,0,1,0,0,18,1,0,0,0,0,0,0,0,0,0,0,0,0,0,0,0,0,0,0,0,0,0,0,0,11,0,58,0,2,0,0,928,0,0,0,823,110,763,298,0,8,9
66,7,18,0,35,0,106,62,0,199,84,0,31,0,16,0,0,0,24,0,0,0,0,0,0,59,0,0,0,0,0,0,9,0,0,0,0,0,28,0,0,0,6,0,7,0,0,0,31,0,8,0,204,0,131,98,5,4,82,60,172,0,225,5,81,0,76,11,0,0,0,0,0,0,0,0,0,0,1,0,0,0,0,0,0,0,0,0,0,0,0,0,0,0,0,0,0,0,0,0,0,0,0,0,0,0,0,0,1,0,0,0,0,0,0,0,0,0,0,0,0,0,0,0,23,0,6,0,5,0,77,0,2,0,26,0,15,0,0,0,0,0,7,0,0,0,6,0,98,0,4,0,4,0,5,0,31,0,0,0,23,0,0,0,7,0,6,0,39,0,179,0,117,0,0,0,358,144,5,0,0,0,189,0,156,0,0,0,0,0,0,0,0,0,0,0,0,0,5,0,0,0,0,0,0,0,0,0,10,0,690,156,244,208,426,0,70,0,3,0,0,0,0,0,0
19,113,6,17,0,43,84,38,199,0,1,36,0,16,0,9,13,0,0,26,0,0,0,9,171,5,0,64,0,0,0,0,0,0,0,0,0,0,0,0,0,11,0,0,0,0,0,21,0,13,0,5,49,78,100,45,0,6,10,105,0,0,93,113,2,132,0,187,0,0,0,0,0,0,0,0,0,1,0,0,0,0,0,1,0,0,0,0,0,0,0,0,0,0,0,0,0,0,0,0,0,0,0,0,0,2,0,0,0,0,0,0,0,0,0,0,0,0,0,2,0,0,0,0,0,46,0,14,0,0,0,23,0,12,0,22,0,46,0,2,0,0,0,2,0,0,0,11,0,85,0,19,0,16,0,0,0,0,0,3,0,0,0,0,0,14,0,0,0,9,0,46,0,72,0,4,74,754,0,8,0,9,13,8,0,156,0,0,0,0,0,0,0,0,0,0,0,0,0,3,0,0,0,0,0,0,0,24,0,67,1,0,0,0,788,0,1,0,849,157,519,390,0,4,8
282,0,29,0,207,63,7,0,84,1,0,16,353,12,112,57,30,1,37,30,268,0,44,18,0,0,90,6,6,0,152,0,334,0,124,0,201,0,10,0,96,0,10,0,11,0,21,0,21,0,18,0,0,0,0,1,0,0,0,0,0,0,0,0,0,0,0,0,0,0,0,0,0,0,0,0,0,0,0,0,0,0,0,0,0,0,0,0,0,0,0,0,0,0,0,0,0,0,0,0,0,0,0,0,0,0,0,0,0,0,0,0,0,0,0,0,0,0,0,0,0,0,0,0,0,0,0,0,0,0,0,0,0,0,6,0,1,0,0,0,0,0,0,0,0,0,3,0,10,0,0,0,4,0,0,0,0,0,0,0,0,0,0,0,0,0,76,0,24,0,0,0,92,0,0,0,276,150,183,0,0,0,27,0,35,0,27,0,0,0,0,0,0,0,0,0,0,0,0,0,0,0,0,0,0,0,0,0,0,0,316,158,150,0,106,4,0,0,1,0,0,0,0,0,0
0,250,10,18,47,332,0,42,0,36,16,0,13,306,66,13,8,24,0,21,40,19,24,58,0,0,0,137,0,30,2,40,0,167,0,16,0,83,0,66,0,168,0,0,0,12,0,116,0,28,0,0,0,0,0,5,0,0,0,0,0,0,0,0,0,8,0,0,0,0,0,0,0,0,0,0,0,0,0,0,0,0,0,0,0,0,0,0,0,0,0,0,0,0,0,0,0,0,0,0,0,0,0,0,0,0,0,0,0,0,0,0,0,0,0,0,0,0,0,0,0,0,0,0,0,0,0,0,0,0,0,0,0,0,0,0,0,0,0,0,0,0,0,0,0,0,0,0,0,11,0,0,0,0,0,0,0,0,0,0,0,0,0,0,0,3,0,34,0,12,0,3,0,31,0,0,12,572,0,48,0,42,0,105,0,54,2,10,0,0,0,0,0,0,0,0,0,0,0,0,0,0,0,0,0,0,0,0,0,5,0,0,0,0,90,0,0,0,156,76,73,0,0,0,0
173,1,70,0,315,204,5,0,31,0,353,13,0,519,62,23,0,0,86,385,26,102,0,0,0,0,232,468,0,0,50,0,3,6,156,49,43,0,0,0,266,41,144,15,46,0,181,105,29,0,233,0,0,0,0,0,2,0,0,0,0,0,0,0,0,0,0,0,0,0,0,0,0,0,0,0,0,0,0,0,0,0,0,0,16,0,0,0,0,0,0,0,0,0,0,0,0,0,0,0,0,0,0,0,0,0,4,0,0,0,0,0,0,0,0,0,0,0,0,0,0,0,0,0,0,0,0,0,0,0,0,0,0,0,15,0,0,0,0,0,0,0,0,0,0,0,0,0,0,0,0,0,0,0,0,0,0,0,0,0,0,0,0,0,30,0,20,0,0,0,0,0,20,0,0,0,184,224,248,0,0,0,50,0,28,0,119,7,0,0,0,0,0,0,0,0,0,0,0,0,0,0,0,0,0,0,0,0,0,0,105,138,115,0,23,0,0,0,0,0,0,0,0,0,0
0,119,0,0,158,220,0,30,0,16,12,306,519,0,65,2,0,0,335,45,135,59,0,0,0,0,571,87,0,0,10,9,0,2,25,75,0,12,0,0,147,240,51,67,23,28,35,169,0,11,39,146,0,0,0,0,0,0,0,0,0,0,0,0,0,0,0,0,0,0,0,0,0,0,0,0,0,0,0,0,0,0,0,0,0,0,0,0,0,0,0,0,0,0,0,0,0,0,0,0,0,0,0,0,0,0,0,0,0,0,0,0,0,0,0,0,0,0,0,0,0,0,0,0,0,0,0,0,0,0,0,0,0,0,0,0,0,0,0,0,0,0,0,0,0,0,0,0,0,7,0,30,0,27,0,0,0,2,0,0,0,0,0,0,0,14,0,8,0,16,0,0,0,4,0,0,8,773,21,9,0,102,0,54,0,18,38,96,0,0,0,0,0,0,0,0,0,0,0,0,0,0,0,0,0,0,0,0,0,0,1,0,0,0,0,0,0,0,71,171,66,0,0,0,0
55,0,216,0,304,234,9,0,16,0,112,66,62,65,0,153,47,0,243,153,302,52,454,24,133,0,244,26,11,0,175,31,141,0,102,33,138,0,0,0,0,0,9,0,13,0,6,0,0,0,16,0,0,0,51,0,0,0,0,0,0,0,0,0,0,0,0,0,0,0,0,0,0,0,0,0,0,0,0,0,0,0,0,0,60,0,0,0,0,0,0,0,0,0,0,0,0,0,0,0,0,0,0,0,0,0,0,0,0,0,0,0,0,0,0,0,0,0,0,0,0,0,0,0,0,0,0,0,0,0,7,0,13,0,0,0,230,0,0,0,28,0,192,0,6,0,22,0,55,0,0,0,6,0,0,0,0,0,0,0,0,0,0,0,0,0,107,0,0,0,0,0,71,1,0,0,169,220,84,0,0,0,22,0,63,0,0,0,0,0,0,0,0,0,0,0,0,0,0,0,53,0,0,0,0,0,0,0,33,0,164,92,118,0,95,0,0,0,0,0,0,0,0,0,0
42,38,37,276,139,130,1,77,0,9,57,13,23,2,153,0,49,34,0,468,132,254,138,370,0,200,0,112,2,26,0,133,0,134,0,14,0,96,1,19,0,0,0,16,0,12,0,0,0,6,0,0,0,3,0,66,0,0,0,0,0,0,0,0,0,22,1,0,0,0,0,0,0,0,0,0,0,0,0,0,0,35,0,0,0,96,0,0,0,0,0,0,0,0,0,0,0,0,0,0,0,0,0,0,0,0,0,0,0,0,0,0,0,0,0,0,0,0,0,0,0,0,0,0,0,0,0,3,0,0,1,6,0,0,0,119,0,117,0,36,0,27,0,91,0,0,0,10,0,14,0,10,0,0,0,4,0,0,0,0,0,0,0,0,0,4,0,97,0,0,0,5,0,55,0,1,15,531,35,14,0,7,14,5,0,18,0,0,0,0,0,0,0,0,0,0,0,0,0,0,0,0,0,0,0,0,0,0,0,21,0,0,0,0,93,0,0,0,319,295,137,23,0,0,0
106,56,62,68,35,17,11,15,0,13,30,8,0,0,47,49,0,24,200,0,369,0,45,58,158,43,254,0,327,0,166,1,52,0,56,0,0,0,67,0,0,0,16,0,28,0,1,0,21,0,49,0,123,0,17,0,0,0,0,0,0,0,319,4,0,0,0,0,0,0,3,0,0,0,7,0,0,0,6,0,51,0,0,0,361,0,29,0,0,0,57,0,0,0,0,0,310,0,136,0,0,0,0,0,0,0,0,0,0,0,0,0,0,0,0,0,0,0,0,0,67,0,72,0,0,0,0,0,0,0,0,0,11,0,0,0,259,0,119,0,185,0,458,0,9,0,0,0,0,0,0,0,0,0,111,0,0,0,40,0,0,0,0,0,0,0,4,0,6,0,11,0,67,1,0,0,23,40,5,1,0,1,32,6,0,0,0,0,0,0,0,0,0,0,0,0,0,0,0,0,15,0,0,0,0,0,0,0,0,0,45,65,38,0,53,0,1,3,3,0,0,0,0,0,0
50,72,30,29,0,10,0,46,0,0,1,24,0,0,0,34,24,0,0,0,0,210,34,137,27,139,0,36,0,144,0,85,2,23,0,43,0,6,0,84,0,0,0,40,0,6,0,0,0,0,0,23,0,73,0,51,0,56,0,0,0,3,1,450,0,0,0,0,0,0,0,0,0,0,0,0,0,0,0,0,0,203,0,0,0,294,0,67,0,0,0,0,0,5,0,0,0,0,0,109,0,0,0,0,0,0,0,0,0,0,0,0,0,0,0,0,0,0,0,0,0,42,0,0,0,0,0,1,0,28,0,0,0,0,0,75,0,110,0,480,0,77,0,339,0,0,0,0,0,0,0,0,0,0,0,61,0,0,0,60,0,11,0,0,0,0,0,11,0,0,0,3,0,32,0,0,0,57,0,30,0,0,5,4,0,0,0,0,0,0,0,0,0,0,0,0,0,0,0,0,0,0,0,0,0,0,0,0,0,0,0,0,0,0,62,0,0,0,92,234,62,35,1,0,0
45,0,71,0,102,143,0,0,24,0,37,0,86,335,243,0,200,0,0,204,254,64,322,0,118,0,169,162,20,0,111,0,0,0,258,0,40,0,0,0,3,25,54,0,18,0,0,45,0,0,163,0,0,0,0,0,0,0,0,0,0,0,25,0,0,0,0,0,0,0,0,0,0,0,4,0,0,0,0,0,0,0,0,0,0,0,0,0,0,0,0,0,0,0,0,0,0,0,0,0,0,0,0,0,0,0,0,0,0,0,0,0,0,0,0,0,0,0,0,0,0,0,19,0,0,0,0,0,0,0,0,0,0,0,0,0,0,0,0,0,0,0,207,0,0,0,0,0,29,0,0,0,0,0,0,0,0,0,0,0,0,0,10,0,56,0,41,0,29,0,0,0,55,0,0,0,32,51,9,0,0,1,28,0,42,0,0,7,0,0,0,0,0,0,0,0,0,0,0,0,0,0,0,0,0,0,0,0,0,0,229,236,312,0,115,1,0,0,3,0,2,0,0,0,0
0,90,0,288,232,162,0,96,0,26,30,21,385,45,153,468,0,0,204,0,122,494,0,170,0,68,127,786,0,4,15,108,0,24,19,157,0,67,0,0,0,13,0,109,0,33,0,60,1,0,0,218,0,0,0,31,0,0,0,0,0,0,0,0,1,27,0,0,0,0,0,0,0,0,0,0,0,0,0,0,0,0,0,0,0,0,0,0,0,0,0,0,0,0,0,0,0,0,0,0,0,0,0,0,0,0,0,0,0,0,0,0,0,0,0,0,0,0,0,0,0,0,0,0,0,0,0,0,0,0,0,0,0,0,0,0,0,146,0,0,0,18,0,0,0,0,0,0,0,0,0,0,0,7,0,4,0,0,0,1,0,0,0,0,0,20,0,44,0,0,0,6,0,10,0,0,0,143,40,11,0,0,0,0,0,0,22,7,0,0,0,0,0,0,0,0,0,4,0,0,0,0,0,0,0,0,0,0,0,59,0,0,0,0,127,0,0,0,288,437,312,54,0,0,2
36,0,84,22,312,191,0,0,0,0,268,40,26,135,302,132,369,0,254,122,0,54,170,34,85,0,354,59,106,0,170,0,152,0,65,35,21,0,3,0,0,0,17,0,2,3,0,14,7,0,54,0,21,0,16,0,0,0,0,0,7,0,101,0,0,0,0,0,0,0,5,0,0,0,0,0,0,0,0,0,38,0,0,0,164,0,0,0,0,0,13,0,0,0,0,0,126,0,71,0,0,0,0,0,0,0,0,0,0,0,0,0,0,0,0,0,0,0,0,0,60,0,54,0,0,0,0,0,0,0,0,0,0,0,0,0,79,0,0,0,88,0,152,0,47,0,0,0,0,2,0,0,0,0,13,0,13,0,0,0,0,0,8,0,8,0,37,0,11,0,6,0,36,0,0,0,73,133,49,0,0,0,25,1,0,0,0,0,0,0,0,0,0,0,0,0,0,0,0,0,0,0,0,0,0,0,0,0,0,0,374,303,62,27,119,0,3,0,1,0,0,0,0,0,0
0,0,0,69,86,164,0,44,0,0,0,19,102,59,52,254,0,210,64,494,54,0,0,459,0,98,41,405,0,48,0,54,0,4,0,125,0,24,0,0,0,1,0,258,0,127,0,0,0,11,3,109,0,0,0,21,0,0,0,0,0,0,0,61,0,0,0,0,0,0,0,0,0,0,0,0,0,0,0,0,0,0,0,0,0,0,0,0,0,0,0,0,0,0,0,0,0,0,0,0,0,0,0,0,0,0,0,0,0,0,0,0,0,0,0,0,0,0,0,0,0,0,0,0,0,0,0,0,0,0,0,0,0,0,0,0,0,0,0,165,0,120,0,181,0,36,0,0,0,0,0,0,0,0,0,0,0,27,0,0,0,0,0,0,0,16,0,92,0,55,0,0,0,42,0,0,2,61,11,0,0,0,0,0,0,0,9,7,0,0,0,0,0,0,0,0,0,0,0,0,0,0,0,0,0,0,0,0,0,0,0,0,0,0,150,0,0,0,363,501,179,0,1,0,0
69,117,290,163,90,64,16,0,0,0,44,24,0,0,454,138,45,34,322,0,170,0,0,175,176,39,207,0,58,0,20,0,50,0,0,0,14,0,54,0,0,0,8,0,0,0,2,0,13,0,0,0,0,0,58,2,0,0,0,0,0,0,10,4,1,0,0,0,0,0,0,0,0,0,0,0,0,0,0,0,0,0,0,0,71,0,0,0,0,0,0,0,0,0,0,0,0,0,0,0,0,0,0,0,0,0,0,0,0,0,0,0,0,0,0,0,0,0,0,0,6,0,7,0,0,0,0,0,0,0,0,0,0,0,40,0,192,0,0,0,44,0,175,0,2,0,0,0,0,0,0,0,0,0,16,0,0,0,0,0,0,0,6,0,4,0,11,0,9,0,0,0,65,0,0,0,106,117,21,0,1,0,44,22,8,1,0,0,0,0,0,0,0,0,0,0,0,0,0,0,0,0,0,0,0,0,0,0,25,0,152,39,52,38,88,3,0,0,0,0,0,0,0,0,0
82,41,87,124,19,121,0,39,0,9,18,58,0,0,24,370,58,137,0,170,34,459,175,0,16,190,0,66,4,24,6,93,0,16,0,70,0,21,0,37,0,0,0,72,0,11,0,0,0,9,0,0,0,14,0,48,0,21,0,0,0,0,0,71,0,0,0,0,0,0,0,5,0,0,0,0,0,0,0,0,0,114,0,0,0,165,0,42,0,0,0,0,0,0,0,0,0,0,0,56,0,0,0,2,0,0,0,0,0,0,0,0,0,0,0,0,0,0,0,0,0,23,0,1,0,0,0,0,0,0,0,0,0,0,0,40,0,0,0,84,0,36,0,118,0,6,0,0,0,0,0,0,0,2,0,4,0,0,0,0,0,0,0,0,0,7,0,24,0,4,0,0,0,64,0,0,12,243,6,39,0,0,24,5,0,4,0,0,0,0,0,0,0,0,0,0,0,0,0,0,0,0,0,0,0,0,0,0,0,0,0,0,0,0,205,0,0,0,335,374,119,72,0,0,0
12,111,76,35,11,0,286,97,0,171,0,0,0,0,133,0,158,27,118,0,85,0,176,16,0,196,94,0,59,0,14,0,0,0,0,0,2,0,99,1,0,0,0,0,0,0,0,0,24,0,11,0,85,8,244,21,37,0,0,1,37,0,246,30,0,0,0,0,0,0,0,0,0,0,0,1,0,0,0,0,1,0,0,0,42,0,0,0,0,0,0,0,0,0,0,0,60,0,0,0,0,0,0,0,0,0,0,0,0,0,0,0,0,0,0,0,0,0,0,0,0,0,7,0,8,0,0,0,32,0,11,0,23,0,59,0,397,0,70,0,35,0,258,0,0,0,5,0,7,0,0,0,0,0,51,0,0,0,16,0,10,0,4,0,3,0,0,0,16,0,63,0,123,0,0,0,13,129,0,0,0,0,9,9,1,0,0,0,0,0,0,0,0,0,0,0,0,0,0,0,31,0,0,0,0,0,0,0,26,0,264,94,110,132,184,0,13,0,0,0,0,0,0,0,0
145,30,70,123,4,9,85,139,59,5,0,0,0,0,0,200,43,139,0,68,0,98,39,190,196,0,0,37,0,93,0,28,0,20,0,11,0,0,0,83,0,0,0,0,0,6,0,0,0,13,0,9,5,38,0,388,0,93,0,16,0,42,24,177,4,0,0,0,0,0,0,0,0,0,0,0,0,0,0,0,0,20,0,0,0,56,0,12,0,0,0,0,0,0,0,0,0,0,0,0,0,0,0,1,0,0,0,0,0,0,0,0,0,0,0,0,0,0,0,0,0,0,0,0,0,0,0,0,0,0,0,0,0,0,0,121,0,167,0,73,0,36,0,193,0,0,0,0,0,0,0,0,0,1,0,19,0,0,0,0,3,9,0,0,0,2,0,0,0,4,0,8,0,83,0,0,9,225,0,0,0,0,26,6,0,0,0,0,0,0,0,0,0,0,0,0,0,0,0,0,0,0,0,0,0,0,0,0,0,0,0,0,0,0,195,0,0,0,276,276,123,96,0,2,0
114,0,131,0,261,0,0,0,0,0,90,0,232,571,244,0,254,0,169,127,354,41,207,0,94,0,0,527,60,0,45,0,0,0,49,0,143,0,0,0,66,175,290,37,280,0,181,228,24,0,248,61,21,0,0,0,0,0,0,0,12,0,101,0,2,0,0,0,0,0,0,0,0,0,0,0,0,0,0,0,81,0,0,0,360,0,0,0,0,0,0,0,0,0,0,0,0,0,182,0,0,0,0,0,0,0,0,0,0,0,0,0,0,0,1,0,0,0,2,0,133,0,0,0,0,0,0,0,0,0,0,0,0,0,0,0,202,0,0,0,115,0,287,0,0,0,13,0,37,0,0,0,0,0,7,0,18,0,0,0,0,0,0,0,81,0,16,0,0,0,0,0,0,0,0,0,22,150,18,0,0,0,31,0,46,0,47,8,0,0,0,0,0,0,0,0,0,0,0,0,18,0,0,0,0,0,0,0,0,0,197,667,398,58,102,0,0,0,0,20,0,0,0,0,0
0,244,0,172,71,194,0,102,0,64,6,137,468,87,26,112,0,36,162,786,59,405,0,66,0,37,527,0,0,0,6,18,0,0,40,43,3,0,0,0,225,47,68,434,47,357,54,377,1,57,56,471,0,0,0,0,0,0,0,0,0,0,0,35,0,41,0,0,0,0,0,0,0,0,0,0,0,0,0,0,0,0,0,0,0,0,0,0,0,0,0,0,0,0,0,0,0,0,0,0,0,0,0,0,0,0,0,0,0,0,0,0,0,0,0,0,0,0,0,0,0,28,0,0,0,0,0,0,0,0,0,0,0,0,0,0,0,119,0,0,0,0,0,60,0,7,0,0,0,0,0,0,0,0,0,2,0,0,0,1,0,0,0,0,0,55,0,18,0,0,0,0,0,0,0,0,0,129,0,0,0,0,0,13,0,31,68,42,0,0,0,0,0,0,0,0,0,0,0,0,0,0,0,0,0,0,0,0,0,0,0,2,0,0,70,0,0,0,194,981,228,58,0,0,0
214,0,266,0,0,0,0,0,0,0,6,0,0,0,11,2,327,0,20,0,106,0,58,4,59,0,60,0,0,0,94,0,25,0,43,0,23,0,11,0,0,0,38,0,11,0,0,0,0,0,30,0,37,0,5,0,0,0,0,0,0,0,154,0,0,0,0,0,0,0,6,0,0,0,4,0,0,0,0,0,29,0,0,0,102,0,16,0,0,0,0,0,0,0,0,0,75,0,42,0,0,0,0,0,0,0,0,0,0,0,0,0,0,0,0,0,0,0,0,0,49,0,61,0,0,0,0,0,0,0,0,0,0,0,0,0,35,0,137,0,65,0,78,0,29,0,0,0,0,0,0,0,0,0,14,0,10,0,14,0,0,0,0,0,0,0,0,0,0,0,3,0,2,0,0,0,0,1,0,0,0,0,43,0,0,0,0,0,0,0,0,0,0,0,0,0,0,0,0,0,0,0,0,0,0,0,0,0,0,0,0,41,4,0,0,0,0,0,0,0,0,0,0,0,0
0,59,0,70,0,50,0,51,0,0,0,30,0,0,0,26,0,144,0,4,0,48,0,24,0,93,0,0,0,0,0,97,0,120,0,71,0,4,0,23,0,0,0,38,0,2,0,0,0,0,0,35,0,15,0,27,0,30,0,0,0,0,0,175,0,0,0,0,0,1,0,0,0,0,0,0,0,0,0,0,0,86,0,0,0,92,0,0,0,0,0,0,0,0,0,0,0,0,0,29,0,0,0,0,0,0,0,0,0,0,0,0,0,0,0,0,0,0,0,0,0,0,0,2,0,0,0,0,0,0,0,0,0,0,0,0,0,0,0,310,0,71,0,173,0,24,0,0,0,0,0,0,0,0,0,8,0,7,0,13,0,0,0,0,0,2,0,10,0,5,0,0,0,9,0,0,0,36,0,0,0,0,0,6,0,4,0,0,0,0,0,0,0,0,0,0,0,0,0,0,0,0,0,0,0,0,0,0,0,0,0,0,0,0,16,0,0,0,32,70,0,5,0,0,1
41,1,50,0,253,0,0,0,0,0,152,2,50,10,175,0,166,0,111,15,170,0,20,6,14,0,45,6,94,0,0,0,15,0,39,1,21,0,4,0,0,0,120,0,0,0,0,0,3,0,40,0,2,0,0,0,0,0,0,0,4,0,54,1,0,0,0,0,0,0,0,0,0,0,0,0,0,0,0,0,0,0,0,0,0,0,0,0,0,0,0,0,0,0,0,0,0,0,0,0,0,0,1,0,0,0,0,0,0,0,0,0,0,0,0,0,0,0,0,0,45,0,0,0,0,0,0,0,0,0,0,0,0,0,0,0,24,0,0,0,48,0,39,0,39,0,0,0,0,0,0,0,0,0,0,0,0,0,0,0,0,0,0,0,0,0,55,0,0,0,6,0,31,0,0,0,0,11,40,0,0,0,0,0,0,0,0,0,0,0,0,0,0,0,0,0,0,0,0,0,0,0,0,0,0,0,0,0,0,0,84,74,0,0,33,0,1,0,0,0,0,0,0,0,0
0,16,0,0,0,221,0,0,0,0,0,40,0,9,31,133,1,85,0,108,0,54,0,93,0,28,0,18,0,97,0,0,0,0,0,26,0,19,0,8,0,0,0,38,0,0,0,0,0,0,0,28,0,0,0,8,0,6,0,0,0,2,0,38,0,0,0,0,0,0,0,0,0,0,0,0,0,0,0,0,0,0,0,0,0,0,0,0,0,0,0,0,0,3,0,0,0,0,0,17,0,0,0,0,0,0,0,0,0,0,0,0,0,0,0,0,0,0,0,0,0,30,0,0,0,0,0,0,0,1,0,0,0,0,0,0,0,0,0,85,0,0,0,80,0,16,0,0,0,0,0,0,0,0,0,4,0,10,0,0,0,0,0,0,0,0,0,34,0,11,0,0,0,11,0,0,0,85,0,2,0,0,0,0,0,4,0,0,0,0,0,0,0,0,0,0,0,0,0,0,0,0,0,0,0,0,0,0,0,0,0,0,0,0,88,0,0,0,171,245,65,0,0,0,0
213,0,176,6,311,5,0,0,9,0,334,0,3,0,141,0,52,2,0,0,152,0,50,0,0,0,0,0,25,0,15,0,0,0,35,0,128,0,0,0,0,0,22,0,0,0,0,0,2,0,12,0,0,0,0,0,0,0,0,0,12,0,19,0,0,0,0,0,0,0,1,0,0,0,0,0,0,0,0,0,0,0,0,0,0,0,0,0,0,0,0,0,0,0,0,0,0,0,0,0,0,0,0,0,0,0,0,0,0,0,0,0,0,0,0,0,0,0,0,0,0,0,0,0,0,0,0,0,0,0,0,0,0,0,0,0,0,0,0,0,20,0,0,0,21,0,0,0,0,0,0,0,0,0,0,0,31,0,0,0,0,0,6,0,0,0,47,0,0,0,5,0,29,0,0,0,15,0,29,0,0,0,77,0,0,0,0,0,0,0,0,0,0,0,0,0,0,0,0,0,0,0,0,0,0,0,0,0,0,0,56,48,38,11,23,1,0,0,0,0,0,0,0,0,0
0,63,0,135,24,301,0,0,0,0,0,167,6,2,0,134,0,23,0,24,0,4,0,16,0,20,0,0,0,120,0,0,0,0,0,6,0,137,0,6,0,0,0,5,0,0,0,0,0,0,0,4,0,4,0,0,1,0,0,0,0,1,0,32,0,6,0,0,0,0,0,0,0,0,0,0,0,0,0,0,0,0,0,0,0,0,0,0,0,0,0,0,0,0,0,0,0,0,0,0,0,11,0,0,0,0,0,0,0,0,0,0,0,0,0,0,0,0,0,0,0,0,0,0,0,0,0,0,0,0,0,0,0,0,0,0,0,21,0,48,0,30,0,59,0,12,0,0,0,0,0,3,0,0,0,0,0,5,0,3,0,0,0,0,0,0,0,49,0,0,0,0,0,6,0,0,0,192,0,73,0,0,0,14,0,0,0,0,0,0,0,0,0,0,0,0,0,0,0,0,0,0,0,0,0,0,0,0,0,0,0,0,0,0,42,0,0,0,131,286,55,0,0,0,0
0,0,0,0,290,0,0,0,0,0,124,0,156,25,102,0,56,0,258,19,65,0,0,0,0,0,49,40,43,0,39,0,35,0,0,0,205,0,2,0,0,0,8,0,0,0,0,8,9,0,112,0,4,0,0,0,0,0,0,0,0,0,11,0,0,0,0,0,0,0,0,0,0,0,0,0,0,0,0,0,0,0,0,0,83,0,0,0,0,0,0,0,0,0,0,0,0,0,0,0,0,0,0,0,0,0,0,0,0,0,0,0,0,0,0,0,0,0,0,0,53,0,0,0,0,0,0,0,0,0,0,0,0,0,0,0,0,0,0,0,0,0,26,0,38,0,0,0,0,0,0,0,0,0,0,0,0,0,0,0,0,0,0,0,36,0,89,0,0,0,11,0,47,0,0,0,0,0,36,0,0,0,0,0,0,0,3,2,0,0,0,0,0,0,0,0,0,0,0,0,0,0,0,0,2,0,0,0,0,0,129,141,129,0,81,1,3,3,0,1,0,0,0,0,0
0,0,0,0,0,96,0,0,0,0,0,16,49,75,33,14,0,43,0,157,35,125,0,70,0,11,0,43,0,71,1,26,0,6,0,0,0,295,0,42,5,0,0,45,0,19,0,0,0,0,0,40,0,0,0,0,0,8,0,0,0,5,0,26,0,0,0,0,0,0,0,0,0,0,0,0,0,0,0,0,0,0,0,0,0,0,0,0,0,0,0,0,0,0,0,0,0,0,0,0,0,0,0,0,0,0,0,0,0,0,0,0,0,0,0,0,0,0,0,0,0,0,0,0,0,0,0,0,0,0,0,0,0,0,0,0,0,0,0,0,0,87,0,70,0,28,0,0,0,0,0,0,0,0,0,1,0,29,0,5,0,0,0,0,0,6,0,64,0,30,0,4,0,0,0,0,0,0,0,3,0,0,0,0,0,0,3,9,0,0,0,0,0,0,0,0,0,0,0,0,0,0,0,0,0,0,0,0,0,0,0,0,0,0,55,0,0,0,136,199,118,26,0,0,0
64,0,47,0,260,0,0,0,0,0,201,0,43,0,138,0,0,0,40,0,21,0,14,0,2,0,143,3,23,0,21,0,128,0,205,0,0,0,71,0,0,0,86,0,62,0,0,0,12,0,86,0,2,0,0,0,0,0,0,0,32,0,27,0,0,0,0,0,0,0,11,0,0,0,6,0,0,0,0,0,27,0,0,0,77,0,0,0,0,0,0,0,0,0,0,0,0,0,55,0,0,0,0,0,0,0,0,0,0,0,0,0,0,0,0,0,0,0,0,0,62,0,47,0,0,0,0,0,0,0,0,0,0,0,0,0,0,0,71,0,72,0,31,0,106,0,0,0,0,0,0,0,0,0,0,0,88,0,4,0,0,0,24,0,19,0,75,0,17,0,25,0,97,0,0,0,0,0,37,0,0,0,17,0,0,0,4,0,0,0,0,0,0,0,0,0,0,0,0,0,0,0,0,0,0,0,0,0,0,0,79,79,101,17,45,0,0,6,0,0,0,0,0,0,0
0,55,0,27,0,134,0,26,0,0,0,83,0,12,0,96,0,6,0,67,0,24,0,21,0,0,0,0,0,4,0,19,0,137,0,295,0,0,0,30,0,0,0,80,0,18,0,0,0,0,0,78,0,0,0,0,0,6,0,0,0,13,0,6,0,0,0,0,0,0,0,0,0,0,0,0,0,0,0,0,0,72,0,0,0,0,0,0,0,0,0,0,0,0,0,0,0,0,0,16,0,0,0,0,0,0,0,0,0,0,0,0,0,0,0,0,0,0,0,0,0,36,0,0,0,0,0,0,0,0,0,0,0,1,0,0,0,0,0,107,0,93,0,123,0,64,0,0,0,0,0,0,0,0,0,0,0,60,0,4,0,0,0,0,0,4,0,48,0,66,0,17,0,56,0,0,0,55,0,56,0,0,0,0,0,3,0,16,0,0,0,0,0,0,0,0,0,1,0,0,0,0,0,0,0,0,0,0,0,0,0,0,0,0,0,0,0,0,56,94,77,4,0,0,0
419,0,262,0,0,0,91,0,28,0,10,0,0,0,0,1,67,0,0,0,3,0,54,0,99,0,0,0,11,0,4,0,0,0,2,0,71,0,0,0,0,0,0,0,0,0,0,0,0,0,1,0,12,0,3,0,1,0,0,0,23,0,73,0,0,0,0,0,0,0,0,0,0,0,0,0,0,0,0,0,13,0,0,0,42,0,0,0,0,0,0,0,0,0,0,0,0,0,11,0,0,0,0,0,0,0,0,0,0,0,0,0,0,0,0,0,0,0,0,0,0,0,13,0,0,0,0,0,0,0,0,0,0,0,0,0,0,0,59,0,36,0,33,0,44,0,0,0,0,0,0,0,0,0,7,0,48,0,0,0,0,0,4,0,0,0,40,0,0,0,12,0,227,0,0,0,0,0,0,0,0,0,100,0,0,0,0,0,0,0,0,0,0,0,0,0,0,0,0,0,0,0,0,0,0,0,0,0,0,0,89,305,11,32,39,1,0,0,0,0,0,0,0,0,0
0,368,0,235,0,38,0,157,0,0,0,66,0,0,0,19,0,84,0,0,0,0,0,37,1,83,0,0,0,23,0,8,0,6,0,42,0,30,0,0,0,0,0,10,0,0,0,0,0,0,0,11,0,5,0,18,0,0,0,0,0,13,0,51,0,0,0,0,0,0,0,0,0,0,0,0,0,0,0,0,0,0,0,0,0,0,0,0,0,0,0,0,0,0,0,0,0,0,0,0,0,0,0,0,0,0,0,0,0,0,0,0,0,0,0,0,0,0,0,0,0,0,0,0,0,0,0,0,0,0,0,0,0,0,0,0,0,28,0,124,0,75,0,46,0,29,0,0,0,0,0,0,0,4,0,13,0,39,0,20,0,0,0,0,0,0,0,0,0,3,0,2,0,68,0,0,0,76,0,84,0,0,0,28,0,12,0,0,0,0,0,0,0,0,0,0,0,0,0,0,0,0,0,0,0,0,0,0,0,0,0,0,0,0,0,0,0,0,5,184,5,0,0,0,0
50,0,16,0,62,0,0,0,0,0,96,0,266,147,0,0,0,0,3,0,0,0,0,0,0,0,66,225,0,0,0,0,0,0,0,5,0,0,0,0,0,140,56,0,95,78,244,204,212,7,16,13,0,0,0,0,0,0,0,0,0,0,0,0,0,0,0,0,0,0,0,0,0,0,0,0,0,0,0,0,0,0,0,0,0,0,0,0,0,0,3,0,0,0,0,0,0,0,0,0,0,0,0,0,0,0,3,0,0,0,0,0,0,0,0,0,0,0,0,0,0,0,0,0,0,0,0,0,0,0,0,0,0,0,0,0,0,0,0,0,3,0,10,0,0,0,0,0,0,0,0,0,5,0,0,0,0,0,0,0,0,0,0,0,0,0,0,0,0,0,0,0,0,0,0,0,24,94,22,0,0,0,21,0,18,0,160,0,0,0,0,0,0,0,0,0,0,0,0,0,0,0,0,0,0,0,0,0,0,0,0,208,31,0,0,0,0,34,0,35,0,0,0,0,2
0,66,0,12,0,77,0,17,0,11,0,168,41,240,0,0,0,0,25,13,0,1,0,0,0,0,175,47,0,0,0,0,0,0,0,0,0,0,0,0,140,0,28,45,84,130,81,267,14,156,9,18,0,0,0,0,0,0,0,0,0,0,0,0,0,1,0,0,0,0,0,0,0,0,0,0,0,0,0,0,0,0,0,0,0,0,0,0,0,0,0,0,0,0,0,0,0,0,0,2,0,2,0,0,0,0,0,0,0,0,0,0,0,0,0,0,0,0,0,0,0,0,0,0,0,0,0,0,0,0,0,0,0,0,0,0,0,0,0,0,0,0,0,0,0,0,0,0,0,0,0,12,0,0,0,0,0,0,0,0,0,0,0,0,0,0,0,0,0,0,0,0,0,0,0,8,0,413,0,7,0,53,0,16,0,15,19,4,0,0,0,0,0,0,0,0,0,0,0,0,0,0,0,0,0,0,0,0,0,1,0,8,0,0,0,0,0,0,0,125,48,0,0,0,76
7,0,0,0,14,0,0,0,6,0,10,0,144,51,9,0,16,0,54,0,17,0,8,0,0,0,290,68,38,0,120,0,22,0,8,0,86,0,0,0,56,28,0,0,152,0,52,31,37,0,39,0,0,0,0,0,0,0,0,0,0,0,24,0,0,0,0,0,0,0,7,0,0,0,5,0,0,0,0,0,30,0,0,0,0,0,15,0,0,0,0,0,0,0,0,0,0,0,38,0,0,0,0,0,0,0,0,0,0,0,0,0,0,0,0,0,0,0,0,0,0,0,0,0,0,0,0,0,0,0,0,0,0,0,0,0,0,0,0,0,28,0,0,0,0,0,0,0,0,0,0,0,0,0,0,0,8,0,0,0,0,0,11,0,21,0,12,0,0,0,8,0,8,0,0,0,0,37,62,0,0,0,0,0,0,0,278,2,0,0,0,0,0,0,0,0,0,0,0,0,0,0,0,0,0,0,0,0,0,0,0,142,82,0,10,0,1,5,0,3,1,0,0,0,0
0,0,0,0,0,0,0,0,0,0,0,0,15,67,0,16,0,40,0,109,0,258,0,72,0,0,37,434,0,38,0,38,0,5,0,45,0,80,0,10,0,45,0,0,0,139,0,40,0,21,0,34,0,0,0,0,0,5,0,2,0,11,0,0,0,0,0,0,0,0,0,0,0,0,0,0,0,0,0,0,0,0,0,0,0,0,0,0,0,0,0,0,0,2,0,0,0,0,0,0,0,0,0,0,0,0,0,0,0,0,0,0,0,0,0,0,0,0,0,0,0,0,0,0,0,0,0,0,0,0,0,0,0,0,0,0,0,0,0,0,0,74,0,127,0,31,0,0,0,0,0,0,0,0,0,0,0,39,0,0,0,0,0,0,0,16,0,24,0,0,0,6,0,25,0,0,0,22,0,1,0,0,0,0,0,0,0,117,0,0,0,0,0,0,0,0,0,0,0,0,0,0,0,0,0,0,0,0,0,0,0,0,0,0,28,0,0,0,76,126,119,17,0,0,0
13,0,0,0,17,0,0,0,7,0,11,0,46,23,13,0,28,0,18,0,2,0,0,0,0,0,280,47,11,0,0,0,0,0,0,0,62,0,0,0,95,84,152,0,0,48,293,104,207,13,87,0,6,0,0,0,6,0,0,0,0,0,0,0,0,0,0,0,0,0,0,0,0,0,10,0,0,0,0,0,51,0,22,1,108,0,0,0,8,0,0,0,13,0,27,0,0,0,91,0,9,0,0,0,0,0,0,0,0,0,0,0,0,0,0,0,0,0,0,0,76,0,49,0,0,0,0,0,0,0,0,0,0,0,0,0,0,0,0,0,0,0,39,0,45,0,0,0,0,0,1,0,0,0,0,0,0,0,0,0,0,0,18,0,124,0,19,0,91,0,23,0,35,0,0,0,0,24,6,0,0,0,0,0,0,0,183,0,0,0,0,0,0,0,9,0,0,0,0,0,0,0,0,0,0,0,0,0,0,0,40,327,458,18,25,0,0,90,0,21,0,0,0,0,3
0,0,0,32,0,0,0,0,0,0,0,12,0,28,0,12,0,6,0,33,3,127,0,11,0,6,0,357,0,2,0,0,0,0,0,19,0,18,0,0,78,130,0,139,48,0,47,383,24,262,0,75,0,0,0,0,0,0,0,5,0,0,0,11,0,0,0,0,0,5,0,0,0,3,0,0,0,34,0,0,0,110,0,35,0,92,0,40,0,0,0,0,0,0,0,65,0,0,0,22,0,17,0,0,0,0,0,0,0,0,0,0,0,0,0,0,0,1,0,0,0,61,0,0,0,4,0,0,0,0,0,0,0,0,0,0,0,25,0,0,0,24,0,73,0,28,0,0,0,0,0,0,0,0,0,0,0,0,0,0,0,0,0,4,0,179,0,19,0,166,0,17,0,22,0,0,0,133,1,0,0,0,0,1,0,2,22,112,0,0,0,0,0,0,0,25,0,0,0,0,0,0,0,0,0,0,0,0,0,0,0,10,0,0,81,0,0,0,164,431,417,46,0,0,105
29,0,8,0,44,0,0,0,0,0,21,0,181,35,6,0,1,0,0,0,0,0,2,0,0,0,181,54,0,0,0,0,0,0,0,0,0,0,0,0,244,81,52,0,293,47,0,100,227,9,14,0,0,0,0,0,0,0,0,0,0,0,6,0,0,0,0,0,0,0,0,0,0,0,2,0,0,0,0,0,4,0,0,0,0,0,0,0,0,0,0,0,0,0,0,0,0,0,0,0,0,0,0,0,0,0,0,0,0,0,0,0,0,0,0,0,0,0,0,0,4,0,0,0,0,0,0,0,0,0,0,0,0,0,0,0,0,0,0,0,0,0,0,0,0,0,0,0,3,0,0,0,0,0,0,0,0,0,0,0,0,0,0,0,18,3,1,0,0,0,0,0,1,0,0,0,0,31,10,0,0,0,0,0,0,0,161,0,0,0,0,0,0,0,0,0,0,0,0,0,0,0,0,0,0,0,0,0,0,0,0,332,87,0,0,0,0,171,0,21,0,0,0,0,1
0,129,0,0,0,174,0,35,0,21,0,116,105,169,0,0,0,0,45,60,14,0,0,0,0,0,228,377,0,0,0,0,0,0,8,0,0,0,0,0,204,267,31,40,104,383,100,0,21,157,20,22,0,0,0,0,0,0,0,0,0,0,0,0,0,5,0,0,0,0,0,0,0,0,0,0,0,0,0,0,0,0,0,0,0,0,0,0,0,0,0,0,0,0,0,0,0,0,0,0,0,0,0,0,0,0,0,0,0,0,0,0,0,0,0,0,0,0,0,0,0,0,0,0,0,0,0,0,0,0,0,0,0,0,0,0,0,0,0,0,0,0,0,0,0,0,0,1,0,0,0,0,0,0,0,0,0,0,0,0,0,0,0,0,0,25,0,3,0,0,0,0,0,0,0,0,0,241,2,0,0,3,0,6,0,0,37,8,0,0,0,0,0,0,0,0,0,0,0,0,0,0,0,0,0,0,0,0,0,7,0,19,0,0,0,0,0,0,0,334,92,0,0,0,144
44,0,45,0,40,0,69,0,31,0,21,0,29,0,0,0,21,0,0,1,7,0,13,0,24,0,24,1,0,0,3,0,2,0,9,0,12,0,0,0,212,14,37,0,207,24,227,21,0,10,24,0,9,0,40,0,56,0,28,0,4,0,9,0,1,0,0,0,1,0,2,0,2,0,0,0,5,0,11,0,8,1,22,0,19,0,12,0,9,0,0,0,20,0,50,0,18,0,0,0,2,0,10,0,0,0,8,0,0,0,0,0,0,0,0,0,0,0,0,0,5,0,0,0,0,1,0,0,9,0,15,0,0,0,7,0,0,0,0,0,0,0,0,0,0,0,5,0,0,0,5,0,6,0,17,0,3,0,0,0,18,0,8,0,40,0,23,0,49,0,9,0,31,0,0,0,24,10,21,0,0,0,10,0,7,0,316,0,0,0,10,0,0,0,9,0,0,0,20,0,2,0,18,0,0,0,13,0,6,0,149,80,199,11,105,8,5,51,0,7,3,1,0,0,13
0,42,0,35,0,20,0,22,0,13,0,28,0,11,0,6,0,0,0,0,0,11,0,9,0,13,0,57,0,0,0,0,0,0,0,0,0,0,0,0,7,156,0,21,13,262,9,157,10,0,0,33,0,7,0,12,0,3,0,0,0,0,0,11,0,5,0,0,0,2,0,0,0,0,0,0,0,13,0,0,0,24,0,25,0,41,0,15,0,0,0,0,0,8,0,32,0,7,0,0,0,5,0,0,0,0,0,0,0,1,0,0,0,0,0,0,0,0,0,0,0,0,0,0,0,3,0,0,0,0,0,3,0,2,0,17,1,34,0,8,0,11,0,27,0,0,0,0,0,4,0,4,0,8,0,0,0,1,0,0,0,3,0,1,0,66,0,29,0,51,0,5,0,6,0,3,0,138,0,0,0,17,1,23,0,15,8,76,0,0,0,0,0,0,0,3,0,2,0,4,0,3,0,10,0,0,0,4,0,0,0,3,0,0,40,0,0,4,101,64,113,16,0,0,33
0,0,0,0,64,0,0,0,8,0,18,0,233,39,16,0,49,0,163,0,54,3,0,0,11,0,248,56,30,0,40,0,12,0,112,0,86,0,1,0,16,9,39,0,87,0,14,20,24,0,0,0,15,0,0,0,7,0,2,0,0,0,38,0,0,0,0,0,0,0,17,0,5,0,20,0,0,0,0,0,35,0,0,0,119,0,30,0,0,0,9,0,7,0,0,0,86,0,100,0,0,0,0,0,0,0,12,0,0,0,0,0,0,0,0,0,0,0,0,0,64,0,0,0,0,0,0,0,2,0,0,0,0,0,0,0,0,0,0,0,25,0,42,0,20,0,0,0,0,0,0,0,0,0,7,0,5,0,0,0,0,0,27,0,37,0,26,0,56,0,40,0,46,0,0,0,0,0,51,0,0,0,6,0,4,0,77,0,0,0,0,0,0,0,0,0,0,0,0,0,0,0,0,0,0,0,0,0,4,0,74,118,152,44,50,0,2,7,0,0,0,0,0,0,0
0,0,0,0,0,0,0,0,0,5,0,0,0,146,0,0,0,23,0,218,0,109,0,0,0,9,61,471,0,35,0,28,0,4,0,40,0,78,0,11,13,18,0,34,0,75,0,22,0,33,0,0,0,2,0,8,0,10,0,0,0,17,0,0,0,0,0,0,0,0,0,0,0,0,0,0,0,0,0,0,0,78,0,0,0,0,0,0,0,0,0,4,0,2,0,0,0,0,0,0,0,0,0,1,0,0,0,0,0,0,0,0,0,0,0,0,0,0,0,0,0,43,0,0,0,0,0,0,0,0,0,0,0,0,0,0,0,0,0,78,0,61,0,113,0,45,0,0,0,0,0,0,0,0,0,0,0,0,0,0,0,6,0,7,0,19,0,27,0,87,0,15,0,97,0,0,0,43,0,2,0,0,0,0,0,0,5,173,0,0,0,0,0,0,0,0,0,0,0,0,0,2,0,0,0,0,0,0,0,0,0,0,0,0,56,0,0,0,45,69,110,28,0,0,6
0,0,0,0,0,0,86,7,204,49,0,0,0,0,0,0,123,0,0,0,21,0,0,0,85,5,21,0,37,0,2,0,0,0,4,0,2,0,12,0,0,0,0,0,6,0,0,0,9,0,15,0,0,0,183,17,121,5,41,32,48,0,148,0,2,0,4,7,0,0,2,0,0,0,0,0,0,0,0,0,6,0,0,0,22,0,0,0,1,0,8,0,0,0,0,0,28,0,13,0,0,0,0,0,2,0,0,0,0,0,0,0,0,0,0,0,0,0,0,0,2,0,11,0,0,0,0,0,38,0,9,0,11,0,0,0,82,0,402,0,83,0,107,1,19,0,5,0,7,0,4,0,4,0,361,0,62,0,210,0,9,0,19,0,0,0,0,0,33,0,175,0,15,0,2,2,171,6,0,0,0,0,2,0,5,0,0,0,0,0,0,0,0,0,0,0,0,0,0,0,0,0,0,0,0,0,0,0,2,0,97,75,149,102,109,0,34,0,0,0,0,0,0,0,0
0,27,0,9,0,0,0,62,0,78,0,0,0,0,0,3,0,73,0,0,0,0,0,14,8,38,0,0,0,15,0,0,0,4,0,0,0,0,0,5,0,0,0,0,0,0,0,0,0,7,0,2,0,0,10,53,0,154,7,0,0,16,5,120,0,0,2,0,0,0,0,0,0,0,0,0,0,0,0,0,0,0,0,0,0,33,0,5,0,0,0,0,0,0,0,0,0,0,0,10,0,0,0,0,0,0,0,0,0,0,0,0,0,0,0,0,0,0,0,0,0,1,0,0,0,2,0,2,0,27,0,12,0,17,0,0,0,50,0,366,0,43,0,121,0,46,0,0,0,0,0,0,0,0,0,307,0,105,0,159,0,16,0,0,0,0,0,0,0,0,0,42,0,0,0,0,6,19,0,2,0,1,1,16,0,0,0,0,0,0,0,0,0,0,0,0,0,0,0,0,0,0,0,0,0,0,0,0,0,0,0,0,0,0,45,0,0,0,29,683,0,0,0,0,0
2,0,23,0,0,0,124,11,131,100,0,0,0,0,51,0,17,0,0,0,16,0,58,0,244,0,0,0,5,0,0,0,0,0,0,0,0,0,3,0,0,0,0,0,0,0,0,0,40,0,0,0,183,10,0,55,165,6,243,45,36,0,23,0,9,0,2,14,1,0,2,0,0,0,0,0,4,0,0,0,0,0,0,0,0,0,0,0,0,0,0,0,2,0,0,0,0,0,0,0,0,0,0,0,0,0,0,0,0,0,0,0,0,0,0,0,0,0,0,1,0,0,0,0,28,0,12,0,107,0,79,0,88,0,37,0,224,0,58,0,9,0,74,0,0,0,7,0,18,0,2,0,0,0,103,1,40,0,44,0,196,0,0,0,0,0,0,0,59,0,206,0,15,0,0,1,129,13,0,0,1,0,0,0,3,0,0,0,0,0,0,0,0,0,0,0,0,0,2,0,0,0,0,0,0,0,0,0,0,0,282,87,358,268,362,0,109,0,1,0,0,0,0,0,0
0,6,0,121,0,22,34,270,98,45,1,5,0,0,0,66,0,51,0,31,0,21,2,48,21,388,0,0,0,27,0,8,0,0,0,0,0,0,0,18,0,0,0,0,0,0,0,0,0,12,0,8,17,53,55,0,0,162,23,106,0,0,20,43,0,0,7,0,0,2,0,0,0,0,0,0,0,0,0,0,0,9,0,0,0,0,0,0,0,0,0,0,0,1,0,0,0,0,0,5,0,0,0,0,0,0,0,0,0,0,0,0,0,0,0,0,0,0,0,1,0,0,0,0,0,10,0,0,0,32,0,29,0,38,0,98,0,194,0,118,0,21,0,100,0,2,0,2,0,0,0,2,0,0,0,104,0,0,0,25,0,65,0,0,0,12,0,0,0,14,0,183,0,87,0,0,31,79,0,0,0,0,0,0,3,6,0,0,0,0,0,0,0,0,0,0,0,0,0,0,0,0,0,0,0,0,0,0,0,27,0,0,0,0,590,0,0,0,396,386,428,363,4,5,15
5,0,4,0,0,0,5,0,5,0,0,0,2,0,0,0,0,0,0,0,0,0,0,0,37,0,0,0,0,0,0,0,0,1,0,0,0,0,1,0,0,0,0,0,6,0,0,0,56,0,7,0,121,0,165,0,0,0,460,18,0,0,10,0,37,9,40,17,0,0,0,0,0,0,0,0,0,0,3,0,2,0,0,0,0,0,0,0,0,0,0,0,0,0,0,0,0,0,0,0,0,0,0,0,0,0,0,0,0,0,0,0,0,0,0,0,0,0,0,1,0,0,0,0,6,0,4,0,67,0,91,0,26,0,14,0,17,0,8,0,0,0,0,0,24,0,0,0,7,0,0,0,0,0,205,0,44,0,109,1,216,11,100,0,6,0,9,0,99,0,118,0,36,0,2,4,4,0,0,0,0,33,0,0,6,3,0,0,0,0,0,0,0,0,1,0,0,0,0,0,0,0,0,0,0,0,0,0,3,0,436,114,669,601,1312,7,236,11,0,1,0,0,0,0,0
0,0,0,0,0,0,3,21,4,6,0,0,0,0,0,0,0,56,0,0,0,0,0,21,0,93,0,0,0,30,0,6,0,0,0,8,0,6,0,0,0,0,0,5,0,0,0,0,0,3,0,10,5,154,6,162,0,0,26,257,0,2,0,43,0,4,7,21,0,0,0,0,0,0,0,0,0,1,0,0,0,3,0,0,0,0,0,0,0,0,0,0,0,0,0,0,0,0,0,0,0,0,0,0,0,0,0,0,0,1,0,0,0,0,0,0,0,0,0,0,0,0,0,0,0,13,0,10,0,68,0,94,0,68,0,48,0,80,0,79,0,11,0,31,0,5,0,0,0,2,0,0,0,0,1,302,0,10,0,92,0,148,0,0,0,12,0,0,0,61,0,311,0,41,0,4,4,0,0,1,1,3,0,0,1,2,0,0,0,0,0,0,0,0,0,0,0,2,0,0,0,0,0,0,0,0,0,1,0,18,0,0,0,0,884,0,0,0,450,186,765,557,9,5,10
0,0,0,0,0,0,0,0,82,10,0,0,0,0,0,0,0,0,0,0,0,0,0,0,0,0,0,0,0,0,0,0,0,0,0,0,0,0,0,0,0,0,0,0,0,0,0,0,28,0,2,0,41,7,243,23,460,26,0,144,12,0,0,0,63,11,394,67,2,0,0,0,0,0,0,0,0,0,0,0,0,0,0,0,0,0,0,0,0,0,0,0,0,0,0,0,0,0,0,0,0,0,0,0,0,0,0,0,1,0,0,0,0,0,0,0,0,0,0,1,0,0,0,0,0,0,0,0,0,0,16,0,0,0,2,0,0,0,0,1,0,0,0,0,11,0,0,0,0,0,0,0,0,0,63,5,99,0,0,4,4,0,24,0,0,0,5,0,42,0,62,0,10,0,8,67,124,0,0,0,40,47,0,0,259,3,0,0,0,0,0,0,0,0,0,0,0,0,0,0,0,0,0,0,0,0,0,0,0,0,623,277,259,433,1008,3,142,0,6,0,1,0,0,0,0
0,5,0,0,0,0,0,12,60,105,0,0,0,0,0,0,0,0,0,0,0,0,0,0,1,16,0,0,0,0,0,0,0,0,0,0,0,0,0,0,0,0,0,2,0,5,0,0,0,0,0,0,32,0,45,106,18,257,144,0,0,0,0,0,0,166,75,543,0,0,0,0,0,0,0,0,0,0,0,0,0,0,0,2,0,0,0,0,0,0,0,0,0,0,0,0,0,0,0,0,0,0,0,0,0,0,0,0,0,0,0,16,0,0,0,0,0,0,0,0,0,0,0,0,0,50,0,0,0,3,0,57,0,13,0,0,0,10,0,7,0,0,0,0,0,27,0,2,0,26,0,4,0,0,3,39,1,19,0,8,0,91,0,0,0,7,0,0,0,22,0,56,0,19,0,170,65,0,0,0,0,78,0,0,28,317,0,0,0,0,0,0,0,0,0,0,0,0,0,0,0,0,0,0,0,0,0,3,0,12,4,3,0,1,1521,0,0,0,1147,609,486,549,24,2,10
23,0,0,0,0,0,103,0,172,0,0,0,0,0,0,0,0,0,0,0,7,0,0,0,37,0,12,0,0,0,4,0,12,0,0,0,32,0,23,0,0,0,0,0,0,0,0,0,4,0,0,0,48,0,36,0,0,0,12,0,0,0,72,0,0,0,0,0,0,0,0,0,0,0,0,0,0,0,0,0,0,0,0,0,5,0,1,0,0,0,0,0,0,0,0,0,2,0,2,0,0,0,0,0,0,0,0,0,0,0,0,0,0,0,0,0,0,0,0,0,7,0,13,0,0,0,0,0,0,0,0,0,0,0,0,0,0,0,154,0,59,0,15,0,95,0,0,0,0,0,0,0,0,0,34,0,126,0,8,0,0,0,0,0,0,0,3,0,2,0,120,0,67,0,0,0,0,0,0,0,0,0,5,0,7,0,0,0,0,0,0,0,0,0,0,0,0,0,0,0,0,0,0,0,0,0,0,0,0,0,41,168,40,38,32,2,0,3,0,0,0,0,0,0,0
0,153,0,0,0,0,0,155,0,0,0,0,0,0,0,0,0,3,0,0,0,0,0,0,0,42,0,0,0,0,0,2,0,1,0,5,0,13,0,13,0,0,0,11,0,0,0,0,0,0,0,17,0,16,0,0,0,2,0,0,0,0,0,43,1,0,0,1,0,0,0,0,0,1,0,0,0,0,0,0,0,3,0,0,0,0,0,0,0,0,0,0,0,0,0,0,0,0,0,0,0,0,0,0,0,0,0,0,0,0,0,0,0,0,0,0,0,0,0,0,0,0,0,0,0,0,0,0,0,0,0,0,0,0,0,0,0,0,0,52,0,36,0,29,0,102,0,0,0,0,0,0,0,0,0,14,0,230,0,17,0,0,0,3,0,1,0,0,0,0,0,21,0,146,0,0,0,18,0,0,0,1,0,0,0,0,0,0,0,0,0,0,0,0,0,0,0,0,0,0,0,0,0,0,0,0,0,0,0,0,0,0,0,0,21,0,0,0,0,613,28,0,3,0,0
0,11,34,0,0,0,361,26,225,93,0,0,0,0,0,0,319,1,25,0,101,0,10,0,246,24,101,0,154,0,54,0,19,0,11,0,27,0,73,0,0,0,24,0,0,0,6,0,9,0,38,0,148,5,23,20,10,0,0,0,72,0,0,2,0,0,0,0,0,0,1,0,0,0,0,0,0,0,0,0,0,0,0,0,45,0,0,0,0,0,0,0,0,0,0,0,0,0,0,0,0,0,0,0,0,0,0,0,0,0,0,0,0,0,0,0,0,0,0,0,0,0,38,0,0,0,0,0,0,0,3,0,8,0,0,0,33,0,229,0,83,0,58,0,37,0,0,0,8,0,1,0,4,0,118,0,50,0,65,0,0,0,0,0,0,0,0,0,4,0,27,0,51,0,0,0,30,21,0,0,0,0,4,0,4,0,0,0,0,0,0,0,0,0,0,0,0,0,0,0,0,0,0,0,0,0,0,0,0,0,69,141,57,44,56,0,6,1,1,0,0,1,0,0,0
14,216,10,27,0,24,8,326,5,113,0,0,0,0,0,0,4,450,0,0,0,61,4,71,30,177,0,35,0,175,1,38,0,32,0,26,0,6,0,51,0,0,0,0,0,11,0,0,0,11,0,0,0,120,0,43,0,43,0,0,0,43,2,0,0,0,0,0,0,0,0,0,0,0,0,0,0,0,0,0,0,0,0,0,0,15,0,0,0,0,0,0,0,0,0,0,0,0,0,4,0,0,0,0,0,0,0,0,0,0,0,0,0,0,0,0,0,0,0,0,0,3,0,0,0,0,0,0,0,0,0,0,0,0,0,11,0,0,0,164,0,34,0,41,0,70,0,0,0,0,0,2,0,0,0,95,0,112,0,52,0,0,0,0,0,0,0,0,0,0,0,4,0,5,0,0,0,50,0,0,0,0,0,61,0,0,0,0,0,0,0,0,0,0,0,0,0,0,0,0,0,0,0,0,0,0,0,0,0,0,0,0,0,0,22,0,0,0,20,789,18,0,0,0,0
7,0,7,0,0,0,0,1,81,2,0,0,0,0,0,0,0,0,0,1,0,0,1,0,0,4,2,0,0,0,0,0,0,0,0,0,0,0,0,0,0,0,0,0,0,0,0,0,1,0,0,0,2,0,9,0,37,0,63,0,0,1,0,0,0,31,131,0,0,0,0,0,0,0,0,0,0,0,0,0,0,0,0,0,0,0,0,0,0,0,0,0,0,0,0,0,0,0,0,0,0,0,0,0,0,0,0,0,0,0,0,0,0,0,0,0,0,0,0,0,0,0,0,0,0,0,2,0,0,4,30,28,0,0,8,7,4,0,13,0,0,0,0,4,27,0,0,0,17,54,0,0,0,0,11,0,3,0,0,0,304,15,6,0,0,0,0,0,0,0,0,0,0,0,27,6,4,0,0,0,231,141,0,0,72,8,0,0,0,0,0,0,0,0,0,0,0,0,2,0,0,0,0,0,0,0,0,2,0,1,44,2,0,0,39,0,0,1,0,0,0,0,0,0,0
0,29,0,21,0,18,0,6,0,132,0,8,0,0,0,22,0,0,0,27,0,0,0,0,0,0,0,41,0,0,0,0,0,6,0,0,0,0,0,0,0,1,0,0,0,0,0,5,0,5,0,0,0,0,0,0,9,4,11,166,0,0,0,0,31,0,8,267,0,0,0,12,0,0,0,0,0,2,0,0,0,7,0,0,0,0,0,7,0,0,0,0,0,0,0,0,0,0,0,0,0,0,0,0,0,0,0,0,0,0,0,0,0,0,0,0,0,0,0,0,0,2,0,3,0,12,0,2,4,0,15,55,0,0,0,12,0,34,0,17,3,38,0,1,0,73,0,0,13,20,0,9,0,10,0,0,0,0,5,0,24,360,0,11,0,0,0,6,0,1,0,1,0,0,0,120,0,0,0,1,33,276,0,5,0,68,0,0,0,0,0,0,0,0,0,0,0,0,0,0,0,0,0,0,0,0,0,0,0,46,0,0,0,0,57,0,0,0,141,28,34,0,3,0,0
0,0,0,0,0,0,0,0,76,0,0,0,0,0,0,1,0,0,0,0,0,0,0,0,0,0,0,0,0,0,0,0,0,0,0,0,0,0,0,0,0,0,0,0,0,0,0,0,0,0,0,0,4,2,2,7,40,7,394,75,0,0,0,0,131,8,0,17,0,0,0,0,0,0,0,0,0,0,0,0,0,0,0,0,0,0,0,0,0,0,0,0,0,0,0,0,0,0,0,0,0,0,0,0,0,0,0,0,0,0,0,0,0,0,0,0,0,0,0,0,0,0,0,0,2,0,0,0,0,0,22,0,0,0,1,0,0,0,1,0,0,0,0,0,1,0,5,0,30,0,0,0,0,0,14,5,5,0,3,3,32,7,2,0,0,0,0,0,0,0,5,0,0,0,18,43,83,0,0,0,70,54,0,0,406,2,0,0,0,0,0,0,0,0,0,0,0,0,0,0,0,0,0,0,0,0,0,0,0,0,83,40,0,0,132,0,0,0,0,0,0,0,0,0,0
0,6,0,4,0,2,0,3,11,187,0,0,0,0,0,0,0,0,0,0,0,0,0,0,0,0,0,0,0,0,0,0,0,0,0,0,0,0,0,0,0,0,0,0,0,0,0,0,0,0,0,0,7,0,14,0,17,21,67,543,0,1,0,0,0,267,17,0,0,0,0,0,0,0,0,0,0,0,0,0,0,0,0,0,0,0,0,0,0,0,0,0,0,0,0,0,0,0,0,0,0,0,0,0,0,0,0,0,0,0,0,0,0,0,0,0,0,0,0,0,0,0,0,0,0,12,0,3,0,0,0,36,0,0,0,2,0,0,0,3,0,0,0,0,0,14,0,0,0,24,0,3,0,0,0,2,2,3,1,0,0,201,0,0,0,0,0,0,0,0,0,0,0,0,0,150,31,0,0,0,5,84,0,2,6,482,0,0,0,0,0,0,0,0,0,0,0,0,0,0,0,0,0,0,0,0,0,3,0,0,0,2,0,0,77,0,0,0,73,120,0,0,0,0,0
0,0,0,0,0,0,0,0,0,0,0,0,0,0,0,0,0,0,0,0,0,0,0,0,0,0,0,0,0,0,0,0,0,0,0,0,0,0,0,0,0,0,0,0,0,0,0,0,1,0,0,0,0,0,1,0,0,0,2,0,0,0,0,0,0,0,0,0,0,0,0,0,2,0,0,0,51,0,1,0,0,0,8,0,0,0,6,0,4,0,0,0,3,0,3,0,0,0,0,0,0,0,77,0,0,0,19,0,7,0,2,0,0,0,0,0,1,0,0,0,0,0,0,0,0,0,0,0,0,0,0,0,0,0,0,0,0,0,0,0,0,0,0,0,0,0,0,0,0,0,0,0,0,0,0,0,0,0,0,0,0,0,0,0,7,0,0,0,72,0,5,0,1,0,0,0,0,0,0,0,0,0,0,0,0,0,0,0,2,0,5,0,2,0,7,0,2,0,0,0,0,0,0,0,0,0,0,0,0,0,8,2,22,0,0,2,0,0,0,0,0,0,0,0,0
0,0,0,0,0,0,0,1,0,0,0,0,0,0,0,0,0,0,0,0,0,0,0,0,0,0,0,0,0,1,0,0,0,0,0,0,0,0,0,0,0,0,0,0,0,5,0,0,0,2,0,0,0,0,0,2,0,0,0,0,0,0,0,0,0,0,0,0,0,0,0,0,0,0,0,0,0,58,0,0,0,0,0,19,0,0,0,2,0,21,0,0,0,20,0,14,0,0,0,0,0,4,0,89,0,0,0,5,0,95,0,5,0,7,0,1,0,10,0,0,0,0,0,0,0,1,0,1,0,0,0,0,0,0,0,0,0,0,0,0,0,0,0,0,0,0,0,0,0,1,0,0,0,0,0,1,0,0,0,0,0,0,0,0,0,4,0,0,0,78,0,3,0,0,0,0,0,0,0,0,0,0,0,0,0,0,0,0,0,0,0,0,0,0,0,14,0,0,0,4,0,8,0,0,0,0,0,0,0,0,0,0,0,0,8,0,0,0,79,0,82,0,21,15,4
0,0,0,0,0,0,0,0,0,0,0,0,0,0,0,0,3,0,0,0,5,0,0,0,0,0,0,0,6,0,0,0,1,0,0,0,11,0,0,0,0,0,7,0,0,0,0,0,2,0,17,0,2,0,2,0,0,0,0,0,0,0,1,0,0,0,0,0,0,0,0,0,182,0,280,0,0,0,98,0,0,0,0,0,0,0,0,0,0,0,0,0,0,0,0,0,0,0,0,0,0,0,0,0,0,0,0,0,0,0,0,0,0,0,0,0,0,0,0,0,36,0,5,0,0,0,27,0,32,0,31,0,23,0,0,0,31,0,3,0,18,0,0,0,65,0,26,0,53,0,0,0,0,0,0,0,2,0,0,0,0,0,28,0,0,0,0,0,15,0,16,0,5,0,13,0,0,0,0,0,6,0,0,0,0,0,0,0,0,0,0,0,0,0,0,0,0,0,0,0,0,0,0,0,0,0,0,0,21,0,59,3,0,0,5,0,0,0,0,0,0,0,0,0,0
0,1,0,0,0,0,0,0,0,0,0,0,0,0,0,0,0,0,0,0,0,0,0,5,0,0,0,0,0,0,0,0,0,0,0,0,0,0,0,0,0,0,0,0,0,0,0,0,0,0,0,0,0,0,0,0,0,0,0,0,0,0,0,0,0,12,0,0,0,0,0,0,0,98,0,203,0,14,0,2,0,0,0,2,0,0,0,63,0,0,0,0,0,0,0,0,0,0,0,0,0,0,0,0,0,0,0,0,0,0,0,0,0,0,0,0,0,0,0,0,0,13,0,8,0,33,0,0,0,0,0,49,0,24,0,0,0,0,0,16,0,30,0,32,0,112,0,0,0,40,0,0,0,0,0,0,0,2,0,0,2,7,0,22,0,0,0,0,0,6,0,12,0,16,0,4,0,0,0,0,0,8,0,0,0,0,0,0,0,0,0,0,0,0,0,0,0,0,0,0,0,0,0,0,0,0,0,0,1,0,0,0,0,0,12,0,0,0,90,1,8,0,0,0,0
0,0,0,0,0,0,0,0,0,0,0,0,0,0,0,0,0,0,0,0,0,0,0,0,0,0,0,0,0,0,0,0,0,0,0,0,0,0,0,0,0,0,0,0,0,0,0,0,2,0,5,0,0,0,0,0,0,0,0,0,0,0,0,0,0,0,0,0,2,0,182,0,0,0,56,0,22,0,139,0,0,0,24,0,5,0,9,0,0,0,2,0,21,0,0,0,0,0,0,0,0,0,1,0,0,0,0,0,1,0,0,0,0,0,0,0,0,0,0,0,66,0,10,0,17,0,0,0,47,0,25,0,0,0,111,0,61,0,0,0,62,0,114,0,74,0,16,0,0,0,14,0,0,0,0,0,0,0,0,0,0,0,59,0,0,0,0,0,12,0,0,0,0,0,0,0,0,0,0,0,0,0,0,0,0,0,0,0,18,0,0,1,0,0,0,0,0,0,74,0,38,0,67,0,0,0,0,0,70,0,293,1,12,0,33,0,0,0,0,0,0,0,0,0,0
0,0,0,0,0,0,0,0,0,0,0,0,0,0,0,0,0,0,0,0,0,0,0,0,0,0,0,0,0,0,0,0,0,0,0,0,0,0,0,0,0,0,0,0,0,3,0,0,0,0,0,0,0,0,0,0,0,0,0,0,0,1,0,0,0,0,0,0,0,0,0,98,0,0,0,338,1,97,0,25,0,2,0,9,0,16,0,139,0,0,0,0,0,3,0,0,0,0,0,0,0,0,0,2,0,0,0,0,0,0,0,0,0,0,0,0,0,0,0,1,0,66,0,27,0,0,0,0,0,25,0,0,0,0,0,277,0,210,0,46,0,14,0,58,0,61,0,0,0,26,0,0,0,0,0,0,0,4,0,0,0,0,0,40,0,4,0,0,0,27,0,2,0,1,0,0,0,0,0,0,0,0,0,0,0,0,0,0,0,47,0,0,0,0,0,9,0,0,0,0,0,77,0,0,0,43,0,49,0,89,0,0,0,0,16,0,0,0,149,4,19,0,0,0,2
0,0,0,0,0,0,0,0,0,0,0,0,0,0,0,0,7,0,4,0,0,0,0,0,0,0,0,0,4,0,0,0,0,0,0,0,6,0,0,0,0,0,5,0,10,0,2,0,0,0,20,0,0,0,0,0,0,0,0,0,0,0,0,0,0,0,0,0,0,0,280,0,56,0,0,0,8,0,140,0,12,3,13,0,8,0,7,0,0,0,0,0,0,0,0,0,3,0,13,0,0,0,0,0,0,0,0,0,0,0,0,0,0,0,0,0,0,0,0,0,244,0,30,0,47,0,43,1,15,0,0,4,0,4,83,0,42,0,0,0,69,0,69,3,145,0,32,4,65,0,0,0,64,0,0,0,7,0,0,0,1,0,17,0,0,0,3,0,0,0,15,0,0,0,44,0,0,0,0,0,11,6,0,0,32,0,0,0,2,0,0,0,0,0,0,0,0,0,46,0,9,0,22,0,0,0,40,0,58,0,122,0,0,0,11,1,0,0,0,0,0,0,0,0,0
0,0,0,0,0,0,0,0,0,0,0,0,0,0,0,0,0,0,0,0,0,0,0,0,1,0,0,0,0,0,0,0,0,0,0,0,0,0,0,0,0,0,0,0,0,0,0,0,0,0,0,0,0,0,0,0,0,0,0,0,0,0,0,0,0,0,0,0,0,0,0,203,0,338,0,0,0,9,0,28,0,15,0,0,0,0,0,71,0,0,0,0,0,0,0,0,0,0,0,0,0,0,0,0,0,0,0,0,0,0,0,0,0,0,0,0,0,0,0,1,0,203,0,57,0,0,0,0,0,9,0,46,0,0,0,116,0,75,0,19,0,52,0,61,0,210,0,0,0,59,0,0,0,0,0,0,0,3,0,0,0,0,0,36,0,0,0,0,0,7,0,13,0,11,0,0,0,0,0,0,1,0,0,0,0,0,0,0,0,0,0,0,0,0,0,0,0,0,0,0,0,0,0,0,0,0,0,0,0,37,0,0,0,0,17,0,0,0,110,0,0,0,0,0,1
0,0,0,0,0,0,4,0,0,0,0,0,0,0,0,0,0,0,0,0,0,0,0,0,0,0,0,0,0,0,0,0,0,0,0,0,0,0,0,0,0,0,0,0,0,0,0,0,5,0,0,0,0,0,4,0,0,0,0,0,0,0,0,0,0,0,0,0,51,0,0,0,22,1,8,0,0,0,7,0,5,0,10,0,0,0,19,0,9,0,0,0,41,0,5,0,8,0,2,0,0,0,37,0,0,0,34,0,16,0,1,0,0,0,7,0,7,0,0,0,3,0,0,0,0,0,0,0,0,0,0,0,0,0,0,0,0,0,0,0,0,0,5,0,0,0,0,0,0,0,0,0,0,0,0,0,0,0,0,0,0,0,0,0,10,0,0,0,19,0,4,0,0,0,0,0,0,0,0,0,0,0,0,0,0,0,0,0,0,0,0,0,0,0,57,0,0,0,0,0,24,0,45,0,72,0,0,0,0,0,33,2,11,0,4,2,8,0,0,0,2,0,0,0,0
0,0,0,0,0,0,0,0,0,1,0,0,0,0,0,0,0,0,0,0,0,0,0,0,0,0,0,0,0,0,0,0,0,0,0,0,0,0,0,0,0,0,0,0,0,34,0,0,0,13,0,0,0,0,0,0,0,1,0,0,0,0,0,0,0,2,0,0,0,58,0,14,0,97,0,9,0,0,0,7,0,9,0,45,0,7,0,161,0,17,0,0,0,59,0,24,0,0,0,0,0,0,0,72,0,59,0,14,0,36,0,2,0,8,0,4,0,27,0,0,0,17,0,0,0,4,0,0,0,0,0,2,5,0,0,0,0,0,0,0,0,1,0,0,0,0,0,0,0,0,0,2,1,0,0,0,0,0,0,0,0,0,0,4,0,21,0,0,0,85,0,2,0,0,0,0,0,0,0,0,0,0,0,0,0,0,0,0,0,142,0,0,0,0,0,92,0,27,0,0,0,35,0,105,0,105,0,0,0,0,0,0,0,0,0,0,0,0,48,8,73,4,7,1,2
0,0,0,0,0,0,0,0,1,0,0,0,0,0,0,0,6,0,0,0,0,0,0,0,0,0,0,0,0,0,0,0,0,0,0,0,0,0,0,0,0,0,0,0,0,0,0,0,11,0,0,0,0,0,0,0,3,0,0,0,0,0,0,0,0,0,0,0,1,0,98,0,139,0,140,0,7,0,0,0,2,0,22,0,8,0,61,0,0,0,8,0,70,0,1,0,27,0,3,0,0,0,15,0,0,0,31,0,30,0,0,0,0,0,8,0,7,0,0,0,113,0,8,0,0,0,0,0,0,0,0,0,0,0,68,0,0,0,0,0,44,0,56,0,16,0,0,0,0,0,0,2,3,0,0,0,0,0,0,0,0,0,20,0,0,0,0,0,72,0,0,0,0,0,0,0,0,0,0,0,0,0,1,0,0,0,0,0,54,0,38,0,0,0,20,0,0,0,169,0,57,0,138,0,122,0,0,0,0,0,159,0,69,0,31,4,19,0,0,0,0,0,0,0,0
0,0,0,0,0,0,0,0,0,0,0,0,0,0,0,0,0,0,0,0,0,0,0,0,0,0,0,0,0,0,0,0,0,0,0,0,0,0,0,0,0,0,0,0,0,0,0,0,0,0,0,0,0,0,0,0,0,0,0,0,0,0,0,0,0,0,0,0,0,0,0,2,0,25,0,28,0,7,0,0,0,4,0,0,0,0,0,17,0,0,0,0,0,0,0,0,0,0,0,0,0,0,0,1,0,0,0,0,0,1,0,0,0,0,0,0,0,0,0,0,0,22,0,4,0,0,0,0,0,0,0,0,0,0,0,73,0,0,0,0,0,14,0,21,0,15,0,0,0,16,0,0,0,0,0,0,0,0,0,0,0,0,0,4,0,0,0,1,0,2,0,4,0,6,0,0,0,0,0,0,0,0,0,0,0,0,0,0,0,0,0,0,0,0,0,0,0,0,0,0,0,0,0,0,0,0,0,0,0,0,0,0,0,0,3,0,0,0,43,1,3,0,1,0,0
