0,260,39,117,20,18,5,46,57,9,41,13,111,0,11,36,27,41,0,0,3,0,16,125,3,156,0,0,53,10,20,0,52,0,0,0,45,9,172,16,11,0,0,0,0,0,3,0,0,0,0,0,0,0,14,0,2,0,0,0,14,0,0,18,11,0,4,0,0,0,0,0,0,0,0,0,0,0,0,0,0,0,0,0,0,0,0,0,0,0,0,0,0,0,0,1,0,0,0,0,0,0,0,0,0,0,0,0,0,0,0,0,0,0,0,0,0,0,0,0,0,3,0,0,0,0,18,0,0,0,12,0,0,0,0,0,0,1,1,0,0,0,0,0,0,0,21,0,35,1,24,0,8,0,0,0,0,0,0,0,5,0,0,0,0,0,22,0,11,0,3,0,97,0,0,0,92,14,13,0,8,0,14,11,29,0,0,0,0,0,0,0,0,0,0,0,0,0,0,0,0,0,0,0,0,0,0,0,13,0,0,0,0,0,8,0,0,0,2,1,79,0,3,0,7,0,119,19,145,6,113,0,61,0,0,3,32,0,46,4,72,0,75,0,179,2,0,0,0
260,0,235,20,68,125,66,63,92,57,6,101,0,23,11,49,145,9,0,166,0,17,411,24,218,57,0,114,7,151,0,0,7,132,0,0,6,107,9,220,0,39,2,2,0,14,0,8,0,0,0,2,1,5,0,64,0,11,0,12,0,40,0,40,0,75,0,17,0,0,0,4,0,2,0,0,0,0,0,0,0,1,0,0,0,0,0,0,0,0,0,0,0,0,0,0,0,0,0,5,0,0,0,0,0,0,0,0,0,0,0,0,0,0,0,0,0,0,0,0,0,0,0,5,0,8,0,28,0,6,0,27,0,6,0,23,0,41,0,0,0,0,0,5,0,0,0,9,0,77,0,45,0,0,0,6,0,8,0,0,0,3,1,1,0,0,0,4,0,9,0,14,3,55,0,0,40,146,0,0,0,12,0,19,0,24,0,0,0,0,0,3,0,10,0,0,0,8,0,12,0,0,0,0,0,0,0,7,0,51,0,0,0,0,0,88,0,0,0,0,17,241,0,15,0,21,28,211,14,162,0,186,2,313,0,38,0,42,0,104,0,57,0,67,6,230,0,0,0
39,235,0,106,54,48,34,37,21,9,10,50,158,0,112,86,8,41,9,4,10,0,325,121,52,110,18,2,155,22,107,7,210,33,0,0,98,23,208,31,22,1,2,1,4,0,6,0,0,0,3,0,0,0,56,2,3,0,0,0,0,0,3,14,4,0,0,0,0,0,0,0,0,0,0,0,0,0,0,0,0,0,0,0,0,0,0,0,0,1,2,0,0,0,0,0,0,0,0,0,0,0,0,0,2,0,0,0,0,0,0,0,0,0,0,0,0,0,0,0,0,3,0,0,0,0,12,0,0,0,13,0,0,0,83,0,20,3,0,0,0,0,20,0,0,0,9,0,19,0,11,0,0,0,1,1,0,0,0,0,0,0,0,0,7,0,113,0,39,0,0,0,124,0,1,0,27,33,0,0,0,0,0,14,2,0,0,0,0,0,0,0,0,0,0,0,0,0,0,0,13,0,0,0,0,0,4,0,59,0,0,0,1,0,0,0,0,1,0,3,229,0,8,0,0,0,93,22,224,2,113,3,157,0,16,1,41,2,45,0,50,0,52,0,306,0,0,0,0
117,20,106,0,30,17,0,18,13,5,9,1,0,0,4,172,37,12,0,93,4,31,187,176,32,154,0,13,0,132,0,11,6,97,0,1,0,36,8,83,3,0,0,1,0,8,0,0,0,0,0,3,0,0,0,18,0,3,0,0,0,0,0,0,0,0,0,0,0,0,0,0,0,0,0,0,0,0,0,0,0,0,0,0,0,0,0,0,0,0,0,0,0,0,0,0,0,0,0,0,0,0,0,0,0,0,0,0,0,0,0,0,0,0,0,0,0,0,0,0,0,0,0,0,0,0,0,0,0,2,0,3,0,3,0,12,0,20,0,4,0,0,0,0,0,0,0,0,0,0,0,0,0,0,0,0,0,0,0,0,0,0,0,0,0,0,0,12,0,3,0,1,2,15,0,0,0,13,0,0,0,0,0,0,0,0,0,0,0,0,0,0,0,0,0,0,0,0,0,0,0,0,0,0,0,0,0,0,0,0,0,3,0,0,1,12,0,0,0,1,6,89,0,0,0,2,10,73,6,46,0,40,0,62,0,5,0,8,0,7,0,7,3,6,5,26,0,0,0
20,68,54,30,0,179,7,0,45,1,43,146,125,115,88,243,4,5,27,270,34,71,41,92,0,9,48,105,0,0,78,22,141,16,33,24,178,21,0,0,94,11,19,16,16,11,23,0,0,0,81,12,3,0,6,0,4,0,4,0,0,0,0,0,10,0,0,0,0,0,0,0,0,0,0,0,0,0,0,0,0,0,0,0,0,0,4,0,0,0,0,0,0,0,0,0,0,0,0,0,0,0,0,0,0,0,0,0,0,0,0,0,0,0,1,0,0,0,0,0,0,0,0,0,8,0,9,0,0,0,11,0,0,0,20,0,0,0,0,0,0,0,0,2,0,0,18,0,48,0,29,0,28,0,0,0,0,0,0,0,0,0,0,0,57,0,189,0,30,0,0,0,49,3,0,0,152,85,29,2,17,0,6,0,22,0,0,2,0,0,0,0,0,0,0,0,4,0,0,0,0,0,0,0,0,0,0,0,18,0,0,1,0,0,12,0,0,0,14,12,337,0,9,0,144,5,180,28,218,0,150,0,108,1,7,3,77,5,22,0,27,0,42,0,304,4,0,0,0
18,125,48,17,179,0,0,18,0,10,50,139,43,40,317,71,0,0,83,187,129,134,82,12,0,3,0,110,0,22,20,113,10,95,5,85,8,135,0,10,0,66,0,19,0,23,0,16,0,4,13,25,0,0,0,19,0,4,0,9,0,0,0,2,0,0,0,0,0,0,0,11,0,0,0,0,0,0,0,0,0,0,0,0,0,0,0,0,0,0,0,0,0,0,0,0,0,0,0,0,0,0,0,0,0,0,0,0,0,0,0,0,0,0,0,0,0,0,0,0,0,0,0,9,0,0,0,7,0,5,0,7,0,0,0,0,0,44,0,0,0,0,0,8,0,0,0,1,0,0,0,0,0,13,0,6,0,0,0,0,0,0,0,2,2,0,0,68,0,25,0,15,1,59,0,0,20,166,0,4,0,19,0,3,0,7,0,2,0,0,0,0,0,0,0,0,0,0,0,9,0,14,0,0,0,0,0,0,0,19,0,3,0,1,0,22,0,0,0,19,0,327,1,13,0,103,0,317,8,197,0,150,1,209,0,29,0,85,0,18,0,0,0,21,0,103,0,0,0
5,66,34,0,7,0,0,81,53,169,3,0,38,0,8,1,15,24,0,0,0,0,3,0,184,129,2,0,55,0,0,0,3,2,0,0,0,0,145,18,9,0,0,0,0,2,0,0,0,0,0,1,42,29,170,92,14,2,5,0,130,15,197,90,1,0,16,9,0,0,0,0,0,3,0,0,2,0,0,0,0,0,0,0,0,0,0,0,0,0,0,1,0,0,0,0,0,0,0,0,0,0,0,0,0,0,0,0,0,0,0,0,0,0,0,0,0,0,0,0,0,0,2,0,8,0,26,0,0,0,34,0,0,0,46,0,19,0,6,0,0,0,0,0,0,1,12,0,12,0,0,0,0,0,0,0,0,0,0,0,3,1,0,0,0,0,1,0,28,0,60,1,144,5,2,0,6,27,0,0,0,0,1,11,3,0,0,0,0,0,0,0,0,0,0,0,0,0,0,0,4,0,1,0,0,0,0,0,58,0,0,0,0,0,187,3,0,0,12,0,126,3,20,0,22,2,104,8,161,8,66,0,110,6,18,1,20,0,128,7,111,0,109,0,354,0,0,0,0
46,63,37,18,0,18,81,0,244,7,0,9,0,3,4,5,25,20,0,25,0,9,20,3,127,325,0,10,0,111,0,0,0,18,0,0,0,31,10,196,0,3,0,0,0,0,0,1,0,0,0,1,8,19,66,243,0,18,0,15,8,112,50,102,0,10,15,32,0,1,0,0,0,17,0,0,0,0,0,0,0,2,0,0,0,0,0,1,0,0,0,0,0,0,0,0,0,0,0,0,0,0,0,0,0,0,0,0,0,0,0,0,0,0,0,0,0,0,0,0,0,0,0,0,1,10,0,11,0,8,0,33,0,0,0,0,0,17,0,0,0,0,0,0,0,0,0,4,0,7,0,4,0,0,0,6,0,15,0,0,0,14,0,0,0,6,0,1,0,10,0,35,0,68,0,0,15,22,0,0,0,0,0,5,0,0,0,0,0,0,0,0,0,0,0,0,0,0,0,1,0,0,0,0,0,0,0,0,0,22,0,0,0,0,0,173,0,0,0,4,2,220,0,31,0,50,7,121,0,274,0,88,2,313,0,34,0,8,4,125,0,32,0,47,0,280,0,0,0
57,92,21,13,45,0,53,244,0,450,10,0,42,0,23,0,20,25,5,0,0,0,0,0,7,231,5,0,23,0,1,0,4,0,0,0,8,0,116,13,24,0,1,0,0,1,5,0,0,0,0,0,35,108,132,394,51,19,15,87,119,0,97,206,64,0,53,123,0,0,0,0,0,0,0,0,0,0,0,0,0,0,0,0,0,8,0,1,0,0,0,0,0,0,0,0,0,0,0,0,0,0,0,0,0,0,0,0,0,0,0,0,0,0,0,0,0,0,0,0,0,0,0,0,52,0,72,0,0,0,77,0,0,0,34,0,8,0,0,0,2,1,0,0,0,0,94,0,137,0,26,0,5,0,2,11,7,0,0,0,2,1,0,0,0,0,0,0,12,1,46,5,62,4,26,0,255,93,2,0,0,0,7,12,78,29,0,0,0,0,0,0,0,0,0,0,3,0,0,0,0,0,0,0,1,0,6,0,142,0,0,0,0,0,80,6,0,0,6,0,35,3,0,0,11,2,143,9,115,9,27,1,0,4,9,0,8,0,105,5,69,0,87,1,170,2,0,0,0
9,57,9,5,1,10,169,7,450,0,0,19,0,0,0,0,13,3,0,0,0,0,0,0,147,27,0,6,3,0,0,0,0,0,0,1,0,0,0,43,0,0,0,0,3,0,0,0,0,0,0,0,81,15,272,59,0,26,50,16,10,165,125,61,0,242,54,146,0,0,0,0,0,0,0,0,0,0,0,0,0,0,0,0,0,3,0,0,0,0,0,0,0,0,0,0,0,0,0,0,0,0,0,0,0,0,0,0,0,0,0,0,0,0,0,0,0,0,0,0,0,2,0,2,0,39,0,52,0,5,0,56,0,7,0,4,0,29,0,0,0,0,0,0,0,0,0,17,1,64,0,56,0,5,0,0,0,23,0,0,0,11,0,0,0,1,0,2,0,0,1,30,0,27,1,0,55,241,0,2,0,0,0,53,0,67,0,0,0,0,0,0,0,0,0,0,0,5,0,2,0,9,0,0,0,0,0,15,0,117,0,0,0,1,0,113,0,0,0,6,0,111,0,10,0,28,0,95,0,148,0,32,0,140,0,14,0,8,0,97,0,15,6,18,4,180,0,0,0
41,6,10,9,43,50,3,0,10,0,0,56,72,0,5,130,5,0,6,16,8,12,4,33,0,0,7,2,0,1,23,0,44,8,4,5,60,0,0,2,35,0,2,0,3,0,7,0,1,0,0,0,0,0,0,0,0,0,0,0,0,0,0,0,1,0,0,0,0,0,0,0,0,0,0,0,0,0,0,0,0,0,0,0,0,0,0,0,0,0,0,0,0,0,0,0,0,0,0,0,0,0,0,0,0,0,0,0,0,0,0,0,0,0,0,0,0,0,0,0,0,0,0,0,0,0,2,0,0,0,1,0,0,0,0,0,0,0,1,0,0,0,0,1,0,0,3,0,3,0,0,0,3,0,0,0,0,0,0,0,0,0,0,0,7,0,34,0,11,0,0,0,7,0,0,0,42,27,9,0,0,0,0,0,5,0,4,1,0,0,0,0,0,0,0,0,0,0,0,0,2,0,0,0,0,0,0,0,3,0,0,0,0,0,2,0,0,0,6,0,60,0,1,2,13,0,66,11,72,0,48,0,23,0,0,0,24,2,8,0,12,0,12,0,62,0,0,0,0
13,101,50,1,146,139,0,9,0,19,56,0,19,112,315,14,18,5,60,91,101,52,127,0,0,0,5,141,0,20,12,37,12,72,3,44,0,87,0,18,2,205,0,8,0,30,0,28,0,22,3,10,0,1,0,7,0,0,0,0,0,0,0,9,0,13,0,0,0,1,0,2,0,4,0,0,0,0,0,0,0,8,0,0,0,18,0,0,0,0,0,1,0,0,0,0,0,0,0,0,0,0,0,0,0,0,0,0,0,0,0,0,0,0,0,0,0,0,0,0,0,0,0,5,0,0,0,0,0,0,0,6,0,0,0,7,0,0,0,0,0,0,0,8,0,2,0,0,0,24,0,20,0,63,0,1,0,0,0,0,0,0,0,0,0,0,0,19,4,4,0,0,0,28,0,9,12,149,1,3,0,44,0,11,0,19,0,18,0,0,0,0,0,0,0,0,0,6,0,0,0,0,0,0,0,0,0,0,0,12,0,1,0,0,0,14,0,0,0,9,6,174,0,0,0,26,4,270,8,86,0,100,0,130,0,11,0,49,0,14,0,8,2,16,6,57,0,0,0
111,0,158,0,125,43,38,0,42,0,72,19,0,153,87,14,0,0,14,136,13,30,0,0,0,0,20,191,0,0,0,0,13,0,24,4,19,0,0,0,94,125,18,18,16,35,13,23,30,1,44,11,0,0,12,0,0,0,3,0,2,0,3,0,5,0,0,0,0,0,0,0,0,0,0,0,0,0,0,0,0,0,0,0,0,0,0,0,0,0,0,0,0,0,0,0,0,0,0,0,0,0,0,0,0,0,0,0,0,0,0,0,0,0,0,0,0,0,0,0,0,0,0,0,5,0,0,0,0,0,0,0,0,0,7,0,0,0,0,0,0,1,0,0,0,0,17,0,14,0,49,0,39,0,0,0,0,0,0,0,0,0,0,0,21,0,6,0,0,0,1,0,0,0,10,0,56,44,6,0,49,0,10,0,29,0,22,4,1,0,0,0,0,0,0,0,2,0,0,0,0,0,0,0,0,0,0,0,9,0,0,0,1,0,0,0,0,0,30,35,23,0,4,0,88,0,65,0,8,1,21,0,0,0,6,0,16,0,0,0,0,0,0,0,28,0,0,0,0
0,23,0,0,115,40,0,3,0,0,0,112,153,0,49,0,0,0,236,5,27,11,0,0,0,0,140,29,0,0,2,0,0,0,7,33,0,6,0,0,40,209,71,38,16,32,5,17,0,49,53,38,0,0,0,0,0,0,0,0,0,0,0,0,0,0,0,0,0,0,0,0,0,0,0,0,0,2,0,0,0,0,0,0,0,0,0,0,0,0,0,0,0,0,0,0,0,0,0,0,0,0,0,0,0,0,0,0,0,0,0,0,0,0,0,0,0,0,0,0,0,0,0,0,0,0,0,0,0,0,0,0,0,3,0,0,0,0,0,0,0,1,0,0,0,0,0,0,0,4,0,6,0,21,0,0,0,0,0,0,0,0,0,0,0,0,0,3,0,4,0,0,0,4,0,0,16,213,1,5,0,32,0,2,0,3,4,35,0,0,0,0,0,0,0,0,0,0,0,0,0,0,0,0,0,0,0,0,0,4,0,0,0,0,0,0,0,0,4,214,5,6,0,25,13,120,0,87,0,27,0,19,0,0,0,0,0,7,0,0,0,0,0,0,0,0,0,0,0
11,11,112,4,88,317,8,4,23,0,5,315,87,49,0,605,16,1,116,314,62,147,169,67,33,0,173,60,0,4,17,63,15,76,87,46,107,65,0,3,45,3,40,10,42,7,25,0,2,0,57,0,8,0,42,0,3,0,0,0,14,0,16,0,31,0,1,0,0,0,0,0,0,0,0,0,0,0,0,0,0,0,0,0,0,0,0,0,0,0,22,0,0,0,0,0,0,0,8,0,0,0,0,0,17,0,97,0,0,0,0,0,0,0,1,0,0,0,0,0,0,0,0,0,13,0,19,0,6,0,30,0,1,0,255,0,24,4,0,0,9,0,60,0,0,0,46,0,150,0,91,0,19,0,0,0,0,0,0,0,0,0,0,0,38,0,53,3,11,0,0,0,8,2,0,0,94,71,9,3,7,0,0,0,46,0,1,2,0,0,0,0,0,0,0,0,8,0,0,0,31,0,0,0,0,0,33,0,95,0,0,0,0,0,0,0,0,0,0,3,69,0,0,0,33,0,116,53,50,7,14,0,0,0,0,0,20,0,15,0,8,0,13,5,44,4,0,0,0
36,49,86,172,243,71,1,5,0,0,130,14,14,0,605,0,25,58,16,236,240,233,147,66,2,40,0,55,0,10,44,58,32,40,4,19,17,65,0,0,0,0,0,12,0,13,0,0,0,0,0,14,0,3,0,155,0,0,0,34,0,0,0,41,0,7,0,3,0,0,0,5,0,0,0,0,0,0,0,0,0,36,0,0,1,130,0,20,0,0,0,0,0,0,0,0,0,64,0,20,0,0,0,0,0,0,0,77,0,0,0,0,0,0,0,0,0,0,0,0,0,0,0,6,0,0,0,36,0,0,0,0,0,29,0,279,0,280,0,49,0,0,0,98,9,19,0,17,0,0,0,0,0,7,8,18,0,0,0,0,0,0,0,0,0,0,0,49,0,20,0,0,0,30,0,0,12,38,19,0,0,0,1,0,0,4,0,0,0,0,0,6,0,0,0,0,0,0,0,15,0,137,0,0,0,3,0,0,0,75,0,0,0,0,0,13,0,4,0,3,0,90,1,0,0,42,18,433,0,89,1,40,0,54,0,9,0,11,0,9,0,13,0,8,0,33,0,0,0
27,145,8,37,4,0,15,25,20,13,5,18,0,0,16,25,0,34,52,0,191,0,70,66,78,101,51,0,357,14,140,0,156,0,14,0,28,10,198,35,0,0,13,0,11,0,0,0,0,0,15,0,36,0,0,0,0,0,0,0,5,8,337,37,0,0,0,0,0,0,19,0,0,0,9,0,0,0,0,0,158,0,0,0,196,2,60,0,58,0,127,1,29,0,0,0,209,2,157,1,0,0,47,0,33,0,248,0,0,0,0,0,0,0,0,0,0,0,0,0,47,2,110,0,0,0,0,0,8,0,0,0,0,0,44,0,50,2,76,0,36,0,167,0,0,2,0,0,0,0,0,0,0,0,6,0,0,0,9,0,0,0,0,0,0,0,16,0,25,0,4,0,44,3,0,0,0,0,0,0,0,0,5,12,0,0,0,0,0,0,0,0,0,0,0,0,0,0,0,0,12,0,0,0,0,0,4,0,18,0,0,0,0,0,21,0,0,0,2,0,36,6,0,0,0,0,378,33,69,6,17,0,0,4,0,1,0,0,11,0,4,0,9,0,38,0,0,0,0
41,9,41,12,5,0,24,20,25,3,0,5,0,0,1,58,34,0,0,20,0,107,71,70,71,18,0,0,4,152,0,14,0,24,0,0,0,16,6,136,0,0,0,1,0,0,0,0,0,0,0,7,0,2,1,8,0,9,0,0,0,4,10,141,0,0,0,0,0,0,0,0,0,0,0,0,0,0,0,0,0,20,0,0,0,67,0,0,0,0,0,7,0,0,0,9,0,26,0,7,0,0,0,0,0,0,0,33,0,0,0,0,0,0,0,0,0,0,0,0,0,0,0,0,0,0,0,0,0,27,0,0,0,22,0,120,0,89,0,51,0,18,0,100,0,0,0,2,0,0,0,0,0,0,0,3,0,0,0,9,0,6,0,0,0,0,0,0,0,0,0,0,0,11,0,0,0,18,0,0,0,0,0,6,0,0,0,0,0,0,0,0,0,0,0,0,0,0,0,0,1,16,0,0,0,0,0,0,0,11,0,0,0,0,0,0,0,0,0,0,0,69,0,0,0,4,3,278,0,38,0,15,0,25,0,0,0,0,0,6,0,0,0,3,0,12,0,0,0
0,0,9,0,27,83,0,0,5,0,6,60,14,236,116,16,52,0,0,280,117,59,149,0,4,0,131,252,0,0,0,8,0,0,28,20,0,0,0,0,27,61,88,35,37,40,23,12,1,0,126,36,2,0,9,0,0,0,1,1,0,0,60,0,6,0,0,0,0,0,0,0,0,0,0,0,0,0,0,0,0,0,0,0,25,0,0,0,0,0,33,0,0,0,0,0,0,0,30,0,0,0,0,0,17,0,117,0,0,0,0,0,0,0,1,0,0,0,0,0,18,0,9,0,0,0,6,0,3,0,0,0,0,0,76,0,0,0,0,0,12,0,31,0,0,0,7,0,23,0,19,0,2,0,0,0,0,0,0,0,0,0,0,0,29,0,10,0,0,0,0,0,1,0,2,0,13,22,8,0,5,0,0,0,9,0,1,3,0,0,0,0,0,0,0,0,0,0,0,0,13,0,0,0,0,0,15,0,27,0,0,0,0,0,3,0,0,0,74,50,32,0,7,0,197,5,102,5,15,0,15,0,2,0,3,0,19,3,0,0,4,0,7,0,48,0,0,0,0
0,166,4,93,270,187,0,25,0,0,16,91,136,5,314,236,0,20,280,0,96,122,0,52,0,11,28,153,0,0,21,29,0,4,26,162,11,83,0,1,0,8,0,76,8,54,1,4,0,2,40,119,0,6,0,65,0,13,0,21,0,0,0,46,0,12,0,0,0,0,0,0,0,0,0,0,0,0,0,0,0,46,0,5,0,113,0,0,0,0,0,11,0,0,0,50,0,57,0,23,0,0,0,13,0,0,0,98,0,0,0,0,0,0,0,0,0,0,0,0,0,0,0,0,0,0,0,31,0,0,0,10,0,14,0,203,0,138,0,11,0,0,0,82,0,0,0,0,0,15,0,36,1,17,0,0,0,0,0,0,0,0,0,0,5,3,0,14,0,16,0,4,0,7,0,3,5,108,8,1,0,0,0,10,0,13,0,16,0,0,0,0,0,0,0,0,0,0,0,16,0,83,0,0,0,0,0,0,0,56,0,0,1,0,0,18,0,0,0,66,0,73,0,16,19,152,5,209,5,103,0,34,0,53,0,9,4,13,0,11,0,6,0,11,0,37,0,0,0
3,0,10,4,34,129,0,0,0,0,8,101,13,27,62,240,191,0,117,96,0,66,58,46,25,0,116,31,67,0,54,27,56,34,63,10,21,20,3,0,5,4,52,4,25,4,2,0,0,0,161,0,7,0,0,0,5,0,1,0,0,0,223,0,1,0,0,0,0,0,98,0,16,0,59,0,0,0,0,0,267,0,0,0,158,0,144,0,71,0,93,0,0,0,0,0,152,0,270,0,60,0,62,0,17,0,215,0,0,0,0,0,0,0,0,0,0,0,0,0,143,0,130,0,0,0,0,0,0,0,0,0,0,0,23,0,36,0,61,0,102,0,133,0,71,0,0,0,0,0,0,0,0,0,0,0,0,0,0,0,0,0,8,0,47,0,67,0,17,0,11,0,5,0,0,0,10,6,32,0,0,0,0,0,0,0,5,0,0,0,0,0,0,0,0,0,0,0,0,0,0,0,0,0,0,0,3,0,0,0,0,0,0,0,0,0,0,0,24,4,35,0,13,0,60,0,255,14,61,0,31,0,0,0,0,0,26,1,13,0,8,0,19,0,44,0,0,0,0
0,17,0,31,71,134,0,9,0,0,12,52,30,11,147,233,0,107,59,122,66,0,9,134,0,7,15,48,0,98,6,32,0,25,0,56,0,34,0,4,5,0,10,36,3,38,0,1,0,0,14,17,0,0,0,12,0,0,0,0,0,6,0,241,0,0,0,0,0,0,0,0,0,0,0,0,0,0,0,0,0,58,0,0,0,160,0,38,0,0,0,11,0,0,0,0,0,66,0,30,0,0,0,0,0,0,0,47,0,0,0,0,0,0,0,0,0,0,0,0,0,44,0,38,0,0,0,24,0,12,0,0,0,22,0,122,0,155,0,129,0,94,0,255,0,51,0,0,0,0,0,0,0,0,0,9,0,0,0,17,0,0,0,0,0,3,0,15,0,0,0,5,0,17,0,0,0,42,0,0,0,0,0,0,0,1,0,18,0,0,0,0,0,0,0,0,0,0,0,0,0,0,0,0,0,0,0,6,0,0,0,0,0,1,0,2,0,0,0,48,0,63,0,9,0,57,0,379,0,47,0,52,1,77,0,5,0,24,0,0,0,11,0,9,0,21,0,0,0
16,411,325,187,41,82,3,20,0,0,4,127,0,0,169,147,70,71,149,0,58,9,0,274,83,165,50,0,50,50,54,0,42,43,7,0,34,44,59,76,0,0,8,0,13,0,1,0,0,0,12,0,20,0,91,1,0,0,0,0,0,0,43,13,0,0,0,0,0,0,0,0,0,1,0,0,0,0,0,0,0,0,0,0,96,0,0,0,0,0,93,0,0,0,0,0,0,0,0,0,0,0,0,0,48,0,289,0,0,0,0,0,0,0,0,0,0,0,0,0,0,0,0,0,5,0,0,0,0,0,11,0,0,0,273,0,87,0,47,0,24,0,197,0,0,0,0,0,4,0,9,0,5,0,8,0,0,0,0,0,0,0,0,0,0,0,21,0,19,0,16,0,34,6,0,0,8,25,0,0,0,0,3,37,0,0,0,0,0,0,0,0,0,0,0,0,0,0,0,0,39,0,0,0,0,0,18,0,90,0,0,0,0,0,13,0,0,0,0,0,35,11,10,0,0,0,347,60,72,15,22,6,22,0,0,0,4,0,10,4,3,0,9,2,36,0,0,0,0
125,24,121,176,92,12,0,3,0,0,33,0,0,0,67,66,66,70,0,52,46,134,274,0,19,29,0,13,0,133,11,34,0,43,0,0,0,19,0,35,0,0,0,0,0,0,0,0,0,0,0,9,0,4,0,40,0,0,0,0,0,4,0,119,0,0,0,0,0,0,0,0,0,0,0,0,0,0,0,0,0,30,0,0,0,94,0,17,0,0,0,7,0,0,0,23,0,40,0,21,0,0,0,0,0,0,0,41,0,0,0,0,0,0,0,0,0,0,0,0,0,15,0,14,0,0,0,4,0,13,0,0,0,0,0,96,0,75,0,18,0,10,0,78,0,3,0,0,0,0,0,0,0,0,0,5,0,0,1,1,0,0,0,0,0,0,0,5,0,0,0,0,0,15,0,0,5,9,1,0,2,0,0,0,0,0,0,0,0,0,0,0,0,0,0,0,0,0,0,0,0,28,0,0,0,0,0,0,0,0,0,0,0,0,0,4,0,1,0,0,0,45,0,5,0,9,9,636,0,40,0,30,0,33,0,2,0,0,0,8,0,10,0,0,0,13,0,0,0
3,218,52,32,0,0,184,127,7,147,0,0,0,0,33,2,78,71,4,0,25,0,83,19,0,302,3,0,65,14,3,0,0,3,0,0,5,10,72,43,0,0,0,0,0,0,0,0,0,0,0,0,24,0,38,38,0,0,0,0,6,17,62,192,0,0,0,1,0,0,0,0,0,3,0,0,0,0,0,0,0,0,0,0,41,14,0,0,12,0,38,0,0,0,0,0,0,0,19,3,0,0,21,0,0,0,90,0,0,0,0,0,0,0,0,0,0,0,0,0,0,0,0,3,0,0,0,0,22,0,0,0,0,0,86,0,54,0,68,0,15,0,86,10,0,0,0,0,0,0,3,0,0,0,4,1,0,0,9,0,0,0,0,0,0,0,0,0,0,0,13,0,35,0,1,0,4,11,0,0,0,0,0,60,0,0,0,0,0,0,0,0,0,0,0,0,0,0,6,0,14,0,0,0,0,0,0,0,34,0,3,0,1,0,17,3,1,0,1,0,36,0,8,0,6,0,219,10,52,16,14,0,22,0,2,0,3,0,19,8,19,2,5,4,52,0,0,0,0
156,57,110,154,9,3,129,325,231,27,0,0,0,0,0,40,101,18,0,11,0,7,165,29,302,0,0,0,12,26,1,0,5,0,0,0,0,9,25,23,0,0,0,0,0,0,0,0,0,0,0,0,0,2,9,79,0,19,0,8,4,1,74,17,0,0,3,0,0,0,0,0,0,1,0,0,0,0,0,0,0,0,0,0,0,18,0,0,0,0,0,3,0,0,0,0,0,11,0,3,0,0,0,0,0,0,0,29,0,0,0,0,0,0,0,0,0,0,0,0,0,0,0,0,0,0,0,19,0,20,0,1,0,17,0,115,0,118,3,25,0,0,0,30,6,0,0,0,0,0,0,0,0,0,7,42,0,0,0,6,5,7,0,0,0,0,0,0,1,0,0,1,7,7,0,0,6,19,0,1,0,0,0,15,0,0,0,0,0,0,0,0,0,0,0,0,0,0,0,0,0,52,0,0,0,0,0,4,0,20,0,0,0,0,0,7,0,0,0,2,2,20,0,0,2,0,14,224,0,17,4,12,0,26,3,5,0,3,0,8,0,6,0,9,0,14,0,0,0
0,0,18,0,48,0,2,0,5,0,7,5,20,140,173,0,51,0,131,28,116,15,50,0,3,0,0,159,18,0,7,0,0,0,2,0,26,0,0,0,57,222,60,24,82,55,20,37,16,1,77,21,10,0,0,0,0,0,0,0,7,0,75,0,6,0,0,0,0,0,17,0,0,0,0,0,0,0,0,0,52,0,0,0,28,0,0,0,0,0,34,0,0,0,0,0,0,0,45,0,0,0,0,0,0,0,84,0,0,0,0,0,0,0,0,0,0,0,0,0,29,0,13,0,0,0,0,0,0,0,0,0,0,0,41,0,0,0,20,0,0,0,0,1,0,0,0,0,19,0,0,0,0,0,0,0,0,0,0,0,0,0,0,0,34,0,4,0,0,0,0,0,0,0,0,0,17,31,3,0,6,1,0,0,10,0,5,4,0,0,0,0,0,0,0,0,0,0,0,0,7,0,0,0,0,0,0,0,0,0,0,0,0,0,0,0,0,0,258,68,11,0,21,32,141,0,11,0,12,0,0,0,0,0,0,0,9,0,0,0,3,0,0,0,18,0,0,0,0
0,114,2,13,105,110,0,10,0,6,2,141,191,29,60,55,0,0,252,153,31,48,0,13,0,0,159,0,0,2,2,8,0,3,7,62,2,9,0,0,80,22,67,110,9,131,12,20,0,14,57,148,0,0,0,22,0,0,0,1,0,0,0,20,0,0,0,2,0,0,0,0,0,0,0,0,0,0,0,0,0,13,0,0,0,0,0,0,0,0,0,0,0,0,0,0,0,0,0,13,0,0,0,0,0,0,0,0,0,0,0,0,0,0,0,0,0,0,0,0,0,0,0,7,0,4,0,0,0,0,0,0,0,0,0,0,0,0,0,0,0,0,0,24,0,0,0,1,0,0,0,5,0,0,0,0,0,0,0,0,0,4,0,0,0,11,0,5,0,14,0,2,0,0,0,4,11,89,0,0,0,13,0,10,0,0,0,17,0,0,0,0,0,0,0,0,0,0,0,0,0,0,0,0,0,0,0,6,0,17,0,0,0,0,0,11,0,0,0,533,0,14,0,85,4,157,0,131,0,40,0,23,0,18,0,13,0,0,0,0,0,0,0,3,0,23,0,0,0
53,7,155,0,0,0,55,0,23,3,0,0,0,0,0,0,357,4,0,0,67,0,50,0,65,12,18,0,0,0,66,0,4,0,43,0,67,0,1,2,0,0,38,0,0,0,0,0,0,0,23,0,0,0,0,1,0,0,0,0,2,0,42,0,0,0,0,0,0,0,0,0,0,0,6,0,0,0,3,0,20,0,0,0,10,0,17,0,0,0,2,0,0,0,0,0,6,0,19,0,0,0,0,0,0,0,0,0,0,0,0,0,0,0,0,0,0,0,0,0,11,0,24,0,0,0,0,0,0,0,0,0,0,0,0,0,7,0,32,0,36,0,25,0,15,0,0,0,0,0,0,0,0,0,1,0,3,0,1,0,0,0,0,0,0,0,0,0,0,0,0,0,4,0,0,0,4,0,0,0,0,0,7,1,0,0,0,0,0,0,0,0,0,0,0,0,0,0,0,0,0,0,0,0,0,0,0,0,0,0,0,0,0,0,0,0,0,0,0,0,0,0,0,0,0,0,53,1,0,0,0,0,0,0,0,0,0,0,3,0,0,0,0,0,0,0,0,0,0
10,151,22,132,0,22,0,111,0,0,1,20,0,0,4,10,14,152,0,0,0,98,50,133,14,26,0,2,0,0,0,51,0,5,0,60,0,33,4,5,0,0,0,15,0,2,0,0,0,0,0,20,0,1,0,4,0,0,0,3,0,2,0,97,0,0,0,0,0,0,0,0,0,1,0,0,0,0,0,0,0,0,0,0,0,11,0,4,0,0,0,0,0,0,0,0,0,5,0,1,0,0,0,0,0,0,0,0,0,0,0,0,0,0,0,0,0,0,0,0,0,0,0,0,0,2,0,10,0,8,0,0,0,6,0,22,0,57,0,64,0,29,0,29,0,16,0,0,0,0,0,0,0,0,0,10,0,3,0,7,0,0,0,1,0,0,0,0,0,0,0,0,0,0,0,0,0,25,0,0,0,0,0,10,0,0,0,0,0,0,0,0,0,0,0,0,0,0,0,0,0,12,0,0,0,0,0,0,0,4,0,0,0,0,0,0,0,0,0,0,0,1,0,0,0,0,0,113,0,1,0,0,0,2,0,1,0,0,0,0,0,0,0,0,0,0,0,0,0
20,0,107,0,78,20,0,0,1,0,23,12,0,2,17,44,140,0,0,21,54,6,54,11,3,1,7,2,66,0,0,0,8,0,36,0,42,6,2,0,3,0,28,0,2,1,0,0,1,0,12,0,1,0,0,0,0,0,3,1,0,0,35,0,0,0,1,0,0,0,18,0,0,0,9,0,0,0,0,0,55,0,0,0,25,0,0,0,8,0,0,0,0,0,0,0,13,0,35,0,0,0,0,0,0,0,27,0,0,0,0,0,0,0,0,0,0,0,0,0,32,0,21,0,0,0,0,0,0,0,0,0,0,0,0,0,5,0,0,0,24,0,24,0,19,0,0,0,0,0,0,0,0,0,0,0,0,0,0,0,0,0,3,0,7,0,32,0,8,0,0,0,0,0,0,0,9,0,19,0,0,0,2,0,0,0,0,0,0,0,0,0,0,0,0,0,0,0,0,0,0,0,0,0,0,0,0,0,0,0,0,0,0,0,0,0,0,0,0,0,31,0,0,0,8,0,120,4,23,0,12,0,0,0,0,0,6,0,2,0,0,0,3,0,39,0,0,0,0
0,0,7,11,22,113,0,0,0,0,0,37,0,0,63,58,0,14,8,29,27,32,0,34,0,0,0,8,0,51,0,0,0,2,0,21,0,3,0,4,0,0,0,17,0,2,0,0,0,0,0,27,0,0,0,0,0,0,0,0,0,0,0,32,0,0,0,0,0,0,0,0,0,0,0,0,0,0,0,0,0,0,0,0,0,26,0,0,0,0,0,0,0,0,0,3,0,10,0,0,0,0,0,0,0,0,0,0,0,0,0,0,0,0,0,0,0,0,0,0,0,0,0,9,0,2,0,0,0,3,0,1,0,0,0,24,0,24,0,18,0,26,0,34,0,7,0,0,0,0,0,0,0,0,0,2,0,1,0,0,0,0,0,0,0,0,0,5,0,0,0,0,0,0,0,0,1,31,0,6,0,0,0,0,0,0,0,14,0,0,0,0,0,0,0,0,0,0,0,0,0,0,0,0,0,0,0,0,0,0,0,0,0,0,0,0,0,0,0,0,0,24,0,0,0,5,0,74,0,0,0,13,0,13,0,0,0,0,0,6,0,2,0,1,0,0,0,0,0
52,7,210,6,141,10,3,0,4,0,44,12,13,0,15,32,156,0,0,0,56,0,42,0,0,5,0,0,4,0,8,0,0,0,68,0,34,0,1,0,0,0,9,0,2,0,0,0,0,0,1,0,0,0,0,0,0,0,0,0,1,0,9,0,0,0,0,0,0,0,1,0,0,0,0,0,0,0,0,0,0,0,0,0,0,0,0,0,0,0,0,0,0,0,0,0,0,0,0,0,0,0,0,0,0,0,0,0,0,0,0,0,0,0,0,0,0,0,0,0,0,0,0,0,0,0,0,0,0,0,0,0,0,0,0,0,0,0,16,0,6,0,3,0,24,0,0,0,0,0,0,0,0,0,0,0,3,0,0,0,0,0,0,0,0,0,12,0,3,0,0,0,4,0,0,0,29,4,7,0,0,0,11,2,1,0,0,0,0,0,0,0,0,0,0,0,0,0,0,0,0,0,0,0,0,0,0,0,3,0,0,0,0,0,0,0,0,0,0,0,16,0,0,0,0,0,144,9,14,0,0,0,8,0,0,0,2,1,0,0,0,0,4,0,0,1,0,0,0
0,132,33,97,16,95,2,18,0,0,8,72,0,0,76,40,0,24,0,4,34,25,43,43,3,0,0,3,0,5,0,2,0,0,0,21,0,34,0,0,0,0,0,0,0,5,0,0,0,0,0,6,0,0,0,8,0,0,0,0,0,0,0,17,0,0,0,0,0,1,0,0,0,0,0,0,0,0,0,0,0,0,0,0,0,14,0,5,0,0,0,0,0,0,0,7,0,7,0,0,0,0,0,0,0,0,0,0,0,0,0,0,0,0,0,0,0,0,0,0,0,9,0,5,0,0,0,0,0,0,0,0,0,0,0,15,0,14,0,11,0,14,0,23,0,8,0,0,0,0,0,0,0,0,0,0,0,2,0,2,0,0,0,0,0,0,0,13,0,5,0,0,0,16,0,0,2,83,0,17,0,0,0,18,0,0,0,0,0,0,0,0,0,0,0,0,0,0,0,0,0,0,0,0,0,0,0,0,0,0,0,0,0,0,0,4,0,0,0,0,0,71,0,0,0,4,5,267,0,53,0,17,0,18,0,0,0,6,0,2,0,3,0,0,0,10,0,0,0
0,0,0,0,33,5,0,0,0,0,4,3,24,7,87,4,14,0,28,26,63,0,7,0,0,0,2,7,43,0,36,0,68,0,0,1,69,0,0,0,2,0,28,0,10,0,0,0,0,0,55,0,0,0,0,0,0,0,5,0,0,0,19,0,0,0,2,0,0,0,31,0,0,0,0,0,0,0,0,0,77,0,0,0,31,0,40,0,0,0,19,0,0,0,0,0,19,0,63,0,0,0,0,0,0,0,0,0,0,0,0,0,0,0,0,0,0,0,0,0,30,0,16,0,0,0,0,0,0,0,0,0,0,0,0,0,0,0,0,0,15,0,0,0,27,0,0,0,0,0,0,0,0,0,0,0,0,0,0,0,0,0,0,0,6,0,14,0,0,0,3,0,3,0,0,0,4,0,23,0,0,0,0,0,1,0,6,0,0,0,0,0,0,0,0,0,0,0,0,0,0,0,0,0,0,0,0,0,0,0,0,0,0,0,0,0,0,0,0,4,22,0,0,0,28,0,68,0,10,0,8,0,0,0,1,0,14,0,0,0,0,0,6,0,21,0,0,0,0
0,0,0,1,24,85,0,0,0,1,5,44,4,33,46,19,0,0,20,162,10,56,0,0,0,0,0,62,0,60,0,21,0,21,1,0,0,60,0,2,0,1,0,6,0,8,0,0,0,2,0,15,0,2,0,0,0,0,0,0,0,0,0,16,0,0,0,0,0,0,0,0,0,0,0,0,0,0,0,0,0,0,0,0,0,0,0,0,0,0,0,0,0,0,0,0,0,0,0,5,0,0,0,0,0,0,0,0,0,0,0,0,0,0,0,0,0,0,0,0,0,0,0,9,0,1,0,0,0,0,0,0,0,5,0,0,0,19,0,26,0,21,0,56,0,25,0,0,0,0,0,0,0,0,0,0,0,0,0,0,0,0,0,0,0,2,2,15,0,4,0,0,0,9,0,0,1,35,0,12,0,0,0,0,0,0,0,34,0,0,0,0,0,0,0,0,0,0,0,0,0,0,0,0,0,0,0,0,0,0,0,0,0,0,0,0,0,0,0,13,0,32,0,4,0,37,0,48,0,36,0,15,0,0,0,0,0,7,0,0,0,0,1,0,0,0,0,0,0
45,6,98,0,178,8,0,0,8,0,60,0,19,0,107,17,28,0,0,11,21,0,34,0,5,0,26,2,67,0,42,0,34,0,69,0,0,0,30,0,0,0,60,0,68,0,0,0,0,0,84,1,1,0,0,0,7,0,4,0,20,0,52,0,0,0,4,0,0,0,69,0,11,0,20,0,0,0,6,0,58,0,0,0,0,0,0,0,0,0,5,0,0,0,0,0,0,0,63,0,0,0,6,0,0,0,0,0,0,0,0,0,0,0,0,0,0,0,0,0,62,0,40,0,0,0,0,0,0,0,0,0,0,0,0,0,13,0,132,0,124,0,49,0,165,0,0,0,0,0,0,0,0,0,5,0,42,0,0,0,0,0,5,0,21,0,55,0,10,0,34,0,29,0,0,0,28,6,59,0,0,0,2,0,0,0,2,0,0,0,0,0,0,0,0,0,0,0,0,0,0,0,0,0,0,0,0,0,0,0,0,0,0,0,3,0,0,0,3,0,68,0,0,0,24,0,107,0,66,0,16,0,17,0,0,0,0,0,4,0,0,1,3,0,25,0,0,0,0
9,107,23,36,21,135,0,31,0,0,0,87,0,6,65,65,10,16,0,83,20,34,44,19,10,9,0,9,0,33,6,3,0,34,0,60,0,0,0,9,0,3,0,45,0,12,0,0,0,2,0,48,0,2,0,0,0,0,0,0,0,30,0,45,0,0,0,0,0,0,0,0,0,1,0,0,0,0,0,0,0,13,0,0,0,18,0,4,0,0,0,0,0,0,0,0,0,7,0,0,0,0,0,0,0,0,0,0,0,0,0,0,0,0,0,0,0,0,0,0,0,0,0,15,0,0,0,0,0,0,0,0,0,0,0,13,0,47,0,103,0,78,0,86,0,163,0,0,0,0,0,0,0,0,0,23,0,117,0,21,0,0,0,2,0,3,0,16,0,10,0,5,0,23,0,0,0,104,0,32,0,0,0,29,0,0,0,12,0,0,0,0,0,0,0,0,0,0,0,0,0,0,0,0,0,0,0,0,0,0,0,0,0,0,0,5,0,0,0,2,5,59,0,0,0,28,0,258,1,78,0,0,0,0,0,6,0,1,0,0,0,0,0,3,0,7,0,0,0
172,9,208,8,0,0,145,10,116,0,0,0,0,0,0,0,198,6,0,0,3,0,59,0,72,25,0,0,1,4,2,0,1,0,0,0,30,0,0,2,0,0,0,0,0,0,0,0,0,0,0,0,0,0,0,0,0,0,0,0,7,0,14,8,0,0,0,0,0,0,0,0,0,0,1,0,0,0,0,0,0,0,0,0,0,0,0,0,0,1,0,0,0,0,0,0,0,0,0,0,0,0,0,0,0,0,0,0,0,0,0,0,0,0,0,0,0,0,0,0,0,0,2,0,0,0,0,0,0,0,0,0,0,0,0,0,0,0,16,0,13,0,0,0,22,0,0,0,0,0,0,0,0,0,0,0,6,0,1,0,0,0,0,0,0,0,1,0,0,0,0,0,35,0,0,0,33,0,0,0,0,0,27,3,2,0,0,0,0,0,0,0,0,0,0,0,0,0,0,0,0,0,0,0,0,0,0,0,0,0,2,0,0,0,0,0,0,0,2,0,45,1,0,0,3,0,223,4,21,0,7,0,24,0,0,0,0,0,6,1,7,0,0,0,50,2,0,0,0
16,220,31,83,0,10,18,196,13,43,2,18,0,0,3,0,35,136,0,1,0,4,76,35,43,23,0,0,2,5,0,4,0,0,0,2,0,9,2,0,0,0,0,6,0,0,0,0,0,0,0,3,0,1,0,0,0,0,0,0,0,35,6,25,0,0,0,0,0,0,0,0,0,0,0,0,0,0,0,0,0,0,0,0,0,0,0,0,0,0,0,0,0,0,0,0,0,0,0,0,0,0,0,0,0,0,0,0,0,0,0,0,0,0,0,0,0,0,0,0,0,0,0,0,0,0,0,0,0,0,0,0,0,0,0,0,0,0,0,15,0,7,0,2,0,8,0,0,0,0,0,0,0,0,0,4,0,12,0,6,0,0,0,0,0,0,0,0,0,0,0,4,0,18,0,0,3,106,0,0,0,1,0,52,0,0,0,0,0,0,0,0,0,0,0,0,0,0,0,0,0,0,0,0,0,0,0,0,0,0,0,1,0,0,0,6,0,0,0,1,0,7,0,2,0,0,0,258,0,0,0,4,0,14,0,0,0,0,0,7,0,3,0,4,0,11,0,0,0
11,0,22,3,94,0,9,0,24,0,35,2,94,40,45,0,0,0,27,0,5,5,0,0,0,0,57,80,0,0,3,0,0,0,2,0,0,0,0,0,0,243,29,8,17,45,16,47,64,10,9,8,3,0,3,0,0,0,0,0,0,0,0,0,0,0,0,0,0,0,0,0,0,0,0,0,0,0,0,0,0,0,0,0,0,0,0,0,0,0,0,0,0,0,0,0,0,0,0,0,0,0,0,0,0,0,0,0,0,0,0,0,0,0,0,0,0,0,1,0,0,0,0,0,4,0,8,0,0,0,7,0,0,0,18,0,0,0,4,0,0,0,0,0,0,0,18,0,25,0,46,0,41,0,0,0,0,0,0,0,1,0,0,0,11,0,0,0,0,0,0,0,0,0,7,0,27,78,19,0,43,0,4,0,45,0,90,4,0,0,0,0,0,0,0,0,0,0,0,0,0,0,0,0,0,0,12,0,27,0,0,0,0,0,0,0,0,0,280,51,0,0,23,80,17,0,6,1,0,0,0,0,0,0,0,0,0,0,0,0,0,0,0,0,0,0,0,0,0
0,39,1,0,11,66,0,3,0,0,0,205,125,209,3,0,0,0,61,8,4,0,0,0,0,0,222,22,0,0,0,0,0,0,0,1,0,3,0,0,243,0,56,11,32,22,31,26,3,72,22,16,0,0,0,0,0,0,0,0,0,0,0,0,0,0,0,0,0,0,0,0,0,0,0,0,0,0,0,0,0,0,0,1,0,0,0,0,0,0,0,0,0,0,0,0,0,0,0,0,0,0,0,0,0,1,0,0,0,0,0,0,0,0,0,0,0,0,0,0,0,0,0,0,0,0,0,0,0,0,0,0,0,0,0,0,0,1,0,0,0,0,0,0,0,0,0,0,0,0,0,0,0,0,0,0,0,0,0,0,0,0,0,0,0,24,0,0,0,4,0,0,0,0,0,0,0,111,2,0,0,8,0,0,0,1,9,16,0,0,0,0,0,0,0,0,0,1,0,0,0,0,0,0,0,0,0,0,0,0,0,0,0,0,0,0,0,0,91,191,0,0,7,222,0,0,0,5,0,0,0,0,0,0,0,0,0,0,0,0,0,0,0,0,0,0,0,0,0
0,2,2,0,19,0,0,0,1,0,2,0,18,71,40,0,13,0,88,0,52,10,8,0,0,0,60,67,38,0,28,0,9,0,28,0,60,0,0,0,29,56,0,10,92,22,15,9,11,0,54,6,0,0,0,0,7,0,0,0,0,0,51,0,4,0,1,0,0,0,34,0,0,0,0,0,0,0,0,0,0,0,0,0,0,0,42,0,0,0,0,0,0,0,0,0,0,0,44,0,0,0,0,0,0,0,0,0,0,0,0,0,0,0,0,0,0,0,0,0,44,0,0,0,2,0,0,0,0,0,0,0,0,0,4,0,12,0,0,0,0,0,34,0,49,0,0,0,0,0,0,0,4,0,4,0,0,0,1,0,0,0,7,0,31,0,22,0,16,0,9,0,6,0,0,0,0,8,7,0,0,0,0,0,0,0,20,3,0,0,0,0,0,0,0,0,0,0,0,0,0,0,0,0,0,0,0,0,0,0,0,0,0,0,2,0,1,1,126,21,8,0,29,15,51,0,35,0,30,0,5,0,1,0,4,1,3,0,6,0,0,0,2,0,0,0,0,0,0
0,2,1,1,16,19,0,0,0,0,0,8,18,38,10,12,0,1,35,76,4,36,0,0,0,0,24,110,0,15,0,17,0,0,0,6,0,45,0,6,8,11,10,0,0,38,3,2,0,2,9,40,0,0,0,1,0,2,0,0,0,1,0,10,0,0,0,0,0,0,0,4,0,1,0,1,0,0,0,0,0,8,0,0,0,35,0,14,0,0,0,0,0,0,0,0,0,0,0,0,0,0,0,0,0,0,0,4,0,0,0,0,0,0,0,0,0,0,0,0,0,30,0,19,0,0,0,0,0,0,0,0,0,4,0,0,0,26,0,27,0,46,0,76,0,32,0,0,0,2,0,0,0,0,0,0,0,2,0,0,0,0,0,0,0,3,0,9,0,8,0,0,0,11,0,0,0,45,0,1,0,0,0,0,0,0,0,54,0,0,0,0,0,0,0,0,0,0,0,0,0,0,0,0,0,2,0,0,0,0,0,0,0,0,0,0,0,0,2,112,1,16,0,15,0,56,0,28,0,25,0,0,0,10,0,0,0,0,0,0,0,0,0,0,0,0,0,0,0
0,0,4,0,16,0,0,0,0,3,3,0,16,16,42,0,11,0,37,8,25,3,13,0,0,0,82,9,0,0,2,0,2,0,10,0,68,0,0,0,17,32,92,0,0,5,12,3,22,3,55,0,0,0,0,0,0,0,2,0,5,0,42,0,0,0,0,0,0,0,23,0,0,0,0,0,0,0,0,0,47,0,0,0,0,0,0,0,0,0,11,0,0,0,0,0,0,0,0,0,8,0,0,0,0,0,0,0,0,0,0,0,0,0,0,0,0,0,0,0,33,0,0,0,0,0,0,0,0,0,0,0,0,0,0,0,0,0,18,0,0,0,31,0,0,0,8,0,7,0,0,0,4,0,0,0,0,0,0,0,0,0,4,0,53,0,9,0,12,0,11,0,6,0,0,0,3,0,2,0,0,0,0,0,4,0,8,0,0,0,0,0,0,0,0,0,0,0,0,0,4,0,0,0,0,0,0,0,0,0,0,0,0,0,4,0,0,0,184,4,5,0,114,22,121,0,3,0,13,0,0,0,0,0,0,0,0,0,0,0,0,0,0,0,4,0,0,0,0
0,14,0,8,11,23,2,0,1,0,0,30,35,32,7,13,0,0,40,54,4,38,0,0,0,0,55,131,0,2,1,2,0,5,0,8,0,12,0,0,45,22,22,38,5,0,8,18,1,16,8,66,0,0,0,0,0,0,0,0,0,0,0,26,0,0,0,0,0,5,0,11,0,1,0,0,0,6,0,0,0,33,0,1,0,74,0,8,0,7,0,0,0,0,0,12,0,15,0,10,0,0,0,0,0,0,0,0,0,0,0,0,0,0,0,0,0,0,0,0,0,23,0,30,0,0,0,5,0,3,0,0,0,2,0,23,0,20,0,0,0,29,0,66,0,23,0,0,0,0,0,1,0,2,0,0,0,0,0,0,0,4,0,4,0,15,1,5,0,22,0,12,0,14,0,0,3,32,0,2,0,2,0,2,0,0,0,14,0,0,0,0,0,0,0,2,0,0,0,0,0,7,0,0,0,0,0,0,0,0,0,0,0,0,0,0,0,5,6,292,0,16,0,231,0,55,0,42,1,51,0,7,0,10,0,9,1,0,0,0,0,0,0,0,0,4,0,0,0
3,0,6,0,23,0,0,0,5,0,7,0,13,5,25,0,0,0,23,1,2,0,1,0,0,0,20,12,0,0,0,0,0,0,0,0,0,0,0,0,16,31,15,3,12,8,0,5,0,0,14,3,2,0,3,0,0,0,0,0,1,0,7,0,1,0,0,0,0,0,1,0,0,0,0,0,0,0,0,0,0,0,0,0,0,0,0,0,0,0,0,0,0,0,0,0,0,0,3,0,0,0,0,0,0,0,0,0,0,0,0,0,0,0,0,0,0,0,0,0,0,0,0,0,0,0,2,0,0,0,0,0,0,0,10,0,0,0,0,0,0,0,0,0,0,0,1,0,2,0,0,0,0,0,0,0,0,0,0,0,0,0,0,0,5,0,0,0,1,0,0,0,0,0,0,0,3,7,1,0,1,0,0,0,5,0,4,0,0,0,0,0,0,0,0,0,0,0,0,0,0,0,1,0,0,0,0,0,5,0,0,0,0,0,0,0,0,0,71,10,0,0,8,15,18,0,0,0,0,0,0,0,0,0,0,0,0,0,0,0,0,0,0,0,0,0,0,0,0
0,8,0,0,0,16,0,1,0,0,0,28,23,17,0,0,0,0,12,4,0,1,0,0,0,0,37,20,0,0,0,0,0,0,0,0,0,0,0,0,47,26,9,2,3,18,5,0,0,3,0,7,0,0,0,0,0,0,0,0,0,0,0,0,0,0,0,0,0,0,0,0,0,0,0,0,0,0,0,0,0,0,0,0,0,0,0,0,0,0,0,0,0,0,0,0,0,0,0,0,0,0,0,0,0,0,0,0,0,0,0,0,0,0,0,0,0,0,0,0,0,0,0,0,0,0,0,0,0,0,0,0,0,0,0,0,0,0,0,0,0,0,0,0,0,0,0,0,0,0,0,0,0,0,0,0,0,0,0,0,0,0,0,0,0,0,0,0,0,0,0,0,0,0,0,0,0,22,0,0,0,0,0,0,0,0,0,0,0,0,0,0,0,0,0,0,0,0,0,0,0,0,0,0,0,0,0,0,0,0,0,0,0,0,0,0,0,0,15,157,0,0,0,86,0,0,0,0,0,0,0,0,0,0,0,0,0,0,0,0,0,0,0,0,0,0,0,0,0
0,0,0,0,0,0,0,0,0,0,1,0,30,0,2,0,0,0,1,0,0,0,0,0,0,0,16,0,0,0,1,0,0,0,0,0,0,0,0,0,64,3,11,0,22,1,0,0,0,2,1,0,0,0,2,0,0,0,0,0,2,0,0,0,0,0,0,0,1,0,1,0,0,0,0,0,0,0,1,0,0,0,0,0,0,0,0,0,0,0,0,0,0,0,0,0,1,0,0,0,0,0,0,0,1,0,0,0,0,0,0,0,0,0,0,0,0,0,0,0,0,0,0,0,0,0,0,0,0,0,0,0,0,0,2,0,0,0,0,0,0,0,0,0,0,0,0,0,0,0,5,0,0,0,0,0,0,0,0,0,6,0,0,0,4,0,0,0,3,0,2,0,2,0,1,0,6,2,4,0,2,0,0,0,2,0,12,0,0,0,0,0,0,0,0,0,0,0,0,0,1,0,0,0,0,0,4,0,0,0,0,0,2,0,1,0,0,0,31,2,6,0,67,17,8,0,20,0,22,0,0,0,1,0,2,0,0,0,3,0,0,0,0,0,1,0,0,0,0
0,0,0,0,0,4,0,0,0,0,0,22,1,49,0,0,0,0,0,2,0,0,0,0,0,0,1,14,0,0,0,0,0,0,0,2,0,2,0,0,10,72,0,2,3,16,0,3,2,0,0,1,0,0,0,0,0,0,0,1,0,1,0,0,0,0,0,0,0,0,0,0,0,0,0,0,0,1,0,1,0,0,0,0,0,0,0,0,0,2,0,0,0,0,0,1,0,0,0,0,0,0,0,1,0,0,0,0,0,0,0,0,0,0,0,0,0,0,0,0,0,0,0,0,0,0,0,0,0,0,0,0,0,0,0,1,0,0,0,0,0,0,0,0,0,0,0,1,0,0,0,0,0,0,0,0,0,0,0,0,0,1,0,0,0,1,0,2,0,0,0,0,0,0,0,0,0,28,0,2,0,2,0,0,0,0,0,15,0,0,0,0,0,0,0,0,0,0,0,0,0,0,0,0,0,0,0,0,0,0,0,0,0,0,0,0,0,0,27,7,0,2,5,27,0,2,0,7,0,2,0,0,0,0,0,0,0,0,0,0,0,0,0,0,0,0,0,0,0
0,0,3,0,81,13,0,0,0,0,0,3,44,53,57,0,15,0,126,40,161,14,12,0,0,0,77,57,23,0,12,0,1,0,55,0,84,0,0,0,9,22,54,9,55,8,14,0,1,0,0,11,0,0,0,0,21,0,13,0,0,0,14,0,0,0,0,0,0,0,51,0,8,0,25,0,1,0,0,0,53,0,0,0,13,0,53,0,0,0,0,0,0,0,0,0,0,0,47,0,0,0,0,0,0,0,29,0,0,0,0,0,0,0,0,0,0,0,0,0,30,0,13,0,0,0,0,0,0,0,0,0,0,0,0,0,0,0,10,0,17,0,11,0,28,0,0,0,0,0,0,0,0,0,0,0,0,0,0,0,6,0,0,0,48,0,68,0,23,0,43,0,22,0,0,0,15,3,27,0,0,0,0,0,0,0,49,0,0,0,0,0,2,0,1,0,0,0,0,0,0,0,0,0,0,0,0,0,0,0,3,0,0,0,8,0,0,0,42,11,56,0,19,4,130,0,71,0,56,0,6,0,3,0,0,0,11,0,5,0,7,0,6,0,18,0,0,0,0
0,2,0,3,12,25,1,1,0,0,0,10,11,38,0,14,0,7,36,119,0,17,0,9,0,0,21,148,0,20,0,27,0,6,0,15,1,48,0,3,8,16,6,40,0,66,3,7,0,1,11,0,0,0,0,0,0,0,0,0,0,0,0,17,0,0,0,0,0,0,0,5,0,0,0,3,0,4,0,4,0,15,0,0,0,35,0,20,0,0,0,0,0,0,0,11,0,17,0,7,0,0,0,0,0,2,0,0,0,0,0,0,0,0,0,0,0,0,0,0,0,17,0,26,0,1,0,0,0,0,0,0,0,0,0,0,0,20,0,25,0,21,0,54,0,20,0,0,0,0,0,0,0,0,0,2,0,2,0,4,0,12,0,0,0,3,0,8,0,27,0,15,0,22,0,0,0,44,0,0,0,0,0,0,0,0,0,22,0,0,0,0,0,0,0,4,0,0,0,0,0,0,0,0,0,0,0,0,0,0,0,0,0,0,0,2,0,5,0,55,0,34,0,2,0,51,0,30,0,49,0,10,0,0,0,8,0,4,0,4,0,0,0,0,0,0,0,0,0
0,1,0,0,3,0,42,8,35,81,0,0,0,0,8,0,36,0,2,0,7,0,20,0,24,0,10,0,0,0,1,0,0,0,0,0,1,0,0,0,3,0,0,0,0,0,2,0,0,0,0,0,0,76,64,122,59,41,7,84,24,0,37,22,0,0,13,137,0,0,2,0,0,0,0,0,0,0,0,0,19,0,0,0,80,0,0,0,17,0,63,0,0,0,0,0,118,0,31,0,16,0,19,0,7,0,101,0,0,0,0,0,0,0,0,0,0,0,0,0,5,0,21,0,3,0,0,0,54,0,3,0,3,0,33,0,95,2,295,0,81,0,133,0,37,0,1,0,3,0,1,0,0,0,185,22,63,1,72,1,8,0,3,0,0,0,0,0,6,0,36,0,0,0,0,0,11,8,0,0,0,4,0,0,9,14,0,0,0,0,0,0,0,0,0,0,0,0,0,0,8,0,0,0,0,0,0,0,11,0,0,0,4,0,58,0,0,0,0,0,38,1,0,0,12,0,558,0,82,0,2,0,48,0,13,0,3,0,34,0,6,0,8,0,89,0,0,0,0
0,5,0,0,0,0,29,19,108,15,0,1,0,0,0,3,0,2,0,6,0,0,0,4,0,2,0,0,0,1,0,0,0,0,0,2,0,2,0,1,0,0,0,0,0,0,0,0,0,0,0,0,76,0,159,39,7,57,65,15,9,21,45,28,0,5,19,6,0,0,0,0,0,0,0,0,0,0,0,0,0,0,0,0,0,40,0,2,0,0,0,2,0,0,0,0,0,21,0,0,0,0,0,0,0,0,0,25,0,0,0,0,0,0,0,0,0,0,0,0,0,0,0,0,0,12,0,25,0,89,0,6,0,36,0,107,0,162,0,138,0,21,0,44,0,9,0,0,0,1,0,0,0,0,2,113,1,34,0,73,0,35,0,0,0,0,0,0,0,0,0,0,0,0,0,0,3,2,0,0,0,0,0,2,0,1,0,0,0,0,0,0,0,0,0,0,0,0,0,0,0,9,0,0,0,0,0,0,0,6,0,0,0,0,1,12,0,0,0,0,0,11,1,0,1,2,0,105,0,3,0,2,0,19,0,0,0,0,0,7,0,1,0,7,0,21,0,0,0
14,0,56,0,6,0,170,66,132,272,0,0,12,0,42,0,0,1,9,0,0,0,91,0,38,9,0,0,0,0,0,0,0,0,0,0,0,0,0,0,3,0,0,0,0,0,3,0,2,0,0,0,64,159,0,220,47,18,24,50,57,11,22,93,3,0,18,150,0,0,0,0,0,0,0,0,1,0,1,0,0,0,0,0,0,0,1,0,0,0,0,0,0,0,0,0,0,0,0,0,0,0,0,0,0,0,29,0,0,0,0,0,0,0,0,0,0,0,0,0,0,0,0,0,0,0,10,0,66,0,48,0,14,0,160,0,157,0,44,0,0,1,106,0,2,0,0,0,7,0,5,0,0,0,33,17,23,0,17,0,28,0,0,0,0,0,0,0,3,0,70,0,7,0,0,0,0,31,1,0,0,0,0,0,0,21,0,0,0,0,0,0,0,0,0,0,0,0,0,0,18,0,0,0,0,0,0,0,59,0,7,1,8,0,126,0,0,0,0,0,108,0,28,0,19,0,158,3,137,0,5,2,70,2,10,0,0,0,102,1,26,0,28,0,151,3,0,0,0
0,64,2,18,0,19,92,243,394,59,0,7,0,0,0,155,0,8,0,65,0,12,1,40,38,79,0,22,1,4,0,0,0,8,0,0,0,0,0,0,0,0,0,1,0,0,0,0,0,0,0,0,122,39,220,0,0,56,79,58,0,42,111,38,0,5,68,11,0,0,0,0,0,4,0,0,0,0,0,0,0,2,0,0,1,0,0,0,0,0,0,1,0,0,0,0,0,13,0,0,0,0,0,0,0,0,0,18,0,0,0,0,0,0,0,0,0,0,0,0,0,0,0,0,0,5,0,29,0,38,0,10,0,45,0,71,0,156,2,55,0,4,0,12,4,2,0,0,0,0,0,0,0,1,0,102,6,25,0,25,8,26,0,0,0,4,0,0,0,6,6,36,0,19,0,0,4,10,0,0,0,0,0,2,0,5,0,1,0,0,0,0,0,0,0,0,0,0,0,0,0,0,0,0,0,0,0,0,0,40,0,11,0,5,3,142,0,0,0,5,0,200,0,27,1,33,9,111,11,189,0,7,0,99,0,17,0,2,9,24,0,4,6,18,0,83,0,0,0
2,0,3,0,4,0,14,0,51,0,0,0,0,0,3,0,0,0,0,0,5,0,0,0,0,0,0,0,0,0,0,0,0,0,0,0,7,0,0,0,0,0,7,0,0,0,0,0,0,0,21,0,59,7,47,0,0,10,42,36,16,0,5,0,8,0,32,76,0,0,0,0,0,0,0,0,0,0,0,0,1,0,0,0,0,0,0,0,0,0,0,0,0,0,0,0,0,0,0,0,0,0,0,0,0,0,4,0,0,0,0,0,0,0,0,0,0,0,0,0,0,0,0,0,7,0,11,0,83,0,34,0,3,0,23,0,70,0,51,5,2,0,30,0,24,8,3,0,25,0,0,0,0,0,115,50,97,0,38,51,30,15,12,0,0,0,7,0,13,0,53,0,8,0,0,0,0,2,0,0,3,5,0,0,8,10,0,0,0,0,0,0,0,0,0,0,0,0,0,0,5,0,0,0,0,0,0,0,10,0,0,0,0,0,207,0,0,0,11,0,235,0,80,0,38,1,93,2,310,0,6,0,278,1,194,2,12,0,160,0,5,0,24,0,314,1,0,0,0
0,11,0,3,0,4,2,18,19,26,0,0,0,0,0,0,0,9,0,13,0,0,0,0,0,19,0,0,0,0,0,0,0,0,0,0,0,0,0,0,0,0,0,2,0,0,0,0,0,0,0,0,41,57,18,56,10,0,54,43,0,9,2,18,0,38,45,37,0,0,0,0,0,0,0,0,0,0,0,0,0,0,0,0,0,0,0,0,0,0,0,0,0,0,0,0,0,0,0,0,0,0,0,0,0,2,0,0,0,0,0,0,0,0,0,0,0,0,0,0,0,0,0,0,0,17,0,31,0,101,0,85,0,56,0,41,0,96,0,23,0,3,0,9,2,6,0,0,0,4,0,6,0,0,19,282,14,35,1,90,0,68,0,4,0,0,0,0,0,15,0,56,0,9,1,0,4,0,0,0,0,0,0,0,3,11,0,0,0,0,0,0,0,0,0,0,0,0,0,0,0,0,0,0,0,0,0,1,0,36,0,8,0,5,0,142,0,0,1,12,0,243,0,35,0,51,2,45,0,241,0,3,0,132,0,96,0,0,0,18,0,3,0,7,1,66,0,0,0
0,0,0,0,4,0,5,0,15,50,0,0,3,0,0,0,0,0,1,0,1,0,0,0,0,0,0,0,0,0,3,0,0,0,5,0,4,0,0,0,0,0,0,0,2,0,0,0,0,0,13,0,7,65,24,79,42,54,0,140,10,0,0,1,95,19,142,287,0,0,0,0,0,0,0,0,0,0,0,0,0,0,0,0,0,0,0,0,0,0,0,0,0,0,0,0,0,0,0,0,0,0,0,0,0,0,0,0,0,0,0,0,0,0,0,0,0,0,0,0,0,0,0,0,5,0,0,0,2,0,14,0,0,0,2,0,0,0,0,0,0,0,0,0,14,5,0,0,53,0,3,0,0,0,12,121,63,3,5,41,3,22,0,0,2,0,1,0,0,0,10,0,0,0,8,12,50,12,0,0,0,14,0,0,17,67,0,0,0,0,0,0,0,0,0,0,0,0,0,0,0,0,0,0,0,0,0,0,3,0,4,0,0,0,109,0,0,0,0,0,83,1,20,0,20,0,117,0,74,1,4,0,139,1,92,0,0,0,94,0,12,0,11,0,168,0,0,0,0
0,12,0,0,0,9,0,15,87,16,0,0,0,0,0,34,0,0,1,21,0,0,0,0,0,8,0,1,0,3,1,0,0,0,0,0,0,0,0,0,0,0,0,0,0,0,0,0,0,1,0,0,84,15,50,58,36,43,140,0,10,75,0,9,0,58,115,58,0,0,0,0,0,0,0,0,0,0,0,0,0,0,0,0,0,1,0,0,0,0,0,0,0,0,0,1,0,0,0,0,0,0,0,0,0,0,0,0,0,0,0,0,0,0,0,0,0,0,0,0,0,0,0,0,0,3,0,6,0,8,0,25,0,3,0,0,0,4,4,10,0,0,0,1,2,25,0,0,0,1,0,0,0,0,40,94,18,116,7,34,0,22,0,0,0,3,0,0,0,12,0,43,0,9,0,8,9,0,0,0,0,16,0,0,15,79,0,0,0,0,0,0,0,0,0,0,0,0,0,0,0,1,0,0,0,0,0,0,0,9,0,0,0,6,0,280,0,0,0,29,4,310,0,79,0,52,0,146,3,299,0,13,2,254,0,312,0,4,0,85,0,5,0,42,0,253,0,0,0
14,0,0,0,0,0,130,8,119,10,0,0,2,0,14,0,5,0,0,0,0,0,0,0,6,4,7,0,2,0,0,0,1,0,0,0,20,0,7,0,0,0,0,0,5,0,1,0,2,0,0,0,24,9,57,0,16,0,10,10,0,0,44,0,0,0,7,11,0,0,9,0,2,0,0,0,0,0,0,0,0,0,0,0,0,0,0,0,0,0,0,0,0,0,2,0,0,0,7,0,0,0,0,0,0,0,0,0,0,0,0,0,0,0,0,0,0,0,0,0,7,0,0,0,0,0,0,0,0,0,0,0,0,0,1,0,0,0,73,0,38,0,9,0,206,0,0,0,0,0,0,0,0,0,6,2,51,0,11,0,0,0,13,0,0,0,0,0,1,0,104,0,34,0,0,0,41,0,0,0,0,0,0,0,0,2,0,0,0,0,0,0,0,0,0,0,0,0,0,0,0,0,0,0,0,0,0,0,0,0,10,0,2,0,59,0,0,0,6,0,46,0,11,0,12,0,271,0,49,0,1,0,17,1,0,0,0,0,10,0,6,0,6,0,31,1,0,0,0
0,40,0,0,0,0,15,112,0,165,0,0,0,0,0,0,8,4,0,0,0,6,0,4,17,1,0,0,0,2,0,0,0,0,0,0,0,30,0,35,0,0,0,1,0,0,0,0,0,1,0,0,0,21,11,42,0,9,0,75,0,0,0,26,0,0,0,14,0,0,0,0,0,31,0,1,0,0,0,0,0,0,0,0,0,0,0,0,0,0,0,0,0,0,0,0,0,0,0,0,0,0,0,1,0,0,0,0,0,0,0,0,0,0,0,0,0,0,0,0,0,0,0,0,0,0,0,0,0,1,0,2,0,0,0,1,0,7,0,39,0,12,0,11,0,79,0,0,0,0,0,0,0,0,0,17,0,80,0,21,0,0,0,4,0,1,0,0,0,5,0,56,0,30,0,0,0,120,0,0,0,0,0,20,0,0,0,0,0,0,0,0,0,0,0,0,0,0,0,0,0,0,0,0,0,0,0,0,0,0,0,0,0,0,0,46,0,0,0,0,0,68,0,5,0,10,0,261,0,90,0,8,0,67,0,0,0,0,0,37,0,9,0,15,0,91,0,0,0
0,0,3,0,0,0,197,50,97,125,0,0,3,0,16,0,337,10,60,0,223,0,43,0,62,74,75,0,42,0,35,0,9,0,19,0,52,0,14,6,0,0,51,0,42,0,7,0,0,0,14,0,37,45,22,111,5,2,0,0,44,0,0,105,0,0,2,8,0,0,0,0,6,0,0,0,0,0,0,0,55,0,0,0,100,1,37,0,0,0,33,0,0,0,0,0,52,0,52,0,0,0,0,0,0,0,18,0,0,0,0,0,0,0,0,0,0,0,0,0,33,0,103,0,0,0,0,0,5,0,0,0,0,0,14,0,74,0,272,0,130,0,134,0,132,0,0,0,0,0,0,0,0,0,38,0,28,0,21,0,0,0,5,0,0,0,0,0,7,0,6,0,15,0,0,0,14,3,0,0,0,0,0,3,0,0,0,0,0,0,0,0,0,0,0,0,0,0,0,0,0,0,0,0,0,0,0,0,0,0,0,0,0,0,17,0,0,0,2,0,15,0,0,0,6,0,573,0,30,0,1,0,17,0,1,0,0,0,13,0,5,0,2,0,25,0,0,0,0
18,40,14,0,0,2,90,102,206,61,0,9,0,0,0,41,37,141,0,46,0,241,13,119,192,17,0,20,0,97,0,32,0,17,0,16,0,45,8,25,0,0,0,10,0,26,0,0,0,0,0,17,22,28,93,38,0,18,1,9,0,26,105,0,0,0,4,4,0,0,0,0,0,0,0,0,0,0,0,0,0,0,0,0,0,16,0,0,1,3,0,0,0,0,0,0,0,10,0,2,0,0,0,0,0,0,0,0,0,0,0,0,0,1,0,0,0,0,0,0,0,4,0,0,0,0,0,9,0,30,0,3,0,21,0,28,0,45,2,65,0,15,0,29,0,12,0,0,0,0,0,0,0,0,3,51,0,31,1,33,0,6,0,0,0,0,0,0,0,2,0,0,0,4,0,0,1,51,0,0,0,0,0,26,0,2,0,0,0,0,0,0,0,0,0,0,0,0,0,0,0,0,0,0,0,0,0,0,0,0,0,0,0,0,0,12,0,0,0,3,0,23,0,0,0,2,0,356,2,14,0,3,0,20,0,0,0,0,1,17,0,9,2,4,0,33,0,0,0
11,0,4,0,10,0,1,0,64,0,1,0,5,0,31,0,0,0,6,0,1,0,0,0,0,0,6,0,0,0,0,0,0,0,0,0,0,0,0,0,0,0,4,0,0,0,1,0,0,0,0,0,0,0,3,0,8,0,95,0,0,0,0,0,0,39,59,5,0,0,0,0,0,0,0,0,0,0,0,0,0,0,0,0,0,0,0,0,0,0,0,0,0,0,0,0,0,0,0,0,0,0,0,0,0,0,0,0,0,0,0,0,0,0,0,0,0,0,0,0,0,0,0,0,11,0,8,0,0,22,4,41,2,2,0,0,0,0,0,30,0,0,0,0,34,28,13,0,51,0,3,0,0,0,4,15,0,0,1,11,40,39,0,0,0,0,0,0,0,0,0,0,0,0,38,48,0,0,0,0,31,26,2,0,47,1,0,0,0,0,0,0,0,0,0,0,0,0,0,0,0,0,0,0,0,0,1,0,2,0,0,0,0,0,0,0,0,0,0,0,0,0,9,0,0,0,6,0,22,0,0,0,0,0,36,0,0,0,31,0,0,0,0,0,13,0,0,0,0
0,75,0,0,0,0,0,10,0,242,0,13,0,0,0,7,0,0,0,12,0,0,0,0,0,0,0,0,0,0,0,0,0,0,0,0,0,0,0,0,0,0,0,0,0,0,0,0,0,0,0,0,0,5,0,5,0,38,19,58,0,0,0,0,39,0,22,407,0,0,1,22,0,0,0,0,0,0,0,0,0,0,0,2,0,3,0,5,0,0,0,0,0,0,0,0,0,2,0,0,0,0,0,1,0,0,0,0,0,0,0,0,0,0,0,0,0,0,0,0,0,4,0,9,0,11,0,14,0,1,11,56,0,0,0,7,0,8,23,24,0,0,0,0,44,101,0,27,0,198,0,73,0,14,25,2,8,0,23,2,78,122,0,0,0,0,0,0,0,0,0,0,0,1,0,85,0,5,0,0,2,78,0,33,0,97,0,0,0,0,0,9,0,12,0,0,0,6,0,6,0,4,0,0,0,0,0,16,0,45,0,0,0,0,0,0,0,0,0,0,0,0,0,0,0,0,0,28,0,0,0,0,0,0,0,61,0,0,0,16,0,0,0,5,0,16,0,0,0
4,0,0,0,0,0,16,15,53,54,0,0,0,0,1,0,0,0,0,0,0,0,0,0,0,3,0,0,0,0,1,0,0,0,2,0,4,0,0,0,0,0,1,0,0,0,0,0,0,0,0,0,13,19,18,68,32,45,142,115,7,0,2,4,59,22,0,128,0,0,0,0,0,0,0,0,0,0,0,0,0,0,0,0,0,0,0,0,0,0,0,0,0,0,0,0,0,0,0,0,0,0,0,0,0,0,0,0,0,0,0,0,0,0,0,0,0,0,0,0,0,0,0,0,8,0,12,0,0,0,6,0,0,0,0,0,0,0,0,3,0,0,0,0,11,8,9,0,83,0,19,0,7,0,5,84,5,0,5,39,4,32,0,0,1,0,1,0,0,0,7,0,0,1,6,30,147,8,0,0,31,23,2,0,88,53,0,0,0,0,0,0,0,0,0,0,0,0,0,0,0,0,0,0,0,0,5,0,11,0,0,0,0,0,22,0,0,0,0,0,14,0,5,0,0,0,34,0,16,3,0,0,18,1,24,3,0,0,12,0,0,0,2,0,37,0,0,0,0
0,17,0,0,0,0,9,32,123,146,0,0,0,0,0,3,0,0,0,0,0,0,0,0,1,0,0,2,0,0,0,0,0,0,0,0,0,0,0,0,0,0,0,0,0,0,0,0,0,0,0,0,137,6,150,11,76,37,287,58,11,14,8,4,5,407,128,0,0,0,0,0,0,0,0,0,0,0,0,0,0,0,0,0,0,1,0,0,0,0,0,0,0,0,0,0,0,1,0,0,0,0,0,0,0,0,0,0,0,0,0,0,0,0,0,0,0,0,0,0,0,0,0,0,0,7,0,7,0,0,0,29,0,0,0,0,0,0,0,9,0,0,0,0,8,32,0,3,0,17,0,13,0,0,74,31,37,47,0,14,0,50,0,0,0,0,0,0,0,3,0,6,0,0,0,10,17,122,0,0,0,74,0,7,18,492,0,0,0,0,0,0,0,0,0,0,0,0,0,1,0,0,0,0,0,0,0,0,0,6,0,0,0,0,1,115,0,2,1,4,0,119,0,15,0,21,0,105,0,134,0,3,0,119,0,260,0,0,1,44,0,8,0,31,0,93,0,0,0
0,0,0,0,0,0,0,0,0,0,0,0,0,0,0,0,0,0,0,0,0,0,0,0,0,0,0,0,0,0,0,0,0,0,0,0,0,0,0,0,0,0,0,0,0,0,0,0,1,0,0,0,0,0,0,0,0,0,0,0,0,0,0,0,0,0,0,0,0,0,0,0,0,0,0,0,26,0,6,0,2,0,2,0,0,0,7,0,24,0,3,0,9,0,6,0,7,0,0,0,0,0,75,0,21,0,12,0,0,0,0,0,0,0,0,0,0,0,1,0,0,0,2,0,0,0,0,0,0,0,0,0,0,0,0,0,0,0,0,0,0,0,0,0,0,0,0,0,0,0,0,0,0,0,0,0,0,0,0,0,0,0,0,0,19,0,0,0,56,0,1,0,0,0,0,0,0,0,0,0,2,0,0,0,0,0,0,0,8,0,0,0,0,0,9,0,0,0,0,0,3,0,0,0,0,0,0,0,0,0,0,0,56,0,104,0,43,0,2,0,1,0,30,0,17,0,1,0,22,0,0,0,0,0,0,0,0,0,5,0,0,0,0,0,1,0,0,0,0
0,0,0,0,0,0,0,1,0,0,0,1,0,0,0,0,0,0,0,0,0,0,0,0,0,0,0,0,0,0,0,0,0,1,0,0,0,0,0,0,0,0,0,0,0,5,0,0,0,0,0,0,0,0,0,0,0,0,0,0,0,0,0,0,0,0,0,0,0,0,0,0,0,3,0,0,0,34,0,1,0,36,0,3,0,0,0,34,0,11,0,0,0,1,0,17,0,1,0,0,0,0,0,15,0,20,0,9,0,0,0,0,0,0,0,0,0,0,0,0,0,3,0,0,0,0,0,0,0,0,0,0,0,0,0,0,0,0,0,0,0,0,0,0,0,0,0,0,0,0,0,0,0,0,0,0,0,1,0,0,0,0,0,0,0,15,0,0,0,34,0,1,0,0,0,2,0,2,0,0,1,0,0,0,0,0,0,0,0,0,0,0,0,0,0,0,0,4,0,0,0,10,0,11,0,16,0,0,0,0,0,2,0,58,0,18,0,41,1,2,0,2,0,79,0,7,0,0,0,66,0,0,0,1,0,10,0,0,0,11,0,3,0,0,0,0,0,0,0
0,0,0,0,0,0,0,0,0,0,0,0,0,0,0,0,19,0,0,0,98,0,0,0,0,0,17,0,0,0,18,0,1,0,31,0,69,0,0,0,0,0,34,0,23,0,1,0,1,0,51,0,2,0,0,0,0,0,0,0,9,0,0,0,0,1,0,0,0,0,0,0,205,0,145,0,8,0,71,0,0,0,0,0,3,0,16,0,0,0,0,0,0,0,0,0,0,0,1,0,0,0,0,0,0,0,0,0,0,0,0,0,0,0,0,0,0,0,0,0,79,0,33,0,0,13,0,0,6,0,6,9,0,0,16,0,6,5,2,6,32,0,36,0,71,0,5,0,6,0,0,0,10,0,0,0,12,0,1,0,0,0,87,0,0,0,9,0,15,0,30,0,41,0,22,11,0,0,0,0,11,3,0,0,3,0,0,0,0,0,0,0,0,0,0,0,0,0,3,0,0,0,0,0,0,0,14,0,28,0,0,0,0,0,0,0,0,0,4,0,0,0,0,0,0,0,0,0,29,0,0,0,0,0,0,0,2,0,4,0,0,0,2,0,0,0,0,0,0
0,4,0,0,0,11,0,0,0,0,0,2,0,0,0,5,0,0,0,0,0,0,0,0,0,0,0,0,0,0,0,0,0,0,0,0,0,0,0,0,0,0,0,4,0,11,0,0,0,0,0,5,0,0,0,0,0,0,0,0,0,0,0,0,0,22,0,0,0,0,0,0,0,165,0,99,0,9,0,75,0,0,0,4,0,2,1,24,0,0,0,0,0,0,0,0,0,0,0,0,0,0,0,0,0,0,0,0,0,0,0,0,0,0,0,0,0,0,0,0,0,12,0,165,0,36,0,10,0,8,9,17,0,6,0,0,0,32,0,3,4,51,0,82,5,126,0,0,0,91,0,21,4,26,0,0,0,0,3,1,0,0,2,66,0,0,0,1,0,14,0,15,0,23,5,27,0,0,0,1,0,26,0,0,0,0,0,0,0,0,0,0,0,0,0,0,0,0,0,6,0,9,0,0,0,0,0,0,0,16,0,0,0,0,0,2,0,0,0,0,1,0,0,3,0,2,0,54,0,41,0,0,0,0,0,2,0,0,0,43,0,13,0,3,0,8,0,0,0
