0,184,40,159,116,0,28,149,19,0,123,0,231,0,16,45,26,0,17,0,0,0,11,98,37,242,17,0,132,0,5,0,137,0,0,0,36,0,518,0,44,0,0,0,0,0,68,0,20,0,9,0,0,0,0,0,0,0,4,0,214,0,147,36,0,0,0,0,0,0,0,0,0,0,0,0,0,0,0,0,0,0,0,0,0,0,0,0,0,0,0,0,0,0,0,0,0,0,0,0,0,0,0,0,0,0,0,0,0,0,0,0,0,0,0,0,0,0,0,0,0,0,0,0,0,0,0,0,0,0,0,0,0,0,0,0,0,0,0,0,0,0,0,0,0,0,4,0,8,0,0,0,0,0,0,0,0,0,0,0,0,0,0,0,0,0,0,0,56,0,0,0,219,4,0,0,323,34,7,0,0,0,48,0,3,0,0,0,0,0,0,0,0,0,0,0,0,0,0,0,0,0,0,0,0,0,0,0,0,0,690,175,167,0,436,0,0,0,0,0,0,0,0,0,0
184,0,350,24,49,345,30,61,25,68,0,101,0,196,0,30,102,0,0,107,0,0,432,17,264,27,0,258,7,31,0,0,0,92,0,0,0,59,0,211,0,63,0,0,0,11,0,176,0,6,0,0,0,0,0,24,0,5,0,16,9,230,0,251,0,45,0,13,0,0,0,0,0,0,0,0,0,0,0,0,0,0,0,0,0,0,0,0,0,0,0,0,0,0,0,0,0,0,0,0,0,0,0,0,0,0,0,0,0,0,0,0,0,0,0,0,0,0,0,0,0,0,0,0,0,5,0,6,0,0,0,12,0,0,1,41,1,38,0,0,0,3,0,0,0,0,0,12,0,47,0,32,0,33,0,10,0,0,0,0,0,0,0,15,0,10,0,0,0,23,0,35,0,138,0,13,94,419,0,11,0,9,7,26,0,49,0,7,0,0,0,0,0,0,0,0,0,0,0,21,0,10,0,0,0,0,0,0,0,20,0,0,0,0,251,0,0,0,761,159,250,0,0,0,0
40,350,0,191,200,104,101,0,10,6,29,92,85,0,113,126,84,80,130,0,32,0,245,134,97,214,55,0,154,0,83,0,161,0,0,0,0,0,221,0,28,0,0,1,0,0,61,0,29,0,0,0,1,0,35,0,50,0,26,1,0,25,52,0,15,0,0,0,0,0,0,0,0,0,0,0,0,0,0,0,0,0,0,0,0,0,0,0,0,0,0,0,0,0,0,0,0,0,0,0,0,0,0,0,0,0,0,0,0,0,0,0,0,0,0,0,0,0,0,0,0,0,0,0,112,0,25,0,0,0,199,0,0,0,130,0,63,0,0,0,0,0,0,0,0,0,44,0,329,2,27,1,40,0,6,0,0,0,7,0,0,0,0,2,0,0,142,0,0,0,0,0,156,0,0,0,208,33,0,0,8,0,46,0,40,0,0,0,0,0,0,0,0,0,0,0,3,0,0,0,0,0,0,0,0,0,8,0,67,0,475,106,264,0,458,0,0,0,2,5,0,0,0,0,0
159,24,191,0,137,107,0,58,0,12,143,5,0,0,51,316,32,27,6,213,31,96,225,328,60,124,0,75,0,99,0,23,0,203,0,0,0,164,0,278,0,0,0,0,0,0,0,0,0,9,0,8,0,0,0,79,0,35,0,47,0,38,1,78,0,0,0,0,0,0,0,0,0,0,0,0,0,0,0,0,0,0,0,0,0,83,0,0,0,0,0,0,0,0,0,0,0,0,0,0,0,0,0,0,0,0,0,0,0,0,0,0,0,0,0,0,0,0,0,0,0,0,0,0,0,0,0,0,0,0,0,0,0,0,0,101,0,85,0,0,0,0,0,0,0,0,0,0,0,0,0,0,0,0,0,0,0,0,0,0,0,0,0,0,1,10,0,132,0,34,0,14,0,147,0,5,0,74,0,2,0,0,0,2,0,0,0,0,0,0,0,0,0,0,0,0,0,0,0,0,0,0,0,0,0,0,0,0,0,0,0,0,0,0,221,0,0,0,461,151,422,0,0,0,0
116,49,200,137,0,418,19,0,19,0,90,250,114,50,98,491,0,0,68,204,93,0,46,134,16,0,60,0,28,0,175,0,213,0,55,0,186,0,7,0,35,0,0,0,0,0,57,0,25,0,155,0,0,0,0,0,0,0,0,0,0,0,0,0,6,0,0,0,0,0,0,0,0,0,0,0,0,0,0,0,0,0,0,0,0,0,0,0,0,0,0,0,0,0,0,0,0,0,0,0,0,0,0,0,0,0,0,0,0,0,0,0,0,0,0,0,0,0,0,0,0,0,0,0,28,0,0,0,0,0,38,0,0,0,0,0,0,0,0,0,0,0,0,0,4,0,0,0,0,0,0,0,30,0,0,0,0,0,0,0,0,0,0,0,67,0,226,3,205,0,0,0,150,0,0,0,365,92,68,0,10,0,66,0,33,0,0,0,0,0,0,0,0,0,0,0,0,0,0,0,0,0,0,0,0,0,0,0,0,0,535,233,496,0,333,0,0,4,0,38,0,0,0,0,0
0,345,104,107,418,0,0,111,0,27,260,150,127,67,538,104,0,0,196,296,270,349,85,65,0,14,0,247,0,0,24,43,0,58,0,88,0,345,0,0,0,30,0,0,0,0,0,114,0,0,0,0,0,2,0,20,0,10,0,0,0,0,0,0,0,0,0,0,0,0,0,0,0,0,0,0,0,0,0,0,0,0,0,0,0,0,0,0,0,0,0,0,0,0,0,0,0,0,0,0,0,0,0,0,0,0,0,0,0,0,0,0,0,0,0,0,0,0,0,0,0,0,0,0,0,0,0,0,0,0,2,0,0,0,0,67,0,67,1,0,0,0,0,0,0,0,0,0,0,23,0,24,0,0,0,0,0,0,0,0,0,0,0,0,0,26,0,324,0,0,0,0,0,59,0,12,66,402,0,23,0,0,0,11,0,0,0,2,0,0,0,0,0,0,0,0,0,0,0,0,0,0,0,0,0,0,0,11,0,23,0,0,0,0,170,0,0,0,637,431,565,0,0,0,0
28,30,101,0,19,0,0,0,14,102,16,0,0,0,19,0,0,0,0,0,0,0,26,0,238,105,0,0,21,0,0,0,0,0,0,0,0,0,0,0,0,0,0,0,0,0,13,0,34,0,0,0,40,0,118,0,30,0,24,0,281,0,369,0,0,0,7,0,0,0,0,0,0,0,0,0,0,0,0,0,0,0,0,0,0,0,0,0,0,0,0,0,0,0,0,0,0,0,0,0,0,0,0,0,0,0,0,0,0,0,0,0,0,0,0,0,0,0,0,0,0,0,0,0,78,0,39,0,3,0,296,0,0,0,43,0,25,0,0,0,0,0,0,0,0,0,2,0,96,0,8,0,0,0,1,0,0,0,0,0,18,0,0,0,0,0,0,0,37,0,0,0,133,0,0,0,0,6,0,0,0,0,7,5,0,0,0,0,0,0,0,0,0,0,0,0,0,0,0,0,0,0,0,0,0,0,0,0,53,0,534,79,209,375,454,1,0,0,0,0,0,0,0,0,0
149,61,0,58,0,111,0,0,66,137,0,7,0,0,0,43,65,37,0,57,0,0,144,32,292,153,0,31,0,0,1,0,2,0,0,0,0,0,0,141,0,0,0,0,0,0,0,0,0,0,0,0,0,0,14,192,0,15,0,36,0,132,0,323,0,0,0,0,0,0,0,0,0,0,0,0,0,0,0,0,0,0,0,0,0,0,0,0,0,0,0,0,0,0,0,0,0,0,0,0,0,0,0,0,0,0,0,0,0,0,0,0,0,0,0,0,0,0,0,0,0,0,0,0,0,0,0,0,0,0,0,0,0,0,0,154,0,143,0,12,0,20,0,49,0,0,0,0,0,0,0,0,0,0,0,0,0,0,0,0,0,0,0,0,0,0,0,0,0,19,0,21,0,101,0,0,62,76,0,0,0,18,0,2,0,1,0,0,0,0,0,0,0,0,0,0,0,0,0,0,0,22,0,0,0,0,0,0,0,0,9,0,0,0,261,0,0,0,450,53,235,0,0,0,0
19,25,10,0,19,0,14,66,0,188,12,0,20,0,19,0,12,0,14,0,0,0,0,0,56,141,0,0,0,0,0,0,0,0,0,0,0,0,71,0,11,0,0,0,0,0,17,0,29,0,0,0,196,119,117,254,12,0,162,71,585,0,341,57,47,0,23,88,0,0,0,0,0,0,0,0,0,0,0,0,1,0,0,0,0,0,0,0,0,0,0,0,0,0,0,0,0,0,0,0,0,0,0,0,0,0,0,0,0,0,0,0,0,0,0,0,0,0,0,0,0,0,0,0,34,0,13,0,0,0,54,0,0,0,0,0,0,0,0,0,0,0,0,0,0,0,14,0,131,0,0,0,9,0,7,0,0,0,0,0,9,0,0,0,0,0,3,0,51,0,103,0,250,0,0,0,327,11,22,0,0,0,35,0,110,0,8,0,0,0,0,0,0,0,0,0,0,0,0,0,0,0,0,0,0,0,0,0,11,0,665,241,193,243,300,0,26,0,0,0,0,0,0,0,0
0,68,6,12,0,27,102,137,188,0,0,17,0,13,0,8,22,0,0,20,0,0,0,4,168,58,0,36,0,2,0,0,0,0,0,0,0,0,0,0,0,7,0,0,0,0,0,19,0,0,0,0,54,160,252,304,0,42,45,123,0,157,88,304,0,101,0,74,0,0,0,0,0,0,0,0,0,0,0,0,0,0,0,0,0,0,0,0,0,0,0,0,0,0,0,0,0,0,0,0,0,0,0,0,0,0,0,2,0,0,0,0,0,0,0,0,0,0,0,0,0,0,0,0,0,16,0,0,0,0,0,24,0,0,0,9,0,17,0,0,0,0,0,0,0,6,0,5,0,81,0,52,0,6,0,0,0,47,0,0,0,15,0,0,0,5,0,11,0,0,0,53,0,74,0,3,93,145,0,6,1,8,2,11,4,14,0,0,0,0,0,0,0,0,0,0,0,0,0,21,0,0,0,0,0,1,0,8,0,20,0,0,0,0,291,0,0,0,875,91,246,211,0,38,3
123,0,29,143,90,260,16,0,12,0,0,87,253,0,11,379,0,0,9,0,0,25,6,98,0,14,17,0,0,0,41,0,126,0,0,0,67,0,0,0,52,0,1,0,0,0,50,0,0,0,0,0,0,0,0,0,0,0,0,0,0,1,0,0,0,0,0,0,0,0,0,0,0,0,0,0,0,0,0,0,0,0,0,0,0,0,0,0,0,0,0,0,0,0,0,0,0,0,0,0,0,0,0,0,0,0,0,0,0,0,0,0,0,0,0,0,0,0,0,0,0,0,0,0,0,0,0,0,0,0,0,0,0,0,0,0,0,0,0,0,0,0,0,0,0,0,0,0,0,0,0,0,0,0,0,0,0,0,0,0,0,0,0,0,0,0,57,0,0,0,3,0,0,0,0,0,435,60,66,0,15,0,27,0,29,0,13,0,0,0,0,0,0,0,0,0,0,0,0,0,0,0,0,0,0,0,0,0,0,0,262,106,159,0,132,0,3,0,0,28,0,0,0,0,0
0,101,92,5,250,150,0,7,0,17,87,0,0,259,344,0,12,0,58,28,150,37,98,9,6,0,0,107,0,0,0,5,0,85,0,0,4,43,0,30,0,143,0,0,0,9,0,161,0,28,0,0,0,0,0,6,0,0,0,2,0,0,0,0,0,5,0,0,0,0,0,0,0,0,0,0,0,0,0,0,0,0,0,0,0,0,0,0,0,0,0,0,0,0,0,0,0,0,0,0,0,0,0,0,0,0,0,0,0,0,0,0,0,0,0,0,0,0,0,0,0,1,0,0,0,3,0,0,0,0,0,15,0,0,0,0,0,8,0,0,0,0,0,0,0,0,0,0,0,10,0,0,0,34,0,0,0,0,0,0,0,0,0,0,0,0,0,0,0,0,0,2,0,11,0,25,38,359,0,24,0,10,0,39,0,60,0,12,0,0,0,0,0,0,0,0,0,0,0,0,0,0,0,0,0,0,0,0,0,0,1,0,0,0,46,0,0,0,377,215,149,0,0,0,0
231,0,85,0,114,127,0,0,20,0,253,0,0,174,20,49,16,0,107,357,45,130,32,0,21,0,169,512,0,0,0,0,0,0,117,0,0,0,0,0,135,20,97,0,0,31,154,120,61,0,261,0,0,0,0,0,0,0,0,0,0,0,0,0,0,0,0,0,0,0,0,0,0,0,0,0,0,0,0,0,0,0,0,0,0,0,0,0,0,0,0,0,0,0,0,0,0,0,0,0,0,0,0,0,0,0,0,0,0,0,0,0,0,0,0,0,0,0,0,0,0,0,0,0,0,0,0,0,0,0,0,0,0,0,0,0,0,0,0,0,4,0,0,0,0,0,0,0,0,0,0,0,0,0,0,0,0,0,0,0,0,0,2,0,43,0,0,0,0,0,0,0,0,0,6,0,282,75,92,0,0,0,130,0,33,0,115,13,0,0,0,0,0,0,0,0,0,0,0,0,0,0,0,0,0,0,0,0,0,0,129,390,288,0,35,0,0,0,0,24,0,0,0,0,0
0,196,0,0,50,67,0,0,0,13,0,259,174,0,98,0,0,0,543,40,228,44,0,0,0,0,155,57,0,0,7,1,0,0,73,71,0,0,0,0,40,144,0,88,0,12,28,152,0,26,51,345,0,0,0,0,0,2,0,0,0,0,0,0,0,0,0,0,0,0,0,0,0,0,0,0,0,0,0,0,1,0,0,0,0,0,0,0,0,0,0,0,0,0,0,0,0,0,0,0,0,0,0,0,0,0,0,0,0,0,0,0,0,0,0,0,0,0,0,0,0,0,0,0,0,0,0,0,0,0,0,0,0,0,0,0,0,0,0,0,0,0,0,0,0,0,0,0,0,0,0,0,0,6,0,0,0,0,0,0,0,0,0,0,0,26,0,45,0,0,0,0,0,0,0,0,10,277,0,6,0,0,0,0,0,0,9,39,0,0,0,0,0,0,0,0,0,0,0,0,0,0,0,0,0,0,0,0,0,0,0,0,0,0,0,0,0,0,0,179,123,0,0,0,0
16,0,113,51,98,538,19,0,19,0,11,344,20,98,0,541,10,0,117,265,66,138,147,83,28,0,56,55,0,0,63,0,35,47,47,68,171,54,0,0,0,0,4,0,0,0,14,0,0,0,50,0,0,0,17,0,0,0,0,0,0,0,4,0,5,0,0,0,0,0,1,0,0,0,0,0,0,0,0,0,0,0,0,0,0,0,0,0,0,0,0,0,0,0,0,0,0,0,0,0,0,0,0,0,0,0,0,0,0,0,0,0,0,0,0,0,0,0,0,0,0,0,1,0,39,0,0,0,0,0,0,0,0,0,23,0,0,0,0,0,0,0,0,0,0,0,0,0,81,0,0,0,0,0,0,0,0,0,0,0,0,0,0,0,0,0,42,0,0,0,0,0,22,0,0,0,76,68,9,0,0,0,24,0,30,0,0,0,0,0,0,0,0,0,0,0,0,0,0,0,0,0,0,0,5,0,0,0,0,0,109,250,81,0,48,0,4,1,0,52,0,0,0,0,0
45,30,126,316,491,104,0,43,0,8,379,0,49,0,541,0,0,10,47,281,204,84,102,88,0,101,0,77,0,1,0,0,17,21,0,1,16,30,0,5,0,3,0,2,0,0,0,27,0,14,0,0,0,0,0,51,0,24,0,0,0,0,0,16,0,0,0,0,0,0,0,0,0,0,0,0,0,0,0,0,0,0,0,0,0,172,0,0,0,0,0,0,0,0,0,0,0,0,0,0,0,0,0,0,0,0,0,0,0,0,0,0,0,0,0,0,0,0,0,0,0,0,0,0,0,0,0,0,0,0,0,0,0,0,0,147,0,97,0,54,0,76,0,107,0,0,0,0,0,8,0,0,0,7,0,0,0,0,0,0,0,0,0,0,0,1,0,13,0,0,0,0,0,21,0,7,35,91,0,0,0,0,0,0,0,0,0,1,0,0,0,0,0,0,0,0,0,0,0,0,0,0,0,0,0,0,0,0,0,0,0,0,0,0,22,0,0,0,131,739,34,27,0,0,0
26,102,84,32,0,0,0,65,12,22,0,12,16,0,10,0,0,0,132,0,206,0,79,28,39,114,192,0,126,0,50,1,95,0,23,0,7,1,120,0,18,0,0,0,0,0,69,0,31,0,9,0,86,7,23,7,0,0,0,0,29,0,257,28,0,0,1,0,0,0,0,0,0,0,95,0,0,0,0,0,215,0,0,0,449,0,180,0,0,0,159,0,0,0,0,0,232,0,764,0,133,0,0,0,0,0,0,0,0,0,0,0,0,0,0,0,0,0,0,0,148,0,74,0,0,0,0,0,48,0,0,0,0,0,0,0,87,0,62,0,62,0,243,0,0,0,0,0,0,0,0,0,0,0,31,0,0,0,54,0,15,0,4,0,0,0,12,0,25,0,0,0,65,0,0,0,18,0,0,0,0,0,9,0,0,0,0,0,0,0,0,0,0,0,0,0,0,0,0,0,60,0,0,0,0,0,0,0,0,0,117,222,86,143,136,0,7,5,0,0,0,0,0,0,0
0,0,80,27,0,0,0,37,0,0,0,0,0,0,0,10,0,0,0,0,0,131,85,116,39,55,0,0,0,56,0,9,2,42,0,6,0,21,0,44,0,0,0,2,0,13,0,0,0,0,0,0,0,58,0,22,0,21,0,0,0,13,0,275,0,0,0,0,0,0,0,0,0,0,0,15,0,0,0,0,0,254,0,0,0,252,0,26,0,0,0,0,0,0,0,0,0,0,0,150,0,149,0,0,0,0,0,0,0,0,0,0,0,0,0,0,0,0,0,0,0,55,0,34,0,5,0,0,0,0,0,0,0,0,0,131,0,76,0,56,0,51,0,337,0,0,0,0,0,0,0,0,0,0,0,12,0,4,0,17,0,5,0,3,0,0,0,14,0,7,0,7,0,22,0,0,5,0,0,0,0,0,0,0,0,0,0,0,0,0,0,0,0,0,0,0,0,0,0,0,0,0,0,0,0,0,0,0,0,0,0,0,0,0,0,0,0,0,46,312,61,20,0,0,0
17,0,130,6,68,196,0,0,14,0,9,58,107,543,117,47,132,0,0,574,97,216,350,0,93,0,88,827,22,0,13,0,0,0,142,68,20,0,0,0,8,0,60,0,6,0,56,145,0,0,225,56,0,0,0,0,0,0,0,0,0,0,0,0,0,0,0,0,0,0,19,0,0,0,0,0,0,0,0,0,0,0,0,0,0,0,0,0,0,0,0,0,15,0,0,0,0,0,0,0,0,0,0,0,0,0,0,0,0,0,0,0,0,0,0,0,0,0,0,0,0,0,0,0,0,0,0,0,0,0,0,0,0,0,0,0,0,0,0,0,0,0,0,0,0,0,0,0,0,0,0,0,0,0,0,0,0,0,0,0,0,0,0,0,24,6,4,0,0,0,0,0,0,0,0,0,172,101,11,0,0,0,32,0,0,0,82,0,0,0,0,0,0,0,0,0,0,0,0,0,0,0,0,0,0,0,0,0,0,0,69,76,83,0,0,0,0,1,0,40,0,0,0,0,0
0,107,0,213,204,296,0,57,0,20,0,28,357,40,265,281,0,0,574,0,288,350,0,189,0,78,114,217,0,4,0,19,0,0,88,85,0,39,0,0,0,8,18,17,0,41,0,184,0,40,36,112,0,0,0,0,0,0,0,0,0,0,0,0,0,0,0,0,0,0,0,0,0,0,0,0,0,0,0,0,0,0,0,0,0,0,0,0,0,0,0,0,0,0,0,0,0,0,0,0,0,0,0,0,0,0,0,0,0,0,0,0,0,0,0,0,0,0,0,0,0,17,0,0,0,0,0,0,0,0,0,0,0,0,0,0,0,139,0,0,0,0,0,0,0,0,0,0,0,0,0,0,0,0,0,0,0,0,0,0,0,0,0,0,0,18,0,37,0,0,0,6,0,19,0,0,17,71,0,4,0,0,0,0,0,0,0,13,0,0,0,0,0,0,0,0,0,0,0,0,0,0,0,0,0,0,0,0,0,19,0,0,0,0,0,0,0,0,133,410,127,0,0,0,0
0,0,32,31,93,270,0,0,0,0,0,150,45,228,66,204,206,0,97,288,0,127,173,29,25,0,75,337,99,0,37,0,58,0,51,49,57,0,0,0,0,0,28,0,29,0,0,62,20,1,72,19,17,0,28,0,0,0,0,0,0,0,64,0,0,0,0,0,0,0,76,0,0,0,228,0,0,0,0,0,243,0,0,0,148,0,318,0,0,0,0,0,0,0,0,0,0,0,681,0,0,0,0,0,0,0,0,0,0,0,0,0,0,0,0,0,0,0,0,0,156,0,44,0,0,0,0,0,0,0,0,0,0,0,0,0,0,0,0,0,0,0,119,0,0,0,0,0,6,0,0,0,0,0,0,0,0,0,0,0,0,0,8,0,26,0,109,0,88,0,0,0,61,0,0,0,8,14,0,0,0,0,4,0,0,0,16,0,0,0,0,0,0,0,0,0,0,0,0,0,0,0,0,0,0,0,0,0,0,0,372,532,137,103,153,0,0,5,0,33,0,4,0,0,0
0,0,0,96,0,349,0,0,0,0,25,37,130,44,138,84,0,131,216,350,127,0,0,325,0,120,0,260,0,53,0,1,0,1,29,24,0,5,0,3,0,0,0,53,0,254,0,44,0,48,0,28,0,0,0,0,0,0,0,0,0,5,0,46,0,0,0,0,0,0,0,0,0,0,0,0,0,0,0,0,0,0,0,0,0,0,0,0,0,0,0,0,0,0,0,0,0,0,0,0,0,0,0,0,0,0,0,0,0,0,0,0,0,0,0,0,0,0,0,0,0,0,0,0,0,0,0,0,0,0,0,0,0,0,0,0,0,0,0,68,0,98,0,394,0,67,0,0,0,0,0,0,0,0,0,15,0,0,0,0,0,0,0,0,0,7,0,16,0,0,0,18,0,0,0,0,0,42,0,0,0,0,0,0,0,0,0,9,0,0,0,0,0,0,0,0,0,0,0,0,0,0,0,0,0,0,0,0,0,0,0,0,0,0,39,0,0,0,178,602,69,0,0,0,0
11,432,245,225,46,85,26,144,0,0,6,98,32,0,147,102,79,85,350,0,173,0,0,165,77,230,198,0,65,0,14,0,40,0,4,0,11,7,62,21,36,0,0,0,0,0,72,0,29,0,5,0,13,0,101,0,0,0,0,0,11,55,55,58,1,0,0,0,0,0,0,0,7,0,0,0,0,0,0,0,0,0,0,0,0,0,0,0,0,0,158,0,0,0,0,0,168,0,0,0,0,0,0,0,0,0,0,0,0,0,0,0,0,0,0,0,0,0,0,0,0,0,0,0,34,0,7,0,0,0,29,0,0,0,124,0,56,0,0,0,0,0,251,0,0,0,24,0,67,0,0,0,0,0,0,0,0,0,10,0,0,0,0,0,0,0,0,0,0,0,6,0,55,0,0,0,69,22,0,0,0,0,14,0,13,0,0,0,0,0,0,0,0,0,0,0,0,0,0,0,0,0,0,0,0,0,0,0,0,0,296,295,111,146,228,0,8,0,0,8,0,0,0,0,0
98,17,134,328,134,65,0,32,0,4,98,9,0,0,83,88,28,116,0,189,29,325,165,0,0,161,0,107,0,79,7,26,0,18,0,34,0,32,0,0,0,0,0,0,0,79,0,0,0,0,0,4,0,0,2,36,0,24,0,0,0,0,0,100,0,0,0,0,0,0,0,0,0,0,0,0,0,0,0,0,0,436,0,0,0,424,0,34,0,0,0,0,0,0,0,0,0,0,0,0,0,215,0,0,0,0,0,0,0,0,0,0,0,0,0,0,0,0,0,0,0,0,0,0,0,0,0,0,0,0,0,0,0,0,0,168,0,0,0,58,0,48,0,212,0,0,0,0,0,0,0,0,0,0,0,0,0,0,0,0,0,0,0,0,0,3,0,42,0,9,0,6,0,33,0,0,0,0,0,0,0,0,0,0,0,0,0,0,0,0,0,0,0,0,0,0,0,0,0,0,0,0,0,0,0,0,0,0,0,0,0,1,0,0,0,0,0,0,161,925,71,0,0,0,0
37,264,97,60,16,0,238,292,56,168,0,6,21,0,28,0,39,39,93,0,25,0,77,0,0,563,112,0,0,0,7,0,0,0,2,0,0,0,39,0,0,0,0,0,0,0,50,0,16,0,0,0,70,0,190,118,48,0,34,0,0,0,89,126,2,0,2,3,0,0,0,0,0,0,0,0,0,0,0,0,0,0,0,0,242,0,0,0,0,0,194,0,0,0,0,0,271,0,237,0,0,0,0,0,0,0,284,0,0,0,0,0,0,0,0,0,0,0,0,0,0,0,20,0,32,0,0,0,86,0,0,0,0,0,135,0,144,0,0,0,49,0,424,0,0,0,0,0,30,0,0,0,9,0,57,0,0,0,61,0,57,0,0,0,0,0,0,0,17,0,0,0,26,0,0,0,90,8,0,0,3,0,20,5,1,0,0,0,0,0,0,0,0,0,0,0,0,0,0,0,202,0,0,0,0,0,0,0,17,0,107,132,0,0,128,0,3,0,21,4,4,0,0,0,0
242,27,214,124,0,14,105,153,141,58,14,0,0,0,0,101,114,55,0,78,0,120,230,161,563,0,0,0,0,25,0,8,6,14,0,0,0,0,29,28,0,0,0,0,0,0,0,0,0,5,0,1,6,6,34,116,0,67,0,74,44,33,65,93,0,0,0,0,0,0,0,0,0,0,0,0,0,0,0,0,0,25,0,0,0,122,0,0,0,0,0,0,0,0,0,0,0,18,0,0,0,51,0,0,0,0,0,0,0,0,0,0,0,0,0,0,0,0,0,0,0,8,0,5,0,0,0,0,0,0,0,0,0,0,0,96,0,44,0,76,0,48,0,151,0,1,0,0,0,1,0,0,0,0,0,1,0,0,0,0,0,0,0,1,0,0,0,0,0,0,0,2,0,15,0,1,35,30,0,0,0,0,14,0,0,0,0,0,0,0,0,0,0,0,0,0,0,0,0,0,0,0,0,0,0,0,0,0,0,0,14,0,0,0,23,0,0,0,34,380,38,21,0,0,0
17,0,55,0,60,0,0,0,0,0,17,0,169,155,56,0,192,0,88,114,75,0,198,0,112,0,0,794,47,0,8,0,0,0,73,0,31,0,0,0,43,118,226,17,166,79,166,446,53,0,244,0,0,0,0,0,0,0,0,0,0,0,38,2,0,0,0,0,0,0,0,0,0,0,0,0,0,0,0,0,0,0,0,0,0,0,0,0,0,0,0,0,0,0,0,0,0,0,0,0,0,0,0,0,0,0,0,0,0,0,0,0,0,0,0,0,0,0,0,0,0,0,31,0,0,0,0,0,0,0,0,0,0,0,0,0,0,0,0,0,0,0,0,0,64,0,0,0,0,0,0,0,0,0,0,0,0,0,5,0,0,0,0,0,56,0,9,0,0,0,0,0,0,0,0,0,26,70,0,0,0,0,30,0,0,0,148,11,0,0,0,0,0,0,0,0,0,0,0,0,97,0,0,1,0,0,0,0,0,0,73,289,153,0,29,0,0,30,0,22,0,0,0,0,0
0,258,0,75,0,247,0,31,0,36,0,107,512,57,55,77,0,0,827,217,337,260,0,107,0,0,794,0,0,8,6,0,0,0,117,39,1,9,0,0,290,21,222,264,85,215,126,252,4,83,242,414,0,0,0,0,0,9,0,0,0,0,0,0,0,15,0,0,0,0,0,0,0,0,0,0,0,0,0,0,3,0,0,0,0,0,0,0,0,0,0,0,0,0,0,0,0,0,0,0,0,0,0,0,0,0,0,0,0,0,0,0,0,0,0,0,0,0,0,0,0,0,0,0,0,0,0,0,0,0,0,0,0,0,0,0,0,0,0,0,0,0,0,0,0,32,0,0,0,0,0,0,0,0,0,0,0,12,0,0,0,0,0,0,0,24,0,0,0,0,0,0,0,19,0,0,0,223,0,0,0,20,0,7,0,0,21,47,0,0,0,0,0,0,0,0,0,0,0,0,0,0,0,0,0,0,0,0,0,0,0,0,0,0,34,0,0,0,153,738,223,0,0,10,49
132,7,154,0,28,0,21,0,0,0,0,0,0,0,0,0,126,0,22,0,99,0,65,0,0,0,47,0,0,0,42,0,39,0,111,0,9,0,10,0,0,0,3,0,0,0,0,0,0,0,25,0,20,0,5,0,0,0,0,0,6,0,27,0,0,0,0,0,0,0,35,0,0,0,99,0,0,0,0,0,116,0,0,0,82,0,0,0,0,0,0,0,0,0,28,0,23,0,271,0,0,0,0,0,0,0,0,0,0,0,0,0,0,0,0,0,0,0,0,0,81,0,38,0,0,0,0,0,0,0,0,0,0,0,0,0,0,0,0,0,0,0,78,0,25,0,0,0,0,0,0,0,0,0,0,0,0,0,0,0,0,0,0,0,0,0,0,0,0,0,0,0,0,0,0,0,10,0,0,0,0,0,24,0,0,0,0,0,0,0,0,0,0,0,0,0,0,0,0,0,0,0,0,0,0,0,0,0,0,0,0,80,0,2,0,0,0,0,0,0,0,0,0,0,0
0,31,0,99,0,0,0,0,0,2,0,0,0,0,0,1,0,56,0,4,0,53,0,79,0,25,0,8,0,0,0,17,0,52,0,23,0,2,0,6,0,0,0,18,0,0,0,0,0,0,0,17,0,5,0,0,0,6,0,0,0,2,0,47,0,0,0,0,0,0,0,0,0,0,0,0,0,0,0,0,0,191,0,0,0,128,0,0,0,0,0,0,0,0,0,0,0,0,0,0,0,0,0,0,0,0,0,0,0,0,0,0,0,0,0,0,0,0,0,0,0,77,0,34,0,0,0,0,0,0,0,0,0,0,0,0,0,43,0,136,0,65,0,345,0,0,0,0,0,0,0,0,0,0,0,44,0,0,0,14,0,0,0,0,0,0,0,0,0,0,0,3,0,0,0,0,0,0,0,0,0,0,0,0,0,0,0,0,0,0,0,0,0,0,0,0,0,0,0,0,0,0,0,0,0,0,0,0,0,0,0,0,0,0,0,0,0,0,7,33,0,0,0,4,0
5,0,83,0,175,24,0,1,0,0,41,0,0,7,63,0,50,0,13,0,37,0,14,7,7,0,8,6,42,0,0,1,20,0,42,0,32,0,1,0,0,0,0,0,3,0,0,0,5,0,21,0,0,0,0,0,0,0,0,0,0,0,7,0,0,0,0,0,0,0,24,0,0,0,0,0,0,0,0,0,49,0,0,0,0,0,59,0,0,0,0,0,0,0,0,0,0,0,115,0,0,0,0,0,0,0,0,0,0,0,0,0,0,0,0,0,0,0,0,0,0,0,0,0,0,0,0,0,0,0,0,0,0,0,0,0,0,0,0,0,0,0,0,0,23,0,0,0,0,0,0,0,0,0,3,0,1,0,0,0,0,0,0,0,0,0,57,0,43,0,5,0,0,0,0,0,4,0,0,0,0,0,7,0,0,0,0,0,0,0,0,0,0,0,0,0,0,0,0,0,0,0,0,0,0,0,0,0,0,0,160,223,73,49,49,0,0,2,0,0,0,0,0,0,0
0,0,0,23,0,43,0,0,0,0,0,5,0,1,0,0,1,9,0,19,0,1,0,26,0,8,0,0,0,17,1,0,0,0,6,1,0,0,0,1,0,0,0,9,0,0,0,0,0,0,0,6,0,0,0,0,0,1,0,0,0,0,0,6,0,0,0,0,0,0,0,27,0,0,0,0,0,0,0,0,0,0,0,0,0,0,0,0,0,0,0,0,0,0,0,0,0,0,0,0,0,0,0,0,0,0,0,0,0,0,0,0,0,0,0,0,0,0,0,0,0,90,0,55,0,0,0,0,0,0,0,0,0,1,0,0,0,0,0,22,0,27,0,174,0,26,0,0,0,0,0,0,0,0,0,1,0,0,0,0,0,0,0,0,0,0,0,21,0,0,0,0,0,0,0,1,0,3,0,0,0,0,0,0,0,0,0,0,0,0,0,0,0,0,0,0,0,0,0,0,0,0,0,0,0,0,0,0,0,0,0,0,0,0,0,0,0,0,72,215,30,0,0,0,0
137,0,161,0,213,0,0,2,0,0,126,0,0,0,35,17,95,2,0,0,58,0,40,0,0,6,0,0,39,0,20,0,0,0,33,0,201,0,0,0,0,0,0,0,1,0,0,0,0,0,9,0,2,0,4,0,0,0,0,0,6,0,9,0,0,0,0,0,0,0,0,0,0,0,31,0,0,0,0,0,0,0,0,0,0,0,40,0,0,0,5,0,0,0,11,0,0,0,80,0,0,0,0,0,0,0,0,0,0,0,0,0,0,0,0,0,0,0,0,0,20,0,10,0,0,0,0,0,0,0,0,0,0,0,0,0,0,0,17,0,18,0,0,0,6,0,0,0,0,0,0,0,6,0,2,0,3,0,0,0,0,0,0,0,0,0,71,0,36,0,0,0,31,0,0,0,24,0,24,0,0,0,43,0,0,0,0,0,1,0,0,0,0,0,0,0,0,0,0,0,0,0,0,0,0,0,0,0,0,0,113,396,80,52,46,0,0,0,0,2,0,0,0,0,0
0,92,0,203,0,58,0,0,0,0,0,85,0,0,47,21,0,42,0,0,0,1,0,18,0,14,0,0,0,52,0,0,0,0,0,1,0,50,0,2,0,0,0,0,0,1,0,0,0,0,0,0,0,1,0,0,0,0,0,17,0,12,0,9,0,0,0,14,0,0,0,16,0,0,0,44,0,0,0,0,0,201,0,0,0,91,0,36,0,0,0,0,0,0,0,0,0,0,0,66,0,0,0,0,0,0,0,0,0,0,0,0,0,0,0,0,0,0,0,0,0,98,0,45,0,0,0,0,0,0,0,0,0,0,0,36,0,22,0,51,0,50,0,208,0,48,0,0,0,4,0,0,0,0,0,6,0,6,0,3,0,0,0,0,0,0,0,28,0,7,0,6,0,24,0,2,0,6,0,0,0,0,0,0,0,0,0,0,0,0,0,0,0,0,0,0,0,0,0,0,0,0,0,0,0,0,0,0,0,0,0,0,0,0,11,0,0,0,52,354,36,13,0,0,0
0,0,0,0,55,0,0,0,0,0,0,0,117,73,47,0,23,0,142,88,51,29,4,0,2,0,73,117,111,0,42,6,33,0,0,18,63,0,10,0,0,0,12,0,9,0,0,0,20,0,64,0,0,0,0,0,0,0,0,0,0,0,7,0,3,0,0,0,0,0,18,0,0,0,20,0,0,0,0,0,0,0,0,0,0,0,0,0,0,0,0,0,0,0,0,0,0,0,67,0,0,0,0,0,0,0,0,0,0,0,0,0,0,0,0,0,0,0,0,0,0,0,0,0,0,0,0,0,0,0,0,0,0,0,0,0,0,0,0,0,0,0,0,0,11,0,0,0,0,0,0,0,0,0,0,0,2,0,0,0,0,0,0,0,43,0,30,0,0,0,0,0,14,0,0,0,0,1,3,0,0,0,5,0,0,0,9,0,0,0,0,0,0,0,0,0,0,0,0,0,0,0,0,0,0,0,0,0,0,0,189,306,156,0,50,0,0,0,0,7,0,0,0,0,0
0,0,0,0,0,88,0,0,0,0,0,0,0,71,68,1,0,6,68,85,49,24,0,34,0,0,0,39,0,23,0,1,0,1,18,0,0,90,0,2,0,0,0,5,0,6,0,0,0,0,0,4,0,0,0,0,0,0,0,9,0,0,0,0,0,0,0,0,0,0,0,48,0,0,0,63,0,0,0,18,0,0,0,0,0,38,0,45,0,0,0,0,0,0,0,0,0,0,0,0,0,0,0,0,0,0,0,0,0,0,0,0,0,0,0,0,0,0,0,0,0,110,0,50,0,0,0,0,0,0,0,0,0,0,0,0,0,0,0,40,0,61,0,175,0,67,0,0,0,0,0,0,0,0,0,0,0,5,0,0,0,0,0,0,0,11,0,43,0,0,0,0,0,31,0,0,0,29,0,0,0,0,0,0,0,0,0,8,0,0,0,0,0,0,0,0,0,0,0,0,0,0,0,0,0,0,0,0,0,0,0,0,0,0,21,0,0,0,157,589,104,0,0,0,0
36,0,0,0,186,0,0,0,0,0,67,4,0,0,171,16,7,0,20,0,57,0,11,0,0,0,31,1,9,0,32,0,201,0,63,0,0,0,27,0,0,0,13,0,25,0,0,0,0,0,58,0,8,0,3,0,0,0,14,0,12,0,14,0,9,0,0,0,0,0,116,0,0,0,122,0,0,0,0,0,117,0,0,0,0,0,203,0,0,0,3,0,0,0,0,0,0,0,216,0,0,0,0,0,0,0,0,0,0,0,0,0,0,0,0,0,0,0,0,0,97,0,42,0,0,0,0,0,0,0,0,0,0,0,0,0,0,0,82,0,111,0,0,0,154,0,0,0,0,0,0,0,0,0,3,0,21,0,0,0,5,0,28,0,16,0,46,0,68,0,0,0,55,0,0,0,11,0,8,0,0,0,21,0,0,0,0,0,0,0,0,0,0,0,0,0,0,0,0,0,0,0,0,0,0,0,0,0,0,0,77,111,94,43,35,0,0,3,0,0,0,0,0,0,0
0,59,0,164,0,345,0,0,0,0,0,43,0,0,54,30,1,21,0,39,0,5,7,32,0,0,0,9,0,2,0,0,0,50,0,90,0,0,0,4,0,0,0,23,0,8,0,1,0,0,0,23,0,0,0,0,0,0,0,0,0,5,0,13,0,0,0,0,0,0,0,42,0,0,0,70,0,0,0,15,0,129,0,0,0,0,0,0,0,0,0,0,0,0,0,0,0,0,0,0,0,0,0,0,0,0,0,0,0,0,0,0,0,0,0,0,0,0,0,0,0,124,0,53,0,0,0,0,0,0,0,0,0,0,0,0,0,0,0,80,0,73,0,147,0,132,0,0,0,0,0,0,0,0,0,9,0,33,0,0,0,0,0,8,0,0,0,50,0,15,0,17,0,32,0,0,0,10,0,0,0,0,0,5,0,18,0,0,0,0,0,0,0,0,0,0,0,0,0,0,0,0,0,0,0,0,0,0,0,0,0,0,0,0,8,0,0,0,58,134,76,11,0,3,0
518,0,221,0,7,0,0,0,71,0,0,0,0,0,0,0,120,0,0,0,0,0,62,0,39,29,0,0,10,0,1,0,0,0,10,0,27,0,0,0,0,0,1,0,1,0,0,0,0,0,0,0,6,0,0,0,1,0,0,0,13,0,11,0,0,0,0,0,0,0,0,0,0,0,17,0,0,0,0,0,0,0,0,0,0,0,22,0,0,0,0,0,0,0,0,0,0,0,0,0,0,0,0,0,0,0,0,0,0,0,0,0,0,0,0,0,0,0,0,0,0,0,0,0,0,0,0,0,0,0,0,0,0,0,0,0,0,0,0,0,21,0,0,0,18,0,0,0,0,0,0,0,0,0,0,0,1,0,10,0,0,0,2,0,0,0,15,0,0,0,0,0,57,0,0,0,78,0,0,0,0,0,134,0,31,0,0,0,0,0,0,0,0,0,0,0,0,0,0,0,0,0,0,0,0,0,0,0,0,0,0,86,16,26,0,0,0,0,0,0,0,0,0,0,0
0,211,0,278,0,0,0,141,0,0,0,30,0,0,0,5,0,44,0,0,0,3,21,0,0,28,0,0,0,6,0,1,0,2,0,2,0,4,0,0,0,0,0,8,0,0,0,0,0,0,0,4,0,2,0,3,0,1,0,0,0,6,0,6,0,0,0,0,0,0,0,0,0,0,0,0,0,0,0,0,0,0,0,0,0,0,0,0,0,0,0,2,0,0,0,0,0,0,0,0,0,0,0,0,0,0,0,0,0,0,0,0,0,0,0,0,0,0,0,0,0,11,0,7,0,0,0,0,0,0,0,0,0,0,0,0,0,10,0,98,0,0,0,89,0,34,0,0,0,0,0,0,0,41,0,8,0,6,0,13,0,0,0,0,0,0,0,6,0,1,0,0,0,11,0,0,2,35,0,0,0,0,0,0,0,56,0,0,0,0,0,0,0,0,0,0,0,0,0,0,0,0,0,0,0,0,0,2,0,0,0,0,0,0,0,0,0,0,5,121,19,0,0,0,0
44,0,28,0,35,0,0,0,11,0,52,0,135,40,0,0,18,0,8,0,0,0,36,0,0,0,43,290,0,0,0,0,0,0,0,0,0,0,0,0,0,104,87,0,36,148,29,425,122,123,40,0,0,0,0,0,0,0,0,0,0,0,0,0,0,0,0,0,0,0,0,0,0,0,1,0,0,0,0,0,0,0,0,0,0,0,0,0,0,0,0,0,0,0,0,0,0,0,0,0,0,0,0,0,0,0,0,0,0,0,0,0,0,0,0,0,0,0,0,0,3,0,0,0,0,0,0,0,1,0,0,0,0,0,0,0,0,0,0,0,5,0,0,0,0,0,0,0,0,0,0,0,0,0,0,0,0,0,0,0,0,0,0,0,0,0,0,0,0,1,1,0,0,0,0,0,25,66,16,0,0,0,58,0,17,0,122,2,0,0,0,0,0,0,0,0,0,0,0,0,0,0,0,0,0,0,0,0,0,0,35,190,38,0,0,0,0,24,0,22,0,0,0,0,0
0,63,0,0,0,30,0,0,0,7,0,143,20,144,0,3,0,0,0,8,0,0,0,0,0,0,118,21,0,0,0,0,0,0,0,0,0,0,0,0,104,0,0,44,27,19,109,110,5,82,0,31,0,0,0,0,0,0,0,0,0,0,0,0,0,0,0,0,0,0,0,0,0,0,0,0,0,0,0,0,0,0,0,0,0,0,0,0,0,0,0,0,0,0,0,0,0,0,0,0,0,0,0,0,0,0,0,0,0,0,0,0,0,0,0,0,0,0,0,0,0,0,0,0,0,0,0,0,0,0,0,0,0,0,0,0,0,0,0,0,0,0,0,0,0,0,0,0,0,0,0,3,0,14,0,0,0,0,0,0,0,0,0,0,0,0,0,0,0,0,0,0,0,0,0,0,0,117,0,27,0,11,0,12,0,0,0,14,0,0,0,0,0,0,0,0,0,0,0,0,0,0,0,0,0,0,0,0,0,0,0,0,0,0,0,0,0,1,0,29,10,0,0,0,5
0,0,0,0,0,0,0,0,0,0,1,0,97,0,4,0,0,0,60,18,28,0,0,0,0,0,226,222,3,0,0,0,0,0,12,0,13,0,1,0,87,0,0,0,200,38,101,195,98,8,32,0,0,0,2,0,21,0,26,0,0,0,4,0,0,0,0,0,0,0,9,0,0,0,0,0,0,0,0,0,0,0,12,0,0,0,21,0,0,0,0,0,0,0,16,0,0,0,0,0,0,0,0,0,0,0,0,0,0,0,0,0,0,0,0,0,0,0,0,0,0,0,0,0,0,0,0,0,0,0,0,0,0,0,0,0,5,0,13,0,0,0,0,0,0,0,0,0,0,0,0,0,0,0,0,0,0,0,0,0,0,0,1,0,30,0,22,0,23,0,3,0,8,0,0,0,0,28,0,0,0,0,0,0,0,0,145,0,11,0,0,0,0,0,0,0,0,0,0,0,0,0,0,0,0,0,0,0,0,0,57,187,60,17,33,0,0,9,0,9,0,0,0,0,0
0,0,1,0,0,0,0,0,0,0,0,0,0,88,0,2,0,2,0,17,0,53,0,0,0,0,17,264,0,18,0,9,0,0,0,5,0,23,0,8,0,44,0,0,0,149,0,81,0,47,0,13,0,0,0,0,0,0,0,0,0,4,0,1,0,0,0,0,0,0,0,0,0,0,0,0,0,0,0,0,0,0,0,0,0,0,0,5,0,0,0,0,0,0,0,0,0,0,0,0,0,0,0,0,0,0,0,0,0,0,0,0,0,0,0,0,0,0,0,0,0,31,0,0,0,0,0,0,0,0,0,0,0,0,0,0,0,9,0,0,0,0,0,0,0,25,0,0,0,0,0,0,0,0,0,0,0,0,0,0,0,0,0,0,0,10,0,14,0,23,0,0,0,7,0,0,2,0,0,0,0,0,0,0,0,0,0,40,0,0,0,0,0,0,0,0,0,0,0,0,0,0,0,0,0,0,0,0,0,0,0,0,0,0,23,0,0,0,66,183,81,0,0,0,11
0,0,0,0,0,0,0,0,0,0,0,0,0,0,0,0,0,0,6,0,29,0,0,0,0,0,166,85,0,0,3,0,1,0,9,0,25,0,1,0,36,27,200,0,0,65,190,146,193,66,87,0,0,0,0,0,0,0,27,0,0,0,0,0,0,0,0,0,55,0,127,0,0,0,0,0,0,0,0,0,229,0,101,0,0,0,209,0,0,0,0,0,0,0,135,0,0,0,530,0,0,0,61,0,0,0,0,0,5,0,0,0,0,0,0,0,0,0,0,0,0,0,33,0,0,0,0,0,0,0,0,0,0,0,0,0,0,0,0,0,0,0,58,0,61,0,0,0,0,0,0,0,0,0,0,0,0,0,0,0,0,0,0,0,81,0,79,0,102,0,12,0,36,0,0,0,0,21,0,0,0,0,0,0,0,0,53,0,0,0,0,0,0,0,17,0,0,0,0,0,0,0,0,0,0,0,0,0,0,0,62,157,127,36,42,0,0,59,0,11,0,0,0,0,0
0,11,0,0,0,0,0,0,0,0,0,9,31,12,0,0,0,13,0,41,0,254,0,79,0,0,79,215,0,0,0,0,0,1,0,6,0,8,0,0,148,19,38,149,65,0,138,213,29,201,0,81,0,0,0,0,0,0,0,0,0,0,0,0,0,0,0,0,0,82,0,0,0,0,0,0,0,18,0,0,0,0,0,54,0,0,0,28,0,0,0,0,0,80,0,169,0,0,0,0,0,0,0,21,0,0,0,0,0,0,0,0,0,0,0,0,0,4,0,0,0,0,0,0,0,0,0,0,0,0,0,0,0,0,0,0,0,0,0,0,0,0,0,0,0,0,0,0,0,0,0,0,0,0,0,0,0,0,0,0,0,0,0,1,0,52,0,5,0,127,0,5,0,0,0,0,0,7,0,0,0,0,0,0,0,0,13,13,0,0,0,0,0,0,0,0,0,0,0,0,0,0,0,0,0,0,0,0,0,0,0,9,0,0,13,0,0,2,57,180,175,0,0,7,138
68,0,61,0,57,0,13,0,17,0,50,0,154,28,14,0,69,0,56,0,0,0,72,0,50,0,166,126,0,0,0,0,0,0,0,0,0,0,0,0,29,109,101,0,190,138,0,351,143,149,28,0,0,0,0,0,7,0,0,0,0,0,12,0,3,0,0,0,0,0,0,0,0,0,0,0,0,0,0,0,0,0,0,0,0,0,0,0,0,0,0,0,0,0,0,0,0,0,76,0,0,0,0,0,0,0,0,0,0,0,0,0,0,0,0,0,0,0,0,0,0,0,2,0,0,0,0,0,0,0,0,0,0,0,0,0,0,0,0,0,0,0,0,0,6,0,0,0,0,0,0,0,0,0,0,0,0,0,0,0,0,0,0,0,25,0,0,0,0,0,1,0,0,0,0,0,38,63,12,0,13,0,96,0,31,0,73,1,0,0,0,0,0,0,0,0,0,0,0,0,0,0,0,0,0,0,0,0,0,0,31,357,77,0,0,0,0,89,0,16,0,0,0,0,1
0,176,0,0,0,114,0,0,0,19,0,161,120,152,0,27,0,0,145,184,62,44,0,0,0,0,446,252,0,0,0,0,0,0,0,0,0,1,0,0,425,110,195,81,146,213,351,0,41,157,82,31,0,0,0,13,0,0,0,0,0,0,0,0,0,0,0,9,0,0,0,0,0,0,0,0,0,0,0,0,0,0,0,0,0,0,0,0,0,0,0,0,0,0,0,0,0,0,0,0,0,0,0,0,0,0,0,0,0,0,0,0,0,0,0,0,0,0,0,0,0,0,0,0,0,0,0,0,0,0,0,0,0,0,0,0,0,0,0,0,0,0,0,0,0,0,0,0,0,0,0,0,0,0,0,0,0,0,0,0,0,0,0,0,8,7,0,0,0,0,0,0,0,1,0,0,0,253,0,11,0,0,0,3,0,0,56,32,0,0,0,0,0,0,0,0,0,0,0,0,0,0,0,0,0,0,0,0,0,0,0,14,0,0,0,0,0,0,0,252,62,0,0,0,54
20,0,29,0,25,0,34,0,29,0,0,0,61,0,0,0,31,0,0,0,20,0,29,0,16,0,53,4,0,0,5,0,0,0,20,0,0,0,0,0,122,5,98,0,193,29,143,41,0,83,19,0,30,0,24,0,89,0,76,0,15,0,10,0,0,0,12,0,55,0,0,1,0,0,0,0,0,0,0,0,13,7,44,0,0,0,20,6,0,0,0,0,49,0,44,0,25,0,28,0,15,0,93,0,0,0,0,0,16,0,0,0,0,0,0,0,5,0,0,0,0,0,0,0,0,5,0,0,0,0,45,0,0,0,0,0,24,0,0,3,0,0,45,0,0,0,0,1,0,0,28,0,29,0,13,0,23,0,24,0,44,0,27,8,18,0,47,0,50,0,64,0,53,0,23,0,72,15,4,0,25,0,12,0,0,0,207,0,140,0,107,0,173,0,24,0,0,0,0,0,42,0,0,0,0,0,51,0,0,0,207,142,205,15,131,83,30,51,3,3,0,0,0,0,1
0,6,0,9,0,0,0,0,0,0,0,28,0,26,0,14,0,0,0,40,1,48,0,0,0,5,0,83,0,0,0,0,0,0,0,0,0,0,0,0,123,82,8,47,66,201,149,157,83,0,0,28,0,0,0,0,0,0,0,0,0,0,0,0,0,0,0,0,0,78,0,10,0,0,0,9,0,15,0,0,0,39,0,34,0,0,0,0,0,0,0,0,0,100,0,86,0,0,0,0,0,0,0,20,0,1,0,0,0,0,0,0,0,0,0,0,0,9,0,0,0,0,0,0,0,0,0,0,0,0,0,0,1,0,0,0,0,0,0,0,0,0,0,0,0,0,0,0,0,0,0,0,0,0,0,0,0,0,0,0,0,0,0,0,0,34,0,5,0,19,0,3,0,3,0,0,0,55,0,5,0,4,0,0,0,4,26,27,0,0,0,0,0,4,0,0,0,0,0,0,0,3,0,0,0,0,0,10,0,0,0,17,0,0,18,0,0,3,98,100,37,0,11,19,34
9,0,0,0,155,0,0,0,0,0,0,0,261,51,50,0,9,0,225,36,72,0,5,0,0,0,244,242,25,0,21,0,9,0,64,0,58,0,0,0,40,0,32,0,87,0,28,82,19,0,0,0,5,0,0,0,49,0,57,0,3,0,7,0,0,0,20,1,0,0,38,0,0,0,22,0,0,0,0,0,52,0,0,0,29,0,0,0,0,0,0,0,0,0,0,0,18,0,108,0,0,0,0,0,0,0,0,0,0,0,0,0,0,0,0,0,0,0,0,0,0,0,0,0,0,0,0,0,0,0,0,0,0,0,0,0,0,0,12,0,0,0,0,0,15,0,0,0,0,0,4,0,0,0,0,0,0,0,3,0,10,0,21,0,49,0,47,0,151,0,17,0,51,0,0,0,0,17,0,0,0,0,4,0,0,0,59,2,0,0,43,0,66,0,0,0,0,0,0,0,0,0,0,0,0,0,0,0,0,0,138,221,163,57,55,0,3,5,0,0,0,0,0,0,0
0,0,0,8,0,0,0,0,0,0,0,0,0,345,0,0,0,0,56,112,19,28,0,4,0,1,0,414,0,17,0,6,0,0,0,4,0,23,0,4,0,31,0,13,0,81,0,31,0,28,0,0,0,0,0,0,0,0,1,0,0,1,0,2,0,0,0,14,0,8,0,26,0,0,0,49,0,0,0,0,0,0,0,0,0,19,0,20,0,0,0,0,0,0,0,0,0,0,0,0,1,0,0,0,0,0,0,0,0,0,0,0,0,0,0,0,0,0,0,0,0,61,0,0,0,0,0,0,0,0,0,0,0,0,0,0,0,0,0,0,0,25,0,27,0,38,0,0,0,0,0,0,0,0,0,0,0,0,0,0,0,0,0,13,0,23,0,49,0,106,0,18,0,37,0,0,0,73,0,0,0,0,0,0,0,1,0,96,0,0,0,0,0,0,0,0,0,0,0,0,0,0,0,0,0,0,0,0,0,0,0,0,0,0,35,0,0,0,165,220,194,45,0,0,9
0,0,1,0,0,0,40,0,196,54,0,0,0,0,0,0,86,0,0,0,17,0,13,0,70,6,0,0,20,0,0,0,2,0,0,0,8,0,6,0,0,0,0,0,0,0,0,0,30,0,5,0,0,64,95,96,162,69,188,90,41,3,139,0,5,2,79,133,0,0,0,0,0,0,15,0,0,0,1,0,22,0,0,0,71,0,16,0,0,0,0,0,0,0,0,0,46,0,61,0,0,0,0,0,0,0,0,0,0,0,0,0,0,0,0,0,0,0,0,0,0,0,15,0,0,0,0,0,128,0,34,0,0,0,0,0,75,0,189,0,54,0,201,0,13,0,0,0,5,0,0,0,0,0,175,6,53,0,271,0,17,0,10,0,0,0,2,0,29,0,60,0,6,0,0,0,43,0,0,0,0,0,0,0,2,0,0,0,0,0,0,0,0,0,0,0,0,0,0,0,24,0,0,0,0,0,0,0,0,0,212,145,136,233,159,0,47,0,2,0,3,0,0,1,0
0,0,0,0,0,2,0,0,119,160,0,0,0,0,0,0,7,58,0,0,0,0,0,0,0,6,0,0,0,5,0,0,0,1,0,0,0,0,0,2,0,0,0,0,0,0,0,0,0,0,0,0,64,0,153,25,11,57,80,56,16,83,37,50,0,0,45,30,0,0,0,0,0,0,0,0,0,0,0,0,0,0,0,0,0,52,0,0,0,0,0,0,0,0,0,0,0,0,0,0,0,0,0,0,0,0,0,0,0,0,0,0,0,0,0,0,0,0,0,0,0,0,0,0,0,0,0,0,0,17,0,0,0,17,0,58,0,70,0,253,0,58,0,186,0,25,0,0,0,0,0,0,0,0,0,141,0,132,0,45,0,12,0,0,0,5,0,0,0,7,0,47,0,28,0,0,42,176,0,0,0,0,0,27,0,47,0,0,0,0,0,0,0,0,0,0,0,0,0,0,0,0,0,0,0,0,0,0,0,0,0,0,0,0,99,0,0,0,114,376,68,86,0,44,0
0,0,35,0,0,0,118,14,117,252,0,0,0,0,17,0,23,0,0,0,28,0,101,2,190,34,0,0,5,0,0,0,4,0,0,0,3,0,0,0,0,0,2,0,0,0,0,0,24,0,0,0,95,153,0,271,84,49,107,116,50,0,73,53,5,1,30,130,0,0,0,0,0,0,0,0,0,0,0,0,0,0,0,0,0,0,0,0,0,0,19,0,0,0,0,0,0,0,0,0,0,0,0,0,0,0,0,0,0,0,0,0,0,0,0,0,0,0,0,0,0,0,0,0,0,0,0,0,45,0,81,0,0,0,51,0,92,0,9,0,0,0,125,0,0,0,2,0,0,0,0,0,0,0,64,0,11,0,27,0,83,0,0,0,0,0,0,0,0,0,66,0,10,0,0,0,62,2,0,0,0,0,0,0,3,0,0,0,0,0,0,0,0,0,0,0,0,0,0,0,0,0,0,0,0,0,0,0,0,0,328,88,180,305,212,0,57,0,0,0,0,0,0,0,0
0,24,0,79,0,20,0,192,254,304,0,6,0,0,0,51,7,22,0,0,0,0,0,36,118,116,0,0,0,0,0,0,0,0,0,0,0,0,0,3,0,0,0,0,0,0,0,13,0,0,0,0,96,25,271,0,11,226,99,229,0,8,98,33,0,1,63,29,0,0,0,0,0,1,0,0,0,0,0,0,0,0,0,0,0,28,0,0,0,0,0,0,0,0,0,0,0,0,0,0,0,0,0,0,0,0,0,0,0,0,0,0,0,0,0,0,0,1,0,0,0,0,0,0,0,0,0,1,0,32,0,7,0,0,0,43,0,59,0,111,0,47,0,76,0,0,0,0,0,0,0,0,0,0,0,13,1,6,0,11,0,3,0,2,0,0,0,0,0,0,0,24,0,0,0,0,54,70,0,0,0,0,0,12,0,30,0,0,0,0,0,0,0,0,0,0,0,0,0,0,0,0,0,0,0,0,0,0,0,0,17,0,8,0,69,0,0,0,97,81,48,76,0,0,0
0,0,50,0,0,0,30,0,12,0,0,0,0,0,0,0,0,0,0,0,0,0,0,0,48,0,0,0,0,0,0,0,0,0,0,0,0,0,1,0,0,0,21,0,0,0,7,0,89,0,49,0,162,11,84,11,0,60,231,29,20,0,11,0,47,60,78,137,0,0,0,0,0,0,0,1,0,0,0,0,0,0,0,0,2,0,0,0,0,0,0,0,0,0,0,0,0,0,0,0,0,0,0,0,0,0,0,0,0,0,0,0,0,0,0,0,0,0,0,0,0,0,0,0,23,0,0,0,31,0,160,0,0,0,0,0,30,0,18,0,0,0,31,0,11,0,0,0,18,0,0,0,0,0,331,36,213,0,138,0,208,0,103,0,0,0,35,0,141,0,75,0,28,0,2,6,10,0,0,0,0,0,0,0,7,0,0,0,0,0,0,0,0,0,0,0,0,0,0,0,0,0,0,0,0,0,0,0,9,0,655,288,326,693,665,54,201,27,0,0,0,0,0,0,0
0,5,0,35,0,10,0,15,0,42,0,0,0,2,0,24,0,21,0,0,0,0,0,24,0,67,0,9,0,6,0,1,0,0,0,0,0,0,0,1,0,0,0,0,0,0,0,0,0,0,0,0,69,57,49,226,60,0,129,352,0,5,6,12,13,12,106,140,0,3,0,0,0,0,0,0,0,0,0,0,0,0,0,0,0,15,0,0,0,0,0,0,0,0,0,0,0,0,0,0,0,0,0,0,0,0,0,0,0,0,0,0,0,0,0,0,0,0,0,0,0,0,0,0,0,11,0,0,0,59,0,50,0,31,0,56,0,98,0,97,0,30,0,67,3,11,0,1,0,0,0,2,0,0,31,249,0,35,0,89,16,40,0,10,0,4,0,0,0,31,0,173,0,23,0,27,11,10,0,0,3,0,0,0,16,46,0,0,0,0,0,0,0,0,0,0,0,0,0,3,0,4,0,0,0,0,0,0,0,5,0,0,0,0,294,0,0,0,287,50,229,276,12,100,0
4,0,26,0,0,0,24,0,162,45,0,0,0,0,0,0,0,0,0,0,0,0,0,0,34,0,0,0,0,0,0,0,0,0,0,0,14,0,0,0,0,0,26,0,27,0,0,0,76,0,57,1,188,80,107,99,231,129,0,74,129,0,0,0,114,13,298,316,0,0,0,0,0,0,0,0,0,0,0,0,0,0,0,0,0,0,0,0,0,0,0,0,0,0,0,0,0,0,0,0,0,0,0,0,0,0,0,0,0,0,0,0,0,0,0,0,0,0,0,0,0,0,0,0,5,0,0,0,0,0,29,0,0,0,0,0,0,0,0,0,0,0,0,0,0,0,0,0,9,1,0,0,0,0,210,25,278,0,0,5,15,3,0,0,10,0,0,0,79,0,70,2,27,2,0,0,45,0,1,0,7,0,0,0,86,0,0,0,0,0,0,0,0,0,0,0,0,0,0,0,0,0,0,0,0,0,0,0,0,0,944,384,283,0,653,22,182,25,0,0,6,0,0,0,0
0,16,1,47,0,0,0,36,71,123,0,2,0,0,0,0,0,0,0,0,0,0,0,0,0,74,0,0,0,0,0,0,0,17,0,9,0,0,0,0,0,0,0,0,0,0,0,0,0,0,0,0,90,56,116,229,29,352,74,0,0,0,25,18,0,172,98,327,0,3,0,0,0,0,0,0,0,0,0,0,0,0,0,0,0,0,0,0,0,0,0,0,0,0,0,0,0,0,0,0,0,0,0,0,0,0,0,0,0,0,0,0,0,0,0,0,0,0,0,0,0,0,0,0,0,1,0,1,0,0,0,33,0,6,0,6,0,10,2,7,0,0,0,0,1,0,0,0,0,3,0,0,0,0,24,156,0,105,0,0,0,164,0,0,0,20,0,0,0,23,0,179,0,0,0,0,23,0,0,0,0,0,0,0,11,8,0,0,0,0,0,0,0,0,0,0,0,0,0,0,0,0,0,0,0,0,0,0,0,0,0,0,0,0,796,0,0,0,960,97,392,617,18,0,0
214,9,0,0,0,0,281,0,585,0,0,0,0,0,0,0,29,0,0,0,0,0,11,0,0,44,0,0,6,0,0,0,6,0,0,0,12,0,13,0,0,0,0,0,0,0,0,0,15,0,3,0,41,16,50,0,20,0,129,0,0,0,49,0,0,0,35,0,0,0,15,0,0,0,15,0,0,0,0,0,0,0,0,0,0,0,0,0,0,0,0,0,0,0,0,0,0,0,0,0,0,0,0,0,0,0,0,0,1,0,0,0,0,0,0,0,0,0,0,0,17,0,0,0,0,0,0,0,0,0,0,0,0,0,0,0,0,0,97,0,86,0,54,0,91,0,0,0,0,0,0,0,0,0,85,0,75,0,34,0,0,0,5,0,1,0,0,0,22,0,121,0,96,0,0,0,184,0,0,0,0,0,91,0,3,0,0,0,0,0,0,0,0,0,0,0,0,0,0,0,0,0,0,0,0,0,0,0,0,0,33,100,160,110,42,0,0,0,0,0,0,0,0,0,0
0,230,25,38,0,0,0,132,0,157,1,0,0,0,0,0,0,13,0,0,0,5,55,0,0,33,0,0,0,2,0,0,0,12,0,0,0,5,0,6,0,0,0,4,0,0,0,0,0,0,0,1,3,83,0,8,0,5,0,0,0,0,0,19,0,4,0,0,0,0,0,0,0,0,0,3,0,0,0,0,0,0,0,0,0,0,0,0,0,0,0,0,0,0,0,0,0,0,0,0,0,0,0,0,0,0,0,0,0,0,0,0,0,0,0,0,0,0,0,0,0,0,0,0,0,0,0,0,0,0,0,0,0,0,0,0,0,0,0,24,0,13,0,15,0,37,0,0,0,0,0,0,0,16,0,4,0,104,0,6,0,0,0,2,0,5,0,0,0,9,0,40,0,107,0,0,0,161,0,0,0,0,0,68,0,15,0,0,0,0,0,0,0,0,0,0,0,0,0,0,0,0,0,0,0,0,0,0,0,0,0,0,0,0,77,0,0,0,47,299,178,132,0,34,3
147,0,52,1,0,0,369,0,341,88,0,0,0,0,4,0,257,0,0,0,64,0,55,0,89,65,38,0,27,0,7,0,9,0,7,0,14,0,11,0,0,0,4,0,0,0,12,0,10,0,7,0,139,37,73,98,11,6,0,25,49,0,0,24,3,0,14,15,0,0,29,0,0,0,65,0,0,0,0,0,68,0,0,0,67,0,76,0,0,0,13,0,0,0,0,0,11,0,138,0,0,0,0,0,0,0,0,0,0,0,0,0,0,0,0,0,0,0,0,0,83,0,45,0,0,0,0,0,26,0,0,0,0,0,0,0,32,0,98,0,84,0,149,0,32,0,0,0,0,0,0,0,0,0,42,0,22,0,58,0,3,0,1,0,0,0,0,0,0,0,7,0,12,0,0,0,132,0,0,0,0,0,56,0,0,0,0,0,0,0,0,0,0,0,0,0,0,0,0,0,0,0,0,0,0,0,0,0,0,0,87,159,32,80,56,0,0,0,0,0,0,1,0,0,0
36,251,0,78,0,0,0,323,57,304,0,0,0,0,0,16,28,275,0,0,0,46,58,100,126,93,2,0,0,47,0,6,0,9,0,0,0,13,0,6,0,0,0,1,0,0,0,0,0,0,0,2,0,50,53,33,0,12,0,18,0,19,24,0,0,5,0,8,0,0,0,0,0,0,0,0,0,0,0,0,0,0,0,0,0,10,0,0,0,0,0,0,0,0,0,0,0,0,0,0,0,0,0,0,0,0,0,0,0,0,0,0,0,0,0,0,0,0,0,0,0,0,0,0,0,0,0,0,0,0,0,0,0,0,0,0,0,0,0,45,0,12,0,38,0,1,1,0,0,0,0,0,0,12,0,7,0,4,0,10,0,0,0,0,0,0,0,0,0,0,2,8,0,12,0,0,20,213,0,0,0,0,0,62,0,0,0,0,0,0,0,0,0,0,0,0,0,0,0,0,0,0,0,0,0,0,0,0,0,0,0,0,0,0,36,0,0,0,39,377,0,35,0,0,0
0,0,15,0,6,0,0,0,47,0,0,0,0,0,5,0,0,0,0,0,0,0,1,0,2,0,0,0,0,0,0,0,0,0,3,0,9,0,0,0,0,0,0,0,0,0,3,0,0,0,0,0,5,0,5,0,47,13,114,0,0,0,3,0,0,47,65,0,0,0,0,0,0,0,0,0,0,0,0,0,0,0,0,0,0,0,0,0,0,0,0,0,0,0,0,0,0,0,0,0,0,0,0,0,0,0,0,0,0,0,0,0,0,0,0,0,0,0,0,0,0,0,0,0,13,0,1,0,0,0,26,0,1,0,0,0,0,0,0,0,0,0,0,0,0,0,3,0,73,0,0,0,0,0,31,38,51,0,0,46,242,0,0,0,0,0,0,0,0,0,0,0,6,0,16,4,9,0,0,0,128,0,0,0,101,5,2,0,0,0,0,0,0,0,0,0,0,0,0,0,0,0,0,0,0,0,0,0,2,0,62,52,0,0,0,4,0,0,0,0,0,0,0,0,0
0,45,0,0,0,0,0,0,0,101,0,5,0,0,0,0,0,0,0,0,0,0,0,0,0,0,0,15,0,0,0,0,0,0,0,0,0,0,0,0,0,0,0,0,0,0,0,0,0,0,0,0,2,0,1,1,60,12,13,172,0,4,0,5,47,0,0,52,0,0,0,19,0,8,0,0,0,0,0,0,0,0,0,0,0,2,0,17,0,0,0,0,0,0,0,0,0,1,0,0,0,0,0,0,0,0,0,0,0,0,0,0,0,0,0,0,0,0,0,0,0,0,0,0,13,40,0,0,0,0,32,45,0,5,0,2,0,3,0,44,0,14,0,0,0,206,0,22,52,264,0,44,0,17,52,96,0,0,81,109,90,179,0,0,0,0,0,11,0,0,0,15,1,0,3,171,0,0,0,0,28,19,0,9,13,103,0,0,0,0,0,0,0,0,0,0,0,0,0,0,0,0,0,0,0,0,0,9,0,8,7,0,0,0,145,1,0,0,157,40,76,0,0,0,0
0,0,0,0,0,0,7,0,23,0,0,0,0,0,0,0,1,0,0,0,0,0,0,0,2,0,0,0,0,0,0,0,0,0,0,0,0,0,0,0,0,0,0,0,0,0,0,0,12,0,20,0,79,45,30,63,78,106,298,98,35,0,14,0,65,0,0,126,0,0,0,0,0,0,0,0,0,0,0,0,0,0,0,0,0,0,0,0,0,0,0,0,0,0,0,0,0,0,0,0,0,0,0,0,0,0,0,0,0,0,0,0,0,0,0,0,0,0,0,0,0,0,0,0,45,0,16,0,0,0,84,0,0,0,0,0,0,0,0,0,0,0,0,0,2,0,13,0,59,0,0,0,0,0,47,15,78,0,0,11,87,0,0,0,2,0,7,0,14,0,26,0,0,0,0,1,170,0,0,0,14,0,1,0,405,0,0,0,0,0,0,0,0,0,0,0,0,0,0,0,0,0,0,0,0,0,0,0,18,0,295,139,83,327,145,9,53,5,0,0,0,0,0,0,0
0,13,0,0,0,0,0,0,88,74,0,0,0,0,0,0,0,0,0,0,0,0,0,0,3,0,0,0,0,0,0,0,0,14,0,0,0,0,0,0,0,0,0,0,0,0,0,9,0,0,1,14,133,30,130,29,137,140,316,327,0,0,15,8,0,52,126,0,0,2,0,0,0,0,0,2,0,1,0,0,0,0,0,0,0,0,0,0,0,0,0,0,0,0,0,0,0,0,0,0,0,0,0,0,0,0,0,0,0,0,0,0,0,0,0,0,0,0,0,0,0,0,0,0,0,33,0,0,0,0,0,26,0,4,0,0,0,12,0,0,0,1,0,1,0,48,0,0,0,39,0,21,0,0,36,282,0,181,11,87,0,39,0,0,0,11,0,35,0,27,0,0,2,32,0,94,33,22,0,0,0,0,0,10,35,201,0,0,0,0,0,0,0,0,0,0,0,0,0,4,0,0,0,0,0,0,0,5,1,0,0,0,0,0,619,0,0,0,908,109,308,478,0,169,0
0,0,0,0,0,0,0,0,0,0,0,0,0,0,0,0,0,0,0,0,0,0,0,0,0,0,0,0,0,0,0,0,0,0,0,0,0,0,0,0,0,0,0,0,55,0,0,0,55,0,0,0,0,0,0,0,0,0,0,0,0,0,0,0,0,0,0,0,0,0,7,0,23,0,0,0,119,0,177,0,49,0,61,0,0,0,81,0,11,0,0,0,54,0,84,0,0,0,59,0,7,0,220,0,0,0,0,0,46,0,11,0,0,0,46,0,21,0,0,0,0,0,0,0,0,0,0,0,0,0,0,0,0,1,0,1,0,0,0,0,0,0,0,0,0,0,0,0,0,0,0,0,0,2,6,0,0,0,0,0,0,0,0,0,48,0,0,0,116,0,0,0,0,0,0,0,0,0,0,0,0,0,0,0,0,0,0,0,0,0,0,0,0,0,0,0,0,0,0,0,0,0,0,0,0,0,0,0,0,0,158,73,141,0,81,146,141,21,0,0,0,0,0,1,0
0,0,0,0,0,0,0,0,0,0,0,0,0,0,0,0,0,0,0,0,0,0,0,0,0,0,0,0,0,0,0,0,0,0,0,0,0,0,0,0,0,0,0,0,0,82,0,0,0,78,0,8,0,0,0,0,0,3,0,3,0,0,0,0,0,0,0,2,0,0,0,0,0,9,0,0,0,65,0,1,0,0,0,108,0,0,0,9,0,24,0,0,0,52,0,158,0,0,0,0,0,17,0,185,0,0,0,0,0,47,0,26,0,16,0,44,0,7,0,0,0,0,0,0,0,0,0,0,0,0,0,15,0,0,0,0,0,0,0,0,0,3,1,0,0,0,0,0,0,0,0,0,2,0,0,1,0,0,0,0,0,0,0,0,0,37,0,0,0,67,0,0,0,0,0,0,0,0,0,0,0,0,0,0,0,0,0,0,0,0,0,0,0,0,0,0,0,0,0,0,0,0,0,0,0,0,0,0,0,0,0,1,0,0,25,0,0,0,121,0,136,0,224,202,14
0,0,0,0,0,0,0,0,0,0,0,0,0,0,1,0,0,0,19,0,76,0,0,0,0,0,0,0,35,0,24,0,0,0,18,0,116,0,0,0,0,0,9,0,127,0,0,0,0,0,38,0,0,0,0,0,0,0,0,0,15,0,29,0,0,0,0,0,7,0,0,0,199,0,200,0,20,0,183,0,0,0,0,0,2,0,57,0,0,0,0,0,0,0,0,0,0,0,0,0,0,0,0,0,0,0,0,0,0,0,0,0,0,0,0,0,0,0,0,0,4,0,14,0,0,0,0,0,0,0,13,0,39,0,9,0,46,0,5,0,76,0,57,0,96,0,0,0,0,0,0,0,23,0,0,0,42,0,1,0,4,0,51,0,0,0,28,0,11,0,28,0,44,0,18,0,0,0,0,0,48,6,0,0,0,1,0,0,0,0,0,0,0,0,0,0,0,0,0,0,0,0,0,0,0,0,0,0,42,0,20,0,0,0,0,0,0,0,0,0,0,0,0,0,0
0,0,0,0,0,0,0,0,0,0,0,0,0,0,0,0,0,0,0,0,0,0,0,0,0,0,0,0,0,0,0,27,0,16,0,48,0,42,0,0,0,0,0,0,0,0,0,0,1,10,0,26,0,0,0,0,0,0,0,0,0,0,0,0,0,19,0,0,0,0,0,0,0,130,0,286,0,43,0,2,0,1,0,0,0,0,0,67,0,0,3,0,0,0,0,0,0,0,0,0,0,0,0,0,0,0,0,0,0,0,0,0,0,0,0,0,0,0,0,0,0,4,0,4,0,0,0,0,0,0,0,42,0,0,0,0,0,0,0,0,21,10,0,0,0,82,0,0,10,0,0,0,0,0,0,0,0,13,0,0,0,5,0,49,0,1,0,20,0,6,0,31,0,29,0,21,0,0,0,0,23,61,0,0,0,22,0,0,0,0,0,0,0,0,0,0,2,0,0,0,0,0,0,0,0,0,1,0,0,13,0,0,0,0,16,0,0,0,15,8,14,2,0,0,0
0,0,0,0,0,0,0,0,0,0,0,0,0,0,0,0,0,0,0,0,0,0,7,0,0,0,0,0,0,0,0,0,0,0,0,0,0,0,0,0,0,0,0,0,0,0,0,0,0,0,0,0,0,0,0,0,0,0,0,0,0,0,0,0,0,0,0,0,23,0,199,0,0,0,159,0,72,0,122,0,0,0,21,0,51,0,38,0,0,0,6,0,0,0,1,0,31,0,0,0,0,0,0,0,0,0,0,0,0,0,0,0,0,0,0,0,2,0,0,0,44,0,47,0,44,0,0,0,0,0,29,7,91,0,0,0,103,4,0,0,37,0,193,0,80,0,13,0,4,0,84,0,0,0,0,0,14,0,0,0,0,1,88,0,17,0,5,0,31,0,16,0,26,0,18,0,0,0,0,0,0,0,0,0,0,0,0,0,0,0,0,0,0,0,0,0,0,0,0,0,106,0,0,0,49,0,0,0,180,0,416,29,48,0,54,9,0,6,13,0,0,0,0,0,0
0,0,0,0,0,0,0,0,0,0,0,0,0,0,0,0,0,0,0,0,0,0,0,0,0,0,0,0,0,0,0,0,0,0,0,0,0,0,0,0,0,0,0,0,0,0,0,0,0,0,0,0,0,0,0,1,0,0,0,0,0,0,0,0,0,8,0,0,0,9,0,130,0,0,0,213,0,247,0,19,0,25,0,0,0,0,0,88,0,0,0,0,0,0,3,0,0,0,0,7,0,9,0,0,0,0,0,0,0,0,0,0,0,0,0,0,0,0,0,0,0,10,0,10,0,0,26,0,0,0,0,41,0,0,0,48,0,0,0,0,0,15,0,36,0,50,23,0,19,71,0,0,0,0,0,0,0,0,0,0,0,0,0,96,0,0,0,0,0,8,0,4,0,0,0,0,0,0,0,0,31,97,0,0,0,0,0,1,0,224,0,147,0,0,0,15,9,0,0,76,0,53,0,267,0,0,0,0,0,0,0,0,0,0,38,0,0,0,135,11,17,0,0,0,0
0,0,0,0,0,0,0,0,0,0,0,0,0,0,0,0,95,0,0,0,228,0,0,0,0,0,0,0,99,0,0,0,31,0,20,0,122,0,17,0,1,0,0,0,0,0,0,0,0,0,22,0,15,0,0,0,0,0,0,0,15,0,65,0,0,0,0,0,0,0,200,0,159,0,0,0,36,0,75,0,2,0,0,0,45,0,47,0,0,0,0,0,0,0,1,0,0,0,0,0,0,0,0,0,0,0,0,0,0,0,0,0,0,0,0,0,0,0,0,0,23,0,123,0,0,0,0,0,0,8,5,0,0,0,0,0,27,1,4,0,99,0,104,0,110,0,9,0,6,0,15,0,0,0,0,0,27,0,0,0,0,0,44,0,0,0,11,0,19,0,14,0,0,0,22,0,0,0,0,0,55,11,0,0,0,0,0,0,0,0,0,0,0,0,0,0,0,0,0,0,0,0,0,0,0,0,0,0,0,0,17,0,0,0,5,0,0,0,0,0,0,0,0,0,0
0,0,0,0,0,0,0,0,0,0,0,0,0,0,0,0,0,15,0,0,0,0,0,0,0,0,0,0,0,0,0,0,0,44,0,63,0,70,0,0,0,0,0,0,0,0,0,0,0,9,0,49,0,0,0,0,1,0,0,0,0,3,0,0,0,0,0,2,0,0,0,286,0,213,0,0,0,26,0,73,0,0,0,0,0,0,6,151,0,0,0,0,0,0,0,0,0,0,0,0,0,0,0,0,0,0,0,0,0,0,0,0,0,0,0,0,0,0,0,0,0,59,0,50,70,0,0,0,0,0,63,77,0,0,0,44,0,35,0,3,0,42,0,54,0,206,0,111,0,120,24,0,0,0,0,0,0,0,0,0,0,0,0,83,0,3,0,34,0,14,0,22,0,38,0,77,0,0,0,0,47,177,0,0,0,0,0,0,0,0,0,0,0,0,0,0,0,0,0,0,0,19,0,0,0,0,0,0,0,0,0,0,0,0,31,0,0,0,65,9,15,0,0,0,0
0,0,0,0,0,0,0,0,0,0,0,0,0,0,0,0,0,0,0,0,0,0,0,0,0,0,0,0,0,0,0,0,0,0,0,0,0,0,0,0,0,0,0,0,0,0,0,0,0,0,0,0,0,0,0,0,0,0,0,0,0,0,0,0,0,0,0,0,119,0,20,0,72,0,36,0,0,0,79,0,12,0,26,0,0,0,59,0,0,0,0,0,5,0,23,0,0,0,0,0,2,0,11,0,0,0,0,0,13,0,0,0,0,0,61,0,42,0,0,0,6,0,0,0,0,0,0,0,0,0,0,0,0,0,0,0,0,0,0,0,0,0,26,0,0,0,0,1,0,0,0,0,5,0,5,0,0,0,2,0,0,0,7,1,0,0,0,0,11,0,0,0,0,0,0,0,0,0,0,0,0,0,0,0,0,0,0,0,0,0,0,0,0,0,4,0,0,0,0,0,32,0,0,0,0,0,0,0,0,0,67,15,26,6,18,17,11,0,0,0,0,0,0,0,0
0,0,0,0,0,0,0,0,0,0,0,0,0,0,0,0,0,0,0,0,0,0,0,0,0,0,0,0,0,0,0,0,0,0,0,0,0,0,0,0,0,0,0,0,0,18,0,0,0,15,0,0,0,0,0,0,0,0,0,0,0,0,0,0,0,0,0,1,0,65,0,43,0,247,0,26,0,0,0,8,0,39,0,26,0,23,0,95,0,2,0,0,0,33,0,68,0,0,0,0,0,38,0,42,0,0,0,7,0,4,0,0,0,0,0,1,0,16,0,0,0,0,0,2,0,0,0,0,0,1,0,0,0,0,0,0,0,0,0,0,0,0,0,0,0,8,0,0,0,0,0,0,0,0,0,0,0,0,0,0,0,0,0,24,0,15,0,0,0,96,0,0,0,0,0,0,0,0,0,0,0,46,0,0,0,0,0,0,0,0,0,0,0,0,0,57,0,0,0,0,0,0,0,0,0,0,0,0,0,0,0,0,0,0,40,0,0,0,174,37,97,0,133,21,14
0,0,0,0,0,0,0,0,0,0,0,0,0,0,0,0,0,0,0,0,0,0,0,0,0,0,0,0,0,0,0,0,0,0,0,0,0,0,0,0,0,0,0,0,0,0,0,0,0,0,0,0,1,0,0,0,0,0,0,0,0,0,0,0,0,0,0,0,177,0,183,0,122,0,75,0,79,0,0,0,8,0,76,0,52,0,22,0,0,0,0,0,42,0,3,0,34,0,0,0,0,0,15,0,0,0,0,0,20,0,0,0,0,0,33,0,17,0,0,0,93,0,39,0,0,0,0,0,0,6,0,0,0,0,0,0,43,0,0,0,22,0,80,0,30,1,0,0,0,0,0,0,0,0,0,0,21,0,0,4,0,0,18,0,14,0,0,0,46,0,0,0,0,0,0,0,0,0,0,0,0,0,0,0,0,0,0,0,0,0,0,0,0,0,0,0,0,0,0,0,74,0,0,0,0,0,0,0,0,0,187,20,38,0,42,20,5,0,0,0,0,0,0,0,0
0,0,0,0,0,0,0,0,0,0,0,0,0,0,0,0,0,0,0,0,0,0,0,0,0,0,0,0,0,0,0,0,0,0,0,18,0,15,0,0,0,0,0,0,0,0,0,0,0,0,0,0,0,0,0,0,0,0,0,0,0,0,0,0,0,0,0,0,0,1,0,2,0,19,0,73,0,8,0,0,0,1,0,2,0,2,0,17,0,0,0,0,0,0,0,0,2,0,0,0,0,0,0,0,0,0,0,0,0,0,0,0,0,0,0,0,0,0,0,0,0,2,0,4,0,0,0,0,0,0,0,0,0,0,0,0,0,0,0,0,0,23,0,16,0,33,0,0,0,32,0,0,0,0,0,0,0,0,0,0,0,0,0,11,0,0,0,0,0,5,0,0,0,0,0,0,0,0,0,0,18,0,0,0,0,0,0,0,0,0,0,0,0,0,0,0,0,0,0,0,0,27,0,0,1,0,0,0,0,14,0,0,0,0,0,0,0,0,5,2,0,0,0,0,0
