0,209,69,133,121,0,26,194,39,34,212,0,113,0,7,96,15,113,0,0,0,0,17,213,7,374,0,0,93,0,0,0,119,6,1,0,44,0,163,0,0,0,0,0,0,0,43,0,11,0,5,0,0,0,3,0,0,0,0,0,74,0,59,13,0,0,11,0,0,0,1,0,0,0,0,0,0,0,0,0,0,0,0,0,0,0,0,0,0,0,0,0,0,0,0,0,0,0,0,0,0,0,0,0,0,0,0,0,0,0,0,0,0,0,0,0,0,0,0,0,0,0,0,0,0,0,0,0,0,0,0,0,0,0,0,0,0,0,0,0,0,0,0,0,0,0,9,0,0,0,12,0,8,0,0,0,0,0,0,0,1,0,0,0,0,0,0,0,34,0,15,0,242,0,2,0,529,142,14,0,0,0,107,12,13,0,0,0,0,0,0,0,0,0,0,0,0,0,0,0,0,0,0,0,0,0,3,0,0,0,471,154,211,0,269,0,0,1,2,0,0,0,0,0,0
209,0,274,57,0,184,73,133,30,40,0,202,0,76,24,31,117,0,0,28,0,0,265,0,230,7,0,102,8,200,0,0,0,213,0,0,0,170,0,523,0,19,0,0,0,0,0,61,0,0,0,0,0,14,0,12,0,0,0,11,0,75,12,35,0,42,0,11,0,0,0,5,0,5,0,0,0,0,0,0,0,0,0,0,0,0,0,0,0,0,0,0,0,4,0,0,0,0,0,0,0,0,0,0,0,0,0,0,0,0,0,0,0,0,0,0,0,0,0,0,0,27,0,0,0,0,0,0,0,0,0,10,0,8,0,80,0,94,0,0,0,0,0,0,0,0,0,0,0,44,0,32,0,65,0,32,0,0,0,0,0,0,0,0,0,0,0,78,0,20,0,0,0,223,0,32,100,539,0,0,0,0,16,0,1,82,0,0,0,0,0,0,0,0,0,0,0,0,0,0,2,19,0,0,0,0,0,0,0,34,5,0,0,0,453,0,0,0,769,223,289,96,15,25,0
69,274,0,0,271,36,112,0,27,10,63,0,91,0,124,75,53,41,56,0,14,0,129,146,66,192,57,0,225,0,92,0,263,12,4,0,45,0,241,0,0,0,0,0,0,0,39,0,0,0,0,0,0,0,100,0,0,0,0,0,44,0,72,0,0,0,19,0,6,0,0,0,0,0,0,0,0,0,0,0,0,0,0,0,0,0,0,0,0,0,0,0,0,0,0,0,0,0,0,0,0,0,0,0,0,0,0,0,0,0,0,0,0,0,0,0,0,0,0,0,0,0,0,0,10,0,42,0,0,0,33,0,10,0,251,0,60,0,0,0,0,0,116,0,0,0,115,0,22,0,53,0,36,0,0,0,0,0,0,0,10,0,0,0,0,0,98,0,78,0,16,0,252,0,0,0,127,79,0,0,0,0,10,10,22,0,2,0,0,0,0,0,0,0,0,0,2,0,32,0,236,0,0,0,0,0,0,0,54,0,535,134,387,0,358,0,0,0,6,3,0,0,0,0,0
133,57,0,0,0,215,0,99,0,20,66,19,0,0,50,159,32,10,0,161,14,79,142,164,12,65,0,74,0,231,0,15,14,277,0,13,0,67,0,256,0,0,0,0,0,0,0,0,0,1,0,0,0,0,0,20,0,0,0,5,0,2,0,4,0,0,0,6,0,0,0,0,0,0,1,0,0,0,0,0,0,0,0,0,0,0,0,0,0,0,0,0,0,0,0,0,0,0,0,0,0,0,0,0,0,0,0,0,0,0,0,0,0,0,0,0,0,0,0,0,0,0,0,0,0,6,0,0,0,17,0,24,0,16,0,105,2,160,0,19,0,0,0,63,0,0,0,0,0,0,0,11,0,0,0,3,0,0,0,0,7,0,0,0,0,4,0,132,0,0,0,0,0,50,0,0,36,77,0,6,0,0,8,0,0,0,0,0,0,0,0,0,0,0,0,0,0,0,0,0,0,0,0,0,0,0,0,0,0,19,0,0,0,0,142,0,0,0,194,36,158,0,0,0,0
121,0,271,0,0,219,55,0,77,0,130,199,422,0,73,286,17,0,148,151,163,54,47,130,0,0,186,0,37,0,333,0,282,0,198,0,275,0,0,0,145,0,23,0,33,0,190,0,16,0,153,0,0,0,8,0,0,0,0,0,0,0,2,0,17,0,0,0,0,0,0,0,0,0,0,0,0,0,0,0,0,0,0,0,0,0,0,0,0,0,0,0,0,0,0,0,0,0,0,0,0,0,0,0,0,0,0,0,0,0,0,0,0,0,0,0,0,0,3,0,0,0,0,0,10,0,24,0,0,0,0,0,0,0,39,0,8,0,0,0,0,0,0,0,0,0,108,0,37,0,48,0,41,0,0,0,0,0,0,0,6,0,3,0,0,1,182,0,105,0,0,0,61,0,0,0,432,135,74,0,0,0,35,0,55,0,12,0,0,0,2,0,0,0,0,0,0,0,10,0,0,0,0,0,0,0,0,0,18,0,527,312,309,0,203,1,0,0,4,0,0,0,0,0,0
0,184,36,215,219,0,0,92,0,33,129,183,88,253,433,118,0,0,112,248,176,189,95,40,1,8,0,365,0,42,0,68,0,286,28,168,0,113,0,0,0,69,0,0,0,32,0,138,0,0,1,115,0,0,0,17,0,0,0,0,0,0,0,5,0,17,0,10,0,0,0,0,0,0,0,0,0,0,0,0,0,0,0,0,0,0,0,0,0,0,0,0,0,0,0,0,0,0,0,0,0,5,0,0,0,0,0,0,0,0,0,0,0,0,0,0,0,0,0,0,0,0,0,0,0,0,0,0,0,0,0,0,0,0,0,156,0,180,0,13,0,0,0,0,0,0,0,0,0,26,0,32,0,28,0,11,0,0,0,0,0,6,0,0,0,42,0,229,0,0,0,42,0,0,0,0,103,299,0,15,0,0,0,0,0,21,0,10,0,0,0,0,0,0,0,0,0,0,0,0,0,0,0,0,0,0,0,0,0,0,0,0,0,0,157,0,0,0,283,267,415,0,0,0,0
26,73,112,0,55,0,0,0,55,210,54,0,0,0,0,0,3,0,0,0,0,0,12,0,130,132,0,0,34,0,0,0,5,0,0,0,0,0,19,0,3,0,0,0,0,0,0,0,11,0,0,0,39,45,138,84,21,4,10,0,109,0,203,32,3,0,26,19,0,0,0,0,0,0,0,0,0,0,0,0,0,0,0,0,0,0,0,0,0,0,0,0,0,0,0,0,0,0,0,0,0,0,0,0,0,0,0,0,0,0,0,0,0,0,0,0,0,0,0,0,0,0,0,0,23,0,0,0,0,0,59,0,2,0,12,0,7,0,0,0,0,0,0,0,0,0,55,0,8,0,19,0,0,0,1,0,9,0,3,0,15,0,6,0,0,0,0,0,40,0,191,0,217,0,1,0,78,38,0,0,0,0,2,19,11,0,0,0,0,0,1,0,1,0,0,0,0,0,0,0,0,0,0,0,0,0,0,0,28,0,667,116,410,461,736,2,86,0,4,2,0,0,0,0,0
194,133,0,99,0,92,0,0,142,93,0,36,0,13,0,26,63,19,0,0,0,0,0,20,162,130,0,0,0,142,0,0,0,43,0,0,0,0,0,371,0,5,0,0,0,0,0,0,0,2,0,10,0,20,33,133,0,16,0,9,0,78,47,274,0,1,0,0,0,0,1,0,0,1,0,0,0,0,0,0,0,0,0,0,0,0,0,0,0,0,0,0,0,1,0,6,0,12,0,0,0,4,0,0,0,0,0,0,0,0,0,0,0,0,0,0,0,0,0,0,0,0,0,0,1,15,0,0,0,30,0,36,0,25,0,61,0,144,0,16,5,13,0,46,0,1,0,0,0,0,0,13,0,0,0,8,0,0,0,0,0,15,0,3,0,0,0,0,0,29,0,50,0,211,0,0,33,92,0,0,0,0,0,0,0,0,0,0,0,0,0,0,0,0,0,0,0,0,0,0,0,0,0,0,0,0,0,0,0,37,1,0,0,0,567,0,0,0,623,70,314,183,21,65,1
39,30,27,0,77,0,55,142,0,353,58,0,56,0,17,0,14,0,7,0,0,0,3,0,17,243,25,0,10,0,0,0,0,0,0,0,0,0,0,0,15,0,9,0,0,0,29,0,10,0,0,0,63,89,40,251,22,0,148,45,170,0,203,73,78,0,207,0,0,0,0,0,0,0,0,0,0,0,0,0,0,0,0,0,0,0,0,0,0,0,0,0,0,0,3,0,1,0,0,0,0,0,0,0,0,0,0,0,0,0,0,0,0,0,0,0,0,0,0,0,0,0,0,0,16,0,28,0,0,0,48,0,0,0,25,0,2,0,0,0,0,0,0,0,0,0,102,0,54,0,33,0,10,0,0,0,6,0,0,0,15,0,0,0,0,0,6,0,20,0,130,0,113,0,0,0,594,92,4,0,2,0,3,31,128,16,3,0,0,0,3,0,0,0,0,0,0,0,0,0,0,0,0,0,0,0,0,0,25,0,508,140,220,0,343,2,0,0,0,0,0,0,0,0,0
34,40,10,20,0,33,210,93,353,0,0,27,0,0,0,0,42,0,0,11,0,0,0,1,277,9,0,27,1,7,0,0,0,0,0,0,0,6,0,38,0,0,0,0,0,0,0,7,0,0,1,0,80,52,279,164,0,38,57,184,0,133,111,115,1,163,0,178,0,4,0,0,0,0,0,0,0,4,0,0,0,0,0,0,0,0,0,0,0,0,0,0,0,1,0,1,0,0,0,0,0,0,0,0,0,0,0,0,0,0,0,0,0,0,0,0,0,0,0,0,0,0,0,0,0,51,0,29,0,11,0,78,0,20,0,64,0,94,0,0,0,4,0,8,0,0,0,45,0,93,0,124,0,21,0,10,0,42,0,0,0,4,0,0,0,3,0,0,0,30,0,72,0,70,0,2,131,521,0,0,0,0,0,3,4,47,0,0,0,0,0,0,0,0,0,0,0,0,0,0,0,18,0,0,0,0,0,0,0,102,0,0,0,0,361,0,0,0,595,115,209,106,25,31,1
212,0,63,66,130,129,54,0,58,0,0,70,284,0,4,264,0,5,6,0,18,15,0,136,0,7,0,0,0,0,47,0,79,0,20,0,68,0,0,5,37,0,6,0,0,0,63,0,14,1,24,0,0,0,7,0,0,0,0,0,0,0,0,0,0,0,21,0,0,0,0,0,0,0,0,0,0,0,0,0,0,0,1,0,0,0,0,0,0,0,0,0,0,0,0,0,0,0,0,0,0,0,0,0,0,0,0,0,0,0,0,0,0,0,0,0,0,0,0,0,0,0,0,0,0,0,0,0,0,0,0,0,0,0,7,0,0,0,0,0,0,0,0,0,0,0,23,0,5,0,0,0,0,0,0,0,0,0,0,0,2,0,0,0,0,0,47,2,0,0,0,0,0,0,0,0,359,78,74,0,0,0,27,0,7,0,11,0,0,0,0,0,0,0,0,0,0,0,0,0,0,0,0,0,0,0,0,0,6,2,164,122,107,0,60,0,0,0,3,0,0,0,0,0,0
0,202,0,19,199,183,0,36,0,27,70,0,0,482,329,10,0,3,43,38,127,52,129,15,0,0,0,255,0,37,0,28,20,264,0,56,0,101,0,68,0,142,0,6,0,28,0,240,0,17,0,45,0,4,0,0,0,2,0,0,0,7,0,0,0,13,0,3,0,0,0,2,0,0,0,0,0,0,0,0,0,0,0,0,0,7,0,0,0,0,0,0,0,0,0,0,0,0,0,0,0,0,0,0,0,0,0,0,0,0,0,0,0,0,0,0,0,0,0,0,0,0,0,0,0,0,0,0,0,0,0,0,0,0,0,34,0,39,0,0,0,0,0,0,0,0,0,0,0,16,0,38,0,51,0,7,0,0,0,0,0,0,0,0,0,9,0,110,0,0,0,9,0,33,0,80,82,408,5,49,0,86,0,4,0,70,0,0,0,0,0,0,0,0,0,0,0,0,0,0,0,0,0,0,0,0,0,0,0,24,0,0,0,0,93,0,0,0,180,132,175,0,1,0,0
113,0,91,0,422,88,0,0,56,0,284,0,0,165,42,54,0,0,104,348,47,103,19,2,0,0,157,193,0,0,11,0,0,6,68,0,0,6,0,0,192,0,151,0,23,0,215,67,57,5,264,0,3,0,0,0,0,0,0,0,0,0,0,0,0,0,21,0,0,0,0,0,0,0,0,0,0,0,0,0,0,0,0,0,0,0,0,0,0,0,0,0,0,0,0,0,0,0,0,0,0,0,0,0,0,0,0,0,0,0,0,0,0,0,0,0,0,0,0,0,0,0,0,0,0,0,0,0,0,0,10,0,0,0,0,0,0,0,0,0,0,0,0,0,0,0,37,0,0,0,22,0,15,0,0,0,0,0,0,0,0,0,0,0,35,0,9,0,0,0,0,0,0,0,0,0,263,68,113,0,0,0,30,0,21,0,350,0,0,0,0,0,0,0,0,0,0,0,0,0,0,0,0,0,0,0,0,0,0,0,0,141,107,0,17,0,0,2,0,0,0,0,0,0,0
0,76,0,0,0,253,0,13,0,0,0,482,165,0,60,0,0,0,313,79,153,146,0,0,0,0,298,81,0,0,3,8,0,0,0,116,0,27,0,0,46,189,40,203,0,46,25,318,0,71,85,424,0,0,0,0,0,0,0,0,0,0,0,0,0,13,0,0,0,0,0,0,0,0,0,0,0,0,0,0,0,0,0,0,0,0,0,0,0,0,0,0,0,0,0,0,0,0,0,0,0,0,0,0,0,0,0,0,0,0,0,0,0,0,0,0,0,0,0,0,0,0,0,0,0,0,0,0,0,0,0,6,0,0,0,0,0,0,0,0,0,0,0,0,0,0,0,0,0,0,0,0,0,0,0,0,0,0,0,0,0,0,0,0,0,0,0,22,0,0,0,0,0,0,0,20,33,364,0,7,0,20,0,3,0,9,14,73,0,0,0,0,0,0,0,0,0,0,0,0,0,0,0,0,0,0,0,2,0,0,0,0,0,0,13,0,0,0,0,177,179,0,3,0,0
7,24,124,50,73,433,0,0,17,0,4,329,42,60,0,408,16,0,187,177,161,76,227,114,8,0,171,0,0,0,96,16,37,50,121,0,60,0,0,0,13,0,12,0,7,0,35,0,3,0,37,0,0,0,27,0,0,0,0,1,0,0,2,0,5,0,4,0,0,0,0,0,0,0,0,0,0,0,0,0,0,0,0,0,0,0,0,0,0,0,0,0,0,0,0,0,0,0,0,0,0,0,0,0,21,0,0,0,0,0,0,0,0,0,0,0,0,0,0,0,0,0,0,0,0,0,0,0,0,0,2,0,0,0,39,0,0,0,0,0,0,0,0,0,0,0,23,0,12,0,26,0,25,0,0,0,0,0,0,0,0,0,0,0,0,0,61,0,26,0,2,0,9,0,0,0,158,79,4,0,0,0,10,0,18,0,0,0,0,0,1,0,0,0,0,0,0,0,0,0,0,0,0,0,0,0,0,0,10,0,103,236,98,0,43,0,0,1,0,0,13,0,0,0,0
96,31,75,159,286,118,0,26,0,0,264,10,54,0,408,0,37,7,30,244,121,161,195,95,0,36,0,97,0,13,42,81,33,185,0,85,3,92,0,13,0,0,0,12,0,17,0,0,0,0,0,23,0,3,0,27,0,23,0,0,0,1,0,18,0,2,0,0,0,0,0,0,0,0,0,0,0,0,0,1,0,0,0,0,0,144,0,0,0,0,0,0,0,0,0,0,0,84,0,102,0,0,0,0,0,0,0,0,0,0,0,0,0,0,0,0,0,0,0,0,0,31,0,0,0,0,0,0,0,0,0,0,0,0,0,173,0,174,4,71,0,103,0,354,0,8,0,0,0,0,0,0,0,1,0,17,0,0,0,0,0,0,0,0,0,0,0,103,0,37,0,8,0,38,0,0,38,62,25,3,0,0,2,0,0,0,0,0,0,0,0,0,0,0,0,0,0,0,0,0,0,0,0,0,0,0,0,0,0,0,0,0,0,0,47,0,0,0,96,174,138,0,0,0,1
15,117,53,32,17,0,3,63,14,42,0,0,0,0,16,37,0,28,43,0,145,0,60,71,56,119,94,0,142,0,59,0,85,0,16,0,0,0,137,0,0,0,3,0,0,0,7,0,0,0,14,0,96,0,27,0,3,0,0,0,8,3,258,16,0,0,0,0,0,0,3,0,2,0,0,0,0,0,0,0,99,0,0,0,202,0,71,0,0,0,61,0,0,0,0,0,350,0,178,0,55,0,17,0,0,0,0,0,0,0,0,0,0,0,0,0,0,0,0,0,93,0,106,0,0,0,0,0,13,0,0,0,35,0,60,0,214,0,24,0,124,0,419,0,0,0,0,0,0,0,0,0,0,0,13,0,0,0,8,0,1,0,0,0,0,0,16,0,26,0,8,0,80,0,0,0,3,8,0,0,5,0,10,7,0,1,0,0,0,0,1,0,0,0,0,0,0,0,0,0,64,0,0,0,0,0,0,0,0,0,41,119,88,44,38,0,6,0,0,0,0,0,0,0,0
113,0,41,10,0,0,0,19,0,0,5,3,0,0,0,7,28,0,0,11,0,77,89,70,57,102,0,0,0,50,0,9,0,39,0,9,0,8,0,131,0,0,0,0,1,0,0,0,0,0,0,0,0,22,0,15,0,39,0,1,0,0,0,111,0,0,0,0,0,0,0,0,0,0,0,0,0,0,0,0,0,66,0,0,0,93,0,0,0,0,0,7,0,0,0,0,0,59,0,74,0,33,0,0,0,0,0,0,0,1,0,0,0,0,0,0,0,0,0,0,0,36,0,0,0,9,0,0,0,38,0,0,0,28,0,0,0,35,0,151,0,195,0,516,0,1,0,0,0,0,0,0,0,0,0,43,0,0,0,41,0,16,0,2,0,3,0,5,0,0,0,0,0,0,0,0,2,0,0,3,0,0,0,0,0,0,0,0,0,0,0,0,0,0,0,0,0,0,0,0,0,0,0,0,0,0,0,0,0,0,0,0,0,0,0,0,0,0,0,172,17,0,0,0,0
0,0,56,0,148,112,0,0,7,0,6,43,104,313,187,30,43,0,0,404,109,137,217,0,0,0,190,139,0,0,19,0,4,0,273,0,39,10,0,0,16,22,35,0,19,0,16,41,4,1,162,0,4,0,0,0,0,0,0,0,0,0,10,0,0,0,0,0,0,0,0,0,0,0,0,0,0,0,0,0,0,0,0,0,0,0,0,0,0,0,0,0,0,0,0,0,0,0,35,0,0,0,0,0,0,0,0,0,0,0,0,0,0,0,0,0,0,0,0,0,15,0,0,0,0,0,0,0,0,0,0,0,0,0,25,0,0,0,0,0,0,0,0,0,0,0,8,0,13,0,0,0,11,0,0,0,0,0,0,0,0,0,0,0,54,0,19,0,0,0,0,0,0,0,0,0,95,44,10,0,0,0,5,0,29,0,53,0,0,0,0,0,0,0,0,0,0,0,0,0,0,0,0,0,0,0,0,0,0,0,63,144,120,0,12,0,0,0,2,0,0,0,0,0,0
0,28,0,161,151,248,0,0,0,11,0,38,348,79,177,244,0,11,404,0,207,231,0,163,0,32,171,297,0,9,0,68,0,49,48,233,0,38,0,0,28,7,28,65,0,45,0,27,0,0,59,201,0,15,0,9,0,0,0,0,0,0,0,30,0,6,0,0,0,0,0,0,0,0,0,1,0,0,0,0,0,101,0,0,0,0,0,0,0,0,0,0,0,0,0,0,0,0,0,0,0,0,0,0,0,0,0,0,0,0,0,0,0,0,0,0,0,0,0,0,0,63,0,11,0,0,0,0,0,0,0,13,0,14,0,0,0,198,0,38,0,90,0,236,0,15,0,0,0,0,0,0,0,17,0,18,0,0,0,0,0,0,0,5,0,29,2,60,0,43,0,0,0,20,0,0,45,97,14,0,0,0,0,0,0,0,0,14,0,0,0,0,0,0,0,0,0,0,0,0,0,0,0,0,0,0,0,0,0,0,1,0,0,0,73,0,0,0,106,151,227,0,0,0,0
0,0,14,14,163,176,0,0,0,0,18,127,47,153,161,121,145,0,109,207,0,113,158,45,9,0,174,63,106,0,138,0,53,12,216,40,55,0,14,0,0,0,18,0,27,0,5,0,8,0,53,0,34,0,0,0,0,0,0,0,0,0,109,0,0,0,0,0,0,0,58,0,0,0,69,0,0,0,0,0,243,0,0,0,164,0,169,0,0,0,143,0,0,0,0,0,408,0,423,0,48,0,0,0,0,0,133,0,0,0,0,0,0,0,0,0,0,0,0,0,238,0,68,0,0,0,0,0,0,0,0,0,0,0,0,0,100,0,0,0,93,0,299,0,51,0,0,0,0,0,0,0,0,0,8,0,0,0,3,0,0,0,0,0,68,0,103,0,59,0,11,0,10,0,0,0,14,11,5,0,0,0,0,0,0,0,13,0,0,0,0,0,0,0,0,0,0,0,0,0,52,0,0,0,6,0,0,0,0,0,167,291,137,0,58,0,0,0,0,0,0,0,0,0,0
0,0,0,79,54,189,0,0,0,0,15,52,103,146,76,161,0,77,137,231,113,0,0,141,0,43,33,137,0,77,9,24,0,93,23,107,0,22,0,14,0,3,0,48,0,71,0,9,0,0,16,70,0,11,0,17,0,11,0,0,0,0,0,71,0,0,0,0,0,0,0,2,0,0,0,0,0,0,0,0,0,110,0,0,0,92,0,0,0,0,0,0,0,0,0,0,0,68,0,0,0,0,0,0,0,0,0,0,0,0,0,0,0,0,0,0,0,0,0,0,0,53,0,21,0,0,0,0,0,14,0,4,0,19,0,0,0,41,0,203,0,398,0,510,0,42,0,0,0,0,0,0,0,0,0,29,0,0,0,24,0,0,0,3,0,30,0,76,0,28,0,6,0,15,0,0,11,34,0,7,0,0,0,0,0,0,0,6,0,0,0,0,0,0,0,0,0,0,0,0,0,0,0,0,0,0,0,0,0,0,0,0,0,0,49,0,0,0,114,254,175,0,0,0,0
17,265,129,142,47,95,12,0,3,0,0,129,19,0,227,195,60,89,217,0,158,0,0,237,27,144,218,0,86,0,50,0,101,0,7,0,25,0,69,0,31,0,0,0,7,0,8,0,11,1,0,0,21,0,261,0,31,0,10,0,7,0,28,0,0,0,0,0,0,0,0,0,0,0,0,0,0,0,0,0,0,0,0,0,115,0,0,0,0,0,27,0,0,0,0,0,310,0,0,0,24,0,0,0,0,0,253,0,0,0,0,0,0,0,0,0,0,0,0,0,0,0,0,0,0,0,8,0,14,0,0,0,23,0,192,0,243,0,8,0,60,0,349,0,0,0,0,0,0,0,17,0,0,0,0,0,0,0,0,0,0,0,0,0,0,0,37,0,40,0,0,0,76,0,0,0,51,50,0,0,0,0,22,0,0,0,0,0,0,0,0,0,0,0,0,0,0,0,0,0,279,0,0,0,0,0,0,0,11,0,173,230,139,43,77,0,0,0,0,0,0,0,0,0,0
213,0,146,164,130,40,0,20,0,1,136,15,2,0,114,95,71,70,0,163,45,141,237,0,36,63,0,68,6,96,25,15,25,68,0,22,0,36,0,56,0,0,0,19,0,0,0,0,0,0,0,0,0,0,0,23,0,13,0,0,0,3,0,24,0,0,0,0,0,0,0,0,0,1,0,0,0,0,0,0,0,49,0,0,0,83,0,29,0,0,0,4,0,0,0,44,0,78,0,50,0,0,0,0,0,0,0,0,0,0,0,0,0,0,0,0,0,0,0,0,0,30,0,6,0,0,0,0,0,0,0,1,0,0,0,45,0,33,1,33,2,83,0,244,0,0,0,0,0,0,0,0,0,0,0,5,0,0,0,0,0,0,0,0,0,4,0,65,0,14,0,8,0,54,0,0,25,31,0,5,0,0,0,0,0,0,0,0,0,0,0,0,0,0,0,0,0,0,0,0,0,8,0,0,0,0,0,0,0,0,0,0,1,0,61,0,0,0,134,515,84,16,0,0,0
7,230,66,12,0,1,130,162,17,277,0,0,0,0,8,0,56,57,0,0,9,0,27,36,0,337,0,0,35,0,4,0,2,0,0,0,2,0,24,8,0,0,0,0,0,0,0,0,0,0,0,0,52,19,241,42,31,0,3,0,29,11,76,62,0,0,0,0,0,0,0,0,0,0,0,0,0,0,0,0,8,0,0,0,22,0,0,0,0,0,0,0,0,0,0,0,0,0,0,0,0,0,0,0,0,0,61,0,0,0,0,0,0,0,0,0,0,0,0,0,0,0,0,0,3,0,0,0,33,0,0,0,30,0,139,0,234,0,14,0,45,0,220,0,0,0,10,0,0,0,0,0,0,0,0,0,0,0,3,0,0,0,0,0,0,0,0,0,10,0,13,0,99,0,0,0,22,25,0,0,0,0,2,42,2,0,0,0,0,0,0,0,0,0,0,0,2,0,0,0,113,0,1,0,0,0,3,0,9,0,81,167,102,60,72,0,7,1,0,0,0,0,0,0,0
374,7,192,65,0,8,132,130,243,9,7,0,0,0,0,36,119,102,0,32,0,43,144,63,337,0,0,0,11,37,0,3,0,0,0,0,0,0,11,47,0,0,0,0,0,0,0,0,0,0,0,0,27,27,48,65,0,63,0,0,0,26,76,119,0,0,0,0,0,0,0,0,0,0,0,0,0,0,0,0,0,19,0,0,0,38,0,0,0,12,0,0,0,0,0,14,0,27,0,0,0,0,0,0,0,0,0,0,0,0,0,0,0,0,0,0,0,0,0,0,0,3,0,0,0,0,0,0,0,16,0,0,0,0,0,42,0,88,0,89,5,72,0,205,0,1,0,0,0,0,0,0,0,0,0,25,0,1,0,0,0,0,0,2,0,3,0,3,0,10,0,5,0,37,0,0,29,53,0,0,1,0,25,3,0,0,1,0,0,0,0,0,0,0,0,0,0,0,0,0,0,0,0,0,0,0,0,0,0,0,0,0,0,0,25,0,0,0,28,320,47,9,0,0,0
0,0,57,0,186,0,0,0,25,0,0,0,157,298,171,0,94,0,190,171,174,33,218,0,0,0,0,379,37,0,10,0,0,0,46,0,48,0,0,0,48,235,226,0,184,54,48,396,37,10,294,0,0,0,0,0,0,0,0,0,0,0,54,0,0,0,0,0,0,0,52,0,0,0,0,0,0,0,0,0,181,0,0,0,0,0,122,0,0,0,0,0,0,0,0,0,0,0,309,0,0,0,0,0,0,0,0,0,0,0,0,0,0,0,0,0,0,0,0,0,0,0,0,0,0,0,0,0,0,0,0,0,0,0,0,0,0,0,0,0,61,0,0,0,0,0,0,0,23,0,0,0,31,0,0,0,0,0,0,0,0,0,15,0,73,0,10,0,0,2,0,0,11,0,0,0,23,39,0,0,0,0,22,0,35,0,126,0,0,0,0,0,0,0,0,0,0,0,0,0,0,0,0,0,0,0,0,0,0,0,29,490,272,0,0,0,0,17,0,14,0,0,0,0,0
0,102,0,74,0,365,0,0,0,27,0,255,193,81,0,97,0,0,139,297,63,137,0,68,0,0,379,0,0,0,0,30,0,24,0,163,0,34,0,3,144,14,59,324,9,171,55,167,0,38,92,399,0,0,0,3,0,0,0,0,0,15,0,49,0,25,0,0,0,0,0,4,0,4,0,7,0,0,0,0,0,140,0,0,0,0,0,81,0,0,0,0,0,0,0,0,0,77,0,0,0,0,0,0,0,0,0,0,0,0,0,0,0,0,0,0,0,0,0,0,0,101,0,0,0,0,0,0,0,0,0,0,0,0,0,109,0,132,0,0,0,136,0,273,0,0,0,0,0,22,0,20,0,26,0,20,0,18,0,0,0,0,0,0,0,80,0,24,0,0,0,8,0,8,0,19,8,103,0,4,0,16,0,0,0,0,20,10,0,0,0,0,0,0,0,0,0,0,0,0,0,0,0,0,0,0,0,0,0,26,0,0,0,0,37,0,0,0,62,280,299,0,0,0,8
93,8,225,0,37,0,34,0,10,1,0,0,0,0,0,0,142,0,0,0,106,0,86,6,35,11,37,0,0,0,58,0,41,0,56,0,29,1,4,0,0,0,124,0,22,0,0,0,0,0,42,0,15,0,0,0,0,0,0,0,3,0,10,0,0,0,0,0,0,0,0,0,0,0,5,0,0,0,0,0,27,0,0,0,16,0,0,0,0,0,0,0,0,0,0,0,0,0,31,0,0,0,0,0,0,0,0,0,0,0,0,0,0,0,0,0,0,0,0,0,36,0,0,0,0,0,0,0,0,0,0,0,0,0,0,0,50,0,19,0,39,0,112,0,0,0,0,0,0,0,0,0,0,0,4,0,0,0,0,0,0,0,0,0,0,0,2,0,0,0,0,0,0,0,0,0,8,0,0,0,6,0,9,0,0,0,0,0,0,0,0,0,0,0,0,0,0,0,0,0,0,0,0,0,0,0,0,0,0,0,4,89,0,0,0,0,0,0,0,0,0,0,0,0,0
0,200,0,231,0,42,0,142,0,7,0,37,0,0,0,13,0,50,0,9,0,77,0,96,0,37,0,0,0,0,0,46,0,29,0,128,0,15,0,12,0,0,0,0,0,9,0,0,0,0,0,8,0,2,0,4,0,4,0,0,0,0,0,32,0,0,0,0,0,0,0,0,0,0,0,0,0,0,0,0,0,13,0,0,0,12,0,0,0,0,0,3,0,0,0,0,0,13,0,0,0,0,0,0,0,0,0,0,0,0,0,0,0,0,0,0,0,0,0,0,0,9,0,0,0,0,0,0,0,0,0,0,0,0,0,0,0,0,0,69,0,75,0,95,0,0,0,0,0,0,0,0,0,0,0,10,0,0,0,14,0,0,0,0,0,0,0,0,0,0,0,0,0,0,0,0,0,6,0,35,0,0,0,0,0,0,0,0,0,0,0,0,0,0,0,0,0,0,0,0,0,0,0,0,0,0,0,0,0,0,0,0,0,0,0,0,0,0,6,22,8,0,0,0,0
0,0,92,0,333,0,0,0,0,0,47,0,11,3,96,42,59,0,19,0,138,9,50,25,4,0,10,0,58,0,0,0,15,0,21,0,8,0,8,0,0,0,66,0,17,0,0,0,0,0,24,0,0,0,0,0,0,0,0,0,0,0,42,0,0,0,0,0,0,0,0,0,0,0,0,0,0,0,0,0,0,0,0,0,0,0,13,0,0,0,0,0,0,0,0,0,0,0,0,0,0,0,0,0,0,0,0,0,0,0,0,0,0,0,0,0,0,0,0,0,19,0,13,0,0,0,0,0,0,0,0,0,0,0,0,0,0,0,0,0,30,0,61,0,7,0,0,0,0,0,0,0,0,0,6,0,0,0,0,0,0,0,0,0,0,0,41,0,0,0,0,0,0,0,0,0,15,0,5,0,0,0,0,0,2,0,0,0,0,0,0,0,0,0,0,0,0,0,0,0,0,0,0,0,0,0,0,0,0,0,47,152,29,8,10,0,0,0,0,0,0,0,0,0,0
0,0,0,15,0,68,0,0,0,0,0,28,0,8,16,81,0,9,0,68,0,24,0,15,0,3,0,30,0,46,0,0,0,10,0,26,0,8,0,14,0,0,0,20,0,28,0,0,0,0,0,18,0,0,0,2,0,0,0,1,0,0,0,11,0,0,0,0,0,0,0,0,0,0,0,0,0,0,0,0,0,0,0,0,0,0,0,0,0,0,0,0,0,0,0,0,0,0,0,0,0,4,0,0,0,0,0,0,0,0,0,0,0,0,0,0,0,0,0,0,0,0,0,0,0,0,0,0,0,3,0,0,0,0,0,0,0,0,0,34,0,0,0,35,0,0,0,0,0,0,0,0,0,0,0,0,0,0,0,0,0,0,0,0,0,0,0,11,0,5,0,2,0,0,0,0,0,10,0,4,0,0,0,0,0,0,0,0,0,0,0,0,0,0,0,0,0,0,0,0,0,0,0,0,0,0,0,0,0,0,0,0,0,0,10,0,0,0,19,31,15,0,0,0,0
119,0,263,14,282,0,5,0,0,0,79,20,0,0,37,33,85,0,4,0,53,0,101,25,2,0,0,0,41,0,15,0,0,0,106,0,208,0,19,0,0,0,105,0,8,0,0,0,0,0,36,0,0,0,0,0,0,0,0,0,4,0,22,0,0,0,0,1,0,0,14,0,0,0,0,0,0,0,0,0,0,0,0,0,0,0,0,0,0,0,0,0,0,0,0,0,0,0,0,0,0,0,0,0,0,0,0,0,0,0,0,0,0,0,0,0,0,0,0,0,49,0,24,0,0,0,0,0,0,0,0,0,0,0,0,0,46,0,49,0,122,0,172,0,26,0,0,0,0,0,0,0,0,0,14,0,6,0,5,0,0,0,0,0,4,0,42,0,13,0,6,0,6,0,0,0,26,3,6,0,0,0,31,0,0,0,0,0,0,0,0,0,0,0,0,0,0,0,0,0,0,0,0,0,0,0,0,0,0,0,63,333,49,10,16,0,0,0,0,0,0,0,0,0,0
6,213,12,277,0,286,0,43,0,0,0,264,6,0,50,185,0,39,0,49,12,93,0,68,0,0,0,24,0,29,0,10,0,0,0,58,0,171,0,17,0,0,0,13,0,19,0,0,0,0,0,36,0,0,0,0,0,0,0,0,0,14,0,19,0,0,0,0,0,0,0,0,0,0,0,0,0,0,0,0,0,0,0,0,0,0,0,0,0,0,0,0,0,0,0,0,0,0,0,0,0,0,0,0,0,0,0,0,0,0,0,0,0,0,0,0,0,0,0,0,0,0,0,0,0,0,0,0,0,0,0,0,0,2,0,0,0,0,0,54,0,90,0,62,0,42,0,0,0,0,0,0,0,0,0,8,0,17,0,0,0,0,0,0,0,8,0,57,0,0,0,0,0,6,0,0,9,75,0,119,0,0,0,0,0,0,0,0,0,0,0,0,0,0,0,0,0,0,0,0,0,0,0,0,0,0,0,0,0,0,0,0,0,0,0,0,0,0,21,139,36,0,0,0,0
1,0,4,0,198,28,0,0,0,0,20,0,68,0,121,0,16,0,273,48,216,23,7,0,0,0,46,0,56,0,21,0,106,0,0,0,89,0,12,0,0,0,19,0,5,0,0,0,6,0,58,0,0,0,0,0,0,0,0,0,0,0,0,0,0,0,0,0,0,0,0,0,0,0,0,0,0,0,0,0,34,0,0,0,0,0,29,0,0,0,0,0,0,0,0,0,0,0,55,0,6,0,0,0,0,0,0,0,0,0,0,0,0,0,0,0,0,0,0,0,28,0,0,0,0,0,0,0,0,0,0,0,0,0,0,0,0,0,0,0,0,0,0,0,0,0,0,0,0,0,0,0,0,0,0,0,0,0,0,0,0,0,4,0,57,0,59,0,32,0,0,0,7,0,0,0,0,0,0,0,0,0,0,0,0,0,4,0,0,0,0,0,0,0,0,0,0,0,0,0,0,0,0,0,0,0,0,0,0,0,72,220,146,0,27,0,0,0,0,0,0,0,0,0,0
0,0,0,13,0,168,0,0,0,0,0,56,0,116,0,85,0,9,0,233,40,107,0,22,0,0,0,163,0,128,0,26,0,58,0,0,0,107,0,63,0,0,0,52,0,67,0,23,0,3,0,44,0,0,0,2,0,0,0,0,0,0,0,15,0,0,0,0,0,0,0,0,0,0,0,0,0,0,0,0,0,0,0,0,0,0,0,14,0,0,0,0,0,0,0,0,0,0,0,0,0,0,0,0,0,0,0,0,0,0,0,0,0,0,0,0,0,0,0,0,0,0,0,0,0,0,0,0,0,0,0,0,0,0,0,0,0,0,0,59,0,179,0,174,0,0,0,0,0,0,0,0,0,0,0,0,0,3,0,0,0,0,0,0,0,20,0,32,0,9,0,0,0,4,0,0,0,19,0,17,0,0,0,0,0,0,0,5,0,0,0,0,0,0,0,0,0,0,0,0,0,0,0,0,0,0,0,0,0,0,0,0,0,0,17,0,0,0,30,46,85,0,0,0,0
44,0,45,0,275,0,0,0,0,0,68,0,0,0,60,3,0,0,39,0,55,0,25,0,2,0,48,0,29,0,8,0,208,0,89,0,0,0,35,0,0,0,82,0,20,0,0,0,5,0,74,0,7,0,0,0,0,0,0,0,7,0,25,0,0,0,0,0,0,0,38,0,0,0,25,0,0,0,0,0,52,0,0,0,14,0,46,0,0,0,0,0,0,0,0,0,0,0,85,0,9,0,0,0,0,0,0,0,0,0,0,0,0,0,0,0,0,0,0,0,68,0,17,0,0,0,0,0,0,0,0,0,0,0,0,0,36,0,42,0,128,0,90,0,78,0,0,0,4,0,0,0,0,0,9,0,10,0,4,0,0,0,0,0,27,0,26,0,37,0,22,0,10,0,0,0,0,0,4,0,0,0,0,0,0,0,0,0,0,0,0,0,0,0,0,0,0,0,0,0,0,0,0,0,0,0,0,0,2,0,41,153,76,19,12,0,0,0,0,0,0,0,0,0,0
0,170,0,67,0,113,0,0,0,6,0,101,6,27,0,92,0,8,10,38,0,22,0,36,0,0,0,34,1,15,0,8,0,171,0,107,0,0,0,52,0,0,0,31,0,10,0,0,0,0,0,105,0,1,0,0,0,1,0,1,0,10,0,8,0,0,0,0,0,0,0,0,0,0,0,0,0,0,0,0,0,0,0,0,0,16,0,26,0,0,0,0,0,0,0,0,0,0,0,28,0,0,0,0,0,0,0,0,0,0,0,0,0,0,0,0,0,0,0,0,0,48,0,25,0,1,0,0,0,0,0,0,0,0,0,0,0,9,0,126,0,469,0,215,0,186,0,0,0,0,0,0,0,0,0,0,0,42,0,23,0,2,0,4,0,15,0,20,0,18,0,14,0,21,0,0,0,46,0,100,0,0,0,4,0,0,0,1,0,0,0,0,0,0,0,0,0,0,0,0,0,0,0,0,0,0,0,0,0,0,0,0,0,0,13,0,0,0,26,124,27,9,0,0,0
163,0,241,0,0,0,19,0,0,0,0,0,0,0,0,0,137,0,0,0,14,0,69,0,24,11,0,0,4,0,8,0,19,0,12,0,35,0,0,0,0,0,46,0,17,0,0,0,0,0,19,0,38,0,0,0,0,0,0,0,10,0,22,0,0,0,0,0,0,0,0,0,0,0,0,0,0,0,0,0,0,0,0,0,0,0,0,0,0,0,0,0,0,0,0,0,6,0,0,0,0,0,0,0,0,0,3,0,0,0,0,0,0,0,0,0,0,0,0,0,0,0,0,0,0,0,0,0,0,0,0,0,3,0,0,0,38,0,124,0,160,0,62,0,79,0,0,0,0,0,0,0,0,0,65,0,19,0,26,0,0,0,0,0,0,0,0,0,0,0,6,0,2,0,10,0,0,0,0,0,0,0,33,0,21,0,0,0,0,0,0,0,0,0,0,0,0,0,0,0,0,0,0,0,0,0,0,0,0,0,14,108,0,0,6,0,0,0,0,0,0,0,0,0,0
0,523,0,256,0,0,0,371,0,38,5,68,0,0,0,13,0,131,0,0,0,14,0,56,8,47,0,3,0,12,0,14,0,17,0,63,0,52,0,0,0,0,0,0,0,0,0,0,0,0,0,11,0,13,0,11,0,5,0,0,0,5,0,12,0,0,0,0,0,0,0,0,0,0,0,0,0,0,0,0,0,0,0,1,0,0,0,0,0,0,0,0,0,0,0,0,0,0,0,0,0,0,0,0,0,0,0,0,0,0,0,0,0,0,0,0,0,0,0,0,0,0,0,0,0,0,0,0,0,0,0,0,0,0,0,0,0,0,0,125,0,186,0,0,0,83,0,0,0,0,0,0,0,0,0,37,0,13,0,30,0,0,0,0,0,1,0,14,0,0,0,0,0,12,0,0,9,144,0,39,0,0,0,13,0,0,0,0,0,0,0,0,0,0,0,0,0,0,0,0,0,0,0,0,0,0,0,0,0,0,0,0,0,0,18,0,0,0,17,154,5,0,0,2,0
0,0,0,0,145,0,3,0,15,0,37,0,192,46,13,0,0,0,16,28,0,0,31,0,0,0,48,144,0,0,0,0,0,0,0,0,0,0,0,0,0,74,32,0,51,59,69,192,118,11,17,0,0,0,0,0,0,0,0,0,0,0,3,0,0,0,0,0,0,0,0,0,0,0,0,0,0,0,0,0,0,0,0,0,0,0,0,0,0,0,0,0,0,0,0,0,0,0,0,0,0,0,0,0,0,0,0,0,0,0,0,0,0,0,0,0,0,0,0,0,0,0,0,0,0,0,0,0,0,0,0,0,0,0,0,0,0,0,0,0,0,0,0,0,0,0,0,0,3,0,0,0,6,0,0,0,0,0,0,0,0,0,0,0,0,0,0,0,0,0,0,0,0,0,3,0,11,29,19,0,0,0,0,0,0,0,292,0,0,0,0,0,0,0,0,0,0,0,0,0,0,0,0,0,0,0,0,0,0,0,0,146,13,0,0,0,0,42,0,29,0,0,0,0,1
0,19,0,0,0,69,0,5,0,0,0,142,0,189,0,0,0,0,22,7,0,3,0,0,0,0,235,14,0,0,0,0,0,0,0,0,0,0,0,0,74,0,33,83,21,23,65,144,6,156,18,42,0,0,0,3,0,0,0,0,0,0,0,0,0,0,0,0,0,0,0,0,0,0,0,0,0,0,0,0,0,0,0,0,0,0,0,0,0,0,0,0,0,0,0,0,0,0,0,0,0,0,0,0,0,0,0,0,0,0,0,0,0,0,0,0,0,0,0,0,0,0,0,0,0,0,0,0,0,0,0,0,0,0,0,0,0,0,0,0,0,0,0,0,0,0,0,0,0,0,0,4,0,0,0,0,0,0,0,0,0,0,0,0,2,0,0,0,0,0,0,0,0,0,0,9,0,120,0,8,0,0,0,0,0,0,34,20,0,0,0,0,0,0,0,0,0,0,0,0,0,0,0,0,0,0,0,0,0,0,0,10,0,0,0,0,0,0,0,93,14,0,0,0,44
0,0,0,0,23,0,0,0,9,0,6,0,151,40,12,0,3,0,35,28,18,0,0,0,0,0,226,59,124,0,66,0,105,0,19,0,82,0,46,0,32,33,0,0,62,14,74,70,70,0,29,0,0,0,0,0,2,0,4,0,1,0,0,0,2,0,0,0,1,0,22,0,10,0,19,0,0,0,0,0,34,0,0,0,13,0,0,0,0,0,0,0,0,0,0,0,33,0,71,0,8,0,0,0,0,0,0,0,0,0,0,0,0,0,0,0,0,0,0,0,30,0,6,0,0,0,0,0,0,0,0,0,0,0,0,0,0,0,0,0,0,0,0,0,0,0,0,0,0,0,0,0,0,0,3,0,0,0,0,0,0,0,0,0,29,0,23,0,0,0,0,0,14,0,0,0,2,1,6,0,2,0,6,0,0,0,34,1,0,0,0,0,0,0,1,0,0,0,0,0,0,0,0,0,3,0,0,0,0,0,56,161,122,15,22,0,1,34,0,0,0,0,0,0,0
0,0,0,0,0,0,0,0,0,0,0,6,0,203,0,12,0,0,0,65,0,48,0,19,0,0,0,324,0,0,0,20,0,13,0,52,0,31,0,0,0,83,0,0,0,187,0,122,0,27,0,61,0,0,0,0,0,3,0,0,0,0,0,0,0,0,0,0,0,0,0,0,0,0,0,17,0,0,0,9,0,45,0,0,0,0,0,48,0,0,0,0,0,0,0,0,0,0,0,0,0,0,0,0,0,0,0,0,0,0,0,0,0,0,0,0,0,0,0,0,0,94,0,0,0,1,0,0,0,0,0,0,0,0,0,0,0,0,0,15,0,0,0,113,0,40,0,0,0,0,0,0,0,0,0,0,0,0,0,0,0,0,0,3,0,15,0,17,0,15,0,12,0,13,0,0,0,19,0,1,0,0,0,1,0,0,0,121,0,0,0,0,0,0,0,0,0,0,0,0,0,0,0,0,0,0,0,0,0,0,0,0,0,0,46,0,0,0,116,110,140,14,1,0,6
0,0,0,0,33,0,0,0,0,0,0,0,23,0,7,0,0,1,19,0,27,0,7,0,0,0,184,9,22,0,17,0,8,0,5,0,20,0,17,0,51,21,62,0,0,23,183,0,103,19,70,0,0,0,0,0,0,0,4,0,0,0,8,0,0,0,0,0,16,0,0,0,0,0,0,0,7,0,0,0,32,0,26,0,0,0,35,0,0,0,0,0,0,0,26,0,0,0,0,0,13,0,9,0,0,0,13,0,0,0,0,0,0,0,0,0,0,0,0,0,0,0,0,0,0,2,0,0,0,0,0,0,0,0,0,0,0,0,0,0,35,1,0,0,0,0,0,0,4,0,0,0,0,0,3,0,0,0,0,0,0,0,13,0,115,0,8,0,45,0,8,0,8,0,0,0,15,0,8,0,0,0,0,0,7,0,44,0,0,0,0,0,0,0,0,0,0,0,0,0,0,0,0,0,0,0,0,0,0,0,43,98,125,0,16,0,0,64,0,16,0,0,0,0,0
0,0,0,0,0,32,0,0,0,0,0,28,0,46,0,17,0,0,0,45,0,71,0,0,0,0,54,171,0,9,0,28,0,19,0,67,0,10,0,0,59,23,14,187,23,0,48,217,7,137,6,96,0,0,0,4,0,0,0,0,0,2,0,12,0,5,0,0,0,16,0,0,0,0,0,0,0,22,0,0,0,0,0,65,0,0,0,61,0,0,0,0,0,20,0,66,0,0,0,0,0,0,0,0,0,24,0,0,0,0,0,0,0,0,0,0,0,0,0,0,0,0,0,0,0,0,0,0,0,0,0,0,0,0,0,0,0,0,0,15,0,0,0,0,0,14,0,0,0,0,0,10,0,0,0,0,0,0,0,0,0,0,0,6,0,121,0,0,0,107,0,5,0,5,0,0,0,32,0,2,0,0,0,0,0,4,22,50,0,0,0,0,0,0,0,31,0,0,0,0,0,0,0,0,0,0,0,0,0,0,0,4,0,0,24,0,0,0,51,127,207,11,0,0,26
43,0,39,0,190,0,0,0,29,0,63,0,215,25,35,0,7,0,16,0,5,0,8,0,0,0,48,55,0,0,0,0,0,0,0,0,0,0,0,0,69,65,74,0,183,48,0,129,174,17,7,0,0,0,0,0,0,0,0,0,0,0,0,0,0,0,0,0,0,0,0,0,0,0,0,0,0,0,0,0,0,0,0,0,0,0,0,0,0,0,0,0,0,0,0,0,0,0,0,0,3,0,0,0,0,0,0,0,0,0,0,0,0,0,0,0,0,0,0,0,0,0,0,0,0,0,0,0,0,0,0,0,0,0,20,0,0,0,0,0,0,0,0,0,0,0,35,0,17,0,27,0,10,0,0,0,0,0,0,0,0,0,0,0,34,0,0,0,0,0,0,0,0,0,0,0,13,14,23,0,0,0,23,0,20,0,147,0,0,0,0,0,0,0,0,0,0,0,0,0,0,0,0,0,0,0,0,0,0,0,0,231,69,0,0,0,1,78,0,35,0,0,0,0,3
0,61,0,0,0,138,0,0,0,7,0,240,67,318,0,0,0,0,41,27,0,9,0,0,0,0,396,167,0,0,0,0,0,0,0,23,0,0,0,0,192,144,70,122,0,217,129,0,0,192,48,78,0,0,0,0,0,0,0,0,0,0,0,0,0,12,0,0,0,4,0,0,0,0,0,0,0,0,0,0,0,0,0,0,0,0,0,0,0,0,0,0,0,0,0,0,0,0,0,0,0,0,0,2,0,0,0,0,0,0,0,0,0,0,0,0,0,0,0,0,0,0,0,1,0,0,0,0,0,0,0,0,0,4,0,0,0,19,0,0,0,0,0,0,0,1,0,0,0,6,0,0,0,0,0,0,0,0,0,0,0,0,0,0,0,35,0,3,0,0,0,0,0,0,0,0,0,157,0,0,0,0,0,0,0,0,74,17,0,0,0,0,0,0,0,0,0,0,0,0,0,0,0,0,0,0,0,0,0,0,0,8,0,0,0,0,0,1,0,343,159,9,0,0,70
11,0,0,0,16,0,11,0,10,0,14,0,57,0,3,0,0,0,4,0,8,0,11,0,0,0,37,0,0,0,0,0,0,0,6,0,5,0,0,0,118,6,70,0,103,7,174,0,0,9,11,0,11,0,0,0,11,0,0,0,0,0,0,0,0,0,0,0,25,0,0,0,1,0,0,0,9,0,4,0,15,0,42,0,23,0,26,0,8,0,2,0,28,1,64,0,0,0,7,0,43,0,48,0,6,0,0,0,0,0,0,0,3,0,0,0,0,0,0,0,7,0,0,0,0,0,2,0,0,0,0,0,0,0,0,0,5,0,0,0,0,0,0,0,0,0,0,0,0,0,0,0,4,0,7,0,0,0,7,0,7,0,5,0,24,0,7,0,20,0,5,0,14,0,7,0,34,2,27,0,7,1,7,0,0,0,133,0,21,0,0,0,32,0,7,0,0,0,0,0,14,0,0,0,25,0,5,0,0,0,58,51,151,6,81,0,5,10,0,14,8,1,0,0,4
0,0,0,1,0,0,0,2,0,0,1,17,5,71,0,0,0,0,1,0,0,0,1,0,0,0,10,38,0,0,0,0,0,0,0,3,0,0,0,0,11,156,0,27,19,137,17,192,9,0,0,11,0,0,0,0,0,2,0,0,0,0,0,0,0,0,0,0,0,10,0,0,0,2,0,0,0,0,0,0,0,10,0,19,0,0,0,3,0,0,0,1,0,9,0,19,0,0,0,1,0,2,0,2,0,0,0,2,0,0,0,0,0,0,0,0,0,0,0,0,0,0,0,0,0,0,0,0,0,1,0,0,0,0,0,0,0,0,0,1,0,2,0,0,0,0,0,0,0,0,0,0,0,0,0,0,0,0,0,1,0,0,0,0,0,12,0,1,0,4,0,1,0,3,0,0,0,83,2,18,0,0,0,0,0,0,23,52,0,3,0,0,0,0,0,1,0,0,0,0,0,0,0,6,0,0,0,0,0,0,0,12,0,0,5,0,0,2,0,10,9,0,1,0,10
5,0,0,0,153,1,0,0,0,1,24,0,264,85,37,0,14,0,162,59,53,16,0,0,0,0,294,92,42,0,24,0,36,0,58,0,74,0,19,0,17,18,29,0,70,6,7,48,11,0,0,0,9,0,0,0,0,0,5,0,0,0,12,0,0,0,0,0,0,0,38,0,0,0,32,0,0,0,0,0,70,0,0,0,0,0,55,0,0,0,0,0,0,0,0,0,73,0,129,0,0,0,0,0,0,0,0,0,0,0,0,0,0,0,0,0,0,0,0,0,0,0,0,0,0,0,0,0,0,0,0,0,0,0,0,0,0,0,0,0,0,0,59,0,34,0,0,0,0,0,0,0,0,0,2,0,0,0,2,0,0,0,21,0,73,0,25,0,43,0,20,0,30,0,0,0,0,6,3,0,0,0,0,0,0,0,0,0,0,0,0,0,0,0,0,0,0,0,0,0,0,0,0,0,0,0,0,0,0,0,85,219,165,44,34,1,2,6,1,0,0,0,0,0,0
0,0,0,0,0,115,0,10,0,0,0,45,0,424,0,23,0,0,0,201,0,70,0,0,0,0,0,399,0,8,0,18,0,36,0,44,0,105,0,11,0,42,0,61,0,96,0,78,0,11,0,0,0,3,0,0,0,0,0,1,0,3,0,8,0,0,0,0,0,3,0,13,0,7,0,0,0,0,0,12,0,109,0,0,0,0,0,78,0,0,0,0,0,0,0,0,0,0,0,51,0,0,0,0,0,0,0,0,0,0,0,0,0,0,0,0,0,0,0,0,0,131,0,35,0,0,0,1,0,0,0,0,0,0,0,0,0,0,0,39,0,128,0,224,0,62,0,0,0,1,0,0,0,0,0,0,0,0,0,0,0,0,0,7,0,18,0,42,0,45,0,23,0,35,0,0,0,32,0,0,0,0,0,0,0,4,2,61,0,0,0,0,0,0,0,4,0,0,0,0,0,0,0,0,0,0,0,0,0,4,0,0,0,0,35,0,0,0,77,73,85,7,3,0,0
0,0,0,0,0,0,39,0,63,80,0,0,3,0,0,0,96,0,4,0,34,0,21,0,52,27,0,0,15,0,0,0,0,0,0,0,7,0,38,0,0,0,0,0,0,0,0,0,11,0,9,0,0,42,87,82,176,5,25,32,24,0,60,19,10,0,7,45,0,0,0,0,0,0,2,0,0,0,0,0,0,0,0,0,0,0,0,0,0,0,0,0,0,0,0,0,0,0,0,0,0,0,0,0,0,0,0,0,0,0,0,0,0,0,0,0,0,0,0,0,5,0,8,0,0,0,5,0,40,0,5,0,57,0,37,0,240,0,145,0,148,0,163,0,5,0,0,0,0,0,0,0,0,0,155,3,41,0,62,2,0,0,5,0,7,0,0,0,24,0,172,0,8,0,0,0,6,0,0,0,0,0,2,3,0,5,0,0,0,0,0,0,0,0,0,0,0,0,0,0,0,0,0,0,0,0,0,0,6,0,125,598,255,255,289,0,46,0,0,0,0,0,0,0,0
0,14,0,0,0,0,45,20,89,52,0,4,0,0,0,3,0,22,0,15,0,11,0,0,19,27,0,0,0,2,0,0,0,0,0,0,0,1,0,13,0,0,0,0,0,0,0,0,0,0,0,3,42,0,108,82,20,104,131,13,2,79,11,52,7,0,46,0,0,0,0,0,0,0,0,0,0,0,0,0,0,0,0,1,0,0,0,0,0,0,0,0,0,0,0,0,0,0,0,0,0,0,0,0,0,0,0,0,0,0,0,0,0,0,0,0,0,0,0,0,0,0,0,0,0,7,0,0,0,16,0,0,0,17,0,1,0,11,1,138,0,73,0,60,1,31,0,0,0,0,0,0,0,0,2,58,0,56,0,99,0,9,0,0,0,0,0,0,0,0,0,19,0,0,0,0,10,55,0,0,0,0,0,1,7,2,0,0,0,0,0,0,0,0,0,0,0,0,0,0,0,0,0,0,0,0,0,0,0,0,0,0,0,0,78,0,0,0,65,225,51,47,7,6,0
3,0,100,0,8,0,138,33,40,279,7,0,0,0,27,0,27,0,0,0,0,0,261,0,241,48,0,0,0,0,0,0,0,0,0,0,0,0,0,0,0,0,0,0,0,0,0,0,0,0,0,0,87,108,0,215,49,12,22,68,27,0,9,31,4,0,8,166,0,0,0,0,0,0,0,0,0,0,0,0,0,0,0,0,0,0,0,0,0,0,0,0,0,0,0,0,0,0,0,0,0,0,0,0,0,0,0,0,0,0,0,0,0,0,0,0,0,0,0,0,0,0,0,0,80,0,64,0,55,0,108,0,53,0,109,0,203,0,0,0,0,0,60,0,0,0,57,0,0,0,0,0,0,0,32,7,33,0,9,0,36,0,0,0,3,0,0,0,16,0,64,0,6,0,0,0,17,3,0,0,0,0,0,8,0,19,0,0,0,0,0,0,0,0,0,0,1,0,0,0,28,0,0,0,0,0,0,0,37,0,238,210,176,268,463,0,40,4,0,0,0,0,0,0,0
0,12,0,20,0,17,84,133,251,164,0,0,0,0,0,27,0,15,0,9,0,17,0,23,42,65,0,3,0,4,0,2,0,0,0,2,0,0,0,11,0,3,0,0,0,4,0,0,0,0,0,0,82,82,215,0,0,61,91,34,0,49,45,110,0,1,35,27,0,7,0,0,0,0,0,0,0,2,0,0,0,0,0,12,0,0,0,0,0,0,0,0,0,0,0,0,0,0,0,0,0,0,0,1,0,0,0,0,0,0,0,0,0,0,1,0,0,0,0,0,0,0,0,0,0,18,0,12,0,29,0,47,0,28,0,21,0,83,0,24,0,9,0,0,0,0,0,0,0,1,0,9,0,0,1,62,0,24,0,12,0,22,0,5,0,0,0,2,0,48,0,154,0,84,0,0,15,11,0,0,0,0,0,0,8,5,0,0,0,0,0,0,0,0,0,0,0,0,0,0,0,0,0,0,0,0,0,0,0,32,3,0,0,0,364,0,0,0,296,113,340,208,26,81,0
0,0,0,0,0,0,21,0,22,0,0,0,0,0,0,0,3,0,0,0,0,0,31,0,31,0,0,0,0,0,0,0,0,0,0,0,0,0,0,0,0,0,2,0,0,0,0,0,11,0,0,0,176,20,49,0,0,15,159,0,0,0,2,0,55,60,45,102,0,0,0,0,2,0,0,0,0,0,0,0,0,0,0,0,0,0,0,0,0,0,0,0,0,0,0,0,0,0,0,0,0,0,0,0,0,0,0,0,0,0,0,0,0,0,0,0,0,0,0,0,0,0,0,0,20,0,13,0,8,0,90,0,9,0,0,0,0,0,0,0,0,0,0,0,4,0,0,0,2,0,0,0,0,0,73,27,41,0,99,21,75,26,0,0,7,0,0,0,30,0,53,0,0,0,0,0,0,0,0,0,0,0,1,0,6,5,0,0,0,0,0,0,0,0,0,0,0,0,0,0,0,0,0,0,0,0,0,0,0,0,296,201,371,573,1079,24,53,0,0,0,0,0,0,0,0
0,0,0,0,0,0,4,16,0,38,0,2,0,0,0,23,0,39,0,0,0,11,0,13,0,63,0,0,0,4,0,0,0,0,0,0,0,1,0,5,0,0,0,3,0,0,0,0,0,2,0,0,5,104,12,61,15,0,90,144,0,0,0,25,24,5,65,53,0,10,0,0,0,0,0,0,0,9,0,0,0,0,0,10,0,0,0,0,0,0,0,0,0,7,0,8,0,0,0,0,0,0,0,0,0,0,0,0,0,0,0,0,0,0,0,0,0,0,0,0,0,0,0,0,0,8,0,5,0,17,0,46,0,21,0,0,0,34,8,36,6,0,0,0,0,0,0,0,0,2,0,0,0,0,9,168,5,41,4,53,0,21,0,64,0,4,0,3,0,61,0,257,0,16,0,0,0,0,0,0,0,0,0,0,0,0,0,0,0,0,0,0,0,0,0,0,0,0,0,0,0,0,0,0,0,0,0,0,0,10,0,0,0,1,520,0,0,0,256,83,608,413,89,68,1
0,0,0,0,0,0,10,0,148,57,0,0,0,0,0,0,0,0,0,0,0,0,10,0,3,0,0,0,0,0,0,0,0,0,0,0,0,0,0,0,0,0,4,0,4,0,0,0,0,0,5,0,25,131,22,91,159,90,0,429,17,0,3,0,223,46,302,311,0,0,0,0,0,0,0,0,0,0,0,0,0,0,0,0,0,0,0,0,0,0,0,0,1,0,0,0,0,0,0,0,0,0,0,0,0,0,0,0,0,0,0,0,0,0,0,0,0,0,0,0,0,0,0,0,0,0,0,0,0,0,36,0,0,0,0,0,0,0,0,6,0,0,0,0,2,0,0,0,1,0,3,0,0,0,34,63,83,10,9,37,25,13,0,0,0,0,0,0,3,0,21,0,15,0,0,0,78,3,0,0,0,0,0,0,102,33,0,0,0,0,0,0,0,0,0,0,0,0,0,0,0,0,0,0,0,0,0,0,0,0,341,553,65,0,600,8,0,0,0,0,0,0,0,0,0
0,11,0,5,0,0,0,9,45,184,0,0,0,0,1,0,0,1,0,0,0,0,0,0,0,0,0,0,0,0,0,1,0,0,0,0,0,1,0,0,0,0,0,0,0,0,0,0,0,0,0,1,32,13,68,34,0,144,429,0,0,0,0,5,89,155,181,449,0,8,0,0,0,0,0,0,0,0,0,0,0,1,0,10,0,0,0,0,0,0,0,0,0,0,0,0,0,0,0,0,0,0,0,0,0,0,0,0,0,0,0,0,0,0,0,0,0,0,0,0,0,0,0,0,0,23,0,0,0,0,0,43,0,15,0,0,0,8,16,2,0,0,0,0,8,28,0,0,0,8,0,0,0,0,59,93,18,110,25,36,0,18,0,42,0,0,0,0,0,42,0,104,0,0,0,1,6,0,0,0,0,0,0,0,46,76,0,0,0,0,0,0,0,0,0,0,0,0,0,0,0,0,0,0,0,0,0,0,0,0,2,3,0,0,856,0,0,0,620,482,500,443,96,68,3
74,0,44,0,0,0,109,0,170,0,0,0,0,0,0,0,8,0,0,0,0,0,7,0,29,0,0,0,3,0,0,0,4,0,0,0,7,0,10,0,0,0,1,0,0,0,0,0,0,0,0,0,24,2,27,0,0,0,17,0,0,0,7,0,0,0,0,0,0,0,0,0,0,0,0,0,0,0,0,0,2,0,0,0,0,0,0,0,0,0,0,0,0,0,0,0,0,0,3,0,0,0,0,0,0,0,0,0,0,0,0,0,0,0,0,0,0,0,0,0,0,0,0,0,0,0,0,0,0,0,0,0,0,0,0,0,0,0,125,0,177,0,63,0,83,0,0,0,0,0,2,0,0,0,70,0,111,0,28,0,0,0,0,0,0,0,0,0,4,0,62,0,73,0,0,0,33,4,0,0,3,0,18,0,0,0,0,0,0,0,0,0,0,0,0,0,0,0,0,0,0,0,0,0,0,0,0,0,0,0,18,434,38,24,10,0,5,0,0,0,0,0,0,0,0
0,75,0,2,0,0,0,78,0,133,0,7,0,0,0,1,3,0,0,0,0,0,0,3,11,26,0,15,0,0,0,0,0,14,0,0,0,10,0,5,0,0,0,0,0,2,0,0,0,0,0,3,0,79,0,49,0,0,0,0,0,0,0,24,0,0,0,1,0,0,0,0,0,0,0,0,0,0,0,0,0,0,0,0,0,0,0,0,0,0,0,0,0,1,0,0,0,0,0,0,0,0,0,0,0,0,0,0,0,0,0,0,0,0,0,0,0,0,0,0,0,0,0,0,0,0,0,0,0,0,0,0,0,0,0,0,0,2,0,14,0,53,0,0,0,98,0,0,0,0,0,0,0,0,0,5,0,73,0,15,0,0,0,0,0,0,0,0,0,4,0,47,0,43,0,0,5,148,0,0,0,0,0,9,0,0,0,0,0,0,0,0,0,0,0,0,0,0,0,0,0,0,0,0,0,0,0,0,0,0,0,0,0,0,71,0,0,0,50,157,67,64,0,15,0
59,12,72,0,2,0,203,47,203,111,0,0,0,0,2,0,258,0,10,0,109,0,28,0,76,76,54,0,10,0,42,0,22,0,0,0,25,0,22,0,3,0,0,0,8,0,0,0,0,0,12,0,60,11,9,45,2,0,3,0,7,0,0,45,0,0,0,0,0,0,2,0,0,0,5,0,0,0,0,0,36,0,0,0,22,0,0,0,0,0,0,0,0,0,0,0,0,0,38,0,0,0,0,0,0,0,0,0,0,0,0,0,0,0,0,0,0,0,0,0,45,0,26,0,0,0,0,0,9,0,0,0,16,0,8,0,90,0,62,0,78,0,147,0,8,0,0,0,0,0,0,0,0,0,29,0,20,0,7,0,0,0,0,0,0,0,0,0,0,0,8,0,8,0,0,0,57,12,0,0,0,0,31,6,0,0,0,0,0,0,0,0,0,0,0,0,0,0,0,0,0,0,0,0,0,0,0,0,0,0,18,447,26,17,18,0,2,0,1,0,0,0,0,0,0
13,35,0,4,0,5,32,274,73,115,0,0,0,0,0,18,16,111,0,30,0,71,0,24,62,119,0,49,0,32,0,11,0,19,0,15,0,8,0,12,0,0,0,0,0,12,0,0,0,0,0,8,19,52,31,110,0,25,0,5,0,24,45,0,0,0,1,0,0,0,0,0,0,0,0,0,0,0,0,0,0,0,0,0,0,0,0,0,0,0,0,0,0,0,0,0,0,0,0,0,0,0,0,0,0,0,0,0,0,0,0,0,0,0,0,0,0,0,0,0,0,0,0,0,0,0,0,0,0,0,0,0,0,0,0,0,0,3,0,93,0,33,0,20,0,79,0,0,0,0,0,0,0,0,0,61,0,38,0,84,0,0,0,0,0,1,0,0,0,0,0,0,0,16,0,0,10,138,0,0,0,0,0,14,0,0,0,0,0,0,0,0,0,0,0,0,0,0,0,0,0,0,0,0,0,0,0,0,0,0,0,0,0,0,30,0,0,0,32,185,22,14,0,8,0
0,0,0,0,17,0,3,0,78,1,0,0,0,0,5,0,0,0,0,0,0,0,0,0,0,0,0,0,0,0,0,0,0,0,0,0,0,0,0,0,0,0,2,0,0,0,0,0,0,0,0,0,10,7,4,0,55,24,223,89,0,0,0,0,0,150,74,42,0,0,0,0,0,0,1,0,0,0,0,0,0,0,0,0,0,0,0,0,0,0,0,0,0,0,0,0,0,0,0,0,0,0,0,0,0,0,0,0,0,0,0,0,0,0,0,0,0,0,0,0,0,0,0,0,0,0,0,0,1,0,11,0,0,0,2,0,0,0,2,42,0,0,0,0,11,39,44,0,12,8,17,0,0,0,10,77,4,0,0,103,320,124,2,0,0,0,0,0,0,0,0,0,3,0,14,0,37,0,0,0,36,8,2,0,224,14,2,0,0,0,0,0,0,0,0,0,1,0,0,0,0,0,0,0,0,0,0,0,8,0,70,50,0,0,53,0,0,0,0,0,0,0,0,0,0
0,42,0,0,0,17,0,1,0,163,0,13,0,13,0,2,0,0,0,6,0,0,0,0,0,0,0,25,0,0,0,0,0,0,0,0,0,0,0,0,0,0,0,0,0,5,0,12,0,0,0,0,0,0,0,1,60,5,46,155,0,0,0,0,150,0,25,190,0,0,14,21,8,18,14,47,0,0,0,0,0,0,0,0,0,0,2,0,0,0,0,0,0,0,0,0,0,0,0,0,1,0,0,0,0,0,0,0,0,0,0,0,0,0,0,0,0,0,0,0,1,0,2,6,0,16,0,9,0,0,0,168,0,0,0,8,0,6,92,25,52,95,0,0,36,124,0,49,63,267,0,60,0,16,18,0,0,1,18,6,254,386,2,26,0,0,0,0,0,9,0,0,0,0,5,60,0,0,0,0,3,114,0,0,49,158,0,0,0,0,0,0,0,0,0,0,0,0,0,0,0,0,0,0,0,0,0,8,0,27,0,0,0,0,79,0,0,0,81,16,0,0,0,0,0
11,0,19,0,0,0,26,0,207,0,21,0,21,0,4,0,0,0,0,0,0,0,0,0,0,0,0,0,0,0,0,0,0,0,0,0,0,0,0,0,0,0,0,0,0,0,0,0,0,0,0,0,7,46,8,35,45,65,302,181,0,0,0,1,74,25,0,60,0,0,0,0,0,0,0,0,0,0,0,0,0,0,0,0,0,0,0,0,0,0,0,0,0,0,0,0,0,0,0,0,0,0,0,0,0,0,0,0,0,0,0,0,0,0,0,0,0,0,0,0,0,0,0,0,9,0,10,0,0,0,49,0,0,0,0,0,0,0,0,5,0,0,0,0,0,2,22,0,23,0,10,0,0,0,0,39,0,1,0,22,94,0,0,0,0,0,0,0,0,0,1,0,3,0,0,0,64,0,0,0,0,0,0,0,279,10,0,0,0,0,0,0,0,0,0,0,0,0,0,0,0,0,0,0,0,0,0,0,7,0,17,53,0,0,22,0,0,0,0,0,0,0,0,0,0
0,11,0,6,0,10,19,0,0,178,0,3,0,0,0,0,0,0,0,0,0,0,0,0,0,0,0,0,0,0,0,0,1,0,0,0,0,0,0,0,0,0,0,0,0,0,0,0,0,0,0,0,45,0,166,27,102,53,311,449,0,1,0,0,42,190,60,0,0,0,0,0,0,0,0,0,0,0,0,0,0,0,0,0,0,0,0,0,0,0,0,0,0,0,0,0,0,0,0,0,0,0,0,0,0,0,0,0,0,0,0,0,0,0,0,0,0,0,0,0,0,0,0,0,0,16,0,0,0,0,0,57,0,0,0,0,0,0,17,0,0,0,0,0,6,17,0,10,0,35,0,0,0,0,23,0,7,10,18,2,0,19,0,0,0,1,0,0,0,3,0,0,0,0,0,12,14,37,0,0,0,0,0,0,33,443,0,0,0,0,0,0,0,0,0,0,0,0,0,0,0,0,0,0,0,0,0,0,0,6,0,0,0,0,74,0,0,0,84,109,49,41,7,0,0
0,0,6,0,0,0,0,0,0,0,0,0,0,0,0,0,0,0,0,0,0,0,0,0,0,0,0,0,0,0,0,0,0,0,0,0,0,0,0,0,0,0,1,0,16,0,0,0,25,0,0,0,0,0,0,0,0,0,0,0,0,0,0,0,0,0,0,0,0,0,0,0,14,0,0,0,101,0,19,0,0,0,21,0,0,0,26,0,11,0,0,0,23,0,10,1,0,0,0,0,20,0,103,0,10,0,17,0,4,0,2,0,1,0,0,0,0,0,1,0,12,0,0,0,0,0,0,0,0,0,0,0,0,0,0,0,0,1,0,0,0,0,0,0,0,0,0,0,0,0,0,0,0,0,0,0,0,0,2,0,0,0,1,0,32,0,0,0,107,0,26,0,6,0,0,0,0,0,0,0,0,0,0,0,0,0,0,0,0,0,17,0,0,0,9,0,0,0,0,0,0,0,49,0,0,0,0,0,0,0,35,22,72,8,9,30,45,0,0,0,0,0,0,0,0
0,0,0,0,0,0,0,0,0,4,0,0,0,0,0,0,0,0,0,0,0,0,0,0,0,0,0,0,0,0,0,0,0,0,0,0,0,0,0,0,0,0,0,0,0,16,0,4,0,10,0,3,0,0,0,7,0,10,0,8,0,0,0,0,0,0,0,0,0,0,0,0,0,3,0,1,0,40,0,0,0,17,0,23,0,0,0,20,0,4,0,0,0,17,0,17,0,3,0,0,0,11,0,66,0,15,0,0,0,8,0,0,0,7,0,0,0,1,0,0,0,1,0,0,0,0,0,0,0,0,0,2,0,2,0,31,0,4,0,0,0,0,0,0,0,0,0,0,0,0,0,5,0,0,0,0,0,0,0,0,0,0,0,2,0,20,0,4,0,50,0,5,0,6,0,0,0,3,0,0,0,0,0,0,0,0,0,0,0,27,0,0,0,0,0,28,0,0,0,0,0,0,0,39,0,0,0,0,0,8,0,0,0,0,0,0,0,0,25,48,120,6,13,35,2
1,0,0,0,0,0,0,1,0,0,0,0,0,0,0,0,3,0,0,0,58,0,0,0,0,0,52,0,0,0,0,0,14,0,0,0,38,0,0,0,0,0,22,0,0,0,0,0,0,0,38,0,0,0,0,0,0,0,0,0,0,0,2,0,0,14,0,0,0,0,0,0,414,1,248,0,9,0,121,0,0,0,0,0,0,0,22,0,0,0,0,0,0,0,0,0,0,3,0,0,0,0,0,0,0,0,0,0,0,0,0,0,0,0,0,0,0,0,0,0,33,1,7,0,36,10,0,0,11,0,42,50,20,0,0,0,21,0,3,30,40,19,16,0,26,12,13,0,26,0,21,0,9,0,0,0,2,0,0,4,11,14,43,1,0,0,11,0,27,0,24,0,31,0,0,0,0,0,0,0,15,14,0,0,0,0,0,0,0,0,0,0,0,0,0,0,0,0,0,0,0,0,0,0,0,0,0,0,11,0,27,0,10,0,2,0,0,0,0,0,0,0,0,0,0
0,5,0,0,0,0,0,0,0,0,0,2,0,0,0,0,0,0,0,0,0,2,0,0,0,0,0,4,0,0,0,0,0,0,0,0,0,0,0,0,0,0,0,0,0,0,0,0,0,0,0,13,0,0,0,0,0,0,0,0,0,0,0,0,0,21,0,0,0,0,0,0,0,132,0,213,0,23,0,19,0,0,0,5,0,0,0,56,0,0,0,0,0,0,0,0,3,0,0,0,0,0,0,1,0,0,0,0,0,0,0,0,0,0,0,0,0,0,0,0,0,9,0,4,0,34,0,0,6,6,0,27,0,18,0,0,0,0,0,4,7,43,0,0,0,87,0,13,0,30,0,15,0,9,0,0,0,0,1,0,0,7,0,22,0,0,0,7,0,9,0,0,0,0,0,0,0,0,0,0,4,0,0,1,0,0,0,0,0,0,0,0,0,0,0,0,0,0,0,0,0,0,0,0,0,0,0,0,0,0,0,0,0,0,0,0,0,0,20,2,43,0,2,0,0
0,0,0,0,0,0,0,0,0,0,0,0,0,0,0,0,2,0,0,0,0,0,0,0,0,0,0,0,0,0,0,0,0,0,0,0,0,0,0,0,0,0,10,0,0,0,0,0,1,0,0,0,0,0,0,0,2,0,0,0,0,0,0,0,0,8,0,0,14,0,414,0,0,0,176,0,38,0,166,0,0,0,44,0,39,0,7,0,0,0,0,0,3,0,2,0,0,0,1,0,0,0,3,0,0,0,0,0,0,0,0,0,0,0,0,0,0,0,0,0,83,0,49,0,47,0,55,0,15,0,63,0,49,0,111,0,93,0,0,5,103,0,234,0,42,6,38,2,0,0,105,0,0,0,0,2,0,0,0,0,6,0,46,1,0,0,5,0,9,0,9,0,15,0,0,0,0,0,0,0,0,0,0,0,0,0,0,0,0,0,0,0,0,0,0,0,0,0,0,0,43,0,0,0,13,0,0,0,116,0,220,2,28,1,35,0,0,0,0,0,0,0,0,0,0
0,5,0,0,0,0,0,1,0,0,0,0,0,0,0,0,0,0,0,0,0,0,0,1,0,0,0,4,0,0,0,0,0,0,0,0,0,0,0,0,0,0,0,0,0,0,0,0,0,2,0,7,0,0,0,0,0,0,0,0,0,0,0,0,0,18,0,0,0,3,1,132,0,0,0,344,0,77,1,58,0,0,0,12,0,38,0,121,0,0,0,0,0,3,0,0,4,0,0,0,0,0,0,5,0,0,0,0,0,1,0,0,0,0,0,0,0,0,0,0,0,20,0,22,0,116,0,0,7,8,11,46,0,67,0,124,4,0,4,0,0,49,0,83,0,86,0,38,0,28,0,0,0,27,0,0,0,0,0,0,0,8,0,77,0,3,0,6,0,24,0,3,0,2,0,8,0,0,0,0,0,25,0,0,0,0,0,0,0,0,0,0,0,0,0,0,0,0,0,48,0,0,0,0,0,0,0,0,0,112,0,0,0,0,25,0,0,0,116,7,14,1,0,1,0
0,0,0,1,0,0,0,0,0,0,0,0,0,0,0,0,0,0,0,0,69,0,0,0,0,0,0,0,5,0,0,0,0,0,0,0,25,0,0,0,0,0,19,0,0,0,0,0,0,0,32,0,2,0,0,0,0,0,0,0,0,0,5,0,1,14,0,0,0,0,248,0,176,0,0,1,17,0,262,0,7,0,0,0,62,0,32,0,0,0,0,0,0,0,3,0,12,0,9,0,0,0,0,0,0,0,7,0,0,0,0,0,0,0,0,0,0,0,0,0,163,0,108,0,33,0,0,0,0,3,24,57,10,0,61,0,29,1,5,27,69,13,187,0,85,16,16,0,0,14,0,0,0,0,0,0,0,0,0,7,0,19,36,0,0,0,0,0,27,0,16,0,24,0,7,1,0,0,0,0,18,6,0,0,0,0,0,0,0,0,4,0,0,0,0,0,0,0,0,0,19,1,0,0,0,0,0,0,0,0,36,0,10,0,0,0,0,0,0,0,0,0,0,0,0
0,0,0,0,0,0,0,0,0,0,0,0,0,0,0,0,0,0,0,1,0,0,0,0,0,0,0,7,0,0,0,0,0,0,0,0,0,0,0,0,0,0,0,17,0,0,0,0,0,0,0,0,0,0,0,0,0,0,0,0,0,0,0,0,0,47,0,0,0,1,0,213,0,344,1,0,0,29,0,83,4,22,0,0,0,0,0,161,0,0,0,0,0,0,0,0,0,0,0,0,0,5,0,3,0,0,0,0,0,0,0,0,0,0,0,0,0,0,0,0,0,117,0,26,0,83,2,0,0,0,26,57,6,0,0,60,0,42,0,3,15,44,0,50,0,212,0,0,0,77,0,44,0,28,0,0,0,0,0,0,0,0,0,54,0,0,0,0,0,18,0,9,0,16,0,9,0,0,0,0,0,24,0,0,0,6,0,0,0,0,0,0,0,0,0,0,0,0,0,0,3,13,0,0,0,0,0,0,0,51,0,0,0,0,10,0,0,0,52,0,29,0,2,0,1
0,0,0,0,0,0,0,0,0,0,0,0,0,0,0,0,0,0,0,0,0,0,0,0,0,0,0,0,0,0,0,0,0,0,0,0,0,0,0,0,0,0,0,0,7,0,0,0,9,0,0,0,0,0,0,0,0,0,0,0,0,0,0,0,0,0,0,0,101,0,9,0,38,0,17,0,0,0,22,0,12,0,44,0,0,0,21,0,2,0,0,0,20,0,7,1,0,0,0,0,11,0,32,0,0,0,0,0,3,0,0,0,0,0,0,0,0,0,0,0,0,0,0,0,0,0,0,0,0,0,0,0,0,0,0,1,0,0,0,0,0,0,0,0,0,0,0,0,0,0,0,0,0,0,0,0,0,0,0,0,0,0,0,0,4,0,0,0,33,0,0,0,0,0,0,0,0,0,0,0,0,0,0,0,0,0,0,0,0,0,0,1,0,0,0,0,0,0,0,0,23,0,0,0,0,0,0,0,0,0,28,0,40,4,17,10,18,0,0,0,0,0,0,0,0
0,0,0,0,0,0,0,0,0,4,0,0,0,0,0,0,0,0,0,0,0,0,0,0,0,0,0,0,0,0,0,0,0,0,0,0,0,0,0,0,0,0,0,0,0,22,0,0,0,0,0,0,0,0,0,2,0,9,0,0,0,0,0,0,0,0,0,0,0,40,0,23,0,77,0,29,0,0,0,15,0,44,0,41,0,16,0,122,0,0,0,0,0,67,0,16,0,0,0,0,0,0,0,78,0,0,0,0,0,11,0,0,0,0,0,0,0,5,0,0,0,7,0,3,0,0,0,0,0,0,0,0,0,0,0,0,0,0,0,1,0,0,0,13,0,0,0,5,0,0,0,0,0,0,0,1,0,0,0,1,0,4,0,6,0,18,0,2,0,124,0,2,0,3,0,0,0,4,0,0,0,0,0,0,0,0,0,0,0,0,0,0,0,0,0,0,0,0,0,0,0,0,0,0,0,0,0,0,0,0,0,0,0,0,0,0,0,0,25,21,53,0,4,0,0
0,0,0,0,0,0,0,0,0,0,0,0,0,0,0,0,0,0,0,0,0,0,0,0,0,0,0,0,0,0,0,0,0,0,0,0,0,0,0,0,0,0,0,0,0,0,0,0,4,0,0,0,0,0,0,0,0,0,0,0,0,0,0,0,0,0,0,0,19,0,121,0,166,1,262,0,22,0,0,0,17,0,67,0,105,0,41,0,4,0,0,1,36,0,10,0,0,0,11,0,6,0,36,0,8,0,0,0,13,0,0,0,0,0,0,0,0,0,0,0,96,0,45,0,0,0,0,0,0,0,0,0,0,0,0,0,10,0,0,0,30,0,114,0,9,0,0,0,0,0,0,0,4,0,0,0,0,0,0,0,0,0,5,0,0,0,0,0,29,0,0,0,0,0,0,0,0,0,0,0,0,0,0,0,0,0,0,0,33,0,0,0,63,0,12,0,0,0,0,0,0,0,101,0,0,0,0,0,0,0,137,11,79,8,44,5,25,3,0,0,0,0,0,0,2
0,0,0,0,0,0,0,0,0,0,0,0,0,0,0,1,0,0,0,0,0,0,0,0,0,0,0,0,0,0,0,0,0,0,0,0,0,0,0,0,0,0,0,9,0,0,0,0,0,0,0,12,0,0,0,0,0,0,0,0,0,0,0,0,0,0,0,0,0,0,0,19,0,58,0,83,0,15,0,0,0,7,0,2,0,8,0,51,0,0,0,0,0,0,0,0,0,0,0,0,0,0,0,0,1,0,0,0,0,0,0,0,0,0,0,0,0,0,0,0,0,10,0,21,0,25,0,0,0,0,0,24,0,20,0,50,0,0,0,1,0,49,0,49,0,45,0,0,0,0,0,19,0,8,0,0,0,0,0,0,0,0,0,7,0,0,0,0,0,8,0,4,0,0,0,0,0,0,0,0,0,0,0,0,0,0,0,0,0,0,0,0,0,0,0,0,0,0,0,0,0,0,0,0,0,0,0,0,0,0,0,0,0,0,0,0,0,0,15,0,0,0,0,0,0
