0,134,35,56,22,0,30,85,42,37,202,0,125,0,6,0,85,194,0,0,0,0,54,116,48,308,0,0,90,0,0,0,205,0,0,0,143,0,402,25,28,0,0,0,0,0,24,0,27,0,0,0,0,0,0,38,0,0,1,0,121,0,48,84,18,0,4,0,0,0,0,0,0,0,0,0,0,0,0,0,0,0,0,0,0,0,0,0,0,0,0,0,0,0,0,0,0,0,0,0,0,0,0,0,0,0,0,0,0,0,0,0,0,0,0,0,0,0,0,0,0,0,0,0,16,0,0,0,0,0,7,0,0,0,0,1,0,0,0,0,2,0,0,0,0,0,35,0,15,0,26,0,0,0,0,0,0,0,0,0,0,0,0,0,0,0,18,0,109,0,71,0,525,0,0,0,429,170,13,0,7,0,83,2,24,0,0,0,0,0,0,0,0,0,0,0,0,0,0,0,0,0,0,0,0,0,5,0,41,0,722,202,521,170,327,0,0,0,0,0,0,0,0,0,0
134,0,0,37,0,159,0,41,14,94,0,191,0,82,0,46,193,37,0,110,0,0,223,15,146,33,0,275,2,151,0,54,0,273,0,21,0,430,0,535,0,23,0,0,0,45,0,73,0,16,0,0,0,16,0,44,0,8,0,10,0,75,6,55,0,63,0,4,0,1,0,0,0,0,0,0,0,0,0,0,0,0,0,0,0,0,0,0,0,0,0,0,0,0,0,0,0,0,0,0,0,0,0,0,0,1,0,0,0,0,0,0,0,0,0,0,0,0,0,6,0,0,0,0,0,24,0,0,0,0,0,21,0,0,0,0,0,24,0,0,0,0,0,0,0,0,0,19,0,75,0,129,0,137,0,0,0,0,0,2,0,0,0,8,0,0,0,0,0,54,0,74,0,358,0,41,94,621,0,10,0,169,0,65,0,179,0,0,0,0,0,0,0,0,0,0,0,0,0,0,0,0,0,0,0,0,0,0,0,22,0,0,0,0,437,0,0,0,925,289,620,277,0,30,0
35,0,0,0,290,0,51,0,34,0,135,0,162,0,140,83,68,137,74,0,21,0,620,135,144,0,75,0,338,0,69,0,478,0,0,0,134,0,434,0,37,0,0,0,0,0,0,0,38,0,0,0,0,0,60,0,0,0,0,0,50,0,32,28,0,0,2,0,0,0,0,0,0,0,0,0,0,0,0,0,0,0,0,0,0,0,0,0,0,0,0,0,0,0,0,0,0,0,0,0,0,0,0,0,0,0,0,0,0,0,0,0,0,0,0,0,0,0,0,0,0,0,0,0,33,0,78,0,0,0,71,0,49,0,85,0,58,0,0,0,0,0,56,0,0,0,62,0,39,0,109,0,48,0,0,0,0,0,0,0,12,0,0,0,5,0,68,0,79,0,0,0,472,0,0,0,199,155,0,0,0,0,12,0,22,0,2,0,0,0,0,0,0,0,0,0,0,0,0,0,39,0,0,0,0,0,25,0,164,0,614,113,415,0,261,2,4,0,0,0,15,0,0,0,0
56,37,0,0,0,163,0,67,1,0,0,9,0,0,7,138,0,98,0,115,16,65,84,91,0,175,0,52,0,299,0,73,0,419,0,8,0,156,0,279,0,0,0,4,0,6,0,0,0,0,0,0,0,0,0,98,0,0,0,0,0,0,0,0,0,0,0,0,0,0,0,0,0,0,0,0,0,0,0,0,0,0,0,0,0,0,0,0,0,0,0,0,0,0,0,0,0,0,0,0,0,0,0,0,1,17,0,0,0,0,0,0,0,0,0,0,0,0,0,0,0,0,0,0,0,0,0,0,0,0,0,6,0,8,0,46,0,94,0,0,0,0,0,0,0,0,0,0,0,0,0,14,0,3,0,0,0,0,0,0,0,0,0,0,0,5,0,0,0,31,0,0,0,147,0,0,18,87,0,0,0,0,0,0,0,2,0,0,0,0,0,0,0,0,0,0,0,0,0,0,0,0,0,0,0,0,0,0,0,47,0,0,0,0,154,0,0,0,302,42,261,101,0,5,0
22,0,290,0,0,462,10,0,14,0,164,0,356,226,184,314,17,0,44,319,250,67,148,85,9,0,125,0,70,0,274,34,510,58,302,0,629,61,0,0,137,4,0,0,0,0,104,0,20,0,55,0,0,0,0,0,0,0,0,0,0,0,0,0,0,0,0,0,1,0,0,0,0,0,0,0,0,0,0,0,0,0,0,0,0,0,0,0,0,0,0,0,0,0,0,0,0,0,0,0,0,0,0,0,0,0,0,0,0,0,0,0,0,0,0,0,0,0,0,0,0,0,0,0,0,0,25,0,0,0,8,0,11,0,23,0,27,0,0,0,0,0,0,0,0,0,48,0,40,0,190,0,82,0,0,0,0,0,0,0,0,0,10,0,14,0,186,0,156,0,0,0,369,3,0,0,355,161,43,0,0,0,52,0,77,0,0,0,0,0,0,0,0,0,0,0,0,0,0,0,0,0,0,0,0,0,20,0,84,0,612,328,604,58,131,0,2,2,0,0,0,0,0,0,0
0,159,0,163,462,0,1,69,0,13,219,214,160,237,380,203,30,0,62,276,311,319,88,36,0,10,0,393,0,131,0,409,0,600,0,342,29,292,0,56,0,41,0,0,0,0,0,253,0,13,0,0,0,0,0,22,0,0,0,0,0,0,0,0,0,30,0,0,0,0,0,0,0,0,0,0,0,0,0,0,0,0,0,0,0,0,0,0,0,0,0,0,0,0,0,0,0,0,0,0,0,0,0,0,0,0,0,0,0,0,0,0,0,0,0,0,0,0,0,0,0,0,0,25,0,0,0,0,0,0,0,15,0,0,0,0,0,0,0,0,0,0,0,0,0,24,0,8,0,51,0,52,0,50,0,0,0,0,0,0,0,0,0,4,0,0,0,176,0,121,0,36,0,183,0,0,246,647,26,51,0,89,0,0,0,47,0,9,0,0,0,0,0,0,0,18,0,0,0,0,0,0,0,0,0,0,0,14,0,0,0,0,0,0,241,0,0,0,717,513,574,0,0,0,1
30,0,51,0,10,1,0,0,169,159,29,0,4,0,5,0,12,0,0,0,0,0,19,0,435,105,0,0,45,0,0,0,0,0,0,0,0,0,144,0,0,0,0,0,0,0,9,0,52,0,8,0,35,102,203,181,29,0,12,0,226,0,275,123,8,0,37,22,0,0,0,0,0,0,1,0,0,0,0,0,0,0,0,0,0,0,0,0,0,0,12,0,0,0,0,0,21,0,0,0,0,0,0,0,0,0,16,0,0,0,0,0,0,0,0,0,0,0,0,0,0,0,0,0,61,0,58,0,21,0,253,0,113,0,55,0,50,0,0,0,16,0,51,0,0,0,37,0,12,0,15,0,2,0,3,0,0,0,0,0,49,0,0,0,6,0,0,0,90,0,407,0,433,0,0,0,100,67,0,0,0,0,10,0,0,13,0,0,0,0,0,0,0,0,0,0,0,0,0,0,0,0,0,0,2,0,0,0,112,0,563,44,535,397,535,0,48,0,0,0,0,0,0,0,0
85,41,0,67,0,69,0,0,77,25,0,15,0,12,0,40,0,86,0,0,0,0,0,14,113,348,0,40,0,135,1,0,0,57,0,0,0,0,0,504,0,0,0,0,0,0,0,10,0,1,0,0,0,65,0,428,0,27,0,0,0,156,36,154,0,8,0,0,0,0,0,0,0,0,0,0,0,0,0,0,0,0,0,0,0,0,0,0,0,0,0,0,0,0,0,0,0,0,0,0,0,0,0,0,0,0,0,0,0,0,0,0,0,0,0,0,0,0,0,0,0,0,0,0,0,11,0,0,0,0,0,10,0,0,0,0,0,10,0,0,0,0,0,10,0,0,0,0,0,6,0,5,0,1,0,0,0,0,0,0,0,0,0,15,0,4,0,0,0,62,0,225,0,292,0,0,56,79,0,0,0,0,8,5,0,0,0,0,0,0,0,0,0,0,0,0,0,0,0,0,0,2,0,0,0,0,0,0,0,15,0,0,0,0,480,0,0,0,576,55,475,419,0,93,0
42,14,34,1,14,0,169,77,0,187,25,0,24,0,9,0,52,14,0,0,0,0,0,0,45,149,16,0,0,0,0,0,3,0,0,0,0,0,33,0,6,0,0,0,13,0,14,0,28,0,0,0,117,202,118,324,30,47,165,0,191,0,287,82,135,0,78,0,0,0,0,0,0,0,0,0,0,0,0,0,0,0,0,0,0,0,1,0,0,0,2,0,0,0,0,0,2,0,0,0,0,0,0,0,0,0,2,0,0,0,0,0,0,0,0,0,0,0,0,0,3,0,0,0,57,0,36,0,0,0,84,0,37,0,14,0,14,0,0,0,0,0,0,0,0,0,90,0,100,0,78,0,30,0,5,0,0,3,2,0,6,0,9,0,2,0,0,0,29,0,191,0,132,0,0,0,447,41,6,0,0,0,30,0,88,26,0,0,0,0,0,0,0,0,0,0,0,0,0,0,0,0,0,0,0,0,0,0,84,0,547,80,362,256,345,0,20,0,0,0,0,0,0,0,0
37,94,0,0,0,13,159,25,187,0,0,23,0,0,1,11,37,0,0,22,0,0,4,0,232,22,0,37,0,0,0,0,0,0,0,0,0,0,0,0,0,0,0,0,0,0,0,0,0,5,0,0,54,242,106,378,0,129,0,78,0,247,137,356,0,347,0,176,0,0,0,1,0,0,0,0,0,0,0,0,0,0,0,0,0,0,0,0,0,0,0,0,0,0,0,0,1,0,0,0,0,0,0,0,0,3,0,0,0,0,0,0,0,0,0,0,0,0,0,0,0,0,0,0,0,96,0,20,0,4,0,86,0,0,0,6,0,11,0,0,0,0,0,0,0,0,0,41,0,156,0,68,0,24,0,7,0,30,0,0,0,0,0,0,0,8,0,0,0,52,14,366,22,122,0,0,112,226,0,0,1,8,8,70,3,151,0,0,0,0,0,0,0,0,0,0,0,0,0,0,0,0,0,0,0,0,0,17,0,58,0,0,16,0,504,0,0,0,814,153,505,448,0,150,0
202,0,135,0,164,219,29,0,25,0,0,79,332,0,120,265,16,0,0,0,46,32,59,132,0,0,33,0,0,2,85,18,271,0,0,0,350,0,17,0,56,0,0,0,30,0,48,0,16,0,6,0,0,0,4,0,0,0,0,0,0,0,0,0,0,0,0,0,0,0,0,0,0,0,0,0,0,0,0,0,0,0,0,0,0,0,0,0,0,0,0,0,0,0,0,0,0,0,0,0,0,0,0,0,0,0,0,0,0,0,0,0,0,0,0,0,0,0,0,0,0,0,0,0,0,0,0,0,0,0,0,0,0,0,10,0,6,0,0,0,0,0,0,0,0,0,27,0,12,0,66,0,37,0,0,0,0,0,0,0,0,0,3,0,0,0,86,0,80,0,0,0,174,0,0,0,510,139,139,0,49,0,62,0,36,0,24,0,0,0,0,0,0,0,0,0,0,0,0,0,0,0,0,0,0,0,0,0,32,0,297,216,259,0,64,0,0,0,0,7,2,0,0,0,0
0,191,0,9,0,214,0,15,0,23,79,0,0,487,205,13,28,0,0,69,156,80,93,9,0,1,0,349,0,59,18,177,0,549,0,161,12,338,0,42,0,46,0,30,0,77,0,292,0,55,0,0,0,0,0,2,0,0,0,0,0,0,0,0,0,35,0,0,0,0,0,11,0,0,0,0,0,0,0,0,0,0,0,0,0,0,0,4,0,0,0,0,0,0,0,0,0,0,0,0,0,0,0,0,0,0,0,0,0,0,0,0,0,0,0,0,0,0,0,0,0,0,0,0,0,0,0,0,0,0,0,0,0,0,0,0,0,0,0,0,0,0,0,0,0,0,0,7,0,11,0,47,0,87,0,0,0,2,0,0,0,0,0,0,0,8,2,41,0,29,0,9,0,143,0,101,109,816,9,121,0,150,0,16,0,107,0,14,0,0,0,0,0,0,0,0,0,0,0,0,0,0,0,0,0,0,0,6,0,10,0,0,0,0,118,0,0,0,450,249,250,0,0,0,0
125,0,162,0,356,160,4,0,24,0,332,0,0,565,73,95,0,0,83,447,94,37,0,4,0,0,161,652,0,0,0,0,0,0,223,0,75,51,0,0,246,66,90,0,31,0,190,123,12,3,483,28,0,0,0,0,0,0,1,0,0,0,0,0,0,0,0,0,0,0,0,0,0,0,0,0,0,0,0,0,0,0,0,0,0,0,0,0,0,0,0,0,0,0,0,0,0,0,0,0,0,0,0,0,0,0,0,0,0,0,0,0,0,0,0,0,0,0,0,0,0,0,0,0,0,0,24,0,0,0,0,0,0,0,15,0,0,0,0,0,0,0,0,0,2,0,47,0,0,0,0,0,0,0,0,0,0,0,0,0,0,0,0,0,23,2,20,0,54,0,0,0,14,0,0,0,541,213,217,0,43,0,94,0,57,0,244,0,0,0,0,0,0,0,0,0,0,0,0,0,0,0,0,0,0,0,0,0,65,0,20,126,223,6,4,0,0,0,0,21,0,0,0,0,0
0,82,0,0,226,237,0,12,0,0,0,487,565,0,66,4,0,0,414,49,107,33,0,0,0,0,236,126,0,0,0,27,0,0,77,381,0,84,0,1,93,191,0,202,0,29,37,210,0,59,61,293,0,0,0,0,0,0,0,0,0,0,0,0,0,0,0,0,0,0,0,0,0,0,0,0,0,0,0,0,0,14,0,0,0,0,0,0,0,0,0,0,0,0,0,0,0,0,0,0,0,0,0,0,0,0,0,0,0,0,0,0,0,0,0,0,0,0,0,0,0,0,0,0,0,0,0,1,0,0,0,0,0,0,0,0,0,0,0,0,0,0,0,0,0,0,0,0,0,0,0,0,0,0,0,0,0,0,0,0,0,0,0,0,0,0,0,11,0,0,0,0,0,0,0,0,74,1001,10,68,0,54,0,0,0,41,36,161,0,0,0,0,0,0,0,0,0,0,0,0,0,0,0,0,0,0,0,0,0,5,0,0,0,0,26,0,0,0,0,250,156,0,0,0,0
6,0,140,7,184,380,5,0,9,1,120,205,73,66,0,291,37,0,257,106,253,34,288,140,47,0,132,0,14,0,351,0,236,50,108,0,253,21,0,0,51,0,0,0,30,0,35,0,0,0,0,0,0,0,13,0,0,0,0,0,0,0,0,0,0,0,1,0,0,0,0,0,0,0,0,0,0,0,0,0,0,0,0,0,0,0,0,0,0,0,15,0,0,0,0,0,0,0,0,0,0,0,0,0,0,0,0,0,0,0,0,0,0,0,0,0,0,0,0,0,0,0,0,0,0,0,0,0,0,0,0,0,0,0,32,0,0,0,0,0,0,0,0,0,0,0,23,0,28,0,85,0,0,0,0,0,0,0,0,0,0,0,0,0,0,0,142,0,91,0,7,0,163,0,0,0,103,70,43,0,0,0,14,0,0,0,0,0,0,0,0,0,0,0,0,0,0,0,7,0,0,0,0,0,0,0,0,0,47,0,162,162,253,0,38,0,0,1,0,6,2,0,0,0,0
0,46,83,138,314,203,0,40,0,11,265,13,95,4,291,0,54,104,0,382,246,340,176,223,0,152,0,111,0,24,0,106,19,61,17,116,15,93,0,21,0,0,0,0,0,22,0,0,0,0,0,8,0,0,0,74,0,0,0,0,0,0,0,8,0,16,0,0,0,0,0,0,0,0,0,0,0,0,0,0,0,0,0,0,0,34,0,0,0,0,0,0,0,0,0,5,0,12,0,22,0,0,0,0,0,0,0,0,0,0,0,0,0,0,0,0,0,0,0,0,0,0,0,3,0,0,0,0,0,0,0,0,0,0,0,84,0,0,0,0,0,0,0,0,0,0,0,0,0,42,0,51,0,22,0,0,0,0,0,0,0,0,0,2,0,0,0,51,2,0,0,8,0,55,0,0,128,206,30,0,0,0,0,1,0,22,0,0,0,0,0,0,0,0,0,0,0,0,0,0,0,0,0,0,0,0,0,30,0,52,0,0,0,0,86,0,0,0,240,443,151,26,0,0,0
85,193,68,0,17,30,12,0,52,37,16,28,0,0,37,54,0,250,133,0,358,6,96,175,72,284,197,0,292,0,104,0,227,0,0,0,30,0,306,17,0,0,0,0,152,0,63,0,3,0,0,0,161,12,21,48,15,0,0,0,43,0,505,82,0,0,0,0,0,0,35,0,0,0,34,0,0,0,0,0,0,0,0,0,529,0,25,0,0,0,162,0,0,0,0,0,331,0,140,0,0,0,0,0,47,0,195,0,0,0,0,0,0,0,0,0,0,0,0,0,138,0,229,0,0,0,0,0,63,0,0,0,0,0,19,0,470,0,135,0,297,0,288,0,27,0,0,0,0,0,0,0,0,0,66,0,0,0,35,0,0,0,0,0,0,0,5,0,53,3,15,0,138,15,0,0,109,123,0,0,0,0,113,0,0,1,0,0,0,0,0,0,0,0,0,0,0,0,0,0,118,0,0,0,0,0,0,0,5,0,71,21,111,23,32,0,0,0,0,0,21,0,0,0,0
194,37,137,98,0,0,0,86,14,0,0,0,0,0,0,104,250,0,0,136,10,240,336,202,160,78,0,0,0,290,4,37,11,96,0,0,0,38,0,243,0,0,0,0,0,12,0,0,0,0,0,0,0,20,0,34,0,61,0,0,0,0,9,133,0,0,0,0,0,0,0,0,0,0,0,0,0,0,0,0,0,43,0,0,0,198,0,0,0,0,0,42,0,0,0,0,0,66,0,54,0,13,0,0,0,0,0,63,0,0,0,0,0,0,0,0,0,0,0,0,0,0,0,0,0,0,0,0,0,114,0,0,0,128,0,399,0,769,0,140,0,83,0,472,0,3,0,0,0,0,0,0,0,1,0,14,0,0,0,0,0,14,0,0,0,0,0,0,0,0,0,0,0,23,0,0,46,97,0,1,0,0,0,9,0,0,0,0,0,0,0,0,0,0,0,0,0,0,0,0,0,138,0,0,0,0,0,0,0,68,0,1,8,0,0,0,0,0,0,24,42,12,0,0,0
0,0,74,0,44,62,0,0,0,0,0,0,83,414,257,0,133,0,0,146,354,21,423,0,142,0,256,315,7,0,56,0,0,0,247,0,67,33,0,0,31,0,15,0,66,0,43,52,0,0,226,0,0,0,0,0,0,0,0,0,0,0,0,0,0,0,3,0,0,0,0,0,0,0,0,0,0,0,0,0,0,0,0,0,0,0,0,0,0,0,0,0,0,0,0,0,48,0,0,0,0,0,0,0,0,0,0,0,0,0,0,0,0,0,0,0,0,0,0,0,0,0,0,0,0,0,0,0,0,0,0,0,0,0,0,0,0,0,0,0,0,0,0,0,0,0,0,0,0,0,0,0,0,0,0,0,0,0,0,0,0,0,0,0,38,0,54,0,85,0,0,0,31,0,0,0,32,55,0,0,0,0,14,0,0,0,9,0,0,0,0,0,0,0,0,0,0,0,0,0,0,0,0,0,0,0,0,0,59,0,50,208,251,0,13,0,0,0,0,0,0,0,0,0,0
0,110,0,115,319,276,0,0,0,22,0,69,447,49,106,382,0,136,146,0,111,221,0,185,0,74,70,373,0,0,0,92,0,0,118,466,20,77,0,0,0,0,0,74,0,81,0,56,0,5,38,165,0,0,0,40,0,0,0,0,0,0,0,0,0,0,0,0,0,0,0,0,0,0,0,0,0,0,0,0,0,0,0,0,0,0,0,0,0,0,0,0,0,0,0,0,0,0,0,0,0,0,0,0,0,0,0,0,0,0,0,0,0,0,0,0,0,0,0,0,0,0,0,0,0,0,0,13,0,0,0,0,0,0,0,0,0,0,0,0,0,0,0,0,0,0,0,0,0,46,0,76,0,52,0,0,0,0,0,0,0,0,0,0,0,33,0,79,0,70,0,12,0,55,0,0,50,126,12,3,0,44,0,0,0,70,3,34,0,0,0,0,0,0,0,0,0,0,0,0,0,0,0,0,0,0,0,0,0,90,0,0,0,0,127,0,0,0,348,552,246,61,0,0,0
0,0,21,16,250,311,0,0,0,0,46,156,94,107,253,246,358,10,354,111,0,39,295,122,80,0,344,70,83,0,294,0,88,54,109,0,77,28,14,0,0,0,13,0,56,0,0,0,0,0,37,0,0,0,0,0,0,0,0,0,0,0,125,0,0,0,0,0,0,0,88,0,7,0,60,0,0,0,13,0,42,0,13,0,292,0,0,0,0,0,88,0,0,0,0,0,227,0,214,0,0,0,0,0,0,0,119,0,0,0,0,0,0,0,0,0,0,0,0,0,167,0,121,0,0,0,0,0,0,0,0,0,0,0,0,0,93,0,0,0,112,0,72,0,108,0,0,0,0,0,0,0,0,0,0,0,0,0,0,0,0,0,0,0,0,0,61,0,76,2,4,0,72,0,0,0,118,78,23,0,0,0,6,0,0,0,0,0,0,0,0,0,0,0,0,0,0,0,0,0,0,0,0,0,0,0,0,0,0,0,164,322,209,0,0,0,0,0,0,3,0,0,0,0,0
0,0,0,65,67,319,0,0,0,0,32,80,37,33,34,340,6,240,21,221,39,0,0,158,0,44,0,58,0,89,0,105,3,69,0,150,0,37,0,5,0,2,0,34,0,43,0,9,0,0,0,86,0,24,0,0,0,0,0,0,0,0,0,213,0,0,0,0,0,0,0,27,0,0,0,27,0,0,0,0,0,197,0,0,0,298,0,0,0,0,0,66,0,0,0,0,0,76,0,114,0,0,0,1,0,0,0,0,0,0,0,0,0,0,0,0,0,0,0,1,0,56,0,64,0,0,0,0,0,0,0,0,0,0,0,132,0,0,0,138,0,389,0,535,0,61,0,0,0,0,0,17,0,0,0,0,0,0,0,0,0,0,0,7,0,0,0,104,0,119,0,18,0,115,0,0,0,36,6,7,0,0,1,0,0,0,0,0,0,0,0,0,0,0,0,26,0,0,0,0,0,0,0,0,0,0,0,0,0,0,0,0,0,0,159,0,0,0,554,554,426,78,0,0,0
54,223,620,84,148,88,19,0,0,4,59,93,0,0,288,176,96,336,423,0,295,0,0,432,161,192,241,0,34,10,32,0,104,0,8,0,91,0,50,30,0,0,0,0,0,0,126,0,9,0,0,0,10,0,86,0,14,0,0,0,0,0,15,0,0,0,0,0,0,0,0,0,0,0,0,0,0,0,0,0,0,0,0,0,0,0,0,0,0,0,0,0,0,0,0,0,0,0,0,0,0,1,0,0,0,0,31,0,0,0,0,0,0,0,0,0,0,0,0,0,0,0,0,0,0,0,0,0,0,0,0,0,7,0,53,3,147,0,0,0,0,0,62,0,4,0,0,0,3,0,46,0,0,0,13,0,0,0,0,0,0,0,0,0,0,0,33,0,39,3,8,0,132,0,0,0,329,290,0,0,20,0,29,0,6,0,0,0,0,0,0,0,0,0,0,0,0,0,9,0,50,0,0,0,0,0,13,0,51,0,159,100,127,16,37,0,0,1,0,3,21,0,0,0,0
116,15,135,91,85,36,0,14,0,0,132,9,4,0,140,223,175,202,0,185,122,158,432,0,35,92,0,39,0,92,22,69,0,84,0,8,0,59,0,52,0,0,0,0,0,0,0,0,0,0,0,0,0,0,0,43,0,0,0,0,0,0,0,26,0,0,0,0,0,0,0,0,0,0,0,0,0,0,0,0,0,34,0,0,0,75,0,0,0,0,0,17,0,0,0,0,0,15,0,34,0,0,0,0,0,0,0,29,0,0,0,0,0,0,0,0,0,0,0,0,0,0,0,0,0,0,0,0,0,0,0,0,0,0,0,106,0,193,0,17,0,11,0,86,0,0,0,0,0,0,0,0,0,2,0,0,0,0,0,0,0,0,0,0,0,0,0,15,0,15,0,7,6,64,0,0,62,220,0,2,0,0,0,0,0,0,0,0,0,0,0,0,0,0,0,0,0,1,0,0,0,68,0,0,0,0,0,0,0,63,0,0,11,0,31,0,0,0,163,364,118,25,0,0,0
48,146,144,0,9,0,435,113,45,232,0,0,0,0,47,0,72,160,142,0,80,0,161,35,0,471,158,0,0,10,3,0,7,0,0,0,0,0,8,0,12,0,3,0,61,0,94,0,0,0,0,0,111,70,228,188,43,0,12,0,10,0,48,260,0,0,0,0,0,0,0,0,0,0,0,0,0,0,0,0,0,0,0,0,0,0,1,0,0,0,0,0,0,0,1,0,14,0,0,0,0,0,0,0,0,0,0,0,0,0,0,0,0,0,0,0,0,0,0,0,0,0,0,0,0,0,11,0,104,0,6,0,51,0,79,0,285,0,10,0,0,0,101,0,0,0,0,0,0,0,7,0,0,0,50,0,0,0,47,0,19,0,0,0,0,0,0,0,12,0,16,0,30,0,0,0,93,83,0,0,0,0,87,2,0,0,0,0,0,0,0,0,0,0,0,0,0,0,0,0,48,0,0,0,0,0,11,0,39,0,72,10,57,28,39,0,3,0,0,0,25,16,0,0,0
308,33,0,175,0,10,105,348,149,22,0,1,0,0,0,152,284,78,0,74,0,44,192,92,471,0,0,0,0,118,0,0,0,23,0,3,0,0,0,149,0,2,0,0,0,0,0,1,0,0,0,0,0,30,0,629,0,165,0,0,10,16,69,40,0,0,0,0,0,0,0,0,0,0,0,0,0,0,0,0,0,0,0,0,0,12,0,0,0,0,0,0,0,0,0,0,5,14,0,0,0,0,0,0,0,0,0,39,0,0,0,0,0,0,0,0,0,0,0,0,0,0,0,1,0,13,0,22,0,51,0,0,0,57,0,235,0,504,0,40,0,0,0,102,0,0,0,0,0,0,0,34,0,0,0,16,0,1,0,0,0,0,0,3,0,0,0,0,0,14,0,18,18,43,0,0,84,180,0,0,0,0,23,14,0,0,0,0,0,0,0,0,0,0,0,0,0,0,0,0,0,76,0,0,0,0,0,62,0,207,12,0,0,0,53,0,0,0,83,85,108,39,0,0,0
0,0,75,0,125,0,0,0,16,0,33,0,161,236,132,0,197,0,256,70,344,0,241,0,158,0,0,466,78,0,109,0,40,0,83,0,100,0,0,0,62,97,67,0,247,0,178,151,14,7,343,38,0,0,0,0,0,0,0,0,0,0,74,0,0,0,0,0,0,0,76,0,0,0,0,0,0,0,0,0,0,0,0,0,0,0,0,0,0,0,0,0,0,0,0,0,0,0,0,0,0,0,0,0,0,0,0,0,0,0,0,0,0,0,0,0,0,0,0,0,0,0,0,0,0,0,0,0,0,0,0,0,0,0,0,0,0,0,0,0,0,0,0,0,0,0,23,0,0,0,0,0,0,0,0,0,0,0,0,0,0,0,0,0,80,3,21,0,0,0,0,0,28,0,0,0,23,77,12,0,0,0,53,0,87,0,77,10,0,0,0,0,0,0,0,0,0,0,0,0,0,0,0,0,0,0,0,0,95,0,0,320,452,0,0,0,0,0,0,35,2,0,0,0,0
0,275,0,52,0,393,0,40,0,37,0,349,652,126,0,111,0,0,315,373,70,58,0,39,0,0,466,0,0,3,0,15,0,0,73,172,0,32,0,0,338,25,73,314,37,205,142,204,3,19,165,407,0,0,0,0,0,0,0,0,0,0,0,0,0,55,0,0,0,0,0,0,0,0,0,0,0,0,0,0,0,0,0,0,0,73,0,0,0,0,0,0,0,0,0,0,0,0,0,0,0,0,0,0,0,0,0,0,0,0,0,0,0,0,0,0,0,0,0,0,0,0,0,15,0,0,0,0,0,0,0,18,0,0,0,0,0,0,0,0,0,0,0,0,0,0,1,0,0,84,0,110,0,0,0,0,0,0,0,0,0,0,0,2,0,62,2,0,1,0,0,0,0,0,0,0,24,236,0,0,0,76,0,4,0,109,85,74,0,0,0,0,0,0,0,0,0,0,0,0,0,0,0,0,0,0,0,23,0,60,0,0,0,0,97,0,0,0,231,1138,451,70,0,0,6
90,2,338,0,70,0,45,0,0,0,0,0,0,0,14,0,292,0,7,0,83,0,34,0,0,0,78,0,0,0,34,0,19,1,44,0,43,0,19,0,0,0,59,0,31,0,2,0,0,0,38,0,0,0,0,0,0,0,0,0,0,0,60,0,0,0,0,0,0,0,13,0,0,0,15,0,0,0,0,0,15,0,0,0,100,0,0,0,0,0,0,0,0,0,0,0,54,0,0,0,5,0,3,0,0,0,12,0,0,0,0,0,0,0,0,0,0,0,0,0,57,0,0,0,0,0,0,0,0,0,0,0,0,0,0,0,29,0,33,0,67,0,16,0,54,0,0,0,0,0,0,0,0,0,0,0,1,0,0,0,0,0,0,0,0,0,0,0,0,0,0,0,0,0,0,0,8,0,0,0,0,0,11,0,0,0,0,0,0,0,0,0,0,0,0,0,0,0,0,0,0,0,0,0,0,0,0,0,0,0,0,7,0,0,2,0,0,0,0,0,0,0,0,0,0
0,151,0,299,0,131,0,135,0,0,2,59,0,0,0,24,0,290,0,0,0,89,10,92,10,118,0,3,0,0,0,63,0,29,0,111,0,63,0,27,0,0,0,14,0,3,0,0,0,0,0,24,0,13,0,7,0,0,0,0,0,16,0,214,0,0,0,0,0,0,0,0,0,0,0,0,0,0,0,0,0,24,0,0,0,51,0,0,0,0,0,12,0,0,0,0,0,11,0,24,0,10,0,0,0,0,0,0,0,0,0,0,0,0,0,0,0,0,0,0,0,3,0,6,0,0,0,0,0,32,0,1,0,0,0,46,0,206,0,148,0,126,0,168,0,18,0,0,0,0,0,0,0,0,0,5,0,5,0,12,0,0,0,0,0,0,0,0,0,0,0,0,0,0,0,0,0,29,0,0,0,0,0,4,0,0,0,0,0,0,0,0,0,0,0,0,0,0,0,0,0,0,0,0,0,0,0,0,0,7,0,0,0,0,0,0,0,0,0,35,0,0,0,1,0
0,0,69,0,274,0,0,1,0,0,85,18,0,0,351,0,104,4,56,0,294,0,32,22,3,0,109,0,34,0,0,0,38,6,27,0,21,0,54,0,0,0,122,0,23,0,0,0,0,0,56,0,0,0,0,0,0,0,0,0,0,0,24,0,0,0,0,0,0,0,14,0,0,0,7,0,0,0,0,0,0,0,0,0,0,0,0,0,0,0,0,0,0,0,0,0,23,0,33,0,0,0,0,0,0,0,19,0,0,0,0,0,0,0,0,0,0,0,0,0,0,0,0,0,0,0,0,0,0,0,0,0,0,0,0,0,0,0,0,0,0,0,17,0,9,0,0,0,0,0,0,0,0,0,1,0,0,0,0,0,0,0,0,0,0,0,90,0,0,0,0,0,40,0,0,0,37,0,30,0,0,0,0,0,0,0,0,0,0,0,0,0,0,0,0,0,0,0,0,0,0,0,0,0,0,0,0,0,0,0,31,66,66,0,5,0,0,0,0,0,0,0,0,0,0
0,54,0,73,34,409,0,0,0,0,18,177,0,27,0,106,0,37,0,92,0,105,0,69,0,0,0,15,0,63,0,0,0,11,0,129,0,42,0,0,0,0,0,37,0,8,0,0,0,0,0,98,0,0,0,0,0,0,0,0,0,0,0,36,0,0,0,0,0,0,0,0,0,0,0,0,0,0,0,1,0,0,0,0,0,19,0,0,0,0,0,2,0,0,0,0,0,0,0,0,0,4,0,0,0,0,0,4,0,0,0,0,0,0,0,0,0,0,0,0,0,0,0,10,0,0,0,0,0,0,0,0,0,0,0,0,0,0,0,0,0,53,0,36,0,6,0,0,0,0,0,0,0,0,0,0,0,0,0,0,0,0,0,2,0,0,0,22,0,9,0,0,0,0,0,0,0,60,0,10,0,0,0,0,0,0,0,5,0,0,0,0,0,1,0,0,0,0,0,0,0,0,0,0,0,0,0,0,0,0,0,0,0,0,28,0,0,0,51,72,38,12,0,0,0
205,0,478,0,510,0,0,0,3,0,271,0,0,0,236,19,227,11,0,0,88,3,104,0,7,0,40,0,19,0,38,0,0,0,118,0,255,0,11,0,0,0,74,0,32,0,0,0,0,0,36,0,0,0,0,0,0,0,0,0,4,0,28,0,0,0,0,0,0,0,0,0,0,0,10,0,0,0,0,0,0,0,0,0,25,0,0,0,0,0,0,0,0,0,0,0,0,0,0,0,0,0,0,0,0,0,0,0,0,0,0,0,0,0,0,0,0,0,0,0,30,0,0,0,0,0,0,0,0,0,0,0,0,0,0,0,0,0,22,0,0,0,0,0,34,0,0,0,0,0,0,0,0,0,2,0,0,0,0,0,0,0,0,0,0,0,22,0,7,0,4,0,12,0,0,0,102,11,48,0,0,0,71,0,0,0,0,0,0,0,0,0,0,0,0,0,0,0,0,0,0,0,0,0,0,0,0,0,0,0,27,47,18,0,9,0,0,0,0,0,0,0,0,0,0
0,273,0,419,58,600,0,57,0,0,0,549,0,0,50,61,0,96,0,0,54,69,0,84,0,23,0,0,1,29,6,11,0,0,2,229,0,158,0,2,0,0,0,39,0,15,0,0,0,0,0,57,0,8,0,19,0,0,0,0,0,14,0,57,0,0,0,0,0,0,0,0,0,0,0,0,0,0,0,0,0,0,0,0,0,0,0,0,0,0,0,0,0,0,0,0,0,0,0,0,0,0,0,0,0,0,0,0,0,0,0,0,0,0,0,0,0,0,0,0,0,0,0,0,0,0,0,0,0,0,0,9,0,0,0,0,0,0,0,100,0,108,0,47,0,58,0,0,0,36,0,40,0,31,0,3,0,17,0,0,0,0,0,0,0,0,0,34,0,0,0,3,0,30,0,0,0,221,0,92,0,43,0,0,0,57,0,0,0,0,0,0,0,0,0,0,0,0,0,0,0,0,0,0,0,0,0,0,0,16,0,0,0,0,0,0,0,0,70,171,47,0,0,0,0
0,0,0,0,302,0,0,0,0,0,0,0,223,77,108,17,0,0,247,118,109,0,8,0,0,0,83,73,44,0,27,0,118,2,0,0,145,11,13,0,0,0,142,0,18,0,0,0,0,0,151,0,0,0,0,0,0,0,0,0,0,0,0,0,0,0,0,0,0,0,0,0,0,0,0,0,0,0,0,0,0,0,0,0,0,0,0,0,0,0,0,0,0,0,0,0,0,0,0,0,0,0,0,0,0,0,0,0,0,0,0,0,0,0,0,0,0,0,0,0,0,0,0,0,0,0,0,0,0,0,0,0,0,0,0,0,0,0,0,0,0,0,0,0,0,0,0,0,0,0,0,0,0,0,0,0,0,0,0,0,0,0,0,0,32,0,76,0,76,0,0,0,43,0,0,0,67,36,24,0,0,0,0,0,0,0,0,1,0,0,0,0,0,0,0,0,0,0,0,0,0,0,0,0,0,0,0,0,0,0,50,176,162,0,0,0,0,0,0,0,0,0,0,0,0
0,21,0,8,0,342,0,0,0,0,0,161,0,381,0,116,0,0,0,466,0,150,0,8,0,3,0,172,0,111,0,129,0,229,0,0,0,209,0,8,0,2,0,29,0,26,0,0,0,2,0,98,0,5,0,0,0,0,0,0,0,7,0,25,0,0,0,0,0,0,0,0,0,0,0,0,0,0,0,0,0,7,0,0,0,0,0,0,0,0,0,0,0,0,0,0,0,0,0,11,0,0,0,0,0,0,0,0,0,0,0,0,0,0,0,0,0,0,0,0,0,0,0,0,0,0,0,0,0,0,0,0,0,0,0,0,0,0,0,0,0,128,0,0,0,24,0,0,0,0,0,0,0,0,0,0,0,0,0,0,0,0,0,0,0,0,0,72,0,29,0,4,0,32,0,0,0,134,0,24,0,0,0,0,0,0,0,142,0,0,0,0,0,0,0,0,0,0,0,0,0,0,0,0,0,0,0,0,0,0,0,0,0,0,25,0,0,0,83,99,71,9,0,0,0
143,0,134,0,629,29,0,0,0,0,350,12,75,0,253,15,30,0,67,20,77,0,91,0,0,0,100,0,43,0,21,0,255,0,145,0,0,0,92,0,0,0,81,0,76,2,0,0,21,0,81,0,5,0,0,0,0,0,0,0,50,0,38,0,0,0,0,0,0,0,173,0,0,0,68,0,0,0,0,0,0,0,0,0,98,0,0,0,0,0,28,0,0,0,0,0,64,0,0,0,0,0,2,0,0,0,28,0,0,0,0,0,0,0,0,0,0,0,0,0,176,0,86,0,0,0,0,0,7,0,0,0,0,0,0,0,69,0,83,0,131,0,44,0,249,0,0,0,0,0,0,0,0,0,0,0,32,0,3,0,0,0,39,0,9,0,24,0,47,0,29,0,64,0,0,0,63,10,26,0,0,0,48,0,0,0,0,0,0,0,0,0,0,0,0,0,0,0,0,0,0,0,0,0,0,0,0,0,0,0,23,54,57,0,4,0,0,0,0,0,0,0,0,0,0
0,430,0,156,61,292,0,0,0,0,0,338,51,84,21,93,0,38,33,77,28,37,0,59,0,0,0,32,0,63,0,42,0,158,11,209,0,0,0,29,0,1,0,73,0,25,0,0,0,9,5,102,0,4,0,6,0,0,0,0,0,24,0,56,0,0,0,0,0,0,0,0,0,0,0,3,0,0,0,0,0,0,0,0,0,0,0,0,0,0,0,0,0,0,0,2,0,1,0,0,0,3,0,1,0,1,0,0,0,0,0,0,0,0,0,0,0,0,0,0,0,0,0,0,0,0,0,0,0,0,0,0,0,0,0,0,0,0,0,190,0,311,0,84,0,119,0,0,0,0,0,0,0,11,0,0,0,24,0,10,0,0,0,0,0,4,0,47,0,41,0,10,0,48,0,0,20,198,0,83,0,24,0,37,0,0,0,119,0,0,0,0,0,0,0,0,0,0,0,0,0,0,0,0,0,0,0,0,0,0,0,0,0,0,8,0,0,0,40,390,46,7,0,0,0
402,0,434,0,0,0,144,0,33,0,17,0,0,0,0,0,306,0,0,0,14,0,50,0,8,0,0,0,19,0,54,0,11,0,13,0,92,0,0,0,0,0,21,0,0,0,0,0,1,0,14,0,5,0,0,0,0,0,0,0,21,0,76,0,0,0,0,0,0,0,17,0,0,0,11,0,0,0,0,0,0,0,0,0,0,0,0,0,0,0,0,0,0,0,0,0,0,0,0,0,0,0,0,0,0,0,0,0,0,0,0,0,0,0,0,0,0,0,0,0,0,0,32,0,0,0,0,0,0,0,0,0,0,0,0,0,45,0,101,0,119,0,42,0,107,0,0,0,0,0,0,0,0,0,2,0,0,0,11,0,0,0,0,0,0,0,0,0,2,0,0,0,32,0,0,0,95,7,0,0,0,0,62,0,0,0,0,0,0,0,0,0,0,0,0,0,0,0,0,0,0,0,0,0,0,0,0,0,0,0,112,96,0,0,19,0,0,0,0,0,0,0,0,0,0
25,535,0,279,0,56,0,504,0,0,0,42,0,1,0,21,17,243,0,0,0,5,30,52,0,149,0,0,0,27,0,0,0,2,0,8,0,29,0,0,0,0,0,0,0,1,0,0,0,0,0,5,0,15,0,10,0,3,0,0,0,38,0,197,0,0,0,0,0,0,0,0,0,0,0,0,0,0,0,0,0,0,0,0,0,0,0,0,0,0,0,0,0,0,0,0,0,0,0,0,0,0,0,0,0,0,0,0,0,0,0,0,0,0,0,0,0,0,0,0,0,0,0,0,0,0,0,0,0,11,0,0,0,0,0,0,0,0,0,137,0,123,0,40,0,62,0,0,0,0,0,0,0,0,0,6,0,8,0,22,0,0,0,0,0,0,0,4,0,0,0,0,0,48,0,0,9,86,0,17,0,0,0,79,0,0,0,0,0,0,0,0,0,0,0,0,0,0,0,0,0,0,0,0,0,0,0,0,0,0,0,1,0,0,0,0,0,0,10,141,0,0,0,0,0
28,0,37,0,137,0,0,0,6,0,56,0,246,93,51,0,0,0,31,0,0,0,0,0,12,0,62,338,0,0,0,0,0,0,0,0,0,0,0,0,0,105,30,0,60,104,146,176,85,0,23,25,0,0,9,0,0,0,0,0,0,0,0,0,0,0,0,0,0,0,0,0,0,0,0,0,0,0,0,0,0,0,0,0,0,0,0,0,0,0,0,0,0,0,0,0,0,0,0,0,0,0,0,0,0,0,0,0,0,0,0,0,0,0,0,0,0,0,0,0,0,0,0,0,0,0,0,0,0,0,0,0,0,0,0,0,16,0,0,0,0,0,7,0,0,0,22,0,0,0,0,0,0,0,0,0,0,0,0,0,0,0,0,0,9,0,0,0,0,0,0,0,0,0,0,0,22,113,46,0,31,0,30,0,36,0,299,5,0,0,0,0,0,0,0,0,0,0,0,0,0,0,0,0,0,0,0,0,0,0,0,175,68,0,0,0,0,45,0,115,0,0,0,0,0
0,23,0,0,4,41,0,0,0,0,0,46,66,191,0,0,0,0,0,0,0,2,0,0,0,2,97,25,0,0,0,0,0,0,0,2,0,1,0,0,105,0,0,39,33,79,58,188,8,118,0,0,0,0,0,0,0,0,0,0,0,0,0,0,0,0,0,0,0,1,0,0,0,0,0,0,0,0,0,0,0,0,0,0,0,0,0,0,0,0,0,0,0,0,0,0,0,0,0,0,0,1,0,5,0,0,0,0,0,0,0,0,0,0,0,0,0,0,0,0,0,0,0,0,0,0,0,0,0,0,0,0,0,0,0,0,0,0,0,0,0,0,0,0,0,0,0,0,0,0,0,0,0,0,0,0,0,0,0,0,0,0,0,0,0,35,0,0,0,0,0,0,0,0,0,0,0,364,0,87,0,13,0,0,0,0,71,18,0,0,0,0,0,0,0,0,0,0,0,0,0,0,0,0,0,0,0,0,0,0,0,4,0,0,0,0,0,0,7,118,43,0,0,0,25
0,0,0,0,0,0,0,0,0,0,0,0,90,0,0,0,0,0,15,0,13,0,0,0,3,0,67,73,59,0,122,0,74,0,142,0,81,0,21,0,30,0,0,0,64,10,10,29,15,0,32,6,0,0,0,0,0,0,0,0,4,0,0,0,0,0,0,0,0,0,0,0,0,0,0,0,0,0,0,0,0,0,0,0,0,0,0,0,0,0,0,0,0,0,0,0,0,0,0,0,0,0,0,0,0,0,0,0,0,0,0,0,0,0,0,0,0,0,0,0,0,0,0,0,0,0,0,0,0,0,0,0,0,0,0,0,0,0,0,0,0,0,0,0,0,0,0,0,0,0,0,0,0,0,0,0,0,0,0,0,0,0,0,0,29,0,2,0,15,0,0,0,0,0,0,0,4,7,38,0,4,0,0,0,0,0,101,0,0,0,0,0,0,0,0,0,0,0,0,0,0,0,0,0,0,0,0,0,0,0,0,39,99,0,0,0,0,0,0,11,0,0,0,0,0
0,0,0,4,0,0,0,0,0,0,0,30,0,202,0,0,0,0,0,74,0,34,0,0,0,0,0,314,0,14,0,37,0,39,0,29,0,73,0,0,0,39,0,0,0,212,10,53,0,113,0,85,0,0,0,0,0,0,0,0,0,0,0,0,0,1,0,0,0,0,0,15,0,0,0,20,0,0,0,0,0,0,0,0,0,0,0,0,0,0,0,0,0,0,0,0,0,0,0,0,0,0,0,0,0,0,0,0,0,0,0,0,0,0,0,0,0,0,0,0,0,0,0,23,0,0,0,0,0,0,0,0,0,0,0,0,0,0,0,0,0,104,0,90,0,30,0,0,0,0,0,0,0,0,0,0,0,3,0,0,0,0,0,0,0,99,0,32,0,58,0,5,0,18,0,0,0,96,0,0,0,7,0,0,0,0,8,117,0,11,0,0,0,0,0,0,0,0,0,0,0,0,0,0,0,0,0,0,0,0,0,0,0,0,34,0,0,0,66,185,347,0,0,0,0
0,0,0,0,0,0,0,0,13,0,30,0,31,0,30,0,152,0,66,0,56,0,0,0,61,0,247,37,31,0,23,0,32,0,18,0,76,0,0,0,60,33,64,0,0,33,174,36,189,25,140,0,0,0,0,0,0,0,0,0,7,0,124,0,0,0,0,0,14,0,119,0,6,0,73,0,0,0,0,0,0,0,0,0,276,0,31,0,0,0,0,0,42,0,0,0,169,0,203,0,0,0,0,0,0,0,94,0,0,0,0,0,1,0,0,0,0,0,0,0,157,0,133,0,0,0,0,0,0,0,0,0,0,0,0,0,114,0,0,0,71,0,0,0,71,0,0,0,25,0,0,0,0,0,0,0,0,0,0,0,2,0,18,0,246,0,62,0,75,0,20,0,44,0,0,0,0,18,13,0,0,0,50,0,58,0,159,0,0,0,0,0,0,0,0,0,4,0,0,0,0,0,0,0,0,0,0,0,44,0,38,170,446,7,18,0,0,90,0,29,0,0,0,0,3
0,45,0,6,0,0,0,0,0,0,0,77,0,29,0,22,0,12,0,81,0,43,0,0,0,0,0,205,0,3,0,8,0,15,0,26,2,25,0,1,104,79,10,212,33,0,107,154,10,139,0,131,0,0,0,0,0,10,0,0,0,0,0,0,0,0,0,0,0,0,0,16,0,0,0,14,0,17,0,0,0,89,0,48,0,55,0,13,0,22,0,0,0,29,0,83,0,10,0,44,0,45,0,29,0,0,0,30,0,0,0,0,0,0,0,0,0,2,0,0,0,0,0,17,0,0,0,0,0,0,0,0,0,0,0,0,0,0,0,0,0,61,0,78,0,27,0,0,0,0,0,0,0,11,0,0,0,0,0,0,0,0,0,0,0,267,0,24,0,136,0,0,0,21,0,0,0,126,0,0,0,0,0,0,0,0,93,17,0,0,0,0,0,0,0,64,0,0,0,0,0,0,0,0,0,0,0,0,0,0,0,0,0,0,24,0,0,0,105,724,683,6,0,0,242
24,0,0,0,104,0,9,0,14,0,48,0,190,37,35,0,63,0,43,0,0,0,126,0,94,0,178,142,2,0,0,0,0,0,0,0,0,0,0,0,146,58,10,10,174,107,0,121,144,29,0,0,0,0,47,0,0,0,0,0,0,0,36,0,0,0,0,0,0,0,6,0,0,0,0,0,0,0,0,0,0,0,0,0,62,0,0,0,0,0,0,0,0,0,0,0,45,0,0,0,0,0,0,0,44,0,45,0,0,0,0,0,0,0,0,0,0,0,0,0,12,0,0,0,0,0,25,0,0,0,0,0,0,0,65,0,141,0,0,0,0,0,63,0,0,0,33,0,0,0,242,0,0,0,0,0,0,0,0,0,0,0,0,0,40,0,1,0,0,0,0,0,0,0,0,0,0,59,28,0,0,0,73,0,99,0,155,0,0,0,0,0,0,0,0,0,0,0,0,0,68,0,0,0,0,0,28,0,85,0,0,252,190,0,2,0,0,147,0,68,0,0,0,0,0
0,73,0,0,0,253,0,10,0,0,0,292,123,210,0,0,0,0,52,56,0,9,0,0,0,1,151,204,0,0,0,0,0,0,0,0,0,0,0,0,176,188,29,53,36,154,121,0,9,59,20,46,0,0,0,0,0,0,0,0,0,0,0,0,0,0,0,0,0,0,0,0,0,0,0,0,0,0,0,0,0,0,0,0,0,0,0,0,0,0,0,0,0,0,0,0,0,2,0,0,0,0,0,0,0,0,0,0,0,0,0,0,0,0,0,0,0,0,0,0,0,0,0,0,0,2,0,0,0,0,0,0,0,0,0,0,0,0,0,0,0,0,0,0,0,0,0,4,0,0,0,0,0,0,0,0,0,0,0,0,0,0,0,0,0,0,0,0,0,0,0,0,0,0,0,0,0,206,0,0,0,0,0,0,0,0,102,27,0,0,0,0,0,0,0,0,0,0,0,0,0,0,0,0,0,0,0,0,0,4,0,8,0,0,0,0,0,0,0,403,42,0,0,0,113
27,0,38,0,20,0,52,0,28,0,16,0,12,0,0,0,3,0,0,0,0,0,9,0,0,0,14,3,0,0,0,0,0,0,0,0,21,0,1,0,85,8,15,0,189,10,144,9,0,11,24,0,5,0,12,0,16,0,26,0,2,0,15,0,3,0,8,1,10,0,26,0,10,0,19,0,0,0,0,0,0,0,13,0,39,0,10,0,3,0,12,0,35,0,12,0,21,0,35,0,14,0,57,0,14,0,20,0,0,0,0,0,0,0,0,0,0,0,0,0,37,0,10,0,6,0,7,0,0,0,6,0,6,0,7,0,14,0,0,0,0,0,11,0,4,0,0,0,6,0,24,0,14,0,0,0,3,0,3,0,7,0,16,0,31,0,18,0,3,0,17,0,35,0,2,0,34,9,24,0,18,0,10,0,13,0,137,0,0,0,24,0,0,0,61,0,0,0,19,0,21,1,33,0,0,0,11,0,5,0,99,74,369,40,146,3,1,9,0,6,0,0,0,0,0
0,16,0,0,0,13,0,1,0,5,0,55,3,59,0,0,0,0,0,5,0,0,0,0,0,0,7,19,0,0,0,0,0,0,0,2,0,9,0,0,0,118,0,113,25,139,29,59,11,0,0,18,0,0,0,5,0,0,0,0,0,0,0,0,0,1,0,0,0,1,0,0,0,2,0,8,0,3,0,2,0,0,0,5,0,0,0,6,0,5,0,0,0,0,0,10,0,5,0,11,0,0,0,1,0,0,0,0,0,0,0,0,0,0,0,0,0,0,0,0,0,0,0,9,0,0,0,0,0,0,0,0,0,0,0,9,0,0,0,0,0,16,0,0,0,0,0,0,0,5,0,23,0,33,0,0,0,0,0,4,0,0,0,0,0,63,0,3,0,7,0,0,0,2,0,0,0,87,0,21,0,43,0,11,0,29,39,25,0,0,0,0,0,0,0,6,0,0,0,0,0,0,0,0,0,0,0,0,0,0,0,6,0,0,9,0,0,2,34,69,13,4,1,0,14
0,0,0,0,55,0,8,0,0,0,6,0,483,61,0,0,0,0,226,38,37,0,0,0,0,0,343,165,38,0,56,0,36,0,151,0,81,5,14,0,23,0,32,0,140,0,0,20,24,0,0,0,0,0,0,0,0,0,0,0,0,0,6,0,0,0,0,0,0,0,48,0,10,0,27,0,0,0,7,0,0,0,50,0,0,0,0,0,0,0,18,0,0,0,20,0,46,0,0,0,0,0,0,0,0,0,24,0,0,0,0,0,0,0,0,0,1,0,0,0,50,0,0,0,0,0,0,0,0,0,0,0,0,0,0,0,0,0,5,0,10,0,0,0,14,0,0,0,0,0,0,0,0,0,0,0,0,0,0,0,0,0,12,0,56,0,33,0,163,0,19,0,57,0,0,0,10,15,70,0,0,0,0,0,0,0,41,0,0,0,0,0,0,0,48,0,0,0,0,0,0,0,25,0,0,0,0,0,0,0,17,91,215,3,8,0,0,0,0,0,0,0,0,0,0
0,0,0,0,0,0,0,0,0,0,0,0,28,293,0,8,0,0,0,165,0,86,0,0,0,0,38,407,0,24,0,98,0,57,0,98,0,102,0,5,25,0,6,85,0,131,0,46,0,18,0,0,0,2,0,0,0,0,0,0,0,0,0,0,0,0,0,0,0,0,0,13,0,3,0,0,0,3,0,0,0,72,0,0,0,0,0,12,0,0,0,0,0,0,0,36,0,0,0,0,0,20,0,6,0,0,0,0,0,0,0,0,0,0,0,0,0,0,0,0,0,0,0,17,0,0,0,0,0,0,0,0,0,0,0,0,0,44,0,0,0,117,0,84,0,30,0,0,0,0,0,0,0,0,0,0,0,2,0,0,0,0,0,7,0,52,0,59,0,173,0,7,0,41,0,0,3,124,0,0,0,0,0,0,0,0,0,230,0,0,0,5,0,0,0,49,0,1,0,0,0,0,0,0,0,0,0,0,0,0,0,0,0,0,0,0,0,0,0,0,79,0,0,0,0
0,0,0,0,0,0,35,0,117,54,0,0,0,0,0,0,161,0,0,0,0,0,10,0,111,0,0,0,0,0,0,0,0,0,0,0,5,0,5,0,0,0,0,0,0,0,0,0,5,0,0,0,0,130,111,158,148,66,84,73,34,0,122,8,1,0,97,75,0,0,0,0,0,0,3,0,0,0,0,0,0,0,0,0,50,0,0,0,0,0,18,0,0,0,0,0,38,0,0,0,0,0,3,0,0,0,0,0,0,0,0,0,0,0,0,0,0,0,0,0,0,0,0,0,0,0,1,0,110,0,8,0,23,0,0,0,204,0,311,0,116,0,83,0,42,0,0,0,0,0,1,0,0,0,277,0,128,1,251,4,51,0,10,0,0,0,0,0,13,0,118,2,5,0,1,12,64,0,0,0,0,4,1,0,81,23,0,0,0,0,0,0,0,0,0,0,0,0,0,0,0,0,0,0,0,0,0,0,3,0,18,15,75,67,37,0,4,2,0,6,0,9,0,0,0
0,16,0,0,0,0,102,65,202,242,0,0,0,0,0,0,12,20,0,0,0,24,0,0,70,30,0,0,0,13,0,0,0,8,0,5,0,4,0,15,0,0,0,0,0,0,0,0,0,0,0,2,130,0,187,87,0,119,33,23,6,15,112,87,0,1,102,78,0,0,0,0,0,0,0,0,0,0,0,0,0,0,0,0,0,1,0,0,0,0,1,0,0,0,0,0,0,0,0,0,0,0,0,0,0,0,0,0,0,0,0,0,0,0,0,0,0,0,0,0,0,0,0,0,0,14,0,10,0,80,0,16,0,49,0,29,0,131,0,189,0,23,0,31,0,33,0,0,0,0,0,0,0,0,0,117,0,54,0,147,0,35,0,0,0,0,0,0,0,0,0,13,0,0,0,1,46,30,0,0,0,0,1,0,0,60,0,0,0,0,0,0,0,0,0,0,0,0,0,0,0,0,0,0,0,0,0,0,0,12,0,8,0,0,47,0,0,0,68,29,20,32,0,8,0
0,0,60,0,0,0,203,0,118,106,4,0,0,0,13,0,21,0,0,0,0,0,86,0,228,0,0,0,0,0,0,0,0,0,0,0,0,0,0,0,9,0,0,0,0,0,47,0,12,0,0,0,111,187,0,244,128,65,20,54,10,0,13,31,1,0,13,124,0,0,0,0,0,0,0,0,0,0,0,0,0,0,0,0,0,0,0,0,0,0,0,0,0,0,0,0,0,0,0,0,0,0,0,0,0,0,0,0,0,0,0,0,0,0,0,0,0,0,0,0,0,0,0,0,0,0,13,0,107,0,90,0,55,0,49,0,76,0,0,0,0,0,67,0,0,0,0,0,0,0,0,0,0,0,33,5,2,0,39,4,102,0,0,0,0,0,0,0,31,0,202,0,18,0,0,2,35,0,0,0,0,2,0,0,17,16,0,0,0,0,0,0,0,0,0,0,0,0,0,0,0,0,0,0,0,0,5,0,37,0,72,32,198,154,112,0,14,0,0,0,0,0,0,0,0
38,44,0,98,0,22,181,428,324,378,0,2,0,0,0,74,48,34,0,40,0,0,0,43,188,629,0,0,0,7,0,0,0,19,0,0,0,6,0,10,0,0,0,0,0,0,0,0,0,5,0,0,158,87,244,0,0,300,0,20,9,79,239,76,0,14,45,77,0,0,0,0,0,0,0,0,0,0,0,0,0,0,0,0,0,0,0,0,0,0,0,0,0,0,0,0,0,3,0,1,0,0,0,0,0,0,0,0,0,0,0,0,0,0,0,0,0,0,0,0,0,0,0,0,0,47,0,45,0,39,0,178,0,64,0,72,0,211,0,40,0,10,0,0,0,0,1,0,0,35,0,27,0,0,0,73,1,25,0,46,0,54,0,0,0,0,0,0,0,27,0,308,0,0,0,0,81,32,0,0,0,3,0,2,0,50,0,0,0,0,0,0,0,0,0,0,0,0,0,6,0,0,0,0,0,0,0,37,0,163,0,0,36,0,319,0,0,0,240,27,408,446,0,149,0
0,0,0,0,0,0,29,0,30,0,0,0,0,0,0,0,15,0,0,0,0,0,14,0,43,0,0,0,0,0,0,0,0,0,0,0,0,0,0,0,0,0,0,0,0,0,0,0,16,0,0,0,148,0,128,0,0,0,243,19,0,0,14,0,49,16,29,31,0,0,0,0,0,0,0,0,0,0,2,0,0,0,0,0,0,0,1,0,0,0,0,0,0,0,0,0,0,0,0,0,0,0,0,0,0,0,0,0,0,0,0,0,0,0,2,0,0,0,0,0,0,0,0,0,2,0,0,0,84,0,50,0,17,0,8,0,12,0,13,0,0,0,5,0,0,0,0,0,3,0,0,0,0,0,125,5,5,0,71,3,126,11,74,0,0,0,0,0,62,0,189,0,5,0,9,4,30,0,0,0,0,51,0,0,26,0,0,0,0,0,0,0,0,0,0,0,0,0,0,0,0,0,0,0,0,0,0,0,3,0,295,73,579,671,996,6,34,0,2,0,4,4,0,0,0
0,8,0,0,0,0,0,27,47,129,0,0,0,0,0,0,0,61,0,0,0,0,0,0,0,165,0,0,0,0,0,0,0,0,0,0,0,0,0,3,0,0,0,0,0,10,0,0,0,0,0,0,66,119,65,300,0,0,25,187,0,0,16,49,0,12,85,78,0,0,0,0,0,0,0,0,0,0,0,0,0,0,0,0,0,0,0,0,0,0,0,0,0,0,0,0,0,0,0,2,0,0,0,0,0,0,0,0,0,0,0,0,0,0,0,0,0,0,0,0,0,0,0,0,0,49,0,21,0,49,0,163,0,26,0,0,0,99,0,16,0,0,0,0,0,3,0,3,0,12,0,0,0,0,1,228,0,9,0,166,0,60,0,171,0,4,0,0,0,94,0,275,0,17,0,0,20,0,0,0,0,0,0,0,0,36,0,0,0,0,0,0,0,0,0,0,0,0,0,0,0,0,0,0,0,0,0,0,0,95,0,0,0,0,447,0,0,0,121,21,760,571,0,88,2
1,0,0,0,0,0,12,0,165,0,0,0,1,0,0,0,0,0,0,0,0,0,0,0,12,0,0,0,0,0,0,0,0,0,0,0,0,0,0,0,0,0,0,0,0,0,0,0,26,0,0,0,84,33,20,0,243,25,0,69,0,0,13,0,64,30,36,89,0,0,0,0,0,0,0,0,0,0,0,0,0,0,0,0,0,0,0,0,0,0,0,0,0,0,0,0,0,0,0,0,0,0,0,0,0,0,0,0,0,0,0,0,0,0,0,0,0,0,0,0,0,0,0,0,12,0,0,0,0,0,62,0,0,0,0,0,0,0,3,0,0,0,4,0,0,0,0,0,3,0,0,0,0,0,26,18,27,0,6,12,32,0,0,0,0,0,0,0,35,0,0,0,0,0,19,30,92,0,0,0,0,47,0,0,28,9,0,0,0,0,0,0,0,0,0,0,0,0,0,0,0,0,0,0,0,0,0,0,0,0,512,204,402,623,1073,0,63,0,8,0,0,0,0,0,0
0,10,0,0,0,0,0,0,0,78,0,0,0,0,0,0,0,0,0,0,0,0,0,0,0,0,0,0,0,0,0,0,0,0,0,0,0,0,0,0,0,0,0,0,0,0,0,0,0,0,0,0,73,23,54,20,19,187,69,0,0,0,0,0,0,104,118,252,0,0,0,0,0,0,0,0,0,0,0,0,0,0,0,0,0,0,0,0,0,0,0,0,0,0,0,0,0,0,0,0,0,0,0,0,0,0,0,0,0,0,0,0,0,0,0,0,0,0,0,0,0,0,0,0,0,41,0,7,0,4,0,84,0,0,0,0,0,0,0,0,0,0,0,0,0,15,0,5,0,24,0,4,0,0,3,19,0,48,0,14,0,17,0,0,0,2,0,0,0,38,0,82,0,0,2,76,22,0,0,0,4,0,0,0,13,88,0,0,0,0,0,0,0,0,0,0,0,0,0,0,0,0,0,0,0,0,0,0,0,18,9,0,0,0,1627,0,0,0,671,191,636,869,0,124,0
121,0,50,0,0,0,226,0,191,0,0,0,0,0,0,0,43,0,0,0,0,0,0,0,10,10,0,0,0,0,0,0,4,0,0,0,50,0,21,0,0,0,4,0,7,0,0,0,2,0,0,0,34,6,10,9,0,0,0,0,0,0,82,0,0,0,11,2,0,0,12,0,0,0,3,0,0,0,0,0,2,0,0,0,0,0,0,0,0,0,0,0,0,0,0,0,0,0,0,0,0,0,0,0,0,0,0,0,0,0,0,0,0,0,0,0,0,0,0,0,0,0,0,0,0,0,0,0,0,0,0,0,0,0,0,0,0,0,208,0,94,0,0,0,281,0,0,0,0,0,0,0,0,0,24,0,64,0,0,0,0,0,4,0,0,0,0,0,9,0,225,0,30,0,0,0,62,0,0,0,0,0,54,0,14,0,0,0,0,0,0,0,0,0,0,0,0,0,0,0,0,0,0,0,0,0,0,0,0,0,75,109,10,0,41,0,0,0,0,0,0,0,0,0,0
0,75,0,0,0,0,0,156,0,247,0,0,0,0,0,0,0,0,0,0,0,0,0,0,0,16,0,0,0,16,0,0,0,14,0,7,0,24,0,38,0,0,0,0,0,0,0,0,0,0,0,0,0,15,0,79,0,0,0,0,0,0,0,66,0,0,0,25,0,1,0,0,0,0,0,0,0,0,0,0,0,0,0,0,0,1,0,0,0,0,0,0,0,0,0,0,0,0,0,0,0,0,0,0,0,0,0,0,0,0,0,0,0,0,0,0,0,0,0,0,0,0,0,0,0,0,0,0,0,0,0,0,0,0,0,0,0,0,0,107,0,113,0,10,0,220,0,0,0,0,0,0,0,0,0,8,0,165,0,45,0,0,0,4,0,0,0,9,0,0,0,122,0,26,0,0,3,37,0,0,0,0,0,52,0,18,0,0,0,0,0,0,0,0,0,0,0,0,0,0,0,0,0,0,0,0,0,0,0,0,2,0,0,0,53,0,0,0,135,348,51,75,0,25,0
48,6,32,0,0,0,275,36,287,137,0,0,0,0,0,0,505,9,0,0,125,0,15,0,48,69,74,0,60,0,24,0,28,0,0,0,38,0,76,0,0,0,0,0,124,0,36,0,15,0,6,0,122,112,13,239,14,16,13,0,82,0,0,64,0,0,15,0,0,0,23,0,0,0,14,0,0,0,0,0,20,0,0,0,129,0,0,0,0,0,0,0,0,0,0,0,65,0,0,0,0,0,0,0,0,0,0,0,0,0,0,0,0,0,0,0,0,0,0,0,78,0,95,0,0,0,0,0,54,0,0,0,0,0,0,0,216,0,302,0,239,0,138,1,94,0,0,0,0,0,0,0,0,0,43,0,5,0,44,0,0,0,0,0,0,0,0,0,0,0,26,0,24,0,0,0,93,3,0,0,0,0,27,1,16,5,0,0,0,0,0,0,0,0,0,0,0,0,0,0,14,0,0,0,0,0,0,0,0,0,22,51,16,11,21,0,2,0,0,6,0,0,0,0,0
84,55,28,0,0,0,123,154,82,356,0,0,0,0,0,8,82,133,0,0,0,213,0,26,260,40,0,0,0,214,0,36,0,57,0,25,0,56,0,197,0,0,0,0,0,0,0,0,0,0,0,0,8,87,31,76,0,49,0,0,0,66,64,0,0,1,0,13,0,0,0,0,0,0,0,0,0,0,0,0,0,0,0,0,0,0,0,1,0,0,0,0,0,0,0,0,1,0,0,0,0,0,0,0,0,0,0,0,0,0,0,0,0,0,0,0,0,0,0,0,0,0,0,0,0,0,0,0,0,105,0,0,0,96,0,58,1,228,0,290,0,99,0,92,0,100,0,0,0,0,0,0,0,0,0,53,0,25,0,133,0,0,0,0,0,0,0,0,0,0,0,11,0,0,0,0,21,75,0,0,0,0,0,26,0,0,0,0,0,0,0,0,0,1,0,0,0,0,0,0,0,0,0,0,0,0,0,0,0,0,0,0,15,0,0,0,0,0,34,57,0,31,0,0,0
18,0,0,0,0,0,8,0,135,0,0,0,0,0,0,0,0,0,0,0,0,0,0,0,0,0,0,0,0,0,0,0,0,0,0,0,0,0,0,0,0,0,0,0,0,0,0,0,3,0,0,0,1,0,1,0,49,0,64,0,0,0,0,0,0,24,49,5,0,0,0,0,1,0,1,0,0,0,0,0,0,0,0,0,0,1,0,0,0,0,0,0,0,0,0,0,0,0,0,0,0,0,0,0,0,0,4,1,0,0,0,0,0,0,0,0,0,0,0,0,0,0,0,0,0,0,0,0,0,0,36,0,0,0,0,2,2,0,20,0,0,0,0,0,60,0,26,0,29,0,0,0,11,0,22,6,6,0,5,0,99,69,0,5,0,0,0,0,0,0,0,0,0,0,89,8,15,0,0,0,252,142,24,0,125,0,0,0,0,0,0,0,0,0,0,0,0,0,0,0,0,0,0,0,0,0,0,0,2,0,249,16,0,0,426,0,2,1,13,0,0,0,0,0,0
0,63,0,0,0,30,0,8,0,347,0,35,0,0,0,16,0,0,0,0,0,0,0,0,0,0,0,55,0,0,0,0,0,0,0,0,0,0,0,0,0,0,0,1,0,0,0,0,0,1,0,0,0,1,0,14,16,12,30,104,0,0,0,1,24,0,16,417,0,0,0,0,0,0,0,0,0,0,0,0,0,1,0,0,0,0,0,0,0,0,0,0,0,0,0,0,0,1,0,0,0,0,0,0,0,0,0,0,0,0,0,0,0,0,0,0,0,0,0,0,0,0,0,0,0,29,0,6,1,0,4,30,0,0,0,0,0,4,0,0,0,0,0,0,0,0,0,75,7,139,0,52,1,37,3,0,0,0,3,0,7,117,0,0,0,0,0,0,0,0,0,0,0,0,0,139,6,0,0,0,29,168,0,0,0,99,0,0,0,0,0,0,0,0,0,0,0,0,0,0,0,2,0,0,0,0,0,15,0,20,0,0,2,0,379,0,0,0,298,42,125,0,0,0,1
4,0,2,0,0,0,37,0,78,0,0,0,0,0,1,0,0,0,3,0,0,0,0,0,0,0,0,0,0,0,0,0,0,0,0,0,0,0,0,0,0,0,0,0,0,0,0,0,8,0,0,0,97,102,13,45,29,85,36,118,11,0,15,0,49,16,0,61,0,0,0,0,0,0,0,0,0,0,0,0,0,0,0,0,0,0,0,0,0,0,0,0,0,0,0,0,0,0,0,0,0,0,0,0,0,0,0,0,0,0,0,0,0,0,0,0,0,0,0,0,0,0,0,0,0,0,3,0,1,0,12,0,4,0,0,0,1,0,0,0,0,0,0,0,8,0,14,0,6,0,4,0,1,0,22,20,18,0,4,19,37,0,0,0,0,0,0,0,3,0,46,0,3,0,47,34,279,0,0,0,42,72,0,0,375,46,0,0,0,0,0,0,0,0,0,0,0,0,0,0,0,0,0,0,0,0,0,0,8,0,316,89,116,252,502,0,25,0,0,0,8,5,0,0,0
0,4,0,0,0,0,22,0,0,176,0,0,0,0,0,0,0,0,0,0,0,0,0,0,0,0,0,0,0,0,0,0,0,0,0,0,0,0,0,0,0,0,0,0,0,0,0,0,1,0,0,0,75,78,124,77,31,78,89,252,2,25,0,13,5,417,61,0,0,0,0,0,0,0,0,0,0,0,0,0,0,0,0,1,0,0,0,0,0,0,0,0,0,0,0,0,0,0,0,0,0,0,0,0,0,0,0,0,0,0,0,0,0,0,0,0,0,0,0,0,0,0,0,0,0,22,0,3,0,0,0,46,0,0,0,0,0,0,0,0,0,0,0,0,0,13,0,6,0,18,0,0,0,1,0,10,0,23,0,5,2,22,0,0,0,0,0,0,0,0,0,0,0,0,4,224,67,0,0,0,7,90,0,0,7,577,0,0,0,0,0,0,0,0,0,0,0,0,0,0,0,0,0,0,0,0,0,0,0,0,0,0,0,0,569,0,0,0,346,253,103,229,0,28,0
0,0,0,0,1,0,0,0,0,0,0,0,0,0,0,0,0,0,0,0,0,0,0,0,0,0,0,0,0,0,0,0,0,0,0,0,0,0,0,0,0,0,0,0,14,0,0,0,10,0,0,0,0,0,0,0,0,0,0,0,0,0,0,0,0,0,0,0,0,0,0,0,29,0,0,0,179,0,99,0,0,0,44,0,0,0,0,0,53,0,0,0,115,0,49,0,0,0,0,0,71,0,230,0,0,0,0,0,39,0,0,0,3,0,19,0,13,0,0,0,0,0,0,0,0,0,0,0,0,0,0,0,0,0,0,0,0,0,0,0,0,0,0,0,0,0,0,0,0,0,0,0,9,0,0,0,0,0,0,0,0,0,0,0,50,0,0,0,228,0,5,0,4,0,0,0,0,0,0,0,0,0,0,0,0,0,0,0,0,0,34,0,0,0,0,0,0,0,0,0,0,0,0,0,0,0,1,0,0,0,24,0,79,0,0,8,50,1,0,0,0,0,0,0,0
0,1,0,0,0,0,0,0,0,0,0,0,0,0,0,0,0,0,0,0,0,0,0,0,0,0,0,0,0,0,0,0,0,0,0,0,0,0,0,0,0,1,0,0,0,0,0,0,0,1,0,0,0,0,0,0,0,0,0,0,0,1,0,0,0,0,0,0,0,0,0,0,0,0,0,0,0,111,0,0,0,0,0,92,0,0,0,8,0,120,0,0,0,51,0,29,0,0,0,0,0,4,0,177,0,0,0,0,0,0,0,0,0,91,0,0,0,0,0,0,0,0,0,0,0,0,0,0,0,0,0,0,0,0,0,0,0,0,0,0,0,0,0,0,0,0,0,0,0,0,0,0,0,0,0,0,0,0,0,0,0,0,0,0,0,29,0,0,0,36,0,1,0,0,0,0,0,1,0,0,0,0,0,0,0,0,0,0,0,0,0,0,0,0,0,28,0,0,0,0,0,0,0,0,0,0,0,0,0,0,0,0,0,0,1,0,0,0,15,11,68,4,4,43,1
0,0,0,0,0,0,0,0,0,0,0,0,0,0,0,0,35,0,0,0,88,0,0,0,0,0,76,0,13,0,14,0,0,0,0,0,173,0,17,0,0,0,0,0,119,0,6,0,26,0,48,0,0,0,0,0,0,0,0,0,12,0,23,0,0,0,0,0,0,0,0,0,360,0,321,0,20,0,121,0,22,0,0,0,0,0,75,0,0,0,0,0,0,0,0,0,0,0,0,0,1,0,0,0,0,0,0,0,0,0,0,0,0,0,0,0,0,0,0,0,39,0,12,0,25,0,72,0,6,0,0,3,60,0,46,0,85,0,16,0,205,0,113,0,79,0,30,2,0,0,40,0,76,0,0,0,16,0,0,0,0,0,50,11,0,0,55,0,53,0,34,0,60,0,20,0,0,0,0,0,94,11,0,0,0,0,0,0,0,0,0,0,0,0,0,0,0,0,0,0,8,0,0,0,0,0,0,0,42,0,20,0,0,0,7,0,0,0,0,0,22,10,0,0,0
0,0,0,0,0,0,0,0,0,1,0,11,0,0,0,0,0,0,0,0,0,27,0,0,0,0,0,0,0,0,0,0,0,0,0,0,0,0,0,0,0,0,0,15,0,16,0,0,0,0,0,13,0,0,0,0,0,0,0,0,0,0,0,0,0,0,0,0,0,0,0,0,0,227,4,379,0,13,0,7,0,4,0,0,0,0,1,33,0,0,0,0,0,0,0,0,0,0,0,0,0,0,0,0,0,0,0,0,0,0,0,0,0,0,0,0,0,0,0,0,0,9,0,16,35,0,0,92,5,0,16,16,12,0,0,0,0,0,0,12,0,132,0,0,0,211,36,32,16,0,0,108,0,0,0,0,0,4,0,0,0,0,0,55,0,0,0,0,0,11,0,17,0,25,0,0,0,6,0,0,23,57,0,0,0,0,0,0,0,0,0,0,0,0,0,0,0,1,0,0,0,0,0,0,0,0,0,0,0,44,0,0,0,0,14,0,0,0,86,12,16,0,0,0,0
0,0,0,0,0,0,0,0,0,0,0,0,0,0,0,0,0,0,0,0,7,0,0,0,0,0,0,0,0,0,0,0,0,0,0,0,0,0,0,0,0,0,0,0,6,0,0,0,10,0,10,0,0,0,0,0,0,0,0,0,0,0,0,0,1,0,0,0,29,0,360,0,0,0,198,0,37,0,202,0,4,0,35,0,0,0,28,0,0,0,0,0,28,0,6,0,0,0,0,0,2,0,6,0,0,0,0,0,0,0,0,0,0,0,0,0,1,0,0,0,18,0,19,0,23,0,53,0,25,0,8,0,49,0,47,0,42,0,0,0,46,0,120,0,37,0,27,0,0,0,21,0,40,0,0,0,0,0,0,0,0,0,63,0,1,0,7,0,37,0,13,0,6,0,0,0,0,0,0,0,24,13,0,0,0,0,0,0,0,0,0,0,0,0,0,0,0,0,45,0,40,0,27,0,0,0,20,0,45,0,355,3,35,0,17,63,4,0,0,0,0,0,0,0,0
0,0,0,0,0,0,0,0,0,0,0,0,0,0,0,0,0,0,0,0,0,0,0,0,0,0,0,0,0,0,0,0,0,0,0,0,0,0,0,0,0,0,0,0,0,0,0,0,0,2,0,3,0,0,0,0,0,0,0,0,0,0,0,0,0,0,0,0,0,0,0,227,0,0,0,257,0,162,0,60,0,8,0,27,0,20,0,120,0,0,0,0,0,0,0,7,0,0,13,0,0,0,3,0,9,0,0,5,0,0,0,0,0,0,0,0,0,0,0,0,0,54,0,21,35,86,22,139,7,0,15,0,29,0,12,218,0,117,0,0,11,48,8,68,0,97,38,28,16,13,0,185,0,25,0,0,0,0,0,0,0,5,0,38,0,0,0,0,7,19,0,0,0,5,0,0,0,2,0,0,0,0,0,0,0,0,0,0,0,29,0,0,0,48,0,0,0,0,2,0,1,19,0,236,0,0,0,250,4,161,16,0,0,12,23,0,0,0,124,5,14,0,0,0,0
0,0,0,0,0,0,1,0,0,0,0,0,0,0,0,0,34,0,0,0,60,0,0,0,0,0,0,0,15,0,7,0,10,0,0,0,68,0,11,0,0,0,0,0,73,0,0,0,19,0,27,0,3,0,0,0,0,0,0,0,3,0,14,0,1,0,0,0,0,0,321,4,198,0,0,0,20,0,204,0,1,0,6,0,64,0,20,0,0,0,0,0,0,0,0,0,7,0,0,0,0,0,0,0,0,0,0,0,0,0,0,0,0,0,0,0,0,0,0,0,86,0,68,0,17,4,24,0,0,0,0,0,0,0,33,0,25,0,0,0,60,0,192,0,83,9,0,1,33,8,0,0,141,0,2,0,14,0,0,0,0,0,14,14,0,0,0,0,9,0,14,0,14,0,26,0,0,0,0,0,103,21,1,0,0,0,0,0,0,0,2,0,3,0,0,0,0,0,28,0,29,0,0,0,0,0,16,0,0,0,104,0,0,0,8,11,0,0,5,0,0,0,0,0,0
0,0,0,0,0,0,0,0,0,0,0,0,0,0,0,0,0,0,0,0,0,27,0,0,0,0,0,0,0,0,0,0,0,0,0,0,0,3,0,0,0,0,0,20,0,14,0,0,0,8,0,0,0,0,0,0,0,0,0,0,0,0,0,0,0,0,0,0,0,0,0,379,0,257,0,0,0,22,0,66,0,2,0,5,0,0,1,114,0,0,0,0,0,0,0,0,0,0,8,0,0,0,0,1,0,0,0,0,0,0,0,0,0,0,0,0,0,0,0,0,0,141,0,50,26,0,0,0,0,0,12,0,0,0,0,55,0,0,0,0,0,127,0,53,2,209,27,23,0,9,0,78,0,0,0,0,0,3,0,0,0,0,0,71,0,0,0,7,0,28,0,7,0,0,0,25,0,0,0,0,0,72,0,0,0,0,0,0,0,0,0,0,0,0,0,0,0,0,0,0,0,0,0,0,0,0,0,0,0,48,0,0,25,0,34,0,0,0,145,7,31,6,2,1,0
0,0,0,0,0,0,0,0,0,0,0,0,0,0,0,0,0,0,0,0,0,0,0,0,0,0,0,0,0,0,0,0,0,0,0,0,0,0,0,0,0,0,0,0,0,0,0,0,0,0,0,0,0,0,0,0,0,0,0,0,0,0,0,0,0,0,0,0,179,0,20,0,37,0,20,0,0,0,35,0,0,0,71,0,0,0,41,0,10,0,0,0,68,0,26,0,0,0,0,0,25,0,70,0,29,0,17,0,14,0,0,0,1,0,10,0,9,0,0,0,35,0,20,0,0,0,0,0,0,0,0,0,0,1,0,0,0,1,0,0,0,0,0,0,0,0,0,0,0,1,0,0,0,0,0,0,0,0,0,0,0,0,0,0,9,0,0,0,54,0,0,0,0,0,0,0,0,0,0,0,0,0,0,0,0,0,0,0,0,0,17,0,0,0,47,0,0,0,0,0,36,0,0,0,0,0,0,0,0,0,0,2,50,0,0,5,8,0,0,0,0,0,0,0,0
0,0,0,0,0,0,0,0,0,0,0,0,0,0,0,0,0,0,0,0,0,0,0,0,0,0,0,0,0,0,0,0,0,0,0,0,0,0,0,0,0,0,0,0,0,17,0,0,0,3,0,3,0,0,0,0,0,0,0,0,0,0,0,0,0,0,0,0,0,111,0,13,0,162,0,22,0,0,0,10,0,76,0,332,0,0,0,182,0,73,0,0,0,88,0,127,0,0,0,13,0,7,0,74,4,0,0,18,0,30,0,0,0,21,0,1,0,59,0,0,0,15,0,0,0,0,4,7,0,0,0,0,0,0,4,0,0,0,0,0,0,0,0,18,0,0,0,0,0,0,0,0,0,0,0,0,0,0,0,0,0,0,0,15,0,30,0,0,0,99,0,2,0,0,0,0,0,0,0,0,0,0,0,0,0,0,0,0,0,52,0,0,1,0,0,148,0,0,0,58,0,45,0,214,0,0,0,0,0,0,0,0,0,0,12,0,0,0,42,8,163,3,0,2,0
0,0,0,0,0,0,0,0,0,0,0,0,0,0,0,0,0,0,0,0,13,0,0,0,0,0,0,0,0,0,0,0,0,0,0,0,0,0,0,0,0,0,0,0,0,0,0,0,0,0,7,0,0,0,0,0,2,0,0,0,0,0,0,0,0,0,0,0,99,0,121,0,202,0,204,0,35,0,0,0,12,0,142,0,97,0,82,0,0,0,16,0,101,0,15,0,27,0,29,0,0,0,35,0,22,0,0,0,14,0,0,0,0,0,0,0,0,0,0,0,123,0,63,0,0,0,0,0,0,0,0,0,0,0,0,0,0,0,0,0,18,0,93,0,5,0,0,0,0,0,0,0,0,0,0,0,0,0,0,0,0,0,0,0,0,0,0,0,50,0,0,0,0,0,0,0,0,0,0,0,0,0,0,0,0,0,0,0,0,0,0,0,0,0,42,0,3,0,30,0,53,0,0,0,0,0,0,0,0,0,275,0,64,0,11,49,8,0,0,0,0,0,0,0,0
