0,236,57,0,88,0,28,102,100,0,160,0,212,0,22,0,59,168,10,0,0,0,68,332,11,430,13,0,193,0,0,0,47,0,0,0,0,0,697,0,35,0,0,0,0,0,35,0,0,0,0,0,0,0,0,0,0,0,0,0,80,0,64,24,38,0,13,0,0,0,0,0,0,0,0,0,0,0,0,0,0,0,0,0,0,0,0,0,0,0,0,0,0,0,0,0,0,0,0,0,0,0,0,0,0,0,0,0,0,0,0,0,0,0,0,0,0,0,2,0,0,0,0,0,21,0,0,0,0,0,39,0,0,0,2,0,0,0,0,0,0,0,0,0,0,0,0,0,54,0,0,0,18,0,0,0,0,0,0,0,5,0,3,0,0,0,11,0,8,0,32,5,217,0,0,0,494,90,9,0,0,0,24,0,18,0,1,0,0,0,0,0,0,0,0,0,0,0,0,0,0,0,0,0,0,0,0,0,0,0,872,96,204,0,125,0,0,0,0,0,13,0,0,0,0
236,0,301,34,0,261,192,26,0,68,0,397,0,217,0,67,129,106,0,48,0,0,216,43,537,48,0,187,0,117,0,0,0,116,0,0,0,235,32,898,0,23,0,0,0,29,0,160,0,14,0,0,0,0,0,15,0,7,0,0,0,349,39,285,0,55,0,11,0,0,0,0,0,0,0,0,0,0,0,1,0,0,0,0,0,0,0,0,0,0,0,0,0,0,0,0,0,0,0,0,0,0,0,0,0,0,0,0,0,0,0,0,0,0,0,0,0,0,0,0,0,0,0,0,0,48,0,11,0,0,0,48,0,0,0,0,0,12,0,0,0,0,0,19,0,0,0,49,0,154,0,154,0,172,0,0,0,0,0,0,0,22,0,0,0,0,0,0,0,12,0,69,0,234,0,21,223,473,0,10,0,57,0,9,0,53,0,0,0,0,0,0,0,0,0,0,0,0,0,0,0,0,0,0,0,0,0,0,0,29,0,5,12,0,172,0,0,0,1573,182,547,124,2,13,0
57,301,0,235,397,0,72,0,26,0,45,0,177,0,158,273,24,0,60,0,30,0,865,415,370,252,44,0,309,0,239,0,129,0,0,0,0,0,563,0,0,0,0,0,14,0,60,0,5,0,0,0,5,0,35,0,5,0,2,0,0,0,87,0,36,0,3,0,0,0,6,0,0,0,0,0,0,0,0,0,0,0,0,0,0,0,0,0,0,0,0,0,0,0,0,0,0,0,0,0,0,0,0,0,0,0,0,0,0,0,0,0,0,0,0,0,0,0,0,0,0,0,0,0,446,0,0,0,0,0,369,0,0,0,40,0,0,0,0,0,0,0,0,0,0,0,217,0,230,0,58,0,0,0,0,0,0,0,0,0,29,0,0,0,1,0,47,0,6,0,15,0,150,0,0,0,276,123,0,0,0,0,5,0,37,0,0,0,0,0,0,0,0,0,0,0,1,0,0,0,0,0,0,0,0,0,0,0,42,0,844,48,429,0,193,0,0,0,0,0,0,0,0,0,0
0,34,235,0,0,226,0,117,0,3,0,22,0,51,0,281,94,8,0,89,0,18,303,318,101,198,0,86,0,170,0,21,0,261,0,0,0,34,0,663,0,12,0,0,0,5,0,28,0,0,0,0,0,0,0,21,0,7,0,10,2,0,0,22,0,3,0,0,0,0,0,0,0,0,0,0,0,0,0,0,0,0,0,0,0,0,0,3,0,0,0,0,0,0,0,0,0,3,0,0,0,0,0,0,0,0,0,0,0,0,0,0,0,0,0,0,0,0,0,0,0,0,0,0,0,26,0,21,0,2,0,0,0,0,0,0,0,29,0,0,0,0,0,0,0,0,0,8,0,17,0,0,0,0,0,0,0,0,0,4,0,22,0,0,0,0,0,27,0,0,0,20,0,72,0,0,99,96,0,0,0,0,0,0,0,0,0,0,0,0,0,0,0,0,0,0,0,0,0,0,0,0,0,0,0,0,0,0,0,59,0,0,0,0,83,0,0,0,465,37,309,0,0,0,0
88,0,397,0,0,0,16,0,78,0,125,195,532,166,204,448,15,0,46,0,175,67,216,0,0,0,59,0,90,0,447,0,426,0,221,0,222,0,0,0,141,0,0,0,0,0,120,0,4,0,0,0,8,0,9,0,0,0,0,0,5,0,6,0,30,0,3,0,0,0,35,0,0,0,0,0,0,0,0,0,0,2,0,0,0,0,0,0,0,0,0,0,0,0,0,0,0,0,0,0,0,0,0,0,0,0,0,0,0,0,0,0,0,0,0,0,0,0,0,0,0,0,0,0,99,0,0,0,0,0,66,0,0,0,0,0,0,0,0,0,0,0,0,0,0,0,0,0,162,0,0,0,210,0,0,0,0,0,0,0,7,0,0,0,32,0,203,0,51,0,22,0,162,0,0,0,434,119,81,0,147,0,185,0,132,0,1,0,0,0,0,0,0,0,0,0,0,0,0,0,0,0,0,0,0,0,0,0,0,0,1324,289,748,0,172,4,0,0,0,0,0,0,0,0,0
0,261,0,226,0,0,3,97,0,96,0,136,236,287,522,292,0,0,220,127,328,168,280,140,0,10,0,383,0,54,79,249,0,462,0,182,0,254,0,0,0,40,0,0,0,0,0,220,2,4,0,0,0,0,0,22,0,11,0,17,0,0,0,0,0,42,0,0,0,0,0,0,0,6,0,0,0,0,0,0,0,0,0,0,0,0,0,13,0,0,0,0,0,0,0,0,0,0,0,0,0,0,0,0,0,0,0,0,0,0,0,0,0,0,0,0,0,0,0,0,0,0,0,0,0,55,0,0,0,0,0,66,0,0,0,0,0,0,0,0,0,0,0,0,0,0,0,0,0,176,0,207,0,167,0,10,0,0,0,0,0,27,0,0,0,91,0,312,0,72,0,53,0,143,0,0,322,296,0,20,0,55,0,12,0,43,0,0,0,7,0,0,0,0,0,0,0,9,0,0,0,12,0,0,0,0,0,35,0,76,13,0,0,0,258,0,0,0,1555,238,1053,210,0,0,0
28,192,72,0,16,3,0,0,27,309,15,0,35,0,59,0,17,0,0,0,16,0,63,0,480,355,0,0,13,0,0,0,0,0,0,0,0,0,0,0,0,0,0,0,0,0,0,0,25,0,0,0,87,0,481,146,62,0,38,0,150,0,379,95,62,0,56,0,0,0,0,0,0,0,0,0,0,0,0,0,0,0,0,0,0,4,0,0,0,0,0,0,0,0,0,0,0,0,0,0,0,0,1,0,0,0,0,0,0,0,0,0,0,0,0,0,0,0,0,0,0,0,0,0,115,0,0,0,7,0,322,0,0,0,0,0,0,0,0,0,0,0,0,0,0,0,0,0,66,0,0,0,0,0,0,0,0,0,0,0,60,0,0,0,0,0,0,0,4,0,91,0,99,0,0,0,121,97,0,0,0,0,0,0,0,0,0,0,0,0,0,0,0,0,0,0,0,0,0,0,0,0,0,0,0,0,0,0,0,0,1172,75,465,556,583,23,9,0,7,0,0,0,0,0,0
102,26,0,117,0,97,0,0,184,12,0,30,0,32,0,231,0,11,0,79,0,0,0,35,195,419,0,0,0,77,0,0,0,0,0,0,0,0,0,393,0,0,0,0,0,9,0,0,0,0,0,0,0,82,0,135,0,54,0,111,0,384,102,687,0,9,0,32,0,1,0,0,0,0,0,0,0,0,0,0,0,0,0,0,0,0,0,0,0,0,0,0,0,0,0,0,0,0,0,0,0,0,0,0,0,0,0,0,0,0,0,0,0,0,0,0,0,0,0,0,0,0,0,0,0,78,0,44,0,0,0,99,0,0,0,0,0,24,0,0,0,0,0,9,0,0,0,23,0,53,0,52,0,0,0,16,0,0,0,0,0,94,0,2,0,0,0,4,0,23,0,138,0,148,0,0,59,69,0,0,0,0,0,0,0,0,0,0,0,0,0,0,0,0,0,0,0,0,0,0,0,0,0,0,0,0,0,24,0,72,18,0,10,2,444,0,0,0,1268,56,462,0,0,0,0
100,0,26,0,78,0,27,184,0,606,50,0,40,0,40,0,0,0,23,0,0,0,14,0,27,263,0,0,0,0,0,0,0,0,0,0,0,0,0,0,13,0,0,0,0,0,49,0,14,0,0,0,71,91,76,495,35,42,37,0,156,0,133,113,223,0,113,174,0,0,0,0,0,0,0,0,0,0,0,0,0,0,0,0,0,0,0,0,0,0,0,0,0,0,2,0,0,0,0,0,0,0,0,0,0,0,0,0,0,0,0,0,0,0,0,0,0,0,0,0,0,0,0,0,77,0,0,0,0,0,141,0,0,0,4,0,0,0,0,0,0,0,0,0,0,1,83,0,264,0,56,0,60,0,0,0,20,0,0,0,23,0,0,0,0,0,0,0,5,0,53,0,31,0,0,0,398,152,0,0,0,0,14,0,110,12,0,0,0,0,0,0,0,0,0,0,0,0,0,0,0,0,0,0,0,0,0,0,0,0,1047,100,218,389,567,36,0,0,0,0,3,0,0,0,0
0,68,0,3,0,96,309,12,606,0,0,85,0,63,0,22,0,1,0,29,0,0,0,0,220,13,0,79,0,0,0,0,0,0,0,0,0,0,0,0,0,0,0,6,0,0,0,44,0,3,0,0,146,161,430,65,0,51,0,83,23,270,191,204,0,109,39,120,0,0,0,0,0,0,0,0,0,1,0,0,0,0,0,0,0,0,0,0,0,0,0,0,0,1,0,0,0,0,0,0,0,0,0,0,0,0,0,0,0,0,0,0,0,0,0,0,0,0,0,0,0,0,0,0,0,69,0,0,0,0,0,113,0,9,0,0,0,11,0,0,0,5,0,0,0,0,0,58,0,214,0,68,0,143,0,95,6,137,0,5,0,51,0,4,0,1,0,0,0,19,0,98,0,19,0,19,138,446,0,0,0,0,0,7,0,154,0,1,0,0,0,0,0,0,0,0,0,0,0,0,0,0,0,0,0,0,0,17,0,37,16,0,0,0,417,0,0,0,974,126,354,245,0,0,0
160,0,45,0,125,0,15,0,50,0,0,57,363,0,14,272,21,0,0,0,58,0,34,59,0,0,0,0,60,0,170,0,553,0,25,0,214,0,195,0,62,0,0,0,0,0,60,0,8,2,0,0,3,0,0,0,0,0,0,0,4,0,1,0,0,0,0,0,0,0,0,0,0,0,0,0,0,0,0,0,0,0,0,0,0,0,0,0,0,0,0,0,0,0,0,0,0,0,0,0,0,0,0,0,0,0,0,0,0,0,0,0,0,0,0,0,0,0,0,0,0,0,0,0,0,0,0,0,0,0,0,0,0,0,0,0,0,0,0,0,0,0,0,0,0,0,0,0,46,0,0,0,71,0,0,0,0,0,0,0,0,0,0,0,0,0,115,0,17,0,27,0,105,0,0,0,244,31,95,0,61,0,103,0,35,0,12,0,0,0,0,0,0,0,0,0,0,0,0,0,0,0,0,0,0,0,0,0,3,0,701,215,258,44,72,1,0,0,0,11,0,0,0,0,0
0,397,0,22,195,136,0,30,0,85,57,0,0,419,340,17,17,50,0,15,169,87,213,187,0,0,0,125,0,32,35,117,0,530,10,194,0,330,0,235,0,126,0,10,0,26,0,220,0,68,0,0,0,11,0,0,0,0,0,0,0,0,0,8,0,31,0,5,0,0,0,0,0,0,0,17,0,0,0,0,0,44,0,0,0,0,0,27,0,0,0,3,0,0,0,30,0,0,0,0,0,0,0,0,0,0,0,2,0,0,0,0,0,0,0,0,0,0,0,0,0,62,0,0,0,0,0,0,0,0,0,11,0,0,0,0,0,0,0,0,0,0,0,25,0,0,0,32,0,61,0,192,0,127,0,8,0,0,0,0,0,0,0,0,0,13,8,85,0,17,0,25,0,92,0,0,171,334,0,33,0,165,0,26,0,24,0,13,0,0,0,0,0,0,0,0,0,0,0,0,0,0,0,0,0,0,0,0,0,0,33,0,0,0,119,0,0,0,1618,388,532,0,0,0,0
212,0,177,0,532,236,35,0,40,0,363,0,0,777,72,0,0,0,70,408,39,60,0,0,0,0,57,714,0,0,25,9,0,0,138,0,139,0,0,0,196,66,131,50,33,25,182,147,11,0,519,0,4,0,0,0,0,0,1,0,0,0,4,0,14,0,0,0,0,0,0,0,0,0,0,0,0,0,0,0,0,0,0,0,0,0,0,0,0,0,0,0,0,0,0,0,0,0,0,0,0,0,0,0,0,0,0,0,0,0,0,0,0,0,0,0,0,0,0,0,0,0,3,0,33,0,0,0,0,0,52,0,0,0,0,0,0,0,0,0,0,0,0,0,0,0,0,0,66,0,0,0,0,0,0,0,2,0,0,0,0,0,0,0,73,0,36,0,27,2,0,0,17,0,0,0,515,107,184,0,168,0,109,0,55,0,89,39,0,0,0,0,0,0,0,0,0,0,0,0,0,0,0,0,0,0,0,0,0,0,505,663,410,0,31,0,0,0,0,30,0,0,0,0,0
0,217,0,51,166,287,0,32,0,63,0,419,777,0,142,0,0,0,833,61,329,176,0,0,0,4,605,96,0,0,26,47,0,0,66,320,0,113,0,0,319,283,74,112,26,25,0,290,0,61,121,362,0,0,0,0,0,0,0,0,0,0,0,0,0,0,0,0,0,0,0,0,0,0,0,0,0,0,0,0,0,0,0,0,0,0,0,0,0,0,0,0,0,0,0,5,0,0,0,7,0,0,0,2,0,0,0,0,0,0,0,0,0,0,0,0,0,0,0,0,0,0,0,0,0,18,0,0,0,0,0,0,0,0,0,0,0,0,0,0,0,0,0,0,0,0,0,0,0,0,0,0,0,0,0,0,0,0,0,0,0,0,0,0,0,0,0,23,0,69,0,11,0,28,0,0,196,431,11,12,0,25,0,2,0,0,49,50,0,0,0,0,0,0,0,12,0,0,0,0,0,0,0,0,0,0,0,0,0,0,0,0,0,0,0,0,0,0,547,590,510,0,0,0,0
22,0,158,0,204,522,59,0,40,0,14,340,72,142,0,689,35,0,207,342,157,130,457,74,101,0,134,0,0,0,147,0,68,86,136,0,74,51,0,0,11,0,0,0,18,0,59,0,4,2,16,0,12,0,220,0,0,0,0,0,8,0,12,0,0,0,0,1,0,0,0,0,0,0,5,0,0,0,0,0,0,0,0,0,0,0,6,1,0,0,0,0,0,0,0,0,18,0,0,3,0,0,0,0,0,0,0,0,0,0,0,0,0,0,0,0,0,0,0,0,0,0,0,0,143,0,0,0,0,0,27,0,84,0,450,0,203,0,0,0,0,0,0,0,0,0,168,0,127,0,142,0,0,0,4,0,0,0,0,0,41,0,1,0,6,0,49,0,0,0,9,0,0,0,0,0,117,60,1,2,0,0,19,0,94,0,0,0,0,0,0,0,0,0,0,0,0,0,29,0,0,0,0,0,0,0,0,0,139,0,176,139,75,0,36,1,0,0,0,15,0,0,0,0,0
0,67,273,281,448,292,0,231,0,22,272,17,0,0,689,0,59,48,66,364,479,210,565,256,29,181,0,101,0,0,116,92,0,80,0,35,0,67,0,15,0,0,0,14,0,0,0,0,1,0,2,17,0,0,0,63,0,17,0,0,0,0,0,8,0,32,0,0,0,0,0,0,0,0,0,0,0,11,0,0,0,0,0,16,0,0,0,0,0,3,0,3,0,0,0,0,0,51,0,0,0,16,0,0,0,0,0,41,0,0,0,0,0,0,0,0,0,0,0,0,0,24,0,9,0,64,0,0,0,0,0,78,0,0,0,441,0,300,0,0,0,0,0,0,0,0,0,62,0,188,0,201,0,117,0,22,0,0,0,0,0,0,0,0,0,0,0,42,0,9,0,18,0,18,0,0,167,58,0,0,0,19,0,2,0,23,0,0,0,0,0,0,0,0,0,0,0,0,0,81,0,32,0,0,0,0,0,63,0,420,98,19,0,0,0,0,0,0,223,445,76,0,0,0,0
59,129,24,94,15,0,17,0,0,0,21,17,0,0,35,59,0,99,164,0,363,0,145,264,167,208,316,0,683,0,154,0,67,0,0,0,0,16,321,0,0,0,0,0,0,0,0,0,0,0,0,0,60,4,34,0,14,0,0,0,12,16,511,0,0,0,0,0,0,0,0,0,0,0,0,0,0,0,0,0,0,0,0,0,19,0,0,0,0,0,71,0,0,0,0,0,247,0,0,0,8,0,0,0,0,0,84,0,0,0,0,0,0,0,0,0,0,0,0,0,0,0,0,0,0,0,0,0,115,0,13,0,65,0,533,0,466,0,37,0,0,0,721,0,0,0,0,0,0,0,0,0,0,0,62,0,0,0,41,0,0,0,0,0,0,0,0,0,10,0,7,0,49,8,0,0,44,18,0,0,0,0,0,0,0,0,0,0,0,0,2,0,0,0,0,0,0,0,46,0,348,0,0,0,0,0,0,0,28,0,133,507,124,46,49,0,0,0,0,2,0,0,0,0,0
168,106,0,8,0,0,0,11,0,1,0,50,0,0,0,48,99,0,0,0,0,354,107,187,311,145,0,0,6,193,0,44,1,83,0,7,0,0,33,216,0,0,0,0,0,0,0,0,0,0,0,0,0,32,0,44,0,43,0,0,11,36,29,378,0,0,0,0,0,0,0,3,0,0,0,0,0,0,0,0,0,0,0,17,0,18,0,0,0,0,0,11,0,0,0,0,0,60,0,16,0,10,0,0,0,0,0,28,0,0,0,0,0,0,0,0,0,0,0,0,0,11,0,3,0,0,0,0,0,0,0,0,0,0,0,526,0,269,0,199,0,103,0,198,0,0,0,0,0,0,0,0,0,0,0,32,0,0,0,0,0,0,0,0,0,0,0,0,0,0,2,9,0,2,0,0,0,16,0,0,0,0,0,0,0,0,0,0,0,0,0,0,0,0,0,0,0,0,0,0,0,28,0,0,0,0,0,0,0,78,0,0,4,0,10,0,0,0,49,579,25,11,0,0,0
10,0,60,0,46,220,0,0,23,0,0,0,70,833,207,66,164,0,0,404,211,133,433,0,0,0,262,495,0,0,13,0,7,0,330,0,87,0,0,0,12,0,45,29,70,0,73,0,0,0,334,28,8,0,244,0,0,0,0,0,2,0,48,0,0,0,0,0,0,0,0,0,0,0,28,0,0,0,0,0,0,0,0,0,0,0,0,0,0,0,71,0,0,0,0,0,246,0,0,0,0,0,0,0,0,0,0,0,0,0,0,0,0,0,0,0,0,0,0,0,0,0,0,0,0,0,0,0,0,0,0,0,0,0,615,0,0,0,0,0,0,0,0,0,0,0,0,0,0,0,101,0,0,0,0,0,0,0,0,0,0,0,0,0,22,0,14,0,0,2,0,0,0,0,0,0,73,65,2,0,0,0,24,0,0,0,0,25,0,0,0,0,0,0,0,0,0,0,0,0,0,0,0,0,0,0,0,0,207,0,228,329,124,0,20,0,0,0,0,0,0,0,0,0,0
0,48,0,89,0,127,0,79,0,29,0,15,408,61,342,364,0,0,404,0,415,380,0,294,0,62,87,436,0,0,76,81,0,0,88,288,0,184,0,0,0,0,0,43,0,10,0,24,0,0,27,199,0,9,0,62,0,0,0,0,0,0,0,0,0,18,0,0,0,0,0,0,0,0,0,0,0,0,0,0,0,118,0,0,0,177,0,45,0,0,0,41,0,0,0,0,0,248,0,87,0,122,0,0,0,0,0,130,0,0,0,0,0,0,0,0,0,0,0,0,0,0,0,4,0,0,0,0,0,0,0,0,0,0,0,872,0,0,0,112,0,132,0,176,0,0,0,0,0,77,0,0,0,0,0,0,0,0,0,0,0,0,0,0,0,48,0,54,0,32,0,0,0,0,0,0,62,23,0,4,0,15,0,0,0,16,4,6,0,0,0,0,0,0,0,0,0,0,0,0,0,0,0,0,0,0,0,0,0,321,0,0,0,0,0,0,0,0,221,232,97,0,0,0,0
0,0,30,0,175,328,16,0,0,0,58,169,39,329,157,479,363,0,211,415,0,131,190,49,25,0,145,147,109,0,189,46,18,50,102,84,11,21,0,0,0,9,0,11,27,0,0,24,2,1,41,0,19,0,65,0,0,0,0,0,3,0,133,0,0,0,0,0,0,0,30,0,0,0,0,0,0,0,0,0,0,0,0,0,199,0,0,0,0,0,199,0,0,0,0,0,795,0,174,0,31,0,0,0,0,0,192,0,0,0,0,0,0,0,0,0,0,0,0,0,0,0,20,0,0,0,0,0,0,0,0,0,41,0,383,0,261,0,50,0,159,0,704,0,25,0,0,0,0,0,12,0,0,0,0,0,0,0,9,0,0,0,0,0,0,0,18,0,20,0,3,0,9,0,0,0,52,18,19,0,0,0,0,0,2,0,1,12,0,0,0,0,0,0,0,0,0,0,0,0,325,0,0,0,0,0,26,0,62,0,241,404,95,17,10,0,0,0,0,0,0,0,0,0,0
0,0,0,18,67,168,0,0,0,0,0,87,60,176,130,210,0,354,133,380,131,0,0,447,0,155,0,265,0,58,22,61,5,66,0,70,0,40,0,9,0,0,0,105,0,0,0,0,0,0,10,81,0,36,0,62,0,0,0,4,0,0,0,211,0,0,0,0,0,2,0,0,0,0,0,0,0,29,0,0,0,191,0,135,0,345,0,49,0,0,0,32,0,0,0,0,0,168,0,149,0,144,0,0,0,0,0,70,0,0,0,0,0,0,0,0,0,0,0,0,0,0,0,22,0,0,0,0,0,0,0,0,0,0,0,748,0,0,0,367,0,528,0,563,0,101,0,0,0,0,0,0,0,0,0,45,0,6,0,41,0,0,0,0,0,7,0,9,0,0,0,0,0,7,0,0,0,12,6,19,0,0,0,0,0,0,0,41,0,0,0,0,0,0,0,0,0,0,0,0,0,0,0,0,0,0,0,0,0,0,0,0,0,0,0,0,0,0,249,375,50,12,0,0,0
68,216,865,303,216,280,63,0,14,0,34,213,0,0,457,565,145,107,433,0,190,0,0,672,144,86,341,0,41,0,57,0,0,78,0,0,10,55,42,93,0,0,0,0,0,0,45,0,0,0,0,0,0,0,201,0,28,0,0,0,0,0,9,0,0,0,0,0,0,0,0,0,0,0,0,0,0,0,0,0,0,0,0,0,1,0,0,0,0,0,0,0,1,0,0,0,0,0,0,0,0,0,0,0,0,0,0,0,0,0,0,0,0,0,0,0,0,0,0,0,0,0,0,0,139,0,74,0,0,0,36,0,0,0,272,0,174,0,0,0,0,0,0,0,0,0,160,0,67,0,80,0,0,0,10,0,1,0,0,0,43,0,0,0,1,0,5,0,0,0,5,0,13,9,0,0,169,83,0,0,0,0,6,0,32,0,0,0,0,0,0,0,0,0,1,0,0,0,32,0,22,0,0,0,0,0,0,0,120,0,43,266,52,0,27,0,0,0,0,18,29,0,0,0,0
332,43,415,318,0,140,0,35,0,0,59,187,0,0,74,256,264,187,0,294,49,447,672,0,306,271,0,88,42,122,0,65,0,56,0,18,0,28,91,24,0,0,0,0,0,0,0,0,0,0,0,0,0,16,0,76,0,11,0,4,0,0,0,83,0,0,0,0,0,0,0,0,0,7,0,0,0,0,0,0,0,52,0,47,0,86,0,19,0,19,0,7,0,0,0,30,0,81,0,35,0,39,0,0,0,0,0,44,0,0,0,0,0,0,0,0,0,0,0,0,0,31,0,0,0,0,0,0,0,0,0,0,0,72,0,490,0,223,0,59,0,0,0,133,0,0,0,0,0,0,0,0,0,0,0,14,0,0,0,0,0,0,0,0,0,0,0,6,0,12,0,0,33,12,0,0,100,62,0,4,0,0,0,0,0,0,0,0,0,0,0,0,0,0,0,0,0,0,0,0,0,0,0,0,0,0,0,0,0,157,0,5,0,0,0,0,0,0,62,935,0,0,0,0,0
11,537,370,101,0,0,480,195,27,220,0,0,0,0,101,29,167,311,0,0,25,0,144,306,0,962,0,0,46,0,0,0,1,0,0,0,0,35,98,96,0,0,0,0,0,0,0,0,0,0,0,0,24,0,170,87,62,0,0,0,20,64,187,250,0,0,0,0,0,0,0,0,0,0,0,0,0,0,0,0,0,0,0,0,0,0,0,0,0,0,0,0,0,0,0,0,0,0,0,0,0,0,0,0,0,0,0,0,0,0,0,0,0,0,0,0,0,0,0,0,0,0,0,0,56,0,29,0,0,0,29,0,97,0,145,0,224,0,0,0,0,0,0,0,0,0,0,0,0,0,0,0,0,0,45,0,0,0,22,0,70,0,0,0,0,0,0,0,0,0,11,8,35,20,0,0,62,67,0,0,0,0,0,0,0,0,0,0,0,0,0,0,0,0,0,0,0,0,10,0,21,0,0,0,0,0,5,0,32,0,152,441,77,0,67,0,0,0,45,2,33,0,0,0,0
430,48,252,198,0,10,355,419,263,13,0,0,0,4,0,181,208,145,0,62,0,155,86,271,962,0,0,0,0,86,0,0,0,0,0,0,0,14,81,85,0,0,0,0,0,0,0,0,0,0,0,0,31,23,30,94,0,26,0,4,42,74,164,181,0,0,0,1,0,0,0,0,0,0,0,0,0,0,0,0,0,0,0,0,0,3,0,0,0,0,0,0,0,0,0,0,0,3,0,0,0,0,0,0,0,0,0,0,0,0,0,0,0,0,0,0,0,0,0,0,0,0,0,0,0,37,0,32,0,0,0,29,0,0,0,59,0,71,0,22,0,0,0,13,0,0,0,2,0,0,0,0,0,0,0,14,0,0,0,0,0,75,0,0,0,0,0,1,0,2,3,13,0,13,0,0,111,59,0,0,0,0,0,0,0,0,0,0,0,0,0,0,0,0,0,0,0,0,0,0,0,0,0,0,0,0,0,0,0,134,27,0,0,0,22,0,0,0,77,265,74,22,1,0,0
13,0,44,0,59,0,0,0,0,0,0,0,57,605,134,0,316,0,262,87,145,0,341,0,0,0,0,736,40,0,61,0,24,0,60,0,47,0,0,0,14,188,340,71,328,54,100,427,12,0,408,0,0,0,0,0,0,0,0,0,10,0,0,0,0,0,0,0,0,0,83,0,0,0,117,0,0,0,0,0,0,0,0,0,309,0,0,0,0,0,311,0,0,0,0,0,923,0,339,0,0,0,0,0,0,0,316,0,0,0,0,0,0,0,0,0,0,0,0,0,0,0,0,0,0,0,0,0,0,0,0,0,0,0,750,0,0,0,0,0,189,0,0,0,77,0,0,0,0,0,0,0,0,0,0,0,0,0,0,0,0,0,0,0,124,0,9,0,0,0,0,0,7,0,0,0,26,29,0,0,0,0,31,0,0,0,26,41,0,0,0,0,0,0,0,0,0,0,0,0,343,0,0,0,0,0,0,0,260,0,62,497,280,0,19,0,0,9,0,25,0,0,0,0,0
0,187,0,86,0,383,0,0,0,79,0,125,714,96,0,101,0,0,495,436,147,265,0,88,0,0,736,0,0,0,0,0,0,17,42,140,0,157,0,3,636,8,118,330,52,485,140,158,0,24,185,480,0,0,0,0,0,14,0,0,0,0,0,0,0,0,0,0,0,0,0,0,0,0,0,0,0,0,0,0,0,149,0,0,0,0,0,66,0,42,0,30,0,0,0,0,0,0,0,112,0,137,0,0,0,0,0,106,0,0,0,0,0,2,0,0,0,0,0,0,0,0,0,0,0,0,0,0,0,0,0,0,0,0,0,0,0,0,0,0,0,0,0,210,0,0,0,0,0,0,0,0,0,0,0,16,0,0,0,0,0,0,0,0,0,104,0,14,0,85,0,0,0,11,0,0,77,91,15,0,0,17,0,0,0,0,79,37,0,0,0,0,0,0,0,0,0,0,0,0,0,0,0,0,0,0,0,0,0,184,0,18,0,0,0,0,0,0,182,604,425,22,3,0,2
193,0,309,0,90,0,13,0,0,0,60,0,0,0,0,0,683,6,0,0,109,0,41,42,46,0,40,0,0,0,89,0,21,0,6,0,13,0,5,0,0,0,11,0,0,0,0,0,0,0,0,0,24,0,16,0,3,0,0,0,0,0,103,0,0,0,0,0,0,0,3,0,0,0,5,0,0,0,0,0,0,0,0,0,25,0,0,0,0,0,19,0,0,0,0,0,114,0,0,0,3,0,0,0,0,0,11,0,0,0,0,0,0,0,0,0,0,0,0,0,0,0,0,0,0,0,0,0,27,0,0,0,0,0,0,0,91,0,101,0,105,0,216,0,16,0,0,0,0,0,0,0,0,0,15,0,0,0,9,0,0,0,0,0,0,0,0,0,0,0,3,0,0,0,0,0,52,0,0,0,0,0,0,0,4,0,0,0,0,0,0,0,0,0,0,0,0,0,0,0,42,0,0,0,0,0,0,0,0,0,14,99,3,2,0,0,0,0,0,1,0,0,0,0,0
0,117,0,170,0,54,0,77,0,0,0,32,0,0,0,0,0,193,0,0,0,58,0,122,0,86,0,0,0,0,0,46,0,39,0,60,0,4,0,25,0,0,0,0,0,0,0,0,0,0,0,14,0,62,0,44,0,25,0,0,0,0,0,205,0,0,0,0,0,0,0,0,0,0,0,0,0,0,0,0,0,0,0,0,0,33,0,0,0,0,0,0,0,0,0,0,0,0,0,0,0,11,0,0,0,0,0,0,0,0,0,0,0,0,0,0,0,0,0,0,0,0,0,0,0,0,0,0,0,5,0,0,0,25,0,230,0,0,0,206,0,157,0,136,0,10,0,0,0,0,0,0,0,0,0,27,0,0,0,37,0,0,0,0,0,0,0,0,0,2,0,0,0,0,0,0,0,0,0,0,0,0,0,0,0,0,0,0,0,0,0,0,0,0,0,0,0,0,0,0,0,0,0,0,0,0,0,0,0,26,0,0,0,0,0,0,0,0,0,25,2,0,0,0,0
0,0,239,0,447,79,0,0,0,0,170,35,25,26,147,116,154,0,13,76,189,22,57,0,0,0,61,0,89,0,0,11,11,0,16,0,9,0,4,0,0,0,25,0,0,0,4,0,0,0,17,0,0,0,11,0,8,0,0,0,5,0,52,0,0,0,0,0,0,0,27,0,0,0,31,0,0,0,0,0,0,0,0,0,140,0,0,0,0,0,51,0,0,0,0,0,291,0,90,0,0,0,0,0,0,0,30,0,0,0,0,0,0,0,0,0,0,0,0,0,0,0,36,0,0,0,0,0,0,0,0,0,0,0,29,0,131,0,98,0,233,0,427,0,29,0,0,0,0,0,0,0,0,0,13,0,0,0,0,0,0,0,0,0,3,0,15,0,0,0,1,0,10,0,0,0,109,11,32,0,0,0,0,0,0,0,0,0,0,0,0,0,0,0,0,0,0,0,0,0,0,0,0,0,0,0,0,0,0,0,27,202,39,0,5,0,0,0,0,0,0,0,0,0,0
0,0,0,21,0,249,0,0,0,0,0,117,9,47,0,92,0,44,0,81,46,61,0,65,0,0,0,0,0,46,11,0,0,23,0,24,0,10,0,6,0,0,0,5,0,0,0,0,0,0,0,12,0,16,0,14,0,8,0,0,0,0,0,48,0,0,0,0,0,0,0,0,0,0,0,0,0,0,0,0,0,53,0,0,0,0,0,11,0,0,0,0,0,0,0,0,0,0,0,37,0,0,0,0,0,0,0,0,0,0,0,0,0,0,0,0,0,0,0,0,0,0,0,0,0,0,0,0,0,0,0,0,0,0,0,143,0,0,0,186,0,262,0,253,0,63,0,0,0,0,0,0,0,0,0,17,0,0,0,0,0,0,0,0,0,2,0,26,0,11,0,0,0,6,0,0,0,19,0,21,0,0,0,0,0,0,0,11,0,0,0,0,0,0,0,0,0,0,0,0,0,0,0,0,0,0,0,0,0,0,0,0,0,0,0,0,0,0,31,101,37,0,0,0,0
47,0,129,0,426,0,0,0,0,0,553,0,0,0,68,0,67,1,7,0,18,5,0,0,1,0,24,0,21,0,11,0,0,0,11,0,94,0,5,0,0,0,24,0,0,0,0,0,0,0,16,0,1,0,0,0,0,0,0,0,10,0,0,0,0,0,0,0,0,0,0,0,0,0,0,0,0,0,0,0,0,0,1,0,0,0,0,0,0,0,0,0,0,0,0,0,0,0,0,0,0,0,0,0,0,0,0,0,0,0,0,0,0,0,0,0,0,0,0,0,0,0,0,0,0,0,0,0,0,0,0,0,0,0,0,0,0,0,18,0,41,0,0,0,0,0,0,0,0,0,0,0,0,0,0,0,1,0,2,0,0,0,0,0,0,0,43,0,0,0,0,0,17,0,0,0,200,0,94,0,0,0,39,0,0,0,0,0,0,0,0,0,0,0,0,0,0,0,0,0,0,0,0,0,0,0,0,0,0,0,13,257,49,0,1,0,0,0,0,0,0,0,0,0,0
0,116,0,261,0,462,0,0,0,0,0,530,0,0,86,80,0,83,0,0,50,66,78,56,0,0,0,17,0,39,0,23,0,0,0,74,0,33,0,2,0,0,0,14,0,0,0,0,0,0,0,21,0,6,0,9,0,6,0,0,0,11,0,45,0,0,0,0,0,0,0,0,0,0,0,0,0,0,0,0,0,0,0,0,0,0,0,0,0,0,0,0,0,0,0,0,0,0,0,0,0,0,0,0,0,0,0,0,0,0,0,0,0,0,0,0,0,0,0,0,0,0,0,0,0,0,0,0,0,0,0,0,0,0,0,91,0,0,0,52,0,35,0,44,0,0,0,0,0,0,0,0,0,0,0,33,0,46,0,22,0,0,0,0,0,0,0,7,0,0,0,0,0,0,0,0,15,0,0,24,0,0,0,0,0,0,0,0,0,0,0,0,0,0,0,0,0,0,0,0,0,0,0,0,0,0,0,0,0,39,0,0,0,0,0,0,0,0,20,228,7,7,0,0,0
0,0,0,0,221,0,0,0,0,0,25,10,138,66,136,0,0,0,330,88,102,0,0,0,0,0,60,42,6,0,16,0,11,0,0,0,91,0,0,0,0,0,16,0,7,0,0,0,0,0,40,0,0,0,0,0,0,0,0,0,0,0,2,0,0,0,0,0,0,0,1,0,0,0,0,0,0,0,0,0,0,0,0,0,0,0,0,0,0,0,0,0,0,0,0,0,0,0,0,0,0,0,0,0,0,0,0,0,0,0,0,0,0,0,0,0,0,0,0,0,4,0,4,0,0,0,0,0,0,0,0,0,0,0,0,0,0,0,0,0,0,0,0,0,0,0,0,0,0,0,0,0,0,0,2,0,0,0,0,0,0,0,0,0,0,0,19,0,12,0,0,0,9,0,0,0,0,0,55,0,0,0,0,0,0,0,13,0,0,0,0,0,0,0,0,0,0,0,0,0,0,0,0,0,0,0,0,0,0,0,90,99,94,0,4,0,0,0,0,0,0,0,0,0,0
0,0,0,0,0,182,0,0,0,0,0,194,0,320,0,35,0,7,0,288,84,70,0,18,0,0,0,140,0,60,0,24,0,74,0,0,0,213,0,9,0,0,0,21,0,5,0,0,0,0,0,80,0,0,0,3,0,0,0,0,0,0,0,0,0,0,0,0,0,0,0,0,0,0,0,0,0,0,0,0,0,0,0,0,0,0,0,0,0,0,0,0,0,0,0,0,0,0,0,0,0,0,0,0,0,0,0,4,0,0,0,0,0,0,0,0,0,0,0,0,0,0,0,0,0,0,0,0,0,0,0,0,0,0,0,0,0,0,0,152,0,267,0,149,0,130,0,0,0,0,0,0,0,0,0,0,0,0,0,0,0,0,0,0,0,49,0,86,0,31,0,7,0,25,0,0,0,0,0,98,0,0,0,0,0,0,0,173,0,0,0,0,0,0,0,0,0,0,0,0,0,0,0,0,0,1,0,0,0,0,7,0,0,0,0,0,0,0,127,226,113,10,0,0,0
0,0,0,0,222,0,0,0,0,0,214,0,139,0,74,0,0,0,87,0,11,0,10,0,0,0,47,0,13,0,9,0,94,0,91,0,0,0,58,0,0,0,16,2,23,0,0,0,0,0,30,0,6,0,2,1,0,0,0,0,14,0,25,0,0,0,0,0,0,0,63,0,0,0,88,0,0,0,0,0,0,0,0,0,102,0,0,0,0,0,36,0,0,0,0,0,124,0,75,0,0,0,0,0,0,0,0,0,0,0,0,0,0,0,0,0,0,0,0,0,0,0,22,0,0,0,0,0,0,0,0,0,0,0,1,0,53,0,142,0,294,0,107,0,195,0,0,0,0,0,0,0,0,0,18,0,30,0,11,0,3,0,0,0,16,0,37,0,20,0,0,0,25,0,0,0,56,0,104,0,0,0,0,0,0,0,14,0,0,0,0,0,0,0,0,0,0,0,0,0,10,0,0,0,0,0,0,0,0,0,47,49,105,0,10,0,0,0,0,0,0,0,0,0,0
0,235,0,34,0,254,0,0,0,0,0,330,0,113,51,67,16,0,0,184,21,40,55,28,35,14,0,157,0,4,0,10,0,33,0,213,0,0,0,29,0,0,1,53,0,0,0,0,1,1,0,88,1,6,0,3,0,0,0,0,0,11,0,27,0,0,0,0,0,0,0,0,0,0,0,0,0,0,0,0,0,0,0,0,0,0,0,0,0,0,0,0,0,0,0,0,0,0,0,0,0,0,0,0,0,0,0,0,0,0,0,0,0,0,0,0,0,0,0,0,0,0,0,0,0,0,0,0,0,0,0,0,0,0,0,0,0,0,0,58,0,148,0,0,0,148,0,0,0,0,0,0,0,0,0,12,0,62,0,25,0,0,0,0,0,22,0,32,0,21,0,14,0,54,0,0,18,55,0,44,0,0,0,0,0,0,0,55,0,2,0,0,0,0,0,0,0,0,0,0,0,0,0,0,0,0,0,0,0,0,0,0,0,0,12,0,0,0,24,485,71,0,0,0,0
697,32,563,0,0,0,0,0,0,0,195,0,0,0,0,0,321,33,0,0,0,0,42,91,98,81,0,0,5,0,4,0,5,0,0,0,58,0,0,0,0,0,0,0,0,0,0,0,1,0,0,0,20,0,4,0,4,0,2,0,6,0,89,2,0,0,0,0,0,0,2,0,0,0,0,0,0,0,0,0,0,0,0,0,10,0,0,0,0,0,0,0,0,0,0,0,9,0,0,0,0,0,0,0,0,0,0,0,0,0,0,0,0,0,0,0,0,0,0,0,0,0,0,0,0,0,0,0,4,0,0,0,0,0,0,0,0,0,80,0,46,0,0,0,44,0,0,0,0,0,0,0,0,0,15,0,22,0,14,0,0,0,2,0,0,0,9,0,0,0,3,0,37,2,0,0,245,17,10,0,0,0,124,0,0,0,0,0,0,0,0,0,0,0,0,0,0,0,0,0,0,0,0,0,0,0,0,0,0,0,85,245,68,0,19,0,0,0,0,4,0,0,0,0,0
0,898,0,663,0,0,0,393,0,0,0,235,0,0,0,15,0,216,0,0,0,9,93,24,96,85,0,3,0,25,0,6,0,2,0,9,0,29,0,0,0,0,0,0,0,0,0,0,0,0,0,1,0,28,0,18,0,6,0,0,0,21,0,91,0,0,0,0,0,0,0,0,0,0,0,1,0,0,0,0,0,0,0,0,0,6,0,0,0,0,0,0,0,0,0,0,0,0,0,0,0,0,0,0,0,0,0,0,0,0,0,0,0,0,0,0,0,0,0,0,0,2,0,0,0,0,0,0,0,0,0,0,0,0,0,0,0,0,0,103,0,64,0,0,0,45,0,0,0,0,0,0,0,0,0,48,0,47,0,38,0,0,0,2,0,0,0,5,0,1,0,7,0,25,0,0,0,110,0,0,0,0,0,0,0,0,0,0,0,0,0,0,0,0,0,0,0,0,0,0,0,0,0,0,0,0,0,0,0,0,0,0,5,0,0,0,0,0,41,253,31,0,0,0,0
35,0,0,0,141,0,0,0,13,0,62,0,196,319,11,0,0,0,12,0,0,0,0,0,0,0,14,636,0,0,0,0,0,0,0,0,0,0,0,0,0,407,139,68,65,138,55,1016,86,80,45,0,0,0,0,0,0,0,0,0,0,0,0,0,0,0,0,0,0,0,0,0,0,0,0,0,2,0,0,0,0,0,0,0,0,0,0,0,0,0,0,0,4,0,0,0,0,0,0,0,0,0,6,0,0,0,0,0,0,0,0,0,0,0,0,0,0,0,0,0,0,0,0,0,0,0,0,0,0,0,0,0,0,0,0,0,0,0,0,0,0,0,0,0,0,0,0,0,0,0,0,0,0,0,0,0,0,0,0,0,0,0,0,0,53,0,1,0,0,0,0,0,0,0,0,0,130,79,39,0,71,0,23,0,0,0,174,18,0,0,0,0,0,0,0,0,0,0,0,0,0,0,0,0,0,0,0,0,0,0,0,336,76,0,0,0,0,33,0,81,9,0,0,0,0
0,23,0,12,0,40,0,0,0,0,0,126,66,283,0,0,0,0,0,0,9,0,0,0,0,0,188,8,0,0,0,0,0,0,0,0,0,0,0,0,407,0,25,15,63,66,185,162,24,217,0,13,0,0,0,0,0,0,0,0,0,0,0,0,0,0,0,0,0,0,0,0,0,0,0,0,0,0,0,0,0,0,0,0,0,0,0,0,0,0,0,0,0,0,0,1,0,0,0,0,0,0,0,0,0,0,0,0,0,0,0,0,0,0,0,0,0,1,0,0,0,0,0,0,0,0,0,0,0,0,0,0,0,0,0,0,0,0,0,0,0,0,0,0,0,0,0,0,0,0,0,0,0,0,0,0,0,0,0,0,0,0,0,0,0,21,0,0,0,0,0,0,0,0,0,0,15,138,0,23,0,0,0,0,0,0,57,16,0,0,0,0,0,0,0,0,0,0,0,0,0,0,0,0,0,0,0,0,0,0,0,21,4,0,0,0,0,0,0,117,26,0,0,0,41
0,0,0,0,0,0,0,0,0,0,0,0,131,74,0,0,0,0,45,0,0,0,0,0,0,0,340,118,11,0,25,0,24,0,16,0,16,1,0,0,139,25,0,11,143,7,107,68,43,0,45,0,0,0,0,0,0,0,5,0,0,0,0,0,0,0,0,0,0,0,45,0,0,0,0,0,0,0,0,0,0,0,0,0,0,0,0,0,0,0,37,0,0,0,0,0,81,0,98,0,17,0,0,0,0,0,0,0,0,0,0,0,0,0,0,0,0,0,0,0,0,0,0,0,0,0,0,0,0,0,0,0,0,0,0,0,0,0,0,0,0,0,0,0,0,0,0,0,0,0,0,0,0,0,3,0,0,0,0,0,0,0,0,0,52,0,36,0,8,0,0,0,12,0,0,0,7,0,0,0,0,0,0,0,3,0,110,0,0,0,0,0,0,0,0,0,0,0,0,0,0,0,0,0,0,0,0,0,0,0,0,155,114,0,0,0,0,9,0,10,0,0,0,0,0
0,0,0,0,0,0,0,0,0,6,0,10,50,112,0,14,0,0,29,43,11,105,0,0,0,0,71,330,0,0,0,5,0,14,0,21,2,53,0,0,68,15,11,0,0,111,21,40,0,16,21,107,0,0,0,0,0,0,0,0,0,0,0,0,0,0,0,0,0,0,0,13,0,0,0,0,0,0,0,0,0,0,0,0,0,66,0,0,0,0,0,0,0,0,0,0,0,0,0,0,0,0,0,0,0,0,0,0,0,0,0,0,0,0,0,0,0,0,0,0,0,0,0,28,0,0,0,0,0,0,0,0,0,0,0,0,0,0,0,0,0,198,0,223,0,137,0,0,0,0,0,0,0,0,0,0,0,0,0,0,0,0,0,0,0,43,0,14,0,53,0,0,0,26,0,0,0,17,0,0,0,0,0,0,0,0,0,106,0,0,0,0,0,0,0,0,0,0,0,0,0,0,0,0,0,0,0,0,0,0,0,0,0,0,0,0,0,0,43,175,136,0,0,0,2
0,0,14,0,0,0,0,0,0,0,0,0,33,26,18,0,0,0,70,0,27,0,0,0,0,0,328,52,0,0,0,0,0,0,7,0,23,0,0,0,65,63,143,0,0,0,251,155,165,52,61,0,0,0,0,0,0,0,11,1,0,0,0,0,0,0,0,0,0,0,87,0,4,0,108,0,0,0,0,0,0,0,0,0,0,0,52,0,0,0,107,0,0,0,0,0,445,0,0,0,24,0,12,0,0,0,0,0,0,0,0,0,0,0,0,0,0,0,0,0,0,0,0,0,0,0,0,0,0,0,3,0,0,0,0,0,0,0,0,0,225,0,0,0,0,0,0,0,0,0,0,0,0,0,0,0,0,0,0,0,0,0,0,0,231,0,21,0,115,0,0,0,20,0,0,0,0,7,8,0,0,0,0,0,0,0,72,0,0,0,0,0,0,0,0,0,0,0,0,0,0,0,9,0,0,0,0,0,21,0,13,177,238,12,9,0,0,69,0,27,10,1,0,0,2
0,29,0,5,0,0,0,9,0,0,0,26,25,25,0,0,0,0,0,10,0,0,0,0,0,0,54,485,0,0,0,0,0,0,0,5,0,0,0,0,138,66,7,111,0,0,89,221,28,161,0,112,0,0,0,0,0,6,0,0,0,0,0,0,0,0,0,0,0,0,0,0,0,0,0,0,0,11,0,0,0,65,0,31,0,35,0,0,0,8,0,0,0,8,0,31,0,0,0,0,0,0,0,16,0,0,0,16,0,0,0,0,0,0,0,0,0,0,0,0,0,0,0,0,0,5,0,0,0,0,0,0,0,0,0,0,0,0,0,0,0,0,0,93,0,41,0,0,0,0,0,0,0,0,0,0,0,0,0,0,0,0,0,0,0,194,0,6,0,155,0,12,0,21,0,0,8,41,0,0,0,0,0,0,0,0,0,63,0,0,0,0,0,0,0,55,0,0,0,0,0,0,0,0,0,0,0,0,0,0,0,8,0,0,0,0,0,0,17,362,330,4,0,0,65
35,0,60,0,120,0,0,0,49,0,60,0,182,0,59,0,0,0,73,0,0,0,45,0,0,0,100,140,0,0,4,0,0,0,0,0,0,0,0,0,55,185,107,21,251,89,0,454,114,92,36,0,6,0,0,0,0,0,0,0,0,0,7,0,11,0,0,0,0,0,0,0,0,0,0,0,0,0,0,0,0,0,0,0,0,0,0,0,0,0,0,0,0,0,0,0,0,0,0,0,0,0,0,0,0,0,0,0,0,0,0,0,0,0,0,0,0,0,0,0,0,0,0,0,0,0,0,0,0,0,0,0,0,0,0,0,0,0,0,0,0,0,0,0,0,0,0,0,56,0,0,0,0,0,0,0,0,0,0,0,0,0,0,0,155,0,0,0,0,0,0,0,3,0,0,0,51,20,52,0,92,0,114,0,0,0,74,4,0,1,0,0,0,0,0,0,0,0,0,0,0,0,0,0,0,0,0,0,0,0,13,602,165,0,0,0,0,49,0,60,13,0,0,0,7
0,160,0,28,0,220,0,0,0,44,0,220,147,290,0,0,0,0,0,24,24,0,0,0,0,0,427,158,0,0,0,0,0,0,0,0,0,0,0,0,1016,162,68,40,155,221,454,0,101,139,51,67,0,0,0,0,0,0,0,2,0,0,0,0,0,0,0,0,0,0,0,0,0,0,0,0,0,0,0,0,0,0,0,0,0,0,0,0,0,0,0,0,0,0,0,6,0,0,0,0,0,0,0,0,0,0,0,0,0,0,0,0,0,0,0,0,0,0,0,0,0,0,0,0,0,0,0,0,0,0,0,0,0,0,0,0,0,0,0,0,0,0,0,0,0,0,0,0,0,0,0,0,0,0,0,0,0,0,0,0,0,0,0,0,0,0,0,0,0,0,0,0,0,0,0,0,34,104,0,0,0,3,0,0,0,0,125,20,0,0,0,0,0,0,0,0,0,0,0,0,0,0,0,0,0,0,0,0,0,0,0,56,0,0,0,0,0,5,0,893,156,0,0,0,86
0,0,5,0,4,2,25,0,14,0,8,0,11,0,4,1,0,0,0,0,2,0,0,0,0,0,12,0,0,0,0,0,0,0,0,0,0,1,1,0,86,24,43,0,165,28,114,101,0,67,3,0,1,0,11,0,13,0,9,0,15,1,0,0,0,0,0,0,13,0,0,0,0,0,0,0,16,0,5,0,0,0,32,1,0,0,6,0,31,0,4,0,23,0,24,0,10,1,0,0,28,0,71,0,30,0,31,0,7,0,0,0,0,0,0,0,0,0,0,0,0,0,0,0,0,0,0,0,0,0,0,0,0,0,0,0,0,0,0,0,5,0,0,0,0,0,0,0,0,0,9,0,23,0,2,0,2,0,0,0,3,0,4,0,35,0,0,0,5,0,5,0,4,0,12,0,85,8,22,0,32,1,15,0,8,0,150,0,57,0,7,0,31,0,22,0,0,0,13,0,17,0,17,0,36,0,4,0,0,0,47,51,127,0,46,1,0,14,0,22,3,0,0,0,7
0,14,0,0,0,4,0,0,0,3,2,68,0,61,2,0,0,0,0,0,1,0,0,0,0,0,0,24,0,0,0,0,0,0,0,0,0,1,0,0,80,217,0,16,52,161,92,139,67,0,0,10,0,0,0,0,0,0,0,0,0,0,0,0,0,0,0,0,0,0,0,0,0,0,0,0,0,0,0,0,0,0,0,4,0,0,0,0,0,2,0,0,0,2,0,0,0,0,0,0,0,0,0,2,0,9,0,3,0,0,0,0,0,0,0,0,0,0,0,0,0,0,0,0,0,0,0,0,0,0,0,0,0,0,0,0,0,0,0,0,1,0,0,0,0,0,0,0,0,0,0,7,0,0,0,0,0,0,0,0,0,0,0,0,0,37,0,1,0,9,0,1,0,1,0,0,0,72,0,5,0,0,0,0,0,0,49,32,0,6,0,2,0,0,0,0,0,0,0,0,0,1,0,0,0,13,0,0,0,1,0,34,0,0,1,0,0,1,2,0,5,0,0,0,27
0,0,0,0,0,0,0,0,0,0,0,0,519,121,16,2,0,0,334,27,41,10,0,0,0,0,408,185,0,0,17,0,16,0,40,0,30,0,0,0,45,0,45,21,61,0,36,51,3,0,0,10,0,0,0,0,13,0,7,0,0,0,0,0,0,0,2,0,0,0,50,0,0,0,44,0,0,0,0,0,0,0,0,0,44,0,0,0,0,0,73,0,0,0,0,0,148,0,86,0,18,0,4,0,0,0,49,0,0,0,0,0,0,0,0,0,0,0,0,0,0,0,0,0,2,0,0,0,0,0,0,0,0,0,0,0,0,0,0,0,20,0,0,0,0,0,0,0,0,0,0,0,0,0,0,0,0,0,0,0,0,0,7,0,50,0,39,0,34,0,0,0,21,0,0,0,0,0,41,0,0,0,0,0,0,0,91,0,0,0,0,0,0,0,0,0,0,0,0,0,0,0,0,0,0,0,0,0,0,0,65,150,178,17,6,0,0,3,0,0,4,0,0,0,0
0,0,0,0,0,0,0,0,0,0,0,0,0,362,0,17,0,0,28,199,0,81,0,0,0,0,0,480,0,14,0,12,0,21,0,80,0,88,0,1,0,13,0,107,0,112,0,67,0,10,10,0,0,0,0,0,0,0,0,0,0,4,0,11,0,0,0,0,0,0,0,0,0,8,0,0,0,0,0,0,0,85,0,0,0,106,0,31,0,7,0,0,0,0,0,0,0,0,0,0,0,0,0,5,0,0,0,0,0,0,0,0,0,0,0,0,0,1,0,0,0,0,0,38,0,0,0,0,0,0,0,0,0,0,0,0,0,0,0,83,0,236,0,273,0,159,0,0,0,0,0,0,0,0,0,0,0,13,0,0,0,0,0,0,0,55,0,23,0,85,0,23,0,38,0,0,6,21,0,0,0,0,0,0,0,0,0,215,0,0,0,0,0,0,0,0,0,0,0,0,0,0,0,0,0,32,0,0,0,0,0,0,0,0,0,0,0,0,85,149,130,0,0,0,1
0,0,5,0,8,0,87,0,71,146,3,0,4,0,12,0,60,0,8,0,19,0,0,0,24,31,0,0,24,0,0,0,1,0,0,0,6,1,20,0,0,0,0,0,0,0,6,0,1,0,0,0,0,43,229,251,169,90,20,79,58,0,64,14,0,0,7,222,0,0,0,0,0,0,0,0,0,0,0,0,0,0,0,0,0,0,0,0,0,0,0,0,0,0,0,0,0,0,0,0,0,0,0,0,0,0,0,0,0,0,0,0,0,0,0,0,0,0,0,0,0,0,0,0,3,0,0,0,127,0,11,0,31,0,29,0,179,0,304,0,143,0,170,0,22,1,0,0,1,0,0,0,0,0,315,0,107,0,199,4,22,0,2,0,0,0,2,0,0,0,18,0,0,0,0,0,51,0,1,0,0,0,2,0,2,0,0,0,0,0,0,0,0,0,0,0,0,0,3,0,11,0,0,0,0,0,1,0,0,0,66,208,26,62,34,0,1,0,0,0,0,0,0,0,0
0,0,0,0,0,0,0,82,91,161,0,11,0,0,0,0,4,32,0,9,0,36,0,16,0,23,0,0,0,62,0,16,0,6,0,0,0,6,0,28,0,0,0,0,0,0,0,0,0,0,0,0,43,0,97,136,7,79,11,4,7,40,23,69,0,1,27,28,0,0,0,0,0,0,0,0,0,0,0,1,0,0,0,1,0,0,0,0,0,0,0,0,0,0,0,0,0,1,0,0,0,0,0,0,0,0,0,0,0,0,0,0,0,0,0,0,0,0,0,0,0,0,0,0,0,0,0,0,0,31,0,0,0,54,0,81,0,100,0,194,0,75,0,40,0,49,0,0,0,0,0,0,0,0,0,237,3,83,0,252,7,33,0,1,0,0,0,0,0,1,1,0,0,1,0,0,5,40,0,0,0,0,0,0,0,4,0,0,0,0,0,0,0,1,0,0,0,0,0,0,0,0,0,0,0,0,0,0,0,7,0,0,3,0,0,0,0,0,94,239,41,69,0,0,0
0,0,35,0,9,0,481,0,76,430,0,0,0,0,220,0,34,0,244,0,65,0,201,0,170,30,0,0,16,0,11,0,0,0,0,0,2,0,4,0,0,0,0,0,0,0,0,0,11,0,0,0,229,97,0,430,196,76,45,50,12,0,25,75,0,0,6,193,0,0,0,0,0,0,0,0,0,0,0,0,0,0,0,0,0,0,0,0,0,0,0,0,0,0,0,0,1,0,0,0,0,0,0,0,0,0,0,0,0,0,0,0,0,0,0,0,0,0,0,0,0,0,0,0,37,0,13,0,38,0,67,0,40,0,46,0,61,0,15,0,4,0,28,0,3,0,0,0,0,0,3,0,0,0,65,9,12,0,39,0,73,0,0,0,0,0,6,0,0,0,58,0,13,1,0,0,11,21,0,0,0,0,0,0,0,0,0,0,0,0,0,0,0,0,0,0,0,0,0,0,4,0,0,0,0,0,2,0,9,0,328,204,169,297,231,27,0,0,0,0,0,0,0,0,0
0,15,0,21,0,22,146,135,495,65,0,0,0,0,0,63,0,44,0,62,0,62,0,76,87,94,0,0,0,44,0,14,0,9,0,3,1,3,0,18,0,0,0,0,0,0,0,0,0,0,0,0,251,136,430,0,0,140,0,138,27,56,163,162,0,0,127,95,0,1,0,0,0,0,0,0,0,2,0,0,0,0,0,0,0,0,0,0,0,0,0,0,0,0,0,0,0,0,0,0,0,0,0,0,0,0,0,0,0,0,0,0,0,0,0,0,0,0,0,0,0,0,0,0,9,49,0,23,0,21,0,59,0,70,0,78,0,102,1,32,0,0,0,17,0,1,0,0,0,11,0,8,0,0,5,97,0,45,0,53,4,148,0,0,0,0,0,0,0,10,6,166,2,22,0,0,27,10,0,0,0,0,0,0,0,0,0,0,0,0,0,0,0,0,0,0,0,0,0,0,0,0,0,0,0,0,0,0,0,72,0,0,7,3,344,0,0,0,461,171,304,317,29,107,0
0,0,5,0,0,0,62,0,35,0,0,0,0,0,0,0,14,0,0,0,0,0,28,0,62,0,0,0,3,0,8,0,0,0,0,0,0,0,4,0,0,0,0,0,0,0,0,0,13,0,13,0,169,7,196,0,0,18,158,30,2,0,11,0,28,0,23,96,0,0,0,0,0,1,0,0,0,0,0,0,0,0,0,0,0,2,0,0,0,0,0,0,0,0,0,0,0,0,0,0,0,0,0,0,0,0,0,0,0,0,0,0,0,0,0,0,0,0,0,0,0,0,0,0,4,0,0,0,12,0,47,0,20,0,0,0,9,0,4,0,0,0,4,0,0,13,0,0,3,0,0,0,0,0,159,72,57,0,66,49,126,0,38,0,0,0,27,0,5,1,64,0,28,0,0,1,0,0,0,0,0,6,0,0,1,0,0,0,0,0,0,0,0,0,0,0,0,0,0,0,0,0,0,0,0,0,0,0,0,0,885,208,386,445,727,47,0,0,0,0,0,0,0,0,0
0,7,0,7,0,11,0,54,42,51,0,0,0,0,0,17,0,43,0,0,0,0,0,11,0,26,0,14,0,25,0,8,0,6,0,0,0,0,0,6,0,0,0,0,0,6,0,0,0,0,0,0,90,79,76,140,18,0,66,65,0,5,0,25,0,2,152,68,0,0,0,0,0,0,0,0,0,0,0,0,0,0,0,0,0,0,0,0,0,0,0,0,0,0,0,0,0,0,0,0,0,0,0,0,0,0,0,0,0,0,0,0,0,0,0,0,0,0,0,0,0,0,0,0,0,5,0,5,0,27,0,33,0,0,0,22,0,33,0,0,0,0,0,0,0,7,0,1,0,0,0,7,1,0,25,215,0,29,0,170,0,177,0,61,0,0,0,0,0,12,0,233,0,10,0,1,0,0,0,0,5,0,0,0,0,5,0,0,0,0,0,0,0,0,0,0,0,0,0,0,0,0,0,0,0,1,0,0,0,16,0,0,0,2,385,0,0,0,597,186,428,355,51,0,0
0,0,2,0,0,0,38,0,37,0,0,0,1,0,0,0,0,0,0,0,0,0,0,0,0,0,0,0,0,0,0,0,0,0,0,0,0,0,2,0,0,0,5,0,11,0,0,0,9,0,7,0,20,11,45,0,158,66,0,119,0,0,0,0,245,26,148,254,0,0,0,0,0,0,0,0,0,0,0,0,0,0,0,0,0,0,0,0,0,0,0,0,0,0,0,0,0,0,0,0,0,0,0,0,0,0,0,0,0,0,0,0,0,0,0,0,0,0,0,0,0,0,0,0,0,0,0,0,0,0,75,0,0,0,0,0,0,0,0,0,0,0,0,0,0,0,0,0,17,0,0,0,0,0,22,105,74,0,1,42,30,0,11,0,0,0,24,0,0,0,26,0,28,0,1,0,5,0,0,0,12,0,0,0,19,7,0,0,0,0,0,0,0,0,0,0,0,0,0,0,0,0,0,0,0,0,0,0,0,0,737,219,153,0,406,33,0,0,0,0,0,0,0,0,0
0,0,0,10,0,17,0,111,0,83,0,0,0,0,0,0,0,0,0,0,0,4,0,4,0,4,0,0,0,0,0,0,0,0,0,0,0,0,0,0,0,0,0,0,1,0,0,2,0,0,0,0,79,4,50,138,30,65,119,0,0,8,7,3,0,33,141,208,0,0,0,0,0,0,0,0,0,1,0,0,0,0,0,3,0,2,0,0,0,1,0,0,0,0,0,0,0,0,0,0,0,0,0,0,0,0,0,0,0,0,0,0,0,0,0,0,0,0,0,0,0,0,0,0,0,0,0,0,0,0,0,38,0,0,0,0,0,0,0,0,0,0,0,0,0,22,0,0,0,6,0,0,0,0,54,77,10,72,0,30,0,56,0,54,0,0,0,0,0,11,0,102,0,15,0,3,4,4,0,0,5,0,0,0,0,22,0,0,0,0,0,0,0,0,0,0,0,0,0,0,0,0,0,0,0,0,0,0,0,0,7,0,0,0,703,0,0,0,1227,236,516,414,70,62,0
80,0,0,2,5,0,150,0,156,23,4,0,0,0,8,0,12,11,2,0,3,0,0,0,20,42,10,0,0,0,5,0,10,0,0,0,14,0,6,0,0,0,0,0,0,0,0,0,15,0,0,0,58,7,12,27,2,0,0,0,0,0,43,9,0,0,0,3,0,0,0,0,0,0,0,0,0,0,0,0,0,0,0,0,0,0,0,0,0,0,0,0,0,0,0,0,0,0,0,0,0,0,0,0,0,0,0,0,0,0,0,0,0,0,0,0,0,0,0,0,0,0,0,0,0,0,0,0,0,0,0,0,2,0,0,0,23,0,75,0,152,0,0,2,188,0,0,0,0,0,0,0,0,0,32,0,59,0,12,0,0,0,1,0,0,0,4,0,1,0,137,0,74,0,0,0,93,0,3,0,0,0,12,0,0,0,0,0,0,0,0,0,0,0,0,0,0,0,0,0,0,0,0,0,0,0,0,0,0,0,64,113,176,137,67,1,0,0,1,0,0,0,0,0,0
0,349,0,0,0,0,0,384,0,270,0,0,0,0,0,0,16,36,0,0,0,0,0,0,64,74,0,0,0,0,0,0,0,11,0,0,0,11,0,21,0,0,0,0,0,0,0,0,1,0,0,4,0,40,0,56,0,5,0,8,0,0,0,56,0,0,0,0,0,0,0,0,0,0,0,0,0,0,0,0,0,0,0,0,0,0,0,0,0,0,0,0,0,0,0,0,0,0,0,0,0,0,0,0,0,0,0,0,0,0,0,0,0,0,0,0,0,0,0,0,0,0,0,0,0,0,0,0,0,0,0,0,0,0,0,0,0,0,0,50,0,46,0,0,0,134,0,0,0,0,0,0,0,0,0,56,0,133,0,45,0,0,0,11,0,0,0,3,0,1,0,65,0,85,0,0,0,0,0,0,0,0,0,13,0,0,0,0,0,0,0,0,0,0,0,0,0,0,0,0,0,0,0,0,0,0,0,3,0,0,2,0,0,0,134,0,0,0,162,539,147,168,0,54,0
64,39,87,0,6,0,379,102,133,191,1,0,4,0,12,0,511,29,48,0,133,0,9,0,187,164,0,0,103,0,52,0,0,0,2,0,25,0,89,0,0,0,0,0,0,0,7,0,0,0,0,0,64,23,25,163,11,0,0,7,43,0,0,82,0,0,0,0,0,0,2,0,0,0,0,0,0,0,0,0,0,0,0,0,0,0,0,0,0,0,0,0,0,0,0,0,55,0,0,0,0,0,0,0,0,0,0,0,0,0,0,0,0,0,0,0,0,0,0,0,0,0,3,0,0,0,0,0,0,0,0,0,0,0,37,0,148,0,104,0,63,0,224,0,15,0,0,0,0,0,0,0,0,0,61,0,37,1,38,0,4,0,2,0,0,0,0,0,0,0,6,0,6,0,0,0,89,11,1,0,0,0,2,0,0,0,0,0,0,0,0,0,0,0,0,0,0,0,0,0,37,0,0,0,0,0,0,0,0,0,31,228,13,16,12,0,0,0,0,0,0,0,0,0,0
24,285,0,22,0,0,95,687,113,204,0,8,0,0,0,8,0,378,0,0,0,211,0,83,250,181,0,0,0,205,0,48,0,45,0,0,0,27,2,91,0,0,0,0,0,0,0,0,0,0,0,11,14,69,75,162,0,25,0,3,9,56,82,0,0,0,0,0,0,0,0,0,0,0,0,0,0,0,0,0,0,0,0,0,0,0,0,0,0,0,0,0,0,0,0,0,0,0,0,2,0,0,0,0,0,0,0,0,0,0,0,0,0,0,0,0,0,0,0,0,0,0,0,0,2,0,0,0,0,16,0,0,0,28,0,72,0,80,0,74,0,36,0,28,0,0,0,0,0,0,0,0,0,0,0,57,0,73,0,36,0,0,0,0,0,0,0,0,0,0,2,7,0,2,0,0,26,102,0,0,0,0,1,19,0,1,0,0,0,0,0,0,0,0,0,0,0,0,0,0,0,0,0,0,0,0,0,0,0,0,0,0,1,0,0,0,0,0,54,517,22,0,0,0,0
38,0,36,0,30,0,62,0,223,0,0,0,14,0,0,0,0,0,0,0,0,0,0,0,0,0,0,0,0,0,0,0,0,0,0,0,0,0,0,0,0,0,0,0,0,0,11,0,0,0,0,0,0,0,0,0,28,0,245,0,0,0,0,0,0,0,274,29,0,0,0,0,0,0,0,0,0,1,0,0,0,0,0,0,0,0,0,0,0,0,0,0,0,0,0,0,0,0,0,0,0,0,0,0,0,0,0,0,0,0,0,0,0,0,0,0,0,0,0,0,0,0,0,0,15,0,0,0,0,0,27,0,0,0,0,0,0,0,5,32,0,7,0,0,7,63,8,0,47,0,2,0,3,0,13,144,0,0,0,226,90,258,6,0,0,0,0,0,0,0,2,0,0,0,32,0,4,0,0,0,254,54,0,0,90,0,0,0,0,0,0,0,0,0,0,0,0,0,0,0,0,0,0,0,0,0,0,0,0,0,131,7,32,25,87,2,0,0,0,0,0,0,0,0,0
0,55,0,3,0,42,0,9,0,109,0,31,0,0,0,32,0,0,0,18,0,0,0,0,0,0,0,0,0,0,0,0,0,0,0,0,0,0,0,0,0,0,0,0,0,0,0,0,0,0,0,0,0,1,0,0,0,2,26,33,0,0,0,0,0,0,30,339,0,0,0,24,0,7,0,22,0,0,0,2,0,0,0,0,0,0,0,0,0,0,0,0,0,0,0,10,0,0,0,0,0,0,0,0,0,0,0,0,0,0,0,0,0,0,0,0,0,0,0,0,0,0,0,8,0,35,0,0,0,0,0,118,0,0,0,0,0,0,36,16,0,0,0,0,31,146,0,10,0,198,0,2,0,0,0,16,0,4,22,37,133,161,0,13,0,0,0,0,0,0,0,0,0,0,2,48,0,0,0,0,41,196,0,7,0,184,0,0,0,0,0,0,0,0,0,0,0,0,0,0,0,0,0,0,0,0,0,2,0,0,6,0,0,0,110,0,0,0,155,14,70,82,0,0,0
13,0,3,0,3,0,56,0,113,39,0,0,0,0,0,0,0,0,0,0,0,0,0,0,0,0,0,0,0,0,0,0,0,0,0,0,0,0,0,0,0,0,0,0,0,0,0,0,0,0,2,0,7,27,6,127,23,152,148,141,0,0,0,0,274,30,0,345,0,0,0,0,0,0,0,0,0,0,0,0,0,0,0,0,0,0,0,0,0,0,0,0,0,0,0,0,0,0,0,0,0,0,0,0,0,0,0,0,0,0,0,0,0,0,0,0,0,0,0,0,0,0,0,0,0,0,0,0,0,0,34,0,0,0,0,0,0,0,0,0,0,0,0,0,0,0,0,0,40,0,0,0,0,0,6,88,22,0,0,57,17,0,0,0,0,0,0,0,0,0,0,0,4,0,9,0,39,0,0,0,40,0,0,0,221,11,0,0,0,0,0,0,0,0,0,0,0,0,0,0,0,0,0,0,0,0,0,0,0,0,228,73,29,0,115,0,0,0,0,0,0,0,0,0,0
0,11,0,0,0,0,0,32,174,120,0,5,0,0,1,0,0,0,0,0,0,0,0,0,0,1,0,0,0,0,0,0,0,0,0,0,0,0,0,0,0,0,0,0,0,0,0,0,0,0,0,0,222,28,193,95,96,68,254,208,3,0,0,0,29,339,345,0,0,0,0,0,0,1,0,0,0,0,0,0,0,0,0,4,0,0,0,1,0,0,0,0,0,0,0,0,0,0,0,0,0,1,0,0,0,0,0,0,0,0,0,0,0,0,0,0,0,0,0,0,0,0,0,0,0,22,0,2,0,0,0,108,0,0,0,0,0,0,0,0,0,0,0,0,0,72,0,4,0,51,0,6,0,5,68,86,40,70,0,63,0,110,0,0,0,0,1,0,0,5,0,44,0,0,0,26,13,10,0,0,15,18,0,0,24,157,0,0,0,0,0,0,0,0,0,0,0,0,0,0,0,0,0,0,0,0,0,0,0,0,12,0,3,0,353,0,0,0,635,191,189,0,42,0,0
0,0,0,0,0,0,0,0,0,0,0,0,0,0,0,0,0,0,0,0,0,0,0,0,0,0,0,0,0,0,0,0,0,0,0,0,0,0,0,0,0,0,0,0,0,0,0,0,13,0,0,0,0,0,0,0,0,0,0,0,0,0,0,0,0,0,0,0,0,0,0,0,1,0,0,0,79,0,7,0,1,0,22,0,0,0,0,0,25,0,0,0,44,0,18,0,16,0,6,0,6,0,223,0,17,0,43,0,112,0,12,0,27,0,0,0,1,0,0,0,0,0,0,0,0,0,0,1,2,0,0,0,4,0,0,0,0,0,0,0,0,0,0,0,0,0,0,0,0,0,0,0,3,0,0,0,0,0,0,0,0,0,1,0,6,0,0,0,23,0,0,0,0,0,0,0,0,0,0,0,0,0,0,0,0,0,0,0,20,0,0,0,0,0,17,0,0,0,6,0,0,0,10,0,31,0,0,0,0,0,74,2,13,0,7,43,7,0,0,0,0,0,0,0,0
0,0,0,0,0,0,0,1,0,0,0,0,0,0,0,0,0,0,0,0,0,2,0,0,0,0,0,0,0,0,0,0,0,0,0,0,0,0,0,0,0,0,0,0,0,0,0,0,0,0,0,0,0,0,0,1,0,0,0,0,0,0,0,0,0,0,0,0,0,0,0,0,0,0,0,0,0,56,0,0,0,21,0,80,0,0,0,17,0,43,0,0,0,101,0,76,0,28,0,2,0,12,0,143,0,0,0,33,0,33,0,2,0,1,0,0,0,21,0,0,0,4,0,0,0,0,0,0,0,0,0,0,0,0,0,0,0,0,0,0,0,0,0,8,0,0,0,0,0,0,0,0,0,0,0,0,0,0,0,0,0,0,0,0,0,9,0,0,0,33,0,0,0,0,0,0,0,0,0,0,0,0,0,0,0,0,0,0,0,16,0,0,0,0,0,28,0,1,0,0,0,0,0,0,0,0,0,0,0,0,0,0,0,0,1,0,0,0,31,7,34,7,10,8,1
0,0,6,0,35,0,0,0,0,0,0,0,0,0,0,0,0,0,0,0,30,0,0,0,0,0,83,0,3,0,27,0,0,0,1,0,63,0,2,0,0,0,45,0,87,0,0,0,0,0,50,0,0,0,0,0,0,0,0,0,0,0,2,0,0,0,0,0,0,0,0,0,196,0,100,0,13,0,130,0,8,2,0,0,4,0,55,0,0,0,0,0,0,0,0,0,0,3,14,0,0,0,0,0,0,0,0,0,0,0,0,0,0,0,0,0,0,0,0,0,15,0,10,3,25,52,0,0,39,35,25,42,18,45,17,0,32,0,19,30,55,11,43,0,123,5,21,0,34,30,38,0,76,0,0,0,11,0,0,12,0,14,121,0,0,0,85,0,41,0,51,0,74,0,98,2,0,0,0,0,110,19,0,0,44,0,0,0,0,0,0,0,0,0,0,0,0,0,14,0,17,0,0,0,0,0,0,0,37,0,21,0,30,0,0,0,0,0,0,0,0,0,0,0,0
0,0,0,0,0,0,0,0,0,0,0,0,0,0,0,0,0,3,0,0,0,0,0,0,0,0,0,0,0,0,0,0,0,0,0,0,0,0,0,0,0,0,0,13,0,0,0,0,0,0,0,0,0,0,0,0,0,0,0,0,0,0,0,0,0,24,0,0,0,0,0,0,0,95,0,231,0,0,0,6,0,2,0,0,0,2,0,24,0,0,0,0,0,0,0,0,0,0,0,0,0,0,0,0,0,0,0,0,0,0,0,0,0,0,0,0,0,0,0,0,0,0,0,10,0,39,0,11,14,9,0,22,0,0,0,21,0,4,0,0,0,15,0,17,0,84,0,34,3,64,0,0,0,84,0,6,0,38,0,2,2,16,0,62,0,1,0,0,0,0,0,13,0,19,0,59,0,0,0,0,0,46,0,0,0,9,0,0,0,0,0,0,0,0,0,0,0,0,0,0,0,0,0,0,0,0,0,37,0,33,0,1,0,0,0,0,0,0,48,10,16,0,0,0,0
0,0,0,0,0,0,0,0,0,0,0,0,0,0,0,0,0,0,0,0,0,0,0,0,0,0,0,0,0,0,0,0,0,0,0,0,0,0,0,0,0,0,0,0,4,0,0,0,0,0,0,0,0,0,0,0,0,0,0,0,0,0,0,0,0,0,0,0,1,0,196,0,0,0,258,0,52,0,443,0,6,1,7,0,15,0,18,0,0,0,0,0,4,0,5,0,13,0,0,0,1,0,4,0,0,0,0,0,0,0,0,0,0,0,0,0,0,0,0,0,51,0,58,0,0,0,0,4,0,3,1,0,0,0,42,0,37,0,11,0,116,0,111,0,80,0,18,0,1,0,74,0,0,0,0,0,3,0,0,1,0,0,72,0,0,0,0,0,12,0,21,0,4,0,4,0,0,0,0,0,0,6,0,0,0,0,0,0,0,1,0,0,0,0,0,0,0,0,0,0,0,0,0,0,0,0,0,0,46,0,358,1,22,0,25,0,0,0,2,0,0,0,0,0,0
0,0,0,0,0,6,0,0,0,0,0,0,0,0,0,0,0,0,0,0,0,0,0,7,0,0,0,0,0,0,0,0,0,0,0,0,0,0,0,0,0,0,0,0,0,0,0,0,0,0,0,8,0,0,0,0,1,0,0,0,0,0,0,0,0,7,0,1,0,0,0,95,0,0,0,426,0,49,0,31,0,27,0,6,0,99,0,243,0,1,0,0,0,0,0,6,0,0,0,0,0,0,0,2,0,0,0,0,0,6,0,0,0,0,0,0,0,1,0,0,0,60,0,66,0,36,0,0,0,6,0,18,0,16,0,157,0,0,0,0,0,22,0,82,0,54,0,27,0,25,0,0,0,32,0,0,0,0,0,0,1,0,0,67,0,0,0,0,0,12,0,6,0,0,0,31,0,0,0,0,0,35,0,0,0,0,0,0,0,0,0,0,0,0,0,0,0,0,0,0,0,107,0,0,0,0,0,0,0,0,0,0,0,0,16,0,0,0,86,0,36,6,3,0,0
0,0,0,0,0,0,0,0,0,0,0,0,0,0,5,0,0,0,28,0,0,0,0,0,0,0,117,0,5,0,31,0,0,0,0,0,88,0,0,0,0,0,0,0,108,0,0,0,0,0,44,0,0,0,0,0,0,0,0,0,0,0,0,0,0,0,0,0,0,0,100,0,258,0,0,0,22,0,268,1,24,4,0,0,44,8,76,0,0,0,0,0,5,0,6,0,3,0,32,0,2,0,0,0,0,0,0,0,0,0,0,0,0,0,0,0,0,0,0,0,71,0,71,7,33,91,0,0,28,0,11,0,36,80,69,0,65,0,12,43,96,20,150,0,65,6,28,58,0,0,77,0,85,39,0,0,6,0,0,0,0,0,86,0,0,0,62,0,28,0,30,0,78,0,116,0,0,0,0,0,131,39,37,0,24,0,0,0,0,0,0,0,0,0,0,0,0,0,58,0,77,0,0,0,9,0,0,0,66,5,45,1,0,0,0,0,0,0,0,0,0,0,0,0,0
0,0,0,0,0,0,0,0,0,0,0,17,0,0,0,0,0,0,0,0,0,0,0,0,0,0,0,0,0,0,0,0,0,0,0,0,0,0,0,1,0,0,0,0,0,0,0,0,0,0,0,0,0,0,0,0,0,0,0,0,0,0,0,0,0,22,0,0,0,0,0,231,0,426,0,0,0,2,0,100,0,0,0,0,0,33,0,135,0,0,2,0,0,0,0,0,0,0,0,1,0,0,0,0,0,0,0,0,0,0,0,0,0,0,0,0,0,0,0,0,0,96,0,168,34,0,0,0,10,5,0,0,0,0,0,71,0,0,0,0,0,22,0,89,4,187,0,32,0,96,0,80,0,140,0,0,0,21,3,0,0,0,0,87,0,0,0,0,0,17,0,11,0,0,0,83,0,0,0,0,0,99,0,0,0,29,0,0,0,0,0,0,0,0,0,0,0,0,0,0,0,0,0,0,0,0,0,89,0,77,0,0,0,0,13,0,0,0,140,9,30,8,0,2,0
0,0,0,0,0,0,0,0,0,0,0,0,0,0,0,0,0,0,0,0,0,0,0,0,0,0,0,0,0,0,0,0,0,0,0,0,0,0,0,0,2,0,0,0,0,0,0,0,16,0,0,0,0,0,0,0,0,0,0,0,0,0,0,0,0,0,0,0,79,0,13,0,52,0,22,0,0,0,90,0,17,0,131,0,26,0,46,0,21,0,0,0,108,0,38,0,0,0,18,0,8,0,134,0,79,0,117,0,13,0,1,0,2,0,0,0,4,0,0,0,20,0,8,0,0,0,0,0,0,0,0,0,0,0,0,0,0,0,0,0,0,0,0,0,0,0,0,0,0,0,0,0,0,0,0,0,0,0,0,0,0,0,0,0,5,0,0,0,11,0,0,0,0,0,5,0,0,0,0,0,6,0,0,0,0,0,0,0,85,0,0,0,0,0,23,0,0,0,0,0,107,0,0,0,213,0,13,0,0,0,166,0,31,0,25,25,1,1,0,0,0,0,0,0,0
0,0,0,0,0,0,0,0,0,1,0,0,0,0,0,11,0,0,0,0,0,29,0,0,0,0,0,0,0,0,0,0,0,0,0,0,0,0,0,0,0,0,0,0,0,11,0,0,0,0,0,0,0,0,0,2,0,0,0,1,0,0,0,0,1,0,0,0,0,56,0,0,0,49,0,2,0,0,0,5,0,155,0,186,0,61,0,194,0,20,0,0,0,100,0,87,0,85,2,7,0,0,0,154,0,96,0,64,0,34,0,5,0,0,0,0,0,20,0,0,0,38,0,0,0,0,0,0,0,0,0,0,0,0,0,0,0,0,0,0,0,0,0,0,0,4,0,0,0,0,0,0,0,0,0,0,0,0,0,0,0,0,0,3,0,14,0,1,0,41,0,0,0,0,0,0,0,0,0,0,0,0,0,0,0,0,0,0,0,109,0,0,0,0,0,126,0,0,0,0,0,0,0,0,0,0,0,0,0,0,0,0,0,0,0,0,0,0,29,6,51,4,4,4,0
0,0,0,0,0,0,0,0,0,0,0,0,0,0,0,0,0,0,0,0,0,0,0,0,0,0,0,0,0,0,0,0,0,0,0,0,0,0,0,0,0,0,0,0,0,0,0,0,5,0,0,0,0,0,0,0,0,0,0,0,0,0,0,0,0,0,0,0,7,0,130,0,443,0,268,0,90,0,0,0,25,0,107,0,95,0,154,0,0,0,28,0,25,0,96,0,148,0,32,0,21,0,56,0,0,0,138,0,4,0,0,0,0,0,0,0,0,0,0,0,101,4,107,0,0,0,0,0,0,0,0,9,0,0,0,0,5,0,0,0,92,0,166,0,14,0,0,0,0,0,0,0,0,0,0,0,0,0,0,0,0,0,0,0,4,0,0,0,34,0,0,0,0,0,20,0,2,0,0,0,0,0,0,0,0,0,0,0,75,0,14,0,0,0,25,0,0,0,114,0,317,0,138,0,226,0,0,0,0,0,464,2,39,0,27,16,1,0,0,0,0,0,0,0,0
