0,150,50,130,92,19,39,20,82,0,144,27,120,0,45,79,34,53,75,0,8,0,18,36,2,47,170,0,87,7,12,0,41,0,12,0,60,5,401,21,30,0,0,0,0,0,9,0,0,0,0,0,6,0,0,0,5,0,4,0,42,10,46,3,0,0,5,0,0,0,0,0,0,0,0,0,0,0,0,0,0,0,0,0,0,0,0,0,0,0,0,0,0,0,1,0,0,0,0,0,0,0,0,0,0,0,0,0,0,0,0,0,0,0,0,0,0,0,0,0,0,0,0,0,0,0,0,0,0,0,0,0,0,0,1,0,0,0,0,0,0,0,0,0,2,0,0,0,6,0,13,0,16,0,0,0,0,0,0,0,0,0,3,0,2,0,0,0,7,0,0,0,93,0,9,0,140,25,7,0,40,0,56,5,80,0,8,0,0,0,0,0,0,0,0,0,1,0,0,0,0,0,0,0,0,0,0,0,0,0,5,0,0,0,47,1,2,0,0,0,92,12,10,0,7,1,66,0,107,11,64,0,117,7,26,0,18,0,80,0,66,0,98,0,319,4,0,0,0
150,0,111,79,0,200,100,40,78,105,14,163,0,186,0,86,83,64,0,97,0,26,168,33,146,50,0,127,0,70,0,18,7,38,0,0,0,47,21,229,0,155,0,6,0,9,0,143,2,24,1,2,1,27,31,22,0,6,0,0,0,202,11,191,0,79,0,39,0,0,0,0,0,0,0,0,0,0,0,0,0,0,0,0,0,0,0,0,0,0,0,0,0,0,0,2,0,0,0,0,0,0,0,0,0,0,0,0,0,0,0,0,0,0,0,0,0,0,0,0,0,0,0,0,0,21,0,0,0,0,0,4,0,0,0,0,0,0,0,0,0,0,0,0,0,1,0,9,0,26,0,20,0,23,0,8,0,17,0,0,0,0,0,0,0,0,0,3,0,0,0,6,3,52,0,17,24,232,0,9,0,46,0,52,0,43,0,1,0,0,0,0,0,0,0,0,0,0,0,0,0,0,0,0,0,0,0,0,0,0,2,0,0,0,1,87,0,0,0,8,5,314,0,6,0,12,1,128,5,161,3,97,1,310,0,39,0,8,2,169,0,44,0,35,8,426,0,0,0
50,111,0,78,119,82,134,6,27,1,44,78,91,0,170,68,45,31,138,0,69,0,171,46,34,25,89,0,120,21,52,0,89,20,1,0,54,0,273,31,21,0,0,0,0,0,6,0,4,0,0,0,0,0,12,2,7,2,0,2,21,11,40,4,15,0,4,0,0,0,0,0,0,0,1,0,0,0,0,0,0,0,0,0,0,0,0,0,0,0,0,0,0,0,0,0,0,0,0,0,0,0,0,0,0,0,0,0,0,0,0,0,0,0,0,0,0,0,0,0,0,0,0,0,0,2,0,0,0,0,0,0,0,0,0,0,0,0,0,0,0,0,0,0,0,0,17,0,10,0,37,0,14,0,0,0,0,1,0,0,0,0,0,0,2,0,13,0,8,0,7,0,67,0,0,0,54,28,0,0,11,0,4,3,11,0,0,0,0,0,0,0,0,0,0,0,0,0,0,0,0,0,0,0,0,0,0,0,0,0,0,0,0,0,58,0,0,0,0,0,182,16,14,0,10,0,49,16,125,11,74,0,138,0,27,2,17,0,66,8,53,0,52,0,232,10,0,0,0
130,79,78,0,21,154,0,49,27,0,16,11,4,33,14,295,64,66,0,90,9,46,108,225,29,112,0,58,3,192,0,25,6,61,0,10,4,36,14,291,0,34,0,0,0,0,0,43,0,0,0,0,0,0,3,61,0,0,0,0,0,54,0,51,0,11,0,2,0,0,0,0,0,0,0,0,0,0,0,0,0,0,0,0,0,0,0,0,0,0,0,0,0,0,0,0,0,0,0,0,0,0,0,0,0,0,0,0,0,0,0,0,0,0,0,0,0,0,0,0,0,0,0,0,0,13,0,9,0,0,0,1,0,0,0,19,0,28,0,4,0,1,0,0,0,0,0,8,0,6,0,8,0,0,0,0,0,2,0,0,0,5,0,0,0,0,0,1,0,0,0,4,4,21,0,0,17,17,0,4,0,0,0,3,0,1,0,0,0,0,0,0,0,0,0,0,0,0,0,0,0,0,0,0,0,0,0,0,0,6,0,3,0,0,0,41,0,0,0,0,3,318,0,0,0,2,3,44,0,126,0,45,0,179,1,27,0,3,0,44,0,11,0,6,6,153,0,0,0
92,0,119,21,0,364,15,0,54,0,89,164,136,229,196,72,0,5,200,98,197,52,40,30,0,0,73,37,45,5,300,0,289,27,101,7,226,8,92,14,45,0,0,0,0,0,4,0,4,0,17,0,4,0,0,0,14,0,4,0,0,0,0,0,12,0,3,0,0,0,4,0,1,0,0,0,0,0,0,0,0,0,0,0,13,0,0,0,0,0,0,0,0,0,0,0,0,0,0,0,0,0,0,0,0,0,0,0,0,0,0,0,0,0,2,0,0,0,0,0,0,0,0,0,4,0,0,0,0,0,0,0,0,0,0,0,0,0,0,0,0,0,0,0,0,0,10,0,13,0,23,0,13,0,0,0,2,0,0,0,9,1,0,0,7,0,67,0,0,0,0,0,48,0,0,0,141,62,22,0,31,0,27,0,53,0,0,0,0,0,0,0,0,0,0,0,7,0,0,0,0,0,0,0,0,0,0,0,4,0,0,0,0,0,19,0,1,0,2,0,179,0,0,0,0,0,74,8,119,0,87,0,0,5,13,0,21,0,38,0,24,0,38,0,197,0,0,0,0
19,200,82,154,364,0,0,36,2,19,199,116,207,194,351,110,20,11,236,219,150,134,74,158,2,0,44,186,0,90,37,150,75,331,0,67,33,233,12,95,0,64,3,12,2,0,0,47,0,6,0,14,0,1,2,13,0,0,0,8,0,3,0,6,0,19,0,14,0,0,0,0,0,0,0,0,0,1,0,0,0,0,0,0,0,6,0,0,0,0,0,0,0,0,0,10,0,0,0,0,0,0,0,0,0,0,0,0,0,0,0,0,0,0,0,0,0,0,0,0,0,0,0,8,0,0,0,0,0,0,0,4,0,0,0,14,0,0,0,0,0,7,0,19,0,12,0,0,0,9,0,0,0,0,0,0,0,0,0,0,0,0,0,0,0,0,4,14,0,0,0,2,0,24,0,0,107,135,43,31,2,25,0,0,2,3,16,1,0,0,0,0,0,0,0,0,0,0,0,0,0,0,0,0,0,0,0,0,0,0,0,2,0,0,0,31,0,1,0,0,0,282,0,0,0,30,0,291,0,227,4,117,0,244,0,21,0,6,0,52,0,27,0,44,0,189,0,0,0
39,100,134,0,15,0,0,46,28,69,36,1,15,0,55,4,16,22,0,1,0,0,39,0,144,111,26,2,0,0,0,0,0,0,0,0,0,0,64,0,10,0,0,0,0,0,0,0,5,0,3,0,189,17,211,41,95,4,122,0,172,15,367,42,12,0,79,0,0,0,0,0,0,0,0,0,0,0,0,0,0,0,0,0,0,0,0,0,0,0,0,0,0,0,1,0,0,0,0,0,0,0,0,0,0,0,0,0,0,0,0,0,0,0,1,0,0,0,0,0,0,0,0,0,76,0,46,0,7,0,32,0,31,0,16,0,9,0,0,0,1,0,0,0,0,1,76,0,24,0,67,0,21,0,12,8,0,0,5,0,38,0,0,0,4,0,0,0,0,0,44,0,94,1,6,0,17,35,0,0,3,0,1,10,2,0,0,0,0,0,0,0,0,0,0,0,0,0,4,0,0,0,0,0,0,0,0,0,16,0,15,0,0,0,131,2,0,0,12,1,114,9,0,1,64,0,65,6,117,4,27,0,167,4,34,0,11,0,154,0,95,0,73,0,273,1,0,0,0
20,40,6,49,0,36,46,0,111,31,0,16,2,13,0,23,9,26,0,20,1,0,0,27,52,235,0,26,0,39,1,6,0,3,0,0,0,0,0,57,0,20,0,0,0,0,0,35,0,3,0,0,21,112,49,236,0,54,0,7,0,144,27,446,0,33,4,22,0,0,0,0,0,0,0,0,0,0,0,0,0,0,0,1,0,0,0,0,0,0,0,0,0,0,0,0,0,0,0,0,0,0,0,0,0,0,0,0,0,0,0,0,0,0,0,0,0,0,0,0,0,0,0,0,0,42,0,12,0,3,0,0,0,7,0,8,0,38,0,0,0,0,0,1,0,0,0,15,0,10,0,13,0,2,1,26,0,33,0,0,0,18,0,0,0,0,0,0,0,0,0,0,0,35,0,0,26,25,0,0,0,0,1,7,0,0,0,0,0,0,0,0,0,0,0,0,0,2,0,2,0,0,0,0,0,0,0,0,0,11,0,0,0,2,0,205,0,0,0,0,0,326,0,6,0,13,5,49,0,223,0,26,0,357,3,60,0,5,0,132,0,16,2,17,8,391,0,0,0
82,78,27,27,54,2,28,111,0,202,48,0,29,1,64,4,0,11,46,0,0,0,3,4,8,119,40,0,8,0,0,0,0,0,4,0,8,0,53,3,0,0,1,0,1,0,1,0,3,0,0,0,215,36,123,104,42,10,38,0,330,10,253,42,56,0,56,0,0,0,1,0,0,0,0,0,0,0,0,0,1,0,0,0,0,0,1,0,0,0,0,0,0,0,0,0,0,0,0,0,0,0,0,0,0,0,0,0,0,0,0,0,0,0,0,0,0,0,0,0,0,0,0,0,74,0,16,0,0,0,17,0,12,0,0,0,0,0,1,0,0,0,0,0,0,0,54,0,37,0,36,0,20,0,5,6,40,1,0,1,11,0,0,0,2,0,0,0,4,0,72,0,89,0,8,0,226,82,1,0,1,0,8,8,40,11,0,0,0,0,0,0,0,0,0,0,0,0,0,0,0,0,0,0,0,0,1,0,0,0,0,0,0,0,99,0,0,0,0,0,90,3,20,1,42,0,89,2,128,16,20,0,129,0,26,1,4,0,159,0,71,0,69,0,251,4,0,0,0
0,105,1,0,0,19,69,31,202,0,0,39,0,7,0,40,3,8,0,53,0,11,1,3,74,16,0,0,0,0,0,6,0,4,0,2,0,6,0,9,0,5,0,0,0,5,0,12,0,0,0,0,90,144,200,70,0,95,26,84,6,32,54,113,0,242,40,218,0,0,0,0,0,2,0,0,0,0,0,0,0,0,0,0,0,0,0,0,0,0,0,0,0,0,0,0,0,0,0,0,0,0,0,0,0,0,1,0,0,0,0,0,0,0,1,0,0,0,0,0,0,0,0,0,0,68,0,7,0,0,0,5,0,0,0,4,0,11,0,0,0,0,0,0,0,0,0,22,0,80,0,28,0,42,4,31,0,51,0,0,0,15,0,0,0,0,0,0,0,0,0,10,0,5,7,8,73,352,0,12,0,11,0,14,4,112,0,0,0,0,0,0,0,0,0,0,0,2,0,0,0,0,0,1,0,0,0,0,0,9,0,0,0,0,0,86,0,0,0,3,3,139,0,8,0,11,1,47,0,169,1,12,1,139,1,40,0,4,1,95,0,7,0,12,4,222,0,0,0
144,14,44,16,89,199,36,0,48,0,0,110,327,14,73,73,17,3,66,25,118,25,27,33,0,0,155,0,12,11,149,7,310,30,10,0,212,13,51,0,79,3,0,0,0,0,23,0,13,0,9,1,3,0,0,0,0,0,3,1,0,0,0,0,0,0,2,0,0,0,0,0,0,0,0,0,0,0,0,0,0,0,0,0,0,0,0,0,0,0,0,0,0,0,0,0,3,0,0,0,0,0,0,0,0,0,0,0,0,0,0,0,0,0,0,0,0,0,0,0,0,0,0,0,0,0,0,0,0,0,1,0,1,0,0,0,0,0,0,0,0,0,0,0,0,0,1,0,6,1,7,0,8,0,0,0,0,0,0,0,0,0,2,0,0,0,18,0,7,0,3,0,17,1,11,0,163,35,48,0,36,0,74,0,34,0,16,1,0,0,0,0,0,0,0,0,1,0,0,0,0,0,0,0,0,0,0,0,0,0,0,0,0,0,0,0,0,0,0,2,98,15,7,0,9,0,52,21,89,9,61,1,41,13,11,0,16,0,33,0,25,0,36,0,122,0,0,0,0
27,163,78,11,164,116,1,16,0,39,110,0,22,437,192,7,0,0,66,47,55,16,137,28,0,1,19,107,0,39,16,34,41,83,0,8,23,129,12,72,0,265,0,6,0,13,0,95,2,38,0,5,0,0,0,8,0,0,0,0,0,0,0,2,0,8,0,4,0,0,0,0,0,0,0,0,0,0,0,1,0,0,0,0,0,0,0,0,0,0,0,0,0,0,0,0,0,0,0,0,0,0,0,0,0,0,0,0,0,0,0,0,0,0,0,0,0,0,0,1,0,3,0,3,0,6,0,0,0,0,0,0,0,0,0,0,0,0,0,0,0,2,0,0,0,0,0,0,0,0,0,5,0,21,0,0,0,1,0,0,0,0,0,0,0,0,0,0,0,0,0,1,0,7,0,15,57,281,3,26,0,58,0,22,0,14,4,4,0,0,0,0,0,0,0,0,0,0,0,0,0,1,0,0,0,1,0,0,0,0,0,0,0,0,0,11,0,1,0,0,0,86,0,0,0,0,0,148,0,39,0,45,5,0,0,0,0,1,0,9,0,0,0,24,9,78,0,0,0
120,0,91,4,136,207,15,2,29,0,327,22,0,672,52,16,0,0,58,235,68,77,0,0,0,0,211,409,0,0,61,0,47,5,163,0,73,0,4,0,444,90,43,0,0,17,85,124,47,3,117,0,0,0,0,0,6,0,0,0,0,0,0,0,0,0,0,0,0,0,0,0,0,0,0,0,0,0,0,0,0,0,0,0,0,0,0,0,0,0,0,0,0,0,0,0,0,0,0,0,0,0,0,0,0,0,0,0,0,0,0,0,0,0,0,0,0,0,1,0,0,0,0,0,0,0,0,0,0,0,0,0,0,0,0,0,0,0,0,0,0,0,0,0,0,0,0,0,0,0,0,0,0,0,0,0,0,0,0,0,0,0,0,0,23,0,15,0,0,0,0,0,16,0,7,0,214,91,59,0,20,0,22,0,0,0,97,5,0,0,1,0,0,0,0,0,0,0,0,0,0,0,0,0,0,0,0,0,0,0,0,0,0,0,3,0,0,0,27,0,45,0,14,15,80,0,55,3,49,3,20,0,0,0,7,0,0,0,0,0,7,0,0,0,34,0,0,0,0
0,186,0,33,229,194,0,13,1,7,14,437,672,0,87,5,0,0,536,35,38,0,0,0,0,0,476,83,0,0,0,7,0,0,32,24,0,17,0,0,77,429,10,33,0,8,16,138,4,37,0,44,0,0,0,7,0,0,0,0,0,0,0,0,0,3,0,0,0,0,0,0,0,1,0,0,0,0,0,0,0,0,0,0,0,0,0,0,0,0,0,1,0,0,0,0,0,0,0,0,0,0,0,0,0,0,0,0,0,0,0,0,0,0,0,0,0,0,0,0,0,0,0,0,0,0,0,0,0,0,0,0,0,0,0,0,0,0,0,0,0,0,0,1,0,1,0,1,0,0,0,0,0,6,0,0,0,0,0,0,0,0,0,0,0,0,0,7,0,0,0,0,0,4,0,11,118,565,21,16,0,33,0,5,0,0,36,8,0,0,0,0,0,0,0,0,0,0,0,0,0,0,0,0,0,0,0,0,0,1,0,0,0,0,1,0,0,3,0,58,0,0,0,0,0,114,0,93,0,87,0,39,0,0,0,4,0,0,0,0,0,1,1,7,2,0,0,0,0
45,0,170,14,196,351,55,0,64,0,73,192,52,87,0,52,61,0,35,68,221,44,454,18,82,0,117,8,19,6,139,8,90,47,26,4,54,9,18,2,26,0,0,0,0,0,4,0,1,0,5,0,13,0,79,0,21,0,0,0,1,0,18,0,40,0,8,0,0,0,0,0,0,0,0,0,0,0,0,0,0,0,0,0,31,0,0,0,0,0,9,0,0,0,0,0,10,0,9,0,0,0,0,0,0,0,0,0,0,0,0,0,0,0,0,0,0,0,0,0,0,0,0,0,16,0,31,0,0,0,3,0,4,0,45,0,17,0,0,0,0,0,0,0,2,0,44,0,42,0,94,0,54,0,9,0,0,0,0,0,11,0,0,0,0,0,19,0,5,0,0,0,20,0,0,0,36,26,4,0,12,0,32,0,59,0,0,0,0,0,0,0,0,0,0,0,0,0,0,0,8,0,0,0,0,0,0,0,29,0,0,0,0,0,13,1,0,0,1,0,107,0,4,0,6,1,106,17,77,4,57,0,0,13,0,0,14,2,24,0,32,0,44,1,124,15,0,0,0
79,86,68,295,72,110,4,23,4,40,73,7,16,5,52,0,36,72,24,171,25,81,119,266,9,47,6,69,4,87,10,41,25,48,2,23,17,20,11,55,0,0,0,5,0,4,0,0,0,0,0,0,0,3,0,60,0,7,0,7,0,1,0,6,0,55,0,0,0,0,0,0,0,0,0,0,0,0,0,0,0,0,0,4,0,4,0,0,0,0,0,0,0,0,0,9,0,0,0,0,0,7,0,0,0,0,0,0,0,0,0,0,0,0,0,0,0,0,0,0,0,0,0,0,0,29,0,16,0,8,0,0,0,3,0,54,0,73,0,0,0,0,0,9,0,0,0,36,0,21,0,38,0,11,0,8,0,0,0,2,0,0,0,0,0,0,0,4,1,0,0,1,0,6,0,0,24,18,0,9,0,0,0,1,0,9,2,0,0,0,0,0,0,0,0,0,0,1,0,2,0,4,0,0,0,0,0,0,0,20,0,0,0,0,0,8,0,0,0,0,0,111,0,0,0,0,0,142,8,92,2,36,0,82,1,7,0,0,2,30,0,11,0,16,6,89,0,0,0
34,83,45,64,0,20,16,9,0,3,17,0,0,0,61,36,0,25,106,0,300,2,112,22,183,11,57,0,220,5,89,0,29,3,5,0,2,0,101,19,0,0,3,0,0,0,0,0,0,0,0,0,49,0,93,3,27,0,0,0,0,6,153,0,0,0,1,0,0,0,9,0,0,0,0,0,0,0,0,0,0,0,0,0,173,0,0,0,0,0,39,0,0,0,0,0,42,0,0,0,0,0,0,0,0,0,107,0,0,0,0,0,0,0,0,0,0,0,0,0,0,0,36,0,0,0,0,1,4,0,0,0,6,0,77,0,75,0,111,0,36,0,199,0,17,0,0,0,2,0,29,0,2,0,57,0,1,0,59,0,0,0,0,0,0,0,0,0,0,0,4,0,10,1,0,0,12,5,0,0,1,0,3,1,4,0,0,0,0,0,0,0,0,0,0,0,6,0,0,0,39,0,0,0,0,0,3,0,30,0,1,0,0,0,5,0,0,0,0,0,10,4,0,0,8,0,91,9,33,6,0,0,6,5,0,1,0,0,11,0,4,0,5,0,18,9,0,0,0
53,64,31,66,5,11,22,26,11,8,3,0,0,0,0,72,25,0,0,44,0,140,63,144,31,65,0,14,0,119,0,11,3,13,0,2,0,0,7,66,0,0,0,0,0,0,0,0,0,0,0,1,0,20,7,42,0,19,0,7,0,3,4,167,0,0,0,0,0,0,0,0,0,0,0,0,0,0,0,0,0,8,0,11,0,34,0,0,0,0,0,6,0,0,0,16,0,7,0,3,0,8,0,0,0,0,0,12,0,0,0,0,0,0,0,0,0,0,0,0,0,0,0,9,0,0,0,0,0,30,0,6,0,3,0,80,0,152,0,61,0,9,0,44,0,3,0,0,0,0,0,0,0,1,0,11,0,0,0,10,0,0,0,0,0,0,0,0,0,0,0,0,3,0,0,0,5,71,0,14,0,3,0,4,0,0,0,0,0,0,0,0,0,0,0,0,0,0,0,0,0,6,0,0,0,0,0,0,0,11,0,0,0,0,0,1,0,0,0,0,0,19,0,0,0,0,2,71,0,20,0,0,0,8,0,2,0,0,0,0,0,1,0,0,0,11,0,0,0
75,0,138,0,200,236,0,0,46,0,66,66,58,536,35,24,106,0,0,240,180,70,220,0,51,0,175,154,29,0,78,4,29,0,342,0,72,0,7,0,28,16,13,4,13,0,24,25,0,0,138,0,12,0,45,0,49,0,3,0,0,0,13,2,9,0,0,0,0,0,0,0,0,0,7,0,0,0,0,0,0,0,0,0,127,0,27,0,0,0,0,0,0,0,0,0,38,0,26,0,0,0,0,0,0,0,0,0,0,0,0,0,0,0,0,0,0,0,0,0,0,0,0,0,0,0,0,0,0,0,1,0,7,0,0,0,0,0,10,0,10,0,0,0,26,0,0,0,0,0,42,0,26,0,12,0,6,0,0,0,0,0,0,0,21,0,36,0,49,0,0,0,43,0,0,0,35,32,5,0,0,0,40,0,32,0,2,7,0,0,0,0,0,0,0,0,6,0,0,0,0,0,0,0,0,0,0,0,0,0,0,0,0,0,0,0,0,0,6,0,188,0,13,4,133,0,275,3,116,0,108,0,0,0,21,1,46,0,19,0,0,0,37,0,183,0,0,0,0
0,97,0,90,98,219,1,20,0,53,25,47,235,35,68,171,0,44,240,0,35,71,0,182,0,29,126,397,0,7,13,109,0,25,17,183,0,65,0,0,25,28,8,79,0,61,2,78,0,11,15,157,0,7,0,52,0,0,0,0,0,4,1,0,0,25,0,13,0,0,0,6,0,0,0,0,0,0,0,0,0,23,0,0,0,35,0,0,0,0,0,0,0,0,0,0,0,0,0,0,0,0,0,0,0,0,0,0,0,0,0,0,0,0,0,0,0,0,0,0,0,16,0,22,0,0,0,5,0,0,0,0,0,0,0,0,0,0,0,0,0,12,0,77,0,9,0,21,0,19,0,0,0,0,0,3,0,0,0,0,0,0,0,0,0,6,0,23,0,0,0,2,0,12,0,0,17,16,20,2,0,0,0,0,0,0,20,0,0,0,0,0,0,0,0,0,0,2,0,0,0,6,0,0,0,0,0,0,0,0,0,0,0,0,0,0,0,0,0,26,0,128,0,0,0,133,0,172,3,189,0,67,2,100,1,12,1,6,0,9,0,12,0,0,0,58,0,0,0
8,0,69,9,197,150,0,1,0,0,118,55,68,38,221,25,300,0,180,35,0,21,209,7,51,0,122,0,194,0,58,4,49,18,45,0,39,4,15,4,0,0,0,0,0,0,2,6,0,0,29,0,16,0,31,0,69,0,0,1,0,0,72,0,0,0,0,2,0,0,29,0,0,0,10,0,0,0,0,0,90,0,0,0,300,0,50,0,0,0,57,0,4,0,45,0,73,0,59,0,0,0,0,0,0,0,183,0,0,0,0,0,0,0,0,0,0,0,0,0,0,0,0,0,0,0,17,0,7,0,0,0,4,0,56,0,60,0,69,0,49,0,183,0,89,0,0,0,1,0,35,0,0,0,0,0,0,0,0,0,31,0,0,0,0,0,83,0,0,0,0,0,29,0,0,0,36,9,20,0,0,0,0,0,3,0,0,0,0,0,0,0,0,0,0,0,4,0,0,0,0,0,0,0,0,0,0,0,48,0,0,0,2,0,0,1,0,0,0,0,136,0,0,0,31,0,150,13,95,3,91,0,42,0,18,1,33,0,21,0,15,0,25,2,153,0,0,0,0
0,26,0,46,52,134,0,0,0,11,25,16,77,0,44,81,2,140,70,71,21,0,0,254,0,62,27,67,0,77,4,57,9,43,10,81,0,27,0,12,0,2,0,23,0,31,0,3,0,10,0,46,0,6,0,35,0,19,0,0,0,4,0,33,0,0,0,0,0,0,0,3,0,0,0,0,0,3,0,4,0,0,0,0,0,63,0,28,0,14,0,9,0,0,0,31,0,7,0,9,0,20,0,0,0,0,0,27,0,0,0,0,0,0,1,0,0,0,0,0,0,13,0,39,0,0,0,0,0,17,0,0,0,0,0,95,0,132,0,105,0,44,0,132,0,31,0,0,0,2,0,0,0,0,0,8,0,0,0,4,0,12,0,0,0,1,0,14,0,2,0,6,0,24,0,0,0,0,7,11,0,0,0,0,0,0,0,0,0,0,0,0,0,0,0,0,0,0,0,0,0,0,0,0,0,0,0,0,0,10,0,0,0,0,1,13,0,1,0,24,3,189,0,0,0,50,1,183,0,189,0,91,0,150,0,12,0,2,0,13,0,6,0,27,5,130,0,0,0
18,168,171,108,40,74,39,0,3,1,27,137,0,0,454,119,112,63,220,0,209,0,0,97,127,17,48,0,193,37,24,3,42,16,0,0,29,31,190,69,0,0,0,1,0,0,0,0,0,1,2,0,14,0,78,0,0,0,0,0,5,0,39,2,11,0,0,0,0,0,0,0,0,0,1,0,0,0,0,0,0,0,0,0,15,0,0,0,0,0,6,0,0,0,0,0,0,0,4,0,0,0,0,0,0,0,0,0,0,0,0,0,0,0,0,0,0,0,0,0,0,0,0,0,5,0,14,0,0,0,3,0,5,0,22,0,7,0,2,0,0,0,15,0,0,0,20,1,23,0,41,0,10,0,16,0,0,0,0,0,9,0,0,0,1,0,4,0,2,0,0,0,39,0,0,0,28,29,0,0,8,0,0,0,3,0,0,0,0,0,0,0,0,0,0,0,2,0,0,0,6,0,0,0,0,0,3,0,18,0,0,0,0,0,36,0,0,0,1,1,84,26,15,0,0,0,86,38,83,9,30,4,82,20,9,0,5,1,26,0,18,2,30,0,120,18,0,0,0
36,33,46,225,30,158,0,27,4,3,33,28,0,0,18,266,22,144,0,182,7,254,97,0,8,110,0,25,0,26,0,4,9,0,0,2,0,5,12,12,0,0,0,4,0,2,0,0,0,0,0,0,0,5,0,65,0,13,0,6,0,5,0,37,0,0,0,0,0,0,0,0,0,0,0,0,0,0,0,0,0,20,0,18,0,34,0,17,0,12,0,10,0,0,0,35,0,6,0,7,0,24,0,0,0,0,0,0,0,0,0,0,0,0,0,0,0,0,0,0,0,5,0,14,0,0,0,4,0,13,0,3,0,3,0,75,0,110,0,15,0,8,0,70,0,4,0,0,0,1,0,0,0,0,0,0,0,0,0,1,0,0,0,0,0,0,0,2,2,0,0,0,2,9,0,0,11,38,0,23,0,0,0,3,0,0,0,0,0,0,0,0,0,0,0,0,0,0,0,0,0,13,0,2,0,0,0,0,0,20,0,0,0,0,0,16,0,0,0,0,5,46,0,0,0,0,3,165,0,38,2,19,1,63,1,0,0,2,0,17,0,6,0,9,4,72,0,0,0
2,146,34,29,0,2,144,52,8,74,0,0,0,0,82,9,183,31,51,0,51,0,127,8,0,145,0,0,175,0,0,0,3,0,0,0,0,0,148,0,0,0,0,1,0,0,0,0,0,0,0,0,26,7,87,13,10,0,0,0,15,19,305,34,5,0,2,0,0,0,0,0,0,0,0,1,0,0,0,0,0,0,0,0,0,0,0,0,0,0,0,0,0,0,0,0,0,0,0,0,0,0,0,0,0,0,0,0,0,0,0,0,0,0,0,0,0,0,0,0,0,0,0,0,5,0,21,0,5,0,5,0,6,0,15,0,7,0,0,0,0,0,14,0,1,0,24,0,7,0,40,1,11,0,12,0,0,0,13,0,27,0,0,0,0,0,0,0,0,0,2,0,26,2,1,0,3,23,0,0,0,0,0,16,3,0,0,0,0,0,0,0,0,0,0,0,0,0,0,0,8,0,0,0,0,0,0,0,5,0,5,0,0,0,56,2,0,0,0,0,54,5,18,0,14,0,17,1,60,10,9,1,87,5,5,0,1,0,17,0,7,0,4,0,73,7,0,0,0
47,50,25,112,0,0,111,235,119,16,0,1,0,0,0,47,11,65,0,29,0,62,17,110,145,0,0,0,0,52,0,2,0,2,0,0,0,0,7,11,0,0,0,0,0,0,0,0,0,0,0,0,4,4,38,96,0,15,0,0,9,5,38,112,0,0,0,0,0,0,0,0,0,0,0,0,0,0,0,0,0,0,0,0,0,6,0,0,0,0,0,0,0,0,0,3,0,1,0,0,0,0,0,0,0,0,0,4,0,0,0,0,0,0,0,0,0,0,0,0,0,0,0,0,0,6,0,4,0,10,0,3,0,2,0,35,0,61,0,0,0,1,0,6,0,0,0,3,0,0,0,6,0,0,0,7,0,0,0,4,0,4,0,0,0,0,0,0,0,0,0,1,2,3,2,0,6,35,0,3,0,0,1,8,0,0,0,0,0,0,0,0,0,0,0,0,0,0,0,0,0,0,0,0,0,0,0,4,0,10,0,2,0,0,0,7,0,0,0,0,0,22,0,0,0,0,0,6,2,11,0,0,0,22,0,0,0,0,2,0,0,0,0,3,3,36,0,0,0
170,0,89,0,73,44,26,0,40,0,155,19,211,476,117,6,57,0,175,126,122,27,48,0,0,0,0,477,26,0,26,1,15,0,94,0,66,0,0,0,63,188,108,0,100,28,97,235,19,0,200,1,0,0,0,0,0,0,8,0,0,0,19,0,4,0,0,0,0,0,27,0,0,0,11,0,0,0,0,0,0,0,0,0,205,0,0,0,0,0,0,0,0,0,0,0,88,0,0,0,0,0,0,0,0,0,143,0,0,0,0,0,0,0,0,0,0,0,0,0,0,0,0,0,2,0,0,0,0,0,0,0,0,0,0,0,0,0,29,0,0,0,0,0,54,0,0,0,0,0,36,0,0,0,0,0,4,0,0,0,0,0,0,0,58,0,29,0,60,0,0,0,16,0,2,0,26,46,19,0,0,0,0,0,0,0,11,12,0,0,0,0,0,0,0,0,0,0,0,0,0,0,0,0,0,0,0,0,0,0,0,0,0,0,6,0,0,0,187,81,115,0,28,13,431,0,113,0,107,0,0,0,0,0,8,0,30,0,15,0,5,0,0,0,67,0,0,0,0
0,127,0,58,37,186,2,26,0,0,0,107,409,83,8,69,0,14,154,397,0,67,0,25,0,0,477,0,0,9,0,19,0,5,17,65,8,35,0,0,229,28,54,323,37,160,112,112,10,30,32,275,0,0,0,0,0,7,0,0,0,4,0,0,0,0,0,0,0,0,0,0,0,0,0,1,0,0,0,0,0,0,0,0,0,0,0,19,0,0,0,0,0,0,0,0,0,0,0,5,0,0,0,0,0,0,0,0,0,0,0,0,0,0,1,0,0,0,0,0,0,11,0,17,0,0,0,0,0,0,0,0,0,0,0,0,0,0,0,24,0,20,0,43,0,21,0,0,0,0,0,0,0,0,0,0,0,0,0,0,0,0,0,0,0,24,0,25,0,0,0,3,0,6,0,0,21,48,10,0,0,0,0,0,0,0,45,2,0,0,0,0,0,0,0,0,0,0,0,0,0,0,0,0,0,0,0,0,0,5,0,0,0,0,1,0,0,0,0,371,0,49,0,0,0,398,4,85,0,153,0,55,0,83,0,7,0,0,0,10,0,0,0,0,1,0,0,0,0
87,0,120,3,45,0,0,0,8,0,12,0,0,0,19,4,220,0,29,0,194,0,193,0,175,0,26,0,0,0,68,0,38,0,3,0,7,0,7,0,0,0,15,0,0,0,0,0,0,0,10,0,6,0,9,0,0,0,0,0,0,0,59,0,0,0,0,0,0,0,1,0,0,0,1,0,0,0,0,0,11,0,0,0,68,0,0,0,0,0,12,0,0,0,8,0,10,0,0,0,0,0,0,0,0,0,0,0,0,0,0,0,0,0,0,0,0,0,0,0,5,0,10,0,0,0,2,0,0,0,0,0,0,0,19,0,30,0,39,0,19,0,73,0,17,0,0,0,0,0,4,0,0,0,4,0,0,1,12,0,3,0,0,0,0,0,0,0,0,0,1,0,0,0,0,0,24,1,0,0,0,0,8,0,9,0,0,0,0,0,0,0,0,0,0,0,0,0,0,0,11,0,0,0,0,0,0,0,8,0,0,0,0,0,0,0,0,0,0,0,0,0,0,0,0,0,13,1,0,0,0,0,0,0,0,0,0,0,0,0,0,0,0,0,4,0,0,0,0
7,70,21,192,5,90,0,39,0,0,11,39,0,0,6,87,5,119,0,7,0,77,37,26,0,52,0,9,0,0,0,12,0,12,0,6,0,0,0,3,0,0,0,7,0,0,0,0,0,0,0,0,0,14,0,25,0,15,0,10,0,0,0,62,0,0,0,0,0,0,0,3,0,0,0,0,0,0,0,0,0,9,0,0,0,28,0,0,0,12,0,8,0,0,0,13,0,3,0,0,0,10,0,0,0,0,0,15,0,0,0,0,0,0,0,0,0,0,0,0,0,0,0,14,0,0,0,0,0,13,0,3,0,0,0,84,0,144,0,203,0,22,0,84,0,13,0,1,0,2,0,0,0,0,0,9,0,0,0,10,0,6,0,0,0,0,0,0,0,0,0,0,0,0,0,0,0,45,0,19,0,0,0,1,0,4,0,0,0,0,0,0,0,0,0,0,0,0,0,1,0,3,0,0,0,0,0,3,0,9,0,0,0,0,0,0,0,0,0,0,0,0,0,0,0,0,0,57,0,6,0,0,0,0,0,0,0,0,0,4,0,0,0,0,0,0,0,0,0
12,0,52,0,300,37,0,1,0,0,149,16,61,0,139,10,89,0,78,13,58,4,24,0,0,0,26,0,68,0,0,0,13,11,68,0,8,0,3,0,0,0,14,0,5,0,0,0,0,0,39,0,0,0,0,0,19,0,2,0,0,0,24,0,0,0,0,0,0,0,0,0,0,0,0,0,0,0,5,0,12,0,6,0,94,0,0,0,0,0,12,0,2,0,0,0,20,0,9,0,0,0,0,0,0,0,27,0,0,0,0,0,0,0,0,0,0,0,0,0,0,0,10,0,0,0,0,0,0,0,0,0,0,0,9,0,23,0,16,0,12,0,33,0,17,0,1,0,1,0,3,0,0,0,5,0,1,0,0,0,5,0,0,0,0,0,47,0,0,0,0,0,10,0,0,1,25,4,13,0,0,0,3,0,0,0,0,0,2,0,0,0,0,0,0,0,0,0,0,0,0,0,0,0,0,0,0,0,0,0,0,0,0,0,3,0,0,0,0,0,54,9,0,0,7,0,15,3,41,0,0,0,0,0,0,0,0,0,5,0,3,0,2,1,31,6,0,0,0
0,18,0,25,0,150,0,6,0,6,7,34,0,7,8,41,0,11,4,109,4,57,3,4,0,2,1,19,0,12,0,0,0,2,0,4,0,3,2,0,0,0,0,48,0,0,0,0,0,0,0,25,0,0,0,4,0,0,0,0,0,1,0,5,0,0,0,0,0,1,0,1,0,0,0,0,0,0,0,2,0,4,0,0,0,0,0,0,0,4,0,0,0,0,0,8,0,0,0,2,0,7,0,0,0,0,0,3,0,0,0,0,0,0,0,0,0,0,0,0,0,0,0,11,0,0,0,0,0,3,0,0,0,0,0,24,0,25,0,31,0,15,0,18,0,11,0,0,0,0,0,0,0,0,0,1,0,0,0,0,0,0,0,0,0,0,0,6,0,0,0,0,0,2,0,0,3,18,0,7,0,0,0,0,0,0,0,0,0,0,0,0,0,0,0,0,0,0,0,0,0,0,0,0,0,0,0,0,0,0,0,0,0,0,0,0,0,0,0,0,0,39,0,0,0,8,0,47,0,34,0,8,0,35,0,0,0,0,0,1,0,0,0,3,2,21,0,0,0
41,7,89,6,289,75,0,0,0,0,310,41,47,0,90,25,29,3,29,0,49,9,42,9,3,0,15,0,38,0,13,0,0,11,49,0,78,0,2,0,0,0,23,0,16,0,0,0,0,0,18,0,0,0,0,0,0,0,0,0,3,0,7,0,1,0,0,0,0,0,1,0,0,0,0,0,0,0,0,0,0,0,0,0,0,0,3,0,0,0,3,0,0,0,0,0,1,0,2,0,0,0,0,0,0,0,0,0,0,0,0,0,0,0,0,0,0,0,0,0,0,0,0,0,0,0,1,0,0,0,1,0,0,0,0,0,7,0,6,0,0,1,0,0,0,0,0,0,0,0,0,0,0,0,0,0,4,0,0,0,0,0,0,0,0,0,57,0,0,0,0,0,27,0,1,0,30,11,19,0,0,0,4,0,0,0,0,0,0,0,0,0,0,0,0,0,0,0,0,0,0,0,0,0,0,0,0,0,0,0,0,0,0,0,0,0,0,0,1,0,60,8,1,0,0,0,31,12,48,0,0,0,0,0,0,0,0,0,5,0,4,0,0,0,18,0,0,0,0
0,38,20,61,27,331,0,3,0,4,30,83,5,0,47,48,3,13,0,25,18,43,16,0,0,2,0,5,0,12,11,2,11,0,0,5,0,33,0,2,0,0,0,8,0,0,0,0,0,0,0,0,0,0,0,0,0,1,0,0,0,3,0,3,0,0,0,0,0,0,0,1,0,0,0,0,0,0,0,0,0,0,0,2,0,0,0,0,0,0,0,0,0,0,0,0,0,0,0,0,0,0,0,0,0,0,0,0,0,0,0,0,0,0,0,0,0,0,0,0,0,1,0,4,0,0,0,0,0,3,0,0,0,1,0,0,0,14,0,21,0,0,0,11,0,2,0,1,0,1,0,0,0,0,0,0,0,1,0,0,0,0,0,0,0,0,3,0,0,0,0,0,1,2,0,0,17,83,3,40,0,1,0,6,0,0,0,0,0,0,0,0,0,0,0,0,0,0,0,0,0,0,0,0,0,0,0,0,0,0,0,0,0,0,0,4,0,0,0,0,4,46,0,0,0,0,0,72,0,21,0,9,1,25,1,0,1,0,0,3,0,0,0,0,0,16,0,0,0
12,0,1,0,101,0,0,0,4,0,10,0,163,32,26,2,5,0,342,17,45,10,0,0,0,0,94,17,3,0,68,0,49,0,0,0,97,0,0,0,0,0,21,0,27,0,8,4,0,0,92,1,0,0,1,0,0,0,3,0,0,0,0,0,0,0,2,0,0,0,0,0,0,0,0,0,0,0,2,0,0,0,0,0,0,0,0,0,0,0,0,0,0,0,0,0,0,0,0,0,0,0,0,0,0,0,0,0,0,0,0,0,0,0,0,0,0,0,0,0,0,0,0,0,0,0,0,0,0,0,0,0,0,0,0,0,0,0,0,0,0,0,0,0,5,0,1,0,0,0,0,0,0,0,0,0,2,0,0,0,0,0,2,0,29,0,33,0,52,0,3,0,21,0,0,0,18,0,7,0,0,0,0,0,0,0,0,0,0,0,0,0,0,0,0,0,0,0,0,0,0,0,0,0,0,0,0,0,0,0,0,0,0,0,0,0,0,0,17,0,67,0,0,1,158,0,72,0,68,0,0,0,0,0,0,0,0,0,0,0,0,0,3,0,29,0,0,0,0
0,0,0,10,7,67,0,0,0,2,0,8,0,24,4,23,0,2,0,183,0,81,0,2,0,0,0,65,0,6,0,4,0,5,0,0,0,89,0,4,0,0,0,29,0,13,0,2,0,0,0,52,0,0,0,0,0,0,0,0,0,4,0,2,0,0,0,0,0,0,0,0,0,0,0,0,0,0,0,0,0,6,0,0,0,12,0,0,0,1,0,0,0,0,0,0,0,2,0,0,0,0,0,0,0,0,0,0,0,0,0,0,0,0,0,0,0,0,0,0,0,9,0,14,0,0,0,0,0,3,0,0,0,0,0,15,0,0,0,39,0,18,0,22,0,19,0,0,0,4,0,0,0,0,0,0,0,8,0,2,0,4,0,1,0,1,0,4,0,0,0,3,0,11,0,0,0,0,0,1,0,0,0,0,0,0,0,0,0,0,0,0,0,0,0,0,0,0,0,0,0,0,0,0,0,0,0,0,0,0,0,0,0,0,0,0,0,0,0,14,0,61,0,0,0,33,0,58,0,64,0,25,0,0,0,3,0,0,0,0,0,0,0,0,0,0,0,0,0
60,0,54,4,226,33,0,0,8,0,212,23,73,0,54,17,2,0,72,0,39,0,29,0,0,0,66,8,7,0,8,0,78,0,97,0,0,3,46,0,1,2,78,0,66,0,0,0,11,0,151,0,0,0,0,0,8,0,0,0,37,0,22,0,0,0,0,0,0,0,5,0,0,0,0,0,0,0,0,0,11,0,0,0,42,0,7,0,0,0,7,0,0,0,0,0,0,0,0,0,0,0,6,0,0,0,15,0,0,0,0,0,0,0,0,0,0,0,0,0,0,0,11,0,0,0,0,0,0,0,1,0,2,0,0,0,26,0,95,0,46,0,19,0,87,0,0,0,0,0,0,0,0,0,5,0,46,0,6,0,0,0,2,0,13,0,43,0,26,0,22,0,48,0,0,1,15,2,23,0,0,0,0,0,0,0,2,1,0,0,0,0,0,0,0,0,0,0,0,0,3,0,0,0,0,0,0,0,0,0,1,0,0,0,3,0,0,0,0,0,69,2,7,0,14,0,31,6,98,0,12,0,0,0,0,0,6,0,0,0,3,0,0,0,17,0,0,0,0
5,47,0,36,8,233,0,0,0,6,13,129,0,17,9,20,0,0,0,65,4,27,31,5,0,0,0,35,0,0,0,3,0,33,0,89,3,0,0,11,0,0,0,43,0,5,0,0,0,1,0,52,0,0,0,2,0,3,0,0,0,24,0,8,0,0,0,0,0,0,0,3,0,0,0,0,0,0,0,0,0,4,0,3,0,6,0,0,0,0,0,0,0,0,0,6,0,0,0,0,0,3,0,0,0,0,0,0,0,0,0,0,0,0,0,0,0,0,0,0,0,1,0,10,0,0,0,0,0,0,0,0,0,1,0,13,0,20,0,97,0,34,0,13,0,42,0,0,0,0,0,0,0,0,0,1,0,35,0,0,0,4,0,0,0,4,0,0,0,0,0,6,0,7,0,0,0,48,0,25,0,1,0,0,0,0,1,0,0,0,0,0,0,0,0,0,0,0,0,0,0,0,0,0,0,0,0,0,0,0,0,0,0,0,0,0,0,0,0,7,0,57,0,2,0,23,0,142,0,52,0,13,0,34,0,4,0,0,0,2,0,2,0,0,0,13,0,0,0
401,21,273,14,92,12,64,0,53,0,51,12,4,0,18,11,101,7,7,0,15,0,190,12,148,7,0,0,7,0,3,2,2,0,0,0,46,0,0,0,2,0,2,0,0,0,0,0,0,0,4,0,0,0,1,0,6,0,0,0,6,0,48,0,0,0,0,0,0,0,3,0,0,0,0,0,0,0,0,0,0,0,0,0,0,0,4,0,0,0,3,0,0,0,0,0,0,0,0,0,0,0,0,0,0,0,0,0,0,0,0,0,0,0,0,0,0,0,0,0,0,0,0,0,0,0,2,0,0,0,0,0,0,0,5,0,15,0,61,0,16,0,21,0,44,0,0,0,0,0,0,0,4,0,5,0,24,0,3,0,0,0,2,0,0,0,2,0,0,0,5,0,20,0,4,0,107,2,0,0,7,0,40,0,28,0,0,0,0,0,0,0,0,0,0,0,0,0,0,0,0,0,0,0,0,0,0,0,0,0,0,0,0,0,9,0,0,0,0,0,11,0,0,0,0,0,87,4,10,0,0,0,11,4,0,0,0,0,0,0,2,0,8,0,11,4,0,0,0
21,229,31,291,14,95,0,57,3,9,0,72,0,0,2,55,19,66,0,0,4,12,69,12,0,11,0,0,0,3,0,0,0,2,0,4,0,11,0,0,0,0,0,5,0,0,0,0,0,0,0,1,0,7,0,9,0,0,0,0,0,19,2,11,0,0,0,0,0,0,0,1,0,0,0,0,0,0,0,0,0,0,0,0,0,0,0,0,0,1,0,0,0,0,0,7,0,0,0,1,0,0,0,0,0,0,0,0,0,0,0,0,0,0,0,0,0,0,0,0,0,0,0,5,0,0,0,0,0,0,0,2,0,1,0,0,0,25,0,43,0,14,0,8,0,9,0,7,0,0,0,0,0,0,0,0,0,4,0,0,0,0,0,0,0,0,0,0,0,0,0,0,0,2,0,0,7,98,0,44,0,0,0,10,0,5,0,0,0,0,0,0,0,0,0,0,0,0,0,0,0,0,0,0,0,0,0,0,0,3,0,0,0,0,0,2,0,0,0,0,2,9,0,1,0,0,0,130,0,14,0,1,0,6,0,0,0,0,0,3,0,0,0,0,0,12,0,0,0
30,0,21,0,45,0,10,0,0,0,79,0,444,77,26,0,0,0,28,25,0,0,0,0,0,0,63,229,0,0,0,0,0,0,0,0,1,0,2,0,0,169,28,0,18,66,65,214,214,9,13,2,0,0,0,0,0,0,0,0,0,0,0,0,0,0,0,0,0,0,0,0,0,0,0,0,0,0,0,0,0,0,0,0,0,0,0,0,0,0,0,0,0,0,0,0,0,0,0,0,0,0,0,0,0,0,0,0,0,0,0,0,0,0,0,0,0,0,0,0,0,0,0,0,0,0,0,0,0,0,0,0,0,0,0,0,0,0,0,0,0,0,0,0,0,0,0,0,0,0,1,0,0,0,0,0,0,0,0,0,0,0,0,0,7,0,0,0,0,0,0,0,0,0,0,0,17,67,6,0,0,0,0,0,1,0,87,7,0,0,0,0,0,0,0,0,0,0,0,0,0,0,0,0,0,0,0,0,0,0,0,0,0,0,0,0,0,0,178,81,0,0,35,65,14,0,0,0,0,0,0,0,0,0,0,0,0,0,0,0,0,0,0,0,0,0,0,0,0
0,155,0,34,0,64,0,20,0,5,3,265,90,429,0,0,0,0,16,28,0,2,0,0,0,0,188,28,0,0,0,0,0,0,0,0,2,0,0,0,169,0,9,0,35,26,98,171,18,176,0,4,0,0,0,0,0,0,0,0,0,0,0,0,0,0,0,0,0,0,0,0,0,0,0,0,0,0,0,0,0,0,0,0,0,0,0,0,0,0,0,0,0,0,0,0,0,0,0,0,0,0,0,0,0,0,0,0,0,0,0,0,0,0,0,0,0,0,0,0,0,0,0,0,0,0,0,0,0,0,0,0,0,0,0,0,0,0,0,0,0,0,0,0,0,0,0,0,0,0,0,0,0,0,0,0,0,0,0,0,0,0,0,0,0,8,0,0,0,0,0,0,0,0,0,0,12,184,0,2,0,1,0,0,0,0,27,0,0,0,0,0,0,0,0,0,0,0,0,0,0,0,0,0,0,0,0,0,0,0,0,0,0,0,0,0,0,0,103,47,0,0,0,138,0,0,0,0,0,0,0,4,0,0,0,0,0,0,0,0,0,0,0,0,0,0,0,0,0
0,0,0,0,0,3,0,0,1,0,0,0,43,10,0,0,3,0,13,8,0,0,0,0,0,0,108,54,15,0,14,0,23,0,21,0,78,0,2,0,28,9,0,0,159,4,48,24,22,0,205,0,0,0,0,0,19,0,0,0,5,0,5,0,0,0,0,0,0,0,14,0,0,0,0,0,0,0,0,0,0,0,16,0,71,0,0,0,0,0,8,0,0,0,0,0,0,0,0,0,7,0,0,0,2,0,0,0,0,0,0,0,0,0,0,0,0,0,0,0,17,0,0,0,0,0,0,0,1,0,0,0,0,0,0,0,11,0,18,0,15,0,0,0,0,0,1,0,0,0,0,0,0,0,0,0,0,0,0,0,0,0,1,0,32,0,41,0,11,0,0,0,3,0,0,0,0,0,0,0,0,0,3,0,0,0,20,2,0,0,0,0,0,0,0,0,0,0,0,0,0,0,0,0,0,0,0,0,5,0,0,0,0,0,0,0,0,0,81,17,19,0,10,4,107,0,6,0,9,0,6,0,0,0,0,0,0,0,0,0,0,0,0,0,0,0,0,0,0
0,6,0,0,0,12,0,0,0,0,0,6,0,33,0,5,0,0,4,79,0,23,1,4,1,0,0,323,0,7,0,48,0,8,0,29,0,43,0,5,0,0,0,0,0,174,0,51,0,55,0,116,0,2,0,0,0,0,0,5,0,13,0,7,0,0,0,0,0,0,0,0,0,0,0,0,0,0,0,0,0,0,0,0,0,14,0,0,0,0,0,0,0,0,0,5,0,0,0,3,0,0,0,0,0,0,0,3,0,0,0,0,0,0,0,0,0,0,0,0,0,0,0,12,0,0,0,0,0,5,0,2,0,0,0,0,0,19,0,44,0,32,0,30,0,27,0,0,0,0,0,0,0,0,0,0,0,6,0,0,0,0,0,0,0,22,0,20,0,23,0,0,0,9,0,0,0,4,0,0,0,0,0,0,0,0,0,5,0,0,0,0,0,0,0,0,0,0,0,0,0,0,0,0,0,0,0,0,0,0,0,1,0,0,0,2,0,0,0,136,0,0,0,24,0,156,1,0,0,85,0,0,0,0,0,5,0,2,1,0,0,0,0,0,0,0,0,0,0
0,0,0,0,0,2,0,0,1,0,0,0,0,0,0,0,0,0,13,0,0,0,0,0,0,0,100,37,0,0,5,0,16,0,27,0,66,0,0,0,18,35,159,0,0,8,74,28,147,7,130,0,0,0,0,0,36,0,0,0,4,0,0,0,0,0,0,0,0,0,8,0,0,0,0,0,4,0,0,0,23,0,14,0,94,0,17,0,0,0,0,0,0,0,0,0,25,0,20,0,0,0,0,0,0,0,0,0,0,0,0,0,0,0,0,0,0,0,0,0,0,0,12,0,0,0,0,0,0,0,0,0,0,0,0,0,5,0,6,0,12,0,29,0,17,0,0,0,0,0,0,0,0,0,0,0,2,0,0,0,0,0,4,0,69,0,13,0,10,0,10,0,14,0,0,0,0,3,0,0,0,0,0,0,0,0,7,1,0,0,0,0,0,0,0,0,0,0,0,0,0,0,0,0,0,0,0,0,0,0,0,0,0,0,0,0,7,0,268,26,28,0,92,19,164,0,10,0,40,0,0,0,0,0,0,0,3,0,0,0,0,0,0,0,0,0,0,0,0
0,9,0,0,0,0,0,0,0,5,0,13,17,8,0,4,0,0,0,61,0,31,0,2,0,0,28,160,0,0,0,0,0,0,0,13,0,5,0,0,66,26,4,174,8,0,25,76,7,90,0,101,0,0,0,0,0,0,0,0,0,0,0,0,0,0,0,0,0,2,0,0,0,0,0,0,0,0,0,0,0,2,0,6,0,6,0,6,0,4,0,1,0,0,0,4,0,0,0,0,0,1,0,0,0,0,0,0,0,0,0,0,0,0,0,0,0,0,0,0,0,0,0,0,0,2,0,0,0,0,0,0,0,0,0,0,0,7,0,0,0,0,0,0,0,0,0,0,0,0,0,0,0,0,0,0,0,0,0,0,0,4,0,0,0,80,0,0,0,21,0,0,0,1,0,0,0,36,0,0,0,0,0,0,0,0,4,42,0,0,0,0,0,0,0,0,0,0,0,0,0,0,0,0,0,0,0,0,0,0,0,0,0,2,0,0,0,2,22,377,0,4,3,275,0,59,0,13,0,28,0,0,0,0,0,0,0,2,0,0,0,0,0,0,0,8,0,0,0
9,0,6,0,4,0,0,0,1,0,23,0,85,16,4,0,0,0,24,2,2,0,0,0,0,0,97,112,0,0,0,0,0,0,8,0,0,0,0,0,65,98,48,0,74,25,0,123,70,0,17,0,0,0,1,0,0,0,0,0,0,0,0,0,0,0,0,0,1,0,0,0,0,0,0,0,0,0,1,0,0,0,0,0,9,0,0,0,0,0,0,0,0,0,0,0,0,0,0,0,0,0,0,0,0,0,0,0,0,0,0,0,0,0,0,0,0,0,0,0,0,0,0,0,0,0,0,0,0,0,0,0,0,0,0,0,0,0,0,0,0,0,0,0,0,0,0,0,0,0,0,0,0,0,0,0,0,0,0,0,0,0,0,0,8,1,2,0,4,0,0,0,0,0,0,0,1,21,1,0,0,0,0,0,2,0,13,3,0,0,0,0,0,0,0,0,0,0,0,0,0,0,0,0,0,0,0,0,0,0,0,0,0,0,0,0,0,0,331,55,6,0,63,47,66,0,6,0,4,0,2,0,2,0,0,0,0,0,0,0,2,0,1,0,0,0,0,0,0
0,143,0,43,0,47,0,35,0,12,0,95,124,138,0,0,0,0,25,78,6,3,0,0,0,0,235,112,0,0,0,0,0,0,4,2,0,0,0,0,214,171,24,51,28,76,123,0,14,94,14,26,0,0,0,0,0,0,0,0,0,0,0,0,0,5,0,4,0,0,0,0,0,0,0,0,0,0,0,0,0,0,0,0,0,0,0,0,0,0,0,0,0,0,0,0,0,0,0,0,0,0,0,0,0,0,0,0,0,0,0,0,0,0,0,0,0,0,0,0,0,0,0,0,0,0,0,0,0,0,0,0,0,0,0,0,0,0,0,0,0,0,0,0,0,0,0,0,0,0,0,0,0,0,0,0,0,0,0,0,0,0,0,0,0,17,0,0,0,0,0,0,0,0,0,0,7,103,0,0,0,0,0,0,0,0,49,1,0,0,0,0,0,0,0,0,0,0,0,0,0,0,0,0,0,0,0,0,0,0,0,0,0,0,0,0,0,0,76,120,0,11,0,151,0,13,0,5,0,9,0,4,0,0,0,0,0,0,0,0,0,0,0,0,0,0,0,0,0
0,2,4,0,4,0,5,0,3,0,13,2,47,4,1,0,0,0,0,0,0,0,0,0,0,0,19,10,0,0,0,0,0,0,0,0,11,0,0,0,214,18,22,0,147,7,70,14,0,12,18,0,0,0,0,0,9,0,0,0,0,0,0,0,0,0,1,0,3,0,0,0,0,0,0,0,2,0,4,0,0,0,8,0,5,0,3,0,0,0,0,0,2,0,3,0,0,0,0,0,0,0,1,0,1,0,0,0,0,0,0,0,0,0,0,0,0,0,0,0,0,0,0,0,0,0,0,0,0,0,0,0,0,0,2,0,0,0,0,0,2,0,0,0,1,0,0,0,0,0,1,0,1,0,1,0,2,0,0,0,0,0,3,0,5,0,1,0,1,0,2,0,0,0,0,0,9,11,11,0,0,0,0,0,0,0,91,0,0,0,0,0,0,0,0,0,0,0,0,0,5,0,3,0,0,0,0,0,0,0,2,0,0,0,5,0,7,0,146,6,18,0,151,66,22,0,7,0,31,0,2,0,3,2,2,0,2,0,7,0,0,0,1,0,10,0,0,0,0
0,24,0,0,0,6,0,3,0,0,0,38,3,37,0,0,0,0,0,11,0,10,1,0,0,0,0,30,0,0,0,0,0,0,0,0,0,1,0,0,9,176,0,55,7,90,0,94,12,0,0,22,0,0,0,0,0,0,0,0,0,0,0,0,0,0,0,0,0,1,0,1,0,0,0,0,0,0,0,0,0,1,0,0,0,4,0,2,0,0,0,1,0,0,0,0,0,0,0,0,0,0,0,0,0,1,0,0,0,0,0,0,0,0,0,0,0,0,0,0,0,0,0,2,0,0,0,0,0,0,0,0,0,0,0,0,0,0,0,0,0,0,0,0,0,0,0,0,0,0,0,1,0,0,0,0,0,0,0,0,0,3,0,0,0,13,0,1,0,0,0,0,0,0,0,0,0,67,0,3,0,0,0,0,0,0,10,106,0,0,0,0,0,0,0,0,0,0,0,0,0,0,0,0,0,1,0,0,0,0,0,2,0,0,0,0,0,0,25,36,0,8,15,240,0,6,0,10,0,14,0,2,0,11,0,0,0,0,0,0,0,0,0,0,0,7,0,0,0
0,1,0,0,17,0,3,0,0,0,9,0,117,0,5,0,0,0,138,15,29,0,2,0,0,0,200,32,10,0,39,0,18,0,92,0,151,0,4,0,13,0,205,0,130,0,17,14,18,0,0,0,0,0,0,0,17,0,4,0,3,0,0,0,0,0,1,0,0,0,8,0,0,0,2,0,8,0,4,0,23,0,0,0,47,0,10,0,0,0,0,0,0,0,12,0,0,0,0,0,0,0,0,0,0,0,0,0,0,0,0,0,0,0,0,0,0,0,0,0,5,0,0,0,1,0,0,0,0,0,0,0,0,0,0,0,0,0,0,0,6,0,22,0,14,0,0,0,0,0,0,0,0,0,1,0,0,0,0,0,9,0,0,0,33,0,19,0,62,0,9,0,24,0,0,0,4,0,0,0,0,0,0,0,0,0,27,0,0,0,0,0,0,0,0,0,1,0,0,0,0,0,0,0,0,0,3,0,3,0,0,0,0,0,0,0,2,0,20,7,20,0,0,0,167,0,7,0,36,1,0,0,0,0,2,0,1,0,0,0,0,0,0,0,11,0,0,0,0
0,2,0,0,0,14,0,0,0,0,1,5,0,44,0,0,0,1,0,157,0,46,0,0,0,0,1,275,0,0,0,25,0,0,1,52,0,52,0,1,2,4,0,116,0,101,0,26,0,22,0,0,0,0,0,0,0,4,0,0,0,7,0,0,0,0,0,0,0,0,0,2,0,0,0,0,0,10,0,0,0,15,0,0,0,17,0,9,0,3,0,0,0,2,0,9,0,0,0,4,0,0,0,5,0,0,0,0,0,0,0,0,0,0,1,0,0,0,0,0,0,0,0,15,0,0,0,0,0,0,0,0,0,0,0,19,0,18,0,32,0,20,0,20,0,25,0,0,0,0,0,0,0,0,0,0,0,0,0,0,0,11,0,0,0,5,0,6,0,23,0,0,0,6,0,0,0,0,0,0,0,0,0,0,0,0,0,33,0,0,0,0,0,0,0,0,0,0,0,0,0,0,0,0,0,0,0,0,0,0,0,0,0,0,0,3,0,5,0,55,0,33,0,21,0,120,0,18,0,63,0,25,0,25,0,5,0,1,0,0,0,0,0,0,0,20,0,0,0
6,1,0,0,4,0,189,21,215,90,3,0,0,0,13,0,49,0,12,0,16,0,14,0,26,4,0,0,6,0,0,0,0,0,0,0,0,0,0,0,0,0,0,0,0,0,0,0,0,0,0,0,0,8,265,50,61,8,46,47,44,0,88,12,0,0,13,55,0,0,0,0,0,0,2,0,3,0,0,0,4,0,0,0,75,0,0,0,0,0,0,0,0,0,0,0,19,0,13,0,0,0,0,0,0,0,66,0,0,0,0,0,0,0,0,0,0,0,0,0,10,0,13,0,4,0,14,0,23,0,2,0,17,0,57,0,104,0,154,0,20,0,161,0,17,0,0,0,0,0,9,0,0,0,287,5,34,0,252,0,37,0,1,0,0,0,0,0,0,0,47,0,2,0,0,0,35,12,0,0,0,0,0,0,0,0,0,0,0,0,0,0,0,0,0,0,0,0,0,0,28,0,0,0,0,0,0,0,33,0,0,0,0,0,73,0,0,0,8,0,40,0,18,0,28,0,58,0,86,0,0,0,52,0,30,0,2,0,43,0,9,0,14,0,92,0,0,0,0
0,27,0,0,0,1,17,112,36,144,0,0,0,0,0,3,0,20,0,7,0,6,0,5,7,4,0,0,0,14,0,0,0,0,0,0,0,0,0,7,0,0,0,2,0,0,0,0,0,0,0,0,8,0,36,71,8,86,10,27,0,4,3,14,0,0,18,3,0,0,0,0,0,1,0,0,0,0,0,0,0,0,0,0,0,0,0,0,0,0,0,0,0,0,0,0,0,0,0,0,0,0,0,0,0,0,0,0,0,0,0,0,0,0,0,0,0,0,0,0,0,0,0,0,0,0,0,0,0,52,0,22,0,6,0,17,0,51,0,83,0,0,0,10,0,4,0,0,0,0,0,2,0,0,2,82,0,30,0,27,1,8,0,1,0,0,0,0,0,0,0,14,0,1,0,0,10,43,0,0,0,0,0,3,0,7,0,0,0,0,0,0,0,0,0,0,0,0,0,0,0,0,0,0,0,0,0,2,0,2,0,0,0,0,0,36,0,1,0,0,0,49,0,0,0,2,0,6,0,46,0,0,0,48,0,15,0,0,0,17,0,1,0,1,2,70,0,0,0
0,31,12,3,0,2,211,49,123,200,0,0,0,0,79,0,93,7,45,0,31,0,78,0,87,38,0,0,9,0,0,0,0,0,1,0,0,0,1,0,0,0,0,0,0,0,1,0,0,0,0,0,265,36,0,103,192,9,136,29,33,0,66,45,7,0,68,32,0,0,0,0,0,0,0,0,0,0,1,0,0,0,0,0,0,0,0,0,0,0,0,0,0,0,0,0,0,0,0,0,0,0,0,0,0,0,1,0,0,0,0,0,0,0,1,0,0,0,0,0,0,0,0,0,26,0,15,0,8,0,23,0,14,0,17,0,12,0,4,0,0,0,0,0,0,0,13,0,2,0,18,0,3,0,115,4,38,4,27,0,127,0,0,0,0,0,0,0,0,0,45,1,0,0,0,0,24,25,0,0,0,0,0,2,0,9,0,0,0,0,0,0,0,0,0,0,0,0,1,0,0,0,0,0,0,0,2,0,6,0,15,0,0,0,134,2,0,0,9,0,103,8,42,0,51,0,50,0,139,5,8,0,111,3,37,0,5,0,89,1,13,0,24,1,176,3,0,0,0
0,22,2,61,0,13,41,236,104,70,0,8,0,7,0,60,3,42,0,52,0,35,0,65,13,96,0,0,0,25,0,4,0,0,0,0,0,2,0,9,0,0,0,0,0,0,0,0,0,0,0,0,50,71,103,0,16,170,26,22,0,10,14,56,0,12,63,10,0,0,0,0,0,0,0,0,0,0,0,0,0,0,0,0,0,1,0,0,0,0,0,0,0,0,0,0,0,0,0,0,0,0,0,0,0,0,0,2,0,0,0,0,0,0,0,0,0,0,0,0,0,0,0,0,0,18,0,20,0,27,0,31,0,27,0,15,0,102,0,16,0,0,0,0,0,0,0,11,0,7,0,25,0,1,10,129,0,18,0,22,0,73,0,0,0,0,0,3,0,1,0,15,0,7,0,0,14,23,0,0,0,0,0,0,0,0,0,0,0,0,0,0,0,0,0,0,0,2,0,2,0,2,0,1,0,0,0,0,0,25,0,0,0,0,2,147,0,0,0,2,0,220,0,9,0,21,0,20,3,183,1,0,0,138,0,72,0,7,0,42,0,4,0,5,1,152,0,0,0
5,0,7,0,14,0,95,0,42,0,0,0,6,0,21,0,27,0,49,0,69,0,0,0,10,0,0,0,0,0,19,0,0,0,0,0,8,0,6,0,0,0,19,0,36,0,0,0,9,0,17,0,61,8,192,16,0,7,139,58,4,0,5,3,69,0,56,95,0,0,0,0,0,0,0,0,0,0,0,0,0,0,0,0,0,0,0,0,0,0,0,0,0,0,0,0,0,0,0,0,0,0,0,0,0,0,0,0,0,0,0,0,0,0,2,0,0,0,0,0,0,0,0,0,25,0,16,0,13,0,97,0,14,0,2,0,5,0,0,0,0,0,0,0,11,1,5,0,78,0,0,0,0,0,226,8,112,1,166,4,434,0,57,0,0,0,14,0,23,0,88,0,7,0,0,1,5,0,0,0,5,2,0,0,6,13,0,0,0,0,0,0,0,0,0,0,0,0,0,0,0,0,2,0,0,0,0,0,3,0,0,0,9,0,241,1,0,0,27,1,235,0,131,1,101,0,94,0,388,1,11,0,301,0,461,0,13,0,236,0,19,0,39,0,264,0,0,0,0
0,6,2,0,0,0,4,54,10,95,0,0,0,0,0,7,0,19,0,0,0,19,0,13,0,15,0,7,0,15,0,0,0,1,0,0,0,3,0,0,0,0,0,0,0,0,0,0,0,0,0,4,8,86,9,170,7,0,23,238,0,1,1,17,9,10,56,86,0,0,0,0,0,0,0,0,0,0,0,0,0,0,0,0,0,0,0,0,0,0,0,0,0,0,0,0,0,0,0,0,0,0,0,0,0,0,0,0,0,0,0,0,0,0,0,0,0,0,0,0,0,0,0,0,0,29,0,35,0,40,0,52,0,6,0,15,0,45,0,12,0,0,0,3,0,0,0,15,0,9,0,45,0,0,4,146,0,9,0,83,17,122,0,4,0,0,0,0,0,1,0,55,0,2,0,0,2,0,0,0,0,1,0,0,1,7,0,0,0,0,0,0,0,0,0,0,0,0,0,0,0,0,0,0,0,0,0,0,0,13,0,0,0,4,2,185,0,0,0,7,2,305,0,0,0,50,0,90,0,320,0,2,0,121,2,188,0,8,0,50,0,2,0,8,2,152,0,0,0
4,0,0,0,4,0,122,0,38,26,3,0,0,0,0,0,0,0,3,0,0,0,0,0,0,0,8,0,0,0,2,0,0,0,3,0,0,0,0,0,0,0,0,0,0,0,0,0,0,0,4,0,46,10,136,26,139,23,0,99,6,0,0,0,226,7,142,103,0,0,0,0,0,0,0,0,0,0,0,0,0,0,0,0,0,0,0,0,0,0,0,0,0,0,0,0,0,0,0,0,0,0,0,0,0,0,0,0,0,0,0,0,0,0,0,0,0,0,0,0,0,0,0,0,2,0,0,0,1,0,64,0,2,0,0,0,0,0,0,0,0,0,0,0,6,0,0,0,66,0,0,0,0,0,59,20,63,4,5,7,38,4,0,0,1,0,3,0,7,0,4,0,3,0,0,0,28,9,0,0,22,4,0,0,19,43,0,0,0,0,0,0,0,0,0,0,0,0,0,0,0,0,0,0,0,0,0,0,0,0,4,0,2,0,138,0,1,0,8,0,87,0,34,0,44,0,39,0,113,0,3,0,139,1,155,0,12,0,148,1,14,0,32,0,160,0,0,0,0
0,0,2,0,0,8,0,7,0,84,1,0,0,0,0,7,0,7,0,0,1,0,0,6,0,0,0,0,0,10,0,0,0,0,0,0,0,0,0,0,0,0,0,5,0,0,0,0,0,0,0,0,47,27,29,22,58,238,99,0,0,4,0,3,47,177,250,606,0,0,0,1,0,0,0,0,0,0,0,0,0,1,0,0,0,0,0,0,0,0,0,0,0,0,0,0,0,0,0,0,0,0,0,0,0,0,0,0,0,0,0,0,0,0,0,0,0,0,0,0,0,0,0,0,0,54,0,11,0,0,9,14,0,0,0,2,0,8,7,0,0,1,0,0,0,16,0,14,0,52,0,11,0,0,37,55,3,32,15,22,90,41,0,6,0,0,0,0,0,2,0,29,0,0,2,26,0,0,0,0,0,107,0,0,8,141,0,0,0,0,0,0,0,0,0,0,0,0,0,1,0,0,0,0,0,0,0,6,0,11,0,0,0,0,2,294,0,0,1,18,0,328,0,36,1,86,2,170,0,462,0,0,1,264,0,449,0,7,0,177,3,11,0,19,7,345,0,0,0
42,0,21,0,0,0,172,0,330,6,0,0,0,0,1,0,0,0,0,0,0,0,5,0,15,9,0,0,0,0,0,0,3,0,0,0,37,0,6,0,0,0,5,0,4,0,0,0,0,0,3,0,44,0,33,0,4,0,6,0,0,0,20,0,0,0,11,0,0,0,1,0,0,0,0,0,0,0,0,0,0,0,0,0,5,0,0,0,0,0,0,0,0,0,0,0,0,0,0,0,0,0,0,0,0,0,0,0,0,0,0,0,0,0,0,0,0,0,0,0,0,0,1,0,0,0,0,0,0,0,0,0,0,0,0,0,1,0,119,0,15,0,0,0,135,0,0,0,0,0,1,0,0,0,15,0,91,0,8,0,0,0,0,0,0,0,0,0,0,0,27,0,43,0,6,0,69,4,0,0,0,0,8,0,0,0,0,0,0,0,0,0,0,0,0,0,0,0,0,0,0,0,0,0,0,0,0,0,0,0,0,0,0,0,31,0,0,0,2,0,30,0,0,0,9,0,68,0,38,0,4,0,31,0,0,0,1,0,25,0,16,0,16,0,51,0,0,0,0
10,202,11,54,0,3,15,144,10,32,0,0,0,0,0,1,6,3,0,4,0,4,0,5,19,5,0,4,0,0,0,1,0,3,0,4,0,24,0,19,0,0,0,13,0,0,0,0,0,0,0,7,0,4,0,10,0,1,0,4,0,0,0,10,0,0,0,0,0,0,0,2,0,2,0,0,0,0,0,0,0,0,0,0,0,0,0,0,0,0,0,0,0,0,0,0,0,0,0,0,0,0,0,0,0,0,0,0,0,0,0,0,0,0,0,0,0,0,0,0,0,0,0,3,0,2,0,1,0,2,0,0,1,0,0,0,0,0,0,66,0,31,0,4,0,67,0,0,0,0,0,0,0,0,0,1,0,35,0,2,0,0,0,0,0,0,0,0,0,0,0,4,0,10,0,0,0,109,0,4,0,4,0,15,0,0,0,0,0,0,0,0,0,0,0,0,0,0,0,0,0,0,0,0,0,0,0,0,0,0,0,0,0,0,0,25,0,0,0,0,0,96,0,0,0,2,0,54,0,52,0,0,0,33,0,6,1,1,0,2,0,0,0,0,2,23,0,0,0
46,11,40,0,0,0,367,27,253,54,0,0,0,0,18,0,153,4,13,1,72,0,39,0,305,38,19,0,59,0,24,0,7,0,0,0,22,0,48,2,0,0,5,0,0,0,0,0,0,0,0,0,88,3,66,14,5,1,0,0,20,0,0,13,0,0,0,0,0,0,0,0,0,0,4,0,0,0,0,0,0,0,0,0,34,0,0,0,0,0,0,0,0,0,0,0,0,0,0,0,0,0,0,0,0,0,0,0,0,0,0,0,0,0,0,0,0,0,0,0,0,0,0,0,0,0,2,0,5,0,0,0,0,0,14,0,50,0,246,0,65,0,76,0,98,0,2,0,0,0,6,0,0,0,72,0,34,0,56,0,2,0,0,0,0,0,0,0,0,0,3,0,3,0,7,0,79,5,0,0,2,0,9,1,0,0,0,0,0,0,0,0,0,0,0,0,0,0,0,0,8,0,0,0,0,0,0,0,2,0,0,0,0,0,9,0,0,0,0,0,8,0,4,0,4,0,96,1,8,3,2,0,17,0,0,0,0,0,22,0,14,0,16,0,26,0,0,0,0
3,191,4,51,0,6,42,446,42,113,0,2,0,0,0,6,0,167,2,0,0,33,2,37,34,112,0,0,0,62,0,5,0,3,0,2,0,8,0,11,0,0,0,7,0,0,0,0,0,0,0,0,12,14,45,56,3,17,0,3,0,10,13,0,0,0,0,0,0,0,0,0,0,0,0,0,0,0,0,0,0,0,0,0,0,0,0,0,0,0,0,0,0,0,0,0,0,0,0,0,0,0,0,0,0,0,0,0,0,0,0,0,0,0,0,0,0,0,0,0,0,0,0,0,0,0,0,0,0,7,0,2,0,0,0,0,0,17,0,66,0,7,0,5,0,9,0,3,0,0,0,0,0,0,0,12,0,23,0,6,0,0,0,0,0,0,0,0,0,0,0,0,0,0,0,0,9,162,0,0,0,0,0,15,0,0,0,0,0,0,0,0,0,0,0,0,0,0,0,0,0,0,0,0,0,0,0,0,0,0,0,0,0,0,0,10,0,0,0,0,0,29,0,0,0,0,0,4,0,16,0,1,0,27,0,0,0,2,0,4,0,0,0,0,0,28,0,0,0
0,0,15,0,12,0,12,0,56,0,0,0,0,0,40,0,0,0,9,0,0,0,11,0,5,0,4,0,0,0,0,0,1,0,0,0,0,0,0,0,0,0,0,0,0,0,0,0,0,0,0,0,0,0,7,0,69,9,226,47,0,0,0,0,0,15,139,16,0,0,0,0,0,0,0,0,0,0,0,0,0,0,0,0,0,0,0,0,0,0,0,0,0,0,0,0,0,0,0,0,0,0,0,0,0,0,0,0,0,0,0,0,0,0,0,0,0,0,0,0,0,0,0,0,34,0,6,0,0,0,85,0,3,0,0,0,0,0,1,4,0,0,0,0,1,2,55,0,95,0,25,0,55,0,0,19,0,0,3,18,138,34,0,0,0,0,0,0,0,0,2,0,0,0,17,22,0,0,0,0,115,18,4,0,38,0,0,0,0,0,0,0,0,0,0,0,1,0,0,0,0,0,0,0,0,0,0,0,1,0,0,0,0,0,16,0,0,0,0,0,0,0,0,0,0,0,9,0,34,0,0,0,0,0,49,0,1,0,36,0,0,0,5,0,2,0,0,0,0
0,79,0,11,0,19,0,33,0,242,0,8,0,3,0,55,0,0,0,25,0,0,0,0,0,0,0,0,0,0,0,0,0,0,0,0,0,0,0,0,0,0,0,0,0,0,0,5,0,0,0,0,0,0,0,12,0,10,7,177,0,0,0,0,15,0,0,283,0,0,0,7,0,0,0,2,0,0,0,1,0,0,0,0,0,0,0,0,0,0,0,0,0,0,0,0,0,0,0,0,0,0,0,0,0,0,0,0,0,0,0,0,0,0,0,0,0,0,0,0,0,0,0,1,13,115,0,29,12,0,46,50,0,1,0,7,0,6,22,8,3,0,0,0,4,7,0,76,28,149,2,13,0,36,9,0,0,0,18,2,24,116,0,0,0,0,0,0,0,0,0,0,0,0,12,117,0,4,0,0,0,142,0,0,0,24,0,0,0,0,0,0,0,0,0,0,0,1,0,0,0,0,0,0,0,0,0,0,0,4,0,0,0,0,0,0,0,0,0,0,0,0,0,0,0,2,0,44,0,40,0,0,0,0,0,45,0,0,0,9,0,0,0,0,0,26,0,0,0
5,0,4,0,3,0,79,4,56,40,2,0,0,0,8,0,1,0,0,0,0,0,0,0,2,0,0,0,0,0,0,0,0,0,2,0,0,0,0,0,0,0,0,0,0,0,0,0,1,0,1,0,13,18,68,63,56,56,142,250,11,0,0,0,139,0,0,113,0,0,0,0,0,0,0,0,0,0,0,0,0,0,0,0,0,0,0,0,0,0,0,0,0,0,0,0,0,0,0,0,0,0,0,0,0,0,0,0,0,0,0,0,0,0,0,0,0,0,0,0,0,0,0,0,12,0,3,0,0,0,68,0,0,0,0,0,0,0,0,0,0,0,0,0,2,0,5,0,55,0,1,0,0,0,12,15,35,2,3,6,102,5,0,0,0,0,2,0,1,0,5,0,1,0,10,0,157,13,0,0,102,17,5,0,119,79,0,0,0,0,0,0,0,0,0,0,0,0,0,0,0,0,0,0,0,0,0,0,0,0,0,0,2,0,53,0,1,0,0,0,58,0,13,0,15,0,14,0,77,0,0,0,64,0,104,0,0,0,61,0,0,0,19,0,85,0,0,0,0
0,39,0,2,0,14,0,22,0,218,0,4,0,0,0,0,0,0,0,13,2,0,0,0,0,0,0,0,0,0,0,0,0,0,0,0,0,0,0,0,0,0,0,0,0,0,0,4,0,0,0,0,55,3,32,10,95,86,103,606,0,0,0,0,16,283,113,0,0,0,0,0,0,0,0,0,0,0,0,0,0,0,0,0,0,0,0,0,0,0,0,0,0,0,0,0,0,0,0,0,0,0,0,0,0,0,0,0,0,0,0,0,0,0,0,0,0,0,0,0,0,0,0,0,0,60,0,0,0,0,20,23,0,0,0,0,0,4,11,0,0,0,0,0,2,7,0,5,0,130,0,0,0,10,30,3,3,4,17,2,71,73,0,0,0,0,0,0,0,0,0,0,0,0,6,79,0,55,0,1,2,267,0,1,0,570,0,0,0,0,0,0,0,0,0,0,0,0,0,0,0,0,0,0,0,0,0,0,0,2,0,0,0,0,0,64,0,0,0,3,0,77,0,17,0,12,0,82,0,96,0,1,0,73,0,122,0,0,0,43,0,0,0,5,0,116,0,0,0
0,0,0,0,0,0,0,0,0,0,0,0,0,0,0,0,0,0,0,0,0,0,0,0,0,0,0,0,0,0,0,0,0,0,0,0,0,0,0,0,0,0,0,0,0,0,1,0,3,0,0,0,0,0,0,0,0,0,0,0,0,0,0,0,0,0,0,0,0,0,0,0,1,0,0,0,58,0,13,0,6,0,23,0,0,0,7,0,11,0,0,0,8,0,2,0,0,0,0,0,0,0,73,0,3,0,3,0,4,0,0,0,0,0,0,0,2,0,0,0,0,0,1,0,1,0,0,0,0,0,0,0,0,0,0,0,0,0,0,0,0,0,3,0,0,0,0,0,0,0,0,0,0,0,0,0,0,0,0,0,0,0,0,0,3,0,0,0,80,0,1,0,1,0,0,0,0,0,0,0,0,0,0,0,0,0,0,0,0,0,0,0,0,0,0,0,0,0,0,0,0,0,0,0,0,0,0,0,0,0,3,0,75,0,55,0,33,0,0,0,0,0,62,0,20,0,2,0,13,0,1,0,0,0,0,0,0,0,0,0,7,0,0,0,0,0,0,0,0
0,0,0,0,0,0,0,0,0,0,0,0,0,0,0,0,0,0,0,0,0,0,0,0,0,0,0,0,0,0,0,1,0,0,0,0,0,0,0,0,0,0,0,0,0,2,0,0,0,1,0,0,0,0,0,0,0,0,0,0,0,0,0,0,0,0,0,0,0,0,0,0,0,1,0,0,0,68,0,3,0,0,0,96,0,0,0,38,0,13,0,0,0,52,0,35,0,0,0,0,0,2,0,95,0,0,0,0,0,31,0,3,0,0,0,0,0,2,0,0,0,0,0,0,0,0,0,0,0,0,0,0,0,0,0,3,0,0,0,0,0,0,0,0,0,0,0,0,0,0,0,0,0,0,0,0,0,0,0,0,0,0,0,0,0,37,0,0,0,41,0,0,0,0,0,0,0,0,0,0,0,0,0,0,0,0,0,0,0,0,0,0,0,0,0,0,0,0,0,0,0,0,0,0,0,0,0,0,0,0,0,2,0,85,0,24,0,12,0,16,0,0,0,44,0,28,0,0,0,29,0,0,0,0,0,0,0,0,0,0,0,0,0,0,0,0,0,0,0
0,0,0,0,4,0,0,0,1,0,0,0,0,0,0,0,9,0,0,0,29,0,0,0,0,0,27,0,1,0,0,0,1,0,0,0,5,0,3,0,0,0,14,0,8,0,0,0,0,0,8,0,0,0,0,0,0,0,0,0,1,0,0,0,0,0,0,0,0,0,0,1,240,0,302,0,20,0,122,0,7,0,0,0,0,0,42,0,0,0,0,0,0,0,0,0,2,0,2,0,0,0,0,0,0,0,0,0,0,0,0,0,0,0,0,0,0,0,0,0,127,3,8,0,13,2,14,0,11,0,4,0,10,0,25,0,34,0,10,15,144,2,85,0,86,2,18,2,7,0,38,0,33,0,0,0,6,0,0,0,0,3,49,0,0,0,5,0,35,0,27,0,8,0,18,8,0,0,0,0,4,2,0,0,47,0,0,0,0,0,0,0,0,0,0,0,4,0,21,0,5,0,0,0,0,0,12,0,33,0,3,0,0,0,9,0,1,0,0,0,15,0,47,0,17,0,0,0,55,0,0,0,0,0,6,0,1,0,0,0,9,0,0,0,3,0,0,0,0
0,0,0,0,0,0,0,0,0,0,0,0,0,0,0,0,0,0,0,6,0,3,0,0,0,0,0,0,0,3,0,1,0,1,0,0,0,3,0,1,0,0,0,0,0,0,0,0,0,1,0,2,0,0,0,0,0,0,0,1,0,2,0,0,0,7,0,0,0,0,1,0,0,197,0,138,0,4,0,75,0,0,0,0,0,7,0,42,0,0,0,0,0,0,0,0,0,0,0,0,0,0,0,0,0,0,0,0,0,0,0,0,0,0,0,0,0,0,0,0,0,30,0,25,2,15,0,26,0,0,4,10,2,23,2,37,8,21,5,34,7,38,0,23,0,82,3,34,0,50,0,36,0,78,0,1,0,0,0,1,0,2,0,3,0,0,0,0,0,4,0,0,0,2,5,44,0,0,0,0,3,47,0,0,0,24,0,0,0,0,0,0,0,0,0,0,0,3,0,4,0,8,0,0,0,0,0,24,0,25,0,0,0,0,0,0,0,0,0,0,0,0,0,0,0,1,0,9,0,13,0,0,0,0,0,5,0,0,1,10,0,0,0,1,0,8,0,0,0
0,0,0,0,1,0,0,0,0,0,0,0,0,0,0,0,0,0,0,0,0,0,0,0,0,0,0,0,0,0,0,0,0,0,0,0,0,0,0,0,0,0,0,0,0,0,0,0,0,0,0,0,0,0,0,0,0,0,0,0,0,0,0,0,0,0,0,0,1,0,240,0,0,0,74,0,64,0,162,0,7,0,13,0,10,0,24,0,0,0,3,0,0,0,2,0,0,0,0,0,0,0,3,0,0,0,0,0,0,0,0,0,0,0,0,0,0,0,0,0,42,0,7,0,6,0,7,0,2,0,1,2,5,0,47,0,24,0,21,1,69,0,79,0,69,0,3,0,4,0,33,0,9,0,0,0,21,0,0,0,1,0,54,0,1,0,3,0,8,0,3,0,2,0,0,0,0,0,0,0,0,0,0,0,6,0,0,0,0,0,6,0,10,0,0,0,8,0,33,0,33,0,25,0,0,0,34,0,64,0,0,0,0,0,9,0,2,0,0,0,2,0,17,0,5,0,0,0,20,0,0,0,0,0,2,0,0,0,32,0,89,0,36,0,2,0,0,0,0
