0,199,35,88,52,84,55,0,98,0,73,26,61,0,20,144,0,138,19,0,6,0,5,285,3,203,24,0,57,19,0,0,0,10,0,0,17,0,739,0,0,0,0,0,0,0,0,0,0,0,0,0,0,0,9,0,0,0,10,0,129,0,0,21,9,0,0,0,0,0,0,0,0,0,0,0,0,0,0,0,0,0,0,0,0,0,0,0,0,0,0,0,0,0,0,0,0,0,0,0,0,0,0,0,0,0,0,0,0,0,0,0,0,0,0,0,0,0,0,0,0,0,0,0,0,0,17,0,0,0,18,0,0,0,4,0,2,0,0,0,0,0,0,0,0,0,0,0,12,0,0,0,0,0,0,0,0,0,0,0,8,0,0,0,11,0,0,0,0,0,0,0,126,0,0,0,490,130,18,0,0,0,97,0,12,0,0,0,0,0,0,0,0,0,0,0,0,0,0,0,0,0,0,0,0,0,0,0,0,0,427,245,70,0,171,0,0,0,0,10,0,0,0,0,0
199,0,248,86,0,167,120,68,79,43,0,197,0,97,0,23,50,0,0,168,74,0,137,43,77,17,0,141,23,149,0,0,3,213,0,0,0,129,0,438,0,0,0,0,0,49,0,0,0,0,0,9,0,0,0,5,0,0,0,18,0,176,73,207,0,45,0,14,0,0,0,0,0,0,0,0,0,0,0,0,0,0,0,0,0,0,0,0,0,0,0,0,0,0,0,0,0,0,0,0,0,0,0,0,0,0,0,0,0,0,0,0,0,0,0,0,0,0,0,0,0,0,0,0,0,28,0,15,0,0,0,17,0,11,0,76,0,46,0,0,0,0,0,0,0,0,0,44,0,103,0,0,0,60,0,0,0,0,0,0,0,0,0,0,0,13,0,13,0,39,0,22,0,216,0,0,86,558,0,12,0,0,0,90,0,84,0,1,0,0,0,0,0,0,0,0,0,0,0,0,0,0,0,0,0,0,0,61,0,91,0,2,0,0,386,0,0,0,1200,282,390,0,3,5,0
35,248,0,97,165,95,71,0,7,0,54,0,41,0,197,150,29,105,50,0,36,0,55,210,36,107,0,0,159,0,99,0,0,13,0,0,0,0,633,13,0,0,0,0,0,0,0,0,51,0,0,0,14,0,59,0,0,0,4,0,152,0,138,0,3,0,0,0,0,0,0,0,0,0,0,0,0,0,0,0,0,0,0,0,0,0,0,0,0,0,0,0,0,0,0,0,0,0,0,0,0,0,0,0,0,0,0,0,0,0,0,0,0,0,0,0,0,0,0,0,0,0,0,0,0,0,57,0,9,0,0,0,0,0,0,0,21,0,0,0,0,0,0,0,0,0,5,0,0,0,0,0,4,0,0,0,0,0,0,0,0,0,0,0,25,0,0,0,0,0,0,0,156,0,0,0,107,90,0,0,0,0,0,0,0,0,0,0,0,0,0,0,0,0,0,0,0,0,0,0,0,0,0,0,0,0,4,0,42,0,909,170,281,352,661,0,0,1,3,7,0,0,0,0,0
88,86,97,0,0,39,0,101,0,5,0,17,0,2,0,120,0,38,0,134,29,0,0,135,0,32,0,26,0,236,0,0,0,174,0,0,0,22,0,313,0,0,0,0,0,0,0,0,0,0,0,0,0,0,0,26,0,0,0,4,0,0,8,56,0,0,0,0,0,0,0,0,0,0,0,0,0,0,0,0,0,0,0,0,0,0,0,0,0,0,0,0,0,0,0,0,0,0,0,0,0,0,0,0,0,0,0,0,0,0,0,0,0,0,0,0,0,0,0,0,0,0,0,0,0,14,0,0,0,0,0,0,0,19,0,254,0,250,0,0,0,5,0,0,0,0,0,0,0,19,0,0,0,15,0,0,0,0,0,0,0,0,0,0,0,0,0,16,0,0,0,0,0,119,0,0,21,112,0,7,0,0,0,0,0,9,0,0,0,0,0,0,0,0,0,0,0,0,0,0,0,0,0,0,0,0,0,35,0,106,0,0,0,0,207,0,0,0,403,46,316,0,1,0,1
52,0,165,0,0,295,23,0,29,0,168,133,468,229,176,358,10,0,188,469,153,189,8,129,2,0,205,0,0,0,143,0,265,0,136,0,159,0,233,0,82,0,0,0,34,0,40,0,0,0,0,0,1,0,9,0,0,0,0,0,0,0,0,1,13,0,0,0,0,0,0,0,0,0,0,0,0,0,0,0,0,0,0,0,0,0,0,0,0,0,0,0,0,0,0,0,0,0,0,0,0,0,0,0,0,0,0,0,0,0,0,0,0,0,0,0,0,0,0,0,0,0,0,0,0,0,0,0,0,0,0,0,0,0,55,0,0,0,0,0,0,0,0,0,0,0,0,0,0,0,0,0,0,0,0,0,0,0,0,0,0,0,0,1,0,0,105,0,0,0,0,0,187,0,0,0,332,111,119,0,13,0,49,0,32,0,0,0,0,0,0,0,3,0,0,0,0,0,10,0,0,0,0,0,0,0,0,0,49,0,828,526,363,0,320,0,0,0,4,31,0,0,0,0,0
84,167,95,39,295,0,0,46,0,15,138,258,0,161,308,93,11,11,88,404,220,294,177,112,0,5,0,435,0,75,75,315,0,456,0,153,0,145,0,0,0,28,0,0,0,0,0,58,0,0,0,37,0,0,0,0,0,0,0,0,0,0,0,0,0,21,0,0,0,0,0,3,0,0,0,0,0,0,0,0,0,0,0,0,0,0,0,0,0,0,0,0,0,0,0,0,0,0,0,0,0,0,0,0,0,0,0,0,0,0,0,0,0,0,0,0,0,0,0,0,0,0,0,0,0,0,0,14,0,0,0,0,0,0,0,111,0,81,0,0,0,0,0,0,0,0,0,0,0,0,0,0,0,66,0,0,0,0,0,0,0,0,0,0,0,0,0,0,0,0,0,4,0,86,0,0,111,591,42,23,0,29,0,10,0,32,0,3,0,0,0,0,0,0,0,0,0,0,0,0,0,0,0,0,0,0,0,44,0,102,0,8,0,0,154,0,0,0,815,384,686,121,0,0,0
55,120,71,0,23,0,0,0,60,179,26,2,0,0,18,0,0,56,0,0,0,0,27,0,26,264,0,0,0,0,4,0,0,0,0,0,0,0,0,0,0,0,0,0,0,0,0,0,0,0,0,0,99,14,101,46,11,0,51,0,332,17,290,76,0,0,0,0,0,0,0,0,1,0,0,0,0,0,0,0,0,0,0,0,0,0,0,0,0,0,0,0,0,0,0,0,0,0,0,0,0,0,0,0,0,0,0,0,0,0,0,0,0,0,0,0,0,0,0,0,0,0,0,0,0,0,88,0,0,0,64,0,18,0,28,0,7,0,0,0,0,0,7,0,0,0,2,0,8,0,0,0,0,0,0,0,0,0,0,0,13,0,0,0,0,0,0,0,45,0,240,0,55,0,0,0,179,77,0,0,0,0,0,0,0,0,0,0,0,0,0,0,0,0,0,0,0,0,0,0,0,0,0,0,0,0,0,0,44,0,509,166,190,245,559,0,48,0,0,0,0,0,0,0,0
0,68,0,101,0,46,0,0,190,11,0,17,0,0,0,44,9,24,0,40,0,0,0,25,0,69,0,0,0,102,0,0,0,22,0,0,0,0,0,167,0,0,0,0,0,0,0,0,0,3,0,2,61,118,77,314,0,8,30,40,0,126,99,911,0,7,0,2,0,0,0,0,0,0,0,0,0,0,0,0,0,0,0,0,0,0,0,0,0,0,0,0,0,0,0,0,2,0,0,0,0,0,0,0,0,0,0,0,0,0,0,0,0,0,0,0,0,0,0,0,0,0,0,0,0,65,0,35,0,16,0,88,0,16,0,7,0,39,0,0,0,0,0,0,0,0,0,0,0,59,0,4,0,2,0,8,0,0,0,0,0,18,0,0,0,21,0,5,0,48,0,0,0,193,0,0,37,124,0,0,0,0,0,12,0,1,0,0,0,0,0,0,0,0,0,0,0,0,0,0,0,0,0,0,0,0,0,20,0,42,0,0,0,0,924,0,0,0,827,92,404,661,0,68,3
98,79,7,0,29,0,60,190,0,192,32,0,22,0,36,0,0,37,30,0,8,0,4,0,0,176,27,0,0,0,0,0,0,0,0,0,0,0,34,0,0,0,0,0,0,0,8,0,0,0,0,0,39,30,55,91,5,0,104,0,119,0,47,57,111,0,30,0,0,0,0,0,0,0,0,0,0,0,0,0,0,0,0,0,0,0,0,0,0,0,0,0,0,0,0,0,0,0,0,0,0,0,0,0,0,0,2,0,0,0,0,0,0,0,0,0,0,0,0,0,0,0,0,0,10,0,44,0,0,1,66,0,0,0,18,0,0,0,0,0,0,0,0,0,0,0,28,0,73,0,52,0,26,0,0,0,20,0,0,0,59,0,0,0,0,0,0,0,0,0,100,0,33,0,0,0,657,128,4,0,15,0,27,0,117,0,0,0,0,0,0,0,0,0,0,0,0,0,4,0,0,0,0,0,0,0,0,0,30,0,182,99,0,0,138,1,0,0,0,0,0,0,0,0,0
0,43,0,5,0,15,179,11,192,0,0,21,0,0,0,3,0,0,0,18,0,0,0,0,54,6,0,0,0,0,0,0,0,0,0,0,0,0,0,0,0,0,0,0,0,0,0,0,0,0,0,0,116,136,247,57,0,29,139,239,0,221,118,251,0,164,28,135,0,0,0,0,0,0,0,0,0,0,0,0,0,0,0,0,0,0,0,0,0,0,0,0,0,0,0,0,0,0,0,0,0,0,0,1,0,0,0,0,0,0,0,0,0,0,0,0,0,0,0,0,0,0,0,0,0,50,0,37,0,10,0,38,0,10,0,19,0,17,0,2,0,0,0,0,0,0,0,42,0,127,0,22,0,36,0,0,0,0,0,0,0,14,0,0,0,4,0,0,0,20,0,32,0,84,0,0,98,691,0,0,0,0,0,72,3,136,0,0,0,0,0,0,0,0,0,0,0,0,0,1,0,0,0,0,0,0,0,29,0,59,0,0,1,0,444,0,0,0,653,192,99,0,2,0,0
73,0,54,0,168,138,26,0,32,0,0,52,400,0,26,264,0,0,74,146,29,58,5,86,0,0,93,0,0,5,0,0,174,0,20,0,126,0,217,0,48,0,0,0,23,0,53,0,11,1,8,0,0,0,3,0,0,0,5,0,0,0,0,0,6,0,0,0,0,0,16,0,6,0,0,0,0,0,0,0,0,0,0,0,0,0,0,0,0,0,0,0,0,0,0,0,0,0,0,0,8,0,0,0,0,0,0,0,0,0,0,0,0,0,0,0,0,0,0,0,0,0,0,0,0,0,16,0,0,0,2,0,0,0,0,0,0,0,0,0,3,0,0,0,0,0,0,0,0,0,21,0,11,0,0,0,0,0,0,0,3,0,0,0,0,0,39,0,16,0,15,0,138,0,0,0,347,55,141,2,6,0,50,0,24,0,0,0,0,0,0,0,0,0,0,0,0,0,0,0,0,0,0,0,0,0,0,0,0,0,214,205,121,0,62,0,0,0,0,36,0,0,0,0,0
26,197,0,17,133,258,2,17,0,21,52,0,0,244,140,15,0,0,34,80,87,103,95,0,0,0,0,329,1,35,0,0,0,404,0,52,0,95,0,97,0,106,0,0,0,107,0,109,0,7,0,0,0,0,0,0,0,0,0,3,0,0,0,0,0,0,0,2,0,0,0,4,0,0,0,0,0,0,0,0,0,0,0,0,0,0,0,0,0,0,0,0,0,0,0,11,0,0,0,0,0,13,0,0,0,0,0,0,0,0,0,0,0,0,0,0,0,0,0,5,0,0,0,1,0,16,0,0,0,0,0,0,0,3,0,0,0,25,0,0,0,0,0,0,0,8,0,0,0,35,0,56,0,101,0,0,0,0,0,0,0,0,0,0,0,24,0,25,0,17,0,8,1,87,0,35,49,446,11,38,0,108,0,36,0,37,0,9,0,0,0,0,0,0,0,0,0,0,0,0,0,0,0,0,0,0,0,0,0,36,0,7,0,0,0,0,0,0,292,247,184,0,7,0,0
61,0,41,0,468,0,0,0,22,0,400,0,0,437,51,0,0,0,170,463,105,233,3,0,2,0,214,877,0,0,0,0,0,0,275,42,0,0,0,0,194,83,84,75,92,51,237,187,31,0,149,0,0,0,0,0,0,0,1,0,0,0,0,0,0,0,0,0,0,0,0,0,0,0,0,0,0,0,0,0,0,0,0,0,0,0,0,0,0,0,0,0,0,0,0,0,0,0,0,0,0,0,0,0,0,0,0,0,0,0,0,0,0,0,0,0,0,0,0,0,0,0,0,0,0,0,0,0,0,0,0,0,0,0,0,0,0,0,0,0,0,0,0,0,0,0,0,0,0,0,16,0,0,0,0,0,0,0,0,0,0,0,0,0,18,0,0,0,0,0,0,0,0,0,0,0,317,62,244,0,32,0,26,0,22,0,222,0,0,0,0,0,0,0,0,0,0,0,0,0,0,0,0,0,0,0,0,0,0,0,72,244,0,0,19,0,0,0,0,27,0,0,0,0,0
0,97,0,2,229,161,0,0,0,0,0,244,437,0,77,4,0,1,480,148,278,138,0,0,0,0,265,361,0,0,0,0,0,0,0,131,0,76,0,0,34,182,10,95,0,125,0,345,0,27,36,202,0,0,0,1,0,0,0,0,0,0,0,0,0,0,0,0,0,0,0,0,0,0,0,0,0,0,0,0,0,0,0,0,0,0,0,0,0,0,0,0,0,0,0,0,0,0,0,0,0,0,0,0,0,0,0,0,0,0,0,0,0,0,0,0,0,0,0,0,0,0,0,0,0,0,0,0,0,0,0,0,0,0,0,0,0,0,0,0,0,0,0,0,0,0,0,0,0,0,0,0,0,54,0,0,0,0,0,0,0,0,0,0,0,12,0,0,0,0,0,0,0,0,0,48,111,490,42,33,0,147,0,10,0,20,42,48,0,0,0,0,0,0,0,0,0,0,0,0,0,0,0,0,0,0,0,0,0,33,0,0,0,0,13,0,0,0,99,123,78,0,0,0,0
20,0,197,0,176,308,18,0,36,0,26,140,51,77,0,294,71,0,220,266,210,143,165,40,16,0,118,0,7,0,161,0,111,0,82,0,70,0,0,0,0,0,0,0,0,0,12,0,7,0,10,0,0,0,23,0,0,0,0,0,0,0,19,0,0,0,0,0,0,0,0,0,0,0,0,0,0,0,0,0,0,0,0,0,0,0,0,0,0,0,0,0,0,0,0,0,0,0,0,0,0,0,0,0,0,0,0,0,0,0,0,0,0,0,0,0,0,0,0,0,0,0,0,0,0,0,145,0,0,0,35,0,0,0,722,0,93,0,0,0,0,0,0,0,0,0,91,0,45,0,325,0,45,0,0,0,0,0,0,0,8,0,0,0,0,0,59,0,0,0,0,0,54,0,0,0,83,45,3,0,0,0,16,0,55,0,0,0,0,0,0,0,0,0,0,0,0,1,0,0,94,0,0,0,0,0,0,0,324,0,204,190,119,0,92,0,0,0,1,14,0,0,0,0,0
144,23,150,120,358,93,0,44,0,3,264,15,0,4,294,0,43,35,26,166,169,311,331,151,0,55,0,50,0,11,0,157,0,105,0,49,0,40,65,0,0,0,0,0,0,0,0,0,0,0,0,7,0,0,0,0,0,0,0,0,0,0,0,4,0,0,0,0,0,0,0,0,0,0,0,0,0,0,0,0,0,0,0,0,0,194,0,0,0,0,0,126,0,0,0,0,0,0,0,71,0,97,0,0,0,0,0,0,0,0,0,0,0,0,0,0,0,0,0,0,0,0,0,0,0,0,0,0,0,0,0,0,0,0,0,659,0,479,0,28,0,18,0,136,0,0,0,0,0,0,0,0,0,19,0,0,0,0,0,0,0,0,0,0,0,0,0,104,0,0,0,0,7,37,0,0,88,248,37,3,0,0,0,0,0,4,0,0,0,0,0,0,0,0,0,0,0,0,0,0,0,53,0,0,0,0,0,0,0,176,0,12,0,0,0,0,0,0,142,200,215,33,1,0,0
0,50,29,0,10,11,0,9,0,0,0,0,0,0,71,43,0,23,134,0,218,0,135,78,71,0,0,0,198,0,152,0,56,0,24,0,49,0,55,0,0,0,0,0,0,0,0,0,0,0,11,0,91,0,55,0,0,0,0,0,0,0,233,4,0,0,0,0,0,0,0,0,0,0,0,0,0,0,0,0,0,0,0,0,52,0,0,0,0,0,241,0,0,0,0,0,154,0,0,0,23,0,0,0,0,0,516,0,0,0,0,0,0,0,0,0,0,0,0,0,0,0,0,0,0,0,0,0,101,0,0,0,0,0,554,0,302,0,52,0,0,0,632,0,0,0,0,0,0,0,0,0,0,0,20,0,2,0,14,0,0,0,0,0,0,0,0,0,0,0,30,0,15,0,0,0,15,7,0,0,0,0,9,0,0,0,0,0,0,0,0,0,0,0,0,0,18,0,116,0,402,0,0,0,0,0,0,0,0,0,57,216,47,59,52,0,2,0,0,0,0,0,0,0,0
138,0,105,38,0,11,56,24,37,0,0,0,0,1,0,35,23,0,0,80,28,148,57,103,24,61,0,0,9,132,0,66,0,23,0,36,0,0,20,14,0,0,0,0,0,0,0,0,0,0,0,0,0,8,0,35,0,6,0,0,7,2,32,76,0,0,0,0,0,0,0,0,0,0,0,0,0,0,0,0,0,73,0,0,0,252,0,23,0,0,1,93,0,4,0,110,0,86,0,109,0,94,0,0,0,0,0,0,0,0,0,0,0,2,0,0,0,0,0,0,0,14,0,0,0,0,0,0,0,83,0,0,0,0,0,388,1,460,0,201,0,77,0,369,0,0,0,0,0,0,0,0,0,0,0,18,0,0,0,0,0,0,0,0,0,0,0,0,0,0,0,0,0,0,0,0,0,31,0,0,0,0,0,0,0,0,0,0,0,0,0,0,0,0,0,0,0,0,0,0,0,16,0,0,0,1,0,0,0,0,0,0,0,0,0,0,0,0,0,151,20,0,0,0,0
19,0,50,0,188,88,0,0,30,0,74,34,170,480,220,26,134,0,0,356,290,197,39,0,0,0,298,455,10,0,72,0,25,0,376,34,31,0,11,0,10,24,25,40,17,0,15,70,4,0,141,0,0,0,0,0,0,0,0,1,0,0,36,0,0,0,0,0,0,0,9,0,0,0,0,0,0,0,0,0,0,0,0,0,109,0,45,0,0,0,330,0,0,0,0,0,0,0,0,0,34,0,0,0,0,0,0,0,0,0,0,0,0,0,0,0,0,0,0,0,0,0,22,0,0,0,0,0,0,0,0,0,0,0,233,0,260,0,0,0,0,0,297,0,0,0,44,0,20,0,0,0,0,0,0,0,0,0,0,0,0,0,0,0,29,0,42,0,0,0,0,0,0,0,0,0,82,32,31,0,0,0,32,0,47,0,21,0,0,0,0,0,0,0,0,0,0,0,0,0,0,0,0,0,0,0,0,0,102,0,254,403,187,0,61,0,0,0,3,10,0,0,0,0,0
0,168,0,134,469,404,0,40,0,18,146,80,463,148,266,166,0,80,356,0,412,430,0,83,0,28,130,283,0,0,68,99,0,0,88,191,14,110,0,0,27,1,0,90,0,255,0,10,0,12,0,76,0,0,0,32,0,0,0,0,0,0,0,53,0,51,0,0,0,0,0,0,0,0,0,0,0,0,0,0,0,0,0,0,0,0,0,70,0,0,0,0,0,0,0,0,0,0,0,184,0,0,0,0,0,0,0,0,0,0,0,0,0,1,0,0,0,0,0,0,0,0,0,8,0,0,0,94,0,0,0,0,0,0,0,725,0,649,0,0,0,84,0,0,0,0,0,0,0,180,0,0,0,95,0,0,0,0,0,0,0,0,0,0,0,0,0,32,0,91,0,0,0,16,0,0,70,210,85,9,0,0,0,31,0,44,0,12,0,0,0,0,0,0,0,0,0,0,0,0,0,0,0,0,0,0,0,0,0,537,1,3,0,0,0,0,0,0,153,339,173,15,0,0,0
6,74,36,29,153,220,0,0,8,0,29,87,105,278,210,169,218,28,290,412,0,183,145,116,33,19,272,131,42,0,128,0,93,18,73,31,8,0,33,3,0,0,26,0,31,0,0,0,0,0,98,0,22,0,0,0,0,0,0,1,0,0,88,0,0,0,0,0,0,0,0,0,0,0,0,0,0,0,0,0,0,0,0,0,68,0,0,0,0,0,238,0,0,0,0,0,182,0,218,0,32,0,0,0,0,0,393,0,0,0,0,0,0,0,0,0,0,0,0,0,0,0,0,0,0,0,0,0,13,0,0,0,0,0,0,0,180,0,0,0,59,0,254,0,0,0,0,0,0,0,0,0,6,0,0,0,0,0,0,0,0,0,0,0,0,0,56,0,34,0,0,0,0,0,0,0,42,18,16,0,0,0,0,0,4,0,0,0,0,0,0,0,0,0,0,0,0,0,58,0,125,0,0,0,0,0,0,0,34,0,249,649,96,0,63,0,3,0,3,11,0,0,0,0,0
0,0,0,0,189,294,0,0,0,0,58,103,233,138,143,311,0,148,197,430,183,0,31,131,0,14,66,218,0,48,0,61,0,35,0,88,0,28,0,28,0,0,0,98,0,126,0,0,0,2,0,83,0,0,0,0,0,0,0,0,0,8,0,94,0,0,0,0,0,0,0,0,0,0,0,0,0,0,0,0,0,0,0,0,0,0,0,36,0,0,0,0,0,0,0,0,0,0,0,67,0,0,0,0,0,0,0,0,0,0,0,0,0,0,0,0,0,0,0,0,0,0,0,7,0,0,0,0,0,0,0,0,0,0,0,0,0,0,0,120,0,0,0,181,0,0,0,0,0,0,0,0,0,0,0,0,0,0,0,0,0,0,0,0,0,35,0,27,0,53,0,0,0,0,0,0,0,42,20,9,0,0,0,0,0,0,4,6,0,0,0,0,0,0,0,0,0,0,0,0,0,0,0,0,0,0,0,0,0,0,0,0,0,0,0,0,0,0,349,786,173,0,0,0,0
5,137,55,0,8,177,27,0,4,0,5,95,3,0,165,331,135,57,39,0,145,31,0,255,17,39,23,0,315,11,279,0,227,0,0,0,0,0,391,0,2,0,0,0,0,0,0,0,31,0,9,0,0,0,53,0,7,0,0,1,0,0,81,0,10,0,0,0,0,0,0,0,0,0,0,0,0,0,0,0,0,0,0,0,0,0,0,0,0,0,0,0,0,0,0,0,0,0,0,0,0,0,0,0,0,0,0,0,0,0,0,0,0,0,0,0,0,0,0,0,0,0,0,0,0,0,73,0,21,0,0,0,0,0,550,0,67,0,0,0,0,0,164,0,0,0,30,0,0,0,104,0,0,0,0,0,0,0,0,0,10,0,0,0,0,0,21,0,0,0,0,0,134,0,0,0,51,47,0,0,0,0,5,0,35,0,0,0,0,0,0,0,0,0,0,0,0,0,97,0,101,0,0,0,0,0,0,0,165,0,343,123,249,218,485,1,9,0,0,17,0,0,0,0,0
285,43,210,135,129,112,0,25,0,0,86,0,0,0,40,151,78,103,0,83,116,131,255,0,8,43,0,22,0,101,25,75,43,48,0,14,0,6,47,29,0,0,1,0,0,0,0,0,0,0,0,0,0,0,0,17,0,0,0,0,0,1,0,44,0,0,0,0,0,0,0,0,0,1,0,0,0,0,0,0,0,0,0,0,0,102,0,13,0,0,0,0,0,0,0,0,0,54,0,43,0,47,0,0,0,0,0,0,0,0,0,0,0,0,0,0,0,0,0,0,0,7,0,0,0,0,0,0,0,0,0,0,0,0,0,251,0,226,0,31,0,16,0,114,0,0,0,0,0,0,0,0,0,0,0,0,0,0,0,0,0,0,0,0,0,3,0,15,0,21,0,0,0,47,0,0,56,138,0,1,0,0,0,2,0,0,0,0,0,0,0,0,0,0,0,0,0,0,0,0,0,20,0,0,0,0,0,0,0,0,0,0,0,0,0,0,0,0,59,452,64,0,0,0,0
3,77,36,0,2,0,26,0,0,54,0,0,2,0,16,0,71,24,0,0,33,0,17,8,0,66,11,0,63,3,17,0,0,0,0,0,0,0,79,0,0,0,0,0,0,0,0,0,0,0,0,0,29,0,145,0,11,0,13,1,127,0,266,30,0,0,0,0,0,0,0,0,0,0,0,0,0,0,0,0,0,0,0,0,0,0,0,0,0,0,0,0,0,0,0,0,0,0,0,0,0,0,0,0,0,0,0,0,0,0,0,0,0,0,0,0,0,0,0,0,0,0,0,0,0,0,52,0,41,0,27,0,120,0,222,0,79,0,8,0,0,0,122,0,0,0,0,0,0,0,0,0,0,0,11,0,0,0,0,0,15,0,0,0,0,0,0,0,0,0,177,0,60,0,0,0,24,0,0,0,0,0,0,0,0,0,0,0,0,0,0,0,0,0,0,0,0,0,28,0,37,0,0,0,0,0,0,0,0,0,240,57,199,249,425,0,29,0,0,0,0,0,0,0,0
203,17,107,32,0,5,264,69,176,6,0,0,0,0,0,55,0,61,0,28,19,14,39,43,66,0,0,6,9,53,2,0,0,0,0,0,0,3,15,34,0,0,0,0,0,3,0,0,0,0,0,0,26,41,40,152,0,28,3,0,26,27,138,104,0,0,0,0,0,0,0,0,0,0,0,0,0,0,0,0,0,0,0,0,2,0,0,0,0,0,0,0,0,0,0,0,0,0,0,0,0,10,0,0,0,0,0,0,0,0,0,0,0,0,0,0,0,0,0,0,0,0,0,0,0,0,0,27,0,64,0,28,0,0,0,310,0,425,0,38,0,0,0,0,0,0,0,0,0,3,0,0,0,0,0,24,0,0,0,0,0,16,0,0,0,0,0,0,0,5,0,8,0,37,0,0,35,163,0,0,0,0,0,2,0,0,0,0,0,0,0,0,0,0,0,0,0,0,0,0,0,0,0,0,0,0,0,0,0,75,1,0,0,1,49,0,0,0,126,234,32,53,0,0,0
24,0,0,0,205,0,0,0,27,0,93,0,214,265,118,0,0,0,298,130,272,66,23,0,11,0,0,994,0,2,39,0,87,0,55,0,73,0,29,0,19,249,345,78,200,144,148,535,57,0,281,33,0,0,0,0,0,0,0,0,0,0,0,0,0,0,0,0,0,0,0,0,0,0,0,0,0,0,0,0,0,0,0,0,203,0,0,0,0,0,0,0,0,0,0,0,0,0,0,0,92,0,0,0,0,0,0,0,0,0,0,0,0,0,0,0,0,0,0,0,0,0,55,0,0,0,0,0,30,0,0,0,0,0,0,0,389,0,0,0,0,0,0,0,0,0,0,0,0,0,0,0,0,0,0,0,0,0,0,0,0,0,0,0,80,0,4,0,60,0,0,0,0,0,0,0,51,26,59,0,0,0,41,0,0,0,74,0,0,0,0,0,0,0,0,0,0,0,0,0,0,0,0,0,0,0,0,0,0,0,115,634,248,0,24,0,0,14,4,49,0,0,0,0,0
0,141,0,26,0,435,0,0,0,0,0,329,877,361,0,50,0,0,455,283,131,218,0,22,0,6,994,0,0,0,0,38,0,14,0,59,12,64,0,0,335,15,135,268,0,367,157,155,3,88,153,155,0,0,0,0,0,0,0,0,0,2,0,62,0,40,0,0,0,0,0,0,0,9,0,7,0,46,0,0,2,0,0,0,0,371,0,0,0,0,0,0,0,0,0,246,0,0,0,190,0,178,0,0,0,0,0,0,0,0,0,0,0,0,0,0,0,0,0,3,0,0,0,0,0,0,0,0,0,0,0,0,0,0,0,0,0,0,0,0,0,137,0,292,0,0,0,0,0,0,0,0,0,0,0,0,0,0,0,0,0,0,0,0,0,130,1,13,0,184,0,3,0,0,0,0,29,112,0,19,0,0,0,18,0,23,109,46,0,0,0,0,0,0,0,0,0,0,0,0,0,0,0,0,0,0,0,0,0,166,0,6,0,0,0,0,0,0,186,1029,256,31,0,0,23
57,23,159,0,0,0,0,0,0,0,0,1,0,0,7,0,198,9,10,0,42,0,315,0,63,9,0,0,0,0,41,0,20,0,29,0,39,0,31,0,0,0,17,0,0,0,0,0,0,0,12,0,58,0,24,0,0,0,0,0,14,0,58,1,0,0,0,0,0,0,0,0,0,0,0,0,0,0,0,0,0,0,0,0,17,0,0,0,0,0,0,0,0,0,0,0,0,0,0,0,5,0,0,0,0,0,74,0,0,0,0,0,0,0,0,0,0,0,0,0,0,0,0,0,0,0,0,0,20,0,0,0,0,0,0,0,108,0,160,0,67,0,61,0,7,0,0,0,0,0,0,0,0,0,12,0,0,0,4,0,0,0,0,0,0,0,0,0,0,0,0,0,0,0,0,0,0,0,0,0,0,0,0,0,0,0,0,0,0,0,0,0,0,0,0,0,0,0,0,0,17,0,0,0,0,0,0,0,0,0,66,70,0,0,20,0,0,0,0,0,0,0,0,0,0
19,149,0,236,0,75,0,102,0,0,5,35,0,0,0,11,0,132,0,0,0,48,11,101,3,53,2,0,0,0,0,11,0,5,0,24,0,9,0,0,0,0,0,0,0,0,0,0,0,1,0,0,0,0,0,3,0,0,0,0,0,0,0,148,0,0,0,0,0,0,0,0,0,0,0,0,0,0,0,0,0,0,0,0,0,0,0,0,0,0,0,0,0,0,0,0,0,0,0,0,0,8,0,0,0,0,0,0,0,0,0,0,0,0,0,0,0,0,0,0,0,0,0,0,0,0,0,0,0,0,0,0,0,0,0,40,0,92,0,130,0,40,0,63,0,5,0,0,0,0,0,0,0,0,0,9,0,0,0,8,0,0,0,0,0,0,0,0,0,0,0,0,0,1,0,0,0,24,0,0,0,0,0,0,0,0,0,0,0,0,0,0,0,0,0,0,0,0,0,0,0,0,0,0,0,0,0,0,0,0,0,0,0,0,0,0,0,0,0,182,0,0,0,0,0
0,0,99,0,143,75,4,0,0,0,0,0,0,0,161,0,152,0,72,68,128,0,279,25,17,2,39,0,41,0,0,0,22,0,28,0,20,0,15,0,0,0,14,0,24,0,0,0,0,0,35,0,28,0,0,0,0,0,0,0,0,0,85,0,0,0,0,0,0,0,0,0,0,0,0,0,0,0,0,0,0,0,0,0,55,0,12,0,0,0,188,0,0,0,0,0,122,0,0,0,15,0,0,0,0,0,0,0,0,0,0,0,0,0,0,0,0,0,0,0,0,0,9,0,0,0,0,0,0,0,0,0,0,0,0,0,193,0,111,0,57,0,122,0,0,0,0,0,0,0,0,0,0,0,0,0,0,0,0,0,0,0,0,0,0,0,29,0,0,0,0,0,31,0,0,0,0,0,36,0,0,0,0,0,0,0,0,0,0,0,0,0,0,0,0,0,0,0,0,0,0,0,0,0,0,0,0,0,0,0,251,340,38,0,84,0,0,0,0,9,0,0,0,0,0
0,0,0,0,0,315,0,0,0,0,0,0,0,0,0,157,0,66,0,99,0,61,0,75,0,0,0,38,0,11,0,0,0,16,0,51,0,18,0,8,0,0,0,27,0,0,0,0,0,0,0,49,0,0,0,0,0,0,0,0,0,3,0,81,0,0,0,0,0,0,0,0,0,0,0,0,0,0,0,0,0,0,0,0,0,0,0,0,0,0,0,0,0,0,0,0,0,0,0,0,0,0,0,0,0,0,0,0,0,0,0,0,0,0,0,0,0,0,0,1,0,0,0,0,0,0,0,0,0,0,0,0,0,0,0,0,0,0,0,88,0,58,0,101,0,0,0,0,0,0,0,0,0,0,0,0,0,1,0,0,0,0,0,0,0,0,0,38,0,12,0,0,0,10,0,0,0,0,3,0,0,0,0,0,0,0,0,0,0,0,0,0,0,0,0,0,0,0,0,0,0,0,0,0,0,0,0,0,0,0,0,3,0,0,0,0,0,0,192,300,112,0,0,0,0
0,3,0,0,265,0,0,0,0,0,174,0,0,0,111,0,56,0,25,0,93,0,227,43,0,0,87,0,20,0,22,0,0,0,53,0,77,0,8,0,0,0,33,0,42,0,0,0,0,0,63,0,21,0,0,0,0,0,0,0,7,0,40,0,0,0,0,0,0,0,0,0,0,0,0,0,0,0,0,0,0,0,0,0,0,0,0,0,0,0,0,0,0,0,0,0,0,0,0,0,0,0,0,0,0,0,0,0,0,0,0,0,0,0,0,0,0,0,0,0,0,0,0,0,0,0,0,0,0,0,0,0,0,0,0,0,68,0,222,0,152,0,0,0,22,0,0,0,0,0,0,0,0,0,14,0,13,0,13,0,0,0,0,0,9,0,19,0,0,0,7,0,31,0,0,0,0,5,0,0,0,0,0,0,0,0,0,0,0,0,0,0,0,0,0,0,0,0,0,0,0,0,0,0,0,0,0,0,0,0,197,297,84,0,92,0,0,0,0,10,0,0,0,0,0
10,213,13,174,0,456,0,22,0,0,0,404,0,0,0,105,0,23,0,0,18,35,0,48,0,0,0,14,0,5,0,16,0,0,0,70,0,119,0,8,0,0,0,26,0,36,0,0,0,2,0,28,0,0,0,0,0,0,0,0,0,5,0,37,0,4,0,0,0,0,0,0,0,0,0,0,0,0,0,0,0,0,0,0,0,6,0,0,0,0,0,0,0,0,0,0,0,0,0,0,0,0,0,0,0,0,0,0,0,0,0,0,0,0,0,0,0,0,0,0,0,0,0,0,0,0,0,0,0,0,0,0,0,0,0,0,0,49,0,60,0,18,0,0,0,9,0,0,0,0,0,0,0,0,0,1,0,2,0,0,0,0,0,0,0,0,0,76,0,7,0,0,0,37,0,0,10,89,0,0,0,0,0,0,0,0,0,0,0,0,0,0,0,0,0,0,0,0,0,0,0,0,0,0,0,0,0,0,0,0,0,0,0,0,0,0,0,0,79,624,111,14,1,0,0
0,0,0,0,136,0,0,0,0,0,20,0,275,0,82,0,24,0,376,88,73,0,0,0,0,0,55,0,29,0,28,0,53,0,0,0,89,0,9,0,0,0,37,0,13,0,0,0,5,0,110,3,0,0,0,0,0,0,0,0,0,0,8,0,0,0,0,0,0,0,0,0,0,0,0,0,0,0,0,0,0,0,0,0,37,0,26,0,0,0,0,0,0,0,0,0,0,0,134,0,0,0,0,0,0,0,84,0,0,0,0,0,0,0,0,0,0,0,0,0,0,0,7,0,0,0,0,0,0,0,0,0,0,0,0,0,83,0,41,0,61,0,53,0,0,0,0,0,0,0,0,0,0,0,1,0,0,0,0,0,0,0,0,0,0,0,179,0,29,0,0,0,60,0,0,0,24,0,11,0,0,0,2,0,0,0,55,0,0,0,0,0,0,0,0,0,1,0,0,0,0,0,0,0,0,0,0,0,0,0,287,504,198,0,80,0,2,0,0,0,0,0,0,0,0
0,0,0,0,0,153,0,0,0,0,0,52,42,131,0,49,0,36,34,191,31,88,0,14,0,0,0,59,0,24,0,51,0,70,0,0,0,143,0,35,0,0,0,43,0,42,0,1,0,0,0,47,0,0,0,0,0,2,0,0,0,16,0,57,0,0,0,0,0,0,0,0,0,2,0,0,0,0,0,0,0,0,0,12,0,0,0,9,0,0,0,0,0,0,0,0,0,0,0,0,0,0,0,0,0,0,0,0,0,0,0,0,0,0,0,0,0,0,0,0,0,0,0,0,0,0,0,0,0,0,0,0,0,0,0,0,0,0,0,146,0,82,0,0,0,0,0,0,0,0,0,0,0,0,0,7,0,8,0,0,0,0,0,0,0,53,0,84,0,0,0,0,0,0,0,0,0,22,0,3,0,0,0,0,0,0,0,0,0,0,0,0,0,0,0,0,0,0,0,0,0,0,0,0,0,0,0,0,0,0,0,0,0,0,57,0,0,0,411,468,261,64,0,0,0
17,0,0,0,159,0,0,0,0,0,126,0,0,0,70,0,49,0,31,14,8,0,0,0,0,0,73,12,39,0,20,0,77,0,89,0,0,0,160,0,0,0,53,0,70,0,0,0,11,0,77,0,0,0,0,0,0,0,0,0,13,0,5,0,0,0,1,0,0,0,34,0,0,0,13,0,0,0,0,0,79,0,0,0,49,0,39,0,0,0,85,0,0,0,0,0,82,0,210,0,0,0,0,0,0,0,61,0,0,0,0,0,0,0,0,0,0,0,0,0,0,0,17,0,0,0,0,0,5,0,0,0,6,0,0,0,77,0,125,0,240,0,74,0,60,0,0,0,0,0,0,0,0,0,0,0,22,0,0,0,0,0,12,0,19,0,76,0,31,0,11,0,86,0,0,0,20,6,30,0,0,1,0,0,0,0,17,0,0,0,0,0,0,0,0,0,0,0,0,0,12,0,0,0,0,0,0,0,0,0,185,223,189,25,60,0,0,0,0,0,0,0,0,0,0
0,129,0,22,0,145,0,0,0,0,0,95,0,76,0,40,0,0,0,110,0,28,0,6,0,3,0,64,0,9,0,18,0,119,0,143,0,0,0,48,0,0,0,53,0,39,0,0,0,0,0,72,0,0,0,0,0,0,0,0,0,43,0,57,0,0,0,0,0,0,0,0,0,0,0,0,0,0,0,0,0,0,0,0,0,0,0,2,0,0,0,0,0,0,0,0,0,0,0,0,0,0,0,0,0,0,0,0,0,0,0,0,0,0,0,0,0,0,0,0,0,0,0,5,0,0,0,0,0,0,0,0,0,0,0,0,0,0,0,134,0,134,0,0,0,92,0,0,0,0,0,0,0,0,0,0,0,45,0,5,0,0,0,6,0,32,0,51,0,46,0,8,0,47,0,0,0,18,0,0,0,0,0,0,0,1,0,0,0,0,0,0,0,0,0,0,0,0,0,0,0,0,0,0,0,0,0,0,0,0,0,0,0,0,0,0,0,0,79,373,193,18,0,1,0
739,0,633,0,233,0,0,0,34,0,217,0,0,0,0,65,55,20,11,0,33,0,391,47,79,15,29,0,31,0,15,0,8,0,9,0,160,0,0,0,0,0,13,0,20,0,1,0,0,0,18,0,21,0,8,0,0,0,0,0,24,0,29,2,0,0,0,0,0,0,0,0,0,0,0,0,0,0,0,0,0,0,0,0,11,0,0,0,0,0,0,0,0,0,0,0,0,0,0,0,0,0,0,0,0,0,0,0,0,0,0,0,0,0,0,0,0,0,0,0,0,0,0,0,0,0,0,0,0,0,0,0,0,0,0,0,28,0,90,0,55,0,0,0,10,0,0,0,0,0,0,0,0,0,6,0,33,0,2,0,0,0,0,0,0,0,50,0,0,0,14,0,89,0,0,0,58,0,0,0,0,0,179,0,7,0,0,0,0,0,0,0,0,0,0,0,0,0,0,0,0,0,0,0,0,0,0,0,0,0,100,535,123,72,91,0,0,0,0,0,0,0,0,0,0
0,438,13,313,0,0,0,167,0,0,0,97,0,0,0,0,0,14,0,0,3,28,0,29,0,34,0,0,0,0,0,8,0,8,0,35,0,48,0,0,0,0,0,0,0,0,0,0,0,0,0,15,0,6,0,0,0,0,0,0,0,2,2,85,0,0,0,0,0,0,0,0,0,0,0,0,0,0,0,0,0,0,0,0,0,0,0,0,0,0,0,0,0,0,0,0,0,0,0,0,0,0,0,0,0,0,0,0,0,0,0,0,0,0,0,0,0,0,0,0,0,0,0,0,0,0,0,0,0,0,0,0,0,0,0,0,0,0,0,104,0,33,0,0,0,69,0,0,0,0,0,0,0,0,0,11,0,29,0,0,0,0,0,0,0,1,0,10,0,0,0,1,1,11,0,0,0,0,0,0,0,0,0,0,0,0,0,0,0,0,0,0,0,0,0,0,0,0,0,0,0,0,0,0,0,0,0,0,0,0,0,0,0,0,0,0,0,0,23,398,45,26,0,0,0
0,0,0,0,82,0,0,0,0,0,48,0,194,34,0,0,0,0,10,27,0,0,2,0,0,0,19,335,0,0,0,0,0,0,0,0,0,0,0,0,0,129,123,0,54,91,47,316,123,20,19,0,0,0,0,0,0,0,0,0,0,0,0,0,0,0,0,0,0,0,0,0,0,0,0,0,0,0,0,0,0,0,0,0,0,0,0,0,0,0,0,0,0,0,0,0,0,0,0,0,0,0,0,0,0,0,0,0,0,0,0,0,0,0,0,0,0,0,0,0,0,0,0,0,0,0,0,0,0,0,0,0,0,0,0,0,0,0,0,0,0,0,0,0,0,0,2,0,0,0,0,0,0,0,0,0,0,0,0,0,0,0,0,0,0,0,0,0,0,0,0,0,0,0,0,0,17,7,36,0,0,0,0,0,3,0,173,0,0,0,0,0,0,0,0,0,0,0,0,0,0,0,0,0,0,0,0,0,0,0,5,172,15,0,0,0,0,13,1,30,0,0,0,0,0
0,0,0,0,0,28,0,0,0,0,0,106,83,182,0,0,0,0,24,1,0,0,0,0,0,0,249,15,0,0,0,0,0,0,0,0,0,0,0,0,129,0,74,23,105,54,176,134,12,154,27,0,0,0,0,0,0,0,0,0,0,0,0,0,0,0,0,0,0,0,0,1,0,0,0,0,0,4,0,0,0,0,0,0,0,0,0,0,0,0,0,0,0,0,0,0,0,0,0,0,0,0,0,5,0,0,0,0,0,1,0,0,0,0,0,0,0,0,0,0,0,0,0,0,0,0,0,0,0,0,0,0,0,0,0,0,0,0,0,0,0,0,0,0,0,0,0,0,0,0,0,0,0,0,0,0,0,0,0,0,0,0,0,0,4,98,0,1,0,0,0,0,0,0,0,0,0,68,0,0,0,0,0,0,0,0,76,21,0,0,0,0,0,0,0,0,0,0,0,0,0,0,0,0,0,0,0,0,0,0,0,8,0,0,0,0,0,0,0,110,31,0,0,0,10
0,0,0,0,0,0,0,0,0,0,0,0,84,10,0,0,0,0,25,0,26,0,0,1,0,0,345,135,17,0,14,0,33,0,37,0,53,0,13,0,123,74,0,0,119,58,95,148,91,0,61,0,0,0,0,0,0,0,0,0,0,0,0,0,0,0,0,0,0,0,48,0,17,0,0,0,0,0,0,0,0,0,0,0,0,0,0,0,0,0,0,0,0,0,0,0,73,0,277,0,25,0,0,0,0,0,0,0,0,0,0,0,0,0,0,0,0,0,0,0,0,0,0,0,0,0,0,0,0,0,0,0,0,0,0,0,0,0,0,0,0,0,0,0,0,0,0,0,0,0,0,0,0,0,0,0,0,0,0,0,0,0,27,0,57,0,0,0,32,0,17,0,21,0,0,0,0,0,9,0,0,0,0,0,0,0,44,0,0,0,0,0,0,0,0,0,0,0,0,0,0,0,0,0,0,0,0,0,0,0,50,377,192,0,0,0,0,21,1,0,0,0,0,0,0
0,0,0,0,0,0,0,0,0,0,0,0,75,95,0,0,0,0,40,90,0,98,0,0,0,0,78,268,0,0,0,27,0,26,0,43,0,53,0,0,0,23,0,0,0,78,0,83,0,55,0,54,0,0,0,0,0,0,0,0,0,0,0,22,0,0,0,0,0,0,0,28,0,0,0,42,0,0,0,5,0,0,0,0,0,199,0,77,0,0,0,0,0,0,0,186,0,0,0,164,0,141,0,0,0,0,0,0,0,0,0,0,0,0,0,0,0,0,0,0,0,204,0,28,0,0,0,0,0,0,0,0,0,0,0,0,0,0,0,0,0,128,0,197,0,121,0,0,0,0,0,0,0,0,0,0,0,0,0,0,0,0,0,0,0,72,0,14,0,90,0,0,0,22,0,0,0,46,0,0,0,0,0,0,0,0,0,29,0,0,0,0,0,0,0,0,0,0,0,0,0,0,0,0,0,0,0,0,0,0,0,0,0,0,0,0,0,0,101,366,201,13,0,2,17
0,0,0,0,34,0,0,0,0,0,23,0,92,0,0,0,0,0,17,0,31,0,0,0,0,0,200,0,0,0,24,0,42,0,13,0,70,0,20,0,54,105,119,0,0,64,237,173,236,34,36,0,0,0,0,0,5,0,0,0,0,0,16,0,0,0,0,0,0,0,37,0,23,0,0,0,0,0,0,0,239,0,0,0,127,0,131,0,0,0,380,0,0,0,0,0,340,0,797,0,77,0,15,0,0,0,0,0,0,0,0,0,0,0,0,0,1,0,0,0,0,0,34,0,0,0,0,0,0,0,0,0,0,0,0,0,160,0,0,0,0,0,0,0,0,0,0,0,5,0,0,0,8,0,0,0,5,0,0,0,0,0,16,0,76,0,11,0,90,0,27,0,30,0,0,0,31,11,23,0,16,0,11,0,9,0,88,0,0,0,0,0,0,0,0,0,0,0,0,0,0,0,0,0,0,0,0,0,0,0,28,153,131,15,15,0,0,75,0,19,0,0,0,0,0
0,49,0,0,0,0,0,0,0,0,0,107,51,125,0,0,0,0,0,255,0,126,0,0,0,3,144,367,0,0,0,0,0,36,0,42,0,39,0,0,91,54,58,78,64,0,123,260,9,217,24,44,0,0,0,0,0,0,0,0,0,0,0,88,0,0,0,0,0,17,0,26,0,0,0,28,0,0,0,0,0,276,0,118,0,358,0,104,0,0,0,0,0,0,0,266,0,0,0,213,0,187,0,0,0,0,0,0,0,0,0,0,0,0,0,0,0,0,0,1,0,0,0,28,0,0,0,0,0,0,0,0,0,0,0,0,0,0,0,216,0,228,0,349,0,94,0,0,0,0,0,0,0,0,0,0,0,9,0,0,0,0,0,0,0,155,0,5,0,170,0,0,0,22,0,0,2,55,0,10,0,0,0,9,0,0,18,16,0,0,0,0,0,0,0,0,0,0,0,0,0,0,0,0,0,0,0,0,0,0,0,2,0,0,0,0,0,0,26,263,144,13,0,0,48
0,0,0,0,40,0,0,0,8,0,53,0,237,0,12,0,0,0,15,0,0,0,0,0,0,0,148,157,0,0,0,0,0,0,0,0,0,0,1,0,47,176,95,0,237,123,0,277,236,48,0,0,0,0,0,0,0,0,2,0,0,0,0,0,0,0,0,0,0,0,0,0,0,0,0,0,0,0,2,0,0,0,0,0,0,0,0,0,0,0,0,0,0,0,0,0,20,0,24,0,2,0,7,0,0,0,0,0,0,0,0,0,0,0,0,0,0,0,0,0,0,0,0,0,0,0,0,0,0,0,0,0,0,0,0,0,0,0,0,0,0,0,0,0,0,0,0,0,0,0,0,0,7,0,0,0,0,0,0,0,0,0,0,0,44,0,0,0,29,0,0,0,0,0,8,0,25,17,51,0,0,0,8,0,7,0,199,0,0,0,0,0,0,0,0,0,0,0,0,0,0,0,0,0,0,0,0,0,0,0,6,311,63,0,0,0,0,89,0,29,1,0,0,0,0
0,0,0,0,0,58,0,0,0,0,0,109,187,345,0,0,0,0,70,10,0,0,0,0,0,0,535,155,0,0,0,0,0,0,0,1,0,0,0,0,316,134,148,83,173,260,277,0,0,160,76,30,0,0,0,0,0,0,0,0,0,0,0,0,0,0,0,0,0,0,0,0,0,0,0,0,0,0,0,0,0,0,0,0,0,0,0,0,0,0,0,0,1,0,0,0,0,0,0,0,0,0,0,0,0,0,0,0,0,0,0,0,0,0,0,0,0,0,0,0,0,0,0,0,0,0,0,0,0,0,0,0,0,0,0,0,0,0,0,0,0,0,0,0,0,0,0,0,0,0,0,0,0,0,0,0,0,0,0,0,0,0,0,0,13,100,0,0,0,51,0,0,0,0,0,0,0,98,0,2,0,8,0,2,0,0,106,37,0,0,0,0,0,0,0,0,0,0,0,0,0,0,0,0,0,0,0,0,0,0,0,20,0,0,0,0,0,0,0,425,85,0,2,0,18
0,0,51,0,0,0,0,0,0,0,11,0,31,0,7,0,0,0,4,0,0,0,31,0,0,0,57,3,0,0,0,0,0,0,5,0,11,0,0,0,123,12,91,0,236,9,236,0,0,6,11,0,0,0,65,0,22,0,18,0,7,0,4,0,0,0,0,0,22,0,0,0,0,0,0,0,5,0,2,0,30,0,33,0,0,0,18,0,9,0,20,0,36,0,18,0,17,0,55,0,11,0,35,0,0,0,44,0,1,0,0,0,0,0,0,0,2,0,0,0,7,0,0,0,0,0,0,0,0,0,0,0,0,0,0,0,0,0,0,0,7,0,0,0,10,0,0,0,0,0,0,0,14,0,7,0,5,0,0,0,23,0,14,0,41,0,16,0,89,0,15,0,49,0,0,0,60,1,21,0,25,0,8,0,10,0,201,0,43,4,0,0,56,0,23,0,10,0,0,0,19,0,47,0,0,0,15,0,0,0,98,188,375,10,85,38,20,10,0,1,6,0,0,0,0
0,0,0,0,0,0,0,3,0,0,1,7,0,27,0,0,0,0,0,12,0,2,0,0,0,0,0,88,0,1,0,0,0,2,0,0,0,0,0,0,20,154,0,55,34,217,48,160,6,0,0,10,0,0,0,0,0,0,0,0,0,0,0,0,0,0,0,0,0,3,0,0,0,0,0,0,0,0,0,0,0,51,0,0,0,0,0,19,0,16,0,0,0,5,0,0,0,0,0,41,0,26,0,4,0,0,0,0,0,0,0,0,0,0,0,0,0,0,0,0,0,0,0,4,0,0,0,0,0,0,0,0,0,0,0,2,0,0,0,0,0,6,0,0,0,10,0,0,0,0,0,0,0,0,0,0,0,0,0,0,0,0,0,3,0,67,0,1,0,25,0,2,0,5,0,0,0,126,0,9,0,23,0,0,0,0,47,26,0,0,0,0,0,0,1,5,0,0,0,0,0,0,0,0,0,0,0,0,0,0,0,4,0,0,7,0,0,1,19,41,23,6,3,2,5
0,0,0,0,0,0,0,0,0,0,8,0,149,36,10,0,11,0,141,0,98,0,9,0,0,0,281,153,12,0,35,0,63,0,110,0,77,0,18,0,19,27,61,0,36,24,0,76,11,0,0,0,0,0,0,0,15,0,0,0,0,0,0,0,0,0,0,0,0,0,44,0,0,0,17,0,0,0,16,0,0,0,0,0,77,0,0,0,0,0,203,0,0,0,0,0,151,0,419,0,45,0,0,0,0,0,134,0,0,0,0,0,0,0,0,0,0,0,0,0,36,0,0,0,0,0,0,0,0,0,0,0,0,0,0,0,0,0,0,0,107,0,87,0,58,0,0,0,0,0,0,0,0,0,0,0,0,0,0,0,0,0,31,0,54,0,41,0,52,0,55,0,42,0,0,0,6,3,0,0,0,0,0,0,0,0,57,0,0,0,0,0,20,0,0,0,0,0,0,0,0,0,0,0,0,0,0,0,0,0,92,299,200,36,42,0,2,8,7,8,0,0,0,0,0
0,9,0,0,0,37,0,2,0,0,0,0,0,202,0,7,0,0,0,76,0,83,0,0,0,0,33,155,0,0,0,49,0,28,3,47,0,72,0,15,0,0,0,54,0,44,0,30,0,10,0,0,0,3,0,0,0,2,0,0,0,6,0,0,0,0,0,0,0,6,0,9,0,3,0,17,0,13,0,0,0,0,0,0,0,94,0,31,0,0,0,0,0,1,0,80,0,0,0,76,0,54,0,0,0,0,0,0,0,0,0,0,0,0,0,0,0,0,0,0,0,91,0,9,0,0,0,0,0,0,0,0,0,0,0,0,0,75,0,70,0,91,0,128,0,67,0,0,0,0,0,0,0,0,0,0,0,15,0,3,0,0,0,11,0,40,0,13,0,85,0,21,0,74,0,0,5,50,0,2,0,0,1,0,0,0,7,59,0,0,0,0,0,0,0,0,0,0,0,0,0,0,0,0,0,0,0,0,0,0,0,0,0,0,14,0,0,0,81,177,106,11,1,2,0
0,0,14,0,1,0,99,61,39,116,0,0,0,0,0,0,91,0,0,0,22,0,0,0,29,26,0,0,58,0,28,0,21,0,0,0,0,0,21,0,0,0,0,0,0,0,0,0,0,0,0,0,0,24,253,77,126,18,42,51,46,0,82,32,0,0,2,36,0,0,0,0,0,0,0,0,0,0,0,0,0,0,0,0,9,0,0,0,0,0,32,0,0,0,0,0,0,0,0,0,0,0,0,0,11,0,112,0,0,0,0,0,0,0,0,0,0,0,0,0,0,0,0,0,0,0,0,0,160,0,7,0,28,0,67,0,144,0,174,0,19,0,231,0,3,0,0,0,0,0,0,0,0,0,131,0,146,0,58,0,11,0,11,0,0,0,0,0,9,2,72,0,5,0,0,0,66,15,0,0,0,0,0,0,0,4,0,0,0,0,0,0,0,0,0,0,0,0,17,0,110,0,0,0,0,0,0,0,0,0,97,232,121,105,217,3,49,0,0,0,0,0,0,0,0
0,0,0,0,0,0,14,118,30,136,0,0,0,0,0,0,0,8,0,0,0,0,0,0,0,41,0,0,0,0,0,0,0,0,0,0,0,0,0,6,0,0,0,0,0,0,0,0,0,0,0,3,24,0,53,111,13,72,103,76,0,52,8,23,0,0,39,0,0,0,0,0,0,0,0,0,0,0,0,0,0,0,0,0,0,29,0,0,0,0,0,10,0,0,0,0,0,0,0,0,0,0,0,0,0,0,0,0,0,0,0,0,0,0,0,0,0,0,0,0,0,0,0,0,0,0,0,17,0,162,0,0,0,46,0,101,0,259,0,412,0,68,0,86,0,35,0,0,0,0,0,0,0,0,7,60,4,79,0,126,0,50,0,0,0,0,0,0,0,10,0,45,0,16,0,0,9,14,0,0,0,0,0,0,6,0,0,0,0,0,0,0,0,0,0,0,0,0,0,0,0,0,0,0,0,0,0,0,0,0,0,0,0,0,319,0,0,0,238,157,66,181,0,16,1
9,0,59,0,9,0,101,77,55,247,3,0,0,0,23,0,55,0,0,0,0,0,53,0,145,40,0,0,24,0,0,0,0,0,0,0,0,0,8,0,0,0,0,0,0,0,0,0,65,0,0,0,253,53,0,121,84,0,18,41,84,0,43,51,4,0,12,33,0,0,0,0,0,0,0,0,0,0,0,0,0,0,0,0,0,0,0,0,0,0,0,0,0,0,0,0,0,0,0,0,0,0,1,0,6,0,25,0,2,0,0,0,0,0,0,0,0,0,0,0,0,0,0,0,2,0,0,0,42,0,35,0,38,0,61,0,44,0,0,0,0,0,103,0,0,0,0,0,0,0,0,0,0,0,36,0,65,0,11,0,33,0,0,0,0,0,15,0,61,0,295,0,26,0,0,0,89,40,1,0,0,0,0,0,0,3,0,0,0,0,0,0,0,0,0,0,0,0,17,0,27,0,0,0,0,0,0,0,15,0,304,114,433,564,912,12,197,0,0,0,0,0,0,0,0
0,5,0,26,0,0,46,314,91,57,0,0,0,1,0,0,0,35,0,32,0,0,0,17,0,152,0,0,0,3,0,0,0,0,0,0,0,0,0,0,0,0,0,0,0,0,0,0,0,0,0,0,77,111,121,0,16,219,222,58,0,61,28,56,0,2,67,4,0,4,0,0,0,0,0,0,0,0,0,0,0,0,0,0,0,12,0,0,0,0,0,0,0,0,0,0,0,0,0,0,0,0,0,0,0,0,0,0,0,0,0,0,0,0,0,0,0,0,0,0,0,0,0,0,0,24,0,45,0,145,0,99,0,52,0,117,0,394,0,95,0,0,0,0,0,11,0,0,0,22,0,0,0,0,9,117,8,20,0,36,0,60,0,0,0,0,0,0,0,0,0,168,0,52,0,0,35,32,0,0,0,0,0,0,11,9,0,0,0,0,0,0,0,0,0,0,0,0,0,0,0,0,0,0,0,0,0,0,0,58,0,0,0,0,716,0,0,0,405,107,226,689,0,157,0
0,0,0,0,0,0,11,0,5,0,0,0,0,0,0,0,0,0,0,0,0,0,7,0,11,0,0,0,0,0,0,0,0,0,0,0,0,0,0,0,0,0,0,0,5,0,0,0,22,0,15,0,126,13,84,16,0,10,138,46,20,0,0,0,14,0,16,84,0,0,0,0,0,0,0,0,0,0,0,0,0,0,0,0,0,0,0,0,0,0,0,0,0,0,0,0,0,0,0,0,0,0,0,0,0,0,0,0,0,0,0,0,0,0,0,0,0,0,0,0,0,0,0,0,0,0,3,0,23,0,14,0,21,0,9,0,7,0,10,0,0,0,13,0,5,0,0,0,0,0,0,0,0,0,212,29,126,0,58,7,91,0,42,0,0,0,0,0,56,0,95,0,0,0,0,0,0,0,0,0,0,0,0,0,0,5,2,0,0,0,0,0,0,0,0,0,0,0,1,0,0,0,0,0,0,0,0,0,0,0,281,99,427,436,1110,14,191,0,0,0,0,0,0,0,0
0,0,0,0,0,0,0,8,0,29,0,0,0,0,0,0,0,6,0,0,0,0,0,0,0,28,0,0,0,0,0,0,0,0,0,2,0,0,0,0,0,0,0,0,0,0,0,0,0,0,0,2,18,72,0,219,10,0,78,196,1,0,0,18,0,4,44,59,0,0,0,0,0,0,0,0,0,0,0,0,0,0,0,0,0,0,0,0,0,0,0,0,0,0,0,0,0,0,0,0,0,0,0,2,0,0,0,0,0,0,0,0,0,0,0,0,0,0,0,0,0,0,0,0,0,22,0,18,0,108,0,53,0,17,0,18,0,51,0,19,0,0,0,0,0,0,0,0,0,5,0,0,0,0,6,329,11,17,0,173,0,101,0,50,0,1,0,0,0,45,0,184,0,13,0,0,0,1,0,0,0,0,0,0,7,10,0,0,0,0,0,0,0,0,0,0,0,0,0,0,0,0,0,0,0,0,0,0,0,7,0,0,0,1,844,0,0,0,190,43,290,849,7,131,5
10,0,4,0,0,0,51,30,104,139,5,0,1,0,0,0,0,0,0,0,0,0,0,0,13,3,0,0,0,0,0,0,0,0,0,0,0,0,0,0,0,0,0,0,0,0,2,0,18,0,0,0,42,103,18,222,138,78,0,260,88,0,7,0,135,0,274,193,0,0,0,0,0,0,0,0,0,0,0,0,0,0,0,0,0,0,0,0,0,0,0,0,0,0,0,0,0,0,0,0,0,0,0,0,0,0,0,0,0,0,0,0,0,0,0,0,0,0,0,0,0,0,0,0,0,0,0,0,0,0,21,0,0,0,0,0,0,0,0,1,0,0,0,0,0,0,0,0,3,0,0,0,0,0,51,35,138,0,6,13,12,0,0,0,0,0,6,0,34,0,69,0,0,0,0,3,213,36,0,0,0,0,5,0,392,30,0,0,0,0,0,0,0,0,0,0,0,0,0,0,0,0,0,0,0,0,0,0,0,0,504,392,209,0,1264,0,166,0,0,0,0,0,0,0,0
0,18,0,4,0,0,0,40,0,239,0,3,0,0,0,0,0,0,1,0,1,0,1,0,1,0,0,0,0,0,0,0,0,0,0,0,0,0,0,0,0,0,0,0,0,0,0,0,0,0,0,0,51,76,41,58,46,196,260,0,0,30,0,13,48,183,93,196,0,0,0,0,0,0,0,0,0,0,0,0,0,0,0,2,0,0,0,0,0,0,0,0,0,0,0,0,0,0,0,0,0,0,0,0,0,0,0,0,0,0,0,0,0,0,0,0,0,0,0,0,0,0,0,0,0,17,0,0,0,10,0,59,0,0,0,0,0,5,10,2,0,0,0,0,11,1,0,0,0,16,0,0,0,0,51,68,43,98,0,20,0,65,0,0,0,3,0,3,0,14,0,0,0,0,0,15,25,21,0,0,0,0,0,0,37,140,0,0,0,0,0,0,0,0,0,0,0,0,0,0,0,0,0,0,0,0,0,0,0,0,3,0,0,0,1848,0,0,0,1084,277,257,1082,16,148,0
129,0,152,0,0,0,332,0,119,0,0,0,0,0,0,0,0,7,0,0,0,0,0,0,127,26,0,0,14,0,0,0,7,0,0,0,13,0,24,0,0,0,0,0,0,0,0,0,7,0,0,0,46,0,84,0,20,1,88,0,0,0,50,7,0,0,0,0,0,0,0,0,0,0,6,0,0,0,0,0,0,0,0,0,0,0,0,0,0,0,0,0,0,0,0,0,0,0,0,0,0,0,0,0,0,0,0,0,0,0,0,0,0,0,0,0,0,0,0,0,0,0,0,0,0,0,0,0,0,0,0,0,0,0,0,0,0,0,190,0,170,0,0,0,145,0,0,0,0,0,0,0,0,0,10,1,111,0,2,0,0,0,11,0,4,0,0,0,9,0,186,0,74,0,0,0,43,0,0,0,0,0,76,0,0,1,0,0,0,0,0,0,0,0,0,0,0,0,0,0,0,0,0,0,0,0,0,0,0,0,77,417,71,105,114,0,0,0,1,0,0,0,0,0,0
0,176,0,0,0,0,17,126,0,221,0,0,0,0,0,0,0,2,0,0,0,8,0,1,0,27,0,2,0,0,0,3,0,5,0,16,0,43,0,2,0,0,0,0,0,0,0,0,0,0,0,6,0,52,0,61,0,0,0,30,0,0,0,33,0,0,0,0,0,2,0,0,0,0,0,0,0,0,0,0,0,0,0,0,0,0,0,0,0,0,0,0,0,0,0,0,0,0,0,0,0,0,0,0,0,0,0,0,0,0,0,0,0,0,0,0,0,0,0,0,0,0,0,0,0,0,0,0,0,2,0,0,0,0,0,0,0,0,0,59,0,68,0,0,0,62,0,0,0,0,0,0,0,0,0,3,0,77,0,3,0,0,0,5,0,4,0,15,0,22,0,96,0,91,0,0,0,33,0,0,0,0,0,15,0,0,0,0,0,0,0,0,0,0,0,0,0,0,0,0,0,0,0,0,0,0,0,0,0,0,0,0,0,0,121,0,0,0,67,513,135,207,0,33,2
0,73,138,8,0,0,290,99,47,118,0,0,0,0,19,0,233,32,36,0,88,0,81,0,266,138,0,0,58,0,85,0,40,0,8,0,5,0,29,2,0,0,0,0,16,0,0,0,4,0,0,0,82,8,43,28,0,0,7,0,50,0,0,37,0,0,0,0,0,0,0,0,0,0,0,0,0,0,0,0,0,0,0,0,12,0,0,0,0,0,0,0,0,0,0,0,0,0,7,0,0,0,0,0,0,0,0,0,0,0,0,0,0,0,0,0,0,0,0,0,0,0,3,0,0,0,0,0,19,0,0,0,6,0,0,0,70,0,75,0,9,0,40,0,7,0,0,0,0,0,0,0,0,0,26,0,41,0,16,0,0,0,0,0,0,0,0,0,0,0,23,0,0,0,0,0,89,20,0,0,0,0,5,0,0,0,0,0,0,0,0,0,0,0,0,0,0,0,0,0,0,0,0,0,0,0,0,0,0,0,104,189,13,31,75,0,0,0,0,0,0,0,0,0,0
21,207,0,56,1,0,76,911,57,251,0,0,0,0,0,4,4,76,0,53,0,94,0,44,30,104,0,62,1,148,0,81,0,37,0,57,0,57,2,85,0,0,0,22,0,88,0,0,0,0,0,0,32,23,51,56,0,18,0,13,7,33,37,0,0,0,0,0,0,0,0,0,0,2,0,0,0,0,0,0,0,0,0,0,0,0,0,0,0,0,0,0,0,0,0,0,0,0,0,0,0,0,0,0,0,0,0,0,0,0,0,0,0,0,0,0,0,0,0,0,0,0,0,0,0,0,0,0,0,0,0,0,0,0,0,30,0,0,0,100,0,37,0,34,0,24,0,0,0,0,0,0,0,0,0,27,0,16,0,28,0,0,0,0,0,3,0,3,0,9,0,0,0,21,0,0,18,96,0,0,0,0,0,17,0,0,0,0,0,0,0,0,0,0,0,0,0,0,0,0,0,0,0,0,0,0,0,0,1,0,0,0,0,0,103,0,0,0,133,384,48,93,0,23,1
9,0,3,0,13,0,0,0,111,0,6,0,0,0,0,0,0,0,0,0,0,0,10,0,0,0,0,0,0,0,0,0,0,0,0,0,0,0,0,0,0,0,0,0,0,0,0,0,0,0,0,0,0,0,4,0,14,0,135,48,0,0,0,0,0,0,71,42,0,0,0,0,0,0,0,0,0,0,0,0,0,0,0,0,0,0,0,0,0,0,0,0,0,0,0,0,0,0,0,0,0,0,0,0,0,0,0,0,0,0,0,0,0,0,0,0,0,0,0,0,0,0,0,0,0,0,19,0,0,0,21,0,0,1,0,0,0,0,0,0,0,0,0,1,9,0,17,0,68,0,14,0,0,0,22,29,8,0,0,28,328,66,2,0,0,0,0,0,0,0,0,0,3,0,15,13,38,0,0,0,87,5,5,0,310,8,0,0,0,0,0,0,0,0,0,0,0,0,0,0,0,0,0,0,0,0,0,0,0,0,36,17,12,0,43,0,0,0,0,0,0,0,0,0,0
0,45,0,0,0,21,0,7,0,164,0,0,0,0,0,0,0,0,0,51,0,0,0,0,0,0,0,40,0,0,0,0,0,4,0,0,0,0,0,0,0,0,0,0,0,0,0,0,0,0,0,0,0,0,0,2,0,4,0,183,0,0,0,0,0,0,0,456,0,0,0,66,0,0,0,100,0,0,0,24,0,0,0,0,0,0,0,34,0,0,0,0,0,0,0,0,0,0,0,9,0,0,0,0,0,0,0,0,0,0,0,0,0,0,0,0,0,0,0,0,0,0,0,0,0,86,0,0,101,0,167,44,0,0,1,0,26,0,98,75,0,55,0,0,58,146,0,21,0,208,0,7,0,16,0,0,7,4,0,7,160,283,0,18,0,0,0,0,0,0,0,0,0,0,0,106,0,0,0,0,39,148,0,25,22,88,0,0,0,0,0,0,0,0,0,0,0,0,0,0,0,0,0,0,0,0,0,22,0,11,0,0,0,0,230,0,0,0,178,56,0,0,15,0,0
0,0,0,0,0,0,0,0,30,28,0,0,0,0,0,0,0,0,0,0,0,0,0,0,0,0,0,0,0,0,0,0,0,0,0,0,1,0,0,0,0,0,0,0,0,0,0,0,0,0,0,0,2,39,12,67,16,44,274,93,0,0,0,0,71,0,0,0,0,0,0,0,0,0,0,0,0,0,0,0,0,0,0,0,0,0,0,0,0,0,0,0,0,0,0,0,0,0,0,0,0,0,0,0,0,0,0,0,0,0,0,0,0,0,0,0,0,0,0,0,0,0,0,0,0,0,0,0,1,0,8,0,0,0,0,0,0,0,0,0,0,0,0,0,0,0,0,0,5,0,0,0,0,0,26,32,22,0,0,0,47,0,0,0,0,0,0,0,2,0,0,0,1,0,0,0,163,16,0,0,0,0,6,0,616,14,0,0,0,0,0,0,0,0,0,0,0,0,0,0,0,0,0,0,0,0,0,0,0,0,68,67,0,0,0,0,0,0,0,0,0,0,0,0,0
0,14,0,0,0,0,0,2,0,135,0,2,0,0,0,0,0,0,0,0,0,0,0,0,0,0,0,0,0,0,0,0,0,0,0,0,0,0,0,0,0,0,0,0,0,0,0,0,0,0,0,0,36,0,33,4,84,59,193,196,0,0,0,0,42,456,0,0,0,0,0,0,0,0,0,0,0,0,0,0,0,0,0,0,0,0,0,0,0,0,0,0,0,0,0,0,0,0,0,0,0,0,0,0,0,0,0,0,0,0,0,0,0,0,0,0,0,0,0,0,0,0,0,0,0,42,0,8,2,4,0,37,0,0,0,1,0,0,31,0,0,0,0,0,22,5,0,5,0,81,0,3,1,3,56,5,43,15,9,0,0,94,0,0,0,0,0,0,0,0,0,0,0,0,0,73,12,36,0,0,0,0,0,0,39,626,0,0,0,0,0,0,0,0,0,0,0,0,0,0,0,0,0,0,0,0,0,0,0,0,0,0,0,0,499,0,0,0,370,232,0,0,0,0,0
0,0,0,0,0,0,0,0,0,0,0,0,0,0,0,0,0,0,0,0,0,0,0,0,0,0,0,0,0,0,0,0,0,0,0,0,0,0,0,0,0,0,0,0,0,0,0,0,22,0,0,0,0,0,0,0,0,0,0,0,0,0,0,0,0,0,0,0,0,0,0,0,3,0,0,0,34,0,14,0,0,0,59,0,0,0,0,0,0,0,0,0,26,0,0,0,0,0,0,0,11,0,262,0,0,0,33,0,32,0,14,0,10,0,2,0,5,0,0,0,0,0,0,0,0,0,0,0,0,0,0,0,0,0,0,0,0,0,0,0,0,0,0,0,2,0,0,0,0,0,0,0,0,0,0,0,0,0,0,0,0,0,0,0,15,0,0,0,34,0,5,0,0,0,0,0,0,0,0,0,0,0,0,0,0,0,0,0,0,0,0,0,0,0,0,0,1,0,0,0,0,0,0,0,0,0,0,0,2,0,54,5,67,0,0,42,147,7,0,0,0,0,0,0,0
0,0,0,0,0,0,0,0,0,0,0,0,0,0,0,0,0,0,0,0,0,0,0,0,0,0,0,0,0,0,0,0,0,0,0,0,0,0,0,0,0,0,0,0,0,17,0,0,0,3,0,6,0,0,0,4,0,0,0,0,0,2,0,0,0,0,0,0,0,0,0,0,0,0,0,0,0,0,0,0,0,3,0,95,0,0,0,5,0,26,0,0,0,21,0,23,0,3,0,0,0,7,0,136,0,2,0,0,0,30,0,26,0,22,0,3,0,5,0,0,0,0,0,0,0,0,0,0,0,0,0,0,0,2,0,0,0,0,0,0,0,1,0,0,0,0,0,0,0,0,0,0,0,0,0,0,0,0,0,1,0,5,0,3,0,20,0,0,0,41,0,14,0,0,0,0,0,1,0,0,0,0,0,0,0,0,0,7,0,7,0,0,0,0,0,0,0,0,0,0,0,0,0,0,0,0,0,4,0,0,0,0,0,0,5,0,0,0,28,12,93,4,33,93,0
0,0,0,0,0,0,0,0,0,0,16,0,0,0,0,0,0,0,9,0,0,0,0,0,0,0,0,0,0,0,0,0,0,0,0,0,34,0,0,0,0,0,48,0,37,0,0,0,0,0,44,0,0,0,0,0,0,0,0,0,0,0,0,0,0,0,0,0,0,0,0,0,192,0,332,0,0,0,160,0,24,0,0,0,4,0,61,0,0,0,0,0,0,0,0,0,0,0,0,0,0,0,1,0,0,0,0,0,0,0,0,0,0,0,0,0,0,0,0,0,20,0,5,0,0,0,0,0,11,0,29,17,8,2,0,0,8,0,17,9,42,10,14,0,33,0,16,0,40,0,25,0,25,0,0,0,8,0,0,0,18,0,91,0,0,0,38,0,29,0,22,0,9,0,11,0,0,0,1,0,0,3,0,0,0,0,0,0,0,0,0,0,0,0,0,0,0,0,0,0,0,0,0,0,0,0,0,0,0,0,15,0,38,0,0,0,0,0,0,0,0,0,0,0,0
0,0,0,0,0,3,0,0,0,0,0,4,0,0,0,0,0,0,0,0,0,0,0,0,0,0,0,0,0,0,0,0,0,0,0,0,0,0,0,0,0,1,0,28,0,26,0,0,0,0,0,9,0,0,0,0,0,0,0,0,0,0,0,0,0,66,0,0,0,0,0,0,0,62,0,213,0,3,0,2,0,0,0,0,0,0,0,20,0,0,0,0,0,0,0,0,0,0,0,0,1,0,0,0,0,0,0,0,0,0,0,0,0,0,0,0,0,0,0,0,0,10,0,17,0,0,0,0,0,0,0,0,4,25,0,0,4,10,0,5,0,25,0,3,0,69,0,0,0,43,0,0,0,0,0,0,0,0,0,0,0,0,0,20,0,0,0,0,0,0,0,9,0,12,0,6,0,0,0,0,0,0,0,0,0,13,0,0,0,0,0,0,0,0,0,0,0,0,0,0,0,0,0,0,0,0,0,0,0,0,0,0,0,0,10,0,0,0,13,14,2,2,0,0,0
0,0,0,0,0,0,1,0,0,0,6,0,0,0,0,0,0,0,0,0,0,0,0,0,0,0,0,0,0,0,0,0,0,0,0,0,0,0,0,0,0,0,17,0,23,0,0,0,0,0,0,0,0,0,0,0,0,0,0,0,0,0,0,0,0,0,0,0,3,0,192,0,0,0,209,0,13,0,45,0,0,0,27,0,38,0,15,0,0,0,0,3,8,0,0,0,4,0,2,0,2,0,0,0,0,0,0,0,0,0,0,0,0,0,0,0,0,0,0,0,55,0,9,0,0,0,0,0,0,0,0,0,11,0,0,0,0,0,21,0,49,0,104,0,34,0,32,0,0,0,105,0,14,0,0,0,4,0,0,2,14,0,52,0,0,0,10,0,14,0,9,0,0,0,0,0,0,0,0,0,21,0,0,0,0,0,0,0,0,0,0,0,0,0,4,0,5,0,35,0,33,0,0,0,0,0,0,0,0,2,165,0,25,0,16,3,0,0,0,0,0,0,0,0,0
0,0,0,0,0,0,0,0,0,0,0,0,0,0,0,0,0,0,0,0,0,0,0,1,0,0,0,9,0,0,0,0,0,0,0,2,0,0,0,0,0,0,0,0,0,0,0,0,0,0,0,3,0,0,0,0,0,0,0,0,0,0,0,2,0,0,0,0,0,0,0,62,0,0,0,460,0,35,0,42,0,6,0,13,0,28,0,28,0,1,0,0,0,0,0,0,0,3,0,0,0,1,0,1,0,0,0,0,0,2,0,0,0,0,0,0,0,0,0,0,0,24,0,111,0,22,0,16,0,20,0,13,0,16,0,68,0,30,0,6,0,21,0,32,0,47,0,14,0,0,0,16,0,0,0,0,0,0,0,0,0,0,0,52,0,0,0,0,0,11,0,4,0,9,0,0,0,0,0,0,0,0,0,0,0,0,0,0,0,0,0,0,0,0,0,0,0,0,0,0,0,30,0,31,0,0,0,0,0,0,0,0,0,0,15,0,0,0,77,0,12,0,3,1,0
0,0,0,0,0,0,0,0,0,0,0,0,0,0,0,0,0,0,0,0,0,0,0,0,0,0,0,0,0,0,0,0,0,0,0,0,13,0,0,0,0,0,0,0,0,0,0,0,0,0,17,0,0,0,0,0,0,0,0,0,6,0,0,0,0,0,0,0,0,0,332,0,209,0,0,0,15,0,243,0,16,1,0,0,53,0,42,0,0,0,0,0,0,0,0,1,6,0,15,0,0,0,0,0,0,0,0,0,0,0,0,0,0,0,0,0,0,0,0,0,84,0,57,0,16,0,0,0,13,0,30,26,15,0,34,0,17,0,12,38,57,0,126,0,47,0,0,0,69,13,46,0,61,0,0,0,9,0,0,0,22,15,80,0,0,0,7,0,61,0,11,0,6,0,41,0,0,0,0,0,28,3,0,0,27,0,0,0,0,0,0,0,0,0,0,0,9,0,29,0,20,0,13,0,0,0,0,0,26,0,40,0,51,14,0,0,0,0,0,0,0,0,0,0,0
0,0,0,0,0,0,0,0,0,0,0,0,0,0,0,0,0,0,0,0,0,0,0,0,0,0,0,7,0,0,0,0,0,0,0,0,0,0,0,0,0,0,0,42,0,28,0,0,0,0,0,17,0,0,0,0,0,0,0,0,0,0,0,0,0,100,0,0,0,0,0,213,0,460,0,0,0,30,0,164,0,12,0,8,0,13,0,95,0,0,0,0,0,0,0,0,0,0,0,0,1,0,0,0,0,0,5,0,0,0,0,0,0,0,0,0,0,0,0,0,0,152,0,35,14,69,0,28,16,13,17,0,0,41,0,83,19,42,0,27,0,24,0,43,0,136,0,56,0,113,0,0,0,26,0,0,0,0,0,0,0,0,0,103,0,0,0,7,0,18,0,10,0,0,0,15,0,0,0,0,0,37,0,0,0,24,0,0,0,6,0,0,0,0,0,0,0,0,0,20,0,7,0,0,0,0,0,0,0,0,0,0,0,0,19,0,0,0,66,8,11,0,0,0,0
0,0,0,0,0,0,0,0,0,0,0,0,0,0,0,0,0,0,0,0,0,0,0,0,0,0,0,0,0,0,0,0,0,0,0,0,0,0,0,0,0,0,0,0,0,0,0,0,5,0,0,0,0,0,0,0,0,0,0,0,0,0,0,0,0,0,0,0,34,0,0,0,13,0,15,0,0,0,17,0,0,0,38,0,18,0,15,0,8,0,0,0,85,0,22,0,0,0,0,0,11,0,139,0,27,0,0,0,4,0,0,0,0,0,0,0,12,0,0,0,0,0,0,0,0,0,0,0,0,0,0,0,0,0,0,0,0,0,0,0,3,0,0,0,0,0,0,0,0,0,0,0,0,0,0,0,0,0,0,0,0,0,0,0,8,0,0,0,44,0,2,0,0,0,0,0,0,0,0,0,0,0,0,0,0,0,0,0,0,0,0,0,0,0,22,0,0,0,0,0,25,0,0,0,0,0,0,0,0,0,58,5,57,0,13,17,0,1,0,0,0,0,0,0,0
0,0,0,0,0,0,0,0,0,0,0,0,0,0,0,0,0,0,0,0,0,0,0,0,0,0,0,46,0,0,0,0,0,0,0,0,0,0,0,0,0,4,0,0,0,0,0,0,0,0,0,13,0,0,0,0,0,0,0,0,0,0,0,0,0,0,0,0,0,0,0,3,0,35,0,30,0,0,0,14,0,70,0,89,0,23,0,61,0,24,0,0,0,53,0,91,0,0,0,0,0,5,0,44,0,28,0,0,0,23,0,3,0,19,0,4,0,16,0,0,0,15,0,11,0,0,0,0,0,0,0,0,0,0,0,24,0,0,0,0,0,10,0,13,0,0,0,0,0,0,0,0,0,0,0,0,0,0,0,0,0,2,0,10,0,31,0,0,0,75,0,6,0,0,0,0,0,0,0,0,0,0,0,0,0,0,0,0,0,0,0,0,0,0,0,44,0,17,3,0,0,0,0,0,0,0,0,0,0,0,0,0,0,0,0,0,0,0,119,0,104,4,40,18,2
0,0,0,0,0,0,0,0,0,0,0,0,0,0,0,0,0,0,0,0,0,0,0,0,0,0,0,0,0,0,0,0,0,0,0,0,0,0,0,0,0,0,0,0,0,0,2,0,2,0,16,0,0,0,0,0,0,0,0,0,0,0,0,0,0,0,0,0,14,0,160,0,45,0,243,0,17,0,0,0,60,0,62,0,146,0,80,0,6,0,8,0,47,0,26,0,29,0,64,0,5,0,18,0,22,0,0,0,2,0,0,0,0,0,0,0,10,0,0,0,79,0,38,0,0,0,0,0,0,0,0,0,0,0,0,0,0,0,0,0,10,0,0,0,14,0,0,0,0,0,0,0,0,0,1,0,0,0,0,0,0,0,7,0,0,0,0,0,44,0,0,0,0,0,0,0,0,0,0,0,0,0,0,0,0,0,0,0,95,0,0,0,0,0,45,0,4,0,0,0,69,0,102,0,80,0,0,0,20,0,191,5,51,0,25,12,2,0,0,0,0,0,0,0,0
0,0,0,0,0,0,0,0,0,0,0,0,0,0,0,0,0,0,0,0,0,0,0,0,0,0,0,0,0,0,0,0,0,0,0,0,0,0,0,0,0,0,0,5,0,0,0,0,0,0,0,0,0,0,0,0,0,0,0,0,0,0,0,0,0,24,0,0,0,0,0,2,0,42,0,164,0,14,0,0,0,9,0,6,0,14,0,16,0,1,0,0,0,0,0,0,0,0,0,9,0,1,0,0,0,0,0,0,0,0,0,0,0,0,0,0,0,0,0,0,0,12,0,11,0,0,0,0,0,0,0,0,0,0,0,52,0,21,0,0,0,6,2,15,0,17,0,0,0,0,0,9,0,0,0,0,0,0,0,0,0,0,0,5,0,0,0,0,0,2,0,2,0,3,0,1,0,0,0,0,0,0,0,0,0,0,0,0,0,0,0,0,0,0,0,0,0,0,0,0,0,0,0,15,0,3,0,0,0,0,0,0,0,0,0,0,0,0,0,0,0,0,0,0,0
