0,223,69,143,106,20,29,44,56,10,172,72,209,0,54,168,80,114,0,0,15,0,116,179,20,198,22,0,115,4,10,0,57,0,0,0,78,9,517,29,34,0,5,0,0,0,17,0,3,0,4,0,1,0,2,3,4,2,0,0,145,4,83,0,7,2,9,0,0,0,0,0,0,0,0,0,0,0,0,0,0,0,0,0,1,0,0,0,0,0,0,0,0,0,0,0,0,0,0,0,0,0,0,0,0,0,0,0,0,0,0,0,0,0,0,0,0,0,0,0,0,0,0,0,12,2,0,0,0,0,6,0,2,0,0,0,0,0,0,0,0,0,0,0,0,0,9,0,33,0,17,0,27,0,0,0,0,0,0,0,0,0,2,0,2,0,12,0,4,0,7,0,196,0,2,0,174,97,10,0,15,0,39,8,23,0,7,0,0,0,0,0,0,0,0,0,0,0,0,0,0,0,0,0,1,0,0,0,0,0,0,0,0,0,34,0,0,0,3,0,181,0,7,0,10,0,104,13,106,0,149,0,193,3,65,3,36,2,233,0,153,0,123,0,569,0,0,0,0
223,0,91,21,18,243,50,13,29,87,11,415,5,192,0,127,75,45,0,97,0,8,263,30,229,94,0,107,0,168,0,0,0,104,0,0,3,58,33,589,0,95,0,0,0,9,0,65,0,6,0,0,1,0,0,3,0,7,0,5,12,378,0,198,0,64,0,12,0,0,0,0,0,2,0,0,0,0,0,0,0,0,0,3,0,0,0,5,0,1,0,0,0,0,0,0,0,0,0,0,0,0,0,0,0,0,0,6,0,0,0,0,0,0,0,0,0,0,0,0,0,0,0,3,0,25,0,8,0,0,0,11,0,0,0,9,0,6,0,8,0,13,0,18,0,0,0,32,0,63,0,78,0,38,0,0,0,5,0,0,0,3,0,0,0,0,0,0,0,1,0,15,0,103,0,11,27,233,0,7,0,31,0,44,0,73,0,5,0,0,0,0,0,0,0,0,0,4,0,0,0,0,0,0,0,0,0,0,0,7,0,11,0,0,0,28,0,2,2,3,0,309,0,8,1,24,7,187,0,221,0,152,0,444,0,51,0,15,3,246,0,50,1,67,4,599,0,0,0
69,91,0,52,246,30,71,7,40,6,25,92,110,0,231,141,62,58,70,0,60,0,746,83,193,81,37,0,172,0,58,0,123,0,0,0,79,4,338,21,14,1,2,0,5,0,18,0,0,0,0,0,2,0,21,0,13,0,0,3,44,0,52,0,12,0,0,1,0,0,0,0,0,0,0,0,0,0,0,0,0,0,0,0,0,0,0,0,0,0,0,0,0,0,0,0,0,0,0,0,0,0,0,0,0,0,0,0,0,0,0,0,0,0,0,0,0,0,0,0,0,0,0,0,201,0,48,0,0,0,75,0,39,0,17,0,7,0,0,0,0,2,0,1,0,0,135,0,134,0,47,0,12,0,0,0,0,0,0,0,15,0,0,0,0,0,14,0,0,0,4,0,47,0,0,0,23,34,1,0,0,0,0,1,7,1,0,1,0,0,0,0,0,0,0,0,0,0,0,0,0,0,0,0,0,0,8,0,37,0,0,0,0,0,22,0,0,0,0,0,181,0,8,0,0,0,59,6,55,0,88,0,115,5,23,0,21,0,64,3,59,1,51,0,307,0,0,0,0
143,21,52,0,0,88,0,79,6,3,15,8,0,7,2,237,35,42,0,67,0,8,136,239,56,219,0,13,0,167,0,6,0,99,0,0,0,12,27,212,0,0,0,0,0,0,0,0,0,0,0,3,0,0,0,18,0,6,0,0,3,7,2,7,0,2,0,2,0,0,0,0,0,0,0,0,0,0,0,0,0,0,0,0,0,0,0,0,0,0,0,0,0,0,0,0,0,0,0,0,0,0,0,0,0,0,0,0,0,0,0,0,0,0,0,0,0,0,0,0,0,0,0,0,0,10,0,3,0,2,0,1,0,3,1,18,0,26,0,0,0,0,0,0,0,4,0,0,0,0,0,14,0,0,0,0,0,0,0,0,0,0,0,0,0,1,0,2,0,2,0,0,0,15,0,0,10,33,0,0,0,0,0,0,0,1,0,0,0,0,0,0,0,0,0,0,0,0,0,15,0,0,0,0,0,0,0,0,0,19,0,2,0,2,0,6,0,0,0,1,0,163,0,3,0,5,3,28,0,52,0,33,0,142,0,0,0,0,0,26,0,6,0,12,0,91,0,0,0
106,18,246,0,0,223,20,0,70,0,70,175,368,201,212,421,10,4,87,131,145,78,133,52,0,0,90,58,18,0,179,0,199,11,152,0,233,0,116,0,89,8,0,0,4,0,45,0,0,0,52,0,0,0,0,0,7,0,0,0,0,0,8,0,14,0,0,0,0,0,0,0,0,0,0,0,0,0,0,0,0,0,0,0,0,0,0,0,0,0,0,0,0,0,0,0,0,0,0,0,0,0,0,0,0,0,0,0,0,0,0,0,0,0,0,0,0,0,0,0,0,0,0,0,43,0,26,0,0,0,16,0,0,0,6,0,0,0,0,0,0,0,0,0,0,0,74,0,118,0,70,0,120,0,0,0,0,0,0,0,0,0,0,0,6,0,96,0,8,1,2,0,66,0,0,0,90,97,53,3,96,0,47,0,92,0,10,37,0,0,0,0,0,0,0,0,0,0,0,0,0,0,0,0,0,0,0,0,23,0,0,0,0,0,12,0,0,0,9,0,460,23,9,0,71,0,288,17,134,0,344,0,0,3,20,0,148,8,73,0,51,0,105,0,503,0,0,0,0
20,243,30,88,223,0,0,44,0,67,93,136,136,184,298,203,0,6,62,126,167,123,109,71,0,6,0,144,0,37,48,96,22,150,0,64,39,75,16,35,0,59,0,3,0,0,0,64,1,0,0,12,0,0,0,8,0,21,0,10,0,0,0,0,0,40,0,7,0,0,0,0,0,0,0,0,0,0,0,0,0,0,0,0,0,0,0,0,0,0,0,0,0,0,0,0,0,0,0,1,0,0,0,0,0,0,0,0,0,0,0,0,0,0,0,0,0,0,0,0,0,0,0,11,0,35,0,0,0,0,0,16,0,6,0,16,0,0,0,0,0,23,0,19,0,0,0,25,0,74,0,67,0,34,0,14,0,4,0,3,0,0,0,0,0,0,0,36,0,7,0,0,0,21,0,6,64,141,4,2,0,31,0,0,0,63,4,0,0,0,0,0,0,3,0,0,0,11,0,0,0,0,0,0,0,0,0,0,0,17,0,0,0,0,0,22,0,2,0,0,46,397,0,1,0,26,6,141,0,171,0,265,0,283,0,36,0,81,1,55,1,41,3,50,0,241,0,0,0
29,50,71,0,20,0,0,62,43,235,18,0,40,0,29,0,11,56,0,0,0,0,59,0,512,277,5,0,19,0,0,0,0,0,0,0,0,1,49,0,5,0,3,1,0,0,7,0,0,0,0,0,61,14,326,127,73,7,13,6,129,0,307,65,13,0,29,16,0,0,0,0,0,0,0,0,0,0,0,0,0,0,0,0,0,0,0,0,0,0,0,0,0,0,0,1,0,0,0,0,0,0,0,0,0,0,0,0,0,0,0,0,0,0,0,0,0,0,0,0,0,0,0,0,102,0,21,0,0,1,112,0,29,0,6,0,5,0,0,0,2,0,0,0,0,0,12,0,48,0,0,1,0,0,0,0,2,0,0,2,41,0,0,0,2,0,0,0,4,0,79,0,107,0,0,0,36,56,0,0,0,0,6,13,0,0,1,0,0,0,0,0,0,0,0,0,0,0,0,0,0,0,2,0,0,0,0,0,4,0,13,0,0,0,167,0,1,0,7,0,460,0,44,0,61,0,79,2,159,0,34,0,187,2,74,1,8,0,270,0,104,0,39,0,700,2,0,0,0
44,13,7,79,0,44,62,0,121,6,0,0,0,5,0,155,24,16,0,77,0,0,18,37,117,406,0,0,0,54,0,6,0,0,0,0,0,0,5,159,0,2,0,0,0,0,0,4,0,1,0,0,6,14,29,106,0,61,0,85,8,221,39,431,0,12,1,17,0,0,0,0,0,0,0,0,0,0,0,0,0,0,0,0,0,0,0,0,0,0,0,0,0,0,0,0,0,0,0,0,0,0,0,0,0,0,0,0,0,0,0,0,0,0,0,0,0,0,0,0,0,2,0,0,0,81,0,25,0,0,0,28,0,29,1,10,0,26,0,0,0,0,0,0,0,0,0,15,0,15,0,48,0,0,0,6,0,11,0,0,0,73,0,0,0,0,0,0,0,3,0,21,0,36,0,0,7,26,0,0,0,0,0,9,0,0,0,0,0,0,0,5,0,0,0,0,0,0,0,7,0,0,0,0,0,0,0,0,0,38,0,0,0,0,0,95,0,0,0,5,2,417,0,6,1,17,2,53,0,205,0,27,0,351,0,64,0,4,1,100,0,17,0,25,5,308,0,0,0
56,29,40,6,70,0,43,121,0,444,23,0,50,0,27,0,5,35,8,0,7,0,0,0,25,273,16,0,0,0,0,0,0,0,0,0,3,0,5,0,13,0,2,0,5,0,13,0,0,0,3,0,85,21,13,352,22,31,7,20,91,0,169,94,174,0,99,65,0,0,0,0,0,0,1,0,0,0,0,0,1,0,0,0,0,0,0,0,0,0,0,0,0,0,0,0,0,0,0,1,0,0,0,0,0,0,0,0,0,0,0,0,0,0,0,0,0,0,0,0,0,0,0,0,57,0,0,0,0,0,68,0,0,0,0,0,0,0,0,0,0,0,0,0,0,0,54,0,175,0,15,0,19,0,13,4,11,0,0,0,24,0,0,0,0,0,0,0,0,0,76,0,34,0,18,0,332,92,0,0,1,0,28,23,25,21,2,0,0,0,0,0,0,0,0,0,2,0,0,0,0,0,0,0,0,0,4,0,4,0,15,0,0,0,188,0,0,0,3,0,167,2,17,0,30,0,90,0,108,5,20,0,145,1,64,0,6,0,304,0,76,0,62,0,511,1,0,0,0
10,87,6,3,0,67,235,6,444,0,0,169,0,59,0,16,19,2,0,16,1,0,0,2,218,8,0,43,0,0,0,3,0,0,0,0,0,0,0,0,0,25,0,6,0,0,0,21,0,0,0,0,58,73,342,36,0,31,55,39,0,196,103,216,0,128,20,126,0,0,0,0,0,0,0,1,0,1,0,0,0,0,0,0,0,2,0,0,0,0,2,0,0,0,0,0,0,0,0,0,0,0,0,0,0,0,0,0,0,0,0,0,0,0,0,0,0,0,0,0,0,0,0,0,0,94,0,14,0,0,0,68,0,4,0,0,0,6,0,0,0,0,0,0,0,0,0,30,0,118,0,42,0,10,0,7,0,42,0,0,0,40,0,0,0,0,0,0,0,3,0,50,0,67,21,0,78,478,0,0,0,0,0,29,3,72,0,0,0,0,0,0,0,1,0,0,0,0,0,0,0,0,0,0,0,0,0,3,0,7,0,0,0,0,1,148,0,0,0,7,0,245,0,11,0,27,3,97,0,364,0,30,0,369,0,84,0,4,0,171,0,35,0,40,9,395,0,0,0
172,11,25,15,70,93,18,0,23,0,0,90,266,0,37,215,0,0,7,0,57,17,52,54,0,0,0,0,8,0,93,0,146,5,11,0,270,0,172,0,32,1,0,0,0,0,10,0,4,0,4,0,0,0,2,0,0,0,0,0,0,0,0,0,4,0,0,0,0,0,4,0,0,0,0,0,0,0,0,0,0,0,0,0,0,0,0,0,0,0,0,0,0,0,0,0,0,0,8,0,0,0,0,0,0,0,0,0,0,0,0,0,0,0,0,0,0,0,0,0,0,0,0,0,9,0,0,0,0,0,0,0,0,0,0,0,0,0,0,0,0,0,0,0,0,0,8,0,12,0,40,0,37,0,0,0,0,0,0,0,0,0,0,0,1,0,87,0,2,0,2,0,37,0,0,0,57,32,64,4,59,0,69,0,30,0,24,0,0,0,0,0,0,0,0,0,0,0,1,0,0,0,0,0,0,0,0,0,0,0,0,0,0,0,0,0,0,0,5,0,156,0,3,0,9,0,158,14,64,0,184,0,30,1,16,0,69,4,75,0,70,1,74,0,239,0,0,0,0
72,415,92,8,175,136,0,0,0,169,90,0,23,338,175,91,32,0,20,38,113,69,251,56,0,1,0,130,0,121,18,89,17,492,0,61,22,291,42,198,0,242,0,5,0,10,0,96,0,20,0,5,0,4,0,4,0,7,1,6,0,6,0,5,0,32,0,0,0,0,0,0,0,0,0,0,0,0,0,0,0,8,0,0,0,32,0,0,0,8,0,0,0,0,0,0,0,0,0,0,0,0,0,0,0,0,0,0,0,0,0,0,0,0,0,0,0,0,0,0,0,15,0,0,0,0,0,0,0,0,0,0,0,0,0,7,0,0,0,0,0,0,0,10,0,18,0,25,1,37,0,102,0,68,0,8,0,0,0,0,0,3,0,0,0,0,2,23,0,6,0,0,0,40,0,19,53,312,1,23,0,111,1,2,0,61,1,35,0,0,0,0,0,2,0,0,0,8,0,0,0,0,0,0,0,0,0,0,0,0,0,6,0,0,0,20,0,0,0,0,40,343,0,0,0,30,3,397,7,168,0,426,0,426,0,41,0,86,7,167,0,89,3,145,17,481,0,0,0
209,5,110,0,368,136,40,0,50,0,266,23,0,600,62,166,2,0,38,210,87,67,0,0,0,0,40,350,0,0,59,0,44,0,221,26,96,17,4,0,227,67,77,13,13,8,60,95,35,0,271,19,0,0,0,0,0,0,0,0,0,0,3,0,24,0,3,0,0,0,0,0,0,0,0,0,0,0,0,0,0,0,0,0,0,0,0,0,0,0,0,0,0,0,0,0,0,0,0,0,0,0,0,0,0,0,0,0,0,0,0,0,0,0,0,0,0,0,0,0,0,0,0,0,36,0,8,0,0,0,0,0,0,0,0,0,0,0,0,0,0,0,0,0,0,0,31,0,47,0,87,0,81,0,0,0,1,0,0,0,0,0,0,0,19,0,24,0,6,1,0,0,8,0,65,0,204,138,200,0,175,0,134,0,59,0,98,53,0,0,0,0,0,0,0,0,0,0,0,0,0,0,0,0,0,0,0,0,0,0,3,0,0,0,0,0,0,0,99,29,115,14,12,0,305,0,438,0,71,0,177,5,0,0,0,0,62,4,0,0,22,0,42,0,198,3,0,0,0
0,192,0,7,201,184,0,5,0,59,0,338,600,0,130,31,0,0,579,89,324,75,0,0,0,0,256,81,0,0,45,46,7,21,185,127,47,130,0,0,115,252,28,132,17,5,39,113,0,24,94,211,0,0,0,0,0,8,0,2,0,0,0,0,0,0,0,0,0,0,0,0,0,0,0,0,0,0,0,1,0,0,0,0,0,0,0,0,0,0,0,0,0,0,0,0,0,0,0,0,0,0,0,0,0,0,0,0,0,0,0,0,0,0,0,0,0,0,0,1,0,0,0,0,0,0,0,0,0,0,0,3,0,0,0,0,0,8,0,0,0,0,0,0,0,0,0,0,0,0,0,0,0,8,0,2,0,0,0,0,0,0,0,0,0,8,0,8,0,6,0,1,2,4,0,10,48,360,13,24,0,42,0,4,0,27,55,130,0,0,0,0,0,0,0,0,0,0,0,0,0,0,0,0,0,0,0,0,0,3,0,0,0,0,0,5,0,0,6,169,0,134,0,10,9,253,11,287,0,134,7,177,0,130,0,0,0,70,0,0,0,33,0,45,0,85,0,0,0
54,0,231,2,212,298,29,0,27,0,37,175,62,130,0,605,18,0,268,92,219,79,571,33,38,0,156,19,0,0,204,23,118,17,66,0,126,0,0,1,11,0,8,0,5,0,34,4,0,0,9,2,8,0,98,0,27,0,0,1,1,0,6,0,20,0,0,0,0,0,0,0,0,0,0,0,0,0,0,0,0,0,0,0,0,0,0,0,0,0,0,0,0,0,0,0,26,0,39,0,0,0,0,0,0,0,0,0,0,0,0,0,0,0,0,0,0,0,0,0,0,0,0,0,47,0,38,0,0,0,9,0,16,0,119,0,0,0,0,0,0,0,0,0,0,0,104,0,109,0,89,0,79,0,0,0,0,0,0,0,0,0,0,0,1,0,68,0,0,0,0,0,11,0,4,0,38,65,23,21,21,0,19,0,66,0,0,22,0,0,0,0,0,0,0,0,0,0,15,0,0,0,0,0,0,0,20,0,66,0,0,0,0,0,2,0,0,0,0,0,88,18,4,1,0,0,158,0,60,0,49,0,11,0,0,0,13,0,21,0,24,0,0,0,128,0,0,0,0
168,127,141,237,421,203,0,155,0,16,215,91,166,31,605,0,53,79,108,268,415,334,462,285,35,130,0,99,0,9,95,64,48,40,41,29,76,61,53,15,4,0,0,4,0,0,0,0,0,1,0,5,0,0,0,70,0,19,0,9,0,10,0,14,0,20,0,1,0,0,0,1,0,0,0,0,0,0,0,0,0,0,0,25,0,13,0,11,0,0,0,18,0,0,0,19,0,38,0,0,0,14,0,0,0,0,0,69,0,0,0,0,0,0,0,0,0,0,0,0,0,8,0,3,0,22,0,20,0,0,0,11,0,9,0,130,0,130,0,0,0,18,0,22,0,0,0,21,0,59,0,79,0,0,0,9,0,2,0,0,0,31,0,0,0,1,0,20,0,0,0,0,9,14,0,0,28,33,5,0,0,17,0,0,0,33,6,4,0,0,0,13,0,0,0,0,0,0,0,72,0,14,0,0,0,0,0,32,0,83,0,0,0,0,0,0,0,0,0,0,54,54,0,0,0,11,17,455,20,75,18,23,0,56,0,15,6,0,13,35,7,18,17,12,50,75,0,0,0
80,75,62,35,10,0,11,24,5,19,0,32,2,0,18,53,0,40,107,0,481,0,336,64,237,115,104,0,634,0,383,0,92,0,0,0,20,1,238,20,0,0,0,0,0,0,5,0,0,0,0,0,119,0,36,7,11,0,2,0,30,0,517,11,2,0,0,0,0,0,0,0,0,0,0,0,0,0,0,0,0,0,0,0,27,0,0,1,10,0,100,0,2,0,0,0,261,0,0,0,0,0,0,0,43,0,81,0,0,0,0,0,0,0,0,0,0,0,0,0,0,0,0,0,0,0,6,0,72,0,0,0,0,0,287,0,323,0,71,0,37,1,349,0,0,0,0,0,0,0,0,0,0,0,14,0,0,0,25,0,19,0,0,0,3,0,0,0,0,0,4,1,25,0,0,0,18,0,0,0,4,0,12,0,5,0,0,0,0,0,0,0,0,0,0,0,0,0,51,0,285,0,0,0,0,0,30,0,31,0,0,0,0,0,20,0,0,0,0,0,80,1,6,0,7,0,490,0,45,0,10,2,35,0,0,0,3,0,38,1,16,0,16,0,75,9,0,0,0
114,45,58,42,4,6,56,16,35,2,0,0,0,0,0,79,40,0,0,40,0,281,119,109,152,155,0,11,2,247,0,109,0,30,0,12,0,6,19,68,0,0,0,5,0,0,0,0,0,0,0,3,2,26,0,62,0,28,0,5,6,20,10,367,0,0,0,0,0,0,0,0,0,3,0,3,0,0,0,6,0,10,0,23,0,41,0,10,0,0,0,18,0,0,0,14,0,83,0,3,0,18,0,8,0,28,0,58,0,0,0,0,0,0,0,0,0,0,0,0,0,12,0,8,0,0,0,1,0,0,0,6,0,13,0,187,0,158,0,101,0,78,0,143,0,4,0,0,0,0,0,0,0,0,0,23,0,0,0,11,0,26,0,0,0,0,0,0,0,6,0,2,0,11,0,0,1,13,0,0,0,0,0,5,0,0,0,0,0,0,0,0,0,0,0,0,0,0,0,31,0,21,0,0,0,0,0,0,0,17,0,0,0,0,0,6,0,0,0,0,0,25,0,5,0,0,0,550,0,49,1,3,3,38,0,2,0,0,3,16,0,0,1,4,0,30,0,0,0
0,0,70,0,87,62,0,0,8,0,7,20,38,579,268,108,107,0,0,206,290,80,303,0,36,0,146,251,4,0,86,0,8,3,367,47,42,0,0,0,0,45,47,29,17,0,28,57,0,0,213,35,0,0,72,0,0,0,0,0,0,0,0,0,7,0,0,0,0,0,14,0,0,0,5,0,0,0,0,0,0,0,0,0,0,0,0,0,0,0,30,0,0,0,0,0,0,0,28,0,0,0,0,0,0,0,0,0,0,0,0,0,0,0,0,0,0,0,0,0,0,0,0,0,0,0,0,0,0,0,0,0,0,0,140,0,0,0,0,0,0,0,34,0,0,0,0,0,35,0,0,0,0,0,0,0,0,0,0,0,0,0,0,0,14,0,22,0,0,0,0,0,5,1,0,0,29,70,9,0,12,0,6,0,44,0,6,45,0,0,0,0,0,0,0,0,0,0,28,0,40,0,0,0,0,0,28,0,46,0,0,0,0,0,0,0,0,0,15,21,30,0,1,0,86,13,249,0,15,0,40,0,4,0,0,0,22,3,13,0,25,0,28,0,0,0,0,0,0
0,97,0,67,131,126,0,77,0,16,0,38,210,89,92,268,0,40,206,0,169,344,0,144,0,27,72,229,0,0,34,76,12,8,75,132,21,87,0,3,26,11,0,85,0,14,0,54,0,2,54,174,0,0,0,39,0,14,0,16,0,7,0,30,0,0,0,0,0,0,0,0,0,0,0,0,0,0,0,0,0,0,0,20,0,84,0,24,0,0,0,62,0,0,0,38,0,76,0,7,0,32,0,0,0,0,0,95,0,0,0,0,0,0,0,0,0,0,0,0,0,0,0,12,0,24,0,27,0,0,0,5,0,0,0,157,0,98,0,7,0,14,0,57,0,0,0,0,0,41,0,0,0,0,0,4,0,5,0,3,0,0,0,0,0,0,5,8,0,4,0,0,1,0,0,0,11,22,1,0,0,8,0,0,0,23,20,5,0,0,0,0,0,0,0,0,0,0,0,55,0,31,0,0,0,0,0,0,0,63,0,0,0,0,0,0,0,0,0,25,0,39,0,6,0,84,0,113,0,103,4,27,0,40,0,0,0,9,0,23,0,0,2,12,0,40,0,0,0
15,0,60,0,145,167,0,0,7,1,57,113,87,324,219,415,481,0,290,169,0,128,401,8,60,0,117,122,35,0,185,27,53,9,52,42,67,38,0,0,0,0,11,0,12,6,9,11,0,0,39,22,25,0,58,0,17,0,0,0,0,0,81,0,2,0,0,0,0,0,33,0,0,0,21,0,0,0,0,0,67,0,0,0,77,0,0,0,0,0,169,0,0,0,0,0,411,0,173,0,0,0,0,0,0,0,0,0,0,0,0,0,0,0,0,0,0,0,0,0,24,0,0,0,0,0,0,0,0,0,0,0,0,0,220,0,140,0,0,0,78,0,278,0,48,0,0,0,0,0,0,0,10,0,3,0,0,0,0,0,0,0,0,0,4,0,35,0,0,0,1,0,5,0,0,0,23,26,49,9,10,1,0,0,0,0,8,32,0,0,0,0,0,0,0,0,0,0,58,0,182,0,0,0,0,0,27,0,50,0,0,0,0,0,0,0,0,0,7,13,66,0,0,0,94,0,320,8,45,0,79,0,0,0,0,0,33,6,31,0,20,0,35,0,116,0,0,0,0
0,8,0,8,78,123,0,0,0,0,17,69,67,75,79,334,0,281,80,344,128,0,0,318,0,95,25,189,0,42,20,82,0,40,36,63,0,86,0,6,0,0,0,59,0,13,0,0,0,1,10,48,0,59,0,56,0,20,0,0,0,7,0,206,0,0,0,0,0,0,0,0,0,0,0,10,0,0,0,0,0,52,0,59,0,195,0,27,0,55,0,61,0,0,0,57,0,118,0,13,0,65,0,0,0,21,0,109,0,0,0,0,0,0,0,0,0,0,0,0,0,49,0,39,0,0,0,0,0,0,0,0,0,0,0,194,0,89,0,147,0,175,0,243,0,57,0,0,0,0,0,0,0,0,0,24,0,9,0,17,0,0,0,0,0,0,0,5,0,0,0,0,0,6,0,0,0,0,0,7,0,1,0,0,0,0,4,28,0,0,0,0,0,0,0,0,0,0,0,35,0,21,0,0,0,5,0,0,0,16,0,0,0,0,0,0,0,0,2,8,0,54,0,5,0,0,4,376,0,46,0,66,0,0,0,5,0,13,0,38,0,0,0,35,0,60,0,0,0
116,263,746,136,133,109,59,18,0,0,52,251,0,0,571,462,336,119,303,0,401,0,0,286,156,114,116,0,29,0,111,0,44,0,0,0,51,22,94,69,0,0,0,0,0,0,10,0,0,0,0,0,7,0,166,0,80,0,29,0,7,9,8,3,4,1,0,0,0,0,0,0,0,0,0,0,0,0,0,0,0,1,0,0,0,0,0,0,0,0,8,0,0,0,0,0,6,0,0,0,0,0,0,0,0,0,8,0,0,0,0,0,0,0,0,0,0,0,0,0,0,4,0,0,68,0,71,5,20,0,33,0,62,2,212,0,145,5,0,0,0,0,37,0,0,0,105,0,74,0,48,0,25,1,0,0,0,0,4,0,67,0,0,0,0,0,13,0,2,0,0,0,43,1,0,0,63,93,13,12,0,0,20,0,8,0,0,0,0,0,0,0,0,0,0,0,0,0,28,0,37,0,0,0,0,0,44,0,118,0,0,0,0,0,0,0,0,0,0,0,69,0,0,0,0,0,437,49,32,0,32,0,0,0,0,0,7,1,21,0,18,0,15,1,57,13,0,0,0
179,30,83,239,52,71,0,37,0,2,54,56,0,0,33,285,64,109,0,144,8,318,286,0,49,351,0,20,0,50,10,90,13,45,0,0,0,11,47,4,0,0,0,0,0,0,0,0,0,0,0,2,0,8,0,84,0,19,0,0,5,2,0,38,0,0,0,0,0,0,0,2,0,0,0,0,0,0,0,0,0,9,0,9,0,34,0,9,0,12,0,24,0,0,0,14,0,40,0,0,0,13,0,5,0,22,0,56,0,0,0,0,0,0,0,0,0,0,0,0,0,0,0,0,0,0,0,14,0,0,0,0,0,11,0,117,0,114,0,33,0,0,0,55,0,0,0,0,1,10,0,21,0,0,0,6,0,0,0,0,0,0,0,0,0,0,0,0,0,4,0,2,0,5,0,0,0,9,0,6,0,0,0,0,0,0,0,0,0,0,0,0,0,0,0,0,0,0,0,39,0,18,0,1,0,0,0,0,0,30,0,0,0,0,0,0,0,1,0,0,0,32,0,0,0,0,8,522,0,30,0,11,0,32,0,8,0,3,0,22,0,6,0,9,0,32,0,0,0
20,229,193,56,0,0,512,117,25,218,0,0,0,0,38,35,237,152,36,0,60,0,156,49,0,806,0,0,46,0,0,0,0,1,0,0,2,0,37,33,0,0,0,0,0,0,0,0,0,0,0,0,48,8,124,55,83,0,20,0,57,33,262,90,0,0,0,0,0,0,1,1,0,0,0,0,0,0,0,0,0,0,0,0,3,3,0,0,0,0,0,0,0,0,0,0,10,3,0,0,0,2,0,0,0,0,0,1,0,0,0,0,0,0,0,0,0,0,0,0,0,2,0,0,15,0,14,0,57,0,23,0,76,0,132,0,190,1,0,0,3,2,66,5,2,0,11,0,0,0,11,0,0,0,7,0,0,0,22,0,95,0,0,0,0,0,0,0,0,0,9,0,29,9,0,0,7,31,0,0,0,0,0,14,2,0,0,0,0,0,0,0,0,0,0,0,0,0,21,0,28,0,0,0,0,0,12,0,21,0,0,0,0,0,12,0,0,0,1,0,54,4,0,0,8,0,203,1,29,8,0,1,26,0,0,0,0,0,24,0,14,0,6,2,90,0,0,0,0
198,94,81,219,0,6,277,406,273,8,0,1,0,0,0,130,115,155,0,27,0,95,114,351,806,0,0,0,0,125,0,24,0,2,0,0,2,0,19,92,0,0,0,0,0,0,0,0,0,0,0,0,0,5,43,168,0,61,0,6,40,61,84,156,0,0,0,0,0,0,0,0,0,0,0,0,0,0,0,0,0,0,0,0,0,4,0,0,0,0,0,8,0,0,0,0,4,5,0,0,0,0,0,0,0,11,0,20,0,0,0,0,0,0,0,0,0,0,0,0,0,0,0,0,0,0,0,15,0,19,0,0,0,15,0,66,0,88,0,16,0,0,0,13,0,0,0,5,0,0,0,0,0,0,0,9,0,0,0,0,0,31,0,0,0,0,0,0,0,0,0,6,11,13,2,0,4,34,0,0,0,0,0,16,0,0,0,0,0,0,0,0,0,0,0,0,0,0,0,19,4,0,0,0,0,2,0,8,0,22,0,5,0,0,0,6,0,0,0,0,6,56,0,0,0,0,6,143,10,55,0,6,0,58,0,6,0,0,9,21,0,3,0,3,20,72,0,0,0
22,0,37,0,90,0,5,0,16,0,0,0,40,256,156,0,104,0,146,72,117,25,116,0,0,0,0,344,11,0,17,0,8,0,92,11,57,4,4,0,15,200,246,0,120,17,64,171,8,0,276,15,0,0,0,0,0,0,0,0,0,0,31,0,12,0,0,0,0,0,51,0,0,0,36,0,0,0,0,0,77,0,0,0,41,0,0,0,0,0,108,0,0,0,0,0,338,0,169,0,0,0,6,0,0,0,70,0,0,0,0,0,0,0,0,0,0,0,0,0,35,0,0,0,0,0,10,0,0,0,0,0,0,0,67,0,0,0,0,0,0,0,134,0,0,0,18,0,24,0,21,0,0,0,0,0,0,0,0,0,7,0,0,0,54,0,7,0,7,0,0,0,0,0,0,0,19,39,6,0,0,0,9,0,16,0,16,20,0,0,0,0,0,0,0,0,0,0,0,0,77,0,0,0,0,0,0,0,22,0,0,0,0,0,0,0,0,0,373,52,15,0,15,4,337,0,78,0,24,0,14,0,0,0,2,0,13,0,0,0,0,0,0,0,0,0,0,0,0
0,107,0,13,58,144,0,0,0,43,0,130,350,81,19,99,0,11,251,229,122,189,0,20,0,0,344,0,0,0,10,49,0,6,110,69,0,61,0,0,243,13,61,283,29,127,93,78,2,18,113,345,0,0,0,0,0,10,0,0,0,0,0,0,0,28,0,0,0,0,0,0,0,0,0,0,0,0,0,0,0,13,0,0,0,50,0,0,0,14,0,0,0,0,0,0,0,0,0,5,0,23,0,0,0,0,0,36,0,0,0,0,0,0,0,0,0,0,0,0,0,0,0,11,0,0,0,0,0,0,0,0,0,0,0,0,0,0,0,0,0,0,0,0,0,0,0,0,0,0,0,46,0,11,0,0,0,3,0,0,0,0,0,0,3,17,0,5,1,14,0,0,0,1,0,0,9,69,0,4,1,12,0,0,0,19,71,32,0,0,0,0,0,0,0,0,0,1,0,14,0,0,0,0,0,0,0,0,0,13,0,0,0,0,0,1,0,3,7,398,0,19,2,57,0,180,0,251,0,58,0,30,0,17,0,5,0,22,0,0,0,0,0,9,0,17,0,0,0
115,0,172,0,18,0,19,0,0,0,8,0,0,0,0,0,634,2,4,0,35,0,29,0,46,0,11,0,0,1,51,0,15,0,6,0,61,0,5,0,0,0,9,0,0,0,1,0,0,0,5,0,26,0,6,0,0,0,0,0,0,0,147,0,0,0,0,0,0,0,4,0,0,0,0,0,0,0,0,0,0,0,0,0,24,0,0,0,0,0,36,0,0,0,0,0,121,0,26,0,0,0,2,0,8,0,0,0,0,0,0,0,0,0,0,0,0,0,0,0,4,0,0,0,0,0,0,0,0,0,0,0,6,0,11,0,75,0,71,0,65,0,146,0,0,0,0,0,0,0,0,0,0,0,9,0,0,0,17,0,1,0,0,0,0,0,0,0,0,0,0,0,0,0,2,0,14,0,2,0,0,0,14,0,0,0,0,0,0,0,0,0,0,0,0,0,0,0,0,0,40,0,0,0,0,0,5,0,0,0,0,0,0,0,6,0,0,0,0,0,2,0,0,0,0,0,76,0,7,0,1,0,3,0,0,0,0,0,18,0,3,0,8,0,11,0,0,0,0
4,168,0,167,0,37,0,54,0,0,0,121,0,0,0,9,0,247,0,0,0,42,0,50,0,125,0,0,1,0,0,16,0,15,0,49,0,17,0,2,0,0,0,9,0,1,0,0,0,0,0,11,0,39,0,39,0,12,0,5,0,2,0,161,1,0,0,2,0,0,0,0,0,0,0,3,0,0,0,0,0,7,0,6,0,11,0,0,0,0,0,0,0,0,0,0,0,9,0,0,0,3,0,0,0,4,0,13,0,0,0,0,0,0,0,0,0,0,0,0,1,10,0,3,0,0,0,0,0,12,0,0,0,0,0,51,0,40,0,81,0,100,0,89,0,10,0,0,0,0,0,0,0,0,0,26,0,7,0,24,0,5,0,0,0,0,0,0,0,0,0,0,0,4,0,0,0,14,0,0,0,0,0,1,0,0,0,0,0,0,0,0,0,0,0,0,0,0,0,17,0,2,0,0,0,0,0,0,0,8,0,0,0,0,0,0,0,0,0,0,0,6,0,0,0,0,0,80,0,7,0,5,0,0,0,0,0,0,0,12,1,5,0,6,0,14,0,0,0
10,0,58,0,179,48,0,0,0,0,93,18,59,45,204,95,383,0,86,34,185,20,111,10,0,0,17,10,51,0,0,4,15,0,2,8,11,7,2,0,1,0,11,0,0,0,0,0,0,0,15,1,29,0,0,0,0,1,2,0,0,0,97,0,0,0,0,0,0,0,16,0,0,0,9,0,0,0,0,0,64,0,0,0,57,0,17,0,27,0,206,0,0,0,19,0,424,0,139,0,0,0,0,0,19,0,102,0,0,0,0,0,0,0,0,0,0,0,0,0,20,0,32,0,0,0,0,0,0,0,0,0,0,0,54,0,94,0,0,0,38,0,229,0,13,0,0,0,3,0,0,0,0,0,2,0,0,0,0,0,0,0,0,0,0,0,8,0,0,0,0,0,6,0,2,0,15,7,72,0,7,0,8,0,0,0,2,0,0,0,0,0,0,0,0,0,0,0,11,0,166,0,0,0,0,0,0,0,12,0,0,0,0,0,0,0,0,0,0,2,37,0,0,0,3,0,115,3,9,0,30,0,15,0,0,0,12,0,8,0,10,0,11,0,69,0,0,0,0
0,0,0,6,0,96,0,6,0,3,0,89,0,46,23,64,0,109,0,76,27,82,0,90,0,24,0,49,0,16,4,0,1,9,6,28,0,23,0,3,0,0,0,21,0,2,0,0,0,0,0,10,0,24,0,8,0,8,0,0,0,4,0,88,0,0,1,0,0,0,0,7,0,0,0,10,0,0,0,4,0,0,0,0,0,78,0,0,0,16,0,23,0,0,0,0,0,41,0,0,0,16,0,0,0,0,0,17,0,0,0,0,0,0,0,0,0,0,0,0,0,31,0,29,0,0,0,1,0,0,0,0,0,0,0,71,0,38,0,105,0,201,0,183,0,53,0,0,0,0,0,0,0,0,0,20,0,0,0,19,0,0,0,0,0,0,0,1,0,0,0,0,0,2,0,0,1,5,0,6,0,2,0,0,0,0,0,15,0,0,0,0,0,0,0,0,0,0,0,5,0,0,0,0,0,0,0,0,0,0,0,0,0,0,0,0,0,0,1,0,0,25,0,0,0,4,0,140,0,28,0,29,0,28,0,1,0,4,0,16,0,12,0,16,0,28,0,0,0
57,0,123,0,199,22,0,0,0,0,146,17,44,7,118,48,92,0,8,12,53,0,44,13,0,0,8,0,15,0,15,1,0,0,14,3,57,0,1,0,0,0,29,0,0,0,0,0,0,0,6,0,2,0,2,0,2,0,1,1,1,0,24,0,0,0,0,0,0,0,9,0,0,0,6,0,0,0,0,0,15,0,0,0,13,0,4,0,0,0,35,0,0,0,0,0,93,0,49,0,7,0,0,0,0,0,22,0,0,0,0,0,0,0,0,0,0,0,0,0,10,0,25,0,0,0,0,0,0,0,0,0,0,0,0,0,17,0,13,0,16,0,77,0,4,0,0,0,0,0,0,0,0,0,0,0,0,0,0,0,1,0,0,0,0,0,15,0,0,0,0,0,6,0,0,0,40,6,54,1,0,0,20,0,4,0,0,3,0,0,0,0,0,0,0,0,0,0,0,0,15,0,0,0,0,0,0,0,0,0,0,0,0,0,3,0,0,0,0,0,37,0,0,0,0,0,171,0,21,0,10,0,4,0,0,0,0,0,6,0,5,0,3,0,31,0,0,0,0
0,104,0,99,11,150,0,0,0,0,5,492,0,21,17,40,0,30,3,8,9,40,0,45,1,2,0,6,0,15,0,9,0,0,0,31,0,53,0,2,0,0,0,5,0,0,0,0,0,0,0,8,0,5,0,4,0,2,0,0,0,2,0,36,0,4,0,0,0,0,0,0,0,0,0,1,0,0,0,0,0,0,0,0,0,13,0,0,0,0,0,0,0,0,0,0,0,0,0,1,0,0,0,0,0,0,0,0,0,0,0,0,0,0,0,0,0,0,0,0,0,0,0,0,0,0,0,0,0,3,0,0,0,0,0,0,0,15,0,48,0,44,0,41,0,23,0,0,0,0,0,0,0,0,0,6,0,2,0,6,0,0,0,0,0,0,0,1,0,0,0,0,0,6,0,0,0,28,0,35,0,0,0,0,0,0,0,8,0,0,0,0,0,0,0,0,0,0,0,0,0,0,0,0,0,0,0,0,0,1,0,0,0,0,0,0,0,0,0,0,0,11,0,0,0,1,2,181,0,15,0,4,0,4,0,1,0,0,0,4,0,0,0,0,0,9,0,0,0
0,0,0,0,152,0,0,0,0,0,11,0,221,185,66,41,0,0,367,75,52,36,0,0,0,0,92,110,6,0,2,6,14,0,0,12,139,2,0,0,9,0,26,0,7,7,11,12,0,0,89,0,0,0,0,0,1,0,2,0,0,0,7,0,0,0,0,0,0,0,21,0,0,0,5,0,0,0,0,0,23,0,0,0,10,0,0,0,0,0,46,0,0,0,0,0,82,0,51,0,0,0,0,0,0,0,14,0,0,0,0,0,0,0,0,0,0,0,0,0,14,0,0,0,0,0,0,0,0,0,0,0,0,0,0,0,0,0,0,0,19,0,52,0,0,0,0,0,0,0,0,0,0,0,0,0,0,0,0,0,0,0,0,0,6,0,23,0,0,0,0,0,8,0,0,0,26,22,74,0,0,0,5,0,0,0,26,10,0,0,0,0,0,0,0,0,0,0,0,0,0,0,0,0,0,0,0,0,0,0,0,0,0,0,0,0,0,0,10,10,35,0,1,0,89,4,93,0,20,0,17,0,1,0,0,0,8,1,0,0,0,0,7,0,41,0,0,0,0
0,0,0,0,0,64,0,0,0,0,0,61,26,127,0,29,0,12,47,132,42,63,0,0,0,0,11,69,0,49,8,28,3,31,12,0,0,94,0,5,2,0,0,4,2,1,0,0,0,0,0,19,0,7,0,9,0,3,0,0,0,0,0,22,0,0,0,0,0,1,0,0,0,0,0,2,0,0,0,0,0,0,0,0,0,29,0,9,0,0,0,0,0,0,0,0,0,4,0,0,0,3,0,0,0,3,0,10,0,0,0,0,0,0,0,0,0,0,0,0,0,26,0,8,0,0,0,0,0,0,0,0,0,0,0,0,0,0,0,68,0,147,0,89,0,77,0,0,0,0,0,0,0,0,0,12,0,0,0,17,0,0,0,0,0,0,0,7,0,1,0,1,0,4,0,0,0,12,0,6,0,0,0,0,0,0,3,55,0,0,0,0,0,0,0,0,0,0,0,0,0,0,0,0,0,0,0,0,0,0,0,0,0,0,0,0,0,0,0,9,0,41,0,0,0,25,0,121,0,54,0,42,0,21,0,0,0,9,0,18,0,0,0,10,0,35,0,0,0
78,3,79,0,233,39,0,0,3,0,270,22,96,47,126,76,20,0,42,21,67,0,51,0,2,2,57,0,61,0,11,0,57,0,139,0,0,0,45,0,0,0,73,0,33,0,4,0,0,0,99,0,1,0,0,0,4,1,3,0,17,0,11,0,0,0,1,0,0,0,95,0,4,0,42,0,0,0,0,0,65,0,0,0,54,0,20,0,0,0,55,0,0,0,0,0,174,0,164,0,0,0,0,0,0,0,39,0,0,0,0,0,0,0,0,0,0,0,0,0,59,0,98,0,0,0,0,0,0,0,0,0,0,0,0,0,37,0,73,0,169,0,145,0,154,0,0,0,0,0,0,0,0,0,7,0,10,0,18,0,0,0,3,0,4,0,87,0,10,0,10,0,29,0,12,0,65,18,135,0,0,0,32,0,0,0,4,3,0,0,0,0,0,0,0,0,0,0,0,0,9,0,0,0,0,0,0,0,0,0,0,0,0,0,0,0,0,0,0,0,50,0,1,0,35,0,127,2,61,0,7,0,8,0,0,0,2,0,2,0,0,0,4,0,28,0,0,0,0
9,58,4,12,0,75,1,0,0,0,0,291,17,130,0,61,1,6,0,87,38,86,22,11,0,0,4,61,0,17,7,23,0,53,2,94,0,0,0,26,0,0,0,43,0,0,0,0,0,0,2,58,0,17,0,6,0,3,0,2,0,13,0,37,0,0,0,0,0,0,0,6,0,0,0,0,0,0,0,6,0,0,0,0,0,25,0,0,0,0,0,4,0,0,0,3,0,3,0,0,0,0,0,0,0,0,0,0,0,0,0,0,0,0,0,0,0,0,0,0,0,11,0,0,0,0,0,0,0,0,0,0,0,0,0,0,0,10,0,79,0,154,0,64,0,140,0,0,0,0,0,0,0,0,0,34,0,29,0,20,0,3,0,0,0,1,0,15,0,0,0,3,0,8,0,0,0,28,0,36,0,0,0,2,0,3,0,82,0,0,0,0,0,0,0,0,0,0,0,0,0,1,0,0,0,0,0,0,0,0,0,0,0,0,0,0,0,0,0,0,0,71,0,0,0,37,0,158,0,136,0,11,0,0,0,3,0,0,0,4,0,1,0,3,0,0,0,0,0
517,33,338,27,116,16,49,5,5,0,172,42,4,0,0,53,238,19,0,0,0,0,94,47,37,19,4,0,5,0,2,0,1,0,0,0,45,0,0,9,0,0,0,0,0,0,0,0,0,0,0,0,12,0,5,0,1,0,1,0,7,0,90,0,0,0,2,0,0,0,7,0,0,0,0,0,0,0,0,0,0,0,0,0,0,0,2,0,0,0,0,0,0,0,0,0,38,0,22,0,3,0,0,0,0,0,0,0,0,0,0,0,0,0,0,0,0,0,0,0,0,0,0,0,0,0,0,0,0,0,0,0,0,0,8,0,15,0,53,0,37,0,47,0,39,0,0,0,8,0,25,0,23,0,9,0,9,0,21,0,0,0,0,0,0,0,1,0,1,0,3,0,21,2,1,0,164,23,38,1,19,0,99,0,14,0,0,0,0,0,0,0,0,0,0,0,0,0,0,0,6,0,0,0,0,0,0,0,0,0,0,0,0,0,6,0,0,0,0,0,25,0,0,0,3,0,206,5,14,0,0,2,0,0,2,0,4,0,18,0,7,0,7,0,25,0,0,0,0
29,589,21,212,0,35,0,159,0,0,0,198,0,0,1,15,20,68,0,3,0,6,69,4,33,92,0,0,0,2,0,3,0,2,0,5,0,26,9,0,0,0,0,0,0,0,0,0,0,0,0,4,0,9,0,12,0,7,0,0,0,9,0,69,0,0,0,0,0,0,0,0,0,0,0,1,0,0,0,0,0,0,0,3,0,4,0,0,0,0,0,1,0,0,0,0,0,0,0,0,0,0,0,0,0,0,0,6,0,0,0,0,0,0,0,0,0,0,0,0,0,0,0,0,0,0,0,0,0,0,0,0,0,0,0,11,0,0,0,19,0,26,0,12,0,30,0,5,0,0,0,10,0,0,0,19,0,18,0,13,0,0,0,0,0,0,0,0,0,0,0,0,0,19,0,0,8,80,0,10,0,0,0,22,0,0,0,0,0,0,0,0,0,0,0,0,0,0,0,0,0,0,0,0,0,0,0,0,0,4,0,0,0,0,0,0,0,1,0,0,0,19,0,0,0,3,0,126,0,13,0,0,0,9,0,0,0,0,0,8,0,0,0,3,0,0,0,0,0
34,0,14,0,89,0,5,0,13,0,32,0,227,115,11,4,0,0,0,26,0,0,0,0,0,0,15,243,0,0,1,0,0,0,9,2,0,0,0,0,0,314,18,9,15,18,18,400,127,1,18,0,0,0,0,0,0,0,0,0,0,0,0,0,2,0,0,0,0,0,0,0,0,0,0,0,0,0,0,0,0,0,0,0,0,0,0,0,0,0,0,0,0,0,0,0,0,0,0,0,0,0,1,0,0,0,0,0,0,0,0,0,0,0,0,0,0,0,0,0,0,0,0,0,10,0,1,0,0,0,0,0,0,0,0,0,0,0,0,0,0,0,0,0,0,0,9,0,15,0,17,0,12,0,0,0,0,0,0,0,0,0,0,0,18,0,0,0,3,0,0,0,0,0,8,0,27,86,20,0,36,0,17,0,13,0,123,14,0,0,0,0,0,0,0,0,0,0,0,0,0,0,0,0,0,0,0,0,0,0,0,0,0,0,0,0,2,0,368,67,0,0,108,43,43,0,18,0,0,0,0,0,0,0,1,0,0,0,2,0,0,0,2,0,0,1,0,0,0
0,95,1,0,8,59,0,2,0,25,1,242,67,252,0,0,0,0,45,11,0,0,0,0,0,0,200,13,0,0,0,0,0,0,0,0,0,0,0,0,314,0,18,3,51,5,133,18,5,94,19,8,0,0,0,0,0,0,0,0,0,0,0,0,0,0,0,0,0,0,0,0,0,0,0,0,0,0,0,0,0,0,0,0,0,0,0,0,0,0,0,0,0,0,0,1,0,0,0,0,0,0,0,0,0,0,0,0,0,1,0,0,0,0,0,0,0,0,0,0,0,0,0,0,0,8,0,0,0,0,0,0,0,0,0,0,0,0,0,0,0,0,0,0,0,0,0,0,0,0,0,6,0,3,0,0,0,1,0,0,0,0,0,0,3,14,0,0,0,1,0,0,0,0,0,6,3,241,0,11,2,9,0,0,0,0,41,36,0,0,0,0,0,0,0,0,0,0,0,0,0,0,0,0,0,0,0,0,0,0,0,0,0,0,0,0,0,0,100,156,0,0,5,301,3,5,0,10,0,4,0,0,0,0,0,0,0,0,0,0,1,2,0,0,0,0,0,0,0
5,0,2,0,0,0,3,0,2,0,0,0,77,28,8,0,0,0,47,0,11,0,0,0,0,0,246,61,9,0,11,0,29,0,26,0,73,0,0,0,18,18,0,0,109,0,42,42,5,0,73,3,2,0,0,0,5,0,3,1,1,0,0,0,0,0,0,0,0,0,34,0,0,0,14,0,0,0,0,0,26,0,0,0,0,0,9,0,0,0,38,0,0,0,0,0,0,0,51,0,0,0,0,0,0,0,0,0,0,0,0,0,0,0,0,0,0,0,0,0,12,0,0,0,0,0,0,0,0,0,0,0,0,0,0,0,0,0,0,0,39,0,0,0,21,0,0,0,2,0,0,0,0,0,2,0,0,0,0,0,0,0,0,0,30,0,20,0,15,0,0,0,3,0,0,0,0,3,0,0,0,0,0,0,0,0,70,0,0,0,0,0,0,0,0,0,0,0,0,0,0,0,0,0,0,0,0,0,0,0,0,0,0,0,2,0,0,0,89,9,8,0,23,4,130,0,16,0,19,1,2,1,2,0,1,0,0,0,0,0,0,0,0,0,3,0,0,0,0
0,0,0,0,0,3,1,0,0,6,0,5,13,132,0,4,0,5,29,85,0,59,0,0,0,0,0,283,0,9,0,21,0,5,0,4,0,43,0,0,9,3,0,0,0,35,0,48,0,8,10,148,0,0,0,0,0,0,0,7,0,3,0,6,0,0,0,0,0,0,0,0,0,1,0,0,0,0,0,2,0,0,0,0,0,0,0,0,0,4,0,0,0,0,0,0,0,0,0,0,0,0,0,0,0,0,0,0,0,0,0,0,0,0,0,0,0,0,0,0,0,0,0,0,0,0,0,0,0,0,0,0,0,0,0,0,0,0,0,0,0,25,0,37,0,29,0,0,0,0,0,0,0,0,0,4,0,0,0,0,0,0,0,2,0,9,0,2,0,11,0,0,0,2,0,0,0,10,0,0,0,0,0,0,0,3,0,101,0,0,0,0,0,0,0,0,0,0,0,0,0,0,0,0,0,0,0,0,0,1,0,0,0,0,0,0,0,0,0,114,0,7,0,16,0,121,0,79,0,31,0,0,0,0,0,0,0,2,0,2,0,0,0,5,0,0,0,0,0
0,0,5,0,4,0,0,0,5,0,0,0,13,17,5,0,0,0,17,0,12,0,0,0,0,0,120,29,0,0,0,0,0,0,7,2,33,0,0,0,15,51,109,0,0,3,74,81,17,0,83,0,0,0,0,0,0,0,3,0,0,0,0,0,0,0,1,0,2,0,30,0,0,0,11,0,0,0,0,0,27,0,0,0,0,0,0,0,6,0,43,0,1,0,10,0,120,0,0,0,0,0,0,0,0,0,22,0,0,0,0,0,0,0,0,0,0,0,0,0,13,0,0,0,0,0,0,0,0,0,0,0,0,0,0,0,15,0,0,0,31,0,0,0,23,0,0,0,11,0,0,0,0,0,0,0,0,0,0,0,0,0,0,0,134,0,7,0,17,0,0,0,0,0,0,0,0,10,0,0,5,0,0,0,0,1,19,0,0,0,0,0,0,0,0,0,0,0,3,0,17,0,2,0,0,0,0,0,0,0,0,0,0,0,0,0,0,0,254,7,0,0,105,16,168,0,11,0,21,0,0,0,0,0,1,0,2,0,0,0,0,0,0,0,0,0,0,0,0
0,9,0,0,0,0,0,0,0,0,0,10,8,5,0,0,0,0,0,14,6,13,0,0,0,0,17,127,0,1,0,2,0,0,7,1,0,0,0,0,18,5,0,35,3,0,0,76,0,26,0,68,0,0,0,0,0,0,0,4,0,0,0,0,0,1,0,0,0,0,0,0,0,0,0,4,0,0,0,0,0,2,0,3,0,0,0,0,0,2,0,0,0,0,0,0,0,1,0,0,0,0,0,0,0,0,0,0,0,0,0,0,0,0,0,0,0,1,0,0,0,0,0,0,0,1,0,0,0,0,0,1,0,0,0,0,0,0,0,0,0,8,0,7,0,14,0,0,0,0,0,0,0,0,0,0,0,1,0,0,0,0,0,0,0,24,0,0,0,10,0,2,0,0,0,0,1,0,0,0,1,0,0,0,0,0,6,38,0,0,0,0,0,0,0,0,0,0,0,0,0,0,0,0,0,0,0,0,0,0,0,0,0,0,0,2,0,1,13,176,0,15,1,156,0,46,0,27,0,17,0,0,0,4,0,0,0,0,0,0,0,0,0,0,0,0,0,0,0
17,0,18,0,45,0,7,0,13,0,10,0,60,39,34,0,5,0,28,0,9,0,10,0,0,0,64,93,1,0,0,0,0,0,11,0,4,0,0,0,18,133,42,0,74,0,0,144,10,0,27,5,4,0,6,0,0,0,0,0,0,0,0,0,2,0,0,0,0,0,1,0,0,0,0,0,1,0,0,0,0,0,0,0,0,0,0,0,0,0,0,0,0,0,0,0,0,0,0,0,0,0,0,0,0,0,9,0,0,0,0,0,0,0,0,0,0,0,0,0,0,0,0,0,0,0,0,0,0,0,0,0,0,0,0,0,0,0,0,0,0,0,0,0,0,0,0,0,21,0,0,0,0,0,0,0,0,0,0,0,0,0,0,0,26,0,0,0,10,0,0,0,0,0,0,0,3,23,4,0,0,0,0,0,0,0,14,4,0,0,0,0,0,0,0,0,0,0,0,0,0,0,0,0,0,0,0,0,0,0,0,0,0,0,0,0,0,0,397,18,0,0,45,10,71,0,9,0,6,0,0,0,0,0,0,0,0,0,0,0,0,0,3,0,0,0,0,0,0
0,65,0,0,0,64,0,4,0,21,0,96,95,113,4,0,0,0,57,54,11,0,0,0,0,0,171,78,0,0,0,0,0,0,12,0,0,0,0,0,400,18,42,48,81,76,144,0,12,7,35,45,0,0,0,1,0,2,0,1,0,0,0,0,0,4,0,0,0,0,0,0,0,0,0,0,0,0,0,0,0,0,0,0,0,0,0,0,0,0,0,0,0,0,0,0,0,0,0,0,0,0,0,0,0,0,0,0,0,1,0,0,0,0,0,0,0,0,0,0,0,0,0,0,0,0,0,0,0,0,0,0,0,0,0,0,0,4,0,0,0,0,0,0,0,0,0,0,0,5,1,0,1,0,0,0,0,0,0,0,0,2,0,0,6,24,0,1,0,0,0,0,0,0,0,0,0,111,0,3,0,0,0,0,0,0,80,15,0,0,0,0,0,0,0,0,0,0,0,0,0,0,0,0,0,0,0,0,0,0,0,0,0,1,0,0,0,0,68,434,0,0,7,334,5,18,0,37,0,7,0,0,0,0,0,0,0,0,0,0,0,0,0,0,0,0,0,0,0
3,0,0,0,0,1,0,0,0,0,4,0,35,0,0,0,0,0,0,0,0,0,0,0,0,0,8,2,0,0,0,0,0,0,0,0,0,0,0,0,127,5,5,0,17,0,10,12,0,0,2,0,0,0,0,0,0,0,0,0,1,0,0,0,1,0,0,0,0,0,0,0,0,0,0,0,0,0,0,0,0,0,0,0,0,0,0,0,0,0,0,0,0,0,3,0,0,0,0,0,0,0,4,0,1,0,1,0,0,0,0,0,0,0,0,0,0,0,0,0,0,0,0,0,0,0,0,0,0,0,0,0,0,0,1,0,0,0,0,0,0,0,0,0,0,0,0,0,0,0,6,0,3,0,0,0,0,0,0,0,0,0,0,0,4,0,0,0,3,0,0,0,0,0,0,0,9,3,5,0,3,0,1,0,4,0,69,0,3,0,0,0,0,0,0,0,1,0,0,0,0,0,0,0,0,0,0,0,0,0,1,0,3,0,2,0,0,0,54,5,6,0,59,9,13,0,5,0,8,0,1,0,0,0,0,0,0,0,0,0,1,0,2,0,0,0,0,0,0
0,6,0,0,0,0,0,1,0,0,0,20,0,24,0,1,0,0,0,2,0,1,0,0,0,0,0,18,0,0,0,0,0,0,0,0,0,0,0,0,1,94,0,8,0,26,0,7,0,0,0,8,0,0,0,0,0,0,0,0,0,0,0,0,0,0,0,0,0,1,0,0,0,0,0,0,0,1,0,0,0,0,0,2,0,0,0,0,0,0,0,0,0,0,0,3,0,0,0,0,0,1,0,1,0,0,0,0,0,0,0,0,0,0,0,0,0,0,0,0,0,0,0,0,0,0,0,0,0,0,0,0,0,0,0,0,0,0,0,0,0,0,0,1,0,0,0,0,0,0,0,0,0,0,0,0,0,0,0,0,0,0,0,0,0,5,0,0,0,5,0,0,0,0,0,0,0,15,0,2,0,0,0,0,0,1,0,20,0,0,0,0,0,0,0,0,0,0,0,0,0,0,0,0,0,1,0,0,0,0,0,0,0,0,0,0,0,0,1,9,0,3,0,45,0,1,0,2,0,2,0,0,0,0,0,0,0,0,0,0,0,0,0,0,0,0,0,0,0
4,0,0,0,52,0,0,0,3,0,4,0,271,94,9,0,0,0,213,54,39,10,0,0,0,0,276,113,5,0,15,0,6,0,89,0,99,2,0,0,18,19,73,10,83,0,27,35,2,0,0,7,0,0,0,0,7,0,6,0,0,0,4,0,0,0,2,0,0,0,44,0,0,0,25,0,0,0,0,0,32,0,0,0,17,0,16,0,16,0,51,0,1,0,0,0,132,0,110,0,0,0,0,0,0,0,0,0,0,0,0,0,0,0,0,0,0,0,0,0,46,0,32,0,0,0,0,0,0,0,0,0,0,0,0,0,5,0,0,0,19,0,24,0,0,0,0,0,3,0,0,0,0,0,0,0,0,0,0,0,0,0,2,0,17,0,40,0,20,0,0,0,11,0,0,0,10,0,13,0,4,0,0,0,4,0,78,0,0,0,0,0,0,0,0,0,2,0,1,0,0,0,0,0,0,0,0,0,0,0,0,0,0,0,2,0,0,0,26,14,11,0,16,0,134,0,53,0,32,0,7,0,0,0,2,0,4,0,0,0,3,0,3,0,0,0,0,0,0
0,0,0,3,0,12,0,0,0,0,0,5,19,211,2,5,0,3,35,174,22,48,0,2,0,0,15,345,0,11,1,10,0,8,0,19,0,58,0,4,0,8,3,148,0,68,5,45,0,8,7,0,0,0,0,0,0,11,0,4,0,6,0,8,0,0,0,0,0,0,0,9,0,1,0,6,0,0,0,4,0,0,0,7,0,30,0,8,0,0,0,0,0,0,0,0,0,0,0,2,0,0,0,0,0,0,0,4,0,0,0,0,0,0,0,0,0,0,0,0,0,27,0,9,0,0,0,0,0,0,0,0,0,1,0,16,0,0,0,0,0,76,0,60,0,68,0,0,0,0,0,0,0,0,0,11,0,4,0,4,0,0,0,0,0,0,0,2,0,18,0,7,0,1,0,0,0,13,0,0,0,0,0,0,0,3,1,68,0,0,0,0,0,0,0,0,0,0,0,0,0,2,0,1,0,0,0,0,0,0,0,0,0,0,0,2,0,2,0,33,0,33,0,10,0,71,0,51,0,40,0,0,0,14,0,5,0,5,0,0,0,4,0,5,0,0,0,0,0
1,1,2,0,0,0,61,6,85,58,0,0,0,0,8,0,119,2,0,0,25,0,7,0,48,0,0,0,26,0,29,0,2,0,0,0,1,0,12,0,0,0,2,0,0,0,4,0,0,0,0,0,0,4,217,77,287,38,50,42,27,0,74,12,0,4,3,68,0,0,0,0,0,0,0,0,0,0,0,0,4,0,0,0,14,0,0,0,0,0,8,0,0,0,2,0,22,0,0,0,0,0,0,0,0,0,4,0,0,0,0,0,0,0,0,0,0,0,0,0,1,0,0,0,0,0,0,0,113,0,15,0,9,0,19,0,145,0,232,0,116,0,112,0,25,0,0,0,0,0,0,0,0,0,149,8,57,0,199,0,36,0,0,0,0,0,1,0,0,0,17,0,2,0,0,1,16,0,0,0,0,0,2,1,27,10,0,0,0,0,0,0,0,0,0,0,0,0,3,0,24,0,0,0,0,0,0,0,0,0,2,0,1,0,60,0,0,0,4,0,66,0,0,0,5,0,658,0,44,0,0,0,30,0,27,0,0,0,25,0,2,0,0,0,42,0,0,0,0
0,0,0,0,0,0,14,14,21,73,0,4,0,0,0,0,0,26,0,0,0,59,0,8,8,5,0,0,0,39,0,24,0,5,0,7,0,17,0,9,0,0,0,0,0,0,0,0,0,0,0,0,4,0,26,56,9,84,13,55,0,29,1,41,0,0,8,37,0,0,0,0,0,0,0,0,0,0,0,0,0,0,0,0,0,0,0,0,0,0,0,0,0,0,0,1,0,2,0,0,0,1,0,0,0,0,0,6,0,0,0,0,0,0,0,0,0,0,0,0,0,0,0,0,0,0,0,3,0,37,0,0,0,17,0,35,0,55,0,117,0,63,0,37,1,54,0,1,0,0,0,0,0,0,0,198,0,28,0,98,1,15,0,0,0,0,0,0,0,0,0,5,0,0,0,0,0,8,0,0,0,0,0,0,0,19,0,0,0,0,0,0,0,0,0,0,0,0,0,5,0,3,0,0,0,2,0,0,0,0,0,1,0,0,0,42,0,0,0,0,0,62,0,8,0,4,0,306,0,70,0,1,0,69,0,31,0,0,0,14,0,0,0,5,0,28,0,0,0
2,0,21,0,0,0,326,29,13,342,2,0,0,0,98,0,36,0,72,0,58,0,166,0,124,43,0,0,6,0,0,0,2,0,0,0,0,0,5,0,0,0,0,0,0,0,6,0,0,0,0,0,217,26,0,316,234,63,105,45,6,0,31,60,7,0,8,130,0,0,0,0,0,0,0,0,0,0,1,0,0,0,0,0,0,0,1,0,0,0,0,0,0,0,0,0,0,0,0,0,0,0,1,0,0,0,0,0,0,0,0,0,0,0,0,0,0,0,0,0,0,0,0,0,34,0,7,0,53,0,63,0,53,1,43,0,99,0,22,0,0,0,18,0,4,0,7,0,13,0,0,1,0,0,46,4,3,0,30,0,114,0,0,0,0,0,1,0,0,0,27,0,7,0,0,0,9,10,0,0,0,0,0,0,0,31,0,0,0,0,0,0,0,0,0,0,0,0,0,0,7,1,0,0,0,0,0,0,9,0,0,0,0,0,73,0,0,0,2,0,65,0,4,0,0,0,226,0,65,0,0,0,39,0,20,0,0,0,34,0,8,0,6,0,79,0,0,0,0
3,3,0,18,0,8,127,106,352,36,0,4,0,0,0,70,7,62,0,39,0,56,0,84,55,168,0,0,0,39,0,8,0,4,0,9,0,6,0,12,0,0,0,0,0,0,0,1,0,0,0,0,77,56,316,0,29,116,76,86,0,16,76,155,0,4,101,18,0,0,0,0,0,0,0,0,0,0,0,0,0,0,0,0,0,0,0,0,0,0,0,0,0,0,0,0,0,0,0,0,0,0,0,0,0,0,0,6,0,0,0,0,0,0,0,0,0,0,0,0,0,0,0,0,0,27,1,22,0,37,0,23,0,38,0,35,0,91,0,26,0,10,0,23,1,3,0,9,0,2,0,0,0,0,3,71,0,23,0,29,0,117,0,0,0,0,1,0,0,0,0,20,0,6,0,0,24,9,0,0,0,0,0,0,6,37,0,0,0,0,0,0,0,0,0,0,0,0,0,14,0,0,0,0,0,0,2,6,0,30,0,0,0,1,0,105,0,0,0,4,0,280,0,29,0,8,2,137,3,254,0,5,0,195,0,56,0,0,0,24,0,0,0,3,5,87,0,0,0
4,0,13,0,7,0,73,0,22,0,0,0,0,0,27,0,11,0,0,0,17,0,80,0,83,0,0,0,0,0,0,0,2,0,1,0,4,0,1,0,0,0,5,0,0,0,0,0,0,0,7,0,287,9,234,29,0,64,178,49,0,0,13,3,72,24,28,93,0,0,0,0,0,0,0,0,0,0,0,0,0,0,0,0,0,0,0,0,0,0,0,0,0,0,0,0,0,0,0,0,0,1,0,0,0,0,0,0,0,0,0,0,0,0,0,0,0,0,0,0,0,0,0,0,6,0,0,0,56,0,33,0,21,0,0,0,18,0,9,5,0,0,0,0,3,0,0,0,12,0,0,0,0,0,210,55,27,1,77,22,134,0,8,0,0,0,8,0,10,0,50,0,35,0,0,10,4,0,0,0,5,19,0,0,4,27,0,0,0,0,0,0,0,0,0,0,0,0,0,0,0,0,0,0,0,0,0,0,0,0,4,0,5,0,311,0,0,0,5,0,256,0,98,0,40,0,182,0,353,0,2,0,268,0,551,0,4,0,305,0,20,0,78,0,297,0,0,0,0
2,7,0,6,0,21,7,61,31,31,0,7,0,8,0,19,0,28,0,14,0,20,0,19,0,61,0,10,0,12,1,8,0,2,0,3,1,3,0,7,0,0,0,0,0,0,0,2,0,0,0,11,38,84,63,116,64,0,116,61,0,0,0,5,15,5,106,25,0,0,0,2,0,0,0,0,0,0,0,0,0,0,0,0,0,0,0,0,0,0,0,2,0,0,0,0,0,1,0,0,0,0,0,0,0,1,0,3,0,0,0,0,0,0,0,0,0,0,0,0,0,0,0,0,0,20,0,7,0,29,0,15,0,20,0,20,0,25,5,11,0,5,0,0,0,6,0,0,2,1,0,5,0,0,19,154,4,27,0,86,6,111,0,13,0,0,1,1,0,11,0,49,0,1,1,7,4,6,0,0,0,0,0,0,1,58,0,0,0,0,0,0,0,0,0,0,0,0,0,6,0,0,0,0,0,0,0,0,0,7,0,0,0,0,0,197,0,0,0,3,2,268,0,37,0,21,1,126,0,486,0,5,0,229,0,409,0,2,0,40,0,7,0,19,2,154,0,0,0
0,0,0,0,0,0,13,0,7,55,0,1,0,0,0,0,2,0,0,0,0,0,29,0,20,0,0,0,0,0,2,0,1,0,2,0,3,0,1,0,0,0,3,0,3,0,0,0,0,0,6,0,50,13,105,76,178,116,0,102,4,0,2,6,182,10,78,134,0,0,0,0,0,0,0,0,0,0,0,0,0,0,0,0,0,0,0,0,0,0,0,0,0,0,0,0,0,0,0,0,0,0,0,0,0,0,0,0,0,0,0,0,0,0,0,0,0,0,0,0,0,0,0,0,59,0,0,0,1,0,103,0,11,0,0,0,0,0,0,0,0,0,0,0,0,0,1,0,50,0,0,0,0,0,55,32,33,0,0,25,58,12,0,0,0,0,12,0,6,0,32,0,17,0,4,1,30,0,0,0,11,17,0,0,12,57,0,0,0,0,0,0,0,0,0,0,0,0,0,0,0,0,0,0,0,0,0,0,1,0,5,0,0,0,218,0,0,0,2,0,172,0,42,0,13,0,129,2,116,0,3,0,153,4,249,0,8,0,236,0,21,0,53,0,272,0,0,0,0
0,5,3,0,0,10,6,85,20,39,0,6,0,2,1,9,0,5,0,16,0,0,0,0,0,6,0,0,0,5,0,0,1,0,0,0,0,2,0,0,0,0,1,7,0,4,0,1,0,0,0,4,42,55,45,86,49,61,102,0,0,18,5,13,27,124,175,218,0,0,0,0,0,0,0,0,0,1,0,0,0,0,0,0,0,0,0,0,0,0,0,0,0,0,0,0,0,0,0,0,0,0,0,0,0,0,0,0,0,0,0,0,0,0,0,0,0,0,0,0,0,0,0,0,0,6,0,0,0,0,0,16,0,0,0,1,0,0,0,0,0,0,0,0,0,0,0,2,0,9,0,5,0,0,31,144,0,63,8,35,0,40,0,5,0,0,0,0,0,3,0,19,0,7,0,10,0,0,0,1,0,45,0,0,7,119,0,0,0,0,0,0,0,0,0,0,0,0,0,0,0,0,0,0,0,0,0,0,0,2,0,0,0,1,1,172,0,0,0,6,0,258,0,26,0,18,0,145,0,341,0,4,0,333,0,496,0,0,0,123,0,9,0,17,2,283,0,0,0
145,12,44,3,0,0,129,8,91,0,0,0,0,0,1,0,30,6,0,0,0,0,7,5,57,40,0,0,0,0,0,0,1,0,0,0,17,0,7,0,0,0,1,0,0,0,0,0,1,0,0,0,27,0,6,0,0,0,4,0,0,3,47,0,0,0,0,0,0,0,1,0,0,0,0,0,0,0,0,0,0,0,0,0,0,0,0,0,0,0,0,0,0,0,0,0,0,0,0,0,0,0,0,0,0,0,0,0,0,0,0,0,0,0,0,0,0,0,0,0,2,0,0,0,0,0,0,0,0,0,1,0,0,0,0,0,4,0,57,0,83,0,13,0,135,0,0,0,0,0,0,0,0,0,13,0,35,0,12,0,0,0,7,0,0,0,2,0,2,0,48,0,69,0,5,0,35,6,1,0,7,0,12,0,20,0,0,0,0,0,0,0,0,0,0,0,0,0,0,0,0,0,0,0,0,0,0,0,0,0,3,0,0,0,28,0,0,0,0,0,157,0,15,0,15,0,187,0,89,0,2,0,25,0,4,0,0,0,27,1,9,0,2,0,42,0,0,0,0
4,378,0,7,0,0,0,221,0,196,0,6,0,0,0,10,0,20,0,7,0,7,9,2,33,61,0,0,0,2,0,4,0,2,0,0,0,13,0,9,0,0,0,3,0,0,0,0,0,0,0,6,0,29,0,16,0,0,0,18,3,0,0,31,1,0,0,0,0,0,0,0,0,1,0,2,0,0,0,0,0,0,0,0,0,0,0,0,0,0,0,0,0,0,0,0,0,0,0,0,0,0,0,0,0,0,0,0,0,0,0,0,0,0,0,0,0,0,0,0,0,0,0,0,0,0,0,0,0,0,0,0,0,0,0,0,0,1,0,49,0,43,0,5,0,139,0,0,0,4,0,0,0,0,0,29,0,126,0,23,0,0,0,3,0,0,0,0,0,0,0,18,0,21,0,0,0,61,0,0,0,0,0,14,0,9,0,0,0,0,0,0,0,0,0,0,0,0,0,0,0,0,0,0,0,0,0,0,0,0,0,0,0,0,0,12,0,0,0,0,0,48,0,3,0,0,0,207,1,77,0,2,0,32,0,0,0,0,0,11,0,2,0,4,3,28,0,0,0
83,0,52,2,8,0,307,39,169,103,0,0,3,0,6,0,517,10,0,0,81,0,8,0,262,84,31,0,147,0,97,0,24,0,7,0,11,0,90,0,0,0,0,0,0,0,0,0,0,0,4,0,74,1,31,76,13,0,2,5,47,0,0,31,0,0,1,0,0,0,0,0,0,0,0,0,0,0,0,0,0,0,0,0,14,0,0,0,0,0,0,0,0,0,0,0,27,0,0,0,0,0,0,0,0,0,0,0,0,0,0,0,0,0,0,0,0,0,0,0,0,0,0,0,0,0,0,0,19,0,0,0,2,0,7,0,70,0,104,0,65,0,86,0,29,0,0,0,3,0,0,0,0,0,105,0,16,0,81,0,5,0,2,0,0,0,0,0,0,0,0,1,14,0,12,0,49,7,0,0,2,0,6,1,32,3,0,0,0,0,0,0,0,0,0,0,0,0,0,0,0,0,0,0,0,0,0,0,0,0,0,0,0,0,20,0,0,0,0,0,34,0,0,0,0,0,612,0,12,1,0,0,16,0,6,0,0,0,25,0,15,0,12,0,33,0,0,0,0
0,198,0,7,0,0,65,431,94,216,0,5,0,0,0,14,11,367,0,30,0,206,3,38,90,156,0,0,0,161,0,88,0,36,0,22,0,37,0,69,0,0,0,6,0,0,0,0,0,0,0,8,12,41,60,155,3,5,6,13,0,31,31,0,0,0,0,3,0,0,0,0,0,0,0,0,0,0,0,0,0,0,0,0,0,0,0,0,0,0,0,0,0,0,0,0,0,7,0,0,1,0,0,0,0,0,0,0,0,0,0,0,0,0,0,0,0,0,0,0,0,0,0,0,0,1,0,0,0,0,0,0,0,9,0,20,0,25,0,61,0,41,0,27,0,35,0,1,0,0,0,0,0,0,0,56,0,32,0,32,0,17,0,0,0,0,0,0,0,0,0,0,1,2,0,0,4,32,0,0,0,0,0,0,0,6,0,0,0,0,0,0,0,0,0,0,0,0,0,0,0,4,0,0,0,0,0,0,0,9,0,0,0,0,0,13,0,0,0,0,1,24,0,1,0,3,0,563,0,32,0,6,0,43,0,8,0,0,0,21,0,3,0,10,3,53,0,0,0
7,0,12,0,14,0,13,0,174,0,4,0,24,0,20,0,2,0,7,0,2,0,4,0,0,0,12,0,0,1,0,0,0,0,0,0,0,0,0,0,2,0,0,0,0,0,2,0,1,0,0,0,0,0,7,0,72,15,182,27,0,1,0,0,0,65,175,0,0,0,1,0,0,0,0,0,0,0,0,0,0,2,0,0,0,0,0,0,0,0,0,0,0,0,0,0,0,0,0,0,0,0,0,0,0,0,0,0,0,0,0,0,0,0,0,0,0,0,0,0,0,3,0,0,30,0,4,0,0,0,12,23,0,0,0,0,0,0,23,23,0,0,0,0,9,32,33,0,92,26,5,0,8,0,21,46,0,0,19,93,53,74,6,0,0,0,1,0,0,0,5,0,2,0,63,93,5,0,0,0,114,46,9,0,56,0,0,0,0,0,0,0,0,0,0,0,0,0,0,1,0,0,0,0,0,0,0,0,0,0,1,0,0,0,23,0,0,0,2,0,0,0,0,0,0,0,25,0,21,0,0,0,0,0,149,0,0,0,98,1,0,1,10,0,22,0,0,0,0
2,64,0,2,0,40,0,12,0,128,0,32,0,0,0,20,0,0,0,0,0,0,1,0,0,0,0,28,0,0,0,0,0,4,0,0,0,0,0,0,0,0,0,0,0,1,0,4,0,0,0,0,4,0,0,4,24,5,10,124,0,0,0,0,65,0,13,266,0,0,0,15,0,0,0,8,0,0,0,0,0,12,0,0,0,4,0,0,0,0,0,0,0,0,0,0,0,0,0,1,0,0,0,0,0,0,0,0,0,0,0,0,0,0,0,0,0,0,0,0,0,0,0,4,0,130,0,7,0,0,80,91,0,0,0,0,0,2,36,26,0,0,0,0,29,137,0,12,0,223,0,7,0,0,23,9,1,9,32,30,84,97,0,8,0,1,0,0,0,0,0,4,1,0,29,140,0,3,0,0,18,120,0,0,0,79,0,0,0,0,0,0,0,0,0,0,0,0,0,0,0,0,0,0,0,0,0,0,0,0,0,1,0,1,0,27,0,0,0,2,0,0,0,0,0,5,0,56,0,61,0,0,0,0,0,101,0,0,0,40,0,12,0,12,0,84,0,0,0
9,0,0,0,0,0,29,1,99,20,0,0,3,0,0,0,0,0,0,0,0,0,0,0,0,0,0,0,0,0,0,1,0,0,0,0,1,0,2,0,0,0,0,0,1,0,0,0,0,0,2,0,3,8,8,101,28,106,78,175,0,0,1,0,175,13,0,127,0,0,0,0,0,0,0,0,0,0,0,0,0,0,0,0,0,0,0,0,0,0,0,0,0,0,0,0,0,0,0,0,0,0,0,0,0,0,0,0,0,0,0,0,0,0,0,0,0,0,0,0,0,0,0,0,12,0,0,0,0,0,44,0,0,0,0,0,0,0,0,0,0,0,0,0,0,0,0,0,63,0,1,0,0,0,30,36,8,0,12,11,26,4,2,0,0,0,2,0,0,0,0,0,0,0,9,4,127,4,0,0,55,14,0,0,69,68,0,0,0,0,0,0,0,0,0,0,0,0,0,0,0,0,0,0,0,0,0,0,0,0,0,0,0,0,25,0,0,0,1,0,15,0,6,0,0,0,38,0,11,0,0,0,29,0,61,0,0,0,49,0,6,0,6,0,44,2,0,0,0
0,12,1,2,0,7,16,17,65,126,0,0,0,0,0,1,0,0,0,0,0,0,0,0,0,0,0,0,0,2,0,0,0,0,0,0,0,0,0,0,0,0,0,0,0,0,0,0,0,0,0,0,68,37,130,18,93,25,134,218,0,0,0,3,0,266,127,0,0,0,0,0,0,0,0,2,0,0,0,0,0,0,0,0,0,2,0,1,0,0,0,0,0,0,0,0,0,0,0,0,0,0,0,0,0,0,0,0,0,0,0,0,0,0,0,0,0,0,0,0,0,0,0,1,0,66,1,4,0,0,0,71,0,2,1,0,0,0,0,4,0,0,0,0,1,16,0,17,0,99,0,17,0,0,28,57,7,49,10,24,23,59,0,3,0,0,0,0,0,2,0,8,0,0,3,36,21,89,0,0,0,137,0,0,5,402,0,0,0,0,0,1,0,0,0,0,0,2,0,0,0,0,0,0,0,0,0,0,0,0,0,0,0,0,0,40,0,0,0,1,0,46,0,0,0,2,0,45,0,130,0,3,0,71,0,147,0,0,0,54,0,7,0,6,3,103,0,0,0
0,0,0,0,0,0,0,0,0,0,0,0,0,0,0,0,0,0,0,0,0,0,0,0,0,0,0,0,0,0,0,0,0,0,0,0,0,0,0,0,0,0,0,0,2,0,0,0,0,0,0,0,0,0,0,0,0,0,0,0,0,0,0,0,0,0,0,0,0,0,0,0,0,0,0,0,76,0,9,0,0,0,28,0,0,0,7,0,0,0,0,0,8,0,12,0,0,0,4,0,0,0,61,0,0,0,14,0,33,0,0,0,20,0,0,0,2,0,0,0,0,0,0,0,0,0,0,0,0,0,0,0,0,0,0,0,0,0,0,0,0,0,0,0,0,0,0,0,0,0,0,0,0,0,0,0,0,0,0,0,0,0,0,0,0,0,0,0,14,0,0,0,0,0,1,0,0,0,0,0,0,0,0,0,1,0,0,0,0,0,0,0,0,0,0,0,0,0,0,0,0,0,0,0,0,0,0,0,0,0,0,0,111,0,65,0,40,0,0,0,0,0,13,0,5,0,0,0,7,0,0,0,0,0,0,0,0,0,0,0,0,0,0,0,0,0,0,0,0
0,0,0,0,0,0,0,0,0,0,0,0,0,0,0,0,0,0,0,0,0,0,0,0,0,0,0,0,0,0,0,0,0,0,0,1,0,0,0,0,0,0,0,0,0,0,0,0,0,1,0,0,0,0,0,0,0,0,0,0,0,0,0,0,0,0,0,0,0,0,0,0,0,0,0,0,0,5,0,6,0,2,0,90,0,0,0,11,0,49,0,0,0,4,0,75,0,3,0,0,0,2,0,131,0,11,0,14,0,31,0,7,0,7,0,0,0,7,0,0,0,0,0,0,0,0,0,0,0,0,0,0,0,0,0,0,0,0,0,0,0,0,0,0,0,0,0,0,0,0,0,0,0,0,0,0,0,0,0,0,0,0,0,0,0,12,0,0,0,45,0,0,0,0,0,0,0,0,0,0,0,0,0,0,0,0,0,0,0,0,0,0,0,0,0,9,0,1,0,0,0,0,0,0,0,0,0,0,0,0,0,1,0,213,0,94,0,88,0,8,0,0,0,141,0,11,0,0,0,44,0,0,0,0,0,0,0,0,0,10,0,8,0,0,0,5,0,0,0
0,0,0,0,0,0,0,0,0,0,4,0,0,0,0,0,0,0,14,0,33,0,0,0,1,0,51,0,4,0,16,0,9,0,21,0,95,0,7,0,0,0,34,0,30,0,1,0,0,0,44,0,0,0,0,0,0,0,0,0,1,0,0,0,1,0,0,0,0,0,0,0,286,0,138,0,29,0,201,0,16,0,0,0,1,0,49,0,0,0,0,0,0,0,0,0,0,0,22,0,0,0,0,0,0,0,0,0,0,0,0,0,0,0,0,0,0,0,0,0,83,0,24,0,0,10,5,25,26,0,16,6,0,10,14,2,12,0,12,0,91,7,17,0,124,0,10,0,23,0,40,0,59,0,6,0,21,0,5,0,2,0,82,6,0,0,43,0,20,0,58,0,86,0,37,0,0,0,0,0,24,15,0,0,40,1,0,0,0,0,0,0,0,0,0,0,0,0,10,0,0,0,0,0,0,0,0,0,30,0,1,0,0,0,0,0,5,0,0,0,5,0,0,0,0,0,4,0,0,0,0,0,0,0,1,0,5,0,14,0,35,0,15,0,0,0,0,0,0
0,0,0,0,0,0,0,0,0,0,0,0,0,0,0,1,0,0,0,0,0,0,0,2,1,0,0,0,0,0,0,7,0,0,0,0,0,6,0,0,0,0,0,0,0,0,0,0,0,0,0,9,0,0,0,0,0,2,0,0,0,0,0,0,0,15,0,0,0,0,0,0,0,132,0,165,0,6,0,44,0,2,0,1,0,1,0,19,0,1,0,1,0,0,0,1,0,0,0,0,0,1,0,0,0,0,0,0,0,0,0,0,0,0,0,0,0,0,0,0,0,17,0,46,0,39,4,38,14,5,13,12,9,12,0,19,0,0,0,2,0,9,0,21,0,150,7,37,3,90,0,33,4,49,0,3,0,14,1,1,0,0,0,68,0,0,0,0,0,18,0,7,0,10,1,36,0,0,0,0,0,26,0,0,0,39,0,0,0,0,1,0,0,7,0,0,0,0,0,14,0,0,0,0,0,0,0,38,0,26,0,0,0,0,0,0,0,0,0,0,0,8,0,8,0,0,0,19,0,45,0,0,0,0,0,32,0,0,0,56,0,6,0,3,0,28,0,0,0
