0,244,113,147,85,34,96,67,64,0,102,24,118,0,18,46,13,63,44,0,3,1,36,123,12,142,32,0,107,7,2,0,29,1,0,0,36,0,528,0,27,0,0,0,0,0,14,0,3,0,0,0,10,0,4,0,0,0,0,1,77,2,44,0,5,0,11,1,0,0,0,0,0,0,0,0,0,0,0,0,8,0,0,0,0,0,0,0,0,0,0,0,0,0,0,0,0,0,0,0,0,0,0,0,0,0,0,0,0,0,0,0,0,0,0,0,0,0,1,0,0,0,0,0,14,0,8,0,0,0,19,0,0,0,16,0,12,1,0,0,0,0,13,0,0,0,0,0,16,0,16,0,0,0,0,0,0,0,0,0,15,0,0,0,2,0,14,0,12,0,30,0,376,0,0,0,290,97,21,13,3,0,23,4,124,0,3,0,0,0,0,0,0,0,0,0,0,0,0,0,7,0,0,0,0,0,0,0,4,0,339,111,205,54,160,0,0,0,3,0,0,0,0,0,0
244,0,261,104,0,84,247,117,134,31,0,150,0,29,0,32,91,46,0,71,0,0,130,14,345,18,0,128,0,28,0,0,0,14,0,0,0,41,0,122,0,6,0,3,0,0,0,11,0,1,0,0,5,17,45,32,0,23,0,10,0,261,17,170,0,32,0,6,0,0,0,0,0,0,0,0,0,0,0,0,0,0,0,0,0,0,0,0,0,0,0,0,0,0,0,0,4,0,0,0,0,0,0,0,0,0,0,0,0,0,0,0,0,0,0,0,0,0,0,0,0,0,0,0,0,12,0,10,0,0,0,15,0,12,0,36,0,47,0,0,1,0,2,0,0,0,0,0,0,24,0,24,0,15,0,14,0,14,0,0,0,2,0,0,0,3,0,0,0,8,0,23,0,181,0,0,71,512,0,8,2,0,49,13,0,57,0,0,0,0,0,0,0,0,0,0,0,0,0,0,0,0,0,0,0,0,0,0,0,26,0,0,0,0,286,0,0,0,522,134,223,102,1,0,0
113,261,0,166,177,113,79,0,10,0,48,109,64,0,146,133,77,63,202,5,16,0,610,234,186,109,87,0,244,7,48,0,262,3,0,0,52,4,694,0,12,0,0,0,11,0,10,1,0,0,0,0,0,0,32,0,7,0,0,0,67,4,102,11,0,0,0,0,0,0,0,0,0,0,0,0,0,0,0,0,0,0,0,0,0,0,0,0,0,0,0,0,0,0,0,0,0,0,0,0,0,0,0,0,0,0,0,0,0,0,0,0,0,0,0,0,0,0,0,0,0,0,0,0,15,0,10,0,0,0,15,0,10,0,47,0,28,0,2,0,0,0,37,0,0,0,3,0,5,0,23,0,0,0,1,0,4,0,0,0,11,0,0,0,4,0,34,0,8,0,29,0,279,0,0,0,133,87,4,25,0,0,1,6,17,0,0,0,0,0,0,0,0,0,0,0,0,0,0,0,14,0,0,0,0,0,1,0,0,0,267,60,211,58,191,0,0,0,0,0,0,0,0,0,0
147,104,166,0,17,96,0,48,0,0,21,38,1,0,0,164,67,17,0,147,0,38,113,140,91,78,0,109,0,82,0,0,0,61,0,0,0,74,0,189,0,0,0,0,0,3,0,15,0,0,0,1,0,0,0,102,0,13,0,0,0,84,0,42,0,0,0,1,0,0,0,0,0,0,0,0,0,0,0,0,0,0,0,0,0,0,0,0,0,0,0,0,0,0,0,0,0,0,0,0,0,0,0,0,0,0,0,0,0,0,0,0,0,0,0,0,0,0,0,0,0,0,0,0,0,3,0,0,0,0,0,0,0,14,0,105,0,260,0,19,0,27,0,70,0,0,0,0,0,3,0,17,0,0,0,0,0,0,0,0,0,0,0,0,0,0,0,34,0,0,0,12,0,183,0,0,27,98,0,4,0,9,0,1,0,0,0,0,0,0,0,0,0,0,0,0,0,6,0,0,0,0,0,0,0,0,0,0,0,20,0,0,0,0,228,0,0,0,328,55,239,95,0,0,0
85,0,177,17,0,327,28,0,8,0,82,165,251,184,148,305,5,0,171,332,58,67,66,87,5,0,94,0,51,0,120,3,280,11,95,28,120,0,133,0,48,0,0,0,2,0,55,0,0,0,20,0,0,0,0,0,0,0,0,0,0,0,0,0,2,0,0,0,0,0,0,0,0,0,0,0,0,0,0,0,0,0,0,0,0,0,0,0,0,0,0,0,0,0,0,0,0,0,0,0,0,0,0,0,0,0,0,0,0,0,0,0,0,0,0,0,0,0,0,0,0,0,0,0,0,0,2,0,0,0,0,0,0,0,0,0,0,0,0,0,0,0,0,0,4,0,0,0,0,0,0,0,0,0,0,0,0,0,0,0,0,0,0,0,24,0,296,0,48,0,20,0,138,0,0,0,254,77,44,11,11,0,4,0,0,0,6,0,0,0,0,0,0,0,0,0,0,0,0,0,0,0,0,0,0,0,0,0,0,0,423,297,563,105,149,0,0,1,0,0,0,0,0,0,0
34,84,113,96,327,0,0,23,0,2,146,150,66,112,357,248,0,4,70,175,119,68,178,42,0,17,0,273,0,0,0,74,0,217,0,129,0,137,0,53,0,11,0,0,0,6,0,14,0,0,0,18,0,0,0,9,0,0,0,0,0,0,0,3,0,0,0,0,0,0,0,0,0,0,0,0,0,0,0,0,0,0,0,0,0,0,0,0,0,0,0,0,0,0,0,0,0,0,0,0,0,0,0,0,0,0,0,0,0,0,0,0,0,0,0,0,0,0,0,0,0,0,0,0,0,0,0,0,0,0,0,0,0,4,0,37,0,47,0,0,0,0,0,0,0,0,0,0,0,0,0,26,0,30,0,0,0,0,0,0,0,0,0,2,0,14,0,231,0,20,0,10,0,76,0,0,82,291,23,49,0,27,0,11,0,37,0,1,0,0,0,0,0,0,0,0,0,0,0,0,0,0,0,0,0,0,0,0,0,0,0,0,0,0,222,0,0,0,294,100,332,166,0,0,0
96,247,79,0,28,0,0,162,49,85,23,0,7,0,18,0,0,0,29,0,12,0,33,0,150,183,14,0,12,3,5,0,0,0,0,0,0,0,43,0,0,0,0,0,6,0,0,0,17,0,0,0,68,9,191,38,23,0,12,0,221,0,408,26,19,0,73,0,0,0,0,0,0,0,1,0,0,0,0,0,0,0,0,0,0,0,0,0,0,0,0,0,1,0,0,0,6,0,0,0,0,0,0,0,1,0,2,0,0,0,0,0,0,0,0,0,0,0,0,0,0,0,0,0,41,0,32,0,0,0,46,0,11,0,0,0,7,0,0,0,0,0,0,0,0,0,15,0,11,0,33,0,2,0,5,0,7,0,0,0,34,0,0,0,0,0,0,0,4,0,124,0,264,0,0,0,62,49,1,1,0,0,1,7,14,0,0,0,0,0,0,0,0,0,0,0,0,0,0,0,0,0,0,0,0,0,0,0,18,0,399,67,299,234,403,0,32,0,0,0,0,0,0,0,0
67,117,0,48,0,23,162,0,215,72,0,77,0,7,0,6,18,37,0,22,2,0,0,13,176,49,0,31,0,14,0,0,0,0,0,0,0,0,0,0,0,0,0,0,0,0,0,4,0,0,0,0,11,53,91,308,0,19,0,10,0,433,16,303,0,7,9,8,0,0,0,0,0,0,0,0,0,0,0,0,0,0,0,0,0,0,0,0,0,0,0,0,0,0,0,0,0,3,0,0,0,0,0,0,0,0,0,0,0,0,0,0,0,0,0,0,0,0,0,0,0,0,0,0,0,16,0,7,0,15,0,45,0,13,0,21,0,85,0,4,0,0,0,0,0,0,0,1,0,7,0,8,0,0,0,0,0,11,0,5,0,4,0,0,0,11,0,6,0,7,0,40,0,209,0,0,41,82,0,0,0,0,22,8,0,0,0,0,0,0,0,0,0,0,0,0,0,0,0,10,0,0,0,0,0,0,0,0,0,27,1,0,0,0,520,0,0,0,518,60,245,202,0,5,1
64,134,10,0,8,0,49,215,0,541,12,0,13,0,0,0,1,10,10,0,0,0,0,0,20,224,10,1,1,0,0,0,0,0,0,0,0,0,0,0,5,0,0,0,5,0,4,0,27,0,0,0,286,37,149,322,59,0,29,18,243,0,341,38,18,0,36,110,0,0,0,0,0,0,0,0,0,0,0,0,0,0,0,0,6,0,2,0,0,0,0,0,0,0,0,0,8,0,7,0,0,0,0,0,1,0,0,0,0,0,0,0,0,0,0,0,0,0,0,0,0,0,0,0,12,0,7,0,0,0,16,0,0,0,3,0,5,0,0,0,0,0,5,0,0,0,8,0,10,0,22,0,3,0,18,0,26,0,4,0,36,0,5,0,0,0,3,0,16,0,318,0,238,0,1,0,291,104,2,0,1,0,3,16,57,0,1,0,0,0,0,0,0,0,0,0,0,0,0,0,0,0,0,0,0,0,0,0,7,0,575,179,388,226,488,14,72,0,0,0,0,0,0,0,0
0,31,0,0,0,2,85,72,541,0,0,14,0,0,0,5,0,0,0,10,0,0,0,0,44,18,0,11,0,0,0,0,0,0,0,0,0,0,0,0,0,2,0,0,0,0,0,0,0,0,0,3,130,234,308,155,0,98,0,33,5,247,16,217,0,94,152,44,0,0,0,0,0,0,0,0,0,0,0,0,0,2,0,2,0,4,0,0,0,0,0,0,0,0,0,0,0,1,0,0,0,0,0,0,0,3,0,0,0,0,0,0,0,0,0,0,0,0,0,0,0,2,0,0,0,50,0,19,0,0,0,33,0,0,0,32,0,14,0,0,0,0,0,0,0,0,0,5,0,72,0,41,0,2,0,23,0,151,0,8,0,12,0,0,0,8,0,0,0,15,0,113,0,126,0,0,67,261,0,0,0,4,0,5,28,11,0,0,0,2,0,0,0,0,0,0,0,0,0,12,0,17,0,0,0,0,0,10,0,70,9,0,3,0,545,0,0,0,507,109,185,215,0,8,0
102,0,48,21,82,146,23,0,12,0,0,92,332,0,48,211,11,10,44,63,27,0,17,90,2,0,56,0,26,0,46,0,163,0,9,0,73,4,84,0,77,0,0,0,10,0,74,0,1,0,0,0,2,0,0,0,0,0,0,0,0,0,0,0,0,0,0,0,0,0,0,0,0,0,0,0,0,0,0,0,0,0,0,0,0,0,0,0,0,0,0,0,0,0,0,0,0,0,0,0,0,0,0,0,0,0,0,0,0,0,0,0,0,0,0,0,0,0,0,0,0,0,0,0,0,0,0,0,0,0,0,0,0,0,0,0,0,0,1,0,0,0,0,0,0,0,0,0,0,0,34,0,0,0,0,0,0,0,0,0,0,0,0,0,0,0,73,2,10,0,6,0,60,0,0,0,174,57,76,7,22,0,15,0,41,0,12,0,0,0,0,0,0,0,0,0,0,0,0,0,0,0,0,0,0,0,0,0,0,0,241,125,211,45,84,0,1,0,0,0,0,0,0,0,0
24,150,109,38,165,150,0,77,0,14,92,0,0,277,167,29,17,34,15,64,43,43,143,44,0,0,0,323,0,18,2,32,0,124,0,61,0,106,0,51,0,69,1,0,0,11,1,72,0,0,0,0,0,4,0,8,0,0,0,0,0,3,0,0,0,2,0,0,0,0,0,0,0,0,0,0,0,0,0,0,0,0,0,0,0,0,0,0,0,0,0,0,0,0,0,0,0,0,0,0,0,0,0,0,0,0,0,2,0,0,0,0,0,0,0,0,0,0,0,0,0,0,0,0,0,0,0,0,0,0,0,3,0,0,0,10,0,5,0,0,0,0,0,0,0,0,0,0,0,30,0,0,0,106,0,9,0,3,0,2,0,0,0,0,0,5,0,119,0,25,0,0,0,62,0,26,42,321,7,55,0,74,0,59,0,165,0,1,0,0,0,0,0,0,0,0,0,0,0,7,0,0,0,0,0,0,0,0,0,4,0,0,0,0,185,0,0,0,346,154,303,140,0,0,0
118,0,64,1,251,66,7,0,13,0,332,0,0,303,20,33,0,0,130,286,47,51,11,0,0,0,65,441,0,0,16,3,13,0,75,0,32,9,0,0,161,20,44,0,5,0,114,48,14,0,54,62,4,0,0,0,0,0,0,0,0,0,0,0,0,0,0,0,0,0,0,0,0,0,0,0,0,0,0,0,0,0,2,0,0,0,0,0,0,0,0,0,0,0,0,0,0,0,2,0,1,0,0,0,0,0,0,0,0,0,0,0,0,0,0,0,0,0,0,0,0,0,3,0,0,0,0,0,0,0,0,0,0,0,0,0,3,0,0,0,0,0,0,0,0,0,0,0,0,0,0,0,0,0,0,0,0,0,0,0,0,0,0,0,50,0,49,0,38,0,6,0,0,0,0,0,274,41,52,0,26,0,44,0,33,0,305,7,0,0,0,0,0,0,0,0,0,0,0,0,0,0,0,0,0,0,0,0,0,0,70,229,213,0,11,0,0,0,0,0,0,0,0,0,0
0,29,0,0,184,112,0,7,0,0,0,277,303,0,130,4,0,0,246,115,298,25,0,0,0,0,158,65,0,0,0,0,0,2,53,120,6,40,0,0,34,121,40,91,15,39,47,69,0,4,32,140,0,0,0,0,0,0,0,0,0,0,0,0,0,1,0,0,0,0,0,0,0,0,0,0,0,0,0,0,0,0,0,0,0,0,0,0,0,0,0,0,0,0,0,0,0,0,0,0,0,0,0,0,0,0,0,0,0,0,0,0,0,0,0,0,0,0,0,0,0,0,0,0,0,0,0,0,0,0,0,1,0,0,0,0,0,3,0,0,0,0,0,0,0,0,0,0,0,0,0,41,0,0,0,0,0,0,0,0,0,0,0,0,3,0,0,10,0,0,0,0,0,0,0,0,46,445,7,36,0,50,0,28,0,42,35,7,0,0,0,0,0,0,0,0,0,0,0,0,0,0,0,0,0,0,0,0,0,0,0,0,0,0,12,0,0,0,20,33,86,0,0,0,0
18,0,146,0,148,357,18,0,0,0,48,167,20,130,0,457,82,0,153,368,70,73,281,23,42,0,45,23,6,0,95,16,74,9,74,28,63,16,0,0,0,0,0,0,0,0,0,0,0,0,0,5,0,0,13,0,0,0,0,0,0,0,0,0,0,0,0,0,0,0,0,0,0,0,0,0,0,0,0,0,0,0,0,0,0,0,0,0,0,0,0,0,0,0,0,0,0,0,0,0,0,0,0,0,0,0,0,0,0,0,0,0,0,0,0,0,0,0,0,0,0,0,0,0,0,0,0,0,0,0,0,0,0,0,27,0,50,0,0,0,0,0,0,0,2,0,0,0,6,0,0,0,0,0,0,0,0,0,0,0,0,0,0,0,0,0,119,0,0,0,9,0,38,0,0,0,55,33,59,0,0,0,5,0,18,0,0,1,0,0,0,0,0,0,0,0,0,0,0,0,0,0,0,0,0,0,0,0,0,0,89,78,156,13,28,0,0,0,0,0,0,0,0,0,0
46,32,133,164,305,248,0,6,0,5,211,29,33,4,457,0,23,6,0,250,60,115,271,130,0,64,0,65,0,6,3,9,0,38,5,6,0,33,0,7,0,0,0,1,0,0,0,6,0,0,0,4,0,0,0,0,0,0,0,0,0,0,0,8,0,9,0,0,0,0,0,0,0,0,0,0,0,0,0,0,0,0,0,0,0,69,0,0,0,0,0,0,0,0,0,0,0,0,0,0,0,0,0,0,0,0,0,0,0,0,0,0,0,0,0,0,0,0,0,0,0,0,0,0,0,0,0,0,0,0,0,0,0,0,0,64,0,119,0,0,0,8,0,0,0,0,0,0,0,14,0,18,0,0,0,0,0,0,0,0,0,0,0,0,0,0,3,36,0,0,0,2,0,28,0,0,46,106,24,25,0,0,0,0,0,5,0,0,0,0,0,1,0,0,0,0,0,2,0,4,0,0,0,0,0,0,0,0,0,0,0,0,19,0,52,0,0,0,151,85,84,35,0,0,0
13,91,77,67,5,0,0,18,1,0,11,17,0,0,82,23,0,29,150,0,348,3,101,71,167,38,78,0,219,3,22,0,120,0,12,0,15,0,433,0,0,0,0,0,20,0,2,0,0,0,0,0,163,0,18,0,3,0,0,0,62,0,649,6,0,0,0,0,0,0,22,0,0,0,14,0,0,0,0,0,188,0,0,0,410,0,71,0,0,0,57,0,0,0,0,0,539,0,277,0,0,0,0,0,0,0,0,0,0,0,0,0,0,0,0,0,0,0,0,0,87,0,66,0,0,0,7,0,0,0,0,0,12,0,29,0,180,0,46,0,43,0,356,0,16,1,0,0,1,0,22,6,2,0,13,1,1,0,7,0,0,0,0,0,0,0,4,0,19,0,8,0,136,0,0,0,0,5,31,6,0,0,18,0,2,0,0,0,0,0,0,0,0,0,0,0,0,0,0,0,0,0,0,0,0,0,0,0,0,0,80,21,79,26,30,0,0,0,0,0,0,0,0,0,0
63,46,63,17,0,4,0,37,10,0,10,34,0,0,0,6,29,0,0,15,0,90,64,152,52,234,0,20,0,52,0,6,0,29,0,4,0,27,0,82,0,0,0,0,0,0,0,1,0,2,0,0,1,7,2,40,0,40,0,3,0,65,0,256,0,0,0,0,0,0,0,0,0,0,0,3,0,0,0,0,0,163,0,0,0,344,0,52,0,0,0,9,0,0,0,0,0,9,0,176,0,66,0,0,0,0,0,8,0,0,0,0,0,0,0,0,0,0,0,0,0,54,0,31,0,0,0,1,0,14,0,0,0,14,0,84,0,311,0,68,0,56,0,368,0,0,0,0,0,0,0,0,0,0,0,21,0,0,0,23,0,0,0,0,0,0,0,33,0,0,0,0,1,69,0,0,4,0,0,26,0,0,7,9,0,0,0,0,0,0,0,0,0,0,0,0,0,0,0,0,0,0,0,0,0,0,0,0,0,0,0,0,0,0,13,0,0,0,28,23,47,13,0,0,0
44,0,202,0,171,70,29,0,10,0,44,15,130,246,153,0,150,0,0,207,109,48,230,0,61,0,97,184,4,0,23,0,7,0,149,0,52,12,0,0,7,7,15,0,3,0,24,0,0,0,202,37,30,0,27,0,0,0,0,0,0,0,70,0,0,0,0,0,0,0,0,0,0,0,0,0,0,0,0,0,0,0,0,0,0,0,0,0,0,0,0,0,0,0,0,0,0,0,0,0,0,0,0,0,0,0,0,0,0,0,0,0,0,0,0,0,0,0,0,0,0,0,0,0,0,0,0,0,0,0,0,0,0,0,0,0,174,0,0,0,13,0,175,0,0,0,0,0,9,0,0,0,0,0,0,0,0,0,0,0,0,0,0,0,56,0,61,0,40,0,0,0,18,0,0,0,106,31,22,0,0,0,9,0,0,0,30,6,0,0,1,0,0,0,0,0,0,0,0,0,0,0,0,0,0,0,0,0,31,0,56,116,150,29,0,0,0,0,0,0,0,0,0,0,0
0,71,5,147,332,175,0,22,0,10,63,64,286,115,368,250,0,15,207,0,245,66,0,230,0,34,59,114,0,0,7,35,0,4,37,267,0,70,0,0,0,8,17,54,0,7,0,41,0,3,36,127,0,0,0,0,0,4,0,0,0,0,0,24,0,15,0,0,0,0,0,0,0,0,0,0,0,0,0,0,0,0,0,0,0,120,0,26,0,0,0,0,0,0,0,14,0,0,0,0,0,47,0,0,0,0,0,0,0,0,0,0,0,0,0,0,0,0,0,0,0,0,0,0,0,0,0,0,0,0,0,0,0,0,0,110,0,148,0,0,0,22,0,0,0,0,2,0,0,30,0,0,0,0,0,0,0,0,0,0,0,0,0,0,0,36,0,28,0,0,0,0,0,0,0,0,33,121,31,30,0,0,0,15,0,64,15,22,0,0,0,0,0,0,0,5,0,0,0,0,0,0,0,0,0,0,0,0,0,30,0,0,0,0,33,0,0,0,61,155,132,35,0,0,0
3,0,16,0,58,119,12,2,0,0,27,43,47,298,70,60,348,0,109,245,0,55,110,5,40,0,98,211,40,0,72,4,113,1,111,19,59,0,10,0,0,7,5,12,11,0,1,12,2,0,20,37,41,0,14,0,0,0,0,0,0,0,152,0,0,0,0,0,0,0,50,0,0,0,0,0,0,0,0,0,154,0,0,0,183,0,92,0,0,0,0,0,0,0,0,0,303,0,338,0,0,0,0,0,0,0,0,0,0,0,0,0,0,0,0,0,0,0,0,0,97,0,0,0,0,0,0,0,0,0,0,0,0,0,8,0,56,0,21,0,32,0,111,0,33,0,0,0,0,0,12,0,0,0,3,0,1,0,0,0,0,0,0,0,19,0,122,0,33,0,13,0,47,0,0,0,43,14,161,0,0,0,0,0,0,0,48,3,0,0,0,0,0,0,0,0,0,0,0,0,0,0,0,0,0,0,0,0,10,0,90,111,142,34,60,0,0,1,0,0,0,0,0,0,0
1,0,0,38,67,68,0,0,0,0,0,43,51,25,73,115,3,90,48,66,55,0,10,258,1,13,12,68,0,67,0,34,1,100,7,109,0,122,0,10,0,6,0,10,0,18,0,24,0,5,3,125,0,0,0,0,0,5,0,0,0,0,0,65,0,0,0,0,0,0,0,0,0,0,0,14,0,0,0,0,0,211,0,0,0,301,0,55,0,0,0,0,0,0,0,0,0,0,0,209,0,97,0,0,0,0,0,0,0,0,0,0,0,0,0,0,0,0,0,0,0,146,0,35,0,0,0,0,0,0,0,0,0,0,0,0,0,99,0,133,0,79,0,457,0,39,0,0,0,0,0,0,0,0,0,7,0,4,0,0,0,2,0,0,0,57,0,115,0,37,0,0,0,10,0,0,6,31,2,11,0,0,0,0,0,0,4,27,0,0,0,0,0,0,0,0,0,0,0,0,0,0,0,0,0,0,0,0,0,0,0,0,0,0,55,0,0,0,100,193,251,88,0,0,0
36,130,610,113,66,178,33,0,0,0,17,143,11,0,281,271,101,64,230,0,110,10,0,246,114,25,67,0,37,3,12,0,52,6,0,0,10,0,105,0,0,0,0,0,6,0,4,0,0,0,0,0,8,0,33,0,0,0,9,0,0,0,44,0,0,0,0,0,0,0,0,0,0,0,2,0,0,0,0,0,0,0,0,0,0,0,0,0,0,0,0,0,0,0,0,0,0,0,0,0,0,0,0,0,0,0,0,0,0,0,0,0,0,0,0,0,0,0,0,0,0,0,0,0,0,0,0,0,0,0,0,0,6,0,91,0,135,0,0,0,7,0,174,0,0,0,0,0,2,0,36,0,0,0,0,0,0,0,0,0,7,0,0,0,0,0,3,3,0,0,15,0,74,0,0,0,25,28,51,23,0,0,4,0,5,0,0,0,0,0,0,0,0,0,0,0,0,0,0,0,0,0,0,0,0,0,2,0,23,0,90,52,53,15,21,0,0,0,0,0,0,3,0,0,0
123,14,234,140,87,42,0,13,0,0,90,44,0,0,23,130,71,152,0,230,5,258,246,0,50,104,0,93,0,74,0,38,0,108,0,4,0,73,0,123,0,0,0,0,0,0,0,1,0,0,0,0,0,2,0,55,0,8,0,0,0,13,0,79,0,0,0,0,0,0,0,0,0,0,0,0,0,0,0,0,0,139,0,0,0,242,0,32,0,0,0,0,0,0,0,0,0,0,0,192,0,84,0,0,0,0,0,0,0,0,0,0,0,0,0,0,0,0,0,0,0,0,0,0,0,0,0,0,0,0,0,0,0,0,0,40,0,199,0,57,0,37,3,224,0,0,0,0,0,0,0,0,0,0,0,3,0,0,0,0,0,0,0,0,0,0,0,138,0,32,0,0,0,94,0,0,22,37,0,35,0,0,6,0,0,0,0,0,0,0,0,0,0,0,0,0,0,0,0,0,0,0,0,0,0,0,0,0,0,0,0,1,0,0,88,0,0,0,144,56,211,69,0,0,0
12,345,186,91,5,0,150,176,20,44,2,0,0,0,42,0,167,52,61,0,40,1,114,50,0,257,14,0,23,10,0,0,0,0,0,0,0,0,99,0,0,0,0,0,2,0,0,0,0,0,0,0,57,0,146,0,29,0,12,0,88,15,336,22,0,0,0,0,0,0,0,0,0,0,0,0,0,0,0,0,0,0,0,0,145,0,0,0,0,0,0,0,0,0,0,0,191,0,0,1,0,2,0,0,0,0,0,0,0,0,0,0,0,0,0,0,0,0,0,0,0,0,0,0,4,0,17,0,68,0,4,0,46,0,178,0,491,0,29,0,36,0,339,0,0,0,0,0,2,0,76,0,0,0,29,0,0,1,0,0,44,10,0,0,0,0,0,0,9,0,31,0,264,0,0,0,29,36,0,4,0,0,30,4,0,1,0,0,0,0,0,0,0,0,0,0,0,0,0,0,134,0,0,0,0,0,0,0,73,0,159,47,168,55,113,0,6,0,5,0,0,0,0,0,0
142,18,109,78,0,17,183,49,224,18,0,0,0,0,0,64,38,234,0,34,0,13,25,104,257,0,0,19,0,41,0,0,0,0,0,0,0,24,0,81,0,0,0,0,0,0,0,0,0,0,0,5,13,16,83,216,0,52,0,8,0,271,26,382,0,0,0,2,0,0,0,0,0,0,0,0,0,0,0,0,0,0,0,0,0,157,0,0,0,0,0,0,0,0,0,0,0,0,0,79,0,31,0,0,0,0,0,0,0,0,0,0,0,0,0,0,0,0,0,0,0,9,0,0,0,5,0,0,0,55,0,12,0,30,1,103,0,417,0,89,0,38,0,221,0,0,0,0,0,0,0,4,0,0,0,16,0,1,0,10,0,0,0,0,0,13,0,7,0,10,0,24,0,172,0,0,0,0,0,0,0,1,32,44,0,0,0,0,0,0,0,0,0,0,0,0,0,0,0,0,0,0,0,0,0,0,0,5,0,7,4,0,0,0,252,0,0,0,283,42,257,99,1,0,0
32,0,87,0,94,0,14,0,10,0,56,0,65,158,45,0,78,0,97,59,98,12,67,0,14,0,0,286,37,0,28,0,0,0,18,8,71,0,0,0,2,63,65,31,110,18,44,82,40,0,104,34,22,0,0,0,0,0,0,0,0,0,56,0,0,0,0,0,0,0,0,0,0,0,0,0,0,0,0,0,0,0,0,0,79,0,0,0,0,0,0,0,0,0,0,0,0,0,0,0,0,0,0,0,0,0,0,0,0,0,0,0,0,0,0,0,0,0,0,0,52,0,0,0,0,0,0,0,0,0,0,0,0,0,36,0,66,0,0,0,0,0,103,0,40,0,4,0,14,0,24,0,0,0,0,0,0,0,0,0,0,0,0,0,86,0,42,0,31,0,0,0,10,0,0,0,39,27,18,0,8,0,13,0,55,0,85,1,4,0,0,0,0,0,0,0,0,0,0,0,35,0,0,0,0,0,0,0,6,0,40,179,199,21,0,0,0,13,0,0,0,0,0,0,0
0,128,0,109,0,273,0,31,1,11,0,323,441,65,23,65,0,20,184,114,211,68,0,93,0,19,286,0,0,25,0,0,0,0,0,71,0,32,0,0,203,24,66,201,72,142,136,54,0,29,81,245,0,8,0,0,0,3,0,0,0,5,0,42,0,3,0,1,0,4,0,0,0,0,0,0,0,0,0,0,0,267,0,0,0,313,0,104,0,0,0,12,0,0,0,0,0,0,0,281,0,0,0,0,0,0,0,0,0,0,0,0,0,0,0,0,0,0,0,0,0,202,0,55,0,0,0,0,0,0,0,0,0,0,0,0,0,0,0,0,0,65,0,303,0,0,0,0,0,0,0,50,0,69,0,0,0,0,0,0,0,0,0,0,0,79,0,13,0,51,0,8,0,4,0,0,23,113,0,31,3,24,0,28,0,66,57,18,0,0,0,0,0,0,0,17,0,0,0,0,0,22,0,0,0,0,0,0,0,0,0,0,0,0,21,0,0,0,38,386,476,61,0,0,18
107,0,244,0,51,0,12,0,1,0,26,0,0,0,6,0,219,0,4,0,40,0,37,0,23,0,37,0,0,0,92,0,4,0,22,0,27,0,3,0,0,0,34,0,0,0,0,0,0,0,2,0,3,0,0,0,0,0,0,0,3,0,42,0,0,0,0,0,0,0,5,0,0,0,0,0,0,0,0,0,34,0,0,0,27,0,13,0,0,0,0,0,0,0,0,0,54,0,0,0,0,0,0,0,0,0,0,0,0,0,0,0,0,0,0,0,0,0,0,0,28,0,4,0,0,0,1,0,0,0,0,0,0,0,0,0,0,0,21,0,12,0,33,0,15,0,0,0,0,0,0,0,0,0,0,0,0,0,0,0,0,0,0,0,0,0,0,0,0,0,2,0,0,0,0,0,0,0,11,0,0,0,6,0,0,0,0,0,0,0,0,0,0,0,0,0,0,0,0,0,0,0,0,0,0,0,0,0,0,0,0,0,0,1,0,0,0,0,0,0,0,0,0,0,0
7,28,7,82,0,0,3,14,0,0,0,18,0,0,0,6,3,52,0,0,0,67,3,74,10,41,0,25,0,0,0,8,0,31,0,17,0,6,0,33,0,0,0,15,0,0,0,0,0,0,0,19,0,9,0,32,0,14,0,1,0,11,0,99,0,0,0,0,0,0,0,0,0,0,0,6,0,0,0,0,0,0,0,0,0,114,0,0,0,0,0,0,0,0,0,0,0,0,0,0,0,0,0,0,0,0,0,0,0,0,0,0,0,0,0,0,0,0,0,0,0,46,0,19,0,0,0,0,0,6,0,0,0,0,0,0,0,169,0,252,0,102,0,377,0,18,0,0,0,0,0,0,0,0,0,33,0,0,0,25,0,0,0,0,0,0,0,0,0,0,0,0,0,9,0,0,1,0,0,9,0,0,0,9,0,0,0,0,0,0,0,0,0,0,0,0,0,0,0,0,0,0,0,0,0,0,0,0,0,0,0,0,0,0,0,0,0,0,0,1,8,0,0,0,0
2,0,48,0,120,0,5,0,0,0,46,2,16,0,95,3,22,0,23,7,72,0,12,0,0,0,28,0,92,0,0,0,3,0,10,0,36,0,29,0,0,0,16,0,5,0,0,0,0,0,0,0,3,0,0,0,0,0,0,0,8,0,37,0,0,0,0,0,0,0,0,0,0,0,6,0,0,0,0,0,0,0,0,0,0,0,0,0,0,0,0,0,0,0,0,0,0,0,0,0,0,0,0,0,0,0,0,0,0,0,0,0,0,0,0,0,0,0,0,0,0,0,0,0,0,0,1,0,0,0,0,0,0,0,3,0,0,0,4,0,0,0,0,0,8,0,0,0,0,0,0,0,0,0,0,0,0,0,0,0,0,0,0,0,0,0,6,0,1,0,0,0,0,0,0,0,10,2,89,0,0,0,0,0,0,0,1,0,0,0,0,0,0,0,0,0,0,0,0,0,0,0,0,0,0,0,0,0,0,0,0,0,4,0,0,0,0,0,0,0,0,0,0,0,0
0,0,0,0,3,74,0,0,0,0,0,32,3,0,16,9,0,6,0,35,4,34,0,38,0,0,0,0,0,8,0,0,0,1,0,19,0,6,0,10,0,0,0,2,0,1,0,0,0,0,0,8,0,0,0,0,0,0,0,0,0,1,0,2,0,0,0,0,0,0,0,0,0,0,0,0,0,0,0,0,0,0,0,0,0,0,0,0,0,0,0,0,0,0,0,0,0,0,0,2,0,0,0,0,0,0,0,0,0,0,0,0,0,0,0,0,0,0,0,0,0,0,0,0,0,0,0,0,0,0,0,0,0,0,0,2,0,8,0,60,0,0,0,13,0,0,0,0,0,0,0,0,0,0,0,0,0,4,0,9,0,1,0,0,0,0,0,0,0,0,0,0,0,0,0,0,3,4,0,9,0,0,0,0,0,0,0,7,0,0,0,0,0,0,0,0,0,0,0,0,0,0,0,0,0,0,0,0,0,0,0,0,0,0,0,0,0,0,0,1,0,0,0,0,0
29,0,262,0,280,0,0,0,0,0,163,0,13,0,74,0,120,0,7,0,113,1,52,0,0,0,0,0,4,0,3,0,0,0,17,0,139,0,2,0,0,0,15,0,2,0,0,0,0,0,4,0,6,0,0,0,0,0,0,0,10,0,14,0,1,0,0,0,0,0,0,0,0,0,0,0,0,0,0,0,0,0,0,0,0,0,0,0,0,0,0,0,0,0,0,0,0,0,0,0,0,0,0,0,0,0,0,0,0,0,0,0,0,0,0,0,0,0,0,0,0,0,0,0,0,0,0,0,0,0,0,0,0,0,7,0,9,0,0,0,1,0,0,0,0,0,0,0,0,0,0,0,0,0,0,0,6,0,1,0,0,0,0,0,0,0,0,0,0,0,0,0,0,0,0,0,19,4,146,0,1,0,0,0,0,0,0,0,0,0,0,0,0,0,0,0,0,0,0,0,0,0,0,0,0,0,0,0,0,0,11,23,0,0,0,0,0,0,0,0,0,0,0,0,0
1,14,3,61,11,217,0,0,0,0,0,124,0,2,9,38,0,29,0,4,1,100,6,108,0,0,0,0,0,31,0,1,0,0,0,22,0,65,0,0,0,0,0,1,0,0,0,0,0,0,0,4,0,0,0,0,0,2,0,0,0,0,0,0,0,0,0,0,0,0,0,0,0,0,0,0,0,0,0,0,0,0,0,0,0,0,0,0,0,0,0,0,0,0,0,0,0,0,0,0,0,0,0,0,0,0,0,0,0,0,0,0,0,0,0,0,0,0,0,0,0,0,0,0,0,0,0,0,0,0,0,0,0,0,0,0,0,0,0,0,0,0,0,0,0,0,0,0,0,2,0,0,0,0,0,0,0,4,0,0,0,0,0,0,0,0,0,14,0,0,0,0,0,0,0,0,0,26,0,36,0,0,0,1,0,0,0,0,0,0,0,0,0,0,0,0,0,0,0,0,0,0,0,0,0,0,0,0,0,0,0,0,0,0,0,0,0,0,0,11,4,0,0,0,0
0,0,0,0,95,0,0,0,0,0,9,0,75,53,74,5,12,0,149,37,111,7,0,0,0,0,18,0,22,0,10,0,17,0,0,0,32,2,11,0,0,0,10,0,15,0,0,0,0,0,42,0,6,0,0,0,0,0,0,0,0,0,20,0,0,0,0,0,0,0,11,0,0,0,0,0,0,0,0,0,0,0,0,0,0,0,0,0,0,0,0,0,0,0,0,0,0,0,58,0,0,0,0,0,0,0,0,0,0,0,0,0,0,0,0,0,0,0,0,0,0,0,3,0,0,0,0,0,0,0,0,0,0,0,0,0,0,0,0,0,0,0,0,0,10,0,0,0,0,0,0,0,0,0,0,0,0,0,0,0,0,0,0,0,21,0,35,0,12,0,3,0,11,0,0,0,22,0,133,0,0,0,0,0,0,0,19,2,0,0,0,0,0,0,0,0,0,0,0,0,0,0,0,0,0,0,0,0,0,0,19,54,91,17,8,0,0,0,1,0,0,0,0,0,0
0,0,0,0,28,129,0,0,0,0,0,61,0,120,28,6,0,4,0,267,19,109,0,4,0,0,8,71,0,17,0,19,0,22,0,0,0,118,0,10,0,0,0,3,0,6,0,0,0,0,0,10,0,0,0,0,0,0,0,0,0,0,0,0,0,0,0,0,0,0,0,0,0,0,0,2,0,0,0,0,0,0,0,0,0,19,0,0,0,0,0,0,0,0,0,0,0,0,0,15,0,0,0,0,0,0,0,0,0,0,0,0,0,0,0,0,0,0,0,0,0,0,0,0,0,0,0,0,0,0,0,0,0,0,0,0,0,0,0,14,0,10,0,39,0,11,0,0,0,0,0,0,0,0,0,0,0,1,0,2,0,0,0,0,0,0,0,6,0,3,0,0,0,0,0,0,2,110,0,22,0,1,0,0,0,0,3,116,0,0,0,0,0,0,0,0,0,0,0,0,0,0,0,0,0,0,0,0,0,0,0,0,0,0,0,0,0,0,3,10,8,0,0,0,0
36,0,52,0,120,0,0,0,0,0,73,0,32,6,63,0,15,0,52,0,59,0,10,0,0,0,71,0,27,0,36,0,139,0,32,0,0,0,37,0,1,0,48,0,38,0,0,0,1,0,19,0,2,0,1,0,0,0,0,0,20,0,30,0,0,0,0,0,0,0,48,0,0,0,20,0,0,0,0,0,55,0,0,0,0,0,40,0,0,0,0,0,0,0,0,0,0,0,90,0,0,0,0,0,0,0,0,0,0,0,0,0,0,0,0,0,0,0,0,0,60,0,0,0,0,0,0,0,0,0,0,0,0,0,0,0,10,0,87,0,65,0,19,0,114,0,0,0,0,0,0,0,0,0,4,0,23,0,0,0,0,0,9,0,20,0,12,0,19,0,24,0,18,0,0,0,0,0,58,0,0,0,18,0,0,0,2,0,0,0,0,0,0,0,0,0,0,0,0,0,0,0,0,0,0,0,0,0,0,0,34,31,53,13,9,0,1,0,0,0,0,0,0,0,0
0,41,4,74,0,137,0,0,0,0,4,106,9,40,16,33,0,27,12,70,0,122,0,73,0,24,0,32,0,6,0,6,0,65,2,118,0,0,0,4,0,0,0,43,0,8,0,0,0,0,0,33,0,0,0,0,0,0,0,0,0,32,0,11,0,0,0,0,0,0,0,0,0,0,0,10,0,0,0,0,0,0,0,0,0,31,0,0,0,0,0,0,0,0,0,0,0,0,0,0,0,0,0,0,0,0,0,0,0,0,0,0,0,0,0,0,0,0,0,0,0,32,0,18,0,0,0,0,0,0,0,0,0,0,0,6,0,23,0,147,0,81,0,139,0,66,0,0,0,0,0,2,0,0,0,7,0,68,0,17,0,1,0,0,0,7,0,25,0,13,0,5,0,17,0,0,6,60,0,34,0,0,0,0,0,0,0,37,0,0,0,0,0,0,0,0,0,0,0,0,0,0,0,0,0,0,0,0,0,0,1,0,0,0,0,0,0,0,0,86,15,0,0,0,0
528,0,694,0,133,0,43,0,0,0,84,0,0,0,0,0,433,0,0,0,10,0,105,0,99,0,0,0,3,0,29,0,2,0,11,0,37,0,0,0,0,0,8,0,0,0,0,0,0,0,0,0,0,0,3,0,0,0,0,0,11,0,20,0,0,0,0,0,0,0,17,0,0,0,0,0,0,0,0,0,40,0,0,0,0,0,18,0,0,0,0,0,0,0,0,0,0,0,0,0,0,0,0,0,0,0,0,0,0,0,0,0,0,0,0,0,0,0,0,0,25,0,0,0,0,0,0,0,0,0,0,0,0,0,0,0,0,0,59,0,16,0,0,0,45,0,0,0,0,0,0,0,0,0,0,0,15,0,3,0,0,0,0,0,0,0,36,0,0,0,0,0,22,0,0,0,38,0,25,0,2,0,100,0,7,0,0,0,0,0,0,0,0,0,0,0,0,0,0,0,0,0,0,0,0,0,0,0,3,0,39,41,34,14,24,0,0,0,0,1,0,0,0,0,0
0,122,0,189,0,53,0,0,0,0,0,51,0,0,0,7,0,82,0,0,0,10,0,123,0,81,0,0,0,33,0,10,0,0,0,10,0,4,0,0,0,0,0,0,0,1,0,0,0,0,0,14,0,3,0,2,0,2,0,0,0,5,0,6,0,0,0,0,0,0,0,0,0,0,0,0,0,0,0,0,0,0,0,0,0,0,0,0,0,0,0,0,0,0,0,0,0,0,0,0,0,0,0,0,0,0,0,0,0,0,0,0,0,0,0,0,0,0,0,0,0,0,0,0,0,0,0,0,0,0,0,0,0,0,0,0,0,0,0,121,0,0,0,10,0,26,0,0,0,0,0,4,0,0,0,22,0,33,0,27,0,0,0,0,0,0,0,4,0,0,0,0,0,4,0,0,0,0,0,58,0,0,0,22,0,0,0,0,0,0,0,0,0,0,0,0,0,1,0,0,0,0,0,0,0,0,0,0,0,0,0,0,0,0,4,0,0,0,0,28,0,0,0,0,0
27,0,12,0,48,0,0,0,5,0,77,0,161,34,0,0,0,0,7,0,0,0,0,0,0,0,2,203,0,0,0,0,0,0,0,0,1,0,0,0,0,88,21,0,26,110,89,189,69,5,8,0,3,0,0,0,0,0,0,0,0,0,0,0,0,0,0,0,0,0,0,0,0,0,0,0,0,0,0,0,0,0,0,0,0,0,0,0,0,0,0,0,0,0,0,0,0,0,0,0,0,0,0,0,0,0,0,0,0,0,0,0,0,0,0,0,0,0,0,0,0,0,0,0,0,0,0,0,0,0,0,0,0,0,0,0,0,0,0,0,0,0,0,0,0,0,0,0,0,0,0,0,0,0,0,0,0,0,0,0,0,0,0,0,4,0,0,0,0,0,0,0,0,0,2,0,18,53,8,0,0,0,0,0,16,0,169,0,0,0,0,0,0,0,0,0,0,0,0,0,0,0,0,0,0,0,0,0,0,0,0,52,12,0,0,0,0,18,0,0,0,0,0,0,0
0,6,0,0,0,11,0,0,0,2,0,69,20,121,0,0,0,0,7,8,7,6,0,0,0,0,63,24,0,0,0,0,0,0,0,0,0,0,0,0,88,0,17,11,61,14,129,205,31,80,3,7,0,0,0,0,0,0,0,0,0,0,0,0,0,0,0,0,0,0,0,0,0,0,0,0,0,0,0,0,0,0,0,1,0,0,0,0,0,0,0,0,0,0,0,0,0,0,0,0,0,0,0,0,0,0,0,0,0,0,0,0,0,0,0,0,0,0,0,0,0,2,0,0,0,0,0,0,0,0,0,0,0,0,0,0,0,0,0,0,0,0,0,0,0,0,0,0,0,0,0,0,1,0,0,0,0,0,0,0,0,0,0,0,0,0,0,0,0,0,0,0,0,0,0,0,0,153,0,24,0,29,0,17,0,0,58,15,0,0,0,0,0,0,0,0,0,0,0,0,0,0,0,0,0,0,0,0,0,0,0,3,0,0,0,0,0,1,0,18,1,0,0,0,7
0,0,0,0,0,0,0,0,0,0,0,1,44,40,0,0,0,0,15,17,5,0,0,0,0,0,65,66,34,0,16,0,15,0,10,0,48,0,8,0,21,17,0,0,73,0,23,15,23,0,24,0,0,0,0,0,5,0,4,0,3,0,14,0,0,0,0,0,0,0,15,0,0,0,0,0,0,0,0,0,22,0,5,0,20,0,0,0,0,0,0,0,0,0,0,0,0,0,46,0,0,0,0,0,0,0,0,0,0,0,0,0,0,0,0,0,0,0,0,0,20,0,0,0,0,0,0,0,0,0,0,0,0,0,0,0,0,0,0,0,15,0,7,0,20,0,0,0,0,0,0,0,1,0,2,0,0,0,0,0,0,0,7,0,20,0,24,0,5,0,7,0,31,0,0,0,8,2,0,0,0,0,0,0,0,0,50,0,0,0,0,0,0,0,1,0,0,0,0,0,0,0,0,0,0,0,0,0,0,0,11,39,46,8,6,0,0,7,0,0,0,0,0,0,0
0,3,0,0,0,0,0,0,0,0,0,0,0,91,0,1,0,0,0,54,12,10,0,0,0,0,31,201,0,15,0,2,0,1,0,3,0,43,0,0,0,11,0,0,0,19,0,11,0,8,7,69,0,0,0,0,0,0,0,0,0,4,0,5,0,0,0,0,0,0,0,8,0,0,0,0,0,2,0,0,0,65,0,0,0,0,0,36,0,0,0,0,0,0,0,0,0,0,0,0,0,0,0,0,0,0,0,2,0,0,0,0,0,0,0,0,0,0,0,0,0,75,0,0,0,0,0,0,0,0,0,0,0,0,0,0,0,0,0,0,0,36,0,107,0,31,0,1,0,0,0,0,0,0,0,2,0,0,0,3,0,0,0,0,0,12,0,13,0,13,0,0,0,6,0,2,3,153,0,1,0,0,0,0,0,0,9,34,0,0,0,0,0,0,0,0,0,0,0,0,0,0,0,0,0,0,0,0,0,0,0,0,0,0,2,0,0,0,5,6,40,0,0,0,0
0,0,11,0,2,0,6,0,5,0,10,0,5,15,0,0,20,0,3,0,11,0,6,0,2,0,110,72,0,0,5,0,2,0,15,0,38,0,0,0,26,61,73,0,0,28,129,99,201,4,45,0,0,0,5,0,0,0,4,0,0,0,11,0,0,0,2,0,0,0,20,0,0,0,15,0,0,0,5,0,39,0,0,0,0,0,37,0,0,0,0,0,0,0,0,0,0,0,76,0,0,0,0,0,0,0,7,0,0,0,0,0,0,0,0,0,0,0,0,0,31,0,0,0,0,0,0,0,0,0,0,0,0,0,0,0,6,0,0,0,0,1,19,0,32,0,0,0,0,0,0,0,0,0,1,0,0,0,2,0,0,0,16,0,166,0,31,0,38,0,28,0,34,0,0,0,11,19,2,1,0,0,2,0,0,0,34,0,0,0,0,0,0,0,0,0,0,0,0,0,0,0,0,0,0,0,0,0,1,0,23,101,148,14,6,0,2,74,0,2,1,0,0,0,0
0,0,0,3,0,6,0,0,0,0,0,11,0,39,0,0,0,0,0,7,0,18,0,0,0,0,18,142,0,0,0,1,0,0,0,6,0,8,0,1,110,14,0,19,28,0,86,136,45,336,3,38,0,0,0,0,0,1,0,0,0,0,0,0,0,0,0,0,0,10,0,0,0,3,0,0,0,12,0,1,0,40,0,37,0,29,0,52,0,0,0,0,0,0,0,8,3,0,0,0,0,0,0,0,0,15,0,0,0,0,0,0,0,0,0,0,0,0,0,0,0,0,0,0,0,0,0,7,0,0,0,0,0,0,0,0,0,0,0,0,0,0,0,0,0,0,0,0,0,0,0,0,0,0,0,0,0,1,0,0,0,0,0,5,0,146,0,21,0,96,0,6,0,18,0,2,0,49,0,5,0,0,0,1,0,0,39,17,0,24,0,0,0,0,0,27,0,0,0,0,0,0,0,0,0,0,0,0,0,0,0,0,0,0,12,0,0,2,37,151,203,9,0,0,100
14,0,10,0,55,0,0,0,4,0,74,1,114,47,0,0,2,0,24,0,1,0,4,0,0,0,44,136,0,0,0,0,0,0,0,0,0,0,0,0,89,129,23,0,129,86,0,241,168,0,5,0,4,0,0,0,0,0,0,0,0,0,0,0,0,0,0,0,0,0,0,0,0,0,0,0,0,0,2,0,0,0,0,0,0,0,0,0,0,0,0,0,1,0,0,0,0,0,0,0,0,0,0,0,0,0,0,0,0,0,0,0,0,0,0,0,0,0,0,0,0,0,0,0,0,0,0,0,0,0,0,0,0,0,0,0,0,0,0,0,0,0,0,0,0,0,1,0,0,0,0,0,0,0,0,0,0,0,0,0,0,0,0,0,26,0,0,0,0,0,0,0,0,0,4,0,30,42,8,0,0,0,12,0,26,0,114,0,0,0,0,0,0,0,0,0,0,0,0,0,0,0,0,0,0,0,0,0,0,0,8,186,34,0,2,0,0,108,0,0,0,0,0,0,0
0,11,1,15,0,14,0,4,0,0,0,72,48,69,0,6,0,1,0,41,12,24,0,1,0,0,82,54,0,0,0,0,0,0,0,0,0,0,0,0,189,205,15,11,99,136,241,0,50,140,9,3,0,0,0,0,0,0,0,0,0,0,0,0,0,0,0,0,0,0,0,0,0,0,0,0,0,0,0,0,0,0,0,0,0,0,0,0,0,0,0,0,0,0,0,0,0,0,0,0,0,0,0,0,0,0,0,0,0,0,0,0,0,0,0,0,0,0,0,0,0,2,0,0,0,0,0,0,0,0,0,0,0,0,0,0,0,0,0,0,0,0,0,0,0,0,0,0,0,0,0,0,0,0,0,0,0,0,0,1,0,0,0,0,0,0,0,0,0,0,0,0,0,0,0,5,1,148,0,8,0,8,0,0,0,6,77,12,0,0,0,0,0,0,0,0,0,0,0,0,0,0,0,0,0,0,0,0,0,0,0,2,0,0,3,0,0,2,2,139,9,2,0,0,45
3,0,0,0,0,0,17,0,27,0,1,0,14,0,0,0,0,0,0,0,2,0,0,0,0,0,40,0,0,0,0,0,0,0,0,0,1,0,0,0,69,31,23,0,201,45,168,50,0,18,9,0,0,0,27,0,38,0,24,0,4,0,3,0,1,0,4,0,14,0,1,0,0,0,0,0,0,0,6,0,0,1,15,0,17,0,16,0,1,0,0,0,5,0,3,0,5,0,12,0,0,0,20,0,58,0,28,0,0,0,0,0,0,0,0,0,0,0,0,0,4,0,0,0,0,0,0,0,0,2,0,0,0,4,0,0,2,0,2,0,2,0,15,0,2,0,2,0,0,0,4,0,3,1,12,0,1,0,0,0,21,0,13,0,9,0,1,0,7,0,16,0,9,0,0,0,28,63,0,0,0,0,0,0,5,0,98,1,30,0,0,0,0,0,16,0,0,0,18,0,34,0,37,0,43,0,0,0,4,0,26,41,134,10,55,10,4,12,0,7,16,3,0,0,1
0,1,0,0,0,0,0,0,0,0,0,0,0,4,0,0,0,2,0,3,0,5,0,0,0,0,0,29,0,0,0,0,0,0,0,0,0,0,0,0,5,80,0,8,4,336,0,140,18,0,0,7,0,0,0,0,0,2,0,0,0,0,0,0,0,1,0,1,0,2,0,0,0,0,0,0,0,16,0,0,0,9,0,26,0,0,0,23,0,0,0,0,0,0,0,11,0,0,0,2,0,1,0,7,0,2,0,5,0,0,0,0,0,3,0,0,0,0,0,0,0,4,0,0,0,0,2,3,0,0,0,0,0,0,0,0,0,0,0,0,0,0,0,1,0,1,0,0,0,0,0,4,0,5,0,0,0,0,0,0,0,0,0,0,0,9,0,2,0,14,0,0,0,5,0,0,0,48,0,0,0,2,0,0,0,5,4,7,0,6,0,3,0,0,0,5,0,0,0,0,0,0,0,0,0,5,0,0,1,0,1,2,0,0,20,0,0,0,30,20,6,6,0,0,6
0,0,0,0,20,0,0,0,0,0,0,0,54,32,0,0,0,0,202,36,20,3,0,0,0,0,104,81,2,0,0,0,4,0,42,0,19,0,0,0,8,3,24,7,45,3,5,9,9,0,0,14,0,0,0,0,3,0,0,0,0,0,1,0,0,0,1,0,0,0,8,0,0,0,0,0,2,0,3,0,11,0,7,0,15,0,0,0,0,0,0,0,2,0,0,0,26,0,21,0,0,0,0,0,12,0,0,0,0,0,0,0,0,0,0,0,0,0,0,0,7,0,0,0,0,0,0,0,0,0,0,0,0,0,0,0,1,0,0,0,0,0,0,0,3,0,0,0,0,0,0,0,0,0,0,0,0,0,0,0,0,0,3,0,30,0,23,0,55,0,12,0,20,0,0,0,0,0,7,0,0,0,0,0,0,0,28,0,0,0,0,0,0,0,0,0,0,0,0,0,0,0,0,0,0,0,0,0,0,0,0,72,47,11,3,0,0,0,0,0,0,0,0,0,0
0,0,0,1,0,18,0,0,0,3,0,0,62,140,5,4,0,0,37,127,37,125,0,0,0,5,34,245,0,19,0,8,0,4,0,10,0,33,0,14,0,7,0,69,0,38,0,3,0,7,14,0,0,0,0,0,0,2,0,4,0,6,0,4,0,2,0,0,0,0,0,8,0,7,0,25,0,11,0,0,0,70,0,0,0,55,0,49,0,0,0,0,0,0,0,0,0,0,0,0,0,28,0,0,0,0,0,0,0,0,0,0,0,0,0,0,0,1,0,0,0,67,0,21,0,0,0,0,0,2,1,0,0,0,0,0,0,33,0,74,0,44,0,89,0,46,0,0,0,0,0,0,0,0,0,0,0,0,0,1,0,2,0,3,0,6,0,16,0,65,0,16,0,22,0,0,0,158,0,3,0,8,0,0,0,0,8,137,0,0,0,0,0,0,0,11,0,0,0,0,0,6,0,0,0,0,0,0,0,0,0,0,0,0,11,0,0,0,31,0,31,9,1,2,0
10,5,0,0,0,0,68,11,286,130,2,0,4,0,0,0,163,1,30,0,41,0,8,0,57,13,22,0,3,0,3,0,6,0,6,0,2,0,0,0,3,0,0,0,0,0,4,0,0,0,0,0,0,9,181,67,66,12,42,19,33,0,115,3,0,6,12,52,0,0,2,0,0,0,0,0,0,0,0,0,14,0,0,0,59,0,4,0,0,0,0,0,0,0,0,0,0,0,0,1,0,0,0,0,0,0,0,0,0,0,0,0,0,0,0,0,0,0,0,0,13,0,15,0,0,1,0,0,59,0,0,0,14,0,0,0,141,0,233,0,42,0,129,0,19,0,0,0,2,0,6,0,0,0,150,0,106,0,88,1,13,4,0,0,0,0,3,0,4,0,62,0,12,2,0,0,0,0,0,0,0,0,14,0,0,0,3,0,0,0,0,0,0,0,0,0,0,0,6,0,0,0,0,0,0,0,0,0,0,0,155,56,47,75,128,13,35,0,0,0,0,0,0,0,0
0,17,0,0,0,0,9,53,37,234,0,4,0,0,0,0,0,7,0,0,0,0,0,2,0,16,0,8,0,9,0,0,0,0,0,0,0,0,0,3,0,0,0,0,0,0,0,0,0,0,0,0,9,0,17,179,9,90,16,70,0,22,0,49,0,1,35,56,0,0,0,0,0,0,0,0,0,0,0,0,0,0,0,4,0,29,0,0,0,0,0,0,0,0,0,0,0,0,0,12,0,6,0,0,0,0,0,0,0,0,0,0,0,0,0,0,0,0,0,0,0,0,0,2,0,0,0,0,0,19,0,0,0,0,0,13,0,148,0,100,0,28,0,94,0,5,0,0,0,0,0,0,0,0,0,101,0,90,0,100,0,12,0,0,0,1,0,0,0,2,0,15,0,1,0,0,0,0,0,0,0,0,0,54,2,32,0,0,0,0,0,0,0,0,0,0,0,0,0,0,0,0,0,0,0,0,0,0,0,0,2,0,0,0,140,0,0,0,152,30,22,54,0,0,0
4,45,32,0,0,0,191,91,149,308,0,0,0,0,13,0,18,2,27,0,14,0,33,0,146,83,0,0,0,0,0,0,0,0,0,0,1,0,3,0,0,0,0,0,5,0,0,0,27,0,0,0,181,17,0,143,43,6,25,0,75,0,69,20,0,0,3,61,0,0,0,0,0,0,1,0,0,0,0,0,0,0,0,0,14,0,0,0,0,0,0,0,0,0,0,0,28,0,0,0,0,1,0,0,0,0,0,0,0,0,0,0,0,0,0,0,0,0,0,0,0,0,0,0,7,0,12,0,40,0,0,0,17,0,27,0,123,0,20,0,0,0,85,0,0,0,3,0,0,0,17,0,0,1,56,0,53,0,23,0,42,0,0,0,0,0,0,0,10,0,202,0,50,0,0,0,10,15,0,0,0,0,9,5,3,0,0,0,0,0,0,0,0,0,0,0,0,0,0,0,13,0,0,0,0,0,1,0,16,0,244,64,207,251,330,42,99,2,0,0,0,0,0,0,0
0,32,0,102,0,9,38,308,322,155,0,8,0,0,0,0,0,40,0,0,0,0,0,55,0,216,0,0,0,32,0,0,0,0,0,0,0,0,0,2,0,0,0,0,0,0,0,0,0,0,0,0,67,179,143,0,46,82,89,21,0,97,4,154,0,8,172,23,0,3,0,0,0,0,0,0,0,0,0,0,0,0,0,0,0,8,0,0,0,0,0,0,0,0,0,0,0,0,0,0,0,4,0,0,0,0,0,0,0,0,0,0,0,0,0,0,0,0,0,0,0,0,0,0,0,18,0,0,0,76,0,100,0,47,0,40,0,174,0,59,0,15,0,17,0,0,0,0,0,16,0,9,0,0,1,25,0,43,0,26,0,2,0,0,0,3,0,6,0,10,4,170,0,66,0,0,3,8,0,0,0,0,2,59,24,31,0,0,0,0,0,0,0,0,0,0,0,0,0,0,0,0,0,0,0,0,0,0,0,36,5,1,0,0,378,0,0,0,184,46,212,293,2,15,0
0,0,7,0,0,0,23,0,59,0,0,0,0,0,0,0,3,0,0,0,0,0,0,0,29,0,0,0,0,0,0,0,0,0,0,0,0,0,0,0,0,0,5,0,0,0,0,0,38,0,3,0,66,9,43,46,0,12,115,67,17,0,8,0,0,34,28,166,2,0,0,0,0,0,0,0,0,0,0,0,0,0,0,0,0,0,0,0,0,0,0,0,0,0,0,0,0,0,0,0,0,0,0,0,0,0,0,0,0,0,0,0,0,0,0,0,0,0,0,0,0,0,0,0,0,0,11,0,78,0,20,0,41,0,30,0,63,0,9,0,3,0,29,0,18,0,2,0,0,0,17,0,0,0,115,30,241,0,58,22,124,22,33,0,0,0,0,0,40,0,355,0,12,0,0,0,16,1,0,0,0,0,0,0,29,10,0,0,0,0,0,0,0,0,0,0,0,0,0,0,0,0,0,0,0,0,3,0,10,0,578,108,443,366,715,96,182,16,1,1,0,0,0,0,0
0,23,0,13,0,0,0,19,0,98,0,0,0,0,0,0,0,40,0,4,0,5,0,8,0,52,0,3,0,14,0,0,0,2,0,0,0,0,0,2,0,0,0,0,0,1,0,0,0,2,0,2,12,90,6,82,12,0,39,180,0,4,0,39,0,5,57,78,0,3,0,0,0,0,1,0,0,2,0,0,0,0,0,0,0,14,0,0,0,0,0,0,0,0,0,0,0,0,0,0,0,0,0,0,0,0,0,0,0,0,0,0,0,0,0,0,0,0,0,0,0,0,0,0,0,27,0,7,0,99,0,80,0,32,0,34,0,109,1,63,0,6,0,4,0,4,0,0,2,11,0,4,0,0,10,112,3,51,6,118,0,13,0,10,0,16,0,2,0,52,0,455,0,27,0,1,0,0,0,0,0,0,1,5,12,12,0,0,0,0,0,0,0,0,0,0,0,0,0,0,0,0,0,0,0,0,0,0,0,4,0,1,1,1,651,0,0,0,403,131,444,465,11,29,2
0,0,0,0,0,0,12,0,29,0,0,0,0,0,0,0,0,0,0,0,0,0,9,0,12,0,0,0,0,0,0,0,0,0,0,0,0,0,0,0,0,0,4,0,4,0,0,0,24,0,0,0,42,16,25,89,115,39,0,155,32,0,0,0,61,19,88,320,0,0,0,0,0,0,0,0,0,0,0,0,0,0,0,0,0,0,0,0,0,0,0,0,0,0,0,0,0,0,0,0,0,0,0,0,0,0,0,0,0,0,0,0,0,0,0,0,0,0,0,0,0,0,0,0,1,0,5,0,0,0,14,0,3,0,0,0,1,0,1,0,0,0,0,0,2,1,1,0,0,0,5,0,0,0,107,29,219,0,4,7,32,0,7,0,0,0,0,0,17,0,224,0,28,0,0,0,29,2,0,0,7,1,0,0,64,8,0,0,0,0,0,0,0,0,0,0,0,0,0,0,0,0,0,0,0,0,0,0,0,0,624,188,299,257,519,80,129,8,0,0,0,0,0,0,0
1,10,0,0,0,0,0,10,18,33,0,0,0,0,0,0,0,3,0,0,0,0,0,0,0,8,0,0,0,1,0,0,0,0,0,0,0,0,0,0,0,0,0,0,0,0,0,0,0,0,0,4,19,70,0,21,67,180,155,0,0,0,0,8,20,60,216,129,0,2,0,0,0,0,0,0,0,0,0,0,0,0,0,0,0,0,0,5,0,0,0,0,0,0,0,0,0,0,0,0,0,0,0,0,0,0,0,0,0,0,0,0,0,0,0,0,0,0,0,0,0,0,0,0,0,22,0,5,0,7,0,47,0,11,0,17,0,18,0,0,0,0,0,0,1,5,0,0,0,6,0,3,0,0,57,121,6,219,36,43,10,11,0,0,0,13,0,11,0,32,0,227,0,24,0,3,1,7,0,0,0,0,0,0,38,32,0,0,0,0,0,0,0,0,0,0,0,0,0,0,0,4,0,0,0,0,0,0,0,21,6,0,1,1,1237,0,0,0,907,271,547,583,14,32,0
77,0,67,0,0,0,221,0,243,5,0,0,0,0,0,0,62,0,0,0,0,0,0,0,88,0,0,0,3,0,8,0,10,0,0,0,20,0,11,0,0,0,3,0,0,0,0,0,4,0,0,0,33,0,75,0,17,0,32,0,0,0,33,0,0,0,10,0,0,0,0,0,0,0,0,0,0,0,0,0,0,0,0,0,0,0,2,0,0,0,0,0,0,0,0,0,0,0,0,0,0,0,0,0,0,0,0,0,0,0,0,0,0,0,0,0,0,0,0,0,0,0,0,0,0,0,0,0,0,0,0,0,0,0,0,0,10,0,209,0,31,0,16,0,161,0,0,0,0,0,0,0,0,0,22,0,81,0,9,0,1,0,2,0,0,0,0,0,0,0,32,0,78,0,0,0,58,0,0,0,0,0,13,0,0,0,0,0,0,0,0,0,0,0,0,0,0,0,0,0,0,0,0,0,0,0,0,0,0,0,150,26,27,47,83,1,0,0,1,0,0,0,0,0,0
2,261,4,84,0,0,0,433,0,247,0,3,0,0,0,0,0,65,0,0,0,0,0,13,15,271,0,5,0,11,0,1,0,0,0,0,0,32,0,5,0,0,0,4,0,0,0,0,0,0,0,6,0,22,0,97,0,4,0,0,0,0,0,81,0,0,0,7,0,0,0,0,0,0,0,0,0,0,0,0,0,0,0,0,0,11,0,0,0,0,0,0,0,0,0,0,0,0,0,0,0,0,0,0,0,0,0,0,0,0,0,0,0,0,0,0,0,0,0,0,0,0,0,8,0,0,0,0,0,0,1,0,0,0,0,0,0,0,0,73,0,41,0,45,0,92,0,0,0,0,0,0,0,0,0,59,0,71,0,71,0,0,0,0,0,1,0,0,0,6,0,10,0,85,0,0,0,64,0,9,0,0,0,143,0,0,0,0,0,0,0,0,0,0,0,0,0,0,0,0,0,0,0,0,0,0,0,0,0,0,0,0,0,0,76,0,0,0,50,105,122,68,0,2,0
44,17,102,0,0,0,408,16,341,16,0,0,0,0,0,0,649,0,70,0,152,0,44,0,336,26,56,0,42,0,37,0,14,0,20,0,30,0,20,0,0,0,14,0,11,0,0,0,3,0,1,0,115,0,69,4,8,0,0,0,33,0,0,5,0,0,0,0,0,0,26,0,0,0,29,0,0,0,0,0,153,0,0,0,164,0,79,0,0,0,0,0,0,0,0,0,0,0,154,0,0,0,0,0,0,0,0,0,0,0,0,0,0,0,0,0,0,0,0,0,123,0,73,0,0,0,0,0,9,0,0,0,0,0,0,0,70,0,238,0,114,0,173,0,60,0,0,0,0,0,0,0,0,0,79,0,42,0,43,0,0,0,0,0,0,0,0,0,0,0,0,0,23,0,0,0,44,0,0,0,0,0,24,0,3,0,1,0,0,0,0,0,0,0,0,0,0,0,0,0,0,0,0,0,0,0,0,0,0,0,108,36,16,20,52,0,0,1,0,0,0,0,0,0,0
0,170,11,42,0,3,26,303,38,217,0,0,0,0,0,8,6,256,0,24,0,65,0,79,22,382,0,42,0,99,0,2,0,0,0,0,0,11,0,6,0,0,0,5,0,0,0,0,0,0,0,4,3,49,20,154,0,39,0,8,0,81,5,0,0,0,0,0,0,0,0,0,0,0,0,0,0,0,0,0,0,0,0,0,0,3,0,2,0,0,0,0,0,0,0,0,0,0,0,0,0,0,0,0,0,0,0,0,0,0,0,0,0,0,0,0,0,0,0,0,0,0,0,0,0,0,0,0,0,9,0,0,0,4,0,0,0,58,0,134,0,39,0,63,0,7,0,0,0,0,0,0,0,0,0,77,0,28,0,84,0,1,0,0,0,0,0,0,0,0,0,2,0,3,0,0,0,33,0,19,0,0,3,142,0,8,0,0,0,0,0,0,0,0,0,0,0,0,0,0,0,0,0,0,0,0,0,0,0,0,0,0,0,0,20,0,0,0,30,14,11,10,0,0,0
5,0,0,0,2,0,19,0,18,0,0,0,0,0,0,0,0,0,0,0,0,0,0,0,0,0,0,0,0,0,0,0,1,0,0,0,0,0,0,0,0,0,0,0,0,0,0,0,1,0,0,0,0,0,0,0,0,0,61,20,0,0,0,0,0,40,122,0,2,0,0,0,2,0,0,0,0,0,0,0,0,0,0,0,0,0,0,0,0,0,0,0,0,0,0,0,0,0,0,0,0,0,0,0,1,0,0,0,0,0,0,0,0,0,0,0,0,0,0,0,0,0,0,0,7,0,7,0,0,0,32,0,0,0,5,0,0,0,10,15,0,0,0,0,27,16,7,0,22,0,28,0,0,0,2,23,14,0,5,36,306,63,16,0,0,0,0,0,2,0,0,0,0,0,0,0,13,0,0,0,85,19,1,0,138,7,0,0,0,0,0,0,0,0,0,0,0,0,0,0,1,0,0,0,0,0,0,0,0,0,58,10,29,0,45,0,0,0,0,0,2,0,0,0,0
0,32,0,0,0,0,0,7,0,94,0,2,0,1,0,9,0,0,0,15,0,0,0,0,0,0,0,3,0,0,0,0,0,0,0,0,0,0,0,0,0,0,0,0,0,0,0,0,0,1,0,2,6,1,0,8,34,5,19,60,0,0,0,0,40,0,22,231,0,0,7,26,2,8,0,0,0,0,1,15,0,0,0,0,0,0,0,7,0,0,0,0,0,0,0,2,0,0,0,3,0,0,0,0,0,0,0,0,0,0,0,0,0,0,0,0,0,0,0,0,5,7,0,0,0,25,0,18,34,0,58,40,0,3,0,10,0,5,46,19,6,37,0,0,21,53,0,11,49,138,0,40,0,0,10,0,4,0,40,6,164,279,5,0,0,1,0,0,0,7,0,6,0,0,0,26,0,0,0,0,40,100,0,2,44,167,0,0,0,0,0,0,0,0,0,0,0,1,0,10,0,0,0,0,0,0,0,0,0,45,0,1,0,0,68,0,0,0,68,0,84,0,2,5,0
11,0,0,0,0,0,73,9,36,152,0,0,0,0,0,0,0,0,0,0,0,0,0,0,0,0,0,0,0,0,0,0,0,0,0,0,0,0,0,0,0,0,0,0,2,0,0,0,4,0,1,0,12,35,3,172,28,57,88,216,10,0,0,0,122,22,0,336,0,0,0,0,0,0,0,0,0,0,0,0,0,0,0,0,0,0,0,0,0,0,0,0,0,0,0,0,0,0,0,0,0,0,0,0,0,0,0,0,0,0,0,0,0,0,0,0,0,0,0,0,0,0,0,0,6,0,0,0,0,0,49,0,0,0,0,0,0,0,4,0,0,0,0,0,3,0,7,0,16,0,1,0,0,0,73,22,72,0,7,10,124,0,4,0,0,0,0,0,4,0,81,0,7,0,0,0,62,10,0,0,4,0,0,0,418,13,0,0,0,0,0,0,0,0,0,0,0,0,0,0,0,0,0,0,0,0,0,0,0,0,172,62,82,76,138,17,0,0,0,0,0,0,0,0,0
1,6,0,1,0,0,0,8,110,44,0,0,0,0,0,0,0,0,0,0,0,0,0,0,0,2,0,1,0,0,0,0,0,0,0,0,0,0,0,0,0,0,0,0,0,0,0,0,0,1,0,0,52,56,61,23,166,78,320,129,0,7,0,0,0,231,336,0,0,0,0,0,0,0,0,0,0,0,0,0,0,0,0,0,0,0,0,0,0,0,0,0,0,0,0,0,0,0,0,0,0,0,0,0,0,0,0,0,0,0,0,0,0,0,0,0,0,0,0,0,0,0,0,0,0,21,0,2,0,0,0,0,0,3,0,0,0,1,4,0,0,0,0,0,0,10,0,0,0,13,0,0,0,0,101,37,10,91,39,10,33,10,0,0,0,1,0,1,0,4,0,34,0,0,0,23,0,136,0,0,0,0,0,0,66,284,0,0,0,0,0,1,0,0,0,0,0,0,0,0,0,2,0,0,0,0,0,0,0,4,0,0,0,0,244,0,0,0,254,134,105,104,3,8,0
0,0,0,0,0,0,0,0,0,0,0,0,0,0,0,0,0,0,0,0,0,0,0,0,0,0,0,0,0,0,0,0,0,0,0,0,0,0,0,0,0,0,0,0,0,0,0,0,14,0,0,0,0,0,0,0,2,0,0,0,0,0,0,0,2,0,0,0,0,0,0,0,17,0,3,0,137,0,66,0,14,0,19,0,0,0,37,0,16,0,0,0,7,0,31,0,0,0,32,0,0,0,142,0,0,0,27,0,48,0,0,0,0,0,3,0,0,0,0,0,0,0,0,0,0,0,0,0,0,2,0,0,0,0,0,0,0,0,0,0,0,0,0,0,0,0,0,0,0,0,0,1,0,2,0,0,0,0,2,0,0,0,0,0,0,0,0,0,93,0,5,0,0,0,0,0,0,0,0,0,0,2,0,0,0,0,0,0,11,0,0,0,0,0,13,0,0,0,0,0,0,0,0,0,0,0,0,0,0,0,100,8,106,6,33,47,212,5,0,0,0,0,0,0,0
0,0,0,0,0,0,0,0,0,0,0,0,0,0,0,0,0,0,0,0,0,0,0,0,0,0,0,4,0,0,0,0,0,0,0,0,0,0,0,0,0,0,0,0,0,10,0,0,0,2,0,0,0,0,0,3,0,3,0,2,0,0,0,0,0,0,0,0,0,0,0,0,0,1,0,0,0,164,0,0,0,27,0,70,0,0,0,33,0,0,0,0,0,5,0,19,0,0,0,2,0,4,0,253,0,12,0,0,0,12,0,15,0,15,0,1,0,2,0,0,0,1,0,0,0,0,0,0,0,0,0,0,0,0,0,28,0,12,0,0,0,0,1,0,0,0,0,2,0,0,2,0,0,5,0,0,0,0,0,0,0,0,0,0,0,10,0,0,0,30,0,2,0,0,0,0,0,0,0,0,1,8,0,0,0,0,0,0,0,22,0,7,0,0,0,30,0,0,0,0,0,11,0,15,0,31,0,0,0,0,0,0,0,0,6,0,0,0,104,0,145,5,66,140,1
0,0,0,0,0,0,0,0,0,0,0,0,0,0,0,0,22,0,0,0,50,0,0,0,0,0,0,0,5,0,0,0,0,0,11,0,48,0,17,0,0,0,15,0,20,0,0,0,1,0,8,0,2,0,0,0,0,0,0,0,0,0,26,0,0,7,0,0,0,0,0,0,146,0,261,0,3,0,51,0,2,0,0,0,0,0,9,0,0,0,0,0,0,0,0,0,0,0,2,0,0,0,0,0,0,0,0,0,0,0,0,0,0,0,0,0,0,0,0,0,35,0,35,0,15,0,0,0,0,0,17,13,3,0,10,0,8,0,11,0,87,0,15,0,32,4,0,0,79,0,17,0,0,0,0,0,18,0,0,5,10,0,75,0,0,0,0,0,23,0,29,0,20,0,36,0,0,0,0,0,20,4,0,0,43,0,0,0,0,0,0,0,0,0,0,0,0,0,0,0,0,0,0,0,0,0,0,0,0,0,11,6,71,0,9,0,0,0,4,0,0,0,0,0,0
0,0,0,0,0,0,0,0,0,0,0,0,0,0,0,0,0,0,0,0,0,0,0,0,0,0,0,0,0,0,0,0,0,0,0,0,0,0,0,0,0,0,0,8,0,0,0,0,0,0,0,8,0,0,0,0,0,0,0,0,0,0,0,0,0,26,0,0,0,0,0,0,0,85,0,218,0,24,0,30,0,1,0,0,0,4,0,75,0,0,0,0,0,0,0,0,0,0,0,0,0,0,0,0,0,0,0,0,0,0,0,0,0,0,0,0,0,0,0,0,0,3,0,0,0,0,0,0,0,11,10,0,0,15,0,4,0,28,0,0,0,27,0,4,0,122,0,0,6,43,0,0,0,0,0,0,0,10,0,0,0,1,0,58,0,0,0,6,0,10,0,16,0,6,0,7,0,0,0,1,3,29,0,0,0,30,0,0,0,0,0,0,0,0,0,0,0,0,0,0,0,0,0,0,0,0,0,0,0,0,0,0,0,0,7,0,0,0,49,2,19,0,0,0,0
0,0,0,0,0,0,0,0,0,0,0,0,0,0,0,0,0,0,0,0,0,0,0,0,0,0,0,0,0,0,0,0,0,0,0,0,0,0,0,0,0,0,0,0,0,0,0,0,0,0,0,0,0,0,0,0,0,0,0,0,0,0,0,0,2,2,0,0,17,0,146,0,0,0,166,0,79,0,205,0,1,1,42,0,17,0,5,0,0,0,0,0,4,0,0,0,4,0,0,0,0,0,2,0,0,0,0,0,0,0,0,0,0,0,0,0,0,0,0,0,39,0,29,0,18,0,14,0,0,0,35,5,22,0,67,0,18,0,7,0,72,1,98,0,35,0,9,0,55,4,93,0,9,0,0,0,0,0,0,4,0,0,47,0,0,0,0,0,6,0,10,0,0,0,21,0,0,0,1,0,31,3,0,0,67,0,0,0,0,0,0,0,0,0,0,0,0,0,39,0,29,0,0,0,0,0,0,0,53,0,161,5,11,0,11,0,0,0,0,0,0,0,0,0,0
0,0,0,0,0,0,0,0,0,0,0,0,0,0,0,0,0,0,0,0,0,0,0,0,0,0,0,0,0,0,0,0,0,0,0,0,0,0,0,0,0,0,0,0,0,3,0,0,0,0,0,7,0,0,0,0,0,0,0,0,0,0,0,0,0,8,0,0,0,1,0,85,0,0,0,322,0,196,0,51,0,10,0,19,0,31,0,71,0,0,0,0,0,0,0,0,0,1,0,5,0,0,0,0,0,0,0,0,0,0,0,0,0,0,0,0,0,2,0,0,0,99,0,26,0,24,0,0,0,17,0,0,0,28,0,141,0,149,0,0,0,46,0,12,0,48,0,0,0,0,0,0,0,0,0,0,0,3,0,0,3,0,0,53,0,0,0,1,0,22,0,5,0,0,0,2,0,0,0,0,0,27,0,0,0,7,0,0,0,0,0,0,0,0,0,0,0,0,0,102,0,84,0,0,0,0,0,0,0,0,0,0,0,0,15,0,0,0,109,6,40,0,0,2,0
0,0,0,0,0,0,1,0,0,0,0,0,0,0,0,0,14,0,0,0,0,0,2,0,0,0,0,0,0,0,6,0,0,0,0,0,20,0,0,0,0,0,0,0,15,0,0,0,0,0,0,0,0,0,1,0,0,1,0,0,0,0,29,0,0,0,0,0,3,0,261,0,166,0,0,0,15,0,161,0,11,0,12,0,49,0,36,1,0,0,0,0,2,0,0,0,3,0,7,0,0,0,0,0,0,0,0,0,0,0,0,0,0,0,0,0,0,0,0,0,170,2,90,0,12,30,0,0,0,0,0,11,7,0,42,0,6,0,12,4,86,13,125,0,52,0,0,0,93,23,17,0,25,11,0,0,9,0,0,4,0,0,70,0,0,0,0,0,28,0,0,0,9,0,83,0,0,0,6,0,29,0,0,0,43,0,0,0,0,0,0,0,0,0,0,0,0,0,52,0,45,0,0,0,0,0,0,0,11,0,78,3,23,0,3,0,3,0,0,0,0,0,0,0,0
0,0,0,0,0,0,0,0,0,0,0,0,0,0,0,0,0,3,0,0,0,14,0,0,0,0,0,0,0,6,0,0,0,0,0,2,0,10,0,0,0,0,0,0,0,0,0,0,0,0,0,25,0,0,0,0,0,0,0,0,0,0,0,0,0,0,0,0,0,0,0,218,0,322,0,0,0,15,0,81,0,11,0,0,0,8,1,97,0,0,0,0,1,0,1,0,5,0,3,0,0,1,0,0,0,0,0,0,0,0,0,0,0,0,0,0,0,0,0,0,0,109,0,25,0,0,0,0,5,17,33,9,1,0,1,42,0,96,0,0,0,76,2,24,0,238,0,12,16,90,0,0,0,51,0,1,0,12,0,4,0,0,0,83,0,0,0,14,0,17,0,15,0,13,0,18,0,0,0,0,19,60,0,0,0,52,0,0,0,0,0,0,0,0,0,0,0,0,0,13,0,0,0,0,0,0,0,22,0,26,0,0,0,0,10,0,0,0,123,3,19,0,0,0,0
0,0,0,0,0,0,0,0,0,0,0,0,0,0,0,0,0,0,0,0,0,0,0,0,0,0,0,0,0,0,0,0,0,0,0,0,0,0,0,0,0,0,0,0,0,0,0,0,0,0,2,0,0,0,0,0,0,0,0,0,0,0,0,0,0,0,0,0,137,0,3,0,79,0,15,0,0,0,106,0,5,0,14,0,0,0,22,0,0,0,0,0,13,0,12,0,0,0,0,0,0,0,21,0,0,0,7,0,49,0,0,0,0,0,19,0,13,0,0,0,6,0,3,0,0,0,0,0,0,0,0,0,0,0,0,0,0,0,0,0,0,0,0,0,0,0,0,0,0,0,0,0,0,0,0,0,0,0,0,0,0,0,0,0,6,0,0,0,46,0,0,0,0,0,0,0,0,0,0,0,0,0,0,0,0,0,0,0,0,0,0,0,0,0,3,0,0,0,0,0,0,0,0,0,0,0,0,0,0,0,34,3,30,0,0,9,15,0,0,0,0,0,0,0,0
0,0,0,0,0,0,0,0,0,0,0,0,0,0,0,0,0,0,0,0,0,0,0,0,0,0,0,0,0,0,0,0,0,0,0,0,0,0,0,0,0,0,0,2,0,12,0,0,0,16,0,11,0,0,0,0,0,2,0,0,0,0,0,0,0,0,0,0,0,164,0,24,0,196,0,15,0,0,0,21,0,69,0,32,0,0,0,187,0,0,0,0,0,27,0,5,0,0,0,3,0,0,0,53,0,10,0,0,0,18,0,0,0,0,0,0,0,65,0,0,0,22,0,4,0,0,0,0,0,0,0,0,0,0,1,31,0,22,0,0,0,0,0,0,0,0,0,0,0,0,0,0,0,0,0,0,0,0,0,0,0,0,0,5,0,57,0,0,0,49,0,2,0,0,0,0,0,0,0,0,1,0,0,0,0,0,0,1,0,34,0,0,0,0,0,30,0,0,0,0,0,0,0,0,0,37,0,0,0,0,0,0,0,0,5,0,0,0,49,3,57,0,0,2,0
0,0,0,0,0,0,0,0,0,0,0,0,0,0,0,0,0,0,0,0,0,0,0,0,0,0,0,0,0,0,0,0,0,0,0,0,0,0,0,0,0,0,0,0,5,0,2,0,6,0,3,0,0,0,0,0,0,0,0,0,0,0,0,0,0,1,0,0,66,0,51,0,205,0,161,0,106,0,0,0,21,0,100,0,78,0,82,0,0,0,0,0,71,0,14,1,21,0,50,0,9,0,13,0,0,0,0,0,6,0,0,0,0,0,0,0,0,0,0,0,58,0,35,0,0,0,0,0,0,0,0,0,1,0,33,0,6,0,3,1,20,0,88,0,5,0,0,0,0,0,37,0,9,0,0,0,0,0,0,0,8,0,25,0,33,0,0,0,46,0,0,0,0,0,0,0,0,0,0,0,0,0,0,0,5,0,0,0,25,0,7,0,19,0,4,0,0,0,80,0,62,0,0,0,0,0,0,0,0,0,427,7,80,0,46,9,8,0,0,0,0,0,0,0,0
0,0,0,0,0,0,0,0,0,0,0,0,0,0,0,0,0,0,0,0,0,0,0,0,0,0,0,0,0,0,0,0,0,0,0,0,0,0,0,0,0,0,0,0,0,1,0,0,0,0,0,0,0,0,0,0,0,0,0,0,0,0,0,0,0,15,0,0,0,0,0,30,0,51,0,81,0,21,0,0,0,0,0,0,0,17,0,66,0,0,0,0,0,0,0,0,0,0,0,0,0,0,0,0,0,0,0,0,0,0,0,0,0,0,0,0,0,0,0,0,0,42,0,17,0,0,0,0,0,2,8,0,0,0,0,52,0,47,0,0,0,38,0,26,0,23,0,0,8,26,0,0,0,15,0,1,0,2,0,0,0,0,0,26,0,0,0,8,0,11,0,0,0,0,0,0,0,0,0,0,7,20,0,0,1,15,0,0,0,2,0,2,0,0,0,0,0,1,0,13,0,32,0,0,0,0,0,0,0,22,0,0,0,0,8,0,0,0,49,0,5,0,0,0,0
