0,386,44,102,32,0,40,250,101,82,177,12,110,0,8,0,9,58,12,0,0,0,11,88,9,376,53,0,0,0,0,0,0,0,0,0,32,0,488,0,0,0,0,0,0,0,0,0,9,0,0,0,9,0,0,53,0,0,0,0,74,25,123,64,15,0,14,0,0,0,0,0,0,0,0,0,0,0,0,0,0,0,0,0,0,0,0,0,0,0,0,0,0,0,0,0,0,0,0,0,0,0,0,0,0,0,0,0,0,0,0,0,0,0,0,0,0,0,0,0,0,0,0,0,0,0,2,0,0,0,0,0,0,0,0,0,0,0,0,0,0,0,0,0,0,0,8,0,27,0,9,0,0,0,0,0,0,0,0,0,17,0,0,0,14,0,0,0,29,0,42,0,153,0,0,0,658,100,11,0,0,0,120,0,14,0,0,0,0,0,0,0,0,0,0,0,0,0,0,0,0,0,0,0,0,0,0,0,0,0,777,117,331,148,363,0,0,0,0,0,0,0,0,0,0
386,0,359,33,32,258,102,39,0,158,21,264,0,108,35,70,193,44,0,189,55,0,402,21,340,49,0,222,9,0,0,0,0,157,0,0,0,92,0,448,0,0,0,0,0,44,0,102,0,0,0,39,4,3,0,16,0,3,0,42,0,299,19,403,0,62,0,8,0,0,0,0,0,1,0,0,0,0,0,0,0,0,0,0,1,0,0,0,0,0,0,0,0,0,0,0,0,0,0,0,0,0,0,0,0,0,0,0,0,0,0,0,0,0,0,0,0,0,0,0,0,0,0,0,0,21,0,18,0,0,0,45,0,0,0,0,0,0,0,3,0,0,0,3,0,0,0,24,0,98,0,60,0,39,0,0,0,0,0,0,0,34,0,7,0,12,0,0,0,34,0,20,0,120,0,0,169,562,0,5,0,28,13,9,0,154,0,0,0,0,0,0,0,0,0,0,0,0,0,0,0,0,0,0,0,0,0,1,0,9,22,3,0,0,747,0,0,0,1121,164,634,282,5,68,0
44,359,0,0,282,0,141,0,50,39,41,34,84,0,276,0,85,61,137,0,110,0,320,74,73,283,149,0,182,0,68,0,196,3,0,0,47,0,765,0,24,0,0,0,100,0,68,0,33,0,42,0,0,0,91,0,0,0,0,0,106,28,201,52,7,0,8,0,0,0,0,0,0,0,0,0,0,0,0,0,0,0,0,0,0,0,0,0,0,0,12,0,0,0,0,0,0,0,0,0,0,0,0,0,0,0,0,0,0,0,0,0,0,0,0,0,0,0,0,0,0,0,8,0,64,0,71,0,0,0,79,0,20,0,31,0,80,0,0,0,0,0,57,0,0,0,49,0,36,0,29,0,28,0,0,0,0,0,0,0,82,0,0,0,32,0,36,0,115,0,117,0,459,0,0,0,178,59,7,0,0,0,13,0,0,0,0,0,0,0,0,0,0,0,0,0,0,0,0,0,0,0,0,0,0,0,0,0,14,0,875,82,811,319,641,0,20,0,11,0,0,0,0,0,0
102,33,0,0,0,138,0,68,0,5,0,11,0,11,0,340,36,79,0,97,0,87,93,202,0,187,0,42,0,321,0,0,0,115,0,0,1,0,0,357,0,0,0,0,0,0,0,0,0,0,0,0,0,0,0,29,0,0,0,0,0,29,0,112,0,8,0,0,0,0,0,0,0,0,0,0,0,0,0,0,0,0,0,0,0,0,0,0,0,0,0,0,0,0,0,0,0,0,0,0,0,0,0,0,0,0,0,0,0,0,0,0,0,0,0,0,0,0,0,0,0,0,0,0,0,0,0,11,0,0,0,9,0,6,0,0,0,12,0,0,0,0,0,0,0,0,0,0,0,0,0,4,0,0,0,3,0,0,0,0,0,0,0,0,0,8,0,0,0,22,0,11,0,124,0,0,0,33,0,0,1,0,0,0,0,0,0,0,0,0,0,0,0,0,0,0,0,0,0,0,0,0,0,0,0,0,0,0,0,0,2,0,0,0,170,0,0,0,223,35,334,0,0,0,0
32,32,282,0,0,203,57,0,38,0,119,176,513,111,260,195,41,0,200,335,209,80,77,75,0,0,375,0,72,0,346,0,396,0,234,0,259,0,317,0,96,0,0,0,0,0,102,0,15,0,132,8,0,0,0,0,0,0,0,0,0,0,0,0,12,0,0,0,0,0,0,0,0,0,0,0,0,0,0,0,0,0,0,0,0,0,0,0,0,0,0,0,0,0,0,0,0,0,0,0,0,0,0,0,0,0,0,0,0,0,0,0,0,0,0,0,0,0,0,0,0,0,0,0,20,0,11,0,0,0,33,0,0,0,0,0,0,0,0,0,0,0,0,0,0,0,14,0,60,0,0,0,49,0,2,0,1,0,0,0,54,0,0,0,130,0,354,0,529,0,0,0,468,0,0,0,703,111,125,0,30,0,14,0,21,0,12,0,0,0,0,0,0,0,0,0,0,0,0,0,0,0,0,0,0,0,0,0,0,0,1001,262,1067,0,565,0,0,0,0,10,0,0,0,0,0
0,258,0,138,203,0,0,79,0,30,75,179,0,227,318,242,28,0,0,441,162,305,103,155,0,26,0,579,0,301,0,302,0,637,0,265,0,190,0,146,0,15,0,0,0,0,0,144,0,10,0,143,0,0,0,0,0,9,0,0,0,0,0,0,0,0,0,0,0,0,0,0,0,0,0,0,0,0,0,0,0,0,0,0,0,0,0,0,0,0,0,1,0,0,0,0,0,0,0,0,0,0,0,0,0,0,0,1,0,0,0,0,0,0,0,0,0,0,0,0,0,0,0,0,0,0,0,18,0,0,0,24,0,0,0,0,0,0,0,0,0,0,0,0,0,0,0,17,0,33,0,13,0,0,0,3,0,2,0,0,0,0,0,0,0,74,0,302,0,201,0,22,0,153,0,1,76,410,0,0,0,0,0,0,0,26,1,10,0,7,0,0,0,0,0,0,0,0,0,0,0,0,0,9,0,0,0,0,0,0,0,0,0,0,573,0,0,0,1000,196,1220,247,2,12,0
40,102,141,0,57,0,0,167,184,394,11,0,0,0,7,0,0,0,8,0,0,0,9,0,221,64,0,0,0,0,0,0,0,0,0,0,0,0,49,0,0,0,0,0,0,0,0,0,54,0,13,0,89,101,224,241,63,0,28,12,205,0,302,85,40,0,83,0,0,0,0,0,0,0,0,0,7,0,0,0,0,0,0,0,11,0,0,0,0,0,0,0,0,0,0,0,0,0,0,0,0,0,0,0,0,0,0,0,0,0,0,0,0,0,0,0,0,0,0,0,0,0,0,0,125,0,0,0,0,0,145,0,0,0,0,0,33,2,0,0,0,0,0,0,0,0,21,0,56,0,5,0,0,0,0,0,6,0,0,0,301,0,0,0,27,0,8,0,52,0,124,0,64,0,0,0,105,72,0,0,0,0,8,0,3,5,0,0,0,0,0,0,0,0,0,0,0,0,0,0,0,0,0,0,0,0,0,0,14,0,1279,289,814,710,1073,0,126,13,13,8,0,0,0,0,0
250,39,0,68,0,79,167,0,137,104,0,39,0,0,6,86,30,126,0,65,0,0,0,39,292,244,0,0,0,263,0,0,0,0,0,0,0,0,0,157,0,0,0,0,0,0,0,0,2,0,0,0,9,23,0,971,0,54,0,57,0,204,50,817,1,35,0,12,0,0,0,0,0,0,0,0,0,0,0,0,0,0,0,3,0,0,0,0,0,0,0,0,0,0,0,0,0,0,0,0,0,0,0,0,0,0,0,0,0,0,0,0,0,0,0,0,0,0,0,0,0,0,0,0,0,28,0,22,0,0,0,71,0,21,0,0,0,35,0,0,0,0,0,0,0,0,0,0,0,30,0,10,0,0,0,0,0,1,0,0,0,55,0,11,0,32,0,0,0,56,0,46,0,215,1,0,74,53,0,0,0,0,15,0,0,0,0,0,0,0,0,0,0,0,0,0,0,0,0,0,0,0,0,0,0,0,0,0,0,0,9,2,5,0,681,0,0,0,570,49,641,442,5,87,0
101,0,50,0,38,0,184,137,0,542,29,0,41,0,9,0,0,0,20,0,0,0,0,0,0,12,35,0,3,0,0,0,0,0,0,0,10,0,16,0,4,0,7,0,4,0,4,0,6,0,16,0,170,122,116,385,41,49,86,109,77,0,134,35,160,3,265,147,0,0,0,0,2,0,0,0,0,0,0,0,0,0,0,0,0,0,0,0,0,0,0,0,0,0,0,0,0,0,0,0,0,0,0,0,0,0,0,0,0,0,0,0,0,0,0,0,0,0,0,0,0,0,0,0,58,0,0,0,0,0,84,0,0,0,0,0,0,0,0,0,0,0,0,0,0,0,23,0,84,0,0,0,6,0,0,0,6,0,0,0,187,0,0,0,5,0,7,0,0,0,0,0,16,0,0,0,351,58,0,0,0,0,21,0,119,33,0,0,0,0,0,0,0,0,0,0,0,0,0,0,0,0,0,0,0,0,0,0,0,0,436,191,113,0,229,1,24,1,12,0,0,4,0,0,0
82,158,39,5,0,30,394,104,542,0,2,33,0,0,0,0,24,10,0,25,0,0,0,0,479,9,0,0,0,0,0,0,0,0,0,0,0,0,0,0,0,0,0,0,0,0,0,0,0,0,0,0,102,175,388,496,0,22,0,124,0,143,94,355,0,169,40,164,0,1,0,0,0,0,0,0,0,0,0,0,0,0,0,0,0,1,0,0,0,1,0,0,0,0,0,0,0,0,0,0,0,0,0,0,0,0,0,0,0,0,0,0,0,0,0,0,0,0,0,0,0,0,0,0,0,22,0,15,0,0,0,62,0,7,0,3,0,5,0,0,0,0,0,0,0,0,0,20,0,67,0,8,0,0,0,0,0,0,0,0,0,55,0,7,0,14,0,0,0,29,0,0,0,40,0,0,158,347,0,0,1,5,6,2,0,58,0,0,0,0,0,0,0,0,0,0,0,0,0,0,0,0,0,0,0,0,0,0,0,0,7,13,10,0,1055,0,0,0,1155,114,605,740,7,0,2
177,21,41,0,119,75,11,0,29,2,0,44,333,0,14,111,34,6,24,52,53,20,17,69,0,0,80,0,101,0,118,0,221,0,34,0,154,0,248,2,44,0,0,0,14,0,39,0,0,0,0,0,1,0,0,0,0,0,0,0,0,0,0,0,0,0,0,0,0,0,0,0,1,0,0,0,0,0,0,0,0,0,0,0,3,0,0,0,0,0,0,0,0,0,0,0,0,0,0,0,0,0,0,0,0,0,0,0,0,0,0,0,0,0,0,0,0,0,0,0,0,0,0,0,6,0,1,0,0,0,0,0,0,0,0,0,0,0,0,0,0,0,0,0,0,0,6,0,15,0,0,0,0,0,0,0,0,0,0,0,0,0,0,0,22,0,36,0,0,0,3,0,124,0,6,0,371,44,163,0,31,0,25,0,16,0,14,0,0,0,0,0,0,0,0,0,0,0,0,0,0,0,0,0,0,0,0,0,0,0,667,203,511,0,274,0,3,0,2,0,0,0,0,0,0
12,264,34,11,176,179,0,39,0,33,44,0,0,515,375,13,50,7,0,68,171,123,176,67,0,0,0,220,0,183,21,161,0,538,0,103,0,110,0,85,0,86,0,0,0,49,0,242,0,76,4,70,0,0,0,2,0,0,0,0,0,0,0,0,0,25,0,0,0,0,0,0,0,0,0,0,0,0,0,0,0,0,0,0,0,0,0,0,0,0,0,0,0,0,0,0,0,0,0,0,0,0,0,0,0,0,0,0,0,0,0,0,0,0,0,0,0,0,0,0,0,4,0,0,0,9,0,0,0,0,0,0,0,0,0,5,0,9,0,0,0,0,0,8,0,0,0,4,0,35,0,60,0,71,0,0,0,4,0,1,0,13,0,3,0,12,0,0,0,36,0,5,0,0,0,22,83,678,0,19,0,53,1,28,0,29,0,12,0,0,0,0,0,0,0,0,0,0,0,0,0,4,0,0,0,0,0,0,0,0,0,0,0,0,205,0,0,0,522,164,449,0,0,0,0
110,0,84,0,513,0,0,0,41,0,333,0,0,186,15,0,0,0,28,258,77,59,0,0,0,0,160,535,0,0,7,0,0,0,286,0,56,4,0,0,311,123,162,75,64,85,244,198,37,0,473,39,0,0,0,0,0,0,0,0,0,0,0,0,5,0,0,0,0,0,0,0,0,0,0,0,0,0,0,0,0,0,0,0,0,0,0,0,0,0,0,0,0,0,0,0,0,0,0,0,0,0,0,0,0,0,0,0,0,0,0,0,0,0,0,0,0,0,0,0,0,0,0,0,0,0,0,0,0,0,0,0,0,0,0,0,0,0,0,0,0,0,0,0,0,0,0,0,21,0,0,0,10,0,0,0,0,0,0,0,0,0,0,0,186,0,38,0,130,0,0,0,8,0,6,0,361,53,179,0,16,0,17,0,0,0,202,33,0,0,0,0,0,0,0,0,0,0,0,0,0,0,0,0,0,0,0,0,0,0,222,424,543,0,52,0,1,13,0,0,0,0,0,0,0
0,108,0,11,111,227,0,0,0,0,0,515,186,0,189,8,0,0,467,39,209,99,0,0,0,0,205,225,0,0,20,33,0,26,0,239,0,92,0,0,24,262,36,245,16,76,0,320,0,92,78,390,0,0,0,1,0,3,0,3,0,0,0,0,0,0,0,0,0,3,0,0,0,0,0,0,0,0,0,0,0,20,0,0,0,0,0,0,0,0,0,0,0,0,0,0,0,0,0,0,0,0,0,0,0,0,0,0,0,0,0,0,0,0,0,0,0,0,0,0,0,1,0,0,0,0,0,0,0,0,0,4,0,0,0,0,0,0,0,0,0,0,0,0,0,2,0,0,0,0,0,0,0,0,0,0,0,0,0,0,0,0,0,0,0,87,0,0,0,0,0,0,0,0,0,0,81,332,0,8,0,7,0,3,0,0,30,221,0,38,0,0,0,0,0,0,0,0,0,0,0,0,0,21,0,0,0,0,0,0,0,0,0,0,107,0,0,0,244,282,747,0,0,3,0
8,35,276,0,260,318,7,6,9,0,14,375,15,189,0,274,38,11,223,438,275,128,237,76,24,0,214,0,18,0,292,30,75,45,130,34,105,19,13,0,0,0,9,0,29,0,0,0,2,0,19,5,5,0,15,0,0,0,0,0,0,0,0,0,0,0,3,0,0,0,0,0,0,0,0,0,0,0,0,0,0,0,0,0,0,0,0,0,0,0,0,0,0,0,0,0,0,0,0,0,0,0,0,0,0,0,0,0,0,0,0,0,0,0,0,0,0,0,0,0,0,0,0,0,8,0,0,0,0,0,13,0,0,0,11,0,0,0,0,0,8,0,0,0,0,0,8,0,20,0,11,0,0,0,0,0,0,0,0,0,13,0,0,0,32,0,149,0,129,0,0,0,57,0,0,0,192,87,3,0,0,0,5,0,17,0,0,0,0,0,0,0,0,0,0,0,0,0,0,0,0,0,0,0,0,0,0,0,3,0,144,84,146,0,43,0,0,0,0,0,23,0,0,0,0
0,70,0,340,195,242,0,86,0,0,111,13,0,8,274,0,44,33,0,471,175,264,164,221,0,57,0,250,0,194,26,175,27,210,0,26,0,91,0,88,0,0,0,0,0,34,0,0,0,0,0,0,0,0,0,64,0,15,0,0,0,0,0,13,0,4,0,0,0,0,0,0,0,0,0,0,0,0,0,0,0,0,0,0,0,0,0,0,0,0,0,0,0,0,0,0,0,4,0,0,0,0,0,0,0,0,0,0,0,0,0,0,0,0,0,0,0,0,0,0,0,0,0,0,0,0,0,14,0,0,0,0,0,0,0,17,0,92,0,46,0,19,0,55,0,0,0,7,0,19,0,5,0,0,0,27,0,0,0,0,0,0,0,0,0,8,0,231,0,59,0,0,0,53,0,0,59,133,0,0,0,0,0,0,0,17,0,0,0,0,0,0,0,0,0,0,0,0,0,0,0,0,0,0,0,0,0,0,0,0,0,10,21,1,134,0,0,0,219,39,321,64,0,0,0
9,193,85,36,41,28,0,30,0,24,34,50,0,0,38,44,0,35,89,0,345,0,147,88,151,79,254,0,468,0,132,0,89,0,0,0,19,0,228,20,0,0,0,0,140,0,24,0,0,0,0,0,40,0,53,14,16,0,0,0,0,0,391,19,0,2,0,0,0,0,13,0,0,0,17,0,0,0,0,0,61,0,0,0,137,0,16,0,0,0,0,0,0,0,0,0,107,0,100,0,0,0,0,0,0,0,0,0,0,0,0,0,0,0,0,0,0,0,0,0,0,0,33,0,0,0,0,0,0,0,0,0,91,0,0,0,475,0,0,0,127,0,310,0,2,0,0,0,0,0,0,0,0,0,80,0,0,0,0,0,0,0,2,0,0,0,1,0,15,0,23,0,61,0,0,0,0,0,0,0,0,0,8,0,0,0,0,0,0,0,0,0,0,0,0,0,0,0,0,0,0,0,0,0,0,0,0,0,0,0,0,8,81,0,0,0,0,0,0,0,0,1,0,0,0
58,44,61,79,0,0,0,126,0,10,6,7,0,0,11,33,35,0,0,0,10,99,103,73,64,101,0,0,0,333,0,0,0,15,0,17,0,0,8,124,0,0,0,0,0,0,1,0,0,0,0,0,0,50,0,67,0,66,0,0,0,22,2,387,0,0,0,0,0,0,0,0,0,0,0,3,0,0,0,0,0,0,0,0,0,0,0,0,0,0,0,1,0,0,0,0,0,0,0,0,0,0,0,0,0,0,0,0,0,0,0,0,0,0,0,0,0,0,0,0,0,0,0,0,0,0,0,0,0,34,0,0,0,0,0,18,0,96,0,82,0,16,0,62,0,0,0,0,5,0,0,0,0,0,0,60,0,0,0,79,0,30,0,0,0,0,0,0,0,2,0,2,0,12,0,0,0,14,0,0,0,0,0,30,0,0,0,0,0,0,0,0,0,0,0,0,0,0,0,0,0,0,0,0,0,0,0,0,0,0,0,0,0,0,0,0,0,0,16,85,18,0,0,0,0
12,0,137,0,200,0,8,0,20,0,24,0,28,467,223,0,89,0,0,553,417,126,258,0,57,0,237,801,41,0,57,0,12,0,293,27,92,11,0,0,3,82,20,131,9,52,5,158,0,0,327,75,0,0,0,0,0,0,0,0,0,0,0,0,0,0,0,0,0,0,0,0,0,0,0,0,0,0,0,0,0,0,0,0,0,0,0,0,0,0,11,0,0,0,0,0,0,0,0,0,0,0,0,0,0,0,0,0,0,0,0,0,0,0,0,0,0,0,0,0,0,0,0,0,0,0,0,0,0,0,0,0,0,0,0,0,0,0,0,0,0,0,0,0,0,0,19,0,0,0,0,0,0,0,0,0,0,0,0,0,0,0,0,0,153,0,53,0,0,2,0,0,0,0,0,0,203,60,22,0,0,0,11,0,21,0,62,0,0,0,0,0,0,0,0,0,0,0,0,0,0,0,0,0,0,0,0,0,0,0,105,131,208,0,37,0,0,0,0,0,0,0,0,0,0
0,189,0,97,335,441,0,65,0,25,52,68,258,39,438,471,0,0,553,0,257,393,0,171,0,0,62,553,0,26,46,117,0,47,83,356,0,222,0,5,0,0,0,100,0,104,0,169,0,12,0,277,0,0,0,40,0,0,0,0,0,0,0,0,0,27,0,0,0,0,0,0,0,0,0,0,0,0,0,0,0,0,0,0,0,26,0,8,0,0,0,2,0,0,0,0,0,0,0,0,0,0,0,0,0,0,0,0,0,0,0,0,0,0,0,0,0,0,0,0,0,0,0,3,0,13,0,0,0,0,0,0,0,0,0,33,0,125,5,69,0,0,0,100,0,0,5,0,0,27,0,0,0,7,0,15,0,6,0,0,0,0,0,4,0,34,0,66,0,101,0,0,0,10,0,0,75,214,0,0,0,7,0,6,0,36,0,0,0,0,0,0,0,0,0,0,0,0,0,0,0,5,0,0,0,0,0,0,0,0,0,26,34,0,98,0,0,0,270,107,300,0,0,0,0
0,55,110,0,209,162,0,0,0,0,53,171,77,209,275,175,345,10,417,257,0,60,230,115,99,0,379,294,255,0,383,14,136,0,119,0,76,0,14,0,0,46,28,65,87,19,0,0,0,0,82,24,38,0,0,0,0,0,0,0,2,1,217,0,0,0,0,0,0,0,42,0,0,0,47,0,0,0,0,0,0,0,0,0,116,0,0,0,0,0,0,0,0,0,0,0,64,0,161,0,0,0,0,0,0,0,0,0,0,0,0,0,0,0,0,0,0,0,0,0,0,0,0,0,0,0,0,0,0,0,0,0,23,0,0,0,167,0,93,0,123,0,296,0,57,0,0,0,0,0,0,0,0,0,8,0,0,0,0,0,0,0,0,0,17,0,83,0,54,0,0,0,60,0,0,0,100,28,40,0,0,0,0,0,0,0,19,0,0,0,0,0,0,0,0,0,0,0,0,0,0,0,0,0,0,0,0,0,0,0,172,124,162,33,34,0,0,0,0,0,0,0,0,0,0
0,0,0,87,80,305,0,0,0,0,20,123,59,99,128,264,0,99,126,393,60,0,0,285,0,0,0,334,0,110,11,98,2,22,0,91,0,28,0,24,0,0,0,114,0,106,3,30,0,10,0,107,0,33,0,46,0,33,0,0,0,3,0,62,0,0,0,0,0,0,0,11,0,0,0,10,0,0,0,0,0,0,0,0,0,53,0,0,0,0,0,0,0,0,0,0,0,0,0,0,0,0,0,0,0,0,0,0,0,0,0,0,0,0,0,0,0,0,0,0,0,16,0,0,0,0,0,4,0,0,0,0,0,0,0,27,1,296,0,318,0,108,0,238,0,0,1,0,0,0,0,0,0,0,0,58,0,8,0,83,0,0,0,0,0,18,0,12,0,33,0,1,0,6,0,0,20,40,0,0,0,0,0,0,0,0,0,20,0,0,0,0,0,0,0,0,0,0,0,0,0,0,0,0,0,0,0,0,0,0,0,0,0,1,66,0,0,0,262,143,173,36,0,2,0
11,402,320,93,77,103,9,0,0,0,17,176,0,0,237,164,147,103,258,0,230,0,0,364,72,154,302,0,195,5,77,0,90,0,0,0,15,0,229,44,4,0,24,0,166,0,63,0,8,0,0,0,5,0,54,0,0,0,0,0,0,17,43,31,0,1,0,0,0,0,0,0,0,0,1,0,0,0,0,0,0,0,0,0,0,0,0,0,0,0,0,0,0,0,0,0,9,0,0,0,0,0,0,0,0,0,0,0,0,0,0,0,0,0,0,0,0,0,0,0,0,0,2,0,0,0,0,0,0,0,0,0,0,0,0,0,90,0,0,0,0,0,48,0,0,0,0,0,6,0,10,0,0,0,0,0,0,0,0,0,0,0,0,0,17,0,4,0,11,0,28,0,97,0,0,0,175,61,0,0,0,1,3,0,0,0,0,0,0,0,0,0,0,0,0,0,0,0,0,0,0,0,0,0,0,0,0,0,0,0,139,20,141,0,93,0,7,0,0,0,0,0,0,0,0
88,21,74,202,75,155,0,39,0,0,69,67,0,0,76,221,88,73,0,171,115,285,364,0,0,30,0,137,9,274,25,44,17,84,0,9,0,32,17,106,0,0,0,17,0,32,0,0,0,0,0,10,0,6,0,46,0,20,0,0,0,17,0,43,0,0,0,0,0,0,0,0,0,0,0,0,0,0,0,0,0,13,0,0,0,12,0,9,0,0,0,0,0,0,0,0,0,4,0,0,0,0,0,0,0,0,0,0,0,0,0,0,0,0,0,0,0,0,0,0,0,0,0,0,0,0,0,0,0,0,0,0,0,0,0,11,0,83,0,35,0,21,0,68,0,0,0,0,2,0,0,0,0,0,0,41,0,2,0,36,14,0,0,0,0,2,0,41,0,0,0,1,6,32,0,0,44,55,2,2,0,1,0,0,0,0,0,0,0,0,0,0,0,0,0,0,0,0,0,0,0,0,0,0,0,0,0,0,0,0,0,0,15,0,70,0,0,0,138,100,93,23,0,0,0
9,340,73,0,0,0,221,292,0,479,0,0,0,0,24,0,151,64,57,0,99,0,72,0,0,259,0,0,242,0,35,0,23,0,0,0,29,0,276,0,0,0,20,0,70,0,0,0,20,0,32,0,89,50,93,300,37,0,5,0,117,0,403,138,0,0,0,2,0,0,0,0,0,0,7,0,0,0,0,0,0,0,0,0,0,0,0,0,0,0,0,0,0,0,0,0,26,0,0,0,0,0,0,0,0,0,0,0,0,0,0,0,0,0,0,0,0,0,0,0,0,0,19,0,0,0,43,0,37,0,29,0,30,0,41,0,163,0,18,0,31,0,93,0,0,0,0,0,0,1,23,0,14,0,35,0,0,0,22,0,28,0,27,0,25,0,7,0,47,0,112,0,112,1,0,0,30,48,0,0,5,0,9,0,0,0,0,0,0,0,0,0,0,0,0,0,0,0,4,0,44,0,0,0,0,0,0,0,0,0,452,67,389,284,437,2,32,5,27,6,12,0,0,0,0
376,49,283,187,0,26,64,244,12,9,0,0,0,0,0,57,79,101,0,0,0,0,154,30,259,0,0,0,0,171,0,0,0,0,0,0,0,0,2,121,0,0,0,0,0,0,0,0,0,0,0,0,0,18,0,322,0,78,0,0,0,52,0,183,0,0,0,0,0,0,0,0,0,0,0,0,0,0,0,0,0,0,0,0,0,0,0,0,0,0,0,1,0,0,0,0,0,0,0,0,0,0,0,0,0,0,0,3,0,0,0,0,0,0,0,0,0,0,0,0,1,0,0,0,0,0,0,0,0,25,0,24,0,64,0,12,8,126,6,27,0,0,0,25,0,0,0,0,9,0,0,0,0,0,0,76,0,0,0,0,40,124,0,0,0,0,1,0,0,4,0,0,0,32,0,0,40,34,0,0,8,0,29,46,0,3,0,0,0,0,0,0,0,0,0,0,0,0,0,0,0,0,0,0,0,0,0,1,0,0,0,0,0,1,32,0,0,0,81,124,50,0,0,0,0
53,0,149,0,375,0,0,0,35,0,80,0,160,205,214,0,254,0,237,62,379,0,302,0,0,0,0,435,119,0,134,0,39,0,67,0,78,0,0,0,61,373,613,81,252,136,167,410,50,28,665,29,0,0,0,0,0,0,0,0,0,0,181,0,9,0,7,0,0,0,0,0,0,0,0,0,0,0,0,0,0,0,0,0,0,0,0,0,0,0,35,0,0,0,0,0,0,0,0,0,0,0,0,0,0,0,0,0,0,0,0,0,0,0,0,0,0,0,0,0,0,0,0,0,24,0,0,0,0,0,0,0,0,0,0,0,0,0,0,0,0,0,0,0,0,0,26,0,51,1,0,0,0,0,0,0,0,0,0,0,0,0,0,0,124,0,0,0,0,0,0,0,0,0,0,0,49,30,46,0,0,0,29,0,61,0,187,30,0,0,0,0,0,0,0,0,0,0,0,0,0,0,0,0,0,0,0,0,0,0,57,436,371,0,25,0,0,24,0,0,0,0,0,0,0
0,222,0,42,0,579,0,0,0,0,0,220,535,225,0,250,0,0,801,553,294,334,0,137,0,0,435,0,0,0,0,72,0,11,162,130,0,0,0,0,66,27,47,512,27,372,0,374,0,54,244,451,0,0,0,0,0,0,0,0,0,0,0,0,0,11,0,0,0,0,0,0,0,0,0,0,0,0,0,0,0,0,0,0,0,0,0,23,0,0,0,0,0,0,0,28,0,0,0,0,0,24,0,11,0,0,0,0,0,0,0,0,0,0,0,0,0,0,0,0,0,0,0,0,0,0,0,0,0,0,0,0,0,0,0,0,0,0,0,0,0,0,0,0,0,0,0,0,0,0,0,0,0,0,0,0,0,4,0,0,0,0,0,0,0,115,0,0,0,123,0,0,0,0,0,0,54,177,0,1,0,0,0,0,0,0,45,97,0,0,0,0,0,0,0,0,0,0,0,0,0,0,0,0,0,0,0,0,0,0,0,0,0,0,84,0,0,0,209,510,567,0,0,0,2
0,9,182,0,72,0,0,0,3,0,101,0,0,0,18,0,468,0,41,0,255,0,195,9,242,0,119,0,0,0,145,0,84,0,101,0,149,0,53,0,0,0,134,0,91,0,0,0,0,0,56,0,79,0,0,0,0,0,0,0,5,0,301,0,0,0,0,0,0,0,0,0,0,0,6,0,0,0,0,0,0,0,0,0,0,0,0,0,0,0,0,0,0,0,0,0,0,0,0,0,0,0,0,0,0,0,0,0,0,0,0,0,0,0,0,0,0,0,0,0,0,0,8,0,0,0,0,0,0,0,0,0,0,0,0,0,78,0,71,0,28,0,74,0,0,0,0,0,0,0,0,0,0,0,6,0,0,0,0,0,0,0,0,0,0,0,0,0,0,0,0,0,0,0,0,0,15,4,0,0,0,0,52,0,0,0,0,0,0,0,0,0,0,0,0,0,0,0,0,0,0,0,0,0,0,0,0,0,0,0,0,7,0,5,3,0,0,0,0,0,0,0,0,0,0
0,0,0,321,0,301,0,263,0,0,0,183,0,0,0,194,0,333,0,26,0,110,5,274,0,171,0,0,0,0,0,73,0,67,0,70,0,23,0,22,0,0,0,33,0,0,0,0,0,0,0,29,0,24,0,52,0,39,0,0,0,34,0,45,0,0,0,0,0,0,0,0,0,0,0,0,0,0,0,0,0,0,0,0,0,32,0,0,0,0,0,0,0,0,0,0,0,0,0,0,0,13,0,0,0,0,0,0,0,0,0,0,0,0,0,0,0,0,0,0,0,0,0,0,0,0,0,0,0,21,0,0,0,0,0,22,0,199,0,193,0,82,0,146,0,29,0,1,0,0,0,0,0,0,0,36,0,0,0,55,0,0,0,0,0,0,0,8,0,6,0,0,0,14,0,0,4,29,0,2,0,0,0,0,0,0,0,0,0,0,0,0,0,0,0,0,0,0,0,0,0,0,0,0,0,0,0,0,0,0,0,0,0,0,17,0,0,0,0,18,25,0,0,0,0
0,0,68,0,346,0,0,0,0,0,118,21,7,20,292,26,132,0,57,46,383,11,77,25,35,0,134,0,145,0,0,0,48,0,89,0,28,0,8,3,0,0,137,3,77,0,0,0,0,0,64,0,0,0,0,0,0,0,0,0,0,0,111,0,0,0,0,0,0,0,17,0,0,0,0,0,0,0,4,0,0,0,0,0,0,0,7,0,0,0,0,0,0,0,0,0,0,0,0,0,0,0,0,0,0,0,0,0,0,0,0,0,0,0,0,0,0,0,0,0,0,0,0,0,0,0,0,0,0,0,0,0,0,0,0,0,0,0,76,0,0,0,125,0,0,0,0,0,0,0,0,0,0,0,0,0,0,0,0,0,0,0,0,0,0,0,24,0,14,0,0,0,0,0,0,0,42,0,39,0,2,0,0,0,0,0,0,0,0,0,0,0,0,0,0,0,0,0,0,0,0,0,0,0,0,0,0,0,0,0,53,21,33,0,12,0,0,0,0,0,0,0,0,0,0
0,0,0,0,0,302,0,0,0,0,0,161,0,33,30,175,0,0,0,117,14,98,0,44,0,0,0,72,0,73,0,0,0,12,0,67,0,24,0,32,0,0,0,79,0,15,0,1,0,0,0,74,0,0,0,0,0,0,0,0,0,0,0,6,0,0,0,0,0,0,0,0,0,0,0,0,0,0,0,0,0,0,0,0,0,0,0,0,0,0,0,0,0,0,0,0,0,0,0,0,0,0,0,0,0,0,0,0,0,0,0,0,0,0,0,0,0,0,0,0,0,0,0,0,0,0,0,0,0,0,0,0,0,0,0,0,0,0,0,0,0,0,0,0,0,0,0,1,0,0,0,0,0,0,0,9,0,3,0,0,0,0,0,0,0,3,0,79,0,20,0,2,0,3,0,0,0,22,0,2,0,0,0,0,0,0,0,0,0,0,0,0,0,0,0,0,0,0,0,0,0,0,0,0,0,0,0,0,0,0,0,0,0,0,0,0,0,0,0,26,63,0,0,0,0
0,0,196,0,396,0,0,0,0,0,221,0,0,0,75,27,89,0,12,0,136,2,90,17,23,0,39,0,84,0,48,0,0,0,131,0,136,0,22,0,0,0,120,0,60,0,0,0,0,0,33,0,0,0,0,0,0,0,0,0,19,0,63,0,0,0,0,0,0,0,0,0,0,0,13,0,0,0,0,0,0,0,0,0,0,0,0,0,0,0,0,0,0,0,0,0,0,0,0,0,0,0,0,0,0,0,0,0,0,0,0,0,0,0,0,0,0,0,0,0,0,0,0,0,0,0,0,0,0,0,0,0,0,0,0,0,0,0,0,0,0,0,0,0,0,0,0,0,0,0,0,0,0,0,0,0,10,0,0,0,0,0,0,0,0,0,30,0,6,0,0,0,32,0,0,0,60,0,40,0,0,0,18,0,5,0,0,0,0,0,0,0,0,0,0,0,0,0,0,0,0,0,0,0,0,0,0,0,0,0,44,25,45,0,19,0,0,0,0,0,0,0,0,0,0
0,157,3,115,0,637,0,0,0,0,0,538,0,26,45,210,0,15,0,47,0,22,0,84,0,0,0,11,0,67,0,12,0,0,0,10,0,430,0,12,0,0,0,25,0,0,0,0,0,0,0,35,0,1,0,0,0,0,0,0,0,11,0,0,0,0,0,0,0,0,0,0,0,0,0,0,0,0,0,0,0,0,0,0,0,0,0,0,0,0,0,0,0,0,0,0,0,0,0,0,0,0,0,0,0,0,0,0,0,0,0,0,0,0,0,0,0,0,0,0,0,0,0,0,0,0,0,0,0,0,0,0,0,0,0,0,0,0,0,65,0,25,0,0,0,9,0,0,0,0,0,3,0,0,0,13,0,0,0,0,0,0,0,1,0,3,0,136,0,20,0,2,0,26,0,0,0,52,0,8,0,2,0,0,0,0,0,0,0,0,0,0,0,0,0,0,0,0,0,0,0,0,0,0,0,0,0,0,0,0,0,0,0,0,0,0,0,0,0,61,92,0,0,0,0
0,0,0,0,234,0,0,0,0,0,34,0,286,0,130,0,0,0,293,83,119,0,0,0,0,0,67,162,101,0,89,0,131,0,0,0,126,2,6,0,1,0,245,21,28,0,0,0,0,0,175,0,8,0,0,0,0,0,0,0,0,0,21,0,0,0,0,0,0,0,0,0,0,0,0,0,0,0,0,0,0,0,0,0,0,0,0,0,0,0,0,0,0,0,0,0,0,0,0,0,0,0,0,0,0,0,0,0,0,0,0,0,0,0,0,0,0,0,0,0,0,0,0,0,0,0,0,0,0,0,0,0,0,0,0,0,0,0,0,0,0,0,24,0,0,0,0,0,9,0,0,0,0,0,0,0,0,0,0,0,0,0,0,0,73,0,71,0,110,0,1,0,6,0,0,0,40,0,54,0,0,0,0,0,0,0,71,0,0,0,0,0,0,0,0,0,0,0,0,0,0,0,0,0,0,0,0,0,0,0,70,80,144,20,18,0,0,1,0,0,0,0,0,0,0
0,0,0,0,0,265,0,0,0,0,0,103,0,239,34,26,0,17,27,356,0,91,0,9,0,0,0,130,0,70,0,67,0,10,0,0,0,197,0,133,0,0,0,140,0,26,0,0,0,2,0,111,0,0,0,0,0,0,0,0,0,23,0,13,0,0,0,0,0,0,0,2,0,0,0,0,0,0,0,0,0,0,0,0,0,0,0,0,0,0,0,0,0,0,0,0,0,0,0,1,0,0,0,0,0,0,0,0,0,0,0,0,0,0,0,0,0,0,0,0,0,0,0,0,0,0,0,0,0,0,0,0,0,0,0,0,0,86,0,180,0,92,0,63,0,0,0,0,0,0,0,0,0,0,0,0,0,13,0,0,0,0,0,1,0,27,0,35,0,49,0,0,0,4,0,0,0,26,0,0,0,0,0,0,0,8,0,47,0,0,0,0,0,0,0,0,0,0,0,0,0,0,0,5,0,0,0,0,0,0,0,0,0,0,26,0,0,0,65,42,119,0,0,0,0
32,0,47,1,259,0,0,0,10,0,154,0,56,0,105,0,19,0,92,0,76,0,15,0,29,0,78,0,149,0,28,0,136,0,126,0,0,0,112,0,0,0,160,5,84,0,6,0,5,0,144,0,17,0,0,0,0,0,0,0,28,0,76,0,0,0,0,0,0,0,92,0,0,0,78,0,0,0,0,0,206,0,0,0,116,0,54,0,0,0,0,0,0,0,0,0,51,0,195,0,0,0,0,0,0,0,0,0,0,0,0,0,0,0,0,0,0,0,0,0,38,0,84,0,0,0,0,0,0,0,0,0,0,0,0,0,134,0,334,0,197,0,297,0,256,0,0,0,0,0,0,0,0,0,22,0,37,0,34,0,0,0,0,0,26,0,44,0,83,0,10,0,64,0,0,0,31,3,42,0,0,0,16,0,0,0,9,0,0,0,0,0,0,0,0,0,0,0,0,0,0,0,0,0,0,0,0,0,0,0,25,51,57,10,0,0,0,0,0,1,0,0,0,0,0
0,92,0,0,0,190,0,0,0,0,0,110,4,92,19,91,0,0,11,222,0,28,0,32,0,0,0,0,0,23,0,24,0,430,2,197,0,0,0,14,0,0,0,114,0,31,0,0,0,0,0,105,0,0,0,0,0,0,0,0,0,24,0,61,0,0,0,0,0,0,0,4,0,0,0,0,0,0,0,0,0,0,0,0,0,0,0,0,0,0,0,0,0,0,0,0,0,0,0,0,0,0,0,0,0,0,0,0,0,0,0,0,0,0,0,0,0,0,0,0,0,0,0,0,0,0,0,0,0,0,0,0,0,0,0,0,0,153,0,221,0,201,0,156,0,82,0,0,0,0,0,0,0,0,0,0,0,39,0,18,0,0,0,0,0,11,0,26,0,53,0,4,0,34,0,1,0,13,0,0,0,1,0,0,0,0,0,10,0,0,0,0,0,0,0,0,0,0,0,0,0,1,0,0,0,0,0,0,0,0,0,1,0,0,0,0,0,0,0,189,53,8,0,0,0
488,0,765,0,317,0,49,0,16,0,248,0,0,0,13,0,228,8,0,0,14,0,229,17,276,2,0,0,53,0,8,0,22,0,6,0,112,0,0,2,0,0,9,0,0,0,0,0,0,0,3,0,32,0,36,0,0,0,0,0,14,0,154,0,0,0,0,0,0,0,37,0,0,0,35,0,0,0,0,1,0,0,0,0,72,0,0,0,0,0,0,0,0,0,0,0,46,0,0,0,0,0,0,0,0,0,0,0,0,0,0,0,0,0,0,0,0,0,0,0,0,0,60,0,0,0,0,0,0,0,0,0,17,0,0,0,199,0,315,0,167,0,328,0,100,0,0,0,0,0,0,0,0,0,16,0,12,0,42,0,0,0,0,0,0,0,7,0,0,0,8,0,64,0,0,0,43,0,0,0,0,0,171,0,0,0,0,0,0,0,0,0,0,0,0,0,0,0,0,0,0,0,0,0,0,0,0,0,0,0,19,139,38,18,0,0,0,0,0,0,0,0,0,0,0
0,448,0,357,0,146,0,157,0,0,2,85,0,0,0,88,20,124,0,5,0,24,44,106,0,121,0,0,0,22,3,32,0,12,0,133,0,14,2,0,0,0,0,43,0,5,0,0,0,0,0,58,0,47,0,34,0,20,0,0,0,7,0,71,0,4,0,0,0,0,0,0,0,0,0,0,0,0,0,0,0,0,0,0,0,0,0,0,0,0,0,0,0,0,0,0,0,0,0,0,0,0,0,0,0,0,0,0,0,0,0,0,0,0,0,0,0,0,0,0,0,0,0,1,0,0,0,0,0,0,2,10,0,0,0,0,0,70,0,488,0,80,0,0,0,102,0,0,0,0,1,0,0,0,0,101,0,125,0,142,0,0,0,0,0,1,0,2,0,0,0,8,0,29,0,0,7,0,0,4,0,0,0,0,0,0,0,0,0,0,0,0,0,0,0,0,0,0,0,0,0,0,0,0,0,0,0,0,0,0,0,0,0,0,0,0,0,0,0,143,8,0,0,0,0
0,0,24,0,96,0,0,0,4,0,44,0,311,24,0,0,0,0,3,0,0,0,4,0,0,0,61,66,0,0,0,0,0,0,1,0,0,0,0,0,0,212,90,6,118,130,212,184,254,137,30,0,0,0,3,0,0,0,0,0,0,0,0,0,0,0,0,0,0,0,0,0,0,0,0,0,0,0,0,0,0,0,0,0,0,0,0,0,0,0,0,0,0,0,0,0,0,0,0,0,0,0,0,0,0,0,0,0,0,0,0,0,0,0,0,0,0,0,0,0,0,0,0,0,0,0,0,0,0,0,0,0,0,0,0,0,0,0,0,0,0,0,0,0,0,0,0,0,8,0,2,0,0,0,0,0,0,0,0,0,2,0,0,0,0,1,0,0,0,0,0,0,0,0,0,0,11,30,18,0,7,0,0,0,2,0,52,7,0,0,0,0,0,0,0,0,0,0,0,0,0,0,0,0,0,0,0,0,0,0,0,277,60,5,0,0,0,44,0,0,0,0,0,0,0
0,0,0,0,0,15,0,0,0,0,0,86,123,262,0,0,0,0,82,0,46,0,0,0,0,0,373,27,0,0,0,0,0,0,0,0,0,0,0,0,212,0,97,58,75,116,54,104,3,133,87,12,0,0,0,0,0,0,0,0,0,0,0,0,0,0,0,0,0,0,0,0,0,0,0,0,0,3,0,0,0,0,0,3,0,0,0,0,0,0,0,0,0,0,0,0,0,0,0,0,0,0,0,2,0,0,0,0,0,0,0,0,0,0,0,0,0,0,0,0,0,0,0,0,0,0,0,0,0,0,0,0,0,0,0,0,0,0,0,0,0,0,0,0,0,0,0,0,0,0,0,0,0,0,0,0,0,0,0,0,0,0,0,0,0,8,0,0,0,0,0,0,0,0,0,0,0,87,0,3,0,6,0,0,0,0,56,42,0,0,0,0,0,0,0,0,0,0,0,0,0,0,0,0,0,0,0,0,0,0,0,0,0,0,0,0,0,0,0,89,32,0,0,0,9
0,0,0,0,0,0,0,0,7,0,0,0,162,36,9,0,0,0,20,0,28,0,24,0,20,0,613,47,134,0,137,0,120,0,245,0,160,0,9,0,90,97,0,7,292,49,85,105,53,28,125,0,0,0,0,0,0,0,5,1,0,0,45,0,0,0,1,0,0,0,36,0,5,0,31,0,0,0,0,0,0,0,0,0,61,0,21,0,0,0,0,0,0,0,0,0,0,0,0,0,0,0,1,0,0,0,0,0,0,0,0,0,0,0,0,0,0,0,0,0,0,0,0,0,0,0,0,0,0,0,0,0,0,0,0,0,0,0,0,0,0,0,0,0,56,0,0,0,0,0,0,0,0,0,5,0,0,0,0,0,3,0,9,0,51,0,17,0,22,0,0,0,15,0,0,0,0,8,14,0,0,0,0,0,0,0,135,3,0,0,5,0,0,0,0,0,0,0,0,0,0,0,0,0,0,0,0,0,0,0,41,370,145,14,16,0,0,21,0,0,4,0,0,0,0
0,0,0,0,0,0,0,0,0,0,0,0,75,245,0,0,0,0,131,100,65,114,0,17,0,0,81,512,0,33,3,79,0,25,21,140,5,114,0,43,6,58,7,0,6,321,3,120,0,54,0,189,0,0,0,0,0,0,0,0,0,14,0,19,0,0,0,0,0,0,0,21,0,0,0,0,0,0,0,0,0,0,0,0,0,19,0,0,0,0,0,0,0,0,0,0,0,10,0,0,0,0,0,3,0,0,0,0,0,0,0,0,0,0,0,0,0,0,0,0,0,13,0,5,0,0,0,0,0,0,0,0,0,0,0,0,0,239,0,306,0,220,0,200,0,69,0,0,0,0,0,0,0,0,0,0,0,0,0,0,0,0,0,0,0,46,0,7,0,45,0,11,0,4,0,0,0,0,0,0,0,1,1,0,0,0,10,256,0,0,0,0,0,0,0,0,0,0,0,0,0,0,0,0,0,0,0,0,0,0,0,0,0,0,0,0,0,0,39,118,86,0,0,0,0
0,0,100,0,0,0,0,0,4,0,14,0,64,16,29,0,140,0,9,0,87,0,166,0,70,0,252,27,91,0,77,0,60,0,28,0,84,0,0,0,118,75,292,6,0,99,191,78,187,124,108,0,57,0,28,0,8,0,0,0,0,0,275,0,0,0,0,0,0,0,87,0,0,0,104,0,0,0,0,0,0,0,31,0,191,0,71,1,0,0,0,0,0,0,0,0,0,0,0,0,0,0,23,0,0,0,0,0,0,0,0,0,0,0,0,0,0,0,0,0,0,0,59,0,0,0,0,0,0,0,0,0,0,0,0,0,0,0,0,0,0,0,0,0,0,0,0,0,0,0,0,1,0,0,0,0,0,0,0,0,2,0,0,0,98,0,27,0,93,0,7,0,33,0,0,0,0,33,0,0,15,0,5,0,0,0,121,0,40,0,8,0,0,0,0,0,0,0,0,0,0,0,0,0,0,0,0,0,6,0,49,308,207,13,11,0,0,123,0,7,0,0,0,0,4
0,44,0,0,0,0,0,0,0,0,0,49,85,76,0,34,0,0,52,104,19,106,0,32,0,0,136,372,0,0,0,15,0,0,0,26,0,31,0,5,130,116,49,321,99,0,45,339,10,207,45,143,0,0,0,0,0,0,0,2,0,0,0,0,0,0,0,0,0,18,0,19,0,0,0,0,0,16,0,0,0,71,0,53,0,51,0,0,0,0,0,0,0,23,0,103,0,0,0,0,0,37,0,23,0,0,0,0,0,0,0,0,0,0,0,0,0,0,0,0,0,0,0,0,0,0,2,0,0,0,0,0,0,0,0,36,0,301,0,216,0,199,0,347,0,51,0,0,0,0,0,0,0,9,0,0,0,0,0,0,0,0,0,17,1,170,0,10,0,115,0,18,0,17,0,0,0,88,0,0,0,0,0,0,0,0,16,83,0,0,0,0,0,0,0,0,0,0,0,0,0,0,0,35,0,0,0,0,0,0,0,0,3,0,19,0,0,0,74,557,498,33,0,0,19
0,0,68,0,102,0,0,0,4,0,39,0,244,0,0,0,24,1,5,0,0,3,63,0,0,0,167,0,0,0,0,0,0,0,0,0,6,0,0,0,212,54,85,3,191,45,0,0,155,70,20,0,0,0,0,0,0,0,0,0,0,0,59,0,0,0,0,0,0,0,0,0,0,0,0,0,0,0,0,0,0,1,0,0,0,0,0,0,0,0,0,0,0,0,0,0,0,0,17,0,0,0,0,0,0,0,0,0,0,0,0,0,0,0,0,0,0,0,0,0,0,0,1,0,0,0,0,0,0,0,0,0,0,0,0,0,0,0,0,0,0,0,25,0,5,0,0,0,0,0,0,0,0,0,0,0,0,0,0,0,0,0,0,0,36,0,0,0,0,0,0,0,0,0,0,0,18,14,19,0,0,0,13,0,5,0,73,5,0,0,0,0,0,0,0,0,0,0,0,0,0,0,0,0,0,0,0,0,0,0,22,278,81,0,0,0,0,83,0,3,0,0,0,0,0
0,102,0,0,0,144,0,0,0,0,0,242,198,320,0,0,0,0,158,169,0,30,0,0,0,0,410,374,0,0,0,1,0,0,0,0,0,0,0,0,184,104,105,120,78,339,0,0,0,116,161,43,0,0,0,0,0,0,0,0,0,0,0,0,0,0,0,0,0,4,0,0,0,0,0,0,0,0,0,0,0,0,0,0,0,0,0,0,0,8,0,0,0,0,0,0,0,0,0,0,0,0,0,0,0,0,0,0,0,0,0,0,0,0,0,0,0,0,0,0,0,0,0,0,0,0,0,0,1,0,0,0,0,0,0,0,0,0,0,0,0,0,0,0,0,0,0,0,0,0,0,0,0,0,0,0,0,0,0,0,0,0,0,0,0,0,0,0,0,0,0,0,0,0,0,0,6,53,0,0,0,6,0,0,0,0,41,30,0,0,0,0,0,0,0,0,0,0,0,0,0,0,0,0,0,0,0,0,0,0,0,0,0,0,0,0,0,0,0,309,87,0,0,0,16
9,0,33,0,15,0,54,2,6,0,0,0,37,0,2,0,0,0,0,0,0,0,8,0,20,0,50,0,0,0,0,0,0,0,0,0,5,0,0,0,254,3,53,0,187,10,155,0,0,38,15,0,6,0,20,0,9,0,0,0,2,0,16,0,0,0,0,0,41,0,0,0,1,0,0,0,3,0,4,0,10,1,40,0,0,0,9,0,0,0,0,0,27,2,70,0,0,0,0,0,37,1,77,0,47,0,0,0,0,0,0,0,0,0,0,0,0,0,0,0,0,0,0,0,0,0,0,2,0,0,9,0,0,0,14,0,0,3,4,0,0,0,0,0,2,0,0,6,0,0,12,2,7,2,5,0,4,0,0,0,0,0,2,0,31,0,1,0,15,0,5,0,5,0,3,0,17,9,5,0,0,4,0,0,5,0,121,0,75,0,36,0,0,0,13,0,2,0,0,0,26,0,0,0,0,0,0,0,0,0,51,107,129,6,44,0,3,31,0,2,8,14,0,0,0
0,0,0,0,0,10,0,0,0,0,0,76,0,92,0,0,0,0,0,12,0,10,0,0,0,0,28,54,0,0,0,0,0,0,0,2,0,0,0,0,137,133,28,54,124,207,70,116,38,0,0,0,0,0,0,0,0,0,0,0,0,0,0,0,0,0,0,0,0,5,0,0,0,0,0,0,0,3,0,0,0,3,0,17,0,0,0,0,0,7,0,0,0,19,0,14,0,0,0,1,0,0,0,4,0,0,0,0,0,0,0,0,0,0,0,0,0,0,0,0,0,0,0,0,0,0,0,0,0,0,0,0,0,0,0,0,0,0,0,0,0,0,0,0,0,0,0,0,0,0,0,6,0,0,0,0,0,0,0,1,0,0,0,0,0,62,0,0,0,13,0,0,0,0,0,4,0,44,0,5,0,5,0,2,0,4,43,57,0,0,0,2,0,0,0,0,0,0,0,0,0,0,0,0,0,0,0,0,0,2,0,13,0,0,6,0,0,0,13,27,20,0,0,0,4
0,0,42,0,132,0,13,0,16,0,0,4,473,78,19,0,0,0,327,0,82,0,0,0,32,0,665,244,56,0,64,0,33,0,175,0,144,0,3,0,30,87,125,0,108,45,20,161,15,0,0,0,36,0,13,0,0,0,6,0,6,0,60,0,0,0,0,0,0,0,27,0,7,0,30,0,0,0,0,0,0,0,0,0,64,0,27,0,1,0,0,0,0,0,0,0,0,0,87,0,0,0,0,0,0,0,0,0,0,0,0,0,0,0,0,0,0,0,0,0,0,0,0,0,0,0,0,0,0,0,0,0,0,0,0,0,0,0,0,0,0,0,79,0,61,0,0,0,7,0,0,0,0,0,0,0,0,0,0,0,0,0,18,0,96,0,30,0,111,0,6,0,56,0,0,0,14,0,21,0,0,0,0,0,0,0,165,0,0,0,0,0,0,0,0,0,0,0,0,0,0,0,0,0,0,0,0,0,0,0,77,180,207,40,38,0,3,2,0,0,0,0,0,0,0
0,39,0,0,8,143,0,0,0,0,0,70,39,390,5,0,0,0,75,277,24,107,0,10,0,0,29,451,0,29,0,74,0,35,0,111,0,105,0,58,0,12,0,189,0,143,0,43,0,0,0,0,0,0,0,0,0,0,0,0,0,0,0,12,0,0,0,0,0,4,0,44,0,0,0,0,0,0,0,0,0,0,0,9,0,29,0,28,0,0,0,0,0,0,0,0,0,0,0,0,0,0,0,0,0,0,0,0,0,0,0,0,0,0,0,0,0,0,0,0,0,0,0,0,0,0,0,0,0,0,0,0,0,0,0,0,0,208,0,204,0,178,0,324,0,67,0,0,0,0,0,0,0,0,0,0,0,7,0,26,0,0,0,13,0,20,0,24,0,65,0,29,0,42,0,0,0,0,0,0,0,0,0,0,0,0,0,137,0,21,0,0,0,0,0,0,0,0,0,0,0,0,0,0,0,0,0,0,0,0,0,0,0,0,22,0,0,0,51,32,83,0,0,0,0
9,4,0,0,0,0,89,9,170,102,1,0,0,0,5,0,40,0,0,0,38,0,5,0,89,0,0,0,79,0,0,0,0,0,8,0,17,0,32,0,0,0,0,0,57,0,0,0,6,0,36,0,0,26,198,81,123,25,14,51,130,0,131,6,0,0,4,63,3,0,2,0,0,0,7,0,1,0,0,0,0,0,0,0,34,0,0,0,0,0,25,0,0,0,0,0,11,0,19,0,0,0,0,0,0,0,22,0,0,0,0,0,0,0,0,0,0,0,0,0,0,0,6,0,13,0,0,0,238,0,37,0,57,0,25,0,324,0,415,0,152,0,166,0,18,0,0,0,0,0,0,0,0,0,441,1,110,0,338,0,18,1,14,0,9,0,4,0,15,0,97,0,16,0,0,0,0,0,0,0,0,0,6,0,0,3,0,0,0,0,0,0,1,0,0,0,0,0,0,0,15,0,0,0,1,0,0,0,3,0,41,45,259,140,76,0,22,0,0,1,2,1,0,0,0
0,3,0,0,0,0,101,23,122,175,0,0,0,0,0,0,0,50,0,0,0,33,0,6,50,18,0,0,0,24,0,0,0,1,0,0,0,0,0,47,0,0,0,0,0,0,0,0,0,0,0,0,26,0,135,83,0,232,58,13,0,115,11,163,0,0,80,28,0,0,0,0,0,0,0,0,0,0,0,0,0,0,0,0,0,0,0,0,0,0,0,0,0,0,0,0,0,0,0,0,0,0,0,0,0,0,0,0,0,0,0,0,0,0,0,0,0,0,0,0,0,0,0,0,0,17,0,6,0,48,0,28,0,27,0,0,0,56,0,245,0,18,0,9,0,76,0,0,0,0,0,0,0,0,1,334,0,125,0,315,0,58,0,2,0,0,0,0,0,0,0,25,0,5,0,0,6,48,0,0,0,0,0,27,7,52,0,0,0,0,0,0,0,0,0,0,0,0,0,0,0,0,0,0,0,0,0,0,0,0,0,0,0,0,35,0,0,0,19,35,43,56,0,0,0
0,0,91,0,0,0,224,0,116,388,0,0,0,0,15,0,53,0,0,0,0,0,54,0,93,0,0,0,0,0,0,0,0,0,0,0,0,0,36,0,3,0,0,0,28,0,0,0,20,0,13,0,198,135,0,287,162,39,31,62,7,0,31,19,12,0,41,178,2,0,0,0,0,0,0,0,2,0,2,0,0,0,0,0,0,0,0,0,0,0,0,0,0,0,0,0,0,0,0,0,0,0,0,0,0,0,0,0,0,0,0,0,0,0,0,0,0,0,0,0,0,0,0,0,58,0,0,0,42,0,79,0,8,0,0,0,77,0,16,0,0,0,22,1,0,0,0,0,0,0,20,0,0,0,87,4,7,0,32,0,134,0,0,0,21,0,12,0,21,0,79,0,0,0,0,0,0,5,0,0,0,0,1,0,0,39,0,0,0,0,0,0,0,0,0,0,0,0,0,0,0,0,0,0,0,0,0,0,20,0,612,182,591,776,694,5,155,5,5,0,4,0,0,0,0
53,16,0,29,0,0,241,971,385,496,0,2,0,1,0,64,14,67,0,40,0,46,0,46,300,322,0,0,0,52,0,0,0,0,0,0,0,0,0,34,0,0,0,0,0,0,0,0,0,0,0,0,81,83,287,0,0,168,77,142,3,20,73,226,1,9,111,27,0,0,0,0,0,0,0,0,0,0,0,0,0,0,0,0,0,0,0,0,0,0,0,0,0,0,0,0,0,0,0,0,0,0,0,0,0,0,0,0,0,0,0,0,0,0,0,0,0,0,0,0,0,0,0,0,0,12,0,0,0,6,0,30,0,0,0,0,0,0,0,0,0,0,0,0,0,0,0,0,1,0,0,0,0,0,2,37,2,8,0,19,0,193,0,0,0,9,0,0,0,17,0,105,0,23,0,0,28,43,0,0,0,0,0,22,14,14,0,0,0,0,0,0,0,0,0,0,0,0,0,0,0,0,0,0,0,0,0,0,0,0,18,0,0,0,367,0,0,0,199,28,465,548,21,50,1
0,0,0,0,0,0,63,0,41,0,0,0,0,0,0,0,16,0,0,0,0,0,0,0,37,0,0,0,0,0,0,0,0,0,0,0,0,0,0,0,0,0,0,0,8,0,0,0,9,0,0,0,123,0,162,0,0,0,179,60,0,0,9,0,25,0,52,98,0,0,0,0,0,0,0,0,2,0,0,0,0,0,0,0,0,2,0,0,0,0,0,0,0,0,0,0,0,0,0,0,0,0,0,0,0,0,0,0,0,0,0,0,0,0,0,0,0,0,0,0,0,0,0,0,30,0,29,0,33,0,64,0,0,0,0,0,9,0,30,5,0,0,0,0,13,5,0,0,5,0,8,0,0,0,117,15,4,2,64,27,331,0,26,0,35,0,6,0,53,0,84,0,0,0,9,0,0,0,0,0,77,6,0,0,15,0,0,0,0,0,0,0,0,0,0,0,0,0,0,0,0,0,0,0,0,0,0,0,0,0,687,176,856,798,1496,5,122,0,0,0,1,0,0,0,0
0,3,0,0,0,9,0,54,49,22,0,0,0,3,0,15,0,66,0,0,0,33,0,20,0,78,0,0,0,39,0,0,0,0,0,0,0,0,0,20,0,0,0,0,0,0,0,0,0,0,0,0,25,232,39,168,0,0,78,158,0,7,0,104,0,20,101,24,0,5,0,0,0,0,0,0,0,3,0,0,0,0,0,0,0,0,0,1,0,0,0,0,0,0,0,0,0,0,0,0,0,0,0,0,0,0,0,0,0,0,0,0,0,0,0,0,0,0,0,0,0,0,0,0,0,13,0,4,0,0,0,32,0,0,0,0,0,0,0,5,0,0,0,0,0,6,0,0,0,3,0,0,0,0,4,222,0,20,0,195,1,183,0,22,0,11,0,0,0,28,0,240,0,19,2,0,0,0,0,0,0,0,0,0,0,9,0,0,0,0,0,0,0,0,0,0,0,0,0,0,0,0,0,0,0,0,0,0,0,0,0,0,0,0,702,0,0,0,321,85,793,798,56,49,4
0,0,0,0,0,0,28,0,86,0,0,0,0,0,0,0,0,0,0,0,0,0,0,0,5,0,0,0,0,0,0,0,0,0,0,0,0,0,0,0,0,0,5,0,0,0,0,0,0,0,6,0,14,58,31,77,179,78,0,322,1,0,0,0,295,37,201,404,0,0,0,0,0,0,0,0,0,0,0,0,0,0,0,0,0,0,0,0,0,0,0,0,0,0,0,0,0,0,0,0,0,0,0,0,0,0,0,0,0,0,0,0,0,0,0,0,0,0,0,0,0,0,0,0,2,0,0,0,0,0,0,0,0,0,0,0,0,5,4,0,0,0,0,0,5,0,0,0,0,0,0,0,0,0,7,35,6,0,0,18,28,4,0,0,0,0,0,0,5,0,0,0,0,0,25,0,45,0,0,0,62,0,0,0,78,0,0,0,0,0,0,0,0,0,0,0,0,0,0,0,0,0,0,0,0,0,0,0,0,0,765,606,152,0,1126,7,0,0,2,0,0,0,0,0,0
0,42,0,0,0,0,12,57,109,124,0,0,0,3,0,0,0,0,0,0,0,0,0,0,0,0,0,0,0,0,0,0,0,0,0,0,0,0,0,0,0,0,1,0,0,2,0,0,0,0,0,0,51,13,62,142,60,158,322,0,0,0,0,2,53,253,341,765,0,0,0,0,0,0,0,0,0,1,0,0,0,3,0,4,0,0,0,0,0,0,0,0,0,0,0,3,0,0,0,0,0,0,0,0,0,0,0,0,0,0,0,0,0,0,0,0,0,0,0,0,0,0,0,0,0,5,0,0,0,0,0,61,0,0,0,0,0,0,18,0,0,0,0,0,8,0,0,0,0,0,0,0,0,0,60,14,0,1,4,20,0,159,0,0,0,4,0,0,0,17,0,48,0,0,6,14,12,0,0,0,31,40,0,0,53,32,0,0,0,0,0,0,0,0,0,0,0,0,0,0,0,0,0,0,0,0,0,0,0,0,4,1,3,0,1747,0,0,0,1084,312,564,1035,107,0,0
74,0,106,0,0,0,205,0,77,0,0,0,0,0,0,0,0,0,0,0,2,0,0,0,117,0,0,0,5,0,0,0,19,0,0,0,28,0,14,0,0,0,0,0,0,0,0,0,2,0,6,0,130,0,7,3,0,0,1,0,0,1,26,0,1,0,0,1,0,0,4,0,0,0,0,0,0,0,0,0,0,0,0,0,2,0,2,0,0,0,1,0,0,0,0,0,0,0,0,0,1,0,0,0,0,0,0,0,0,0,0,0,0,0,0,0,0,0,0,0,0,0,0,0,0,0,0,0,0,0,0,0,0,0,0,0,21,0,386,0,56,0,0,0,366,0,0,0,0,0,0,0,0,0,71,0,233,0,31,0,0,0,11,0,11,0,0,0,17,0,224,0,74,0,0,0,34,0,0,0,0,0,36,0,0,0,0,0,0,0,0,0,0,0,0,0,0,0,0,0,0,0,0,0,0,0,0,0,0,0,12,79,165,50,26,0,12,0,0,0,0,0,0,0,0
25,299,28,29,0,0,0,204,0,143,0,0,0,0,0,0,0,22,0,0,1,3,17,17,0,52,0,0,0,34,0,0,0,11,0,23,0,24,0,7,0,0,0,14,0,0,0,0,0,0,0,0,0,115,0,20,0,7,0,0,1,0,0,119,0,0,0,0,0,0,0,2,0,0,0,0,0,0,0,0,0,0,0,0,0,0,0,0,0,0,0,0,0,0,0,0,0,0,0,0,0,0,0,0,0,0,0,0,0,0,0,0,0,0,0,0,0,0,0,0,0,0,0,0,0,0,0,0,0,0,0,0,0,3,0,0,0,0,0,174,0,69,0,0,0,170,0,0,0,6,0,0,0,0,0,48,0,214,0,57,0,0,0,0,0,3,0,2,0,16,0,73,0,135,0,0,7,63,0,0,0,0,0,63,0,0,0,0,0,0,0,0,0,0,0,0,0,0,0,0,0,0,0,0,0,0,0,0,0,0,0,0,0,0,0,0,0,0,0,607,144,47,0,8,0
123,19,201,0,0,0,302,50,134,94,0,0,0,0,0,0,391,2,0,0,217,0,43,0,403,0,181,0,301,0,111,0,63,0,21,0,76,0,154,0,0,0,45,0,275,0,59,0,16,0,60,0,131,11,31,73,9,0,0,0,26,0,0,13,0,0,1,0,0,0,11,0,0,0,23,0,0,0,0,0,0,0,0,0,57,0,0,0,0,0,0,0,0,0,0,0,25,0,0,0,0,0,0,0,0,0,0,0,0,0,0,0,0,0,0,0,0,0,0,0,0,0,0,0,0,0,0,0,0,0,6,0,40,0,0,0,245,2,322,0,173,0,252,0,48,1,0,0,0,0,0,0,0,0,144,0,32,0,138,0,0,0,0,0,10,0,1,0,7,0,32,0,41,0,0,0,49,0,0,0,0,0,58,1,0,0,0,0,0,0,0,0,0,0,0,0,0,0,0,0,0,0,0,0,0,0,0,0,0,0,20,29,86,47,30,0,5,0,0,0,0,0,0,0,0
64,403,52,112,0,0,85,817,35,355,0,0,0,0,0,13,19,387,0,0,0,62,31,43,138,183,0,0,0,45,0,6,0,0,0,13,0,61,0,71,0,0,0,19,0,0,0,0,0,0,0,12,6,163,19,226,0,104,0,2,0,119,13,0,0,0,3,0,0,1,0,0,0,0,0,0,0,0,0,0,0,0,0,0,0,0,0,0,0,0,0,0,0,0,0,0,0,0,0,0,0,0,0,0,0,0,0,0,0,0,0,0,0,0,0,0,0,0,0,0,0,0,0,0,0,0,0,0,0,28,0,0,0,0,0,0,0,72,0,228,0,49,0,38,0,19,0,0,0,0,0,0,0,0,0,73,0,33,0,102,0,0,0,0,0,0,0,0,0,1,0,5,0,11,0,0,14,112,0,0,0,0,2,100,0,8,0,0,0,0,0,0,0,0,0,0,0,0,0,0,0,0,0,0,0,0,0,0,0,0,0,2,0,0,0,0,0,0,16,122,0,0,0,0,0
15,0,7,0,12,0,40,1,160,0,0,0,5,0,0,0,0,0,0,0,0,0,0,0,0,0,9,0,0,0,0,0,0,0,0,0,0,0,0,0,0,0,0,0,0,0,0,0,0,0,0,0,0,0,12,1,25,0,295,53,1,0,0,0,0,0,396,40,0,0,1,0,0,0,2,0,0,0,0,0,0,0,0,0,0,1,0,4,0,0,0,0,0,0,0,0,0,0,0,0,0,0,0,0,0,0,0,0,0,0,0,0,0,0,0,0,0,0,0,0,0,0,0,0,23,0,3,0,0,0,63,0,0,0,0,1,0,0,3,16,0,0,0,0,9,7,7,0,88,0,0,0,0,0,10,0,0,0,10,23,259,0,0,0,0,0,0,0,0,0,0,0,0,0,20,2,0,0,0,0,198,8,2,0,108,0,0,0,0,0,0,0,0,0,0,0,0,0,0,0,0,0,0,0,0,0,0,0,0,0,31,4,0,0,0,0,0,0,0,0,0,0,0,0,0
0,62,0,8,0,0,0,35,3,169,0,25,0,0,0,4,2,0,0,27,0,0,1,0,0,0,0,11,0,0,0,0,0,0,0,0,0,0,0,4,0,0,0,0,0,0,0,0,0,0,0,0,0,0,0,9,0,20,37,253,0,0,0,0,0,0,23,271,0,0,0,40,0,0,0,53,0,0,0,0,0,16,0,0,1,4,0,0,0,0,0,0,0,0,0,0,0,0,0,0,0,4,0,0,0,0,0,0,0,0,0,0,0,0,0,0,0,0,0,0,0,0,0,6,0,63,0,33,6,0,53,134,0,3,0,3,0,0,33,18,0,13,0,3,10,34,0,48,39,410,0,0,0,6,0,3,0,0,0,0,146,322,0,2,0,0,0,0,0,0,0,0,0,0,2,59,0,0,0,0,31,171,0,0,8,88,0,0,0,0,0,0,0,0,0,0,0,0,0,0,0,0,0,0,0,0,0,0,0,0,0,0,0,0,95,0,0,0,87,0,0,0,0,0,0
14,0,8,0,0,0,83,0,265,40,0,0,0,0,3,0,0,0,0,0,0,0,0,0,0,0,7,0,0,0,0,0,0,0,0,0,0,0,0,0,0,0,1,0,0,0,0,0,0,0,0,0,4,80,41,111,52,101,201,341,0,0,1,3,396,23,0,275,0,0,0,0,0,0,0,0,0,0,0,0,0,0,0,0,0,0,0,0,0,0,0,0,0,0,0,0,0,0,0,0,0,0,0,0,0,0,0,0,0,0,0,0,0,0,0,0,0,0,0,0,0,0,0,0,0,0,0,0,0,0,85,0,0,0,0,0,0,0,3,0,0,0,0,0,4,0,0,0,53,0,0,0,0,0,0,25,1,0,0,26,182,0,0,0,0,0,0,0,0,0,0,0,0,0,102,0,102,2,0,0,201,2,0,0,584,27,0,0,0,0,0,0,0,0,0,0,0,0,0,0,0,0,0,0,0,0,0,0,0,0,107,156,0,0,77,0,0,0,0,0,0,0,0,0,0
0,8,0,0,0,0,0,12,147,164,0,0,0,0,0,0,0,0,0,0,0,0,0,0,2,0,0,0,0,0,0,0,0,0,0,0,0,0,0,0,0,0,0,0,0,0,0,0,0,0,0,0,63,28,178,27,98,24,404,765,1,0,0,0,40,271,275,0,0,0,1,0,0,0,0,0,0,0,0,0,0,0,0,0,0,0,0,0,0,0,0,0,0,0,0,0,0,0,0,0,0,0,0,0,0,0,0,0,0,0,0,0,0,0,0,0,0,0,0,0,0,0,0,0,1,17,0,0,0,0,0,90,0,0,0,0,0,0,23,0,0,0,0,0,13,1,0,0,4,79,0,0,0,0,46,1,3,0,5,1,63,214,0,0,0,0,0,0,0,0,0,0,0,0,13,35,10,4,0,0,37,68,0,0,46,275,0,0,0,0,0,0,0,0,0,0,0,0,0,0,0,0,0,0,0,0,0,0,0,0,2,0,0,0,245,0,0,0,211,80,0,136,9,0,0
0,0,0,0,0,0,0,0,0,0,0,0,0,0,0,0,0,0,0,0,0,0,0,0,0,0,0,0,0,0,0,0,0,0,0,0,0,0,0,0,0,0,0,0,0,0,0,0,41,0,0,0,3,0,2,0,0,0,0,0,0,0,0,0,0,0,0,0,0,0,0,0,11,0,0,0,183,0,33,0,0,0,40,0,0,0,20,0,0,0,0,0,78,0,48,0,0,0,0,0,16,0,397,0,0,0,0,0,53,0,13,0,9,0,2,0,24,0,0,0,0,0,0,0,0,4,0,0,0,0,0,0,0,2,0,0,4,0,0,0,0,0,0,0,0,0,0,0,0,0,6,0,6,0,6,0,0,0,4,0,0,0,0,0,21,0,0,0,137,0,5,0,1,0,0,0,0,0,0,0,5,0,0,0,0,0,0,0,49,0,20,0,39,0,10,0,0,0,0,0,0,0,0,0,0,0,0,0,0,0,141,0,109,7,0,33,278,8,0,0,0,0,0,0,0
0,0,0,0,0,0,0,0,0,1,0,0,0,3,0,0,0,0,0,0,0,0,0,0,0,0,0,0,0,0,0,0,0,0,0,0,0,0,0,0,0,0,0,0,0,18,0,4,0,5,0,4,0,0,0,0,0,5,0,0,0,0,0,1,0,0,0,0,0,0,0,0,0,2,0,0,0,56,0,0,0,11,0,132,0,6,0,15,0,6,0,0,0,58,0,30,0,0,0,0,0,10,0,88,0,0,0,0,0,20,0,11,0,0,0,0,0,12,0,0,0,0,0,0,0,0,0,0,0,0,0,1,2,0,0,0,0,0,0,0,0,0,0,0,0,0,0,0,0,0,0,5,0,0,0,0,0,1,0,2,0,0,0,1,0,28,0,0,0,68,0,2,0,0,0,0,0,2,0,0,0,0,0,0,0,0,0,0,0,27,0,7,0,0,0,0,0,0,0,0,0,0,0,20,0,15,0,0,1,0,0,0,0,0,0,0,0,0,0,21,74,0,16,131,5
0,0,0,0,0,0,0,0,0,0,0,0,0,0,0,0,13,0,0,0,42,0,0,0,0,0,0,0,0,0,17,0,0,0,0,0,92,0,37,0,0,0,36,0,87,0,0,0,0,0,27,0,2,0,0,0,0,0,0,0,4,0,11,0,1,0,0,1,0,0,0,0,336,0,391,0,0,0,307,0,31,0,0,0,5,0,171,0,0,0,0,0,0,0,0,0,0,0,0,0,0,0,0,0,0,0,0,0,0,0,0,0,0,0,0,0,0,0,0,0,40,0,7,0,91,15,0,0,20,0,98,23,72,11,0,3,66,7,55,0,99,0,0,0,150,1,43,0,80,22,0,0,39,9,0,0,7,0,6,0,48,7,47,0,0,0,20,0,131,5,14,0,70,0,25,0,0,0,0,0,59,0,0,0,43,0,0,0,0,0,0,0,4,0,0,0,0,0,0,0,0,0,0,0,0,0,0,0,0,0,11,0,54,0,0,0,0,0,8,0,0,0,0,0,0
0,0,0,0,0,0,0,0,0,0,0,0,0,0,0,0,0,0,0,0,0,11,0,0,0,0,0,0,0,0,0,0,0,0,0,2,0,4,0,0,0,0,0,21,0,19,0,0,0,0,0,44,0,0,0,0,0,0,0,0,0,2,0,0,0,40,0,0,0,0,0,0,0,120,0,366,0,7,0,14,0,5,0,0,0,0,0,73,0,0,0,0,0,0,0,0,0,2,0,0,0,0,0,0,0,0,0,0,0,0,0,0,0,0,0,0,0,0,0,0,1,17,0,30,0,154,0,0,0,36,18,162,0,57,0,0,0,14,9,8,0,50,0,0,0,146,9,0,0,88,0,31,0,0,0,0,0,2,2,0,0,15,0,66,0,0,0,9,0,4,0,31,0,25,0,7,0,0,0,0,0,55,0,0,0,19,0,0,0,0,0,0,0,0,0,0,0,0,0,0,0,2,0,0,0,0,0,0,0,0,0,0,0,0,0,0,0,0,6,11,13,0,0,0,0
0,0,0,0,0,0,0,0,2,0,1,0,0,0,0,0,0,0,0,0,0,0,0,0,0,0,0,0,0,0,0,0,0,0,0,0,0,0,0,0,0,0,5,0,0,0,0,0,1,0,7,0,0,0,0,0,0,0,0,0,0,0,0,0,0,0,0,0,11,0,336,0,0,0,146,0,44,0,231,0,12,0,18,0,5,0,40,0,0,0,0,0,4,0,5,0,0,0,0,0,1,4,7,0,0,0,0,0,1,0,0,0,0,0,0,0,2,0,0,0,19,0,0,0,162,0,0,0,39,0,59,0,139,0,73,0,86,0,85,0,111,0,74,0,133,0,0,5,20,0,116,0,0,0,0,0,0,0,0,1,11,0,74,0,5,0,0,0,87,0,26,0,0,0,6,0,0,0,2,0,0,0,0,0,10,0,0,0,10,0,0,0,0,0,0,0,0,0,0,0,0,0,0,0,0,0,67,0,206,0,141,0,89,22,36,0,7,0,0,0,0,2,0,0,0
0,1,0,0,0,0,0,0,0,0,0,0,0,0,0,0,0,0,0,0,0,0,0,0,0,0,0,0,0,0,0,0,0,0,0,0,0,0,0,0,0,0,0,0,0,0,0,0,0,0,0,0,0,0,0,0,0,0,0,0,0,0,0,0,0,0,0,0,0,2,0,120,0,0,0,200,0,72,0,62,0,21,0,13,0,0,1,112,0,0,0,0,0,0,0,0,0,0,0,0,0,0,0,0,0,0,0,0,0,0,0,0,0,0,0,0,0,0,0,0,0,14,0,13,27,0,0,0,0,25,14,103,0,0,0,0,0,0,0,0,11,28,0,0,0,54,0,0,0,48,0,0,0,0,0,0,0,1,0,2,0,3,0,83,0,0,0,1,0,28,0,24,0,7,0,0,0,0,0,0,0,62,0,0,0,0,0,0,0,0,1,0,0,0,0,0,0,0,0,0,0,0,0,0,0,0,0,0,0,0,3,0,6,0,8,0,0,0,70,5,12,0,1,0,0
0,0,0,0,0,0,0,0,0,0,0,0,0,0,0,0,17,0,0,0,47,0,1,0,7,0,0,0,6,0,0,0,13,0,0,0,78,0,35,0,0,0,31,0,104,0,0,0,0,0,30,0,7,0,0,0,0,0,0,0,0,0,23,0,2,0,0,0,0,0,391,0,146,0,0,0,25,0,291,0,78,0,0,0,19,0,111,0,0,0,2,0,0,0,0,0,0,0,26,0,0,0,0,0,0,0,0,0,0,0,0,0,0,0,0,0,0,0,0,0,94,0,27,0,107,29,0,14,0,0,101,0,18,11,45,0,74,0,25,2,110,0,114,2,174,2,51,0,120,16,0,4,61,11,0,0,0,0,3,0,14,0,25,8,0,0,14,0,153,0,18,0,35,0,17,0,0,0,0,0,55,8,0,0,41,0,0,0,0,0,0,0,0,0,0,0,3,0,0,0,0,0,0,0,0,0,0,0,75,0,9,0,29,0,3,0,0,0,0,0,17,0,0,0,0
0,0,0,0,0,0,0,0,0,0,0,0,0,0,0,0,0,3,0,0,0,10,0,0,0,0,0,0,0,0,0,0,0,0,0,0,0,0,0,0,0,0,0,0,0,0,0,0,0,0,0,0,0,0,0,0,0,0,0,0,0,0,0,0,0,53,0,0,0,0,0,366,0,200,0,0,0,10,0,64,0,36,0,0,0,35,0,109,0,0,0,0,0,0,0,0,0,0,5,0,0,0,0,0,0,0,0,0,0,0,0,0,0,0,0,0,0,0,0,0,0,203,0,34,0,195,0,168,0,0,58,202,13,85,0,141,0,39,18,0,0,73,0,62,0,259,0,101,0,175,0,110,0,34,0,0,0,0,4,0,28,0,0,83,0,0,0,0,3,3,0,32,0,0,0,27,0,0,0,0,24,180,0,0,0,22,0,0,0,0,0,0,0,0,0,0,0,0,0,0,0,0,0,0,0,0,0,0,0,175,0,0,0,0,0,0,0,0,31,6,11,0,0,1,0
0,0,0,0,0,0,7,0,0,0,0,0,0,0,0,0,0,0,0,0,0,0,0,0,0,0,0,0,0,0,0,0,0,0,0,0,0,0,0,0,0,0,0,0,0,0,0,0,3,0,0,0,1,0,2,0,2,0,0,0,0,0,0,0,0,0,0,0,183,0,0,0,44,0,25,0,0,0,110,0,15,0,107,0,0,0,55,0,0,0,6,0,40,0,39,0,0,0,0,0,0,0,118,0,27,0,13,0,47,0,0,0,0,0,8,0,24,0,0,0,6,0,0,0,0,3,0,0,0,0,0,0,0,0,0,0,0,0,0,0,5,0,0,0,0,0,0,0,5,0,0,0,0,2,1,0,3,0,0,0,0,0,0,0,8,0,0,0,41,0,2,0,0,0,0,0,0,0,0,0,0,0,0,0,0,0,0,0,0,0,0,0,0,0,9,0,0,0,0,0,0,0,0,0,0,0,0,0,0,0,85,0,78,0,18,7,5,0,0,0,0,0,0,0,0
0,0,0,0,0,0,0,0,0,0,0,0,0,0,0,0,0,0,0,0,0,0,0,0,0,0,0,0,0,0,0,0,0,0,0,0,0,0,0,0,0,3,0,0,0,16,0,0,0,3,0,0,0,0,0,0,0,3,0,1,0,0,0,0,0,0,0,0,0,56,0,7,0,72,0,10,0,0,0,11,0,55,0,58,0,30,0,107,0,10,0,0,0,52,0,129,0,0,4,0,0,13,0,157,0,0,0,0,0,14,0,0,0,0,0,0,0,11,0,0,0,0,0,0,0,0,0,24,0,0,0,0,0,0,0,45,0,0,0,0,0,6,0,0,0,0,0,14,1,0,0,0,0,0,0,0,0,0,0,1,0,0,0,10,0,16,0,0,0,122,0,0,0,0,0,0,0,0,0,0,0,0,0,0,0,0,0,0,0,81,0,0,0,0,0,0,0,0,0,0,0,19,0,0,0,0,0,0,0,0,0,0,0,0,29,0,0,0,81,14,107,2,7,21,3
0,0,0,0,0,0,0,0,0,0,0,0,0,0,0,0,0,0,0,0,0,0,0,0,0,0,0,0,0,0,4,0,0,0,0,0,0,0,0,0,0,0,0,0,0,0,0,0,4,0,0,0,0,0,2,0,0,0,0,0,0,0,0,0,0,0,0,0,33,0,307,0,231,0,291,0,110,0,0,0,26,0,156,0,28,0,134,0,0,0,0,0,39,0,30,0,0,0,2,0,7,0,46,0,0,0,0,0,8,0,0,0,0,0,0,0,1,0,0,0,76,0,7,0,0,0,0,0,0,0,42,6,0,0,0,0,61,9,0,0,70,0,101,0,89,0,39,0,0,0,0,0,0,0,0,0,1,0,0,0,12,0,13,0,0,0,0,0,18,0,8,0,12,0,0,0,0,0,0,0,0,0,0,0,0,0,0,0,43,0,19,0,95,0,0,0,0,0,0,0,0,0,0,0,74,0,0,0,0,2,282,11,66,0,34,0,4,0,0,0,0,3,0,0,0
