0,374,34,212,87,75,45,0,144,0,143,86,131,0,9,101,114,75,26,0,18,3,43,109,71,160,35,0,42,3,0,0,63,0,0,0,79,0,759,0,0,0,0,0,12,0,22,0,8,0,0,0,19,0,0,0,0,0,7,0,160,0,170,11,73,0,35,0,0,0,0,0,0,0,0,0,0,0,0,0,0,0,0,0,0,0,0,0,0,0,0,0,0,0,0,0,0,0,0,0,0,0,3,0,0,0,0,0,0,0,0,0,0,0,0,0,0,0,0,0,0,0,0,0,72,0,98,0,0,0,91,0,0,0,26,0,8,0,0,0,0,0,0,0,5,0,52,0,140,1,61,0,68,0,4,0,0,0,0,0,0,1,9,0,19,0,24,0,24,0,125,0,534,0,0,0,429,69,51,0,22,0,48,0,106,0,5,0,0,0,0,0,0,0,0,0,0,0,0,0,0,0,0,0,0,0,0,0,37,0,834,91,399,113,274,0,0,0,0,0,0,0,0,0,0
374,0,267,30,0,277,310,27,127,80,0,216,0,67,0,52,102,105,0,89,0,16,93,77,544,85,0,95,0,29,0,0,0,31,0,7,0,69,0,225,0,18,0,0,0,60,0,26,0,0,0,0,17,60,27,64,0,11,0,13,0,513,58,317,0,104,0,57,0,0,0,0,0,0,0,0,0,0,0,0,0,0,0,0,0,27,0,0,0,0,0,0,0,0,0,0,0,0,0,14,0,0,0,0,0,0,0,0,0,0,0,0,0,0,0,0,0,0,0,1,0,0,0,0,0,43,0,80,0,0,0,34,0,0,0,118,0,216,0,16,0,40,0,117,0,0,0,0,0,100,0,0,0,73,0,36,0,30,0,0,0,27,0,12,0,0,0,0,0,22,1,67,0,145,0,0,150,472,0,17,0,40,25,25,0,82,0,5,0,0,0,0,0,0,0,0,0,0,0,0,0,0,0,0,0,0,0,31,0,133,0,0,0,0,427,0,0,0,1288,134,292,265,4,3,0
34,267,0,194,334,266,92,0,13,0,99,186,319,0,225,233,224,63,60,0,81,0,527,122,302,0,82,0,345,0,149,0,325,0,13,0,77,0,1029,10,34,0,0,0,0,0,24,0,6,0,0,0,0,0,33,0,0,1,12,0,55,0,110,0,21,0,0,0,0,0,0,0,0,0,0,0,0,0,0,0,0,0,0,0,0,0,0,0,0,0,0,0,0,0,0,0,0,0,0,0,0,0,0,0,0,0,0,0,0,0,0,0,0,0,0,0,0,0,0,0,0,0,0,0,111,0,201,0,15,0,91,0,26,0,209,0,119,0,0,0,0,0,0,0,0,0,78,0,95,0,116,0,69,0,0,0,0,0,0,0,40,0,0,0,0,0,0,0,51,0,0,0,453,0,0,0,185,92,6,9,0,0,3,0,20,0,3,0,2,0,0,0,0,0,0,0,2,0,0,0,22,0,0,0,0,0,0,0,119,0,924,87,760,159,391,0,7,0,4,0,0,0,0,0,0
212,30,194,0,27,81,0,34,0,5,13,34,0,3,0,376,80,115,0,123,9,0,104,232,165,58,0,0,0,97,0,11,0,0,0,0,0,53,8,322,0,0,0,0,0,0,0,0,0,0,0,0,0,0,4,130,0,0,0,17,0,187,0,58,0,34,0,6,0,0,0,0,0,0,0,0,0,0,0,0,0,0,0,0,0,0,0,0,0,0,0,0,0,0,0,0,0,0,0,0,0,0,0,0,0,0,0,0,0,0,0,0,0,0,0,0,0,0,0,0,0,6,0,0,0,92,0,179,0,58,0,78,0,0,0,0,0,153,0,0,0,0,0,0,0,0,0,42,0,51,0,50,0,15,0,0,0,0,0,0,0,15,0,6,0,0,0,0,0,7,0,32,1,107,0,0,42,74,0,5,0,0,26,0,0,0,0,0,0,0,0,0,0,0,0,1,0,0,0,0,0,0,0,0,0,0,0,0,0,183,0,0,0,0,137,0,0,0,623,31,399,85,0,0,0
87,0,334,27,0,417,54,0,47,0,135,108,814,0,257,235,38,0,76,493,241,115,132,45,0,0,194,124,0,0,414,0,801,0,205,0,332,0,331,0,80,0,0,0,16,0,59,0,6,0,0,0,0,0,0,0,0,0,0,0,0,0,0,0,0,0,0,0,0,0,0,0,0,0,0,0,0,0,0,0,0,0,0,0,0,0,0,0,0,0,0,0,0,0,0,0,0,0,0,0,0,0,0,0,0,0,0,0,0,0,0,0,0,0,0,0,0,0,0,0,0,0,0,0,46,0,71,0,0,0,0,0,0,0,35,0,0,0,0,0,0,0,0,0,0,0,28,0,82,0,42,0,69,0,0,0,0,0,0,0,0,0,0,0,68,0,190,2,284,0,27,0,245,0,0,0,531,128,134,4,53,0,56,0,64,0,10,6,0,0,0,0,0,0,0,0,0,0,0,0,0,0,0,0,0,0,0,0,0,0,1046,401,1065,114,281,0,0,0,0,0,0,0,0,0,0
75,277,266,81,417,0,0,112,3,7,98,167,0,378,727,212,37,27,164,336,200,158,228,118,0,12,0,362,0,166,0,228,35,463,0,227,0,259,0,204,0,65,0,0,0,147,0,182,0,11,0,38,0,0,0,11,0,8,0,6,0,58,0,14,0,21,0,11,0,0,0,0,0,0,0,0,0,0,0,0,0,0,0,7,0,0,0,0,0,0,0,0,0,0,0,0,0,0,0,0,0,0,0,0,0,0,0,0,0,0,0,0,0,0,0,0,0,0,0,0,0,0,0,0,0,0,0,0,0,0,0,0,0,0,0,0,0,0,0,0,0,0,0,0,0,0,0,0,0,0,0,0,0,0,0,0,0,0,0,0,0,0,0,0,0,12,0,84,0,64,0,43,0,108,0,0,117,649,27,41,0,119,0,0,0,0,0,55,0,0,0,0,0,0,0,0,0,0,0,0,0,0,0,0,0,0,0,0,0,0,0,0,0,0,178,0,0,0,958,229,673,0,0,0,0
45,310,92,0,54,0,0,0,31,126,29,0,51,0,6,0,14,43,7,0,4,0,26,24,447,205,0,0,0,0,0,1,0,0,0,0,0,0,47,0,0,0,0,0,0,0,0,0,21,0,0,0,111,10,259,41,13,0,14,0,244,0,374,49,7,0,6,0,0,0,0,0,0,0,0,0,0,0,0,0,0,0,0,0,0,0,0,0,0,0,0,0,0,0,0,0,0,0,0,0,0,0,0,0,0,0,0,0,0,0,0,0,0,0,0,0,0,0,0,0,0,0,0,0,82,0,108,0,10,0,188,0,13,0,25,0,9,0,0,0,0,0,0,0,0,0,18,0,0,0,20,0,0,0,4,0,0,0,0,0,25,0,6,0,40,0,0,0,25,0,324,0,315,0,0,0,68,56,3,0,0,0,5,0,0,0,0,0,0,0,0,0,0,0,0,0,0,0,0,0,0,0,0,0,0,0,0,0,28,0,798,57,523,528,704,1,24,0,0,0,0,0,0,0,0
0,27,0,34,0,112,0,0,0,14,0,16,0,4,0,19,7,194,0,28,0,9,0,12,123,154,0,0,0,7,1,0,0,0,0,0,0,0,0,0,0,0,0,0,0,0,0,0,0,1,0,0,39,132,57,510,0,30,0,19,0,195,37,285,0,15,0,18,0,0,0,0,0,0,0,0,0,3,0,0,0,0,0,0,0,0,0,0,0,0,0,0,0,1,0,0,0,0,0,0,0,0,0,0,0,0,0,0,0,0,0,0,0,0,0,0,0,0,0,0,0,0,0,0,0,97,0,126,0,35,0,76,0,0,0,0,0,42,0,0,0,0,0,0,0,0,0,0,0,0,0,0,0,0,0,16,0,50,0,0,0,31,0,0,0,0,0,9,0,34,2,106,0,179,0,0,38,51,0,0,0,0,5,0,0,0,0,0,0,0,0,0,0,0,0,0,0,0,0,0,0,0,0,0,0,0,0,42,0,89,0,2,0,0,604,0,0,0,695,58,354,484,0,13,0
144,127,13,0,47,3,31,0,0,361,56,0,39,0,21,0,0,34,0,0,0,0,1,5,88,216,34,0,3,0,0,0,0,0,0,0,0,0,19,0,0,0,1,0,0,0,0,0,10,0,12,0,445,60,145,201,3,0,84,51,244,0,299,52,143,0,152,39,0,0,0,0,0,0,0,0,0,0,0,0,0,0,0,0,0,0,0,0,0,0,2,0,0,0,0,0,0,0,0,0,0,0,0,0,0,0,0,0,0,0,0,0,0,0,0,0,0,0,0,0,0,0,0,0,71,0,55,0,0,0,124,0,0,0,12,0,0,0,0,0,0,0,0,0,0,0,41,0,185,0,51,0,50,0,28,0,31,0,2,0,16,0,0,0,18,0,0,0,18,0,225,0,127,0,0,0,511,124,15,0,0,0,23,0,106,6,0,0,0,0,0,0,0,0,0,0,0,0,0,0,0,0,0,0,0,0,0,0,20,0,735,108,352,334,376,0,10,0,0,0,0,0,0,0,0
0,80,0,5,0,7,126,14,361,0,0,33,0,0,0,8,0,5,0,10,0,5,0,0,77,48,1,14,0,0,0,6,0,0,0,0,0,0,0,0,0,0,0,0,0,6,0,0,0,0,0,0,174,127,294,174,27,36,138,133,1,106,11,108,0,301,93,195,0,0,0,0,0,0,0,0,0,0,0,0,0,0,0,0,0,0,0,0,0,0,0,0,0,0,0,0,0,0,0,0,0,0,0,0,0,0,0,0,0,0,0,0,0,0,0,0,0,0,0,0,0,26,0,0,0,44,0,64,0,0,0,81,0,0,0,54,0,67,0,9,0,0,0,74,0,0,0,27,0,94,0,28,0,31,6,55,0,145,0,13,0,29,0,0,1,0,0,0,0,31,0,202,0,59,0,0,111,411,0,5,0,10,0,12,0,120,0,0,0,0,0,0,0,0,0,0,0,0,0,3,0,0,0,0,0,0,0,18,0,71,4,0,0,0,401,0,0,0,578,112,266,0,0,13,0
143,0,99,13,135,98,29,0,56,0,0,32,243,0,23,96,18,0,12,82,91,17,22,22,0,0,22,0,0,0,103,0,268,0,10,0,115,0,89,0,22,0,0,0,21,0,32,0,0,0,5,0,0,0,0,0,0,0,2,0,0,0,0,0,0,0,4,0,0,0,0,0,0,0,2,0,0,0,0,0,0,0,0,0,0,0,0,0,0,0,0,0,0,0,0,0,0,0,0,0,0,0,0,0,0,0,0,0,0,0,0,0,0,0,0,0,0,0,0,0,0,0,0,0,0,0,0,0,0,0,0,0,0,0,0,0,0,0,0,0,0,0,0,0,0,0,0,0,22,0,0,0,42,0,0,0,0,0,0,0,0,0,2,0,0,0,33,0,24,0,0,0,53,0,31,0,181,28,95,0,49,0,59,0,40,0,4,0,0,0,0,0,0,0,0,0,0,0,0,0,0,0,0,0,0,0,0,0,4,0,229,116,157,8,56,0,0,0,0,0,0,0,0,0,0
86,216,186,34,108,167,0,16,0,33,32,0,0,299,167,22,47,68,0,37,39,31,103,80,42,15,0,83,0,86,0,82,0,264,0,29,0,131,0,208,0,60,0,7,0,72,0,51,0,11,0,0,0,0,0,11,0,0,0,0,0,144,0,48,0,0,0,7,0,0,0,0,0,0,0,0,0,0,0,0,0,0,0,0,0,6,0,0,0,0,0,0,0,0,0,0,0,0,0,0,0,0,0,0,0,0,0,0,0,0,0,0,0,0,0,0,0,0,0,0,0,0,0,0,0,0,0,0,0,0,0,0,0,0,0,0,0,0,0,0,0,0,0,0,0,0,0,0,0,0,0,0,0,265,0,11,0,0,0,0,0,0,0,0,0,0,0,0,0,0,0,0,0,28,0,232,63,512,0,27,0,254,2,72,0,124,0,39,0,0,0,0,0,0,0,0,0,0,0,0,0,0,0,0,0,0,0,0,0,10,0,0,0,0,57,0,0,0,443,119,138,0,0,1,0
131,0,319,0,814,0,51,0,39,0,243,0,0,230,45,0,0,0,37,351,58,55,0,0,0,0,119,631,0,0,9,0,0,0,163,0,24,0,0,0,195,150,170,0,63,69,100,414,22,0,445,0,0,0,0,0,0,0,0,0,0,0,0,0,10,0,0,0,0,0,0,0,0,0,0,0,0,0,0,0,0,0,0,0,0,0,0,0,0,0,0,0,0,0,0,0,0,0,0,0,0,0,0,0,0,0,0,0,0,0,0,0,0,0,0,0,0,0,0,0,0,0,0,0,0,0,0,0,0,0,0,0,0,0,0,0,0,0,0,0,0,0,0,0,0,0,13,0,0,0,0,0,0,0,0,0,0,0,0,0,0,0,0,0,70,0,10,0,0,0,0,0,0,0,0,0,368,121,169,0,0,0,17,0,30,0,187,0,0,0,0,0,0,0,3,0,2,0,0,0,0,0,0,0,0,0,0,0,0,0,65,133,379,0,0,0,0,0,0,0,0,0,0,0,0
0,67,0,3,0,378,0,4,0,0,0,299,230,0,156,0,0,0,588,46,101,68,0,0,0,0,159,142,0,0,0,17,0,0,0,171,0,82,0,4,0,266,0,155,0,88,0,202,0,20,0,242,0,0,0,1,0,1,0,0,0,0,0,0,0,0,0,0,0,0,0,0,0,0,0,0,0,0,0,0,0,0,0,0,0,0,0,0,0,0,0,0,0,0,0,0,0,0,0,0,0,0,0,0,0,0,0,0,0,0,0,0,0,0,0,0,0,0,0,0,0,0,0,0,0,0,0,0,0,0,0,0,0,0,0,0,0,0,0,0,0,0,0,0,0,0,0,0,0,0,0,0,0,0,0,0,0,0,0,0,0,0,0,0,0,13,0,16,0,67,0,0,0,0,0,0,42,665,0,54,0,62,0,18,0,0,0,46,0,0,0,0,0,0,0,0,0,0,0,0,0,0,0,0,0,0,0,0,0,0,0,0,0,0,0,0,0,0,128,103,308,37,0,0,0
9,0,225,0,257,727,6,0,21,0,23,167,45,156,0,346,103,0,172,696,215,196,192,60,54,0,115,101,22,0,376,0,302,0,71,28,105,0,9,0,0,0,0,0,28,9,10,0,0,0,28,0,0,0,27,0,0,0,0,0,0,0,0,0,0,0,0,0,0,0,0,0,0,0,0,0,0,0,0,0,0,0,0,0,0,0,0,0,0,0,0,0,0,0,0,0,0,0,0,0,0,0,0,0,0,0,0,0,0,0,0,0,0,0,0,0,0,0,0,0,0,0,0,0,80,0,131,0,0,0,46,0,0,0,228,0,122,0,0,0,0,0,0,0,0,0,68,0,135,0,141,0,146,0,26,0,0,0,0,0,0,0,0,0,10,0,162,0,127,0,0,0,65,0,0,0,160,147,26,0,0,0,8,0,93,0,0,26,0,0,0,0,0,0,0,0,2,0,0,0,0,0,0,0,0,0,0,0,127,0,249,105,294,21,71,0,0,0,0,0,0,0,0,0,0
101,52,233,376,235,212,0,19,0,8,96,22,0,0,346,0,59,47,15,208,100,176,211,240,58,58,0,39,0,124,24,68,20,120,7,0,0,27,0,78,0,0,0,6,0,0,0,0,0,0,0,0,0,0,0,87,0,0,0,0,0,24,0,0,0,20,0,7,0,0,0,0,0,0,0,0,0,0,0,0,0,0,0,0,0,18,0,0,0,0,0,0,0,0,0,0,0,0,0,0,0,0,0,0,0,0,0,4,0,0,0,0,0,0,0,0,0,0,0,0,0,0,0,0,0,44,0,166,0,0,0,0,0,0,0,125,0,333,0,26,0,0,0,89,0,0,0,21,0,29,0,0,0,9,0,0,0,0,0,0,0,7,0,0,0,4,0,28,0,11,0,18,0,56,0,0,47,51,14,44,0,0,11,0,0,0,0,0,0,0,0,0,0,0,0,0,0,0,0,0,0,0,0,0,0,0,0,60,0,277,0,0,0,0,44,0,0,0,251,51,151,0,0,0,0
114,102,224,80,38,37,14,7,0,0,18,47,0,0,103,59,0,25,71,0,469,0,85,43,164,58,0,0,233,3,92,0,21,0,25,0,6,0,257,0,0,0,27,0,0,0,0,0,3,0,7,0,130,0,51,0,33,0,0,0,18,0,228,5,0,0,0,0,0,0,0,0,0,0,0,0,0,0,0,0,0,0,0,0,301,0,0,0,0,0,0,0,0,0,0,0,155,0,0,0,0,0,0,0,72,0,147,0,0,0,0,0,0,0,0,0,0,0,0,0,29,0,63,0,0,0,0,0,0,0,0,0,170,0,216,0,550,0,62,0,90,1,679,0,0,0,0,0,0,0,0,0,10,0,72,0,2,0,38,0,0,0,0,0,0,0,0,0,0,0,0,0,61,0,5,0,34,5,0,0,0,0,25,0,0,0,0,0,0,0,0,0,0,0,0,0,0,0,0,0,49,0,0,0,0,0,0,0,0,0,140,67,72,19,31,0,0,0,0,0,0,0,0,0,0
75,105,63,115,0,27,43,194,34,5,0,68,0,0,0,47,25,0,0,14,0,103,21,84,110,39,0,0,0,138,0,15,0,43,0,4,0,0,4,233,0,0,0,0,0,0,0,0,0,0,0,0,8,52,9,158,0,132,0,16,5,110,12,491,0,0,0,0,0,0,0,0,0,0,0,0,0,0,0,0,0,9,0,0,0,18,0,0,0,0,0,0,0,0,0,0,0,0,0,0,0,0,0,0,0,0,0,4,0,0,0,0,0,0,0,0,0,0,0,0,0,0,0,1,0,0,0,176,0,409,0,0,0,86,0,244,0,747,0,246,0,58,0,197,0,0,0,0,0,0,0,0,0,0,0,38,0,0,0,36,0,0,0,0,0,0,0,7,0,9,0,10,0,52,0,0,7,0,0,75,0,0,7,0,0,0,0,0,0,0,0,0,0,0,0,0,0,0,0,0,0,0,0,0,0,0,0,0,0,353,0,0,0,0,42,0,0,0,66,85,110,22,0,0,0
26,0,60,0,76,164,7,0,0,0,12,0,37,588,172,15,71,0,0,780,164,140,149,0,49,0,108,636,0,0,21,0,16,0,163,0,49,0,0,0,3,93,30,0,29,29,2,150,2,0,301,34,0,0,14,0,0,0,0,0,0,0,0,0,0,0,0,0,0,0,0,0,0,0,0,0,0,0,0,0,0,0,0,0,86,0,0,0,0,0,0,0,0,0,0,0,0,0,0,0,0,0,0,0,0,0,0,0,0,0,0,0,0,0,0,0,0,0,0,0,0,0,0,0,0,0,0,0,0,0,0,0,0,0,0,0,0,0,0,0,0,0,0,0,0,0,0,0,0,0,0,0,57,0,11,0,0,0,0,0,0,0,0,0,70,0,49,0,130,0,0,0,26,0,0,0,163,65,48,0,0,0,17,0,49,0,7,28,0,0,0,0,0,0,0,0,2,0,0,0,0,0,0,0,0,0,0,0,0,0,94,93,355,0,0,0,0,0,0,0,0,0,0,0,0
0,89,0,123,493,336,0,28,0,10,82,37,351,46,696,208,0,14,780,0,252,282,0,124,1,0,139,265,0,0,0,343,0,161,0,214,0,231,0,0,0,2,0,22,12,23,0,16,2,13,0,88,0,0,0,0,0,0,0,0,0,0,0,12,0,36,0,0,0,0,0,0,0,0,0,0,0,0,0,0,0,0,0,0,0,0,0,0,0,0,0,0,0,0,0,0,0,0,0,0,0,0,0,0,0,0,0,0,0,0,0,0,0,0,0,0,0,0,0,0,0,0,0,0,0,34,0,0,0,0,0,0,0,0,0,0,0,0,0,0,0,0,0,0,0,0,0,0,0,24,0,0,0,0,0,0,0,0,0,0,0,0,0,0,0,5,0,88,0,0,0,0,0,42,0,0,53,210,31,15,0,0,0,0,0,0,0,66,0,0,0,0,0,0,0,0,0,0,0,0,0,0,0,0,0,0,0,0,0,0,0,0,0,0,0,0,0,0,264,162,271,16,0,1,0
18,0,81,9,241,200,4,0,0,0,91,39,58,101,215,100,469,0,164,252,0,90,147,13,75,0,130,68,55,0,102,0,56,0,96,0,50,0,10,0,0,0,45,0,112,0,2,0,0,0,132,0,31,0,34,0,0,0,0,0,2,0,161,0,0,0,0,0,0,0,136,0,0,0,97,0,0,0,0,0,80,0,0,0,696,0,165,0,0,0,167,0,0,0,0,0,547,0,458,0,0,0,0,0,0,0,0,0,0,0,0,0,0,0,0,0,0,0,0,0,220,0,253,0,0,0,0,0,0,0,10,0,0,0,0,0,303,0,0,0,123,0,843,0,133,0,0,0,0,0,0,0,0,0,30,0,0,0,0,0,0,0,22,0,57,0,190,0,146,0,0,0,120,0,0,0,37,0,76,0,0,0,0,0,0,0,0,0,12,0,0,0,0,0,0,0,3,0,0,0,0,0,0,0,0,0,0,0,0,0,358,117,445,27,111,0,0,0,0,0,0,0,0,0,0
3,16,0,0,115,158,0,9,0,5,17,31,55,68,196,176,0,103,140,282,90,0,0,188,0,56,18,203,0,62,0,26,0,24,0,19,7,30,0,22,0,4,0,35,0,23,0,0,0,6,7,24,0,6,0,33,0,0,0,0,0,11,0,77,0,0,0,0,0,0,0,1,0,0,0,0,0,0,0,0,0,0,0,0,0,58,0,0,0,0,0,0,0,0,0,0,0,0,0,0,0,0,0,0,0,0,0,0,0,0,0,0,0,0,0,0,0,0,0,0,0,0,0,0,0,0,0,0,0,0,0,0,0,0,0,0,0,513,0,242,0,429,0,652,0,34,0,0,0,0,0,0,0,0,0,11,0,0,0,0,0,0,0,0,0,8,0,67,0,58,0,0,0,59,0,0,3,37,10,39,0,0,0,0,0,0,0,98,0,2,0,0,0,0,0,0,0,0,0,0,0,0,0,0,0,0,0,0,0,0,0,0,0,0,145,0,0,0,490,257,392,40,0,0,0
43,93,527,104,132,228,26,0,1,0,22,103,0,0,192,211,85,21,149,0,147,0,0,105,202,9,99,0,50,7,54,0,51,5,0,0,6,0,36,0,0,0,1,0,74,0,0,0,0,0,0,0,22,0,118,0,0,0,0,0,0,0,13,0,8,0,0,0,0,0,0,0,0,0,0,0,0,0,0,0,0,0,0,0,84,0,0,0,0,0,0,0,0,0,0,0,0,0,0,0,0,0,0,0,0,0,51,0,0,0,0,0,0,0,0,0,0,0,0,0,0,0,0,0,89,0,87,0,0,0,0,0,96,0,354,0,293,0,0,0,0,0,224,0,3,0,42,0,38,0,96,0,58,0,25,0,0,0,0,0,0,0,0,0,0,0,0,0,0,0,0,0,15,0,0,0,79,35,0,0,0,0,23,0,0,0,0,0,0,0,0,0,0,0,0,0,1,0,0,0,26,0,0,0,0,0,0,0,137,0,122,40,42,0,0,0,0,0,0,2,0,0,0,0,0
109,77,122,232,45,118,24,12,5,0,22,80,0,0,60,240,43,84,0,124,13,188,105,0,106,107,0,43,0,66,0,18,0,25,0,5,0,12,0,52,0,0,0,0,0,10,0,0,0,5,0,0,0,5,0,120,0,0,0,0,0,34,6,79,0,13,0,0,0,0,0,0,0,0,0,0,0,0,0,0,0,0,0,0,0,46,0,0,0,0,0,0,0,0,0,0,0,0,0,0,0,0,0,0,0,0,0,0,0,0,0,0,0,0,0,0,0,0,0,0,0,0,0,0,0,0,0,133,0,140,0,0,0,0,0,291,0,570,0,75,0,39,0,250,0,0,0,0,0,0,0,0,0,0,0,0,0,0,0,0,0,0,0,0,0,0,0,7,0,0,0,10,0,27,0,1,10,19,0,131,1,0,0,5,0,5,0,0,0,0,0,0,0,0,0,0,0,0,0,0,0,0,0,0,0,0,0,0,0,278,0,0,0,0,47,0,0,0,340,122,120,0,0,0,0
71,544,302,165,0,0,447,123,88,77,0,42,0,0,54,58,164,110,49,1,75,0,202,106,0,298,54,0,51,0,0,0,0,0,0,0,0,0,28,10,0,0,0,0,0,0,0,0,0,0,0,0,66,9,159,17,56,0,0,0,8,0,14,45,0,0,0,0,0,0,0,0,0,0,0,0,0,0,0,0,0,0,0,0,36,0,0,0,0,0,5,0,0,0,0,0,0,0,0,0,0,0,0,0,0,0,0,0,0,0,0,0,0,0,0,0,0,0,0,0,2,0,0,0,99,0,49,0,135,0,44,1,177,0,347,0,377,0,5,0,0,0,237,0,0,0,18,0,0,0,0,0,11,0,30,0,0,0,10,0,11,0,0,0,0,0,0,0,0,0,30,0,32,0,0,0,94,32,0,0,0,0,15,0,0,0,0,0,0,0,0,0,0,0,0,0,0,0,0,0,0,0,0,0,0,0,0,0,133,0,65,17,52,0,63,0,4,0,0,0,0,0,0,0,0
160,85,0,58,0,12,205,154,216,48,0,15,0,0,0,58,58,39,0,0,0,56,9,107,298,0,0,0,0,32,0,0,0,0,0,0,0,0,0,35,0,0,0,0,0,0,0,0,0,0,0,0,32,16,63,268,0,48,9,26,0,99,55,173,0,13,0,0,0,0,0,0,0,0,0,0,0,0,0,0,0,0,0,0,0,10,0,0,0,0,0,0,0,0,0,0,0,0,0,5,0,6,0,0,0,0,0,0,0,0,0,0,0,0,0,0,0,0,0,0,0,2,0,0,0,44,0,178,0,90,0,75,0,28,0,87,0,190,0,15,0,0,0,33,0,0,0,25,0,0,0,0,0,0,0,4,0,0,0,0,0,5,0,0,0,3,0,0,0,0,0,14,7,50,0,0,34,58,0,0,0,0,12,11,0,0,0,0,0,0,0,0,0,0,0,1,0,0,0,0,0,0,0,0,0,0,0,51,0,275,0,1,0,0,136,0,0,0,226,37,81,124,0,0,0
35,0,82,0,194,0,0,0,34,1,22,0,119,159,115,0,0,0,108,139,130,18,99,0,54,0,0,328,0,0,15,0,0,0,27,0,28,0,0,0,19,163,256,0,86,67,52,392,29,20,261,8,0,0,0,0,0,0,0,0,0,0,0,0,0,0,0,0,0,0,0,0,0,0,0,0,0,0,0,0,0,0,0,0,0,0,0,0,0,0,0,0,0,0,0,0,0,0,0,0,0,0,0,0,0,0,0,0,0,0,0,0,0,0,0,0,0,0,0,0,0,0,0,0,0,0,0,0,0,0,0,0,0,0,0,0,0,0,0,0,0,0,0,0,0,0,0,0,0,0,0,0,45,0,0,0,0,0,0,0,0,0,0,0,88,0,0,0,0,0,0,0,0,0,0,0,48,51,27,0,0,0,25,0,0,0,74,0,0,0,0,0,0,0,0,0,1,0,0,0,0,0,0,0,0,0,0,0,0,0,0,279,349,7,0,0,0,11,0,0,0,0,0,0,0
0,95,0,0,124,362,0,0,0,14,0,83,631,142,101,39,0,0,636,265,68,203,0,43,0,0,328,0,0,0,0,6,0,8,0,80,0,0,0,14,62,17,36,206,36,205,9,92,0,30,0,316,0,0,0,0,0,0,0,0,0,5,0,0,0,0,0,0,0,2,0,0,0,0,0,0,0,0,0,0,0,0,0,0,0,0,0,0,0,0,0,0,0,0,0,0,0,0,0,0,0,0,0,0,0,0,0,0,0,0,0,0,0,0,0,0,0,0,0,0,0,0,0,0,0,0,0,0,0,0,0,0,0,0,0,0,0,0,0,0,0,189,0,0,0,32,0,0,0,0,0,0,0,0,0,0,0,0,0,0,0,0,0,0,0,72,0,35,0,100,0,0,0,0,0,0,37,209,7,0,0,15,0,0,0,0,32,24,0,0,0,0,0,0,0,0,0,0,0,0,0,0,0,0,0,0,0,0,0,0,0,0,0,0,0,0,0,0,174,305,482,53,0,0,0
42,0,345,0,0,0,0,0,3,0,0,0,0,0,22,0,233,0,0,0,55,0,50,0,51,0,0,0,0,0,59,0,10,0,27,0,36,0,27,0,0,0,65,0,0,0,0,0,0,0,19,0,12,0,0,0,0,0,0,0,6,0,79,0,0,0,0,0,0,0,15,0,0,0,0,0,0,0,0,0,9,0,0,0,153,0,0,0,0,0,40,0,0,0,0,0,0,0,0,0,0,0,0,0,0,0,0,0,0,0,0,0,0,0,0,0,0,0,0,0,49,0,74,0,0,0,0,0,0,0,0,0,0,0,0,0,158,0,101,0,161,0,327,0,45,0,0,0,0,0,0,0,0,0,21,0,16,0,16,0,5,0,0,0,0,0,0,0,0,0,0,0,0,0,0,0,0,0,0,0,0,0,5,0,0,0,0,0,0,0,0,0,0,0,0,0,0,0,0,0,0,0,0,0,0,0,0,0,0,0,45,4,0,0,0,0,0,0,0,0,0,0,0,0,0
3,29,0,97,0,166,0,7,0,0,0,86,0,0,0,124,3,138,0,0,0,62,7,66,0,32,0,0,0,0,0,43,0,41,0,34,0,0,0,24,0,0,0,0,0,0,0,0,0,0,0,6,0,22,0,17,0,15,0,0,0,9,0,184,0,7,0,2,0,0,0,0,0,0,0,0,0,0,0,0,0,0,0,0,0,0,0,0,0,0,0,0,0,0,0,0,0,0,0,0,0,0,0,0,0,0,0,0,0,0,0,0,0,0,0,0,0,0,0,0,0,0,0,0,0,0,0,0,0,183,0,0,0,0,0,184,0,450,0,215,0,192,0,339,0,13,0,0,0,0,0,0,0,0,0,0,0,0,0,0,0,0,0,0,0,0,0,1,0,0,0,0,0,0,0,0,0,0,0,70,0,0,0,2,0,0,0,0,0,0,0,0,0,0,0,0,0,0,0,0,0,0,0,0,0,0,0,0,0,129,0,0,0,0,9,0,0,0,67,26,22,0,0,0,0
0,0,149,0,414,0,0,1,0,0,103,0,9,0,376,24,92,0,21,0,102,0,54,0,0,0,15,0,59,0,0,0,10,0,74,0,74,0,5,0,0,0,69,0,0,0,0,0,0,0,52,0,6,0,2,0,0,0,0,0,2,0,39,0,0,0,0,0,0,0,27,0,0,0,0,0,0,0,0,0,11,0,0,0,169,0,0,0,0,0,0,0,0,0,0,0,0,0,0,0,0,0,0,0,0,0,0,0,0,0,0,0,0,0,0,0,0,0,0,0,0,0,0,0,0,0,0,0,0,0,0,0,0,0,0,0,0,0,0,0,50,0,250,0,48,0,0,0,0,0,0,0,0,0,12,0,1,0,0,0,0,0,0,0,5,0,45,0,21,0,0,0,22,0,0,0,48,0,66,0,0,0,0,0,0,0,0,0,0,0,0,0,0,0,0,0,0,0,0,0,0,0,0,0,0,0,0,0,0,0,56,29,55,9,0,0,0,0,0,0,0,0,0,0,0
0,0,0,11,0,228,1,0,0,6,0,82,0,17,0,68,0,15,0,343,0,26,0,18,0,0,0,6,0,43,0,0,0,7,0,8,0,15,0,49,0,0,0,8,0,0,0,0,0,1,0,8,0,5,0,0,0,0,0,0,0,10,0,30,0,0,0,0,0,0,0,0,0,0,0,0,0,0,0,0,0,0,0,0,0,0,0,0,0,0,0,0,0,0,0,0,0,0,0,0,0,0,0,0,0,0,0,0,0,0,0,0,0,0,0,0,0,0,0,0,0,0,0,0,0,0,0,0,0,0,0,0,0,0,0,0,0,0,0,82,0,114,0,130,0,0,0,0,0,0,0,0,0,0,0,6,0,0,0,0,0,0,0,0,0,0,0,41,0,0,0,0,0,15,0,0,0,31,0,43,0,0,0,0,0,0,0,31,0,0,0,0,0,0,0,0,0,0,0,0,0,0,0,0,0,0,0,0,0,0,0,0,0,0,19,0,0,0,109,37,118,19,0,0,0
63,0,325,0,801,35,0,0,0,0,268,0,0,0,302,20,21,0,16,0,56,0,51,0,0,0,0,0,10,0,10,0,0,0,33,0,80,0,2,0,0,0,63,0,48,0,0,0,3,0,45,0,0,0,0,0,0,0,0,0,7,0,12,0,0,0,0,0,0,0,0,0,0,0,0,0,0,0,0,0,0,0,0,0,0,0,0,0,0,0,0,0,0,0,0,0,27,0,0,0,0,0,0,0,0,0,0,0,0,0,0,0,0,0,0,0,0,0,0,0,6,0,0,0,0,0,0,0,0,0,0,0,0,0,0,0,0,0,27,0,0,0,0,0,0,0,0,0,0,0,0,0,35,0,6,0,15,0,0,0,0,0,0,0,0,0,46,0,11,0,0,0,27,0,0,0,69,0,55,0,0,0,26,0,0,0,0,0,0,0,1,0,0,0,0,0,0,0,0,0,0,0,0,0,0,0,0,0,0,0,36,9,59,0,18,0,0,0,0,0,0,0,0,0,0
0,31,0,0,0,463,0,0,0,0,0,264,0,0,0,120,0,43,0,161,0,24,5,25,0,0,0,8,0,41,0,7,0,0,0,102,0,185,0,28,0,0,0,9,0,0,0,0,0,0,0,24,0,0,0,6,0,0,0,0,0,22,0,19,0,0,0,0,0,0,0,0,0,0,0,0,0,0,0,0,0,0,0,0,0,8,0,0,0,0,0,0,0,0,0,0,0,0,0,0,0,0,0,0,0,0,0,0,0,0,0,0,0,0,0,0,0,0,0,0,0,0,0,0,0,0,0,0,0,0,0,0,0,0,0,0,0,0,0,114,0,148,0,103,0,39,0,0,0,0,0,0,0,0,0,0,0,30,0,0,0,0,0,0,0,0,0,57,0,0,0,0,0,11,0,0,3,57,0,220,0,0,0,0,0,0,0,38,0,0,0,0,0,0,0,0,0,0,0,0,0,0,0,0,0,0,0,0,0,0,0,0,0,0,0,0,0,0,0,0,43,0,0,0,0
0,0,13,0,205,0,0,0,0,0,10,0,163,0,71,7,25,0,163,0,96,0,0,0,0,0,27,0,27,0,74,0,33,0,0,0,202,0,4,0,0,0,30,0,0,0,0,0,0,0,114,0,0,0,0,0,0,0,0,0,0,0,10,0,0,0,0,0,0,0,0,0,5,0,0,0,0,0,0,0,0,0,0,0,0,0,0,0,0,0,0,0,0,0,0,0,0,0,25,0,0,0,0,0,0,0,0,0,0,0,0,0,0,0,0,0,0,0,0,0,0,0,0,0,0,0,0,0,0,0,2,0,0,0,0,0,0,0,0,0,0,0,0,0,0,0,0,0,0,0,0,0,0,0,2,0,0,0,0,0,0,0,4,0,20,0,34,0,0,0,4,0,11,0,0,0,0,0,256,0,0,0,4,0,0,0,9,4,0,0,0,0,0,0,0,0,0,0,0,0,0,0,0,0,0,0,0,0,0,0,0,14,56,0,0,0,0,2,0,0,0,0,0,0,0
0,7,0,0,0,227,0,0,0,0,0,29,0,171,28,0,0,4,0,214,0,19,0,5,0,0,0,80,0,34,0,8,0,102,0,0,0,195,0,45,0,0,0,24,0,21,0,2,0,1,0,53,0,0,0,0,0,0,0,0,0,14,0,0,0,5,0,0,0,0,0,0,0,0,0,0,0,0,0,0,0,0,0,0,0,0,0,0,0,0,0,0,0,0,0,0,0,0,0,0,0,0,0,0,0,0,0,0,0,0,0,0,0,0,0,0,0,0,0,0,0,0,0,0,0,0,0,0,0,0,0,0,0,0,0,0,0,0,0,0,0,143,0,139,0,32,0,0,0,0,0,0,0,0,0,0,0,0,0,0,0,0,0,2,0,11,0,57,0,0,0,0,0,0,0,0,0,37,0,16,0,0,0,0,0,0,0,136,0,0,0,0,0,0,0,0,0,0,0,0,0,0,0,0,0,0,0,0,0,0,0,0,0,0,0,0,0,0,0,55,230,0,0,0,0
79,0,77,0,332,0,0,0,0,0,115,0,24,0,105,0,6,0,49,0,50,7,6,0,0,0,28,0,36,0,74,0,80,0,202,0,0,0,54,0,0,0,130,0,121,0,2,0,9,0,132,0,1,0,0,0,0,0,4,0,75,0,42,0,4,0,2,0,0,0,55,0,0,0,30,0,0,0,0,0,0,0,0,0,118,0,45,0,0,0,0,0,0,0,0,0,122,0,124,0,0,0,0,0,0,0,0,0,0,0,0,0,0,0,0,0,0,0,0,0,65,0,67,0,0,0,0,0,0,0,0,0,0,0,0,0,0,0,167,0,213,0,186,0,175,0,0,0,0,0,0,0,0,0,13,0,63,0,0,0,0,0,24,0,20,0,53,0,46,0,47,0,71,0,0,0,14,0,74,0,0,0,8,0,0,0,1,0,0,0,0,0,0,0,0,0,0,0,0,0,0,0,0,0,0,0,0,0,0,0,16,16,66,4,0,0,0,0,0,0,0,0,0,0,0
0,69,0,53,0,259,0,0,0,0,0,131,0,82,0,27,0,0,0,231,0,30,0,12,0,0,0,0,0,0,0,15,0,185,0,195,0,0,0,14,0,0,0,35,0,24,0,0,0,3,0,76,0,2,0,1,0,0,0,0,0,43,0,8,0,0,0,0,0,0,0,0,0,0,0,0,0,0,0,0,0,0,0,0,0,0,0,0,0,0,0,0,0,0,0,0,0,0,0,0,0,0,0,0,0,0,0,0,0,0,0,0,0,0,0,0,0,0,0,0,0,0,0,2,0,0,0,0,0,0,0,0,0,0,0,0,0,51,0,105,0,302,0,156,0,92,0,0,0,0,0,0,0,0,0,0,0,70,0,10,0,0,0,0,0,4,0,64,0,81,0,31,0,109,0,0,0,29,0,84,0,0,0,0,0,0,0,107,0,0,0,0,0,1,0,0,0,0,0,0,0,0,0,0,0,0,0,0,0,0,0,0,0,0,0,0,0,0,0,141,118,6,2,0,0
759,0,1029,8,331,0,47,0,19,0,89,0,0,0,9,0,257,4,0,0,10,0,36,0,28,0,0,0,27,0,5,0,2,0,4,0,54,0,0,0,0,0,11,0,0,0,0,0,0,0,2,0,0,0,0,0,0,0,0,0,37,0,52,0,0,0,0,0,0,0,0,0,0,0,7,0,0,0,0,0,0,0,0,0,49,0,0,0,0,0,0,0,0,0,0,0,47,0,0,0,0,0,0,0,0,0,0,0,0,0,0,0,0,0,0,0,0,0,0,0,0,0,0,0,0,0,0,0,0,0,0,0,0,0,0,0,0,0,74,0,67,0,0,0,29,0,0,0,0,0,0,0,0,0,14,0,64,0,18,0,8,0,0,0,0,0,22,0,3,0,8,0,104,0,0,0,17,0,0,0,0,0,41,0,0,0,0,0,0,0,0,0,0,0,0,0,0,0,0,0,0,0,0,0,0,0,0,0,0,0,141,128,39,0,0,0,0,0,0,0,0,0,0,0,0
0,225,10,322,0,204,0,0,0,0,0,208,0,4,0,78,0,233,0,0,0,22,0,52,10,35,0,14,0,24,0,49,0,28,0,45,0,14,0,0,0,0,0,11,0,0,0,0,0,0,0,14,0,15,0,11,0,7,0,0,0,2,0,49,0,0,0,0,0,0,0,0,0,0,0,0,0,1,0,0,0,0,0,0,0,0,0,0,0,0,0,0,0,0,0,0,0,0,0,0,0,0,0,0,0,0,0,0,0,0,0,0,0,0,0,0,0,0,0,0,0,0,0,0,0,0,0,0,0,0,0,0,0,16,0,0,0,0,0,158,0,84,0,38,0,66,0,0,0,0,0,0,0,0,0,40,0,65,0,38,0,0,0,0,0,0,0,6,0,0,0,0,0,0,0,0,0,14,0,134,0,2,0,0,0,0,0,0,0,0,0,0,0,0,0,0,0,0,0,0,0,0,0,0,0,0,0,0,0,0,0,0,0,0,0,0,0,0,0,69,0,0,0,0,0
0,0,34,0,80,0,0,0,0,0,22,0,195,0,0,0,0,0,3,0,0,0,0,0,0,0,19,62,0,0,0,0,0,0,0,0,0,0,0,0,0,95,73,0,48,54,76,284,158,57,17,0,0,0,0,0,0,0,0,0,0,0,0,0,0,0,0,0,0,0,0,0,0,0,0,0,0,0,0,0,0,0,0,0,0,0,0,0,0,0,0,0,0,0,0,0,0,0,0,0,0,0,0,0,0,0,0,0,0,0,0,0,0,0,0,0,0,0,0,0,0,0,0,0,0,0,0,0,0,0,0,0,0,0,0,0,0,0,0,0,0,0,0,0,0,0,0,0,0,0,0,0,0,0,1,0,0,0,0,0,0,0,0,0,19,0,0,0,0,0,0,0,0,0,0,0,90,54,102,0,54,0,0,0,0,0,227,0,0,0,0,0,0,0,0,0,0,0,0,0,0,0,0,0,0,0,0,0,0,0,0,167,53,0,0,0,0,22,0,1,0,0,0,0,0
0,18,0,0,0,65,0,0,0,0,0,60,150,266,0,0,0,0,93,2,0,4,0,0,0,0,163,17,0,0,0,0,0,0,0,0,0,0,0,0,95,0,0,118,13,22,19,137,0,199,10,75,0,0,0,0,0,0,0,0,0,0,0,0,0,0,0,0,0,1,0,0,0,0,0,0,0,0,0,0,0,0,0,0,0,0,0,0,0,0,0,0,0,6,0,0,0,0,0,0,0,0,0,0,0,0,0,0,0,0,0,0,0,0,0,0,0,0,0,0,0,0,0,0,0,0,0,0,0,0,0,0,0,0,0,0,0,0,0,0,0,0,0,0,0,0,0,0,0,0,0,0,0,0,0,0,0,0,0,0,0,0,0,0,0,11,0,0,0,0,0,0,0,0,0,0,5,325,0,17,0,17,0,0,0,0,51,23,0,0,0,0,0,0,0,0,0,0,0,0,0,0,0,0,0,0,0,0,0,0,0,0,0,0,0,0,0,0,0,56,28,0,0,0,55
0,0,0,0,0,0,0,0,1,0,0,0,170,0,0,0,27,0,30,0,45,0,1,0,0,0,256,36,65,0,69,0,63,0,30,0,130,0,11,0,73,0,0,0,181,11,17,61,27,6,71,0,0,0,0,0,0,0,0,0,0,0,34,0,0,0,0,0,0,0,0,0,0,0,0,0,0,0,0,0,0,0,0,0,0,0,0,0,0,0,0,0,0,0,0,0,0,0,0,0,0,0,2,0,0,0,0,0,0,0,0,0,0,0,0,0,0,0,0,0,0,0,0,0,0,0,0,0,0,0,0,0,0,0,10,0,0,0,0,0,213,0,0,0,116,0,0,0,0,0,0,0,0,0,0,0,0,0,0,0,0,0,0,0,33,0,6,0,17,0,0,0,27,0,0,0,0,0,11,0,0,0,0,0,0,0,155,0,0,0,0,0,0,0,0,0,0,0,0,0,0,0,0,0,0,0,0,0,0,0,8,17,53,0,0,0,0,6,0,0,0,0,0,0,0
0,0,0,0,0,0,0,0,0,0,0,7,0,155,0,6,0,0,0,22,0,35,0,0,0,0,0,206,0,0,0,8,0,9,0,24,0,35,0,11,0,118,0,0,0,123,0,35,0,11,0,60,0,0,0,0,0,0,0,0,0,0,0,0,0,0,0,0,0,0,0,0,0,0,0,0,0,0,0,0,0,0,0,0,0,0,0,0,0,0,0,0,0,0,0,0,0,0,0,0,0,0,0,0,0,0,0,0,0,0,0,0,0,0,0,0,0,0,0,0,0,0,0,0,0,0,0,0,0,0,0,0,0,0,0,0,0,0,0,0,0,77,0,0,0,0,0,0,0,0,0,0,0,0,0,0,0,0,0,0,0,0,0,0,0,21,0,23,0,45,0,0,0,10,0,1,0,11,0,0,0,0,0,0,0,0,0,76,0,0,0,0,0,0,0,0,0,0,0,0,0,0,0,0,0,0,0,0,0,0,0,0,0,0,13,0,0,0,0,39,157,0,0,0,0
12,0,0,0,16,0,0,0,0,0,21,0,63,0,28,0,0,0,29,12,112,0,74,0,0,0,86,36,0,0,0,0,48,0,0,0,121,0,0,0,48,13,181,0,0,13,167,70,141,15,110,0,0,0,0,0,0,0,0,0,0,0,0,1,0,0,0,0,0,0,104,0,0,0,37,0,0,0,0,0,0,0,51,0,297,0,0,0,0,0,0,0,60,0,0,0,297,0,0,0,49,0,7,0,0,0,0,0,0,0,0,0,0,0,0,0,0,0,0,0,0,0,0,0,0,0,0,0,0,0,0,0,0,0,0,0,0,0,0,0,0,0,0,0,0,0,0,0,0,0,0,0,0,0,0,0,0,0,0,0,0,0,36,0,215,0,63,0,77,0,0,0,56,0,0,0,44,20,71,0,27,0,31,0,19,0,195,0,0,0,0,0,0,0,3,0,0,0,0,0,0,0,0,0,0,0,0,0,0,0,48,154,324,0,25,4,0,52,0,0,0,0,0,0,0
0,60,0,0,0,147,0,0,0,6,0,72,69,88,9,0,0,0,29,23,0,23,0,10,0,0,67,205,0,0,0,0,0,0,0,21,0,24,0,0,54,22,11,123,13,0,0,136,3,115,0,84,0,0,0,9,0,0,0,0,0,0,0,0,0,0,0,0,0,26,0,3,0,0,0,0,0,15,0,0,0,39,0,71,0,0,0,0,0,27,0,0,0,46,0,112,0,0,0,0,0,0,0,7,0,0,0,7,0,0,0,0,0,2,0,0,0,0,0,0,0,0,0,6,0,0,0,0,0,0,0,0,0,0,0,0,0,0,0,45,0,153,0,274,0,38,0,0,0,0,0,0,0,0,0,0,0,8,0,0,0,0,0,0,0,231,0,36,0,164,0,14,0,33,0,13,0,96,0,13,0,0,0,0,0,0,9,15,0,31,0,0,0,0,0,0,0,0,0,0,0,0,0,0,0,0,0,3,0,0,0,0,0,0,13,0,0,0,40,255,588,13,26,0,31
22,0,24,0,59,0,0,0,0,0,32,0,100,0,10,0,0,0,2,0,2,0,0,0,0,0,52,9,0,0,0,0,0,0,0,0,2,0,0,0,76,19,17,0,167,0,0,61,169,20,0,0,0,0,0,0,0,0,0,0,0,0,0,0,0,0,0,0,0,0,0,0,0,0,0,0,0,0,0,0,0,0,0,0,0,0,0,0,0,0,0,0,5,0,0,0,0,0,0,0,0,0,0,0,0,0,0,0,0,0,0,0,0,0,0,0,0,0,0,0,0,0,0,0,0,0,0,0,0,0,0,0,0,0,0,0,0,0,0,0,1,0,0,0,0,0,0,0,12,0,0,0,0,0,0,0,0,0,0,0,0,0,0,0,57,0,3,0,0,0,0,0,0,0,0,0,33,10,73,0,26,0,18,0,20,0,79,0,0,0,0,0,0,0,0,0,0,0,0,0,0,0,0,0,0,0,0,0,0,0,0,226,78,0,0,0,0,57,0,0,0,0,0,0,0
0,26,0,0,0,182,0,0,0,0,0,51,414,202,0,0,0,0,150,16,0,0,0,0,0,0,392,92,0,0,0,0,0,0,0,2,0,0,0,0,284,137,61,35,70,136,61,0,6,98,34,18,0,0,0,0,0,1,0,0,0,0,0,0,0,0,0,0,0,0,0,0,0,0,0,0,0,0,0,0,0,0,0,0,0,0,0,0,0,0,0,0,0,0,0,0,0,0,0,0,0,0,0,0,0,0,0,0,0,0,0,0,0,1,0,0,0,0,0,0,0,0,0,0,0,0,0,0,0,0,0,0,0,0,0,0,0,0,0,0,0,0,0,0,0,0,0,0,0,0,0,0,0,0,0,0,0,0,0,0,0,0,0,0,0,0,0,0,0,0,0,0,0,0,0,0,0,188,0,0,0,0,0,0,0,0,118,7,0,0,0,0,0,0,0,0,0,0,0,0,0,0,0,0,0,0,0,0,0,0,0,0,0,0,0,0,0,0,0,361,229,4,0,0,46
8,0,6,0,6,0,21,0,10,0,0,0,22,0,0,0,3,0,2,2,0,0,0,0,0,0,29,0,0,0,0,0,3,0,0,0,9,0,0,0,158,0,27,0,141,3,169,6,0,17,9,0,0,0,2,0,14,0,12,0,0,0,0,0,2,0,3,0,16,0,0,0,0,0,0,0,0,0,0,0,0,0,16,0,0,0,0,0,3,0,3,0,42,0,16,0,4,0,0,0,5,0,9,0,4,0,6,0,0,0,0,0,0,0,0,0,0,0,0,0,0,0,0,0,0,0,0,0,0,0,0,0,0,0,0,0,0,0,4,0,0,0,7,0,0,0,0,0,0,0,0,0,0,0,4,0,0,0,3,0,0,1,3,0,38,0,1,0,11,0,1,0,12,0,13,0,82,7,54,0,0,0,0,0,0,0,209,0,4,0,0,0,13,0,0,0,0,0,0,0,0,0,0,0,0,0,4,0,0,0,39,100,162,8,51,4,15,13,0,0,8,8,0,0,0
0,0,0,0,0,11,0,1,0,0,0,11,0,20,0,0,0,0,0,13,0,6,0,5,0,0,20,30,0,0,0,1,0,0,0,1,0,3,0,0,57,199,6,11,15,115,20,98,17,0,0,6,0,0,0,0,0,0,0,0,0,0,0,6,0,0,0,0,0,14,0,0,0,0,0,0,0,3,0,0,0,0,0,26,0,0,0,0,0,5,0,0,0,24,0,25,0,0,0,0,0,4,0,4,0,0,0,0,0,0,0,0,0,2,0,0,0,0,0,0,0,7,0,0,0,0,0,0,0,0,0,0,0,0,0,0,0,0,0,0,0,0,0,0,0,0,0,0,0,0,0,0,0,0,0,0,0,0,0,0,0,0,0,0,0,50,0,4,0,12,0,0,0,4,0,7,0,252,0,0,0,13,0,0,0,0,35,19,0,0,0,0,0,0,0,1,0,0,0,0,0,2,0,0,0,0,0,0,0,0,0,0,0,0,0,0,0,0,14,32,44,0,0,0,33
0,0,0,0,0,0,0,0,12,0,5,0,445,0,28,0,7,0,301,0,132,7,0,0,0,0,261,0,19,0,52,0,45,0,114,0,132,0,2,0,17,10,71,0,110,0,0,34,9,0,0,0,0,0,4,0,6,0,0,0,0,0,5,0,0,0,4,0,0,0,25,0,0,0,0,0,0,0,0,0,13,0,0,0,44,0,0,0,0,0,0,0,0,0,39,0,0,0,95,0,14,0,0,0,0,0,0,0,0,0,0,0,0,0,0,0,0,0,0,0,31,0,21,0,0,0,0,0,0,0,0,0,0,0,0,0,0,0,0,0,0,0,58,0,29,0,0,0,0,0,0,0,0,0,5,0,0,0,0,0,0,0,19,0,95,0,40,0,98,0,26,0,69,0,0,0,7,0,95,0,0,0,0,0,0,0,76,0,0,0,0,0,0,0,0,0,0,0,0,0,0,0,0,0,0,0,0,0,0,0,54,75,149,5,21,0,0,0,0,0,0,0,0,0,0
0,0,0,0,0,38,0,0,0,0,0,0,0,242,0,0,0,0,34,88,0,24,0,0,0,0,8,316,0,6,0,8,0,24,0,53,0,76,0,14,0,75,0,60,0,84,0,18,0,6,0,0,0,0,0,8,0,0,0,0,0,0,0,0,0,0,0,0,0,0,0,6,0,0,0,0,0,0,0,0,0,0,0,0,0,0,0,0,0,0,0,0,0,0,0,25,0,0,0,0,0,5,0,0,0,0,0,0,0,0,0,0,0,0,0,0,0,0,0,0,0,0,0,0,0,0,0,0,0,0,0,0,0,0,0,0,0,0,0,0,0,178,0,220,0,0,0,0,0,0,0,0,0,0,0,0,0,0,0,0,0,0,0,5,0,25,0,52,0,179,0,24,0,70,0,0,0,28,0,6,0,0,0,0,0,0,0,145,0,0,0,0,0,0,0,0,0,0,0,0,0,0,0,0,0,0,0,0,0,0,0,0,1,0,12,0,0,0,0,0,134,0,10,0,0
19,17,0,0,0,0,111,39,445,174,0,0,0,0,0,0,130,8,0,0,31,0,22,0,66,32,0,0,12,0,6,0,0,0,0,0,1,0,0,0,0,0,0,0,0,0,0,0,0,0,0,0,0,35,175,86,356,7,62,36,40,0,242,8,0,1,9,40,0,0,0,0,0,0,0,0,0,0,0,0,0,0,0,0,0,0,0,0,0,0,0,0,0,0,0,0,0,0,0,0,0,0,0,0,0,0,0,0,0,0,0,0,0,0,0,0,0,0,0,0,0,0,0,0,17,0,0,0,204,0,34,0,162,0,50,0,257,0,167,0,57,0,125,0,13,0,0,0,2,0,0,0,1,0,203,0,37,1,124,0,19,0,0,0,12,0,0,0,11,0,92,0,6,0,0,0,80,10,0,0,0,1,22,0,7,0,0,0,0,0,0,0,0,0,0,0,0,0,0,0,0,0,0,0,0,0,0,0,20,1,305,186,209,227,188,0,0,0,0,0,0,0,1,0,0
0,60,0,0,0,0,10,132,60,127,0,0,0,0,0,0,0,52,0,0,0,6,0,5,9,16,0,0,0,22,0,5,0,0,0,0,0,2,0,15,0,0,0,0,0,0,0,0,0,0,0,0,35,0,56,112,4,115,36,22,0,34,1,46,0,0,27,5,0,0,0,0,0,0,0,0,0,0,0,0,0,0,0,1,0,0,0,0,0,0,0,0,0,0,0,0,0,0,0,0,0,1,0,0,0,0,0,0,0,0,0,0,0,0,0,0,0,0,0,0,0,0,0,0,0,16,0,0,0,255,0,14,0,65,0,48,0,243,0,266,0,52,0,48,0,39,0,0,0,0,0,0,0,0,3,198,0,55,0,234,0,6,0,0,0,0,0,0,0,8,0,30,0,7,0,0,6,31,0,0,0,0,0,25,0,4,0,0,0,0,0,0,0,0,0,0,0,0,0,0,0,0,0,0,0,0,0,0,0,107,0,0,0,0,260,0,0,0,343,280,89,155,0,0,0
0,27,33,4,0,0,259,57,145,294,0,0,0,0,27,0,51,9,14,0,34,0,118,0,159,63,0,0,0,0,2,0,0,0,0,0,0,0,0,0,0,0,0,0,0,0,0,0,2,0,4,0,175,56,0,134,129,0,303,0,29,0,28,19,0,0,5,0,0,0,0,0,0,0,0,0,0,0,0,0,0,0,0,0,0,0,0,0,0,0,0,0,0,0,0,0,0,0,0,0,0,0,0,0,0,0,0,0,0,0,0,0,0,0,0,0,0,0,0,0,0,0,0,0,67,0,124,0,94,0,100,0,64,0,125,0,131,0,0,0,2,0,36,0,0,0,0,0,0,0,24,0,0,0,48,0,20,0,0,0,87,0,0,0,0,0,0,0,14,0,158,0,13,0,0,0,35,22,1,0,0,0,4,0,0,0,0,0,0,0,0,0,0,0,1,0,0,0,0,0,0,0,0,0,0,0,0,0,103,0,184,63,258,276,171,0,0,0,2,0,0,0,0,0,0
0,64,0,130,0,11,41,510,201,174,0,11,0,1,0,87,0,158,0,0,0,33,0,120,17,268,0,0,0,17,0,0,0,6,0,0,0,1,0,11,0,0,0,0,0,9,0,0,0,0,0,8,86,112,134,0,27,277,130,131,0,27,6,39,0,0,129,12,0,0,0,0,0,0,0,0,0,0,0,0,0,0,0,0,0,0,0,0,0,0,0,0,0,0,0,0,0,0,0,0,0,0,0,0,0,0,0,0,0,0,0,0,0,0,0,0,0,0,0,0,0,0,0,0,0,89,0,153,0,124,0,106,0,38,0,0,0,25,0,25,0,0,0,4,0,0,0,0,0,17,0,0,0,0,3,73,2,33,0,59,0,60,0,0,0,2,0,0,0,23,0,281,0,25,0,0,28,81,0,0,0,0,0,9,8,14,0,0,0,0,0,0,0,0,0,0,0,0,0,0,0,0,0,0,0,0,0,26,0,80,0,0,0,0,313,0,0,0,264,220,315,412,21,17,0
0,0,0,0,0,0,13,0,3,27,0,0,0,0,0,0,33,0,0,0,0,0,0,0,56,0,0,0,0,0,0,0,0,0,0,0,0,0,0,0,0,0,0,0,0,0,0,0,14,0,6,0,356,4,129,27,0,5,477,42,0,0,38,0,73,6,16,41,0,0,0,0,0,0,0,0,0,0,0,0,0,0,0,0,0,0,0,0,0,0,0,0,0,0,0,0,0,0,0,0,0,0,0,0,0,0,0,0,0,0,0,0,0,0,0,0,0,0,0,0,0,0,0,0,14,0,14,0,20,0,48,0,11,0,6,0,4,0,0,0,0,0,7,0,10,0,0,0,0,0,0,0,0,0,286,5,42,0,128,0,121,15,48,0,8,0,0,0,31,0,193,0,8,0,4,0,5,0,0,0,0,3,0,0,0,0,0,0,0,0,0,0,0,0,0,0,0,0,1,0,0,0,0,0,0,0,0,0,0,0,487,118,639,799,614,7,44,0,0,0,0,0,0,0,0
0,11,1,0,0,8,0,30,0,36,0,0,0,1,0,0,0,132,0,0,0,0,0,0,0,48,0,0,0,15,0,0,0,0,0,0,0,0,0,7,0,0,0,0,0,0,0,1,0,0,0,0,7,115,0,277,5,0,24,440,0,4,0,16,0,1,28,23,0,0,0,0,0,0,0,0,0,0,0,0,0,0,0,0,0,0,0,0,0,0,0,0,0,0,0,0,0,0,0,0,0,0,0,0,0,0,0,0,0,0,0,0,0,0,0,0,0,0,0,0,0,0,0,0,0,27,0,40,0,41,0,58,0,0,0,3,0,5,0,10,0,0,0,1,0,0,0,0,0,0,0,4,0,0,6,233,0,13,0,166,2,107,0,42,0,3,0,0,0,63,0,386,0,0,0,0,0,0,0,0,0,0,0,0,4,0,0,0,0,0,0,0,0,0,0,0,0,0,0,0,0,0,0,0,0,0,0,0,0,0,0,0,1,0,688,0,0,0,556,122,684,0,85,0,0
7,0,12,0,0,0,14,0,84,138,2,0,0,0,0,0,0,0,0,0,0,0,0,0,0,9,0,0,0,0,0,0,0,0,0,0,4,0,0,0,0,0,0,0,0,0,0,0,12,0,0,0,62,36,303,130,477,24,0,194,0,0,0,6,0,7,149,238,1,0,0,0,0,0,0,0,0,0,0,0,0,0,0,0,0,0,0,0,0,0,0,0,0,0,0,0,0,0,0,0,0,0,0,0,0,0,0,0,0,0,0,0,0,0,0,0,0,0,0,0,0,0,0,0,3,0,0,0,6,0,7,0,0,0,0,0,1,0,0,0,0,0,0,0,12,0,0,0,2,0,0,0,0,0,155,4,139,0,7,1,8,8,18,0,0,0,0,0,12,0,113,0,0,0,5,0,48,13,0,0,0,0,0,0,60,35,0,0,0,0,0,0,0,0,0,0,0,0,0,0,0,0,0,0,0,0,0,0,0,0,844,436,569,1093,707,8,52,0,0,1,0,0,1,0,0
0,13,0,17,0,6,0,19,51,133,0,0,0,0,0,0,0,16,0,0,0,0,0,0,0,26,0,0,0,0,0,0,0,0,0,0,0,0,0,0,0,0,0,0,0,0,0,0,0,0,0,0,36,22,0,131,42,440,194,0,0,0,0,0,31,67,299,307,0,0,0,1,0,0,0,0,0,2,0,0,0,4,0,0,0,0,0,0,0,0,0,0,0,0,0,3,0,0,0,0,0,0,0,0,0,0,0,0,0,0,0,0,0,0,0,0,0,0,0,0,0,3,0,1,0,36,0,18,0,12,0,39,0,0,0,0,0,0,0,2,0,0,0,10,1,23,0,0,2,0,0,0,0,0,42,36,11,64,1,33,12,72,0,35,0,0,0,4,0,37,0,306,0,0,2,1,20,0,0,0,0,14,0,0,33,128,0,0,0,0,0,0,0,0,0,0,0,0,0,0,0,0,0,0,0,0,0,0,0,13,0,0,0,0,783,0,0,0,884,341,589,673,99,0,0
160,0,55,0,0,0,244,0,244,1,0,0,0,0,0,0,18,5,0,0,2,0,0,0,8,0,0,0,6,0,2,0,7,0,0,0,75,0,37,0,0,0,0,0,0,0,0,0,0,0,0,0,40,0,29,0,0,0,0,0,0,0,44,0,0,0,0,0,0,0,0,0,0,0,0,0,0,0,0,0,0,0,0,0,0,0,0,0,0,0,0,0,0,0,0,0,0,0,0,0,0,0,0,0,0,0,0,0,0,0,0,0,0,0,0,0,0,0,0,0,0,0,0,0,0,0,0,0,0,0,0,0,0,0,0,0,17,0,195,0,135,0,40,0,118,0,0,0,0,0,0,0,0,0,22,0,128,0,8,0,0,0,8,0,7,0,0,0,0,0,109,0,57,0,0,0,41,0,0,0,0,0,15,0,0,0,0,0,0,0,0,0,0,0,0,0,0,0,0,0,0,0,0,0,0,0,0,0,0,0,118,168,86,84,59,0,0,0,0,0,0,0,0,0,0
0,513,0,187,0,58,0,195,0,106,0,144,0,0,0,24,0,110,0,0,0,11,0,34,0,99,0,5,0,9,0,10,0,22,0,14,0,43,0,2,0,0,0,0,0,0,0,0,0,0,0,0,0,34,0,27,0,4,0,0,0,0,0,27,0,0,0,0,0,0,0,0,0,0,0,0,0,0,0,0,0,0,0,0,0,0,0,0,0,0,0,0,0,0,0,0,0,0,0,0,0,0,0,0,0,0,0,0,0,0,0,0,0,0,0,0,0,0,0,0,0,0,0,0,0,0,0,0,0,0,0,0,0,0,0,0,0,0,0,68,0,64,0,21,0,137,0,0,0,0,0,0,0,0,0,35,0,197,0,29,0,0,0,1,0,2,0,3,0,0,0,58,0,60,0,0,0,82,0,95,0,0,0,162,0,0,0,0,0,0,0,0,0,0,0,0,0,0,0,0,0,0,0,0,0,0,0,0,0,0,0,0,0,0,80,0,0,0,84,422,87,112,0,0,0
170,58,110,0,0,0,374,37,299,11,0,0,0,0,0,0,228,12,0,0,161,0,13,6,14,55,0,0,79,0,39,0,12,0,10,0,42,0,52,0,0,0,34,0,0,0,0,0,0,0,5,0,242,1,28,6,38,0,0,0,44,0,0,7,0,0,0,0,0,0,15,0,0,0,11,0,0,0,0,0,0,0,0,0,193,0,0,0,0,0,0,0,0,0,0,0,0,0,0,0,0,0,0,0,0,0,0,0,0,0,0,0,0,0,0,0,0,0,0,0,0,0,85,0,0,0,0,0,126,0,0,0,127,0,82,0,476,0,358,0,263,0,573,0,43,0,0,0,0,0,0,0,0,0,168,0,70,0,126,0,8,0,7,0,0,0,0,0,0,0,17,0,41,0,0,0,61,7,0,0,0,0,14,0,0,0,0,0,0,0,0,0,0,0,0,0,0,0,0,0,0,0,0,0,0,0,0,0,0,0,155,96,43,30,68,0,0,0,0,0,0,0,0,0,0
11,317,0,58,0,14,49,285,52,108,0,48,0,0,0,0,5,491,0,12,0,77,0,79,45,173,0,0,0,184,0,30,0,19,0,0,0,8,0,49,0,0,0,0,1,0,0,0,0,6,0,0,8,46,19,39,0,16,6,0,0,27,7,0,0,0,0,0,0,0,0,0,0,0,0,0,0,0,0,0,0,0,0,0,0,0,0,0,0,0,0,0,0,0,0,0,0,0,0,0,0,0,0,0,0,0,0,0,0,0,0,0,0,0,0,0,0,0,0,0,0,0,0,0,0,0,0,0,0,63,0,0,0,0,0,21,0,175,0,127,0,33,0,44,0,19,0,0,0,0,0,0,0,0,0,37,0,10,0,44,0,0,0,0,0,0,0,0,0,5,0,0,0,9,0,0,0,70,0,36,0,0,0,125,0,0,0,0,0,0,0,0,0,0,0,0,0,0,0,0,0,0,0,0,0,0,0,0,2,0,1,0,0,0,78,0,0,0,237,275,35,41,0,1,0
73,0,21,0,0,0,7,0,143,0,0,0,10,0,0,0,0,0,0,0,0,0,8,0,0,0,0,0,0,0,0,0,0,0,0,0,4,0,0,0,0,0,0,0,0,0,0,0,2,0,0,0,0,0,0,0,73,0,0,31,0,0,0,0,0,32,105,25,0,0,0,0,0,0,0,0,0,0,0,0,0,0,0,0,0,0,0,0,0,0,0,0,0,0,0,0,0,0,0,0,0,0,0,0,0,0,0,0,0,0,0,0,0,0,0,0,0,0,0,0,0,0,0,0,40,0,21,0,0,0,44,14,0,0,0,0,0,0,2,0,0,0,0,0,13,0,0,0,90,0,16,0,10,0,20,3,17,0,0,0,172,49,0,0,0,0,0,0,0,0,0,0,0,0,51,0,2,0,2,0,30,17,0,0,207,0,0,0,0,0,0,0,0,0,0,0,0,0,0,0,0,0,0,0,0,0,0,0,0,0,56,0,0,0,47,0,0,0,0,0,0,0,0,0,0
0,104,0,34,0,21,0,15,0,301,0,0,0,0,0,20,0,0,0,36,0,0,0,13,0,13,0,0,0,7,0,0,0,0,0,5,0,0,0,0,0,0,0,0,0,0,0,0,0,0,0,0,1,0,0,0,6,1,7,67,0,0,0,0,32,0,11,313,0,0,0,6,0,0,0,0,0,0,0,0,0,0,0,0,0,3,0,0,0,0,0,0,0,0,0,2,0,0,0,1,0,0,0,0,0,0,0,0,0,0,0,0,0,0,0,0,0,0,0,0,0,0,0,3,0,70,0,59,13,0,107,122,0,0,0,0,0,0,14,5,1,5,0,2,13,50,0,72,19,222,0,31,2,13,4,0,0,10,5,0,100,297,1,8,0,0,0,0,0,0,0,0,0,0,8,19,0,2,0,0,26,204,0,0,15,32,0,0,0,0,0,0,0,0,0,1,0,0,0,0,0,0,0,0,0,0,0,38,0,23,0,0,0,0,0,0,0,0,69,10,44,0,0,0,0
35,0,0,0,0,0,6,0,152,93,4,0,0,0,0,0,0,0,0,0,0,0,0,0,0,0,0,0,0,0,0,0,0,0,0,0,2,0,0,0,0,0,0,0,0,0,0,0,3,0,4,0,9,27,5,129,16,28,149,299,0,0,0,0,105,11,0,207,0,0,0,0,0,0,0,0,0,0,0,0,0,0,0,0,0,0,0,0,0,0,0,0,0,0,0,0,0,0,0,0,0,0,0,0,0,0,0,0,0,0,0,0,0,0,0,0,0,0,0,0,0,0,0,0,0,0,0,0,0,0,63,3,0,0,0,0,0,0,0,0,0,0,0,0,11,0,0,0,61,0,0,0,0,0,44,8,40,0,5,0,37,13,0,0,0,0,0,0,2,0,15,0,0,0,7,0,120,0,0,0,0,0,1,0,497,32,0,0,0,0,0,0,0,0,0,0,0,0,0,0,0,0,0,0,0,0,0,0,0,0,170,120,76,187,119,0,0,0,0,0,0,0,0,0,0
0,57,0,6,0,11,0,18,39,195,0,7,0,0,0,7,0,0,0,0,0,0,0,0,0,0,0,0,0,2,0,0,0,0,0,0,0,0,0,0,0,0,0,0,0,0,0,0,0,0,0,0,40,5,0,12,41,23,238,307,0,0,0,0,25,313,207,0,0,0,0,0,0,0,0,0,0,0,0,0,0,1,0,0,0,0,0,0,0,0,0,0,0,0,0,2,0,0,0,0,0,0,0,0,0,0,0,0,0,0,0,0,0,0,0,0,0,0,0,0,0,0,0,0,0,22,0,13,0,0,0,113,0,0,0,0,0,0,0,2,0,0,0,0,0,12,0,9,0,59,0,0,0,0,35,10,5,15,0,10,7,209,0,0,0,0,0,0,0,4,0,21,0,0,0,5,24,0,0,0,0,0,0,2,22,457,0,0,0,0,0,0,0,0,0,0,0,0,0,0,0,0,0,0,0,0,0,6,0,4,0,1,0,0,64,0,0,0,138,122,104,67,21,0,0
0,0,0,0,0,0,0,0,0,0,0,0,0,0,0,0,0,0,0,0,0,0,0,0,0,0,0,0,0,0,0,0,0,0,0,0,0,0,0,0,0,0,0,0,0,0,0,0,16,0,0,0,0,0,0,0,0,0,1,0,0,0,0,0,0,0,0,0,0,0,0,0,7,0,0,0,142,0,19,0,0,0,41,0,17,0,12,0,37,0,0,0,85,0,16,0,16,0,0,0,29,0,117,0,77,0,49,0,73,0,1,0,0,0,2,0,1,0,0,0,0,0,0,0,0,0,0,0,0,0,0,0,0,0,30,0,0,0,0,0,0,0,0,0,0,0,0,0,0,0,3,0,0,0,0,0,0,0,0,0,0,0,0,0,32,0,0,0,108,0,5,0,0,0,0,0,0,0,0,0,0,0,0,0,0,0,0,0,0,0,25,0,84,0,26,0,0,0,0,0,0,0,63,0,0,0,0,0,0,0,41,10,94,7,0,25,40,1,0,0,0,0,0,0,0
0,0,0,0,0,0,0,0,0,0,0,0,0,0,0,0,0,0,0,0,0,0,0,0,0,0,0,2,0,0,0,0,0,0,0,0,0,0,0,0,0,1,0,0,0,26,0,0,0,14,0,0,0,0,0,0,0,0,0,0,0,0,0,0,0,0,0,0,0,0,0,0,0,0,0,0,0,52,0,0,0,0,0,16,0,0,0,5,0,35,0,0,0,65,0,22,0,0,0,0,0,0,0,43,0,0,0,0,0,4,0,2,0,3,0,0,0,0,0,0,0,0,0,0,0,0,0,0,0,0,0,0,0,0,0,0,0,0,0,0,0,0,0,0,0,0,0,0,0,0,0,0,0,0,0,0,0,0,0,0,0,0,0,0,0,18,0,0,0,21,0,1,0,1,0,0,0,2,0,0,0,0,0,0,0,0,0,0,0,0,0,0,0,0,0,0,0,0,0,0,0,0,0,0,0,0,0,0,0,0,0,0,0,0,0,0,0,0,2,5,12,1,1,2,0
0,0,0,0,0,0,0,0,0,0,0,0,0,0,0,0,0,0,0,0,136,0,0,0,0,0,0,0,15,0,27,0,0,0,0,0,55,0,0,0,0,0,0,0,104,0,0,0,0,0,25,0,0,0,0,0,0,0,0,0,0,0,15,0,0,0,0,0,0,0,0,0,351,0,463,0,49,0,534,0,9,0,0,0,6,0,41,0,0,0,0,0,0,0,8,0,0,0,0,0,0,0,0,0,0,0,0,0,0,0,0,0,0,0,0,0,0,0,0,0,13,0,11,0,12,13,0,0,14,0,32,0,12,0,18,0,38,0,8,0,196,0,94,0,88,0,2,0,34,0,13,0,5,0,0,0,0,0,0,0,6,0,72,0,0,0,22,0,38,0,36,0,52,0,13,0,0,0,0,0,20,0,0,0,0,0,0,0,0,0,0,0,0,0,0,0,0,0,0,0,0,0,0,0,0,0,0,0,11,0,11,0,15,1,0,0,0,0,0,0,0,0,0,0,0
0,0,0,0,0,0,0,0,0,0,0,0,0,0,0,0,0,0,0,0,0,1,0,0,0,0,0,0,0,0,0,0,0,0,0,0,0,0,0,0,0,0,0,0,0,3,0,0,0,0,0,6,0,0,0,0,0,0,0,1,0,0,0,0,0,6,0,0,0,0,0,0,0,154,0,328,0,17,0,7,0,10,0,13,0,0,0,84,0,0,0,0,0,0,0,0,0,0,0,4,0,0,0,0,0,0,0,0,0,0,0,0,0,0,0,0,0,0,0,0,0,14,0,23,0,161,0,0,0,257,0,43,0,152,0,60,0,54,0,43,0,49,0,21,0,125,0,0,0,30,0,0,0,0,0,0,0,0,0,3,0,2,0,47,0,0,0,5,0,5,0,9,0,0,0,7,0,0,0,0,0,22,0,0,0,5,0,0,0,0,0,0,0,0,0,0,0,0,0,0,0,6,0,0,0,0,0,0,0,0,0,0,0,0,3,0,0,0,16,0,23,0,0,0,0
0,0,0,0,0,0,0,0,0,0,0,0,0,0,0,0,0,0,0,0,0,0,0,0,0,0,0,0,0,0,0,0,0,0,5,0,0,0,0,0,0,0,0,0,0,0,0,0,0,0,0,0,0,0,0,0,0,0,0,0,0,0,0,0,0,0,0,0,7,0,351,0,0,0,224,0,115,0,357,0,2,0,105,0,22,0,16,0,0,0,0,0,8,0,4,0,0,0,0,0,0,0,0,0,0,0,0,0,0,0,0,0,0,0,0,0,0,0,0,0,29,0,11,0,13,7,0,0,8,0,0,4,14,0,63,0,28,0,19,0,128,0,110,0,143,0,0,0,3,0,6,0,0,0,0,0,0,0,0,0,0,0,44,0,0,0,0,0,19,0,12,0,0,0,4,0,0,0,0,0,0,0,0,0,0,0,0,0,0,0,0,0,0,0,0,0,2,0,0,0,17,0,135,0,0,0,0,0,0,0,333,6,25,3,9,0,0,0,0,0,0,0,0,0,0
0,0,0,0,0,0,0,0,0,0,0,0,0,0,0,0,0,0,0,0,0,0,0,0,0,0,0,0,0,0,0,0,0,0,0,0,0,0,0,0,0,0,0,0,0,0,0,0,0,0,0,0,0,0,0,0,0,0,0,0,0,0,0,0,0,0,0,0,0,0,0,154,0,0,0,475,0,229,0,52,0,16,0,91,0,11,0,236,0,0,0,0,0,20,0,12,0,0,0,0,0,0,0,1,0,8,0,0,0,0,0,0,0,0,0,0,0,0,0,0,0,45,0,66,0,50,0,41,2,49,0,21,0,65,0,92,0,0,0,0,0,25,0,49,0,25,0,0,0,8,0,33,0,0,0,0,0,0,0,0,0,0,0,62,0,8,0,0,0,55,0,4,0,0,0,0,0,0,0,0,0,0,0,0,0,0,0,0,0,0,0,0,0,0,0,0,0,0,0,0,0,0,0,0,0,45,0,0,0,0,0,0,0,0,0,0,0,0,47,3,49,0,0,0,0
0,0,0,0,0,0,0,0,0,0,2,0,0,0,0,0,0,0,0,0,97,0,0,0,0,0,0,0,0,0,0,0,0,0,0,0,30,0,7,0,0,0,0,0,37,0,0,0,0,0,0,0,0,0,0,0,0,0,0,0,0,0,11,0,0,0,0,0,0,0,463,0,224,0,0,0,18,0,253,0,12,0,14,0,17,0,26,1,0,0,0,0,0,0,6,0,0,0,12,0,0,0,0,0,0,0,9,0,0,0,0,0,0,0,0,0,0,0,0,0,57,0,30,0,33,28,24,0,10,0,27,25,32,0,99,0,113,0,7,0,180,17,196,0,108,1,0,0,52,0,25,0,0,0,0,0,6,0,0,0,0,0,52,0,0,0,0,0,7,0,16,0,37,0,27,0,0,0,0,0,37,0,0,0,0,0,0,0,0,0,0,0,8,0,1,0,1,0,0,0,9,0,26,0,0,0,37,0,65,0,143,0,0,0,0,0,0,0,0,0,1,0,0,0,0
0,0,0,0,0,0,0,0,0,0,0,0,0,0,0,0,0,0,0,0,0,0,0,0,0,0,0,0,0,0,0,0,0,0,0,0,0,0,0,0,0,0,0,0,0,0,0,0,0,0,0,0,0,0,0,0,0,0,0,0,0,0,0,0,0,0,0,0,0,0,0,328,0,475,0,0,0,18,0,118,0,9,0,0,0,12,0,184,0,0,0,0,0,0,0,0,0,0,0,7,0,0,0,0,3,0,0,0,0,0,0,0,0,0,0,0,0,0,0,0,0,177,0,86,0,204,0,113,0,0,0,51,0,211,0,205,0,126,0,39,7,83,0,99,0,196,0,37,0,51,0,83,0,35,0,0,0,0,0,0,0,0,0,131,0,0,0,0,0,13,0,20,0,0,0,13,0,0,0,0,3,43,0,0,0,3,0,0,0,0,0,0,0,0,0,0,0,0,0,0,0,0,0,0,0,0,0,0,0,235,0,0,3,0,5,0,0,0,37,9,28,0,0,0,0
0,0,0,0,0,0,0,0,0,0,0,0,0,0,0,0,0,0,0,0,0,0,0,0,0,0,0,0,0,0,0,0,0,0,0,0,0,0,0,0,0,0,0,0,0,0,0,0,0,0,0,0,0,0,0,0,0,0,0,0,0,0,0,0,0,0,0,0,142,0,49,0,115,0,18,0,0,0,194,0,2,0,76,0,33,0,32,0,7,0,0,0,38,0,34,0,0,0,0,0,0,0,14,0,0,0,0,0,74,0,0,0,0,0,16,0,0,0,0,0,0,0,0,0,0,0,0,0,0,0,0,0,0,0,0,0,0,0,0,0,0,0,0,0,0,0,0,0,0,0,0,0,0,0,0,0,0,0,0,0,0,0,0,0,9,0,6,0,54,0,0,0,0,0,0,0,0,0,0,0,0,0,0,0,0,0,0,0,44,0,0,0,130,0,12,0,16,0,0,0,0,0,186,0,0,0,0,0,0,0,59,0,62,0,0,5,20,0,0,0,0,0,0,0,0
0,0,0,0,0,0,0,3,0,0,0,0,0,0,0,0,0,0,0,0,0,0,0,0,0,0,0,0,0,0,0,0,0,0,0,0,0,0,0,1,0,0,0,0,0,15,0,0,0,3,0,0,0,0,0,0,0,0,0,2,0,0,0,0,0,0,0,0,0,52,0,17,0,229,0,18,0,0,0,10,0,0,0,164,0,0,0,143,0,18,0,0,0,118,0,95,0,0,0,0,0,0,0,36,0,0,0,0,0,17,0,0,0,7,0,0,0,3,0,0,0,11,0,0,0,0,0,0,0,0,0,0,0,0,0,0,0,0,0,0,0,0,0,0,0,0,0,0,0,0,1,0,0,0,0,0,0,0,0,0,0,0,0,14,0,14,0,0,0,228,0,0,0,0,0,0,0,0,0,0,0,0,0,0,0,0,0,0,0,0,0,0,0,0,0,0,0,0,0,0,0,0,0,0,0,0,0,0,0,0,0,0,0,0,6,0,0,0,45,8,136,2,30,15,0
0,0,0,0,0,0,0,0,0,0,0,0,0,0,0,0,0,0,0,0,0,0,0,0,0,0,0,0,0,0,0,0,0,0,0,0,0,0,0,0,0,0,0,0,0,0,0,0,0,0,0,0,0,0,0,0,0,0,0,0,0,0,0,0,0,0,0,0,19,0,534,0,357,0,253,0,194,0,0,0,0,0,213,0,90,0,64,0,0,0,8,0,19,0,44,0,22,0,12,0,17,0,7,0,0,0,14,0,85,0,0,0,0,0,7,0,0,0,0,0,131,0,148,0,0,0,0,0,0,0,0,0,0,0,0,0,0,0,0,0,99,0,184,0,46,0,0,0,0,0,12,0,0,0,0,0,0,0,0,0,0,0,31,0,0,0,0,0,54,0,0,0,0,0,0,0,0,0,0,0,0,0,0,0,0,0,0,0,40,0,49,0,153,0,0,0,21,0,0,0,87,0,342,0,121,0,0,0,0,0,345,0,86,0,34,8,12,0,0,0,0,0,0,0,0
