0,617,75,261,84,79,41,104,109,7,174,75,120,0,14,205,81,159,17,0,25,0,32,410,53,211,50,0,67,0,20,0,96,0,0,0,49,0,404,115,25,0,0,0,0,0,35,0,24,0,0,0,16,0,13,0,6,0,2,0,174,18,121,0,0,0,2,0,0,0,0,0,0,0,0,0,0,0,0,0,0,15,0,0,0,0,0,0,0,0,0,0,0,0,0,0,0,0,0,0,0,0,0,0,0,0,0,0,0,0,0,0,0,0,0,0,0,0,0,0,0,0,0,3,7,0,0,0,0,0,0,0,0,0,4,0,0,0,0,0,0,0,0,0,0,0,8,0,19,0,9,0,0,0,0,0,0,0,0,0,0,0,0,0,0,0,0,0,32,0,41,0,193,0,1,0,608,150,8,0,0,0,134,0,26,0,0,0,0,0,0,0,0,0,0,0,0,0,0,0,2,0,0,0,0,0,0,0,2,0,648,379,258,432,601,1,0,14,4,0,0,0,0,0,0
617,0,433,48,0,71,352,16,302,56,0,125,0,85,0,10,126,120,0,47,0,0,232,34,694,17,0,84,0,99,0,0,0,171,0,14,0,215,0,453,0,51,0,0,0,14,0,80,1,0,0,0,0,0,48,16,0,0,0,0,0,86,43,191,0,25,0,10,0,0,0,0,0,0,0,0,0,0,0,0,0,0,0,0,0,0,0,0,0,0,0,0,0,0,0,0,0,0,0,0,0,0,0,0,0,0,0,0,0,0,0,0,0,0,0,0,0,0,0,0,0,0,0,0,0,28,0,5,0,0,0,30,0,0,0,0,0,40,0,0,0,0,0,0,0,0,0,31,0,41,0,77,0,0,0,0,0,0,0,0,0,0,0,0,0,0,0,0,0,13,0,12,0,185,0,10,302,813,0,35,0,21,31,29,0,37,0,1,0,0,0,0,0,0,0,0,0,0,0,0,0,0,0,0,0,0,0,10,0,78,4,0,0,0,211,0,0,0,438,170,119,0,2,0,0
75,433,0,0,293,0,36,0,4,0,47,231,119,0,256,220,109,79,225,0,247,0,638,220,325,0,237,0,137,29,130,0,323,103,21,0,0,89,565,0,37,0,14,0,45,0,71,0,25,0,0,0,0,0,52,0,12,0,0,0,47,10,72,0,0,0,0,0,0,0,0,0,0,0,0,0,0,0,0,0,0,0,0,0,0,0,1,0,0,0,0,0,0,0,0,0,0,0,0,0,0,0,0,0,0,0,34,0,0,0,0,0,0,0,0,0,0,0,0,0,0,0,0,0,0,0,7,0,0,0,17,0,0,0,77,0,23,0,0,0,0,0,0,0,0,0,4,0,19,0,12,0,0,0,0,0,0,0,0,0,6,0,3,0,0,0,0,0,101,0,29,0,312,0,0,0,107,54,0,0,0,0,4,0,0,0,0,1,0,0,0,0,0,0,0,0,0,0,63,0,0,0,0,0,0,0,0,0,14,0,445,146,674,679,676,0,19,18,12,0,6,0,0,0,0
261,48,0,0,0,135,0,22,32,0,24,31,0,54,0,136,0,116,0,135,0,35,139,98,144,74,0,125,0,120,0,0,0,291,0,0,0,115,0,393,0,31,0,0,0,8,0,81,0,0,0,0,0,0,0,70,0,0,0,0,0,14,0,148,0,0,0,0,0,0,0,0,0,0,0,0,0,0,0,0,0,0,0,0,0,0,0,0,0,0,0,0,0,0,0,0,0,0,0,0,0,0,0,0,0,0,0,0,0,0,0,0,0,0,0,0,0,0,0,0,0,0,0,0,0,0,0,0,0,0,0,3,0,0,0,157,0,83,0,0,0,13,0,0,0,0,0,0,0,0,0,0,0,0,0,0,0,0,0,0,0,0,0,0,0,0,0,0,0,15,0,5,0,164,0,0,62,33,0,0,0,0,0,0,0,0,0,0,0,0,0,0,0,0,0,0,0,0,0,0,0,0,0,0,0,0,0,3,0,15,1,0,0,0,229,0,0,0,426,82,250,151,0,0,0
84,0,293,0,0,805,22,0,28,0,63,391,383,120,293,492,39,0,262,284,555,271,171,91,8,0,233,33,0,0,463,0,562,0,241,0,416,0,61,0,98,0,0,0,0,0,152,0,11,0,131,0,2,0,0,0,0,0,0,0,0,0,0,0,5,0,0,0,0,0,0,0,0,0,5,0,0,0,0,0,0,0,0,0,0,0,0,0,0,0,0,0,0,0,0,0,0,0,0,0,0,0,0,0,0,0,0,0,0,0,0,0,0,0,0,0,0,0,0,0,0,0,0,0,16,0,22,0,0,0,11,0,0,0,0,0,0,0,0,0,0,0,0,0,0,0,28,0,38,0,30,0,0,0,0,0,0,0,0,2,0,0,7,0,0,0,198,0,103,0,32,0,52,0,0,0,192,121,0,8,0,0,33,0,36,0,2,0,0,0,0,0,0,0,0,0,0,0,0,0,10,0,0,0,0,0,0,0,15,0,824,608,723,423,492,0,12,4,24,0,0,0,0,0,0
79,71,0,135,805,0,0,11,0,0,468,403,275,284,755,176,0,21,201,288,209,189,288,209,0,18,0,308,0,0,0,189,0,430,79,336,36,531,0,119,0,45,0,0,0,29,0,126,0,0,0,153,0,0,0,40,0,0,0,0,0,11,0,11,1,0,0,0,0,0,0,0,0,0,0,0,0,0,0,0,0,0,0,0,0,0,0,0,0,0,0,0,0,0,0,0,0,7,0,0,0,0,0,0,0,0,0,0,0,0,0,0,0,0,0,0,0,0,0,0,0,0,0,0,0,10,0,0,0,0,0,0,0,0,0,147,0,128,0,0,0,9,0,0,0,0,0,0,0,33,0,28,0,0,0,0,0,7,0,0,0,0,0,0,0,178,0,257,0,114,0,20,0,104,0,0,285,456,116,89,0,20,0,6,0,0,0,22,0,0,0,0,0,0,0,0,0,0,0,0,0,0,0,0,0,0,0,3,0,26,0,0,0,0,210,0,0,0,594,427,594,153,0,4,0
41,352,36,0,22,0,0,0,70,0,17,0,6,0,12,0,14,0,0,0,0,0,21,0,289,176,0,0,6,0,0,0,0,0,0,0,0,0,0,54,0,0,5,0,0,0,0,0,49,0,0,0,118,0,451,0,61,0,59,0,156,0,285,0,66,0,46,0,0,0,0,0,0,0,0,0,0,0,0,0,0,0,0,0,0,0,0,0,0,0,0,0,0,0,0,0,0,0,0,0,0,0,0,0,0,0,0,0,0,0,0,0,0,0,0,0,0,0,0,0,0,0,0,0,20,0,21,0,5,0,39,0,0,0,0,0,0,0,0,0,1,0,0,0,0,0,10,0,19,0,19,0,0,0,3,0,0,0,0,0,44,0,0,0,0,0,0,0,39,0,127,0,151,0,0,0,31,48,0,0,0,0,0,1,5,3,0,0,0,0,0,0,0,0,0,0,0,0,0,0,0,0,0,0,0,0,2,0,10,0,983,259,489,891,898,0,118,18,4,0,0,0,0,0,0
104,16,0,22,0,11,0,0,403,113,0,0,0,4,0,0,0,127,0,0,0,0,0,0,167,102,0,0,0,70,0,0,0,0,0,0,0,0,0,0,0,0,0,0,0,0,0,7,0,0,0,0,101,63,135,441,0,33,0,40,0,174,0,616,0,10,0,16,0,0,0,0,0,0,0,0,0,0,0,0,0,0,0,0,0,0,0,0,0,0,0,0,0,0,0,0,0,0,0,0,0,0,0,0,0,0,0,0,0,0,0,0,0,0,0,0,0,0,0,0,0,0,0,0,0,29,0,0,0,0,0,77,0,0,0,58,0,36,0,0,0,0,0,0,0,0,0,9,0,18,0,11,0,1,0,2,7,0,0,0,0,14,0,13,0,5,0,0,0,15,0,36,0,162,0,0,45,57,0,1,0,0,5,11,0,3,0,0,0,0,0,0,0,0,0,0,0,0,0,5,0,0,0,0,0,0,0,4,0,24,0,0,0,0,563,0,0,0,735,134,405,509,1,133,0
109,302,4,32,28,0,70,403,0,691,36,2,13,0,2,6,29,35,9,0,0,0,3,86,41,586,18,0,0,0,0,0,0,0,0,0,0,0,36,0,0,0,0,0,5,0,16,0,16,0,0,0,513,103,231,328,25,0,108,0,414,0,381,123,177,0,157,150,0,0,0,0,0,0,0,0,0,0,0,0,1,0,0,0,0,0,0,0,0,0,0,0,0,0,0,0,0,0,0,0,0,0,0,0,0,0,3,0,0,0,0,0,0,0,0,0,0,0,0,0,0,0,0,0,12,0,4,0,0,0,15,0,0,0,1,0,0,0,0,0,0,0,0,0,0,0,51,0,109,0,30,0,0,0,17,0,82,0,0,0,65,0,0,0,0,0,3,0,18,0,120,0,44,0,1,0,421,135,8,0,0,0,21,0,140,36,0,0,0,0,0,0,0,0,0,0,0,0,0,0,0,0,0,0,0,0,2,0,16,0,688,445,157,0,436,0,0,0,0,0,0,0,0,0,0
7,56,0,0,0,0,0,113,691,0,0,23,0,0,0,10,0,31,0,22,0,0,0,11,99,54,0,16,0,0,0,0,0,0,0,0,0,0,0,150,0,0,0,0,0,0,0,0,0,0,0,0,138,122,246,150,0,17,64,95,0,470,0,627,0,118,60,296,0,0,0,0,0,0,0,0,0,0,0,0,0,0,0,0,0,0,0,0,0,0,0,0,0,0,0,0,0,0,0,0,0,0,0,0,0,0,0,0,0,0,0,0,0,0,0,0,0,0,0,0,0,0,0,0,0,26,0,0,0,0,0,68,0,0,0,25,0,27,0,0,0,0,0,0,0,0,0,32,0,78,0,24,0,0,0,0,0,38,0,0,0,12,0,0,0,4,0,3,0,11,0,0,0,76,0,0,63,268,0,2,0,0,0,22,0,57,0,0,0,0,0,0,0,0,0,0,0,1,0,0,0,4,0,0,0,0,0,14,0,70,0,0,1,0,428,0,0,0,746,216,259,0,0,123,0
174,0,47,24,63,468,17,0,36,0,0,174,535,0,10,488,40,3,30,65,115,164,48,107,0,0,52,0,0,0,143,0,344,0,34,20,189,0,71,0,82,0,31,0,45,0,161,0,22,0,27,0,0,0,0,0,0,0,0,0,0,0,0,0,7,0,0,0,0,0,0,0,0,0,0,0,0,0,0,0,0,0,0,0,0,0,0,0,0,0,0,0,0,0,0,0,0,0,0,0,0,0,0,0,0,0,0,0,0,0,0,0,0,0,0,0,0,0,0,0,0,0,0,0,0,0,0,0,0,0,12,0,0,0,0,0,0,0,0,0,0,0,0,0,0,0,5,0,28,0,21,0,0,0,0,0,0,0,0,0,0,0,0,0,0,0,0,0,0,0,9,0,16,0,0,0,448,79,97,0,51,0,38,0,26,0,32,0,0,0,0,0,0,0,0,0,2,0,0,0,0,0,0,0,0,0,0,0,5,0,231,180,94,0,124,0,0,0,15,0,0,0,0,0,0
75,125,231,31,391,403,0,0,2,23,174,0,0,258,352,6,38,0,33,37,118,73,263,60,0,0,0,131,0,5,0,55,0,157,0,81,9,195,9,39,0,87,0,11,1,21,0,142,0,19,7,54,0,0,0,2,0,0,0,0,0,0,0,0,0,10,0,0,0,0,0,0,0,0,0,0,0,0,0,0,0,0,0,0,0,0,0,0,0,0,0,0,0,0,0,0,0,0,0,0,0,0,0,0,0,0,0,0,0,0,0,0,0,0,0,0,0,0,0,0,0,0,0,0,0,0,0,0,0,0,0,0,0,0,0,21,0,15,0,0,0,0,0,0,0,0,0,0,0,25,0,83,0,0,0,0,0,3,0,0,0,0,0,0,0,0,0,57,0,23,0,6,0,38,0,39,177,475,14,104,0,107,5,47,0,49,0,18,0,0,0,0,0,0,0,0,0,0,0,0,0,0,0,0,0,0,0,0,0,14,0,0,0,0,47,0,0,0,158,169,129,0,0,0,0
120,0,119,0,383,275,6,0,13,0,535,0,0,619,44,49,0,0,112,473,118,90,6,0,0,0,212,629,0,0,0,0,0,0,170,0,33,0,0,0,288,98,189,116,76,57,293,128,23,0,418,0,0,0,0,0,0,0,0,0,0,0,0,0,0,0,0,0,0,0,0,0,0,0,0,0,0,0,0,0,0,0,0,0,0,0,0,0,0,0,0,0,0,0,0,0,0,0,0,0,0,0,0,0,0,0,0,0,0,0,0,0,0,0,0,0,0,0,0,0,0,0,0,0,0,0,0,0,0,0,0,0,0,0,6,0,0,0,0,0,0,0,0,0,0,0,11,0,16,0,0,0,0,0,0,0,0,0,0,0,0,0,0,0,66,0,27,0,0,1,9,0,0,0,0,0,331,130,94,0,0,0,32,0,25,0,108,25,0,0,0,0,0,0,0,0,0,0,0,0,0,0,0,0,0,0,0,0,0,0,218,340,313,102,61,0,4,0,12,0,0,0,0,0,0
0,85,0,54,120,284,0,4,0,0,0,258,619,0,0,3,0,0,461,58,136,21,0,1,0,2,333,111,0,0,0,0,0,0,0,88,0,0,0,0,38,237,139,213,0,64,0,255,0,24,191,334,0,0,0,2,0,0,0,0,0,0,0,0,0,0,0,0,0,0,0,0,0,0,0,0,0,0,0,0,0,0,0,0,0,0,0,0,0,0,0,0,0,0,0,0,0,0,0,0,0,0,0,0,0,0,0,0,0,0,0,0,0,0,0,0,0,0,0,0,0,0,0,0,0,0,0,0,0,0,0,1,0,0,0,0,0,0,0,0,0,0,0,0,0,0,0,0,0,0,0,0,0,0,0,0,0,0,0,0,0,0,0,0,0,133,0,17,0,0,0,6,0,0,0,0,68,409,16,43,0,28,0,9,0,0,83,43,0,0,0,0,0,0,0,0,0,0,0,0,0,0,0,0,0,0,0,0,0,0,0,0,0,0,20,0,0,0,128,271,221,0,0,1,0
14,0,256,0,293,755,12,0,2,0,10,352,44,0,0,375,29,0,329,247,586,278,298,54,83,0,137,0,0,0,338,72,94,64,99,0,115,73,0,0,0,0,0,0,0,0,12,0,3,0,31,0,0,0,46,0,0,0,0,0,0,0,4,0,0,0,0,0,0,0,0,0,0,0,0,0,0,0,0,0,0,0,0,0,0,0,0,0,0,0,0,0,0,0,0,0,49,0,0,0,0,0,0,0,0,0,0,0,0,0,0,0,0,0,0,0,0,0,0,0,0,0,0,0,8,0,1,0,0,0,0,0,0,0,93,0,31,0,0,0,0,0,71,0,0,0,0,0,51,0,0,0,0,0,0,0,0,0,0,0,0,0,3,0,0,0,80,7,0,0,0,0,11,0,0,0,50,39,14,2,4,0,10,0,0,0,0,0,0,0,0,0,0,0,0,0,0,0,0,0,149,0,0,0,0,0,0,0,23,0,186,149,171,0,65,0,3,0,0,7,0,0,0,0,0
205,10,220,136,492,176,0,0,6,10,488,6,49,3,375,0,87,49,0,268,112,419,313,420,45,30,0,59,0,61,0,238,74,662,0,166,0,340,0,203,0,3,0,18,0,10,0,5,0,0,0,14,0,2,0,133,0,0,0,0,0,0,0,31,2,6,0,0,0,0,0,0,0,0,0,0,0,0,0,0,0,0,0,0,0,120,0,33,0,0,0,0,0,0,0,0,0,68,0,0,0,0,0,0,0,0,0,0,0,0,0,0,0,0,0,0,0,0,0,0,0,0,0,7,0,7,0,0,0,0,0,0,0,0,0,315,0,144,0,0,0,0,0,266,0,0,0,0,0,19,0,0,0,0,0,0,0,6,0,0,0,0,0,0,0,20,0,180,0,42,0,7,0,87,0,0,72,31,41,0,0,0,0,0,0,16,0,0,0,0,0,0,0,0,0,0,0,0,0,0,0,29,0,0,0,0,0,0,0,0,0,0,0,0,166,0,0,0,286,96,323,100,0,2,0
81,126,109,0,39,0,14,0,29,0,40,38,0,0,29,87,0,47,89,0,316,0,35,149,155,0,423,0,189,10,304,0,106,28,137,0,35,24,193,34,0,0,73,0,91,0,0,0,0,0,81,0,94,0,15,0,12,0,0,0,16,0,449,0,0,0,0,0,0,0,10,0,0,0,12,0,0,0,0,0,50,0,0,0,162,0,0,0,0,0,65,0,0,0,0,0,352,0,65,6,0,0,0,0,0,0,94,0,0,0,0,0,0,0,0,0,0,0,0,0,0,0,54,0,0,0,0,0,0,0,0,0,34,0,27,0,62,2,39,0,17,0,467,0,2,0,0,0,0,0,0,0,0,0,29,0,0,0,0,0,0,0,0,0,0,0,12,0,32,1,4,0,39,0,0,0,49,2,7,0,0,0,98,0,0,2,0,0,0,0,0,0,0,0,0,0,0,0,0,0,92,0,0,0,0,0,0,0,0,0,10,44,64,0,0,0,2,5,0,0,0,0,0,0,0
159,120,79,116,0,21,0,127,35,31,3,0,0,0,0,49,47,0,0,25,1,99,56,65,221,122,0,15,0,31,0,29,0,18,0,0,0,6,30,23,0,0,0,11,0,3,0,0,0,0,0,7,0,49,8,38,0,31,0,2,0,0,15,177,0,0,0,0,0,0,0,0,0,0,0,0,0,0,0,0,0,0,0,0,0,65,0,0,0,0,0,0,0,0,0,36,0,31,0,0,0,0,0,0,0,0,0,0,0,0,0,0,0,0,0,0,0,0,0,0,0,0,0,0,0,0,0,0,0,0,0,0,0,0,0,100,0,61,0,76,0,83,0,383,0,0,0,0,0,0,0,0,0,0,0,21,0,0,0,33,0,6,0,0,0,3,0,3,0,5,0,1,0,12,0,0,10,23,0,0,0,0,8,10,0,0,0,0,0,0,0,0,0,0,0,0,0,0,0,0,0,0,0,0,0,0,0,0,1,0,1,0,0,0,4,0,0,0,0,25,16,2,0,0,0
17,0,225,0,262,201,0,0,9,0,30,33,112,461,329,0,89,0,0,390,309,55,221,0,83,0,224,257,0,0,41,0,0,0,198,0,50,0,0,0,17,27,101,0,17,0,23,0,0,0,276,0,0,0,0,0,0,0,0,0,0,0,0,0,0,0,0,0,0,0,0,0,7,0,0,0,0,0,0,0,0,0,0,0,0,0,0,0,0,0,0,0,0,0,0,0,215,0,0,0,0,0,0,0,0,0,0,0,0,0,0,0,0,0,0,0,0,0,0,0,0,0,0,0,0,0,0,0,0,0,0,0,0,0,0,0,0,0,0,0,0,0,0,0,0,0,0,0,59,0,0,0,0,0,0,0,2,0,0,0,0,0,0,0,69,0,55,0,78,0,4,0,0,0,0,0,98,53,21,0,0,0,22,0,29,0,0,6,0,0,0,0,0,0,0,0,0,0,0,0,209,0,0,0,0,0,0,0,0,0,152,214,243,0,49,0,0,0,7,0,0,0,0,0,0
0,47,0,135,284,288,0,0,0,22,65,37,473,58,247,268,0,25,390,0,181,226,0,131,0,0,54,333,0,0,0,66,0,0,163,431,22,43,0,0,8,3,32,95,2,15,0,23,0,1,171,251,0,0,0,45,0,0,0,0,0,0,0,0,0,19,0,0,0,0,0,0,0,0,0,0,0,0,0,0,0,0,0,0,0,198,0,70,0,0,0,0,0,0,0,0,0,0,0,0,0,0,0,0,0,0,0,0,0,0,0,0,0,0,0,0,0,0,0,0,0,0,0,0,0,0,0,17,0,0,0,0,0,0,0,210,0,136,0,0,0,0,0,0,0,0,0,31,0,74,0,14,0,0,0,0,0,7,0,0,0,0,0,8,0,195,0,43,0,24,0,21,0,26,0,0,45,62,115,22,0,0,0,5,0,0,0,12,0,0,0,0,0,0,0,0,0,0,0,0,0,0,0,0,0,0,0,0,0,0,0,0,0,0,63,0,0,0,209,156,248,74,0,0,0
25,0,247,0,555,209,0,0,0,0,115,118,118,136,586,112,316,1,309,181,0,88,245,0,86,0,306,0,3,0,54,0,8,18,60,23,11,18,1,0,0,0,73,8,60,0,0,0,0,0,103,0,10,0,0,0,0,0,0,0,0,0,67,0,0,0,0,0,0,0,0,0,0,0,0,0,0,0,0,0,0,0,0,0,85,0,0,0,0,0,0,0,0,0,0,0,180,0,0,0,26,0,0,0,10,0,0,0,0,0,0,0,0,0,0,0,0,0,0,0,0,0,41,0,0,0,0,0,0,0,2,0,0,0,0,0,0,0,0,0,0,0,0,0,0,0,0,0,0,0,0,0,0,0,0,0,0,0,0,0,0,0,0,0,0,0,56,0,45,0,0,0,26,0,0,0,40,12,61,1,0,0,25,0,0,0,14,0,0,0,0,0,0,0,0,0,0,0,0,0,98,0,0,0,0,0,0,0,0,0,169,159,109,55,62,0,0,0,0,0,0,0,0,0,0
0,0,0,35,271,189,0,0,0,0,164,73,90,21,278,419,0,99,55,226,88,0,36,463,0,75,0,173,0,59,46,122,15,55,23,134,11,39,0,0,0,0,0,61,0,0,0,23,0,0,16,70,0,0,0,0,0,0,0,0,0,2,0,34,0,0,0,0,0,0,0,0,0,0,0,17,0,0,0,0,0,214,0,0,0,356,0,0,0,0,0,0,0,0,0,0,0,63,0,124,0,0,0,0,0,0,0,0,0,0,0,0,0,0,0,0,0,0,0,0,0,122,0,0,0,0,0,0,0,0,0,0,0,0,0,118,0,0,0,133,0,195,0,736,0,22,0,0,0,0,1,0,0,0,0,32,0,0,0,21,0,0,0,0,0,43,0,69,0,47,0,25,0,45,0,0,0,64,29,101,0,0,0,3,0,6,1,2,0,0,0,0,0,0,0,0,0,0,0,0,0,0,0,0,0,0,0,0,0,0,0,0,0,0,53,0,0,0,254,134,138,57,2,7,0
32,232,638,139,171,288,21,0,3,0,48,263,6,0,298,313,35,56,221,0,245,36,0,273,84,0,214,0,0,0,38,0,6,108,14,0,6,83,31,29,0,0,0,0,23,0,0,0,0,0,14,0,0,0,57,0,10,0,0,0,5,0,15,0,0,0,0,0,0,0,0,0,0,0,4,0,0,0,0,0,0,0,0,0,0,0,0,0,0,0,0,0,0,0,0,0,79,0,0,0,15,0,0,0,0,0,57,0,0,0,0,0,0,0,0,0,0,0,0,0,0,0,0,0,0,0,0,0,37,0,8,0,0,0,62,0,32,0,0,0,0,0,80,0,1,0,0,0,0,0,0,0,0,0,1,0,0,0,0,0,0,0,0,0,0,0,13,3,13,2,0,0,33,0,0,0,67,8,0,0,0,0,61,0,0,3,0,0,0,0,0,0,0,0,0,0,0,0,44,0,86,0,0,0,0,0,0,0,0,0,22,100,23,21,19,0,0,0,5,0,0,0,0,0,0
410,34,220,98,91,209,0,0,86,11,107,60,0,1,54,420,149,65,0,131,0,463,273,0,329,30,0,0,0,90,13,73,44,154,0,44,8,14,109,135,0,0,0,12,0,0,0,1,0,0,0,0,0,4,0,53,0,17,0,0,34,4,0,66,0,2,0,0,0,0,0,0,0,0,0,4,0,0,0,0,0,0,0,0,0,127,0,37,0,0,0,0,0,0,0,0,0,70,0,0,0,0,0,0,0,0,0,0,0,0,0,0,0,0,0,0,0,0,0,0,0,13,0,15,0,0,0,0,0,0,0,0,0,0,0,147,0,0,0,0,0,35,0,321,0,0,0,0,0,0,0,0,0,0,0,0,0,0,0,3,0,0,0,0,0,0,0,17,0,4,0,1,4,35,0,0,37,92,0,60,0,0,15,6,0,0,0,0,0,0,0,0,0,0,0,0,0,0,0,0,0,0,0,0,0,0,0,0,0,0,0,0,0,0,32,0,0,0,58,27,78,22,0,1,0
53,694,325,144,8,0,289,167,41,99,0,0,0,0,83,45,155,221,83,0,86,0,84,329,0,393,0,0,42,49,26,0,13,25,0,0,0,73,68,202,0,0,0,0,0,0,0,0,10,0,0,0,39,0,200,0,60,0,18,0,57,42,263,75,0,0,0,0,0,0,0,0,0,0,0,0,0,0,0,0,0,0,0,0,0,8,0,0,0,0,0,0,0,0,0,0,0,0,0,0,0,0,0,0,0,0,62,0,0,0,0,0,0,0,0,0,0,0,0,0,0,0,0,0,0,0,0,0,166,0,12,0,20,0,107,0,51,0,2,0,0,0,144,0,0,0,0,0,4,0,6,0,0,0,21,0,0,0,0,0,12,0,0,0,0,0,3,0,0,0,21,0,65,15,0,0,58,22,0,0,0,0,32,0,2,0,0,0,0,0,0,0,0,0,0,0,0,0,58,0,106,0,0,0,0,0,0,0,11,0,43,107,52,36,37,0,0,0,0,0,0,0,0,0,0
211,17,0,74,0,18,176,102,586,54,0,0,0,2,0,30,0,122,0,0,0,75,0,30,393,0,0,0,0,101,0,0,0,36,0,0,0,0,0,160,0,1,0,0,0,3,0,0,0,1,0,0,144,13,196,253,0,62,0,22,41,23,152,231,0,0,0,0,0,0,0,0,0,0,0,0,0,0,0,0,0,0,0,0,0,0,0,0,0,0,0,0,0,0,0,0,0,0,0,0,0,0,0,0,0,3,0,0,0,0,0,0,0,0,0,0,0,0,0,0,0,0,0,0,0,0,0,8,0,0,0,0,0,17,0,144,0,97,0,22,0,16,0,92,0,0,0,0,0,0,0,0,0,0,0,4,0,0,0,3,0,7,0,0,0,0,0,0,0,5,0,0,0,48,0,0,41,50,0,0,0,0,7,7,0,0,0,0,0,0,0,0,0,0,0,0,0,0,0,6,0,8,0,0,0,0,0,0,0,10,0,0,0,0,70,0,0,0,88,20,115,40,0,5,0
50,0,237,0,233,0,0,0,18,0,52,0,212,333,137,0,423,0,224,54,306,0,214,0,0,0,0,453,0,0,26,0,0,0,34,0,34,0,0,0,70,212,425,104,296,155,152,294,11,4,111,0,34,0,0,0,0,0,0,0,2,0,0,0,0,0,0,0,0,0,0,0,0,0,0,0,0,0,0,0,0,0,0,0,252,0,0,0,0,0,0,0,0,0,0,0,0,0,0,0,0,0,0,0,0,0,0,0,0,0,0,0,0,0,0,0,0,0,0,0,0,0,0,0,8,0,0,0,0,0,12,0,0,0,170,0,0,0,0,0,0,0,0,0,0,0,0,0,62,0,19,0,0,0,0,0,0,0,0,0,0,0,0,0,106,0,10,0,0,0,1,0,0,0,0,0,36,49,19,0,0,0,30,0,43,0,119,0,0,0,0,0,0,0,0,0,0,0,0,0,335,0,0,0,0,0,0,0,0,0,119,335,271,47,33,0,1,12,0,0,0,0,0,0,0
0,84,0,125,33,308,0,0,0,16,0,131,629,111,0,59,0,15,257,333,0,173,0,0,0,0,453,0,0,0,0,8,0,0,95,82,4,7,0,0,178,12,236,457,0,502,72,147,0,17,259,341,0,0,0,0,0,0,0,0,0,0,0,0,0,10,0,0,0,0,0,0,0,0,0,16,0,0,0,0,0,0,0,0,0,0,0,0,0,0,0,0,0,0,0,0,0,0,0,0,0,0,0,0,0,0,0,0,0,0,0,0,0,0,0,1,0,0,0,0,0,0,0,0,0,0,0,0,0,0,0,0,0,0,0,49,0,79,0,0,0,0,0,0,0,0,0,0,0,42,0,8,0,0,0,0,0,0,0,0,0,0,0,0,0,331,0,8,0,0,0,0,0,0,0,0,43,92,32,7,0,0,0,0,0,6,101,18,0,0,0,0,0,0,0,0,0,0,0,0,0,0,0,0,0,0,0,0,0,27,0,0,0,0,0,0,0,0,161,625,455,55,0,0,4
67,0,137,0,0,0,6,0,0,0,0,0,0,0,0,0,189,0,0,0,3,0,0,0,42,0,0,0,0,0,26,0,4,0,34,0,37,2,43,0,0,0,39,0,15,0,0,0,0,0,11,0,25,0,5,0,0,0,0,0,1,0,58,0,0,0,0,0,0,0,5,0,0,0,5,0,0,0,0,0,0,0,0,0,0,0,0,0,0,0,0,0,0,0,0,0,58,0,0,0,0,0,0,0,0,0,0,0,0,0,0,0,0,0,0,0,0,0,0,0,7,0,13,0,0,0,0,0,0,0,0,0,0,0,12,0,12,0,27,0,13,0,71,0,2,0,0,0,0,0,0,0,0,0,3,0,2,0,0,0,0,0,0,0,0,0,0,0,0,0,0,0,0,0,0,0,18,2,0,0,0,0,46,0,0,0,0,0,0,0,0,0,0,0,0,0,0,0,0,0,0,0,0,0,1,0,0,0,0,0,1,2,1,0,0,0,0,0,0,1,0,0,0,0,0
0,99,29,120,0,0,0,70,0,0,0,5,0,0,0,61,10,31,0,0,0,59,0,90,49,101,0,0,0,0,0,53,0,57,0,77,0,26,0,8,0,0,0,79,0,3,0,0,0,0,0,61,0,32,0,12,0,9,0,0,5,0,0,26,0,0,0,0,0,0,0,1,0,0,0,0,0,0,0,0,0,0,0,0,0,11,0,0,0,0,0,0,0,0,0,0,0,0,0,0,0,0,0,0,0,0,0,0,0,0,0,0,0,0,0,0,0,0,0,0,0,0,0,0,0,3,0,0,0,0,0,0,0,2,0,0,0,0,0,127,0,89,0,109,0,11,0,0,0,0,0,0,0,0,0,26,0,0,0,30,0,0,0,0,0,0,0,0,0,0,0,0,0,2,0,0,4,0,0,1,0,0,0,5,0,0,0,0,0,0,0,0,0,0,0,0,0,0,0,0,0,0,0,0,0,0,0,0,0,0,0,0,0,0,0,0,0,0,3,0,9,0,0,0,0
20,0,130,0,463,0,0,0,0,0,143,0,0,0,338,0,304,0,41,0,54,46,38,13,26,0,26,0,26,0,0,0,10,0,11,0,112,0,0,0,0,0,30,0,0,0,0,0,0,0,21,0,9,0,0,0,0,0,0,0,0,0,32,0,0,0,0,0,0,0,10,0,1,0,0,0,0,0,0,0,0,0,0,0,32,0,0,0,0,0,0,0,0,0,0,0,0,0,0,0,0,0,0,0,0,0,0,0,0,0,0,0,0,0,0,0,0,0,0,0,0,0,0,0,1,0,0,0,0,0,0,0,0,0,0,0,0,0,0,0,0,0,0,0,0,0,0,0,0,0,0,0,0,0,4,0,0,0,0,0,0,0,0,0,0,0,65,2,0,0,2,0,3,0,0,0,44,0,50,0,0,0,0,0,0,0,0,0,0,0,0,0,0,0,0,0,0,0,0,0,0,0,0,0,0,0,0,0,0,0,72,50,66,0,22,0,0,0,2,0,0,0,0,0,0
0,0,0,0,0,189,0,0,0,0,0,55,0,0,72,238,0,29,0,66,0,122,0,73,0,0,0,8,0,53,0,0,0,2,0,34,0,0,0,0,0,2,0,24,0,5,0,0,0,0,0,43,0,0,0,0,0,0,0,0,0,0,0,14,0,0,0,0,0,0,0,0,0,0,0,0,0,3,0,0,0,0,0,0,0,71,0,0,0,0,0,0,0,0,0,0,0,0,0,0,0,0,0,0,0,0,0,0,0,0,0,0,0,0,0,0,0,0,0,0,0,0,0,13,0,0,0,0,0,0,0,5,0,0,0,0,0,0,0,0,0,73,0,0,0,13,0,0,0,0,0,0,0,0,0,0,0,0,0,0,0,0,0,0,0,16,0,77,0,14,0,0,0,11,0,0,0,56,0,59,0,0,0,0,0,0,0,0,0,0,0,0,0,0,0,0,0,0,0,0,0,0,0,0,0,0,0,0,1,0,0,0,0,0,18,0,0,0,37,23,51,0,0,0,0
96,0,323,0,562,0,0,0,0,0,344,0,0,0,94,74,106,0,0,0,8,15,6,44,13,0,0,0,4,0,10,0,0,0,30,0,246,0,2,0,0,0,34,0,0,0,0,0,0,0,7,0,24,0,0,0,0,0,0,0,6,0,34,0,0,0,0,0,0,0,19,0,0,0,0,0,0,0,0,0,0,0,0,0,43,0,13,0,0,0,0,0,0,0,0,0,0,1,0,0,0,0,0,0,0,0,0,0,0,0,0,0,0,0,0,0,0,0,0,0,0,0,42,0,0,0,0,0,0,0,2,0,0,0,13,0,0,0,43,0,28,0,110,0,22,0,0,0,0,0,0,0,0,0,15,0,5,0,0,0,0,0,0,0,0,0,53,0,0,0,0,0,9,0,0,0,69,11,158,0,0,0,0,0,0,0,0,0,0,0,0,0,0,0,0,0,0,0,0,0,0,0,0,0,0,0,0,0,0,0,20,34,66,23,9,0,0,1,0,0,0,0,0,0,0
0,171,103,291,0,430,0,0,0,0,0,157,0,0,64,662,28,18,0,0,18,55,108,154,25,36,0,0,0,57,0,2,0,0,0,92,0,85,0,8,0,0,0,21,0,3,0,0,0,0,0,38,0,0,0,0,0,0,0,0,0,0,0,24,0,0,0,0,0,0,0,0,0,0,0,0,0,0,0,0,0,0,0,0,0,36,0,0,0,0,0,0,0,0,0,0,0,0,0,0,0,0,0,0,0,0,0,0,0,0,0,0,0,0,0,0,0,0,0,0,0,15,0,0,0,0,0,0,0,0,0,0,0,0,0,0,0,0,0,40,0,80,0,156,0,0,0,0,0,0,0,0,0,0,0,0,0,2,0,0,0,0,0,0,0,0,0,113,0,7,0,0,0,23,0,0,36,127,0,150,0,0,0,0,0,0,0,1,0,0,0,0,0,0,0,0,0,0,0,0,0,0,0,0,0,0,0,0,0,0,0,0,0,0,0,0,0,0,33,16,59,0,0,0,0
0,0,21,0,241,79,0,0,0,0,34,0,170,0,99,0,137,0,198,163,60,23,14,0,0,0,34,95,34,0,11,0,30,0,0,0,145,0,0,0,0,0,38,0,16,0,0,0,0,0,21,6,0,0,0,0,0,0,0,0,0,0,27,0,0,0,0,0,0,0,0,0,0,0,6,0,0,0,0,0,0,0,0,0,0,0,0,0,0,0,0,0,0,0,0,0,0,0,0,0,0,0,0,0,0,0,0,0,0,0,0,0,0,0,0,0,0,0,0,0,0,0,0,0,0,0,0,0,0,0,0,0,0,0,0,0,0,0,0,0,14,0,0,0,0,0,0,0,0,0,0,0,0,0,0,0,0,0,0,0,0,0,1,0,7,0,27,0,0,0,0,0,0,0,0,0,39,0,57,0,0,0,0,0,3,0,9,2,0,0,0,0,0,0,0,0,0,0,0,0,0,0,0,0,0,0,0,0,0,0,56,76,65,0,14,0,0,0,0,0,0,0,0,0,0
0,14,0,0,0,336,0,0,0,0,20,81,0,88,0,166,0,0,0,431,23,134,0,44,0,0,0,82,0,77,0,34,0,92,0,0,0,345,0,3,0,0,1,21,0,32,0,0,0,0,0,54,0,0,0,0,0,0,0,0,0,1,0,29,0,0,0,0,0,0,0,5,0,0,0,0,0,0,0,0,0,94,0,0,0,0,0,0,0,0,0,0,0,0,0,0,0,0,0,0,0,0,0,0,0,0,0,0,0,0,0,0,0,0,0,0,0,0,0,0,0,0,0,0,0,0,0,0,0,0,0,0,0,0,0,0,0,0,0,0,0,196,0,348,0,0,0,0,0,0,0,0,0,0,0,0,0,0,0,0,0,0,0,0,0,51,0,82,0,19,0,24,0,31,0,0,0,83,0,38,0,0,0,0,0,0,0,0,0,0,0,0,0,0,0,0,0,0,0,0,0,0,0,0,0,0,0,0,0,0,0,0,0,0,0,0,0,0,133,181,109,28,0,0,0
49,0,0,0,416,36,0,0,0,0,189,9,33,0,115,0,35,0,50,22,11,11,6,8,0,0,34,4,37,0,112,0,246,0,145,0,0,0,203,0,0,0,75,0,65,0,0,0,0,0,168,0,27,0,7,0,8,0,2,0,11,0,55,0,0,0,0,0,0,0,62,0,0,0,43,0,0,0,0,0,0,0,0,0,0,0,0,0,0,0,27,0,0,0,0,0,136,0,40,0,0,0,0,0,0,0,0,0,0,0,0,0,0,0,0,0,0,0,0,0,103,0,114,0,0,0,0,0,0,0,0,0,21,0,15,0,102,0,266,0,188,0,232,0,119,0,0,0,0,0,0,0,0,0,56,0,17,0,33,0,0,0,7,0,6,0,58,0,52,0,9,0,25,0,0,0,33,4,53,0,0,0,0,0,0,0,0,0,0,0,0,0,0,0,0,0,0,0,0,0,0,0,0,0,0,0,0,0,0,0,37,17,76,41,13,0,0,0,0,0,0,0,0,0,0
0,215,89,115,0,531,0,0,0,0,0,195,0,0,73,340,24,6,0,43,18,39,83,14,73,0,0,7,2,26,0,0,0,85,0,345,0,0,0,18,0,0,0,70,0,18,0,0,0,0,1,120,0,0,0,0,0,19,0,0,0,6,0,60,0,0,0,0,0,0,0,0,0,0,0,12,0,0,0,0,0,0,0,0,0,71,0,0,0,0,0,0,0,0,0,0,0,0,0,0,0,0,0,0,0,0,0,0,0,0,0,0,0,0,0,0,0,0,0,0,0,0,0,0,0,0,0,0,0,0,0,0,0,0,0,0,0,0,0,220,0,260,0,187,0,139,0,0,0,0,0,0,0,0,0,36,0,15,0,58,0,0,0,0,0,23,0,80,0,26,0,6,0,125,0,0,31,88,4,150,0,0,0,9,0,26,0,1,0,0,0,0,0,0,0,0,0,0,0,0,0,0,0,0,0,0,0,0,0,0,0,0,0,0,17,0,0,0,25,24,82,0,0,0,0
404,0,565,0,61,0,0,0,36,0,71,9,0,0,0,0,193,30,0,0,1,0,31,109,68,0,0,0,43,0,0,0,2,0,0,0,203,0,0,0,0,0,3,0,0,0,0,0,2,0,0,0,18,0,0,0,0,0,0,0,6,0,32,0,0,0,0,0,0,0,0,0,0,0,7,0,0,0,0,0,0,0,0,0,19,0,0,0,0,0,0,0,0,0,0,0,0,0,0,0,0,0,0,0,0,0,0,0,0,0,0,0,0,0,0,0,0,0,0,0,0,0,0,0,0,0,0,0,0,0,0,0,4,0,0,0,19,0,62,0,33,0,31,0,20,0,0,0,0,0,0,0,0,0,36,0,29,0,14,0,0,0,0,0,0,0,16,0,0,0,2,0,173,0,0,0,57,0,29,0,0,0,170,0,0,0,0,0,0,0,0,0,0,0,0,0,0,0,0,0,0,0,0,0,0,0,0,0,0,0,0,24,12,0,0,0,0,0,0,0,0,0,0,0,0
115,453,0,393,0,119,54,0,0,150,0,39,0,0,0,203,34,23,0,0,0,0,29,135,202,160,0,0,0,8,0,0,0,8,0,3,0,18,0,0,0,0,0,8,0,0,0,0,0,0,0,10,0,9,0,0,0,0,0,0,0,18,9,17,0,0,0,0,0,0,0,0,0,0,0,0,0,0,0,0,0,0,0,0,0,0,0,0,0,0,0,0,0,0,0,0,0,0,0,0,0,0,0,0,0,0,0,0,0,0,0,0,0,0,0,0,0,0,0,0,0,0,0,0,0,0,0,0,0,0,0,0,0,0,0,0,0,0,0,11,0,11,0,22,0,6,0,0,0,0,0,0,0,0,0,5,0,3,0,15,0,0,0,0,0,0,0,4,0,0,0,0,0,103,0,0,6,72,0,0,0,0,0,39,0,0,0,0,0,0,0,0,0,0,0,0,0,0,0,0,0,0,0,0,0,0,0,0,0,0,0,0,0,0,0,0,0,0,0,4,4,0,0,0,0
25,0,37,0,98,0,0,0,0,0,82,0,288,38,0,0,0,0,17,8,0,0,0,0,0,0,70,178,0,0,0,0,0,0,0,0,0,0,0,0,0,219,51,32,70,201,260,512,105,49,0,0,0,0,0,0,0,0,0,0,0,0,0,0,0,0,0,0,0,0,0,0,0,0,0,0,0,0,0,0,0,0,0,0,0,0,0,0,0,0,0,0,0,0,0,0,0,0,0,0,0,0,0,0,0,0,0,0,0,0,0,0,0,0,0,0,0,0,0,0,0,0,0,0,0,0,0,0,0,0,0,0,0,0,0,0,0,0,0,0,0,0,0,0,0,0,0,0,4,0,0,0,0,0,0,0,0,0,0,0,0,0,0,0,0,0,0,0,0,0,0,0,0,0,0,0,15,117,37,0,0,0,7,0,0,0,142,11,0,0,0,0,0,0,0,0,0,0,0,0,5,0,0,0,0,0,0,0,0,0,7,105,0,0,0,0,0,49,0,0,0,0,0,0,0
0,51,0,31,0,45,0,0,0,0,0,87,98,237,0,3,0,0,27,3,0,0,0,0,0,1,212,12,0,0,0,2,0,0,0,0,0,0,0,0,219,0,59,5,56,66,203,416,16,228,21,0,0,0,0,0,0,0,0,0,0,0,0,0,0,0,0,0,0,0,0,0,0,0,0,0,0,0,0,0,0,0,0,0,0,0,0,0,0,0,0,0,0,0,0,0,0,0,0,0,0,0,0,0,0,0,0,0,0,0,0,0,0,0,0,0,0,0,0,0,0,0,0,0,0,0,0,0,0,0,0,0,0,0,0,1,0,0,0,0,0,0,0,0,0,0,0,0,0,0,0,0,0,0,0,0,0,0,0,0,0,0,0,0,0,0,0,0,0,0,0,0,0,0,0,0,0,232,0,18,0,18,0,0,0,0,54,12,0,0,0,0,0,0,0,0,0,0,0,0,0,0,0,0,0,0,0,0,0,0,0,9,0,0,0,0,0,3,0,18,1,0,0,0,8
0,0,14,0,0,0,5,0,0,0,31,0,189,139,0,0,73,0,101,32,73,0,0,0,0,0,425,236,39,0,30,0,34,0,38,1,75,0,3,0,51,59,0,0,330,56,111,131,102,0,55,0,0,0,8,0,0,0,0,0,0,0,10,0,0,0,0,0,0,0,0,0,0,0,0,0,0,0,0,0,0,0,0,0,25,0,0,0,0,0,0,0,0,0,0,0,0,0,0,0,0,0,0,0,0,0,0,0,0,0,0,0,0,0,0,0,0,0,0,0,0,0,0,0,0,0,0,0,0,0,0,0,0,0,0,0,0,0,0,0,0,0,0,0,12,0,0,0,0,0,0,0,0,0,0,0,0,0,0,0,0,0,0,0,56,0,21,0,0,0,7,0,14,0,0,0,40,13,56,0,0,0,13,0,0,0,105,0,0,0,0,0,0,0,0,0,0,0,0,0,0,0,0,0,0,0,0,0,0,0,39,143,133,29,23,0,0,25,0,0,0,0,0,0,0
0,0,0,0,0,0,0,0,0,0,0,11,116,213,0,18,0,11,0,95,8,61,0,12,0,0,104,457,0,79,0,24,0,21,0,21,0,70,0,8,32,5,0,0,0,121,0,67,1,15,42,88,0,0,0,1,0,0,0,0,0,0,0,34,0,0,0,1,0,0,0,0,0,0,0,10,0,0,0,0,0,0,0,0,0,0,0,0,0,0,0,0,0,0,0,0,0,0,0,0,0,0,0,0,0,0,0,0,0,0,0,0,0,0,0,0,0,0,0,0,0,0,0,13,0,0,0,0,0,0,0,0,0,0,0,0,0,0,0,93,0,139,0,0,0,34,0,0,0,0,0,0,0,0,0,0,0,0,0,0,0,0,0,0,0,45,0,13,0,9,0,0,0,15,0,0,11,182,2,5,0,0,0,0,0,0,47,67,0,0,0,0,0,0,0,0,0,0,0,0,0,0,0,0,0,0,0,0,0,0,0,0,0,0,0,0,0,0,75,76,67,0,0,0,0
0,0,45,0,0,0,0,0,5,0,45,1,76,0,0,0,91,0,17,2,60,0,23,0,0,0,296,0,15,0,0,0,0,0,16,0,65,0,0,0,70,56,330,0,0,33,194,120,256,18,84,0,17,0,0,0,0,0,0,0,0,0,72,0,0,0,0,0,0,0,33,0,0,0,32,0,0,0,0,0,0,0,0,0,123,0,55,0,0,0,0,0,0,0,0,0,219,0,0,0,28,0,19,0,0,0,106,0,0,0,0,0,0,0,0,0,0,0,0,0,69,0,57,0,0,0,0,0,0,0,0,0,0,0,34,0,0,0,0,0,0,0,193,0,0,0,0,0,0,0,0,0,0,0,0,0,0,0,0,0,11,0,12,0,106,0,24,0,100,0,14,0,47,0,0,0,13,28,23,0,0,0,8,0,0,0,55,0,0,0,0,0,0,0,0,0,0,0,0,0,64,0,0,0,0,0,1,0,0,0,116,257,212,49,45,0,1,83,6,1,0,0,0,0,1
0,14,0,8,0,29,0,0,0,0,0,21,57,64,0,10,0,3,0,15,0,0,0,0,0,3,155,502,0,3,0,5,0,3,0,32,0,18,0,0,201,66,56,121,33,0,128,309,18,221,0,120,0,0,0,0,0,0,0,0,0,0,0,0,0,0,0,0,0,2,0,0,0,0,0,0,0,4,0,0,0,18,0,0,0,0,0,0,0,0,0,0,0,0,0,13,0,0,0,0,0,0,0,0,0,0,0,0,0,0,0,0,0,0,0,0,0,0,0,0,0,11,0,0,0,2,0,0,0,0,0,0,0,0,0,0,0,5,0,0,0,0,1,19,0,8,0,0,0,0,0,0,0,0,0,0,0,0,0,0,0,0,0,0,0,208,0,26,0,21,0,29,0,53,0,0,0,120,0,6,0,0,0,0,0,0,47,62,0,0,0,0,0,0,0,0,0,0,0,0,0,0,0,0,0,0,0,0,0,3,0,5,0,0,21,0,0,0,80,360,402,24,0,0,108
35,0,71,0,152,0,0,0,16,0,161,0,293,0,12,0,0,0,23,0,0,0,0,0,0,0,152,72,0,0,0,0,0,0,0,0,0,0,0,0,260,203,111,0,194,128,0,371,138,75,0,0,0,0,7,0,0,0,0,0,0,0,0,0,0,0,0,0,0,0,0,0,0,0,0,0,0,0,0,0,0,0,0,0,0,0,0,0,0,0,0,0,0,0,0,0,49,0,0,0,0,0,0,0,0,0,0,0,0,0,0,0,0,0,0,0,0,0,0,0,0,0,0,0,0,0,0,0,0,0,0,0,0,0,23,0,0,0,0,0,0,0,0,0,0,0,0,0,25,0,13,0,0,0,0,0,0,0,0,0,0,0,0,0,0,0,0,0,0,0,0,0,0,0,0,0,22,70,35,0,0,0,28,0,0,0,102,10,0,0,0,0,0,0,0,0,0,0,0,0,0,0,0,0,0,0,0,0,0,0,0,276,85,0,7,0,0,153,0,2,0,0,0,0,0
0,80,0,81,0,126,0,7,0,0,0,142,128,255,0,5,0,0,0,23,0,23,0,1,0,0,294,147,0,0,0,0,0,0,0,0,0,0,0,0,512,416,131,67,120,309,371,0,42,148,62,34,0,0,0,0,0,0,0,0,0,0,0,0,0,1,0,0,0,0,0,0,0,0,0,0,0,0,0,0,0,0,0,0,0,0,0,0,0,0,0,0,0,0,0,0,0,0,0,0,0,0,0,0,0,0,0,0,0,0,0,0,0,0,0,0,0,0,0,0,0,0,0,0,0,0,0,0,0,0,0,0,0,0,0,0,0,0,0,0,0,0,0,0,0,0,0,0,0,0,0,4,0,0,0,0,0,0,0,0,0,0,0,0,0,56,0,0,0,0,0,0,0,0,0,0,0,220,0,2,0,0,0,0,0,0,110,21,0,0,0,0,0,0,0,0,0,0,0,0,0,0,0,0,0,0,0,0,0,6,0,9,0,0,0,0,0,7,0,255,24,0,0,0,38
24,1,25,0,11,0,49,0,16,0,22,0,23,0,3,0,0,0,0,0,0,0,0,0,10,0,11,0,0,0,0,0,0,0,0,0,0,0,2,0,105,16,102,1,256,18,138,42,0,28,26,0,9,0,20,0,35,0,26,1,0,0,0,0,0,1,0,0,6,0,0,0,0,0,0,0,4,0,2,0,9,0,13,0,0,0,14,0,10,0,0,0,0,0,22,0,0,0,0,0,18,0,27,1,7,0,0,0,0,0,0,0,0,0,0,0,0,0,0,0,0,0,0,0,0,0,3,0,3,0,4,0,0,0,26,0,6,0,0,0,0,0,0,0,0,0,0,0,6,1,8,0,0,0,1,0,4,0,0,0,11,1,14,1,9,0,8,0,41,0,7,0,32,0,0,0,56,18,40,0,9,0,4,0,0,0,256,0,10,0,0,0,0,0,25,0,0,0,20,0,23,0,39,0,0,0,0,0,26,0,63,73,152,3,24,22,1,37,1,1,19,1,0,0,6
0,0,0,0,0,0,0,0,0,0,0,19,0,24,0,0,0,0,0,1,0,0,0,0,0,1,4,17,0,0,0,0,0,0,0,0,0,0,0,0,49,228,0,15,18,221,75,148,28,0,0,5,0,0,0,0,0,0,0,0,0,0,0,0,0,0,0,0,0,0,0,0,0,0,0,3,0,0,0,0,0,0,0,4,0,16,0,15,0,0,0,0,0,0,0,0,0,0,0,0,0,5,0,0,0,0,0,0,0,0,0,0,0,0,0,0,0,0,0,0,0,8,0,1,0,0,0,0,0,0,0,0,0,0,0,0,0,0,0,1,0,0,0,22,0,0,0,0,0,0,0,0,0,0,0,0,0,0,0,0,0,0,0,0,0,5,0,0,0,5,0,0,0,3,0,0,0,196,2,7,0,0,0,2,0,0,31,71,0,0,0,0,0,0,0,0,0,0,0,0,0,0,0,0,0,0,0,0,0,2,0,8,0,0,0,0,0,15,10,72,16,0,0,0,39
0,0,0,0,131,0,0,0,0,0,27,7,418,191,31,0,81,0,276,171,103,16,14,0,0,0,111,259,11,0,21,0,7,0,21,0,168,1,0,0,0,21,55,42,84,0,0,62,26,0,0,0,8,0,0,0,0,0,2,0,0,0,15,0,0,0,1,0,0,0,21,0,0,0,15,0,0,0,0,0,0,0,0,0,28,0,29,0,0,0,0,0,0,0,0,0,88,0,0,0,0,0,0,0,0,0,0,0,0,0,0,0,0,0,0,0,0,0,0,0,34,0,34,0,0,0,0,0,0,0,0,0,5,0,0,0,0,0,16,0,13,0,81,0,22,0,0,0,0,0,0,0,0,0,7,0,0,0,0,0,0,0,16,0,52,0,45,0,188,0,9,0,16,0,1,0,72,0,95,0,0,0,6,0,0,0,94,9,0,0,0,0,0,0,0,0,5,0,0,0,0,0,0,0,0,0,0,0,0,0,74,117,130,58,42,0,0,1,0,0,0,0,0,0,0
0,0,0,0,0,153,0,0,0,0,0,54,0,334,0,14,0,7,0,251,0,70,0,0,0,0,0,341,0,61,0,43,0,38,6,54,0,120,0,10,0,0,0,88,0,120,0,34,0,5,0,0,0,0,0,0,0,0,0,18,0,0,0,21,0,0,0,3,0,0,0,0,0,0,0,0,0,4,0,0,0,0,0,0,0,105,0,0,0,0,0,0,0,0,0,0,0,14,0,0,0,0,0,0,0,0,0,0,0,0,0,0,0,0,0,0,0,0,0,0,0,0,0,0,0,0,0,0,0,0,0,0,0,0,0,0,0,0,0,74,0,132,0,254,0,47,0,0,0,0,0,0,0,0,0,24,0,0,0,0,0,0,0,9,0,15,0,46,0,23,0,30,0,34,0,0,0,109,0,34,0,0,0,0,0,2,7,152,0,0,0,0,0,0,0,0,0,0,0,0,0,0,0,0,0,0,0,0,0,0,0,0,0,0,20,0,0,0,83,47,59,16,0,0,0
16,0,0,0,2,0,118,101,513,138,0,0,0,0,0,0,94,0,0,0,10,0,0,0,39,144,34,0,25,0,9,0,24,0,0,0,27,0,18,0,0,0,0,0,17,0,0,0,9,0,8,0,0,31,209,121,119,16,73,35,120,0,73,30,0,0,22,83,0,0,0,0,0,0,0,0,0,0,0,0,0,0,0,0,26,0,0,0,0,0,0,0,0,0,0,0,46,0,0,0,0,0,0,0,0,0,0,0,0,0,0,0,0,0,0,0,0,0,0,0,0,0,8,0,0,0,0,0,154,0,4,0,18,0,19,0,45,0,162,0,30,0,167,0,13,0,0,0,0,0,1,0,0,0,139,0,220,0,55,0,4,0,0,0,0,0,0,0,10,0,109,0,0,0,0,0,70,18,0,0,0,0,0,0,77,8,0,0,0,0,0,0,0,0,0,0,0,0,0,0,13,0,0,0,0,0,0,0,5,0,7,0,136,21,17,0,0,0,0,0,0,0,0,0,0
0,0,0,0,0,0,0,63,103,122,0,0,0,0,0,2,0,49,0,0,0,0,0,4,0,13,0,0,0,32,0,0,0,0,0,0,0,0,0,9,0,0,0,0,0,0,0,0,0,0,0,0,31,0,35,94,0,69,87,78,0,125,0,152,0,0,51,118,0,0,0,0,0,0,0,0,0,0,0,0,0,0,0,0,0,0,0,0,0,0,0,0,0,0,0,0,0,0,0,0,0,0,0,0,0,0,0,0,0,0,0,0,0,0,0,0,0,0,0,0,0,0,0,0,0,2,0,0,0,8,0,5,0,11,0,31,0,26,0,168,0,81,0,110,0,6,0,0,0,0,0,0,0,0,2,123,6,111,0,52,0,10,0,0,0,0,0,0,0,0,0,20,0,7,0,3,0,22,0,0,0,0,0,17,4,197,0,0,0,0,0,0,0,0,0,0,0,0,0,0,0,0,0,0,0,0,0,0,0,3,0,4,0,0,0,0,0,1,0,0,9,0,0,0,0
13,48,52,0,0,0,451,135,231,246,0,0,0,0,46,0,15,8,0,0,0,0,57,0,200,196,0,0,5,0,0,0,0,0,0,0,7,0,0,0,0,0,8,0,0,0,7,0,20,0,0,0,209,35,0,154,71,6,69,0,15,0,16,47,0,0,6,79,0,0,0,0,0,0,0,0,1,0,0,0,0,0,1,0,2,0,0,0,0,0,0,0,0,0,0,0,5,0,0,0,0,0,0,0,0,0,6,0,0,0,0,0,0,0,0,0,0,0,0,0,0,0,0,0,0,0,0,0,84,0,9,0,3,0,45,0,21,0,3,0,2,0,26,0,0,0,0,0,0,0,4,0,0,0,21,0,8,0,11,0,13,0,0,0,0,0,0,0,20,0,92,0,0,0,0,0,24,8,0,0,0,0,11,0,0,8,0,0,0,0,0,0,0,0,0,0,0,0,0,0,31,0,0,0,0,0,0,0,16,0,173,44,246,327,182,4,106,0,5,0,4,0,0,0,0
0,16,0,70,0,40,0,441,328,150,0,2,0,2,0,133,0,38,0,45,0,0,0,53,0,253,0,0,0,12,0,0,0,0,0,0,0,0,0,0,0,0,0,1,0,0,0,0,0,0,0,0,121,94,154,0,0,258,157,37,0,25,0,161,0,6,131,31,0,0,0,0,0,0,0,0,0,0,0,0,0,0,0,0,0,0,0,0,0,0,0,0,0,0,0,0,0,0,0,0,0,0,0,0,0,0,0,0,0,0,0,0,0,0,0,0,0,0,0,0,0,0,0,0,0,0,0,0,0,2,0,8,0,0,0,43,0,67,0,9,0,8,0,18,0,0,0,1,0,0,0,0,0,0,12,24,18,0,0,0,0,9,0,0,0,5,0,0,0,21,0,129,0,59,0,2,0,6,0,0,0,0,0,13,0,102,0,0,0,0,0,0,0,0,0,0,0,0,0,0,0,3,0,0,0,0,0,0,0,6,0,0,0,0,283,0,0,0,297,46,363,567,0,128,0
6,0,12,0,0,0,61,0,25,0,0,0,0,0,0,0,12,0,0,0,0,0,10,0,60,0,0,0,0,0,0,0,0,0,0,0,8,0,0,0,0,0,0,0,0,0,0,0,35,0,0,0,119,0,71,0,0,36,257,84,2,0,4,0,8,37,28,156,0,0,0,0,0,0,0,0,0,0,0,0,0,0,0,0,0,0,0,0,0,0,0,0,0,0,0,0,0,0,0,0,0,0,0,0,0,0,0,0,0,0,0,0,0,0,0,0,0,0,0,0,0,0,0,0,6,0,17,0,60,0,20,0,0,0,20,0,0,0,11,0,0,0,3,0,34,0,0,0,0,0,12,0,0,0,157,37,20,3,45,29,58,0,31,0,0,0,12,0,38,0,161,0,0,0,0,7,1,0,0,0,45,0,0,0,0,7,0,0,0,0,0,0,0,0,0,0,0,0,9,0,0,0,0,0,0,0,2,0,23,0,455,77,593,717,901,0,189,16,0,0,2,0,0,0,0
0,0,0,0,0,0,0,33,0,17,0,0,0,0,0,0,0,31,0,0,0,0,0,17,0,62,0,0,0,9,0,0,0,0,0,0,0,19,0,0,0,0,0,0,0,0,0,0,0,0,0,0,16,69,6,258,36,0,70,331,0,6,0,51,0,4,38,19,0,0,0,0,0,0,0,0,0,0,0,0,0,0,0,0,0,0,0,0,0,0,0,0,0,4,0,0,0,0,0,0,0,0,0,0,0,0,0,0,0,0,0,0,0,0,0,0,0,0,0,0,0,0,0,0,0,17,0,0,0,31,0,0,0,28,0,75,0,88,0,43,0,30,0,82,0,1,0,0,0,1,0,0,0,0,0,107,0,17,0,44,0,80,0,0,0,0,0,0,0,42,0,357,0,57,0,2,0,0,0,0,0,0,0,0,14,50,0,0,0,0,0,0,0,0,0,0,0,0,0,0,0,0,0,0,0,0,0,0,0,19,0,0,0,0,412,0,0,0,258,22,505,503,13,86,3
2,0,0,0,0,0,59,0,108,64,0,0,0,0,0,0,0,0,0,0,0,0,0,0,18,0,0,0,0,0,0,0,0,0,0,0,2,0,0,0,0,0,0,0,0,0,0,0,26,0,2,0,73,87,69,157,257,70,0,193,0,0,0,0,288,28,60,438,0,0,0,0,0,0,0,0,0,0,0,0,0,0,0,0,0,0,0,0,0,0,0,0,0,0,0,0,0,0,0,0,0,0,0,0,0,0,0,0,0,0,0,0,0,0,0,0,0,0,0,0,0,0,0,0,11,0,0,0,0,0,31,0,0,0,0,0,0,0,0,0,0,0,0,0,15,0,0,0,10,0,3,0,0,0,41,17,127,10,1,9,60,6,0,0,0,0,5,0,19,0,0,0,0,0,0,9,14,0,0,0,29,3,0,0,161,62,0,0,0,0,0,0,0,0,0,0,0,0,1,0,0,0,0,0,0,0,1,0,0,0,779,412,200,631,1059,3,143,0,0,0,2,0,0,0,0
0,0,0,0,0,0,0,40,0,95,0,0,0,0,0,0,0,2,0,0,0,0,0,0,0,22,0,0,0,0,0,0,0,0,0,0,0,0,0,0,0,0,0,0,0,0,0,0,1,0,0,18,35,78,0,37,84,331,193,0,0,72,0,38,35,212,132,231,0,0,0,0,0,0,0,0,0,0,0,0,0,0,0,0,0,0,0,0,0,0,0,0,0,1,0,0,0,0,0,0,0,0,0,0,0,0,0,0,0,0,0,0,0,0,0,0,0,0,0,0,0,0,0,0,0,30,0,11,0,0,0,56,0,9,0,3,0,0,0,0,0,0,0,0,0,2,0,7,0,9,0,0,0,1,80,78,22,142,26,7,0,49,1,10,0,0,0,0,0,25,0,89,0,0,0,32,3,0,0,0,14,0,0,0,31,43,0,0,0,0,0,0,0,0,0,0,0,0,0,0,0,0,0,0,0,0,0,0,0,17,0,0,0,0,1154,0,0,1,911,318,461,1036,56,139,0
174,0,47,0,0,0,156,0,414,0,0,0,0,0,0,0,16,0,0,0,0,0,5,34,57,41,2,0,1,5,0,0,6,0,0,0,11,0,6,0,0,0,0,0,0,0,0,0,0,0,0,0,120,0,15,0,2,0,0,0,0,0,68,0,0,0,0,0,0,0,0,0,0,0,0,0,0,0,0,0,0,0,0,0,0,0,0,0,0,0,0,0,0,0,0,0,0,0,0,0,0,0,0,0,0,0,0,0,0,0,0,0,0,0,0,0,0,0,0,0,0,0,0,0,0,0,0,0,0,0,0,0,0,0,0,0,12,0,157,0,99,0,0,0,90,0,0,0,0,0,0,0,0,0,54,0,62,0,17,0,0,0,0,0,1,0,2,0,2,0,150,0,120,0,0,0,85,0,1,0,0,0,70,0,0,0,0,0,0,0,0,0,0,0,0,0,0,0,0,0,0,0,0,0,0,0,0,0,0,0,0,0,35,14,0,0,0,0,0,0,0,0,0,0,0
18,86,10,14,0,11,0,174,0,470,0,0,0,0,0,0,0,0,0,0,0,2,0,4,42,23,0,0,0,0,0,0,0,0,0,1,0,6,0,18,0,0,0,0,0,0,0,0,0,0,0,0,0,125,0,25,0,6,0,72,0,0,0,50,0,0,0,99,0,0,0,0,0,0,0,0,0,0,0,0,0,0,0,0,0,0,0,1,0,0,0,0,0,0,0,0,0,0,0,0,0,0,0,0,0,0,0,0,0,0,0,0,0,0,0,0,0,0,0,0,0,0,0,0,0,0,0,0,0,0,0,0,0,0,0,0,0,0,0,41,0,55,0,0,0,93,0,0,0,0,0,0,0,0,0,42,0,324,0,41,0,0,0,0,0,0,0,0,0,6,0,76,0,85,0,0,0,66,0,0,0,0,0,110,0,148,0,0,0,0,0,0,0,0,0,0,0,0,0,0,0,0,0,0,0,0,0,0,0,0,3,0,0,0,0,0,0,0,4,5,53,57,0,15,0
121,43,72,0,0,0,285,0,381,0,0,0,0,0,4,0,449,15,0,0,67,0,15,0,263,152,0,0,58,0,32,0,34,0,27,0,55,0,32,9,0,0,10,0,72,0,0,0,0,0,15,0,73,0,16,0,4,0,0,0,68,0,0,18,0,0,0,0,0,0,0,0,0,0,0,0,0,0,0,0,0,0,0,0,0,0,0,0,0,0,0,0,0,0,0,0,0,0,0,0,0,0,0,0,0,0,0,0,0,0,0,0,0,0,0,0,0,0,0,0,0,0,0,0,0,0,0,0,0,0,2,0,0,0,0,0,0,0,36,0,14,0,0,0,8,0,0,0,0,0,0,0,0,0,51,0,17,0,12,0,0,0,0,0,0,0,0,0,0,0,4,0,12,1,0,0,94,0,0,0,0,0,78,0,0,0,0,0,0,0,0,0,0,0,0,0,0,0,0,0,4,0,0,0,0,0,0,0,0,0,0,3,9,0,3,0,0,0,0,0,0,0,0,0,0
0,191,0,148,0,11,0,616,123,627,0,0,0,0,0,31,0,177,0,0,0,34,0,66,75,231,0,0,0,26,0,14,0,24,0,29,0,60,0,17,0,0,0,34,0,0,0,0,0,0,0,21,30,152,47,161,0,51,0,38,0,50,18,0,0,0,0,44,0,0,0,0,0,0,0,0,0,0,0,0,0,0,0,0,0,0,0,0,0,0,0,0,0,0,0,0,0,0,0,0,0,0,0,0,0,0,0,0,0,0,0,0,0,0,0,0,0,0,0,0,0,0,0,0,0,0,0,0,0,0,0,2,0,0,0,0,0,0,0,89,0,64,0,58,0,8,0,0,0,0,0,0,0,0,0,31,0,22,0,12,0,2,0,0,0,0,0,1,0,0,0,0,0,9,0,0,0,121,0,0,0,0,0,118,0,113,0,0,0,0,0,0,0,0,0,0,0,0,0,0,0,0,0,0,0,0,0,0,0,4,0,0,0,0,7,0,0,0,0,0,6,5,0,1,0
0,0,0,0,5,1,66,0,177,0,7,0,0,0,0,2,0,0,0,0,0,0,0,0,0,0,0,0,0,0,0,0,0,0,0,0,0,0,0,0,0,0,0,0,0,0,0,0,0,0,0,0,0,0,0,0,8,0,288,35,0,0,0,0,0,48,222,18,0,0,16,0,3,0,0,0,0,0,0,0,0,1,0,0,0,0,0,0,0,0,0,0,0,0,0,2,0,0,0,0,0,0,0,0,0,0,0,0,0,0,0,0,0,0,0,0,0,0,0,0,0,0,0,0,7,0,6,0,0,0,7,0,0,0,0,0,0,0,20,39,0,0,0,0,52,39,14,0,28,0,26,0,0,0,36,33,0,0,0,53,386,114,0,0,0,0,0,0,0,1,0,0,0,0,0,21,0,0,0,0,116,39,5,0,143,20,1,0,0,0,0,0,0,0,0,0,0,0,0,0,0,0,0,0,0,0,0,0,0,0,29,0,0,0,49,0,0,0,0,0,0,0,0,0,0
0,25,0,0,0,0,0,10,0,118,0,10,0,0,0,6,0,0,0,19,0,0,0,2,0,0,0,10,0,0,0,0,0,0,0,0,0,0,0,0,0,0,0,0,0,0,0,1,1,0,0,0,0,0,0,6,37,4,28,212,0,0,0,0,48,0,12,604,0,0,0,0,0,11,0,0,0,0,0,0,0,0,0,0,0,0,0,0,0,0,0,0,0,0,0,0,0,0,0,0,0,0,0,0,0,0,0,0,0,0,0,0,0,0,0,0,0,0,0,0,0,0,0,7,0,5,0,3,0,0,73,56,0,0,0,0,0,0,41,0,0,12,0,0,28,62,0,15,94,249,0,25,0,5,12,6,1,0,0,4,110,460,10,0,0,0,0,0,0,0,0,0,0,0,0,54,0,0,0,0,60,123,0,26,20,76,0,0,0,0,0,0,0,0,0,0,0,0,0,0,0,1,0,0,0,0,0,7,0,29,10,0,0,0,116,1,0,0,78,0,0,0,0,0,0
2,0,0,0,0,0,46,0,157,60,0,0,0,0,0,0,0,0,0,0,0,0,0,0,0,0,0,0,0,0,0,0,0,0,0,0,0,0,0,0,0,0,0,0,0,0,0,0,0,0,1,0,22,51,6,131,28,38,60,132,0,0,0,0,222,12,0,152,0,0,0,0,0,0,0,0,0,0,0,0,0,0,0,0,0,0,0,0,0,0,0,0,0,0,0,0,0,0,0,0,0,0,0,0,0,0,0,0,0,0,0,0,0,0,0,0,0,0,0,0,0,0,0,0,5,0,1,0,0,0,0,0,0,0,0,0,0,0,0,0,0,0,0,0,26,0,10,0,10,0,0,0,0,0,33,21,45,2,0,8,103,0,0,0,0,0,4,0,0,0,0,0,0,0,1,5,43,2,0,0,69,5,0,0,759,34,0,0,0,0,0,0,0,0,0,0,0,0,0,0,0,0,0,0,0,0,0,0,0,0,109,75,0,0,124,0,0,0,0,0,0,0,0,0,0
0,10,0,0,0,0,0,16,150,296,0,0,0,0,0,0,0,0,0,0,0,0,0,0,0,0,0,0,0,0,0,0,0,0,0,0,0,0,0,0,0,0,0,1,0,0,0,0,0,0,0,3,83,118,79,31,156,19,438,231,0,99,0,44,18,604,152,0,0,0,0,0,0,0,0,0,0,0,0,0,0,0,0,0,0,0,0,0,0,0,0,0,0,0,0,0,0,0,0,0,0,0,0,0,0,0,0,0,0,0,0,0,0,0,0,0,0,0,0,0,0,0,0,0,0,0,0,0,0,0,0,36,0,0,0,0,0,0,0,0,0,0,0,0,24,0,0,7,0,9,0,0,0,1,68,52,28,90,9,7,57,26,0,0,0,0,0,0,0,1,0,17,0,0,0,113,7,8,0,0,13,48,1,2,55,345,0,0,0,0,0,0,0,0,0,0,0,0,0,0,0,0,0,0,0,0,0,0,0,0,6,10,0,0,337,0,0,0,264,178,99,309,7,0,0
0,0,0,0,0,0,0,0,0,0,0,0,0,0,0,0,0,0,0,0,0,0,0,0,0,0,0,0,0,0,0,0,0,0,0,0,0,0,0,0,0,0,0,0,0,0,0,0,6,0,0,0,0,0,0,0,0,0,0,0,0,0,0,0,0,0,0,0,0,0,0,0,21,0,0,0,120,0,32,0,8,0,43,0,0,0,46,0,38,0,0,0,16,0,11,0,0,0,9,0,11,0,163,0,0,0,0,0,13,0,0,0,0,0,0,0,6,0,0,0,0,0,0,0,0,0,0,0,0,0,0,0,0,0,19,0,0,0,0,0,0,0,0,0,0,0,0,0,0,0,0,0,0,0,0,0,0,0,0,0,0,0,0,0,0,0,0,0,65,0,0,0,0,0,0,0,0,0,0,0,0,0,0,0,0,0,0,0,0,0,0,0,0,0,35,0,0,0,0,0,0,0,0,0,0,0,0,0,0,0,78,0,56,0,0,53,49,1,0,0,0,0,0,0,0
0,0,0,0,0,0,0,0,0,0,0,0,0,0,0,0,0,0,0,0,0,0,0,0,0,0,0,0,0,0,0,0,0,0,0,0,0,0,0,0,0,0,0,0,0,2,0,0,0,0,0,0,0,0,0,0,0,0,0,0,0,0,0,0,0,0,0,0,0,0,0,0,0,0,0,0,0,196,0,0,0,0,0,61,0,0,0,10,0,24,0,0,0,10,0,32,0,0,0,0,0,0,0,63,0,0,0,0,0,4,0,0,0,0,0,0,0,4,0,0,0,0,0,0,0,0,0,0,0,0,0,0,0,0,0,0,0,0,0,0,0,0,0,0,0,0,0,0,0,0,0,0,0,0,0,0,0,0,0,0,0,0,0,0,0,13,0,0,0,58,0,0,0,0,0,0,0,0,0,0,0,0,0,0,0,0,0,0,0,0,0,0,0,0,0,0,0,0,0,0,0,0,0,0,0,0,0,0,0,0,0,0,0,0,2,0,0,0,36,1,88,1,20,66,7
0,0,0,0,0,0,0,0,0,0,0,0,0,0,0,0,10,0,0,0,0,0,0,0,0,0,0,0,5,0,10,0,19,0,0,0,62,0,0,0,0,0,0,0,33,0,0,0,0,0,21,0,0,0,0,0,0,0,0,0,0,0,0,0,16,0,0,0,0,0,0,0,214,0,235,0,8,0,105,0,10,0,0,0,0,0,35,0,0,0,0,0,0,0,0,0,0,0,0,0,0,0,0,0,0,0,0,0,0,0,0,0,0,0,0,0,0,0,0,0,93,0,15,0,0,0,125,0,3,0,53,17,89,0,24,0,29,0,1,12,88,0,43,0,39,11,71,0,69,6,51,0,24,19,1,0,0,0,0,10,58,0,43,0,0,3,39,0,14,5,38,0,35,0,121,0,0,0,0,0,99,26,0,0,57,5,0,0,0,0,0,0,0,0,0,0,0,0,0,0,9,0,0,0,0,0,0,0,0,0,7,0,48,0,0,0,0,0,0,0,0,0,0,0,0
0,0,0,0,0,0,0,0,0,0,0,0,0,0,0,0,0,0,0,0,0,0,0,0,0,0,0,0,0,1,0,0,0,0,0,5,0,0,0,0,0,0,0,0,0,0,0,0,0,0,0,0,0,0,0,0,0,0,0,0,0,0,0,0,0,0,0,0,0,0,0,0,0,77,0,206,0,13,0,34,0,0,0,2,0,0,0,67,0,0,0,0,0,0,0,0,0,0,0,0,0,0,0,0,0,0,0,0,0,0,0,0,0,0,0,0,0,0,0,1,0,24,0,18,0,56,0,0,0,0,14,36,0,49,0,0,0,0,0,0,0,42,0,0,1,77,0,41,0,35,0,19,0,0,0,0,0,4,0,0,0,0,0,22,0,0,0,7,0,6,0,11,0,0,0,18,0,0,0,0,0,0,0,0,0,22,0,0,0,0,0,0,0,0,0,0,0,0,0,0,0,0,0,0,0,0,0,0,0,0,0,0,0,0,4,0,0,0,21,2,12,0,0,0,0
0,0,0,0,0,0,0,0,0,0,0,0,0,0,0,0,0,0,7,0,0,0,0,0,0,0,0,0,0,0,1,0,0,0,0,0,0,0,0,0,0,0,0,0,0,0,0,0,0,0,0,0,0,0,0,0,0,0,0,0,0,0,0,0,3,0,0,0,21,0,214,0,0,0,136,0,41,0,162,0,8,0,22,0,34,0,19,0,0,0,0,0,10,0,0,0,0,0,0,0,3,0,0,0,0,0,0,0,0,0,0,0,0,0,0,0,0,0,0,0,41,0,19,0,71,0,0,0,6,0,35,0,36,0,112,0,34,0,6,0,30,0,109,0,25,0,39,0,31,0,44,0,18,0,0,0,0,0,0,0,8,0,36,0,0,0,0,0,8,0,6,0,3,0,50,1,0,0,0,0,0,0,0,0,12,0,0,0,0,0,39,0,0,0,3,0,0,0,235,0,105,0,0,0,0,0,0,0,0,0,142,3,17,0,8,2,0,0,0,0,0,0,0,0,0
0,0,0,0,0,0,0,0,0,0,0,0,0,0,0,0,0,0,0,0,0,0,0,0,0,0,0,0,0,0,0,0,0,0,0,0,0,0,0,0,0,0,0,0,0,0,0,0,0,0,0,0,0,0,0,0,0,0,0,0,0,0,0,0,0,11,0,0,0,0,0,77,0,0,0,198,0,153,0,32,0,0,0,0,0,6,0,79,0,4,0,1,0,4,0,2,0,0,0,0,0,0,0,3,0,0,0,0,0,0,0,0,0,0,0,0,0,0,0,0,0,15,0,0,14,63,0,98,0,0,0,0,0,26,0,57,2,0,0,6,0,29,0,0,0,83,0,0,0,0,0,37,2,37,0,0,0,0,0,0,0,0,0,55,0,0,0,2,0,9,0,6,0,0,0,0,0,0,0,0,0,0,0,0,0,0,0,0,0,0,0,0,0,0,0,0,0,8,0,0,0,114,0,0,0,0,0,0,0,0,1,0,0,0,12,0,0,0,130,0,19,0,0,0,0
0,0,0,0,5,0,0,0,0,0,0,0,0,0,0,0,12,0,0,0,0,0,4,0,0,0,0,0,5,0,0,0,0,0,6,0,43,0,7,0,0,0,0,0,32,0,0,0,0,0,15,0,0,0,0,0,0,0,0,0,0,0,0,0,0,0,0,0,0,0,235,0,136,0,0,0,17,0,118,0,10,0,33,0,39,0,33,0,0,0,0,0,0,0,0,0,11,0,0,0,0,0,0,0,0,0,0,0,0,0,0,0,0,0,0,0,0,0,0,0,114,0,59,0,18,3,0,0,0,0,0,0,2,0,53,0,22,0,2,0,44,0,84,0,27,0,43,0,35,0,17,0,20,0,0,0,0,0,0,0,0,6,14,0,0,0,18,0,8,0,13,0,19,0,64,0,0,0,0,0,32,0,0,0,11,0,0,0,6,0,0,0,0,0,0,0,6,0,68,0,69,0,0,0,0,0,0,0,0,0,38,0,12,0,4,0,1,0,0,0,0,0,0,0,0
0,0,0,0,0,0,0,0,0,0,0,0,0,0,0,0,0,0,0,0,0,17,0,4,0,0,0,16,0,0,0,0,0,0,0,0,0,12,0,0,0,0,0,10,0,0,0,0,0,3,0,0,0,0,0,0,0,0,0,0,0,0,0,0,0,0,0,0,0,0,0,206,0,198,0,0,0,7,0,16,0,12,0,12,0,8,0,49,0,0,0,0,0,0,0,0,0,0,0,0,0,0,0,0,0,0,0,0,0,0,0,0,0,0,0,0,0,0,0,0,0,114,0,34,0,0,0,80,0,0,0,20,5,21,1,20,0,0,0,0,0,40,0,55,0,165,13,57,0,0,0,28,0,43,0,0,0,0,0,0,0,5,0,17,0,2,0,0,0,16,0,6,0,5,0,0,0,0,0,0,0,52,0,0,0,0,0,0,0,0,0,0,0,0,0,0,0,0,0,0,0,49,0,0,0,0,0,0,0,0,0,0,0,3,0,0,0,0,42,0,13,0,0,0,0
0,0,0,0,0,0,0,0,0,0,0,0,0,0,0,0,0,0,0,0,0,0,0,0,0,0,0,0,0,0,0,0,0,0,0,0,0,0,0,0,0,0,0,0,0,0,0,0,4,0,0,0,0,0,1,0,0,0,0,0,0,0,0,0,0,0,0,0,120,0,8,0,41,0,17,0,0,0,32,0,20,0,68,0,21,0,42,0,6,0,7,0,40,0,10,0,0,0,0,0,16,1,52,0,0,0,0,0,11,0,1,0,0,0,1,0,13,0,0,0,19,0,0,0,0,0,0,0,0,0,0,0,0,0,0,0,0,0,0,0,0,0,0,0,0,0,0,0,0,0,0,0,0,0,0,0,0,0,0,0,0,0,0,0,13,0,0,0,36,0,0,0,0,0,0,0,0,0,0,0,0,4,0,0,0,0,0,0,0,0,0,0,0,0,0,0,0,0,0,0,0,0,0,0,0,0,0,0,0,0,53,0,26,0,0,19,9,0,0,0,0,0,0,0,0
0,0,0,0,0,0,0,0,0,0,0,0,0,0,0,0,0,0,0,0,0,0,0,0,0,0,0,0,0,0,0,3,0,0,0,0,0,0,0,0,0,0,0,0,0,4,0,0,0,0,0,4,0,0,0,0,0,0,0,0,0,0,0,0,0,0,0,0,0,196,0,13,0,153,0,7,0,0,0,19,0,91,0,54,0,0,0,94,0,18,0,0,0,121,0,44,0,0,0,14,0,5,0,81,0,0,0,0,0,1,0,0,0,0,0,0,0,5,0,0,0,10,0,0,0,0,0,33,0,0,0,0,0,0,0,14,0,21,0,0,0,5,0,0,0,0,0,0,0,0,0,26,0,0,0,0,0,0,0,0,0,0,0,4,0,0,0,0,0,25,0,0,0,0,0,7,0,0,0,0,0,0,0,0,0,0,0,0,0,0,0,0,0,0,0,0,0,23,0,38,0,56,0,109,0,37,0,0,0,0,0,0,0,0,0,0,0,0,51,0,38,0,12,0,0
0,0,0,0,0,0,0,0,0,0,0,0,0,0,0,0,0,0,0,0,0,0,0,0,0,0,0,0,0,0,0,0,0,0,0,0,0,0,0,0,0,0,0,0,0,0,0,0,2,0,0,0,0,0,0,0,0,0,0,0,0,0,0,0,0,0,0,0,32,0,105,0,162,0,118,0,32,0,0,0,0,0,61,0,34,0,43,0,3,0,0,0,35,0,19,0,0,0,0,0,19,0,10,0,0,0,0,0,0,0,0,0,0,0,0,0,3,0,0,0,65,0,21,0,0,0,0,0,0,0,0,0,6,0,30,0,0,0,0,0,0,0,26,0,0,0,0,0,0,0,0,0,0,0,0,0,0,0,0,0,3,0,9,0,4,0,0,0,32,0,1,0,0,0,0,0,0,0,0,0,0,0,0,0,0,0,0,0,0,0,0,0,0,0,0,0,0,0,0,0,63,0,0,0,0,0,0,0,0,0,97,0,18,0,3,9,11,0,0,0,0,0,0,0,0
