0,360,44,109,126,0,2,206,86,127,205,0,118,0,23,40,64,89,0,0,0,0,110,106,14,281,26,0,80,7,0,0,0,0,0,0,80,0,374,0,9,0,0,0,20,0,17,0,16,0,14,0,5,0,0,0,0,0,0,0,170,11,200,27,8,0,2,0,0,0,0,0,0,0,0,0,0,0,0,0,0,0,0,0,0,0,0,0,0,0,0,0,0,0,0,0,0,0,0,0,0,0,0,0,0,0,0,0,0,0,0,0,0,0,0,0,0,0,0,0,0,0,0,0,0,0,10,0,0,0,4,0,0,0,0,0,0,0,0,0,0,0,0,0,0,0,12,0,13,0,0,0,0,0,0,0,0,0,0,0,3,0,4,0,0,0,0,0,0,0,19,0,279,0,0,0,717,54,42,10,0,0,80,0,9,0,0,0,0,0,0,0,0,0,0,0,0,0,0,0,0,0,0,0,0,0,0,0,5,0,752,148,383,264,415,4,0,0,4,0,0,0,0,0,0
360,0,208,83,0,301,0,102,0,76,47,218,0,69,0,56,117,71,0,69,0,0,292,47,128,8,0,181,0,82,0,21,0,129,0,0,0,96,0,203,0,0,0,0,0,0,0,0,0,26,0,0,0,14,0,5,0,0,0,3,0,341,0,201,0,53,0,4,0,0,0,0,0,0,0,0,0,0,0,0,0,0,0,0,0,0,0,0,0,0,0,0,0,0,0,0,0,0,0,0,0,0,0,1,0,0,0,8,0,0,0,0,0,0,0,0,0,0,0,1,0,0,0,0,0,3,0,12,0,4,0,0,0,14,0,42,0,63,0,14,0,0,0,0,0,0,0,16,0,8,0,12,0,0,0,0,0,16,0,0,0,0,0,2,0,0,0,0,0,33,0,33,0,79,0,0,151,502,0,53,0,0,23,41,0,22,0,0,0,0,0,0,0,0,0,0,0,0,0,0,0,0,0,0,0,0,0,0,0,9,7,0,5,0,575,0,0,0,866,196,424,202,0,0,0
44,208,0,0,228,0,36,0,24,0,24,0,63,0,209,37,99,33,75,0,68,0,404,83,96,77,61,0,287,5,108,0,185,0,0,0,103,0,481,0,11,0,0,0,73,0,27,0,0,0,25,0,0,0,163,2,7,0,0,0,77,8,293,8,11,2,4,0,0,0,9,0,0,0,0,0,0,0,0,0,0,0,0,0,0,0,0,0,0,0,0,0,0,0,0,0,0,0,0,0,0,0,0,0,0,0,208,0,0,0,0,0,0,0,0,0,0,0,0,0,0,0,0,0,28,0,80,0,0,0,49,0,33,0,214,0,181,0,0,0,17,0,162,0,0,0,56,0,35,0,0,0,20,0,0,0,1,0,0,0,6,0,0,0,0,0,35,0,53,0,30,0,309,0,0,0,123,29,0,14,0,0,6,0,10,0,0,0,0,0,0,0,0,0,0,0,0,0,0,0,249,0,0,0,0,0,0,0,36,0,438,82,470,257,334,0,0,0,2,0,0,0,0,0,0
109,83,0,0,0,100,0,63,0,0,0,3,0,3,0,144,43,77,0,135,0,89,129,65,17,11,0,70,0,60,0,25,0,191,0,0,0,0,0,135,0,0,0,0,0,0,0,0,0,8,0,0,0,0,0,110,0,14,0,0,0,84,0,23,0,2,0,0,0,0,0,0,0,0,0,0,0,0,0,0,0,0,0,0,0,68,0,0,0,0,0,0,0,0,0,0,0,0,0,0,0,0,0,0,0,0,0,0,0,0,0,0,0,0,0,0,0,0,0,0,0,0,0,0,0,0,0,0,0,12,0,5,0,20,0,100,0,84,0,54,0,50,0,75,0,0,0,4,0,0,0,0,0,0,0,0,0,0,0,0,0,1,0,0,0,0,0,29,0,29,0,0,0,109,0,0,23,66,0,16,0,0,0,2,0,0,0,0,0,0,0,0,0,0,0,0,0,0,0,0,0,54,0,1,0,0,0,0,0,0,0,0,0,0,205,0,0,0,202,62,248,79,0,7,0
126,0,228,0,0,0,26,3,29,0,96,87,406,48,318,244,0,0,195,169,247,70,58,66,0,0,184,0,126,0,579,0,449,0,365,0,526,0,203,0,137,0,0,0,72,0,102,0,18,0,84,0,0,0,10,0,0,1,0,0,0,0,10,2,25,0,8,0,0,0,0,0,0,0,0,0,0,0,0,0,0,0,0,0,0,0,0,0,0,0,0,0,0,0,0,0,0,0,0,0,0,0,0,0,0,0,0,0,0,0,0,0,0,0,0,0,0,0,0,0,0,0,0,0,13,0,43,0,0,0,22,0,1,0,90,0,27,0,0,0,0,0,31,0,0,0,53,0,24,0,0,0,22,0,0,0,0,0,0,0,11,0,0,0,0,0,108,0,100,0,0,0,137,0,12,0,518,25,93,30,0,0,0,0,35,0,0,0,0,0,0,0,0,0,0,0,1,0,0,0,0,0,0,0,0,0,0,0,11,0,366,271,331,0,176,0,0,0,0,0,0,0,0,0,0
0,301,0,100,0,0,0,56,0,49,104,164,0,192,259,354,26,4,129,353,0,309,152,95,0,0,0,357,0,30,0,182,0,416,0,276,0,251,0,0,0,18,0,0,0,97,0,69,0,0,0,0,0,22,0,39,0,0,0,0,0,17,0,9,0,15,0,0,0,0,0,0,0,0,0,0,0,0,0,0,0,0,0,0,0,0,0,0,0,0,0,0,0,0,0,3,0,17,0,11,0,0,0,1,0,0,0,28,0,0,0,0,0,0,0,0,0,0,0,0,0,0,0,0,0,0,0,0,0,6,0,0,0,19,0,85,0,122,0,38,0,0,0,0,0,0,0,0,0,0,0,0,0,0,0,23,0,41,0,0,0,0,0,0,0,0,0,0,0,75,0,20,0,75,0,0,95,397,0,132,0,21,0,93,0,60,0,5,0,0,0,0,0,0,0,0,0,0,0,0,0,29,0,0,0,0,0,0,0,0,0,0,0,0,241,0,0,0,451,232,374,0,0,0,0
2,0,36,0,26,0,0,0,89,313,0,0,0,0,10,4,28,0,0,0,8,0,10,0,201,87,0,0,0,0,0,0,0,0,0,0,0,0,0,0,0,0,0,0,6,0,0,0,46,0,0,0,116,13,383,95,20,0,16,0,281,0,356,33,11,0,19,0,0,0,0,0,0,0,0,0,0,0,0,0,0,0,0,0,0,0,0,0,0,0,0,0,0,0,0,0,0,0,0,0,0,0,0,0,0,0,0,0,0,0,0,0,0,0,0,0,0,0,0,0,0,0,0,0,17,0,43,0,0,3,79,0,24,0,79,0,63,0,1,0,6,0,51,0,0,0,18,0,24,0,6,0,0,0,0,0,0,0,0,1,17,0,10,0,0,0,0,0,23,0,218,0,363,0,0,0,143,25,0,0,0,0,0,0,0,0,0,0,0,0,0,0,0,0,0,0,0,0,0,0,62,0,0,0,0,0,0,0,11,0,742,80,589,631,741,6,122,0,0,0,0,0,0,0,0
206,102,0,63,3,56,0,0,0,9,0,36,0,7,0,26,60,54,0,12,0,9,34,8,125,235,0,15,0,73,0,0,0,0,0,0,0,23,0,115,0,0,0,0,0,6,0,0,0,0,0,0,3,36,12,308,0,18,0,4,0,368,30,292,0,0,0,0,0,0,0,0,0,0,0,0,0,0,0,0,0,0,0,0,0,0,0,0,0,0,0,0,0,0,0,0,0,0,0,3,0,0,0,0,0,0,0,0,0,0,0,0,0,0,0,0,0,0,0,0,0,0,0,0,0,3,0,17,0,39,0,25,0,54,0,83,0,160,0,71,0,21,0,32,0,0,0,0,0,0,0,0,1,1,0,9,0,58,0,32,0,0,0,0,0,12,0,0,0,43,0,106,0,213,0,0,79,115,0,0,0,0,0,5,0,0,0,0,0,0,0,0,0,0,0,0,0,0,0,0,0,0,0,0,0,0,0,0,0,0,5,0,0,0,622,0,0,0,600,126,723,193,0,28,0
86,0,24,0,29,0,89,0,0,442,27,0,53,0,6,0,45,0,6,0,0,0,0,0,17,82,11,0,0,0,0,0,0,0,0,0,0,0,11,0,5,0,0,0,0,0,0,0,12,0,0,0,248,41,101,237,25,34,94,83,332,0,289,33,59,0,131,81,0,0,0,0,0,0,1,0,0,0,0,0,0,0,0,0,0,0,0,0,0,0,0,0,0,0,0,0,0,0,0,0,0,0,0,0,0,0,0,0,0,0,0,0,0,0,0,0,0,0,0,0,0,0,0,0,17,0,64,0,0,0,59,0,5,0,37,0,14,0,0,0,0,0,0,0,2,0,53,0,50,0,0,0,17,0,0,0,0,0,0,0,59,0,0,0,5,0,0,0,16,0,200,0,214,0,0,0,605,38,15,0,3,0,21,0,234,16,0,0,0,0,0,0,0,0,0,0,0,0,10,0,0,0,0,0,0,0,0,0,14,0,589,111,244,323,423,0,0,0,0,0,0,0,0,0,0
127,76,0,0,0,49,313,9,442,0,0,89,0,0,0,0,36,0,0,17,0,0,33,0,231,31,0,28,0,0,0,0,0,0,0,0,0,0,0,0,0,0,0,0,0,26,0,0,0,0,0,0,48,67,172,113,0,22,0,36,0,136,54,119,0,165,0,55,0,0,0,0,0,0,0,0,0,0,0,0,0,0,0,0,0,0,0,0,0,0,0,0,0,0,0,0,0,0,0,0,0,0,0,0,0,0,0,0,0,0,0,0,0,0,0,0,0,0,0,0,0,2,0,0,0,75,0,82,0,35,0,79,0,54,0,96,0,217,0,40,0,8,0,0,0,0,0,55,0,54,0,66,0,53,0,58,0,146,0,0,0,16,0,0,0,3,0,4,0,40,0,170,0,0,0,0,208,610,0,19,0,6,0,19,0,119,0,0,0,0,0,0,0,0,0,0,0,0,0,4,0,23,0,0,0,0,0,10,0,62,7,0,0,0,626,0,0,0,741,158,397,304,0,48,0
205,47,24,0,96,104,0,0,27,0,0,44,284,1,26,179,0,7,24,0,36,0,16,131,0,6,32,0,57,0,126,0,277,0,48,0,286,0,236,0,23,0,16,0,35,0,20,0,13,1,21,0,0,0,0,0,0,0,0,0,1,0,0,0,23,0,0,0,0,0,0,0,0,0,0,0,0,0,0,0,0,0,0,0,0,0,0,0,0,0,0,0,0,0,0,0,0,0,0,0,0,0,0,0,0,0,0,0,0,0,0,0,0,0,0,0,0,0,0,0,0,0,0,0,0,0,0,0,0,0,15,0,0,0,20,0,11,0,0,0,0,0,0,0,0,0,0,0,0,0,0,0,0,0,0,0,0,0,0,0,0,0,0,0,4,0,63,0,30,0,0,0,66,0,0,0,462,31,114,11,40,0,13,0,27,0,12,0,0,0,0,0,0,0,0,0,0,0,0,0,0,0,0,0,0,0,0,0,0,0,231,155,168,0,107,0,0,0,0,0,0,0,0,0,0
0,218,0,3,87,164,0,36,0,89,44,0,18,274,129,65,0,9,55,53,44,96,77,110,0,0,0,268,0,22,0,70,0,440,0,86,0,269,0,82,0,70,0,0,0,116,0,99,0,61,0,38,0,7,0,11,0,0,0,0,0,9,0,5,0,10,0,0,0,0,0,0,0,0,0,0,0,0,0,0,0,0,0,0,0,0,0,0,0,0,0,0,0,0,0,0,0,0,0,0,0,0,0,0,0,0,0,0,0,0,0,0,0,0,0,0,0,0,0,0,0,0,0,0,0,0,0,0,0,0,0,1,0,0,0,0,0,39,0,9,0,0,0,0,0,0,0,0,0,0,0,0,0,0,0,0,0,0,0,0,0,0,0,0,0,0,0,0,0,22,0,4,0,35,0,0,62,262,0,88,0,0,0,78,0,36,0,10,0,0,0,0,0,0,0,0,0,0,0,0,0,0,0,0,0,0,0,0,0,0,0,0,0,0,144,0,0,0,271,125,164,0,0,0,0
118,0,63,0,406,0,0,0,53,0,284,18,0,161,32,76,0,0,85,260,147,107,5,0,0,0,112,328,0,0,70,0,17,0,696,33,101,0,0,0,344,0,211,0,174,54,223,0,42,0,390,0,0,0,0,0,0,0,0,0,0,0,0,0,12,0,0,0,3,0,0,0,0,0,0,0,0,0,0,0,0,0,0,0,0,0,0,0,0,0,0,0,0,0,0,0,0,0,0,0,0,0,0,0,0,0,0,0,0,0,0,0,0,0,0,0,0,0,0,0,0,0,0,0,0,0,0,0,0,0,0,0,0,0,31,0,0,0,0,0,0,0,0,0,0,0,0,0,20,0,0,0,0,0,0,0,0,0,0,0,0,0,0,0,107,0,8,0,47,0,0,0,0,0,0,0,560,75,108,6,0,0,13,0,29,0,175,0,0,0,0,0,0,0,0,0,0,0,0,0,0,0,0,0,0,0,0,0,7,0,50,291,171,25,0,0,0,0,1,0,0,0,0,0,0
0,69,0,3,48,192,0,7,0,0,1,274,161,0,0,0,1,0,449,53,101,74,0,0,0,0,142,127,0,0,0,0,0,0,0,237,0,22,0,0,0,295,0,225,40,143,0,246,0,34,0,264,0,0,0,0,0,0,0,0,0,0,0,0,0,0,0,0,0,0,0,0,0,0,0,0,0,0,0,0,0,0,0,0,0,0,0,0,0,0,0,0,0,0,0,0,0,0,0,0,0,1,0,0,0,0,0,0,0,0,0,0,0,0,0,0,0,0,0,0,0,0,0,0,0,0,0,0,0,0,0,0,0,0,0,0,0,0,0,0,0,0,0,0,0,0,0,0,0,0,0,0,0,0,0,0,0,0,0,0,0,0,0,0,0,33,0,16,0,55,0,0,0,0,0,0,45,669,0,107,0,0,0,63,0,6,23,34,0,0,0,0,0,0,0,2,0,0,0,1,0,1,0,0,0,0,0,0,0,0,0,0,0,0,30,0,0,0,107,236,294,0,0,0,2
23,0,209,0,318,259,10,0,6,0,26,129,32,0,0,348,52,0,168,145,237,48,244,54,15,0,80,13,20,0,214,0,54,19,72,0,44,37,0,0,9,0,0,0,32,0,14,0,6,0,33,0,5,0,16,0,0,0,0,0,0,0,15,0,0,0,0,0,0,0,13,0,0,0,0,0,0,0,0,0,0,0,0,0,0,0,0,0,0,0,0,0,0,0,0,0,0,0,0,0,0,0,0,0,0,0,0,0,0,0,0,0,0,0,0,0,0,0,0,0,0,0,0,0,0,0,10,0,0,0,0,0,0,0,66,0,50,0,0,0,0,0,42,0,11,0,37,0,0,0,6,0,22,0,0,0,0,0,0,0,0,0,0,0,11,0,62,0,72,0,0,0,28,0,0,0,282,0,2,33,13,0,25,0,32,0,1,0,0,0,0,0,0,0,0,0,1,0,0,0,81,0,0,0,0,0,0,0,9,0,142,213,110,44,54,0,0,0,3,0,0,0,0,0,0
40,56,37,144,244,354,4,26,0,0,179,65,76,0,348,0,28,29,46,479,113,151,215,117,0,58,0,137,3,9,26,40,21,96,0,56,4,51,0,0,0,0,0,0,0,49,0,0,0,24,0,47,1,14,0,42,0,0,0,0,0,6,0,44,0,3,2,0,0,0,0,0,0,0,0,0,0,0,0,0,0,0,0,0,0,314,0,0,0,0,0,0,0,0,0,0,0,218,0,0,0,0,0,0,0,0,0,0,0,0,0,0,0,0,0,0,0,0,0,0,0,0,0,5,0,0,0,0,0,0,0,0,0,0,0,102,0,92,0,55,0,61,0,246,0,0,0,0,0,0,0,0,0,0,0,6,0,0,0,0,0,0,0,0,0,0,0,54,0,38,0,4,0,26,0,0,72,98,19,30,0,0,0,0,0,0,0,0,0,0,0,0,0,0,0,0,0,0,0,0,0,0,0,0,0,0,0,0,0,0,0,0,0,0,108,0,0,0,249,154,84,0,0,3,0
64,117,99,43,0,26,28,60,45,36,0,0,0,1,52,28,0,13,19,0,222,0,54,58,67,60,0,0,190,3,91,0,64,0,36,0,32,0,190,5,0,0,21,0,113,0,0,0,9,0,28,0,39,0,2,0,6,0,0,0,32,2,272,5,0,0,0,0,0,0,147,0,26,0,143,0,0,0,0,0,125,0,0,0,570,0,246,0,0,0,389,0,0,0,0,0,493,0,480,0,278,0,0,0,0,0,0,0,0,0,0,0,0,0,0,0,0,0,0,0,137,0,312,0,0,0,0,0,0,0,0,0,19,0,0,0,0,0,71,0,130,0,250,0,71,0,0,0,0,0,0,0,0,0,14,0,0,0,4,0,0,0,0,0,13,0,0,0,25,0,22,0,176,0,0,0,64,2,0,12,0,0,84,0,1,0,0,0,0,0,0,0,0,0,0,0,0,0,0,0,0,0,0,0,0,0,0,0,0,0,161,74,184,77,79,0,0,0,0,1,0,0,0,0,0
89,71,33,77,0,4,0,54,0,0,7,9,0,0,0,29,13,0,0,0,0,150,40,120,24,110,0,0,0,185,0,24,0,35,0,0,0,21,0,171,0,0,0,0,0,8,0,0,0,0,0,0,0,84,0,22,0,16,0,0,0,140,0,396,0,0,0,0,0,0,0,0,0,0,0,0,0,0,0,0,0,0,0,0,0,338,0,0,0,0,0,21,0,0,0,0,0,145,0,64,0,0,0,0,0,0,0,0,0,0,0,0,0,0,0,0,0,0,0,0,0,45,0,15,0,0,0,0,0,41,0,0,0,0,0,0,0,177,0,203,0,289,0,657,0,13,0,0,0,0,0,0,0,0,0,18,0,0,0,32,0,7,0,0,0,0,0,6,0,26,0,0,0,100,0,0,8,0,0,15,0,0,0,8,0,0,0,0,0,0,0,0,0,0,0,0,0,0,0,0,0,0,0,0,0,0,0,0,0,0,0,0,0,0,108,0,0,0,165,93,220,0,0,0,0
0,0,75,0,195,129,0,0,6,0,24,55,85,449,168,46,19,0,0,374,161,195,171,0,0,0,86,504,0,0,28,15,0,0,284,90,33,0,0,0,27,57,26,0,41,0,58,0,0,8,239,0,0,0,0,0,0,0,0,0,0,0,0,0,0,0,0,0,0,0,0,0,0,0,0,0,0,0,0,0,0,0,0,0,0,0,0,0,0,0,0,0,0,0,0,0,0,0,0,0,0,0,0,0,0,0,0,0,0,0,0,0,0,0,0,0,0,0,0,0,0,0,0,0,0,0,0,0,0,0,0,0,0,0,0,0,0,0,0,0,0,0,0,0,0,0,0,0,0,0,0,0,0,0,0,0,0,0,0,0,0,0,0,0,178,0,32,0,113,0,5,0,0,0,0,0,205,70,31,17,0,0,14,0,23,0,55,8,0,0,0,0,0,0,0,0,1,0,0,0,0,0,0,0,0,0,0,0,0,0,94,288,232,88,0,0,0,0,0,0,0,0,0,0,0
0,69,0,135,169,353,0,12,0,17,0,53,260,53,145,479,0,0,374,0,89,351,2,183,0,0,0,435,0,0,0,141,0,58,0,216,3,131,0,0,0,0,0,78,0,60,0,37,0,0,0,131,0,0,0,42,0,0,0,0,0,0,0,0,0,11,0,0,0,0,0,0,0,0,0,0,0,0,0,0,0,0,0,0,0,0,0,0,0,0,0,0,0,0,0,0,0,0,0,0,0,0,0,0,0,0,0,0,0,0,0,0,0,0,0,0,0,0,0,0,0,0,0,0,0,0,0,0,0,0,0,0,0,0,0,56,0,117,0,33,0,0,0,0,0,0,0,14,0,0,0,0,0,0,0,17,0,32,0,0,0,0,0,4,0,50,0,70,0,129,0,7,0,20,0,0,82,197,0,41,0,0,0,0,0,0,0,56,0,0,0,0,0,0,0,0,0,0,0,0,0,26,0,0,0,0,0,0,0,0,0,0,0,0,81,0,0,0,180,221,341,0,0,0,0
0,0,68,0,247,0,8,0,0,0,36,44,147,101,237,113,222,0,161,89,0,33,292,0,0,0,70,76,56,0,65,0,37,0,74,12,64,8,6,0,0,0,39,0,86,0,0,0,10,1,208,0,3,0,0,0,0,0,0,0,0,0,45,0,0,0,0,0,0,0,74,0,0,0,62,0,0,0,0,0,0,0,0,0,0,0,83,0,0,0,0,0,0,0,0,0,0,0,0,0,0,0,0,0,0,0,0,0,0,0,0,0,0,0,0,0,0,0,0,0,21,0,0,0,0,0,0,0,0,0,0,0,0,0,0,0,0,0,0,0,0,0,0,0,55,0,0,0,1,0,0,0,0,0,5,0,0,0,0,0,0,0,0,0,132,0,169,0,129,0,17,0,90,0,0,0,39,0,0,0,0,0,5,0,0,0,0,0,0,0,0,0,0,0,0,0,2,0,0,0,0,0,0,0,0,0,0,0,0,0,271,356,281,143,131,0,3,0,0,0,0,0,0,0,0
0,0,0,89,70,309,0,9,0,0,0,96,107,74,48,151,0,150,195,351,33,0,0,283,0,59,0,175,0,52,8,41,2,43,12,94,0,31,0,19,0,0,0,150,0,105,0,0,0,0,0,180,0,0,0,14,0,0,0,0,0,4,0,68,0,0,0,0,0,0,0,0,0,0,0,0,0,0,0,0,0,0,0,0,0,348,0,0,0,0,0,0,0,0,0,0,0,0,0,0,0,0,0,0,0,0,0,0,0,0,0,0,0,0,0,0,0,0,0,0,0,0,0,0,0,0,0,0,0,0,0,0,0,0,0,0,0,0,0,25,0,186,0,490,0,143,0,0,0,0,0,0,0,0,0,4,0,9,0,0,0,0,0,0,0,15,0,186,0,146,0,7,0,33,0,0,22,52,0,36,0,0,0,0,0,0,3,17,0,0,0,0,0,0,0,0,0,0,0,0,0,0,0,0,0,0,0,0,0,0,0,0,0,0,146,0,0,0,296,276,286,71,0,0,0
110,292,404,129,58,152,10,34,0,33,16,77,5,0,244,215,54,40,171,2,292,0,0,299,38,70,76,0,73,17,25,0,12,0,60,0,17,5,52,10,0,0,0,0,226,0,22,0,12,0,40,0,19,0,66,0,0,0,0,1,20,9,69,6,0,0,0,0,0,0,0,0,9,0,0,0,0,0,0,0,21,0,0,0,251,0,37,0,0,0,363,0,0,0,0,0,432,0,0,0,0,0,0,0,0,0,239,0,0,0,0,0,0,0,0,0,0,0,0,0,0,0,0,0,0,0,0,0,10,0,0,0,8,0,15,0,66,0,0,0,18,0,108,0,0,0,0,0,0,0,0,0,0,0,2,0,0,0,2,0,0,0,0,0,0,0,13,0,32,0,0,0,64,0,0,0,238,30,0,55,2,0,28,0,0,0,1,0,0,0,0,0,0,0,0,0,0,0,0,0,41,0,0,0,0,0,0,0,0,0,148,77,131,63,75,0,0,0,0,0,0,0,0,0,0
106,47,83,65,66,95,0,8,0,0,131,110,0,0,54,117,58,120,0,183,0,283,299,0,0,77,0,108,0,87,0,40,0,93,0,100,0,73,7,63,0,0,0,38,0,65,1,0,0,8,0,93,0,27,0,27,0,0,0,0,0,34,0,90,0,0,0,0,0,0,0,0,0,0,0,0,0,0,0,0,0,0,0,0,0,277,0,25,0,0,0,0,0,0,0,0,0,161,0,102,0,0,0,0,0,0,0,144,0,0,0,0,0,0,0,0,0,0,0,0,0,44,0,9,0,0,0,0,0,0,0,0,0,0,0,0,0,0,0,74,0,74,0,373,0,19,0,0,0,0,0,0,0,0,0,0,0,0,0,9,0,0,0,0,0,0,0,62,0,57,0,10,0,80,0,0,29,76,0,98,1,0,7,0,0,0,0,0,0,0,0,0,0,0,0,0,0,0,0,0,0,0,0,0,0,0,0,0,0,0,0,0,0,0,256,0,0,0,564,292,260,86,0,0,0
14,128,96,17,0,0,201,125,17,231,0,0,0,0,15,0,67,24,0,0,0,0,38,0,0,148,0,0,56,0,0,0,0,0,0,0,6,0,52,0,0,0,0,0,0,0,0,0,6,0,0,0,76,0,155,37,15,0,0,0,53,10,94,31,0,0,0,0,0,0,9,0,12,0,21,0,0,0,0,0,32,2,0,0,514,0,37,0,0,0,654,0,0,0,0,0,721,1,169,0,106,0,0,0,69,0,427,0,0,0,0,0,0,0,0,0,0,0,0,0,36,0,218,1,0,0,0,0,28,0,0,0,27,0,15,0,150,0,50,0,46,0,249,0,0,0,2,0,0,0,0,0,0,0,7,0,0,0,18,0,0,0,0,0,0,0,0,0,0,0,0,0,113,0,0,0,109,16,0,0,0,0,11,5,0,0,0,0,0,0,0,0,0,0,0,0,0,0,0,0,72,0,0,0,0,0,0,0,0,0,149,40,127,88,92,0,10,0,0,0,0,0,0,0,0
281,8,77,11,0,0,87,235,82,31,6,0,0,0,0,58,60,110,0,0,0,59,70,77,148,0,0,0,0,95,0,15,0,34,0,0,0,0,0,89,0,0,0,0,0,0,0,0,1,0,0,0,0,38,0,132,0,42,0,0,0,164,16,128,0,0,0,0,0,0,0,0,0,0,0,0,0,0,0,0,0,22,0,0,0,267,0,0,0,0,0,0,0,0,0,0,0,195,0,0,0,0,0,0,0,0,0,194,0,0,0,0,0,0,0,0,0,0,0,0,0,0,0,1,0,0,0,0,0,27,0,0,0,0,0,197,0,145,0,145,0,82,0,316,1,3,0,0,0,0,0,0,0,0,0,10,0,13,3,9,0,0,0,2,0,0,0,0,0,32,0,44,0,92,0,0,39,40,0,0,0,0,11,0,0,0,0,0,0,0,0,0,0,0,0,0,0,0,0,0,0,0,0,0,0,0,0,0,0,0,4,0,0,0,282,0,0,0,395,144,312,117,0,0,0
26,0,61,0,184,0,0,0,11,0,32,0,112,142,80,0,0,0,86,0,70,0,76,0,0,0,0,330,14,0,23,0,0,0,36,17,28,0,3,0,87,114,296,0,173,135,111,133,25,10,283,0,7,0,5,0,0,0,0,0,0,0,0,0,0,0,0,0,3,0,0,0,0,0,0,0,0,0,0,0,0,0,0,0,0,0,0,0,0,0,0,0,0,0,0,0,0,0,0,0,0,0,0,0,0,0,0,0,1,0,0,0,0,0,0,0,0,0,0,0,0,0,0,0,0,0,0,0,0,0,0,0,0,0,34,0,12,0,0,0,0,0,0,0,21,0,19,0,12,0,0,0,13,0,0,0,0,0,0,0,0,0,0,0,98,0,0,0,0,0,3,0,0,0,0,0,59,60,40,0,0,0,6,0,13,0,195,4,0,0,0,0,0,0,0,0,0,0,0,0,0,0,0,0,0,0,0,0,0,0,0,230,198,4,2,0,0,0,0,1,0,0,0,0,0
0,181,0,70,0,357,0,15,0,28,0,268,328,127,13,137,0,0,504,435,76,175,0,108,0,0,330,0,0,0,0,9,0,0,0,117,1,39,0,0,139,44,159,316,102,171,49,102,0,15,191,398,0,0,0,29,0,0,0,0,0,0,0,12,0,0,0,0,0,6,0,0,0,0,0,0,0,0,0,0,0,0,0,0,0,0,0,0,0,0,0,0,0,0,0,0,0,0,0,0,0,10,0,0,0,0,0,0,0,0,0,0,0,0,0,0,0,1,0,1,0,0,0,0,0,0,0,0,0,0,0,0,0,0,0,0,0,0,0,0,0,0,0,0,0,40,0,13,0,0,0,0,0,0,0,9,0,0,0,0,0,0,0,0,0,82,0,0,0,97,0,0,0,7,0,0,0,322,0,53,0,0,0,0,0,39,61,31,0,0,0,0,0,0,0,0,0,0,0,0,0,0,0,0,0,0,0,0,0,0,0,0,0,0,43,0,0,0,93,466,412,64,0,0,13
80,0,287,0,126,0,0,0,0,0,57,0,0,0,20,3,190,0,0,0,56,0,73,0,56,0,14,0,0,0,65,0,18,0,70,0,91,0,12,0,0,0,85,0,38,0,0,0,10,0,55,0,10,0,3,0,0,0,0,0,20,0,39,0,0,0,0,0,0,0,78,0,0,0,66,0,0,0,0,0,0,0,0,0,94,0,100,0,0,0,0,0,0,0,0,0,0,0,0,0,70,0,0,0,0,0,0,0,0,0,0,0,0,0,0,0,0,0,0,0,29,0,0,0,0,0,0,0,0,0,0,0,7,0,0,0,0,0,51,0,99,0,0,0,103,0,0,0,0,0,0,0,0,0,0,0,0,0,0,0,0,0,0,0,4,0,0,0,0,0,0,0,0,0,0,0,0,0,0,0,0,0,29,0,0,0,0,0,0,0,0,0,0,0,0,0,0,0,0,0,0,0,0,0,0,0,0,0,0,0,47,33,34,0,18,0,0,0,0,0,0,0,0,0,0
7,82,5,60,0,30,0,73,0,0,0,22,0,0,0,9,3,185,0,0,0,52,17,87,0,95,0,0,0,0,0,31,0,65,0,22,0,5,0,21,0,0,0,0,0,0,0,0,0,0,0,15,0,8,0,0,0,0,0,0,0,36,0,104,0,0,0,0,0,0,0,0,0,0,0,0,0,0,0,0,0,0,0,0,0,128,0,0,0,0,0,0,0,0,0,0,0,0,0,0,0,0,0,0,0,0,0,0,0,0,0,0,0,0,0,0,0,0,0,0,0,0,0,27,0,0,0,0,0,0,0,0,0,0,0,0,0,63,0,242,0,619,0,658,0,210,0,0,0,0,0,0,0,0,0,3,0,3,0,9,0,0,0,0,0,0,0,0,0,0,0,0,0,16,0,0,0,1,0,34,0,0,1,6,0,0,0,0,0,0,0,0,0,0,0,0,0,0,0,0,0,0,0,0,0,0,0,0,0,0,0,0,0,0,0,0,0,0,38,17,17,0,0,2,0
0,0,108,0,579,0,0,0,0,0,126,0,70,0,214,26,91,0,28,0,65,8,25,0,0,0,23,0,65,0,0,0,16,0,84,0,49,0,4,1,0,0,90,0,28,0,0,0,0,0,74,0,0,0,0,0,0,0,1,0,0,0,28,0,0,0,0,0,0,0,31,0,0,0,34,0,0,0,0,0,0,0,0,0,0,0,0,0,0,0,0,0,0,0,0,0,0,0,0,0,0,0,0,0,0,0,0,0,0,0,0,0,0,0,0,0,0,0,0,0,7,0,0,0,0,0,0,0,0,0,0,0,0,0,0,0,0,0,7,0,0,0,0,0,0,0,0,0,0,0,0,0,0,0,0,0,0,0,0,0,0,0,6,0,0,0,101,0,0,0,4,0,40,0,0,0,30,0,0,0,0,0,7,0,6,0,0,0,0,0,0,0,0,0,0,0,0,0,0,0,0,0,0,0,0,0,0,0,3,0,108,147,103,0,0,0,3,0,0,0,0,0,0,0,0
0,21,0,25,0,182,0,0,0,0,0,70,0,0,0,40,0,24,15,141,0,41,0,40,0,15,0,9,0,31,0,0,0,0,0,6,0,0,0,3,0,0,0,4,0,0,0,0,0,0,0,9,0,10,0,0,0,0,0,0,0,0,0,0,0,0,0,0,0,0,0,0,0,3,0,0,0,0,0,0,0,0,0,0,0,0,0,0,0,0,0,0,0,0,0,0,0,0,0,0,0,0,0,0,0,0,0,0,0,0,0,0,0,0,0,0,0,0,0,0,0,0,0,0,0,0,0,0,0,0,0,0,0,0,0,0,0,0,0,12,0,64,0,160,0,63,0,0,0,0,0,0,0,0,0,0,0,0,0,0,0,0,0,0,0,2,0,37,0,21,0,2,0,10,0,0,0,0,0,40,0,0,0,0,0,0,0,0,0,0,0,0,0,0,0,0,0,0,0,0,0,0,0,0,0,0,0,0,0,0,0,0,0,0,21,0,0,0,0,35,38,0,0,0,0
0,0,185,0,449,0,0,0,0,0,277,0,17,0,54,21,64,0,0,0,37,2,12,0,0,0,0,0,18,0,16,0,0,0,36,0,142,0,2,0,0,0,27,0,0,0,0,0,0,0,14,0,0,0,0,0,0,0,4,0,0,0,7,0,1,0,0,0,0,0,24,0,0,0,25,0,0,0,0,0,0,0,0,0,0,0,0,0,0,0,0,0,0,0,0,0,0,0,0,0,0,0,0,0,0,0,0,0,0,0,0,0,0,0,0,0,0,0,0,0,26,0,0,0,0,0,0,0,0,0,0,0,0,0,0,0,0,0,0,0,0,0,0,0,20,0,0,0,0,0,0,0,0,0,0,0,1,0,1,0,0,0,15,0,0,0,76,0,0,0,6,0,32,0,0,0,41,1,14,0,0,0,0,0,0,0,0,0,0,0,0,0,0,0,0,0,0,0,0,0,0,0,0,0,0,0,0,0,0,0,67,92,71,0,35,0,0,0,0,0,0,0,0,0,0
0,129,0,191,0,416,0,0,0,0,0,440,0,0,19,96,0,35,0,58,0,43,0,93,0,34,0,0,0,65,0,0,0,0,0,7,0,31,0,0,0,0,0,4,0,0,0,0,0,0,0,15,0,0,0,0,0,0,0,0,0,7,0,0,0,0,0,0,0,0,0,10,0,0,0,4,0,0,0,0,0,0,0,0,0,97,0,0,0,0,0,0,0,0,0,0,0,0,0,0,0,0,0,0,0,0,0,0,0,0,0,0,0,0,0,0,0,0,0,0,0,0,0,0,0,0,0,0,0,0,0,0,0,0,0,0,0,0,0,11,0,87,0,183,0,83,0,0,0,0,0,0,0,0,0,0,0,9,0,0,0,0,0,0,0,1,0,33,0,0,0,0,0,8,0,0,10,46,0,204,0,0,0,0,0,0,0,0,0,0,0,0,0,0,0,0,0,0,0,0,0,0,0,0,0,0,0,0,0,0,0,0,0,0,18,0,0,0,41,30,46,0,0,0,0
0,0,0,0,365,0,0,0,0,0,48,0,696,0,72,0,36,0,284,0,74,12,60,0,0,0,36,0,70,0,84,0,36,0,0,7,194,1,7,0,0,0,37,0,19,0,0,0,3,0,73,10,0,0,0,0,0,0,0,0,0,0,0,0,0,0,0,0,0,0,0,0,0,0,0,0,0,0,0,0,0,0,0,0,0,0,0,0,6,0,0,0,0,0,0,0,0,0,0,0,0,0,0,0,0,0,0,0,0,0,0,0,0,0,0,0,0,0,0,0,0,0,0,0,0,0,0,0,0,0,0,0,0,0,0,0,0,0,0,0,0,0,0,0,0,0,0,0,0,0,0,0,0,0,0,0,0,0,0,0,0,0,0,0,52,0,21,0,0,0,0,0,16,0,0,0,35,0,48,0,0,0,11,0,0,0,13,0,0,0,0,0,0,0,2,0,0,0,0,0,0,0,0,0,0,0,0,0,0,0,54,97,92,23,12,0,0,0,0,0,0,0,0,0,0
0,0,0,0,0,276,0,0,0,0,0,86,33,237,0,56,0,0,90,216,12,94,0,100,0,0,17,117,0,22,0,6,0,7,7,0,0,370,0,10,2,0,0,12,0,8,0,0,0,0,8,43,0,0,0,0,0,0,0,0,0,15,0,0,0,0,0,0,0,0,0,0,0,0,0,0,0,0,0,0,0,0,0,0,0,0,0,0,0,0,0,0,0,0,0,0,0,0,0,0,0,0,0,2,0,0,0,0,0,0,0,0,0,0,0,0,0,0,0,0,0,0,0,0,0,0,0,0,0,0,0,0,0,0,0,0,0,0,0,0,0,0,0,237,0,128,0,0,0,0,0,0,0,0,0,0,0,0,0,0,0,0,0,0,0,10,0,94,0,71,0,1,0,18,0,0,11,46,0,43,0,0,0,0,0,0,0,7,0,0,0,0,0,0,0,0,0,0,0,0,0,0,0,0,0,0,0,0,0,0,0,0,0,0,47,0,0,0,0,143,185,0,0,0,0
80,0,103,0,526,0,0,0,0,0,286,0,101,0,44,4,32,0,33,3,64,0,17,0,6,0,28,1,91,0,49,0,142,0,194,0,0,0,62,0,0,0,96,0,76,0,0,0,4,0,98,0,3,0,0,0,0,0,0,0,28,0,5,0,0,0,0,0,0,0,86,0,9,0,53,0,0,0,0,0,0,0,0,0,0,0,78,0,0,0,0,0,0,0,0,0,0,0,0,0,0,0,0,0,0,0,0,0,0,0,0,0,0,0,0,0,0,0,0,0,27,0,40,0,0,0,0,0,0,0,0,0,0,0,0,0,0,0,106,0,107,0,43,0,161,0,8,0,0,0,0,0,0,0,9,0,18,0,0,0,5,0,47,0,48,0,115,0,92,0,37,0,70,0,0,0,65,0,17,0,0,0,33,0,0,0,0,0,0,0,0,0,0,0,0,0,0,0,0,0,0,0,0,0,0,0,0,0,0,0,73,84,152,37,18,0,0,0,0,0,0,0,0,0,0
0,96,0,0,0,251,0,23,0,0,0,269,0,22,37,51,0,21,0,131,8,31,5,73,0,0,0,39,0,5,0,0,0,31,1,370,0,0,0,8,0,0,0,25,0,12,0,0,0,0,0,117,0,0,0,6,0,0,0,0,0,37,0,0,0,0,0,0,0,0,0,0,0,0,0,9,0,0,0,0,0,78,0,0,0,126,0,0,0,0,0,0,0,0,0,0,0,0,0,66,0,0,0,0,0,0,0,0,0,0,0,0,0,0,0,0,0,0,0,0,0,122,0,42,0,0,0,2,0,0,0,0,0,0,0,0,0,0,0,0,0,162,0,208,0,264,0,0,0,0,0,0,0,0,0,5,0,29,0,0,0,0,0,0,0,0,0,55,0,66,0,6,0,54,0,0,8,46,0,160,0,0,0,0,0,0,0,0,0,0,0,0,0,0,0,0,0,0,0,0,0,0,0,0,0,0,0,0,0,0,0,0,0,0,19,0,0,0,36,77,116,7,0,1,0
374,0,481,0,203,0,0,0,11,0,236,0,0,0,0,0,190,0,0,0,6,0,52,7,52,0,3,0,12,0,4,0,2,0,7,0,62,0,0,0,0,0,14,0,0,0,0,0,0,0,4,0,7,0,6,0,0,0,0,0,12,0,10,0,0,0,0,0,0,0,43,0,0,0,22,0,0,0,0,0,0,0,0,0,28,0,39,0,0,0,0,0,0,0,0,0,0,0,59,0,0,0,0,0,0,0,0,0,0,0,0,0,0,0,0,0,0,0,0,0,0,0,17,0,0,0,0,0,0,0,0,0,0,0,0,0,0,0,77,0,72,0,21,0,96,0,0,0,0,0,0,0,0,0,30,0,16,0,3,0,0,0,18,0,0,0,38,0,2,0,14,0,23,0,0,0,72,0,3,0,0,0,172,0,0,0,0,0,0,0,0,0,0,0,0,0,0,0,0,0,0,0,0,0,0,0,0,0,0,0,0,36,28,8,9,0,0,1,0,0,0,0,0,0,0
0,203,0,135,0,0,0,115,0,0,0,82,0,0,0,0,5,171,0,0,0,19,10,63,0,89,0,0,0,21,1,3,0,0,0,10,0,8,0,0,0,0,0,6,0,3,0,0,0,0,0,17,0,0,0,0,0,0,0,0,0,2,0,3,0,0,0,0,0,0,0,0,0,0,0,0,0,0,0,0,0,0,0,0,0,0,0,0,0,0,0,0,0,0,0,0,0,0,0,0,0,0,0,0,0,0,0,0,0,0,0,0,0,0,0,0,0,0,0,0,0,0,0,0,0,0,0,0,0,0,0,0,0,0,0,0,0,0,0,59,0,91,0,0,0,157,0,0,0,0,0,0,0,0,0,13,0,33,0,0,0,0,0,0,0,0,0,1,0,0,0,0,0,5,0,0,0,7,0,105,0,0,0,0,0,0,0,0,0,0,0,0,0,0,0,0,0,0,0,0,0,0,0,0,0,0,0,0,0,0,0,0,0,0,0,0,0,0,0,4,0,0,0,0,0
9,0,11,0,137,0,0,0,5,0,23,0,344,0,9,0,0,0,27,0,0,0,0,0,0,0,87,139,0,0,0,0,0,0,0,2,0,0,0,0,0,50,310,0,131,106,127,70,242,0,65,0,0,0,0,0,0,0,0,0,0,0,0,0,0,0,0,0,0,0,0,0,0,0,0,0,0,0,0,0,0,0,0,0,0,0,0,0,0,0,0,0,0,0,0,0,0,0,0,0,0,0,7,0,0,0,0,0,0,0,0,0,0,0,0,0,0,0,0,0,0,0,0,0,0,0,0,0,0,0,0,0,0,0,0,0,0,0,0,0,0,0,0,0,0,0,0,0,0,0,0,0,0,0,0,0,0,0,0,0,0,0,0,0,98,0,0,0,0,0,0,0,0,0,0,0,79,46,40,0,14,0,5,0,10,0,248,0,0,0,0,0,0,0,10,0,0,0,0,0,0,0,0,0,0,0,0,0,0,0,0,106,55,1,0,0,0,41,0,0,0,0,0,0,2
0,0,0,0,0,18,0,0,0,0,0,70,0,295,0,0,0,0,57,0,0,0,0,0,0,0,114,44,0,0,0,0,0,0,0,0,0,0,0,0,50,0,38,338,64,184,46,225,0,149,33,119,0,0,0,0,0,0,0,0,0,0,0,0,0,0,0,0,0,3,0,0,0,0,0,0,0,0,0,0,0,0,0,0,0,0,0,0,0,0,0,0,0,0,0,0,0,0,0,0,0,0,0,0,0,0,0,1,0,0,0,0,0,0,0,0,0,0,0,0,0,0,0,0,0,0,0,0,0,0,0,0,0,0,0,0,0,0,0,0,0,0,0,0,0,0,0,0,0,0,0,0,0,0,0,0,0,0,0,0,0,0,0,0,0,34,0,0,0,10,0,0,0,0,0,0,0,213,0,25,0,16,0,0,0,6,43,25,0,0,0,0,0,0,0,0,0,0,0,0,0,0,0,0,0,0,0,0,0,0,0,0,0,0,0,0,0,0,0,51,37,0,0,0,42
0,0,0,0,0,0,0,0,0,0,16,0,211,0,0,0,21,0,26,0,39,0,0,0,0,0,296,159,85,0,90,0,27,0,37,0,96,0,14,0,310,38,0,0,128,101,145,59,55,0,101,0,0,0,0,0,0,0,5,0,4,0,5,0,0,0,0,0,0,0,14,0,0,0,0,0,0,0,0,0,0,0,0,0,0,0,0,0,0,0,0,0,0,0,0,0,0,0,0,0,0,0,0,0,0,0,0,0,0,0,0,0,0,0,0,0,0,0,0,0,0,0,0,0,0,0,0,0,0,0,0,0,0,0,0,0,0,0,17,0,0,0,0,0,0,0,0,0,0,0,0,0,0,0,1,0,0,0,0,0,0,0,0,0,43,0,23,0,0,0,6,0,14,0,0,0,0,18,53,0,0,0,12,0,0,0,156,0,0,0,0,0,0,0,0,0,0,0,0,0,0,0,0,0,0,0,0,0,0,0,37,116,78,0,0,0,0,25,0,0,0,0,0,0,0
0,0,0,0,0,0,0,0,0,0,0,0,0,225,0,0,0,0,0,78,0,150,0,38,0,0,0,316,0,0,0,4,0,4,0,12,0,25,0,6,0,338,0,0,0,165,0,121,0,11,0,91,0,0,0,0,0,0,0,0,0,2,0,0,0,0,0,0,0,0,0,9,0,0,0,0,0,0,0,0,0,0,0,0,0,0,0,0,0,0,0,12,0,0,0,0,0,0,0,0,0,0,0,0,0,0,0,0,0,0,0,0,0,0,0,0,0,0,0,0,0,68,0,0,0,0,0,0,0,0,0,0,0,0,0,0,0,0,0,0,0,0,0,0,0,53,0,0,0,0,0,0,0,0,0,0,0,0,0,0,0,0,0,3,0,37,0,11,0,20,0,1,0,6,0,0,0,7,0,0,0,0,0,0,0,0,0,93,0,0,0,0,0,0,0,0,0,0,0,0,0,0,0,0,0,0,0,0,0,0,0,0,0,0,0,0,0,0,0,159,150,0,0,0,0
20,0,73,0,72,0,6,0,0,0,35,0,174,40,32,0,113,0,41,0,86,0,226,0,0,0,173,102,38,0,28,0,0,0,19,0,76,0,0,0,131,64,128,0,0,159,254,82,317,59,43,0,13,0,0,0,0,0,0,0,0,0,32,0,0,0,5,0,9,0,96,0,0,0,75,0,0,0,0,0,0,0,0,0,0,0,105,0,0,0,0,0,0,0,87,0,0,0,0,0,0,0,0,0,0,0,0,0,0,0,0,0,0,0,0,0,0,0,0,0,51,0,0,0,0,0,0,0,0,0,0,0,0,0,0,0,0,0,0,0,0,0,0,0,100,0,0,0,0,0,0,0,0,0,0,0,0,0,2,0,0,0,0,0,223,0,46,0,56,0,21,0,55,0,0,0,31,53,22,0,0,0,9,0,11,0,122,0,0,0,0,0,0,0,0,0,0,0,0,0,0,0,0,0,0,0,0,0,0,0,56,156,288,17,16,0,0,129,0,0,0,0,0,0,2
0,0,0,0,0,97,0,6,0,26,0,116,54,143,0,49,0,8,0,60,0,105,0,65,0,0,135,171,0,0,0,0,0,0,0,8,0,12,0,3,106,184,101,165,159,0,112,280,12,241,32,134,0,0,0,0,0,0,0,0,0,0,0,0,0,8,0,0,0,22,0,12,0,0,0,0,0,18,0,0,0,0,0,50,0,0,0,0,0,0,0,0,0,0,0,9,0,0,0,0,0,18,0,12,0,0,0,36,0,0,0,0,0,0,0,0,0,9,0,0,0,0,0,22,0,0,0,0,0,0,0,2,0,0,0,0,0,0,0,0,0,0,0,0,0,69,0,0,0,0,0,0,0,0,0,0,0,0,0,0,0,0,0,3,0,305,0,25,0,161,0,5,0,12,0,0,0,174,0,31,0,0,0,62,0,22,61,80,0,0,0,0,0,0,0,0,0,0,0,0,0,0,0,0,0,0,0,0,0,0,0,1,0,0,18,0,0,0,72,262,347,20,4,0,222
17,0,27,0,102,0,0,0,0,0,20,0,223,0,14,0,0,0,58,0,0,0,22,1,0,0,111,49,0,0,0,0,0,0,0,0,0,0,0,0,127,46,145,0,254,112,0,0,205,33,0,0,0,0,0,0,0,0,0,0,0,0,0,0,0,0,0,0,0,0,0,0,0,0,0,0,0,0,0,0,0,0,0,0,0,0,0,0,0,0,0,0,0,0,0,0,0,0,0,0,0,0,0,0,0,0,0,0,0,0,0,0,0,0,0,0,0,0,0,0,0,0,0,0,0,0,0,0,0,0,0,0,0,0,0,0,0,0,0,0,0,0,0,0,0,0,0,0,0,0,0,0,0,0,0,0,0,0,0,0,0,0,0,0,88,0,0,0,0,0,0,0,0,0,0,0,23,45,29,0,0,0,3,0,7,0,209,0,0,0,0,0,0,0,0,0,0,0,0,0,0,0,0,0,0,0,0,0,0,0,4,190,66,0,0,0,0,56,0,8,0,0,0,0,1
0,0,0,0,0,69,0,0,0,0,0,99,0,246,0,0,0,0,0,37,0,0,0,0,0,0,133,102,0,0,0,0,0,0,0,0,0,0,0,0,70,225,59,121,82,280,0,0,2,139,53,40,0,0,0,0,0,0,0,0,0,0,0,0,0,0,0,0,0,5,0,0,0,0,0,0,0,0,0,0,0,0,0,0,0,0,0,0,0,0,0,0,0,0,0,0,0,0,0,0,0,0,0,0,0,0,0,0,0,0,0,0,0,0,0,0,0,1,0,0,0,0,0,0,0,0,0,0,0,0,0,0,0,0,0,0,0,0,0,0,0,0,0,0,0,0,0,0,0,0,0,0,0,0,0,0,0,0,0,0,0,0,0,0,0,16,0,0,0,0,0,0,0,0,0,0,0,139,0,28,0,0,0,0,0,0,31,12,0,0,0,0,0,0,0,0,0,0,0,0,0,0,0,0,0,0,0,0,0,0,0,0,0,0,0,0,0,0,0,90,58,1,0,0,52
16,0,0,0,18,0,46,0,12,0,13,0,42,0,6,0,9,0,0,0,10,0,12,0,6,1,25,0,10,0,0,0,0,0,3,0,4,0,0,0,242,0,55,0,317,12,205,2,0,15,14,0,12,0,26,0,41,0,41,0,2,0,1,0,0,0,3,0,20,0,0,0,0,0,0,0,3,0,4,0,5,0,14,0,0,0,5,0,9,0,0,0,23,0,20,0,0,0,0,0,15,0,20,0,13,0,5,0,0,0,0,0,0,0,0,0,0,0,0,0,0,0,0,0,0,0,0,0,0,0,0,0,0,0,0,0,0,1,0,0,0,0,6,0,0,0,2,0,0,0,0,0,0,0,6,0,6,0,6,0,21,0,0,0,27,0,6,0,5,0,5,0,8,0,0,1,25,2,22,0,1,0,0,0,0,0,261,0,22,0,0,0,0,0,14,0,0,0,0,0,7,0,13,0,33,0,4,0,1,0,55,87,136,10,89,10,1,12,0,0,1,0,0,0,1
0,26,0,8,0,0,0,0,0,0,1,61,0,34,0,24,0,0,8,0,1,0,0,8,0,0,10,15,0,0,0,0,0,0,0,0,0,0,0,0,0,149,0,11,59,241,33,139,15,0,0,4,0,0,0,7,0,0,0,0,0,0,0,4,0,0,0,0,0,13,0,0,0,0,0,0,0,6,0,0,0,0,0,14,0,0,0,1,0,0,0,0,0,0,0,0,0,0,0,0,0,4,0,2,0,0,0,0,0,2,0,0,0,0,0,0,0,0,0,0,0,0,0,0,0,0,0,0,0,0,0,0,0,0,0,0,0,0,0,0,0,0,0,0,0,6,0,0,0,3,0,0,0,0,0,0,0,0,0,0,0,0,0,0,0,44,0,36,0,19,0,0,0,1,0,0,0,152,0,78,0,29,0,59,0,0,54,28,0,0,0,0,0,1,0,0,0,0,0,0,0,0,0,1,0,0,0,0,0,0,0,2,0,0,6,0,0,1,7,10,0,0,2,0,36
14,0,25,0,84,0,0,0,0,0,21,0,390,0,33,0,28,0,239,0,208,0,40,0,0,0,283,191,55,0,74,0,14,0,73,8,98,0,4,0,65,33,101,0,43,32,0,53,14,0,0,0,0,0,0,0,0,0,8,0,0,0,0,0,0,0,0,0,0,0,11,0,0,0,10,0,0,0,0,0,0,0,22,0,0,0,19,0,0,0,0,0,0,0,35,0,0,0,0,0,17,0,11,0,0,0,0,0,0,0,0,0,0,0,0,0,0,0,0,0,0,0,0,0,0,0,0,0,0,0,0,0,0,0,0,0,0,0,0,0,0,0,0,0,22,0,0,0,0,0,0,0,0,0,2,0,0,0,0,0,0,0,9,0,47,0,21,0,93,0,11,0,35,0,0,0,0,14,73,0,0,0,13,0,0,0,88,0,0,0,0,0,0,0,0,0,0,0,0,0,0,0,0,0,0,0,0,0,0,0,44,90,103,15,22,0,1,4,0,0,0,0,0,0,0
0,0,0,0,0,0,0,0,0,0,0,38,0,264,0,47,0,0,0,131,0,180,0,93,0,0,0,398,0,15,0,9,0,15,10,43,0,117,0,17,0,119,0,91,0,134,0,40,0,4,0,0,0,0,0,0,0,3,0,0,0,11,0,0,0,0,0,0,0,0,0,55,0,0,0,0,0,15,0,17,0,145,0,38,0,248,0,0,0,0,0,19,0,0,0,0,0,73,0,0,0,0,0,0,0,0,0,0,0,0,0,0,0,3,0,0,0,0,0,0,0,295,0,0,0,0,0,0,0,0,0,0,0,0,0,0,0,0,0,0,0,0,0,202,0,186,0,0,0,0,0,0,0,0,0,0,0,0,0,0,0,0,0,18,0,30,0,39,0,112,0,25,0,52,0,0,0,11,0,13,0,0,0,0,0,0,0,94,0,0,0,0,0,0,0,0,0,0,0,0,0,0,0,0,0,8,0,0,0,0,0,0,0,0,47,0,0,0,102,164,156,27,0,0,2
5,0,0,0,0,0,116,3,248,48,0,0,0,0,5,1,39,0,0,0,3,0,19,0,76,0,7,0,10,0,0,0,0,0,0,0,3,0,7,0,0,0,0,0,13,0,0,0,12,0,0,0,0,10,250,24,273,13,33,61,52,0,106,0,5,6,8,60,0,0,4,0,0,0,8,0,0,0,0,0,0,0,0,0,145,0,0,0,0,0,95,0,0,0,0,0,180,0,0,0,0,0,0,0,0,0,0,0,0,0,0,0,0,0,0,0,0,0,0,0,12,0,97,0,0,0,0,0,54,0,0,0,25,0,0,0,119,0,295,0,128,0,228,0,15,0,5,0,0,0,0,0,0,0,174,0,74,0,125,0,24,0,0,0,1,0,0,0,23,0,164,0,0,0,0,0,25,0,1,0,0,0,95,0,35,7,0,0,0,0,0,0,0,0,0,0,0,0,0,0,0,0,0,0,0,0,0,0,0,0,190,107,153,173,187,0,101,0,0,0,0,0,0,0,0
0,14,0,0,0,22,13,36,41,67,0,7,0,0,0,14,0,84,0,0,0,0,0,27,0,38,0,0,0,8,0,10,0,0,0,0,0,0,0,0,0,0,0,0,0,0,0,0,0,0,0,0,10,0,28,58,4,119,27,0,0,54,1,106,0,0,17,0,0,0,0,0,0,0,0,0,0,0,0,0,0,2,0,0,0,35,0,0,0,0,0,0,0,0,0,0,0,0,0,4,0,0,0,0,0,0,0,0,0,0,0,0,0,0,0,0,0,0,0,0,0,0,0,0,0,0,0,0,0,32,0,0,0,33,0,0,0,116,0,392,0,196,0,107,0,99,0,0,0,0,0,0,0,0,0,218,0,152,0,135,0,11,0,0,0,0,0,0,0,0,1,31,0,8,0,0,6,0,0,0,0,0,0,0,1,1,0,0,0,0,0,0,0,0,0,0,0,0,0,0,0,0,0,0,0,0,0,0,0,0,2,0,0,0,118,0,0,0,147,419,62,103,0,13,0
0,0,163,0,10,0,383,12,101,172,0,0,0,0,16,0,2,0,0,0,0,0,66,0,155,0,5,0,3,0,0,0,0,0,0,0,0,0,6,0,0,0,0,0,0,0,0,0,26,0,0,0,250,28,0,94,115,21,123,105,63,0,17,0,11,4,7,118,0,0,0,0,0,0,0,0,0,0,0,0,0,0,0,0,103,0,0,0,0,0,0,0,0,0,0,0,251,0,0,0,0,0,0,0,0,0,0,0,0,0,0,0,0,0,0,0,0,0,0,0,0,0,46,0,12,0,0,0,135,0,63,0,36,0,0,0,208,0,31,0,34,0,120,0,0,0,0,2,0,0,0,0,0,0,39,0,39,0,79,0,90,0,0,0,2,0,0,0,61,0,347,0,84,0,0,0,55,4,0,0,0,0,0,0,11,20,0,0,0,0,0,0,0,0,0,0,0,0,0,0,0,0,0,0,0,0,0,0,0,0,404,81,428,406,509,13,219,0,0,0,0,0,0,0,0
0,5,2,110,0,39,95,308,237,113,0,11,0,0,0,42,0,22,0,42,0,14,0,27,37,132,0,29,0,0,0,0,0,0,0,0,0,6,0,0,0,0,0,0,0,0,0,0,0,7,0,0,24,58,94,0,9,265,29,70,0,50,7,79,0,0,18,0,0,0,0,0,0,0,0,0,0,0,0,0,0,0,0,0,0,42,0,0,0,0,0,3,0,0,0,0,0,0,0,0,0,0,0,1,0,0,0,0,0,0,0,0,0,0,0,0,0,0,0,0,0,0,0,0,0,0,0,0,0,68,0,47,0,40,0,201,0,201,0,192,0,69,0,140,0,0,0,1,0,0,0,0,0,0,0,41,0,60,0,119,0,13,0,11,0,12,0,0,0,76,2,185,0,50,0,0,22,8,0,0,0,2,0,1,0,6,0,0,0,0,0,0,0,0,0,0,0,0,0,0,0,0,0,0,0,0,0,0,0,0,0,0,4,0,448,0,0,0,366,196,489,373,0,77,0
0,0,7,0,0,0,20,0,25,0,0,0,0,0,0,0,6,0,0,0,0,0,0,0,15,0,0,0,0,0,0,0,0,0,0,0,0,0,0,0,0,0,0,0,0,0,0,0,41,0,0,0,273,4,115,9,0,10,270,46,17,0,0,0,38,62,30,65,0,0,0,0,0,0,0,0,0,0,0,2,1,0,0,0,0,0,0,0,0,0,0,0,0,0,0,0,0,0,0,0,0,0,0,0,0,0,0,0,0,0,0,0,0,0,0,0,0,0,0,0,0,0,0,0,16,0,16,0,196,0,106,0,18,0,24,0,15,1,24,0,0,0,25,0,32,6,3,0,0,0,0,0,0,0,157,9,171,0,94,0,170,45,45,0,2,0,19,0,96,0,241,0,68,0,0,0,0,0,0,0,0,7,0,0,29,8,0,0,0,0,0,0,0,0,0,0,0,0,0,0,0,0,0,0,0,0,0,0,6,0,624,147,713,0,737,105,487,0,0,0,0,0,0,0,0
0,0,0,14,1,0,0,18,34,22,0,0,0,0,0,0,0,16,0,0,0,0,0,0,0,42,0,0,0,0,0,0,0,0,0,0,0,0,0,0,0,0,0,0,0,0,0,0,0,0,0,3,13,119,21,265,10,0,56,116,0,10,1,21,5,10,41,21,0,2,0,0,0,0,0,0,0,2,0,0,0,0,0,0,0,0,0,0,0,1,0,0,0,0,0,0,0,0,0,0,0,0,0,0,0,0,0,0,0,0,0,0,0,0,0,0,0,0,0,0,0,0,0,0,0,16,0,0,0,53,0,67,0,34,0,0,0,46,0,90,0,14,0,35,0,24,0,0,0,0,0,0,0,0,2,146,0,49,0,304,0,42,0,0,0,6,0,1,0,128,0,455,0,19,0,0,4,0,0,0,0,0,0,0,11,3,0,0,0,0,0,0,0,0,0,0,0,0,0,0,0,0,0,0,0,0,0,0,0,0,1,0,2,0,963,0,0,0,825,166,966,948,20,197,0
0,0,0,0,0,0,16,0,94,0,0,0,0,0,0,0,0,0,0,0,0,0,0,0,0,0,0,0,0,0,1,0,4,0,0,0,0,0,0,0,0,0,5,0,0,0,0,0,41,0,8,0,33,27,123,29,270,56,0,277,125,0,0,0,273,79,239,221,0,0,0,0,0,0,0,0,0,0,0,0,0,0,0,0,0,0,0,0,0,0,0,0,0,0,0,0,0,0,0,0,0,0,0,0,0,0,0,0,0,0,0,0,0,0,0,0,0,0,0,0,0,0,0,0,11,0,23,0,12,0,91,0,0,0,0,0,9,0,0,0,0,0,0,0,9,0,0,0,7,0,10,0,0,0,124,17,210,0,5,9,51,14,0,0,0,0,0,0,57,0,276,0,89,0,4,0,0,0,0,0,17,0,0,0,279,27,0,0,0,0,0,0,0,0,0,0,0,0,0,0,0,0,0,0,0,0,0,0,6,0,720,335,583,552,653,71,453,0,1,0,0,0,0,0,0
0,3,0,0,0,0,0,4,83,36,0,0,0,0,0,0,0,0,0,0,0,0,1,0,0,0,0,0,0,0,0,0,0,0,0,0,0,0,0,0,0,0,0,0,0,0,0,0,0,0,0,0,61,0,105,70,46,116,277,0,2,0,1,0,0,280,192,389,0,1,0,0,0,0,0,0,0,0,0,0,0,0,0,0,0,0,0,0,0,0,0,0,0,0,0,0,0,0,0,1,0,0,0,0,0,2,0,0,0,0,0,0,0,0,0,0,0,0,0,0,0,0,0,0,0,15,0,25,0,38,0,117,0,52,0,0,0,21,0,23,0,0,0,0,0,89,0,2,0,12,0,5,0,0,22,69,4,110,5,104,0,53,0,0,0,0,0,0,0,30,0,0,0,0,2,0,13,0,0,0,0,0,0,0,31,171,0,0,0,0,0,0,0,0,0,0,0,0,0,0,0,0,0,0,0,0,0,0,0,0,6,0,0,0,830,0,0,0,954,458,465,622,15,98,0
170,0,77,0,0,0,281,0,332,0,1,0,0,0,0,0,32,0,0,0,0,0,20,0,53,0,0,0,20,0,0,0,0,0,0,0,28,0,12,0,0,0,4,0,0,0,0,0,2,0,0,0,52,0,63,0,17,0,125,2,0,0,34,0,0,0,26,0,0,0,16,0,0,0,4,0,0,0,0,0,0,0,0,0,0,0,0,0,0,0,0,0,0,0,0,0,0,0,0,0,0,0,0,0,0,0,0,0,0,0,0,0,0,0,0,0,0,0,0,0,6,0,0,0,0,0,0,0,0,0,0,0,0,0,0,0,0,0,153,0,114,0,0,0,170,0,0,0,0,0,0,0,0,0,81,0,84,0,7,0,0,0,10,0,0,0,2,0,8,0,152,0,187,0,0,0,62,0,0,0,0,0,96,0,17,0,0,0,0,0,0,0,0,0,0,0,0,0,0,0,0,0,0,0,0,0,0,0,0,0,59,68,73,47,37,0,9,0,0,0,0,0,0,0,0
11,341,8,84,0,17,0,368,0,136,0,9,0,0,0,6,2,140,0,0,0,4,9,34,10,164,0,0,0,36,0,0,0,7,0,15,0,37,0,2,0,0,0,2,0,0,0,0,0,0,0,11,0,54,0,50,0,10,0,0,0,0,0,113,0,0,0,0,0,0,0,0,0,0,0,0,0,0,0,1,0,0,0,0,0,0,0,4,0,0,0,0,0,0,0,0,0,0,0,0,0,0,0,0,0,0,0,0,0,0,0,0,0,0,0,0,0,0,0,0,0,0,0,0,0,0,0,0,0,0,0,0,0,0,0,0,0,0,0,65,0,109,0,0,0,206,0,0,0,0,0,0,0,0,0,17,0,103,0,17,0,0,0,0,0,0,0,0,0,12,0,36,0,138,0,0,0,14,0,44,0,0,0,25,0,0,0,0,0,0,0,0,0,0,0,0,0,0,0,0,0,0,0,0,0,0,0,0,0,0,0,0,0,0,77,0,0,0,111,366,69,0,0,0,0
200,0,293,0,10,0,356,30,289,54,0,0,0,0,15,0,272,0,0,0,45,0,69,0,94,16,0,0,39,0,28,0,7,0,0,0,5,0,10,0,0,0,5,0,32,0,0,0,1,0,0,0,106,1,17,7,0,1,0,1,34,0,0,0,1,0,0,2,0,0,49,0,0,0,40,0,0,0,0,0,0,0,0,0,0,0,0,0,0,0,16,0,0,0,0,0,0,0,0,0,0,0,0,0,0,0,0,0,0,0,0,0,0,0,0,0,0,0,0,0,0,0,89,0,0,0,0,0,0,0,0,0,0,0,0,0,0,0,197,0,229,0,162,0,93,0,0,0,0,0,0,0,0,0,207,0,41,0,34,0,0,0,0,0,0,0,0,0,0,0,8,0,17,0,0,0,66,3,0,0,0,0,112,0,5,0,0,0,0,0,0,0,0,0,0,0,0,0,0,0,0,0,0,0,0,0,0,0,0,0,57,40,23,34,31,0,0,0,0,0,0,0,0,0,0
27,201,8,23,2,9,33,292,33,119,0,5,0,0,0,44,5,396,0,0,0,68,6,90,31,128,0,12,0,104,0,0,0,0,0,0,0,0,0,3,0,0,0,0,0,0,0,0,0,4,0,0,0,106,0,79,0,21,0,0,0,113,0,0,0,0,0,0,0,0,0,0,0,0,0,0,0,0,0,0,0,0,0,0,0,9,0,0,0,0,0,0,0,0,0,0,0,0,0,0,0,0,0,0,0,0,0,0,0,0,0,0,0,0,0,0,0,0,0,0,0,0,0,0,0,0,0,0,0,0,0,0,0,0,0,0,0,0,0,255,0,179,0,88,0,98,0,0,0,0,0,0,0,0,0,60,0,117,0,29,0,6,0,0,0,0,0,0,0,10,0,22,0,40,0,0,9,20,0,10,0,0,0,18,0,0,0,0,0,0,0,0,0,0,0,0,0,0,0,0,0,0,0,0,0,0,0,0,0,0,0,0,0,0,64,0,0,0,81,198,114,30,0,4,0
8,0,11,0,25,0,11,0,59,0,23,0,12,0,0,0,0,0,0,0,0,0,0,0,0,0,0,0,0,0,0,0,1,0,0,0,0,0,0,0,0,0,0,0,0,0,0,0,0,0,0,0,5,0,11,0,38,5,273,0,0,0,1,0,0,100,116,21,0,0,0,0,0,0,0,0,0,0,0,0,0,0,0,0,0,0,0,0,0,0,0,0,0,0,0,0,0,0,0,0,0,0,0,0,0,0,0,0,0,0,0,0,0,0,0,0,0,0,0,0,0,0,0,2,7,0,17,0,1,0,15,0,0,0,22,0,12,0,0,19,0,0,0,0,24,0,13,0,48,0,4,0,0,0,0,10,10,0,0,62,463,162,7,0,0,0,0,0,0,0,0,0,0,0,31,0,0,0,0,0,228,43,4,0,240,7,2,0,0,0,0,0,0,0,0,0,0,0,7,0,10,0,0,0,0,0,0,0,0,0,84,36,0,0,0,0,0,0,0,0,0,0,0,0,0
0,53,2,2,0,15,0,0,0,165,0,10,0,0,0,3,0,0,0,11,0,0,0,0,0,0,0,0,0,0,0,0,0,0,0,0,0,0,0,0,0,0,0,0,0,8,0,0,0,0,0,0,6,0,4,0,62,10,79,280,0,0,0,0,100,0,52,383,0,0,1,8,0,0,0,14,0,0,0,0,0,0,0,0,0,3,0,0,0,0,0,0,0,0,0,0,0,0,0,0,0,0,0,0,0,0,0,0,0,0,0,0,0,0,0,0,0,0,0,0,0,9,0,2,0,53,0,52,0,1,0,48,0,0,0,0,0,50,38,36,0,0,0,0,46,100,0,57,39,99,0,38,0,39,25,0,6,0,49,0,226,499,2,0,0,0,0,0,0,0,1,0,0,0,17,11,0,0,0,17,42,257,0,40,39,105,0,3,0,0,0,0,0,0,0,0,0,0,0,0,0,0,0,0,0,0,0,0,0,18,0,0,0,0,114,0,0,0,172,69,0,0,0,0,0
2,0,4,0,8,0,19,0,131,0,0,0,0,0,0,2,0,0,0,0,0,0,0,0,0,0,0,0,0,0,0,0,0,0,0,0,0,0,0,0,0,0,0,0,5,0,0,0,3,0,0,0,8,17,7,18,30,41,239,192,26,0,0,0,116,52,0,66,0,0,0,0,0,0,0,0,0,0,0,0,0,0,0,0,0,0,0,0,0,0,0,0,0,0,0,0,0,0,0,0,0,0,0,0,0,0,0,0,0,0,0,0,0,0,0,0,0,0,0,0,0,0,0,0,0,0,8,0,0,0,11,0,0,0,2,0,0,0,7,0,0,0,0,0,5,3,3,0,4,0,0,0,0,0,38,8,54,0,0,8,121,17,0,0,0,0,0,0,8,0,59,0,21,0,11,0,27,0,0,0,38,0,0,0,871,25,0,0,0,0,0,0,0,0,0,0,0,0,0,0,0,0,0,0,0,0,0,0,2,0,135,89,78,0,92,0,63,1,0,0,0,0,0,0,0
0,4,0,0,0,0,0,0,81,55,0,0,0,0,0,0,0,0,0,0,0,0,0,0,0,0,0,0,0,0,0,0,0,0,0,0,0,0,0,0,0,0,0,0,0,0,0,0,0,0,0,0,60,0,118,0,65,21,221,389,0,0,2,0,21,383,66,0,0,0,0,0,0,0,0,0,0,0,0,0,0,0,0,0,0,0,0,0,0,0,0,0,0,0,0,0,0,0,0,0,0,0,0,0,0,0,0,0,0,0,0,0,0,0,0,0,0,0,0,0,0,0,0,0,0,23,0,4,0,3,0,32,0,0,0,0,0,4,5,2,0,0,0,0,3,58,0,3,0,24,0,0,0,0,19,11,8,38,8,20,0,105,0,0,0,0,0,0,0,0,0,0,0,0,9,5,34,4,0,0,4,29,0,0,57,677,0,0,0,0,0,0,0,0,0,0,0,0,0,0,0,0,0,0,0,0,0,0,0,0,0,7,0,0,150,0,0,0,227,207,33,0,0,0,0
0,0,0,0,0,0,0,0,0,0,0,0,3,0,0,0,0,0,0,0,0,0,0,0,0,0,3,0,0,0,0,0,0,0,0,0,0,0,0,0,0,0,0,0,9,0,0,0,20,0,0,0,0,0,0,0,0,0,0,0,0,0,0,0,0,0,0,0,0,0,0,0,1,0,0,0,88,0,18,0,0,0,12,0,0,0,0,0,5,0,0,0,40,0,0,0,0,0,0,0,0,0,233,0,0,0,17,0,74,0,15,0,9,0,0,0,0,0,0,0,0,0,0,0,0,0,0,0,0,0,0,0,0,0,0,0,0,0,0,0,0,0,0,0,0,0,0,0,0,0,0,0,0,0,0,0,0,0,0,0,0,0,0,0,82,0,0,0,133,0,0,0,0,0,0,0,0,0,0,0,0,0,0,0,0,0,0,0,0,0,0,0,0,0,0,0,0,0,0,0,0,0,0,0,0,0,0,0,0,0,69,9,85,0,13,34,45,0,0,0,0,0,0,0,0
0,0,0,0,0,0,0,0,0,0,0,0,0,0,0,0,0,0,0,0,0,0,0,0,0,0,0,6,0,0,0,0,0,0,0,0,0,0,0,0,0,3,0,0,0,22,0,5,0,13,0,0,0,0,0,0,0,2,0,1,0,0,0,0,0,0,0,0,0,0,0,0,0,0,0,0,0,32,0,0,0,0,0,61,0,0,0,9,0,12,0,0,0,31,0,11,0,0,0,0,0,17,0,135,0,0,0,31,0,13,0,3,0,28,0,0,0,4,0,0,0,0,0,0,0,0,0,0,0,0,0,0,0,0,0,0,0,0,0,0,0,0,0,0,0,0,0,0,0,0,0,0,0,0,0,0,0,0,0,0,0,0,0,0,0,70,0,0,0,33,0,0,0,0,0,0,0,3,0,0,0,0,0,0,0,0,0,0,0,0,0,0,0,0,0,17,0,1,0,0,0,6,0,0,0,0,0,0,0,0,0,0,0,0,0,0,0,0,46,9,108,0,43,171,0
0,0,9,0,0,0,0,0,0,0,0,0,0,0,13,0,147,0,0,0,74,0,0,0,9,0,0,0,78,0,31,0,24,0,0,0,86,0,43,0,0,0,14,0,96,0,0,0,0,0,11,0,4,0,0,0,0,0,0,0,16,0,49,0,0,1,0,0,0,0,0,0,293,0,245,0,18,0,221,0,0,0,0,0,0,0,24,0,0,0,0,0,0,0,0,0,0,0,0,0,0,0,0,0,0,0,0,0,0,0,0,0,0,0,0,0,0,0,0,0,45,0,19,0,0,0,0,0,0,0,0,0,24,0,75,0,38,0,0,0,42,0,115,0,103,0,0,0,15,0,0,0,0,0,0,0,7,0,0,0,0,0,62,0,0,0,0,0,33,0,47,0,47,0,0,0,0,0,0,0,20,0,0,0,3,0,0,0,0,0,0,0,0,0,1,0,0,0,0,0,0,0,0,0,0,0,0,0,47,0,72,0,14,0,6,0,1,0,0,0,0,0,0,0,0
0,0,0,0,0,0,0,0,0,0,0,0,0,0,0,0,0,0,0,0,0,0,0,0,0,0,0,0,0,0,0,0,0,10,0,0,0,0,0,0,0,0,0,9,0,12,0,0,0,0,0,55,0,0,0,0,0,0,0,0,0,0,0,0,0,8,0,0,0,0,0,0,0,198,0,266,0,18,0,33,0,0,0,0,0,0,0,56,0,0,0,0,0,0,0,0,0,0,0,0,0,0,0,0,0,0,0,0,0,0,0,0,0,0,0,0,0,0,0,0,0,0,0,10,0,0,0,77,0,9,0,0,0,35,0,0,0,0,0,5,0,41,0,17,0,95,0,0,0,19,0,0,0,25,0,0,0,2,0,1,8,8,0,48,0,0,0,0,0,5,0,20,0,26,0,0,0,0,0,0,0,38,0,2,0,0,0,0,0,0,0,0,0,0,0,0,0,0,0,0,0,0,0,0,0,0,0,0,0,0,0,0,0,0,0,0,0,0,82,0,11,0,0,0,0
0,0,0,0,0,0,0,0,0,0,0,0,0,0,0,0,26,0,0,0,0,0,9,0,12,0,0,0,0,0,0,0,0,0,0,0,9,0,0,0,0,0,0,0,0,0,0,0,0,0,0,0,0,0,0,0,0,0,0,0,0,0,0,0,0,0,0,0,1,0,293,0,0,0,143,0,21,0,183,0,1,0,16,0,50,0,11,0,0,0,0,0,0,0,4,0,12,0,0,0,0,0,3,0,0,0,0,0,1,0,0,0,0,0,0,0,1,0,0,0,69,0,30,0,21,0,26,0,24,0,19,0,42,0,115,0,80,1,0,0,36,0,146,0,80,0,26,0,0,0,0,0,12,0,0,0,0,0,0,0,0,0,60,0,0,0,0,0,16,0,16,0,0,0,0,0,0,0,0,0,0,0,0,0,0,0,0,0,0,0,0,0,0,0,2,0,0,0,0,0,67,0,96,0,0,0,0,0,97,0,271,0,17,0,16,1,0,0,0,0,0,0,0,0,0
0,0,0,0,0,0,0,0,0,0,0,0,0,0,0,0,0,0,0,0,0,0,0,0,0,0,0,0,0,0,0,3,0,0,0,0,0,0,0,0,0,0,0,0,0,0,0,0,0,0,0,0,0,0,0,0,0,0,0,0,0,0,0,0,0,0,0,0,0,0,0,198,0,0,0,193,0,38,0,158,0,0,0,11,0,0,0,119,0,2,0,0,0,0,0,0,0,0,0,0,0,0,0,0,0,0,0,0,0,0,0,0,0,0,0,0,0,0,0,0,0,89,0,39,0,0,0,0,0,8,0,4,0,37,0,94,0,0,0,0,0,31,0,30,0,119,0,0,0,1,0,28,0,18,0,0,0,0,0,0,0,8,0,33,0,0,0,0,0,8,0,14,0,18,0,0,0,0,0,0,0,18,0,0,0,0,0,0,0,0,0,0,0,0,0,0,0,0,0,0,0,26,0,0,0,22,0,0,0,0,0,0,0,0,10,0,0,0,258,4,17,4,3,2,0
0,0,0,0,0,0,0,0,1,0,0,0,0,0,0,0,143,0,0,0,62,0,0,0,21,0,0,0,66,0,34,0,25,0,0,0,53,0,22,0,0,0,0,0,75,0,0,0,0,0,10,0,8,0,0,0,0,0,0,0,4,0,40,0,0,0,0,0,0,0,245,0,143,0,0,0,18,0,164,0,10,0,20,0,15,0,48,0,1,0,0,0,0,0,8,0,2,0,5,0,0,1,0,0,0,0,0,0,0,0,0,0,0,0,0,0,0,0,0,0,132,0,48,0,17,0,13,0,0,0,13,0,7,0,76,0,24,0,3,0,29,8,121,0,119,0,0,0,14,0,28,0,19,0,0,0,3,0,0,0,0,0,20,0,0,0,0,0,23,0,24,0,0,0,0,0,0,0,0,0,29,7,0,0,0,0,0,0,0,0,0,0,9,0,0,0,8,0,52,0,19,0,35,0,0,0,50,0,41,0,78,0,10,1,9,0,0,0,0,0,0,0,0,0,0
0,0,0,0,0,0,0,0,0,0,0,0,0,0,0,0,0,0,0,0,0,0,0,0,0,0,0,0,0,0,0,0,0,4,0,0,0,9,0,0,0,0,0,0,0,0,0,0,0,0,0,0,0,0,0,0,0,0,0,0,0,0,0,0,0,14,0,0,0,0,0,266,0,193,0,0,0,11,0,173,0,0,0,0,0,0,0,75,0,0,0,0,0,0,1,0,0,0,0,0,0,0,0,0,0,0,0,0,0,0,0,0,0,0,0,0,0,0,0,0,0,154,0,33,0,22,5,111,0,0,0,0,0,0,0,112,9,78,1,3,0,17,0,39,3,209,0,0,0,31,0,0,0,28,0,0,0,0,0,4,0,11,0,53,0,0,0,9,0,0,0,22,0,0,0,0,0,0,0,0,8,41,0,0,0,0,0,0,0,0,0,0,0,0,0,0,0,3,0,0,0,0,0,0,0,0,0,0,0,0,0,0,0,0,4,0,0,0,99,2,0,0,2,0,0
0,0,0,0,0,0,0,0,0,0,0,0,0,0,0,0,0,0,0,0,0,0,0,0,0,0,0,0,0,0,0,0,0,0,0,0,0,0,0,0,0,0,0,0,0,0,0,0,3,0,0,0,0,0,0,0,0,0,0,0,0,0,0,0,0,0,0,0,88,0,18,0,21,0,18,0,0,0,34,0,15,0,92,0,0,0,58,0,0,0,0,0,43,0,17,0,0,0,10,0,6,0,70,0,0,0,0,0,37,0,0,0,0,0,5,0,12,0,0,0,0,0,0,0,0,0,0,0,0,0,0,0,0,0,0,0,0,0,0,0,0,0,0,0,0,0,0,0,2,0,0,0,0,0,0,0,0,0,0,0,0,0,0,0,27,0,0,0,55,0,0,0,0,0,0,0,0,0,0,0,11,0,0,0,0,0,0,0,0,0,0,0,0,0,58,0,0,0,0,0,0,0,0,0,0,0,0,0,0,0,42,0,28,0,0,13,3,0,0,0,0,0,0,0,0
0,0,0,0,0,0,0,0,0,0,0,0,0,0,0,0,0,0,0,0,0,0,0,0,0,0,0,0,0,0,0,0,0,0,0,0,0,0,0,0,0,0,0,0,0,18,0,0,0,6,0,15,0,0,0,0,0,2,0,0,0,0,0,0,0,0,0,0,0,32,0,18,0,38,0,11,0,0,0,28,0,65,0,220,0,43,0,167,0,52,0,22,0,63,0,82,0,0,0,48,0,73,0,52,0,38,0,103,0,1,0,0,0,34,0,0,0,3,0,0,0,17,0,0,0,0,2,0,0,0,0,0,0,0,0,0,0,0,0,0,0,5,0,0,0,0,0,0,0,0,0,0,0,0,0,0,0,0,0,0,1,1,0,11,0,33,0,0,0,54,0,0,0,0,0,0,0,0,0,0,0,0,0,0,0,0,0,0,0,0,0,0,0,0,0,77,0,0,0,0,0,0,0,0,0,44,0,0,0,0,0,0,0,0,9,0,0,0,90,5,72,0,22,3,0
0,0,0,0,0,0,0,0,0,0,0,0,0,0,0,0,0,0,0,0,0,0,0,0,0,0,0,0,0,0,0,0,0,0,0,0,0,0,0,0,0,0,0,0,0,0,0,0,4,0,0,0,0,0,0,0,0,0,0,0,0,0,0,0,0,0,0,0,18,0,221,0,183,0,164,0,34,0,0,0,45,0,131,0,103,0,130,0,7,0,0,0,30,0,29,0,58,0,22,0,15,0,92,0,60,0,0,0,29,0,1,0,0,0,3,0,11,0,0,0,167,0,95,0,0,4,0,0,0,0,0,0,0,0,0,0,0,0,0,0,13,0,0,0,42,0,0,0,0,0,0,0,0,0,0,0,0,0,0,0,0,0,26,0,7,0,0,0,49,0,8,0,0,0,0,0,0,0,0,0,0,0,0,0,0,0,0,0,0,0,0,0,134,0,69,0,21,0,0,0,164,0,0,0,0,0,0,0,0,0,240,7,73,3,36,22,0,0,0,0,0,0,0,0,0
