0,354,87,132,59,0,14,158,199,0,130,0,148,0,0,13,44,46,10,0,0,0,62,40,16,391,41,1,74,0,0,0,0,0,0,0,45,0,344,0,23,0,0,0,4,0,36,0,5,0,7,0,0,0,0,56,0,0,0,0,44,0,15,30,8,0,0,0,0,0,0,0,2,0,0,0,0,0,0,0,0,0,0,0,0,0,0,0,0,0,0,0,0,0,0,0,0,0,0,0,0,0,0,0,0,0,0,0,0,0,0,0,0,0,0,0,0,0,0,0,0,0,0,0,0,0,0,0,0,0,0,0,0,0,0,0,0,0,2,0,0,0,0,0,0,0,0,0,34,0,0,0,38,0,0,0,0,0,0,0,0,0,0,0,0,0,15,0,6,0,0,0,343,0,0,0,576,58,8,0,47,0,60,0,65,0,0,0,0,0,0,0,0,0,0,0,0,0,0,0,0,0,0,0,0,0,0,0,0,0,960,249,243,68,344,0,0,0,14,0,0,0,0,0,0
354,0,587,73,65,185,0,83,69,102,39,192,0,63,13,173,75,14,0,382,0,0,308,9,186,7,0,148,0,66,0,16,0,75,0,0,0,121,4,205,0,0,0,0,0,12,0,23,0,5,0,0,0,34,0,29,0,7,0,16,0,239,0,95,0,75,0,16,0,0,0,0,0,0,0,0,0,0,0,0,0,0,0,0,0,0,0,0,0,0,0,0,0,0,0,0,0,0,0,0,0,0,0,0,0,0,0,0,0,0,0,0,0,0,1,0,0,0,0,0,0,0,0,0,0,47,0,64,0,3,0,55,0,20,0,63,0,120,1,0,0,0,0,32,0,0,0,0,0,79,0,69,0,90,0,7,0,19,0,0,0,0,0,2,0,0,0,0,0,45,0,51,0,290,0,0,155,435,0,9,0,40,0,40,0,86,0,1,0,0,0,0,0,0,0,0,0,0,0,0,0,0,0,0,0,0,0,0,0,25,0,0,0,0,377,0,0,0,858,160,338,0,4,10,0
87,587,0,224,171,0,53,0,49,18,35,0,185,0,192,85,60,77,113,0,43,0,662,131,89,380,173,0,314,0,64,0,238,0,4,0,139,0,737,0,58,0,3,0,0,0,55,0,9,0,0,0,0,0,136,27,0,0,0,0,36,11,55,16,40,0,9,0,0,0,0,0,0,0,0,0,0,0,0,0,0,0,0,0,0,0,0,0,0,0,0,0,0,0,0,0,70,0,0,0,0,3,0,0,0,0,82,0,0,0,0,0,0,0,0,0,0,0,0,0,0,2,0,0,71,0,126,0,8,0,86,0,15,0,84,0,85,0,0,0,4,0,182,0,0,0,111,0,75,0,45,0,19,0,0,0,0,0,0,0,7,0,10,0,4,0,93,0,13,0,9,0,384,0,8,0,178,39,4,3,0,0,4,0,15,0,0,0,0,0,0,0,0,0,0,0,0,0,0,0,47,0,0,0,0,0,9,0,41,0,829,129,547,155,554,0,6,0,0,0,0,0,0,0,0
132,73,224,0,86,63,0,98,0,2,82,14,0,0,53,280,0,29,0,141,0,239,126,238,5,45,0,40,2,214,0,38,0,271,0,17,0,77,0,314,0,0,0,0,0,52,0,0,0,0,0,0,0,0,0,63,0,0,0,0,0,21,0,4,0,0,0,0,0,0,0,0,0,0,0,0,0,0,0,0,0,0,0,0,0,4,0,0,0,0,0,0,0,0,0,0,0,0,0,0,0,0,0,0,0,0,0,0,0,0,0,0,0,0,0,0,0,0,0,0,0,0,0,0,0,0,1,0,0,6,0,0,1,10,0,0,0,84,0,0,0,0,0,50,0,0,0,1,0,12,0,0,0,0,0,0,0,0,0,0,0,0,0,0,0,0,0,104,0,45,0,0,0,174,0,0,54,75,7,0,0,0,0,0,0,0,0,0,0,0,0,0,0,0,0,0,0,0,0,0,0,0,0,0,0,0,0,0,0,0,0,0,0,0,157,0,0,0,302,33,475,35,0,3,0
59,65,171,86,0,477,12,0,46,0,118,192,501,60,173,497,0,0,89,184,85,84,58,236,11,0,234,0,0,10,87,0,176,60,103,0,249,0,66,0,124,0,17,0,6,0,103,0,3,0,100,0,0,0,0,1,0,0,0,0,0,0,0,0,14,0,0,0,0,0,3,0,0,0,0,0,0,0,0,0,0,0,0,0,0,0,0,0,0,0,0,0,0,0,0,0,0,0,0,0,0,0,0,0,0,0,0,0,0,0,0,0,0,0,0,0,0,0,0,0,1,0,0,0,0,0,0,0,0,0,6,0,0,0,0,0,0,0,0,0,0,0,0,0,0,0,0,0,8,0,0,0,0,0,0,0,0,0,0,0,0,0,0,0,71,0,207,0,0,0,5,0,46,0,0,0,513,132,256,13,0,0,25,0,21,0,5,0,0,0,0,0,0,0,0,0,0,0,0,0,0,0,0,0,0,0,0,0,0,0,557,416,387,105,254,2,5,0,0,0,0,0,0,0,0
0,185,0,63,477,0,0,33,0,8,72,234,378,151,223,358,0,0,532,177,118,73,0,65,0,0,104,219,0,16,10,73,0,317,0,192,20,250,0,0,0,38,38,20,0,0,0,79,0,0,62,186,0,0,0,0,0,0,0,5,0,0,0,0,0,0,0,0,0,0,0,0,0,0,0,0,0,0,0,0,0,0,0,0,0,0,0,0,0,0,0,0,0,0,0,0,0,0,0,0,0,0,0,0,0,1,0,0,0,0,0,0,0,0,0,0,0,0,0,4,0,0,0,0,0,0,0,0,0,0,0,0,0,0,0,0,0,0,0,0,0,0,0,0,0,0,0,0,0,23,0,0,0,0,0,0,0,0,0,0,0,0,0,0,0,147,0,255,0,212,0,23,0,69,0,0,112,324,23,44,0,76,0,0,0,32,0,18,0,0,0,0,0,0,0,0,0,0,0,0,0,0,0,0,0,0,0,0,0,0,0,0,0,0,232,0,0,0,456,210,652,0,0,0,1
14,0,53,0,12,0,0,0,193,186,22,0,22,0,0,0,5,0,0,0,0,0,17,0,350,42,0,0,34,0,0,0,0,0,0,0,0,0,0,0,3,0,0,0,0,0,0,0,23,0,0,0,17,0,130,147,12,0,4,0,89,0,70,0,71,0,88,0,0,0,0,0,0,0,0,0,0,0,0,0,0,0,0,0,0,0,0,0,0,0,0,0,0,0,0,0,0,0,0,0,0,0,0,0,0,0,0,0,0,0,0,0,0,0,0,0,0,0,0,0,0,0,0,0,92,0,94,0,0,0,110,0,11,0,10,0,13,0,0,0,0,0,0,0,0,0,38,0,60,0,27,0,1,0,0,0,0,0,2,0,11,0,0,0,8,0,0,0,16,0,97,0,332,0,0,0,56,24,0,0,0,0,0,0,0,10,0,0,0,0,0,0,0,0,0,0,0,0,0,0,0,0,0,0,0,0,0,0,18,0,554,30,374,180,578,3,0,15,0,0,0,0,0,0,0
158,83,0,98,0,33,0,0,187,69,0,28,0,0,0,72,47,69,0,57,0,45,61,58,234,199,0,19,0,132,0,0,0,23,0,0,0,56,0,313,0,0,0,0,0,0,0,0,0,10,0,0,0,21,0,385,0,24,0,34,0,318,9,196,0,0,0,3,0,0,0,0,0,3,0,0,0,0,0,0,0,0,0,0,0,0,0,0,0,0,0,0,0,0,0,0,0,3,0,0,0,0,0,0,0,0,0,0,0,0,0,0,0,0,0,0,0,0,0,0,0,0,0,0,0,67,0,60,0,13,0,86,0,30,0,0,0,115,0,0,0,0,0,0,0,0,0,0,0,23,0,10,0,8,0,0,0,0,0,0,0,18,0,8,0,0,0,6,0,70,0,92,0,367,0,0,41,42,0,0,0,0,0,49,0,0,0,0,0,0,0,0,0,0,0,0,0,0,0,2,0,0,0,0,0,0,0,0,0,0,3,0,0,0,626,0,0,0,767,50,461,236,1,46,0
199,69,49,0,46,0,193,187,0,367,58,0,67,0,18,0,26,0,14,0,0,0,13,0,55,41,0,0,8,0,0,0,0,0,0,0,0,0,39,0,0,0,0,0,0,0,0,0,18,0,0,0,63,41,31,423,3,20,94,121,145,5,98,27,137,0,201,32,0,0,0,0,0,0,0,0,0,0,0,0,0,0,0,0,0,0,0,0,0,0,0,0,0,0,0,0,0,0,0,0,0,0,0,0,0,0,0,0,0,0,0,0,0,0,0,0,0,0,0,0,0,0,0,0,43,0,48,0,0,0,49,0,0,0,0,0,0,0,0,0,0,0,0,0,5,0,38,0,135,0,12,0,17,0,0,0,1,2,0,0,6,0,7,0,0,0,0,0,19,0,91,0,157,0,2,0,367,89,0,0,0,0,2,0,151,39,0,0,0,0,0,0,0,0,0,0,0,0,0,0,0,0,0,0,0,0,0,0,11,0,702,65,207,159,521,6,0,0,0,0,0,0,0,0,0
0,102,18,2,0,8,186,69,367,0,0,29,0,1,0,9,19,0,0,26,0,0,0,0,338,0,0,7,0,0,0,0,0,0,0,0,0,7,0,0,0,0,0,0,0,0,0,0,0,0,0,0,20,50,131,77,0,20,0,207,0,121,38,77,0,173,11,152,0,0,0,0,0,0,0,0,0,0,0,0,0,0,0,0,0,0,0,0,0,0,0,0,0,0,0,0,0,0,0,0,0,0,0,0,0,0,0,0,0,0,0,0,0,0,0,0,0,0,0,0,0,0,0,0,0,88,0,56,0,0,0,76,0,18,0,49,0,76,0,0,0,0,0,11,0,0,0,0,0,99,0,0,0,16,0,24,0,32,0,0,0,8,0,0,0,0,0,0,0,37,0,69,0,97,0,3,53,294,0,0,0,0,4,96,0,172,0,0,0,0,0,0,0,0,0,0,0,0,0,0,0,0,0,0,0,0,0,1,0,17,0,0,0,0,316,0,0,0,717,55,159,0,0,25,0
130,39,35,82,118,72,22,0,58,0,0,57,188,0,0,213,0,21,9,0,20,0,0,149,0,0,23,0,0,0,0,0,83,0,0,3,109,0,34,0,42,0,0,0,0,0,30,0,0,0,0,0,0,0,3,1,0,0,0,0,0,0,0,0,10,0,0,0,0,0,0,0,0,0,0,0,0,0,0,0,0,0,0,0,0,0,0,0,0,0,0,0,0,0,0,0,0,0,0,0,0,0,0,0,0,0,0,0,0,0,0,0,0,0,0,0,0,0,0,0,0,0,0,0,0,0,0,0,0,0,0,0,0,0,0,0,0,0,0,0,0,0,0,0,0,0,0,0,9,0,23,0,0,0,0,0,0,0,0,0,0,0,0,0,10,0,65,0,0,0,1,0,28,0,3,0,541,36,124,0,43,0,43,0,6,0,13,0,0,0,0,0,0,0,0,0,0,0,0,0,0,0,0,0,1,0,0,0,0,0,242,160,123,55,87,0,1,0,0,0,0,0,0,0,0
0,192,0,14,192,234,0,28,0,29,57,0,52,379,134,56,0,0,153,194,33,65,44,78,0,0,0,320,0,44,4,34,0,279,0,36,0,142,0,96,0,124,4,10,0,32,0,178,0,19,0,0,0,0,0,0,0,0,0,0,0,3,0,0,0,28,0,2,0,0,0,0,0,0,0,0,0,0,0,0,0,0,0,0,0,0,0,0,0,0,0,0,0,0,0,0,0,0,0,0,0,0,0,0,0,0,0,0,0,0,0,0,0,0,0,0,0,0,0,0,0,0,0,0,0,0,0,0,0,0,0,0,0,0,0,0,0,44,0,0,0,0,0,0,0,0,0,13,0,0,0,0,0,96,0,2,0,0,0,0,0,0,0,3,0,38,0,67,0,66,0,0,0,28,0,0,78,267,9,35,0,118,0,33,0,54,0,21,0,0,0,0,0,0,0,0,0,0,0,0,0,0,0,0,0,0,0,0,0,0,0,0,0,0,158,0,0,0,544,200,271,0,0,1,0
148,0,185,0,501,378,22,0,67,0,188,52,0,526,15,116,0,0,37,597,0,136,0,14,0,0,124,320,0,0,0,11,0,0,39,54,22,0,0,0,173,62,87,41,54,0,157,41,64,0,174,23,0,0,0,0,0,0,0,0,0,0,2,0,0,0,0,0,0,0,0,0,0,0,0,0,0,0,0,0,0,0,0,0,0,0,0,0,0,0,0,0,0,0,0,0,0,0,0,0,0,0,0,0,0,0,0,0,0,0,0,0,0,0,0,0,0,0,2,0,0,0,0,0,0,0,0,0,0,0,0,0,0,0,0,0,0,0,0,0,0,0,0,0,0,0,0,0,0,0,0,0,0,0,0,0,0,0,0,0,0,0,0,0,39,0,8,0,0,0,0,0,0,0,0,0,381,122,268,0,0,0,36,0,19,0,231,27,0,0,0,0,0,0,0,0,0,0,0,0,0,0,0,0,0,0,0,0,0,0,0,137,91,0,0,0,0,0,0,10,21,0,0,0,0
0,63,0,0,60,151,0,0,0,1,0,379,526,0,8,2,0,0,245,76,0,42,0,0,0,0,444,128,0,0,0,0,0,0,0,68,0,10,0,0,180,199,65,221,66,53,86,180,16,24,40,323,0,0,0,0,0,0,0,0,0,0,0,0,1,0,0,0,0,0,0,0,0,0,0,0,0,0,0,0,0,0,0,0,0,0,0,0,0,0,0,0,0,0,0,0,0,0,0,0,0,0,0,0,0,0,0,0,0,0,0,0,0,0,0,0,0,0,0,0,0,0,0,0,0,0,0,0,0,0,0,0,0,0,0,0,0,0,0,0,0,0,0,0,0,0,0,0,0,1,0,0,0,0,0,0,0,0,0,0,0,0,0,0,0,86,0,0,0,0,0,0,0,5,0,0,83,178,0,25,0,0,0,6,0,10,96,26,0,0,0,0,0,0,0,0,0,0,0,0,0,0,0,0,0,0,0,0,0,0,0,0,0,0,38,0,0,0,40,136,250,0,0,0,0
0,13,192,53,173,223,0,0,18,0,0,134,15,8,0,259,46,9,253,17,126,40,313,191,141,0,170,0,0,3,68,0,45,56,77,4,101,15,0,0,5,0,11,0,0,0,0,0,3,0,26,0,0,0,8,0,0,0,0,0,2,0,18,0,0,0,0,0,0,0,0,0,0,0,0,0,0,0,0,0,0,0,0,0,77,0,0,0,0,0,0,0,0,0,0,0,0,0,0,0,0,0,0,0,0,0,0,0,0,0,0,0,0,0,0,0,0,0,0,0,0,0,0,0,0,0,0,0,0,0,0,0,0,0,0,0,0,0,0,0,63,0,116,0,0,0,0,0,0,0,8,0,5,0,0,0,0,0,0,0,0,0,0,0,28,0,135,0,29,0,0,0,0,0,0,0,103,31,21,7,0,0,28,0,14,0,0,0,0,0,0,0,0,0,0,0,0,0,0,0,0,0,0,0,0,0,0,0,0,0,343,471,150,46,109,0,0,0,0,0,0,0,0,0,0
13,173,85,280,497,358,0,72,0,9,213,56,116,2,259,0,4,11,170,236,103,289,65,153,0,93,0,72,0,4,0,52,0,76,0,23,24,56,0,10,0,0,0,7,0,18,0,2,1,2,0,0,0,30,0,91,0,0,0,0,0,14,0,0,0,13,0,0,0,0,0,0,0,2,0,0,0,0,0,0,0,0,0,0,0,0,0,0,0,0,0,0,0,0,0,0,0,0,0,0,0,0,0,0,0,0,0,0,0,0,0,0,0,0,0,0,0,0,0,0,0,0,0,0,0,0,0,0,1,10,0,0,0,0,0,0,0,152,0,0,0,0,0,0,0,0,0,0,0,22,0,0,0,0,0,0,0,17,0,0,0,0,0,0,0,19,0,47,0,37,0,8,0,17,0,5,80,49,34,31,0,11,3,4,0,63,0,0,0,0,0,0,0,0,0,0,0,0,0,0,0,0,0,0,0,0,0,0,0,0,0,0,0,0,66,0,0,0,177,181,87,0,0,0,0
44,75,60,0,0,0,5,47,26,19,0,0,0,0,46,4,0,6,24,0,295,0,228,0,61,76,0,0,119,0,28,0,82,0,0,0,18,0,222,0,0,0,0,0,25,0,0,0,0,0,37,0,119,0,35,23,18,0,0,0,46,0,198,11,0,0,0,0,0,0,38,0,0,0,71,0,0,0,0,0,283,0,0,0,250,0,201,0,0,0,117,0,0,0,0,0,431,0,568,0,518,0,0,0,0,0,154,0,0,0,0,0,0,0,0,0,0,0,0,0,142,0,92,0,0,0,0,0,96,0,0,0,8,0,4,0,100,0,191,0,363,0,305,0,6,0,0,0,0,0,0,0,0,0,38,0,0,0,36,0,0,0,8,0,0,0,0,0,0,0,0,0,56,0,0,0,12,2,0,0,0,0,21,0,0,0,0,0,0,0,0,0,0,0,0,0,0,0,0,0,0,0,0,0,0,0,0,0,0,0,56,279,36,0,19,2,4,0,0,0,0,0,0,0,0
46,14,77,29,0,0,0,69,0,0,21,0,0,0,9,11,6,0,0,2,0,122,67,103,4,150,0,0,0,117,0,36,0,32,0,20,0,14,0,119,0,0,0,18,0,7,0,0,0,0,0,0,0,36,0,49,0,96,0,0,0,26,0,138,0,0,0,0,0,0,0,0,0,0,0,5,0,0,0,0,0,156,0,0,0,90,0,36,0,0,0,0,0,0,0,0,0,0,0,0,0,248,0,0,0,0,0,0,0,0,0,0,0,0,0,0,0,0,0,0,0,28,0,0,0,0,0,0,0,103,0,12,0,31,0,0,0,82,0,152,0,150,0,408,0,0,0,0,0,0,0,0,0,0,0,87,0,0,0,121,0,0,0,0,0,3,0,13,0,0,0,0,1,14,0,0,0,22,0,13,0,0,0,6,0,0,0,0,0,0,0,0,0,0,0,0,0,0,0,0,0,0,0,0,0,0,0,0,0,0,0,0,0,0,12,0,0,0,30,156,51,0,0,0,0
10,0,113,0,89,532,0,0,14,0,9,153,37,245,253,170,24,0,0,381,136,115,215,15,33,0,97,75,5,0,39,0,10,14,275,67,66,44,0,0,0,3,74,0,18,0,28,0,0,3,455,29,0,0,0,0,0,0,0,0,0,0,3,0,0,0,0,0,0,0,0,0,0,0,0,0,0,0,0,0,0,0,0,0,0,0,0,0,0,0,0,0,0,0,0,0,0,0,0,0,0,0,0,0,0,0,0,0,0,0,0,0,0,0,0,0,0,0,0,0,0,0,0,0,0,0,0,0,0,0,0,0,0,0,0,0,11,0,0,0,23,0,0,0,9,0,0,0,0,0,0,0,0,0,0,0,0,0,0,0,0,0,0,0,114,0,66,0,0,0,4,0,0,0,0,0,38,38,8,0,0,0,25,0,0,0,0,8,0,0,0,0,0,0,0,0,0,0,0,0,0,0,0,0,0,0,0,0,0,0,130,407,301,0,58,0,0,0,0,0,0,0,0,0,0
0,382,0,141,184,177,0,57,0,26,0,194,597,76,17,236,0,2,381,0,46,160,0,9,0,0,218,254,0,0,0,28,0,0,21,224,0,109,0,0,48,0,90,93,11,58,24,39,0,8,85,232,0,6,0,25,0,0,0,0,0,0,0,10,0,24,0,2,0,0,0,0,0,0,0,0,0,0,0,0,0,0,0,0,0,0,0,0,0,0,0,0,0,0,0,0,0,0,0,0,0,0,0,0,0,0,0,0,0,0,0,0,0,0,0,0,0,0,0,0,0,0,0,0,0,0,0,0,0,0,0,0,0,0,0,0,0,73,0,0,0,0,0,0,0,0,0,0,0,47,0,0,0,86,0,0,0,0,0,0,0,0,0,3,3,80,0,31,0,58,0,0,0,11,0,0,46,50,0,34,0,59,0,9,0,68,30,15,0,0,0,0,0,1,0,0,0,0,0,0,0,0,0,0,0,0,0,0,0,0,0,0,0,0,59,0,0,0,108,251,185,17,5,2,0
0,0,43,0,85,118,0,0,0,0,20,33,0,0,126,103,295,0,136,46,0,23,255,42,33,0,202,0,30,0,78,0,109,7,226,0,110,0,14,0,0,0,16,0,24,0,0,2,0,0,154,0,8,0,0,0,0,0,0,0,0,0,75,0,0,0,0,0,0,0,83,0,0,0,95,0,0,0,0,0,161,0,0,0,102,0,145,0,0,0,0,0,0,0,0,0,0,0,501,0,443,0,0,0,0,0,0,0,0,0,0,0,0,0,0,0,0,0,0,0,74,0,0,0,0,0,0,0,0,0,0,0,0,0,0,0,0,0,0,0,111,0,82,0,49,0,0,0,0,0,0,0,0,0,5,0,1,0,0,0,0,0,0,0,59,0,160,0,41,0,14,0,47,0,0,0,16,0,13,1,0,0,13,0,5,0,0,0,0,0,0,0,0,0,0,0,0,0,0,0,0,0,0,0,0,0,0,0,0,0,231,476,237,55,150,0,5,0,0,0,0,0,0,0,0
0,0,0,239,84,73,0,45,0,0,0,65,136,42,40,289,0,122,115,160,23,0,0,385,0,96,54,205,0,53,0,58,0,70,10,108,0,52,0,8,0,0,20,129,0,154,0,0,0,0,26,98,0,0,0,50,0,73,0,0,0,0,0,67,0,0,0,0,0,0,0,0,0,0,0,0,0,0,0,0,0,0,0,0,0,0,0,0,0,0,0,0,0,0,0,0,0,0,0,0,0,0,0,0,0,0,0,0,0,0,0,0,0,0,0,0,0,0,0,0,0,46,0,0,0,0,0,0,1,0,0,0,0,0,0,0,0,0,0,124,0,218,0,409,0,0,0,0,0,0,0,0,0,0,0,29,0,0,0,0,0,0,0,0,0,54,0,54,0,56,0,7,0,26,0,0,0,0,0,38,0,0,0,0,0,0,0,16,0,0,0,0,0,0,0,0,0,0,0,0,0,0,0,0,0,0,0,0,0,0,0,0,0,0,82,0,0,0,199,441,187,28,0,0,0
62,308,662,126,58,0,17,61,13,0,0,44,0,0,313,65,228,67,215,0,255,0,0,142,161,245,154,0,55,0,52,0,17,0,32,0,11,0,47,19,0,0,17,0,0,0,0,0,0,0,46,0,13,0,31,14,0,2,0,0,5,0,17,12,0,0,0,0,0,0,0,0,0,0,17,0,0,0,0,0,0,0,0,0,191,0,0,0,0,0,0,0,0,0,0,0,383,0,0,0,0,0,0,0,0,0,0,0,0,0,0,0,0,0,0,0,0,0,0,0,0,0,53,0,0,0,0,0,0,0,0,0,0,0,52,0,186,0,20,0,131,0,452,0,0,0,0,0,0,0,0,0,0,0,5,0,0,0,0,0,0,0,0,0,0,0,16,0,0,0,0,0,30,0,0,0,110,0,3,0,0,0,13,0,0,0,0,0,0,0,0,0,0,0,1,0,0,0,0,0,0,0,0,0,0,0,0,0,8,0,81,604,35,0,51,0,0,0,0,0,0,0,0,0,0
40,9,131,238,236,65,0,58,0,0,149,78,14,0,191,153,0,103,15,9,42,385,142,0,0,105,0,0,0,46,3,33,8,40,0,6,0,19,2,12,0,0,0,11,0,6,4,0,0,0,0,0,0,0,0,65,0,33,0,0,0,0,0,46,0,0,0,0,0,0,0,0,0,0,0,0,0,0,0,0,0,54,0,0,0,0,0,15,0,0,0,0,0,0,0,0,0,0,0,60,0,0,0,0,0,0,0,0,0,0,0,0,0,0,0,0,0,0,0,0,0,13,0,4,0,0,0,0,0,0,0,0,0,0,0,0,0,0,0,0,0,39,0,149,0,0,0,0,0,0,0,0,0,0,0,18,0,0,0,0,0,0,0,0,0,0,0,95,0,22,0,0,0,30,0,0,31,91,9,74,0,0,0,0,0,0,0,0,0,0,0,0,0,0,0,0,0,0,0,0,0,0,0,0,0,0,0,0,0,0,0,0,0,0,34,0,0,0,115,354,128,0,0,0,0
16,186,89,5,11,0,350,234,55,338,0,0,0,0,141,0,61,4,33,0,33,0,161,0,0,126,37,0,20,0,0,0,3,0,0,0,6,0,20,0,0,0,0,0,18,0,4,0,3,0,0,0,58,12,137,312,26,0,20,0,28,0,140,72,0,0,0,0,0,0,0,0,0,0,0,0,0,0,0,0,10,0,0,0,0,0,0,0,0,0,0,0,0,0,0,0,0,0,0,0,0,0,0,0,0,0,102,0,0,0,0,0,0,0,0,0,0,0,0,0,2,0,0,0,0,0,25,0,162,0,0,0,10,0,49,0,227,0,15,0,50,0,325,0,0,0,20,0,6,0,0,0,0,0,19,0,0,0,17,0,4,0,0,0,0,0,0,0,0,0,20,0,103,0,0,0,57,20,0,0,0,0,3,13,0,0,0,0,0,0,0,0,0,0,0,0,0,0,0,0,18,0,0,0,1,0,0,0,15,0,46,157,80,31,88,0,0,0,0,0,0,0,0,0,0
391,7,380,45,0,0,42,199,41,0,0,0,0,0,0,93,76,150,0,0,0,96,245,105,126,0,0,0,0,106,0,0,0,15,0,0,0,0,0,86,0,0,0,0,0,0,0,0,0,0,0,0,0,15,0,225,0,90,0,10,0,32,0,42,0,0,0,0,0,0,0,0,0,0,0,0,0,0,0,0,0,0,0,0,0,14,0,0,0,0,0,0,0,0,0,0,0,0,0,0,0,58,0,0,0,0,0,0,0,0,0,0,0,0,0,0,0,0,0,0,0,0,0,0,0,0,0,0,0,42,0,0,0,13,0,23,0,0,0,0,1,43,0,162,0,0,0,0,0,0,0,0,0,0,0,59,0,0,0,41,0,16,0,0,0,0,0,0,0,8,0,6,0,58,0,0,32,33,0,0,0,0,13,10,0,0,0,0,0,0,0,0,0,0,0,0,0,0,0,0,0,0,0,0,0,0,0,0,0,0,0,0,0,0,28,0,0,0,56,198,42,15,0,0,0
41,0,173,0,234,104,0,0,0,0,23,0,124,444,170,0,0,0,97,218,202,54,154,0,37,0,0,276,12,0,38,0,33,0,40,0,66,0,0,0,11,140,306,46,353,36,131,78,44,7,260,55,0,0,0,0,0,0,0,0,0,0,19,0,0,0,0,0,0,0,0,0,0,0,0,0,0,0,0,0,0,0,0,0,0,0,0,0,0,0,0,0,0,0,0,0,0,0,0,0,0,0,0,0,0,0,0,0,0,0,0,0,0,0,0,1,0,0,0,0,0,0,0,0,0,0,0,0,0,0,0,0,0,0,0,0,0,0,0,0,0,0,0,0,0,0,0,0,0,0,0,0,0,0,0,0,0,0,0,0,0,0,0,0,129,0,23,0,0,0,0,0,0,0,0,0,21,31,16,1,0,0,27,0,0,0,12,50,0,0,0,0,0,0,0,0,0,0,0,0,0,0,0,0,0,0,0,0,0,0,52,669,387,25,29,0,0,21,3,0,0,0,0,0,0
1,148,0,40,0,219,0,19,0,7,0,320,320,128,0,72,0,0,75,254,0,205,0,0,0,0,276,0,0,0,0,9,0,0,0,23,0,9,0,0,158,24,47,231,56,256,104,237,16,23,23,271,0,0,0,0,0,0,0,0,0,0,0,0,0,0,0,1,0,0,0,0,0,0,0,0,0,0,0,0,0,0,0,0,0,0,0,0,0,0,0,0,0,0,0,0,0,0,0,0,0,0,0,0,0,0,0,0,0,0,0,0,0,0,0,0,0,0,0,0,0,0,0,0,0,0,0,0,0,0,0,0,0,0,0,0,0,0,0,0,0,0,0,0,0,0,0,0,0,0,0,0,0,0,0,0,0,0,0,0,0,0,0,0,0,93,0,0,0,0,0,0,0,0,0,0,17,40,0,26,0,0,0,0,0,0,50,12,0,0,0,0,0,0,0,0,0,0,0,0,0,0,0,0,0,0,0,0,0,0,0,0,0,0,33,0,0,0,0,447,295,30,0,0,16
74,0,314,2,0,0,34,0,8,0,0,0,0,0,0,0,119,0,5,0,30,0,55,0,20,0,12,0,0,0,45,0,6,0,19,0,7,0,0,0,0,0,26,0,5,0,0,0,0,0,14,0,1,0,0,0,0,0,0,0,21,0,10,0,0,0,0,0,0,0,14,0,0,0,0,0,0,0,4,0,30,0,0,0,0,0,27,0,0,0,17,0,0,0,0,0,0,0,95,0,0,0,0,0,4,0,0,0,0,0,0,0,0,0,0,0,0,0,0,0,0,0,0,0,0,0,0,0,0,0,0,0,0,0,0,0,5,0,23,0,54,0,0,0,20,0,0,0,0,0,0,0,0,0,1,0,0,0,4,0,0,0,0,0,0,0,0,0,0,0,0,0,0,0,0,0,4,0,0,0,0,0,12,0,0,0,0,0,0,0,0,0,0,0,0,0,0,0,0,0,0,0,0,0,0,0,0,0,0,0,10,51,4,0,0,0,0,0,0,0,0,0,0,0,0
0,66,0,214,10,16,0,132,0,0,0,44,0,0,3,4,0,117,0,0,0,53,0,46,0,106,0,0,0,0,0,38,0,12,0,10,0,6,0,4,0,0,0,26,0,0,0,0,0,0,0,7,0,7,0,38,0,13,0,7,0,6,0,59,0,0,0,0,0,0,0,0,0,0,0,4,0,0,0,0,0,42,0,0,0,0,0,0,0,0,0,0,0,0,0,0,0,0,0,0,0,27,0,6,0,0,0,0,0,0,0,0,0,0,0,0,0,0,0,0,0,18,0,7,0,0,0,0,0,0,0,0,0,0,0,0,0,35,0,215,0,220,0,249,0,37,0,0,0,0,0,0,0,0,0,15,0,5,0,62,0,0,0,4,0,0,0,0,0,0,0,0,0,0,0,0,0,25,0,37,0,0,3,1,0,0,0,0,0,0,0,0,0,0,0,0,0,0,0,0,0,0,0,0,0,0,0,0,0,0,0,0,0,0,3,0,0,0,5,95,0,0,0,0,0
0,0,64,0,87,10,0,0,0,0,0,4,0,0,68,0,28,0,39,0,78,0,52,3,0,0,38,0,45,0,0,0,7,0,30,0,24,0,0,0,0,0,40,0,6,0,0,0,0,0,49,0,1,0,0,0,0,0,0,1,0,0,23,0,0,0,0,0,0,0,0,0,0,0,15,0,0,0,0,0,34,0,0,0,0,0,27,0,0,0,0,0,0,0,0,0,0,0,79,0,61,0,0,0,0,0,0,0,0,0,0,0,0,0,0,0,0,0,0,0,15,0,0,0,0,0,0,0,0,0,0,0,0,0,0,0,0,0,24,0,58,0,0,0,0,0,0,0,0,0,0,0,0,0,0,0,0,0,4,0,1,0,0,0,3,0,21,0,0,0,0,0,0,0,0,0,20,2,19,0,0,0,8,0,0,0,0,0,0,0,0,0,0,0,0,0,0,0,0,0,0,0,0,0,0,0,0,0,0,0,49,138,35,12,19,0,0,0,0,0,0,0,0,0,0
0,16,0,38,0,73,0,0,0,0,0,34,11,0,0,52,0,36,0,28,0,58,0,33,0,0,0,9,0,38,0,0,0,19,0,13,0,8,0,7,0,0,0,86,0,4,0,0,0,0,0,35,0,0,0,0,0,0,0,0,0,12,0,17,0,1,0,0,0,0,0,0,0,0,0,0,0,0,0,0,0,0,0,0,0,0,0,0,0,0,0,0,0,0,0,0,0,0,0,0,0,0,0,0,0,0,0,0,0,0,0,0,0,0,0,0,0,0,0,0,0,0,0,0,0,0,0,0,0,0,0,0,0,0,0,0,0,0,0,127,0,225,0,194,0,0,0,0,0,0,0,0,0,0,0,4,0,15,0,0,0,0,0,0,0,0,0,25,0,27,0,0,0,0,0,0,0,8,0,21,0,0,0,0,0,0,0,0,0,0,0,0,0,0,0,0,0,0,0,0,0,0,0,0,0,0,0,0,0,0,0,0,0,0,0,0,0,0,0,60,61,6,0,0,0
0,0,238,0,176,0,0,0,0,0,83,0,0,0,45,0,82,0,10,0,109,0,17,8,3,0,33,0,6,0,7,0,0,0,39,0,104,0,0,0,0,0,73,0,6,0,0,0,2,0,53,0,0,0,0,0,0,0,0,0,0,0,0,0,0,0,0,0,0,0,0,0,0,0,0,0,0,0,0,0,0,0,0,0,4,0,0,0,0,0,0,0,0,0,0,0,0,0,0,0,0,0,0,0,2,0,0,0,0,0,0,0,0,0,0,0,0,0,0,0,0,0,0,0,0,0,0,0,0,0,0,0,0,0,0,0,0,0,7,0,0,0,0,0,0,0,0,0,0,0,0,0,0,0,0,0,0,0,0,0,0,0,0,0,0,0,12,0,0,0,0,0,2,0,0,0,27,0,14,0,0,0,16,0,0,0,0,0,0,0,0,0,0,0,0,0,0,0,0,0,0,0,0,0,0,0,0,0,0,0,46,131,29,0,12,0,0,1,0,0,0,0,0,0,0
0,75,0,271,60,317,0,23,0,0,0,279,0,0,56,76,0,32,14,0,7,70,0,40,0,15,0,0,0,12,0,19,0,0,0,22,3,149,0,8,0,0,0,43,0,13,0,0,0,0,0,22,0,0,0,0,0,0,0,0,0,28,0,19,0,0,0,0,0,0,0,0,0,0,0,0,0,0,0,0,0,0,0,0,0,0,0,0,0,0,0,0,0,0,0,0,0,0,0,0,0,0,0,0,0,0,0,0,0,0,0,0,0,0,0,0,0,0,0,0,0,0,0,0,0,0,0,0,0,0,0,0,0,0,0,0,0,0,0,44,0,68,0,0,0,0,0,0,0,0,0,0,0,0,0,4,0,21,0,0,0,0,0,0,0,0,0,74,0,15,0,0,0,7,0,0,0,95,0,154,0,0,0,3,0,0,0,0,0,0,0,0,0,0,0,0,0,0,0,0,0,0,0,0,0,0,0,0,0,0,0,0,0,0,15,0,0,0,35,150,66,5,0,0,1
0,0,4,0,103,0,0,0,0,0,0,0,39,0,77,0,0,0,275,21,226,10,32,0,0,0,40,0,19,0,30,0,39,0,0,0,202,0,0,0,0,0,73,0,10,0,0,0,0,0,73,0,0,0,0,0,0,0,0,0,0,0,0,0,0,0,0,0,0,0,0,0,0,0,0,0,0,0,0,0,0,0,0,0,0,0,0,0,0,0,0,0,0,0,0,0,0,0,0,0,0,0,0,0,0,0,0,0,0,0,0,0,0,0,0,0,0,0,0,0,0,0,0,0,0,0,0,0,0,0,0,0,0,0,0,0,0,0,0,0,0,0,0,0,0,0,0,0,0,0,0,0,0,0,0,0,0,0,0,0,0,0,0,0,20,0,30,0,0,0,0,0,0,0,0,0,0,0,45,0,0,0,3,0,0,0,0,0,0,0,0,0,0,0,0,0,0,0,0,0,0,0,0,0,0,0,0,0,0,0,48,172,57,0,14,0,0,0,0,0,0,0,0,0,0
0,0,0,17,0,192,0,0,0,0,3,36,54,68,4,23,0,20,67,224,0,108,0,6,0,0,0,23,0,10,0,13,0,22,0,0,0,86,0,6,0,0,0,51,0,7,0,0,0,0,0,34,0,0,0,0,0,0,0,0,0,10,0,17,0,0,0,0,0,1,0,0,0,0,0,0,0,0,0,0,0,0,0,0,0,0,0,0,0,8,0,0,0,0,0,0,0,0,0,0,0,33,0,0,0,0,0,0,0,0,0,0,0,0,0,0,0,0,0,0,0,0,0,0,0,0,0,0,0,0,0,0,0,0,0,0,0,0,0,40,0,104,0,115,0,0,0,0,0,0,0,0,0,0,0,7,0,9,0,9,0,0,0,0,0,37,0,20,0,33,0,2,0,5,0,0,0,17,0,31,0,0,0,0,0,0,0,63,0,0,0,0,0,0,0,0,0,0,0,0,0,0,0,0,0,0,0,0,0,0,0,0,0,0,24,0,0,0,71,238,107,0,0,0,0
45,0,139,0,249,20,0,0,0,0,109,0,22,0,101,24,18,0,66,0,110,0,11,0,6,0,66,0,7,0,24,0,104,3,202,0,0,0,65,0,0,0,119,0,52,0,0,0,6,0,58,0,2,0,0,0,0,0,14,0,6,0,7,0,0,0,0,0,0,0,65,0,10,0,68,0,0,0,0,0,69,0,0,0,0,0,63,0,0,0,0,0,0,0,0,0,0,0,168,0,147,0,0,0,0,0,0,0,0,0,0,0,0,0,0,0,0,0,0,0,0,0,0,0,0,0,0,0,0,0,0,0,0,0,0,0,0,0,83,0,133,0,0,0,157,0,0,0,0,2,0,0,0,0,6,0,24,0,16,0,0,0,17,0,26,0,23,0,20,0,28,0,12,0,0,0,36,2,63,0,0,0,22,0,0,0,0,0,1,0,0,0,0,0,0,0,0,0,0,0,0,0,0,0,0,0,0,0,0,0,52,103,48,25,31,0,0,0,0,0,0,0,0,0,0
0,121,0,77,0,250,0,56,0,7,0,142,0,10,15,56,0,14,44,109,0,52,0,19,0,0,0,9,0,6,0,8,0,149,0,86,0,0,0,31,0,1,0,108,0,35,0,0,0,0,0,76,0,0,0,0,0,15,0,0,0,35,0,13,0,0,0,0,0,0,0,0,0,0,0,0,0,0,0,0,0,0,0,0,0,0,0,0,0,0,0,0,0,0,0,0,0,0,0,0,0,0,0,0,0,0,0,0,0,0,0,0,0,0,0,0,0,0,0,0,0,33,0,0,0,0,0,0,0,0,0,0,0,0,0,0,0,0,0,135,0,292,0,188,0,154,0,0,0,0,0,0,0,0,0,0,0,61,0,0,0,0,0,0,0,38,0,21,0,56,0,8,0,31,0,0,7,42,0,89,0,0,0,18,0,0,0,31,0,0,0,0,0,0,0,1,0,0,0,0,0,0,0,0,0,0,0,0,0,0,0,0,0,0,14,0,0,0,44,158,46,0,0,0,0
344,4,737,0,66,0,0,0,39,0,34,0,0,0,0,0,222,0,0,0,14,0,47,2,20,0,0,0,0,0,0,0,0,0,0,0,65,0,0,0,0,0,0,0,1,0,0,0,1,0,4,0,4,0,0,3,0,0,0,0,2,0,8,0,0,0,0,0,0,0,7,0,0,0,0,0,0,0,0,0,18,0,0,0,0,0,0,0,0,0,0,0,0,0,0,0,0,0,0,0,0,0,0,0,0,0,0,0,0,0,0,0,0,0,0,0,0,0,0,0,0,0,0,0,0,0,0,0,0,0,0,0,0,0,0,0,0,0,71,0,62,0,0,0,36,0,0,0,0,0,0,0,0,0,0,0,29,0,0,0,0,0,3,0,0,0,7,0,0,0,5,0,44,0,0,0,28,0,0,0,0,0,66,0,0,0,0,0,0,0,0,0,0,0,0,0,0,0,0,0,0,0,0,0,0,0,0,0,0,0,83,157,28,23,55,0,0,0,0,0,0,0,0,0,0
0,205,0,314,0,0,0,313,0,0,0,96,0,0,0,10,0,119,0,0,0,8,19,12,0,86,0,0,0,4,0,7,0,8,0,6,0,31,0,0,0,0,0,0,0,0,0,0,0,0,0,1,0,3,0,0,0,2,0,0,0,11,0,18,0,0,0,0,0,0,0,0,0,0,0,0,0,0,0,0,0,0,0,0,0,0,0,0,0,0,0,0,0,0,0,0,0,0,0,0,0,0,0,0,0,0,0,0,0,0,0,0,0,0,0,0,0,0,0,0,0,0,0,0,0,0,0,0,0,0,0,0,0,0,0,0,0,0,0,97,0,92,0,0,0,33,0,0,0,0,0,0,0,0,0,0,0,24,0,24,0,0,0,0,0,2,0,21,0,0,0,0,0,14,0,0,0,74,0,101,0,0,0,14,0,0,0,0,0,0,0,0,0,0,0,0,0,0,0,0,0,0,0,0,0,0,0,0,0,0,0,0,0,0,0,0,0,0,0,165,10,2,0,0,0
23,0,58,0,124,0,3,0,0,0,42,0,173,180,5,0,0,0,0,48,0,0,0,0,0,0,11,158,0,0,0,0,0,0,0,0,0,0,0,0,0,168,8,27,33,51,153,112,101,7,9,0,0,0,0,0,0,0,0,0,0,0,0,0,0,0,0,0,0,0,0,0,0,0,0,0,0,0,0,0,0,0,0,0,0,0,0,0,0,0,0,0,0,0,0,0,0,0,0,0,0,0,0,0,0,0,0,0,0,0,0,0,0,0,0,0,0,0,0,0,0,0,0,0,0,0,0,0,0,0,0,0,0,0,0,0,0,0,0,0,0,0,0,0,0,0,0,0,0,0,0,0,0,0,0,0,0,0,0,0,0,0,0,0,0,0,0,0,0,0,0,0,0,0,0,0,60,48,48,0,0,0,14,0,3,0,41,22,0,0,0,0,0,0,0,0,0,0,0,0,0,0,0,0,0,0,0,0,0,0,4,55,0,0,0,0,0,6,0,0,0,0,0,0,0
0,0,0,0,0,38,0,0,0,0,0,124,62,199,0,0,0,0,3,0,0,0,0,0,0,0,140,24,0,0,0,0,0,0,0,0,0,1,0,0,168,0,0,43,124,35,214,302,83,158,0,12,0,0,0,0,0,0,0,0,0,0,0,0,0,2,0,0,0,0,0,0,0,0,0,0,0,0,0,0,0,0,0,0,0,0,0,0,0,0,0,0,0,0,0,0,0,0,0,0,0,0,0,0,0,0,0,0,0,0,0,0,0,0,0,0,0,0,0,0,0,0,0,0,0,0,0,0,0,0,0,0,0,0,0,0,0,0,0,0,0,0,0,0,0,0,0,0,0,0,0,0,0,0,0,0,0,0,0,0,0,0,0,0,0,0,0,0,0,0,0,0,0,0,0,0,0,132,0,9,0,12,0,0,0,7,56,9,0,0,0,0,0,0,0,0,0,0,0,0,0,0,0,0,0,0,0,0,0,0,0,9,0,0,0,0,0,7,2,150,0,0,1,0,27
0,0,3,0,17,38,0,0,0,0,0,4,87,65,11,0,0,0,74,90,16,20,17,0,0,0,306,47,26,0,40,0,73,0,73,0,119,0,0,0,8,0,0,0,164,0,26,0,25,0,73,0,0,0,0,0,0,0,8,0,0,0,0,0,0,0,0,0,0,0,14,0,0,0,42,0,0,0,0,0,38,0,0,0,0,0,36,0,0,0,0,0,0,0,0,0,0,0,84,0,0,0,0,0,0,0,0,0,0,0,0,0,0,0,0,0,0,0,0,0,0,0,0,0,0,0,0,0,0,0,0,0,0,0,0,0,0,0,0,0,0,0,0,0,0,0,0,0,0,0,0,0,0,0,0,0,0,0,0,0,3,0,0,0,44,0,26,0,0,0,0,0,13,0,0,0,0,0,43,0,13,0,0,0,0,0,3,4,0,0,0,0,0,0,0,0,0,0,0,0,0,0,0,0,0,0,0,0,0,0,19,175,104,6,15,0,0,11,0,0,0,0,0,0,0
0,0,0,0,0,20,0,0,0,0,0,10,41,221,0,7,0,18,0,93,0,129,0,11,0,0,46,231,0,26,0,86,0,43,0,51,0,108,0,0,27,43,0,0,0,158,19,39,3,43,0,59,0,0,0,0,0,52,1,0,0,0,0,17,0,0,0,0,0,0,0,7,0,18,0,0,0,0,0,0,0,0,0,0,0,0,0,0,0,0,0,0,0,0,0,0,0,0,0,0,0,93,0,0,0,0,0,0,0,0,0,0,0,0,0,0,0,0,0,0,0,42,0,0,0,0,0,0,0,0,0,0,0,0,0,0,0,0,0,0,0,0,0,0,0,0,0,0,0,0,0,0,0,0,0,18,0,0,0,0,0,0,0,0,0,44,0,20,0,36,0,13,0,21,0,0,0,45,0,0,0,0,0,0,0,0,0,141,0,0,0,0,0,0,0,0,0,0,0,0,0,0,0,0,0,0,0,0,0,0,0,0,0,0,16,0,0,0,98,178,114,13,0,0,1
4,0,0,0,6,0,0,0,0,0,0,0,54,66,0,0,25,0,18,11,24,0,0,0,18,0,353,56,5,0,6,0,6,0,10,0,52,0,1,0,33,124,164,0,0,34,186,113,263,16,98,0,0,0,0,0,0,0,4,0,0,0,0,0,0,0,0,0,0,0,25,0,0,0,0,0,0,0,0,0,0,0,0,0,0,0,0,0,0,0,0,0,0,0,0,0,0,0,0,0,0,0,0,0,0,0,0,0,0,0,0,0,0,0,0,0,0,0,0,0,0,0,0,0,0,0,0,0,0,0,0,0,0,0,0,0,0,0,0,0,0,0,0,0,0,0,0,0,0,0,0,0,0,0,0,0,0,0,0,0,0,0,6,0,150,0,17,0,77,0,4,0,16,0,0,0,41,17,33,0,6,0,0,0,0,0,36,13,0,0,0,0,0,0,0,0,0,0,0,0,0,0,0,0,0,0,0,0,0,0,44,191,175,0,17,0,0,93,0,0,0,0,0,0,0
0,12,0,52,0,0,0,0,0,0,0,32,0,53,0,18,0,7,0,58,0,154,0,6,0,0,36,256,0,0,0,4,0,13,0,7,0,35,0,0,51,35,0,158,34,0,72,335,44,251,0,70,0,0,0,0,0,38,0,0,0,11,0,0,0,0,0,0,0,0,0,0,0,7,0,0,0,0,0,0,0,0,0,0,0,0,0,17,0,0,0,0,0,4,0,61,0,0,0,0,0,0,0,0,0,12,0,0,0,0,0,0,0,0,0,0,0,0,0,0,0,0,0,0,0,0,0,0,0,0,0,0,0,0,0,0,0,0,0,0,0,0,0,243,0,0,0,0,0,0,0,0,0,0,0,0,0,0,0,0,0,0,0,7,0,164,0,16,1,124,0,23,0,30,0,0,0,32,0,7,0,0,0,0,0,0,23,49,0,0,0,0,0,0,0,0,0,0,0,0,0,0,0,0,0,0,0,0,0,0,0,0,0,0,19,0,0,0,28,316,286,11,0,0,98
36,0,55,0,103,0,0,0,0,0,30,0,157,86,0,0,0,0,28,24,0,0,0,4,4,0,131,104,0,0,0,0,0,0,0,0,0,0,0,0,153,214,26,19,186,72,0,191,250,29,16,9,0,0,0,0,0,0,0,0,0,0,0,0,0,0,0,0,0,0,0,0,0,0,0,0,0,0,0,0,0,0,0,0,0,0,0,0,0,0,0,0,0,0,0,0,0,0,0,0,0,0,0,0,0,0,0,0,0,0,0,0,0,0,0,0,0,0,0,0,0,0,0,0,0,0,0,0,0,0,0,0,0,0,0,0,0,0,0,0,0,0,0,0,0,0,0,0,0,0,0,0,0,0,1,0,0,0,0,0,0,0,0,0,0,0,0,0,0,0,0,0,0,0,0,0,22,56,23,0,0,0,17,0,0,0,61,25,0,0,0,0,0,0,0,0,0,0,0,0,0,0,0,0,0,0,0,0,0,0,0,303,50,0,0,0,0,115,0,3,0,0,0,0,0
0,23,0,0,0,79,0,0,0,0,0,178,41,180,0,2,0,0,0,39,2,0,0,0,0,0,78,237,0,0,0,0,0,0,0,0,0,0,0,0,112,302,0,39,113,335,191,0,115,157,0,0,0,0,0,0,0,0,0,0,0,0,0,0,0,0,0,0,0,0,0,0,0,0,0,0,0,0,0,0,0,0,0,0,0,0,0,0,0,0,0,0,0,0,0,0,0,0,0,0,0,0,0,0,0,0,0,0,0,0,0,0,0,0,0,0,0,0,0,0,0,0,0,0,0,0,0,0,0,0,0,0,0,0,0,0,0,0,0,0,0,0,0,0,0,0,0,0,0,0,0,0,0,0,0,0,0,0,0,0,0,0,0,0,0,20,0,0,0,0,0,0,0,0,0,0,0,87,0,0,0,0,0,0,0,0,59,12,0,0,0,0,0,0,0,0,0,0,0,0,0,0,0,0,0,0,0,0,0,0,0,20,0,0,0,0,0,7,0,350,55,0,0,0,99
5,0,9,0,3,0,23,0,18,0,0,0,64,16,3,1,0,0,0,0,0,0,0,0,3,0,44,16,0,0,0,0,2,0,0,0,6,0,1,0,101,83,25,3,263,44,250,115,0,83,14,0,7,0,18,0,23,0,38,0,1,0,2,0,0,0,5,0,18,0,2,0,0,0,0,0,0,0,3,0,0,0,35,0,4,0,11,0,1,0,2,0,10,0,16,0,0,0,0,0,7,0,40,0,14,0,0,0,1,0,0,0,0,0,0,0,0,0,0,0,0,0,0,0,0,0,4,0,0,0,4,0,2,0,24,0,3,0,0,0,11,0,8,0,0,0,0,0,0,0,7,0,1,0,0,0,0,0,0,0,19,0,6,0,22,0,10,0,38,0,5,0,24,0,0,0,70,68,27,0,6,0,2,0,0,0,115,4,15,0,5,0,26,0,40,0,0,0,0,0,16,0,39,0,25,0,15,0,10,0,78,65,155,6,34,10,4,36,0,9,1,0,0,0,13
0,5,0,0,0,0,0,10,0,0,0,19,0,24,0,2,0,0,3,8,0,0,0,0,0,0,7,23,0,0,0,0,0,0,0,0,0,0,0,0,7,158,0,43,16,251,29,157,83,0,0,14,0,0,0,0,0,8,0,7,0,0,0,0,0,0,0,0,0,4,0,0,0,0,0,0,0,10,0,0,0,0,0,22,0,0,0,6,0,10,0,0,0,11,0,38,0,0,0,3,0,3,0,16,0,11,0,0,0,0,0,0,0,0,0,0,0,0,0,0,0,0,0,0,0,1,0,7,0,0,0,4,0,0,0,9,0,5,0,0,0,4,0,13,0,2,0,0,0,1,0,0,0,2,0,3,0,0,0,6,0,0,0,7,0,41,0,0,0,71,0,15,0,11,0,0,2,184,0,7,0,0,0,1,0,0,16,93,0,9,0,1,0,0,0,0,0,0,0,7,0,0,0,14,0,16,0,0,0,0,0,6,0,0,11,0,0,17,30,53,97,2,0,0,57
7,0,0,0,100,62,0,0,0,0,0,0,174,40,26,0,37,0,455,85,154,26,46,0,0,0,260,23,14,0,49,0,53,0,73,0,58,0,4,0,9,0,73,0,98,0,16,0,14,0,0,0,0,0,0,0,0,0,0,0,0,0,12,0,0,0,2,1,0,0,23,0,0,0,20,0,0,0,0,0,14,0,0,0,0,0,0,0,0,0,12,0,0,0,0,0,0,0,0,0,0,0,0,0,0,0,0,0,0,0,0,0,0,0,0,0,0,0,0,0,0,0,0,0,0,0,0,0,0,0,0,0,0,0,0,0,0,0,5,0,0,0,18,0,0,0,1,0,0,0,0,0,0,0,0,0,0,0,0,0,0,0,13,0,99,0,29,0,49,0,9,0,13,0,0,0,6,2,16,0,13,0,0,0,0,0,4,2,0,0,0,0,0,0,0,0,0,0,0,0,0,0,0,0,0,0,0,0,0,0,21,193,133,18,12,0,0,3,0,0,0,0,0,0,0
0,0,0,0,0,186,0,0,0,0,0,0,23,323,0,0,0,0,29,232,0,98,0,0,0,0,55,271,0,7,0,35,0,22,0,34,0,76,0,1,0,12,0,59,0,70,9,0,0,14,0,0,0,0,0,0,0,79,0,0,0,0,0,0,0,0,0,0,0,0,0,13,0,0,0,10,0,3,0,0,0,120,0,0,0,0,0,0,0,0,0,0,0,0,0,0,0,0,0,0,0,0,0,0,0,0,0,0,0,0,0,0,0,0,0,0,0,0,0,0,0,54,0,13,0,8,0,0,0,0,0,0,0,0,0,0,0,0,0,41,0,0,0,237,0,59,0,0,0,0,0,0,0,0,0,0,0,15,0,0,0,23,0,18,0,76,0,16,0,74,0,29,0,56,0,0,0,49,0,0,0,9,0,0,0,0,0,122,0,0,0,0,0,0,0,0,0,0,0,0,0,0,0,0,0,0,0,0,0,1,0,0,0,0,31,0,0,0,61,106,71,16,0,0,0
0,0,0,0,0,0,17,0,63,20,0,0,0,0,0,0,119,0,0,0,8,0,13,0,58,0,0,0,1,0,1,0,0,0,0,0,2,0,4,0,0,0,0,0,0,0,0,0,7,0,0,0,0,6,105,31,187,14,74,105,32,0,86,0,0,9,6,38,0,0,0,0,0,0,0,0,0,0,0,0,0,0,0,0,23,0,0,0,0,0,0,0,0,0,0,0,30,0,15,0,0,0,0,0,0,0,0,0,0,0,0,0,0,0,0,0,0,0,0,0,0,0,0,0,4,0,0,0,138,0,0,0,0,0,0,0,47,0,189,0,95,0,56,0,8,0,0,0,0,0,0,0,0,0,209,5,79,1,199,3,0,0,7,0,0,0,0,0,4,0,246,0,33,0,0,0,23,0,0,0,0,0,0,0,5,4,0,0,0,0,0,0,0,0,0,0,0,0,0,0,0,0,0,0,0,0,0,0,1,0,132,261,124,119,126,0,28,4,0,0,0,0,0,0,0
0,34,0,0,0,0,0,21,41,50,0,0,0,0,0,30,0,36,0,6,0,0,0,0,12,15,0,0,0,7,0,0,0,0,0,0,0,0,0,3,0,0,0,0,0,0,0,0,0,0,0,0,6,0,25,72,0,75,18,6,0,44,0,106,0,0,4,0,0,0,0,0,0,0,0,0,0,0,0,0,0,0,0,0,0,0,0,0,0,0,0,0,0,0,0,0,0,0,0,0,0,0,0,0,0,0,0,0,0,0,0,0,0,0,0,0,0,0,0,0,0,0,0,0,0,0,0,0,0,62,0,6,0,4,0,0,0,0,0,115,0,26,0,26,0,51,0,0,0,0,0,0,0,0,0,140,0,103,0,201,0,14,0,2,0,2,0,0,0,0,0,26,0,0,0,0,0,14,0,4,0,0,0,0,1,0,0,0,0,0,0,0,0,0,0,0,0,0,0,0,0,0,0,0,0,0,0,0,0,0,0,0,0,0,67,0,0,0,132,366,46,32,0,11,0
0,0,136,0,0,0,130,0,31,131,3,0,0,0,8,0,35,0,0,0,0,0,31,0,137,0,0,0,0,0,0,0,0,0,0,0,0,0,0,0,0,0,0,0,0,0,0,0,18,0,0,0,105,25,0,128,58,22,188,141,6,0,18,7,5,0,6,76,0,0,0,0,0,0,0,0,0,0,0,0,0,0,0,0,10,0,0,0,0,0,0,0,0,0,0,0,0,0,0,0,0,0,0,0,0,0,0,0,0,0,0,0,0,0,0,0,0,0,0,0,0,0,0,0,0,0,28,0,80,0,26,0,10,0,22,0,118,0,22,0,0,0,106,0,0,0,0,0,2,0,0,0,0,1,15,7,0,0,19,0,10,0,10,0,0,0,0,0,11,0,166,0,37,0,0,0,0,0,0,0,0,0,0,0,3,12,0,0,0,0,0,0,0,0,0,0,0,0,0,0,0,0,0,0,0,0,0,0,15,0,229,34,229,187,331,0,45,4,2,0,0,0,0,0,0
56,29,27,63,1,0,147,385,423,77,1,0,0,0,0,91,23,49,0,25,0,50,14,65,312,225,0,0,0,38,0,0,0,0,0,0,0,0,3,0,0,0,0,0,0,0,0,0,0,0,0,0,31,72,128,0,0,166,80,243,0,24,38,58,0,1,74,2,0,0,0,0,0,3,0,0,0,0,0,0,0,4,0,0,0,0,0,0,0,0,0,0,0,0,0,0,0,0,0,14,0,0,0,0,0,0,0,0,0,0,0,0,0,0,0,0,0,0,0,0,0,0,0,0,0,0,0,13,0,82,16,41,0,0,0,28,0,115,0,50,0,22,0,154,0,0,0,0,0,0,0,0,0,0,0,90,0,12,0,34,0,35,0,0,0,11,0,0,0,33,0,101,0,52,0,0,8,68,0,0,0,0,7,17,0,9,0,0,0,0,0,0,0,0,0,0,0,0,0,0,0,0,0,0,0,0,0,0,0,0,0,0,0,0,357,0,0,0,386,324,266,178,0,61,0
0,0,0,0,0,0,12,0,3,0,0,0,0,0,0,0,18,0,0,0,0,0,0,0,26,0,0,0,0,0,0,0,0,0,0,0,0,0,0,0,0,0,0,0,0,0,0,0,23,0,0,0,187,0,58,0,0,12,413,109,0,0,5,0,44,27,54,64,0,0,0,0,0,0,0,0,0,0,0,0,0,0,0,0,0,0,0,0,0,0,0,0,0,0,0,0,0,0,0,0,0,0,3,0,0,0,0,0,0,0,0,0,0,0,0,0,0,0,0,0,0,0,0,0,35,0,37,0,184,0,94,0,23,0,0,0,14,0,45,7,0,0,45,0,7,6,0,0,1,0,11,0,0,0,88,33,15,7,83,11,30,0,0,0,0,0,0,0,23,0,116,0,19,0,3,0,0,0,0,0,0,0,0,0,35,12,0,0,0,0,0,0,0,0,0,0,0,0,0,0,2,0,0,0,0,0,0,0,7,0,508,105,362,356,828,0,159,6,0,0,0,0,0,0,0
0,7,0,0,0,0,0,24,20,20,0,0,0,0,0,0,0,96,0,0,0,73,2,33,0,90,0,0,0,13,0,0,0,0,0,0,0,15,0,2,0,0,0,52,0,38,0,0,0,8,0,79,14,75,22,166,12,0,48,395,0,0,0,19,0,0,42,43,0,4,0,0,0,0,0,0,0,0,0,0,0,0,0,0,0,0,0,0,0,0,0,0,0,0,0,0,0,0,0,0,0,0,0,0,0,0,0,0,0,0,0,0,0,0,0,0,0,0,0,0,0,0,0,0,1,33,0,17,0,175,0,127,0,38,0,0,0,0,0,13,0,1,0,34,0,0,0,0,0,0,0,0,0,1,0,189,0,8,1,157,0,94,0,0,0,11,0,0,0,44,0,207,0,15,0,0,0,0,0,0,0,0,0,0,5,0,0,0,0,0,0,0,0,0,0,0,0,0,0,0,0,0,0,0,0,0,0,0,0,0,0,0,0,0,577,0,0,0,478,217,430,342,0,58,0
0,0,0,0,0,0,4,0,94,0,0,0,0,0,0,0,0,0,0,0,0,0,0,0,20,0,0,0,0,0,0,0,0,0,0,0,14,0,0,0,0,0,8,1,4,0,0,0,38,0,0,0,74,18,188,80,413,48,0,400,17,0,0,0,129,24,113,131,0,0,0,0,0,0,0,0,0,0,0,0,0,0,0,0,0,0,0,0,0,0,0,0,0,0,0,0,0,0,0,0,0,0,0,0,0,0,0,0,0,0,0,0,0,0,0,0,0,0,0,0,0,0,0,0,23,0,35,0,25,0,47,0,8,0,0,0,0,0,0,0,0,0,0,0,0,8,0,0,9,0,0,0,0,0,11,72,38,19,7,22,10,0,13,0,5,0,16,0,21,0,201,0,91,0,7,6,55,0,0,0,0,4,0,0,279,34,0,0,0,0,0,0,0,0,0,0,0,0,0,0,0,0,0,0,0,0,0,0,12,0,1059,240,379,359,1159,0,159,8,1,0,0,0,0,0,0
0,16,0,0,0,5,0,34,121,207,0,0,0,0,0,0,0,0,0,0,0,0,0,0,0,10,0,0,0,7,1,0,0,0,0,0,0,0,0,0,0,0,0,0,0,0,0,0,0,7,0,0,105,6,141,243,109,395,400,0,0,6,5,8,30,178,317,158,0,0,0,0,0,0,0,0,0,0,0,0,0,0,0,0,0,0,0,0,0,0,0,0,0,0,0,0,0,0,0,0,0,0,0,5,0,1,0,0,0,0,0,0,0,0,0,2,0,0,0,0,0,0,0,0,0,54,0,22,0,32,0,165,0,25,0,24,0,43,4,0,0,4,0,15,0,14,0,0,0,10,0,0,0,0,36,52,12,44,0,20,18,90,0,0,0,0,0,4,0,27,0,58,0,0,0,26,15,0,0,0,23,0,0,3,49,426,0,0,0,0,0,0,0,0,0,0,0,0,0,0,0,0,0,0,0,0,0,0,0,0,0,1,0,0,1140,0,0,0,1094,441,433,439,0,49,0
44,0,36,0,0,0,89,0,145,0,0,0,0,0,2,0,46,0,0,0,0,0,5,0,28,0,0,0,21,0,0,0,0,0,0,0,6,0,2,0,0,0,0,0,0,0,0,0,1,0,0,0,32,0,6,0,0,0,17,0,0,0,84,0,0,0,0,0,0,0,12,0,0,0,13,0,0,0,0,0,0,0,0,0,0,0,7,0,0,0,0,0,0,0,0,0,0,0,0,0,0,0,0,0,0,0,0,0,0,0,0,0,0,0,0,0,0,0,0,0,14,0,0,0,0,0,0,0,8,0,0,0,0,0,0,0,0,0,131,0,102,0,0,0,90,0,0,0,0,0,0,0,0,0,24,0,218,0,14,0,0,0,0,0,0,0,0,0,0,0,103,0,102,0,0,0,75,0,0,0,0,0,32,0,24,0,0,0,0,0,0,0,0,0,0,0,0,0,0,0,0,0,0,0,0,0,0,0,0,0,47,152,14,0,19,0,2,0,0,0,0,0,0,0,0
0,239,11,21,0,0,0,318,5,121,0,3,0,0,0,14,0,26,0,0,0,0,0,0,0,32,0,0,0,6,0,12,0,28,0,10,0,35,0,11,0,0,0,0,0,11,0,0,0,0,0,0,0,44,0,24,0,0,0,6,0,0,0,46,0,0,0,0,0,0,0,2,0,0,0,0,0,0,0,0,0,13,0,0,0,0,0,0,0,0,0,0,0,0,0,0,0,0,0,0,0,0,0,0,0,0,0,0,0,0,0,0,0,0,0,0,0,0,0,0,0,0,0,0,0,0,0,0,0,0,0,0,0,0,0,0,0,0,0,111,0,100,0,27,0,122,0,0,0,0,0,0,0,0,0,27,0,192,0,41,0,0,0,0,0,0,0,0,0,6,0,37,0,52,0,0,0,99,0,6,0,0,0,93,0,0,0,0,0,0,0,0,0,0,0,0,0,0,0,0,0,0,0,0,0,0,0,0,0,0,0,0,0,0,49,0,0,0,50,272,41,44,0,3,0
15,0,55,0,0,0,70,9,98,38,0,0,2,0,18,0,198,0,3,0,75,0,17,0,140,0,19,0,10,0,23,0,0,0,0,0,7,0,8,0,0,0,0,0,0,0,0,0,2,0,12,0,86,0,18,38,5,0,0,5,84,0,0,5,0,0,0,0,0,0,24,0,0,0,28,0,0,0,13,0,75,0,0,0,0,0,60,0,0,0,0,0,0,0,0,0,0,0,0,0,0,0,0,0,0,0,0,0,0,0,0,0,0,0,0,0,0,0,0,0,0,0,0,0,0,0,0,0,21,0,0,0,0,0,0,0,16,0,143,0,203,0,25,0,38,0,0,0,0,0,0,0,0,0,32,0,26,0,33,0,0,0,0,0,0,0,0,0,0,0,60,0,33,0,0,0,43,0,0,0,0,0,12,0,0,0,0,0,0,0,0,0,0,0,0,0,0,0,0,0,0,0,0,0,0,0,0,0,0,0,31,205,27,23,39,0,6,0,0,0,0,0,0,0,0
30,95,16,4,0,0,0,196,27,77,0,0,0,0,0,0,11,138,0,10,0,67,12,46,72,42,0,0,0,59,0,17,0,19,0,17,0,13,0,18,0,0,0,17,0,0,0,0,0,0,0,0,0,106,7,58,0,19,0,8,0,46,5,0,0,0,0,0,0,0,0,0,0,0,0,0,0,0,0,0,0,0,0,0,0,0,0,0,0,0,0,0,0,0,0,0,0,0,0,0,0,0,0,0,0,0,0,0,0,0,0,0,0,0,0,0,0,0,0,0,0,0,0,0,0,0,0,0,0,54,0,0,0,0,0,0,0,0,0,257,0,129,0,78,0,43,0,0,0,0,0,0,0,0,0,88,0,79,0,244,0,0,0,0,0,1,0,0,0,0,0,0,0,0,0,0,5,89,0,2,0,0,0,51,0,0,0,0,0,0,0,0,0,0,0,0,0,0,0,0,0,0,0,0,0,0,0,0,0,0,0,0,0,0,35,0,0,0,101,320,15,0,0,0,0
8,0,40,0,14,0,71,0,137,0,10,0,0,1,0,0,0,0,0,0,0,0,0,0,0,0,0,0,0,0,0,0,0,0,0,0,0,0,0,0,0,0,0,0,0,0,0,0,0,0,0,0,0,0,5,0,44,0,129,30,0,0,0,0,0,0,217,0,0,0,6,0,2,0,0,0,0,0,0,0,0,0,0,0,0,0,0,0,0,0,0,0,0,0,0,0,0,0,0,0,0,0,0,0,0,0,0,0,0,0,0,0,0,0,0,0,0,0,0,0,0,0,0,0,6,0,7,0,0,0,12,0,0,0,0,0,0,0,0,48,0,18,0,0,22,0,0,0,20,0,0,0,0,0,7,17,0,2,0,53,453,0,0,0,0,0,0,0,0,0,0,0,0,0,28,9,2,0,0,0,228,48,4,0,271,0,0,0,0,0,0,0,0,0,0,0,0,0,0,0,0,0,0,0,0,0,0,0,0,0,51,52,0,0,55,0,0,1,1,0,0,0,0,0,0
0,75,0,0,0,0,0,0,0,173,0,28,0,0,0,13,0,0,0,24,0,0,0,0,0,0,0,0,0,0,0,1,0,0,0,0,0,0,0,0,0,2,0,0,0,0,0,0,0,0,0,0,9,0,0,1,27,0,24,178,0,0,0,0,0,0,13,854,0,0,0,24,0,0,0,0,0,0,0,0,0,0,0,0,0,0,0,0,0,0,0,0,0,0,0,4,0,0,0,0,0,0,0,0,0,0,0,0,0,0,0,0,0,0,0,0,0,0,0,0,0,0,0,3,0,65,0,33,40,0,86,140,0,0,0,19,0,24,0,0,0,28,0,0,33,72,0,35,0,213,0,0,14,14,11,0,0,0,0,0,82,385,0,0,0,0,0,0,0,0,0,0,0,0,0,66,0,0,0,0,74,146,0,1,0,136,0,0,0,0,0,0,0,0,0,0,0,0,0,0,0,1,0,0,0,0,0,0,0,0,0,0,0,0,57,0,0,0,52,9,0,0,0,0,0
0,0,9,0,0,0,88,0,201,11,0,0,0,0,0,0,0,0,0,0,0,0,0,0,0,0,0,0,0,0,0,0,0,0,0,0,0,0,0,0,0,0,0,0,0,0,0,0,5,0,2,0,6,4,6,74,54,42,113,317,0,0,0,0,217,13,0,56,0,0,0,0,0,0,0,0,1,0,0,0,0,0,0,0,0,0,0,0,0,0,0,0,0,0,0,0,0,0,0,0,0,0,0,0,0,0,0,0,0,0,0,0,0,0,0,0,0,0,0,0,0,0,0,0,0,0,0,0,0,0,0,0,0,0,0,0,0,0,0,0,0,0,0,0,1,0,0,0,10,0,0,0,0,0,2,30,5,9,1,10,19,0,0,0,0,0,0,0,3,0,33,0,17,0,16,0,142,0,0,0,42,0,0,0,595,33,0,0,0,0,0,0,0,0,0,0,0,0,0,0,0,0,0,0,0,0,0,0,0,0,176,85,40,0,124,0,15,1,0,0,1,0,0,0,0
0,16,0,0,0,0,0,3,32,152,0,2,0,0,0,0,0,0,0,2,0,0,0,0,0,0,0,1,0,0,0,0,0,0,0,0,0,0,0,0,0,0,0,0,0,0,0,0,0,0,1,0,38,0,76,2,64,43,131,158,0,0,0,0,0,854,56,0,0,0,0,0,0,0,0,0,0,0,0,0,0,0,0,0,0,0,0,0,0,0,0,0,0,0,0,0,0,0,0,0,0,0,0,0,0,0,0,0,0,0,0,0,0,0,0,0,0,0,0,0,0,0,0,0,0,45,0,0,0,1,0,136,0,0,0,8,0,0,0,0,0,0,0,0,0,6,0,24,0,47,0,0,0,0,22,2,0,6,0,0,13,58,0,2,0,0,0,0,0,0,0,0,0,0,4,60,0,0,0,0,20,0,0,0,26,624,0,0,0,0,0,0,0,0,0,0,0,0,0,0,0,0,0,0,0,0,0,0,0,0,0,0,0,0,119,0,0,0,166,95,0,0,0,0,0
0,0,0,0,0,0,0,0,0,0,0,0,0,0,0,0,0,0,0,0,0,0,0,0,0,0,0,0,0,0,0,0,0,0,0,0,0,0,0,0,0,0,0,0,0,0,0,0,18,0,0,0,0,0,0,0,0,0,0,0,0,0,0,0,0,0,0,0,0,0,0,0,9,0,0,0,153,0,43,0,18,0,31,0,0,0,24,0,0,0,0,0,43,0,9,0,0,0,34,0,26,0,235,0,0,0,60,0,60,0,15,0,29,0,4,0,10,0,0,0,0,0,0,0,0,0,0,0,0,0,0,0,0,0,0,0,0,0,0,0,0,0,0,0,0,0,0,0,0,0,0,0,0,0,0,0,0,0,0,0,0,0,0,0,11,0,0,0,152,0,10,0,0,0,0,0,0,0,0,0,0,0,1,0,0,0,0,0,0,0,0,0,90,0,80,0,0,0,0,0,0,0,0,0,0,0,0,0,0,0,119,0,71,0,14,115,59,0,0,0,0,0,0,0,0
0,0,0,0,0,0,0,0,0,0,0,0,0,0,0,0,0,0,0,0,0,0,0,0,0,0,0,0,0,0,0,0,0,0,0,1,0,0,0,0,0,0,0,0,0,0,0,0,0,4,0,0,0,0,0,0,0,4,0,0,0,0,0,0,0,0,0,0,0,0,0,0,0,2,0,0,0,60,0,0,0,6,0,189,0,0,0,24,0,11,0,0,0,113,0,20,0,0,0,0,0,0,0,224,0,0,0,1,0,44,0,8,0,0,0,1,0,14,0,0,0,0,0,0,0,0,0,0,0,0,0,1,0,0,0,0,1,0,0,0,0,0,0,0,0,0,0,0,0,0,0,0,0,0,0,0,0,0,0,0,0,0,0,0,0,19,0,0,0,161,0,10,0,0,0,0,0,1,0,0,0,0,0,0,0,0,0,0,0,0,0,1,0,0,0,20,0,0,0,0,0,0,0,14,0,0,0,0,0,0,0,0,0,0,0,0,0,0,34,10,81,0,24,42,5
0,0,0,0,3,0,0,0,0,0,0,0,0,0,0,0,38,0,0,0,83,0,0,0,0,0,0,0,14,0,0,0,0,0,0,0,65,0,7,0,0,0,14,0,25,0,0,0,2,0,23,0,0,0,0,0,0,0,0,0,12,0,24,0,6,0,0,0,0,0,0,0,162,0,381,0,9,0,188,0,2,0,0,0,0,0,7,0,0,0,0,0,0,0,0,0,0,2,0,0,0,0,0,0,0,0,0,0,0,0,0,0,0,0,0,0,0,0,0,0,14,0,5,0,20,26,0,0,9,0,45,14,11,0,0,0,16,0,17,0,125,0,23,0,57,0,0,0,32,17,20,1,10,0,0,0,12,0,0,0,8,8,44,0,0,0,5,0,24,0,39,0,29,0,7,0,0,0,0,0,37,5,13,0,21,0,0,0,0,0,0,0,0,0,0,0,0,0,0,0,0,0,0,0,0,0,0,0,0,0,9,2,10,0,2,0,0,0,0,0,0,0,0,0,0
0,0,0,0,0,0,0,0,0,0,0,0,0,0,0,0,0,0,0,0,0,0,0,0,0,0,0,0,0,0,0,0,0,0,0,0,0,0,0,0,0,0,0,7,0,0,0,0,0,0,0,13,0,0,0,0,0,0,0,0,0,2,0,0,0,24,0,0,0,0,0,0,0,254,0,316,0,24,0,10,0,0,0,0,0,0,0,111,0,0,0,0,0,0,0,0,0,0,0,0,0,0,0,0,0,0,0,0,0,0,0,0,0,0,0,0,0,0,0,0,0,0,0,5,0,89,0,35,0,15,14,25,0,17,0,0,0,0,0,4,0,73,0,20,0,113,0,0,0,52,0,0,0,0,0,0,0,0,0,0,0,22,0,28,0,0,0,0,0,19,0,14,0,0,0,12,0,0,0,0,7,37,0,0,0,5,0,0,0,0,0,0,0,0,0,0,0,0,0,0,0,0,0,0,0,0,0,0,0,0,0,0,0,0,10,0,0,0,13,4,36,0,0,0,0
2,0,0,0,0,0,0,0,0,0,0,0,0,0,0,0,0,0,0,0,0,0,0,0,0,0,0,0,0,0,0,0,0,0,0,0,10,0,0,0,0,0,0,0,0,0,0,0,0,0,0,0,0,0,0,0,0,0,0,0,0,0,0,0,2,0,0,0,9,0,162,0,0,0,101,0,27,0,105,0,0,0,5,0,6,0,4,0,0,0,0,0,2,0,0,0,0,0,0,0,0,0,0,0,0,0,0,0,0,0,0,0,0,0,0,0,0,0,0,0,11,0,0,0,26,3,0,0,7,0,11,0,20,0,95,0,40,0,0,0,97,0,101,0,54,0,0,0,8,5,54,0,11,0,0,0,3,0,0,0,2,0,60,0,0,0,0,0,14,0,2,0,0,0,5,0,0,0,0,0,22,0,6,0,5,0,0,0,0,0,0,0,0,0,0,0,0,0,42,0,15,0,0,0,0,0,0,0,46,0,265,4,10,0,8,0,1,0,0,0,0,0,0,0,0
0,0,0,0,0,0,0,3,0,0,0,0,0,0,0,2,0,0,0,0,0,0,0,0,0,0,0,0,0,0,0,0,0,0,0,0,0,0,0,0,0,0,0,18,0,7,0,0,0,0,0,0,0,0,0,3,0,0,0,0,0,0,0,0,0,0,0,0,0,2,0,254,0,0,0,80,0,38,0,55,0,19,0,16,0,138,0,95,0,0,0,0,0,0,0,0,0,0,0,6,0,0,0,0,0,0,0,0,0,0,0,0,0,0,0,0,0,0,0,0,0,44,0,50,0,85,0,53,4,12,0,0,0,14,0,0,0,50,0,0,0,55,0,158,0,91,0,0,0,28,5,0,0,10,0,0,0,0,0,0,0,7,0,16,0,0,0,0,0,6,0,8,0,0,0,0,0,0,0,0,0,27,0,0,0,4,0,0,0,64,0,11,0,0,0,14,0,0,0,0,0,65,0,156,0,0,0,0,0,0,0,0,0,0,57,0,0,0,183,1,14,0,0,0,0
0,0,0,0,0,0,0,0,0,0,0,0,0,0,0,0,71,0,0,0,95,0,17,0,0,0,0,0,0,0,15,0,0,0,0,0,68,0,0,0,0,0,42,0,0,0,0,0,0,0,20,0,0,0,0,0,0,0,0,0,13,0,28,0,0,0,0,0,0,0,381,0,101,0,0,1,14,0,205,0,12,0,33,0,12,0,60,0,0,0,0,0,0,0,0,4,0,0,6,0,8,0,0,0,0,0,0,5,0,0,0,0,0,0,0,0,0,0,0,0,91,0,38,0,17,49,0,0,13,0,30,18,0,0,91,0,53,0,13,11,224,20,155,10,111,0,0,0,0,24,55,0,35,8,0,0,11,0,0,0,0,0,58,0,0,0,5,0,0,0,21,0,0,0,15,1,0,0,5,0,65,9,0,0,32,0,0,0,0,0,0,0,0,0,0,0,0,0,0,0,28,0,0,0,0,0,0,0,58,0,34,0,11,0,0,0,0,0,0,0,0,0,0,0,0
0,0,0,0,0,0,0,0,0,0,0,0,0,0,0,0,0,5,0,0,0,0,0,0,0,0,0,0,0,4,0,0,0,0,0,0,0,0,0,0,0,0,0,0,0,0,0,0,0,0,0,10,0,0,0,0,0,0,0,0,0,0,0,0,0,0,0,0,0,0,0,316,0,80,1,0,0,17,0,47,0,0,0,6,0,25,0,94,0,0,0,0,0,0,0,0,0,0,0,1,0,0,0,0,0,0,0,0,0,0,0,0,0,0,0,0,0,0,0,1,0,117,0,40,0,68,0,0,0,8,0,19,0,11,0,0,0,0,0,4,0,74,0,68,0,108,0,16,0,55,0,24,0,18,0,0,0,0,0,0,0,9,0,27,0,0,0,0,0,7,0,9,0,5,0,15,0,0,0,0,6,40,0,0,0,0,0,0,0,0,0,0,0,0,0,0,0,0,0,0,0,0,0,20,0,3,0,0,0,28,0,0,0,0,23,0,0,0,81,0,0,0,0,2,0
0,0,0,0,0,0,0,0,0,0,0,0,0,0,0,0,0,0,0,0,0,0,0,0,0,0,0,0,0,0,0,0,0,0,0,0,0,0,0,0,0,0,0,0,0,0,0,0,0,0,0,0,0,0,0,0,0,0,0,0,0,0,0,0,0,0,1,0,153,0,9,0,27,0,14,0,0,0,25,0,14,0,60,0,28,0,31,0,0,0,0,0,108,0,16,0,0,0,10,0,10,0,99,0,0,0,35,0,4,0,0,0,0,0,2,0,2,0,0,0,10,0,0,0,0,0,0,0,1,0,0,0,1,0,0,0,6,0,0,0,0,0,21,0,0,0,0,0,0,0,8,0,0,0,0,0,0,0,0,0,0,0,0,0,1,0,0,0,33,0,0,0,0,0,0,0,0,0,0,0,0,0,0,0,0,0,0,0,0,0,0,0,86,0,33,0,0,0,0,0,0,0,0,0,59,0,0,0,18,0,44,0,12,0,0,6,2,0,0,0,0,0,0,0,0
0,0,0,0,0,0,0,0,0,0,0,0,0,0,0,0,0,0,0,0,0,0,0,0,0,0,0,0,0,0,0,0,0,0,0,0,0,0,0,0,0,0,0,0,0,0,0,0,0,10,0,3,0,0,0,0,0,0,0,0,0,0,0,0,0,0,0,0,0,60,0,24,0,38,0,17,0,0,0,4,0,48,0,116,0,39,0,117,0,4,0,1,0,64,0,28,0,19,0,8,0,0,0,130,0,73,0,0,0,4,0,0,0,2,0,0,0,12,0,0,0,17,0,0,2,0,0,0,0,0,0,0,0,0,0,70,0,8,0,0,0,0,0,18,0,9,0,5,0,0,0,0,0,0,0,0,0,0,0,0,0,0,0,7,0,12,0,0,0,68,0,0,0,2,0,0,0,0,0,0,1,0,0,0,0,0,0,0,0,79,0,0,0,0,0,58,0,0,0,0,0,67,0,64,0,137,0,0,0,0,0,0,0,0,20,0,0,0,26,9,43,4,9,3,0
0,0,0,0,0,0,0,0,0,0,0,0,0,0,0,0,0,0,0,0,0,0,0,0,0,0,0,0,4,0,0,0,0,0,0,0,0,0,0,0,0,0,0,0,0,0,0,0,3,0,0,0,0,0,0,0,0,0,0,0,0,0,13,0,0,0,0,0,43,0,188,0,105,0,205,0,25,0,0,0,16,0,106,0,42,0,32,0,0,0,0,0,91,0,12,0,24,0,0,0,5,0,16,0,0,0,0,0,0,0,0,0,0,0,0,0,0,0,3,0,66,0,16,0,0,0,0,0,4,0,0,0,0,0,110,0,0,0,0,2,100,2,151,0,23,0,7,0,0,0,0,0,0,0,0,0,0,0,0,0,0,0,15,0,5,0,0,0,48,0,0,0,0,0,0,0,0,0,0,0,17,0,0,0,0,0,0,0,0,0,0,0,76,0,0,0,0,0,70,0,79,0,47,0,0,0,0,0,51,0,363,0,22,3,8,0,2,0,0,0,0,0,0,0,0
0,0,0,0,0,0,0,0,0,0,0,0,0,0,0,0,0,0,0,0,0,0,0,0,0,0,0,0,0,0,0,0,0,0,0,0,0,0,0,0,0,0,0,0,0,0,0,0,0,0,0,0,0,0,0,0,0,0,0,0,0,0,0,0,0,0,0,0,0,0,0,10,0,55,0,47,0,4,0,0,0,0,0,0,0,19,0,29,0,0,0,0,0,0,0,0,0,0,0,0,0,0,0,0,0,0,0,0,0,0,0,0,0,0,0,0,0,0,0,0,0,5,0,16,0,0,0,0,0,0,1,0,0,0,0,23,0,0,0,3,0,37,0,52,0,25,0,0,0,0,4,0,0,0,0,0,0,0,0,0,0,0,0,0,0,0,0,0,0,0,0,2,0,0,0,0,0,0,0,0,0,0,0,0,0,0,0,0,0,0,0,0,0,0,0,0,0,0,0,0,0,0,0,0,0,0,0,0,0,0,0,0,0,0,0,0,0,0,58,0,12,0,0,0,0
