0,258,36,154,25,5,13,141,67,39,113,0,126,0,0,31,84,49,11,0,29,0,40,131,14,244,17,0,59,3,10,0,34,0,3,0,44,0,447,0,0,0,0,0,17,0,9,0,21,0,4,0,13,0,0,11,0,0,0,0,186,0,198,23,5,0,0,0,0,0,0,0,0,0,0,0,0,0,0,0,7,0,0,0,0,0,0,0,0,0,0,0,0,0,0,0,0,0,0,0,0,0,0,0,0,0,0,0,0,0,0,0,0,0,0,0,0,0,0,0,0,0,0,0,5,0,21,0,0,0,4,0,3,0,2,0,5,0,0,0,0,1,0,0,0,0,21,0,32,0,35,0,30,0,0,0,0,0,0,0,0,0,4,0,14,0,0,0,0,0,79,0,277,0,1,0,387,110,14,0,10,0,29,0,45,0,0,0,0,0,0,0,0,0,0,0,0,0,0,0,0,0,3,0,0,0,0,0,7,0,520,104,399,198,372,0,1,0,0,0,0,0,0,0,0
258,0,377,85,105,166,0,21,22,18,0,124,0,160,0,47,41,39,0,79,35,0,392,100,107,29,0,145,0,28,0,4,0,16,0,0,0,98,14,171,1,0,0,0,0,0,0,54,0,21,0,0,0,22,0,13,0,0,0,0,0,465,0,195,0,18,0,0,0,0,0,0,0,0,0,0,0,0,0,0,0,0,0,0,0,0,0,0,0,0,0,0,0,0,0,0,0,0,0,0,0,0,0,0,0,0,0,0,0,0,0,0,0,0,0,0,0,0,0,0,0,12,0,6,0,9,0,23,0,0,0,35,0,0,0,0,0,55,0,0,0,0,0,0,0,0,0,33,0,62,0,167,0,142,0,40,0,33,0,34,0,0,0,2,0,16,0,6,0,64,0,133,0,229,0,18,249,464,0,35,0,41,8,39,0,85,0,0,0,0,0,0,0,0,0,0,0,0,0,0,0,0,0,0,0,0,0,40,0,33,10,0,0,0,421,0,0,0,1224,104,364,228,7,14,3
36,377,0,180,211,0,47,125,3,19,58,38,175,0,219,86,76,62,90,0,192,0,437,219,86,220,41,0,222,0,14,0,98,0,0,0,56,0,546,0,21,0,0,0,23,0,16,0,24,0,0,0,44,0,57,2,6,0,5,0,205,0,399,11,0,0,5,0,0,0,38,0,0,0,0,0,0,0,0,0,0,0,0,0,0,1,0,0,0,0,0,0,0,0,0,0,0,0,0,0,0,0,0,0,0,0,0,0,0,0,0,0,0,0,0,0,0,0,0,0,0,0,0,0,30,0,50,0,0,0,60,0,20,0,80,0,260,0,0,0,0,0,113,0,0,0,65,0,53,0,0,0,56,0,0,0,0,0,0,0,0,0,0,0,0,0,14,0,13,0,73,7,407,0,0,0,179,99,5,0,26,0,0,0,0,0,0,0,0,0,0,0,0,0,0,0,6,0,0,0,0,0,0,0,0,0,0,0,38,0,425,45,408,262,490,0,0,2,0,0,0,0,0,0,0
154,85,180,0,86,233,0,38,0,0,48,12,0,36,63,222,0,9,0,194,0,50,174,332,0,119,0,91,0,68,0,18,0,63,0,0,0,110,0,305,0,0,0,0,0,0,0,13,0,6,0,10,0,0,0,27,0,0,0,0,0,196,0,71,0,0,0,0,0,0,0,0,0,0,0,0,0,0,0,0,0,0,0,0,0,0,0,0,0,0,0,0,0,0,0,0,0,0,0,0,0,0,0,0,0,0,0,0,0,0,0,0,0,0,0,0,0,0,0,0,0,0,0,3,0,0,0,0,0,0,0,19,0,4,0,0,0,85,0,0,0,0,0,0,0,0,0,0,0,0,0,0,0,0,0,8,0,0,0,8,0,0,0,0,0,19,0,0,0,51,0,40,0,164,0,0,94,121,0,6,0,5,0,4,0,0,0,0,0,0,0,0,0,0,0,0,0,0,0,0,0,0,0,0,0,0,0,0,0,23,0,0,0,0,170,0,0,0,328,32,290,82,2,0,0
25,105,211,86,0,254,10,0,14,0,78,151,325,55,149,245,30,16,161,147,483,136,69,156,2,0,105,0,0,0,152,5,177,0,202,0,271,0,192,0,47,0,0,0,33,0,77,0,33,0,90,0,4,0,0,0,0,0,0,0,0,0,0,0,0,0,0,0,0,0,0,0,0,0,0,0,0,0,0,0,0,0,0,0,0,0,0,0,0,0,0,0,0,0,0,0,0,0,0,0,0,0,0,0,0,0,0,0,0,0,0,0,0,0,0,0,0,0,0,0,0,0,0,0,0,0,28,0,0,0,16,0,0,0,0,0,38,0,0,0,0,0,0,0,0,0,78,0,80,0,121,0,144,0,0,0,0,0,0,0,0,0,0,0,79,0,181,0,139,0,24,0,310,9,46,0,337,160,69,0,97,0,32,0,81,0,0,0,0,0,0,0,0,0,0,0,0,0,0,0,0,1,0,0,0,0,0,0,19,0,267,157,657,0,261,0,2,0,0,0,0,0,0,0,0
5,166,0,233,254,0,0,23,0,17,127,133,119,160,338,107,0,6,126,99,137,115,0,126,0,18,0,108,0,15,31,116,0,237,0,205,0,168,0,86,0,27,0,0,5,0,0,96,0,8,0,33,0,0,0,18,0,0,0,0,0,15,0,0,0,0,0,0,0,0,0,0,0,0,0,0,0,0,0,0,0,0,0,0,0,0,0,33,0,0,0,0,0,0,0,0,0,0,0,0,0,10,0,0,0,0,0,0,0,0,0,0,0,0,0,0,0,0,0,0,0,0,0,0,0,0,0,31,0,0,0,65,0,0,0,0,0,125,0,9,0,0,0,0,0,26,0,46,0,70,0,154,0,78,0,36,0,0,0,22,0,0,0,0,0,42,0,373,0,257,0,56,0,127,0,0,132,356,0,44,0,81,0,10,0,0,0,6,0,0,0,0,0,0,0,0,0,0,0,0,0,0,0,0,0,0,0,45,0,74,0,0,0,0,274,0,0,0,616,216,763,0,0,0,1
13,0,47,0,10,0,0,0,63,241,26,0,34,0,5,0,12,0,0,0,0,0,7,0,218,127,0,0,0,1,0,0,2,0,0,0,0,0,0,0,0,0,0,0,0,0,0,0,48,0,0,0,335,62,325,138,29,0,6,0,450,0,423,67,16,0,94,46,0,0,0,0,0,0,0,0,0,0,0,0,0,0,0,0,0,0,0,0,0,0,0,0,0,0,0,0,0,0,0,0,0,0,0,0,0,0,0,0,0,0,0,0,0,0,0,0,0,0,0,0,0,0,0,0,51,0,46,0,0,0,146,0,20,0,16,0,116,0,0,0,0,0,0,0,0,0,20,0,65,0,0,0,0,0,29,0,89,0,0,0,67,0,0,0,13,0,2,0,15,1,200,0,136,0,1,0,64,52,0,0,0,0,1,0,14,16,0,0,0,0,0,0,0,0,0,0,0,0,0,0,0,0,0,0,0,0,4,0,10,0,1015,89,576,659,857,0,0,15,0,0,0,0,0,0,0
141,21,125,38,0,23,0,0,52,20,0,16,0,23,0,54,0,13,0,13,0,0,53,21,131,354,0,31,0,13,0,0,0,0,0,6,0,0,0,73,0,0,0,0,0,0,0,11,0,5,0,0,13,117,0,363,0,20,0,10,0,461,21,521,0,0,0,0,0,0,0,0,0,0,0,0,0,3,0,0,0,0,0,0,0,0,0,0,0,0,0,0,0,0,0,0,0,1,0,0,0,0,0,0,0,0,0,0,0,0,0,0,0,0,0,0,0,0,0,0,0,0,0,0,0,12,0,33,0,8,0,88,0,20,0,0,0,75,0,0,0,0,0,0,0,0,0,11,0,13,0,0,0,0,0,13,0,55,0,0,0,0,0,0,0,26,0,5,0,64,0,262,0,201,0,0,103,104,0,0,0,0,16,8,0,0,0,0,0,0,0,0,0,0,0,0,0,0,0,0,0,0,0,0,0,0,0,10,0,42,0,0,0,0,543,0,0,0,844,47,561,420,12,27,0
67,22,3,0,14,0,63,52,0,407,11,0,22,0,0,0,19,0,8,0,0,0,3,0,65,58,9,0,2,0,0,0,0,0,0,0,0,0,26,1,0,0,0,0,12,0,12,0,13,0,0,0,250,71,87,237,16,20,34,45,210,0,204,63,62,0,174,181,0,0,0,0,0,0,0,0,0,0,0,0,0,0,0,0,0,0,0,0,0,0,0,0,0,0,0,0,0,0,0,0,0,0,0,0,0,0,0,0,0,0,0,0,0,0,0,0,0,0,0,0,0,0,0,0,61,0,50,0,0,0,38,0,7,0,0,0,0,0,0,0,0,0,0,0,0,0,61,0,133,0,55,0,29,0,45,9,114,0,0,0,23,0,1,0,8,0,0,0,4,0,91,0,69,0,0,0,158,38,8,0,0,0,24,0,157,28,0,0,0,0,0,0,0,0,0,0,2,0,4,0,0,0,0,0,0,0,0,0,13,0,583,111,202,177,261,1,21,2,17,22,10,0,2,0,0
39,18,19,0,0,17,241,20,407,0,0,37,0,19,0,0,0,7,0,12,0,0,0,0,243,18,0,0,0,3,0,0,0,0,0,0,0,0,0,5,0,0,0,0,2,0,0,6,0,3,0,0,91,227,152,282,0,56,0,10,0,128,95,225,0,115,27,70,0,0,0,0,0,0,0,0,0,0,0,0,0,0,0,0,0,0,0,0,0,0,0,0,0,0,0,0,0,0,0,0,0,0,0,0,0,0,0,0,0,0,0,0,0,0,0,0,0,0,0,0,0,0,0,0,0,55,0,102,0,0,0,167,0,12,0,27,0,31,0,1,0,0,0,0,0,3,0,84,0,117,0,126,0,51,0,54,3,209,0,10,0,16,0,0,3,13,0,0,0,39,20,175,0,0,0,4,156,232,0,10,0,0,29,19,3,95,0,0,0,0,0,6,0,5,0,0,0,4,0,0,0,9,0,0,0,0,0,51,0,116,38,19,11,0,450,0,0,0,927,119,298,297,24,15,0
113,0,58,48,78,127,26,0,11,0,0,40,174,0,21,166,13,11,9,17,116,32,7,78,0,0,34,0,0,0,72,0,118,0,22,0,104,0,76,0,13,0,0,0,21,0,31,0,0,0,4,0,0,0,0,0,0,0,0,0,0,0,0,0,0,0,0,0,0,0,0,0,0,0,0,0,0,0,0,0,0,0,0,0,0,0,0,0,0,0,0,0,0,0,0,0,0,0,0,0,0,0,0,0,0,0,0,0,0,0,0,0,0,0,0,0,0,0,0,0,0,0,0,0,0,0,0,0,0,0,0,0,0,0,0,0,0,0,0,0,0,0,0,0,0,0,8,0,8,0,0,0,89,0,1,0,0,0,0,0,0,0,0,0,0,0,46,0,0,0,0,1,83,0,40,0,232,88,111,0,61,0,20,0,53,0,1,0,0,0,0,0,0,0,0,0,0,0,0,0,0,0,0,0,0,0,0,0,0,0,105,77,236,0,109,0,0,0,0,0,0,0,0,0,0
0,124,38,12,151,133,0,16,0,37,40,0,0,247,297,7,0,1,81,16,79,41,60,31,0,1,12,111,0,5,15,28,0,78,17,50,0,68,0,23,0,78,0,10,0,19,0,110,0,39,10,7,0,2,0,3,0,1,0,0,0,2,0,0,0,2,0,0,0,0,0,0,0,0,0,0,0,0,0,0,0,0,0,0,0,0,0,0,0,0,0,0,0,0,0,0,0,0,0,5,0,0,0,0,0,0,0,0,0,0,0,0,0,0,0,0,0,0,0,0,0,4,0,0,0,0,0,0,0,0,0,6,0,0,0,18,0,10,0,3,0,0,0,0,0,10,0,0,0,23,0,227,0,206,0,18,0,0,0,0,0,0,0,0,0,0,8,46,0,34,0,9,0,0,0,44,75,419,0,115,0,216,0,27,0,102,0,19,0,0,0,0,0,0,0,2,0,0,0,0,0,0,0,0,0,0,0,0,0,14,7,0,0,0,64,0,0,0,172,32,184,28,0,0,0
126,0,175,0,325,119,34,0,22,0,174,0,0,164,46,30,0,0,102,440,142,224,0,0,0,0,112,173,0,0,11,13,0,0,197,0,46,0,0,0,101,16,257,29,66,0,192,0,20,0,466,0,0,0,0,0,0,0,0,0,0,0,0,0,0,0,0,0,0,0,0,0,0,0,0,0,0,0,0,0,0,0,2,0,0,0,0,0,0,0,0,0,0,0,0,0,0,0,0,0,0,0,0,0,0,0,0,0,0,0,0,0,0,0,0,0,0,0,0,0,0,0,0,0,0,0,17,0,0,0,0,0,9,0,0,0,19,0,0,0,0,0,0,0,0,0,36,0,43,0,0,0,0,0,0,0,2,0,0,0,0,0,0,0,84,0,7,0,0,0,0,0,0,0,0,0,327,80,114,0,72,0,39,0,51,0,124,0,0,0,0,0,3,0,0,0,0,0,0,0,0,0,0,0,0,0,0,0,0,0,15,102,281,4,13,0,0,0,0,0,0,0,0,0,0
0,160,0,36,55,160,0,23,0,19,0,247,164,0,20,0,0,0,190,40,79,79,0,0,0,0,260,99,0,0,0,16,0,2,40,271,0,49,0,0,110,166,0,89,0,57,64,281,0,96,38,141,0,0,0,11,0,2,0,0,0,0,0,1,0,0,0,0,0,0,0,0,0,0,0,0,0,0,0,0,0,0,0,0,0,0,0,0,0,0,0,0,0,0,0,0,0,1,0,0,0,0,0,0,0,0,0,0,0,0,0,0,0,0,0,0,0,0,0,0,0,0,0,0,0,0,0,17,0,0,0,24,0,0,0,0,0,0,0,0,0,0,0,0,0,0,0,0,0,42,0,0,0,0,0,0,0,0,0,5,0,0,0,0,0,41,0,20,0,84,0,3,0,0,0,0,47,313,0,30,0,42,0,3,0,0,13,82,0,0,0,0,0,0,0,0,0,1,0,0,0,0,0,0,0,0,0,19,0,0,0,0,0,0,29,0,0,0,0,95,278,0,0,0,2
0,0,219,63,149,338,5,0,0,0,21,297,46,20,0,328,116,0,154,82,264,100,364,130,45,0,113,0,2,1,195,0,49,14,137,0,105,0,6,0,7,0,0,0,0,0,0,0,0,0,9,0,0,0,0,0,0,0,0,0,0,0,26,0,0,0,0,0,0,0,0,0,0,0,13,0,0,0,0,0,0,0,0,0,0,0,0,0,0,0,0,0,0,0,0,0,0,0,0,0,0,0,0,0,0,0,0,0,0,0,0,0,0,0,0,0,0,0,0,0,8,0,0,0,0,0,43,0,0,0,0,0,20,0,89,0,294,0,0,0,0,0,0,0,0,0,56,0,36,0,0,0,0,0,0,0,0,0,0,0,3,0,0,0,0,0,46,0,0,0,0,0,0,0,0,0,116,76,16,0,22,0,12,1,30,0,0,0,0,0,0,0,0,0,0,0,6,0,17,0,0,0,0,0,0,0,9,0,48,0,78,58,120,31,38,0,0,0,0,3,0,0,0,0,0
31,47,86,222,245,107,0,54,0,0,166,7,30,0,328,0,0,24,50,304,126,394,161,251,0,95,0,144,0,39,20,134,23,322,24,63,0,134,22,127,0,0,0,34,0,0,3,2,2,0,0,25,0,7,0,97,0,0,2,0,0,12,0,18,0,0,0,0,0,0,0,4,0,0,0,0,0,11,0,0,2,0,0,0,0,0,0,0,0,0,0,0,0,0,0,0,0,0,0,0,0,0,0,0,0,0,0,0,0,0,0,0,0,0,0,0,0,0,0,0,0,0,0,0,0,0,0,0,0,0,0,0,0,0,0,506,0,527,0,0,0,0,0,0,0,0,0,0,0,5,0,13,0,0,0,20,0,0,0,0,0,0,0,0,0,26,0,204,0,110,0,29,0,132,0,0,72,84,12,6,0,0,0,1,0,0,0,0,0,0,0,0,0,0,0,0,0,0,0,0,0,191,0,0,0,0,0,17,0,81,0,0,30,0,89,0,0,0,270,59,271,43,1,0,0
84,41,76,0,30,0,12,0,19,0,13,0,0,0,116,0,0,0,168,0,316,0,77,42,76,20,106,0,154,0,93,0,57,0,24,0,6,2,97,0,0,0,17,0,81,0,0,0,4,0,11,0,171,0,5,7,12,0,3,0,47,0,514,7,0,0,0,0,0,0,58,0,0,0,153,0,0,0,0,0,122,0,0,0,831,0,71,0,0,0,0,0,0,0,0,0,719,0,134,0,0,0,0,0,0,0,0,0,0,0,0,0,0,0,0,0,0,0,0,0,77,0,221,0,0,0,0,0,37,0,0,0,39,0,0,0,390,0,120,0,310,0,744,0,28,0,0,0,0,0,0,0,0,0,113,0,0,2,59,0,0,0,6,0,4,0,0,0,0,0,0,0,24,0,0,0,18,0,5,0,0,0,89,0,1,0,0,0,0,0,0,0,0,0,0,0,0,0,0,0,133,0,0,0,2,0,0,0,4,0,7,0,30,0,12,0,0,0,0,0,0,0,0,0,0
49,39,62,9,16,6,0,13,0,7,11,1,0,0,0,24,0,0,0,0,8,101,66,114,23,34,0,0,0,67,0,42,0,35,0,0,0,32,0,77,0,0,0,0,0,0,0,0,0,0,0,3,2,83,0,33,0,62,0,0,0,132,2,522,0,0,0,0,0,0,0,0,0,0,0,0,0,0,0,0,0,0,0,0,0,420,0,30,0,0,0,33,0,0,0,0,0,88,0,113,0,0,0,0,0,0,0,72,0,0,0,0,0,0,0,0,0,0,0,0,0,0,0,0,0,0,0,0,0,65,0,28,0,31,0,353,0,446,0,171,0,33,0,234,0,0,0,0,0,0,0,0,0,0,0,23,0,0,0,11,0,6,0,0,0,0,0,0,0,0,0,5,4,30,0,0,14,19,0,6,0,0,0,14,0,0,0,0,0,0,0,0,0,0,0,0,0,0,0,0,0,90,0,0,0,0,0,0,0,0,0,0,0,0,15,0,0,0,9,0,35,0,0,0,0
11,0,90,0,161,126,0,0,8,0,9,81,102,190,154,50,168,0,0,398,266,250,341,0,57,0,235,66,3,0,27,0,0,0,378,0,67,5,0,0,0,0,47,0,72,0,0,0,0,0,263,0,5,0,0,0,0,0,0,0,0,0,0,0,0,0,0,0,3,0,22,0,0,0,0,0,0,0,0,0,0,0,0,0,0,0,0,0,0,0,0,0,0,0,0,0,0,0,0,0,34,0,0,0,0,0,0,0,0,0,0,0,0,0,0,0,0,0,0,0,0,0,0,0,0,0,0,0,0,0,0,0,0,0,0,0,0,0,0,0,0,0,0,0,0,0,0,0,78,0,176,0,179,0,0,0,0,0,0,0,0,0,0,0,92,0,20,0,60,0,0,0,0,0,0,0,115,79,33,0,70,0,33,0,0,0,3,0,0,0,0,0,0,0,0,0,2,0,0,0,0,0,0,0,0,0,0,0,0,0,71,70,301,0,39,0,0,0,0,0,0,0,0,0,0
0,79,0,194,147,99,0,13,0,12,17,16,440,40,82,304,0,0,398,0,203,236,0,86,0,34,374,430,0,0,11,97,0,10,107,351,0,99,0,1,54,0,0,66,0,72,0,26,0,7,86,165,0,15,0,14,0,0,0,0,0,0,0,0,0,0,0,0,0,0,0,0,0,0,0,0,0,0,0,0,0,0,0,0,0,0,0,0,0,0,0,0,0,0,0,0,0,0,0,0,0,0,0,0,0,0,0,0,0,0,0,0,0,0,0,0,0,0,0,0,0,14,0,0,0,0,0,0,0,0,0,0,0,0,0,0,0,0,0,0,0,0,0,0,0,23,0,0,0,0,0,0,0,0,0,53,0,0,0,28,0,0,0,0,4,0,0,133,0,131,0,0,0,0,0,0,60,128,18,9,0,26,0,5,0,0,16,2,0,7,0,0,0,0,0,4,0,0,0,0,0,0,0,0,0,0,0,0,0,0,0,0,0,0,38,0,0,0,134,101,215,50,0,0,0
29,35,192,0,483,137,0,0,0,0,116,79,142,79,264,126,316,8,266,203,0,151,129,62,20,0,140,0,26,1,75,7,7,0,77,0,7,0,4,0,0,0,40,0,95,0,0,0,0,0,51,0,0,0,0,0,0,0,0,0,0,0,51,0,0,0,0,0,0,0,51,0,0,0,81,0,0,0,0,0,0,0,0,0,344,0,0,0,0,0,0,0,0,0,0,0,0,0,0,0,0,0,0,0,0,0,0,0,0,0,0,0,0,0,0,0,0,0,0,0,41,0,53,0,0,0,0,0,0,0,0,0,0,0,0,0,0,0,0,0,51,0,0,0,41,0,0,0,0,0,0,0,0,0,0,0,0,0,0,0,0,0,0,0,59,0,52,0,66,0,0,0,33,0,0,0,105,43,39,0,0,0,0,0,0,0,0,0,0,0,0,0,0,0,0,0,0,0,0,0,0,0,0,0,0,0,0,0,0,0,66,80,196,22,34,0,1,0,0,0,11,0,0,0,0
0,0,0,50,136,115,0,0,0,0,32,41,224,79,100,394,0,101,250,236,151,0,0,259,0,203,188,177,0,92,14,60,0,24,77,141,15,22,0,12,0,0,0,156,0,136,0,0,0,6,38,91,0,16,0,0,0,0,0,0,0,0,0,104,0,0,0,0,0,0,0,0,0,0,0,0,0,0,0,0,0,0,0,0,0,359,0,0,0,0,0,0,0,0,0,0,0,0,0,0,0,0,0,0,0,0,0,0,0,0,0,0,0,0,0,0,0,0,0,0,0,0,0,0,0,0,0,0,0,0,0,0,0,0,0,0,0,0,0,0,0,79,0,94,0,0,0,0,0,0,0,0,0,0,0,0,0,3,0,0,0,0,0,0,0,0,0,36,0,47,0,0,3,16,0,0,28,52,16,2,0,0,0,0,0,0,0,5,0,0,0,0,0,0,0,0,0,0,0,0,0,0,0,0,0,0,0,0,0,0,0,0,0,0,25,0,0,0,162,109,132,18,0,0,0
40,392,437,174,69,0,7,53,3,0,7,60,0,0,364,161,77,66,341,0,129,0,0,350,92,95,110,0,92,18,27,0,31,0,0,0,11,0,189,0,0,0,0,0,76,0,31,0,15,0,7,0,16,0,38,0,0,0,0,0,13,17,67,12,0,0,0,0,0,0,0,0,0,0,0,0,0,0,0,0,0,0,0,0,147,0,0,0,0,0,0,0,0,0,0,0,171,0,0,0,0,0,0,0,0,0,0,0,0,0,0,0,0,0,0,0,0,0,0,0,0,0,23,0,10,0,22,0,0,0,14,0,0,0,126,0,587,0,0,0,91,0,394,0,0,0,0,0,0,0,38,0,9,0,36,0,1,0,0,0,0,0,0,0,5,0,0,0,0,0,19,0,94,5,3,0,65,66,0,0,0,0,51,0,0,0,0,0,0,0,0,0,0,0,0,0,0,0,28,0,93,0,5,0,0,0,0,0,39,0,75,28,79,0,80,0,1,2,0,0,0,0,0,0,0
131,100,219,332,156,126,0,21,0,0,78,31,0,0,130,251,42,114,0,86,62,259,350,0,8,71,0,13,0,100,11,62,12,42,0,32,0,25,0,60,0,0,0,12,0,16,0,0,0,0,0,12,0,26,0,41,0,0,0,0,0,61,0,194,0,0,0,0,0,0,0,0,0,0,0,4,0,0,0,13,0,102,0,0,0,479,0,0,0,0,0,0,0,0,0,0,0,107,0,156,0,0,0,0,0,0,0,0,0,0,0,0,0,0,0,0,0,0,0,0,0,19,0,0,0,0,0,0,0,0,0,0,0,15,0,406,0,298,0,27,0,0,0,114,0,0,0,0,0,0,0,0,0,0,0,10,0,2,0,2,0,0,0,0,0,4,8,0,0,30,0,4,0,26,0,0,60,63,0,16,0,0,0,8,0,0,0,0,0,0,0,0,0,0,0,0,0,0,0,0,0,136,0,0,0,0,0,0,0,0,0,0,50,0,17,0,0,1,117,44,34,12,0,0,0
14,107,86,0,2,0,218,131,65,243,0,0,0,0,45,0,76,23,57,0,20,0,92,8,0,143,0,0,37,0,3,0,0,0,0,0,0,0,23,0,0,0,0,0,20,0,6,0,11,0,0,0,105,33,87,76,14,0,0,0,46,7,198,84,0,0,0,0,0,0,3,0,0,0,0,0,0,0,0,0,0,0,0,0,0,1,0,0,0,0,0,0,0,0,0,0,44,0,5,0,0,0,0,0,0,0,0,0,0,0,0,0,0,0,0,0,0,0,0,0,0,1,0,0,0,0,14,0,48,0,59,0,0,0,45,0,318,0,28,0,57,2,142,1,0,0,0,0,7,0,6,0,0,1,70,0,0,0,34,0,21,0,0,0,0,0,0,0,0,0,11,8,22,0,1,0,32,37,0,0,0,0,26,0,0,0,0,0,0,0,0,0,0,0,0,0,0,0,0,0,30,0,0,0,0,0,5,0,8,0,38,19,67,56,35,0,4,0,22,0,12,0,0,0,0
244,29,220,119,0,18,127,354,58,18,0,1,0,0,0,95,20,34,0,34,0,203,95,71,143,0,0,10,1,31,0,44,0,25,0,0,0,0,0,41,0,0,0,0,0,0,0,0,1,0,0,0,0,7,0,125,0,25,0,0,6,94,10,189,0,0,0,0,0,0,0,0,0,0,0,0,0,0,0,0,0,0,0,0,0,28,0,0,0,0,0,0,0,0,0,0,0,16,0,0,0,0,0,0,0,0,0,0,0,0,0,0,0,0,0,0,0,0,0,0,0,1,0,0,0,8,0,0,0,11,0,19,0,26,0,281,0,332,0,30,0,0,0,18,1,0,0,0,0,0,0,0,0,0,0,7,0,0,0,2,0,0,0,0,0,0,0,3,0,8,0,20,0,19,0,0,66,66,0,0,0,0,9,9,0,0,0,0,0,1,0,0,0,0,0,0,0,0,0,0,0,51,0,2,0,0,0,0,0,28,11,1,0,0,39,0,0,0,107,16,36,0,0,0,0
17,0,41,0,105,0,0,0,9,0,34,12,112,260,113,0,106,0,235,374,140,188,110,0,0,0,0,428,17,0,11,8,0,0,22,0,169,0,0,0,25,96,301,113,182,21,100,130,36,0,452,80,0,0,0,0,0,0,0,0,0,0,0,0,0,0,0,0,0,0,0,0,0,0,0,0,0,0,0,0,0,0,0,0,0,0,0,0,3,0,0,0,0,0,0,0,0,0,0,0,0,0,0,0,0,0,0,0,0,0,0,0,0,0,0,0,0,0,0,0,0,0,0,0,0,0,18,0,0,0,11,0,0,0,0,0,0,0,0,0,0,0,0,0,39,0,0,0,62,0,0,0,0,0,0,0,0,0,0,0,0,0,0,0,163,0,7,0,26,0,0,0,0,0,73,0,64,34,38,0,118,0,64,0,0,0,60,11,0,0,0,0,0,0,0,0,3,0,0,0,0,0,0,0,0,0,0,0,0,0,28,136,350,0,0,0,0,9,0,0,0,0,0,0,0
0,145,0,91,0,108,0,31,0,0,0,111,173,99,0,144,0,0,66,430,0,177,0,13,0,10,428,0,0,7,0,2,0,7,0,97,0,14,0,0,252,8,53,202,28,275,128,155,0,50,46,258,0,14,0,0,0,0,0,0,0,0,0,0,0,0,0,0,0,7,0,0,0,0,0,11,0,0,0,0,0,0,0,0,0,147,0,0,0,0,0,0,0,2,0,0,0,0,0,0,0,42,0,16,0,0,0,0,0,0,0,0,0,0,0,0,0,0,0,3,0,0,0,0,0,0,0,0,0,0,0,43,0,0,0,0,0,105,0,0,0,28,0,0,0,0,0,0,0,69,0,0,0,102,0,40,0,0,0,25,0,0,0,0,0,111,0,0,0,139,0,8,0,0,0,0,0,163,0,30,0,49,0,0,0,0,35,42,0,0,0,0,0,0,0,0,0,0,0,0,0,0,0,0,0,0,0,0,0,0,0,0,0,0,18,0,0,0,103,194,398,0,0,0,0
59,0,222,0,0,0,0,0,2,0,0,0,0,0,2,0,154,0,3,0,26,0,92,0,37,1,17,0,0,0,13,0,17,0,12,0,21,0,22,0,0,0,43,0,24,0,0,0,0,0,20,0,5,0,0,0,0,0,0,0,4,0,17,0,0,0,0,0,0,0,35,0,0,0,52,0,0,0,0,0,0,0,0,0,145,0,0,0,0,0,0,0,0,0,0,0,84,0,0,0,0,0,0,0,0,0,0,0,0,0,0,0,0,0,0,0,0,0,0,0,24,0,50,0,0,0,0,0,0,0,0,0,0,0,0,0,0,0,71,0,80,0,97,0,39,0,0,0,0,0,0,0,0,0,10,0,0,0,14,0,0,0,2,0,0,0,0,0,0,0,0,0,0,0,0,0,0,1,3,0,0,0,18,0,0,0,0,0,0,0,0,0,0,0,0,0,0,0,0,0,0,0,0,0,0,0,0,0,3,0,0,0,0,0,0,0,0,0,0,0,0,0,0,0,0
3,28,0,68,0,15,1,13,0,3,0,5,0,0,1,39,0,67,0,0,1,92,18,100,0,31,0,7,0,0,0,63,0,64,0,56,0,32,1,58,0,0,0,39,0,5,0,0,0,0,0,35,0,8,0,14,0,24,0,0,0,40,0,116,0,0,0,0,0,0,0,0,0,0,0,0,0,0,0,0,0,31,0,0,0,132,0,0,0,0,0,0,0,0,0,0,0,0,0,0,0,0,0,0,0,0,0,0,0,0,0,0,0,0,0,0,0,0,0,0,0,0,0,10,0,0,0,0,0,0,0,0,0,0,0,142,0,119,0,316,0,150,0,226,0,15,0,0,0,1,0,0,0,0,0,26,0,0,0,22,0,0,0,0,0,0,0,0,0,0,0,0,0,6,0,0,0,9,0,1,0,0,0,0,0,0,0,0,0,0,0,0,0,0,0,0,0,0,0,0,0,0,0,0,0,0,0,0,0,0,0,0,0,0,2,0,0,0,0,0,0,0,0,0,0
10,0,14,0,152,31,0,0,0,0,72,15,11,0,195,20,93,0,27,11,75,14,27,11,3,0,11,0,13,0,0,0,1,2,10,0,28,0,0,0,0,0,53,0,16,0,0,0,0,0,39,0,0,0,0,0,0,0,0,0,1,0,6,0,0,0,0,0,0,0,32,0,0,0,38,0,0,0,0,0,54,0,0,0,161,0,0,0,0,0,0,0,0,0,0,0,124,0,0,0,0,0,0,0,0,0,0,0,0,0,0,0,0,0,0,0,0,0,0,0,17,0,26,0,0,0,0,0,0,0,0,0,0,0,0,0,0,0,0,0,27,1,0,0,32,0,0,0,0,0,0,0,0,0,0,0,0,0,0,0,0,0,0,0,13,0,45,0,33,0,0,0,41,0,0,0,36,11,16,0,0,0,3,0,0,0,0,0,0,0,0,0,0,0,0,0,0,0,0,0,0,0,0,0,0,0,0,0,0,0,30,34,83,0,17,0,0,0,0,0,0,0,0,0,0
0,4,0,18,5,116,0,0,0,0,0,28,13,16,0,134,0,42,0,97,7,60,0,62,0,44,8,2,0,63,0,0,0,3,0,4,0,0,0,6,0,0,0,27,0,0,0,0,0,0,0,16,0,10,0,0,0,0,0,0,0,0,0,44,0,0,0,0,0,0,0,0,0,0,0,0,0,0,0,0,0,0,0,0,0,0,0,0,0,0,0,0,0,0,0,0,0,0,0,0,0,0,0,0,0,0,0,0,0,0,0,0,0,0,0,0,0,0,0,0,0,0,0,0,0,0,0,0,0,0,0,0,0,0,0,107,0,0,0,0,0,52,0,105,0,0,0,0,0,0,0,0,0,0,0,0,0,0,0,0,0,0,0,0,0,0,0,17,0,0,0,0,0,5,0,0,0,11,0,0,1,0,0,0,0,0,0,0,0,0,0,0,0,0,0,0,0,0,0,0,0,0,0,0,0,0,0,0,0,0,0,1,0,0,9,0,0,0,0,25,34,0,0,0,0
34,0,98,0,177,0,2,0,0,0,118,0,0,0,49,23,57,0,0,0,7,0,31,12,0,0,0,0,17,0,1,0,0,0,5,0,69,0,2,0,0,0,21,0,41,0,1,0,6,0,7,0,1,0,0,0,0,0,0,0,5,0,3,0,0,0,0,0,0,0,61,0,0,0,60,0,0,0,0,0,89,0,0,0,179,0,0,0,0,0,0,0,0,0,0,0,135,0,85,0,0,0,0,0,0,0,0,0,0,0,0,0,0,0,0,0,0,0,0,0,33,0,35,0,0,0,0,0,0,0,0,0,0,0,0,0,0,0,24,0,30,0,55,0,71,0,0,0,0,0,0,0,0,0,3,0,0,0,0,0,0,0,12,0,0,0,51,0,12,0,0,0,61,0,0,0,66,0,27,0,25,0,15,0,0,0,0,0,0,0,0,0,0,0,0,0,0,0,0,0,0,0,0,0,0,0,0,0,0,0,15,22,93,0,18,0,0,0,0,0,0,0,0,0,0
0,16,0,63,0,237,0,0,0,0,0,78,0,2,14,322,0,35,0,10,0,24,0,42,0,25,0,7,0,64,2,3,0,0,0,10,0,37,0,2,0,0,0,11,0,13,0,0,0,0,0,4,0,3,0,9,0,0,0,0,0,0,0,22,0,0,0,0,0,0,0,0,0,0,0,0,0,0,0,0,0,0,0,0,0,155,0,19,0,0,0,0,0,0,0,0,0,0,0,0,0,0,0,0,0,0,0,0,0,0,0,0,0,0,0,0,0,0,0,0,0,0,0,0,0,0,0,0,0,0,0,0,0,0,0,95,0,47,0,35,0,63,0,73,0,0,0,0,0,0,0,0,0,0,0,6,0,0,0,0,0,0,0,0,0,1,0,17,0,9,0,5,0,11,0,0,0,14,0,2,0,0,0,0,0,0,0,0,0,0,0,0,0,0,0,0,0,0,0,0,0,0,0,0,0,0,0,0,0,0,0,0,0,0,0,0,0,0,0,0,21,0,0,0,0
3,0,0,0,202,0,0,0,0,0,22,17,197,40,137,24,24,0,378,107,77,77,0,0,0,0,22,0,12,0,10,0,5,0,0,0,247,0,1,0,3,0,35,0,9,0,0,0,5,0,84,0,0,0,0,0,0,0,0,0,4,0,0,0,0,0,0,0,0,0,19,0,0,0,16,0,0,0,0,0,0,0,0,0,0,0,0,0,0,0,0,0,0,0,0,0,0,0,0,0,0,0,0,0,0,0,0,0,0,0,0,0,0,0,0,0,0,0,0,0,0,0,0,0,0,0,0,0,0,0,0,0,0,0,0,0,0,0,0,0,0,0,0,0,29,0,0,0,2,0,0,0,0,0,0,0,0,0,0,0,0,0,0,0,92,0,61,0,51,0,0,0,11,0,0,0,59,0,55,0,0,0,0,0,0,0,1,0,0,0,0,0,0,0,0,0,0,0,0,0,0,0,0,0,0,0,0,0,0,0,0,77,212,0,0,0,0,0,0,0,0,0,0,0,0
0,0,0,0,0,205,0,6,0,0,0,50,0,271,0,63,0,0,0,351,0,141,0,32,0,0,0,97,0,56,0,4,0,10,0,0,0,73,0,9,0,0,0,7,0,7,0,0,0,3,0,50,0,0,0,0,0,0,0,0,0,0,0,31,0,0,0,0,0,0,0,8,0,0,0,0,0,0,0,0,0,0,0,0,0,0,0,51,0,0,0,0,0,0,0,0,0,0,0,0,0,0,0,0,0,0,0,0,0,0,0,0,0,0,0,0,0,0,0,0,0,0,0,18,0,0,0,0,0,0,0,0,0,0,0,0,0,0,0,0,0,99,0,169,0,34,0,3,0,0,0,0,0,0,0,0,0,0,0,4,0,0,0,0,0,46,0,186,0,109,0,0,0,16,0,0,0,42,0,0,0,0,0,0,0,0,0,11,0,0,0,0,0,0,0,0,0,0,0,0,0,0,0,0,0,0,0,0,0,0,0,0,0,0,0,0,0,0,0,54,162,14,0,0,0
44,0,56,0,271,0,0,0,0,0,104,0,46,0,105,0,6,0,67,0,7,15,11,0,0,0,169,0,21,0,28,0,69,0,247,0,0,0,106,0,0,0,43,1,67,0,2,0,3,0,101,0,0,0,0,0,0,0,0,0,63,0,10,0,0,0,0,0,0,0,74,0,0,0,66,0,0,0,0,0,72,0,0,0,118,0,0,0,0,0,0,0,0,0,0,0,99,0,0,0,19,0,0,0,0,0,0,0,0,0,0,0,0,0,0,0,0,0,0,0,0,0,43,0,0,0,0,0,0,0,0,0,0,0,0,0,0,0,123,0,123,0,45,0,191,0,0,0,0,0,0,0,0,0,10,0,24,0,0,0,0,0,31,0,49,0,79,0,57,0,26,0,87,0,0,0,76,0,21,0,0,0,9,0,0,0,0,0,4,0,0,0,0,0,0,0,0,0,0,0,0,0,0,0,0,0,0,0,0,0,17,26,134,17,17,0,2,0,0,0,0,0,0,0,0
0,98,0,110,0,168,0,0,0,0,0,68,0,49,0,134,2,32,5,99,0,22,0,25,0,0,0,14,0,32,0,0,0,37,0,73,0,0,0,23,0,0,0,27,0,9,0,0,0,0,0,33,0,0,0,0,0,0,0,0,0,17,0,15,0,0,0,0,0,0,0,11,0,0,0,9,0,0,0,0,0,0,0,0,0,181,0,0,0,0,0,0,0,0,0,0,0,0,0,0,0,0,0,0,0,0,0,0,0,0,0,0,0,0,0,0,0,0,0,0,0,0,0,26,0,0,0,0,0,0,0,0,0,0,0,0,0,0,0,146,0,269,0,175,0,92,0,0,0,0,0,0,0,0,0,15,0,39,0,8,0,0,0,10,0,13,0,96,0,83,0,25,3,41,0,0,0,27,0,8,0,0,0,1,0,3,0,6,0,0,0,0,0,0,0,0,0,0,0,0,0,0,0,0,0,0,0,0,0,0,0,0,0,0,0,0,0,0,0,4,81,6,0,0,0
447,14,546,0,192,0,0,0,26,0,76,0,0,0,6,22,97,0,0,0,4,0,189,0,23,0,0,0,22,1,0,0,2,0,1,0,106,0,0,0,0,0,7,0,13,0,0,0,0,0,4,0,11,0,2,0,0,0,0,0,35,0,19,0,0,0,0,0,0,0,11,0,0,0,20,0,0,0,0,0,0,0,0,0,0,0,0,0,0,0,0,0,0,0,0,0,41,0,0,0,0,0,0,0,0,0,0,0,0,0,0,0,0,0,0,0,0,0,0,0,0,0,0,0,0,0,0,0,0,0,0,0,0,0,0,0,0,0,57,0,26,0,0,0,43,0,0,0,0,0,0,0,0,0,11,0,45,0,11,0,0,0,0,0,0,0,22,0,0,0,6,0,98,0,0,0,127,13,25,0,0,0,98,0,0,0,0,0,0,0,0,0,0,0,0,0,0,0,0,0,0,0,0,0,0,0,0,0,0,0,0,2,16,2,0,0,0,0,0,0,0,0,0,0,0
0,171,0,305,0,86,0,73,1,5,0,23,0,0,0,127,0,77,0,1,0,12,0,60,0,41,0,0,0,58,0,6,0,2,0,9,0,23,0,0,0,0,0,4,0,5,0,0,0,0,0,4,0,0,0,0,0,3,0,0,0,11,0,13,0,0,0,0,0,0,0,0,0,0,0,0,0,0,0,0,0,0,0,0,0,0,0,0,0,0,0,0,0,0,0,0,0,0,0,0,0,0,0,0,0,0,0,0,0,0,0,0,0,0,0,0,0,0,0,0,0,0,0,0,0,0,0,0,0,0,0,0,0,0,0,0,0,0,0,42,0,21,0,12,0,15,0,0,0,0,0,0,0,0,0,13,0,34,0,13,0,0,0,0,0,0,0,2,0,0,0,0,0,12,0,0,0,26,0,13,0,0,0,0,0,0,0,0,0,0,0,0,0,0,0,0,0,0,0,0,0,9,0,0,0,0,0,0,0,0,0,0,0,0,0,0,0,0,0,0,0,0,0,0,0
0,1,21,0,47,0,0,0,0,0,13,0,101,110,7,0,0,0,0,54,0,0,0,0,0,0,25,252,0,0,0,0,0,0,3,0,0,0,0,0,0,220,126,24,76,42,162,294,197,0,33,10,0,0,0,0,0,0,0,0,0,0,0,0,0,0,0,0,0,0,0,0,0,0,0,0,0,0,0,0,0,0,0,0,0,0,0,0,0,0,0,0,0,0,0,0,0,0,0,0,0,0,0,0,0,0,0,0,0,0,0,0,0,0,0,0,0,0,0,0,0,0,0,0,0,0,0,0,0,0,0,0,0,0,0,0,0,0,0,0,0,0,0,0,0,0,0,0,0,0,0,0,0,0,0,0,0,0,0,0,0,0,0,0,0,0,0,0,0,0,0,0,0,0,0,0,101,54,36,0,104,0,22,0,36,0,152,0,0,0,0,0,0,0,0,0,0,0,0,0,0,0,0,0,0,0,0,0,0,0,0,80,56,0,0,0,0,17,0,0,0,0,0,0,0
0,0,0,0,0,27,0,0,0,0,0,78,16,166,0,0,0,0,0,0,0,0,0,0,0,0,96,8,0,0,0,0,0,0,0,0,0,0,0,0,220,0,14,7,63,16,237,72,21,222,9,4,0,0,0,0,0,0,0,0,0,0,0,0,0,0,0,0,0,0,0,0,0,0,0,0,0,0,0,0,0,1,0,0,0,0,0,0,0,0,0,0,0,0,0,0,0,0,0,0,0,0,0,0,0,0,0,0,0,0,0,0,0,0,0,0,0,0,0,0,0,0,0,0,0,0,0,0,0,0,0,0,0,1,0,0,0,0,0,0,0,0,0,0,0,0,0,0,0,0,0,0,0,12,0,0,0,0,0,0,0,0,0,0,0,29,0,0,0,0,0,0,0,0,0,0,3,107,0,4,0,12,0,0,0,0,40,30,0,0,0,0,0,0,0,0,0,0,0,0,0,0,0,0,0,0,0,0,0,0,0,0,0,0,0,0,0,0,0,65,19,0,0,0,21
0,0,0,0,0,0,0,0,0,0,0,0,257,0,0,0,17,0,47,0,40,0,0,0,0,0,301,53,43,0,53,0,21,0,35,0,43,0,7,0,126,14,0,0,184,0,108,20,74,0,88,0,1,0,0,0,0,0,0,0,6,0,0,0,0,0,0,0,0,0,0,0,0,0,0,0,0,0,0,0,0,0,0,0,0,0,0,0,0,0,0,0,0,0,0,0,0,0,0,0,0,0,0,0,0,0,0,0,0,0,0,0,0,0,0,0,0,0,0,0,0,0,0,0,0,0,0,0,0,0,0,0,0,0,0,0,0,0,0,0,0,0,0,0,0,0,0,0,0,0,0,0,0,0,0,0,0,0,0,0,0,0,0,0,39,0,15,0,0,0,3,0,9,0,0,0,0,0,25,0,0,0,0,0,0,0,88,0,0,0,0,0,0,0,0,0,0,0,0,0,0,0,0,0,0,0,0,0,0,0,63,53,54,18,21,0,2,2,0,0,0,0,0,0,0
0,0,0,0,0,0,0,0,0,0,0,10,29,89,0,34,0,0,0,66,0,156,0,12,0,0,113,202,0,39,0,27,0,11,0,7,1,27,0,4,24,7,0,0,0,159,28,38,0,61,0,57,0,0,0,0,0,0,0,0,0,0,0,0,0,0,0,0,0,0,0,29,0,0,0,22,0,0,0,0,0,174,0,0,0,313,0,0,0,0,0,0,0,0,0,0,0,25,0,107,0,0,0,0,0,0,0,0,0,0,0,0,0,0,0,0,0,0,0,0,0,60,0,0,0,0,0,0,0,0,0,0,0,0,0,0,0,0,0,0,0,138,0,136,0,51,0,0,0,0,0,0,0,0,0,6,0,0,0,0,0,0,0,0,0,36,0,13,0,48,0,0,0,12,0,0,0,22,0,0,0,0,0,0,0,0,0,63,0,0,0,0,0,0,0,0,0,0,0,0,0,0,0,0,0,0,0,0,0,0,0,0,0,0,0,0,0,0,40,63,154,10,0,0,1
17,0,23,0,33,5,0,0,12,2,21,0,66,0,0,0,81,0,72,0,95,0,76,0,20,0,182,28,24,0,16,0,41,0,9,0,67,0,13,0,76,63,184,0,0,7,265,73,190,37,95,0,0,0,0,0,0,0,0,0,1,0,0,0,0,0,0,0,0,0,217,0,42,0,263,0,0,0,0,0,0,0,0,0,664,0,0,0,0,0,0,0,0,0,0,0,0,0,321,0,0,0,0,0,0,0,0,0,0,0,0,0,0,0,0,0,0,0,0,0,119,0,0,0,0,0,0,0,0,0,0,0,0,0,0,0,0,0,0,0,166,0,0,0,203,0,0,0,0,0,0,0,123,0,0,0,0,0,0,0,0,0,41,0,163,0,46,0,45,0,18,0,51,0,0,0,38,8,62,0,86,0,47,0,0,0,45,0,0,0,2,0,0,0,0,0,0,0,0,0,0,0,0,0,0,0,0,0,0,0,71,101,202,31,34,0,0,57,0,1,0,0,0,0,0
0,0,0,0,0,0,0,0,0,0,0,19,0,57,0,0,0,0,0,72,0,136,0,16,0,0,21,275,0,5,0,0,0,13,0,7,0,9,0,5,42,16,0,159,7,0,52,219,0,180,0,68,0,0,0,4,0,0,0,0,0,0,0,45,0,0,0,0,0,10,0,82,0,0,0,72,0,14,0,34,0,423,0,38,0,746,0,182,0,0,0,0,0,6,0,37,0,0,0,0,0,108,0,13,0,0,0,0,0,0,0,0,0,0,0,0,0,0,0,0,0,211,0,129,0,0,0,0,0,0,0,0,0,0,0,0,0,0,0,0,0,222,0,274,0,95,0,0,0,0,0,0,0,0,0,0,0,0,0,4,0,0,0,0,0,204,0,11,0,99,0,0,0,23,0,0,0,20,0,1,0,0,0,0,0,0,3,14,0,7,0,0,0,0,0,0,0,0,0,0,0,0,0,0,0,0,0,0,0,0,0,2,0,0,0,0,0,0,91,85,203,18,1,0,23
9,0,16,0,77,0,0,0,12,0,31,0,192,64,0,3,0,0,0,0,0,0,31,0,6,0,100,128,0,0,0,0,1,0,0,0,2,0,0,0,162,237,108,28,265,52,0,298,285,62,22,0,0,0,1,0,0,0,0,0,0,0,0,0,0,0,1,0,0,0,0,0,0,0,8,0,0,0,0,0,0,0,0,0,0,0,0,0,0,0,0,0,0,0,0,0,0,0,0,0,0,0,0,0,0,0,0,0,0,0,0,0,0,0,0,0,0,0,0,0,0,0,0,0,5,0,0,0,0,0,0,0,0,0,0,0,56,0,0,0,0,0,0,0,0,0,0,0,0,0,0,0,39,0,0,0,0,0,0,0,0,0,0,0,47,0,0,0,0,0,0,0,0,0,0,0,24,37,34,0,0,0,17,0,0,0,97,7,0,0,0,0,0,0,0,0,0,0,0,0,0,0,0,0,0,0,0,0,0,0,12,233,90,0,4,0,0,57,0,9,0,0,0,0,0
0,54,0,13,0,96,0,11,0,6,0,110,0,281,0,2,0,0,0,26,0,0,0,0,0,0,130,155,0,0,0,0,0,0,0,0,0,0,0,0,294,72,20,38,73,219,298,0,31,125,0,4,0,0,0,0,0,1,0,0,0,0,0,0,0,0,0,0,0,0,0,0,0,0,0,0,0,0,0,0,0,0,0,0,0,0,0,0,0,4,0,0,0,0,0,0,0,0,0,0,0,0,0,0,0,0,0,0,0,0,0,0,0,0,0,0,0,0,0,0,0,0,0,0,0,0,0,9,0,0,0,0,0,0,0,0,0,0,0,0,0,0,0,0,0,0,0,0,0,0,0,0,0,0,0,0,0,0,0,0,0,0,0,0,0,90,0,0,0,0,0,0,0,0,0,0,0,68,0,5,0,0,0,0,0,0,51,37,0,0,0,0,0,0,0,0,0,0,0,0,0,0,0,0,0,0,0,0,0,0,0,0,0,0,0,0,0,0,0,282,117,0,0,0,13
21,0,24,0,33,0,48,0,13,0,0,0,20,0,0,2,4,0,0,0,0,0,15,0,11,1,36,0,0,0,0,0,6,0,5,0,3,0,0,0,197,21,74,0,190,0,285,31,0,75,35,0,13,0,33,0,27,0,28,0,6,0,8,0,0,0,4,0,6,0,0,0,0,0,0,0,0,0,0,0,2,0,13,0,0,0,6,0,7,0,0,0,9,0,15,0,0,0,8,0,8,0,17,0,0,0,10,0,0,0,0,0,0,0,0,0,0,0,0,0,0,0,5,0,2,0,0,0,0,0,2,0,0,0,11,4,19,0,0,0,0,0,17,1,0,0,0,1,0,0,0,0,0,0,0,0,6,0,0,0,5,0,0,0,18,0,4,0,6,0,3,0,3,0,0,0,74,16,16,0,0,0,0,0,0,0,267,0,0,0,1,0,4,0,4,0,0,0,7,0,0,0,13,0,13,0,0,0,0,0,33,84,261,5,162,0,1,9,0,8,0,0,0,0,0
0,21,0,6,0,8,0,5,0,3,0,39,0,96,0,0,0,0,0,7,0,6,0,0,0,0,0,50,0,0,0,0,0,0,0,3,0,0,0,0,0,222,0,61,37,180,62,125,75,0,0,24,0,9,0,0,0,1,0,0,0,0,0,0,0,0,0,0,0,4,0,8,0,0,0,10,0,4,0,0,0,0,0,5,0,31,0,0,0,2,0,0,0,1,0,7,0,0,0,11,0,8,0,2,0,0,0,0,0,1,0,0,0,1,0,0,0,0,0,0,0,4,0,5,0,0,0,0,0,0,0,0,0,0,0,0,0,9,0,0,0,0,0,0,0,9,0,0,0,0,0,124,0,78,0,7,0,0,0,5,0,0,0,1,0,76,0,0,0,0,0,2,0,4,0,18,0,93,0,26,0,99,0,0,0,0,54,100,0,0,0,0,0,0,0,0,0,0,0,0,0,0,0,0,0,0,0,0,0,0,0,0,0,0,7,0,0,0,51,43,41,6,0,0,3
4,0,0,0,90,0,0,0,0,0,4,10,466,38,9,0,11,0,263,86,51,38,7,0,0,0,452,46,20,0,39,0,7,0,84,0,101,0,4,0,33,9,88,0,95,0,22,0,35,0,0,0,0,0,0,0,0,0,0,0,4,0,0,0,0,0,0,0,0,0,12,0,0,0,0,0,0,0,7,0,0,0,0,0,0,0,0,0,1,0,0,0,0,0,0,0,0,0,0,0,0,0,0,0,0,0,0,0,0,0,0,0,0,0,0,0,0,0,0,0,0,0,0,0,1,0,0,0,0,0,0,0,0,0,0,0,0,0,0,0,0,0,0,0,17,0,0,0,0,0,0,0,0,0,0,0,2,0,0,0,0,0,7,0,101,0,26,0,34,0,14,0,48,0,0,0,25,0,38,0,0,0,7,0,0,0,24,0,0,0,0,0,0,0,0,0,0,0,0,0,0,0,0,0,0,0,0,0,0,0,71,53,222,45,22,0,0,7,0,0,0,0,0,0,0
0,0,0,10,0,33,0,0,0,0,0,7,0,141,0,25,0,3,0,165,0,91,0,12,0,0,80,258,0,35,0,16,0,4,0,50,0,33,0,4,10,4,0,57,0,68,0,4,0,24,0,0,0,0,0,0,0,0,0,0,0,3,0,0,0,0,0,0,0,13,0,37,0,7,0,26,0,5,0,0,0,142,0,0,0,259,0,83,0,0,0,12,0,0,0,18,0,0,0,0,0,22,0,6,0,0,0,0,0,0,0,0,0,0,0,0,0,0,0,0,0,76,0,0,1,0,0,0,0,0,0,0,0,0,0,0,0,0,0,39,0,114,0,141,0,56,0,0,0,0,0,0,0,0,0,0,0,4,0,0,0,0,0,14,0,35,0,30,0,150,0,25,0,44,0,0,0,12,0,0,0,0,0,0,0,0,0,33,0,0,0,0,0,2,0,9,0,0,0,0,0,0,0,0,0,0,0,0,0,0,0,0,0,0,40,0,0,0,52,46,141,0,0,1,2
13,0,44,0,4,0,335,13,250,91,0,0,0,0,0,0,171,2,5,0,0,0,16,0,105,0,0,0,5,0,0,0,1,0,0,0,0,0,11,0,0,0,1,0,0,0,0,0,13,0,0,0,0,14,144,35,218,3,15,25,29,0,75,12,1,5,3,57,0,0,1,0,0,0,0,0,0,0,0,0,0,0,0,0,0,0,0,0,1,0,0,0,0,0,0,0,0,0,0,0,0,0,0,0,0,0,0,0,0,0,0,0,0,0,0,0,0,0,0,0,0,0,11,0,0,0,0,0,49,0,12,0,21,0,8,0,168,0,303,0,124,0,105,0,54,0,0,0,1,0,0,0,0,0,354,0,55,0,207,0,31,0,8,0,0,0,0,1,0,0,146,0,0,0,0,0,40,4,0,0,0,0,6,0,8,4,0,0,0,0,0,0,0,0,0,0,0,0,0,0,12,0,0,0,0,0,0,0,0,0,20,19,281,179,62,0,49,0,0,4,0,0,0,0,0
0,22,0,0,0,0,62,117,71,227,0,2,0,0,0,7,0,83,0,15,0,16,0,26,33,7,0,14,0,8,0,10,0,3,0,0,0,0,0,0,0,0,0,0,0,0,0,0,0,9,0,0,14,0,31,117,4,114,6,35,1,33,7,118,0,0,6,12,0,0,0,0,0,0,0,0,0,0,0,0,0,0,0,0,0,0,0,0,0,0,0,0,0,0,0,0,0,0,0,0,0,1,0,0,0,0,0,0,0,0,0,0,0,0,0,0,0,0,0,0,0,0,0,4,0,0,0,0,0,49,0,0,0,12,0,38,0,96,0,248,0,47,0,32,0,48,0,0,0,0,0,0,0,0,0,168,0,127,0,73,0,6,0,0,0,0,0,0,0,0,0,20,0,6,0,0,22,146,0,1,0,0,1,10,0,51,0,0,0,0,0,0,0,0,0,0,0,0,0,0,0,0,0,0,0,0,0,0,0,0,4,2,0,2,16,0,0,0,11,21,7,0,0,0,0
0,0,57,0,0,0,325,0,87,152,0,0,0,0,0,0,5,0,0,0,0,0,38,0,87,0,0,0,0,0,0,0,0,0,0,0,0,0,2,0,0,0,0,0,0,0,1,0,33,0,0,0,144,31,0,97,37,11,22,40,12,0,18,15,11,0,15,178,0,0,1,0,0,0,0,0,0,0,0,0,0,0,0,0,0,0,0,0,0,0,0,0,0,0,0,0,0,0,0,0,0,0,0,0,0,0,0,0,0,0,0,0,0,0,0,0,0,0,0,0,0,0,0,0,0,0,8,0,24,0,52,0,16,0,12,0,81,0,7,0,0,0,11,0,0,1,0,0,7,0,0,0,0,0,98,10,33,0,31,0,37,0,0,0,0,0,0,0,5,0,126,0,9,0,0,0,5,0,0,0,0,0,0,0,7,13,0,0,0,0,0,0,0,0,0,0,0,0,0,0,0,0,0,0,0,0,0,0,5,0,218,71,393,348,272,0,124,0,9,7,3,0,0,0,0
11,13,2,27,0,18,138,363,237,282,0,3,0,11,0,97,7,33,0,14,0,0,0,41,76,125,0,0,0,14,0,0,0,9,0,0,0,0,0,0,0,0,0,0,0,4,0,0,0,0,0,0,35,117,97,0,7,217,29,94,0,22,53,62,0,3,58,12,0,0,0,0,0,0,0,0,0,0,0,0,0,0,0,0,0,9,0,0,0,0,0,0,0,0,0,0,0,0,0,0,0,0,0,0,0,0,0,0,0,0,0,0,0,0,0,0,0,0,0,0,0,0,0,0,0,11,0,7,0,32,0,74,0,43,0,40,0,157,0,60,0,0,0,6,0,0,0,0,0,0,0,0,0,0,0,63,0,33,0,17,0,3,0,0,0,7,0,6,0,23,7,172,0,14,0,1,15,17,0,0,0,0,8,2,5,2,0,0,0,0,0,0,0,0,0,0,0,0,0,0,0,13,0,0,0,0,0,0,1,11,30,0,15,0,216,0,0,0,236,49,320,386,37,28,0
0,0,6,0,0,0,29,0,16,0,0,0,0,0,0,0,12,0,0,0,0,0,0,0,14,0,0,0,0,0,0,0,0,0,0,0,0,0,0,0,0,0,0,0,0,0,0,0,27,0,0,0,218,4,37,7,0,0,113,0,0,0,0,0,10,0,6,40,0,0,3,0,0,0,0,0,0,0,0,0,0,0,0,0,0,0,0,0,0,0,0,0,0,0,0,0,0,0,0,0,0,0,0,0,0,0,0,0,0,0,0,0,0,0,0,0,0,0,0,0,0,0,0,0,0,0,0,0,25,0,47,0,12,0,3,0,13,0,24,0,0,0,0,0,62,0,0,0,4,0,0,0,0,0,201,0,0,0,69,9,112,0,58,0,10,0,0,0,19,0,61,0,0,0,6,0,0,0,0,0,0,15,0,0,6,3,0,0,0,0,0,0,0,0,0,0,0,0,0,0,0,0,0,0,0,0,0,0,0,0,600,119,593,618,943,0,319,12,0,0,0,0,0,0,0
0,0,0,0,0,0,0,20,20,56,0,1,0,2,0,0,0,62,0,0,0,0,0,0,0,25,0,0,0,24,0,0,0,0,0,0,0,0,0,3,0,0,0,0,0,0,0,1,0,1,0,0,3,114,11,217,0,0,23,181,0,0,0,40,12,15,33,25,0,0,0,0,0,0,0,0,0,0,0,0,0,0,0,0,0,0,0,0,0,0,0,0,0,0,0,0,0,0,0,0,0,0,0,0,0,0,0,0,0,0,0,0,0,0,0,0,0,0,0,0,0,0,0,0,0,10,0,0,0,44,0,53,0,25,0,0,0,58,0,103,0,0,0,0,0,0,0,0,0,0,0,0,0,0,0,189,0,11,0,105,0,38,0,48,0,5,0,0,0,109,1,213,0,0,0,0,0,0,0,0,5,0,0,0,0,1,0,0,0,0,0,0,0,0,0,0,0,0,0,0,0,0,0,0,0,0,0,0,0,3,4,0,1,2,302,0,0,0,305,61,559,483,59,43,0
0,0,5,0,0,0,6,0,34,0,0,0,0,0,0,2,3,0,0,0,0,0,0,0,0,0,0,0,0,0,0,0,0,0,0,0,0,0,0,0,0,0,0,0,0,0,0,0,28,0,0,0,15,6,22,29,113,23,0,118,0,0,1,0,177,22,209,246,0,0,0,0,0,0,0,0,0,0,0,0,0,0,0,0,0,0,0,0,0,0,0,0,0,0,0,0,0,0,0,0,0,0,0,0,0,0,0,0,0,0,0,0,0,0,0,0,0,0,0,0,0,0,0,0,9,0,0,0,0,0,32,0,5,0,0,0,0,0,13,0,1,0,0,0,31,0,0,0,12,0,0,0,0,0,101,21,71,0,7,10,49,0,8,0,6,0,0,0,7,0,30,0,3,0,23,2,0,0,0,0,53,37,0,0,28,7,0,0,0,0,0,0,0,0,0,0,0,0,0,0,0,0,0,0,0,0,0,0,0,0,953,323,334,636,926,0,224,7,12,5,4,0,0,0,0
0,0,0,0,0,0,0,10,45,10,0,0,0,0,0,0,0,0,0,0,0,0,0,0,0,0,0,0,0,0,0,0,0,0,0,0,0,0,0,0,0,0,0,0,0,0,0,0,0,0,0,0,25,35,40,94,0,181,118,0,0,0,0,7,12,98,240,263,0,2,0,0,0,0,0,0,0,0,0,0,0,0,0,0,0,0,0,4,0,0,0,0,0,0,0,0,0,0,0,0,0,0,0,0,0,0,0,0,0,0,0,0,0,0,0,0,0,0,0,0,0,0,0,0,0,0,0,0,0,1,0,26,0,0,0,3,0,0,0,0,0,0,0,0,0,68,0,0,0,4,0,0,0,0,15,87,0,105,0,74,0,35,0,48,0,10,0,0,0,86,0,0,0,0,0,1,3,0,0,0,9,0,0,0,18,14,0,0,0,0,0,0,0,0,0,0,0,0,0,0,0,0,0,0,0,0,0,0,0,0,0,2,0,0,878,0,0,0,1064,198,687,823,123,71,0
186,0,205,0,0,0,450,0,210,0,0,0,0,0,0,0,47,0,0,0,0,0,13,0,46,6,0,0,4,0,1,0,5,0,4,0,63,0,35,0,0,0,6,0,1,0,0,0,6,0,4,0,29,1,12,0,0,0,0,0,0,0,70,0,0,0,0,3,0,0,11,0,0,0,9,0,0,0,0,0,0,0,0,0,0,0,0,0,0,0,0,0,0,0,0,0,0,0,0,0,0,0,0,0,0,0,0,0,0,0,0,0,0,0,0,0,0,0,0,0,0,0,0,0,0,0,0,0,0,0,0,0,0,0,0,0,0,0,188,0,116,0,25,0,210,0,0,0,0,0,0,0,0,0,21,0,77,0,23,0,0,0,3,0,0,0,0,0,1,0,126,0,119,0,0,0,88,0,0,0,0,0,13,0,0,0,0,0,0,0,0,0,0,0,0,0,0,0,0,0,0,0,0,0,0,0,0,0,0,0,0,15,117,72,0,0,0,0,0,0,0,0,0,0,0
0,465,0,196,0,15,0,461,0,128,0,2,0,0,0,12,0,132,0,0,0,0,17,61,7,94,0,0,0,40,0,0,0,0,0,0,0,17,0,11,0,0,0,0,0,0,0,0,0,0,0,3,0,33,0,22,0,0,0,0,0,0,0,87,0,0,0,0,0,0,0,0,0,0,0,3,0,1,0,0,0,0,0,0,0,0,0,0,0,0,0,0,0,0,0,0,0,0,0,0,0,0,0,0,0,0,0,0,0,0,0,0,0,0,0,0,0,0,0,0,0,0,0,0,0,0,0,0,0,0,0,0,0,0,0,0,0,0,0,38,0,50,0,11,0,70,0,0,0,0,0,0,0,0,0,13,0,177,0,8,0,2,0,7,0,0,0,3,0,2,0,89,0,68,0,0,0,153,0,25,0,0,0,91,0,0,0,0,0,0,0,0,0,0,0,0,0,0,0,0,0,0,0,0,0,0,0,0,0,0,0,1,0,0,0,0,0,0,4,83,32,18,0,0,0
198,0,399,0,0,0,423,21,204,95,0,0,0,0,26,0,514,2,0,0,51,0,67,0,198,10,0,0,17,0,6,0,3,0,0,0,10,0,19,0,0,0,0,0,0,0,0,0,8,0,0,0,75,7,18,53,0,0,1,0,70,0,0,26,0,0,1,9,0,0,6,0,0,0,11,0,0,0,0,0,0,0,0,0,25,0,0,0,0,0,0,0,0,0,0,0,0,0,0,0,0,0,0,0,0,0,0,0,0,0,0,0,0,0,0,0,0,0,0,0,0,0,0,0,0,0,0,0,0,0,0,0,0,0,0,0,21,0,100,0,60,0,44,0,27,0,0,0,0,0,0,0,0,0,25,0,16,0,21,0,0,0,0,0,0,0,1,0,3,0,32,0,21,0,0,0,50,5,0,0,0,0,22,0,3,1,0,0,0,0,0,0,0,0,0,0,0,0,1,0,0,0,0,0,0,0,0,0,2,0,5,8,61,69,26,0,0,1,5,0,0,0,0,0,0
23,195,11,71,0,0,67,521,63,225,0,0,0,1,0,18,7,522,0,0,0,104,12,194,84,189,0,0,0,116,0,44,0,22,0,31,0,15,0,13,0,0,0,0,0,45,0,0,0,0,0,0,12,118,15,62,0,40,0,7,0,87,26,0,0,0,0,0,0,0,0,0,0,0,0,0,0,0,0,0,0,0,0,0,0,0,0,0,0,0,0,0,0,0,0,0,0,0,0,0,0,0,0,0,0,0,0,0,0,0,0,0,0,0,0,0,0,0,0,0,0,0,0,0,0,0,0,0,0,0,0,0,0,0,0,0,0,55,0,140,0,35,0,18,0,7,0,0,0,0,0,0,0,0,0,25,0,19,0,13,0,0,0,0,0,0,0,0,0,0,0,14,3,9,0,0,14,128,0,9,0,0,4,37,0,5,0,0,0,0,0,0,0,0,0,0,0,0,0,0,0,0,0,0,0,0,0,0,0,0,0,0,5,0,6,0,0,0,5,13,15,0,0,1,0
5,0,0,0,0,0,16,0,62,0,0,0,0,0,0,0,0,0,0,0,0,0,0,0,0,0,0,0,0,0,0,0,0,0,0,0,0,0,0,0,0,0,0,0,0,0,0,0,0,0,0,0,1,0,11,0,10,12,177,12,0,0,0,0,0,0,160,11,0,0,10,4,0,0,0,0,0,0,0,0,0,0,0,0,0,0,5,0,0,0,0,0,0,0,0,0,0,0,0,0,0,0,0,0,0,0,0,0,0,0,0,0,0,0,0,0,0,0,0,0,0,0,1,2,3,0,0,0,0,0,23,0,0,0,0,0,0,0,25,79,8,22,0,0,93,0,9,0,36,0,0,0,0,0,1,0,4,0,0,25,311,77,9,0,0,0,0,0,0,0,0,0,0,0,37,0,0,0,0,0,173,67,0,0,105,0,0,0,0,0,0,0,0,0,0,0,0,0,0,0,0,0,0,0,0,0,0,0,1,0,111,0,0,0,39,0,0,0,11,0,0,0,0,0,0
0,18,0,0,0,0,0,0,0,115,0,2,0,0,0,0,0,0,0,0,0,0,0,0,0,0,0,0,0,0,0,0,0,0,0,0,0,0,0,0,0,0,0,0,0,0,0,0,0,0,0,0,5,0,0,3,0,15,22,98,0,0,0,0,0,0,21,247,0,0,0,89,2,48,0,0,0,0,0,0,2,0,0,0,0,0,0,72,0,0,0,0,0,0,0,0,0,0,0,0,0,0,0,0,0,0,0,0,0,0,0,0,0,0,0,0,0,0,0,0,0,36,0,0,0,51,0,24,0,4,0,97,0,1,0,0,0,3,0,159,0,131,0,4,0,178,0,97,20,128,0,22,0,9,24,9,0,0,43,16,89,321,0,34,0,0,0,0,0,15,0,5,0,0,0,61,0,0,0,0,37,236,0,10,7,55,0,0,0,0,0,2,0,0,0,0,0,0,0,0,0,0,0,0,0,0,0,8,0,13,0,0,0,0,103,0,0,0,95,4,83,0,0,0,0
0,0,5,0,0,0,94,0,174,27,0,0,0,0,0,0,0,0,0,0,0,0,0,0,0,0,0,0,0,0,0,0,0,0,0,0,0,0,0,0,0,0,0,0,0,0,1,0,4,0,0,0,3,6,15,58,6,33,209,240,0,0,1,0,160,21,0,236,0,0,0,0,0,0,0,0,0,0,0,0,0,0,0,0,0,0,0,0,0,0,0,0,0,0,0,0,0,0,0,0,0,0,0,0,0,0,0,0,0,0,0,0,0,0,0,0,0,0,0,0,0,0,0,0,2,0,0,0,0,0,4,0,0,0,0,0,0,0,8,0,0,0,0,0,10,0,2,0,13,0,0,0,0,0,11,11,0,0,1,16,32,0,0,0,0,0,0,0,0,0,4,0,0,0,14,0,0,0,0,0,49,28,0,0,323,9,0,0,0,0,0,0,0,0,0,0,0,0,0,0,0,0,0,0,0,0,0,0,0,0,144,45,20,80,83,0,19,0,5,1,1,0,0,0,0
0,0,0,0,0,0,46,0,181,70,0,0,0,0,0,0,0,0,0,0,0,0,0,0,0,0,0,0,0,0,0,0,0,0,0,0,0,0,0,0,0,0,0,0,0,0,0,0,0,0,0,0,57,12,178,12,40,25,246,263,3,0,9,0,11,247,236,0,0,0,0,0,0,5,0,0,0,0,0,0,0,2,0,1,0,0,0,0,0,0,0,0,0,0,0,0,0,2,0,0,0,0,0,0,0,0,0,0,0,0,0,0,0,0,0,0,0,0,0,0,0,0,0,0,0,10,0,6,0,0,0,7,0,0,0,0,0,4,0,42,0,0,0,0,5,63,0,0,0,9,0,0,0,1,14,57,0,41,0,55,0,22,0,9,0,0,0,0,0,6,0,15,0,0,0,16,23,0,0,0,15,128,2,1,32,138,0,0,0,0,0,0,0,0,0,0,0,0,0,0,0,0,0,1,0,0,0,5,0,2,16,5,12,4,182,0,0,0,340,95,150,220,20,0,0
0,0,0,0,0,0,0,0,0,0,0,0,0,0,0,0,0,0,3,0,0,0,0,0,0,0,0,0,0,0,0,0,0,0,0,0,0,0,0,0,0,0,0,0,0,0,0,0,6,0,0,0,0,0,0,0,0,0,0,0,0,0,0,0,0,0,0,0,0,0,0,0,0,0,0,0,76,0,10,0,2,0,27,0,0,0,4,0,53,0,0,0,61,0,9,0,0,0,0,0,6,0,128,0,0,0,15,0,36,0,0,0,0,0,1,0,3,0,0,0,0,0,0,0,0,0,0,1,0,0,0,0,0,0,0,0,0,0,0,0,0,0,0,0,0,0,0,0,0,0,0,0,0,0,0,0,0,0,0,0,0,0,0,0,18,0,0,0,70,0,0,0,0,0,0,0,0,0,0,0,2,1,0,0,0,0,0,0,0,0,0,0,0,0,5,0,0,0,0,0,0,0,9,0,14,0,3,0,0,0,61,7,96,4,0,4,38,0,0,0,0,0,0,0,0
0,0,0,0,0,0,0,0,0,0,0,0,0,0,0,0,0,0,0,0,0,0,0,0,0,0,0,7,0,0,0,0,0,0,0,0,0,0,0,0,0,0,0,0,0,10,0,0,0,4,0,13,0,0,0,0,0,0,0,2,0,0,0,0,0,0,0,0,0,0,0,0,0,0,0,2,0,53,0,0,0,0,0,74,0,0,0,13,0,0,0,0,0,47,0,49,1,0,0,0,0,19,0,105,0,0,0,0,0,6,0,0,0,6,0,0,0,0,0,0,0,0,0,0,0,0,0,0,0,0,0,2,0,0,0,0,0,0,0,0,0,0,0,0,0,0,0,2,0,0,0,0,0,0,0,0,0,0,0,0,0,0,0,0,0,27,0,0,0,32,0,0,0,0,0,0,0,1,0,0,0,0,0,0,0,0,0,0,0,0,0,0,0,0,0,13,0,0,0,0,0,9,0,11,0,0,0,4,0,0,0,0,0,0,0,0,0,0,75,14,107,0,0,5,4
0,0,38,0,0,0,0,0,0,0,0,0,0,0,0,0,58,0,22,0,51,0,0,0,3,0,0,0,35,0,32,0,61,0,19,0,74,0,11,0,0,0,0,0,217,0,0,0,0,0,12,0,1,0,1,0,3,0,0,0,11,0,6,0,10,0,0,0,0,0,0,0,438,0,454,0,0,0,296,0,14,0,12,0,2,0,77,4,0,0,0,0,0,0,0,0,0,0,0,0,0,0,0,0,0,0,0,0,0,0,0,0,0,0,0,0,0,0,0,0,49,0,5,0,27,0,0,0,0,0,24,0,0,0,0,0,7,2,18,0,57,0,28,0,138,4,0,0,36,0,45,0,0,0,0,0,5,0,0,0,20,0,53,0,0,0,8,0,31,0,37,0,31,0,5,0,0,0,0,0,76,16,0,0,10,0,0,0,0,0,0,0,0,0,0,0,4,0,0,0,0,0,0,0,0,0,0,0,32,0,0,0,20,3,0,0,0,0,0,0,8,0,0,0,0
0,0,0,0,0,0,0,0,0,0,0,0,0,0,0,4,0,0,0,0,0,0,0,0,0,0,0,0,0,0,0,0,0,0,0,8,0,11,0,0,0,0,0,29,0,82,0,0,0,8,0,37,0,0,0,0,0,0,0,0,0,0,0,0,4,89,0,0,0,0,0,0,0,97,0,216,0,29,0,20,0,8,1,4,0,0,0,131,0,0,0,0,0,0,0,1,0,0,0,0,0,0,0,0,0,0,0,0,0,0,0,0,0,0,0,0,0,0,0,0,0,4,0,0,0,73,0,35,0,0,0,55,0,0,0,0,0,0,0,0,0,18,0,1,0,86,0,0,0,0,0,0,0,0,0,0,0,0,0,0,0,47,0,41,0,0,0,23,0,2,0,33,0,24,0,31,0,7,0,3,11,116,0,0,0,5,0,0,0,0,0,0,0,0,0,0,0,0,0,0,3,0,0,0,0,0,0,0,0,0,0,0,0,0,0,0,0,0,0,2,12,0,0,0,0
0,0,0,0,0,0,0,0,0,0,0,0,0,0,0,0,0,0,0,0,0,0,0,0,0,0,0,0,0,0,0,0,0,0,0,0,0,0,0,0,0,0,0,0,42,0,0,0,0,0,0,0,0,0,0,0,0,0,0,0,0,0,0,0,0,2,0,0,0,0,438,0,0,0,255,0,64,0,292,0,4,0,55,0,0,0,34,0,0,0,0,0,4,0,13,0,0,0,3,0,0,0,1,0,0,0,0,0,0,0,0,0,0,0,0,0,0,0,0,0,47,0,0,0,90,0,111,0,0,0,35,0,0,0,79,0,50,0,0,0,0,0,172,0,103,0,63,0,26,0,136,0,0,0,0,0,3,0,1,0,0,7,49,0,0,0,0,0,16,0,15,0,0,0,0,0,0,0,0,0,92,18,0,0,0,0,0,0,0,0,0,0,0,0,0,0,0,0,0,0,50,0,0,0,30,0,0,0,195,0,148,2,13,3,22,0,0,0,2,0,0,0,0,0,0
0,0,0,0,0,0,0,0,0,0,0,0,0,0,0,0,0,0,0,0,0,0,0,0,0,0,0,0,0,0,0,0,0,0,0,0,0,0,0,0,0,0,0,0,0,0,0,0,0,0,0,7,0,0,0,0,0,0,0,0,0,0,0,0,0,48,0,5,0,0,0,97,0,0,0,255,0,121,0,23,0,8,0,63,0,0,0,142,0,0,0,0,0,0,0,0,0,0,0,2,0,0,0,0,0,0,0,0,0,0,0,0,0,0,0,0,0,0,0,0,0,15,0,27,0,134,0,81,0,0,0,56,0,0,0,55,7,0,0,0,0,18,0,3,0,33,0,0,0,0,0,56,14,0,0,0,0,0,0,0,0,25,0,67,0,0,0,2,0,13,0,9,0,5,0,20,0,0,0,0,9,97,0,0,0,0,0,0,0,0,0,0,0,0,0,0,0,0,0,0,0,74,0,47,0,0,0,0,0,0,0,0,9,0,7,0,0,0,42,2,26,10,0,0,0
0,0,0,0,0,0,0,0,0,0,0,0,0,0,13,0,153,0,0,0,81,0,0,0,0,0,0,0,52,0,38,0,60,0,16,0,66,0,20,0,0,0,0,0,263,0,8,0,0,0,0,0,0,0,0,0,0,0,0,0,9,0,11,0,0,0,0,0,0,0,454,0,255,0,0,0,11,0,300,0,26,4,18,0,27,0,68,0,0,0,0,0,0,0,21,0,2,0,16,0,5,0,0,0,0,0,0,0,0,0,0,0,0,0,0,0,0,0,0,0,171,0,33,0,33,0,0,0,0,0,0,25,0,0,0,0,24,0,20,16,109,0,140,4,194,0,0,0,45,0,57,0,0,0,0,0,0,0,0,0,0,0,66,0,0,0,4,0,31,0,19,0,25,0,17,0,0,0,0,0,71,22,3,0,0,0,0,0,0,0,0,0,0,0,0,0,0,0,0,0,21,0,0,0,0,0,0,1,0,0,13,0,25,0,0,0,0,0,0,0,0,0,0,0,0
0,0,0,0,0,0,0,0,0,0,0,0,0,0,0,0,0,0,0,0,0,0,0,4,0,0,0,11,0,0,0,0,0,0,0,0,0,9,0,0,0,0,0,22,0,72,0,0,0,10,0,26,0,0,0,0,0,0,0,0,0,3,0,0,0,0,0,0,0,2,0,216,0,255,0,0,0,15,0,59,0,2,0,6,0,5,0,147,0,0,0,0,0,0,0,1,0,0,0,0,0,0,0,0,0,0,0,0,0,0,0,0,0,0,0,0,0,0,0,0,0,103,0,16,0,100,0,109,0,0,31,61,0,67,0,37,14,0,0,5,0,39,0,3,0,163,0,0,0,0,0,95,0,0,0,0,0,2,0,0,0,0,0,36,0,0,0,0,0,4,0,21,0,19,0,44,0,0,0,0,20,206,0,0,0,0,0,0,0,0,0,0,0,0,0,0,0,0,0,50,0,0,0,0,0,0,0,0,0,0,0,0,0,0,9,0,0,0,11,0,15,10,0,0,0
0,0,0,0,0,0,0,0,0,0,0,0,0,0,0,0,0,0,0,0,0,0,0,0,0,0,0,0,0,0,0,0,0,0,0,0,0,0,0,0,0,0,0,0,0,0,0,0,0,0,0,0,0,0,0,0,0,0,0,0,0,0,0,0,0,0,0,0,76,0,0,0,64,0,11,0,0,0,31,0,8,0,80,0,0,0,15,0,4,0,0,0,53,0,16,0,0,0,0,0,4,0,60,0,0,0,8,0,40,0,0,0,0,0,1,0,2,0,0,0,0,0,0,0,0,0,0,0,0,0,0,0,0,0,0,0,0,0,0,0,0,0,0,0,0,0,0,0,0,0,0,0,0,0,0,0,0,0,0,0,0,0,0,0,6,0,0,0,65,0,0,0,0,0,1,0,0,0,0,0,0,0,0,0,0,0,0,0,0,0,0,0,0,0,0,0,0,0,0,0,0,0,0,0,0,0,0,0,0,0,43,0,43,1,0,0,5,0,0,0,0,0,0,0,0
0,0,0,0,0,0,0,3,0,0,0,0,0,0,0,11,0,0,0,0,0,0,0,0,0,0,0,0,0,0,0,0,0,0,0,0,0,0,0,0,0,0,0,0,0,14,0,0,0,4,0,5,0,0,0,0,0,0,0,0,0,1,0,0,0,0,0,0,0,53,0,29,0,121,0,15,0,0,0,11,0,37,0,199,0,17,0,110,0,11,0,0,0,65,0,72,0,0,0,14,0,36,0,50,0,0,0,8,0,3,0,0,0,0,0,0,0,0,0,0,0,5,0,9,0,0,0,0,0,0,0,0,0,0,0,0,0,0,0,0,0,0,4,1,0,0,0,0,0,0,0,0,0,0,0,0,0,0,0,0,0,0,0,9,0,12,0,0,1,59,0,0,0,0,0,0,0,0,0,0,0,0,0,0,1,0,0,0,0,96,0,0,0,0,0,30,0,0,0,0,3,116,0,0,0,0,0,0,0,0,0,0,0,0,14,0,0,0,92,9,105,6,5,1,1
0,0,0,0,0,0,0,0,0,0,0,0,0,0,0,0,0,0,0,0,0,0,0,0,0,0,0,0,0,0,0,0,0,0,0,0,0,0,0,0,0,0,0,0,0,0,0,0,0,0,7,0,0,0,0,0,0,0,0,0,0,0,0,0,0,0,0,0,10,0,296,0,292,0,300,0,31,0,0,0,13,0,142,0,25,0,56,0,4,0,0,0,34,0,43,0,0,0,27,0,15,0,59,0,0,0,24,0,3,0,0,0,0,0,0,0,0,0,0,0,98,0,52,0,0,8,0,0,0,3,0,0,0,0,0,0,0,0,0,0,35,0,250,0,46,0,0,0,0,0,58,0,0,0,0,0,0,0,0,0,0,0,10,0,0,0,0,0,64,0,0,0,0,0,0,0,0,0,0,0,0,0,0,0,9,0,0,0,38,0,0,0,0,0,0,0,15,0,0,0,110,0,0,1,0,0,0,0,0,0,207,4,59,0,37,0,0,0,0,0,0,0,0,0,0
