0,282,17,151,62,0,9,0,52,17,78,15,173,0,0,0,7,140,5,0,1,0,8,129,8,366,14,0,56,0,0,0,108,6,0,0,64,0,330,53,72,0,0,0,0,0,27,0,10,0,0,0,1,0,6,0,4,0,5,0,35,0,0,37,27,0,13,0,0,0,0,0,0,0,0,0,0,0,0,0,0,0,0,0,0,0,0,0,0,0,0,0,0,0,0,0,0,0,0,0,0,0,0,0,0,0,0,0,0,0,0,0,0,0,0,0,0,0,0,0,0,0,0,0,8,0,8,0,0,0,25,0,0,0,11,0,0,0,0,0,0,0,0,0,0,0,29,0,78,0,26,0,0,0,0,0,5,0,0,0,0,0,2,0,9,0,0,0,48,0,26,0,178,0,0,0,349,118,24,0,0,0,23,14,129,0,0,0,0,0,0,0,0,0,0,0,0,0,0,0,7,0,0,0,1,0,5,0,19,0,673,194,245,0,204,0,2,2,0,0,0,4,0,0,0
282,0,264,10,0,118,157,50,67,31,27,118,0,112,8,19,174,17,0,52,14,0,298,0,329,68,0,156,0,102,0,4,0,163,0,0,0,156,9,445,0,40,0,0,0,34,0,76,0,6,0,0,4,0,0,36,0,17,0,5,0,123,47,43,0,77,0,23,0,1,0,0,0,0,0,0,0,0,0,0,0,4,0,0,1,0,0,0,0,0,0,0,0,0,0,0,0,0,0,0,0,0,0,0,0,0,0,0,0,0,0,0,0,0,0,0,0,0,0,0,0,0,0,0,0,21,0,34,0,0,0,76,0,0,0,35,0,24,0,0,0,0,0,0,0,0,0,0,0,62,0,0,0,0,0,4,0,0,0,0,0,11,0,0,0,5,0,0,0,14,1,42,11,180,0,0,167,338,0,5,0,76,0,5,0,69,0,1,0,0,0,0,0,0,0,0,0,0,0,22,0,0,0,0,0,0,0,19,0,92,4,0,0,0,393,0,0,1,985,261,252,127,0,33,2
17,264,0,163,163,0,69,29,17,0,19,97,176,0,104,179,11,0,94,0,5,0,298,217,50,174,41,0,209,0,115,0,328,0,0,0,57,19,275,26,39,0,0,0,14,0,33,0,13,0,0,0,4,0,33,2,0,0,0,0,7,0,2,0,19,0,0,0,0,0,0,0,0,0,0,0,0,0,0,0,0,0,0,0,0,0,0,0,0,0,0,0,0,0,0,0,7,0,0,0,0,0,0,0,0,0,0,0,0,0,0,0,0,0,0,0,0,0,0,0,0,0,0,0,5,0,40,0,0,0,60,0,0,0,267,0,22,0,0,0,0,0,0,0,0,0,55,0,121,0,65,0,0,0,0,0,2,0,0,0,7,0,0,0,11,0,91,0,61,0,21,0,166,5,0,0,152,113,0,0,0,0,0,7,32,0,0,0,0,0,0,0,0,0,0,0,0,0,0,0,0,0,0,0,0,0,37,0,207,0,472,93,326,0,222,0,0,1,8,0,0,0,0,1,0
151,10,163,0,0,125,12,55,0,2,60,0,0,17,19,178,62,21,0,192,0,17,287,246,0,228,0,78,0,189,8,28,17,294,0,0,0,81,0,127,0,8,0,0,0,21,0,12,0,0,0,0,0,0,0,52,0,13,0,0,0,0,0,0,0,0,0,0,0,0,0,0,0,0,0,0,0,0,0,0,0,0,0,0,0,0,0,0,0,0,0,0,0,0,0,0,0,0,0,0,0,0,0,0,0,0,0,0,0,0,0,0,0,0,0,0,0,0,0,0,0,0,0,0,0,0,0,0,0,0,0,5,0,14,0,70,0,67,0,0,0,0,0,0,0,0,0,0,0,0,0,0,0,0,0,5,0,2,0,0,0,0,0,0,0,2,0,71,0,13,0,0,4,54,0,0,68,65,0,0,0,0,1,11,0,0,0,0,0,0,0,0,0,0,0,0,0,0,0,0,0,0,0,0,0,0,0,0,0,0,0,0,0,0,146,0,0,0,225,40,172,0,0,0,0
62,0,163,0,0,317,39,0,52,0,37,138,377,100,51,483,0,0,86,448,73,98,101,128,5,0,46,66,0,0,194,0,263,21,107,0,187,24,0,6,81,0,21,0,0,0,36,9,4,0,183,15,0,0,0,0,0,0,0,0,0,0,0,0,0,0,0,0,0,0,0,0,0,0,0,0,0,0,0,0,0,0,0,0,0,0,0,0,0,0,0,0,0,0,0,0,0,0,0,0,0,0,0,0,0,0,0,0,0,0,0,0,0,0,0,0,0,0,0,0,0,0,0,0,7,0,12,0,0,0,38,0,0,0,77,0,0,0,0,0,0,0,0,0,0,0,34,0,87,0,72,0,0,0,0,0,0,0,0,0,0,0,4,0,174,0,198,0,152,0,18,0,104,0,0,0,342,137,55,0,0,0,46,0,69,0,0,0,0,0,0,0,0,0,0,0,0,0,0,0,21,0,0,0,0,0,0,0,55,0,545,309,667,0,209,0,0,0,0,29,0,0,0,0,0
0,118,0,125,317,0,0,94,0,13,98,180,75,123,513,162,0,3,131,223,117,188,172,55,0,0,0,287,0,15,0,157,0,331,0,284,0,195,0,25,0,45,0,0,0,21,0,61,0,4,0,78,0,0,0,24,0,0,0,0,0,0,0,0,0,15,0,5,0,0,0,0,0,0,0,0,0,0,0,0,0,0,0,0,0,0,0,0,0,0,0,0,0,0,0,0,0,0,0,0,0,0,0,0,0,0,0,0,0,0,0,0,0,0,0,0,0,0,0,0,0,0,0,0,0,14,0,9,0,0,0,0,0,16,0,115,0,95,0,8,0,0,0,0,0,0,0,0,0,24,0,0,0,0,0,0,0,5,0,0,0,2,0,2,0,22,0,331,0,55,0,11,0,37,0,0,121,325,0,2,0,17,0,0,0,0,0,2,0,0,0,9,0,7,0,0,0,0,0,0,0,41,0,0,0,0,0,15,0,70,0,8,26,0,264,0,0,0,752,294,798,134,0,9,0
9,157,69,12,39,0,0,0,20,151,14,0,46,0,10,0,1,25,7,1,0,0,7,0,115,209,0,0,53,0,0,0,0,0,0,0,0,0,173,33,10,0,0,0,0,0,8,0,28,0,0,0,44,21,215,68,4,0,2,0,132,37,239,98,0,0,0,0,0,0,0,0,0,0,0,0,0,0,0,0,0,0,0,0,4,0,0,0,0,0,0,0,0,0,0,0,0,0,0,0,0,0,0,0,0,0,0,0,0,0,0,0,0,0,0,0,0,0,0,0,1,0,1,0,0,0,19,0,4,0,23,0,1,0,25,0,8,0,4,0,0,0,0,0,0,0,11,0,7,0,0,0,0,0,1,0,0,0,4,0,2,0,0,0,0,0,0,0,20,0,87,0,113,0,0,0,41,52,0,0,0,0,0,17,0,0,0,0,0,0,0,0,0,0,0,0,0,0,0,0,0,0,0,0,0,0,0,0,50,0,894,52,184,218,489,0,0,0,0,2,0,0,0,0,0
0,50,29,55,0,94,0,0,171,10,0,40,0,29,0,17,0,21,0,31,0,0,0,6,121,312,0,69,0,106,0,0,0,0,0,0,0,0,0,265,0,15,0,0,1,0,0,16,1,0,0,0,17,25,0,248,0,19,0,12,0,100,50,95,0,7,6,14,0,0,0,0,0,0,0,0,0,1,0,0,0,0,0,0,0,0,0,0,0,0,0,0,0,0,0,0,0,0,0,0,0,0,0,0,0,0,0,0,0,0,0,0,0,0,0,0,0,0,0,0,0,0,0,0,0,0,0,5,0,6,0,22,0,16,0,0,0,28,0,0,0,0,0,0,0,0,0,0,0,0,0,0,0,0,0,3,0,0,0,2,0,16,0,0,0,0,0,0,0,23,1,62,0,141,0,0,55,43,0,0,0,0,0,0,0,0,0,0,0,0,0,0,0,0,0,0,0,0,0,0,0,0,0,0,0,0,0,3,0,27,0,0,5,0,535,0,0,0,627,96,276,273,0,128,0
52,67,17,0,52,0,20,171,0,488,12,0,45,0,9,0,0,0,0,0,0,0,0,0,0,261,0,0,5,0,0,0,0,1,0,0,0,0,35,6,33,0,0,0,8,0,18,0,9,0,0,0,18,90,140,363,51,25,45,57,119,0,87,162,59,0,44,69,0,0,0,0,0,0,0,0,0,0,0,0,0,0,0,0,0,0,0,0,0,0,0,0,0,0,0,0,0,0,0,0,0,0,0,0,0,0,0,0,0,0,0,0,0,0,1,0,0,0,0,0,0,0,0,0,19,0,32,0,0,0,99,0,0,0,27,0,0,0,0,0,2,0,0,0,0,0,42,0,100,0,77,0,26,0,0,0,5,5,0,0,8,0,0,0,0,0,1,0,5,0,61,5,43,6,0,0,490,78,3,0,0,0,6,0,73,11,0,0,0,0,0,0,0,0,0,0,0,0,0,0,0,0,0,0,0,0,18,0,70,0,535,62,46,0,189,3,0,0,13,0,0,0,0,3,0
17,31,0,2,0,13,151,10,488,0,0,19,0,12,0,5,8,0,0,0,1,0,0,0,135,33,0,17,1,0,0,0,0,0,0,0,0,2,0,0,0,0,0,0,0,5,0,0,0,0,0,4,53,60,301,114,6,42,67,14,9,250,142,130,0,168,71,118,0,0,0,0,0,0,0,0,0,0,0,0,0,0,0,0,0,0,0,0,0,0,0,0,0,0,0,0,0,0,0,0,0,0,0,0,0,0,0,0,0,0,0,0,0,0,0,0,0,0,0,0,0,0,0,0,0,92,0,54,0,8,0,117,0,16,0,23,0,20,0,2,0,1,0,4,0,0,0,28,0,86,0,54,0,17,0,0,3,37,0,3,0,13,0,3,0,6,0,0,0,9,0,100,3,69,0,0,88,163,0,6,0,0,0,8,0,172,0,0,0,0,0,0,0,12,0,0,0,0,0,0,0,0,0,0,0,0,0,21,0,150,5,0,0,0,427,0,0,0,719,128,159,292,0,89,0
78,27,19,60,37,98,14,0,12,0,0,38,233,0,5,202,0,0,0,16,3,0,10,115,0,0,6,0,0,0,46,0,220,11,9,0,121,0,0,0,67,0,5,0,7,0,22,0,1,0,17,0,0,0,0,0,0,0,0,1,0,0,0,0,6,0,4,0,0,0,0,0,0,0,0,0,0,0,0,0,0,0,0,0,0,0,0,0,0,0,0,0,0,0,0,0,0,0,0,0,0,0,0,0,0,0,0,0,0,0,0,0,0,0,0,0,0,0,0,0,0,0,0,0,0,0,0,0,0,0,5,0,0,0,0,0,0,0,0,0,0,0,0,0,0,0,7,0,9,0,0,0,10,0,0,0,0,0,0,0,0,0,0,0,43,0,77,0,79,0,8,0,36,0,0,0,158,56,30,0,0,0,17,0,16,0,3,0,0,0,0,0,0,0,0,0,0,0,0,0,0,0,0,0,0,0,0,0,0,0,302,196,248,45,83,0,0,0,0,0,0,0,0,0,0
15,118,97,0,138,180,0,40,0,19,38,0,0,402,244,28,0,10,26,34,60,46,213,21,2,0,0,157,0,0,3,19,4,155,0,103,5,154,0,20,0,73,0,0,0,56,0,138,0,33,0,7,0,9,0,22,0,0,0,6,0,11,0,16,0,10,0,0,0,0,0,2,0,0,0,0,0,0,0,0,0,0,0,0,0,0,0,0,0,0,0,0,0,0,0,0,0,0,0,0,0,0,0,0,0,0,0,0,0,0,0,0,0,0,0,0,0,0,0,0,0,0,0,0,0,0,0,0,0,0,0,10,0,0,0,12,0,8,0,0,0,0,0,0,0,0,0,15,0,20,0,92,0,167,0,0,0,4,0,0,0,0,0,0,0,5,0,78,0,11,0,15,0,27,0,0,39,190,0,9,0,174,0,11,0,76,0,4,0,0,0,0,0,0,0,0,0,0,0,0,0,0,0,0,0,0,0,0,0,0,0,0,0,0,109,0,0,0,392,207,166,0,0,0,0
173,0,176,0,377,75,46,0,45,0,233,0,0,263,35,35,0,0,85,418,46,45,0,0,0,0,114,317,0,0,0,0,0,0,53,0,0,0,0,0,169,78,145,23,68,114,126,154,11,19,283,30,0,0,0,0,0,0,7,0,0,0,3,0,19,0,0,0,0,0,0,0,0,0,0,0,0,0,0,0,0,0,0,0,0,0,0,0,0,0,0,0,0,0,0,0,0,0,0,0,0,0,0,0,0,0,0,0,0,0,0,0,0,0,0,0,0,0,0,0,0,0,0,0,0,0,0,0,0,0,19,0,0,0,0,0,0,0,0,0,0,0,0,0,0,0,0,0,29,0,0,1,35,0,0,0,0,0,0,0,0,0,0,0,53,0,0,0,0,0,3,0,0,0,0,0,155,54,68,0,61,0,49,0,42,0,105,0,0,0,0,0,0,0,0,0,0,0,0,0,0,0,0,0,0,0,0,0,0,0,101,245,325,0,30,0,0,0,0,15,0,0,0,0,0
0,112,0,17,100,123,0,29,0,12,0,402,263,0,74,0,0,0,331,43,24,77,0,0,0,0,255,88,0,0,0,0,0,0,0,119,3,53,0,0,80,126,51,88,23,48,22,266,0,36,42,200,0,0,0,10,0,4,0,0,0,0,0,0,0,0,0,0,0,0,0,0,0,0,0,0,0,0,0,0,0,0,0,0,0,0,0,0,0,0,0,0,0,0,0,0,0,0,0,0,0,0,0,0,0,0,0,0,0,0,0,0,0,0,0,0,0,0,0,0,0,0,0,0,0,0,0,9,0,0,0,0,0,0,0,0,0,0,0,0,0,0,0,0,0,0,0,3,0,0,0,0,0,37,0,0,0,0,0,0,0,0,0,0,0,0,0,11,0,12,0,0,0,0,0,6,39,214,10,11,0,50,0,0,0,0,16,34,0,0,0,0,0,0,0,0,0,0,0,9,0,0,0,0,0,0,0,8,0,37,0,0,0,0,22,0,0,0,147,232,204,0,0,0,0
0,8,104,19,51,513,10,0,9,0,5,244,35,74,0,793,59,0,214,385,39,120,137,177,18,0,71,33,0,0,72,0,24,43,120,88,104,40,0,0,0,0,0,0,15,0,15,6,1,0,25,0,6,0,31,2,0,0,0,0,1,0,65,0,5,0,0,0,0,0,0,0,0,0,0,0,0,0,0,0,0,0,0,0,0,0,0,0,0,0,70,0,0,0,0,0,135,0,0,0,0,0,0,0,0,0,341,0,0,0,0,0,0,0,0,0,0,0,0,0,0,0,0,0,5,0,0,0,0,0,0,0,0,0,238,0,0,0,4,0,0,0,89,0,0,0,19,0,43,0,35,0,0,0,0,0,0,0,0,0,0,0,0,0,0,0,10,0,21,0,10,0,0,0,0,0,43,35,3,0,0,0,0,0,23,0,0,1,0,0,3,0,0,0,0,0,0,0,0,0,182,0,0,0,3,0,0,0,100,0,65,137,41,35,36,0,0,0,0,36,0,0,0,0,0
0,19,179,178,483,162,0,17,0,5,202,28,35,0,793,0,30,35,84,308,152,95,317,39,0,47,0,46,0,0,7,145,0,42,12,51,0,24,0,0,0,0,0,8,0,14,0,0,0,0,0,0,0,2,0,109,0,19,0,0,0,0,0,16,0,5,0,0,0,0,0,0,0,0,0,0,0,0,0,0,0,0,0,0,0,190,0,0,0,0,0,0,0,0,0,0,0,0,0,0,0,0,0,0,0,0,0,106,0,0,0,0,0,0,0,0,0,0,0,0,0,12,0,6,0,0,0,0,0,0,0,7,0,0,0,428,0,278,0,28,0,0,0,144,0,0,0,0,0,14,0,0,0,0,0,12,0,2,0,3,0,0,0,0,0,0,0,33,0,0,0,6,0,5,0,0,68,93,4,0,2,6,0,0,0,7,0,0,0,0,0,0,0,0,0,0,0,0,0,0,0,171,0,0,0,0,0,0,0,122,18,11,31,0,16,0,0,0,125,268,43,0,0,0,0
7,174,11,62,0,0,1,0,0,8,0,0,0,0,59,30,0,135,77,0,133,0,50,105,42,183,57,0,365,9,69,1,191,0,5,0,0,11,199,46,0,0,0,0,25,0,12,1,4,0,0,0,6,0,0,0,0,0,0,0,3,16,232,29,0,0,0,0,0,0,7,0,0,0,0,0,0,0,0,0,110,0,0,0,197,0,55,0,0,0,130,0,0,0,0,0,279,0,302,0,0,0,0,0,0,0,389,0,0,0,0,0,0,0,0,0,0,0,0,0,41,0,47,0,0,0,0,0,44,0,0,0,0,0,56,0,49,0,46,0,0,0,86,0,0,0,0,0,0,0,0,0,0,0,3,0,0,0,0,0,0,0,0,0,1,0,16,0,0,0,8,0,39,2,0,0,0,8,0,0,0,0,1,0,0,0,0,0,0,0,0,0,0,0,0,0,0,0,0,0,95,0,0,0,0,0,0,0,8,0,80,81,122,62,55,1,0,2,0,0,3,0,0,0,0
140,17,0,21,0,3,25,21,0,0,0,10,0,0,0,35,135,0,0,69,11,129,159,81,137,22,0,0,0,135,2,14,13,71,0,3,2,17,6,167,0,0,0,7,0,0,0,0,0,0,0,1,0,9,0,18,0,0,0,3,0,0,7,165,0,0,1,0,0,0,0,0,0,0,0,9,0,0,0,0,0,65,0,0,0,160,0,26,0,0,0,0,0,0,0,0,0,0,0,34,0,35,0,0,0,0,0,0,0,0,0,0,0,0,0,0,0,0,0,0,0,29,0,7,0,0,0,10,0,35,0,0,0,0,0,141,0,119,0,42,0,43,0,220,0,0,0,0,0,0,0,1,0,0,0,7,0,0,0,0,0,0,0,0,0,0,0,4,0,0,0,1,0,16,0,0,10,6,0,0,0,0,3,0,0,0,0,0,0,0,0,0,0,0,0,0,0,0,0,0,0,34,0,0,0,0,0,0,0,0,0,0,0,0,24,0,0,0,21,220,35,15,0,0,0
5,0,94,0,86,131,7,0,0,0,0,26,85,331,214,84,77,0,0,514,185,69,171,0,0,0,147,320,4,0,17,0,0,0,143,25,19,22,0,0,33,29,46,29,45,34,85,43,1,0,164,49,8,0,0,0,0,0,0,0,0,0,111,0,5,0,0,0,0,0,0,0,0,0,0,0,0,0,0,0,0,0,0,0,0,0,0,0,0,0,0,0,0,0,0,0,0,0,0,0,0,0,0,0,0,0,287,0,0,0,0,0,0,0,0,0,0,0,0,0,0,0,0,0,0,0,0,0,0,0,0,0,0,0,179,0,0,0,0,0,0,0,0,0,0,0,24,0,56,0,0,0,0,0,0,0,0,0,0,0,0,0,0,0,36,0,0,0,24,0,10,0,0,0,1,0,38,18,12,0,0,0,0,0,26,0,17,1,0,0,0,0,0,0,0,0,0,0,0,0,0,0,0,0,0,0,0,0,75,0,84,149,126,0,22,0,0,0,0,11,0,0,0,0,0
0,52,0,192,448,223,1,31,0,0,16,34,418,43,385,308,0,69,514,0,68,120,0,194,0,74,99,162,0,0,0,43,0,0,30,160,6,43,0,0,0,1,27,18,0,47,0,28,1,6,38,116,0,16,0,134,0,0,0,29,0,13,0,107,0,26,0,0,0,0,0,0,0,0,0,0,0,0,0,0,0,188,0,0,0,511,0,0,0,0,0,0,0,0,0,0,0,0,0,0,0,0,0,0,0,0,0,0,0,0,0,0,0,0,0,0,0,0,0,0,0,0,0,20,0,0,0,28,0,0,0,21,0,0,0,740,0,462,0,0,0,79,0,232,0,0,0,0,0,0,0,0,0,0,0,0,0,7,0,4,0,0,0,0,0,0,0,19,0,0,0,0,0,11,0,0,66,116,0,0,0,0,0,0,0,12,4,2,0,0,0,0,0,0,0,0,0,3,0,0,0,0,0,0,0,0,0,0,0,242,9,0,0,0,34,0,0,0,147,238,131,0,0,0,0
1,14,5,0,73,117,0,0,0,1,3,60,46,24,39,152,133,11,185,68,0,37,34,92,13,1,152,28,71,0,68,4,79,0,71,22,39,7,4,0,0,0,10,0,60,6,4,0,0,0,65,0,6,0,0,0,0,0,0,0,0,0,213,0,0,0,0,0,0,0,106,0,18,0,101,0,0,0,0,0,241,0,0,0,166,0,168,0,0,0,160,0,0,0,0,0,140,0,560,0,0,0,0,0,0,0,261,0,0,0,0,0,0,0,0,0,0,0,0,0,138,0,48,0,0,0,0,0,13,0,0,0,0,0,27,0,35,0,0,0,70,0,102,0,55,0,0,0,0,0,0,0,0,0,0,0,0,0,0,0,0,0,13,0,27,0,30,0,13,0,8,0,0,0,0,0,3,2,24,0,0,0,0,0,0,0,1,0,0,0,0,0,0,0,0,1,0,0,0,0,35,0,0,0,0,0,0,0,0,0,118,194,96,22,25,0,0,0,0,4,0,0,0,0,0
0,0,0,17,98,188,0,0,0,0,0,46,45,77,120,95,0,129,69,120,37,0,0,119,0,24,0,118,0,184,0,7,0,5,0,19,0,44,0,4,0,0,3,33,0,54,1,17,0,7,0,36,0,29,0,20,0,10,0,0,0,0,0,181,0,0,0,0,0,0,0,0,0,6,0,32,0,0,0,0,0,0,0,0,0,229,0,0,0,0,0,0,0,0,0,0,0,0,0,79,0,49,0,0,0,0,0,0,0,0,0,0,0,0,0,0,0,0,0,0,0,75,0,19,0,0,0,0,0,0,0,0,0,0,0,156,0,277,0,198,0,262,0,613,0,103,0,0,0,0,0,0,0,0,0,2,0,0,0,0,0,0,0,6,1,15,0,28,0,20,0,0,0,2,0,0,8,23,0,2,0,0,0,0,0,0,0,6,0,0,0,0,0,0,0,0,0,0,0,0,0,0,0,0,0,0,0,0,0,0,0,0,0,0,26,0,0,0,170,393,130,17,0,3,0
8,298,298,287,101,172,7,0,0,0,10,213,0,0,137,317,50,159,171,0,34,0,0,584,73,163,57,0,31,19,40,0,46,43,5,0,11,14,41,45,0,0,0,0,37,0,12,0,0,0,0,0,6,0,106,3,0,0,0,0,0,3,36,0,0,0,0,0,0,0,0,0,0,0,1,0,0,0,0,0,21,0,0,0,0,0,0,0,0,0,89,0,0,0,0,0,222,0,0,0,0,0,0,0,0,0,439,0,0,0,0,0,0,0,0,0,0,0,0,0,0,0,0,0,3,0,0,0,45,0,0,0,0,0,317,0,84,0,0,0,0,0,228,0,0,0,0,0,0,0,6,0,0,0,3,0,0,0,0,0,0,0,0,0,0,0,12,0,18,0,8,1,30,7,0,0,60,68,0,0,1,0,0,0,0,0,0,0,0,0,1,0,0,0,0,0,0,0,0,0,290,0,0,0,0,0,0,0,118,0,80,115,82,77,64,0,0,0,14,0,0,0,0,0,0
129,0,217,246,128,55,0,6,0,0,115,21,0,0,177,39,105,81,0,194,92,119,584,0,38,25,0,55,2,38,7,15,34,66,1,6,4,25,0,12,0,0,0,7,0,0,0,0,0,0,0,1,0,10,0,39,0,0,0,0,0,2,0,102,0,0,0,0,0,0,0,3,0,0,0,7,0,0,0,0,0,61,0,0,0,197,0,0,0,0,0,0,0,0,0,0,0,0,0,45,0,51,0,0,0,0,0,66,0,0,0,0,0,0,0,0,0,0,0,0,0,23,0,3,0,0,0,9,0,0,0,0,0,0,0,159,0,118,0,23,0,38,0,152,0,10,0,0,0,0,0,0,0,0,0,5,0,0,0,0,0,0,0,0,0,0,0,39,0,15,0,0,0,8,0,0,30,13,0,0,0,0,0,0,0,0,0,0,0,0,0,0,0,0,0,0,0,0,0,0,0,80,0,0,0,0,0,0,0,30,0,0,0,0,18,0,0,0,52,450,69,4,0,2,0
8,329,50,0,5,0,115,121,0,135,0,2,0,0,18,0,42,137,0,0,13,0,73,38,0,451,3,0,46,0,0,0,10,0,0,0,5,0,122,96,0,0,0,0,6,0,0,0,0,0,0,0,26,12,60,51,0,0,0,0,33,57,40,158,0,0,0,0,0,0,0,0,0,0,0,0,0,0,0,0,0,0,0,0,53,0,0,0,0,0,0,0,0,0,0,0,100,0,0,0,0,0,0,0,0,0,95,0,0,0,0,0,0,0,0,0,0,0,0,0,0,0,0,0,0,0,0,0,74,0,17,0,0,0,121,3,133,0,57,0,0,0,131,0,0,0,0,0,0,0,0,0,0,0,20,0,0,0,18,0,4,0,0,0,2,0,0,0,0,0,16,2,87,6,0,0,23,32,0,0,0,0,0,26,0,0,0,0,0,0,0,0,0,0,0,0,0,0,20,0,128,0,0,0,0,0,16,0,63,0,174,193,99,0,87,0,1,0,24,0,0,3,0,0,0
366,68,174,228,0,0,209,312,261,33,0,0,0,0,0,47,183,22,0,74,1,24,163,25,451,0,0,0,4,6,0,0,0,2,0,0,2,0,31,19,0,0,0,0,0,3,0,0,0,0,0,0,8,3,33,66,0,33,0,20,6,14,130,18,0,0,0,1,0,2,0,0,0,0,0,0,0,0,0,0,0,0,0,0,0,43,0,0,0,0,0,0,0,0,0,0,0,0,0,0,0,0,0,0,0,0,0,0,0,0,0,0,0,0,0,0,0,0,0,0,0,0,0,0,0,0,0,11,0,21,0,7,0,49,0,208,0,202,6,37,0,26,0,60,0,0,0,0,0,0,0,0,0,0,0,28,0,1,0,8,0,8,0,0,0,0,0,0,0,0,0,6,0,7,0,0,61,34,0,0,0,0,4,11,0,0,0,0,0,0,0,0,0,0,0,0,0,0,0,0,0,65,0,0,0,1,0,0,0,45,0,0,0,0,12,0,0,0,34,194,10,0,0,0,0
14,0,41,0,46,0,0,0,0,0,6,0,114,255,71,0,57,0,147,99,152,0,57,0,3,0,0,340,52,0,20,0,12,0,17,0,52,0,2,0,55,210,322,35,108,168,174,263,26,39,217,20,0,0,12,0,0,0,0,0,0,0,116,0,0,0,0,0,0,0,39,0,0,0,45,0,0,0,0,0,0,0,0,0,0,0,0,0,0,0,0,0,0,0,0,0,0,0,0,0,0,0,0,0,0,0,0,0,0,0,0,0,0,0,0,0,0,0,0,0,0,0,0,0,0,0,0,0,0,0,0,0,0,0,0,0,0,0,0,0,0,0,108,0,0,0,0,0,0,0,0,0,12,0,0,0,8,0,0,0,0,0,0,0,71,0,11,0,0,0,13,0,9,0,0,0,0,30,5,0,9,0,29,0,0,0,55,0,0,0,0,0,0,0,0,0,0,0,0,0,0,0,0,0,0,0,0,0,43,0,40,373,317,65,22,0,0,9,0,38,0,0,0,0,1
0,156,0,78,66,287,0,69,0,17,0,157,317,88,33,46,0,0,320,162,28,118,0,55,0,0,340,0,0,11,0,0,0,0,0,43,2,46,0,0,106,10,72,163,32,164,26,247,0,42,42,268,0,18,0,52,0,0,0,0,0,0,0,50,0,25,0,5,0,3,0,7,0,0,0,43,0,0,0,0,0,0,0,0,0,0,0,0,0,0,0,0,0,0,0,0,0,0,0,0,0,0,0,0,0,0,0,0,0,0,0,0,0,0,0,0,0,0,0,0,0,0,0,18,0,0,0,21,0,0,0,30,0,0,0,226,0,175,0,0,0,60,0,0,0,45,0,0,0,26,0,0,0,0,0,0,0,0,0,0,0,0,0,0,0,30,0,0,0,0,0,0,0,0,0,0,20,51,7,0,0,0,0,0,0,0,25,26,0,0,0,0,0,0,0,0,0,0,0,0,0,0,0,0,0,0,0,0,0,132,0,0,0,0,48,0,0,0,123,476,324,56,0,0,15
56,0,209,0,0,0,53,0,5,1,0,0,0,0,0,0,365,0,4,0,71,0,31,2,46,4,52,0,0,0,69,0,5,0,36,0,60,0,26,0,0,0,13,0,25,0,0,0,0,0,22,0,0,0,0,0,0,0,0,0,3,1,25,0,0,0,0,0,0,0,4,0,0,0,12,0,0,0,0,0,27,0,0,0,39,0,16,0,3,0,0,0,0,0,0,0,23,0,64,0,15,0,0,0,0,0,0,0,0,0,0,0,0,0,0,0,0,0,0,0,27,0,12,0,0,0,0,0,10,0,0,0,5,1,11,0,21,0,41,0,20,0,46,0,7,0,0,0,0,0,0,0,0,0,0,0,0,0,0,0,0,0,0,0,0,0,0,0,0,0,0,0,0,0,0,0,15,1,0,0,0,0,0,0,0,0,0,0,0,0,0,0,0,0,0,0,0,0,0,0,0,0,0,0,0,0,0,0,0,0,0,35,0,0,0,0,0,0,0,0,0,0,0,0,0
0,102,0,189,0,15,0,106,0,0,0,0,0,0,0,0,9,135,0,0,0,184,19,38,0,6,0,11,0,0,0,34,0,36,0,62,0,15,0,0,0,0,0,0,0,4,0,0,0,0,0,5,0,11,0,6,0,0,0,0,0,4,0,140,0,0,0,0,0,0,0,0,0,0,0,6,0,0,0,0,0,22,0,0,0,73,0,0,0,0,0,0,0,0,0,0,0,0,0,23,0,0,0,0,0,0,0,0,0,0,0,0,0,0,0,0,0,0,0,0,0,0,0,0,0,0,0,5,0,5,0,0,0,0,0,75,0,139,0,77,0,90,0,169,0,0,0,0,0,0,0,0,0,0,0,0,0,0,0,0,0,0,0,0,0,0,0,0,0,0,0,0,0,0,0,0,0,0,0,3,0,0,0,0,0,0,0,0,0,0,0,0,0,0,0,0,0,0,0,0,0,0,0,0,0,0,0,0,0,0,0,0,0,0,0,0,0,0,0,52,0,0,0,0,0
0,0,115,8,194,0,0,0,0,0,46,3,0,0,72,7,69,2,17,0,68,0,40,7,0,0,20,0,69,0,0,0,7,0,15,0,4,0,4,0,0,0,12,0,6,0,0,0,0,0,13,0,0,0,0,0,0,0,0,0,0,0,30,0,0,0,0,0,0,0,0,0,0,0,19,0,0,0,0,0,0,0,0,0,0,0,16,0,0,0,0,0,0,0,0,0,0,0,0,0,0,0,0,0,0,0,0,0,0,0,0,0,0,0,0,0,0,0,0,0,0,0,15,0,0,0,0,0,0,0,0,0,3,0,0,0,23,0,20,0,0,0,38,0,0,0,0,0,0,0,0,0,0,0,0,0,0,0,0,0,0,0,0,0,0,0,9,0,0,0,0,0,0,0,0,0,11,0,10,0,0,0,3,0,0,0,0,0,0,0,0,0,0,0,0,0,0,0,0,0,0,0,0,0,0,0,0,0,0,0,17,39,13,0,0,0,0,0,0,1,0,0,0,0,0
0,4,0,28,0,157,0,0,0,0,0,19,0,0,0,145,1,14,0,43,4,7,0,15,0,0,0,0,0,34,0,0,0,1,0,10,0,7,0,4,0,0,0,2,0,0,0,0,0,0,0,2,0,0,0,0,0,0,0,0,0,0,0,15,0,0,0,0,0,0,0,0,0,0,0,2,0,0,0,0,0,0,0,0,0,14,0,0,0,0,0,0,0,0,0,0,0,0,0,6,0,0,0,0,0,0,0,0,0,0,0,0,0,0,0,0,0,0,0,0,0,0,0,0,0,0,0,0,0,0,0,0,0,0,0,0,0,0,0,17,0,20,0,30,0,0,0,0,0,0,0,0,0,0,0,1,0,0,0,0,0,0,0,0,0,0,0,17,0,0,0,0,0,0,0,0,0,8,0,0,0,0,0,1,0,0,0,0,0,0,0,0,0,0,0,0,0,0,0,0,0,0,0,0,0,0,0,0,0,0,0,0,0,0,3,0,0,0,18,48,30,0,0,0,0
108,0,328,17,263,0,0,0,0,0,220,4,0,0,24,0,191,13,0,0,79,0,46,34,10,0,12,0,5,0,7,0,0,0,95,0,42,0,2,4,0,0,9,0,0,0,0,0,0,0,14,0,0,0,1,0,0,0,0,0,1,0,14,0,0,0,0,0,0,0,1,0,0,0,0,0,0,0,0,0,0,0,0,0,0,0,0,0,0,0,0,0,0,0,0,0,0,0,0,0,0,0,0,0,0,0,0,0,0,0,0,0,0,0,0,0,0,0,0,0,0,0,0,0,0,0,0,0,8,0,2,0,0,0,0,0,25,0,86,0,0,0,0,0,36,0,0,0,0,0,0,0,0,0,8,0,22,0,2,0,0,0,0,0,0,0,14,0,10,0,1,0,5,0,0,0,57,5,57,0,0,0,24,0,0,0,0,0,0,0,0,0,0,0,0,0,0,0,0,0,0,0,0,0,0,0,0,0,0,0,14,129,24,0,0,0,0,0,0,0,0,0,0,0,0
6,163,0,294,21,331,0,0,1,0,11,155,0,0,43,42,0,71,0,0,0,5,43,66,0,2,0,0,0,36,0,1,0,0,0,59,0,23,0,0,0,0,0,2,0,0,0,0,0,1,0,12,0,0,0,0,0,2,0,0,0,1,0,14,0,0,0,0,0,0,0,0,0,0,0,2,0,0,0,0,0,18,0,0,0,37,0,0,0,1,0,0,0,0,0,0,0,0,0,13,0,9,0,0,0,0,0,0,0,0,0,0,0,0,0,0,0,0,0,0,0,7,0,0,0,0,0,0,0,0,0,0,0,0,0,0,0,0,0,9,0,0,0,25,0,5,0,0,0,0,0,0,0,0,0,0,0,0,0,4,0,0,0,0,0,2,0,25,0,0,0,0,0,0,0,0,0,74,0,19,0,0,0,7,0,0,0,0,0,0,0,0,0,0,0,0,0,0,0,0,0,0,0,0,0,0,0,0,0,0,2,0,0,0,6,0,0,0,0,193,25,0,0,0,0
0,0,0,0,107,0,0,0,0,0,9,0,53,0,120,12,5,0,143,30,71,0,5,1,0,0,17,0,36,0,15,0,95,0,0,0,25,1,0,0,0,0,15,0,27,0,0,0,0,0,20,0,0,0,0,0,2,0,0,0,0,0,18,0,0,0,0,0,0,0,20,0,0,0,43,0,0,0,0,0,0,0,0,0,0,0,42,0,0,0,0,0,0,0,0,0,0,0,148,0,0,0,0,0,0,0,0,0,0,0,0,0,0,0,0,0,0,0,0,0,43,0,0,0,0,0,0,0,0,0,0,0,0,0,0,0,0,0,0,0,10,0,41,0,31,0,0,0,0,0,0,0,0,0,0,0,0,0,0,0,0,0,5,0,25,0,13,0,24,0,0,0,25,0,0,0,0,0,65,0,0,0,0,0,0,0,0,0,0,0,0,0,0,0,0,0,0,0,0,0,5,0,0,0,0,0,0,0,0,0,49,79,78,8,12,0,0,0,0,0,0,0,0,0,0
0,0,0,0,0,284,0,0,0,0,0,103,0,119,88,51,0,3,25,160,22,19,0,6,0,0,0,43,0,62,0,10,0,59,0,0,0,102,0,31,0,0,0,12,0,4,0,0,0,0,0,23,0,0,0,0,0,0,0,6,0,0,0,11,0,0,0,0,0,0,0,2,0,0,0,4,0,0,0,1,0,0,0,0,0,0,0,0,0,0,0,0,0,0,0,0,0,0,0,0,0,0,0,0,0,0,0,0,0,0,0,0,0,0,0,0,0,0,0,0,0,0,0,0,0,0,0,0,0,0,0,0,0,0,0,0,0,30,1,37,0,48,0,85,0,32,0,0,0,0,0,0,0,0,0,2,0,0,0,4,0,0,0,0,0,11,0,47,0,7,0,0,0,4,0,0,0,60,0,0,0,0,0,0,0,0,0,16,0,0,0,0,0,0,0,0,0,0,0,0,0,0,0,0,0,0,0,0,0,0,0,0,0,0,0,0,0,0,76,151,149,17,0,0,0
64,0,57,0,187,0,0,0,0,0,121,5,0,3,104,0,0,2,19,6,39,0,11,4,5,2,52,2,60,0,4,0,42,0,25,0,0,0,14,0,6,0,35,0,41,0,0,0,0,0,53,0,0,0,0,0,0,0,0,0,18,0,40,0,0,0,0,0,0,0,41,0,0,0,41,0,0,0,0,0,41,0,0,0,31,0,40,0,0,0,0,0,0,0,0,0,15,0,84,0,0,0,0,0,0,0,0,0,0,0,0,0,0,0,0,0,0,0,0,0,42,0,0,0,0,0,0,0,0,0,3,0,0,0,19,0,49,0,124,0,96,0,149,0,113,0,1,0,0,0,0,0,0,0,3,0,32,0,0,0,0,0,23,0,37,0,30,0,31,0,23,0,32,0,0,0,22,0,51,0,0,0,7,0,0,0,0,0,0,0,0,0,0,0,0,0,0,0,0,0,0,0,0,0,0,0,0,0,0,0,38,79,83,15,0,0,0,0,0,0,0,0,0,0,0
0,156,19,81,24,195,0,0,0,2,0,154,0,53,40,24,11,17,22,43,7,44,14,25,0,0,0,46,0,15,0,7,0,23,1,102,0,0,0,12,0,0,0,67,0,28,0,0,0,3,0,58,0,8,0,0,0,2,0,0,0,4,0,27,0,0,0,0,0,0,0,0,0,0,0,38,0,0,0,0,0,50,0,0,0,48,0,25,0,0,0,0,0,0,0,0,0,0,0,0,0,15,0,0,0,0,0,0,0,0,0,0,0,0,0,0,0,0,0,0,0,0,0,0,0,0,0,0,0,2,0,0,0,0,0,21,0,78,0,203,0,219,0,274,0,212,0,0,0,0,0,0,0,0,0,17,0,82,0,27,0,0,0,4,0,0,0,27,0,11,0,5,0,12,0,0,4,92,0,20,0,0,0,24,0,0,0,10,0,0,0,0,0,0,0,0,0,1,0,0,0,0,0,0,0,0,0,0,0,0,0,0,0,0,3,0,0,0,10,147,39,4,1,0,0
330,9,275,0,0,0,173,0,35,0,0,0,0,0,0,0,199,6,0,0,4,0,41,0,122,31,2,0,26,0,4,0,2,0,0,0,14,0,0,3,0,0,0,0,1,0,0,0,0,0,0,0,0,0,0,0,0,0,0,0,0,0,21,0,0,0,0,0,0,0,2,0,0,0,0,0,0,0,0,0,0,0,0,0,0,0,0,0,0,0,0,0,0,0,0,0,5,0,0,0,0,0,0,0,0,0,0,0,0,0,0,0,0,0,0,0,0,0,0,0,0,0,0,0,0,0,0,0,5,0,0,0,0,0,0,0,20,0,37,0,26,0,34,0,24,0,0,0,0,0,0,0,0,0,2,0,7,0,0,0,0,0,0,0,0,0,6,0,0,0,4,0,33,0,0,0,134,0,3,0,0,0,29,0,0,0,0,0,0,0,0,0,0,0,0,0,0,0,0,0,0,0,0,0,0,0,0,0,0,0,15,111,18,12,8,0,1,0,0,0,0,0,0,0,0
53,445,26,127,6,25,33,265,6,0,0,20,0,0,0,0,46,167,0,0,0,4,45,12,96,19,0,0,0,0,0,4,4,0,0,31,0,12,3,0,0,0,0,5,0,0,0,0,0,0,0,4,0,0,0,2,0,0,0,0,0,0,5,16,0,0,0,0,0,0,0,0,0,0,0,0,0,0,0,0,0,0,0,0,0,0,0,0,0,0,0,0,0,0,0,0,0,0,0,0,0,0,0,0,0,0,0,0,0,0,0,0,0,0,0,0,0,0,0,0,0,0,0,0,0,0,0,0,0,0,0,0,0,0,0,0,0,0,0,30,0,0,0,0,0,9,0,0,0,0,0,0,0,0,0,7,0,1,0,10,0,0,0,0,0,0,0,12,0,0,0,0,0,11,0,0,13,117,0,17,0,0,0,59,0,0,0,0,0,0,0,0,0,0,0,0,0,0,0,0,0,0,0,0,0,0,0,0,0,0,0,0,0,0,0,0,0,0,3,181,0,0,0,0,0
72,0,39,0,81,0,10,0,33,0,67,0,169,80,0,0,0,0,33,0,0,0,0,0,0,0,55,106,0,0,0,0,0,0,0,0,6,0,0,0,0,187,64,9,78,174,80,279,79,104,0,8,0,0,0,0,0,0,2,0,0,0,0,0,0,0,0,0,0,0,0,0,0,0,0,0,0,0,0,0,0,0,0,0,0,0,0,0,0,0,0,0,0,0,0,0,0,0,0,0,0,0,0,0,0,0,0,0,0,0,0,0,0,0,0,0,0,0,0,0,2,0,0,0,0,0,0,0,0,0,0,0,0,0,0,0,0,0,0,0,0,0,0,0,0,0,0,0,0,0,0,0,29,0,0,0,0,0,0,0,0,0,0,0,0,0,0,0,0,0,0,0,0,0,0,0,55,27,37,0,0,0,38,0,40,0,108,0,0,0,0,0,0,0,0,0,0,0,0,0,0,0,0,0,0,0,0,0,0,0,0,121,51,0,5,0,0,41,0,46,0,0,0,0,8
0,40,0,8,0,45,0,15,0,0,0,73,78,126,0,0,0,0,29,1,0,0,0,0,0,0,210,10,0,0,0,0,0,0,0,0,0,0,0,0,187,0,27,33,62,30,42,109,0,23,10,12,0,0,0,0,0,3,0,0,0,0,0,0,0,0,0,0,0,0,0,0,0,0,0,0,0,0,0,0,0,0,0,0,0,0,0,0,0,0,0,0,0,0,0,0,0,0,0,0,0,0,0,0,0,0,0,0,0,0,0,0,0,0,0,0,0,0,0,0,0,0,0,0,0,0,0,0,0,0,0,0,0,0,0,0,0,0,0,0,0,0,0,0,0,0,0,0,0,0,0,0,0,0,0,0,0,0,0,0,0,0,0,0,0,0,0,0,0,0,0,1,0,0,0,0,0,86,0,16,0,22,0,0,0,0,39,2,0,0,0,0,0,0,0,0,0,0,0,0,0,0,0,0,0,0,0,0,0,0,0,0,0,0,0,0,0,0,0,56,21,0,0,0,5
0,0,0,0,21,0,0,0,0,0,5,0,145,51,0,0,0,0,46,27,10,3,0,0,0,0,322,72,13,0,12,0,9,0,15,0,35,0,0,0,64,27,0,7,193,28,45,53,22,2,46,7,0,0,0,0,0,0,0,0,3,0,8,0,0,0,0,0,0,0,0,0,0,0,26,0,0,0,0,0,0,0,0,0,0,0,23,0,0,0,0,0,0,0,0,0,0,0,0,0,0,0,0,0,0,0,0,0,0,0,0,0,0,0,0,0,0,0,0,0,0,0,0,0,0,0,0,0,0,0,0,0,0,0,0,0,0,0,0,0,0,0,0,0,10,0,0,0,0,0,0,0,0,0,0,0,0,0,0,0,0,0,0,0,50,0,32,0,0,0,16,0,13,0,0,0,2,2,36,0,0,0,0,0,0,0,50,0,0,0,0,0,0,0,0,0,0,0,0,0,0,0,0,0,0,0,0,0,0,0,27,126,137,0,0,0,0,0,0,3,0,0,0,0,0
0,0,0,0,0,0,0,0,0,0,0,0,23,88,0,8,0,7,29,18,0,33,0,7,0,0,35,163,0,0,0,2,0,2,0,12,0,67,0,5,9,33,7,0,4,111,0,51,0,13,0,78,0,0,0,2,0,3,0,0,0,0,0,15,0,0,0,0,0,0,0,9,0,3,0,18,0,0,0,0,0,0,0,0,0,0,0,0,0,0,0,0,0,2,0,0,0,2,0,0,0,0,0,0,0,0,0,0,0,0,0,0,0,0,0,0,0,0,0,0,0,0,0,0,0,0,0,0,0,0,0,0,0,0,0,0,0,0,0,34,0,77,0,203,0,62,0,0,0,0,0,0,0,0,0,0,0,0,0,0,0,0,0,0,0,25,0,24,0,7,0,8,0,3,0,0,0,89,0,0,0,0,0,0,0,0,0,155,0,0,0,0,0,0,0,0,0,0,0,0,0,0,0,0,0,0,0,0,0,0,0,0,0,0,11,0,0,0,33,121,159,0,0,0,0
0,0,14,0,0,0,0,1,8,0,7,0,68,23,15,0,25,0,45,0,60,0,37,0,6,0,108,32,25,0,6,0,0,0,27,0,41,0,1,0,78,62,193,4,0,56,90,116,77,64,104,4,0,0,0,0,0,0,1,0,4,0,64,0,0,0,1,0,0,0,39,0,0,0,45,0,8,0,0,0,0,0,0,0,0,0,0,0,23,0,56,0,28,0,65,0,61,0,190,0,56,0,0,0,0,0,157,0,0,0,0,0,0,0,0,0,0,0,0,0,0,0,0,0,0,0,0,0,6,0,0,0,0,0,63,0,0,0,0,0,21,0,73,0,27,0,0,0,11,0,35,0,19,0,0,0,7,0,0,0,0,0,18,0,170,0,32,0,131,0,12,0,24,0,0,0,26,12,12,0,0,1,10,0,14,0,32,0,0,0,5,0,0,0,0,0,0,0,0,0,0,0,0,0,0,0,16,0,27,0,47,182,227,55,23,0,0,72,0,7,0,0,0,0,4
0,34,0,21,0,21,0,0,0,5,0,56,114,48,0,14,0,0,34,47,6,54,0,0,0,3,168,164,0,4,0,0,0,0,0,4,0,28,0,0,174,30,28,111,56,0,39,88,9,192,14,104,0,12,0,12,0,11,0,38,0,0,0,48,0,0,0,0,0,14,0,0,0,13,0,51,0,22,0,0,0,142,0,66,0,180,0,64,0,0,0,0,0,27,0,109,0,0,0,63,0,108,0,20,0,0,0,36,0,0,0,0,0,0,0,0,0,0,0,0,0,81,0,15,0,0,0,0,0,0,0,0,0,0,0,0,0,0,0,0,0,33,0,223,0,42,0,0,0,0,0,0,0,0,0,0,0,0,0,0,0,0,0,0,0,121,0,58,0,81,0,22,0,25,0,0,3,74,1,0,0,13,0,2,0,0,14,43,0,0,0,0,0,0,0,16,0,0,0,0,0,0,0,0,0,0,0,0,0,0,0,2,2,0,23,0,0,0,42,347,526,36,0,2,119
27,0,33,0,36,0,8,0,18,0,22,0,126,22,15,0,12,0,85,0,4,1,12,0,0,0,174,26,0,0,0,0,0,0,0,0,0,0,0,0,80,42,45,0,90,39,0,63,136,83,13,0,0,0,3,0,0,0,0,0,5,0,19,0,0,0,0,0,0,0,0,0,0,0,0,0,0,0,0,0,0,0,0,0,0,0,0,0,0,0,10,0,0,0,0,0,0,0,0,0,0,0,0,0,0,0,0,0,0,0,0,0,0,0,0,0,0,0,0,0,0,0,2,0,0,0,0,0,1,0,0,0,0,0,0,0,0,0,0,0,0,0,0,0,0,0,0,0,30,0,73,0,43,0,0,0,0,0,0,0,0,0,0,0,33,0,0,0,0,0,0,0,0,0,5,0,69,13,47,0,42,0,57,0,26,0,84,0,0,0,0,0,0,0,0,0,0,0,0,0,0,0,0,0,0,0,9,0,15,0,0,157,61,0,0,0,0,86,0,8,0,0,0,0,8
0,76,0,12,9,61,0,16,0,0,0,138,154,266,6,0,1,0,43,28,0,17,0,0,0,0,263,247,0,0,0,0,0,0,0,0,0,0,0,0,279,109,53,51,116,88,63,0,33,50,0,48,0,0,0,0,0,0,0,0,0,0,0,7,0,4,0,0,0,0,0,0,0,0,0,0,0,0,0,0,0,0,0,0,0,0,0,0,0,0,0,0,0,0,0,0,0,0,0,0,0,0,0,0,0,0,0,0,0,0,0,0,0,0,0,0,0,0,0,0,0,0,0,0,0,0,0,0,0,0,0,0,0,0,0,0,0,0,0,0,0,0,0,0,0,0,0,0,0,0,0,0,0,0,0,0,0,0,0,0,0,1,0,0,0,0,0,0,0,0,0,0,0,0,0,0,0,53,3,1,0,0,0,0,0,0,30,4,0,0,0,0,0,0,0,0,0,0,0,0,0,0,0,0,0,0,0,0,0,0,0,9,0,0,0,0,0,0,6,367,62,0,0,0,95
10,0,13,0,4,0,28,1,9,0,1,0,11,0,1,0,4,0,1,1,0,0,0,0,0,0,26,0,0,0,0,0,0,0,0,0,0,0,0,0,79,0,22,0,77,9,136,33,0,84,3,0,0,0,7,0,8,0,7,0,9,0,6,0,1,0,0,0,4,0,0,0,4,0,2,0,3,0,0,0,1,0,12,0,0,0,3,0,4,0,0,0,15,1,15,0,0,2,0,0,9,0,24,0,8,0,0,0,0,0,0,0,0,0,0,0,0,0,0,0,0,0,0,0,0,0,5,0,0,0,9,0,0,1,17,0,1,0,2,0,0,0,16,0,0,0,5,0,0,0,14,1,6,0,1,0,0,0,1,0,14,0,12,0,61,2,10,0,46,1,16,0,9,0,0,0,17,9,8,0,3,0,0,0,1,0,83,0,24,0,7,0,0,0,18,0,0,0,34,0,23,0,35,0,33,0,24,0,7,0,52,85,172,54,92,3,0,14,0,9,3,0,0,0,17
0,6,0,0,0,4,0,0,0,0,0,33,19,36,0,0,0,0,0,6,0,7,0,0,0,0,39,42,0,0,0,0,0,1,0,0,0,3,0,0,104,23,2,13,64,192,83,50,84,0,0,15,0,0,0,0,0,3,0,3,0,0,0,6,0,0,0,0,0,12,0,0,0,0,0,0,0,0,0,0,0,0,0,19,0,0,0,0,0,0,0,0,0,15,0,0,0,0,0,11,0,17,0,0,0,0,0,0,0,0,0,0,0,0,0,0,0,0,0,0,0,0,0,2,0,0,0,1,0,0,0,0,0,1,0,11,0,0,0,0,0,0,0,0,0,0,0,3,0,5,0,0,0,17,0,0,0,0,0,0,0,0,0,0,0,33,0,13,0,7,0,7,0,6,0,0,1,45,0,9,0,22,0,1,0,8,35,14,0,0,0,0,0,0,0,0,0,0,0,0,0,3,0,0,0,0,0,0,0,0,0,22,0,0,16,0,0,0,17,21,51,8,0,0,37
0,0,0,0,183,0,0,0,0,0,17,0,283,42,25,0,0,0,164,38,65,0,0,0,0,0,217,42,22,0,13,0,14,0,20,0,53,0,0,0,0,10,46,0,104,14,13,0,3,0,0,9,3,0,0,0,0,0,0,0,0,0,9,0,0,0,1,0,0,0,66,0,14,0,56,0,0,0,16,0,60,0,0,0,21,0,0,0,0,0,0,0,0,0,46,0,21,0,146,0,51,0,0,0,0,0,0,0,0,0,0,0,0,0,0,0,0,0,0,0,38,0,0,0,0,0,0,0,0,0,0,0,0,0,0,0,0,0,0,0,16,0,0,0,24,0,0,0,0,0,0,0,0,0,2,0,0,0,0,0,0,0,15,0,74,0,88,0,81,0,39,0,51,0,0,0,0,6,94,0,0,0,0,0,0,0,63,0,0,0,0,0,0,0,0,0,0,0,0,0,0,0,0,0,0,0,0,0,0,0,70,133,175,37,29,0,3,0,0,0,0,0,0,0,0
0,0,0,0,15,78,0,0,0,4,0,7,30,200,0,0,0,1,49,116,0,36,0,1,0,0,20,268,0,5,0,2,0,12,0,23,0,58,0,4,8,12,7,78,4,104,0,48,0,15,9,0,0,0,0,5,0,10,0,20,0,1,0,0,0,0,0,0,0,3,0,9,0,0,0,24,0,0,0,0,0,34,0,0,0,23,0,9,0,0,0,0,0,0,0,0,0,0,0,14,0,12,0,0,0,0,0,0,0,0,0,0,0,0,0,0,0,0,0,0,0,22,0,0,0,0,0,0,0,0,0,0,0,0,0,0,0,0,0,0,0,30,0,60,0,28,0,0,0,0,0,0,0,0,0,2,0,0,0,0,0,8,0,0,0,4,0,33,0,47,0,11,0,26,0,0,0,82,0,0,0,0,0,0,0,0,3,102,0,0,0,0,0,0,0,0,0,0,0,0,0,0,0,0,0,0,0,0,0,0,0,0,0,0,20,0,0,0,30,94,100,17,0,0,0
1,4,4,0,0,0,44,17,18,53,0,0,0,0,6,0,6,0,8,0,6,0,6,0,26,8,0,0,0,0,0,0,0,0,0,0,0,0,0,0,0,0,0,0,0,0,0,0,0,0,3,0,0,56,61,135,34,86,21,140,43,9,14,27,0,6,4,193,0,0,0,0,0,0,0,0,0,0,0,0,16,0,0,0,34,0,0,0,0,0,37,0,1,0,0,0,128,0,68,0,0,0,0,0,7,0,119,0,0,0,0,0,0,0,0,0,0,0,0,0,3,0,4,0,2,0,0,0,152,0,7,0,16,0,27,0,133,0,138,0,12,0,77,0,20,0,0,0,0,0,0,0,0,0,73,17,48,0,67,6,4,0,0,0,0,0,0,0,2,0,7,0,1,0,0,0,0,0,0,0,0,0,0,0,8,3,0,0,0,0,0,0,0,0,0,0,0,0,0,0,57,0,0,0,0,0,1,0,0,0,42,115,23,26,30,1,0,0,0,0,0,1,0,0,0
0,0,0,0,0,0,21,25,90,60,0,9,0,0,0,2,0,9,0,16,0,29,0,10,12,3,0,18,0,11,0,0,0,0,0,0,0,8,0,0,0,0,0,0,0,12,0,0,0,0,0,0,56,0,155,39,0,91,62,41,6,11,40,30,0,0,49,11,0,0,0,0,0,0,0,0,0,0,0,0,0,0,0,0,0,35,0,0,0,0,0,0,0,0,0,0,0,0,0,7,0,7,0,0,0,0,0,0,0,0,0,0,0,0,0,0,0,0,0,0,0,0,0,0,0,11,0,13,0,117,0,18,0,38,0,94,0,202,0,223,0,77,0,122,0,3,0,0,0,0,0,0,0,0,0,73,0,23,0,122,0,32,0,0,0,0,0,0,0,0,0,0,0,0,0,0,3,2,0,0,0,0,0,0,2,2,0,0,0,0,0,0,0,0,0,0,0,0,0,0,0,35,0,0,0,0,0,0,0,10,4,0,0,0,45,0,0,0,60,167,9,43,0,0,0
6,0,33,0,0,0,215,0,140,301,0,0,0,0,31,0,0,0,0,0,0,0,106,0,60,33,12,0,0,0,0,0,1,0,0,0,0,0,0,0,0,0,0,0,0,0,3,0,7,0,0,0,61,155,0,309,24,65,41,117,28,33,21,125,1,3,29,179,0,0,0,0,0,0,0,0,0,0,0,0,4,0,0,0,18,0,0,0,0,0,0,0,0,0,0,0,0,0,0,0,0,0,0,0,0,0,42,0,0,0,0,0,0,0,0,0,0,0,0,0,4,0,0,0,10,0,35,0,116,0,116,0,21,0,184,0,184,0,36,0,6,0,97,0,0,0,6,0,4,0,0,0,0,0,50,8,9,14,19,0,34,0,3,0,1,0,0,0,0,1,130,0,12,0,0,0,5,0,0,0,0,0,0,0,0,11,0,0,0,0,0,0,0,0,0,0,0,0,0,0,119,0,0,0,0,0,0,0,134,0,286,27,111,228,240,4,24,0,9,0,0,3,0,0,0
0,36,2,52,0,24,68,248,363,114,0,22,0,10,2,109,0,18,0,134,0,20,3,39,51,66,0,52,0,6,0,0,0,0,0,0,0,0,0,2,0,0,0,2,0,12,0,0,0,0,0,5,135,39,309,0,20,80,130,102,0,19,129,50,5,0,143,5,0,0,0,0,0,0,0,0,0,0,0,0,0,0,0,0,0,14,0,0,0,0,0,0,0,0,0,0,0,0,0,0,0,0,0,0,0,0,0,0,0,0,0,0,0,0,0,0,0,0,0,0,0,0,0,0,0,0,0,15,0,65,2,0,0,50,0,118,0,190,2,89,0,33,0,31,0,0,0,0,0,0,0,0,0,0,0,74,4,6,0,31,0,33,0,0,0,0,0,0,0,0,9,80,0,30,0,0,10,4,0,0,0,0,0,0,0,1,0,0,0,0,0,0,0,0,0,0,0,0,0,0,0,0,0,0,0,0,0,0,0,55,12,0,0,0,152,0,0,0,131,158,104,191,0,37,1
4,0,0,0,0,0,4,0,51,6,0,0,0,0,0,0,0,0,0,0,0,0,0,0,0,0,0,0,0,0,0,0,0,0,2,0,0,0,0,0,0,0,0,0,0,0,0,0,8,0,0,0,34,0,24,20,0,35,94,49,0,0,2,0,18,0,40,157,0,0,0,0,0,0,0,0,0,0,0,0,0,0,0,0,0,0,0,0,0,0,0,0,0,0,0,0,0,0,0,0,0,0,0,0,0,0,0,0,0,0,0,0,0,0,0,0,0,0,0,0,1,0,0,0,7,0,13,0,58,0,80,0,15,0,35,0,44,0,16,0,0,0,24,0,13,0,8,0,13,0,1,0,0,0,154,63,98,0,130,50,28,0,0,0,6,0,0,0,10,0,168,0,6,0,0,0,0,0,0,0,0,10,0,0,7,0,0,0,0,0,0,0,0,0,0,0,0,0,0,0,0,0,0,0,0,0,0,0,28,0,520,159,368,403,714,31,22,0,1,0,0,0,0,0,0
0,17,0,13,0,0,0,19,25,42,0,0,0,4,0,19,0,0,0,0,0,10,0,0,0,33,0,0,0,0,0,0,0,2,0,0,0,2,0,0,0,3,0,3,0,11,0,0,0,3,0,10,86,91,65,80,35,0,80,118,0,11,7,27,0,29,96,40,0,2,0,0,0,0,0,0,0,0,0,0,0,0,0,0,0,0,0,0,0,0,0,0,0,0,0,0,0,0,0,0,0,0,0,3,0,0,0,0,0,0,0,0,0,0,0,0,0,0,0,0,0,0,0,0,0,19,0,16,0,109,0,119,0,54,0,60,0,96,0,49,0,21,0,11,2,0,0,3,0,5,0,2,0,0,12,243,8,32,0,163,0,76,0,0,0,1,0,0,0,5,0,298,0,30,0,0,0,0,0,0,0,0,0,0,6,0,0,0,0,0,0,0,0,0,0,0,0,0,0,0,0,18,0,0,0,0,0,0,0,43,0,0,0,0,457,0,0,0,364,102,362,410,4,34,0
5,0,0,0,0,0,2,0,45,67,0,0,7,0,0,0,0,0,0,0,0,0,0,0,0,0,0,0,0,0,0,0,0,0,0,0,0,0,0,0,2,0,0,0,1,0,0,0,7,0,0,0,21,62,41,130,94,80,0,195,24,0,5,0,164,12,41,396,0,0,0,0,0,0,0,0,0,0,0,0,0,0,0,0,0,0,0,0,0,0,0,0,0,0,0,0,0,0,0,0,0,0,0,0,0,0,0,0,0,0,0,0,0,0,0,0,0,0,0,0,0,0,0,0,2,0,0,0,0,0,25,0,0,0,0,0,0,0,0,0,0,0,0,0,3,0,3,0,23,0,0,0,0,0,13,65,68,0,2,51,38,0,0,0,0,0,0,0,1,0,43,0,0,0,3,0,7,0,1,0,0,0,0,0,76,17,0,0,0,0,0,0,0,0,0,0,0,0,0,0,0,0,0,0,0,0,0,0,0,0,388,144,98,222,380,7,16,0,0,0,0,0,0,0,0
0,5,0,0,0,0,0,12,57,14,1,6,0,0,0,0,0,3,0,29,0,0,0,0,0,20,0,0,0,0,0,0,0,0,0,6,0,0,0,0,0,0,0,0,0,38,0,0,0,3,0,20,140,41,117,102,49,118,195,0,0,98,16,37,18,94,226,119,0,0,0,0,0,0,0,0,0,1,0,0,0,0,0,0,0,0,0,0,0,0,0,0,0,4,0,0,0,0,0,0,0,0,0,1,0,0,0,0,0,0,0,0,0,0,0,0,0,0,0,0,0,0,0,0,0,11,0,7,0,12,0,100,0,19,0,7,0,3,0,0,0,0,0,0,0,0,0,0,0,4,0,0,0,0,40,59,22,166,0,25,0,33,0,0,0,0,0,36,0,11,0,276,0,67,0,1,7,2,0,0,0,0,0,0,16,27,0,0,0,0,0,0,0,0,0,0,0,0,0,0,0,0,0,0,0,0,0,0,0,29,0,0,0,0,966,0,0,0,1186,254,496,700,3,101,0
35,0,7,0,0,0,132,0,119,9,0,0,0,0,1,0,3,0,0,0,0,0,0,0,33,6,0,0,3,0,0,0,1,0,0,0,18,0,0,0,0,0,3,0,4,0,5,0,9,0,0,0,43,6,28,0,0,0,24,0,0,0,58,3,0,0,13,0,0,0,2,0,1,0,3,0,0,0,0,0,0,0,0,0,0,0,0,0,0,0,0,0,0,0,0,0,0,0,0,0,0,0,0,0,0,0,0,0,0,0,0,0,0,0,0,0,0,0,0,0,0,0,0,0,0,0,0,0,1,0,0,0,0,0,0,0,19,0,103,0,51,0,45,0,166,0,0,0,0,0,0,0,0,0,24,0,35,0,0,0,0,0,5,0,0,0,0,0,1,0,113,0,56,0,0,0,50,0,0,0,0,2,0,0,0,0,0,0,0,0,0,0,0,0,0,0,0,0,0,0,0,0,0,0,0,0,0,0,1,0,29,80,72,99,31,3,14,0,0,0,0,0,0,0,0
0,123,0,0,0,0,37,100,0,250,0,11,0,0,0,0,16,0,0,13,0,0,3,2,57,14,0,0,1,4,0,0,0,1,0,0,0,4,0,0,0,0,0,0,0,0,0,0,0,0,0,1,9,11,33,19,0,11,0,98,0,0,21,21,0,0,0,17,0,0,0,0,0,0,0,0,0,0,0,0,0,0,0,0,0,0,0,0,0,0,0,0,0,0,0,0,0,0,0,0,0,0,0,0,0,0,0,1,0,0,0,0,0,0,0,0,0,0,0,0,0,0,0,0,0,0,0,0,0,0,0,0,0,0,0,0,0,14,0,37,0,57,0,39,0,112,0,0,0,0,0,0,0,0,0,24,0,92,0,28,0,3,0,0,0,0,0,0,0,0,0,71,1,49,0,0,10,64,0,0,0,0,0,38,0,12,0,0,0,0,0,0,0,0,0,0,0,0,0,0,0,0,0,0,0,0,0,0,0,0,0,0,0,0,57,0,0,0,92,273,24,91,0,15,0
0,47,2,0,0,0,239,50,87,142,0,0,3,0,65,0,232,7,111,0,213,0,36,0,40,130,116,0,25,0,30,0,14,0,18,0,40,0,21,5,0,0,8,0,64,0,19,0,6,0,9,0,14,40,21,129,2,7,5,16,58,21,0,120,0,1,0,17,0,0,22,0,0,0,36,0,0,0,0,0,0,0,0,0,221,3,63,0,0,0,69,0,0,0,0,0,112,0,0,0,0,0,0,0,0,0,0,0,0,0,0,0,0,0,0,0,0,0,0,0,72,0,59,0,0,0,4,0,87,0,5,0,20,0,20,0,154,0,189,0,53,1,84,0,16,0,0,0,0,0,0,0,0,0,51,0,11,0,21,1,0,0,0,0,0,0,0,0,0,0,6,0,7,0,0,0,8,0,0,0,0,0,0,3,1,0,1,0,0,0,0,0,0,0,0,0,0,0,0,0,31,0,0,0,0,0,0,0,4,0,15,79,19,8,19,0,0,0,3,0,4,0,0,0,0
37,43,0,0,0,0,98,95,162,130,0,16,0,0,0,16,29,165,0,107,0,181,0,102,158,18,0,50,0,140,0,15,0,14,0,11,0,27,0,16,0,0,0,15,0,48,0,7,0,6,0,0,27,30,125,50,0,27,0,37,3,21,120,0,0,0,0,0,0,0,0,0,0,0,0,2,0,0,0,0,0,0,0,0,0,11,0,0,0,0,0,0,0,0,0,0,0,0,0,0,0,0,0,0,0,0,0,0,0,0,0,0,0,0,0,0,0,0,0,0,0,0,0,0,0,0,0,0,0,38,0,0,0,0,0,51,0,90,0,131,0,64,0,63,0,0,0,0,0,0,0,0,0,0,1,26,0,10,0,63,0,7,0,0,0,0,0,0,0,0,0,4,0,6,0,0,13,49,0,0,0,0,0,18,0,0,0,0,0,0,0,0,0,0,0,0,0,0,0,0,0,0,0,0,0,0,0,0,0,0,0,0,0,0,23,0,0,0,59,257,15,14,0,5,0
27,0,19,0,0,0,0,0,59,0,6,0,19,0,5,0,0,0,5,0,0,0,0,0,0,0,0,0,0,0,0,0,0,0,0,0,0,0,0,0,0,0,0,0,0,0,0,0,1,0,0,0,0,0,1,5,18,0,164,18,0,0,0,0,0,0,77,19,0,0,0,0,0,0,0,0,0,0,0,0,0,0,0,0,0,0,0,0,0,0,0,0,0,0,0,0,0,0,0,0,0,0,0,0,0,0,0,0,0,0,0,0,0,0,0,0,0,0,0,0,0,0,0,0,3,0,0,0,0,0,16,0,0,0,0,0,0,0,5,34,0,0,0,0,29,12,14,0,38,8,2,0,1,0,7,33,16,0,0,45,192,76,4,0,0,0,0,0,0,0,0,0,0,0,14,2,0,0,0,0,139,42,0,0,73,0,0,0,0,0,0,0,0,0,0,0,0,0,0,0,0,0,0,0,0,0,2,0,2,0,60,21,0,0,73,0,2,0,0,0,0,0,0,0,0
0,77,0,0,0,15,0,7,0,168,0,10,0,0,0,5,0,0,0,26,0,0,0,0,0,0,0,25,0,0,0,0,0,0,0,0,0,0,0,0,0,0,0,0,0,0,0,4,0,0,0,0,6,0,3,0,0,29,12,94,0,0,1,0,0,0,13,219,0,0,0,0,0,1,0,4,0,0,0,0,0,0,0,1,0,0,0,0,0,0,0,0,0,0,0,1,0,0,0,0,0,0,0,0,0,0,0,0,0,0,0,0,0,0,0,0,0,0,0,0,0,0,0,0,0,22,0,33,0,0,0,43,0,0,0,13,0,0,27,15,0,0,0,0,19,26,0,47,0,202,0,66,0,23,40,4,4,0,41,11,97,132,0,0,0,0,0,0,0,2,0,0,0,0,0,13,0,0,0,0,27,204,0,9,3,72,0,0,0,0,0,19,0,10,0,0,0,0,0,22,0,0,0,1,0,0,0,27,0,82,0,0,0,0,75,0,0,0,97,48,0,0,0,0,0
13,0,0,0,0,0,0,6,44,71,4,0,0,0,0,0,0,1,0,0,0,0,0,0,0,0,0,0,0,0,0,0,0,0,0,0,0,0,0,0,0,0,0,0,1,0,0,0,0,0,1,0,4,49,29,143,40,96,41,226,13,0,0,0,77,13,0,238,0,0,0,0,0,0,0,0,0,0,0,0,0,0,0,0,0,0,0,0,0,0,0,0,0,0,0,0,0,0,0,0,0,0,0,0,0,0,0,0,0,0,0,0,0,0,0,0,0,0,0,0,0,0,0,0,3,0,14,0,0,0,53,0,0,0,10,0,0,0,0,0,0,0,0,0,7,0,29,0,67,0,5,0,1,0,11,68,18,0,0,39,25,14,0,0,0,0,0,0,0,0,11,0,0,0,5,0,70,0,0,0,0,10,0,0,347,12,0,0,0,0,0,0,0,0,0,0,1,0,1,0,0,0,0,0,0,0,1,0,13,0,142,55,21,0,85,0,0,0,0,0,2,0,0,0,0
0,23,0,0,0,5,0,14,69,118,0,0,0,0,0,0,0,0,0,0,0,0,0,0,0,1,0,5,0,0,0,0,0,0,0,0,0,0,0,0,0,0,0,0,0,0,0,0,0,0,0,0,193,11,179,5,157,40,396,119,0,17,17,0,19,219,238,0,0,0,0,0,0,0,0,0,0,3,0,0,0,0,0,0,0,0,0,0,0,0,0,0,0,0,0,0,0,0,0,0,0,0,0,0,0,0,0,0,0,0,0,0,0,0,0,0,0,0,0,0,0,0,0,0,0,20,0,5,0,0,0,67,0,0,0,0,0,0,0,0,0,0,0,0,4,0,0,8,0,26,0,6,0,0,98,12,15,41,13,12,0,46,0,20,0,0,0,5,0,0,0,50,0,0,0,4,18,0,0,0,5,29,0,2,24,323,0,0,0,0,0,0,0,0,0,0,0,0,0,1,0,2,0,0,0,0,0,5,0,17,3,0,0,1,307,0,0,0,375,232,126,195,0,11,0
0,0,0,0,0,0,0,0,0,0,0,0,0,0,0,0,0,0,0,0,0,0,0,0,0,0,0,0,0,0,0,0,0,0,0,0,0,0,0,0,0,0,0,0,0,0,0,0,4,0,0,0,0,0,0,0,0,0,0,0,0,0,0,0,0,0,0,0,0,0,1,0,19,0,0,0,83,0,32,0,0,0,11,0,0,0,5,0,47,0,0,0,72,0,14,0,0,0,0,1,19,0,308,0,63,0,35,0,29,0,1,0,6,0,1,0,13,0,0,0,0,0,0,0,0,0,1,4,0,0,0,0,0,0,5,0,6,0,0,0,0,0,1,0,0,0,0,0,0,0,0,0,0,0,0,0,0,0,0,0,0,0,0,0,16,0,2,0,140,0,4,0,2,0,0,0,0,0,1,0,0,0,0,0,0,0,0,0,53,0,0,0,0,0,0,0,0,0,7,0,14,0,0,0,0,0,0,0,0,0,86,7,80,6,18,15,7,0,0,0,0,0,0,0,0
0,1,0,0,0,0,0,0,0,0,0,0,0,0,0,0,0,0,0,0,0,0,0,0,0,2,0,3,0,0,0,0,0,0,0,0,0,0,0,0,0,0,0,0,0,14,0,0,0,12,0,3,0,0,0,0,0,2,0,0,0,0,0,0,0,0,0,0,0,0,0,0,0,7,0,0,0,38,0,0,0,0,0,17,0,0,0,0,0,5,0,0,0,39,0,56,0,0,0,0,0,31,0,95,0,22,0,0,0,1,0,4,0,23,0,2,0,0,0,0,0,0,0,0,0,0,0,0,0,0,0,0,0,1,0,0,0,0,0,0,0,0,0,0,0,0,0,0,0,0,0,0,0,0,0,0,0,0,0,0,0,2,0,2,0,44,0,0,0,71,0,1,0,0,0,0,0,1,0,0,0,0,0,0,0,0,0,0,0,42,0,0,0,5,0,28,0,0,0,0,0,0,0,18,0,7,0,5,0,0,0,0,0,0,0,0,0,0,40,16,92,0,10,15,3
0,0,0,0,0,0,0,0,0,0,0,0,0,0,0,0,7,0,0,0,106,0,0,0,0,0,39,0,4,0,0,0,1,0,20,0,41,0,2,0,0,0,0,0,39,0,0,0,0,0,66,0,0,0,0,0,0,0,0,0,2,0,22,0,0,0,0,0,1,0,0,0,131,0,123,0,1,0,81,0,0,0,0,0,1,0,5,0,0,0,0,0,0,0,0,0,0,0,0,0,0,0,0,0,1,0,0,0,0,0,0,0,0,0,0,0,0,0,0,0,24,0,14,0,0,0,0,0,1,0,0,8,2,0,0,0,5,0,0,0,42,3,15,0,33,0,0,0,7,4,18,0,7,2,0,0,8,0,0,0,0,0,157,0,0,0,33,0,32,0,51,0,58,0,8,0,0,0,0,0,19,0,0,0,0,0,0,0,0,0,0,0,0,0,0,0,0,0,0,0,0,0,0,0,0,0,0,0,12,0,3,0,22,0,0,0,0,0,0,0,0,0,0,0,0
0,0,0,0,0,0,0,0,0,0,0,2,0,0,0,0,0,0,0,0,0,0,0,3,0,0,0,7,0,0,0,0,0,0,0,2,0,0,0,0,0,0,0,9,0,0,0,0,0,0,0,9,0,0,0,0,0,0,0,0,0,0,0,0,0,0,0,0,0,0,0,0,0,100,1,156,0,2,0,11,0,0,0,0,0,0,1,0,0,0,0,0,0,0,0,0,0,0,0,0,0,0,0,0,0,0,0,0,0,0,0,0,0,0,0,0,0,0,0,0,0,0,0,7,0,20,0,29,0,0,0,0,0,11,0,0,2,12,0,2,0,12,0,0,0,137,0,19,0,30,0,0,1,7,0,0,0,0,0,0,1,0,0,42,0,0,0,16,0,0,0,30,0,30,0,6,0,0,0,0,0,28,0,0,0,0,0,0,0,0,0,0,0,0,0,0,0,0,0,0,0,0,0,3,0,0,0,0,0,0,0,0,0,0,0,0,0,0,27,2,8,0,0,0,0
0,0,0,0,0,0,0,0,0,0,0,0,0,0,0,0,0,0,0,0,18,0,0,0,0,0,0,0,0,0,0,0,0,0,0,0,0,0,0,0,0,0,0,0,0,0,0,0,4,0,14,0,0,0,0,0,0,0,0,0,1,0,0,0,0,0,0,0,19,0,131,0,0,0,83,0,42,0,186,0,4,0,32,0,41,0,20,0,0,0,0,0,0,0,4,0,17,0,4,0,1,0,0,0,0,0,1,0,0,0,0,0,0,0,0,0,0,0,0,0,45,0,11,0,0,0,12,0,3,0,0,0,0,0,73,1,9,0,6,5,29,0,105,0,28,0,20,0,1,1,42,0,11,0,0,0,0,0,1,0,0,0,102,0,0,0,0,0,8,0,27,0,0,0,0,0,0,0,1,0,10,0,0,0,2,0,0,0,0,0,0,0,0,0,0,0,0,0,78,0,89,0,0,0,0,0,39,0,66,0,271,3,16,2,24,0,0,0,0,0,0,0,0,0,0
0,0,0,0,0,0,0,0,0,0,0,0,0,0,0,0,0,0,0,0,0,6,0,0,0,0,0,0,0,0,0,0,0,0,0,0,0,0,0,0,0,0,0,3,0,13,0,0,0,0,0,0,0,0,0,0,0,0,0,0,0,0,0,0,0,1,0,0,0,7,0,100,0,0,0,259,0,149,0,71,0,32,0,51,0,36,0,94,0,0,0,0,0,0,0,2,0,0,1,0,0,0,0,0,0,0,0,0,0,0,0,0,0,0,0,0,0,0,0,0,0,80,0,65,0,38,0,76,0,0,0,3,0,24,0,137,0,81,0,1,0,32,0,74,0,123,0,0,0,16,8,36,0,0,0,0,0,0,0,0,0,0,0,73,0,0,0,0,0,3,0,39,0,18,0,8,0,0,0,0,19,0,0,0,0,0,0,0,0,49,0,0,0,0,0,8,0,0,0,0,0,51,0,112,0,17,0,125,0,120,0,0,0,0,18,0,0,0,224,0,14,0,2,0,0
0,0,0,0,0,0,0,0,0,0,0,0,0,0,0,0,0,0,0,0,101,0,1,0,0,0,45,0,12,0,19,0,0,0,43,0,41,0,0,0,0,0,26,0,45,0,0,0,2,0,56,0,0,0,0,0,0,0,0,0,3,0,36,0,0,0,0,0,0,0,123,1,83,0,0,0,11,0,136,0,12,0,0,0,39,0,22,0,0,0,1,0,0,0,3,0,0,0,1,0,0,0,0,0,0,0,0,0,0,0,0,0,0,0,0,0,0,0,0,0,87,0,30,0,0,16,3,9,2,0,3,3,0,0,27,0,8,0,2,3,44,3,42,0,54,2,6,7,7,0,28,0,33,0,0,0,6,0,0,0,0,0,84,0,0,0,0,0,24,0,0,0,22,0,17,0,0,0,0,0,43,3,1,0,0,0,0,0,0,0,0,0,0,0,0,0,0,0,13,0,14,0,0,0,0,0,0,0,10,0,10,0,23,7,0,0,0,0,4,0,0,0,0,0,0
0,0,0,0,0,0,0,0,0,0,0,0,0,0,0,0,0,9,0,0,0,32,0,7,0,0,0,43,0,6,0,2,0,2,0,4,0,38,0,0,0,0,0,18,0,51,0,0,0,0,0,24,0,0,0,0,0,0,0,0,0,0,0,2,0,4,0,0,0,0,0,156,0,259,0,0,0,15,0,57,0,17,0,0,0,11,0,85,0,0,0,0,0,0,0,0,0,0,0,6,0,0,0,0,0,0,0,0,0,0,0,0,0,0,0,0,0,0,0,0,0,34,0,53,21,39,0,79,0,0,0,0,0,0,0,75,8,51,0,3,0,30,1,45,0,298,11,67,15,69,0,35,0,61,0,0,0,4,1,0,0,0,0,95,0,0,0,42,0,0,0,34,0,57,0,15,0,0,0,0,9,85,0,0,0,0,0,0,0,1,0,0,0,0,0,0,0,3,0,0,0,15,0,0,0,0,0,59,0,0,0,0,0,0,12,0,0,0,52,6,0,1,0,0,0
0,0,0,0,0,0,0,0,0,0,0,0,0,0,0,0,0,0,0,0,0,0,0,0,0,0,0,0,0,0,0,0,0,0,0,0,0,0,0,0,0,0,0,0,8,0,0,0,3,0,0,0,0,0,0,0,0,0,0,0,0,0,0,0,0,0,0,0,83,0,1,0,42,0,11,0,0,0,39,0,0,0,28,0,13,0,14,0,2,0,0,0,39,0,12,0,0,0,0,0,4,0,51,0,0,0,0,0,9,0,0,0,0,0,5,0,7,0,0,0,5,0,0,0,0,0,1,0,0,0,0,0,0,0,6,0,4,0,0,0,0,0,0,0,0,0,0,0,0,0,0,0,0,0,0,0,0,0,0,0,0,0,0,0,11,0,1,0,14,0,2,0,2,0,0,0,0,0,0,0,0,1,0,0,0,0,0,0,27,0,13,0,0,0,34,0,0,0,0,0,0,0,0,0,0,0,0,0,0,0,78,9,20,0,15,3,0,0,0,0,0,0,0,0,0
0,0,0,0,0,0,0,1,0,0,0,0,0,0,0,0,0,0,0,0,0,0,0,0,0,0,0,0,0,0,0,0,0,0,0,0,0,0,0,0,0,0,0,0,0,22,0,0,0,0,0,0,0,0,0,0,0,0,0,1,0,0,0,0,0,0,0,3,0,38,0,2,0,149,0,15,0,0,0,19,0,37,0,75,0,0,0,159,0,0,0,0,0,3,0,39,0,0,0,7,0,61,0,35,0,34,0,0,0,0,0,0,0,23,0,0,0,9,0,0,0,21,0,2,0,0,0,0,0,0,0,0,0,0,0,0,0,0,0,1,2,4,0,19,0,23,4,0,0,0,0,0,0,0,0,0,0,0,0,0,0,0,0,0,0,12,0,0,0,39,0,3,0,0,0,0,0,0,0,0,0,0,0,0,0,0,0,0,0,106,0,0,0,0,0,37,0,2,0,0,0,43,0,0,0,0,0,0,0,0,0,0,0,0,20,0,0,0,90,5,49,0,5,1,0
0,0,0,0,0,0,0,0,0,0,0,0,0,0,0,0,0,0,0,0,0,0,0,0,0,0,0,0,0,0,0,0,0,0,0,0,0,0,0,0,0,0,0,0,0,0,0,0,0,0,16,0,0,0,0,0,0,0,0,0,0,0,0,0,0,0,0,0,32,0,81,0,186,0,136,0,39,0,0,0,29,0,86,0,126,0,44,0,0,0,0,0,49,0,10,0,62,0,22,0,0,0,21,0,21,0,0,0,0,0,0,0,2,0,0,0,1,0,0,0,87,0,34,0,0,0,0,0,5,0,0,0,0,0,87,0,15,0,0,0,19,0,114,0,23,0,0,0,0,0,28,0,0,0,0,0,3,0,0,0,0,0,27,0,5,0,0,0,35,0,0,0,0,0,0,0,0,0,0,0,0,0,0,0,0,0,0,0,52,0,0,0,0,0,0,0,0,0,128,0,149,0,83,0,0,0,0,0,44,0,279,5,26,0,27,7,0,0,1,0,0,0,0,0,0
0,0,0,0,0,0,0,0,0,0,0,0,0,0,0,0,0,0,0,0,0,0,0,0,0,0,0,0,0,0,0,0,0,0,0,1,0,0,0,0,0,0,0,0,0,0,0,0,0,0,0,0,0,0,0,0,0,0,0,0,0,0,0,0,0,0,0,0,0,0,0,11,0,71,0,57,0,19,0,0,0,3,0,3,0,5,1,45,0,0,0,0,0,0,0,0,0,1,0,0,0,0,0,0,0,0,0,0,0,0,0,0,0,0,0,0,0,0,0,0,0,22,0,26,0,0,0,0,2,0,0,0,0,0,0,27,0,0,0,0,0,32,0,23,0,81,0,0,0,0,0,0,0,0,0,0,0,0,0,0,0,0,0,16,0,0,0,0,0,0,0,0,0,0,0,0,0,0,0,0,0,0,0,0,0,1,0,0,0,0,0,0,0,9,0,0,0,0,1,0,0,0,0,16,0,0,0,0,0,28,0,0,0,0,0,0,0,0,8,0,2,0,0,0,0
