0,680,81,440,265,323,42,172,50,40,353,182,216,0,43,251,106,54,45,27,0,25,64,282,9,310,40,0,208,59,52,0,255,0,0,0,134,23,822,44,19,0,0,0,0,0,0,0,1,0,14,0,5,2,0,0,0,0,7,0,148,2,60,7,38,0,22,0,0,0,0,0,0,0,0,0,0,0,0,0,0,0,0,0,0,0,0,0,0,0,0,0,0,0,0,0,0,0,0,0,0,0,0,0,0,0,0,0,0,0,0,0,0,0,0,0,0,0,0,0,0,0,0,0,31,2,0,0,0,0,25,0,0,0,0,0,3,0,0,0,0,0,0,0,0,0,24,0,80,0,51,0,0,0,0,0,0,0,2,0,0,0,6,1,13,0,82,0,34,0,22,0,473,16,0,0,208,402,14,0,39,0,27,35,40,0,0,2,0,0,0,0,0,0,0,0,0,0,0,0,0,0,0,0,0,0,0,0,50,0,1049,345,526,99,313,0,0,0,19,18,43,4,0,0,0
680,0,192,94,0,266,232,40,160,124,19,426,0,213,15,41,46,94,0,49,0,22,149,102,354,57,0,118,0,185,0,0,0,305,0,0,0,190,0,424,0,119,0,7,0,24,0,65,0,24,0,34,4,0,9,26,0,6,0,14,3,71,22,44,0,74,1,7,0,0,0,0,0,0,0,1,0,0,0,0,0,0,0,0,0,0,0,0,0,0,0,0,0,0,0,0,0,0,0,0,0,0,0,0,0,0,0,0,0,0,0,0,0,0,0,0,0,0,0,0,0,0,0,0,0,19,0,21,0,16,0,22,0,0,0,80,0,75,0,11,0,0,0,0,0,0,0,21,0,159,0,139,0,151,0,0,0,0,0,0,0,14,0,0,0,20,0,0,0,48,0,31,0,205,0,27,71,341,0,20,0,80,0,30,0,69,0,3,0,0,0,0,0,0,0,0,0,0,0,11,0,0,0,0,0,0,0,120,0,120,0,2,0,0,421,0,0,0,1502,335,753,213,5,0,0
81,192,0,126,197,226,189,0,26,0,26,178,35,0,294,136,77,28,40,24,132,23,728,128,211,69,0,0,446,29,267,0,599,19,0,0,113,0,659,13,0,0,0,0,21,0,6,0,5,0,15,0,5,0,175,0,7,0,14,0,62,0,99,0,41,0,9,0,0,0,0,0,0,0,0,0,0,0,0,0,0,0,0,0,0,0,0,0,0,0,0,0,0,0,0,0,0,0,0,0,0,0,0,0,0,0,0,0,0,0,0,0,0,0,0,0,0,0,0,0,0,0,0,0,63,0,69,0,0,0,83,0,53,0,324,0,116,0,0,0,0,1,170,0,0,0,96,0,265,0,199,0,62,0,0,0,0,0,0,0,0,0,0,0,11,0,194,0,83,0,17,0,330,0,0,0,17,98,0,0,53,0,0,12,65,0,0,0,0,0,0,0,0,0,0,0,0,0,40,0,203,0,0,0,0,0,90,0,412,0,1052,186,826,196,459,0,0,0,14,0,0,0,0,0,0
440,94,126,0,0,122,0,253,0,34,0,6,0,16,0,301,32,60,0,68,0,32,165,301,108,228,0,0,0,156,0,37,0,313,0,0,0,89,36,151,0,0,0,0,0,0,0,0,0,0,0,0,0,0,0,344,0,11,0,16,0,6,2,0,0,0,0,2,0,0,0,0,0,0,0,0,0,0,0,0,0,0,0,0,0,0,0,0,0,0,0,0,0,0,0,0,0,0,0,0,0,0,0,0,0,0,0,0,0,0,0,0,0,0,0,0,0,0,0,0,0,0,0,0,0,0,0,21,0,34,0,9,0,20,0,369,1,255,3,55,0,15,1,0,0,0,0,0,0,12,0,0,0,0,0,4,0,0,0,0,0,6,0,0,0,0,0,165,0,0,0,13,0,154,0,2,16,39,0,0,0,0,0,1,0,0,0,0,0,0,0,0,0,0,0,0,0,2,0,0,0,0,0,0,0,0,0,106,0,181,0,0,16,0,146,0,0,0,372,64,419,104,0,0,0
265,0,197,0,0,362,34,0,53,0,189,280,268,428,269,199,0,0,275,485,183,170,114,41,0,0,148,303,0,0,374,0,511,0,346,22,289,0,0,0,63,31,14,0,35,0,32,47,3,4,244,0,0,0,0,0,0,0,0,0,0,0,0,0,0,0,0,0,0,0,0,0,0,0,0,0,0,0,0,0,0,0,0,0,0,0,0,0,0,0,0,0,0,0,0,0,0,0,0,0,0,0,0,0,0,0,0,0,0,0,0,0,0,0,0,0,0,0,0,0,0,0,0,0,0,0,0,0,0,0,0,0,0,0,0,0,0,0,0,0,0,0,0,0,0,0,30,0,60,0,47,0,0,0,0,0,0,0,0,0,0,0,0,0,337,0,281,0,287,0,0,0,134,0,0,0,65,95,49,0,0,0,37,0,58,0,8,9,0,0,0,0,0,0,0,0,0,0,0,0,0,0,0,0,0,0,0,0,55,0,1045,522,978,207,392,0,0,2,0,9,0,0,0,0,0
323,266,226,122,362,0,0,32,0,19,482,96,91,229,360,256,42,0,84,206,79,74,407,64,23,19,0,262,0,26,33,54,55,236,27,233,10,369,0,0,0,95,0,0,0,17,0,58,0,0,15,228,0,8,0,30,0,0,0,0,0,0,0,0,0,13,0,0,0,0,0,0,0,0,0,0,0,0,0,0,0,0,0,0,0,0,0,0,0,0,0,0,0,0,0,0,0,0,0,0,0,0,0,0,0,0,0,0,0,0,0,0,0,0,0,0,0,0,0,0,0,0,0,0,0,8,0,20,0,0,0,0,0,0,0,175,0,109,0,19,0,0,0,0,0,0,0,0,0,48,0,75,0,0,0,0,0,0,0,0,0,0,0,0,0,156,0,343,0,425,0,18,0,61,0,0,70,279,98,23,0,94,0,0,0,0,0,0,0,0,0,0,0,0,0,0,0,0,0,17,0,0,0,0,0,0,0,85,0,144,20,0,0,3,404,0,0,0,1198,454,893,248,3,0,0
42,232,189,0,34,0,0,152,16,250,9,0,0,0,16,0,3,59,0,0,0,0,57,0,355,223,0,0,18,19,0,0,5,3,0,0,5,0,95,0,0,0,0,0,0,0,0,0,2,0,0,0,107,9,158,32,1,0,15,0,425,0,421,52,21,0,7,0,0,0,0,0,0,0,0,0,0,0,0,0,0,0,0,0,0,0,0,0,0,0,0,0,0,0,0,0,0,0,0,0,0,0,0,0,0,0,0,0,0,0,0,0,1,0,0,0,0,0,0,0,1,0,0,0,32,0,20,0,17,0,66,0,65,0,15,0,24,0,0,0,0,0,24,0,0,0,11,0,28,0,27,0,0,0,0,0,0,0,0,0,22,0,26,0,6,0,12,0,20,0,84,0,319,0,0,0,0,71,0,0,0,0,1,29,0,0,0,0,0,0,1,0,0,0,0,0,0,0,0,0,0,0,0,0,0,0,6,0,117,0,1173,191,484,367,627,0,0,0,11,12,32,0,0,0,0
172,40,0,253,0,32,152,0,354,90,0,5,0,4,0,55,14,29,0,0,0,0,4,31,122,545,0,0,0,99,0,0,0,0,0,0,0,0,0,479,0,0,0,0,0,0,0,0,0,0,0,0,19,25,32,204,0,17,0,34,0,238,60,208,0,0,0,4,0,0,0,0,0,0,0,0,0,0,0,0,0,0,0,0,0,0,0,0,0,0,0,0,0,0,0,0,0,0,0,0,0,0,0,0,0,0,0,0,0,0,0,0,0,0,0,0,0,0,0,0,0,0,0,0,0,0,0,9,0,32,0,15,0,10,0,63,0,76,0,11,0,0,0,0,0,0,0,0,0,0,0,0,0,3,0,0,0,0,0,0,1,14,0,0,0,4,0,0,0,22,0,52,0,305,0,0,0,0,0,0,0,0,0,0,0,0,0,0,0,0,0,0,0,0,0,0,0,0,0,0,0,0,0,0,0,0,0,0,0,87,0,0,0,0,441,0,0,0,1168,106,927,298,1,52,0
50,160,26,0,53,0,16,354,0,1082,74,0,45,0,36,10,0,27,14,0,0,0,0,6,0,363,0,0,0,8,0,0,0,0,0,0,0,0,0,0,0,0,0,0,0,0,0,0,0,0,0,0,103,47,45,359,7,0,157,39,173,0,121,132,343,0,266,235,0,0,0,0,0,0,0,0,0,0,0,0,0,0,0,0,0,0,0,0,0,0,0,0,0,0,0,0,0,0,0,0,0,0,0,0,0,0,0,0,0,0,0,0,0,0,0,0,0,0,0,0,0,0,0,0,35,0,18,0,0,0,38,0,0,0,8,0,0,0,0,0,0,0,0,0,0,0,42,0,185,0,87,0,33,0,0,0,21,1,0,0,7,0,13,0,0,0,0,0,12,0,60,0,70,13,0,0,218,189,7,0,0,0,21,29,139,32,0,0,0,0,0,0,0,0,0,0,0,0,0,0,0,0,0,0,1,0,18,0,76,0,434,154,175,192,204,0,0,0,0,11,25,2,0,0,0
40,124,0,34,0,19,250,90,1082,0,0,18,0,8,0,13,0,0,0,0,0,0,3,14,91,26,0,12,0,4,0,0,0,7,0,0,0,16,0,82,0,0,0,0,0,0,0,0,0,0,0,0,74,88,245,112,0,18,92,63,0,341,85,289,0,263,60,234,0,0,0,0,0,0,0,0,0,0,0,0,0,0,0,0,0,3,0,0,0,0,0,0,0,0,0,0,0,0,0,0,0,0,0,0,0,0,0,0,0,0,0,0,0,0,0,0,0,0,0,0,0,0,0,0,0,57,2,33,0,19,0,63,0,0,0,23,0,29,0,9,0,0,0,5,0,0,0,26,0,178,0,73,0,0,3,0,0,42,0,3,0,71,0,0,0,3,0,11,0,12,0,109,0,256,0,0,22,357,0,4,0,0,13,38,0,51,0,0,0,0,0,0,0,0,0,0,0,0,1,7,0,0,0,0,0,0,0,158,0,161,5,2,0,0,240,0,0,0,732,227,510,279,2,35,0
353,19,26,0,189,482,9,0,74,0,0,316,639,158,37,326,22,0,86,304,138,101,39,52,1,0,133,61,0,2,229,0,482,0,147,0,291,21,34,0,110,0,6,0,49,0,129,0,16,2,63,0,0,0,0,0,0,0,0,0,0,0,0,0,22,0,0,0,0,0,0,0,0,0,0,0,0,0,0,0,0,0,0,0,0,0,0,0,0,0,0,0,0,0,0,0,0,0,0,0,0,0,0,0,0,0,0,0,0,0,0,0,0,0,0,0,0,0,0,0,0,0,0,0,0,0,0,0,0,0,0,0,0,0,5,0,0,0,0,0,0,0,0,0,0,0,0,0,38,0,0,0,117,0,0,0,0,0,0,0,0,0,0,0,70,0,141,0,122,0,0,0,135,0,41,0,111,199,121,0,129,0,35,0,97,0,24,0,0,0,0,0,0,0,0,0,0,0,0,0,0,0,0,0,0,0,0,0,31,0,577,387,492,86,150,0,0,1,11,3,0,0,0,0,0
182,426,178,6,280,96,0,5,0,18,316,0,49,362,292,6,26,0,62,20,59,36,322,18,14,0,28,88,0,0,12,0,0,91,13,92,0,220,0,7,0,289,0,23,0,46,10,106,0,101,0,113,0,0,0,0,0,0,0,0,0,0,0,0,0,0,0,0,0,0,0,0,0,0,0,0,0,0,0,0,0,0,0,15,0,0,0,0,0,0,0,0,0,0,0,0,0,0,0,0,0,0,0,0,0,0,0,0,0,0,0,0,0,0,0,0,0,0,0,0,0,0,0,0,0,0,0,0,0,0,0,0,0,0,0,0,0,0,0,0,0,0,0,0,0,0,0,0,0,27,0,101,0,221,0,0,0,0,0,0,0,1,0,0,0,42,0,90,0,111,0,3,0,10,0,103,52,575,25,164,0,247,0,44,0,43,1,50,0,0,0,0,0,0,0,0,0,0,0,0,0,8,0,0,0,0,0,0,0,21,23,0,29,0,70,0,0,0,455,202,307,67,0,0,0
216,0,35,0,268,91,0,0,45,0,639,49,0,542,46,26,0,0,48,327,10,96,0,0,3,0,264,620,0,0,10,0,0,0,101,0,43,3,0,0,500,207,53,64,96,177,303,366,204,26,169,21,0,0,0,0,0,0,0,0,0,0,0,0,0,0,0,0,0,0,0,0,0,0,0,0,0,0,0,0,0,0,0,0,0,0,0,0,0,0,0,0,0,0,0,0,0,0,0,0,10,0,0,0,0,0,0,0,0,0,0,0,0,0,0,0,0,0,0,0,0,0,0,0,0,0,0,0,0,0,0,0,0,0,0,0,0,0,0,0,0,0,0,0,0,0,0,0,0,0,0,0,0,0,0,0,0,0,0,0,0,0,0,0,126,0,6,0,27,0,0,0,0,0,0,0,82,127,180,0,26,0,63,0,31,0,287,13,0,0,0,0,0,0,0,0,0,0,0,0,0,0,0,0,0,0,0,0,0,0,0,195,175,45,24,0,0,0,0,5,0,0,0,0,0
0,213,0,16,428,229,0,4,0,8,158,362,542,0,229,0,0,0,350,87,62,11,0,0,0,0,222,155,0,0,1,0,0,0,0,31,0,35,0,0,85,376,10,138,0,122,44,203,0,329,59,534,0,2,0,0,0,0,0,0,0,0,0,0,0,4,0,0,0,0,0,0,0,0,0,0,0,0,0,0,0,0,0,91,0,0,0,35,0,0,0,0,0,0,0,90,0,0,0,0,0,0,0,0,0,0,0,0,0,0,0,0,0,0,0,0,0,0,0,0,0,0,0,0,0,0,0,0,0,0,0,0,0,0,0,0,0,25,0,0,0,0,0,0,0,0,0,0,0,0,0,0,0,0,0,0,0,0,0,0,0,0,0,2,0,152,0,0,0,139,0,0,0,0,0,30,42,516,81,135,0,68,0,0,0,0,25,115,0,0,0,0,0,0,0,0,0,0,0,0,0,0,0,0,0,0,0,0,0,0,0,0,0,0,72,0,0,0,206,395,366,71,2,0,0
43,15,294,0,269,360,16,0,36,0,37,292,46,229,0,251,60,0,228,435,282,146,523,39,63,0,132,83,0,0,226,0,115,0,218,21,120,33,0,0,9,0,0,0,35,0,12,11,0,0,94,26,0,0,89,0,0,0,0,0,0,0,32,0,0,0,0,0,0,0,0,0,0,0,0,0,0,0,0,0,0,0,0,0,0,0,0,0,0,0,0,0,0,0,0,0,0,0,0,0,0,0,0,0,0,0,0,0,0,0,0,0,0,1,0,0,0,0,0,0,0,0,0,0,13,0,0,0,0,0,11,0,0,0,143,0,0,0,0,1,0,0,161,0,0,0,48,0,215,0,122,0,145,0,0,0,0,0,0,0,0,0,0,0,140,0,133,0,115,13,0,0,24,0,0,0,18,50,0,0,119,0,32,0,146,0,0,2,0,0,0,0,0,0,0,0,0,0,0,0,348,0,0,0,0,0,25,0,67,0,277,340,204,51,57,0,0,0,0,0,20,0,0,0,0
251,41,136,301,199,256,0,55,10,13,326,6,26,0,251,0,30,42,0,497,50,202,291,375,25,105,7,123,12,38,19,92,54,201,13,134,0,223,0,0,0,0,0,0,0,24,0,0,0,0,0,7,0,11,0,291,0,14,0,0,0,0,0,53,0,0,0,0,0,0,0,12,0,0,0,0,0,0,0,0,0,144,0,0,0,231,0,0,0,0,0,0,0,0,0,0,0,416,0,103,0,0,0,0,0,0,0,727,0,0,0,0,0,0,0,0,0,0,0,0,0,0,0,0,0,0,0,0,0,46,0,0,0,21,0,528,0,283,0,127,0,72,0,359,4,10,0,0,0,19,0,26,0,0,0,0,0,0,3,0,0,0,0,0,0,8,0,139,0,83,0,15,0,37,0,0,19,17,42,0,0,0,2,0,0,0,0,0,0,0,0,0,0,0,0,0,0,0,0,0,0,340,0,0,0,0,0,100,0,107,17,0,25,0,0,0,0,0,136,138,134,32,0,0,0
106,46,77,32,0,42,3,14,0,0,22,26,0,0,60,30,0,12,0,0,404,5,101,43,118,46,0,0,345,8,112,0,61,5,52,0,3,0,38,3,0,0,0,0,69,0,0,0,4,0,0,0,48,0,21,0,5,0,1,0,6,0,385,0,0,0,0,0,0,0,65,0,0,0,120,0,0,0,0,0,0,0,0,0,942,0,160,0,0,0,133,0,0,0,0,0,516,0,262,0,0,0,0,0,86,0,282,0,0,0,0,0,0,0,0,0,0,0,0,0,191,0,249,0,1,0,0,0,0,0,0,0,0,0,5,0,44,0,80,0,95,0,216,0,50,0,0,0,0,0,0,0,0,0,45,0,0,0,0,0,0,0,0,0,0,0,9,0,0,0,3,0,24,0,2,0,0,13,0,0,0,0,0,0,0,0,0,0,0,0,0,0,0,0,0,0,0,0,0,0,84,0,0,0,0,0,0,0,0,0,87,342,76,27,56,0,0,0,0,0,0,0,0,0,0
54,94,28,60,0,0,59,29,27,0,0,0,0,0,0,42,12,0,0,31,0,131,5,264,61,156,0,0,0,299,0,69,0,76,0,51,0,25,0,68,0,0,0,5,0,0,0,0,0,0,0,7,0,53,0,39,0,39,0,0,0,5,2,218,0,0,0,0,0,0,0,0,0,0,0,0,0,0,0,0,0,19,0,0,0,115,0,0,0,0,0,0,0,0,0,0,0,0,0,27,0,0,0,0,0,0,0,91,0,0,0,0,0,0,0,0,0,0,0,0,0,0,0,0,0,0,0,0,0,43,0,0,0,0,0,47,0,303,0,187,0,129,0,346,0,14,0,0,0,0,0,0,0,0,0,58,0,0,0,46,4,0,0,0,0,0,0,0,0,0,0,0,0,8,0,0,0,17,0,0,1,0,0,5,0,0,0,0,0,0,0,0,0,0,0,0,0,0,0,0,0,0,0,0,0,0,0,0,0,0,0,0,0,0,0,0,0,0,0,114,13,4,0,0,0
45,0,40,0,275,84,0,0,14,0,86,62,48,350,228,0,0,0,0,267,122,71,213,0,0,0,141,325,0,0,47,0,7,0,256,8,77,0,0,0,9,71,99,37,74,52,12,131,1,9,516,16,0,0,0,0,0,0,0,1,0,0,0,0,0,0,0,0,0,0,35,0,0,0,0,0,3,0,0,0,0,0,0,0,0,0,0,0,0,0,0,0,0,0,0,0,0,0,0,0,0,0,0,0,0,0,0,0,0,0,0,0,0,0,0,0,0,0,0,0,0,0,0,0,0,0,0,0,0,0,0,0,0,0,0,0,0,0,0,0,0,0,0,0,0,0,0,0,0,0,0,0,0,0,0,0,0,0,0,0,0,0,14,0,160,0,19,0,11,0,0,0,0,0,0,0,7,24,15,0,26,0,27,0,20,0,0,5,0,0,0,0,0,0,0,0,0,0,0,0,0,0,0,0,0,0,0,0,0,0,105,229,179,40,27,0,0,0,0,0,0,0,0,0,0
27,49,24,68,485,206,0,0,0,0,304,20,327,87,435,497,0,31,267,0,83,342,22,241,0,40,99,454,0,0,12,0,0,16,54,286,0,291,0,0,46,26,14,199,0,200,22,114,0,16,39,476,0,27,0,0,0,0,0,0,0,0,0,61,0,14,0,0,0,0,0,0,0,0,0,0,0,0,0,0,0,227,0,0,0,306,0,138,0,0,0,0,0,0,0,0,0,0,0,0,0,0,0,0,0,0,0,0,0,0,0,0,0,0,0,0,0,0,0,0,0,142,0,0,0,0,0,0,0,0,0,0,0,0,0,0,0,0,0,0,0,88,0,355,0,60,0,0,0,0,0,0,0,0,0,0,0,0,0,0,0,0,0,0,0,173,0,77,0,213,0,0,0,0,0,0,15,55,92,6,0,12,1,3,0,0,7,0,0,0,0,0,0,0,0,0,0,0,0,0,0,0,0,0,0,0,0,0,0,54,7,0,16,0,81,0,0,0,234,207,267,93,0,0,0
0,0,132,0,183,79,0,0,0,0,138,59,10,62,282,50,404,0,122,83,0,30,265,13,72,1,163,0,66,0,287,0,199,4,240,3,80,0,0,0,0,0,0,0,81,0,5,0,0,0,109,0,15,0,10,0,0,0,15,0,6,0,208,0,6,0,0,0,0,0,243,0,0,0,270,0,0,0,0,0,260,0,0,0,614,0,215,0,0,0,155,0,0,0,0,0,443,0,490,0,0,0,0,0,0,0,0,0,0,0,0,0,0,0,0,0,0,0,0,0,214,0,0,0,0,0,0,0,0,0,0,0,0,0,0,0,0,0,57,0,115,0,0,0,257,0,0,0,0,0,0,0,0,0,12,0,16,0,0,0,12,0,49,0,58,0,78,0,65,0,0,0,42,0,0,0,0,3,0,0,0,0,0,0,0,0,0,0,0,0,0,0,0,0,0,0,0,0,0,0,0,0,0,0,0,0,0,0,0,0,159,210,97,27,45,0,0,1,0,0,0,0,0,0,0
25,22,23,32,170,74,0,0,0,0,101,36,96,11,146,202,5,131,71,342,30,0,37,365,0,54,26,236,0,77,7,107,3,68,17,298,7,49,0,10,0,0,0,104,6,131,9,0,0,11,12,113,0,0,0,18,0,0,0,0,0,11,0,91,0,0,0,0,0,0,0,24,0,0,0,0,0,0,0,0,0,196,0,0,0,257,0,0,0,0,0,0,0,0,0,0,0,0,0,90,0,0,0,0,0,0,0,0,0,0,0,0,0,0,0,0,0,0,0,0,0,257,0,0,0,0,0,0,0,0,0,0,0,0,0,0,0,252,0,205,0,446,0,601,0,204,0,0,0,0,0,0,0,0,1,19,0,0,0,13,0,0,0,0,0,25,0,30,0,80,0,0,0,6,0,0,0,15,19,6,0,0,0,2,0,0,0,0,0,0,0,0,0,0,0,0,0,0,0,0,0,0,0,0,0,0,0,0,0,0,5,3,8,0,66,0,0,0,342,338,122,38,0,0,0
64,149,728,165,114,407,57,4,0,3,39,322,0,0,523,291,101,5,213,22,265,37,0,206,296,14,161,0,30,20,74,8,53,18,36,0,9,16,16,0,0,0,0,0,123,0,20,0,4,0,0,0,0,0,208,1,0,0,0,0,0,0,37,0,0,0,0,0,0,0,0,0,0,0,20,0,0,0,0,0,0,0,0,0,314,0,0,0,0,0,184,0,0,0,0,0,250,0,0,0,0,0,0,0,166,0,213,0,0,0,0,0,0,0,0,0,0,0,0,0,0,0,0,0,0,0,8,0,45,0,0,0,0,0,112,0,146,0,24,0,0,0,260,0,0,0,5,0,37,0,0,0,19,0,22,0,0,0,0,0,0,0,0,0,14,0,21,0,40,0,0,0,46,0,0,0,0,49,0,0,0,0,1,0,0,0,0,1,0,0,0,0,0,0,0,0,0,0,18,0,431,0,0,0,0,0,20,0,39,0,79,230,81,16,23,1,3,0,14,6,11,0,0,0,0
282,102,128,301,41,64,0,31,6,14,52,18,0,0,39,375,43,264,0,241,13,365,206,0,67,255,0,76,0,120,0,117,12,96,0,39,0,19,10,18,0,0,0,0,0,41,0,0,0,21,0,4,0,42,0,54,0,13,0,0,0,0,0,204,0,0,0,0,0,0,0,0,0,0,0,0,0,0,0,8,0,137,0,0,0,285,0,76,0,0,0,137,0,0,0,0,0,250,0,102,0,0,0,0,0,0,0,323,0,0,0,0,0,0,0,0,0,0,0,0,0,78,0,0,0,0,0,0,0,0,0,0,1,0,0,0,0,150,0,84,0,84,0,486,0,19,0,0,0,0,0,0,0,0,0,0,0,0,0,0,0,0,0,0,0,0,0,20,0,0,0,1,4,35,0,0,0,37,0,3,0,10,3,0,0,0,1,0,0,0,0,0,0,0,0,0,0,0,0,0,0,0,0,0,0,0,0,0,0,0,0,0,13,0,23,0,0,0,92,226,60,0,0,0,1
9,354,211,108,0,23,355,122,0,91,1,14,3,0,63,25,118,61,0,0,72,0,296,67,0,244,0,0,119,28,7,1,0,14,0,0,0,8,66,32,0,0,0,0,0,0,0,0,0,0,0,0,81,0,242,0,5,0,3,0,39,0,129,23,0,0,0,0,0,0,1,0,0,0,0,0,0,0,0,0,0,0,0,0,223,0,0,0,0,0,74,0,0,0,0,0,0,0,0,0,0,0,0,0,0,0,67,0,0,0,0,0,0,0,0,0,0,0,0,0,0,0,50,0,0,0,0,0,60,0,0,0,0,0,56,0,144,0,90,2,52,0,266,0,0,0,0,0,0,0,2,0,0,0,84,0,0,0,11,1,1,0,0,0,0,0,1,0,0,0,3,0,37,0,0,0,0,40,0,0,0,0,0,29,0,0,0,0,0,0,0,0,0,0,0,0,0,0,0,0,179,0,0,0,0,0,0,0,17,0,84,213,90,38,52,0,2,0,8,9,19,0,0,0,0
310,57,69,228,0,19,223,545,363,26,0,0,0,0,0,105,46,156,0,40,1,54,14,255,244,0,0,0,0,335,0,0,0,35,0,11,0,8,0,137,0,0,0,0,0,0,0,0,0,0,0,0,11,13,20,388,0,26,0,3,0,8,92,126,0,0,0,0,0,0,0,0,0,0,0,0,0,0,0,0,0,0,0,0,0,36,0,0,0,0,0,0,0,0,0,0,3,0,0,4,0,0,0,0,2,0,0,0,0,0,0,0,0,0,0,0,0,0,0,0,0,0,0,0,0,0,0,0,0,60,0,0,0,12,0,191,0,137,4,83,0,25,0,87,6,3,0,0,0,0,0,0,0,0,0,3,0,2,0,7,0,0,0,0,0,0,0,0,0,9,0,0,0,55,0,0,6,42,0,0,0,0,2,11,0,0,0,0,0,0,0,0,0,0,0,0,0,0,0,0,0,55,0,0,0,0,0,0,0,26,0,0,0,0,9,0,0,0,62,219,109,32,0,0,1
40,0,0,0,148,0,0,0,0,0,133,28,264,222,132,7,0,0,141,99,163,26,161,0,0,0,0,268,0,0,11,0,0,0,33,0,53,0,0,0,25,140,200,35,275,138,150,323,55,32,240,11,0,0,0,0,0,0,0,0,0,0,0,0,0,0,0,0,0,0,0,0,0,0,0,0,0,0,0,0,0,0,0,0,0,0,0,0,0,0,0,0,0,0,36,0,0,0,0,0,18,0,0,0,0,0,0,0,0,0,0,0,0,0,0,0,0,0,0,0,0,0,0,0,0,0,0,0,0,0,0,0,0,0,0,0,0,0,0,0,0,0,0,0,115,0,0,0,0,0,0,0,0,0,0,0,0,0,0,0,0,0,0,0,199,0,0,0,0,0,0,0,18,0,0,0,0,21,18,0,0,0,33,0,23,0,0,5,0,0,0,0,0,0,0,0,0,0,0,0,0,0,0,0,0,0,0,0,0,0,62,261,183,40,24,0,0,7,0,0,0,0,0,0,0
0,118,0,0,303,262,0,0,0,12,61,88,620,155,83,123,0,0,325,454,0,236,0,76,0,0,268,0,0,0,0,19,0,0,0,45,0,53,0,0,122,0,7,279,0,481,87,135,9,37,42,271,0,0,0,0,0,0,0,0,0,0,0,0,0,0,0,0,0,14,0,0,0,0,0,0,0,0,0,0,0,0,0,0,0,0,0,0,0,0,0,0,0,0,0,0,0,0,0,0,0,0,0,28,0,0,0,0,0,0,0,0,0,0,0,0,0,0,0,0,0,0,0,0,0,0,0,0,0,0,0,0,0,0,0,0,0,0,0,0,0,116,0,305,0,0,0,0,0,0,0,0,0,0,0,0,0,0,0,0,0,0,0,0,0,161,0,0,0,0,0,0,0,0,0,0,0,159,57,45,0,0,0,0,0,0,24,21,0,0,0,0,0,0,0,0,0,0,0,0,0,0,0,0,0,0,0,0,0,61,0,0,0,0,70,0,0,0,0,260,399,86,0,0,0
208,0,446,0,0,0,18,0,0,0,0,0,0,0,0,12,345,0,0,0,66,0,30,0,119,0,0,0,0,0,79,0,52,0,19,0,7,0,36,0,0,0,0,0,1,0,0,0,0,0,0,0,23,0,2,0,0,0,0,0,14,0,155,0,0,0,0,0,0,0,32,0,0,0,42,0,0,0,0,0,47,0,0,0,97,0,47,0,0,0,0,0,0,0,0,0,63,0,70,0,0,0,0,0,0,0,0,0,0,0,0,0,0,0,0,0,0,0,0,0,40,0,17,0,0,0,0,0,0,0,0,0,0,0,0,0,0,0,108,0,163,0,0,0,164,0,0,0,0,0,0,0,0,0,21,0,11,0,29,0,3,0,0,0,0,0,0,0,0,0,0,0,0,0,0,0,4,0,0,0,0,0,0,0,0,0,0,0,0,0,0,0,0,0,0,0,0,0,0,0,0,0,0,0,0,0,0,0,0,0,38,66,10,10,16,0,0,0,0,0,0,0,0,0,0
59,185,29,156,0,26,19,99,8,4,2,0,0,0,0,38,8,299,0,0,0,77,20,120,28,335,0,0,0,0,0,20,0,19,0,30,0,75,0,45,0,0,0,0,0,0,0,0,0,0,0,3,0,21,0,37,0,18,0,0,1,13,3,71,0,0,0,0,0,0,0,0,0,0,0,3,0,0,0,0,0,12,0,0,0,23,0,0,0,0,0,0,0,0,0,0,0,0,0,0,0,0,0,0,0,0,0,0,0,0,0,0,0,0,0,0,0,0,0,0,0,0,0,0,0,0,0,0,0,0,0,0,0,5,0,0,0,131,0,151,0,131,0,164,0,63,0,0,0,0,0,0,0,0,0,34,0,12,0,31,0,2,0,0,0,0,0,0,0,0,0,0,0,9,0,0,0,40,0,0,0,0,0,6,0,0,0,0,0,0,0,0,0,0,0,0,0,0,0,1,0,0,0,0,0,0,0,0,0,0,1,0,0,0,5,0,0,0,15,134,14,7,0,0,0
52,0,267,0,374,33,0,0,0,0,229,12,10,1,226,19,112,0,47,12,287,7,74,0,7,0,11,0,79,0,0,0,100,2,39,0,70,0,56,0,0,0,17,0,0,0,0,0,0,0,35,0,0,0,0,0,0,0,0,0,20,0,25,0,0,0,0,0,0,0,41,0,0,0,32,0,0,0,0,0,0,0,0,0,0,0,47,0,0,0,0,0,0,0,0,0,0,0,85,0,0,0,0,0,0,0,0,0,0,0,0,0,0,0,0,0,0,0,0,0,36,0,0,0,0,0,0,0,0,0,0,0,0,0,0,0,0,0,47,0,61,0,0,0,105,0,0,0,0,0,0,0,0,0,0,0,14,0,0,0,0,0,11,0,0,0,4,0,0,0,0,0,24,0,0,0,5,0,8,0,0,0,0,0,0,0,0,0,0,0,0,0,0,0,0,0,0,0,0,0,0,0,0,0,0,0,0,0,0,0,20,44,13,0,0,0,0,0,0,0,0,0,0,0,0
0,0,0,37,0,54,0,0,0,0,0,0,0,0,0,92,0,69,0,0,0,107,8,117,1,0,0,19,0,20,0,0,0,11,0,48,0,27,0,5,0,0,0,10,0,0,0,0,0,0,0,38,0,0,0,0,0,0,0,3,0,0,0,0,0,0,0,0,0,0,0,0,0,0,0,0,0,0,0,0,0,0,0,0,0,0,0,0,0,0,0,0,0,0,0,0,0,0,0,0,0,0,0,0,0,0,0,0,0,0,0,0,0,0,0,0,0,0,0,0,0,0,0,0,0,0,0,0,0,0,0,0,0,0,0,0,0,0,0,30,0,37,0,58,0,40,0,0,0,0,0,0,0,0,0,0,0,0,0,0,0,0,0,0,0,0,0,11,0,4,0,0,0,3,0,0,0,6,0,0,0,0,0,0,0,0,0,0,0,0,0,0,0,0,0,0,0,0,0,0,0,0,0,0,0,0,0,0,0,0,0,0,0,0,14,0,0,0,60,31,26,5,0,0,0
255,0,599,0,511,55,5,0,0,0,482,0,0,0,115,54,61,0,7,0,199,3,53,12,0,0,0,0,52,0,100,0,0,1,31,0,142,0,34,0,0,0,36,0,4,0,2,0,0,0,52,0,0,0,0,0,4,0,0,0,16,0,11,0,0,0,0,0,0,0,17,0,0,0,22,0,0,0,0,0,0,0,0,0,0,0,0,0,0,0,0,0,0,0,0,0,0,0,0,0,0,0,0,0,0,0,0,0,0,0,0,0,0,0,0,0,0,0,0,0,0,0,0,0,0,0,0,0,0,0,0,0,0,0,0,0,0,0,0,0,0,0,0,0,25,0,0,0,0,0,0,0,0,0,0,0,10,0,0,0,0,0,8,0,4,0,23,0,11,0,0,0,8,0,0,0,0,7,6,0,44,0,13,0,0,0,0,0,0,0,0,0,0,0,0,0,0,0,0,0,0,0,0,0,0,0,0,0,0,0,23,107,13,0,0,0,0,0,0,0,0,0,0,0,0
0,305,19,313,0,236,3,0,0,7,0,91,0,0,0,201,5,76,0,16,4,68,18,96,14,35,0,0,0,19,2,11,1,0,0,54,0,48,0,0,0,0,0,27,0,0,0,0,0,0,0,21,0,2,0,0,0,0,0,0,0,46,0,25,0,0,0,0,0,0,0,0,0,0,0,0,0,0,0,0,0,0,0,0,0,0,0,0,0,0,0,0,0,0,0,0,0,0,0,0,0,0,0,0,0,0,0,0,0,0,0,0,0,0,0,0,0,0,0,0,0,0,0,0,0,0,0,0,0,0,0,0,0,0,0,0,0,0,0,32,0,22,0,19,0,0,0,0,0,0,0,0,0,0,0,8,0,24,0,10,0,0,0,0,0,0,0,88,0,15,0,0,0,13,0,0,0,40,0,0,0,0,0,16,0,5,0,0,0,0,0,0,0,0,0,0,0,0,0,0,0,0,0,0,0,0,0,0,0,0,2,0,0,0,15,0,0,0,48,129,38,15,0,0,0
0,0,0,0,346,27,0,0,0,0,147,13,101,0,218,13,52,0,256,54,240,17,36,0,0,0,33,0,19,0,39,0,31,0,0,0,68,0,10,0,0,0,26,0,13,0,0,0,0,1,98,4,0,0,2,0,0,0,0,0,9,0,21,0,0,0,0,0,0,0,69,0,0,0,69,0,0,0,0,0,0,0,0,0,0,0,0,0,0,0,0,0,0,0,0,0,0,0,115,0,0,0,0,0,0,0,0,0,0,0,0,0,0,0,0,0,0,0,0,0,0,0,0,0,0,0,0,0,0,0,0,0,0,0,0,0,0,0,0,0,0,0,0,0,18,0,0,0,0,0,0,0,0,0,0,0,1,0,0,0,0,0,10,0,83,0,21,0,0,0,0,0,8,0,0,0,0,0,10,0,0,0,0,0,0,0,0,2,0,0,0,0,0,0,0,0,0,0,0,0,0,0,0,0,0,0,0,0,0,0,0,71,84,13,14,0,0,0,0,0,0,0,0,0,0
0,0,0,0,22,233,0,0,0,0,0,92,0,31,21,134,0,51,8,286,3,298,0,39,0,11,0,45,0,30,0,48,0,54,0,0,0,120,0,6,0,0,0,73,0,18,0,0,0,0,0,101,0,0,0,0,0,12,0,0,0,0,0,0,0,0,0,0,0,0,0,0,0,0,0,0,0,0,0,0,0,119,0,0,0,0,0,70,0,0,0,0,0,0,0,0,0,0,0,0,0,0,0,0,0,0,0,0,0,0,0,0,0,0,0,0,0,0,0,0,0,154,0,40,0,0,0,0,0,0,0,0,0,0,0,0,0,0,0,50,0,182,0,201,0,150,0,0,0,0,0,0,0,0,0,0,0,0,0,0,0,0,0,0,0,53,0,57,0,52,0,0,0,12,0,0,0,0,0,6,0,0,0,0,0,0,0,0,0,0,0,0,0,0,0,0,0,0,0,0,0,0,0,0,0,0,0,0,0,0,2,0,0,0,45,0,0,0,142,92,113,32,0,0,0
134,0,113,0,289,10,5,0,0,0,291,0,43,0,120,0,3,0,77,0,80,7,9,0,0,0,53,0,7,0,70,0,142,0,68,0,0,0,129,0,0,0,50,0,38,0,1,0,0,0,73,0,2,0,0,0,10,0,7,0,19,0,4,0,0,0,0,0,0,0,65,0,5,0,29,0,0,0,0,0,18,0,0,0,0,0,0,0,0,0,0,0,0,0,0,0,0,0,0,0,0,0,0,0,0,0,16,0,0,0,0,0,0,0,0,0,0,0,0,0,24,0,0,0,0,0,0,0,0,0,0,0,0,0,0,0,0,0,57,0,39,0,0,0,116,0,0,0,0,0,0,0,0,0,10,0,38,0,0,0,0,0,27,0,90,0,22,0,31,0,18,0,39,0,0,0,0,11,12,0,0,0,0,0,0,0,1,0,0,0,0,0,0,0,0,0,0,0,0,0,0,0,0,0,0,0,0,0,0,0,22,41,45,14,0,0,1,0,0,0,0,0,0,0,0
23,190,0,89,0,369,0,0,0,16,21,220,3,35,33,223,0,25,0,291,0,49,16,19,8,8,0,53,0,75,0,27,0,48,0,120,0,0,0,23,0,0,0,144,0,58,1,0,0,0,0,146,0,0,0,0,0,0,0,16,0,53,0,12,0,0,0,0,0,0,0,8,0,0,0,42,0,0,0,0,0,0,0,0,0,0,0,0,0,0,0,0,0,0,0,0,0,0,0,0,0,0,0,0,0,0,0,0,0,0,0,0,0,0,0,0,0,0,0,0,0,84,0,0,0,0,0,0,0,0,0,0,0,0,0,0,0,0,0,79,0,110,0,45,0,220,0,0,0,0,0,0,0,0,0,15,0,50,0,0,0,0,0,10,0,15,0,97,0,70,0,11,0,49,0,0,4,66,0,28,0,24,0,27,0,0,0,2,0,0,0,0,0,0,0,0,0,0,0,0,0,0,0,0,0,0,0,0,0,0,0,0,0,0,18,0,0,0,47,130,68,0,0,0,0
822,0,659,36,0,0,95,0,0,0,34,0,0,0,0,0,38,0,0,0,0,0,16,10,66,0,0,0,36,0,56,0,34,0,10,0,129,0,0,0,0,0,0,0,0,0,0,0,0,0,24,0,12,0,2,0,0,0,0,0,16,0,41,0,0,0,0,0,0,0,5,0,0,0,0,0,0,0,0,0,0,0,0,0,0,0,0,0,0,0,0,0,0,0,0,0,0,0,0,0,0,0,0,0,0,0,0,0,0,0,0,0,0,0,0,0,0,0,0,0,0,0,0,0,0,0,0,0,0,0,0,0,0,0,0,0,0,0,94,0,62,0,0,0,94,0,7,0,0,0,0,0,26,0,43,0,50,0,43,0,0,0,0,0,1,0,22,0,0,0,0,0,76,0,0,0,0,0,0,0,38,0,4,0,11,0,0,0,0,0,0,0,0,0,0,0,0,0,0,0,0,0,0,0,0,0,0,0,0,0,57,170,50,16,17,0,0,0,4,0,0,0,0,0,0
44,424,13,151,0,0,0,479,0,82,0,7,0,0,0,0,3,68,0,0,0,10,0,18,32,137,0,0,0,45,0,5,0,0,0,6,0,23,0,0,0,0,0,0,0,0,0,0,0,1,0,0,0,5,0,16,0,4,0,0,0,44,0,29,0,0,0,0,0,0,0,0,0,0,0,0,0,0,0,0,0,0,0,0,0,0,0,3,0,0,0,0,0,0,0,0,0,3,0,0,0,0,0,0,0,0,0,0,0,0,0,0,0,0,0,0,0,0,0,0,0,10,0,0,0,0,0,0,0,0,0,0,0,0,0,0,0,20,0,44,0,34,0,25,0,17,0,0,0,0,0,0,0,0,0,22,0,18,0,13,0,0,0,0,0,0,0,10,0,0,0,0,0,37,0,0,0,75,0,0,0,7,0,30,0,3,0,0,0,0,0,0,0,0,0,0,0,0,0,0,0,0,0,0,0,0,0,0,0,0,0,0,0,0,0,0,0,0,48,268,33,25,0,3,0
19,0,0,0,63,0,0,0,0,0,110,0,500,85,9,0,0,0,9,46,0,0,0,0,0,0,25,122,0,0,0,0,0,0,0,0,0,0,0,0,0,85,15,16,34,118,233,269,314,63,0,0,0,0,0,0,0,0,0,0,0,0,0,0,0,0,0,0,0,0,0,0,0,0,0,0,0,0,0,0,1,0,0,0,0,0,0,0,0,0,0,0,3,0,0,0,0,0,0,0,0,0,0,0,0,0,0,0,0,0,0,0,0,0,0,0,0,0,0,0,0,0,0,0,0,0,0,0,0,0,0,0,0,0,0,0,0,0,0,0,0,0,0,0,0,0,0,0,0,0,0,0,0,0,0,0,0,0,0,0,0,0,0,0,62,0,0,0,0,0,0,0,0,0,0,0,17,21,46,0,0,0,7,0,0,0,221,0,0,0,0,0,0,0,0,0,0,0,0,0,0,0,0,0,0,0,0,0,0,0,0,89,45,3,0,0,0,14,0,19,0,0,0,0,0
0,119,0,0,31,95,0,0,0,0,0,289,207,376,0,0,0,0,71,26,0,0,0,0,0,0,140,0,0,0,0,0,0,0,0,0,0,0,0,0,85,0,0,12,24,148,79,112,11,530,0,6,0,0,0,0,0,0,0,0,0,0,0,0,0,0,0,0,0,0,0,0,0,0,0,0,0,0,0,0,0,0,0,0,0,0,0,0,0,0,0,0,0,0,0,0,0,0,0,0,0,0,0,0,0,1,0,0,0,0,0,0,0,0,0,0,0,0,0,0,0,0,0,0,0,0,0,0,0,0,0,0,0,0,0,0,0,21,0,0,0,0,0,0,0,0,0,0,0,0,0,0,0,0,0,0,0,0,0,0,0,6,0,0,0,62,0,0,0,0,0,0,0,0,0,0,1,197,0,28,0,12,0,0,0,0,32,37,0,0,0,0,0,0,0,0,0,0,0,0,0,0,0,0,0,0,0,0,0,29,0,0,0,0,0,0,0,0,0,122,98,0,0,0,37
0,0,0,0,14,0,0,0,0,0,6,0,53,10,0,0,0,0,99,14,0,0,0,0,0,0,200,7,0,0,17,0,36,0,26,0,50,0,0,0,15,0,0,0,200,0,28,7,40,2,87,0,0,0,0,0,0,1,0,0,8,0,0,0,0,0,0,0,1,0,35,0,0,0,42,0,0,0,0,0,22,0,19,0,0,0,0,0,0,0,0,0,0,0,21,0,0,0,0,0,0,0,5,0,0,0,0,0,0,0,0,0,0,0,0,0,0,0,0,0,13,0,0,0,0,0,0,0,0,0,0,0,0,0,0,0,0,0,0,0,0,0,0,0,33,0,0,0,0,0,0,0,0,0,0,0,0,0,0,0,0,0,0,0,87,0,0,0,5,0,0,0,26,0,2,0,0,1,2,0,0,0,0,0,0,0,18,0,0,0,0,0,0,0,0,0,0,0,0,0,0,0,0,0,0,0,0,0,0,0,19,95,58,4,12,0,0,0,0,0,0,0,0,0,0
0,7,0,0,0,0,0,0,0,0,0,23,64,138,0,0,0,5,37,199,0,104,0,0,0,0,35,279,0,0,0,10,0,27,0,73,0,144,0,0,16,12,0,0,0,464,0,30,0,21,0,94,0,0,0,0,0,0,0,0,0,0,0,0,0,0,0,0,0,0,0,3,0,0,0,0,0,7,0,0,0,0,0,0,0,0,0,0,0,0,0,0,0,0,0,42,0,0,0,0,0,0,0,0,0,0,0,0,0,0,0,0,0,0,0,0,0,0,0,0,0,0,0,0,0,0,0,0,0,0,0,0,0,0,0,0,0,0,0,0,0,54,0,53,0,47,0,0,0,0,0,0,0,0,0,0,0,0,0,0,0,0,0,0,0,68,0,0,0,0,0,0,0,0,0,0,0,0,2,10,0,0,0,0,0,0,0,41,0,0,0,0,0,0,0,0,0,0,0,0,0,0,0,0,0,0,0,0,0,0,0,0,0,0,36,0,0,0,80,110,154,29,0,0,0
0,0,21,0,35,0,0,0,0,0,49,0,96,0,35,0,69,0,74,0,81,6,123,0,0,0,275,0,1,0,0,0,4,0,13,0,38,0,0,0,34,24,200,0,0,43,285,72,265,61,154,1,0,0,0,0,0,0,9,1,0,0,31,0,3,0,0,0,0,0,73,0,0,0,41,0,0,0,0,0,0,0,0,0,227,0,0,0,0,0,0,0,0,0,0,0,192,0,123,0,0,0,22,0,80,0,138,0,0,0,0,0,0,0,0,0,0,0,0,0,41,0,0,0,0,0,0,0,0,0,0,0,0,0,0,0,0,0,0,0,0,0,51,0,60,0,0,0,0,0,0,0,0,0,0,0,7,0,0,0,0,0,32,0,243,3,21,0,0,0,15,0,20,0,0,0,0,0,42,0,0,0,13,0,0,0,32,1,0,0,0,0,0,0,0,0,0,0,0,0,0,0,0,0,0,0,0,0,0,0,58,157,143,11,22,0,0,48,0,10,0,0,0,0,0
0,24,0,0,0,17,0,0,0,0,0,46,177,122,0,24,0,0,52,200,0,131,0,41,0,0,138,481,0,0,0,0,0,0,0,18,0,58,0,0,118,148,0,464,43,0,126,848,40,146,9,193,0,0,0,0,0,0,0,0,0,0,0,42,0,0,0,0,0,13,0,21,0,0,0,0,0,7,0,0,0,208,0,0,0,197,0,123,0,0,0,104,0,15,0,0,0,0,0,0,0,0,0,15,0,0,0,0,0,0,0,0,0,0,0,0,0,0,0,0,0,175,0,0,0,0,0,0,0,0,0,0,0,0,0,0,0,0,0,0,0,89,0,225,0,97,0,0,0,0,0,0,0,0,0,2,0,0,0,0,0,4,0,17,0,157,0,7,0,23,0,0,0,15,0,0,0,33,0,15,0,0,0,1,0,0,27,29,0,0,0,0,0,0,0,0,0,0,0,0,0,0,0,0,0,0,0,0,0,0,0,2,0,0,21,0,0,0,75,258,188,9,0,0,40
0,0,6,0,32,0,0,0,0,0,129,10,303,44,12,0,0,0,12,22,5,9,20,0,0,0,150,87,0,0,0,0,2,0,0,0,1,1,0,0,233,79,28,0,285,126,0,210,492,118,27,0,0,0,0,0,0,0,0,0,0,0,2,0,0,0,0,0,5,0,0,0,0,0,0,0,2,0,0,0,0,0,0,0,0,0,0,0,0,0,0,0,0,0,0,0,0,0,0,0,0,0,0,0,0,0,0,0,0,0,0,0,0,0,0,0,0,0,0,0,0,0,0,0,0,0,0,0,0,0,0,0,0,0,0,0,0,0,0,0,0,0,0,0,0,0,0,0,0,0,0,0,0,0,0,0,0,0,0,0,0,0,0,0,170,0,0,0,0,0,0,0,0,0,0,0,17,6,87,0,0,0,17,0,0,0,164,3,0,0,0,0,0,0,0,0,0,0,0,0,9,0,0,0,0,0,0,0,0,0,0,297,112,0,0,0,0,113,0,36,0,0,0,0,0
0,65,0,0,47,58,0,0,0,0,0,106,366,203,11,0,0,0,131,114,0,0,0,0,0,0,323,135,0,0,0,0,0,0,0,0,0,0,0,0,269,112,7,30,72,848,210,0,37,216,0,59,0,0,0,0,0,0,0,0,0,0,0,0,0,0,0,0,0,0,0,0,0,0,0,0,0,0,0,0,0,0,0,0,0,0,0,0,0,0,0,0,0,0,0,0,0,0,0,0,0,0,0,11,0,0,0,0,0,0,0,0,0,0,0,0,0,0,0,0,0,0,0,0,0,0,0,0,0,0,0,0,0,0,0,0,0,0,0,0,0,0,0,0,0,0,0,0,0,0,0,0,0,0,0,0,0,0,0,0,0,0,0,0,0,172,0,0,0,0,0,0,0,0,0,0,0,136,33,11,0,0,0,0,0,0,79,15,0,0,0,0,0,0,0,0,0,0,0,0,0,0,0,0,0,0,0,0,0,23,0,3,3,0,0,0,0,2,0,275,330,0,0,0,46
1,0,5,0,3,0,2,0,0,0,16,0,204,0,0,0,4,0,1,0,0,0,4,0,0,0,55,9,0,0,0,0,0,0,0,0,0,0,0,0,314,11,40,0,265,40,492,37,0,120,15,0,1,0,4,0,0,0,1,0,0,0,0,0,0,0,0,0,9,0,0,0,1,0,0,0,0,0,0,0,3,0,4,0,0,0,0,0,0,0,11,0,3,0,17,0,11,0,0,0,15,1,15,0,0,0,7,0,0,0,0,0,2,0,0,0,0,0,0,0,0,0,0,0,0,0,0,0,0,0,0,0,5,0,0,0,4,0,2,0,3,0,12,1,0,0,0,0,0,0,0,0,0,0,0,0,0,0,0,0,0,0,1,0,36,2,0,0,5,0,0,0,1,0,0,0,90,3,90,0,0,0,0,0,0,0,525,0,27,0,23,0,39,0,18,0,0,0,19,0,9,0,12,0,25,0,3,0,0,0,9,191,64,6,7,2,0,70,0,48,3,0,0,0,10
0,24,0,0,4,0,0,0,0,0,2,101,26,329,0,0,0,0,9,16,0,11,0,21,0,0,32,37,0,0,0,0,0,0,1,0,0,0,0,1,63,530,2,21,61,146,118,216,120,0,0,14,0,0,0,0,0,0,0,0,0,0,0,28,0,0,0,0,0,14,0,0,0,0,0,0,0,9,0,0,0,100,0,31,0,102,0,65,0,0,0,0,0,14,0,24,0,0,0,0,0,0,0,8,0,0,0,0,0,0,0,0,0,1,0,0,0,0,0,0,0,65,0,0,0,0,0,0,0,0,0,0,1,0,0,0,0,0,0,0,0,0,0,70,0,0,0,0,0,0,0,0,0,0,0,0,0,0,0,0,0,0,0,0,0,84,0,0,0,16,0,0,0,3,0,11,1,246,0,46,0,0,0,0,0,0,13,131,0,0,0,2,0,0,0,1,0,0,0,0,0,0,0,0,0,0,0,0,0,0,0,3,1,0,0,0,0,5,59,101,52,0,0,0,21
14,0,15,0,244,15,0,0,0,0,63,0,169,59,94,0,0,0,516,39,109,12,0,0,0,0,240,42,0,0,35,0,52,0,98,0,73,0,24,0,0,0,87,0,154,9,27,0,15,0,0,0,0,0,0,0,0,0,17,0,10,0,11,0,4,0,2,0,5,0,67,0,5,0,62,0,6,0,0,0,0,0,0,0,94,0,37,0,0,0,0,0,11,0,43,0,0,0,0,0,0,0,9,0,30,0,0,0,0,0,0,0,0,0,0,0,0,0,0,0,0,0,0,0,0,0,0,0,0,0,0,0,0,0,0,0,0,0,0,0,22,0,0,0,47,0,0,0,0,0,0,0,0,0,0,0,0,0,0,0,0,0,28,0,137,0,21,0,21,0,22,0,52,0,0,0,0,6,36,0,0,0,0,0,0,0,12,0,0,0,0,0,0,0,0,0,0,0,0,0,0,0,0,0,0,0,0,0,0,0,64,87,130,27,31,0,0,2,0,0,0,0,0,0,0
0,34,0,0,0,228,0,0,0,0,0,113,21,534,26,7,0,7,16,476,0,113,0,4,0,0,11,271,0,3,0,38,0,21,4,101,0,146,0,0,0,6,0,94,1,193,0,59,0,14,0,0,0,0,0,0,0,19,0,50,0,13,0,0,0,0,0,0,0,0,0,0,0,0,0,31,0,11,0,0,0,73,0,70,0,0,0,63,0,0,0,0,0,0,0,0,0,0,0,0,0,35,0,5,0,0,0,0,0,0,0,0,0,0,0,0,0,0,0,0,0,72,0,0,0,0,0,0,0,0,0,0,0,0,0,0,0,0,0,20,0,36,0,36,0,109,0,0,0,0,0,0,0,0,0,4,0,10,0,7,0,17,0,12,0,131,0,24,0,104,0,27,0,57,0,0,0,39,0,0,0,13,0,0,0,0,0,45,0,0,0,0,0,0,0,0,0,0,0,0,0,0,0,0,0,0,0,0,0,0,0,0,0,0,70,0,0,0,125,89,146,42,0,0,0
5,4,5,0,0,0,107,19,103,74,0,0,0,0,0,0,48,0,0,0,15,0,0,0,81,11,0,0,23,0,0,0,0,0,0,0,2,0,12,0,0,0,0,0,0,0,0,0,1,0,0,0,0,9,371,57,205,9,120,49,24,0,136,5,1,0,0,116,0,0,3,0,0,0,7,0,0,0,0,0,0,0,0,0,78,0,0,0,0,0,0,0,0,0,0,0,0,0,0,0,0,0,2,0,3,0,0,0,0,0,0,0,0,0,0,0,0,0,0,0,26,0,61,0,0,0,5,0,28,0,7,0,6,0,0,0,37,2,250,0,87,0,47,0,22,0,0,0,4,0,0,0,0,0,496,0,77,0,154,0,4,0,15,0,0,0,0,0,3,0,67,0,11,0,0,0,0,0,0,0,0,0,0,0,1,2,0,0,0,0,0,0,0,0,0,0,0,0,0,0,0,0,0,0,0,0,0,0,0,0,144,217,161,131,94,6,10,0,0,0,0,0,0,0,0
2,0,0,0,0,8,9,25,47,88,0,0,0,2,0,11,0,53,0,27,0,0,0,42,0,13,0,0,0,21,0,0,0,2,0,0,0,0,0,5,0,0,0,0,0,0,0,0,0,0,0,0,9,0,15,135,3,104,19,65,0,42,0,66,1,1,19,17,0,0,0,0,0,0,0,0,0,0,0,0,0,0,0,0,0,0,0,0,0,0,0,0,0,0,0,0,0,0,0,2,0,0,0,0,0,0,0,0,0,0,0,0,0,0,0,0,0,0,0,0,0,0,0,0,0,0,0,3,0,29,0,1,0,0,0,16,0,97,0,151,0,20,0,46,0,10,0,0,0,1,0,2,0,2,1,63,0,99,0,85,0,8,0,0,0,0,0,2,0,0,0,27,0,8,0,0,0,9,0,0,0,1,0,0,0,2,0,0,0,0,0,0,0,0,0,0,0,0,0,0,0,0,0,0,0,0,0,1,0,0,0,0,1,0,84,0,0,0,205,150,70,166,1,19,0
0,9,175,0,0,0,158,32,45,245,0,0,0,0,89,0,21,0,0,0,10,0,208,0,242,20,0,0,2,0,0,0,0,0,2,0,0,0,2,0,0,0,0,0,0,0,0,0,4,0,0,0,371,15,0,96,110,5,54,37,37,0,40,20,5,0,10,144,0,0,0,0,0,0,0,0,0,0,0,0,0,0,0,0,0,0,0,0,0,0,0,0,0,0,0,0,0,0,0,0,0,0,0,0,0,0,0,0,0,0,0,0,0,0,0,0,0,0,0,0,0,0,3,0,0,0,0,0,121,0,24,0,34,0,51,0,121,0,37,0,0,0,77,1,0,0,3,0,0,0,0,0,1,0,177,2,39,0,28,0,78,0,12,0,0,0,0,0,10,0,91,0,12,0,0,0,0,0,0,0,0,0,0,7,0,0,0,0,0,0,0,0,0,0,0,0,0,0,0,0,66,0,0,0,0,0,0,1,58,0,350,94,340,301,201,0,57,2,2,1,0,0,0,0,0
0,26,0,344,0,30,32,204,359,112,0,0,0,0,0,291,0,39,0,0,0,18,1,54,0,388,0,0,0,37,0,0,0,0,0,0,0,0,0,16,0,0,0,0,0,0,0,0,0,0,0,0,57,135,96,0,7,153,135,176,0,103,25,127,4,0,89,17,0,2,0,0,0,0,0,0,0,1,0,0,0,0,0,0,0,0,0,0,0,0,0,0,0,0,0,0,0,0,0,0,0,0,0,0,0,0,0,0,0,0,0,0,0,0,0,0,0,0,0,0,0,0,0,0,0,0,0,8,0,152,0,0,0,28,0,135,0,221,0,68,0,6,0,35,2,11,0,0,9,0,0,0,0,1,11,95,2,0,0,20,0,61,0,0,0,0,0,0,0,6,0,169,0,64,0,0,0,13,0,0,0,0,0,0,10,0,0,0,0,0,0,0,0,0,0,0,0,0,0,0,0,9,0,0,0,0,0,21,0,92,2,0,0,0,185,0,0,0,434,146,507,338,2,0,1
0,0,7,0,0,0,1,0,7,0,0,0,0,0,0,0,5,0,0,0,0,0,0,0,5,0,0,0,0,0,0,0,4,0,0,0,10,0,0,0,0,0,0,0,0,0,0,0,0,0,0,0,205,3,110,7,0,0,288,40,6,0,0,0,93,0,22,95,1,0,0,0,0,0,0,0,0,0,0,0,0,0,0,0,0,0,0,0,0,0,0,0,0,0,0,0,0,0,0,0,0,0,0,0,0,0,0,0,0,0,0,0,0,0,0,0,0,0,0,0,0,0,0,0,15,0,13,0,76,0,127,0,59,0,0,0,8,0,9,0,0,0,0,0,30,0,0,0,8,0,0,0,0,0,211,9,77,0,64,0,162,0,43,0,0,0,10,0,9,0,82,0,16,0,0,0,0,0,0,0,0,0,0,0,1,0,0,0,0,0,0,0,0,0,0,0,0,0,0,0,0,0,0,0,0,0,0,0,35,0,487,188,681,614,567,141,41,4,0,0,0,0,0,0,0
0,6,0,11,0,0,0,17,0,18,0,0,0,0,0,14,0,39,0,0,0,0,0,13,0,26,0,0,0,18,0,0,0,0,0,12,0,0,0,4,0,0,1,0,0,0,0,0,0,0,0,19,9,104,5,153,0,0,49,173,0,9,0,25,18,0,37,39,0,0,0,0,0,0,0,0,0,1,0,0,0,0,0,0,0,0,0,0,0,0,0,0,0,1,0,0,0,0,0,0,0,0,0,0,0,0,0,5,0,0,0,0,0,0,0,0,0,0,0,0,0,0,0,0,0,10,0,5,0,111,0,29,0,16,0,0,0,32,0,18,1,0,0,0,2,7,0,0,0,2,0,1,0,0,16,302,0,55,0,73,0,56,0,51,0,1,0,6,0,3,0,211,0,22,0,0,0,0,0,0,2,3,0,0,0,0,0,0,0,0,0,0,0,0,0,0,0,0,0,0,0,0,0,0,0,0,0,0,0,0,0,0,0,0,274,0,0,0,384,101,540,358,18,8,0
7,0,14,0,0,0,15,0,157,92,0,0,0,0,0,0,1,0,0,0,15,0,0,0,3,0,0,0,0,0,0,0,0,0,0,0,7,0,0,0,0,0,0,0,9,0,0,0,1,0,17,0,120,19,54,135,288,49,0,312,39,0,0,0,311,45,300,572,0,0,0,0,0,0,0,0,0,0,0,0,0,0,0,0,0,0,0,0,0,0,0,0,0,0,0,0,0,0,0,0,0,0,0,0,0,0,0,0,0,0,0,0,0,0,0,0,0,0,0,0,0,0,0,0,0,0,0,0,13,0,10,0,0,0,0,0,0,0,0,0,0,0,0,0,21,0,0,0,0,0,1,0,0,0,147,6,210,0,6,2,20,0,16,0,0,0,0,0,4,0,79,0,0,0,0,0,11,0,0,0,0,0,0,0,33,21,0,0,0,0,0,0,0,0,0,0,0,0,0,0,0,0,0,0,0,0,0,0,6,0,789,664,543,712,717,125,92,2,1,0,0,0,0,0,0
0,14,0,16,0,0,0,34,39,63,0,0,0,0,0,0,0,0,1,0,0,0,0,0,0,3,0,0,0,0,0,3,0,0,0,0,0,16,0,0,0,0,0,0,1,0,0,0,0,0,0,50,49,65,37,176,40,173,312,0,0,0,2,0,83,129,293,291,0,0,0,0,0,0,0,0,0,0,0,0,0,0,0,0,0,0,0,2,0,0,0,0,0,0,0,0,0,0,0,0,0,1,0,0,0,0,0,0,0,0,0,0,0,0,0,0,0,0,0,0,0,0,0,0,0,21,0,3,0,35,0,44,0,0,0,0,0,4,12,9,0,0,0,0,9,24,0,2,0,6,0,0,0,0,89,66,9,180,13,29,0,115,0,0,0,7,0,27,0,5,0,93,0,55,0,1,1,0,0,0,14,21,0,0,38,13,0,0,0,0,0,0,0,0,0,0,0,0,0,0,0,0,0,0,0,0,0,0,0,3,5,2,0,0,984,0,0,0,1268,594,792,954,79,37,0
148,3,62,0,0,0,425,0,173,0,0,0,0,0,0,0,6,0,0,0,6,0,0,0,39,0,0,0,14,1,20,0,16,0,9,0,19,0,16,0,0,0,8,0,0,0,0,0,0,0,10,0,24,0,37,0,6,0,39,0,0,0,65,0,0,0,0,0,0,0,0,0,0,0,0,0,0,0,0,0,0,0,0,0,0,0,0,0,0,0,1,0,0,0,0,0,0,0,0,0,0,0,0,0,0,0,0,0,0,0,0,0,0,0,0,0,0,0,0,0,0,0,0,0,0,0,0,0,0,0,0,0,0,0,0,0,0,0,58,0,28,0,0,0,92,0,0,0,0,0,0,0,0,0,38,0,65,0,14,0,0,0,5,0,2,0,2,0,2,0,122,0,118,0,0,0,0,0,0,0,0,0,0,0,0,0,0,0,0,0,0,0,0,0,0,0,0,0,0,0,0,0,0,0,0,0,0,0,0,0,76,99,169,57,31,2,0,0,0,0,1,0,0,0,0
2,71,0,6,0,0,0,238,0,341,0,0,0,0,0,0,0,5,0,0,0,11,0,0,0,8,0,0,0,13,0,0,0,46,0,0,0,53,0,44,0,0,0,0,0,0,0,0,0,0,0,13,0,42,0,103,0,9,0,0,0,0,0,108,0,0,0,14,0,0,0,0,0,0,0,0,0,0,0,0,0,0,0,0,0,0,0,0,0,0,0,0,0,0,0,0,0,0,0,0,0,0,0,0,0,0,0,0,0,0,0,0,0,0,0,0,0,0,0,0,0,0,0,0,0,0,0,0,0,0,1,0,0,0,0,0,0,0,0,59,0,70,0,19,0,175,0,0,0,1,0,0,0,0,0,14,0,103,0,19,0,0,0,0,0,0,0,0,0,7,0,77,0,119,0,0,0,56,0,0,0,0,0,7,0,0,0,0,0,0,0,0,0,0,0,0,0,0,0,0,0,0,0,0,0,0,0,2,0,0,0,0,0,0,30,0,0,0,176,166,78,90,0,6,0
60,22,99,2,0,0,421,60,121,85,0,0,0,0,32,0,385,2,0,0,208,0,37,0,129,92,0,0,155,3,25,0,11,0,21,0,4,0,41,0,0,0,0,0,31,0,2,0,0,0,11,0,136,0,40,25,0,0,0,2,65,0,0,17,0,0,0,0,0,0,82,0,0,0,94,0,0,0,0,0,0,0,0,0,287,0,0,0,0,0,0,0,0,0,0,0,90,0,0,0,0,0,0,0,0,0,0,0,0,0,0,0,0,0,0,0,0,0,0,0,115,0,130,0,0,0,0,0,6,0,0,0,0,0,0,0,41,1,223,0,241,0,103,1,99,0,1,0,0,0,0,0,0,0,229,0,54,0,62,0,0,0,0,0,0,0,0,0,6,0,7,0,23,0,0,0,0,0,0,0,0,0,0,2,0,0,0,0,0,0,0,0,0,0,0,0,0,0,0,0,0,0,0,0,0,0,0,0,0,0,84,254,73,61,75,2,0,0,3,0,1,0,0,0,0
7,44,0,0,0,0,52,208,132,289,0,0,0,0,0,53,0,218,0,61,0,91,0,204,23,126,0,0,0,71,0,0,0,25,0,0,0,12,0,29,0,0,0,0,0,42,0,0,0,28,0,0,5,66,20,127,0,25,0,0,0,108,17,0,0,0,0,8,0,0,0,0,0,0,0,0,0,0,0,0,0,0,0,0,0,0,0,0,0,0,0,0,0,0,0,0,0,0,0,0,0,0,0,0,0,0,0,0,0,0,0,0,0,0,0,0,0,0,0,0,0,0,0,0,0,0,0,0,0,5,0,0,0,0,0,13,0,38,0,90,0,46,0,20,0,32,0,0,0,0,0,0,0,0,0,42,0,59,0,32,0,0,0,0,0,0,0,0,0,0,0,15,1,10,0,0,4,40,0,0,0,0,0,19,1,0,0,0,0,0,0,0,0,0,0,0,0,0,0,0,1,0,0,0,0,0,0,0,0,0,0,0,0,0,48,0,0,0,158,255,40,87,0,0,0
38,0,41,0,0,0,21,0,343,0,22,0,0,0,0,0,0,0,0,0,6,0,0,0,0,0,0,0,0,0,0,0,0,0,0,0,0,0,0,0,0,0,0,0,3,0,0,0,0,0,4,0,1,1,5,4,93,18,311,83,0,0,0,0,0,123,198,95,0,0,4,0,0,0,0,0,0,0,0,0,0,0,0,0,0,0,0,0,0,0,0,0,0,0,0,0,0,0,0,0,0,0,0,0,0,0,0,0,0,0,0,0,0,0,0,0,0,0,0,0,1,0,0,0,40,0,0,0,0,3,41,0,3,0,0,0,0,0,14,19,0,0,0,0,40,10,28,0,110,0,39,0,0,0,25,91,4,0,16,35,393,116,0,0,0,0,0,0,0,0,6,0,4,0,4,2,7,0,0,0,273,58,12,0,224,11,0,0,0,0,0,0,0,0,0,0,0,0,0,0,0,0,0,0,0,0,0,0,33,0,200,66,0,0,153,0,0,0,0,0,0,0,0,0,0
0,74,0,0,0,13,0,0,0,263,0,0,0,4,0,0,0,0,0,14,0,0,0,0,0,0,0,0,0,0,0,0,0,0,0,0,0,0,0,0,0,0,0,0,0,0,0,0,0,0,0,0,0,1,0,0,0,0,45,129,0,0,0,0,123,0,26,735,0,0,0,5,0,0,0,0,0,0,0,0,0,1,0,0,0,0,0,0,0,0,0,0,0,0,0,0,0,0,0,0,0,0,0,0,0,0,0,0,0,0,0,0,0,0,0,0,0,0,0,0,0,0,0,0,0,39,0,22,12,0,0,267,0,0,0,0,0,0,37,20,0,2,0,0,23,12,0,37,0,271,0,34,0,5,46,1,0,0,27,0,106,279,0,0,0,0,0,0,0,0,0,5,0,0,1,10,0,0,0,0,39,325,0,22,4,155,0,0,0,0,0,0,0,0,0,0,0,0,0,0,0,0,0,0,0,0,0,71,0,28,0,0,0,0,87,0,0,0,154,25,43,0,0,0,0
22,1,9,0,0,0,7,0,266,60,0,0,0,0,0,0,0,0,0,0,0,0,0,0,0,0,0,0,0,0,0,0,0,0,0,0,0,0,0,0,0,0,0,0,0,0,0,0,0,0,2,0,0,19,10,89,22,37,300,293,0,0,0,0,198,26,0,258,0,0,0,0,0,0,0,0,0,0,0,0,0,0,0,0,0,0,0,0,0,0,0,0,0,0,0,0,0,0,0,0,0,0,0,0,0,0,0,0,0,0,0,0,0,0,0,0,0,0,0,0,0,0,0,0,0,1,0,0,0,0,3,0,0,0,0,0,0,0,0,0,0,0,0,1,1,0,0,0,0,0,1,0,0,0,0,6,3,0,0,1,14,0,0,0,0,0,0,0,0,0,3,0,0,0,0,0,46,0,0,0,25,3,0,0,261,26,0,0,0,0,0,0,0,0,0,0,0,0,0,0,0,0,0,0,0,0,0,0,0,0,38,55,16,30,20,0,0,0,0,0,0,0,0,0,0
0,7,0,2,0,0,0,4,235,234,0,0,0,0,0,0,0,0,0,0,0,0,0,0,0,0,0,0,0,0,0,0,0,0,0,0,0,0,0,0,0,0,0,0,0,0,0,0,0,0,0,0,116,17,144,17,95,39,572,291,0,14,0,8,95,735,258,0,0,0,0,0,0,0,0,0,0,0,0,0,0,0,0,0,0,0,0,0,0,0,0,0,0,0,0,0,0,0,0,0,0,0,0,0,0,0,0,0,0,0,0,0,0,0,0,0,0,0,0,0,0,0,0,0,0,17,0,9,0,0,0,95,0,5,0,0,0,0,0,0,0,0,0,0,18,14,0,0,0,42,0,0,0,0,108,5,7,16,12,10,0,188,0,0,0,1,0,0,0,0,0,0,0,20,0,9,10,12,0,0,24,82,0,3,60,381,0,0,0,0,0,0,0,0,0,0,0,0,0,0,0,0,0,0,0,0,0,15,0,5,3,0,0,1,238,0,0,0,294,228,102,136,0,3,0
0,0,0,0,0,0,0,0,0,0,0,0,0,0,0,0,0,0,0,0,0,0,0,0,0,0,0,0,0,0,0,0,0,0,0,0,0,0,0,0,0,0,1,0,0,0,5,0,9,0,5,0,0,0,0,0,1,0,0,0,0,0,0,0,0,0,0,0,0,0,0,0,16,0,0,0,179,0,20,0,0,0,45,0,0,0,0,0,15,0,0,0,91,0,30,0,0,0,5,0,15,0,209,0,0,0,0,0,26,0,19,0,6,0,2,0,4,0,0,0,0,0,0,0,0,0,0,0,0,0,0,0,2,0,0,0,0,0,0,0,0,0,0,0,0,0,0,0,0,0,0,0,0,0,0,0,0,0,0,0,0,0,0,0,57,0,0,0,92,0,0,0,0,0,0,0,0,0,0,0,0,0,0,0,0,0,0,0,0,0,0,0,0,0,0,0,0,0,3,0,0,0,0,0,0,0,2,0,0,0,57,8,46,3,0,37,16,10,0,0,0,1,0,0,0
0,0,0,0,0,0,0,0,0,0,0,0,0,0,0,0,0,0,0,0,0,0,0,0,0,0,0,14,0,0,0,0,0,0,0,0,0,0,0,0,0,0,0,0,0,13,0,0,0,14,0,0,0,0,0,2,0,0,0,0,0,0,0,0,0,0,0,0,0,0,0,0,0,11,0,0,0,130,0,0,0,0,0,104,0,0,0,25,0,14,0,0,0,20,0,17,0,0,0,0,0,6,0,228,0,0,0,0,0,91,0,8,0,6,0,4,0,6,0,0,0,0,0,0,0,0,0,0,0,0,0,0,0,0,0,0,0,0,0,0,0,0,0,0,0,0,0,0,0,0,0,0,0,0,0,0,0,0,0,0,0,0,0,0,0,95,0,0,0,28,0,0,0,0,0,0,0,0,0,0,0,0,0,0,0,0,0,0,0,0,0,0,0,0,0,5,0,0,0,0,0,0,0,0,0,0,0,0,0,0,0,0,0,0,0,0,0,0,39,14,72,0,6,13,9
0,0,0,0,0,0,0,0,0,0,0,0,0,0,0,0,65,0,35,0,243,0,0,0,1,0,0,0,32,0,41,0,17,0,69,0,65,0,5,0,0,0,35,0,73,0,0,0,0,0,67,0,3,0,0,0,0,0,0,0,0,0,82,0,4,0,0,0,0,0,0,0,295,0,301,0,16,0,247,0,10,0,11,0,19,0,66,0,0,0,0,0,0,0,0,0,2,0,0,2,0,0,0,0,0,0,0,0,0,0,0,0,0,0,0,0,0,0,0,0,44,0,24,0,23,4,0,0,5,4,0,0,0,0,22,0,84,0,14,0,58,9,110,0,275,0,0,0,34,0,0,0,34,0,0,0,8,0,1,0,4,0,102,0,0,0,11,0,42,0,43,0,50,0,76,0,0,0,0,0,12,0,0,0,7,1,0,0,0,0,0,0,0,0,0,0,0,0,0,0,0,0,0,0,0,0,0,0,0,0,55,3,0,0,0,0,0,0,0,0,0,0,0,0,0
0,0,0,0,0,0,0,0,0,0,0,0,0,0,0,12,0,0,0,0,0,24,0,0,0,0,0,0,0,0,0,0,0,0,0,0,0,8,0,0,0,0,0,3,0,21,0,0,0,0,0,0,0,0,0,0,0,0,0,0,0,0,0,0,0,5,0,0,0,0,0,0,0,215,0,250,0,15,0,11,0,6,0,0,0,0,0,113,0,0,0,0,0,0,0,0,0,0,0,2,0,0,0,0,0,0,0,0,0,0,0,0,0,0,0,0,0,0,0,0,0,25,0,30,0,44,0,41,0,33,0,0,0,83,0,0,0,63,0,20,0,51,0,0,0,276,0,0,0,43,0,53,0,51,0,0,0,4,0,0,0,4,0,57,0,0,0,0,0,21,0,42,0,22,0,18,0,0,0,0,0,40,0,0,0,0,0,0,0,0,0,0,0,0,0,0,0,0,0,0,0,0,0,0,0,0,0,0,0,0,0,0,0,0,6,0,0,0,94,0,13,0,0,0,0
0,0,0,0,0,0,0,0,0,0,0,0,0,0,0,0,0,0,0,0,0,0,0,0,0,0,0,0,0,0,0,0,0,0,0,0,5,0,0,0,0,0,0,0,0,0,0,0,1,0,5,0,0,0,0,0,0,0,0,0,0,0,0,0,0,0,0,0,16,0,295,0,0,0,180,0,101,0,235,0,16,0,42,0,66,0,36,0,0,0,0,0,20,0,0,0,0,0,0,0,0,0,7,0,0,0,0,0,0,0,0,0,0,0,0,0,0,0,0,0,28,0,34,0,0,0,0,0,0,0,0,0,0,0,0,0,265,45,0,0,62,0,438,0,227,0,0,0,0,0,101,0,0,0,0,0,0,0,0,0,0,0,154,0,0,0,0,0,85,0,2,0,0,0,0,0,0,0,0,0,0,0,0,0,0,0,0,0,0,0,0,0,0,0,0,0,0,0,0,0,131,0,0,0,0,0,0,0,130,0,410,7,61,0,9,8,0,0,5,0,0,0,0,0,0
0,0,0,0,0,0,0,0,0,0,0,0,0,0,0,0,0,0,0,0,0,0,0,0,0,0,0,0,0,0,0,0,0,0,0,0,0,0,0,0,0,0,0,0,0,0,0,0,0,0,0,0,0,0,0,0,0,0,0,0,0,0,0,0,0,0,0,0,0,11,0,215,0,0,0,292,0,197,0,55,0,14,0,51,0,200,0,191,0,0,0,1,0,0,0,0,0,0,0,0,0,0,0,2,0,0,0,0,0,0,0,0,0,0,0,0,0,0,0,0,0,61,0,35,0,52,0,0,0,62,0,20,0,83,0,222,0,0,0,14,2,35,0,89,0,170,0,0,0,0,0,90,0,0,0,0,0,0,0,0,0,0,0,30,0,0,0,0,0,17,0,0,0,8,0,0,0,0,0,0,0,0,0,0,0,0,0,0,0,280,0,35,0,0,0,0,0,0,0,0,0,240,0,0,0,0,0,0,0,0,0,0,0,0,24,0,0,0,381,0,34,0,0,0,0
0,0,0,0,0,0,0,0,0,0,0,0,0,0,0,0,120,0,0,0,270,0,20,0,0,0,0,0,42,0,32,0,22,0,69,0,29,0,0,0,0,0,42,0,41,0,0,0,0,0,62,0,7,0,0,0,0,0,0,0,0,0,94,0,0,0,0,0,0,0,301,0,180,0,0,0,20,0,263,0,11,0,50,0,85,0,141,0,0,0,0,0,0,0,14,0,0,0,8,0,0,0,0,0,0,0,0,0,0,0,0,0,0,0,0,0,0,0,0,0,182,0,71,0,24,0,0,0,0,0,5,0,28,0,0,0,62,20,29,11,183,18,165,0,261,0,0,0,44,6,0,0,76,0,0,0,0,0,0,0,2,0,47,0,2,0,10,0,20,0,16,0,31,0,151,0,0,0,0,0,13,0,0,0,0,0,0,0,0,0,0,0,0,0,0,0,0,0,0,0,34,0,0,0,0,0,0,0,0,0,57,0,10,6,0,0,0,0,0,0,0,0,0,0,0
0,1,0,0,0,0,0,0,0,0,0,0,0,0,0,0,0,0,0,0,0,0,0,0,0,0,0,0,0,3,0,0,0,0,0,0,0,42,0,0,0,0,0,0,0,0,0,0,0,0,0,31,0,0,0,0,0,0,0,0,0,0,0,0,0,0,0,0,0,0,0,250,0,292,0,0,0,57,0,116,0,14,0,11,0,71,0,249,0,1,0,0,0,1,0,0,0,0,0,0,0,0,0,0,0,0,0,0,0,0,0,0,0,0,0,0,0,0,0,0,0,261,0,76,0,51,0,0,0,0,0,18,0,0,0,92,10,74,0,23,0,130,0,70,0,489,0,47,0,68,0,0,0,92,0,0,0,0,0,0,0,0,0,53,0,0,0,18,0,32,0,31,0,0,0,60,0,0,0,0,0,40,0,0,0,0,0,0,0,0,0,0,0,0,0,0,0,0,0,0,0,42,0,0,0,0,0,0,0,0,2,0,3,0,8,0,0,0,115,0,27,0,0,0,0
0,0,0,0,0,0,0,0,0,0,0,0,0,0,0,0,0,0,3,0,0,0,0,0,0,0,0,0,0,0,0,0,0,0,0,0,0,0,0,0,0,0,0,0,0,0,2,0,0,0,6,0,0,0,0,0,0,0,0,0,0,0,0,0,0,0,0,0,179,0,16,0,101,0,20,0,0,0,86,0,9,0,110,0,0,0,46,0,0,0,0,0,64,0,53,0,0,0,8,0,0,0,74,0,0,0,8,0,14,0,3,0,1,0,6,0,5,0,0,0,0,0,0,0,0,0,0,0,0,0,0,0,0,0,0,0,0,0,0,0,0,0,0,0,0,0,0,0,0,0,0,0,0,0,0,0,0,0,0,0,0,0,0,0,20,0,3,0,10,0,0,0,0,0,0,0,0,0,0,0,0,0,0,0,0,0,0,0,0,0,0,0,0,0,0,0,0,0,0,0,0,0,0,0,0,0,0,0,0,0,66,0,59,0,4,8,0,0,0,0,0,0,0,0,0
0,0,0,0,0,0,0,0,0,0,0,0,0,0,0,0,0,0,0,0,0,0,0,0,0,0,0,0,0,0,0,0,0,0,0,0,0,0,0,0,0,0,0,7,0,7,0,0,0,9,0,11,0,0,0,1,0,1,0,0,0,0,0,0,0,0,0,0,0,130,0,15,0,197,0,57,0,0,0,12,0,49,0,75,0,31,0,110,0,0,0,11,0,4,0,19,0,0,0,0,0,12,0,51,0,20,1,15,0,9,0,0,0,5,0,2,0,1,0,0,0,17,0,0,0,0,0,0,0,0,0,0,0,0,0,0,0,0,0,0,0,0,0,0,0,0,0,0,0,0,0,0,0,0,0,0,0,0,0,0,0,0,0,5,0,56,0,0,0,76,0,1,0,0,0,0,0,0,0,0,0,0,0,0,0,0,0,0,0,141,0,0,0,0,0,62,0,0,0,0,0,29,0,0,0,0,0,0,0,0,0,0,0,0,3,0,0,0,153,13,175,0,16,0,7
0,0,0,0,0,0,0,0,0,0,0,0,0,0,0,0,0,0,0,0,0,0,0,0,0,0,0,0,0,0,0,0,0,0,0,0,0,0,0,0,0,0,0,0,0,0,0,0,0,0,0,0,0,0,0,0,0,0,0,0,0,0,0,0,0,0,0,0,20,0,247,0,235,0,263,0,86,0,0,0,9,0,122,0,159,0,43,0,0,0,0,0,40,0,25,1,36,0,6,0,0,0,20,0,0,0,0,3,1,0,0,0,0,0,0,0,2,0,0,0,166,0,60,0,2,0,7,0,0,0,0,0,0,0,0,0,0,0,0,0,32,0,165,0,65,0,0,0,0,0,22,1,0,0,0,0,0,0,0,0,0,0,10,0,0,0,0,0,32,0,0,0,0,0,0,0,0,0,0,0,0,0,0,0,0,0,0,0,0,0,50,0,223,0,0,0,0,0,0,0,153,0,0,0,0,0,0,0,0,0,234,0,33,0,5,0,0,0,0,0,0,0,0,0,0
