0,247,27,156,23,64,23,67,49,5,88,63,65,0,0,53,49,40,11,0,23,13,13,177,10,83,0,0,307,19,0,0,13,44,0,0,6,16,508,33,23,0,0,0,0,0,0,0,7,0,0,0,3,0,2,0,0,0,2,0,112,0,40,0,0,0,8,0,0,0,0,0,0,0,0,0,0,0,0,0,0,0,0,0,0,0,0,0,0,0,0,0,0,0,0,0,0,0,0,0,0,0,0,0,0,0,0,0,0,0,0,0,0,0,0,0,0,0,0,0,0,0,0,0,0,0,0,0,0,0,0,0,0,0,0,0,0,0,0,0,0,0,0,0,0,0,6,0,0,0,4,0,8,0,0,0,0,0,0,0,0,0,0,0,0,0,0,0,15,0,22,0,214,0,0,0,287,122,4,0,0,0,8,0,14,0,0,0,0,0,0,0,0,0,0,0,0,0,0,0,0,0,0,0,0,0,0,0,4,0,328,79,270,122,234,0,3,0,0,0,7,0,0,0,0
247,0,224,56,0,141,191,37,68,76,0,232,0,120,0,14,95,33,0,58,0,0,116,30,280,9,0,242,7,128,1,24,0,173,0,0,0,171,0,326,0,94,0,0,0,0,0,281,0,5,0,0,28,3,44,7,0,0,0,51,0,158,58,13,0,81,0,42,0,0,0,0,0,0,0,0,0,0,0,0,0,0,0,0,0,0,0,0,0,0,0,0,0,0,0,0,0,1,0,0,0,0,0,0,0,0,0,0,0,0,0,1,0,0,0,0,0,0,0,0,0,0,0,0,0,57,0,29,0,5,0,31,0,4,0,63,0,37,0,0,0,0,0,4,0,0,0,61,0,86,0,50,0,32,0,0,0,0,0,0,0,8,0,1,0,11,0,0,0,18,3,28,0,112,0,0,131,443,0,8,0,0,35,14,0,81,0,0,0,0,0,0,0,0,0,0,0,2,0,0,0,0,0,0,0,0,0,32,0,85,0,0,0,0,255,0,0,0,482,144,247,139,2,0,0
27,224,0,106,182,64,16,0,48,0,103,109,135,0,268,121,225,25,173,0,254,0,222,127,45,24,0,0,307,11,25,0,45,78,0,0,12,0,304,0,40,0,0,0,8,0,34,0,5,0,0,0,0,0,13,0,0,0,8,0,0,0,22,0,8,0,0,0,0,0,0,0,0,0,0,0,0,0,0,0,0,0,0,0,0,0,0,0,0,0,0,0,0,0,0,0,0,0,0,0,0,0,0,0,20,0,0,0,0,0,0,0,0,0,0,0,0,0,0,0,0,0,0,0,6,0,13,0,0,0,17,0,0,0,103,0,41,0,0,0,0,0,0,0,0,0,36,0,6,0,36,0,22,0,11,0,0,0,0,0,6,0,4,0,0,0,0,0,26,1,5,0,162,0,1,0,83,78,1,0,4,0,0,0,10,0,0,0,0,0,0,0,0,0,0,0,1,0,0,0,14,0,0,0,0,0,0,0,42,0,232,49,342,122,278,0,0,0,14,0,0,0,0,0,0
156,56,106,0,0,143,0,77,9,4,0,12,0,16,0,295,44,63,0,99,0,50,55,178,104,23,0,78,13,0,0,0,0,158,0,0,0,43,0,127,0,18,0,0,0,3,0,55,0,1,0,0,2,0,0,28,0,3,0,6,1,0,9,6,0,0,0,0,0,0,0,0,0,0,0,0,0,0,0,0,0,0,0,0,0,0,0,0,0,0,0,0,0,0,0,0,0,0,0,0,0,0,0,0,0,0,0,42,0,0,0,0,0,0,0,0,0,0,0,0,0,0,0,0,0,8,0,10,0,0,0,0,0,5,0,139,0,96,0,0,0,0,0,23,0,0,0,3,0,0,0,0,0,0,0,0,0,0,0,0,0,0,0,0,0,0,0,0,0,19,0,0,0,80,0,0,38,0,0,0,0,0,31,0,0,0,0,0,0,0,0,0,0,0,0,0,0,1,0,0,0,9,0,0,0,0,0,12,0,28,0,0,0,0,181,0,0,0,292,44,249,126,0,0,0
23,0,182,0,0,300,12,0,52,0,82,237,371,125,199,168,0,0,196,229,360,121,39,72,0,0,77,0,0,0,186,0,348,92,121,0,250,20,78,0,148,0,0,0,14,0,98,0,11,0,80,0,0,0,1,0,0,0,8,0,0,0,0,0,19,0,12,0,0,0,0,0,0,0,0,0,0,0,0,0,0,0,0,0,0,0,0,0,0,0,0,0,0,0,0,0,0,0,0,0,0,0,0,0,0,0,0,0,0,0,0,0,0,0,0,0,0,0,0,0,0,0,0,0,0,0,4,0,0,0,0,0,0,0,26,0,0,0,0,0,0,0,0,0,0,0,23,0,5,0,23,0,56,0,0,0,0,0,0,0,0,0,0,0,26,0,135,0,78,0,5,0,97,0,0,0,226,134,22,0,0,0,0,0,60,0,10,0,0,0,0,0,0,0,0,0,0,0,0,0,0,0,0,0,0,0,0,0,23,0,263,110,551,133,148,0,0,4,0,0,0,0,0,0,0
64,141,64,143,300,0,0,21,0,10,199,131,125,150,436,179,0,0,90,298,180,167,148,95,0,10,0,333,0,0,27,146,0,408,9,195,0,145,0,0,0,25,0,0,0,0,0,148,0,7,0,61,0,0,0,0,0,1,0,0,0,0,0,0,0,14,0,0,0,0,0,0,0,0,0,0,0,0,0,0,0,0,0,0,0,0,0,0,0,0,0,0,0,0,0,0,0,0,0,0,0,0,0,0,0,0,0,0,0,0,0,0,0,0,0,0,0,0,0,0,0,0,0,0,0,9,0,0,0,0,0,0,0,0,0,87,0,36,0,0,0,0,0,0,0,0,0,0,0,12,0,57,0,27,0,0,0,0,0,0,0,0,0,0,0,62,0,121,0,91,0,10,0,81,0,0,111,242,28,43,0,62,6,0,0,0,0,57,0,0,0,0,0,0,0,0,0,0,0,0,0,0,0,0,0,0,0,0,0,45,0,0,0,0,240,0,0,0,560,263,593,127,0,0,0
23,191,16,0,12,0,0,121,96,121,18,0,0,0,5,0,8,0,0,0,0,0,11,16,170,150,0,0,51,38,0,0,0,0,0,0,0,0,39,28,4,0,0,0,0,0,0,0,14,0,2,0,15,13,156,0,7,0,27,0,155,28,66,42,15,0,12,0,0,0,0,0,0,0,0,0,0,0,0,0,0,3,0,0,0,0,0,0,0,0,1,0,0,0,0,0,0,0,0,0,0,0,0,0,0,0,0,0,0,0,0,0,0,0,0,0,0,0,0,0,0,0,0,0,25,0,28,0,0,0,87,0,14,0,16,0,8,0,0,0,3,0,0,0,0,0,31,0,21,0,17,0,4,0,3,0,0,0,4,0,3,0,0,0,0,0,2,0,12,0,58,0,79,0,0,0,80,80,0,0,0,0,1,0,1,0,0,0,0,0,0,0,0,0,0,0,0,0,4,0,0,0,0,0,0,0,1,0,51,0,304,42,175,141,330,0,22,6,14,0,0,0,0,0,0
67,37,0,77,0,21,121,0,188,51,0,7,0,0,0,24,0,6,0,14,0,0,0,14,69,82,0,0,0,121,0,0,0,0,0,0,0,38,0,188,0,7,0,0,0,0,0,18,0,1,0,0,51,7,59,129,12,2,0,22,0,305,50,93,0,7,15,4,0,0,0,0,0,0,0,0,0,0,0,0,0,0,0,0,0,0,0,0,0,0,0,0,0,0,0,0,0,0,0,0,0,0,0,0,2,0,0,0,0,0,0,0,0,0,0,0,0,0,0,0,0,0,0,0,0,33,0,18,0,7,0,31,0,0,0,32,0,30,0,0,0,1,0,12,0,0,0,15,0,2,0,0,0,0,0,2,0,7,0,2,0,9,0,0,0,4,0,0,0,28,0,56,0,112,0,0,44,52,0,2,0,1,0,8,0,0,0,0,0,0,0,0,0,0,0,0,0,0,0,0,0,0,0,0,0,0,0,3,0,21,0,0,0,0,283,0,0,0,376,33,211,199,0,0,0
49,68,48,9,52,0,96,188,0,352,77,1,103,0,18,0,0,0,54,0,4,0,0,0,5,168,0,0,0,29,0,0,0,0,0,0,0,0,0,13,52,0,0,0,0,0,29,0,9,0,0,0,121,48,66,174,26,0,171,4,228,19,109,131,45,0,394,39,0,0,0,0,0,0,0,0,0,0,0,0,0,0,0,0,0,0,0,0,0,0,0,0,0,0,0,0,0,0,0,0,0,0,0,0,0,0,0,0,0,0,0,0,0,0,0,0,0,0,0,0,1,0,0,0,17,0,8,0,0,0,46,0,0,0,16,0,0,0,0,0,0,0,0,0,0,0,43,0,72,0,27,0,36,0,14,0,64,1,0,1,8,0,0,0,0,0,0,0,5,0,85,0,27,4,0,0,421,79,28,0,1,0,15,2,51,8,0,0,0,0,0,0,0,0,0,0,0,0,0,0,0,0,0,0,1,0,0,0,14,0,273,38,111,73,174,0,16,0,11,10,0,0,0,0,0
5,76,0,4,0,10,121,51,352,0,0,17,0,2,0,0,0,0,0,23,0,0,0,0,18,7,0,23,0,13,0,0,0,0,0,0,0,8,0,57,0,0,0,0,0,0,0,30,0,2,0,0,125,81,124,108,98,0,104,91,0,401,47,215,0,156,108,49,0,0,0,0,0,0,0,0,0,0,0,0,0,0,0,0,0,1,0,0,0,0,0,0,0,0,0,0,0,0,0,0,0,0,0,0,0,3,0,0,0,0,0,0,0,0,0,0,0,0,0,0,0,0,0,0,0,53,0,36,0,0,0,34,0,4,0,27,0,22,0,0,0,0,0,0,0,0,0,44,0,37,0,26,0,6,1,3,0,32,0,0,0,17,0,0,0,4,0,0,0,17,0,99,0,69,0,0,53,290,0,3,0,0,0,21,0,43,0,0,0,0,0,0,0,0,0,0,0,0,0,0,0,0,0,0,0,0,0,7,0,70,2,0,0,0,214,0,0,0,326,52,180,134,0,17,1
88,0,103,0,82,199,18,0,77,0,0,182,283,0,52,206,22,0,26,102,212,84,25,60,0,0,9,0,37,0,100,0,328,48,0,0,88,14,81,0,105,0,0,0,0,0,105,0,9,0,4,0,0,0,0,0,0,0,0,0,0,0,0,0,6,0,16,0,0,0,0,0,0,0,0,0,0,0,0,0,0,0,0,0,0,0,0,0,0,0,0,0,0,0,0,0,0,0,0,0,0,0,0,0,0,0,0,0,0,0,0,0,0,0,0,0,0,0,0,0,0,0,0,0,0,0,2,0,0,0,5,0,0,0,2,0,0,0,1,0,0,0,0,0,0,0,12,0,7,0,30,0,55,0,6,0,0,0,0,0,0,0,0,0,0,0,56,0,19,0,0,0,76,0,22,0,408,100,48,0,61,0,21,0,109,0,8,0,0,0,0,0,0,0,0,0,0,0,0,0,0,0,0,0,0,0,0,0,4,0,317,105,316,114,125,0,0,5,0,0,20,0,0,0,0
63,232,109,12,237,131,0,7,1,17,182,0,0,351,352,14,16,0,0,22,110,60,182,27,0,0,0,157,0,0,19,55,0,286,0,30,0,79,0,0,0,115,0,0,0,0,0,226,0,25,0,0,0,0,0,0,0,0,0,9,0,0,0,0,0,9,0,0,0,0,0,0,0,0,0,0,0,0,0,0,0,0,0,0,0,0,0,0,0,0,0,0,0,0,0,0,0,0,0,0,0,0,0,0,0,0,0,0,0,0,0,0,0,0,0,0,0,0,0,0,0,0,0,0,0,0,0,6,0,0,0,5,0,0,0,13,0,3,0,0,0,0,0,0,0,0,0,13,0,15,0,128,0,107,0,0,0,0,0,0,0,0,0,0,0,0,0,13,0,0,0,0,0,19,0,23,107,610,14,79,0,188,0,19,0,86,0,15,0,0,0,0,0,0,0,0,0,0,0,0,0,0,0,0,0,0,0,8,0,17,7,0,0,3,94,0,0,0,325,177,176,0,0,1,0
65,0,135,0,371,125,0,0,103,0,283,0,0,478,11,6,0,0,69,315,32,65,5,0,0,0,88,459,0,0,26,3,33,0,177,22,120,0,0,0,398,50,84,71,43,58,270,159,84,5,202,105,0,0,0,0,0,0,2,0,0,0,0,0,13,0,9,0,0,0,0,0,0,0,0,0,0,0,0,0,2,0,0,0,0,0,5,0,0,0,0,0,0,0,0,0,0,0,0,0,0,0,0,0,0,0,0,0,0,0,0,0,0,0,0,0,0,0,0,0,0,0,0,0,6,0,0,0,0,0,0,0,0,0,21,0,0,0,0,0,0,0,0,0,0,0,29,0,13,0,0,0,83,0,0,0,3,0,0,0,0,0,0,0,79,0,13,0,80,0,0,0,0,0,0,0,274,75,86,0,115,0,81,0,128,0,201,16,0,0,5,0,0,0,0,0,0,0,0,0,0,0,0,0,0,0,0,0,18,0,49,168,345,27,30,4,0,0,0,0,0,0,0,0,0
0,120,0,16,125,150,0,0,0,2,0,351,478,0,84,2,0,0,628,38,151,39,0,0,0,0,171,127,0,0,7,8,0,0,29,72,0,24,0,0,122,189,27,63,11,25,61,306,0,36,17,144,0,0,0,0,0,0,0,3,0,0,0,0,0,0,0,0,0,0,0,0,0,0,0,0,0,0,0,0,0,0,0,0,0,0,0,0,0,0,0,0,0,0,0,0,0,0,0,0,0,0,0,6,0,0,0,0,0,0,0,0,0,0,0,0,0,0,0,0,0,0,0,0,0,0,0,7,0,0,0,0,0,0,0,0,0,0,0,0,0,0,0,0,0,0,0,0,0,0,0,0,0,0,0,0,0,0,0,0,0,0,0,0,2,85,0,15,0,78,0,1,0,0,0,0,75,667,11,84,0,0,0,0,0,59,48,164,0,0,0,0,0,2,0,0,0,0,0,0,0,0,0,0,0,0,0,0,0,0,0,0,0,0,16,0,0,0,45,276,391,22,0,0,0
0,0,268,0,199,436,5,0,18,0,52,352,11,84,0,210,99,0,152,266,554,193,173,0,56,0,129,0,13,0,265,0,274,93,170,45,84,39,3,0,0,0,0,0,23,0,32,6,3,0,23,0,22,0,0,0,0,0,0,0,0,0,47,0,10,0,9,0,0,0,7,0,0,0,17,0,0,0,0,0,19,0,0,0,0,0,0,0,0,0,44,0,0,0,0,0,34,0,95,0,0,0,0,0,0,0,0,0,0,0,0,0,0,0,0,0,0,0,0,0,0,0,0,0,0,0,0,0,0,0,1,0,0,0,62,0,9,0,0,0,0,0,0,0,0,0,18,0,12,0,54,0,46,0,0,0,0,0,0,0,0,0,0,0,0,0,60,0,0,0,0,0,0,0,0,0,103,75,30,3,0,3,5,0,39,0,1,0,0,0,0,0,0,0,0,0,2,0,5,0,23,0,0,0,0,0,0,0,34,0,103,76,138,32,40,0,1,0,0,0,0,0,0,0,0
53,14,121,295,168,179,0,24,0,0,206,14,6,2,210,0,24,94,7,348,68,436,209,467,46,46,0,76,12,60,0,130,28,289,0,37,4,0,20,38,0,0,0,4,0,5,0,0,2,0,0,0,0,28,0,47,0,0,0,1,0,0,0,101,0,0,0,0,0,0,0,1,0,5,0,3,0,0,0,0,0,59,0,0,0,44,0,0,0,0,0,18,0,0,0,0,0,81,0,17,0,0,0,0,0,0,0,151,0,0,0,0,0,0,0,0,0,0,0,0,0,0,0,0,0,0,0,9,0,0,0,0,0,0,0,237,0,136,0,3,0,14,0,103,0,0,0,0,0,5,0,16,0,0,0,0,0,0,0,0,0,0,0,0,0,22,0,90,0,38,0,3,0,71,0,0,60,50,4,16,0,0,12,0,0,3,0,0,0,0,0,0,0,0,0,0,0,0,0,0,0,18,0,0,0,0,0,0,0,39,0,0,0,0,86,0,0,0,219,139,309,52,0,0,1
49,95,225,44,0,0,8,0,0,0,22,16,0,0,99,24,0,17,44,0,163,2,279,64,102,10,46,0,343,5,25,0,5,13,8,0,0,10,58,16,0,0,0,0,0,0,15,0,5,0,6,0,86,0,7,0,0,0,0,0,38,2,349,0,0,0,0,0,0,0,21,0,20,0,62,0,30,0,0,0,61,0,0,0,54,0,102,0,0,0,97,0,0,0,113,0,99,0,271,0,151,0,68,0,0,0,324,0,0,0,0,0,0,0,0,0,0,0,0,0,57,0,43,0,0,0,15,0,0,0,0,0,0,0,49,0,70,0,36,0,78,0,227,0,0,0,0,0,0,0,0,0,0,0,124,0,0,0,63,0,57,0,5,0,0,0,1,0,0,1,12,0,17,0,0,0,31,10,8,0,0,0,56,0,0,0,0,0,0,0,0,0,0,0,0,0,0,0,0,0,21,0,0,0,0,0,0,0,0,0,19,8,47,20,16,0,0,0,0,0,0,0,0,0,0
40,33,25,63,0,0,0,6,0,0,0,0,0,0,0,94,17,0,0,36,1,114,12,187,40,174,0,0,0,279,0,33,0,18,0,0,0,11,0,63,0,0,0,0,0,0,0,0,0,1,0,0,4,28,13,15,0,0,0,0,0,18,0,132,0,0,0,0,0,0,0,0,0,0,0,1,0,0,0,0,0,85,0,21,0,120,0,18,0,0,0,0,0,2,0,0,0,84,0,15,0,32,0,0,0,0,0,0,0,0,0,0,0,2,0,0,0,0,0,0,0,0,0,10,0,0,0,26,0,67,0,0,0,0,0,55,0,170,0,71,0,47,0,230,0,6,0,0,0,0,0,0,0,0,0,22,0,0,0,0,0,5,0,0,0,0,0,0,0,0,0,3,5,41,0,0,9,38,0,9,0,0,8,13,0,0,0,0,0,0,0,0,0,0,0,0,0,0,0,0,0,0,0,0,0,0,0,0,0,0,2,0,0,0,26,0,0,0,29,23,112,45,0,3,0
11,0,173,0,196,90,0,0,54,0,26,0,69,628,152,7,44,0,0,263,145,65,100,0,0,0,301,351,14,0,53,0,35,0,378,27,106,0,1,0,59,28,59,75,101,25,165,108,11,0,208,91,26,0,6,0,0,0,0,0,0,0,0,0,12,0,16,0,0,0,45,0,0,0,42,0,0,0,0,0,34,0,0,0,0,0,0,0,0,0,0,0,0,0,0,0,0,0,150,0,115,0,0,0,0,0,186,0,0,0,0,0,0,0,0,0,0,0,0,0,0,0,0,0,0,0,15,0,0,0,0,0,0,0,62,0,0,0,0,0,0,0,0,0,28,0,42,0,18,0,95,0,82,0,19,0,10,0,0,0,0,0,0,0,73,0,0,0,87,0,5,0,9,0,0,0,121,36,29,0,29,0,0,0,93,0,22,14,0,0,0,0,0,0,0,0,0,0,0,0,0,0,0,0,0,0,0,0,42,0,66,186,292,42,39,0,0,0,0,0,0,0,0,0,0
0,58,0,99,229,298,0,14,0,23,102,22,315,38,266,348,0,36,263,0,145,410,15,185,0,14,20,624,0,16,24,174,35,46,0,322,0,168,0,0,0,5,0,98,0,108,0,171,0,3,0,210,0,56,0,28,0,0,0,0,0,0,0,152,0,16,0,0,0,0,0,0,0,0,0,0,0,9,0,0,0,0,0,0,0,120,0,0,0,0,0,0,0,0,0,0,0,132,0,30,0,44,0,0,0,0,0,161,0,0,0,0,0,0,0,0,0,0,0,0,0,28,0,0,0,0,0,0,0,0,0,0,0,0,0,147,0,0,0,0,0,0,0,174,0,0,0,0,0,14,0,49,0,27,0,0,0,4,0,0,0,0,0,0,0,85,0,73,0,92,0,0,0,16,0,0,67,88,27,22,0,11,0,0,0,37,9,50,0,0,0,0,0,0,0,0,0,0,0,0,0,0,0,0,0,0,0,26,0,56,0,0,0,0,42,0,0,0,152,333,375,44,0,0,0
23,0,254,0,360,180,0,0,4,0,212,110,32,151,554,68,163,1,145,145,0,76,169,16,21,0,293,46,125,0,98,14,34,13,136,22,28,0,8,0,0,12,83,0,134,0,19,14,0,0,142,22,47,0,0,0,0,0,0,0,9,0,106,0,0,0,0,0,0,0,107,0,52,0,134,0,0,0,0,0,113,0,140,0,40,0,141,0,0,0,130,0,0,0,241,0,87,0,418,0,257,0,0,0,0,0,327,0,0,0,0,0,0,0,0,0,0,0,0,0,125,0,43,0,0,0,0,0,0,0,0,0,0,0,30,0,0,0,105,0,152,0,147,0,59,0,11,0,0,0,0,0,0,0,26,0,5,0,67,0,32,0,0,0,39,0,49,0,0,0,10,0,11,0,0,0,58,17,50,0,0,0,22,0,0,2,0,0,0,0,0,0,0,0,0,0,0,0,0,0,18,0,0,0,0,0,0,0,17,0,153,205,273,81,73,0,0,0,0,0,0,2,0,0,0
13,0,0,50,121,167,0,0,0,0,84,60,65,39,193,436,2,114,65,410,76,0,52,322,0,29,0,233,0,105,17,71,0,54,0,107,0,44,0,13,0,0,0,201,0,183,0,17,0,0,0,140,0,40,0,29,0,0,0,0,0,4,0,121,0,0,0,0,0,0,0,19,0,5,0,0,0,0,0,0,0,176,0,0,0,178,0,27,0,0,0,0,0,0,0,48,0,0,0,35,0,52,0,0,0,0,0,112,0,0,0,0,0,0,0,0,0,0,0,0,0,48,0,0,0,0,0,0,0,0,0,0,0,0,0,0,0,334,0,179,0,332,0,399,0,103,0,0,0,0,0,0,0,0,0,0,0,15,0,5,0,0,0,0,0,53,0,59,0,79,0,0,0,22,0,0,28,125,0,30,0,0,1,0,0,2,0,16,0,0,0,0,0,0,0,0,0,0,0,0,0,11,0,0,0,0,0,0,0,0,8,0,9,0,61,0,0,0,244,380,206,26,0,0,0
13,116,222,55,39,148,11,0,0,0,25,182,5,0,173,209,279,12,100,15,169,52,0,205,275,0,38,0,67,4,8,22,6,115,0,0,3,26,46,0,0,0,0,0,11,0,0,0,6,0,0,0,33,0,7,0,0,0,0,0,0,0,80,0,0,0,0,0,0,0,6,0,0,0,14,0,0,0,0,0,19,0,0,0,37,0,23,0,0,0,124,0,0,0,52,0,112,0,0,0,0,0,64,0,108,0,305,0,0,0,0,0,0,0,0,0,0,0,0,0,0,0,24,0,4,0,25,0,0,0,4,0,0,0,283,0,86,0,0,0,0,4,274,0,0,0,26,0,6,0,73,0,31,0,96,0,0,0,39,0,16,0,0,0,0,0,10,0,0,0,0,0,40,0,2,0,74,49,24,0,9,0,27,0,9,0,0,0,0,0,0,0,0,0,0,0,5,0,33,0,109,0,0,0,6,0,14,0,94,0,39,12,93,34,29,0,0,0,0,0,10,0,0,0,0
177,30,127,178,72,95,16,14,0,0,60,27,0,0,0,467,64,187,0,185,16,322,205,0,60,28,0,55,14,153,0,51,11,143,0,5,2,13,26,65,0,0,0,9,0,0,6,0,0,0,0,0,0,31,0,60,0,0,0,0,1,0,2,127,0,0,0,1,0,0,0,0,0,0,0,0,0,0,0,0,0,58,0,0,0,41,0,11,0,0,0,0,0,0,0,40,0,121,0,8,0,27,0,0,0,0,0,162,0,0,0,0,0,0,0,0,0,0,0,0,0,0,0,0,0,0,0,0,0,0,0,0,0,0,0,143,0,160,0,0,0,27,0,166,0,0,0,0,0,0,0,0,1,0,0,0,0,0,0,0,0,0,0,0,0,0,0,24,0,11,0,0,0,29,0,0,31,57,0,8,0,0,31,0,0,0,0,0,0,0,0,0,0,0,0,0,0,1,0,0,0,12,0,0,0,0,0,0,0,0,0,0,0,0,35,0,0,0,77,152,104,22,0,0,0
10,280,45,104,0,0,170,69,5,18,0,0,0,0,56,46,102,40,0,0,21,0,275,60,0,74,0,0,177,33,6,0,0,0,0,0,2,17,87,47,0,0,0,0,0,0,40,0,4,0,0,0,14,3,102,0,4,0,11,0,40,7,48,7,4,0,1,0,0,0,2,0,0,0,0,0,0,0,0,0,6,1,0,0,12,0,0,0,0,0,47,0,0,0,0,1,0,0,0,0,0,0,0,0,0,0,0,0,0,0,0,0,0,0,0,0,0,0,0,0,0,0,16,0,15,0,58,0,0,0,56,0,45,3,224,0,138,0,4,9,17,4,214,0,1,0,35,0,0,0,28,0,5,0,63,0,0,0,19,0,9,0,1,0,0,0,0,0,0,0,20,0,44,10,0,0,21,26,0,0,0,0,12,0,2,0,0,0,0,0,0,0,0,0,0,0,0,0,13,0,36,0,0,0,0,0,0,0,160,0,76,19,127,76,90,0,0,1,0,1,5,0,0,0,0
83,9,24,23,0,10,150,82,168,7,0,0,0,0,0,46,10,174,0,14,0,29,0,28,74,0,0,0,0,373,0,3,0,0,0,0,0,18,0,189,0,0,0,0,0,0,0,0,0,0,0,0,36,2,46,77,9,3,12,0,0,133,44,73,0,0,10,0,0,0,0,0,0,0,0,0,0,0,0,0,0,0,0,0,0,12,0,3,0,0,1,0,0,0,0,0,0,48,0,0,0,0,0,0,0,0,0,58,0,0,0,0,0,0,0,0,0,0,0,0,0,0,0,0,0,0,0,0,0,27,0,8,0,35,0,274,0,249,0,56,0,14,0,130,0,0,0,0,0,0,0,0,0,0,0,3,0,1,0,13,0,0,0,0,0,0,0,0,0,16,0,16,0,57,0,0,20,15,0,0,0,0,12,4,0,0,0,0,0,0,0,0,0,0,0,0,0,0,0,0,0,17,0,0,0,0,0,0,0,34,0,0,0,0,203,0,0,0,179,22,165,169,0,7,0
0,0,0,0,77,0,0,0,0,0,9,0,88,171,129,0,46,0,301,20,293,0,38,0,0,0,0,193,0,0,21,0,5,0,54,0,23,0,0,0,52,45,278,10,289,43,335,162,53,0,193,20,0,0,0,0,0,0,0,0,0,0,0,0,0,0,0,0,0,0,54,0,0,0,44,0,0,0,0,0,0,0,0,0,0,0,54,0,0,0,0,0,0,0,0,0,0,0,0,0,0,0,0,0,0,0,0,0,0,0,0,0,0,0,0,0,0,0,0,0,0,0,0,0,0,0,0,0,0,0,0,0,0,0,0,0,8,0,0,0,0,0,0,0,0,0,0,0,0,0,0,0,25,0,0,0,4,0,0,0,42,0,0,0,132,0,0,0,100,0,0,0,14,0,0,0,25,7,4,0,0,3,6,0,32,0,46,8,0,0,0,0,0,0,0,0,0,0,0,0,0,0,0,0,0,0,0,0,11,0,11,188,420,0,0,0,0,14,0,0,0,0,0,0,0
0,242,0,78,0,333,0,0,0,23,0,157,459,127,0,76,0,0,351,624,46,233,0,55,0,0,193,0,0,0,0,10,0,0,23,23,0,28,0,0,193,15,47,193,13,395,69,208,0,49,22,140,0,0,0,22,0,0,0,0,0,0,0,79,0,29,0,0,0,3,0,0,0,0,0,0,0,0,0,0,0,0,0,0,0,106,0,0,0,0,0,0,0,0,0,83,0,0,0,24,0,0,0,0,0,0,0,103,0,0,0,0,0,0,0,0,0,0,0,0,0,0,0,0,0,0,0,0,0,0,0,0,0,0,0,123,0,124,0,0,0,0,0,182,0,55,0,0,0,39,0,104,0,36,0,0,0,0,0,0,0,0,0,0,0,208,0,0,0,0,0,0,0,0,0,0,25,143,0,22,0,0,0,1,0,41,34,57,0,0,0,18,0,0,0,37,0,0,0,0,0,0,0,0,0,0,0,0,0,85,0,0,0,0,12,0,0,0,62,522,508,17,17,0,53
307,7,307,13,0,0,51,0,0,0,37,0,0,0,13,12,343,0,14,0,125,0,67,14,177,0,0,0,0,0,26,0,20,0,28,0,8,0,33,0,0,0,0,0,0,0,0,0,0,0,7,0,26,0,29,0,0,0,0,0,1,0,79,0,0,0,0,0,0,0,10,0,7,0,18,0,12,0,0,0,11,0,0,0,0,0,19,0,0,0,0,0,0,0,0,0,0,0,52,0,21,0,0,0,0,0,30,0,0,0,0,0,0,0,0,0,0,0,0,0,20,0,8,0,0,0,0,0,0,0,0,0,0,0,0,0,11,0,40,0,26,0,36,0,6,0,0,0,0,0,0,0,0,0,28,0,0,0,54,0,8,0,0,0,0,0,0,0,4,0,0,0,0,0,0,0,130,0,0,0,0,0,104,0,0,0,0,0,0,0,0,0,0,0,0,0,0,0,0,0,0,0,0,0,0,0,0,0,0,0,0,35,0,3,6,0,0,0,0,0,1,0,0,0,0
19,128,11,0,0,0,38,121,29,13,0,0,0,0,0,60,5,279,0,16,0,105,4,153,33,373,0,0,0,0,0,41,0,37,0,61,0,4,0,26,0,0,0,0,0,0,0,0,0,0,0,3,0,15,3,14,0,1,0,1,0,21,8,72,0,0,0,0,0,0,0,0,0,0,1,0,0,0,0,0,0,14,0,0,0,35,0,0,0,0,0,0,0,0,0,0,0,0,0,4,0,0,0,0,0,0,0,0,0,0,0,0,0,0,0,0,0,0,0,0,0,7,0,0,0,0,0,0,0,34,0,0,0,40,0,7,0,136,0,160,0,97,0,92,0,31,0,0,0,0,0,0,0,0,0,3,0,1,0,4,0,1,0,0,0,0,0,0,0,5,0,0,0,13,0,0,2,43,0,0,0,0,4,54,0,0,0,0,0,0,0,0,0,0,0,0,0,0,0,0,0,0,0,0,0,0,0,0,0,0,0,0,0,0,0,0,0,0,18,17,12,0,0,0,0
0,1,25,0,186,27,0,0,0,0,100,19,26,7,265,0,25,0,53,24,98,17,8,0,6,0,21,0,26,0,0,0,12,2,41,0,19,0,2,0,2,0,11,0,14,0,0,0,0,0,18,0,15,0,16,0,0,0,1,0,0,0,47,0,0,0,0,0,0,0,34,0,0,0,33,0,0,0,0,0,0,0,0,0,8,0,39,0,19,0,0,0,0,0,68,0,10,0,81,0,51,0,0,0,0,0,0,0,0,0,0,0,0,0,0,0,0,0,0,0,44,0,0,0,0,0,0,0,0,0,0,0,0,0,0,0,0,0,86,0,79,0,34,0,39,0,0,0,0,0,0,0,0,0,12,0,5,0,68,0,15,0,6,0,5,0,49,0,31,0,0,0,8,0,0,0,37,0,48,0,0,0,0,0,0,0,0,0,0,0,0,0,0,0,0,0,0,0,0,0,0,0,0,0,0,0,0,0,0,0,37,47,89,30,11,0,0,0,1,0,0,0,0,0,0
0,24,0,0,0,146,0,0,0,0,0,55,3,8,0,130,0,33,0,174,14,71,22,51,0,3,0,10,0,41,0,0,0,4,0,29,0,8,0,1,0,0,0,16,0,21,0,0,0,0,0,16,0,0,0,0,0,0,0,0,0,6,0,3,0,0,0,0,0,0,0,0,0,2,0,0,0,0,0,0,0,0,0,0,0,0,0,0,0,0,0,0,0,0,0,0,0,0,0,0,0,0,0,0,0,0,0,0,0,0,0,0,0,0,0,0,0,0,0,0,0,0,0,0,0,0,0,0,0,0,0,0,0,0,0,0,0,61,0,58,0,85,0,52,0,41,0,0,0,0,0,0,0,0,0,0,0,10,0,0,0,0,0,0,0,3,0,17,0,8,0,0,0,0,0,0,0,46,0,16,0,0,0,0,0,3,0,3,0,0,0,0,0,0,0,0,0,0,0,0,0,0,0,0,0,0,0,0,0,0,0,0,0,0,0,0,0,0,25,37,39,0,0,0,0
13,0,45,0,348,0,0,0,0,0,328,0,33,0,274,28,5,0,35,35,34,0,6,11,0,0,5,0,20,0,12,0,0,0,29,0,227,0,1,0,0,0,7,0,26,0,0,0,0,0,10,0,17,0,0,0,0,0,0,0,18,0,19,0,0,0,0,0,0,0,26,0,0,0,20,0,0,0,0,0,11,0,0,0,2,0,30,0,0,0,0,0,0,0,45,0,8,0,45,0,31,0,10,0,0,0,24,0,0,0,0,0,0,0,0,0,0,0,0,0,0,0,6,0,0,0,0,0,0,0,0,0,0,0,1,0,0,0,61,0,0,0,0,0,44,0,0,0,0,0,0,0,22,0,24,0,34,0,57,0,0,0,7,0,0,0,202,0,26,0,6,0,25,0,0,0,108,0,119,1,0,0,22,0,0,0,0,0,0,0,0,0,0,0,0,0,0,0,0,0,0,0,0,0,0,0,0,0,0,0,52,56,142,18,10,0,0,0,0,0,0,1,0,0,0
44,173,78,158,92,408,0,0,0,0,48,286,0,0,93,289,13,18,0,46,13,54,115,143,0,0,0,0,0,37,2,4,0,0,0,54,0,81,0,9,0,0,0,28,0,15,0,0,0,0,0,20,0,0,0,0,0,0,0,0,0,7,0,1,0,2,0,0,0,0,0,3,0,0,0,0,0,0,0,0,0,0,0,0,0,11,0,0,0,0,0,0,0,0,0,0,0,0,0,0,0,0,0,0,0,1,0,0,0,0,0,0,0,0,0,0,0,0,0,0,0,0,0,0,0,0,0,0,0,0,0,0,0,0,0,0,0,49,0,42,0,78,0,25,0,35,0,0,0,0,0,11,0,0,0,0,0,7,0,0,0,0,0,0,0,0,0,50,0,7,0,0,0,7,0,0,45,182,0,83,0,0,2,13,0,0,0,0,0,0,0,0,0,0,0,0,0,0,0,0,0,0,0,0,0,0,0,0,0,0,0,2,10,0,6,0,0,0,24,128,20,0,0,0,0
0,0,0,0,121,9,0,0,0,0,0,0,177,29,170,0,8,0,378,0,136,0,0,0,0,0,54,23,28,0,41,0,29,0,0,0,70,0,0,0,0,0,27,0,25,0,0,21,0,0,93,0,0,0,0,0,0,0,0,0,0,0,15,0,0,0,0,0,0,0,0,0,0,0,16,0,0,0,0,0,0,0,0,0,0,0,0,0,0,0,0,0,0,0,0,0,0,0,45,0,0,0,0,0,0,0,0,0,0,0,0,0,0,0,0,0,0,0,0,0,0,0,0,0,0,0,0,0,0,0,0,0,0,0,0,0,4,0,51,0,0,0,0,0,0,0,0,0,0,0,0,0,0,0,0,0,0,0,0,0,0,0,0,0,54,0,27,0,73,0,1,0,12,0,0,0,12,0,8,0,0,0,0,0,0,0,20,0,0,0,0,0,0,0,0,0,0,0,0,0,0,0,0,0,0,0,0,0,0,0,32,109,218,31,14,0,0,0,0,0,0,0,0,0,0
0,0,0,0,0,195,0,0,0,0,0,30,22,72,45,37,0,0,27,322,22,107,0,5,0,0,0,23,0,61,0,29,0,54,0,0,4,116,0,19,0,0,0,38,0,37,0,0,0,0,0,28,0,0,0,0,0,0,0,0,0,27,0,8,0,0,0,0,0,0,0,11,0,0,0,0,0,0,0,0,0,44,0,0,0,41,0,0,0,0,0,0,0,0,0,0,0,0,0,0,0,0,0,0,0,0,0,14,0,0,0,0,0,0,0,0,0,0,0,0,0,0,0,0,0,0,0,0,0,0,0,0,0,0,0,0,0,90,0,122,0,198,0,73,0,123,0,0,0,0,0,0,0,0,0,3,0,30,0,2,0,0,0,0,0,12,0,51,0,30,0,4,0,0,0,0,0,44,4,15,0,0,0,0,0,0,0,11,0,0,0,0,0,0,0,3,0,0,0,0,0,0,0,0,0,0,0,0,0,0,0,0,0,0,10,0,0,0,38,78,83,0,0,0,0
6,0,12,0,250,0,0,0,0,0,88,0,120,0,84,4,0,0,106,0,28,0,3,2,2,0,23,0,8,0,19,0,227,0,70,4,0,0,43,0,0,0,31,0,64,0,0,0,3,0,101,0,6,0,4,0,0,0,0,0,36,0,5,0,0,0,3,0,0,0,44,0,20,0,34,0,0,0,0,0,21,0,0,0,0,0,26,0,0,0,0,0,0,0,0,0,0,0,48,0,36,0,0,0,0,0,0,0,0,0,0,0,0,0,0,0,0,0,0,0,26,0,0,0,0,0,0,0,0,0,0,0,0,0,0,0,15,0,223,0,144,0,0,0,78,0,0,0,0,0,0,0,0,0,8,0,25,0,92,0,12,0,10,0,47,0,68,0,61,0,15,0,58,0,0,0,32,7,59,0,0,0,0,0,0,0,3,0,0,0,0,0,0,0,0,0,0,0,0,0,0,0,0,0,0,0,0,0,0,0,15,46,90,0,5,0,0,0,0,0,0,0,0,0,0
16,171,0,43,20,145,0,38,0,8,14,79,0,24,39,0,10,11,0,168,0,44,26,13,17,18,0,28,0,4,0,8,0,81,0,116,0,0,0,45,0,0,0,52,0,42,0,0,0,1,0,93,0,0,0,0,0,0,0,0,0,52,3,3,0,0,0,0,0,0,0,21,0,0,0,0,0,0,0,0,0,68,0,0,0,45,0,0,0,0,0,0,0,0,0,0,0,0,0,9,0,0,0,0,0,0,0,0,0,0,0,0,0,0,0,0,0,0,0,0,0,0,0,0,0,0,0,0,0,0,0,0,0,0,0,0,0,44,0,81,0,179,0,73,0,187,0,0,0,0,0,0,0,0,0,0,0,92,0,0,0,0,0,0,0,22,0,66,0,33,0,23,0,58,0,0,13,97,0,62,0,0,0,56,0,0,0,5,0,0,0,0,0,0,0,0,0,0,0,0,0,0,0,0,0,0,0,0,0,0,0,0,0,0,2,0,0,0,12,137,62,0,0,0,0
508,0,304,0,78,0,39,0,0,0,81,0,0,0,3,20,58,0,1,0,8,0,46,26,87,0,0,0,33,0,2,0,1,0,0,0,43,0,0,0,0,0,0,0,0,0,0,0,0,0,0,0,34,0,14,0,0,0,0,0,6,0,29,0,0,0,0,0,0,0,4,0,0,0,0,0,0,0,0,0,0,0,0,0,0,0,0,0,0,0,0,0,0,0,0,0,0,0,6,0,0,0,0,0,0,0,0,0,0,0,0,0,0,0,0,0,0,0,0,0,6,0,0,0,0,0,0,0,0,0,0,0,0,0,0,0,0,0,45,0,0,0,0,0,24,0,0,0,0,0,0,0,0,0,24,0,55,0,28,0,0,0,0,0,0,0,17,0,0,0,0,0,140,0,0,0,229,12,5,0,0,0,174,0,0,0,0,0,0,0,0,0,0,0,0,0,0,0,0,0,0,0,0,0,0,0,0,0,0,0,81,302,46,30,39,0,0,0,0,0,0,0,0,0,0
33,326,0,127,0,0,28,188,13,57,0,0,0,0,0,38,16,63,0,0,0,13,0,65,47,189,0,0,0,26,0,1,0,9,0,19,0,45,0,0,0,0,0,0,0,0,0,0,0,0,0,0,3,8,3,29,0,1,0,0,0,17,10,21,0,0,0,0,0,0,0,0,0,0,0,0,0,0,0,0,0,1,0,0,0,0,0,1,0,0,0,0,0,0,0,0,0,4,0,0,0,0,0,0,0,0,0,0,0,0,0,0,0,0,0,0,0,0,0,0,0,0,0,0,0,0,0,2,0,0,0,0,0,0,0,0,0,14,0,50,0,20,0,6,0,99,0,0,0,0,0,4,0,0,0,9,0,54,0,7,0,0,0,0,0,0,0,0,0,1,0,0,0,16,0,0,14,170,0,20,0,0,4,137,0,0,0,0,0,0,0,0,0,0,0,0,0,0,0,0,0,0,0,0,0,0,0,0,0,0,0,0,0,0,4,0,0,0,7,62,13,6,0,0,0
23,0,40,0,148,0,4,0,52,0,105,0,398,122,0,0,0,0,59,0,0,0,0,0,0,0,52,193,0,0,2,0,0,0,0,0,0,0,0,0,0,67,51,13,51,90,242,283,198,28,13,14,0,0,0,0,0,0,0,0,0,0,0,0,25,0,7,0,0,0,0,0,0,0,0,0,0,0,0,0,0,0,0,0,0,0,0,0,0,0,0,0,0,0,0,0,0,0,0,0,0,0,0,0,0,0,0,0,0,0,0,0,0,0,0,0,0,0,0,0,0,0,0,0,0,0,0,0,0,0,0,0,0,0,14,0,0,0,0,0,0,0,0,0,0,0,0,0,8,0,40,0,0,0,0,0,0,0,0,0,0,0,0,0,11,0,0,0,0,0,0,0,0,0,0,1,47,13,140,0,58,0,28,0,91,0,163,0,0,0,0,0,0,0,0,0,0,0,0,0,0,0,0,0,0,0,0,0,11,0,0,82,83,3,0,0,0,29,0,0,0,0,0,0,0
0,94,0,18,0,25,0,7,0,0,0,115,50,189,0,0,0,0,28,5,12,0,0,0,0,0,45,15,0,0,0,0,0,0,0,0,0,0,0,0,67,0,14,0,32,20,68,401,5,155,6,0,0,0,0,0,0,1,0,1,0,0,0,0,0,0,0,0,0,0,0,0,0,0,0,0,0,0,0,0,0,0,0,0,0,0,0,0,0,0,0,0,0,1,0,0,0,0,0,0,0,0,0,0,0,0,0,0,0,0,0,0,0,0,0,0,0,0,0,0,0,0,0,0,0,0,0,4,0,0,0,0,0,0,0,7,0,4,0,0,0,0,0,0,0,0,0,2,0,0,0,0,0,0,0,0,0,0,0,0,0,0,0,0,0,16,0,0,0,0,0,0,0,0,0,13,0,111,0,48,0,27,0,0,0,17,15,19,0,0,0,0,0,0,0,0,0,0,0,0,0,0,0,0,0,0,0,0,0,5,0,1,0,0,0,0,0,0,0,7,12,0,0,0,15
0,0,0,0,0,0,0,0,0,0,0,0,84,27,0,0,0,0,59,0,83,0,0,0,0,0,278,47,0,0,11,0,7,0,27,0,31,0,0,0,51,14,0,0,121,18,71,50,15,0,59,4,3,0,0,0,0,0,6,0,0,0,14,0,0,0,0,0,0,0,23,0,0,0,24,0,0,0,0,0,0,0,0,0,0,0,0,0,0,0,0,0,0,0,0,0,0,0,0,0,26,0,0,0,0,0,0,0,0,0,0,0,0,0,0,0,0,0,0,0,0,0,0,0,0,0,0,0,0,0,0,0,0,0,0,0,0,0,70,0,85,0,0,0,0,0,0,0,0,0,0,0,5,0,5,0,0,0,75,0,8,0,7,0,34,0,18,0,7,0,7,0,27,0,0,0,0,1,0,0,1,2,0,0,0,0,45,0,0,0,0,0,0,0,0,0,0,0,0,0,0,0,0,0,0,0,0,0,0,0,30,76,98,6,7,0,0,0,1,0,0,0,0,0,0
0,0,0,0,0,0,0,0,0,0,0,0,71,63,0,4,0,0,75,98,0,201,0,9,0,0,10,193,0,0,0,16,0,28,0,38,0,52,0,0,13,0,0,0,1,179,0,13,0,22,5,72,0,0,0,0,0,0,0,0,0,0,0,0,0,0,0,0,0,0,0,0,0,6,0,18,0,0,0,0,0,0,0,0,0,71,0,0,0,0,0,0,0,0,0,0,0,0,0,9,0,17,0,0,0,0,0,0,0,0,0,0,0,0,0,0,0,0,0,0,0,32,0,0,0,0,0,0,0,0,0,0,0,0,0,0,0,0,0,0,0,113,0,100,0,68,0,0,0,0,0,0,0,0,0,0,0,0,0,0,0,6,0,3,0,81,0,15,0,45,0,9,0,9,0,0,9,44,0,0,0,0,0,0,0,0,0,13,0,23,0,0,0,0,0,0,0,0,0,0,0,0,0,0,0,0,0,0,0,0,0,0,0,0,12,0,0,0,39,101,110,9,0,0,0
0,0,8,0,14,0,0,0,0,0,0,0,43,11,23,0,0,0,101,0,134,0,11,0,0,0,289,13,0,0,14,0,26,0,25,0,64,0,0,0,51,32,121,1,0,41,323,93,245,51,65,0,7,0,0,0,0,0,0,0,10,0,28,0,0,0,6,0,0,0,118,0,0,0,112,0,52,0,0,0,86,0,108,0,0,0,104,0,0,0,0,0,0,0,0,0,0,0,275,0,179,0,0,0,0,0,0,0,0,0,0,0,0,0,0,0,0,0,0,0,0,0,28,0,0,0,0,0,0,0,0,0,0,0,0,0,0,1,57,0,0,1,0,0,82,0,0,0,4,0,0,0,17,0,0,0,0,0,0,0,49,0,35,0,193,0,36,0,109,0,31,0,103,0,0,0,7,5,8,0,11,0,0,0,0,0,53,0,0,0,0,0,0,0,0,0,3,0,0,0,0,0,0,0,0,0,0,0,0,0,30,74,240,28,14,0,0,31,1,0,0,0,0,0,0
0,0,0,3,0,0,0,0,0,0,0,0,58,25,0,5,0,0,25,108,0,183,0,0,0,0,43,395,0,0,0,21,0,15,0,37,0,42,0,0,90,20,18,179,41,0,76,256,25,228,0,75,0,0,0,0,0,0,0,9,0,4,0,0,0,0,0,0,0,10,0,20,0,10,0,0,0,25,0,0,0,133,0,0,0,101,0,51,0,6,0,22,0,7,0,71,0,0,0,17,0,42,0,33,0,0,0,57,0,0,0,0,0,0,0,0,0,1,0,1,0,0,0,19,0,0,0,0,0,0,0,0,0,0,0,0,0,0,0,0,0,0,0,96,0,89,0,0,0,0,0,0,0,0,0,0,0,0,0,0,0,0,0,13,0,160,0,29,0,55,0,24,0,16,0,0,1,19,0,0,2,0,0,0,0,0,31,14,0,0,0,9,0,0,0,0,0,0,0,0,0,0,0,0,0,0,0,0,0,0,0,0,0,0,22,0,0,0,60,111,250,9,9,0,163
0,0,34,0,98,0,0,0,29,0,105,0,270,61,32,0,15,0,165,0,19,0,0,6,40,0,335,69,0,0,0,0,0,0,0,0,0,0,0,0,242,68,71,0,323,76,0,192,369,63,25,0,13,0,0,0,0,0,5,0,0,0,17,0,0,0,0,0,0,0,0,0,0,0,0,0,0,0,0,0,0,0,0,0,0,0,0,0,0,0,0,0,0,0,0,0,0,0,0,0,0,0,0,0,0,0,0,0,0,0,0,0,0,0,0,0,0,0,0,0,0,0,0,0,0,0,0,0,0,0,3,0,0,0,0,0,0,0,0,0,0,0,0,0,0,0,15,0,13,0,0,0,135,0,15,0,0,0,0,0,0,0,4,0,79,0,0,0,0,0,0,0,0,0,0,0,53,11,93,0,129,0,33,0,197,2,131,0,0,0,22,0,0,0,0,0,0,0,0,0,0,0,0,0,0,0,0,0,0,0,46,204,261,0,21,0,0,76,0,0,1,0,0,0,0
0,281,0,55,0,148,0,18,0,30,0,226,159,306,6,0,0,0,108,171,14,17,0,0,0,0,162,208,0,0,0,0,0,0,21,0,0,0,0,0,283,401,50,13,93,256,192,0,47,241,38,0,0,0,0,10,0,0,0,0,0,0,0,15,1,28,0,0,0,6,0,0,0,0,0,0,0,0,0,0,0,0,0,0,0,0,0,0,0,1,0,0,0,0,0,0,0,0,0,0,0,7,0,0,0,0,0,0,0,0,0,0,0,0,0,0,0,0,0,0,0,0,0,0,0,0,0,0,0,0,0,0,0,0,0,76,0,29,0,0,0,0,0,0,0,0,0,17,0,0,0,33,0,0,0,0,0,0,0,0,0,0,0,0,0,43,0,0,0,0,0,1,0,0,0,0,0,89,0,0,0,18,0,0,1,0,98,20,0,0,0,0,0,0,0,0,0,0,0,0,0,0,0,5,0,0,0,0,0,48,0,3,1,0,0,0,0,0,0,175,77,0,0,0,111
7,0,5,0,11,0,14,0,9,0,9,0,84,0,3,2,5,0,11,0,0,0,6,0,4,0,53,0,0,0,0,0,0,0,0,0,3,0,0,0,198,5,15,0,245,25,369,47,0,73,16,0,2,0,18,0,25,0,4,0,7,0,2,0,0,0,5,0,0,0,0,0,2,0,0,0,8,0,2,0,3,0,32,0,0,0,6,0,0,0,3,0,3,0,16,0,0,0,0,0,6,0,15,0,31,0,0,0,0,0,0,0,0,0,0,0,0,0,0,0,0,0,0,0,0,0,0,0,2,0,0,0,0,0,12,0,0,0,0,0,8,1,12,0,3,0,2,1,1,0,21,1,36,0,0,0,2,0,0,0,16,0,15,0,38,0,24,0,26,0,17,0,19,0,16,0,41,4,35,0,42,4,6,0,23,0,329,1,51,1,48,0,27,0,32,0,6,0,35,0,20,0,56,0,48,0,26,0,8,0,46,84,243,9,26,21,4,19,0,0,4,2,1,0,1
0,5,0,1,0,7,0,1,0,2,0,25,5,36,0,0,0,1,0,3,0,0,0,0,0,0,0,49,0,0,0,0,0,0,0,0,0,1,0,0,28,155,0,22,51,228,63,241,73,0,0,8,0,0,0,0,0,0,0,1,0,0,0,5,0,0,0,0,0,4,0,0,0,0,0,0,0,0,0,0,0,0,0,10,0,0,0,1,0,0,0,0,0,5,0,8,0,0,0,0,0,0,0,5,0,0,0,3,0,0,0,0,0,0,0,0,0,0,0,0,0,0,0,0,0,0,0,0,0,0,0,1,0,0,0,0,0,0,0,0,0,0,0,0,0,0,0,0,0,0,0,7,0,0,0,0,0,0,0,0,0,0,0,2,0,36,0,7,0,0,0,6,0,2,0,0,0,61,0,16,0,0,0,3,0,7,44,63,0,5,0,5,0,0,0,3,0,0,0,0,0,3,0,2,0,0,0,0,0,0,0,3,0,0,3,0,0,0,5,36,30,1,1,0,20
0,0,0,0,80,0,2,0,0,0,4,0,202,17,23,0,6,0,208,0,142,0,0,0,0,0,193,22,7,0,18,0,10,0,93,0,101,0,0,0,13,6,59,5,65,0,25,38,16,0,0,0,0,0,3,0,4,0,5,0,0,0,0,0,0,0,7,0,0,0,10,0,0,0,23,0,17,0,0,0,0,1,20,0,0,0,19,0,0,0,0,0,9,0,0,0,14,0,42,0,27,0,0,0,0,0,0,0,0,0,0,0,0,0,0,0,0,0,0,0,0,0,0,0,0,0,0,0,0,0,4,0,0,0,0,0,4,0,41,0,45,0,0,0,22,0,0,0,0,0,0,0,4,0,6,0,0,0,33,0,8,0,18,0,81,0,25,0,122,0,16,0,70,0,0,0,8,0,0,0,0,0,0,0,0,0,50,0,10,0,0,0,0,0,0,0,0,0,0,0,0,0,0,0,0,0,0,0,0,0,32,88,183,17,0,0,0,4,0,0,0,0,0,0,0
0,0,0,0,0,61,0,0,0,0,0,0,105,144,0,0,0,0,91,210,22,140,0,0,0,0,20,140,0,3,0,16,0,20,0,28,0,93,0,0,14,0,4,72,0,75,0,0,0,8,0,0,0,0,0,0,0,0,0,0,0,0,0,0,0,8,0,8,0,0,0,25,0,7,0,0,0,8,0,0,0,121,0,27,0,73,0,0,0,0,0,0,0,0,0,0,0,0,0,13,0,0,0,0,0,0,0,0,0,0,0,0,0,0,0,0,0,0,0,0,0,0,0,0,0,0,0,0,0,0,0,0,0,0,0,0,0,0,0,0,0,113,0,77,0,119,0,0,0,0,0,0,0,0,0,0,0,14,0,0,0,36,0,4,0,79,0,59,0,86,0,38,0,34,0,0,13,71,0,0,0,0,0,0,0,0,4,12,0,24,0,0,0,0,0,7,0,0,0,0,0,0,0,18,0,19,0,0,0,0,0,0,0,0,13,0,0,0,29,56,146,11,0,0,0
3,28,0,2,0,0,15,51,121,125,0,0,0,0,22,0,86,4,26,0,47,0,33,0,14,36,0,0,26,0,15,0,17,0,0,0,6,0,34,3,0,0,3,0,7,0,13,0,2,0,0,0,0,21,87,46,184,0,41,6,35,10,93,39,0,0,1,44,0,0,0,0,0,0,0,0,4,0,0,0,9,1,0,0,11,0,18,0,0,0,0,0,0,0,0,0,0,0,48,0,17,0,0,0,12,0,57,0,0,0,0,0,0,0,0,0,0,0,0,0,0,0,20,0,0,0,24,0,73,0,25,0,15,0,27,0,127,0,63,0,65,0,138,0,0,0,8,0,0,0,0,0,0,0,296,0,40,0,247,0,66,0,0,0,0,0,0,0,7,0,33,2,0,0,0,0,59,5,0,0,0,0,76,1,17,0,0,0,0,0,0,0,0,0,0,0,0,0,7,0,14,0,0,0,0,0,0,0,0,0,87,33,44,44,45,0,9,0,4,0,1,0,0,0,0
0,3,0,0,0,0,13,7,48,81,0,0,0,0,0,28,0,28,0,56,0,40,0,31,3,2,0,0,0,15,0,0,0,0,0,0,0,0,0,8,0,0,0,0,0,0,0,0,0,0,0,0,21,0,18,26,18,87,61,29,0,29,4,58,0,0,107,22,0,0,0,0,0,0,0,0,0,0,0,0,0,5,0,0,0,16,0,2,0,0,0,6,0,0,0,4,0,27,0,3,0,4,0,0,0,0,0,14,0,0,0,0,0,0,0,0,0,0,0,0,0,0,0,0,0,24,0,15,0,90,0,21,0,49,0,49,0,130,0,162,0,28,0,94,0,45,0,0,1,0,0,0,0,0,5,100,0,19,0,85,0,13,0,0,0,0,0,0,0,1,0,6,0,0,0,0,7,6,0,0,0,0,0,3,5,137,0,0,0,0,0,0,0,0,0,0,0,0,0,0,0,0,0,0,0,0,0,0,0,7,0,0,0,0,12,0,0,0,8,15,7,17,0,2,0
2,44,13,0,1,0,156,59,66,124,0,0,0,0,0,0,7,13,6,0,0,0,7,0,102,46,0,0,29,3,16,0,0,0,0,0,4,0,14,3,0,0,0,0,0,0,0,0,18,0,3,0,87,18,0,33,10,0,37,0,29,15,51,39,1,0,8,7,0,0,0,0,0,0,0,0,0,0,0,0,0,0,0,0,6,0,0,0,0,0,14,0,0,0,0,0,0,0,0,0,0,0,0,0,0,0,0,2,0,0,0,0,0,0,0,0,0,0,0,0,0,0,0,0,0,0,23,0,50,0,103,0,0,0,80,0,130,0,0,3,0,0,151,0,0,0,8,0,0,0,4,0,0,0,71,0,22,0,56,0,21,0,0,0,0,0,1,0,8,1,90,0,9,0,0,0,4,14,1,0,0,0,1,0,0,1,0,0,0,0,0,0,0,0,0,0,0,0,9,0,28,0,0,0,0,0,0,0,52,0,167,7,98,212,260,0,41,1,0,0,5,0,0,0,0
0,7,0,28,0,0,0,129,174,108,0,0,0,0,0,47,0,15,0,28,0,29,0,60,0,77,0,22,0,14,0,0,0,0,0,0,0,0,0,29,0,0,0,0,0,0,0,10,0,0,0,0,46,26,33,0,45,42,101,31,1,110,4,100,1,0,180,15,0,0,0,0,0,0,0,0,0,0,0,0,0,0,0,0,0,0,0,0,0,0,0,0,0,0,0,0,0,24,0,0,0,0,0,0,0,0,0,29,0,0,0,0,0,0,0,0,0,1,0,0,0,0,0,0,0,26,0,29,0,78,0,43,0,56,0,160,0,222,0,65,0,28,0,95,0,2,0,0,0,0,0,0,0,0,6,25,0,13,0,54,0,10,0,0,0,6,0,0,0,14,0,101,0,63,0,0,15,11,0,0,0,0,0,0,10,27,0,0,0,0,0,0,0,0,0,0,0,0,0,0,0,0,0,0,0,0,0,5,0,28,0,2,0,0,229,0,0,0,153,9,229,279,0,46,0
0,0,0,0,0,0,7,12,26,98,0,0,0,0,0,0,0,0,0,0,0,0,0,0,4,9,0,0,0,0,0,0,0,0,0,0,0,0,0,0,0,0,0,0,0,0,0,0,25,0,4,0,184,18,10,45,0,6,103,16,0,0,11,24,63,28,52,89,0,0,0,0,0,0,0,0,0,0,0,0,0,0,0,0,1,0,0,0,0,0,0,0,0,0,0,0,0,0,0,0,0,0,0,0,0,0,0,0,0,0,0,0,0,0,0,0,0,0,0,0,0,0,1,0,11,0,17,0,68,0,189,0,45,0,18,0,39,0,2,9,4,0,31,0,0,0,5,0,2,5,4,0,0,0,95,19,51,3,120,9,78,0,20,0,2,0,4,0,19,0,139,0,0,0,0,0,8,6,0,0,0,0,0,0,5,2,0,0,0,0,0,0,0,0,0,0,0,0,0,0,0,0,0,0,0,0,0,0,30,0,294,72,402,436,693,20,97,0,13,0,0,0,0,0,0
0,0,0,3,0,1,0,2,0,0,0,0,0,0,0,0,0,0,0,0,0,0,0,0,0,3,0,0,0,1,0,0,0,0,0,0,0,0,0,1,0,1,0,0,0,0,0,0,0,0,0,0,0,87,0,42,6,0,38,151,0,7,0,15,3,0,75,13,0,0,0,1,0,0,0,0,0,0,0,0,0,0,0,0,0,0,0,0,0,0,0,0,0,0,0,0,0,0,0,0,0,0,0,0,0,0,0,0,0,0,0,0,0,0,0,0,0,0,0,0,0,0,0,0,0,32,0,8,0,71,0,36,0,41,0,58,0,97,0,55,0,0,0,26,0,2,0,0,0,0,0,2,0,0,12,92,0,6,0,142,0,17,0,0,0,4,0,3,0,17,0,126,0,15,0,1,0,1,0,0,0,0,0,0,3,6,0,0,0,0,0,0,0,0,0,0,0,0,0,0,0,0,0,0,0,0,0,0,0,9,0,1,0,0,160,0,0,0,50,16,182,164,0,15,1
2,0,8,0,8,0,27,0,171,104,0,0,2,0,0,0,0,0,0,0,0,0,0,0,11,12,0,0,0,0,1,0,0,0,0,0,0,0,0,0,0,0,6,0,0,0,5,0,4,0,5,0,41,61,37,101,103,38,0,66,35,0,0,39,20,26,56,309,0,0,0,0,0,0,0,0,0,0,0,0,0,0,0,0,0,0,0,0,0,0,0,0,0,0,0,0,0,0,0,0,0,0,0,0,0,0,0,0,0,0,0,0,0,0,0,0,0,0,0,0,0,0,0,0,28,0,0,0,4,0,148,0,0,0,6,0,0,0,0,0,0,0,0,0,0,0,6,0,19,0,2,0,0,0,90,25,114,0,8,17,37,0,4,0,0,0,5,0,7,0,47,0,5,0,0,0,45,7,0,0,1,0,0,1,12,8,0,0,0,0,0,0,0,0,0,0,0,0,0,0,0,0,0,0,0,0,0,0,17,0,467,218,188,370,761,19,67,3,20,0,6,0,0,0,0
0,51,0,6,0,0,0,22,4,91,0,9,0,3,0,1,0,0,0,0,0,0,0,0,0,0,0,0,0,1,0,0,0,0,0,0,0,0,0,0,0,1,0,0,0,9,0,0,0,1,0,0,6,29,0,31,16,151,66,0,0,27,0,5,35,63,168,221,0,0,0,0,0,0,0,0,0,0,0,0,0,0,0,0,0,0,0,0,0,0,0,0,0,0,0,0,0,0,0,0,0,1,0,0,0,0,0,3,0,0,0,0,0,0,0,0,0,0,0,0,0,0,0,0,0,22,0,7,0,7,0,58,0,5,0,16,0,26,0,15,0,0,0,0,0,43,0,5,0,11,0,0,0,0,31,73,0,133,0,31,14,59,0,0,0,7,0,8,0,65,0,212,0,34,0,11,0,0,0,0,0,2,0,0,0,6,0,0,0,0,0,0,0,0,0,0,0,0,0,0,0,0,0,0,0,0,0,0,0,14,0,6,0,0,1398,0,0,0,500,103,606,789,54,66,0
112,0,0,1,0,0,155,0,228,0,0,0,0,0,0,0,38,0,0,0,9,0,0,1,40,0,0,0,1,0,0,0,18,0,0,0,36,0,6,0,0,0,0,0,10,0,0,0,7,0,0,0,35,0,29,1,0,0,35,0,0,0,32,0,0,0,0,0,0,0,17,0,0,0,17,0,0,0,0,0,0,0,0,0,0,0,11,0,0,0,0,0,0,0,0,0,0,0,0,0,8,0,0,0,0,0,0,0,0,0,0,0,0,0,0,0,0,0,0,0,18,0,0,0,0,0,0,0,0,0,0,0,0,0,0,0,0,0,223,0,123,0,0,0,211,0,0,0,0,0,0,0,0,0,30,0,157,0,62,0,0,0,7,0,0,0,0,0,3,0,131,0,76,0,0,0,156,6,0,0,0,0,138,0,6,0,0,0,0,0,0,0,0,0,0,0,0,0,0,0,0,0,0,0,0,0,0,0,0,0,82,94,53,51,50,0,11,1,0,0,3,0,0,0,0
0,158,0,0,0,0,28,305,19,401,0,0,0,0,0,0,2,18,0,0,0,4,0,0,7,133,0,0,0,21,0,6,0,7,0,27,0,52,0,17,0,0,0,0,0,4,0,0,0,0,0,0,10,29,15,110,0,7,0,27,0,0,6,45,0,0,0,39,0,0,0,0,0,0,0,0,0,0,0,0,0,0,0,0,0,0,0,0,0,0,0,0,0,0,0,0,0,0,0,0,0,3,0,0,0,0,0,0,0,0,0,0,0,0,0,0,0,0,0,0,0,0,0,0,0,0,0,0,0,0,0,0,0,0,0,0,0,24,0,73,0,87,0,11,0,365,0,0,0,0,0,0,0,0,0,7,0,91,0,8,0,4,0,0,0,1,0,0,0,4,0,66,0,48,0,0,5,224,0,0,0,0,0,125,0,49,0,0,0,0,0,0,0,0,0,0,0,0,0,0,0,0,0,0,0,0,0,0,0,0,2,0,0,0,15,0,0,0,34,90,22,18,0,1,0
40,58,22,9,0,0,66,50,109,47,0,0,0,0,47,0,349,0,0,0,106,0,80,2,48,44,0,0,79,8,47,0,19,0,15,0,5,3,29,10,0,0,14,0,28,0,17,0,2,0,0,0,93,4,51,4,11,0,0,0,32,6,0,12,0,0,0,0,0,0,0,0,0,0,8,0,0,0,0,0,12,0,15,0,10,0,0,0,0,0,25,0,0,0,0,0,10,0,47,0,24,0,0,0,0,0,48,0,0,0,0,0,0,0,0,0,0,0,0,0,0,0,0,0,0,0,0,0,0,0,0,0,0,0,0,0,69,0,33,0,46,0,113,0,0,0,0,0,0,0,3,0,0,0,86,0,21,0,80,0,23,0,0,0,0,0,0,0,0,0,9,0,3,0,0,0,55,12,0,0,0,0,141,0,0,0,0,0,0,0,0,0,0,0,0,0,0,0,0,0,9,0,0,0,0,0,0,0,0,0,25,20,21,17,28,0,0,0,0,2,0,0,0,0,0
0,13,0,6,0,0,42,93,131,215,0,0,0,0,0,101,0,132,0,152,0,121,0,127,7,73,0,79,0,72,0,3,0,1,0,8,0,3,0,21,0,0,0,0,0,0,0,15,0,5,0,0,39,58,39,100,24,15,39,5,0,45,12,0,0,0,44,18,0,0,0,0,0,0,0,0,0,0,0,0,0,0,0,0,0,10,0,1,0,0,0,0,0,0,0,0,0,6,0,0,0,0,0,0,0,0,0,0,0,0,0,0,0,0,0,0,0,0,0,0,0,0,0,0,0,0,0,11,0,28,0,7,0,26,0,10,0,66,0,111,0,27,0,35,0,58,1,0,0,0,0,0,0,0,0,16,0,11,0,17,0,0,0,0,0,0,0,0,0,0,0,1,0,1,0,0,10,65,0,0,0,0,0,21,0,55,0,0,0,0,0,0,0,0,0,0,0,0,0,0,0,0,0,0,0,0,0,0,0,0,0,0,0,0,5,0,0,0,5,4,8,2,0,0,0
0,0,8,0,19,0,15,0,45,0,6,0,13,0,10,0,0,0,12,0,0,0,0,0,4,0,0,0,0,0,0,0,0,0,0,0,0,0,0,0,25,0,0,0,0,0,0,1,0,0,0,0,0,0,1,1,63,3,20,35,0,0,0,0,0,74,24,33,0,0,0,0,0,0,0,0,0,0,0,0,0,0,0,0,0,0,0,0,0,0,0,0,0,0,0,0,0,0,0,0,0,0,0,0,0,0,0,0,0,0,0,0,0,0,0,0,0,0,0,0,0,0,0,0,7,0,0,0,1,62,17,24,0,0,0,0,0,0,13,72,0,0,0,0,36,15,28,0,18,0,9,0,8,0,34,28,47,0,6,55,121,181,0,0,0,0,3,0,0,0,0,0,7,0,107,8,60,0,0,0,86,27,8,0,132,0,0,0,0,0,0,0,0,0,0,0,0,0,0,0,0,0,0,0,0,0,0,0,0,0,109,34,0,0,146,0,0,2,0,0,1,0,0,0,0
0,81,0,0,0,14,0,7,0,156,0,9,0,0,0,0,0,0,0,16,0,0,0,0,0,0,0,29,0,0,0,0,0,2,0,0,0,0,0,0,0,0,0,0,0,0,0,28,0,0,0,8,0,0,0,0,28,0,26,63,0,0,0,0,74,0,42,198,0,0,0,0,0,0,0,0,0,0,0,0,0,0,0,0,0,0,0,0,0,0,0,0,0,0,0,0,0,0,0,0,0,0,0,0,0,0,0,0,0,0,0,0,0,0,0,0,0,0,0,0,0,0,0,0,0,13,0,10,19,2,0,62,0,0,0,14,0,5,16,16,2,0,2,0,6,56,0,66,0,124,0,28,0,9,28,3,0,8,51,3,115,177,0,0,0,0,0,0,0,0,0,0,0,0,0,76,1,0,0,0,15,46,0,10,0,110,0,0,0,0,0,0,0,0,0,0,0,0,0,0,0,0,0,0,0,0,0,20,0,33,0,0,0,0,189,0,0,0,133,58,24,0,0,0,0
8,0,0,0,12,0,12,15,394,108,16,0,9,0,9,0,0,0,16,0,0,0,0,0,1,10,0,0,0,0,0,0,0,0,0,0,3,0,0,0,7,0,0,0,6,0,0,0,5,0,7,0,1,107,8,180,52,75,56,168,0,0,0,44,24,42,0,352,0,0,1,0,0,0,0,0,0,0,0,0,0,0,0,0,0,0,0,0,0,0,0,0,0,0,0,0,0,0,0,0,0,0,0,0,0,0,0,0,0,0,0,0,0,0,0,0,0,0,0,0,0,0,0,0,4,0,0,0,0,0,6,0,0,0,0,0,0,0,5,11,0,0,0,1,8,0,10,0,14,0,2,0,0,0,72,53,40,6,0,41,5,31,2,0,0,0,0,0,3,0,23,0,5,0,7,0,285,0,0,0,0,0,11,2,216,19,0,0,0,0,0,0,0,0,0,0,0,0,0,0,0,0,0,0,0,0,0,0,0,0,189,148,40,119,288,5,16,0,13,12,0,0,0,0,0
0,42,0,0,0,0,0,4,39,49,0,0,0,0,0,0,0,0,0,0,0,0,0,1,0,0,0,0,0,0,0,0,0,0,0,0,0,0,0,0,0,0,0,0,0,0,0,0,0,0,0,8,44,22,7,15,89,13,309,221,0,39,0,18,33,198,352,0,0,0,0,0,0,0,0,0,0,0,0,0,0,0,0,0,0,0,0,0,0,0,0,0,0,0,0,0,0,0,0,0,0,0,0,0,0,0,0,0,0,0,0,0,0,0,0,0,0,0,0,0,0,0,0,0,0,18,0,3,0,1,0,13,0,0,0,0,0,1,2,5,0,0,0,0,0,33,0,5,0,24,0,3,0,0,64,32,0,113,10,30,47,9,0,0,0,2,0,0,0,9,0,45,0,13,0,33,8,9,0,0,0,0,0,0,39,203,0,0,0,0,0,0,0,0,0,0,0,0,0,0,0,0,0,0,0,0,0,1,0,2,2,4,0,0,846,0,0,0,402,149,210,434,27,19,0
0,0,0,0,0,0,0,0,0,0,0,0,0,0,0,0,0,0,0,0,0,0,0,0,0,0,0,0,0,0,0,0,0,0,0,0,0,0,0,0,0,0,0,0,0,0,0,0,0,0,0,0,0,0,0,0,0,0,0,0,0,0,0,0,0,0,0,0,0,0,0,0,10,0,2,0,97,0,32,0,5,0,81,0,0,0,6,0,11,0,0,0,30,0,30,0,28,0,0,0,2,0,266,0,62,0,62,0,50,0,21,0,6,0,3,0,0,0,1,0,0,0,4,0,0,0,0,0,0,0,0,1,0,0,0,0,0,0,0,0,0,1,0,0,0,0,0,0,0,0,0,0,1,0,0,0,0,0,0,0,3,0,0,0,7,0,0,0,90,0,7,0,0,0,0,0,0,0,0,0,6,1,0,0,0,0,0,0,49,0,0,0,42,0,52,0,0,0,43,0,58,0,55,0,77,0,0,0,0,0,83,0,79,5,16,187,110,3,0,0,0,0,0,0,0
0,0,0,0,0,0,0,0,0,0,0,0,0,0,0,0,0,0,0,0,0,0,0,0,0,0,0,3,0,0,0,0,0,0,0,0,0,0,0,0,0,0,0,0,0,10,0,6,0,4,0,0,0,0,0,0,0,0,0,0,0,0,0,0,0,0,0,0,0,0,0,0,0,0,0,0,0,64,0,0,0,8,0,46,0,4,0,6,0,7,0,0,0,73,0,24,1,0,0,5,0,2,0,208,0,0,0,20,0,15,0,6,0,19,0,0,0,8,0,0,0,0,0,0,0,2,0,5,0,0,0,0,0,0,0,0,0,0,0,0,0,1,0,2,0,0,1,0,0,0,0,0,0,0,0,0,0,0,0,0,0,3,0,0,0,36,0,0,0,102,0,0,0,0,0,0,0,0,0,0,0,4,0,0,0,0,0,0,0,30,0,0,0,0,0,20,0,0,0,0,0,0,0,0,0,0,0,0,0,15,0,0,0,0,5,0,0,0,53,0,140,2,62,4,5
0,0,0,0,0,0,0,0,0,0,0,0,0,0,7,0,21,0,45,0,107,0,6,0,2,0,54,0,10,0,34,0,26,0,0,0,44,0,4,0,0,0,23,0,118,0,0,0,0,0,10,0,0,0,0,0,0,0,0,0,17,0,0,0,0,0,1,0,0,0,0,0,265,0,353,3,0,0,117,0,0,0,0,0,1,0,0,0,0,0,0,0,0,0,0,0,0,0,0,0,0,0,0,0,0,0,0,0,0,0,0,0,0,0,0,0,0,0,0,0,12,0,23,0,16,12,15,17,9,0,18,0,4,0,43,0,9,0,39,5,177,12,69,0,146,0,0,5,37,0,75,0,19,0,0,0,23,0,2,1,8,3,56,0,0,0,0,0,29,0,31,0,32,0,7,0,0,0,0,0,63,13,0,0,0,0,0,0,0,0,0,0,0,0,0,0,0,0,0,0,0,0,0,0,0,0,0,0,27,0,29,0,29,0,0,0,0,2,4,0,9,7,0,0,0
0,0,0,0,0,0,0,0,0,0,0,0,0,0,0,1,0,0,0,0,0,19,0,0,0,0,0,0,0,0,0,0,0,3,0,11,0,21,0,0,0,0,0,0,0,20,0,0,0,0,0,25,0,0,0,0,0,1,0,0,0,0,0,0,0,0,0,0,0,0,0,0,0,160,0,402,0,24,0,22,0,0,0,0,0,0,0,68,0,0,0,0,0,0,0,0,0,0,0,0,0,0,0,0,0,0,0,0,0,0,0,0,0,0,0,0,0,0,0,0,0,20,0,34,0,27,0,78,0,0,7,4,0,37,0,0,2,41,0,0,0,63,0,17,0,221,0,0,4,26,0,0,0,12,0,0,0,0,0,0,0,0,0,39,0,0,0,0,0,24,0,19,0,23,0,49,0,0,0,0,8,79,0,0,0,0,0,0,0,0,0,0,0,0,0,0,0,0,0,0,0,0,0,0,0,0,0,0,0,10,0,0,0,0,0,0,0,0,93,8,22,0,0,0,0
0,0,0,0,0,0,0,0,0,0,0,0,0,0,0,0,20,0,0,0,52,0,0,0,0,0,0,0,7,0,0,0,0,0,0,0,20,0,0,0,0,0,0,0,0,0,0,0,2,0,0,0,0,0,0,0,0,0,0,0,0,0,0,0,0,0,0,0,10,0,265,0,0,0,194,0,29,0,128,0,2,0,12,1,22,0,7,0,0,0,0,0,4,0,0,0,17,0,0,0,0,0,0,0,0,0,0,0,1,0,0,0,0,0,1,0,0,0,0,0,21,0,26,0,42,9,0,0,0,0,5,0,20,0,117,0,19,0,19,2,122,0,116,0,89,0,34,12,19,0,103,0,27,0,0,0,0,0,0,0,0,0,96,0,6,0,0,0,18,0,0,0,0,0,26,0,0,0,0,0,65,24,0,0,0,0,0,0,5,0,0,0,0,0,0,0,0,0,57,0,22,0,0,0,0,0,60,0,49,0,209,3,16,0,17,0,1,0,9,0,0,0,0,0,0
0,0,0,0,0,0,0,0,0,0,0,0,0,0,0,5,0,0,0,0,0,5,0,0,0,0,0,0,0,0,0,2,0,0,0,0,0,0,0,0,0,0,0,6,0,10,0,0,0,0,0,7,0,0,0,0,0,0,0,0,0,0,0,0,0,0,0,0,0,0,0,160,0,0,0,234,0,132,0,98,0,20,0,11,0,33,0,88,0,0,0,0,0,2,0,0,1,0,0,0,4,0,0,6,0,0,0,0,0,0,0,0,0,0,0,0,0,1,0,0,0,36,0,13,0,44,0,105,0,0,0,0,0,0,0,126,0,60,3,1,0,47,0,32,0,172,0,0,0,0,0,48,4,0,0,0,0,1,0,0,0,0,0,50,0,4,0,0,0,12,0,10,0,0,0,27,0,0,0,0,0,56,0,0,0,0,0,0,0,0,0,3,0,0,0,0,0,0,0,0,0,144,0,125,0,0,0,0,0,0,0,0,0,1,14,0,0,0,188,14,16,0,3,1,0
0,0,0,0,0,0,0,0,0,0,0,0,0,0,17,0,62,0,42,0,134,0,14,0,0,0,44,0,18,1,33,0,20,0,16,0,34,0,0,0,0,0,24,0,112,0,0,0,0,0,23,0,0,0,0,0,0,0,0,0,17,0,8,0,0,0,0,0,2,0,353,0,194,0,0,0,17,0,163,0,6,0,18,0,14,0,19,3,0,0,0,0,0,0,3,0,8,0,0,0,0,0,0,0,0,0,0,0,0,0,0,0,0,0,0,0,0,0,0,0,16,0,32,0,21,10,0,0,0,0,8,0,0,0,46,0,15,0,28,0,140,0,104,0,93,0,0,5,55,0,50,0,33,0,0,0,20,0,0,0,5,0,22,3,0,0,0,0,29,0,10,0,24,0,34,0,0,0,0,0,91,18,0,0,0,0,0,0,0,0,0,0,0,0,0,0,1,0,0,0,0,0,0,0,0,0,29,0,22,0,25,0,16,0,8,0,0,0,9,0,0,0,0,0,0
0,0,0,0,0,0,0,0,0,0,0,0,0,0,0,3,0,1,0,0,0,0,0,0,0,0,0,0,0,0,0,0,0,0,0,0,0,0,0,0,0,0,0,18,0,0,0,0,0,0,0,0,0,0,0,0,0,0,0,0,0,0,0,0,0,0,0,0,0,0,3,402,0,234,0,0,0,17,0,46,0,11,0,0,0,26,0,146,0,0,0,1,0,0,0,0,2,0,1,1,0,1,0,0,0,1,0,0,0,0,0,0,0,0,0,0,0,0,0,0,0,102,0,91,0,0,9,46,0,0,12,4,16,0,0,40,0,35,2,0,0,76,0,30,0,301,0,17,0,27,0,25,3,0,0,0,0,0,0,0,0,2,0,36,0,0,0,0,0,13,0,10,0,0,0,90,0,0,0,0,5,166,0,0,0,0,0,0,0,0,0,0,0,0,0,0,0,0,0,0,0,18,0,0,0,0,3,0,0,28,0,0,8,0,8,0,0,0,92,0,13,0,0,0,0
0,0,0,0,0,0,0,0,0,0,0,0,0,0,0,0,30,0,0,0,0,0,0,0,0,0,0,0,12,0,0,0,0,0,0,0,0,0,0,0,0,0,0,0,52,0,0,0,8,0,17,0,4,0,0,0,0,0,0,0,0,0,0,0,0,0,0,0,97,0,0,0,29,0,17,0,0,0,63,0,11,0,44,0,0,0,25,0,0,0,7,0,15,0,16,0,90,0,0,0,0,0,48,0,0,0,38,0,6,0,2,0,1,0,3,0,0,0,0,0,0,0,12,0,0,0,0,0,0,0,0,0,0,0,0,0,0,0,0,0,0,3,0,0,0,0,0,0,0,0,0,0,7,0,2,0,0,0,0,0,0,0,0,0,10,0,2,0,47,0,0,0,0,0,0,0,0,0,0,0,0,0,0,0,0,0,0,0,61,0,0,0,52,0,50,0,0,0,0,0,73,0,51,0,114,0,0,0,0,0,82,0,43,0,0,31,10,1,0,0,0,0,0,0,0
0,0,0,0,0,0,0,0,0,0,0,0,0,0,0,0,0,0,0,9,0,0,0,0,0,0,0,0,0,0,0,0,0,0,0,0,0,0,0,0,0,0,0,0,0,25,0,0,0,0,0,8,0,0,0,0,0,0,0,0,0,0,0,0,0,0,0,0,0,64,0,24,0,132,0,17,0,0,0,11,0,88,0,91,0,25,0,192,0,0,0,0,0,75,0,28,0,0,1,15,0,0,0,111,0,33,0,53,0,8,0,1,0,0,0,0,0,4,0,0,0,14,0,0,0,0,0,20,0,0,0,0,0,0,0,0,0,0,0,0,0,0,0,0,0,7,5,0,0,0,0,0,0,5,0,0,0,0,0,0,0,0,0,4,0,38,0,0,0,63,0,2,0,0,0,0,0,0,0,0,0,0,0,0,0,0,0,0,0,122,2,0,0,0,0,52,0,0,0,0,0,118,0,87,0,81,0,0,0,0,0,0,0,0,7,0,0,0,87,0,117,3,24,1,1
0,0,0,0,0,0,0,0,0,0,0,0,0,0,0,0,0,0,0,0,0,0,0,0,0,0,0,0,0,0,0,0,0,0,0,0,0,0,0,0,0,0,0,0,0,0,0,0,2,0,0,0,0,0,0,0,0,0,0,0,0,0,0,0,0,0,0,0,32,0,117,0,128,0,163,0,63,0,0,0,16,0,77,0,41,0,65,0,1,0,0,0,19,0,16,0,40,0,0,0,2,0,0,0,0,0,0,0,24,0,0,0,0,0,11,0,0,0,0,0,66,0,79,0,0,0,0,0,1,0,0,0,0,0,59,0,16,0,0,0,109,0,61,0,85,0,0,0,32,0,0,0,0,0,0,0,0,0,0,0,0,0,29,0,9,0,0,0,18,0,0,0,0,0,0,0,0,0,0,0,31,0,0,0,0,0,0,0,0,0,0,0,28,0,0,0,0,0,0,0,46,0,0,0,0,0,0,0,30,0,400,0,13,0,16,10,9,0,0,0,0,0,0,0,0
