0,409,32,159,46,0,18,176,24,107,27,0,33,0,37,0,28,125,10,0,6,0,8,80,4,289,48,0,44,0,10,0,0,0,0,0,25,0,306,0,12,0,0,0,0,0,20,0,10,0,0,0,0,0,7,55,0,0,5,0,73,0,120,10,16,0,7,0,0,0,0,0,0,0,0,0,0,0,0,0,0,0,0,0,0,0,0,0,0,0,0,0,0,0,0,0,0,0,0,0,0,0,0,0,0,0,0,0,0,0,0,0,0,0,0,0,0,0,0,0,0,0,0,0,0,0,0,0,0,0,33,0,2,0,27,0,2,0,0,0,0,0,0,0,0,0,0,0,60,0,26,0,16,0,0,0,3,0,0,0,0,0,0,0,0,0,0,0,37,0,22,0,292,0,0,0,309,185,7,0,0,0,90,4,34,0,2,0,0,0,0,0,0,0,0,0,2,0,4,0,1,0,0,0,0,0,2,0,20,0,306,153,204,0,66,0,0,0,2,0,5,0,0,0,0
409,0,469,17,118,83,0,29,0,27,111,178,0,54,0,16,211,90,0,40,31,0,370,47,226,8,0,68,0,193,0,0,0,231,0,0,0,471,0,639,2,13,0,0,0,11,0,22,0,0,0,0,6,0,4,37,0,0,0,4,0,133,51,63,0,27,0,3,0,1,0,0,0,0,0,0,0,0,0,0,0,0,0,0,0,0,0,0,0,0,0,0,0,0,0,0,0,0,0,0,0,0,0,0,0,0,12,0,0,0,0,0,0,0,0,0,0,0,0,0,0,0,0,0,0,2,0,4,0,0,0,0,0,0,0,77,0,18,0,0,0,0,0,0,0,0,0,0,0,11,0,74,0,95,0,0,0,0,0,0,0,0,0,2,0,0,0,0,0,40,0,26,16,316,0,0,268,449,0,5,0,30,22,36,0,90,0,0,0,0,0,2,0,0,0,0,0,0,0,12,0,0,0,0,0,0,0,30,0,29,0,0,0,0,229,0,0,0,553,310,279,67,0,16,0
32,469,0,0,94,0,17,0,25,29,19,0,53,0,114,0,44,94,23,0,56,0,125,104,137,194,73,0,67,0,46,0,0,0,0,0,0,0,428,8,0,0,0,0,0,0,20,0,13,0,0,0,24,0,39,0,0,0,0,0,58,0,156,6,11,0,2,0,0,0,0,0,13,0,0,0,0,0,0,0,0,0,0,0,0,0,0,0,0,0,0,0,0,0,0,0,0,0,0,0,0,0,0,0,0,0,0,0,0,0,0,0,0,0,0,0,0,0,0,0,0,0,0,0,29,0,21,0,0,0,73,0,6,0,178,0,52,0,0,0,0,0,42,0,0,0,6,0,82,0,39,0,0,0,10,0,0,0,0,0,16,0,0,0,0,0,0,0,56,0,20,0,332,0,0,0,85,115,1,0,0,0,8,0,13,0,0,0,0,0,0,0,0,0,0,0,9,0,33,0,43,0,0,0,0,0,0,0,78,0,673,142,308,0,177,2,0,0,5,0,0,0,0,0,0
159,17,0,0,60,127,0,22,0,6,84,19,0,0,22,192,99,93,0,50,15,48,161,124,0,40,0,0,0,165,0,0,8,237,0,0,0,282,0,404,0,2,0,0,0,0,0,0,0,0,0,0,0,9,0,110,0,0,0,9,0,0,0,8,0,0,0,0,0,0,0,0,0,0,0,0,0,0,0,0,0,0,0,0,0,0,0,0,0,0,0,0,0,0,0,0,0,0,0,0,0,0,0,0,0,10,0,0,0,0,0,0,0,0,0,0,0,0,0,0,0,0,0,0,0,0,1,0,0,0,0,17,0,0,0,173,0,77,0,0,0,0,0,29,0,0,0,0,0,0,0,5,0,0,0,0,0,0,0,0,0,0,0,0,0,3,0,0,0,0,0,0,0,145,0,0,77,31,0,3,0,0,0,1,0,0,0,0,0,0,0,0,0,0,0,0,0,0,0,0,0,0,0,0,0,0,0,13,0,47,0,0,0,0,184,0,0,0,481,79,218,0,8,0,0
46,118,94,60,0,323,8,0,14,0,86,165,270,63,108,510,0,10,135,260,242,42,46,105,11,0,282,0,0,0,173,0,299,0,138,0,217,0,56,0,39,0,0,0,18,0,103,0,8,0,45,0,2,0,0,0,0,0,0,0,0,0,1,0,0,0,0,0,0,0,0,0,0,0,0,0,0,0,0,0,0,0,0,0,0,0,0,0,0,0,0,0,0,0,0,0,0,0,0,0,0,0,0,0,16,0,0,0,0,0,0,0,0,0,0,0,0,0,0,0,0,0,0,0,13,0,7,0,0,0,11,0,0,0,58,0,0,0,0,0,0,0,0,0,0,0,0,0,32,0,36,0,26,0,0,0,0,0,0,0,0,0,0,0,47,0,268,0,61,0,0,0,93,0,0,0,410,363,121,0,26,0,55,0,34,0,0,0,0,0,0,0,0,0,0,0,4,0,0,0,0,0,0,0,0,0,0,0,25,0,554,257,417,30,69,0,0,0,2,2,0,0,0,0,0
0,83,0,127,323,0,0,24,0,26,155,102,101,176,470,200,11,31,251,149,92,270,91,106,0,14,0,163,0,90,0,202,13,526,0,271,0,300,0,0,0,18,0,0,0,21,0,61,0,0,2,30,0,18,0,58,0,0,0,0,0,0,0,14,0,19,0,0,0,0,0,0,0,0,0,0,0,0,0,0,0,0,0,0,0,0,0,0,0,0,0,0,0,0,0,0,0,23,0,0,0,0,0,0,0,0,0,0,0,0,0,0,0,2,0,0,0,0,0,0,0,0,0,0,0,0,0,0,0,0,0,16,0,0,0,290,0,115,0,5,0,0,0,0,0,0,0,0,0,0,0,118,0,118,0,0,0,0,0,0,0,0,0,6,0,75,0,205,0,80,0,0,0,153,0,0,95,413,14,26,0,76,0,0,0,35,0,5,0,1,0,0,0,0,0,0,0,0,0,32,0,90,0,0,0,0,0,0,0,116,0,0,0,0,178,0,0,0,790,368,594,0,13,4,0
18,0,17,0,8,0,0,148,64,379,4,0,9,0,0,0,0,16,0,0,0,0,24,0,167,97,0,0,0,0,0,0,0,0,0,0,0,0,0,0,0,0,0,0,0,0,0,0,53,0,0,0,225,46,243,214,20,5,20,0,306,0,427,46,38,0,87,59,2,0,0,0,0,0,0,0,0,0,0,0,0,0,0,0,0,0,0,0,3,0,0,0,0,0,0,0,0,0,0,0,0,0,0,0,0,0,0,0,0,0,0,0,0,0,0,0,0,0,0,0,0,0,0,0,26,0,30,0,0,0,210,0,0,0,86,0,41,0,0,0,1,0,0,0,0,0,0,0,60,0,11,0,0,0,11,1,20,0,22,0,73,0,12,0,7,0,0,0,47,0,351,0,233,0,0,0,62,79,0,0,0,1,0,9,14,10,0,0,0,0,0,0,0,0,0,0,0,0,0,0,0,0,0,0,0,0,3,0,69,0,941,194,438,432,434,0,155,0,0,0,0,0,0,0,0
176,29,0,22,0,24,148,0,158,89,0,10,0,2,0,27,31,14,2,2,0,0,0,15,158,42,0,7,0,45,0,0,0,0,0,0,0,0,0,311,0,0,0,0,0,0,0,5,0,0,0,0,15,19,23,299,0,23,0,0,0,256,60,247,0,0,0,0,0,0,0,0,0,0,0,0,0,0,0,0,0,0,0,0,0,0,0,0,0,0,0,0,0,0,0,0,0,0,0,0,0,0,0,0,0,0,0,0,0,0,0,0,0,0,0,0,0,0,0,0,0,0,0,0,0,22,0,13,0,4,0,40,0,0,0,57,0,42,0,0,0,0,0,0,0,0,0,5,0,9,0,6,0,0,0,0,0,0,0,0,0,3,0,6,0,0,0,0,1,44,0,76,0,184,0,0,76,49,0,0,0,0,0,1,0,0,0,0,0,0,0,0,0,0,0,0,0,0,0,0,0,0,0,0,0,0,0,10,0,50,0,0,0,0,522,0,0,0,522,82,301,365,119,132,1
24,0,25,0,14,0,64,158,0,407,10,0,0,0,23,1,0,0,0,0,0,0,0,0,0,67,0,0,1,0,0,0,0,0,0,0,0,0,25,0,0,0,0,0,0,0,0,0,9,0,0,0,200,69,19,307,4,43,69,67,127,0,236,24,77,9,88,137,0,0,0,0,0,0,0,0,0,0,0,0,0,0,0,0,0,0,1,0,0,0,0,0,0,0,0,0,0,0,0,0,0,0,0,0,0,0,0,0,0,0,0,0,0,0,0,0,0,0,0,0,0,0,0,0,16,0,6,0,0,0,81,0,0,0,28,0,0,0,0,0,0,0,0,0,0,0,1,0,114,0,11,0,6,0,17,3,0,0,1,0,42,0,0,0,0,0,0,0,21,0,162,0,97,0,0,0,244,109,8,0,0,0,5,0,131,22,0,0,0,0,0,0,0,0,0,0,6,0,6,0,0,0,0,0,0,0,0,0,27,0,253,169,190,120,117,1,0,0,0,0,0,0,0,0,0
107,27,29,6,0,26,379,89,407,0,0,56,0,9,0,0,20,0,0,12,0,0,0,0,194,0,0,25,0,0,0,0,0,0,0,0,0,0,0,38,0,0,0,0,0,0,0,10,0,0,0,0,110,73,199,105,8,65,0,52,0,261,100,203,0,226,0,258,0,4,0,0,0,0,0,0,0,0,0,0,0,0,0,0,0,0,0,0,0,0,0,0,0,0,0,0,0,1,0,0,0,0,0,0,0,0,0,0,0,0,0,0,0,0,0,0,0,0,0,0,0,0,0,0,0,47,0,60,0,0,1,89,0,1,0,37,0,7,0,0,0,0,0,0,0,0,0,78,0,148,0,141,0,47,0,0,0,0,0,3,0,13,0,0,0,0,0,0,0,28,0,140,0,88,0,0,171,364,0,0,0,0,0,10,0,53,0,0,0,0,0,0,0,0,0,0,0,0,0,0,0,21,0,0,0,1,0,86,0,114,0,0,0,0,302,0,0,0,507,183,233,305,121,72,0
27,111,19,84,86,155,4,0,10,0,0,98,240,0,44,322,22,20,23,0,101,0,0,160,0,0,137,0,33,0,148,0,246,0,31,0,172,0,65,0,119,0,0,0,0,0,72,0,12,0,0,0,0,0,0,0,0,0,0,0,0,0,0,0,7,0,0,0,0,0,0,0,0,0,0,0,0,0,0,0,0,0,0,0,0,0,0,0,0,0,0,0,0,0,0,0,0,0,0,0,0,0,0,0,0,0,0,0,0,0,0,0,0,0,0,0,0,0,4,0,0,0,0,0,3,0,0,0,0,0,17,0,0,0,0,0,2,0,0,0,0,0,0,0,0,0,0,0,9,0,21,0,0,0,0,0,0,0,0,0,0,0,0,0,9,0,120,0,49,0,7,0,66,0,0,0,381,191,104,0,53,0,52,0,20,0,4,0,0,0,0,0,0,0,0,0,0,0,0,0,0,0,0,0,0,0,0,0,10,0,197,131,121,0,0,0,0,0,3,0,0,0,0,0,0
0,178,0,19,165,102,0,10,0,56,98,0,0,398,295,65,21,0,59,78,73,204,113,108,0,3,13,262,0,0,19,175,0,427,0,208,0,292,0,0,0,159,0,0,0,25,2,120,0,19,0,0,0,0,0,0,0,0,0,3,0,0,0,0,0,22,0,0,0,0,0,0,0,0,0,0,0,0,0,0,0,0,0,0,0,9,0,0,0,0,0,0,0,0,0,0,0,4,0,0,0,0,0,0,0,0,0,0,0,0,0,0,0,0,0,0,0,0,0,0,0,0,0,0,0,0,0,0,0,0,0,0,0,0,0,74,0,0,0,0,0,0,0,0,0,0,0,0,0,28,0,143,0,167,0,0,0,0,0,0,0,0,0,0,0,6,0,83,0,0,0,0,0,142,0,0,65,471,0,27,0,120,0,46,0,125,0,5,0,0,0,0,0,0,0,0,0,0,0,0,0,31,0,0,0,0,0,31,0,56,0,0,0,0,44,0,0,0,432,284,225,0,15,0,0
33,0,53,0,270,101,9,0,0,0,240,0,0,270,55,59,0,0,87,494,61,64,0,0,0,0,237,343,0,0,5,0,0,0,225,0,73,0,0,0,147,66,149,0,24,31,169,173,69,0,501,0,0,0,0,0,0,0,0,0,0,0,0,0,0,0,0,0,0,0,0,0,0,0,0,0,0,0,0,0,0,0,0,0,0,0,0,0,0,0,0,0,0,0,0,0,0,0,0,0,0,0,0,0,0,0,0,0,0,0,0,0,1,0,0,0,0,0,0,0,0,0,0,0,0,0,0,0,0,0,5,0,0,0,0,0,0,0,0,0,0,0,0,0,0,0,0,0,0,0,0,0,0,0,0,0,0,0,0,0,0,0,0,0,60,0,24,0,0,0,0,0,0,0,0,0,407,190,155,0,44,0,27,0,0,0,231,0,0,0,0,0,0,0,0,0,0,0,0,0,0,0,0,0,0,0,0,0,0,0,62,140,207,0,0,0,0,0,0,0,0,0,0,0,0
0,54,0,0,63,176,0,2,0,9,0,398,270,0,77,9,0,0,638,74,90,44,0,4,0,0,382,246,0,0,1,21,0,0,0,323,0,143,0,0,76,272,0,54,0,49,52,169,0,43,30,169,0,0,0,0,0,0,0,0,0,0,0,0,0,9,0,0,0,0,0,0,0,0,0,0,0,0,0,0,0,0,0,0,0,0,0,0,0,0,0,0,0,3,0,0,0,0,0,0,0,0,0,0,0,0,0,0,0,0,0,0,0,0,0,0,0,0,0,0,0,0,0,0,0,0,0,0,0,0,0,0,0,0,0,0,0,0,0,0,0,0,0,0,0,0,0,0,0,0,0,82,0,88,0,0,0,1,0,0,0,0,0,0,0,0,0,0,0,0,0,0,0,0,0,0,52,747,0,54,0,73,0,49,0,48,25,58,0,0,0,0,0,0,0,0,0,0,0,0,0,0,0,0,0,0,0,0,0,41,0,7,0,0,0,0,0,0,67,294,173,0,9,0,5
37,0,114,22,108,470,0,0,23,0,44,295,55,77,0,735,63,0,299,218,254,43,365,49,53,0,271,0,0,0,220,16,154,0,37,0,82,0,0,0,13,0,0,0,19,0,42,4,0,0,7,0,0,0,0,0,0,0,0,0,0,0,45,0,21,0,0,0,0,0,0,0,0,0,0,0,0,0,0,0,0,0,0,0,0,0,0,0,0,0,21,0,0,0,0,0,44,0,0,0,0,0,0,0,0,0,0,0,0,0,0,0,0,0,0,0,0,0,0,0,0,0,0,0,0,0,19,0,0,0,0,0,0,0,221,0,113,0,0,0,0,0,105,0,0,0,52,0,112,0,78,0,39,0,0,0,0,0,0,0,4,0,0,0,0,0,161,0,44,0,0,0,23,0,0,0,124,234,14,0,0,0,72,0,73,0,0,0,0,0,0,0,0,0,0,0,13,0,40,0,106,0,0,0,0,0,20,0,69,0,232,191,212,0,59,0,0,0,0,0,0,0,0,0,0
0,16,0,192,510,200,0,27,1,0,322,65,59,9,735,0,19,150,143,160,165,436,134,206,0,31,0,89,0,85,30,175,0,242,0,104,0,118,0,0,0,0,0,0,0,2,0,0,0,0,0,19,0,25,0,166,0,0,0,0,0,0,0,47,0,10,0,0,0,0,0,0,0,0,0,0,0,0,0,0,0,163,0,0,0,82,0,67,0,0,0,56,0,0,0,81,0,0,0,197,0,100,0,0,0,0,0,308,0,0,0,0,0,0,0,0,0,0,0,0,0,0,0,0,0,0,0,0,0,0,1,0,0,0,0,659,1,208,0,0,0,0,0,263,0,0,0,0,0,0,0,54,0,54,0,9,0,0,0,13,0,0,0,0,0,29,0,101,0,62,0,13,0,92,0,4,68,124,32,49,0,0,5,0,0,35,0,0,0,0,0,0,0,0,0,0,0,0,0,0,0,0,0,0,0,0,0,0,0,110,0,0,0,0,73,0,0,0,400,201,277,41,0,0,0
28,211,44,99,0,11,0,31,0,20,22,21,0,0,63,19,0,42,92,1,149,0,270,42,152,89,162,0,185,0,116,0,131,0,12,0,12,0,234,5,0,0,0,0,0,0,0,0,0,0,0,0,49,0,29,12,22,0,0,0,0,0,233,2,0,0,0,0,0,0,0,0,0,0,12,0,0,0,0,0,79,0,0,0,132,0,0,0,0,0,97,0,0,0,0,0,160,0,284,0,189,0,0,0,24,0,362,0,0,0,0,0,0,0,0,0,0,0,0,0,14,0,19,0,0,0,0,0,0,0,0,0,0,0,0,0,141,0,0,0,40,0,217,0,1,0,0,0,0,0,0,0,0,0,135,0,0,0,50,0,21,0,0,0,0,0,10,0,28,0,0,0,44,0,0,0,10,11,0,0,0,0,24,2,0,0,0,0,0,0,0,0,0,0,0,0,0,0,0,0,75,0,0,0,0,0,0,0,16,0,47,128,64,0,22,0,11,0,0,0,0,0,0,0,0
125,90,94,93,10,31,16,14,0,0,20,0,0,0,0,150,42,0,0,65,0,71,56,245,44,123,0,0,0,225,0,42,0,69,0,14,0,15,0,125,0,2,0,1,0,0,0,0,0,0,0,0,0,49,2,38,0,68,0,3,0,3,5,151,0,0,0,0,0,0,0,0,0,0,0,0,0,0,0,0,0,111,0,0,0,66,0,0,0,0,0,89,0,0,0,75,0,0,0,216,0,135,0,0,0,0,0,226,0,0,0,0,0,0,0,0,0,0,0,0,0,0,0,1,0,0,0,0,0,0,0,0,0,0,0,262,0,225,0,221,0,168,0,537,0,0,0,0,0,0,0,0,0,0,0,55,0,0,0,177,0,7,0,0,0,0,0,0,0,0,0,0,0,24,0,0,7,7,0,0,0,0,2,17,0,0,0,0,0,0,0,0,0,0,0,0,0,0,0,0,0,0,0,0,0,0,0,0,0,0,0,0,0,0,0,0,0,0,32,220,25,0,0,4,0
10,0,23,0,135,251,0,2,0,0,23,59,87,638,299,143,92,0,0,954,315,154,172,0,0,0,246,465,0,0,45,0,0,0,222,0,26,0,0,0,15,65,18,0,18,0,14,140,4,0,113,28,0,0,4,0,0,0,0,0,0,0,33,0,0,0,0,0,0,0,0,0,0,0,0,0,0,0,0,0,0,0,0,0,0,0,0,0,0,0,0,0,0,0,0,0,0,0,0,0,0,0,0,0,0,0,0,0,0,0,0,0,0,0,0,0,0,0,0,0,0,0,0,0,0,0,0,0,0,0,0,0,3,0,0,0,0,0,0,0,0,0,0,0,0,0,0,0,56,0,0,0,0,0,0,0,0,0,0,0,0,0,0,0,51,0,38,0,19,0,3,0,0,0,0,0,96,160,19,0,0,0,47,0,0,0,6,0,0,0,0,0,0,0,0,0,0,0,0,0,0,0,0,0,0,0,0,0,0,0,80,265,112,0,0,0,0,0,0,0,0,0,0,0,0
0,40,0,50,260,149,0,2,0,12,0,78,494,74,218,160,1,65,954,0,107,289,0,103,0,12,150,295,0,0,0,77,0,0,0,396,0,51,0,0,28,21,3,72,0,55,0,70,0,18,9,198,0,45,0,34,0,0,0,0,0,0,0,57,0,0,0,0,0,0,0,0,0,0,0,0,0,0,0,0,0,0,0,0,0,98,0,142,0,0,0,0,0,0,0,88,0,46,0,0,0,0,0,0,0,0,0,202,0,0,0,0,0,0,0,0,0,0,0,0,0,0,0,0,0,0,0,0,0,0,0,0,0,0,0,330,0,91,0,0,0,0,0,237,0,0,0,0,0,20,0,147,0,128,0,0,0,0,0,0,0,0,0,0,0,137,0,23,0,0,0,14,0,0,0,0,72,181,0,11,0,0,0,12,0,0,0,23,0,0,0,0,0,0,0,0,0,6,0,0,0,0,0,0,0,0,0,0,0,76,0,0,0,0,42,0,0,0,205,238,238,0,16,0,0
6,31,56,15,242,92,0,0,0,0,101,73,61,90,254,165,149,0,315,107,0,26,304,46,0,0,381,0,90,0,96,0,54,0,72,0,12,0,20,0,0,28,7,0,80,0,36,0,6,0,26,0,24,0,0,0,0,0,0,0,10,0,162,0,0,0,0,0,0,0,31,0,0,0,59,0,0,0,0,0,0,0,0,0,189,0,137,0,0,0,63,0,0,0,0,0,93,0,459,0,310,0,0,0,0,0,0,0,0,0,0,0,0,0,0,0,0,0,0,0,94,0,31,0,0,0,0,0,0,0,0,0,0,0,0,0,0,0,56,0,0,0,137,0,37,0,0,0,0,0,0,0,0,0,15,0,0,0,0,0,6,0,0,0,0,0,59,0,32,0,0,0,16,0,0,0,20,20,63,3,0,0,24,0,3,0,0,0,0,0,0,0,0,0,0,0,0,0,0,0,23,0,0,0,0,0,0,0,0,0,313,628,164,48,46,0,0,0,2,0,0,0,0,0,0
0,0,0,48,42,270,0,0,0,0,0,204,64,44,43,436,0,71,154,289,26,0,5,244,0,7,18,197,0,85,0,111,0,25,0,80,0,11,0,17,0,0,1,46,0,20,0,9,0,2,0,61,0,11,0,0,0,0,0,0,0,0,0,70,0,0,0,0,0,0,0,7,0,0,0,0,0,0,0,0,0,310,0,0,0,123,0,135,0,0,0,49,0,0,0,76,0,0,0,300,0,97,0,0,0,0,0,0,0,0,0,0,0,0,0,0,0,0,0,0,0,68,0,18,0,0,0,0,0,0,0,0,0,0,0,0,0,0,0,0,0,223,0,475,0,0,0,0,0,0,0,0,0,0,0,0,0,0,0,0,0,0,0,0,0,37,0,19,0,41,0,8,0,0,0,0,0,9,0,70,0,0,0,0,0,0,0,7,0,0,0,0,0,0,0,0,0,0,0,0,0,0,0,0,0,0,0,0,0,0,0,0,0,0,21,0,0,0,246,358,106,0,0,0,0
8,370,125,161,46,91,24,0,0,0,0,113,0,0,365,134,270,56,172,0,304,5,0,128,136,95,163,0,181,0,88,0,256,11,0,0,64,6,374,0,0,0,0,0,28,0,0,0,0,0,0,0,24,0,97,0,0,0,0,0,0,0,159,0,5,0,0,0,0,0,0,0,0,0,0,0,0,0,0,0,0,0,0,0,0,0,0,0,0,0,74,0,0,0,0,0,111,0,0,0,0,0,0,0,90,0,185,0,0,0,0,0,0,0,0,0,0,0,0,0,0,0,0,0,17,0,0,0,0,0,0,0,0,0,328,0,310,0,0,0,0,0,235,0,0,0,37,0,57,0,34,0,12,0,82,0,0,0,0,0,10,0,0,0,0,0,135,0,51,0,0,0,206,0,0,0,50,66,0,0,0,0,7,1,25,0,0,0,0,0,0,0,0,0,0,0,7,0,49,0,199,0,0,0,0,0,0,0,63,0,537,123,297,96,186,0,0,0,3,0,0,0,0,0,0
80,47,104,124,105,106,0,15,0,0,160,108,0,4,49,206,42,245,0,103,46,244,128,0,0,52,0,21,0,168,0,76,9,204,0,21,0,72,5,201,0,0,0,0,0,0,0,0,0,0,0,0,0,8,0,32,0,11,0,0,0,0,0,24,0,0,0,0,0,0,0,0,0,0,0,1,0,0,0,0,0,92,0,0,0,45,0,0,0,0,0,57,0,0,0,48,0,40,0,151,0,88,0,0,0,0,0,170,0,0,0,0,0,0,0,0,0,0,0,0,0,0,0,2,0,0,0,0,0,0,0,0,0,0,0,178,0,53,0,32,0,19,0,194,0,7,0,0,0,0,0,0,0,0,0,10,0,0,0,0,0,5,0,0,0,0,0,17,0,24,0,0,0,59,0,0,19,31,0,40,0,0,0,0,0,0,0,0,0,0,0,0,0,0,0,0,0,0,0,0,0,51,0,0,0,0,0,0,0,5,0,0,0,0,78,0,0,0,176,209,144,0,0,0,0
4,226,137,0,11,0,167,158,0,194,0,0,0,0,53,0,152,44,0,0,0,0,136,0,0,139,20,0,94,1,0,0,0,0,3,0,10,0,259,10,0,0,0,0,0,0,0,0,19,0,0,0,72,5,305,65,53,0,41,0,137,0,520,24,0,0,0,0,0,0,0,0,0,0,3,0,0,0,0,0,0,0,0,0,0,0,0,0,0,0,0,0,0,0,0,0,0,0,0,0,0,0,0,0,0,0,0,0,0,0,0,0,0,0,0,0,0,0,0,0,0,0,0,0,10,0,22,0,0,0,14,0,17,0,265,0,223,0,0,0,0,0,212,0,0,0,6,0,14,0,9,0,0,0,58,0,0,0,33,0,31,0,10,0,0,0,0,0,0,0,43,0,206,0,0,0,6,29,0,0,0,0,1,0,5,0,0,0,0,0,0,0,0,0,0,0,0,0,16,0,100,0,0,0,0,0,8,0,68,0,443,89,248,186,220,0,49,0,0,0,8,0,0,0,0
289,8,194,40,0,14,97,42,67,0,0,3,0,0,0,31,89,123,0,12,0,7,95,52,139,0,0,4,0,218,0,0,0,61,0,0,0,122,0,550,0,0,0,2,0,0,1,0,0,0,0,0,0,17,0,256,0,38,0,0,0,74,17,100,0,0,0,0,0,0,0,0,0,0,0,0,0,0,0,0,0,0,0,0,0,0,0,0,0,0,0,29,0,0,0,0,0,0,0,0,0,34,0,0,0,0,0,165,0,0,0,0,0,0,0,0,0,0,0,0,0,0,0,1,0,0,0,0,0,36,0,9,0,5,0,424,0,123,0,37,0,34,0,138,0,0,0,0,3,0,0,0,2,0,0,27,0,0,0,30,0,0,0,0,0,0,0,0,0,23,0,6,0,112,0,0,34,6,0,0,3,0,0,2,0,0,0,0,0,0,0,0,0,0,0,0,0,0,0,0,0,129,0,0,0,0,0,0,0,11,3,0,0,0,203,0,0,0,295,134,184,128,0,20,0
48,0,73,0,282,0,0,0,0,0,137,13,237,382,271,0,162,0,246,150,381,18,163,0,20,0,0,542,22,0,37,0,10,0,88,0,137,0,13,0,44,275,179,67,280,115,166,578,39,37,257,0,21,0,0,0,0,0,0,0,21,0,120,0,0,0,0,0,0,0,78,0,0,0,151,0,0,0,0,0,446,0,0,0,0,0,0,0,0,0,0,0,0,0,0,0,0,0,0,0,520,0,0,0,0,0,0,0,0,0,0,0,0,0,0,0,0,0,0,0,0,0,0,0,0,0,0,0,0,0,0,0,0,0,0,0,0,0,0,0,0,0,0,0,82,0,0,0,0,0,0,0,0,0,0,0,0,0,0,0,0,0,35,0,57,6,15,0,15,0,0,0,0,0,0,0,51,94,56,0,0,0,69,0,0,0,63,0,0,0,0,0,0,0,0,0,0,0,0,0,0,0,0,0,0,0,0,0,0,0,0,351,272,0,0,0,0,18,0,8,0,0,0,0,0
0,68,0,0,0,163,0,7,0,25,0,262,343,246,0,89,0,0,465,295,0,197,0,21,0,4,542,0,0,0,0,101,0,30,0,147,0,136,0,7,181,56,0,216,0,370,101,185,0,91,0,249,0,31,0,18,0,0,0,0,0,0,0,0,0,32,0,0,0,0,0,0,0,0,0,14,0,0,0,0,0,0,0,0,0,102,0,0,0,0,0,0,0,0,0,0,0,0,0,0,0,0,0,0,0,0,0,0,0,0,0,0,0,0,0,0,0,0,0,0,0,0,0,0,0,0,0,0,0,0,0,0,0,0,0,0,0,0,0,0,0,341,0,0,0,0,0,0,0,0,0,137,0,0,0,0,0,0,0,0,0,0,0,2,0,90,0,16,0,30,0,0,0,0,0,0,22,190,0,22,0,91,0,17,0,105,46,9,0,0,0,0,0,0,0,0,0,0,0,0,0,0,0,0,0,0,0,26,0,43,0,8,0,0,31,0,0,0,65,557,335,33,15,0,0
44,0,67,0,0,0,0,0,1,0,33,0,0,0,0,0,185,0,0,0,90,0,181,0,94,0,22,0,0,0,29,0,5,0,29,0,24,0,5,0,0,0,0,0,5,0,0,0,0,0,23,0,19,0,10,0,0,0,0,0,0,0,57,0,0,0,0,0,0,0,10,0,0,0,28,0,0,0,0,0,135,0,0,0,119,0,85,0,0,0,28,0,0,0,101,0,0,0,306,0,133,0,0,0,0,0,95,0,0,0,0,0,0,0,0,0,0,0,0,0,63,0,41,0,0,0,0,0,0,0,0,0,0,0,0,0,47,0,23,0,30,0,80,0,10,0,0,0,0,0,0,0,0,0,0,0,0,0,15,0,0,0,0,0,0,0,0,0,0,0,0,0,0,0,0,0,10,0,0,0,0,0,11,0,0,0,0,0,0,0,0,0,0,0,0,0,0,0,0,0,0,0,0,0,0,0,0,0,0,0,13,29,0,0,0,0,0,0,0,0,0,0,0,0,0
0,193,0,165,0,90,0,45,0,0,0,0,0,0,0,85,0,225,0,0,0,85,0,168,1,218,0,0,0,0,0,36,0,41,0,40,0,25,0,23,0,0,0,9,0,6,0,0,0,0,0,22,0,19,0,41,0,9,0,1,0,4,0,93,0,0,0,0,0,0,0,0,0,0,0,0,0,0,0,0,0,0,0,0,0,34,0,25,0,0,0,0,0,0,0,0,0,0,0,0,0,0,0,0,0,0,0,0,0,0,0,0,0,0,0,0,0,0,0,0,0,0,0,0,0,0,0,0,0,16,0,0,0,0,0,50,0,85,0,286,0,212,0,316,0,37,0,0,0,0,0,0,0,0,0,35,0,1,0,133,0,0,0,0,0,0,0,4,0,0,0,0,0,0,0,0,0,0,0,39,0,0,0,12,0,0,0,0,0,0,0,0,0,0,0,0,0,0,0,0,0,0,0,0,0,1,0,0,0,0,0,0,0,0,0,0,0,0,43,80,17,0,0,0,0
10,0,46,0,173,0,0,0,0,0,148,19,5,1,220,30,116,0,45,0,96,0,88,0,0,0,37,0,29,0,0,0,3,0,15,0,18,0,18,0,0,0,20,0,0,0,0,0,0,0,31,0,0,0,0,0,0,0,0,0,3,0,58,0,0,0,0,0,0,0,12,0,0,0,43,0,0,0,0,0,188,0,0,0,130,0,89,0,0,0,48,0,0,0,0,0,0,0,355,0,233,0,0,0,0,0,0,0,0,0,0,0,0,0,0,0,0,0,0,0,67,0,0,0,0,0,0,0,0,0,0,0,0,0,0,0,34,0,0,0,27,0,0,0,7,0,0,0,0,0,0,0,0,0,0,0,0,0,14,0,0,0,0,0,0,0,82,0,23,0,0,0,12,0,0,0,0,0,105,0,0,0,0,0,0,0,0,0,0,0,0,0,0,0,0,0,0,0,0,0,0,0,0,0,0,0,0,0,0,0,171,238,86,18,18,0,0,0,0,0,0,0,0,0,0
0,0,0,0,0,202,0,0,0,0,0,175,0,21,16,175,0,42,0,77,0,111,0,76,0,0,0,101,0,36,0,0,0,9,0,31,0,10,0,9,0,0,0,40,0,5,0,0,0,0,0,32,0,5,0,0,0,0,0,0,0,0,0,10,0,0,0,0,0,0,0,0,0,0,0,0,0,0,0,0,0,0,0,0,0,20,0,0,0,0,0,0,0,0,0,14,0,0,0,0,0,0,0,0,0,0,0,0,0,0,0,0,0,0,0,0,0,0,0,0,0,0,0,0,0,0,0,0,0,0,0,0,0,0,0,0,0,0,0,95,0,124,0,0,0,28,0,0,0,0,0,0,0,0,0,0,0,2,0,43,0,0,0,0,0,0,0,44,0,0,0,2,0,17,0,0,0,0,0,83,0,0,0,0,0,0,0,2,0,0,0,0,0,0,0,0,0,0,0,0,0,0,0,0,0,0,0,0,0,0,0,0,0,0,0,0,0,0,129,77,84,0,0,0,0
0,0,0,8,299,13,0,0,0,0,246,0,0,0,154,0,131,0,0,0,54,0,256,9,0,0,10,0,5,0,3,0,0,0,13,0,117,0,1,0,0,0,13,0,6,0,0,0,0,0,15,0,10,0,0,0,0,0,0,0,7,0,23,0,0,0,0,0,0,0,12,0,0,0,27,0,0,0,0,0,119,0,0,0,0,0,53,0,0,0,0,0,0,0,0,0,0,0,203,0,120,0,0,0,0,0,0,0,0,0,0,0,0,0,0,0,0,0,0,0,36,0,0,0,0,0,0,0,0,0,0,0,0,0,0,0,0,0,24,0,0,0,20,0,23,0,0,0,0,0,0,0,0,0,0,0,13,0,0,0,6,0,0,0,0,0,49,0,10,0,6,0,12,0,0,0,0,0,196,0,0,0,13,0,0,0,0,0,0,0,0,0,0,0,0,0,0,0,0,0,0,0,0,0,0,0,0,0,0,0,139,245,95,0,18,0,0,0,0,0,0,0,0,0,0
0,231,0,237,0,526,0,0,0,0,0,427,0,0,0,242,0,69,0,0,0,25,11,204,0,61,0,30,0,41,0,9,0,0,0,47,0,86,0,3,0,0,0,23,0,0,0,0,0,0,0,24,0,4,0,0,0,0,0,0,0,5,1,20,0,0,0,0,0,0,0,0,0,0,0,0,0,0,0,0,0,0,0,0,0,25,0,0,0,0,0,0,0,0,0,0,0,0,0,0,0,0,0,0,0,0,0,0,0,0,0,0,0,0,0,0,0,0,0,0,0,0,0,0,0,0,0,0,0,0,0,0,0,0,0,0,0,0,0,143,0,205,0,159,0,37,0,0,0,0,0,0,0,0,0,0,0,4,0,0,0,0,0,0,0,6,0,62,0,5,0,0,0,44,0,0,0,0,0,199,0,0,0,0,0,0,0,0,0,0,0,0,0,0,0,0,0,0,0,0,0,0,0,0,0,0,0,0,0,0,0,0,0,0,25,0,0,0,50,160,83,4,0,0,0
0,0,0,0,138,0,0,0,0,0,31,0,225,0,37,0,12,0,222,0,72,0,0,0,3,0,88,0,29,0,15,0,13,0,0,0,99,0,11,0,0,0,2,0,4,0,2,0,3,0,42,0,0,0,0,0,0,0,0,0,0,0,20,0,0,0,0,0,0,0,19,0,8,0,31,0,0,0,0,0,88,0,0,0,0,0,58,0,0,0,0,0,0,0,0,0,0,0,183,0,128,0,0,0,0,0,0,0,0,0,0,0,0,0,0,0,0,0,0,0,27,0,0,0,0,0,0,0,0,0,0,0,0,0,0,0,22,0,0,0,0,0,0,0,17,0,0,0,0,0,0,0,0,0,0,0,0,0,0,0,0,0,0,0,49,0,69,0,20,0,2,0,10,0,0,0,22,6,46,0,0,0,10,0,0,0,0,0,0,0,0,0,0,0,0,0,0,0,0,0,0,0,0,0,0,0,0,0,0,0,136,297,195,0,22,0,1,0,0,0,0,0,0,0,0
0,0,0,0,0,271,0,0,0,0,0,208,0,323,0,104,0,14,0,396,0,80,0,21,0,0,0,147,0,40,0,31,0,47,0,0,0,166,0,7,0,0,0,60,0,15,0,5,0,0,0,82,0,0,0,0,0,0,0,0,0,0,0,13,0,0,0,0,0,0,0,0,0,0,0,0,0,0,0,0,0,0,0,0,0,0,0,0,0,0,0,0,0,0,0,0,0,0,0,0,0,0,0,0,0,0,0,0,0,0,0,0,0,0,0,0,0,0,0,0,0,0,0,0,0,0,0,0,0,0,0,0,0,0,0,0,0,0,0,179,0,196,0,120,0,60,0,0,0,0,0,0,0,0,0,10,0,0,0,36,0,0,0,0,0,78,0,121,0,28,0,0,0,22,0,0,0,0,0,96,0,0,0,0,0,0,0,47,0,0,0,0,0,0,0,0,0,0,0,0,0,0,0,0,0,0,0,0,0,0,2,0,0,0,37,0,0,0,177,247,217,17,0,0,0
25,0,0,0,217,0,0,0,0,0,172,0,73,0,82,0,12,0,26,0,12,0,64,0,10,0,137,0,24,0,18,0,117,0,99,0,0,0,67,0,3,0,48,0,50,0,0,0,0,0,70,0,10,0,0,0,0,0,0,0,19,0,17,0,0,0,0,0,0,0,69,0,15,0,76,0,0,0,0,0,141,0,0,0,0,0,91,0,0,0,0,0,0,0,0,0,0,0,178,0,136,0,0,0,0,0,0,0,0,0,0,0,0,0,0,0,0,0,0,0,0,0,21,0,0,0,0,0,0,0,0,0,0,0,0,0,0,0,67,0,45,0,0,0,79,0,0,0,0,0,0,0,0,0,0,0,30,0,0,0,0,0,36,0,22,0,53,0,30,0,12,0,30,0,0,0,22,0,107,0,0,0,20,0,0,0,0,0,0,0,0,0,0,0,0,0,0,0,0,0,0,0,0,0,0,0,0,0,0,0,53,108,135,0,0,0,0,1,1,0,0,0,0,0,0
0,471,0,282,0,300,0,0,0,0,0,292,0,143,0,118,0,15,0,51,0,11,6,72,0,122,0,136,0,25,0,10,0,86,0,166,0,0,0,92,0,0,0,86,0,27,0,9,0,0,0,71,0,6,0,0,0,0,0,0,0,19,0,14,0,0,0,0,0,0,0,0,0,0,0,0,0,0,0,0,0,0,0,0,0,0,0,0,0,0,0,0,0,0,0,7,0,0,0,0,0,0,0,0,0,0,0,0,0,0,0,0,0,0,0,0,0,0,0,0,0,0,0,3,0,0,0,0,0,0,0,0,0,0,0,0,0,0,0,187,0,218,0,0,0,121,0,0,0,0,0,0,0,0,0,5,0,37,0,48,0,0,0,0,0,41,0,55,0,39,0,13,0,69,0,0,0,47,0,152,0,0,0,49,0,0,0,33,0,0,0,0,0,0,0,0,0,0,0,0,0,0,0,0,0,0,0,0,0,0,0,0,0,0,11,0,0,0,31,242,115,12,3,3,0
306,0,428,0,56,0,0,0,25,0,65,0,0,0,0,0,234,0,0,0,20,0,374,5,259,0,13,0,5,0,18,0,1,0,11,0,67,0,0,0,0,0,8,0,3,0,0,0,0,0,6,0,38,0,0,0,0,0,0,0,7,0,51,0,0,0,0,0,0,0,14,0,0,0,35,0,0,0,0,0,98,0,0,0,0,0,50,0,0,0,0,0,0,0,0,0,0,0,109,0,0,0,0,0,0,0,0,0,0,0,0,0,0,0,0,0,0,0,0,0,45,0,16,0,0,0,0,0,0,0,0,0,0,0,0,0,44,0,40,0,48,0,50,0,46,0,0,0,0,0,0,0,0,0,0,0,13,0,12,0,0,0,11,0,0,0,17,0,0,0,2,0,57,0,0,0,47,0,12,0,0,0,123,0,0,0,0,0,0,0,0,0,0,0,0,0,0,0,0,0,0,0,0,0,0,0,0,0,0,0,32,190,19,0,0,0,0,0,0,0,0,0,0,0,0
0,639,8,404,0,0,0,311,0,38,0,0,0,0,0,0,5,125,0,0,0,17,0,201,10,550,0,7,0,23,0,9,0,3,0,7,0,92,0,0,0,0,0,9,0,0,0,0,0,0,0,0,0,6,0,15,0,0,0,0,0,27,0,40,0,0,0,0,0,0,0,0,0,0,0,0,0,0,0,0,0,0,0,0,0,0,0,2,0,0,0,1,0,0,0,0,0,0,0,0,0,0,0,0,0,0,0,0,0,0,0,0,0,0,0,0,0,0,0,0,0,0,0,0,0,0,0,0,0,0,0,0,0,0,0,0,0,0,0,58,0,31,0,24,0,41,0,0,0,0,0,0,0,0,0,10,0,13,0,55,0,1,0,0,0,0,0,0,0,0,0,0,0,20,0,0,0,0,0,45,0,0,0,72,0,0,0,0,0,0,0,0,0,0,0,0,0,0,0,0,0,0,0,0,0,0,0,0,0,0,0,0,0,0,0,0,0,0,10,119,13,8,0,0,0
12,2,0,0,39,0,0,0,0,0,119,0,147,76,13,0,0,0,15,28,0,0,0,0,0,0,44,181,0,0,0,0,0,0,0,0,3,0,0,0,0,99,94,28,21,65,123,336,56,34,60,0,0,0,0,0,0,0,0,0,0,0,0,0,3,0,0,0,0,0,0,0,0,0,0,0,0,0,1,0,0,0,0,0,0,0,0,0,0,0,0,0,0,0,0,0,0,0,0,0,0,0,0,0,0,0,0,0,0,0,0,0,0,0,0,0,0,0,0,0,0,0,0,0,0,0,0,0,0,0,0,0,0,0,0,0,0,0,0,0,0,0,0,0,0,0,0,0,0,0,0,0,0,0,0,0,0,0,0,0,0,0,0,0,0,0,0,0,0,0,0,0,0,0,0,0,51,61,48,0,0,0,14,0,0,0,141,0,0,0,0,0,0,0,0,0,0,0,0,0,0,0,0,0,0,0,0,0,0,0,0,174,40,0,0,0,0,11,0,21,2,0,0,0,0
0,13,0,2,0,18,0,0,0,0,0,159,66,272,0,0,0,2,65,21,28,0,0,0,0,0,275,56,0,0,0,0,0,0,0,0,0,0,0,0,99,0,12,16,33,18,150,114,7,98,14,0,0,0,0,0,0,0,0,0,0,0,0,0,0,0,0,0,0,0,0,0,0,0,0,0,0,0,0,0,0,0,0,0,0,0,0,0,0,0,0,0,0,0,0,0,0,0,0,0,0,0,0,0,0,0,0,0,0,0,0,0,0,0,0,0,0,0,0,0,0,0,0,0,0,0,0,0,0,0,0,0,0,0,0,0,0,0,0,0,0,0,0,0,0,0,0,0,0,0,0,0,0,0,0,0,0,0,0,0,0,0,0,0,0,14,0,0,0,0,0,0,0,0,0,0,0,271,0,41,0,53,0,10,0,0,34,3,0,0,0,0,0,0,0,0,0,0,0,0,0,0,0,0,0,1,0,0,0,0,0,9,0,0,0,0,0,0,26,111,14,0,0,0,17
0,0,0,0,0,0,0,0,0,0,0,0,149,0,0,0,0,0,18,3,7,1,0,0,0,0,179,0,0,0,20,0,13,0,2,0,48,0,8,0,94,12,0,0,75,8,52,42,14,2,54,0,0,0,0,0,0,0,5,0,0,0,0,0,0,0,0,0,1,0,25,0,0,0,30,0,0,0,0,0,0,0,0,0,0,0,0,0,0,0,9,0,0,0,0,0,8,0,59,0,54,0,0,0,0,0,16,0,0,0,0,0,0,0,0,0,0,0,0,0,0,0,0,0,0,0,0,0,0,0,0,0,0,0,0,0,0,0,0,0,0,0,0,0,0,0,0,0,0,0,0,0,0,0,2,0,0,0,0,0,0,0,0,0,37,0,23,0,0,0,17,0,0,0,0,0,7,8,6,0,0,0,0,0,0,0,133,0,0,0,0,0,0,0,0,0,0,0,0,0,0,0,0,0,0,0,0,0,0,0,47,127,77,11,18,0,0,8,0,0,0,0,0,0,0
0,0,0,0,0,0,0,0,0,0,0,0,0,54,0,0,0,1,0,72,0,46,0,0,0,2,67,216,0,9,0,40,0,23,0,60,0,86,0,9,28,16,0,0,3,225,24,74,0,75,0,93,0,0,0,0,0,13,0,0,0,5,0,0,0,0,0,0,0,0,0,21,0,0,0,25,0,0,0,0,0,194,0,0,0,61,0,75,0,0,0,0,0,0,0,31,0,0,0,105,0,0,0,0,0,0,0,0,0,0,0,0,0,0,0,0,0,0,0,0,0,47,0,9,0,0,0,0,0,0,0,0,0,0,0,0,0,0,0,64,0,115,0,140,0,84,0,0,0,0,0,0,0,2,0,0,0,0,0,0,0,0,0,0,0,66,0,19,0,27,0,0,0,8,0,0,0,23,0,0,0,0,0,0,0,0,10,46,0,0,0,0,0,0,0,0,0,0,0,0,0,0,0,0,0,1,0,0,0,0,0,0,0,0,0,0,0,0,37,179,180,0,0,0,0
0,0,0,0,18,0,0,0,0,0,0,0,24,0,19,0,0,0,18,0,80,0,28,0,0,0,280,0,5,0,0,0,6,0,4,0,50,0,3,0,21,33,75,3,0,25,200,120,153,67,45,0,0,0,4,0,0,0,0,0,8,0,44,0,0,0,1,0,0,0,0,0,0,0,66,0,0,0,0,0,0,0,0,0,0,0,0,0,0,0,0,0,61,0,140,0,46,0,252,0,219,0,0,0,0,0,94,0,0,0,0,0,0,0,0,0,0,0,0,0,0,0,0,0,0,0,0,0,0,0,0,0,0,0,0,0,0,0,0,0,0,0,0,0,0,0,0,0,0,0,0,0,0,0,7,0,0,0,0,0,0,0,17,0,107,0,22,0,27,0,18,0,19,0,0,0,15,32,11,0,0,0,6,0,0,0,79,0,0,0,3,0,0,0,0,0,0,0,0,0,7,0,0,0,0,0,0,0,7,0,54,201,214,16,15,0,0,143,0,22,0,0,0,0,0
0,11,0,0,0,21,0,0,0,0,0,25,31,49,0,2,0,0,0,55,0,20,0,0,0,0,115,370,0,6,0,5,0,0,0,15,0,27,0,0,65,18,8,225,25,0,97,156,6,178,11,65,0,0,0,7,0,14,0,0,0,0,0,0,0,0,0,0,0,5,0,14,0,0,0,0,0,0,0,0,0,105,0,34,0,36,0,50,0,0,0,0,0,21,0,35,0,0,0,55,0,14,0,12,0,0,0,14,0,0,0,0,0,0,0,0,0,2,0,1,0,35,0,6,0,2,0,1,0,0,0,0,0,0,0,47,0,0,0,0,0,60,0,60,0,36,0,0,0,0,0,0,0,0,0,0,0,2,0,0,0,0,0,0,0,175,0,14,0,46,0,23,0,9,0,0,0,56,0,0,0,0,0,0,0,0,21,3,0,0,0,0,0,0,0,4,0,2,0,0,0,15,0,8,0,0,0,0,0,0,0,11,0,0,15,0,0,0,43,186,150,7,5,0,40
20,0,20,0,103,0,0,0,0,0,72,2,169,52,42,0,0,0,14,0,36,0,0,0,0,1,166,101,0,0,0,0,0,0,2,0,0,0,0,0,123,150,52,24,200,97,0,400,116,135,36,0,3,0,0,0,0,0,0,0,0,0,28,0,0,0,0,0,0,0,0,0,0,0,0,0,2,0,0,0,0,0,0,0,0,0,0,0,0,0,0,0,0,0,0,0,0,0,0,0,0,0,3,0,0,0,0,0,0,0,0,0,0,0,0,0,0,0,0,0,0,0,0,0,0,0,0,0,1,0,0,0,0,0,0,0,0,0,0,0,0,0,0,0,0,0,0,0,0,0,0,0,12,0,0,0,0,0,0,0,0,0,0,0,0,0,0,0,0,0,0,0,0,0,0,0,32,106,31,0,0,0,25,0,0,0,124,0,0,0,0,0,0,0,0,0,0,0,0,0,0,0,0,0,0,0,0,0,0,0,0,497,85,0,0,0,0,87,0,33,0,0,0,0,0
0,22,0,0,0,61,0,5,0,10,0,120,173,169,4,0,0,0,140,70,0,9,0,0,0,0,578,185,0,0,0,0,0,0,0,5,0,9,0,0,336,114,42,74,120,156,400,0,20,161,32,23,0,10,0,0,0,0,0,0,0,0,0,0,0,6,0,0,0,0,0,0,0,0,0,0,0,0,0,0,0,0,0,0,0,0,0,0,0,0,0,7,0,9,0,0,0,0,0,0,0,0,0,0,0,0,0,0,0,0,0,0,0,0,0,0,0,0,0,0,0,0,0,0,0,0,0,0,0,0,0,2,0,0,0,0,0,0,0,0,0,0,0,0,0,0,0,0,0,0,0,0,0,0,0,0,0,0,0,0,0,0,0,0,0,33,0,0,0,0,0,0,0,0,0,0,0,141,0,0,0,0,0,0,0,0,104,0,0,0,0,0,0,0,0,0,0,0,0,0,0,0,0,0,0,6,0,0,0,0,0,39,0,0,0,0,0,0,0,612,95,0,3,0,42
10,0,13,0,8,0,53,0,9,0,12,0,69,0,0,0,0,0,4,0,6,0,0,0,19,0,39,0,0,0,0,0,0,0,3,0,0,0,0,0,56,7,14,0,153,6,116,20,0,15,17,0,0,0,20,0,50,0,26,0,7,0,6,0,0,0,0,0,7,0,0,0,2,0,10,0,0,0,2,0,0,0,14,0,6,0,4,0,13,0,0,0,24,0,20,0,0,0,0,0,13,0,6,0,3,0,0,0,0,0,0,0,0,0,0,0,0,0,3,0,2,0,0,0,0,0,0,0,0,0,9,0,0,0,5,0,0,0,0,0,0,0,0,0,1,0,6,0,0,0,0,0,0,0,0,0,0,0,0,0,23,0,2,0,18,0,8,0,10,0,3,0,18,0,0,0,68,8,26,0,26,0,11,0,0,0,99,0,14,0,0,0,30,0,5,0,12,0,15,0,0,0,14,0,10,0,19,0,14,0,100,144,262,19,128,19,9,6,1,6,9,0,0,0,0
0,0,0,0,0,0,0,0,0,0,0,19,0,43,0,0,0,0,0,18,0,2,0,0,0,0,37,91,0,0,0,0,0,0,0,0,0,0,0,0,34,98,2,75,67,178,135,161,15,0,0,4,0,0,0,0,0,0,0,0,0,0,0,0,0,4,0,0,0,0,0,0,0,0,0,0,0,0,0,0,0,110,0,30,0,35,0,79,0,14,0,0,0,0,0,0,0,0,0,75,0,22,0,8,0,0,0,0,0,0,0,0,0,0,0,0,0,0,0,0,0,32,0,8,0,0,0,1,0,0,0,0,0,0,0,0,0,0,0,0,0,0,0,56,0,15,0,0,0,0,0,47,0,65,0,0,0,0,0,0,0,4,0,0,0,37,0,0,0,14,0,0,0,3,0,0,0,156,0,17,0,73,0,0,0,31,30,10,0,0,0,2,0,0,0,2,0,5,0,0,0,0,0,1,0,3,0,6,0,0,0,18,0,0,11,0,0,0,34,34,37,11,0,0,14
0,0,0,0,45,2,0,0,0,0,0,0,501,30,7,0,0,0,113,9,26,0,0,0,0,0,257,0,23,0,31,0,15,0,42,0,70,0,6,0,60,14,54,0,45,11,36,32,17,0,0,0,0,0,0,0,13,0,0,0,6,0,0,0,0,0,0,0,4,0,49,0,0,0,37,0,0,0,0,0,70,0,0,0,29,0,54,0,0,0,0,0,0,0,86,0,0,0,0,0,95,0,8,0,0,0,47,0,1,0,0,0,0,0,0,0,0,0,0,0,26,0,0,0,0,0,0,0,0,0,0,0,0,0,0,0,0,0,8,0,0,0,0,0,5,0,0,0,0,0,0,0,0,0,0,0,4,0,0,0,13,0,11,0,81,0,39,0,60,0,26,0,15,0,0,0,8,6,16,0,0,0,6,0,0,0,88,0,0,0,0,0,0,0,0,0,0,0,0,0,0,0,0,0,0,0,0,0,0,0,66,142,179,26,23,0,0,3,0,0,0,0,0,0,0
0,0,0,0,0,30,0,0,0,0,0,0,0,169,0,19,0,0,28,198,0,61,0,0,0,0,0,249,0,22,0,32,0,24,0,82,0,71,0,0,0,0,0,93,0,65,0,23,0,4,0,0,0,4,0,7,0,0,0,13,0,0,0,0,0,0,0,2,0,5,0,24,0,0,0,0,0,0,0,8,0,158,0,0,0,0,0,78,0,0,0,0,0,0,0,0,0,0,0,0,0,0,0,0,0,0,0,0,0,0,0,0,0,0,0,0,0,0,0,0,0,47,0,14,0,0,0,0,0,0,0,0,0,0,0,0,0,0,0,0,0,160,0,138,0,120,0,0,0,0,0,0,0,0,0,0,0,0,0,0,0,0,0,11,0,85,0,23,0,48,0,54,0,25,0,0,1,0,0,0,0,0,0,0,0,0,1,27,0,0,0,0,0,0,0,0,0,0,0,0,0,0,0,0,0,0,0,0,0,0,0,0,0,0,0,0,0,0,62,140,172,0,9,0,0
0,6,24,0,2,0,225,15,200,110,0,0,0,0,0,0,49,0,0,0,24,0,24,0,72,0,21,0,19,0,0,0,10,0,0,0,10,0,38,0,0,0,0,0,0,0,3,0,0,0,0,0,0,18,147,40,133,10,58,28,138,1,108,8,0,0,0,34,0,0,2,0,1,0,0,0,0,0,0,0,0,0,0,0,114,0,0,0,0,0,25,0,0,0,0,0,65,0,203,0,106,0,0,0,0,0,0,0,0,0,0,0,0,0,0,0,0,0,0,0,0,0,32,0,0,0,0,0,72,0,24,0,31,0,24,0,279,0,133,0,162,0,251,0,26,0,0,1,0,0,0,0,0,0,505,0,67,0,206,0,37,0,0,0,3,0,0,0,8,0,109,0,5,0,0,0,0,1,0,0,0,0,75,0,19,2,0,0,0,0,0,0,0,0,0,0,0,0,0,0,20,0,0,0,0,0,0,0,12,0,71,115,124,78,38,0,26,0,0,0,0,0,0,0,0
0,0,0,9,0,18,46,19,69,73,0,0,0,0,0,25,0,49,0,45,0,11,0,8,5,17,0,31,0,19,0,5,0,4,0,0,0,6,0,6,0,0,0,0,0,0,0,10,0,0,0,4,18,0,40,131,5,120,35,42,0,109,3,147,0,0,28,32,0,0,0,0,0,0,0,0,0,0,0,0,0,0,0,0,0,0,0,0,0,0,0,0,0,0,0,0,0,0,0,0,0,0,0,2,0,0,0,13,0,0,0,0,0,0,0,0,0,0,0,0,0,0,0,0,0,0,0,0,0,27,0,11,0,9,0,43,0,41,0,90,0,6,0,42,0,2,0,0,0,0,0,0,0,0,0,63,0,23,0,171,0,3,0,0,0,0,0,0,0,2,0,7,0,0,0,0,3,12,0,0,0,0,0,5,0,0,0,0,0,0,0,0,0,0,0,0,0,0,0,0,0,15,0,0,0,0,0,0,0,3,0,0,0,0,12,0,0,0,20,212,14,25,0,1,0
7,4,39,0,0,0,243,23,19,199,0,0,0,0,0,0,29,2,4,0,0,0,97,0,305,0,0,0,10,0,0,0,0,0,0,0,0,0,0,0,0,0,0,0,4,0,0,0,20,0,0,0,147,40,0,83,84,0,39,20,96,0,41,17,28,0,62,47,1,0,0,0,0,0,0,0,0,0,0,0,0,0,0,0,0,0,0,0,0,0,0,0,0,0,0,0,0,0,0,0,0,0,0,0,0,0,0,0,0,0,0,0,0,0,0,0,0,0,0,0,0,0,0,0,0,2,0,0,63,0,72,0,23,0,84,0,199,0,6,0,0,0,89,0,0,0,0,0,0,0,0,0,0,0,82,1,32,0,21,0,68,0,0,0,0,0,0,0,14,0,216,0,0,0,0,0,0,0,0,0,2,0,1,0,5,6,0,0,0,0,0,0,0,0,0,0,0,0,0,0,30,0,0,0,0,0,0,0,0,0,271,81,279,269,166,0,94,0,0,0,0,0,0,0,0
55,37,0,110,0,58,214,299,307,105,0,0,0,0,0,166,12,38,0,34,0,0,0,32,65,256,0,18,0,41,0,0,0,0,0,0,0,0,0,15,0,0,0,0,0,7,0,0,0,0,0,7,40,131,83,0,9,191,25,46,0,99,46,168,0,25,28,132,0,0,0,0,0,0,0,0,0,0,0,0,0,0,0,0,0,0,0,0,0,0,0,0,0,0,0,0,0,0,0,0,1,0,0,0,0,0,0,0,0,0,0,0,0,0,0,0,0,0,0,0,0,0,0,0,0,33,0,9,0,59,0,114,0,39,0,378,0,292,0,54,0,18,0,68,0,0,0,0,0,9,0,0,0,0,0,103,0,0,0,45,0,30,0,0,0,7,0,0,0,21,0,226,0,57,0,0,19,8,0,1,0,0,0,5,0,1,0,0,0,0,0,0,0,0,0,0,0,0,0,0,0,64,0,0,0,0,0,6,0,62,0,0,0,0,237,0,0,0,391,316,400,487,134,108,0
0,0,0,0,0,0,20,0,4,8,0,0,0,0,0,0,22,0,0,0,0,0,0,0,53,0,0,0,0,0,0,0,0,0,0,0,0,0,0,0,0,0,0,0,0,0,0,0,50,0,13,0,133,5,84,9,0,6,36,26,0,0,19,0,17,16,16,46,3,0,0,0,0,0,0,0,0,0,0,0,0,0,0,0,0,0,0,0,0,0,4,0,6,0,0,0,0,0,0,0,0,0,0,0,0,0,0,0,0,0,0,0,0,0,0,0,0,0,0,0,0,0,0,0,4,0,4,0,49,0,55,0,16,0,21,0,27,0,10,0,0,0,13,0,19,0,0,0,0,0,0,0,0,0,146,8,94,0,94,4,86,8,82,0,4,0,12,0,44,0,248,0,13,0,3,3,0,0,0,0,0,3,0,0,0,1,0,0,0,0,0,0,0,0,0,0,0,0,0,0,0,0,0,0,0,0,0,0,2,0,516,143,953,946,662,0,175,0,1,1,0,0,0,0,0
0,0,0,0,0,0,5,23,43,65,0,0,0,0,0,0,0,68,0,0,0,0,0,11,0,38,0,0,0,9,0,0,0,0,0,0,0,0,0,0,0,0,0,13,0,14,0,0,0,0,0,0,10,120,0,191,6,0,21,250,0,0,0,30,3,0,34,8,0,0,0,0,0,0,0,0,0,3,0,0,0,0,0,0,0,0,0,0,0,0,0,0,0,6,0,0,0,0,0,0,0,2,0,0,0,0,0,0,0,0,0,0,0,0,0,0,0,0,0,0,0,0,0,0,0,30,0,5,0,17,0,36,0,25,0,66,0,41,0,14,0,11,0,0,0,0,0,0,0,3,0,0,0,0,0,223,0,0,0,157,1,57,0,19,0,8,0,0,0,31,0,359,0,9,0,0,0,0,0,0,0,0,0,0,0,1,0,0,0,0,0,0,0,0,0,0,0,0,0,0,0,0,0,0,0,0,0,0,0,0,0,0,0,0,363,0,0,0,420,130,693,678,143,40,0
5,0,0,0,0,0,20,0,69,0,0,0,0,0,0,0,0,0,0,0,0,0,0,0,41,0,0,0,0,0,0,0,0,0,0,0,0,0,0,0,0,0,5,0,0,0,0,0,26,0,0,0,58,35,39,25,36,21,0,128,46,0,0,0,119,52,316,131,2,0,0,0,0,0,0,0,0,0,0,0,0,0,0,0,0,0,0,0,0,0,0,0,0,0,0,0,0,0,0,0,0,0,0,0,0,0,0,0,0,0,0,0,0,0,0,0,0,0,0,0,0,0,0,0,0,0,0,0,1,0,47,1,0,0,0,0,2,0,3,1,0,0,0,0,8,0,0,0,8,0,0,0,0,0,46,16,107,0,4,15,34,10,0,0,0,0,9,0,17,0,112,0,9,0,5,3,3,0,0,0,0,0,1,0,28,8,0,0,0,0,0,0,0,0,0,0,0,0,0,0,0,0,0,0,0,0,0,0,6,0,523,259,531,796,576,0,0,0,2,0,0,0,0,0,0
0,4,0,9,0,0,0,0,67,52,0,3,0,0,0,0,0,3,0,0,0,0,0,0,0,0,0,0,0,1,0,0,0,0,0,0,0,0,0,0,0,0,0,0,0,0,0,0,0,0,0,13,28,42,20,46,26,250,128,0,0,77,0,0,36,63,183,225,0,0,0,0,0,0,0,0,0,0,0,0,0,0,0,0,0,0,0,0,0,0,0,0,0,0,0,0,0,0,0,0,0,0,0,0,0,0,0,0,0,0,0,0,0,0,0,0,0,0,0,0,0,0,0,0,0,28,0,9,0,4,0,77,0,0,0,0,0,0,0,1,0,0,0,0,0,20,0,0,0,18,0,0,0,0,7,66,1,90,2,23,7,58,0,27,0,4,0,4,0,15,0,179,0,21,1,7,4,0,0,0,4,0,0,0,27,17,0,0,0,0,0,0,0,0,0,0,0,0,0,0,0,0,0,0,0,0,0,0,0,12,0,2,0,0,943,0,0,0,1017,576,729,1037,302,31,0
73,0,58,0,0,0,306,0,127,0,0,0,0,0,0,0,0,0,0,0,10,0,0,0,137,0,21,0,0,0,3,0,7,0,0,0,19,0,7,0,0,0,0,0,8,0,0,0,7,0,6,0,138,0,96,0,0,0,46,0,0,0,84,0,0,0,0,0,0,0,3,0,0,0,10,0,0,0,0,0,0,0,0,0,0,0,0,0,0,0,0,0,0,0,0,0,0,0,0,0,0,0,0,0,0,0,0,0,0,0,0,0,0,0,0,0,0,0,0,0,0,0,0,0,0,0,0,0,0,0,0,0,0,0,0,0,28,0,68,0,32,0,28,0,87,0,0,0,0,0,0,0,0,0,63,0,111,0,13,0,0,0,11,0,0,0,0,0,0,0,72,0,41,0,0,0,31,0,0,0,0,0,49,0,11,0,0,0,0,0,0,0,0,0,0,0,0,0,0,0,0,0,0,0,0,0,0,0,0,0,47,190,80,67,12,0,21,0,0,0,0,0,0,0,0
0,133,0,0,0,0,0,256,0,261,0,0,0,0,0,0,0,3,0,0,0,0,0,0,0,74,0,0,0,4,0,0,0,5,0,0,0,19,0,27,0,0,0,5,0,0,0,0,0,0,0,0,1,109,0,99,0,0,0,77,0,0,0,129,0,0,0,13,0,0,0,0,0,0,0,0,0,0,0,0,0,0,0,0,0,0,0,1,0,0,0,0,0,0,0,0,0,0,0,0,0,0,0,0,0,0,0,0,0,0,0,0,0,0,0,0,0,0,0,0,0,0,0,0,0,3,0,0,0,0,0,0,0,1,0,0,0,0,0,133,0,50,0,0,0,216,0,0,0,0,0,0,0,0,0,6,0,218,0,51,0,0,0,0,0,0,0,0,0,2,0,78,0,6,0,0,0,86,0,0,0,0,0,85,0,0,0,0,0,0,0,0,0,0,0,0,0,0,0,0,0,0,0,0,0,0,0,0,0,0,0,0,0,0,0,0,0,0,13,268,85,39,2,0,0
120,51,156,0,1,0,427,60,236,100,0,0,0,0,45,0,233,5,33,0,162,0,159,0,520,17,120,0,57,0,58,0,23,1,20,0,17,0,51,0,0,0,0,0,44,0,28,0,6,0,0,0,108,3,41,46,19,0,0,0,84,0,0,11,0,0,0,3,0,0,4,0,0,0,26,0,0,0,0,0,118,0,0,0,225,0,96,0,0,0,57,0,0,0,0,0,94,0,322,0,165,0,0,0,0,0,136,0,0,0,0,0,0,0,0,0,0,0,0,0,68,0,55,0,0,0,12,0,0,0,0,0,0,0,0,0,167,0,83,0,103,0,261,0,20,0,0,0,0,0,0,0,0,0,148,0,43,0,140,0,26,0,0,0,0,0,0,0,0,0,6,0,14,0,0,0,46,7,0,0,0,0,139,2,16,2,0,0,0,0,0,0,0,0,0,0,0,0,0,0,18,0,0,0,0,0,0,0,0,0,33,208,21,16,12,0,7,0,0,0,0,0,0,0,0
10,63,6,8,0,14,46,247,24,203,0,0,0,0,0,47,2,151,0,57,0,70,0,24,24,100,0,0,0,93,0,10,0,20,0,13,0,14,0,40,0,0,0,0,0,0,0,0,0,0,0,0,8,147,17,168,0,30,0,0,0,129,11,0,0,0,0,15,0,0,0,0,0,0,0,0,0,0,0,0,0,0,0,0,0,0,0,0,0,0,0,0,0,0,0,0,0,0,0,0,0,0,0,0,0,0,0,0,0,0,0,0,0,0,0,0,0,0,0,0,0,0,0,0,0,0,0,0,0,0,0,5,0,0,0,0,0,0,0,71,0,12,0,14,0,26,0,0,0,0,0,0,0,0,0,28,0,31,0,73,0,1,0,0,0,0,0,0,0,0,0,6,1,0,0,0,0,72,0,0,0,0,0,113,0,3,0,0,0,0,0,0,0,0,0,0,0,0,0,0,0,0,0,0,0,0,0,0,0,0,0,0,0,0,13,0,0,0,39,383,25,0,4,4,0
16,0,11,0,0,0,38,0,77,0,7,0,0,0,21,0,0,0,0,0,0,0,5,0,0,0,0,0,0,0,0,0,0,0,0,0,0,0,0,0,3,0,0,0,0,0,0,0,0,0,0,0,0,0,28,0,17,3,119,36,0,0,0,0,0,37,134,26,0,0,0,0,0,0,0,0,0,0,0,0,0,0,0,0,0,0,0,0,0,0,0,0,0,0,0,0,0,0,0,0,0,0,0,0,0,0,0,0,0,0,0,0,0,0,0,0,0,0,0,0,0,0,0,0,12,0,3,0,0,0,32,0,0,0,12,0,0,0,32,21,0,0,0,0,102,0,3,0,58,0,15,0,8,0,4,16,25,0,6,45,124,35,0,0,0,0,0,0,0,0,5,0,0,0,56,11,11,0,0,0,229,44,38,0,166,0,0,0,0,0,0,0,0,0,0,0,6,0,6,0,0,0,0,0,0,0,2,0,11,0,126,26,0,0,160,0,0,0,0,0,0,0,0,0,0
0,27,0,0,0,19,0,0,9,226,0,22,0,9,0,10,0,0,0,0,0,0,0,0,0,0,0,32,0,0,0,0,0,0,0,0,0,0,0,0,0,0,0,0,0,0,0,6,0,4,0,0,0,0,0,25,16,0,52,63,0,0,0,0,37,0,30,233,0,0,0,14,0,0,0,3,0,0,0,0,0,0,0,6,0,0,0,7,0,0,0,1,0,0,0,0,0,1,0,0,0,0,0,0,0,0,0,0,0,0,0,0,0,0,0,0,0,0,0,0,0,0,0,0,0,27,0,14,6,0,0,30,0,0,0,5,0,1,5,49,0,0,0,0,0,105,0,70,11,105,0,63,0,34,2,12,0,2,0,3,9,284,0,0,0,0,0,0,0,0,0,0,0,0,1,56,0,3,0,0,24,112,0,0,12,107,0,0,0,0,0,0,0,0,0,0,0,0,0,0,0,0,0,0,0,0,0,32,0,26,2,0,0,0,67,0,0,0,106,0,0,0,0,0,0
7,0,2,0,0,0,87,0,88,0,0,0,0,0,0,0,0,0,0,0,0,0,0,0,0,0,0,0,0,0,0,0,0,0,0,0,0,0,0,0,0,0,0,0,1,0,0,0,0,0,0,0,0,28,62,28,16,34,316,183,0,0,0,0,134,30,0,78,0,0,0,0,0,0,0,0,0,0,0,0,0,0,0,0,0,0,0,0,0,0,0,0,0,0,0,0,0,0,0,0,0,0,0,0,0,0,0,0,0,0,0,0,0,0,0,0,0,0,0,0,0,0,0,0,0,0,0,0,0,0,44,0,0,0,0,0,0,0,0,1,0,0,0,0,2,1,0,0,27,0,0,0,0,0,11,13,6,0,0,2,54,7,0,0,0,0,0,0,0,0,14,0,0,0,20,0,35,0,0,0,0,0,10,0,262,0,0,0,0,0,0,0,0,0,0,0,0,0,0,0,0,0,0,0,0,0,1,0,0,0,51,65,51,132,65,0,17,1,0,0,0,0,0,0,0
0,3,0,0,0,0,59,0,137,258,0,0,0,0,0,0,0,0,0,0,0,0,0,0,0,0,0,0,0,0,0,0,0,0,0,0,0,0,0,0,0,0,0,0,0,0,0,0,0,0,0,2,34,32,47,132,46,8,131,225,0,13,3,15,26,233,78,0,0,0,0,0,0,0,0,0,0,0,0,0,0,0,0,0,0,0,0,0,0,0,0,0,0,0,0,0,0,0,0,0,0,0,0,0,0,0,0,0,0,0,0,0,0,0,0,0,0,0,0,0,0,0,0,0,0,44,0,15,0,0,0,27,0,0,0,0,0,0,2,1,0,0,0,0,0,3,0,13,0,51,0,9,0,0,0,17,0,11,4,5,5,17,0,0,0,0,0,0,0,0,0,0,0,0,0,17,10,14,0,0,3,14,0,0,19,249,0,0,0,0,0,0,0,0,0,0,0,0,0,0,0,0,0,0,0,0,0,0,0,0,0,0,0,0,117,0,0,0,124,125,69,130,25,0,0
0,0,0,0,0,0,2,0,0,0,0,0,0,0,0,0,0,0,0,0,0,0,0,0,0,0,0,0,0,0,0,0,0,0,0,0,0,0,0,0,0,0,1,0,0,0,0,0,7,0,4,0,0,0,1,0,3,0,2,0,0,0,0,0,0,0,0,0,0,0,0,0,0,0,0,0,98,0,21,0,0,0,56,0,0,0,0,0,38,0,0,0,133,0,9,0,0,0,0,0,3,0,187,0,0,0,31,0,6,0,23,0,4,0,20,0,1,0,0,0,0,0,0,0,0,0,0,0,0,0,0,0,0,0,0,0,0,0,0,0,0,0,0,0,0,0,0,0,0,0,0,0,0,0,0,0,0,0,0,0,0,0,0,0,44,0,0,0,142,0,10,0,3,0,0,0,0,0,0,0,0,0,0,0,0,0,0,0,0,0,0,0,0,0,0,0,0,0,0,0,10,0,0,0,0,0,0,0,0,0,33,8,68,0,0,53,54,0,0,0,0,0,0,0,0
0,1,0,0,0,0,0,0,0,4,0,0,0,0,0,0,0,0,0,0,0,0,0,0,0,0,0,0,0,0,0,0,0,0,0,0,0,0,0,0,0,0,0,0,0,5,0,0,0,0,0,5,0,0,0,0,0,0,0,0,0,0,0,0,0,0,0,0,0,0,0,0,0,2,0,0,0,42,0,0,0,0,0,40,0,0,0,8,0,5,0,0,0,29,0,8,0,0,0,0,0,4,0,101,0,9,0,0,0,45,0,1,0,0,0,0,0,14,0,0,0,0,0,0,0,0,0,0,0,0,0,0,0,0,0,0,0,0,0,0,0,0,0,0,0,0,0,0,0,0,0,0,0,0,0,0,0,0,0,0,0,0,0,0,0,27,0,0,0,45,0,4,0,0,0,0,0,0,0,0,0,1,0,0,0,0,0,0,0,0,0,6,0,0,0,8,0,0,0,2,0,0,0,0,0,0,0,0,0,0,0,0,0,0,0,0,0,0,8,10,65,4,16,6,0
0,0,0,0,0,0,0,0,0,0,0,0,0,0,0,0,0,0,0,0,31,0,0,0,0,0,78,0,10,0,12,0,12,0,19,0,69,0,14,0,0,0,25,0,0,0,0,0,0,0,49,0,2,0,0,0,0,0,0,0,3,0,4,0,0,0,0,0,0,0,0,0,178,0,113,0,0,0,102,0,8,0,0,0,0,0,22,0,0,0,0,0,0,0,7,0,0,0,0,0,0,0,0,0,0,2,0,0,0,0,0,0,0,0,0,0,0,0,0,0,39,0,3,0,44,0,105,0,29,0,0,0,46,0,0,2,14,0,2,0,57,0,22,0,32,0,27,4,19,0,21,0,7,1,1,0,3,0,0,0,0,2,60,0,0,0,68,0,8,0,22,0,33,0,9,0,0,0,0,0,17,0,0,0,3,0,0,0,0,0,0,0,0,0,0,0,0,0,0,0,0,0,0,0,0,0,0,0,100,0,114,3,22,0,5,0,0,0,0,0,0,0,0,0,0
0,0,0,0,0,0,0,0,0,0,0,0,0,0,0,0,0,0,0,0,0,7,0,0,0,0,0,0,0,0,0,0,0,0,0,0,0,0,0,0,0,0,0,21,0,14,0,0,0,0,0,24,0,0,0,0,0,0,0,0,0,0,0,0,0,14,0,0,0,0,0,0,0,125,0,229,0,13,0,5,0,0,0,0,0,0,0,29,0,0,0,0,0,0,0,0,0,0,0,0,0,0,0,0,0,0,0,0,0,0,0,0,0,0,0,0,0,0,0,0,0,4,0,4,0,107,0,102,0,0,0,28,0,24,0,0,0,0,0,10,0,42,0,24,0,80,0,37,0,67,0,0,0,6,0,0,0,3,0,7,0,0,0,40,0,0,0,18,0,5,0,29,0,12,0,4,0,0,0,1,0,0,0,0,0,0,0,0,0,0,0,0,0,0,0,0,0,0,0,9,0,0,0,0,0,0,0,0,0,58,0,0,0,0,0,0,0,0,57,24,46,0,0,1,0
0,0,13,0,0,0,0,0,0,0,0,0,0,0,0,0,0,0,0,0,0,0,0,0,0,0,0,0,0,0,0,0,0,0,8,0,15,0,0,0,0,0,0,0,0,0,0,0,2,0,0,0,1,0,0,0,0,0,0,0,0,0,0,0,0,0,0,0,0,0,178,0,0,0,234,0,50,0,245,0,0,0,25,0,0,0,6,0,0,0,7,0,2,0,0,0,0,0,0,0,0,0,0,0,0,0,0,0,0,0,0,0,0,0,0,0,0,0,0,0,45,0,0,0,38,0,141,0,0,0,0,0,39,0,246,0,0,0,0,0,36,0,57,0,22,0,14,0,6,0,63,0,0,0,0,0,0,0,1,0,0,0,30,0,0,0,15,0,6,0,8,0,0,0,0,0,0,0,0,0,0,0,0,0,1,0,0,0,0,0,0,0,0,0,0,0,0,0,255,0,49,0,262,0,75,0,372,0,343,0,325,4,8,0,27,0,3,0,0,0,0,0,0,0,0
0,0,0,0,0,0,0,0,0,0,0,0,0,0,0,0,0,0,0,0,0,0,0,0,0,0,0,0,0,0,0,0,0,0,0,0,0,0,0,0,0,0,0,0,0,0,0,0,0,0,0,0,0,0,0,0,0,0,0,0,0,0,0,0,0,0,0,0,0,2,0,125,0,0,1,207,0,96,0,48,0,11,0,5,0,21,0,145,0,1,0,0,0,6,0,0,0,0,0,13,0,0,0,3,0,0,0,0,0,0,0,0,0,0,0,0,0,0,0,0,0,58,0,11,0,93,0,0,0,0,0,0,0,0,0,186,0,0,0,0,0,20,0,49,0,17,0,51,0,20,0,0,0,8,0,0,0,0,0,0,0,0,0,70,0,0,0,8,0,4,0,5,0,0,0,3,0,0,0,0,0,0,0,0,0,0,0,0,0,0,0,0,0,0,0,5,0,58,0,228,0,124,0,367,0,0,0,0,0,230,0,0,0,0,20,0,0,0,151,0,11,0,0,0,0
0,0,0,0,0,0,0,0,0,0,0,0,0,0,0,0,12,0,0,0,59,0,0,0,3,0,151,0,28,0,43,0,27,0,31,0,76,0,35,0,0,0,30,0,66,0,0,0,10,0,37,0,0,0,0,0,0,0,0,0,10,0,26,0,0,0,0,0,0,0,113,0,234,1,0,0,17,0,164,0,39,0,27,0,98,0,58,0,0,0,6,0,14,0,22,0,20,0,14,0,12,0,0,0,0,0,0,0,0,0,0,0,0,0,0,0,0,0,0,0,88,0,51,0,35,16,91,0,8,0,0,0,22,1,207,0,70,0,0,1,119,0,234,0,80,0,46,10,35,19,25,0,15,0,0,0,12,0,0,0,0,0,73,0,0,0,45,0,12,0,10,0,24,0,16,0,0,0,0,0,42,7,0,0,19,0,0,0,0,0,0,0,0,0,0,0,0,0,140,0,92,0,134,0,50,0,130,0,180,0,192,0,31,0,13,3,0,0,0,0,0,0,0,0,0
0,0,0,0,0,0,0,0,0,0,0,0,0,0,0,0,0,0,0,0,0,0,0,1,0,0,0,14,0,0,0,0,0,0,0,0,0,0,0,0,0,0,0,25,0,0,0,0,0,0,0,0,0,0,0,0,0,0,0,0,0,0,0,0,0,3,0,0,0,0,0,229,0,207,0,0,0,21,0,16,0,5,0,0,0,12,0,67,0,0,0,0,0,0,0,2,0,0,0,2,0,0,0,0,0,0,0,0,0,0,0,0,0,0,0,0,0,0,0,0,0,161,0,41,0,122,0,157,0,0,4,0,0,0,0,148,0,98,0,6,0,73,0,120,0,173,0,60,0,0,0,70,0,24,0,0,0,0,0,0,0,0,0,73,0,0,0,0,0,3,0,0,0,19,0,0,0,0,0,0,5,47,0,0,0,0,0,0,0,0,0,0,0,0,0,0,0,0,0,84,0,0,0,80,0,0,0,191,0,256,0,0,0,0,8,0,0,0,77,18,22,0,0,0,0
0,0,0,0,0,0,0,0,0,0,0,0,0,0,0,0,0,0,0,0,0,0,0,0,0,0,0,0,0,0,0,0,0,0,0,0,0,0,0,0,0,0,0,0,0,0,2,0,0,0,0,0,0,0,0,0,0,0,0,0,0,0,0,0,0,0,0,0,98,0,0,0,50,0,17,0,0,0,52,0,0,0,121,0,0,0,55,0,0,0,38,0,35,0,24,0,0,0,0,0,2,0,27,0,28,0,44,0,2,0,1,0,1,0,1,0,0,0,0,0,6,0,0,0,0,0,0,0,0,0,0,0,0,0,0,0,0,0,0,0,0,0,0,0,0,0,0,0,0,0,0,0,0,0,0,0,0,0,0,0,0,0,2,0,15,0,0,0,73,0,0,0,0,0,0,0,0,0,0,0,0,0,0,0,0,0,0,0,0,0,0,0,0,0,0,0,0,0,0,0,0,0,0,0,0,0,0,0,0,0,30,0,44,0,0,23,35,0,0,0,0,0,0,0,0
0,0,0,0,0,0,0,0,0,0,0,0,0,0,0,0,0,0,0,0,0,0,0,0,0,0,0,0,0,0,0,0,0,0,0,0,0,0,0,0,0,0,0,0,0,0,0,0,0,0,0,0,0,0,0,0,0,3,0,0,0,0,0,0,0,0,0,0,0,42,0,13,0,96,0,21,0,0,0,23,0,71,0,203,0,0,0,234,0,0,0,0,0,141,0,50,0,0,0,40,0,26,0,181,0,0,0,0,0,35,0,3,0,2,0,0,0,14,0,0,0,21,0,2,0,0,0,0,0,0,0,0,0,0,0,0,0,0,0,0,0,0,0,0,0,0,0,0,0,0,2,0,0,0,0,0,0,0,0,0,0,0,0,0,0,7,0,0,0,67,0,0,0,0,0,0,0,0,0,0,0,0,0,0,0,0,0,0,0,148,0,0,0,0,0,81,0,0,0,0,0,0,0,0,0,0,0,0,0,0,0,0,0,0,21,0,0,0,30,12,66,0,29,0,0
0,0,0,0,0,0,0,0,0,0,0,0,0,0,0,0,0,0,0,0,0,0,0,0,0,0,0,0,0,0,0,0,0,0,0,0,0,0,0,0,1,0,0,0,0,0,0,0,2,0,0,0,0,0,0,0,0,0,0,0,0,0,0,0,0,0,0,0,21,0,102,0,245,0,164,0,52,0,0,0,18,0,84,0,29,0,98,0,3,0,36,1,33,0,19,0,0,0,11,0,0,0,33,0,0,0,0,0,5,0,0,0,0,0,0,0,4,0,0,0,63,0,13,0,0,0,0,0,0,0,0,0,0,0,0,0,0,0,0,0,22,0,0,0,13,0,0,0,0,0,0,0,0,0,0,0,0,0,0,0,0,0,8,0,12,0,0,0,64,0,0,0,0,0,0,0,0,0,0,0,0,0,0,0,0,0,0,0,0,0,0,0,217,0,30,0,35,0,253,0,125,0,273,0,161,0,0,0,178,0,215,4,56,0,26,8,37,0,0,0,0,0,0,0,0
