0,329,65,217,37,0,34,333,72,71,105,0,38,0,13,53,61,122,0,0,14,0,29,117,0,231,13,0,66,0,25,0,150,0,0,0,54,0,172,0,12,0,0,0,0,0,17,0,7,0,3,0,0,0,0,6,0,0,2,0,0,7,1,32,27,0,9,0,0,0,0,0,0,0,0,0,0,0,0,0,0,0,0,0,0,0,0,0,0,0,0,0,0,0,0,0,0,0,0,0,0,0,0,0,0,0,0,0,0,0,0,0,0,0,0,0,0,0,0,0,0,0,0,0,0,0,0,0,0,0,8,0,0,0,20,0,0,0,0,0,0,0,0,0,0,0,43,0,73,0,56,0,24,0,0,0,0,0,0,0,5,0,2,0,3,0,0,0,4,0,8,0,155,0,0,0,512,176,10,0,16,0,148,11,11,0,0,0,0,0,0,0,0,0,0,0,0,0,0,0,0,0,0,0,0,0,0,0,27,0,541,256,359,210,172,0,0,0,4,0,0,0,0,0,0
329,0,323,45,61,143,131,63,34,35,0,101,0,71,43,22,133,64,0,124,29,11,517,50,73,2,0,60,0,14,5,0,0,62,1,31,0,230,0,370,0,50,0,3,0,0,0,94,0,16,0,12,0,29,0,7,0,0,0,0,0,217,0,50,0,33,0,0,0,0,0,0,0,1,0,0,0,0,0,0,0,7,0,0,0,0,0,0,0,0,0,0,0,0,0,0,0,0,0,0,0,0,0,0,0,6,0,0,0,0,0,0,0,0,0,0,0,0,0,0,0,0,0,0,0,0,0,13,0,0,0,15,0,0,0,79,0,31,0,0,0,0,0,0,0,0,0,0,0,49,0,58,0,127,1,19,0,13,0,1,0,0,0,0,0,1,0,10,0,5,0,11,0,192,0,70,211,504,0,11,0,117,13,19,0,92,0,0,0,0,0,0,0,0,0,0,0,0,0,27,0,12,0,0,0,5,0,8,0,36,0,0,0,0,482,0,0,0,923,161,332,162,0,2,0
65,323,0,201,227,0,33,0,5,0,61,44,122,0,306,80,25,61,63,0,52,0,549,124,51,138,92,0,233,0,146,0,397,0,0,0,60,0,350,0,78,0,1,0,0,0,81,0,13,0,0,0,3,0,65,0,9,0,13,0,0,0,0,15,8,0,0,1,0,0,0,0,0,0,0,0,0,0,0,0,0,0,0,0,0,0,0,0,0,0,0,0,0,0,0,0,0,0,0,0,0,0,0,0,79,0,0,0,0,0,0,0,0,0,0,0,0,0,0,0,0,0,0,0,25,0,41,0,0,0,27,0,19,0,333,0,43,0,0,0,0,0,89,0,0,0,103,0,46,0,85,0,0,0,0,0,0,0,0,0,16,0,0,0,5,0,54,0,11,0,20,0,429,0,0,0,95,119,0,0,12,0,0,18,0,0,0,0,0,0,0,0,0,0,0,0,2,0,41,0,119,0,0,0,0,0,0,0,136,0,688,116,567,260,323,0,0,0,5,0,0,1,0,0,0
217,45,201,0,125,183,0,105,0,0,0,0,0,0,82,244,72,38,0,136,46,25,418,256,0,139,0,35,0,104,4,12,0,179,0,0,0,190,0,556,0,0,0,0,0,0,0,0,0,9,0,0,0,5,0,116,0,0,0,1,0,78,0,14,0,6,0,0,0,0,0,0,0,0,0,0,0,0,0,0,0,0,0,0,0,0,0,0,0,0,0,0,0,0,0,0,2,0,0,0,0,0,0,0,0,0,0,0,0,0,0,0,0,0,0,0,0,0,0,0,0,26,0,0,0,0,0,0,0,0,0,0,0,5,0,228,0,64,0,0,0,0,0,0,0,0,0,0,0,0,0,24,0,0,0,0,0,0,0,0,3,0,0,0,0,5,0,48,0,14,1,10,0,166,0,0,97,76,0,0,0,0,0,0,1,0,0,0,0,0,0,0,0,0,0,0,0,0,0,27,0,0,0,0,0,0,0,0,0,0,0,0,0,0,268,0,0,0,392,48,403,81,0,0,0
37,61,227,125,0,507,3,0,3,0,62,323,466,61,265,360,8,0,80,116,91,88,75,119,0,0,206,0,0,0,208,14,343,0,84,0,322,0,0,0,204,0,0,0,0,0,155,0,2,0,0,0,0,0,0,0,0,0,0,0,0,0,0,0,4,0,0,0,0,0,0,0,0,0,0,0,0,0,0,0,0,0,0,0,0,0,0,0,0,0,0,0,0,0,0,0,0,0,0,0,0,0,0,0,0,0,0,0,0,0,0,0,0,0,0,0,0,0,0,0,0,0,0,0,0,0,0,0,0,0,0,0,0,0,21,0,3,0,0,0,0,0,0,0,0,0,20,0,15,0,29,0,0,0,0,0,0,0,0,0,0,0,1,0,7,0,233,0,31,0,6,0,279,0,0,0,387,217,19,11,40,0,25,0,17,0,0,0,0,0,0,0,0,0,0,0,0,0,0,0,12,0,0,0,2,0,0,0,7,0,832,307,825,181,312,0,1,0,0,0,0,0,0,0,0
0,143,0,183,507,0,0,18,0,7,245,171,503,201,731,125,0,8,237,206,233,44,116,103,0,13,109,127,0,0,12,89,0,281,0,192,0,358,0,35,0,96,30,0,0,0,0,155,0,5,0,0,0,13,0,0,0,0,0,0,0,30,0,0,0,10,0,0,0,0,0,0,0,0,0,0,0,0,0,0,0,0,0,0,0,0,0,5,0,0,0,0,0,0,0,0,0,0,0,0,0,0,0,0,0,0,0,0,0,0,0,0,0,0,0,0,0,0,0,0,0,0,0,0,0,0,0,0,0,0,0,0,0,0,0,39,0,0,0,7,0,0,0,0,0,0,0,0,0,0,0,0,0,0,0,4,0,12,0,0,0,0,0,0,0,6,0,217,0,28,0,10,2,94,0,0,202,248,28,5,0,32,1,3,0,0,0,0,0,1,0,0,0,0,0,1,0,0,0,6,0,20,0,0,0,4,0,10,0,16,0,0,0,0,311,0,0,0,673,243,871,97,5,0,0
34,131,33,0,3,0,0,0,89,406,4,0,6,0,5,0,0,62,0,0,0,0,0,0,280,292,0,0,52,0,0,0,0,0,0,0,0,0,183,0,0,0,0,0,0,0,0,0,7,0,0,0,7,60,291,167,24,0,20,53,210,0,48,168,1,0,0,35,0,0,0,0,0,0,0,0,0,0,0,0,0,0,0,0,0,0,0,0,0,0,0,0,0,0,0,0,0,0,0,0,0,0,0,0,0,0,0,0,0,0,0,0,0,0,0,0,0,0,0,0,0,0,0,0,18,0,14,0,0,0,33,0,12,0,21,0,0,0,3,0,0,0,0,0,0,0,20,0,10,0,29,0,0,0,0,2,0,0,1,0,22,0,0,0,0,0,0,0,5,0,57,3,272,0,0,0,110,98,0,0,0,0,3,21,2,0,0,0,0,0,0,0,0,0,0,0,0,0,6,0,7,0,0,0,0,0,3,0,30,0,723,171,500,126,277,0,0,0,0,0,0,0,0,0,0
333,63,0,105,0,18,0,0,116,59,0,12,0,4,0,11,104,12,0,16,0,0,169,18,0,358,0,0,0,107,0,0,0,0,0,0,1,90,13,647,0,0,0,0,0,0,0,0,0,0,0,0,0,25,0,310,0,38,0,9,0,413,27,147,0,14,0,1,0,0,0,0,0,2,0,0,0,0,0,0,0,0,0,0,0,0,0,0,0,0,0,0,0,0,0,0,0,0,0,0,0,0,0,0,0,0,0,202,0,0,0,0,0,0,0,0,0,0,0,0,0,0,0,0,0,38,0,52,0,5,0,77,0,18,0,334,0,117,0,39,0,22,0,14,0,0,0,0,0,10,0,60,0,10,0,0,0,4,0,0,0,7,0,0,0,3,0,0,0,11,0,46,0,265,0,0,107,83,0,0,0,0,0,6,0,0,0,0,0,0,0,0,0,0,0,0,0,7,0,53,0,143,0,0,0,0,0,34,0,155,0,0,0,0,604,0,0,0,658,140,510,309,47,14,0
72,34,5,0,3,0,89,116,0,542,10,0,8,0,0,0,3,39,0,0,0,0,0,0,5,207,0,0,0,0,0,0,0,0,0,0,0,0,6,0,0,0,0,0,0,0,0,0,0,0,0,0,13,123,57,448,18,0,67,241,70,0,30,149,119,4,106,76,0,0,0,0,0,0,0,0,1,0,0,0,0,0,0,0,0,0,0,0,0,0,0,0,0,0,0,0,0,0,0,0,1,0,0,0,4,0,0,0,0,0,0,0,0,0,0,0,0,0,0,0,0,0,0,0,24,0,0,0,1,0,29,0,0,0,16,0,0,0,0,0,0,0,0,0,0,0,38,0,101,0,37,0,9,0,2,5,0,2,0,0,53,0,0,0,0,0,0,0,2,0,20,0,27,3,0,0,715,111,1,0,0,0,20,12,94,0,0,0,0,0,0,0,0,0,0,0,0,0,2,0,0,0,0,0,0,0,0,0,20,0,179,102,122,0,66,0,0,0,0,0,0,0,1,0,0
71,35,0,0,0,7,406,59,542,0,0,15,0,9,0,0,100,10,0,16,0,0,36,5,144,41,0,0,0,0,0,0,0,0,0,0,0,0,0,0,0,0,0,0,0,0,0,5,0,0,0,2,128,89,184,110,0,15,0,117,12,280,145,178,0,306,0,187,0,0,0,0,0,0,0,0,0,0,0,0,0,0,0,0,0,1,0,0,0,0,0,0,0,0,0,0,0,0,0,0,0,0,0,0,0,10,0,62,0,0,0,0,0,0,0,0,0,0,0,0,0,0,0,0,0,43,0,59,0,0,0,59,0,4,0,111,0,61,0,0,0,4,0,2,0,6,0,57,0,62,0,91,0,63,0,21,0,29,0,4,0,33,0,1,0,1,0,0,0,0,0,53,0,66,0,8,169,501,0,0,0,10,0,4,0,81,0,2,0,0,0,0,0,2,0,0,0,4,0,23,0,0,0,0,0,0,0,41,0,132,0,0,0,0,382,0,0,0,489,199,297,210,29,14,1
105,0,61,0,62,245,4,0,10,0,0,119,298,0,18,231,23,0,17,0,67,25,13,74,0,5,29,0,0,0,79,0,183,0,0,0,78,0,0,0,98,0,0,0,2,0,76,0,12,0,5,0,0,0,0,0,0,0,0,0,0,0,0,0,11,0,0,0,0,0,0,0,0,0,2,0,0,0,0,0,0,0,0,0,0,0,0,0,0,0,0,0,0,0,0,0,0,0,0,0,0,0,0,0,0,0,0,0,0,0,0,0,0,0,0,0,0,0,0,0,0,0,0,0,7,0,10,0,0,0,0,0,0,0,12,0,0,0,0,0,0,0,0,0,0,0,0,0,19,0,40,0,25,0,0,0,0,0,0,0,0,0,1,0,0,0,10,0,4,0,0,0,64,0,0,0,404,78,70,0,0,0,29,0,0,0,9,0,0,0,0,0,0,0,0,0,0,0,0,0,0,0,0,0,0,0,0,0,10,0,455,256,299,65,115,0,0,0,0,0,0,0,0,0,0
0,101,44,0,323,171,0,12,0,15,119,0,88,324,548,3,0,13,34,35,107,37,83,30,0,0,0,40,0,0,0,18,0,126,0,35,0,115,0,39,0,158,0,4,0,2,0,137,0,39,0,10,0,4,0,2,0,0,0,0,0,8,0,0,0,7,0,0,0,0,0,1,0,0,0,0,0,0,0,0,0,0,0,1,0,0,0,0,0,0,0,0,0,0,0,0,0,0,0,0,0,0,0,0,0,0,0,40,0,0,0,0,0,0,0,0,0,0,0,0,0,0,0,0,0,0,0,6,0,0,0,0,0,0,0,49,0,33,0,0,0,0,0,0,0,0,0,0,0,13,0,35,0,38,0,0,0,0,0,0,0,0,0,0,0,0,0,27,0,6,0,7,0,27,0,31,149,411,9,24,0,86,0,16,0,29,0,34,0,0,0,0,0,0,0,0,0,0,0,26,0,0,0,0,0,6,0,15,0,0,0,0,0,0,99,0,0,0,372,114,237,0,0,0,0
38,0,122,0,466,503,6,0,8,0,298,88,0,668,129,91,0,0,65,625,50,177,0,10,0,0,98,378,0,0,0,0,0,0,97,34,107,0,0,0,367,0,108,0,6,5,144,107,11,0,202,0,0,0,0,0,0,0,0,0,0,0,0,0,4,0,0,0,0,0,0,0,0,0,0,0,0,0,0,0,0,0,0,0,0,0,0,0,0,0,0,0,0,0,0,0,0,0,0,0,0,0,0,0,0,0,0,0,0,0,0,0,0,0,0,0,0,0,0,0,0,0,0,0,0,0,0,0,0,0,0,0,0,0,0,0,0,0,0,0,5,0,0,0,0,0,14,0,0,0,0,0,0,0,0,0,0,0,0,0,0,0,0,0,31,0,66,0,65,0,0,0,36,0,0,0,623,259,154,14,79,0,25,0,0,0,185,18,0,0,0,0,3,0,0,0,0,0,0,0,0,0,0,0,0,0,0,0,14,0,80,216,480,30,0,0,0,0,0,0,78,0,0,0,0
0,71,0,0,61,201,0,4,0,9,0,324,668,0,60,10,0,0,334,74,64,16,1,0,0,0,465,49,0,0,0,8,0,8,0,56,0,62,0,0,200,330,169,34,111,5,239,192,0,9,0,134,0,2,0,0,0,0,0,0,0,0,0,0,0,0,0,0,0,0,0,0,0,0,0,0,0,1,0,0,0,0,0,2,0,0,0,0,0,0,0,0,0,0,0,0,0,0,0,0,0,0,0,0,0,0,0,0,0,0,0,0,0,0,0,0,0,0,0,0,0,0,0,0,0,0,0,0,0,0,0,4,0,0,0,16,0,6,0,0,0,0,0,0,0,0,0,0,0,0,0,9,0,0,0,0,0,0,0,0,0,0,0,0,0,0,0,17,0,9,0,7,0,8,0,0,55,448,0,42,0,48,0,0,0,0,55,22,0,0,0,2,0,0,0,0,0,0,0,6,0,4,0,2,0,0,0,3,0,7,0,0,0,1,35,0,0,0,91,191,393,0,0,0,3
13,43,306,82,265,731,5,0,0,0,18,548,129,60,0,519,11,9,329,168,143,148,266,156,34,0,95,13,0,0,162,27,91,76,137,0,155,25,0,0,14,0,0,0,14,0,51,4,1,0,10,0,6,0,16,0,0,0,0,0,0,0,5,0,0,0,0,0,0,0,0,0,0,0,0,0,0,0,0,0,0,0,0,0,52,0,0,0,0,0,0,0,0,0,0,0,0,0,0,0,0,0,0,0,0,0,0,0,0,0,0,0,0,0,0,0,0,0,0,0,0,0,0,0,0,0,12,0,0,0,2,0,0,0,92,0,0,0,0,0,0,0,0,0,0,0,30,0,25,0,54,0,23,0,0,0,0,0,0,0,0,0,0,0,0,0,68,0,9,1,0,0,46,0,0,0,64,115,5,14,24,0,37,0,12,0,0,0,0,0,0,0,0,0,0,0,0,0,15,0,71,0,0,0,0,0,6,0,58,0,129,185,168,0,36,0,0,0,34,13,24,0,0,0,0
53,22,80,244,360,125,0,11,0,0,231,3,91,10,519,0,21,40,22,554,127,139,227,183,0,108,0,96,0,4,8,79,9,240,0,42,0,259,0,20,0,0,0,0,0,11,0,28,1,15,0,13,0,3,0,49,0,0,0,0,0,0,0,8,0,0,0,0,0,0,0,0,0,0,0,0,0,0,0,0,0,56,0,0,0,84,0,0,0,0,0,16,0,0,0,42,0,36,0,50,0,52,0,0,0,0,0,137,0,0,0,0,0,0,0,0,0,0,0,0,0,0,0,0,0,0,0,0,0,0,0,0,0,0,0,63,0,0,0,0,0,0,0,54,0,0,0,0,0,2,0,3,0,0,0,0,0,0,0,0,0,0,0,0,0,0,0,50,1,0,0,0,3,10,0,0,55,16,13,34,0,0,0,1,0,0,0,0,0,0,0,0,0,0,0,0,0,0,0,0,0,34,0,0,0,0,0,0,0,0,0,0,0,0,30,0,0,0,153,115,75,10,0,0,0
61,133,25,72,8,0,0,104,3,100,23,0,0,0,11,21,0,46,56,2,315,2,67,37,52,155,30,0,418,0,119,0,182,0,44,0,18,0,180,0,0,0,0,0,0,0,0,0,0,0,15,0,134,8,40,4,7,0,0,0,18,3,365,50,0,0,0,1,0,0,134,0,0,0,136,0,0,0,0,0,335,4,0,0,936,0,238,0,0,0,365,0,0,0,217,0,1158,0,747,2,63,0,0,0,188,0,303,0,0,0,0,0,0,0,0,0,0,0,0,0,116,0,113,0,0,0,0,0,24,0,0,0,0,0,28,0,40,0,33,0,80,0,207,0,29,0,0,0,0,0,0,0,0,0,31,0,0,0,33,0,3,0,0,0,0,0,3,0,0,0,3,0,79,3,0,0,7,10,0,0,0,0,58,10,0,0,0,0,0,0,0,0,0,0,0,0,0,0,0,0,162,0,0,0,0,0,0,0,0,0,27,179,47,17,15,0,2,0,0,0,0,0,1,0,0
122,64,61,38,0,8,62,12,39,10,0,13,0,0,9,40,46,0,0,79,8,122,104,152,34,84,0,0,2,126,0,40,0,88,0,42,0,22,0,172,0,0,0,47,0,0,0,0,0,0,0,14,0,89,0,3,0,6,1,0,0,29,10,458,0,0,0,0,0,0,0,0,0,0,0,0,0,0,0,0,0,329,0,0,0,499,0,87,0,78,0,44,0,0,0,96,0,0,0,316,0,154,0,0,0,0,0,0,0,0,0,0,0,0,0,0,0,0,0,0,0,103,0,16,0,0,0,0,0,39,0,0,0,0,0,89,0,133,0,191,0,263,0,776,0,22,0,0,0,0,0,0,0,0,0,15,0,0,1,52,0,0,0,0,0,0,0,0,0,0,0,0,1,22,0,0,15,0,0,4,0,0,6,33,1,2,0,0,0,0,0,0,0,0,0,0,0,0,0,0,0,0,0,0,0,0,0,0,0,57,0,0,0,0,0,0,0,0,34,97,20,14,0,0,0
0,0,63,0,80,237,0,0,0,0,17,34,65,334,329,22,56,0,0,295,255,83,395,0,61,0,308,195,0,0,16,2,4,0,104,11,131,11,0,0,15,0,101,0,74,0,132,56,0,0,195,0,8,0,0,0,0,0,0,0,0,0,0,0,0,0,0,0,0,0,0,0,0,0,0,0,0,0,0,0,0,0,11,0,0,0,0,0,0,0,49,0,0,0,0,0,0,0,0,0,0,0,0,0,0,0,0,0,0,0,0,0,0,0,0,0,0,0,0,0,0,0,0,0,0,0,0,0,0,0,0,0,0,0,0,0,0,0,0,0,0,0,0,0,0,0,0,0,0,0,0,0,6,0,0,0,0,0,0,0,0,0,0,0,20,0,38,0,21,0,0,0,23,0,0,0,20,54,22,8,0,0,13,0,0,0,7,0,0,0,0,0,0,0,1,0,0,0,0,0,59,0,0,0,0,0,0,0,23,0,96,279,257,27,0,0,0,0,0,0,0,0,0,0,0
0,124,0,136,116,206,0,16,0,16,0,35,625,74,168,554,2,79,295,0,146,351,0,396,0,47,193,605,0,0,0,26,0,11,0,195,0,82,0,0,114,24,76,59,0,50,85,287,2,21,21,208,0,0,0,8,0,0,0,0,0,0,0,0,0,0,0,0,0,0,0,0,0,0,0,0,0,0,0,0,0,0,0,0,0,0,0,0,0,0,0,0,0,0,0,0,0,0,0,0,0,0,0,0,0,0,0,0,0,0,0,0,0,0,0,0,0,0,0,0,0,0,0,0,0,0,0,0,0,0,0,0,0,0,0,48,0,11,1,10,0,0,0,0,0,0,0,9,0,0,0,16,0,22,0,0,0,0,0,0,0,1,0,0,0,6,0,42,0,24,0,7,0,6,0,0,32,58,0,9,0,39,0,0,0,33,13,13,0,0,0,0,0,0,0,1,0,0,0,7,0,0,0,0,0,3,0,0,0,9,0,0,0,0,24,0,0,0,85,151,193,0,0,0,0
14,29,52,46,91,233,0,0,0,0,67,107,50,64,143,127,315,8,255,146,0,98,372,54,29,0,265,25,12,0,328,13,105,14,227,7,56,10,0,0,0,0,38,0,77,0,8,0,0,0,53,0,28,0,0,0,0,0,0,0,0,0,108,0,0,0,0,0,0,0,211,0,29,0,107,0,0,0,0,0,167,0,0,0,176,0,132,0,0,0,146,0,0,0,0,0,378,0,389,0,0,0,0,0,71,0,0,0,0,0,0,0,0,0,0,0,0,0,0,0,54,0,0,0,0,0,0,0,0,0,0,0,0,0,0,0,7,0,0,0,0,0,0,0,48,0,0,0,0,0,0,0,0,0,0,0,0,0,0,0,0,0,0,0,0,0,62,0,22,0,3,0,37,0,0,0,9,7,28,6,0,0,8,0,6,0,6,2,1,0,0,0,0,0,0,0,0,0,0,0,0,0,0,0,0,0,0,0,0,0,195,414,217,44,40,0,0,0,0,0,12,0,0,0,0
0,11,0,25,88,44,0,0,0,0,25,37,177,16,148,139,2,122,83,351,98,0,7,427,1,9,57,217,0,25,0,97,0,55,7,244,0,69,0,13,0,0,19,166,0,21,12,16,0,45,0,84,0,22,0,0,0,1,0,0,0,22,0,98,0,0,0,0,0,0,0,10,0,0,0,0,0,0,0,0,0,0,0,0,0,0,0,0,0,0,0,0,0,0,0,0,0,0,0,79,0,0,0,0,0,0,0,0,0,0,0,0,0,0,0,0,0,0,0,0,0,0,0,19,0,0,0,0,0,0,0,0,0,0,0,0,0,0,0,0,0,81,0,142,0,56,0,0,0,0,0,0,0,0,0,0,0,4,0,0,0,0,0,0,0,0,0,21,0,0,0,2,0,16,0,0,0,62,0,49,0,0,0,3,0,0,3,35,0,0,0,0,0,0,0,0,0,0,0,0,0,0,0,0,0,0,0,0,0,0,0,0,0,0,44,0,0,0,107,163,75,0,0,0,0
29,517,549,418,75,116,0,169,0,36,13,83,0,1,266,227,67,104,395,0,372,7,0,309,154,151,75,0,132,2,110,0,88,0,43,0,29,0,113,0,0,0,0,0,33,0,11,0,0,4,0,0,23,0,77,0,0,0,0,0,2,12,25,11,0,0,0,0,0,0,0,0,2,0,0,0,0,0,0,0,0,0,0,0,262,0,0,0,0,0,0,0,0,0,0,0,0,0,0,0,0,0,0,0,246,0,211,0,0,0,0,0,0,0,0,0,0,0,0,0,0,0,13,0,0,0,0,0,0,1,0,0,0,1,128,0,48,0,0,0,33,0,93,0,0,0,26,0,0,0,0,0,0,0,0,0,0,0,0,0,0,0,0,0,0,0,0,0,0,0,4,0,110,0,0,0,52,116,0,0,3,0,7,10,3,0,0,0,0,0,0,0,0,0,0,0,0,0,0,0,234,0,0,0,0,0,0,0,71,0,89,320,162,45,32,0,0,0,0,0,0,0,0,0,0
117,50,124,256,119,103,0,18,0,5,74,30,10,0,156,183,37,152,0,396,54,427,309,0,15,76,0,136,2,57,8,53,10,65,2,68,2,20,0,28,0,0,0,89,0,28,0,0,0,25,0,0,0,27,0,11,0,8,0,0,0,14,0,148,0,0,0,0,0,0,0,0,0,0,0,4,0,0,0,0,0,161,0,0,0,165,0,71,0,61,0,26,0,0,0,83,0,53,0,172,0,91,0,0,0,0,0,99,0,0,0,0,0,0,0,0,0,0,0,0,0,29,0,10,0,0,0,0,0,3,0,0,0,0,0,56,0,32,0,36,0,55,0,195,0,20,0,0,0,0,0,0,0,0,0,0,0,0,0,0,0,0,0,0,0,0,0,18,0,24,0,1,0,12,0,0,24,17,3,63,0,0,8,15,0,0,0,0,0,0,0,0,0,0,0,0,0,0,0,0,0,0,0,0,0,0,0,0,1,0,0,0,0,0,23,0,0,0,92,135,21,13,0,0,0
0,73,51,0,0,0,280,0,5,144,0,0,0,0,34,0,52,34,61,0,29,1,154,15,0,133,0,0,197,0,0,0,0,0,0,0,12,0,239,0,0,0,0,0,0,0,0,0,12,0,2,0,21,0,164,20,7,0,18,0,162,0,102,74,0,0,0,0,0,0,0,0,0,0,0,0,0,0,0,0,0,0,0,0,105,0,0,0,0,0,0,0,0,0,0,0,0,0,0,0,0,0,13,0,177,0,123,0,0,0,0,0,0,0,0,0,0,0,0,0,0,0,0,0,4,0,16,0,50,0,13,0,54,0,323,0,123,0,0,0,40,0,250,0,0,0,20,0,0,0,30,0,1,0,0,0,0,0,5,0,19,0,0,0,3,0,1,0,0,0,43,0,224,1,0,0,0,19,0,0,0,0,2,13,0,0,0,0,0,0,0,0,0,0,0,0,0,0,38,0,227,0,0,0,0,0,0,0,147,0,387,45,299,0,265,0,0,0,0,0,0,0,0,0,0
231,2,138,139,0,13,292,358,207,41,5,0,0,0,0,108,155,84,0,47,0,9,151,76,133,0,0,0,3,30,0,4,0,0,0,0,0,12,14,91,0,0,0,0,0,0,0,0,0,2,0,0,0,48,21,149,0,85,0,0,5,66,37,84,0,0,0,1,0,0,0,0,0,0,0,0,0,0,0,0,0,75,0,0,0,209,0,0,0,0,0,36,0,0,0,0,0,0,0,134,0,82,0,0,0,0,0,226,0,0,0,0,0,0,0,0,0,0,0,0,0,0,0,0,0,0,0,5,0,32,0,7,0,0,0,353,0,65,6,118,0,138,0,272,4,3,0,0,0,0,0,0,0,0,0,16,0,0,0,7,0,0,0,0,0,0,0,0,0,0,0,2,5,34,0,0,58,20,0,0,0,0,14,8,0,0,0,0,0,0,0,0,0,0,0,0,0,0,0,0,0,132,0,0,0,0,0,3,0,0,0,0,13,0,39,0,0,0,56,115,73,27,2,1,0
13,0,92,0,206,109,0,0,0,0,29,0,98,465,95,0,30,0,308,193,265,57,75,0,0,0,0,368,0,0,74,0,6,0,53,16,139,0,1,0,51,44,269,16,239,18,205,194,17,6,210,0,0,0,0,0,0,0,0,0,1,0,0,0,0,0,0,0,0,0,0,0,0,0,0,0,0,0,0,0,0,0,47,0,0,0,0,0,0,0,0,0,33,0,0,0,0,0,0,0,0,0,6,0,0,0,0,0,0,0,0,0,0,0,0,0,0,0,0,0,0,0,0,0,3,0,0,0,0,0,0,0,0,0,13,0,0,0,0,0,0,0,0,0,0,0,0,0,7,0,0,0,0,0,0,1,0,0,0,0,0,0,0,0,145,0,6,1,70,0,0,0,0,0,0,0,37,44,7,0,0,0,7,0,0,0,39,14,0,0,6,0,0,0,0,0,0,0,0,0,0,0,0,0,0,0,0,0,0,0,35,642,525,17,0,0,0,24,0,0,17,0,0,0,0
0,60,0,35,0,127,0,0,0,0,0,40,378,49,13,96,0,0,195,605,25,217,0,136,0,0,368,0,0,9,0,14,0,6,6,66,0,41,0,0,393,46,143,163,159,170,517,231,22,73,23,253,0,0,0,7,0,0,0,0,0,0,0,39,0,0,0,0,0,18,0,0,0,0,0,0,0,0,0,0,0,77,0,28,0,0,0,0,0,0,0,0,0,5,0,36,0,0,0,0,0,0,0,6,0,4,0,0,0,0,0,0,0,0,0,0,0,0,0,0,0,0,0,0,0,0,0,0,0,0,0,0,0,0,0,0,0,0,0,0,0,32,0,0,0,0,0,0,0,0,0,0,0,0,0,0,0,0,0,0,0,0,0,0,0,34,0,23,0,54,0,0,0,8,0,0,10,99,0,0,0,13,0,0,0,0,52,30,0,21,0,0,0,2,0,10,0,0,0,6,0,9,0,13,0,10,0,0,0,3,0,0,0,0,0,0,0,0,43,448,661,24,1,0,6
66,0,233,0,0,0,52,0,0,0,0,0,0,0,0,0,418,2,0,0,12,0,132,2,197,3,0,0,0,0,15,0,29,0,8,0,55,0,1,0,0,0,4,0,0,0,0,0,0,0,0,0,10,0,0,0,0,0,1,0,8,0,20,0,0,0,0,0,0,0,37,0,0,0,41,0,0,0,9,0,44,0,0,0,0,0,50,0,0,0,0,0,0,0,41,0,30,0,103,0,5,0,0,0,0,0,0,0,0,0,0,0,0,0,0,0,0,0,0,0,19,0,9,0,0,0,0,0,0,0,0,0,0,0,0,0,0,0,57,0,0,0,7,0,40,0,0,0,0,0,0,0,0,0,10,0,0,0,0,0,0,0,2,0,0,0,0,0,0,0,0,0,2,0,0,0,12,0,0,0,0,0,23,0,0,0,0,0,0,0,0,0,0,0,0,0,0,0,0,0,0,0,0,0,0,0,0,0,0,0,0,33,0,0,0,0,0,0,0,0,0,0,0,0,0
0,14,0,104,0,0,0,107,0,0,0,0,0,0,0,4,0,126,0,0,0,25,2,57,0,30,0,9,0,0,0,17,0,114,0,21,0,10,0,80,0,0,0,17,0,3,0,0,0,0,0,6,0,25,0,9,0,0,0,3,0,31,0,112,0,0,0,0,0,0,0,3,0,0,0,11,0,0,0,0,0,93,0,0,0,70,0,26,0,0,0,4,0,0,0,0,0,0,0,50,0,0,0,0,0,0,0,0,0,0,0,0,0,0,0,0,0,0,0,0,0,0,0,0,0,0,0,0,0,6,0,0,0,13,0,13,0,72,0,244,0,354,0,360,0,98,0,0,0,0,0,0,0,0,0,8,0,0,0,0,0,0,0,0,0,0,0,0,0,0,0,0,0,4,0,0,0,0,0,0,0,0,0,2,0,1,0,0,0,0,0,0,0,0,0,0,0,0,0,0,0,0,0,0,0,0,0,0,0,0,0,0,0,0,5,0,0,0,0,5,0,0,0,0,0
25,5,146,4,208,12,0,0,0,0,79,0,0,0,162,8,119,0,16,0,328,0,110,8,0,0,74,0,15,0,0,0,3,0,122,0,17,0,0,0,0,0,57,0,15,0,0,0,0,0,17,0,5,0,0,0,0,0,2,0,0,0,26,0,0,0,0,0,0,0,76,0,10,0,43,0,0,0,0,0,67,0,0,0,0,0,56,0,0,0,0,0,0,0,72,0,0,0,110,0,0,0,0,0,0,0,0,0,0,0,0,0,0,0,0,0,0,0,0,0,18,0,0,0,0,0,0,0,0,0,0,0,1,0,0,0,0,0,0,0,24,0,0,0,50,0,0,0,0,0,0,0,0,0,0,0,0,0,0,0,0,0,0,0,0,0,12,0,0,0,0,0,5,0,0,0,5,0,10,0,0,0,6,0,2,0,0,0,0,0,0,0,0,0,0,0,0,0,0,0,0,0,1,0,0,0,0,0,0,0,33,67,31,8,0,0,0,0,0,0,0,0,0,0,0
0,0,0,12,14,89,0,0,0,0,0,18,0,8,27,79,0,40,2,26,13,97,0,53,0,4,0,14,0,17,0,0,0,12,0,58,0,16,0,3,0,0,0,103,0,1,0,0,0,4,0,21,0,0,0,0,0,0,0,0,0,0,0,13,0,0,0,0,0,0,0,0,0,0,0,6,0,0,0,0,0,24,0,0,0,0,0,0,0,0,0,0,0,0,0,0,0,0,0,23,0,0,0,0,0,0,0,0,0,0,0,0,0,0,0,0,0,0,0,0,0,0,0,0,0,0,0,0,0,0,0,0,0,0,0,0,0,0,0,0,0,11,0,42,0,0,0,0,0,0,0,0,0,0,0,0,0,1,0,0,0,0,0,0,0,0,0,0,0,0,0,0,0,0,0,0,0,17,0,50,0,0,0,0,0,0,0,0,0,0,0,0,0,0,0,0,0,0,0,0,0,0,0,0,0,0,0,0,0,0,0,0,0,0,0,0,0,0,19,15,14,2,0,0,0
150,0,397,0,343,0,0,0,0,0,183,0,0,0,91,9,182,0,4,0,105,0,88,10,0,0,6,0,29,0,3,0,0,0,6,0,91,0,4,0,0,0,7,0,0,0,0,0,0,0,0,0,6,0,0,0,0,0,0,0,7,0,12,0,0,0,0,0,0,0,14,0,0,0,0,0,0,0,0,0,0,0,0,0,0,0,0,0,0,0,0,0,0,0,0,0,0,0,0,0,0,0,0,0,0,0,0,0,0,0,0,0,0,0,0,0,0,0,0,0,0,0,0,0,0,0,0,0,3,0,0,0,0,0,0,0,0,0,122,0,0,0,0,0,37,0,0,0,0,0,0,0,0,0,19,0,22,0,0,0,0,0,0,0,0,0,45,0,0,0,5,0,14,0,0,0,45,0,27,0,0,0,64,0,0,0,0,0,0,0,0,0,0,0,0,0,0,0,0,0,0,0,0,0,0,0,0,0,0,0,17,209,30,0,0,0,0,0,0,0,0,0,0,0,0
0,62,0,179,0,281,0,0,0,0,0,126,0,8,76,240,0,88,0,11,14,55,0,65,0,0,0,6,0,114,0,12,0,0,0,53,0,88,0,4,0,0,0,37,0,9,0,0,0,0,0,16,0,5,0,4,0,0,0,0,0,34,0,20,0,0,0,0,0,0,0,8,0,0,0,0,0,0,0,0,0,70,0,0,0,0,0,0,0,0,0,0,0,0,0,0,0,0,0,0,0,0,0,0,0,0,0,0,0,0,0,0,0,0,0,0,0,0,0,0,0,0,0,0,0,0,0,0,0,0,0,0,0,0,0,0,0,0,0,68,0,190,0,186,0,95,0,0,0,0,0,0,0,0,0,0,0,16,0,0,0,0,0,0,0,0,0,33,0,0,0,2,0,6,0,0,0,40,0,140,0,0,0,0,0,0,0,0,0,0,0,0,0,0,0,0,0,0,0,0,0,0,0,0,0,0,0,0,0,0,0,0,0,0,15,0,0,0,28,27,61,0,0,0,0
0,1,0,0,84,0,0,0,0,0,0,0,97,0,137,0,44,0,104,0,227,7,43,2,0,0,53,6,8,0,122,0,6,0,0,0,104,0,0,0,0,0,17,0,6,0,0,0,0,0,14,0,0,0,0,0,2,0,0,1,3,0,21,0,0,0,0,0,0,0,91,0,32,0,56,0,0,0,0,0,0,0,0,0,0,0,0,0,0,0,0,0,0,0,0,0,0,0,137,0,9,0,0,0,0,0,0,0,0,0,0,0,0,0,0,0,0,0,0,0,0,0,0,0,0,0,0,0,0,0,0,0,0,0,0,0,0,0,0,0,0,0,0,0,26,0,0,0,0,0,0,0,0,0,0,0,0,0,0,0,0,0,0,0,0,0,44,0,21,0,0,0,25,0,0,0,0,0,84,0,0,0,0,0,0,0,13,0,1,0,0,0,0,0,0,0,0,0,0,0,0,0,0,0,0,0,0,0,0,0,58,141,117,17,12,0,0,0,0,0,0,0,0,0,0
0,31,0,0,0,192,0,0,0,0,0,35,34,56,0,42,0,42,11,195,7,244,0,68,0,0,16,66,0,21,0,58,0,53,0,0,0,91,0,16,4,0,0,108,0,4,0,0,0,0,0,64,0,0,0,0,0,0,0,0,0,8,0,10,0,0,0,1,0,0,0,0,0,0,0,0,0,0,0,0,0,0,0,0,0,0,0,0,0,0,0,0,0,0,0,0,0,0,0,0,0,0,0,1,0,0,0,0,0,0,0,0,0,0,0,0,0,0,0,0,0,0,0,0,0,0,0,0,0,0,0,0,0,0,0,0,0,0,0,0,0,63,0,70,0,60,0,0,0,0,0,0,0,0,0,0,0,0,0,0,0,0,0,0,0,0,0,15,0,2,0,2,0,8,0,0,3,60,0,25,0,0,0,0,0,0,0,27,0,0,0,0,0,0,0,1,0,0,0,0,0,0,0,0,0,0,0,0,0,0,0,0,0,0,17,0,0,0,19,26,45,0,0,0,0
54,0,60,0,322,0,0,1,0,0,78,0,107,0,155,0,18,0,131,0,56,0,29,2,12,0,139,0,55,0,17,0,91,0,104,0,0,0,15,0,0,0,25,0,20,0,4,0,0,0,67,0,3,0,0,0,5,0,7,0,44,0,23,0,3,0,0,0,0,0,226,0,49,0,114,0,10,0,0,0,136,0,0,0,0,0,113,0,0,0,0,0,0,0,0,0,0,0,219,0,23,0,0,0,0,0,0,0,0,0,0,0,0,0,0,0,0,0,0,0,34,0,0,0,0,0,0,0,0,0,0,0,0,0,0,0,0,0,168,0,119,0,15,0,188,0,0,0,0,0,0,0,0,0,10,0,31,0,0,2,1,0,31,0,7,0,45,0,22,0,32,0,93,0,0,0,41,9,76,0,0,0,41,0,3,0,0,0,0,0,0,0,0,0,0,0,0,0,0,0,0,0,0,0,0,0,0,0,0,0,0,137,84,6,6,0,0,0,0,0,0,0,0,0,0
0,230,0,190,0,358,0,90,0,0,0,115,0,62,25,259,0,22,11,82,10,69,0,20,0,12,0,41,0,10,0,16,0,88,0,91,0,0,0,9,2,0,0,100,0,15,0,0,0,0,0,124,0,0,0,0,0,0,0,0,0,51,0,5,0,0,0,0,0,0,0,5,0,0,0,11,0,0,0,0,0,53,0,0,0,0,0,0,0,0,0,0,0,0,0,0,0,0,0,30,0,0,0,0,0,0,0,0,0,0,0,0,0,0,0,0,0,0,0,0,0,59,0,23,0,0,0,0,0,0,0,0,0,0,0,0,0,0,0,84,0,178,0,144,0,148,0,0,0,0,0,0,0,0,0,0,0,24,0,0,0,0,0,2,0,0,0,23,0,4,0,12,0,32,0,0,13,84,0,58,0,0,0,7,0,0,0,13,0,0,0,0,0,0,0,0,0,0,0,0,0,0,0,0,0,0,0,0,0,0,0,0,0,0,8,0,0,0,15,87,43,0,0,0,0
172,0,350,0,0,0,183,13,6,0,0,0,0,0,0,0,180,0,0,0,0,0,113,0,239,14,1,0,1,0,0,0,4,0,0,0,15,0,0,0,0,0,0,0,0,0,0,0,0,0,0,0,3,0,0,0,0,0,0,0,15,0,5,1,0,0,0,0,0,0,22,0,2,0,12,0,0,0,0,0,20,0,0,0,0,0,0,0,0,0,0,0,0,0,0,0,0,0,0,0,0,0,0,0,0,0,0,0,0,0,0,0,0,0,0,0,0,0,0,0,0,0,0,0,0,0,0,0,2,0,0,0,0,0,0,0,0,0,24,0,14,0,0,0,30,0,0,0,0,0,0,0,0,0,5,0,43,0,0,0,0,0,0,0,0,0,0,0,0,0,6,0,82,0,0,0,81,0,0,0,0,0,75,0,0,0,0,0,0,0,0,0,0,0,0,0,0,0,0,0,0,0,0,0,0,0,0,0,0,0,31,140,18,20,13,0,0,0,1,0,0,0,0,0,0
0,370,0,556,0,35,0,647,0,0,0,39,0,0,0,20,0,172,0,0,0,13,0,28,0,91,0,0,0,80,0,3,0,4,0,16,0,9,0,0,0,0,0,17,0,1,0,0,0,0,0,3,0,12,0,10,0,3,0,0,0,27,0,38,0,0,0,0,0,0,0,0,0,0,0,0,0,0,0,0,0,0,0,0,0,0,0,0,0,0,0,0,0,0,0,0,0,0,0,0,0,0,0,0,0,0,0,0,0,0,0,0,0,0,0,0,0,0,0,0,0,0,0,0,0,0,0,0,0,0,0,0,0,0,0,0,0,0,0,154,0,71,0,0,0,111,0,0,0,0,0,0,0,0,0,12,0,48,0,13,0,0,0,0,0,0,0,1,0,0,0,9,0,9,0,0,1,74,0,5,0,0,0,33,0,0,0,0,0,0,0,0,0,0,0,0,0,0,0,0,0,0,0,0,0,0,0,0,0,0,0,0,0,0,0,0,0,0,0,31,0,0,0,0,0
12,0,78,0,204,0,0,0,0,0,98,0,367,200,14,0,0,0,15,114,0,0,0,0,0,0,51,393,0,0,0,0,0,0,0,4,0,2,0,0,0,78,8,0,0,42,66,398,98,24,0,0,0,0,0,0,0,0,0,0,0,0,0,0,5,0,0,0,0,0,0,0,0,0,0,0,0,0,0,0,0,0,0,0,0,0,0,0,0,0,0,0,0,0,0,0,0,0,0,0,0,0,0,0,0,0,0,0,0,0,0,0,0,0,0,0,0,0,0,0,0,0,0,0,0,0,0,0,0,0,5,0,0,0,0,0,0,0,0,0,0,0,0,0,0,0,0,0,4,0,15,0,0,0,0,0,0,0,0,0,0,0,0,0,0,0,0,0,4,0,0,0,0,0,0,0,47,67,12,0,0,0,1,0,0,0,249,6,0,0,0,0,0,0,0,0,0,0,0,0,1,0,0,0,0,0,0,0,11,0,0,49,0,0,0,0,0,22,0,19,0,0,0,0,0
0,50,0,0,0,96,0,0,0,0,0,158,0,330,0,0,0,0,0,24,0,0,0,0,0,0,44,46,0,0,0,0,0,0,0,0,0,0,0,0,78,0,7,21,105,18,293,276,65,129,0,13,0,0,0,0,0,0,0,0,0,0,0,0,0,0,0,0,0,2,0,0,0,0,0,0,0,0,0,0,0,0,0,3,0,0,0,0,0,0,0,0,0,0,0,0,0,0,0,0,0,0,0,0,0,0,0,0,0,0,0,0,0,0,0,0,0,0,0,0,0,0,0,0,0,0,0,0,0,0,0,0,0,0,0,0,0,0,0,0,0,0,0,0,0,0,0,0,0,0,0,3,0,8,0,0,0,0,0,0,0,0,0,0,7,16,0,0,1,0,0,0,0,1,0,0,2,220,0,56,0,32,0,4,0,0,46,7,0,0,0,0,0,0,0,0,0,0,0,0,0,0,0,0,0,0,0,0,0,0,0,15,0,0,0,0,0,0,0,43,33,0,0,0,37
0,0,1,0,0,30,0,0,0,0,0,0,108,169,0,0,0,0,101,76,38,19,0,0,0,0,269,143,4,0,57,0,7,0,17,0,25,0,0,0,8,7,0,0,171,5,108,61,17,0,65,8,0,0,0,0,0,0,0,0,0,0,0,0,0,0,0,0,0,0,22,0,0,0,0,0,0,0,0,0,0,0,22,0,0,0,0,0,0,0,0,0,0,0,32,0,0,0,40,0,0,0,0,0,0,0,0,0,0,0,0,0,0,0,0,0,0,0,0,0,0,0,0,0,0,0,0,0,0,0,0,0,0,0,0,0,0,0,0,0,0,0,0,0,0,0,0,0,0,0,0,0,0,0,0,0,0,0,0,0,0,0,0,0,108,0,16,0,35,0,0,0,16,0,2,0,48,21,17,0,0,0,0,0,0,0,208,6,0,0,0,0,0,0,2,0,0,0,0,0,0,0,0,0,0,0,0,0,0,0,18,113,137,0,3,0,0,2,0,0,0,0,0,0,0
0,3,0,0,0,0,0,0,0,0,0,4,0,34,0,0,0,47,0,59,0,166,0,89,0,0,16,163,0,17,0,103,0,37,0,108,0,100,0,17,0,21,0,0,0,139,0,38,0,23,0,69,0,0,0,0,0,0,0,0,0,5,0,14,0,1,0,0,0,3,0,12,0,0,0,0,0,0,0,0,0,0,0,0,0,0,0,0,0,0,0,0,0,0,0,0,0,0,0,0,0,0,0,0,0,3,0,0,0,0,0,0,0,0,0,0,0,0,0,0,0,80,0,27,0,0,0,0,0,0,0,0,0,0,0,0,0,0,0,0,0,0,0,99,0,0,0,0,0,0,0,1,0,0,0,0,0,0,0,0,0,0,0,0,0,15,0,34,0,14,0,8,0,13,0,0,0,90,0,4,0,2,0,1,0,0,4,54,0,11,0,0,0,0,0,0,0,0,0,0,0,4,0,0,0,0,0,0,0,0,0,0,0,0,0,0,0,0,35,68,75,13,0,0,0
0,0,0,0,0,0,0,0,0,0,2,0,6,111,14,0,0,0,74,0,77,0,33,0,0,0,239,159,0,0,15,0,0,0,6,0,20,0,0,0,0,105,171,0,0,33,184,175,146,42,122,0,0,0,0,0,4,0,9,0,0,0,0,0,0,0,0,0,0,0,48,0,10,0,0,0,0,0,0,0,0,0,35,0,0,0,0,0,0,0,0,0,22,0,42,0,0,0,0,0,0,0,0,0,11,0,0,0,1,0,0,0,0,0,0,0,0,0,0,0,0,0,0,0,0,0,0,0,0,0,0,0,0,0,0,0,0,0,0,0,11,0,10,0,35,0,0,0,0,0,0,0,0,0,0,0,0,0,0,0,0,0,0,0,279,0,21,0,29,0,14,0,23,0,0,0,16,45,6,0,0,0,0,0,0,0,58,7,0,0,3,0,0,0,0,0,0,0,0,0,0,0,0,0,0,0,0,0,0,0,25,162,217,0,0,0,0,76,0,0,0,0,0,0,1
0,0,0,0,0,0,0,0,0,0,0,2,5,5,0,11,0,0,0,50,0,21,0,28,0,0,18,170,0,3,0,1,0,9,0,4,0,15,0,1,42,18,5,139,33,0,78,112,27,232,0,89,0,0,0,0,0,4,0,0,0,3,0,0,0,0,0,0,0,38,0,23,0,0,0,0,0,21,0,0,0,59,0,78,0,0,0,22,0,0,0,0,0,25,0,60,0,0,0,0,0,12,0,14,0,8,0,0,0,0,0,0,0,0,0,0,0,0,0,0,0,92,0,0,0,0,0,3,0,0,0,0,0,1,0,4,0,0,0,0,0,33,0,62,0,80,0,0,0,0,0,0,0,0,0,0,0,0,0,0,0,0,0,5,2,209,0,25,0,230,0,22,0,41,0,0,0,23,0,0,0,0,0,0,0,0,13,8,0,28,0,0,0,2,0,12,0,0,0,0,0,18,0,15,0,5,0,0,0,0,0,4,0,0,10,0,0,2,23,173,476,5,1,0,47
17,0,81,0,155,0,0,0,0,0,76,0,144,239,51,0,0,0,132,85,8,12,11,0,0,0,205,517,0,0,0,0,0,0,0,0,4,0,0,0,66,293,108,0,184,78,0,880,182,68,24,0,0,0,0,0,0,0,0,0,0,0,0,0,10,0,0,0,1,0,0,0,0,0,0,0,0,0,3,0,0,0,0,1,0,0,0,0,0,0,0,0,0,1,3,0,0,0,0,0,0,0,0,0,0,0,0,0,0,0,0,0,0,0,0,0,0,0,0,0,0,0,0,0,2,0,0,0,0,0,0,0,0,0,0,0,0,0,0,0,0,0,0,0,0,0,3,0,12,0,20,0,0,0,0,0,0,0,0,0,0,0,0,0,76,0,0,0,13,0,0,0,0,0,0,0,41,103,13,1,0,0,0,0,5,0,233,19,0,0,0,0,0,0,0,0,0,0,2,0,0,0,0,0,0,0,0,0,0,0,0,431,186,0,2,0,0,105,0,26,0,0,0,0,0
0,94,0,0,0,155,0,0,0,5,0,137,107,192,4,28,0,0,56,287,0,16,0,0,0,0,194,231,0,0,0,0,0,0,0,0,0,0,0,0,398,276,61,38,175,112,880,0,94,199,7,19,0,4,0,0,0,0,0,0,0,0,0,5,0,5,0,0,0,7,0,0,0,0,0,0,0,0,0,0,0,0,0,13,0,0,0,0,0,0,0,0,0,5,0,0,0,0,0,0,0,6,0,0,0,0,0,0,0,0,0,0,0,0,0,0,0,0,0,0,0,0,0,0,0,0,0,0,0,0,0,0,0,0,0,0,0,0,0,0,0,0,0,0,0,0,0,3,0,0,0,0,0,0,0,0,0,0,0,0,0,0,0,0,0,23,0,0,0,18,0,0,0,0,0,0,0,201,0,0,0,0,0,0,0,0,92,6,0,5,0,0,0,0,0,2,0,0,0,1,0,1,0,0,0,0,0,0,0,0,0,13,2,0,2,0,0,1,0,356,160,3,0,0,93
7,0,13,0,2,0,7,0,0,0,12,0,11,0,1,1,0,0,0,2,0,0,0,0,12,0,17,22,0,0,0,0,0,0,0,0,0,0,0,0,98,65,17,0,146,27,182,94,0,45,0,0,6,0,18,0,7,0,6,0,2,0,0,0,0,0,0,0,8,0,2,0,0,0,0,0,0,0,0,0,6,0,29,0,0,0,4,0,8,0,0,0,34,0,55,0,0,0,0,0,5,0,14,1,18,0,9,0,1,0,0,0,0,0,0,0,0,0,0,0,0,0,0,0,3,0,1,0,0,0,3,0,0,0,13,0,9,0,0,0,6,0,30,0,0,0,0,0,0,0,5,0,0,0,0,0,0,0,7,0,9,0,1,0,6,1,2,0,6,0,0,0,2,0,5,0,15,41,11,0,0,0,0,0,0,0,102,0,38,1,22,0,28,0,34,1,6,0,29,0,27,1,30,0,43,0,5,0,0,0,8,66,45,2,12,0,0,14,0,12,28,23,0,0,4
0,16,0,9,0,5,0,0,0,0,0,39,0,9,0,15,0,0,0,21,0,45,4,25,0,2,6,73,0,0,0,4,0,0,0,0,0,0,0,0,24,129,0,23,42,232,68,199,45,0,0,10,0,3,0,0,0,0,0,1,0,0,0,20,0,0,0,0,0,3,0,0,0,0,0,1,0,0,0,0,0,0,0,6,0,0,0,0,0,0,0,0,0,7,0,11,0,0,0,0,0,0,0,0,0,0,0,1,0,0,0,0,0,0,0,0,0,1,0,0,0,0,0,2,0,0,0,0,0,0,0,0,0,0,0,0,0,0,0,0,0,0,0,0,0,0,0,0,0,0,0,0,0,0,0,0,0,0,0,0,0,0,0,0,12,21,0,0,0,0,0,1,0,3,0,15,0,99,0,18,0,26,0,2,0,0,18,18,0,2,0,0,0,0,0,0,0,0,0,0,0,0,0,0,0,0,0,0,0,2,0,14,0,0,0,0,0,3,5,15,12,2,0,0,28
3,0,0,0,0,0,0,0,0,0,5,0,202,0,10,0,15,0,195,21,53,0,0,0,2,0,210,23,0,0,17,0,0,0,14,0,67,0,0,0,0,0,65,0,122,0,24,7,0,0,0,0,2,0,4,0,0,0,6,0,0,0,7,0,0,0,0,0,1,0,43,0,7,0,19,0,3,0,0,0,0,0,0,0,11,0,25,0,0,0,0,0,0,0,32,0,43,0,60,0,0,0,0,0,0,0,0,0,0,0,0,0,0,0,0,0,0,0,0,0,0,0,0,0,0,0,0,0,0,0,0,0,0,0,0,0,0,0,0,0,0,0,0,0,0,0,0,0,0,0,0,0,0,0,0,0,0,0,0,0,2,4,7,0,56,0,40,0,63,0,0,0,33,0,0,0,16,0,51,0,0,0,0,0,6,0,117,0,0,0,2,0,0,0,0,0,0,0,0,0,0,0,0,0,0,0,0,0,0,0,0,173,196,9,8,0,0,0,0,0,0,0,0,0,0
0,12,0,0,0,0,0,0,0,2,0,10,0,134,0,13,0,14,0,208,0,84,0,0,0,0,0,253,0,6,0,21,0,16,0,64,0,124,0,3,0,13,8,69,0,89,0,19,0,10,0,0,0,0,0,0,0,0,0,0,0,9,0,3,0,0,0,0,0,1,0,5,0,0,0,14,0,1,0,0,0,0,0,0,0,0,0,19,0,0,0,0,0,0,0,0,0,0,0,0,0,0,0,0,0,0,0,0,0,0,0,0,0,0,0,0,0,0,0,0,0,62,0,25,0,0,0,0,0,0,0,0,0,0,0,5,0,0,0,0,0,56,0,78,0,63,1,0,0,0,0,0,0,0,0,0,0,0,0,0,0,0,0,0,0,3,0,33,0,15,0,15,0,16,0,2,0,107,0,7,0,0,0,0,0,0,0,79,0,4,0,0,0,0,0,0,0,0,0,0,0,0,0,0,0,2,0,0,0,3,0,0,0,0,9,0,0,0,17,23,46,5,0,0,0
0,0,3,0,0,0,7,0,13,128,0,0,0,0,6,0,134,0,8,0,28,0,23,0,21,0,0,0,10,0,5,0,6,0,0,0,3,0,3,0,0,0,0,0,0,0,0,0,6,0,2,0,0,98,108,320,103,30,28,232,41,0,92,18,0,11,0,97,0,0,3,0,0,0,13,0,0,0,0,0,30,0,0,0,247,0,23,0,0,0,0,0,0,0,0,0,173,0,68,0,0,0,0,0,0,0,43,0,0,0,0,0,0,0,0,0,0,0,0,0,19,0,61,0,3,0,9,0,71,0,14,0,19,0,0,0,38,0,190,0,92,0,159,0,29,0,4,0,0,0,3,0,0,0,196,21,69,2,217,8,26,2,1,0,0,0,0,0,0,0,138,0,0,0,0,0,2,2,0,0,0,0,7,0,0,0,0,0,0,0,0,0,0,0,0,0,0,0,0,0,61,0,0,0,0,0,0,0,8,0,88,410,169,73,69,0,22,0,0,0,0,0,0,0,0
0,29,0,5,0,13,60,25,123,89,0,4,0,2,0,3,8,89,0,0,0,22,0,27,0,48,0,0,0,25,0,0,0,5,0,0,0,0,0,12,0,0,0,0,0,0,0,4,0,3,0,0,98,0,101,106,0,101,142,60,0,30,24,100,7,1,56,0,0,0,0,0,0,0,0,0,0,0,0,0,0,8,0,0,0,39,0,0,0,0,0,0,0,0,0,0,1,13,0,12,0,0,0,0,0,0,0,0,0,0,0,0,0,0,0,0,0,0,0,0,0,0,0,0,0,0,0,6,0,50,0,4,0,0,0,36,0,70,0,499,0,129,0,161,0,73,0,0,0,0,0,0,0,0,31,211,6,109,0,270,6,16,0,2,0,0,0,0,0,0,0,7,0,0,0,0,4,38,0,0,0,0,0,0,9,3,0,0,0,0,0,0,0,0,0,0,0,0,0,0,0,0,0,0,0,0,0,0,0,12,0,0,0,0,24,0,0,0,19,112,19,11,3,0,0
0,0,65,0,0,0,291,0,57,184,0,0,0,0,16,0,40,0,0,0,0,0,77,0,164,21,0,0,0,0,0,0,0,0,0,0,0,0,0,0,0,0,0,0,0,0,0,0,18,0,4,0,108,101,0,252,76,0,97,160,93,0,54,35,0,8,0,89,0,0,0,0,0,0,0,0,0,0,0,0,2,0,0,0,108,0,0,0,0,0,0,0,0,0,0,0,0,0,0,0,0,0,0,0,144,0,0,0,0,0,0,0,0,0,0,0,0,0,0,0,0,0,0,0,0,0,0,0,121,0,40,0,34,0,127,0,112,0,16,0,87,0,230,0,0,0,3,0,0,0,0,0,0,0,14,17,10,0,14,0,93,0,0,0,0,0,0,0,0,0,269,0,25,0,0,0,8,0,0,0,0,0,0,3,0,0,0,0,0,0,0,0,0,0,0,0,0,0,0,0,166,0,0,0,0,0,0,0,74,0,757,158,513,487,349,8,200,0,2,0,2,0,0,0,0
6,7,0,116,0,0,167,310,448,110,0,2,0,0,0,49,4,3,0,8,0,0,0,11,20,149,0,7,0,9,0,0,0,4,0,0,0,0,0,10,0,0,0,0,0,0,0,0,0,0,0,0,320,106,252,0,16,153,236,194,33,61,136,65,0,0,89,1,0,0,0,0,0,0,0,0,0,0,0,0,0,0,0,0,0,8,0,0,0,0,0,0,0,0,0,0,0,0,0,0,0,0,0,0,0,0,0,0,0,0,0,0,0,0,0,0,0,0,0,0,0,0,0,0,0,0,0,0,0,31,2,91,0,0,0,325,0,109,0,147,0,71,0,56,1,9,0,0,0,0,0,0,0,0,11,42,10,32,0,33,0,8,0,0,0,1,0,0,0,0,0,103,0,31,0,0,12,0,0,0,0,0,0,0,0,0,0,0,0,0,0,0,0,0,0,0,0,0,0,0,0,111,0,0,0,0,0,0,0,0,0,0,0,0,259,0,0,0,245,89,248,148,21,0,0
0,0,9,0,0,0,24,0,18,0,0,0,0,0,0,0,7,0,0,0,0,0,0,0,7,0,0,0,0,0,0,0,0,0,2,0,5,0,0,0,0,0,0,0,4,0,0,0,7,0,0,0,103,0,76,16,0,0,120,82,0,0,0,0,4,53,8,86,0,0,0,0,0,0,0,0,0,0,0,0,0,0,0,0,0,0,0,0,0,0,0,0,0,0,0,0,0,0,0,0,0,0,0,0,0,0,0,0,0,0,0,0,0,0,0,0,0,0,0,0,0,0,0,0,0,0,13,0,131,0,67,0,31,0,40,0,27,0,23,2,7,0,0,0,0,3,5,0,4,0,17,0,0,0,37,40,18,0,45,18,117,0,5,0,0,0,0,0,0,0,118,0,3,0,2,0,0,0,0,0,0,0,0,0,7,0,0,0,0,0,0,0,0,0,0,0,0,0,0,0,0,0,0,0,0,0,0,0,33,0,498,182,367,456,396,22,77,0,0,0,0,0,0,0,0
0,0,0,0,0,0,0,38,0,15,0,0,0,0,0,0,0,6,0,0,0,1,0,8,0,85,0,0,0,0,0,0,0,0,0,0,0,0,0,3,0,0,0,0,0,4,0,0,0,0,0,0,30,101,0,153,0,0,100,145,0,0,0,14,12,0,44,3,0,0,0,0,0,0,0,0,0,0,0,0,0,0,0,0,0,0,0,0,0,0,0,0,0,0,0,0,0,0,0,0,0,0,0,0,0,0,0,0,0,0,0,0,0,0,0,0,0,0,0,0,0,0,0,0,0,7,0,0,0,28,0,49,0,10,0,89,0,37,0,86,0,52,0,0,3,7,0,0,0,0,0,0,0,0,23,151,8,60,0,148,0,89,0,0,0,0,0,0,0,3,0,293,0,7,0,0,0,1,0,0,0,0,0,0,0,0,0,0,0,0,0,0,0,0,0,0,0,0,0,4,0,0,0,0,0,0,0,0,0,10,0,0,0,0,497,0,0,0,547,74,572,341,68,8,0
2,0,13,0,0,0,20,0,67,0,0,0,0,0,0,0,0,1,0,0,0,0,0,0,18,0,0,0,1,0,2,0,0,0,0,0,7,0,0,0,0,0,0,0,9,0,0,0,6,0,6,0,28,142,97,236,120,100,0,631,77,1,13,0,58,110,197,371,0,0,0,0,0,0,0,0,0,0,0,0,0,0,0,0,0,0,0,0,0,0,0,0,0,0,0,0,0,0,0,0,0,0,0,1,0,0,0,0,0,0,0,0,0,0,0,0,0,0,0,0,0,0,0,0,9,0,5,0,0,0,57,0,0,0,0,0,2,0,3,0,0,0,0,0,1,0,0,0,12,0,14,0,0,0,12,99,44,0,5,52,32,44,1,0,2,0,11,0,0,0,95,0,14,0,0,0,46,1,0,0,0,5,0,0,118,21,0,0,0,0,0,0,0,0,0,0,0,0,0,0,0,0,0,0,0,0,0,0,18,0,592,582,235,352,396,15,82,0,0,0,0,0,0,0,0
0,0,0,1,0,0,53,9,241,117,0,0,0,0,0,0,0,0,0,0,0,0,0,0,0,0,0,0,0,3,0,0,0,0,1,0,0,0,0,0,0,0,0,0,0,0,0,0,0,1,0,0,232,60,160,194,82,145,631,0,0,94,35,20,90,60,264,290,0,0,0,0,0,0,0,0,0,0,0,0,0,0,0,0,0,0,0,0,0,0,0,0,0,0,0,0,0,0,0,0,0,0,0,0,0,0,0,13,0,0,0,0,0,0,0,0,0,0,0,0,0,0,0,0,0,18,0,6,0,0,0,54,0,0,0,35,0,12,0,9,0,0,0,0,11,25,0,4,0,9,0,0,0,0,141,150,28,144,16,66,0,78,0,3,0,0,0,0,0,0,0,148,0,10,0,5,26,15,0,0,0,6,0,0,60,125,0,0,0,0,0,0,0,0,0,0,0,0,0,2,0,0,0,0,0,0,0,0,0,17,0,0,0,0,749,0,0,0,770,626,510,397,92,0,0
0,0,0,0,0,0,210,0,70,12,0,0,0,0,0,0,18,0,0,0,0,0,2,0,162,5,1,0,8,0,0,0,7,0,3,0,44,0,15,0,0,0,0,0,0,0,0,0,2,0,0,0,41,0,93,33,0,0,77,0,0,0,44,3,0,0,0,0,0,0,12,0,0,0,12,0,0,0,4,0,0,0,0,0,0,0,0,0,0,0,0,0,0,0,0,0,11,0,0,0,0,0,0,0,0,0,0,0,0,0,0,0,0,0,0,0,0,0,0,0,0,0,0,0,0,0,0,0,0,0,0,1,0,0,0,0,0,0,247,0,179,0,9,0,405,0,0,0,0,0,0,0,0,0,69,2,207,0,5,0,2,0,13,0,0,0,0,0,0,0,163,0,42,0,0,0,4,0,0,0,0,0,16,0,0,0,0,0,0,0,0,0,0,0,0,0,0,0,0,0,0,0,0,0,0,0,0,0,1,0,93,107,43,46,32,0,17,0,0,0,0,0,0,0,0
7,217,0,78,0,30,0,413,0,280,0,8,0,0,0,0,3,29,0,0,0,22,12,14,0,66,0,0,0,31,0,0,0,34,0,8,0,51,0,27,0,0,0,5,0,3,0,0,0,0,0,9,0,30,0,61,0,0,1,94,0,0,0,18,0,0,0,0,0,0,0,0,0,0,0,0,0,0,0,1,0,0,0,0,0,0,0,0,0,0,0,0,0,0,0,0,0,0,0,0,0,0,0,0,0,0,0,0,0,0,0,0,0,0,0,0,0,0,0,0,0,0,0,0,0,0,0,0,0,0,0,0,0,0,0,0,0,24,0,201,0,181,0,51,0,168,0,0,0,0,0,0,0,0,0,18,0,259,0,53,0,2,0,1,0,0,0,0,0,0,0,93,0,49,0,0,4,175,0,1,0,0,0,35,0,0,0,0,0,0,0,0,0,0,0,0,0,0,0,0,0,0,0,0,0,0,0,0,0,4,0,0,0,0,0,0,0,0,12,185,46,0,0,0,0
1,0,0,0,0,0,48,27,30,145,0,0,0,0,5,0,365,10,0,0,108,0,25,0,102,37,0,0,20,0,26,0,12,0,21,0,23,0,5,0,0,0,0,0,0,0,0,0,0,0,7,0,92,24,54,136,0,0,13,35,44,0,0,45,0,0,0,0,0,0,114,0,7,0,115,0,0,0,0,0,225,0,0,0,196,0,144,0,0,0,0,0,0,0,0,0,165,0,323,0,16,0,0,0,0,0,0,0,0,0,0,0,0,0,0,0,0,0,0,0,76,0,52,0,0,0,0,0,11,0,0,0,26,0,0,0,30,0,135,0,127,0,55,0,96,0,0,0,0,0,0,0,0,0,88,0,41,0,29,0,1,0,11,0,0,0,0,0,0,0,2,1,5,0,0,0,4,5,0,0,0,0,46,3,1,0,0,0,0,0,0,0,0,0,0,0,0,0,0,0,0,0,0,0,0,0,0,0,2,0,16,117,14,11,5,0,0,0,1,0,0,0,0,0,0
32,50,15,14,0,0,168,147,149,178,0,0,0,0,0,8,50,458,0,0,0,98,11,148,74,84,0,39,0,112,0,13,0,20,0,10,0,5,1,38,0,0,0,14,0,0,0,5,0,20,0,3,18,100,35,65,0,14,0,20,3,18,45,0,0,0,0,0,0,0,0,0,0,0,0,0,0,0,0,0,0,0,0,0,0,16,0,0,0,0,0,0,0,0,0,0,0,0,0,0,0,0,0,0,0,0,0,3,0,0,0,0,0,0,0,0,0,0,0,0,0,0,0,0,0,0,0,0,0,19,0,4,0,8,0,19,0,0,0,230,0,168,0,97,0,86,0,0,0,0,0,0,0,0,0,70,0,50,0,40,0,0,0,0,0,0,0,0,0,0,0,2,0,5,0,0,7,71,0,0,0,0,0,18,0,2,0,0,0,0,0,0,0,0,0,0,0,0,0,1,1,3,0,0,0,0,0,0,0,13,0,0,0,0,6,0,0,0,9,91,0,3,0,1,0
27,0,8,0,4,0,1,0,119,0,11,0,4,0,0,0,0,0,0,0,0,0,0,0,0,0,0,0,0,0,0,0,0,0,0,0,3,0,0,0,5,0,0,0,0,0,10,0,0,0,0,0,0,7,0,0,4,12,58,90,0,0,0,0,0,83,156,28,0,0,0,0,0,0,0,0,0,0,0,0,0,0,0,0,0,0,0,0,0,0,0,0,0,0,0,0,0,0,0,0,0,0,0,0,0,0,0,0,0,0,0,0,0,0,0,0,0,0,0,0,0,0,0,0,9,0,0,0,0,0,16,0,0,0,9,0,0,0,1,9,0,0,0,0,3,11,14,0,36,0,25,0,0,0,7,31,6,0,5,41,281,140,0,0,0,0,0,0,0,0,0,0,1,0,47,0,2,0,0,0,86,28,0,0,178,0,0,0,0,0,0,0,0,0,0,0,0,0,0,0,0,0,0,0,0,0,0,0,0,0,23,41,6,0,0,0,0,0,0,0,0,0,0,0,0
0,33,0,6,0,10,0,14,4,306,0,7,0,0,0,0,0,0,0,0,0,0,0,0,0,0,0,0,0,0,0,0,0,0,0,0,0,0,0,0,0,0,0,1,0,0,0,5,0,0,0,0,11,1,8,0,53,0,110,60,0,0,0,0,83,0,37,330,0,0,0,1,0,0,0,0,0,0,0,0,0,0,0,0,0,0,0,0,0,0,0,0,0,0,0,0,0,0,0,0,0,0,0,0,0,0,0,9,0,0,0,0,0,0,0,0,0,0,0,0,0,0,0,0,0,17,0,24,0,0,84,35,0,0,0,0,0,0,33,1,0,0,0,0,42,29,0,21,44,113,0,40,0,22,31,3,0,0,63,5,241,301,0,3,0,0,3,0,0,2,0,0,0,0,2,23,1,0,0,0,21,199,0,1,23,107,0,0,0,0,0,0,0,0,0,0,0,0,0,6,0,2,0,0,0,0,0,0,0,28,0,0,0,0,38,0,0,0,21,14,0,0,0,0,0
9,0,0,0,0,0,0,0,106,0,0,0,0,0,0,0,0,0,0,0,0,0,0,0,0,0,0,0,0,0,0,0,0,0,0,0,0,0,0,0,0,0,0,0,0,0,0,0,0,0,0,0,0,56,0,89,8,44,197,264,0,0,0,0,156,37,0,102,0,0,0,0,0,0,0,0,0,0,0,0,0,0,0,0,0,0,0,0,0,0,0,0,0,0,0,0,0,0,0,0,0,0,0,0,0,0,0,0,0,0,0,0,0,0,0,0,0,0,0,0,0,0,0,0,0,0,0,0,0,0,7,0,1,0,0,0,0,0,1,2,0,0,0,0,0,0,0,0,21,0,0,0,0,0,4,35,8,0,0,23,65,29,0,0,0,0,1,0,0,0,1,0,2,0,11,0,83,0,0,0,0,4,0,0,300,0,0,0,0,0,0,0,0,0,0,0,0,0,0,0,0,0,0,0,0,0,0,0,1,0,0,32,0,0,0,0,0,0,0,0,0,0,0,0,0
0,0,1,0,0,0,35,1,76,187,0,0,0,0,0,0,1,0,0,0,0,0,0,0,0,1,0,0,0,0,0,0,0,0,0,1,0,0,0,0,0,0,0,0,0,0,0,0,0,0,0,0,97,0,89,1,86,3,371,290,0,0,0,0,28,330,102,0,0,0,0,0,0,0,0,0,0,0,0,0,0,0,0,0,0,0,0,0,0,0,0,0,0,0,0,0,0,0,0,0,0,0,0,0,0,0,0,0,0,0,0,0,0,0,0,0,0,0,0,0,0,0,0,0,0,5,0,16,0,0,0,31,0,0,0,0,0,0,0,1,0,0,0,0,3,6,0,8,2,20,0,5,0,5,60,0,0,3,12,7,15,84,0,0,0,0,0,0,0,0,0,2,0,1,1,14,21,28,0,0,0,11,0,0,24,325,0,0,0,0,0,0,0,0,0,0,0,0,0,0,0,0,0,0,0,0,0,0,0,0,0,0,0,0,0,0,0,0,36,72,18,0,0,0,0
0,0,0,0,0,0,0,0,0,0,0,0,0,0,0,0,0,0,0,0,0,0,0,0,0,0,0,0,0,0,0,0,0,0,0,0,0,0,0,0,0,0,0,0,0,0,1,0,8,0,1,0,0,0,0,0,0,0,0,0,0,0,0,0,0,0,0,0,0,0,0,0,0,0,0,0,170,0,3,0,0,0,33,0,0,0,0,0,4,0,0,0,64,0,0,0,0,0,0,0,0,0,103,0,0,0,0,0,79,0,8,0,0,0,3,0,1,0,0,0,0,0,0,0,0,2,1,0,0,0,0,0,1,0,4,0,5,0,0,0,0,0,0,0,0,0,0,0,0,0,0,0,0,0,0,0,0,0,0,0,0,0,0,0,43,0,0,0,46,0,0,0,0,0,3,0,0,0,0,0,0,0,0,0,0,0,0,0,0,0,0,0,14,0,26,0,0,0,7,0,0,0,0,0,0,0,0,0,0,0,67,0,99,2,7,24,116,1,0,0,0,0,0,0,0
0,0,0,0,0,0,0,0,0,0,0,0,0,0,0,0,0,0,0,0,0,0,0,0,0,0,0,18,0,0,0,0,0,0,0,0,0,0,0,0,0,2,0,3,0,38,0,7,0,3,0,1,0,0,0,0,0,0,0,0,0,0,0,0,0,0,0,0,0,0,0,0,0,2,0,0,0,53,0,0,0,0,0,40,0,0,0,14,0,28,0,0,0,69,0,37,0,0,0,7,0,13,0,173,0,17,0,0,0,38,0,5,0,10,0,1,0,10,0,0,0,0,0,0,0,0,0,0,0,1,0,0,0,0,0,0,0,8,0,0,0,0,0,0,0,0,0,0,0,0,0,0,0,0,0,0,0,0,0,0,0,0,0,0,0,19,0,0,0,50,0,1,0,0,0,0,0,2,0,0,0,0,0,0,0,0,0,0,0,43,0,0,0,0,0,25,0,0,0,0,0,22,0,0,0,0,0,0,0,0,0,0,0,0,0,0,0,0,45,5,49,3,8,11,0
0,0,0,0,0,0,0,0,0,0,0,0,0,0,0,0,134,0,0,0,211,0,0,0,0,0,0,0,37,0,76,0,14,0,91,0,226,0,22,0,0,0,22,0,48,0,0,0,2,0,43,0,3,0,0,0,0,0,0,0,12,0,114,0,0,0,0,0,0,0,0,0,181,0,275,0,0,0,209,0,8,0,0,0,0,0,21,0,0,0,0,0,0,0,0,0,0,1,0,0,0,0,0,0,0,0,0,0,0,0,0,0,0,0,0,0,0,0,0,0,19,0,13,0,2,11,0,4,4,5,0,4,4,0,0,0,34,0,0,5,114,0,41,0,185,0,0,0,0,0,19,0,12,0,0,0,8,0,0,0,0,0,37,0,0,0,6,0,22,0,41,0,74,0,43,0,0,0,0,0,13,0,0,0,0,0,0,0,0,0,0,0,0,0,0,0,0,0,0,0,0,0,0,0,0,0,0,0,0,0,11,0,8,0,2,0,0,0,0,0,0,0,0,0,0
0,0,0,0,0,0,0,0,0,0,0,1,0,0,0,0,0,0,0,0,0,10,0,0,0,0,0,0,0,3,0,0,0,8,0,0,0,5,0,0,0,0,0,12,0,23,0,0,0,0,0,5,0,0,0,0,0,0,0,0,0,0,0,0,0,1,0,0,0,0,0,0,0,134,0,292,0,6,0,8,0,0,0,0,0,0,0,54,0,0,0,0,0,0,0,0,0,0,0,0,0,0,0,0,0,0,0,0,0,0,0,0,0,0,0,0,0,0,0,0,0,3,0,21,0,20,0,0,0,14,0,20,0,16,0,0,0,63,0,0,0,72,0,34,0,121,0,0,5,19,0,18,0,0,0,0,0,0,0,0,0,0,0,28,0,1,0,14,0,2,0,23,0,8,0,5,0,0,0,0,0,19,0,0,0,0,0,0,0,0,0,0,0,0,0,0,0,0,0,0,0,0,0,0,0,0,0,0,0,0,0,0,0,0,2,0,0,0,36,9,0,0,0,0,0
0,0,0,0,0,0,0,0,0,0,0,0,0,0,0,0,0,0,0,0,29,0,2,0,0,0,0,0,0,0,10,0,0,0,32,0,49,0,2,0,0,0,0,0,10,0,0,0,0,0,7,0,0,0,0,0,0,0,0,0,0,0,7,0,0,0,0,0,0,0,181,0,0,0,119,0,72,0,368,0,0,0,45,0,0,0,13,0,0,0,0,0,0,0,0,0,0,0,0,0,0,0,0,0,0,0,0,0,0,0,0,0,0,0,0,0,0,0,0,0,30,0,5,0,0,0,0,0,4,0,3,2,7,0,109,0,96,0,2,0,99,0,167,0,84,0,20,0,8,0,78,0,0,0,0,0,4,0,0,0,0,0,54,0,0,0,0,0,15,0,40,0,42,0,15,0,0,0,0,0,10,0,0,0,2,0,0,0,0,0,0,0,0,0,0,0,1,0,102,0,0,0,0,0,0,0,0,0,64,0,255,0,7,0,14,0,0,0,0,0,0,0,0,0,0
0,1,0,0,0,0,0,2,0,0,0,0,0,0,0,0,0,0,0,0,0,0,0,0,0,0,0,0,0,0,0,0,0,0,0,0,0,0,0,0,0,0,0,0,0,0,0,0,0,0,0,0,0,0,0,0,0,0,0,0,0,0,0,0,0,0,0,0,0,2,0,134,0,0,0,235,0,89,0,50,0,13,0,29,0,29,0,123,0,0,0,0,0,1,0,4,0,0,0,0,0,0,0,0,0,0,0,0,0,0,0,0,0,0,0,0,0,0,0,0,0,35,0,44,0,0,0,0,0,12,0,0,0,0,2,283,0,133,0,11,0,57,0,77,0,77,0,0,0,13,0,29,0,19,0,0,0,0,0,0,0,0,0,16,0,0,0,0,0,8,0,6,0,0,0,4,0,0,0,0,0,0,0,0,0,0,0,0,0,0,0,0,0,0,0,0,0,0,0,50,0,64,0,0,0,0,0,0,0,0,0,0,0,0,0,0,0,0,100,3,4,1,0,0,0
0,0,0,0,0,0,0,0,0,0,2,0,0,0,0,0,136,0,0,0,107,0,0,0,0,0,0,0,41,0,43,0,0,0,56,0,114,0,12,0,0,0,0,0,0,0,0,0,0,0,19,0,13,0,0,0,0,0,0,0,12,0,115,0,0,0,0,0,0,0,275,0,119,0,0,0,5,0,258,0,28,0,55,0,14,0,87,0,1,0,0,0,0,0,23,0,5,0,14,0,1,0,1,0,0,0,0,0,0,0,0,0,0,0,0,0,0,0,0,0,114,0,23,1,15,39,0,0,4,0,0,7,24,31,0,0,49,14,0,0,189,9,124,0,200,0,12,0,10,0,22,0,31,4,5,0,0,0,3,0,0,0,13,0,1,0,0,0,15,0,15,0,18,0,113,0,0,0,0,0,35,18,0,0,0,0,0,0,0,0,0,0,0,0,0,0,0,0,14,0,0,0,0,0,0,0,0,0,0,0,7,0,6,0,0,0,0,0,0,0,0,0,0,0,0
0,0,0,0,0,0,0,0,0,0,0,0,0,0,0,0,0,0,0,0,0,0,0,4,0,0,0,0,0,11,0,6,0,0,0,0,0,11,0,0,0,0,0,0,0,0,0,0,0,1,0,14,0,0,0,0,0,0,0,0,0,0,0,0,0,0,0,0,0,0,0,292,0,235,0,0,0,25,0,45,0,3,0,0,0,0,0,122,0,0,0,0,0,0,0,0,0,0,0,0,0,0,0,0,0,0,0,0,0,0,0,0,0,0,0,0,0,0,0,0,0,87,0,45,10,0,1,0,0,0,0,10,0,19,0,79,0,40,2,0,0,60,0,34,0,185,0,0,5,21,0,0,0,20,0,0,0,5,0,0,0,0,0,33,0,0,0,0,0,9,0,16,0,10,1,12,0,0,0,1,0,34,0,0,0,0,0,0,0,0,0,0,0,0,0,0,0,0,0,0,0,0,0,0,0,0,0,0,0,0,0,0,0,0,9,0,1,0,32,0,11,0,0,0,0
0,0,0,0,0,0,0,0,1,0,0,0,0,0,0,0,0,0,0,0,0,0,0,0,0,0,0,0,0,0,0,0,0,0,0,0,10,0,0,0,0,0,0,0,0,0,0,0,0,0,3,0,0,0,0,0,0,0,0,0,0,0,0,0,0,0,0,0,170,0,0,0,72,0,5,0,0,0,37,0,0,0,78,0,0,0,19,0,6,0,1,0,72,0,40,0,0,0,3,0,3,0,0,0,0,0,20,0,5,0,0,0,0,0,0,0,0,0,0,0,3,0,5,0,2,0,0,0,0,0,0,0,6,0,0,0,13,0,0,0,0,0,64,0,0,0,0,0,0,0,0,0,0,0,0,0,0,0,0,0,0,0,0,0,20,0,2,0,35,0,0,0,0,0,7,0,0,0,0,0,0,0,0,0,0,0,0,0,0,0,0,0,0,0,40,0,0,0,0,0,0,0,36,0,39,0,0,0,0,0,45,0,72,1,3,6,21,0,0,0,0,0,0,0,0
0,0,0,0,0,0,0,0,0,0,0,0,0,1,0,0,0,0,0,0,0,0,0,0,0,0,0,0,0,0,0,0,0,0,0,0,0,0,0,0,0,0,0,0,0,21,0,0,0,0,0,1,0,0,0,0,0,0,0,0,0,0,0,0,0,0,0,0,0,53,0,6,0,89,0,25,0,0,0,6,0,68,0,294,0,0,0,266,0,29,0,0,0,104,0,66,0,0,0,18,0,18,0,68,0,41,0,0,0,4,0,0,0,3,0,0,0,4,0,1,0,0,0,0,0,0,0,0,0,0,0,0,3,0,0,0,0,0,0,0,0,0,0,0,0,0,0,2,0,0,0,0,0,5,0,0,0,0,0,0,0,0,0,0,0,1,0,0,0,65,0,0,0,0,0,0,0,0,0,0,0,4,0,0,0,0,0,0,0,117,0,8,0,3,0,47,0,0,0,0,0,61,0,0,0,18,0,0,0,4,0,0,0,0,0,0,0,0,43,3,56,0,10,4,0
0,0,0,0,0,0,0,0,0,0,0,0,0,0,0,0,0,0,0,0,0,0,0,0,0,0,0,0,9,0,0,0,0,0,0,0,0,0,0,0,0,0,0,0,0,0,3,0,0,0,0,0,0,0,0,0,0,0,0,0,4,0,0,0,0,0,0,0,3,0,209,0,368,0,258,0,37,0,0,0,0,0,149,0,37,0,33,0,0,0,0,0,21,0,21,0,0,0,5,0,0,0,0,0,0,0,0,0,0,0,0,0,0,0,0,0,0,0,0,0,81,0,18,0,0,0,0,0,0,0,0,0,0,0,107,0,48,0,0,0,64,0,215,0,40,0,0,0,0,0,52,0,0,0,0,0,0,0,0,0,0,0,0,0,9,0,0,0,52,0,0,0,0,0,0,0,0,0,0,0,0,0,0,0,0,0,0,0,44,0,0,0,28,0,0,0,0,0,138,0,99,0,52,0,0,0,0,0,0,0,153,0,58,0,10,0,5,0,0,0,0,0,0,0,0
