0,404,127,288,39,0,71,176,150,45,113,41,86,0,5,116,123,110,13,0,0,0,64,106,18,463,24,0,82,0,0,0,0,0,0,0,71,0,370,19,9,0,0,0,0,0,35,0,5,0,0,0,5,1,0,33,0,0,0,0,64,0,64,22,3,0,0,0,0,0,0,0,0,0,0,0,0,0,0,0,0,0,0,0,0,0,0,0,0,0,0,0,0,0,0,0,0,0,0,0,0,0,0,0,0,0,0,0,0,0,0,0,0,0,0,0,0,0,0,0,0,0,0,0,10,0,9,0,0,0,0,0,0,0,0,0,0,0,0,0,1,0,0,0,0,0,7,0,13,0,6,0,0,0,1,0,0,0,0,0,0,0,3,0,0,0,8,0,42,0,18,9,268,0,0,0,192,134,17,0,0,0,41,0,8,0,0,0,0,0,0,0,1,0,0,0,3,0,0,0,0,0,0,0,0,0,0,0,0,0,396,273,199,0,185,0,0,0,0,16,51,0,0,0,0
404,0,308,90,0,103,218,50,167,41,0,239,0,62,28,60,93,135,0,131,0,50,219,37,313,63,0,168,18,59,0,0,0,103,0,0,0,143,30,391,0,4,0,0,0,0,0,0,0,0,0,0,5,32,31,12,0,4,0,4,0,413,28,282,0,46,0,8,0,0,0,0,0,0,0,0,0,0,0,0,0,0,0,0,0,3,0,0,0,0,0,0,0,0,0,0,0,0,0,0,0,0,0,0,0,0,0,0,0,0,0,0,0,0,0,0,0,0,0,2,0,0,0,0,0,19,0,47,0,0,0,14,0,0,0,0,0,6,0,0,0,0,0,0,0,0,0,10,0,52,0,0,0,20,0,0,0,12,0,0,0,1,0,0,0,18,0,30,0,45,0,125,0,249,0,4,160,210,0,0,0,0,10,33,0,51,0,0,0,0,0,0,0,0,0,0,0,0,0,0,0,0,0,0,0,0,0,0,0,34,10,8,0,0,437,0,0,0,1238,264,425,157,3,0,0
127,308,0,160,189,83,153,0,11,16,55,117,70,0,208,208,161,61,77,0,49,0,487,133,69,220,0,0,174,0,0,0,70,0,0,0,50,0,325,0,0,0,0,0,15,0,0,0,6,0,0,0,10,0,35,0,9,0,7,0,0,0,50,21,4,0,0,0,0,0,0,0,0,0,0,0,0,0,0,0,0,0,0,0,0,0,0,0,0,0,0,0,0,0,0,0,0,0,0,0,0,0,0,0,0,0,0,0,0,0,0,0,0,0,0,0,0,0,0,0,0,0,0,0,55,0,50,0,0,0,16,0,24,0,17,0,0,0,0,0,0,0,18,0,0,0,0,0,32,0,0,0,10,0,0,0,0,0,0,0,17,0,5,0,0,0,0,0,70,0,23,8,369,0,0,0,93,95,4,2,0,0,0,0,6,0,0,0,0,0,0,0,0,0,0,0,1,0,0,0,0,0,0,0,0,0,0,0,40,0,807,146,522,416,662,0,0,0,0,29,0,0,0,0,0
288,90,160,0,0,54,37,55,14,11,0,14,0,0,21,268,76,36,0,81,0,70,162,198,103,239,0,23,13,127,0,18,0,219,0,11,0,119,16,357,0,0,0,0,0,0,0,0,0,0,0,0,0,0,0,49,0,2,0,0,0,73,0,6,0,0,0,0,0,0,0,0,0,0,0,0,0,0,0,0,0,0,0,0,0,0,0,0,0,0,0,0,0,0,0,0,0,0,0,0,0,0,0,0,0,0,0,0,0,0,0,0,0,0,0,0,0,0,0,0,0,0,0,0,0,12,0,37,0,0,0,13,0,0,0,19,0,0,0,0,0,0,0,0,0,0,0,0,0,12,0,0,0,0,0,0,0,0,0,0,0,2,0,4,0,0,0,0,0,16,0,32,0,142,0,1,37,28,0,0,0,0,11,0,0,0,0,0,0,0,0,0,0,0,0,0,0,0,0,0,0,0,0,0,0,0,0,12,0,50,0,0,0,0,129,0,0,0,219,51,222,54,0,0,0
39,0,189,0,0,281,42,0,18,0,157,189,385,52,350,388,41,0,121,212,223,89,56,120,0,0,128,0,0,0,95,0,139,52,157,0,186,0,0,0,41,0,0,0,32,0,75,0,7,0,29,0,0,0,0,0,0,0,0,0,0,0,0,0,7,0,1,0,0,0,0,0,0,0,3,0,0,0,0,0,0,0,0,0,0,0,0,0,0,0,0,0,0,0,0,0,0,0,0,0,0,0,0,0,0,0,0,0,0,0,0,0,0,0,0,0,0,0,1,0,0,0,0,0,28,0,24,0,0,0,9,0,0,0,21,0,0,0,0,0,0,0,0,0,5,0,28,0,32,0,29,0,0,0,0,0,2,0,0,0,11,0,5,0,0,0,181,0,171,0,0,0,157,0,0,0,302,164,88,0,27,0,17,0,32,0,11,0,0,0,0,0,0,0,0,0,9,0,0,0,0,0,0,0,0,0,0,0,23,3,605,465,565,122,193,0,0,0,0,27,0,0,0,0,0
0,103,83,54,281,0,0,24,0,0,119,188,67,116,426,374,21,1,132,351,129,187,145,75,0,5,0,337,0,85,0,170,20,455,0,186,0,249,0,0,0,9,0,0,0,0,0,32,0,0,0,58,0,5,0,0,0,0,0,10,0,0,0,0,0,6,0,0,0,0,0,0,0,0,0,0,0,0,0,0,0,0,0,0,0,0,0,0,0,0,0,0,0,0,0,0,0,0,0,0,0,0,0,0,0,0,0,0,0,0,0,0,0,0,0,0,0,0,0,0,0,0,0,0,0,0,0,0,0,0,0,0,0,0,0,0,0,0,0,0,0,19,0,0,0,0,0,0,0,0,0,0,0,0,0,0,0,1,0,0,2,0,0,0,0,31,0,267,0,167,0,96,0,261,0,0,172,132,15,0,0,0,11,0,0,0,3,6,0,0,0,0,0,0,0,0,0,0,0,0,0,0,0,0,0,0,0,3,0,16,0,0,0,0,131,0,0,0,571,591,480,108,0,0,0
71,218,153,37,42,0,0,180,56,400,44,0,17,0,23,0,23,71,0,0,8,0,20,0,51,210,0,0,11,0,0,0,0,0,0,0,0,0,0,0,0,0,0,0,0,0,0,0,21,0,0,0,170,33,247,151,25,9,27,13,159,0,417,93,2,0,2,32,1,0,0,0,0,0,0,0,0,0,0,0,0,0,0,0,0,0,0,0,0,0,0,0,0,0,0,0,0,0,0,0,0,0,0,0,0,0,0,0,0,0,0,0,0,0,0,0,1,0,0,0,0,0,0,0,26,0,20,0,0,0,9,0,15,0,0,0,0,0,0,0,0,0,0,0,0,0,10,0,0,0,4,0,0,0,4,0,11,0,0,0,19,0,0,0,0,0,0,0,59,0,225,0,144,0,0,0,18,20,2,0,0,0,0,0,3,0,0,0,0,0,0,0,0,0,0,0,0,0,0,0,0,0,0,0,0,0,0,0,20,0,886,175,331,594,957,0,57,1,0,0,0,1,0,0,0
176,50,0,55,0,24,180,0,221,17,0,15,0,0,0,74,0,54,0,61,0,0,0,8,0,367,0,42,0,0,0,0,0,0,0,0,0,0,0,178,0,0,0,0,0,0,0,0,0,6,0,0,17,42,55,286,0,13,0,4,0,323,28,197,0,0,0,1,0,0,0,0,0,0,0,0,0,2,0,0,0,0,0,0,0,0,0,0,0,0,0,0,0,0,0,0,0,0,0,0,0,0,0,0,0,0,0,0,0,0,0,0,0,0,0,0,0,0,0,0,0,0,0,0,0,12,0,37,0,0,0,27,1,2,0,0,0,22,0,0,0,0,0,0,0,0,0,0,0,13,0,0,0,0,0,0,0,0,0,0,0,3,0,0,0,0,0,11,1,25,0,112,0,176,0,0,27,0,0,0,0,0,0,0,0,5,0,0,0,0,0,0,0,2,0,0,0,0,0,0,0,0,0,0,0,0,0,0,0,37,2,7,0,1,637,0,0,0,790,31,453,352,0,0,0
150,167,11,14,18,0,56,221,0,841,0,0,15,0,16,0,20,49,12,0,0,0,1,0,17,165,0,0,0,0,0,0,0,0,0,0,0,0,15,0,0,0,0,0,0,0,14,0,2,0,0,0,70,49,27,316,26,48,45,49,87,0,148,48,89,0,116,90,0,0,0,0,0,0,0,0,0,0,0,0,0,0,0,0,0,0,0,0,0,0,0,0,0,0,0,0,0,0,0,0,0,0,0,0,0,0,2,0,0,0,0,0,0,0,0,0,0,0,0,0,0,0,0,0,48,0,14,0,0,0,34,0,0,0,6,0,3,0,0,0,0,0,0,0,0,0,33,0,112,0,18,0,16,0,7,3,16,3,0,0,36,0,0,0,0,0,3,0,15,0,80,0,41,0,0,2,267,50,9,0,1,0,10,4,131,36,0,0,0,0,0,0,0,0,0,0,5,0,0,0,2,0,0,0,0,0,0,0,14,0,371,118,88,0,224,0,0,0,0,0,0,0,0,0,0
45,41,16,11,0,0,400,17,841,0,0,16,0,0,0,18,0,0,0,17,0,0,6,0,42,9,0,30,0,0,0,0,0,0,0,2,0,0,0,0,0,1,0,0,0,0,0,0,0,0,0,0,131,124,339,124,19,10,87,7,0,269,33,165,0,126,112,82,0,2,0,0,0,0,0,0,0,0,0,0,0,0,0,1,0,0,0,0,0,0,0,0,0,0,0,0,0,0,0,0,0,0,0,1,0,0,0,0,0,0,0,0,0,0,0,0,0,0,0,0,0,0,0,0,0,25,0,48,0,0,0,30,0,1,0,1,0,2,0,0,0,0,0,0,0,0,0,0,0,46,0,4,0,9,0,1,0,42,0,0,0,13,0,0,0,0,0,0,0,0,0,127,0,60,0,0,70,109,0,0,0,0,0,11,35,332,0,0,0,0,0,1,0,1,0,0,0,0,0,0,0,0,0,0,0,0,0,13,0,19,0,0,0,0,595,0,0,0,843,54,167,0,2,0,0
113,0,55,0,157,119,44,0,0,0,0,47,308,2,51,166,21,0,26,0,66,22,35,76,0,3,0,0,0,0,40,0,288,0,0,0,141,10,0,0,27,0,0,0,0,0,42,0,0,0,15,0,1,0,0,0,0,0,0,0,2,0,0,0,0,0,0,0,0,0,0,0,0,0,0,0,0,0,0,0,0,0,0,0,0,0,0,0,0,0,0,0,0,0,0,0,0,0,0,0,0,0,0,0,0,0,0,0,0,0,0,0,0,0,0,0,0,0,0,0,0,0,0,0,0,0,0,0,0,0,0,0,0,0,0,0,0,0,0,0,0,0,0,0,0,0,0,0,20,0,0,0,39,0,2,0,0,0,0,0,0,0,0,0,0,0,90,0,50,0,0,3,105,0,0,0,250,67,61,0,0,0,0,1,38,0,5,0,0,0,1,0,0,0,0,0,0,0,0,0,0,0,0,0,0,0,0,0,0,0,245,298,300,0,83,0,0,0,8,0,0,0,0,0,0
41,239,117,14,189,188,0,15,0,16,47,0,30,504,362,38,10,22,68,112,95,86,126,87,15,0,0,401,0,22,8,74,14,297,0,87,20,226,0,0,0,56,0,0,0,0,0,78,0,10,5,49,0,0,0,0,0,2,0,0,0,0,0,0,0,28,0,6,0,0,0,0,0,0,0,0,0,0,0,0,0,0,0,0,0,0,0,0,0,0,0,0,0,0,0,0,0,0,0,0,0,6,0,0,0,0,0,0,0,0,0,0,0,0,0,0,0,0,0,4,0,0,0,0,0,0,0,26,0,0,0,0,0,0,0,0,0,4,0,0,0,0,0,0,0,0,0,0,0,29,0,0,0,41,0,0,0,0,0,0,0,0,0,0,0,0,0,114,0,59,0,42,0,140,0,30,119,201,7,17,0,158,12,23,0,57,0,5,0,0,0,0,0,0,0,0,0,4,0,0,0,0,0,0,0,0,0,0,0,34,8,0,0,0,73,0,0,0,374,434,286,38,11,0,0
86,0,70,0,385,67,17,0,15,0,308,30,0,97,79,91,0,0,140,347,156,196,33,0,0,0,130,277,0,0,0,0,9,23,219,42,43,19,0,0,88,0,67,18,46,10,216,0,7,0,239,25,3,0,0,0,0,0,0,0,0,0,0,0,12,0,0,0,0,0,0,0,0,0,0,0,6,0,0,0,0,0,0,0,0,0,0,0,0,0,0,0,0,0,0,0,0,0,0,0,0,0,0,0,0,0,0,0,0,0,0,0,0,0,0,0,0,0,0,0,0,0,0,0,25,0,14,0,0,0,0,0,0,0,0,0,0,0,0,0,0,0,0,0,0,0,0,0,26,0,0,0,39,0,0,0,0,0,0,0,0,0,0,0,129,0,35,0,148,0,0,0,10,0,0,0,226,78,121,0,43,0,27,0,41,0,123,8,0,0,0,0,0,0,0,0,0,0,0,0,0,0,0,0,0,0,0,0,14,0,37,412,209,18,0,0,0,0,0,16,0,0,0,0,0
0,62,0,0,52,116,0,0,0,0,2,504,97,0,26,0,0,0,302,21,99,25,0,0,0,0,253,281,0,0,0,0,0,0,29,199,0,112,0,0,81,132,52,160,0,64,42,316,0,106,48,341,0,0,0,0,0,0,0,0,0,0,0,0,0,0,0,0,0,6,0,0,0,0,0,0,0,0,0,0,0,43,0,0,0,0,0,0,0,0,0,0,0,0,0,0,0,0,0,0,0,0,0,0,0,0,0,0,0,0,0,0,0,0,0,0,0,0,0,2,0,0,0,0,0,0,0,0,0,0,0,0,0,0,0,0,0,0,0,0,0,0,0,0,0,0,0,0,0,0,0,4,0,0,0,0,0,0,0,0,0,0,0,0,11,37,0,42,0,114,0,8,0,31,0,0,44,184,2,8,0,14,0,3,0,3,41,89,0,0,0,8,0,0,0,29,0,0,0,0,0,0,0,0,0,0,0,0,0,0,0,0,12,0,0,0,0,0,22,307,193,0,0,0,0
5,28,208,21,350,426,23,0,16,0,51,362,79,26,0,615,4,14,521,144,244,116,304,243,113,0,260,20,0,0,77,28,46,116,21,30,168,61,4,24,11,0,0,0,22,1,53,0,0,0,0,0,0,0,23,0,0,0,0,0,0,5,0,0,7,2,0,0,0,0,5,0,0,0,0,0,3,0,0,0,0,0,0,0,0,0,0,0,0,0,0,0,0,0,0,0,0,0,0,0,0,0,0,0,0,0,0,0,0,0,0,0,0,0,0,0,0,0,0,0,0,0,0,0,60,0,52,0,0,0,27,0,0,0,54,0,42,0,0,0,0,0,0,0,0,0,43,0,46,0,30,0,11,0,1,0,0,0,0,0,19,0,3,0,0,0,116,0,44,9,7,6,41,0,0,0,113,68,10,0,0,0,9,0,10,0,0,0,0,0,0,0,0,0,0,0,0,0,0,0,0,0,0,0,0,0,0,0,58,0,125,250,209,21,50,0,0,0,26,39,67,3,0,0,0
116,60,208,268,388,374,0,74,0,18,166,38,91,0,615,0,47,29,147,259,159,257,319,158,51,68,6,30,0,37,21,67,31,75,17,11,35,34,0,9,0,0,0,0,0,0,0,0,0,0,0,14,0,0,0,150,1,23,0,17,0,18,0,3,0,0,0,0,0,0,0,0,0,0,0,3,0,0,0,0,0,77,0,15,0,34,0,31,0,0,0,0,0,0,0,51,0,0,0,66,0,65,0,0,0,0,0,0,0,0,0,0,0,0,0,0,0,0,0,0,0,0,0,0,0,0,0,86,0,0,0,0,0,0,0,152,0,315,0,25,0,9,0,0,3,0,0,0,0,24,0,7,0,0,0,13,0,5,0,2,0,0,0,3,0,0,0,49,0,23,0,17,15,48,0,0,56,39,14,0,1,0,20,0,2,6,1,0,0,0,0,0,0,0,0,0,0,0,0,18,0,0,0,0,0,0,0,15,0,57,0,0,50,0,31,0,0,0,90,267,47,16,0,0,0
123,93,161,76,41,21,23,0,20,0,21,10,0,0,4,47,0,17,47,0,180,0,38,63,100,75,148,0,73,0,52,0,117,0,10,0,28,0,201,0,0,0,33,0,32,0,0,0,4,0,15,0,204,0,27,0,20,0,0,0,4,0,110,6,0,2,0,0,0,0,3,0,0,0,19,0,0,0,0,0,97,0,0,0,144,0,35,0,0,0,0,0,0,0,0,0,173,0,153,0,0,0,0,0,0,0,0,0,0,0,0,0,0,0,0,0,0,0,0,0,19,0,18,0,0,0,22,0,100,0,0,0,0,0,9,0,166,0,81,0,126,0,314,0,7,0,0,0,0,0,0,0,0,0,61,0,0,0,117,0,14,0,0,0,4,0,9,0,0,0,3,0,32,0,0,0,59,15,0,1,0,0,53,0,0,0,0,0,0,0,0,0,0,0,0,0,0,0,0,0,23,0,0,0,0,0,0,0,0,0,0,354,37,21,0,0,4,0,8,0,10,1,0,0,0
110,135,61,36,0,1,71,54,49,0,0,22,0,0,14,29,17,0,0,3,0,101,44,178,86,50,0,0,0,60,0,12,0,43,0,0,0,15,0,216,0,0,0,0,0,0,0,0,0,0,0,0,1,90,5,63,0,89,0,9,0,31,8,103,0,0,0,0,0,0,0,0,0,0,0,0,0,0,0,0,0,72,0,0,0,60,0,19,0,0,0,0,0,0,0,0,0,0,0,116,0,108,0,0,0,0,0,0,0,0,0,0,0,0,0,0,0,0,0,0,0,10,0,0,0,25,0,86,0,171,0,41,0,93,0,132,0,322,0,139,0,41,0,148,0,0,0,0,0,0,0,0,0,0,1,82,0,0,0,124,0,12,0,0,0,5,0,0,0,0,0,2,0,11,0,0,11,40,0,0,0,0,0,0,0,0,0,0,0,0,0,0,0,0,0,0,0,0,0,0,2,0,0,0,0,0,0,0,0,0,2,0,0,0,0,0,0,0,5,353,11,1,0,0,0
13,0,77,0,121,132,0,0,12,0,26,68,140,302,521,147,47,0,0,804,514,362,251,5,0,0,174,331,7,0,71,19,10,25,119,134,63,45,0,1,7,12,10,0,7,9,10,0,0,1,125,0,0,0,0,0,0,0,0,0,0,0,10,0,8,0,0,0,0,0,16,0,0,0,0,0,0,0,0,0,0,0,0,0,0,0,0,0,0,0,0,0,0,0,0,0,0,0,0,0,0,0,0,0,0,0,0,0,0,0,0,0,0,0,0,0,0,0,0,0,0,0,0,0,0,0,0,0,0,0,0,0,0,0,47,0,94,0,0,0,0,0,0,0,0,0,0,0,0,0,0,0,11,0,0,0,0,0,0,0,0,0,9,0,65,0,85,0,96,0,0,0,0,5,0,0,102,98,23,0,0,0,19,0,28,0,28,0,0,0,0,0,0,0,0,0,7,0,0,0,0,1,0,0,0,0,0,0,0,0,82,251,124,30,24,0,0,0,0,28,0,0,0,0,0
0,131,0,81,212,351,0,61,0,17,0,112,347,21,144,259,0,3,804,0,294,540,0,37,0,0,257,219,0,12,20,59,0,75,129,375,0,124,0,0,59,5,0,74,13,19,24,16,0,32,107,271,0,23,0,0,0,0,0,0,0,19,0,15,0,0,0,0,0,0,0,0,0,0,0,0,0,0,0,0,0,218,0,0,0,0,0,0,0,0,0,14,0,0,0,0,0,0,0,113,0,142,0,0,0,0,0,0,0,0,0,0,0,0,0,0,0,0,0,0,0,0,0,0,0,23,0,0,0,0,0,0,0,0,0,66,0,117,0,0,0,0,0,0,0,0,0,0,0,32,0,0,0,0,0,0,0,0,0,0,0,7,0,1,0,27,0,109,0,126,0,45,0,40,0,0,109,142,5,2,0,0,1,0,0,53,50,42,0,0,0,0,0,0,0,0,0,0,0,0,0,23,0,0,0,0,0,0,0,59,0,0,0,0,29,0,0,0,107,269,171,28,8,0,0
0,0,49,0,223,129,8,0,0,0,66,95,156,99,244,159,180,0,514,294,0,174,131,53,112,0,243,239,31,0,76,0,48,27,37,39,31,17,2,0,0,0,52,0,6,7,0,0,0,0,29,0,29,0,14,0,9,0,0,0,0,0,30,0,0,0,0,0,0,0,16,0,3,0,15,0,0,0,0,0,0,0,0,0,202,0,0,0,0,0,173,0,0,0,0,0,255,0,206,0,0,0,0,0,0,0,149,0,0,0,0,0,0,0,0,0,0,0,0,0,0,0,0,0,0,0,0,0,49,0,0,0,0,0,11,0,113,0,41,0,72,0,258,0,14,0,0,0,0,0,0,0,0,0,0,0,0,0,47,0,3,0,0,1,30,0,111,0,74,0,0,0,17,0,0,0,102,32,85,0,0,0,0,0,0,0,0,0,0,0,0,0,0,0,0,0,0,0,0,0,0,0,0,0,0,0,0,0,33,0,132,545,135,43,10,0,0,0,0,0,0,0,0,0,0
0,50,0,70,89,187,0,0,0,0,22,86,196,25,116,257,0,101,362,540,174,0,0,78,0,33,134,137,0,132,0,78,7,85,55,56,0,32,0,32,0,0,0,46,0,102,0,7,1,29,42,50,0,26,0,48,0,0,0,0,0,0,0,58,0,12,0,0,0,0,0,0,0,4,0,9,0,0,0,0,0,614,0,62,0,239,0,201,0,0,0,0,0,0,0,172,0,0,0,429,0,411,0,0,0,0,0,0,0,0,0,0,0,0,0,0,0,0,0,0,0,0,0,0,0,0,0,0,0,91,0,0,0,76,0,207,1,391,0,189,0,107,0,412,0,0,0,0,0,0,0,0,0,0,0,39,0,0,0,0,5,0,0,0,0,41,0,114,0,114,0,30,0,31,0,0,12,55,0,4,0,0,0,0,0,0,19,0,0,0,0,0,0,0,0,0,0,0,0,0,0,0,0,0,0,0,0,0,0,0,0,3,0,0,21,0,0,0,195,313,167,26,0,0,0
64,219,487,162,56,145,20,0,1,6,35,126,33,0,304,319,38,44,251,0,131,0,0,233,162,175,175,0,44,0,10,0,19,0,0,0,10,40,89,39,4,0,0,0,24,0,61,0,0,1,3,0,0,1,77,0,15,0,0,0,8,0,0,6,0,1,0,0,0,0,0,0,0,0,0,0,0,0,0,0,0,0,0,0,24,0,0,0,0,0,37,0,1,0,0,0,49,0,0,0,0,0,0,0,0,0,0,0,0,0,0,0,0,0,0,0,0,0,0,0,0,0,0,0,6,2,0,0,0,0,0,0,0,0,75,0,184,0,7,0,19,0,176,0,0,2,4,0,0,0,0,0,0,0,9,0,0,0,0,0,8,0,0,0,0,0,17,0,0,0,0,9,59,0,0,0,61,46,0,0,0,0,15,0,0,0,0,0,0,0,0,0,0,0,0,0,3,0,0,0,0,0,0,0,0,0,0,0,44,0,53,346,103,52,62,1,0,0,43,22,52,0,0,0,0
106,37,133,198,120,75,0,8,0,0,76,87,0,0,243,158,63,178,5,37,53,78,233,0,85,61,3,5,0,28,7,10,14,19,0,2,0,5,0,21,0,0,0,0,0,4,0,0,0,1,0,0,0,14,0,27,0,14,0,0,0,0,0,4,0,0,0,0,0,0,0,0,0,0,0,0,0,0,0,0,0,40,0,0,0,22,0,0,0,0,0,0,0,0,0,0,0,0,0,39,0,79,0,0,0,0,0,0,0,0,0,0,0,0,0,0,0,0,0,0,0,0,1,0,0,0,0,0,0,0,0,0,0,0,0,72,0,114,0,22,0,5,0,33,0,2,0,0,0,0,0,0,0,0,0,17,0,0,0,0,0,0,0,0,0,0,0,3,0,0,0,0,6,3,0,0,10,33,0,6,0,0,0,4,2,0,0,0,0,0,0,0,0,0,0,0,0,0,0,0,0,3,0,0,0,0,0,0,0,0,0,0,18,0,0,0,0,0,7,629,0,0,0,0,0
18,313,69,103,0,0,51,0,17,42,0,15,0,0,113,51,100,86,0,0,112,0,162,85,0,346,0,0,70,0,0,0,0,0,0,0,0,0,46,0,0,0,0,0,19,0,0,0,8,0,0,0,140,0,245,12,59,0,7,0,26,0,235,52,0,0,0,0,0,0,0,0,0,0,3,0,0,0,0,0,0,0,0,0,0,0,0,0,0,0,0,0,0,0,0,0,0,0,0,0,0,0,0,0,0,0,0,0,0,0,0,0,0,0,0,0,0,0,0,0,0,1,0,0,17,0,28,0,59,0,0,0,23,0,153,0,338,0,14,2,25,3,360,0,0,0,8,0,0,0,0,0,0,0,14,0,0,0,17,0,37,0,0,0,0,0,0,0,20,0,35,0,87,0,0,0,0,16,0,0,0,0,14,0,0,0,0,0,0,0,0,0,0,0,0,0,0,0,5,0,70,0,0,0,0,0,0,0,117,0,115,141,120,259,254,0,29,0,0,7,0,0,0,0,0
463,63,220,239,0,5,210,367,165,9,3,0,0,0,0,68,75,50,0,0,0,33,175,61,346,0,0,0,16,15,0,0,0,2,0,0,0,2,28,35,0,0,0,0,0,0,0,0,0,0,0,0,3,2,14,93,0,31,0,18,3,30,46,39,0,0,0,0,0,0,0,0,0,0,0,0,0,0,0,0,0,0,0,0,0,0,0,0,0,0,0,6,0,0,0,0,0,0,0,0,0,0,0,0,0,0,0,0,0,0,0,0,0,0,0,0,0,0,0,0,0,0,0,0,0,0,0,43,0,43,0,0,0,0,0,95,0,203,0,0,0,6,0,17,0,0,0,0,0,0,0,0,0,0,0,23,0,2,0,5,0,5,0,0,0,0,0,0,0,3,0,0,0,9,0,0,28,22,0,2,0,0,3,6,0,0,0,0,0,0,0,0,0,0,0,0,0,0,0,0,0,0,0,0,0,0,0,11,1,29,0,0,0,0,6,0,0,0,12,182,8,0,0,0,0
24,0,0,0,128,0,0,0,0,0,0,0,130,253,260,6,148,0,174,257,243,134,175,3,0,0,0,752,45,0,11,0,5,0,41,9,48,8,0,0,24,178,123,38,87,74,55,95,49,0,202,37,0,0,15,0,0,0,0,0,2,0,69,0,6,0,0,0,0,0,35,0,0,0,60,0,0,0,0,0,0,0,0,0,0,0,0,0,0,0,0,0,0,0,0,0,530,0,503,0,197,0,0,0,0,0,0,0,0,0,0,0,1,0,0,0,0,0,0,0,0,0,0,0,0,0,0,0,0,0,0,0,0,0,0,0,197,0,87,0,0,0,534,0,0,0,0,0,0,0,0,0,0,0,0,0,1,0,0,0,0,0,0,0,186,0,0,0,59,3,0,0,0,0,0,0,21,52,29,0,0,0,23,0,28,0,138,35,0,0,0,0,0,0,3,0,0,0,0,0,0,0,0,0,0,0,0,0,71,0,35,428,202,0,0,0,0,0,0,0,0,0,0,0,0
0,168,0,23,0,337,0,42,0,30,0,401,277,281,20,30,0,0,331,219,239,137,0,5,0,0,752,0,0,0,0,0,0,0,70,94,0,32,0,0,344,7,285,298,159,153,211,111,5,59,228,257,0,7,0,0,0,0,0,0,0,0,0,0,0,39,0,0,0,6,0,0,0,0,0,0,0,0,0,0,0,0,0,29,0,30,0,0,0,0,0,0,0,0,1,0,0,0,0,0,0,81,0,0,0,0,0,0,0,0,0,0,0,0,0,0,0,1,0,0,0,0,0,0,0,0,0,0,0,0,0,0,0,0,0,0,0,0,0,0,0,0,0,0,0,0,0,0,0,53,0,0,0,0,0,0,0,0,0,0,0,0,0,0,0,38,0,19,6,68,0,0,0,8,0,0,22,117,4,3,0,0,0,0,0,37,109,117,0,0,0,0,0,0,0,0,0,0,0,0,0,0,0,0,0,0,0,0,0,72,0,18,0,0,0,0,0,0,32,398,192,11,0,0,1
82,18,174,13,0,0,11,0,0,0,0,0,0,0,0,0,73,0,7,0,31,0,44,0,70,16,45,0,0,0,9,0,7,0,9,0,12,0,20,0,0,0,71,0,29,0,0,0,0,0,9,0,0,0,1,0,0,0,0,0,0,0,5,0,0,0,0,0,0,0,0,0,0,0,0,0,0,0,0,0,0,0,0,0,0,0,0,0,0,0,0,0,0,0,0,0,0,0,0,0,0,0,0,0,0,0,0,0,0,0,0,0,0,0,0,0,0,0,0,0,0,0,0,0,0,0,0,0,0,0,0,0,0,0,0,0,0,0,33,0,13,0,6,0,7,0,0,0,0,0,0,0,0,0,5,0,0,0,12,0,1,0,0,0,0,0,0,0,0,0,0,0,0,0,0,0,34,9,0,0,0,0,12,0,0,0,0,0,0,0,0,0,0,0,0,0,0,0,0,0,0,0,0,0,0,0,0,0,0,0,17,127,0,0,0,0,0,0,0,0,0,0,0,0,0
0,59,0,127,0,85,0,0,0,0,0,22,0,0,0,37,0,60,0,12,0,132,0,28,0,15,0,0,0,0,0,41,0,80,0,122,0,20,0,49,0,0,0,5,0,0,0,0,0,0,0,21,0,13,0,16,0,0,0,0,0,18,0,67,0,0,0,0,0,0,0,0,0,0,0,0,0,0,0,0,0,0,0,0,0,28,0,0,0,0,0,0,0,0,0,0,0,0,0,24,0,0,0,0,0,0,0,0,0,0,0,0,0,0,0,0,0,0,0,0,0,0,0,2,0,0,0,0,0,20,0,6,0,22,0,24,0,108,0,93,0,24,0,79,0,0,0,0,0,0,0,0,0,0,0,9,0,0,0,33,0,0,0,0,0,0,0,0,0,0,0,0,0,0,0,0,0,4,0,0,0,1,0,0,0,2,0,0,0,0,0,0,0,1,0,0,0,0,0,0,0,0,0,0,0,0,0,0,0,0,0,0,0,0,0,0,0,0,9,9,6,0,0,0,0
0,0,0,0,95,0,0,0,0,0,40,8,0,0,77,21,52,0,71,20,76,0,10,7,0,0,11,0,9,0,0,0,0,0,21,0,35,0,3,0,0,0,71,0,5,0,0,0,0,0,5,0,0,0,0,0,0,0,0,0,0,0,14,0,0,0,0,0,0,0,0,0,0,0,0,0,0,0,0,0,21,0,0,0,0,0,0,0,4,0,0,0,0,0,0,0,48,0,0,0,0,0,0,0,0,0,0,0,0,0,0,0,0,0,0,0,0,0,0,0,0,0,5,0,0,0,0,0,0,0,0,0,0,0,0,0,16,0,0,0,0,0,59,0,0,0,0,0,0,0,0,0,0,0,0,0,0,0,10,0,0,0,0,0,0,0,28,0,23,0,0,0,0,0,0,0,19,0,34,0,0,0,0,0,0,0,0,0,0,0,0,0,0,0,0,0,0,0,0,0,0,0,0,0,0,0,0,0,0,0,40,122,48,7,0,0,0,0,1,0,0,0,0,0,0
0,0,0,18,0,170,0,0,0,0,0,74,0,0,28,67,0,12,19,59,0,78,0,10,0,0,0,0,0,41,0,0,0,4,0,32,0,16,0,8,0,0,0,9,0,3,0,0,0,0,0,17,0,0,0,0,0,0,0,0,0,4,0,13,0,0,0,0,0,0,0,0,0,0,0,0,0,0,0,0,0,85,0,0,0,30,0,22,0,0,0,0,0,0,0,0,0,0,0,51,0,0,0,0,0,0,0,0,0,0,0,0,0,0,0,0,0,0,0,0,0,0,0,0,0,0,0,0,0,0,0,0,0,18,0,0,0,50,0,0,0,0,0,77,0,0,0,0,0,3,0,0,0,0,0,0,0,0,0,0,0,0,0,0,0,0,0,9,0,0,0,6,0,0,0,0,0,25,0,4,0,0,0,0,0,0,0,0,0,0,0,0,0,0,0,0,0,0,0,0,0,0,0,0,0,0,0,0,0,0,0,0,0,0,0,0,0,0,23,44,16,5,0,0,0
0,0,70,0,139,20,0,0,0,0,288,14,9,0,46,31,117,0,10,0,48,7,19,14,0,0,5,0,7,0,0,0,0,8,4,0,186,0,3,0,0,0,8,0,4,0,0,0,0,0,0,0,0,0,0,0,0,0,0,0,2,0,39,0,0,0,0,0,0,0,21,0,0,0,28,0,0,0,0,0,84,0,0,0,109,0,0,0,0,0,68,0,0,0,0,0,92,0,167,0,0,0,0,0,0,0,0,0,0,0,0,0,0,0,0,0,0,0,0,0,0,0,0,0,0,0,0,0,0,0,0,0,0,0,0,0,34,0,38,0,88,0,124,0,0,0,0,0,0,0,0,0,0,0,7,0,0,0,0,1,0,0,0,0,0,0,40,0,11,0,0,0,8,0,0,0,49,0,43,0,0,0,31,0,0,0,0,0,0,0,0,0,0,0,0,0,0,0,0,0,0,0,0,0,0,0,0,0,3,0,32,224,56,6,9,0,0,0,0,0,0,0,0,0,0
0,103,0,219,52,455,0,0,0,0,0,297,23,0,116,75,0,43,25,75,27,85,0,19,0,2,0,0,0,80,0,4,8,0,5,76,0,276,0,29,0,0,0,23,0,5,0,0,0,0,0,71,0,25,0,15,0,0,0,0,0,19,0,29,0,15,0,0,0,0,0,0,0,0,0,0,0,0,0,0,0,0,0,0,0,25,0,0,0,0,0,0,0,0,0,0,0,0,0,0,0,0,0,0,0,0,0,0,0,0,0,0,0,0,0,0,0,0,0,0,0,0,0,0,0,0,0,0,0,9,0,0,0,0,0,13,0,0,1,30,0,0,0,86,0,0,0,0,0,0,0,0,0,10,0,16,0,7,0,28,0,0,0,0,0,0,0,73,0,6,0,0,0,18,0,0,0,150,0,35,0,0,0,0,0,21,0,0,0,0,0,0,0,0,0,0,0,0,0,0,0,0,0,0,0,0,0,0,0,0,0,0,0,0,30,0,0,0,140,206,66,27,0,0,0
0,0,0,0,157,0,0,0,0,0,0,0,219,29,21,17,10,0,119,129,37,55,0,0,0,0,41,70,9,0,21,0,4,5,0,12,156,0,0,0,0,0,22,0,5,3,0,0,0,0,54,15,0,0,0,0,0,0,0,0,0,0,3,0,0,0,0,0,0,0,0,0,1,0,0,0,0,0,0,0,0,0,0,0,0,0,0,0,0,0,0,0,0,0,0,0,0,0,0,0,0,0,1,0,0,0,6,0,0,0,0,0,0,0,0,0,0,0,0,0,0,0,0,0,0,0,0,0,0,0,0,0,0,0,0,0,0,0,0,0,5,0,9,0,0,0,0,0,0,0,0,0,0,0,0,0,0,0,0,0,0,0,0,0,48,0,35,0,48,0,6,0,5,0,0,0,62,0,39,0,0,0,0,0,0,0,13,0,0,0,0,0,0,0,0,0,0,0,0,0,0,0,0,0,0,0,0,0,0,0,23,197,110,19,0,0,0,0,0,0,0,0,0,0,0
0,0,0,11,0,186,0,0,0,2,0,87,42,199,30,11,0,0,134,375,39,56,0,2,0,0,9,94,0,122,0,32,0,76,12,0,4,59,0,22,0,0,0,7,0,16,0,0,0,0,0,29,0,0,0,5,0,2,0,0,0,0,0,21,0,0,0,0,0,1,0,0,0,0,0,0,0,0,0,0,0,0,0,0,0,0,0,0,0,0,0,0,0,0,0,0,0,0,0,0,0,0,0,0,0,0,0,2,0,0,0,0,0,0,0,0,0,0,0,0,0,0,0,3,0,0,0,0,0,0,0,0,0,5,0,0,0,0,0,72,0,0,0,70,0,0,0,0,0,0,0,0,0,0,0,18,0,0,0,52,0,3,0,0,0,4,0,41,0,28,0,8,0,22,0,0,13,88,0,5,0,11,0,0,0,0,6,0,0,0,0,0,0,0,0,0,0,0,0,0,0,0,0,0,0,0,0,0,0,0,0,0,0,0,4,0,0,0,28,96,70,11,0,0,0
71,0,50,0,186,0,0,0,0,0,141,20,43,0,168,35,28,0,63,0,31,0,10,0,0,0,48,0,12,0,35,0,186,0,156,4,0,0,82,0,0,0,92,0,91,0,0,0,0,0,14,0,16,0,4,0,0,0,0,0,6,0,31,0,0,0,0,0,0,0,52,0,0,0,36,0,0,0,0,0,0,0,0,0,0,0,0,0,0,0,55,0,0,0,0,0,58,0,188,0,0,0,0,0,0,0,0,0,0,0,0,0,0,0,0,0,0,0,0,0,15,0,0,0,0,0,0,0,3,0,0,0,0,0,0,0,14,0,176,0,141,0,65,0,92,0,0,0,3,0,0,0,0,0,41,0,0,0,45,0,6,0,0,0,0,0,29,0,77,0,0,0,18,0,0,0,45,0,56,0,0,0,20,0,0,0,0,0,0,0,0,0,0,0,0,0,0,0,0,0,0,0,0,0,0,0,0,0,0,0,54,106,40,20,0,0,0,0,5,0,0,0,0,0,0
0,143,0,119,0,249,0,0,0,0,10,226,19,112,61,34,0,15,45,124,17,32,40,5,0,2,8,32,0,20,0,16,0,276,0,59,0,0,0,46,0,8,0,41,0,0,0,0,0,0,2,27,0,7,0,6,0,0,0,0,0,18,0,33,0,0,0,0,0,0,0,3,0,0,0,0,0,0,0,0,0,41,0,0,0,15,0,17,0,0,0,0,0,0,0,0,0,0,0,15,0,0,0,4,0,0,0,0,0,0,0,0,0,0,0,0,0,0,0,0,0,0,0,0,0,0,0,15,0,14,0,0,0,0,0,0,0,50,0,104,0,37,0,95,0,33,0,0,0,0,0,0,0,0,0,34,0,12,0,66,0,0,0,0,0,4,0,13,0,38,0,8,0,42,0,2,27,81,0,19,0,0,3,21,0,19,0,0,0,7,0,0,0,0,0,0,0,0,0,0,0,0,0,0,0,0,0,0,0,0,0,0,0,0,18,0,0,0,54,246,48,7,0,0,0
370,30,325,16,0,0,0,0,15,0,0,0,0,0,4,0,201,0,0,0,2,0,89,0,46,28,0,0,20,0,3,0,3,0,0,0,82,0,0,0,0,0,3,0,0,0,0,0,0,0,0,0,3,0,0,0,0,0,0,0,0,0,11,0,0,0,0,0,0,0,0,0,0,0,1,0,0,0,0,0,0,0,0,0,0,0,0,0,0,0,0,0,0,0,0,0,0,0,6,0,0,0,0,0,0,0,0,0,0,0,0,0,0,0,0,0,0,0,0,0,0,0,0,0,0,0,0,0,0,0,0,0,0,0,0,0,0,0,15,0,5,0,9,0,8,0,0,0,0,0,0,0,0,0,11,0,0,0,8,0,0,0,0,0,0,0,17,0,0,0,0,0,77,0,0,0,91,11,0,0,0,0,81,0,0,0,0,0,0,0,0,0,0,0,0,0,0,0,0,0,0,0,0,0,0,0,0,0,0,0,53,373,10,12,16,0,1,0,0,0,0,0,0,0,0
19,391,0,357,0,0,0,178,0,0,0,0,0,0,24,9,0,216,1,0,0,32,39,21,0,35,0,0,0,49,0,8,0,29,0,22,0,46,0,0,0,0,0,11,0,0,0,0,0,0,0,18,0,35,0,29,0,4,0,0,0,17,0,93,0,0,0,0,0,0,0,0,0,0,0,0,0,0,0,0,0,0,0,0,0,0,0,0,0,0,0,0,0,0,0,0,0,0,0,0,0,0,0,0,0,0,0,0,0,0,0,0,0,0,0,0,0,0,0,0,0,0,0,0,0,0,0,0,0,0,0,0,0,0,0,14,0,57,0,49,0,11,0,46,0,0,0,0,0,0,0,0,0,0,0,18,0,6,0,46,0,0,0,0,0,0,0,1,0,0,0,0,0,11,0,0,12,66,0,0,0,0,0,0,0,0,0,0,0,0,0,0,0,0,0,0,0,0,0,0,0,0,0,0,0,0,0,0,0,0,0,0,0,0,8,0,0,0,31,110,0,6,0,1,0
9,0,0,0,41,0,0,0,0,0,27,0,88,81,11,0,0,0,7,59,0,0,4,0,0,0,24,344,0,0,0,0,0,0,0,0,0,0,0,0,0,137,56,20,27,68,90,126,74,13,24,11,0,0,0,0,0,0,0,0,0,0,0,0,0,0,0,0,3,0,0,0,0,0,5,0,0,0,0,0,0,0,0,0,0,0,0,0,0,0,0,0,0,0,0,0,29,0,55,0,0,0,0,0,0,0,0,0,0,0,0,0,0,0,0,0,0,0,0,0,4,0,0,0,0,0,0,0,0,0,0,0,0,0,0,0,0,0,0,0,0,0,0,0,0,0,0,0,0,0,0,0,0,0,0,0,0,0,0,0,0,0,2,0,41,0,0,0,15,0,0,0,0,0,0,0,55,29,32,0,24,0,9,0,20,0,124,9,0,0,0,0,0,0,0,0,0,0,0,0,0,0,0,0,0,0,0,0,0,0,13,208,0,0,0,0,0,9,0,0,4,0,0,0,0
0,4,0,0,0,9,0,0,0,1,0,56,0,132,0,0,0,0,12,5,0,0,0,0,0,0,178,7,0,0,0,0,0,0,0,0,0,8,0,0,137,0,70,61,128,46,142,115,27,89,16,54,0,0,0,0,0,0,0,0,0,0,0,0,0,0,0,0,0,2,0,0,0,0,0,0,0,0,0,0,0,0,0,0,0,0,0,0,0,0,0,0,0,0,0,0,0,0,0,1,0,0,0,0,0,0,0,0,0,0,0,0,0,0,0,0,0,0,0,0,0,0,0,0,0,0,0,0,0,0,0,0,0,0,0,0,0,0,0,0,0,0,0,0,0,0,0,0,0,0,0,0,0,0,0,0,0,0,0,0,0,1,0,0,0,10,0,0,0,0,0,0,0,0,0,4,0,90,0,0,0,16,0,0,0,0,61,10,0,0,0,0,0,0,0,0,0,0,0,0,0,0,0,0,0,0,0,0,0,0,0,3,1,0,0,0,0,0,0,31,12,0,0,0,0
0,0,0,0,0,0,0,0,0,0,0,0,67,52,0,0,33,0,10,0,52,0,0,0,0,0,123,285,71,0,71,0,8,0,22,0,92,0,3,0,56,70,0,18,72,37,41,48,55,0,48,0,0,0,0,0,2,0,7,0,0,0,30,0,0,0,0,0,0,0,17,0,0,0,25,0,0,0,0,0,0,0,0,0,0,0,0,0,0,0,0,0,0,0,0,0,0,0,0,0,0,0,2,0,0,0,0,0,0,0,0,0,0,0,0,0,0,0,0,0,0,0,0,0,0,0,0,0,0,0,0,0,0,0,0,0,10,0,0,0,0,0,52,0,0,0,0,0,0,0,0,0,0,0,20,0,0,0,0,0,0,0,8,0,114,0,40,0,0,0,11,0,18,0,0,0,11,0,11,0,0,0,0,0,2,0,46,7,0,0,0,0,0,0,0,0,0,0,0,0,0,0,0,0,0,0,0,0,0,0,0,259,100,4,0,0,0,26,0,0,0,0,0,0,0
0,0,0,0,0,0,0,0,0,0,0,0,18,160,0,0,0,0,0,74,0,46,0,0,0,0,38,298,0,5,0,9,0,23,0,7,0,41,0,11,20,61,18,0,16,89,0,67,2,43,23,34,0,0,0,0,0,0,0,0,0,8,0,16,0,0,0,0,0,0,0,11,0,0,0,0,0,0,0,0,0,131,0,0,0,53,0,49,0,1,0,0,0,0,0,20,0,0,0,56,0,30,0,0,0,0,0,0,0,0,0,0,0,4,0,0,0,0,0,0,0,49,0,0,0,0,0,0,0,0,0,3,0,0,0,0,0,71,0,75,0,48,0,163,0,0,0,5,0,0,0,0,0,0,0,10,0,0,0,47,0,0,0,0,0,45,0,22,0,51,0,26,0,21,0,0,0,0,0,0,0,0,0,0,0,0,2,0,0,0,0,0,0,0,0,0,0,0,0,0,0,0,0,0,0,0,0,0,0,0,0,0,0,0,0,0,0,0,46,131,144,10,0,0,0
0,0,15,0,32,0,0,0,0,0,0,0,46,0,22,0,32,0,7,13,6,0,24,0,19,0,87,159,29,0,5,0,4,0,5,0,91,0,0,0,27,128,72,16,0,80,112,163,112,7,44,0,0,0,0,0,0,0,0,0,0,0,56,0,2,0,0,0,0,0,68,0,8,0,64,0,0,0,0,0,256,0,0,0,179,0,58,0,0,0,183,0,0,0,0,0,215,0,489,0,135,0,0,0,0,0,124,0,0,0,0,0,0,0,0,0,0,0,0,0,28,0,0,0,0,0,0,0,0,0,0,0,5,0,0,0,53,0,0,0,108,0,166,0,0,0,0,0,7,0,0,0,0,0,15,0,0,0,0,0,0,0,20,0,197,0,42,0,27,0,0,0,18,0,0,0,0,21,7,0,0,0,7,0,0,0,44,0,0,0,0,0,0,0,0,0,0,0,0,0,0,0,0,0,0,0,0,0,0,0,27,135,77,19,0,0,0,60,0,0,0,0,0,0,0
0,0,0,0,0,0,0,0,0,0,0,0,10,64,1,0,0,0,9,19,7,102,0,4,0,0,74,153,0,0,0,3,0,5,3,16,0,0,0,0,68,46,37,89,80,0,79,392,15,209,13,23,0,0,0,0,0,0,0,0,0,0,0,0,0,0,0,0,0,26,0,11,0,0,0,0,0,27,0,0,0,115,0,168,0,16,0,43,0,9,0,0,0,0,0,87,0,0,0,40,0,46,0,66,0,30,0,12,0,0,0,0,0,6,0,0,0,0,0,0,0,0,0,25,0,0,0,0,0,0,0,0,0,0,0,0,0,0,0,0,0,28,0,89,0,0,0,0,0,0,0,0,0,0,0,3,0,0,0,0,0,0,0,7,0,112,0,17,0,84,0,20,0,13,0,0,0,22,0,0,0,0,0,0,0,0,14,12,0,0,0,0,0,0,0,43,1,0,0,0,0,0,0,0,0,0,0,0,0,0,0,2,0,0,0,0,0,0,41,201,134,6,0,0,39
35,0,0,0,75,0,0,0,14,0,42,0,216,42,53,0,0,0,10,24,0,0,61,0,0,0,55,211,0,0,0,0,0,0,0,0,0,0,0,0,90,142,41,0,112,79,0,196,222,9,17,3,1,0,3,0,0,0,0,0,0,0,0,0,4,0,0,0,0,0,7,0,0,0,0,0,0,0,0,0,0,0,0,0,0,0,0,0,0,0,38,0,0,0,0,0,54,0,50,0,0,0,7,0,0,0,45,0,0,0,0,0,0,0,0,0,0,0,0,0,0,0,0,0,0,0,0,0,0,0,0,0,0,0,0,0,0,0,7,0,0,0,0,0,0,0,0,0,15,0,0,0,0,0,0,0,0,0,0,0,0,0,0,0,79,0,0,0,0,0,0,0,6,0,19,0,62,33,46,0,54,0,24,0,45,0,150,6,0,0,0,0,0,0,0,0,0,0,0,0,0,0,0,0,0,0,0,0,0,0,14,257,58,0,8,0,0,38,0,0,0,0,0,0,0
0,0,0,0,0,32,0,0,0,0,0,78,0,316,0,0,0,0,0,16,0,7,0,0,0,0,95,111,0,0,0,0,0,0,0,0,0,0,0,0,126,115,48,67,163,392,196,0,59,142,0,33,0,0,0,0,0,0,0,1,0,0,0,0,0,0,0,0,0,2,0,0,0,0,0,0,0,0,0,0,0,0,0,0,0,0,0,0,0,0,0,0,0,0,0,0,0,0,0,0,0,0,0,0,0,0,0,0,0,0,0,0,0,0,0,0,0,0,0,0,0,0,0,0,0,0,0,0,0,0,0,0,0,0,0,0,0,0,0,0,0,0,0,0,0,0,0,0,0,0,0,0,0,0,0,0,0,0,0,0,0,0,0,0,0,18,0,0,0,4,0,0,0,0,0,0,0,183,0,0,0,0,0,0,0,0,91,27,0,0,0,0,0,0,0,0,0,0,0,0,0,0,0,0,0,0,0,0,0,0,0,10,0,0,0,0,0,0,0,199,40,1,0,0,20
5,0,6,0,7,0,21,0,2,0,0,0,7,0,0,0,4,0,0,0,0,1,0,0,8,0,49,5,0,0,0,0,0,0,0,0,0,0,0,0,74,27,55,2,112,15,222,59,0,8,10,0,1,0,0,0,10,0,6,0,2,0,2,0,0,0,0,0,5,0,13,0,0,0,5,0,3,0,5,0,19,0,7,0,16,0,0,0,0,0,0,0,2,0,6,0,0,0,41,0,0,0,10,0,8,0,0,0,0,0,0,0,0,0,0,0,0,0,0,0,0,0,0,0,0,0,0,0,2,0,0,0,2,0,6,2,4,0,2,0,0,0,15,0,3,0,4,0,2,0,8,0,9,0,0,0,0,0,4,1,9,0,8,0,21,0,3,0,8,0,12,0,20,0,7,0,54,2,16,0,22,0,4,0,3,0,56,0,47,0,17,0,41,0,9,0,7,0,0,0,17,0,30,0,17,0,4,0,11,0,48,66,66,9,6,0,3,1,0,0,1,0,0,0,0
0,0,0,0,0,0,0,6,0,0,0,10,0,106,0,0,0,0,1,32,0,29,1,1,0,0,0,59,0,0,0,0,0,0,0,0,0,0,0,0,13,89,0,43,7,209,9,142,8,0,0,11,0,0,0,1,0,0,0,2,0,0,0,0,0,0,0,0,0,10,0,0,0,0,0,0,0,2,0,0,0,6,0,24,0,0,0,0,0,0,0,0,0,11,0,2,0,0,0,1,0,3,0,3,0,3,0,0,0,0,0,0,0,2,0,0,0,0,0,0,0,0,0,0,0,0,0,0,0,0,0,0,0,0,0,1,0,0,0,0,0,0,0,0,0,0,0,0,0,0,0,0,0,0,0,2,0,0,0,0,0,0,0,0,0,8,0,1,0,4,0,0,0,0,0,0,0,47,0,5,0,0,0,0,0,2,8,34,0,0,0,0,0,0,0,2,0,0,0,0,0,0,0,0,0,0,0,0,0,0,0,1,0,0,2,0,0,0,13,40,14,2,0,0,5
0,0,0,0,29,0,0,0,0,0,15,5,239,48,0,0,15,0,125,107,29,42,3,0,0,0,202,228,9,0,5,0,0,0,54,0,14,2,0,0,24,16,48,23,44,13,17,0,10,0,0,14,0,0,2,0,0,0,0,0,0,0,8,0,0,0,0,0,4,0,0,0,3,0,0,0,3,0,0,0,0,0,0,0,0,0,0,0,0,0,0,0,0,0,0,0,0,0,0,0,0,0,0,0,0,0,0,0,0,0,0,0,0,0,0,0,0,0,0,0,0,0,0,0,0,0,0,0,0,0,0,0,0,0,0,0,0,0,0,0,0,0,19,0,0,0,0,0,0,0,0,0,0,0,2,0,0,0,0,0,0,0,2,0,96,0,9,0,49,0,9,0,21,0,0,0,28,0,21,0,4,0,0,0,0,0,54,0,0,0,0,0,0,0,0,0,0,0,0,0,0,0,0,0,0,0,0,0,0,0,0,189,106,2,2,0,0,4,0,9,0,0,0,0,0
0,0,0,0,0,58,0,0,0,0,0,49,25,341,0,14,0,0,0,271,0,50,0,0,0,0,37,257,0,21,0,17,0,71,15,29,0,27,0,18,11,54,0,34,0,23,3,33,0,11,14,0,0,0,0,0,0,0,0,0,0,14,0,20,0,0,0,0,0,0,0,8,0,0,0,0,0,7,0,0,0,144,0,35,0,41,0,52,0,0,0,0,0,0,0,49,0,0,0,0,0,41,0,20,0,0,0,0,0,0,0,0,0,5,0,0,0,0,0,0,0,36,0,0,1,0,0,0,0,0,2,0,0,19,0,0,0,76,0,0,0,40,0,130,0,0,0,0,0,10,0,0,0,0,0,15,0,0,0,0,0,0,0,12,0,25,0,26,0,80,0,35,0,33,0,0,0,52,0,1,0,0,0,0,0,0,8,36,0,0,0,0,0,0,0,0,0,0,0,0,0,0,0,0,0,0,0,0,0,0,0,0,0,0,0,0,0,0,17,107,94,8,0,0,0
5,5,10,0,0,0,170,17,70,131,1,0,3,0,0,0,204,1,0,0,29,0,0,0,140,3,0,0,0,0,0,0,0,0,0,0,16,0,3,0,0,0,0,0,0,0,1,0,1,0,0,0,0,8,70,52,95,23,21,37,37,0,54,3,0,5,8,78,0,0,0,0,0,0,0,0,0,0,0,0,0,0,0,0,29,0,5,0,0,0,0,0,0,0,0,0,0,0,0,0,0,0,0,0,0,0,0,0,0,0,0,0,0,0,0,0,0,0,0,0,0,0,0,1,0,0,0,0,31,0,2,0,9,0,0,0,124,0,100,0,57,0,104,0,5,0,0,0,0,1,0,0,0,0,102,4,96,1,85,7,14,0,15,0,0,0,2,0,9,0,67,0,4,0,0,0,1,1,0,0,0,0,5,0,0,3,0,0,0,0,0,0,0,0,0,0,0,0,0,0,0,0,0,0,0,0,0,0,0,0,200,175,101,137,193,0,12,0,0,0,0,0,0,0,0
1,32,0,0,0,5,33,42,49,124,0,0,0,0,0,0,0,90,0,23,0,26,1,14,0,2,0,7,0,13,0,0,0,25,0,0,0,7,0,35,0,0,0,0,0,0,0,0,0,0,0,0,8,0,20,109,4,39,34,65,0,107,0,73,0,0,41,22,0,0,0,0,0,0,0,0,0,0,0,0,0,0,0,0,0,12,0,0,0,0,0,0,0,1,0,0,0,0,0,8,0,0,0,0,0,0,0,0,0,0,0,0,0,0,0,0,0,0,0,0,0,0,0,0,0,14,0,10,0,44,0,20,0,0,0,14,0,50,0,69,0,6,0,19,0,8,0,0,0,0,0,0,0,0,0,94,0,88,0,126,0,7,0,0,0,0,0,0,0,2,0,39,0,6,0,0,1,8,0,0,0,0,0,13,4,27,0,0,0,0,0,0,0,0,0,0,0,0,0,0,0,0,0,0,0,0,0,0,0,3,1,0,0,0,80,0,0,0,46,87,44,69,0,0,0
0,31,35,0,0,0,247,55,27,339,0,0,0,0,23,0,27,5,0,0,14,0,77,0,245,14,15,0,1,0,0,0,0,0,0,0,4,0,0,0,0,0,0,0,0,0,3,0,0,0,2,0,70,20,0,152,174,28,108,44,19,0,41,12,3,0,24,112,0,0,0,0,0,0,0,0,0,0,0,0,0,0,0,0,0,0,0,0,0,0,0,0,0,0,0,0,0,0,0,0,0,0,0,0,0,0,0,0,0,0,0,0,0,0,0,0,0,0,0,0,0,0,0,0,16,0,22,0,0,0,9,0,42,0,31,0,96,0,0,2,0,0,70,0,0,0,0,0,0,0,0,0,1,2,18,5,0,1,12,0,76,0,31,0,1,0,4,0,17,0,105,0,7,0,0,0,1,0,0,0,0,0,0,0,2,0,0,0,0,0,0,0,0,0,0,0,0,0,1,0,0,0,0,0,0,0,0,0,33,0,215,106,227,326,418,0,26,2,0,0,0,0,0,0,0
33,12,0,49,0,0,151,286,316,124,0,0,0,0,0,150,0,63,0,0,0,48,0,27,12,93,0,0,0,16,0,0,0,15,0,5,0,6,0,29,0,0,0,0,0,0,0,0,0,1,0,0,52,109,152,0,0,150,55,69,0,84,36,179,1,2,73,7,0,3,0,0,0,0,0,0,0,0,0,0,0,0,0,0,0,0,0,0,0,0,0,0,0,0,0,0,0,6,0,0,0,0,0,0,0,0,0,0,0,0,0,0,0,0,0,0,0,0,0,0,0,0,0,0,0,17,0,40,0,15,0,33,0,17,0,25,0,78,0,5,0,0,0,0,0,0,0,0,0,0,0,0,0,0,0,15,0,28,0,0,0,16,0,4,0,0,0,6,0,10,1,147,0,33,0,0,10,3,0,0,0,0,0,12,15,5,0,0,0,0,0,0,0,0,0,0,0,0,0,0,0,0,0,0,0,0,0,0,0,43,4,2,0,0,299,0,0,0,244,94,207,276,0,16,0
0,0,9,0,0,0,25,0,26,19,0,0,0,0,0,1,20,0,0,0,9,0,15,0,59,0,0,0,0,0,0,0,0,0,0,0,0,0,0,0,0,0,2,0,0,0,0,0,10,0,0,0,95,4,174,0,0,45,244,62,0,0,5,0,40,56,73,141,1,0,0,0,0,0,0,0,0,0,0,0,0,1,0,0,0,0,0,0,0,0,0,0,0,0,0,0,0,0,0,0,0,0,0,0,0,0,0,0,0,0,0,0,0,0,0,0,0,0,0,0,0,0,0,0,25,0,37,0,24,0,23,0,18,0,0,0,14,0,10,10,0,0,0,0,6,5,3,0,10,0,0,0,0,0,62,44,9,1,116,31,248,0,128,0,0,0,4,0,46,0,112,0,6,0,0,0,0,0,0,0,0,8,0,0,25,9,0,0,0,0,0,0,0,0,0,0,0,0,0,0,0,0,0,0,0,0,0,0,11,0,360,97,439,433,905,0,67,4,0,0,0,0,0,0,0
0,4,0,2,0,0,9,13,48,10,0,2,0,0,0,23,0,89,0,0,0,0,0,14,0,31,0,0,0,0,0,0,0,0,0,2,0,0,0,4,0,0,0,0,0,0,0,0,0,0,0,0,23,39,28,150,45,0,179,130,0,15,0,8,0,7,121,9,0,0,0,0,0,0,0,0,0,5,1,0,0,0,0,5,0,0,0,0,0,1,0,0,0,0,0,0,0,0,0,0,0,0,0,1,0,0,0,0,0,0,0,0,0,0,0,0,0,0,0,0,0,1,0,0,0,23,0,49,1,53,0,55,0,20,0,12,0,72,0,9,0,0,0,4,10,4,0,0,0,10,0,3,0,0,37,264,0,18,17,128,33,58,0,18,0,0,0,3,0,53,0,330,0,0,0,0,0,0,0,0,1,4,0,0,27,9,0,0,0,0,0,1,0,0,0,0,0,0,0,0,0,0,0,0,0,0,0,0,0,27,0,0,0,2,519,0,0,0,204,82,366,377,0,17,1
0,0,7,0,0,0,27,0,45,87,0,0,0,0,0,0,0,0,0,0,0,0,0,0,7,0,0,0,0,0,0,0,0,0,0,0,0,0,0,0,0,0,7,0,0,0,0,0,6,0,0,0,21,34,108,55,244,179,0,270,26,0,0,0,113,61,295,389,0,0,0,0,0,0,0,0,0,0,0,0,0,0,0,0,0,0,0,0,0,0,0,0,0,0,0,0,0,0,0,0,0,0,0,0,0,0,0,0,0,0,0,0,0,0,0,0,0,0,0,0,0,0,0,0,6,0,5,0,0,0,7,0,0,0,0,0,0,0,0,0,0,1,0,0,2,3,0,0,0,0,0,0,0,0,14,100,14,8,0,63,25,29,19,0,0,0,11,0,12,0,57,0,8,0,0,13,12,0,0,0,34,22,0,0,90,59,1,0,0,0,0,0,0,0,0,0,0,0,0,0,0,0,0,0,0,0,0,0,3,0,609,197,231,441,1172,0,19,0,1,0,0,0,0,0,0
0,4,0,0,0,10,13,4,49,7,0,0,0,0,0,17,0,9,0,0,0,0,0,0,0,18,0,0,0,0,0,0,0,0,0,0,0,0,0,0,0,0,0,0,0,0,0,1,0,2,0,0,37,65,44,69,62,130,270,0,0,54,0,18,0,110,173,118,0,5,0,0,0,0,0,0,0,8,0,0,0,0,0,4,0,0,0,0,0,0,0,0,0,0,0,0,0,0,0,0,0,0,0,0,0,0,0,0,0,0,0,0,0,0,0,0,0,0,0,0,0,0,0,0,0,17,0,11,0,0,0,23,0,0,0,0,0,0,0,3,0,0,0,0,0,19,0,0,0,5,0,1,0,0,39,35,7,105,30,4,0,32,0,17,0,1,0,0,0,69,0,276,0,27,0,7,2,0,0,0,10,24,0,0,66,37,0,0,0,0,0,0,0,0,0,0,0,0,0,0,0,0,0,0,0,0,0,0,0,0,3,0,0,0,1437,0,0,0,787,158,545,671,0,0,0
64,0,0,0,0,0,159,0,87,0,2,0,0,0,0,0,4,0,0,0,0,0,8,0,26,3,2,0,0,0,0,0,2,0,0,0,6,0,0,0,0,0,0,0,0,0,0,0,2,0,0,0,37,0,19,0,0,0,26,0,0,0,12,0,0,0,0,0,0,0,3,0,0,0,5,0,0,0,0,0,0,0,0,0,0,0,0,0,0,0,0,0,0,0,0,0,0,0,0,0,0,0,0,0,0,0,0,0,0,0,0,0,0,0,0,0,0,0,0,0,2,0,0,0,0,0,0,0,0,0,0,0,0,0,0,0,0,0,151,0,29,0,3,0,133,0,0,0,0,0,0,0,0,0,51,0,29,0,35,0,0,0,4,0,0,0,0,0,0,0,66,0,13,0,0,0,0,2,0,0,0,0,18,0,0,0,0,0,0,0,0,0,0,0,0,0,0,0,0,0,0,0,0,0,0,0,0,0,0,0,135,159,20,80,48,0,0,1,1,0,0,0,0,0,0
0,413,0,73,0,0,0,323,0,269,0,0,0,0,5,18,0,31,0,19,0,0,0,0,0,30,0,0,0,18,0,4,0,19,0,0,0,18,0,17,0,0,0,8,0,0,0,0,0,0,0,14,0,107,0,84,0,15,0,54,0,0,4,71,0,0,2,0,0,1,0,0,0,0,0,0,0,0,0,0,0,4,0,0,0,0,0,0,0,0,0,0,0,0,0,0,0,0,0,0,0,0,0,0,0,0,0,0,0,0,0,0,0,0,0,0,0,0,0,0,0,0,0,4,0,0,0,0,0,0,0,0,0,0,0,0,0,14,0,87,0,28,0,18,0,102,0,0,0,0,0,0,0,0,0,47,0,77,0,75,0,1,0,3,0,1,0,0,0,3,0,67,0,24,0,0,11,61,0,3,0,0,3,30,0,0,0,0,0,0,0,0,0,0,0,0,0,0,0,0,0,0,0,0,0,0,0,0,0,0,0,0,0,0,87,0,0,0,116,250,125,78,0,7,0
64,28,50,0,0,0,417,28,148,33,0,0,0,0,0,0,110,8,10,0,30,0,0,0,235,46,69,0,5,0,14,0,39,0,3,0,31,0,11,0,0,0,30,0,56,0,0,0,2,0,8,0,54,0,41,36,5,0,0,0,12,4,0,5,0,0,0,0,0,0,0,0,0,0,4,0,0,0,0,0,0,0,0,0,0,0,0,0,0,0,0,0,0,0,0,0,0,0,0,0,0,0,0,0,0,0,0,0,0,0,0,0,0,0,0,0,0,0,0,0,0,0,1,0,0,0,0,0,2,0,0,0,0,0,0,0,0,0,53,1,0,0,4,0,0,0,0,0,0,0,0,0,0,0,40,0,14,0,17,0,4,0,0,0,0,0,0,0,4,0,22,0,0,0,0,0,6,0,0,0,0,0,68,0,0,0,0,0,0,0,0,0,0,0,0,0,0,0,0,0,0,0,0,0,0,0,0,0,0,0,185,267,16,51,105,0,5,0,0,0,0,0,0,0,0
22,282,21,6,0,0,93,197,48,165,0,0,0,0,0,3,6,103,0,15,0,58,6,4,52,39,0,0,0,67,0,13,0,29,0,21,0,33,0,93,0,0,0,16,0,0,0,0,0,0,0,20,3,73,12,179,0,8,0,18,0,71,5,0,0,0,0,9,0,0,0,0,0,0,0,0,0,0,0,0,0,0,0,0,0,0,0,0,0,0,0,0,0,0,0,0,0,0,0,0,0,0,0,0,0,0,0,0,0,0,0,0,0,0,0,0,0,0,0,0,0,0,0,0,0,0,0,6,0,9,0,4,0,4,0,0,0,17,0,32,0,3,0,14,0,21,0,0,0,0,0,0,0,0,0,20,0,3,0,15,0,0,0,0,0,0,0,2,0,0,0,5,0,8,0,0,8,38,0,0,0,0,0,57,1,10,0,0,0,0,0,0,0,0,0,0,0,0,0,0,0,0,0,0,0,0,0,0,0,5,0,0,0,0,41,0,0,0,43,206,9,9,0,0,0
3,0,4,0,7,0,2,0,89,0,0,0,12,0,7,0,0,0,8,0,0,0,0,0,0,0,6,0,0,0,0,0,0,0,0,0,0,0,0,0,0,0,0,0,2,0,4,0,0,0,0,0,0,0,3,1,40,0,113,0,0,0,0,0,0,96,87,0,0,0,8,4,0,2,0,0,0,0,0,0,0,0,0,0,0,0,0,0,0,0,0,0,0,0,0,0,0,0,0,0,0,0,0,0,0,0,0,0,0,0,0,0,0,0,0,0,0,0,0,0,1,0,0,3,12,0,0,0,0,0,40,49,0,0,0,0,0,0,18,18,2,7,0,0,32,7,11,0,20,39,0,0,1,0,1,68,4,1,2,53,141,118,6,0,0,0,0,0,0,3,0,0,0,0,0,12,0,0,0,0,70,40,3,0,149,6,0,0,0,0,0,0,0,0,0,0,0,0,0,0,0,0,0,0,0,0,0,0,0,0,33,0,0,0,41,0,0,0,0,0,0,0,0,0,0
0,46,0,0,0,6,0,0,0,126,0,28,0,0,2,0,2,0,0,0,0,12,1,0,0,0,0,39,0,0,0,0,0,15,0,0,0,0,0,0,0,0,0,0,0,0,0,0,0,0,0,0,5,0,0,2,56,7,61,110,0,0,0,0,96,0,0,354,0,0,13,37,5,19,0,20,0,1,0,0,0,15,0,0,0,0,3,22,0,0,0,0,0,0,4,0,2,0,13,3,3,0,0,0,0,0,0,0,0,0,0,0,0,0,0,0,0,0,0,0,6,0,0,9,0,20,0,56,8,0,124,40,0,0,0,0,2,0,35,30,0,36,0,0,41,49,0,19,61,231,0,14,0,9,15,4,0,0,0,6,180,222,9,38,0,0,0,0,2,14,0,5,0,13,3,31,2,0,0,0,38,90,0,11,24,94,0,0,0,0,0,0,0,0,0,0,0,1,0,0,0,0,0,0,0,0,0,23,0,44,0,0,0,0,111,0,0,0,94,11,82,82,0,0,0
0,0,0,0,1,0,2,0,116,112,0,0,0,0,0,0,0,0,0,0,0,0,0,0,0,0,0,0,0,0,0,0,0,0,0,0,0,0,0,0,0,0,0,0,0,0,0,0,0,0,0,0,8,41,24,73,73,121,295,173,0,2,0,0,87,0,0,202,0,0,0,0,0,0,0,0,0,0,0,0,0,0,0,0,0,0,0,0,0,0,0,0,0,0,0,0,0,0,0,0,0,0,0,0,0,0,0,0,0,0,0,0,0,0,0,0,0,0,0,0,0,0,0,0,6,0,0,0,0,0,12,0,0,0,0,0,0,0,0,10,0,0,0,0,0,4,0,0,16,0,0,0,0,0,4,66,6,0,0,30,60,0,0,0,0,0,0,0,0,0,9,0,1,0,11,15,50,0,0,0,45,16,0,0,570,46,0,0,0,0,0,0,0,0,0,0,0,0,0,0,0,0,0,0,0,0,0,0,0,0,92,23,7,0,76,0,5,0,0,0,0,0,0,0,0
0,8,0,0,0,0,32,1,90,82,0,6,0,0,0,0,0,0,0,0,0,0,0,0,0,0,0,0,0,0,0,0,0,0,0,0,0,0,0,0,0,0,0,0,0,0,0,0,0,0,0,0,78,22,112,7,141,9,389,118,0,0,0,9,0,354,202,0,0,0,0,0,0,0,0,1,0,3,0,0,0,0,0,0,0,0,0,0,0,0,0,0,0,0,0,0,0,0,0,0,0,0,0,0,0,0,0,1,0,0,0,0,0,0,0,0,0,0,0,0,0,0,0,0,0,11,0,12,0,0,0,21,0,0,0,0,0,0,0,4,0,0,0,0,0,22,0,0,0,13,0,0,0,0,55,26,0,45,30,14,0,43,0,0,0,0,0,0,0,21,0,77,0,12,0,43,2,0,0,0,19,53,0,0,77,351,0,0,0,0,0,0,0,0,0,0,0,0,0,0,0,0,0,0,0,0,0,1,0,7,0,0,0,0,364,0,0,0,291,98,148,0,0,0,0
0,0,0,0,0,0,1,0,0,0,0,0,0,0,0,0,0,0,0,0,0,0,0,0,0,0,0,0,0,0,0,0,0,0,0,0,0,0,0,0,3,0,0,0,0,0,0,0,5,0,4,0,0,0,0,0,1,0,0,0,0,0,0,0,0,0,0,0,0,0,0,0,4,0,0,0,44,0,14,0,0,0,44,0,24,0,6,0,0,0,0,0,55,0,31,0,0,0,0,0,21,0,136,0,49,0,7,0,35,0,1,0,0,0,0,0,4,0,0,0,0,0,0,0,0,0,0,0,0,0,0,0,0,0,0,0,0,0,0,0,0,0,25,0,0,0,0,0,0,0,0,0,0,0,0,0,0,0,0,0,0,0,3,0,21,0,0,0,137,0,0,0,0,0,0,0,0,0,0,0,0,0,0,0,0,0,0,0,0,0,12,0,29,0,12,0,6,0,0,0,41,0,0,0,0,0,0,0,0,0,33,0,86,4,0,11,74,0,0,0,0,0,0,0,0
0,0,0,0,0,0,0,0,0,2,0,0,0,6,0,0,0,0,0,0,0,0,0,0,0,0,0,6,0,0,0,0,0,0,0,1,0,0,0,0,0,2,0,0,0,26,0,2,0,10,0,0,0,0,0,3,0,0,0,5,0,1,0,0,0,0,0,0,0,0,0,0,0,10,0,0,0,83,0,0,0,0,0,10,0,0,0,9,0,5,0,0,0,12,0,11,0,0,0,0,0,3,0,117,0,0,0,0,0,30,0,3,0,2,0,1,0,8,0,0,0,0,0,0,0,0,0,0,0,0,0,0,0,0,0,1,0,0,0,0,0,0,0,0,0,0,0,0,0,0,0,0,0,0,0,0,0,0,0,1,0,2,0,0,0,57,0,0,0,22,0,0,0,1,0,0,0,0,0,0,0,0,0,0,0,0,0,0,0,10,0,3,0,0,0,3,0,0,0,0,0,0,0,0,0,0,0,0,0,0,0,0,0,0,1,0,0,0,6,10,37,0,4,0,0
0,0,0,0,0,0,0,0,0,0,0,0,0,0,5,0,3,0,16,0,16,0,0,0,0,0,35,0,0,0,0,0,21,0,0,0,52,0,0,0,0,0,17,0,68,0,7,0,13,0,0,0,0,0,0,0,0,0,0,0,3,0,0,0,8,13,0,0,0,0,0,0,182,0,219,0,0,0,140,0,26,3,0,0,0,0,61,0,0,0,0,0,0,0,0,0,1,0,0,0,0,0,0,0,0,0,0,0,0,0,0,0,0,0,0,0,0,0,0,0,22,1,2,0,33,0,0,0,7,0,0,0,19,2,0,0,13,0,7,0,67,4,35,3,30,3,30,0,18,24,0,0,14,6,0,0,5,0,0,0,36,0,82,0,0,0,44,0,37,0,37,0,22,0,11,0,0,0,0,0,38,10,0,0,44,0,0,0,0,0,0,0,0,0,0,0,7,0,0,0,2,0,0,0,0,0,0,0,0,0,23,4,62,23,12,0,7,0,0,0,0,0,1,0,0
0,0,0,0,0,0,0,0,0,0,0,0,0,0,0,0,0,0,0,0,0,0,0,0,0,0,0,0,0,0,0,0,0,0,0,0,0,3,0,0,0,0,0,11,0,11,0,0,0,0,0,8,0,0,0,0,0,0,0,0,0,0,0,0,4,37,0,0,0,0,0,0,0,36,0,68,0,3,0,9,0,0,0,0,0,0,0,42,0,0,0,0,0,0,0,0,0,0,8,0,0,0,0,0,0,0,0,0,0,0,0,0,0,0,0,0,0,0,0,0,0,13,0,10,0,67,0,47,2,3,0,45,6,0,0,0,0,11,0,0,0,25,0,7,0,41,0,0,3,70,0,0,0,0,0,0,0,4,0,0,10,9,5,49,0,0,0,6,0,0,0,15,0,15,0,13,0,0,0,0,0,0,0,2,0,17,0,0,0,0,0,0,0,0,0,0,0,0,0,0,0,0,0,0,0,0,0,0,0,0,0,0,0,6,0,0,0,0,63,2,20,9,0,0,0
0,0,0,0,0,0,0,0,0,0,0,0,0,0,0,0,0,0,0,0,3,0,0,0,0,0,0,0,0,0,0,0,0,0,1,0,0,0,0,0,0,0,0,0,8,0,0,0,0,0,3,0,0,0,0,0,0,0,0,0,0,0,0,0,0,5,0,0,4,0,182,0,0,0,151,0,25,0,59,0,3,0,24,0,11,0,9,0,0,0,0,0,0,0,7,0,0,0,0,0,0,0,0,0,0,0,0,0,1,0,0,0,0,0,0,0,0,0,0,0,36,0,17,0,30,8,36,0,1,0,17,0,29,0,45,0,23,0,0,0,70,0,94,0,21,0,19,0,0,7,34,0,0,3,1,0,0,0,0,0,0,0,96,0,0,0,3,0,21,0,5,0,2,0,9,0,0,0,0,0,21,0,0,0,13,0,0,0,6,0,0,0,16,0,0,0,0,0,0,0,20,0,51,0,0,0,45,0,134,0,108,0,36,12,27,0,4,0,0,0,0,0,0,0,0
0,0,0,0,0,0,0,0,0,0,0,0,0,0,0,0,0,0,0,0,0,4,0,0,0,0,0,0,0,0,0,0,0,0,0,0,0,0,0,0,0,0,0,0,0,0,0,0,0,0,0,0,0,0,0,0,0,0,0,0,0,0,0,0,2,19,0,0,0,10,0,36,0,0,1,104,0,81,0,17,0,0,0,10,0,35,0,52,0,0,0,0,0,0,0,3,0,0,0,0,5,0,0,0,0,0,0,0,0,0,0,0,0,0,0,0,0,4,0,0,1,33,0,25,0,49,0,145,0,3,0,21,0,0,0,108,0,53,0,0,0,25,0,20,0,35,0,33,0,23,0,20,8,15,0,0,0,0,0,0,0,0,0,63,0,2,0,0,2,33,0,6,0,5,0,0,0,0,0,0,0,0,0,0,0,4,0,0,0,0,0,0,0,0,0,0,0,4,0,58,0,49,0,64,0,21,0,0,5,71,0,0,0,0,27,0,0,0,55,1,37,17,0,0,0
0,0,0,0,3,0,0,0,0,0,0,0,0,0,0,0,19,0,0,0,15,0,0,0,3,0,60,0,0,0,0,0,28,0,0,0,36,0,1,0,5,0,25,0,64,0,0,0,5,0,0,0,0,0,0,0,0,0,0,0,5,0,4,0,0,0,0,0,0,0,219,0,151,1,0,0,5,1,124,0,51,0,19,0,32,0,74,0,0,0,0,0,0,0,0,1,0,1,15,0,0,0,0,0,0,0,0,0,0,0,0,0,0,0,0,0,0,0,0,0,108,0,23,0,26,15,0,0,2,0,0,0,0,0,0,3,0,0,13,0,75,0,107,0,50,0,43,11,17,25,12,0,19,0,1,4,0,0,0,0,0,0,59,12,0,0,33,0,39,0,18,0,25,0,25,1,0,0,0,0,43,9,0,0,36,0,0,0,0,0,0,0,0,0,0,0,0,0,0,0,27,0,45,0,0,0,0,0,0,0,38,2,44,25,20,0,0,0,5,0,0,0,0,0,0
0,0,0,0,0,0,0,0,0,0,0,0,0,0,0,3,0,0,0,0,0,9,0,0,0,0,0,0,0,0,0,0,0,0,0,0,0,0,0,0,0,0,0,0,0,0,0,0,0,0,0,0,0,0,0,0,0,0,0,0,0,0,0,0,0,20,0,1,0,0,0,68,0,104,0,0,0,3,0,11,0,0,0,0,0,11,0,37,0,0,0,0,0,1,0,0,0,0,0,0,0,0,0,0,0,0,4,0,0,0,0,0,0,0,0,0,0,0,0,0,0,114,0,32,6,44,0,60,0,1,0,0,4,0,0,17,0,30,1,0,0,14,0,12,0,75,0,24,0,67,0,0,0,16,0,0,0,3,0,0,14,0,0,59,0,0,0,1,0,0,0,6,0,4,0,6,0,0,0,0,0,27,0,0,0,9,0,0,0,0,0,0,0,0,0,0,0,0,0,0,0,3,0,0,0,1,0,0,0,22,0,0,0,0,15,0,0,0,43,0,13,3,0,0,0
0,0,0,0,0,0,0,0,0,0,0,0,6,0,3,0,0,0,0,0,0,0,0,0,0,0,0,0,0,0,0,0,0,0,0,0,0,0,0,0,0,0,0,0,0,0,0,0,3,0,3,0,0,0,0,0,0,0,0,0,0,0,0,0,0,0,0,0,44,0,0,0,25,0,5,0,0,0,39,0,13,0,57,0,0,0,18,0,0,0,0,0,13,0,34,0,0,0,0,0,8,0,58,0,0,0,0,0,23,0,0,0,0,0,2,0,9,0,0,0,0,0,0,0,0,0,0,0,0,0,0,0,0,0,0,1,0,0,0,0,0,0,0,0,0,1,0,0,0,0,0,0,0,0,0,0,0,0,0,0,0,0,3,2,14,0,0,0,51,0,1,0,0,0,0,0,0,0,0,0,0,0,0,0,0,0,0,0,0,0,0,0,44,0,0,0,0,0,0,0,29,0,0,0,0,0,0,0,0,0,9,1,43,5,0,0,15,0,0,0,0,0,0,0,0
0,0,0,0,0,0,0,2,0,0,0,0,0,0,0,0,0,0,0,0,0,0,0,0,0,0,0,0,0,0,0,0,0,0,0,0,0,0,0,0,0,0,0,0,0,27,0,0,0,2,0,7,0,0,0,0,0,5,0,8,0,0,0,0,0,1,0,3,0,83,0,3,0,81,1,3,0,0,0,3,0,51,0,136,0,16,0,71,0,11,0,1,0,78,0,23,0,0,0,7,0,5,0,84,0,0,0,0,0,20,0,1,0,0,0,0,0,59,0,0,0,2,0,0,0,8,0,30,0,0,0,5,0,0,0,0,0,0,0,0,0,1,0,0,0,0,6,0,0,0,0,0,0,0,0,0,0,3,2,0,2,0,0,15,0,24,0,4,2,101,0,2,0,0,0,0,0,0,0,0,0,15,0,0,0,0,0,0,0,0,0,13,0,0,0,0,0,0,0,0,0,0,0,0,0,0,0,0,0,0,0,0,0,0,0,0,0,0,61,0,93,7,3,1,1
0,0,0,0,0,0,0,0,0,0,0,0,0,0,0,0,0,0,0,0,0,0,0,0,0,0,0,0,0,0,0,0,0,0,0,0,0,0,0,0,0,0,0,0,0,0,0,0,5,0,0,0,0,0,0,0,0,1,0,0,0,0,0,0,0,0,0,0,14,0,140,0,59,0,124,0,39,0,0,0,15,0,91,0,66,0,54,0,0,0,0,0,4,0,33,0,0,0,8,0,0,0,11,0,0,0,0,0,6,0,0,0,0,0,1,0,6,0,0,0,81,0,0,1,0,4,0,0,0,1,0,0,0,0,0,0,0,0,0,0,29,0,63,0,0,0,0,0,0,0,0,0,0,0,0,0,0,0,0,0,0,0,24,0,17,0,0,0,69,0,0,0,4,0,0,0,0,0,0,0,0,2,0,0,8,0,4,0,0,0,0,0,61,0,0,0,0,0,25,0,78,0,92,0,0,0,0,0,40,0,159,7,60,15,41,4,12,0,0,0,0,0,0,0,0
0,0,0,0,0,0,0,0,0,0,0,0,0,0,0,0,0,0,0,0,0,0,0,0,0,0,0,0,0,0,0,0,0,0,0,0,0,0,0,0,0,0,0,0,0,0,0,0,0,0,0,0,0,0,0,0,0,0,0,0,0,0,0,0,0,0,0,0,0,0,0,9,0,17,0,11,0,3,0,0,0,0,0,0,0,0,0,17,0,0,0,0,0,0,0,0,0,0,0,0,0,0,0,0,0,0,0,0,0,0,0,0,0,0,0,0,0,0,0,0,0,15,0,24,0,0,0,0,0,0,0,0,1,0,0,0,0,14,0,0,0,8,0,10,0,18,0,0,0,17,0,4,0,0,0,0,0,0,0,0,0,0,0,4,0,0,0,0,0,0,0,0,0,4,0,4,0,0,0,0,0,7,0,0,0,0,0,0,0,0,0,0,0,0,0,0,0,0,0,2,0,0,0,0,0,0,0,0,0,11,0,0,0,0,6,0,0,0,15,0,0,2,0,0,0
