0,261,57,108,33,34,28,71,73,4,145,28,86,0,0,72,45,0,0,0,9,0,15,111,7,66,0,0,181,18,0,3,0,28,0,0,24,18,427,30,15,0,0,0,0,0,0,0,0,0,3,0,4,0,0,0,0,0,1,0,125,0,32,0,10,0,8,0,0,0,0,0,0,0,0,0,0,0,0,0,0,0,0,0,0,0,1,0,0,0,1,0,0,0,0,0,1,0,0,0,0,0,0,0,0,0,0,0,0,0,0,0,0,0,0,0,0,0,0,0,0,0,0,0,0,0,4,0,0,0,0,0,1,0,4,0,0,0,0,0,0,0,0,0,0,0,8,0,9,0,8,0,7,0,0,0,0,0,0,0,0,0,0,0,1,0,12,0,14,0,45,0,339,4,0,0,243,107,8,0,0,0,11,0,17,0,0,0,0,0,0,0,0,0,0,0,0,0,0,0,0,0,0,0,0,0,0,0,8,0,315,56,239,96,171,0,1,0,6,0,0,0,0,0,0
261,0,185,67,0,238,183,53,118,121,0,268,0,119,0,20,53,54,0,72,0,0,79,41,240,46,0,226,12,165,0,0,0,171,0,0,0,177,0,446,0,43,0,0,2,8,0,189,0,28,0,0,28,3,60,4,0,0,0,63,14,181,69,48,0,82,0,46,0,1,0,0,0,0,0,0,0,0,0,0,0,0,0,0,0,0,0,0,0,0,0,0,0,0,0,0,0,0,0,0,0,0,0,0,0,0,0,0,0,0,0,0,0,0,0,0,0,0,0,0,0,0,1,0,0,56,0,21,0,0,0,21,0,0,0,59,0,43,0,0,0,0,0,0,0,0,0,0,0,46,0,107,0,43,0,0,0,6,0,0,0,30,0,0,0,13,0,20,0,17,0,26,0,188,0,0,162,482,0,6,0,0,24,42,0,173,0,1,0,0,0,0,0,0,0,0,0,2,0,0,0,12,0,0,0,0,0,0,0,92,1,0,0,0,377,0,0,0,535,189,268,137,0,0,0
57,185,0,94,142,88,23,0,38,0,84,75,105,1,235,94,185,0,137,5,168,0,164,118,49,0,29,0,266,0,36,0,70,38,0,0,41,18,468,0,18,0,0,0,7,0,0,0,0,0,0,0,3,0,23,0,0,0,5,0,78,0,23,0,4,0,4,0,0,0,0,0,0,0,0,0,0,0,2,0,0,0,0,0,0,0,0,0,0,0,0,0,0,0,0,0,0,0,0,0,0,0,0,0,0,0,0,0,0,0,0,0,0,0,0,0,0,0,0,0,0,0,0,0,3,0,28,0,0,0,15,0,5,0,43,0,11,0,0,0,0,0,0,0,0,0,34,0,6,0,30,0,22,0,0,0,0,0,0,0,0,0,0,0,2,0,37,0,17,0,19,0,361,0,0,0,163,72,0,0,0,0,3,0,0,0,0,0,0,0,0,0,0,0,0,0,0,0,0,0,0,0,0,0,0,0,10,0,40,0,423,44,432,134,339,0,0,0,0,0,0,1,0,0,0
108,67,94,0,0,192,46,57,0,11,0,20,0,26,0,273,19,101,2,90,0,0,58,173,59,63,0,102,5,95,0,0,0,46,0,0,0,16,18,95,0,7,0,0,1,0,0,0,0,0,0,0,0,3,0,36,0,9,0,18,0,0,10,5,0,8,0,0,0,0,0,0,0,0,0,0,0,0,0,0,0,0,0,0,0,0,0,0,0,0,0,0,0,0,0,8,0,0,0,0,0,0,0,0,0,0,1,0,0,0,0,0,0,0,0,0,0,0,0,0,0,0,0,0,0,12,0,0,0,0,0,0,0,0,0,85,0,79,0,0,0,11,0,42,0,0,0,0,0,5,0,10,0,0,0,1,0,0,0,0,0,8,0,0,0,0,0,20,0,5,0,0,0,60,0,0,33,38,0,4,0,0,13,0,0,0,0,0,0,0,0,0,0,0,0,0,0,0,0,0,0,10,0,0,0,0,0,0,0,21,0,0,6,0,185,0,0,0,189,33,214,103,0,12,0
33,0,142,0,0,259,21,0,37,0,135,146,424,184,174,116,29,0,219,215,421,130,32,40,0,0,107,0,34,1,238,0,535,47,94,26,336,0,100,0,117,0,0,0,0,0,59,0,0,0,64,20,0,0,0,0,0,0,0,0,0,0,0,0,21,0,6,0,0,0,0,0,0,0,2,0,0,0,0,0,0,0,0,0,0,0,0,0,0,0,0,0,0,0,0,0,0,0,0,0,0,0,0,0,0,0,0,0,0,0,0,0,0,0,0,0,0,0,0,0,0,0,0,0,5,0,11,0,0,0,8,0,0,0,14,0,0,0,0,0,0,0,0,0,0,0,43,0,14,0,70,0,105,0,2,0,0,0,0,0,0,0,0,0,21,0,176,0,35,0,16,0,135,0,0,0,206,85,94,0,17,0,16,0,95,0,0,0,0,0,0,0,0,0,0,0,3,0,0,0,0,0,0,0,0,0,0,0,41,0,370,140,577,92,287,2,1,0,0,3,0,0,0,0,0
34,238,88,192,259,0,0,63,0,21,233,170,82,237,537,340,23,0,92,199,147,232,207,160,0,14,0,279,8,0,18,167,54,338,0,121,14,95,13,0,0,20,0,0,0,0,0,159,0,6,0,82,0,0,0,10,0,0,0,13,0,0,0,0,0,34,0,0,0,0,0,0,0,0,0,0,0,0,0,0,0,0,0,0,0,0,0,0,0,0,0,0,0,0,0,0,0,0,0,0,0,0,0,0,0,0,0,0,0,0,0,0,0,0,0,0,0,0,0,0,0,0,0,4,0,0,0,0,0,4,0,0,0,0,0,94,0,52,0,0,0,0,0,23,0,0,0,6,0,23,0,54,0,13,0,0,0,0,0,0,0,0,0,0,0,107,0,241,0,106,0,5,0,51,0,0,176,365,19,34,0,33,5,0,0,19,0,22,0,0,0,0,0,0,0,0,0,0,0,0,0,22,0,0,0,0,0,23,0,56,0,0,26,0,331,0,0,0,587,213,603,144,0,1,1
28,183,23,46,21,0,0,151,173,60,45,4,25,0,0,10,15,8,9,0,3,0,14,0,106,72,0,0,56,0,0,0,0,0,0,0,0,9,57,0,6,0,0,0,0,0,0,0,12,0,0,0,16,2,140,0,7,0,25,0,260,34,86,37,9,0,15,0,1,0,0,0,0,0,0,0,0,0,0,0,0,0,0,0,1,0,0,0,0,0,0,0,0,0,0,0,0,0,0,0,0,0,0,0,1,0,0,0,0,0,0,0,0,0,0,0,0,0,0,0,0,0,0,0,20,0,34,0,0,0,115,0,5,0,14,0,8,0,0,0,0,0,4,0,0,0,41,0,38,0,14,0,11,0,0,0,0,0,1,0,1,0,1,0,3,0,0,0,4,0,143,0,129,0,0,0,40,64,3,0,0,1,2,0,3,0,0,0,0,0,0,0,0,0,0,0,0,0,0,0,0,0,0,0,1,0,4,0,50,0,499,40,173,126,334,1,0,0,0,0,5,0,0,0,0
71,53,0,57,0,63,151,0,261,22,0,12,0,19,0,40,11,21,0,37,0,0,7,42,69,121,0,42,0,104,1,0,0,0,0,0,0,0,0,207,0,0,0,0,0,0,0,0,0,2,0,0,47,16,82,185,0,10,0,23,0,285,76,171,0,4,0,4,0,0,0,0,0,0,0,0,0,0,0,0,0,0,0,0,0,0,0,0,0,0,0,0,0,0,0,0,0,0,0,0,0,0,0,0,0,0,0,0,0,0,0,0,0,0,0,0,0,0,0,0,0,0,0,0,0,14,0,0,0,0,0,8,0,3,0,24,0,30,0,2,0,0,0,12,0,0,0,0,0,1,0,0,0,0,0,0,0,10,0,0,0,8,0,0,0,15,0,6,0,28,0,86,0,116,0,0,41,72,0,0,0,0,0,20,2,0,0,0,0,0,0,0,0,0,0,0,0,0,0,0,0,0,0,0,0,0,0,0,0,13,0,7,0,0,482,0,0,0,391,50,277,220,0,27,0
73,118,38,0,37,0,173,261,0,295,75,0,111,0,2,0,0,8,46,0,0,0,2,2,3,125,18,0,0,0,0,0,0,0,0,0,0,0,0,0,28,0,0,0,0,0,49,0,0,0,0,0,70,51,97,178,30,7,137,0,185,63,44,123,88,0,330,0,0,0,0,0,0,0,0,0,0,0,0,0,0,0,0,0,0,0,0,0,0,0,0,0,0,0,0,0,0,2,0,0,0,1,0,0,0,0,0,0,0,0,0,0,0,0,0,0,0,0,0,0,0,0,0,0,14,0,16,0,0,0,53,0,0,0,4,0,0,0,0,1,0,0,0,0,0,0,64,0,84,0,29,0,57,0,3,1,23,0,0,0,3,0,0,0,0,0,0,0,4,0,147,24,6,0,0,0,431,127,40,0,0,0,10,2,93,28,0,0,0,0,0,0,0,0,0,0,0,0,0,0,0,0,0,0,0,0,2,0,12,0,339,30,121,0,161,0,0,0,14,0,7,0,0,0,0
4,121,0,11,0,21,60,22,295,0,0,23,0,0,0,0,0,0,0,38,0,0,0,0,9,6,0,36,0,6,0,0,0,0,0,0,0,0,0,30,0,4,0,0,0,9,0,24,0,1,0,0,102,199,137,125,63,18,186,99,0,404,19,261,0,119,156,113,0,2,0,0,0,0,0,0,0,0,0,0,0,0,0,0,0,0,0,2,0,0,0,0,0,0,0,0,0,0,0,0,0,0,0,0,0,0,0,0,0,0,0,0,0,0,1,0,0,0,0,0,0,0,0,0,0,30,0,13,0,0,0,0,0,2,0,11,0,20,0,0,0,0,0,0,0,0,0,15,0,25,0,28,0,4,5,23,0,121,0,0,4,24,0,0,0,11,0,2,0,14,5,111,0,36,0,2,76,141,0,5,0,0,0,13,18,201,0,0,0,0,0,0,0,0,0,0,0,0,0,0,0,0,0,0,0,0,0,0,0,59,0,0,0,2,360,0,0,0,359,41,181,192,0,31,0
145,0,84,0,135,233,45,0,75,0,0,90,394,27,22,84,37,0,29,96,172,66,18,37,0,0,21,0,51,0,108,13,311,32,0,9,157,0,118,0,77,0,0,0,4,0,61,0,7,0,8,0,0,0,0,0,0,0,0,0,0,0,0,0,0,0,15,0,0,0,0,0,0,0,0,0,0,0,0,0,0,0,0,0,0,0,0,0,0,0,0,0,0,0,0,0,0,0,0,0,0,0,0,0,0,0,0,0,0,0,0,0,0,0,0,0,0,0,0,0,0,0,0,0,0,0,9,0,0,0,20,0,0,0,4,0,0,0,0,0,0,0,0,0,0,0,28,0,25,0,43,0,75,0,0,0,0,0,0,0,0,0,0,0,8,0,0,0,0,0,5,0,55,0,0,0,233,62,87,0,16,0,12,0,95,0,3,0,0,0,0,0,0,0,0,0,0,0,0,0,0,0,0,0,0,0,0,0,24,0,333,68,213,0,139,0,0,0,0,0,14,3,0,0,0
28,268,75,20,146,170,4,12,0,23,90,0,0,405,326,17,23,9,29,33,76,111,211,32,4,0,0,157,5,0,0,95,0,296,0,32,0,101,0,0,0,138,0,0,0,11,0,330,0,120,0,7,0,0,0,0,0,8,0,8,0,0,0,0,0,18,0,4,0,0,0,0,0,0,0,0,0,0,0,0,0,0,0,0,0,0,0,0,0,0,0,0,0,0,0,0,0,0,0,0,0,0,0,0,0,0,0,0,0,0,0,0,0,0,0,0,0,0,0,0,0,0,0,0,0,0,0,0,0,0,0,0,0,0,0,28,0,10,0,0,0,0,0,0,0,0,0,0,0,22,0,129,0,83,0,0,0,0,0,1,0,12,0,0,0,0,0,73,0,21,0,0,2,22,0,31,133,564,0,65,0,134,0,19,0,127,0,17,0,0,0,0,0,0,0,0,0,0,0,0,0,0,0,0,0,0,0,10,0,17,7,0,0,0,178,0,0,0,330,127,163,57,0,0,0
86,0,105,0,424,82,25,0,111,0,394,0,0,588,10,0,0,0,105,246,70,66,6,0,0,0,104,332,0,0,33,0,48,0,135,11,135,15,0,0,440,56,161,29,51,39,293,217,46,0,191,82,0,0,0,0,0,0,6,0,0,0,0,0,22,0,21,0,0,0,0,0,0,0,0,0,0,0,0,0,0,0,0,0,0,0,0,0,0,0,0,0,0,0,0,0,0,0,0,0,0,0,0,0,0,0,0,0,0,0,0,0,0,0,0,0,0,0,0,0,0,0,0,0,0,0,16,0,0,0,0,0,0,0,23,0,2,0,0,0,0,0,0,0,0,0,44,0,24,0,83,0,194,0,0,0,1,0,0,0,0,0,0,0,37,0,31,0,68,0,0,1,9,0,0,0,263,78,116,0,107,0,112,0,297,0,231,0,0,0,0,0,0,0,0,0,4,0,0,0,0,0,0,0,0,0,11,0,38,0,92,168,319,26,49,2,0,0,0,1,19,0,0,0,0
0,119,1,26,184,237,0,19,0,0,27,405,588,0,90,0,0,0,566,131,205,36,0,0,0,0,230,114,0,0,0,0,0,0,105,81,0,78,0,0,147,121,31,41,8,22,66,301,0,78,23,256,0,0,0,0,0,0,0,6,0,0,0,0,0,11,0,5,0,0,0,0,0,0,0,0,0,0,0,0,0,0,0,0,0,0,0,0,0,0,0,0,0,0,0,0,0,0,0,0,0,0,0,11,0,0,0,0,0,0,0,0,0,0,0,0,0,0,0,0,0,0,0,0,0,0,0,0,0,0,0,0,0,1,0,0,0,7,0,0,0,0,0,0,0,0,0,0,0,0,0,0,0,14,0,0,0,0,0,0,0,0,0,0,0,165,0,31,0,122,0,0,0,0,0,0,87,593,13,71,0,62,0,11,0,35,62,108,0,0,0,0,0,0,0,0,0,0,0,0,0,0,0,0,0,0,0,0,0,0,0,0,0,0,19,0,0,0,11,130,280,17,0,0,0
0,0,235,0,174,537,0,0,2,0,22,326,10,90,0,143,75,0,242,212,541,153,179,12,38,0,88,0,10,0,248,37,208,66,83,16,94,13,5,0,0,0,5,0,0,0,0,0,0,0,13,0,19,0,0,0,0,0,0,0,0,0,29,0,3,0,10,1,0,0,0,0,0,0,12,0,0,0,0,0,11,0,0,0,13,0,20,0,0,0,0,0,0,0,0,0,0,0,0,0,0,0,0,0,30,0,195,0,0,0,0,0,0,0,0,0,0,0,0,0,0,0,0,0,0,0,0,0,0,0,0,1,0,0,84,0,25,0,0,0,0,0,63,0,0,0,24,0,7,0,55,0,58,0,0,0,0,0,0,0,0,0,5,0,10,0,72,0,23,0,9,0,35,0,0,0,160,83,35,0,0,0,0,0,34,0,0,0,0,0,0,0,0,0,0,0,3,0,0,0,0,0,0,0,0,0,0,0,54,0,139,92,150,0,55,0,2,0,0,0,32,0,0,0,0
72,20,94,273,116,340,10,40,0,0,84,17,0,0,143,0,25,148,11,411,40,546,150,427,26,81,0,98,7,75,0,84,17,205,0,24,0,35,0,37,0,0,0,0,0,0,6,0,0,0,0,2,0,0,0,38,0,6,0,5,0,5,0,85,0,0,0,0,0,0,0,0,0,0,0,0,0,0,0,0,0,0,0,0,0,109,0,0,0,0,0,0,0,0,0,0,0,79,0,0,0,0,0,0,0,0,0,0,0,0,0,0,0,0,0,0,0,0,0,0,0,0,0,0,0,0,0,0,0,0,0,0,0,25,0,208,0,141,0,0,0,38,0,212,0,17,0,0,0,0,0,23,0,0,1,0,0,0,0,0,0,0,0,0,0,16,0,210,0,29,0,6,0,60,0,0,41,71,4,7,0,0,10,0,0,3,0,0,0,0,0,0,0,0,0,0,0,0,0,0,0,22,0,0,0,0,0,0,0,70,0,0,0,0,121,0,0,0,168,93,418,67,0,0,0
45,53,185,19,29,23,15,11,0,0,37,23,0,0,75,25,0,2,64,0,207,0,296,22,114,10,0,0,339,4,19,0,15,8,0,0,0,0,112,0,0,0,0,0,0,0,0,0,0,0,0,0,88,0,11,0,3,0,0,0,68,2,338,0,0,0,0,0,0,0,16,0,14,0,20,0,0,0,0,0,56,0,0,0,41,0,82,0,0,0,65,0,0,0,58,0,56,0,160,0,115,0,0,0,0,0,313,0,0,0,0,0,0,0,0,0,0,0,0,0,47,0,73,0,0,0,18,0,38,0,0,0,0,0,0,0,90,0,20,0,96,0,243,0,0,0,0,0,0,0,0,0,0,0,108,0,0,0,109,0,26,0,0,0,0,0,0,0,0,0,38,0,32,0,0,0,26,8,0,0,0,0,37,0,0,0,0,0,0,0,0,0,0,0,0,0,0,0,0,0,11,0,0,0,0,0,0,0,0,0,10,0,80,40,30,1,0,0,0,0,0,0,0,0,0
0,54,0,101,0,0,8,21,8,0,0,9,0,0,0,148,2,0,0,67,0,152,0,207,8,203,0,0,0,279,0,58,0,50,0,0,0,7,0,64,0,0,0,0,0,0,0,0,0,8,0,0,4,16,4,15,0,49,0,4,0,5,3,141,0,0,0,0,0,0,0,0,0,0,0,0,0,0,0,0,0,48,0,0,0,279,0,0,0,0,0,0,0,0,0,60,0,87,0,21,0,55,0,0,0,0,0,98,0,0,0,0,0,0,0,0,0,0,0,0,0,12,0,3,0,0,0,0,0,70,0,0,0,85,0,0,0,233,0,89,0,96,0,337,0,5,0,0,0,0,0,0,0,0,0,56,0,0,0,37,0,52,0,0,0,0,0,4,0,0,0,7,0,45,0,0,2,9,0,6,0,0,0,5,0,0,0,0,0,0,0,0,0,0,0,0,0,0,0,0,0,0,0,0,0,0,0,0,0,0,0,0,1,0,23,0,0,0,0,30,42,0,0,0,0
0,0,137,2,219,92,9,0,46,0,29,29,105,566,242,11,64,0,0,206,272,75,152,0,0,0,301,197,12,0,49,0,19,0,236,13,138,19,0,0,38,27,68,14,72,9,64,82,12,0,168,71,57,0,0,0,0,0,0,0,0,0,101,0,21,0,21,0,0,0,61,0,0,0,87,0,0,0,0,0,0,0,0,0,37,0,100,0,0,0,0,0,0,0,0,0,0,0,0,0,0,0,0,0,0,0,676,0,0,0,0,0,0,0,0,0,0,0,0,0,50,0,0,0,5,0,0,0,0,0,0,0,0,0,118,0,31,0,0,0,0,0,0,0,50,0,88,0,28,0,171,0,222,0,39,0,0,0,0,0,0,0,0,0,37,0,21,0,81,0,18,0,42,0,0,0,126,48,45,0,0,0,17,0,201,0,84,0,0,0,0,0,0,0,0,0,10,0,0,0,45,0,0,0,0,0,0,0,91,0,91,159,241,28,56,2,0,0,0,0,0,0,0,0,0
0,72,5,90,215,199,0,37,0,38,96,33,246,131,212,411,0,67,206,0,113,435,17,186,0,29,0,430,0,2,26,194,27,44,0,369,0,122,0,0,0,0,0,51,0,85,0,157,0,28,0,347,0,17,0,0,0,0,0,13,0,0,0,124,0,44,0,0,0,0,0,0,0,0,0,0,0,0,0,0,0,0,0,0,0,244,0,0,0,0,0,0,0,0,0,0,0,0,0,30,0,69,0,0,0,0,0,162,0,0,0,0,0,0,0,0,0,0,0,0,0,0,0,0,0,0,0,17,0,0,0,8,0,0,0,174,0,137,0,0,0,0,0,231,0,37,0,0,0,34,0,76,0,32,0,0,0,0,0,0,0,0,0,0,0,104,0,112,0,110,0,9,0,9,0,0,58,97,10,20,0,0,0,1,0,45,11,45,0,0,0,0,0,0,0,0,0,0,0,0,0,22,0,0,0,0,0,46,0,109,0,0,0,0,67,0,0,0,165,226,238,35,0,0,0
9,0,168,0,421,147,3,0,0,0,172,76,70,205,541,40,207,0,272,113,0,70,104,6,0,0,182,71,70,0,84,11,35,16,126,0,0,8,6,0,0,0,50,5,129,0,0,23,0,0,61,0,26,0,24,0,0,0,2,0,8,0,106,0,0,0,0,0,0,0,105,0,46,0,109,0,0,0,95,0,99,0,0,0,19,0,132,0,0,0,102,0,0,0,0,0,50,0,375,0,235,0,0,0,0,0,476,0,0,0,0,0,0,0,0,0,0,0,0,0,112,0,77,0,0,0,0,0,0,0,0,0,0,0,0,0,51,0,110,0,277,0,223,0,121,0,0,0,0,0,0,0,0,0,27,0,3,0,0,0,0,0,0,0,28,0,29,0,0,0,44,0,45,0,0,0,79,21,47,0,0,0,4,0,10,0,7,0,0,0,0,0,0,0,0,0,0,0,0,0,0,0,0,0,0,0,0,0,9,0,137,113,226,27,106,0,2,0,0,0,0,1,0,0,0
0,0,0,0,130,232,0,0,0,0,66,111,66,36,153,546,0,152,75,435,70,0,76,238,0,29,0,285,0,70,15,102,12,64,7,95,0,26,0,5,0,0,0,94,0,164,0,14,0,13,0,65,0,0,0,10,0,0,0,0,0,0,0,88,0,0,0,0,0,0,0,8,0,0,0,17,0,0,0,0,0,0,0,0,0,370,0,0,0,0,0,0,0,0,0,0,0,91,0,39,0,73,0,0,0,0,0,0,0,0,0,0,0,0,0,0,0,0,0,0,0,0,0,27,0,0,0,0,0,0,0,0,0,57,0,0,0,252,0,199,0,276,0,374,0,114,0,0,0,0,0,0,0,0,0,0,0,18,0,0,0,19,0,0,0,67,6,94,0,80,0,10,0,0,0,0,18,116,0,53,0,0,0,0,0,0,0,45,0,0,0,0,0,0,0,0,0,0,0,0,0,0,0,13,0,0,0,0,0,0,0,2,0,0,71,0,0,0,192,241,203,16,0,0,0
15,79,164,58,32,207,14,7,2,0,18,211,6,0,179,150,296,0,152,17,104,76,0,132,199,0,0,0,93,3,9,21,86,106,0,0,17,24,130,8,1,0,0,0,0,0,0,0,0,0,0,0,20,0,9,0,0,0,0,0,5,0,46,0,9,0,4,0,0,0,1,0,0,0,0,0,0,0,0,0,12,0,0,0,27,0,20,0,0,0,83,0,0,0,0,0,0,0,0,0,48,0,0,0,0,0,455,0,0,0,0,0,0,0,0,0,0,0,0,0,0,0,68,0,0,0,28,0,0,0,0,0,0,0,222,0,119,0,0,0,0,0,304,0,0,3,22,0,6,3,49,0,29,0,112,0,0,0,27,0,11,0,0,0,9,0,13,2,0,0,12,0,78,0,3,0,118,53,3,0,0,0,8,0,0,0,0,0,0,0,0,0,0,0,0,0,0,0,9,0,99,0,0,0,6,0,10,0,114,0,60,14,104,55,67,0,4,0,0,0,9,0,0,0,0
111,41,118,173,40,160,0,42,2,0,37,32,0,0,12,427,22,207,0,186,6,238,132,0,33,48,0,51,7,140,0,39,6,67,0,9,3,8,17,15,0,0,0,4,0,0,0,0,0,7,0,0,0,22,0,46,0,10,0,0,0,5,1,153,0,0,0,0,0,0,0,0,0,0,0,0,0,0,0,0,0,29,0,0,0,207,0,19,0,0,0,18,0,0,0,0,0,102,0,7,0,63,0,0,0,0,0,157,0,0,0,0,0,0,0,0,0,0,0,0,0,0,0,3,0,0,0,0,0,0,0,0,0,0,0,0,0,95,0,0,0,46,0,260,0,7,0,0,0,0,0,0,0,0,0,0,0,0,0,0,0,0,0,0,0,12,0,55,0,20,0,5,14,55,0,0,22,52,0,3,0,0,14,0,0,0,0,0,0,0,0,0,0,0,0,0,0,0,0,0,0,11,0,0,0,0,0,0,0,0,3,0,3,0,26,0,0,0,27,163,128,21,0,0,0
7,240,49,59,0,0,106,69,3,9,0,4,0,0,38,26,114,8,0,0,0,0,199,33,0,44,0,0,146,17,0,1,0,11,0,0,0,16,155,41,0,0,0,0,0,0,12,0,7,0,0,0,18,0,94,0,2,0,0,0,68,19,48,0,4,0,0,0,0,0,0,0,0,0,1,0,0,0,0,0,0,0,0,0,13,0,0,0,0,0,32,0,0,0,0,0,0,0,0,0,0,0,0,0,0,0,0,0,0,0,0,0,0,0,0,0,0,0,0,0,0,0,19,0,10,0,53,0,0,0,55,0,45,0,193,0,115,0,0,0,0,0,236,0,0,0,42,0,4,7,37,0,13,0,68,0,0,0,25,0,5,0,0,0,0,0,0,0,0,0,23,0,108,4,2,0,26,22,0,0,0,11,30,1,0,0,0,0,0,0,0,0,0,0,0,0,0,0,0,0,52,0,1,0,0,0,10,0,209,0,108,6,160,82,132,0,0,0,5,0,4,0,0,0,0
66,46,0,63,0,14,72,121,125,6,0,0,0,0,0,81,10,203,0,29,0,29,0,48,44,0,0,0,0,373,0,3,0,0,0,0,0,0,0,241,0,0,0,0,0,0,0,0,1,2,0,0,12,6,38,90,0,31,0,2,0,73,29,63,0,0,0,0,0,0,0,0,0,0,0,0,0,0,0,0,0,0,0,0,0,39,0,0,0,0,0,0,0,0,0,0,0,0,0,0,0,0,0,0,0,0,0,75,0,0,0,0,0,0,0,0,0,0,0,0,0,0,1,0,0,0,0,0,0,16,0,0,0,69,0,234,0,207,0,47,0,36,0,222,0,0,0,0,0,0,0,0,0,0,0,37,0,2,0,15,0,0,0,1,0,7,0,4,0,16,0,23,0,97,0,0,22,16,0,0,0,0,6,8,0,0,0,0,0,0,0,0,0,0,0,0,0,0,0,1,0,29,0,0,0,0,0,0,0,41,3,0,0,0,219,0,0,0,144,26,220,145,0,22,0
0,0,29,0,107,0,0,0,18,0,21,0,104,230,88,0,0,0,301,0,182,0,0,0,0,0,0,116,0,0,0,0,5,0,81,0,123,0,2,0,70,83,295,22,349,25,314,210,58,7,175,16,0,0,0,0,0,0,0,0,8,0,56,0,0,0,0,0,0,0,25,0,0,0,24,0,0,0,0,0,0,0,0,0,0,0,40,0,0,0,0,0,0,0,0,0,0,0,110,0,122,0,0,0,0,0,0,0,0,0,0,0,0,0,0,0,0,0,0,0,0,0,0,0,0,0,0,0,0,0,0,0,0,0,0,0,0,0,18,0,0,0,0,0,24,0,0,0,16,0,0,0,58,0,0,0,0,0,0,0,0,0,0,0,115,0,23,0,132,0,17,0,38,0,0,0,21,14,5,0,0,0,0,0,63,0,80,0,0,0,0,0,0,0,0,0,2,0,0,0,0,0,0,0,0,0,0,0,0,0,49,164,532,21,32,0,0,20,0,0,0,0,0,0,0
0,226,0,102,0,279,0,42,0,36,0,157,332,114,0,98,0,0,197,430,71,285,0,51,0,0,116,0,0,0,0,18,0,13,66,59,0,21,0,0,149,32,34,304,8,313,60,218,0,33,29,336,0,0,0,0,0,0,0,31,0,0,0,44,0,32,0,0,0,0,0,9,0,0,0,16,0,0,0,0,0,0,0,0,0,262,0,0,0,0,0,0,0,2,0,0,0,115,0,21,0,82,0,53,0,0,0,0,0,0,0,0,0,0,0,0,0,0,0,0,0,0,0,21,0,0,0,0,0,0,0,0,0,0,0,0,0,125,0,0,0,109,1,182,0,0,0,0,0,0,0,72,0,19,0,0,0,0,0,0,0,0,0,0,0,233,0,0,0,0,0,0,0,0,0,0,0,99,0,4,0,23,0,2,0,34,48,64,0,0,0,17,0,0,0,48,0,0,0,0,0,0,0,107,0,0,0,62,0,103,0,0,0,0,0,0,0,0,75,329,759,32,18,0,7
181,12,266,5,34,8,56,0,0,0,51,5,0,0,10,7,339,0,12,0,70,0,93,7,146,0,0,0,0,0,25,2,1,0,18,0,5,0,18,0,0,0,2,0,0,0,0,0,0,0,0,0,57,0,42,0,0,0,0,0,5,0,85,0,0,0,0,0,0,0,17,0,0,0,13,0,0,0,0,0,10,0,0,0,4,0,21,0,0,0,0,0,0,0,0,0,0,0,70,0,36,0,4,0,0,0,50,0,0,0,0,0,0,0,0,0,0,0,0,0,20,0,16,0,0,0,0,0,0,0,2,0,0,0,0,0,0,0,119,0,92,0,60,0,21,0,0,0,0,0,0,0,0,0,34,0,11,0,73,0,0,0,0,0,0,0,0,0,4,0,0,0,3,0,0,0,36,8,0,0,0,0,16,0,0,0,0,0,0,0,0,0,0,0,0,0,0,0,0,0,0,0,0,0,0,0,0,0,0,0,10,10,8,0,6,0,0,0,0,0,0,0,0,0,0
18,165,0,95,1,0,0,104,0,6,0,0,0,0,0,75,4,279,0,2,0,70,3,140,17,373,0,0,0,0,0,32,0,78,0,30,0,5,0,69,0,0,0,0,0,0,0,0,0,0,0,0,4,8,2,10,0,0,0,0,0,72,0,81,0,0,0,5,0,0,0,0,0,0,0,0,0,0,0,0,0,0,0,0,0,60,0,0,0,0,0,0,0,0,0,0,0,0,0,0,0,13,0,0,0,0,0,0,0,0,0,0,0,0,0,0,0,0,0,0,0,7,0,0,0,0,0,0,0,39,0,0,0,32,0,0,0,139,0,176,0,101,0,120,0,30,0,2,0,0,0,0,0,0,0,67,0,4,0,78,0,31,0,0,0,0,0,0,0,0,1,0,0,0,0,0,3,24,0,17,0,0,0,15,0,0,0,0,0,0,0,0,0,0,0,0,0,0,0,0,0,1,0,0,0,0,0,0,0,0,0,0,0,0,0,0,0,0,12,30,0,0,0,0,0
0,0,36,0,238,18,0,1,0,0,108,0,33,0,248,0,19,0,49,26,84,15,9,0,0,0,0,0,25,0,0,0,17,0,20,6,24,0,1,0,0,0,2,0,0,0,0,0,0,0,8,0,15,0,17,0,0,0,0,0,2,0,48,0,0,0,0,0,0,0,30,0,0,0,26,0,0,0,0,0,23,0,0,0,0,0,28,0,0,0,12,0,0,0,0,0,0,0,61,0,24,0,0,0,0,0,51,0,0,0,0,0,0,0,0,0,0,0,0,0,39,0,0,0,0,0,0,0,0,0,0,0,0,0,0,0,23,0,136,0,177,0,89,0,39,0,0,0,0,0,0,0,0,0,18,0,2,0,70,0,4,0,4,0,5,0,25,0,0,0,0,0,0,0,0,0,39,5,67,0,0,0,0,0,0,0,0,0,0,0,0,0,0,0,0,0,0,0,0,0,0,0,0,0,0,0,0,0,0,0,23,21,57,0,0,0,0,0,0,0,3,0,0,0,0
3,0,0,0,0,167,0,0,0,0,13,95,0,0,37,84,0,58,0,194,11,102,21,39,1,3,0,18,2,32,0,0,0,9,0,43,0,7,0,6,0,0,0,18,0,7,0,0,0,0,0,15,0,0,0,0,0,0,0,0,0,2,0,6,0,0,0,0,0,0,0,0,0,0,0,0,0,0,0,0,0,0,0,0,0,28,0,0,0,0,0,0,0,0,0,0,0,0,0,0,0,0,0,2,0,0,0,0,0,0,0,0,0,0,0,0,0,0,0,0,0,0,0,0,0,0,0,0,0,0,0,0,0,0,0,0,0,63,0,93,0,68,0,51,0,29,0,0,0,0,0,0,0,0,0,0,0,6,0,36,0,0,0,0,0,0,0,37,0,8,0,0,0,0,0,0,8,60,0,23,0,0,1,0,0,0,0,2,0,0,0,0,0,0,0,0,0,0,0,0,0,0,0,0,0,0,0,0,0,0,0,0,3,0,0,0,0,0,28,28,36,0,0,0,0
0,0,70,0,535,54,0,0,0,0,311,0,48,0,208,17,15,0,19,27,35,12,86,6,0,0,5,0,1,0,17,0,0,0,32,0,297,0,0,0,1,0,6,0,8,0,0,0,2,0,10,0,2,0,0,0,0,0,0,0,11,0,4,0,0,0,0,0,0,0,14,0,0,0,16,0,0,0,0,0,0,0,0,0,0,0,9,0,14,0,7,0,0,0,0,0,0,0,43,0,44,0,0,0,0,0,44,0,0,0,0,0,0,0,0,0,0,0,0,0,12,0,5,0,0,0,0,0,0,0,0,0,0,0,0,0,0,0,61,0,49,0,26,0,41,0,0,0,0,0,0,0,0,0,13,0,22,0,35,0,0,0,0,0,9,0,145,0,16,0,11,0,45,0,0,0,87,14,75,0,0,0,0,0,0,0,0,0,0,0,0,0,0,0,0,0,0,0,0,0,0,0,0,0,0,0,0,0,0,0,19,20,145,10,24,0,1,0,0,0,0,0,0,0,0
28,171,38,46,47,338,0,0,0,0,32,296,0,0,66,205,8,50,0,44,16,64,106,67,11,0,0,13,0,78,0,9,0,0,0,30,0,204,0,9,0,0,0,14,0,2,0,0,0,0,0,0,0,1,0,5,0,0,0,0,0,6,0,4,0,0,0,0,0,0,0,0,0,0,0,0,0,0,0,0,0,0,0,0,0,31,0,0,0,0,0,0,0,0,0,0,0,0,0,0,0,0,0,0,0,0,0,0,0,0,0,0,0,0,0,0,0,0,0,0,0,0,0,0,0,0,0,0,0,0,0,0,0,0,0,0,0,0,0,81,0,59,0,45,0,47,0,0,0,0,0,11,0,0,0,13,0,13,0,44,0,0,0,0,0,4,0,46,0,0,0,0,0,5,0,0,29,176,0,79,0,0,6,0,0,0,0,0,0,0,0,0,0,0,0,0,0,0,0,0,0,0,0,0,0,0,0,0,0,0,0,0,0,0,0,0,0,0,25,118,23,0,0,0,0
0,0,0,0,94,0,0,0,0,0,0,0,135,105,83,0,0,0,236,0,126,7,0,0,0,0,81,66,18,0,20,0,32,0,0,0,91,0,13,0,9,0,36,5,16,6,3,56,14,2,126,0,0,0,0,0,0,0,0,0,0,0,8,0,0,0,0,0,0,0,0,0,0,0,20,0,0,0,0,0,14,0,0,0,0,0,22,0,0,0,0,0,0,0,0,0,0,0,0,0,0,0,0,0,0,0,0,0,0,0,0,0,0,0,0,0,0,0,0,0,15,0,0,0,0,0,0,0,0,0,0,0,0,0,0,0,0,0,92,0,82,0,0,0,38,0,0,0,0,0,0,0,0,0,0,0,0,0,30,0,0,0,3,0,86,0,35,0,135,0,11,0,14,0,0,0,0,0,13,0,0,0,0,0,0,0,44,0,0,0,0,0,0,0,0,0,0,0,0,0,0,0,0,0,0,0,0,0,0,0,48,99,319,0,39,0,0,3,0,0,0,0,0,0,0
0,0,0,0,26,121,0,0,0,0,9,32,11,81,16,24,0,0,13,369,0,95,0,9,0,0,0,59,0,30,6,43,0,30,0,0,0,165,0,10,0,0,0,14,0,23,0,0,0,1,0,33,0,0,0,0,0,0,0,5,0,10,0,7,0,0,0,0,0,0,0,0,0,0,0,0,0,0,0,0,0,0,0,0,0,50,0,0,0,0,0,0,0,0,0,0,0,0,0,0,0,0,0,0,0,0,0,0,0,0,0,0,0,0,0,0,0,0,0,0,0,0,0,0,0,0,0,0,0,0,0,0,0,0,0,0,0,0,0,184,0,112,0,71,0,97,0,0,0,0,0,0,0,0,0,0,0,23,0,74,0,0,0,0,0,73,0,43,0,38,0,0,0,10,0,0,0,24,0,16,0,0,0,0,0,0,0,32,0,0,0,0,0,0,0,0,0,1,0,0,0,0,0,0,0,0,0,0,0,0,0,0,0,0,0,0,0,0,30,78,117,0,0,0,0
24,0,41,0,336,14,0,0,0,0,157,0,135,0,94,0,0,0,138,0,0,0,17,3,0,0,123,0,5,0,24,0,297,0,91,0,0,0,50,0,0,1,70,0,38,0,0,5,7,0,78,0,0,0,0,0,0,0,0,0,32,0,0,0,0,0,0,0,0,0,19,0,0,0,32,0,0,0,0,0,0,0,0,0,0,0,17,0,0,0,0,0,0,0,0,0,0,0,0,0,0,0,0,0,0,0,63,0,0,0,0,0,0,0,0,0,0,0,0,0,0,0,0,0,0,0,0,0,0,0,0,0,0,0,0,0,0,0,129,0,119,0,29,0,116,0,0,0,0,0,0,0,0,0,14,0,34,0,43,0,0,0,18,0,44,0,97,0,56,0,36,0,73,0,0,0,34,0,53,0,0,0,0,0,0,0,7,0,0,0,0,0,0,0,1,0,0,0,0,0,0,0,0,0,0,0,0,0,0,0,24,35,100,0,0,2,0,3,0,0,0,0,0,0,0
18,177,18,16,0,95,9,0,0,0,0,101,15,78,13,35,0,7,19,122,8,26,24,8,16,0,0,21,0,5,0,7,0,204,0,165,0,0,0,44,0,0,0,131,0,17,0,0,0,0,0,113,0,0,1,0,0,0,0,0,0,42,0,2,0,0,0,0,0,0,0,0,0,0,0,0,0,0,0,1,0,0,0,0,0,63,0,0,0,0,0,0,0,0,0,0,0,0,0,0,0,6,0,0,0,0,0,0,0,0,0,0,0,0,0,0,0,0,0,0,0,0,0,0,0,0,0,0,0,0,0,0,0,0,0,0,0,40,0,130,0,119,0,48,0,147,0,0,0,2,0,0,0,0,0,16,0,53,0,41,0,0,0,0,0,24,0,59,0,18,0,17,0,127,0,0,10,98,0,60,0,8,0,36,0,0,2,23,0,0,0,0,0,0,0,0,0,0,0,0,0,0,0,0,0,0,0,0,0,0,0,0,0,0,4,0,0,0,0,232,74,0,0,0,0
427,0,468,18,100,13,57,0,0,0,118,0,0,0,5,0,112,0,0,0,6,0,130,17,155,0,2,0,18,0,1,0,0,0,13,0,50,0,0,0,0,0,3,0,0,0,0,0,2,0,3,0,53,0,6,0,0,0,0,0,6,0,28,0,0,0,2,0,0,0,4,0,0,0,5,0,0,0,0,0,0,0,0,0,0,0,0,0,0,0,4,0,0,0,0,0,0,0,0,0,0,0,0,0,0,0,0,0,0,0,0,0,0,0,0,0,0,0,0,0,0,0,0,0,0,0,0,0,3,0,0,0,0,0,0,0,0,0,48,0,15,0,0,0,50,0,0,0,0,0,0,0,0,0,41,0,92,0,35,0,0,0,0,0,0,0,12,0,0,0,0,0,174,0,0,0,138,9,4,0,0,0,54,0,0,0,0,0,0,0,0,0,0,0,0,0,0,0,0,0,0,0,0,0,0,0,0,0,0,0,28,188,83,23,21,0,0,0,0,0,0,0,0,0,0
30,446,0,95,0,0,0,207,0,30,0,0,0,0,0,37,0,64,0,0,0,5,8,15,41,241,0,0,0,69,0,6,0,9,0,10,0,44,0,0,0,0,0,0,0,0,0,0,0,0,0,0,4,4,6,10,0,0,0,11,0,47,5,53,0,0,0,5,0,0,0,0,0,0,0,0,0,0,0,0,0,0,0,0,0,0,0,0,0,0,0,0,0,0,0,0,0,0,0,0,0,0,0,0,0,0,0,0,0,0,0,0,0,0,0,0,0,0,0,0,0,0,0,0,0,0,0,0,0,0,0,0,0,5,0,7,0,0,0,47,0,24,0,4,0,116,0,0,0,0,0,0,0,0,0,40,0,86,0,45,1,0,0,0,0,0,0,0,0,0,0,0,0,13,0,0,18,118,0,48,0,0,0,81,0,0,0,0,0,0,0,0,0,0,0,0,0,0,0,0,0,0,0,0,0,0,0,0,0,3,0,0,0,0,0,0,0,0,11,96,3,0,0,0,0
15,0,18,0,117,0,6,0,28,0,77,0,440,147,0,0,0,0,38,0,0,0,1,0,0,0,70,149,0,0,0,0,1,0,9,0,0,0,0,0,0,89,32,26,65,72,314,297,165,27,16,0,0,0,0,0,0,0,0,0,0,0,0,0,0,0,0,0,0,0,0,0,0,0,0,0,0,0,0,0,0,0,0,0,0,0,0,0,0,0,0,0,0,0,0,0,0,0,0,0,0,0,0,0,0,0,0,0,0,0,0,0,0,0,0,0,0,0,0,0,0,0,0,0,0,0,8,0,0,0,0,0,0,0,0,0,0,0,0,0,0,0,0,0,0,0,0,0,0,0,32,0,88,0,0,0,0,0,0,0,0,0,0,0,11,0,0,0,0,0,0,0,0,0,0,0,33,17,80,0,82,0,35,0,98,0,210,0,0,0,0,0,0,0,0,0,0,0,0,0,0,0,0,0,0,0,0,0,0,0,0,81,64,0,4,0,0,14,0,0,0,0,0,0,0
0,43,0,7,0,20,0,0,0,4,0,138,56,121,0,0,0,0,27,0,0,0,0,0,0,0,83,32,0,0,0,0,0,0,0,0,1,0,0,0,89,0,37,34,27,35,132,568,6,245,13,0,0,0,0,0,0,0,0,0,0,0,0,0,0,0,0,0,0,0,0,0,0,0,0,0,0,0,0,0,0,0,0,0,0,0,0,0,0,0,0,0,0,0,0,0,0,0,0,0,0,0,0,0,0,0,0,0,0,0,0,0,0,0,0,0,0,0,0,0,0,0,0,0,0,0,0,0,0,0,0,0,0,0,0,0,0,0,0,0,0,0,0,0,0,0,0,0,0,0,0,0,0,0,0,0,0,0,0,0,0,0,0,0,0,10,0,0,0,0,0,0,0,0,0,0,0,129,2,36,0,22,0,14,0,15,34,15,0,0,0,0,0,0,0,0,0,0,0,0,0,0,0,0,0,0,0,0,0,6,0,0,0,0,0,0,0,0,0,0,11,0,0,0,4
0,0,0,0,0,0,0,0,0,0,0,0,161,31,5,0,0,0,68,0,50,0,0,0,0,0,295,34,2,0,2,0,6,0,36,0,70,0,3,0,32,37,0,0,152,25,130,124,19,9,49,0,0,0,0,0,0,0,0,0,10,0,0,0,5,0,0,0,0,0,18,0,9,0,12,0,0,0,0,0,0,0,0,0,0,0,0,0,0,0,0,0,0,0,0,0,0,0,0,0,20,0,0,0,0,0,0,0,0,0,0,0,0,0,0,0,0,0,0,0,0,0,0,0,0,0,0,0,0,0,0,0,0,0,0,0,0,0,42,0,0,0,0,0,17,0,0,0,0,0,0,0,0,0,0,0,0,0,14,0,0,0,22,0,25,0,20,0,0,0,18,0,46,0,0,0,2,0,0,0,0,0,0,0,0,0,87,0,0,0,0,0,0,0,0,0,0,0,0,0,0,0,0,0,0,0,0,0,0,0,24,37,52,7,14,0,0,2,0,0,0,0,0,0,0
0,0,0,0,0,0,0,0,0,0,0,0,29,41,0,0,0,0,14,51,5,94,0,4,0,0,22,304,0,0,0,18,0,14,5,14,0,131,0,0,26,34,0,0,0,156,22,32,0,22,0,67,0,0,0,0,0,9,0,0,0,0,0,0,0,0,0,9,0,0,0,22,0,0,0,0,0,14,0,7,0,78,0,0,0,152,0,24,0,0,0,0,0,0,0,0,0,0,0,0,0,0,0,12,0,0,0,0,0,0,0,0,0,0,0,0,0,0,0,0,0,27,0,0,0,0,0,0,1,0,0,0,0,0,0,0,0,0,0,71,0,185,0,120,0,121,0,0,0,0,0,1,0,0,0,0,0,20,0,0,0,0,0,0,0,85,0,55,0,47,0,30,0,49,0,0,0,125,0,0,0,0,0,0,0,0,8,113,0,0,0,0,0,0,0,0,0,0,0,0,0,0,0,0,0,0,0,0,0,0,0,0,0,0,6,0,0,0,36,28,109,0,0,0,0
0,2,7,1,0,0,0,0,0,0,4,0,51,8,0,0,0,0,72,0,129,0,0,0,0,0,349,8,0,0,0,0,8,0,16,0,38,0,0,0,65,27,152,0,0,18,225,67,172,43,37,0,6,0,0,0,0,0,0,0,0,0,0,0,3,0,4,0,0,0,53,0,0,0,46,0,0,0,0,0,31,0,87,0,0,0,50,0,0,0,0,0,0,0,0,0,0,0,0,0,0,0,0,0,0,0,0,0,0,0,0,0,0,0,0,0,0,0,0,0,0,0,0,0,0,3,0,1,0,0,0,0,0,0,0,0,0,0,0,0,0,0,0,0,47,0,5,0,0,0,28,0,52,0,8,0,2,0,0,0,0,0,35,0,131,0,54,0,133,0,49,0,80,0,0,0,20,4,12,0,26,0,6,0,46,0,79,0,30,0,0,1,0,0,28,0,0,0,0,0,0,0,0,0,0,0,0,0,0,0,96,58,318,25,31,0,0,57,1,0,0,0,0,0,0
0,8,0,0,0,0,0,0,0,9,0,11,39,22,0,0,0,0,9,85,0,164,0,0,0,0,25,313,0,0,0,7,0,2,6,23,0,17,0,0,72,35,25,156,18,0,90,227,8,233,7,80,0,0,0,8,0,14,0,31,0,0,0,15,0,0,0,22,0,5,0,33,0,0,0,51,0,53,0,0,0,107,0,0,0,182,0,44,0,25,0,0,0,10,0,104,0,0,0,22,0,0,0,31,0,0,0,54,0,0,0,0,0,0,0,0,0,0,0,0,0,47,0,0,0,0,0,0,0,0,0,0,0,0,0,0,0,0,0,0,0,45,0,75,1,90,0,0,0,0,0,0,0,0,0,0,0,0,0,0,0,0,0,15,0,254,0,44,0,105,0,39,0,51,0,0,0,25,0,0,0,0,0,0,0,0,31,19,0,74,0,0,0,0,0,46,0,0,0,0,0,0,0,0,0,0,1,14,0,0,0,0,0,0,30,0,0,0,97,109,282,21,14,2,103
0,0,0,0,59,0,0,0,49,0,61,0,293,66,0,6,0,0,64,0,0,0,0,0,12,0,314,60,0,0,0,0,0,0,3,0,0,0,0,0,314,132,130,22,225,90,0,314,297,101,5,0,0,0,0,0,0,0,0,0,0,0,3,0,0,0,0,0,0,0,1,0,0,0,0,0,0,0,0,0,0,0,0,0,0,0,0,0,0,0,0,0,0,0,0,0,0,0,0,0,0,0,0,0,0,0,0,0,0,0,0,0,0,0,0,0,0,0,0,0,0,0,0,0,0,0,0,0,0,0,0,0,0,0,0,0,0,0,0,0,0,0,0,0,0,0,23,0,9,0,86,0,203,0,0,0,0,0,0,0,0,0,2,0,43,0,0,0,0,0,2,0,6,0,0,0,50,12,66,0,124,0,45,0,228,0,198,0,0,0,0,0,0,0,0,0,0,0,0,0,0,0,0,0,0,0,0,0,0,0,25,203,264,0,12,0,1,78,0,0,0,0,0,0,0
0,189,0,0,0,159,0,0,0,24,0,330,217,301,0,0,0,0,82,157,23,14,0,0,0,0,210,218,0,0,0,0,0,0,56,0,5,0,0,0,297,568,124,32,67,227,314,0,16,211,50,0,0,0,0,0,0,0,0,0,0,0,0,0,0,0,0,0,0,0,0,0,0,0,0,0,0,0,0,0,0,0,0,0,0,0,0,0,0,0,0,0,0,0,0,0,0,0,0,0,0,0,0,0,0,0,0,0,0,0,0,0,0,0,0,0,0,0,0,0,0,0,0,0,0,0,0,0,0,0,0,0,0,0,0,0,0,30,0,0,0,0,0,0,0,0,0,0,0,0,0,49,0,23,0,0,0,0,0,0,0,0,0,0,0,40,0,0,0,0,0,0,0,0,0,0,0,83,0,8,0,0,0,0,0,0,78,43,0,0,0,0,0,0,0,8,0,0,0,0,0,0,0,0,0,0,0,0,0,43,0,0,0,0,0,0,0,0,0,125,116,0,4,0,94
0,0,0,0,0,0,12,0,0,0,7,0,46,0,0,0,0,0,12,0,0,0,0,0,7,1,58,0,0,0,0,0,2,0,14,0,7,0,2,0,165,6,19,0,172,8,297,16,0,55,18,0,0,0,10,0,10,0,0,0,4,0,0,0,0,0,0,0,10,0,0,0,7,0,0,0,2,0,7,0,0,0,48,0,0,0,0,0,1,0,0,0,5,0,16,0,0,0,0,0,2,0,12,0,29,0,27,0,0,0,0,0,0,0,0,0,0,0,3,0,0,0,0,0,0,0,2,1,0,2,6,0,4,1,23,0,4,0,0,0,0,5,0,0,5,0,6,0,7,1,11,3,40,0,2,0,0,0,5,0,13,0,6,0,54,0,21,0,59,0,9,0,6,0,0,0,41,0,31,0,54,8,7,0,21,0,405,0,42,0,29,0,69,0,64,0,8,0,98,0,35,0,67,0,63,0,14,0,14,0,146,55,270,15,47,26,4,33,0,0,18,3,0,0,0
0,28,0,0,0,6,0,2,0,1,0,120,0,78,0,0,0,8,0,28,0,13,0,7,0,2,7,33,0,0,0,0,0,0,2,1,0,0,0,0,27,245,9,22,43,233,101,211,55,0,1,10,0,0,0,0,0,6,0,0,0,0,0,18,0,0,0,0,0,1,0,0,0,0,0,0,0,10,0,0,0,0,0,16,0,0,0,0,0,6,0,0,0,4,0,30,0,0,0,6,0,5,0,18,0,0,0,0,0,0,0,0,0,0,0,0,0,0,0,0,0,6,0,4,0,0,0,0,0,0,0,0,0,0,0,0,0,0,0,0,0,0,0,0,0,0,0,3,0,0,0,23,0,12,0,0,0,0,0,0,0,0,0,2,0,17,0,5,0,13,0,14,0,3,0,0,0,246,0,19,0,0,0,3,0,20,82,36,0,16,0,0,0,0,0,8,0,0,0,8,0,0,0,10,0,10,0,0,0,7,0,6,0,0,13,0,0,0,14,69,59,4,5,0,24
3,0,0,0,64,0,0,0,0,0,8,0,191,23,13,0,0,0,168,0,61,0,0,0,0,0,175,29,0,0,8,0,10,0,126,0,78,0,3,0,16,13,49,0,37,7,5,50,18,1,0,5,0,0,0,0,0,0,0,0,12,0,0,0,0,0,0,0,0,0,6,0,0,0,0,0,0,0,0,0,0,0,19,0,0,0,0,0,11,0,0,0,0,0,0,0,0,0,0,0,0,0,0,0,0,0,45,0,0,0,0,0,0,0,0,0,0,0,0,0,0,0,4,0,0,0,0,1,0,0,0,0,0,1,0,0,0,0,32,0,39,0,0,0,0,0,0,0,0,0,0,0,0,0,3,0,2,0,0,0,6,0,11,0,62,0,45,0,130,0,30,0,80,0,0,0,0,0,3,0,7,0,0,0,0,0,40,0,0,0,0,0,0,0,0,0,0,0,0,0,0,0,0,0,0,0,0,0,0,0,41,45,103,12,12,0,0,10,0,0,0,0,0,0,0
0,0,0,0,20,82,0,0,0,0,0,7,82,256,0,2,0,0,71,347,0,65,0,0,0,0,16,336,0,0,0,15,0,0,0,33,0,113,0,0,0,0,0,67,0,80,0,0,0,10,5,0,0,0,0,0,0,0,0,0,0,17,0,0,0,0,0,0,0,0,0,10,0,12,0,0,0,0,0,0,0,0,0,0,0,92,0,0,0,0,0,0,0,0,0,44,0,0,0,0,0,0,0,0,0,15,0,0,0,0,0,0,0,0,0,0,0,1,0,0,0,0,0,0,0,0,0,0,0,0,0,0,0,0,0,0,0,0,0,81,0,98,0,66,0,101,0,0,0,0,0,0,0,0,0,8,0,9,0,0,0,0,0,0,0,113,0,48,0,79,0,35,0,63,0,0,0,163,0,4,0,4,0,0,0,0,0,222,0,0,0,0,0,0,0,20,0,0,0,0,0,12,0,0,0,0,0,0,0,0,0,0,0,0,8,0,0,0,18,21,120,0,7,0,0
4,28,3,0,0,0,16,47,70,102,0,0,0,0,19,0,88,4,57,0,26,0,20,0,18,12,0,0,57,4,15,0,2,0,0,0,0,0,53,4,0,0,0,0,6,0,0,0,0,0,0,0,0,19,163,60,166,8,22,17,45,16,162,23,0,0,0,33,0,0,0,0,0,0,0,0,0,0,0,0,7,0,0,0,4,0,8,0,0,0,14,0,0,0,0,0,9,0,11,0,9,0,3,0,0,0,29,0,0,0,0,0,0,0,0,0,0,0,0,0,0,0,14,0,0,0,15,0,88,0,42,0,0,0,0,0,69,0,58,0,45,0,85,0,6,0,0,0,1,0,3,0,0,0,257,0,52,0,248,0,30,0,10,0,0,0,0,0,2,0,58,4,0,1,0,0,14,11,0,0,0,0,46,0,0,3,0,0,0,0,0,0,0,0,0,0,0,0,0,0,0,0,0,0,0,0,0,0,10,0,26,13,54,45,24,0,6,0,5,0,3,0,0,0,0
0,3,0,3,0,0,2,16,51,199,0,0,0,0,0,0,0,16,0,17,0,0,0,22,0,6,0,0,0,8,0,0,0,1,0,0,0,0,0,4,0,0,0,0,0,0,0,0,0,0,0,0,19,0,12,77,26,164,59,48,1,15,0,92,0,0,63,64,0,0,0,0,0,0,0,0,0,0,0,0,0,0,0,0,0,28,0,2,0,0,0,0,0,0,0,0,0,0,0,0,0,0,0,0,0,0,0,18,0,0,0,0,0,0,0,0,0,0,0,0,0,0,0,0,0,8,0,18,0,43,0,28,0,36,0,20,0,97,0,80,0,26,0,89,0,22,0,0,0,0,0,0,0,0,1,230,0,40,0,71,0,54,0,1,0,0,0,0,0,0,0,0,0,0,0,0,13,34,0,0,0,0,0,0,14,62,0,0,0,0,0,0,0,0,0,0,0,0,0,0,0,0,0,0,0,0,0,0,0,6,1,0,0,4,17,0,0,0,13,24,8,6,0,0,0
0,60,23,0,0,0,140,82,97,137,0,0,0,0,0,0,11,4,0,0,24,0,9,0,94,38,0,0,42,2,17,0,0,0,0,0,0,1,6,6,0,0,0,0,0,0,0,0,10,0,0,0,163,12,0,32,25,0,38,0,66,22,50,48,4,0,1,0,0,0,0,0,5,0,0,0,0,0,0,0,0,0,0,0,9,0,0,0,0,0,38,0,0,0,0,0,0,0,0,0,0,0,0,0,0,0,0,0,0,0,0,0,0,0,0,0,0,0,0,0,0,0,8,0,0,0,39,0,54,0,145,0,57,0,102,0,145,0,0,0,0,0,177,0,0,0,8,0,0,0,7,0,0,0,154,0,13,0,81,0,24,0,0,0,0,0,0,0,0,0,153,0,8,0,0,0,6,26,0,0,0,0,2,1,0,0,0,0,0,0,0,0,0,0,0,0,0,0,0,0,33,0,0,0,0,0,4,0,97,0,315,22,210,184,345,0,0,2,0,0,5,0,0,0,0
0,4,0,36,0,10,0,185,178,125,0,0,0,0,0,38,0,15,0,0,0,10,0,46,0,90,0,0,0,10,0,0,0,5,0,0,0,0,0,10,0,0,0,0,0,8,0,0,0,0,0,0,60,77,32,0,32,55,114,45,4,62,0,66,0,0,174,8,0,0,0,0,0,0,0,0,0,3,0,0,0,2,0,0,0,9,0,0,0,0,0,0,0,1,0,0,0,0,0,1,0,0,0,0,0,0,0,24,0,0,0,0,0,0,0,0,0,0,0,0,0,0,0,0,0,8,0,18,0,29,0,24,0,77,0,85,0,147,0,47,0,20,0,134,0,2,0,4,0,2,0,0,0,0,4,69,2,15,0,18,2,34,0,2,0,7,0,2,0,30,2,201,0,67,0,0,18,16,0,0,0,0,2,0,41,37,0,0,0,0,0,0,0,0,0,0,0,0,0,0,0,0,0,0,0,0,0,0,0,21,3,3,0,0,279,0,0,0,126,13,376,250,0,43,2
0,0,0,0,0,0,7,0,30,63,0,0,0,0,0,0,3,0,0,0,0,0,0,0,2,0,0,0,0,0,0,0,0,0,0,0,0,0,0,0,0,0,0,0,0,0,0,0,10,0,0,0,166,26,25,32,0,20,305,49,7,4,0,0,76,9,56,96,0,0,0,0,0,0,0,0,0,0,0,0,0,0,0,0,0,0,0,0,0,0,0,0,0,0,0,0,0,0,0,0,0,0,0,0,0,0,0,0,0,0,0,0,0,0,0,0,1,0,0,0,0,0,0,0,0,0,15,0,18,0,155,0,36,0,0,0,23,0,0,0,0,0,24,0,0,1,2,0,0,0,0,0,3,0,63,21,20,0,60,5,102,0,25,0,0,0,0,0,19,0,141,0,5,0,0,0,9,0,0,0,0,0,1,0,6,0,0,0,0,0,0,0,0,0,0,0,0,0,0,0,0,1,0,0,0,0,0,0,40,0,317,78,450,364,649,0,30,2,6,0,0,0,0,0,0
0,0,0,9,0,0,0,10,7,18,0,8,0,0,0,6,0,49,0,0,0,0,0,10,0,31,0,0,0,0,0,0,0,0,0,0,0,0,0,0,0,0,0,9,0,14,0,0,0,6,0,0,8,164,0,55,20,0,69,340,0,9,0,12,37,20,78,60,0,0,0,0,0,2,0,0,0,0,0,0,0,0,0,0,0,5,0,0,0,1,0,0,0,0,0,0,0,0,0,0,0,0,0,0,0,0,0,12,0,0,0,0,0,0,0,0,0,0,0,0,0,0,0,0,0,10,0,19,0,28,0,33,0,43,0,43,0,101,14,37,0,24,0,70,0,18,0,0,0,0,0,0,0,1,24,375,4,35,33,84,65,199,0,392,0,0,0,5,0,127,0,187,0,2,2,5,1,0,0,0,0,16,0,0,17,4,0,0,0,0,0,0,0,1,0,0,0,0,0,0,0,4,0,0,0,0,0,0,0,0,0,0,1,0,354,0,0,0,133,40,594,252,36,19,0
1,0,5,0,0,0,25,0,137,186,0,0,6,0,0,0,0,0,0,0,2,0,0,0,0,0,0,0,0,0,0,0,0,0,0,0,0,0,0,0,0,0,0,0,0,0,0,0,0,0,0,0,22,59,38,114,305,69,0,122,45,8,3,38,24,14,103,209,0,0,0,0,0,0,0,0,0,0,0,0,0,1,2,0,0,0,0,0,0,0,0,0,0,0,0,0,0,0,0,0,0,0,0,0,0,0,0,0,0,0,0,0,0,0,0,1,0,0,0,0,0,0,0,0,6,0,0,0,0,0,72,0,3,0,4,0,0,0,0,0,0,0,0,0,0,1,0,0,15,0,0,0,0,0,22,30,93,7,0,0,17,0,0,0,0,0,0,0,3,0,64,0,0,0,0,0,67,4,0,0,0,0,0,0,37,22,0,0,0,0,0,0,0,0,0,0,0,0,0,0,0,0,0,0,0,0,0,0,0,0,519,248,218,312,796,0,17,2,0,0,0,0,0,0,0
0,63,0,18,0,13,0,23,0,99,0,8,0,6,0,5,0,4,0,13,0,0,0,0,0,2,0,31,0,0,0,0,0,0,0,5,0,0,0,11,0,0,0,0,0,31,0,0,0,0,0,0,17,48,0,45,49,340,122,0,0,26,0,11,80,135,203,171,0,0,0,0,0,0,0,0,0,0,0,0,0,0,0,0,0,0,0,0,0,0,0,0,0,2,0,0,0,0,0,0,0,0,0,0,0,0,0,0,0,0,0,0,0,0,0,0,0,0,0,0,0,0,0,0,0,13,0,11,11,2,0,26,0,4,0,9,0,12,23,8,0,2,0,6,6,100,0,2,0,7,0,0,0,0,40,129,0,196,67,36,166,45,0,111,0,11,0,0,1,91,0,163,0,10,0,17,20,0,0,0,0,60,0,0,46,38,0,0,0,0,0,0,0,0,0,0,0,0,0,0,0,0,0,0,0,0,0,0,0,8,11,9,0,0,1793,0,0,0,675,151,930,797,92,50,4
125,14,78,0,0,0,260,0,185,0,0,0,0,0,0,0,68,0,0,0,8,0,5,0,68,0,8,0,5,0,2,0,11,0,0,0,32,0,6,0,0,0,10,0,0,0,0,0,4,0,12,0,45,1,66,4,7,0,45,0,0,0,30,0,0,0,10,0,0,0,12,0,0,0,7,0,0,0,0,0,0,0,0,0,0,0,2,0,0,0,0,0,0,0,0,0,0,0,0,0,0,0,0,0,0,0,0,0,0,0,0,0,0,0,0,0,0,0,0,0,5,0,0,0,0,0,0,0,0,0,0,0,0,0,0,0,7,0,171,0,137,0,30,0,212,0,0,0,0,0,0,0,0,0,24,0,118,0,21,0,0,0,0,0,0,0,0,0,0,0,148,0,187,1,0,0,73,9,0,0,0,0,53,0,0,0,0,0,0,0,0,0,0,0,0,0,0,0,0,0,0,0,0,0,0,0,0,0,0,0,39,63,84,42,32,0,0,1,0,0,0,0,0,0,0
0,181,0,0,0,0,34,285,63,404,0,0,0,0,0,5,2,5,0,0,0,0,0,5,19,73,0,0,0,72,0,2,0,6,0,10,0,42,0,47,0,0,0,0,0,0,0,0,0,0,0,17,16,15,22,62,4,9,8,26,0,0,10,54,0,0,0,22,0,0,0,0,0,0,0,3,0,0,0,1,0,0,0,0,0,1,0,0,0,0,0,0,0,0,0,0,0,0,0,0,0,0,0,0,0,0,0,0,0,0,0,0,0,0,0,0,0,0,0,0,0,0,0,0,0,0,0,0,0,0,0,5,0,0,0,0,0,20,1,90,0,47,0,0,0,326,0,0,0,0,0,0,0,0,0,48,0,149,0,60,0,0,0,0,0,0,0,1,0,0,0,65,0,75,0,0,39,296,0,0,0,0,0,58,0,0,0,0,0,0,0,0,0,0,0,0,0,0,0,0,0,0,0,0,0,0,0,0,0,2,0,0,0,0,17,0,0,0,17,191,0,10,0,2,0
32,69,23,10,0,0,86,76,44,19,0,0,0,0,29,0,338,3,101,0,106,0,46,1,48,29,56,0,85,0,48,0,4,0,8,0,0,0,28,5,0,0,0,0,0,0,3,0,0,0,0,0,162,0,50,0,0,0,3,0,30,10,0,12,0,0,0,0,0,0,12,0,10,0,19,0,0,0,0,0,13,0,0,0,6,0,23,0,11,0,21,0,0,0,0,0,0,0,57,0,28,0,0,0,0,0,55,0,0,0,0,0,0,0,0,0,0,0,0,0,0,0,22,0,0,0,11,0,53,0,0,0,0,0,16,0,84,0,70,0,71,0,125,0,7,0,0,0,0,0,0,0,0,0,110,0,32,0,131,0,16,0,0,0,0,0,0,0,0,1,22,3,4,0,0,0,26,11,0,0,0,0,106,0,0,0,0,0,0,0,0,0,0,0,0,0,0,0,0,0,0,0,0,0,0,0,1,0,0,0,14,4,38,24,20,0,7,0,4,0,3,1,0,0,0
0,48,0,5,0,0,37,171,123,261,0,0,0,0,0,85,0,141,0,124,0,88,0,153,0,63,0,44,0,81,0,6,0,4,0,7,0,2,0,53,0,0,0,0,0,15,0,0,0,18,0,0,23,92,48,66,0,12,38,11,0,54,12,0,0,0,37,14,0,0,0,0,0,0,0,0,0,0,0,0,0,0,0,0,0,12,0,0,0,0,0,0,0,0,0,0,0,0,0,0,0,2,0,0,0,0,0,0,0,0,0,0,0,0,0,0,0,0,0,0,0,0,0,0,0,0,0,0,0,0,0,0,0,10,0,0,0,35,0,62,0,22,0,21,0,50,0,0,0,0,0,0,0,0,1,85,0,12,0,75,0,20,0,0,0,0,0,0,0,0,0,0,0,6,0,0,24,147,0,0,0,0,0,30,0,18,0,0,0,0,0,0,0,0,0,0,0,0,0,0,0,0,0,0,0,0,0,0,0,0,0,0,0,0,13,0,0,0,10,14,14,0,0,0,0
10,0,4,0,21,0,9,0,88,0,0,0,22,0,3,0,0,0,21,0,0,0,9,0,4,0,0,0,0,0,0,0,0,0,0,0,0,0,0,0,0,0,5,0,3,0,0,0,0,0,0,0,0,0,4,0,76,37,24,80,0,0,0,0,0,50,33,55,0,0,0,0,0,0,1,0,0,0,0,0,0,0,0,0,0,0,0,0,0,0,0,0,0,0,0,0,0,0,0,0,0,0,0,0,0,0,0,0,0,0,0,0,0,0,0,0,0,0,0,0,0,0,0,0,16,0,0,0,0,0,29,0,0,0,2,0,0,0,4,6,0,0,0,0,51,4,30,0,18,0,10,0,12,0,13,51,18,1,0,23,235,0,0,0,0,0,0,0,0,0,0,0,0,0,89,2,5,0,0,0,0,31,2,0,211,1,0,0,0,0,0,0,0,0,0,0,0,0,0,0,1,0,0,0,0,0,0,0,6,0,71,24,0,0,57,0,0,2,0,0,0,0,0,0,0
0,82,0,8,0,34,0,4,0,119,0,18,0,11,0,0,0,0,0,44,0,0,0,0,0,0,0,32,0,0,0,0,0,0,0,0,0,0,0,0,0,0,0,0,0,0,0,0,0,0,0,0,0,0,0,0,9,20,14,135,0,0,0,0,50,0,15,284,0,0,0,11,0,0,0,0,1,0,0,0,0,0,0,0,0,0,0,0,0,0,0,0,0,0,0,0,0,0,0,0,0,0,0,0,0,0,0,3,0,0,0,0,0,0,0,0,0,0,0,0,0,0,0,0,0,15,0,5,0,1,78,10,0,0,0,0,0,19,20,2,2,2,0,0,5,120,0,75,0,91,0,41,0,11,13,11,0,10,42,21,85,57,1,0,0,0,0,0,0,0,0,0,0,0,5,37,0,0,0,0,8,123,0,2,12,62,0,0,0,0,0,0,0,0,0,0,0,0,0,0,0,0,0,0,0,0,0,14,0,67,0,0,0,0,123,0,0,0,175,23,39,0,0,0,0
8,0,4,0,6,0,15,0,330,156,15,0,21,0,10,0,0,0,21,0,0,0,4,0,0,0,0,0,0,0,0,0,0,0,0,0,0,0,2,0,0,0,0,0,4,0,0,0,0,0,0,0,0,63,1,174,56,78,103,203,10,0,0,37,33,15,0,201,0,0,0,0,0,0,0,0,0,0,0,0,0,0,0,0,0,0,0,0,0,0,0,0,0,0,0,0,0,0,0,0,0,0,0,0,0,0,0,0,0,0,0,0,0,0,0,0,0,0,0,0,0,0,0,0,5,0,1,0,0,0,19,0,0,0,0,0,0,0,4,0,0,0,0,0,9,0,0,0,11,0,0,0,0,0,28,32,32,0,4,0,3,0,0,0,0,0,0,0,0,1,9,0,0,0,0,0,256,0,0,0,0,0,8,0,345,39,0,0,0,0,0,0,0,0,0,0,0,0,0,0,0,0,0,0,0,0,0,0,0,0,151,81,44,98,188,0,0,0,9,3,0,0,0,0,0
0,46,0,0,0,0,0,4,0,113,0,4,0,5,1,0,0,0,0,0,0,0,0,0,0,0,0,0,0,5,0,0,0,0,0,0,0,0,0,5,0,0,0,9,0,22,0,0,0,0,0,0,33,64,0,8,96,60,209,171,0,22,0,14,55,284,201,0,0,0,0,2,0,0,0,0,0,0,0,0,0,0,0,0,0,0,0,0,0,0,0,0,0,1,0,0,0,0,0,0,0,0,0,0,0,0,0,0,0,0,0,0,0,0,0,0,0,0,0,0,0,0,0,0,0,13,0,0,11,0,0,11,0,0,0,0,0,0,0,0,0,0,0,0,0,38,0,12,0,16,0,0,0,0,51,119,0,145,46,17,92,21,0,0,0,0,0,5,0,12,0,13,0,5,0,12,26,0,0,1,0,36,0,1,38,320,0,0,0,0,0,0,0,0,0,0,0,0,0,0,0,0,0,0,0,0,0,0,0,3,6,5,0,0,890,0,0,0,404,151,194,234,41,11,0
0,0,0,0,0,0,1,0,0,0,0,0,0,0,0,0,0,0,0,0,0,0,0,0,0,0,0,0,0,0,0,0,0,0,0,0,0,0,0,0,0,0,0,0,0,0,0,0,10,0,0,0,0,0,0,0,0,0,0,0,0,0,0,0,0,0,0,0,0,0,0,0,22,0,0,0,115,0,50,0,6,0,44,0,0,0,0,0,4,0,4,0,14,0,8,0,10,0,0,0,2,0,124,0,0,0,51,0,47,0,9,0,10,0,7,0,2,0,3,0,0,0,6,0,0,0,0,0,0,0,0,0,0,0,0,0,0,0,0,1,0,0,0,0,0,0,0,0,0,0,0,0,0,0,0,0,0,0,0,0,0,0,0,0,0,0,0,0,71,0,0,0,0,0,0,0,0,0,0,0,0,0,0,0,0,0,0,0,31,0,12,0,31,0,27,0,0,0,0,0,0,0,0,0,60,0,0,0,0,0,98,1,106,0,0,154,47,0,0,0,0,0,0,0,0
0,1,0,0,0,0,0,0,0,2,0,0,0,0,0,0,0,0,0,0,0,0,0,0,0,0,0,0,0,0,0,0,0,0,0,0,0,0,0,0,0,0,0,0,0,5,0,0,0,1,0,0,0,0,0,0,0,0,0,0,0,0,0,0,0,0,0,0,0,0,0,0,0,4,0,0,0,67,0,0,0,6,0,23,0,0,0,17,0,8,0,1,0,29,0,22,0,0,0,3,0,10,0,156,0,17,0,31,0,27,0,3,0,4,0,2,0,10,0,0,0,0,0,0,0,0,0,4,0,0,0,0,0,1,0,0,0,0,0,0,0,0,0,0,0,0,0,0,0,0,0,0,1,0,0,0,0,0,0,0,0,0,0,0,0,10,0,0,0,34,0,0,0,0,0,0,0,0,0,0,0,0,0,0,0,0,0,0,0,0,0,0,0,0,0,0,0,0,0,0,0,0,0,0,0,0,0,0,0,0,0,0,0,0,3,0,0,0,50,1,115,3,55,15,7
0,0,0,0,0,0,0,0,0,0,0,0,0,0,0,0,16,0,61,0,105,0,1,0,0,0,25,0,17,0,30,0,14,0,0,0,19,0,4,0,0,0,18,0,53,0,1,0,0,0,6,0,0,0,0,0,0,0,0,0,12,0,12,0,0,0,0,0,0,0,0,2,243,0,278,0,0,0,120,0,0,0,0,0,1,0,12,0,0,0,0,0,0,0,0,0,0,0,0,0,0,0,0,0,0,0,0,0,0,0,0,0,0,0,0,0,0,0,0,0,17,0,10,0,5,0,0,0,0,0,6,0,2,0,65,0,32,0,19,0,73,0,79,0,119,4,0,4,18,0,10,0,15,0,0,0,6,0,0,0,0,0,63,0,0,0,3,0,47,0,21,0,46,0,19,0,0,0,0,0,42,12,0,0,0,0,0,0,0,0,2,0,0,0,0,0,0,0,9,0,0,0,0,0,0,0,0,0,0,0,13,0,48,16,3,1,2,0,0,0,0,1,0,0,0
0,0,0,0,0,0,0,0,0,0,0,0,0,0,0,0,0,0,0,0,0,8,0,0,0,0,0,9,0,0,0,0,0,0,0,0,0,0,0,0,0,0,0,22,0,33,0,0,0,0,0,10,0,0,0,0,0,0,0,0,0,0,0,0,0,11,0,2,0,0,2,0,0,243,0,376,0,48,1,23,0,5,0,0,0,3,0,92,0,0,2,0,0,0,0,0,0,0,0,0,1,0,0,0,0,1,0,0,0,0,0,0,0,0,0,0,0,0,0,0,0,6,0,44,0,55,0,65,3,0,0,21,0,16,0,0,0,29,0,2,0,25,0,0,3,191,0,27,0,41,0,0,0,9,0,0,0,4,0,2,0,7,0,36,0,0,0,0,0,0,0,31,0,42,0,15,0,0,0,0,0,60,0,0,0,0,0,0,0,0,0,0,0,0,0,0,0,0,0,0,0,0,0,0,0,0,0,0,0,23,3,0,0,0,0,0,0,0,35,1,10,0,0,0,0
0,0,0,0,0,0,0,0,0,0,0,0,0,0,0,0,14,0,0,0,46,0,0,0,0,0,0,0,0,0,0,0,0,0,0,0,0,0,0,0,0,0,9,0,0,0,0,0,7,0,0,0,0,0,5,0,0,0,0,0,0,0,10,0,0,0,0,0,22,0,243,0,0,0,167,1,51,0,122,0,0,0,8,0,22,0,17,0,2,0,0,0,3,0,0,0,35,0,0,0,0,0,3,0,0,0,0,3,0,0,0,0,0,0,0,0,0,0,0,0,23,0,15,0,27,0,29,0,1,0,8,0,31,0,138,0,63,0,32,0,120,0,152,0,157,3,18,0,19,0,60,0,27,6,0,0,5,0,0,0,3,0,77,0,0,0,0,0,21,3,12,0,0,0,38,0,0,0,0,0,0,25,0,0,1,0,0,0,0,0,0,0,30,0,0,0,0,0,0,0,54,0,0,0,0,0,0,0,55,0,236,5,9,0,12,0,3,0,0,0,0,0,0,0,0
0,0,0,0,0,0,0,0,0,0,0,0,0,0,0,0,0,0,0,0,0,0,0,0,0,0,0,0,0,0,0,0,0,0,0,0,0,0,0,0,0,0,0,0,0,0,0,0,0,0,0,12,0,0,0,0,0,2,0,0,0,0,0,0,0,0,0,0,0,4,0,243,0,0,0,155,0,72,0,91,0,38,0,23,0,13,0,118,0,0,0,1,0,8,0,0,0,0,0,0,0,0,0,21,0,0,0,6,0,3,0,0,0,0,0,0,0,2,0,0,0,36,0,23,5,50,0,53,0,0,0,21,0,23,0,144,0,81,0,0,0,21,0,0,0,154,0,26,0,0,0,39,0,0,0,0,0,0,0,0,0,0,0,74,0,0,0,0,0,15,0,22,0,0,0,0,0,0,0,0,0,36,0,0,0,0,0,0,0,39,0,0,0,0,0,3,0,0,0,0,0,162,0,201,0,20,0,69,0,108,0,0,3,0,16,0,0,0,220,6,40,0,0,1,0
0,0,0,0,2,0,0,0,0,0,0,0,0,0,12,0,20,0,87,0,109,0,0,0,1,0,24,0,13,0,26,0,16,0,20,0,32,0,5,0,0,0,12,0,46,0,0,0,0,0,0,0,0,0,0,0,0,0,0,0,7,0,19,0,1,0,0,0,0,0,278,0,167,0,0,0,8,0,113,0,4,0,9,0,6,0,13,0,0,0,0,0,0,0,0,0,4,0,0,0,0,0,0,0,0,0,0,0,0,0,0,0,0,0,0,0,0,0,0,0,20,0,13,0,1,0,0,0,0,2,5,7,4,0,38,0,10,0,12,0,87,0,68,0,86,3,5,0,29,0,16,0,19,2,0,0,6,0,0,0,2,0,42,0,0,0,0,0,20,0,8,0,31,0,30,0,0,0,0,0,56,12,0,0,0,0,0,0,0,0,0,0,0,0,0,0,0,0,37,0,0,0,0,0,0,0,0,0,16,0,50,0,6,0,0,0,0,0,4,0,0,0,0,0,0
0,0,0,0,0,0,0,0,0,0,0,0,0,0,0,0,0,0,0,0,0,17,0,0,0,0,0,16,0,0,0,0,0,0,0,0,0,0,0,0,0,0,0,0,0,51,0,0,0,0,0,0,0,0,0,0,0,0,0,0,0,3,0,0,0,0,0,0,0,0,0,376,1,155,0,0,0,24,0,81,0,15,0,4,0,20,0,116,0,0,0,0,0,0,0,4,0,0,1,0,0,1,0,0,0,0,0,0,0,0,0,0,0,0,0,0,0,0,0,0,0,89,0,116,16,0,6,0,10,6,0,0,14,0,0,61,0,38,0,0,0,52,1,15,6,319,0,0,0,79,0,24,0,40,0,0,0,7,0,0,0,0,0,27,0,0,0,22,0,3,0,17,0,52,0,35,0,0,0,0,0,137,0,0,0,0,0,0,0,0,0,0,0,0,0,0,0,0,0,0,0,35,0,22,0,0,0,0,0,0,10,0,0,0,19,0,0,0,72,0,6,0,0,0,0
0,0,0,0,0,0,0,0,0,0,0,0,0,0,0,0,0,0,0,0,0,0,0,0,0,0,0,0,0,0,0,0,0,0,0,0,0,0,0,0,0,0,0,0,0,0,0,0,2,0,0,0,0,0,0,0,0,0,0,0,0,0,0,0,0,1,0,0,115,0,0,0,51,0,8,0,0,0,68,0,3,0,32,0,0,0,11,0,2,0,0,0,5,0,9,0,37,0,0,0,0,0,45,0,0,0,0,0,13,0,7,0,1,0,7,0,15,0,0,0,0,0,9,0,0,0,4,0,0,0,0,0,0,0,0,0,0,0,0,0,0,0,0,0,0,0,0,0,0,0,0,0,0,0,1,0,0,0,0,0,0,0,7,0,24,0,0,0,35,0,0,0,0,0,0,0,0,0,0,0,0,0,0,0,0,0,0,0,33,0,17,0,52,0,22,0,0,0,0,0,56,0,60,0,48,0,0,0,0,0,48,1,46,0,4,19,10,0,0,0,0,0,0,0,0
0,0,0,0,0,0,0,0,0,0,0,0,0,0,0,0,0,0,0,0,0,0,0,0,0,0,0,0,0,0,0,0,0,0,0,0,0,0,0,0,0,0,0,14,0,53,0,0,0,10,0,0,0,0,0,3,0,0,0,0,0,0,0,0,0,0,0,0,0,67,0,48,0,72,0,24,0,0,0,39,0,65,0,89,0,10,0,203,0,3,0,4,0,24,0,26,0,6,0,0,0,20,0,214,0,0,0,90,0,16,0,2,0,4,0,0,0,27,0,0,0,23,0,0,0,0,0,0,0,0,0,0,0,0,0,0,0,0,0,0,0,0,0,0,0,27,5,2,0,0,0,11,0,0,0,0,0,0,0,0,0,0,0,5,0,54,0,0,0,48,0,0,0,0,0,0,0,0,0,0,0,0,0,0,0,0,0,0,0,114,0,0,0,0,0,82,0,0,0,0,0,106,0,119,0,0,0,0,0,0,0,0,2,0,0,0,0,0,70,7,118,0,32,3,0
0,0,2,0,0,0,0,0,0,0,0,0,0,0,0,0,0,0,0,0,95,0,0,0,0,0,0,0,0,0,0,0,0,0,0,0,0,0,0,0,0,0,0,0,0,0,0,0,7,0,0,0,0,0,0,0,0,0,0,0,0,0,0,0,0,0,0,0,50,0,120,1,122,0,113,0,68,0,0,0,12,1,63,0,27,0,64,0,0,0,0,0,29,0,0,0,37,0,5,0,0,0,35,0,0,0,0,0,2,0,0,0,0,0,0,0,5,0,0,0,34,0,80,0,0,8,0,0,0,3,0,0,0,0,53,0,22,0,0,0,108,0,104,0,73,0,6,0,22,0,0,0,10,0,0,0,0,0,0,0,0,0,21,0,14,0,0,0,22,0,0,0,0,0,0,0,0,0,0,0,0,0,0,0,0,0,0,0,0,0,0,0,18,0,0,0,6,0,66,0,41,0,0,0,0,0,0,0,23,0,222,0,32,4,23,0,9,0,0,0,0,0,0,0,0
