0,140,49,63,102,12,22,28,83,6,127,20,74,0,35,21,70,19,25,0,13,2,50,33,20,58,27,0,20,0,8,0,0,0,0,0,110,0,337,0,32,0,0,0,0,0,0,0,6,0,4,0,0,1,6,20,3,0,0,1,118,0,166,14,17,0,7,0,0,0,0,0,0,0,0,0,0,0,2,0,0,0,0,0,0,0,0,0,0,0,0,0,0,0,0,0,0,0,0,0,0,0,0,0,0,0,0,0,1,0,0,1,0,0,0,0,0,0,0,0,0,0,0,0,14,0,13,0,0,0,54,0,2,0,11,0,3,0,0,0,0,0,0,0,0,0,35,0,65,0,31,0,19,0,0,0,0,0,0,0,19,0,1,0,5,0,9,0,58,0,40,0,176,0,1,0,172,27,55,0,1,0,19,0,59,0,5,0,0,0,0,0,0,0,0,0,0,0,0,0,0,0,0,0,0,0,0,0,28,0,0,1,0,1,140,2,0,0,14,3,84,2,38,0,43,0,112,5,83,1,77,0,177,5,33,2,28,5,80,0,40,0,66,0,322,0,0,0,0
140,0,141,84,22,126,27,51,22,73,0,392,0,204,0,159,52,30,0,168,0,13,156,27,111,48,0,263,0,57,0,0,0,70,0,2,0,233,0,274,1,71,0,0,0,0,0,2,0,3,0,0,0,13,30,38,2,0,0,0,4,441,14,325,0,110,0,11,0,5,0,0,0,33,0,0,0,0,1,0,0,0,0,0,0,6,0,0,0,0,0,0,0,0,0,1,0,0,0,0,0,0,0,0,0,0,0,0,0,0,0,0,0,0,3,0,0,0,0,0,0,0,0,0,0,17,0,22,0,0,1,14,0,0,0,77,0,64,0,0,0,0,0,0,0,0,0,92,0,157,0,52,0,37,0,0,0,5,0,0,1,6,0,0,2,15,0,5,1,28,0,28,6,120,0,0,16,338,0,9,0,0,9,105,0,151,0,0,0,0,0,0,0,0,0,0,0,5,0,6,0,0,0,0,0,0,0,0,0,34,3,57,0,31,4,111,0,0,0,67,6,254,7,63,3,111,8,183,0,335,0,162,0,570,5,65,0,49,0,148,0,54,0,71,3,291,0,0,0
49,141,0,45,195,65,95,8,37,0,85,72,138,0,343,53,34,19,108,4,23,2,610,53,78,63,107,0,56,0,11,1,59,0,0,0,243,1,384,0,23,0,0,0,0,0,0,0,17,0,8,0,12,0,121,11,6,0,5,0,57,0,125,17,4,0,3,1,1,0,0,0,0,0,0,0,3,0,0,0,0,0,0,0,0,0,0,0,2,0,0,0,0,0,0,0,0,0,0,0,0,0,0,0,0,0,1,0,0,0,0,1,0,0,1,0,1,0,0,0,0,0,0,0,37,0,0,0,0,0,82,0,0,0,66,0,52,0,0,0,0,0,44,0,0,0,28,0,90,0,47,0,0,0,6,0,1,0,0,0,28,0,0,0,4,0,51,0,121,0,34,0,207,0,0,0,110,40,3,1,2,0,3,0,12,0,0,0,0,0,0,0,0,0,0,0,1,0,0,0,0,0,0,0,0,0,0,0,52,0,68,2,0,0,213,6,0,0,32,2,180,5,66,4,86,1,128,6,192,3,131,0,313,0,53,4,47,0,123,0,59,0,77,0,356,2,0,0,0
63,84,45,0,22,110,5,47,1,3,2,12,0,21,0,469,24,88,0,106,1,39,84,311,22,153,0,83,0,96,1,9,0,62,0,0,0,65,0,252,0,7,0,0,0,0,0,0,1,0,0,0,0,1,0,105,0,13,0,0,0,113,4,79,0,17,0,2,0,0,0,0,0,0,0,0,0,2,0,0,0,0,0,0,0,0,0,0,0,0,0,0,0,0,0,0,0,0,0,0,0,0,0,0,0,0,0,0,0,0,0,0,0,0,0,0,0,0,0,0,0,0,0,0,0,10,0,17,0,0,0,58,0,10,0,104,0,144,0,0,0,0,0,0,0,0,0,18,0,29,0,0,0,0,0,4,0,0,0,0,0,0,0,0,0,3,0,0,0,15,0,13,0,25,0,0,0,45,0,0,0,0,3,0,0,0,0,0,0,0,0,0,0,0,0,0,0,0,0,0,0,5,0,0,0,0,0,4,0,48,0,0,0,0,2,0,0,0,0,19,0,113,0,31,0,53,1,50,1,96,0,35,0,146,1,0,0,8,0,21,0,3,0,13,0,57,0,0,0
102,22,195,22,0,170,0,3,27,0,125,138,332,107,288,178,19,1,92,60,71,25,151,59,10,6,181,28,0,0,55,3,106,0,42,0,470,0,39,0,46,10,3,0,1,0,2,0,6,0,24,0,0,0,29,0,0,0,0,0,1,0,0,0,4,0,1,0,0,0,0,0,0,1,0,0,0,0,0,0,0,0,0,0,0,0,0,0,0,0,0,0,0,0,0,0,0,0,0,0,0,0,0,0,0,0,0,0,0,0,0,0,0,0,1,0,0,0,0,0,0,0,1,0,0,0,0,0,0,0,12,0,0,0,0,0,10,0,0,0,0,0,0,0,0,0,15,0,60,0,17,0,23,0,0,0,0,0,0,0,5,0,0,0,10,0,68,0,57,0,0,0,117,0,0,0,200,59,65,0,0,0,12,0,43,0,5,4,0,0,0,0,0,0,0,0,0,0,1,0,0,0,0,0,0,0,0,0,0,0,0,0,0,0,81,0,0,0,4,0,149,3,29,1,32,0,152,2,125,0,82,0,0,0,23,1,36,11,62,0,39,0,78,0,238,0,0,0,0
12,126,65,110,170,0,0,24,0,0,81,80,91,96,290,379,10,3,92,203,73,68,151,106,1,42,15,269,0,35,4,71,0,435,0,59,12,391,0,306,3,33,1,2,0,0,0,8,0,1,6,0,0,0,0,6,1,0,0,0,0,0,0,0,0,7,0,4,0,3,0,0,0,0,0,0,0,0,0,0,0,0,0,1,0,0,0,9,0,0,0,0,0,0,0,0,0,0,0,0,0,0,0,0,0,0,0,0,0,0,0,0,0,0,6,0,0,0,0,0,0,0,0,9,0,0,0,0,0,0,0,0,0,0,0,0,0,0,0,0,0,0,0,0,0,11,0,23,0,24,0,0,0,10,0,0,0,2,0,0,0,11,0,0,0,8,0,66,0,78,0,13,0,115,0,0,28,214,0,14,0,3,0,0,0,19,1,0,0,0,0,0,0,0,0,0,0,0,0,0,0,0,0,0,0,0,0,5,0,0,0,24,0,4,2,44,0,0,0,19,0,328,1,37,1,50,4,144,0,222,0,90,3,262,0,32,1,26,1,29,0,14,0,29,0,106,0,0,0
22,27,95,5,0,0,0,0,51,73,6,0,7,0,0,3,9,8,0,1,15,2,66,0,108,50,10,0,5,0,0,0,0,0,2,0,13,0,36,0,1,0,0,0,0,0,0,0,36,0,8,0,97,31,417,130,16,5,3,11,272,0,294,16,32,0,62,12,0,0,0,0,0,0,0,0,0,0,2,0,0,0,0,0,0,0,0,0,0,0,0,0,0,0,0,0,0,0,0,0,0,0,0,0,0,0,0,0,0,0,0,0,0,0,0,0,0,0,0,0,0,0,0,0,16,0,22,0,14,0,108,0,9,0,15,0,5,0,0,0,0,0,0,0,0,0,16,0,25,0,28,0,0,0,7,3,18,0,0,0,53,0,5,0,0,0,18,0,53,0,151,0,126,0,7,0,60,38,0,0,0,1,0,4,2,0,0,0,0,0,0,0,0,0,0,0,0,0,0,0,2,0,0,0,0,0,0,0,26,0,76,3,8,0,329,4,0,0,39,2,148,7,162,3,144,2,165,12,226,2,86,2,238,7,43,4,34,0,140,1,64,0,88,0,334,4,0,0,0
28,51,8,47,3,24,0,0,24,25,0,10,0,8,0,26,2,39,0,19,0,20,6,17,43,83,0,20,0,21,0,4,0,0,0,0,0,7,2,25,0,5,0,0,0,0,0,0,0,0,0,0,0,38,38,419,1,24,1,23,4,129,15,219,0,52,0,32,0,0,0,0,0,0,0,0,0,0,0,0,0,0,0,0,0,0,0,0,0,0,0,0,0,0,0,0,0,2,0,0,0,0,0,2,0,0,0,7,0,0,0,0,0,0,0,1,0,0,0,0,0,0,0,0,0,48,0,32,0,0,0,81,0,29,0,124,0,221,0,0,0,0,0,0,0,2,0,26,0,46,0,34,0,0,0,4,0,5,0,1,1,25,0,3,0,0,0,0,0,0,0,21,0,41,4,0,0,26,0,0,0,0,0,0,0,5,0,0,0,0,0,0,0,0,0,0,0,0,0,0,0,3,0,0,0,0,0,0,0,68,0,69,0,22,5,151,0,2,0,60,0,219,2,72,7,122,5,70,3,270,2,63,0,271,0,29,0,17,1,78,0,12,0,38,1,157,0,0,0
83,22,37,1,27,0,51,24,0,36,35,0,35,0,14,0,10,0,4,0,0,1,6,0,6,26,17,0,0,0,0,0,2,0,5,0,9,0,12,0,9,0,0,0,0,0,0,0,7,0,0,0,41,18,50,114,4,4,40,14,153,0,206,6,48,0,31,8,0,0,0,0,0,0,0,0,0,0,0,0,0,0,0,0,0,0,0,0,0,0,0,0,0,0,0,0,0,0,0,0,0,0,0,0,0,0,0,0,0,0,0,0,0,0,0,0,0,0,0,0,0,0,0,0,10,0,0,0,0,0,42,0,0,0,3,0,0,0,0,0,0,0,1,0,0,0,13,0,54,0,13,0,3,0,1,0,15,4,0,0,18,0,4,0,3,0,6,0,9,0,70,0,30,0,10,0,225,38,10,0,0,0,21,4,36,7,0,0,0,0,0,0,0,0,0,0,0,0,0,0,0,0,0,0,0,0,0,0,9,0,0,0,4,0,135,0,0,0,12,0,48,2,33,0,44,0,93,5,88,0,42,0,124,2,0,0,20,0,82,0,41,0,51,0,184,0,0,0,0
6,73,0,3,0,0,73,25,36,0,0,31,0,16,0,6,0,0,0,0,1,0,2,2,13,0,0,16,0,1,0,0,0,0,0,0,0,0,0,0,0,6,0,0,0,0,0,0,0,2,0,0,14,72,72,102,2,10,14,58,1,93,14,138,0,226,0,31,0,3,0,1,0,0,0,0,0,1,0,0,0,0,0,0,0,0,0,0,0,0,0,0,0,0,0,0,0,0,0,0,0,0,0,0,0,0,0,0,0,0,0,0,0,0,1,0,0,0,0,0,0,0,0,0,0,13,0,17,2,2,0,51,0,0,0,19,0,35,0,0,0,0,0,0,0,0,0,43,0,88,0,8,0,0,0,0,0,48,0,0,0,14,0,0,0,0,0,0,0,5,3,14,0,16,0,4,35,189,0,0,0,0,0,52,0,116,0,0,0,0,0,0,0,0,0,0,0,0,0,0,0,0,0,0,0,0,0,7,0,38,0,0,0,8,3,127,0,0,2,26,1,128,1,34,2,29,4,69,4,160,1,35,2,247,2,8,0,5,3,89,0,10,1,7,0,145,0,0,0
127,0,85,2,125,81,6,0,35,0,0,38,267,13,42,74,0,0,19,14,24,4,19,23,1,0,43,0,3,0,29,0,51,0,5,0,207,0,4,0,35,0,0,0,0,0,1,0,2,0,1,0,0,0,0,1,0,0,0,0,0,0,1,0,6,0,1,0,0,0,0,0,0,0,0,0,0,0,0,0,0,0,0,0,0,0,0,0,0,0,0,0,0,0,0,0,0,0,0,0,0,0,0,0,0,0,0,0,0,0,0,0,0,0,0,0,0,0,0,0,0,0,0,0,0,0,0,0,0,0,13,0,1,0,5,0,0,0,0,0,0,0,0,0,0,0,0,0,17,0,11,0,0,0,0,0,0,0,0,0,5,0,0,0,0,0,34,0,0,0,1,0,28,0,0,0,121,17,40,0,5,0,17,0,29,0,6,0,0,0,0,0,0,0,0,0,0,0,0,0,0,0,0,0,0,0,0,0,0,0,0,0,0,0,0,0,0,0,0,0,41,0,0,0,0,0,72,0,24,0,21,0,0,0,10,0,24,2,27,0,25,0,38,0,75,0,0,0,0
20,392,72,12,138,80,0,10,0,31,38,0,45,338,365,29,12,0,61,56,74,19,160,11,1,0,0,173,0,7,5,10,2,165,0,11,7,248,0,138,0,126,0,1,0,0,0,17,0,8,0,0,0,0,0,0,0,3,0,0,0,0,0,0,0,10,0,0,0,0,0,0,0,1,0,0,0,0,0,0,0,0,0,0,0,0,0,0,0,0,0,0,0,0,0,0,0,0,0,1,0,1,0,0,0,0,0,0,0,0,0,0,0,0,1,0,0,0,0,0,0,0,0,0,0,0,0,1,0,0,0,0,0,0,0,0,0,0,0,0,0,0,0,0,0,2,0,29,0,12,0,41,0,52,0,0,0,0,0,0,0,0,0,0,0,4,0,15,0,37,0,0,0,49,0,11,20,552,1,124,0,41,0,11,0,39,0,45,0,0,0,0,0,0,0,0,0,0,0,0,0,0,0,0,0,0,0,0,0,0,0,17,0,0,2,18,0,0,1,10,0,184,0,9,0,23,0,110,0,115,2,62,1,188,0,18,0,34,0,40,0,12,0,27,2,73,0,0,0
74,0,138,0,332,91,7,0,35,0,267,45,0,348,53,39,0,0,35,117,53,15,19,3,3,0,27,166,0,0,32,0,7,0,58,0,116,1,0,0,45,64,4,0,0,0,0,19,0,0,32,1,0,0,0,0,0,0,0,0,0,0,0,0,2,0,0,0,0,0,0,0,0,0,0,0,0,0,0,0,1,0,0,0,0,0,0,0,0,0,0,0,0,0,0,0,0,0,0,0,0,0,0,0,0,0,0,0,0,0,0,0,0,0,0,0,0,0,0,0,0,0,0,0,4,0,0,0,3,0,13,0,0,0,0,0,0,0,0,0,0,0,0,0,0,0,16,0,25,0,33,0,67,0,0,0,0,0,0,0,7,0,0,0,7,0,0,0,4,0,1,0,0,0,0,0,221,62,164,0,24,0,30,0,92,0,93,10,0,0,0,0,0,0,0,0,0,0,0,0,0,0,0,0,0,0,0,0,0,0,0,0,1,0,0,0,0,0,7,0,0,0,1,0,13,0,33,0,14,0,0,0,6,0,4,0,0,0,0,0,5,0,8,0,23,1,0,0,0
0,204,0,21,107,96,0,8,0,16,13,338,348,0,113,20,0,1,353,106,71,8,0,0,0,0,91,70,0,0,11,12,0,3,17,20,25,89,0,0,38,134,4,49,0,0,0,6,1,6,23,12,0,0,0,0,0,0,0,0,0,0,0,0,0,0,0,1,0,0,0,1,0,0,0,0,0,0,0,0,0,0,0,0,0,0,0,2,0,0,0,0,0,0,0,0,0,0,0,0,0,0,0,0,0,1,0,0,0,0,0,0,0,0,0,0,0,0,0,0,0,0,0,1,0,0,0,0,0,0,0,0,0,0,0,0,0,0,0,0,0,1,0,0,0,0,0,0,0,0,0,28,0,24,0,0,0,0,0,0,0,0,0,0,0,5,0,10,0,0,0,0,0,6,0,18,36,351,0,26,0,56,0,5,0,19,0,68,0,0,0,0,0,0,0,0,0,0,0,0,0,0,0,0,0,0,0,0,0,0,0,0,0,0,0,6,0,0,19,65,0,49,0,0,0,85,0,90,0,34,0,36,0,0,0,0,0,13,0,0,0,3,0,0,0,12,0,0,0
35,0,343,0,288,290,0,0,14,0,42,365,53,113,0,241,49,0,232,76,54,40,384,29,12,0,193,15,0,0,97,3,112,3,74,0,222,4,0,0,4,0,0,0,0,0,0,0,1,0,21,0,0,0,48,0,0,0,0,0,0,0,0,0,1,0,3,0,0,0,0,0,0,0,0,0,0,0,0,0,0,0,0,0,0,0,0,0,0,0,0,0,0,0,0,0,0,0,0,0,0,0,0,0,0,0,0,0,0,0,0,0,0,0,0,0,0,0,0,0,0,0,0,0,0,0,0,0,0,0,13,0,10,0,47,0,0,0,0,0,0,0,45,0,0,0,16,0,49,0,14,0,0,0,0,0,0,0,0,0,0,0,0,0,0,0,14,0,13,0,0,0,25,0,2,0,71,62,44,0,0,0,5,0,21,0,0,0,0,0,0,0,0,0,0,0,0,0,0,0,0,0,0,0,0,0,0,0,14,0,3,0,0,0,7,0,0,0,0,0,28,1,0,0,0,0,100,0,16,0,30,0,0,0,5,0,0,3,21,0,13,0,30,0,61,0,0,0,0
21,159,53,469,178,379,3,26,0,6,74,29,39,20,241,0,15,0,20,406,48,126,133,99,0,38,0,124,0,4,4,52,4,162,0,4,11,60,0,18,0,2,0,1,0,0,0,0,0,0,0,0,0,0,0,31,0,0,0,0,0,3,0,8,0,22,0,0,0,0,0,0,0,0,0,0,0,0,0,0,0,0,0,0,0,0,0,5,0,1,0,0,0,0,0,0,0,4,0,1,0,0,0,0,0,0,0,0,0,0,0,0,0,0,0,0,0,0,0,0,0,0,0,0,0,0,0,0,0,0,0,13,0,0,1,145,0,99,1,0,0,0,1,0,0,0,0,45,0,57,0,36,0,6,0,0,0,0,0,0,0,0,0,0,0,2,0,10,2,21,0,3,0,17,0,2,9,55,1,1,0,0,2,0,0,39,0,0,0,0,0,0,0,0,0,0,0,0,0,0,0,4,0,0,0,0,0,11,0,24,0,0,0,0,2,20,0,0,0,4,5,82,0,4,0,8,0,195,0,68,0,48,0,54,0,0,0,11,0,17,0,4,0,11,0,42,0,0,0
70,52,34,24,19,10,9,2,10,0,0,12,0,0,49,15,0,4,60,0,337,0,70,13,68,16,43,0,100,0,122,0,154,0,12,0,103,0,198,0,2,0,4,0,1,0,0,0,5,0,4,0,115,0,52,1,6,0,1,0,10,0,331,0,0,0,0,0,5,0,74,0,0,0,28,0,0,0,0,0,161,0,2,0,269,0,33,0,57,0,146,0,4,0,0,0,295,0,298,0,0,0,24,0,0,0,28,0,0,0,0,0,0,0,0,0,0,0,0,0,91,0,123,0,0,0,0,0,0,0,3,0,13,0,119,0,256,0,121,0,257,0,674,0,41,0,0,0,0,0,9,0,0,0,54,0,0,0,16,0,0,0,0,0,0,0,4,0,22,0,5,0,39,0,0,0,6,16,0,0,0,0,0,0,0,1,1,0,0,0,0,0,0,0,0,0,0,0,9,0,250,0,0,0,0,0,0,0,11,0,0,0,2,0,0,0,0,0,4,0,19,0,14,0,12,0,87,0,31,0,11,0,29,0,5,1,4,0,23,0,9,0,12,0,39,0,0,0,0
19,30,19,88,1,3,8,39,0,0,0,0,0,1,0,0,4,0,0,16,0,156,22,83,11,148,0,10,0,147,0,35,0,56,0,10,0,29,0,134,0,0,0,0,0,0,0,0,0,0,0,0,1,84,3,50,0,34,0,0,1,37,2,415,0,0,0,0,0,9,0,7,0,6,0,0,0,14,0,5,0,33,0,1,0,441,0,68,0,74,0,48,0,3,0,16,0,101,0,24,0,46,0,59,0,0,0,56,0,1,0,0,0,0,0,0,0,0,0,0,0,36,0,30,0,0,0,22,0,45,0,0,0,102,0,463,0,411,5,38,0,25,0,491,5,6,0,4,0,0,0,13,0,0,0,37,0,0,0,7,4,4,0,0,0,8,0,0,0,28,0,0,0,14,2,0,2,2,0,0,1,0,0,0,0,2,0,0,0,0,0,0,0,0,0,0,0,0,0,0,0,19,0,0,0,0,0,0,0,42,0,0,0,0,0,0,0,0,0,0,0,53,0,12,1,33,0,95,1,48,1,0,2,48,0,10,0,0,0,8,0,4,0,8,0,15,0,0,0
25,0,108,0,92,92,0,0,4,0,19,61,35,353,232,20,60,0,0,101,85,18,315,2,34,0,25,121,0,0,14,2,3,0,28,0,43,0,0,0,80,38,0,0,0,0,0,0,0,0,29,0,0,0,0,0,0,0,0,0,0,0,4,0,0,0,0,0,0,0,0,0,0,0,1,0,0,0,1,0,1,0,0,0,0,0,0,0,0,0,0,0,0,0,0,0,0,0,0,0,0,0,0,0,0,0,0,0,0,0,0,0,0,0,0,0,0,0,1,0,0,0,0,0,0,0,0,0,0,0,0,0,0,0,0,0,0,0,0,0,0,0,0,0,1,0,0,0,34,0,0,0,0,0,0,0,0,0,0,0,3,0,0,0,2,0,10,0,0,0,0,0,0,0,0,0,54,36,11,0,0,0,0,0,13,0,111,11,0,0,0,0,0,0,0,0,0,0,0,0,0,0,0,0,0,0,0,0,0,0,0,0,0,0,7,0,1,0,2,0,23,1,1,0,0,0,86,0,11,0,30,0,0,0,0,0,11,0,10,0,10,0,22,1,55,0,0,0,0
0,168,4,106,60,203,1,19,0,0,14,56,117,106,76,406,0,16,101,0,37,125,0,210,0,37,28,95,0,0,7,150,0,43,0,99,7,220,0,0,7,11,0,38,0,0,0,0,0,0,2,15,0,5,0,17,0,0,0,0,0,0,0,20,0,21,0,0,0,0,0,0,0,0,0,0,0,2,0,0,0,2,0,0,0,42,0,9,0,0,0,0,0,0,0,0,0,11,0,0,0,4,0,0,0,0,0,10,0,0,0,0,0,0,1,0,0,0,0,0,0,8,0,0,0,0,0,0,0,0,0,0,0,0,0,95,0,63,0,0,0,3,0,0,0,2,0,30,0,36,0,0,0,0,0,0,0,0,0,0,1,5,0,0,0,13,0,36,0,42,0,3,0,19,0,0,9,13,1,0,0,3,0,0,0,0,0,2,0,0,0,0,0,0,0,0,0,0,0,0,0,4,0,2,0,0,0,0,1,18,0,0,0,0,1,13,0,0,4,19,0,109,0,9,0,84,0,104,0,86,0,58,0,57,0,10,0,13,0,18,0,3,0,8,0,25,0,0,0
13,0,23,1,71,73,15,0,0,1,24,74,53,71,54,48,337,0,85,37,0,8,219,6,39,0,29,33,42,0,68,0,85,0,13,0,11,0,0,0,0,6,5,0,1,0,0,0,0,0,9,0,10,0,20,0,15,0,3,0,5,0,19,0,0,0,1,0,0,0,36,0,3,0,17,0,0,0,6,0,44,0,0,0,74,0,21,0,0,0,51,0,0,0,0,0,91,0,91,0,0,0,0,0,0,0,0,0,0,0,0,0,0,0,1,0,0,0,0,0,26,0,0,0,0,0,0,0,0,0,0,0,0,0,57,0,53,0,5,0,33,1,178,0,27,0,0,0,6,0,0,0,1,0,0,0,1,0,0,0,3,0,9,0,12,0,79,0,0,0,7,0,55,0,0,0,8,12,0,0,0,0,0,0,6,1,34,0,0,0,0,0,0,0,1,0,0,0,0,0,97,0,0,0,0,0,0,0,8,0,7,0,0,0,49,0,2,0,7,0,127,0,12,0,27,0,319,0,72,0,110,0,0,3,0,0,31,8,48,1,21,0,83,0,186,0,0,0,0
2,13,2,39,25,68,2,20,1,0,4,19,15,8,40,126,0,156,18,125,8,0,3,447,0,75,2,29,0,68,3,22,0,45,0,24,0,42,0,19,0,4,0,0,0,0,0,0,0,0,0,4,0,0,0,4,0,0,0,0,0,4,0,71,0,2,0,2,0,0,0,25,0,8,0,0,0,0,0,6,0,31,0,0,0,204,0,74,0,43,0,0,0,3,0,5,0,19,0,9,0,21,0,0,0,0,0,0,0,1,0,0,0,0,1,0,0,0,0,0,0,81,0,69,0,0,0,0,0,0,0,2,0,0,0,73,0,72,1,16,0,41,0,210,0,60,0,0,0,0,0,4,0,0,0,1,0,0,0,3,0,6,0,0,0,14,0,39,0,55,0,12,1,42,0,0,0,1,0,0,0,0,0,0,0,0,0,1,0,0,0,0,0,0,0,0,0,0,0,3,0,0,0,0,0,0,0,0,0,0,1,5,0,5,0,11,0,0,1,20,1,127,0,16,0,51,0,186,0,97,0,68,0,119,0,9,0,26,0,29,0,11,0,23,0,82,0,0,0
50,156,610,84,151,151,66,6,6,2,19,160,19,0,384,133,70,22,315,0,219,3,0,108,61,43,178,0,59,0,30,1,63,0,6,0,91,0,128,3,26,0,3,0,2,0,0,0,3,0,1,0,34,0,299,4,0,0,0,0,6,0,14,6,1,0,0,0,0,0,0,0,0,0,0,0,0,0,0,0,3,0,0,0,18,0,0,0,0,0,0,0,0,0,0,0,25,0,0,0,0,0,0,0,0,0,0,0,0,0,0,0,0,0,0,0,0,0,0,0,0,0,2,0,22,0,19,0,19,0,40,3,20,0,177,0,168,0,21,0,34,0,202,0,2,0,40,0,109,0,45,0,0,0,10,0,0,0,0,0,20,0,0,0,0,1,10,0,27,0,9,0,46,0,4,0,105,44,2,0,0,0,4,0,7,0,0,0,0,0,0,0,0,0,0,0,0,0,0,0,57,0,0,0,0,0,5,0,43,0,0,0,0,0,26,3,0,0,7,0,29,0,4,0,24,0,57,5,40,3,17,0,54,4,7,0,8,0,22,0,15,0,13,0,51,0,0,0,0
33,27,53,311,59,106,0,17,0,2,23,11,3,0,29,99,13,83,2,210,6,447,108,0,3,98,0,48,0,85,0,43,0,56,0,16,4,38,1,78,0,0,0,0,0,0,0,0,0,0,1,0,0,21,0,36,0,7,0,4,0,7,0,123,0,0,0,0,0,0,0,0,0,0,0,0,0,12,0,0,0,7,0,0,0,191,0,47,0,44,0,16,0,6,0,7,0,42,0,10,0,19,0,42,0,0,0,0,0,0,0,0,0,0,0,0,0,0,0,0,0,20,0,10,0,3,0,5,0,0,0,0,0,0,0,279,0,106,0,0,0,0,0,83,0,0,0,0,0,23,0,0,0,3,0,2,0,0,0,0,0,0,0,0,0,0,0,0,0,24,0,5,0,21,0,0,4,9,1,0,0,0,3,0,0,6,0,0,0,0,0,0,0,0,0,0,0,2,0,0,0,5,0,0,0,0,0,14,0,19,0,2,0,0,0,12,0,0,0,6,0,82,0,16,1,19,1,296,2,50,0,43,0,120,1,9,0,10,0,27,0,11,0,20,4,58,0,0,0
20,111,78,22,10,1,108,43,6,13,1,1,3,0,12,0,68,11,34,0,39,0,61,3,0,44,0,0,37,0,0,0,8,0,0,0,3,1,56,0,0,0,0,0,0,0,0,0,2,0,0,0,38,2,265,14,3,0,1,0,15,0,55,25,0,0,1,0,0,0,0,0,0,0,1,0,0,0,0,0,0,0,0,0,14,0,0,0,0,0,0,0,0,0,0,0,0,0,0,0,0,0,0,0,0,0,0,0,0,0,0,0,0,0,0,0,0,0,0,0,0,0,2,0,10,0,0,0,30,0,17,0,20,1,111,0,221,0,26,0,40,1,219,0,0,0,14,0,12,0,8,0,1,0,23,0,0,0,13,0,12,0,0,0,0,0,0,0,16,0,10,0,25,0,2,0,9,5,0,0,0,0,0,1,0,0,0,0,0,0,0,0,0,0,0,0,0,0,5,0,39,0,0,0,0,0,0,0,22,0,0,0,0,0,25,0,0,0,0,0,17,0,10,0,20,0,21,0,28,0,3,0,0,0,0,0,0,0,4,0,1,0,2,0,21,0,0,0,0
58,48,63,153,6,42,50,83,26,0,0,0,0,0,0,38,16,148,0,37,0,75,43,98,44,0,0,17,0,13,0,8,0,7,0,2,0,9,7,26,0,0,0,0,0,0,0,0,1,0,0,0,0,9,17,339,0,43,0,15,3,48,11,152,0,0,0,0,0,2,0,0,0,0,0,0,0,0,0,0,0,0,0,0,0,10,0,1,0,0,0,0,0,0,0,1,0,0,0,0,0,0,0,0,0,0,0,0,0,0,0,0,0,0,0,0,0,0,0,0,0,0,0,0,0,0,0,13,1,29,0,18,0,52,0,235,0,360,1,14,0,0,0,45,0,0,0,0,0,17,0,0,0,0,0,34,0,0,0,5,2,10,0,1,0,0,0,0,0,0,0,1,2,8,2,0,9,29,1,0,0,0,5,6,0,0,0,0,0,0,0,0,0,0,0,0,0,0,0,9,0,6,0,0,0,0,0,0,0,57,0,7,0,0,2,16,0,0,1,9,0,38,0,13,0,0,4,27,1,42,0,7,0,47,0,0,0,0,0,8,1,7,0,0,0,12,0,0,0
27,0,107,0,181,15,10,0,17,0,43,0,27,91,193,0,43,0,25,28,29,2,178,0,0,0,0,56,2,0,0,0,0,0,4,0,26,0,0,0,12,25,1,0,0,0,0,3,1,0,17,1,7,0,23,0,0,0,2,0,2,0,0,0,0,0,0,0,0,0,0,0,0,0,0,0,0,0,0,0,0,0,0,0,0,0,1,0,0,0,0,0,0,0,0,0,0,0,0,0,0,0,1,0,0,0,0,0,0,0,0,0,0,0,0,0,0,0,0,0,0,0,0,0,1,0,0,0,0,0,0,0,0,0,38,0,20,0,0,0,0,0,42,0,0,0,0,0,0,0,11,0,0,0,0,0,0,0,0,0,4,0,0,0,0,0,18,0,13,0,1,0,6,0,0,0,0,18,6,0,0,0,0,0,9,0,4,4,2,0,0,0,0,0,0,0,0,0,0,0,21,0,0,0,0,0,0,0,10,0,1,0,0,0,5,0,0,0,4,0,32,0,5,1,48,0,52,0,24,0,30,0,11,0,1,0,3,0,6,0,4,0,8,0,42,0,0,0,0
0,263,0,83,28,269,0,20,0,16,0,173,166,70,15,124,0,10,121,95,33,29,0,48,0,17,56,0,0,0,2,10,0,6,5,18,14,44,0,0,34,22,5,28,0,2,0,0,0,1,22,17,0,0,0,6,0,0,0,0,0,0,0,7,0,0,0,0,0,0,0,6,0,0,0,0,0,0,0,0,0,0,0,0,0,15,0,7,0,0,0,0,0,0,0,0,0,2,0,0,0,3,0,5,0,0,0,0,0,0,0,0,0,0,0,0,0,0,0,0,0,4,0,2,0,0,0,0,0,0,0,8,0,0,0,50,0,31,0,0,0,3,0,8,2,0,0,0,0,17,0,0,0,0,0,0,0,0,0,0,0,5,0,0,0,6,0,10,0,24,0,3,0,14,0,2,5,28,3,0,0,0,0,3,0,14,6,2,0,0,0,0,0,0,0,0,0,0,0,0,0,0,0,0,0,0,0,0,0,14,0,0,0,0,0,3,0,0,18,132,1,56,0,8,0,189,1,109,0,62,0,0,0,42,0,7,0,11,0,4,0,0,0,4,0,19,0,0,0
20,0,56,0,0,0,5,0,0,0,3,0,0,0,0,0,100,0,0,0,42,0,59,0,37,0,2,0,0,0,23,0,31,0,1,0,40,0,33,0,0,0,0,0,0,0,0,0,0,0,0,0,0,0,0,0,0,0,0,0,11,0,70,0,0,0,0,0,0,0,43,0,0,0,28,0,0,0,0,0,79,0,0,0,60,0,17,0,0,0,62,0,1,0,0,0,83,0,153,0,0,0,0,0,0,0,7,0,0,0,0,0,0,0,0,0,0,0,0,0,68,0,38,0,1,0,0,0,0,0,0,0,0,0,0,0,9,0,39,0,51,0,80,0,61,0,0,0,0,0,0,0,0,0,2,0,0,0,0,0,0,0,3,0,0,0,3,0,0,0,2,0,8,0,0,0,3,0,0,0,0,0,0,0,0,0,0,0,0,0,0,0,0,0,0,0,0,0,0,0,41,0,0,0,0,0,0,0,0,0,0,0,3,0,0,0,0,0,0,0,7,0,0,0,0,0,24,0,5,0,1,0,0,0,0,0,0,0,0,0,0,0,2,0,0,0,0,0,0
0,57,0,96,0,35,0,21,0,1,0,7,0,0,0,4,0,147,0,0,0,68,0,85,0,13,0,0,0,0,0,35,0,9,0,46,0,16,0,16,0,0,0,0,0,0,0,0,0,0,0,0,0,7,0,2,0,7,0,0,0,3,0,40,0,3,0,0,0,0,0,9,0,0,0,0,0,0,0,0,0,6,0,0,0,84,0,38,0,21,0,6,0,0,0,7,0,3,0,2,0,0,0,0,0,0,0,0,0,2,0,0,0,0,0,0,0,0,0,0,0,23,0,36,0,3,0,0,0,0,0,0,0,36,0,41,0,106,0,69,0,63,0,276,0,51,0,0,0,0,0,0,0,0,0,9,0,3,0,0,0,3,0,0,0,0,0,0,0,0,0,2,0,2,0,0,0,1,0,0,0,0,0,0,0,4,0,0,0,0,0,0,0,0,0,0,0,0,0,0,0,0,0,0,0,0,0,0,0,8,0,0,0,0,0,4,0,0,0,0,0,4,0,0,0,0,0,25,0,10,0,0,0,8,0,1,0,0,0,0,0,0,0,2,0,6,0,0,0
8,0,11,1,55,4,0,0,0,0,29,5,32,11,97,4,122,0,14,7,68,3,30,0,0,0,0,2,23,0,0,0,1,0,1,0,15,0,0,0,0,0,0,0,0,0,0,0,1,0,2,0,0,0,3,0,2,0,1,0,0,0,4,0,0,0,0,0,0,0,0,0,0,0,0,0,0,0,1,0,13,0,0,0,15,0,0,0,0,0,9,0,0,0,0,0,24,0,19,0,0,0,0,0,0,0,0,0,0,0,0,0,0,0,0,0,0,0,0,0,9,0,0,0,0,0,0,0,0,0,0,0,0,0,0,0,0,0,0,0,0,0,28,0,6,0,0,0,1,0,0,0,0,0,0,0,0,0,0,0,0,0,0,0,5,0,94,0,0,0,3,0,26,0,0,0,4,0,2,0,0,0,0,0,0,0,0,0,0,0,0,0,0,0,0,0,0,0,0,0,22,0,0,0,0,0,0,0,0,0,0,0,0,0,0,0,0,0,1,0,98,0,0,0,8,0,80,1,58,0,29,0,0,0,0,0,8,0,0,0,3,0,0,0,77,0,0,0,0
0,0,1,9,3,71,0,4,0,0,0,10,0,12,3,52,0,35,2,150,0,22,1,43,0,8,0,10,0,35,0,0,0,5,0,12,0,1,0,17,0,1,0,1,0,0,0,0,0,0,0,0,0,0,0,0,0,0,0,0,0,0,0,16,0,0,0,0,0,0,0,0,0,0,0,0,0,0,0,0,0,6,0,0,0,38,0,0,0,0,0,0,0,0,0,0,0,0,0,0,0,2,0,0,0,0,0,0,0,0,0,0,0,0,0,0,0,0,0,0,0,9,0,9,0,1,0,0,0,0,0,0,0,0,0,0,0,0,0,0,0,0,0,0,0,9,0,0,0,0,0,0,0,0,0,0,0,0,0,0,0,0,0,0,0,1,0,5,0,0,0,0,0,13,0,0,0,0,0,0,0,0,0,0,0,0,0,0,0,0,0,0,0,0,0,0,0,0,0,0,0,0,0,0,0,0,0,0,0,0,0,0,0,0,0,3,0,0,0,4,0,39,0,3,0,11,1,81,0,40,0,23,0,35,0,0,0,8,0,0,0,0,0,8,0,28,0,0,0
0,0,59,0,106,0,0,0,2,0,51,2,7,0,112,4,154,0,3,0,85,0,63,0,8,0,0,0,31,0,1,0,0,0,2,0,10,0,0,0,0,0,0,0,0,0,0,0,0,0,0,0,0,0,0,0,5,0,5,0,0,0,6,0,0,0,2,0,0,0,13,0,0,0,1,0,0,0,0,0,0,0,1,0,22,0,0,0,0,0,0,0,0,0,0,0,0,0,27,0,0,0,0,0,0,0,0,0,0,0,0,0,0,0,0,0,0,0,0,0,8,0,2,0,0,0,0,0,0,0,0,0,0,0,11,0,0,0,0,0,10,0,33,0,7,0,0,0,0,0,0,0,0,0,0,0,0,0,0,0,0,0,5,0,0,0,17,0,8,0,0,0,16,0,0,0,12,0,5,0,0,0,0,0,5,0,0,0,0,0,0,0,0,0,0,0,0,0,0,0,0,0,0,0,0,0,0,0,0,0,0,1,0,0,0,0,1,0,0,0,45,0,0,0,0,0,43,0,12,0,0,0,23,0,3,0,6,0,5,0,0,0,5,0,34,0,0,0,0
0,70,0,62,0,435,0,0,0,0,0,165,0,3,3,162,0,56,0,43,0,45,0,56,0,7,0,6,0,9,0,5,0,0,0,13,0,6,0,1,0,0,0,1,0,0,0,0,0,0,0,0,0,0,0,4,0,0,0,0,0,0,0,28,0,8,0,0,0,0,0,0,0,0,0,0,0,0,0,0,0,3,0,0,0,34,0,13,0,0,0,0,0,0,0,0,0,0,0,0,0,3,0,0,0,0,0,0,0,0,0,0,0,0,0,0,0,0,0,0,0,10,0,7,0,0,0,0,0,0,0,0,0,0,0,0,0,13,0,0,0,0,0,6,0,8,0,0,0,17,0,16,0,0,0,0,0,0,0,0,0,0,0,0,0,0,0,3,0,10,0,0,0,9,0,0,0,7,0,4,0,0,0,0,0,23,0,0,0,0,0,0,0,0,0,0,0,0,0,0,0,0,0,0,0,0,0,0,0,0,0,0,0,0,0,0,0,0,0,3,0,16,0,0,0,7,0,61,0,15,0,15,0,22,0,0,0,3,0,3,0,1,0,3,0,0,0,0,0
0,0,0,0,42,0,2,0,5,0,5,0,58,17,74,0,12,0,28,0,13,0,6,0,0,0,4,5,1,0,1,0,2,0,0,0,22,0,0,0,3,0,0,0,0,0,1,1,1,0,16,0,0,0,0,0,0,0,5,0,1,0,1,0,0,0,0,0,0,0,9,0,0,0,0,0,0,0,1,0,2,0,0,0,0,0,0,0,0,0,10,0,0,0,0,0,0,0,15,0,3,0,0,0,0,0,1,0,0,0,0,0,0,0,0,0,0,0,0,0,0,0,1,0,0,0,0,0,0,0,0,0,0,0,0,0,0,0,0,0,3,0,7,0,4,0,0,0,3,0,0,0,0,0,1,0,0,0,0,0,3,0,0,0,6,0,48,0,17,0,3,0,12,0,0,1,4,0,3,0,0,0,0,0,0,0,1,0,0,0,0,0,0,0,0,0,0,0,0,0,0,0,0,0,0,0,0,0,0,0,0,0,0,0,0,0,0,0,6,0,37,0,3,0,28,0,29,0,33,0,6,0,6,0,0,1,3,1,6,0,0,0,0,0,29,0,0,0,0
0,2,0,0,0,59,0,0,0,0,0,11,0,20,0,4,0,10,0,99,0,24,0,16,0,2,0,18,0,46,0,12,0,13,0,0,0,2,0,31,0,1,0,0,0,0,0,0,0,0,0,1,0,1,0,0,0,2,0,0,0,6,0,14,0,1,0,0,0,0,0,3,0,0,0,0,0,0,0,2,0,2,0,0,0,15,0,9,0,3,0,0,0,0,0,0,0,0,0,1,0,0,0,0,0,0,0,0,0,0,0,0,0,0,0,0,0,0,0,0,0,0,0,5,0,0,0,0,0,0,0,0,0,5,0,7,0,0,0,10,0,12,0,35,0,8,0,0,0,0,0,0,0,0,0,0,0,4,0,0,0,0,0,0,0,2,0,6,0,5,0,2,0,3,0,0,0,0,0,0,0,0,0,0,0,0,0,3,0,0,0,0,0,0,0,0,0,0,0,0,0,0,0,0,0,0,0,0,0,0,0,0,0,0,0,0,0,1,1,6,0,10,0,0,0,25,0,26,0,13,0,0,0,10,0,3,0,6,0,3,0,0,0,2,0,3,0,0,0
110,0,243,0,470,12,13,0,9,0,207,7,116,25,222,11,103,0,43,7,11,0,91,4,3,0,26,14,40,0,15,0,10,0,22,0,0,0,6,0,1,0,1,0,0,0,0,0,2,0,25,0,0,0,7,1,23,0,23,0,81,0,28,0,3,0,0,0,0,0,92,0,0,0,27,0,0,0,9,0,83,0,1,0,29,0,23,0,0,0,31,0,0,0,0,0,31,0,100,0,9,0,8,0,0,0,5,0,0,0,0,0,0,0,0,0,0,0,0,0,54,0,35,0,0,0,0,0,0,0,0,0,0,0,0,0,0,0,94,0,84,0,47,0,192,0,0,0,12,0,0,0,0,0,8,0,41,0,0,0,7,0,37,0,18,0,97,0,68,0,38,0,93,0,0,0,39,3,22,0,3,0,3,1,13,0,5,1,0,0,0,0,0,0,0,0,0,0,1,0,14,0,0,0,0,0,0,0,0,0,6,0,0,0,10,0,0,0,8,0,99,0,9,1,47,0,72,0,83,0,19,0,10,1,0,1,10,0,9,0,0,0,3,0,44,0,0,0,0
0,233,1,65,0,391,0,7,0,0,0,248,1,89,4,60,0,29,0,220,0,42,0,38,1,9,0,44,0,16,0,1,0,6,0,2,0,0,0,10,0,0,0,1,0,0,0,2,0,1,0,1,0,0,0,0,0,1,0,1,0,31,0,63,0,4,0,0,0,2,0,26,0,0,0,0,0,0,0,0,0,5,0,0,0,28,0,13,0,16,0,0,0,0,0,0,0,1,0,6,0,2,0,7,0,0,0,6,0,0,0,0,0,0,0,0,0,0,0,0,0,25,0,31,0,0,0,0,0,0,0,0,0,0,0,9,0,45,0,36,0,43,0,84,0,90,0,14,0,7,0,7,0,10,0,1,0,44,0,0,0,2,0,0,0,4,0,15,0,32,0,13,0,21,0,1,0,6,0,22,0,1,0,3,0,11,0,18,0,0,0,0,0,0,0,0,0,0,0,0,0,0,0,0,0,0,0,0,0,0,0,0,0,0,0,0,0,0,0,5,0,35,0,8,0,39,0,79,0,50,0,12,0,12,0,0,0,4,0,0,0,0,0,0,0,9,0,0,0
337,0,384,0,39,0,36,2,12,0,4,0,0,0,0,0,198,0,0,0,0,0,128,1,56,7,0,0,33,0,0,0,0,0,0,0,6,0,0,0,0,0,0,0,0,0,0,0,0,0,0,0,3,0,0,3,0,0,0,0,11,0,13,2,0,0,0,0,0,0,0,0,0,0,0,0,0,0,0,0,0,0,0,0,0,0,0,0,1,0,0,0,0,0,0,0,0,0,0,0,0,0,0,0,0,0,0,0,0,0,0,0,0,0,0,0,0,0,0,0,0,0,4,0,0,0,0,0,0,0,0,0,0,0,0,0,0,0,22,0,10,0,0,0,24,0,0,0,22,0,7,0,0,0,3,0,17,0,0,0,0,0,2,0,0,0,0,0,0,0,1,0,62,0,0,0,48,0,0,0,4,0,17,0,39,0,0,0,0,0,0,0,0,0,0,0,0,0,0,0,0,0,0,0,0,0,0,0,0,0,0,0,0,0,2,0,0,0,0,0,0,0,1,0,0,0,47,0,0,0,0,0,0,0,0,0,0,0,0,0,1,0,0,0,2,0,0,0,0
0,274,0,252,0,306,0,25,0,0,0,138,0,0,0,18,0,134,0,0,0,19,3,78,0,26,0,0,0,16,0,17,0,1,0,31,0,10,0,0,0,0,0,0,0,0,0,0,0,0,0,0,0,0,0,7,0,0,0,0,0,4,0,24,0,0,0,0,0,0,0,3,0,0,0,0,0,0,0,1,0,3,0,0,0,30,0,0,0,0,0,0,0,0,0,0,0,0,0,2,0,1,0,7,0,0,0,0,0,0,0,0,0,0,0,0,0,0,0,0,0,12,0,7,0,0,0,0,0,0,0,0,0,2,0,27,0,10,0,11,0,18,0,39,0,16,0,0,0,15,0,0,0,0,0,0,0,9,0,0,0,2,0,0,0,0,0,0,0,7,0,0,0,2,0,0,0,20,0,1,0,0,0,0,0,14,0,0,0,0,0,0,0,0,0,0,0,0,0,0,0,0,0,0,0,0,0,0,0,0,0,0,0,0,0,0,0,0,0,0,0,1,0,0,0,0,0,29,0,2,0,0,0,0,0,0,0,0,0,0,0,1,0,3,0,0,0,0,0
32,1,23,0,46,3,1,0,9,0,35,0,45,38,4,0,2,0,80,7,0,0,26,0,0,0,12,34,0,0,0,0,0,0,3,0,1,0,0,0,0,47,0,0,0,2,0,4,20,0,0,1,1,0,10,0,0,0,0,0,0,0,0,0,1,0,0,0,0,0,0,0,0,0,0,0,0,0,1,0,0,0,0,0,3,0,0,0,0,0,0,0,0,0,0,0,0,0,0,0,0,0,0,0,0,0,0,0,0,0,0,0,0,0,0,0,0,0,0,0,0,0,0,0,2,0,0,0,0,0,3,0,0,0,6,0,1,0,0,0,3,0,7,0,1,0,4,0,9,0,10,0,20,0,0,0,0,0,0,0,1,0,0,0,0,1,0,0,0,0,0,0,0,0,0,0,17,9,9,0,6,0,6,0,9,0,14,0,0,0,0,0,0,0,0,0,0,0,0,0,0,0,0,0,0,0,0,0,2,0,0,0,0,0,0,0,0,0,67,14,0,0,8,19,1,0,1,1,1,0,2,1,1,1,0,0,1,0,1,0,0,0,0,0,4,0,0,0,0
0,71,0,7,10,33,0,5,0,6,0,126,64,134,0,2,0,0,38,11,6,4,0,0,0,0,25,22,0,0,0,1,0,0,0,1,0,0,0,0,47,0,2,0,2,0,0,30,2,108,63,1,0,0,0,0,0,0,0,0,0,0,0,0,0,0,0,2,0,0,0,0,0,0,0,0,0,0,0,0,0,0,0,0,0,0,0,0,0,0,0,0,0,0,0,0,0,0,0,0,0,0,0,0,0,0,0,0,0,0,0,0,0,0,0,0,0,0,0,0,0,0,0,0,0,0,0,0,0,0,0,0,0,0,0,0,0,0,0,0,0,0,0,0,0,1,0,0,0,0,0,9,0,11,0,0,0,0,0,0,0,0,0,0,1,0,0,0,0,0,0,0,0,0,0,0,1,149,1,9,0,17,0,0,0,6,6,8,0,0,0,0,0,0,0,0,0,0,0,0,0,0,0,0,0,1,0,0,0,0,0,0,0,0,0,0,0,0,72,69,0,0,12,103,0,14,0,3,0,2,0,4,0,0,0,1,0,0,0,0,0,0,0,0,0,1,0,0,0
0,0,0,0,3,1,0,0,0,0,0,0,4,4,0,0,4,0,0,0,5,0,3,0,0,0,1,5,0,0,0,0,0,0,0,0,1,0,0,0,0,2,0,0,0,0,0,0,2,0,2,0,1,0,0,0,0,0,0,0,0,0,0,0,0,0,0,0,0,0,0,0,0,0,0,0,0,0,0,0,2,0,0,0,0,0,0,0,0,0,0,0,0,0,0,0,1,0,1,0,0,0,0,0,0,0,0,0,0,0,0,0,0,0,0,0,0,0,0,0,0,0,0,0,0,0,0,0,0,0,0,0,0,0,4,0,1,0,0,0,1,0,2,0,0,0,0,0,0,0,0,0,1,0,0,0,1,0,0,0,0,0,0,0,0,0,13,0,0,0,0,0,1,0,0,0,2,1,0,0,0,0,0,0,0,0,2,0,1,0,0,0,0,0,0,0,0,0,0,0,2,0,1,0,0,0,0,0,0,0,0,0,0,0,1,0,0,0,21,3,6,0,7,6,24,0,14,0,7,0,0,0,1,0,0,0,3,0,1,0,0,0,2,0,18,0,0,0,0
0,0,0,0,0,2,0,0,0,0,0,1,0,49,0,1,0,0,0,38,0,0,0,0,0,0,0,28,0,0,0,1,0,1,0,0,0,1,0,0,0,0,0,0,0,0,0,0,0,0,0,1,0,0,0,0,0,0,0,0,0,0,0,1,0,0,0,0,0,0,0,1,0,0,0,0,0,0,0,0,0,0,0,0,0,1,0,0,0,0,0,0,0,0,0,0,0,0,0,0,0,0,0,0,0,0,0,0,0,0,0,0,0,0,0,0,0,0,0,0,0,1,0,1,0,0,0,0,0,0,0,0,0,0,0,0,0,2,0,4,0,2,0,3,0,3,0,0,0,0,0,0,0,0,0,0,0,0,0,0,0,2,0,0,0,1,0,0,0,4,0,0,0,0,0,0,0,1,0,0,0,0,0,0,0,0,0,7,0,1,0,0,0,0,0,0,0,0,0,0,0,0,0,0,0,0,0,0,0,0,0,0,0,0,0,0,0,0,0,7,0,1,0,1,0,39,0,1,0,11,0,0,0,0,0,0,0,0,0,0,0,0,0,0,0,0,0,0,0
0,0,0,0,1,0,0,0,0,0,0,0,0,0,0,0,1,0,0,0,1,0,2,0,0,0,0,0,0,0,0,0,0,0,0,0,0,0,0,0,0,2,0,0,0,1,0,0,3,0,1,0,1,0,0,0,0,0,0,0,0,0,0,0,0,0,0,0,0,0,0,0,0,0,0,0,0,0,0,0,0,0,1,0,0,0,0,0,0,0,0,0,0,0,0,0,0,0,0,0,0,0,1,0,0,0,0,0,0,0,0,0,0,0,0,0,0,0,0,0,0,0,1,0,0,0,0,0,0,0,0,0,0,0,1,0,1,0,0,0,0,1,0,0,0,0,0,0,0,0,0,0,0,0,0,0,0,0,0,0,1,0,1,0,0,0,5,0,1,0,0,0,0,0,0,0,0,0,1,0,0,0,0,0,1,0,1,0,0,0,0,0,0,0,0,0,0,0,1,0,1,0,0,0,0,0,0,0,0,0,1,0,0,0,0,0,0,0,6,1,1,0,12,2,5,0,2,0,1,0,0,0,1,0,0,0,0,0,0,0,0,0,0,0,0,0,0,0,0
0,0,0,0,0,0,0,0,0,0,0,0,0,0,0,0,0,0,0,0,0,0,0,0,0,0,0,2,0,0,0,0,0,0,0,0,0,0,0,0,2,0,0,0,1,0,0,0,2,0,4,1,0,0,0,0,0,0,0,0,0,0,0,0,0,0,0,0,0,0,0,0,0,0,0,0,0,0,0,0,0,0,0,0,0,0,0,1,0,0,0,0,0,0,0,1,0,0,0,0,0,0,0,0,0,0,0,0,0,0,0,0,0,0,0,0,0,0,0,0,0,0,0,0,0,0,0,0,0,0,0,0,0,0,0,0,0,0,0,0,0,0,0,0,0,0,0,0,0,0,0,0,0,0,0,0,0,0,0,0,0,0,0,0,0,0,0,0,0,4,0,0,0,0,0,0,0,20,0,0,0,0,0,0,0,0,0,1,0,1,0,0,0,0,0,1,0,0,0,0,0,0,0,0,0,0,0,0,0,0,0,0,0,1,0,2,0,0,30,12,0,0,2,35,0,3,0,1,0,1,0,0,0,2,0,0,0,1,0,1,0,0,0,0,0,1,0,0,0
0,0,0,0,2,0,0,0,0,0,1,0,0,0,0,0,0,0,0,0,0,0,0,0,0,0,0,0,0,0,0,0,0,0,1,0,0,0,0,0,0,0,0,0,0,0,0,0,3,0,0,0,0,0,0,0,0,0,0,0,0,0,0,0,0,0,0,0,0,0,0,0,0,0,0,0,0,0,0,0,0,0,0,0,0,0,0,0,0,0,0,0,0,0,0,0,0,0,0,0,0,0,0,0,0,0,0,0,0,0,0,0,0,0,0,0,0,0,0,0,0,0,0,0,0,0,0,0,0,0,0,0,0,0,0,0,0,0,0,0,0,0,0,0,0,0,0,0,0,0,0,0,0,0,0,0,0,0,0,0,0,0,0,0,0,0,0,0,0,0,0,0,0,0,0,0,0,0,0,0,0,0,0,0,0,0,0,0,0,0,0,0,0,0,0,0,0,0,0,0,0,0,0,0,0,0,0,0,0,0,0,0,0,0,0,0,0,0,1,0,0,0,2,0,0,0,0,0,0,0,0,0,0,0,0,0,0,0,0,0,0,0,0,0,0,0,0,0,0
0,2,0,0,0,8,0,0,0,0,0,17,19,6,0,0,0,0,0,0,0,0,0,0,0,0,3,0,0,0,0,0,0,0,1,0,0,2,0,0,4,30,0,0,0,0,0,0,1,4,3,0,0,0,0,0,0,0,0,0,0,0,0,0,0,0,0,0,0,0,0,0,0,0,0,0,0,0,0,0,0,0,0,0,0,0,0,0,0,0,0,0,0,0,0,0,0,0,0,0,0,0,0,0,0,0,0,0,0,0,0,0,0,0,0,0,0,0,0,0,0,0,0,0,0,0,0,0,0,0,0,0,0,0,0,0,0,0,0,0,0,0,0,0,0,0,0,0,0,0,0,1,0,0,0,0,0,0,0,0,0,0,0,0,0,0,0,0,0,0,0,0,0,0,0,0,0,4,1,0,0,0,0,0,0,0,1,3,0,0,0,0,0,0,0,0,0,0,0,0,0,0,0,0,0,0,0,0,0,0,0,0,0,0,0,0,0,0,5,11,0,0,0,4,0,3,0,2,0,0,0,0,0,1,0,0,0,0,0,0,0,0,0,0,0,0,0,0,0
6,0,17,1,6,0,36,0,7,0,2,0,0,1,1,0,5,0,0,0,0,0,3,0,2,1,1,0,0,0,1,0,0,0,1,0,2,0,0,0,20,2,2,0,3,2,3,1,0,0,10,1,12,1,15,1,14,0,11,0,4,0,0,0,0,0,0,1,0,0,0,0,0,0,0,0,0,0,1,0,0,0,0,0,2,0,0,0,1,0,0,0,0,0,0,0,3,0,0,0,1,0,1,0,0,0,1,0,0,0,0,0,0,0,0,0,0,0,0,0,0,0,1,0,0,0,0,0,0,0,0,0,0,0,0,0,1,0,2,0,4,0,0,0,0,0,0,0,6,0,0,0,5,0,10,0,3,0,0,0,8,0,0,0,6,0,4,0,6,0,0,0,3,0,4,0,28,0,3,0,0,0,1,0,3,0,34,0,2,0,0,0,9,0,0,0,1,0,0,0,3,0,4,0,0,0,0,0,5,0,1,0,0,0,5,0,1,0,61,9,49,0,137,36,11,2,29,1,33,0,14,0,4,2,17,0,2,0,26,0,5,0,14,0,34,2,0,0,0
0,3,0,0,0,1,0,0,0,2,0,8,0,6,0,0,0,0,0,0,0,0,0,0,0,0,0,1,0,0,0,0,0,0,0,0,0,1,0,0,0,108,0,0,0,0,0,4,0,0,0,15,0,0,0,0,0,0,0,0,0,0,0,0,0,1,0,1,0,0,0,0,0,0,0,0,0,0,0,0,0,0,0,0,0,0,0,4,0,1,0,0,0,0,0,2,0,0,0,0,0,0,0,0,0,0,0,0,0,0,0,0,0,0,0,0,0,0,0,0,0,0,0,0,0,1,0,0,0,0,0,0,0,0,0,0,0,0,0,0,0,0,0,1,0,0,0,0,0,0,0,0,0,0,0,0,0,0,0,0,0,0,0,0,0,12,0,1,0,9,0,0,0,4,0,0,0,37,0,3,0,2,0,0,0,0,0,10,0,5,0,1,0,0,0,2,0,1,0,3,0,0,0,5,0,0,0,0,0,0,0,0,0,3,0,1,0,5,15,16,0,2,5,126,0,11,0,0,0,24,0,0,0,4,0,1,0,0,0,0,0,0,0,0,0,0,0,0,0
4,0,8,0,24,6,8,0,0,0,1,0,32,23,21,0,4,0,29,2,9,0,1,1,0,0,17,22,0,0,2,0,0,0,16,0,25,0,0,0,0,63,2,0,1,4,0,3,10,0,0,5,5,0,7,0,5,0,13,0,0,0,0,0,0,0,0,0,0,0,5,0,0,0,0,0,7,0,5,0,1,0,6,0,5,0,0,0,1,0,0,0,0,0,0,0,8,0,2,0,0,0,0,0,3,0,0,0,0,0,0,0,0,0,0,0,0,0,0,0,0,0,0,0,0,0,0,0,2,0,0,0,0,0,0,0,1,0,0,0,0,0,0,0,0,0,2,0,0,0,0,0,0,0,0,0,0,0,0,0,0,0,8,0,20,0,13,0,62,0,7,0,41,0,0,0,7,6,1,0,0,0,1,0,0,0,11,2,2,0,2,0,14,0,0,0,0,0,0,0,0,0,10,0,3,0,0,0,0,0,4,0,0,0,15,0,6,0,10,5,37,0,24,4,51,0,17,2,120,0,5,0,12,0,0,0,0,0,7,0,0,0,2,0,21,0,0,0,0
0,0,0,0,0,0,0,0,0,0,0,0,1,12,0,0,0,0,0,15,0,4,0,0,0,0,1,17,0,0,0,0,0,0,0,1,0,1,0,0,1,1,0,1,0,1,0,0,1,15,5,0,0,0,0,2,0,2,0,1,0,0,0,0,0,0,0,0,0,0,0,2,0,0,0,0,0,0,0,0,0,3,0,0,0,0,0,5,0,2,0,0,0,0,0,0,1,0,0,1,0,0,0,1,0,0,0,0,0,0,0,0,0,0,0,0,0,0,0,0,0,0,0,1,0,0,0,0,0,0,0,0,0,0,0,0,0,1,0,1,0,0,0,2,0,2,0,1,0,1,0,0,0,0,0,0,0,0,0,0,0,5,0,0,0,0,0,6,0,12,0,3,0,18,0,0,0,15,0,0,0,1,0,0,0,0,0,17,0,0,0,0,0,0,0,0,1,3,0,0,0,6,0,0,0,0,0,0,0,0,0,0,0,0,0,0,0,0,7,18,0,6,0,0,0,29,0,4,0,38,0,0,0,1,0,0,0,0,0,2,0,0,0,0,0,0,0,0,0
0,0,12,0,0,0,97,0,41,14,0,0,0,0,0,0,115,1,0,0,10,0,34,0,38,0,7,0,0,0,0,0,0,0,0,0,0,0,3,0,1,0,1,0,1,0,0,0,12,0,5,0,0,1,261,21,70,0,13,4,29,0,85,3,0,0,10,3,0,0,3,0,0,0,0,0,0,0,0,0,14,0,0,0,30,0,4,0,0,0,11,0,0,0,0,0,30,0,19,0,0,0,0,0,0,0,6,0,0,0,0,0,0,0,0,0,0,0,0,0,7,0,29,0,0,0,0,0,34,0,16,0,9,0,22,0,107,0,196,0,202,0,194,0,49,0,0,0,2,0,0,0,0,0,252,0,46,2,145,0,10,0,10,0,10,0,16,0,22,0,137,0,7,0,0,0,22,4,0,0,0,0,0,0,1,6,0,0,0,0,0,0,0,0,0,0,0,0,0,0,28,0,0,0,0,0,0,0,4,0,27,1,11,0,152,0,0,0,18,0,98,1,110,2,86,0,90,2,167,0,15,0,77,3,12,2,11,0,66,0,16,0,16,0,194,0,0,0,0
1,13,0,1,0,0,31,38,18,72,0,0,0,0,0,0,0,84,0,5,0,0,0,21,2,9,0,0,0,7,0,0,0,0,0,1,0,0,0,0,0,0,0,0,0,0,0,0,1,0,0,0,1,0,21,97,1,118,2,2,0,37,0,106,0,3,0,0,0,0,0,0,0,0,0,0,0,0,0,0,0,0,0,0,0,33,0,0,0,0,0,1,0,0,0,0,0,6,0,1,0,0,0,0,0,0,0,0,0,0,0,0,0,0,0,0,0,0,0,0,0,0,0,0,0,16,0,0,0,82,0,14,0,102,0,33,0,136,0,134,0,24,2,95,0,39,0,0,0,0,0,0,0,0,0,142,0,60,0,30,0,5,0,1,0,0,0,0,0,0,1,1,0,0,0,0,8,38,0,0,0,1,0,0,0,11,0,0,0,0,0,0,0,0,0,0,0,0,0,0,0,0,0,0,0,0,0,0,2,4,0,0,0,0,0,4,0,0,0,0,1,13,1,1,0,0,0,42,0,4,0,0,0,8,0,3,0,1,0,5,0,0,0,0,0,7,0,0,0
6,30,121,0,29,0,417,38,50,72,0,0,0,0,48,0,52,3,0,0,20,0,299,0,265,17,23,0,0,0,3,0,0,0,0,0,7,0,0,0,10,0,0,0,0,0,0,0,15,0,7,0,261,21,0,109,89,2,24,9,35,3,47,6,8,0,22,15,1,0,0,0,0,0,0,0,0,0,0,0,0,0,0,0,0,0,0,0,0,0,0,0,0,0,0,0,0,0,0,0,0,0,0,0,0,0,0,0,0,0,0,2,0,0,1,0,0,0,0,0,0,0,0,0,0,0,13,0,40,0,21,0,37,0,65,0,140,1,30,0,45,0,123,0,0,0,0,0,0,0,0,0,0,0,85,0,46,4,36,0,79,0,0,0,0,0,12,0,21,0,97,0,0,0,2,0,55,27,0,0,0,0,0,2,2,8,0,0,0,0,0,0,0,0,0,0,0,0,2,0,16,0,0,0,0,0,0,0,35,0,44,0,11,0,200,0,0,0,23,0,126,1,108,2,100,0,67,3,174,1,25,0,155,3,20,0,8,0,80,0,28,0,13,0,228,0,0,0,0
20,38,11,105,0,6,130,419,114,102,1,0,0,0,0,31,1,50,0,17,0,4,4,36,14,339,0,6,0,2,0,0,0,4,0,0,1,0,3,7,0,0,0,0,0,0,0,0,1,0,0,2,21,97,109,0,6,114,12,33,5,34,16,98,0,30,6,39,0,0,0,0,0,0,0,0,0,0,0,0,0,0,0,0,0,5,0,0,0,0,0,3,0,0,0,0,0,4,0,0,0,0,0,0,0,0,0,4,0,0,0,0,0,0,0,0,0,0,0,0,0,0,0,0,0,15,0,15,2,49,0,59,0,73,0,86,0,172,0,22,0,6,2,25,0,1,2,3,0,7,0,3,0,1,0,104,0,50,0,22,2,26,0,0,0,3,0,1,0,8,1,53,0,17,3,0,39,71,1,0,0,0,0,2,0,50,0,0,0,0,0,0,0,0,0,0,0,0,0,0,0,1,0,0,0,0,0,0,0,23,0,36,0,8,9,284,0,0,0,18,3,349,3,60,4,66,8,68,7,444,0,10,0,247,1,31,0,2,4,38,0,6,0,6,5,149,0,0,0
3,2,6,0,0,1,16,1,4,2,0,0,0,0,0,0,6,0,0,0,15,0,0,0,3,0,0,0,0,0,2,0,5,0,0,0,23,0,0,0,0,0,0,0,0,0,0,0,14,0,5,0,70,1,89,6,0,0,89,4,5,0,0,0,24,4,57,26,0,0,0,0,0,0,0,0,0,0,2,0,0,0,0,0,0,0,0,0,0,0,0,0,0,0,1,0,0,0,0,0,0,0,0,0,0,0,0,0,0,0,0,0,0,0,1,1,0,0,0,0,0,0,0,0,3,0,5,0,32,0,10,0,12,0,6,0,9,0,12,0,0,0,0,0,12,1,0,0,3,0,1,0,0,0,113,2,91,0,63,0,151,5,23,0,0,0,12,0,14,0,55,0,8,0,9,5,8,0,1,0,20,4,0,0,12,17,1,0,0,0,0,0,0,0,0,0,0,0,0,0,0,0,0,0,0,0,0,0,8,0,61,0,26,0,225,5,0,0,23,1,212,2,185,1,111,0,89,3,309,0,22,0,202,3,119,3,6,1,146,0,20,0,49,0,286,1,0,0,0
0,0,0,13,0,0,5,24,4,10,0,3,0,0,0,0,0,34,0,0,0,0,0,7,0,43,0,0,0,7,0,0,0,0,0,2,0,1,0,0,0,0,0,0,0,0,0,0,0,0,0,2,0,118,2,114,0,0,5,27,0,15,0,38,0,10,4,28,0,3,0,0,0,0,0,0,0,0,0,0,0,0,0,0,0,0,0,1,0,0,0,0,0,0,0,0,0,1,0,0,0,0,0,0,0,0,0,0,0,0,0,0,0,0,2,0,0,0,0,0,0,0,0,0,0,13,0,10,0,44,0,76,0,53,0,28,0,92,0,26,0,4,0,17,0,0,0,0,0,0,0,0,0,1,2,191,0,22,2,88,1,56,0,20,0,0,0,0,0,12,0,87,0,1,0,10,3,8,0,0,0,8,0,0,0,27,0,0,0,0,0,0,0,0,0,0,0,0,0,0,0,1,0,0,0,0,0,0,0,11,0,0,0,13,1,202,0,0,0,16,0,311,0,69,0,66,4,36,0,612,0,6,2,122,1,114,0,0,1,10,0,0,0,0,1,114,0,0,0
0,0,5,0,0,0,3,1,40,14,0,0,0,0,0,0,1,0,0,0,3,0,0,0,1,0,2,0,0,0,1,0,5,0,5,0,23,0,0,0,0,0,0,0,0,0,0,0,11,0,13,0,13,2,24,12,89,5,0,10,10,0,1,0,107,0,99,37,0,0,0,0,0,0,0,0,0,0,0,0,0,0,0,0,0,0,0,0,0,0,0,0,0,0,0,0,0,0,0,0,0,0,0,0,0,0,0,0,0,0,0,0,0,0,1,0,0,0,0,0,0,0,0,0,5,0,0,0,0,0,16,0,0,0,0,0,0,0,0,0,0,0,0,0,0,0,2,0,6,0,0,0,0,0,31,0,87,3,2,0,50,0,0,0,0,0,15,0,0,0,21,0,3,0,0,3,55,2,0,0,12,4,0,0,33,24,0,0,0,0,0,0,0,0,0,0,0,0,0,0,0,0,0,0,0,0,0,0,0,0,0,1,0,0,133,2,0,0,7,0,86,0,58,0,46,0,53,0,92,0,8,0,81,3,20,0,8,0,58,0,16,0,16,0,167,0,0,0,0
1,0,0,0,0,0,11,23,14,58,0,0,0,0,0,0,0,0,0,0,0,0,0,4,0,15,0,0,0,0,0,0,0,0,0,0,0,1,0,0,0,0,0,0,0,0,0,0,0,0,0,1,4,2,9,33,4,27,10,0,0,0,0,0,3,124,13,156,0,2,0,0,0,0,0,0,0,0,0,0,0,0,0,0,0,0,0,0,0,0,0,0,0,0,0,0,0,0,0,0,0,0,0,0,0,0,0,0,0,0,0,0,0,0,1,0,0,0,0,0,0,0,0,0,0,10,0,0,0,3,0,38,0,7,0,0,0,17,2,0,0,0,0,0,0,5,0,0,0,14,0,1,0,2,0,9,0,23,0,3,0,35,0,6,0,0,0,0,0,0,0,0,0,0,0,12,0,5,0,0,0,0,0,0,0,96,0,0,0,0,0,0,0,0,0,0,0,0,0,0,0,0,0,0,0,0,0,0,0,0,0,0,0,7,2,166,0,0,0,13,2,211,0,49,1,24,0,44,1,233,0,3,3,141,0,160,0,0,0,33,0,1,0,4,3,156,0,0,0
118,4,57,0,1,0,272,4,153,1,0,0,0,0,0,0,10,1,0,0,5,0,6,0,15,3,2,0,11,0,0,0,0,0,1,0,81,0,11,0,0,0,0,0,0,0,0,0,4,0,0,0,29,0,35,5,5,0,10,0,0,0,21,0,0,1,0,0,0,0,6,0,2,0,2,0,0,0,0,0,0,0,0,0,1,0,0,0,0,0,0,0,0,0,0,0,0,0,0,0,0,0,0,0,0,0,0,0,0,0,0,0,0,0,0,0,0,0,0,0,7,0,0,0,0,0,0,0,0,0,0,0,1,0,0,0,8,0,154,0,69,0,22,0,367,0,0,0,9,0,0,0,6,0,12,0,137,0,8,0,0,0,3,0,0,0,1,0,6,0,70,0,33,0,3,0,44,0,0,0,0,0,5,1,14,2,0,0,0,0,0,0,0,0,0,0,0,0,0,0,2,0,0,0,0,0,0,0,0,0,0,0,4,0,36,0,0,0,9,0,35,0,27,0,25,0,83,0,54,0,5,0,14,0,0,1,3,0,13,0,0,0,12,0,19,0,0,0,0
0,441,0,113,0,0,0,129,0,93,0,0,0,0,0,3,0,37,0,0,0,4,0,7,0,48,0,0,0,3,0,0,0,0,0,6,0,31,0,4,0,0,0,0,0,0,0,0,0,0,0,0,0,37,3,34,0,15,0,0,0,0,0,94,0,0,0,0,0,0,0,0,0,0,0,1,0,0,0,0,0,0,0,0,0,0,0,0,0,0,0,0,0,0,0,0,0,0,0,0,0,0,0,0,0,0,0,0,0,0,0,0,0,0,0,0,0,0,0,0,0,1,0,2,0,0,0,1,0,0,0,3,0,12,0,4,0,36,0,72,0,42,0,40,0,123,0,0,0,5,0,7,0,0,0,8,0,88,0,6,0,0,0,0,0,0,0,0,0,2,0,6,0,14,0,0,2,47,0,1,0,0,0,6,0,31,0,0,0,0,0,0,0,0,0,0,0,0,0,0,0,0,0,0,0,0,0,0,0,2,0,0,0,0,0,20,0,0,0,3,0,29,0,5,0,5,0,75,0,32,0,0,0,6,1,0,0,0,1,2,0,0,0,0,1,5,0,0,0
166,14,125,4,0,0,294,15,206,14,1,0,0,0,0,0,331,2,4,0,19,0,14,0,55,11,0,0,70,0,4,0,6,0,1,0,28,0,13,0,0,0,0,0,0,0,0,0,0,0,0,0,85,0,47,16,0,0,1,0,21,0,0,3,0,0,0,0,0,0,12,0,0,0,7,0,0,0,0,0,42,0,0,0,32,0,14,0,7,0,0,0,1,0,0,0,18,0,50,0,0,0,3,0,0,0,0,0,0,0,0,0,0,0,0,0,0,0,0,0,25,0,41,0,0,0,0,0,6,0,0,0,0,0,0,0,25,0,104,0,63,0,71,0,62,0,0,0,12,0,2,0,0,0,46,0,9,0,16,0,1,0,0,0,0,0,0,0,2,0,8,0,28,0,2,0,29,5,0,0,0,0,3,0,12,0,0,0,0,0,0,0,0,0,0,0,0,0,0,0,7,0,0,0,0,0,0,0,0,0,5,0,0,0,13,0,0,0,4,0,7,0,6,0,11,0,107,0,14,1,9,0,18,1,2,0,0,0,9,0,6,0,15,0,33,0,0,0,0
14,325,17,79,0,0,16,219,6,138,0,0,0,0,0,8,0,415,0,20,0,71,6,123,25,152,0,7,0,40,0,16,0,28,0,14,0,63,2,24,0,0,0,1,0,0,0,0,0,0,0,0,3,106,6,98,0,38,0,0,0,94,3,0,0,0,0,0,0,0,0,0,0,2,0,0,0,0,0,0,0,0,0,0,0,79,0,0,0,10,0,5,0,0,0,1,0,11,0,0,0,6,0,0,0,0,0,0,0,0,0,0,0,0,0,0,0,0,0,0,0,7,0,0,0,5,0,9,1,25,0,0,0,72,0,71,0,129,0,111,0,45,0,148,0,130,0,0,0,0,0,0,0,0,0,75,0,76,0,28,1,7,0,0,0,0,0,0,0,2,0,1,1,4,0,0,0,40,0,1,0,0,0,19,0,0,0,0,0,0,0,0,0,0,0,0,0,0,0,0,0,0,0,0,0,0,0,0,0,11,0,4,0,0,1,13,0,0,0,0,0,21,0,4,0,10,0,106,1,38,1,8,4,26,1,0,0,0,0,4,0,0,0,1,1,6,0,0,0
17,0,4,0,4,0,32,0,48,0,6,0,2,0,1,0,0,0,0,0,0,0,1,0,0,0,0,0,0,0,0,0,0,0,0,0,3,0,0,0,1,0,0,0,0,0,0,0,0,0,0,0,0,0,8,0,24,0,107,3,0,0,0,0,0,2,97,3,0,0,0,0,0,0,0,0,0,0,0,0,0,0,0,0,0,0,0,0,0,0,0,0,0,0,0,0,0,0,0,0,0,0,0,0,0,0,0,0,0,0,0,0,0,0,0,1,0,0,0,0,0,0,0,0,2,0,0,0,0,0,5,0,0,0,0,0,0,0,0,5,0,0,0,0,10,1,5,0,30,0,4,0,3,0,0,1,1,0,0,2,115,0,1,0,0,0,1,0,1,0,0,0,2,0,36,8,5,0,0,0,38,3,1,0,14,2,0,0,0,0,0,0,0,0,0,0,0,0,0,0,0,0,0,0,0,0,0,0,0,0,3,0,0,0,15,0,0,0,0,0,0,0,8,0,3,0,4,0,8,0,0,0,22,0,32,2,0,0,11,0,0,0,4,0,22,0,0,0,0
0,110,0,17,0,7,0,52,0,226,0,10,0,0,0,22,0,0,0,21,0,2,0,0,0,0,0,0,0,3,0,0,0,8,0,1,0,4,0,0,0,0,0,0,0,0,0,0,0,1,0,0,0,3,0,30,4,10,0,124,1,0,0,0,2,0,2,239,0,0,0,3,0,0,0,0,0,0,0,0,0,0,0,0,0,0,0,0,0,0,0,0,0,0,0,0,0,0,3,0,0,0,0,0,0,0,0,0,0,0,0,0,0,0,0,0,0,0,0,0,3,2,0,0,0,23,0,20,11,5,26,155,0,0,0,0,0,22,19,0,0,0,0,0,19,12,0,47,14,282,0,17,0,23,2,0,0,0,26,1,21,256,0,0,0,0,0,0,0,0,0,0,0,1,11,138,0,1,0,0,2,85,0,3,0,73,0,0,0,0,0,0,0,0,0,0,0,0,0,4,0,0,0,0,0,0,0,8,0,37,0,0,0,0,0,0,0,0,0,0,0,0,0,0,0,0,0,25,0,35,0,0,0,15,0,111,0,0,0,8,0,0,0,5,0,30,0,0,0
7,0,3,0,1,0,62,0,31,0,1,0,0,0,3,0,0,0,0,0,1,0,0,0,1,0,0,0,0,0,0,0,2,0,0,0,0,0,0,0,0,0,0,0,0,0,0,0,0,0,0,0,10,0,22,6,57,4,99,13,0,0,0,0,97,2,0,18,0,0,0,0,0,0,0,0,0,0,0,0,0,0,0,0,0,0,0,0,0,0,0,0,0,0,0,0,0,0,0,0,0,0,0,0,0,0,0,0,0,0,0,0,0,0,1,0,0,0,0,0,0,0,0,0,4,0,0,0,2,0,19,0,0,0,0,0,0,0,0,0,0,0,0,0,0,0,0,0,2,0,0,0,0,0,3,1,7,0,0,0,54,1,0,0,0,0,0,0,2,0,2,0,3,0,7,0,156,0,0,0,45,13,0,0,86,52,0,0,0,0,0,0,0,0,0,0,0,0,0,0,0,0,0,0,0,0,0,0,0,0,0,0,2,0,48,0,0,0,3,0,25,0,16,0,7,0,12,0,21,0,2,0,45,0,23,0,0,0,19,0,0,0,7,0,60,0,0,0,0
0,11,1,2,0,4,12,32,8,31,0,0,0,1,0,0,0,0,0,0,0,2,0,0,0,0,0,0,0,0,0,0,0,0,0,0,0,0,0,0,0,2,0,0,0,0,0,0,1,1,0,0,3,0,15,39,26,28,37,156,0,0,0,0,3,239,18,0,0,0,0,0,0,0,0,0,0,0,0,0,0,0,0,0,0,0,0,0,0,0,0,0,0,0,0,0,0,0,0,0,0,0,0,0,0,0,0,0,0,0,0,0,0,0,1,0,0,0,0,0,0,0,0,0,0,6,0,2,0,0,0,59,0,3,0,0,0,0,0,0,0,0,0,0,2,2,0,4,0,24,0,4,1,2,3,8,0,19,3,0,7,25,0,2,0,0,0,0,1,1,0,6,0,0,0,42,11,76,0,0,1,85,0,0,5,651,0,0,0,0,0,0,0,0,0,0,0,0,0,0,0,0,0,0,0,0,0,0,0,2,0,0,0,14,1,170,0,0,1,10,2,190,0,40,1,18,5,47,1,158,0,0,2,152,2,216,1,3,2,25,0,8,0,4,0,181,0,0,0
0,0,1,0,0,0,0,0,0,0,0,0,0,0,0,0,5,0,0,0,0,0,0,0,0,0,0,0,0,0,0,0,0,0,0,0,0,0,0,0,0,0,0,0,0,0,0,0,0,0,0,0,0,0,1,0,0,0,0,0,0,0,0,0,0,0,0,0,0,0,0,0,0,0,0,0,16,0,0,0,4,0,7,0,2,0,4,0,0,0,2,0,0,0,2,0,4,0,1,0,0,0,5,0,11,0,1,0,11,0,0,0,0,0,0,0,0,0,0,0,6,0,5,0,0,0,0,0,0,0,0,0,0,0,12,0,0,0,0,0,0,0,2,0,0,0,1,0,0,0,0,1,0,0,1,0,0,0,0,0,0,0,0,0,1,0,0,0,23,0,0,0,0,0,0,0,0,0,0,0,0,0,0,0,0,0,0,0,13,0,5,0,22,0,3,0,3,0,0,0,9,0,19,0,14,0,0,0,0,0,0,0,3,0,16,0,31,0,4,0,0,0,37,0,9,0,0,0,6,0,0,0,0,0,0,0,2,0,2,0,14,0,4,0,0,0,0,0,0
0,5,0,0,0,3,0,0,0,3,0,0,0,0,0,0,0,9,0,0,0,0,0,0,0,2,0,0,0,0,0,0,0,0,0,0,0,2,0,0,0,0,0,0,0,0,0,0,0,0,0,0,0,0,0,0,0,3,0,2,0,0,0,0,0,0,0,0,0,0,0,0,0,4,0,0,0,21,0,0,0,0,0,0,0,1,0,26,0,1,1,2,0,0,0,1,0,0,0,0,0,1,0,0,0,5,0,1,0,0,0,0,0,0,0,0,0,0,0,0,0,5,0,0,0,0,0,0,0,0,0,0,0,0,0,20,0,0,0,1,0,5,0,0,0,0,0,0,0,0,0,4,0,2,0,0,0,0,0,1,0,0,0,0,0,1,0,0,0,102,0,6,0,2,0,0,0,0,0,0,0,0,0,0,0,0,0,0,0,30,0,8,0,17,0,19,0,2,0,8,0,18,0,24,0,15,0,8,0,3,0,2,0,3,0,3,0,39,0,2,0,5,1,60,0,15,0,6,0,44,0,1,0,0,0,7,0,0,0,6,0,0,0,1,0,0,0,0,0
0,0,0,0,0,0,0,0,0,0,0,0,0,0,0,0,74,0,0,0,36,0,0,0,0,0,0,0,43,0,0,0,13,0,9,0,92,0,0,0,0,0,0,0,0,0,0,0,0,0,5,0,3,0,0,0,0,0,0,0,6,0,12,0,0,0,0,0,0,0,0,0,329,0,323,0,43,0,171,0,5,0,0,0,0,0,25,0,1,0,0,0,0,0,0,0,0,0,0,0,0,0,0,0,0,0,0,0,0,0,0,0,0,0,0,0,0,0,0,0,39,0,11,0,2,0,12,0,0,0,1,0,0,0,4,0,0,0,0,0,27,0,42,0,166,0,11,0,4,0,14,0,13,0,0,0,9,0,0,1,0,0,89,0,0,0,9,0,24,1,54,0,17,0,34,6,0,0,0,0,26,0,0,0,0,0,1,0,0,0,0,0,0,0,0,0,0,0,0,0,15,0,0,0,0,0,0,0,14,0,0,0,0,0,0,0,0,0,2,0,8,0,0,0,5,0,0,0,15,0,0,0,1,0,0,0,0,0,0,0,1,0,3,0,0,0,0,0,0
0,0,0,0,0,0,0,0,0,1,0,0,0,1,0,0,0,7,0,0,0,25,0,0,0,0,0,6,0,9,0,0,0,0,0,3,0,26,0,3,0,0,0,1,0,0,0,0,0,0,0,2,0,0,0,0,0,0,0,0,0,0,0,0,0,3,0,0,0,0,0,0,0,364,0,172,0,29,0,147,0,2,0,0,0,0,0,28,0,0,0,0,0,0,0,0,0,0,0,0,0,0,0,0,0,0,0,0,0,0,0,0,0,0,0,0,0,0,0,0,0,23,0,31,0,57,0,35,0,10,0,12,0,41,0,35,0,34,0,0,1,49,0,10,0,99,0,39,0,7,1,60,0,18,0,0,0,2,3,0,0,1,0,57,0,0,0,0,0,9,0,6,0,4,5,14,0,0,0,0,4,11,0,0,0,0,0,0,0,0,0,0,0,0,0,0,0,5,0,0,0,4,0,0,0,0,0,23,0,25,0,0,0,0,0,0,0,0,0,0,0,3,0,0,0,0,0,10,0,15,0,0,0,0,0,6,0,0,0,11,0,0,0,3,0,6,0,0,0
0,0,0,0,0,0,0,0,0,0,0,0,0,0,0,0,0,0,0,0,3,0,0,0,0,0,0,0,0,0,0,0,0,0,0,0,0,0,0,0,0,0,0,0,0,0,0,0,0,0,0,0,0,0,0,0,0,0,0,0,2,0,0,0,0,0,0,0,0,0,329,0,0,0,172,0,110,0,161,0,0,0,0,0,0,0,3,2,0,0,0,0,3,0,0,0,0,0,0,0,0,2,0,0,4,0,11,0,0,0,0,0,0,0,0,0,0,0,0,0,74,0,10,0,10,0,19,0,9,0,10,0,17,0,50,0,13,0,0,0,17,0,96,0,56,2,26,4,0,0,41,0,9,0,1,0,0,0,1,0,0,0,54,0,2,0,5,0,12,0,16,0,2,0,0,0,0,0,0,0,24,7,0,0,0,0,0,0,0,0,0,0,0,0,0,0,0,0,18,0,42,0,0,0,0,0,0,0,37,0,0,0,2,0,0,0,0,0,0,0,1,0,4,0,5,0,0,0,7,0,0,0,0,0,19,3,3,0,91,0,17,0,67,0,17,0,0,0,0
