0,358,18,188,99,73,7,207,77,78,87,53,107,0,24,111,68,18,0,0,0,0,6,246,6,183,24,0,65,8,0,0,0,0,0,0,0,3,165,0,0,0,0,0,0,0,19,0,0,0,0,0,5,7,0,0,3,0,18,0,202,0,86,32,22,0,23,0,0,0,0,0,0,0,0,0,0,0,0,0,0,4,0,0,0,9,0,0,0,0,0,0,0,0,0,0,0,2,0,0,0,0,0,0,0,0,0,4,0,0,0,0,0,0,0,0,0,0,0,0,0,0,0,0,51,0,53,0,0,0,67,0,0,0,0,0,0,0,0,0,0,0,0,0,0,0,74,0,65,0,46,0,0,0,0,0,0,0,0,0,0,0,0,0,0,0,0,0,23,0,17,0,284,0,0,0,439,124,0,0,14,0,58,0,16,0,0,0,0,0,0,0,0,0,0,0,0,0,0,0,0,0,0,0,0,0,0,0,65,0,893,211,500,0,305,6,0,0,0,0,0,0,0,0,0
358,0,189,44,0,242,78,57,0,76,13,210,0,202,0,8,143,8,0,115,0,5,197,0,277,3,0,236,0,144,0,0,0,171,0,0,0,137,0,496,0,20,0,0,0,0,0,56,0,0,0,0,0,3,0,35,0,7,0,4,0,185,21,61,0,68,0,13,0,0,0,0,0,0,0,0,0,0,0,0,0,0,0,0,0,0,0,0,0,1,0,0,0,0,0,0,0,0,0,0,0,0,0,0,0,0,0,0,0,0,0,0,0,0,0,0,0,0,0,0,0,0,0,0,0,166,0,134,0,0,0,115,0,63,0,48,0,102,0,2,0,0,0,19,0,0,0,0,0,224,0,113,0,120,0,1,0,0,0,1,0,0,0,0,0,9,0,0,0,23,0,42,12,207,0,0,62,419,0,9,0,59,22,2,0,70,0,0,0,0,0,0,0,0,0,3,0,0,0,0,0,0,0,0,0,0,0,37,0,138,0,7,0,0,254,0,0,0,613,213,461,0,0,9,0
18,189,0,128,193,0,49,30,9,0,72,92,80,0,156,116,218,21,96,0,141,0,203,167,49,44,0,0,445,21,127,0,0,0,0,0,0,0,337,0,0,0,0,0,29,0,0,0,2,0,0,0,2,0,144,0,10,0,29,0,150,0,161,0,19,0,5,0,0,0,0,0,0,0,0,0,0,0,0,0,0,0,2,0,0,0,0,0,0,0,0,0,0,0,0,0,0,0,0,0,0,0,0,0,0,0,28,0,0,0,0,0,0,0,0,0,0,0,0,0,0,0,0,0,116,0,213,0,24,0,76,0,0,0,293,0,65,0,0,0,0,0,0,3,0,0,111,0,73,0,104,0,15,0,0,0,0,0,0,0,16,0,1,0,0,0,0,0,26,0,0,0,374,0,0,0,71,64,0,0,0,0,0,0,3,0,0,0,0,0,0,0,0,0,0,0,33,0,54,0,101,0,0,0,0,0,44,0,362,0,669,124,731,0,366,0,9,0,0,0,0,0,0,0,0
188,44,128,0,0,358,0,45,0,2,0,53,0,77,0,295,65,31,0,486,0,45,157,121,47,19,0,241,0,242,0,93,0,346,0,0,1,0,0,524,0,0,0,0,0,0,0,22,0,2,0,0,0,5,0,76,0,8,0,0,7,62,0,80,0,0,0,0,0,0,0,0,0,0,0,0,0,0,0,0,0,0,0,0,0,0,0,0,0,0,0,0,0,0,0,0,0,0,0,0,0,0,0,0,0,0,0,0,0,0,0,0,0,0,0,0,0,0,0,0,0,0,0,0,0,53,0,24,0,84,0,52,0,87,0,119,0,240,0,12,0,9,0,31,0,0,0,10,0,19,0,0,0,0,0,5,0,0,0,2,0,0,0,0,0,14,0,0,0,36,0,32,0,276,0,0,26,78,0,4,0,0,0,0,0,0,0,0,0,0,0,0,0,0,0,0,0,0,0,0,0,0,0,0,0,0,0,0,0,42,2,0,0,0,272,0,0,0,448,77,459,0,0,0,0
99,0,193,0,0,424,25,0,45,0,85,217,542,175,353,410,91,0,192,257,440,192,49,92,0,0,304,0,0,0,342,70,392,0,0,72,376,0,477,0,68,0,0,0,21,0,114,0,0,0,83,0,0,0,0,0,0,0,0,0,0,0,0,0,28,0,0,0,0,0,0,0,0,0,0,0,0,0,0,0,0,0,0,0,0,0,0,0,0,0,0,0,0,0,0,0,0,0,0,0,0,0,0,0,0,0,0,0,0,0,0,0,0,0,0,0,0,0,0,0,0,0,0,0,33,0,0,0,0,0,0,0,0,0,100,0,0,0,0,0,0,0,0,0,0,0,79,0,103,0,145,0,63,0,0,0,0,0,0,0,0,0,0,0,44,0,395,0,60,0,0,0,185,0,0,0,246,191,67,0,33,0,39,0,47,0,0,0,0,0,0,0,0,0,0,0,0,0,0,0,0,0,0,0,0,0,0,0,139,0,692,674,890,0,269,0,0,0,0,0,0,0,0,0,0
73,242,0,358,424,0,0,34,0,0,302,133,51,275,449,114,54,0,121,259,262,145,250,95,3,26,0,263,0,0,83,357,59,392,0,357,0,297,46,0,0,0,0,0,0,18,0,63,0,0,0,0,0,0,0,29,0,0,0,0,0,10,1,19,0,0,0,0,0,0,0,0,0,0,0,0,0,0,0,0,0,0,0,0,0,89,0,0,0,0,0,0,0,0,0,0,0,0,0,0,0,0,0,0,0,0,0,0,0,0,0,0,0,0,0,0,0,0,0,0,0,0,0,0,0,0,0,0,0,0,0,32,0,0,0,109,0,206,0,0,0,0,0,46,0,12,0,0,0,0,0,127,0,132,0,0,0,0,0,0,0,0,0,0,0,0,0,341,0,118,0,25,0,314,0,0,93,340,51,27,0,99,0,0,0,54,0,0,0,0,0,0,0,0,0,0,0,0,0,0,0,0,0,0,0,0,0,0,0,44,13,0,0,0,331,0,0,0,875,443,862,0,0,0,0
7,78,49,0,25,0,0,99,39,237,6,0,12,0,10,0,13,0,0,0,0,0,0,0,174,86,0,0,5,0,0,0,0,0,0,0,0,0,0,0,0,0,0,0,2,0,0,0,12,0,0,0,94,12,124,30,10,0,34,0,377,0,346,59,19,0,72,0,0,0,0,0,0,0,0,0,1,0,0,0,0,0,0,0,0,0,0,0,0,0,0,0,0,0,0,0,0,0,0,0,0,0,0,0,0,0,0,0,0,0,0,0,0,0,0,0,0,0,0,0,0,0,0,0,149,0,141,0,6,0,215,0,0,0,13,0,0,6,0,0,0,3,0,0,0,0,38,0,26,0,0,0,0,0,0,0,0,0,0,0,25,0,3,0,1,0,0,0,33,0,135,0,286,0,0,0,34,49,0,0,0,0,0,0,0,0,0,0,0,0,0,0,0,0,0,0,0,0,0,0,0,0,0,0,0,0,0,0,152,0,811,55,763,298,599,0,69,0,0,0,9,0,0,0,0
207,57,30,45,0,34,99,0,246,93,0,9,0,0,2,3,53,0,0,0,0,0,0,0,212,0,0,0,0,64,0,0,0,0,0,0,0,19,0,213,0,0,0,0,0,0,0,0,0,0,0,0,18,14,44,103,0,33,0,6,5,249,61,266,0,0,7,0,0,0,0,1,0,0,0,0,0,0,0,0,0,0,0,0,0,21,0,0,0,0,0,0,0,0,0,0,0,0,0,0,0,0,0,0,0,0,0,0,0,0,0,0,0,0,0,0,0,0,0,0,0,0,0,0,0,33,0,24,0,59,0,83,0,71,0,112,0,225,0,0,0,3,0,0,0,0,0,0,0,13,0,9,0,0,0,9,0,0,0,0,0,0,0,0,0,18,0,3,0,27,0,68,0,76,0,0,41,86,0,0,0,0,6,0,0,2,0,0,0,0,0,0,0,0,0,0,0,0,0,0,0,0,0,0,0,0,0,7,0,57,0,0,0,0,427,0,0,0,658,142,528,0,0,0,0
77,0,9,0,45,0,39,246,0,660,61,0,30,0,12,0,8,0,10,0,0,0,0,1,0,111,22,0,0,0,0,0,0,0,0,0,0,0,0,0,9,0,2,0,0,0,7,0,4,0,0,0,40,76,24,233,4,17,104,83,195,12,97,86,165,0,216,135,0,0,0,0,0,0,0,0,0,0,0,0,0,0,0,0,0,10,0,0,0,0,0,0,0,0,0,0,0,0,0,1,0,0,0,0,0,0,0,0,0,0,0,0,0,0,0,0,0,0,0,0,0,0,0,0,77,0,28,0,0,0,101,0,0,0,6,0,0,0,0,0,0,0,0,0,0,0,79,0,150,0,76,0,21,0,0,2,0,0,0,0,7,0,0,0,0,0,0,0,15,0,117,0,115,0,0,0,465,74,0,0,0,0,8,0,111,12,1,0,0,0,0,0,0,0,0,0,0,0,8,0,0,0,0,0,0,0,0,0,58,0,525,124,305,0,246,0,0,0,0,6,0,0,0,0,0
78,76,0,2,0,0,237,93,660,0,0,39,0,0,0,0,18,0,0,0,0,0,0,0,254,4,0,19,0,0,0,0,0,0,0,0,0,0,0,0,0,0,0,0,0,0,0,0,0,0,0,0,81,70,291,44,0,17,104,28,0,194,106,225,0,186,24,65,0,0,0,0,0,0,0,0,0,0,0,0,0,0,0,0,0,20,0,0,0,0,0,0,0,0,0,0,0,1,0,2,0,0,0,0,0,0,0,0,0,0,0,0,0,0,0,0,0,0,0,0,0,0,0,0,0,87,0,62,0,0,0,74,0,45,0,21,0,25,0,0,0,1,0,11,0,0,0,44,0,218,0,41,0,21,0,3,1,25,0,1,0,3,0,0,0,8,0,0,0,9,0,45,0,16,0,0,151,269,0,0,0,0,0,1,0,46,0,0,0,0,0,0,0,0,0,0,0,3,0,0,0,0,0,0,0,0,0,0,0,54,0,0,17,0,343,0,0,0,497,154,292,211,68,0,0
87,13,72,0,85,302,6,0,61,0,0,147,393,29,23,369,35,2,18,86,90,127,5,94,0,0,44,0,0,4,0,41,148,19,0,0,140,13,223,2,14,0,0,0,0,0,47,0,0,0,16,0,0,0,1,0,0,0,0,0,0,0,0,0,7,0,2,0,0,0,0,0,0,0,0,0,0,0,0,0,0,0,0,0,0,0,0,0,0,0,0,0,0,0,0,0,0,0,0,0,0,0,0,0,0,0,0,0,0,0,0,0,0,0,0,0,0,0,0,0,0,0,0,0,0,0,0,0,0,0,3,0,0,0,5,0,0,0,0,0,0,0,0,0,0,0,41,0,55,0,84,0,0,0,0,0,0,0,0,0,0,0,0,0,0,0,141,5,0,0,0,0,67,0,9,0,247,121,51,0,56,0,46,0,29,0,0,0,0,0,0,0,0,0,0,0,0,0,0,0,0,0,0,0,0,0,8,0,65,0,177,282,209,0,34,3,0,0,0,0,20,0,0,0,0
53,210,92,53,217,133,0,9,0,39,147,0,15,456,245,10,32,8,56,61,123,49,227,28,8,4,0,248,0,0,41,125,18,278,0,165,0,210,0,105,0,84,0,0,0,15,0,122,0,0,0,0,0,0,0,0,0,0,0,0,0,8,0,0,0,22,0,0,0,0,0,0,0,0,0,3,0,0,0,0,0,0,0,0,0,37,0,0,0,0,0,0,0,0,0,0,0,0,0,0,0,0,0,0,0,0,0,0,0,0,0,0,0,0,0,0,0,0,0,0,0,0,0,0,0,0,0,51,0,0,0,28,0,28,0,0,0,57,0,0,0,0,0,0,0,0,0,0,0,72,0,187,0,305,0,0,0,0,0,0,0,0,0,0,0,0,0,93,0,39,0,6,2,138,0,172,48,312,11,108,0,180,0,26,0,127,0,6,0,0,0,2,0,0,0,0,0,0,0,5,0,0,0,0,0,0,0,10,0,39,0,0,16,0,162,0,0,0,452,322,348,0,9,0,0
107,0,80,0,542,51,12,0,30,0,393,15,0,308,72,0,0,0,120,309,131,91,0,0,0,0,349,713,0,0,30,0,15,1,242,35,53,0,0,0,141,143,208,169,71,42,187,208,3,7,534,153,0,0,0,0,0,0,0,0,0,0,0,0,0,0,0,0,0,0,0,0,0,0,0,0,0,0,0,0,0,0,0,0,0,0,0,0,0,0,0,0,0,0,0,0,0,0,0,0,0,0,0,0,0,0,0,0,0,0,0,0,0,0,0,0,0,0,0,0,0,0,0,0,0,0,0,0,0,0,0,0,0,0,0,0,0,0,0,0,0,0,0,0,0,0,0,0,0,0,0,0,11,0,0,0,0,0,0,0,0,0,0,0,63,0,54,5,0,0,0,0,0,0,0,0,191,63,122,0,9,0,40,0,0,0,553,0,0,0,0,0,0,0,0,0,0,0,10,0,0,0,0,0,0,0,0,0,0,0,56,394,137,14,17,0,0,0,0,0,0,0,0,0,0
0,202,0,77,175,275,0,0,0,0,29,456,308,0,107,0,0,0,714,131,404,72,0,0,0,5,139,235,0,0,31,8,0,0,0,392,24,143,0,0,0,168,52,222,0,41,6,198,0,4,97,467,0,0,0,0,0,0,0,2,0,0,0,0,0,0,0,0,0,0,0,0,0,0,0,0,0,0,0,0,0,0,0,0,0,0,0,0,0,0,0,0,0,0,0,0,0,0,0,0,0,0,0,0,0,0,0,0,0,0,0,0,0,0,0,0,0,0,0,0,0,0,0,0,0,0,0,0,0,0,0,0,0,0,0,0,0,0,0,0,0,0,0,0,0,0,0,0,0,0,0,0,0,85,0,0,0,0,0,0,0,0,0,0,0,0,0,34,0,56,0,0,0,0,0,62,74,469,14,31,0,64,0,8,0,0,30,70,0,0,0,0,0,0,0,0,0,0,0,0,0,0,0,0,0,0,0,0,0,0,0,0,0,0,54,0,0,0,0,300,407,0,0,0,0
24,0,156,0,353,449,10,2,12,0,23,245,72,107,0,395,70,0,191,196,376,201,300,80,29,0,201,0,41,0,275,87,190,22,0,72,104,48,133,0,15,0,0,0,25,0,33,8,0,0,0,0,0,0,40,0,0,0,0,0,0,0,1,0,16,0,0,0,0,0,0,0,0,0,0,0,0,0,0,0,0,0,0,0,0,0,0,0,0,0,145,0,0,0,0,0,499,0,0,0,0,0,0,0,0,0,156,0,0,0,0,0,0,0,0,0,0,0,0,0,0,0,0,0,0,0,0,0,0,0,0,1,0,0,365,0,106,0,0,0,0,0,312,0,0,0,38,0,49,0,71,0,18,0,3,0,0,0,0,0,0,0,0,0,12,0,168,0,50,0,0,0,36,0,0,0,105,112,37,0,0,0,9,0,20,0,0,0,0,0,0,0,0,0,3,0,13,0,0,0,286,0,0,0,0,0,0,0,94,0,113,101,260,0,46,0,0,0,0,0,0,0,0,0,0
111,8,116,295,410,114,0,3,0,0,369,10,0,0,395,0,55,61,0,373,185,216,270,220,14,62,0,75,0,0,94,317,62,121,0,51,0,57,47,47,0,0,0,0,0,3,0,4,0,0,0,0,0,0,0,21,0,0,0,0,3,0,0,92,0,0,0,0,0,0,0,0,0,0,0,0,0,0,0,0,0,9,0,0,0,0,0,0,0,0,0,0,0,0,0,0,0,0,0,0,0,0,0,0,0,0,0,0,0,0,0,0,0,0,0,0,0,0,0,0,0,0,0,0,0,0,0,0,0,0,0,7,0,0,0,127,0,220,0,0,0,0,0,91,0,0,0,0,0,0,0,0,0,0,0,20,0,0,0,0,0,0,0,0,0,0,0,142,0,32,0,2,0,103,0,0,39,47,44,7,0,0,0,0,0,0,0,0,0,0,0,0,0,0,0,0,0,0,0,0,0,0,0,0,0,0,0,0,0,0,0,0,25,0,48,0,0,0,155,137,157,0,0,0,0
68,143,218,65,91,54,13,53,8,18,35,32,0,0,70,55,0,7,135,0,194,0,114,94,73,39,84,0,184,9,135,0,24,7,41,0,5,0,47,0,0,0,3,0,0,0,0,0,0,0,0,0,83,0,52,0,7,0,0,0,14,0,180,5,0,0,0,0,0,0,0,0,0,0,0,0,0,0,0,0,0,0,0,0,253,0,21,0,0,0,116,0,0,0,0,0,698,0,359,0,0,0,0,0,0,0,123,2,0,0,0,0,0,0,0,0,0,0,0,0,0,0,29,0,0,0,0,0,253,0,0,0,40,0,326,0,624,3,119,0,75,0,1094,0,0,0,0,0,0,0,7,0,0,0,38,0,1,0,34,0,11,0,0,0,0,0,0,0,0,0,0,0,31,0,0,0,20,15,0,0,0,0,6,0,0,0,0,0,0,0,0,0,0,0,0,0,0,0,0,0,142,0,0,0,0,0,0,0,0,0,30,217,41,0,0,0,1,0,0,0,0,0,0,0,0
18,8,21,31,0,0,0,0,0,0,2,8,0,0,0,61,7,0,0,73,0,229,17,199,5,105,0,0,0,239,0,51,0,43,0,0,0,0,0,121,0,0,0,0,0,0,0,0,0,0,0,0,0,15,2,21,0,57,0,0,0,0,0,189,0,0,0,0,0,0,0,0,0,1,0,0,0,0,0,0,0,0,0,0,0,55,0,10,0,0,0,0,0,0,0,0,0,0,0,0,0,0,0,0,0,0,0,0,0,0,0,0,0,0,0,0,0,0,0,0,0,0,0,0,1,0,0,0,0,88,0,0,0,58,0,121,0,279,2,98,0,25,0,141,0,0,0,0,0,0,0,0,0,0,0,44,0,0,0,37,0,9,0,0,0,0,0,0,0,0,0,7,0,27,0,0,0,0,0,0,0,0,0,0,0,0,0,0,0,0,0,0,0,0,0,0,0,0,0,0,0,0,0,0,0,0,0,0,0,0,1,0,0,0,0,0,0,0,0,40,0,0,0,0,0
0,0,96,0,192,121,0,0,10,0,18,56,120,714,191,0,135,0,0,526,357,193,185,0,0,0,222,670,2,0,122,0,64,0,488,134,207,74,0,0,7,53,23,29,26,0,18,46,0,0,230,79,2,0,0,0,0,0,0,0,0,0,0,0,0,0,0,0,0,0,0,1,0,0,45,0,0,0,0,0,0,0,0,0,0,0,0,0,0,0,0,0,0,0,0,0,0,0,0,0,0,0,0,0,0,0,0,0,0,0,0,0,0,0,0,0,0,0,0,0,153,0,89,0,0,0,0,0,0,0,0,0,0,0,0,0,0,0,0,0,0,0,302,0,20,0,18,0,0,0,0,0,16,0,0,0,0,0,0,0,0,0,0,0,70,10,95,0,0,0,0,0,9,0,0,0,61,92,47,0,0,2,14,0,10,0,178,0,0,0,0,0,0,0,0,0,0,0,0,0,0,0,0,0,0,0,0,0,18,0,81,277,214,0,0,0,0,0,0,0,0,0,0,0,0
0,115,0,486,257,259,0,0,0,0,86,61,309,131,196,373,0,73,526,0,311,238,0,142,0,0,49,284,0,0,0,290,19,0,65,447,0,170,0,0,0,13,0,18,0,23,0,24,0,0,74,124,0,0,0,0,0,0,0,2,0,0,0,151,0,11,0,0,0,0,0,0,0,0,0,0,0,0,0,0,0,0,0,0,0,648,0,0,0,0,0,0,0,0,0,0,0,0,0,0,0,0,0,0,0,0,0,0,0,0,0,0,0,0,0,0,0,0,0,0,0,0,0,0,0,0,0,0,0,0,0,0,0,0,0,317,0,658,0,0,0,0,0,699,0,0,0,0,0,0,0,0,0,0,0,0,0,0,0,0,0,0,0,7,0,54,0,66,0,70,0,7,0,18,0,0,45,84,32,0,0,42,0,0,0,37,4,30,0,0,0,0,0,0,0,0,0,0,0,0,0,0,0,0,0,0,0,0,0,0,0,0,11,0,72,0,0,0,177,265,215,0,0,0,0
0,0,141,0,440,262,0,0,0,0,90,123,131,404,376,185,194,0,357,311,0,175,173,55,0,0,225,475,40,0,96,43,22,14,78,87,24,50,0,0,0,89,6,0,24,0,5,84,2,0,26,70,0,0,0,0,0,0,0,0,0,0,8,0,0,0,0,0,0,0,0,0,0,0,0,0,0,0,0,0,85,0,0,0,418,0,50,0,0,0,0,0,0,0,0,0,630,0,0,0,0,0,0,0,0,0,0,0,0,0,0,0,0,0,0,0,0,0,0,0,222,0,0,0,0,0,0,0,0,0,0,0,0,0,0,0,0,0,0,0,88,0,586,0,0,0,0,0,0,0,0,0,0,0,0,0,0,0,0,0,0,0,0,0,77,0,100,16,74,0,0,0,12,1,0,0,45,37,49,0,0,0,0,0,4,0,61,3,0,0,0,0,0,0,0,0,0,0,0,0,0,0,0,0,0,0,0,0,0,0,154,388,207,39,51,0,0,0,0,0,0,0,0,0,0
0,5,0,45,192,145,0,0,0,0,127,49,91,72,201,216,0,229,193,238,175,0,35,353,0,0,10,126,0,77,36,89,27,0,21,95,13,66,0,0,0,28,0,1,0,49,0,0,0,12,14,24,0,15,0,0,0,0,0,0,0,3,0,114,0,0,0,0,0,0,0,0,0,0,0,0,0,0,0,0,0,0,0,0,0,300,0,14,0,0,0,0,0,0,0,0,0,15,0,0,0,0,0,0,0,0,0,0,0,0,0,0,0,0,0,0,0,0,0,0,0,0,0,0,0,0,0,0,0,0,0,0,0,0,0,103,0,415,0,0,0,243,0,675,0,20,0,0,0,0,0,0,0,0,0,0,0,0,0,0,0,0,0,0,0,35,0,10,0,33,0,0,1,10,0,0,11,29,10,17,0,0,0,1,0,0,0,24,0,0,0,0,0,0,0,0,0,0,0,0,0,0,0,0,0,0,0,0,0,0,0,0,0,0,53,0,0,0,189,454,103,0,0,0,0
6,197,203,157,49,250,0,0,0,0,5,227,0,0,300,270,114,17,185,0,173,35,0,385,56,34,185,0,85,24,45,36,10,46,0,0,0,14,50,15,0,0,0,0,0,0,30,1,0,0,0,0,0,0,148,0,0,0,0,0,19,0,34,0,0,0,0,0,0,0,0,0,0,0,0,0,0,0,0,0,0,0,0,0,0,0,5,0,0,0,118,0,0,0,0,0,291,0,0,0,0,0,0,0,0,0,0,0,0,0,0,0,0,0,0,0,0,0,0,0,0,0,0,0,0,0,0,0,0,0,0,0,0,0,697,0,282,0,0,0,0,0,403,0,0,0,0,0,0,0,0,0,0,0,1,0,0,0,0,0,0,0,0,0,0,0,0,0,0,0,0,0,58,0,0,0,59,65,0,0,0,0,0,0,1,0,0,0,0,0,0,0,0,0,0,0,0,0,0,0,316,0,0,0,0,0,0,0,89,0,91,258,100,0,0,0,0,0,0,0,0,0,0,0,0
246,0,167,121,92,95,0,0,1,0,94,28,0,0,80,220,94,199,0,142,55,353,385,0,39,105,0,47,0,348,19,100,0,170,0,34,2,0,42,272,0,0,0,0,0,0,0,0,0,0,0,0,0,10,0,17,0,12,0,0,2,0,0,116,0,0,0,0,0,0,0,0,0,0,0,0,0,0,0,0,0,0,0,0,0,57,0,0,0,0,0,1,0,0,0,0,0,8,0,0,0,0,0,0,0,0,0,0,0,0,0,0,0,0,0,0,0,0,0,0,0,0,0,0,0,0,0,0,0,0,0,0,0,17,0,74,0,135,0,0,0,0,0,80,0,0,0,0,0,0,0,0,0,0,0,19,0,0,0,0,0,0,0,0,0,0,0,14,0,7,0,12,5,84,0,0,13,43,0,29,0,0,18,0,0,0,0,1,0,0,0,0,0,0,0,0,0,0,0,0,0,0,0,0,0,0,0,0,0,0,0,0,0,0,52,0,0,0,101,139,167,0,0,0,0
6,277,49,47,0,3,174,212,0,254,0,8,0,0,29,14,73,5,0,0,0,0,56,39,0,130,0,0,59,0,3,0,0,2,0,0,1,0,7,0,0,0,0,0,0,0,0,0,0,0,0,0,30,10,101,20,6,0,0,0,84,0,269,67,0,0,0,4,0,0,0,0,0,0,0,0,0,0,0,0,0,0,0,0,0,17,0,4,0,0,18,0,0,0,0,0,0,0,0,0,0,0,0,0,0,0,11,0,0,0,0,0,0,0,0,0,0,0,0,0,0,0,0,0,0,0,0,0,50,0,8,0,29,0,244,6,115,6,0,0,0,0,75,7,0,0,0,0,0,0,0,0,0,0,2,0,0,0,5,0,10,0,0,0,0,0,0,0,3,0,10,0,66,0,0,0,12,30,0,0,0,0,5,0,0,0,0,0,0,0,0,0,0,0,0,0,4,0,23,0,62,1,0,0,0,0,0,0,76,0,85,68,109,37,56,0,0,0,4,0,0,0,0,0,0
183,3,44,19,0,26,86,0,111,4,0,4,0,5,0,62,39,105,0,0,0,0,34,105,130,0,0,0,0,195,0,0,0,0,0,0,0,0,0,256,0,0,0,0,0,0,0,0,0,0,0,0,7,18,9,37,0,9,0,0,12,126,31,471,0,0,0,0,0,0,0,0,0,0,0,0,0,0,0,0,0,0,0,0,0,7,0,0,0,0,0,0,0,0,0,0,0,0,0,0,0,0,0,0,0,0,0,0,0,0,0,0,0,0,0,0,0,0,0,0,0,0,0,2,0,0,0,0,0,47,0,5,0,18,0,27,0,51,0,0,0,3,0,0,0,0,0,0,0,0,0,1,0,0,0,7,0,0,0,0,0,4,0,2,0,9,0,0,0,14,0,79,0,160,0,0,11,0,0,0,0,0,0,5,0,0,0,0,0,0,0,0,0,0,0,0,0,0,0,0,0,0,0,0,0,0,0,0,0,0,0,0,0,0,369,0,0,0,470,72,527,0,0,0,0
24,0,0,0,304,0,0,0,22,0,44,0,349,139,201,0,84,0,222,49,225,10,185,0,0,0,0,495,25,0,37,0,24,0,36,0,196,0,0,0,69,180,167,194,46,0,175,379,28,13,271,111,0,0,0,0,8,0,0,0,0,0,0,0,0,0,0,0,17,0,110,0,0,0,0,0,0,0,0,0,0,0,0,0,571,0,0,0,0,0,0,0,0,0,0,0,612,0,0,0,0,0,0,0,0,0,0,0,0,0,0,0,0,0,0,0,0,0,0,0,368,0,0,0,0,0,0,0,0,0,0,0,0,0,0,0,0,0,0,0,0,0,0,0,0,0,0,0,0,0,70,0,0,0,0,0,0,0,0,0,0,0,0,0,140,0,27,0,80,0,0,0,0,0,0,0,0,42,22,0,0,0,49,0,0,0,238,0,0,0,0,0,0,0,0,0,0,0,0,0,0,0,0,0,0,0,0,0,0,0,0,521,317,0,0,0,0,13,0,0,0,0,0,0,0
0,236,0,241,0,263,0,0,0,19,0,248,713,235,0,75,0,0,670,284,475,126,0,47,0,0,495,0,0,0,0,26,0,0,101,130,12,72,0,0,75,53,224,198,0,80,0,53,0,42,262,372,0,0,0,0,0,0,0,0,0,0,0,63,0,0,0,0,0,0,0,14,0,0,0,0,0,0,0,0,0,0,0,0,0,904,0,0,0,0,0,0,0,0,0,0,0,0,0,92,0,0,0,0,0,0,0,0,0,0,0,0,0,0,0,0,0,0,0,0,0,0,0,0,0,0,0,0,0,0,0,0,0,0,0,0,0,529,0,0,0,188,0,992,0,0,0,0,0,0,0,0,0,180,0,0,0,0,0,0,0,0,0,0,0,137,0,32,0,111,0,0,0,0,0,0,44,227,0,32,0,119,0,0,0,54,84,55,0,0,0,0,0,0,0,0,0,0,0,0,0,0,0,0,0,0,0,0,0,0,0,0,0,0,99,0,0,0,198,749,453,0,0,0,4
65,0,445,0,0,0,5,0,0,0,0,0,0,0,41,0,184,0,2,0,40,0,85,0,59,0,25,0,0,0,57,5,40,0,92,0,58,0,14,0,0,0,27,0,0,0,0,0,0,0,27,0,5,0,0,0,0,0,0,0,6,0,14,0,0,0,0,2,0,0,14,0,0,0,16,0,0,0,0,0,40,0,0,0,209,0,0,0,0,0,0,0,0,0,0,0,201,0,363,0,0,0,0,0,0,0,0,0,0,0,0,0,0,0,0,0,0,0,0,0,120,0,83,0,0,0,0,0,27,0,0,0,0,0,0,0,119,0,135,0,181,0,446,0,0,0,0,0,0,0,0,0,0,0,4,0,0,0,0,0,0,0,0,0,0,0,0,0,0,0,0,0,0,0,0,0,20,0,0,0,0,0,0,0,0,0,0,0,0,0,0,0,0,0,0,0,0,0,0,0,0,0,0,0,0,0,0,0,0,0,20,80,4,0,0,0,0,0,0,0,0,0,0,0,0
8,144,21,242,0,0,0,64,0,0,4,0,0,0,0,0,9,239,0,0,0,77,24,348,0,195,0,0,0,0,0,167,0,25,0,339,0,6,6,5,0,0,0,26,0,0,0,0,0,0,0,18,0,16,0,40,0,18,0,0,0,3,0,93,0,0,0,0,0,0,0,0,0,0,0,0,0,0,0,0,0,0,0,0,0,61,0,0,0,0,0,0,0,0,0,0,0,0,0,0,0,5,0,0,0,0,0,0,0,0,0,0,0,0,0,0,0,0,0,0,0,0,0,0,0,0,0,0,0,0,0,0,0,31,0,59,0,264,0,230,0,139,0,237,0,4,0,0,0,0,0,0,0,0,0,24,0,0,0,35,0,0,0,0,0,0,0,0,0,0,0,0,0,0,0,0,0,14,0,21,0,0,0,1,0,0,0,0,0,0,0,0,0,0,0,0,0,0,0,0,0,8,0,0,0,0,0,0,0,0,0,0,0,0,0,0,0,0,0,196,6,0,0,0,0
0,0,127,0,342,83,0,0,0,0,0,41,30,31,275,94,135,0,122,0,96,36,45,19,3,0,37,0,57,0,0,14,9,0,186,0,15,0,2,0,0,0,11,0,0,0,0,0,0,0,9,0,1,0,0,0,0,0,0,0,0,0,10,0,0,0,0,0,0,0,14,0,0,0,0,0,0,0,0,0,39,0,0,0,0,0,0,0,0,0,0,0,0,0,0,0,0,0,0,0,0,0,0,0,0,0,0,0,0,0,0,0,0,0,0,0,0,0,0,0,99,0,0,0,0,0,0,0,0,0,0,0,0,0,0,0,0,0,0,0,0,0,187,0,0,0,0,0,0,0,0,0,0,1,0,0,0,0,0,0,0,0,0,0,15,0,76,0,0,0,0,0,8,0,0,0,0,0,56,0,0,0,0,0,2,0,0,0,0,0,0,0,0,0,0,0,0,0,0,0,0,0,0,0,0,0,0,0,0,0,71,198,96,0,29,0,0,0,0,0,0,0,0,0,0
0,0,0,93,70,357,0,0,0,0,41,125,0,8,87,317,0,51,0,290,43,89,36,100,0,0,0,26,5,167,14,0,6,4,0,99,0,5,0,8,0,0,0,16,0,0,0,0,0,0,0,65,0,0,0,0,0,0,0,0,0,0,0,38,0,0,0,0,0,0,0,0,0,0,0,0,0,0,0,0,0,0,0,0,0,62,0,0,0,0,0,0,0,0,0,0,0,0,0,0,0,0,0,0,0,0,0,0,0,0,0,0,0,0,0,0,0,0,0,0,0,0,0,0,0,0,0,0,0,0,0,0,0,0,0,0,0,0,0,0,0,92,0,178,0,0,0,0,0,0,0,0,0,0,0,0,0,0,0,0,0,2,0,0,0,0,0,30,0,0,0,0,0,15,0,0,0,0,5,32,0,0,0,0,0,0,0,0,0,0,0,0,0,0,0,0,0,0,0,0,0,0,0,0,0,0,0,0,0,0,0,0,0,0,32,0,0,0,134,180,72,0,0,0,0
0,0,0,0,392,59,0,0,0,0,148,18,15,0,190,62,24,0,64,19,22,27,10,0,0,0,24,0,40,0,9,6,0,1,41,8,69,0,0,0,0,0,0,0,0,0,3,0,0,0,7,0,0,0,0,0,0,0,0,0,0,0,3,0,0,0,0,0,5,0,18,0,0,0,0,0,0,0,0,0,0,0,0,0,53,0,17,0,0,0,0,0,0,0,0,0,0,0,160,0,0,0,0,0,0,0,0,0,0,0,0,0,0,0,0,0,0,0,0,0,60,0,0,0,0,0,0,0,0,0,0,0,0,0,0,0,0,0,0,0,0,0,0,0,21,0,0,0,0,0,0,0,0,0,0,0,0,0,0,0,0,0,0,0,0,0,56,0,0,0,7,0,6,0,0,0,40,6,73,0,0,0,0,0,0,0,0,0,0,0,0,0,0,0,0,0,0,0,0,0,0,0,0,0,0,0,0,0,0,0,28,177,64,8,26,0,0,0,0,0,0,0,0,0,0
0,171,0,346,0,392,0,0,0,0,19,278,1,0,22,121,7,43,0,0,14,0,46,170,2,0,0,0,0,25,0,4,1,0,0,9,0,32,6,3,0,0,0,0,0,0,0,0,0,0,0,0,0,1,0,0,0,0,0,0,0,2,0,24,0,0,0,0,0,0,0,0,0,0,0,0,0,0,0,0,0,0,0,0,0,0,0,0,0,0,0,0,0,0,0,0,0,0,0,0,0,0,0,0,0,0,0,0,0,0,0,0,0,0,0,0,0,0,0,0,0,0,0,0,0,0,0,0,0,0,0,0,0,0,0,69,0,122,0,72,0,84,0,89,0,16,0,0,0,0,0,0,0,0,0,0,0,0,0,0,0,0,0,0,0,0,0,27,0,0,0,0,0,13,0,0,0,43,0,151,0,0,0,0,0,5,0,0,0,0,0,0,0,0,0,0,0,0,0,1,0,0,0,0,0,0,0,0,0,0,0,0,0,0,0,0,0,0,35,255,52,0,0,0,0
0,0,0,0,0,0,0,0,0,0,0,0,242,0,0,0,41,0,488,65,78,21,0,0,0,0,36,101,92,0,186,0,41,0,0,0,44,0,5,0,0,0,2,0,0,0,0,0,3,0,40,0,0,0,0,0,0,0,0,0,0,0,0,0,0,0,2,0,0,0,0,0,0,0,0,0,0,0,0,0,0,0,0,0,0,0,0,0,0,0,0,0,0,0,0,0,0,0,164,0,0,0,0,0,0,0,0,0,0,0,0,0,0,0,0,0,0,0,0,0,0,0,0,0,0,0,0,0,0,0,0,0,0,0,0,0,0,0,0,0,0,0,0,0,0,0,0,0,0,0,0,0,0,0,0,0,0,0,0,0,0,0,0,0,75,0,67,0,0,0,0,0,7,0,0,0,17,0,34,0,0,0,0,0,0,0,0,0,0,0,0,0,0,0,0,0,0,0,0,0,0,0,0,0,0,0,0,0,0,0,0,134,130,0,0,2,0,0,0,0,0,0,0,0,0
0,0,0,0,72,357,0,0,0,0,0,165,35,392,72,51,0,0,134,447,87,95,0,34,0,0,0,130,0,339,0,99,8,9,0,0,0,256,0,24,0,19,11,2,0,19,0,0,0,0,0,52,0,0,0,0,0,0,0,0,0,5,0,23,0,0,0,0,0,0,0,8,0,0,0,0,0,0,0,0,0,0,0,0,0,252,0,0,0,0,0,0,0,0,0,0,0,0,0,0,0,0,0,0,0,0,0,0,0,0,0,0,0,0,0,0,0,0,0,0,0,0,0,0,0,0,0,0,0,0,0,0,0,0,0,0,0,0,0,0,0,274,0,414,0,0,0,0,0,0,0,0,0,0,0,0,0,0,0,0,0,0,0,0,0,89,3,104,0,46,0,0,0,20,0,0,10,123,0,16,0,0,0,0,0,0,0,128,0,0,0,0,0,0,0,0,0,0,0,0,0,0,0,0,0,0,0,0,0,0,0,0,0,0,33,0,0,0,95,262,249,12,0,0,0
0,0,0,1,376,0,0,0,0,0,140,0,53,24,104,0,5,0,207,0,24,13,0,2,1,0,196,12,58,0,15,0,69,0,44,0,0,0,78,0,0,0,41,0,41,0,0,0,0,0,154,0,0,0,0,0,0,0,11,0,39,0,3,0,0,0,3,0,0,0,98,0,0,0,70,0,0,0,0,0,67,0,0,0,118,0,48,0,0,0,0,0,0,0,0,0,0,0,386,0,8,0,0,0,0,0,0,0,0,0,0,0,0,0,0,0,0,0,0,0,224,0,0,0,0,0,0,0,6,0,0,0,0,0,0,0,0,0,88,0,109,0,111,0,134,0,0,0,0,0,0,0,0,0,0,0,10,0,0,0,0,0,77,0,18,0,50,0,25,0,37,0,50,0,0,0,28,14,58,0,0,0,0,0,0,0,2,0,0,0,0,0,5,0,0,0,0,0,0,0,0,0,0,0,0,0,0,0,0,0,18,85,74,0,0,0,0,0,0,0,0,0,0,0,0
3,137,0,0,0,297,0,19,0,0,13,210,0,143,48,57,0,0,74,170,50,66,14,0,0,0,0,72,0,6,0,5,0,32,0,256,0,0,0,19,0,0,0,69,0,9,0,4,0,0,0,59,0,0,0,0,0,0,0,0,0,23,0,19,0,0,0,0,0,0,0,9,0,0,0,11,0,0,0,0,0,0,0,0,0,205,0,0,0,0,0,0,0,0,0,0,0,0,0,9,0,0,0,0,0,0,0,0,0,0,0,0,0,0,0,0,0,0,0,0,0,0,0,51,0,0,0,0,0,0,0,0,0,0,0,0,0,105,0,244,0,496,0,445,0,176,0,0,0,0,0,0,0,0,0,0,0,43,0,0,0,0,0,0,0,16,0,19,0,12,0,7,0,44,0,0,0,64,7,62,0,0,0,7,0,0,0,25,0,0,0,0,0,0,0,0,0,0,0,0,0,0,0,0,0,0,0,0,0,0,0,0,0,0,0,0,0,0,17,253,52,0,0,0,0
165,0,337,0,477,46,0,0,0,0,223,0,0,0,133,47,47,0,0,0,0,0,50,42,7,0,0,0,14,6,2,0,0,6,5,0,78,0,0,0,0,0,0,0,0,0,2,0,0,0,0,0,0,0,0,0,0,0,0,0,18,0,7,0,0,0,0,0,0,0,39,0,0,0,24,0,0,0,0,0,57,0,0,0,150,0,38,0,0,0,0,0,0,0,0,0,0,0,357,0,0,0,0,0,0,0,0,0,0,0,0,0,0,0,0,0,0,0,0,0,198,0,76,0,0,0,0,0,0,0,0,0,0,0,0,0,0,0,92,0,98,0,130,0,82,0,0,0,0,0,0,0,0,0,7,0,16,0,0,0,0,0,0,0,0,0,42,0,0,0,26,0,18,0,0,0,76,23,71,0,0,0,0,0,0,0,0,0,0,0,0,0,0,0,0,0,0,0,0,0,0,0,0,0,0,0,0,0,0,0,38,275,22,0,0,0,0,0,0,0,0,0,0,0,0
0,496,0,524,0,0,0,213,0,0,2,105,0,0,0,47,0,121,0,0,0,0,15,272,0,256,0,0,0,5,0,8,0,3,0,24,0,19,0,0,0,0,0,0,0,0,0,0,0,0,0,7,0,0,0,0,0,9,0,0,0,17,1,18,0,0,0,0,0,0,0,0,0,0,0,1,0,0,0,0,0,0,0,0,0,0,0,0,0,0,0,0,0,0,0,0,0,0,0,0,0,0,0,0,0,0,0,0,0,0,0,0,0,0,0,0,0,0,0,0,0,0,0,0,0,0,0,0,0,0,0,0,0,0,0,0,0,76,0,259,0,209,0,83,0,63,0,0,0,0,0,0,0,0,0,10,0,11,0,0,0,0,0,0,0,0,0,5,0,0,0,0,0,24,0,0,0,40,0,39,0,0,0,37,0,0,0,0,0,0,0,0,0,0,0,0,0,0,0,0,0,0,0,0,0,0,0,0,0,0,0,0,0,0,6,0,0,0,48,244,13,0,0,0,0
0,0,0,0,68,0,0,0,9,0,14,0,141,0,15,0,0,0,7,0,0,0,0,0,0,0,69,75,0,0,0,0,0,0,0,0,0,0,0,0,0,78,6,37,13,69,26,261,44,60,0,0,0,0,0,0,0,0,0,0,0,0,0,0,0,0,0,0,0,0,0,0,0,0,0,0,0,0,0,0,0,0,0,0,0,0,0,0,0,0,0,0,0,0,0,0,0,0,0,0,0,1,0,0,0,0,0,0,0,0,0,0,0,0,0,0,0,0,0,0,0,0,0,0,0,0,0,0,0,0,0,0,0,0,0,0,0,0,0,0,0,0,0,0,0,0,0,0,0,0,0,0,0,0,0,0,0,0,0,0,0,0,0,0,0,3,0,0,0,0,0,0,0,0,0,0,26,19,11,0,0,0,13,0,0,0,182,0,0,0,0,0,0,0,0,0,0,0,0,0,0,0,0,0,0,0,0,0,0,0,0,63,0,0,0,0,0,16,0,21,0,0,0,0,1
0,20,0,0,0,0,0,0,0,0,0,84,143,168,0,0,0,0,53,13,89,28,0,0,0,0,180,53,0,0,0,0,0,0,0,19,0,0,0,0,78,0,84,104,28,68,81,89,0,107,41,50,0,0,0,0,0,1,0,0,0,0,0,0,0,0,0,0,0,0,0,0,0,0,0,0,0,0,0,0,0,0,0,0,0,0,0,0,0,0,0,0,0,3,0,13,0,0,0,0,0,0,0,0,0,0,0,0,0,0,0,0,0,0,0,0,0,0,0,0,0,0,0,0,0,0,0,0,0,0,0,0,0,0,0,0,0,0,0,0,0,0,0,0,0,0,0,0,0,0,0,0,0,0,0,0,0,0,0,0,0,0,0,0,0,13,0,0,0,0,0,0,0,0,0,0,0,173,0,18,0,17,0,0,0,0,36,13,0,0,0,0,0,0,0,0,0,0,0,0,0,0,0,0,0,0,0,0,0,0,0,0,0,0,0,0,0,0,11,49,47,0,0,0,8
0,0,0,0,0,0,0,0,2,0,0,0,208,52,0,0,3,0,23,0,6,0,0,0,0,0,167,224,27,0,11,0,0,0,2,11,41,0,0,0,6,84,0,79,50,47,43,223,35,36,20,50,0,0,0,0,0,0,0,0,3,0,0,0,0,0,0,0,2,0,7,0,0,0,0,0,0,0,0,0,0,0,8,0,0,0,0,0,0,0,0,0,0,0,0,0,0,0,0,0,0,0,0,0,0,0,0,0,0,0,0,0,0,0,0,0,0,0,0,0,0,0,0,0,0,0,0,0,0,0,0,0,0,0,0,1,0,0,0,0,0,0,0,0,0,0,0,0,0,0,0,0,0,0,0,0,0,0,0,0,0,0,3,0,23,0,17,0,8,0,5,0,3,0,0,0,13,19,18,0,0,0,9,0,0,0,224,0,0,0,0,0,0,0,0,0,0,0,0,0,0,0,0,0,0,0,0,0,0,0,20,92,97,0,10,0,0,2,0,5,0,0,0,0,0
0,0,0,0,0,0,0,0,0,0,0,0,169,222,0,0,0,0,29,18,0,1,0,0,0,0,194,198,0,26,0,16,0,0,0,2,0,69,0,0,37,104,79,0,0,95,19,48,0,46,53,86,0,0,0,0,0,0,0,0,0,0,0,2,0,0,0,0,0,0,0,0,0,0,0,0,0,0,0,0,0,0,0,6,0,0,0,7,0,0,0,0,0,0,0,9,0,0,0,0,0,0,0,0,0,0,0,0,0,0,0,0,0,0,0,0,0,0,0,0,0,0,0,0,0,0,0,0,0,0,0,0,0,0,0,0,0,0,0,0,0,0,0,116,0,0,0,0,0,0,0,0,0,0,0,0,0,0,0,0,0,0,0,5,0,37,0,21,0,22,0,0,0,7,0,0,0,181,0,0,0,0,0,0,0,0,25,190,0,0,0,0,0,0,0,0,0,0,0,0,0,0,0,0,0,0,0,0,0,0,0,0,0,0,0,0,0,0,42,41,67,0,0,0,0
0,0,29,0,21,0,2,0,0,0,0,0,71,0,25,0,0,0,26,0,24,0,0,0,0,0,46,0,0,0,0,0,0,0,0,0,41,0,0,0,13,28,50,0,0,20,84,63,179,43,37,0,0,0,0,0,0,0,0,0,2,0,0,0,0,0,5,1,46,0,88,0,0,0,0,0,0,0,0,0,88,0,116,0,236,0,71,0,0,0,0,0,87,0,0,0,331,0,814,0,24,0,46,0,0,0,0,0,2,0,0,0,0,0,0,0,0,0,1,0,203,0,0,0,0,0,0,0,0,0,0,0,0,0,0,0,0,0,0,0,0,0,0,0,0,0,0,0,0,0,0,0,6,0,0,0,0,0,0,0,2,0,0,0,233,2,37,0,50,0,10,0,30,0,0,0,12,10,0,0,10,0,0,0,0,0,54,0,0,0,0,0,146,0,0,0,0,0,0,0,0,0,0,0,0,0,0,0,0,0,27,235,323,9,15,0,0,69,0,11,1,0,0,0,3
0,0,0,0,0,18,0,0,0,0,0,15,42,41,0,3,0,0,0,23,0,49,0,0,0,0,0,80,0,0,0,0,0,0,0,19,0,9,0,0,69,68,47,95,20,0,75,100,9,165,0,72,0,0,0,0,0,0,0,0,0,0,0,0,0,0,0,0,0,39,0,8,0,2,0,20,0,54,0,0,0,120,0,115,0,291,0,0,0,0,0,0,0,32,0,213,0,0,0,37,0,82,0,44,0,0,0,0,0,0,0,0,0,0,0,0,0,0,0,0,0,63,0,0,0,0,0,0,0,0,0,0,0,0,0,0,0,0,0,0,0,0,0,0,0,22,0,0,0,0,0,0,0,0,0,0,0,0,0,0,0,0,0,0,0,162,0,18,0,120,0,13,0,0,0,0,0,50,0,0,0,0,0,0,0,0,21,28,0,0,0,0,0,0,0,0,0,0,0,0,0,0,0,0,0,0,0,0,0,0,0,3,0,0,24,0,0,0,72,277,306,0,17,2,26
19,0,0,0,114,0,0,0,7,0,47,0,187,6,33,0,0,0,18,0,5,0,30,0,0,0,175,0,0,0,0,0,3,0,0,0,0,0,2,0,26,81,43,19,84,75,0,233,137,217,0,0,0,0,0,0,0,0,1,0,0,0,0,0,0,0,0,0,0,0,3,0,0,0,0,0,0,0,0,0,0,0,0,0,0,0,0,0,0,0,0,0,0,0,0,0,28,0,0,0,0,0,0,0,0,0,0,0,0,0,0,0,0,0,0,0,0,0,0,0,6,0,0,0,0,0,0,0,0,0,0,0,0,0,0,0,1,0,0,0,1,0,0,0,0,0,0,0,0,0,0,0,0,0,0,0,0,0,0,0,0,0,0,0,44,8,0,0,0,0,0,0,0,0,0,0,32,32,9,0,14,0,16,0,0,0,222,0,0,0,0,0,0,0,0,1,0,0,0,0,0,0,0,0,0,0,0,0,0,0,0,517,89,0,0,0,0,69,0,27,0,0,0,0,0
0,56,0,22,0,63,0,0,0,0,0,122,208,198,8,4,0,0,46,24,84,0,1,0,0,0,379,53,0,0,0,0,0,0,0,0,0,4,0,0,261,89,223,48,63,100,233,0,0,87,71,15,0,0,0,0,0,0,0,0,0,0,0,0,0,0,0,0,0,5,0,0,0,0,0,0,0,0,0,0,0,0,0,14,0,0,0,0,0,0,0,0,0,0,0,0,0,0,0,0,0,0,0,0,0,0,0,0,0,0,0,0,0,0,0,0,0,0,0,0,0,0,0,0,0,0,0,0,0,0,0,0,0,0,0,0,0,0,0,0,0,0,0,0,0,0,0,0,0,0,0,0,0,0,0,0,0,0,0,0,0,0,0,0,0,15,0,0,0,0,0,0,0,0,0,0,0,177,0,0,0,0,0,0,0,0,57,15,0,0,0,0,0,0,0,0,0,0,0,0,0,0,0,0,0,0,0,0,0,0,0,0,1,0,0,0,0,0,0,501,35,0,0,0,17
0,0,2,0,0,0,12,0,4,0,0,0,3,0,0,0,0,0,0,0,2,0,0,0,0,0,28,0,0,0,0,0,0,0,3,0,0,0,0,0,44,0,35,0,179,9,137,0,0,39,21,0,1,0,3,0,21,0,0,0,0,0,0,0,4,0,0,0,17,0,0,0,0,0,0,0,0,0,2,0,0,0,43,0,4,0,2,0,13,0,1,0,52,2,14,1,7,1,0,0,6,0,34,0,2,1,0,0,1,0,0,0,0,0,0,0,0,0,0,0,0,0,0,0,0,0,0,1,1,0,3,0,0,0,0,0,0,0,0,0,0,0,0,0,0,0,3,0,0,0,0,0,9,0,0,0,0,0,0,0,32,0,1,0,34,2,9,0,0,0,1,0,3,0,0,0,30,3,3,0,6,0,0,0,0,0,110,0,0,0,8,0,42,0,0,0,1,0,12,1,7,0,0,0,6,0,4,0,5,0,18,49,142,14,17,12,10,31,0,6,20,5,0,1,2
0,0,0,2,0,0,0,0,0,0,0,0,7,4,0,0,0,0,0,0,0,12,0,0,0,0,13,42,0,0,0,0,0,0,0,0,0,0,0,0,60,107,36,46,43,165,217,87,39,0,4,10,0,0,0,0,0,1,0,0,0,0,0,0,0,0,0,0,0,4,0,0,0,0,0,0,0,0,0,0,0,0,0,22,0,0,0,0,0,5,0,0,0,5,0,25,0,0,0,0,0,0,0,0,0,0,0,0,0,0,0,0,0,0,0,0,0,0,0,0,0,0,0,0,0,0,0,0,0,0,0,0,0,1,0,0,0,0,0,0,0,0,0,0,0,0,0,0,0,2,0,0,0,0,0,0,0,0,0,0,0,2,0,0,0,37,0,2,0,5,0,0,0,0,0,0,0,51,0,1,0,0,0,0,0,0,32,17,0,0,0,0,0,0,0,0,0,0,0,0,0,0,0,0,0,0,0,0,0,0,0,6,0,0,4,0,0,2,35,86,29,0,0,0,21
0,0,0,0,83,0,0,0,0,0,16,0,534,97,0,0,0,0,230,74,26,14,0,0,0,0,271,262,27,0,9,0,7,0,40,0,154,0,0,0,0,41,20,53,37,0,0,71,21,4,0,48,0,0,0,0,8,0,6,0,0,0,0,0,0,0,8,0,0,0,28,0,0,0,23,0,2,0,0,0,11,0,39,0,0,0,10,0,0,1,4,0,0,0,15,0,0,0,106,0,0,0,0,0,0,0,0,0,0,0,0,0,0,0,0,0,0,0,0,0,39,0,0,0,0,0,0,0,0,0,0,0,0,0,0,0,0,0,0,0,0,0,0,0,16,0,0,0,0,0,0,0,0,0,0,0,0,0,0,0,5,0,14,0,79,2,93,0,71,0,9,0,30,0,0,0,0,10,57,0,0,0,6,0,0,0,160,0,0,0,0,0,0,0,0,0,0,0,0,0,0,0,0,0,0,0,0,0,0,1,47,140,138,8,16,0,0,0,0,0,0,0,0,0,0
0,0,0,0,0,0,0,0,0,0,0,0,153,467,0,0,0,0,79,124,70,24,0,0,0,0,111,372,0,18,0,65,0,0,0,52,0,59,0,7,0,50,50,86,0,72,0,15,0,10,48,0,0,0,0,0,0,0,0,0,0,2,0,15,0,0,0,0,0,3,0,18,0,5,0,26,0,0,0,0,0,0,0,15,0,275,0,34,0,0,0,0,0,0,0,0,0,0,0,30,0,0,0,0,0,0,0,0,0,0,0,0,0,0,0,0,0,0,0,0,0,120,0,25,0,0,0,0,0,0,0,0,0,0,0,0,0,0,0,0,0,0,0,344,0,73,0,0,0,0,0,0,0,0,0,0,0,0,0,0,0,0,0,7,0,46,0,31,0,64,0,20,0,33,0,0,0,121,0,0,0,0,0,0,0,0,7,217,0,0,0,0,0,0,0,0,0,1,0,0,0,0,0,0,0,0,0,0,0,0,0,0,0,0,45,0,0,0,109,0,192,0,0,0,0
5,0,2,0,0,0,94,18,40,81,0,0,0,0,0,0,83,0,2,0,0,0,0,0,30,7,0,0,5,0,1,0,0,0,0,0,0,0,0,0,0,0,0,0,0,0,0,0,1,0,0,0,0,20,63,25,160,8,14,63,12,1,74,3,0,7,5,130,0,0,0,0,0,0,0,0,0,0,0,0,0,0,0,0,7,1,0,0,0,0,0,0,0,0,0,0,9,0,0,0,0,0,0,0,0,0,0,0,0,0,0,0,0,0,0,0,0,0,0,0,0,0,0,0,0,0,13,0,224,0,4,0,21,0,0,0,182,1,179,0,61,0,98,0,20,1,0,0,0,0,0,0,0,0,221,4,58,5,100,4,22,0,0,0,1,0,0,0,9,0,119,0,0,0,0,0,7,1,0,0,3,0,1,0,0,3,0,0,0,0,0,0,0,0,0,0,0,0,0,0,0,0,0,0,0,0,0,0,0,0,37,127,125,74,36,0,0,0,0,0,1,0,1,0,0
7,3,0,5,0,0,12,14,76,70,0,0,0,0,0,0,0,15,0,0,0,15,0,10,10,18,0,0,0,16,0,0,0,1,0,0,0,0,0,0,0,0,0,0,0,0,0,0,0,0,0,0,20,0,22,69,4,130,53,12,0,87,0,154,0,0,36,111,0,0,0,0,0,0,0,0,0,0,0,0,0,0,0,0,0,5,0,0,0,0,0,0,0,0,0,0,0,0,0,0,0,0,0,0,0,0,0,5,0,0,0,0,0,0,0,0,0,0,0,0,0,0,0,0,0,2,0,0,0,74,0,29,0,32,0,24,0,164,0,328,0,72,0,72,0,59,0,0,0,0,0,0,0,0,0,209,1,69,0,161,0,16,0,0,0,0,0,0,0,0,1,3,0,2,0,0,4,0,0,0,0,5,0,12,0,14,0,0,0,0,0,0,0,0,0,0,0,0,0,0,0,0,0,0,0,0,0,0,0,0,0,0,0,0,16,0,0,0,15,131,18,14,0,1,0
0,0,144,0,0,0,124,44,24,291,1,0,0,0,40,0,52,2,0,0,0,0,148,0,101,9,0,0,0,0,0,0,0,0,0,0,0,0,0,0,0,0,0,0,0,0,0,0,3,0,0,0,63,22,0,78,60,3,92,39,34,5,16,26,0,0,10,127,0,0,0,0,0,0,0,0,2,0,0,0,0,0,0,0,0,0,0,0,0,0,0,0,0,0,0,0,0,0,0,0,0,0,0,0,0,0,0,0,0,0,0,0,0,0,0,0,0,0,0,0,0,0,0,0,16,0,66,0,64,0,48,0,72,0,52,0,67,0,5,0,0,0,7,0,3,0,0,0,3,0,3,0,0,0,36,0,12,0,4,0,74,0,0,0,2,0,0,0,26,0,219,0,28,0,0,0,0,5,0,0,0,0,0,0,0,3,0,0,0,0,0,0,0,0,0,0,0,0,0,0,9,0,0,0,0,0,0,0,74,0,305,59,517,288,230,85,76,1,0,4,0,1,0,0,0
0,35,0,76,0,29,30,103,233,44,0,0,0,0,0,21,0,21,0,0,0,0,0,17,20,37,0,0,0,40,0,0,0,0,0,0,0,0,0,0,0,0,0,0,0,0,0,0,0,0,0,0,25,69,78,0,0,93,58,7,0,83,20,204,1,0,50,3,0,0,0,0,0,0,0,0,0,0,0,0,0,0,0,0,0,0,0,0,0,0,0,0,0,3,0,0,0,0,0,0,0,0,0,0,0,0,0,0,0,0,0,0,0,0,0,0,0,0,0,0,0,0,0,0,0,53,0,30,0,70,0,138,0,85,2,24,0,67,0,8,0,0,0,10,0,0,0,0,0,0,0,0,0,0,2,52,0,19,0,24,0,12,0,11,0,21,0,3,1,23,0,252,0,72,0,0,0,0,0,0,0,0,0,0,0,2,0,0,0,0,0,0,0,0,0,0,0,0,0,0,0,0,0,0,0,0,0,0,2,0,0,0,0,0,560,0,0,0,446,125,692,481,235,169,0
3,0,10,0,0,0,10,0,4,0,0,0,0,0,0,0,7,0,0,0,0,0,0,0,6,0,8,0,0,0,0,0,0,0,0,0,0,0,0,0,0,0,0,0,0,0,0,0,21,0,8,0,160,4,60,0,0,5,58,0,0,0,12,0,22,11,50,49,3,0,0,0,0,0,0,0,0,0,0,0,0,0,0,0,0,0,0,0,0,0,0,0,0,0,0,0,0,0,0,0,0,0,0,0,0,0,0,0,0,0,0,0,0,0,0,0,1,0,0,0,0,0,0,0,26,0,41,0,33,0,100,0,40,0,0,0,0,0,3,0,0,0,0,0,6,1,1,0,3,0,1,0,0,0,38,11,37,4,7,10,50,0,43,0,0,0,0,0,38,0,204,0,0,0,0,0,0,0,0,0,0,0,0,0,0,0,0,0,0,0,0,0,0,0,0,0,0,0,4,0,0,0,0,0,0,0,0,0,37,0,589,101,882,891,609,341,155,1,0,0,0,2,0,0,0
0,7,0,8,0,0,0,33,17,17,0,0,0,0,0,0,0,57,0,0,0,0,0,12,0,9,0,0,0,18,0,0,0,0,0,0,0,0,0,9,0,1,0,0,0,0,0,0,0,1,0,0,8,130,3,93,5,0,29,58,0,22,0,63,0,0,49,11,0,2,0,0,0,0,0,0,0,0,0,0,0,0,0,2,0,0,0,0,0,0,0,0,0,0,0,3,0,0,0,0,0,0,0,0,0,0,0,0,0,0,0,0,0,0,0,0,0,0,0,0,0,0,0,0,0,11,0,5,0,87,0,153,0,63,0,0,0,28,0,13,0,0,0,0,1,0,0,0,0,0,0,0,0,0,7,174,2,22,0,138,1,39,0,0,0,28,0,2,0,41,0,365,0,19,0,0,0,1,0,0,0,0,0,0,9,0,0,0,0,0,0,0,0,0,0,0,0,0,0,0,0,0,0,0,0,0,0,0,0,12,0,0,2,0,676,0,0,0,428,91,944,593,286,113,1
18,0,29,0,0,0,34,0,104,104,0,0,0,0,0,0,0,0,0,0,0,0,0,0,0,0,0,0,0,0,0,0,0,0,0,0,11,0,0,0,0,0,0,0,0,0,1,0,0,0,6,0,14,53,92,58,58,29,0,161,29,0,0,9,40,17,182,286,1,0,0,0,1,0,0,0,0,0,0,0,0,0,0,0,0,0,0,0,0,0,0,0,0,0,0,0,0,0,0,0,0,0,0,0,0,0,0,0,1,0,0,0,0,0,0,0,0,0,0,0,0,0,0,0,0,0,4,0,0,0,32,0,0,0,0,0,0,0,1,0,0,0,0,0,3,0,0,0,5,0,0,2,0,0,14,29,61,21,0,16,8,0,3,0,0,0,8,0,9,0,156,0,0,0,0,1,46,0,0,0,0,0,0,0,17,12,0,0,0,0,0,0,0,0,0,0,0,0,0,0,0,0,0,0,0,0,0,0,0,0,948,377,541,598,661,286,108,0,0,0,3,0,0,0,0
0,4,0,0,0,0,0,6,83,28,0,0,0,2,0,0,0,0,0,2,0,0,0,0,0,0,0,0,0,0,0,0,0,0,0,0,0,0,0,0,0,0,0,0,0,0,0,0,0,0,0,0,63,12,39,7,0,58,161,0,0,33,6,0,29,87,229,61,0,0,0,0,0,0,0,0,0,0,0,0,0,0,0,0,0,0,0,0,0,0,0,0,0,0,0,0,0,0,0,0,0,0,0,0,0,0,0,0,0,0,0,0,0,0,0,0,0,0,0,0,0,0,0,0,0,35,0,16,0,8,0,98,0,54,0,0,0,0,0,1,0,0,0,0,12,6,0,5,0,21,0,0,0,0,69,8,7,29,12,7,0,14,0,0,0,6,0,1,0,3,0,31,0,0,0,4,3,0,0,0,0,0,0,0,25,18,0,0,0,0,0,0,0,0,0,0,0,0,0,0,0,0,0,0,0,0,0,0,0,18,3,0,0,0,888,0,0,0,709,413,443,562,302,64,0
202,0,150,7,0,0,377,5,195,0,0,0,0,0,0,3,14,0,0,0,0,0,19,2,84,12,0,0,6,0,0,0,0,0,0,0,39,0,18,0,0,0,3,0,2,0,0,0,0,0,0,0,12,0,34,0,0,0,29,0,0,0,42,2,0,0,0,0,0,0,0,0,0,0,0,0,0,0,0,0,0,0,0,0,0,0,0,0,0,0,0,0,0,0,2,0,0,0,0,0,0,0,0,0,0,0,0,0,0,0,0,0,0,0,0,0,0,0,0,0,7,0,0,0,0,0,0,0,8,0,0,0,0,0,0,0,0,0,155,0,90,0,51,0,136,0,0,0,0,0,0,0,0,0,50,0,96,0,5,0,0,0,0,0,1,0,0,0,5,0,133,0,69,0,0,0,46,1,0,0,0,0,21,0,0,0,0,0,0,0,0,0,0,0,0,0,0,0,0,0,0,0,0,0,0,0,0,0,0,0,43,314,67,8,21,0,3,0,0,0,0,0,0,0,0
0,185,0,62,0,10,0,249,12,194,0,8,0,0,0,0,0,0,0,0,0,3,0,0,0,126,0,0,0,3,0,0,0,2,0,5,0,23,0,17,0,0,0,0,0,0,0,0,0,0,0,2,1,87,5,83,0,22,0,33,0,0,1,23,0,1,1,114,0,0,0,0,0,1,0,0,0,0,0,0,0,0,0,0,0,0,0,2,0,0,0,0,0,0,0,0,0,0,0,0,0,0,0,0,0,0,0,0,0,0,0,0,0,0,0,0,0,0,0,0,0,0,0,0,0,0,0,0,0,0,0,0,0,0,0,0,0,0,0,63,0,146,0,66,0,191,0,0,0,0,0,0,0,0,0,5,0,147,0,16,0,0,0,3,0,3,0,0,0,1,0,44,0,23,0,0,1,21,0,4,0,1,0,52,0,49,0,0,0,0,0,0,0,0,0,0,0,0,0,0,0,0,0,0,0,0,0,0,0,0,0,0,0,0,0,0,0,0,9,217,0,3,0,0,0
86,21,161,0,0,1,346,61,97,106,0,0,0,0,1,0,180,0,0,0,8,0,34,0,269,31,0,0,14,0,10,0,3,0,0,0,3,0,7,1,0,0,0,0,0,0,0,0,0,0,0,0,74,0,16,20,12,0,0,6,42,1,0,17,0,0,2,11,0,0,7,0,0,0,0,0,0,0,0,0,0,0,0,0,0,2,0,0,0,0,0,0,0,0,0,0,0,0,0,0,0,0,0,0,0,0,0,0,0,0,0,0,0,0,0,0,0,0,0,0,0,0,0,0,0,0,0,0,0,0,0,0,0,0,0,0,120,0,234,0,117,0,127,3,36,0,0,0,0,0,0,0,0,0,98,0,58,0,21,0,1,0,0,0,0,0,0,0,0,0,0,0,3,0,0,0,0,3,0,0,0,0,11,0,0,0,0,0,0,0,0,0,0,0,0,0,0,0,0,0,0,0,0,0,0,0,0,0,0,0,8,134,7,3,10,0,0,0,0,0,1,0,0,0,0
32,61,0,80,0,19,59,266,86,225,0,0,0,0,0,92,5,189,0,151,0,114,0,116,67,471,0,63,0,93,0,38,0,24,0,23,0,19,0,18,0,0,0,2,0,0,0,0,0,0,0,15,3,154,26,204,0,63,9,0,2,23,17,0,0,0,2,58,0,0,0,0,0,0,0,0,0,0,0,0,0,0,0,0,0,0,0,0,0,0,0,0,0,0,0,0,0,0,0,0,0,0,0,0,0,0,0,0,0,0,0,0,0,0,0,0,0,0,0,0,0,0,0,0,0,0,0,0,0,0,0,0,0,12,0,21,0,157,0,278,0,149,0,77,0,142,0,0,0,0,0,0,0,0,0,175,0,30,0,113,0,0,0,0,0,0,0,0,0,0,0,4,0,14,0,1,0,19,0,0,0,0,1,81,0,47,0,0,0,0,0,0,0,0,0,0,0,0,0,0,0,0,0,0,0,0,0,0,0,0,0,0,0,1,7,0,0,0,25,149,34,4,0,0,0
22,0,19,0,28,0,19,0,165,0,7,0,0,0,16,0,0,0,0,0,0,0,0,0,0,0,0,0,0,0,0,0,0,0,0,0,0,0,0,0,0,0,0,0,0,0,0,0,4,0,0,0,0,0,0,1,22,0,40,29,0,0,0,0,0,218,168,24,0,0,39,0,0,0,27,0,0,0,0,0,0,0,0,0,0,0,0,0,0,0,0,0,0,0,0,0,2,0,0,0,0,0,0,0,0,0,0,0,0,0,0,0,0,0,0,0,0,0,0,0,17,0,0,0,34,0,0,0,0,0,12,43,0,0,0,0,0,0,42,75,28,25,0,0,217,53,28,0,32,80,7,0,0,0,4,41,2,5,7,142,75,120,23,0,0,0,0,0,6,0,0,0,0,0,22,9,11,0,0,0,101,52,27,0,175,16,0,0,0,0,0,0,0,0,0,0,0,0,0,0,0,0,0,0,0,0,0,0,0,0,204,19,96,0,105,0,0,0,0,0,0,0,0,0,0
0,68,0,0,0,0,0,0,0,186,0,22,0,0,0,0,0,0,0,11,0,0,0,0,0,0,0,0,0,0,0,0,0,0,0,0,0,0,0,0,0,0,0,0,0,0,0,0,0,0,0,0,7,0,0,0,11,0,17,87,0,1,0,0,218,0,66,482,0,0,16,49,0,9,0,58,0,1,0,0,0,26,0,0,0,20,0,0,0,0,0,0,0,0,0,0,0,0,0,0,0,0,0,0,0,0,0,0,0,0,0,0,0,0,0,0,0,0,0,0,0,0,0,0,0,49,0,103,19,0,78,75,0,0,0,0,0,5,55,29,0,26,0,3,55,114,0,41,0,224,0,0,0,12,49,6,0,6,72,8,94,170,0,0,0,0,0,0,1,7,0,0,0,0,0,57,0,0,0,0,38,162,0,3,37,40,0,0,0,0,0,0,0,0,0,0,0,0,0,1,0,0,0,0,0,0,0,23,0,51,0,0,0,0,241,0,0,0,222,58,168,0,0,0,0
23,0,5,0,0,0,72,7,216,24,2,0,0,0,0,0,0,0,0,0,0,0,0,0,0,0,0,0,0,0,0,0,0,0,2,0,3,0,0,0,0,0,0,0,5,0,0,0,0,0,8,0,5,36,10,50,50,49,182,229,0,1,2,2,168,66,0,189,0,0,0,0,0,0,0,0,0,0,0,0,0,0,0,0,0,0,0,0,0,0,0,0,0,0,0,0,0,0,0,0,0,0,0,0,0,0,0,0,0,0,0,0,0,0,0,0,0,0,0,0,0,0,0,0,14,0,0,0,0,0,29,0,0,0,0,0,0,0,0,0,0,0,0,0,9,4,16,0,12,0,0,0,0,0,5,26,14,30,0,36,32,0,3,0,2,0,0,0,0,0,15,0,0,0,0,0,114,0,0,0,0,3,0,0,208,12,0,0,0,0,0,0,0,0,0,0,0,0,0,0,0,0,0,0,0,0,0,0,0,0,211,211,83,0,150,53,0,0,0,10,0,0,1,0,0
0,13,0,0,0,0,0,0,135,65,0,0,0,0,0,0,0,0,0,0,0,0,0,0,4,0,0,0,2,0,0,0,0,0,0,0,0,0,0,0,0,0,0,0,1,0,0,0,0,0,0,0,130,111,127,3,49,11,286,61,0,114,11,58,24,482,189,0,0,0,0,0,0,0,0,0,0,0,0,0,0,0,0,0,0,0,0,1,0,0,0,0,0,0,0,0,0,0,0,0,0,0,0,0,0,0,0,0,0,0,0,0,0,0,0,0,0,0,0,0,0,0,0,0,0,37,0,0,0,0,0,82,0,18,0,0,0,0,0,0,0,0,0,0,16,13,0,0,0,68,0,0,0,0,65,0,10,37,37,6,0,58,0,0,0,0,0,0,0,0,0,5,0,0,0,14,28,30,0,0,0,0,0,0,43,168,0,0,0,0,0,0,0,0,0,0,0,0,0,0,0,0,0,0,0,0,0,0,0,20,0,0,4,1,204,0,0,0,213,219,114,0,0,0,0
0,0,0,0,0,0,0,0,0,0,0,0,0,0,0,0,0,0,0,0,0,0,0,0,0,0,17,0,0,0,0,0,5,0,0,0,0,0,0,0,0,0,2,0,46,0,0,0,17,0,0,0,0,0,0,0,3,0,1,0,0,0,0,0,0,0,0,0,0,0,0,0,23,0,0,0,86,0,47,0,14,0,24,0,0,0,28,0,46,0,0,0,23,0,61,0,140,0,0,0,14,0,185,0,50,0,81,0,93,0,11,0,0,0,2,0,4,0,0,0,0,0,0,0,0,0,0,0,0,0,0,0,0,0,0,0,5,0,0,0,0,0,0,0,0,0,0,0,0,0,0,0,0,0,0,0,1,0,0,0,0,0,0,0,45,0,0,0,103,0,3,0,0,0,0,2,0,0,0,0,0,0,0,0,0,0,0,0,136,0,0,0,201,0,100,0,0,0,0,0,0,0,0,0,0,0,0,0,0,0,56,12,66,15,0,41,22,0,0,0,0,0,0,0,0
0,0,0,0,0,0,0,0,0,0,0,0,0,0,0,0,0,0,0,0,0,0,0,0,0,0,0,0,0,0,0,0,0,0,0,0,0,0,0,0,0,0,0,0,0,39,0,5,0,4,0,3,0,0,0,0,0,2,0,0,0,0,0,0,0,0,0,0,0,0,0,0,0,4,0,0,0,8,0,0,0,0,0,28,0,3,0,7,0,27,0,0,0,41,0,34,0,0,0,6,0,7,0,91,0,0,0,0,0,14,0,4,0,9,0,0,0,12,0,0,0,0,0,0,0,0,0,0,0,0,0,0,0,0,0,0,0,0,0,0,0,0,0,0,0,0,0,0,0,0,0,0,0,0,0,0,0,0,0,0,0,2,0,0,0,25,0,0,0,6,0,6,0,1,0,0,0,3,0,0,0,3,0,0,0,0,0,0,0,22,0,6,0,0,0,15,0,4,0,4,0,0,0,15,0,0,0,0,0,0,0,0,2,0,0,0,0,0,23,22,71,7,28,16,0
0,0,0,0,0,0,0,0,0,0,0,0,0,0,0,0,0,0,0,0,0,0,0,0,0,0,110,0,14,0,14,0,18,0,0,0,98,0,39,0,0,0,7,0,88,0,3,0,0,0,28,0,0,0,0,0,0,0,0,0,0,0,7,0,39,16,0,0,0,0,0,0,143,0,166,0,22,0,146,0,2,0,6,0,12,0,5,0,0,0,0,0,0,0,0,0,0,0,1,0,0,0,0,0,0,0,0,0,0,0,0,0,0,0,0,0,0,0,0,0,52,0,12,0,0,0,0,0,40,0,65,0,25,0,0,0,12,0,8,0,30,0,53,0,55,0,0,0,0,19,0,0,0,0,0,0,2,0,0,0,11,0,78,0,0,0,56,0,23,0,25,0,37,0,40,0,0,0,0,0,41,12,0,0,57,0,0,0,0,0,0,0,0,0,0,0,0,0,0,0,0,0,0,0,0,0,0,0,0,0,11,0,0,0,0,0,0,0,0,0,11,0,0,0,0
0,0,0,0,0,0,0,1,0,0,0,0,0,0,0,0,0,0,1,0,0,0,0,0,0,0,0,14,0,0,0,0,0,0,0,8,0,9,0,0,0,0,0,0,0,8,0,0,0,0,0,18,0,0,0,0,0,0,0,0,0,0,0,0,0,49,0,0,0,0,0,0,0,90,0,121,0,14,0,27,0,0,0,0,0,0,0,46,0,0,0,0,0,0,0,0,0,0,0,0,0,0,0,0,0,0,0,0,0,0,0,0,0,0,0,0,0,0,0,0,0,6,0,15,0,0,0,0,6,28,9,39,0,108,0,0,0,98,2,0,0,23,0,22,0,59,0,0,11,67,0,0,0,0,0,0,0,0,0,1,1,17,0,34,0,0,0,24,0,10,0,20,0,27,0,32,0,0,0,0,0,22,0,0,0,4,0,0,0,0,0,0,0,0,0,0,0,1,0,0,0,0,0,0,0,0,0,0,0,0,3,0,0,0,7,0,0,0,71,0,5,0,0,0,0
0,0,0,0,0,0,0,0,0,0,0,0,0,0,0,0,0,0,0,0,0,0,0,0,0,0,0,0,0,0,0,0,0,0,0,0,0,0,0,0,0,0,0,0,0,0,0,0,0,0,0,0,0,0,0,0,0,0,1,0,0,0,0,0,0,0,0,0,23,0,143,0,0,0,124,0,69,0,175,0,0,0,25,0,0,0,8,2,0,0,0,0,0,0,0,0,0,0,0,4,0,0,0,0,0,0,0,0,7,0,0,0,0,0,0,0,0,0,0,0,48,0,28,0,140,0,132,0,47,0,62,0,66,0,262,0,56,0,0,0,26,0,167,0,33,1,71,0,0,15,94,0,0,0,0,0,0,0,0,0,0,0,27,0,0,0,0,0,6,0,17,0,11,0,36,0,0,0,0,0,0,30,0,0,0,0,0,0,0,0,0,0,0,0,0,0,0,0,0,0,142,0,0,0,0,0,0,0,204,3,213,1,13,2,18,0,0,0,0,0,0,0,0,0,0
0,0,0,0,0,0,0,0,0,0,0,0,0,0,0,0,0,1,0,0,0,0,0,0,0,0,0,0,0,0,0,0,0,0,0,0,0,0,0,0,0,0,0,0,0,2,0,0,0,0,0,5,0,0,0,0,0,0,0,0,0,1,0,0,0,9,0,0,0,4,0,90,0,0,0,145,0,65,0,94,0,9,0,11,0,53,0,110,0,0,0,0,0,0,0,0,0,0,0,0,0,0,0,1,0,0,0,0,0,0,0,0,0,0,0,0,0,0,0,2,0,43,0,23,0,0,0,0,0,18,0,0,4,0,0,198,0,215,0,0,0,19,1,0,0,32,0,0,0,40,0,0,0,9,0,0,0,2,0,0,0,0,0,23,0,0,0,0,0,10,0,7,0,0,0,19,0,0,0,0,0,0,0,0,0,0,0,0,0,0,0,0,0,0,0,0,0,0,0,204,0,0,0,187,0,0,0,404,0,249,0,0,0,0,13,0,0,0,103,4,30,0,0,0,0
0,0,0,0,0,0,0,0,0,0,0,0,0,0,0,0,0,0,45,0,0,0,0,0,0,0,0,0,16,0,0,0,0,0,0,0,70,0,24,0,0,0,0,0,0,0,0,0,0,0,23,0,0,0,0,0,0,0,0,0,0,0,0,0,27,0,0,0,0,0,166,0,124,0,0,0,13,0,194,0,6,0,9,0,44,0,9,0,0,0,0,0,0,0,0,0,7,0,5,0,0,0,0,0,0,0,0,0,0,0,0,0,0,0,0,0,0,0,0,0,56,0,54,0,0,0,30,0,0,0,0,23,0,0,145,0,27,0,0,0,34,3,177,0,64,0,24,0,67,33,46,0,0,0,0,1,4,0,0,0,9,0,26,0,0,0,0,0,6,0,18,0,21,0,71,0,0,0,0,0,77,12,0,0,37,0,0,0,0,0,0,0,5,0,0,0,0,0,42,0,93,0,0,0,0,0,0,0,100,0,0,0,14,0,7,0,0,0,6,0,0,0,0,0,0
0,0,0,0,0,0,0,0,0,0,0,3,0,0,0,0,0,0,0,0,0,0,0,0,0,0,0,0,0,0,0,0,0,0,0,0,0,11,0,1,0,0,0,0,0,20,0,0,0,0,0,26,0,0,0,0,0,0,0,0,0,0,0,0,0,58,0,0,0,0,0,121,0,145,0,0,0,14,3,99,0,0,0,0,0,21,0,106,0,0,0,0,0,0,0,0,0,0,0,0,0,0,0,0,0,0,0,0,0,0,0,0,0,0,0,0,0,0,0,0,0,84,0,35,0,106,0,0,0,0,25,0,0,190,0,174,3,344,6,0,0,58,0,117,0,178,0,0,0,129,0,0,0,0,0,0,0,0,0,0,0,0,0,57,0,0,0,24,0,10,0,0,0,37,0,74,0,0,0,0,0,29,0,0,0,7,0,0,0,0,0,0,0,0,0,0,0,0,0,0,0,0,0,0,0,0,0,0,0,0,0,0,0,0,0,0,0,0,92,4,15,0,0,0,0
0,0,0,0,0,0,1,0,0,0,0,0,0,0,0,0,0,0,0,0,0,0,0,0,0,0,0,0,0,0,0,0,0,0,0,0,0,0,0,0,0,0,0,0,0,0,0,0,0,0,2,0,0,0,2,0,0,0,0,0,0,0,0,0,0,0,0,0,86,0,22,0,69,0,13,0,0,0,38,0,18,0,65,0,0,0,29,0,3,0,0,0,25,0,15,0,68,0,0,0,0,0,27,0,0,0,0,0,130,0,0,0,0,0,12,0,25,0,0,0,21,0,0,0,0,0,0,0,0,0,0,0,0,0,0,0,0,0,0,0,0,0,0,0,0,0,0,0,0,0,0,0,0,0,0,0,0,0,0,0,0,0,0,0,10,0,0,0,18,0,0,0,0,0,0,0,0,0,0,0,0,0,0,0,0,0,0,0,0,0,18,0,0,0,0,0,0,0,0,0,0,0,0,0,0,0,0,0,0,0,50,0,25,0,0,6,3,1,0,0,6,0,0,0,0
0,0,0,0,0,0,0,0,0,0,0,0,0,0,0,0,0,0,0,0,0,0,0,0,0,0,0,0,0,0,0,0,0,0,0,0,0,0,0,0,0,0,0,0,0,54,0,0,0,0,0,0,0,0,0,0,0,0,0,0,0,0,0,0,0,1,0,0,0,8,0,14,0,65,0,14,0,0,0,11,0,85,0,36,0,49,0,137,0,0,0,4,0,17,0,27,0,13,0,47,0,34,0,37,0,0,0,0,0,38,0,1,0,0,0,0,0,25,0,0,0,15,0,0,5,0,0,0,2,0,0,0,0,0,0,0,0,0,0,0,0,3,0,0,0,0,0,0,0,0,0,0,0,0,0,0,0,0,0,0,0,3,0,5,0,38,0,0,0,42,0,3,0,0,0,10,0,3,0,0,0,0,0,0,0,0,0,1,0,0,0,0,0,0,0,39,0,5,0,0,0,0,0,0,0,81,0,0,0,30,0,0,0,0,7,0,0,0,61,25,90,3,12,3,0
0,0,0,0,0,0,0,0,0,0,0,0,0,0,0,0,0,0,0,0,0,0,0,0,0,0,0,0,0,0,0,0,0,0,0,0,0,0,0,0,0,0,0,0,0,0,0,0,2,0,0,0,0,0,0,0,0,0,0,0,0,0,0,0,0,0,0,0,47,0,146,0,175,0,194,3,38,0,0,0,14,0,83,0,76,0,78,0,0,0,3,0,29,0,11,0,75,0,20,0,0,0,39,0,0,0,0,0,78,0,0,0,0,0,1,0,10,0,0,0,86,0,29,0,0,0,0,0,0,0,0,0,0,0,0,0,0,0,0,0,12,0,124,0,0,0,0,0,0,0,0,0,0,0,0,0,0,0,0,0,0,0,0,0,5,0,0,0,12,1,0,0,0,0,0,0,0,0,0,0,0,0,0,0,0,0,0,0,0,0,0,0,81,0,0,0,0,0,0,0,216,0,0,0,0,0,0,0,0,0,202,6,34,0,27,7,4,0,0,0,0,0,0,0,0
