0,207,38,173,101,0,30,64,60,0,119,25,135,0,5,89,147,124,8,0,0,0,118,282,30,383,0,0,150,0,0,0,0,0,0,0,69,0,542,0,19,0,4,0,0,0,17,0,6,0,0,0,0,4,3,0,0,0,0,0,123,0,100,0,11,0,12,0,0,0,0,0,0,0,0,0,0,0,0,0,0,0,0,0,0,0,0,0,0,0,4,0,0,0,0,0,0,0,3,0,0,0,0,0,0,0,0,0,0,0,0,0,0,0,0,0,0,0,0,0,0,0,0,0,29,0,0,0,0,0,49,0,0,0,0,0,0,0,0,0,0,0,0,0,0,0,9,0,43,0,0,0,0,0,0,0,0,0,0,0,0,0,2,0,0,0,0,0,22,0,16,0,395,0,0,0,293,92,0,0,0,0,14,0,9,0,0,0,0,0,0,0,0,0,0,0,0,0,0,0,0,0,0,0,0,0,0,0,7,0,940,232,196,0,226,1,0,0,15,0,11,0,0,0,0
207,0,211,18,0,271,138,18,0,44,0,498,0,300,0,98,167,84,0,54,0,0,227,91,485,58,0,183,0,137,0,0,0,0,0,0,0,209,38,732,0,68,0,0,0,0,0,174,0,9,0,0,0,43,0,5,0,8,0,4,0,425,19,272,0,77,0,8,0,0,0,0,0,0,0,0,0,0,0,0,0,3,0,0,0,0,0,0,0,0,0,0,0,0,0,0,0,0,0,0,0,0,0,0,0,0,0,0,0,0,0,0,0,0,0,0,0,0,0,0,0,0,0,0,0,40,0,0,0,0,0,75,0,0,0,0,0,0,0,0,0,0,0,21,0,0,0,28,0,107,0,123,0,112,0,0,0,8,0,0,0,10,0,3,0,0,0,0,0,8,0,64,25,249,0,18,188,348,0,12,0,79,0,11,0,58,0,0,0,0,0,0,0,0,0,0,0,0,0,7,0,0,0,0,0,0,0,0,0,16,18,2,0,0,309,0,0,0,1763,107,527,111,5,0,0
38,211,0,0,353,68,53,0,20,0,113,62,173,0,174,132,33,0,58,0,41,0,647,235,406,181,30,0,256,0,181,0,142,0,0,0,56,36,549,77,54,0,0,0,0,0,60,0,14,0,0,0,5,0,58,0,10,0,0,0,0,0,73,5,24,0,0,0,0,0,0,0,0,0,0,0,0,0,0,0,0,0,0,0,0,0,0,0,0,0,0,0,0,0,0,0,0,0,0,0,0,0,0,0,0,0,0,0,0,0,0,0,0,0,0,0,0,0,0,0,0,0,1,0,283,0,65,0,8,0,206,0,25,0,44,0,0,0,0,0,0,0,0,0,0,0,146,0,126,0,103,0,21,0,0,0,0,0,0,0,23,0,0,0,0,0,64,0,22,0,0,0,220,0,0,0,118,97,0,0,0,0,0,0,0,0,0,0,0,0,5,0,2,0,0,0,0,0,0,0,0,0,0,0,0,0,17,0,118,0,894,67,435,0,404,0,0,0,0,0,0,0,0,0,0
173,18,0,0,0,208,13,78,0,7,0,0,0,36,0,381,95,41,0,95,10,0,229,500,140,225,0,64,0,170,0,0,0,161,0,0,0,0,0,464,0,0,0,0,0,0,0,0,0,0,0,0,0,0,0,18,0,0,0,8,0,15,0,20,0,6,0,5,0,0,0,0,0,0,0,0,0,0,0,0,0,0,0,0,0,0,0,0,0,0,0,0,0,0,0,0,0,0,0,0,0,0,0,0,0,0,0,0,0,0,0,0,0,0,0,0,0,0,0,0,0,0,0,0,0,11,0,0,0,0,0,21,0,0,0,20,0,24,0,0,0,1,0,0,0,0,0,0,0,17,0,20,0,0,0,0,0,0,0,0,0,19,0,0,0,0,0,0,0,0,0,16,0,89,0,1,79,69,0,0,0,1,0,0,0,0,0,0,0,0,0,0,0,0,0,0,0,0,0,0,0,0,0,0,0,0,0,0,0,20,0,0,0,0,92,0,0,0,347,30,223,0,0,0,0
101,0,353,0,0,289,45,0,61,0,116,118,446,217,196,359,12,0,93,188,191,0,193,0,0,0,59,0,51,0,431,0,381,0,199,0,144,0,119,0,164,0,0,2,13,0,116,0,11,0,124,0,10,0,22,0,0,0,0,0,0,0,0,0,19,0,0,0,0,0,0,0,0,0,0,0,0,0,0,0,0,0,0,0,0,0,0,0,0,0,0,0,0,0,0,0,0,0,0,0,0,0,0,0,0,0,0,0,0,0,0,0,0,0,0,0,0,0,0,0,0,0,0,0,137,0,0,0,0,0,71,0,0,0,36,0,0,0,0,0,0,0,0,0,0,0,118,0,193,0,161,0,124,0,0,0,0,0,0,0,11,0,0,0,57,0,223,0,45,0,7,1,98,0,0,0,243,136,102,0,128,0,147,0,131,0,4,0,0,0,0,0,0,0,0,0,0,0,0,0,0,0,0,0,0,0,14,0,37,0,1366,342,853,0,254,0,0,0,0,22,0,0,0,0,0
0,271,68,208,289,0,0,111,0,102,159,136,0,335,500,379,0,0,117,137,317,166,326,189,0,0,0,320,0,0,57,227,0,466,49,233,0,291,0,0,0,83,0,0,0,5,0,153,0,0,0,0,0,4,0,0,0,0,0,16,0,0,0,0,0,68,0,0,0,0,0,0,0,0,0,0,0,0,0,2,0,0,0,0,0,0,0,0,0,0,0,0,0,0,0,0,0,0,0,0,0,0,1,0,0,0,0,0,0,0,0,0,0,0,0,0,0,0,0,0,0,0,0,0,0,0,0,13,0,0,0,34,0,0,0,0,0,56,0,0,0,0,0,0,0,0,0,0,0,146,0,92,0,0,0,14,0,18,0,0,0,0,0,0,0,0,0,229,0,33,0,18,0,148,0,0,205,282,0,6,0,0,0,0,0,65,0,1,0,0,0,0,0,0,0,0,0,0,0,0,0,0,0,1,0,0,0,0,0,48,0,0,0,0,300,0,0,0,1477,193,792,115,0,0,0
30,138,53,13,45,0,0,0,57,300,26,0,39,0,0,0,0,0,0,0,0,0,39,0,548,372,0,0,11,0,0,0,0,0,0,0,0,0,49,0,0,0,0,0,6,0,0,0,16,0,0,0,131,38,499,164,101,0,22,0,188,0,360,96,50,0,63,0,0,0,0,0,0,0,0,0,0,0,0,0,0,0,0,0,0,0,0,0,0,0,0,0,0,0,0,0,0,0,0,0,0,0,0,0,0,0,0,0,0,0,0,0,0,0,0,0,0,0,0,0,0,0,0,0,131,0,27,0,0,0,267,0,30,0,0,0,4,0,0,0,0,0,0,0,0,0,0,0,79,0,17,0,0,0,11,0,0,0,0,0,63,0,0,0,0,0,0,0,28,0,169,0,178,0,0,0,71,92,0,0,0,0,4,1,1,0,1,0,0,0,0,0,0,0,0,0,0,0,0,0,0,0,0,0,0,0,0,0,20,0,1265,58,434,515,775,0,0,2,0,0,6,0,0,0,0
64,18,0,78,0,111,0,0,111,29,0,31,0,39,0,204,0,20,0,166,0,0,0,57,240,584,0,48,0,57,0,0,0,22,0,0,0,0,0,325,0,0,0,5,0,0,0,0,0,4,0,0,0,88,19,148,0,35,0,161,0,491,43,538,0,18,0,39,0,0,0,0,0,0,0,0,0,0,0,0,0,0,0,0,0,0,0,0,0,0,0,0,0,0,0,0,2,1,0,0,0,0,0,0,0,0,0,0,0,0,0,0,0,0,0,0,0,0,0,0,0,0,0,0,0,67,0,0,0,8,0,65,0,6,0,0,0,39,0,0,0,0,0,0,0,0,0,0,0,42,0,38,0,0,0,5,0,10,0,0,0,61,0,2,0,1,0,0,1,6,0,94,0,134,0,0,83,78,0,0,0,0,0,0,0,2,0,0,0,0,0,0,0,0,0,0,0,1,0,0,0,5,0,0,0,0,0,31,0,119,0,0,0,0,526,0,0,0,1135,66,567,301,5,0,1
60,0,20,0,61,0,57,111,0,566,51,0,71,0,42,0,0,0,15,0,0,0,6,0,34,244,16,0,0,0,0,0,0,0,0,0,0,0,8,0,21,0,4,0,0,0,29,0,13,0,0,0,168,87,71,462,20,43,43,0,202,0,153,50,224,0,173,141,0,0,0,0,0,0,0,0,0,0,0,0,0,0,0,0,0,0,0,0,0,0,0,0,0,0,0,0,0,0,0,0,0,0,0,0,0,0,0,0,0,0,0,0,0,0,0,0,0,0,0,0,0,0,0,0,105,0,12,0,0,0,200,0,6,0,0,0,2,0,0,0,0,0,0,0,0,0,61,0,295,0,58,0,0,0,3,0,16,0,0,0,53,0,0,0,0,0,0,0,13,0,177,0,67,0,1,0,258,140,6,0,0,0,139,0,100,24,3,0,0,0,0,0,0,0,0,0,0,0,0,0,0,0,0,0,0,0,4,0,9,0,1110,61,170,0,705,0,0,0,0,0,0,0,0,0,0
0,44,0,7,0,102,300,29,566,0,0,129,0,61,0,34,0,0,0,34,0,0,1,0,206,6,0,82,0,0,0,0,0,0,0,0,0,0,0,0,0,0,0,0,0,13,0,41,0,0,0,0,125,111,522,89,20,20,46,78,0,175,119,98,0,90,102,104,0,0,0,0,0,0,0,0,0,0,0,0,0,0,0,0,0,0,0,0,0,0,0,0,0,0,0,0,0,0,0,0,0,0,0,0,0,0,0,0,0,0,0,0,0,0,0,0,0,0,0,0,0,1,0,0,0,30,0,0,0,0,0,78,0,3,0,0,0,3,0,0,0,0,0,0,0,0,0,39,0,149,0,83,0,118,0,34,0,65,0,0,0,41,0,3,0,2,0,0,0,4,15,137,0,22,0,19,160,466,0,0,0,0,0,31,0,177,0,0,0,0,0,0,0,0,0,0,0,0,0,0,0,0,0,0,0,0,0,19,0,10,0,0,0,0,436,0,0,0,1055,104,347,394,5,25,1
119,0,113,0,116,159,26,0,51,0,0,55,274,0,41,327,13,0,0,73,115,23,62,43,0,0,9,0,15,0,206,0,397,0,26,0,137,0,89,0,45,0,0,0,0,0,0,0,0,0,0,0,2,0,4,0,0,0,0,0,0,0,0,0,7,0,4,0,0,0,0,0,0,0,0,0,0,0,0,0,0,0,0,0,0,0,0,0,0,0,2,0,0,0,0,0,0,0,0,0,0,0,0,0,0,0,0,0,0,0,0,0,0,0,0,0,0,0,0,0,0,0,0,0,33,0,0,0,0,0,0,0,0,0,0,0,0,0,0,0,0,0,0,0,1,0,0,0,32,0,66,0,85,0,0,0,0,0,0,0,0,0,0,0,0,0,120,0,18,0,6,0,72,0,0,0,278,37,95,0,81,0,111,0,46,0,10,1,0,0,0,0,0,0,0,0,0,0,0,0,0,0,0,0,0,0,0,0,0,0,623,211,257,0,109,0,0,1,0,12,0,0,0,0,0
25,498,62,0,118,136,0,31,0,129,55,0,0,486,259,51,24,36,25,22,139,56,236,163,11,0,0,69,0,49,0,92,0,513,18,91,5,366,0,239,0,145,0,0,0,0,0,175,0,49,0,0,0,21,0,0,0,0,0,0,0,0,0,0,0,42,0,5,0,0,0,0,0,0,0,0,0,0,0,0,0,0,0,0,0,0,0,0,0,0,0,0,0,0,0,0,0,0,0,0,0,2,0,0,0,1,0,0,0,0,0,0,0,0,0,0,0,0,0,0,0,0,0,0,0,6,0,7,0,0,0,0,0,0,0,0,0,7,0,0,0,0,0,0,0,0,0,21,0,51,0,237,0,160,0,6,0,19,0,0,0,0,0,0,0,0,0,124,0,13,0,26,0,154,0,36,123,301,4,38,0,277,0,66,0,82,0,16,0,0,0,0,0,0,0,0,0,0,0,3,0,0,0,1,0,0,0,0,0,0,0,0,0,0,178,0,0,0,1795,369,460,0,7,1,0
135,0,173,0,446,0,39,0,71,0,274,0,0,720,52,62,2,0,67,223,53,68,13,3,0,0,74,478,0,0,34,0,29,0,211,0,97,0,0,0,243,53,183,0,38,0,189,184,18,0,409,74,0,0,0,0,4,0,0,0,0,0,0,0,0,0,0,0,0,0,0,0,0,0,0,0,0,0,0,0,0,0,0,0,0,0,0,0,0,0,0,0,0,0,0,0,0,0,0,0,0,0,0,0,0,0,0,0,0,0,0,0,0,0,0,0,0,0,0,0,0,0,0,0,54,0,0,0,0,0,0,0,0,0,0,0,0,0,0,0,0,0,0,0,0,0,0,0,81,0,0,0,102,0,0,0,0,0,0,0,0,0,0,0,67,0,16,0,0,0,0,0,0,0,0,0,428,136,231,0,143,0,112,0,42,0,98,0,0,0,0,0,0,0,0,0,0,0,0,0,0,0,0,0,0,0,0,0,0,0,401,502,379,0,39,0,0,0,0,20,45,0,0,0,0
0,300,0,36,217,335,0,39,0,61,0,486,720,0,243,7,0,0,680,123,315,95,0,0,0,0,436,89,0,0,24,35,0,0,150,305,0,102,0,0,304,200,64,86,48,33,144,200,0,39,106,340,0,0,0,0,0,0,0,3,0,0,0,0,0,43,0,0,0,0,0,0,0,0,0,0,0,0,0,0,0,0,0,0,0,0,0,0,0,0,0,0,0,0,0,0,0,0,0,0,0,0,0,1,0,0,0,0,0,0,0,0,0,0,0,0,0,0,0,0,0,0,0,0,0,17,0,0,0,0,0,0,0,0,0,0,0,0,0,0,0,0,0,0,0,0,0,21,0,0,0,0,0,0,0,0,0,0,0,1,0,0,0,0,0,77,0,0,0,37,0,0,0,0,0,0,147,456,14,24,0,0,0,0,0,47,47,100,0,0,0,0,0,0,0,0,0,0,0,0,0,4,0,0,0,0,0,0,0,0,0,0,0,0,55,0,0,0,508,432,419,0,1,0,0
5,0,174,0,196,500,0,0,42,0,41,259,52,243,0,648,30,0,199,344,216,131,473,0,86,0,64,69,0,0,198,59,31,0,86,86,42,25,0,0,17,0,0,0,0,0,42,0,0,0,34,0,10,1,181,0,0,0,0,0,2,0,5,0,15,0,0,0,0,0,0,0,0,0,0,0,0,0,0,0,0,0,0,0,0,0,0,0,0,0,0,0,0,0,0,0,0,0,0,0,0,0,0,0,0,0,0,0,0,0,0,0,0,0,0,0,0,0,0,0,0,0,0,0,86,0,0,0,0,0,0,0,0,0,245,0,0,0,0,0,0,0,53,0,0,0,118,0,129,0,149,0,57,0,0,0,0,0,0,0,0,0,0,0,5,0,83,0,0,0,0,0,12,0,0,0,169,104,35,0,19,0,31,0,63,0,0,0,0,0,0,0,0,0,0,0,0,0,33,0,0,0,0,0,0,0,0,0,162,0,255,178,144,0,41,0,0,0,113,21,68,0,0,0,0
89,98,132,381,359,379,0,204,0,34,327,51,62,7,648,0,69,28,0,390,473,163,621,360,0,251,0,129,0,10,101,68,92,48,37,26,0,43,0,22,0,0,0,0,0,0,0,0,0,0,0,15,0,0,0,101,0,13,0,15,0,0,0,0,0,32,0,0,0,0,0,0,0,0,0,0,0,0,0,0,0,0,0,0,0,20,0,0,0,0,0,0,0,0,0,0,0,42,0,10,0,0,0,0,0,0,0,41,0,0,0,0,0,0,0,0,0,0,0,0,0,0,0,4,0,49,0,0,0,0,0,34,2,0,0,400,0,303,0,32,0,0,0,0,0,0,0,54,0,132,0,193,0,0,0,19,0,22,0,12,0,48,0,0,0,0,0,36,2,8,1,14,0,0,0,0,153,74,12,1,0,37,0,4,0,28,0,0,0,0,0,0,0,0,0,0,0,0,0,66,0,0,0,2,0,0,0,60,0,303,65,0,0,0,62,0,0,0,254,531,58,0,5,0,0
147,167,33,95,12,0,0,0,0,0,13,24,2,0,30,69,0,114,109,0,399,0,169,240,147,211,206,0,615,0,171,0,41,0,2,0,0,11,285,56,0,0,0,0,0,0,0,0,0,0,0,0,35,0,54,0,10,0,2,0,17,0,453,20,0,0,0,0,0,0,0,0,0,0,0,0,0,0,0,0,0,0,0,0,26,0,0,0,0,0,75,0,0,0,0,0,450,0,0,0,14,2,0,0,21,0,114,0,0,0,0,0,0,0,0,0,0,0,0,0,0,0,0,0,0,0,0,0,169,0,0,0,25,0,495,0,395,0,60,0,42,0,772,0,0,0,0,0,0,0,0,0,0,0,56,0,1,0,71,0,0,0,1,0,0,0,16,0,0,0,4,0,61,9,0,0,30,14,0,0,0,0,0,0,0,0,0,0,0,0,0,0,0,0,0,0,1,0,60,0,279,0,0,0,0,0,23,0,85,0,126,426,121,0,93,0,0,0,12,5,0,0,0,0,0
124,84,0,41,0,0,0,20,0,0,0,36,0,0,0,28,114,0,0,0,0,283,105,177,269,128,0,0,0,249,0,19,0,30,0,0,0,0,0,226,0,0,0,0,0,0,0,0,0,0,0,0,1,37,5,73,0,81,0,4,0,28,11,393,0,0,0,0,0,0,0,1,0,0,0,0,0,0,0,0,0,12,0,0,0,73,0,0,0,0,1,24,0,2,0,23,0,75,0,33,0,82,0,0,0,0,0,66,0,0,0,0,0,0,0,0,0,0,0,0,0,0,0,2,0,0,0,0,0,0,0,0,0,0,0,590,0,231,0,174,0,150,0,234,0,0,0,0,0,0,0,0,0,0,0,60,0,1,0,41,0,0,0,0,0,0,0,0,0,7,0,1,0,15,0,0,19,22,0,0,0,0,0,0,0,0,0,0,0,0,0,0,0,0,0,0,0,0,0,0,0,29,0,0,0,0,0,0,0,56,0,0,7,0,19,0,0,0,15,600,15,2,0,0,0
8,0,58,0,93,117,0,0,15,0,0,25,67,680,199,0,109,0,0,186,179,79,365,0,0,0,92,387,3,0,17,0,0,0,204,104,37,23,0,0,17,34,68,27,31,0,62,91,4,1,328,89,7,0,273,0,0,0,0,0,0,0,0,0,0,0,0,0,0,0,0,0,0,0,0,0,0,0,0,0,0,0,0,0,35,0,0,0,0,0,0,0,0,0,0,0,0,0,0,0,0,0,0,0,0,0,0,0,0,0,0,0,0,0,0,0,0,0,0,0,0,0,0,0,0,0,0,0,0,0,0,0,0,0,445,0,0,0,0,0,0,0,180,0,0,0,0,0,0,0,0,0,0,0,0,0,0,0,0,0,0,0,0,0,37,0,0,0,0,0,0,0,0,0,0,0,71,63,12,0,0,0,0,0,45,0,11,15,0,0,0,0,0,0,0,0,0,0,0,0,92,0,0,0,0,0,0,0,317,0,195,245,116,0,17,0,0,0,0,22,35,1,0,0,0
0,54,0,95,188,137,0,166,0,34,73,22,223,123,344,390,0,0,186,0,301,347,0,238,0,147,0,489,0,0,0,111,24,0,127,243,0,116,0,0,0,2,0,39,0,17,0,49,0,0,19,187,0,0,0,93,0,0,0,8,0,0,0,0,0,40,0,0,0,0,0,4,0,0,0,17,0,0,0,2,0,0,0,0,0,259,0,0,0,117,0,54,0,0,0,144,0,0,0,0,0,230,0,0,0,0,0,272,0,0,0,0,0,0,0,0,0,0,0,0,0,0,0,0,0,0,0,0,0,0,0,38,0,0,0,986,0,372,0,0,0,0,0,133,0,0,0,0,0,0,0,0,0,0,0,21,0,0,0,0,0,0,0,0,0,41,0,32,0,38,0,0,0,14,0,0,51,49,0,0,0,0,0,0,0,34,0,7,0,0,0,0,0,0,0,0,0,0,0,0,0,0,0,0,0,0,0,0,0,407,0,0,0,0,0,0,0,0,192,225,108,0,5,0,0
0,0,41,10,191,317,0,0,0,0,115,139,53,315,216,473,399,0,179,301,0,162,251,71,63,0,138,126,100,0,190,52,31,17,48,127,55,0,0,0,0,0,10,0,20,3,0,36,3,0,31,0,22,0,93,0,24,0,0,0,4,0,120,0,0,0,0,0,0,0,0,0,0,0,51,0,0,0,0,0,0,0,0,0,273,0,0,0,0,0,289,0,0,0,0,0,1026,0,177,0,46,0,0,0,0,0,239,0,0,0,0,0,0,0,0,0,0,0,0,0,45,0,31,0,0,0,0,0,0,0,0,0,0,0,424,0,210,0,74,0,99,0,729,0,29,0,0,0,0,0,0,0,0,0,0,0,0,0,0,0,0,0,0,0,0,0,36,0,0,0,0,0,18,0,0,0,89,28,60,0,0,0,0,0,0,0,15,7,0,0,0,0,0,0,0,0,0,0,0,0,263,0,0,0,0,0,0,0,142,0,275,585,84,12,22,0,0,0,67,31,0,0,0,0,0
0,0,0,0,0,166,0,0,0,0,23,56,68,95,131,163,0,283,79,347,162,0,0,444,0,140,0,265,0,65,28,61,0,89,39,51,0,60,0,6,0,2,0,78,0,42,0,6,0,3,0,45,0,68,0,98,0,0,0,9,0,0,0,340,0,0,0,0,0,0,0,0,0,0,0,0,0,0,0,0,0,324,0,0,0,603,0,102,0,94,0,63,0,0,0,244,0,0,0,210,0,356,0,0,0,0,0,227,0,0,0,0,0,0,0,0,0,0,0,0,0,156,0,46,0,0,0,0,0,0,0,0,0,0,0,712,0,0,0,326,0,607,0,794,1,88,0,0,0,0,0,0,0,0,0,0,0,0,0,61,0,0,0,3,0,11,0,9,0,0,0,0,0,15,0,0,16,0,0,0,0,0,0,0,0,0,0,29,0,0,0,0,0,0,0,0,0,0,0,0,0,0,0,0,0,0,0,0,0,0,0,0,0,0,23,0,0,0,167,311,58,0,0,0,0
118,227,647,229,193,326,39,0,6,1,62,236,13,0,473,621,169,105,365,0,251,0,0,625,144,85,200,0,52,0,66,0,55,37,0,0,21,0,62,103,0,0,0,0,0,0,0,0,0,0,0,0,7,0,133,0,15,0,0,0,1,0,7,0,0,0,0,0,0,0,0,0,0,0,0,0,0,0,0,0,0,0,0,0,0,0,0,0,0,0,0,0,0,0,0,0,0,0,0,0,0,0,0,0,0,0,0,0,0,0,0,0,0,0,0,0,0,0,0,0,0,0,0,0,47,0,0,0,36,0,0,0,0,0,204,0,119,0,0,0,0,0,55,0,0,0,48,0,21,0,83,0,11,0,10,0,0,0,0,0,30,0,0,0,0,0,38,0,4,0,2,0,56,0,0,0,237,102,61,1,0,0,24,0,18,0,0,0,0,0,3,0,0,0,0,0,0,0,33,0,23,0,0,0,0,0,21,0,165,0,101,303,71,0,45,0,0,0,29,35,19,0,0,0,0
282,91,235,500,0,189,0,57,0,0,43,163,3,0,0,360,240,177,0,238,71,444,625,0,244,262,0,30,28,133,0,83,27,60,0,25,0,42,0,24,0,0,0,0,0,0,0,0,0,0,0,0,0,0,0,70,0,14,0,5,0,0,0,55,0,0,0,0,0,0,0,0,0,0,0,0,0,0,0,0,0,0,0,0,0,80,0,9,0,0,0,8,0,0,0,42,0,83,0,27,0,66,0,0,0,0,0,115,0,0,0,0,0,0,0,0,0,0,0,0,0,13,0,0,0,0,0,0,0,0,0,0,0,0,0,444,0,174,0,29,0,0,0,109,0,0,0,0,0,0,0,19,0,0,0,10,0,3,0,0,0,0,0,0,0,0,0,19,0,0,0,0,0,12,0,0,56,32,0,0,0,0,0,0,0,0,0,0,0,0,0,0,0,0,0,0,0,0,0,0,0,28,0,0,0,0,0,0,0,95,0,0,0,0,0,0,0,0,56,795,23,0,0,0,0
30,485,406,140,0,0,548,240,34,206,0,11,0,0,86,0,147,269,0,0,63,0,144,244,0,1014,0,0,8,0,9,0,0,0,0,0,0,47,50,107,0,0,0,0,0,0,0,0,0,0,0,0,18,34,128,83,45,0,0,0,13,90,83,142,0,0,0,1,0,0,0,0,0,0,0,0,0,0,0,0,0,0,0,0,0,0,0,0,0,0,0,0,0,0,0,0,0,0,0,0,0,0,0,0,0,0,0,0,0,0,0,0,0,0,0,0,0,0,0,0,0,0,0,0,7,0,39,0,72,0,13,0,56,0,166,0,188,0,0,0,0,0,112,9,0,0,11,0,0,0,24,0,0,0,31,0,0,0,30,0,78,0,1,0,0,0,0,0,1,0,10,0,40,0,0,0,65,87,0,0,0,0,9,0,4,0,0,0,0,0,0,0,0,0,0,0,0,0,0,0,22,0,0,0,0,0,14,0,70,0,103,332,37,15,56,0,0,0,34,0,22,0,0,0,0
383,58,181,225,0,0,372,584,244,6,0,0,0,0,0,251,211,128,0,147,0,140,85,262,1014,0,0,0,0,91,0,0,0,0,0,0,0,0,68,98,0,0,0,0,0,0,0,0,0,0,0,0,18,13,64,155,0,19,0,8,37,73,130,184,0,0,0,0,0,0,0,0,0,0,0,0,0,0,0,0,0,0,0,0,0,0,0,1,0,0,2,0,0,0,0,2,0,0,0,0,0,0,0,0,0,0,0,0,0,0,0,0,0,0,0,0,0,0,0,0,0,0,0,0,0,0,0,0,0,0,0,0,0,29,0,157,0,128,0,23,0,0,0,0,0,0,0,0,0,0,0,0,0,0,0,8,0,3,0,11,0,38,0,0,0,0,0,0,0,0,1,8,45,14,0,0,95,66,0,0,0,0,0,0,0,0,0,0,0,0,0,0,0,0,0,0,0,0,0,0,0,9,0,0,0,0,0,0,0,104,54,0,25,0,50,0,0,0,65,299,35,21,0,0,0
0,0,30,0,59,0,0,0,16,0,9,0,74,436,64,0,206,0,92,0,138,0,200,0,0,0,0,398,0,0,43,0,9,0,22,0,56,10,0,0,8,161,346,18,273,0,94,433,10,0,181,62,10,0,190,0,0,0,0,0,0,0,70,0,0,0,0,0,0,0,83,0,0,0,115,0,0,0,0,0,0,0,0,0,383,0,0,0,0,0,281,0,0,0,0,0,1062,0,388,0,0,0,0,0,0,0,0,0,0,0,0,0,0,0,0,0,0,0,0,0,0,0,48,0,0,0,0,0,0,0,0,0,0,0,0,0,0,0,0,0,141,0,537,0,0,0,0,0,0,0,0,0,0,0,9,0,0,0,16,0,0,0,0,0,64,0,15,0,36,0,0,0,0,0,0,0,23,37,0,0,0,0,16,0,20,0,17,0,0,0,0,0,0,0,0,0,0,0,0,0,182,0,0,0,0,0,0,0,273,0,127,553,245,0,0,0,0,12,0,30,0,0,0,0,1
0,183,0,64,0,320,0,48,0,82,0,69,478,89,69,129,0,0,387,489,126,265,0,30,0,0,398,0,0,0,12,0,0,0,109,152,0,55,0,0,393,0,105,385,65,381,225,289,0,29,82,477,0,0,0,27,0,0,0,0,0,0,0,0,0,0,0,0,0,0,0,0,0,0,0,0,0,0,0,0,0,157,0,0,0,210,0,0,0,0,0,0,0,0,0,124,0,0,0,0,0,0,0,0,0,0,0,0,0,0,0,0,0,0,0,0,0,0,0,0,0,116,0,0,0,23,0,0,0,0,0,0,0,0,0,0,0,0,0,0,0,0,0,0,0,23,0,0,0,108,0,0,0,0,0,14,0,22,0,0,0,0,0,0,0,78,0,12,0,60,0,0,0,0,0,0,35,59,0,0,0,0,0,0,0,66,45,79,0,16,0,0,0,0,0,10,0,0,0,0,0,0,0,0,0,8,0,0,0,0,8,12,11,0,45,0,0,0,260,767,439,25,0,0,6
150,0,256,0,51,0,11,0,0,0,15,0,0,0,0,0,615,0,3,0,100,0,52,28,8,0,0,0,0,0,40,0,3,0,5,0,8,0,4,0,0,0,0,0,0,0,0,0,0,0,0,0,11,0,17,0,0,0,1,0,0,0,60,0,0,0,0,0,0,0,0,0,0,0,0,0,0,0,0,0,0,0,0,0,35,0,0,0,0,0,0,0,0,0,0,0,101,0,0,0,0,0,0,0,0,0,0,0,0,0,0,0,0,0,0,0,0,0,0,0,0,0,0,0,0,0,0,0,0,0,0,0,0,0,0,0,48,0,70,0,48,0,150,0,7,0,0,0,1,0,0,0,0,0,18,0,2,0,15,0,0,0,0,0,0,0,0,0,0,0,0,0,1,0,0,0,0,0,2,0,0,0,0,0,0,0,0,0,0,0,0,0,0,0,0,0,0,0,0,0,15,0,0,0,0,0,0,0,0,0,9,155,0,0,0,0,0,0,0,1,0,0,0,0,0
0,137,0,170,0,0,0,57,0,0,0,49,0,0,0,10,0,249,0,0,0,65,0,133,0,91,0,0,0,0,0,22,0,29,0,63,0,7,0,32,0,0,0,10,0,0,0,0,0,0,0,26,0,41,0,38,0,15,0,0,0,0,0,221,0,0,0,3,0,0,0,0,0,0,0,0,0,0,0,0,0,16,0,0,0,47,0,6,0,0,0,8,0,0,0,0,0,31,0,10,0,34,0,0,0,0,0,27,0,0,0,0,0,0,0,0,0,0,0,0,0,0,0,0,0,0,0,0,0,0,0,0,0,0,0,204,0,33,0,119,0,120,0,161,0,0,0,0,0,0,0,0,0,0,0,21,0,0,0,35,0,0,0,0,0,0,0,0,0,0,0,0,0,0,0,0,0,10,0,0,0,0,0,0,0,0,0,0,0,0,0,1,0,0,0,0,0,0,0,0,0,10,0,2,0,0,0,0,0,0,0,0,0,0,0,0,0,0,0,32,0,0,0,0,0
0,0,181,0,431,57,0,0,0,0,206,0,34,24,198,101,171,0,17,0,190,28,66,0,9,0,43,12,40,0,0,0,3,0,32,0,24,0,0,0,0,0,50,0,0,0,0,0,0,0,22,2,7,0,12,0,6,0,1,0,0,0,27,0,0,0,0,0,0,0,10,0,0,0,23,0,0,0,0,0,20,0,0,0,150,0,0,0,0,0,63,0,0,0,0,0,300,0,0,0,0,0,0,0,0,0,0,0,0,0,0,0,0,0,0,0,0,0,0,0,0,0,19,0,0,0,0,0,0,0,0,0,0,0,26,0,0,0,95,0,0,0,322,0,0,0,0,0,0,0,0,0,0,0,0,0,3,0,0,0,0,0,0,0,0,0,14,0,0,0,0,0,8,0,0,0,87,8,94,0,7,0,0,0,0,0,0,0,0,0,1,0,0,0,0,0,0,0,0,0,41,0,0,0,0,0,0,0,0,0,35,217,29,0,11,0,0,0,0,6,0,0,0,0,0
0,0,0,0,0,227,0,0,0,0,0,92,0,35,59,68,0,19,0,111,52,61,0,83,0,0,0,0,0,22,0,0,0,11,0,18,0,18,0,0,0,0,0,15,0,0,0,0,0,0,0,17,0,19,0,14,0,0,0,0,0,0,0,41,0,0,0,0,0,0,0,0,0,0,0,0,0,0,0,0,0,52,0,27,0,110,0,0,0,0,0,0,0,0,0,0,0,0,0,42,0,0,0,0,0,0,0,0,0,0,0,0,0,0,0,0,0,0,0,0,0,51,0,0,0,0,0,0,0,0,0,0,0,0,0,0,0,0,0,96,0,192,0,238,0,39,0,0,0,0,0,0,0,0,0,0,0,0,0,0,0,0,0,2,0,3,0,13,0,0,0,0,0,8,0,0,0,0,0,0,0,0,0,0,0,0,0,0,0,0,0,0,0,0,0,0,0,0,0,0,0,0,0,0,0,0,0,0,0,0,0,0,0,0,0,0,0,0,75,161,24,5,0,0,0
0,0,142,0,381,0,0,0,0,0,397,0,29,0,31,92,41,0,0,24,31,0,55,27,0,0,9,0,3,0,3,0,0,0,11,0,121,0,0,0,0,0,24,0,6,0,0,0,0,0,13,0,4,0,0,0,0,0,0,0,5,0,8,0,0,0,0,0,0,0,0,0,0,0,6,0,0,0,0,0,0,0,0,0,16,0,0,0,0,0,0,0,0,0,0,0,0,0,0,0,0,0,0,0,0,0,0,0,0,0,0,0,0,0,0,0,0,0,0,0,0,0,0,0,0,0,0,0,0,0,0,0,0,0,0,0,0,0,30,0,21,0,0,0,0,0,0,0,0,0,0,0,0,0,0,0,0,0,0,0,0,0,0,0,2,0,17,0,0,0,1,0,0,0,0,0,134,25,176,0,0,0,0,0,0,0,0,0,0,0,0,0,0,0,0,0,0,0,0,0,0,0,0,0,0,0,0,0,0,0,8,329,19,2,0,0,0,0,0,0,0,0,0,0,0
0,0,0,161,0,466,0,22,0,0,0,513,0,0,0,48,0,30,0,0,17,89,37,60,0,0,0,0,0,29,0,11,0,0,0,53,0,41,0,0,0,0,0,5,0,0,0,0,0,0,0,18,0,6,0,4,0,0,0,0,0,4,0,43,0,0,0,0,0,0,0,0,0,0,0,0,0,0,0,0,0,0,0,0,0,0,0,0,0,0,0,0,0,0,0,0,0,0,0,5,0,0,0,0,0,0,0,0,0,0,0,0,0,0,0,0,0,0,0,0,0,0,0,0,0,0,0,0,0,0,0,0,0,0,0,0,0,0,0,31,0,31,0,34,0,18,0,0,0,16,0,0,0,0,0,16,0,27,0,15,0,0,0,0,0,0,0,16,0,0,0,2,0,3,0,0,0,49,0,8,0,0,0,0,0,0,0,0,0,0,0,0,0,0,0,0,0,0,0,0,0,0,0,0,0,0,0,0,0,0,0,0,0,0,0,0,0,0,28,364,35,1,0,0,0
0,0,0,0,199,49,0,0,0,0,26,18,211,150,86,37,2,0,204,127,48,39,0,0,0,0,22,109,5,0,32,0,11,0,0,41,152,0,1,0,0,0,21,0,4,0,0,15,0,0,40,0,0,0,0,0,0,0,0,0,0,0,0,0,0,0,0,0,0,0,3,0,0,0,0,0,0,0,0,0,0,0,0,0,0,0,0,0,0,0,13,0,0,0,0,0,0,0,0,0,0,0,0,0,0,0,0,0,0,0,0,0,0,0,0,0,0,0,0,0,5,0,0,0,0,0,0,0,0,0,0,0,0,0,0,0,0,0,0,0,0,0,0,0,0,0,0,0,0,0,0,0,0,0,3,0,0,0,0,0,0,0,0,0,8,0,20,0,0,0,0,0,2,0,0,0,33,0,44,0,0,0,0,0,0,0,34,3,0,0,0,0,0,0,0,0,0,0,0,0,0,0,0,0,0,0,0,0,0,0,56,80,69,0,0,0,0,0,0,5,0,0,0,0,0
0,0,0,0,0,233,0,0,0,0,0,91,0,305,86,26,0,0,104,243,127,51,0,25,0,0,0,152,0,63,0,18,0,53,41,0,0,136,0,1,0,0,0,15,0,2,0,13,0,0,0,31,0,0,0,0,0,0,0,0,0,0,0,34,0,0,0,0,0,0,0,0,0,0,0,0,0,0,0,3,0,0,0,0,0,0,0,0,0,0,0,0,0,0,0,0,0,0,0,0,0,0,0,0,0,0,0,0,0,0,0,0,0,0,0,0,0,0,0,0,0,0,0,19,0,0,0,0,0,0,0,0,0,0,0,0,0,0,0,0,0,239,0,245,0,77,0,0,0,0,0,0,0,0,0,0,0,0,0,0,0,0,0,3,0,49,0,66,0,15,0,0,0,23,0,0,14,23,0,8,0,0,0,0,0,0,3,121,0,0,0,0,0,0,0,0,0,0,0,0,0,0,0,1,0,0,0,0,0,0,0,0,0,0,23,0,0,0,193,287,111,16,0,0,0
69,0,56,0,144,0,0,0,0,0,137,5,97,0,42,0,0,0,37,0,55,0,21,0,0,0,56,0,8,0,24,0,121,0,152,0,0,0,83,0,0,0,22,0,41,0,0,0,0,0,27,0,10,0,0,0,0,0,1,0,12,0,10,0,0,0,0,0,0,0,68,0,6,0,101,0,0,0,0,0,51,0,0,0,195,0,34,0,0,0,74,0,0,0,0,0,218,0,235,0,0,0,0,0,0,0,0,0,0,0,0,0,0,0,0,0,0,0,0,0,77,0,32,0,0,0,0,0,0,0,0,0,0,0,0,0,0,0,123,0,128,0,120,0,102,0,0,0,0,0,0,0,0,0,13,0,11,0,14,0,0,0,0,0,7,0,17,0,0,0,0,0,27,0,0,0,49,0,62,0,0,0,0,0,0,0,16,0,0,0,0,0,0,0,0,0,0,0,0,0,0,0,0,0,0,0,0,0,0,0,10,87,41,0,4,0,0,0,0,0,0,0,0,0,0
0,209,36,0,0,291,0,0,0,0,0,366,0,102,25,43,11,0,23,116,0,60,0,42,47,0,10,55,0,7,0,18,0,41,0,136,0,0,0,33,0,0,0,83,0,11,0,0,0,0,0,84,0,0,0,0,0,0,0,0,0,19,0,35,0,0,0,0,0,0,0,0,0,0,0,0,0,0,0,0,0,0,0,0,0,0,0,0,0,0,0,0,0,0,0,0,0,0,0,0,0,0,0,0,0,0,0,0,0,0,0,0,0,0,0,0,0,0,0,0,0,0,0,0,0,0,0,0,0,0,0,0,0,0,0,0,0,8,0,164,0,232,0,60,0,171,0,0,0,0,0,0,0,0,0,70,0,31,0,63,0,5,0,0,0,22,0,35,0,10,0,0,0,32,0,0,0,75,0,11,0,0,0,0,0,0,0,52,0,0,0,0,0,0,0,0,0,0,0,0,0,0,0,0,0,0,0,0,0,0,0,0,0,0,7,0,0,0,20,330,114,0,0,0,0
542,38,549,0,119,0,49,0,8,0,89,0,0,0,0,0,285,0,0,0,0,0,62,0,50,68,0,0,4,0,0,0,0,0,1,0,83,0,0,0,0,0,0,0,0,0,0,0,0,0,0,0,11,0,4,0,0,0,0,0,14,0,42,0,0,0,1,0,0,0,0,0,0,0,0,0,0,0,0,0,0,0,0,0,12,0,0,0,0,0,0,0,0,0,0,0,23,0,0,0,0,0,0,0,0,0,0,0,0,0,0,0,0,0,0,0,0,0,0,0,0,0,0,0,0,0,0,0,0,0,0,0,0,0,0,0,7,0,119,0,55,0,33,0,36,0,0,0,0,0,0,0,0,0,14,0,17,0,0,0,0,0,0,0,0,0,16,0,0,0,0,0,28,1,0,0,227,0,16,0,0,0,88,0,0,0,0,0,0,0,0,0,0,0,0,0,0,0,0,0,0,0,0,0,0,0,0,0,0,0,55,553,30,0,19,0,0,0,0,1,0,0,0,0,0
0,732,77,464,0,0,0,325,0,0,0,239,0,0,0,22,56,226,0,0,0,6,103,24,107,98,0,0,0,32,0,0,0,0,0,1,0,33,0,0,0,0,0,0,0,0,0,0,0,0,0,2,0,17,0,15,0,4,0,10,0,5,0,112,0,0,0,0,0,0,0,0,0,0,0,0,0,0,0,0,0,0,0,0,0,0,0,0,0,0,0,0,0,0,0,0,0,0,0,0,0,0,0,0,0,0,0,0,0,0,0,0,0,0,0,0,0,0,0,0,0,0,0,0,0,0,0,0,0,0,0,0,0,0,0,0,0,0,0,78,0,48,0,0,0,0,0,0,0,0,0,0,0,0,0,51,0,42,0,34,0,0,0,0,0,0,0,2,0,0,0,2,0,25,0,0,22,109,0,23,0,0,0,25,0,0,0,0,0,0,0,0,0,0,0,0,0,0,0,0,0,0,0,0,0,0,0,0,0,0,0,0,10,0,0,0,0,0,30,351,58,9,0,0,0
19,0,54,0,164,0,0,0,21,0,45,0,243,304,17,0,0,0,17,0,0,0,0,0,0,0,8,393,0,0,0,0,0,0,0,0,0,0,0,0,0,241,100,0,55,102,88,928,115,58,37,0,0,0,0,0,0,0,0,0,0,0,0,0,0,0,0,0,0,0,0,0,0,0,0,0,0,0,0,0,0,0,0,0,0,0,0,0,0,0,0,0,0,0,0,0,0,0,0,0,0,0,0,0,0,0,0,0,0,0,0,0,0,0,0,0,0,0,0,0,0,0,0,0,0,0,0,0,0,0,0,0,0,0,0,0,0,0,0,0,0,0,0,0,0,0,0,0,0,0,0,0,0,0,0,0,0,0,0,0,0,0,0,0,21,0,2,0,0,0,0,0,0,0,0,0,142,83,33,0,41,0,16,0,9,0,194,6,0,0,0,0,0,0,0,0,0,0,0,0,0,0,0,0,0,0,0,0,0,0,0,169,40,0,0,0,0,9,0,70,0,0,0,0,2
0,68,0,0,0,83,0,0,0,0,0,145,53,200,0,0,0,0,34,2,0,2,0,0,0,0,161,0,0,0,0,0,0,0,0,0,0,0,0,0,241,0,16,0,51,21,236,102,15,157,0,6,0,0,0,0,0,0,0,0,0,0,0,0,0,0,0,0,0,0,0,0,0,0,0,0,0,0,0,0,0,0,0,1,0,0,0,0,0,0,0,0,0,0,0,0,0,0,0,0,0,0,0,0,0,0,0,0,0,0,0,0,0,0,0,0,0,0,0,0,0,0,0,0,0,0,0,0,0,0,0,0,0,0,0,0,0,0,0,0,0,0,0,0,0,0,0,0,0,0,0,0,0,0,0,0,0,1,0,0,0,0,0,0,0,13,0,0,0,0,0,0,0,0,0,0,17,208,0,8,0,0,0,0,0,7,50,11,0,0,0,0,0,0,0,0,0,0,0,0,0,0,0,0,0,0,0,0,0,0,0,12,0,0,0,0,0,1,0,48,15,0,0,0,22
4,0,0,0,0,0,0,0,4,0,0,0,183,64,0,0,0,0,68,0,10,0,0,0,0,0,346,105,0,0,50,0,24,0,21,0,22,0,0,0,100,16,0,0,85,0,53,62,11,0,31,0,0,0,0,0,0,0,6,0,0,0,0,0,0,0,0,2,0,0,36,0,0,0,0,0,0,0,0,0,0,0,0,0,23,0,0,0,8,0,14,0,0,0,0,0,43,0,51,0,0,0,0,0,0,0,0,0,0,0,0,0,0,0,0,0,0,0,0,0,0,0,0,0,0,0,0,0,0,0,0,0,0,0,0,0,0,0,0,0,0,0,0,0,0,0,0,0,0,0,0,0,0,0,0,0,0,0,0,0,0,0,0,0,29,0,20,0,8,0,0,0,11,0,0,0,7,4,27,0,0,0,5,0,0,0,123,0,0,0,0,0,0,0,0,0,0,0,0,0,0,0,0,0,2,0,0,0,0,0,15,147,95,0,0,0,0,2,0,0,0,0,0,0,0
0,0,0,0,2,0,0,5,0,0,0,0,0,86,0,0,0,0,27,39,0,78,0,0,0,0,18,385,0,10,0,15,0,5,0,15,0,83,0,0,0,0,0,0,0,143,0,58,0,16,0,77,0,0,0,0,0,0,0,0,0,0,0,21,0,0,0,0,0,0,0,0,0,0,0,0,0,0,0,0,0,0,0,0,0,0,0,0,0,0,0,0,0,0,0,0,0,0,0,0,0,0,0,0,0,0,0,0,0,0,0,0,0,0,0,0,0,0,0,0,0,0,0,0,0,0,0,0,0,0,0,0,0,0,0,0,0,0,0,0,0,102,0,118,0,0,0,0,0,0,0,0,0,0,0,0,0,0,0,0,0,0,0,0,0,28,0,12,0,13,0,2,0,12,0,0,5,39,0,0,0,0,0,0,0,0,0,119,0,0,0,0,0,0,0,2,0,0,0,0,0,0,0,0,0,0,0,0,0,0,0,0,0,0,0,0,0,0,56,95,131,0,0,0,0
0,0,0,0,13,0,6,0,0,0,0,0,38,48,0,0,0,0,31,0,20,0,0,0,0,0,273,65,0,0,0,0,6,0,4,0,41,0,0,0,55,51,85,0,0,32,225,202,139,44,70,0,5,0,30,0,10,0,7,0,0,0,0,0,2,1,2,0,0,0,81,0,0,0,112,0,35,0,0,0,0,0,49,0,290,0,0,0,25,0,199,0,0,0,50,0,639,0,0,0,62,0,15,0,0,0,114,0,0,0,0,0,0,0,0,0,0,0,0,0,0,0,46,0,7,0,0,0,0,0,0,0,3,0,0,0,0,0,0,0,0,0,0,0,0,0,0,0,12,0,28,0,0,0,0,0,0,0,0,0,0,0,0,0,262,1,32,0,68,0,0,0,0,0,7,0,13,25,11,0,0,0,20,0,8,0,115,0,0,0,0,0,0,0,10,0,0,0,0,0,0,0,0,0,0,0,0,0,0,0,71,232,313,16,13,0,0,48,0,40,0,0,0,0,3
0,0,0,0,0,5,0,0,0,13,0,0,0,33,0,0,0,0,0,17,3,42,0,0,0,0,0,381,0,0,0,0,0,0,0,2,0,11,0,0,102,21,0,143,32,0,77,187,0,175,0,83,0,0,0,0,0,0,0,0,0,0,0,0,0,0,0,8,0,3,0,23,0,0,0,33,0,5,0,0,0,55,0,16,0,86,0,0,0,0,0,0,0,3,0,16,0,5,0,0,0,17,0,6,0,17,0,6,0,0,0,0,0,0,0,0,0,0,0,0,0,86,0,0,0,0,0,2,0,0,0,0,0,0,0,0,0,0,0,0,0,0,0,170,0,0,0,0,0,0,0,0,0,0,0,0,0,0,0,0,0,0,0,0,0,179,0,14,0,144,0,10,0,44,0,0,0,43,0,0,0,0,0,1,0,6,8,49,0,20,0,6,0,0,0,25,0,0,0,0,0,11,0,8,0,20,0,0,0,0,0,10,0,0,0,0,0,0,23,281,313,0,1,0,53
17,0,60,0,116,0,0,0,29,0,0,0,189,144,42,0,0,0,62,0,0,0,0,0,0,0,94,225,0,0,0,0,0,0,0,0,0,0,0,0,88,236,53,0,225,77,0,805,168,110,11,0,5,0,0,0,0,0,0,0,0,0,0,0,0,0,0,0,0,0,0,0,0,0,0,0,0,0,1,0,0,0,0,0,0,0,0,0,0,0,0,0,0,0,0,0,0,0,0,0,5,0,0,0,0,0,0,0,0,0,0,0,0,0,0,0,0,0,0,0,0,0,0,0,39,0,0,0,0,0,0,0,0,0,0,0,0,0,0,0,0,0,0,0,0,0,0,0,65,0,0,0,0,0,0,0,0,0,0,0,0,0,0,0,46,0,0,0,0,0,0,0,0,0,0,0,51,84,31,0,59,0,60,0,45,0,128,0,0,0,0,0,0,0,0,0,0,0,0,0,0,0,0,0,0,0,0,0,0,0,0,514,89,0,0,0,0,67,0,80,0,0,0,0,5
0,174,0,0,0,153,0,0,0,41,0,175,184,200,0,0,0,0,91,49,36,6,0,0,0,0,433,289,0,0,0,0,0,0,15,13,0,0,0,0,928,102,62,58,202,187,805,0,84,116,43,55,0,0,0,0,0,0,0,0,0,0,0,0,0,0,0,0,0,0,0,0,0,0,0,0,0,0,0,0,0,2,0,0,0,0,0,0,0,0,0,0,0,0,0,0,0,0,0,0,0,1,0,1,0,0,0,0,0,0,0,0,0,0,0,0,0,0,0,0,0,0,0,0,0,0,0,0,0,0,0,0,0,0,0,0,0,0,0,0,0,0,0,0,0,0,0,0,0,0,0,0,0,0,0,4,0,0,0,0,0,0,0,0,0,53,0,0,0,0,0,0,0,0,0,0,27,225,0,3,0,0,0,3,0,0,108,21,0,0,0,0,0,0,0,0,0,0,0,0,0,0,0,0,0,0,0,0,0,0,0,31,0,0,0,0,0,0,0,688,102,0,0,0,72
6,0,14,0,11,0,16,0,13,0,0,0,18,0,0,0,0,0,4,0,3,0,0,0,0,0,10,0,0,0,0,0,0,0,0,0,0,0,0,0,115,15,11,0,139,0,168,84,0,54,5,0,0,0,11,0,9,0,8,0,5,0,2,0,0,0,0,0,21,0,0,0,0,0,0,0,8,0,9,0,0,0,16,0,0,0,1,0,22,0,0,0,18,0,8,0,0,0,0,0,21,0,48,1,12,0,20,0,2,0,0,0,0,0,0,0,0,0,1,0,0,0,0,0,0,0,0,0,0,0,0,0,0,0,11,0,0,0,0,0,3,0,0,0,2,0,1,0,0,0,0,0,0,0,0,0,2,0,0,0,3,0,1,0,18,0,2,0,5,0,2,0,5,0,0,0,78,39,11,0,9,0,6,0,0,0,192,0,35,0,4,0,0,0,13,0,0,0,18,0,22,0,15,0,32,0,6,0,12,0,38,92,153,6,28,2,0,12,0,22,3,8,0,0,11
0,9,0,0,0,0,0,4,0,0,0,49,0,39,0,0,0,0,1,0,0,3,0,0,0,0,0,29,0,0,0,0,0,0,0,0,0,0,0,0,58,157,0,16,44,175,110,116,54,0,2,5,0,0,0,2,0,2,0,1,0,0,0,0,0,0,0,0,0,0,0,0,0,0,0,0,0,0,0,0,0,4,0,4,0,0,0,0,0,0,0,0,0,3,0,1,0,0,0,0,0,2,0,10,0,2,0,1,0,0,0,0,0,0,0,0,0,0,0,0,0,0,0,0,0,0,0,0,0,0,0,0,0,0,0,2,0,0,0,0,0,0,0,0,0,0,0,0,0,3,0,0,0,0,0,0,0,0,0,1,0,0,0,0,0,77,0,2,0,0,0,2,0,0,0,0,0,98,0,2,0,0,0,0,0,0,31,38,0,0,0,1,0,0,0,2,0,0,0,0,0,1,0,0,0,0,0,0,0,1,0,16,2,0,2,0,0,2,13,55,24,2,0,0,46
0,0,0,0,124,0,0,0,0,0,0,0,409,106,34,0,0,0,328,19,31,0,0,0,0,0,181,82,0,0,22,0,13,0,40,0,27,0,0,0,37,0,31,0,70,0,11,43,5,2,0,0,0,0,3,0,0,0,0,0,0,0,0,0,0,0,0,0,0,0,30,0,2,0,0,0,0,0,0,0,0,0,0,0,37,0,0,0,8,0,42,0,6,0,0,0,90,0,78,0,0,0,0,0,0,0,0,0,0,0,0,0,0,0,0,0,0,0,0,0,0,0,0,0,0,0,0,0,0,0,0,0,0,0,0,0,0,0,0,0,13,0,0,0,0,0,0,0,0,0,0,0,0,0,0,0,0,0,0,0,0,0,0,0,37,0,19,0,31,0,0,0,15,0,0,0,27,0,0,0,7,0,0,0,0,0,137,7,0,0,0,0,0,0,0,0,0,0,0,0,0,0,0,0,0,0,0,0,0,0,54,122,132,21,0,0,0,0,0,0,0,0,0,0,0
0,0,0,0,0,0,0,0,0,0,0,0,74,340,0,15,0,0,89,187,0,45,0,0,0,0,62,477,0,26,2,17,0,18,0,31,0,84,0,2,0,6,0,77,0,83,0,55,0,5,0,0,0,0,0,0,0,0,0,0,0,0,0,0,0,0,0,0,0,0,0,0,0,0,0,0,0,0,0,0,0,71,0,0,0,124,0,0,0,0,0,0,0,1,0,0,0,0,0,0,0,34,0,0,0,0,0,0,0,0,0,0,0,0,0,0,0,0,0,0,0,64,0,0,0,0,0,0,0,0,0,0,0,4,0,0,0,0,0,0,0,173,0,265,0,93,0,0,0,0,0,0,0,0,0,24,0,0,0,0,0,0,0,0,0,41,0,26,0,44,0,22,0,51,0,0,17,120,0,1,0,0,0,0,0,0,0,216,0,0,0,4,0,0,0,9,0,0,0,0,0,0,0,7,0,8,0,0,0,0,0,0,0,0,16,0,0,0,100,102,180,0,0,0,0
0,0,5,0,10,0,131,0,168,125,2,0,0,0,10,0,35,1,7,0,22,0,7,0,18,18,10,0,11,0,7,0,4,0,0,0,10,0,11,0,0,0,0,0,5,0,5,0,0,0,0,0,0,35,339,155,129,71,13,93,63,0,39,11,0,7,1,158,0,0,0,0,0,0,0,0,0,0,0,0,0,0,0,0,9,0,0,0,0,0,0,0,0,0,0,0,42,0,0,0,0,0,0,0,0,0,5,0,0,0,0,0,0,0,0,0,0,0,0,0,0,0,0,0,0,0,0,0,130,0,16,0,12,0,23,0,177,0,294,0,93,0,227,0,19,1,0,0,0,0,2,0,0,0,303,6,85,0,175,0,23,0,0,0,0,0,0,0,0,0,21,0,5,0,0,0,42,6,0,0,0,0,0,0,10,10,0,0,0,0,0,0,0,0,0,0,0,0,0,0,11,0,0,0,0,0,0,0,0,0,80,540,33,73,64,0,0,0,2,0,0,0,0,0,0
4,43,0,0,0,4,38,88,87,111,0,21,0,0,1,0,0,37,0,0,0,68,0,0,34,13,0,0,0,41,0,19,0,6,0,0,0,0,0,17,0,0,0,0,0,0,0,0,0,0,0,0,35,0,109,114,7,92,15,13,0,30,17,57,0,0,36,47,0,0,0,0,0,0,0,0,0,0,0,0,0,0,0,0,0,3,0,0,0,0,0,0,0,0,0,0,0,0,0,0,0,3,0,0,0,0,0,0,0,0,0,0,0,0,0,0,0,0,0,0,0,0,0,0,0,9,0,9,0,26,0,14,1,34,0,122,0,87,0,147,0,64,0,52,0,21,0,0,0,0,0,0,0,0,0,178,1,108,0,139,0,25,0,0,0,0,0,0,0,1,0,5,0,2,0,0,0,13,0,1,0,0,0,0,1,13,0,0,0,0,0,0,0,0,0,0,0,0,0,0,0,3,0,0,0,0,0,0,0,19,0,0,0,0,64,0,0,0,84,248,28,28,0,0,0
3,0,58,0,22,0,499,19,71,522,4,0,0,0,181,0,54,5,273,0,93,0,133,0,128,64,190,0,17,0,12,0,0,0,0,0,0,0,4,0,0,0,0,0,30,0,0,0,11,0,3,0,339,109,0,382,136,60,15,50,28,0,39,74,0,0,0,163,0,0,0,0,0,0,0,0,0,0,0,0,0,0,0,0,0,0,0,0,0,0,1,0,0,0,0,0,1,0,0,0,0,0,0,0,0,0,0,0,0,0,0,0,0,0,0,0,0,0,0,0,0,0,0,0,14,0,17,0,38,0,45,0,23,0,0,0,0,0,5,0,6,0,17,0,0,0,0,0,0,0,4,0,0,0,59,0,21,0,29,4,79,0,0,0,0,0,0,0,6,0,128,0,14,0,0,0,12,28,0,0,0,0,1,0,0,0,0,0,0,0,0,0,0,0,0,0,0,0,0,0,0,0,0,0,0,0,0,0,0,0,395,288,136,258,308,0,6,0,0,0,0,0,0,0,0
0,5,0,18,0,0,164,148,462,89,0,0,0,0,0,101,0,73,0,93,0,98,0,70,83,155,0,27,0,38,0,14,0,4,0,0,0,0,0,15,0,0,0,0,0,0,0,0,0,2,0,0,155,114,382,0,25,228,36,153,0,50,111,146,0,0,143,87,0,0,0,0,0,0,0,0,0,0,0,0,0,0,0,0,0,0,0,0,0,0,0,0,0,0,0,3,0,0,0,0,0,0,0,0,0,0,0,0,0,0,0,0,0,0,0,0,0,0,0,0,0,0,0,1,0,38,0,36,0,15,0,49,0,55,0,147,0,138,0,21,0,0,0,24,0,0,0,5,0,5,0,39,0,1,6,95,1,48,0,34,0,102,0,4,0,0,0,0,0,4,0,146,2,22,0,0,24,14,0,0,0,0,6,0,0,0,0,0,0,0,0,0,0,0,0,0,0,0,0,16,1,0,0,0,0,0,0,19,0,117,15,0,0,0,457,0,0,0,493,138,280,504,0,31,0
0,0,10,0,0,0,101,0,20,20,0,0,4,0,0,0,10,0,0,0,24,0,15,0,45,0,0,0,0,0,6,0,0,0,0,0,0,0,0,0,0,0,0,0,10,0,0,0,9,0,0,0,129,7,136,25,0,0,146,0,5,0,8,0,0,0,17,102,0,0,0,0,0,0,0,0,0,0,0,0,0,0,0,0,0,0,0,2,0,0,0,0,0,1,0,0,0,0,0,0,0,0,0,0,0,0,0,0,0,0,0,0,0,0,0,0,0,0,0,0,0,3,0,0,0,0,0,0,16,0,57,0,24,0,0,0,4,0,7,0,1,0,0,0,2,0,0,0,10,1,0,0,0,0,213,64,21,0,81,73,205,0,49,0,0,0,6,0,4,0,191,0,16,0,0,11,2,0,0,0,14,0,0,0,4,0,0,0,0,0,0,0,0,0,0,0,0,0,0,0,0,0,0,0,0,0,0,0,1,0,827,226,411,399,672,0,3,1,0,0,0,0,0,0,0
0,8,0,0,0,0,0,35,43,20,0,0,0,0,0,13,0,81,0,0,0,0,0,14,0,19,0,0,0,15,0,0,0,0,0,0,0,0,0,4,0,0,0,0,0,0,0,0,0,2,0,0,71,92,60,228,0,0,114,38,0,5,0,15,25,3,146,41,0,0,0,0,0,0,0,0,0,0,0,0,0,0,0,0,0,0,0,0,0,0,0,0,0,1,0,0,0,0,0,0,0,0,0,0,0,0,0,0,0,0,0,0,0,0,0,0,0,0,0,0,0,0,0,0,0,16,0,0,0,25,0,37,0,24,0,32,0,40,0,20,0,9,0,0,6,7,0,0,0,0,0,6,0,0,34,152,11,28,0,151,0,164,0,38,0,1,0,0,0,8,0,152,1,9,0,0,0,0,0,0,0,0,0,0,7,4,0,0,0,0,0,0,0,0,0,1,0,0,0,6,0,0,0,0,0,0,0,0,0,45,0,0,0,0,531,0,0,0,590,241,421,470,5,5,0
0,0,0,0,0,0,22,0,43,46,0,0,0,0,0,0,2,0,0,0,0,0,0,0,0,0,0,0,1,0,1,0,0,0,0,0,1,0,0,0,0,0,6,0,7,0,0,0,8,0,0,0,13,15,15,36,146,114,0,116,0,0,4,0,218,24,124,190,0,0,0,0,0,0,0,0,0,0,0,0,0,0,0,0,0,0,0,0,0,0,0,0,0,0,0,0,0,0,0,0,0,0,0,0,0,0,0,0,0,0,0,0,0,0,0,0,0,0,0,0,0,0,0,0,4,0,0,0,0,0,44,0,1,0,0,0,0,0,1,0,0,0,0,0,0,0,0,0,12,0,0,0,0,0,29,91,43,0,0,60,47,0,17,1,0,0,0,0,0,0,77,0,20,0,0,8,10,0,0,0,0,0,0,0,34,17,0,0,0,0,0,0,0,0,0,0,0,0,0,0,0,0,0,0,0,0,0,0,0,0,835,308,174,258,552,0,0,0,0,0,0,0,0,0,0
0,4,0,8,0,16,0,161,0,78,0,0,0,3,0,15,0,4,0,8,0,9,0,5,0,8,0,0,0,0,0,0,0,0,0,0,0,0,0,10,0,0,0,0,0,0,0,0,0,1,0,0,93,13,50,153,0,38,116,0,0,0,0,3,0,59,200,206,0,0,0,0,0,0,0,0,0,0,0,0,0,0,0,0,0,0,0,1,0,0,0,0,0,0,0,0,0,0,0,0,0,0,0,0,0,0,0,0,0,0,0,0,0,0,0,0,0,0,0,0,0,0,0,0,0,8,0,0,0,0,0,41,0,0,0,0,0,0,13,0,0,0,0,0,0,28,0,3,0,0,0,1,0,0,78,75,41,54,0,31,0,85,0,51,0,1,0,0,0,4,2,91,0,7,0,9,2,0,0,0,0,7,0,0,0,40,0,0,0,0,0,0,0,0,0,0,0,0,0,0,0,0,0,0,0,0,0,0,0,2,1,2,0,0,658,0,0,0,1112,299,473,431,13,0,3
123,0,0,0,0,0,188,0,202,0,0,0,0,0,2,0,17,0,0,0,4,0,1,0,13,37,0,0,0,0,0,0,5,0,0,0,12,0,14,0,0,0,0,0,0,0,0,0,5,0,0,0,63,0,28,0,5,0,0,0,0,2,18,0,0,0,0,0,0,0,0,0,0,0,6,0,0,0,0,0,0,0,0,0,0,0,0,0,0,0,0,0,0,0,0,0,0,0,0,0,0,0,0,0,0,0,0,0,0,0,0,0,0,0,0,0,0,0,0,0,0,0,0,0,0,0,0,0,0,0,2,0,0,0,0,0,14,0,157,0,154,0,0,0,160,0,0,0,0,0,0,0,0,0,62,0,58,0,28,0,0,0,1,0,0,0,0,0,0,0,78,0,82,0,0,0,117,17,0,0,0,0,11,0,14,0,0,0,0,0,0,0,0,0,0,0,0,0,0,0,0,0,0,0,0,0,0,0,0,0,76,296,87,73,54,0,0,0,0,0,0,0,0,0,0
0,425,0,15,0,0,0,491,0,175,0,0,0,0,0,0,0,28,0,0,0,0,0,0,90,73,0,0,0,0,0,0,0,4,0,0,0,19,0,5,0,0,0,0,0,0,0,0,0,0,0,0,0,30,0,50,0,5,0,0,2,0,5,96,0,0,0,0,0,0,0,0,0,0,0,0,0,0,0,0,0,2,0,0,0,0,0,0,0,0,0,0,0,0,0,0,0,0,0,0,0,0,0,0,0,0,0,0,0,0,0,0,0,0,0,0,0,0,0,0,0,0,0,0,0,0,0,0,0,0,0,0,0,0,0,0,0,0,0,79,0,54,0,0,0,117,0,0,0,0,0,0,0,0,0,45,0,75,0,59,0,0,0,4,0,0,0,2,0,0,0,69,0,52,0,0,4,70,0,0,0,0,0,25,0,0,0,0,0,0,0,0,0,0,0,0,0,0,0,0,0,0,0,0,0,0,0,0,0,0,0,0,0,1,0,0,0,0,90,546,66,50,2,0,0
100,19,73,0,0,0,360,43,153,119,0,0,0,0,5,0,453,11,0,0,120,0,7,0,83,130,70,0,60,0,27,0,8,0,0,0,10,0,42,0,0,0,0,0,0,0,0,0,2,0,0,0,39,17,39,111,8,0,4,0,18,5,0,50,0,0,0,6,0,0,0,0,0,0,0,0,0,0,0,0,0,0,0,0,17,0,0,0,0,0,0,0,0,0,0,0,0,0,0,0,0,0,0,0,0,0,0,0,0,0,0,0,0,0,0,0,0,0,0,0,0,0,2,0,0,0,0,0,27,0,0,0,0,0,10,0,65,0,72,0,26,0,173,0,18,0,0,0,0,0,0,0,0,0,83,0,32,0,40,0,0,0,0,0,0,0,0,0,0,0,7,0,11,0,0,0,117,21,0,0,0,0,11,0,0,0,0,0,0,0,0,0,0,0,0,0,0,0,0,0,0,0,0,0,0,0,0,0,0,0,34,373,25,38,39,0,0,0,0,0,0,0,0,0,0
0,272,5,20,0,0,96,538,50,98,0,0,0,0,0,0,20,393,0,0,0,340,0,55,142,184,0,0,0,221,0,41,0,43,0,34,0,35,0,112,0,0,0,21,0,0,0,0,0,0,0,0,11,57,74,146,0,15,0,3,0,96,50,0,0,0,0,2,0,0,0,0,0,0,0,0,0,0,0,0,0,0,0,0,0,0,0,0,0,0,0,0,0,0,0,0,0,0,0,2,0,0,0,0,0,0,0,0,0,0,0,0,0,0,0,0,0,0,0,0,0,0,0,0,0,0,0,0,0,0,0,0,0,0,0,0,0,0,0,46,0,42,0,20,0,0,0,0,0,0,0,0,0,0,0,60,0,41,0,30,0,0,0,0,0,0,0,0,0,0,5,4,4,3,0,0,10,32,0,0,0,0,0,13,0,1,0,0,0,0,0,0,0,0,0,0,0,0,0,0,0,0,0,0,0,0,0,0,1,13,4,0,0,0,0,0,0,0,17,369,9,0,0,0,0
11,0,24,0,19,0,50,0,224,0,7,0,0,0,15,0,0,0,0,0,0,0,0,0,0,0,0,0,0,0,0,0,0,0,0,0,0,0,0,0,0,0,0,0,2,0,0,0,0,0,0,0,0,0,0,0,0,25,218,0,0,0,0,0,0,96,213,31,0,0,2,0,0,3,0,0,0,0,0,0,0,0,0,0,0,0,0,0,0,0,0,0,0,0,0,0,0,0,0,0,0,0,0,0,0,0,0,0,0,0,0,0,0,0,0,0,0,0,0,0,0,0,0,0,13,11,0,0,0,0,27,0,0,0,0,0,0,0,4,51,0,0,0,0,10,78,6,0,34,0,3,0,0,0,17,106,1,0,14,246,112,244,9,0,0,0,0,0,0,0,7,0,0,0,6,0,0,0,0,0,251,53,0,0,76,0,0,0,0,0,0,0,0,0,0,0,0,0,0,0,0,0,0,0,0,0,0,0,0,0,109,28,39,0,62,0,0,0,0,0,0,0,0,0,0
0,77,0,6,0,68,0,18,0,90,0,42,0,43,0,32,0,0,0,40,0,0,0,0,0,0,0,0,0,0,0,0,0,0,0,0,0,0,0,0,0,0,0,0,1,0,0,0,0,0,0,0,7,0,0,0,0,3,24,59,0,0,0,0,96,0,0,332,0,0,0,31,0,7,0,23,0,0,0,0,0,16,0,9,0,4,0,10,0,0,0,0,0,0,0,6,0,0,0,0,0,0,0,0,0,1,0,0,0,0,0,0,0,0,0,0,0,0,0,0,0,20,0,0,0,25,0,0,0,0,0,121,0,0,0,0,0,0,50,18,0,0,0,0,46,112,0,11,0,244,0,0,0,0,0,31,0,5,42,36,106,177,0,11,0,0,0,0,0,0,0,0,0,0,0,63,1,0,0,0,65,182,0,0,1,89,0,0,0,0,0,0,0,0,0,0,0,0,0,0,0,0,0,0,0,0,0,0,0,0,0,0,0,0,25,0,0,0,89,5,0,0,0,0,0
12,0,0,0,0,0,63,0,173,102,4,0,0,0,0,0,0,0,0,0,0,0,0,0,0,0,0,0,0,0,0,0,0,0,0,0,0,0,1,0,0,0,0,0,2,0,0,0,0,0,0,0,1,36,0,143,17,146,124,200,0,0,0,0,213,0,0,271,0,0,0,2,0,0,0,0,0,0,0,0,0,0,0,0,0,0,0,0,0,0,0,0,0,0,0,0,0,0,0,0,0,0,1,0,0,0,0,0,0,0,0,0,0,0,0,0,0,0,0,0,0,0,0,0,1,0,0,0,0,0,0,0,0,0,0,0,0,0,0,9,0,0,0,0,0,0,0,0,51,0,0,0,0,0,32,73,21,0,0,63,42,0,1,0,0,0,4,0,0,0,24,0,0,0,2,15,65,0,0,0,49,10,0,0,221,29,0,0,0,0,0,0,0,0,0,0,0,0,0,0,0,0,0,0,0,0,0,0,0,0,153,95,18,0,0,0,0,0,3,0,0,0,0,0,0
0,8,0,5,0,0,0,39,141,104,0,5,0,0,0,0,0,0,0,0,0,0,0,0,1,0,0,0,0,3,0,0,0,0,0,0,0,0,0,0,0,0,2,0,0,8,0,0,0,0,0,0,158,47,163,87,102,41,190,206,0,0,6,2,31,332,271,0,0,0,0,0,0,0,0,0,0,0,0,0,0,0,0,0,0,0,0,0,0,0,0,0,0,0,0,0,0,0,0,0,0,0,0,0,0,0,0,0,0,0,0,0,0,0,0,0,0,0,0,0,0,0,0,0,0,8,0,0,0,0,0,90,0,0,0,0,0,0,15,0,0,0,0,0,0,33,0,2,0,33,0,0,0,2,108,89,25,52,0,44,0,123,0,15,0,0,0,0,0,1,0,40,0,4,0,72,9,21,0,0,12,30,0,0,18,278,0,0,0,0,0,0,0,0,0,0,0,0,0,0,0,0,0,0,0,0,0,2,2,0,0,0,0,0,242,0,0,0,472,147,118,0,0,0,0
0,0,0,0,0,0,0,0,0,0,0,0,0,0,0,0,0,0,0,0,0,0,0,0,0,0,0,0,0,0,0,0,0,0,0,0,0,0,0,0,0,0,0,0,0,0,0,0,21,0,0,0,0,0,0,0,0,0,0,0,0,0,0,0,0,0,0,0,0,0,0,0,0,0,0,0,130,0,15,0,0,0,33,0,0,0,0,0,30,0,7,0,70,0,0,0,0,0,0,0,16,0,217,0,9,0,26,0,42,0,4,0,38,0,3,0,3,0,0,0,2,0,0,0,1,0,0,0,0,0,0,0,0,0,0,0,0,0,0,0,3,0,5,0,0,0,0,0,0,0,0,0,0,0,0,0,0,0,0,0,0,0,0,1,17,0,0,0,26,0,0,0,0,0,0,0,0,0,0,0,0,0,0,0,0,0,0,0,20,0,0,0,0,0,0,0,0,0,0,0,0,0,0,0,0,0,0,0,0,0,105,4,42,0,12,37,2,0,0,0,0,0,0,0,0
0,0,0,0,0,0,0,0,0,0,0,0,0,0,0,0,0,0,0,0,0,0,0,0,0,0,0,0,0,0,0,0,0,0,0,0,0,0,0,0,0,0,0,0,0,3,0,0,0,0,0,0,0,0,0,0,0,0,0,0,0,0,0,0,0,0,0,0,0,0,0,0,0,2,0,0,0,35,0,0,0,0,0,10,0,6,0,6,0,22,0,0,0,52,0,34,0,7,0,0,0,0,0,175,0,0,0,0,0,12,0,1,0,0,0,0,0,0,0,0,0,0,0,0,0,0,0,0,0,0,0,0,0,0,0,0,0,0,0,0,0,0,0,0,0,0,0,0,0,0,0,0,0,0,0,0,0,0,0,0,0,0,0,0,0,11,0,0,0,68,0,3,0,0,0,0,0,0,0,0,0,0,0,0,0,0,0,0,0,8,0,0,0,0,0,0,0,0,0,0,0,9,0,0,0,0,0,0,0,0,0,0,0,0,0,0,0,0,30,1,42,4,5,2,0
0,0,0,0,0,0,0,0,0,0,0,0,0,0,0,0,0,0,0,0,0,0,0,0,0,0,83,0,0,0,10,0,0,0,3,0,68,0,0,0,0,0,36,0,81,0,0,0,0,0,30,0,0,0,0,0,0,0,0,0,0,0,0,0,2,0,0,0,0,0,0,0,206,0,125,0,15,0,152,0,14,0,0,0,0,0,18,0,0,0,0,0,0,0,0,0,0,0,0,0,0,0,0,0,0,0,0,0,0,0,0,0,0,0,0,0,0,0,0,0,19,0,3,0,12,0,3,0,29,21,45,19,9,0,0,0,14,2,14,20,58,8,9,4,83,0,0,0,43,0,29,2,87,0,0,0,21,0,2,11,2,8,124,0,1,0,89,0,25,0,47,0,81,0,36,0,0,0,0,0,32,12,0,0,27,0,0,0,0,0,0,0,0,0,0,0,0,0,0,0,0,0,0,0,0,0,0,0,22,0,19,0,0,0,4,0,0,0,0,0,0,0,0,0,0
0,0,0,0,0,0,0,0,0,0,0,0,0,0,0,0,0,1,0,4,0,0,0,0,0,0,0,0,0,0,0,0,0,0,0,0,0,0,0,0,0,0,0,0,0,23,0,0,0,0,0,0,0,0,0,0,0,0,0,0,0,0,0,0,0,31,2,0,0,0,0,0,0,110,3,246,0,7,0,2,0,0,0,0,0,2,0,70,0,0,0,0,0,0,0,1,0,0,0,0,0,0,0,0,0,0,0,0,0,0,0,0,0,0,0,0,0,0,0,0,0,3,0,6,0,56,0,26,7,9,0,35,15,5,0,0,0,0,0,1,0,23,0,30,2,77,0,42,0,46,0,40,0,82,0,0,0,11,0,0,8,17,0,57,0,0,0,19,0,7,0,33,0,32,0,45,0,0,0,0,0,46,0,0,0,5,0,0,0,0,0,0,0,0,0,0,0,0,0,0,0,0,0,0,0,0,0,0,0,41,0,0,0,0,0,0,0,0,61,6,20,0,0,0,1
0,0,0,0,0,0,0,0,0,0,0,0,0,0,0,0,0,0,0,0,0,0,0,0,0,0,0,0,0,0,0,0,0,0,0,0,6,0,0,0,0,0,0,0,0,0,0,0,0,0,2,0,0,0,0,0,0,0,0,0,0,0,0,0,0,0,0,0,0,0,206,0,0,0,214,0,40,0,440,0,8,0,18,0,23,0,32,0,0,0,7,0,6,0,0,0,0,0,3,0,1,0,0,0,0,0,0,0,0,0,0,0,0,0,0,0,0,0,0,0,42,0,44,0,9,4,21,2,5,0,0,0,2,0,0,0,13,0,4,0,93,0,110,0,75,0,19,0,7,0,95,0,16,0,0,0,6,0,0,1,0,0,87,0,0,0,0,0,19,0,18,0,0,0,3,0,0,0,0,0,11,0,0,0,3,0,0,0,8,0,0,0,0,0,1,0,3,0,0,0,140,0,0,0,57,0,0,0,50,0,310,0,27,0,22,0,0,0,0,0,0,0,0,0,0
0,0,0,0,0,0,0,0,0,0,0,0,0,0,0,0,0,0,0,0,0,0,0,0,0,0,0,0,0,0,0,0,0,0,0,0,0,0,0,0,0,0,0,0,0,0,0,0,0,0,0,0,0,0,0,0,0,0,0,0,0,0,0,0,3,7,0,0,0,2,0,110,0,0,0,406,0,84,0,30,0,25,0,9,0,42,0,200,0,1,0,0,0,1,0,3,0,8,0,0,0,0,0,1,0,0,0,0,0,0,0,0,0,0,0,0,0,0,0,0,0,29,2,45,0,31,0,20,0,7,4,7,3,9,0,0,0,0,1,0,0,16,0,91,1,49,0,22,0,10,0,30,0,0,0,0,0,0,0,0,0,8,0,30,0,0,0,2,0,12,0,14,0,6,0,0,0,0,0,0,0,25,0,0,0,2,0,0,0,0,0,0,0,0,0,0,0,0,0,0,0,125,0,0,0,0,0,0,0,0,0,0,0,0,10,0,0,0,124,5,39,0,0,0,0
0,0,0,0,0,0,0,0,0,0,0,0,0,0,0,0,0,0,0,0,51,0,0,0,0,0,115,0,0,0,23,0,6,0,0,0,101,0,0,0,0,0,0,0,112,0,0,0,0,0,0,0,0,0,0,0,0,0,0,0,6,0,0,0,0,0,0,0,0,0,125,3,214,0,0,0,17,0,238,0,23,5,8,2,36,0,66,0,0,0,0,0,0,0,0,2,4,0,32,4,1,0,0,0,0,0,0,2,0,0,0,0,0,0,0,0,0,0,0,0,102,0,56,0,11,56,6,30,59,28,21,0,26,36,0,0,54,0,22,18,149,15,138,7,94,10,0,0,34,0,97,0,150,0,0,0,0,0,2,0,4,3,65,0,0,0,63,0,19,0,41,0,67,0,51,0,0,0,0,0,78,30,0,0,17,0,0,0,0,0,0,0,0,0,0,0,0,0,0,0,92,0,0,3,0,0,0,0,43,0,44,3,13,0,9,0,0,0,5,0,0,0,0,0,0
0,0,0,0,0,0,0,0,0,0,0,0,0,0,0,0,0,0,0,17,0,0,0,0,0,0,0,0,0,0,0,0,0,0,0,0,0,0,0,0,0,0,0,0,0,33,0,0,0,0,0,0,0,0,0,0,0,0,0,0,0,0,0,0,0,23,0,0,0,0,0,246,0,406,0,0,0,3,0,119,0,7,0,0,0,20,0,165,0,0,6,0,2,0,0,0,0,1,0,1,0,0,0,0,0,0,0,0,0,0,0,0,0,0,0,0,0,0,0,0,0,54,0,222,0,48,0,0,0,7,0,36,20,0,0,114,3,12,0,4,0,62,0,91,0,239,13,60,0,80,4,64,0,148,0,0,0,14,0,16,0,18,0,60,0,0,0,0,0,58,0,28,0,40,0,60,0,0,0,0,0,95,0,0,0,12,0,0,0,0,0,0,0,0,0,0,0,0,0,66,0,30,0,0,0,0,0,69,0,100,0,0,0,0,14,0,0,0,164,7,33,0,0,0,0
0,0,0,0,0,0,0,0,0,0,0,0,0,0,0,0,0,0,0,0,0,0,0,0,0,0,0,0,0,0,0,0,0,0,0,0,0,0,0,0,0,0,0,0,35,0,0,0,8,0,0,0,0,0,0,0,0,0,0,0,0,0,0,0,0,0,0,0,130,0,15,0,40,0,17,0,0,0,110,0,16,0,206,0,41,0,92,0,16,0,0,0,177,0,41,0,81,0,0,0,16,0,130,0,61,0,85,0,9,0,0,0,0,0,0,0,0,0,0,0,23,0,0,0,0,0,0,0,0,0,0,0,0,0,0,0,0,0,0,0,0,0,0,2,0,0,0,0,0,0,0,0,13,0,0,0,0,0,0,0,0,0,0,0,12,0,0,0,12,0,0,0,0,0,0,0,0,0,0,0,0,0,0,0,0,0,0,0,143,0,0,0,0,0,50,0,0,0,0,0,219,0,0,0,303,0,0,0,0,0,68,4,41,1,0,10,0,0,0,0,0,0,0,0,0
0,0,0,0,0,0,0,0,0,0,0,0,0,0,0,0,0,0,0,0,0,0,0,0,0,0,0,0,0,0,0,0,0,0,0,0,0,0,0,0,0,0,0,0,0,5,0,0,0,0,0,0,0,0,0,0,0,0,0,0,0,0,0,0,0,0,0,0,0,35,0,7,0,84,0,3,0,0,0,4,0,73,0,160,0,0,0,215,0,30,0,0,0,168,0,81,0,0,0,12,0,10,0,112,0,0,0,42,0,11,0,0,0,0,0,0,0,12,0,0,0,20,0,0,0,0,0,0,0,0,0,0,0,0,0,0,0,0,0,0,0,0,0,0,0,0,0,5,0,0,0,0,0,0,0,0,0,0,0,0,0,0,0,2,0,3,0,0,0,32,0,2,0,0,0,0,0,0,0,0,0,0,0,0,0,0,0,0,0,0,0,13,0,0,0,52,0,0,0,0,0,74,0,0,0,0,0,0,0,0,0,0,0,0,3,0,0,0,26,2,69,1,0,0,0
0,0,0,0,0,0,0,0,0,0,0,0,0,0,0,0,0,0,0,0,0,0,0,0,0,0,0,0,0,0,0,0,0,0,0,0,0,0,0,0,0,0,0,0,0,0,1,0,9,0,0,0,0,0,0,0,0,0,0,0,0,0,0,0,0,0,0,0,15,0,152,0,440,0,238,0,110,0,0,0,17,0,101,0,88,0,144,0,0,0,0,0,56,0,50,0,84,0,15,0,15,0,66,0,0,0,29,0,2,0,0,0,0,0,0,0,3,0,0,0,112,0,77,0,0,0,0,0,8,0,0,0,0,0,0,0,17,0,0,0,108,0,105,3,15,0,0,0,6,0,0,0,15,0,0,0,0,0,0,0,0,0,9,0,9,0,0,0,19,0,0,0,0,0,0,0,0,0,0,0,0,0,0,0,0,0,0,0,0,0,0,0,0,0,24,0,0,0,0,0,321,0,0,0,188,0,0,0,0,0,247,0,66,0,0,19,0,0,0,0,0,0,0,0,0
