0,40,89,0,195,0,20,28,72,6,258,0,137,0,25,10,125,33,18,0,32,0,76,49,72,208,20,0,87,0,33,0,57,0,0,0,0,0,419,0,0,0,0,0,52,0,66,0,33,0,0,0,0,0,4,7,0,0,2,0,112,0,0,18,10,0,0,0,0,0,0,0,0,0,0,0,1,0,0,0,0,0,0,0,0,0,0,0,0,0,2,0,0,0,0,0,0,0,0,0,0,0,0,0,0,0,0,0,0,0,0,0,0,0,0,0,0,0,0,0,0,0,0,0,0,0,6,0,0,0,0,0,0,0,3,0,0,0,0,0,0,0,0,0,0,0,0,0,0,0,8,0,0,0,0,0,0,0,0,0,0,0,0,0,8,0,0,0,39,0,23,0,383,0,0,0,155,91,39,0,2,0,107,0,24,0,0,0,0,0,0,0,0,0,0,0,0,0,0,0,0,0,0,0,0,0,0,0,0,0,569,191,173,242,365,4,45,9,0,0,5,0,0,0,0
40,0,82,18,0,105,9,68,5,49,0,201,0,168,0,45,0,51,0,141,0,0,81,20,28,27,0,202,0,116,0,0,0,69,0,0,0,71,0,263,0,27,0,28,0,30,0,83,0,13,0,0,0,0,0,30,0,0,0,3,2,232,0,173,0,33,0,7,0,0,0,0,0,0,0,0,0,0,0,0,0,0,0,0,0,0,0,3,0,0,0,0,0,6,0,0,0,0,0,0,0,0,0,0,0,0,0,0,0,0,0,0,0,0,0,0,0,0,0,0,0,0,0,0,0,33,0,10,0,0,0,18,0,0,0,17,0,0,0,0,0,0,0,0,0,0,0,15,0,34,0,10,0,7,0,0,0,7,0,1,0,4,0,0,0,42,0,0,0,34,0,74,0,260,0,4,12,377,0,24,0,5,0,123,0,60,0,4,0,0,0,1,0,0,0,3,0,0,0,0,0,0,0,0,0,0,0,0,0,8,0,0,0,0,312,0,0,0,554,281,223,147,3,0,0
89,82,0,13,283,0,149,26,51,6,60,0,86,0,288,0,168,46,71,0,57,0,357,44,230,218,53,0,364,1,65,0,116,0,0,0,0,2,533,5,16,0,0,0,97,0,49,0,44,0,0,0,63,0,158,0,12,0,15,0,92,0,59,19,11,0,6,0,0,0,0,0,0,0,0,0,0,0,0,0,0,0,0,0,0,0,0,0,0,0,0,0,0,0,0,0,0,0,38,0,0,0,0,0,0,0,0,0,0,0,0,0,0,0,0,0,0,0,0,0,0,0,0,0,24,5,85,0,1,0,16,3,47,4,75,0,28,0,0,0,0,0,93,0,0,0,38,0,13,0,50,0,9,0,1,0,0,0,0,0,0,0,0,0,0,0,29,0,45,0,0,0,302,8,0,0,131,101,1,0,9,0,7,0,12,0,0,0,0,0,0,0,0,0,0,0,0,0,0,0,0,0,0,0,0,0,11,0,55,0,389,96,210,324,451,1,49,0,0,0,0,5,0,0,0
0,18,13,0,0,76,0,32,1,5,0,19,0,26,0,135,0,25,0,80,0,21,17,82,0,75,0,54,0,60,0,4,0,31,0,0,0,0,0,80,0,0,0,0,0,0,0,13,0,2,0,0,0,3,0,26,0,0,0,0,0,28,0,9,0,0,0,0,0,0,0,0,0,0,0,0,0,0,0,0,0,0,0,0,0,0,0,0,0,0,0,0,0,1,0,0,0,0,0,0,0,0,0,0,0,0,0,0,0,0,0,0,0,0,0,0,0,0,0,0,0,0,0,0,0,0,0,0,0,0,0,1,0,0,0,33,0,8,0,0,0,0,0,0,0,0,0,0,0,3,0,0,0,1,0,0,0,0,0,0,0,0,0,0,0,10,0,0,0,12,0,11,0,73,0,0,8,74,0,4,0,0,0,1,0,1,0,0,0,0,0,0,0,0,0,0,0,0,0,0,0,0,0,0,0,0,0,1,0,10,0,0,0,0,61,0,0,0,150,52,90,38,0,0,0
195,0,283,0,0,0,31,0,33,0,199,0,410,0,167,80,0,0,94,0,177,42,65,48,0,0,111,0,0,0,215,0,182,0,148,0,138,0,40,0,169,0,0,0,80,0,181,0,21,0,65,0,0,0,24,0,0,0,0,0,0,0,17,0,19,0,7,0,0,0,0,0,0,0,0,0,0,0,0,0,0,0,0,0,0,0,0,0,0,0,0,0,0,0,0,0,0,0,0,0,0,0,0,0,0,0,0,0,0,0,0,0,0,0,0,0,0,0,0,0,0,0,0,0,0,0,32,0,1,0,0,0,8,0,0,0,0,0,0,0,0,0,30,0,0,0,23,0,0,0,27,0,0,0,0,0,0,0,0,0,0,0,0,0,58,0,238,0,119,0,24,0,130,0,0,0,240,147,96,0,0,0,47,0,56,0,10,0,0,0,0,0,0,0,0,0,0,0,0,0,0,0,0,0,0,0,0,0,15,0,379,214,294,0,372,0,22,10,7,0,0,0,0,0,0
0,105,0,76,0,0,0,16,0,15,0,247,0,237,84,267,0,19,30,223,39,121,13,192,0,12,5,224,0,107,0,54,0,266,0,28,0,95,0,73,0,36,0,16,0,0,0,82,1,0,2,0,0,0,0,9,0,0,0,0,0,0,0,0,0,8,0,3,0,0,0,0,0,0,0,0,0,0,0,0,0,0,0,0,0,0,0,0,0,0,0,0,0,0,0,0,0,0,0,0,0,0,0,0,0,0,0,0,0,0,0,0,0,0,0,0,0,0,0,0,0,0,0,0,0,7,0,0,0,0,0,0,0,0,0,17,0,0,0,0,0,0,0,0,0,0,0,9,0,21,0,0,0,6,0,0,0,0,0,0,0,0,0,0,0,30,0,102,0,44,0,23,0,158,0,0,47,435,7,135,0,0,0,12,0,12,0,20,0,0,0,0,0,0,0,0,0,1,0,0,0,0,0,0,0,0,0,0,0,8,0,0,0,0,222,0,0,0,521,353,396,171,0,8,0
20,9,149,0,31,0,0,0,102,84,28,0,14,0,19,4,31,11,0,0,0,0,16,0,365,120,0,0,0,0,0,0,0,0,0,0,0,0,31,0,6,0,0,0,0,0,0,0,43,0,0,0,276,24,402,115,3,16,17,17,267,0,197,17,11,0,50,23,0,0,0,0,4,0,0,0,0,0,0,0,0,0,0,0,0,0,0,0,0,0,0,0,0,0,0,0,0,0,0,0,0,0,0,0,0,0,0,0,0,0,0,0,0,0,0,0,0,0,0,0,0,0,0,0,13,0,52,0,0,0,28,0,43,0,11,0,12,0,0,0,0,0,0,0,0,0,15,0,0,0,25,0,11,0,4,0,11,2,0,0,0,0,0,0,3,0,0,0,28,0,229,0,220,0,0,0,55,33,0,0,0,0,4,0,0,0,0,0,0,0,0,0,0,0,0,0,0,0,0,0,3,0,0,0,0,0,0,0,22,0,367,89,236,278,351,0,117,0,6,1,0,0,0,0,0
28,68,26,32,0,16,0,0,19,77,0,14,0,14,0,20,0,39,0,19,0,12,0,24,17,72,0,0,0,49,0,0,0,0,0,0,0,17,0,77,0,0,0,0,0,4,0,18,0,0,0,0,1,62,0,231,0,13,0,23,0,202,0,188,0,4,0,0,0,0,0,0,0,0,0,0,0,0,0,0,0,0,0,0,0,0,0,0,0,0,0,0,0,7,0,0,0,0,0,0,0,0,0,3,0,0,0,0,0,0,0,0,0,0,0,0,0,0,0,0,0,0,0,0,0,12,0,0,0,0,0,6,0,0,0,46,0,17,0,5,0,0,0,0,0,0,0,0,0,12,0,9,0,1,0,0,0,0,0,0,0,3,0,4,0,18,0,0,0,23,0,64,13,198,0,0,13,90,0,0,0,0,0,66,0,0,0,0,0,0,0,0,0,0,0,0,0,0,0,9,0,1,0,3,0,0,0,0,0,25,0,0,0,5,368,0,0,0,338,81,196,0,3,43,0
72,5,51,1,33,0,102,19,0,182,69,0,27,0,14,0,41,0,10,0,0,0,1,3,117,54,0,0,0,0,0,0,0,0,0,0,0,0,0,0,0,0,0,0,16,0,31,0,25,0,0,0,325,81,200,212,3,54,44,44,251,0,179,10,40,0,197,72,0,0,0,0,1,0,0,0,1,0,0,0,0,0,4,0,0,0,0,0,0,0,0,0,0,0,0,0,0,0,0,0,0,0,0,0,0,0,0,0,0,0,0,0,0,0,0,0,0,0,0,0,0,0,0,0,0,0,22,0,0,0,12,0,9,0,0,0,0,0,0,0,0,0,0,0,0,0,17,0,24,0,20,0,3,0,0,0,31,6,0,0,2,0,0,0,0,0,3,0,26,0,247,6,201,0,0,0,130,48,8,0,0,0,16,0,20,0,0,0,0,0,0,0,0,0,0,0,0,0,7,0,0,0,0,0,0,0,0,0,11,0,494,146,245,307,403,0,134,9,0,5,0,0,0,0,0
6,49,6,5,0,15,84,77,182,0,0,21,0,29,0,20,0,23,0,33,0,17,0,0,10,41,0,41,0,5,0,0,0,14,0,0,0,0,0,14,0,1,0,0,0,0,0,6,0,0,0,0,8,192,65,370,0,9,20,66,0,152,0,140,0,91,14,87,0,12,0,0,0,0,0,0,0,0,0,0,0,0,0,0,0,0,0,8,0,0,0,0,0,9,0,0,0,0,0,0,0,0,0,1,0,0,0,0,0,0,0,0,0,0,0,0,0,0,0,0,0,0,0,0,0,44,0,7,0,0,0,17,0,0,0,0,0,5,0,0,0,0,7,0,0,0,0,8,0,58,0,0,0,8,0,20,0,114,0,2,0,10,0,0,1,12,0,0,0,45,0,192,0,218,0,4,69,178,0,0,0,0,2,43,0,29,0,3,0,0,0,0,0,0,0,0,0,0,0,3,0,0,0,0,0,0,0,0,0,6,0,13,0,10,793,0,0,0,487,112,468,330,19,65,0
258,0,60,0,199,0,28,0,69,0,0,7,275,0,36,34,39,1,9,0,116,3,60,36,19,0,0,0,0,0,113,0,148,5,8,0,123,0,23,0,59,0,0,0,31,0,54,0,12,1,0,1,0,1,14,0,0,0,0,0,0,0,6,0,13,0,4,0,0,0,0,0,0,0,0,0,0,0,0,0,0,0,0,0,0,0,0,0,0,0,0,0,0,0,0,0,0,0,0,0,0,0,0,0,0,0,0,0,0,0,0,0,0,0,0,0,0,0,0,0,0,0,0,0,0,0,13,0,0,0,0,0,6,0,0,0,0,0,0,0,0,0,0,0,0,0,0,0,0,0,12,0,0,0,0,0,0,0,0,0,0,0,8,0,0,0,105,0,56,0,7,0,57,0,0,0,179,110,68,0,3,0,49,0,35,0,9,0,0,0,0,0,0,0,0,0,0,0,0,0,0,0,0,0,0,0,0,0,0,0,239,156,128,104,175,0,5,0,0,0,0,0,0,0,0
0,201,0,19,0,247,0,14,0,21,7,0,4,380,60,59,0,0,0,54,18,62,14,48,0,0,0,129,0,93,0,31,0,233,0,14,0,85,0,58,0,82,0,10,0,0,0,115,0,11,0,0,0,0,0,3,0,0,0,0,0,0,0,1,0,7,0,3,0,0,0,0,0,0,0,0,0,0,0,0,0,0,0,0,0,0,0,0,0,0,0,0,0,0,0,0,0,0,0,3,0,0,0,0,0,0,0,0,0,0,0,0,0,0,0,0,0,0,0,0,0,0,0,0,0,14,0,0,0,0,0,9,0,0,0,0,0,1,0,0,0,0,0,0,0,0,0,5,0,10,0,0,0,0,0,0,0,0,0,0,0,0,0,0,0,0,0,52,0,0,0,13,0,62,0,35,24,479,7,97,0,32,0,30,0,39,0,8,0,0,0,0,0,0,0,0,0,0,0,0,0,0,0,0,0,0,0,0,0,0,0,0,0,0,118,0,0,0,323,262,217,73,0,0,0
137,0,86,0,410,0,14,0,27,0,275,4,0,56,60,24,0,0,47,68,91,105,0,0,22,0,104,175,0,0,31,0,8,0,230,14,42,0,0,0,159,8,114,17,63,0,169,29,26,0,241,9,13,0,0,0,0,0,4,0,0,0,0,0,20,0,0,0,0,0,0,0,0,0,0,0,0,0,0,0,0,0,2,0,0,0,0,0,0,0,0,0,0,0,0,0,0,0,0,0,0,0,0,0,0,0,0,0,0,0,0,0,0,0,0,0,0,0,0,0,0,0,0,0,0,0,7,0,0,0,1,0,4,0,0,0,0,0,0,0,0,0,0,0,0,0,9,0,8,0,12,0,0,0,0,0,0,0,0,0,0,0,11,0,97,0,30,0,116,0,5,0,0,0,0,0,173,59,110,0,0,0,41,0,19,0,126,0,0,0,0,0,0,0,0,0,0,0,0,0,0,0,0,0,0,0,0,0,0,0,51,134,370,0,39,0,0,0,0,0,0,0,0,0,0
0,168,0,26,0,237,0,14,0,29,0,380,56,0,0,20,0,0,173,138,51,189,0,0,0,0,81,103,0,0,0,83,0,33,15,341,0,146,0,0,19,87,27,46,0,37,0,203,0,15,24,109,0,0,0,0,0,0,0,0,0,0,0,0,0,8,0,0,0,0,0,0,0,0,0,0,0,0,0,0,0,0,0,0,0,0,0,0,0,0,0,0,0,0,0,0,0,0,0,0,0,0,0,0,0,0,0,0,0,0,0,0,0,0,0,0,0,0,0,0,0,2,0,0,0,0,0,0,0,0,0,0,0,0,0,0,0,0,0,0,0,0,0,0,0,0,0,3,0,0,0,0,0,0,0,0,0,0,0,0,0,0,0,5,0,64,0,68,0,0,0,0,0,0,0,43,42,270,0,23,0,42,0,21,0,33,0,68,0,0,0,0,0,0,0,0,0,0,0,0,0,0,0,0,0,0,0,0,0,0,0,0,0,0,26,0,0,0,94,274,304,0,0,0,0
25,0,288,0,167,84,19,0,14,0,36,60,60,0,0,251,130,0,197,55,258,100,307,147,183,0,191,8,20,0,88,17,106,23,28,4,64,0,16,0,11,0,0,0,74,0,31,0,11,0,20,0,0,0,50,0,0,0,0,0,0,0,0,0,8,0,6,0,0,0,5,0,0,0,0,0,0,0,0,0,0,0,0,0,0,0,0,0,0,0,0,0,0,0,0,0,0,0,0,0,0,0,0,0,0,0,0,0,0,0,0,0,0,0,0,0,0,0,0,0,0,0,0,0,0,0,37,0,0,0,0,0,0,0,46,0,10,0,0,1,0,0,0,0,0,0,20,0,6,0,49,0,9,0,0,0,0,0,0,0,0,0,0,0,0,0,110,0,36,0,0,0,57,0,0,0,372,334,92,0,5,0,28,0,51,0,0,0,0,0,0,0,0,0,0,0,0,0,0,0,23,0,0,0,0,0,0,0,36,0,83,98,79,49,84,0,0,0,0,0,13,0,0,0,0
10,45,0,135,80,267,4,20,0,20,34,59,24,20,251,0,0,99,49,434,106,488,58,341,0,110,0,167,0,119,9,30,5,154,0,8,0,67,0,82,0,0,0,0,0,0,0,18,0,9,0,5,1,0,0,49,0,15,0,0,0,7,0,3,0,17,0,0,0,0,0,0,0,0,0,0,0,0,0,0,0,0,0,0,0,0,0,0,0,0,0,0,0,0,0,0,0,0,0,0,0,0,0,0,0,0,0,0,0,0,0,0,0,0,0,0,0,0,0,0,0,0,0,0,0,0,0,0,0,0,0,0,0,0,0,88,0,21,0,0,0,0,0,39,0,0,0,0,0,19,0,11,0,0,0,0,0,0,0,0,1,4,0,0,0,16,0,71,0,33,0,12,0,107,0,0,68,540,24,72,0,0,3,0,0,0,0,23,0,0,0,0,0,0,0,0,0,0,0,0,0,0,0,0,0,4,0,0,0,17,0,0,0,0,207,0,0,0,385,274,233,98,0,9,1
125,0,168,0,0,0,31,0,41,0,39,0,0,0,130,0,0,0,92,0,344,0,51,16,94,40,117,0,109,0,19,0,31,0,38,0,18,0,39,2,0,0,48,0,140,0,0,0,9,0,57,0,131,0,55,0,6,0,0,0,21,0,236,0,0,0,0,0,0,0,72,0,0,0,0,0,0,0,0,0,104,0,0,0,153,0,54,0,0,0,76,0,0,0,0,0,106,0,291,0,95,0,0,0,0,0,0,0,0,0,0,0,0,0,0,0,0,0,0,0,95,0,21,0,0,0,0,0,0,0,0,0,0,0,0,0,0,0,33,0,90,0,102,0,52,0,0,0,0,0,0,0,0,0,2,0,0,0,5,0,1,0,3,0,3,0,0,0,0,0,7,0,26,3,0,0,41,22,0,0,0,0,13,0,1,0,0,0,0,0,0,0,0,0,0,0,0,0,0,0,8,0,0,0,0,0,0,0,0,0,23,29,27,49,28,0,10,0,0,0,0,0,0,0,0
33,51,46,25,0,19,11,39,0,23,1,0,0,0,0,99,0,0,0,10,2,191,63,232,21,152,0,0,0,117,0,7,0,16,0,6,0,0,0,38,0,0,0,0,0,0,0,0,0,0,0,0,0,78,0,57,0,66,0,4,0,25,2,94,1,2,0,0,0,1,0,0,0,0,0,0,0,0,0,0,0,107,0,0,0,246,0,0,0,0,0,0,0,0,0,0,0,0,0,113,0,68,0,0,0,0,0,0,0,0,0,0,0,0,0,0,0,0,0,0,0,0,0,0,0,0,0,10,0,0,0,0,0,0,0,131,0,207,5,148,0,88,0,410,0,7,0,0,0,3,0,4,0,0,0,51,0,0,0,41,0,22,0,0,0,0,0,0,0,3,1,3,0,12,0,0,8,46,0,0,0,0,4,0,2,3,0,0,0,0,0,0,0,0,0,0,0,0,0,0,0,4,0,0,0,0,0,0,0,42,5,0,6,0,17,0,1,0,14,89,12,10,0,0,0
18,0,71,0,94,30,0,0,10,0,9,0,47,173,197,49,92,0,0,214,156,223,162,0,82,0,185,278,0,0,45,22,11,6,104,38,40,0,0,0,41,0,45,12,26,0,60,30,4,0,171,19,17,0,0,0,0,0,0,0,0,0,0,1,0,0,0,0,0,0,0,0,0,0,0,0,0,0,0,0,0,0,0,0,0,0,0,0,0,0,0,0,0,0,0,0,0,0,0,0,0,0,0,0,0,0,0,0,0,0,0,0,0,0,0,0,0,0,0,0,0,0,0,0,0,0,0,0,0,0,0,0,0,0,14,0,0,0,0,0,0,0,0,0,0,0,4,0,0,0,0,0,0,0,1,0,0,0,0,0,0,0,0,0,62,0,34,0,67,0,0,0,13,0,0,0,193,86,69,0,5,0,25,0,30,0,105,0,0,0,4,0,0,0,0,0,0,0,0,0,0,0,0,0,0,0,0,0,0,0,0,66,209,0,27,0,0,2,1,0,0,0,0,0,0
0,141,0,80,0,223,0,19,0,33,0,54,68,138,55,434,0,10,214,0,78,180,0,85,0,39,36,408,0,0,0,18,0,20,20,79,0,67,0,0,0,14,0,37,0,187,0,151,0,17,0,71,0,0,0,0,0,0,0,0,0,0,0,0,0,24,0,0,0,0,0,0,0,0,0,0,0,0,0,0,0,0,0,0,0,0,0,0,0,0,0,0,0,0,0,0,0,0,0,0,0,0,0,0,0,0,0,0,0,0,0,0,0,0,0,0,0,0,0,0,0,0,0,0,0,16,0,0,0,0,0,15,0,0,0,66,0,0,0,0,0,0,0,0,0,0,0,12,0,30,0,31,0,20,0,0,0,0,0,0,0,0,0,4,0,33,0,105,0,0,0,0,1,14,0,3,67,168,0,4,0,0,0,6,0,50,2,59,0,0,0,0,0,0,0,0,0,0,0,0,0,0,0,0,0,0,0,0,0,31,0,0,11,0,51,0,0,0,84,111,204,33,0,3,2
32,0,57,0,177,39,0,0,0,0,116,18,91,51,258,106,344,2,156,78,0,117,75,39,115,0,123,109,23,0,66,6,24,8,69,15,73,0,3,0,10,0,51,10,27,7,0,0,8,0,186,9,30,0,19,0,0,0,0,0,0,0,87,0,0,0,0,0,0,0,44,0,0,0,26,0,0,0,0,0,0,0,0,0,90,0,0,0,0,0,54,0,0,0,0,0,0,0,192,0,71,0,0,0,0,0,0,0,0,0,0,0,0,0,0,0,0,0,0,0,0,0,0,0,0,0,0,0,0,0,0,0,0,0,0,0,0,0,37,0,63,1,46,0,56,0,0,0,0,0,0,0,0,0,0,0,0,0,0,0,0,0,18,0,81,0,176,0,142,0,17,0,45,0,0,0,120,129,46,0,0,0,2,0,0,0,27,0,0,0,0,0,0,0,0,0,0,0,0,0,0,0,0,0,0,0,0,0,0,0,111,127,239,70,94,0,4,4,0,0,5,0,0,0,0
0,0,0,21,42,121,0,12,0,17,3,62,105,189,100,488,0,191,223,180,117,0,0,174,0,86,77,257,0,26,6,46,0,23,37,142,7,40,0,1,27,5,17,176,0,163,14,38,0,44,27,102,0,5,0,14,0,0,0,0,0,7,0,56,0,0,0,0,0,0,0,4,0,0,0,8,0,0,0,0,0,167,0,0,0,251,0,40,0,0,0,0,0,0,0,0,0,0,0,0,0,0,0,0,0,0,0,0,0,0,0,0,0,0,0,0,0,0,0,0,0,77,0,23,0,0,0,0,0,0,0,0,0,0,0,0,0,0,0,74,0,142,0,282,0,47,0,0,0,9,0,0,0,0,0,0,0,17,0,7,0,0,0,0,2,48,0,95,0,66,0,0,0,23,0,0,52,138,7,4,0,0,0,0,0,0,2,39,0,0,0,0,0,0,0,0,0,0,0,0,0,0,0,0,0,0,0,0,0,0,0,0,11,0,23,0,0,0,55,131,186,27,0,0,0
76,81,357,17,65,13,16,0,1,0,60,14,0,0,307,58,51,63,162,0,75,0,0,199,171,188,109,0,4,6,3,0,0,0,0,0,12,3,11,12,0,0,0,0,111,0,0,0,12,0,0,0,43,0,97,0,12,0,0,0,0,0,23,11,0,0,0,0,0,0,6,0,0,0,0,0,0,0,0,0,0,0,0,0,0,0,0,0,0,0,0,0,0,0,0,0,15,0,47,0,0,0,0,0,0,0,0,0,0,0,0,0,0,0,0,0,0,0,0,0,0,0,0,0,0,0,11,0,0,0,0,1,0,0,22,0,9,0,2,0,0,0,45,0,0,0,0,0,0,0,10,0,0,0,0,0,0,0,1,0,0,0,6,0,3,0,8,0,0,0,0,0,18,9,0,0,171,175,11,0,0,0,14,0,0,0,0,0,0,0,0,0,0,0,0,0,0,0,0,0,0,0,0,0,0,0,0,0,15,0,12,63,12,21,21,0,0,1,13,0,0,0,0,0,0
49,20,44,82,48,192,0,24,3,0,36,48,0,0,147,341,16,232,0,85,39,174,199,0,0,107,0,24,7,75,0,15,5,31,0,8,0,10,10,25,0,0,0,27,0,0,0,0,0,7,0,6,0,3,0,50,0,17,0,11,0,11,0,13,0,1,0,0,0,0,0,0,0,0,0,0,0,0,0,0,0,111,0,0,0,164,0,30,0,0,0,0,0,0,0,0,0,36,0,93,0,40,0,0,0,0,0,0,0,0,0,0,0,0,0,0,0,0,0,0,0,26,0,0,0,0,0,0,0,0,0,0,0,0,0,90,0,71,1,26,0,38,0,160,0,0,0,0,0,8,0,0,0,3,0,0,0,0,0,0,0,0,0,3,0,9,0,15,0,3,0,2,0,83,0,0,52,408,17,7,0,0,0,3,0,0,0,3,0,0,0,0,0,0,0,0,0,0,0,2,0,8,0,0,0,0,0,0,0,24,0,0,0,0,38,0,0,0,61,123,45,29,0,0,0
72,28,230,0,0,0,365,17,117,10,19,0,22,0,183,0,94,21,82,0,115,0,171,0,0,132,0,0,47,0,0,0,0,0,0,0,7,0,25,0,0,0,0,0,174,0,15,0,21,0,0,0,67,0,127,15,17,0,17,0,9,0,48,13,0,0,0,0,0,0,0,0,0,0,0,1,0,0,0,0,0,0,0,0,0,0,0,0,0,0,0,0,0,0,0,0,0,0,20,0,0,0,0,0,0,0,0,0,0,0,0,0,0,0,0,0,0,0,0,0,0,0,0,0,0,0,0,0,6,0,1,0,0,0,6,0,0,0,10,0,5,0,44,0,2,0,0,0,0,0,3,0,1,0,1,0,0,0,2,0,0,0,0,0,0,0,0,0,0,0,0,0,0,0,0,0,63,59,20,0,0,0,38,0,0,0,0,0,0,0,0,0,0,0,0,0,0,0,0,0,0,0,0,0,0,0,0,0,0,0,17,3,16,30,32,1,6,2,2,0,0,0,0,0,0
208,27,218,75,0,12,120,72,54,41,0,0,0,0,0,110,40,152,0,39,0,86,188,107,132,0,0,0,0,162,0,6,0,9,0,0,0,6,45,102,0,0,0,0,0,0,0,0,2,0,0,0,6,56,8,216,0,118,0,29,14,123,0,212,0,4,0,0,0,4,0,0,0,0,0,0,0,0,0,0,0,22,0,0,0,92,0,0,0,0,0,0,0,0,0,0,0,0,0,60,2,0,0,0,0,0,0,0,0,0,0,0,0,0,0,0,0,0,0,0,0,0,0,0,0,12,0,0,0,15,11,12,0,13,2,314,0,77,0,25,0,0,0,94,0,0,0,3,0,18,0,29,0,0,0,0,0,5,0,0,7,21,0,4,0,9,0,2,0,7,0,14,91,89,0,0,47,199,0,0,4,0,18,25,0,0,0,0,0,0,0,0,0,0,0,0,0,0,0,0,0,24,0,0,0,0,0,16,0,56,28,13,15,24,193,0,5,0,143,51,83,116,2,27,0
20,0,53,0,111,5,0,0,0,0,0,0,104,81,191,0,117,0,185,36,123,77,109,0,0,0,0,577,7,0,23,2,0,0,22,30,42,0,0,0,43,76,379,47,156,57,43,194,58,0,312,22,0,0,0,0,0,0,0,0,0,0,0,0,0,0,0,0,2,0,0,0,2,0,0,0,0,0,0,0,0,0,0,0,0,0,0,0,0,0,0,0,0,0,0,0,0,0,0,0,0,0,0,0,0,0,0,0,0,0,0,0,0,0,0,0,0,0,0,0,0,0,0,0,0,0,8,0,0,0,0,0,0,0,0,0,0,0,0,0,0,0,0,0,0,0,0,0,0,0,0,0,0,0,0,0,0,0,0,0,0,0,0,0,96,0,13,0,77,0,8,0,0,0,0,0,49,65,4,0,0,0,0,0,0,0,298,0,0,0,0,0,0,0,0,0,0,0,0,0,0,0,0,0,0,0,0,0,0,0,18,110,368,15,27,0,0,20,0,0,0,0,0,0,0
0,202,0,54,0,224,0,0,0,41,0,129,175,103,8,167,0,0,278,408,109,257,0,24,0,0,577,0,0,0,0,6,0,0,0,93,0,47,0,0,183,89,320,199,248,291,149,149,19,35,160,269,0,0,0,0,0,0,0,0,0,0,0,0,0,29,0,0,0,0,0,1,0,0,0,0,0,0,0,0,0,0,0,0,0,0,0,5,0,0,0,0,0,0,0,0,0,0,0,0,0,0,0,11,0,0,0,0,0,0,0,0,0,0,0,0,0,0,0,0,0,0,0,0,0,0,0,0,0,0,0,11,0,0,0,0,0,0,0,0,0,0,0,0,0,0,0,0,0,0,0,0,0,0,0,0,0,0,0,0,0,0,0,0,7,92,0,0,0,0,0,3,0,0,0,0,45,266,0,0,0,0,0,7,0,35,53,151,0,0,0,0,0,0,0,0,0,0,0,0,0,0,0,0,0,0,0,0,0,12,0,0,0,0,16,0,0,0,36,219,304,19,0,0,4
87,0,364,0,0,0,0,0,0,0,0,0,0,0,20,0,109,0,0,0,23,0,4,7,47,0,7,0,0,0,18,0,1,0,57,0,73,0,8,0,0,0,41,0,0,0,0,0,0,0,39,0,19,0,8,0,0,0,0,0,8,0,21,0,0,0,0,0,0,0,8,0,0,0,5,0,0,0,0,0,0,0,0,0,0,0,0,0,0,0,0,0,0,0,0,0,0,0,0,0,0,0,0,0,0,0,0,0,0,0,0,0,0,0,0,0,0,0,0,0,0,0,0,0,0,0,0,0,0,0,0,0,0,0,0,0,0,0,56,0,43,0,10,0,0,0,0,0,0,0,0,0,0,0,3,0,0,0,0,0,0,0,0,0,0,0,0,0,0,0,0,0,0,0,0,0,0,0,0,0,0,0,0,0,2,0,0,0,0,0,0,0,0,0,0,0,0,0,0,0,0,0,0,0,0,0,0,0,0,0,70,67,0,0,19,0,0,0,0,0,0,0,0,0,0
0,116,1,60,0,107,0,49,0,5,0,93,0,0,0,119,0,117,0,0,0,26,6,75,0,162,0,0,0,0,0,8,0,29,0,15,0,16,0,58,0,0,0,12,0,0,0,0,0,0,0,6,0,17,0,9,0,3,0,0,0,34,0,60,0,0,0,0,0,0,0,1,0,0,0,0,0,0,0,0,0,0,0,0,0,49,0,0,0,0,0,0,0,0,0,0,0,0,0,0,0,0,0,0,0,0,0,0,0,0,0,0,0,0,0,0,0,0,0,0,0,9,0,6,0,0,0,0,0,0,0,0,0,0,0,0,0,58,0,66,0,99,0,95,0,59,0,0,0,0,0,0,0,0,0,4,0,4,0,12,0,0,0,0,0,0,0,0,0,0,0,0,0,0,0,0,0,35,0,6,0,0,0,0,0,0,0,0,0,0,0,0,0,0,0,0,0,0,0,0,0,0,0,0,0,0,0,0,0,0,0,0,0,0,0,0,0,0,5,44,0,0,0,0,0
33,0,65,0,215,0,0,0,0,0,113,0,31,0,88,9,19,0,45,0,66,6,3,0,0,0,23,0,18,0,0,0,5,1,44,0,37,0,0,0,0,0,25,0,0,0,0,0,0,0,58,0,7,0,0,0,0,0,0,0,8,0,23,0,0,0,0,0,0,0,0,0,0,0,3,0,0,0,0,0,0,0,0,0,6,0,0,0,0,0,0,0,0,0,0,0,0,0,23,0,0,0,0,0,0,0,0,0,0,0,0,0,0,0,0,0,0,0,0,0,0,0,0,0,0,0,3,0,0,0,0,0,0,0,0,0,3,0,16,0,22,0,0,0,0,0,0,0,0,0,0,0,0,0,0,0,6,0,0,0,0,0,0,0,0,0,6,0,0,0,0,0,11,0,0,0,8,10,26,0,0,0,0,0,0,0,0,0,0,0,0,0,0,0,0,0,0,0,0,0,0,0,0,0,0,0,0,0,0,0,0,59,3,0,3,0,0,0,0,0,0,0,0,0,0
0,0,0,4,0,54,0,0,0,0,0,31,0,83,17,30,0,7,22,18,6,46,0,15,0,6,2,6,0,8,0,0,0,4,2,12,0,42,0,2,0,3,0,54,0,0,0,0,0,2,2,25,0,0,0,0,0,0,0,0,0,23,0,25,0,0,0,0,0,0,0,0,0,0,0,0,0,0,0,0,0,16,0,0,0,0,0,0,0,0,0,0,0,0,0,0,0,0,0,0,0,0,0,0,0,0,0,0,0,0,0,0,0,0,0,0,0,0,0,0,0,13,0,0,0,0,0,0,0,0,0,0,0,0,0,0,0,0,0,0,0,28,0,38,0,26,0,0,0,0,0,0,0,0,0,0,0,12,0,0,0,0,0,0,0,0,1,6,0,3,0,0,0,3,0,0,0,19,0,2,0,0,0,0,0,0,0,5,0,0,0,0,0,0,0,0,0,0,0,0,0,0,0,0,0,0,0,0,0,0,0,0,0,0,0,0,0,0,2,0,6,3,0,0,0
57,0,116,0,182,0,0,0,0,0,148,0,8,0,106,5,31,0,11,0,24,0,0,5,0,0,0,0,1,0,5,0,0,0,23,0,186,0,5,0,0,0,8,0,16,0,0,0,0,0,25,0,0,0,1,0,0,0,0,0,7,0,0,0,0,0,0,0,0,0,4,0,0,0,0,0,0,0,0,0,0,0,0,0,3,0,3,0,0,0,0,0,0,0,0,0,0,0,0,0,0,0,0,0,0,0,0,0,0,0,0,0,0,0,0,0,0,0,0,0,1,0,0,0,0,0,0,0,0,0,0,0,0,0,0,0,0,0,0,0,0,0,0,0,0,0,0,0,0,0,0,0,0,0,0,0,0,0,0,0,0,0,0,0,0,0,7,0,0,0,1,0,7,0,0,0,15,9,24,0,0,0,0,0,0,0,0,0,0,0,0,0,0,0,0,0,0,0,0,0,0,0,0,0,0,0,0,0,0,0,8,97,0,0,0,0,2,0,0,0,0,0,0,0,0
0,69,0,31,0,266,0,0,0,14,5,233,0,33,23,154,0,16,6,20,8,23,0,31,0,9,0,0,0,29,1,4,0,0,0,22,1,105,0,2,0,0,0,31,0,0,0,1,0,2,0,23,0,11,0,0,0,0,0,0,0,23,0,15,0,4,0,0,0,0,0,0,0,0,0,1,0,0,0,0,0,20,0,0,0,0,0,5,0,0,0,0,0,0,0,0,0,0,0,0,0,0,0,0,0,0,0,0,0,0,0,0,0,0,0,0,0,0,0,0,0,9,0,5,0,0,0,1,0,0,0,0,0,0,0,0,0,0,0,0,0,0,0,32,0,0,0,0,0,0,0,0,0,0,0,0,0,17,0,4,0,0,0,0,0,0,0,16,0,4,0,0,0,0,0,0,0,74,0,13,0,0,0,0,0,0,0,0,0,0,0,0,0,0,0,0,0,0,0,1,0,0,0,0,0,0,0,0,0,0,0,0,0,0,8,0,0,0,0,183,4,0,0,0,0
0,0,0,0,148,0,0,0,0,0,8,0,230,15,28,0,38,0,104,20,69,37,0,0,0,0,22,0,57,0,44,2,23,0,0,5,153,0,0,0,23,0,16,7,14,1,2,0,11,0,68,0,0,0,2,0,0,0,0,0,0,0,0,0,0,0,0,0,0,0,0,0,0,0,0,0,0,0,0,0,0,0,0,0,0,0,0,0,0,0,7,0,0,0,0,0,0,0,0,0,10,0,0,0,0,0,0,0,0,0,0,0,0,0,0,0,0,0,0,0,0,0,0,0,0,0,0,0,0,0,0,0,0,0,0,0,0,0,0,0,0,0,0,0,7,0,0,0,0,0,0,0,0,0,0,0,0,0,0,0,0,0,3,0,15,0,6,0,0,0,2,0,9,0,0,0,52,9,35,0,0,0,0,0,0,0,26,0,0,0,0,0,0,0,0,0,0,0,0,0,0,0,0,0,0,0,0,0,0,0,3,8,21,0,0,2,0,0,0,0,0,0,0,0,0
0,0,0,0,0,28,0,0,0,0,0,14,14,341,4,8,0,6,38,79,15,142,0,8,0,0,30,93,0,15,0,12,0,22,5,0,0,80,0,3,0,4,9,38,5,29,0,11,0,12,0,30,0,4,0,0,0,0,0,0,0,16,0,23,0,0,0,0,0,0,0,0,0,0,0,0,0,0,0,0,0,0,0,0,0,0,0,0,0,0,0,0,0,0,0,0,0,0,0,0,0,0,0,0,0,0,0,0,0,0,0,0,0,0,0,0,0,0,0,0,0,0,0,0,0,0,0,0,0,0,0,0,0,0,0,0,0,0,0,24,0,62,0,40,0,0,0,0,0,0,0,0,0,0,0,0,0,10,0,0,0,0,0,0,0,16,0,12,0,9,0,0,0,11,0,0,4,21,0,0,0,0,0,0,0,0,0,34,0,0,0,0,0,0,0,0,0,0,0,0,0,0,0,0,0,0,0,0,0,0,0,0,0,0,0,0,0,0,9,38,46,4,1,1,0
0,0,0,0,138,0,0,0,0,0,123,0,42,0,64,0,18,0,40,0,73,7,12,0,7,0,42,0,73,0,37,0,186,1,153,0,0,0,44,0,0,0,68,0,20,0,5,0,4,0,148,0,29,0,0,0,0,0,0,0,21,0,57,0,2,0,0,0,0,0,68,0,5,0,0,0,0,0,0,0,74,0,0,0,58,0,0,0,0,0,0,0,0,0,0,0,0,0,110,0,41,0,0,0,0,0,0,0,0,0,0,0,0,0,0,0,0,0,0,0,43,0,0,0,0,0,0,0,0,0,0,0,0,0,0,0,0,0,126,0,135,0,0,0,137,0,0,0,0,0,0,0,0,0,0,0,40,0,0,0,0,0,0,0,8,0,7,0,31,0,20,0,19,0,0,0,0,20,40,0,0,0,6,0,0,0,0,0,0,0,0,0,0,0,0,0,0,0,0,0,0,0,0,0,0,0,0,0,0,0,0,52,27,14,0,0,0,2,0,0,0,0,0,0,0
0,71,2,0,0,95,0,17,0,0,0,85,0,146,0,67,0,0,0,67,0,40,3,10,0,6,0,47,0,16,0,42,0,105,0,80,0,0,0,8,0,1,0,105,0,29,0,0,0,4,0,49,0,8,0,1,0,0,0,0,0,42,0,15,0,0,0,0,0,0,0,0,0,0,0,0,0,0,0,0,0,23,0,0,0,32,0,0,0,0,0,0,0,1,0,0,0,0,0,21,0,0,0,0,0,0,0,0,0,0,0,0,0,0,0,0,0,0,0,0,0,27,0,0,0,0,0,0,0,0,0,0,0,0,0,0,0,0,0,25,0,63,0,48,0,49,0,0,0,0,0,0,0,0,0,0,0,31,0,0,0,0,0,0,0,12,0,12,0,23,0,0,0,55,0,0,0,37,0,7,0,0,0,0,0,0,0,13,0,0,0,0,0,0,0,0,0,0,0,0,0,0,0,0,0,0,0,0,0,0,0,0,0,0,0,0,0,0,17,293,32,13,0,2,0
419,0,533,0,40,0,31,0,0,0,23,0,0,0,16,0,39,0,0,0,3,0,11,10,25,45,0,0,8,0,0,0,5,0,0,0,44,0,0,0,0,0,0,0,0,0,0,0,0,0,7,0,10,2,0,0,0,0,0,0,6,0,8,0,0,0,0,0,0,0,2,0,0,0,0,0,0,0,0,0,0,0,0,0,0,0,0,0,0,0,2,0,0,0,0,0,0,0,0,0,0,0,0,0,0,0,0,0,0,0,0,0,0,0,0,0,0,0,0,0,0,0,0,0,0,0,0,0,0,0,0,0,0,0,0,0,0,0,26,0,6,0,0,0,13,0,0,0,0,0,0,0,0,0,0,0,53,0,0,0,0,0,0,0,0,0,15,0,0,0,1,0,19,0,0,0,0,24,0,0,0,0,40,0,0,0,0,0,0,0,0,0,0,0,0,0,0,0,0,0,0,0,0,0,0,0,0,0,0,0,93,247,5,14,19,0,0,2,0,0,2,0,0,0,0
0,263,5,80,0,73,0,77,0,14,0,58,0,0,0,82,2,38,0,0,0,1,12,25,0,102,0,0,0,58,0,2,0,2,0,3,0,8,0,0,0,0,0,0,0,0,0,1,0,0,0,0,0,16,0,0,0,0,0,0,0,18,0,31,0,3,0,0,0,0,0,0,0,0,0,0,0,0,0,0,0,0,0,0,0,0,0,0,0,0,0,0,0,0,0,0,0,0,0,0,0,0,0,0,0,0,0,0,0,0,0,0,0,0,0,0,0,0,0,0,0,0,0,0,0,0,0,0,0,0,0,0,0,0,0,0,0,31,0,0,0,62,0,24,0,15,0,0,0,0,0,0,0,0,0,0,0,23,0,2,0,0,0,0,0,0,0,0,0,0,0,0,0,36,0,0,0,49,0,0,0,0,0,0,0,0,0,0,0,0,0,0,0,1,0,0,0,0,0,0,0,0,0,0,0,0,0,0,0,0,0,0,0,0,7,0,0,0,10,166,5,0,0,0,0
0,0,16,0,169,0,6,0,0,0,59,0,159,19,11,0,0,0,41,0,10,27,0,0,0,0,43,183,0,0,0,0,0,0,23,0,0,0,0,0,0,17,158,0,51,51,151,58,112,4,68,7,0,0,0,0,0,0,0,0,0,0,0,0,0,0,0,0,0,0,0,0,0,0,0,0,0,0,0,0,0,0,0,0,0,0,0,0,0,0,0,0,0,0,0,0,0,0,0,0,0,0,0,0,0,0,0,0,0,0,0,0,0,0,0,0,0,0,0,0,0,0,0,0,0,0,0,0,0,0,0,0,1,0,0,0,0,0,0,0,0,0,0,0,0,0,0,0,0,0,0,0,0,0,0,0,0,0,0,0,0,0,0,0,0,0,0,0,0,0,3,0,0,0,0,0,18,16,14,0,0,0,0,0,0,0,135,0,0,0,0,0,0,0,0,0,0,0,0,0,0,0,0,0,0,0,0,0,0,0,0,57,193,0,0,0,0,11,0,0,0,0,0,0,0
0,27,0,0,0,36,0,0,0,1,0,82,8,87,0,0,0,0,0,14,0,5,0,0,0,0,76,89,0,0,0,3,0,0,0,4,0,1,0,0,17,0,38,15,73,127,46,256,16,178,0,19,0,0,0,2,0,0,0,0,0,0,0,0,0,2,0,0,0,0,0,0,0,0,0,0,0,0,0,0,0,0,0,0,0,0,0,0,0,0,0,0,0,0,0,0,0,0,0,0,0,0,0,0,0,0,0,0,0,0,0,0,0,0,0,0,0,0,0,0,0,0,0,0,0,0,0,0,0,0,0,0,0,0,0,0,0,0,0,0,0,0,0,0,0,0,0,0,0,0,0,0,0,0,0,0,0,0,0,0,0,0,0,0,0,89,0,3,0,21,0,1,0,0,0,29,0,156,0,24,0,36,0,0,0,0,29,9,0,0,0,0,0,0,0,0,0,0,0,0,0,0,0,0,0,7,0,0,0,2,0,0,0,0,2,0,0,0,3,19,32,0,0,0,7
0,0,0,0,0,0,0,0,0,0,0,0,114,27,0,0,48,0,45,0,51,17,0,0,0,0,379,320,41,0,25,0,8,0,16,9,68,0,0,0,158,38,0,19,236,57,173,137,90,3,84,20,4,0,0,0,0,0,0,0,6,0,26,0,0,0,1,0,0,0,16,0,2,0,0,0,0,0,0,0,0,0,0,0,0,0,0,0,0,0,0,0,0,0,0,0,0,0,52,0,0,0,0,0,0,0,0,0,0,0,0,0,0,0,0,0,0,0,0,0,0,0,0,0,0,0,0,0,0,0,0,0,0,0,0,0,0,0,18,0,0,0,0,0,0,0,0,0,0,0,0,0,0,0,0,0,10,0,1,0,2,0,7,0,29,0,23,0,33,0,7,0,11,0,0,0,0,20,0,0,0,0,0,0,1,0,141,0,0,0,0,0,0,0,0,0,0,0,0,0,0,0,0,0,0,0,0,0,0,0,14,93,71,21,0,0,0,22,1,0,0,0,0,0,0
0,28,0,0,0,16,0,0,0,0,0,10,17,46,0,0,0,0,12,37,10,176,0,27,0,0,47,199,0,12,0,54,0,31,7,38,0,105,0,0,0,15,19,0,18,176,7,61,0,22,0,66,0,0,0,0,0,0,0,0,0,38,0,39,0,0,0,0,0,0,0,0,0,0,0,0,0,0,0,0,0,0,0,0,0,97,0,0,0,0,0,0,0,2,0,0,0,0,0,0,0,0,0,0,0,0,0,0,0,0,0,0,0,0,0,0,0,0,0,0,0,0,0,0,0,0,0,0,0,0,0,0,0,0,0,0,0,0,0,0,0,152,0,141,0,81,0,0,0,0,0,0,0,0,0,0,0,21,0,0,0,0,0,0,0,57,0,27,0,0,0,0,0,42,0,0,0,15,0,0,0,0,0,0,0,0,2,21,0,0,0,0,0,0,0,0,0,0,0,0,0,0,0,0,0,0,0,0,0,0,0,0,0,0,8,0,0,0,25,71,94,0,8,0,4
52,0,97,0,80,0,0,0,16,0,31,0,63,0,74,0,140,0,26,0,27,0,111,0,174,0,156,248,0,0,0,0,16,0,14,5,20,0,0,0,51,73,236,18,0,135,213,219,226,0,60,8,77,0,0,0,0,0,0,0,0,0,0,0,0,0,0,0,8,0,0,0,0,0,0,0,0,0,6,0,49,0,0,0,49,0,0,0,0,0,31,0,0,0,0,0,44,0,98,0,0,0,0,0,0,0,0,0,3,0,0,0,0,0,0,0,0,0,0,0,0,0,0,0,0,0,9,0,0,0,0,0,7,0,0,0,0,0,0,0,0,0,0,0,0,0,0,0,0,0,0,0,0,0,0,0,0,0,0,0,0,0,0,0,101,0,40,0,96,0,8,0,38,0,0,0,27,46,7,0,0,0,35,0,0,0,136,1,0,0,0,0,0,0,0,0,0,0,0,0,0,0,0,0,0,0,0,0,0,0,30,62,148,39,29,6,0,77,0,0,0,0,0,0,0
0,30,0,0,0,0,0,4,0,0,0,0,0,37,0,0,0,0,0,187,7,163,0,0,0,0,57,291,0,0,0,0,0,0,1,29,0,29,0,0,51,127,57,176,135,0,116,249,47,192,0,204,0,0,0,0,0,0,0,0,0,0,0,0,0,3,0,0,0,0,0,0,0,0,0,0,0,0,0,0,0,0,0,0,0,0,0,13,0,0,0,0,0,0,0,0,0,0,0,0,0,0,0,14,0,0,0,0,0,0,0,0,0,0,0,0,0,0,0,0,0,0,0,0,0,0,0,0,0,0,0,0,0,0,0,0,0,0,0,0,0,25,0,0,0,0,0,0,0,0,0,0,0,0,0,0,0,5,0,0,0,0,0,0,0,177,0,16,0,57,0,0,0,16,0,0,2,67,0,0,0,0,0,0,0,0,47,6,0,21,0,4,0,0,0,0,0,0,0,0,0,0,0,0,0,0,0,0,0,0,0,0,2,0,22,0,0,0,37,283,292,21,0,0,68
66,0,49,0,181,0,0,0,31,0,54,0,169,0,31,0,0,0,60,0,0,14,0,0,15,0,43,149,0,0,0,0,0,0,2,0,5,0,0,0,151,46,173,7,213,116,0,130,271,11,50,10,0,0,2,0,0,0,0,0,0,0,1,0,0,0,0,0,0,0,0,0,0,0,0,0,0,0,0,0,0,0,0,0,0,0,0,0,0,0,0,0,0,0,0,0,0,0,0,0,0,0,0,0,0,0,0,0,0,0,0,0,0,0,0,0,0,0,0,0,0,0,0,0,0,0,0,0,0,0,0,0,0,0,0,0,0,0,0,0,0,0,0,0,0,0,0,0,5,0,0,0,0,0,0,0,0,0,0,0,0,0,0,0,63,0,4,0,0,0,0,0,3,0,0,0,4,39,11,0,0,0,0,0,0,0,196,0,0,0,0,0,0,0,0,0,0,0,0,0,0,0,0,0,9,0,0,0,0,0,0,85,245,8,7,0,0,46,0,0,0,0,0,0,0
0,83,0,13,0,82,0,18,0,6,0,115,29,203,0,18,0,0,30,151,0,38,0,0,0,0,194,149,0,0,0,0,0,1,0,11,0,0,0,1,58,256,137,61,219,249,130,0,40,195,29,35,0,0,0,0,0,0,0,0,0,0,0,0,0,0,0,1,0,0,0,0,0,0,0,0,0,0,0,0,0,0,0,0,0,0,0,0,0,0,0,0,0,0,0,0,0,0,0,0,0,0,0,0,0,0,0,0,0,0,0,0,0,0,0,0,0,0,0,0,0,0,0,0,0,0,0,0,0,0,0,0,0,0,0,0,0,0,0,0,0,0,0,0,0,0,0,0,0,0,0,0,0,0,0,0,0,0,0,0,0,0,0,0,0,64,0,0,0,0,0,0,0,0,0,0,6,331,0,0,0,0,0,0,0,5,77,30,0,0,0,0,0,0,0,0,0,0,0,0,0,0,0,0,0,0,0,0,0,0,0,0,0,0,0,0,0,0,0,81,40,1,0,0,10
33,0,44,0,21,1,43,0,25,0,12,0,26,0,11,0,9,0,4,0,8,0,12,0,21,2,58,19,0,0,0,0,0,0,11,0,4,0,0,0,112,16,90,0,226,47,271,40,0,13,27,3,31,0,19,0,17,0,22,0,0,0,0,0,2,0,12,0,6,0,0,0,0,0,2,0,5,0,0,0,0,0,16,0,0,0,8,0,0,0,0,0,4,0,6,0,11,0,13,0,10,0,7,0,14,0,15,0,0,0,0,0,1,0,0,0,0,0,0,0,0,0,0,0,0,0,0,0,6,0,12,0,0,0,11,0,3,0,2,0,6,0,19,0,0,0,0,0,0,0,0,0,0,0,5,0,6,0,0,0,17,0,45,0,49,0,18,0,32,0,31,0,22,0,0,0,20,9,21,0,0,0,16,0,14,0,181,0,37,0,13,0,87,0,15,0,3,0,36,0,23,0,44,0,33,0,35,0,14,0,79,116,188,26,43,21,6,24,0,0,0,0,0,0,0
0,13,0,2,0,0,0,0,0,0,1,11,0,15,0,9,0,0,0,17,0,44,0,7,0,0,0,35,0,0,0,2,0,2,0,12,0,4,0,0,4,178,3,22,0,192,11,195,13,0,0,39,0,0,0,0,0,0,0,0,0,0,0,0,0,2,0,0,0,7,0,0,0,0,0,0,0,0,0,0,0,0,0,13,0,0,0,6,0,3,0,1,0,15,0,13,0,0,0,0,0,2,0,21,0,0,0,0,0,0,0,0,0,0,0,0,0,0,0,0,0,0,0,0,0,0,0,0,0,0,0,0,0,2,0,10,0,0,0,0,0,0,0,0,0,0,0,0,0,0,0,0,0,0,0,0,0,0,0,0,0,0,0,2,0,67,0,3,0,51,0,2,0,8,0,3,0,65,0,1,0,0,0,3,0,0,31,60,0,23,0,2,0,0,0,23,0,0,0,8,0,0,0,15,0,11,0,0,0,1,0,0,0,0,11,0,0,0,22,39,43,8,7,0,10
0,0,0,0,65,2,0,0,0,0,0,0,241,24,20,0,57,0,171,0,186,27,0,0,0,0,312,160,39,0,58,2,25,0,68,0,148,0,7,0,68,0,84,0,60,0,50,29,27,0,0,0,0,0,0,0,0,0,7,0,0,0,25,0,1,0,1,0,0,0,55,0,0,0,26,0,0,0,0,0,86,0,0,0,43,0,46,0,0,0,20,0,0,0,0,0,0,0,171,0,66,0,0,0,0,0,0,0,0,0,0,0,0,0,0,0,0,0,0,0,36,0,0,0,0,0,0,0,0,0,0,0,0,0,0,0,0,0,14,0,33,0,0,0,45,0,0,0,0,0,0,0,0,0,0,0,0,0,0,0,0,0,21,0,49,0,30,0,136,0,25,0,49,0,0,0,27,0,10,0,0,0,0,0,0,0,78,0,0,0,13,0,0,0,0,0,3,0,15,0,0,0,0,0,0,0,0,0,0,0,57,88,88,59,49,3,5,7,0,0,0,0,0,0,0
0,0,0,0,0,0,0,0,0,0,1,0,9,109,0,5,0,0,19,71,9,102,0,6,0,0,22,269,0,6,0,25,0,23,0,30,0,49,0,0,7,19,20,66,8,204,10,35,3,39,0,0,0,3,0,0,0,0,0,0,0,10,0,5,0,0,0,0,0,7,0,0,0,0,0,0,0,3,0,0,0,32,0,0,0,0,0,9,0,0,0,1,0,9,0,0,0,0,0,18,0,0,0,10,0,0,0,0,0,0,0,0,0,0,0,0,0,0,0,0,0,17,0,0,0,0,0,0,0,0,0,0,0,0,0,0,0,0,0,0,0,39,0,37,0,0,0,0,0,0,0,0,0,0,0,0,0,0,0,0,0,5,0,7,0,40,0,14,0,99,0,16,0,73,0,0,4,10,0,0,0,0,0,0,0,0,0,28,0,36,0,3,0,0,0,35,0,0,0,0,0,0,0,32,0,0,0,0,0,0,0,0,0,0,24,0,0,0,23,76,98,15,20,0,4
0,0,63,0,0,0,276,1,325,8,0,0,13,0,0,1,131,0,17,0,30,0,43,0,67,6,0,0,19,0,7,0,0,0,0,0,29,0,10,0,0,0,4,0,77,0,0,0,31,0,0,0,0,8,567,24,536,8,304,12,39,0,67,0,1,3,65,23,0,0,10,0,3,0,9,0,0,0,0,0,68,0,0,0,222,0,0,1,0,0,166,0,0,0,7,0,173,0,234,0,63,0,0,0,0,0,0,0,0,0,0,0,0,0,0,0,0,0,0,0,50,0,35,0,0,0,0,0,17,0,21,0,23,0,30,0,28,0,319,0,73,0,397,0,40,0,0,0,2,0,0,0,0,0,295,0,173,0,47,0,6,0,52,0,0,0,6,0,30,0,234,0,17,0,0,0,108,9,2,0,0,0,0,0,20,0,0,0,0,0,0,0,0,0,0,0,0,0,5,0,49,0,0,0,0,0,0,0,0,0,225,192,360,0,375,6,78,12,0,0,0,0,0,0,0
0,0,0,3,0,0,24,62,81,192,1,0,0,0,0,0,0,78,0,0,0,5,0,3,0,56,0,0,0,17,0,0,0,11,0,4,0,8,2,16,0,0,0,0,0,0,0,0,0,0,0,3,8,0,50,94,0,93,8,33,5,117,1,150,1,2,15,19,0,1,0,1,0,0,0,0,0,0,0,0,0,3,0,0,0,11,0,0,0,0,0,0,0,2,0,0,0,0,0,5,0,5,0,0,0,0,0,0,0,0,0,0,0,0,0,0,0,0,0,0,0,0,0,0,0,0,0,3,0,13,1,6,0,8,0,35,2,30,0,92,0,33,0,27,0,102,0,0,0,3,0,2,0,0,0,166,0,108,0,46,1,31,0,0,0,0,0,0,0,2,5,12,0,3,0,0,20,44,0,0,0,0,0,0,0,31,0,0,0,0,0,0,0,0,0,0,0,0,0,0,0,0,0,0,0,0,0,0,0,6,0,0,15,9,210,0,4,0,199,267,65,93,6,9,0
4,0,158,0,24,0,402,0,200,65,14,0,0,0,50,0,55,0,0,0,19,0,97,0,127,8,0,0,8,0,0,0,1,0,2,0,0,0,0,0,0,0,0,0,0,0,2,0,19,0,0,0,567,50,0,100,53,74,113,48,16,2,15,1,3,0,17,94,0,0,4,0,0,0,0,0,0,0,0,0,7,0,0,0,16,0,0,0,0,0,0,0,0,0,0,1,12,0,12,0,0,0,0,0,0,0,0,0,0,0,0,0,0,0,0,0,0,0,0,0,0,0,0,0,0,5,36,0,15,0,5,5,38,0,51,0,44,0,81,0,26,0,102,0,0,0,0,0,0,0,0,0,1,0,39,0,6,0,27,0,3,0,4,0,1,0,0,0,4,0,76,0,0,0,1,0,97,10,10,0,0,0,4,0,20,0,0,0,0,0,0,0,0,0,0,0,0,0,0,0,17,0,0,0,0,0,0,0,31,0,63,17,67,118,85,0,25,2,3,0,0,0,0,0,0
7,30,0,26,0,9,115,231,212,370,0,3,0,0,0,49,0,57,0,0,0,14,0,50,15,216,0,0,0,9,0,0,0,0,0,0,0,1,0,0,0,2,0,0,0,0,0,0,0,0,0,0,24,94,100,0,19,148,21,128,0,11,15,55,0,21,44,49,0,0,0,0,0,0,0,0,0,0,0,0,0,0,0,0,0,0,0,0,0,0,0,0,0,0,0,0,0,0,0,0,1,0,0,0,0,0,0,0,0,0,0,0,0,0,0,0,0,0,0,0,0,0,0,0,0,50,0,33,0,0,0,73,0,0,8,96,2,53,0,25,0,6,0,0,0,10,0,8,0,24,0,24,0,0,0,36,0,10,0,12,0,60,0,0,0,3,0,0,0,5,20,89,25,42,0,0,48,75,0,0,0,0,2,4,4,23,0,0,0,0,0,0,0,0,0,0,0,0,0,0,0,0,0,0,0,0,1,0,0,57,24,9,22,13,149,0,0,0,25,15,126,115,0,13,0
0,0,12,0,0,0,3,0,3,0,0,0,0,0,0,0,6,0,0,0,0,0,12,0,17,0,0,0,0,0,0,0,0,0,0,0,0,0,0,0,0,0,0,0,0,0,0,0,17,0,0,0,536,0,53,19,0,35,94,27,0,0,0,0,48,4,6,81,0,0,0,0,0,0,0,0,0,0,0,0,0,0,2,0,3,0,0,0,0,0,0,0,0,0,0,0,0,0,0,0,0,0,0,0,0,0,0,0,0,0,0,0,0,0,0,0,0,0,0,0,0,0,0,0,5,0,20,0,54,0,66,0,40,0,0,0,23,0,30,0,0,3,18,0,8,0,2,0,9,0,0,0,0,0,69,0,25,0,49,3,48,3,69,0,3,0,0,0,8,0,45,0,0,0,0,1,12,0,0,0,0,5,0,0,49,2,0,0,0,0,0,0,0,0,0,0,0,0,0,0,0,0,0,0,0,0,0,0,14,0,205,29,163,320,611,8,30,0,0,1,0,0,0,0,0
0,0,0,0,0,0,16,13,54,9,0,0,0,0,0,15,0,66,0,0,0,0,0,17,0,118,0,0,0,3,0,0,0,0,0,0,0,0,0,0,0,0,0,0,0,0,0,0,0,0,0,0,8,93,74,148,35,0,75,338,0,0,0,30,20,6,85,17,0,6,0,0,0,0,0,0,0,6,0,0,0,0,0,22,0,0,0,0,0,0,0,0,0,0,0,7,0,0,0,0,0,0,0,0,0,0,0,0,0,0,0,0,0,0,0,0,0,0,0,0,0,0,0,0,0,45,0,12,0,23,0,38,0,8,0,0,0,9,2,7,0,1,0,0,0,4,0,5,2,11,0,17,0,8,0,185,0,0,0,144,0,116,0,15,0,4,0,0,0,13,0,215,0,0,0,10,13,4,0,0,0,9,0,0,17,21,0,0,0,1,0,0,0,0,0,0,0,1,0,0,0,0,0,0,0,0,0,5,3,35,0,0,10,0,387,0,0,0,60,89,370,290,23,13,0
2,0,15,0,0,0,17,0,44,20,0,0,4,0,0,0,0,0,0,0,0,0,0,0,17,0,0,0,0,0,0,0,0,0,0,0,0,0,0,0,0,0,0,0,0,0,0,0,22,0,7,0,304,8,113,21,94,75,0,70,0,0,4,0,129,23,95,144,0,0,0,0,2,0,0,0,0,0,0,0,0,0,0,0,0,0,2,0,0,0,0,0,0,0,0,0,0,0,0,0,0,0,0,0,0,0,0,0,0,0,0,0,0,0,0,0,0,0,0,0,0,0,0,0,35,0,0,0,14,0,294,0,32,0,0,0,0,0,17,0,0,0,0,0,4,0,0,0,68,0,0,0,0,0,43,10,63,0,13,10,110,0,26,0,3,0,8,0,10,0,170,0,11,0,0,0,20,0,0,0,0,8,0,0,103,5,0,0,0,0,0,0,0,0,0,0,0,0,0,0,0,0,0,0,0,0,0,0,0,0,539,123,261,695,1269,6,103,0,4,0,0,0,0,0,0
0,3,0,0,0,0,17,23,44,66,0,0,0,0,0,0,0,4,0,0,0,0,0,11,0,29,0,0,0,0,0,0,0,0,0,0,0,0,0,0,0,0,0,0,0,0,0,0,0,0,0,0,12,33,48,128,27,338,70,0,0,0,0,7,17,125,107,242,0,15,0,0,0,3,0,0,0,0,0,0,0,0,0,0,0,0,0,26,0,0,0,0,0,0,0,0,0,0,0,0,0,0,0,7,0,0,0,0,0,0,0,0,0,0,0,0,0,0,0,0,0,0,0,0,0,35,0,8,0,0,0,62,0,9,0,2,0,0,0,1,0,0,0,1,0,10,0,6,0,29,0,15,0,0,2,48,0,28,0,54,0,47,0,0,0,7,0,0,0,45,0,130,0,10,0,15,26,0,0,0,0,0,0,0,38,60,0,0,0,0,0,0,0,0,0,0,0,0,0,0,0,0,0,0,0,0,0,0,0,13,8,0,0,0,1442,0,0,0,300,159,544,620,56,27,0
112,2,92,0,0,0,267,0,251,0,0,0,0,0,0,0,21,0,0,0,0,0,0,0,9,14,0,0,8,0,8,0,7,0,0,0,21,0,6,0,0,0,6,0,0,0,0,0,0,0,0,0,39,5,16,0,0,0,0,0,0,0,56,0,0,0,23,0,0,0,0,0,0,0,0,0,0,0,2,0,0,0,0,0,0,0,0,0,0,0,0,0,0,0,0,0,0,0,0,0,0,0,0,0,0,0,0,0,0,0,0,0,0,0,0,0,0,0,0,0,0,0,0,0,0,0,0,0,0,0,0,0,0,0,0,0,0,0,91,0,71,0,0,0,107,0,0,0,0,0,0,0,0,0,8,0,156,0,0,0,0,1,7,0,0,0,1,0,0,0,82,0,47,0,0,0,81,0,0,0,0,0,15,0,0,0,0,0,0,0,0,0,0,0,0,0,0,0,2,0,0,0,0,0,0,0,0,0,0,0,140,97,58,124,127,0,36,0,0,0,0,0,0,0,0
0,232,0,28,0,0,0,202,0,152,0,0,0,0,0,7,0,25,0,0,0,7,0,11,0,123,0,0,0,34,0,23,0,23,0,16,0,42,0,18,0,0,0,38,0,0,0,0,0,0,0,10,0,117,2,11,0,0,0,0,0,0,0,75,0,0,0,0,0,0,0,0,0,0,0,2,0,1,0,0,0,0,0,4,0,18,0,0,0,0,0,0,0,0,0,0,0,0,0,16,0,0,0,0,0,0,0,0,0,0,0,0,0,0,0,0,0,1,0,0,0,0,0,0,0,0,0,0,0,0,0,0,0,0,0,0,0,0,0,51,0,78,0,50,0,171,0,0,0,0,0,0,0,0,0,8,0,133,0,25,0,2,0,0,0,0,0,4,0,2,0,27,0,35,0,0,0,44,0,0,0,0,0,24,0,6,0,0,0,0,0,0,0,0,0,0,0,0,0,0,0,0,0,0,0,0,0,0,0,0,0,0,0,0,97,0,0,0,84,266,40,74,0,15,0
0,0,59,0,17,0,197,0,179,0,6,0,0,0,0,0,236,2,0,0,87,0,23,0,48,0,0,0,21,0,23,0,0,0,0,0,57,0,8,0,0,0,26,0,0,0,1,0,0,0,25,0,67,1,15,15,0,0,4,0,56,0,0,1,0,0,2,0,0,0,0,0,0,0,0,0,0,0,0,0,21,0,0,0,32,0,14,0,0,0,14,0,0,0,0,0,22,0,49,0,13,0,1,0,0,0,0,0,0,0,0,0,0,0,0,0,0,0,0,0,24,0,4,0,0,0,0,0,0,0,0,0,0,0,0,0,6,0,92,0,56,0,37,0,24,0,0,0,0,0,0,0,0,0,21,0,28,0,0,0,0,0,0,0,0,0,0,0,0,0,7,0,13,0,0,0,77,13,5,0,0,0,10,0,0,0,0,0,0,0,0,0,0,0,0,0,0,0,0,0,0,0,0,0,0,0,0,0,2,0,167,99,25,46,60,0,14,2,0,0,0,0,0,0,0
18,173,19,9,0,0,17,188,10,140,0,1,0,0,0,3,0,94,1,0,0,56,11,13,13,212,0,0,0,60,0,25,0,15,0,23,0,15,0,31,0,0,0,39,0,0,0,0,0,0,0,5,0,150,1,55,0,30,0,7,0,75,1,0,0,0,0,0,0,0,0,0,0,1,0,0,0,0,0,0,0,0,0,0,0,0,0,0,0,0,0,0,0,0,0,0,0,0,0,0,0,0,0,0,0,0,0,0,0,0,0,0,0,0,0,0,0,0,0,0,0,11,0,0,0,0,0,0,0,0,0,0,0,0,1,0,0,73,0,156,0,107,0,66,0,92,0,0,0,0,0,0,0,0,0,42,0,61,0,74,0,11,0,0,0,0,0,0,0,0,0,2,14,0,0,0,6,36,0,0,0,0,0,17,0,6,0,0,0,0,0,0,0,0,0,0,0,0,0,0,0,0,0,0,0,0,0,0,0,0,5,0,0,0,68,0,0,0,91,296,24,0,0,0,0
10,0,11,0,19,0,11,0,40,0,13,0,20,0,8,0,0,1,0,0,0,0,0,0,0,0,0,0,0,0,0,0,0,0,0,0,2,0,0,0,0,0,0,0,0,0,0,0,2,0,1,0,1,1,3,0,48,20,129,17,0,0,0,0,0,29,344,26,0,0,0,0,0,0,0,0,0,0,0,0,0,0,0,0,0,0,0,0,0,0,0,0,0,0,0,0,0,0,0,0,0,0,0,0,0,0,1,0,0,0,0,0,0,0,0,0,0,0,0,0,0,0,0,0,44,0,37,0,0,0,71,0,6,0,11,2,1,0,21,9,1,0,5,0,29,10,40,0,117,0,21,0,29,0,13,18,10,0,8,30,182,23,0,0,0,0,0,0,0,0,0,0,0,0,31,10,0,0,11,0,56,41,18,0,369,6,0,0,0,0,0,0,0,0,0,0,1,0,0,0,0,0,0,0,0,0,0,0,13,0,271,18,0,0,246,0,2,0,5,0,0,1,0,0,0
0,33,0,0,0,8,0,4,0,91,0,7,0,8,0,17,0,2,0,24,0,0,0,1,0,4,0,29,0,0,0,0,0,4,0,0,0,0,0,3,0,2,0,0,0,3,0,0,0,2,0,0,3,2,0,21,4,6,23,125,0,0,0,0,29,0,29,362,0,0,0,1,0,0,0,0,0,0,0,0,0,5,0,0,0,3,0,0,0,0,0,0,0,0,0,3,0,1,0,2,0,3,0,0,0,0,0,0,0,0,0,0,0,0,0,0,0,0,0,0,0,0,0,0,0,79,0,12,0,0,23,99,0,0,0,0,0,0,20,18,1,20,0,0,2,17,0,52,0,144,0,21,0,20,0,5,0,0,4,2,40,163,0,0,0,0,0,0,0,4,0,0,0,0,0,80,0,0,0,0,17,117,0,8,15,137,0,3,0,0,0,0,0,0,0,0,0,0,0,0,0,2,0,0,0,0,0,3,0,9,0,0,0,0,172,0,0,0,172,43,0,0,0,0,0
0,0,6,0,7,0,50,0,197,14,4,0,0,0,6,0,0,0,0,0,0,0,0,0,0,0,0,0,0,0,0,0,0,0,0,0,0,0,0,0,0,0,1,0,0,0,0,0,12,0,1,0,65,15,17,44,6,85,95,107,23,0,2,0,344,29,0,146,0,0,0,0,0,0,0,0,1,0,1,0,1,0,0,0,0,0,0,0,0,0,0,0,0,0,0,0,0,0,0,0,0,0,0,0,0,0,0,0,0,0,0,0,0,0,0,0,0,0,0,0,0,0,0,0,4,0,0,0,0,0,24,0,0,0,0,0,0,0,0,1,0,0,0,0,0,0,5,0,19,0,0,0,0,0,11,11,45,0,0,5,95,10,0,0,0,0,1,0,5,0,36,0,0,0,0,2,86,0,0,0,0,6,6,0,450,9,0,0,0,0,1,0,0,0,0,0,0,0,0,0,0,0,0,0,0,0,0,0,0,0,298,152,82,235,514,4,28,6,0,2,0,0,0,0,0
0,7,0,0,0,3,23,0,72,87,0,3,0,0,0,0,0,0,0,0,0,0,0,0,0,0,0,0,0,0,0,0,0,0,0,0,0,0,0,0,0,0,0,0,0,0,0,1,0,0,0,0,23,19,94,49,81,17,144,242,0,0,0,0,26,362,146,0,0,0,0,0,0,0,0,0,0,0,0,0,0,0,0,0,0,0,0,0,0,0,0,0,0,0,0,0,0,0,0,0,0,0,0,0,0,0,0,0,0,0,0,0,0,0,0,0,0,0,0,0,0,0,0,0,0,22,0,0,0,0,0,48,0,0,0,0,0,0,1,0,0,0,0,0,0,10,0,0,0,49,0,0,0,3,3,24,0,38,0,34,0,29,0,0,0,0,0,0,0,14,0,21,0,5,0,62,43,25,0,0,1,19,0,0,57,435,0,1,0,0,0,0,0,0,0,0,0,0,0,0,0,0,0,0,0,0,0,0,0,0,0,9,0,0,985,0,0,0,319,173,168,251,22,11,0
0,0,0,0,0,0,0,0,0,0,0,0,0,0,0,0,0,0,0,0,0,0,0,0,0,0,2,0,0,0,0,0,0,0,0,0,0,0,0,0,0,0,0,0,8,0,0,0,6,0,0,0,0,0,0,0,0,0,0,0,0,0,0,0,0,0,0,0,0,0,0,0,18,0,0,0,233,0,54,0,0,0,8,0,6,0,14,0,37,0,0,0,17,0,8,0,0,0,0,0,0,0,64,0,0,0,9,0,24,0,2,0,0,0,18,0,22,0,0,0,0,0,0,0,0,0,0,0,0,0,0,0,0,0,0,0,0,0,0,0,0,0,0,0,0,0,0,0,0,0,0,0,0,0,0,0,0,0,0,0,0,0,5,0,4,0,0,0,262,0,56,0,1,0,0,0,0,0,0,0,0,0,0,0,0,0,0,0,0,0,0,0,0,0,0,0,0,0,0,0,0,0,0,0,0,0,0,0,0,0,13,12,39,5,0,25,66,1,0,0,0,0,0,0,0
0,0,0,0,0,0,0,0,0,12,0,0,0,0,0,0,0,1,0,0,0,0,0,0,0,4,0,0,0,0,0,0,0,0,0,0,0,0,0,0,0,0,0,0,0,0,0,0,0,7,0,7,0,1,0,0,0,6,0,15,0,0,0,0,0,0,0,0,0,0,0,0,0,1,0,0,0,88,0,0,0,4,0,13,0,0,0,10,0,10,0,0,0,43,0,5,0,0,0,0,0,0,0,109,0,0,0,0,0,16,0,14,0,2,0,0,0,1,0,0,0,1,0,0,0,0,0,0,0,0,0,0,0,0,0,0,0,0,0,0,0,0,0,0,0,0,0,0,0,0,0,4,0,0,0,0,0,3,0,0,0,0,0,2,0,66,0,0,0,119,0,15,0,7,0,0,0,0,0,0,0,0,0,0,0,0,0,0,0,23,0,0,0,0,0,32,0,0,0,5,0,0,0,0,0,0,0,1,0,0,0,0,0,0,0,0,0,0,21,36,112,0,46,27,4
0,0,0,0,0,0,0,0,0,0,0,0,0,0,5,0,72,0,0,0,44,0,6,0,0,0,0,0,8,0,0,0,4,0,0,0,68,0,2,0,0,0,16,0,0,0,0,0,0,0,55,0,10,0,4,0,0,0,0,0,0,0,0,0,0,0,0,0,0,0,0,0,179,0,48,0,6,0,56,0,28,0,0,0,20,0,35,0,0,0,0,0,0,0,0,0,0,0,0,0,0,0,0,0,0,0,0,0,0,0,0,0,0,0,0,0,0,0,0,0,32,0,41,0,2,0,0,0,0,0,0,0,0,0,8,0,0,0,9,0,72,0,30,0,58,0,0,0,0,0,11,0,0,0,2,0,14,0,0,0,0,0,67,0,1,0,22,0,17,0,24,0,0,0,2,0,0,0,0,0,0,0,0,0,1,0,0,0,0,0,0,0,0,0,0,0,0,0,0,0,0,0,0,0,0,0,0,0,0,0,11,0,20,0,15,0,3,0,0,0,0,0,0,0,0
0,0,0,0,0,0,0,0,0,0,0,0,0,0,0,0,0,0,0,0,0,4,0,0,0,0,0,1,0,1,0,0,0,0,0,0,0,0,0,0,0,0,0,0,0,0,0,0,0,0,0,0,0,1,0,0,0,0,0,0,0,0,0,0,0,1,0,0,0,0,0,0,0,74,0,367,0,4,0,21,0,10,0,0,0,2,0,149,0,0,0,0,0,0,0,5,0,0,0,0,0,0,0,0,0,0,0,0,0,0,0,0,0,0,0,0,0,0,0,0,0,3,0,14,0,36,0,42,0,11,0,0,0,39,0,16,0,35,0,13,0,25,0,21,0,53,0,0,0,7,0,18,0,12,0,0,0,0,1,1,0,0,0,19,0,0,0,0,0,5,0,3,0,11,0,0,0,0,0,0,0,0,0,0,0,0,0,0,0,0,0,0,0,0,0,0,0,0,0,0,0,0,0,0,0,0,0,0,0,16,0,0,0,0,2,0,0,0,17,3,4,0,0,0,0
0,0,0,0,0,0,4,0,1,0,0,0,0,0,0,0,0,0,0,0,0,0,0,0,0,0,2,0,0,0,0,0,0,0,0,0,5,0,0,0,0,0,2,0,0,0,0,0,0,0,0,0,3,0,0,0,0,0,2,0,0,0,0,0,0,0,0,0,18,0,179,0,0,0,153,0,64,0,194,0,10,0,22,0,26,0,26,0,0,0,0,0,18,0,0,0,0,0,1,0,0,0,3,0,0,0,0,0,0,0,0,0,0,0,0,0,1,0,0,0,44,0,67,0,20,0,0,0,6,0,13,0,40,0,39,0,10,0,8,0,74,0,38,0,68,0,21,0,0,0,59,0,4,0,0,0,1,0,0,0,0,0,56,0,0,0,0,0,13,0,10,0,0,0,1,0,0,0,0,0,12,0,0,0,0,0,0,0,0,0,0,0,16,0,0,0,5,0,0,0,22,0,0,0,0,0,49,0,48,0,131,11,16,0,14,0,0,0,0,0,0,0,0,0,0
0,0,0,0,0,0,0,0,0,0,0,0,0,0,0,0,0,0,0,0,0,0,0,0,0,0,0,0,0,0,0,0,0,0,0,0,0,0,0,0,0,0,0,0,0,0,0,0,0,0,0,0,0,0,0,0,0,0,0,3,0,0,0,1,0,0,0,0,0,1,0,74,0,0,0,81,0,43,0,14,0,14,0,10,0,30,0,87,0,0,0,0,0,0,0,0,0,8,0,3,0,0,0,0,0,0,0,0,0,1,0,0,0,0,0,0,0,1,0,0,0,23,0,25,0,25,0,0,0,0,0,3,0,28,0,83,0,46,0,11,0,15,0,29,0,52,0,0,1,0,0,27,0,0,0,0,0,0,0,0,0,2,0,21,0,0,0,0,0,6,0,7,0,6,0,0,0,0,0,0,0,0,0,0,0,0,0,0,0,18,0,0,0,0,0,0,0,3,0,68,0,25,0,0,0,0,0,0,0,0,0,0,0,0,0,0,0,0,29,6,9,0,0,0,0
0,0,0,0,0,0,0,0,0,0,0,0,0,0,0,0,0,0,0,0,26,0,0,0,0,0,0,0,5,0,3,0,0,0,0,0,0,0,0,0,0,0,0,0,0,0,0,0,2,0,26,0,9,0,0,0,0,0,0,0,0,0,0,0,0,0,0,0,0,0,48,0,153,0,0,1,38,0,150,0,67,0,7,0,30,0,42,0,0,0,0,0,7,0,7,0,1,0,3,0,0,0,3,0,0,0,0,0,0,0,0,0,0,0,0,0,0,0,0,0,25,0,64,0,0,0,0,0,0,0,0,0,0,0,0,0,3,0,8,0,64,0,18,0,90,0,0,0,0,0,0,0,0,0,0,0,2,0,2,0,0,0,25,0,0,0,6,0,22,0,10,0,8,0,0,0,0,0,0,0,0,0,0,0,2,0,0,0,0,0,0,0,0,0,0,0,0,0,0,0,0,0,0,0,0,0,0,0,0,0,0,5,6,0,4,0,0,0,0,0,0,0,0,0,0
0,0,0,0,0,0,0,0,0,0,0,0,0,0,0,0,0,0,0,0,0,8,0,0,1,0,0,0,0,0,0,0,0,1,0,0,0,0,0,0,0,0,0,0,0,0,0,0,0,0,0,0,0,0,0,0,0,0,0,0,0,2,0,0,0,0,0,0,0,0,0,367,0,81,1,0,0,0,0,42,0,1,0,0,0,9,0,60,0,0,0,0,0,0,0,0,0,0,0,0,0,0,0,0,0,0,0,0,0,0,0,0,0,0,0,0,0,0,0,0,0,184,0,41,0,24,0,21,0,0,0,0,1,0,0,35,3,0,0,0,0,44,0,75,0,126,0,0,0,0,0,20,0,11,0,0,0,2,0,0,2,0,0,73,0,0,0,0,0,3,0,6,0,11,0,3,0,0,0,0,0,0,0,0,0,0,0,0,0,0,0,0,0,0,0,0,0,0,0,16,0,0,0,0,0,0,0,10,0,14,0,0,0,0,0,0,0,0,46,0,0,0,0,0,0
1,0,0,0,0,0,0,0,1,0,0,0,0,0,0,0,0,0,0,0,0,0,0,0,0,0,0,0,0,0,0,0,0,0,0,0,0,0,0,0,0,0,0,0,0,0,0,0,5,0,0,0,0,0,0,0,0,0,0,0,0,0,0,0,0,0,1,0,233,0,6,0,64,0,38,0,0,0,99,0,8,0,22,0,17,0,29,0,32,0,0,0,15,0,7,0,10,0,0,0,4,0,59,0,0,0,0,0,4,0,0,0,0,0,0,0,5,0,0,0,0,0,0,0,0,0,0,0,0,0,0,0,0,0,0,0,0,0,0,0,0,0,0,0,0,0,0,0,0,0,0,0,0,0,0,0,0,0,0,0,0,0,0,0,8,0,0,0,47,0,8,0,0,0,0,0,0,0,0,0,0,0,0,0,0,0,0,0,0,0,0,0,0,0,6,0,0,0,0,0,12,0,0,0,23,0,0,0,0,0,37,6,19,5,0,15,9,0,0,0,0,0,0,0,0
0,0,0,0,0,0,0,0,0,0,0,0,0,0,0,0,0,0,0,0,0,0,0,0,0,0,0,0,0,0,0,0,0,0,0,0,0,0,0,0,0,0,0,0,0,0,0,0,0,0,0,3,0,0,0,0,0,6,0,0,0,1,0,0,0,0,0,0,0,88,0,4,0,43,0,0,0,0,0,0,0,32,0,106,0,6,0,81,0,2,0,4,0,19,0,21,0,0,0,25,0,15,0,30,0,0,0,13,0,57,0,4,0,0,0,0,0,19,0,0,0,0,0,0,0,0,0,0,0,0,0,0,0,4,0,0,0,0,0,0,0,0,0,6,0,0,0,0,0,0,0,0,0,1,0,2,0,0,0,0,0,0,0,0,0,10,0,2,0,83,0,1,0,0,0,0,0,0,0,0,0,0,0,0,0,0,0,0,0,64,0,0,0,0,0,70,0,0,0,13,0,33,0,30,0,103,0,0,0,4,0,0,0,0,1,0,0,0,15,11,37,2,8,0,0
0,0,0,0,0,0,0,0,0,0,0,0,0,0,0,0,0,0,0,0,0,0,0,0,0,0,0,0,0,0,0,0,0,0,0,0,0,0,0,0,0,0,0,0,6,0,0,0,0,0,0,0,0,0,0,0,0,0,0,0,2,0,0,0,0,0,1,0,54,0,56,0,194,0,150,0,99,0,0,0,27,0,68,0,65,0,57,0,0,0,0,0,46,0,13,0,13,0,3,0,0,0,0,0,0,0,0,0,1,0,0,0,0,0,0,0,1,0,0,0,31,0,59,0,0,0,0,0,0,0,0,0,0,0,0,0,0,0,0,0,16,0,33,0,8,0,0,0,0,0,11,0,0,0,0,0,0,0,0,0,0,0,20,0,3,0,0,0,36,0,8,0,0,0,0,0,0,0,0,0,0,0,0,0,0,0,0,0,0,0,7,0,0,0,3,0,0,0,0,0,30,0,27,0,24,0,0,0,0,0,221,15,26,9,11,15,1,2,0,0,0,0,0,0,0
0,0,0,0,0,0,0,0,0,0,0,0,0,0,0,0,0,0,0,0,0,0,0,0,0,0,0,0,0,0,0,0,0,0,0,0,0,0,0,0,0,0,0,0,0,0,0,0,0,0,0,0,0,0,0,0,0,0,0,0,0,0,0,0,0,0,0,0,0,0,0,21,0,14,0,42,0,0,0,0,0,4,0,0,0,21,0,22,0,0,0,0,0,0,0,0,0,0,0,0,0,0,0,0,0,0,0,0,0,0,0,0,0,0,0,0,0,0,0,0,0,13,0,77,0,0,0,0,0,0,0,0,0,0,0,35,0,0,0,0,0,8,0,12,0,18,0,0,0,0,0,0,0,0,0,0,0,0,0,0,0,0,0,17,0,0,0,0,0,0,0,3,0,0,0,0,0,0,0,0,0,0,0,0,0,0,0,0,0,0,0,0,0,0,0,0,0,0,0,12,0,0,0,0,0,0,0,0,0,0,0,0,0,0,0,0,0,0,21,0,0,0,0,0,0
