0,33,43,30,106,0,15,18,45,5,186,0,194,0,16,40,156,23,22,0,36,3,57,38,23,73,0,0,44,6,13,0,0,0,0,0,83,0,294,9,0,0,0,0,0,0,0,0,6,0,0,0,4,0,0,0,0,1,3,1,127,0,57,11,0,0,2,0,0,0,0,0,0,0,4,0,0,0,0,0,0,0,0,0,0,0,0,0,0,0,0,0,0,0,0,0,0,0,0,0,0,0,0,0,0,0,0,0,0,0,0,0,0,0,0,0,0,0,1,0,0,0,0,0,0,0,0,0,0,0,0,0,0,0,0,0,1,0,0,0,0,0,0,0,0,0,0,0,17,0,12,0,11,0,0,0,0,0,0,0,0,0,0,0,0,0,0,0,4,0,9,0,273,0,6,0,225,32,52,0,0,0,56,0,12,0,0,0,0,0,0,0,0,0,0,0,0,0,0,0,0,0,0,0,0,0,0,0,0,0,490,65,201,100,99,0,0,0,0,0,0,0,0,0,0
33,0,48,61,16,217,17,27,0,96,0,331,0,32,0,132,17,176,0,281,0,44,36,179,8,48,0,78,0,149,2,26,0,151,0,0,0,98,0,421,0,3,0,0,0,25,0,0,0,3,0,5,0,16,0,4,0,0,0,5,0,142,0,125,0,117,0,102,0,0,0,0,0,0,0,0,0,5,0,0,0,0,0,0,0,22,0,0,0,0,0,0,0,0,0,0,0,0,0,0,0,0,0,0,0,0,0,0,0,0,0,0,0,0,0,0,0,0,0,0,0,0,0,0,0,8,0,0,0,0,0,15,0,0,0,0,0,5,0,0,0,0,0,0,0,0,0,0,0,41,0,28,0,46,0,0,0,0,0,0,0,0,0,0,0,0,0,27,1,17,0,8,0,200,0,0,54,147,3,13,0,31,0,12,0,37,0,1,0,0,0,0,0,0,0,0,0,0,0,0,0,0,0,0,0,0,0,0,0,0,14,0,13,0,238,0,0,0,832,108,426,198,0,41,2
43,48,0,50,178,33,102,16,37,6,71,17,141,0,259,114,197,43,99,15,100,16,263,65,60,76,80,0,142,0,40,0,155,2,11,0,88,0,402,20,21,0,0,0,0,0,27,0,7,0,0,0,0,0,18,0,4,0,6,0,96,3,0,10,16,0,10,0,0,0,0,0,0,0,0,0,0,0,0,0,0,0,0,0,0,0,0,0,0,0,0,0,0,0,0,0,0,0,0,0,0,0,0,0,0,0,0,0,0,0,0,0,0,0,0,0,0,0,0,0,0,0,0,0,39,0,33,0,0,0,56,0,0,0,0,0,0,0,0,0,0,0,16,0,0,0,30,0,62,0,24,0,21,0,0,0,5,0,0,0,10,0,0,0,8,0,0,0,14,1,18,0,274,0,0,0,210,52,7,0,6,0,17,0,17,0,0,0,0,0,0,0,0,0,0,0,0,0,0,0,5,0,0,0,0,0,0,0,17,0,567,55,319,140,149,2,0,0,7,0,0,0,0,0,0
30,61,50,0,0,99,0,38,0,10,0,19,0,0,0,316,34,94,0,154,0,75,73,322,11,77,0,0,0,181,0,73,0,145,0,0,0,39,0,234,0,0,0,0,0,0,0,0,0,0,0,0,0,0,0,18,0,3,0,6,0,22,0,16,0,39,0,21,0,0,0,0,0,0,0,0,0,0,0,0,0,0,0,0,0,0,0,0,0,0,0,0,0,0,0,0,0,0,0,0,0,0,0,0,0,0,0,0,0,0,0,0,0,0,0,0,0,0,0,0,0,4,0,0,0,49,0,31,0,0,0,30,0,0,0,0,0,0,0,0,0,0,0,0,0,0,0,0,0,71,0,33,0,16,0,0,0,0,0,0,0,5,0,2,0,5,1,0,0,5,0,0,0,108,0,1,26,92,0,5,0,7,3,14,0,14,0,0,0,0,0,0,0,0,0,0,0,0,0,0,0,0,0,0,0,0,0,0,1,12,5,0,0,0,104,0,0,0,246,23,245,86,1,0,2
106,16,178,0,0,223,41,0,44,0,138,48,330,63,213,113,26,0,155,245,289,33,60,7,6,0,303,35,0,0,145,4,316,5,110,0,372,0,54,0,80,0,0,0,33,0,97,0,8,0,79,0,0,0,4,0,0,0,3,0,0,2,0,0,20,0,10,0,0,0,0,0,0,0,0,0,0,0,0,0,0,0,0,0,0,0,0,0,0,0,0,0,0,0,0,0,0,0,0,0,0,0,0,0,0,0,0,0,0,0,0,0,0,0,0,0,0,0,0,0,0,0,0,0,0,0,0,0,0,0,0,0,0,0,0,0,0,0,9,0,0,0,123,0,25,0,29,0,39,0,26,0,0,0,0,0,0,0,0,0,5,0,0,0,0,1,74,0,26,0,0,0,125,0,0,0,387,125,158,0,21,0,58,0,35,0,3,0,0,0,0,0,0,0,0,0,0,0,0,0,0,0,0,0,0,0,0,0,13,0,593,175,341,0,80,0,0,0,0,0,0,0,0,0,0
0,217,33,99,223,0,7,82,0,15,49,406,102,125,209,120,6,6,132,335,31,88,32,66,0,0,0,277,4,48,10,161,13,541,0,129,0,338,0,38,0,34,0,0,0,75,0,48,0,0,0,51,0,0,0,0,0,8,0,0,0,0,2,0,0,12,0,14,0,0,0,0,0,0,0,0,0,0,0,0,0,21,0,0,0,0,0,0,0,0,0,0,0,0,0,0,0,0,0,0,0,0,0,0,0,0,0,0,0,0,0,0,0,0,0,0,0,0,0,0,0,0,0,0,0,0,0,0,0,0,0,0,0,0,0,0,0,0,0,0,0,0,0,0,0,0,0,0,0,15,0,19,0,41,0,0,0,0,0,0,0,0,0,0,2,35,4,191,2,27,0,11,0,101,0,3,78,337,0,59,0,0,0,0,0,0,0,7,0,0,0,0,0,0,0,0,0,0,0,0,0,0,0,0,0,0,0,0,0,0,15,0,0,0,181,0,0,0,815,216,490,87,0,0,1
15,17,102,0,41,7,0,63,37,49,43,0,50,0,45,0,97,28,17,0,20,0,97,13,289,127,0,0,32,0,0,0,0,0,5,0,0,0,97,0,0,0,0,0,0,0,0,0,33,0,0,0,221,20,300,40,16,4,11,4,433,0,753,24,19,0,41,0,0,0,0,0,0,0,0,0,0,0,0,0,0,0,0,0,0,0,0,0,0,0,0,0,0,0,0,0,0,0,0,0,0,0,0,0,0,0,0,0,0,0,0,0,0,0,0,0,0,0,0,0,0,0,0,0,54,0,47,0,10,0,94,0,20,0,20,0,27,0,0,0,0,0,21,0,0,0,46,0,42,2,33,0,0,0,2,0,0,0,0,0,46,0,3,0,11,0,0,0,24,0,123,0,350,0,0,0,67,11,0,0,0,0,6,0,0,1,0,0,0,0,0,0,0,0,0,0,0,0,0,0,0,0,0,0,0,0,0,0,51,0,951,82,276,401,478,12,40,13,3,7,0,0,0,0,0
18,27,16,38,0,82,63,0,55,36,0,40,0,11,0,46,6,140,0,42,0,23,8,50,13,75,0,0,0,75,0,0,0,17,0,0,0,0,0,182,0,3,0,5,0,0,0,0,0,0,0,6,4,85,8,135,0,5,0,10,0,309,0,551,0,9,0,20,0,2,0,0,0,0,0,0,0,0,0,0,0,0,0,0,0,0,0,0,0,0,0,0,0,0,0,0,0,0,0,0,0,0,0,0,0,0,0,0,0,0,0,0,0,0,0,0,0,0,0,0,0,4,0,0,0,16,0,18,0,0,0,39,0,0,0,0,0,0,0,0,0,0,0,0,0,0,0,0,0,28,0,0,0,9,0,3,0,17,0,1,0,12,0,6,0,5,0,22,0,20,0,60,0,223,0,0,34,77,0,0,0,0,0,4,0,0,0,0,0,0,0,0,0,0,0,0,0,0,0,0,0,1,0,0,0,0,0,0,0,15,20,0,0,0,338,0,0,0,647,61,454,293,3,100,0
45,0,37,0,44,0,37,55,0,144,46,0,75,0,16,0,52,28,13,0,17,0,7,0,34,118,37,0,0,0,0,0,0,0,0,0,0,0,36,0,10,0,0,0,0,0,10,0,0,0,0,0,297,52,84,158,4,9,16,40,247,0,349,27,156,0,180,19,0,1,0,0,0,0,0,0,1,0,0,0,0,0,0,0,0,0,0,0,0,0,0,0,0,0,0,0,0,0,0,0,0,0,0,0,0,0,0,0,0,0,0,0,0,0,0,0,0,0,0,0,0,0,0,0,33,0,13,0,0,0,98,0,0,0,0,0,5,0,0,0,0,0,6,0,2,0,33,0,114,0,16,0,9,0,3,0,18,0,0,0,29,0,2,0,4,0,0,0,12,0,220,0,154,0,0,0,264,23,16,0,0,0,51,0,61,0,0,0,0,0,0,0,0,0,0,0,0,0,0,0,0,0,0,0,0,0,0,0,0,0,416,68,120,96,163,0,17,3,0,0,0,0,0,0,0
5,96,6,10,0,15,49,36,144,0,0,25,0,2,0,0,0,19,0,48,0,0,1,4,0,11,0,15,0,0,0,5,0,16,0,2,0,10,0,11,0,0,0,0,0,6,0,0,1,0,0,0,19,187,67,56,0,18,31,35,0,104,0,262,0,249,27,240,0,3,0,0,0,0,0,0,0,3,0,0,0,0,0,0,0,0,0,0,0,0,0,0,0,0,0,0,0,0,0,0,0,0,0,0,0,0,0,0,0,0,0,0,0,0,0,0,0,0,0,0,0,0,0,0,0,34,0,0,0,0,0,79,0,2,0,0,0,0,0,0,0,0,1,4,0,0,0,31,0,94,0,38,0,78,1,26,0,63,0,0,0,0,0,0,0,9,0,20,0,21,0,69,0,94,0,3,70,160,0,0,0,15,0,3,4,122,0,0,0,0,0,0,0,0,0,0,0,0,0,0,0,0,0,0,0,0,0,0,0,0,20,0,0,0,285,0,0,0,582,81,282,273,6,68,0
186,0,71,0,138,49,43,0,46,0,0,16,528,0,41,92,24,0,24,30,84,18,25,6,0,0,45,0,13,0,106,0,258,0,21,0,240,4,0,0,36,0,0,0,0,0,0,0,0,0,16,0,0,0,0,0,0,0,0,0,0,0,0,0,0,0,0,0,0,0,0,0,0,0,0,0,0,0,0,0,0,0,0,0,0,0,0,0,0,0,0,0,0,0,0,0,0,0,0,0,0,0,0,0,0,0,0,0,0,0,0,0,0,0,0,0,0,0,0,0,0,0,18,0,0,0,0,0,0,0,0,0,0,0,0,0,0,0,0,0,0,0,60,0,0,0,0,0,0,0,0,0,0,0,0,0,0,0,0,0,0,0,0,0,0,0,0,1,0,0,4,0,0,0,0,0,297,36,345,0,17,0,75,0,18,0,7,0,0,0,0,0,0,0,0,0,0,0,0,0,0,0,1,0,0,0,0,0,0,0,281,114,91,0,27,0,0,0,0,0,0,0,0,0,0
0,331,17,19,48,406,0,40,0,25,16,0,21,298,89,24,4,7,36,286,14,80,14,95,1,0,0,322,0,49,0,63,0,268,0,58,0,119,1,45,0,87,0,0,0,88,1,75,0,9,0,21,0,2,0,0,0,0,0,5,0,0,0,0,0,14,0,6,0,0,0,0,0,0,0,0,0,0,0,0,0,0,0,0,0,0,0,0,0,0,0,0,0,0,0,0,0,0,0,9,0,0,0,0,0,0,0,0,0,0,0,0,0,0,0,0,0,0,0,1,0,0,0,2,0,0,0,0,0,0,0,0,0,0,0,0,0,0,0,0,0,0,0,0,0,0,0,0,0,0,0,20,0,50,0,0,0,0,0,0,0,0,0,0,0,12,0,50,0,12,0,2,0,32,0,8,33,227,0,36,0,70,0,61,0,40,0,7,0,0,0,0,0,0,0,0,0,0,0,0,0,0,0,0,0,0,0,0,0,2,0,0,6,0,72,0,0,0,345,114,164,35,1,3,1
194,0,141,0,330,102,50,0,75,0,528,21,0,164,47,0,0,0,73,304,118,22,22,0,0,0,188,327,0,0,0,0,0,0,109,0,82,0,0,0,245,44,154,0,292,53,238,0,75,0,280,0,0,0,8,0,0,0,0,0,0,0,0,0,15,0,0,0,0,0,0,0,0,0,0,0,0,0,0,0,0,0,0,0,0,0,0,0,0,0,0,0,0,0,0,0,0,0,0,0,0,0,0,0,0,0,0,0,0,0,0,0,0,0,0,0,0,0,0,0,0,0,0,0,0,0,0,0,0,0,0,0,0,0,0,0,0,0,0,0,7,0,0,0,0,0,0,0,0,0,31,0,17,0,0,0,0,0,0,0,0,0,0,0,0,0,0,0,0,0,0,0,0,0,3,0,177,57,105,0,18,0,50,0,36,0,77,0,0,0,0,0,0,0,0,0,0,0,0,0,0,0,0,0,0,0,0,0,0,0,51,97,135,20,12,0,0,0,0,0,0,0,0,0,0
0,32,0,0,63,125,0,11,0,2,0,298,164,0,58,0,0,0,210,35,40,15,0,0,0,0,115,324,0,0,0,0,0,5,0,30,0,32,0,0,0,231,22,64,19,147,0,159,0,54,48,123,0,0,0,0,0,0,0,0,0,0,0,0,0,0,0,0,0,0,0,0,0,0,0,0,0,0,0,0,0,0,0,0,0,0,0,0,0,0,0,0,0,0,0,0,0,0,0,0,0,0,0,0,0,0,0,0,0,0,0,0,0,0,0,0,0,0,0,0,0,0,0,0,0,0,0,0,0,0,0,0,0,0,0,0,0,0,0,0,0,0,0,0,0,0,0,0,0,0,0,0,0,0,0,0,0,0,0,0,0,0,0,0,3,0,0,9,0,0,0,0,0,0,0,0,23,209,0,57,0,8,0,20,0,5,35,8,0,0,0,0,0,0,0,0,0,0,0,0,0,0,0,0,0,0,0,0,0,0,0,0,0,0,19,0,0,0,64,73,98,0,0,0,0
16,0,259,0,213,209,45,0,16,0,41,89,47,58,0,77,11,4,336,170,296,29,128,4,77,0,183,0,4,2,135,2,314,7,46,0,132,0,10,0,1,0,12,0,9,3,1,0,4,0,13,0,0,0,34,0,0,0,3,0,2,0,0,0,10,0,8,0,0,0,0,0,0,0,0,0,0,0,0,0,0,0,0,0,47,0,0,0,0,0,0,0,0,0,0,0,0,0,0,0,0,0,0,0,0,0,0,0,0,0,0,0,0,0,0,0,0,0,0,0,0,0,30,0,27,0,0,0,0,0,16,0,14,0,40,0,115,0,0,0,0,0,104,0,0,0,37,0,44,0,0,0,10,1,0,0,0,0,0,0,5,0,0,0,9,0,98,0,19,0,5,0,112,0,0,0,113,61,12,0,0,0,10,0,10,0,0,0,0,0,0,0,0,0,0,0,0,0,0,0,0,0,0,0,0,0,0,0,42,0,253,30,197,43,41,2,0,0,14,0,10,0,0,0,0
40,132,114,316,113,120,0,46,0,0,92,24,0,0,77,0,26,30,0,371,14,315,145,304,0,103,0,32,0,28,7,193,22,238,0,32,15,53,12,28,0,0,0,0,0,0,0,0,0,0,0,0,0,3,0,61,0,9,0,0,4,2,0,0,0,43,0,20,0,0,0,0,0,0,0,0,0,0,0,0,0,0,0,0,0,0,0,0,0,0,0,0,0,0,0,0,0,0,0,0,0,0,0,0,0,0,0,0,0,0,0,0,0,0,0,0,0,0,0,0,0,0,0,0,0,0,0,33,0,9,0,36,0,0,0,0,0,39,0,0,0,0,0,0,0,0,3,33,0,109,0,33,0,18,0,12,0,1,0,0,0,0,0,1,0,0,0,55,0,1,0,0,8,33,0,0,82,293,16,29,0,0,1,6,3,8,0,0,0,0,0,0,0,0,0,0,0,0,0,0,0,0,0,0,0,0,0,16,0,0,22,4,24,0,36,0,0,0,126,31,140,0,0,0,0
156,17,197,34,26,6,97,6,52,0,24,4,0,0,11,26,0,9,90,0,165,1,100,33,220,28,87,0,147,0,170,0,106,0,7,0,10,3,120,7,0,0,0,0,0,0,0,0,0,0,10,0,69,0,63,0,0,0,3,0,17,0,167,0,0,0,0,0,0,0,0,0,0,0,0,0,0,0,0,0,7,0,0,0,57,0,0,0,0,0,19,0,0,0,0,0,67,0,0,0,0,0,0,0,0,0,26,0,0,0,0,0,0,0,0,0,0,0,0,0,0,0,36,0,0,0,0,0,87,0,10,0,42,0,0,0,314,0,137,0,67,0,239,0,16,0,16,0,0,0,11,0,9,0,43,0,0,0,20,0,22,0,0,0,0,0,0,0,0,0,0,0,22,0,2,0,119,17,17,0,0,0,50,0,0,0,0,0,0,0,0,0,0,0,0,0,0,0,0,0,0,0,0,0,0,0,2,0,31,0,60,22,17,7,10,0,0,0,0,0,5,1,0,0,0
23,176,43,94,0,6,28,140,28,19,0,7,0,0,4,30,9,0,0,13,0,191,40,188,14,67,0,0,0,146,0,46,0,61,0,8,0,0,7,51,0,0,0,0,0,0,0,0,0,0,0,1,0,57,2,96,1,50,0,9,0,18,0,186,0,0,0,0,0,0,0,0,0,0,0,0,0,0,0,0,0,30,0,0,0,92,0,14,0,0,0,0,0,0,0,0,0,29,0,110,0,0,0,0,0,0,0,0,0,0,0,0,0,0,0,0,0,0,0,0,0,0,0,0,0,29,0,0,0,70,0,44,0,35,0,317,0,305,0,218,0,66,0,163,0,0,0,9,0,0,0,0,0,3,0,63,0,0,0,38,0,54,0,0,0,0,0,0,0,2,0,0,11,13,0,0,22,94,0,21,0,4,0,14,0,0,0,0,0,0,0,0,0,0,0,0,0,0,0,6,0,0,0,0,0,0,0,0,0,120,1,0,0,0,5,0,0,0,21,12,21,5,0,0,0
22,0,99,0,155,132,17,0,13,0,24,36,73,210,336,0,90,0,0,309,277,26,213,0,167,0,387,288,0,0,16,0,13,0,126,0,107,0,0,0,3,43,54,23,11,55,5,0,3,0,173,35,0,0,65,0,0,0,0,0,0,0,29,0,0,0,0,0,0,0,0,0,0,0,30,0,0,0,0,0,0,0,0,0,0,0,0,0,0,0,0,0,0,0,0,0,0,0,0,0,0,0,0,0,0,0,0,0,0,0,0,0,0,0,0,0,0,0,0,0,0,0,0,1,0,0,0,0,0,0,0,0,0,0,0,0,0,0,0,0,0,0,364,0,33,0,0,0,0,0,0,0,0,2,0,0,0,0,0,0,0,0,0,0,35,0,13,0,21,0,10,0,15,0,0,0,32,36,0,0,0,0,15,0,23,0,16,0,0,0,0,0,0,0,0,0,0,0,0,0,0,0,0,0,0,0,0,0,0,0,60,45,141,21,14,0,0,0,0,2,0,0,0,0,0
0,281,15,154,245,335,0,42,0,48,30,286,304,35,170,371,0,13,309,0,66,275,0,162,0,51,61,369,0,0,0,105,0,98,35,385,0,222,0,0,0,13,0,130,0,177,6,73,0,11,72,239,0,3,0,22,0,0,0,8,0,0,0,0,0,65,0,27,0,0,0,0,0,0,0,0,0,0,0,0,0,0,0,0,0,41,0,0,0,0,0,0,0,0,0,0,0,0,0,0,0,0,0,0,0,1,0,0,0,0,0,0,0,0,0,0,0,0,0,0,0,15,0,0,0,0,0,0,0,0,0,0,0,0,0,0,0,0,0,0,0,0,0,0,0,0,0,0,0,115,0,55,0,80,0,0,0,0,0,0,0,0,0,0,0,103,0,150,0,56,0,0,0,30,0,0,71,161,36,42,0,52,0,36,0,26,23,13,0,0,0,0,0,0,0,0,0,0,0,0,0,0,0,0,0,0,0,0,0,0,8,0,0,0,107,0,0,0,198,90,303,54,0,0,1
36,0,100,0,289,31,20,0,17,0,84,14,118,40,296,14,165,0,277,66,0,0,130,0,109,0,188,86,45,0,114,0,118,0,59,0,27,0,0,0,0,10,13,0,21,27,0,0,0,0,46,0,0,0,51,0,0,0,0,0,0,0,56,0,0,0,0,0,0,0,8,0,0,0,23,0,0,0,0,0,0,0,0,0,0,0,0,0,0,0,31,0,0,0,0,0,0,0,0,0,0,0,0,0,0,0,0,0,0,0,0,0,0,0,0,0,0,0,0,0,29,0,0,0,0,0,0,0,0,0,0,0,0,0,0,0,239,0,111,0,107,0,304,0,80,0,0,0,0,0,0,0,0,0,0,0,14,0,0,0,0,0,8,0,16,0,20,0,12,0,0,0,35,0,1,0,63,10,22,0,0,0,17,0,0,0,9,0,0,0,0,0,0,0,0,0,0,0,0,0,14,0,0,0,0,0,0,0,0,0,143,66,95,0,24,0,0,0,0,0,0,0,0,0,0
3,44,16,75,33,88,0,23,0,0,18,80,22,15,29,315,1,191,26,275,0,0,9,422,0,86,0,54,0,15,0,49,3,75,0,159,4,86,0,4,2,0,0,69,0,49,0,0,0,0,0,126,0,18,0,58,0,27,0,5,0,8,0,51,0,0,0,0,0,0,0,11,0,0,0,11,0,0,0,0,0,158,0,0,0,401,0,93,0,0,0,0,0,0,0,0,0,82,0,399,0,58,0,0,0,0,0,0,0,0,0,0,0,0,0,0,0,0,0,0,0,73,0,29,0,0,0,0,0,35,0,0,0,0,0,574,0,414,0,311,0,300,0,827,0,116,0,0,0,35,0,0,0,21,0,0,0,13,0,0,0,0,0,0,0,26,1,44,0,15,0,3,0,33,0,0,11,89,3,10,0,10,0,11,0,6,0,4,0,0,0,0,0,0,0,0,0,0,0,11,0,0,0,0,0,0,0,0,0,0,5,3,5,0,46,1,0,0,160,73,155,21,0,0,0
57,36,263,73,60,32,97,8,7,1,25,14,22,0,128,145,100,40,213,0,130,9,0,81,91,50,60,0,81,0,50,0,126,8,0,0,24,5,164,16,0,0,0,0,17,0,0,0,0,0,0,0,0,0,89,0,0,0,1,0,16,0,5,6,0,0,0,0,0,0,0,0,0,0,0,0,0,0,0,0,0,0,0,0,0,0,0,0,0,0,0,0,0,0,0,0,0,0,0,0,0,0,0,0,0,0,7,0,0,0,0,0,0,0,0,0,0,0,0,0,0,0,0,0,42,0,57,0,18,0,35,0,42,0,43,0,194,0,27,0,19,0,108,0,2,0,46,0,42,0,36,0,17,0,10,0,0,0,0,0,30,0,0,0,0,0,12,0,5,0,4,0,75,0,0,0,152,45,13,0,0,0,35,0,11,0,0,0,0,0,0,0,0,0,0,0,0,0,0,0,0,0,0,0,0,0,0,0,77,0,71,1,74,33,29,0,0,0,15,0,11,4,0,0,0
38,179,65,322,7,66,13,50,0,4,6,95,0,0,4,304,33,188,0,162,0,422,81,0,10,79,2,21,0,51,0,46,0,29,0,10,0,3,13,25,0,0,0,0,1,21,0,0,0,0,0,2,0,14,0,57,0,8,0,0,0,4,0,19,0,7,1,3,0,0,0,0,0,0,0,0,0,0,0,0,0,0,0,0,0,56,0,0,0,0,0,17,0,0,0,0,0,23,0,89,0,0,0,0,0,0,0,4,0,0,0,0,0,0,0,0,0,0,0,0,0,0,0,4,0,0,0,0,0,12,0,0,0,0,0,227,0,186,0,53,0,34,0,91,0,4,0,0,0,13,0,25,0,0,0,7,0,0,0,0,0,0,0,0,0,0,0,1,0,0,0,0,10,6,0,0,40,161,0,32,0,3,0,8,0,0,0,0,0,0,0,0,0,0,0,0,0,0,0,0,0,0,0,0,0,0,0,0,0,0,0,0,0,0,6,0,0,0,16,27,13,4,0,2,1
23,8,60,11,6,0,289,13,34,0,0,1,0,0,77,0,220,14,167,0,109,0,91,10,0,42,0,0,68,0,47,0,0,0,3,0,0,0,104,2,0,0,0,0,0,0,0,0,0,0,7,0,18,0,115,0,0,0,2,0,48,0,103,3,0,0,0,0,0,0,0,0,0,0,2,0,0,0,0,0,0,0,0,0,0,0,0,0,0,0,0,0,0,0,0,0,0,0,0,0,0,0,0,0,0,0,2,0,0,0,0,0,0,0,0,0,0,0,0,0,0,0,0,0,37,0,43,0,17,0,31,0,26,0,0,0,123,0,12,0,6,0,54,0,0,0,44,0,22,0,30,0,5,0,6,0,0,0,6,0,20,0,1,0,0,0,0,0,0,0,7,0,28,0,0,0,23,7,0,0,0,0,9,0,0,0,0,0,0,0,0,0,0,0,0,0,0,0,0,0,0,0,0,0,0,0,0,0,57,0,8,0,23,0,9,0,0,0,0,0,3,0,0,0,0
73,48,76,77,0,0,127,75,118,11,0,0,0,0,0,103,28,67,0,51,0,86,50,79,42,0,0,0,0,34,0,4,0,0,0,0,0,0,18,35,0,0,0,0,0,0,0,0,0,0,0,0,0,11,5,156,0,20,2,18,23,43,17,210,2,12,0,0,0,0,0,0,0,0,0,0,0,0,0,0,0,0,0,0,0,0,0,0,0,0,0,0,0,0,0,0,0,0,0,0,0,0,0,0,0,0,0,0,0,0,0,0,0,0,0,0,0,0,0,0,0,0,0,0,0,30,0,35,0,5,0,42,0,0,0,39,0,68,0,19,0,0,0,0,0,0,0,16,0,70,0,44,0,10,0,29,0,3,0,0,0,34,0,0,0,0,0,3,0,7,0,0,26,24,0,0,65,96,0,0,0,0,0,6,0,0,0,0,0,0,0,0,0,0,0,0,0,0,0,0,0,6,0,0,0,0,0,22,0,56,24,0,14,11,34,0,0,0,93,22,66,58,0,12,0
0,0,80,0,303,0,0,0,37,0,45,0,188,115,183,0,87,0,387,61,188,0,60,2,0,0,0,331,12,0,11,0,71,0,83,0,128,0,0,0,49,106,218,21,224,100,114,0,17,0,334,0,0,0,0,0,0,0,0,0,0,0,41,0,0,0,0,0,0,0,0,0,0,0,0,0,0,0,0,0,0,0,0,0,335,0,0,0,0,0,0,0,0,0,0,0,318,0,0,0,0,0,0,0,0,0,0,0,0,0,0,0,0,0,0,0,0,0,0,0,0,0,178,0,0,0,0,0,0,0,0,0,0,0,0,0,0,0,171,0,191,0,712,0,187,0,0,0,52,0,0,0,0,0,14,0,0,0,0,0,0,0,0,1,40,0,21,0,0,0,0,0,48,0,0,0,28,61,22,0,0,0,36,0,0,0,0,0,0,0,0,0,0,0,0,0,0,0,0,0,0,0,0,0,0,0,0,0,0,0,64,125,137,16,0,0,0,0,0,0,0,0,0,0,0
0,78,0,0,35,277,0,0,0,15,0,322,327,324,0,32,0,0,288,369,86,54,0,21,0,0,331,0,0,0,0,0,0,4,29,52,0,51,0,0,114,42,56,322,92,395,52,127,0,65,104,290,0,0,0,0,0,0,0,0,0,0,0,0,0,0,0,0,0,0,0,0,0,0,0,0,0,0,0,0,0,0,0,0,0,0,0,0,0,0,0,0,0,0,0,0,0,0,0,0,0,0,0,0,0,0,0,0,0,0,0,0,0,0,0,0,0,0,0,0,0,0,0,0,0,0,0,0,0,0,0,0,0,0,0,0,0,0,0,0,0,0,0,0,0,0,0,0,0,0,0,0,0,0,0,0,0,3,0,0,0,0,0,0,0,78,0,11,0,56,0,0,0,0,0,0,32,147,9,37,0,15,0,0,0,10,42,20,0,0,0,0,0,0,0,0,0,0,0,0,0,0,0,0,0,0,0,0,0,0,0,8,0,0,29,0,0,0,66,154,252,25,0,0,17
44,0,142,0,0,4,32,0,0,0,13,0,0,0,4,0,147,0,0,0,45,0,81,0,68,0,12,0,0,0,20,0,11,0,16,0,24,0,1,0,0,0,6,0,0,0,0,0,0,0,0,0,9,0,18,0,0,0,0,0,0,0,24,0,0,0,0,0,0,0,0,0,0,0,0,0,0,0,0,0,0,0,0,0,0,0,0,0,0,0,0,0,0,0,0,0,10,0,0,0,0,0,0,0,0,0,5,0,0,0,0,0,0,0,0,0,0,0,0,0,5,0,0,0,0,0,0,0,4,0,0,0,0,0,0,0,49,0,49,0,20,0,40,0,0,0,0,0,0,0,0,0,0,0,0,0,0,0,0,0,0,0,0,0,0,0,0,0,0,0,0,0,2,0,0,0,20,0,4,0,0,0,16,0,0,0,0,0,0,0,0,0,0,0,0,0,0,0,0,0,0,0,0,0,0,0,0,0,0,0,18,0,0,0,0,0,0,0,0,0,0,0,0,0,0
6,149,0,181,0,48,0,75,0,0,0,49,0,0,2,28,0,146,0,0,0,15,0,51,0,34,0,0,0,0,0,6,0,32,0,15,0,10,0,62,0,0,0,0,0,0,0,0,0,0,0,4,0,19,0,41,0,12,0,0,0,22,0,17,0,13,0,0,0,0,0,0,0,0,0,1,0,0,0,0,0,0,0,0,0,21,0,0,0,0,0,0,0,0,0,0,0,0,0,0,0,0,0,0,0,0,0,0,0,0,0,0,0,0,0,0,0,0,0,0,0,0,0,0,0,0,0,0,0,0,0,0,0,0,0,0,0,0,0,111,0,41,0,90,0,29,0,0,0,12,0,8,0,0,0,26,0,23,0,20,0,5,0,0,0,0,0,0,0,0,0,0,0,0,0,0,0,29,0,13,0,0,0,0,0,0,0,0,0,0,0,0,0,0,0,0,0,0,0,0,0,0,0,0,0,0,0,0,0,12,0,0,0,0,0,0,0,0,17,8,0,0,0,0,0
13,2,40,0,145,10,0,0,0,0,106,0,0,0,135,7,170,0,16,0,114,0,50,0,47,0,11,0,20,0,0,0,10,0,56,0,10,0,4,0,0,0,11,0,0,0,0,0,2,0,13,0,0,0,33,0,0,0,0,0,2,0,42,0,0,0,0,0,0,0,0,0,0,0,8,0,0,0,0,0,21,0,0,0,85,0,0,0,0,0,33,0,0,0,0,0,0,0,0,0,0,0,0,0,0,0,40,0,0,0,0,0,0,0,0,0,0,0,0,0,27,0,0,0,0,0,0,0,0,0,0,0,0,0,0,0,191,0,81,0,47,0,194,0,21,0,0,0,0,0,0,0,0,0,0,0,5,0,0,0,0,0,7,0,0,0,30,0,0,0,0,0,33,0,0,0,45,0,28,0,0,0,0,0,0,0,0,0,0,0,0,0,0,0,0,0,0,0,0,0,0,0,0,0,0,0,0,0,0,0,79,21,30,16,11,0,0,0,0,0,0,0,0,0,0
0,26,0,73,4,161,0,0,0,5,0,63,0,0,2,193,0,46,0,105,0,49,0,46,0,4,0,0,0,6,0,0,0,38,0,142,0,5,0,2,0,0,0,18,0,0,0,0,0,0,0,12,0,0,0,6,0,4,0,0,0,2,0,3,0,0,0,0,0,0,0,0,0,0,0,0,0,0,0,0,0,0,0,0,0,0,0,4,0,0,0,0,0,0,0,0,0,4,0,0,0,0,0,0,0,0,0,0,0,0,0,0,0,0,0,0,0,0,0,0,0,0,0,3,0,0,0,0,0,0,0,0,0,0,0,0,0,0,0,71,0,80,0,70,0,31,0,0,0,0,0,0,0,0,0,10,0,10,0,0,0,0,0,0,0,0,0,0,0,0,0,1,0,0,0,0,0,0,0,9,0,0,0,0,0,0,0,2,0,0,0,0,0,0,0,0,0,0,0,0,0,0,0,0,0,0,0,0,0,0,2,0,0,0,0,0,0,0,18,6,8,0,0,0,0
0,0,155,0,316,13,0,0,0,0,258,0,0,0,314,22,106,0,13,0,118,3,126,0,0,0,71,0,11,0,10,0,0,0,33,0,157,0,7,0,0,0,27,0,20,0,0,0,0,0,26,0,13,0,14,0,0,0,0,0,16,0,40,0,0,0,0,0,0,0,0,0,0,0,0,0,0,0,0,0,0,0,0,0,103,0,8,0,0,0,0,0,0,0,0,0,0,0,0,0,0,0,0,0,0,0,0,0,0,0,0,0,0,0,0,0,0,0,0,0,0,0,0,0,0,0,0,0,0,0,0,0,0,0,0,0,116,0,0,0,51,0,194,0,53,0,0,0,0,0,0,0,8,0,10,0,12,0,0,0,0,0,0,0,0,0,102,0,0,0,0,0,50,0,0,0,93,12,47,0,0,0,37,0,0,0,0,0,0,0,0,0,0,0,0,0,0,0,0,0,0,0,0,0,0,0,0,0,0,0,113,26,70,25,0,0,0,0,0,0,0,0,0,0,0
0,151,2,145,5,541,0,17,0,16,0,268,0,5,7,238,0,61,0,98,0,75,8,29,0,0,0,4,0,32,0,38,0,0,0,48,0,273,0,4,0,0,0,10,0,0,0,0,0,1,0,12,0,9,0,0,0,0,0,0,0,40,0,6,0,0,0,0,0,0,0,0,0,0,0,0,0,0,0,1,0,0,0,0,0,11,0,0,0,0,0,0,0,0,0,0,0,0,0,0,0,0,0,0,0,0,0,0,0,0,0,0,0,0,0,0,0,0,0,0,0,0,0,0,0,0,0,0,0,0,0,0,0,0,0,0,0,0,0,0,0,0,0,21,0,31,0,0,0,0,0,16,0,11,0,0,0,20,0,0,0,0,0,0,0,0,0,66,0,1,0,0,0,23,0,0,2,67,0,48,0,4,0,7,0,14,0,1,0,0,0,0,0,0,0,0,0,0,0,0,0,0,0,0,0,0,0,0,0,0,0,0,0,0,8,0,0,0,31,41,47,0,0,1,0
0,0,11,0,110,0,5,0,0,0,21,0,109,0,46,0,7,0,126,35,59,0,0,0,3,0,83,29,16,0,56,0,33,0,0,0,57,0,2,0,0,0,40,0,10,6,0,0,5,0,121,0,0,0,0,0,0,0,0,0,0,0,11,0,0,0,1,0,0,0,0,0,0,0,0,0,0,0,0,0,0,0,0,0,0,0,0,0,0,0,0,0,0,0,0,0,0,0,0,0,0,0,0,0,0,0,0,0,0,0,0,0,0,0,0,0,0,0,0,0,0,0,0,0,0,0,0,0,0,0,0,0,0,0,0,0,0,0,0,0,0,0,0,0,27,0,0,0,0,0,0,0,0,0,3,0,0,0,0,0,0,0,4,0,17,0,29,1,25,0,4,0,37,0,0,0,19,4,35,0,0,0,0,0,0,0,13,0,0,0,0,0,0,0,0,0,0,0,0,0,0,0,0,0,0,0,0,0,0,0,91,43,121,26,11,0,0,2,0,0,0,0,0,0,0
0,0,0,0,0,129,0,0,0,2,0,58,0,30,0,32,0,8,0,385,0,159,0,10,0,0,0,52,0,15,0,142,0,48,0,0,0,72,0,0,0,0,0,10,0,10,0,0,0,0,0,38,0,0,0,0,0,0,0,0,0,15,0,2,0,0,0,0,0,0,0,0,0,0,0,4,0,0,0,0,0,0,0,0,0,40,0,0,0,0,0,0,0,0,0,0,0,0,0,0,0,0,0,0,0,0,0,0,0,0,0,0,0,0,0,0,0,0,0,0,0,14,0,0,0,0,0,0,0,0,0,0,0,0,0,54,0,39,0,74,0,75,0,122,0,36,0,0,0,0,0,0,0,0,0,10,0,19,0,0,0,0,0,0,0,10,0,22,0,0,0,3,0,4,0,0,1,15,0,3,0,0,0,0,0,0,0,29,0,0,0,0,0,0,0,0,0,0,0,0,0,0,0,0,0,0,0,0,0,0,0,0,0,0,16,0,0,0,52,20,39,10,0,0,0
83,0,88,0,372,0,0,0,0,0,240,0,82,0,132,15,10,0,107,0,27,4,24,0,0,0,128,0,24,0,10,0,157,0,57,0,0,0,95,0,0,0,40,0,77,0,3,0,1,0,109,0,9,0,9,0,0,0,0,0,30,0,18,0,0,0,0,0,0,0,0,0,0,0,0,0,0,0,0,0,10,0,0,0,33,0,0,0,0,0,5,0,0,0,0,0,37,0,17,0,0,0,0,0,0,0,0,0,0,0,0,0,0,0,0,0,0,0,0,0,14,0,0,0,0,0,0,0,0,0,0,0,0,0,0,0,0,0,65,0,44,0,94,0,127,0,0,0,0,0,0,0,0,0,19,0,49,0,0,0,0,0,0,0,29,0,29,0,25,0,21,0,116,0,0,0,70,0,55,0,0,0,13,0,0,0,0,0,0,0,0,0,0,0,0,0,0,0,0,0,0,0,0,0,0,0,0,0,0,0,120,45,136,29,15,0,0,1,2,0,0,0,0,0,0
0,98,0,39,0,338,0,0,0,10,4,119,0,32,0,53,3,0,0,222,0,86,5,3,0,0,0,51,0,10,0,5,0,273,0,72,0,0,0,13,0,0,0,113,0,20,0,0,0,0,0,62,0,4,0,3,0,0,0,0,1,58,0,0,0,0,0,0,0,0,0,2,0,0,0,3,0,0,0,0,0,10,0,0,0,28,0,0,0,0,0,0,0,0,0,0,0,0,0,32,0,0,0,0,0,0,0,0,0,0,0,0,0,0,0,0,0,0,0,0,0,0,0,0,0,0,0,0,0,0,0,0,0,0,0,33,0,0,0,41,0,103,0,143,0,77,0,0,0,0,0,0,0,0,0,6,0,38,0,0,0,0,0,0,0,8,0,28,0,8,0,8,0,60,0,0,0,36,0,13,0,0,0,0,0,0,0,12,0,0,0,0,0,0,0,0,0,0,0,0,0,0,0,0,0,0,0,0,0,0,0,1,2,0,14,0,0,0,44,121,49,4,0,0,0
294,0,402,0,54,0,97,0,36,0,0,1,0,0,10,12,120,7,0,0,0,0,164,13,104,18,0,0,1,0,4,0,7,0,2,0,95,0,0,0,0,0,3,0,0,0,0,0,0,0,0,0,0,0,17,0,0,0,0,0,5,0,30,0,12,0,0,0,0,0,5,0,0,0,9,0,0,0,0,0,6,0,0,0,32,0,0,0,0,0,0,0,0,0,0,0,0,0,0,0,0,0,0,0,0,0,0,0,0,0,0,0,0,0,0,0,0,0,0,0,0,0,0,0,0,0,0,0,0,0,0,0,0,0,0,0,54,0,62,0,53,0,102,0,52,0,0,0,0,0,0,0,0,0,8,0,16,0,2,0,0,0,0,0,0,0,5,0,0,1,0,0,107,0,0,0,126,0,12,0,0,0,84,0,35,0,0,0,0,0,0,0,0,0,0,0,0,0,0,0,0,0,0,0,0,0,0,0,29,0,115,55,43,0,21,0,0,0,0,0,0,0,0,0,0
9,421,20,234,0,38,0,182,0,11,0,45,0,0,0,28,7,51,0,0,0,4,16,25,2,35,0,0,0,62,0,2,0,4,0,0,0,13,0,0,0,0,0,0,0,0,0,0,0,0,0,1,0,26,0,39,0,0,0,0,0,43,0,31,0,0,0,0,0,0,0,0,0,0,0,0,0,0,0,0,0,0,0,0,0,0,0,0,0,0,0,0,0,0,0,0,0,0,0,0,0,0,0,0,0,0,0,0,0,0,0,0,0,0,0,0,0,0,0,0,0,0,0,0,0,0,0,0,0,0,0,0,0,0,0,0,0,0,0,0,0,0,0,0,0,18,0,0,0,0,0,0,0,0,0,4,0,9,0,0,0,0,0,0,0,0,0,0,0,0,0,1,0,24,0,0,10,83,0,48,0,0,0,14,0,5,0,0,0,0,0,0,0,0,0,0,0,0,0,0,0,0,0,0,0,0,0,0,0,0,0,0,0,0,0,0,0,0,24,70,6,4,0,0,0
0,0,21,0,80,0,0,0,10,0,36,0,245,0,1,0,0,0,3,0,0,2,0,0,0,0,49,114,0,0,0,0,0,0,0,0,0,0,0,0,0,84,104,0,154,137,177,66,150,16,73,0,0,0,0,0,0,0,0,0,0,0,0,0,0,0,0,0,1,0,0,0,0,0,0,0,0,0,0,0,0,0,0,0,0,0,0,0,0,0,0,0,0,0,0,0,0,0,0,0,3,0,0,0,0,0,0,0,0,0,0,0,0,0,0,0,0,0,0,0,0,0,0,0,0,0,0,0,0,0,0,0,0,0,0,0,0,0,0,0,0,0,0,0,0,0,0,0,0,0,9,0,0,0,0,0,0,0,0,0,0,0,0,0,59,0,0,0,0,0,0,0,0,0,0,0,113,43,64,0,37,0,24,0,17,0,124,0,0,0,1,0,0,0,0,0,0,0,0,0,0,0,0,0,0,0,0,0,0,0,0,65,55,2,0,0,1,22,0,0,0,0,0,0,0
0,3,0,0,0,34,0,3,0,0,0,87,44,231,0,0,0,0,43,13,10,0,0,0,0,0,106,42,0,0,0,0,0,0,0,0,0,0,0,0,84,0,0,75,81,115,43,126,7,164,0,64,0,0,0,0,0,0,0,0,0,0,0,0,0,0,0,0,0,0,0,0,0,0,0,0,0,0,0,0,0,0,0,0,0,0,0,0,0,0,0,0,0,0,0,0,0,0,0,0,0,0,0,0,0,0,0,0,0,0,0,0,0,0,0,0,0,0,0,0,0,0,0,0,0,0,0,0,0,0,0,0,0,0,0,0,0,0,0,0,0,0,0,0,0,0,0,0,0,0,0,0,0,0,0,0,0,0,0,0,0,0,0,0,0,37,0,0,0,0,0,0,0,1,0,3,0,89,0,77,0,26,0,0,0,0,20,17,0,0,0,0,0,0,0,0,0,0,0,0,0,0,0,0,0,0,0,0,0,0,0,0,0,0,0,0,0,0,2,23,19,0,0,0,18
0,0,0,0,0,0,0,0,0,0,0,0,154,22,12,0,0,0,54,0,13,0,0,0,0,0,218,56,6,0,11,0,27,0,40,0,40,0,3,0,104,0,0,0,167,0,87,0,43,0,123,0,0,0,0,0,0,0,0,0,0,0,0,0,0,0,0,0,0,0,11,0,0,0,0,0,0,0,0,0,0,0,0,0,41,0,0,0,0,0,0,0,0,0,0,0,40,0,0,0,0,0,0,0,0,0,17,0,0,0,0,0,0,0,0,0,0,0,0,0,0,0,28,0,0,0,0,0,0,0,0,0,0,0,0,0,0,0,0,0,0,0,0,0,29,0,0,0,0,0,0,0,0,0,0,0,10,0,0,0,0,0,11,0,27,0,12,0,7,0,0,0,14,0,0,0,0,5,13,0,0,0,8,0,0,0,25,0,0,0,0,0,0,0,0,0,0,0,0,0,0,0,0,0,0,0,0,0,0,0,25,52,85,0,4,0,0,49,0,0,0,0,0,0,0
0,0,0,0,0,0,0,5,0,0,0,0,0,64,0,0,0,0,23,130,0,69,0,0,0,0,21,322,0,0,0,18,0,10,0,10,0,113,0,0,0,75,0,0,0,137,6,41,0,9,0,106,0,0,0,0,0,0,0,0,0,16,0,0,0,0,0,0,0,0,0,0,0,0,0,0,0,0,0,0,0,0,0,0,0,0,0,0,0,0,0,0,0,0,0,0,0,0,0,0,0,0,0,0,0,0,0,0,0,0,0,0,0,0,0,0,0,0,0,0,0,0,0,0,0,0,0,0,0,0,0,0,0,0,0,0,0,0,0,0,0,33,0,107,0,40,0,0,0,0,0,0,0,0,0,5,0,7,0,0,0,0,0,2,0,29,0,20,0,11,0,0,0,0,0,0,0,10,0,0,0,0,0,0,0,0,3,21,0,0,0,0,0,0,0,0,0,0,0,0,0,0,0,0,0,0,0,0,0,0,0,0,0,0,20,0,0,0,91,149,106,0,0,0,1
0,0,0,0,33,0,0,0,0,0,0,0,292,19,9,0,0,0,11,0,21,0,17,1,0,0,224,92,0,0,0,0,20,0,10,0,77,0,0,0,154,81,167,0,0,172,193,80,271,38,129,0,0,0,18,1,0,0,0,0,6,0,0,0,0,0,0,0,5,0,12,0,0,0,22,0,0,0,0,0,0,0,21,0,111,0,9,0,0,0,0,0,0,0,0,0,140,0,0,0,0,0,0,0,0,0,0,0,0,0,0,0,0,0,0,0,0,0,0,0,26,0,0,0,0,0,0,0,0,0,0,0,0,0,0,0,186,0,0,0,25,0,217,0,40,0,0,0,0,0,23,1,0,0,3,0,16,0,0,0,0,0,21,0,169,0,13,0,26,0,0,0,31,0,0,0,44,19,60,0,19,0,25,0,0,0,221,0,0,0,0,0,0,0,0,0,0,0,0,0,31,0,0,0,0,0,0,0,0,0,62,113,129,11,6,0,0,150,0,1,0,0,0,0,1
0,25,0,0,0,75,0,0,0,6,0,88,53,147,3,0,0,0,55,177,27,49,0,21,0,0,100,395,0,0,0,0,0,0,6,10,0,20,0,0,137,115,0,137,172,0,63,337,33,213,14,116,0,0,0,0,0,0,0,0,0,3,0,0,0,0,0,0,0,0,0,0,0,0,0,5,0,11,0,0,0,0,0,0,0,0,0,0,0,0,0,0,0,0,0,0,0,0,0,0,0,0,0,0,0,0,0,0,0,0,0,0,0,0,0,0,0,0,0,0,0,18,0,1,0,0,0,0,0,0,0,0,0,0,0,0,0,0,0,0,0,0,0,84,0,26,0,0,0,13,0,0,0,0,0,0,0,0,0,0,0,0,0,0,0,178,0,25,0,101,0,3,0,10,0,0,0,87,0,19,0,24,0,12,0,0,30,18,0,0,0,0,0,0,0,0,0,0,0,0,0,0,0,0,0,0,0,0,0,0,0,0,0,0,21,0,0,1,151,168,147,15,3,0,104
0,0,27,0,97,0,0,0,10,0,0,1,238,0,1,0,0,0,5,6,0,0,0,0,0,0,114,52,0,0,0,0,0,0,0,0,3,0,0,0,177,43,87,6,193,63,0,39,122,19,65,0,0,0,0,0,0,0,0,0,0,0,0,0,0,0,0,0,0,0,0,0,0,0,0,0,0,0,0,0,0,0,3,0,0,0,0,0,0,0,0,0,0,0,0,0,0,0,0,0,0,0,0,0,0,0,0,0,0,0,0,0,0,0,0,0,0,0,0,0,0,0,0,0,0,0,0,0,0,0,4,0,0,0,0,0,0,0,0,0,0,0,0,0,0,0,0,0,0,0,0,0,0,0,0,0,0,0,0,0,0,0,0,0,111,0,0,0,0,0,0,0,2,0,0,0,21,29,25,0,0,0,0,0,0,0,118,0,0,0,0,0,0,0,0,0,0,0,0,0,0,0,0,0,0,0,0,0,0,0,8,52,59,0,0,0,0,39,0,0,0,0,0,0,0
0,0,0,0,0,48,0,0,0,0,0,75,0,159,0,0,0,0,0,73,0,0,0,0,0,0,0,127,0,0,0,0,0,0,0,0,0,0,0,0,66,126,0,41,80,337,39,0,11,187,0,20,0,0,0,0,0,0,0,0,0,0,0,0,0,0,0,0,0,0,0,0,0,0,0,0,0,0,0,0,0,0,0,0,0,0,0,4,0,0,0,0,0,0,0,0,0,0,0,0,0,0,0,0,0,0,0,0,0,0,0,0,0,0,0,0,0,0,0,0,0,4,0,0,0,0,0,0,0,0,0,0,0,0,0,0,0,0,0,0,0,0,0,0,0,0,0,0,0,0,0,0,0,0,0,0,0,0,0,0,0,0,0,0,0,55,0,0,0,0,0,0,0,0,0,0,0,54,0,8,0,4,0,4,0,0,14,0,0,0,0,0,0,0,0,0,0,0,0,0,0,0,0,0,0,0,0,0,0,0,0,0,0,0,0,0,0,0,0,70,50,0,0,0,35
6,0,7,0,8,0,33,0,0,1,0,0,75,0,4,0,0,0,3,0,0,0,0,0,0,0,17,0,0,0,2,0,0,0,5,0,1,0,0,0,150,7,43,0,271,33,122,11,0,33,15,0,2,0,10,0,7,0,11,0,2,0,0,0,1,0,1,0,9,0,4,0,0,0,0,0,0,0,5,0,6,0,11,0,6,0,3,0,0,0,0,0,2,0,9,0,0,0,0,0,10,0,26,0,0,0,2,0,0,0,0,0,1,0,0,0,0,0,0,0,2,0,0,0,0,0,0,0,0,0,0,0,0,0,0,0,3,0,0,0,0,0,0,0,0,0,0,0,0,0,0,0,0,0,0,0,0,0,0,0,5,0,9,0,71,1,15,0,27,0,8,0,23,0,0,0,68,10,28,0,9,0,5,0,0,0,256,0,0,0,1,0,0,0,0,0,0,0,0,0,0,0,0,0,0,0,0,0,0,0,70,69,173,21,127,2,5,21,0,0,0,0,0,0,0
0,3,0,0,0,0,0,0,0,0,0,9,0,54,0,0,0,0,0,11,0,0,0,0,0,0,0,65,0,0,0,0,0,1,0,0,0,0,0,0,16,164,0,9,38,213,19,187,33,0,0,9,0,0,0,0,0,0,0,0,0,0,0,0,0,0,0,0,0,3,0,2,0,0,0,0,0,16,0,0,0,0,0,31,0,4,0,8,0,0,0,2,0,5,0,10,0,0,0,0,0,0,0,5,0,0,0,10,0,0,0,0,0,0,0,0,0,0,0,0,0,0,0,1,0,0,0,0,0,1,0,0,0,0,0,0,0,0,0,0,0,0,0,0,0,2,0,0,0,0,0,0,0,0,0,0,0,0,0,0,0,0,0,0,0,66,0,8,0,52,0,2,0,2,0,0,0,97,0,10,0,5,0,0,0,0,30,20,0,0,0,0,0,0,0,0,0,0,0,0,0,0,0,4,0,0,0,0,0,0,0,0,0,0,13,0,0,1,39,30,36,0,2,0,16
0,0,0,0,79,0,0,0,0,0,16,0,280,48,13,0,10,0,173,72,46,0,0,0,7,0,334,104,0,0,13,0,26,0,121,0,109,0,0,0,73,0,123,0,129,14,65,0,15,0,0,0,0,0,0,0,0,0,0,0,0,0,0,0,0,0,0,0,1,0,25,0,9,0,38,0,3,0,0,0,0,0,0,0,93,0,0,0,0,0,32,0,0,0,0,0,96,0,57,0,0,0,0,0,0,0,41,0,0,0,0,0,0,0,0,0,0,0,0,0,41,0,48,0,0,0,0,0,0,0,0,0,0,0,0,0,57,0,0,0,0,0,106,0,76,0,4,0,0,0,6,0,0,0,0,0,9,0,0,0,0,0,49,0,34,0,27,0,88,0,32,0,71,0,0,0,0,16,25,0,0,0,5,0,0,0,39,0,0,0,0,0,0,0,0,0,0,0,0,0,0,0,0,0,0,0,0,0,0,0,64,71,179,30,21,2,1,14,0,0,1,0,0,0,0
0,5,0,0,0,51,0,6,0,0,0,21,0,123,0,0,0,1,35,239,0,126,0,2,0,0,0,290,0,4,0,12,0,12,0,38,0,62,0,1,0,64,0,106,0,116,0,20,0,9,0,0,0,0,0,0,0,0,0,0,0,6,0,0,0,0,0,0,0,0,0,7,0,0,0,0,0,4,0,0,0,0,0,0,0,23,0,0,0,0,0,0,0,0,0,0,0,4,0,0,0,0,0,0,0,0,0,0,0,0,0,0,0,0,0,0,0,0,0,0,0,0,0,0,0,0,0,0,0,0,0,0,0,0,0,0,0,0,0,0,0,18,0,74,0,38,0,0,0,0,0,0,0,0,0,3,0,0,0,0,0,0,0,0,0,38,0,21,0,41,0,7,0,28,0,0,0,17,0,0,0,0,0,0,0,0,9,67,0,0,0,0,0,0,0,0,0,0,0,0,0,0,0,0,0,0,0,0,0,0,0,0,0,0,27,0,0,0,134,59,63,28,0,0,0
4,0,0,0,0,0,221,4,297,19,0,0,0,0,0,0,69,0,0,0,0,0,0,0,18,0,0,0,9,0,0,0,13,0,0,0,9,0,0,0,0,0,0,0,0,0,0,0,2,0,0,0,0,2,183,28,198,9,76,34,19,0,60,2,1,1,20,34,1,0,0,0,0,0,0,0,0,0,0,0,0,0,0,0,13,0,0,0,0,0,0,0,0,0,0,0,16,0,0,0,0,0,0,0,0,0,13,0,0,0,0,0,0,0,0,0,0,0,0,0,0,0,13,0,0,0,23,0,76,0,24,0,22,0,22,0,191,0,291,0,71,0,121,0,34,0,7,0,0,0,13,0,0,0,195,3,57,0,88,0,80,0,0,0,0,0,0,0,0,0,106,0,11,0,0,0,63,0,0,0,0,0,24,0,17,1,0,0,0,0,0,0,0,0,0,0,0,0,0,0,0,0,0,0,0,0,0,0,20,0,202,132,81,119,106,0,11,3,1,1,0,2,0,0,0
0,16,0,0,0,0,20,85,52,187,0,2,0,0,0,3,0,57,0,3,0,18,0,14,0,11,0,0,0,19,0,0,0,9,0,0,0,4,0,26,0,0,0,0,0,0,0,0,0,0,0,0,2,0,15,88,0,55,23,33,4,63,0,70,0,0,8,3,0,0,0,0,0,0,0,0,0,0,0,0,0,0,0,0,0,19,0,5,0,0,0,0,0,0,0,0,0,0,0,16,0,0,0,0,0,0,0,0,0,0,0,0,0,0,0,0,0,0,0,0,0,0,0,0,0,10,0,9,0,36,0,16,0,28,0,94,0,127,0,274,0,63,0,82,0,46,0,0,0,0,0,0,0,0,0,241,0,61,0,127,0,64,0,2,0,0,0,0,0,3,8,11,2,0,0,0,11,16,0,0,0,0,0,2,2,0,0,0,0,0,0,0,0,0,0,0,0,0,0,0,0,0,0,0,0,0,0,0,0,40,2,1,0,3,37,0,0,0,65,59,14,31,0,6,0
0,0,18,0,4,0,300,8,84,67,0,0,8,0,34,0,63,2,65,0,51,0,89,0,115,5,0,0,18,0,33,0,14,0,0,0,9,0,17,0,0,0,0,0,18,0,0,0,10,0,0,0,183,15,0,43,129,7,57,23,43,0,85,6,4,0,27,20,0,0,0,0,0,0,0,0,2,0,0,0,0,0,0,0,0,0,0,0,0,0,0,0,0,0,0,0,0,0,0,0,0,0,0,0,0,0,0,0,0,0,0,0,0,0,0,0,0,0,0,0,0,0,0,0,70,0,92,0,39,0,79,0,60,0,48,0,126,0,14,0,8,0,66,0,2,0,56,0,19,0,52,0,0,0,55,2,27,0,25,0,122,0,13,0,7,0,0,0,19,0,318,0,26,0,0,0,49,6,1,0,0,0,11,0,4,0,0,0,0,0,0,0,0,0,0,0,0,0,0,0,0,0,0,0,0,0,0,0,93,0,283,43,319,338,325,0,47,3,4,1,0,0,0,0,0
0,4,0,18,0,0,40,135,158,56,0,0,0,0,0,61,0,96,0,22,0,58,0,57,0,156,0,0,0,41,0,6,0,0,0,0,0,3,0,39,0,0,0,0,1,0,0,0,0,0,0,0,28,88,43,0,2,169,51,110,8,38,6,121,0,10,21,0,0,4,0,0,0,0,0,0,0,0,0,0,0,0,0,0,0,5,0,0,0,0,0,0,0,0,0,0,0,0,0,0,0,1,0,0,0,0,0,0,0,0,0,0,0,0,0,0,0,0,0,0,0,0,0,0,0,64,0,70,0,28,1,54,0,22,0,0,0,63,0,36,0,0,0,0,0,1,0,0,0,67,0,24,0,0,0,135,0,51,0,24,0,112,0,4,0,8,0,4,0,52,0,146,0,135,0,2,27,49,0,0,0,1,0,1,10,7,0,0,0,0,0,0,0,0,0,0,0,0,0,0,0,0,0,0,0,0,0,18,0,77,24,0,7,0,331,0,0,0,298,82,389,378,5,90,0
0,0,4,0,0,0,16,0,4,0,0,0,0,0,0,0,0,1,0,0,0,0,0,0,0,0,0,0,0,0,0,0,0,0,0,0,0,0,0,0,0,0,0,0,0,0,0,0,7,0,0,0,198,0,129,2,0,0,72,11,5,0,7,1,14,11,7,27,1,0,0,0,0,0,0,0,0,0,1,0,0,0,0,0,0,0,0,0,0,0,0,0,0,0,0,0,0,0,0,0,0,0,0,0,0,0,0,0,0,0,0,0,0,0,0,0,0,0,0,0,0,0,0,0,0,0,0,0,30,0,40,1,18,0,10,0,0,0,6,0,0,0,0,0,17,0,0,0,8,0,8,0,0,0,123,1,48,0,59,1,100,0,65,0,13,0,0,0,75,0,296,0,0,0,2,0,2,0,0,0,24,2,0,0,28,0,0,0,0,0,0,0,0,0,0,0,0,0,0,0,0,0,0,0,0,0,0,0,17,0,615,85,788,468,811,59,59,4,4,0,3,0,0,0,0
1,0,0,3,0,8,4,5,9,18,0,0,0,0,0,9,0,50,0,0,0,27,0,8,0,20,0,0,0,12,0,4,0,0,0,0,0,0,0,0,0,0,0,0,0,0,0,0,0,0,0,0,9,55,7,169,0,0,14,325,1,4,0,6,0,13,19,37,0,7,0,0,0,0,0,0,0,4,0,0,0,0,0,0,0,0,0,0,0,0,0,0,0,3,0,0,0,0,0,0,0,0,0,0,0,0,0,0,0,0,0,0,0,0,0,0,0,0,0,0,0,0,0,0,0,26,0,32,0,19,0,59,0,27,0,0,0,14,0,25,0,4,0,0,0,7,0,0,0,20,0,19,0,0,0,225,2,24,0,83,0,200,0,8,0,4,0,4,0,79,0,318,0,36,0,0,1,0,0,0,0,0,0,0,8,19,0,0,0,0,0,0,0,0,0,0,0,0,0,0,0,0,0,0,0,0,0,0,0,35,5,3,0,2,264,0,0,0,282,113,517,401,20,41,0
3,0,6,0,3,0,11,0,16,31,0,0,0,0,3,0,3,0,0,0,0,0,1,0,2,2,0,0,0,0,0,0,0,0,0,0,0,0,0,0,0,0,0,0,0,0,0,0,11,0,0,0,76,23,57,51,72,14,0,71,42,0,0,1,94,15,80,80,0,0,0,0,0,0,0,0,2,0,0,0,0,0,0,0,0,0,0,0,0,0,0,0,0,0,0,0,0,0,0,0,0,0,0,0,0,0,0,0,0,0,0,0,0,0,0,0,0,0,0,0,0,0,0,0,6,0,0,0,3,0,110,0,0,0,0,0,0,0,2,0,0,0,2,0,6,0,0,0,32,0,0,0,0,0,72,6,101,0,2,0,48,2,26,0,8,0,0,0,21,0,139,0,12,0,12,0,15,0,0,0,33,0,1,0,204,10,0,0,0,0,0,0,0,0,0,0,0,0,0,0,0,0,0,0,0,0,0,0,1,0,803,180,358,485,896,68,52,2,7,0,6,0,0,0,0
1,5,0,6,0,0,4,10,40,35,0,5,0,0,0,0,0,9,0,8,0,5,0,0,0,18,0,0,0,0,0,0,0,0,0,0,0,0,0,0,0,0,0,0,0,0,0,0,0,0,0,0,34,33,23,110,11,325,71,0,0,0,0,11,0,37,70,94,0,4,0,0,0,0,0,0,0,8,0,0,0,0,0,4,0,0,0,0,0,0,0,0,0,7,0,3,0,0,0,0,0,0,0,1,0,0,0,0,0,0,0,0,0,0,0,0,0,0,0,0,0,0,0,0,0,9,0,0,0,0,0,9,0,0,0,0,0,0,0,0,0,0,0,0,0,5,0,7,0,23,0,0,0,0,7,93,0,125,0,24,0,24,0,0,0,5,0,0,0,67,0,121,0,34,0,0,6,0,0,0,1,2,0,0,43,28,0,0,0,0,0,0,0,0,0,0,0,0,0,0,0,0,0,0,0,0,0,0,0,0,22,7,2,0,860,0,0,0,835,230,680,701,63,90,0
127,0,96,0,0,0,433,0,247,0,0,0,0,0,2,4,17,0,0,0,0,0,16,0,48,23,0,0,0,0,2,0,16,0,0,0,30,1,5,0,0,0,0,0,6,0,0,0,2,0,0,0,19,4,43,8,5,1,42,0,0,0,25,6,0,0,0,0,0,0,1,0,0,0,0,0,0,0,0,0,0,0,0,0,0,0,0,0,0,0,0,0,0,0,0,0,0,0,0,0,0,0,0,0,0,0,0,0,0,0,0,0,0,0,0,0,0,0,0,0,0,0,0,0,0,0,0,0,0,0,0,0,0,0,0,0,0,0,120,0,43,0,34,0,157,0,0,0,0,0,0,0,0,0,33,0,74,0,4,0,0,0,6,0,1,0,3,0,0,0,38,0,163,0,0,0,86,0,0,0,0,0,45,0,11,0,0,0,0,0,0,0,0,0,0,0,0,0,0,0,0,0,0,0,0,0,0,0,0,0,196,159,24,88,54,0,0,0,5,0,0,0,0,0,0
0,142,3,22,2,0,0,309,0,104,0,0,0,0,0,2,0,18,0,0,0,8,0,4,0,43,0,0,0,22,0,2,0,40,0,15,0,58,0,43,0,0,0,16,0,3,0,0,0,0,0,6,0,63,0,38,0,4,0,0,0,0,0,65,0,0,0,0,0,0,0,0,0,0,0,0,0,0,0,0,0,0,0,0,0,0,0,0,0,0,0,0,0,0,0,0,0,0,0,0,0,0,0,0,0,0,0,0,0,0,0,0,0,0,0,0,0,0,0,0,0,0,0,0,0,0,0,0,0,0,0,0,0,0,0,0,0,16,0,62,0,111,0,40,0,153,0,0,0,0,0,0,0,0,0,20,0,100,0,19,0,0,0,2,0,0,0,14,0,5,0,20,0,53,0,0,0,24,0,0,0,0,0,9,0,0,0,0,0,0,0,0,0,0,0,0,0,0,0,0,0,0,0,0,0,0,0,0,0,0,2,0,0,0,49,0,0,0,96,306,51,37,0,14,0
57,0,0,0,0,2,753,0,349,0,0,0,0,0,0,0,167,0,29,0,56,0,5,0,103,17,41,0,24,0,42,0,40,0,11,0,18,0,30,0,0,0,0,0,0,0,0,0,0,0,0,0,60,0,85,6,7,0,0,0,25,0,0,0,0,0,2,0,1,0,4,0,0,0,0,0,0,0,0,0,0,0,0,0,0,0,0,0,0,0,0,0,0,0,0,0,6,0,0,0,0,0,0,0,0,0,0,0,0,0,0,0,0,0,0,0,0,0,0,0,0,0,0,0,0,0,0,0,0,0,0,0,5,0,0,0,64,0,127,0,50,0,46,0,45,0,0,0,0,0,0,0,0,0,64,0,22,0,6,0,0,0,0,0,0,0,0,0,0,0,5,0,22,0,0,0,33,4,0,0,0,0,47,0,3,0,0,0,0,0,0,0,0,0,0,0,0,0,0,0,0,0,0,0,0,0,0,0,0,0,147,92,0,43,31,1,1,2,0,2,0,0,0,0,0
11,125,10,16,0,0,24,551,27,262,0,0,0,0,0,0,0,186,0,0,0,51,6,19,3,210,0,0,0,17,0,3,0,6,0,2,0,0,0,31,0,0,0,0,0,0,0,0,0,0,0,0,2,70,6,121,1,6,1,11,6,65,0,0,0,0,0,0,0,0,0,0,0,0,0,0,0,0,0,0,0,0,0,0,0,0,0,0,0,0,0,3,0,0,0,0,0,0,0,0,0,0,0,0,0,0,0,0,0,0,0,0,0,0,0,0,0,0,0,0,0,0,0,0,0,0,0,0,0,0,0,0,0,0,0,0,0,43,0,95,0,25,0,40,0,36,0,0,0,0,0,0,0,0,0,46,0,35,0,30,0,10,0,0,0,0,0,0,0,0,0,5,0,1,0,0,11,33,0,0,0,0,0,13,0,0,0,0,0,0,0,1,0,0,0,0,0,0,0,0,0,0,0,0,0,0,0,0,0,0,0,0,3,7,13,0,0,0,79,108,15,18,0,8,0
0,0,16,0,20,0,19,0,156,0,0,0,15,0,10,0,0,0,0,0,0,0,0,0,0,2,0,0,0,0,0,0,0,0,0,0,0,0,12,0,0,0,0,0,0,0,0,0,1,0,0,0,1,0,4,0,14,0,94,0,0,0,0,0,0,6,117,0,0,0,0,1,0,0,0,0,0,0,0,0,0,0,0,0,0,0,0,0,0,0,0,0,0,0,0,0,0,0,0,0,0,0,0,0,0,0,0,0,0,0,0,0,0,0,0,0,0,0,0,0,0,2,0,0,13,0,15,0,0,0,35,5,0,0,0,0,0,0,2,0,0,0,0,0,6,0,17,0,77,6,0,4,0,0,0,0,0,0,2,0,258,0,4,0,0,0,0,0,0,0,0,0,0,0,8,0,0,0,0,0,132,4,8,0,136,2,0,0,0,0,0,0,0,0,0,0,0,0,0,0,0,0,0,0,0,0,0,1,2,0,73,0,16,0,39,0,0,0,1,0,0,0,0,0,0
0,117,0,39,0,12,0,9,0,249,0,14,0,0,0,43,0,0,0,65,0,0,0,7,0,12,0,0,0,13,0,0,0,0,0,0,0,0,0,0,0,0,0,0,0,0,0,0,0,0,0,0,1,0,0,10,11,13,15,37,0,0,0,0,6,0,11,326,0,0,0,17,0,5,0,16,0,0,0,0,1,0,0,0,0,7,0,0,0,0,0,0,0,1,0,1,0,0,0,7,0,0,0,1,0,0,0,0,0,0,0,0,0,0,0,0,0,0,0,0,0,9,0,0,0,35,1,32,2,0,12,39,0,0,0,2,0,0,3,15,0,9,0,0,6,104,2,29,14,273,0,21,6,7,9,0,0,6,2,0,25,224,0,24,0,0,0,0,0,0,0,0,0,0,0,8,0,5,0,0,29,95,0,0,12,36,0,0,0,0,0,0,0,0,0,0,0,0,0,0,0,0,0,0,0,0,0,0,0,4,5,0,0,0,92,0,0,0,227,3,129,0,1,0,0
2,0,10,0,10,0,41,0,180,27,0,0,0,0,8,0,0,0,0,0,0,0,0,1,0,0,0,0,0,0,0,0,0,0,1,0,0,0,0,0,0,0,0,0,0,0,0,0,1,0,0,0,20,8,27,21,7,19,80,70,0,0,2,0,117,11,0,126,0,0,0,0,0,0,0,0,0,0,0,0,0,0,0,0,0,0,0,0,0,0,0,0,0,0,0,0,0,0,0,0,0,0,0,0,0,0,0,0,0,0,0,0,0,0,0,0,0,0,0,0,0,0,0,0,0,0,0,0,0,0,18,0,0,0,0,0,0,0,1,0,0,0,0,0,0,0,2,0,15,0,1,0,0,0,20,11,33,0,0,4,74,0,0,0,3,0,0,0,4,0,33,0,2,0,8,0,70,0,2,0,0,0,2,0,458,5,0,0,0,0,0,0,0,0,0,0,0,0,0,0,0,0,0,0,0,0,0,0,0,0,194,83,69,119,179,16,6,0,0,1,0,2,0,0,0
0,102,0,21,0,14,0,20,19,240,0,6,0,0,0,20,0,0,0,27,0,0,0,3,0,0,0,0,0,0,0,0,0,0,0,0,0,0,0,0,0,0,0,0,0,0,0,0,0,0,0,0,34,3,20,0,27,37,80,94,0,0,0,0,0,326,126,0,0,0,0,0,0,0,0,0,0,0,0,0,0,0,0,2,0,0,0,1,0,0,0,0,0,1,0,0,0,0,0,0,0,0,0,0,0,0,0,0,0,0,0,0,0,0,0,0,0,0,0,0,0,0,0,0,1,12,0,5,0,0,0,17,0,0,0,0,0,0,0,0,0,0,0,0,0,6,0,0,0,50,0,0,0,0,7,14,3,25,0,6,0,19,0,0,0,0,0,0,0,15,0,0,0,3,0,3,4,0,0,0,2,0,0,0,37,222,0,0,0,0,0,0,0,0,0,1,0,0,0,0,0,0,0,0,0,0,0,0,0,0,10,4,0,5,266,0,0,0,333,150,157,164,18,0,0
0,0,0,0,0,0,0,0,0,0,0,0,0,0,0,0,0,0,0,0,0,0,0,0,0,0,0,0,0,0,0,0,0,0,0,0,0,0,0,0,1,0,0,0,5,0,0,0,9,0,1,0,1,0,0,0,1,0,0,0,0,0,1,0,0,0,0,0,0,0,2,0,22,0,0,0,22,0,14,0,3,0,16,0,3,0,5,0,41,0,0,0,34,0,8,0,0,0,4,0,51,0,242,0,0,0,59,0,7,0,1,0,0,0,0,0,5,0,1,0,0,0,0,0,0,0,0,0,0,0,0,0,1,0,0,0,0,0,0,0,0,0,0,0,0,0,0,0,0,0,1,0,0,0,0,0,0,0,0,0,1,0,4,0,32,0,0,0,114,0,10,0,0,0,0,0,1,0,0,0,0,0,0,0,0,0,0,0,0,0,0,0,0,0,0,0,0,0,8,0,0,0,21,0,0,0,0,0,8,1,37,12,73,2,30,20,22,4,0,0,0,0,0,0,0
0,0,0,0,0,0,0,2,1,3,0,0,0,0,0,0,0,0,0,0,0,0,0,0,0,0,0,0,0,0,0,0,0,0,0,0,0,0,0,0,0,0,0,0,0,0,0,0,0,3,0,0,0,0,0,4,0,7,0,4,0,0,0,0,0,0,0,0,0,0,0,0,0,0,0,0,0,45,0,0,0,0,0,82,0,0,0,9,0,49,0,0,0,14,0,15,0,3,0,0,0,1,0,65,0,0,0,17,0,1,0,4,0,4,0,1,0,3,0,0,0,0,0,0,0,0,0,0,0,0,0,0,0,0,0,1,0,0,0,0,0,0,0,0,0,0,0,0,0,0,0,0,0,0,0,2,0,0,0,1,0,0,0,0,0,21,0,0,0,42,0,0,0,0,0,0,0,0,0,0,0,0,0,0,0,0,0,0,0,0,0,0,0,0,0,0,0,0,0,0,0,0,0,0,0,0,0,0,0,0,0,0,0,0,2,0,0,0,6,5,74,2,12,7,1
0,0,0,0,0,0,0,0,0,0,0,0,0,0,0,0,0,0,0,0,8,0,0,0,0,0,0,0,0,0,0,0,0,0,0,0,0,0,5,0,0,0,11,0,12,0,0,0,4,0,25,0,0,0,0,0,0,0,0,0,1,0,4,0,0,0,0,0,2,0,0,0,262,0,344,0,6,0,130,0,6,1,1,0,4,0,13,0,0,0,0,0,0,0,0,0,0,0,0,0,0,0,0,0,0,0,0,0,0,0,0,0,0,0,0,0,0,0,0,0,85,0,47,0,24,0,0,8,15,0,59,3,51,0,54,7,70,0,0,0,75,0,95,0,138,0,50,0,11,0,32,0,13,4,0,0,3,0,0,0,0,0,59,0,0,0,9,0,0,0,18,0,11,0,0,0,0,0,0,0,35,0,0,0,0,0,0,0,0,0,0,0,0,0,0,0,0,0,29,0,20,0,40,0,0,0,0,0,60,9,47,0,26,0,4,0,0,0,0,0,0,0,0,0,0
0,0,0,0,0,0,0,0,0,0,0,0,0,0,0,0,0,0,0,0,0,11,0,0,0,0,0,0,0,0,0,0,0,0,0,0,0,2,0,0,0,0,0,0,0,0,0,0,0,2,0,7,0,0,0,0,0,0,0,0,0,0,0,0,1,17,0,0,0,0,0,0,0,192,0,298,0,10,0,20,0,10,0,0,0,5,0,84,0,0,0,0,0,0,0,0,3,1,0,0,0,0,0,0,0,0,0,0,0,0,0,0,0,0,0,0,0,0,0,0,1,12,1,7,0,76,0,76,0,15,0,25,0,34,0,56,0,0,0,0,0,19,0,18,3,107,0,0,0,27,0,0,11,0,0,1,0,0,0,0,1,4,0,74,0,1,0,8,0,9,0,14,0,0,0,20,0,1,0,0,9,37,0,2,2,0,0,0,0,0,0,0,0,0,0,0,0,0,0,0,0,0,0,0,0,0,0,0,5,43,0,0,0,0,7,0,0,0,42,0,17,0,0,0,0
0,0,0,0,0,0,0,0,0,0,0,0,0,0,0,0,0,0,0,0,0,0,0,0,0,0,0,0,0,0,0,0,0,0,0,0,0,0,0,0,0,0,0,0,0,0,0,0,0,0,9,0,0,0,0,0,0,0,0,0,0,0,0,0,0,0,0,0,22,0,262,0,0,0,69,0,61,0,212,0,21,2,6,0,31,0,25,0,0,0,0,0,35,0,0,0,14,0,8,0,0,3,5,0,0,0,0,0,0,0,0,0,0,0,0,0,0,0,0,0,34,0,23,0,31,0,0,0,31,0,57,1,60,0,64,0,48,0,0,0,34,0,57,0,77,0,0,0,5,0,47,0,9,3,0,0,0,0,0,0,0,0,124,0,0,0,4,0,27,0,20,0,3,0,9,0,0,0,0,0,0,0,0,0,2,0,0,0,46,0,29,0,107,0,5,0,0,0,117,0,82,0,286,0,99,0,0,0,90,0,340,10,61,0,26,1,4,0,0,0,0,0,0,0,0
0,0,0,0,0,0,0,0,0,0,0,0,0,0,0,0,0,0,0,0,0,0,0,0,0,0,0,0,0,0,0,0,0,0,0,0,0,0,0,0,0,0,0,0,0,0,0,0,0,0,0,0,0,0,0,0,0,0,0,0,0,0,0,0,0,5,0,0,0,0,0,192,0,0,0,409,0,67,0,85,0,28,0,11,0,30,0,180,0,0,0,0,0,0,0,0,0,11,0,0,0,0,0,0,0,0,7,0,0,0,0,0,0,0,0,0,0,0,0,0,0,64,0,31,0,54,0,0,0,11,7,17,0,23,0,156,0,0,0,3,0,25,0,25,0,41,0,57,3,9,0,69,0,17,0,0,0,3,0,0,0,0,0,46,0,0,0,0,0,10,0,9,0,0,0,10,0,0,0,0,9,32,0,0,0,1,0,0,0,136,0,0,0,0,0,23,0,0,0,0,0,77,0,0,0,0,0,0,0,0,0,0,0,0,28,0,0,0,244,0,18,0,2,0,0
4,0,0,0,0,0,0,0,0,0,0,0,0,0,0,0,0,0,30,0,23,0,0,0,2,0,0,0,0,0,8,0,0,0,0,0,0,0,9,0,0,0,0,0,22,0,0,0,0,0,38,0,0,0,0,0,0,0,0,0,0,0,0,0,0,0,0,0,0,0,344,0,69,0,0,0,4,0,58,0,3,0,2,0,7,0,3,0,0,0,0,0,0,0,0,0,0,0,0,0,0,0,2,0,0,0,0,0,0,0,0,0,0,0,0,0,0,0,0,0,123,0,51,0,0,4,0,0,0,0,0,0,0,0,32,0,26,0,5,0,49,0,160,0,180,0,29,3,0,0,13,0,9,2,0,0,0,0,0,0,0,0,34,0,0,0,14,0,13,0,8,0,10,0,0,0,0,0,0,0,22,0,0,0,1,0,0,0,0,0,4,0,0,0,0,0,0,0,43,0,27,0,71,0,0,0,0,0,19,5,70,3,11,5,4,1,0,0,2,0,0,0,0,0,0
0,0,0,0,0,0,0,0,0,0,0,0,0,0,0,0,0,0,0,0,0,11,0,0,0,0,0,0,0,1,0,0,0,0,0,4,0,3,0,0,0,0,0,0,0,5,0,0,0,0,0,0,0,0,0,0,0,0,0,0,0,0,0,0,0,16,0,0,0,0,0,298,0,409,0,0,0,5,0,176,0,5,0,0,0,12,0,73,0,0,0,0,0,0,0,0,0,0,0,0,0,0,0,0,0,0,0,0,0,0,0,0,0,0,0,0,0,0,0,0,0,289,0,77,0,0,0,104,0,0,0,0,8,0,0,164,0,33,0,0,0,50,0,66,0,185,0,0,0,29,0,115,19,0,0,0,0,0,0,0,4,0,0,70,0,1,0,0,0,7,0,0,0,0,0,31,0,0,0,0,0,52,0,0,0,0,0,0,0,0,0,0,0,0,0,0,0,26,0,70,0,22,0,40,0,0,0,0,0,0,0,0,0,0,7,0,0,0,89,3,20,0,0,1,0
0,0,0,0,0,0,0,0,1,0,0,0,0,0,0,0,0,0,0,0,0,0,0,0,0,0,0,0,0,0,0,0,0,0,0,0,0,0,0,0,0,0,0,0,0,0,0,0,0,0,3,0,0,0,2,0,0,0,2,0,0,0,0,0,0,0,0,0,22,0,6,0,61,0,4,0,0,0,60,0,16,0,30,0,21,0,13,0,0,0,0,0,19,0,25,0,32,0,11,0,14,0,150,0,45,0,18,0,6,0,0,0,2,0,0,0,5,0,0,0,8,0,0,0,0,0,0,0,0,0,0,0,0,0,0,0,0,0,0,0,0,0,0,0,0,0,0,0,0,0,0,0,0,0,0,0,0,0,0,0,0,0,0,0,29,0,0,0,37,0,0,0,0,0,0,0,0,0,0,0,0,0,0,0,0,0,0,0,56,0,28,0,108,0,0,0,0,0,0,0,78,0,0,0,0,0,0,0,0,0,32,9,31,5,0,10,14,1,0,0,0,0,0,0,0
0,5,0,0,0,0,0,0,0,3,0,0,0,0,0,0,0,0,0,0,0,0,0,0,0,0,0,0,0,0,0,0,0,0,0,0,0,0,0,0,0,0,0,0,0,11,0,0,0,16,0,4,0,0,0,0,0,4,0,8,0,0,0,0,0,0,0,0,0,45,0,10,0,67,0,5,0,0,0,3,0,46,0,59,0,32,0,136,0,61,0,35,0,3,0,74,0,90,0,35,0,16,0,75,0,123,0,140,0,2,0,0,0,20,0,0,0,20,0,2,0,7,0,0,0,0,0,0,0,0,0,0,0,0,0,27,0,0,0,0,0,0,0,0,0,0,0,0,0,0,0,0,0,0,0,0,0,0,0,0,0,0,0,3,0,23,0,0,0,73,0,0,0,0,0,0,0,2,0,0,0,0,0,0,0,0,0,0,0,89,0,0,0,0,0,72,0,11,0,0,0,59,0,64,0,115,0,0,0,0,0,0,0,0,15,0,0,0,40,21,117,3,9,3,2
0,0,0,0,0,0,0,0,0,0,0,0,0,0,0,0,0,0,0,0,0,0,0,0,0,0,0,0,0,0,0,0,0,0,0,0,0,0,0,0,0,0,0,0,0,0,0,0,5,0,0,0,0,0,0,0,1,0,0,0,0,0,0,0,0,0,0,0,14,0,130,0,212,0,58,0,60,0,0,1,29,0,90,0,69,0,50,0,0,0,2,0,32,0,4,0,28,0,17,0,5,0,35,0,0,0,0,0,3,0,0,0,0,0,0,0,0,0,0,0,100,0,71,0,0,0,0,0,0,0,0,0,0,0,0,0,0,0,0,0,21,0,54,0,22,0,0,0,0,0,0,0,0,1,0,0,0,0,0,0,0,0,0,0,8,0,0,0,27,0,0,0,0,0,0,0,0,0,0,0,0,3,0,0,0,0,0,0,43,0,24,0,109,0,0,0,4,0,0,0,124,0,242,0,0,0,0,2,0,0,258,0,19,0,29,10,8,0,0,0,0,0,0,0,0
0,0,0,0,0,0,0,0,0,0,0,0,0,0,0,0,0,0,0,0,0,0,0,0,0,0,0,0,0,0,0,0,0,1,0,0,0,0,0,0,0,0,0,0,0,0,0,0,0,0,0,0,0,0,0,0,0,0,0,0,0,0,0,0,0,0,0,0,0,0,0,20,0,85,0,176,0,3,1,0,0,1,0,0,0,8,0,28,0,0,0,0,0,0,0,0,0,0,0,0,0,0,0,0,0,0,0,0,0,0,0,0,0,0,0,0,0,0,0,0,0,16,0,7,0,0,0,0,0,5,0,0,0,0,0,81,0,0,0,0,0,15,0,31,0,28,0,0,0,0,0,0,0,0,0,0,0,1,0,0,0,0,0,4,0,0,0,0,0,6,0,0,0,0,0,0,0,0,0,0,0,0,0,0,0,0,0,0,0,13,0,0,0,0,0,0,0,0,0,47,0,11,0,67,0,6,0,0,0,41,0,0,0,0,3,0,0,0,18,0,1,0,0,0,0
