0,146,63,126,70,0,50,85,113,0,79,57,49,0,13,133,18,114,18,0,0,0,4,422,6,228,23,0,80,0,0,0,0,0,6,0,0,0,633,0,6,0,0,0,0,0,0,0,11,0,0,0,14,0,11,2,0,0,15,0,111,0,72,13,0,0,3,0,0,0,0,0,0,0,0,0,0,0,0,0,0,0,0,0,0,0,0,0,0,0,0,0,0,0,0,0,0,0,0,0,0,0,0,0,0,0,0,0,0,0,0,0,0,0,0,0,0,0,0,0,0,0,0,0,3,0,0,0,0,0,16,0,0,0,0,0,0,0,0,0,0,0,0,0,0,0,0,0,4,0,7,0,6,2,0,0,0,0,0,0,9,0,0,0,0,0,0,0,14,0,0,0,188,0,0,0,471,128,2,0,0,0,39,0,9,0,0,0,0,0,0,0,0,0,0,0,0,0,0,0,0,0,0,0,0,0,0,0,3,0,533,229,77,0,139,0,0,0,0,8,0,0,0,0,0
146,0,191,68,0,225,136,22,79,50,0,176,0,148,0,42,49,25,0,105,40,0,0,39,92,15,0,156,27,222,0,0,0,359,0,0,0,198,0,486,0,18,0,0,0,32,0,42,0,0,0,0,0,0,12,27,0,0,0,11,0,162,52,143,0,30,0,5,0,0,0,0,0,0,0,0,0,0,0,0,0,0,0,0,0,0,0,0,0,0,0,0,0,0,0,0,0,0,0,0,0,0,0,0,0,0,0,0,0,0,0,0,0,0,0,0,0,0,0,3,0,0,0,0,0,0,0,0,0,8,0,20,0,0,0,0,0,6,0,0,0,0,0,0,0,0,0,15,0,41,0,0,0,48,0,0,0,0,0,0,0,6,0,0,0,8,0,0,0,8,0,18,0,119,0,0,45,516,0,0,0,30,0,31,0,41,0,1,0,0,0,0,0,0,0,0,0,0,0,0,0,0,0,0,0,0,0,21,0,32,0,0,0,0,373,0,0,0,1098,299,166,181,8,8,1
63,191,0,94,129,0,35,0,15,0,47,0,20,0,180,87,29,62,48,0,54,0,48,242,44,198,0,0,163,0,119,0,225,0,0,0,0,0,670,0,0,0,0,0,0,0,0,0,15,0,0,0,0,0,72,0,14,0,21,0,0,0,102,0,0,0,0,0,0,0,0,0,0,0,0,0,0,0,0,0,0,0,0,0,0,0,0,0,0,0,0,0,0,0,0,0,0,0,0,0,3,0,0,0,0,0,0,0,0,0,0,0,0,0,0,0,0,0,0,0,0,0,0,0,0,0,42,0,0,0,0,0,0,0,136,0,32,0,0,0,0,0,63,0,0,0,0,0,5,0,32,0,0,0,0,0,0,0,0,0,10,0,0,0,0,0,0,0,0,0,0,0,246,0,0,0,87,70,0,0,0,0,0,0,5,0,0,0,0,0,0,0,0,0,0,0,0,0,0,0,0,0,0,0,0,0,0,0,56,0,1038,150,311,204,461,0,0,0,2,0,0,2,0,0,0
126,68,94,0,0,74,0,146,0,18,0,15,0,0,0,107,0,25,0,144,21,48,36,116,16,29,0,23,0,247,0,78,0,222,0,0,0,24,0,296,0,0,0,0,0,0,0,0,0,5,0,0,0,1,0,69,0,8,0,0,0,19,6,73,0,10,0,0,0,0,0,0,0,0,0,0,0,0,0,0,0,0,0,0,0,0,0,0,0,0,0,0,0,0,0,0,0,0,0,0,0,0,0,0,0,0,0,0,0,0,0,0,0,0,0,0,0,0,0,0,0,0,0,0,0,30,0,35,0,8,0,35,0,34,0,342,0,270,0,13,0,6,0,0,0,0,0,20,0,57,0,0,0,28,0,8,0,0,0,0,0,5,0,0,0,0,0,0,0,4,0,0,0,32,0,0,30,116,0,0,0,0,0,0,0,14,0,0,0,0,0,0,0,0,0,0,0,0,0,0,1,0,0,0,0,0,0,126,0,305,0,3,0,0,348,0,0,0,615,68,268,166,0,4,1
70,0,129,0,0,324,9,0,38,0,161,123,438,154,189,246,30,0,297,324,235,150,11,84,6,0,310,0,0,0,206,0,308,0,428,0,343,0,294,0,51,0,0,0,0,0,90,0,11,0,0,0,0,0,19,0,0,0,21,0,0,0,0,0,0,0,0,0,0,0,0,0,0,0,12,0,0,0,0,0,0,0,0,0,0,0,0,0,0,0,0,0,0,0,0,0,0,0,0,0,0,0,0,0,0,0,0,0,0,0,0,0,0,0,0,0,0,0,0,0,0,0,0,0,0,0,0,0,0,0,28,0,0,0,49,0,0,0,0,0,0,0,0,0,0,0,0,0,30,0,95,0,0,0,0,0,0,0,0,0,6,0,0,0,0,0,146,0,0,0,0,0,0,0,0,0,295,61,101,0,44,0,29,0,54,0,0,0,0,0,0,0,0,0,0,0,0,0,0,0,0,0,0,0,0,0,0,0,47,0,893,439,305,0,200,0,0,0,1,4,0,0,0,0,0
0,225,0,74,324,0,0,62,0,28,171,189,77,229,443,113,0,0,129,327,242,294,124,75,0,9,0,323,0,0,0,231,0,484,0,146,0,211,0,0,0,40,0,0,0,0,0,42,0,9,0,38,0,0,0,16,0,0,0,0,0,0,0,0,0,22,0,3,0,0,0,0,0,0,0,0,0,0,0,0,0,0,0,0,0,0,0,0,0,0,0,0,0,0,0,0,0,0,0,0,0,0,0,0,0,0,0,0,0,0,0,0,0,0,0,0,0,0,0,0,0,0,0,0,0,0,0,0,0,0,0,0,0,0,0,0,0,65,0,12,0,0,0,0,0,0,0,0,0,39,0,0,0,35,0,3,0,0,0,0,0,0,0,0,0,11,0,0,0,0,0,2,0,0,0,0,96,435,38,20,0,0,0,7,0,21,0,4,0,0,0,0,0,0,0,0,0,0,0,0,0,0,0,1,0,0,0,73,0,119,0,0,0,0,147,0,0,0,776,552,412,0,0,0,3
50,136,35,0,9,0,0,156,26,243,11,0,0,0,14,0,0,34,0,0,0,0,14,0,18,282,0,0,21,0,0,0,0,0,0,0,0,0,75,0,0,0,0,0,0,0,0,0,29,0,0,0,140,0,140,0,17,0,52,0,264,0,319,40,1,0,2,0,1,0,0,0,0,0,0,0,0,0,0,0,0,0,0,0,0,0,0,0,0,0,0,0,0,0,0,0,0,0,0,0,0,0,0,0,0,0,0,0,0,0,0,0,0,0,0,0,0,0,0,0,0,0,0,0,0,0,54,0,0,0,53,0,15,0,49,0,0,0,3,0,0,0,0,0,0,0,0,0,5,0,0,0,0,0,0,0,8,0,0,0,16,0,0,0,0,0,0,0,27,0,290,0,102,0,0,0,143,49,0,0,0,0,3,0,0,0,0,0,0,0,0,0,0,0,0,0,0,0,0,0,0,0,0,0,0,0,0,0,34,0,570,115,226,441,574,0,72,0,0,2,0,0,0,0,0
85,22,0,146,0,62,156,0,230,11,0,6,0,0,0,67,0,35,0,6,0,0,0,34,77,66,0,0,10,97,0,0,0,0,0,0,0,0,2,0,0,0,0,0,0,7,0,0,0,0,0,0,35,120,86,503,0,18,0,56,0,185,93,815,0,13,0,0,0,1,0,0,0,0,0,0,0,0,0,0,0,0,0,0,0,0,0,0,0,0,0,0,0,0,0,0,0,0,0,0,0,0,1,0,0,0,0,0,0,0,0,0,0,0,0,0,0,0,0,0,0,0,0,0,0,66,0,23,0,20,0,72,0,0,0,40,0,32,0,27,0,0,0,0,0,0,0,7,0,58,0,15,0,2,0,11,0,0,0,7,0,15,0,0,0,10,0,6,0,42,0,63,0,187,0,0,35,147,0,0,0,0,0,0,0,0,0,0,0,0,0,0,0,0,0,0,0,0,0,0,0,0,0,0,0,0,0,51,0,95,0,0,0,0,770,0,0,0,809,91,347,648,0,83,0
113,79,15,0,38,0,26,230,0,194,31,0,33,0,15,0,8,19,21,0,0,0,0,15,1,241,0,0,0,0,0,0,0,0,0,0,0,0,74,0,6,0,0,0,10,0,9,0,0,0,0,0,99,16,60,109,31,11,173,0,175,0,114,33,134,0,63,0,1,0,0,0,0,0,0,0,0,0,0,0,0,0,0,0,0,0,0,0,0,0,0,0,0,0,0,0,0,0,0,0,0,0,0,0,0,0,0,0,0,0,0,0,0,0,0,0,0,0,0,0,0,0,0,0,24,0,91,0,0,0,121,0,0,0,30,0,0,0,0,0,0,0,5,0,0,0,40,0,102,0,92,0,36,0,0,0,0,0,0,0,59,0,0,0,0,0,0,0,0,0,95,0,16,0,3,0,515,70,10,0,0,0,29,0,91,0,0,0,0,0,0,0,0,0,0,0,0,0,5,0,0,0,0,0,0,0,0,0,26,0,232,58,55,0,144,0,0,1,0,0,0,0,0,0,0
0,50,0,18,0,28,243,11,194,0,0,32,0,11,0,10,0,0,0,30,0,3,0,0,111,7,0,0,0,0,0,0,0,0,0,2,0,0,0,0,0,0,0,0,0,0,0,0,0,5,0,0,122,183,270,67,0,37,143,150,0,220,191,367,0,175,24,126,0,0,0,0,0,0,0,0,0,0,0,0,0,0,0,0,0,0,0,2,0,0,0,0,0,0,0,0,0,0,0,0,0,0,0,0,0,0,0,0,0,0,0,0,0,0,0,0,0,0,0,0,0,0,0,0,0,51,0,21,0,38,0,61,0,5,0,22,0,13,0,16,0,0,0,0,0,0,0,25,0,118,0,37,0,52,0,7,0,21,0,2,0,33,0,0,0,0,0,0,0,0,0,27,0,77,0,3,79,583,0,0,0,0,0,21,0,115,0,0,0,0,0,0,0,0,0,0,0,0,0,0,0,0,0,0,0,0,0,43,0,59,0,0,0,0,351,0,0,0,658,251,117,266,2,69,0
79,0,47,0,161,171,11,0,31,0,0,0,395,0,19,220,0,0,83,103,44,0,0,58,0,0,97,0,0,0,89,0,169,0,66,0,257,3,312,0,61,0,0,0,28,0,96,0,8,0,0,0,0,0,7,0,0,0,0,0,0,0,0,0,5,0,1,0,0,0,0,0,0,0,14,0,0,0,0,0,0,0,0,0,0,0,0,0,0,0,0,0,0,0,0,0,0,0,0,0,0,0,0,0,0,0,0,0,0,0,0,0,0,0,0,0,0,0,0,0,0,0,0,0,0,0,16,0,0,0,11,0,0,0,16,0,0,0,0,0,0,0,0,0,5,0,6,0,0,0,0,0,0,0,0,0,0,0,0,0,0,0,0,0,0,0,171,0,26,0,0,0,165,0,12,0,324,51,62,0,19,0,54,0,22,0,11,0,0,0,0,0,0,0,0,0,0,0,0,0,0,0,0,0,0,0,0,0,0,0,342,295,141,0,0,0,0,0,0,0,0,0,0,0,0
57,176,0,15,123,189,0,6,0,32,0,0,0,275,194,17,17,0,38,33,133,80,81,19,0,0,0,162,0,19,11,87,0,346,0,29,0,126,0,0,0,72,0,0,0,36,3,136,0,6,0,0,0,0,0,5,0,0,0,2,0,0,0,0,0,7,0,2,0,0,0,0,0,0,0,0,0,0,0,0,0,0,0,0,0,0,0,0,0,0,0,0,0,0,0,0,0,0,0,0,0,0,0,0,0,0,0,0,0,0,0,0,0,0,0,0,0,0,0,0,0,0,0,0,0,0,0,0,0,0,0,0,0,0,0,0,0,0,0,0,0,0,0,0,0,0,0,6,0,9,0,0,0,75,0,0,0,0,0,0,0,0,0,1,0,0,0,0,0,0,0,0,0,20,0,36,63,426,0,23,0,98,3,18,1,83,0,1,0,0,0,0,0,0,0,0,0,0,0,0,0,0,0,0,0,0,0,0,0,0,1,0,0,0,30,0,0,0,193,218,48,0,0,0,0
49,0,20,0,438,77,0,0,33,0,395,0,0,422,37,0,0,0,154,412,53,240,0,0,0,0,288,713,0,0,10,0,3,0,314,0,87,0,0,0,214,76,75,0,57,0,223,132,27,0,267,0,0,0,0,0,0,0,3,0,0,0,0,0,0,0,0,0,0,0,0,0,0,0,0,0,0,0,0,0,0,0,0,0,0,0,0,0,0,0,0,0,0,0,0,0,0,0,18,0,0,0,0,0,0,0,0,0,0,0,0,0,0,0,0,0,0,0,0,0,0,0,0,0,0,0,0,0,0,0,0,0,0,0,35,0,0,0,0,0,0,0,0,0,0,0,21,0,0,0,0,0,33,0,0,0,0,0,0,0,0,0,1,0,29,0,80,0,23,0,0,0,0,0,0,0,391,39,240,0,36,0,28,0,20,0,271,0,0,0,0,0,0,0,0,0,0,0,0,0,0,0,0,0,0,0,0,0,0,0,0,279,45,0,0,0,0,0,0,17,0,0,0,0,0
0,148,0,0,154,229,0,0,0,11,0,275,422,0,122,0,0,0,687,97,228,101,0,0,0,0,270,202,0,0,0,0,0,0,0,120,0,90,0,0,36,116,7,133,6,109,24,246,0,30,0,274,0,0,0,2,0,0,0,0,0,1,0,0,0,14,0,0,0,0,0,0,0,0,0,0,0,0,0,0,0,0,0,0,0,0,0,15,0,0,0,0,0,0,0,0,0,0,0,0,0,0,0,0,0,0,0,0,0,0,0,0,0,0,0,0,0,0,0,0,0,0,0,0,0,0,0,0,0,0,0,0,0,0,0,0,0,0,0,0,0,0,0,0,0,0,0,0,0,12,0,61,0,66,0,0,0,0,0,0,0,0,0,0,0,23,0,0,0,0,0,0,0,0,0,0,121,397,0,25,0,89,0,8,0,25,15,19,0,0,0,0,0,0,0,0,0,0,0,0,0,0,0,4,0,0,0,0,0,0,0,2,2,0,10,0,0,0,122,285,142,0,0,0,0
13,0,180,0,189,443,14,0,15,0,19,194,37,122,0,335,75,0,229,306,276,169,156,46,12,3,131,0,0,0,275,0,98,0,172,0,108,0,13,0,0,0,0,0,8,0,0,0,0,0,0,0,0,0,63,0,0,0,16,0,0,0,6,0,0,0,0,0,0,0,0,0,0,0,0,0,0,0,0,0,0,0,0,0,22,0,0,0,0,0,0,0,0,0,0,0,30,0,0,0,0,0,0,0,0,0,0,0,0,0,0,0,0,0,0,0,0,0,0,0,0,0,0,0,0,0,62,0,0,0,30,0,0,0,720,0,90,0,0,0,0,0,322,0,0,0,97,0,19,0,164,0,58,0,0,0,0,0,0,0,0,0,0,0,0,0,47,0,0,0,0,0,22,0,0,0,115,57,3,0,0,0,14,0,31,0,0,0,0,0,0,0,0,0,0,0,0,0,0,0,98,0,0,0,0,0,0,0,364,0,164,114,76,0,27,0,0,0,0,12,0,0,0,0,0
133,42,87,107,246,113,0,67,0,10,220,17,0,0,335,0,51,43,22,151,205,237,204,99,0,17,0,48,0,24,33,132,0,169,0,28,5,68,11,0,0,0,0,0,0,12,0,0,0,0,0,0,0,0,0,22,0,7,0,0,0,0,0,41,0,11,0,0,0,0,0,0,0,0,0,0,0,0,0,0,0,156,0,0,0,168,0,60,0,0,0,0,0,0,0,0,0,233,0,148,0,0,0,0,0,0,0,0,0,0,0,0,0,0,0,0,0,0,0,0,0,0,0,6,0,11,0,0,0,0,0,0,0,0,0,798,0,376,0,31,0,23,0,152,0,1,0,0,0,30,0,53,0,0,0,4,0,0,0,0,0,3,0,0,0,0,0,43,0,0,0,0,0,0,0,0,52,139,16,1,0,0,0,0,0,24,0,0,0,0,0,0,0,0,0,0,0,0,0,0,0,0,0,0,0,0,0,0,0,260,0,0,0,0,40,0,0,0,175,266,122,0,0,0,0
18,49,29,0,30,0,0,0,8,0,0,17,0,0,75,51,0,26,170,0,178,0,145,82,91,39,108,0,222,0,132,0,53,0,14,0,0,0,66,0,0,0,0,1,0,0,0,0,0,0,0,0,38,0,16,0,2,0,3,0,17,0,221,3,0,0,0,0,0,0,0,0,0,0,9,0,0,0,0,0,0,0,0,0,71,0,0,0,0,0,101,0,0,0,0,0,80,0,112,0,35,0,0,0,140,0,545,0,0,0,0,0,0,0,0,0,0,0,0,0,8,0,0,0,0,0,0,0,129,0,0,0,0,0,292,0,267,0,43,0,0,0,786,0,0,0,0,0,0,0,0,0,0,0,18,0,0,0,0,0,0,0,0,0,0,0,0,0,0,0,0,0,19,0,0,0,0,8,0,0,0,0,0,0,0,0,0,0,0,0,0,0,0,0,0,0,0,0,174,0,435,0,0,0,0,0,0,0,60,0,57,220,40,0,30,0,0,0,0,4,0,0,0,0,0
114,25,62,25,0,0,34,35,19,0,0,0,0,0,0,43,26,0,0,58,0,81,14,135,0,30,0,0,0,117,0,32,0,28,0,24,0,4,0,22,0,0,0,0,0,0,0,0,0,0,0,0,0,0,0,19,0,18,0,0,0,0,10,89,0,0,0,0,0,0,0,0,0,0,0,0,0,0,0,0,0,172,0,0,0,203,0,55,0,0,0,73,0,0,0,163,0,121,0,136,0,141,0,0,0,1,1,0,0,0,0,0,0,0,0,0,0,0,0,0,0,0,0,0,0,0,0,0,0,125,0,0,0,69,0,531,0,413,0,94,0,40,0,330,0,0,0,0,0,0,0,0,0,0,0,0,0,0,0,0,0,0,0,0,1,0,0,0,0,0,0,0,0,11,0,0,8,0,0,0,0,0,0,0,0,0,0,0,0,0,0,0,0,0,0,0,0,0,0,0,0,32,0,0,0,0,0,0,0,0,0,0,1,0,18,0,0,0,14,136,44,12,0,0,0
18,0,48,0,297,129,0,0,21,0,83,38,154,687,229,22,170,0,0,564,392,290,68,0,0,0,203,784,0,0,103,10,28,0,560,0,87,0,0,0,3,106,21,0,11,0,9,159,0,0,80,11,0,0,0,0,0,0,6,0,0,0,38,0,0,0,0,0,0,0,18,0,0,0,33,0,0,0,0,0,0,0,0,0,123,0,0,0,0,0,120,0,0,0,0,0,0,0,0,0,0,0,0,0,0,0,412,0,0,0,0,0,0,0,0,0,0,0,0,0,0,0,0,0,0,0,51,0,0,0,17,0,0,0,131,0,0,0,0,0,0,0,321,0,0,0,38,0,24,0,0,0,72,0,0,0,0,0,0,0,0,0,0,0,55,0,41,0,0,0,0,0,0,0,0,0,159,26,28,0,0,0,41,0,36,0,23,0,0,0,0,0,0,0,0,0,0,0,0,0,0,0,0,0,0,0,0,0,110,0,203,400,129,0,35,0,0,0,2,0,0,0,0,0,0
0,105,0,144,324,327,0,6,0,30,103,33,412,97,306,151,0,58,564,0,284,195,0,134,0,0,106,236,0,13,0,73,0,31,0,119,4,184,0,0,7,0,0,76,3,136,0,15,2,0,0,96,0,0,0,20,0,0,0,0,0,0,0,80,0,31,0,0,0,0,0,13,0,0,0,0,0,0,0,0,0,356,0,0,0,200,0,131,0,0,0,0,0,0,0,0,0,0,0,0,0,0,0,0,0,0,0,0,0,0,0,0,0,0,0,0,0,0,0,0,0,0,0,0,0,0,0,21,0,0,0,22,0,0,0,0,0,0,0,0,0,60,0,130,0,0,0,39,0,115,0,0,0,82,0,0,0,0,0,0,0,4,0,0,0,0,0,0,2,106,0,2,0,0,0,0,68,127,52,6,0,0,0,9,0,55,0,0,0,0,0,0,0,0,0,0,0,0,0,0,0,0,0,0,0,0,0,154,0,249,0,0,0,0,30,0,0,0,191,292,155,0,2,0,0
0,40,54,21,235,242,0,0,0,0,44,133,53,228,276,205,178,0,392,284,0,189,105,132,8,15,258,0,55,0,147,0,106,0,50,0,15,0,37,0,0,0,64,15,110,0,0,0,8,0,68,0,11,0,0,0,0,0,0,0,0,0,59,1,0,0,0,0,0,0,0,0,0,0,0,0,0,0,0,0,0,0,0,0,66,0,0,0,0,0,0,0,0,0,0,0,76,0,134,0,35,0,3,0,0,0,276,0,0,0,0,0,0,0,0,0,0,0,0,0,0,0,0,0,0,0,0,0,20,0,0,0,0,0,0,0,0,0,88,0,73,0,184,1,0,0,0,0,0,0,0,0,0,0,0,0,0,0,0,0,0,0,0,0,27,0,55,0,0,2,0,0,30,0,0,0,19,29,0,0,0,0,0,0,0,0,0,2,0,0,0,0,0,0,0,0,0,0,0,0,0,0,0,0,0,0,0,0,0,0,268,826,102,0,64,0,0,5,2,4,0,0,0,0,0
0,0,0,48,150,294,0,0,0,3,0,80,240,101,169,237,0,81,290,195,189,0,0,108,0,0,58,196,0,30,20,58,0,25,0,90,0,18,0,20,0,0,0,116,0,54,6,4,0,1,8,128,0,7,0,4,0,0,0,0,0,6,0,100,0,0,0,0,0,0,0,0,0,0,0,0,0,0,0,0,0,0,0,0,0,123,0,56,0,0,0,0,0,0,0,0,0,0,0,0,0,0,0,0,0,0,0,0,0,0,0,0,0,0,0,0,0,0,0,0,0,0,0,7,0,0,0,0,0,0,0,0,0,0,0,0,0,0,0,101,0,49,0,145,0,0,0,0,0,0,0,0,0,0,0,0,0,0,0,0,0,0,0,0,0,0,0,23,0,0,0,1,0,0,0,0,0,19,15,0,0,0,0,0,1,0,0,2,0,0,0,0,0,0,0,0,0,0,0,0,0,0,0,0,0,0,0,0,0,0,0,2,0,0,82,0,0,0,305,1003,134,0,0,0,0
4,0,48,36,11,124,14,0,0,0,0,81,0,0,156,204,145,14,68,0,105,0,0,166,10,44,46,4,295,3,268,0,200,7,0,0,0,0,448,0,0,0,0,0,0,0,0,0,10,0,0,0,6,0,54,0,12,0,9,1,0,0,55,0,2,0,0,0,0,0,0,0,0,0,0,0,0,0,0,0,0,0,0,0,0,0,0,0,0,0,0,0,0,0,0,0,0,0,0,0,2,0,0,0,0,0,0,0,0,0,0,0,0,0,0,0,0,0,0,0,0,0,0,0,0,0,42,0,0,0,35,0,0,0,360,0,0,0,0,0,0,0,216,0,0,0,0,0,0,0,43,0,16,0,0,0,0,0,0,0,7,0,0,0,0,0,0,0,0,0,0,0,91,0,0,0,59,48,0,0,0,0,16,0,21,0,0,0,0,0,0,0,0,0,7,0,5,0,81,0,87,0,0,0,9,0,0,0,98,0,405,76,231,123,271,0,0,4,0,4,3,0,0,0,0
422,39,242,116,84,75,0,34,15,0,58,19,0,0,46,99,82,135,0,134,132,108,166,0,9,16,0,51,9,72,0,48,0,45,0,22,0,3,23,20,0,0,0,0,0,12,0,0,0,0,0,9,0,0,0,19,0,0,0,0,0,0,0,123,0,0,0,0,0,0,0,0,0,0,0,0,0,0,0,0,0,155,0,0,0,105,0,38,0,0,0,0,0,0,0,96,0,92,0,66,0,0,0,0,0,0,0,0,0,0,0,0,0,0,0,0,0,0,0,0,0,0,0,9,0,0,0,0,0,0,0,0,0,0,0,327,0,207,0,0,0,38,0,127,0,0,0,0,0,4,0,0,0,0,0,0,0,0,0,0,0,0,0,0,0,9,0,13,0,0,0,0,0,12,0,0,44,88,0,0,0,0,4,0,0,0,0,0,0,0,0,0,0,0,0,0,0,0,0,8,0,0,0,0,0,0,0,0,0,67,0,0,0,0,0,0,0,0,81,445,41,18,0,0,1
6,92,44,16,6,0,18,77,1,111,0,0,0,0,12,0,91,0,0,0,8,0,10,9,0,150,0,0,94,0,0,0,7,0,0,0,0,0,126,0,0,0,0,0,0,0,0,0,30,0,0,0,99,0,187,0,38,0,33,0,154,0,343,0,0,0,0,0,0,0,0,0,0,0,0,0,0,0,0,0,0,0,0,0,0,0,0,0,0,0,0,0,0,0,0,0,0,0,0,0,0,0,0,0,0,0,0,0,0,0,0,0,0,0,0,0,0,0,0,0,0,0,0,0,9,0,88,0,75,0,16,0,86,0,304,0,90,0,0,0,0,0,231,0,0,0,0,0,0,0,0,0,0,0,4,0,0,0,0,0,15,0,12,0,0,0,0,0,0,0,236,0,98,0,0,0,22,11,0,0,0,0,0,0,0,0,0,0,0,0,0,0,0,0,0,0,0,0,66,0,62,0,0,0,0,0,0,0,62,0,323,36,213,0,413,0,0,3,0,0,2,0,0,0,0
228,15,198,29,0,9,282,66,241,7,0,0,0,0,3,17,39,30,0,0,15,0,44,16,150,0,0,0,20,107,0,12,0,18,0,0,0,0,11,109,0,0,0,0,0,0,0,0,0,0,0,0,16,33,57,143,1,37,0,2,0,37,144,250,0,0,0,0,0,0,0,0,0,0,0,0,0,0,0,0,0,0,0,0,0,6,0,0,0,0,0,24,0,0,0,0,0,0,1,0,0,0,0,0,0,0,0,0,0,0,0,0,0,0,0,0,0,0,0,0,0,0,0,0,0,0,0,26,0,65,0,28,0,56,0,395,0,385,0,20,0,0,0,0,0,1,0,0,0,0,0,0,0,0,0,13,0,0,0,12,0,16,0,0,0,0,0,0,0,0,0,0,0,59,0,0,39,106,0,0,0,0,0,0,0,0,0,0,0,0,0,0,0,0,0,0,0,0,0,0,0,0,0,0,0,0,0,13,0,102,0,0,0,0,144,0,0,0,186,207,73,127,0,0,0
23,0,0,0,310,0,0,0,0,0,97,0,288,270,131,0,108,0,203,106,258,58,46,0,0,0,0,879,0,0,62,0,28,0,108,0,59,0,16,0,54,258,359,0,200,73,229,444,38,0,386,0,0,0,0,0,0,0,0,0,0,0,31,0,0,1,0,0,2,0,0,0,0,0,57,0,5,0,0,0,181,0,0,0,0,0,0,0,0,0,184,0,0,0,0,0,0,0,0,0,114,0,6,0,0,0,0,0,0,0,0,0,0,0,0,0,0,0,0,0,54,0,50,0,0,0,0,0,0,0,0,0,0,0,0,0,244,0,0,0,0,0,573,0,0,0,0,0,0,0,0,0,0,0,0,0,0,0,0,0,0,0,0,0,76,0,13,0,0,0,0,0,0,0,0,0,58,10,21,0,0,0,22,0,25,0,65,0,0,0,0,0,0,0,0,0,0,0,0,0,0,0,0,0,0,0,0,0,0,0,87,566,175,0,0,0,0,17,0,38,0,0,0,0,0
0,156,0,23,0,323,0,0,0,0,0,162,713,202,0,48,0,0,784,236,0,196,4,51,0,0,879,0,0,0,0,65,1,0,0,102,0,0,0,0,329,24,111,310,114,368,217,176,11,39,104,263,0,0,0,0,0,0,0,0,0,0,0,112,0,8,0,0,0,0,0,0,0,0,0,18,0,0,0,0,0,0,0,0,0,0,0,112,0,0,0,0,0,0,0,0,0,0,0,0,0,0,0,0,0,0,0,0,0,0,0,0,0,0,0,0,0,1,0,0,0,0,0,22,0,14,0,0,0,0,0,0,0,0,0,0,0,0,0,0,0,0,0,0,0,0,0,0,0,29,0,0,0,0,0,0,0,0,0,0,0,0,0,8,0,99,0,0,0,83,0,0,0,0,0,0,48,126,0,6,0,13,0,6,0,27,73,10,0,17,0,0,0,0,0,0,0,0,0,0,0,0,0,0,0,0,0,0,0,0,0,13,0,0,21,0,0,0,0,948,119,0,2,0,34
80,27,163,0,0,0,21,10,0,0,0,0,0,0,0,0,222,0,0,0,55,0,295,9,94,20,0,0,0,0,52,0,34,0,39,0,13,0,5,0,0,0,0,0,0,0,0,0,0,0,28,0,28,0,21,0,5,1,0,0,7,0,40,0,0,0,0,0,0,0,0,0,0,0,0,0,0,0,0,0,0,0,0,0,16,0,0,0,0,0,0,0,0,0,0,0,29,0,0,0,0,0,2,0,0,0,0,0,0,0,0,0,0,0,0,0,0,0,0,0,0,0,0,0,0,0,0,0,29,0,0,0,0,0,0,0,105,0,251,0,99,0,128,0,0,0,0,0,0,0,0,0,0,0,13,0,7,0,0,0,0,0,0,0,0,0,0,0,0,0,0,0,0,0,0,0,0,0,0,0,0,0,19,0,0,0,0,0,0,0,0,0,0,0,0,0,0,0,0,0,39,0,0,0,1,0,0,0,0,0,80,71,0,0,27,0,0,0,0,0,0,0,0,0,0
0,222,0,247,0,0,0,97,0,0,0,19,0,0,0,24,0,117,0,13,0,30,3,72,0,107,0,0,0,0,0,9,0,11,0,50,0,12,0,2,0,0,0,27,0,0,0,0,0,0,0,0,0,0,1,3,0,1,0,0,0,1,0,131,0,0,0,0,0,0,0,0,0,0,0,0,0,0,0,0,0,0,0,0,0,0,0,0,0,0,0,0,0,0,0,0,0,0,0,0,0,24,0,0,0,0,0,7,0,0,0,0,0,0,0,0,0,0,0,0,0,0,0,0,0,0,0,0,0,0,0,0,0,0,0,0,0,96,0,110,0,40,0,75,0,5,0,0,0,0,0,0,0,0,0,0,0,0,0,10,0,3,0,0,0,0,0,0,0,0,0,0,0,0,0,0,0,0,0,0,0,0,0,1,0,1,0,0,0,0,0,0,0,0,0,0,0,0,0,0,0,0,0,0,0,0,0,0,0,0,0,0,0,0,0,0,0,0,72,174,0,0,0,0,0
0,0,119,0,206,0,0,0,0,0,89,11,10,0,275,33,132,0,103,0,147,20,268,0,0,0,62,0,52,0,0,0,10,0,31,0,10,0,0,0,0,0,31,0,50,0,0,0,0,0,38,0,16,0,7,0,4,0,0,0,0,0,32,0,0,0,0,0,0,0,0,0,0,0,0,0,0,0,0,0,0,0,0,0,57,0,0,0,0,0,60,0,0,0,0,0,0,0,0,0,21,0,0,0,0,0,0,0,0,0,0,0,0,0,0,0,0,0,0,0,0,0,0,0,0,0,0,0,0,0,0,0,0,0,0,0,101,0,182,0,91,0,147,0,0,0,0,0,0,0,0,0,0,0,18,0,0,0,9,0,0,0,0,0,0,0,32,0,0,0,0,0,25,0,0,0,0,0,9,0,0,0,0,0,0,0,0,0,0,0,0,0,0,0,0,0,0,0,0,0,0,0,0,0,0,0,0,0,0,0,180,403,73,0,33,0,0,1,0,0,0,0,0,0,0
0,0,0,78,0,231,0,0,0,0,0,87,0,0,0,132,0,32,10,73,0,58,0,48,0,12,0,65,0,9,0,0,0,12,0,66,0,0,0,10,0,0,0,43,0,0,0,0,0,2,0,26,0,0,0,3,0,0,0,0,0,5,0,63,0,0,0,0,0,0,0,0,0,0,0,0,0,0,0,0,0,0,0,0,0,0,0,12,0,0,0,0,0,0,0,0,0,0,0,0,0,0,0,0,0,0,0,0,0,0,0,0,0,0,0,0,0,0,0,0,0,0,0,0,0,0,0,0,0,0,0,0,0,0,0,0,0,0,0,105,0,58,0,105,0,7,0,0,0,0,0,0,0,0,0,0,0,0,0,0,0,0,0,2,0,8,0,18,0,0,0,3,0,0,0,0,0,0,0,0,0,0,0,0,0,0,0,0,0,0,0,0,0,0,0,0,0,0,0,0,0,0,0,0,0,0,0,0,0,0,0,0,0,0,0,0,0,0,248,332,88,0,0,0,0
0,0,225,0,308,0,0,0,0,0,169,0,3,0,98,0,53,0,28,0,106,0,200,0,7,0,28,1,34,0,10,0,0,0,36,0,45,0,13,0,0,0,28,0,26,0,0,0,0,0,52,0,0,0,0,0,0,0,0,0,15,0,15,0,0,0,0,0,0,0,0,0,0,0,7,0,0,0,0,0,0,0,0,0,0,0,0,0,0,0,0,0,0,0,0,0,0,0,0,0,0,0,0,0,0,0,0,0,0,0,0,0,0,0,0,0,0,0,0,0,0,0,7,0,0,0,0,0,15,0,0,0,0,0,0,0,0,0,271,0,104,0,0,0,37,0,0,0,0,0,0,0,0,0,17,0,27,0,10,0,0,0,0,0,0,0,27,0,0,0,0,0,39,0,0,0,0,0,0,0,0,0,0,0,0,0,0,0,0,0,0,0,0,0,0,0,0,0,0,0,0,0,0,0,0,0,0,0,0,0,259,289,103,0,57,0,0,0,0,0,0,0,0,0,0
0,359,0,222,0,484,0,0,0,0,0,346,0,0,0,169,0,28,0,31,0,25,7,45,0,18,0,0,0,11,0,12,0,0,0,58,0,133,0,15,0,0,0,46,0,31,0,0,0,10,0,50,0,0,0,0,0,0,0,0,0,11,0,43,0,0,0,0,0,0,0,0,0,0,0,0,0,0,0,0,0,0,0,0,0,0,0,0,0,0,0,0,0,0,0,0,0,0,0,0,0,0,0,0,0,0,0,0,0,0,0,0,0,0,0,0,0,0,0,0,0,0,0,0,0,0,0,0,0,0,0,0,0,0,0,0,0,0,0,103,0,32,0,0,0,35,0,0,0,0,0,0,0,0,0,0,0,5,0,0,0,0,0,0,0,14,0,115,0,18,0,0,0,57,0,0,0,0,0,0,0,0,0,0,0,0,0,0,0,0,0,0,0,0,0,0,0,0,0,0,0,0,0,0,0,0,0,0,0,0,0,1,0,0,98,0,0,0,258,523,284,27,0,0,1
6,0,0,0,428,0,0,0,0,0,66,0,314,0,172,0,14,0,560,0,50,0,0,0,0,0,108,0,39,0,31,0,36,0,0,0,119,0,18,0,0,0,11,0,10,0,0,0,7,0,82,0,0,0,0,0,0,0,0,0,0,0,0,0,0,0,0,0,0,0,0,0,0,0,0,0,0,0,0,0,0,0,0,0,0,0,0,0,0,0,0,0,0,0,0,0,0,0,0,0,0,0,0,0,0,0,0,0,0,0,0,0,0,0,0,0,0,0,0,0,4,0,0,0,0,0,0,0,0,0,0,0,0,0,0,0,12,0,27,0,27,0,33,0,0,0,0,0,0,0,0,0,0,0,0,0,0,0,0,0,0,0,0,0,37,0,134,0,0,0,0,0,21,0,0,0,0,0,17,0,0,0,0,0,0,0,0,0,0,0,0,0,0,0,0,0,0,0,0,0,0,0,0,0,0,0,0,0,0,0,359,505,233,0,71,0,0,0,0,0,0,0,0,0,0
0,0,0,0,0,146,0,0,0,2,0,29,0,120,0,28,0,24,0,119,0,90,0,22,0,0,0,102,0,50,0,66,0,58,0,0,0,38,0,58,0,0,0,61,0,8,0,0,0,0,0,58,0,0,0,1,0,0,0,0,0,8,0,23,0,0,0,0,0,0,0,0,0,0,0,0,0,0,0,0,0,0,0,0,0,0,0,0,0,0,0,0,0,0,0,0,0,0,0,0,0,0,0,0,0,0,0,0,0,0,0,0,0,1,0,0,0,0,0,0,0,0,0,0,0,0,0,0,0,0,0,0,0,0,0,0,0,0,0,118,0,36,0,0,0,15,0,0,0,0,0,0,0,0,0,0,0,0,0,0,0,0,0,0,0,26,0,61,0,29,0,0,0,0,0,0,0,0,0,0,0,0,0,0,0,0,0,0,0,0,0,0,0,0,0,0,0,0,0,0,0,0,0,0,0,0,0,0,0,0,1,0,0,0,53,0,0,0,290,451,211,0,0,0,0
0,0,0,0,343,0,0,0,0,0,257,0,87,0,108,5,0,0,87,4,15,0,0,0,0,0,59,0,13,0,10,0,45,0,119,0,0,0,140,0,0,0,43,0,37,0,0,0,0,0,130,0,1,0,0,0,0,0,0,0,9,0,4,0,0,0,0,0,0,0,22,0,0,0,18,0,0,0,0,0,0,0,0,0,0,0,15,0,0,0,0,0,0,0,0,0,37,0,186,0,0,0,0,0,0,0,0,0,0,0,0,0,0,0,0,0,0,0,0,0,0,0,20,0,0,0,0,0,0,0,0,0,0,0,0,0,32,0,103,0,215,0,175,0,28,0,0,0,0,0,0,0,0,0,0,0,26,0,0,0,0,0,12,0,22,0,66,0,16,0,12,0,40,0,0,0,6,0,7,0,0,0,0,0,0,0,0,0,0,0,0,0,0,0,0,0,0,0,0,0,0,0,0,0,0,0,0,0,0,0,304,181,175,38,60,0,0,0,0,0,0,0,0,0,0
0,198,0,24,0,211,0,0,0,0,3,126,0,90,0,68,0,4,0,184,0,18,0,3,0,0,0,0,0,12,0,0,0,133,0,38,0,0,0,38,0,0,0,36,0,13,0,0,0,6,0,70,0,0,0,0,0,0,0,0,0,49,0,24,0,0,0,0,0,0,0,0,0,0,0,0,0,0,0,0,0,0,0,0,0,0,0,0,0,0,0,0,0,0,0,0,0,0,0,0,0,0,0,0,0,0,0,0,0,0,0,0,0,0,0,0,0,0,0,0,0,0,0,0,0,0,0,0,0,0,0,0,0,0,0,0,0,0,0,147,0,69,0,0,0,70,0,0,0,0,0,0,0,0,0,0,0,13,0,0,0,0,0,0,0,46,0,46,0,62,0,4,0,44,0,0,0,0,0,20,0,0,1,0,0,0,0,0,0,0,0,0,0,0,0,0,0,0,0,0,0,0,0,0,0,0,0,0,0,0,0,0,0,0,39,0,0,0,127,203,169,17,0,0,0
633,0,670,0,294,0,75,2,74,0,312,0,0,0,13,11,66,0,0,0,37,0,448,23,126,11,16,0,5,0,0,0,13,0,18,0,140,0,0,0,0,0,14,0,0,0,0,0,7,0,17,0,10,0,0,0,0,0,0,0,32,0,13,0,2,0,0,0,0,0,0,0,0,0,0,0,0,0,0,0,0,0,0,0,4,0,0,0,0,0,0,0,0,0,0,0,8,0,0,0,0,0,0,0,0,0,0,0,0,0,0,0,0,0,0,0,0,0,0,0,0,0,2,0,0,0,0,0,0,0,0,0,0,0,0,0,7,0,58,0,33,0,0,0,6,0,0,0,0,0,0,0,0,0,3,0,8,0,0,0,0,0,0,0,0,0,30,0,12,0,9,0,114,0,0,0,0,0,0,0,0,0,266,0,0,0,0,0,0,0,0,0,0,0,0,0,0,0,0,0,0,0,0,0,0,0,0,0,0,0,170,461,169,92,97,0,7,0,0,0,0,0,0,0,0
0,486,0,296,0,0,0,0,0,0,0,0,0,0,0,0,0,22,0,0,0,20,0,20,0,109,0,0,0,2,0,10,0,15,0,58,0,38,0,0,0,0,0,0,0,0,0,0,0,0,0,17,0,5,0,0,0,0,0,0,0,9,2,39,0,0,0,1,0,0,0,0,0,0,0,0,0,0,0,0,0,0,0,0,0,0,0,0,0,0,0,0,0,0,0,0,0,0,1,0,0,0,0,0,0,0,0,0,0,0,0,0,0,0,0,0,0,0,0,0,0,0,0,0,0,0,0,0,0,0,0,0,0,0,0,0,0,0,0,102,0,33,0,0,0,73,0,0,0,0,0,0,0,0,0,4,0,15,0,5,0,0,0,0,0,0,0,11,0,0,0,0,0,33,0,0,0,0,0,0,0,0,0,19,0,0,0,0,0,0,0,0,0,0,0,0,0,0,0,0,0,0,0,0,0,0,0,0,0,0,0,0,0,0,45,0,0,0,41,193,44,41,0,3,0
6,0,0,0,51,0,0,0,6,0,61,0,214,36,0,0,0,0,3,7,0,0,0,0,0,0,54,329,0,0,0,0,0,0,0,0,0,0,0,0,0,104,96,0,21,60,40,276,134,10,66,0,0,0,3,0,0,0,0,0,0,0,0,0,0,0,0,0,5,0,0,0,0,0,0,0,0,0,0,0,0,0,0,0,0,0,0,0,0,0,0,0,0,0,0,0,0,0,0,0,0,0,2,0,0,0,0,0,0,0,0,0,0,0,0,0,0,0,0,0,0,0,0,0,0,0,0,0,0,0,0,0,0,0,0,0,0,0,0,0,0,0,0,0,0,0,0,0,0,0,0,0,0,0,0,0,0,0,0,0,0,0,0,0,39,0,0,0,0,0,0,0,0,0,0,0,10,12,19,0,9,0,0,0,5,0,193,0,0,0,0,0,0,0,0,0,0,0,0,0,0,0,0,0,0,0,0,0,0,0,0,211,83,0,0,0,0,29,0,13,0,0,0,0,0
0,18,0,0,0,40,0,0,0,0,0,72,76,116,0,0,0,0,106,0,0,0,0,0,0,0,258,24,0,0,0,0,0,0,0,0,0,0,0,0,104,0,24,71,111,179,134,119,5,106,27,0,0,0,0,0,0,0,0,0,0,0,0,0,0,0,0,0,0,19,0,0,0,0,0,0,0,0,0,0,0,0,0,21,0,0,0,0,0,0,0,0,0,14,0,0,0,0,0,0,0,0,0,0,0,0,0,0,0,0,0,0,0,0,0,0,0,0,0,0,0,0,0,0,0,0,0,0,0,0,0,0,0,0,0,0,0,0,0,0,0,0,0,0,0,0,0,0,0,0,0,0,0,35,0,0,0,0,0,0,0,0,0,0,0,200,0,0,0,0,0,0,0,0,0,0,0,183,0,19,0,77,0,4,0,6,52,5,0,0,0,0,0,0,0,0,0,0,0,0,0,0,0,0,0,0,0,0,0,0,0,11,0,0,0,0,0,0,0,175,25,0,0,0,13
0,0,0,0,0,0,0,0,0,0,0,0,75,7,0,0,0,0,21,0,64,0,0,0,0,0,359,111,0,0,31,0,28,0,11,0,43,0,14,0,96,24,0,0,120,25,121,85,62,0,66,0,0,0,0,0,0,0,0,0,0,0,0,0,0,0,0,0,0,0,26,0,0,0,15,0,0,0,0,0,0,0,0,0,16,0,18,0,0,0,0,0,0,0,0,0,0,0,0,0,27,0,0,0,0,0,0,0,0,0,0,0,0,0,0,0,0,0,0,0,9,0,6,0,0,0,0,0,0,0,0,0,0,0,0,0,0,0,0,0,0,0,0,0,0,0,0,0,0,0,0,0,0,0,0,0,0,0,0,0,0,0,13,0,28,0,0,0,11,0,14,0,6,0,0,0,4,0,0,0,0,0,0,0,0,0,33,0,0,0,1,0,0,0,0,0,0,0,0,0,0,0,0,0,0,0,0,0,0,0,24,240,104,8,8,0,0,59,0,0,0,0,0,0,0
0,0,0,0,0,0,0,0,0,0,0,0,0,133,0,0,1,0,0,76,15,116,0,0,0,0,0,310,0,27,0,43,0,46,0,61,0,36,0,0,0,71,0,0,0,44,0,143,0,42,0,58,0,2,0,0,0,0,0,0,0,10,0,36,0,0,0,0,0,0,0,0,0,0,0,0,0,0,0,3,0,0,0,0,0,0,0,0,0,0,0,0,0,0,0,0,0,0,0,0,0,0,0,0,0,0,0,0,0,0,0,0,0,0,0,0,0,0,0,0,0,0,0,8,0,0,0,0,0,0,0,0,0,0,0,0,0,0,0,0,0,82,0,120,0,38,0,0,0,0,0,0,0,0,0,0,0,0,0,0,0,0,0,0,0,61,0,0,0,33,0,1,0,0,0,0,0,3,0,0,0,0,0,0,0,0,0,3,0,0,0,0,0,0,0,0,0,0,0,0,0,0,0,0,0,0,0,0,0,0,0,0,0,0,0,0,0,0,67,596,190,0,0,0,6
0,0,0,0,0,0,0,0,10,0,28,0,57,6,8,0,0,0,11,3,110,0,0,0,0,0,200,114,0,0,50,0,26,0,10,0,37,0,0,0,21,111,120,0,0,48,338,259,181,37,48,0,0,0,5,0,0,0,8,0,8,0,0,0,0,0,0,0,6,0,93,0,0,0,77,0,0,0,0,0,309,0,0,0,172,0,113,0,0,0,0,0,0,0,0,0,283,0,988,0,154,0,21,0,0,0,403,0,0,0,0,0,0,0,0,0,0,0,0,0,0,0,76,0,0,0,0,0,0,0,0,0,0,0,0,0,184,0,0,0,0,0,439,0,0,0,0,0,0,0,0,0,0,0,0,0,0,0,0,0,0,0,26,0,145,0,8,0,106,0,10,0,19,0,8,0,33,19,37,0,0,0,8,0,0,0,134,0,0,0,0,0,0,0,0,0,0,0,0,0,0,0,0,0,0,0,0,0,0,0,34,153,117,18,11,0,8,83,0,24,0,0,0,0,0
0,32,0,0,0,0,0,7,0,0,0,36,0,109,0,12,0,0,0,136,0,54,0,12,0,0,73,368,0,0,0,0,0,31,0,8,0,13,0,0,60,179,25,44,48,0,0,344,0,153,0,22,0,0,0,0,0,0,0,0,0,0,0,91,0,0,0,0,0,11,0,26,0,0,0,29,0,0,0,0,0,326,0,0,0,197,0,107,0,0,0,0,0,0,0,194,0,0,0,0,0,0,0,0,0,0,0,9,0,0,0,0,0,0,0,0,0,0,0,0,0,0,0,17,0,0,0,0,0,0,0,0,0,0,0,0,0,0,0,276,0,160,0,323,0,87,0,0,0,0,0,0,0,0,0,0,0,0,0,0,0,0,0,13,0,99,0,19,0,37,0,10,0,26,0,0,0,30,0,0,0,0,0,0,0,4,13,8,0,0,0,0,0,0,0,0,0,0,0,0,0,0,0,0,0,0,0,0,0,0,0,6,0,0,3,0,0,0,28,199,89,0,0,1,147
0,0,0,0,90,0,0,0,9,0,96,3,223,24,0,0,0,0,9,0,0,6,0,0,0,0,229,217,0,0,0,0,0,0,0,0,0,0,0,0,40,134,121,0,338,0,0,272,336,25,0,0,0,0,0,0,0,0,0,0,0,0,0,0,0,0,0,0,9,0,0,0,2,0,0,0,3,0,0,0,0,0,0,0,0,0,9,0,0,0,0,0,0,0,0,0,0,0,0,0,0,0,11,0,0,0,0,0,0,0,0,0,0,0,0,0,1,0,0,0,0,0,0,0,0,0,19,0,0,0,0,0,0,0,0,0,0,0,0,0,0,0,0,0,0,0,0,0,0,0,0,0,0,0,0,0,0,0,0,0,0,0,0,0,158,0,0,0,96,0,0,0,0,0,6,0,20,21,55,0,13,0,0,0,0,0,270,0,0,0,0,0,0,0,0,0,0,0,0,0,0,0,0,0,0,0,0,0,0,0,0,284,136,0,4,0,0,57,0,25,0,0,0,0,0
0,42,0,0,0,42,0,0,0,0,0,136,132,246,0,0,0,0,159,15,0,4,0,0,0,0,444,176,0,0,0,0,0,0,0,0,0,0,0,0,276,119,85,143,259,344,272,0,32,186,57,48,0,0,0,0,0,0,0,0,0,0,0,0,0,0,0,0,0,0,0,0,0,0,0,0,0,0,0,0,0,0,0,0,0,0,0,3,0,0,0,0,0,0,0,0,0,0,0,0,0,6,0,0,0,0,0,0,0,0,0,0,0,0,0,0,0,0,0,0,0,0,0,0,0,6,0,0,0,0,0,0,0,0,0,0,0,0,0,0,0,0,0,0,0,0,0,0,0,0,0,4,0,0,0,0,0,0,0,0,0,0,0,0,0,54,0,0,0,0,0,0,0,0,0,0,0,143,0,0,0,0,0,0,0,0,91,14,0,0,0,0,0,0,0,0,0,1,0,0,0,0,0,0,0,0,0,0,0,0,0,47,0,0,0,0,0,3,0,429,0,0,0,0,87
11,0,15,0,11,0,29,0,0,0,8,0,27,0,0,0,0,0,0,2,8,0,10,0,30,0,38,11,0,0,0,0,0,0,7,0,0,0,7,0,134,5,62,0,181,0,336,32,0,4,21,0,0,0,30,0,36,0,29,0,11,0,0,0,0,0,0,0,22,0,9,0,0,0,0,0,6,0,0,0,0,0,27,0,3,0,5,0,27,0,0,0,36,0,7,0,0,0,20,0,12,0,30,0,0,0,7,0,2,0,0,0,0,0,0,0,0,0,0,0,0,0,1,0,0,0,0,0,0,0,6,0,0,0,7,0,0,0,0,0,0,0,16,0,0,0,0,0,0,0,8,0,4,0,12,0,0,0,0,0,17,0,11,0,12,0,19,0,22,0,12,0,20,0,0,0,46,1,22,0,0,0,4,0,0,0,137,0,3,0,0,0,0,0,0,0,3,0,6,0,9,0,11,0,0,0,0,0,0,0,51,166,138,17,39,16,11,6,0,2,1,1,0,0,0
0,0,0,5,0,9,0,0,0,5,0,6,0,30,0,0,0,0,0,0,0,1,0,0,0,0,0,39,0,0,0,2,0,10,0,0,0,6,0,0,10,106,0,42,37,153,25,186,4,0,0,6,0,0,0,0,0,0,0,0,0,0,0,4,0,0,0,0,0,8,0,9,0,0,0,0,0,0,0,4,0,56,0,19,0,30,0,23,0,0,0,0,0,0,0,59,0,0,0,16,0,15,0,1,0,0,0,0,0,0,0,0,0,0,0,0,0,0,0,0,0,23,0,9,0,0,0,0,0,0,0,0,0,0,0,10,0,16,0,7,0,13,0,39,0,24,0,0,0,0,0,7,0,0,0,0,0,0,0,3,0,0,0,0,0,38,0,18,0,14,0,17,0,12,0,11,0,69,0,6,0,26,0,1,0,0,21,9,0,0,0,0,0,0,0,0,0,0,0,0,0,0,0,0,0,0,0,0,0,0,0,4,0,0,6,0,0,0,24,65,31,12,0,0,6
0,0,0,0,0,0,0,0,0,0,0,0,267,0,0,0,0,0,80,0,68,8,0,0,0,0,386,104,28,0,38,0,52,0,82,0,130,0,17,0,66,27,66,0,48,0,0,57,21,0,0,0,0,0,0,0,0,0,0,0,0,0,0,0,0,0,0,0,2,0,77,0,0,0,37,0,0,0,0,0,145,0,0,0,41,0,60,0,0,0,0,0,0,0,0,0,73,0,477,0,84,0,5,0,0,0,136,0,0,0,0,0,0,0,0,0,0,0,0,0,0,0,11,0,0,0,0,0,0,0,0,0,0,0,0,0,0,0,62,0,78,0,100,0,40,0,0,0,0,0,0,0,0,0,3,0,0,0,0,0,0,0,31,0,30,0,50,0,40,0,41,0,31,0,0,0,2,0,24,0,0,0,0,0,0,0,15,0,0,0,0,0,0,0,0,0,0,0,0,0,0,0,0,0,0,0,0,0,0,0,95,281,162,50,50,0,5,23,0,0,0,0,0,0,0
0,0,0,0,0,38,0,0,0,0,0,0,0,274,0,0,0,0,11,96,0,128,0,9,0,0,0,263,0,0,0,26,0,50,0,58,0,70,0,17,0,0,0,58,0,22,0,48,0,6,0,0,0,0,0,0,0,0,0,0,0,18,0,23,0,0,0,0,0,4,0,9,0,8,0,23,0,7,0,0,0,157,0,0,0,79,0,62,0,0,0,0,0,4,0,99,0,8,0,0,0,0,0,0,0,0,0,0,0,0,0,0,0,0,0,0,0,0,0,0,0,0,0,32,0,0,0,0,0,0,0,0,0,0,0,0,0,0,0,131,0,88,0,161,0,132,0,0,0,0,0,0,0,0,0,0,0,0,0,4,0,0,0,22,0,45,0,21,0,86,0,0,0,40,0,0,0,0,0,0,0,0,0,0,0,0,0,9,0,7,0,0,0,0,0,0,0,0,0,0,0,0,0,0,0,0,0,0,0,0,0,0,0,0,26,0,0,0,142,247,138,7,0,0,0
14,0,0,0,0,0,140,35,99,122,0,0,0,0,0,0,38,0,0,0,11,0,6,0,99,16,0,0,28,0,16,0,0,0,0,0,1,0,10,0,0,0,0,0,0,0,0,0,0,0,0,0,0,11,407,73,138,22,94,53,81,0,62,16,0,0,7,43,0,0,0,0,0,0,0,0,0,0,0,0,0,0,0,0,0,0,0,0,0,0,0,0,0,0,0,0,0,0,0,0,0,0,0,0,0,0,24,0,0,0,0,0,0,0,0,0,0,0,0,0,0,0,0,0,0,0,0,0,131,0,9,0,14,0,46,0,118,0,107,0,17,0,195,0,7,0,0,0,0,0,0,0,0,0,133,3,149,0,50,0,23,1,0,0,0,0,3,0,0,0,108,0,0,0,0,0,0,3,0,0,0,0,1,0,0,0,0,0,0,0,0,0,0,0,0,0,0,0,0,0,82,0,0,0,0,0,0,0,0,0,275,266,115,165,298,0,48,0,0,0,0,2,0,0,0
0,0,0,1,0,0,0,120,16,183,0,0,0,0,0,0,0,0,0,0,0,7,0,0,0,33,0,0,0,0,0,0,0,0,0,0,0,0,0,5,0,0,0,2,0,0,0,0,0,0,0,0,11,0,28,166,11,77,72,165,0,32,4,41,5,0,14,56,0,0,0,0,0,0,0,0,0,0,0,0,0,0,0,0,0,0,0,0,0,0,0,0,0,0,0,0,0,0,0,0,0,0,0,0,0,0,0,0,0,0,0,0,0,0,0,0,0,0,0,0,0,0,0,0,0,5,0,0,0,191,0,0,0,55,0,140,0,246,0,339,0,68,0,66,0,53,0,0,0,0,0,0,0,0,2,99,1,47,0,160,0,50,0,0,0,0,0,3,0,16,0,41,0,39,0,0,8,22,0,0,0,0,0,1,0,6,0,0,0,0,0,0,0,0,0,0,0,0,0,0,0,0,0,0,0,0,0,0,0,0,0,0,0,0,446,0,0,0,308,191,145,216,6,92,0
11,12,72,0,19,0,140,86,60,270,7,0,0,0,63,0,16,0,0,0,0,0,54,0,187,57,0,0,21,1,7,0,0,0,0,0,0,0,0,0,3,0,0,0,5,0,0,0,30,0,0,0,407,28,0,126,93,0,57,47,116,0,38,31,20,0,18,29,0,0,0,0,0,0,0,0,0,0,0,0,0,0,0,0,0,0,0,0,0,0,0,0,0,0,0,0,0,0,0,0,0,0,0,0,0,0,0,0,0,0,0,0,0,0,0,0,0,0,0,0,0,0,0,0,0,0,0,0,43,0,12,0,0,0,32,0,21,0,0,0,0,0,52,0,0,0,0,0,0,0,0,0,0,0,40,0,55,0,4,0,6,0,0,0,0,0,0,0,30,0,326,0,19,0,0,0,56,14,0,0,0,0,0,0,1,0,0,0,1,0,0,0,0,0,0,0,0,0,0,0,18,0,0,0,0,0,0,0,0,0,221,70,233,322,431,4,144,0,0,0,2,0,0,0,0
2,27,0,69,0,16,0,503,109,67,0,5,0,2,0,22,0,19,0,20,0,4,0,19,0,143,0,0,0,3,0,3,0,0,0,1,0,0,0,0,0,0,0,0,0,0,0,0,0,0,0,0,73,166,126,0,22,231,210,61,0,47,24,89,0,0,63,12,0,1,0,0,0,0,0,0,0,0,0,0,0,0,0,0,0,0,0,0,0,0,0,0,0,0,0,0,0,0,0,0,0,0,0,0,0,0,0,0,0,0,0,0,0,0,0,0,0,0,0,0,0,0,0,0,0,17,0,0,0,113,0,68,0,90,0,145,0,270,0,53,0,5,0,0,0,6,0,0,0,10,0,0,0,0,0,77,1,33,0,32,0,65,0,0,0,2,0,0,0,16,0,111,0,0,0,0,22,21,0,0,0,0,0,0,18,14,0,0,0,0,0,0,0,0,0,0,0,0,0,0,0,0,0,0,0,0,0,5,0,66,1,0,0,0,343,0,0,0,244,87,262,378,0,205,0
0,0,14,0,0,0,17,0,31,0,0,0,0,0,0,0,2,0,0,0,0,0,12,0,38,1,0,0,5,0,4,0,0,0,0,0,0,0,0,0,0,0,0,0,0,0,0,0,36,0,0,0,138,11,93,22,0,17,134,73,0,0,3,0,26,0,18,94,0,0,0,0,0,0,0,0,0,0,0,0,0,0,0,0,0,0,0,0,0,0,0,0,0,0,0,0,0,0,0,0,0,0,0,0,0,0,0,0,0,0,0,0,0,0,0,0,0,0,0,0,0,0,0,0,4,0,0,0,48,0,62,0,26,0,0,0,12,0,0,0,0,0,0,0,14,0,0,0,2,0,0,0,0,0,195,16,95,2,33,0,37,8,0,0,0,0,0,0,79,0,0,0,0,0,0,0,11,0,0,0,0,0,0,0,16,0,0,0,0,0,0,0,0,0,0,0,0,0,0,0,0,0,0,0,0,0,0,0,0,0,307,131,484,528,913,25,277,7,0,1,4,1,0,0,0
0,0,0,8,0,0,0,18,11,37,0,0,0,0,0,7,0,18,0,0,0,0,0,0,0,37,0,0,1,1,0,0,0,0,0,0,0,0,0,0,0,0,0,0,0,0,0,0,0,0,0,0,22,77,0,231,17,0,128,102,0,24,0,26,22,11,40,17,0,3,0,0,0,0,0,0,0,0,0,0,0,0,0,0,0,0,0,0,0,0,0,0,0,0,0,0,0,0,0,0,0,0,0,0,0,0,0,0,0,0,0,0,0,0,0,0,0,0,0,0,0,0,0,0,0,9,0,2,0,53,0,48,0,11,0,24,0,50,0,52,0,4,0,0,0,16,0,0,0,7,0,0,0,2,12,175,2,55,5,160,9,87,0,65,0,8,0,0,0,53,0,247,0,92,0,0,4,0,0,0,0,0,0,0,8,18,0,0,0,0,0,0,0,0,0,0,0,0,0,0,0,0,0,0,0,0,0,0,0,5,0,1,0,0,745,0,0,0,225,55,454,675,8,393,0
15,0,21,0,21,0,52,0,173,143,0,0,3,0,16,0,3,0,6,0,0,0,9,0,33,0,0,0,0,0,0,0,0,0,0,0,0,0,0,0,0,0,0,0,8,0,0,0,29,0,0,0,94,72,57,210,134,128,0,244,130,0,0,17,131,18,306,161,2,0,0,0,0,0,0,0,0,0,0,0,0,0,0,0,0,0,0,0,0,0,0,0,0,0,0,0,0,0,0,0,0,0,0,0,0,0,0,0,0,0,0,0,0,0,0,0,0,0,0,0,0,0,0,0,2,0,3,0,5,0,70,0,0,0,0,0,0,0,0,0,0,0,0,0,4,0,0,0,9,0,0,0,0,0,104,46,182,0,7,0,16,5,0,0,0,0,0,0,48,0,155,0,0,0,0,1,264,9,0,0,0,0,0,0,296,14,0,0,0,0,0,0,0,0,0,0,0,0,0,0,0,0,0,0,0,0,0,0,0,0,692,303,328,0,1208,22,282,7,0,2,0,0,0,0,0
0,11,0,0,0,0,0,56,0,150,0,2,0,0,0,0,0,0,0,0,0,0,1,0,0,2,0,0,0,0,0,0,0,0,0,0,0,0,0,0,0,0,0,0,0,0,0,0,0,0,0,0,53,165,47,61,73,102,244,0,0,78,8,34,75,118,88,296,0,2,0,0,0,0,0,0,0,0,0,0,0,0,0,0,0,0,0,0,0,0,0,0,0,0,0,0,0,0,0,0,0,0,0,0,0,0,0,0,0,0,0,0,0,0,0,0,0,0,0,0,0,0,0,0,0,8,0,0,0,6,0,28,0,2,0,0,0,0,25,9,0,0,0,0,14,6,0,0,0,8,0,0,0,0,41,126,15,184,36,25,65,45,0,20,0,8,0,0,0,0,0,88,0,46,0,3,22,4,0,0,0,0,0,0,29,131,0,0,0,0,0,0,0,0,0,0,0,0,0,0,0,0,0,0,0,0,0,0,0,0,3,0,1,0,1529,0,0,0,995,268,338,717,8,313,0
111,0,0,0,0,0,264,0,175,0,0,0,0,0,0,0,17,0,0,0,0,0,0,0,154,0,0,0,7,0,0,0,15,0,0,0,9,0,32,0,0,0,0,0,8,0,0,0,11,0,0,0,81,0,116,0,0,0,130,0,0,0,63,0,0,0,0,0,1,0,0,0,0,0,3,0,0,0,0,0,0,0,0,0,0,0,0,0,0,0,0,0,0,0,0,0,0,0,0,0,0,0,0,0,0,0,0,0,0,0,0,0,0,0,0,0,0,0,0,0,0,0,0,0,0,0,0,0,0,0,0,0,0,0,0,0,0,0,206,0,131,0,17,0,127,0,0,0,0,0,0,0,0,0,5,0,90,0,0,0,8,0,7,0,0,0,1,0,17,0,189,0,54,0,0,0,1,0,0,0,0,0,21,0,0,0,0,0,0,0,0,0,0,0,0,0,0,0,0,0,0,0,0,0,0,0,0,0,0,0,149,311,131,177,178,0,42,0,0,0,0,0,0,0,0
0,162,0,19,0,0,0,185,0,220,0,0,0,1,0,0,0,0,0,0,0,6,0,0,0,37,0,0,0,1,0,5,0,11,0,8,0,49,0,9,0,0,0,10,0,0,0,0,0,0,0,18,0,32,0,47,0,24,0,78,0,0,0,11,0,0,0,0,0,0,0,0,0,0,0,0,0,0,0,0,0,0,0,0,0,0,0,2,0,0,0,0,0,0,0,0,0,0,0,0,0,0,0,0,0,0,0,0,0,0,0,0,0,0,0,0,0,0,0,0,0,0,0,0,0,0,0,0,0,6,0,0,0,4,0,6,0,0,0,62,0,42,0,20,0,97,0,0,0,0,0,0,0,0,0,1,0,67,0,0,0,0,0,7,0,0,0,8,0,17,0,125,0,144,0,0,0,41,0,0,0,0,0,18,0,0,0,0,0,0,0,0,0,0,0,0,0,0,0,0,0,0,0,0,0,0,0,0,0,0,1,0,0,0,115,0,0,0,75,520,172,208,0,58,0
72,52,102,6,0,0,319,93,114,191,0,0,0,0,6,0,221,10,38,0,59,0,55,0,343,144,31,0,40,0,32,0,15,0,0,0,4,0,13,2,0,0,0,0,0,0,0,0,0,0,0,0,62,4,38,24,3,0,0,8,63,0,0,25,0,0,0,0,0,0,0,0,0,0,0,0,0,0,0,0,0,0,0,0,0,0,0,0,1,0,0,0,0,0,0,0,0,0,0,0,0,0,0,0,0,0,0,0,0,0,0,0,0,0,0,0,0,0,0,0,0,0,0,0,0,0,0,0,16,0,0,0,0,0,9,0,21,0,50,0,0,0,34,0,10,0,0,0,0,0,0,0,0,0,11,0,64,0,0,0,1,0,0,0,0,0,4,0,0,0,36,0,4,0,0,0,12,11,0,0,0,0,2,0,0,0,0,0,0,0,0,0,0,0,0,0,0,0,0,0,10,0,0,0,0,0,0,0,0,0,99,169,20,63,83,0,9,0,0,2,0,0,0,0,0
13,143,0,73,0,0,40,815,33,367,0,0,0,0,0,41,3,89,0,80,1,100,0,123,0,250,0,112,0,131,0,63,0,43,0,23,0,24,0,39,0,0,0,36,0,91,0,0,0,4,0,23,16,41,31,89,0,26,17,34,0,11,25,0,0,0,1,7,0,0,0,0,0,0,0,0,0,0,0,0,0,27,0,0,0,19,0,0,0,0,0,0,0,0,0,19,0,0,0,11,0,0,0,0,0,0,0,0,0,0,0,0,0,0,0,0,0,0,0,0,0,0,0,0,0,0,2,0,0,45,0,0,0,0,0,126,0,146,0,100,0,24,0,44,0,16,0,0,0,0,0,0,0,0,0,4,0,5,0,28,0,11,0,0,0,5,0,0,0,6,0,20,0,46,0,0,0,65,0,0,0,0,0,8,0,0,0,0,0,0,0,0,0,0,0,0,0,0,0,0,0,0,0,0,0,0,0,0,0,0,0,0,1,0,238,0,0,0,289,495,70,123,0,0,0
0,0,0,0,0,0,1,0,134,0,5,0,0,0,0,0,0,0,0,0,0,0,2,0,0,0,0,0,0,0,0,0,0,0,0,0,0,0,2,0,0,0,0,0,0,0,0,0,0,0,0,0,0,5,20,0,26,22,131,75,0,0,0,0,0,61,103,57,0,0,2,0,2,0,0,0,0,0,0,0,3,0,0,0,0,0,0,0,0,0,0,0,0,0,0,0,0,0,0,0,0,0,0,0,0,0,0,0,0,0,0,0,0,0,0,0,0,0,0,0,0,0,0,0,10,0,11,0,0,0,32,0,0,0,2,0,0,0,0,10,0,0,0,0,42,0,13,0,44,0,10,0,3,0,0,39,25,0,0,56,383,69,0,0,0,0,0,0,0,0,0,0,0,0,8,3,28,0,0,0,40,8,7,0,229,4,0,0,0,0,0,0,0,0,0,0,0,0,0,0,0,0,0,0,0,0,0,0,2,0,68,31,0,0,82,0,0,0,0,0,0,0,0,0,0
0,30,0,10,0,22,0,13,0,175,0,7,0,14,0,11,0,0,0,31,0,0,0,0,0,0,1,8,0,0,0,0,0,0,0,0,0,0,0,0,0,0,0,0,0,0,0,0,0,0,0,0,0,0,0,0,0,11,18,118,0,0,0,0,61,0,0,347,0,0,0,21,12,0,0,26,0,0,0,0,0,0,0,0,2,0,3,23,0,0,0,0,0,0,0,0,0,0,0,0,0,0,0,0,0,0,0,0,0,0,0,0,0,0,0,0,0,0,0,0,5,0,0,6,51,44,0,0,80,0,166,37,15,0,0,0,0,0,163,87,52,74,0,0,0,119,0,0,138,183,0,0,0,11,21,17,0,0,0,38,179,335,0,0,0,0,0,0,0,0,0,0,0,0,0,54,0,2,0,0,43,184,0,2,13,95,0,0,0,0,0,0,0,0,0,0,0,0,0,0,0,0,0,0,0,0,0,9,0,8,4,0,0,0,281,0,0,0,206,31,0,0,1,0,0
3,0,0,0,0,0,2,0,63,24,1,0,0,0,0,0,0,0,0,0,0,0,0,0,0,0,0,0,0,0,0,0,0,0,0,0,0,0,0,0,0,0,0,0,0,0,0,0,0,0,0,0,7,14,18,63,18,40,306,88,0,0,0,1,103,0,0,43,0,0,0,0,0,0,0,0,0,0,0,0,0,0,0,0,0,0,0,0,0,0,0,0,0,0,0,0,0,0,0,0,0,0,0,0,0,0,0,0,0,0,0,0,0,0,0,0,0,0,0,0,0,0,0,0,2,0,0,0,0,0,29,0,0,0,0,0,0,0,0,0,0,0,0,0,8,0,0,0,13,0,0,0,1,0,8,12,28,0,0,0,82,0,0,0,0,0,0,0,0,0,0,0,0,0,0,1,143,0,0,0,0,0,0,0,406,0,0,0,0,0,0,0,0,0,0,0,0,0,0,0,0,0,0,0,0,0,0,0,0,0,43,25,0,0,89,0,0,0,0,0,0,0,0,0,0
0,5,0,0,0,3,0,0,0,126,0,2,0,0,0,0,0,0,0,0,0,0,0,0,0,0,0,0,0,0,0,0,0,0,0,0,0,0,0,1,0,0,0,0,0,0,0,0,0,0,0,0,43,56,29,12,94,17,161,296,0,0,0,7,57,347,43,0,0,0,0,0,0,0,0,0,0,0,0,0,0,0,0,0,0,0,0,0,0,0,0,0,0,0,0,0,0,0,0,0,0,0,0,0,0,0,0,0,0,0,0,0,0,0,0,0,0,0,0,0,0,0,0,0,0,17,0,2,0,6,0,23,0,0,0,0,0,0,20,0,0,0,0,0,0,12,0,0,0,39,0,3,0,0,28,48,0,36,30,15,82,84,0,0,0,0,0,0,0,0,0,0,0,0,0,18,24,6,0,0,0,0,0,1,22,477,0,0,0,0,0,0,0,0,0,0,0,0,0,0,0,0,0,0,0,0,0,0,0,2,0,0,0,0,228,0,0,0,249,127,31,0,4,0,0
0,0,0,0,0,0,1,0,1,0,0,0,0,0,0,0,0,0,0,0,0,0,0,0,0,0,2,0,0,0,0,0,0,0,0,0,0,0,0,0,5,0,0,0,6,0,9,0,22,0,2,0,0,0,0,0,0,0,2,0,1,0,0,0,0,0,0,0,0,0,0,0,4,0,0,0,40,0,11,0,0,0,27,0,0,0,7,0,0,0,0,0,147,0,0,0,0,0,0,0,6,0,203,0,0,0,0,0,52,0,50,0,6,0,8,0,1,0,1,0,0,0,0,0,0,0,0,0,0,0,0,0,0,0,4,0,0,0,0,0,0,0,0,0,2,0,0,0,0,0,0,0,0,0,0,0,3,0,0,0,0,0,4,0,13,0,0,0,163,0,6,0,0,0,0,0,0,0,0,0,0,0,0,0,0,0,0,0,23,0,0,0,18,0,0,0,0,0,0,0,0,0,0,0,0,0,0,0,0,0,58,11,108,1,15,63,79,8,0,0,0,0,0,0,0
0,0,0,0,0,0,0,1,0,0,0,0,0,0,0,0,0,0,0,0,0,0,0,0,0,0,0,0,0,0,0,0,0,0,0,0,0,0,0,0,0,19,0,0,0,11,0,0,0,8,0,4,0,0,0,1,0,3,0,2,0,0,0,0,0,0,0,0,0,0,0,0,0,3,0,0,0,24,0,0,0,0,0,126,0,0,0,0,0,61,0,0,0,81,0,19,0,0,0,0,0,0,0,159,0,0,0,0,0,45,0,4,0,7,0,1,0,7,0,2,0,0,0,0,0,0,0,0,0,0,0,0,0,0,0,0,0,3,0,0,0,0,0,0,0,0,0,0,0,0,0,0,0,0,0,0,0,2,0,0,0,0,0,0,0,40,0,0,0,26,0,0,0,0,0,0,0,0,0,0,0,0,0,0,0,0,0,6,0,0,0,0,0,0,0,16,0,2,0,0,0,0,0,0,0,0,0,0,0,0,0,1,0,0,0,0,0,0,17,14,75,0,12,69,2
0,0,0,0,0,0,0,0,0,0,0,0,0,0,0,0,0,0,18,0,0,0,0,0,0,0,0,0,0,0,0,0,0,0,0,0,22,0,0,0,0,0,26,0,93,0,0,0,9,0,77,0,0,0,0,0,0,0,0,0,0,0,0,0,2,0,0,0,0,0,0,0,222,0,306,0,0,0,115,0,43,0,0,0,6,0,87,0,0,0,0,0,0,0,8,0,1,0,0,0,0,0,0,0,0,0,0,0,0,0,0,0,0,0,0,0,0,0,0,0,32,0,12,0,0,0,0,0,14,0,29,0,0,0,4,0,18,2,18,0,47,6,10,0,37,0,0,0,12,0,12,0,25,0,0,0,0,0,0,0,8,0,92,0,0,0,51,0,29,0,20,0,24,0,9,0,0,0,0,0,31,0,0,0,0,0,0,0,0,0,0,0,1,0,0,0,0,0,0,0,0,0,0,0,0,0,0,0,0,0,8,5,54,0,0,0,0,0,0,0,0,0,0,0,0
0,0,0,0,0,0,0,0,0,0,0,0,0,0,0,0,0,0,0,13,0,0,0,0,0,0,0,0,0,0,0,0,0,0,0,0,0,0,0,0,0,0,0,0,0,26,0,0,0,9,0,9,0,0,0,0,0,0,0,0,0,0,0,0,0,21,0,0,0,0,0,0,0,116,0,197,0,6,0,14,0,0,0,0,0,5,0,48,0,0,0,0,0,0,0,2,0,0,0,0,0,0,0,0,0,0,0,0,0,0,0,0,0,0,0,0,0,0,0,0,0,7,0,15,0,42,0,0,0,14,0,23,0,0,0,0,0,0,0,19,0,39,0,12,0,60,0,0,0,0,0,0,0,12,0,0,0,0,0,0,0,0,0,41,0,0,0,0,0,2,0,15,0,17,0,0,0,0,0,0,0,0,0,0,0,2,0,0,0,0,0,0,0,0,0,0,0,0,0,0,0,0,0,0,0,0,0,0,0,0,0,0,0,0,7,0,0,0,42,11,12,0,0,2,0
0,0,0,0,0,0,0,0,0,0,0,0,0,0,0,0,0,0,0,0,0,0,0,0,0,0,0,0,0,0,0,0,0,0,0,0,0,0,0,0,0,0,0,0,0,0,2,0,0,0,0,0,0,0,0,0,0,0,0,0,0,0,0,0,2,12,0,0,4,0,222,0,0,0,313,0,49,0,139,0,0,0,58,0,157,0,32,0,0,0,0,0,11,0,0,0,16,0,4,0,0,0,0,0,0,0,5,0,0,0,0,0,0,0,0,0,0,0,0,0,73,0,78,0,0,0,7,0,21,0,33,0,23,0,0,0,68,3,27,0,64,0,98,0,51,0,0,0,12,0,0,0,22,0,0,0,4,0,1,0,0,0,47,0,1,0,0,0,13,0,6,0,0,0,0,0,0,0,0,0,36,0,0,0,0,0,0,0,0,0,0,0,0,0,0,0,0,0,0,0,60,0,0,0,0,0,0,0,0,0,143,0,23,0,16,0,0,0,0,0,0,0,0,0,0
0,0,0,0,0,0,0,0,0,0,0,0,0,0,0,0,0,0,0,0,0,0,0,0,0,0,0,0,0,0,0,0,0,0,0,0,0,0,0,0,0,0,0,0,0,0,0,0,0,0,0,8,0,0,0,0,0,0,0,0,0,0,0,0,0,0,0,0,0,3,0,116,0,0,0,456,0,113,0,23,0,6,0,28,0,29,0,98,0,0,0,0,0,12,0,0,0,3,0,0,0,0,0,7,0,0,0,0,0,0,0,0,0,0,0,0,0,0,0,0,0,23,0,34,0,0,0,0,0,0,2,0,0,0,0,134,0,52,0,0,0,23,0,32,0,54,0,0,0,0,0,0,0,0,0,0,0,0,0,0,0,0,0,55,0,0,0,0,0,2,0,13,0,8,0,0,0,0,0,0,0,0,0,0,0,0,0,0,0,40,0,0,0,0,0,7,0,0,0,0,0,0,0,100,0,0,0,0,0,0,0,0,0,0,21,0,0,0,81,0,13,9,1,0,0
0,0,0,0,12,0,0,0,0,0,14,0,0,0,0,0,9,0,33,0,0,0,0,0,0,0,57,0,0,0,0,0,7,0,0,0,18,0,0,0,0,0,15,0,77,0,0,0,0,0,37,0,0,0,0,0,0,0,0,0,3,0,0,0,0,0,0,0,0,0,306,0,313,0,0,0,15,0,341,0,23,0,21,0,58,0,31,0,0,0,1,0,0,0,0,1,3,0,24,0,4,0,0,0,0,0,0,0,0,0,0,0,0,0,0,0,0,0,0,0,116,0,41,0,0,0,6,0,19,0,31,22,16,0,0,0,79,0,11,0,64,20,87,0,50,0,16,0,38,11,60,0,55,0,1,0,9,0,0,0,10,0,77,0,0,0,26,0,29,0,9,0,10,0,23,0,0,0,0,0,86,12,0,0,9,0,0,0,0,0,0,0,0,0,0,0,0,0,0,0,15,0,0,0,0,0,0,0,49,0,36,0,31,13,2,0,8,0,0,0,0,0,0,0,0
0,0,0,0,0,0,0,0,0,0,0,0,0,0,0,0,0,0,0,0,0,0,0,0,0,0,0,18,0,0,0,0,0,0,0,0,0,0,0,0,0,0,0,0,0,29,0,0,0,0,0,23,0,0,0,0,0,0,0,0,0,0,0,0,0,26,0,0,0,0,0,197,0,456,0,0,0,19,0,202,0,21,0,8,0,37,0,115,0,0,0,0,0,0,0,10,0,0,0,0,0,0,0,0,1,0,1,0,0,0,0,0,0,0,0,0,0,0,0,0,0,130,0,35,0,66,0,0,0,25,9,22,0,25,2,116,13,55,0,42,11,54,0,55,0,125,0,0,0,87,0,37,0,0,0,0,0,0,0,0,0,0,0,52,0,0,0,10,0,11,0,20,0,22,0,0,0,0,0,0,2,28,0,0,0,2,0,0,0,0,0,0,0,0,0,0,0,0,0,49,0,0,0,41,0,0,0,0,0,38,0,0,0,0,35,0,0,0,113,20,0,0,3,3,0
0,0,0,0,0,0,0,0,0,0,0,0,0,0,0,0,0,0,0,0,0,0,0,0,0,0,5,0,0,0,0,0,0,0,0,0,0,0,0,0,0,0,0,0,0,0,3,0,6,0,0,0,0,0,0,0,0,0,0,0,0,0,0,0,0,0,0,0,40,0,0,0,49,0,15,0,0,0,29,0,11,0,33,0,25,0,18,0,13,0,14,0,75,0,16,0,0,0,30,0,18,0,99,0,46,0,41,0,12,0,8,0,0,0,4,0,11,0,0,0,0,0,0,0,0,0,0,0,0,0,0,0,0,0,0,0,0,0,0,0,0,0,0,0,0,0,0,0,0,0,0,0,0,0,0,0,0,0,0,0,0,0,2,0,10,0,0,0,68,0,4,0,0,0,0,0,0,0,0,0,0,0,0,0,0,0,0,0,0,0,0,0,0,0,53,0,9,0,0,0,0,0,0,0,0,0,0,0,0,0,42,9,44,0,21,15,18,5,0,0,0,0,0,0,0
0,0,0,0,0,0,0,0,0,0,0,0,0,0,0,0,0,0,0,0,0,0,0,0,0,0,0,0,0,0,0,0,0,0,0,0,0,0,0,0,0,0,0,0,0,0,0,0,0,0,0,7,0,0,0,0,0,0,0,0,0,0,0,0,0,0,0,0,0,24,0,6,0,113,0,19,0,0,0,15,0,44,0,112,0,0,0,59,0,37,0,0,0,46,0,70,0,0,0,0,0,3,0,59,0,32,0,0,0,8,0,0,0,25,0,2,0,11,0,0,0,10,0,2,0,0,2,0,0,0,0,0,0,15,0,0,0,0,0,2,0,0,0,0,0,0,0,0,0,0,0,0,0,6,0,0,0,0,0,0,0,0,0,0,0,16,0,0,0,87,0,0,0,2,0,0,0,0,0,0,0,0,0,0,0,0,0,0,0,0,0,0,0,0,0,64,0,0,0,0,0,0,0,0,0,0,0,0,0,0,0,0,0,0,21,0,0,0,169,0,121,0,37,7,0
0,0,0,0,0,0,0,0,0,0,0,0,0,0,0,0,0,0,0,0,0,0,0,0,0,0,0,0,0,0,0,0,0,0,0,0,0,0,0,0,0,0,0,0,0,0,0,0,0,0,0,0,0,0,0,0,0,0,0,0,0,0,0,0,0,0,0,0,11,0,115,0,139,0,341,0,29,0,0,0,69,0,79,0,125,0,79,0,12,0,14,0,45,0,15,0,54,0,48,0,11,0,20,0,0,0,34,0,0,0,0,0,0,0,0,0,4,0,0,0,78,0,36,0,0,0,0,0,0,0,0,0,7,0,0,0,0,0,0,0,23,0,0,0,12,0,0,0,0,0,0,0,10,0,0,0,0,0,0,0,0,0,14,0,0,0,0,0,14,0,0,0,0,0,0,0,0,0,0,0,0,0,0,0,0,0,0,0,0,2,0,0,0,0,23,0,0,0,0,0,71,0,0,0,48,0,0,0,0,0,79,3,26,0,23,5,4,0,0,0,0,0,0,0,0
0,0,0,0,0,0,0,0,0,0,0,0,0,0,0,0,0,0,0,0,0,0,0,0,0,0,0,0,0,0,0,0,0,0,0,0,0,0,0,0,0,0,0,3,0,0,0,0,0,4,0,0,0,0,0,0,0,0,0,0,0,0,0,0,0,0,0,0,0,0,0,14,0,23,0,202,0,15,0,0,0,6,0,0,0,17,0,33,0,0,0,0,0,0,0,0,0,0,0,3,0,0,0,0,0,0,0,0,0,0,0,0,0,0,0,0,0,0,0,0,0,13,0,12,0,0,0,0,0,0,0,0,0,0,0,45,0,0,0,4,0,28,0,45,0,28,0,0,0,0,0,0,0,6,0,0,0,0,0,0,0,0,0,7,0,0,0,0,0,6,0,1,0,0,0,0,0,0,0,0,0,0,0,0,0,0,0,0,0,0,0,0,0,0,0,0,0,6,0,0,0,0,0,0,0,0,0,0,0,0,0,0,0,0,0,0,0,0,46,0,0,0,0,0,0
