0,144,61,119,71,0,62,0,133,0,89,55,46,0,10,132,13,126,15,0,6,0,3,425,8,234,0,0,78,0,0,0,0,0,3,0,40,0,632,0,0,0,0,0,0,0,0,0,8,0,2,0,18,0,16,3,5,1,13,0,106,0,68,13,0,0,4,0,0,0,0,0,0,0,0,0,0,0,0,0,0,0,0,0,0,0,0,0,0,0,0,0,0,0,0,0,0,0,0,0,0,0,0,0,0,0,0,0,0,0,0,0,0,0,0,0,0,0,0,0,0,0,0,0,0,0,0,0,0,0,12,0,0,0,0,0,0,0,0,0,0,0,0,0,0,0,0,0,4,0,0,0,8,1,0,0,0,0,0,0,10,0,0,0,0,0,0,0,15,0,44,0,188,0,0,0,530,125,2,0,0,0,47,0,10,0,0,0,0,0,0,0,0,0,0,0,0,0,0,0,0,0,0,0,0,0,0,0,0,0,540,239,83,0,125,0,0,0,0,6,0,0,0,0,0
144,0,193,84,0,241,124,39,86,60,0,191,0,146,0,43,65,26,0,111,44,0,0,46,87,15,0,154,25,233,0,0,0,361,0,0,0,221,0,543,0,21,0,0,0,22,0,51,0,6,0,0,0,0,16,26,0,0,0,16,0,180,58,161,0,32,0,6,0,0,0,0,0,0,0,0,0,1,0,0,0,0,0,0,0,0,0,0,0,0,0,0,0,0,0,0,0,0,0,0,0,0,0,0,0,0,0,0,0,0,0,0,0,0,0,0,0,0,0,2,0,0,0,0,0,0,0,0,0,0,0,22,0,0,0,0,0,9,0,0,0,0,0,0,0,0,0,10,0,45,0,0,0,39,0,0,0,0,0,0,0,0,0,0,0,11,0,0,0,8,0,20,0,119,0,0,51,540,0,0,0,15,0,20,0,37,0,1,0,0,0,0,0,0,0,0,0,0,0,0,0,0,0,0,0,0,0,0,0,41,0,0,0,0,442,0,0,0,1173,283,162,0,6,0,2
61,193,0,0,171,0,53,0,32,0,48,0,22,0,174,87,22,77,47,0,60,0,44,212,36,192,0,0,142,0,125,0,217,0,0,0,0,0,659,0,0,0,0,0,0,0,0,0,24,0,0,0,14,0,77,0,14,0,24,0,0,0,94,0,0,0,0,0,0,0,0,0,0,0,0,0,0,0,0,0,0,0,0,0,0,0,0,0,0,0,0,0,0,0,0,0,0,0,0,0,5,0,0,0,0,0,0,0,0,0,0,0,0,0,0,0,0,0,0,0,0,0,0,0,0,0,47,0,0,0,0,0,0,0,149,0,30,0,0,0,0,0,0,0,0,0,10,0,6,0,30,0,9,0,0,0,1,0,0,0,12,0,0,0,0,0,0,0,0,0,0,0,253,0,0,0,105,66,0,0,0,0,0,0,5,0,0,0,0,0,0,0,0,0,0,0,0,0,0,0,0,0,0,0,0,0,0,0,64,0,1080,157,300,202,442,0,12,0,3,0,0,1,0,0,0
119,84,0,0,0,77,0,155,0,20,0,20,0,0,0,108,0,24,0,147,26,47,0,121,15,37,0,19,0,237,0,68,0,194,0,0,0,33,0,317,0,0,0,0,0,0,0,0,0,6,0,0,0,1,0,66,0,0,0,5,0,23,5,73,0,11,0,0,0,0,0,0,0,0,0,0,0,0,0,0,0,0,0,0,0,0,0,0,0,0,0,0,0,0,0,0,0,0,0,0,0,0,0,0,0,0,0,0,0,0,0,0,0,0,0,0,0,0,0,0,0,0,0,0,0,22,0,28,0,0,0,33,0,38,0,349,0,279,0,15,0,0,0,0,0,0,0,20,0,50,0,0,0,30,0,9,0,0,0,0,0,8,0,0,0,0,0,0,0,6,0,0,0,48,0,0,23,121,0,0,0,0,0,0,0,10,0,0,0,0,0,0,0,0,0,0,0,6,0,0,1,0,0,0,0,0,0,130,0,297,0,3,0,0,358,0,0,0,578,61,247,160,0,1,1
71,0,171,0,0,321,9,0,36,0,157,121,452,136,187,255,32,0,280,343,224,157,8,92,9,0,296,0,0,0,186,0,281,0,419,0,357,0,297,0,49,0,0,0,0,0,95,0,12,1,0,0,0,0,24,0,0,0,20,0,0,0,0,0,0,0,0,0,0,0,0,0,0,0,13,0,0,0,0,0,0,0,0,0,0,0,0,0,0,0,0,0,0,0,0,0,0,0,0,0,0,0,0,0,0,0,0,0,0,0,0,0,0,0,0,0,0,0,0,0,0,0,0,0,0,0,0,0,0,0,30,0,0,0,71,0,0,0,0,0,0,0,0,1,0,0,25,0,31,0,91,0,0,0,0,0,0,0,0,0,0,0,0,0,0,0,141,0,0,0,0,0,0,0,0,0,346,71,114,0,49,0,42,0,54,0,6,0,0,0,0,0,0,0,0,0,0,0,0,0,0,0,0,0,0,0,0,0,48,0,940,423,279,0,180,0,0,0,2,5,0,0,0,0,0
0,241,0,77,321,0,0,57,0,30,159,205,79,228,438,111,0,0,123,369,261,290,130,72,0,10,0,318,0,36,32,0,0,484,0,165,0,257,0,0,0,35,0,0,0,0,0,39,0,8,0,0,0,0,0,18,0,0,0,0,0,0,0,5,0,21,0,4,0,0,0,0,0,0,0,0,0,0,0,0,0,0,0,0,0,0,0,0,0,0,0,0,0,0,0,0,0,0,0,0,0,0,0,0,0,0,0,0,0,0,0,0,0,0,0,0,0,0,0,0,0,0,0,0,0,0,0,0,0,0,0,0,0,0,0,0,0,56,0,13,0,0,0,0,0,3,0,0,0,43,0,0,0,36,0,3,0,0,0,0,0,0,0,0,0,10,0,0,0,0,0,0,0,0,0,0,102,520,0,25,0,0,0,9,0,24,0,2,0,0,0,0,0,0,0,0,0,0,0,0,0,0,0,1,0,0,0,70,0,121,0,0,0,0,167,0,0,0,788,550,417,0,0,0,3
62,124,53,0,9,0,0,138,41,222,8,0,0,0,11,0,0,37,0,0,0,0,14,0,11,272,0,0,0,0,0,0,0,0,0,0,0,0,75,5,0,0,0,0,0,0,0,0,0,0,0,0,127,0,154,0,12,0,81,0,246,0,300,45,1,0,2,0,1,0,0,0,0,0,0,0,0,0,0,0,0,0,0,0,0,0,0,0,0,0,0,0,0,0,0,0,0,0,0,0,0,0,0,0,0,0,0,0,0,0,0,0,0,0,0,0,0,0,0,0,0,0,0,0,0,0,53,0,6,0,58,0,12,0,55,0,0,0,4,0,0,0,0,0,0,0,0,0,5,0,0,0,0,0,0,0,6,0,0,0,19,0,0,0,0,0,0,0,34,0,285,0,115,0,0,0,171,48,0,0,0,0,0,0,0,0,0,0,0,0,0,0,0,0,0,0,0,0,0,0,0,0,0,0,0,0,0,0,38,0,584,113,226,458,542,0,0,0,0,3,0,0,0,0,0
0,39,0,155,0,57,138,0,226,39,0,4,0,0,0,62,0,35,0,6,0,0,0,29,0,94,0,0,0,108,0,0,0,0,0,0,0,0,5,0,0,0,0,0,0,8,0,0,0,7,0,0,25,122,105,476,0,18,0,60,0,171,85,809,0,16,0,0,0,2,0,0,0,0,0,0,0,0,0,0,0,0,0,0,0,0,0,0,0,0,0,0,0,0,0,0,0,0,0,0,0,0,1,0,0,0,0,0,0,0,0,0,0,0,0,0,0,0,0,0,0,0,0,0,0,55,0,21,0,21,0,66,0,16,0,36,0,28,0,27,0,0,0,0,0,0,0,5,0,64,0,13,0,2,0,10,0,0,0,6,0,15,0,0,0,13,0,6,0,45,0,54,0,218,0,0,30,148,0,0,0,0,0,0,0,0,0,0,0,0,0,0,0,0,0,0,0,0,0,0,0,0,0,0,0,0,0,48,0,96,0,0,0,0,804,0,0,0,857,65,313,563,0,78,0
133,86,32,0,36,0,41,226,0,180,32,0,37,0,17,0,7,22,24,0,0,0,0,0,0,250,0,0,0,0,0,0,0,0,0,0,0,0,73,0,3,0,0,0,8,0,11,0,0,0,0,0,103,16,58,117,27,10,183,31,181,0,108,33,133,0,73,0,1,0,0,0,0,0,0,0,0,0,0,0,0,0,0,0,0,0,0,0,0,0,0,0,0,0,0,0,0,0,0,0,0,0,0,0,0,0,0,0,0,0,0,0,0,0,0,0,0,0,0,0,0,0,0,0,22,0,86,0,0,0,111,0,0,0,29,0,0,0,0,0,0,0,5,0,0,0,43,0,95,0,82,0,39,0,0,0,0,0,0,0,63,0,0,0,0,0,0,0,0,0,97,0,27,0,2,0,532,79,7,0,0,0,30,0,76,7,0,0,0,0,0,0,0,0,0,0,0,0,0,0,0,0,0,0,0,0,0,0,30,0,253,54,51,0,150,0,0,1,0,0,0,0,0,0,0
0,60,0,20,0,30,222,39,180,0,0,28,0,0,0,10,0,0,0,22,0,2,0,0,97,8,0,9,0,0,0,0,0,0,0,2,0,0,0,0,0,0,0,0,0,0,0,0,0,5,0,0,118,183,285,60,0,42,135,150,0,236,150,350,0,171,0,112,0,0,0,0,0,0,0,0,0,0,0,0,0,0,0,0,0,0,0,1,0,0,0,0,0,0,0,0,0,0,0,0,0,0,0,0,0,0,0,0,0,0,0,0,0,0,0,0,0,0,0,0,0,0,0,0,0,45,0,16,0,43,0,51,0,5,0,16,0,12,0,14,0,0,0,0,0,0,0,25,0,111,0,0,0,40,0,4,0,23,0,2,0,37,0,5,0,0,0,0,0,17,0,22,0,84,0,0,79,628,0,0,0,0,0,20,0,178,0,0,0,0,0,0,0,0,0,0,0,0,0,0,0,0,0,0,0,0,0,39,0,56,0,0,0,0,343,0,0,0,589,165,96,257,0,25,0
89,0,48,0,157,159,8,0,32,0,0,0,419,0,26,220,0,0,74,89,42,0,0,64,0,0,101,0,0,0,83,0,169,0,63,0,273,0,291,0,60,0,0,0,26,0,92,0,9,0,0,0,0,0,5,0,0,0,0,0,0,0,0,0,6,0,0,0,0,0,0,0,0,0,10,0,0,0,0,0,0,0,0,0,0,0,0,0,0,0,0,0,0,0,0,0,0,0,0,0,0,0,0,0,0,0,0,0,0,0,0,0,0,0,0,0,0,0,0,0,0,0,0,0,0,0,15,0,0,0,11,0,0,0,13,0,3,0,0,0,0,0,0,0,6,0,7,0,0,0,0,0,17,0,0,0,0,0,0,0,5,0,0,0,0,0,155,0,25,0,0,0,164,0,0,0,327,54,113,0,17,0,59,0,20,0,12,0,0,0,0,0,0,0,0,0,1,0,5,0,0,0,0,0,0,0,0,0,0,0,359,283,129,0,0,0,0,0,0,0,0,0,0,0,0
55,191,0,20,121,205,0,4,0,28,0,0,0,382,180,15,16,0,32,30,131,78,84,13,0,0,0,142,0,20,0,73,0,336,0,20,0,116,0,0,0,75,0,0,0,37,2,117,0,8,0,0,0,0,0,5,0,0,0,0,0,0,0,0,0,7,0,2,0,0,0,0,0,0,0,0,0,0,0,0,0,0,0,0,0,0,0,0,0,0,0,0,0,0,0,0,0,0,0,0,0,0,0,0,0,0,0,0,0,0,0,0,0,0,0,0,0,0,0,0,0,0,0,0,0,0,0,0,0,0,0,0,0,0,0,0,0,0,0,0,0,0,0,0,0,0,0,0,0,10,0,0,0,51,0,0,0,0,0,0,0,0,0,1,0,0,0,0,0,0,0,0,0,23,0,34,65,433,0,25,0,72,3,24,0,74,0,2,0,0,0,0,0,0,0,0,0,0,0,0,0,0,0,0,0,0,0,0,0,0,1,0,0,0,0,0,0,0,184,172,53,0,0,0,0
46,0,22,0,452,79,0,0,37,0,419,0,0,408,42,0,0,0,154,433,54,223,0,0,0,0,268,716,0,0,11,0,0,0,329,0,69,0,0,0,214,63,55,0,53,0,229,131,33,0,257,0,0,0,0,0,0,0,0,0,0,0,0,0,0,0,0,0,0,0,0,0,0,0,0,0,0,0,0,0,0,0,0,0,0,0,0,0,0,0,0,0,0,0,0,0,0,0,0,0,0,0,0,0,0,0,0,0,0,0,0,0,0,0,0,0,0,0,0,0,0,0,0,0,0,0,0,0,0,0,0,0,0,0,41,0,0,0,0,0,0,0,0,0,0,0,18,0,0,0,0,0,0,0,0,0,0,0,0,0,0,0,1,0,28,0,71,0,23,0,0,0,0,0,0,0,394,40,227,0,37,0,24,0,0,0,311,0,0,0,0,0,0,0,0,0,0,0,0,0,0,0,0,0,0,0,0,0,0,0,0,263,41,5,0,0,0,0,0,22,0,0,0,0,0
0,146,0,0,136,228,0,0,0,0,0,382,408,0,117,0,0,0,697,111,217,93,0,0,0,0,268,211,0,0,0,0,0,0,0,120,0,97,0,0,37,161,8,126,0,100,24,249,0,41,0,275,0,0,0,0,0,0,0,0,0,1,0,0,0,15,0,0,0,0,0,0,0,0,0,0,0,0,0,0,0,0,0,0,0,0,0,0,0,0,0,0,0,0,0,0,0,0,0,0,0,0,0,0,0,0,0,0,0,0,0,0,0,0,0,0,0,0,0,0,0,0,0,0,0,0,0,0,0,0,0,0,0,0,0,0,0,0,0,0,0,0,0,0,0,0,0,0,0,0,0,53,0,59,0,0,0,0,0,0,0,0,0,0,0,0,0,0,0,0,0,0,0,0,0,0,129,422,0,23,0,93,0,7,0,27,30,17,0,0,0,2,0,0,0,0,0,0,0,0,0,0,0,3,0,0,0,0,0,0,0,2,0,0,13,0,0,0,119,285,137,0,0,0,0
10,0,174,0,187,438,11,0,17,0,26,180,42,117,0,348,76,0,232,329,278,166,163,48,13,2,137,0,0,0,270,28,87,0,201,0,98,0,15,0,0,0,0,0,0,0,0,0,3,0,0,0,0,0,53,0,0,0,11,0,0,0,8,0,0,0,0,0,0,0,0,0,0,0,0,0,0,0,0,0,0,0,0,0,28,0,0,0,0,0,0,0,0,0,0,0,26,0,0,0,0,0,0,0,0,0,0,0,0,0,0,0,0,0,0,0,0,0,0,0,0,0,0,0,0,0,60,0,0,0,26,0,0,0,719,0,80,0,0,0,0,0,302,1,0,0,88,0,19,0,169,0,50,0,0,0,0,0,0,0,6,0,0,0,0,0,54,0,0,0,0,0,26,0,0,0,156,49,4,0,0,0,15,0,28,0,0,0,0,0,0,0,0,0,0,0,0,0,0,0,0,0,0,0,0,0,0,0,374,0,161,123,80,0,28,0,0,0,0,7,0,0,0,0,0
132,43,87,108,255,111,0,62,0,10,220,15,0,0,348,0,44,44,22,154,216,245,200,105,0,24,0,36,0,16,35,140,0,159,0,26,5,72,11,0,0,0,0,0,0,11,0,0,0,0,0,0,0,0,0,21,0,0,0,0,0,0,0,30,0,12,0,0,0,0,0,0,0,0,0,0,0,0,0,0,0,165,0,0,0,167,0,65,0,0,0,0,0,0,0,0,0,217,0,169,0,0,0,0,0,0,0,0,0,0,0,0,0,0,0,0,0,0,0,0,0,0,0,0,0,12,0,0,0,0,0,0,0,42,0,806,0,410,0,31,0,33,0,179,0,0,0,0,0,18,0,66,0,0,0,4,0,0,0,0,0,7,0,0,0,0,0,43,0,0,0,0,0,0,0,0,62,186,14,2,0,0,0,0,0,23,0,0,0,0,0,0,0,0,0,0,0,0,0,0,0,0,0,0,0,0,0,0,0,261,0,0,0,0,40,0,0,0,181,247,139,0,0,0,1
13,65,22,0,32,0,0,0,7,0,0,16,0,0,76,44,0,26,166,6,175,0,128,82,89,46,0,0,247,0,144,2,58,0,14,0,0,0,69,0,0,0,0,0,0,0,0,0,0,0,0,0,42,0,23,0,7,0,3,0,14,0,206,4,0,0,0,0,0,0,0,0,0,0,9,0,0,0,0,0,0,0,0,0,67,0,0,0,0,0,83,0,0,0,0,0,80,0,107,0,40,0,0,0,145,0,538,0,0,0,0,0,0,0,0,0,0,0,0,0,6,0,0,0,0,0,7,0,122,0,0,0,0,0,308,0,273,0,40,0,0,0,753,0,0,0,0,0,0,0,0,0,0,0,14,0,0,0,0,0,0,0,0,0,0,0,0,0,0,0,0,0,17,0,0,0,0,7,0,0,0,0,0,0,0,0,0,0,0,0,0,0,0,0,0,0,0,0,186,0,442,0,0,0,0,0,0,0,65,0,55,205,43,0,41,0,0,0,0,4,0,0,0,0,0
126,26,77,24,0,0,37,35,22,0,0,0,0,0,0,44,26,0,0,66,0,81,0,164,0,54,0,49,0,122,0,39,0,32,0,23,0,4,0,33,0,0,0,0,0,0,0,0,0,0,0,0,0,0,0,19,0,19,0,0,0,0,12,90,0,0,0,0,0,0,0,0,0,0,0,0,0,0,0,0,0,183,0,0,0,195,0,59,0,0,0,107,0,0,0,162,0,121,0,155,0,141,0,0,0,1,3,0,0,0,0,0,0,0,0,0,0,0,0,0,0,0,0,0,0,0,0,0,0,128,0,0,0,85,0,525,0,439,0,86,0,39,0,358,0,0,0,0,0,0,0,0,0,0,0,17,0,0,0,14,0,0,0,0,0,0,0,0,0,0,0,0,0,10,0,0,0,24,0,0,0,0,0,0,0,0,0,0,0,0,0,0,0,0,0,0,0,0,0,0,0,38,0,0,0,0,0,0,0,0,0,0,1,0,22,0,0,0,18,135,42,16,0,0,0
15,0,47,0,280,123,0,0,24,0,74,32,154,697,232,22,166,0,0,580,378,289,69,0,4,0,230,779,0,0,91,12,25,0,551,0,66,0,0,0,3,103,15,0,10,0,10,160,0,0,85,0,0,0,0,0,0,0,4,0,0,0,30,0,0,0,0,0,0,0,15,0,0,0,31,0,0,0,0,0,0,0,0,0,113,0,0,0,0,0,0,0,0,0,0,0,0,0,0,0,0,0,0,0,0,0,0,0,0,0,0,0,0,0,0,0,0,0,0,0,0,0,0,0,0,0,45,0,0,0,0,0,0,0,104,0,0,0,0,0,0,0,312,0,0,0,31,0,22,0,0,0,55,0,0,0,0,0,0,0,0,0,0,0,53,0,39,0,0,0,0,0,0,0,0,0,145,26,29,0,0,0,41,0,35,0,45,0,0,0,0,0,0,0,0,0,0,0,0,0,0,0,0,0,0,0,0,0,109,0,196,476,121,0,35,0,0,0,3,0,0,0,0,0,0
0,111,0,147,343,369,0,6,0,22,89,30,433,111,329,154,6,66,580,0,299,204,0,135,0,0,108,230,0,15,0,70,0,35,0,121,5,223,0,0,7,0,0,81,4,134,0,20,0,0,0,135,0,0,0,22,0,0,0,0,0,0,0,71,0,38,0,0,0,0,0,0,0,0,0,0,0,0,0,0,0,0,0,0,0,198,0,135,0,0,0,0,0,0,0,0,0,0,0,0,0,0,0,0,0,0,0,0,0,0,0,0,0,0,0,0,0,0,0,0,0,0,0,8,0,0,0,0,0,0,0,0,0,0,0,260,0,0,0,0,0,42,0,148,0,0,0,0,0,0,0,0,0,76,0,0,0,0,0,0,0,4,0,0,0,0,0,11,2,101,0,2,0,0,0,0,69,171,56,7,0,0,0,12,3,54,0,1,0,0,0,0,0,0,0,0,0,0,0,0,0,0,0,0,0,0,0,0,0,248,0,0,0,0,28,0,0,0,183,284,172,0,3,0,0
6,44,60,26,224,261,0,0,0,0,42,131,54,217,278,216,175,0,378,299,0,200,120,139,0,11,276,0,50,0,153,0,113,0,63,18,13,0,35,0,0,0,62,16,115,0,0,0,6,0,66,0,10,0,0,0,0,0,0,0,0,0,62,1,0,0,0,0,0,0,0,0,0,0,0,0,0,0,0,0,0,0,0,0,63,0,0,0,0,0,60,0,0,0,0,0,77,0,166,0,33,0,4,0,0,0,292,0,0,0,0,0,0,0,0,0,0,0,0,0,0,0,0,0,0,0,0,0,25,0,0,0,0,0,0,0,0,0,0,0,64,0,190,2,0,0,0,0,0,0,0,0,2,0,0,0,0,0,0,0,0,0,0,0,27,0,48,0,0,0,0,0,32,0,0,0,36,26,0,0,0,0,0,0,0,0,0,2,0,0,0,0,0,0,0,0,3,0,0,0,108,0,0,0,0,0,0,0,0,0,306,829,100,0,57,0,0,6,3,2,0,0,0,0,0
0,0,0,47,157,290,0,0,0,2,0,78,223,93,166,245,0,81,289,204,200,0,0,112,0,9,56,195,0,40,18,54,0,24,38,97,0,18,0,22,0,0,0,120,0,55,7,4,0,1,0,141,0,5,0,3,0,0,0,0,0,6,0,104,0,0,0,0,0,0,0,0,0,0,0,0,0,0,0,0,0,0,0,0,0,117,0,64,0,0,0,0,0,0,0,0,0,0,0,0,0,0,0,0,0,0,0,0,0,0,0,0,0,0,0,0,0,0,0,0,0,0,0,0,0,0,0,0,0,0,0,0,0,0,0,0,0,0,0,109,0,65,0,157,0,0,0,0,0,0,0,0,0,0,0,0,0,0,0,0,0,0,0,6,0,0,0,22,0,0,0,0,0,0,0,0,0,22,15,0,0,0,2,0,1,0,0,2,0,0,0,0,0,0,0,0,0,0,0,0,0,0,0,0,0,0,0,0,0,0,0,1,0,0,78,0,0,0,315,949,144,0,0,0,0
3,0,44,0,8,130,14,0,0,0,0,84,0,0,163,200,128,0,69,0,120,0,0,176,9,38,47,3,292,3,278,0,205,7,0,0,0,0,461,0,0,0,0,0,0,0,0,0,16,0,0,0,6,0,56,0,13,0,8,2,0,0,55,0,2,0,0,0,0,0,0,0,0,0,0,0,0,0,0,0,0,0,0,0,0,0,0,0,0,0,0,0,0,0,0,0,0,0,0,0,3,0,0,0,0,0,0,0,0,0,0,0,0,0,0,0,0,0,0,0,0,0,0,0,0,0,37,0,0,0,32,0,0,0,345,0,0,0,0,0,0,0,224,0,0,0,0,0,0,0,45,0,13,0,0,0,0,0,0,0,8,0,0,0,0,0,0,0,0,0,0,0,103,0,0,0,89,44,0,0,0,0,20,0,23,0,0,0,0,0,0,0,0,0,4,0,0,0,89,0,95,0,0,0,0,0,0,0,105,0,439,68,219,130,253,0,0,3,0,7,0,0,0,0,0
425,46,212,121,92,72,0,29,0,0,64,13,0,0,48,105,82,164,0,135,139,112,176,0,7,17,0,48,0,80,0,48,0,43,0,23,0,3,27,27,0,0,0,0,0,13,0,0,0,0,0,3,0,0,0,20,0,0,0,0,0,0,0,106,0,0,0,0,0,0,0,0,0,2,0,0,0,0,0,0,0,0,0,0,0,110,0,42,0,0,0,0,0,0,0,0,0,78,0,82,0,0,0,0,0,0,0,0,0,0,0,0,0,0,0,0,0,0,0,0,0,0,0,0,0,0,0,0,0,0,0,0,0,0,0,318,0,216,0,0,0,32,0,128,0,0,0,0,0,4,0,0,0,0,0,0,0,0,0,0,0,0,0,0,0,7,0,14,0,0,0,0,0,0,0,0,35,126,0,0,0,0,5,0,0,1,0,0,0,0,0,0,0,0,0,0,0,0,0,9,0,0,0,0,0,0,0,0,0,69,0,0,0,0,39,0,0,0,83,411,34,15,0,0,1
8,87,36,15,9,0,11,0,0,97,0,0,0,0,13,0,89,0,4,0,0,0,9,7,0,142,0,0,76,0,0,0,7,0,0,0,0,0,115,0,0,0,0,0,0,0,0,0,0,0,0,0,95,0,174,0,36,0,31,0,164,0,318,21,0,0,0,0,0,0,0,0,0,0,0,0,0,0,0,0,0,0,0,0,0,0,0,0,0,0,0,0,0,0,0,0,0,0,0,0,0,0,0,0,0,0,0,0,0,0,0,0,0,0,0,0,0,0,0,0,0,0,0,0,0,0,83,0,72,0,14,0,88,0,302,0,83,0,0,0,0,0,220,0,0,0,0,0,0,0,0,0,0,0,3,0,0,0,0,0,12,0,10,0,0,0,0,0,0,0,216,0,110,0,0,0,22,0,0,0,0,0,0,0,0,0,0,0,0,0,0,0,0,0,0,0,0,0,71,0,53,0,0,0,0,0,0,0,63,0,333,36,204,330,383,0,0,3,0,0,0,0,0,0,0
234,15,192,37,0,10,272,94,250,8,0,0,0,0,2,24,46,54,0,0,11,9,38,17,142,0,0,0,16,112,0,8,0,16,0,0,0,0,11,112,0,0,0,0,0,0,0,0,0,0,0,0,17,40,63,164,0,41,0,2,0,38,140,237,0,0,0,0,0,0,0,0,0,0,0,0,0,0,0,0,0,0,0,0,0,13,0,0,0,0,0,0,0,0,0,0,0,0,1,0,0,0,0,0,0,0,0,0,0,0,0,0,0,0,0,0,0,0,0,0,0,0,0,0,0,0,1,29,0,69,0,24,0,60,0,378,0,411,0,22,0,0,0,45,0,1,0,0,0,0,0,0,0,0,0,11,0,0,0,19,0,13,0,0,0,0,0,0,0,0,0,0,0,70,0,0,35,170,0,0,0,0,0,0,0,0,0,0,0,0,0,0,0,0,0,0,0,0,0,0,0,0,0,0,0,0,0,18,0,110,0,0,0,0,146,0,0,0,213,154,63,121,0,0,0
0,0,0,0,296,0,0,0,0,0,101,0,268,268,137,0,0,0,230,108,276,56,47,0,0,0,0,867,0,0,80,0,31,0,132,0,59,0,0,0,54,245,339,0,201,0,242,454,34,0,389,0,0,0,0,0,0,0,4,0,0,0,27,0,0,1,0,0,0,0,0,0,0,0,59,0,4,0,0,0,177,0,0,0,0,0,0,0,0,0,135,0,0,0,0,0,0,0,0,0,0,0,13,0,0,0,0,0,0,0,0,0,0,0,0,0,1,0,0,0,47,0,0,0,0,0,0,0,0,0,0,0,0,0,0,0,209,0,0,0,0,0,535,0,0,0,0,0,0,0,0,0,0,0,0,0,0,0,0,0,0,0,0,0,77,0,13,0,0,0,0,0,0,0,0,0,57,13,18,0,0,0,20,0,36,0,90,0,0,0,0,0,0,0,0,0,0,0,0,0,0,0,0,0,0,0,0,0,0,0,81,584,154,0,0,0,0,17,0,46,0,0,0,0,0
0,154,0,19,0,318,0,0,0,9,0,142,716,211,0,36,0,49,779,230,0,195,3,48,0,0,867,0,0,0,0,57,1,0,0,92,0,30,0,0,329,11,110,310,119,398,239,181,12,37,144,259,0,0,0,0,0,0,0,0,0,0,0,107,0,9,0,0,0,0,0,0,0,0,0,0,0,0,0,0,0,0,0,0,0,0,0,107,0,0,0,0,0,0,0,0,0,0,0,0,0,0,0,0,0,0,0,0,0,0,0,0,0,0,0,0,0,1,0,0,0,0,0,15,0,14,0,0,0,0,0,0,0,0,0,0,0,0,0,0,0,0,0,0,0,0,0,0,0,23,0,0,0,0,0,0,0,0,0,0,0,0,0,0,0,98,0,0,0,92,0,0,0,0,0,0,44,118,0,7,0,0,0,9,0,24,85,13,0,13,0,0,0,0,0,0,0,0,0,0,0,0,0,0,0,0,0,0,0,0,0,21,0,0,19,0,0,0,78,958,112,0,0,0,39
78,25,142,0,0,0,0,0,0,0,0,0,0,0,0,0,247,0,0,0,50,0,292,0,76,16,0,0,0,0,54,0,37,0,42,0,14,0,29,0,0,0,0,0,0,0,0,0,5,0,29,0,22,0,19,0,6,1,0,0,9,0,30,0,0,0,0,0,0,0,0,0,0,0,0,0,0,0,0,0,0,0,0,0,16,0,0,0,0,0,0,0,0,0,0,0,24,0,0,0,0,0,0,0,0,0,0,0,0,0,0,0,0,0,0,0,0,0,0,0,0,0,0,0,0,0,0,0,31,0,0,0,0,0,0,0,110,0,242,0,97,0,129,0,8,0,0,0,0,0,0,0,0,0,19,0,6,0,7,0,0,0,0,0,0,0,0,0,0,0,0,0,0,0,0,0,5,0,0,0,0,0,21,0,0,0,0,0,0,0,0,0,0,0,0,0,0,0,0,0,32,0,0,0,1,0,0,0,0,0,77,78,0,0,25,0,0,0,0,0,0,0,0,0,0
0,233,0,237,0,36,0,108,0,0,0,20,0,0,0,16,0,122,0,15,0,40,3,80,0,112,0,0,0,0,0,11,0,18,0,54,0,19,0,0,0,0,0,26,0,0,0,0,0,0,0,0,0,0,1,4,0,1,0,0,0,1,0,142,0,0,0,0,0,0,0,0,0,0,0,0,0,0,0,0,0,0,0,0,0,0,0,0,0,0,0,0,0,0,0,0,0,0,0,0,0,25,0,0,0,0,0,6,0,0,0,0,0,0,0,0,0,0,0,0,0,0,0,0,0,0,0,0,0,0,0,0,0,0,0,0,0,91,0,116,0,50,0,79,0,0,0,0,0,0,0,0,0,0,0,0,0,0,0,8,0,0,0,0,0,0,0,0,0,0,0,0,0,5,0,0,0,0,0,0,0,0,0,3,0,1,0,0,0,0,0,0,0,0,0,0,0,0,0,0,0,0,0,0,0,0,0,0,0,0,0,0,0,0,0,0,0,0,70,155,0,0,0,0,0
0,0,125,0,186,32,0,0,0,0,83,0,11,0,270,35,144,0,91,0,153,18,278,0,0,0,80,0,54,0,0,0,11,0,35,0,10,0,0,0,0,0,33,0,51,0,0,0,0,0,46,0,15,0,8,0,6,0,0,0,0,0,35,0,0,0,0,0,0,0,0,0,0,0,0,0,0,0,0,0,0,0,0,0,54,0,0,0,0,0,30,0,0,0,0,0,0,0,157,0,0,0,0,0,0,0,0,0,0,0,0,0,0,0,0,0,0,0,0,0,0,0,0,0,0,0,0,0,0,0,0,0,0,0,0,0,114,0,158,0,73,0,158,0,0,0,0,0,0,0,0,0,0,0,14,0,0,0,9,0,0,0,0,0,0,0,32,0,9,0,0,0,26,0,0,0,0,0,8,0,0,0,0,0,0,0,0,0,0,0,0,0,0,0,0,0,0,0,0,0,0,0,0,0,0,0,0,0,0,0,173,407,55,0,31,0,0,1,0,0,0,0,0,0,0
0,0,0,68,0,0,0,0,0,0,0,73,0,0,28,140,2,39,12,70,0,54,0,48,0,8,0,57,0,11,0,0,0,13,0,66,0,11,0,11,0,0,0,50,0,0,0,0,0,0,0,29,0,0,0,3,0,0,0,0,0,4,0,52,0,0,0,0,0,0,0,0,0,0,0,0,0,0,0,0,0,0,0,0,0,0,0,14,0,0,0,0,0,0,0,0,0,0,0,0,0,0,0,0,0,0,0,0,0,0,0,0,0,0,0,0,0,0,0,0,0,0,0,0,0,0,0,0,0,0,0,0,0,0,0,0,0,0,0,96,0,59,0,90,0,6,0,0,0,0,0,0,0,0,0,0,0,0,0,0,0,0,0,0,0,14,0,19,0,0,0,0,0,0,0,0,0,0,0,0,0,0,0,0,0,0,0,0,0,0,0,0,0,0,0,0,0,0,0,0,0,0,0,0,0,0,0,0,0,0,0,0,0,0,0,0,0,0,222,317,96,0,0,0,0
0,0,217,0,281,0,0,0,0,0,169,0,0,0,87,0,58,0,25,0,113,0,205,0,7,0,31,1,37,0,11,0,0,0,37,0,62,0,14,0,0,0,22,0,0,0,0,0,0,0,58,0,0,0,0,0,0,0,0,0,16,0,9,0,0,0,0,0,0,0,0,0,0,0,8,0,0,0,0,0,0,0,0,0,0,0,0,0,0,0,0,0,0,0,0,0,0,0,0,0,0,0,0,0,0,0,0,0,0,0,0,0,0,0,0,0,0,0,0,0,0,0,8,0,0,0,0,0,14,0,0,0,0,0,0,0,0,0,281,0,112,0,68,0,37,0,0,0,0,0,0,0,0,0,18,0,23,0,8,0,0,0,0,0,0,0,36,0,0,0,0,0,39,0,0,0,0,0,0,0,0,0,0,0,0,0,0,0,0,0,0,0,0,0,0,0,0,0,0,0,0,0,0,0,0,0,0,0,0,0,259,317,89,0,0,0,0,0,0,0,0,0,0,0,0
0,361,0,194,0,484,0,0,0,0,0,336,0,0,0,159,0,32,0,35,0,24,7,43,0,16,0,0,0,18,0,13,0,0,0,56,0,184,0,11,0,0,0,50,0,15,0,0,0,7,0,48,0,0,0,0,0,0,0,0,0,9,0,33,0,0,0,0,0,0,0,0,0,0,0,0,0,0,0,0,0,0,0,0,0,0,0,0,0,0,0,0,0,0,0,0,0,0,0,0,0,0,0,0,0,0,0,0,0,0,0,0,0,0,0,0,0,0,0,0,0,0,0,0,0,0,0,0,0,0,0,0,0,0,0,0,0,0,0,88,0,26,0,0,0,32,0,0,0,0,0,0,0,0,0,0,0,4,0,0,0,0,0,0,0,14,0,118,0,18,0,0,0,75,0,0,0,0,0,25,0,0,0,3,0,0,0,0,0,0,0,0,0,0,0,0,0,0,0,0,0,0,0,0,0,0,0,0,0,0,0,1,0,0,89,0,0,0,246,442,258,24,0,0,1
3,0,0,0,419,0,0,0,0,0,63,0,329,0,201,0,14,0,551,0,63,38,0,0,0,0,132,0,42,0,35,0,37,0,0,0,117,0,19,0,0,2,19,0,13,0,0,0,11,0,90,0,0,0,0,0,0,0,0,0,0,0,0,0,0,0,0,0,0,0,0,0,0,0,0,0,0,0,0,0,0,0,0,0,0,0,0,0,0,0,0,0,0,0,0,0,0,0,0,0,0,0,0,0,0,0,0,0,0,0,0,0,0,0,0,0,0,0,0,0,4,0,0,0,0,0,0,0,0,0,0,0,0,0,0,0,5,0,23,0,30,0,0,0,0,0,0,0,0,0,0,0,0,0,0,0,0,0,0,0,0,0,0,0,42,0,133,0,0,0,0,0,24,0,0,0,0,0,23,0,0,0,0,0,0,0,0,0,0,0,0,0,0,0,0,0,0,0,0,0,0,0,0,0,0,0,0,0,0,0,391,499,237,0,73,0,0,0,2,0,0,0,0,0,0
0,0,0,0,0,165,0,0,0,2,0,20,0,120,0,26,0,23,0,121,18,97,0,23,0,0,0,92,0,54,0,66,0,56,0,0,0,58,0,56,0,0,0,53,0,11,0,0,0,0,0,52,0,0,0,2,0,0,0,0,0,7,0,31,0,0,0,0,0,0,0,0,0,0,0,0,0,0,0,0,0,0,0,0,0,0,0,0,0,0,0,0,0,0,0,0,0,0,0,0,0,0,0,0,0,0,0,0,0,0,0,0,0,0,0,0,0,0,0,0,0,0,0,0,0,0,0,0,0,0,0,0,0,0,0,0,0,0,0,118,0,35,0,0,0,0,0,0,0,0,0,0,0,0,0,0,0,0,0,2,0,0,0,3,0,34,0,68,0,31,0,0,0,0,0,0,0,0,0,0,0,0,0,0,0,0,0,0,0,0,0,0,0,0,0,0,0,0,0,0,0,0,0,0,0,0,0,0,0,0,0,0,0,0,49,0,0,0,306,454,227,0,0,0,0
40,0,0,0,357,0,0,0,0,0,273,0,69,0,98,5,0,0,66,5,13,0,0,0,0,0,59,0,14,0,10,0,62,0,117,0,0,0,153,0,0,0,35,0,29,0,0,0,0,0,114,0,1,0,0,0,0,0,0,0,13,0,3,0,0,0,0,0,0,0,21,0,0,0,23,0,0,0,0,0,0,0,0,0,0,0,17,0,0,0,8,0,0,0,0,0,0,0,208,0,0,0,0,0,0,0,0,0,0,0,0,0,0,0,0,0,0,0,0,0,0,0,16,0,0,0,0,0,0,0,0,0,0,0,0,0,0,0,110,0,211,0,172,0,31,0,0,0,0,0,0,0,0,0,0,0,26,0,0,0,0,0,12,0,25,0,57,0,18,0,0,0,42,0,0,0,8,0,14,0,0,0,0,0,0,0,0,0,0,0,0,0,0,0,0,0,0,0,0,0,0,0,0,0,0,0,0,0,0,0,303,202,181,33,61,0,0,0,0,0,0,0,0,0,0
0,221,0,33,0,257,0,0,0,0,0,116,0,97,0,72,0,4,0,223,0,18,0,3,0,0,0,30,0,19,0,11,0,184,0,58,0,0,0,38,0,0,0,34,0,18,0,0,0,4,0,82,0,0,0,3,0,0,0,0,0,48,0,24,0,0,0,0,0,0,0,0,0,0,0,0,0,0,0,0,0,0,0,0,0,0,0,0,0,0,0,0,0,0,0,0,0,0,0,0,0,0,0,0,0,0,0,0,0,0,0,0,0,0,0,0,0,0,0,0,0,0,0,0,0,0,0,0,0,0,0,0,0,0,0,0,0,0,0,145,0,60,0,0,0,71,0,0,0,0,0,0,0,0,0,0,0,11,0,3,0,0,0,0,0,48,0,46,0,68,0,2,0,42,0,0,0,0,0,24,0,0,1,0,0,0,0,0,0,0,0,0,0,0,0,0,0,0,0,0,0,0,0,0,0,0,0,0,0,0,0,0,0,0,31,0,0,0,119,189,169,15,0,0,0
632,0,659,0,297,0,75,5,73,0,291,0,0,0,15,11,69,0,0,0,35,0,461,27,115,11,0,0,29,0,0,0,14,0,19,0,153,0,0,0,0,0,10,0,0,0,0,0,12,0,20,0,7,0,0,0,0,0,0,0,38,0,15,0,2,0,0,0,0,0,0,0,0,0,0,0,0,0,0,0,0,0,0,0,4,0,0,0,0,0,0,0,0,0,0,0,8,0,0,0,0,0,0,0,0,0,0,0,0,0,0,0,0,0,0,0,0,0,0,0,0,0,3,0,0,0,0,0,0,0,0,0,0,0,0,0,0,0,64,0,26,0,0,0,8,0,0,0,0,0,0,0,0,0,4,0,8,0,0,0,0,0,0,0,2,0,26,0,13,0,0,0,110,0,0,0,0,0,0,0,0,0,270,0,0,0,0,0,0,0,0,0,0,0,0,0,0,0,0,0,0,0,0,0,0,0,0,0,0,0,170,449,146,103,91,0,7,0,0,0,0,0,0,0,0
0,543,0,317,0,0,5,0,0,0,0,0,0,0,0,0,0,33,0,0,0,22,0,27,0,112,0,0,0,0,0,11,0,11,0,56,0,38,0,0,0,0,0,0,0,0,0,0,0,0,0,20,0,6,0,0,0,0,0,0,0,13,2,36,0,0,0,1,0,0,0,0,0,0,0,0,0,0,0,0,0,0,0,0,0,0,0,0,0,0,0,0,0,0,0,0,0,0,1,0,0,0,0,0,0,0,0,0,0,0,0,0,0,0,0,0,0,0,0,0,0,0,0,0,0,0,0,0,0,0,0,0,0,0,0,0,0,0,0,111,0,35,0,0,0,77,0,0,0,0,0,0,0,0,0,3,0,18,0,8,0,0,0,0,0,0,0,14,0,0,0,0,0,38,0,0,0,0,0,0,0,0,0,19,0,0,0,0,0,0,0,0,0,0,0,0,0,0,0,0,0,0,0,0,0,0,0,0,0,0,0,0,0,0,47,0,0,0,36,159,45,37,0,1,0
0,0,0,0,49,0,0,0,3,0,60,0,214,37,0,0,0,0,3,7,0,0,0,0,0,0,54,329,0,0,0,0,0,0,0,0,0,0,0,0,0,102,76,0,29,44,52,274,109,10,74,0,0,0,3,0,0,0,0,0,0,0,0,0,0,0,0,0,4,0,0,0,0,0,0,0,0,0,0,0,0,0,0,0,0,0,0,0,0,0,0,0,0,0,0,0,0,0,0,0,0,0,0,0,0,0,0,0,0,0,0,0,0,0,0,0,0,0,0,0,0,0,0,0,0,0,0,0,0,0,0,0,0,0,0,0,0,0,0,0,0,0,0,0,0,0,0,0,0,0,0,0,0,0,0,0,0,0,0,0,0,0,0,0,35,0,0,0,0,0,0,0,0,0,4,0,12,14,18,0,8,0,0,0,5,0,216,0,0,0,0,0,0,0,0,0,0,0,0,0,0,0,0,0,0,0,0,0,0,0,0,199,60,0,0,0,0,24,0,15,0,0,0,0,0
0,21,0,0,0,35,0,0,0,0,0,75,63,161,0,0,0,0,103,0,0,0,0,0,0,0,245,11,0,0,0,0,0,0,2,0,0,0,0,0,102,0,30,81,113,182,127,122,5,113,35,0,0,0,0,0,0,0,0,0,0,0,0,0,0,0,0,0,0,22,0,0,0,0,0,0,0,0,0,0,0,0,0,15,0,0,0,0,0,0,0,0,0,14,0,0,0,0,0,0,0,0,0,0,0,0,0,0,0,0,0,0,0,0,0,0,0,0,0,0,0,0,0,0,0,0,0,0,0,0,0,0,0,0,0,0,0,0,0,0,0,0,0,0,0,0,0,0,0,0,0,0,0,0,0,0,0,0,0,0,0,0,0,0,0,209,0,0,0,0,0,0,0,0,0,0,0,206,0,17,0,69,0,0,0,7,51,6,0,0,0,0,0,0,0,0,0,0,0,0,0,0,0,0,0,0,0,0,0,0,0,13,0,0,0,0,0,0,0,153,22,0,0,0,14
0,0,0,0,0,0,0,0,0,0,0,0,55,8,0,0,0,0,15,0,62,0,0,0,0,0,339,110,0,0,33,0,22,0,19,0,35,0,10,0,76,30,0,0,119,0,120,76,49,0,68,0,0,0,0,0,0,0,0,0,0,0,0,0,0,0,0,0,0,0,25,0,0,0,10,0,0,0,0,0,0,0,0,0,0,0,12,0,0,0,0,0,0,0,0,0,0,0,0,0,20,0,4,0,0,0,0,0,0,0,0,0,0,0,0,0,0,0,0,0,0,0,7,0,0,0,0,0,0,0,0,0,0,0,0,0,0,0,0,0,0,0,0,0,0,0,0,0,0,0,0,0,0,0,0,0,0,0,0,0,0,0,0,0,24,0,0,0,9,0,10,0,6,0,0,0,4,0,0,0,0,0,0,0,0,0,31,0,0,0,0,0,0,0,0,0,0,0,0,0,9,0,0,0,0,0,0,0,0,0,21,218,99,8,6,0,0,61,0,8,0,0,0,0,0
0,0,0,0,0,0,0,0,0,0,0,0,0,126,0,0,0,0,0,81,16,120,0,0,0,0,0,310,0,26,0,50,0,50,0,53,0,34,0,0,0,81,0,0,0,47,0,146,0,44,0,60,0,4,0,0,0,0,0,0,0,9,0,35,0,0,0,0,0,0,0,0,0,0,0,0,0,0,0,4,0,104,0,0,0,0,0,0,0,0,0,0,0,0,0,0,0,0,0,0,0,0,0,0,0,0,0,0,0,0,0,0,0,0,0,0,0,0,0,0,0,0,0,0,0,0,0,0,0,0,0,0,0,0,0,0,0,0,0,0,0,80,0,136,0,47,0,0,0,0,0,0,0,0,0,0,0,0,0,0,0,0,0,0,0,75,0,0,0,40,0,4,0,0,0,0,0,4,0,0,0,0,0,0,0,0,0,5,0,0,0,0,0,0,0,0,0,0,0,0,0,0,0,0,0,0,0,0,0,0,0,0,0,0,14,0,0,0,81,582,189,0,0,0,10
0,0,0,0,0,0,0,0,8,0,26,0,53,0,0,0,0,0,10,4,115,0,0,0,0,0,201,119,0,0,51,0,0,0,13,0,29,0,0,0,29,113,119,0,0,41,309,235,161,35,57,0,5,0,7,0,0,0,6,0,6,0,0,0,0,0,0,0,2,0,89,0,0,0,73,0,0,0,0,0,266,0,0,0,170,0,116,0,0,0,0,0,0,0,0,0,299,0,1027,0,185,0,17,0,0,0,0,0,0,0,0,0,0,0,0,0,0,0,0,0,0,0,81,0,0,0,0,0,0,0,0,0,0,0,0,0,148,0,0,0,0,0,418,0,0,0,0,0,0,0,0,0,0,0,0,0,0,0,0,0,0,0,22,0,146,0,10,0,115,0,11,0,21,0,8,0,32,21,33,0,0,0,10,0,0,0,169,0,0,0,0,0,0,0,0,0,0,0,0,0,0,0,0,0,0,0,0,0,0,0,38,137,121,18,11,0,8,89,0,23,0,0,0,0,0
0,22,0,0,0,0,0,8,0,0,0,37,0,100,0,11,0,0,0,134,0,55,0,13,0,0,0,398,0,0,0,0,0,15,0,11,0,18,0,0,44,182,0,47,41,0,0,321,0,147,0,16,0,0,0,0,0,0,0,0,0,0,0,85,0,0,0,0,0,11,0,23,0,0,0,23,0,0,0,0,0,0,0,0,0,185,0,105,0,0,0,0,0,0,0,198,0,0,0,0,0,0,0,0,0,0,0,10,0,0,0,0,0,0,0,0,0,0,0,0,0,0,0,11,0,0,0,0,0,0,0,0,0,0,0,0,0,0,0,295,0,172,0,343,0,86,0,0,0,0,0,0,0,0,0,0,0,0,0,0,0,0,0,13,0,112,0,19,0,49,0,9,0,25,0,0,0,30,0,0,0,0,0,0,0,7,12,8,0,0,0,0,0,0,0,0,0,0,0,0,0,0,0,0,0,0,0,0,0,0,0,7,0,0,4,0,0,0,23,176,76,0,0,2,144
0,0,0,0,95,0,0,0,11,0,92,2,229,24,0,0,0,0,10,0,0,7,0,0,0,0,242,239,0,0,0,0,0,0,0,0,0,0,0,0,52,127,120,0,309,0,0,261,319,24,0,0,0,0,0,0,0,0,0,0,0,0,0,0,0,0,0,0,8,0,0,0,2,0,0,0,0,0,0,0,0,0,0,0,0,0,9,0,0,0,0,0,0,0,0,0,0,0,0,0,0,0,12,0,0,0,0,0,0,0,0,0,0,0,0,0,1,0,0,0,0,0,0,0,0,0,0,0,0,0,0,0,0,0,0,0,0,0,0,0,0,0,0,0,0,0,0,0,0,0,0,0,0,0,0,0,0,0,0,0,0,0,0,0,195,0,0,0,110,0,0,0,0,0,11,0,32,23,45,0,15,0,0,0,0,0,204,0,0,0,0,0,0,0,0,0,0,0,0,0,0,0,0,0,0,0,0,0,0,0,0,287,102,0,4,0,0,60,0,31,0,0,0,0,0
0,51,0,0,0,39,0,0,0,0,0,117,131,249,0,0,0,0,160,20,0,4,0,0,0,0,454,181,0,0,0,0,0,0,0,0,0,0,0,0,274,122,76,146,235,321,261,0,30,190,62,57,0,0,0,0,0,0,0,0,0,0,0,0,0,0,0,0,0,0,0,0,0,0,0,0,0,0,0,0,0,0,0,0,0,0,0,3,0,0,0,0,0,0,0,0,0,0,0,0,0,5,0,0,0,0,0,0,0,0,0,0,0,0,0,0,0,0,0,0,0,0,0,0,0,4,0,0,0,0,0,0,0,0,0,0,0,0,0,0,0,0,0,0,0,0,0,0,0,0,0,4,0,0,0,0,0,0,0,0,0,0,0,0,0,53,0,0,0,0,0,0,0,0,0,0,0,152,0,0,0,0,0,0,0,0,105,9,0,0,0,0,0,0,0,0,0,0,0,0,0,0,0,0,0,0,0,0,0,0,0,51,0,0,0,0,0,4,0,429,0,0,0,0,102
8,0,24,0,12,0,0,0,0,0,9,0,33,0,3,0,0,0,0,0,6,0,16,0,0,0,34,12,5,0,0,0,0,0,11,0,0,0,12,0,109,5,49,0,161,0,319,30,0,4,15,0,10,0,34,0,40,0,36,0,8,0,0,0,0,0,0,0,25,0,10,0,4,0,0,0,4,0,3,0,0,1,29,0,4,0,0,0,29,0,0,0,43,0,7,0,0,0,19,0,12,0,30,0,0,0,6,0,4,0,0,0,0,0,0,0,1,0,0,0,0,0,1,0,0,0,0,0,0,0,5,0,0,0,9,0,0,0,0,0,5,0,21,0,0,0,0,0,0,0,9,0,4,0,11,0,10,0,0,0,18,0,8,0,17,0,23,0,28,0,13,0,19,0,0,0,41,3,18,0,0,0,3,0,0,0,147,0,7,0,0,0,0,0,5,0,2,0,0,0,9,0,10,0,0,0,9,0,0,0,51,174,210,15,51,28,14,4,0,1,2,1,0,0,0
0,6,0,6,1,8,0,7,0,5,0,8,0,41,0,0,0,0,0,0,0,1,0,0,0,0,0,37,0,0,0,0,0,7,0,0,0,4,0,0,10,113,0,44,35,147,24,190,4,0,0,3,0,0,0,0,0,0,0,0,0,0,0,0,0,0,0,0,0,6,0,7,0,0,0,0,0,3,0,4,0,52,0,22,0,25,0,20,0,4,0,0,0,0,0,53,0,0,0,17,0,14,0,2,0,0,0,0,0,0,0,0,0,0,0,0,0,0,0,0,0,23,0,8,0,0,0,0,0,0,0,0,0,0,0,6,0,13,0,6,0,16,0,43,0,22,0,0,0,0,0,8,0,10,0,0,0,5,0,2,0,0,0,0,0,39,0,10,0,10,0,0,0,19,0,8,0,79,0,7,0,25,0,1,0,0,18,9,0,0,0,0,0,0,0,0,0,0,0,0,0,0,0,0,0,0,0,0,0,0,0,0,0,0,4,0,0,0,24,55,31,12,0,0,9
2,0,0,0,0,0,0,0,0,0,0,0,257,0,0,0,0,0,85,0,66,0,0,0,0,0,389,144,29,0,46,0,58,0,90,0,114,0,20,0,74,35,68,0,57,0,0,62,15,0,0,0,0,0,0,0,0,0,0,0,0,0,0,0,0,0,0,0,0,0,73,0,0,0,34,0,0,0,0,0,117,0,0,0,41,0,62,0,0,0,0,0,0,0,0,0,69,0,548,0,103,0,0,0,0,0,128,0,0,0,0,0,0,0,0,0,0,0,0,0,29,0,16,0,0,0,0,0,0,0,0,0,0,0,0,0,0,0,70,0,80,0,118,0,48,0,0,0,0,0,0,0,0,0,0,0,0,0,0,0,0,0,36,0,33,0,49,0,47,0,29,0,37,0,0,0,3,1,30,0,0,0,0,0,0,0,10,0,0,0,0,0,0,0,0,0,0,0,0,0,0,0,0,0,0,0,0,0,0,0,99,267,170,43,51,0,4,27,1,0,0,0,0,0,0
0,0,0,0,0,0,0,0,0,0,0,0,0,275,0,0,0,0,0,135,0,141,0,3,0,0,0,259,0,0,0,29,0,48,0,52,0,82,0,20,0,0,0,60,0,16,0,57,0,3,0,0,0,0,0,0,0,0,0,0,0,18,0,20,0,0,0,0,0,3,0,0,0,10,0,0,0,6,0,0,0,148,0,0,0,81,0,69,0,0,0,0,0,3,0,103,0,10,0,68,0,0,0,5,0,0,0,0,0,0,0,0,0,0,0,0,0,0,0,0,0,0,0,28,0,0,0,0,0,0,0,0,0,0,0,0,0,0,0,132,0,109,0,174,0,139,0,0,0,0,0,0,0,0,0,0,0,8,0,3,0,0,0,24,0,45,0,17,0,66,0,21,0,42,0,0,0,0,0,0,0,0,0,0,0,0,0,9,0,0,0,0,0,0,0,0,0,0,0,0,0,0,0,0,0,0,0,0,0,0,0,0,0,0,22,0,0,0,145,263,137,6,0,0,4
18,0,14,0,0,0,127,25,103,118,0,0,0,0,0,0,42,0,0,0,10,0,6,0,95,17,0,0,22,0,15,0,0,0,0,0,1,0,7,0,0,0,0,0,5,0,0,0,10,0,0,0,0,12,369,71,142,24,82,56,84,0,65,17,0,0,0,36,0,0,0,0,0,0,0,0,0,0,0,0,0,0,0,0,0,0,0,0,0,0,0,0,0,0,0,0,0,0,0,0,0,0,0,0,0,0,30,0,0,0,0,0,0,0,0,0,0,0,0,0,0,0,0,0,0,0,0,0,116,0,8,0,0,0,43,0,117,0,117,0,12,0,171,0,8,0,0,0,0,0,0,0,0,0,154,0,168,0,43,0,18,1,0,0,0,0,3,0,0,0,109,0,0,0,0,0,9,3,0,0,0,0,0,0,0,0,0,0,0,0,0,0,0,0,0,0,0,0,0,0,78,0,0,0,0,0,0,0,0,0,266,248,113,181,300,0,50,0,0,0,0,2,0,0,0
0,0,0,1,0,0,0,122,16,183,0,0,0,0,0,0,0,0,0,0,0,5,0,0,0,40,0,0,0,0,0,0,0,0,0,0,0,0,0,6,0,0,0,4,0,0,0,0,0,0,0,0,12,0,32,176,12,96,76,180,0,37,0,43,5,0,12,51,0,0,0,0,0,0,0,0,0,0,0,0,0,0,0,0,0,21,0,0,0,0,0,0,0,0,0,0,0,0,0,0,0,0,0,0,0,0,0,0,0,0,0,0,0,0,0,0,0,0,0,0,0,0,0,0,0,6,0,0,0,184,0,0,0,59,0,149,0,248,0,319,0,61,0,68,0,61,0,0,0,0,0,0,0,0,3,104,1,73,0,147,0,41,0,0,0,0,0,2,0,17,0,54,0,46,0,0,8,31,0,0,0,0,0,2,4,19,0,0,0,0,0,0,0,0,0,0,0,0,0,0,0,0,0,0,0,0,0,0,0,0,1,0,0,0,465,0,0,0,322,116,134,243,4,76,0
16,16,77,0,24,0,154,105,58,285,5,0,0,0,53,0,23,0,0,0,0,0,56,0,174,63,0,0,19,1,8,0,0,0,0,0,0,0,0,0,3,0,0,0,7,0,0,0,34,0,0,0,369,32,0,130,92,21,50,47,115,0,38,35,23,0,20,0,0,0,0,0,0,0,0,0,0,0,0,0,0,0,0,0,0,0,0,0,0,0,0,0,0,0,0,0,0,0,0,0,0,0,0,0,0,0,0,0,0,0,0,0,0,0,0,0,0,0,0,0,0,0,0,0,0,0,0,0,40,0,11,0,0,0,33,0,24,0,0,0,0,0,60,0,0,0,0,0,0,0,0,0,0,0,39,0,41,0,5,0,5,0,0,0,0,0,0,0,30,0,332,0,20,0,0,0,80,23,0,0,0,0,0,0,0,0,0,0,1,0,0,0,0,0,0,0,0,0,0,0,16,0,0,0,0,0,0,0,7,0,228,63,236,342,424,4,137,0,0,0,2,0,0,0,0
3,26,0,66,0,18,0,476,117,60,0,5,0,0,0,21,0,19,0,22,0,3,0,20,0,164,0,0,0,4,0,3,0,0,0,2,0,3,0,0,0,0,0,0,0,0,0,0,0,0,0,0,71,176,130,0,26,244,226,65,0,64,25,90,0,0,57,8,0,1,0,0,0,0,0,0,0,0,0,0,0,0,0,0,0,0,0,0,0,0,0,0,0,0,0,0,0,0,0,0,0,0,0,0,0,0,0,0,0,0,0,0,0,0,0,0,0,0,0,0,0,0,0,0,0,0,0,22,0,97,0,57,0,89,0,152,0,276,0,51,0,4,0,0,0,6,0,1,0,12,0,0,0,0,0,72,0,33,0,32,0,65,0,0,0,4,0,0,0,23,0,130,0,0,0,0,26,30,0,0,0,0,0,0,13,33,0,0,0,0,0,0,0,0,0,0,0,0,0,0,0,0,0,0,0,0,0,6,0,68,0,0,0,0,339,0,0,0,243,70,227,414,0,163,0
5,0,14,0,0,0,12,0,27,0,0,0,0,0,0,0,7,0,0,0,0,0,13,0,36,0,0,0,6,0,6,0,0,0,0,0,0,0,0,0,0,0,0,0,0,0,0,0,40,0,0,0,142,12,92,26,0,0,184,88,0,0,4,0,29,0,18,75,0,0,0,0,0,0,0,0,0,0,0,0,0,0,0,0,0,0,0,0,0,0,0,0,0,0,0,0,0,0,0,0,0,0,0,0,0,0,0,0,0,0,0,0,0,0,0,0,0,0,0,0,0,0,0,0,0,0,0,0,41,0,52,0,28,0,0,0,12,0,9,0,0,0,0,0,11,0,0,0,3,0,0,0,0,0,187,23,92,2,47,0,84,9,0,0,0,0,0,0,75,0,150,0,0,0,0,0,15,0,0,0,0,0,0,0,0,0,0,0,0,0,0,0,0,0,0,0,0,0,0,0,0,0,0,0,0,0,0,0,0,0,337,124,451,515,882,27,273,5,0,1,5,0,0,0,0
1,0,0,0,0,0,0,18,10,42,0,0,0,0,0,0,0,19,0,0,0,0,0,0,0,41,0,0,1,1,0,0,0,0,0,0,0,0,0,0,0,0,0,0,0,0,0,0,0,0,0,0,24,96,21,244,0,0,127,152,0,23,0,21,22,14,36,25,0,2,0,0,0,0,0,0,0,0,0,0,0,0,0,0,0,0,0,0,0,0,0,0,0,0,0,0,0,0,0,0,0,0,0,0,0,0,0,0,0,0,0,0,0,0,0,0,0,0,0,0,0,0,0,0,0,10,0,0,0,55,0,45,0,15,0,22,0,50,0,56,0,3,0,0,0,17,0,0,0,6,0,0,0,2,9,180,2,65,9,177,7,97,0,73,0,10,0,0,0,51,0,238,0,112,0,3,4,0,0,0,0,0,0,0,9,28,0,0,0,0,0,0,0,0,0,0,0,0,0,0,0,0,0,0,0,0,0,0,0,5,2,1,0,0,709,0,0,0,223,42,386,654,5,289,0
13,0,24,0,20,0,81,0,183,135,0,0,0,0,11,0,3,0,4,0,0,0,8,0,31,0,4,0,0,0,0,0,0,0,0,0,0,0,0,0,0,0,0,0,6,0,0,0,36,0,0,0,82,76,50,226,184,127,0,255,127,0,11,13,131,18,281,147,0,0,0,0,0,0,0,0,0,0,0,0,0,0,0,0,0,0,0,0,0,0,0,0,0,0,0,0,0,0,0,0,0,0,0,0,0,0,0,0,0,0,0,0,0,0,0,0,0,0,0,0,0,0,0,0,0,0,3,0,4,0,63,0,0,0,0,0,0,0,0,0,0,0,0,0,5,0,0,0,7,0,0,0,0,0,101,44,184,0,7,0,19,0,0,0,0,0,0,0,45,0,113,0,0,0,0,3,250,0,0,0,0,0,0,0,439,46,0,0,0,0,0,0,0,0,0,0,0,0,0,0,0,0,0,0,0,0,0,0,0,0,700,297,332,0,1169,21,257,7,0,2,0,2,0,0,0
0,16,0,5,0,0,0,60,31,150,0,0,0,0,0,0,0,0,0,0,0,0,2,0,0,2,0,0,0,0,0,0,0,0,0,0,0,0,0,0,0,0,0,0,0,0,0,0,0,0,0,0,56,180,47,65,88,152,255,0,0,67,0,31,61,163,93,372,0,0,0,0,0,0,0,0,0,0,0,0,0,0,0,0,0,0,0,0,0,0,0,0,0,0,0,0,0,0,0,0,0,0,0,0,0,0,0,0,0,0,0,0,0,0,0,0,0,0,0,0,0,0,0,0,0,10,0,0,0,10,0,29,0,2,0,0,0,0,26,7,0,0,0,0,14,8,0,0,0,7,0,0,0,0,43,125,16,192,40,18,91,61,0,0,0,9,0,0,0,29,0,60,0,62,0,30,29,9,0,0,0,0,0,0,40,219,0,0,0,0,0,0,0,0,0,0,0,0,0,0,0,0,0,0,0,0,0,1,0,0,3,0,1,0,1516,0,0,0,1002,246,302,716,6,243,0
106,0,0,0,0,0,246,0,181,0,0,0,0,0,0,0,14,0,0,0,0,0,0,0,164,0,0,0,9,0,0,0,16,0,0,0,13,0,38,0,0,0,0,0,6,0,0,0,8,0,0,0,84,0,115,0,0,0,127,0,0,0,61,0,0,0,0,0,1,0,8,0,0,0,2,0,0,0,0,0,0,0,0,0,0,0,0,0,0,0,0,0,0,0,0,0,0,0,0,0,0,0,0,0,0,0,0,0,0,0,0,0,0,0,0,0,0,0,0,0,0,0,0,0,0,0,0,0,0,0,0,0,0,0,0,0,0,0,204,0,123,0,17,0,129,0,0,0,0,0,0,0,0,0,7,0,90,0,0,0,8,0,9,0,0,0,1,0,19,0,181,0,52,0,0,0,0,0,0,0,0,0,18,0,0,0,0,0,0,0,0,0,0,0,0,0,0,0,0,0,0,0,0,0,0,0,0,0,0,0,147,284,140,177,175,0,34,0,0,0,0,0,0,0,0
0,180,0,23,0,0,0,171,0,236,0,0,0,1,0,0,0,0,0,0,0,6,0,0,0,38,0,0,0,1,0,4,0,9,0,7,0,48,0,13,0,0,0,9,0,0,0,0,0,0,0,18,0,37,0,64,0,23,0,67,0,0,0,10,0,0,0,7,0,0,0,0,0,0,0,0,0,0,0,0,0,0,0,0,0,0,0,2,0,0,0,0,0,0,0,0,0,0,0,0,0,0,0,0,0,0,0,0,0,0,0,0,0,0,0,0,0,0,0,0,0,0,0,0,0,0,0,0,0,5,0,0,0,0,0,0,0,0,0,60,0,43,0,17,0,103,0,0,0,0,0,0,0,0,0,0,0,79,0,0,0,0,0,7,0,1,0,10,0,14,0,107,0,143,0,0,0,43,0,5,0,0,0,21,0,0,0,0,0,0,0,0,0,0,0,0,0,0,0,0,0,0,0,0,0,0,0,0,0,0,1,0,0,0,118,0,0,0,60,362,140,202,0,50,0
68,58,94,5,0,0,300,85,108,150,0,0,0,0,8,0,206,12,30,0,62,0,55,0,318,140,27,0,30,0,35,0,9,0,0,0,3,0,15,2,0,0,0,0,0,0,0,0,0,0,0,0,65,0,38,25,4,0,11,0,61,0,0,18,0,0,0,0,0,0,0,0,0,0,0,0,0,0,0,0,0,0,0,0,0,0,0,0,1,0,0,0,0,0,0,0,0,0,0,0,2,0,0,0,0,0,0,0,0,0,0,0,0,0,0,0,0,0,0,0,0,0,0,0,0,0,0,0,12,0,0,0,0,0,7,0,21,0,47,0,9,0,22,0,9,0,0,0,0,0,0,0,0,0,16,0,41,0,0,0,0,0,0,0,0,0,0,0,0,0,29,0,7,0,0,0,25,9,0,0,0,0,3,0,0,0,0,0,0,0,0,0,0,0,0,0,0,0,0,0,9,0,0,0,0,0,0,0,0,0,99,154,20,64,80,0,6,0,0,2,0,0,0,0,0
13,161,0,73,0,5,45,809,33,350,0,0,0,0,0,30,4,90,0,71,1,104,0,106,21,237,0,107,0,142,0,52,0,33,0,31,0,24,0,36,0,0,0,35,0,85,0,0,0,0,0,20,17,43,35,90,0,21,13,31,0,10,18,0,0,0,2,0,0,0,0,0,0,1,0,0,0,0,0,0,0,25,0,0,0,0,0,0,0,0,0,0,0,0,0,18,0,0,0,12,0,0,0,0,0,0,0,0,0,0,0,0,0,0,0,0,0,0,0,0,0,0,0,0,0,0,0,0,0,0,0,0,0,0,0,105,0,118,0,69,0,21,0,47,0,14,0,0,0,0,0,0,0,0,0,4,0,4,0,27,0,7,0,0,0,6,0,0,0,9,0,20,0,49,0,0,0,75,0,0,0,0,0,17,0,0,0,0,0,0,0,0,0,0,0,0,0,0,0,0,0,0,0,0,0,0,0,0,0,0,0,0,1,0,236,0,0,0,298,257,67,138,0,18,0
0,0,0,0,0,0,1,0,133,0,6,0,0,0,0,0,0,0,0,0,0,0,2,0,0,0,0,0,0,0,0,0,0,0,0,0,0,0,2,0,0,0,0,0,0,0,0,0,0,0,0,0,0,5,23,0,29,22,131,61,0,0,0,0,0,0,105,56,0,0,2,0,0,0,0,0,0,0,0,0,3,0,0,0,0,0,0,0,0,0,0,0,0,0,0,0,0,0,0,0,0,0,0,0,0,0,0,0,0,0,0,0,0,0,0,0,0,0,0,0,0,0,0,0,9,0,15,0,0,0,27,0,0,0,0,0,0,0,0,0,0,0,0,0,45,0,12,0,42,0,10,0,0,0,0,38,26,0,5,53,378,60,0,0,0,0,0,0,0,1,0,0,0,0,9,17,78,0,0,0,66,7,6,0,286,12,0,0,0,0,0,0,0,0,0,0,0,0,0,0,0,0,0,0,0,0,0,0,3,0,63,25,0,0,80,0,0,0,0,0,0,0,0,0,0
0,32,0,11,0,21,0,16,0,171,0,7,0,15,0,12,0,0,0,38,0,0,0,0,0,0,1,9,0,0,0,0,0,0,0,0,0,0,0,0,0,0,0,0,0,0,0,0,0,0,0,0,0,0,0,0,0,14,18,163,0,0,0,0,0,0,9,352,0,0,0,18,5,0,0,26,0,0,0,0,0,0,0,0,0,0,4,23,0,0,0,0,0,0,0,0,0,0,0,0,0,0,0,0,0,0,0,0,0,0,0,0,0,0,0,0,0,0,0,0,5,0,0,4,58,73,0,0,83,0,190,52,11,0,0,0,0,2,168,77,43,62,1,0,0,117,0,0,131,173,0,15,0,14,0,16,0,3,0,34,195,304,0,0,0,0,0,0,0,0,0,0,0,0,2,81,5,3,0,0,41,196,0,0,11,47,0,0,0,0,0,0,0,0,0,0,0,0,0,0,0,0,0,0,0,0,0,9,0,7,5,0,0,0,259,0,0,0,222,30,0,0,1,0,0
4,0,0,0,0,0,2,0,73,0,0,0,0,0,0,0,0,0,0,0,0,0,0,0,0,0,0,0,0,0,0,0,0,0,0,0,0,0,0,0,0,0,0,0,0,0,0,0,0,0,0,0,0,12,20,57,18,36,281,93,0,0,0,2,105,9,0,0,0,0,0,0,0,0,0,0,0,0,0,0,0,0,0,0,0,0,0,0,0,0,0,0,0,0,0,0,0,0,0,0,0,0,0,0,0,0,0,0,0,0,0,0,0,0,0,0,0,0,0,0,0,0,0,0,0,0,0,0,0,0,27,0,0,0,0,0,0,0,0,0,0,0,0,0,0,0,0,0,9,0,0,0,0,0,10,15,25,0,0,0,70,0,0,0,0,0,0,0,0,0,0,0,0,0,0,0,162,10,0,0,0,0,4,0,545,16,0,0,0,0,0,0,0,0,0,0,0,0,0,0,0,0,0,0,0,0,0,0,0,0,70,26,0,0,85,0,0,0,0,0,0,0,0,0,0
0,6,0,0,0,4,0,0,0,112,0,2,0,0,0,0,0,0,0,0,0,0,0,0,0,0,0,0,0,0,0,0,0,0,0,0,0,0,0,1,0,0,0,0,0,0,0,0,0,0,0,0,36,51,0,8,75,25,147,372,0,7,0,0,56,352,0,0,0,0,0,0,0,0,0,0,0,0,0,0,0,0,0,0,0,0,0,0,0,0,0,0,0,0,0,0,0,0,0,0,0,0,0,0,0,0,0,0,0,0,0,0,0,0,0,0,0,0,0,0,0,0,0,0,0,14,0,2,0,0,0,21,0,0,0,0,0,0,0,0,0,0,0,0,0,8,0,0,0,40,0,2,0,0,27,37,0,32,0,14,69,80,0,0,0,0,0,0,0,0,0,0,0,0,0,50,21,5,0,0,0,0,0,0,33,526,0,0,0,0,0,0,0,0,0,0,0,0,0,0,0,0,0,0,0,0,0,0,0,3,0,0,0,0,166,0,0,0,221,105,23,0,2,0,0
0,0,0,0,0,0,1,0,1,0,0,0,0,0,0,0,0,0,0,0,0,0,0,0,0,0,0,0,0,0,0,0,0,0,0,0,0,0,0,0,4,0,0,0,2,0,8,0,25,0,0,0,0,0,0,0,0,0,0,0,1,0,0,0,0,0,0,0,0,0,0,0,4,0,0,0,34,0,12,0,0,0,29,0,0,0,8,0,9,0,0,0,153,0,0,0,0,0,0,0,7,0,225,0,28,0,0,0,84,0,54,0,4,0,9,0,1,0,1,0,0,0,0,0,0,0,0,0,0,0,0,0,0,0,4,0,0,0,0,0,0,0,0,0,2,0,0,0,0,0,0,0,0,0,0,0,4,0,0,0,0,0,0,0,9,0,0,0,166,0,8,0,0,0,0,0,0,0,0,0,0,0,0,0,0,0,0,0,18,0,0,0,15,0,0,0,0,0,0,0,0,0,0,0,0,0,0,0,0,0,47,8,95,2,13,62,84,6,0,0,0,0,0,0,0
0,0,0,0,0,0,0,2,0,0,0,0,0,0,0,0,0,0,0,0,0,0,0,0,0,0,0,0,0,0,0,0,0,0,0,0,0,0,0,0,0,22,0,0,0,11,0,0,0,6,0,3,0,0,0,1,0,2,0,0,0,0,0,0,0,0,0,0,0,0,0,0,0,3,0,0,0,30,0,0,0,0,0,125,0,0,0,0,0,69,0,0,0,75,0,29,0,0,0,0,0,0,0,159,0,0,0,0,0,52,0,4,0,10,0,1,0,6,0,3,0,0,0,0,0,0,0,2,0,0,0,0,0,0,0,0,0,0,0,0,0,0,0,0,0,0,0,0,0,0,0,0,0,0,0,0,0,2,0,0,0,0,0,0,0,35,0,0,0,33,0,0,0,0,0,0,0,0,0,0,0,0,0,0,0,0,0,0,0,6,0,0,0,0,0,12,0,2,0,0,0,0,0,0,0,0,0,0,0,0,0,0,0,0,0,0,0,0,14,8,72,0,19,73,2
0,0,0,0,0,0,0,0,0,0,0,0,0,0,0,0,0,0,15,0,0,0,0,0,0,0,0,0,0,0,0,0,0,0,0,0,21,0,0,0,0,0,25,0,89,0,0,0,10,0,73,0,0,0,0,0,0,0,0,0,8,0,0,0,2,0,0,0,0,0,0,0,196,0,248,0,0,0,95,0,30,0,0,0,4,0,78,0,0,0,0,0,0,0,6,0,2,0,0,0,0,0,0,0,0,0,0,0,0,0,0,0,0,0,0,0,0,0,0,0,13,0,14,0,13,0,0,0,15,0,0,0,0,0,5,0,0,0,18,0,40,5,0,0,36,0,0,0,13,0,16,0,26,0,0,0,9,0,0,0,0,0,87,0,0,0,45,0,38,0,22,0,24,0,7,0,3,0,0,0,30,0,0,0,0,0,0,0,0,0,0,0,0,0,0,0,0,0,0,0,0,0,0,0,0,0,0,0,0,0,0,4,46,19,0,0,13,0,0,0,0,0,0,0,0
0,0,0,0,0,0,0,0,0,0,0,0,0,0,0,0,0,0,0,0,0,0,0,0,0,0,0,0,0,0,0,0,0,0,0,0,0,0,0,0,0,0,0,0,0,23,0,0,0,7,0,0,0,0,0,0,0,0,0,0,0,0,0,0,0,18,0,0,0,0,0,0,0,68,0,201,0,11,0,9,0,0,0,0,0,0,0,34,0,0,0,0,0,0,0,3,0,0,0,0,0,0,0,0,0,0,0,0,0,0,0,0,0,0,0,0,0,0,0,0,0,7,0,10,0,0,0,0,0,0,0,14,0,18,0,0,0,0,0,0,0,23,0,7,0,68,0,0,0,29,0,0,0,10,0,0,0,0,0,0,0,0,0,62,0,0,0,0,0,3,0,12,0,15,0,0,0,0,0,0,0,0,0,0,0,3,0,0,0,0,0,0,0,0,0,0,0,0,0,0,0,0,0,0,0,0,0,0,0,0,0,0,0,0,0,0,0,0,34,9,10,0,0,1,0
0,0,0,0,0,0,0,0,0,0,0,0,0,0,0,0,0,0,0,0,0,0,0,0,0,0,0,0,0,0,0,0,0,0,0,0,0,0,0,0,0,0,0,0,0,0,2,0,4,0,0,0,0,0,0,0,0,0,0,0,0,0,0,0,0,5,0,0,4,0,196,0,0,0,306,0,29,0,88,0,0,0,63,0,111,0,21,0,0,0,0,0,9,0,0,0,12,0,3,0,0,0,0,0,0,0,4,0,1,0,0,0,0,0,0,0,0,0,0,0,57,0,59,0,11,0,8,0,23,0,29,0,21,0,0,0,46,0,34,0,59,0,91,0,53,0,0,0,10,0,32,0,20,0,0,0,3,0,1,0,0,0,53,0,0,0,0,0,7,0,2,0,6,0,0,0,0,0,0,0,34,9,0,0,5,0,0,0,7,0,2,0,0,0,0,0,0,0,0,0,51,0,0,0,0,0,0,0,0,0,134,0,16,0,23,0,0,0,0,0,0,0,0,0,0
0,0,0,0,0,0,0,0,0,0,0,0,0,0,0,0,0,0,0,0,0,0,0,2,0,0,0,0,0,0,0,0,0,0,0,0,0,0,0,0,0,0,0,0,0,0,0,0,0,0,0,10,0,0,0,0,0,0,0,0,0,0,0,1,0,0,0,0,0,3,0,68,0,0,0,420,0,74,0,39,0,6,0,21,0,31,0,48,0,0,0,0,0,17,0,2,0,3,0,0,0,0,0,7,0,10,0,0,0,0,0,0,0,0,0,0,0,2,0,0,0,24,0,27,0,0,0,0,0,0,4,0,0,21,0,157,0,48,0,18,0,25,0,34,0,48,3,0,0,0,0,0,0,0,0,0,0,1,0,0,0,0,0,42,0,0,0,0,0,5,0,12,0,9,0,0,0,0,0,0,0,0,0,0,0,0,0,0,0,47,0,10,0,0,0,0,0,0,0,0,0,19,0,105,0,0,0,0,0,0,0,0,0,0,23,0,0,0,88,0,16,5,2,2,0
0,0,0,0,13,0,0,0,0,0,10,0,0,0,0,0,9,0,31,0,0,0,0,0,0,0,59,0,0,0,0,0,8,0,0,0,23,0,0,0,0,0,10,0,73,0,0,0,0,0,34,0,0,0,0,0,0,0,0,0,2,0,0,0,0,0,0,0,0,0,248,0,306,0,0,0,16,0,255,0,20,0,17,0,49,0,33,0,0,0,2,0,0,0,0,0,4,0,28,0,3,0,0,0,0,0,0,0,0,0,0,0,0,0,0,0,0,0,0,0,123,0,35,0,0,0,5,0,17,0,30,16,14,0,0,0,70,0,12,0,61,19,89,0,50,0,15,0,33,9,58,0,56,0,1,0,9,0,0,0,12,12,71,0,0,0,21,0,32,0,10,0,9,0,21,0,0,0,0,0,86,14,0,0,8,0,0,0,0,0,0,0,0,0,0,0,0,0,0,0,15,0,0,0,0,0,0,0,37,0,32,0,25,0,3,0,8,0,0,0,0,0,0,0,0
0,0,0,0,0,0,0,0,0,0,0,0,0,0,0,0,0,0,0,0,0,0,0,0,0,0,0,0,0,0,0,0,0,0,0,0,0,0,0,0,0,0,0,0,0,23,0,0,0,0,0,0,0,0,0,0,0,0,0,0,0,0,0,0,0,26,0,0,0,0,0,201,0,420,0,0,0,24,0,185,0,19,0,7,0,30,0,85,0,0,0,0,0,0,0,8,0,0,0,0,0,0,0,0,0,0,1,0,0,0,0,0,0,0,0,0,0,0,0,0,0,151,0,36,0,65,0,0,0,26,12,19,0,34,0,89,16,58,0,40,9,57,4,59,0,139,0,41,0,72,0,43,0,30,0,0,0,0,0,0,0,0,0,54,0,0,0,6,0,9,0,12,0,20,0,0,0,0,0,0,2,0,0,0,0,3,0,0,0,0,0,0,0,0,0,0,0,0,0,44,0,0,0,33,0,0,0,0,0,40,0,0,0,0,32,0,0,0,106,17,0,12,0,2,0
0,0,0,0,0,0,0,0,0,0,0,0,0,0,0,0,0,0,0,0,0,0,0,0,0,0,4,0,0,0,0,0,0,0,0,0,0,0,0,0,0,0,0,0,0,0,0,0,4,0,0,0,0,0,0,0,0,0,0,0,0,0,0,0,0,0,0,0,34,0,0,0,29,0,16,0,0,0,24,0,11,0,20,0,16,0,16,0,17,0,10,0,76,0,15,0,0,0,27,0,15,0,101,0,36,0,19,0,15,0,6,0,0,0,7,0,13,0,0,0,8,0,0,0,0,0,0,0,0,0,0,0,0,0,0,0,0,0,0,0,0,0,0,0,0,0,0,0,0,0,0,0,0,0,0,0,0,0,0,0,0,0,2,0,10,0,0,0,68,0,5,0,0,0,0,0,0,0,0,0,0,0,0,0,0,0,0,0,0,0,0,0,0,0,45,0,6,0,0,0,0,0,0,0,0,0,0,0,0,0,44,8,45,0,20,19,13,5,0,0,0,0,0,0,0
0,1,0,0,0,0,0,0,0,0,0,0,0,0,0,0,0,0,0,0,0,0,0,0,0,0,0,0,0,0,0,0,0,0,0,0,0,0,0,0,0,0,0,0,0,0,0,0,0,3,0,6,0,0,0,0,0,0,0,0,0,0,0,0,0,0,0,0,0,30,0,11,0,74,0,24,0,0,0,14,0,35,0,110,0,0,0,62,0,31,0,0,0,50,0,80,0,5,0,0,0,2,0,64,0,0,0,0,0,12,0,0,0,22,0,1,0,12,0,0,0,9,0,3,0,0,2,0,0,0,0,0,0,13,0,0,0,10,0,0,0,0,0,0,0,0,0,0,0,0,0,0,0,0,0,0,0,0,0,0,0,0,0,0,0,25,0,1,0,94,0,3,0,2,0,0,0,0,0,0,0,0,0,0,0,0,0,0,0,58,0,0,0,0,0,49,0,0,0,0,0,0,0,0,0,0,0,0,0,0,0,0,0,0,25,0,0,0,158,0,114,0,31,7,0
0,0,0,0,0,0,0,0,0,0,0,0,0,0,0,0,0,0,0,0,0,0,0,0,0,0,0,0,0,0,0,0,0,0,0,0,0,0,0,0,0,0,0,0,0,0,0,0,3,0,0,0,0,0,0,0,0,0,0,0,0,0,0,0,0,0,0,0,12,0,95,0,88,0,255,0,24,0,0,0,59,0,63,0,157,0,61,0,15,0,14,0,44,0,10,0,43,0,56,0,16,0,21,0,0,0,26,0,0,0,0,0,0,0,2,0,2,0,0,0,77,0,42,0,0,0,0,0,0,0,5,0,0,0,0,0,0,0,0,0,18,0,53,0,16,0,0,0,0,2,0,0,11,0,0,0,0,0,0,0,0,0,15,0,0,0,0,0,27,0,0,0,0,0,0,0,0,0,0,0,15,0,0,0,0,0,0,0,0,0,0,0,0,0,25,0,0,0,0,0,75,0,55,0,61,0,0,0,0,0,77,5,23,0,21,7,4,0,0,0,0,0,0,0,0
0,0,0,0,0,0,0,0,0,0,0,0,0,0,0,0,0,0,0,0,0,0,0,0,0,0,0,0,0,0,0,0,0,0,0,0,0,0,0,0,0,0,0,4,0,0,0,0,0,4,0,0,0,0,0,0,0,0,0,0,0,0,0,0,0,0,0,0,0,0,0,9,0,39,0,185,0,14,0,0,0,0,0,0,0,14,0,18,0,0,0,0,0,1,0,0,0,0,0,2,0,0,0,0,0,0,0,0,0,0,0,0,0,0,0,0,0,0,0,0,0,14,0,12,0,0,0,0,0,0,0,0,0,0,0,45,0,0,0,4,0,28,0,37,0,17,0,0,0,0,0,0,0,4,0,0,0,0,0,0,0,0,0,12,0,0,0,0,0,6,0,4,0,0,0,0,0,0,0,0,0,0,0,0,0,0,0,0,0,0,0,0,0,0,0,0,0,4,0,0,0,6,0,35,0,0,0,0,0,0,0,0,0,0,0,0,0,0,55,0,0,0,0,0,0
