0,188,54,135,56,0,6,31,42,0,127,11,106,0,17,55,68,23,25,0,19,0,69,120,39,50,16,0,79,3,4,0,110,0,0,0,90,0,324,0,27,0,0,0,0,0,12,0,31,0,0,0,4,1,0,0,0,0,4,0,43,0,50,0,11,0,18,0,1,0,0,0,0,0,0,0,0,0,0,0,0,0,0,0,0,0,0,0,0,0,0,0,0,0,0,0,0,0,0,0,0,0,0,0,0,0,0,0,0,0,0,0,0,0,0,0,0,0,1,0,0,0,0,0,14,0,0,0,0,0,10,0,6,0,4,0,1,0,0,0,0,0,4,0,1,0,0,0,6,0,5,0,25,0,0,0,0,0,0,0,6,0,0,0,10,0,21,0,90,0,17,0,374,4,0,0,259,116,13,0,11,0,101,0,59,0,0,0,0,0,0,0,0,0,0,0,0,0,0,0,0,0,0,0,0,0,0,0,0,0,604,160,128,192,266,0,7,2,0,0,0,0,0,0,0
188,0,138,88,0,290,115,53,47,40,9,249,0,78,0,115,108,63,0,67,0,35,294,89,279,104,0,120,0,125,0,16,0,84,0,12,0,52,0,439,0,13,0,0,0,9,0,21,0,2,0,0,0,58,0,71,0,0,0,0,0,497,32,447,0,16,0,4,0,0,0,0,0,0,0,0,0,1,0,0,0,0,0,2,0,0,0,0,0,0,0,0,0,0,0,0,0,0,0,0,0,0,0,0,0,0,0,0,0,0,0,0,0,0,0,0,0,0,0,0,0,0,0,2,0,0,0,0,0,0,0,0,0,0,0,13,0,0,0,0,0,0,0,0,0,0,0,0,0,32,0,22,0,89,0,9,0,13,0,0,0,0,0,0,0,22,0,0,0,27,0,30,0,134,0,0,75,595,0,22,0,98,14,105,0,111,0,2,0,0,0,0,0,0,0,0,0,0,0,5,0,0,0,0,0,0,0,0,0,9,0,6,0,0,784,0,0,0,1269,171,268,296,0,71,0
54,138,0,102,263,120,72,0,72,0,48,89,112,4,179,91,79,0,126,0,131,0,536,132,53,22,40,0,134,0,0,0,369,0,0,0,113,0,276,0,58,0,0,1,0,0,41,0,45,0,8,0,9,0,23,0,0,0,0,0,0,0,9,0,14,0,14,0,0,0,0,0,0,0,0,0,0,0,0,0,0,0,0,0,0,0,0,0,0,0,0,0,0,0,0,0,0,0,0,0,0,0,0,0,0,0,0,0,0,0,0,0,0,0,0,0,0,0,0,0,0,0,0,0,65,0,45,0,0,0,48,0,15,0,124,0,17,0,0,0,0,0,33,0,0,0,86,0,75,0,30,0,53,0,0,0,0,0,0,0,32,0,0,0,21,0,64,0,89,0,9,0,239,0,16,0,206,139,0,3,15,0,15,0,69,0,16,0,0,0,0,0,0,0,0,0,0,0,0,0,0,0,0,0,0,0,0,0,49,0,530,81,162,225,297,1,0,4,20,0,11,0,0,1,0
135,88,102,0,0,122,0,65,35,21,0,13,0,0,0,396,78,32,0,104,0,103,213,156,135,84,0,0,0,169,0,38,0,172,0,12,0,0,0,403,0,0,0,0,0,0,0,0,0,2,0,0,0,0,0,81,0,11,0,0,0,127,14,54,0,3,0,0,0,0,0,0,0,0,0,0,0,0,0,0,0,0,0,0,0,0,0,0,0,0,0,0,0,0,0,0,0,0,0,0,0,0,0,0,0,0,0,0,0,0,0,0,0,0,0,0,0,0,0,0,0,0,0,0,0,58,0,27,0,0,0,73,0,0,0,26,0,0,0,0,0,0,0,0,0,0,0,0,0,23,0,0,0,0,0,10,0,0,0,0,0,18,0,0,0,9,0,0,0,26,0,8,0,163,0,0,32,114,3,23,0,0,0,10,0,0,0,0,0,0,0,0,0,0,0,0,0,0,0,0,0,0,0,0,0,0,0,0,0,65,0,0,0,0,351,0,0,0,356,36,176,196,0,44,0
56,0,263,0,0,209,8,0,63,0,113,78,249,92,314,70,33,0,188,119,362,0,160,7,0,0,66,80,0,0,173,0,351,0,132,30,345,0,43,5,45,6,0,0,0,0,26,0,54,0,175,0,0,0,0,0,0,0,0,0,0,0,0,0,7,0,0,0,0,0,0,0,0,0,0,0,0,0,0,0,0,0,0,0,0,0,0,0,0,0,0,0,0,0,0,0,0,0,0,0,0,0,0,0,0,0,0,0,0,0,0,0,0,0,0,0,0,0,2,0,0,0,0,0,9,0,9,0,0,0,0,0,0,0,0,0,0,0,0,0,0,0,0,0,0,0,14,0,25,0,6,0,28,0,0,0,0,0,0,0,0,0,0,0,102,0,151,0,85,1,4,0,64,0,14,0,336,99,197,3,0,0,40,0,46,0,5,22,0,0,0,0,0,0,0,0,0,0,0,0,0,0,0,0,0,0,0,0,9,0,543,365,502,0,184,0,0,4,14,0,0,0,0,0,0
0,290,120,122,209,0,0,32,0,39,92,285,45,208,496,339,56,0,37,184,128,251,379,62,3,6,0,349,0,0,22,139,35,366,0,142,0,279,0,50,0,25,0,0,0,20,0,41,0,1,13,0,0,0,1,19,0,7,0,0,0,0,0,0,0,19,0,3,0,0,0,15,0,0,0,13,0,0,0,0,0,0,0,0,0,25,0,43,0,0,0,0,0,0,0,0,0,0,0,0,0,0,0,0,0,0,0,0,0,0,0,0,0,0,0,0,0,0,0,0,0,18,0,7,0,0,0,21,0,0,0,0,0,0,0,0,0,0,0,0,0,0,0,0,0,28,0,0,0,34,0,0,0,35,0,0,0,0,0,0,0,0,0,0,0,21,0,69,0,80,0,0,0,101,0,0,108,409,21,48,0,76,0,31,0,49,0,5,0,0,0,0,0,0,0,0,0,0,0,0,0,0,0,0,0,0,0,0,0,32,0,8,0,0,263,0,0,0,541,232,361,299,0,10,3
6,115,72,0,8,0,0,0,85,0,1,0,5,0,0,0,18,0,0,0,0,0,14,0,261,98,0,0,34,0,5,0,12,0,0,0,23,0,120,0,0,0,0,0,0,0,0,0,31,0,0,0,64,0,145,36,9,0,27,0,158,0,357,13,14,0,31,0,0,0,0,0,0,0,0,0,0,0,0,0,0,0,0,0,0,0,0,0,0,0,0,0,0,0,0,0,0,0,0,0,0,0,0,0,0,0,0,0,0,0,0,0,0,0,0,0,0,0,2,0,0,0,0,0,46,0,37,0,0,0,46,0,19,0,19,0,0,0,0,0,0,0,0,0,0,0,20,0,17,0,7,0,0,0,0,0,0,0,0,0,18,0,0,0,9,0,6,0,79,0,106,0,313,0,2,0,44,68,0,0,0,0,2,0,3,0,0,0,0,0,0,0,0,0,0,0,0,0,9,0,0,0,0,0,0,0,0,0,15,0,619,100,234,367,571,0,89,8,0,4,0,0,0,0,0
31,53,0,65,0,32,0,0,147,39,0,5,0,0,0,29,15,15,0,6,0,0,0,0,162,218,0,0,0,54,0,0,0,0,0,0,0,0,0,111,0,1,0,0,0,0,0,1,0,3,0,0,25,75,0,364,0,38,0,5,0,195,103,357,0,4,0,17,0,0,0,0,0,0,0,0,0,0,0,0,0,0,0,0,0,0,0,0,0,0,0,0,0,0,0,0,0,0,0,0,0,0,0,0,0,0,0,0,0,0,0,0,0,0,0,0,0,0,0,0,0,0,0,0,0,43,0,29,0,0,0,78,0,0,0,0,0,0,0,0,0,0,0,0,0,0,0,10,0,12,0,0,0,3,0,19,0,15,0,0,0,56,0,0,0,14,0,0,0,22,0,0,0,80,0,0,33,124,0,0,0,0,4,26,2,0,0,0,0,0,0,0,0,0,0,0,0,0,1,0,0,0,0,0,0,0,0,10,0,39,19,15,0,0,858,0,0,0,617,71,326,412,5,108,4
42,47,72,35,63,0,85,147,0,288,33,0,28,0,25,0,34,0,18,0,0,0,0,0,115,142,17,0,2,0,6,0,0,0,0,0,0,0,21,0,15,0,0,0,0,0,9,0,15,0,4,0,336,32,189,371,5,85,17,0,178,0,552,20,30,0,99,104,0,0,2,0,0,0,0,0,0,0,0,0,0,0,0,0,0,0,0,0,0,0,0,0,0,0,0,0,0,0,0,0,0,0,0,0,0,0,0,0,0,0,0,0,0,0,0,0,0,0,2,0,1,0,0,0,21,0,17,0,0,0,21,0,14,0,0,0,0,2,0,0,0,0,0,0,0,0,13,0,20,0,17,0,19,0,53,0,0,3,0,0,12,0,0,0,0,0,0,0,105,0,265,0,149,0,8,0,150,124,7,0,0,0,8,0,216,21,0,0,0,0,0,0,0,0,0,0,0,0,0,0,0,0,0,0,0,0,0,0,6,0,585,265,272,174,575,0,83,13,0,0,0,0,0,0,0
0,40,0,21,0,39,0,39,288,0,0,4,0,0,0,34,0,0,0,39,0,0,0,4,88,16,0,44,0,0,0,0,0,0,0,0,0,0,0,4,0,0,0,0,0,0,0,0,0,0,0,0,73,185,197,205,0,64,61,54,0,46,96,281,0,129,50,113,0,0,0,0,0,0,0,0,0,0,0,0,0,1,0,0,0,0,0,2,0,0,0,0,0,2,0,0,0,2,0,0,0,0,0,1,0,0,0,0,0,0,0,0,0,0,0,0,0,0,0,0,0,0,0,0,0,145,0,45,0,0,0,151,0,0,0,6,0,0,0,2,0,0,0,0,0,0,0,33,0,95,0,49,0,21,0,47,0,50,0,9,0,51,0,0,0,7,0,0,0,17,0,0,0,0,0,0,61,224,0,0,0,0,0,18,34,116,0,0,0,0,0,0,0,0,0,0,0,1,0,3,0,0,0,0,0,0,0,17,0,47,0,5,0,0,679,0,0,0,528,75,245,324,3,34,0
127,9,48,0,113,92,1,0,33,0,0,0,335,5,52,48,27,0,11,24,90,0,39,3,0,0,15,0,0,0,65,0,222,0,9,0,134,0,23,0,56,0,0,0,0,0,26,0,16,0,10,0,0,0,1,0,0,0,0,0,0,0,0,0,0,0,0,0,0,0,0,0,0,0,0,0,0,0,0,0,0,0,0,0,0,0,0,0,0,0,0,0,0,0,0,0,0,0,0,0,0,0,0,0,0,0,0,0,0,0,0,0,0,0,0,0,0,0,0,0,0,0,0,0,3,0,2,0,0,0,0,0,0,0,0,0,0,1,0,0,0,0,0,0,0,0,0,0,0,0,5,0,12,0,0,0,0,0,0,0,0,0,0,0,19,0,0,0,19,0,0,0,0,0,17,0,135,32,82,0,28,0,43,0,22,0,5,1,0,0,0,0,0,0,0,0,0,0,0,0,0,0,0,0,0,0,0,0,0,0,255,177,108,33,56,0,1,0,6,0,0,1,0,0,0
11,249,89,13,78,285,0,5,0,4,0,0,4,324,160,86,24,11,0,54,41,113,274,102,0,0,0,132,0,25,0,50,14,195,0,75,0,105,0,111,0,51,0,0,0,0,0,68,0,4,0,0,0,0,0,2,0,0,0,6,0,19,0,0,0,0,0,0,0,0,0,7,0,0,0,8,0,0,0,0,0,0,0,0,0,0,0,12,0,0,0,4,0,0,0,0,0,0,0,0,0,0,0,0,0,0,0,0,0,0,0,0,0,0,0,0,0,0,0,0,0,0,0,3,0,0,0,0,0,0,0,0,0,0,0,0,0,0,0,0,0,0,0,0,0,8,0,0,0,8,0,0,0,36,0,0,0,0,0,0,0,0,0,0,0,9,0,16,0,0,0,5,0,0,0,0,52,464,0,88,0,70,0,63,0,30,0,33,0,0,0,0,0,0,0,0,0,0,0,0,0,0,0,0,0,0,0,0,0,0,0,0,0,0,105,0,0,0,243,103,128,93,0,0,0
106,0,112,0,249,45,5,0,28,0,335,4,0,137,20,0,0,0,127,73,161,0,0,0,0,0,159,398,0,0,12,0,10,0,98,29,34,2,0,0,297,94,260,50,37,43,86,150,27,0,404,62,0,0,0,0,0,0,0,0,0,0,0,0,0,0,0,0,1,0,0,0,0,0,0,0,0,0,0,0,0,0,0,0,0,0,0,0,0,0,0,0,0,0,0,0,0,0,0,0,0,0,0,0,0,0,0,0,0,0,0,0,0,0,0,0,0,0,0,0,0,0,0,0,0,0,0,0,0,0,0,0,0,0,0,0,0,0,0,0,0,0,0,0,0,0,0,0,18,0,5,0,0,0,0,0,0,0,0,0,0,0,0,0,86,0,0,0,0,0,0,0,0,0,0,0,148,52,100,0,0,0,21,0,24,0,245,35,0,0,0,0,0,0,0,0,0,0,0,0,0,0,0,0,0,0,0,0,0,0,0,194,311,14,19,0,0,0,2,0,0,0,0,0,0
0,78,4,0,92,208,0,0,0,0,5,324,137,0,241,0,0,0,157,120,164,202,0,0,0,0,43,195,0,0,0,0,0,0,32,226,0,81,0,0,0,211,0,70,0,30,5,165,1,9,51,188,0,0,0,0,0,0,0,0,0,0,0,0,0,4,0,0,0,0,0,0,0,0,0,0,0,0,0,0,0,0,0,0,0,0,0,0,0,0,0,0,0,0,0,0,0,0,0,0,0,0,0,0,0,0,0,0,0,0,0,0,0,0,0,0,0,0,0,0,0,0,0,0,0,0,0,0,0,0,0,0,0,0,0,0,0,0,0,0,0,0,0,0,0,0,0,0,0,0,0,0,0,0,0,0,0,0,0,0,0,0,0,0,0,34,0,8,4,42,0,0,0,12,0,0,38,302,13,65,0,0,0,24,0,0,8,78,0,0,0,0,0,0,0,0,0,0,0,0,0,0,0,0,0,0,0,0,0,0,6,0,0,0,39,0,0,0,119,134,236,74,0,0,0
17,0,179,0,314,496,0,0,25,0,52,160,20,241,0,116,16,0,278,280,223,93,206,0,9,0,71,96,4,0,139,16,132,0,26,114,143,0,0,0,3,0,0,6,13,0,9,0,10,1,27,0,9,0,0,0,0,0,0,0,0,0,4,0,0,0,0,0,0,0,0,0,0,0,0,0,0,0,0,0,0,0,0,0,0,0,0,0,0,0,18,0,0,0,0,0,0,0,0,0,0,0,0,0,0,0,0,0,0,0,0,0,0,0,0,0,0,0,0,0,0,0,0,0,5,0,0,0,0,0,0,0,0,0,0,0,0,0,0,0,0,0,0,0,0,0,22,0,35,0,0,0,31,0,0,0,0,0,0,0,0,0,0,0,41,0,31,0,0,0,0,0,0,0,11,0,205,109,23,0,13,0,23,0,60,0,0,14,0,0,0,0,0,0,0,0,0,0,5,0,0,0,0,0,0,0,0,0,14,0,163,229,129,31,48,0,2,2,0,5,0,0,0,0,0
55,115,91,396,70,339,0,29,0,34,48,86,0,0,116,0,35,20,0,308,17,108,218,226,51,19,0,68,0,8,3,43,13,113,0,26,0,102,6,28,0,1,0,1,0,1,0,0,0,0,0,3,0,0,0,61,0,0,0,0,0,15,5,7,0,18,0,1,0,0,0,12,0,0,0,0,0,0,0,0,0,20,0,0,0,35,0,16,0,0,0,0,0,0,0,0,0,0,0,36,0,0,0,0,0,0,0,0,0,0,0,0,0,0,0,0,0,0,0,0,0,0,0,0,0,57,0,0,0,0,0,0,0,0,0,0,0,153,0,27,0,0,0,0,0,0,0,0,0,70,0,41,0,0,1,36,0,0,0,0,0,0,0,2,0,7,0,41,0,28,0,0,3,44,0,0,15,116,0,96,0,0,0,16,0,39,0,0,0,0,0,0,0,0,0,0,0,0,0,0,0,0,0,0,0,0,0,0,0,100,0,5,0,0,67,0,0,0,169,112,143,63,0,0,0
68,108,79,78,33,56,18,15,34,0,27,24,0,0,16,35,0,17,63,0,224,0,97,73,45,35,0,0,306,0,74,0,139,9,22,0,17,2,202,0,0,0,0,0,0,0,0,0,14,0,15,0,39,0,39,0,17,0,0,0,13,0,439,0,0,3,0,0,0,0,23,0,0,0,21,0,0,0,0,0,104,0,0,0,221,0,62,0,0,0,118,0,0,0,0,0,192,0,346,0,0,0,0,0,0,0,0,0,0,0,0,0,0,0,0,0,0,0,0,0,185,0,119,0,0,0,0,0,58,0,24,0,0,0,0,0,255,0,126,0,162,0,484,0,12,0,0,0,0,0,0,0,0,0,133,0,0,0,171,0,50,0,5,0,0,0,13,0,0,0,5,0,119,0,0,0,45,47,0,0,0,0,26,0,1,0,0,0,0,0,0,0,0,0,0,0,0,0,0,0,111,0,0,0,0,0,3,0,0,0,165,99,147,113,133,0,19,0,0,0,0,0,0,0,0
23,63,0,32,0,0,0,15,0,0,0,11,0,0,0,20,17,0,0,25,0,119,34,108,29,163,0,8,0,66,0,17,0,17,0,16,0,0,0,78,0,0,0,0,0,0,0,0,0,0,0,0,1,36,0,36,0,29,0,0,0,30,0,167,0,0,0,0,0,0,0,1,0,0,0,3,0,0,0,0,0,0,0,0,0,111,0,0,0,0,0,0,0,0,0,0,0,64,0,85,0,65,0,0,0,0,0,0,0,0,0,0,0,0,0,0,0,0,0,0,0,15,0,3,0,0,0,0,0,0,0,23,0,0,0,126,0,211,0,51,0,73,0,155,0,0,0,0,0,0,0,0,0,0,0,52,0,0,0,18,0,62,0,0,0,0,0,1,0,0,0,1,0,0,0,0,0,20,0,9,0,0,0,5,0,0,0,0,0,0,0,0,0,0,0,0,0,0,0,0,0,60,0,0,0,0,0,0,0,0,0,0,0,0,9,0,0,0,9,5,8,12,0,0,0
25,0,126,0,188,37,0,0,18,0,11,0,127,157,278,0,63,0,0,121,331,34,264,0,0,0,152,280,18,0,38,0,15,0,108,0,60,0,0,0,14,33,64,22,31,0,30,0,8,0,259,55,8,0,0,0,0,0,0,0,0,0,0,0,0,0,0,0,0,0,0,0,0,0,15,0,0,0,0,0,42,0,0,0,0,0,0,0,0,0,0,0,0,0,0,0,0,0,0,0,0,0,0,0,0,0,0,0,0,0,0,0,0,0,0,0,0,0,0,0,0,0,0,0,0,0,0,0,0,0,0,0,0,0,0,0,0,0,0,0,0,0,0,0,0,0,0,0,3,0,0,0,0,0,0,0,0,0,0,0,0,0,0,0,91,0,14,0,33,0,0,0,6,0,0,0,71,32,27,0,0,0,14,0,24,0,43,25,0,0,0,0,0,0,0,0,0,0,0,0,0,0,0,0,0,0,0,0,0,0,53,113,205,0,7,2,0,0,4,0,0,0,0,0,0
0,67,0,104,119,184,0,6,0,39,24,54,73,120,280,308,0,25,121,0,128,348,13,69,0,4,0,279,0,6,9,31,0,0,25,163,0,65,0,0,0,7,6,23,0,10,0,37,0,2,38,129,0,0,0,24,1,0,0,0,0,0,0,14,0,34,0,0,0,0,0,14,0,0,0,0,0,0,0,5,0,0,0,0,0,0,0,0,0,0,0,0,0,0,0,0,0,0,0,0,0,0,0,0,0,0,0,0,0,0,0,0,0,0,0,0,0,0,0,0,0,0,0,0,0,0,0,16,0,0,0,0,0,0,0,0,0,106,0,0,0,0,0,97,0,29,0,0,0,0,0,0,0,0,0,0,0,0,0,0,0,0,0,0,0,23,0,53,0,50,0,3,0,0,0,0,29,73,18,13,0,0,0,0,0,32,3,40,0,0,0,0,0,0,0,0,0,0,0,0,0,0,0,0,0,0,0,0,0,62,0,0,0,0,68,0,0,0,200,146,181,93,0,0,2
19,0,131,0,362,128,0,0,0,0,90,41,161,164,223,17,224,0,331,128,0,56,162,0,12,0,162,242,53,0,54,7,87,0,74,51,79,0,3,0,2,44,37,0,42,0,13,75,27,0,123,60,5,0,0,0,0,0,0,0,0,0,97,0,0,0,0,0,0,0,25,0,0,0,0,0,0,0,0,0,123,0,0,0,145,0,49,0,0,0,0,0,0,0,0,0,162,0,347,0,0,0,0,0,0,0,0,0,0,0,0,0,0,0,0,0,0,0,0,0,184,0,117,0,0,0,0,0,0,0,0,0,0,0,0,0,112,0,92,0,170,0,254,0,55,0,0,0,0,0,0,0,0,0,24,0,0,0,0,0,0,0,0,0,104,0,93,0,58,0,0,0,33,0,0,1,68,47,52,0,0,0,8,0,0,0,29,32,0,0,0,0,0,0,0,0,0,0,0,0,0,0,0,0,0,0,0,0,0,0,238,202,325,90,88,0,0,6,0,0,0,0,0,0,0
0,35,0,103,0,251,0,0,0,0,0,113,0,202,93,108,0,119,34,348,56,0,8,109,0,39,0,275,0,44,0,87,0,133,0,152,0,49,0,37,0,0,7,87,0,52,0,10,0,2,0,52,0,25,0,59,0,33,1,0,0,0,0,98,0,0,0,0,0,0,0,30,0,0,0,26,0,0,0,0,0,0,0,0,0,230,0,138,0,0,0,0,0,0,0,0,0,0,0,0,0,0,0,0,0,0,0,0,0,0,0,0,0,0,0,0,0,0,0,0,0,0,0,0,0,0,0,4,0,0,0,0,0,0,0,0,0,295,0,213,0,271,0,346,0,70,0,0,0,0,0,0,0,7,0,66,0,0,0,42,0,61,0,0,0,0,0,49,0,42,0,0,0,48,0,0,0,84,0,53,0,0,0,0,0,0,0,87,0,0,0,0,0,0,0,0,0,0,0,0,0,0,0,0,0,0,0,0,0,0,0,0,0,0,90,0,0,0,280,132,193,107,1,6,0
69,294,536,213,160,379,14,0,0,0,39,274,0,0,206,218,97,34,264,13,162,8,0,238,101,27,33,0,74,7,55,0,217,29,0,0,50,0,110,0,43,0,0,0,0,0,34,0,9,0,4,0,0,0,114,0,0,0,0,0,0,0,10,0,0,0,0,0,0,0,0,0,0,0,0,0,0,0,0,0,0,0,0,0,70,0,14,0,0,0,0,0,0,0,0,0,0,0,0,0,0,0,0,0,0,0,0,0,0,0,0,0,0,0,0,0,0,0,1,0,0,0,0,0,0,0,0,0,0,0,0,0,0,0,96,0,247,0,0,0,0,0,191,0,1,0,24,0,5,0,0,0,36,0,37,0,0,0,72,0,35,0,0,0,6,0,29,0,38,0,0,0,123,0,0,0,172,178,1,4,0,0,33,0,8,0,0,0,0,0,0,0,0,0,0,0,0,0,0,0,0,0,0,0,0,0,0,0,22,0,212,103,73,63,111,0,6,0,0,10,0,0,0,0,0
120,89,132,156,7,62,0,0,0,4,3,102,0,0,0,226,73,108,0,69,0,109,238,0,84,24,0,18,0,32,1,25,0,53,0,3,0,6,7,90,0,0,0,0,0,0,0,0,0,1,0,0,0,0,0,49,0,0,0,3,0,56,2,43,0,0,0,0,0,0,0,0,0,0,0,9,0,0,0,0,0,59,0,0,0,79,0,38,0,0,0,28,0,0,0,0,0,42,0,69,0,50,0,0,0,0,0,22,0,0,0,0,0,0,0,0,0,0,0,0,0,0,0,0,0,0,0,0,0,0,0,0,0,15,0,118,0,121,0,26,0,48,0,85,0,2,0,0,0,0,0,0,0,0,1,21,0,1,0,0,0,0,0,0,0,0,0,15,0,0,1,2,0,41,0,2,19,90,0,135,0,12,7,10,0,0,0,0,0,0,0,0,0,0,0,0,0,0,0,0,0,65,0,1,0,0,0,0,0,0,12,0,0,0,72,0,0,0,183,125,43,43,0,6,0
39,279,53,135,0,3,261,162,115,88,0,0,0,0,9,51,45,29,0,0,12,0,101,84,0,304,0,0,23,0,0,0,6,0,0,0,0,0,36,0,0,0,0,0,0,0,0,0,8,0,0,0,6,2,137,74,23,0,16,0,23,22,99,46,0,0,0,0,0,0,0,0,0,0,0,0,0,0,0,0,0,0,0,0,25,0,0,0,0,0,0,0,0,0,0,0,0,0,0,0,9,0,0,0,0,0,36,0,0,0,0,0,0,0,0,0,0,0,1,0,0,0,0,0,9,0,8,0,20,0,16,0,9,0,161,0,213,0,3,0,23,0,147,0,0,0,35,0,9,0,13,0,14,0,73,0,0,0,94,0,66,0,0,0,0,2,0,0,23,0,15,0,95,6,0,0,69,113,0,0,0,2,8,0,0,0,0,0,0,0,0,0,0,0,0,0,0,0,0,0,112,0,0,0,0,0,0,0,25,1,127,41,66,89,136,2,0,1,21,5,0,0,0,0,0
50,104,22,84,0,6,98,218,142,16,0,0,0,0,0,19,35,163,0,4,0,39,27,24,304,0,0,0,0,45,0,0,0,0,0,6,0,0,0,47,0,0,0,0,0,0,0,0,0,0,0,0,8,24,0,275,1,36,0,0,0,102,120,159,0,0,0,0,0,0,0,0,0,0,0,0,0,1,0,0,0,0,0,0,0,0,0,0,0,0,0,0,0,0,0,0,0,0,0,0,0,0,0,0,0,0,0,26,0,0,0,0,0,1,0,0,0,0,0,0,0,0,0,0,0,64,0,0,0,17,0,83,0,0,0,186,0,185,0,19,0,10,0,26,0,0,0,0,0,10,0,13,0,0,0,89,0,0,0,24,0,46,0,0,0,0,0,0,0,8,0,3,0,22,0,1,13,66,0,0,0,0,0,1,0,0,0,0,0,0,0,0,0,0,0,0,0,0,0,47,0,69,0,0,0,0,0,0,0,78,9,0,8,0,84,0,0,0,84,17,51,60,0,21,0
16,0,40,0,66,0,0,0,17,0,15,0,159,43,71,0,0,0,152,0,162,0,33,0,0,0,0,225,18,0,15,0,11,0,32,0,50,0,0,0,64,122,287,43,234,42,197,199,49,0,327,37,0,0,0,0,0,0,0,0,0,0,9,0,0,0,1,0,0,0,0,0,0,0,7,0,0,0,0,0,0,0,0,0,0,0,0,0,0,0,0,0,0,0,0,0,0,0,0,0,0,0,0,0,0,0,0,0,0,0,0,0,0,0,0,0,0,0,0,0,0,0,0,0,0,0,0,0,0,0,0,0,0,0,0,0,0,0,0,0,0,0,0,0,0,0,0,0,9,0,0,0,0,0,0,0,0,0,0,0,0,0,0,0,219,0,0,0,0,0,0,0,14,0,0,0,8,12,5,0,0,0,5,0,0,0,140,10,0,0,0,0,0,0,0,0,0,0,0,0,0,0,0,0,0,0,0,0,0,0,0,150,303,22,10,0,1,46,0,0,0,0,0,0,0
0,120,0,0,80,349,0,0,0,44,0,132,398,195,96,68,0,8,280,279,242,275,0,18,0,0,225,0,0,9,0,0,0,15,61,78,0,54,0,0,57,112,84,222,18,270,33,267,0,74,148,303,0,0,0,0,0,0,0,0,0,0,0,0,0,0,0,0,0,0,0,0,0,0,0,0,0,0,0,0,0,134,0,0,0,0,0,114,0,0,0,0,0,0,0,0,0,0,0,0,0,0,0,0,0,0,0,0,0,0,0,0,0,0,0,0,0,0,0,0,0,0,0,19,0,0,0,0,0,0,0,0,0,0,0,0,0,0,0,0,0,0,0,187,0,0,0,0,0,0,0,0,0,0,0,0,0,0,0,0,0,0,0,0,0,79,0,0,0,0,0,0,0,10,0,0,23,171,12,0,0,0,0,0,0,0,26,72,0,0,0,0,0,0,0,0,0,0,0,0,0,0,0,0,0,0,0,0,0,0,0,0,0,0,38,0,0,0,140,312,530,0,0,4,32
79,0,134,0,0,0,34,0,2,0,0,0,0,0,4,0,306,0,18,0,53,0,74,0,23,0,18,0,0,0,55,0,32,0,39,0,49,0,20,0,0,0,26,0,0,0,0,0,0,0,24,0,2,0,0,0,0,0,1,0,7,0,21,0,0,0,0,0,0,0,5,0,0,0,0,0,0,0,0,0,23,0,0,0,0,0,8,0,0,0,0,0,0,0,0,0,0,0,67,0,0,0,0,0,0,0,0,0,0,0,0,0,0,0,0,0,0,0,0,0,36,0,30,0,0,0,0,0,0,0,0,0,0,0,0,0,26,0,83,0,79,0,76,0,30,0,0,0,0,0,0,0,0,0,12,0,8,0,29,0,0,0,0,0,0,0,0,0,0,0,0,0,0,0,0,0,0,3,0,0,0,0,9,0,0,0,0,0,0,0,0,0,0,0,0,0,0,0,0,0,0,0,0,0,0,0,0,0,0,0,37,17,0,0,0,0,0,0,0,0,0,0,0,0,0
3,125,0,169,0,0,0,54,0,0,0,25,0,0,0,8,0,66,0,6,0,44,7,32,0,45,0,9,0,0,0,17,0,29,0,17,0,3,0,41,0,0,0,0,0,0,0,0,0,0,0,0,0,31,0,41,0,11,0,0,0,6,1,47,0,0,0,0,0,0,0,0,0,0,0,0,0,0,0,3,0,23,0,0,0,48,0,0,0,0,0,0,0,0,0,0,0,16,0,40,0,0,0,0,0,0,0,0,0,0,0,0,0,0,0,0,0,0,0,0,0,7,0,0,0,0,0,0,0,25,0,0,0,0,0,28,0,67,0,61,0,69,0,82,0,10,0,0,0,0,0,0,0,0,0,11,0,0,0,20,0,21,0,1,0,0,0,0,0,2,0,0,0,2,0,0,0,36,0,13,0,0,0,6,0,0,0,0,0,0,0,0,0,0,0,0,0,0,0,0,0,0,0,0,0,0,0,0,0,0,0,0,0,0,7,0,0,0,9,0,0,15,0,0,0
4,0,0,0,173,22,5,0,6,0,65,0,12,0,139,3,74,0,38,9,54,0,55,1,0,0,15,0,55,0,0,0,6,0,28,3,47,0,1,0,0,0,18,0,10,0,3,0,4,0,50,0,0,0,0,0,0,0,0,0,0,0,41,0,0,0,0,0,0,0,4,0,0,0,0,0,0,0,0,0,0,0,0,0,0,0,0,0,0,0,0,0,0,0,0,0,0,0,73,0,0,0,0,0,0,0,0,0,0,0,0,0,0,0,0,0,0,0,0,0,0,0,56,0,0,0,0,0,0,0,0,0,0,0,0,0,0,0,51,0,0,0,58,0,29,0,0,0,0,0,0,0,0,0,0,0,0,0,9,0,0,0,0,0,0,0,0,0,0,0,4,0,10,0,0,0,0,4,23,0,0,0,0,0,0,0,0,0,0,0,0,0,0,0,0,0,0,0,0,0,0,0,0,0,0,0,0,0,0,0,0,19,14,0,5,0,0,0,0,0,0,0,0,0,0
0,16,0,38,0,139,0,0,0,0,0,50,0,0,16,43,0,17,0,31,7,87,0,25,0,0,0,0,0,17,0,0,0,6,0,20,0,22,0,0,0,0,0,12,0,0,0,0,0,0,0,9,0,0,0,9,0,6,0,0,0,1,0,6,0,0,0,0,0,0,0,0,0,0,0,0,0,0,0,0,0,0,0,0,0,0,0,0,0,0,0,0,0,0,0,0,0,0,0,0,0,0,0,0,0,0,0,0,0,0,0,0,0,0,0,0,0,0,0,0,0,17,0,7,0,0,0,0,0,0,0,0,0,0,0,0,0,0,0,50,0,80,0,94,0,29,0,0,0,0,0,0,0,0,0,0,0,5,0,0,0,0,0,0,0,0,0,8,0,0,0,0,0,10,0,0,1,45,0,55,0,0,0,0,0,0,0,0,0,0,0,0,0,0,0,0,0,0,0,0,0,0,0,0,0,0,0,0,0,0,0,0,0,0,8,0,0,0,23,23,20,0,0,0,0
110,0,369,0,351,35,12,0,0,0,222,14,10,0,132,13,139,0,15,0,87,0,217,0,6,0,11,0,32,0,6,0,0,0,23,0,290,0,0,0,0,0,15,0,0,0,4,0,2,0,19,0,0,0,0,0,0,0,0,0,36,0,35,0,0,0,0,0,0,0,0,0,0,0,12,0,0,0,0,0,0,0,0,0,46,0,0,0,0,0,0,0,0,0,0,0,0,0,0,0,0,0,0,0,0,0,0,0,0,0,0,0,0,0,0,0,0,0,0,0,51,0,38,0,0,0,0,0,0,0,0,0,0,0,0,0,21,0,48,0,0,0,73,0,32,0,0,0,0,0,0,0,0,0,0,0,15,0,0,0,0,0,0,0,7,0,13,0,0,0,0,0,20,0,0,0,38,0,24,0,0,0,29,0,0,0,0,0,0,0,0,0,0,0,0,0,0,0,0,0,0,0,0,0,0,0,0,0,0,0,50,28,14,0,0,0,2,0,0,0,0,0,0,0,0
0,84,0,172,0,366,0,0,0,0,0,195,0,0,0,113,9,17,0,0,0,133,29,53,0,0,0,15,0,29,0,6,0,0,0,49,0,120,0,23,0,0,0,23,0,3,0,1,0,0,0,41,0,0,0,21,0,7,0,0,0,55,0,31,0,0,0,0,0,0,0,0,0,0,0,0,0,0,0,0,0,0,0,0,0,0,0,0,0,0,0,0,0,0,0,0,0,0,0,0,0,0,0,0,0,0,0,0,0,0,0,0,0,0,0,0,0,0,0,0,0,0,0,0,0,0,0,0,0,0,0,0,0,0,0,0,0,84,0,119,0,123,0,0,0,61,0,0,0,0,0,0,0,0,0,48,0,43,0,33,0,0,0,0,0,0,0,14,0,0,0,0,0,5,0,0,0,134,0,250,0,0,0,0,0,0,0,0,0,0,0,0,0,0,0,0,0,0,0,0,0,0,0,0,0,0,0,0,0,0,0,0,0,0,0,0,0,0,24,38,0,11,0,0,0
0,0,0,0,132,0,0,0,0,0,9,0,98,32,26,0,22,0,108,25,74,0,0,0,0,0,32,61,39,0,28,0,23,0,0,0,163,0,4,0,0,12,45,0,26,0,0,0,13,0,162,0,0,0,0,0,0,0,0,0,0,0,0,0,0,0,0,0,0,0,12,0,0,0,0,0,0,0,0,0,0,0,0,0,0,0,0,0,0,0,0,0,0,0,0,0,0,0,0,0,0,0,0,0,0,0,0,0,0,0,0,0,0,0,0,0,0,0,0,0,0,0,31,0,0,0,0,0,0,0,0,0,0,0,0,0,0,0,0,0,34,0,0,0,33,0,0,0,0,0,0,0,0,0,2,0,0,0,0,0,0,0,0,0,60,0,13,0,0,0,0,0,0,0,0,0,36,11,23,0,0,0,0,0,0,0,0,7,0,0,0,0,0,0,0,1,0,0,0,0,0,0,0,0,0,0,0,0,0,0,0,36,82,0,16,0,0,0,0,0,0,0,0,0,0
0,12,0,12,30,142,0,0,0,0,0,75,29,226,114,26,0,16,0,163,51,152,0,3,0,6,0,78,0,17,3,20,0,49,0,0,0,264,0,0,2,0,0,26,0,7,0,0,0,0,0,84,0,0,0,6,0,14,0,0,0,2,0,17,0,0,0,0,0,0,0,11,0,0,0,17,0,0,0,0,0,0,0,0,0,102,0,67,0,0,0,0,0,0,0,0,0,0,0,0,0,0,0,0,0,0,0,0,0,0,0,0,0,0,0,0,0,0,0,0,0,0,0,0,0,0,0,0,0,0,0,0,0,0,0,0,0,110,0,92,0,173,0,202,0,52,0,0,0,0,0,0,0,0,0,23,0,0,0,0,0,0,0,0,0,40,0,35,0,43,0,0,0,15,0,0,6,119,0,38,0,0,0,0,0,0,2,144,0,0,0,0,0,0,0,0,0,0,0,0,0,0,0,0,0,0,0,0,0,0,0,0,0,0,16,0,0,0,76,54,138,0,0,0,0
90,0,113,0,345,0,23,0,0,0,134,0,34,0,143,0,17,0,60,0,79,0,50,0,0,0,50,0,49,0,47,0,290,0,163,0,0,0,140,0,0,0,34,0,8,0,14,0,0,0,218,0,3,0,0,0,0,0,0,0,74,0,39,0,0,0,0,0,0,0,19,0,0,0,14,0,0,0,0,0,0,0,0,0,0,0,0,0,0,0,0,0,0,0,0,0,0,0,116,0,0,0,0,0,0,0,0,0,0,0,0,0,0,0,0,0,0,0,0,0,92,0,88,0,0,0,0,0,0,0,0,0,0,0,0,0,0,0,174,0,154,0,90,0,129,0,0,0,0,0,0,0,0,0,9,0,45,0,51,0,10,0,8,0,118,0,45,0,34,0,17,0,65,0,0,0,44,5,26,0,0,0,19,0,2,0,0,3,0,0,0,0,0,0,0,0,0,0,0,0,0,0,0,0,0,0,0,0,0,0,61,19,74,26,15,0,0,0,1,0,0,0,0,0,0
0,52,0,0,0,279,0,0,0,0,0,105,2,81,0,102,2,0,0,65,0,49,0,6,0,0,0,54,0,3,0,22,0,120,0,264,0,0,0,35,0,4,0,72,0,24,0,0,0,0,0,86,0,0,0,0,0,0,0,0,0,45,0,10,0,0,0,0,0,0,0,0,0,0,0,0,0,0,0,0,0,0,0,0,0,0,0,34,0,0,0,0,0,0,0,8,0,0,0,0,0,0,0,0,0,0,0,0,0,0,0,0,0,0,0,0,0,0,0,0,0,29,0,0,0,0,0,0,0,0,0,0,0,0,0,0,0,108,0,126,0,281,0,170,0,134,0,0,0,0,0,0,0,0,0,20,0,107,0,18,0,0,0,5,0,25,0,13,0,39,0,21,0,65,0,0,8,65,0,117,0,0,0,0,0,0,0,24,0,0,0,0,0,0,0,0,0,0,0,0,0,0,0,0,0,0,0,0,0,0,0,0,0,0,0,0,0,0,13,105,73,16,0,0,0
324,0,276,0,43,0,120,0,21,0,23,0,0,0,0,6,202,0,0,0,3,0,110,7,36,0,0,0,20,0,1,0,0,0,4,0,140,0,0,0,0,0,0,0,0,0,0,0,2,0,0,0,0,0,0,0,0,0,0,0,47,0,11,0,0,0,0,0,0,0,2,0,0,0,0,0,0,0,0,0,0,0,0,0,0,0,9,0,0,0,0,0,0,0,0,0,0,0,0,0,0,0,0,0,0,0,0,0,0,0,0,0,0,0,0,0,0,0,0,0,0,0,2,0,0,0,0,0,0,0,0,0,0,0,0,0,0,0,33,0,0,0,0,0,0,0,0,0,0,0,0,0,0,0,0,0,24,0,8,0,0,0,0,0,0,0,26,0,0,0,2,0,130,0,0,0,46,0,0,0,0,0,47,0,0,0,0,0,0,0,0,0,0,0,0,0,0,0,0,0,0,0,0,0,0,0,0,0,0,0,51,92,14,12,22,1,0,0,0,0,0,0,0,0,0
0,439,0,403,5,50,0,111,0,4,0,111,0,0,0,28,0,78,0,0,0,37,0,90,0,47,0,0,0,41,0,0,0,23,0,0,0,35,0,0,0,0,0,0,0,0,0,0,0,0,0,0,0,14,0,8,0,4,0,0,0,22,0,32,0,0,0,0,0,0,0,0,0,0,0,0,0,0,0,0,0,0,0,0,0,0,0,0,0,0,0,0,0,0,0,0,0,0,0,0,0,0,0,0,0,0,0,0,0,0,0,0,0,0,0,0,0,0,0,0,0,0,0,0,0,0,0,0,0,0,0,0,0,0,0,0,0,0,0,42,0,0,0,16,0,0,0,0,0,0,0,0,0,0,0,30,0,54,0,20,0,0,0,0,0,0,0,0,0,0,0,0,0,41,0,0,0,95,0,63,0,0,0,23,0,0,0,0,0,0,0,0,0,0,0,0,0,0,0,0,0,0,0,0,0,0,0,0,0,0,0,0,0,0,15,0,0,0,8,51,0,15,0,0,0
27,0,58,0,45,0,0,0,15,0,56,0,297,0,3,0,0,0,14,0,2,0,43,0,0,0,64,57,0,0,0,0,0,0,0,2,0,0,0,0,0,66,209,0,108,65,105,90,143,18,46,0,0,0,44,0,0,0,0,0,0,0,0,0,0,0,0,0,0,0,0,0,2,0,0,0,0,0,0,0,0,0,0,0,0,0,0,0,0,0,0,0,0,0,0,0,0,0,0,0,0,0,0,0,0,0,0,0,0,0,0,0,0,0,0,0,0,0,0,0,0,0,0,0,0,0,0,0,0,0,0,0,0,0,0,0,56,0,0,0,0,0,58,0,0,0,0,0,0,0,0,0,0,0,0,0,0,0,0,0,0,0,0,0,0,0,0,0,0,0,1,0,0,0,0,0,25,5,43,0,0,0,16,0,9,0,280,5,0,0,0,0,0,0,0,0,0,0,0,0,0,0,0,0,0,0,0,0,0,0,0,102,102,4,8,2,0,71,0,0,0,0,0,0,0
0,13,0,0,6,25,0,1,0,0,0,51,94,211,0,1,0,0,33,7,44,0,0,0,0,0,122,112,0,0,0,0,0,0,12,0,0,4,0,0,66,0,43,72,32,94,68,220,13,115,42,53,0,0,1,0,0,0,0,0,0,0,0,0,0,0,0,0,0,0,0,0,0,0,0,0,0,0,0,0,0,0,0,0,0,0,0,0,0,0,0,0,0,0,0,0,0,0,0,0,0,0,0,2,0,0,0,0,0,0,0,0,0,0,0,0,0,0,0,0,0,0,0,0,0,0,0,0,0,0,0,0,0,0,0,0,0,0,0,0,0,0,0,0,0,0,0,0,0,0,0,0,0,0,0,0,0,0,0,0,0,0,0,0,0,14,0,2,0,0,0,0,0,0,0,0,0,121,0,46,0,0,0,0,0,0,19,73,0,0,0,0,0,0,0,0,0,0,0,0,0,0,0,0,0,0,0,0,0,0,0,4,0,0,2,0,0,0,5,31,30,0,0,0,20
0,0,0,0,0,0,0,0,0,0,0,0,260,0,0,0,0,0,64,6,37,7,0,0,0,0,287,84,26,0,18,0,15,0,45,0,34,0,0,0,209,43,0,0,221,23,156,57,49,5,96,0,0,0,0,0,0,0,11,0,0,0,0,0,6,0,7,0,0,0,24,0,0,0,0,0,0,0,0,0,0,0,0,0,0,0,18,0,0,0,0,0,0,0,0,0,0,0,105,0,21,0,0,0,0,0,0,0,0,0,0,0,0,0,0,0,0,0,0,0,0,0,0,0,0,0,0,0,0,0,0,0,0,0,0,0,0,0,0,0,0,0,0,0,39,0,0,0,0,0,0,0,0,0,0,0,0,0,0,0,25,0,17,0,77,0,57,0,17,0,16,0,33,0,0,0,0,0,6,0,0,0,0,0,0,0,65,5,0,0,0,0,0,0,0,0,0,0,0,0,0,0,0,0,0,0,0,0,0,0,56,170,115,23,19,0,1,13,0,0,0,0,0,0,0
0,0,1,0,0,0,0,0,0,0,0,0,50,70,6,1,0,0,22,23,0,87,0,0,0,0,43,222,0,0,0,12,0,23,0,26,0,72,0,0,0,72,0,0,0,197,0,126,0,65,24,74,0,0,0,0,0,11,0,0,0,1,0,0,0,0,0,4,0,0,0,0,0,0,0,6,0,0,0,0,0,0,0,0,0,0,0,25,0,0,0,0,0,0,0,7,0,0,0,0,0,0,0,0,0,0,0,0,0,0,0,0,0,0,0,0,0,0,0,0,0,0,0,5,0,0,0,0,0,0,0,0,0,0,0,0,0,16,0,0,0,41,0,42,0,28,0,0,0,0,0,0,0,0,0,0,0,0,0,0,0,0,0,0,0,44,0,19,0,32,0,3,0,19,0,0,0,83,0,0,0,0,0,0,0,0,0,105,0,0,0,0,0,0,0,0,0,0,0,0,0,0,0,0,0,0,0,0,0,0,0,0,0,0,11,0,0,0,38,71,146,14,0,0,12
0,0,0,0,0,0,0,0,0,0,0,0,37,0,13,0,0,0,31,0,42,0,0,0,0,0,234,18,0,0,10,0,0,0,26,0,8,0,0,0,108,32,221,0,0,34,274,60,268,57,47,0,0,0,0,0,0,0,0,0,0,0,0,0,0,0,0,0,2,0,3,0,0,0,0,0,5,0,0,0,0,0,2,0,0,0,0,0,0,0,0,0,0,0,0,0,0,0,0,0,0,0,0,0,0,0,0,0,0,0,0,0,0,0,0,0,0,0,0,0,0,0,25,0,0,0,0,0,0,0,0,0,0,0,0,0,0,0,0,0,0,0,0,0,0,0,0,0,0,0,0,0,0,0,0,0,0,0,0,0,0,0,0,0,191,0,12,0,62,0,5,0,0,0,0,0,5,3,0,0,0,0,0,0,6,0,110,0,0,0,0,0,0,0,0,0,0,0,0,0,0,0,0,0,0,0,0,0,0,0,19,93,120,11,8,0,0,120,0,0,0,0,0,0,0
0,9,0,0,0,20,0,0,0,0,0,0,43,30,0,1,0,0,0,10,0,52,0,0,0,0,42,270,0,0,0,0,0,3,0,7,0,24,0,0,65,94,23,197,34,0,60,236,45,259,10,99,0,0,0,0,0,0,0,25,0,0,0,0,0,0,0,0,0,6,0,4,0,0,0,0,0,0,0,0,0,32,0,0,0,0,0,30,0,0,0,0,0,0,0,0,0,0,0,0,0,0,0,0,0,0,0,0,0,0,0,0,0,0,0,0,0,0,0,0,0,0,0,0,0,0,0,0,0,0,0,0,0,0,0,0,0,0,0,0,0,0,0,43,0,19,0,0,0,0,0,0,0,0,0,0,0,0,0,0,0,0,0,6,1,198,0,43,0,77,0,16,0,52,0,0,0,49,0,0,0,0,0,0,0,0,15,13,0,0,0,0,0,0,0,15,0,3,0,0,0,0,0,0,0,0,0,3,0,0,0,2,0,0,8,0,0,1,63,140,295,0,0,0,151
12,0,41,0,26,0,0,0,9,0,26,0,86,5,9,0,0,0,30,0,13,0,34,0,0,0,197,33,0,0,3,0,4,0,0,0,14,0,0,0,105,68,156,0,274,60,0,90,280,36,59,0,0,0,0,0,0,0,0,0,0,0,0,0,0,0,0,0,0,0,15,0,0,0,15,0,2,0,0,0,44,0,0,0,0,0,0,0,0,0,0,0,0,0,0,0,0,0,148,0,0,0,0,0,0,0,0,0,0,0,0,0,0,0,0,0,0,0,0,0,45,0,0,0,0,0,0,0,0,0,0,0,0,0,0,0,52,0,0,0,0,0,48,0,0,0,0,0,0,0,0,0,16,0,0,0,0,0,0,0,9,0,0,0,0,0,3,0,0,0,0,0,0,0,0,0,11,4,20,0,0,0,8,0,0,0,166,4,0,0,0,0,0,0,0,0,0,0,0,0,0,0,0,0,0,0,0,0,0,0,41,123,110,0,0,0,0,109,0,0,1,0,0,0,0
0,21,0,0,0,41,0,1,0,0,0,68,150,165,0,0,0,0,0,37,75,10,0,0,0,0,199,267,0,0,0,0,0,1,0,0,0,0,0,0,90,220,57,126,60,236,90,0,21,63,98,54,0,0,0,1,0,0,0,0,0,0,0,0,0,0,0,0,0,0,0,0,0,0,0,0,0,0,0,0,0,0,0,0,0,0,0,0,0,0,0,0,0,0,0,0,0,0,0,0,0,0,0,0,0,0,0,1,0,0,0,0,0,0,0,0,0,0,0,0,0,0,0,0,0,0,0,0,0,0,0,0,0,0,0,0,0,0,0,0,0,0,0,0,0,1,0,0,0,0,0,0,0,0,0,0,0,0,0,0,0,0,0,0,0,27,0,0,0,0,0,0,0,2,0,0,5,167,0,0,0,0,0,0,0,0,40,61,0,0,0,0,0,0,0,0,0,0,0,0,0,0,0,0,0,0,0,0,0,0,0,0,0,0,0,0,0,0,0,132,95,0,0,1,53
31,0,45,0,54,0,31,0,15,0,16,0,27,1,10,0,14,0,8,0,27,0,9,0,8,0,49,0,0,0,4,0,2,0,13,0,0,0,2,0,143,13,49,0,268,45,280,21,0,97,27,0,16,0,12,0,25,0,30,0,7,0,0,0,5,0,8,0,7,0,0,0,6,0,0,0,3,0,10,0,6,0,13,0,17,0,8,0,1,0,0,0,0,0,8,0,19,0,0,0,5,0,11,0,28,0,8,0,0,0,0,0,0,0,0,0,0,0,0,0,0,0,0,0,0,0,0,0,0,0,0,0,0,0,9,0,0,0,4,0,19,0,0,0,0,0,0,0,0,0,7,0,0,0,9,0,3,0,8,0,0,0,11,0,76,0,79,0,99,0,14,0,52,0,2,0,44,4,18,0,0,0,0,0,0,0,174,0,48,0,31,0,71,0,20,1,9,0,31,0,38,0,60,0,52,0,0,0,22,0,148,198,181,15,63,38,10,35,3,1,0,0,0,0,2
0,2,0,2,0,1,0,3,0,0,0,4,0,9,1,0,0,0,0,2,0,2,0,1,0,0,0,74,0,0,0,0,0,0,0,0,0,0,0,0,18,115,5,65,57,259,36,63,97,0,0,19,0,0,0,0,0,0,0,0,0,0,0,0,0,0,0,0,0,5,0,2,0,3,0,0,0,0,0,0,0,5,0,5,0,0,0,8,0,0,0,0,0,4,0,1,0,0,0,1,0,0,0,3,0,0,0,0,0,0,0,0,0,0,0,0,0,0,0,0,0,0,0,0,0,0,0,0,0,0,0,0,0,0,0,2,0,0,0,0,0,0,0,0,0,0,0,1,0,1,0,0,0,0,0,0,0,1,0,0,0,1,0,1,0,67,0,34,0,38,0,0,0,3,0,0,0,197,0,2,0,0,0,0,0,0,40,32,0,0,0,2,0,0,0,0,0,0,0,0,0,1,0,0,0,0,0,0,0,1,0,3,0,0,10,0,0,6,25,49,42,0,0,1,49
0,0,8,0,175,13,0,0,4,0,10,0,404,51,27,0,15,0,259,38,123,0,4,0,0,0,327,148,24,0,50,0,19,0,162,0,218,0,0,0,46,42,96,24,47,10,59,98,27,0,0,0,0,0,0,0,0,0,0,0,4,0,12,0,0,0,0,0,4,0,19,0,0,0,10,0,0,0,0,0,0,0,0,0,0,0,0,0,0,0,0,0,0,0,0,0,56,0,228,0,0,0,0,0,0,0,0,0,0,0,0,0,0,0,0,0,0,0,0,0,110,0,52,0,0,0,0,0,0,0,0,0,0,0,0,0,0,0,0,0,45,0,0,0,0,0,0,0,0,0,0,0,0,0,0,0,0,0,0,0,0,0,19,0,101,0,66,0,49,0,32,0,69,0,0,0,61,23,30,0,0,0,0,0,0,0,23,10,0,0,0,0,0,0,1,0,0,0,0,0,0,0,0,0,0,0,0,0,0,0,85,74,168,49,35,0,5,8,0,0,0,0,0,0,0
0,0,0,0,0,0,0,0,0,0,0,0,62,188,0,3,0,0,55,129,60,52,0,0,0,0,37,303,0,0,0,9,0,41,0,84,0,86,0,0,0,53,0,74,0,99,0,54,0,19,0,0,0,0,0,0,0,0,0,48,0,0,0,0,0,0,0,0,0,0,0,0,0,8,0,6,0,0,0,0,0,59,0,8,0,0,0,56,0,0,0,0,0,0,0,15,0,0,0,0,0,38,0,0,0,0,0,0,0,0,0,0,0,0,0,0,0,0,0,0,0,39,0,0,0,0,0,0,0,0,0,0,0,0,0,0,0,0,0,0,0,60,0,119,0,35,0,0,0,0,0,0,0,0,0,0,0,0,0,10,0,0,0,5,0,77,0,32,0,146,0,16,0,26,0,0,10,90,0,0,0,0,0,0,0,0,10,119,0,0,0,0,0,0,0,0,0,0,0,0,0,0,0,14,0,0,0,0,0,0,0,0,0,0,26,0,0,0,52,53,156,24,0,1,0
4,0,9,0,0,0,64,25,336,73,0,0,0,0,9,0,39,1,8,0,5,0,0,0,6,8,0,0,2,0,0,0,0,0,0,0,3,0,0,0,0,0,0,0,0,0,0,0,16,0,0,0,0,8,161,90,230,33,81,41,68,0,76,0,10,0,39,64,0,0,3,0,0,0,0,0,0,0,0,0,0,0,0,0,3,0,0,0,0,0,3,0,0,0,0,0,0,0,0,0,0,0,0,0,0,0,0,0,0,0,0,0,0,0,0,0,0,0,0,0,0,0,0,0,0,0,5,0,14,0,28,0,8,0,7,0,22,0,88,0,17,0,20,0,18,0,3,0,0,0,3,0,0,0,262,0,44,0,207,0,53,0,0,0,0,0,0,0,21,0,87,0,10,0,1,0,26,0,0,0,0,0,4,0,185,0,0,0,0,0,0,0,0,0,0,0,0,0,0,0,0,1,0,0,0,0,0,0,8,0,211,81,156,163,250,3,98,4,8,0,2,0,0,0,0
1,58,0,0,0,0,0,75,32,185,0,0,0,0,0,0,0,36,0,0,0,25,0,0,2,24,0,0,0,31,0,0,0,0,0,0,0,0,0,14,0,0,0,0,0,0,0,0,0,0,0,0,8,0,37,141,2,100,11,16,0,47,0,105,0,0,3,32,0,2,0,0,0,0,0,0,0,0,0,0,0,0,0,0,0,20,0,6,0,0,0,0,0,0,0,3,0,0,0,0,0,0,0,0,0,0,0,0,0,0,0,0,0,0,0,0,0,0,0,0,0,0,0,0,0,6,0,0,0,90,0,51,0,25,0,70,0,161,0,244,0,102,0,83,0,35,0,0,0,0,0,0,0,0,0,303,0,168,0,158,0,119,0,0,0,6,0,0,0,18,0,43,2,22,0,0,3,52,0,0,0,0,0,35,0,22,0,0,0,0,0,0,0,0,0,0,0,0,0,0,0,37,0,0,0,0,0,0,0,0,0,0,0,0,152,0,0,0,60,12,104,142,0,12,0
0,0,23,0,0,1,145,0,189,197,1,0,0,0,0,0,39,0,0,0,0,0,114,0,137,0,0,0,0,0,0,0,0,0,0,0,0,0,0,0,44,1,0,0,0,0,0,0,12,0,0,0,161,37,0,301,116,82,92,28,31,0,34,8,10,0,42,118,0,0,0,0,0,0,0,0,0,0,0,0,0,0,0,0,0,0,0,0,0,0,0,0,0,0,0,0,0,0,0,0,0,0,0,0,0,0,0,0,0,0,0,0,0,0,0,0,0,0,0,0,0,0,0,0,24,0,50,0,11,0,50,0,22,0,68,0,115,0,0,0,0,0,65,0,0,0,0,0,11,0,0,0,0,0,103,1,10,4,51,0,172,0,0,0,0,0,0,0,27,0,193,0,8,0,2,0,20,15,0,0,0,0,0,0,124,9,11,0,0,0,0,0,0,0,0,0,0,0,0,0,0,0,0,0,0,0,0,0,49,0,219,90,262,185,305,0,79,9,0,0,0,0,0,0,0
0,71,0,81,0,19,36,364,371,205,0,2,0,0,0,61,0,36,0,24,0,59,0,49,74,275,0,0,0,41,0,9,0,21,0,6,0,0,0,8,0,0,0,0,0,0,0,1,0,0,0,0,90,141,301,0,9,149,71,57,0,41,101,70,0,8,82,60,0,0,0,0,0,0,0,0,0,0,0,0,0,4,0,0,0,17,0,0,0,0,0,0,0,1,0,0,0,0,0,4,0,0,0,1,0,0,0,0,0,0,0,0,0,0,0,0,0,0,0,0,0,0,0,0,0,47,0,5,0,18,0,125,0,34,0,77,0,127,0,32,0,0,0,39,0,6,0,0,0,7,0,0,0,0,0,142,0,22,0,31,0,179,0,0,0,7,0,0,0,27,0,79,17,39,0,0,27,90,0,1,0,0,0,21,45,15,0,0,0,0,0,0,0,0,0,0,0,0,0,0,0,0,0,0,0,0,0,0,0,41,31,0,0,0,463,0,0,0,199,43,325,319,0,33,0
0,0,0,0,0,0,9,0,5,0,0,0,0,0,0,0,17,0,0,1,0,0,0,0,23,1,0,0,0,0,0,0,0,0,0,0,0,0,0,0,0,0,0,0,0,0,0,0,25,0,0,0,230,2,116,9,0,0,244,0,0,0,0,0,68,0,35,29,0,0,0,0,0,0,0,0,0,0,0,0,0,0,0,0,0,0,0,0,0,0,0,0,0,0,0,0,0,0,0,0,0,0,0,0,0,0,0,0,0,0,0,0,0,0,0,0,0,0,0,0,0,0,0,0,23,0,54,0,14,0,105,0,30,0,0,0,32,0,0,0,0,0,0,0,3,0,0,0,2,0,9,0,0,0,185,0,3,0,129,0,190,2,0,0,0,0,0,0,40,0,167,0,0,0,0,0,1,0,0,0,0,0,0,0,24,0,0,0,0,0,0,0,0,0,0,0,0,0,0,0,0,0,0,0,0,0,0,0,36,0,295,82,396,316,576,0,105,10,0,0,0,0,0,0,0
0,0,0,11,0,7,0,38,85,64,0,0,0,0,0,0,0,29,0,0,0,33,0,0,0,36,0,0,0,11,0,6,0,7,0,14,0,0,0,4,0,0,0,11,0,0,0,0,0,0,0,0,33,100,82,149,0,0,77,137,0,2,0,5,0,6,83,108,0,0,0,0,0,0,0,0,0,0,0,0,0,0,0,0,0,0,0,0,0,0,0,0,0,0,0,0,0,7,0,0,0,0,0,0,0,0,0,0,0,0,0,0,0,0,0,0,0,0,0,0,0,0,0,0,0,31,0,2,0,46,0,81,0,32,0,14,0,56,0,8,0,0,0,6,0,0,0,0,0,10,0,0,0,0,6,219,0,21,0,213,0,217,0,0,0,4,0,0,0,57,0,98,0,35,0,0,1,2,0,0,0,0,0,0,16,26,0,0,0,0,0,0,0,0,0,0,0,0,0,0,0,0,0,0,0,0,0,3,0,10,0,0,0,0,344,0,1,0,199,65,273,251,11,0,0
4,0,0,0,0,0,27,0,17,61,0,0,0,0,0,0,0,0,0,0,0,1,0,0,16,0,0,0,1,0,0,0,0,0,0,0,0,0,0,0,0,0,11,0,0,0,0,0,30,0,0,0,81,11,92,71,244,77,0,174,0,0,3,0,245,7,399,214,0,0,0,0,0,0,0,0,0,0,0,0,0,0,2,0,0,0,0,0,0,0,0,0,0,0,0,0,0,0,0,0,0,0,0,0,0,0,0,0,0,0,0,0,0,0,0,0,0,0,0,0,0,0,0,0,10,0,19,0,0,0,22,0,6,0,0,0,3,0,0,0,0,0,0,0,3,0,8,0,7,0,2,0,0,0,90,15,32,0,7,0,25,3,0,0,0,0,0,0,25,0,137,0,0,0,22,0,0,0,0,0,5,0,0,0,69,33,0,0,0,0,0,0,0,0,0,0,0,0,0,0,0,0,0,0,0,1,0,0,5,0,685,370,547,642,1302,13,172,21,0,0,3,0,0,0,0
0,0,0,0,0,0,0,5,0,54,0,6,0,0,0,0,0,0,0,0,0,0,0,3,0,0,0,0,0,0,0,0,0,0,0,0,0,0,0,0,0,0,0,0,0,25,0,0,0,0,0,48,41,16,28,57,0,137,174,0,0,2,0,0,30,99,199,388,0,8,0,0,0,0,0,0,0,3,0,0,0,0,0,0,0,0,0,0,0,0,0,0,0,0,0,0,0,0,0,0,0,0,0,7,0,0,0,0,0,0,0,0,0,0,0,0,0,1,0,0,0,0,0,0,0,6,0,0,0,1,0,33,0,0,0,0,0,5,0,2,0,0,0,0,0,0,0,0,0,3,0,0,0,0,55,101,0,10,0,84,0,86,0,0,0,10,0,0,0,85,0,103,0,79,8,12,0,0,0,0,0,0,0,0,29,177,0,0,0,0,0,0,0,0,0,0,0,0,0,0,0,0,0,0,0,0,0,0,0,0,2,0,0,0,1276,0,0,0,777,191,641,598,31,8,2
43,0,0,0,0,0,158,0,178,0,0,0,0,0,0,0,13,0,0,0,0,0,0,0,23,0,0,0,7,0,0,0,36,0,0,0,74,0,47,0,0,0,0,0,0,0,0,0,7,0,4,0,68,0,31,0,0,0,0,0,0,0,154,0,0,0,8,0,0,0,0,0,0,0,5,0,0,0,0,0,0,0,0,0,0,0,0,0,0,0,0,0,0,0,0,0,0,0,0,0,0,0,0,0,0,0,0,0,0,0,0,0,0,0,0,0,0,0,1,0,0,0,8,0,0,0,0,0,0,0,0,0,0,0,0,0,0,0,213,0,97,0,23,0,210,0,0,0,0,0,0,0,0,0,48,0,104,0,33,0,0,0,6,0,0,0,0,0,20,0,113,0,106,0,0,0,0,0,0,0,0,0,0,0,19,0,0,0,0,0,0,0,0,0,0,0,0,0,0,0,0,0,0,0,0,0,0,0,0,0,42,35,87,71,54,0,46,0,0,0,0,0,0,0,0
0,497,0,127,0,0,0,195,0,46,0,19,0,0,0,15,0,30,0,0,0,0,0,56,22,102,0,0,0,6,0,1,0,55,0,2,0,45,0,22,0,0,0,1,0,0,0,0,0,0,0,0,0,47,0,41,0,2,0,2,0,0,5,43,0,0,0,1,0,0,0,0,0,0,0,2,0,0,0,0,0,0,0,0,0,0,0,0,0,0,0,0,0,0,0,0,0,0,0,0,0,0,0,0,0,0,0,0,0,0,0,0,0,0,0,0,0,0,0,0,0,0,0,0,0,0,0,0,0,0,0,0,0,0,0,0,0,15,0,71,0,111,0,0,0,129,0,0,0,0,0,0,0,0,0,30,0,240,0,19,0,0,0,3,0,0,0,0,0,8,0,39,0,109,0,0,5,72,0,15,0,2,0,40,0,0,0,0,0,0,0,0,0,0,0,0,0,0,0,0,0,0,0,0,0,0,0,0,0,0,0,0,0,0,92,0,0,0,48,113,79,144,0,28,0
50,32,9,14,0,0,357,103,552,96,0,0,0,0,4,5,439,0,0,0,97,0,10,2,99,120,9,0,21,1,41,0,35,0,0,0,39,0,11,0,0,0,0,0,0,0,0,0,0,0,12,0,76,0,34,101,0,0,3,0,154,5,0,10,0,0,0,0,0,0,0,0,0,0,0,0,0,0,0,0,0,0,0,0,0,0,0,0,0,0,0,0,0,0,0,0,0,0,0,0,0,0,0,0,0,0,0,0,0,0,0,0,0,0,0,0,0,0,0,0,17,0,0,0,0,0,0,0,8,0,0,0,2,0,4,0,21,0,252,0,0,0,74,0,41,0,0,0,0,0,0,0,0,0,127,0,28,0,196,0,14,0,0,0,0,0,0,0,13,0,23,0,32,0,0,0,101,34,0,0,0,0,10,0,19,0,0,0,0,0,0,0,0,0,0,0,0,0,0,0,0,0,0,0,0,0,0,0,0,0,137,38,78,70,117,0,33,1,11,0,0,0,0,0,0
0,447,0,54,0,0,13,357,20,281,0,0,0,0,0,7,0,167,0,14,0,98,0,43,46,159,0,0,0,47,0,6,0,31,0,17,0,10,0,32,0,0,0,0,0,0,0,0,0,0,0,0,0,105,8,70,0,5,0,0,0,43,10,0,0,0,0,4,0,1,0,0,0,0,0,0,0,0,0,0,0,0,0,0,0,3,0,0,0,0,0,0,0,0,0,0,0,0,0,0,0,0,0,0,0,0,0,0,0,0,0,0,0,0,0,0,0,0,0,0,0,1,0,0,0,0,0,0,0,0,0,5,0,9,0,12,0,28,0,43,0,28,0,0,0,15,0,0,0,0,0,0,0,0,0,33,0,67,0,30,0,17,0,1,0,0,0,0,0,3,0,6,0,22,0,0,5,93,0,0,0,0,0,71,0,1,0,0,0,0,0,0,0,0,0,0,0,0,0,0,0,0,0,0,0,0,0,0,0,0,0,0,0,0,75,0,0,0,43,15,49,79,0,12,0
11,0,14,0,7,0,14,0,30,0,0,0,0,0,0,0,0,0,0,0,0,0,0,0,0,0,0,0,0,0,0,0,0,0,0,0,0,0,0,0,0,0,6,0,0,0,0,0,5,0,0,0,10,0,10,0,68,0,245,30,0,0,0,0,0,16,90,9,0,0,0,0,0,0,0,0,0,0,0,0,0,0,0,0,0,0,0,0,0,0,0,0,0,0,0,0,0,0,0,0,0,0,0,0,0,0,0,0,0,0,0,0,0,0,0,0,0,0,0,0,0,0,0,0,2,0,0,0,0,0,18,0,0,0,2,0,0,0,0,0,0,0,0,0,88,0,0,0,16,0,0,0,1,0,38,19,12,0,20,33,305,42,30,0,0,0,0,0,0,0,21,0,12,0,117,5,0,0,0,0,184,24,2,0,225,6,0,0,0,0,0,0,0,0,0,0,0,0,0,0,0,0,0,0,0,0,0,0,2,0,215,34,27,0,158,0,0,0,0,0,0,0,0,0,0
0,16,0,3,0,19,0,4,0,129,0,0,0,4,0,18,3,0,0,34,0,0,0,0,0,0,0,0,0,0,0,0,0,0,0,0,0,0,0,0,0,0,0,0,0,0,0,0,0,0,0,0,0,0,0,8,0,6,7,99,0,0,0,0,16,0,0,248,0,0,0,6,0,0,0,0,0,0,0,0,0,0,0,0,0,8,0,0,0,0,0,0,0,0,0,0,0,0,0,0,0,0,0,0,0,0,0,0,0,0,0,0,0,0,0,0,0,0,0,0,0,0,0,0,0,57,0,23,0,1,53,35,0,0,0,0,0,0,9,5,0,16,0,0,0,37,0,30,0,249,0,31,0,10,8,0,0,0,20,14,27,320,0,0,0,0,0,0,0,6,0,0,0,0,4,82,0,0,0,0,37,189,0,5,3,151,0,0,0,0,0,0,0,0,0,0,0,0,0,1,0,0,0,0,0,0,0,9,0,20,0,0,0,0,187,0,0,0,153,41,0,0,0,0,0
18,0,14,0,0,0,31,0,99,50,0,0,0,0,0,0,0,0,0,0,0,0,0,0,0,0,1,0,0,0,0,0,0,0,0,0,0,0,0,0,0,0,7,0,0,0,0,0,8,0,0,0,39,3,42,82,35,83,399,199,8,0,0,0,90,0,0,134,0,0,0,0,0,0,0,0,0,0,0,0,0,0,0,0,0,0,0,0,0,0,0,0,0,0,0,0,0,0,0,0,0,0,0,0,0,0,0,0,0,0,0,0,0,0,0,0,0,0,0,0,0,0,0,0,0,0,1,0,0,0,18,0,0,0,0,0,0,0,0,0,0,0,0,0,3,0,0,0,16,0,0,0,0,0,55,9,26,0,0,12,71,0,0,0,0,0,0,0,0,0,29,0,0,0,69,6,0,1,0,0,0,1,0,0,486,31,0,0,0,0,0,0,0,0,0,0,0,0,0,0,0,0,0,0,0,0,0,0,0,0,190,111,51,81,216,0,0,2,0,0,0,0,0,0,0
0,4,0,0,0,3,0,17,104,113,0,0,0,0,0,1,0,0,0,0,0,0,0,0,0,0,0,0,0,0,0,0,0,0,0,0,0,0,0,0,0,0,0,4,0,0,0,0,0,0,0,0,64,32,118,60,29,108,214,388,0,1,0,4,9,248,134,0,0,0,0,0,0,0,0,0,0,0,0,0,0,0,0,0,0,1,0,0,0,0,0,0,0,0,0,0,0,0,0,0,0,0,0,0,0,0,0,0,0,0,0,0,0,0,0,0,0,0,0,0,0,0,0,0,0,5,0,0,0,0,0,42,0,0,0,11,0,3,0,3,0,0,0,0,0,17,0,0,0,44,0,4,0,6,30,67,1,13,0,39,0,84,0,0,0,0,0,0,0,0,0,10,0,0,8,34,4,18,0,0,12,14,0,9,56,466,0,0,0,0,0,0,0,0,0,0,0,0,0,4,0,7,0,0,0,0,0,2,0,1,0,0,0,0,519,0,0,0,432,186,136,230,6,2,0
1,0,0,0,0,0,0,0,0,0,0,0,1,0,0,0,0,0,0,0,0,0,0,0,0,0,0,0,0,0,0,0,0,0,0,0,0,0,0,0,0,0,0,0,2,0,0,0,7,0,4,0,0,0,0,0,0,0,0,0,0,0,0,0,0,0,0,0,0,0,0,0,23,0,6,0,136,0,78,0,40,0,55,0,0,0,52,0,40,0,50,0,41,0,32,0,0,0,47,0,26,0,454,0,177,0,80,0,47,0,28,0,12,0,29,0,24,0,3,0,0,0,0,0,0,0,0,0,0,0,0,0,0,0,0,0,0,0,0,0,0,0,0,0,0,0,0,0,0,0,0,0,0,0,0,0,0,0,0,0,0,0,0,0,7,0,0,0,168,0,2,0,0,0,0,0,0,0,0,0,0,0,0,0,0,0,0,0,0,0,0,0,0,0,61,0,15,0,0,0,0,0,105,0,0,0,0,0,0,0,78,0,91,0,8,175,155,2,0,0,0,0,0,0,0
0,0,0,0,0,0,0,0,0,0,0,0,0,0,0,0,0,0,0,0,0,0,0,0,0,0,0,0,0,0,0,0,0,0,0,0,0,0,0,0,0,0,0,0,0,6,0,0,0,5,0,0,0,2,0,0,0,0,0,8,0,0,0,1,0,0,0,0,0,0,0,0,0,13,0,0,0,82,0,0,0,0,0,69,0,0,0,45,0,33,0,0,0,42,0,22,0,0,0,0,0,29,0,234,0,0,0,27,0,86,0,7,0,0,0,17,0,14,0,0,0,0,0,0,0,0,0,0,0,0,0,0,0,0,0,0,0,0,0,0,0,0,0,0,0,0,0,0,0,0,0,0,0,0,0,2,0,0,0,0,0,7,0,1,0,48,0,0,0,109,0,4,0,0,0,0,0,0,0,0,0,0,0,0,0,0,0,1,0,0,0,0,0,11,0,61,0,4,0,0,0,30,0,0,0,0,0,0,0,0,0,0,0,0,0,0,0,0,38,4,94,0,41,78,0
0,0,0,0,0,0,0,0,2,0,0,0,0,0,0,0,23,0,0,0,25,0,0,0,0,0,0,0,5,0,4,0,0,0,12,0,19,0,2,0,0,0,24,0,3,0,15,0,0,0,19,0,3,0,0,0,0,0,0,0,0,0,0,0,0,0,0,0,0,0,0,0,352,0,285,0,6,0,142,0,13,0,0,0,28,0,26,0,0,0,0,0,0,0,4,0,0,0,0,0,0,0,0,0,0,0,0,0,0,0,0,0,0,0,0,0,0,0,0,0,22,0,0,0,21,0,0,0,4,0,32,0,0,1,24,0,29,0,4,0,108,0,69,0,61,0,0,0,58,0,13,0,36,0,0,0,0,0,0,0,7,0,102,0,0,0,13,0,42,0,25,0,30,0,34,0,0,0,1,0,0,0,0,0,8,0,0,0,0,0,0,0,0,0,0,0,0,0,0,0,15,0,0,0,0,0,0,0,37,0,33,0,86,18,16,0,10,0,0,0,0,0,0,0,0
0,0,0,0,0,15,0,0,0,0,0,7,0,0,0,12,0,1,0,14,0,30,0,0,0,0,0,0,0,0,0,0,0,0,0,11,0,0,0,0,0,0,0,0,0,4,0,0,0,2,0,0,0,0,0,0,0,0,0,0,0,0,0,0,0,6,0,0,0,0,0,0,0,172,1,385,0,42,0,26,0,3,0,6,0,20,2,61,0,0,0,0,0,0,0,0,0,0,12,0,0,0,0,0,0,0,0,0,0,0,0,0,0,0,0,0,0,0,0,0,0,44,0,42,0,96,0,94,0,0,0,0,17,55,0,0,0,0,0,5,0,32,0,24,0,270,0,96,10,35,0,47,13,61,0,0,0,4,0,0,0,6,0,38,0,2,0,0,0,14,0,23,0,16,0,20,0,4,0,0,11,46,0,0,0,6,0,0,0,0,0,0,0,0,0,0,0,0,0,0,0,0,0,0,0,0,0,0,0,39,0,0,0,0,5,0,0,0,60,0,23,0,0,0,1
0,0,0,0,0,0,0,0,0,0,0,0,0,0,0,0,0,0,0,0,0,0,0,0,0,0,0,0,0,0,0,0,0,0,0,0,0,0,0,0,2,0,0,0,0,0,0,0,6,0,0,0,0,0,0,0,0,0,0,0,0,0,0,0,0,0,0,0,23,0,352,0,0,0,158,0,72,0,287,0,4,0,14,0,47,0,13,0,0,0,0,0,0,0,1,0,0,0,0,0,0,0,4,0,0,0,4,0,0,0,0,0,0,0,0,0,0,0,0,0,33,0,33,0,0,0,31,0,6,0,0,0,0,0,53,0,0,0,15,0,61,0,103,0,111,0,34,0,0,0,26,0,0,0,0,0,0,0,0,0,0,0,59,0,0,0,0,0,10,0,10,0,0,0,0,0,0,0,0,0,0,0,0,0,0,0,0,0,0,0,0,0,0,0,0,0,9,0,0,0,67,0,0,0,26,0,32,0,115,0,259,7,35,10,35,12,0,0,0,0,0,0,0,0,0
0,0,0,0,0,0,0,0,0,0,0,0,0,0,0,0,0,0,0,0,0,0,0,0,0,0,0,0,0,0,0,0,0,0,0,0,0,0,0,0,0,0,0,0,0,0,0,0,0,3,0,8,0,0,0,0,0,0,0,0,0,0,0,0,0,0,0,0,0,13,0,172,0,0,0,355,0,164,0,54,0,4,0,30,0,23,0,109,0,0,0,0,0,0,0,0,0,0,0,0,0,0,0,0,0,11,0,0,0,0,0,0,0,0,0,0,0,0,0,2,0,31,0,18,0,72,0,0,0,0,0,0,5,25,3,54,0,0,0,0,0,0,0,23,0,111,0,0,4,14,0,0,0,19,0,0,0,1,0,0,0,0,0,15,0,6,0,0,0,16,0,3,0,0,0,0,0,0,0,0,0,0,0,0,0,0,0,0,0,0,0,0,0,0,0,0,0,0,0,0,0,42,0,0,0,0,0,0,0,0,1,0,0,0,14,0,0,0,302,4,14,4,0,0,0
0,0,0,0,0,0,0,0,0,0,0,0,0,0,0,0,21,0,15,0,0,0,0,0,0,0,7,0,0,0,0,0,12,0,0,0,14,0,0,0,0,0,0,0,0,0,15,0,0,0,10,0,0,0,0,0,0,0,0,0,5,0,0,0,0,0,0,0,6,0,285,1,158,0,0,0,20,0,126,0,6,0,19,0,28,0,42,0,0,0,0,0,0,0,1,0,0,0,5,0,1,0,0,0,0,0,0,0,0,0,0,0,0,0,0,0,0,0,0,0,60,0,35,0,15,9,0,0,1,0,27,0,0,0,10,0,3,0,2,0,56,0,101,0,31,0,0,0,34,0,6,0,22,0,0,0,0,0,0,0,3,2,18,0,0,0,5,0,23,0,0,0,13,0,29,0,0,0,0,0,34,4,0,0,0,0,0,0,0,0,0,0,0,0,0,0,0,0,8,0,22,0,19,0,4,0,0,0,8,0,27,0,16,0,11,0,3,0,3,0,0,0,0,0,0
0,0,0,0,0,13,0,0,0,0,0,8,0,0,0,0,0,3,0,0,0,26,0,9,0,0,0,0,0,0,0,0,0,0,0,17,0,0,0,0,0,0,0,6,0,0,0,0,0,0,0,6,0,0,0,0,0,0,0,0,0,2,0,0,0,0,0,0,0,0,0,385,0,355,0,0,0,24,0,92,0,9,0,0,0,19,0,174,0,0,0,0,0,0,0,0,0,0,0,0,0,3,0,0,0,0,0,0,0,0,0,0,0,0,0,0,0,0,0,0,0,114,0,99,0,41,0,57,0,0,2,8,0,19,0,65,0,15,0,7,0,37,0,54,0,328,8,66,0,48,0,32,0,44,0,0,0,0,0,0,0,0,0,49,0,0,0,0,0,18,0,21,0,0,0,0,0,0,0,6,0,49,0,0,0,9,0,0,0,0,0,0,0,0,0,0,0,0,0,0,0,0,0,0,0,0,2,0,0,0,0,0,0,0,2,0,0,0,78,0,16,0,0,0,1
0,0,0,0,0,0,0,0,0,0,0,0,0,0,0,0,0,0,0,0,0,0,0,0,0,0,0,0,0,0,0,0,0,0,0,0,0,0,0,0,0,0,0,0,5,0,2,0,3,0,0,0,0,0,0,0,0,0,0,0,0,0,0,0,0,0,0,0,136,0,6,0,72,0,20,0,0,0,79,0,9,0,36,0,34,0,28,0,0,0,14,0,48,0,0,0,36,0,12,0,0,0,68,0,78,0,0,0,19,0,3,0,3,0,13,0,5,0,0,0,12,0,0,0,0,0,0,0,0,0,0,0,0,0,0,0,0,0,0,0,0,0,0,0,0,0,0,0,0,0,0,0,0,0,0,0,0,0,0,0,0,0,0,0,3,0,0,0,29,0,0,0,2,0,0,0,0,0,0,0,0,0,0,0,0,0,0,0,102,0,0,0,0,0,23,0,0,0,0,0,0,0,0,0,82,0,0,0,0,0,53,0,34,5,2,39,20,0,0,0,0,0,0,0,0
0,1,0,0,0,0,0,0,0,0,0,0,0,0,0,0,0,0,0,0,0,0,0,0,0,1,0,0,0,0,0,0,0,0,0,0,0,0,0,0,0,0,0,0,0,0,0,0,0,0,0,0,0,0,0,0,0,0,0,3,0,0,0,0,0,0,0,0,0,82,0,42,0,164,0,24,0,0,0,14,0,7,0,66,0,0,0,226,0,104,0,0,0,114,0,58,0,0,0,0,0,0,0,157,0,21,0,0,0,56,0,0,0,0,0,1,0,74,0,0,0,0,0,0,0,0,0,0,0,0,0,0,0,0,0,0,0,0,0,0,0,0,0,0,0,0,0,0,0,0,0,0,0,0,0,0,0,0,0,0,0,4,0,5,0,21,0,0,0,140,0,5,0,1,0,0,0,0,0,0,0,0,0,0,0,0,0,0,0,0,0,0,0,0,0,40,0,9,0,0,0,0,0,0,0,0,0,0,0,0,0,0,0,0,12,0,0,0,78,0,60,0,11,2,0
0,0,0,0,0,0,0,0,0,0,0,0,0,0,0,0,0,0,0,0,0,0,0,0,0,0,0,0,0,0,0,0,0,0,0,0,0,0,0,0,0,0,0,0,0,0,0,0,10,0,0,0,0,0,0,0,0,0,0,0,0,0,0,0,0,0,0,0,78,0,142,0,287,0,126,0,79,0,0,0,33,0,85,0,94,0,64,0,0,0,14,0,9,0,0,0,52,0,19,0,5,0,19,0,25,0,0,0,5,0,0,0,0,0,1,0,3,0,1,0,99,0,39,0,0,0,0,0,0,0,0,0,0,0,0,0,0,0,0,0,20,0,0,0,0,0,0,0,0,0,0,0,0,0,0,0,0,0,0,0,2,0,0,0,4,0,0,0,36,0,0,0,0,0,0,0,0,0,0,0,0,0,0,0,0,0,0,0,43,0,0,0,62,0,0,0,5,0,44,0,59,0,88,0,52,0,0,0,0,0,288,10,48,4,24,30,14,0,0,0,0,0,0,0,0
