0,742,91,273,308,207,20,114,44,51,97,215,184,0,133,205,80,96,50,18,26,9,32,189,9,263,28,0,64,64,28,0,113,0,14,0,49,18,498,35,29,2,0,0,7,3,20,0,6,0,12,0,7,0,0,0,0,0,0,0,168,0,141,46,17,0,10,1,0,0,0,0,0,0,0,0,0,0,0,0,0,0,0,0,0,0,1,0,0,0,0,0,0,0,0,1,0,0,0,0,0,0,0,0,0,0,0,0,0,0,0,0,0,0,0,0,0,0,0,0,0,0,0,0,13,0,5,0,2,0,8,0,0,0,0,0,0,0,0,0,0,0,0,0,3,0,16,0,49,0,24,0,80,0,0,0,0,0,0,0,4,0,8,0,4,0,17,0,4,0,16,0,114,0,15,0,143,236,34,1,19,0,14,17,63,0,8,0,0,0,0,0,0,0,0,0,1,0,2,0,0,0,0,0,0,0,4,0,19,0,0,0,0,0,88,0,0,0,0,0,319,35,10,0,12,0,330,32,314,0,272,0,158,11,22,6,60,4,197,0,110,0,228,0,369,7,0,0,0
742,0,137,101,14,221,129,51,144,113,8,338,0,241,11,66,59,116,0,116,0,11,200,88,237,69,0,107,0,186,4,14,5,156,0,10,0,274,58,341,0,138,0,0,0,22,0,43,0,7,0,6,0,5,0,50,0,8,0,37,15,75,33,74,0,99,0,17,0,0,0,0,0,9,0,0,0,0,0,0,0,0,0,3,0,0,0,0,0,0,0,0,0,0,0,0,0,0,0,0,0,0,0,0,0,0,0,0,0,0,0,0,0,0,2,0,0,0,0,0,0,0,0,0,0,27,0,15,0,2,0,58,0,13,0,0,0,46,0,0,0,0,0,0,0,0,0,14,0,160,0,124,0,113,1,5,0,13,0,0,0,15,0,1,0,0,0,0,0,4,0,12,0,42,0,0,45,247,0,19,0,67,14,75,4,69,0,4,0,0,0,0,0,0,0,0,0,20,0,0,0,0,0,0,0,0,0,15,0,53,0,6,0,0,1,47,0,0,0,0,6,465,0,9,0,18,6,365,10,251,0,424,1,484,2,65,0,91,0,86,0,46,1,81,0,403,0,0,0
91,137,0,54,248,60,173,0,6,0,19,85,32,0,596,61,41,0,61,0,153,0,723,41,237,33,0,0,237,14,150,0,327,0,0,0,35,6,542,0,0,0,1,0,12,0,0,0,3,0,9,0,13,0,151,2,6,0,0,0,74,0,96,14,15,1,2,0,0,0,0,0,0,0,0,1,0,0,0,0,0,0,0,0,0,0,0,0,0,0,0,0,0,0,0,0,0,0,0,0,0,0,0,0,0,0,0,0,0,0,0,0,0,0,0,0,0,0,0,0,1,0,0,0,52,0,47,0,0,0,43,0,21,0,131,0,44,0,2,0,3,0,59,0,0,0,71,0,150,0,82,0,25,0,1,0,0,0,4,0,23,0,4,0,7,0,24,0,4,0,5,0,133,0,0,0,0,35,0,0,2,0,1,5,5,0,0,0,0,0,0,0,0,0,0,0,18,0,0,0,0,0,0,0,1,0,32,0,213,0,5,0,0,0,56,0,0,0,4,0,433,0,11,0,16,0,104,8,297,3,171,0,0,4,30,2,46,2,98,0,69,0,107,0,273,4,0,0,0
273,101,54,0,0,102,23,164,17,25,19,3,0,12,11,259,36,172,0,71,5,20,88,212,85,364,0,24,3,112,0,14,0,139,0,0,0,96,24,190,0,5,0,0,0,0,0,3,0,0,0,2,0,0,0,279,0,11,0,0,0,10,4,62,0,0,0,0,0,0,0,0,0,0,0,0,0,0,0,0,0,0,0,0,0,0,0,0,0,0,0,0,0,0,0,0,0,0,0,0,0,0,0,0,0,0,0,0,0,0,0,0,0,0,0,0,0,0,0,0,0,0,0,0,0,4,0,11,0,0,0,6,0,27,0,39,0,83,0,30,0,10,0,0,0,0,0,1,0,0,0,23,0,0,1,1,0,0,0,5,0,5,0,0,0,0,0,0,0,2,0,2,0,19,0,0,12,18,0,0,0,3,5,1,0,0,0,0,0,1,0,0,0,0,0,0,0,0,0,3,0,0,0,0,0,0,0,21,0,68,0,0,1,0,0,14,0,0,0,0,0,328,0,0,0,5,1,105,0,135,0,97,0,182,0,12,0,17,0,21,1,8,0,19,0,105,0,0,0
308,14,248,0,0,188,50,0,23,0,142,219,264,242,420,137,50,0,189,207,184,65,62,24,0,0,105,50,0,0,284,15,418,13,191,0,284,10,278,0,72,4,0,6,8,0,26,4,8,0,37,5,0,0,0,0,3,0,0,0,4,0,0,0,13,0,2,0,0,0,0,0,0,0,0,0,0,0,0,0,0,0,0,0,0,0,0,0,0,0,0,0,0,0,0,0,0,0,0,0,0,0,0,0,0,0,0,0,0,0,0,0,0,0,0,0,0,0,0,0,0,0,0,0,12,0,7,0,0,0,0,0,0,0,17,0,0,0,1,0,2,0,0,0,0,1,16,0,60,0,15,0,23,0,0,0,0,0,0,0,14,0,0,0,53,0,172,0,91,0,0,0,93,0,8,0,54,76,6,0,19,0,0,0,28,0,10,9,0,0,0,0,0,0,0,0,0,0,0,0,0,0,0,0,0,0,12,0,52,0,0,0,0,0,58,0,0,0,3,0,516,0,24,0,156,0,371,12,246,0,314,0,0,0,21,2,109,9,62,0,0,0,111,1,384,0,0,0,0
207,221,60,102,188,0,0,60,0,12,323,153,104,175,403,304,77,16,75,186,90,156,283,118,0,6,5,200,10,66,21,218,56,275,0,103,0,279,71,23,3,85,0,0,0,14,0,19,1,7,0,28,0,0,0,44,0,0,0,6,0,0,0,0,0,10,0,0,0,0,0,1,0,0,0,0,0,0,0,0,0,0,0,0,0,0,0,0,0,0,0,0,0,0,0,0,0,0,0,0,0,0,0,0,0,0,0,0,0,0,0,0,0,0,1,0,0,0,0,0,0,0,0,0,0,0,0,0,0,3,0,7,0,0,0,0,0,30,0,0,0,0,0,0,0,0,0,0,0,0,0,31,0,56,0,0,0,0,0,0,0,2,0,0,0,33,4,39,0,33,0,0,5,27,0,0,75,120,32,21,0,41,8,0,0,0,4,0,0,0,0,0,0,0,0,0,0,15,0,0,0,0,0,0,0,0,0,11,0,28,0,0,0,0,0,15,0,0,0,43,27,355,0,15,2,165,14,394,19,312,0,265,0,401,0,36,0,142,0,33,0,32,3,47,0,158,0,0,0
20,129,173,23,50,0,0,62,21,179,4,0,7,0,34,4,11,23,0,0,0,0,68,0,371,140,0,0,15,7,0,0,0,0,0,0,5,0,0,21,0,0,2,0,7,0,0,0,2,0,21,0,69,3,174,30,0,0,11,0,181,6,386,51,5,0,3,0,0,0,0,0,0,0,0,0,0,0,2,0,0,0,0,0,4,2,0,0,0,0,2,0,0,0,0,0,0,0,0,0,0,0,0,0,0,0,0,0,0,0,0,0,0,0,0,0,0,0,0,0,2,0,0,0,30,0,17,0,5,0,27,0,10,0,17,0,7,0,0,0,0,0,0,0,0,0,0,0,28,0,10,0,0,0,2,0,2,0,0,0,16,0,7,0,0,0,12,0,6,0,34,0,67,0,0,0,0,22,0,0,0,0,0,3,0,0,0,0,0,0,0,0,0,0,0,0,0,0,0,0,0,0,0,0,0,0,0,0,65,0,10,0,0,1,161,0,0,0,3,0,378,0,23,0,7,0,114,0,335,7,114,0,245,3,50,2,25,0,249,0,87,0,110,0,392,0,0,0,0
114,51,0,164,0,60,62,0,215,78,0,0,0,8,0,23,19,22,0,17,0,0,0,16,89,517,0,0,0,50,0,2,0,10,0,0,0,0,0,157,0,0,0,0,0,0,0,0,0,0,0,2,16,9,15,211,0,22,0,9,0,142,47,157,0,4,0,0,0,0,0,0,0,0,0,0,0,0,0,0,0,0,0,0,0,0,0,0,0,0,0,0,0,0,0,0,0,0,0,0,0,0,0,0,0,0,0,0,0,0,0,0,0,0,1,0,0,0,0,0,0,0,0,0,0,8,0,0,0,1,0,10,0,7,0,0,0,32,0,4,0,0,0,0,0,0,0,2,0,2,0,6,0,0,0,0,0,0,0,1,0,5,0,0,0,0,0,0,0,3,0,4,0,47,0,0,0,0,0,0,0,1,0,8,0,0,0,0,0,0,0,0,0,0,0,0,0,0,0,0,0,0,0,0,0,0,0,4,0,18,0,7,0,2,0,57,0,0,0,6,0,450,0,24,0,12,1,73,4,206,0,183,0,353,0,36,0,35,0,86,0,24,0,41,1,274,0,0,0
44,144,6,17,23,0,21,215,0,885,35,1,44,0,54,2,2,25,17,0,0,0,0,4,2,230,16,0,0,3,4,0,0,0,7,0,3,0,0,6,5,0,2,0,0,0,6,0,6,0,0,0,107,35,78,383,0,17,57,107,132,0,50,119,151,0,350,190,0,0,0,0,0,0,0,0,0,0,0,0,0,0,0,0,0,0,0,0,0,0,0,0,0,0,0,0,1,0,0,0,0,0,0,0,0,0,0,0,0,0,0,0,0,0,0,0,0,0,0,0,0,0,0,2,51,0,17,0,7,0,66,0,12,5,0,0,0,8,0,0,0,0,4,0,0,0,42,0,210,0,29,0,22,0,12,0,13,0,1,0,9,0,5,0,2,0,0,0,6,0,37,0,0,3,14,0,401,130,5,0,2,0,1,31,63,33,0,0,0,0,4,0,0,0,0,0,5,0,0,0,0,0,0,0,0,0,7,0,68,3,9,0,0,0,172,1,0,0,0,0,193,6,0,0,17,0,134,8,229,7,65,2,127,4,28,0,10,0,140,0,30,0,76,0,236,4,0,0,0
51,113,0,25,0,12,179,78,885,0,0,7,0,0,0,16,18,0,0,14,0,10,0,10,102,35,0,0,0,6,0,0,1,0,0,0,0,0,0,27,0,7,0,0,0,0,0,0,0,3,0,0,128,34,209,148,0,10,37,236,0,294,131,268,0,222,53,141,0,0,0,0,0,12,0,1,0,0,0,0,0,0,0,0,0,2,0,0,0,0,0,0,0,0,0,0,0,0,0,0,0,0,0,0,0,0,0,3,0,0,0,0,0,0,0,0,0,0,0,0,0,0,0,0,0,47,0,23,0,0,0,66,0,11,0,8,0,48,0,0,0,0,0,0,0,0,0,23,0,147,0,90,0,22,0,3,0,20,0,5,0,54,1,0,0,0,0,1,0,2,0,20,0,65,14,2,113,307,0,16,0,0,0,51,0,30,0,0,0,0,0,0,0,0,0,0,0,0,0,0,0,0,0,0,0,0,0,19,0,33,0,0,0,0,0,79,0,0,0,0,3,318,0,0,0,5,2,218,0,240,0,150,0,220,1,36,0,29,0,119,0,23,0,61,0,309,0,0,0
97,8,19,19,142,323,4,0,35,0,0,238,364,124,75,177,53,0,51,143,156,62,34,42,0,0,42,10,5,0,129,10,425,13,36,0,276,0,134,0,90,0,5,0,0,0,40,3,27,0,14,0,0,0,0,0,0,0,0,0,0,0,0,0,3,0,0,0,0,0,0,0,0,0,0,0,0,0,0,0,0,0,0,0,0,0,0,0,1,0,0,0,0,0,0,0,0,0,0,0,0,0,0,0,0,0,0,0,0,0,0,0,0,0,0,0,0,0,0,0,0,0,0,0,3,0,0,0,0,0,0,0,2,0,1,0,0,0,0,0,0,0,0,0,0,0,0,0,11,0,7,0,87,0,0,0,0,0,0,0,0,0,0,0,11,0,78,1,30,0,0,0,58,1,24,0,105,120,64,0,21,0,6,0,36,0,64,4,0,0,0,0,0,0,0,0,0,0,0,0,0,0,0,0,0,0,0,0,6,0,0,0,0,0,17,0,1,0,0,0,213,0,5,0,48,4,268,7,194,0,165,0,57,6,13,2,71,10,0,0,19,0,70,0,184,0,0,0,0
215,338,85,3,219,153,0,0,1,7,238,0,55,400,398,23,61,0,49,27,63,66,324,32,3,0,4,70,0,24,0,68,0,157,0,26,5,187,32,16,0,277,0,5,0,13,0,56,0,37,0,14,0,0,0,6,1,1,0,0,0,2,0,0,0,14,0,0,0,0,0,0,0,0,0,0,0,0,0,0,0,0,0,0,0,0,0,0,0,0,0,0,0,0,0,6,0,0,0,0,0,0,0,0,0,0,0,0,0,0,0,0,0,0,0,0,0,0,0,0,0,0,0,0,0,4,0,2,0,0,0,0,0,1,0,3,0,11,0,3,0,0,0,0,0,0,0,0,0,0,0,45,0,147,0,1,0,4,0,0,0,0,0,1,0,8,0,6,0,0,0,0,4,8,0,59,90,517,9,152,0,118,0,67,0,44,0,20,0,0,0,0,0,0,0,0,0,11,0,0,0,0,0,0,0,0,0,9,0,7,0,0,0,0,0,6,0,0,0,17,0,144,0,5,0,50,10,203,12,93,0,118,0,146,0,8,2,49,0,22,0,11,0,27,2,91,0,0,0
184,0,32,0,264,104,7,0,44,0,364,55,0,650,52,34,0,0,58,435,33,76,0,3,0,0,149,296,0,0,56,0,16,2,283,0,153,0,2,0,467,204,50,36,18,56,111,146,100,0,173,40,0,0,0,0,1,0,0,0,0,0,0,0,6,0,0,0,0,0,0,0,3,0,0,0,0,0,0,0,0,0,0,0,0,0,0,0,0,0,0,0,0,0,0,0,0,0,0,0,0,0,0,0,0,0,0,0,0,0,0,0,0,0,0,0,0,0,0,0,0,0,0,0,0,0,0,0,0,0,0,0,0,0,0,0,0,0,0,0,0,0,0,0,0,0,2,0,11,0,7,0,67,0,0,0,0,0,0,0,0,0,0,0,78,3,26,0,0,0,0,0,0,0,41,0,141,114,55,0,34,0,14,0,30,0,119,47,0,0,0,0,0,0,0,0,1,0,0,0,0,0,0,0,0,0,0,0,0,0,0,0,0,0,0,0,0,0,76,48,41,0,0,2,409,14,206,0,35,0,42,0,0,0,0,0,33,0,0,0,0,0,26,0,69,0,0,0,0
0,241,0,12,242,175,0,8,0,0,124,400,650,0,176,0,0,0,420,82,55,78,0,0,0,0,158,103,0,0,4,44,0,9,49,100,0,105,0,0,129,394,0,150,0,62,24,49,3,116,30,293,0,0,0,0,0,0,0,0,0,3,0,0,0,0,0,0,0,0,0,0,0,0,0,0,0,0,0,0,0,0,0,0,0,0,0,0,0,7,0,0,0,4,0,22,0,0,0,0,0,0,0,0,0,0,0,0,0,0,0,0,0,0,0,0,0,0,0,0,0,0,0,0,0,3,0,4,0,0,0,7,0,0,0,7,0,13,0,2,0,3,0,0,0,0,0,0,0,11,0,27,0,65,0,0,0,0,0,0,0,0,0,0,0,92,0,0,0,20,0,0,0,1,0,38,63,529,55,96,0,60,0,7,0,18,60,74,0,0,0,0,0,0,0,0,0,0,0,0,0,0,0,0,0,0,0,0,0,13,0,0,0,0,0,0,0,0,15,399,5,18,0,55,0,462,4,229,0,100,0,66,0,63,0,14,0,25,0,13,0,0,0,24,0,33,0,0,0
133,11,596,11,420,403,34,0,54,0,75,398,52,176,0,219,63,0,598,242,276,113,476,36,164,0,191,11,0,1,219,27,210,26,161,8,145,18,22,0,10,0,0,0,17,0,17,0,0,3,14,0,10,0,191,0,0,0,0,0,0,0,16,0,47,0,1,0,0,0,0,0,0,0,0,0,0,0,0,0,0,0,0,0,24,0,0,0,0,0,0,0,0,0,0,0,15,0,0,0,4,0,0,1,62,0,0,0,0,0,0,0,0,0,0,0,0,0,0,0,0,0,0,0,13,0,7,0,0,0,9,0,0,0,132,0,81,0,12,0,0,0,177,0,0,0,58,0,251,0,88,0,185,0,3,0,0,0,0,0,0,0,0,0,26,0,86,0,33,0,0,0,37,0,20,0,29,46,0,0,51,0,11,0,175,0,0,7,0,0,21,0,3,0,0,0,14,0,9,0,43,0,0,0,0,0,20,0,91,0,0,0,0,0,10,0,0,0,0,8,125,9,0,0,46,0,234,11,92,0,61,8,29,0,6,0,25,0,19,0,12,0,45,2,62,0,0,0,0
205,66,61,259,137,304,4,23,2,16,177,23,34,0,219,0,49,106,28,442,58,116,207,453,17,78,0,49,0,50,12,121,42,202,5,8,11,97,69,23,1,7,0,0,0,9,0,0,0,3,3,0,0,0,0,388,0,16,0,9,4,0,0,28,12,4,0,0,0,0,0,0,0,0,0,0,0,0,0,4,0,0,0,0,0,40,0,0,0,0,0,25,0,0,0,0,0,0,0,14,0,0,0,0,0,0,0,169,0,0,0,0,0,0,1,0,0,0,0,0,0,18,0,0,0,6,0,7,0,0,0,0,0,48,2,86,0,104,1,38,0,32,0,43,0,0,0,2,0,6,0,39,0,12,0,0,0,0,0,0,0,0,0,0,0,4,0,13,0,7,0,1,0,9,2,0,21,20,11,0,0,4,6,0,0,0,0,0,0,0,0,0,0,0,0,0,0,0,0,4,0,0,0,0,0,0,0,41,0,83,0,0,0,0,0,6,0,0,0,5,13,111,0,0,0,24,5,272,13,113,3,70,0,93,0,7,0,18,0,8,0,0,0,9,1,70,0,0,0
80,59,41,36,50,77,11,19,2,18,53,61,0,0,63,49,0,13,94,0,495,0,143,31,175,39,50,0,298,8,107,0,121,0,26,0,8,0,59,0,2,0,6,0,64,0,2,0,1,0,4,0,102,0,19,0,4,0,0,0,28,0,567,0,0,0,0,0,0,0,29,0,3,0,61,0,0,0,0,0,73,0,0,0,441,0,104,0,0,0,73,0,7,0,0,0,362,0,109,0,0,0,36,0,56,0,238,0,0,0,0,0,0,0,0,0,0,0,0,0,65,0,117,0,0,0,0,0,6,0,0,0,21,0,17,0,46,0,53,3,34,1,180,0,15,0,3,0,0,0,0,0,0,0,103,0,0,0,39,1,4,2,6,0,0,0,5,0,0,0,2,0,14,0,0,1,11,14,0,0,0,0,0,1,2,0,0,0,0,0,0,0,0,0,0,0,0,0,0,0,20,0,0,0,0,0,0,0,1,0,0,0,0,0,42,0,0,0,0,0,42,0,0,0,0,0,459,9,55,0,22,0,26,0,4,0,4,0,21,0,10,0,24,0,51,0,0,0,0
96,116,0,172,0,16,23,22,25,0,0,0,0,0,0,106,13,0,0,53,0,171,28,182,48,175,0,0,2,215,0,75,0,101,0,27,0,39,0,144,0,0,0,0,0,0,0,0,0,0,0,7,0,28,0,47,0,47,0,0,2,0,19,267,0,0,0,0,0,0,0,0,0,0,0,0,0,0,0,0,0,22,0,0,0,99,0,16,0,0,0,45,0,0,0,0,0,21,0,55,0,0,0,0,0,0,0,215,0,0,0,0,0,0,0,0,0,0,0,0,0,0,0,15,0,0,0,0,0,21,1,0,0,65,0,122,0,178,1,146,0,58,0,182,0,0,0,0,0,0,0,0,0,0,0,37,0,0,1,58,0,6,0,0,0,0,0,0,0,0,0,0,0,1,0,1,3,24,0,0,0,0,0,13,0,0,0,0,0,0,0,0,0,0,0,0,0,0,0,0,0,0,0,0,0,0,0,0,0,5,0,0,0,0,0,0,0,0,0,0,1,12,0,0,0,0,0,163,1,40,0,6,0,11,0,0,0,1,0,2,0,0,0,0,0,6,0,0,0
50,0,61,0,189,75,0,0,17,0,51,49,58,420,598,28,94,0,0,291,289,65,171,0,32,0,224,178,0,0,93,12,23,0,511,11,191,13,3,0,4,69,39,25,30,18,12,56,3,1,245,26,0,0,0,0,0,0,0,0,1,0,39,0,9,0,0,0,0,0,32,0,0,0,34,0,0,0,0,0,0,0,0,0,0,0,0,0,0,0,0,0,0,0,0,0,0,0,38,0,16,0,0,0,0,0,0,0,0,0,0,0,0,0,0,0,0,0,0,0,24,0,0,0,0,0,0,0,0,0,0,0,0,0,0,0,0,0,9,1,20,0,99,0,40,0,0,0,23,0,12,0,0,0,0,0,3,0,0,0,0,0,9,0,99,0,57,0,32,0,23,0,11,0,9,0,27,39,8,0,7,0,2,0,29,0,11,23,0,0,0,0,0,0,0,0,0,0,0,0,0,0,0,0,0,0,0,0,0,0,0,0,0,0,13,0,0,0,26,9,81,0,0,0,315,0,257,0,37,0,41,0,0,0,0,0,38,2,8,0,4,0,8,1,59,0,0,0,0
18,116,0,71,207,186,0,17,0,14,143,27,435,82,242,442,0,53,291,0,82,510,5,262,4,56,42,363,0,0,6,221,8,28,60,333,14,151,0,0,38,56,0,150,0,104,3,44,0,17,17,273,0,14,0,232,0,10,0,4,0,23,0,48,0,25,0,0,0,0,0,0,0,0,0,0,0,0,0,26,0,67,0,0,0,111,0,96,0,0,0,0,0,0,0,25,0,0,0,0,0,0,0,0,0,0,0,278,0,0,0,0,0,0,0,0,0,0,0,0,0,91,0,60,0,0,0,8,0,0,0,10,0,35,0,59,0,117,0,68,0,50,0,133,2,39,0,0,0,38,0,41,0,34,1,4,0,10,0,0,0,4,0,0,0,95,0,8,0,34,0,3,0,6,0,0,15,60,68,1,0,18,0,0,0,28,50,5,0,0,0,0,0,0,0,0,0,0,0,0,0,0,0,0,0,0,0,22,0,43,0,0,0,0,3,0,0,0,5,120,0,78,0,42,0,261,7,238,5,137,0,75,0,69,0,0,0,33,0,35,0,11,0,22,5,53,0,0,0
26,0,153,5,184,90,0,0,0,0,156,63,33,55,276,58,495,0,289,82,0,37,224,10,85,0,118,12,70,0,357,5,319,10,162,4,171,0,21,0,1,0,19,1,58,0,4,0,2,0,62,4,22,0,41,0,28,0,24,0,26,0,234,0,0,0,0,0,0,0,117,0,0,0,151,0,0,0,0,0,72,0,0,0,186,0,137,0,0,0,53,0,0,0,0,0,197,0,155,0,0,0,0,0,44,0,179,0,0,0,0,0,0,0,0,0,0,0,0,0,118,0,53,0,0,0,3,0,0,0,0,0,0,0,33,0,28,1,37,0,68,0,145,0,167,0,0,0,0,3,0,0,0,0,18,0,10,0,0,0,0,0,16,0,26,0,95,0,43,0,24,0,28,0,4,0,0,9,5,0,0,0,0,0,0,0,0,2,0,0,0,0,0,0,0,0,0,0,0,0,16,0,0,0,0,0,0,0,0,0,0,0,0,0,14,0,0,0,9,1,68,2,0,0,77,0,314,0,78,1,61,0,24,4,8,0,21,0,37,0,29,0,73,0,106,0,0,0,0
9,11,0,20,65,156,0,0,0,10,62,66,76,78,113,116,0,171,65,510,37,0,9,187,0,67,14,126,0,108,0,116,5,50,6,109,0,81,0,3,9,6,0,98,0,107,0,15,0,11,1,129,0,12,0,38,0,11,0,5,0,18,1,101,0,0,0,0,0,0,0,44,0,0,0,16,0,13,0,24,0,55,0,0,0,99,0,67,0,0,0,0,0,0,0,0,0,0,0,0,0,0,0,0,0,0,0,0,0,0,0,0,0,0,0,0,0,0,0,0,0,119,0,61,0,0,0,5,0,4,0,1,0,0,0,0,0,123,0,143,0,151,0,277,0,118,0,0,0,0,0,4,0,0,0,0,0,12,0,12,5,0,0,5,0,76,0,9,0,34,0,5,0,8,0,0,0,22,7,3,0,6,0,0,0,0,3,2,0,0,0,0,0,0,0,0,0,2,0,0,0,0,0,0,0,0,0,0,0,0,0,1,0,0,0,4,0,0,0,86,0,105,0,30,0,203,4,370,0,179,4,110,0,140,0,10,2,32,0,24,0,15,0,21,0,57,0,0,0
32,200,723,88,62,283,68,0,0,0,34,324,0,0,476,207,143,28,171,5,224,9,0,138,227,23,44,0,12,44,14,7,39,19,12,0,8,15,53,11,0,0,0,0,32,0,7,0,0,0,0,0,23,0,177,1,0,0,0,0,0,0,12,7,0,4,0,0,0,0,0,0,0,0,0,0,0,0,0,0,5,0,0,0,89,0,11,0,0,0,19,0,0,0,0,0,58,0,11,0,0,0,9,0,59,0,84,0,0,0,0,0,0,0,0,0,0,0,0,0,0,0,8,0,1,0,0,0,6,0,0,1,10,0,91,0,97,0,28,0,10,0,286,0,0,0,0,0,13,6,11,4,5,0,44,0,0,0,14,0,0,0,1,0,0,0,6,0,0,0,0,0,10,0,2,0,11,46,1,0,0,0,1,0,4,0,0,0,0,0,0,0,0,0,0,0,0,0,4,0,41,0,0,0,0,0,0,0,18,2,0,0,0,0,6,0,0,0,0,0,19,0,0,0,0,0,342,17,33,0,13,3,12,0,3,0,1,0,9,0,0,0,17,0,19,0,0,0,0
189,88,41,212,24,118,0,16,4,10,42,32,3,0,36,453,31,182,0,262,10,187,138,0,54,197,0,0,0,46,2,91,0,61,0,10,3,15,0,13,0,3,0,0,0,11,0,0,0,0,0,5,0,12,0,155,0,16,0,0,0,0,0,99,0,0,0,0,0,0,0,0,0,0,0,10,0,0,0,0,0,39,0,0,0,122,0,55,0,0,0,0,0,0,0,0,0,24,0,58,0,0,0,0,0,0,0,405,0,0,0,0,0,0,0,0,0,0,0,0,0,58,0,40,0,0,0,7,0,5,0,0,0,43,0,118,0,112,0,75,0,34,0,171,0,5,0,0,0,0,0,0,0,0,2,9,1,0,0,0,0,0,0,0,0,0,0,2,0,0,0,0,0,4,0,0,0,36,1,3,0,0,4,0,0,0,0,0,0,0,0,0,0,0,0,0,0,0,0,0,0,0,0,0,0,0,0,0,1,21,0,0,0,0,0,0,0,0,0,0,0,28,0,0,0,23,3,446,3,48,0,15,0,28,0,0,0,2,0,7,0,3,0,0,0,20,0,0,0
9,237,237,85,0,0,371,89,2,102,0,3,0,0,164,17,175,48,32,4,85,0,227,54,0,179,0,0,63,24,17,0,0,0,0,0,1,9,19,20,0,0,0,0,0,0,0,0,0,0,2,0,68,0,179,11,4,0,0,0,30,8,88,44,0,0,0,1,0,0,0,0,0,1,0,0,0,0,0,0,0,0,0,0,29,0,5,1,0,0,0,0,0,0,0,0,0,0,0,0,0,0,0,0,17,0,21,0,0,0,0,0,0,0,0,0,0,0,0,0,0,0,0,0,0,0,0,0,20,0,0,0,8,0,44,0,66,0,21,0,10,0,150,0,0,0,3,0,2,0,6,0,0,0,39,0,0,0,15,0,2,0,3,0,0,0,0,0,3,0,0,0,10,0,0,0,1,5,0,1,0,0,0,6,0,0,0,0,0,0,0,0,0,0,0,0,0,0,0,0,7,0,0,0,0,0,4,0,23,0,0,0,0,0,18,0,0,0,0,0,54,0,0,0,0,0,137,5,59,9,15,6,26,0,0,2,0,0,20,0,12,0,21,0,52,4,0,0,0
263,69,33,364,0,6,140,517,230,35,0,0,0,0,0,78,39,175,0,56,0,67,23,197,179,0,0,0,0,116,0,14,0,31,0,6,0,16,0,131,0,0,0,0,0,0,0,0,0,0,0,0,21,4,34,362,0,29,0,3,14,18,130,115,7,0,3,0,0,0,0,0,0,2,0,0,0,0,0,0,0,0,0,0,0,12,0,0,0,0,0,0,0,0,0,0,0,0,0,0,0,0,0,0,0,0,0,90,0,0,0,0,0,0,1,0,0,0,0,0,0,0,0,0,2,2,0,0,3,5,0,0,0,24,0,82,0,79,5,43,0,13,0,25,0,0,0,0,0,0,0,0,0,0,5,13,0,0,0,18,0,0,0,0,0,0,0,0,0,0,0,0,1,12,0,0,2,19,0,0,0,0,0,32,0,0,0,0,0,0,0,0,0,0,0,0,0,0,0,0,0,0,0,0,0,0,0,0,3,11,0,0,0,0,0,4,0,0,0,0,0,92,0,0,0,0,2,142,0,41,0,12,0,56,0,7,0,6,0,9,0,1,0,0,0,17,0,0,0
28,0,0,0,105,5,0,0,16,0,42,4,149,158,191,0,50,0,224,42,118,14,44,0,0,0,0,69,2,0,13,0,11,0,104,3,132,0,0,0,63,101,197,22,234,25,86,70,24,2,262,7,0,0,0,0,0,0,0,0,7,0,17,0,3,0,2,0,0,0,47,0,7,0,28,0,0,0,0,0,18,0,0,0,28,0,0,0,0,0,18,0,0,0,0,0,0,0,0,0,0,0,7,0,0,0,0,0,0,0,0,0,0,0,0,0,0,0,0,0,0,0,0,0,0,0,0,0,0,0,0,0,0,0,0,0,0,0,26,0,20,0,0,0,51,0,0,0,0,0,0,0,0,0,6,0,10,0,9,0,9,0,0,0,154,0,7,0,15,0,0,0,8,0,0,0,9,7,6,0,4,0,0,0,19,0,5,4,0,0,0,0,0,0,0,0,0,0,0,0,0,0,0,0,0,0,0,0,0,0,0,0,0,0,2,0,0,0,290,38,6,0,13,13,437,0,68,1,18,0,0,0,11,0,10,0,0,0,9,0,0,0,9,0,0,0,0,0,0
0,107,0,24,50,200,0,0,0,0,10,70,296,103,11,49,0,0,178,363,12,126,0,0,0,0,69,0,0,0,0,19,0,0,19,84,0,22,0,0,117,42,3,189,3,186,10,80,0,35,26,267,0,1,0,27,0,7,0,4,0,11,0,0,0,13,0,0,0,6,0,0,0,0,0,7,0,0,0,0,0,0,0,18,0,44,0,0,0,0,0,0,0,0,0,19,0,0,0,0,0,0,0,0,0,0,0,0,0,0,0,0,0,0,2,0,0,0,0,0,0,0,0,0,0,0,0,0,0,0,0,0,0,0,0,0,0,40,0,12,0,24,0,41,0,0,0,1,0,19,0,31,0,0,0,0,0,0,0,0,0,0,0,1,0,84,0,0,0,32,0,3,0,0,1,0,0,43,16,0,0,0,0,0,0,0,59,8,0,0,0,0,0,0,0,0,0,0,0,0,0,0,0,0,0,0,0,14,0,22,0,0,0,0,0,0,0,0,13,418,0,19,0,98,9,198,0,129,0,31,0,0,0,0,0,4,0,0,0,7,0,0,0,0,0,0,0,0,0
64,0,237,3,0,10,15,0,0,0,5,0,0,0,0,0,298,2,0,0,70,0,12,0,63,0,2,0,0,0,54,0,33,0,5,0,0,0,15,0,0,0,0,0,0,0,0,0,0,0,4,0,38,0,0,0,0,0,2,0,10,0,169,1,0,0,0,0,0,0,29,0,4,0,30,0,0,0,0,0,16,0,0,0,41,0,33,0,0,0,9,0,0,0,0,0,44,0,50,0,0,0,0,0,4,0,37,0,0,0,0,0,0,0,0,0,0,0,0,0,27,0,29,0,0,0,0,0,2,0,0,0,0,0,0,0,0,0,57,1,47,0,21,0,80,0,0,0,0,0,0,0,0,0,10,0,3,0,11,0,2,0,3,0,0,0,0,0,0,0,0,0,0,0,0,0,6,12,0,0,0,0,1,1,3,0,0,0,0,0,0,0,0,0,0,0,0,0,0,0,0,0,0,0,0,0,0,0,0,0,0,0,0,0,0,0,0,0,0,0,6,0,0,0,0,0,82,0,0,0,7,0,0,0,0,1,0,0,2,0,0,0,10,0,10,0,0,0,0
64,186,14,112,0,66,7,50,3,6,0,24,0,0,1,50,8,215,0,0,0,108,44,46,24,116,0,0,0,0,0,64,0,49,0,24,0,48,0,45,0,0,0,0,0,0,0,0,0,0,0,6,0,9,0,64,0,19,0,2,1,11,0,104,0,2,0,0,0,0,0,5,0,4,0,4,0,0,0,0,0,8,0,0,0,24,0,0,0,0,0,0,0,0,0,0,0,0,0,0,0,0,0,0,0,0,0,0,0,0,0,0,0,0,0,0,0,0,0,0,0,23,0,12,0,0,0,0,0,4,0,1,0,34,0,0,0,109,1,209,0,122,0,164,0,50,0,0,0,0,0,0,0,0,0,45,0,0,0,39,0,0,0,0,0,0,0,0,0,0,0,3,0,0,0,0,0,42,0,10,0,0,0,16,0,5,0,0,0,0,0,0,0,0,0,0,0,0,0,0,0,0,0,0,0,0,0,0,0,0,0,0,0,0,0,0,0,0,0,0,0,39,0,0,0,0,0,348,0,11,0,21,0,40,0,3,0,7,1,11,0,7,0,5,0,28,0,0,0
28,4,150,0,284,21,0,0,4,0,129,0,56,4,219,12,107,0,93,6,357,0,14,2,17,0,13,0,54,0,0,0,68,0,24,0,41,0,81,0,0,0,19,0,5,0,0,0,0,0,40,0,0,0,0,0,13,0,6,0,13,0,55,0,0,0,0,0,0,0,48,0,0,0,62,0,0,0,0,0,13,0,0,0,44,0,23,0,0,0,13,0,0,0,18,0,42,0,46,0,5,0,0,0,0,0,46,0,0,0,0,0,0,0,0,0,0,0,0,0,37,0,18,0,0,0,0,0,0,0,0,0,1,0,0,0,0,0,15,0,0,0,0,0,57,0,0,0,0,0,0,0,0,0,5,0,3,0,8,0,0,0,0,0,0,0,6,0,0,0,17,0,7,0,0,0,16,7,7,0,0,0,1,0,5,0,0,0,0,0,0,0,0,0,0,0,0,0,0,0,0,0,0,0,0,0,0,0,0,0,1,0,0,0,2,0,0,0,1,0,14,0,0,0,5,0,68,3,16,0,13,0,24,0,0,0,0,0,6,0,0,0,12,0,34,0,0,0,0
0,14,0,14,15,218,0,2,0,0,10,68,0,44,27,121,0,75,12,221,5,116,7,91,0,14,0,19,0,64,0,0,5,43,2,11,0,54,0,5,0,0,0,17,0,6,0,0,0,0,0,77,0,2,0,0,0,0,0,0,0,6,0,23,0,0,0,0,0,0,0,0,0,0,0,5,0,0,0,0,0,0,0,0,0,17,0,16,0,0,0,0,0,0,0,5,0,0,0,10,0,0,0,0,0,0,0,0,0,0,0,0,0,0,0,0,0,0,0,0,0,13,0,15,0,0,0,0,0,0,1,0,0,0,0,0,0,0,0,34,0,57,0,41,0,42,0,0,0,0,0,0,0,0,0,0,0,7,0,0,0,0,0,0,0,12,0,5,0,10,0,1,0,0,0,0,2,20,0,3,0,0,0,3,0,0,0,2,0,0,0,0,0,0,0,0,0,0,0,0,0,0,0,0,0,0,0,0,0,0,0,0,0,1,0,0,0,0,0,17,0,28,0,0,0,35,0,75,0,45,0,27,0,36,0,2,0,9,0,0,0,0,0,5,0,0,0,0,0
113,5,327,0,418,56,0,0,0,1,425,0,16,0,210,42,121,0,23,8,319,5,39,0,0,0,11,0,33,0,68,5,0,3,46,0,101,0,17,0,0,0,6,0,0,0,0,0,0,0,9,0,0,0,0,0,5,1,0,0,38,0,25,0,0,0,0,0,0,0,5,0,0,0,0,0,0,0,0,0,0,0,0,0,16,0,0,0,0,0,0,0,0,0,0,0,0,0,0,0,0,0,0,0,0,0,0,0,0,0,0,0,0,0,0,0,0,0,0,0,0,0,0,0,0,0,0,0,0,0,0,0,2,0,0,0,0,0,0,0,15,0,8,0,28,0,0,0,0,0,0,0,0,0,7,0,1,0,0,0,0,0,4,0,0,0,30,0,0,0,0,0,25,0,0,0,17,14,5,0,11,0,6,0,20,0,0,0,0,0,0,0,0,0,0,0,0,0,0,0,0,0,0,0,0,0,0,0,0,0,0,0,0,0,4,0,0,0,0,0,50,0,0,0,0,0,109,0,25,0,15,0,0,0,4,0,5,2,0,0,0,0,17,0,26,0,0,0,0
0,156,0,139,13,275,0,10,0,0,13,157,2,9,26,202,0,101,0,28,10,50,19,61,0,31,0,0,0,49,0,43,3,0,0,14,0,129,0,4,0,0,0,3,0,3,0,0,0,0,0,19,0,0,0,0,0,4,0,0,0,20,0,39,0,0,0,0,0,0,0,0,0,0,0,3,0,0,0,0,0,0,0,0,0,9,0,5,0,0,0,0,0,0,0,0,0,0,0,2,0,0,0,0,0,0,0,0,0,0,0,0,0,0,0,0,0,0,0,0,0,0,0,8,0,1,0,2,0,0,0,0,0,0,0,0,0,0,0,26,0,21,0,25,0,30,0,0,0,0,0,0,0,15,0,0,0,17,0,14,0,0,0,0,0,0,0,8,0,3,0,0,0,4,0,0,4,48,0,7,0,0,0,13,0,0,0,7,0,0,0,0,0,0,0,0,0,0,0,0,0,0,0,0,0,0,0,0,0,8,0,0,0,0,0,0,0,0,0,0,2,47,0,0,0,3,2,287,0,63,0,14,0,28,0,3,0,5,0,0,0,2,0,0,0,18,0,0,0
14,0,0,0,191,0,0,0,7,0,36,0,283,49,161,5,26,0,511,60,162,6,12,0,0,0,104,19,5,0,24,2,46,0,0,0,215,1,17,0,0,3,39,2,40,0,0,0,1,0,101,0,0,0,0,0,7,0,4,0,8,0,5,0,0,0,0,0,1,0,0,0,3,0,16,0,0,0,0,0,0,0,0,0,0,0,0,0,0,0,0,0,1,0,0,0,0,0,14,0,3,0,0,0,0,0,0,0,0,0,0,0,0,0,0,0,0,0,0,0,0,0,0,0,1,0,0,0,0,0,0,0,0,0,0,0,0,0,0,0,0,0,0,0,0,0,0,0,0,0,0,0,0,0,5,0,0,0,0,0,0,0,4,0,64,0,10,0,0,0,4,0,2,0,0,0,5,6,15,0,0,0,2,0,5,0,4,0,0,0,0,0,0,0,0,0,0,0,1,0,0,0,0,0,0,0,0,0,0,0,1,0,0,0,0,0,0,0,23,2,11,0,2,0,118,0,67,0,13,0,0,0,0,0,0,0,6,0,0,0,0,0,0,0,15,0,0,0,0
0,10,0,0,0,103,0,0,0,0,0,26,0,100,8,8,0,27,11,333,4,109,0,10,0,6,3,84,0,24,0,11,0,14,0,0,0,86,0,0,0,0,0,17,0,28,0,0,0,3,0,43,0,0,0,0,0,0,0,0,0,9,0,5,0,0,0,0,0,0,0,0,0,0,0,8,0,0,0,0,0,0,0,0,0,0,0,15,0,0,0,0,0,0,0,0,0,0,0,6,0,0,0,0,0,0,0,0,0,0,0,0,0,0,0,0,0,0,0,0,0,38,0,22,0,0,0,0,0,0,0,0,0,0,0,0,0,22,0,36,0,59,0,59,0,55,0,0,0,0,0,0,0,0,0,0,0,0,0,0,0,0,0,4,0,25,0,2,0,9,0,3,0,4,0,0,0,7,0,0,0,4,0,0,0,0,0,2,0,0,0,0,0,0,0,0,0,0,0,0,0,0,0,0,0,0,0,0,0,3,0,0,0,0,0,0,0,0,1,47,0,12,0,9,0,84,0,52,0,0,0,0,0,0,0,4,0,0,0,0,0,0,0,0,0,0,0,0,0
49,0,35,0,284,0,5,0,3,0,276,5,153,0,145,11,8,0,191,14,171,0,8,3,1,0,132,0,0,0,41,0,101,0,215,0,0,0,124,0,0,1,76,0,36,1,1,0,2,0,119,0,1,0,0,0,13,0,11,0,36,0,9,0,0,0,0,0,0,0,37,0,4,0,26,0,0,0,0,0,0,0,0,0,0,0,15,0,4,0,0,0,0,0,8,0,0,0,25,0,0,0,0,0,1,0,10,0,0,0,0,0,0,0,0,0,0,0,0,0,13,0,0,0,0,0,1,0,0,0,0,0,0,0,0,0,0,0,44,1,28,0,0,0,69,0,0,0,0,0,0,0,0,0,3,0,25,0,10,0,10,1,25,0,53,0,40,0,18,0,36,0,28,0,0,0,0,0,22,0,0,0,3,0,6,0,3,0,0,0,0,0,0,0,0,0,0,0,0,0,1,0,0,0,0,0,0,0,0,0,0,0,1,0,0,0,0,0,0,0,35,2,0,0,22,0,52,0,33,0,4,0,0,0,0,0,4,0,11,0,0,0,8,1,13,0,0,0,0
18,274,6,96,10,279,0,0,0,0,0,187,0,105,18,97,0,39,13,151,0,81,15,15,9,16,0,22,0,48,0,54,0,129,1,86,0,0,0,60,0,0,0,51,0,43,0,0,0,10,0,61,0,3,0,9,0,0,0,0,0,66,1,32,0,0,0,0,0,0,0,24,0,0,0,0,0,3,0,12,0,18,0,0,0,24,0,30,0,9,0,3,0,0,0,0,0,0,0,0,0,0,0,0,0,0,0,0,0,0,0,0,0,0,0,0,0,0,0,0,0,49,0,29,0,0,0,0,0,0,0,0,0,0,0,0,0,25,0,50,0,72,0,42,0,135,0,0,0,0,0,0,0,0,0,11,0,59,0,13,0,1,0,3,0,19,0,9,0,11,0,5,0,6,0,0,0,52,0,10,0,9,0,44,0,12,1,13,0,0,0,0,0,0,0,0,0,0,0,0,0,0,0,0,0,0,0,0,0,0,0,0,0,0,0,0,0,2,0,11,0,68,0,5,0,56,0,341,0,127,1,0,0,15,0,1,0,4,0,4,0,0,0,0,0,14,0,0,0
498,58,542,24,278,71,0,0,0,0,134,32,2,0,22,69,59,0,3,0,21,0,53,0,19,0,0,0,15,0,81,0,17,0,17,0,124,0,0,0,0,0,4,0,0,0,0,0,0,0,4,0,17,0,0,1,0,0,0,0,41,0,75,0,0,0,0,0,0,0,0,0,0,0,0,0,0,0,0,0,0,0,0,0,0,0,9,0,0,0,0,0,0,0,0,0,0,0,0,0,0,0,0,0,0,0,8,0,0,0,0,0,0,0,0,0,0,0,0,0,0,0,0,0,0,0,0,0,0,0,0,0,0,0,0,0,0,0,97,0,68,0,0,0,107,0,0,0,0,0,0,0,0,0,21,0,15,0,28,0,0,0,0,0,0,0,12,0,0,0,0,0,33,0,0,0,42,35,4,0,0,0,13,0,0,0,0,0,0,0,0,0,0,0,0,0,0,0,0,0,0,0,0,0,0,0,0,0,0,0,0,0,0,0,0,0,0,0,0,0,53,0,1,0,0,0,231,7,34,0,8,0,24,0,0,0,0,0,7,0,0,0,3,0,0,0,0,0,0
35,341,0,190,0,23,21,157,6,27,0,16,0,0,0,23,0,144,0,0,0,3,11,13,20,131,0,0,0,45,0,5,0,4,0,0,0,60,0,0,0,0,0,3,0,0,0,0,0,0,0,6,0,3,0,16,0,9,0,0,0,19,5,55,0,4,0,0,0,0,0,0,0,0,0,0,0,0,0,0,0,0,0,0,0,0,0,0,0,0,0,0,0,0,0,0,0,0,0,0,0,0,0,0,0,0,0,0,0,0,0,0,0,0,0,0,0,0,0,0,0,0,0,0,0,0,0,0,0,0,0,0,0,0,0,0,0,24,0,75,0,29,0,27,0,62,0,0,0,0,0,0,0,0,0,19,0,21,0,26,0,0,0,0,0,0,0,0,0,0,0,1,0,5,0,0,0,49,0,12,0,15,0,61,0,3,0,0,0,0,0,0,0,0,0,0,0,2,0,0,0,0,0,0,0,0,0,0,0,0,0,0,0,0,0,0,0,0,0,0,0,41,0,0,0,0,0,219,0,27,0,9,0,19,0,0,0,0,0,3,0,0,0,7,0,13,0,0,0
29,0,0,0,72,3,0,0,5,0,90,0,467,129,10,1,2,0,4,38,1,9,0,0,0,0,63,117,0,0,0,0,0,0,0,0,0,0,0,0,0,157,43,16,75,30,40,122,320,7,33,2,0,0,0,0,0,0,0,0,0,0,0,0,0,0,0,0,0,0,0,0,0,0,0,0,0,0,0,0,0,0,0,0,0,0,0,0,0,0,0,0,0,0,0,0,0,0,0,0,1,0,0,0,0,0,0,0,0,0,0,0,0,0,0,0,0,0,0,0,0,0,0,0,0,0,0,0,0,0,0,0,0,0,0,0,0,0,0,0,0,0,0,0,0,0,0,0,0,0,2,0,5,0,0,0,0,0,0,0,0,0,0,0,36,0,0,0,0,0,0,0,0,0,7,0,21,14,47,0,0,0,3,0,6,0,73,5,0,0,0,0,0,0,0,0,0,0,0,0,0,0,0,0,0,0,0,0,0,0,1,0,0,0,0,0,0,0,437,133,0,0,163,43,57,0,0,0,0,0,0,0,0,0,0,0,0,0,0,0,0,0,0,0,0,0,0,0,0
2,138,0,5,4,85,0,0,0,7,0,277,204,394,0,7,0,0,69,56,0,6,0,3,0,0,101,42,0,0,0,0,0,0,3,0,1,0,0,0,157,0,1,34,3,193,27,83,4,356,10,12,0,0,0,0,0,0,0,0,0,0,0,5,0,0,0,0,0,2,0,0,0,0,0,3,0,0,0,0,0,0,0,0,0,0,0,4,0,0,0,1,0,1,0,2,0,0,0,0,0,0,0,0,0,1,0,10,0,0,0,0,0,0,0,0,0,0,0,0,0,0,0,2,0,0,0,0,0,0,0,3,0,0,0,0,0,14,0,0,0,0,0,5,0,0,0,0,0,0,0,26,0,18,0,0,0,0,0,0,0,0,0,0,0,34,0,0,0,0,0,0,0,0,0,0,0,192,0,47,0,16,0,8,0,8,23,40,0,0,0,2,0,0,0,0,0,0,0,0,0,0,0,0,0,0,0,0,0,7,0,0,0,0,0,0,0,0,53,162,0,0,3,185,0,7,0,6,0,0,0,0,0,0,0,0,0,0,0,0,0,0,0,0,0,0,0,0,0
0,0,1,0,0,0,2,0,2,0,5,0,50,0,0,0,6,0,39,0,19,0,0,0,0,0,197,3,0,0,19,0,6,0,39,0,76,0,4,0,43,1,0,0,156,0,38,0,5,0,47,0,1,0,0,0,0,0,0,0,10,0,0,0,0,0,0,0,0,0,5,0,0,0,0,0,0,0,0,0,0,0,0,0,0,0,0,0,0,0,0,0,0,0,0,0,0,0,0,0,0,0,0,0,0,0,0,0,0,0,0,0,0,0,0,0,0,0,0,0,0,0,0,0,0,0,0,0,0,0,0,0,0,0,0,0,0,0,0,0,0,0,0,0,23,0,0,0,0,0,0,0,0,0,0,0,10,0,0,0,0,0,0,0,43,0,8,0,0,0,0,0,12,0,0,0,2,0,3,0,0,0,0,0,0,0,0,0,1,0,0,0,0,0,0,0,0,0,0,0,0,0,0,0,0,0,0,0,0,0,0,0,0,0,2,0,0,0,55,2,8,0,1,2,64,0,11,0,14,0,0,0,5,0,4,0,0,0,0,0,2,0,0,0,9,0,0,0,0
0,0,0,0,6,0,0,0,0,0,0,5,36,150,0,0,0,0,25,150,1,98,0,0,0,0,22,189,0,0,0,17,0,3,2,17,0,51,0,3,16,34,0,0,0,163,0,43,0,56,0,58,0,0,0,0,0,0,0,0,0,4,0,0,0,0,0,0,0,0,0,10,0,0,0,0,0,3,0,0,0,0,0,0,0,21,0,16,0,0,0,0,0,3,0,3,0,0,0,21,0,2,0,0,0,0,0,0,0,0,0,0,0,0,0,0,0,0,0,0,0,0,0,14,0,0,0,0,0,0,0,0,0,0,0,0,0,0,0,14,0,19,0,38,0,25,0,0,0,0,0,0,0,0,0,0,0,0,0,1,0,0,0,2,0,24,0,2,0,5,0,2,0,0,0,0,0,9,0,0,0,0,0,0,0,0,0,25,0,0,0,0,0,0,0,0,0,0,0,0,0,0,0,0,0,0,0,0,0,0,0,0,0,0,0,0,0,0,4,121,0,2,0,53,0,49,0,35,0,6,0,0,0,0,1,1,0,0,0,2,0,0,0,0,0,0,0,0,0
7,0,12,0,8,0,7,0,0,0,0,0,18,0,17,0,64,0,30,0,58,0,32,0,0,0,234,3,0,0,5,0,0,0,40,0,36,0,0,0,75,3,156,0,0,0,104,2,58,0,59,1,0,0,0,0,0,0,9,1,0,0,34,0,1,0,0,0,1,0,0,0,0,0,14,0,0,0,0,0,0,0,3,0,19,0,13,0,0,0,0,0,0,0,7,0,18,0,0,0,0,0,0,0,9,0,28,0,0,0,0,0,0,0,0,0,0,0,0,0,0,0,0,0,0,0,0,0,0,0,1,0,0,0,7,0,0,0,0,0,4,0,13,0,3,0,0,0,3,0,0,0,0,0,1,0,2,0,1,0,0,0,13,0,124,0,28,0,0,0,10,0,6,0,1,0,3,1,0,0,0,0,0,0,0,0,4,0,0,0,0,0,0,0,0,0,0,0,0,0,0,0,0,0,0,0,0,0,0,0,0,0,2,0,0,0,0,0,187,4,20,0,92,7,85,0,36,0,21,0,12,0,7,0,0,0,1,0,13,0,0,0,18,0,20,0,0,0,0
3,22,0,0,0,14,0,0,0,0,0,13,56,62,0,9,0,0,18,104,0,107,0,11,0,0,25,186,0,0,0,6,0,3,0,28,1,43,0,0,30,193,0,163,0,0,9,225,3,113,0,124,0,0,0,0,0,0,0,2,0,0,0,0,0,0,0,0,0,0,0,21,0,0,0,11,0,7,0,9,0,0,0,0,0,30,0,39,0,0,0,7,0,1,0,0,0,0,0,24,0,0,0,0,0,0,0,0,0,0,0,0,0,0,0,0,0,0,0,0,0,45,0,23,0,0,0,4,0,0,0,0,0,0,0,0,0,0,0,12,0,25,0,39,0,35,0,0,0,0,0,8,0,0,0,0,0,3,0,0,0,1,0,0,0,63,0,2,0,6,0,5,0,1,0,0,1,16,0,0,0,4,0,2,0,0,3,56,0,0,0,0,0,0,0,0,0,0,0,0,0,0,0,0,0,0,0,0,0,4,0,0,0,0,0,0,0,0,10,257,0,16,0,222,0,18,0,15,0,19,0,7,0,11,0,0,0,1,0,5,0,0,0,1,0,3,0,0,0
20,0,0,0,26,0,0,0,6,0,40,0,111,24,17,0,2,0,12,3,4,0,7,0,0,0,86,10,0,0,0,0,0,0,0,0,1,0,0,0,40,27,38,0,104,9,0,14,65,3,10,0,0,0,0,0,0,0,0,0,0,0,0,0,0,0,0,0,0,0,0,0,1,0,0,0,0,0,0,0,0,0,0,0,0,0,0,0,0,0,0,0,0,0,0,0,0,0,0,0,0,0,0,0,0,0,0,0,0,0,0,0,0,0,0,0,0,0,0,0,0,0,0,0,0,0,0,0,0,0,0,0,0,0,0,0,0,0,0,0,0,0,0,0,0,0,0,0,0,0,1,0,7,0,0,0,0,0,0,0,0,0,0,0,55,0,0,0,0,0,0,0,0,0,0,0,11,1,5,0,0,0,3,0,9,0,16,0,0,0,0,0,0,0,0,0,0,0,0,0,0,0,0,0,0,0,0,0,0,0,0,0,1,0,0,0,0,0,314,23,0,0,87,16,56,0,0,0,0,0,1,0,0,0,0,0,0,0,1,0,0,0,0,0,4,0,0,0,0
0,43,0,3,4,19,0,0,0,0,3,56,146,49,0,0,0,0,56,44,0,15,0,0,0,0,70,80,0,0,0,0,0,0,0,0,0,0,0,0,122,83,0,43,2,225,14,0,2,56,0,14,0,0,0,0,0,0,0,0,0,0,0,1,0,0,0,0,0,1,0,0,0,0,0,0,0,0,0,0,0,0,0,0,0,0,0,0,0,0,0,0,0,0,0,1,0,0,0,0,0,0,0,0,0,0,0,0,0,0,0,0,0,0,0,0,0,0,0,0,0,0,0,0,0,0,0,0,0,0,0,0,0,0,0,2,0,0,0,2,0,0,0,0,0,0,0,0,0,0,0,0,0,0,0,0,0,0,0,0,0,0,0,0,0,22,0,0,0,0,0,0,0,0,0,0,0,56,0,0,0,3,0,0,0,0,28,5,0,0,0,0,0,0,0,0,0,1,0,0,0,0,0,0,0,0,0,0,0,3,0,0,0,0,0,0,0,0,14,259,0,0,0,136,0,5,0,6,0,3,0,0,0,0,0,0,0,0,0,0,0,0,0,0,0,0,0,0,0
6,0,3,0,8,1,2,0,6,0,27,0,100,3,0,0,1,0,3,0,2,0,0,0,0,0,24,0,0,0,0,0,0,0,1,0,2,0,0,0,320,4,5,0,58,3,65,2,0,0,3,0,0,0,0,0,1,0,0,0,1,0,0,0,0,0,0,0,0,0,0,0,0,0,0,0,0,0,0,0,1,0,0,0,0,0,1,0,1,0,1,0,0,0,6,0,0,0,0,0,8,0,7,0,3,0,0,0,0,0,0,0,0,0,0,0,0,0,0,0,0,0,0,0,0,0,0,0,0,0,0,0,0,0,0,0,2,1,0,0,0,0,0,0,0,0,0,0,0,0,0,0,3,0,0,0,0,0,0,0,0,0,0,0,7,0,1,0,1,0,0,0,0,0,6,0,63,0,45,0,0,0,0,0,0,0,115,0,6,0,0,0,0,0,0,0,5,0,0,0,4,0,3,0,0,0,0,0,0,0,0,0,1,0,1,0,10,0,150,19,19,0,118,19,4,0,5,0,10,0,0,0,0,0,0,0,0,0,0,0,2,0,0,0,4,0,0,0,0
0,7,0,0,0,7,0,0,0,3,0,37,0,116,3,3,0,0,1,17,0,11,0,0,0,0,2,35,0,0,0,0,0,0,0,3,0,10,0,0,7,356,0,56,0,113,3,56,0,0,0,26,0,0,0,2,0,0,0,0,0,0,0,0,0,0,0,0,0,2,0,2,0,3,0,0,0,1,0,3,0,2,0,0,0,5,0,6,0,1,0,1,0,0,0,2,0,0,0,0,0,0,0,0,0,0,0,9,0,0,0,0,0,0,0,0,0,0,0,0,0,4,0,4,0,0,0,0,0,0,0,0,0,0,0,0,0,2,0,0,0,0,0,5,0,0,0,0,0,0,0,0,0,24,0,0,0,0,0,1,0,1,0,0,0,7,0,0,0,0,0,0,0,1,0,0,0,166,0,21,0,12,0,2,0,0,0,142,0,0,0,0,0,0,0,0,0,0,0,0,0,0,0,0,0,0,0,0,0,0,0,0,0,0,0,0,0,0,6,49,0,7,1,83,0,18,0,10,0,5,0,9,0,9,0,1,0,0,0,2,0,0,0,1,0,6,0,0,0
12,0,9,0,37,0,21,0,0,0,14,0,173,30,14,3,4,0,245,17,62,1,0,0,2,0,262,26,4,0,40,0,9,0,101,0,119,0,4,0,33,10,47,0,59,0,10,0,3,0,0,0,0,0,1,0,7,0,0,1,5,0,0,0,0,0,0,0,0,0,6,0,0,0,4,0,0,0,0,0,0,0,0,0,0,0,0,0,4,0,0,0,0,0,8,0,0,0,6,0,0,0,3,0,0,0,0,0,0,0,0,0,0,0,0,0,0,0,0,0,3,0,0,0,0,0,0,0,0,0,0,0,0,0,0,0,0,0,0,0,0,0,0,0,0,0,0,0,0,0,0,0,0,0,1,0,5,0,0,0,0,0,17,0,104,0,25,0,8,0,5,0,12,0,0,0,8,8,7,0,0,0,0,0,6,0,4,0,0,0,0,0,0,0,0,0,0,0,0,0,0,0,0,0,0,0,1,0,1,0,1,0,0,0,10,0,0,0,13,0,25,0,7,1,135,0,24,0,23,0,11,0,16,1,8,0,0,0,14,0,3,0,0,0,42,0,0,0,0
0,6,0,2,5,28,0,2,0,0,0,14,40,293,0,0,0,7,26,273,4,129,0,5,0,0,7,267,0,6,0,77,0,19,0,43,0,61,0,6,2,12,0,58,1,124,0,14,0,26,0,0,0,0,0,0,0,2,0,5,0,11,0,4,0,0,0,0,0,0,0,24,0,2,0,12,0,8,0,7,0,14,0,12,0,15,0,30,0,8,0,7,0,0,0,7,0,3,0,0,0,0,0,0,0,0,0,0,0,0,0,0,0,0,0,0,0,0,0,0,0,40,0,12,0,0,0,0,0,0,0,0,0,1,0,0,0,0,0,22,0,31,0,35,0,35,0,0,0,0,0,2,0,0,0,1,0,0,0,0,0,0,0,0,0,44,0,5,0,20,0,0,0,0,0,0,1,14,0,0,0,0,0,0,0,0,0,19,0,0,0,0,0,0,0,0,0,1,0,0,0,3,0,0,0,0,0,0,0,0,0,0,0,0,0,0,0,8,0,50,0,17,0,15,0,145,0,55,0,55,0,0,0,14,0,5,0,0,0,0,0,4,0,6,0,10,0,0,0
7,0,13,0,0,0,69,16,107,128,0,0,0,0,10,0,102,0,0,0,22,0,23,0,68,21,0,0,38,0,0,0,0,0,0,0,1,0,17,0,0,0,1,0,0,0,0,0,0,0,0,0,0,24,279,133,175,29,47,159,52,0,149,20,0,10,5,201,0,0,2,0,0,0,0,0,0,0,0,0,12,0,0,0,94,0,0,0,0,0,0,0,0,0,0,0,76,0,11,0,6,0,0,0,0,0,30,0,0,0,0,0,0,0,0,0,0,0,0,0,12,0,47,0,2,0,15,0,19,0,1,0,34,0,13,0,44,0,182,3,28,1,96,0,20,0,0,0,4,5,0,0,0,0,471,8,66,1,214,3,0,0,0,0,0,0,0,0,6,0,54,0,2,0,1,0,1,0,0,0,0,0,0,1,0,7,0,0,0,0,0,0,0,0,0,0,0,0,0,0,6,0,0,0,0,0,0,0,2,0,0,0,0,0,99,0,0,0,0,0,85,0,16,0,21,0,531,0,163,0,16,0,70,0,11,0,3,0,47,0,11,0,22,0,89,0,0,0,0
0,5,0,0,0,0,3,9,35,34,0,0,0,0,0,0,0,28,0,14,0,12,0,12,0,4,0,1,0,9,0,2,0,0,0,0,0,3,0,3,0,0,0,0,0,0,0,0,0,0,0,0,24,0,32,51,5,77,40,14,0,66,0,92,1,0,36,10,0,0,0,0,0,0,0,0,0,0,0,0,0,0,0,0,0,2,0,0,0,0,0,3,0,0,0,0,0,0,0,0,0,0,0,0,0,0,0,10,0,0,0,0,0,0,0,0,0,0,0,0,0,0,0,0,0,0,0,6,0,10,0,3,0,44,0,18,0,73,0,116,0,14,0,18,0,8,0,0,0,0,1,0,0,0,2,146,0,50,1,102,0,6,0,0,0,0,0,0,0,0,0,7,0,4,0,0,4,5,0,0,0,1,0,0,0,3,0,0,0,0,0,0,0,0,0,0,0,0,0,0,0,0,0,0,0,0,0,0,0,0,0,0,0,0,0,16,0,0,0,0,0,45,0,0,0,0,0,78,1,39,0,4,0,31,0,7,0,2,0,4,0,3,0,2,0,32,0,0,0
0,0,151,0,0,0,174,15,78,209,0,0,0,0,191,0,19,0,0,0,41,0,177,0,179,34,0,0,0,0,0,0,0,0,0,0,0,0,0,0,0,0,0,0,0,0,0,0,0,0,1,0,279,32,0,122,146,11,63,74,0,0,26,36,9,8,20,167,0,0,0,0,0,1,0,0,0,0,0,0,0,0,0,0,8,0,0,0,0,0,0,1,0,0,0,0,0,0,0,0,0,0,0,0,0,0,4,0,0,0,0,0,0,0,0,0,0,0,0,0,0,0,2,0,0,0,6,1,36,0,4,0,13,0,35,0,65,0,15,0,8,0,55,0,0,2,0,0,0,0,0,0,1,0,161,0,34,0,17,0,20,2,4,0,0,0,0,0,15,0,45,0,4,0,1,0,0,6,0,0,0,0,0,0,0,7,0,0,0,0,0,0,0,0,0,0,0,0,0,0,9,0,0,0,0,0,0,0,18,0,9,0,0,0,175,0,0,0,5,0,328,0,20,0,23,0,194,0,274,0,53,0,79,3,24,2,8,0,110,0,34,0,46,0,192,0,0,0,0
0,50,2,279,0,44,30,211,383,148,0,6,0,0,0,388,0,47,0,232,0,38,1,155,11,362,0,27,0,64,0,0,0,0,0,0,0,9,1,16,0,0,0,0,0,0,0,0,0,2,0,0,133,51,122,0,0,242,111,184,0,158,42,128,8,3,180,15,0,0,0,0,0,0,0,0,0,0,0,0,0,0,0,0,0,0,0,0,0,0,0,0,0,0,0,0,0,0,0,0,0,0,0,0,0,0,0,0,0,0,0,0,0,0,2,0,0,0,0,0,0,0,0,0,0,19,0,6,0,14,0,8,0,111,4,43,0,155,2,58,0,10,0,8,0,2,3,3,0,0,3,0,0,0,16,79,4,56,0,29,0,45,0,0,0,0,0,0,0,14,0,53,0,18,5,0,17,0,0,0,0,0,0,3,3,14,0,0,0,0,0,0,0,0,0,0,1,0,0,0,0,0,0,0,0,0,0,19,5,79,0,0,0,2,0,125,0,0,1,4,3,424,1,35,0,8,3,185,0,389,0,52,0,213,0,43,0,8,0,52,0,13,0,15,0,211,0,0,0
0,0,6,0,3,0,0,0,0,0,0,1,1,0,0,0,4,0,0,0,28,0,0,0,4,0,0,0,0,0,13,0,5,0,7,0,13,0,0,0,0,0,0,0,0,0,0,0,1,0,7,0,175,5,146,0,0,11,229,67,0,0,0,1,102,14,24,61,0,0,0,0,0,0,0,0,0,0,0,0,0,0,0,0,0,0,0,0,0,0,0,0,0,0,0,0,0,0,0,0,0,0,0,0,0,0,0,0,0,0,0,0,0,0,0,0,0,0,0,0,0,0,0,0,9,0,12,0,57,0,32,0,22,0,7,0,13,0,0,3,0,0,13,0,6,0,0,0,1,0,2,0,0,0,352,12,59,0,149,0,118,0,27,0,0,0,1,0,18,0,49,0,11,0,0,4,0,1,0,0,0,0,0,0,1,0,0,0,0,0,0,0,0,0,0,0,0,0,0,0,0,0,1,0,0,0,0,0,24,0,0,0,5,0,267,0,0,0,3,0,331,0,85,0,34,0,141,2,583,0,30,0,182,0,152,0,4,0,133,0,21,0,75,0,255,0,0,0,0
0,8,0,11,0,0,0,22,17,10,0,1,0,0,0,16,0,47,0,10,0,11,0,16,0,29,0,7,0,19,0,0,1,4,0,0,0,0,0,9,0,0,0,0,0,0,0,0,0,0,0,2,29,77,11,242,11,0,45,178,0,20,0,40,40,9,74,24,0,0,0,0,0,0,0,0,0,0,0,0,0,2,0,0,0,0,0,0,0,0,0,0,0,0,0,0,0,0,0,0,0,0,0,0,0,0,0,20,0,0,0,0,0,0,0,0,0,0,0,0,0,0,0,0,0,16,0,5,0,40,0,37,0,66,0,27,0,79,0,37,0,5,0,14,0,0,0,3,0,2,0,2,0,0,26,365,3,33,0,133,0,153,0,7,0,0,0,0,0,6,2,57,0,6,0,3,0,0,0,0,0,0,0,0,1,10,0,0,0,0,0,0,0,0,0,0,0,0,0,0,0,0,0,0,0,0,0,0,0,5,0,0,0,0,0,261,0,0,0,9,0,333,0,74,0,14,0,107,1,642,0,15,0,151,0,210,0,8,0,51,0,16,0,32,2,222,0,0,0
0,0,0,0,0,0,11,0,57,37,0,0,0,0,0,0,0,0,0,0,24,0,0,0,0,0,0,0,2,0,6,0,0,0,4,0,11,0,0,0,0,0,0,0,9,0,0,0,0,0,0,0,47,40,63,111,229,45,0,273,24,0,13,7,141,18,246,266,0,0,0,0,1,0,0,0,0,0,0,0,0,0,0,0,0,0,0,0,0,0,0,0,0,0,0,0,0,0,0,0,0,0,0,0,0,0,0,0,0,0,0,0,0,0,0,0,0,0,0,0,0,0,0,0,2,0,1,0,6,0,2,0,3,0,3,0,0,0,0,0,0,0,3,0,0,1,0,0,3,2,0,0,0,0,115,23,99,1,1,6,20,3,0,0,0,0,0,0,19,0,32,0,4,0,1,0,32,10,0,0,29,6,0,0,25,74,0,0,0,0,0,0,0,0,0,0,1,0,0,0,0,0,0,0,0,0,0,0,10,3,0,0,0,0,348,0,0,0,6,0,476,1,70,0,25,1,215,0,433,0,53,0,225,1,110,1,12,1,211,0,44,0,123,0,286,0,0,0,0
0,37,0,0,0,6,0,9,107,236,0,0,0,0,0,9,0,0,0,4,0,5,0,0,0,3,0,4,0,2,0,0,0,0,0,0,0,0,0,0,0,0,0,0,1,2,0,0,0,0,1,5,159,14,74,184,67,178,273,0,0,89,1,36,126,182,421,442,0,0,0,0,0,0,0,0,0,0,0,0,0,0,0,0,0,0,0,0,0,0,0,0,0,0,0,0,0,0,0,0,0,0,0,0,0,0,0,0,0,0,0,0,0,0,0,0,0,0,0,0,0,0,0,0,0,10,0,0,0,0,0,29,0,0,0,0,1,0,19,0,0,0,0,0,15,5,0,1,0,31,0,2,2,0,116,85,25,128,27,20,16,108,0,0,0,0,0,0,1,3,1,21,0,10,0,17,22,0,0,0,4,27,0,0,13,218,0,0,0,0,0,0,0,0,0,0,0,0,0,0,0,0,0,0,0,0,0,0,3,0,0,0,0,5,0,425,0,0,0,6,0,494,2,79,1,21,2,279,7,504,0,41,1,275,0,548,0,13,0,125,0,41,0,59,2,373,0,0,0
168,15,74,0,4,0,181,0,132,0,0,0,0,0,0,4,28,2,1,0,26,0,0,0,30,14,7,0,10,1,13,0,38,0,8,0,36,0,41,0,0,0,10,0,0,0,0,0,1,0,5,0,52,0,0,0,0,0,24,0,0,0,124,0,0,0,1,0,0,0,3,0,0,0,0,0,0,0,0,0,2,0,0,0,0,0,0,0,0,0,0,0,0,0,0,0,0,0,0,0,0,0,0,0,0,0,0,0,0,0,0,0,0,0,0,0,0,0,0,0,0,0,0,0,0,0,1,0,0,0,0,0,3,0,5,0,4,0,113,0,59,0,0,0,114,0,0,0,0,0,0,0,0,0,30,0,115,0,28,0,0,0,4,0,0,0,2,0,3,0,136,0,96,0,0,0,2,2,0,0,0,0,0,0,0,0,0,0,0,0,0,0,0,0,0,0,0,0,0,0,0,0,0,0,0,0,0,0,0,0,2,0,0,0,29,0,0,0,1,0,103,0,0,0,9,0,265,0,86,0,22,0,31,0,7,0,0,0,48,0,15,0,37,0,56,0,0,0,0
0,75,0,10,0,0,6,142,0,294,0,2,0,3,0,0,0,0,0,23,0,18,0,0,8,18,0,11,0,11,0,6,0,20,0,9,0,66,0,19,0,0,0,4,0,0,0,0,0,0,0,11,0,66,0,158,0,20,0,89,0,0,0,89,0,0,2,25,0,0,0,0,0,25,0,0,0,0,0,0,0,0,0,0,0,0,0,0,0,0,0,0,0,0,0,0,0,0,0,0,0,0,0,0,0,0,0,0,0,0,0,0,0,0,0,0,0,0,0,0,0,0,0,1,0,0,0,0,0,0,0,0,0,0,0,3,0,13,0,73,0,62,0,8,0,153,0,0,0,0,0,0,0,0,0,33,0,202,0,32,0,3,0,3,0,0,0,0,0,0,0,45,0,14,1,0,2,39,0,1,0,0,0,28,0,5,0,0,0,0,0,0,0,0,0,0,0,0,0,0,0,0,0,0,0,0,0,0,0,0,0,0,0,0,0,6,0,0,0,1,0,100,0,3,0,0,0,170,0,81,0,9,0,36,0,2,0,0,0,7,0,0,0,3,1,43,0,0,0
141,33,96,4,0,0,386,47,50,131,0,0,0,0,16,0,567,19,39,0,234,1,12,0,88,130,17,0,169,0,55,0,25,0,5,0,9,1,75,5,0,0,0,0,34,0,0,0,0,0,0,0,149,0,26,42,0,0,13,1,124,0,0,44,0,0,0,0,0,0,37,0,5,0,30,0,0,0,0,0,50,0,0,0,167,0,56,0,0,0,7,0,0,0,0,0,79,0,74,0,9,0,0,0,0,0,53,0,0,0,0,0,0,0,0,0,0,0,0,0,77,0,57,0,0,0,0,0,4,0,0,0,29,0,0,0,29,0,160,0,80,2,86,0,58,0,0,0,0,0,0,0,0,0,168,0,70,0,62,0,0,0,0,0,0,0,0,0,0,0,14,0,17,0,0,0,3,1,0,0,0,0,0,2,0,0,0,0,0,0,0,0,0,0,0,0,0,0,0,0,2,0,0,0,0,0,0,0,1,0,3,0,0,0,34,0,0,0,0,0,46,4,0,0,0,0,542,2,39,0,9,0,46,0,6,0,0,0,41,2,22,0,19,0,59,0,0,0,0
46,74,14,62,0,0,51,157,119,268,0,0,0,0,0,28,0,267,0,48,0,101,7,99,44,115,0,0,1,104,0,23,0,39,0,5,0,32,0,55,0,5,0,0,0,0,0,1,0,0,0,4,20,92,36,128,1,40,7,36,0,89,44,0,0,0,7,28,0,0,0,0,0,7,0,0,0,0,0,0,0,0,0,0,0,3,0,0,0,0,0,0,0,0,0,0,0,2,0,2,0,0,0,0,0,0,0,0,0,0,0,0,0,0,0,0,0,0,0,0,0,3,0,0,0,0,0,0,0,1,0,0,0,12,0,16,0,39,0,50,0,19,0,22,0,15,0,0,0,0,0,1,0,0,0,71,0,72,0,24,2,2,0,0,0,0,0,0,0,0,0,6,0,0,3,0,3,34,0,0,0,0,0,16,0,0,0,0,0,0,0,0,0,0,0,0,0,0,0,0,0,0,0,0,0,0,0,0,0,0,0,1,0,0,0,9,0,0,0,0,0,37,0,0,0,0,0,408,0,22,0,8,0,29,0,3,0,0,0,15,0,3,0,4,0,28,0,0,0
17,0,15,0,13,0,5,0,151,0,3,0,6,0,47,12,0,0,9,0,0,0,0,0,0,7,3,0,0,0,0,0,0,0,0,0,0,0,0,0,0,0,0,0,1,0,0,0,0,0,0,0,0,1,9,8,102,40,141,126,0,0,0,0,0,87,213,73,0,0,0,0,1,0,1,0,0,0,0,0,0,0,0,0,0,0,0,0,0,0,0,0,0,0,0,0,0,0,0,0,0,0,0,0,0,0,0,0,0,0,0,0,0,0,0,0,0,0,0,0,0,0,0,0,9,0,0,0,0,2,45,19,0,0,0,0,0,0,13,28,0,0,0,0,77,12,13,0,117,38,0,0,5,0,18,54,27,0,12,68,313,0,0,0,0,0,0,0,0,0,0,0,0,0,125,61,10,0,3,0,134,34,2,0,120,20,0,0,0,0,0,0,0,0,0,0,0,0,0,1,0,0,0,0,0,0,0,0,0,0,0,0,0,0,54,0,0,0,1,0,0,0,17,0,3,0,74,1,52,0,9,0,50,0,159,0,3,0,43,0,0,0,14,0,100,0,0,0,0
0,99,1,0,0,10,0,4,0,222,0,14,0,0,0,4,0,0,0,25,0,0,4,0,0,0,0,13,0,2,0,0,0,0,0,0,0,0,0,4,0,0,0,0,0,0,0,0,0,0,0,0,10,0,8,3,14,9,18,182,0,0,0,0,87,0,13,580,0,0,0,2,0,1,0,0,0,0,0,1,0,0,0,0,0,0,0,0,0,0,0,0,0,0,0,0,0,0,0,0,0,0,0,0,0,0,0,0,0,0,0,0,0,0,0,0,0,0,0,0,0,0,0,0,0,40,0,2,0,0,40,192,0,0,0,0,0,3,32,24,0,0,0,0,33,103,3,26,57,397,0,30,10,20,43,3,12,6,43,9,79,160,0,6,0,0,0,0,0,2,0,0,0,0,22,167,2,7,0,0,6,141,0,16,0,168,0,0,0,0,0,0,0,0,0,0,0,0,0,0,0,0,0,0,0,0,0,5,2,6,0,0,0,0,0,23,0,0,0,0,0,36,0,9,0,0,0,87,0,65,0,0,0,0,0,155,0,0,0,31,0,4,0,6,0,64,0,0,0
10,0,2,0,2,0,3,0,350,53,0,0,0,0,1,0,0,0,0,0,0,0,0,0,0,3,2,0,0,0,0,0,0,0,0,0,0,0,0,0,0,0,0,0,0,0,0,0,0,0,0,0,5,36,20,180,24,74,246,421,1,2,0,7,213,13,0,185,0,0,0,0,0,0,0,0,0,0,0,0,0,0,0,0,0,0,0,0,0,0,0,0,0,0,0,0,0,0,0,0,0,0,0,0,0,0,0,0,0,0,0,0,0,0,0,0,0,0,0,0,0,0,0,0,3,0,0,0,0,0,12,0,1,0,0,0,0,0,0,0,0,0,0,0,1,0,2,0,34,1,0,0,0,0,6,21,6,0,4,0,57,4,0,0,0,0,0,0,1,0,0,0,0,0,7,0,185,16,0,0,38,13,0,0,113,165,0,0,0,0,0,0,0,0,0,0,0,0,0,0,0,0,0,0,0,0,0,0,4,0,0,0,1,0,30,1,0,0,2,0,47,0,7,0,0,0,38,0,36,0,4,0,33,0,21,0,1,0,20,0,4,0,7,0,27,0,0,0,0
1,17,0,0,0,0,0,0,190,141,0,0,0,0,0,0,0,0,0,0,0,0,0,0,1,0,0,0,0,0,0,0,0,0,0,0,0,0,0,0,0,0,0,0,0,0,0,0,0,0,0,0,201,10,167,15,61,24,266,442,0,25,0,28,73,580,185,0,0,0,0,0,0,0,0,0,0,0,0,0,0,0,0,0,0,0,0,0,0,0,0,0,0,0,0,0,0,0,0,0,0,0,0,0,0,0,0,0,0,0,0,0,0,0,0,0,0,0,0,0,0,0,0,0,0,22,0,0,0,0,0,104,0,0,0,0,0,1,17,6,0,0,0,0,0,13,0,7,0,164,0,19,0,1,128,9,13,11,32,14,28,266,0,0,0,0,0,0,0,0,0,3,1,0,0,67,75,187,0,1,5,144,0,5,11,634,0,0,0,0,0,0,0,0,0,0,0,0,0,0,2,0,0,0,0,0,0,0,0,1,0,0,0,0,0,66,0,0,0,0,2,51,0,0,0,0,0,95,4,52,0,5,0,35,0,248,0,6,0,27,0,4,0,9,0,84,0,0,0
0,0,0,0,0,0,0,0,0,0,0,0,0,0,0,0,0,0,0,0,0,0,0,0,0,0,0,0,0,0,0,0,0,0,1,0,0,0,0,0,0,0,0,0,1,0,0,0,0,0,0,0,0,0,0,0,0,0,0,0,0,0,0,0,0,0,0,0,0,0,0,0,0,0,0,0,168,0,7,0,3,0,15,0,0,0,3,0,47,0,0,0,6,0,13,0,0,0,2,0,8,0,57,0,0,0,3,0,16,0,2,0,26,0,0,0,1,0,0,0,0,0,0,0,0,0,0,0,0,0,0,0,0,0,0,0,1,0,0,0,0,0,0,0,0,0,0,0,0,0,0,0,0,0,0,0,0,0,0,0,0,0,0,0,43,0,0,0,38,0,1,0,1,0,0,0,0,0,0,0,0,0,0,0,0,0,0,0,0,0,0,0,0,0,0,0,0,0,0,0,0,0,0,0,0,0,0,0,0,0,0,0,124,0,117,0,36,0,0,0,0,0,35,0,19,0,1,0,11,0,0,0,0,0,0,0,0,0,0,0,0,0,1,0,0,0,0,0,0
0,0,0,0,0,0,0,0,0,0,0,0,0,0,0,0,0,0,0,0,0,0,0,0,0,0,0,6,0,0,0,0,0,0,0,0,0,0,0,0,0,2,0,0,0,0,0,1,0,2,0,0,0,0,0,0,0,0,0,0,0,0,0,0,0,0,0,0,0,0,0,0,0,4,0,0,0,47,0,0,0,2,0,68,0,6,0,11,0,14,0,0,0,23,0,26,0,0,0,5,0,8,0,206,0,0,0,2,0,26,0,8,0,8,0,0,0,4,0,0,0,0,0,0,0,0,1,0,0,0,0,0,0,0,0,0,0,0,0,0,0,0,0,0,0,0,0,0,0,0,0,0,0,0,0,0,0,0,0,0,0,0,0,0,0,51,0,0,0,17,0,0,0,0,0,0,0,0,0,0,0,0,0,0,0,0,0,0,0,0,0,2,0,0,0,0,0,0,0,0,0,0,0,0,0,0,0,0,0,0,0,0,0,242,0,71,0,68,0,13,0,0,0,107,0,16,0,0,0,29,0,0,0,0,0,0,0,0,0,2,0,0,0,0,0,0,0,0,0
0,0,0,0,0,0,0,0,0,0,0,0,0,0,0,0,29,0,32,0,117,0,0,0,0,0,47,0,29,0,48,0,5,0,0,0,37,0,0,0,0,0,5,0,0,0,0,0,0,0,6,0,2,0,0,0,0,0,0,0,3,0,37,0,0,0,0,0,0,0,0,0,262,0,305,0,19,0,178,0,3,0,8,0,2,2,57,0,0,0,0,0,0,0,3,0,0,0,7,1,0,0,0,0,3,0,0,0,0,0,0,0,0,0,0,0,0,0,0,0,75,0,77,0,22,8,24,0,11,0,0,0,24,0,38,0,47,0,9,0,85,0,92,0,182,0,25,0,20,0,31,0,24,0,0,0,28,0,0,0,4,0,50,0,0,0,0,0,10,0,56,0,23,0,31,0,0,0,0,0,12,6,0,0,5,0,0,0,0,0,0,0,0,0,0,0,0,0,0,0,0,0,0,0,0,0,0,0,22,0,0,0,0,0,0,0,0,0,0,0,0,0,0,0,5,0,0,0,26,0,0,0,0,0,0,2,0,0,21,0,11,0,0,0,1,0,0,0,0
