0,414,21,120,71,0,3,213,85,161,200,0,71,0,34,42,47,51,18,3,0,0,47,71,7,252,28,0,61,9,11,0,34,0,5,0,61,0,384,0,10,0,0,0,0,0,12,0,60,0,0,0,0,4,4,23,0,0,0,0,251,11,187,42,21,0,12,0,0,0,1,0,0,0,0,0,0,0,0,0,0,0,0,0,0,0,0,0,0,0,0,0,0,0,0,0,0,0,0,0,0,0,0,0,0,0,0,0,0,0,0,0,0,0,0,0,0,0,0,0,0,0,0,0,0,0,11,0,0,0,0,0,0,0,8,0,0,0,0,0,0,0,0,0,0,0,11,0,19,0,0,0,0,0,0,0,0,0,0,0,4,0,0,0,6,0,11,0,17,0,26,0,274,0,0,0,696,53,30,0,0,0,83,4,36,0,9,0,0,0,0,0,0,0,0,0,0,0,0,0,0,0,0,0,0,0,0,0,0,0,845,202,423,192,381,2,5,0,0,0,1,1,0,0,0
414,0,122,65,48,218,50,114,0,107,30,207,0,101,0,55,67,15,0,134,11,0,252,18,110,8,0,147,0,41,0,0,0,70,0,0,0,60,10,106,0,13,0,0,0,42,0,15,0,7,0,28,0,8,0,19,0,4,0,3,0,264,7,144,0,75,0,24,0,0,0,0,0,0,0,0,0,0,0,0,0,0,0,0,0,0,0,0,0,0,0,0,0,0,0,0,0,0,0,0,0,0,0,0,0,0,0,0,0,0,0,0,0,0,0,0,0,0,0,0,0,5,0,0,0,16,0,18,0,0,0,0,0,7,0,66,0,81,0,0,0,0,0,0,0,9,0,30,0,32,0,20,0,10,0,19,0,20,0,0,0,0,0,3,0,0,0,0,0,34,0,23,0,136,0,0,157,529,0,54,0,0,0,42,0,15,0,0,0,0,0,0,0,0,0,0,0,0,0,0,0,0,0,0,0,0,0,0,0,0,8,0,10,0,518,0,0,0,906,175,362,140,0,0,0
21,122,0,0,215,0,67,51,44,29,27,0,52,0,303,28,79,18,120,0,95,0,425,37,86,42,79,0,224,0,96,0,180,0,0,0,56,0,348,0,0,0,0,0,97,0,14,0,63,0,21,0,13,0,175,0,19,0,37,0,120,0,218,11,29,0,0,0,0,0,24,0,0,0,0,0,0,0,0,0,20,0,0,0,163,0,31,0,0,0,142,0,0,0,0,0,236,0,0,0,53,0,0,0,30,0,198,0,0,0,0,0,0,0,0,0,0,0,0,0,18,0,41,0,53,0,42,0,0,0,59,0,30,0,153,0,181,0,0,0,15,0,210,0,4,0,30,0,56,0,15,0,0,0,0,0,0,0,3,0,33,0,0,0,10,0,73,0,49,0,44,0,351,0,0,0,78,17,0,6,0,1,0,0,17,0,0,0,0,0,0,0,0,0,0,0,0,0,17,0,127,0,0,0,0,0,0,0,21,0,461,101,546,0,269,0,10,0,2,0,0,0,0,0,0
120,65,0,0,0,85,0,46,1,4,58,11,0,0,16,192,0,15,0,119,0,74,136,91,11,26,0,75,0,86,0,24,0,210,0,0,0,71,7,145,0,0,0,0,0,0,0,0,0,0,0,0,0,0,0,37,0,0,0,1,0,65,0,24,0,1,0,0,0,0,0,0,0,0,0,0,0,0,0,0,0,8,0,0,0,0,0,0,0,0,0,0,0,0,0,0,0,29,0,0,0,0,0,0,0,0,0,0,0,0,0,0,0,0,0,0,0,0,0,0,0,0,0,0,0,2,0,13,0,12,0,1,0,0,0,67,0,135,0,59,0,0,0,33,2,0,0,6,0,0,0,0,0,4,0,3,0,0,0,0,0,0,0,0,0,0,0,79,0,42,0,11,0,165,0,0,41,77,0,15,0,0,0,0,0,0,0,0,0,0,0,0,0,0,0,0,0,0,0,0,0,58,0,0,0,0,0,0,0,0,0,0,0,0,141,0,0,0,201,55,260,0,1,0,0
71,48,215,0,0,241,18,4,33,0,107,128,360,0,275,190,0,15,297,161,232,45,30,59,0,0,304,0,42,0,322,0,231,55,226,0,465,29,140,1,117,0,35,0,95,0,63,0,40,0,139,0,1,0,0,0,0,0,0,0,0,0,0,0,28,0,0,0,0,0,0,0,0,0,0,0,0,0,0,0,0,0,0,0,0,0,0,0,0,0,0,0,0,0,0,0,0,0,0,0,0,0,0,0,0,0,0,0,0,0,0,0,0,0,0,0,0,0,0,0,0,0,0,0,12,0,0,0,0,0,0,0,0,0,52,0,32,0,0,0,0,0,0,0,0,0,0,0,32,0,0,0,0,0,0,0,0,0,0,0,0,0,0,0,50,0,196,0,111,0,0,0,199,0,0,0,509,63,111,23,0,0,22,0,32,0,0,0,0,0,0,0,0,0,0,0,0,0,0,0,0,0,0,0,0,0,0,0,0,0,415,246,576,0,198,0,0,0,4,0,0,0,0,0,0
0,218,0,85,241,0,0,34,0,21,116,139,110,160,290,351,13,5,147,328,87,418,109,127,2,8,0,423,6,0,14,140,12,275,0,270,0,148,0,0,0,56,0,0,0,70,5,105,0,8,0,86,0,6,0,7,0,0,0,0,0,21,0,17,0,11,0,0,0,0,0,0,0,0,0,0,0,0,0,0,0,0,0,0,0,0,0,0,0,0,0,0,0,0,0,0,0,0,0,0,0,1,0,0,0,0,0,0,0,0,0,0,0,0,0,0,0,0,0,0,0,0,0,0,0,0,0,0,0,0,0,7,0,0,0,0,0,61,0,0,0,0,0,0,0,0,0,18,0,10,0,0,0,0,0,24,0,0,0,0,0,0,0,0,0,19,0,231,0,146,0,26,0,140,0,0,163,436,23,94,0,0,0,63,0,0,0,7,0,0,0,0,0,1,0,0,0,0,0,0,0,0,0,0,0,0,0,0,0,0,0,0,0,0,218,0,0,0,494,268,503,0,0,0,0
3,50,67,0,18,0,0,0,110,216,11,0,0,0,0,0,41,0,0,0,0,0,30,0,164,52,0,0,0,0,0,0,0,0,0,0,0,0,0,0,0,0,0,0,0,0,0,0,72,0,16,0,90,6,287,46,28,0,19,0,376,0,330,34,14,0,29,0,0,0,0,0,0,0,0,0,0,0,0,0,0,0,0,0,30,0,0,0,0,1,38,0,0,0,0,0,61,0,0,0,0,0,0,0,0,0,0,0,0,0,0,0,0,0,0,0,0,0,0,0,0,0,0,0,33,0,27,0,5,0,72,0,18,0,63,0,80,0,0,0,0,0,68,0,0,0,8,0,36,0,0,0,1,0,0,0,4,0,0,0,38,0,15,0,6,0,9,0,43,0,240,0,448,0,0,0,0,16,0,0,0,0,0,0,0,0,0,0,0,0,0,0,0,0,0,0,0,0,0,0,33,0,0,0,0,0,0,0,10,0,724,78,631,459,621,2,88,0,0,1,0,0,0,0,0
213,114,51,46,4,34,0,0,114,13,0,25,0,0,3,37,30,15,0,15,0,10,55,14,91,241,0,0,1,60,0,0,0,0,0,3,0,16,0,66,0,0,0,0,0,0,0,0,1,0,0,0,9,21,15,260,0,7,0,13,0,295,35,309,0,2,0,3,0,0,0,0,0,0,0,0,0,0,0,0,0,0,0,0,0,0,0,0,0,0,0,0,0,0,0,0,0,0,0,0,0,0,0,0,0,0,0,0,0,0,0,0,0,0,0,0,0,0,0,0,0,0,0,0,0,13,0,18,0,0,0,38,0,21,0,0,0,106,3,47,0,12,0,0,0,3,0,2,0,0,0,0,0,0,0,3,0,0,0,19,5,11,0,0,0,0,0,14,0,71,0,95,0,261,0,0,57,78,0,0,0,0,0,0,0,0,0,0,0,0,0,0,0,0,0,0,0,0,0,2,0,33,0,0,0,0,0,0,0,7,0,6,0,0,579,0,0,0,732,92,680,231,0,45,0
85,0,44,1,33,0,110,114,0,477,29,0,44,0,7,0,16,0,0,0,0,0,0,0,21,60,0,0,0,0,0,0,3,0,0,0,0,0,0,0,0,0,0,0,0,0,0,0,17,0,0,0,115,54,64,247,19,0,56,147,214,0,226,32,81,0,156,120,1,0,0,0,0,0,0,0,0,0,0,0,0,0,0,0,0,0,0,0,0,0,0,0,0,0,0,0,0,0,0,0,0,0,0,0,0,0,0,0,0,0,0,0,0,0,0,0,0,0,0,0,0,0,0,0,15,0,18,0,0,0,34,0,0,0,38,0,13,0,0,0,0,0,12,0,0,0,34,0,60,0,6,0,19,0,0,0,0,0,0,0,58,0,9,0,5,0,0,0,22,0,115,0,131,0,0,0,443,60,20,0,0,0,13,0,297,22,0,0,0,0,0,0,0,0,0,0,0,0,0,0,12,0,0,0,0,0,0,0,10,0,564,97,353,292,441,0,58,0,1,0,0,0,0,0,0
161,107,29,4,0,21,216,13,477,0,0,81,0,8,0,4,42,0,0,23,0,0,17,0,149,25,0,22,0,0,0,0,0,0,0,0,0,0,0,0,0,1,0,0,2,0,0,0,0,3,0,0,72,20,213,122,0,13,0,34,12,59,110,58,0,150,0,118,0,1,0,0,0,0,0,0,0,0,0,0,0,0,0,0,0,0,0,0,0,0,0,0,0,0,0,2,0,0,0,0,0,0,0,0,0,0,0,0,0,0,0,0,0,0,0,0,0,0,0,0,0,0,0,0,0,34,0,53,0,8,0,44,0,27,0,110,0,193,0,0,0,0,0,0,0,17,0,66,0,55,0,51,0,44,0,58,0,80,0,26,0,12,0,13,0,5,0,5,0,25,0,118,0,0,0,1,158,578,0,23,0,0,10,12,0,107,0,2,0,0,0,0,0,0,0,0,0,0,0,11,0,0,0,0,0,0,0,0,0,35,0,4,0,0,529,0,0,0,697,93,423,254,0,57,0
200,30,27,58,107,116,11,0,29,0,0,47,232,0,41,173,0,4,25,0,63,9,7,91,0,0,26,0,0,0,70,0,146,0,0,0,115,0,83,0,14,0,18,0,0,0,19,0,17,0,0,0,3,0,0,0,0,0,0,0,0,0,0,0,40,0,8,0,0,0,0,0,0,0,0,0,0,0,0,0,0,0,1,0,0,0,0,0,0,0,0,0,0,0,0,0,0,0,0,0,0,0,0,0,0,0,0,0,0,0,0,0,0,0,0,0,0,0,0,0,0,0,0,0,10,0,0,0,0,0,12,0,0,0,8,0,0,0,0,0,0,0,0,0,1,0,8,0,34,0,0,0,23,0,0,1,0,0,0,0,0,0,0,0,8,0,45,0,23,0,0,0,0,0,0,0,489,7,114,0,67,0,62,0,70,0,24,0,1,0,0,0,0,0,0,0,0,0,0,0,0,0,0,0,0,0,0,0,0,0,257,149,163,0,91,0,0,0,0,0,0,0,0,0,0
0,207,0,11,128,139,0,25,0,81,47,0,27,271,149,51,4,19,47,99,41,137,78,94,0,0,0,285,0,36,2,63,4,234,0,125,0,177,0,50,0,62,0,0,0,66,0,84,0,30,0,0,0,4,0,5,0,0,0,0,0,37,0,11,0,23,0,8,0,0,0,0,0,0,0,0,0,0,0,0,0,0,0,0,0,0,0,0,0,0,0,0,0,0,0,0,0,0,0,0,0,0,0,0,0,0,0,0,0,0,0,0,0,0,0,0,0,0,0,0,0,0,0,0,0,0,0,0,0,0,0,12,0,0,0,0,0,72,0,12,0,0,0,0,0,7,0,0,0,12,0,26,0,28,0,43,0,24,0,0,0,0,0,0,0,0,0,43,0,32,0,14,0,38,0,0,76,252,0,70,0,16,0,94,0,56,0,18,0,0,0,0,0,0,0,0,0,0,0,0,0,0,0,0,0,0,0,0,0,7,0,0,0,0,70,0,0,0,207,146,161,23,0,0,0
71,0,52,0,360,110,0,0,44,0,232,27,0,0,27,30,0,0,121,218,61,59,2,2,0,0,305,400,0,0,34,0,14,5,306,0,99,0,0,0,382,47,170,0,326,74,322,99,52,0,364,0,4,0,0,0,0,0,0,0,0,0,0,0,31,0,0,0,0,0,0,0,0,0,0,0,0,0,0,0,0,0,0,0,0,0,0,0,0,0,0,0,0,0,0,0,0,0,0,0,0,0,0,0,0,0,0,0,0,0,0,0,0,0,0,0,0,0,3,0,0,0,0,0,0,0,0,0,0,0,0,0,0,0,35,0,17,0,0,0,0,0,0,0,0,0,0,0,35,0,0,0,0,0,0,0,0,0,0,0,0,0,0,0,70,0,13,0,56,0,0,0,9,0,0,0,502,83,143,0,0,0,25,0,31,0,204,7,0,0,0,0,0,0,0,0,0,0,9,0,0,0,0,0,0,0,0,0,0,0,31,119,193,0,0,0,0,0,0,0,0,0,0,0,0
0,101,0,0,0,160,0,0,0,8,0,271,0,0,24,0,0,0,287,47,128,72,0,0,0,0,144,470,0,0,0,13,0,4,18,159,0,63,0,0,37,239,0,101,0,130,0,276,2,99,0,278,0,0,0,0,0,0,0,0,1,0,0,0,0,0,0,0,0,0,0,0,0,0,0,0,0,0,0,0,0,0,0,0,0,0,0,0,0,0,0,0,0,0,0,0,0,0,0,0,0,0,0,0,0,0,0,0,0,0,0,0,0,0,0,0,0,0,0,0,0,0,0,0,0,2,0,0,0,0,0,0,0,0,0,0,0,19,0,0,0,0,0,0,0,0,0,0,0,4,0,0,0,8,0,0,0,0,0,1,0,0,0,0,0,0,0,10,0,63,0,0,0,0,0,0,38,595,0,88,0,23,0,35,0,0,30,58,0,0,0,0,0,0,0,0,0,0,0,0,0,0,0,0,0,0,0,0,0,0,0,0,0,0,0,0,0,0,58,204,237,26,0,0,0
34,0,303,16,275,290,0,3,7,0,41,149,27,24,0,193,41,0,183,121,243,22,301,65,21,0,81,0,23,0,190,6,69,44,170,14,114,28,10,1,8,0,0,0,0,0,11,2,0,0,24,0,5,0,27,0,0,0,0,0,1,0,7,0,0,0,0,0,0,0,23,0,0,0,0,0,0,0,0,0,0,0,0,0,0,0,0,0,0,0,0,0,0,0,0,0,62,0,0,0,0,0,2,0,0,0,0,0,0,0,0,0,0,0,0,0,0,0,0,0,0,0,0,0,0,0,0,0,0,0,0,0,0,0,94,0,71,0,0,0,6,0,78,4,7,0,17,0,18,0,4,0,19,0,0,0,0,0,0,0,0,0,0,0,11,0,47,0,40,0,0,0,28,0,0,0,255,24,26,23,0,0,24,0,16,0,0,0,0,0,0,0,0,0,0,0,0,0,0,0,103,0,0,0,0,0,0,0,0,0,122,130,106,0,40,0,0,0,0,0,0,0,0,0,0
42,55,28,192,190,351,0,37,0,4,173,51,30,0,193,0,18,8,17,523,84,193,113,107,0,37,0,170,0,0,0,34,17,49,0,18,0,30,0,14,0,0,0,0,1,32,0,0,0,7,0,26,0,11,0,70,0,0,0,0,0,14,0,0,0,0,0,0,0,0,0,0,0,0,0,0,0,0,0,0,0,0,0,0,0,290,0,0,0,0,0,0,0,0,0,0,0,155,0,0,0,0,0,0,0,0,0,0,0,0,0,0,0,0,0,0,0,0,0,0,0,0,0,0,0,0,0,8,0,0,0,0,0,0,0,145,0,169,0,122,0,64,0,213,0,0,0,13,0,0,0,0,0,0,0,0,0,0,0,0,0,0,0,0,0,0,0,56,0,30,0,5,0,25,0,0,64,32,0,24,1,0,0,0,0,0,2,0,0,0,0,0,0,0,0,0,0,0,0,0,0,0,0,0,0,0,0,0,2,0,0,4,0,0,91,0,0,0,266,187,146,36,0,1,0
47,67,79,0,0,13,41,30,16,42,0,4,0,0,41,18,0,9,85,0,217,0,164,13,163,27,0,0,245,1,112,0,79,0,38,0,14,0,138,0,0,0,0,0,86,0,12,0,7,0,47,0,38,1,5,4,0,0,0,0,39,1,414,4,0,0,0,0,0,0,133,0,0,0,163,0,0,0,0,0,53,0,0,0,588,1,123,0,0,0,0,0,0,0,0,0,403,0,306,0,123,0,0,0,2,0,0,0,0,0,0,0,0,0,0,0,0,0,0,0,114,0,276,0,0,0,0,0,3,0,0,0,0,0,0,0,0,0,76,0,165,0,155,0,57,0,0,0,0,0,0,0,0,0,17,0,0,0,14,0,0,0,0,0,0,0,3,0,15,0,0,0,71,0,0,0,75,6,0,0,0,0,28,0,0,0,0,0,0,0,0,0,0,0,0,0,0,0,0,0,0,0,0,0,0,0,0,0,0,0,46,28,78,17,28,0,1,0,0,0,0,0,0,0,0
51,15,18,15,15,5,0,15,0,0,4,19,0,0,0,8,9,0,0,0,0,134,26,107,17,162,0,0,0,133,0,35,0,52,0,18,0,23,0,134,0,0,0,18,1,0,0,0,0,0,0,0,0,83,0,19,0,8,0,0,0,135,0,443,0,0,0,0,0,0,0,0,0,0,0,0,0,0,0,0,0,57,0,0,0,347,0,0,0,0,0,17,0,0,0,0,0,185,0,48,0,0,0,0,0,0,0,0,0,0,0,0,0,0,0,0,0,0,0,0,0,30,0,6,0,0,0,0,0,0,0,0,0,42,0,88,0,122,0,245,0,255,0,656,0,19,0,0,0,0,0,0,0,0,0,17,0,0,0,18,0,0,0,0,0,0,0,0,0,20,0,18,1,92,0,0,0,3,0,21,0,0,0,0,0,0,0,0,0,0,0,0,0,0,0,0,0,0,0,0,0,0,0,0,0,0,0,0,0,0,0,0,0,0,26,0,0,0,86,90,67,0,0,0,0
18,0,120,0,297,147,0,0,0,0,25,47,121,287,183,17,85,0,0,278,157,74,275,0,0,0,142,369,8,0,29,0,0,0,253,121,81,20,0,0,23,48,75,30,65,47,42,64,5,4,239,86,12,0,0,0,2,0,0,0,0,0,0,1,11,0,0,0,0,0,0,0,0,0,0,0,0,0,0,0,0,0,0,0,0,0,0,0,0,0,0,0,0,0,0,0,0,0,0,0,0,0,0,0,0,0,0,0,0,0,0,0,0,0,0,0,0,0,1,0,0,0,0,0,0,0,0,0,0,0,0,0,0,0,22,0,0,0,0,0,0,0,0,0,0,0,0,0,0,0,0,0,0,0,2,0,0,0,0,0,0,0,0,0,86,0,10,0,50,0,0,0,0,0,0,0,183,43,19,13,0,0,17,0,23,0,19,4,0,0,0,0,0,0,0,0,0,0,0,0,0,0,0,0,0,0,0,0,0,0,41,155,177,16,27,0,0,0,0,0,0,0,0,0,0
3,134,0,119,161,328,0,15,0,23,0,99,218,47,121,523,0,0,278,0,102,373,0,142,0,0,0,494,0,0,0,96,0,15,19,147,0,132,0,0,0,0,0,36,0,34,0,29,0,0,0,101,0,13,0,0,0,0,0,0,0,0,0,0,0,20,0,0,0,0,0,0,0,0,0,0,0,0,0,0,0,0,0,0,0,0,0,0,0,0,0,0,0,0,0,0,0,0,0,0,0,0,0,0,0,0,0,0,0,0,0,0,0,0,0,0,0,0,0,0,0,0,0,0,0,0,0,0,0,0,0,0,0,0,0,0,0,100,0,0,0,0,0,0,0,0,0,0,0,31,0,18,0,0,0,38,0,43,0,0,0,2,0,0,0,43,0,76,0,97,0,0,0,12,0,0,60,140,9,17,0,0,0,16,0,0,0,8,0,0,0,0,0,0,0,0,0,0,0,0,0,0,0,0,0,0,0,0,0,0,0,0,0,0,88,0,0,0,241,197,264,0,0,0,0
0,11,95,0,232,87,0,0,0,0,63,41,61,128,243,84,217,0,157,102,0,27,353,26,0,0,56,139,76,0,115,0,56,11,83,39,34,8,12,0,0,21,43,16,35,17,0,31,7,0,79,19,3,0,5,0,0,0,8,0,0,0,39,0,0,0,1,0,0,0,101,0,0,0,48,0,0,0,0,0,53,0,0,0,0,0,0,0,0,0,0,0,0,0,0,0,0,0,0,0,0,0,0,0,0,0,0,0,0,0,1,0,0,0,0,0,0,0,0,0,0,0,0,0,0,0,0,0,0,0,0,0,0,0,0,0,0,0,0,0,0,0,0,0,63,0,0,0,0,0,0,0,0,0,0,0,0,0,0,0,0,0,0,0,120,0,57,0,123,0,0,0,52,0,0,0,48,8,16,7,0,0,0,0,0,0,6,3,0,0,0,0,0,0,0,0,0,0,0,0,0,0,0,0,0,0,0,0,0,0,231,194,271,0,77,0,3,0,0,0,0,0,0,0,0
0,0,0,74,45,418,0,10,0,0,9,137,59,72,22,193,0,134,74,373,27,0,0,330,0,25,18,259,0,40,0,42,0,96,0,120,0,20,0,6,0,0,0,204,0,108,0,0,0,0,0,89,0,16,0,0,0,0,0,0,0,0,0,49,0,0,0,0,0,0,0,0,0,0,0,0,0,0,0,0,0,0,0,0,0,168,0,0,0,0,0,11,0,0,0,0,0,0,0,0,0,0,0,0,0,0,0,0,0,0,0,0,0,0,0,0,0,0,0,0,0,0,0,0,0,0,0,0,0,0,0,0,0,0,0,0,0,0,0,64,0,176,0,313,0,73,0,0,0,0,0,0,0,0,0,0,0,0,0,0,0,0,0,0,0,24,0,86,0,85,0,6,0,25,0,0,0,128,0,39,0,0,0,13,0,0,0,8,0,0,0,0,0,0,0,0,0,0,0,0,0,0,0,0,0,0,0,0,0,0,0,0,0,0,68,0,0,0,178,154,171,49,0,0,0
47,252,425,136,30,109,30,55,0,17,7,78,2,0,301,113,164,26,275,0,353,0,0,140,69,57,77,0,102,0,66,0,16,0,67,0,15,3,76,2,0,0,35,0,116,0,13,0,9,0,64,0,9,0,117,0,0,0,0,1,29,7,66,10,0,0,0,0,0,0,22,0,0,0,30,0,0,0,0,0,23,0,0,0,373,0,57,0,0,0,247,0,0,0,0,0,387,0,0,0,99,0,0,0,0,0,0,0,0,0,0,0,0,0,0,0,0,0,0,0,43,0,97,0,0,0,0,0,0,0,3,0,0,0,0,0,74,0,0,0,16,0,110,0,0,0,0,0,0,0,1,0,0,0,2,0,0,0,0,1,0,0,0,0,8,0,13,0,0,0,0,0,79,0,0,0,148,0,0,16,0,0,14,0,0,0,1,0,0,0,0,0,0,0,0,0,0,0,0,0,0,0,0,0,0,0,0,0,0,0,173,68,113,41,49,0,0,0,0,0,0,0,0,0,0
71,18,37,91,59,127,0,14,0,0,91,94,2,0,65,107,13,107,0,142,26,330,140,0,0,49,0,101,0,123,6,52,0,135,0,49,3,45,5,77,0,0,0,0,0,53,0,0,0,0,3,29,0,34,0,39,0,0,0,0,0,37,0,113,0,0,2,0,0,0,0,0,0,0,0,0,0,0,0,4,0,111,0,0,0,435,0,0,0,0,0,24,0,0,0,0,0,238,0,51,0,0,0,0,0,0,0,87,0,0,0,0,0,0,0,0,0,0,0,0,0,46,0,19,0,0,0,0,0,0,0,0,0,0,0,72,0,0,0,83,0,101,0,382,0,18,0,0,0,0,0,0,0,0,0,0,0,3,0,0,0,0,0,0,0,0,0,122,0,49,0,13,0,114,0,0,22,18,0,55,0,0,2,0,3,0,0,0,0,0,0,0,0,0,0,0,0,0,0,0,0,105,0,0,0,0,0,0,0,0,0,0,0,0,123,0,0,0,324,196,225,0,0,3,0
7,110,86,11,0,2,164,91,21,149,0,0,0,0,21,0,163,17,0,0,0,0,69,0,0,71,0,0,27,0,8,0,3,0,0,0,0,0,0,0,0,0,0,0,0,0,0,0,9,0,0,0,66,2,142,20,12,0,1,0,48,0,82,19,1,0,0,0,0,0,25,0,0,0,43,0,0,0,0,0,0,0,0,0,543,0,35,0,0,0,332,0,0,0,0,0,582,0,93,0,0,0,0,0,25,0,253,0,0,0,0,0,0,0,0,0,0,0,0,0,46,0,240,0,0,0,0,0,17,0,0,0,14,0,29,0,122,0,54,0,84,0,243,0,13,0,0,0,1,0,0,0,1,0,24,0,0,0,30,0,4,0,0,0,0,0,0,0,0,0,12,0,69,0,0,0,52,5,0,0,0,0,0,0,0,0,0,0,0,0,0,0,0,0,0,0,0,0,0,0,78,0,0,0,0,0,0,0,0,0,87,47,88,44,31,0,0,0,0,0,0,0,0,0,0
252,8,42,26,0,8,52,241,60,25,0,0,0,0,0,37,27,162,0,0,0,25,57,49,71,0,0,0,1,117,0,0,0,23,0,0,0,0,6,58,0,0,0,0,0,4,0,0,0,0,0,0,0,55,0,194,1,26,0,0,4,161,15,223,0,0,2,0,0,0,0,0,0,0,0,0,0,0,0,0,0,0,0,0,0,236,0,0,0,0,0,0,0,0,0,0,0,108,0,0,0,0,0,0,0,0,0,69,0,0,0,0,0,0,0,0,0,0,0,0,0,0,0,0,0,0,0,10,0,19,0,0,0,0,0,156,0,114,1,210,0,89,0,225,0,0,0,1,0,0,0,0,0,0,0,10,0,7,0,46,0,0,0,3,0,0,0,0,0,28,0,30,0,117,0,0,23,18,0,0,0,0,0,0,0,0,0,0,0,0,0,0,0,0,0,0,0,0,0,0,0,148,0,0,0,0,0,0,0,0,0,0,0,0,279,0,0,0,419,123,326,108,3,10,0
28,0,79,0,304,0,0,0,0,0,26,0,305,144,81,0,0,0,142,0,56,18,77,0,0,0,0,277,0,0,27,0,8,0,53,0,32,0,4,0,73,104,256,0,188,82,92,167,45,6,337,0,3,0,0,0,0,0,0,0,2,0,10,0,0,0,0,0,0,0,33,0,0,0,21,0,0,0,0,0,0,0,0,0,0,0,0,0,0,0,0,0,0,0,0,0,0,0,0,0,0,0,0,0,0,0,0,0,0,0,0,0,0,0,0,0,1,0,0,0,0,0,0,0,0,0,0,0,0,0,0,0,0,0,0,0,0,0,0,0,0,0,0,0,0,0,0,0,0,0,0,0,0,0,0,0,0,0,0,0,0,0,0,0,85,0,0,0,0,0,0,0,0,0,0,0,84,28,25,0,0,0,18,0,0,0,133,10,0,0,0,0,0,0,0,0,0,0,0,0,0,0,0,0,0,0,0,0,0,0,0,180,283,0,0,0,0,0,0,0,0,0,0,0,0
0,147,0,75,0,423,0,0,0,22,0,285,400,470,0,170,0,0,369,494,139,259,0,101,0,0,277,0,0,0,0,0,0,0,0,67,0,31,0,0,96,82,88,219,67,242,55,160,4,49,0,445,0,12,0,0,0,0,0,0,0,0,0,54,0,21,0,2,0,0,0,0,0,0,0,0,0,0,0,0,0,0,0,0,0,0,0,0,0,0,0,0,0,0,0,0,0,0,0,0,0,0,0,0,0,0,0,0,0,0,0,0,0,0,0,0,0,1,0,0,0,0,0,0,0,0,0,11,0,0,0,0,0,0,0,0,0,0,0,0,0,0,0,0,0,0,0,29,0,0,0,0,0,0,0,0,0,32,0,0,0,0,0,0,0,91,0,38,0,98,0,0,0,0,0,0,20,399,0,43,0,0,0,44,0,0,44,43,0,0,0,0,0,0,0,0,0,0,0,0,0,0,0,0,0,0,0,0,0,0,0,0,0,0,55,0,0,0,111,351,537,63,0,0,13
61,0,224,0,42,6,0,1,0,0,0,0,0,0,23,0,245,0,8,0,76,0,102,0,27,1,0,0,0,0,32,0,22,0,104,0,58,0,7,0,0,0,88,0,0,1,0,0,0,0,59,0,4,0,0,0,0,0,0,0,9,0,54,0,0,0,0,0,0,0,90,0,0,0,64,0,0,0,11,0,0,0,0,0,149,0,87,0,0,0,22,0,0,0,0,0,0,0,186,0,0,0,0,0,0,0,0,0,0,0,0,0,0,0,0,0,0,0,0,0,55,0,54,0,0,0,0,0,0,0,0,0,0,0,0,0,0,0,33,0,95,0,0,0,110,0,0,0,0,0,0,0,0,0,2,0,0,0,0,0,0,0,0,0,5,0,4,0,0,0,3,0,4,0,0,0,14,0,0,0,0,0,13,0,0,0,0,0,0,0,0,0,0,0,0,0,0,0,0,0,0,0,0,0,0,0,0,0,0,0,30,9,9,0,0,0,0,0,0,0,0,0,0,0,0
9,41,0,86,0,0,0,60,0,0,0,36,0,0,0,0,1,133,0,0,0,40,0,123,0,117,0,0,0,0,0,29,0,158,0,38,0,16,0,22,0,0,0,32,0,8,0,0,0,0,0,20,0,6,0,5,0,0,0,0,0,25,0,113,0,0,0,0,0,0,0,0,0,0,0,0,0,0,0,0,0,0,0,0,0,27,0,0,0,0,0,0,0,0,0,0,0,0,0,0,0,0,0,0,0,0,0,0,0,0,0,0,0,0,0,0,0,0,0,0,0,0,0,0,0,0,0,0,0,0,0,0,0,0,0,0,0,0,0,308,0,452,0,512,0,190,0,0,0,0,0,0,0,0,0,16,0,8,0,0,0,0,0,0,0,0,0,0,0,0,0,2,0,0,0,0,0,3,0,19,0,0,0,0,0,0,0,0,0,0,0,0,0,0,0,0,0,0,0,0,0,0,0,0,0,0,0,0,0,0,0,0,0,0,6,0,0,0,12,9,6,0,0,0,0
11,0,96,0,322,14,0,0,0,0,70,2,34,0,190,0,112,0,29,0,115,0,66,6,8,0,27,0,32,0,0,0,6,4,83,0,36,0,21,0,0,0,100,0,12,0,0,0,0,0,47,0,0,0,0,0,0,0,0,0,0,0,19,0,0,0,0,0,0,0,30,0,0,0,28,0,0,0,0,0,0,0,0,0,0,0,33,0,0,0,0,0,0,0,0,0,0,0,0,0,0,0,0,0,0,0,0,0,0,0,0,0,0,0,0,0,0,0,0,0,0,0,0,0,0,0,0,0,0,0,0,0,0,0,0,0,0,0,0,0,0,0,0,0,0,0,0,0,0,0,2,0,0,0,0,0,0,0,0,0,0,0,0,0,13,0,45,0,0,0,0,0,31,0,0,0,15,0,9,0,0,0,0,0,0,0,0,0,0,0,0,0,0,0,0,0,0,0,0,0,0,0,0,0,0,0,0,0,0,0,93,58,93,0,37,0,0,0,0,0,0,0,0,0,0
0,0,0,24,0,140,0,0,0,0,0,63,0,13,6,34,0,35,0,96,0,42,0,52,0,0,0,0,0,29,0,0,0,0,0,19,0,10,0,2,0,0,0,5,0,3,0,0,0,0,0,18,0,0,0,0,0,0,0,0,0,0,0,11,0,0,0,0,0,0,0,0,0,0,0,0,0,0,0,0,0,0,0,0,0,0,0,0,0,0,0,0,0,0,0,0,0,0,0,0,0,0,0,0,0,0,0,0,0,0,0,0,0,0,0,0,0,0,0,0,0,21,0,0,0,0,0,0,0,0,0,0,0,0,0,0,0,0,0,19,0,49,0,0,0,0,0,2,0,0,0,0,0,0,0,6,0,0,0,0,0,0,0,0,0,0,0,59,0,0,0,0,0,12,0,0,4,49,0,0,0,0,0,0,0,0,0,4,0,0,0,0,0,0,0,0,0,0,0,0,0,0,0,0,0,0,0,0,0,0,0,0,0,0,0,0,0,0,0,37,69,0,0,0,0
34,0,180,0,231,12,0,0,3,0,146,4,14,0,69,17,79,0,0,0,56,0,16,0,3,0,8,0,22,0,6,0,0,0,60,0,133,0,5,0,0,0,27,0,7,0,0,0,3,0,11,0,0,0,0,0,0,0,0,0,2,0,7,0,0,0,0,0,0,0,63,0,4,0,38,0,0,0,0,0,0,0,0,0,0,0,66,0,0,0,0,0,0,0,0,0,0,0,0,0,0,0,0,0,0,0,0,0,0,0,0,0,0,0,0,0,0,0,0,0,0,0,0,0,0,0,0,0,0,0,0,0,0,0,0,0,0,0,0,0,0,0,0,0,0,0,0,0,0,0,0,0,0,0,0,0,1,0,0,0,0,0,0,0,0,0,46,0,0,0,0,0,43,0,0,0,45,0,14,0,0,0,20,0,0,0,0,0,0,0,0,0,0,0,0,0,0,0,0,0,0,0,0,0,0,0,0,0,0,0,73,44,66,0,18,0,0,0,0,0,0,0,0,0,0
0,70,0,210,55,275,0,0,0,0,0,234,5,4,44,49,0,52,0,15,11,96,0,135,0,23,0,0,0,158,4,0,0,0,0,10,0,25,0,4,0,0,0,0,0,3,0,0,0,0,0,0,0,0,0,0,0,0,0,0,0,0,0,19,0,0,0,0,0,0,0,0,0,0,0,0,0,0,0,0,0,0,0,0,0,0,0,0,0,0,0,0,0,0,0,0,0,0,0,0,0,0,0,0,0,0,0,0,0,0,0,0,0,0,0,0,0,0,0,0,0,21,0,0,0,0,0,0,0,0,0,0,0,0,0,0,0,0,0,0,0,79,0,182,0,39,0,0,0,0,0,0,0,7,0,0,0,0,0,0,0,0,0,0,0,0,0,70,0,0,0,0,0,11,0,0,17,64,0,128,0,0,0,0,0,0,0,0,0,0,0,0,0,0,0,0,0,0,0,0,0,0,0,0,0,0,0,0,0,0,0,0,0,0,21,0,0,0,38,67,52,0,0,0,0
5,0,0,0,226,0,0,0,0,0,0,0,306,18,170,0,38,0,253,19,83,0,67,0,0,0,53,0,104,0,83,0,60,0,0,0,318,0,17,0,0,0,16,0,20,0,0,0,0,0,114,0,3,0,0,0,3,0,0,0,5,0,0,0,0,0,0,0,0,0,33,0,0,0,0,0,0,0,0,0,0,0,0,0,0,0,0,0,0,0,0,0,0,0,0,0,0,0,0,0,0,0,0,0,0,0,0,0,0,0,0,0,0,0,0,0,0,0,0,0,0,0,0,0,0,0,0,0,0,0,0,0,0,0,0,0,0,0,0,0,0,0,0,0,0,0,0,0,5,0,0,0,0,0,0,0,0,0,0,0,3,0,0,0,95,0,10,0,83,0,0,0,10,0,0,0,0,0,31,0,0,0,23,0,0,0,0,0,0,0,0,0,0,0,0,0,0,0,0,0,0,0,0,0,0,0,0,0,0,0,46,108,174,0,22,0,0,0,0,0,0,0,0,0,0
0,0,0,0,0,270,0,3,0,0,0,125,0,159,14,18,0,18,121,147,39,120,0,49,0,0,0,67,0,38,0,19,0,10,0,0,0,250,0,9,0,0,0,18,0,35,0,0,0,0,0,36,0,3,0,0,0,0,0,0,0,0,0,31,0,0,0,0,0,0,0,17,0,0,0,0,0,0,0,0,0,0,0,0,0,157,0,0,0,0,0,0,0,0,0,0,0,0,0,0,0,0,0,0,0,0,0,0,0,0,0,0,0,0,0,0,0,0,0,0,0,90,0,24,0,0,0,0,0,0,0,0,0,0,0,0,0,0,0,38,0,146,0,348,0,141,0,0,0,0,0,0,0,0,0,0,0,12,0,0,0,0,0,0,0,30,0,115,0,95,0,0,0,12,0,0,0,213,0,39,0,0,0,0,0,0,0,41,0,0,0,0,0,0,0,0,0,0,0,0,0,0,0,0,0,0,0,0,0,0,0,0,0,0,43,0,0,0,115,126,258,28,0,0,0
61,0,56,0,465,0,0,0,0,0,115,0,99,0,114,0,14,0,81,0,34,0,15,3,0,0,32,0,58,0,36,0,133,0,318,0,0,0,68,0,0,0,67,0,46,0,0,0,0,0,158,0,0,0,0,0,4,0,19,0,28,0,11,0,0,0,2,0,0,0,80,0,10,0,0,0,0,0,0,0,17,0,0,0,0,0,63,0,0,0,0,0,0,0,0,0,0,0,67,0,0,0,0,0,0,0,0,0,0,0,0,0,0,0,0,0,0,0,0,0,27,0,12,0,0,0,0,0,0,0,0,0,0,0,0,0,0,0,89,0,110,0,39,0,103,0,0,0,0,0,0,0,0,0,0,0,8,0,0,0,0,0,43,0,54,0,69,0,85,0,46,0,95,0,0,0,35,0,24,0,0,0,25,0,0,0,0,0,0,0,0,0,0,0,0,0,0,0,0,0,0,0,0,0,0,0,0,0,0,0,53,51,156,0,28,0,0,0,0,0,0,0,0,0,0
0,60,0,71,29,148,0,16,0,0,0,177,0,63,28,30,0,23,20,132,8,20,3,45,0,0,0,31,0,16,0,10,0,25,0,250,0,0,0,19,0,0,0,49,0,8,0,0,0,2,0,72,0,4,0,0,0,0,0,0,0,38,0,6,0,0,0,0,0,0,0,17,0,0,0,13,0,0,0,0,0,0,0,0,0,171,0,0,0,0,0,0,0,0,0,0,0,77,0,0,0,0,0,0,0,0,0,0,0,0,0,0,0,0,0,0,0,0,0,0,0,107,0,47,0,0,0,0,0,0,0,0,0,0,0,0,0,0,0,68,0,191,0,294,0,292,0,0,0,0,0,0,0,0,0,0,0,47,0,6,0,0,0,0,0,29,0,106,0,130,0,16,0,42,0,0,7,56,0,114,0,0,0,0,0,0,0,13,0,0,0,0,0,0,0,0,0,0,0,0,0,10,0,0,0,0,0,0,0,0,0,0,0,0,17,0,0,0,57,138,237,16,0,0,0
384,10,348,7,140,0,0,0,0,0,83,0,0,0,10,0,138,0,0,0,12,0,76,5,0,6,4,0,7,0,21,0,5,0,17,0,68,0,0,0,0,0,6,0,7,0,0,0,1,0,7,0,0,0,0,0,0,0,0,0,8,0,15,0,0,0,0,0,0,0,65,0,0,0,49,0,0,0,0,0,0,0,0,0,52,0,77,0,0,0,0,0,0,0,0,0,44,0,75,0,0,0,0,0,0,0,0,0,0,0,0,0,0,0,0,0,0,0,0,0,27,0,37,0,0,0,0,0,0,0,0,0,0,0,0,0,0,0,68,0,89,0,0,0,84,0,0,0,0,0,0,0,0,0,0,0,8,0,0,0,0,0,26,0,0,0,46,0,0,0,9,0,20,0,0,0,118,0,14,0,0,0,130,0,0,0,0,0,0,0,0,0,0,0,0,0,0,0,0,0,0,0,0,0,0,0,0,0,0,0,10,10,18,0,4,0,0,0,0,0,0,0,0,0,0
0,106,0,145,1,0,0,66,0,0,0,50,0,0,1,14,0,134,0,0,0,6,2,77,0,58,0,0,0,22,0,2,0,4,0,9,0,19,0,0,0,0,0,21,0,4,0,0,0,0,0,13,0,2,0,0,0,0,0,0,0,3,0,7,0,0,0,0,0,0,0,0,0,0,0,0,0,0,0,0,0,0,0,0,0,0,0,0,0,0,0,0,0,0,0,0,0,0,0,0,0,0,0,0,0,0,0,0,0,0,0,0,0,0,0,0,0,0,0,0,0,0,0,0,0,0,0,0,0,0,0,0,0,0,0,0,0,0,0,120,0,121,0,0,0,121,0,0,0,0,0,0,0,0,0,28,0,44,0,9,0,0,0,0,0,0,0,0,0,0,0,0,0,6,0,0,0,0,0,37,0,0,0,0,0,0,0,0,0,0,0,0,0,0,0,0,0,0,0,0,0,0,0,0,0,0,0,0,0,0,0,0,0,0,0,0,0,0,9,8,0,0,0,0,0
10,0,0,0,117,0,0,0,0,0,14,0,382,37,8,0,0,0,23,0,0,0,0,0,0,0,73,96,0,0,0,0,0,0,0,0,0,0,0,0,0,64,135,0,111,128,128,120,173,27,34,12,0,0,0,0,0,0,0,0,0,0,0,0,0,0,0,0,0,0,0,0,0,0,1,0,0,0,0,0,0,0,0,0,0,0,0,0,0,0,0,0,0,0,0,0,0,0,0,0,10,0,11,0,0,0,0,0,0,0,0,0,1,0,0,0,0,0,0,0,0,0,0,0,0,0,0,0,0,0,0,0,0,0,0,0,0,0,0,0,0,0,0,0,0,0,0,0,0,0,0,0,0,0,0,0,0,0,0,0,0,0,0,0,22,0,0,0,0,0,0,0,0,0,0,0,61,15,51,0,0,0,0,0,0,0,282,0,0,0,0,0,0,0,0,0,0,0,0,0,0,0,0,0,0,0,0,0,0,0,0,134,88,1,0,0,0,30,0,1,0,0,0,0,0
0,13,0,0,0,56,0,0,0,1,0,62,47,239,0,0,0,0,48,0,21,0,0,0,0,0,104,82,0,0,0,0,0,0,0,0,0,0,0,0,64,0,52,119,51,200,57,181,2,232,0,74,0,0,0,0,0,0,0,0,0,0,0,0,0,0,0,0,0,6,0,0,0,0,0,0,0,0,0,0,0,0,0,10,0,0,0,0,0,0,0,0,0,0,0,0,0,0,0,0,0,0,0,0,0,0,0,0,0,0,0,0,0,4,0,0,0,0,0,0,0,0,0,0,0,0,0,0,0,0,0,0,0,0,0,0,0,0,0,0,0,0,0,0,0,0,0,0,0,0,0,0,0,0,0,0,0,0,0,0,0,0,0,0,0,26,0,0,0,0,0,0,0,0,0,0,0,184,0,9,0,0,0,0,0,0,21,21,0,0,0,0,0,1,0,0,0,0,0,0,0,0,0,0,0,5,0,0,0,0,0,0,0,0,0,0,0,0,0,50,70,0,0,0,46
0,0,0,0,35,0,0,0,0,0,18,0,170,0,0,0,0,0,75,0,43,0,35,0,0,0,256,88,88,0,100,0,27,0,16,0,67,0,6,0,135,52,0,18,140,61,112,92,68,0,117,17,0,0,0,0,0,0,13,0,0,0,0,0,0,0,0,0,0,0,0,0,0,0,0,0,0,0,12,0,0,0,0,0,0,0,0,0,0,0,0,0,0,0,0,0,0,0,0,0,0,0,11,0,0,0,0,0,0,0,0,0,0,0,0,0,0,0,0,0,0,0,0,0,0,0,0,0,0,0,0,0,0,0,0,0,0,0,0,0,0,0,0,0,0,0,0,0,0,0,0,0,0,0,2,0,0,0,0,0,0,0,13,0,57,0,6,0,15,0,0,0,0,0,0,0,0,10,54,0,0,0,0,0,0,0,127,5,0,0,0,0,0,0,0,0,0,0,0,0,0,0,0,0,0,0,0,0,0,0,76,118,116,0,22,0,1,12,0,0,0,0,0,0,0
0,0,0,0,0,0,0,0,0,0,0,0,0,101,0,0,0,18,30,36,16,204,0,0,0,0,0,219,0,32,0,5,0,0,0,18,0,49,0,21,0,119,18,0,5,215,0,88,0,50,0,95,0,0,0,0,0,0,0,0,0,0,0,0,0,0,0,0,0,0,0,0,0,0,0,0,0,0,0,0,0,0,0,0,0,0,0,0,0,0,0,0,0,0,0,0,0,0,0,0,0,0,0,0,0,0,0,0,0,0,0,0,0,0,0,0,0,0,0,0,0,0,0,0,0,0,0,0,0,0,0,0,0,0,0,0,0,0,0,0,0,0,0,0,0,63,0,0,0,0,0,0,0,0,0,0,0,0,0,0,0,0,0,3,0,35,0,30,0,48,0,0,0,0,0,0,0,41,0,0,0,0,0,0,0,0,3,75,0,0,0,0,0,0,0,0,0,0,0,0,0,0,0,0,0,0,0,0,0,0,0,0,0,0,0,0,0,0,38,155,178,8,0,1,6
0,0,97,0,95,0,0,0,0,2,0,0,326,0,0,1,86,1,65,0,35,0,116,0,0,0,188,67,0,0,12,0,7,0,20,0,46,0,7,0,111,51,140,5,0,122,448,96,344,39,51,0,0,0,0,0,0,0,8,0,0,0,22,0,0,0,0,0,24,0,60,0,0,0,46,0,0,0,22,0,0,0,71,0,0,0,66,0,0,0,0,0,0,0,0,0,0,0,0,0,0,0,36,0,0,0,0,0,11,0,0,0,0,0,0,0,3,0,0,0,0,0,0,0,0,0,0,0,0,0,0,0,0,0,0,0,0,0,0,0,0,0,0,0,0,0,0,0,6,0,0,0,0,0,0,0,3,0,0,0,0,0,0,0,176,0,9,0,56,0,0,0,32,0,0,0,0,23,38,0,0,0,0,0,0,0,110,3,0,0,0,0,0,0,0,0,0,0,0,0,0,0,0,0,0,0,0,0,0,0,39,129,306,18,21,27,2,85,0,0,0,0,0,0,0
0,42,0,0,0,70,0,0,0,0,0,66,74,130,0,32,0,0,47,34,17,108,0,53,0,4,82,242,1,8,0,3,0,3,0,35,0,8,0,4,128,200,61,215,122,0,111,394,18,138,20,176,0,0,0,0,0,0,0,0,0,0,0,0,0,5,0,0,0,35,0,14,0,0,0,14,0,45,0,5,0,0,0,64,0,179,0,0,0,0,0,6,0,0,0,48,0,0,0,29,0,0,0,0,0,0,0,0,0,0,0,0,0,0,0,0,0,0,0,0,0,78,0,0,0,0,0,0,0,0,0,0,0,0,0,0,0,0,0,0,0,0,0,244,0,90,0,0,0,3,0,0,0,0,0,0,0,11,0,0,0,3,0,0,0,225,0,27,0,181,0,0,0,7,0,0,0,112,0,29,0,0,0,14,0,11,27,44,0,0,0,0,0,0,0,68,0,0,0,0,0,0,0,0,0,0,0,0,0,0,0,0,0,0,21,0,0,0,82,300,338,12,54,3,108
12,0,14,0,63,5,0,0,0,0,19,0,322,0,11,0,12,0,42,0,0,0,13,0,0,0,92,55,0,0,0,0,0,0,0,0,0,0,0,0,128,57,112,0,448,111,0,113,263,34,24,0,0,0,0,0,0,0,0,0,0,0,0,0,0,0,0,0,4,0,0,0,1,0,0,0,0,0,0,0,0,0,0,0,0,0,0,0,0,0,0,0,0,0,0,0,0,0,0,0,0,0,8,0,0,0,0,0,0,0,0,0,0,0,0,0,0,0,0,0,0,0,0,0,0,0,0,0,0,0,0,0,0,0,0,0,0,0,0,0,0,0,0,0,0,0,0,0,0,0,0,0,0,0,0,0,0,0,0,0,0,0,0,0,44,0,0,0,0,0,0,0,0,0,0,0,17,17,66,0,0,0,0,0,0,0,165,2,0,0,0,0,0,0,0,0,0,0,0,0,0,0,0,0,0,0,0,0,0,0,8,215,125,4,7,0,0,69,0,0,0,0,0,0,0
0,15,0,0,0,105,0,0,0,0,0,84,99,276,2,0,0,0,64,29,31,0,0,0,0,0,167,160,0,0,0,0,0,0,0,0,0,0,0,0,120,181,92,88,96,394,113,0,19,115,0,70,0,0,0,0,0,0,0,0,0,0,0,0,0,0,0,0,0,7,0,0,0,0,0,0,0,0,0,0,0,0,0,0,0,0,0,0,0,0,0,0,0,0,0,0,0,0,0,0,0,0,0,0,0,0,0,0,0,0,0,0,0,0,0,0,0,0,0,0,0,0,0,0,0,0,0,0,0,0,0,0,0,0,0,0,0,0,0,0,0,0,0,0,0,0,0,0,0,0,0,0,0,0,0,0,0,0,0,0,0,0,0,0,0,0,0,0,0,0,0,0,0,0,0,0,0,187,0,0,0,0,0,0,0,0,31,31,0,0,0,0,0,0,0,0,0,0,0,0,0,0,0,0,0,0,0,0,0,0,0,0,0,0,0,0,0,0,0,178,145,0,0,1,66
60,0,63,0,40,0,72,1,17,0,17,0,52,2,0,0,7,0,5,0,7,0,9,0,9,0,45,4,0,0,0,0,3,0,0,0,0,0,1,0,173,2,68,0,344,18,263,19,0,23,15,0,0,0,9,0,10,0,7,0,4,0,6,0,0,0,0,0,18,0,0,0,0,0,0,0,5,0,9,0,0,0,24,0,0,0,0,0,6,0,0,0,29,0,28,0,0,0,0,0,27,0,30,0,0,0,15,0,6,0,0,0,0,0,0,0,1,0,0,0,0,0,0,0,0,0,2,0,0,0,0,0,0,0,2,0,2,0,0,0,0,0,1,0,0,0,0,0,0,0,0,0,0,0,3,0,3,0,0,0,2,0,4,0,12,1,1,0,10,0,6,0,16,0,0,0,33,6,42,0,1,0,4,0,0,0,292,0,0,0,0,0,0,0,16,0,0,0,0,0,0,1,0,0,18,0,0,0,0,0,18,81,156,5,122,51,1,18,0,0,0,0,0,0,0
0,7,0,0,0,8,0,0,0,3,0,30,0,99,0,7,0,0,4,0,0,0,0,0,0,0,6,49,0,0,0,0,0,0,0,0,0,2,0,0,27,232,0,50,39,138,34,115,23,0,0,16,0,2,0,0,0,0,0,0,0,0,0,0,0,0,0,0,0,23,0,0,0,0,0,0,0,13,0,0,0,3,0,25,0,0,0,0,0,4,0,0,0,13,0,12,0,0,0,0,0,0,0,5,0,0,0,10,0,0,0,0,0,0,0,0,0,1,0,0,0,2,0,3,0,0,0,0,0,0,0,0,0,0,0,1,0,0,0,0,0,0,0,0,0,0,0,0,0,0,0,0,0,0,0,0,0,0,0,0,0,0,0,0,0,53,0,45,0,21,0,2,0,3,0,0,0,170,0,35,0,0,0,0,0,0,36,93,0,0,0,0,0,0,0,0,0,0,0,2,0,0,0,0,0,0,0,0,0,0,0,0,0,0,0,0,0,0,0,15,15,0,5,0,14
0,0,21,0,139,0,16,0,0,0,0,0,364,0,24,0,47,0,239,0,79,0,64,3,0,0,337,0,59,0,47,0,11,0,114,0,158,0,7,0,34,0,117,0,51,20,24,0,15,0,0,0,1,0,0,0,0,0,14,1,0,0,20,0,0,0,0,0,10,0,0,0,0,0,0,0,0,0,20,0,17,0,0,0,0,0,0,0,0,0,0,0,0,0,0,0,0,0,0,0,0,0,21,0,0,0,29,0,0,0,0,0,0,0,0,0,2,0,0,0,0,0,0,0,0,0,0,0,0,0,0,0,0,0,0,0,0,0,0,0,21,0,0,0,0,0,0,0,0,0,2,0,0,0,0,1,0,0,0,0,0,0,24,0,55,0,19,0,91,0,9,0,37,0,0,0,0,0,68,0,0,0,8,0,0,0,49,0,22,0,0,0,0,0,31,0,0,0,0,0,0,0,0,0,0,0,0,0,0,0,119,101,170,39,45,33,2,2,0,0,0,0,0,0,0
0,28,0,0,0,86,0,0,0,0,0,0,0,278,0,26,0,0,86,101,19,89,0,29,0,0,0,445,0,20,0,18,0,0,0,36,0,72,0,13,12,74,17,95,0,176,0,70,0,16,0,0,0,0,0,0,0,0,0,8,0,7,0,27,0,0,0,2,0,0,0,75,0,15,0,43,0,0,0,0,0,253,0,23,0,314,0,0,0,0,0,0,0,0,0,0,0,0,0,102,0,0,0,0,0,0,0,0,0,0,0,0,0,0,0,0,0,0,0,0,0,238,0,67,0,0,0,0,0,0,0,0,0,0,0,0,0,0,0,0,0,120,0,336,0,201,0,0,0,0,0,0,0,0,0,0,0,9,0,0,0,0,0,18,0,48,0,62,0,117,0,52,0,49,0,0,0,61,0,0,0,0,0,0,0,0,0,91,0,0,0,0,0,0,0,20,0,0,0,0,0,0,0,0,0,0,0,0,0,0,0,0,0,0,47,0,0,0,101,101,159,30,25,0,0
0,0,13,0,1,0,90,9,115,72,3,0,4,0,5,0,38,0,12,0,3,0,9,0,66,0,3,0,4,0,0,0,0,0,3,0,0,0,0,0,0,0,0,0,0,0,0,0,0,0,1,0,0,6,363,52,186,13,20,77,31,0,87,0,1,0,6,96,0,0,0,0,0,0,13,0,0,0,0,0,0,0,3,0,129,0,0,0,0,0,44,0,0,0,0,0,99,0,0,0,5,0,0,0,0,0,31,0,0,0,0,0,0,0,0,0,0,0,0,0,0,0,97,0,0,0,3,0,60,0,4,0,0,0,31,0,99,0,367,0,135,0,152,0,12,2,0,0,0,0,0,0,0,0,237,0,101,0,187,0,13,0,0,0,0,0,0,0,20,0,196,0,22,0,0,0,34,2,0,0,0,0,33,0,5,0,0,0,0,0,0,0,0,0,0,0,0,0,0,0,0,0,0,0,0,0,0,0,18,0,55,70,100,111,90,0,38,0,0,1,0,0,0,0,0
4,8,0,0,0,6,6,21,54,20,0,4,0,0,0,11,1,83,0,13,0,16,0,34,2,55,0,12,0,6,0,0,0,0,0,3,0,4,0,2,0,0,0,0,0,0,0,0,0,2,0,0,6,0,21,151,0,93,4,0,0,71,2,130,0,0,7,0,0,0,0,0,0,0,0,0,0,0,0,0,0,0,0,0,0,40,0,0,0,0,0,2,0,0,0,0,0,0,0,0,0,0,0,0,0,0,0,18,0,0,0,0,0,0,0,0,0,0,0,0,0,0,0,0,0,0,0,0,0,28,0,0,0,21,0,46,0,66,0,411,0,167,0,176,0,148,0,0,0,0,0,0,0,0,0,316,0,142,0,140,0,0,0,2,0,0,0,0,0,9,1,21,0,13,0,0,2,0,0,0,0,0,0,1,0,0,0,0,0,0,0,0,0,0,0,0,0,0,0,0,0,32,0,0,0,0,0,0,0,0,0,0,0,0,94,0,0,0,144,221,41,91,3,21,0
4,0,175,0,0,0,287,15,64,213,0,0,0,0,27,0,5,0,0,0,5,0,117,0,142,0,0,0,0,0,0,0,0,0,0,0,0,0,0,0,0,0,0,0,0,0,0,0,9,0,0,0,363,21,0,118,102,23,59,103,19,0,12,1,19,0,0,136,1,0,0,0,0,0,0,0,0,0,0,0,0,0,0,0,137,0,0,0,0,0,0,0,0,0,0,0,152,0,0,0,0,0,0,0,0,0,0,0,0,0,0,0,0,0,0,0,0,0,0,0,3,0,47,0,18,0,0,0,155,0,85,0,68,0,43,2,203,0,41,0,41,0,221,0,4,0,0,3,4,0,0,0,0,0,79,0,30,0,69,0,92,0,0,0,4,0,0,0,76,0,411,0,60,0,0,0,29,10,1,0,0,0,7,0,13,16,0,0,0,0,0,0,0,0,0,0,0,0,0,0,0,0,0,0,0,0,0,0,0,0,358,68,445,344,495,0,171,0,0,0,0,0,0,0,0
23,19,0,37,0,7,46,260,247,122,0,5,0,0,0,70,4,19,0,0,0,0,0,39,20,194,0,0,0,5,0,0,0,0,0,0,0,0,0,0,0,0,0,0,0,0,0,0,0,0,0,0,52,151,118,0,4,150,0,36,9,16,33,28,0,0,22,12,0,2,0,0,0,0,0,0,0,0,0,0,0,0,0,0,0,63,0,0,0,0,0,0,0,0,0,0,0,0,0,0,0,0,0,0,0,0,0,0,0,0,0,0,0,0,0,0,0,0,0,0,0,0,0,0,0,0,0,18,0,98,0,42,0,36,0,153,0,179,0,217,0,47,0,101,3,0,0,0,0,0,0,0,0,0,2,120,0,50,0,118,0,15,0,0,0,10,0,13,0,70,3,260,0,99,0,0,10,5,0,0,0,0,7,0,4,2,0,0,0,0,0,0,0,0,0,0,0,0,0,0,0,0,0,0,0,0,0,0,0,0,6,0,0,0,504,0,0,0,440,175,598,410,11,102,1
0,0,19,0,0,0,28,0,19,0,0,0,0,0,0,0,0,0,2,0,0,0,0,0,12,1,0,0,0,0,0,0,0,0,3,0,4,0,0,0,0,0,0,0,0,0,0,0,10,0,0,0,186,0,102,4,0,0,259,28,0,0,0,0,44,46,31,45,0,0,0,0,0,0,0,1,0,0,0,0,0,0,0,0,0,0,0,0,0,0,0,0,0,0,0,0,0,0,0,0,0,0,0,0,1,0,0,0,0,0,0,0,0,0,0,0,0,0,0,0,0,0,0,0,15,0,14,0,136,0,152,0,41,0,0,0,30,0,5,2,0,0,0,0,49,0,0,0,0,0,0,0,0,0,77,9,80,0,43,4,79,0,0,0,6,0,13,0,52,0,191,0,17,0,6,0,7,0,0,0,0,5,0,0,39,0,0,0,0,0,0,0,0,0,0,0,0,0,0,0,0,0,0,0,0,0,0,0,0,0,414,107,508,551,829,69,224,0,1,0,0,0,0,0,0
0,4,0,0,0,0,0,7,0,13,0,0,0,0,0,0,0,8,0,0,0,0,0,0,0,26,0,0,0,0,0,0,0,0,0,0,0,0,0,0,0,0,0,0,0,0,0,0,0,0,0,0,13,93,23,150,0,0,29,86,0,2,0,17,5,0,22,31,0,5,0,0,0,0,0,0,0,5,0,0,0,0,0,0,0,0,0,0,0,0,0,0,0,0,0,0,0,0,0,0,0,0,0,0,0,0,0,0,0,0,0,0,0,0,0,0,0,0,0,0,0,0,0,0,0,12,0,0,0,40,0,52,0,21,0,0,0,40,0,52,0,10,0,20,5,16,1,0,0,0,0,0,0,0,4,143,0,0,0,226,0,51,0,52,0,11,0,0,0,122,0,414,0,0,0,0,0,0,0,0,0,2,0,0,5,0,0,0,0,0,0,0,0,0,0,0,0,0,0,0,0,0,0,0,0,0,0,0,0,0,0,0,0,0,798,0,0,0,767,124,697,735,16,209,2
0,0,37,0,0,0,19,0,56,0,0,0,0,0,0,0,0,0,0,0,8,0,0,0,1,0,0,0,0,0,0,0,0,0,0,0,19,0,0,0,0,0,13,0,8,0,0,0,7,0,14,0,20,4,59,0,259,29,0,182,12,0,3,0,247,38,171,191,0,0,0,0,0,0,0,0,0,0,0,0,0,0,0,0,0,0,0,0,0,0,0,0,0,0,0,0,0,0,0,0,0,0,0,0,0,0,0,0,0,0,0,0,0,0,0,0,0,0,0,0,0,0,0,0,33,0,16,0,13,0,149,0,20,0,19,0,21,0,0,0,0,0,0,0,0,2,5,0,10,0,4,0,0,0,64,19,136,0,0,9,82,14,0,0,4,0,10,0,32,0,130,0,29,0,4,0,71,0,0,0,8,0,0,0,208,16,0,0,0,0,0,0,0,0,0,0,0,0,0,0,0,0,0,0,0,0,0,0,4,0,595,234,484,718,897,76,312,0,0,0,0,0,0,0,0
0,3,0,1,0,0,0,13,147,34,0,0,0,0,0,0,0,0,0,0,0,0,1,0,0,0,0,0,0,0,0,0,0,0,0,0,0,0,0,0,0,0,0,0,0,0,0,0,0,0,1,8,77,0,103,36,28,86,182,0,0,0,9,0,25,185,210,305,0,0,0,0,0,0,0,0,0,0,0,0,0,0,0,0,0,0,0,0,0,0,0,0,0,0,0,0,0,0,0,0,0,0,0,0,0,0,0,0,0,0,0,0,0,0,0,0,0,0,0,0,0,0,0,0,0,28,0,27,0,8,0,116,0,36,0,18,0,52,6,22,0,0,0,0,7,31,0,0,0,25,0,0,0,0,17,15,1,39,6,43,0,114,0,0,0,3,0,0,0,24,0,69,0,9,0,0,35,2,0,0,0,0,0,0,37,102,0,0,0,0,0,0,0,0,0,0,0,0,0,0,0,0,0,0,0,0,0,0,0,0,1,1,0,0,746,0,0,0,873,383,278,539,13,94,0
251,0,120,0,0,0,376,0,214,12,0,0,0,1,1,0,39,0,0,0,0,0,29,0,48,4,2,0,9,0,0,0,2,0,5,0,28,0,8,0,0,0,0,0,0,0,0,0,4,0,0,0,31,0,19,9,0,0,12,0,0,0,58,0,0,0,0,0,0,0,7,0,0,0,5,0,0,0,0,0,0,0,0,0,0,0,12,0,0,0,0,0,0,0,0,0,0,0,0,0,0,0,0,0,0,0,0,0,0,0,0,0,0,0,0,0,0,0,0,0,0,0,0,0,0,0,0,0,0,0,0,0,0,0,0,0,0,0,181,0,121,0,29,0,108,0,0,0,0,0,0,0,0,0,71,0,73,0,5,0,0,0,14,0,0,0,2,0,5,0,131,0,184,0,0,0,79,0,0,0,0,0,110,0,3,1,0,0,0,0,0,0,0,0,0,0,0,0,0,0,0,0,0,0,0,0,0,0,0,0,59,69,76,44,56,0,13,0,0,0,0,0,0,0,0
11,264,0,65,0,21,0,295,0,59,0,37,0,0,0,14,1,135,0,0,0,0,7,37,0,161,0,0,0,25,0,0,0,0,0,0,0,38,0,3,0,0,0,0,0,0,0,0,0,0,0,7,0,71,0,16,0,2,0,0,0,0,0,66,0,1,0,0,0,1,0,0,0,0,0,1,0,0,0,0,0,0,0,0,0,0,0,0,0,0,0,0,0,0,0,0,0,0,0,0,0,0,0,0,0,0,0,0,0,0,0,0,0,0,0,0,0,0,0,0,0,0,0,2,0,0,0,1,0,0,0,0,0,0,0,0,0,0,0,50,0,65,0,0,0,155,0,0,0,0,0,0,0,0,0,18,0,126,0,11,0,0,0,2,0,0,0,7,0,0,0,31,0,130,0,0,2,9,0,32,0,0,0,0,0,0,0,0,0,0,0,0,0,0,0,0,0,0,0,0,0,0,0,0,0,0,0,0,0,0,0,0,0,0,30,0,0,0,49,270,92,0,0,6,0
187,7,218,0,0,0,330,35,226,110,0,0,0,0,7,0,414,0,0,0,39,0,66,0,82,15,10,0,54,0,19,0,7,0,0,0,11,0,15,0,0,0,0,0,22,0,0,0,6,0,20,0,87,2,12,33,0,0,3,9,58,0,0,2,0,0,2,8,0,0,70,0,0,0,70,0,0,0,0,0,0,0,0,0,100,0,45,0,0,0,0,0,0,0,0,0,0,0,0,0,0,0,0,0,0,0,0,0,0,0,0,0,0,0,0,0,0,0,0,0,25,0,79,0,0,0,0,0,3,0,0,0,0,0,0,0,0,0,232,0,267,0,123,0,145,0,0,0,0,0,0,0,0,0,120,0,45,0,33,0,0,0,0,0,0,0,0,0,0,0,19,0,47,0,0,0,66,7,0,0,0,0,87,0,0,0,0,0,0,0,0,0,0,0,0,0,0,0,0,0,0,0,0,0,0,0,0,0,0,0,34,24,44,45,26,0,0,0,0,0,0,0,0,0,0
42,144,11,24,0,17,34,309,32,58,0,11,0,0,0,0,4,443,1,0,0,49,10,113,19,223,0,54,0,113,0,11,0,19,0,31,0,6,0,7,0,0,0,0,0,0,0,0,0,0,0,27,0,130,1,28,0,17,0,0,0,66,2,0,0,0,0,0,0,0,0,0,0,0,0,0,0,0,0,0,0,0,0,0,0,0,0,0,0,0,0,0,0,0,0,0,0,7,0,2,0,0,0,0,0,0,0,0,0,0,0,0,0,0,0,0,0,0,0,0,0,0,0,0,0,0,0,0,0,0,0,0,0,0,0,18,0,0,0,259,0,155,0,105,0,63,0,0,0,0,0,0,0,0,0,100,0,129,0,49,0,0,0,0,0,0,0,0,0,0,0,10,0,43,0,0,2,7,0,7,0,0,3,0,0,0,0,0,0,0,0,0,0,0,0,0,0,0,0,0,0,0,0,0,0,0,0,0,0,0,2,0,0,0,32,0,0,0,54,132,44,25,0,0,0
21,0,29,0,28,0,14,0,81,0,40,0,31,0,0,0,0,0,11,0,0,0,0,0,1,0,0,0,0,0,0,0,0,0,0,0,0,0,0,0,0,0,0,0,0,0,0,0,0,0,0,0,1,0,19,0,44,5,247,25,0,0,0,0,0,76,172,15,0,0,0,0,0,0,0,0,0,0,0,0,0,0,0,0,0,0,0,0,0,0,0,0,0,0,0,0,0,1,0,0,0,0,0,0,0,0,0,0,0,0,0,0,0,0,0,0,0,0,0,0,0,0,0,0,4,0,9,0,0,0,10,0,0,0,0,0,0,0,0,16,0,8,3,0,10,12,15,0,43,32,1,0,4,0,0,6,0,0,0,0,488,119,1,0,0,0,0,0,0,0,0,0,0,0,37,0,18,0,20,0,202,32,10,0,220,0,0,0,0,0,0,0,0,0,0,0,0,0,0,0,0,0,0,0,0,0,0,0,3,0,64,22,0,0,44,0,0,0,0,0,0,0,0,0,0
0,75,0,1,0,11,0,2,0,150,0,23,0,0,0,0,0,0,0,20,0,0,0,0,0,0,0,21,0,0,0,0,0,0,0,0,0,0,0,0,0,0,0,0,0,5,0,0,0,0,0,0,0,0,0,0,46,0,38,185,0,1,0,0,76,0,37,429,0,0,0,18,0,0,0,22,0,0,0,2,0,0,0,0,0,0,0,0,0,0,0,2,0,0,0,0,0,0,0,0,0,0,0,0,0,0,0,0,0,0,0,0,0,0,0,0,0,0,0,0,0,27,0,0,0,29,0,25,0,0,0,36,0,0,0,34,0,39,42,61,0,0,0,3,49,68,0,46,0,101,0,26,0,26,12,1,0,0,24,0,157,463,0,0,0,3,0,0,0,0,0,3,0,0,0,1,7,11,0,18,46,258,0,36,15,85,0,2,0,0,0,0,0,0,0,1,0,0,0,0,0,12,0,0,0,0,0,0,0,19,7,0,0,0,77,0,0,0,145,12,40,0,0,0,0
12,0,0,0,0,0,29,0,156,0,8,0,0,0,0,0,0,0,0,0,1,0,0,2,0,2,0,0,0,0,0,0,0,0,0,0,2,0,0,0,0,0,0,0,0,0,0,0,0,0,0,0,6,7,0,22,31,22,171,210,0,0,2,0,172,37,0,98,0,0,0,0,0,0,0,0,0,0,0,0,0,0,0,0,0,0,0,0,0,0,0,0,0,0,0,0,0,0,0,0,0,0,0,0,0,0,0,0,0,0,0,0,0,0,0,0,0,0,0,0,0,0,0,0,0,0,0,0,0,0,25,0,0,0,0,0,1,0,0,0,0,0,0,0,3,1,0,0,10,0,0,0,0,0,5,13,17,0,0,5,83,0,0,1,0,0,4,0,0,0,0,0,0,0,15,0,109,0,0,0,0,0,0,0,825,30,0,0,0,0,0,0,0,0,0,0,0,0,0,0,0,0,0,0,0,0,0,0,0,0,99,71,54,0,125,0,25,0,0,0,0,0,0,0,0
0,24,0,0,0,0,0,3,120,118,0,8,0,0,0,0,0,0,0,0,0,0,0,0,0,0,0,2,0,0,0,0,0,0,0,0,0,0,0,0,0,0,0,0,0,0,0,0,0,0,0,2,96,0,136,12,45,31,191,305,0,0,8,0,15,429,98,0,0,0,0,0,0,0,0,0,0,0,0,0,0,0,0,0,0,0,0,0,0,0,0,0,0,0,0,0,0,0,0,0,0,0,0,0,0,0,0,0,0,0,0,0,0,0,0,0,0,0,0,0,0,0,0,0,0,21,0,13,0,0,0,47,0,0,0,6,0,0,6,4,0,0,0,0,17,35,0,15,0,41,0,10,0,0,34,2,3,0,11,8,13,115,0,3,0,0,0,0,0,0,0,0,0,1,0,0,55,10,0,5,6,34,1,17,38,749,0,0,0,0,0,0,0,0,0,0,0,0,0,0,0,0,0,0,0,0,0,0,0,0,0,0,0,0,146,0,0,0,242,213,52,0,6,0,0
0,0,0,0,0,0,0,0,1,0,0,0,0,0,0,0,0,0,0,0,0,0,0,0,0,0,0,0,0,0,0,0,0,0,0,0,0,0,0,0,0,0,0,0,24,0,4,0,18,0,10,0,0,0,1,0,0,0,0,0,0,0,0,0,0,0,0,0,0,0,0,0,0,0,0,0,38,0,5,0,0,0,15,0,0,0,3,0,12,0,0,0,25,0,10,0,0,0,0,0,5,0,100,0,0,0,0,0,41,0,8,0,9,0,2,0,2,0,1,0,0,0,0,0,0,0,0,0,0,0,0,0,0,0,0,0,0,0,0,0,0,0,2,0,0,0,0,0,0,0,0,0,0,0,0,0,0,0,0,0,1,0,0,0,56,0,0,0,97,0,0,0,0,0,0,0,0,0,0,0,0,0,0,0,0,0,0,0,0,0,0,0,0,0,0,0,0,0,0,0,0,0,0,0,0,0,0,0,0,0,37,0,63,2,5,27,113,0,0,0,0,0,0,0,0
0,0,0,0,0,0,0,0,0,1,0,0,0,0,0,0,0,0,0,0,0,0,0,0,0,0,0,0,0,0,0,0,0,0,0,0,0,0,0,0,0,6,0,0,0,35,0,7,0,23,0,0,0,0,0,2,0,5,0,0,0,1,0,0,0,0,0,0,0,0,0,0,0,0,0,0,0,34,0,0,0,0,0,8,0,5,0,0,0,9,0,0,0,13,0,10,0,0,0,0,0,9,0,146,0,0,0,41,0,5,0,7,0,24,0,0,0,1,0,1,0,6,0,0,0,0,0,0,0,0,0,0,0,0,0,0,0,0,0,0,0,0,0,0,0,0,0,0,0,0,0,0,0,0,0,1,0,2,0,0,0,2,0,0,0,45,0,0,0,59,0,5,0,0,0,0,0,1,0,0,0,0,0,0,0,0,0,0,0,0,0,0,0,0,0,32,0,0,0,0,0,0,0,0,0,0,0,0,0,0,0,0,0,0,3,0,0,0,36,15,152,0,67,123,1
1,0,24,0,0,0,0,0,0,0,0,0,0,0,23,0,133,0,0,0,101,0,22,0,25,0,33,0,90,0,30,0,63,0,33,0,80,0,65,0,0,0,0,0,60,0,0,0,0,0,0,0,0,0,0,0,0,0,0,0,7,0,70,0,0,0,0,0,0,0,0,0,290,0,255,0,11,0,276,0,10,0,0,0,4,0,32,0,0,0,0,0,0,0,0,0,1,0,0,0,0,0,0,0,0,0,0,0,0,0,0,0,0,0,0,0,0,0,0,0,36,0,10,0,38,9,94,0,0,0,0,8,51,0,79,0,51,0,0,0,19,0,104,0,104,0,41,0,11,0,51,0,20,3,0,0,0,0,0,0,0,0,55,0,0,0,5,0,17,0,70,0,44,0,0,0,0,0,0,0,56,8,0,0,0,0,0,0,0,0,0,0,0,0,0,0,0,0,0,0,0,0,0,0,0,0,0,0,51,0,71,0,12,0,0,0,0,0,0,0,0,0,0,0,0
0,0,0,0,0,0,0,0,0,0,0,0,0,0,0,0,0,0,0,0,0,0,0,0,0,0,0,0,0,0,0,0,0,0,0,17,0,17,0,0,0,0,0,0,0,14,0,0,0,0,0,75,0,0,0,0,0,0,0,0,0,0,0,0,0,18,0,0,0,0,0,0,0,268,0,320,0,48,0,64,0,15,0,0,0,0,0,150,0,0,0,0,0,0,0,0,0,0,0,9,0,3,0,0,0,0,0,1,0,0,0,0,0,0,0,0,0,0,0,0,0,17,0,13,0,16,0,40,0,13,0,7,0,0,0,0,0,0,0,0,0,31,0,6,0,78,0,11,0,37,0,28,0,15,0,0,0,0,0,3,0,0,0,36,0,0,0,26,0,11,0,19,0,28,0,0,0,0,0,0,0,7,0,0,0,0,0,0,0,0,0,0,0,0,0,0,0,0,0,0,0,0,0,0,0,0,0,0,0,0,0,0,0,0,0,0,0,0,34,0,22,0,0,0,0
0,0,0,0,0,0,0,0,0,0,0,0,0,0,0,0,0,0,0,0,0,0,0,0,0,0,0,0,0,0,0,0,4,0,0,0,10,0,0,0,0,0,0,0,0,0,1,0,0,0,0,0,0,0,0,0,0,0,0,0,0,0,0,0,0,0,0,0,0,0,290,0,0,0,101,0,5,0,184,0,3,0,3,0,16,0,6,0,0,0,0,1,0,0,3,0,0,0,1,0,0,0,0,0,0,0,0,0,0,0,0,0,0,0,0,0,0,0,0,0,43,0,14,0,46,0,70,0,18,0,0,0,70,0,82,0,0,0,0,0,18,0,123,0,77,0,57,0,8,0,0,1,13,0,0,0,0,0,0,0,0,0,74,0,0,0,4,0,17,0,12,0,8,0,0,0,0,0,0,0,23,0,0,0,0,0,0,0,0,0,0,0,0,0,0,0,12,0,0,0,53,0,65,0,28,0,0,0,70,0,160,0,16,0,11,0,0,0,0,0,0,0,0,0,0
0,0,0,0,0,0,0,0,0,0,0,0,0,0,0,0,0,0,0,0,0,0,0,0,0,0,0,0,0,0,0,0,0,0,0,0,0,0,0,0,0,0,0,0,0,0,0,0,0,0,0,15,0,0,0,0,0,0,0,0,0,0,0,0,0,0,0,0,0,0,0,268,0,0,0,208,0,42,0,104,0,5,0,20,0,9,0,179,0,0,0,0,0,0,0,0,0,0,0,0,0,1,0,0,0,0,0,0,0,0,0,0,0,0,0,0,0,0,0,0,0,47,0,26,0,0,0,71,0,0,0,0,0,0,0,93,0,0,0,5,0,0,0,35,0,112,0,19,0,0,0,0,0,0,0,0,0,0,0,0,0,0,0,49,0,0,0,0,0,13,0,22,0,0,0,0,0,0,0,0,0,17,0,0,0,0,0,0,0,0,0,0,0,0,0,0,0,0,0,0,0,0,0,0,0,25,0,0,0,0,0,0,0,0,13,0,0,0,212,4,17,4,0,0,0
0,0,0,0,0,0,0,0,0,0,0,0,0,0,0,0,163,0,0,0,48,0,30,0,43,0,21,0,64,0,28,0,38,0,0,0,0,0,49,0,1,0,0,0,46,0,0,0,0,0,0,0,13,0,0,0,0,0,0,0,5,0,70,0,0,0,0,0,0,0,255,0,101,0,0,0,10,0,203,0,14,0,7,0,20,0,44,0,0,0,1,0,0,0,0,0,0,0,0,0,0,0,0,0,0,0,0,0,0,0,0,0,0,0,0,0,0,0,0,0,114,0,48,0,0,0,0,0,0,0,0,0,0,0,101,0,33,0,2,3,38,0,147,0,95,0,0,0,8,0,0,0,14,0,0,0,0,0,1,0,0,0,28,0,0,0,0,0,24,0,26,0,16,0,0,0,0,0,0,0,29,0,0,0,0,0,0,0,0,0,0,0,0,0,0,0,0,0,0,0,27,0,0,0,0,0,48,0,43,0,75,0,0,0,0,0,0,0,0,0,0,0,0,0,0
0,0,0,0,0,0,0,0,0,0,0,0,0,0,0,0,0,0,0,0,0,0,0,0,0,0,0,0,0,0,0,0,0,0,0,0,0,13,0,0,0,0,0,0,0,14,0,0,0,0,0,43,0,0,0,0,1,0,0,0,0,1,0,0,0,22,0,0,0,0,0,320,0,208,0,0,0,24,0,185,0,13,0,0,0,0,0,104,0,0,0,0,0,0,0,0,0,0,0,7,0,0,0,0,0,0,0,0,0,0,0,0,0,0,0,0,0,0,0,0,0,190,0,43,0,0,0,0,0,0,0,0,0,0,0,74,0,0,0,0,0,29,0,17,0,198,0,0,4,38,0,27,0,20,0,0,0,0,0,0,0,7,2,42,0,0,0,0,0,5,0,15,0,9,0,0,0,0,0,0,0,19,0,0,0,0,0,0,0,0,0,0,0,0,0,0,0,1,0,30,0,0,0,32,0,0,0,0,0,73,0,0,0,0,8,0,0,0,69,2,11,0,0,0,0
0,0,0,0,0,0,0,0,0,0,0,0,0,0,0,0,0,0,0,0,0,0,0,0,0,0,0,0,0,0,0,0,0,0,0,0,0,0,0,0,0,0,0,0,0,0,0,0,5,0,0,0,0,0,0,0,0,0,0,0,0,0,0,0,0,0,0,0,38,0,11,0,5,0,10,0,0,0,16,0,9,0,99,0,0,0,30,0,17,0,0,0,69,0,27,0,0,0,0,0,12,0,86,0,91,0,25,0,5,0,0,0,0,0,0,0,0,0,0,0,0,0,8,0,0,0,0,0,0,0,0,0,0,0,0,0,0,0,0,0,0,0,25,0,0,0,0,0,0,0,6,0,0,0,0,0,0,0,0,0,0,0,0,0,27,0,0,0,65,0,1,0,0,0,0,0,0,0,0,0,0,0,0,0,0,0,1,0,0,0,0,0,0,0,59,0,0,0,0,0,87,0,0,0,0,0,0,0,0,0,68,0,58,7,0,24,7,0,0,0,0,0,0,0,0
0,0,0,0,0,0,0,0,0,0,0,0,0,0,0,0,0,0,0,0,0,0,0,0,0,0,0,0,0,0,0,0,0,0,0,0,0,0,0,0,0,0,0,0,0,45,0,0,0,13,0,0,0,0,0,0,0,5,0,0,0,0,0,0,0,0,0,0,0,34,0,48,0,42,0,24,0,0,0,18,0,42,0,211,0,39,0,151,0,11,0,9,0,17,0,72,0,5,0,6,0,16,0,82,0,31,0,102,0,28,0,0,0,15,0,10,0,24,0,0,0,22,0,16,0,0,0,0,0,0,0,0,0,0,0,35,0,0,0,0,0,0,0,15,0,0,0,0,0,0,0,0,0,0,0,0,0,0,0,0,3,4,0,0,0,40,0,0,0,86,0,4,0,0,0,0,0,0,0,0,0,0,0,0,0,0,0,0,0,0,0,0,0,0,0,57,0,0,0,0,0,30,0,0,0,0,0,0,0,0,0,0,0,0,9,0,0,0,42,0,90,0,24,3,0
0,0,0,0,0,0,0,0,0,0,0,0,0,0,0,0,0,0,0,0,0,0,0,0,0,0,0,0,11,0,0,0,0,0,0,0,0,0,0,0,0,0,12,0,22,0,0,0,9,0,20,0,0,0,0,0,0,0,0,0,0,0,0,0,0,0,0,0,5,0,276,0,184,0,203,0,16,0,0,0,18,0,76,0,61,0,99,0,4,0,0,0,31,0,45,0,47,0,16,0,9,0,66,0,0,0,0,0,6,0,0,0,0,0,0,0,0,0,0,0,205,0,47,0,0,0,0,0,0,0,0,0,0,3,52,0,0,0,0,0,18,0,84,0,38,0,0,0,0,0,0,0,0,0,0,0,0,0,0,0,0,0,24,0,21,0,0,0,68,0,0,0,0,0,0,0,0,0,0,0,0,0,0,0,0,0,0,0,127,0,0,0,158,0,64,0,0,0,120,0,188,0,170,0,215,0,0,0,0,0,224,15,68,0,14,29,1,0,0,0,0,0,0,0,0
