0,498,40,219,14,0,12,97,20,57,31,49,38,0,3,51,101,65,0,0,0,0,73,239,0,289,0,0,196,21,17,0,0,0,0,0,116,0,1001,50,23,0,0,0,0,0,16,0,20,0,0,0,0,0,6,0,0,0,0,0,159,30,45,19,13,0,21,0,0,0,0,0,0,0,0,0,0,0,0,0,0,0,0,0,0,0,0,0,0,0,0,0,0,0,0,0,0,0,3,0,6,0,0,0,0,0,7,0,0,0,0,0,0,0,0,0,0,0,0,0,0,0,0,0,24,0,19,0,0,0,13,0,1,0,20,0,8,0,0,0,0,0,0,0,0,0,19,0,22,0,14,0,0,0,1,0,1,0,1,0,13,0,0,0,3,0,0,0,15,0,9,0,422,0,0,0,272,245,4,0,0,0,14,0,16,0,0,0,0,0,0,0,0,0,0,0,0,0,0,0,0,0,0,0,0,0,0,0,9,0,750,164,343,196,456,0,9,0,0,0,0,2,0,0,0
498,0,241,56,0,35,106,19,64,29,43,126,0,104,0,16,174,26,0,56,0,0,472,36,215,59,0,131,15,239,0,0,0,152,0,0,0,238,85,676,0,9,1,0,0,23,0,69,0,5,0,0,0,2,21,5,0,0,0,47,18,168,27,61,0,98,0,14,0,0,0,0,0,0,0,1,0,0,0,0,0,0,0,0,0,0,0,3,0,0,0,0,0,0,0,0,0,0,0,0,0,0,0,0,0,0,0,0,0,0,0,0,0,0,0,0,0,0,0,0,0,0,0,1,0,44,0,0,0,0,0,49,0,0,0,24,0,7,0,0,0,0,0,0,0,0,0,0,0,108,0,67,0,62,0,0,0,19,0,0,0,0,0,0,0,4,0,14,2,34,1,29,32,299,0,10,127,297,0,7,0,57,23,2,0,161,0,0,0,0,0,0,0,0,0,0,0,3,0,7,0,0,0,0,0,0,0,0,0,7,10,0,0,0,452,0,0,0,841,216,434,128,0,16,0
40,241,0,0,230,0,22,0,5,0,77,44,104,0,236,0,79,0,79,0,16,0,721,98,120,39,63,0,426,0,108,0,160,0,0,0,19,0,669,0,55,0,0,0,0,0,61,0,15,0,0,0,0,0,114,0,5,0,17,0,78,0,65,0,6,0,6,0,0,0,0,0,0,0,0,0,0,0,0,0,0,0,0,0,0,0,0,0,0,0,0,0,0,0,0,0,0,0,0,0,0,0,0,0,0,0,0,0,0,0,0,0,0,0,0,0,0,0,0,0,0,0,0,0,42,0,59,0,9,0,14,0,0,0,112,0,92,0,0,0,0,0,59,0,0,0,21,0,26,0,33,0,0,0,0,0,0,0,0,0,11,0,2,0,0,0,0,0,9,0,10,0,169,0,0,0,36,71,0,0,0,0,2,0,0,0,0,0,0,0,0,0,0,0,0,0,5,0,0,0,8,0,0,0,0,0,9,0,47,0,346,45,359,194,359,0,26,0,0,9,0,0,0,0,0
219,56,0,0,0,125,0,78,0,0,48,41,0,53,21,144,72,23,0,142,16,38,225,237,65,249,0,148,9,456,0,0,0,289,0,6,12,71,0,354,0,0,0,0,0,13,0,60,0,0,0,3,0,1,0,19,0,5,0,0,0,10,0,0,0,0,0,0,0,0,0,0,0,0,0,1,0,0,0,0,0,0,0,0,0,0,0,0,0,1,0,3,0,0,0,0,0,0,0,0,0,0,0,0,0,2,0,0,0,0,0,0,0,0,0,0,0,0,0,0,0,2,0,0,0,0,0,0,0,0,0,4,0,0,0,59,0,41,0,3,0,2,0,13,0,0,0,0,0,0,0,0,0,0,0,0,0,0,0,0,0,10,0,0,0,0,4,15,0,21,0,0,0,91,0,0,27,21,0,0,0,0,0,0,0,0,0,0,0,0,0,0,0,0,0,0,0,0,0,0,1,0,0,0,0,0,0,0,0,7,0,4,0,0,163,0,0,0,265,55,320,0,0,0,0
14,0,230,0,0,350,4,0,18,0,80,203,318,74,236,236,0,0,203,200,72,98,144,0,4,0,193,0,83,0,408,0,615,0,111,76,252,30,0,0,113,0,17,20,33,0,91,0,6,0,67,27,2,0,0,0,0,0,0,0,1,0,0,0,14,0,0,0,0,0,0,0,0,0,0,0,0,0,0,0,0,0,0,0,0,0,7,0,0,0,0,0,0,0,0,0,0,0,0,0,0,0,0,0,5,0,0,0,0,0,0,0,0,0,0,0,0,0,1,0,0,0,0,0,0,0,35,0,0,0,13,0,0,0,34,0,21,0,0,0,0,0,44,0,0,0,29,0,155,0,92,0,132,0,0,0,0,0,0,0,0,0,0,0,98,0,262,0,137,0,0,0,134,0,0,0,72,101,19,5,113,0,32,0,78,0,0,4,0,0,0,0,0,0,0,0,9,0,0,0,0,0,0,0,0,0,0,0,0,0,435,232,770,269,357,0,5,0,0,0,0,0,0,0,0
0,35,0,125,350,0,0,27,0,4,196,55,303,246,357,178,0,0,233,347,149,166,183,191,0,14,0,277,0,0,86,0,84,359,91,146,110,147,4,0,0,22,0,12,0,40,0,139,0,4,6,59,0,0,0,0,0,0,0,0,0,1,0,0,0,15,0,0,0,0,0,0,0,0,0,0,0,0,0,0,0,0,0,0,0,0,0,0,0,0,0,0,0,0,0,0,0,0,0,0,0,0,0,0,0,0,0,0,0,0,0,0,0,4,0,0,0,0,0,0,0,0,0,0,0,0,0,0,0,0,0,0,0,0,0,26,0,0,0,0,0,0,0,0,0,0,0,0,0,0,0,61,0,0,0,0,0,0,0,0,0,0,0,4,0,79,13,297,0,190,0,12,0,92,0,0,64,207,44,0,0,71,0,0,0,53,1,11,0,0,0,0,0,0,0,26,0,7,0,0,0,0,0,0,0,0,0,0,0,15,0,0,0,0,229,0,0,0,544,377,903,123,0,0,0
12,106,22,0,4,0,0,0,45,300,1,0,0,0,1,0,7,0,0,0,0,0,5,0,74,161,0,0,0,0,0,0,0,0,1,0,0,0,0,0,0,0,0,0,0,0,0,0,29,0,0,0,120,33,160,92,9,0,35,0,429,0,284,50,25,0,21,0,0,0,0,0,0,0,0,0,1,0,0,0,0,0,0,0,0,0,0,0,0,0,0,0,0,0,0,0,0,0,0,0,0,0,0,0,0,0,0,0,0,0,0,0,0,0,0,0,0,0,0,0,0,0,0,0,44,0,10,0,4,1,34,0,0,0,4,0,11,0,0,0,1,0,0,0,0,0,0,0,6,0,4,0,0,0,0,0,0,0,0,0,21,0,0,0,3,0,0,0,19,0,182,0,282,0,0,0,37,95,0,0,0,0,0,9,0,15,0,0,0,0,0,0,0,0,0,0,0,0,0,0,0,0,0,0,0,0,0,0,0,0,911,103,341,505,763,10,110,0,0,13,0,0,0,0,0
97,19,0,78,0,27,0,0,228,114,0,20,0,20,0,72,27,0,0,0,0,0,0,6,75,102,0,45,0,58,0,0,0,0,0,0,0,0,0,266,0,0,0,0,0,0,0,26,0,3,0,0,43,60,107,338,0,28,0,47,0,365,66,395,0,79,5,25,0,0,0,0,0,0,0,0,0,0,0,0,0,0,0,0,0,0,0,6,0,0,0,0,0,0,0,0,0,0,0,3,0,0,0,0,0,0,0,0,0,0,0,0,0,0,0,0,0,1,0,0,0,0,0,0,0,45,0,0,0,0,0,157,0,0,0,6,0,0,0,2,0,0,0,0,0,0,0,0,0,28,0,0,0,0,0,3,0,17,0,0,0,18,0,0,0,8,0,0,0,34,0,59,0,146,0,0,26,0,0,0,0,0,0,0,0,0,0,0,0,0,0,0,0,0,0,0,0,0,0,0,0,0,0,0,0,0,0,0,0,0,9,3,12,0,827,0,0,0,585,57,473,454,2,141,0
20,64,5,0,18,0,45,228,0,436,17,0,21,0,0,0,24,23,13,0,2,0,0,0,0,264,13,0,0,0,0,0,0,0,0,0,0,0,70,0,13,0,0,0,0,0,10,0,9,0,0,0,74,85,66,293,20,0,62,88,299,0,89,35,248,12,318,61,0,0,0,0,0,0,0,0,0,0,0,0,0,0,0,0,0,0,0,0,0,0,0,0,0,0,0,0,0,0,0,0,0,0,0,0,0,0,1,0,0,0,0,0,0,0,0,0,0,0,0,0,0,0,0,0,106,0,37,0,0,0,90,0,2,0,21,0,8,0,0,0,0,0,11,0,0,0,45,0,180,0,43,0,0,0,0,0,0,15,2,0,69,0,0,0,7,0,2,0,7,0,80,5,117,0,0,0,333,151,0,0,0,0,0,0,113,48,0,0,0,0,0,0,0,0,0,0,6,0,0,0,0,0,0,0,0,0,3,0,12,0,461,75,166,0,278,7,0,0,16,11,9,0,0,0,0
57,29,0,0,0,4,300,114,436,0,0,5,0,3,0,0,24,1,0,9,0,0,0,0,99,2,0,0,0,0,0,0,0,0,0,0,0,0,0,0,0,0,0,0,0,0,0,0,0,1,0,0,147,196,351,82,0,26,45,141,0,322,95,329,0,233,26,166,0,0,0,0,0,0,0,0,0,0,0,0,0,0,0,0,0,0,0,0,0,0,0,0,0,0,0,0,0,0,0,0,0,0,0,1,0,2,0,3,0,0,0,0,0,0,0,0,0,0,0,0,0,0,0,0,0,46,0,5,0,0,0,84,0,0,0,17,0,6,0,0,0,0,0,0,0,0,0,0,0,61,0,12,0,0,0,13,0,59,0,1,0,7,0,0,0,4,0,0,0,14,0,50,15,54,0,0,64,235,0,2,0,5,0,5,0,23,0,0,0,0,0,0,0,0,0,0,0,3,0,5,0,0,0,0,0,1,0,6,0,17,0,0,0,0,546,0,0,0,444,71,231,316,0,128,0
31,43,77,48,80,196,1,0,17,0,0,102,236,0,13,235,0,1,29,0,56,25,14,113,0,0,65,3,31,0,181,9,560,0,16,0,332,14,131,0,78,0,0,0,0,0,62,0,6,0,8,0,1,0,0,0,0,0,0,0,0,0,0,0,12,0,7,0,0,0,2,0,0,0,0,0,0,0,0,0,3,0,0,0,0,0,2,0,0,0,0,0,0,0,0,0,0,0,0,0,0,0,0,0,0,0,0,0,0,0,0,0,0,0,0,0,0,0,0,0,0,0,0,0,42,0,38,0,0,0,11,0,0,0,29,0,5,0,0,0,0,0,8,0,0,0,32,0,48,0,53,0,92,0,0,0,0,0,0,0,0,0,0,0,0,0,125,0,35,0,0,0,96,0,0,0,118,73,21,0,74,0,17,0,30,0,4,0,0,0,0,0,0,0,0,0,10,0,0,0,0,0,0,0,0,0,0,0,9,0,364,243,375,157,210,0,0,0,0,0,0,0,0,0,0
49,126,44,41,203,55,0,20,0,5,102,0,49,245,292,12,0,0,78,52,117,94,259,82,3,0,7,140,0,127,58,49,69,480,0,98,43,251,13,99,0,107,0,9,0,35,0,164,0,14,0,16,0,0,0,4,0,0,0,7,0,0,0,0,0,19,0,0,0,0,0,0,0,0,0,1,0,0,0,0,0,0,0,0,0,0,0,2,0,0,0,1,0,0,0,0,0,0,0,0,2,0,0,0,0,0,0,0,0,0,0,0,0,0,0,0,0,0,0,3,0,0,0,0,0,16,0,0,0,0,0,27,0,0,0,4,0,0,0,0,0,0,0,0,0,0,0,0,0,39,0,31,0,72,0,0,0,0,0,0,0,1,0,0,0,11,0,56,0,35,0,10,0,103,0,30,47,204,7,27,0,76,0,9,0,44,0,0,0,0,0,0,0,0,0,0,0,0,0,0,0,0,0,0,0,0,0,0,0,5,8,0,0,0,154,0,0,0,421,154,316,0,0,12,0
38,0,104,0,318,303,0,0,21,0,236,49,0,437,20,102,1,0,22,651,33,150,0,0,0,0,150,618,0,0,39,0,23,0,209,95,91,11,0,0,238,65,163,223,32,71,238,74,32,0,241,118,0,0,0,0,0,0,0,0,1,0,0,0,0,0,4,0,0,0,0,0,0,0,0,0,0,0,0,0,0,0,0,0,0,0,0,0,0,0,0,0,0,0,0,2,0,0,0,0,0,0,0,0,0,0,0,0,0,0,0,0,0,0,0,0,0,0,0,0,0,0,0,0,0,0,0,0,0,0,0,0,0,0,37,0,0,0,0,0,0,0,0,0,0,0,24,0,41,0,47,0,78,0,0,0,0,0,0,0,0,0,0,0,215,0,16,0,88,0,0,0,7,0,0,0,84,73,73,0,71,0,38,0,63,0,42,46,0,0,0,0,0,0,0,0,0,0,0,0,0,0,0,0,0,0,4,0,0,0,138,332,389,100,55,0,1,0,0,30,17,0,0,0,0
0,104,0,53,74,246,0,20,0,3,0,245,437,0,13,3,0,0,369,18,36,40,0,0,0,0,254,66,0,0,0,0,5,1,0,68,29,0,0,0,86,138,76,109,28,34,46,284,0,54,50,202,0,0,0,0,0,0,0,0,0,0,0,0,0,0,0,0,0,0,0,0,0,0,0,0,0,0,0,0,0,0,0,0,0,0,0,0,0,0,0,0,0,0,0,0,0,0,0,0,0,0,0,0,0,0,0,0,0,0,0,0,0,0,0,0,0,0,0,0,0,0,0,0,0,0,0,0,0,0,0,0,0,0,0,0,0,0,0,0,0,0,0,0,0,0,0,8,0,0,0,27,0,25,0,0,0,0,0,0,0,0,0,0,0,20,2,0,0,0,0,0,0,0,0,0,0,81,0,57,0,0,0,0,0,24,3,66,0,0,0,0,0,0,0,0,0,0,0,0,0,0,0,0,0,0,0,5,0,3,0,0,0,0,21,0,0,0,97,458,293,31,0,0,0
3,0,236,21,236,357,1,0,0,0,13,292,20,13,0,444,20,0,313,121,87,94,199,51,30,0,122,0,0,0,194,40,187,81,17,53,61,32,0,0,7,0,3,4,0,0,31,0,0,0,15,0,4,0,81,0,0,0,26,0,0,0,1,0,7,0,0,0,0,0,0,0,0,0,0,0,0,0,0,0,0,0,0,0,35,0,4,0,0,0,0,0,0,0,0,0,0,0,0,0,0,0,0,0,0,0,72,0,0,0,0,0,0,0,0,0,0,0,0,0,0,0,0,0,0,0,0,0,25,0,0,0,0,0,73,0,114,0,0,0,0,0,170,0,0,0,31,0,69,0,38,0,34,0,2,0,0,0,0,0,0,0,0,0,3,0,89,0,17,0,0,0,21,0,0,0,27,56,18,0,0,0,0,0,21,0,0,0,0,0,0,0,0,0,0,0,13,0,0,0,41,0,0,0,0,0,0,0,32,0,35,70,99,0,25,0,1,0,0,0,0,0,0,0,0
51,16,0,144,236,178,0,72,0,0,235,12,102,3,444,0,15,63,77,250,206,163,262,135,0,203,0,68,0,16,90,40,125,123,18,44,92,102,0,14,0,0,0,4,0,10,0,8,0,1,0,0,0,8,0,99,0,0,0,0,0,0,0,10,0,13,0,0,0,0,0,0,0,0,0,0,0,3,0,0,0,0,0,0,0,234,0,0,0,0,0,0,0,0,0,0,0,53,0,70,0,79,0,0,0,0,0,79,0,0,0,0,0,0,0,0,0,1,0,0,0,12,0,2,0,17,0,4,0,0,0,0,0,0,0,493,0,288,0,0,0,0,0,198,0,0,0,11,0,23,0,57,0,0,0,0,0,0,0,0,0,0,0,0,0,15,0,107,0,35,0,3,0,23,0,0,20,24,32,6,0,26,0,0,0,13,0,1,0,0,0,0,0,0,0,0,0,0,0,0,0,47,0,0,0,0,0,23,0,28,0,15,27,0,36,0,0,0,102,197,125,28,0,0,0
101,174,79,72,0,0,7,27,24,24,0,0,1,0,20,15,0,26,103,0,191,0,52,85,115,132,72,0,438,0,62,0,43,0,6,0,5,0,158,12,0,0,0,0,13,0,8,0,0,0,0,0,188,0,12,4,16,0,0,0,13,11,225,7,0,0,0,0,0,0,9,0,0,0,21,0,0,0,0,0,47,0,0,0,236,0,20,0,0,0,90,0,0,0,0,0,278,0,147,0,64,0,4,0,0,0,154,0,0,0,0,0,0,0,0,0,0,0,0,0,34,0,76,0,0,0,0,0,146,0,17,0,0,0,0,0,252,0,288,0,186,0,367,0,0,0,0,0,0,0,0,0,0,0,83,0,0,0,40,0,6,0,0,0,0,0,0,0,0,0,0,2,23,0,0,0,13,11,0,0,0,0,69,0,0,0,0,0,0,0,0,0,0,0,0,0,0,0,0,0,28,0,0,0,0,0,0,0,0,0,2,95,32,0,9,0,2,0,6,0,7,0,0,0,0
65,26,0,23,0,0,0,0,23,1,1,0,0,0,0,63,26,0,0,21,0,226,40,102,77,114,0,28,0,652,0,38,0,33,0,19,1,12,0,176,0,0,0,0,0,0,0,0,0,0,0,0,0,60,5,6,0,10,0,0,0,21,8,125,0,0,0,0,0,0,0,0,0,0,0,1,0,0,0,0,0,21,0,0,0,151,0,0,0,0,0,0,0,0,0,0,0,10,0,26,0,21,0,0,0,0,0,0,0,0,0,0,0,0,0,0,0,0,0,0,0,5,0,0,0,0,0,0,0,0,0,6,0,73,0,60,0,200,0,209,0,92,0,370,0,0,0,0,0,0,0,0,0,0,0,29,0,1,0,31,0,0,0,0,0,0,0,1,0,0,0,1,0,5,0,0,4,11,0,0,0,0,0,5,0,0,0,0,0,0,0,0,0,0,0,0,0,0,0,0,0,2,0,0,0,0,0,0,0,0,0,0,0,0,0,0,0,0,7,175,12,0,0,1,0
0,0,79,0,203,233,0,0,13,0,29,78,22,369,313,77,103,0,0,543,181,230,150,0,17,0,86,382,0,0,38,0,6,0,157,135,59,30,0,0,24,28,52,156,13,0,18,27,3,0,156,154,11,0,0,0,0,0,0,0,0,0,0,0,0,0,0,0,0,0,0,0,0,0,0,0,0,0,0,0,0,0,0,1,229,0,41,0,0,0,0,0,0,0,0,0,0,0,0,0,0,0,0,0,19,0,0,0,0,0,0,0,0,0,0,0,0,0,0,0,0,0,0,0,0,0,0,0,0,0,0,0,0,0,51,0,0,0,0,0,0,0,0,0,0,0,33,0,135,0,70,0,0,0,0,0,0,0,0,0,0,0,0,0,70,0,20,0,29,0,0,0,0,0,0,0,6,22,28,0,88,0,15,0,27,0,13,13,0,0,0,0,0,0,0,0,8,0,0,0,73,0,0,0,0,0,0,0,0,0,106,179,85,25,30,0,0,0,0,0,0,0,0,0,0
0,56,0,142,200,347,0,0,0,9,0,52,651,18,121,250,0,21,543,0,127,204,0,63,0,79,86,210,0,0,0,10,30,0,142,78,114,31,0,0,19,0,55,108,0,46,14,20,0,2,41,176,0,0,0,0,0,0,0,0,0,0,0,34,0,69,0,0,0,0,0,0,0,0,0,0,0,4,0,0,0,0,0,0,0,248,0,0,0,0,0,0,0,0,0,29,3,0,0,0,0,69,0,0,0,0,0,0,0,0,0,0,0,0,0,0,0,0,0,0,0,0,0,0,0,0,0,0,0,0,0,0,0,0,0,404,0,218,0,0,0,0,2,234,0,0,0,0,0,156,0,0,0,223,0,0,0,0,0,0,0,0,0,0,0,143,0,86,0,105,0,0,0,13,0,0,4,35,17,42,0,238,0,0,0,149,0,4,0,0,0,0,0,0,0,0,0,11,0,0,0,0,0,0,0,0,0,0,0,0,0,29,0,0,86,0,0,0,177,222,313,82,0,0,0
0,0,16,16,72,149,0,0,2,0,56,117,33,36,87,206,191,0,181,127,0,60,172,59,13,0,156,37,41,0,188,0,112,33,53,25,23,16,19,0,0,0,14,20,11,0,0,0,0,0,45,0,36,0,18,0,9,0,0,0,0,0,28,0,0,0,0,0,0,0,48,0,0,0,58,0,0,0,0,0,144,0,0,0,340,0,45,0,0,0,136,0,0,0,0,0,389,0,350,0,235,0,0,0,0,0,318,0,0,0,0,0,0,0,0,0,0,0,0,0,0,0,107,0,0,0,0,0,82,0,0,0,9,0,9,0,223,0,148,0,158,0,528,0,0,0,0,0,0,0,0,0,0,0,27,0,0,0,0,0,0,0,0,0,13,0,16,0,0,0,0,0,4,0,0,0,14,7,58,0,0,0,25,0,0,0,5,0,0,0,0,0,0,0,0,0,0,0,0,0,67,0,0,0,0,0,0,0,0,0,59,195,54,12,10,0,0,0,0,0,0,0,0,0,0
0,0,0,38,98,166,0,0,0,0,25,94,150,40,94,163,0,226,230,204,60,0,14,328,0,0,0,42,0,80,29,135,24,65,58,34,47,14,0,2,0,0,17,33,0,22,0,0,0,0,0,31,0,31,0,0,0,0,0,0,0,0,0,131,0,0,0,0,0,0,0,0,0,0,0,0,0,0,0,0,0,0,0,0,0,452,0,0,0,0,0,0,0,0,0,0,0,0,0,0,0,104,0,0,0,0,4,0,0,0,0,0,0,0,0,0,0,0,0,0,0,0,0,0,0,0,0,0,0,0,0,0,0,49,0,115,0,258,0,252,0,254,0,590,0,0,0,0,0,0,0,15,0,22,0,0,0,0,0,0,0,0,0,0,0,47,0,32,0,21,0,0,0,4,0,0,0,16,5,27,0,0,0,0,0,0,0,6,0,0,0,0,0,0,0,0,0,0,0,0,0,0,0,0,0,0,0,0,0,0,0,0,0,0,19,0,0,0,76,133,55,10,0,0,0
73,472,721,225,144,183,5,0,0,0,14,259,0,0,199,262,52,40,150,0,172,14,0,445,34,110,29,0,107,31,144,0,39,75,0,1,21,40,109,45,0,0,0,0,0,0,17,0,3,0,0,0,0,0,149,0,13,0,19,0,0,0,11,0,0,0,0,0,0,0,0,0,0,0,0,0,0,0,0,0,0,0,0,0,68,0,0,0,0,0,0,0,0,0,0,0,73,0,0,0,0,0,0,0,0,0,53,0,0,0,0,0,0,0,0,0,0,0,0,0,0,0,0,0,0,0,0,0,0,0,0,0,0,0,0,0,252,0,0,0,0,0,304,0,0,0,0,0,0,0,0,0,0,0,0,0,0,0,0,0,0,0,0,0,0,0,7,0,3,0,0,0,66,22,0,0,29,75,13,0,0,0,36,1,0,0,0,0,0,0,0,0,0,0,0,0,0,0,0,0,49,0,0,0,1,0,0,0,15,0,23,258,53,0,17,0,0,0,29,8,16,0,0,0,0
239,36,98,237,0,191,0,6,0,0,113,82,0,0,51,135,85,102,0,63,59,328,445,0,31,33,0,13,7,263,0,70,36,124,0,15,35,38,60,20,0,0,0,12,0,0,0,0,1,0,0,2,0,16,0,26,0,0,0,0,0,0,0,21,0,0,0,0,0,0,0,0,0,0,0,0,0,0,0,0,0,60,0,0,0,386,0,0,0,0,0,0,0,0,0,0,0,52,0,128,0,104,0,0,0,0,0,86,0,0,0,0,0,0,0,0,0,0,0,0,0,0,1,3,0,0,0,0,0,0,0,0,0,21,2,238,0,180,0,57,0,32,0,433,0,0,0,0,0,0,0,0,0,0,0,0,0,0,0,0,0,0,0,0,0,0,0,11,0,6,0,3,10,24,1,0,13,6,0,28,0,0,12,0,0,0,0,0,0,0,0,0,0,0,0,0,0,0,0,0,0,0,0,0,0,0,0,0,0,0,15,0,0,7,14,0,0,0,16,506,48,0,0,0,0
0,215,120,65,4,0,74,75,0,99,0,3,0,0,30,0,115,77,17,0,13,0,34,31,0,228,0,0,88,0,4,0,5,0,0,0,0,5,64,13,0,0,0,0,0,0,0,0,10,0,0,0,115,6,368,30,13,0,33,0,87,22,376,33,0,0,0,0,0,0,0,0,0,0,0,1,0,0,0,0,0,0,0,0,18,0,0,0,0,0,0,0,0,0,0,0,21,0,0,0,0,0,0,0,0,0,18,0,0,0,0,0,0,0,0,0,0,0,0,0,0,0,0,0,0,0,0,0,140,0,0,0,4,0,23,0,179,0,18,0,56,0,224,0,0,0,0,0,0,0,0,0,0,0,18,0,0,0,15,0,3,0,0,0,2,0,0,0,8,5,29,0,90,0,0,0,3,38,0,0,0,0,0,0,0,0,0,0,0,0,0,0,0,0,0,0,0,0,0,0,32,0,0,0,0,0,0,0,0,0,101,44,123,142,176,2,21,0,15,0,6,0,0,0,0
289,59,39,249,0,14,161,102,264,2,0,0,0,0,0,203,132,114,0,79,0,0,110,33,228,0,0,0,9,104,0,0,0,0,0,0,3,0,52,99,0,0,0,0,0,0,0,0,0,0,0,0,42,32,96,241,0,62,0,0,23,103,75,123,0,0,2,0,0,0,0,0,0,0,0,0,0,0,0,0,0,0,0,0,0,59,0,0,0,0,0,18,0,0,0,0,0,9,0,13,0,14,0,0,0,0,0,0,0,0,0,0,0,0,0,0,0,0,0,0,0,0,0,0,0,0,0,0,0,0,0,0,0,30,0,263,0,230,0,74,0,0,0,150,0,0,0,0,0,0,0,0,0,0,0,33,0,5,0,0,0,9,0,0,0,0,0,0,0,11,3,10,27,84,0,0,10,11,0,0,0,0,0,0,0,0,0,0,0,0,0,0,0,0,0,0,0,0,0,0,0,17,0,0,0,0,0,0,0,0,10,0,12,4,106,0,0,0,90,177,110,58,0,18,0
0,0,63,0,193,0,0,0,13,0,65,7,150,254,122,0,72,0,86,86,156,0,29,0,0,0,0,488,11,0,98,0,8,0,32,0,0,0,0,0,15,129,190,160,127,227,59,200,58,0,178,28,0,0,0,0,0,0,0,0,0,0,0,0,0,0,0,0,0,0,85,0,0,0,76,0,0,0,0,0,204,0,0,0,0,0,107,0,0,0,0,0,0,0,0,0,0,0,556,0,404,0,0,0,0,0,0,0,0,0,0,0,0,0,0,0,0,0,0,0,0,0,117,0,0,0,0,0,0,0,0,0,0,0,30,0,87,0,119,0,115,0,342,0,0,0,31,0,69,0,0,0,0,0,0,0,0,0,0,0,0,0,0,0,183,2,19,0,80,0,3,0,0,0,0,0,0,0,20,0,0,0,21,0,40,0,17,0,0,0,0,0,0,0,0,0,0,0,0,0,0,0,0,0,0,0,0,0,19,0,41,350,341,0,15,2,0,21,0,0,0,0,0,0,0
0,131,0,148,0,277,0,45,0,0,3,140,618,66,0,68,0,28,382,210,37,42,0,13,0,0,488,0,0,7,0,0,0,0,29,8,10,0,0,0,255,24,194,173,64,201,121,65,3,23,118,114,0,0,0,0,0,0,0,0,0,0,0,37,0,47,0,0,0,1,0,0,0,0,0,0,0,0,0,0,0,0,0,0,0,93,0,0,0,0,0,0,0,0,0,17,0,0,0,0,0,0,0,0,0,0,0,0,0,0,0,0,0,0,0,0,0,0,0,0,0,0,0,0,0,0,0,0,0,0,0,31,0,8,0,0,0,115,0,0,0,96,0,186,0,0,0,0,0,0,1,0,0,0,0,0,0,0,0,0,0,3,0,0,0,64,0,4,0,0,0,0,0,0,0,0,0,26,0,50,0,128,0,20,0,0,7,51,0,0,0,0,0,0,0,0,0,0,0,17,0,0,0,0,0,0,0,0,0,0,6,0,0,0,35,0,0,0,87,564,403,85,0,0,14
196,15,426,9,83,0,0,0,0,0,31,0,0,0,0,0,438,0,0,0,41,0,107,7,88,9,11,0,0,0,27,0,42,0,3,0,11,0,40,0,0,0,38,0,7,0,0,0,1,0,8,0,9,0,3,0,0,0,0,0,0,0,38,0,0,0,0,0,0,0,5,0,0,0,22,0,0,0,0,0,13,0,0,0,0,0,0,0,0,0,0,0,0,0,0,0,0,0,0,0,0,0,0,0,0,0,0,0,0,0,0,0,0,0,0,0,0,0,0,0,0,0,0,0,0,0,0,0,0,0,0,0,0,0,0,0,31,0,80,0,46,0,62,0,14,0,0,0,0,0,0,0,0,0,24,0,0,0,14,0,0,0,0,0,0,0,0,0,0,0,0,0,0,0,0,0,29,13,0,0,0,0,39,0,0,0,0,0,0,0,0,0,0,0,0,0,0,0,0,0,0,0,0,0,0,0,0,0,0,0,0,10,2,0,0,0,0,0,0,0,0,0,0,0,0
21,239,0,456,0,0,0,58,0,0,0,127,0,0,0,16,0,652,0,0,0,80,31,263,0,104,0,7,0,0,0,53,2,83,0,74,0,42,0,44,0,0,0,28,0,0,0,0,0,0,0,10,0,9,0,2,0,0,0,0,0,7,0,45,0,0,0,0,0,0,0,0,0,0,0,0,0,0,0,0,0,15,0,0,0,58,0,0,0,0,0,3,0,0,0,0,0,0,0,18,0,0,0,0,0,0,0,6,0,0,0,0,0,0,0,0,0,0,0,0,0,0,0,0,0,0,0,0,0,0,0,0,0,27,0,0,0,70,0,107,0,31,0,115,0,4,0,0,0,0,0,0,0,0,0,34,0,2,0,29,0,5,0,0,0,0,0,0,0,0,0,0,1,0,0,0,2,41,0,0,0,0,0,0,0,0,0,0,0,0,0,0,0,0,0,0,0,0,0,0,0,0,0,0,0,0,0,0,0,0,0,0,0,0,0,0,0,0,0,105,0,0,0,0,0
17,0,108,0,408,86,0,0,0,0,181,58,39,0,194,90,62,0,38,0,188,29,144,0,4,0,98,0,27,0,0,0,42,0,74,0,13,0,12,0,0,0,163,0,16,0,0,0,0,0,118,0,3,0,0,0,0,0,0,0,12,0,8,0,0,0,0,0,0,0,0,0,0,0,7,0,0,0,0,0,0,0,0,0,18,0,0,0,0,0,0,0,0,0,0,0,0,0,28,0,0,0,0,0,0,0,21,0,0,0,0,0,0,0,0,0,0,0,0,0,0,0,0,0,0,0,0,0,12,0,3,0,0,0,0,0,0,0,46,0,23,0,67,0,4,0,0,0,0,0,0,0,0,0,8,0,0,0,4,0,0,0,0,0,0,0,7,0,7,0,0,0,2,0,0,0,36,14,94,0,0,0,0,0,0,0,0,0,0,0,0,0,0,0,0,0,0,0,0,0,5,0,0,0,0,0,0,0,0,0,0,29,19,0,0,0,0,0,0,0,0,0,0,0,0
0,0,0,0,0,0,0,0,0,0,9,49,0,0,40,40,0,38,0,10,0,135,0,70,0,0,0,0,0,53,0,0,0,20,0,113,0,35,0,2,0,0,0,42,0,0,0,0,0,0,0,12,0,4,0,0,0,0,0,0,0,0,0,7,0,0,0,0,0,0,0,0,0,0,0,0,0,0,0,0,0,0,0,0,0,0,0,0,0,0,0,0,0,0,0,0,0,0,0,0,0,0,0,0,0,0,0,0,0,0,0,0,0,0,0,0,0,0,0,0,0,0,0,0,0,0,0,0,0,0,0,0,0,0,0,0,0,0,0,0,0,0,0,0,0,0,0,0,0,0,0,0,0,0,0,0,0,0,0,0,0,0,0,0,0,0,0,2,0,0,0,0,0,0,0,0,0,0,0,30,0,0,0,0,0,0,0,0,0,0,0,0,0,0,0,0,0,0,0,0,0,0,0,0,0,0,0,0,0,0,0,0,0,0,0,0,0,0,0,26,0,0,0,0,0
0,0,160,0,615,84,0,0,0,0,560,69,23,5,187,125,43,0,6,30,112,24,39,36,5,0,8,0,42,2,42,0,0,0,16,3,39,7,4,4,0,0,73,0,0,1,0,0,0,0,23,0,2,0,0,0,0,0,0,0,2,0,7,0,0,0,0,0,0,0,0,0,0,0,2,0,0,0,0,0,0,0,0,0,0,0,0,0,0,0,0,0,0,0,0,0,0,0,0,0,0,0,0,0,0,0,0,0,0,0,0,0,0,0,0,0,0,0,0,0,0,0,7,0,0,0,0,0,0,0,0,0,0,0,0,0,0,0,46,0,0,0,0,0,0,0,0,0,0,0,0,0,0,0,5,0,2,0,4,0,0,0,0,0,6,0,16,2,4,0,0,0,0,0,0,0,117,18,185,1,0,0,0,0,0,0,0,0,0,0,0,0,0,0,0,0,0,0,0,0,0,0,0,0,0,0,0,0,0,0,0,50,17,0,0,0,0,0,0,0,0,0,0,0,0
0,152,0,289,0,359,0,0,0,0,0,480,0,1,81,123,0,33,0,0,33,65,75,124,0,0,0,0,0,83,0,20,0,0,0,35,0,67,0,1,0,0,0,31,0,8,0,0,0,0,0,34,0,0,0,0,0,0,0,0,0,0,0,5,0,0,0,0,0,0,0,0,0,0,0,0,0,0,0,0,0,0,0,0,0,0,0,0,0,0,0,0,0,0,0,0,0,0,0,0,0,0,0,0,0,0,0,0,0,0,0,0,0,0,0,0,0,0,0,0,0,0,0,0,0,0,0,0,0,0,0,0,0,0,0,0,0,0,0,0,0,8,0,0,0,2,0,0,0,0,0,0,0,0,0,7,0,0,0,5,0,0,0,0,0,1,0,19,0,0,0,0,0,0,0,0,7,83,0,135,0,0,0,0,0,0,0,0,0,0,0,0,0,0,0,0,0,0,0,0,0,5,0,1,0,0,0,0,0,0,0,0,0,0,0,0,0,0,0,259,0,0,0,0,0
0,0,0,0,111,91,1,0,0,0,16,0,209,0,17,18,6,0,157,142,53,58,0,0,0,0,32,29,3,0,74,0,16,0,0,35,25,0,2,0,0,0,3,15,0,4,0,0,0,0,42,0,0,0,0,0,0,0,0,0,0,0,0,0,0,0,0,0,0,0,10,0,0,0,0,0,0,0,0,0,0,0,0,0,0,0,0,0,0,0,0,0,0,0,0,0,22,0,54,0,37,0,0,0,0,0,0,0,0,0,0,0,0,0,0,0,0,0,0,0,0,0,0,0,0,0,0,0,0,0,0,0,0,0,0,0,7,0,0,0,0,0,0,0,0,0,0,0,0,0,0,0,0,0,0,0,0,0,0,0,0,0,0,0,59,0,23,0,15,0,0,0,4,0,0,0,0,5,111,0,0,0,0,0,0,0,57,0,0,0,0,0,0,0,0,0,0,0,0,0,0,1,0,0,0,0,0,0,0,0,107,128,86,26,27,0,0,1,2,0,8,0,0,0,0
0,0,0,6,76,146,0,0,0,0,0,98,95,68,53,44,0,19,135,78,25,34,1,15,0,0,0,8,0,74,0,113,3,35,35,0,19,62,0,0,0,0,0,45,0,0,0,0,0,0,4,7,0,0,0,0,0,0,0,0,0,0,0,27,0,0,0,0,0,0,0,0,0,0,0,0,0,0,0,0,0,0,0,0,0,41,0,0,0,0,0,0,0,0,0,0,0,0,0,16,0,0,0,0,0,0,0,0,0,0,0,0,0,1,0,0,0,0,0,0,0,0,0,0,0,0,0,0,0,0,0,0,0,0,0,0,0,0,0,152,0,110,0,177,1,0,0,0,0,0,0,0,0,0,0,16,0,0,0,14,0,0,0,0,0,1,0,6,0,0,0,0,0,0,0,6,0,16,0,10,0,0,0,0,0,0,0,6,0,0,0,0,0,0,0,0,0,0,0,0,0,0,0,0,0,0,0,0,0,0,0,0,0,0,0,0,0,0,19,32,0,0,0,0,0
116,0,19,12,252,110,0,0,0,0,332,43,91,29,61,92,5,1,59,114,23,47,21,35,0,3,0,10,11,0,13,0,39,0,25,19,0,9,25,0,0,0,65,5,28,0,0,0,5,0,50,13,8,0,0,0,0,0,0,0,27,0,14,0,0,0,0,0,0,0,79,0,0,0,60,0,0,0,0,0,78,0,0,0,34,0,48,0,21,0,21,0,0,0,0,0,0,0,253,0,186,0,0,0,0,0,0,0,0,0,0,0,0,0,0,0,0,0,0,0,102,0,47,0,0,0,0,0,0,0,0,0,0,0,0,0,0,0,272,0,95,0,83,0,119,0,0,0,0,0,0,0,0,0,67,0,16,0,0,1,0,0,16,0,83,0,55,0,42,0,0,0,16,0,0,0,75,15,140,0,0,0,61,0,0,0,7,0,0,0,0,0,0,0,0,0,0,0,0,0,0,0,0,0,0,0,0,0,0,0,69,99,71,20,18,0,0,0,0,0,0,3,0,0,0
0,238,0,71,30,147,0,0,0,0,14,251,11,0,32,102,0,12,30,31,16,14,40,38,5,0,0,0,0,42,0,35,7,67,0,62,9,0,0,46,0,0,0,60,0,12,0,0,0,3,0,98,0,0,0,0,0,0,0,0,0,22,0,41,3,1,0,0,0,0,0,0,0,0,0,0,0,0,0,0,0,0,0,0,0,33,0,0,0,0,0,0,0,0,0,0,0,0,0,0,0,0,0,0,0,0,0,0,0,0,0,0,0,0,0,0,0,0,0,0,0,0,0,0,0,0,0,0,0,0,0,0,0,0,0,0,0,84,0,363,0,185,0,177,0,89,0,0,0,0,0,0,0,0,0,84,0,65,0,59,0,0,0,0,0,8,0,24,0,40,0,8,1,31,0,0,7,113,0,98,0,0,0,0,0,0,0,0,0,0,0,0,0,0,0,0,0,0,0,0,0,0,0,0,0,0,0,0,0,0,1,0,0,0,0,0,0,0,12,127,12,0,0,0,0
1001,85,669,0,0,4,0,0,70,0,131,13,0,0,0,0,158,0,0,0,19,0,109,60,64,52,0,0,40,0,12,0,4,0,2,0,25,0,0,13,0,0,16,0,0,0,0,0,0,0,0,0,6,0,4,0,0,0,0,0,4,0,17,0,0,0,0,0,0,0,23,0,0,0,22,0,0,0,0,0,24,0,0,0,0,0,17,0,0,0,0,0,0,0,0,0,0,0,98,0,38,0,0,0,0,0,0,0,0,0,0,0,0,0,0,0,0,0,0,0,0,0,32,0,0,0,0,0,0,0,0,0,0,0,0,0,0,0,158,0,77,0,100,0,38,0,0,0,0,0,0,0,0,0,48,0,17,0,0,0,0,0,0,0,0,0,6,0,0,0,1,0,49,6,0,0,193,27,12,0,4,0,217,0,0,0,0,0,0,0,0,0,0,0,0,0,0,0,0,0,1,0,0,0,0,0,0,0,0,0,0,128,11,0,5,0,0,0,0,0,5,0,0,0,0
50,676,0,354,0,0,0,266,0,0,0,99,0,0,0,14,12,176,0,0,0,2,45,20,13,99,0,0,0,44,0,2,4,1,0,0,0,46,13,0,0,0,0,1,0,0,0,0,0,0,0,1,0,0,0,0,0,0,0,0,0,9,0,0,0,6,0,0,0,0,0,0,0,0,0,0,0,0,0,0,0,0,0,0,0,3,0,0,0,0,0,0,0,0,0,0,0,0,0,0,0,0,0,0,0,0,0,0,0,0,0,0,0,0,0,0,0,0,0,0,0,0,0,0,0,0,0,0,0,0,0,0,0,1,0,0,0,0,0,8,0,5,0,0,0,3,0,0,0,0,0,0,0,0,0,3,0,1,0,2,0,0,0,0,0,0,0,4,0,0,0,0,3,40,0,0,8,201,0,51,0,16,0,8,0,0,0,0,0,0,0,0,0,0,0,0,0,0,0,0,0,0,0,0,0,0,0,0,0,0,0,0,3,0,0,0,0,0,4,37,3,0,0,1,0
23,0,55,0,113,0,0,0,13,0,78,0,238,86,7,0,0,0,24,19,0,0,0,0,0,0,15,255,0,0,0,0,0,0,0,0,0,0,0,0,0,99,40,51,37,309,117,210,54,37,10,13,0,0,0,0,0,0,0,0,0,0,0,0,0,0,0,0,0,0,0,0,0,0,0,0,0,0,0,0,0,0,0,0,0,0,0,0,0,0,0,0,0,0,0,0,0,0,0,0,0,0,0,0,0,0,0,0,0,0,0,0,0,0,0,0,0,0,0,0,0,0,0,0,0,0,0,0,0,0,0,0,0,0,0,0,0,0,0,0,1,0,2,0,0,0,0,0,0,0,0,0,0,0,0,0,0,0,0,0,0,0,0,0,32,0,0,0,0,0,0,0,0,0,0,0,65,4,51,0,23,0,9,0,0,0,56,0,0,0,0,0,0,0,0,0,1,0,0,0,0,0,0,0,0,0,0,0,0,0,0,113,69,0,8,0,0,0,0,9,0,0,0,0,0
0,9,0,0,0,22,0,0,0,0,0,107,65,138,0,0,0,0,28,0,0,0,0,0,0,0,129,24,0,0,0,0,0,0,0,0,0,0,0,0,99,0,39,19,51,61,164,135,16,58,10,0,0,0,0,0,0,0,0,0,0,0,0,0,0,2,0,0,0,1,0,0,0,0,0,0,0,0,0,0,0,0,0,4,0,0,0,0,0,0,0,0,0,0,0,0,0,0,0,0,0,0,0,0,0,1,0,0,0,0,0,0,0,0,0,0,0,0,0,0,0,0,0,0,0,0,0,0,0,0,0,0,0,0,0,0,0,0,0,0,0,0,0,0,0,0,0,6,0,4,0,0,0,19,0,0,0,0,0,0,0,0,0,0,0,18,0,0,0,0,0,0,0,0,0,0,0,59,0,31,0,28,0,0,0,9,5,13,0,0,0,0,0,0,0,0,0,0,0,0,0,0,0,0,0,0,0,0,0,0,0,0,3,0,0,0,0,0,10,62,32,0,0,0,10
0,1,0,0,17,0,0,0,0,0,0,0,163,76,3,0,0,0,52,55,14,17,0,0,0,0,190,194,38,0,163,0,73,0,3,0,65,0,16,0,40,39,0,56,68,63,49,77,12,0,40,12,2,0,4,0,13,0,14,0,3,0,13,0,0,0,3,0,2,0,18,0,0,0,23,0,0,0,0,0,26,0,0,0,0,0,0,0,0,0,8,0,0,0,0,0,0,0,0,0,53,0,0,0,0,0,10,0,0,0,0,0,0,0,0,0,0,0,0,0,0,0,23,0,0,0,0,0,0,0,0,0,0,0,0,0,0,0,0,0,0,0,0,0,0,0,0,0,0,0,0,0,0,0,12,0,0,0,0,0,9,0,0,0,55,0,21,0,23,0,10,0,16,0,0,0,11,4,28,0,10,0,0,0,0,0,116,0,0,0,0,0,0,0,0,0,0,0,0,0,0,0,0,0,0,0,0,0,0,0,86,233,78,18,29,0,0,4,0,0,0,0,0,0,0
0,0,0,0,20,12,0,0,0,0,0,9,223,109,4,4,0,0,156,108,20,33,0,12,0,0,160,173,0,28,0,42,0,31,15,45,5,60,0,1,51,19,56,0,23,104,42,50,0,0,31,49,0,0,0,0,0,0,0,0,0,0,0,0,0,2,0,0,1,0,0,12,0,2,0,0,0,0,0,0,0,43,0,0,0,29,0,0,0,0,0,0,0,0,0,0,0,0,0,26,0,4,0,0,0,0,0,0,0,0,0,0,0,0,0,0,0,0,0,0,0,0,0,0,0,0,1,0,0,0,0,0,0,0,0,0,0,38,0,74,0,65,0,99,0,22,0,0,0,0,0,0,0,0,0,0,0,7,0,0,0,0,0,3,0,56,0,21,0,22,0,0,0,19,0,0,0,0,0,0,0,0,0,0,0,0,0,4,0,0,0,0,0,0,0,0,0,0,0,0,0,0,0,0,0,0,0,0,0,0,0,0,0,0,3,0,0,0,20,109,121,9,0,0,4
0,0,0,0,33,0,0,0,0,0,0,0,32,28,0,0,13,0,13,0,11,0,0,0,0,0,127,64,7,0,16,0,0,0,0,0,28,0,0,0,37,51,68,23,0,200,159,191,134,148,13,0,0,0,0,0,0,0,0,0,0,0,6,0,0,0,0,0,0,0,58,0,0,0,48,0,0,0,0,0,81,0,0,1,92,0,49,0,0,0,26,0,0,0,0,0,113,0,299,0,176,0,0,0,0,0,101,0,0,0,0,0,0,0,0,0,0,0,0,0,68,0,65,0,0,0,0,0,0,0,0,0,0,0,0,0,0,0,65,0,78,0,0,0,65,0,0,0,0,0,0,0,0,0,11,0,0,0,0,0,0,0,0,0,139,3,10,0,35,0,3,0,6,0,0,0,28,5,14,0,27,0,0,0,0,0,60,0,0,0,0,0,0,0,1,0,0,0,0,1,0,0,0,0,0,0,0,0,0,0,11,191,149,0,0,2,3,94,0,8,0,0,0,0,4
0,23,0,13,0,40,0,0,0,0,0,35,71,34,0,10,0,0,0,46,0,22,0,0,0,0,227,201,0,0,0,0,1,8,4,0,0,12,0,0,309,61,63,104,200,0,417,175,36,134,16,18,0,0,0,6,0,0,0,7,0,4,0,11,0,0,0,2,0,14,0,7,0,0,0,0,0,21,0,0,0,66,0,27,0,132,0,20,0,0,0,0,0,11,0,47,0,0,0,35,0,19,0,13,0,0,0,10,0,1,0,0,0,0,0,0,0,0,0,2,0,44,0,0,0,9,0,4,0,0,0,20,0,0,0,0,0,69,0,0,0,64,0,247,0,13,0,0,0,0,0,52,0,45,0,0,0,6,0,0,0,0,0,4,0,130,0,9,0,43,0,13,0,29,0,0,0,18,0,22,2,57,0,7,0,0,32,17,0,0,0,0,0,0,0,0,0,0,0,0,0,0,0,0,0,0,0,0,0,0,0,0,0,0,19,0,0,0,48,193,143,16,0,3,86
16,0,61,0,91,0,0,0,10,0,62,0,238,46,31,0,8,0,18,14,0,0,17,0,0,0,59,121,0,0,0,0,0,0,0,0,0,0,0,0,117,164,49,42,159,417,0,294,97,133,9,0,0,0,0,0,0,0,0,0,0,0,0,0,0,0,4,0,0,0,0,0,0,0,0,0,0,0,0,0,0,0,0,0,24,0,0,0,0,0,9,0,0,0,0,0,0,0,14,0,0,0,0,0,0,0,28,0,0,0,0,0,0,0,0,0,0,0,1,0,0,0,0,0,0,0,0,0,0,0,4,0,0,0,23,0,19,0,0,0,0,0,44,0,2,0,0,0,44,0,0,0,0,0,0,0,0,0,0,0,0,0,0,0,0,11,6,0,0,0,0,0,0,0,0,0,29,5,32,0,26,0,21,0,34,0,99,0,0,0,0,0,0,0,0,0,0,0,0,0,0,0,0,0,0,0,0,0,9,0,0,314,65,0,0,0,0,81,0,12,8,0,0,0,5
0,69,0,60,0,139,0,26,0,0,0,164,74,284,0,8,0,0,27,20,0,0,0,0,0,0,200,65,0,0,0,0,0,0,0,0,0,0,0,0,210,135,77,50,191,175,294,0,23,29,24,0,0,0,0,0,0,0,0,0,0,0,0,0,0,0,0,0,0,0,0,0,0,0,0,0,0,0,0,0,0,0,0,0,0,0,0,0,0,0,0,0,0,0,0,0,0,0,0,0,0,0,0,0,0,0,0,0,0,0,0,0,0,0,0,0,0,0,0,0,0,0,0,0,0,17,0,0,0,0,0,26,0,0,0,0,0,0,0,0,0,0,0,0,0,0,0,0,0,0,0,0,0,0,0,0,0,0,0,0,0,0,0,0,0,0,0,0,0,0,0,0,0,0,0,0,0,57,0,60,0,0,0,0,0,0,25,37,0,0,0,0,0,0,0,0,0,0,0,0,0,0,0,0,0,0,0,0,0,0,0,0,0,0,0,0,0,0,0,209,57,0,2,0,59
20,0,15,0,6,0,29,0,9,0,6,0,32,0,0,0,0,0,3,0,0,0,3,1,10,0,58,3,1,0,0,0,0,0,0,0,5,0,0,0,54,16,12,0,134,36,97,23,0,203,3,0,0,0,11,0,10,0,13,0,0,0,0,0,0,0,0,0,6,0,0,0,0,0,0,0,0,0,2,0,5,0,31,1,0,0,11,0,3,0,0,0,28,0,6,0,1,0,3,0,17,0,45,0,15,0,10,0,0,0,0,0,0,0,0,0,0,0,0,0,0,0,0,0,9,2,0,0,2,0,2,0,1,0,0,0,1,0,0,0,2,0,0,0,0,0,0,0,7,0,0,0,10,0,1,0,0,0,1,0,8,0,0,0,10,0,3,0,34,0,5,0,8,0,0,0,81,7,28,0,31,0,3,0,0,0,114,0,103,0,0,0,91,0,25,0,19,0,0,0,27,0,24,0,53,0,17,0,4,0,34,105,86,13,28,4,0,19,0,2,9,0,0,0,5
0,5,0,0,0,4,0,3,0,1,0,14,0,54,0,1,0,0,0,2,0,0,0,0,0,0,0,23,0,0,0,0,0,0,0,0,0,3,0,0,37,58,0,0,148,134,133,29,203,0,0,0,0,0,0,2,0,0,0,4,0,1,0,0,0,4,0,0,0,3,0,0,0,0,0,0,0,0,0,0,0,0,0,4,0,22,0,0,0,0,0,0,0,2,0,0,0,0,0,8,0,6,0,0,0,0,0,0,0,0,0,0,0,0,0,0,0,0,0,0,0,0,0,0,0,2,0,0,0,0,0,0,0,0,0,0,0,4,0,0,0,0,0,28,0,0,0,0,0,8,0,14,0,36,0,0,0,0,0,0,0,0,0,4,0,36,0,4,0,4,0,3,0,10,0,0,0,14,0,13,0,34,0,0,0,20,19,34,0,0,0,0,0,1,0,0,0,0,0,0,0,0,0,0,0,0,0,0,0,0,0,27,0,0,0,0,0,0,30,32,13,0,0,0,25
0,0,0,0,67,6,0,0,0,0,8,0,241,50,15,0,0,0,156,41,45,0,0,0,0,0,178,118,8,0,118,0,23,0,42,4,50,0,0,0,10,10,40,31,13,16,9,24,3,0,0,0,0,0,3,0,9,0,10,0,0,0,0,0,0,1,0,0,0,0,19,0,0,0,22,0,0,0,0,0,45,0,11,0,0,0,21,0,0,0,0,0,0,0,26,0,0,0,0,0,0,0,0,0,0,0,29,0,0,0,0,0,0,0,0,0,0,0,0,0,0,0,0,0,0,0,0,0,0,0,0,0,0,0,0,0,0,0,0,0,0,0,0,0,0,0,0,0,0,0,0,0,0,0,0,0,0,0,0,0,0,1,0,0,50,0,10,0,32,0,9,0,14,0,0,0,0,6,54,0,0,0,3,0,0,0,49,2,0,0,0,0,0,0,0,0,0,0,0,0,0,0,0,0,0,0,0,0,0,0,104,152,59,31,27,0,2,0,0,0,0,0,0,0,0
0,0,0,3,27,59,0,0,0,0,0,16,118,202,0,0,0,0,154,176,0,31,0,2,0,0,28,114,0,10,0,12,0,34,0,7,13,98,0,1,13,0,12,49,0,18,0,0,0,0,0,0,0,1,0,0,0,0,0,10,0,0,0,10,0,0,0,0,0,3,0,0,0,1,0,14,0,0,0,1,0,50,0,0,0,51,0,4,0,0,0,0,0,3,0,18,0,0,0,29,0,0,0,0,0,0,0,0,0,0,0,0,0,0,0,0,0,0,0,0,0,0,0,0,3,0,2,0,0,0,0,0,0,0,0,0,0,39,0,73,0,119,0,250,0,36,1,0,0,0,4,7,0,12,0,2,0,17,0,3,0,0,0,6,0,34,0,21,0,56,0,14,0,25,0,0,0,0,0,0,0,9,0,2,0,0,0,14,0,0,0,0,0,0,0,34,0,0,0,0,0,0,0,0,0,0,0,0,0,0,0,0,0,0,14,0,0,0,79,44,53,7,2,0,0
0,0,0,0,2,0,120,43,74,147,1,0,0,0,4,0,188,0,11,0,36,0,0,0,115,42,0,0,9,0,3,0,2,0,0,0,8,0,6,0,0,0,2,0,0,0,0,0,0,0,0,0,0,24,162,53,51,0,54,71,19,0,67,13,0,9,8,89,0,0,0,0,0,0,4,0,0,0,0,0,0,0,0,0,37,0,0,0,0,0,0,0,0,0,0,0,44,0,0,0,0,0,0,0,0,0,0,0,0,0,0,0,0,0,0,0,0,0,0,0,6,0,9,0,0,0,0,0,111,0,0,0,0,0,0,0,101,0,162,0,66,0,0,1,0,1,0,0,0,0,0,0,0,0,240,2,38,0,91,1,16,0,0,0,0,0,0,0,0,0,87,1,3,0,0,0,8,4,0,0,0,0,15,2,43,11,0,0,1,0,0,0,0,0,0,0,0,0,0,0,9,0,0,0,0,0,0,0,0,0,21,197,62,0,22,0,9,0,2,4,4,5,0,0,0
0,2,0,1,0,0,33,60,85,196,0,0,0,0,0,8,0,60,0,0,0,31,0,16,6,32,0,0,0,9,0,4,0,0,0,0,0,0,0,0,0,0,0,0,0,0,0,0,0,0,0,1,24,0,85,105,12,59,42,79,0,25,3,84,0,7,14,62,0,0,0,0,0,0,0,0,0,0,0,0,0,0,0,0,0,33,0,0,0,0,0,4,0,0,0,0,0,5,0,5,0,12,0,0,0,0,0,3,0,0,0,0,0,0,0,0,0,0,0,0,0,0,0,0,0,5,0,0,0,36,0,4,0,45,0,33,0,82,0,142,0,21,0,135,0,2,0,0,0,0,0,0,0,0,4,116,0,45,0,77,0,10,0,0,0,0,0,0,0,1,0,1,0,4,0,0,7,64,0,0,0,0,0,24,3,21,0,0,0,0,0,0,0,0,0,0,0,0,0,0,0,0,0,0,0,0,0,0,0,0,0,0,0,0,7,0,0,0,8,4,5,6,0,0,0
6,21,114,0,0,0,160,107,66,351,0,0,0,0,81,0,12,5,0,0,18,0,149,0,368,96,0,0,3,0,0,0,0,0,0,0,0,0,4,0,0,0,4,0,0,0,0,0,11,0,3,0,162,85,0,166,53,0,20,59,28,0,22,34,20,0,0,128,0,0,0,0,0,0,0,0,0,0,0,0,0,0,2,0,0,0,0,0,0,0,0,0,0,0,0,0,0,0,0,0,0,0,0,0,0,0,0,0,0,0,0,0,0,0,0,0,0,0,0,0,0,0,0,0,0,0,0,0,122,0,16,0,10,0,27,0,145,0,5,0,13,0,122,0,0,0,0,0,0,0,0,0,0,0,68,0,62,9,21,0,41,0,0,0,1,0,4,0,3,0,176,0,12,0,0,0,6,7,0,0,0,0,0,8,7,35,0,0,0,0,0,0,0,0,0,0,0,0,0,0,0,0,0,0,0,0,0,0,0,0,172,49,219,250,183,0,83,0,0,0,0,0,0,0,0
0,5,0,19,0,0,92,338,293,82,0,4,0,0,0,99,4,6,0,0,0,0,0,26,30,241,0,0,0,2,0,0,0,0,0,0,0,0,0,0,0,0,0,0,0,6,0,0,0,2,0,0,53,105,166,0,12,151,121,25,8,122,29,76,0,20,52,27,0,0,0,0,0,0,0,0,0,0,0,0,0,0,0,2,0,3,0,0,0,0,0,0,0,0,0,0,0,0,0,0,0,1,0,0,0,0,0,0,0,0,0,0,0,0,0,0,0,0,0,0,0,0,0,0,0,12,0,0,0,11,0,51,0,11,0,71,2,99,0,18,0,5,6,25,0,0,0,0,0,3,0,0,0,0,0,51,0,41,0,13,0,22,0,0,0,8,0,0,0,33,0,178,0,65,0,0,9,9,0,0,0,0,0,5,0,8,0,0,0,0,0,0,0,0,0,0,0,0,0,0,0,0,0,0,0,0,0,0,0,0,0,1,0,0,309,0,0,0,129,30,320,393,9,118,0
0,0,5,0,0,0,9,0,20,0,0,0,0,0,0,0,16,0,0,0,9,0,13,0,13,0,0,0,0,0,0,0,0,0,0,0,0,0,0,0,0,0,13,0,0,0,0,0,10,0,9,0,51,12,53,12,0,18,109,61,7,0,0,0,24,25,9,77,0,0,0,0,1,0,0,0,0,0,0,0,0,0,0,0,0,0,0,0,0,0,0,0,0,0,0,0,0,0,0,0,0,0,0,0,0,0,0,0,0,0,0,0,0,0,0,0,0,0,0,0,0,0,0,0,6,0,0,0,55,0,23,0,0,0,0,0,15,0,2,2,0,0,7,0,4,9,0,0,1,0,0,0,0,0,114,23,151,0,40,0,39,16,53,0,0,0,12,0,19,0,219,0,19,0,1,6,0,0,0,0,0,0,0,0,0,3,0,0,0,0,0,0,0,0,0,0,0,0,0,0,0,0,0,0,0,0,0,0,1,0,297,63,493,524,589,50,119,3,12,0,0,5,0,0,0
0,0,0,5,0,0,0,28,0,26,0,0,0,0,0,0,0,10,0,0,0,0,0,0,0,62,0,0,0,0,0,0,0,0,0,0,0,0,0,0,0,0,0,0,0,0,0,0,0,0,0,0,0,59,0,151,18,0,84,246,0,15,0,13,0,3,53,6,0,3,0,0,0,0,0,0,0,0,0,0,0,0,0,0,0,2,0,0,0,0,0,0,0,0,0,0,0,0,0,0,0,0,0,0,0,0,0,0,0,0,0,0,0,0,0,0,0,0,0,0,0,0,0,0,0,1,0,0,0,17,0,17,0,14,0,18,0,60,0,45,0,4,0,14,0,0,0,0,0,0,0,0,0,0,12,301,1,96,0,119,0,49,0,0,0,9,0,0,0,59,0,420,0,10,0,2,0,0,0,0,0,0,0,0,6,0,0,0,0,0,0,0,0,0,0,0,0,0,0,0,0,4,0,0,0,0,0,0,0,0,0,0,0,0,235,0,0,0,75,9,451,311,9,38,0
0,0,17,0,0,0,35,0,62,45,0,0,0,0,26,0,0,0,0,0,0,0,19,0,33,0,0,0,0,0,0,0,0,0,0,0,0,0,0,0,0,0,14,0,0,0,0,0,13,0,10,0,54,42,20,121,109,84,0,223,28,0,0,0,255,61,152,229,0,0,0,0,0,0,0,0,0,0,0,0,0,0,1,0,0,0,0,0,0,0,0,0,0,0,0,0,0,0,0,0,0,0,0,0,0,0,0,0,0,0,0,0,0,0,0,0,0,0,0,0,0,0,0,0,6,0,0,0,0,0,10,0,0,0,0,0,2,0,0,0,0,0,1,0,0,0,1,0,2,0,0,0,0,0,84,56,232,0,0,6,39,26,0,0,0,0,37,0,11,0,92,0,27,0,0,22,38,0,0,0,0,7,0,0,59,19,0,0,0,0,0,0,0,0,0,0,0,0,0,0,0,0,0,0,0,0,0,0,0,0,658,245,381,641,1148,58,156,4,19,15,0,8,0,0,0
0,47,0,0,0,0,0,47,88,141,0,7,0,0,0,0,0,0,0,0,0,0,0,0,0,0,0,0,0,0,0,0,0,0,0,0,0,0,0,0,0,0,0,0,0,7,0,0,0,4,0,10,71,79,59,25,61,246,223,0,0,120,2,29,0,154,180,217,0,2,0,1,0,0,0,0,0,0,0,0,0,0,0,0,0,0,0,0,0,0,0,0,0,0,0,0,0,0,0,0,0,0,0,0,0,0,0,0,0,0,0,0,0,0,0,0,0,0,0,0,0,0,0,0,0,6,0,0,0,5,0,49,0,0,0,2,0,6,0,8,0,0,0,0,0,91,0,0,0,0,0,0,0,0,71,260,3,499,0,71,0,12,0,43,0,9,0,0,0,60,0,254,0,29,0,28,4,0,0,0,0,0,0,0,33,5,0,0,0,0,0,0,0,0,0,0,0,0,0,0,0,0,0,0,0,0,0,0,0,0,0,4,1,0,1309,0,0,0,884,206,829,860,37,143,1
159,18,78,0,1,0,429,0,299,0,0,0,1,0,0,0,13,0,0,0,0,0,0,0,87,23,0,0,0,0,12,0,2,0,0,0,27,0,4,0,0,0,3,0,0,0,0,0,0,0,0,0,19,0,28,8,7,0,28,0,0,0,19,3,0,0,5,0,0,0,5,0,0,0,21,0,0,0,0,0,0,0,0,0,0,0,6,0,0,0,0,0,0,0,0,0,0,0,0,0,0,0,0,0,0,0,0,0,0,0,0,0,0,0,0,0,0,0,0,0,0,0,6,0,0,0,0,0,0,0,0,0,0,0,0,0,9,0,293,0,51,0,0,0,67,0,0,0,0,0,0,0,0,0,79,0,111,0,9,0,0,0,4,0,0,0,0,0,0,0,48,0,63,0,0,0,84,13,0,0,0,0,57,0,20,0,0,0,0,0,0,0,0,0,0,0,0,0,0,0,0,0,0,0,0,0,0,0,0,0,7,190,20,6,10,0,0,0,0,0,0,0,0,0,0
30,168,0,10,0,1,0,365,0,322,0,0,0,0,0,0,11,21,0,0,0,0,0,0,22,103,0,0,0,7,0,0,0,0,0,0,0,22,0,9,0,0,0,0,0,4,0,0,0,1,0,0,0,25,0,122,0,15,0,120,0,0,0,24,0,0,0,10,0,0,0,0,0,2,0,0,0,0,0,0,0,0,0,0,0,0,0,1,0,0,0,0,0,0,0,0,0,0,0,0,0,0,0,0,0,0,0,0,0,0,0,0,0,0,0,0,0,0,0,0,0,1,0,1,0,0,0,0,0,0,0,0,0,0,0,0,0,0,0,79,0,33,0,0,0,114,0,0,0,0,0,0,0,0,0,64,0,114,0,28,0,0,0,3,0,0,0,0,0,0,0,14,0,43,0,0,12,245,0,0,0,0,0,166,0,19,0,0,0,0,0,0,0,0,0,0,0,0,0,0,0,0,0,0,0,0,0,0,0,0,0,0,3,0,0,0,0,0,7,14,3,0,0,1,0
45,27,65,0,0,0,284,66,89,95,0,0,0,0,1,0,225,8,0,0,28,0,11,0,376,75,0,0,38,0,8,0,7,0,0,0,14,0,17,0,0,0,13,0,6,0,0,0,0,0,0,0,67,3,22,29,0,0,0,2,19,0,0,10,0,0,0,0,0,0,0,0,0,0,0,0,0,0,0,0,0,0,0,0,7,0,4,0,0,0,0,0,0,0,0,0,0,0,0,0,0,0,0,0,0,0,0,0,0,0,0,0,0,0,0,0,0,0,0,0,6,0,13,0,0,0,0,0,29,0,0,0,0,0,0,0,21,0,60,0,17,0,0,0,0,0,0,0,0,0,0,0,0,0,88,0,42,0,11,0,0,0,1,0,0,0,0,0,0,0,2,0,2,0,0,0,28,13,0,0,0,0,16,0,0,0,0,0,0,0,0,0,0,0,0,0,0,0,0,0,0,0,0,0,0,0,0,0,0,0,1,123,0,0,6,0,0,0,0,1,0,3,0,0,0
19,61,0,0,0,0,50,395,35,329,0,0,0,0,0,10,7,125,0,34,0,131,0,21,33,123,0,37,0,45,0,7,0,5,0,27,0,41,0,0,0,0,0,0,0,11,0,0,0,0,0,10,13,84,34,76,0,13,0,29,3,24,10,0,0,0,0,11,0,0,0,0,0,0,0,0,0,0,0,0,0,2,0,0,0,0,0,1,0,0,0,0,0,0,0,0,0,0,0,2,0,0,0,0,0,0,0,0,0,0,0,0,0,0,0,0,0,0,0,0,0,0,0,0,0,0,0,0,1,0,0,0,0,0,0,0,0,24,0,56,0,13,0,11,0,16,0,0,0,0,0,0,0,0,1,69,0,27,0,32,0,3,0,3,0,0,0,0,1,0,0,5,2,4,0,0,0,125,0,0,0,0,0,64,0,0,0,0,0,0,0,0,0,0,0,0,0,0,0,0,0,0,0,0,0,0,0,0,0,0,0,1,0,0,6,0,0,0,10,8,0,3,0,0,0
13,0,6,0,14,0,25,0,248,0,12,0,0,0,7,0,0,0,0,0,0,0,0,0,0,0,0,0,0,0,0,0,0,0,0,0,0,3,0,0,0,0,0,0,0,0,0,0,0,0,0,0,0,0,20,0,24,0,255,0,0,0,0,0,0,60,108,0,0,0,0,0,0,0,0,0,0,0,0,0,0,0,0,0,0,0,0,0,0,0,0,0,0,0,0,0,0,0,0,0,0,1,0,0,0,0,0,1,0,0,0,0,0,0,0,0,0,0,0,0,0,0,0,0,27,0,5,0,1,0,15,0,0,0,0,0,0,0,11,10,0,0,0,0,36,30,16,0,38,0,5,0,0,0,11,12,24,0,0,0,149,98,10,3,0,0,0,0,0,0,0,0,4,0,31,13,0,0,0,0,94,82,0,0,126,4,0,0,0,0,0,0,0,0,0,0,0,0,0,0,0,0,0,0,0,0,0,0,1,0,46,2,0,0,86,0,0,0,0,0,0,0,0,0,0
0,98,0,0,0,15,0,79,12,233,0,19,0,0,0,13,0,0,0,69,0,0,0,0,0,0,0,47,0,0,0,0,0,0,0,0,0,1,0,6,0,2,0,2,0,0,0,0,0,4,1,0,9,7,0,20,25,3,61,154,0,0,0,0,60,0,18,511,0,0,2,7,0,2,0,0,0,0,0,0,0,0,0,0,0,0,0,0,0,0,0,0,0,0,0,1,0,0,0,0,0,0,0,0,0,0,0,0,0,0,0,0,0,0,0,0,0,0,0,0,0,0,0,0,0,55,0,9,0,0,32,70,0,1,0,0,0,0,38,0,0,0,0,0,63,140,0,18,0,123,0,7,0,6,78,24,0,52,70,12,163,245,0,61,0,0,0,0,0,0,0,11,0,0,3,51,0,0,0,11,18,109,0,8,0,83,0,0,0,0,0,0,0,0,0,0,0,1,0,3,0,0,0,0,0,0,0,0,0,4,3,0,0,0,124,1,0,0,125,16,62,0,0,0,0
21,0,6,0,0,0,21,5,318,26,7,0,4,0,0,0,0,0,0,0,0,0,0,0,0,2,0,0,0,0,0,0,0,0,0,0,0,0,0,0,0,0,3,0,0,0,4,0,0,0,0,0,8,14,0,52,9,53,152,180,5,0,0,0,108,18,0,114,0,0,0,0,0,0,0,0,0,0,0,0,0,0,0,0,0,0,0,0,0,0,0,0,0,0,0,0,0,0,0,0,0,0,0,0,0,0,0,0,0,0,0,0,0,0,0,0,0,0,0,0,0,0,0,0,1,0,0,0,1,0,11,0,0,0,0,0,0,0,0,0,0,0,0,0,0,8,0,0,6,0,0,0,0,0,5,36,17,0,0,15,41,0,0,0,0,0,0,0,0,0,0,0,0,0,6,24,71,0,0,0,0,17,0,0,181,6,0,0,0,0,0,0,0,0,0,0,0,0,0,0,0,0,0,0,0,0,0,0,0,0,51,30,7,0,115,0,6,0,0,15,3,0,0,0,0
0,14,0,0,0,0,0,25,61,166,0,0,0,0,0,0,0,0,0,0,0,0,0,0,0,0,0,0,0,0,0,0,0,0,0,0,0,0,0,0,0,0,0,0,0,2,0,0,0,0,0,0,89,62,128,27,77,6,229,217,0,10,0,11,0,511,114,0,0,0,0,0,0,0,0,0,0,1,0,0,0,0,0,0,0,0,0,0,0,0,0,0,0,0,0,0,0,0,0,0,0,0,0,0,0,0,0,0,0,0,0,0,0,0,0,0,0,0,0,0,0,0,0,0,0,3,0,0,0,0,0,18,0,0,0,0,0,0,0,3,0,0,0,0,0,51,0,0,0,11,0,0,0,0,48,44,8,85,6,17,5,10,0,29,0,1,0,0,0,3,0,19,0,0,0,53,14,9,0,0,0,0,1,0,22,72,0,0,0,0,0,0,0,0,0,0,0,0,0,0,0,0,0,0,0,0,0,1,0,1,0,5,0,0,140,0,0,0,131,75,73,95,2,7,0
0,0,0,0,0,0,0,0,0,0,0,0,0,0,0,0,0,0,0,0,0,0,0,0,0,0,0,0,0,0,0,0,0,0,0,0,0,0,0,0,0,0,2,1,0,0,0,0,6,0,0,0,0,0,0,0,0,0,0,0,0,0,0,0,0,0,0,0,0,0,0,0,9,0,0,0,112,0,35,0,14,1,13,0,0,0,12,0,8,0,0,0,9,0,0,0,0,0,26,0,10,0,117,0,0,0,16,0,51,0,1,0,10,0,6,0,2,0,0,0,0,0,0,0,0,6,0,0,0,0,0,1,0,0,0,0,2,0,0,0,0,0,0,0,0,0,0,0,0,0,2,0,3,0,0,0,0,0,0,0,0,0,0,0,23,0,0,0,86,0,5,0,0,0,0,0,0,0,0,0,0,0,0,0,0,0,0,0,0,0,0,0,0,0,16,0,7,0,0,0,0,0,0,0,0,0,0,0,0,0,98,0,47,0,9,35,48,0,0,0,0,0,0,0,0
0,0,0,0,0,0,0,0,0,0,0,0,0,0,0,0,0,0,0,0,0,0,0,0,0,0,0,1,0,0,0,0,0,0,0,0,0,0,0,0,0,1,0,0,0,14,0,0,0,3,0,3,0,0,0,0,0,3,0,2,0,0,0,0,0,0,0,0,0,0,0,0,0,6,0,0,0,59,0,0,0,8,0,37,0,0,0,10,0,4,0,0,0,8,0,26,0,2,0,0,0,1,0,60,0,0,0,7,0,9,0,7,0,4,0,1,0,0,0,0,0,0,0,0,1,0,0,4,0,0,0,0,0,0,0,0,0,0,0,0,0,0,0,0,0,0,0,1,0,0,0,0,0,0,0,0,0,0,0,0,0,0,0,0,0,21,0,0,0,38,0,2,0,0,0,0,0,0,0,0,0,8,0,0,0,0,0,0,0,12,0,0,0,8,0,36,0,4,0,0,0,0,0,0,0,0,0,0,0,0,0,0,0,0,13,0,0,0,40,12,65,0,20,97,1
0,0,0,0,0,0,0,0,0,0,2,0,0,0,0,0,9,0,0,0,48,0,0,0,0,0,85,0,5,0,0,0,0,0,10,0,79,0,23,0,0,0,18,0,58,0,0,0,0,0,19,0,0,0,0,0,0,0,0,0,5,0,0,0,0,2,0,0,0,0,0,0,198,0,290,0,10,0,238,0,12,0,5,0,0,0,38,0,0,0,0,0,0,0,0,0,0,0,0,0,0,0,0,0,0,0,0,0,0,0,0,0,0,0,0,0,0,0,0,0,22,0,2,0,30,0,8,0,21,8,0,16,13,0,0,1,32,0,5,0,32,0,17,0,90,0,0,0,97,0,34,0,0,0,0,0,11,0,0,0,9,5,62,0,0,0,17,0,35,2,28,0,47,0,61,0,0,0,0,0,60,17,0,0,9,0,0,0,0,0,0,0,0,0,0,0,0,0,0,0,0,0,0,0,0,0,0,0,0,0,26,0,13,0,0,0,4,0,0,0,0,0,0,0,0
0,0,0,0,0,0,0,0,0,0,0,0,0,0,0,0,0,0,0,0,0,0,0,0,0,0,0,0,0,0,0,0,0,0,0,0,0,0,0,0,0,0,0,12,0,7,0,0,0,0,0,0,0,0,0,0,0,0,0,1,0,0,0,0,0,7,0,0,0,0,0,0,1,79,0,112,0,8,1,4,0,0,0,0,0,0,0,51,0,0,0,0,0,0,0,0,1,0,0,0,0,0,0,0,0,0,0,0,0,0,0,0,0,0,0,0,0,0,0,0,0,6,0,4,15,75,0,44,15,0,0,35,4,49,0,0,0,13,0,1,0,20,0,8,11,73,0,38,36,79,0,57,0,0,0,0,0,7,0,1,17,8,0,48,0,0,0,7,0,9,0,9,0,5,0,65,0,0,0,0,11,93,0,0,0,0,0,0,0,0,0,0,0,0,0,0,0,0,0,0,0,0,0,0,0,0,0,0,0,22,0,0,0,0,5,0,0,0,13,4,20,0,0,2,0
0,0,0,0,0,0,0,0,0,0,0,0,0,0,0,0,0,0,0,0,0,0,0,0,0,0,0,0,0,0,0,0,0,0,0,0,0,0,0,0,0,0,0,0,0,0,0,0,0,0,0,0,0,0,0,0,1,0,0,0,0,0,0,0,0,0,0,0,9,0,198,1,0,0,87,0,28,0,212,0,0,0,14,0,0,0,9,0,0,0,0,0,8,0,0,0,0,0,0,0,1,0,6,0,0,0,0,0,0,0,0,0,0,0,0,0,0,0,0,0,14,0,6,0,62,9,21,0,53,0,35,9,50,1,95,0,55,0,13,0,55,0,0,0,85,0,27,2,33,0,51,0,19,0,0,0,0,0,0,0,0,0,48,0,0,0,0,0,12,0,0,0,0,0,13,0,0,0,0,0,21,12,0,0,0,0,0,0,0,0,0,0,0,0,0,0,24,0,0,0,50,0,80,0,0,0,152,0,110,0,127,0,11,0,23,0,3,0,0,0,0,0,0,0,0
0,0,0,0,0,0,0,0,0,0,0,0,0,0,0,0,0,0,0,0,0,0,0,0,0,0,0,0,0,0,0,0,0,0,0,0,0,0,0,0,0,0,0,2,0,0,0,0,0,0,0,1,0,0,0,0,0,0,0,0,0,2,0,0,0,2,0,0,0,6,0,79,0,0,0,288,0,103,0,12,0,7,0,41,0,34,0,66,0,0,0,0,0,0,0,0,0,0,0,3,0,0,0,0,0,0,12,0,0,0,0,0,0,0,0,0,0,0,0,0,0,26,0,27,0,58,0,70,0,0,14,17,1,32,3,71,0,9,5,0,0,15,0,13,0,33,12,57,0,40,0,0,0,0,0,0,0,0,4,0,5,3,0,83,0,0,0,0,0,3,0,0,0,0,0,37,0,0,0,0,24,85,0,0,0,9,0,0,0,77,0,0,0,0,0,0,0,0,0,0,0,56,0,0,0,0,0,0,0,96,0,0,0,0,11,0,0,0,34,0,17,0,0,0,0
0,0,0,0,0,0,0,0,0,0,0,0,0,0,0,0,21,0,0,0,58,0,0,0,0,0,76,0,22,0,7,0,2,0,0,0,60,0,22,0,0,0,23,0,48,0,0,0,0,0,22,0,4,0,0,0,0,0,0,0,21,0,0,0,0,0,0,0,0,0,290,0,87,0,0,4,12,0,145,2,13,0,11,0,17,0,55,2,0,0,0,0,0,0,10,0,5,0,14,0,3,0,0,0,0,0,0,0,0,0,0,0,0,0,0,0,0,0,0,0,105,0,21,0,43,20,23,3,5,0,0,27,0,0,55,0,31,0,11,0,83,0,110,0,105,0,25,6,78,0,33,0,42,0,0,0,19,0,0,0,0,0,31,0,0,0,0,0,0,0,22,0,28,0,103,0,0,0,0,0,101,17,0,0,0,0,0,0,6,0,0,0,0,0,0,0,7,0,43,0,33,0,40,0,0,0,56,0,51,0,31,0,4,0,7,0,2,0,0,0,0,0,0,0,0
0,1,0,1,0,0,0,0,0,0,0,1,0,0,0,0,0,1,0,0,0,0,0,0,1,0,0,0,0,0,0,0,0,0,0,0,0,0,0,0,0,0,0,0,0,0,0,0,0,0,0,14,0,0,0,0,0,0,0,0,0,0,0,0,0,0,0,0,0,0,0,112,0,288,4,0,0,16,0,41,0,7,0,7,0,18,0,165,0,0,0,0,0,0,4,0,3,0,0,0,0,1,0,0,0,0,0,0,0,0,0,0,0,0,0,0,0,0,0,0,1,132,0,50,45,94,0,159,39,0,60,30,6,55,0,148,1,34,14,0,0,47,2,42,0,128,0,81,50,91,32,155,0,102,0,0,0,6,0,0,0,4,0,110,0,0,0,8,0,22,0,16,0,13,0,86,0,0,0,0,32,134,0,0,0,25,0,0,0,0,0,0,2,0,0,0,0,0,0,54,0,30,0,43,0,0,0,149,0,150,14,0,0,11,0,0,0,0,22,0,24,0,0,0,0
0,0,0,0,0,0,1,0,0,0,0,0,0,0,0,0,0,0,0,0,0,0,0,0,0,0,0,0,0,0,0,0,0,0,0,0,0,0,0,0,0,0,0,0,0,0,0,0,0,0,0,0,0,0,0,0,0,0,0,0,0,0,0,0,0,0,0,0,112,0,10,0,28,0,12,0,0,0,27,0,0,0,16,0,16,0,11,0,0,0,0,0,4,0,0,0,0,0,0,0,0,0,46,0,12,0,0,0,8,0,0,0,0,0,8,0,3,0,0,0,7,0,0,0,0,10,0,0,0,0,0,0,0,0,0,0,4,0,0,0,0,0,0,0,7,0,0,2,0,0,0,0,0,0,0,0,0,0,0,0,0,0,0,0,8,0,0,0,36,0,3,0,0,0,0,0,0,0,0,0,16,3,0,0,0,0,0,0,123,0,0,0,81,0,35,0,20,0,0,0,0,0,0,0,0,0,0,0,0,0,65,0,26,0,3,10,3,0,1,0,0,0,0,0,0
0,0,0,0,0,0,0,0,0,0,0,0,0,0,0,3,0,0,0,4,0,0,0,0,0,0,0,0,0,0,0,0,0,0,0,0,0,0,0,0,0,0,0,0,0,21,0,0,0,0,0,0,0,0,0,0,0,0,0,0,0,0,0,0,0,0,0,1,0,59,0,8,0,103,0,16,0,0,0,1,0,47,0,196,0,29,0,61,0,8,0,0,0,35,0,61,0,8,0,17,0,13,0,78,0,0,2,0,0,0,0,1,0,3,0,0,0,12,0,0,0,5,0,3,9,0,7,4,0,0,0,0,4,0,0,0,0,0,0,0,2,0,0,0,0,0,8,5,2,0,0,0,0,22,0,0,0,0,0,0,0,0,0,0,0,21,0,0,0,57,0,0,0,0,0,3,0,0,0,0,0,0,0,1,0,0,0,0,0,0,0,0,0,0,0,95,0,15,0,0,0,21,0,0,0,0,0,0,0,0,0,0,0,0,27,0,0,0,66,11,74,1,13,0,0
0,0,0,0,0,0,0,0,0,0,0,0,0,0,0,0,0,0,0,0,0,0,0,0,0,0,0,0,0,0,0,0,0,0,0,0,0,0,0,0,0,0,0,0,0,0,0,0,2,0,0,0,0,0,0,0,0,0,0,0,0,0,0,0,0,0,0,0,35,0,238,1,212,0,145,0,27,0,0,0,37,0,54,0,53,0,53,0,0,0,0,0,27,0,0,0,0,0,9,0,0,2,14,0,0,0,8,0,6,0,0,0,0,0,1,0,1,0,0,0,91,0,22,0,0,0,0,0,0,0,0,9,8,0,115,0,46,0,2,1,39,0,171,0,35,1,0,3,0,0,0,0,0,0,0,0,0,0,0,0,0,0,10,0,0,0,0,0,35,0,3,0,0,0,34,0,1,0,0,0,48,0,0,0,0,0,0,0,193,0,0,0,257,0,43,0,48,0,148,0,189,0,0,0,99,0,0,0,113,0,157,3,13,0,26,0,3,0,0,0,0,0,0,0,0
