0,153,47,151,15,13,182,91,84,35,176,20,74,0,4,75,13,44,3,0,0,0,32,82,39,251,1,0,40,0,0,0,150,0,4,0,27,0,208,0,4,0,2,0,0,1,0,0,0,0,0,0,0,0,11,10,0,0,3,0,26,0,38,20,9,0,4,0,0,0,0,0,0,0,0,0,0,0,0,0,0,1,0,0,0,0,0,0,0,0,0,0,0,0,0,0,0,0,0,0,0,0,0,0,0,0,0,0,0,0,0,0,0,0,0,0,0,0,0,0,0,0,0,0,23,0,0,0,0,0,3,0,0,0,0,0,0,0,0,0,0,0,0,1,1,0,9,0,37,0,5,0,0,0,0,0,0,0,0,0,4,0,0,0,0,0,6,0,0,0,0,0,69,0,0,0,194,63,10,0,5,0,33,12,19,0,6,0,0,0,0,0,0,0,0,0,3,0,0,0,0,0,0,0,0,0,0,0,0,0,0,1,0,0,48,0,0,0,19,1,0,0,0,0,0,0,175,13,65,0,151,0,0,0,18,0,48,5,58,0,32,0,67,0,228,0,0,0,0
153,0,117,64,44,245,33,12,17,67,18,204,0,84,19,167,36,10,0,187,0,55,187,116,131,16,0,108,0,13,0,0,0,56,0,13,0,177,0,131,0,55,0,0,1,7,0,13,0,1,0,0,0,14,0,37,1,7,1,0,0,200,6,180,0,94,0,18,0,0,0,21,0,0,0,0,0,0,0,0,0,32,0,0,0,31,0,28,0,0,0,0,0,0,0,0,0,0,0,0,0,0,0,0,0,0,0,0,0,0,0,0,0,0,0,0,0,0,0,0,0,19,0,18,0,0,0,0,0,0,0,0,0,0,0,0,0,35,0,0,0,0,0,5,0,0,0,0,0,17,0,0,0,102,0,12,0,33,0,0,0,5,0,0,0,9,0,7,0,13,0,37,4,135,0,38,29,226,0,2,0,21,0,94,0,120,0,4,0,0,0,0,0,0,1,0,0,1,0,0,0,0,0,0,0,0,0,0,0,13,0,0,0,0,0,51,0,0,0,0,0,166,0,21,0,29,7,234,0,157,0,158,2,275,0,31,0,47,0,68,0,0,0,63,0,191,0,0,0
47,117,0,71,172,16,111,56,19,29,96,51,286,0,77,70,33,0,95,0,33,0,142,71,81,150,83,0,175,0,31,0,81,0,0,0,18,6,174,0,182,0,0,0,56,0,8,0,32,0,0,0,0,0,32,12,11,0,10,0,0,0,30,0,5,0,4,3,0,0,12,0,0,0,0,0,0,0,0,0,0,0,0,0,0,0,0,0,0,0,0,0,0,0,0,0,0,0,0,0,0,0,0,0,0,0,0,0,0,0,0,0,0,0,0,0,0,0,0,0,0,0,0,3,72,0,15,0,2,0,39,0,0,0,48,0,26,0,0,0,0,0,0,0,0,0,65,0,107,0,19,0,12,0,0,0,0,0,0,0,32,0,0,0,0,0,93,0,39,0,4,0,131,0,9,0,30,47,14,0,0,0,12,11,32,0,16,0,0,0,0,0,0,0,0,0,3,0,0,0,17,0,0,0,0,0,0,0,13,0,0,0,0,0,57,0,0,0,47,0,105,0,24,0,40,0,117,2,175,0,192,0,0,0,20,0,38,9,66,0,38,0,74,0,375,2,0,0,0
151,64,71,0,41,36,11,135,8,41,46,4,0,0,28,199,15,4,0,151,0,74,107,181,41,32,0,18,2,41,0,21,3,142,0,5,0,114,5,175,0,0,0,0,0,7,0,0,0,3,0,6,0,0,0,125,1,16,0,57,0,38,0,51,0,9,0,17,0,0,0,0,0,2,0,0,0,0,0,0,0,0,0,0,0,50,0,0,0,0,0,0,0,0,0,0,0,41,0,23,0,0,0,0,0,0,0,0,0,0,0,0,0,0,0,0,0,0,0,0,0,6,0,2,0,0,0,0,0,0,0,0,0,0,0,37,0,61,0,28,0,24,0,48,0,3,3,0,0,0,0,0,0,9,0,0,0,0,0,0,1,2,0,0,0,8,0,29,0,0,0,0,0,42,0,6,12,68,1,0,0,5,0,7,0,3,0,0,0,0,0,0,0,0,0,0,0,0,0,0,0,4,0,0,0,0,0,0,0,0,0,0,0,0,0,8,0,0,0,0,2,327,0,14,0,15,0,101,0,81,0,155,1,259,0,25,0,64,0,53,0,17,0,42,2,130,0,0,0
15,44,172,41,0,160,0,0,9,5,26,128,166,58,122,257,11,0,82,161,156,116,70,101,12,0,24,23,13,0,73,30,46,0,83,20,35,27,13,0,42,0,0,0,6,0,0,0,10,0,59,0,2,0,4,0,6,0,4,1,0,0,3,0,2,0,0,0,0,0,0,0,0,0,0,0,0,0,1,0,0,0,0,0,0,0,0,0,0,0,0,0,0,0,0,0,0,0,0,0,0,0,0,0,0,0,0,0,0,0,0,0,0,0,0,0,0,0,0,0,0,0,0,0,0,0,0,0,0,0,0,0,1,0,0,0,0,0,1,0,0,0,0,0,0,0,0,0,0,0,0,0,0,0,0,0,0,0,0,0,0,0,0,0,8,0,104,0,0,0,0,0,58,0,0,0,102,75,88,4,0,0,9,0,10,0,5,0,0,0,1,0,0,0,1,0,0,0,0,0,0,0,0,0,0,0,0,0,0,0,6,0,0,0,24,0,0,0,33,5,117,2,11,0,47,3,168,12,119,0,154,0,0,0,0,1,33,0,0,0,27,0,39,0,220,0,0,0,0
13,245,16,36,160,0,0,14,0,24,110,83,71,31,168,128,0,0,111,351,97,163,57,50,0,3,0,125,0,0,29,57,0,42,16,58,6,74,0,14,0,40,0,0,0,11,0,8,0,3,0,31,0,0,0,0,0,3,0,0,0,0,0,0,0,0,0,5,0,0,2,6,0,4,0,0,0,0,0,0,0,0,0,0,0,0,0,0,0,0,0,0,0,0,0,0,0,2,0,0,0,0,0,0,0,0,0,0,0,0,0,0,0,0,0,0,0,0,0,1,0,0,0,0,0,0,0,0,0,0,0,0,0,0,0,0,0,7,0,0,0,0,0,0,0,6,0,0,0,0,0,0,0,10,0,0,0,0,0,0,0,0,0,0,0,8,0,41,0,9,0,8,0,22,0,9,34,259,0,23,0,0,0,7,0,8,0,6,0,0,0,0,0,0,0,0,0,0,0,0,0,0,0,0,0,0,0,0,0,0,0,0,0,0,1,6,0,0,0,33,0,175,0,0,0,71,0,279,0,76,0,155,0,230,0,20,0,60,0,34,0,19,0,0,0,121,0,0,0
182,33,111,11,0,0,0,74,27,187,73,0,35,0,5,0,24,17,2,0,4,0,13,8,127,206,0,0,34,0,0,0,0,0,0,0,0,0,102,0,7,0,0,0,0,0,0,0,14,0,5,0,59,13,210,110,53,0,87,0,103,0,341,66,32,0,132,41,0,0,0,0,0,0,0,0,0,0,0,0,0,0,0,0,0,0,0,0,0,0,0,0,0,0,0,0,0,0,0,0,0,0,0,0,0,0,0,0,0,0,0,0,0,0,0,0,0,0,0,0,0,0,0,0,133,1,0,1,0,0,185,0,0,0,27,0,0,0,0,0,0,0,0,0,0,0,25,0,87,0,0,0,6,0,4,1,0,0,0,0,45,1,3,0,0,0,0,0,0,0,17,0,128,0,3,0,42,33,3,0,0,0,20,49,8,12,0,0,0,0,0,0,0,0,1,0,0,0,0,0,0,0,0,0,0,0,0,0,9,0,0,0,0,0,117,0,0,0,87,2,0,6,67,0,83,0,169,0,154,0,194,0,0,1,28,0,45,0,166,0,96,0,127,0,406,0,0,0,0
91,12,56,135,0,14,74,0,74,174,0,0,0,0,0,149,47,21,0,51,0,21,29,40,137,74,0,0,0,40,0,0,0,30,0,0,0,41,12,69,0,0,0,0,0,1,0,0,0,0,0,0,0,7,0,388,0,35,0,92,8,73,41,217,0,9,0,25,0,0,0,0,0,0,0,0,0,0,0,0,0,7,0,0,0,39,0,0,0,0,0,0,0,0,0,0,0,0,0,0,0,0,0,0,0,0,0,0,0,0,0,0,0,0,0,0,0,0,0,0,0,5,0,2,0,0,0,0,0,0,0,7,0,7,0,0,0,73,0,44,0,0,0,46,0,0,0,0,0,4,0,0,0,4,0,5,0,6,0,1,0,0,0,0,0,6,0,4,0,8,0,14,0,38,0,0,21,23,0,0,0,0,0,32,0,1,0,0,0,0,0,0,0,0,0,0,0,0,0,0,0,0,0,0,0,0,0,0,0,0,0,0,0,0,2,43,0,0,0,0,0,210,0,22,0,0,3,55,4,80,0,81,0,214,1,29,0,26,0,50,0,19,2,21,0,149,0,0,0
84,17,19,8,9,0,27,74,0,232,17,0,12,0,0,0,29,8,0,0,0,1,3,0,63,97,0,0,7,0,0,0,3,0,0,0,2,0,63,0,0,0,0,0,4,0,0,0,0,0,4,0,133,58,171,438,259,44,312,0,238,0,537,149,43,0,178,147,0,0,0,0,0,0,0,0,0,0,0,0,0,0,0,0,0,0,0,0,0,0,0,0,0,0,0,0,0,0,0,0,0,0,0,0,0,0,0,0,0,0,0,0,0,0,0,0,0,0,0,0,0,0,0,0,41,0,2,0,0,0,20,0,0,0,2,0,0,4,1,0,0,0,0,0,0,0,29,0,95,0,0,0,16,0,0,0,0,0,1,0,9,0,0,0,12,0,0,0,14,0,76,4,159,0,3,0,318,59,4,0,0,0,36,25,73,49,0,0,0,0,0,0,0,0,0,0,1,0,0,0,0,0,0,0,0,0,0,0,2,0,0,0,0,1,94,0,0,0,47,3,71,0,35,2,32,0,278,2,89,0,147,0,118,0,24,0,44,3,160,0,65,0,162,0,323,0,0,0,0
35,67,29,41,5,24,187,174,232,0,0,31,0,0,0,96,31,20,0,35,0,21,16,41,165,101,0,0,0,9,0,0,0,19,0,0,0,19,0,38,0,0,0,0,0,2,0,0,2,0,0,4,22,101,109,422,0,31,14,111,0,122,88,395,0,141,10,174,0,0,0,12,0,0,0,0,0,0,0,0,0,0,0,0,0,30,0,0,0,0,0,0,0,0,0,0,0,0,0,0,0,0,0,0,0,0,0,0,0,0,0,0,0,0,0,0,0,0,0,0,0,0,0,11,0,30,0,18,2,0,0,33,0,9,0,53,0,98,0,10,0,6,0,0,0,6,3,36,0,117,0,22,0,23,0,10,0,34,0,0,2,6,0,7,0,4,0,2,0,0,1,123,3,100,2,9,58,119,0,0,0,0,0,72,0,43,0,0,0,1,0,0,0,0,0,0,0,0,0,0,0,3,0,0,0,0,0,0,0,30,0,0,0,0,1,192,0,0,4,17,0,290,1,66,0,47,9,177,10,200,0,165,3,451,2,73,0,31,1,173,0,75,3,66,6,409,0,0,0
176,18,96,46,26,110,73,0,17,0,0,58,121,3,54,246,0,0,1,39,35,48,5,95,0,0,0,0,0,0,25,9,29,16,0,0,20,11,3,0,33,0,0,0,2,0,0,0,18,0,0,1,0,0,3,0,0,0,0,0,0,0,0,0,3,0,3,0,0,0,0,0,0,0,0,0,0,0,0,0,1,0,0,0,0,0,0,0,0,0,0,0,0,0,0,0,0,0,0,0,0,0,0,0,0,0,0,0,0,0,0,0,0,0,0,0,0,0,0,0,0,0,0,0,28,0,0,0,0,0,22,0,0,0,7,0,0,0,0,0,0,0,0,0,1,0,21,0,54,0,0,0,0,0,0,0,0,0,0,0,3,0,0,0,0,0,18,0,20,0,0,0,32,0,0,0,184,41,67,2,3,0,17,0,4,0,7,0,0,0,0,0,0,0,0,0,2,0,0,0,6,0,0,0,0,0,0,0,0,0,3,0,0,0,9,0,0,0,4,0,46,1,0,0,15,2,82,14,66,0,109,0,0,0,0,0,15,4,14,0,11,0,26,0,114,0,0,0,0
20,204,51,4,128,83,0,0,0,31,58,0,18,133,148,72,5,0,15,82,82,105,105,54,0,0,0,64,0,0,0,45,7,52,0,38,0,111,0,26,3,139,0,5,0,14,0,0,0,18,0,40,0,1,0,2,0,0,1,0,0,2,0,0,0,0,0,3,0,0,0,10,0,0,0,0,0,0,0,6,0,0,0,0,0,2,0,0,0,0,0,0,0,0,0,0,0,0,0,0,0,0,0,0,0,0,0,0,0,0,0,0,0,0,0,0,0,0,0,0,0,0,0,0,0,0,0,0,0,0,0,0,0,0,0,0,0,0,0,2,0,0,0,0,0,0,0,0,0,0,0,0,0,10,0,0,0,0,0,0,0,0,0,3,0,0,4,15,0,0,0,3,0,19,0,17,16,269,0,21,0,11,0,7,0,18,0,29,0,0,0,0,0,0,0,0,0,0,0,0,0,1,0,0,0,0,0,0,0,1,0,0,0,0,0,8,0,0,0,0,0,52,0,0,0,31,0,182,0,34,0,87,1,97,1,0,0,26,0,20,0,16,0,0,0,54,0,0,0
74,0,286,0,166,71,35,0,12,0,121,18,0,153,79,54,18,0,103,402,114,107,51,9,0,0,129,150,0,1,20,18,7,0,110,17,0,0,0,0,54,93,82,5,31,9,0,22,27,1,222,36,0,0,4,0,0,0,0,0,0,0,4,0,3,0,1,0,0,0,0,0,1,0,0,0,0,1,0,0,0,0,0,0,0,0,0,0,0,0,0,0,0,0,0,2,0,0,0,0,0,0,0,0,0,0,0,0,0,0,0,0,0,0,0,0,0,0,0,0,0,0,0,0,20,0,0,0,0,0,13,0,1,0,0,0,0,0,0,0,0,0,0,0,0,0,0,0,20,0,0,0,0,0,0,0,0,0,0,0,0,0,0,0,16,4,7,0,0,0,0,0,0,0,7,0,114,88,25,0,14,0,16,0,23,0,42,2,0,0,0,0,0,0,0,0,0,0,0,0,0,0,0,0,0,0,0,0,0,0,0,0,0,0,3,0,0,0,143,32,0,0,16,0,72,6,65,5,14,0,0,0,0,0,0,0,14,0,8,0,9,0,11,0,0,0,0,0,0
0,84,0,0,58,31,0,0,0,0,3,133,153,0,31,0,0,0,300,33,98,71,0,0,0,0,156,17,0,0,7,31,0,0,25,124,0,73,0,0,30,131,22,51,4,15,0,18,0,10,48,173,0,0,0,0,0,0,0,0,0,0,0,0,0,0,0,0,0,0,0,0,0,0,0,0,0,0,0,0,0,0,1,0,0,0,0,0,0,0,0,0,0,0,0,0,0,0,0,0,0,0,0,0,0,0,0,0,0,0,0,0,0,0,0,0,0,0,0,0,0,0,0,2,0,0,0,0,0,0,0,0,0,0,0,0,0,0,0,0,0,0,0,0,0,0,0,0,0,0,0,0,0,0,0,0,0,1,0,0,0,3,0,2,0,0,0,13,0,5,0,1,0,0,0,10,16,257,0,17,0,0,0,2,0,4,9,49,0,0,0,0,0,0,0,0,0,0,0,0,0,0,0,0,0,0,0,0,0,0,0,0,0,0,0,0,0,0,17,94,0,0,0,13,0,28,0,77,0,14,0,0,0,0,0,0,0,2,0,0,0,0,0,0,0,0,0,0,0
4,19,77,28,122,168,5,0,0,0,54,148,79,31,0,321,21,3,147,106,155,110,226,140,21,0,84,8,0,0,54,42,21,41,17,0,58,38,0,0,46,2,0,0,23,2,5,0,11,0,16,0,0,0,14,0,0,0,0,1,2,0,6,0,1,0,0,0,0,0,0,0,0,0,0,0,0,0,0,0,0,0,0,0,0,0,0,0,0,0,0,0,0,0,0,0,0,0,0,0,0,0,0,0,0,0,0,0,0,0,0,0,0,0,0,0,1,0,0,0,0,0,0,0,0,0,0,0,0,0,0,0,0,0,0,0,0,0,0,0,0,0,0,0,0,0,0,0,0,0,0,0,0,0,1,0,0,0,0,0,0,0,0,0,0,0,73,0,29,0,3,0,18,0,0,0,30,44,34,0,0,0,3,0,0,0,0,0,0,0,0,0,0,0,0,0,0,0,0,0,0,0,0,0,0,0,0,0,0,0,0,0,0,0,8,0,0,0,0,0,49,0,5,0,29,0,281,10,57,0,97,0,42,0,0,0,26,2,22,0,17,0,26,0,0,0,0,0,0
75,167,70,199,257,128,0,149,0,96,246,72,54,0,321,0,18,5,34,252,192,132,135,35,25,122,0,30,0,0,57,17,15,44,0,11,0,57,0,16,0,0,0,0,4,13,0,0,0,2,4,24,0,1,0,89,0,8,0,0,0,11,0,16,0,0,0,0,0,0,0,11,0,0,0,0,0,0,0,0,0,0,0,0,0,83,0,0,0,0,0,0,0,0,0,0,0,0,0,54,0,0,0,0,0,0,0,0,0,0,0,0,0,0,0,0,0,0,0,0,0,0,0,6,0,0,0,0,0,0,0,0,0,0,0,0,0,50,0,45,0,37,0,90,0,3,0,0,0,0,0,0,0,9,0,3,0,3,0,0,0,8,0,0,0,6,0,47,0,8,0,5,0,17,0,5,31,126,0,3,0,4,0,4,1,0,0,0,0,0,0,0,0,0,0,0,0,0,0,0,0,0,0,0,0,0,0,0,0,5,0,0,0,0,0,21,0,0,2,13,7,109,0,0,0,72,10,403,0,98,0,86,0,70,0,0,0,30,0,30,0,12,0,28,0,79,0,0,0
13,36,33,15,11,0,24,47,29,31,0,5,18,0,21,18,0,15,152,0,107,0,105,10,120,157,57,0,136,0,54,0,88,0,11,1,15,0,122,0,8,0,4,0,97,0,0,0,9,0,12,0,111,0,35,37,63,3,0,0,6,0,375,30,0,0,0,6,0,0,95,0,11,0,73,0,0,0,0,0,313,0,0,0,155,0,249,0,0,0,183,0,0,0,0,0,202,0,483,0,90,0,0,0,0,0,43,0,0,0,0,0,0,0,0,0,0,0,0,0,152,0,51,0,0,0,0,0,13,0,4,0,0,0,14,0,119,0,40,0,142,0,240,0,40,0,0,0,0,0,0,0,3,0,32,0,0,0,54,0,20,0,1,0,0,0,15,0,27,0,4,0,102,0,0,0,6,5,0,0,0,0,19,8,0,3,0,0,0,0,0,0,0,0,0,0,0,0,0,0,0,0,0,0,0,0,0,0,7,0,0,0,0,0,34,0,3,0,17,0,38,0,15,0,25,0,303,0,67,0,63,0,57,1,11,0,7,2,44,0,20,0,40,0,137,3,0,0,0
44,10,0,4,0,0,17,21,8,20,0,0,0,0,3,5,15,0,0,6,0,95,25,27,26,93,0,3,0,44,0,25,0,29,0,4,0,13,3,43,0,0,0,0,0,2,0,0,0,0,0,5,0,20,5,25,0,15,0,10,0,23,7,177,0,0,0,0,0,0,0,0,0,0,0,5,0,0,0,0,0,83,0,0,0,82,0,47,0,0,0,0,0,0,0,13,0,0,0,66,0,43,0,0,0,0,1,3,0,0,0,0,0,0,0,0,0,0,0,1,0,33,0,20,0,0,0,2,0,0,0,0,0,8,0,7,0,16,0,33,0,34,0,115,0,0,0,0,0,0,0,0,0,0,0,5,0,0,0,0,0,0,0,0,0,0,0,0,0,0,0,2,0,9,0,0,2,0,0,0,0,0,0,0,0,0,0,0,0,0,0,0,0,0,0,0,0,0,0,0,0,0,0,0,0,0,0,0,0,0,0,3,0,0,0,0,0,0,0,0,0,36,0,0,0,0,2,203,0,14,0,5,0,12,0,0,0,3,0,2,0,0,1,0,0,0,0,0,0
3,0,95,0,82,111,2,0,0,0,1,15,103,300,147,34,152,0,0,584,182,170,411,0,47,0,56,184,21,1,38,30,0,0,226,50,9,19,0,0,18,46,47,18,20,5,1,2,2,0,150,57,0,0,0,0,14,0,0,0,0,0,18,0,0,0,0,0,0,0,0,0,0,0,12,0,0,0,0,0,0,0,0,0,0,0,35,0,0,0,0,0,0,0,0,0,0,0,0,0,0,0,0,0,0,0,0,0,0,0,0,0,0,0,0,0,0,0,0,0,0,0,0,0,0,0,0,0,0,0,0,0,0,0,0,0,0,0,0,0,0,0,0,0,0,0,0,0,0,0,0,0,0,0,0,0,0,0,0,0,0,0,0,0,0,2,6,2,13,0,0,0,0,0,0,0,44,56,12,0,0,0,0,0,0,0,5,24,0,0,0,0,0,0,3,0,0,0,0,0,0,0,0,0,0,0,0,0,0,0,0,0,0,0,0,0,0,0,62,16,10,0,10,0,86,7,107,0,12,0,28,0,14,0,0,0,11,0,9,0,0,0,33,0,40,0,0,0,0
0,187,0,151,161,351,0,51,0,35,39,82,402,33,106,252,0,6,584,0,217,163,0,25,0,75,127,53,0,1,30,56,0,3,58,142,23,32,0,0,18,81,0,19,3,15,0,13,0,14,97,107,0,0,0,31,0,7,0,0,0,0,0,0,0,0,0,0,0,0,0,14,0,0,0,0,0,0,0,0,2,0,0,0,0,0,0,0,0,0,0,0,0,0,0,0,0,0,0,0,0,0,0,1,0,0,0,0,0,0,0,0,0,0,0,0,0,0,0,0,0,0,0,0,0,0,0,0,0,0,0,0,0,0,0,0,0,0,0,0,0,0,0,0,0,0,0,0,0,0,0,0,0,0,0,4,0,0,0,0,0,0,0,0,0,14,0,10,0,0,1,3,0,10,0,0,22,165,0,4,0,0,0,0,0,0,12,31,0,0,0,0,0,0,0,0,0,0,0,0,0,0,0,0,0,0,0,0,0,0,0,0,0,0,0,6,0,0,10,79,0,0,0,11,0,115,0,244,0,45,0,28,0,36,0,0,0,0,0,11,0,0,0,9,0,0,0,0,0
0,0,33,0,156,97,4,0,0,0,35,82,114,98,155,192,107,0,182,217,0,126,206,64,33,0,57,64,92,0,143,29,37,35,60,28,26,40,3,0,6,28,33,0,49,0,0,0,7,0,166,21,0,0,0,0,0,0,7,0,0,0,38,0,1,0,0,0,0,0,47,0,0,0,23,0,0,0,0,0,35,0,0,0,22,0,74,0,0,0,0,0,0,0,0,0,0,0,0,0,0,0,3,0,0,0,0,0,0,0,0,0,0,0,0,0,0,0,0,0,31,0,0,0,0,0,0,0,0,0,0,0,0,0,0,0,0,0,0,0,0,0,0,0,24,0,0,0,0,0,0,0,0,0,2,0,0,0,5,0,1,0,0,0,25,0,64,2,36,0,0,0,28,0,0,0,28,19,45,0,0,0,1,0,0,0,6,5,0,0,0,0,0,0,0,0,0,0,0,0,0,0,0,0,0,0,0,0,0,0,0,0,1,0,23,0,0,0,72,4,66,0,12,0,113,0,417,3,85,0,149,0,0,0,0,0,53,0,35,0,0,0,69,0,219,0,0,0,0
0,55,0,74,116,163,0,21,1,21,48,105,107,71,110,132,0,95,170,163,126,0,0,116,0,215,49,92,0,14,28,16,0,7,24,40,8,23,0,5,0,40,4,23,2,48,0,3,0,17,18,87,0,5,1,65,0,0,0,0,0,0,0,38,0,4,0,0,0,0,0,36,0,6,0,33,0,0,0,21,0,60,0,0,0,48,0,54,0,0,0,0,0,0,0,0,0,0,0,0,0,0,0,0,0,0,0,0,0,0,0,0,0,0,0,0,0,0,0,0,0,57,0,38,0,0,0,0,0,0,0,0,0,0,0,0,0,0,0,39,0,37,0,75,0,43,0,0,0,0,0,0,0,0,0,8,0,3,0,0,1,0,0,5,0,8,0,10,0,3,0,0,0,14,0,0,10,58,0,3,0,3,0,0,0,0,2,30,0,0,0,0,0,0,0,0,0,0,0,0,0,0,0,0,0,0,0,0,0,0,0,0,0,0,0,15,0,0,0,78,0,50,0,12,0,57,9,351,0,45,0,62,0,71,0,9,0,21,0,0,0,19,0,23,0,51,0,0,0
32,187,142,107,70,57,13,29,3,16,5,105,51,0,226,135,105,25,411,0,206,0,0,184,103,152,97,0,49,0,15,0,50,0,0,0,10,4,27,0,68,1,4,0,61,0,0,0,28,1,4,1,28,4,126,5,22,0,10,0,8,3,82,15,2,0,0,0,0,0,6,0,0,0,0,0,0,0,0,0,52,0,0,0,68,2,34,0,0,0,136,0,0,0,0,0,153,0,115,0,0,0,0,0,0,0,0,0,0,0,0,0,0,0,0,0,0,0,0,0,0,0,18,0,43,0,6,0,0,0,36,0,0,0,71,0,81,0,0,0,0,0,158,0,0,0,18,0,43,0,0,0,0,0,16,0,0,0,28,0,51,0,0,0,0,1,19,0,0,0,2,0,43,3,0,0,17,37,1,1,0,0,7,0,4,0,12,0,0,0,0,0,0,0,0,0,1,0,0,0,21,0,0,0,0,0,0,0,12,0,0,0,3,0,27,0,1,0,13,0,30,0,16,0,11,0,362,12,71,0,75,0,54,0,6,0,23,0,32,0,19,1,50,1,128,0,0,0,0
82,116,71,181,101,50,8,40,0,41,95,54,9,0,140,35,10,27,0,25,64,116,184,0,22,153,0,0,3,23,18,18,20,24,0,3,0,27,0,18,0,0,0,0,0,0,0,0,0,0,0,0,0,4,0,41,0,0,0,0,0,13,3,86,0,0,0,0,0,0,0,20,0,0,0,0,0,0,0,10,0,129,0,0,0,171,0,86,0,0,0,0,0,0,0,0,0,47,0,106,0,0,0,0,0,0,0,3,0,0,0,0,0,0,0,0,0,0,0,0,0,91,0,52,0,0,0,0,0,0,0,0,0,9,0,0,0,44,0,38,0,47,0,143,0,15,0,0,0,0,0,0,0,2,0,0,0,0,0,0,0,0,0,0,0,0,0,6,0,0,0,3,0,12,0,8,8,21,0,0,0,0,0,6,1,9,0,0,0,0,0,0,0,0,0,0,0,0,0,0,0,3,0,0,0,0,0,0,0,0,0,0,0,0,0,0,0,0,0,0,0,49,0,8,0,9,0,782,0,53,0,50,0,58,0,0,0,18,0,20,0,16,0,20,0,60,0,0,0
39,131,81,41,12,0,127,137,63,165,0,0,0,0,21,25,120,26,47,0,33,0,103,22,0,382,18,0,16,0,0,0,0,0,0,0,4,0,40,0,0,0,0,0,15,0,0,0,3,0,0,0,55,15,256,100,45,0,22,5,11,0,48,108,0,0,6,17,0,0,0,0,0,0,0,0,0,0,0,0,0,0,0,0,53,1,0,0,0,0,0,0,0,0,0,0,142,0,67,0,0,0,0,0,0,0,0,0,0,0,0,0,0,0,0,0,0,0,0,0,0,0,20,2,64,0,10,0,13,0,88,0,12,0,111,1,149,3,8,0,27,0,231,0,7,0,11,1,21,0,3,0,5,0,59,0,0,0,57,0,106,0,0,0,0,0,0,0,4,0,0,0,31,0,0,0,18,24,0,0,0,0,9,26,7,3,2,0,0,0,0,0,0,0,0,0,0,0,0,0,26,0,0,0,0,0,0,0,5,0,0,0,0,0,11,0,0,0,0,0,0,0,0,0,0,0,116,5,21,0,17,1,28,0,0,1,3,0,0,1,8,0,13,0,47,0,0,0,0
251,16,150,32,0,3,206,74,97,101,0,0,0,0,0,122,157,93,0,75,0,215,152,153,382,0,0,6,8,47,0,31,2,7,0,0,1,0,34,14,0,0,0,2,0,0,0,0,0,0,0,0,4,12,35,113,0,26,0,70,10,16,100,120,0,0,0,21,0,0,0,0,0,0,0,0,0,0,0,0,0,32,0,0,0,128,0,9,0,0,0,3,0,0,0,0,0,52,0,51,0,0,0,0,0,0,0,4,0,0,0,0,0,0,0,0,0,0,0,0,0,12,0,0,0,0,0,0,0,7,0,5,0,8,0,29,0,46,0,49,0,60,3,112,0,2,0,0,0,7,0,0,0,0,0,8,0,2,0,7,0,3,0,0,0,0,0,3,0,0,0,6,7,13,0,0,14,15,0,0,0,0,0,22,0,0,0,0,0,0,0,0,0,0,0,0,0,0,0,0,0,0,0,0,0,0,0,0,0,0,0,19,0,0,0,11,0,0,0,0,0,77,0,9,0,5,6,155,0,45,0,17,0,64,0,2,0,2,0,9,0,0,0,0,4,49,0,0,0
1,0,83,0,24,0,0,0,0,0,0,0,129,156,84,0,57,0,56,127,57,49,97,0,18,0,0,98,0,0,0,0,0,0,35,0,12,0,0,0,37,148,142,18,127,9,1,39,29,2,158,36,0,0,0,0,0,0,0,0,0,0,0,0,0,0,0,0,0,0,0,0,0,0,0,0,0,0,0,0,0,1,0,0,0,0,0,0,0,0,0,0,0,0,0,0,0,0,0,0,0,0,0,0,0,0,0,0,1,0,0,0,0,0,0,0,1,0,0,0,0,0,0,0,0,0,0,0,0,0,0,0,0,0,0,0,0,0,0,0,0,0,0,0,8,0,0,0,0,0,0,0,0,0,0,0,0,0,0,0,0,0,0,0,21,6,0,0,0,2,1,0,6,0,0,0,36,43,0,0,0,0,1,0,0,0,28,3,0,0,0,0,0,0,0,0,0,0,0,0,0,0,0,0,0,0,0,0,0,0,0,0,0,0,0,0,0,0,234,22,0,0,57,1,57,0,12,0,0,0,0,0,0,0,0,0,5,0,0,0,0,0,5,0,0,0,0,0,0
0,108,0,18,23,125,0,0,0,0,0,64,150,17,8,30,0,3,184,53,64,92,0,0,0,6,98,0,0,0,0,10,0,0,0,23,0,8,0,0,45,81,22,15,6,23,1,20,0,26,25,65,0,0,0,0,0,0,0,0,0,0,0,0,0,2,0,4,0,0,0,0,0,0,0,0,0,0,0,0,0,0,0,2,0,0,0,0,0,0,0,0,0,0,0,0,0,0,0,0,0,0,0,0,0,0,0,0,0,0,0,0,0,0,0,0,0,0,0,0,0,0,0,0,1,0,0,0,0,0,0,0,0,0,0,0,0,0,0,0,0,11,0,0,0,6,0,0,0,1,0,0,0,0,0,0,0,0,0,0,0,0,0,0,0,5,0,0,0,0,0,0,0,1,0,0,0,66,3,8,0,3,0,3,0,0,14,7,0,0,0,0,0,0,0,0,0,0,0,0,0,0,0,0,0,0,0,0,0,2,0,0,0,0,0,5,0,0,26,224,0,5,1,34,3,24,0,108,0,0,0,0,0,0,0,0,0,6,0,0,0,0,0,0,0,0,0,0,0
40,0,175,2,13,0,34,0,7,0,0,0,0,0,0,0,136,0,21,0,92,0,49,3,16,8,0,0,0,0,46,0,42,0,99,0,55,0,11,0,0,0,25,0,50,0,0,0,0,0,16,0,7,0,0,0,0,0,0,0,1,0,10,0,0,0,0,0,0,0,63,0,0,0,27,0,0,0,0,0,0,0,0,0,0,0,85,0,0,0,0,0,0,0,0,0,0,0,65,0,0,0,0,0,0,0,0,0,0,0,0,0,0,0,0,0,0,0,0,0,47,0,12,0,0,0,0,0,0,0,0,0,0,0,7,0,34,0,48,0,48,0,36,0,43,0,1,0,0,0,0,0,0,0,4,0,0,0,17,0,0,0,0,0,0,0,0,0,0,0,0,0,0,0,0,0,0,0,1,0,0,0,13,0,0,0,0,0,0,0,0,0,0,0,0,0,0,0,0,0,0,0,0,0,0,0,0,0,0,0,0,0,0,0,0,0,0,0,0,0,0,0,0,0,0,0,66,0,0,0,0,0,2,0,0,0,0,0,5,0,3,0,5,0,10,0,0,0,0
0,13,0,41,0,0,0,40,0,9,0,0,1,0,0,0,0,44,1,1,0,14,0,23,0,47,0,0,0,0,0,10,0,8,0,4,0,3,0,4,0,0,0,6,0,0,0,0,0,0,0,4,0,6,0,21,0,3,0,5,0,1,0,21,0,0,0,0,0,0,0,0,0,0,0,0,0,0,0,0,0,28,0,0,0,30,0,0,0,0,0,0,0,0,0,0,0,5,0,0,0,0,0,0,0,0,0,0,0,0,0,0,0,0,0,0,0,0,0,0,0,15,0,20,0,0,0,0,0,5,0,0,0,0,0,0,0,14,0,90,0,101,0,85,0,59,0,0,0,0,0,0,0,0,0,23,0,4,0,7,0,0,0,0,0,0,0,0,0,0,0,0,0,0,0,0,0,0,0,0,0,0,0,0,0,0,0,0,0,0,0,0,0,0,0,0,1,0,0,0,0,0,0,0,0,0,0,0,0,0,0,0,0,0,0,0,0,0,0,0,0,0,0,0,0,0,0,32,0,3,0,3,0,0,0,0,0,1,0,0,0,0,0,0,0,2,0,0,0
0,0,31,0,73,29,0,0,0,0,25,0,20,7,54,57,54,0,38,30,143,28,15,18,0,0,0,0,46,0,0,11,6,15,99,4,25,0,4,0,0,0,29,0,3,0,0,0,0,0,30,0,2,0,0,0,0,0,0,0,0,0,5,0,0,0,0,0,0,0,12,0,0,0,0,0,0,0,0,0,0,0,0,0,0,0,0,0,0,0,0,0,0,0,0,0,0,0,19,0,0,0,0,0,0,0,0,0,0,0,0,0,0,0,0,0,0,0,0,0,0,0,0,0,0,0,0,0,0,0,0,0,0,0,0,0,0,0,4,0,0,0,0,0,0,0,0,0,0,0,0,0,0,0,0,0,0,0,0,0,0,0,0,0,0,0,79,0,24,0,1,0,0,0,2,0,11,0,21,0,0,0,0,0,0,0,0,1,0,0,0,0,0,0,0,0,0,0,0,0,0,0,0,0,0,0,0,0,0,0,6,0,0,0,13,0,0,0,0,0,40,0,0,0,29,0,206,0,44,0,67,0,34,0,0,0,18,2,0,0,6,0,22,0,99,0,0,0,0
0,0,0,21,30,57,0,0,0,0,9,45,18,31,42,17,0,25,30,56,29,16,0,18,0,31,0,10,0,10,11,0,0,0,0,1,0,7,0,0,0,0,0,0,0,0,0,0,0,0,0,4,0,0,0,27,0,0,0,0,0,0,1,10,0,0,0,0,0,0,0,22,0,0,0,7,0,0,0,9,0,0,0,0,0,27,0,0,0,0,0,0,0,0,0,0,0,0,0,0,0,0,0,0,0,0,0,0,0,0,0,0,0,0,0,0,0,0,0,0,0,51,0,19,0,0,0,0,0,0,0,0,0,0,0,7,0,0,0,16,0,33,0,33,0,20,0,0,0,3,0,0,0,0,0,3,0,0,0,0,0,0,0,0,0,0,1,5,0,1,0,0,0,8,0,0,0,25,0,2,0,0,0,0,0,0,0,23,0,0,0,0,0,0,0,0,0,0,0,0,0,0,0,0,0,0,0,0,0,0,0,0,0,0,0,9,0,0,0,13,0,37,0,0,0,17,1,173,0,28,0,37,0,0,0,6,0,7,0,10,0,8,0,15,2,0,0,0,0
150,0,81,3,46,0,0,0,3,0,29,7,7,0,21,15,88,0,0,0,37,0,50,20,0,2,0,0,42,0,6,0,0,1,18,0,73,3,0,0,0,0,5,0,0,0,0,0,0,0,7,0,0,0,1,0,0,0,0,0,0,0,1,0,0,0,0,0,0,0,8,0,0,0,5,0,0,0,0,0,7,0,0,0,0,0,16,0,0,0,0,0,0,0,0,0,0,0,17,0,0,0,0,0,0,0,0,0,0,0,0,0,0,0,0,0,0,0,0,0,0,0,0,0,0,0,0,0,1,0,1,0,0,0,0,0,1,0,4,0,4,0,0,0,0,0,0,0,0,0,0,0,0,0,1,0,2,0,0,0,0,0,0,0,0,0,54,0,0,0,2,0,16,0,0,0,0,0,2,0,0,0,21,0,0,0,0,0,0,0,0,0,0,0,0,0,1,0,0,0,0,0,0,0,0,0,0,0,0,0,0,0,0,0,13,0,0,0,1,0,41,0,0,0,2,0,276,0,38,0,0,0,21,0,0,0,0,0,5,0,6,0,15,0,52,0,0,0,0
0,56,0,142,0,42,0,30,0,19,16,52,0,0,41,44,0,29,0,3,35,7,0,24,0,7,0,0,0,8,15,0,1,0,0,2,0,59,0,1,0,0,0,0,0,1,0,0,0,0,0,3,0,1,0,20,0,0,0,0,0,5,0,22,0,0,0,2,0,0,0,19,0,0,0,8,0,0,0,0,0,49,0,0,0,54,0,35,0,0,0,0,0,0,0,0,0,8,0,25,0,0,0,0,0,0,0,0,0,0,0,0,0,0,0,0,0,0,0,0,0,50,0,14,0,0,0,0,0,0,0,0,0,1,0,0,0,12,0,0,0,14,0,37,0,26,0,0,0,0,0,0,0,0,0,0,0,7,0,0,0,2,0,0,0,0,0,23,0,0,0,2,0,12,0,0,0,0,0,0,0,0,0,0,0,0,0,0,0,0,0,0,0,0,0,0,0,0,0,0,0,0,0,0,0,0,0,0,0,0,0,0,0,0,0,10,0,0,0,0,0,81,0,0,0,18,0,200,0,62,0,17,0,38,0,0,0,8,0,0,0,0,0,0,0,29,0,0,0
4,0,0,0,83,16,0,0,0,0,0,0,110,25,17,0,11,0,226,58,60,24,0,0,0,0,35,0,99,0,99,0,18,0,0,0,87,0,6,0,0,9,16,0,13,3,0,5,0,0,57,7,2,0,0,0,0,0,0,0,0,0,4,0,0,0,1,0,0,0,8,0,1,0,5,0,0,0,0,0,0,0,0,0,2,0,0,0,0,0,0,0,0,0,0,1,0,0,0,0,0,0,0,0,0,0,0,0,0,0,0,0,0,0,0,0,0,0,0,0,3,0,0,0,1,0,0,0,0,0,1,0,0,0,0,0,0,0,0,0,0,0,0,0,7,0,0,0,0,0,0,0,0,0,0,0,0,0,0,0,0,0,0,0,22,0,33,0,24,0,0,0,11,0,0,0,34,17,27,0,1,0,0,0,0,0,4,0,0,0,0,0,0,0,0,0,0,0,0,0,0,0,0,0,0,0,0,0,0,0,0,0,0,0,6,0,0,0,60,4,34,0,9,0,91,0,134,2,21,0,32,0,0,0,0,0,0,0,0,0,0,0,0,0,57,0,0,0,0
0,13,0,5,20,58,0,0,0,0,0,38,17,124,0,11,1,4,50,142,28,40,0,3,0,0,0,23,0,4,4,1,0,2,0,0,0,35,0,3,0,3,0,2,0,4,0,0,0,13,0,4,0,0,0,0,0,0,0,0,0,4,0,0,0,0,0,0,0,0,0,13,0,0,0,8,0,0,0,0,0,15,0,0,0,13,0,14,0,0,0,0,0,0,0,0,0,0,0,0,0,0,0,0,0,0,0,0,0,0,0,0,0,0,0,0,0,0,0,0,0,9,0,10,0,0,0,0,0,0,0,0,0,0,0,0,0,0,0,0,0,6,0,18,0,31,0,0,0,0,0,0,0,0,0,1,0,1,0,0,0,0,0,0,0,4,0,12,0,3,0,0,0,5,0,0,3,27,0,4,0,0,0,0,0,0,0,0,0,0,0,0,0,0,0,0,0,0,0,0,0,0,0,0,0,0,0,0,0,0,0,0,0,0,0,5,0,0,0,39,0,39,0,7,0,60,0,137,0,25,0,0,0,0,1,0,0,10,0,0,0,2,0,0,0,0,0,0,0
27,0,18,0,35,6,0,0,2,0,20,0,0,0,58,0,15,0,9,23,26,8,10,0,4,1,12,0,55,0,25,0,73,0,87,0,0,0,11,0,0,0,28,0,24,0,0,0,0,0,68,1,0,0,2,0,0,0,2,0,13,0,13,0,1,0,0,0,0,0,140,0,6,0,60,0,0,0,21,0,75,0,0,0,0,0,153,0,0,0,0,0,0,0,60,0,0,0,82,0,0,0,0,0,0,0,0,0,0,0,0,0,0,0,0,0,1,0,0,0,55,0,0,0,0,0,0,0,0,0,2,0,0,0,6,0,13,0,53,0,54,0,39,0,108,0,0,0,0,0,0,0,2,0,0,0,14,0,8,0,9,0,17,0,9,0,75,0,68,0,12,0,58,0,0,0,0,0,8,0,0,0,9,0,0,0,3,0,0,0,0,0,0,0,0,0,0,0,0,0,0,0,0,0,0,0,0,0,0,0,7,0,0,0,11,0,0,0,8,0,96,0,8,0,47,0,158,0,88,0,39,0,0,0,0,0,13,1,7,0,6,0,5,0,106,0,0,0,0
0,177,6,114,27,74,0,41,0,19,11,111,0,73,38,57,0,13,19,32,40,23,4,27,0,0,0,8,0,3,0,7,3,59,0,35,0,0,0,0,0,0,0,8,0,11,0,0,0,2,5,26,0,0,0,9,0,3,0,0,0,18,0,13,0,0,0,0,0,0,0,38,0,0,0,0,0,0,0,23,0,78,0,0,0,32,0,52,0,0,0,0,0,0,0,20,0,0,0,0,0,14,0,0,0,0,0,0,0,0,0,0,0,0,0,0,0,0,0,0,0,70,0,29,0,0,0,0,0,0,0,0,0,1,0,0,0,13,0,15,0,18,0,24,0,77,0,0,0,3,0,0,0,10,0,7,0,10,0,1,0,1,0,0,0,2,0,34,0,6,0,4,0,42,0,0,0,27,0,0,0,0,0,6,0,10,0,17,0,0,0,0,0,0,0,0,0,0,0,0,0,0,0,0,0,0,0,0,0,0,0,1,0,0,0,4,0,0,0,16,0,90,0,13,0,69,0,166,0,122,0,0,0,24,0,0,0,0,0,0,0,2,0,0,0,0,0,0,0
208,0,174,5,13,0,102,12,63,0,3,0,0,0,0,0,122,3,0,0,3,0,27,0,40,34,0,0,11,0,4,0,0,0,6,0,11,0,0,0,1,0,4,0,0,0,0,0,0,0,7,0,8,0,5,2,0,0,0,0,6,0,12,3,0,0,0,0,0,0,3,0,0,0,0,0,0,0,0,0,5,0,0,0,0,0,0,0,1,0,0,0,0,0,0,0,0,0,0,0,0,0,0,0,0,0,0,0,0,0,0,0,0,0,0,0,0,0,0,0,4,0,0,0,0,0,0,0,0,0,0,0,0,0,0,0,0,0,20,0,13,0,6,0,6,0,0,0,2,0,0,0,8,0,4,0,5,0,8,0,0,0,1,0,0,0,2,0,0,0,0,0,11,0,3,0,25,2,0,0,3,0,94,0,23,0,0,0,0,0,0,0,0,0,0,0,0,0,0,0,0,0,0,0,0,0,0,0,0,0,1,0,0,0,4,0,0,0,2,0,4,0,0,0,0,0,123,0,7,0,0,0,9,0,0,0,0,0,0,0,1,0,0,0,8,0,0,0,0
0,131,0,175,0,14,0,69,0,38,0,26,0,0,0,16,0,43,0,0,0,5,0,18,0,14,0,0,0,4,0,0,0,1,0,3,0,0,0,0,0,0,0,0,0,0,0,0,0,0,0,2,0,0,0,12,0,0,0,0,0,3,0,13,0,0,0,0,0,0,0,2,0,0,0,0,0,0,0,0,0,19,0,0,0,20,0,0,0,0,0,0,0,0,0,0,0,0,0,0,0,7,0,0,0,0,0,0,0,0,0,0,0,0,0,0,0,0,0,0,0,9,0,0,0,0,0,0,0,0,0,0,0,0,0,0,0,22,0,9,0,9,0,20,0,15,0,0,0,0,0,0,0,3,0,0,0,1,0,1,0,0,0,0,0,0,0,1,0,0,0,0,0,8,0,3,0,11,0,0,0,2,0,4,0,7,0,0,0,0,0,0,0,0,0,0,0,0,0,0,0,0,0,0,0,0,0,0,0,1,0,0,0,0,0,0,0,0,0,1,0,16,0,0,0,1,0,91,0,10,0,1,0,0,0,3,0,0,0,4,0,0,0,0,0,0,0,0,0
4,0,182,0,42,0,7,0,0,0,33,3,54,30,46,0,8,0,18,18,6,0,68,0,0,0,37,45,0,0,0,0,0,0,0,0,0,0,1,0,0,204,57,10,131,28,2,27,106,35,30,7,0,0,0,0,0,0,0,0,0,0,0,0,0,0,0,0,0,0,0,0,0,0,0,0,0,0,0,0,0,0,0,0,0,0,0,0,0,0,0,0,0,0,0,0,0,0,0,0,0,0,0,0,0,0,0,0,0,0,0,0,0,0,0,0,0,0,0,0,0,0,0,0,0,0,0,0,0,0,0,0,0,0,0,0,0,0,0,0,0,0,0,0,0,0,0,0,0,0,0,0,0,0,0,0,0,0,0,0,0,0,0,0,11,13,0,0,0,0,0,0,0,0,0,0,14,43,0,0,0,0,3,0,7,0,36,3,0,0,0,0,0,0,0,0,0,0,0,0,0,0,0,0,0,0,0,0,2,0,0,0,0,0,1,0,0,0,300,51,0,0,87,32,26,0,7,0,0,0,0,0,0,0,0,0,2,0,2,0,0,0,0,0,0,0,0,0,0
0,55,0,0,0,40,0,0,0,0,0,139,93,131,2,0,0,0,46,81,28,40,1,0,0,0,148,81,0,0,0,0,0,0,9,3,0,0,0,0,204,0,20,20,30,43,3,58,0,61,25,31,0,0,0,0,0,0,0,0,0,0,0,0,0,0,0,0,0,0,0,0,0,0,0,0,0,0,0,0,0,0,0,0,0,0,0,0,0,0,0,0,0,0,0,0,0,0,0,0,0,0,0,0,0,0,0,0,0,0,0,0,0,0,0,0,0,0,0,0,0,0,0,0,0,0,0,0,0,0,0,0,0,0,0,0,0,0,0,0,0,0,0,0,0,0,0,0,0,0,0,0,0,0,0,0,0,0,0,0,0,0,0,0,0,48,0,0,0,0,0,0,0,0,0,6,0,86,1,14,0,0,0,2,0,3,28,15,0,0,0,0,0,0,0,0,0,0,0,0,0,0,0,0,0,0,0,0,0,0,0,0,0,0,0,0,0,0,128,133,0,0,0,106,2,0,0,17,0,0,0,0,0,0,0,0,0,0,0,0,0,0,0,0,0,1,0,0,0
2,0,0,0,0,0,0,0,0,0,0,0,82,22,0,0,4,0,47,0,33,4,4,0,0,0,142,22,25,0,29,0,5,0,16,0,28,0,4,0,57,20,0,3,33,2,0,9,12,0,48,11,2,0,0,0,7,0,8,0,2,0,9,0,0,0,0,0,0,0,16,0,2,0,0,0,4,0,0,0,0,0,0,0,0,0,0,0,0,0,0,0,0,0,0,0,0,0,0,0,0,0,0,0,0,0,0,0,0,0,0,0,0,0,0,0,0,0,0,0,0,0,0,0,0,0,0,0,0,0,0,0,0,0,0,0,0,0,9,0,0,0,0,0,11,0,0,0,0,0,0,0,0,0,0,0,0,0,0,0,0,0,8,0,14,0,62,0,9,0,18,0,9,0,1,0,13,11,4,0,0,0,0,0,1,0,16,0,0,0,0,0,0,0,0,0,0,0,0,0,0,0,0,0,0,0,0,0,0,0,0,0,0,0,4,0,0,0,100,0,14,0,22,1,22,0,3,0,11,0,4,0,0,0,0,0,0,0,10,0,3,0,0,0,12,0,0,0,0
0,0,0,0,0,0,0,0,0,0,0,5,5,51,0,0,0,0,18,19,0,23,0,0,0,2,18,15,0,6,0,0,0,0,0,2,0,8,0,0,10,20,3,0,0,10,0,1,0,11,0,0,0,0,0,0,0,0,0,3,0,0,0,1,0,0,0,0,0,0,0,9,0,2,0,2,0,0,0,0,0,0,0,0,0,7,0,0,0,1,0,0,0,0,0,0,0,0,0,3,0,0,0,0,0,0,0,0,0,0,0,0,0,0,0,0,0,0,0,0,0,5,0,4,0,0,0,0,0,0,0,0,0,0,0,0,0,0,0,0,0,3,0,4,0,6,0,0,0,0,0,0,0,0,0,0,0,0,0,0,0,0,0,0,0,3,0,3,0,1,0,2,0,3,0,0,0,7,0,0,0,0,0,0,0,0,3,3,0,0,0,0,0,0,0,0,0,0,0,0,0,0,0,0,0,0,0,0,0,0,0,0,0,0,0,0,0,0,3,78,0,0,0,11,0,21,0,40,0,0,0,3,0,8,0,0,0,0,0,0,0,1,0,0,0,0,0,0,0
0,1,56,0,6,0,0,0,4,0,2,0,31,4,23,4,97,0,20,3,49,2,61,0,15,0,127,6,50,0,3,0,0,0,13,0,24,0,0,0,131,30,33,0,0,0,13,2,20,3,38,0,4,0,0,0,8,0,0,0,2,0,20,0,0,0,0,0,0,0,78,0,7,0,31,0,0,0,0,0,55,0,0,0,0,0,91,0,0,0,24,0,0,0,0,1,27,0,97,0,0,0,1,0,2,0,0,0,0,0,0,0,0,0,0,0,0,0,0,0,35,0,0,0,0,0,0,0,0,0,0,0,0,0,5,0,0,0,0,0,0,0,16,0,20,0,0,1,0,0,0,0,0,0,0,0,1,0,0,0,0,0,6,0,8,4,25,0,15,0,0,0,13,0,0,0,4,4,0,0,0,0,0,0,0,0,9,1,8,0,0,0,8,0,3,0,2,0,0,0,0,0,0,0,0,0,0,0,0,0,1,0,0,0,0,0,0,0,135,10,19,0,50,6,39,0,0,0,22,0,3,0,7,0,4,0,2,0,8,0,2,0,2,0,20,0,0,0,0
1,7,0,7,0,11,0,1,0,2,0,14,9,15,2,13,0,2,5,15,0,48,0,0,0,0,9,23,0,0,0,0,0,1,3,4,0,11,0,0,28,43,2,10,0,0,1,7,0,15,3,13,0,0,0,0,0,0,0,0,0,2,0,0,0,0,0,0,0,0,0,6,0,2,0,0,0,0,0,0,0,10,0,0,0,4,0,7,0,5,0,0,0,0,0,6,0,0,0,7,0,0,0,0,0,0,0,0,0,0,0,0,0,0,0,0,0,0,0,0,0,0,0,3,0,1,0,0,0,0,0,0,0,0,0,0,0,1,0,0,0,0,0,9,0,8,0,0,0,0,0,0,0,0,0,0,0,1,0,0,0,1,0,0,1,30,0,0,0,5,0,3,0,0,0,0,0,16,0,0,0,0,0,0,0,0,5,26,0,0,0,0,0,1,0,1,0,0,0,0,0,0,0,0,0,0,0,0,0,0,0,0,0,2,0,1,0,0,12,131,0,8,0,48,0,9,0,44,0,12,0,2,0,4,0,1,0,1,0,0,0,0,0,0,0,5,0,0,0
0,0,8,0,0,0,0,0,0,0,0,0,0,0,5,0,0,0,1,0,0,0,0,0,0,0,1,1,0,0,0,0,0,0,0,0,0,0,0,0,2,3,0,0,13,1,0,0,8,3,0,0,0,0,0,0,0,0,0,0,0,0,0,0,0,0,0,0,0,0,0,0,0,0,0,0,0,0,1,0,0,0,0,1,0,0,0,0,0,0,0,0,0,0,0,0,0,0,2,0,0,0,0,0,0,0,0,0,0,0,0,0,0,0,0,0,0,0,0,0,0,0,0,0,0,0,0,0,0,0,0,0,0,0,0,0,0,0,0,0,0,0,0,0,0,0,0,0,0,0,0,0,0,0,0,0,0,0,0,0,0,0,0,0,1,0,0,0,0,0,0,0,0,0,0,0,0,0,0,0,0,0,0,0,0,0,1,0,0,0,0,0,0,0,0,0,0,0,0,0,0,0,0,0,0,0,0,0,0,0,0,0,0,0,0,0,0,0,29,0,0,0,4,0,3,0,0,0,0,0,0,0,0,0,0,0,0,0,0,0,0,0,0,0,0,0,0,0,0
0,13,0,0,0,8,0,0,0,0,0,0,22,18,0,0,0,0,2,13,0,3,0,0,0,0,39,20,0,0,0,0,0,0,5,0,0,0,0,0,27,58,9,1,2,7,0,0,0,6,5,11,0,0,0,0,0,0,0,0,0,0,0,0,0,0,0,0,0,0,0,0,0,0,0,0,0,1,0,0,0,0,0,0,0,0,0,1,0,0,0,0,0,0,0,2,0,0,0,0,0,0,0,0,0,0,0,0,0,0,0,0,0,0,0,0,0,0,0,0,0,0,0,0,0,0,0,0,0,0,0,0,0,0,0,0,0,0,0,0,0,0,0,0,0,0,0,0,0,0,0,0,0,0,0,0,0,0,0,0,0,0,0,0,1,14,0,0,0,0,0,0,0,0,0,0,0,12,0,0,0,0,0,0,0,0,3,1,0,0,0,0,0,0,0,0,0,0,0,0,0,0,0,0,0,0,0,0,0,0,0,0,0,0,0,0,0,0,26,89,0,0,0,62,0,0,0,3,0,0,0,0,0,0,0,0,0,0,0,0,0,0,0,0,0,0,0,0,0
0,0,32,0,10,0,14,0,0,2,18,0,27,0,11,0,9,0,2,0,7,0,28,0,3,0,29,0,0,0,0,0,0,0,0,0,0,0,0,0,106,0,12,0,20,0,8,0,0,0,4,0,17,0,21,0,62,0,35,0,0,0,0,0,0,0,13,0,0,0,5,0,1,0,0,0,6,0,4,0,3,0,12,0,0,0,7,0,4,0,0,0,0,0,16,1,2,0,8,0,3,0,4,0,0,0,7,0,0,0,0,0,0,0,0,0,0,0,0,0,0,0,0,0,0,0,0,0,0,0,0,0,0,0,0,0,0,0,0,0,0,0,0,0,0,0,0,0,11,2,0,0,16,1,10,0,9,0,15,0,29,0,3,0,0,0,4,0,6,0,5,0,0,0,14,0,13,1,21,0,17,0,8,0,12,0,61,1,17,0,0,0,10,0,1,0,0,1,0,0,5,0,0,0,5,0,0,0,0,0,2,0,2,0,8,0,10,0,45,0,13,0,26,4,15,0,27,0,40,0,3,0,8,0,6,0,0,0,7,0,2,0,7,0,18,0,0,0,0
0,1,0,3,0,3,0,0,0,0,0,18,1,10,0,2,0,0,0,14,0,17,1,0,0,0,2,26,0,0,0,0,0,0,0,13,0,2,0,0,35,61,0,11,3,15,3,6,0,0,0,16,0,0,0,1,0,0,0,0,0,0,0,0,0,0,0,0,0,17,0,1,0,0,0,0,0,3,0,0,0,0,0,6,0,0,0,0,0,9,0,0,0,0,0,11,0,0,0,0,0,0,0,12,0,0,0,0,0,0,0,0,0,0,0,0,0,0,0,0,0,0,0,0,0,0,0,0,0,0,0,0,0,0,0,0,0,0,0,0,0,0,0,0,0,0,0,0,0,0,0,0,0,1,0,0,0,0,0,0,0,0,0,1,1,36,0,9,0,5,0,0,0,0,0,0,0,73,0,3,0,1,0,0,0,2,6,25,0,0,0,0,0,0,0,1,0,0,0,0,0,0,0,0,0,0,0,0,0,1,0,0,0,5,0,0,0,2,42,53,0,2,11,117,0,2,0,6,0,2,0,0,0,3,0,0,0,0,0,0,0,0,0,0,0,2,0,0,0
0,0,0,0,59,0,5,0,4,0,0,0,222,48,16,4,12,0,150,97,166,18,4,0,0,0,158,25,16,0,30,0,7,0,57,0,68,5,7,0,30,25,48,0,38,3,0,5,4,0,0,8,0,0,0,0,13,0,12,0,0,0,10,0,0,0,0,0,0,0,48,0,12,0,11,0,6,0,0,0,24,0,11,0,0,0,70,0,0,0,10,0,0,0,0,0,15,0,45,0,27,0,2,0,0,0,0,0,0,0,0,0,0,0,0,0,0,0,0,0,19,0,0,0,0,0,0,0,0,0,0,0,0,0,0,0,0,0,3,0,0,0,0,0,18,0,0,0,2,0,0,0,2,0,0,0,0,0,0,0,0,0,0,0,33,0,40,0,103,0,19,0,31,0,0,0,41,22,11,0,0,0,0,0,1,0,16,4,12,0,0,0,0,0,0,0,0,0,0,0,0,0,0,0,0,0,0,0,0,0,0,0,0,0,10,0,0,0,115,5,17,0,28,0,122,0,72,0,30,0,12,0,0,0,8,0,0,0,4,0,0,0,0,0,40,0,0,0,0
0,0,0,6,0,31,0,0,0,4,1,40,36,173,0,24,0,5,57,107,21,87,1,0,0,0,36,65,0,4,0,4,0,3,7,4,1,26,0,2,7,31,11,0,0,13,0,11,0,16,8,0,0,0,0,0,0,0,0,4,0,2,0,4,0,0,0,0,0,0,0,32,0,4,0,13,0,0,0,20,0,0,0,2,0,18,0,0,0,0,0,0,0,0,0,16,0,0,0,9,0,0,0,0,0,0,0,0,0,0,0,0,0,0,0,0,0,0,0,0,0,32,0,13,0,0,0,0,0,0,0,0,0,0,0,0,0,0,0,3,0,8,0,13,0,42,0,0,0,0,0,0,0,0,0,0,0,3,0,0,0,0,0,5,0,0,0,9,0,15,0,8,0,16,0,0,0,21,0,0,0,0,0,0,0,0,0,111,0,0,0,0,0,0,0,0,0,0,0,0,0,0,0,0,0,0,0,0,0,0,0,0,0,0,0,0,0,0,0,82,0,22,0,19,0,49,0,69,0,14,0,10,0,15,0,8,0,2,0,0,0,0,0,0,0,9,0,0,0
0,0,0,0,2,0,59,0,133,22,0,0,0,0,0,0,111,0,0,0,0,0,28,0,55,4,0,0,7,0,2,0,0,0,2,0,0,0,8,0,0,0,2,0,4,0,0,0,17,0,0,0,0,58,235,136,202,64,157,54,36,0,75,28,5,0,46,168,0,0,3,0,0,0,6,0,0,0,0,0,48,0,0,0,53,0,26,0,0,0,53,0,0,0,0,0,81,0,90,0,19,0,0,0,0,0,34,0,0,0,0,0,1,0,0,0,0,0,0,0,33,0,30,0,0,0,0,0,35,0,21,0,15,0,12,0,95,0,136,0,109,0,142,0,29,0,6,0,7,4,3,0,0,0,204,16,40,0,275,0,39,2,6,0,13,0,5,0,27,0,58,0,16,0,5,0,19,7,0,0,5,3,0,0,35,13,1,0,0,0,0,0,0,0,0,0,3,0,1,0,4,0,0,0,0,0,0,0,1,0,33,0,9,0,159,3,0,0,27,0,126,0,99,2,34,0,301,0,214,0,15,0,102,3,16,0,6,0,56,0,11,0,26,0,98,0,0,0,0
0,14,0,0,0,0,13,7,58,101,0,1,0,0,0,1,0,20,0,0,0,5,4,4,15,12,0,0,0,6,0,0,0,1,0,0,0,0,0,0,0,0,0,0,0,0,0,0,0,0,0,0,58,0,135,65,28,68,75,90,0,37,31,28,0,0,66,46,0,0,0,2,0,0,0,0,0,0,0,1,0,28,0,0,0,87,0,0,0,0,0,0,0,0,0,0,0,0,0,38,0,28,0,0,0,0,0,0,0,0,0,0,0,0,0,0,0,0,0,0,0,0,0,7,0,0,0,0,0,19,0,10,0,11,0,0,2,52,0,196,0,96,0,146,0,26,0,0,0,0,0,0,0,0,0,38,0,31,1,59,0,18,0,0,0,1,0,0,0,10,0,28,0,13,0,0,6,4,0,0,0,1,0,6,1,40,0,0,0,0,0,0,0,0,0,0,0,0,0,0,0,0,0,0,0,0,0,0,0,0,0,0,0,3,1,79,0,0,0,0,0,76,0,14,0,11,0,378,3,84,0,5,0,106,0,10,0,1,0,38,0,0,0,8,3,63,0,0,0
11,0,32,0,4,0,210,0,171,109,3,0,4,0,14,0,35,5,0,0,0,1,126,0,256,35,0,0,0,0,0,0,1,0,0,0,2,0,5,0,0,0,0,0,0,0,0,0,21,0,0,0,235,135,0,411,140,79,66,78,29,0,99,124,97,0,97,299,0,0,0,0,0,0,0,0,0,0,0,0,0,0,0,0,11,0,3,0,0,0,0,0,0,0,0,0,0,0,0,0,0,0,0,0,0,0,0,0,0,0,0,0,0,0,0,0,0,0,0,0,0,0,0,0,65,0,3,0,0,0,98,0,0,0,37,0,78,0,7,0,0,0,61,0,0,0,11,0,33,0,0,0,0,0,73,8,0,0,45,0,105,0,5,0,13,0,4,0,18,0,51,0,34,0,0,0,52,11,0,0,2,1,0,2,14,48,0,0,0,0,0,0,0,0,0,0,1,0,0,0,0,0,0,0,0,0,0,0,0,0,73,0,0,0,209,0,0,0,62,0,184,0,82,1,56,1,144,4,163,0,58,0,201,4,31,0,0,3,167,0,62,0,81,0,288,0,0,0,0
10,37,12,125,0,0,110,388,438,422,0,2,0,0,0,89,37,25,0,31,0,65,5,41,100,113,0,0,0,21,0,27,0,20,0,0,0,9,2,12,0,0,0,0,0,0,0,0,0,1,0,0,136,65,411,0,59,180,112,448,13,25,168,111,0,27,129,314,0,0,1,0,0,0,0,0,0,0,0,0,0,11,0,0,0,59,0,0,0,0,0,0,0,0,0,0,0,0,0,0,0,0,0,0,0,0,0,0,0,0,0,0,0,0,0,0,0,0,0,0,0,0,0,4,0,8,0,0,0,28,0,32,0,26,0,27,0,88,0,107,0,57,0,53,0,0,0,0,0,11,0,0,0,0,0,41,0,34,0,23,0,29,0,0,0,4,0,0,0,7,0,32,0,12,0,5,40,79,0,0,0,0,1,8,0,50,0,0,0,0,0,0,0,0,0,0,0,0,0,0,0,0,0,0,1,0,0,0,0,3,0,0,0,14,0,182,0,0,0,8,0,192,0,39,4,14,12,136,0,112,0,12,0,205,0,32,0,3,0,52,0,0,0,6,10,126,0,0,0
0,1,11,1,6,0,53,0,259,0,0,0,0,0,0,0,63,0,14,0,0,0,22,0,45,0,0,0,0,0,0,0,0,0,0,0,0,0,0,0,0,0,7,0,8,0,0,0,62,0,13,0,202,28,140,59,0,51,316,44,14,0,16,0,32,32,107,188,0,0,0,0,0,0,0,1,0,0,0,0,0,0,0,0,0,0,0,0,0,0,0,0,0,0,0,1,4,0,0,0,0,0,0,0,0,0,0,0,0,0,0,0,0,0,0,0,0,0,0,0,0,0,1,0,37,0,0,0,0,0,119,0,20,0,27,1,36,0,0,1,13,0,32,0,1,2,0,0,25,0,0,0,0,0,288,47,49,0,114,14,207,0,30,0,0,0,10,0,56,3,68,0,0,0,0,0,16,1,0,0,13,9,0,0,19,14,0,0,0,0,0,0,0,0,1,0,0,0,0,0,0,0,0,0,2,0,0,0,4,0,0,0,54,0,454,2,0,0,53,0,264,0,232,0,81,1,174,0,369,3,39,1,294,0,129,3,13,0,204,0,37,0,92,0,364,0,0,0,0
0,7,0,16,0,3,0,35,44,31,0,0,0,0,0,8,3,15,0,7,0,0,0,0,0,26,0,0,0,3,0,0,0,0,0,0,0,3,0,0,0,0,0,0,0,0,0,0,0,0,0,0,64,68,79,180,51,0,99,362,0,10,5,19,11,17,103,111,0,0,0,0,0,0,0,0,0,0,0,0,0,0,0,0,0,20,0,0,0,0,0,0,0,0,0,0,0,8,0,9,0,0,0,0,0,0,0,0,0,0,0,0,0,0,0,0,0,0,0,0,0,0,0,0,0,1,0,3,0,44,0,38,0,22,0,31,0,73,0,56,0,39,0,42,0,0,0,0,0,8,0,0,0,0,8,285,0,22,0,60,7,80,0,6,0,0,0,0,0,21,0,43,0,2,0,8,10,14,0,0,0,9,0,0,7,120,0,0,0,0,0,1,0,0,0,0,0,0,0,0,0,0,0,0,0,0,0,0,0,3,0,3,0,6,0,81,0,0,0,11,0,157,0,46,0,15,0,57,0,153,0,3,2,91,0,62,0,0,0,27,0,0,0,6,0,38,0,0,0
3,1,10,0,4,0,87,0,312,14,0,1,0,0,0,0,0,0,0,0,7,0,10,0,22,0,0,0,0,0,0,0,0,0,0,0,2,0,0,0,0,0,8,0,0,0,0,0,35,0,12,0,157,75,66,112,316,99,0,82,55,0,38,0,76,13,368,264,0,0,0,0,0,0,0,0,0,0,0,0,0,0,1,0,0,0,0,0,0,0,0,0,0,0,0,0,0,0,0,0,0,0,0,0,0,0,0,0,0,0,0,0,0,0,0,0,0,0,0,0,0,0,0,0,11,0,0,0,2,0,25,0,0,0,0,0,3,0,2,0,0,0,0,0,0,0,0,0,0,1,0,0,0,0,135,27,53,7,4,4,17,0,0,0,4,0,0,0,32,2,53,0,16,0,3,0,59,0,0,0,8,9,0,0,46,31,0,0,0,0,0,0,0,0,0,0,0,0,0,0,0,0,0,0,0,0,0,0,0,0,0,0,0,0,272,0,0,0,26,0,0,0,148,0,42,0,175,4,174,0,56,0,208,6,66,0,8,0,218,0,56,0,72,0,316,2,0,0,0
0,0,0,57,1,0,0,92,0,111,0,0,0,0,1,0,0,10,0,0,0,0,0,0,5,70,0,0,0,5,0,0,0,0,0,0,0,0,0,0,0,0,0,3,0,0,0,0,0,0,0,4,54,90,78,448,44,362,82,0,0,42,16,28,12,207,105,392,0,0,0,0,0,2,0,0,0,0,0,0,0,0,0,0,0,0,0,0,0,0,0,0,0,0,0,0,0,0,0,0,0,0,0,0,0,0,0,0,0,0,0,0,0,0,0,0,0,0,0,1,0,0,0,0,0,22,0,0,0,0,1,57,0,3,0,9,0,11,0,0,0,0,0,0,0,3,0,0,0,37,0,0,0,0,8,130,3,60,0,17,0,22,0,0,0,7,0,0,0,46,2,90,0,0,0,0,14,15,0,0,0,0,0,0,4,42,0,0,0,0,0,0,0,0,0,0,0,0,0,0,0,0,0,0,0,0,0,2,0,0,0,0,0,0,0,348,0,0,0,0,0,0,0,113,0,65,0,112,1,312,0,26,2,418,0,141,1,7,3,92,0,18,0,30,5,221,0,0,0
26,0,0,0,0,0,103,8,238,0,0,0,0,0,2,0,6,0,0,0,0,0,8,0,11,10,0,0,1,0,0,0,0,0,0,0,13,0,6,0,0,0,2,0,2,0,0,0,0,0,0,0,36,0,29,13,14,0,55,0,0,0,32,4,0,0,29,0,0,0,2,0,0,0,0,0,0,0,0,0,0,0,0,0,0,0,0,0,0,0,0,0,0,0,0,0,0,0,0,0,0,0,0,0,0,0,0,0,0,0,0,0,0,0,0,0,0,0,0,0,2,0,0,0,0,0,0,0,0,0,0,0,0,0,0,0,0,0,26,0,25,0,5,0,53,0,4,0,0,0,0,0,0,0,39,0,80,0,39,0,3,0,3,0,5,0,4,0,0,0,91,0,52,0,0,0,11,0,0,0,0,0,40,0,7,0,0,0,0,0,0,0,0,0,0,0,0,0,0,0,0,0,0,0,0,0,0,0,0,0,0,0,0,0,23,0,0,0,25,0,58,0,30,0,0,0,174,0,88,0,0,0,19,0,2,0,0,0,8,0,0,0,9,0,22,0,0,0,0
0,200,0,38,0,0,0,73,0,122,0,2,0,0,0,11,0,23,0,0,0,0,3,13,0,16,0,0,0,1,0,0,0,5,0,4,0,18,0,3,0,0,0,0,0,2,0,0,0,0,0,2,0,37,0,25,0,10,0,42,0,0,3,22,0,6,0,28,0,0,0,0,0,0,0,0,0,0,0,1,0,0,0,0,0,0,0,2,0,0,0,0,0,0,0,0,0,0,0,0,0,0,0,0,0,0,0,0,0,0,0,0,0,0,0,0,0,0,0,0,0,0,0,0,0,0,0,0,0,0,0,0,0,0,0,16,0,10,0,15,0,13,0,12,0,46,0,0,0,0,0,0,0,8,0,10,0,54,0,5,0,0,0,0,0,2,0,2,0,11,0,40,0,13,0,2,0,15,0,0,0,0,0,11,0,15,0,0,0,0,0,0,0,0,0,0,0,0,0,0,0,0,0,0,0,0,0,0,0,0,0,16,0,0,0,51,0,2,0,4,0,123,0,32,0,8,0,208,0,92,0,5,0,62,0,8,0,1,0,32,0,13,0,10,0,57,0,0,0
38,6,30,0,3,0,341,41,537,88,0,0,4,0,6,0,375,7,18,0,38,0,82,3,48,100,0,0,10,0,5,1,1,0,4,0,13,0,12,0,0,0,9,0,20,0,0,0,0,0,10,0,75,31,99,168,16,5,38,16,32,3,0,80,0,0,11,30,0,0,45,0,0,0,19,0,0,0,0,0,39,0,0,0,11,0,0,0,0,0,17,0,0,0,0,0,14,0,33,0,0,0,0,0,0,0,0,0,0,0,0,0,0,0,0,0,0,0,0,0,0,0,0,0,0,0,0,0,2,0,3,0,0,0,11,0,30,0,62,0,59,0,81,0,15,0,0,0,0,1,0,0,0,0,28,1,17,0,30,0,5,0,0,0,7,0,3,0,0,0,7,1,37,0,0,0,75,12,2,0,1,0,59,2,14,8,0,0,0,0,0,0,0,0,0,0,1,0,0,0,0,0,0,0,0,0,0,0,2,0,0,0,1,0,22,0,0,0,12,0,32,0,14,0,21,1,387,0,32,0,5,0,27,0,5,0,0,0,14,0,7,0,11,0,39,0,0,0,0
20,180,0,51,0,0,66,217,149,395,0,0,0,0,0,16,30,177,0,0,0,38,15,86,108,120,0,0,0,21,0,10,0,22,0,0,0,13,3,13,0,0,0,1,0,0,0,0,0,0,0,4,28,28,124,111,0,19,0,28,4,22,80,0,0,0,0,29,0,0,0,0,0,0,0,0,0,0,0,0,0,0,0,0,0,0,0,0,0,0,0,0,0,0,0,0,0,0,0,0,0,0,0,0,0,0,0,0,0,0,0,0,0,0,0,0,0,0,0,0,0,15,0,11,0,0,0,0,0,0,0,0,0,8,0,0,0,30,0,37,0,38,0,58,0,11,0,0,0,0,0,0,0,0,0,14,1,15,0,8,0,0,0,1,0,0,0,0,0,7,0,13,0,18,0,0,4,17,0,0,0,0,0,51,0,0,0,0,0,0,0,0,0,0,0,0,0,1,0,3,0,0,0,0,0,0,0,0,0,4,0,19,0,0,0,69,0,0,0,12,0,66,0,28,0,14,5,830,0,60,5,25,0,117,0,12,0,2,0,59,0,25,0,18,9,84,0,0,0
9,0,5,0,2,0,32,0,43,0,3,0,3,0,1,0,0,0,0,0,1,0,2,0,0,0,0,0,0,0,0,0,0,0,0,0,1,0,0,0,0,0,0,0,0,0,0,0,0,0,0,0,5,0,97,0,32,11,76,12,0,0,0,0,0,17,169,12,0,0,0,0,0,0,0,0,0,0,0,0,0,0,0,0,0,0,0,0,0,0,0,0,0,0,0,0,0,0,0,0,0,0,0,0,0,0,0,0,0,0,0,0,0,0,0,0,0,0,0,0,0,0,0,0,23,0,2,0,0,0,31,2,0,0,0,0,0,0,0,0,0,0,0,0,6,0,26,0,94,7,0,0,4,0,39,14,9,0,16,9,170,15,0,0,1,0,0,0,0,0,0,0,6,0,29,16,6,0,0,0,58,6,7,0,47,4,0,0,0,0,0,0,0,0,0,0,0,0,0,0,0,0,0,0,0,0,0,0,3,0,3,0,0,0,19,0,0,0,0,0,0,0,12,0,0,0,7,0,18,0,5,0,28,0,28,0,1,0,20,1,0,0,2,0,0,0,0,0,0
0,94,0,9,0,0,0,9,0,141,0,0,0,0,0,0,0,0,0,0,0,4,0,0,0,0,0,2,0,0,0,0,0,0,0,0,0,0,0,0,0,0,0,0,0,0,0,0,0,0,0,0,0,0,0,27,32,17,13,207,0,6,0,0,17,0,22,233,0,0,0,27,0,17,0,8,0,0,1,0,0,0,0,0,0,0,0,0,0,0,0,0,0,0,0,0,0,0,0,0,0,0,0,0,0,0,0,0,0,0,0,0,0,0,0,0,0,0,0,0,0,2,0,0,0,109,0,22,3,0,29,44,0,2,0,0,0,10,0,19,0,0,0,0,20,102,0,62,15,436,0,55,0,38,41,121,3,57,43,64,84,129,0,0,0,0,0,0,0,44,0,0,0,8,25,186,1,3,0,0,5,19,0,69,0,159,0,1,0,0,0,0,0,0,0,0,0,2,0,0,0,1,0,0,0,0,0,0,0,22,0,0,0,0,2,56,0,0,0,0,2,99,0,0,2,25,0,66,0,192,0,0,1,54,3,183,0,2,0,38,0,7,0,13,0,49,0,0,0
4,0,4,0,0,0,132,0,178,10,3,0,1,0,0,0,0,0,0,0,0,0,0,0,6,0,0,0,0,0,0,0,0,0,1,0,0,0,0,0,0,0,0,0,0,0,0,0,13,0,0,0,46,66,97,129,107,103,368,105,29,0,11,0,169,22,0,119,0,0,0,0,0,0,0,0,0,0,0,0,0,0,0,0,0,0,0,0,0,0,0,0,0,0,0,0,0,0,0,0,0,0,0,0,0,0,0,0,0,0,0,0,0,0,0,0,0,0,0,0,0,0,0,0,106,0,20,0,0,0,106,0,0,0,1,0,0,3,1,0,0,0,0,0,0,0,24,0,206,0,3,0,0,0,75,27,37,0,12,13,67,16,0,0,0,0,2,0,0,0,22,0,8,0,23,7,244,8,0,0,49,8,1,0,145,35,0,0,1,0,0,0,0,0,0,0,0,0,0,0,0,0,0,0,0,0,0,0,10,1,0,0,0,0,124,0,0,0,13,0,112,3,66,2,0,0,55,5,54,0,19,0,98,0,0,0,4,0,90,0,17,0,26,0,126,3,0,0,0
0,18,3,17,0,5,41,25,147,174,0,3,0,0,0,0,6,0,0,0,0,0,0,0,17,21,0,4,0,0,0,0,0,2,0,0,0,0,0,0,0,0,0,0,0,0,0,0,0,0,0,0,168,46,299,314,188,111,264,392,0,28,30,29,12,233,119,0,0,0,0,0,0,0,0,0,0,0,0,0,0,0,0,0,0,1,0,0,0,0,0,0,0,0,0,0,0,0,0,0,0,0,0,0,0,0,0,0,0,0,0,0,0,0,0,0,0,0,0,0,0,0,0,0,0,35,0,0,0,0,0,54,0,4,0,0,0,13,0,0,0,0,0,0,0,27,0,0,0,96,0,8,0,3,29,194,5,107,0,48,26,46,0,9,0,11,0,0,0,56,0,69,0,11,4,52,60,106,0,0,0,17,0,23,7,552,0,0,0,0,0,0,0,0,0,0,0,0,0,0,0,0,0,0,0,0,0,0,0,4,0,0,0,0,1,322,0,0,0,0,0,370,0,149,0,28,0,204,0,318,0,25,1,398,1,314,0,3,0,106,0,13,1,35,4,248,0,0,0
0,0,0,0,0,0,0,0,0,0,0,0,0,0,0,0,0,0,0,0,0,0,0,0,0,0,0,0,0,0,0,0,0,0,0,0,0,0,0,0,0,0,0,0,0,0,0,0,0,0,0,0,0,0,0,0,0,0,0,0,0,0,0,0,0,0,0,0,0,0,0,0,0,0,0,0,100,0,29,0,0,0,86,0,0,0,12,0,8,0,0,0,0,0,23,0,0,0,0,0,6,0,125,0,0,0,20,0,21,0,0,0,27,0,31,0,2,0,0,0,0,0,0,0,0,0,0,0,0,0,0,0,0,0,0,0,0,0,0,0,0,0,0,0,0,0,0,0,0,0,0,0,0,0,0,0,0,0,0,0,0,0,0,0,15,0,0,0,18,0,0,0,0,0,0,0,0,0,0,0,0,0,0,0,0,0,0,0,0,0,0,0,39,0,0,0,0,0,0,0,0,0,0,0,0,0,0,0,0,0,0,0,64,0,132,0,53,0,0,0,0,0,45,0,9,0,0,0,11,0,0,0,0,0,0,0,0,0,0,0,0,0,0,0,0,0,0,0,0
0,0,0,0,0,0,0,0,0,0,0,0,0,0,0,0,0,0,0,0,0,0,0,0,0,0,0,0,0,0,0,0,0,0,0,0,0,0,0,0,0,0,0,0,0,0,0,0,0,17,0,0,0,0,0,0,0,0,0,0,0,0,0,0,0,0,0,0,0,0,0,0,0,0,0,0,0,25,0,0,0,14,0,63,0,0,0,11,0,34,0,0,0,5,0,105,0,4,0,0,0,6,0,283,0,0,0,0,0,29,0,20,0,39,0,4,0,3,0,0,0,0,0,0,0,0,0,0,0,0,0,0,0,0,0,0,0,0,0,0,0,0,0,0,0,0,0,0,0,0,0,6,0,0,0,0,0,0,0,0,0,0,0,0,0,24,0,0,0,3,0,0,0,0,0,0,0,1,0,0,0,0,0,0,0,0,0,0,0,0,0,0,0,0,0,0,0,2,0,0,0,0,0,0,0,0,0,0,0,0,0,3,0,135,0,60,0,92,2,26,0,3,0,109,0,9,0,6,1,22,0,0,0,2,0,1,0,0,0,0,0,0,0,4,0,0,0,0,0
0,0,12,0,0,2,0,0,0,0,0,0,0,0,0,0,95,0,0,0,47,0,6,0,0,0,0,0,63,0,12,0,8,0,8,0,140,0,3,0,0,0,16,0,78,0,0,0,5,0,48,0,3,0,0,1,0,0,0,0,2,0,45,0,0,0,0,0,0,0,0,0,70,0,55,0,0,0,196,0,0,0,5,0,4,0,82,0,0,0,0,0,0,0,0,0,0,5,0,3,0,0,0,0,0,0,0,0,0,0,0,0,0,0,0,0,0,0,0,0,25,0,20,0,0,0,12,0,0,0,0,0,0,0,11,0,14,0,0,0,50,0,58,0,101,0,7,9,2,7,29,0,13,0,0,0,12,0,2,0,0,0,61,0,0,1,11,0,20,0,63,0,12,0,35,6,0,0,4,0,0,0,0,0,0,0,0,0,0,0,0,0,0,0,0,0,0,0,0,0,0,0,2,0,0,0,0,0,26,0,0,0,0,0,1,0,0,0,4,0,0,3,0,0,0,0,12,0,6,0,0,0,0,0,0,0,0,0,0,0,2,0,1,0,0,3,0,0,0
0,21,0,0,0,6,0,0,0,12,0,10,0,0,0,11,0,0,0,14,0,36,0,20,0,0,0,0,0,0,0,22,0,19,0,13,0,38,0,2,0,0,0,9,0,6,0,0,0,1,0,32,0,2,0,0,0,0,0,0,0,0,0,0,0,27,0,0,0,0,0,0,0,87,1,190,0,23,0,63,0,0,0,0,0,0,3,32,0,0,0,0,0,0,2,0,0,0,0,0,0,0,0,0,0,0,0,0,0,0,0,0,0,0,0,0,0,0,0,0,0,20,0,34,0,60,0,36,6,0,0,32,0,28,0,0,0,10,0,0,0,6,0,12,0,88,0,43,0,82,8,20,0,35,2,0,0,0,0,0,0,0,0,74,0,1,0,0,0,7,0,16,0,3,0,75,0,0,0,0,18,64,0,2,0,0,0,0,0,0,0,0,0,0,0,0,4,0,0,0,0,0,0,0,0,0,0,11,0,7,0,0,0,1,0,0,0,0,0,0,0,5,0,7,0,0,0,27,0,36,0,1,0,0,0,15,0,1,0,12,0,6,0,1,0,14,0,0,0
