0,194,43,118,130,10,16,27,27,7,179,47,193,1,18,112,100,73,15,0,9,0,151,160,24,166,0,0,135,0,7,0,59,4,0,0,40,4,481,36,30,0,0,0,5,0,7,0,0,0,0,0,0,0,0,2,2,0,2,0,172,10,87,7,8,0,4,0,0,0,1,0,0,0,0,0,0,0,0,0,0,0,0,0,0,1,0,0,0,0,5,0,0,0,0,0,0,0,0,0,0,0,0,0,0,0,0,0,0,0,0,0,0,0,0,0,0,0,0,0,0,0,0,0,30,0,0,0,0,0,14,0,0,0,0,0,0,0,0,0,0,0,0,0,0,0,4,0,32,0,12,0,14,0,0,0,0,0,0,0,6,2,2,0,0,0,0,0,6,0,3,0,169,0,0,0,100,98,13,0,9,0,6,5,20,0,7,0,0,0,0,0,0,0,0,0,0,0,0,0,0,0,0,0,0,0,0,0,3,0,0,2,0,0,28,0,0,0,9,0,190,8,10,0,10,0,294,19,169,6,45,0,126,1,30,3,18,0,263,6,178,0,115,0,456,0,0,0,0
194,0,86,12,0,203,87,13,47,66,0,427,0,248,6,110,128,69,0,62,0,0,248,71,301,94,0,88,13,166,0,4,5,90,0,0,0,64,31,542,0,143,0,3,0,2,0,62,0,1,0,0,0,16,7,11,0,6,0,9,28,240,23,211,0,41,0,15,0,0,0,0,0,3,0,0,0,0,0,0,0,0,0,0,0,2,0,0,0,0,0,0,0,0,0,0,0,0,0,0,0,0,0,0,0,0,0,0,0,0,0,0,0,0,0,0,0,0,0,0,0,0,0,0,0,20,0,4,0,0,0,7,0,0,0,6,0,10,0,4,0,5,0,0,0,0,0,24,0,52,0,52,0,38,0,5,0,7,0,0,0,4,0,0,0,0,0,1,0,1,0,14,24,40,0,8,51,297,0,1,0,21,0,48,0,96,0,8,0,0,0,0,0,0,0,0,0,0,0,0,0,0,0,0,0,0,0,3,0,5,0,6,0,0,0,56,0,4,0,5,13,392,3,7,0,12,12,122,0,281,1,192,0,467,0,65,0,29,5,264,1,49,0,66,8,650,0,0,0
43,86,0,52,246,0,54,0,21,6,30,56,109,3,225,81,62,38,50,4,24,0,794,61,210,55,28,0,170,0,58,3,121,0,4,0,59,0,280,28,23,0,0,0,0,0,20,0,2,0,3,0,1,0,22,0,13,0,8,0,61,9,43,2,13,0,0,0,0,0,0,0,0,0,0,0,0,0,0,0,0,0,0,0,0,0,0,0,0,0,0,0,0,0,0,0,0,0,0,0,0,0,0,0,0,0,0,0,0,0,0,0,0,0,0,0,0,0,0,0,0,0,0,0,130,0,41,0,0,0,86,0,15,0,14,0,0,0,0,0,0,0,0,0,0,0,76,0,109,0,46,0,3,0,0,0,0,0,1,0,16,0,0,0,0,0,14,0,5,0,4,0,87,0,0,0,17,41,2,0,0,0,0,0,7,0,1,0,0,0,2,0,0,0,0,0,0,0,4,0,0,0,0,0,0,0,4,0,37,0,0,0,0,0,41,0,0,0,0,1,250,6,10,0,9,0,40,0,91,0,60,0,120,6,15,0,8,0,77,0,54,0,56,1,295,0,0,0,0
118,12,52,0,12,109,0,53,0,9,14,7,0,10,14,347,61,34,0,99,4,6,162,361,67,223,0,28,9,137,0,8,5,87,0,0,0,18,20,193,0,6,0,0,0,0,0,9,0,0,0,0,0,2,0,11,0,5,0,6,5,15,0,15,0,4,0,1,0,0,0,0,0,0,0,0,0,0,0,0,0,0,0,0,0,0,0,0,0,0,0,0,0,0,0,0,0,0,0,0,0,0,0,1,0,0,0,0,0,0,0,0,0,0,0,0,0,0,0,0,0,0,0,1,0,9,0,6,0,0,0,0,0,2,0,1,0,20,0,0,0,0,0,0,0,0,0,0,0,11,0,7,0,0,0,2,0,0,0,0,0,4,0,0,0,0,0,0,0,0,0,1,13,14,0,0,13,56,0,0,0,0,0,1,0,0,0,0,0,0,0,0,0,0,0,0,0,0,0,0,0,0,0,0,0,0,0,0,0,6,0,0,0,0,0,10,0,0,0,0,0,109,0,0,0,0,0,45,0,71,0,25,0,98,0,11,0,6,0,29,0,13,0,8,8,96,0,0,0
130,0,246,12,0,140,31,0,21,0,48,81,336,112,210,221,9,0,66,54,74,53,151,42,0,3,62,33,0,0,138,19,205,0,124,20,164,27,125,0,81,5,4,6,10,0,28,0,1,0,58,5,0,0,9,1,5,0,4,0,0,0,0,0,18,0,0,0,0,0,0,0,0,0,0,0,0,0,0,0,0,0,0,0,0,0,0,0,0,0,0,0,0,0,0,0,0,0,0,0,0,0,0,0,0,0,0,0,0,0,0,0,0,0,0,0,0,0,0,0,0,0,0,0,45,0,19,0,0,0,26,0,0,0,9,0,0,0,0,0,0,0,0,0,0,0,59,0,104,0,71,0,68,0,0,0,2,0,1,0,5,0,0,0,8,0,113,0,11,0,0,0,82,0,13,0,62,108,64,5,54,0,50,0,60,0,3,11,0,0,0,0,0,0,0,0,0,0,0,0,0,0,0,0,0,0,0,0,11,0,4,0,0,0,22,0,0,0,15,3,384,0,0,0,58,0,229,13,166,0,309,0,0,0,32,2,92,5,101,0,79,0,167,0,444,0,0,0,0
10,203,0,109,140,0,0,33,0,74,89,76,110,201,256,139,0,9,65,126,186,114,186,103,0,0,0,176,0,42,47,153,31,177,19,76,35,132,33,22,0,69,0,0,0,0,0,59,0,0,2,14,0,1,0,0,0,7,0,6,0,0,0,0,0,42,0,4,0,0,0,6,0,0,0,5,0,0,0,0,0,0,0,2,0,0,0,0,0,0,0,0,0,0,0,0,0,0,0,0,0,0,0,0,0,0,0,0,0,0,0,0,0,0,0,0,0,0,0,0,0,0,0,6,0,32,0,6,0,0,0,6,0,0,0,16,0,22,0,0,0,0,0,12,0,10,0,26,0,69,0,51,0,28,0,0,0,0,0,0,0,3,0,0,0,3,0,24,2,2,0,3,0,13,0,3,41,160,0,5,0,29,0,0,0,63,1,2,0,0,0,0,0,0,0,0,0,0,0,0,0,0,0,0,0,0,0,0,0,12,0,0,0,0,0,13,0,0,0,0,46,305,0,0,0,28,0,138,0,229,0,260,0,335,0,41,1,73,0,48,0,39,3,39,0,255,0,0,0
16,87,54,0,31,0,0,0,77,207,22,0,45,0,15,0,9,33,0,0,9,0,66,0,555,179,0,1,0,0,0,0,3,0,0,0,3,0,0,13,14,0,0,0,0,0,3,0,3,0,2,0,72,26,334,72,81,0,42,0,133,0,341,76,29,0,41,0,0,0,0,0,0,0,0,0,0,0,0,0,0,2,0,0,0,0,0,0,0,0,0,0,0,0,0,0,0,0,0,0,0,0,0,0,0,0,0,0,0,0,0,0,0,0,0,0,0,0,0,0,0,0,0,0,81,0,22,0,0,0,113,0,24,0,0,0,0,0,0,0,0,0,0,0,0,0,11,0,48,0,0,0,0,0,2,0,0,0,0,0,66,0,0,0,0,0,0,0,7,0,60,0,101,0,0,0,18,61,0,0,0,0,7,9,0,3,1,0,0,0,0,0,1,0,0,0,0,0,0,0,0,0,0,0,0,0,0,0,19,0,0,0,0,0,266,0,0,0,5,0,371,0,21,0,40,0,61,0,167,3,19,0,203,0,54,0,7,0,273,0,72,0,54,0,721,0,0,0,0
27,13,0,53,0,33,0,0,132,25,0,3,0,9,0,155,16,12,0,93,0,17,0,35,133,506,0,0,0,53,0,0,0,7,0,0,0,0,5,118,0,6,0,3,0,0,0,0,0,0,0,0,0,45,17,125,0,58,0,93,14,241,30,397,0,13,0,14,0,0,0,0,0,0,0,0,0,0,0,0,0,0,0,0,0,0,0,0,0,0,0,0,0,0,0,0,0,0,0,0,0,0,0,0,0,0,0,0,0,0,0,0,0,0,0,0,0,0,0,0,0,0,0,0,0,85,0,35,0,0,0,19,0,16,0,19,0,38,0,0,0,0,0,0,0,0,0,11,1,23,0,50,0,0,0,13,0,0,0,0,0,51,0,1,0,0,0,1,0,0,4,12,0,11,0,0,5,48,0,0,0,0,0,7,0,0,0,0,0,0,0,0,0,0,0,0,0,0,0,12,0,0,0,0,0,0,0,0,0,49,0,0,0,0,0,127,0,0,0,8,0,320,0,27,0,34,0,39,3,233,0,28,0,323,0,70,0,7,0,103,4,22,0,16,8,311,0,0,0
27,47,21,0,21,0,77,132,0,544,26,0,42,0,11,0,6,17,5,0,0,0,2,1,28,272,14,0,0,0,0,0,0,0,2,0,0,0,8,2,11,0,0,1,1,0,4,0,0,0,0,0,108,50,32,368,28,35,54,69,166,0,265,85,117,0,143,81,0,0,0,0,0,0,0,0,0,0,0,0,0,0,0,0,0,0,0,0,0,0,0,0,0,0,0,0,0,0,0,0,0,0,0,0,0,0,0,0,0,0,0,0,0,0,0,0,0,0,0,0,0,1,0,0,106,0,12,0,1,0,85,0,7,0,0,0,0,0,0,0,0,0,0,0,0,0,47,2,249,0,18,0,18,0,7,0,5,0,0,0,23,1,0,0,0,0,0,0,0,0,62,0,52,0,0,0,211,110,0,0,0,0,47,0,31,25,3,0,0,0,0,0,0,0,0,0,0,0,0,0,0,0,0,0,0,0,1,0,4,0,0,0,0,0,272,0,0,0,5,0,170,0,13,0,16,0,82,3,99,0,12,0,161,5,41,3,5,0,228,0,65,0,38,0,599,0,0,0,0
7,66,6,9,0,74,207,25,544,0,1,152,0,68,0,16,33,2,0,48,0,0,3,3,269,4,0,50,0,4,0,2,0,0,0,0,0,1,1,14,0,29,0,0,0,0,0,18,0,1,0,2,82,85,417,37,33,42,64,65,22,157,98,184,0,120,28,99,0,0,0,0,0,0,0,0,0,0,0,0,0,0,0,0,0,0,0,0,0,0,0,0,0,0,0,0,0,0,0,0,0,0,0,0,0,0,0,0,0,0,0,0,0,0,0,0,0,0,0,0,0,0,0,0,0,99,0,13,0,0,0,59,0,7,0,6,3,9,0,0,0,0,0,0,0,2,0,32,0,100,0,36,0,10,0,28,0,65,0,3,0,59,0,0,0,0,0,0,0,3,12,22,0,13,0,2,84,519,0,0,0,3,1,18,22,130,0,0,0,0,0,0,0,0,0,0,0,0,0,0,0,0,0,0,0,0,0,0,2,12,0,0,0,0,0,190,0,1,0,8,0,200,0,28,0,14,5,111,0,294,0,23,0,333,0,76,0,4,0,193,0,26,0,37,7,395,0,0,0
179,0,30,14,48,89,22,0,26,1,0,80,221,15,34,188,4,0,4,0,34,9,36,23,0,0,0,2,7,0,77,0,133,0,17,0,199,0,171,0,26,0,0,0,2,0,4,0,0,0,2,0,0,0,0,0,0,0,0,0,0,0,0,0,5,0,0,0,0,0,0,0,0,0,0,0,0,0,0,0,0,0,0,0,0,0,0,0,0,0,0,0,0,0,0,0,0,0,0,0,0,0,0,0,0,0,0,0,0,0,0,0,0,0,0,0,0,0,0,0,0,0,0,0,22,0,2,0,0,0,9,0,0,0,0,0,0,0,0,0,0,0,0,0,2,0,11,0,21,0,26,0,34,0,0,0,0,0,0,0,0,0,0,0,0,0,44,0,0,0,0,0,60,0,16,0,71,53,85,0,71,0,71,0,38,0,15,1,0,0,0,0,0,0,0,0,0,0,0,0,0,0,0,0,0,0,0,0,0,0,0,0,0,0,7,0,0,0,4,1,150,8,2,0,3,0,212,12,89,0,166,0,42,5,11,0,26,2,60,0,53,0,112,1,213,0,0,0,0
47,427,56,7,81,76,0,3,0,152,80,0,24,168,168,49,30,21,19,16,127,63,240,118,0,0,6,73,3,72,28,100,28,375,0,28,13,233,26,103,0,256,0,0,0,0,0,78,0,12,0,5,0,16,0,0,0,2,0,1,0,12,0,15,0,21,0,12,0,0,0,7,0,0,0,6,0,2,0,0,0,0,0,0,0,14,0,0,0,0,0,0,0,0,0,0,0,0,0,0,0,0,0,0,0,0,0,0,0,0,0,0,0,0,0,0,0,0,0,1,0,17,0,8,0,0,0,0,0,0,0,0,0,2,0,0,0,0,0,0,0,5,0,12,0,0,0,18,0,47,0,93,0,74,0,11,0,12,0,0,0,3,0,0,0,0,0,24,0,3,0,8,0,46,0,26,33,329,2,13,0,129,0,15,0,80,0,30,0,0,0,0,0,0,0,0,0,3,0,0,0,0,0,0,0,0,0,0,0,5,0,0,0,1,0,18,0,5,0,5,20,371,0,0,0,14,6,381,11,207,5,494,0,567,1,35,0,117,6,153,0,88,2,103,11,480,0,0,0
193,0,109,0,336,110,45,0,42,0,221,24,0,417,57,125,0,0,40,147,47,54,0,0,0,0,39,244,0,0,82,35,40,0,270,28,157,31,7,0,205,78,73,20,3,0,30,83,37,1,222,43,1,0,5,0,0,0,1,0,0,0,0,0,15,0,0,0,0,0,0,0,0,0,0,0,0,0,0,0,0,0,0,0,0,0,0,0,0,0,0,0,0,0,0,0,0,0,0,0,0,0,0,0,0,0,0,0,0,0,0,0,0,0,0,0,0,0,2,0,0,0,0,0,39,0,9,0,0,0,13,0,0,0,0,0,0,0,0,0,0,0,0,0,0,0,24,0,63,0,60,0,90,0,0,0,0,0,0,0,0,0,0,0,21,0,28,0,10,0,0,0,0,0,72,0,145,106,160,3,198,0,131,0,61,0,50,34,0,0,0,0,0,0,0,0,0,0,0,0,0,0,0,0,0,0,0,0,16,0,0,0,0,0,8,0,0,0,83,30,97,0,6,0,248,18,327,0,58,0,114,8,9,0,14,0,70,8,27,0,24,0,58,0,169,0,0,0,0
1,248,3,10,112,201,0,9,0,68,15,168,417,0,118,21,0,0,465,117,291,85,0,0,0,0,248,84,0,0,32,41,12,17,74,179,26,120,0,0,134,226,11,74,5,19,72,126,0,13,38,149,0,1,0,0,0,0,0,0,0,0,0,0,0,16,0,0,0,0,0,0,0,0,0,0,0,0,0,0,0,0,0,0,0,0,0,0,0,0,0,0,0,0,0,0,0,0,0,0,0,0,0,0,0,0,0,0,0,0,0,0,0,0,0,0,0,0,0,0,0,0,0,0,0,14,0,3,0,0,0,2,0,1,0,9,0,7,0,0,0,0,0,0,0,0,0,0,0,30,0,0,0,0,0,0,0,0,0,0,0,0,0,0,0,14,0,0,0,5,0,0,0,0,0,12,29,374,15,21,0,59,0,3,0,42,43,95,0,0,0,0,0,0,0,1,0,1,0,2,0,0,0,0,0,0,0,0,0,0,0,0,0,0,0,0,0,4,0,183,0,54,0,12,0,256,0,255,7,103,0,94,0,68,0,8,1,63,0,0,0,16,0,28,0,73,0,0,0
18,6,225,14,210,256,15,0,11,0,34,168,57,118,0,525,3,0,249,100,218,82,341,0,15,0,93,29,1,0,174,0,131,0,53,17,98,43,8,0,12,0,0,0,5,0,15,0,0,0,10,3,13,0,87,0,24,0,10,0,0,0,0,0,16,0,0,0,0,0,0,0,0,0,0,0,0,0,0,0,0,0,0,0,0,0,0,0,0,0,0,0,0,0,0,0,0,0,0,0,0,0,0,0,0,0,0,0,0,0,0,0,0,0,0,0,0,0,1,0,0,0,3,0,69,0,49,0,10,0,22,0,14,0,89,0,43,0,0,0,0,0,0,0,2,0,82,0,152,0,79,0,45,0,4,0,0,0,0,0,22,0,0,0,0,0,76,0,0,0,0,0,26,0,0,0,51,89,39,13,10,0,8,0,42,0,0,14,0,0,0,0,0,0,0,0,0,0,13,0,7,0,0,0,0,0,11,0,86,0,0,0,0,0,0,0,1,0,5,0,120,21,0,0,0,0,145,0,94,0,68,0,22,28,0,0,16,7,33,0,15,3,38,5,144,25,0,0,0
112,110,81,347,221,139,0,155,0,16,188,49,125,21,525,0,67,69,66,308,404,283,403,224,0,239,0,121,6,14,150,61,85,28,41,37,60,57,46,9,0,2,0,10,0,0,0,0,0,0,2,7,0,6,0,90,0,17,0,11,0,0,0,13,0,18,0,1,0,0,0,2,0,0,0,0,0,0,0,0,0,0,0,8,0,21,0,2,0,11,0,10,0,0,0,0,0,12,0,0,0,0,0,0,0,16,0,34,0,0,0,0,0,0,0,0,0,0,0,0,0,0,0,3,0,29,0,22,0,0,0,0,0,11,0,179,0,182,0,15,0,0,0,20,0,0,0,36,0,62,0,71,0,42,0,15,0,18,0,7,0,0,0,0,0,0,0,0,0,0,0,5,0,3,0,0,21,66,9,0,0,27,0,0,0,40,2,0,0,0,0,0,0,0,0,0,0,0,0,46,0,11,0,0,0,0,0,18,2,90,0,0,0,0,0,11,0,5,0,0,45,40,1,0,0,3,26,395,21,47,16,37,0,42,3,0,3,7,0,85,10,16,13,28,44,96,0,0,0
100,128,62,61,9,0,9,16,6,33,4,30,0,0,3,67,0,69,104,0,438,0,212,123,175,131,47,0,579,0,242,0,87,11,9,0,5,0,268,39,0,0,0,0,0,0,4,0,0,0,0,0,108,0,68,4,24,0,0,0,19,14,480,25,0,0,0,0,0,0,1,0,0,0,1,0,0,0,0,0,14,0,0,0,48,0,0,0,0,0,82,0,0,0,8,0,273,1,20,0,0,0,0,0,44,0,49,0,0,0,0,0,0,0,0,0,0,0,0,0,1,0,0,0,0,0,0,0,147,0,0,0,30,0,319,0,358,0,46,0,47,0,453,0,0,0,0,0,0,0,0,0,0,0,41,0,0,0,48,0,36,0,2,0,0,0,0,0,0,0,7,0,34,2,0,0,6,23,0,2,1,0,0,2,0,0,0,0,0,0,0,0,0,0,0,0,0,0,49,0,289,0,3,0,0,0,9,0,22,0,0,0,0,0,17,0,0,0,1,0,82,7,0,0,7,0,366,0,50,0,5,0,45,0,0,0,2,0,35,0,11,0,19,0,101,5,0,0,0
73,69,38,34,0,9,33,12,17,2,0,21,0,0,0,69,69,0,0,27,0,194,105,94,183,222,0,0,2,413,0,91,0,66,0,6,0,0,26,123,0,0,0,0,0,0,0,0,0,0,0,0,0,33,0,46,0,56,0,4,0,10,13,473,0,0,0,0,0,0,0,0,0,2,0,0,0,0,0,0,0,0,0,6,0,53,0,8,0,0,0,41,0,0,0,11,0,51,0,0,0,12,0,16,0,17,0,77,0,0,0,0,0,0,0,0,0,0,0,0,0,1,0,0,0,0,0,4,0,33,0,3,0,13,0,262,0,242,0,98,0,109,0,169,0,0,0,0,0,0,0,0,0,0,0,31,0,0,0,17,0,20,0,0,0,0,0,1,0,0,0,2,0,0,0,0,5,22,0,0,0,0,0,0,1,0,0,0,0,0,0,0,0,0,0,0,0,0,0,0,2,15,0,0,0,0,0,0,0,24,0,0,0,0,0,0,0,0,0,0,0,20,0,0,0,3,8,554,0,16,0,0,0,15,0,0,0,0,0,0,0,1,0,0,0,6,0,0,0
15,0,50,0,66,65,0,0,5,0,4,19,40,465,249,66,104,0,0,126,200,77,295,0,30,0,144,207,0,0,43,28,7,0,305,47,56,42,0,0,4,53,49,40,29,0,68,32,0,0,192,55,6,0,147,0,71,0,0,0,0,0,0,0,8,0,0,0,0,0,0,0,0,0,4,0,0,0,0,0,0,0,0,0,0,0,0,0,0,0,0,0,0,0,0,0,0,0,0,0,0,0,0,0,0,0,14,0,0,0,0,0,0,0,0,0,0,0,0,0,0,0,0,0,0,0,27,0,0,0,0,0,0,0,248,0,89,0,0,0,0,0,0,0,0,0,39,0,32,0,54,0,17,0,0,0,0,0,0,0,0,0,0,0,18,0,17,0,6,0,0,0,8,2,0,0,11,35,13,2,6,0,3,0,16,0,0,33,0,0,0,0,0,0,0,0,0,0,81,0,94,0,0,0,0,0,24,0,105,0,0,0,0,0,6,0,0,0,25,22,28,10,5,0,69,0,193,7,20,0,57,0,0,0,0,0,0,0,13,0,7,0,25,0,51,0,0,0,0
0,62,4,99,54,126,0,93,0,48,0,16,147,117,100,308,0,27,126,0,127,331,0,119,0,74,55,293,0,0,31,101,20,5,35,194,14,74,0,0,17,5,1,72,0,13,6,49,1,6,8,160,0,7,0,54,0,16,0,8,0,0,0,0,0,0,0,0,0,0,0,0,0,0,0,3,0,0,0,0,0,0,0,15,0,63,0,0,0,31,0,0,0,0,0,14,0,51,0,4,0,19,0,0,0,27,0,79,0,0,0,0,0,0,0,0,0,0,0,0,0,0,0,9,0,53,0,25,0,0,0,9,0,12,0,206,0,169,0,16,0,0,0,38,0,7,0,22,0,76,0,69,0,0,0,12,0,0,0,0,0,0,0,0,0,3,0,4,0,6,0,2,0,0,0,0,0,19,5,0,0,0,0,1,0,62,6,9,0,0,0,0,0,0,0,0,0,0,0,0,0,28,0,0,0,0,0,0,0,96,0,0,0,0,0,0,0,0,0,30,0,28,0,3,8,57,0,134,0,62,0,32,0,50,0,7,3,0,0,27,0,0,0,10,0,59,0,0,0
9,0,24,4,74,186,9,0,0,0,34,127,47,291,218,404,438,0,200,127,0,105,228,10,66,0,81,78,47,0,81,49,50,9,85,60,98,54,5,0,0,7,25,0,8,0,4,0,0,1,47,13,0,0,60,0,47,0,23,0,0,0,71,0,0,0,0,0,0,0,20,0,0,0,21,0,0,0,0,0,55,0,0,0,70,0,0,0,18,0,153,0,0,0,0,0,457,0,136,0,0,0,0,0,34,0,94,0,0,0,0,0,0,0,0,0,0,0,0,0,23,0,51,0,0,0,0,0,0,0,0,0,0,0,216,0,116,0,28,0,83,0,319,0,29,0,0,0,0,0,8,0,2,0,0,0,0,0,0,0,31,0,0,0,0,0,14,0,0,0,0,0,13,0,1,0,15,28,20,5,0,0,0,0,1,0,17,25,0,0,0,0,0,0,0,0,0,0,48,0,159,0,0,0,0,0,14,0,43,0,0,0,0,0,0,0,0,0,17,0,22,0,2,0,45,0,356,19,21,9,67,13,10,0,1,0,20,0,33,3,44,0,64,0,77,19,0,0,0
0,0,0,6,53,114,0,17,0,0,9,63,54,85,82,283,0,194,77,331,105,0,16,318,0,183,16,198,0,22,36,73,0,52,25,32,12,84,0,6,0,0,0,55,0,21,1,4,0,5,0,25,0,50,0,55,0,17,0,0,0,8,0,168,0,4,0,0,0,0,0,10,0,0,0,0,0,0,0,0,0,55,0,63,0,289,0,54,0,96,0,96,0,1,0,93,0,154,0,20,0,70,0,0,0,40,0,118,0,0,0,0,0,0,0,0,0,0,0,0,0,72,0,51,0,0,0,0,0,19,0,0,0,0,0,289,0,161,0,137,0,243,0,372,0,66,0,0,0,0,0,0,0,0,0,26,0,4,0,0,0,0,0,0,0,2,1,3,0,0,0,0,0,0,0,0,3,20,0,0,0,0,0,0,0,0,0,32,0,0,0,0,0,0,0,0,0,0,0,27,0,34,0,0,0,0,0,0,0,38,0,0,0,0,0,0,0,0,0,15,9,17,0,0,0,21,0,267,0,29,0,21,0,35,0,0,0,10,0,57,0,15,0,30,6,75,0,0,0
151,248,794,162,151,186,66,0,2,3,36,240,0,0,341,403,212,105,295,0,228,16,0,317,128,101,78,0,36,0,70,0,40,40,2,0,28,16,73,73,0,0,0,0,6,0,4,0,0,0,1,0,15,0,103,0,28,0,22,0,7,0,7,0,2,0,0,0,0,0,0,0,0,0,0,0,0,0,0,0,0,0,0,0,0,0,0,0,0,0,0,0,0,0,0,0,0,0,0,0,0,0,0,0,0,0,0,0,0,0,0,0,0,0,0,0,0,0,0,0,0,0,0,0,63,6,43,0,0,0,28,0,25,0,133,0,106,0,0,0,0,0,37,0,0,0,53,0,33,0,42,0,6,0,5,0,0,0,0,0,72,0,0,0,0,0,22,0,0,0,0,0,29,0,0,0,72,114,29,10,0,0,6,0,7,0,0,0,0,0,0,0,1,0,0,0,6,0,34,0,19,0,0,0,0,0,24,0,97,0,0,0,0,0,5,1,0,1,3,0,41,10,0,0,1,0,303,56,49,6,8,0,27,0,2,0,0,0,23,10,0,0,15,0,52,15,0,0,0
160,71,61,361,42,103,0,35,1,3,23,118,0,0,0,224,123,94,0,119,10,318,317,0,51,265,0,7,15,89,6,72,0,31,1,6,7,9,53,8,0,0,0,0,0,0,0,0,0,0,0,0,0,16,0,49,0,12,0,0,12,8,0,53,0,0,0,0,0,3,0,1,0,0,0,0,0,0,0,0,0,4,0,15,0,31,0,0,0,0,0,21,0,0,0,11,0,32,0,0,0,10,0,0,0,7,1,40,0,0,0,0,0,0,0,0,0,0,0,0,0,5,0,4,0,9,0,0,0,0,0,0,0,13,0,107,0,111,0,13,0,26,0,46,0,4,0,3,0,0,0,0,0,0,0,12,0,0,0,7,0,0,0,0,0,0,0,3,2,2,0,0,0,0,0,0,8,27,0,4,0,0,1,3,0,0,0,0,0,0,0,0,0,0,0,0,0,0,0,21,4,11,0,0,0,0,0,0,0,34,0,0,0,2,0,3,0,1,0,0,0,16,0,0,1,2,5,538,0,17,0,4,0,0,0,0,0,0,0,19,4,4,0,0,0,20,0,0,0
24,301,210,67,0,0,555,133,28,269,0,0,0,0,15,0,175,183,30,0,66,0,128,51,0,721,0,0,35,4,6,0,0,0,1,0,2,9,50,89,0,0,0,0,0,0,0,0,0,0,0,0,35,35,100,85,52,1,18,0,61,88,158,184,0,0,0,0,0,0,0,0,0,0,0,0,0,0,0,0,2,0,0,0,0,8,0,0,0,0,0,0,0,0,0,1,0,4,0,0,0,0,0,0,0,0,0,0,0,0,0,0,0,0,0,0,0,0,0,0,0,0,1,0,0,2,7,0,119,0,0,0,41,0,95,5,158,0,5,2,0,5,39,11,1,0,12,0,3,0,9,0,0,0,14,0,0,0,22,0,82,0,0,0,0,0,0,0,0,0,0,0,25,0,0,0,7,49,0,0,0,1,3,15,0,0,0,0,0,0,0,0,0,0,0,0,0,0,24,0,0,0,0,0,0,0,8,0,16,0,0,0,0,0,13,0,0,0,0,0,36,8,7,0,2,0,307,0,41,11,0,1,0,7,7,0,0,0,30,2,10,0,4,2,90,12,0,0,0
166,94,55,223,3,0,179,506,272,4,0,0,0,0,0,239,131,222,0,74,0,183,101,265,721,0,0,13,6,91,0,33,0,3,0,3,0,3,43,64,0,0,0,0,0,0,0,0,0,0,0,0,11,6,26,186,0,39,0,8,81,78,105,189,0,0,3,0,0,0,0,0,0,0,0,0,0,0,0,0,0,0,0,1,0,0,0,2,0,0,0,0,0,0,0,0,4,3,1,0,0,0,0,0,0,0,0,0,0,0,0,0,0,0,0,0,0,0,0,0,0,0,0,0,0,0,0,13,0,0,0,5,0,14,0,78,0,130,0,20,0,0,0,0,0,0,0,0,0,5,0,0,0,0,0,8,0,3,0,4,0,36,0,0,0,0,0,0,0,0,2,1,24,4,0,0,8,57,0,0,0,0,0,3,0,0,0,0,0,0,0,0,0,0,0,0,0,0,1,13,0,0,0,0,0,1,0,0,0,38,0,3,0,0,0,9,0,0,1,0,0,34,0,0,1,0,7,282,11,47,0,2,0,45,0,9,0,0,16,11,10,3,7,0,26,37,0,0,0
0,0,28,0,62,0,0,0,14,0,0,6,39,248,93,0,47,0,144,55,81,16,78,0,0,0,0,309,5,0,7,0,0,0,35,10,47,8,0,0,14,202,194,30,66,3,37,175,2,0,207,32,0,0,56,0,24,0,0,0,0,0,0,0,3,0,0,0,0,0,47,0,0,0,23,0,0,0,0,0,44,0,0,0,51,0,19,0,19,0,122,0,0,0,0,0,304,0,113,0,9,0,0,0,0,0,45,0,1,0,0,0,0,0,0,0,0,0,0,0,38,0,44,0,0,0,0,0,0,0,6,0,0,0,117,0,48,0,11,0,23,0,117,0,21,0,21,0,37,0,0,0,0,0,0,0,2,0,3,0,0,0,0,0,49,0,7,0,0,0,0,0,2,0,0,0,10,21,5,0,13,0,11,0,13,0,7,12,0,0,0,0,0,0,0,0,0,0,32,0,63,0,0,0,0,0,10,0,38,0,0,0,0,0,0,0,0,0,353,42,25,0,11,4,239,0,113,0,23,0,29,0,0,0,0,0,0,0,8,0,0,0,11,0,35,0,0,0,0
0,88,0,28,33,176,1,0,0,50,2,73,244,84,29,121,0,0,207,293,78,198,0,7,0,13,309,0,0,0,6,23,0,5,54,99,0,35,0,0,234,34,15,302,0,156,127,104,5,28,23,226,0,0,0,0,0,0,0,3,0,0,0,0,0,20,0,0,0,0,0,0,0,0,0,0,0,8,0,0,0,0,0,14,0,83,0,0,0,33,0,20,0,0,0,33,0,37,0,0,0,23,0,10,0,8,0,37,0,0,0,0,0,0,0,0,0,0,0,0,0,0,0,0,0,19,0,0,0,0,0,0,0,0,0,47,0,38,0,0,0,29,0,59,0,17,0,0,0,40,0,27,0,13,0,6,0,6,0,0,0,4,0,0,0,12,0,0,0,14,0,0,0,0,0,0,0,45,2,0,0,0,0,0,0,26,40,57,0,0,0,0,0,0,0,0,0,0,0,12,0,0,0,0,0,0,0,0,0,20,0,0,0,0,0,0,0,0,19,475,0,18,1,77,0,207,0,298,0,69,0,38,0,28,0,0,0,9,0,24,0,14,0,0,0,49,0,0,0
135,13,170,9,0,0,0,0,0,0,7,3,0,0,1,6,579,2,0,0,47,0,36,15,35,6,5,0,0,0,54,0,15,0,10,0,38,0,2,0,0,0,28,0,2,0,0,0,0,0,12,0,25,0,8,0,0,0,0,0,1,0,57,0,0,0,0,0,0,0,0,0,0,0,0,0,0,0,0,0,9,0,0,0,13,0,5,0,0,0,21,0,0,0,0,0,79,0,12,0,0,0,0,0,0,0,0,0,0,0,0,0,0,0,0,0,0,0,0,0,0,0,0,0,0,0,0,0,8,0,0,0,0,0,13,0,30,0,49,0,40,0,113,0,0,0,0,0,0,0,0,0,0,0,9,0,0,0,10,0,5,0,0,0,0,0,0,0,0,0,0,0,2,0,0,0,17,0,0,0,0,0,10,0,0,0,0,0,0,0,0,0,0,0,0,0,0,0,0,0,26,0,0,0,0,0,0,0,0,0,0,0,0,0,2,0,0,0,0,0,0,0,0,0,0,0,109,0,2,0,0,0,2,0,0,0,0,0,10,0,0,0,4,0,8,0,0,0,0
0,166,0,137,0,42,0,53,0,4,0,72,0,0,0,14,0,413,0,0,0,22,0,89,4,91,0,0,0,0,0,10,2,9,0,48,0,29,0,2,0,0,0,3,0,1,0,0,0,0,0,13,0,36,0,33,0,6,0,2,0,3,0,199,0,0,0,0,0,0,0,0,0,0,0,0,0,0,0,1,0,0,0,0,0,17,0,0,0,7,0,0,0,0,0,0,0,20,0,0,0,0,0,3,0,0,0,14,0,0,0,0,0,0,0,0,0,0,0,0,0,0,0,0,0,0,0,0,0,14,0,0,0,0,0,44,0,48,0,66,0,103,0,61,0,5,0,0,0,0,0,0,0,0,0,27,0,3,0,23,0,0,0,0,0,0,0,0,0,0,0,0,0,0,0,0,2,25,0,0,0,0,0,1,0,0,0,0,0,0,0,0,0,0,0,0,0,0,0,0,0,3,0,0,0,0,0,0,0,0,0,0,0,0,0,0,0,0,0,0,0,5,0,0,0,0,0,54,0,0,0,1,0,12,0,0,0,0,0,0,0,2,0,0,0,13,0,0,0
7,0,58,0,138,47,0,0,0,0,77,28,82,32,174,150,242,0,43,31,81,36,70,6,6,0,7,6,54,0,0,10,12,2,0,0,3,6,3,1,1,0,8,0,0,0,0,0,0,0,19,0,25,0,13,0,0,0,5,0,0,0,89,0,0,0,0,0,0,0,13,0,0,0,0,0,0,0,0,0,32,0,0,0,45,0,18,0,0,0,89,0,2,0,0,0,394,0,73,0,0,0,5,0,0,0,55,0,0,0,0,0,0,0,0,0,0,0,0,0,11,0,40,0,1,0,0,0,0,0,0,0,0,0,37,0,48,0,36,0,58,0,237,0,0,0,0,0,5,0,0,0,0,0,0,0,0,0,0,0,0,0,0,0,0,0,8,0,0,0,0,0,2,0,1,0,18,9,21,1,0,0,0,0,0,0,3,3,0,0,0,0,0,0,0,0,0,0,13,0,88,0,0,0,0,0,0,0,0,0,0,0,0,0,0,0,0,0,1,0,7,5,0,0,2,0,111,6,10,0,12,9,0,6,1,0,2,0,9,0,8,0,10,0,17,0,0,0,0
0,4,3,8,19,153,0,0,0,2,0,100,35,41,0,61,0,91,28,101,49,73,0,72,0,33,0,23,0,10,10,0,0,16,5,37,0,35,0,0,0,0,0,5,0,0,0,0,0,0,0,6,0,25,0,27,0,10,0,0,0,0,0,70,0,1,0,0,0,0,0,6,0,0,0,0,0,0,0,0,0,0,0,19,0,107,0,0,0,31,0,14,0,0,0,18,0,28,0,2,0,10,0,0,0,0,0,37,0,0,0,0,0,0,0,0,0,0,0,0,0,44,0,30,0,0,0,0,0,0,0,3,0,1,0,74,0,54,0,90,0,148,0,244,0,57,0,0,0,4,0,0,0,0,0,15,0,2,0,0,0,0,0,0,0,0,0,0,0,0,0,0,0,1,0,0,0,15,0,2,0,0,0,0,0,0,0,9,0,0,0,0,0,0,0,0,0,0,0,4,0,0,0,0,0,0,0,5,0,4,0,0,0,0,0,0,0,0,0,0,0,31,0,0,0,0,0,118,2,16,0,18,0,22,0,0,0,5,0,17,1,0,0,6,0,34,0,0,0
59,5,121,5,205,31,3,0,0,0,133,28,40,12,131,85,87,0,7,20,50,0,40,0,0,0,0,0,15,2,12,0,0,0,18,0,56,2,1,0,0,0,32,0,0,0,0,0,0,0,21,0,4,0,1,0,0,0,0,0,0,0,11,0,0,0,0,0,0,0,5,0,0,0,0,0,0,0,0,0,12,0,0,0,14,0,0,0,0,0,31,0,0,0,0,0,118,0,36,0,4,0,0,0,0,0,19,0,0,0,0,0,0,0,0,0,0,0,0,0,10,0,29,0,0,0,0,0,5,0,0,0,0,0,5,0,19,0,15,0,22,0,90,0,10,0,0,0,4,0,0,0,0,0,0,0,2,0,0,0,0,0,1,0,0,0,27,0,0,0,0,0,2,0,0,0,58,18,47,0,0,0,11,0,0,0,0,0,0,0,0,0,0,0,0,0,0,0,3,0,8,0,0,0,0,0,0,0,4,0,0,0,0,0,0,0,0,0,0,0,30,2,0,0,2,0,116,0,17,0,6,0,5,0,1,0,0,0,0,0,0,0,0,0,13,0,0,0,0
4,90,0,87,0,177,0,7,0,0,0,375,0,17,0,28,11,66,0,5,9,52,40,31,0,3,0,5,0,9,2,16,0,0,0,28,2,51,0,2,0,0,0,5,0,0,0,0,0,0,0,10,0,12,0,0,0,1,0,1,0,2,0,33,0,0,0,0,0,0,0,0,0,0,0,0,0,0,0,0,0,0,0,1,0,11,0,1,0,1,0,0,0,0,0,1,0,0,0,0,0,8,0,3,0,0,0,0,0,0,0,0,0,0,0,0,0,0,0,0,0,0,0,0,0,0,0,0,0,0,0,0,0,0,0,15,0,0,0,30,0,38,0,22,0,17,0,0,0,0,0,0,0,6,0,8,0,28,0,6,0,0,0,0,0,0,0,1,0,0,0,0,0,4,0,0,0,55,0,19,0,0,0,2,0,0,0,1,0,0,0,0,0,0,0,0,0,0,0,0,0,3,0,0,0,0,0,0,0,1,0,0,0,0,0,0,0,0,0,0,0,41,0,1,0,0,0,220,0,18,2,3,3,15,0,0,0,0,0,6,0,0,0,0,0,10,0,0,0
0,0,4,0,124,19,0,0,2,0,17,0,270,74,53,41,9,0,305,35,85,25,2,1,1,0,35,54,10,0,0,5,18,0,0,8,104,6,0,0,19,6,18,3,1,0,3,3,0,0,65,6,0,0,3,0,0,0,0,0,0,0,0,0,0,0,0,0,0,0,0,0,0,0,0,0,0,0,0,0,9,0,0,0,0,0,2,0,0,0,8,0,0,0,0,0,23,0,0,0,0,0,0,0,0,0,0,0,0,0,0,0,0,0,0,0,0,0,0,0,0,0,0,0,0,0,0,0,0,0,0,0,0,0,2,0,6,0,0,0,3,0,11,0,0,0,0,0,0,0,0,0,2,0,0,0,0,0,0,0,0,0,0,0,5,0,23,0,2,0,1,0,1,0,0,0,15,0,10,0,4,0,0,0,0,0,67,3,0,0,0,0,0,0,0,0,0,0,0,0,0,0,0,0,0,0,0,0,0,0,0,0,0,0,0,0,0,0,15,4,31,0,0,3,83,0,85,0,27,0,28,0,0,0,0,0,7,3,0,0,0,0,3,0,23,0,0,0,0
0,0,0,0,20,76,0,0,0,0,0,28,28,179,17,37,0,6,47,194,60,32,0,6,0,3,10,99,0,48,0,37,0,28,8,0,0,41,0,1,0,7,0,2,0,3,0,3,0,0,0,11,0,0,0,0,0,2,0,0,0,1,0,15,0,0,0,0,0,0,0,0,0,0,0,0,0,0,0,2,0,0,0,0,0,31,0,0,0,5,0,0,0,0,0,0,0,7,0,0,0,0,0,2,0,0,0,5,0,0,0,0,0,0,0,0,0,0,0,0,0,15,0,10,0,0,0,0,0,0,0,0,0,1,0,16,0,17,0,63,0,102,0,88,0,43,0,0,0,0,0,0,0,0,0,9,0,2,0,9,0,0,0,0,0,1,0,3,0,0,0,0,0,1,0,0,0,37,0,0,0,0,0,0,0,0,1,79,0,0,0,0,0,0,0,0,0,0,0,0,0,0,0,0,0,0,0,0,0,0,0,0,0,0,0,0,0,0,0,24,0,49,0,0,0,34,0,96,0,40,0,38,0,41,0,3,0,18,0,0,0,0,0,13,0,23,0,0,0
40,0,59,0,164,35,3,0,0,0,199,13,157,26,98,60,5,0,56,14,98,12,28,7,2,0,47,0,38,0,3,0,56,2,104,0,0,0,56,0,0,0,106,0,29,0,2,0,0,0,80,1,2,0,2,0,2,0,0,0,23,0,16,0,0,0,1,0,0,0,48,0,0,0,34,0,0,0,0,0,72,0,0,0,48,0,18,0,0,0,61,0,0,0,9,0,206,0,143,0,8,0,0,0,0,0,29,0,0,0,0,0,0,0,0,0,0,0,0,0,56,0,98,0,0,0,0,0,0,0,0,0,0,0,0,0,0,0,88,0,160,0,136,0,123,0,0,0,0,0,0,0,0,0,11,0,7,0,9,0,0,0,0,0,7,0,47,0,10,0,11,0,25,0,0,0,27,12,35,0,2,0,8,0,0,0,25,0,0,0,0,0,0,0,0,0,0,0,0,0,14,0,0,0,0,0,0,0,0,0,0,0,0,0,0,0,0,0,0,0,47,0,0,0,17,0,159,0,61,0,10,0,5,0,4,0,3,2,1,0,0,0,0,0,29,0,0,0,0
4,64,0,18,27,132,0,0,0,1,0,233,31,120,43,57,0,0,42,74,54,84,16,9,9,3,8,35,0,29,6,35,2,51,6,41,0,0,0,15,4,5,0,52,0,9,0,0,0,0,0,46,0,0,0,0,0,2,0,0,0,14,0,20,0,0,0,0,0,0,0,0,0,0,0,0,0,0,0,3,0,0,0,1,0,9,0,0,0,0,0,0,0,0,0,0,0,0,0,0,0,0,0,0,0,0,0,0,0,0,0,0,0,0,0,0,0,0,0,0,0,0,0,0,0,0,0,0,0,0,0,1,0,0,1,8,0,0,0,104,0,130,0,40,0,125,0,0,0,0,0,0,0,0,0,42,0,27,0,29,0,0,0,0,0,3,0,8,0,0,0,2,0,5,0,0,0,48,0,24,0,0,0,1,0,0,0,53,0,0,0,0,0,0,0,0,0,1,0,0,0,0,0,0,0,0,0,0,0,0,0,0,0,0,0,0,0,0,0,2,0,87,0,2,0,48,0,138,0,142,0,0,0,18,0,0,0,4,0,2,0,0,0,3,0,8,0,0,0
481,31,280,20,125,33,0,5,8,1,171,26,7,0,8,46,268,26,0,0,5,0,73,53,50,43,0,0,2,0,3,0,1,0,0,0,56,0,0,0,0,0,5,0,0,0,0,0,0,0,1,0,8,0,6,0,0,0,0,0,7,0,61,0,0,0,0,0,0,0,2,0,0,0,0,0,0,0,0,0,1,0,0,0,6,0,0,0,0,0,0,0,0,0,0,0,14,0,0,0,1,0,0,0,0,0,0,0,0,0,0,0,0,0,0,0,0,0,0,0,2,0,9,0,0,0,0,0,0,0,0,0,0,0,0,0,12,0,50,0,51,0,33,0,35,0,0,0,0,0,6,0,0,0,21,0,15,0,18,0,0,0,0,0,0,0,5,0,0,0,4,0,9,0,0,0,146,31,37,0,0,0,47,1,4,0,0,0,0,0,0,0,0,0,0,0,0,0,0,0,0,0,0,0,0,0,0,0,0,0,0,0,0,0,2,0,0,0,0,0,26,2,1,0,1,0,338,6,5,0,1,0,5,0,0,0,0,0,11,0,8,0,0,0,23,0,0,0,0
36,542,28,193,0,22,13,118,2,14,0,103,0,0,0,9,39,123,0,0,0,6,73,8,89,64,0,0,0,2,1,0,0,2,0,1,0,15,0,0,0,0,0,1,0,0,0,0,0,0,0,0,0,7,0,7,0,2,0,0,0,9,0,77,0,6,0,0,0,0,0,0,0,0,0,0,0,0,0,0,0,0,0,0,0,0,0,0,0,2,0,0,0,0,0,0,0,1,0,0,0,0,0,0,0,0,0,0,0,0,0,0,0,0,0,0,0,0,0,0,0,0,0,0,0,0,0,0,0,0,0,1,0,0,0,0,0,0,0,40,0,30,0,7,0,21,0,0,0,0,0,4,0,0,0,36,0,31,0,18,0,0,0,0,0,0,0,0,0,0,0,2,1,8,0,0,4,86,0,0,0,0,0,24,0,0,0,0,0,0,0,0,0,0,0,0,0,0,0,0,0,0,0,0,0,0,0,0,0,5,0,0,0,0,0,2,0,0,0,0,0,56,0,0,0,1,0,183,0,15,0,6,0,33,1,5,0,0,4,4,1,0,0,1,0,16,0,0,0
30,0,23,0,81,0,14,0,11,0,26,0,205,134,12,0,0,0,4,17,0,0,0,0,0,0,14,234,0,0,1,0,0,0,19,0,0,4,0,0,0,355,14,7,6,12,16,432,69,0,28,7,0,0,0,0,0,0,0,0,0,0,0,0,0,0,0,0,0,0,0,0,0,0,0,0,0,0,0,0,0,0,0,0,0,0,0,0,0,0,0,0,0,0,0,0,0,0,0,0,0,0,0,0,0,0,0,0,0,0,0,0,0,0,0,0,0,0,0,0,0,0,0,0,0,0,0,0,0,0,0,0,0,0,0,0,0,0,0,0,0,0,0,0,0,0,3,0,12,0,8,0,5,0,0,0,0,0,0,0,0,0,0,0,7,1,0,0,3,0,0,0,0,0,14,0,33,34,11,0,16,0,13,0,8,0,61,9,0,0,0,0,0,0,0,0,1,0,0,0,0,0,0,0,0,0,0,0,2,0,0,0,0,0,0,0,0,0,280,47,3,0,68,55,21,0,5,0,0,0,0,0,0,0,0,0,1,1,0,0,0,0,0,0,0,0,0,0,0
0,143,0,6,5,69,0,6,0,29,0,256,78,226,0,2,0,0,53,5,7,0,0,0,0,0,202,34,0,0,0,0,0,0,6,7,0,5,0,0,355,0,5,16,42,5,212,50,4,58,0,14,0,0,0,0,0,3,0,2,0,0,0,0,0,8,0,0,0,1,0,0,0,0,0,0,0,0,0,0,0,0,0,0,0,0,0,0,0,0,0,0,0,0,0,0,0,0,0,0,0,0,0,0,0,0,0,0,0,0,0,0,0,0,0,0,0,0,0,0,0,0,0,0,0,4,0,0,0,0,0,0,0,0,0,0,0,0,0,0,0,0,0,0,0,0,0,0,0,0,0,0,0,0,0,0,0,0,0,0,0,0,0,0,0,3,0,0,0,1,0,0,0,0,0,0,4,234,0,5,1,0,0,0,0,0,28,25,0,0,0,0,0,0,0,0,0,0,0,0,0,0,0,0,0,0,0,0,0,0,0,0,0,0,0,0,0,0,122,126,0,0,8,262,0,5,0,12,0,0,1,0,0,0,0,0,0,0,0,0,0,2,0,0,0,0,0,0,0
0,0,0,0,4,0,0,0,0,0,0,0,73,11,0,0,0,0,49,1,25,0,0,0,0,0,194,15,28,0,8,0,32,0,18,0,106,0,5,0,14,5,0,4,31,0,36,9,1,0,76,0,0,0,0,0,0,0,0,2,6,0,6,0,0,0,0,0,0,0,22,0,0,0,0,0,0,0,0,0,30,0,0,0,35,0,0,0,0,0,28,0,0,0,0,0,128,0,38,0,0,0,0,0,0,0,0,0,0,0,0,0,0,0,0,0,0,0,0,0,24,0,41,0,0,0,0,0,0,0,0,0,0,0,0,0,15,0,0,0,66,0,88,0,0,0,0,0,0,0,0,0,0,0,0,0,0,0,4,0,3,0,0,0,21,0,15,0,6,0,0,0,6,0,0,0,8,1,0,0,0,0,0,0,0,0,63,0,0,0,0,0,0,0,0,0,0,0,0,0,13,0,0,0,0,0,0,0,0,0,0,0,0,0,0,0,0,0,86,0,3,0,3,1,89,0,21,0,6,0,6,0,0,0,0,0,0,0,0,0,0,0,2,0,0,0,0,0,0
0,3,0,0,6,0,0,3,1,0,0,0,20,74,0,10,0,0,40,72,0,55,0,0,0,0,30,302,0,3,0,5,0,5,3,2,0,52,0,1,7,16,4,0,0,60,9,64,1,19,0,90,0,0,0,5,0,0,0,0,0,0,0,11,0,0,0,0,0,0,0,0,0,0,0,6,0,0,0,0,0,0,0,4,0,0,0,0,0,0,0,0,0,1,0,5,0,0,0,0,0,0,0,0,0,0,0,0,0,0,0,0,0,0,0,0,0,0,0,0,0,21,0,0,0,0,0,0,0,0,0,0,0,0,0,0,0,0,0,30,0,62,0,67,0,43,0,0,0,0,0,0,0,0,0,12,0,0,0,8,0,2,0,0,0,12,0,0,0,4,0,0,0,1,0,0,0,51,0,0,0,0,0,0,0,1,3,114,0,0,0,0,0,0,0,0,0,0,0,0,0,0,0,0,0,0,0,0,0,0,0,0,0,0,0,0,0,0,0,97,0,8,0,11,0,119,0,58,0,38,0,0,0,0,0,0,0,5,0,5,0,0,0,0,0,0,0,0,0
5,0,0,0,10,0,0,0,1,0,2,0,3,5,5,0,0,0,29,0,8,0,6,0,0,0,66,0,2,0,0,0,0,0,1,0,29,0,0,0,6,42,31,0,0,0,48,34,5,0,23,1,0,0,0,0,2,0,3,0,0,0,0,0,0,0,0,0,0,0,16,0,0,0,7,0,0,0,0,0,22,0,0,0,23,0,0,0,10,0,32,0,0,0,9,0,118,0,41,0,0,0,4,0,0,0,20,0,0,0,0,0,0,0,0,0,0,0,0,0,0,0,0,0,2,0,0,0,0,0,0,0,0,0,7,0,0,0,0,0,0,0,26,0,0,0,0,0,1,0,0,0,0,0,0,0,0,0,0,0,0,0,0,0,127,1,12,0,18,0,4,0,3,0,2,0,3,0,5,0,3,0,4,0,0,0,56,1,0,0,0,0,0,0,0,0,3,0,0,0,0,0,0,0,0,0,0,0,0,0,0,0,0,0,0,0,0,0,180,5,0,0,81,27,155,0,12,0,14,0,9,0,0,0,0,0,3,0,6,0,2,0,3,0,0,0,0,0,0
0,2,0,0,0,0,0,0,0,0,0,0,0,19,0,0,0,0,0,13,0,21,0,0,0,0,3,156,0,1,0,0,0,0,0,3,0,9,0,0,12,5,0,60,0,0,0,120,0,36,2,58,0,0,0,0,0,4,0,4,0,0,0,0,0,0,0,1,0,0,0,17,0,0,0,10,0,0,0,5,0,8,0,2,0,30,0,0,0,0,0,0,0,0,0,0,0,0,0,0,0,2,0,1,0,1,0,0,0,0,0,0,0,0,0,0,0,0,0,0,0,56,0,9,0,0,0,0,0,0,0,0,0,0,0,0,0,0,0,4,0,22,0,36,0,46,0,0,0,0,0,0,0,0,0,0,0,0,0,0,0,0,0,2,0,29,0,0,0,14,0,12,0,2,0,0,0,5,0,1,0,0,0,0,0,0,0,18,0,3,0,0,0,0,0,1,0,0,0,0,0,0,0,0,0,0,0,0,0,0,0,0,0,0,0,0,0,1,5,184,0,18,0,144,0,70,0,16,0,40,0,0,0,0,0,0,0,0,0,1,0,0,0,0,0,6,0,0,0
7,0,20,0,28,0,3,0,4,0,4,0,30,72,15,0,4,0,68,6,4,1,4,0,0,0,37,127,0,0,0,0,0,0,3,0,2,0,0,0,16,212,36,9,48,0,0,187,17,0,22,3,1,0,5,0,0,0,0,0,0,0,0,0,3,0,0,0,0,0,0,0,0,0,0,0,0,0,0,0,0,0,0,0,0,0,0,0,0,0,0,0,0,0,0,0,0,0,0,0,0,0,0,0,0,0,0,1,0,0,0,0,0,0,0,0,0,0,0,0,0,0,2,0,8,0,0,0,0,0,0,0,0,0,0,0,5,0,0,0,0,0,0,0,0,0,9,0,12,0,12,0,9,0,0,0,0,0,0,0,1,0,0,0,43,1,0,0,14,0,0,0,0,0,3,0,4,13,7,1,10,0,7,0,0,0,5,0,0,0,0,0,0,0,0,0,0,0,0,0,0,0,0,0,0,0,2,0,7,0,0,0,0,0,0,0,0,0,422,27,0,0,52,35,43,0,14,0,5,0,0,0,0,0,0,0,0,0,0,0,3,0,2,0,7,0,0,0,0
0,62,0,9,0,59,0,0,0,18,0,78,83,126,0,0,0,0,32,49,0,4,0,0,0,0,175,104,0,0,0,0,0,0,3,3,0,0,0,0,432,50,9,64,34,120,187,0,11,16,12,45,0,0,0,0,0,0,0,0,0,0,0,0,0,0,0,4,0,0,0,0,0,0,0,0,0,1,0,0,0,0,0,1,0,0,0,0,0,0,0,0,0,0,0,1,0,0,0,0,0,1,0,0,0,0,0,0,0,0,0,0,0,0,0,0,0,0,0,0,0,0,0,0,0,8,0,2,0,0,0,3,0,0,0,2,0,0,0,0,0,0,0,0,0,0,0,0,0,8,0,0,0,4,0,0,0,0,0,0,0,0,0,0,0,24,0,0,0,4,0,0,0,0,0,0,0,64,0,0,0,0,0,0,0,0,29,4,0,2,0,0,0,0,0,0,0,0,0,0,0,0,0,0,0,0,0,0,0,0,0,0,0,0,0,0,0,0,104,471,0,0,4,295,0,16,0,35,0,10,0,0,0,0,0,0,0,0,0,2,0,0,0,0,0,0,0,0,0
0,0,2,0,1,0,3,0,0,0,0,0,37,0,0,0,0,0,0,1,0,0,0,0,0,0,2,5,0,0,0,0,0,0,0,0,0,0,0,0,69,4,1,1,5,0,17,11,0,0,2,0,0,0,0,0,0,0,0,0,0,0,0,0,0,0,0,0,0,0,0,0,0,0,0,0,0,0,0,0,0,0,0,0,0,0,0,0,0,0,0,0,0,0,0,0,0,0,0,0,0,0,0,0,0,0,0,0,0,0,0,0,0,0,0,0,0,0,0,0,0,0,0,0,0,0,0,0,0,0,0,0,0,0,0,0,0,0,0,0,0,0,0,0,0,0,2,0,0,0,0,0,0,0,0,0,0,0,0,0,0,0,0,0,2,0,0,0,0,0,0,0,0,0,0,0,9,0,2,0,2,0,2,0,0,0,65,0,0,0,0,0,0,0,0,0,0,0,0,0,0,0,0,0,0,0,0,0,0,0,1,0,0,0,0,0,0,0,42,0,4,0,60,10,6,0,1,0,4,0,0,0,2,0,0,0,0,0,0,0,0,0,0,0,0,0,0,0,0
0,1,0,0,0,0,0,0,0,1,0,12,1,13,0,0,0,0,0,6,1,5,0,0,0,0,0,28,0,0,0,0,0,0,0,0,0,0,0,0,0,58,0,19,0,36,0,16,0,0,0,4,0,0,0,0,0,0,0,0,0,0,0,0,0,0,0,0,0,0,0,0,0,0,0,0,0,0,0,0,0,0,0,0,0,0,0,0,0,0,0,0,0,0,0,0,0,0,0,0,0,0,0,0,0,0,0,0,0,0,0,0,0,0,0,0,0,0,0,0,0,0,0,0,0,0,0,0,0,0,0,0,0,0,0,0,0,0,0,0,0,0,0,0,0,0,0,0,0,1,0,0,0,0,0,0,0,0,0,0,0,0,0,0,0,1,0,0,0,0,0,0,0,0,0,1,2,38,0,0,0,0,0,0,0,0,0,15,0,0,0,0,0,0,0,0,0,0,0,0,0,0,0,0,0,0,0,0,0,0,0,1,0,0,0,0,0,0,0,38,0,2,2,74,0,1,0,2,0,0,0,0,0,0,0,0,0,0,0,0,0,0,0,0,0,0,0,0,0
0,0,3,0,58,2,2,0,0,0,2,0,222,38,10,2,0,0,192,8,47,0,1,0,0,0,207,23,12,0,19,0,21,0,65,0,80,0,1,0,28,0,76,0,23,2,22,12,2,0,0,0,0,0,0,0,0,0,6,0,4,0,3,0,2,0,4,0,0,0,34,0,0,0,17,0,0,0,0,0,0,0,0,0,0,0,0,0,0,0,14,0,1,0,0,0,61,0,53,0,6,0,0,0,0,0,12,0,0,0,0,0,0,0,0,0,0,0,0,0,22,0,17,0,0,0,0,0,0,0,0,0,0,0,0,0,0,0,11,0,20,0,16,0,16,0,0,0,0,0,0,0,0,0,0,0,0,0,0,0,2,0,6,0,18,0,33,0,26,0,9,0,12,0,0,0,0,0,4,0,0,0,0,0,0,0,120,2,0,0,0,0,0,0,0,0,0,0,0,0,0,0,0,0,0,0,0,0,0,0,0,0,0,0,0,0,0,0,39,9,22,0,8,2,97,0,36,0,33,0,0,0,6,0,4,0,8,0,0,0,0,0,0,0,13,0,0,0,0
0,0,0,0,5,14,0,0,0,2,0,5,43,149,3,7,0,0,55,160,13,25,0,0,0,0,32,226,0,13,0,6,0,10,6,11,1,46,0,0,7,14,0,90,1,58,3,45,0,4,0,0,0,0,0,10,0,5,0,0,0,4,0,8,0,0,0,0,0,0,0,15,0,1,0,8,0,0,0,1,0,11,0,2,0,29,0,13,0,0,0,0,0,0,0,0,0,0,0,2,0,6,0,0,0,0,0,0,0,0,0,0,0,0,0,0,0,0,0,0,0,21,0,14,0,0,0,0,0,0,0,0,0,0,0,17,0,0,0,19,0,73,0,96,0,47,0,0,0,0,0,0,0,0,0,0,0,3,0,5,0,0,0,1,0,3,0,1,0,7,0,3,0,1,0,0,2,55,0,1,0,0,0,0,0,0,4,128,0,2,0,0,0,0,0,0,0,0,0,0,0,0,0,0,0,0,0,0,0,0,0,0,0,0,0,0,0,1,0,35,0,23,0,8,3,83,0,54,0,45,0,17,0,18,0,0,0,6,0,4,0,5,0,0,0,15,0,0,0
0,0,1,0,0,0,72,0,108,82,0,0,1,0,13,0,108,0,6,0,0,0,15,0,35,11,0,0,25,0,25,0,4,0,0,0,2,0,8,0,0,0,0,0,0,0,1,0,0,0,0,0,0,18,181,96,294,70,56,70,32,0,36,12,0,0,3,62,0,0,0,0,0,0,0,0,0,0,0,0,0,0,0,0,7,0,0,0,0,0,5,0,0,0,0,0,36,0,0,0,0,0,0,0,0,0,0,0,0,0,0,0,0,0,0,0,0,0,0,0,0,0,0,0,0,0,0,0,111,0,0,0,7,0,18,0,142,0,261,0,119,0,164,0,34,0,0,0,0,0,0,0,0,0,292,4,53,1,215,0,35,1,3,0,0,0,0,0,0,0,15,0,3,0,0,0,68,6,0,0,0,2,0,0,5,37,0,0,0,0,0,0,0,0,0,0,0,0,0,0,17,0,0,0,0,0,0,0,0,0,2,0,0,0,73,0,0,0,0,0,66,0,11,0,4,0,803,0,37,0,0,0,27,0,42,0,1,0,29,0,4,0,7,0,79,0,0,0,0
0,16,0,2,0,1,26,45,50,85,0,16,0,1,0,6,0,33,0,7,0,50,0,16,35,6,0,0,0,36,0,25,0,12,0,0,0,0,0,7,0,0,0,0,0,0,0,0,0,0,0,0,18,0,87,80,13,70,22,29,2,34,7,63,0,0,14,31,0,0,0,0,0,0,0,0,0,0,0,0,0,0,0,0,0,1,0,0,0,0,0,1,0,0,0,0,0,0,0,0,0,0,0,0,0,0,0,0,0,0,0,0,0,0,0,0,0,0,0,0,0,0,0,0,0,2,0,0,0,49,3,4,0,16,0,30,0,81,0,118,0,43,0,28,3,29,0,0,0,0,0,0,0,0,0,140,0,30,2,119,0,23,0,0,0,0,0,0,0,0,2,0,0,0,0,0,0,21,0,0,0,2,0,0,0,12,0,0,0,0,0,0,0,0,0,0,0,0,0,4,0,0,0,0,0,0,0,0,0,6,0,2,0,0,0,22,0,0,0,0,0,40,0,0,0,1,0,368,0,23,0,1,0,36,0,14,0,0,0,4,0,0,0,1,4,18,0,0,0
0,7,22,0,9,0,334,17,32,417,0,0,5,0,87,0,68,0,147,0,60,0,103,0,100,26,56,0,8,0,13,0,1,0,3,0,2,0,6,0,0,0,0,0,0,0,5,0,0,0,0,0,181,87,0,301,231,63,178,76,14,0,40,83,4,0,5,106,0,0,0,0,0,0,0,0,0,0,0,0,0,0,0,0,0,0,0,0,0,0,0,0,0,0,0,0,0,0,0,0,1,0,0,0,0,0,0,0,0,0,0,0,0,0,0,0,0,0,0,0,0,0,0,0,32,0,9,0,31,0,74,0,18,0,16,0,23,0,6,0,5,0,6,0,2,0,0,0,17,0,0,0,0,0,48,4,13,0,16,0,119,0,0,0,0,0,5,0,3,0,40,0,5,0,0,0,11,24,0,0,0,0,0,0,2,24,0,0,0,0,0,0,0,0,0,0,0,0,0,0,0,0,0,0,0,0,0,0,21,0,0,0,0,0,98,0,0,0,0,0,93,0,0,0,12,0,433,0,71,0,0,0,46,0,34,0,0,0,32,2,1,0,7,0,130,0,0,0,0
2,11,0,11,1,0,72,125,368,37,0,0,0,0,0,90,4,46,0,54,0,55,0,49,85,186,0,0,0,33,0,27,0,0,0,0,0,0,0,7,0,0,0,5,0,0,0,0,0,0,0,10,96,80,301,0,49,201,79,90,0,28,57,175,0,0,84,22,0,0,0,0,0,0,0,0,0,0,0,0,0,0,0,0,0,0,0,0,0,0,0,0,0,0,0,0,0,0,0,0,0,0,0,0,1,0,0,0,0,0,0,0,0,0,0,0,0,0,0,0,0,0,0,2,0,18,0,37,0,26,0,11,0,36,0,53,0,142,0,20,0,0,0,15,0,2,0,6,0,0,0,19,0,0,8,80,0,30,0,19,0,149,0,0,0,0,0,0,0,0,0,16,0,11,0,0,16,22,0,0,0,0,0,0,14,24,0,0,0,0,0,0,0,0,0,0,0,0,0,10,0,3,0,0,0,0,1,0,0,58,0,0,0,0,0,176,0,0,0,9,0,224,0,37,0,12,0,255,0,252,0,5,4,203,0,51,0,2,9,36,0,6,1,9,0,118,0,0,0
2,0,13,0,5,0,81,0,28,33,0,0,0,0,24,0,24,0,71,0,47,0,28,0,52,0,24,0,0,0,0,0,0,0,0,0,2,0,0,0,0,0,0,0,2,0,0,0,0,0,0,0,294,13,231,49,0,55,174,65,0,0,15,0,23,0,33,74,0,0,0,0,0,0,0,1,0,0,0,0,0,0,0,0,0,0,0,0,0,0,0,0,0,0,0,0,0,0,0,0,0,0,0,0,0,0,0,0,0,0,0,0,0,0,0,0,0,0,0,0,0,0,0,0,11,0,0,0,22,0,42,0,6,0,0,0,5,0,2,13,0,0,0,0,2,19,1,0,19,0,0,0,0,0,190,53,30,1,100,55,138,0,38,0,0,0,4,0,16,0,85,0,16,0,0,15,3,0,0,0,17,0,0,0,2,20,0,0,0,0,0,0,0,0,0,0,0,0,0,0,1,0,0,0,0,0,0,0,1,0,3,0,0,0,260,0,0,0,13,0,263,0,55,0,63,0,194,0,381,0,0,0,252,0,582,1,0,0,244,0,12,2,55,0,343,0,0,0,0
0,6,0,5,0,7,0,58,35,42,0,2,0,0,0,17,0,56,0,16,0,17,0,12,1,39,0,0,0,6,0,10,0,1,0,2,0,2,0,2,0,3,0,0,0,4,0,0,0,0,0,5,70,70,63,201,55,0,95,128,0,4,4,20,20,8,138,25,0,0,0,1,0,1,0,0,0,0,0,0,0,0,0,0,0,0,0,0,0,0,0,1,0,0,0,0,0,0,0,0,0,0,0,0,0,0,0,0,0,0,0,0,0,0,0,0,0,0,0,0,0,0,0,0,0,23,0,14,0,32,0,12,0,24,0,23,0,47,7,20,0,6,0,0,0,7,0,2,0,2,0,6,0,0,51,219,5,17,10,82,7,146,0,0,0,0,0,0,0,8,0,39,3,0,0,5,3,0,0,0,0,0,0,0,0,73,0,0,0,0,0,0,0,0,0,0,0,0,0,4,0,0,0,0,0,0,0,3,0,11,0,0,0,1,0,222,0,0,0,8,1,299,0,58,1,33,0,126,0,462,0,4,0,229,1,483,0,1,0,56,0,4,0,6,0,230,0,0,0
2,0,8,0,4,0,42,0,54,64,0,0,1,0,10,0,0,0,0,0,23,0,22,0,18,0,0,0,0,0,5,0,0,0,0,0,0,0,0,0,0,0,0,0,3,0,0,0,0,0,6,0,56,22,178,79,174,95,0,99,0,0,5,3,171,9,175,114,0,0,0,0,0,0,0,0,0,0,0,0,0,0,0,0,0,1,0,0,0,0,0,0,0,0,0,0,0,0,0,0,0,0,0,0,0,0,0,0,0,0,0,0,0,0,0,0,0,0,0,0,0,0,0,0,37,1,0,0,0,0,68,0,0,0,0,0,0,0,4,0,0,0,0,0,0,12,0,0,37,0,0,0,0,0,44,38,17,0,8,23,58,0,4,0,0,0,9,0,6,0,69,0,15,0,0,0,21,6,0,0,10,12,0,0,8,66,0,0,0,0,0,0,0,0,0,0,0,0,0,0,0,0,0,0,0,0,0,0,0,0,0,0,0,0,227,0,0,0,0,0,172,2,15,0,21,0,156,0,128,0,0,0,194,0,285,0,3,0,204,0,13,0,45,0,408,0,0,0,0
0,9,0,6,0,6,0,93,69,65,0,1,0,0,0,11,0,4,0,8,0,0,0,0,0,8,0,3,0,2,0,0,0,1,0,0,0,0,0,0,0,2,2,0,0,4,0,0,0,0,0,0,70,29,76,90,65,128,99,0,0,0,0,8,17,103,175,212,0,0,0,2,0,0,0,0,0,0,0,0,0,1,0,0,0,0,0,0,0,0,0,0,0,0,0,0,0,0,0,0,0,0,0,0,0,0,0,0,0,0,0,0,0,0,0,0,0,0,0,0,0,1,0,2,0,8,0,0,0,0,0,21,0,0,0,0,0,0,5,5,0,0,0,0,2,15,0,0,0,25,0,0,0,0,93,79,8,49,16,38,9,58,0,0,0,0,0,0,0,4,0,15,0,2,2,20,7,0,0,0,0,32,0,0,5,129,0,0,0,0,0,0,0,0,0,0,0,0,0,0,0,0,0,0,0,0,0,0,0,0,0,0,0,0,0,250,0,0,0,9,0,316,1,39,0,28,0,193,0,428,0,2,1,298,0,466,0,1,0,131,0,11,0,19,2,444,0,0,0
172,28,61,5,0,0,133,14,166,22,0,0,0,0,0,0,19,0,0,0,0,0,7,12,61,81,0,0,1,0,0,0,0,0,0,0,23,0,7,0,0,0,6,0,0,0,0,0,0,0,4,0,32,2,14,0,0,0,0,0,0,0,44,0,0,0,1,0,0,0,2,0,0,0,4,0,0,0,0,0,0,0,0,0,0,0,0,0,0,0,0,0,0,0,0,0,0,0,0,0,0,0,0,0,0,0,0,1,0,0,0,0,0,0,0,0,0,0,0,0,0,0,0,0,0,0,0,0,5,0,0,0,0,0,0,0,2,0,82,0,128,0,23,0,97,0,0,0,0,0,0,0,0,0,13,0,41,0,20,0,0,0,4,0,0,0,3,0,1,0,50,0,77,0,0,0,59,20,0,0,0,0,9,0,2,1,0,0,0,0,0,0,0,0,0,0,0,0,0,0,0,0,0,0,0,0,0,0,0,0,7,0,0,0,22,0,0,0,0,0,107,0,10,0,6,0,265,0,34,0,0,1,26,0,0,0,0,0,16,1,3,0,4,0,44,0,0,0,0
10,240,9,15,0,0,0,241,0,157,0,12,0,0,0,0,14,10,0,0,0,8,0,8,88,78,0,0,0,3,0,0,0,2,0,1,0,14,0,9,0,0,0,0,0,0,0,0,0,0,0,4,0,34,0,28,0,4,0,0,0,0,6,47,0,0,0,0,0,0,0,0,0,0,0,0,0,0,0,0,0,0,0,0,0,0,0,0,0,0,0,0,0,0,0,0,0,0,0,0,0,0,0,0,0,0,0,0,0,0,0,0,0,0,0,0,0,0,0,0,0,0,0,0,0,0,0,0,0,0,0,0,0,0,0,0,0,0,0,61,0,46,0,0,0,99,0,0,1,0,0,0,0,0,0,22,0,66,0,36,0,0,0,2,0,1,0,0,0,0,0,20,0,53,0,0,3,55,0,0,0,0,0,28,0,0,0,0,0,0,0,0,0,0,0,0,0,0,0,0,0,0,0,0,0,0,0,0,0,0,0,4,0,0,0,29,0,0,0,4,2,46,0,6,0,7,0,335,0,70,0,4,0,23,0,0,0,0,0,16,0,0,0,5,0,21,0,0,0
87,23,43,0,0,0,341,30,265,98,0,0,0,0,0,0,480,13,0,0,71,0,7,0,158,105,0,0,57,0,89,0,11,0,0,0,16,0,61,0,0,0,6,0,0,0,0,0,0,0,3,0,36,7,40,57,15,4,5,0,44,6,0,43,0,0,1,0,0,0,1,0,0,0,0,0,0,0,0,0,0,0,1,0,0,2,0,0,0,0,0,0,0,0,0,0,31,0,0,0,0,0,0,0,0,0,0,0,0,0,0,0,0,0,0,0,0,0,0,0,0,0,0,0,0,0,0,0,30,0,2,0,0,0,0,0,59,0,96,0,50,0,72,1,17,0,0,0,0,0,0,0,0,0,68,0,15,0,53,0,4,0,0,0,0,0,0,0,0,0,7,0,14,0,0,0,66,19,0,0,0,0,4,2,3,0,0,0,0,0,0,0,0,0,0,0,0,0,0,0,10,0,0,0,0,0,0,0,0,0,0,0,0,0,24,0,0,0,0,0,28,0,3,0,1,0,651,0,14,2,0,0,19,0,0,0,0,0,25,0,0,0,14,0,29,0,0,0,0
7,211,2,15,0,0,76,397,85,184,0,15,0,0,0,13,25,473,0,0,0,168,0,53,184,189,0,0,0,199,0,70,0,33,0,15,0,20,0,77,0,0,0,11,0,0,0,0,0,0,0,8,12,63,83,175,0,20,3,8,0,47,43,0,0,0,2,0,0,0,0,0,0,0,0,0,0,0,0,0,0,0,0,0,0,0,0,0,0,0,0,0,0,0,0,0,0,0,0,0,0,0,0,0,0,0,0,0,0,0,0,0,0,0,0,0,0,0,0,0,0,0,0,2,0,0,0,0,0,0,0,0,0,5,0,38,0,47,0,57,0,33,0,17,0,31,0,0,0,0,0,0,0,0,0,45,0,61,0,38,0,0,0,0,0,0,0,0,0,0,0,4,4,5,0,0,6,55,0,1,0,0,0,15,0,0,0,0,0,0,0,0,0,0,0,0,0,0,0,4,0,0,0,0,0,0,0,0,0,0,0,0,0,0,0,0,0,0,0,0,0,26,0,0,0,3,0,500,3,18,0,0,0,11,0,3,0,0,0,10,1,0,0,4,0,17,0,0,0
8,0,13,0,18,0,29,0,117,0,5,0,15,0,16,0,0,0,8,0,0,0,2,0,0,0,3,0,0,0,0,0,0,0,0,0,0,0,0,0,0,0,0,0,0,0,3,0,0,0,2,0,0,0,4,0,23,20,171,17,0,0,0,0,0,71,201,17,0,0,3,3,0,0,0,2,0,0,0,0,0,0,0,4,0,0,0,0,0,0,0,1,0,0,0,3,0,0,0,0,0,0,0,0,0,0,0,0,0,0,0,0,0,0,0,0,0,0,0,0,0,0,0,4,8,0,2,0,0,0,16,21,0,0,0,0,0,0,5,34,0,0,0,0,10,56,9,0,43,0,4,0,5,0,6,65,1,0,2,110,41,65,3,0,0,0,1,0,0,0,3,0,0,0,44,86,0,0,0,0,92,29,7,0,23,5,3,0,0,0,0,0,0,0,0,0,0,0,0,0,0,0,0,0,0,0,0,0,0,0,0,0,0,0,10,0,0,0,0,0,0,0,0,0,3,0,32,0,34,0,2,0,0,0,58,0,1,0,69,0,7,0,15,0,8,0,0,0,0
0,41,0,4,0,42,0,13,0,120,0,21,0,16,0,18,0,0,0,0,0,4,0,0,0,0,0,20,0,0,0,1,0,0,0,0,0,0,0,6,0,8,0,0,0,0,0,0,0,0,0,0,0,0,0,0,0,8,9,103,0,0,0,0,71,0,0,252,0,0,7,28,2,6,0,0,0,0,0,4,0,7,0,5,0,0,0,4,0,5,0,0,0,0,0,0,0,0,0,0,0,0,0,0,0,0,0,2,0,0,0,0,0,0,0,0,0,0,0,0,2,15,0,2,23,139,0,16,0,0,0,93,0,0,0,0,0,0,54,20,0,4,0,0,56,104,0,6,28,239,0,4,0,3,14,23,0,0,25,22,68,64,0,2,0,0,0,0,0,0,0,0,0,1,40,188,0,9,0,0,8,131,0,0,0,107,0,0,0,0,0,0,0,0,0,0,0,0,0,0,0,0,0,0,0,0,0,0,2,0,0,1,0,0,0,13,0,0,0,0,0,0,0,0,0,0,0,46,0,63,0,4,0,7,0,76,0,0,0,24,0,4,0,10,0,52,0,0,0
4,0,0,0,0,0,41,0,143,28,0,0,0,0,0,0,0,0,0,0,0,0,0,0,0,3,0,0,0,0,0,0,0,0,0,0,1,0,0,0,0,0,0,0,0,0,0,0,0,0,4,0,3,14,5,84,33,138,175,175,1,0,1,2,201,0,0,130,0,0,0,0,0,0,0,0,0,0,0,0,0,0,0,0,0,0,0,0,0,0,0,0,0,0,0,0,0,0,0,0,0,0,0,0,0,0,0,0,0,0,0,0,0,0,0,0,0,0,0,0,0,0,0,0,11,0,1,0,0,0,17,0,0,0,0,0,0,0,2,0,0,0,0,0,0,9,0,0,52,0,0,0,0,0,12,37,8,1,5,30,29,14,2,0,0,0,6,0,0,0,18,0,2,0,4,19,103,0,0,0,27,11,1,0,48,100,1,0,0,0,0,0,0,0,0,0,0,0,0,0,0,0,0,0,0,0,0,0,0,0,0,0,2,0,42,0,0,0,0,0,19,0,0,0,4,0,64,0,21,0,0,0,42,0,49,0,1,0,61,0,3,0,6,0,105,0,0,0,0
0,15,0,1,0,4,0,14,81,99,0,12,0,0,0,1,0,0,0,0,0,0,0,0,0,0,0,0,0,0,0,0,0,0,0,0,0,0,0,0,0,0,0,0,0,1,0,4,0,0,0,0,62,31,106,22,74,25,114,212,0,0,0,0,17,252,130,0,0,0,0,0,0,0,0,0,0,0,0,0,0,0,0,0,0,0,0,0,0,0,0,0,0,0,0,0,0,0,0,0,0,1,0,0,0,0,0,0,0,0,0,0,0,0,0,0,0,0,0,0,0,1,0,0,0,38,0,3,0,0,0,59,0,1,0,3,0,1,11,5,0,0,0,0,4,19,0,7,0,104,0,8,0,0,56,88,0,20,19,33,0,65,0,0,0,0,0,0,0,1,3,0,0,0,2,47,14,100,0,0,0,112,0,0,0,484,0,0,0,0,0,0,0,0,0,0,0,0,0,0,0,0,0,0,0,0,2,1,0,4,0,0,0,0,0,71,0,1,0,0,0,72,0,5,0,5,0,45,3,91,0,0,0,86,0,107,0,0,0,38,0,3,0,14,0,122,0,0,0
0,0,0,0,0,0,0,0,0,0,0,0,0,0,0,0,0,0,0,0,0,0,0,0,0,0,0,0,0,0,0,0,0,0,0,0,0,0,0,0,0,0,0,0,0,0,0,0,0,0,0,0,0,0,0,0,0,0,0,0,0,0,0,0,0,0,0,0,0,0,0,0,1,0,1,0,54,0,2,0,0,0,14,0,0,0,0,0,24,0,1,0,3,0,0,0,0,0,0,0,1,0,45,0,0,0,19,0,1,0,0,0,10,0,0,0,2,0,0,0,0,0,0,0,0,0,0,0,0,0,0,0,0,0,0,0,0,0,0,0,0,0,0,0,0,0,0,0,0,0,0,0,0,0,0,0,0,0,0,0,0,0,0,0,0,0,0,0,16,0,0,0,0,0,0,0,0,0,0,0,0,0,0,0,0,0,0,0,0,0,0,0,0,0,0,0,2,0,0,0,0,0,0,0,0,0,0,0,0,0,0,0,74,0,70,0,35,0,3,0,0,0,50,0,0,0,0,0,2,0,0,0,0,0,0,0,2,0,0,0,0,0,0,0,0,0,0,0,0
0,0,0,0,0,0,0,0,0,0,0,0,0,0,0,0,0,0,0,0,0,0,0,3,0,0,0,0,0,0,0,0,0,0,0,0,0,0,0,0,0,1,0,0,0,0,0,0,0,0,0,0,0,0,0,0,0,0,0,0,0,0,0,0,0,0,0,0,0,0,0,0,0,0,0,0,0,14,0,2,0,11,0,18,0,0,0,14,0,38,0,0,0,4,0,53,0,0,0,2,0,7,0,117,0,25,0,24,0,5,0,1,0,4,0,0,0,2,0,0,0,0,0,0,0,0,0,0,1,0,0,0,0,0,0,0,0,0,0,0,0,0,0,0,0,0,0,0,0,0,0,0,0,1,0,0,0,0,0,0,0,0,0,0,0,3,0,0,0,36,0,0,0,0,0,0,0,0,0,0,0,3,0,0,0,0,0,0,0,12,0,0,0,0,0,0,0,0,0,0,0,9,0,0,0,22,0,0,0,0,0,1,0,199,0,80,0,81,0,5,0,0,0,61,0,14,0,0,0,45,0,0,0,0,0,0,0,0,0,0,0,9,0,0,0,2,0,0,0
1,0,0,0,0,0,0,0,0,0,0,0,0,0,0,0,1,0,0,0,20,0,0,0,0,0,47,0,0,0,13,0,5,0,0,0,48,0,2,0,0,0,22,0,16,0,0,0,0,0,34,0,0,0,0,0,0,0,0,0,2,0,1,0,3,7,0,0,0,0,0,0,202,0,200,0,22,0,113,0,8,0,0,0,2,0,44,0,0,0,0,0,0,0,0,0,0,0,10,0,0,0,0,0,0,0,0,0,0,0,0,0,0,0,0,0,0,0,0,0,78,0,21,0,7,0,11,0,32,14,31,0,9,8,16,0,10,0,13,6,87,4,25,0,95,8,13,6,14,0,54,2,42,0,1,0,10,0,1,4,7,0,90,0,0,0,27,0,21,0,37,0,58,0,19,7,0,0,0,0,22,0,0,0,31,2,0,0,0,0,0,0,0,0,0,0,0,0,14,0,7,0,0,0,0,0,13,0,49,1,0,0,0,0,0,0,0,0,0,0,5,0,0,0,0,0,1,0,16,1,0,0,1,0,5,0,1,0,28,0,10,0,12,0,3,0,0,0,0
0,0,0,0,0,6,0,0,0,0,0,7,0,0,0,2,0,0,0,0,0,10,0,1,0,0,0,0,0,0,0,6,0,0,0,0,0,0,0,0,0,0,0,0,0,17,0,0,0,0,0,15,0,0,0,0,0,1,0,2,0,0,0,0,3,28,0,0,0,0,0,0,0,201,0,116,0,5,0,65,0,5,0,2,0,3,0,30,0,0,0,0,0,0,0,0,3,0,3,0,0,0,0,0,0,0,2,0,0,0,0,0,0,0,0,0,0,0,0,0,0,20,0,33,0,28,4,45,14,9,18,12,0,10,0,35,2,7,0,7,7,12,0,25,4,159,9,37,0,92,3,33,4,49,0,3,0,9,1,7,0,7,0,48,0,0,0,4,0,12,0,16,0,9,0,38,0,0,0,0,0,65,0,0,0,9,0,0,0,0,0,0,0,0,0,0,0,0,0,22,0,7,0,8,0,0,0,23,2,27,0,0,0,0,0,0,0,0,0,0,0,0,0,0,0,0,0,20,0,68,0,0,0,0,0,8,0,0,0,52,0,9,0,1,1,7,0,0,0
