0,80,81,42,31,0,36,0,139,76,177,0,102,0,12,0,19,33,7,0,7,0,15,36,7,236,0,0,0,0,0,0,0,0,0,0,0,0,320,0,10,0,0,0,4,0,14,0,24,0,0,0,18,0,1,0,0,0,0,0,161,0,101,0,0,0,0,0,0,0,0,0,0,0,0,0,0,0,0,0,0,0,0,0,0,0,0,0,0,0,2,0,0,0,0,0,0,0,0,0,0,0,0,0,0,0,0,0,0,0,0,0,0,0,0,0,2,0,0,0,0,0,0,0,0,0,0,0,0,0,0,0,0,0,4,0,0,0,3,0,0,0,0,0,0,0,0,0,0,0,0,0,0,0,0,0,0,0,0,0,6,0,11,0,0,0,0,0,178,1,163,0,297,0,2,0,161,106,36,0,0,0,150,1,5,0,2,0,0,0,0,0,0,0,0,0,0,0,0,0,0,0,0,0,0,0,0,0,0,0,695,126,268,325,407,3,67,10,0,0,0,0,0,0,0
80,0,113,63,0,121,0,48,0,110,14,264,0,166,16,46,32,77,0,133,0,19,330,72,78,17,0,98,0,57,0,13,0,205,0,12,0,271,0,306,0,23,0,0,0,76,0,63,0,12,0,0,0,0,0,14,0,0,0,7,0,198,0,88,0,20,0,8,0,0,0,0,0,0,0,0,0,0,0,0,0,0,0,0,0,0,0,0,0,0,0,0,0,0,0,0,0,0,0,0,0,0,0,0,0,0,0,0,0,0,0,0,0,0,0,0,0,0,0,0,0,0,0,0,0,26,0,0,0,0,0,17,0,0,0,0,0,0,0,0,0,0,0,0,0,0,0,15,0,15,0,39,0,0,0,0,0,0,0,0,0,14,0,12,0,0,0,0,0,53,0,91,0,117,0,19,82,293,0,5,0,22,0,5,0,123,1,0,0,0,0,0,0,0,0,0,0,0,0,0,0,0,0,0,0,0,0,0,0,0,3,0,0,0,680,0,0,0,964,130,293,288,0,166,0
81,113,0,0,172,0,71,0,121,0,80,13,142,0,166,72,16,35,91,0,36,0,104,79,13,212,59,0,140,0,33,0,223,0,0,0,69,0,521,0,16,0,0,0,20,0,78,0,37,0,0,0,12,0,44,0,20,0,0,0,129,0,103,0,12,0,2,0,0,0,6,0,0,0,0,0,0,0,0,0,0,0,0,0,0,0,0,0,0,0,0,0,0,0,0,0,0,0,0,0,0,0,0,0,0,0,0,0,0,0,0,0,0,0,0,0,1,0,0,0,0,0,0,0,26,0,44,0,0,0,53,0,0,1,197,0,69,0,0,0,0,0,95,0,0,0,34,0,0,0,0,0,19,0,0,0,0,0,0,0,11,0,15,0,21,0,67,0,185,0,162,0,426,0,0,0,176,134,7,0,0,0,50,2,28,0,0,0,0,0,0,0,0,0,0,0,0,0,60,0,58,0,0,0,0,0,33,0,110,0,614,70,340,361,461,0,0,7,0,0,0,0,0,0,0
42,63,0,0,0,95,0,102,3,13,0,8,0,12,0,161,0,3,0,210,11,33,255,48,14,28,0,42,0,72,0,14,0,225,0,0,1,138,0,151,0,0,0,0,0,25,0,0,0,0,0,0,0,0,0,70,0,15,0,6,0,0,0,0,0,4,0,0,0,0,0,0,0,0,0,0,0,0,0,0,0,0,0,0,0,0,0,0,0,0,2,0,0,0,0,0,0,0,0,0,0,0,0,0,0,0,0,0,0,0,0,0,0,0,0,0,0,0,0,0,0,0,0,0,1,33,0,0,0,0,0,16,0,5,0,54,0,7,0,0,0,0,0,16,0,0,0,6,0,0,0,15,0,11,0,4,0,0,0,0,0,12,0,0,0,0,0,60,0,0,0,62,0,161,0,0,46,103,0,1,0,0,0,3,0,0,0,0,0,0,0,0,0,0,0,0,0,0,0,0,0,0,0,0,0,0,0,11,0,13,0,0,0,0,377,0,0,0,306,33,281,164,1,65,2
31,0,172,0,0,0,0,0,21,0,217,38,359,0,155,101,4,0,63,83,260,19,30,27,0,0,98,0,0,0,168,0,234,0,273,0,222,0,40,0,61,0,0,0,0,0,58,0,19,0,40,0,0,0,0,0,0,0,0,0,0,0,4,0,3,0,0,0,0,0,0,0,4,0,0,0,0,0,0,0,0,0,0,0,0,0,0,0,0,0,0,0,0,0,0,0,0,0,0,0,0,0,0,0,0,0,0,0,0,0,0,0,0,0,0,0,0,0,0,0,0,0,0,0,0,0,0,0,0,0,0,0,0,0,63,0,0,0,0,0,0,0,0,0,0,0,0,0,13,0,39,0,46,0,1,0,0,0,0,0,0,0,0,0,0,0,214,0,394,0,0,0,287,0,0,0,169,96,152,0,79,0,63,0,85,0,0,0,0,0,0,0,0,0,0,0,0,0,0,0,0,0,0,0,0,0,0,0,59,0,460,168,445,129,248,0,0,0,0,0,0,0,0,0,0
0,121,0,95,0,0,0,43,0,19,53,220,0,282,118,140,0,0,69,304,145,70,0,10,0,0,0,183,0,0,0,203,0,226,0,227,0,291,0,0,0,26,0,0,0,55,0,138,0,4,0,60,0,0,0,0,0,0,0,0,0,0,0,0,0,4,0,0,0,0,0,0,0,0,0,4,0,0,0,0,0,0,0,0,0,0,0,0,0,0,0,0,0,0,0,0,0,0,0,0,0,0,0,0,0,0,0,0,0,0,0,0,0,0,0,0,0,0,0,0,0,0,0,0,0,0,0,0,0,0,0,0,0,0,0,0,0,0,0,0,0,3,0,0,0,0,0,4,0,10,0,19,0,23,0,0,0,0,0,0,0,0,0,0,0,0,0,143,0,285,0,160,0,141,0,0,56,315,10,34,0,0,0,7,0,0,0,0,0,0,0,0,0,0,0,0,0,0,0,0,0,0,0,0,0,0,0,0,0,0,0,1,0,0,327,0,0,0,516,187,679,135,0,18,10
36,0,71,0,0,0,0,0,211,185,9,0,7,0,0,1,10,20,0,0,0,0,14,6,150,145,0,0,0,0,0,0,4,0,0,0,2,0,0,0,0,0,1,0,0,0,0,0,41,0,3,0,177,22,123,112,75,0,43,0,373,0,237,10,0,0,25,40,0,0,0,0,0,0,0,0,0,0,0,0,0,0,0,0,0,0,0,0,0,0,0,0,0,0,0,0,0,0,0,0,0,0,0,0,0,0,0,0,0,0,0,0,0,0,0,0,0,0,0,0,0,0,0,0,47,0,82,0,0,0,114,0,11,0,32,0,14,0,0,0,0,0,0,0,0,0,0,0,0,0,0,0,0,0,11,0,0,0,5,0,70,0,12,0,0,0,0,0,118,0,240,0,68,0,0,0,134,44,0,0,0,0,8,0,0,0,0,0,0,0,0,0,0,0,0,0,0,0,0,0,0,0,0,0,0,0,0,0,65,0,603,120,407,473,602,0,177,0,0,0,0,0,0,0,0
0,48,0,102,0,43,0,0,47,58,0,19,0,0,0,22,27,16,0,58,0,0,104,3,102,77,0,0,0,35,0,0,0,39,0,0,0,75,0,322,0,0,0,0,0,0,0,0,0,6,0,0,2,54,0,261,0,17,0,5,0,316,11,250,0,5,0,2,0,1,0,0,0,0,0,0,0,0,0,0,0,0,0,0,0,0,0,0,0,0,0,0,0,0,0,0,0,2,0,0,0,0,0,0,0,0,0,0,0,0,0,0,0,0,0,0,0,0,0,0,0,0,0,0,0,42,0,10,0,3,0,25,0,0,0,32,0,9,0,0,0,0,0,0,0,0,0,10,0,0,0,44,0,3,0,0,0,0,0,0,0,0,0,17,0,0,0,8,0,0,0,208,0,150,0,0,44,61,0,1,0,0,4,3,0,4,0,0,0,0,0,0,0,0,0,0,0,0,0,0,0,0,0,0,0,0,0,8,0,37,0,0,0,0,780,0,0,0,741,62,456,464,7,343,0
139,0,121,3,21,0,211,47,0,132,17,0,20,0,5,0,12,0,12,0,0,0,12,0,15,91,4,0,0,0,0,0,0,0,0,0,0,0,0,0,3,0,0,0,0,0,8,0,13,0,0,0,110,25,60,155,18,0,64,0,181,0,126,8,201,0,34,49,0,0,0,0,0,0,0,0,0,0,0,0,0,0,0,0,0,0,0,0,0,0,0,0,0,0,0,0,0,0,0,0,0,0,0,0,0,0,0,0,0,0,0,0,0,0,0,0,0,0,0,0,0,0,0,0,53,0,60,0,0,0,62,0,0,0,31,0,0,0,0,0,0,0,0,0,0,0,59,0,78,0,56,0,12,0,0,0,0,0,2,0,20,0,0,0,0,0,0,0,30,0,67,0,24,0,0,0,356,30,19,0,0,0,43,0,185,10,2,0,0,0,0,0,0,0,0,0,0,0,9,0,5,0,0,0,0,0,13,0,88,0,310,94,150,211,324,5,77,0,0,0,0,0,0,0,0
76,110,0,13,0,19,185,58,132,0,0,27,0,20,1,6,23,38,0,56,0,0,38,1,351,50,0,24,0,0,0,0,0,0,0,0,0,0,0,0,0,0,0,0,0,0,0,0,0,0,0,0,7,234,51,137,0,25,0,36,0,464,43,287,0,299,0,64,0,0,0,0,0,0,0,0,0,0,0,0,0,0,0,0,0,0,0,0,0,0,0,0,0,0,0,0,0,0,0,0,0,0,0,0,0,0,0,0,0,0,0,0,0,0,0,0,0,0,0,0,0,0,0,0,0,91,0,50,0,0,0,76,0,11,0,21,0,8,0,0,0,0,0,1,0,0,0,32,0,112,0,95,0,34,0,4,0,0,0,0,0,52,0,0,0,0,0,0,0,0,9,200,11,72,0,4,115,209,0,0,0,7,6,0,0,112,0,0,0,0,0,0,0,0,0,0,0,0,0,0,0,0,0,0,0,0,0,9,0,33,0,4,0,0,742,0,0,0,836,126,350,417,0,241,0
177,14,80,0,217,53,9,0,17,0,0,25,274,0,32,120,2,0,14,17,65,0,6,35,0,0,24,0,0,0,70,0,159,0,59,0,107,0,30,0,32,0,0,0,18,0,35,0,21,0,0,0,0,0,0,0,0,0,0,0,0,0,0,0,0,0,0,0,0,0,3,0,0,0,0,0,0,0,0,0,0,0,0,0,0,0,0,0,0,0,0,0,0,0,0,0,0,0,0,0,0,0,0,0,0,0,0,0,0,0,0,0,0,0,0,0,0,0,0,0,0,0,0,0,0,0,0,0,0,0,0,0,0,0,0,0,1,0,0,0,0,0,0,0,0,0,0,0,0,0,20,0,20,0,0,0,0,0,0,0,0,0,0,0,0,0,57,0,175,0,0,0,135,0,0,0,186,82,128,0,54,0,35,0,31,0,7,0,0,0,0,0,0,0,0,0,0,0,0,0,0,0,0,0,0,0,0,0,0,0,280,96,236,0,145,2,5,0,0,0,0,0,0,0,0
0,264,13,8,38,220,0,19,0,27,25,0,39,450,140,35,0,0,37,120,115,31,47,16,0,0,0,119,0,9,0,95,0,229,0,110,0,183,0,0,0,66,0,29,0,87,0,126,0,62,0,38,0,0,1,2,0,0,0,2,0,0,0,0,0,5,0,3,0,0,0,0,0,0,0,0,0,0,0,0,0,0,0,0,0,0,0,0,0,0,0,0,0,0,0,0,0,0,0,0,0,0,0,0,0,0,0,0,0,0,0,0,0,0,0,0,0,0,0,0,0,0,0,0,0,0,0,4,0,0,0,0,0,2,0,0,0,0,0,0,0,0,0,0,0,0,0,0,0,0,0,47,0,74,0,0,0,0,0,0,0,0,0,0,0,0,0,0,0,0,0,0,0,0,0,30,68,401,14,47,0,42,0,23,0,87,0,23,0,0,0,0,0,0,0,0,0,0,0,0,0,0,0,0,0,0,0,0,0,0,0,0,0,0,150,0,0,0,188,89,247,0,2,0,0
102,0,142,0,359,0,7,0,20,0,274,39,0,235,95,36,15,0,81,272,111,50,108,0,0,0,289,334,0,0,21,0,0,0,372,0,80,0,0,0,241,0,50,0,70,47,219,0,37,1,362,0,0,0,0,0,0,0,0,0,0,0,4,0,3,0,2,0,0,0,0,0,0,0,0,0,0,0,0,0,0,0,0,0,0,0,0,0,0,0,0,0,0,0,0,0,0,0,0,0,0,0,0,0,0,0,0,0,0,0,0,0,0,0,0,0,0,0,0,0,0,0,0,0,0,0,4,0,0,0,0,0,0,0,0,0,0,0,0,0,0,0,0,0,0,0,0,0,0,0,46,0,54,0,0,0,0,0,0,0,0,0,11,0,168,0,99,0,149,0,0,0,0,0,0,0,353,117,230,0,152,0,81,0,98,0,156,17,0,0,0,0,0,0,0,0,0,0,0,0,0,0,0,0,0,0,0,0,60,0,190,173,510,0,72,0,0,0,0,0,0,0,0,0,0
0,166,0,12,0,282,0,0,0,20,0,450,235,0,56,0,0,0,513,87,248,59,0,0,0,0,492,95,0,0,0,44,0,0,0,195,0,49,0,0,112,197,26,332,41,77,77,267,3,96,48,419,0,0,0,0,0,4,0,0,0,0,0,0,0,7,0,1,0,0,0,0,0,0,0,0,0,0,0,0,0,0,0,0,0,0,0,0,0,0,0,0,0,0,0,0,0,0,0,0,0,0,0,0,0,0,0,0,0,0,0,0,0,0,0,0,0,0,0,0,0,0,0,0,0,0,0,0,0,0,0,0,0,0,0,0,0,0,0,0,0,0,0,0,0,0,0,0,0,0,0,0,0,0,0,0,0,0,0,0,0,0,0,0,0,62,0,12,0,0,0,17,0,13,0,9,29,231,13,4,0,0,0,14,0,28,41,61,0,0,0,0,0,0,0,0,0,0,0,0,0,0,0,0,0,0,0,0,0,0,0,0,0,0,0,0,0,0,0,141,372,0,0,0,8
12,16,166,0,155,118,0,0,5,1,32,140,95,56,0,256,30,0,221,104,256,48,514,23,64,0,126,0,0,0,203,0,118,0,118,0,125,0,0,0,23,0,0,0,14,0,24,0,4,0,7,0,0,0,38,0,0,0,0,0,1,0,12,0,1,0,0,0,0,0,0,0,0,0,0,0,0,0,0,0,0,0,0,0,0,0,0,0,0,0,0,0,0,0,0,0,0,0,0,0,0,0,0,0,0,0,0,0,0,0,0,0,0,0,0,0,0,0,0,0,0,0,0,0,8,0,0,0,0,0,0,0,0,0,0,0,0,0,0,0,0,0,0,0,0,0,43,0,15,0,0,0,0,0,0,0,0,0,4,0,0,0,0,0,0,0,144,0,117,0,0,0,86,0,0,0,172,181,23,0,0,0,38,0,54,0,0,0,0,0,0,0,0,0,0,0,4,0,0,0,0,0,0,0,0,0,0,0,88,0,77,29,73,0,0,0,3,0,0,0,0,0,0,0,0
0,46,72,161,101,140,1,22,0,6,120,35,36,0,256,0,10,14,0,289,196,179,332,77,6,102,0,51,0,5,0,111,17,142,0,46,0,67,0,12,0,0,0,0,0,8,0,0,0,0,0,0,0,0,0,103,0,0,0,16,0,4,0,5,0,4,0,0,0,0,0,0,0,0,0,0,0,0,0,0,0,0,0,0,0,98,0,0,0,0,0,0,0,0,0,0,0,63,0,0,0,0,0,0,0,0,0,0,0,0,0,0,0,0,0,0,0,0,0,0,0,0,0,0,0,0,0,0,0,0,0,0,0,0,0,171,0,34,0,0,0,0,0,0,0,0,0,10,0,0,0,24,0,0,0,9,0,0,0,0,0,0,0,0,1,0,7,61,0,0,0,70,10,82,0,0,95,269,12,6,1,11,0,0,0,65,0,0,0,0,0,0,0,0,0,0,0,0,0,0,0,53,0,0,0,0,0,0,0,24,6,0,0,0,193,0,0,0,315,218,240,63,0,6,0
19,32,16,0,4,0,10,27,12,23,2,0,15,0,30,10,0,12,87,0,296,0,67,20,92,80,172,0,198,0,47,0,229,0,0,0,0,0,275,0,0,0,0,0,76,0,65,0,0,0,0,0,141,0,16,0,6,0,0,0,66,0,223,2,0,0,0,0,0,0,6,0,0,0,12,0,0,0,0,0,48,0,0,0,567,0,0,0,0,0,202,0,0,0,0,0,502,0,244,0,27,0,0,0,0,0,143,0,0,0,0,0,0,0,0,0,0,0,0,0,59,0,49,0,0,0,0,0,103,0,0,0,0,0,0,0,214,0,139,0,74,0,358,0,0,0,0,0,0,0,0,0,0,0,56,0,0,0,97,0,19,0,0,0,0,0,0,0,36,0,43,2,45,0,0,0,3,0,0,0,0,0,8,0,0,0,0,0,0,0,0,0,0,0,0,0,0,0,0,0,164,0,0,0,0,0,4,0,0,0,21,0,41,31,12,0,11,0,0,0,0,0,0,0,0
33,77,35,3,0,0,20,16,0,38,0,0,0,0,0,14,12,0,0,0,0,79,56,17,45,37,0,0,0,80,0,18,0,93,0,3,0,47,0,266,0,0,0,0,0,0,0,0,0,2,0,0,0,55,0,48,0,45,0,0,0,34,0,168,0,0,0,0,0,0,0,0,0,0,0,0,0,0,0,0,0,0,0,0,0,91,0,0,0,0,0,0,0,0,0,0,0,40,0,0,0,0,0,0,0,0,0,0,0,0,0,0,0,0,0,0,0,0,0,0,0,0,0,0,0,1,0,0,0,0,0,0,0,0,0,118,0,0,0,45,0,3,0,70,0,0,0,0,0,0,0,0,0,0,0,43,0,0,0,24,0,0,0,0,0,0,0,3,1,18,0,20,0,18,0,0,9,10,0,0,0,0,1,13,0,0,0,0,0,0,0,0,0,0,0,0,0,0,0,0,1,0,0,0,0,0,0,0,0,0,2,0,1,0,58,0,0,0,34,21,66,28,0,27,0
7,0,91,0,63,69,0,0,12,0,14,37,81,513,221,0,87,0,0,466,332,111,303,0,0,0,113,271,6,0,75,3,0,0,265,0,39,7,0,0,9,0,10,0,10,37,15,0,7,0,103,0,0,0,0,0,0,0,0,0,0,0,30,0,0,0,0,0,0,0,16,0,0,0,0,0,0,0,0,0,0,0,0,0,0,0,0,0,0,0,0,0,0,0,0,0,0,0,0,0,0,0,0,0,0,0,0,0,0,0,0,0,0,0,0,0,0,0,0,0,0,0,0,0,0,0,0,0,0,0,0,0,0,0,0,0,0,0,0,0,6,0,0,0,0,0,0,0,0,0,0,0,0,0,3,0,0,0,0,0,0,0,0,0,0,0,43,0,0,0,0,0,0,0,0,0,97,123,39,0,0,0,23,0,40,0,12,22,0,0,0,0,0,0,0,0,0,0,0,0,0,0,0,0,0,0,0,0,0,0,0,42,118,0,23,0,1,1,0,0,0,0,0,0,0
0,133,0,210,83,304,0,58,0,56,17,120,272,87,104,289,0,0,466,0,283,181,0,85,0,130,221,152,0,0,0,177,0,0,0,242,0,65,0,0,40,4,0,62,0,94,0,123,1,7,0,232,0,0,0,0,0,0,0,0,0,0,0,0,0,19,0,0,0,0,0,0,0,0,0,0,0,0,0,0,0,0,0,0,0,298,0,0,0,0,0,0,0,0,0,0,0,0,0,0,0,0,0,0,0,0,0,0,0,0,0,0,0,0,0,0,0,0,0,0,0,0,0,0,0,0,0,0,0,0,0,0,0,0,0,0,0,0,0,0,0,15,0,121,0,11,0,0,0,0,0,120,0,52,0,20,0,0,0,0,0,0,0,0,0,38,0,27,0,0,0,0,0,0,0,0,24,97,17,0,0,0,0,15,0,137,13,6,0,0,0,0,0,0,0,0,0,0,0,0,0,0,0,0,0,0,0,0,0,63,0,0,0,0,58,0,0,0,106,100,220,0,0,8,4
7,0,36,11,260,145,0,0,0,0,65,115,111,248,256,196,296,0,332,283,0,93,250,20,43,0,363,89,80,0,123,0,28,7,129,34,16,0,0,0,0,7,28,0,82,0,19,0,0,0,64,9,15,0,12,0,0,0,3,0,0,0,71,0,0,0,5,0,0,0,44,0,0,0,32,0,0,0,14,0,51,0,0,0,330,0,34,0,0,0,176,0,0,0,0,0,334,0,409,0,51,0,0,0,0,0,0,0,0,0,0,0,0,0,0,0,0,0,0,0,0,0,30,0,0,0,0,0,0,0,0,0,0,0,0,0,0,0,38,0,36,0,160,0,29,0,0,0,0,0,0,0,0,0,5,0,0,0,0,0,0,0,17,0,0,0,139,0,191,0,0,0,65,0,0,0,85,97,7,0,0,0,10,0,0,0,0,5,0,0,0,0,0,0,0,0,0,0,0,0,0,0,0,0,0,0,0,0,0,0,291,175,237,70,121,0,0,4,0,0,0,0,0,0,0
0,19,0,33,19,70,0,0,0,0,0,31,50,59,48,179,0,79,111,181,93,0,0,314,0,165,25,164,0,58,0,71,0,87,0,152,0,81,0,17,0,0,0,32,0,49,0,0,0,2,0,110,0,0,0,0,0,0,0,0,0,0,0,62,0,0,0,0,0,0,0,0,0,0,0,0,0,0,0,0,0,0,0,0,0,815,0,0,0,0,0,0,0,0,0,0,0,305,0,236,0,323,0,0,0,0,0,0,0,0,0,0,0,0,0,0,0,0,0,0,0,159,0,0,0,0,0,0,0,0,0,0,0,0,0,504,0,107,0,194,0,150,0,617,0,94,0,0,0,0,0,0,0,0,0,47,0,0,0,0,0,10,0,0,0,33,0,42,0,168,0,35,0,30,0,2,0,18,1,0,0,0,0,2,0,24,0,0,0,0,0,0,0,0,0,0,0,0,0,0,0,0,0,0,0,0,0,0,0,0,0,0,0,0,74,0,0,0,169,191,288,57,0,2,5
15,330,104,255,30,0,14,104,12,38,6,47,108,0,514,332,67,56,303,0,250,0,0,298,65,325,318,0,101,0,26,0,187,0,0,0,29,0,126,0,34,0,0,0,88,0,176,0,10,0,0,0,0,0,71,0,19,0,0,0,21,0,32,5,0,0,0,0,0,0,0,0,0,0,0,0,0,0,0,0,0,0,0,0,65,0,0,0,0,0,0,0,0,0,0,0,94,0,0,0,0,0,0,0,0,0,157,0,0,0,0,0,0,0,0,0,0,0,0,0,0,0,0,0,0,0,0,0,0,0,9,0,0,0,133,0,124,0,0,0,0,0,251,0,0,0,33,0,6,0,31,0,33,0,10,0,0,0,0,0,5,0,0,0,12,0,17,0,0,0,54,0,212,0,0,0,354,241,0,0,15,0,57,9,41,2,0,0,0,0,0,0,0,0,0,0,0,0,60,0,180,0,0,0,0,0,0,0,72,0,167,17,146,128,149,0,20,0,0,0,0,0,0,0,0
36,72,79,48,27,10,6,3,0,1,35,16,0,0,23,77,20,17,0,85,20,314,298,0,19,25,0,27,1,44,3,48,0,172,0,16,3,63,0,46,0,0,0,0,0,0,0,0,0,1,0,0,0,4,2,17,0,0,0,0,0,6,0,5,0,0,0,0,0,0,0,0,0,0,0,0,0,0,0,0,0,0,0,0,0,37,0,0,0,0,0,0,0,0,0,0,0,21,0,0,0,0,1,0,0,0,0,0,0,0,0,0,0,0,0,0,0,0,0,0,0,0,0,0,0,0,0,0,0,0,0,0,0,0,0,47,0,0,0,0,0,0,0,19,0,0,0,0,0,0,0,0,0,0,0,2,0,0,0,0,0,0,0,3,0,8,0,54,0,26,0,54,12,56,0,0,26,46,0,0,0,0,0,4,0,0,0,0,0,0,0,0,0,0,0,0,0,0,0,0,0,0,0,0,0,0,0,0,0,0,0,0,0,0,128,0,0,0,241,135,121,48,0,0,0
7,78,13,14,0,0,150,102,15,351,0,0,0,0,64,6,92,45,0,0,43,0,65,19,0,437,0,0,60,0,7,0,30,0,0,0,4,0,72,0,0,0,0,0,0,0,0,0,22,0,5,0,170,19,64,123,16,0,5,0,163,0,402,19,0,0,0,21,0,0,0,0,0,0,0,0,0,0,0,0,0,0,0,0,36,0,0,0,0,0,28,0,0,0,0,0,57,0,0,0,0,0,0,0,91,0,118,0,0,0,0,0,0,0,0,0,0,0,0,0,0,0,0,0,5,0,13,0,0,0,19,0,6,0,79,0,102,0,0,0,2,0,169,0,0,0,0,0,0,0,0,0,0,0,24,0,5,0,11,0,8,0,0,0,0,0,0,0,49,0,142,0,66,0,0,0,71,57,0,0,0,0,0,0,0,0,0,0,0,0,0,0,0,0,0,0,0,0,36,0,120,0,0,0,0,0,0,0,37,0,164,28,178,201,226,0,76,4,0,0,0,0,0,0,0
236,17,212,28,0,0,145,77,91,50,0,0,0,0,0,102,80,37,0,130,0,165,325,25,437,0,0,44,0,74,0,12,1,40,0,0,0,0,0,87,0,0,0,0,0,0,0,0,0,0,0,0,0,31,0,45,0,34,0,4,0,41,12,156,0,0,0,0,0,0,0,0,0,0,0,0,0,0,0,0,0,0,0,0,0,13,0,0,0,0,0,0,0,0,0,0,0,10,0,0,0,0,0,0,0,0,0,0,0,0,0,0,0,0,0,0,0,0,0,0,0,0,0,0,0,0,0,0,0,0,0,0,0,0,0,50,0,21,0,4,0,0,0,19,0,0,0,0,0,0,1,0,0,0,0,9,0,0,0,3,0,0,0,0,0,0,0,0,0,12,0,28,23,32,0,0,52,92,0,0,0,0,10,25,0,1,0,0,0,0,0,0,0,0,0,0,0,0,0,0,0,0,0,0,0,0,0,0,0,8,17,7,0,0,80,0,0,0,69,16,54,55,0,0,0
0,0,59,0,98,0,0,0,4,0,24,0,289,492,126,0,172,0,113,221,363,25,318,0,0,0,0,744,67,0,40,0,1,0,105,0,97,0,3,0,46,100,186,22,179,104,177,402,58,0,444,0,0,0,0,0,0,0,0,0,0,0,47,0,1,0,0,0,0,0,77,0,0,0,0,0,0,0,0,0,0,0,0,0,0,0,0,0,0,0,0,0,0,0,0,0,0,0,0,0,0,0,0,0,0,0,0,0,0,0,0,0,0,0,0,0,0,0,0,0,0,0,0,0,0,0,0,0,0,0,0,0,0,0,0,0,0,0,0,0,0,0,0,0,0,0,0,0,0,0,0,0,0,0,0,0,0,0,0,0,0,0,0,0,230,0,48,0,0,0,0,0,18,0,0,0,47,103,0,0,0,0,0,0,28,0,108,10,0,0,0,0,0,0,0,0,0,0,0,0,0,0,0,0,0,0,0,0,0,0,0,147,332,0,25,0,1,75,0,0,0,0,0,0,0
0,98,0,42,0,183,0,0,0,24,0,119,334,95,0,51,0,0,271,152,89,164,0,27,0,44,744,0,0,0,0,36,0,6,0,131,0,43,0,0,291,21,55,303,116,297,214,118,5,43,78,518,0,0,0,0,0,0,0,0,0,0,0,0,0,0,0,0,0,0,0,0,0,0,0,0,0,0,0,0,0,0,0,0,0,0,0,0,0,0,0,0,0,0,0,0,0,0,0,0,0,0,0,0,0,0,0,0,0,0,0,0,0,0,0,0,0,0,0,0,0,0,0,0,0,0,0,0,0,0,0,0,0,0,0,0,0,0,0,0,0,0,0,0,0,0,0,0,0,0,0,0,0,0,0,0,0,0,0,0,0,0,0,0,0,128,0,11,0,84,0,0,0,6,0,0,11,90,12,2,0,19,0,10,0,0,58,7,0,0,0,0,0,0,0,0,0,0,0,0,0,0,0,0,0,0,0,0,0,0,0,0,0,0,0,0,0,0,57,363,556,33,0,0,28
0,0,140,0,0,0,0,0,0,0,0,0,0,0,0,0,198,0,6,0,80,0,101,1,60,0,67,0,0,0,19,0,7,0,18,0,7,0,6,0,0,0,33,0,25,0,0,0,0,0,29,0,1,0,0,0,1,0,0,0,0,0,6,0,0,0,0,0,0,0,10,0,0,0,0,0,0,0,0,0,0,0,0,0,163,0,0,0,0,0,0,0,0,0,0,0,80,0,0,0,7,0,0,0,0,0,0,0,0,0,0,0,0,0,0,0,0,0,0,0,49,0,37,0,0,0,0,0,0,0,0,0,0,0,0,0,0,0,48,0,27,0,0,0,11,0,0,0,0,0,0,0,0,0,2,0,0,0,0,0,0,0,2,0,0,0,1,0,0,0,0,0,0,0,0,0,0,0,0,0,0,0,3,0,1,0,0,0,0,0,0,0,0,0,0,0,0,0,0,0,13,0,0,0,0,0,0,0,0,0,0,3,4,0,0,0,0,0,0,0,0,0,0,0,0
0,57,0,72,0,0,0,35,0,0,0,9,0,0,0,5,0,80,0,0,0,58,0,44,0,74,0,0,0,0,0,21,0,55,0,84,0,12,0,102,0,0,0,13,0,0,0,0,0,0,0,31,0,24,0,11,0,15,0,0,0,16,0,23,0,0,0,0,0,0,0,0,0,0,0,0,0,0,0,0,0,0,0,0,0,318,0,0,0,0,0,0,0,0,0,0,0,69,0,0,0,69,0,0,0,0,0,0,0,0,0,0,0,0,0,0,0,0,0,0,0,26,0,4,0,0,0,0,0,0,0,0,0,0,0,185,0,0,0,178,0,113,0,311,0,12,0,0,0,0,0,0,0,0,0,89,0,5,0,59,0,0,0,0,0,0,0,0,0,0,0,0,0,0,0,0,0,0,0,0,0,0,0,0,0,0,0,0,0,0,0,0,0,0,0,0,0,0,0,0,0,0,0,0,0,0,0,0,0,0,0,0,0,0,0,0,0,0,0,0,0,0,0,1,0
0,0,33,0,168,0,0,0,0,0,70,0,21,0,203,0,47,0,75,0,123,0,26,3,7,0,40,0,19,0,0,0,1,0,21,0,44,0,2,0,0,0,40,0,5,0,0,0,0,0,67,0,0,0,0,0,0,0,3,0,4,0,33,0,0,0,0,0,0,0,15,0,0,0,13,0,0,0,0,0,0,0,0,0,59,0,0,0,0,0,0,0,0,0,0,0,62,0,0,0,0,0,0,0,0,0,0,0,0,0,0,0,0,0,0,0,0,0,0,0,26,0,15,0,0,0,0,0,0,0,0,0,0,0,0,0,0,0,0,0,15,0,0,0,20,0,0,0,0,0,0,0,0,0,4,0,2,0,3,0,0,0,0,0,0,0,46,0,52,0,0,0,26,0,0,0,15,0,8,0,0,0,0,0,0,0,0,0,0,0,0,0,0,0,0,0,0,0,0,0,0,0,0,0,0,0,0,0,0,0,81,44,57,23,24,0,0,0,0,0,0,0,0,0,0
0,13,0,14,0,203,0,0,0,0,0,95,0,44,0,111,0,18,3,177,0,71,0,48,0,12,0,36,0,21,0,0,0,4,0,61,0,11,0,3,0,0,0,11,0,6,0,0,0,0,0,41,0,0,0,0,0,10,0,0,0,0,0,0,0,0,0,0,0,0,0,0,0,0,0,0,0,0,0,0,0,0,0,0,0,98,0,0,0,0,0,0,0,0,0,0,0,31,0,0,0,45,0,0,0,0,0,0,0,0,0,0,0,0,0,0,0,0,0,0,0,0,0,0,0,0,0,0,0,0,0,0,0,0,0,0,0,0,0,28,0,25,0,72,0,25,0,0,0,0,0,0,0,0,0,8,0,0,0,0,0,0,0,0,0,0,0,16,0,0,0,0,0,5,0,0,0,0,0,0,0,0,0,0,0,0,0,0,0,0,0,0,0,0,0,0,0,0,0,0,0,0,0,0,0,0,0,0,0,0,0,0,0,0,7,0,0,0,0,26,26,11,0,0,0
0,0,223,0,234,0,4,0,0,0,159,0,0,0,118,17,229,0,0,0,28,0,187,0,30,1,1,0,7,0,1,0,0,0,5,0,94,0,0,0,0,0,0,0,0,0,0,0,0,0,8,0,4,0,4,0,0,0,0,0,4,0,19,0,0,0,1,0,0,0,7,0,0,0,0,0,0,0,0,0,0,0,0,0,26,0,4,0,0,0,0,0,0,0,0,0,0,0,75,0,7,0,0,0,0,0,0,0,0,0,0,0,0,0,0,0,0,0,0,0,11,0,4,0,0,0,0,0,0,0,0,0,0,0,0,0,0,0,17,0,6,0,0,0,0,0,0,0,0,0,0,0,0,0,4,0,0,0,0,0,0,0,0,0,0,0,30,0,31,0,0,0,25,0,0,0,34,8,16,0,0,0,10,0,0,0,0,0,0,0,0,0,0,0,0,0,0,0,0,0,0,0,0,0,0,0,0,0,0,0,76,68,39,19,41,0,0,0,0,0,0,0,0,0,0
0,205,0,225,0,226,0,39,0,0,0,229,0,0,0,142,0,93,0,0,7,87,0,172,0,40,0,6,0,55,0,4,0,0,0,87,0,115,0,3,0,0,0,6,0,0,0,0,0,0,0,38,0,4,0,0,0,0,0,0,0,3,0,19,0,0,0,0,0,0,0,0,0,0,0,0,0,0,0,0,0,0,0,0,0,55,0,10,0,0,0,0,0,0,0,0,0,0,0,0,0,0,0,0,0,0,0,0,0,0,0,0,0,0,0,0,0,0,0,0,0,0,0,0,0,0,0,0,0,0,0,0,0,0,0,0,0,0,0,46,0,33,0,0,0,26,0,0,0,0,0,0,0,0,0,0,0,32,0,0,0,0,0,0,0,0,0,18,0,7,0,0,0,6,0,0,0,23,0,0,0,0,0,0,0,0,0,0,0,0,0,0,0,0,0,0,0,0,0,0,0,0,0,0,0,0,0,0,0,0,0,0,0,0,0,0,0,0,34,20,9,0,0,0,0
0,0,0,0,273,0,0,0,0,0,59,0,372,0,118,0,0,0,265,0,129,0,0,0,0,0,105,0,18,0,21,0,5,0,0,0,157,0,0,0,0,1,26,0,5,0,0,0,2,0,56,0,0,0,0,0,0,0,0,0,0,0,3,0,3,0,0,0,0,0,0,0,2,0,0,0,4,0,0,0,6,0,0,0,34,0,0,0,0,0,0,0,0,0,0,0,0,0,0,0,0,0,0,0,0,0,0,0,0,0,0,0,0,0,0,0,0,0,0,0,0,0,4,0,0,0,0,0,0,0,0,0,0,0,0,0,0,0,0,0,0,0,0,0,0,0,0,0,0,0,0,0,0,0,0,0,0,0,0,0,0,0,12,0,32,0,79,0,77,0,12,0,32,0,0,0,0,0,16,0,0,0,0,0,0,0,0,0,0,0,0,0,0,0,0,0,0,0,0,0,0,0,0,0,0,0,0,0,0,0,99,43,158,20,40,0,4,0,0,0,0,0,0,0,0
0,12,0,0,0,227,0,0,0,0,0,110,0,195,0,46,0,3,0,242,34,152,0,16,0,0,0,131,0,84,0,61,0,87,0,0,0,95,0,14,0,0,0,21,0,5,0,0,0,0,0,66,0,3,0,0,0,0,0,0,0,0,0,9,0,0,0,0,0,0,0,3,0,5,0,0,0,0,0,2,0,0,0,0,0,0,0,0,0,0,0,0,0,0,0,0,0,0,0,0,0,0,0,0,0,0,0,0,0,0,0,0,0,0,0,0,0,0,0,0,0,0,0,0,0,0,0,0,0,0,0,0,0,0,0,0,0,0,0,0,0,0,0,164,0,50,0,0,0,0,0,0,0,0,0,5,0,8,0,0,0,0,0,0,0,18,0,55,2,81,0,17,0,23,0,0,0,0,0,0,0,0,0,0,0,0,0,0,0,0,0,0,0,0,0,1,0,0,0,0,0,0,0,0,0,0,0,0,0,0,0,0,0,0,26,0,0,0,0,61,133,0,0,0,0
0,0,69,1,222,0,2,0,0,0,107,0,80,0,125,0,0,0,39,0,16,0,29,3,4,0,97,0,7,0,44,0,94,0,157,0,0,0,89,0,8,0,109,0,85,0,0,0,2,0,73,0,8,0,2,0,0,0,0,0,22,0,11,0,0,0,0,0,0,0,46,0,9,0,44,0,0,0,0,0,28,0,0,0,157,0,16,0,0,0,34,0,0,0,0,0,59,0,301,0,18,0,0,0,0,0,0,0,0,0,0,0,0,0,0,0,0,0,0,0,85,0,47,0,0,0,0,0,0,0,0,0,0,0,0,0,16,0,120,0,68,0,0,0,159,0,0,0,0,0,0,0,0,0,20,0,30,0,0,0,0,0,19,0,23,0,31,0,96,0,0,0,57,0,0,0,20,0,11,0,0,0,0,0,7,0,0,0,0,0,0,0,0,0,0,0,0,0,0,0,0,0,0,0,0,0,0,0,0,0,43,46,83,13,15,0,0,0,0,0,0,0,0,0,0
0,271,0,138,0,291,0,75,0,0,0,183,0,49,0,67,0,47,7,65,0,81,0,63,0,0,0,43,0,12,0,11,0,115,0,95,0,0,0,91,0,0,0,52,0,15,0,0,0,0,0,126,0,16,0,0,0,0,0,0,0,50,0,24,0,2,0,0,0,0,0,0,0,5,0,0,0,0,0,3,0,164,0,0,0,73,0,6,0,0,0,6,0,0,0,0,0,0,0,32,0,37,0,0,0,0,0,0,0,0,0,0,0,0,0,0,0,0,0,0,0,75,0,10,0,0,0,0,0,0,0,0,0,0,0,49,0,0,0,66,0,103,0,264,0,171,0,0,0,0,0,0,0,0,0,0,0,93,0,0,0,0,0,0,0,6,0,27,0,70,0,45,0,44,0,0,0,0,0,0,0,0,0,10,0,0,0,0,0,0,0,0,0,0,0,0,0,0,0,0,0,0,0,0,0,0,0,0,0,0,0,0,0,0,17,0,0,0,20,88,62,10,0,0,1
320,0,521,0,40,0,0,0,0,0,30,0,0,0,0,0,275,0,0,0,0,0,126,0,72,0,3,0,6,0,2,0,0,0,0,0,89,0,0,0,0,0,0,0,0,0,0,0,0,0,2,0,17,0,4,0,0,0,0,0,5,0,9,0,0,0,0,0,0,0,3,0,0,0,4,0,0,0,0,0,5,0,0,0,39,0,2,0,0,0,0,0,0,0,0,0,0,0,23,0,0,0,0,0,0,0,0,0,0,0,0,0,0,0,0,0,0,0,0,0,0,0,11,0,0,0,0,0,0,0,0,0,0,0,0,0,10,0,33,0,20,0,38,0,34,0,0,0,0,0,0,0,0,0,11,0,6,0,11,0,0,0,0,0,0,0,21,0,0,0,1,0,15,0,0,0,29,0,0,0,0,0,20,0,0,0,0,0,0,0,0,0,0,0,0,0,0,0,0,0,0,0,0,0,0,0,0,0,0,0,0,96,1,1,0,0,0,0,0,0,0,0,0,0,0
0,306,0,151,0,0,0,322,0,0,0,0,0,0,0,12,0,266,0,0,0,17,0,46,0,87,0,0,0,102,0,3,0,3,0,14,0,91,0,0,0,0,0,0,0,0,0,0,0,0,0,16,0,6,0,0,0,0,0,0,0,56,0,28,0,0,0,0,0,0,0,0,0,0,0,0,0,0,0,0,0,0,0,0,0,15,0,0,0,0,0,0,0,0,0,0,0,0,0,0,0,0,0,0,0,0,0,0,0,0,0,0,0,0,0,0,0,0,0,0,0,0,0,0,0,0,0,0,0,0,0,0,0,0,0,0,0,0,0,32,0,6,0,30,0,17,0,0,0,0,0,0,0,0,0,0,0,27,0,16,0,0,0,0,0,0,0,2,0,0,0,0,0,35,0,0,0,59,0,0,0,0,0,0,0,0,0,0,0,0,0,0,0,0,0,0,0,0,0,0,0,0,0,0,0,0,0,0,0,0,0,0,0,0,0,0,0,0,0,28,0,0,0,0,0
10,0,16,0,61,0,0,0,3,0,32,0,241,112,23,0,0,0,9,40,0,0,34,0,0,0,46,291,0,0,0,0,0,0,0,0,8,0,0,0,0,73,23,0,73,162,211,271,103,21,16,0,0,0,0,0,0,0,1,0,0,0,4,0,0,0,0,0,0,0,0,0,0,0,0,0,0,0,0,0,0,0,0,0,0,0,0,0,0,0,0,0,0,0,0,0,0,0,13,0,0,0,0,0,0,0,0,0,0,0,0,0,0,0,0,0,0,0,0,0,0,0,0,0,0,0,0,0,0,0,0,0,0,0,0,0,0,0,0,0,0,0,0,0,0,0,0,0,0,0,0,0,0,0,0,0,0,0,0,0,0,0,0,0,43,0,0,0,16,0,0,0,0,0,0,0,62,35,32,1,38,0,16,0,0,0,217,3,0,0,0,0,0,0,0,0,0,0,0,0,0,0,0,0,0,0,0,0,0,0,0,56,86,0,6,0,0,33,0,0,0,0,0,0,0
0,23,0,0,0,26,0,0,0,0,0,66,0,197,0,0,0,0,0,4,7,0,0,0,0,0,100,21,0,0,0,0,0,0,1,0,0,0,0,0,73,0,6,0,38,48,63,233,8,141,4,0,0,0,0,1,0,0,0,0,0,0,0,0,0,0,0,0,0,0,0,0,0,0,0,0,0,0,0,0,0,0,0,0,0,0,0,0,0,0,0,0,0,0,0,0,0,0,0,0,0,0,0,0,0,0,0,0,0,0,0,0,0,0,0,0,0,0,0,0,0,0,0,0,0,0,0,0,0,0,0,0,0,0,0,0,0,0,0,0,0,0,0,0,0,0,0,0,0,2,0,0,0,0,0,0,0,0,0,0,0,0,0,0,0,29,0,0,0,0,0,0,0,0,0,0,0,131,0,29,0,6,0,7,0,0,15,8,0,0,0,0,0,0,0,1,0,0,0,0,0,0,0,0,0,0,0,0,0,0,0,0,0,0,0,0,0,0,0,5,11,0,0,0,9
0,0,0,0,0,0,1,0,0,0,0,0,50,26,0,0,0,0,10,0,28,0,0,0,0,0,186,55,33,0,40,0,0,0,26,0,109,0,0,0,23,6,0,0,237,10,58,26,24,0,70,0,0,0,3,0,0,0,0,0,0,0,0,0,2,0,0,0,2,0,0,0,5,0,16,0,0,0,0,0,0,0,0,0,0,0,0,0,0,0,0,0,0,0,0,0,0,0,0,0,10,0,0,0,0,0,0,0,0,0,0,0,0,0,0,0,0,0,0,0,0,0,0,0,0,0,0,0,0,0,0,0,0,0,0,0,0,0,0,0,0,0,0,0,28,0,0,0,0,0,0,0,0,0,0,0,0,0,0,0,0,0,14,0,79,0,12,0,8,0,0,0,11,0,0,0,0,0,6,0,0,0,0,0,1,0,12,0,0,0,0,0,0,0,0,0,0,0,0,0,0,0,0,0,0,0,0,0,0,0,0,27,56,0,0,0,0,12,0,0,0,0,0,0,0
0,0,0,0,0,0,0,0,0,0,0,29,0,332,0,0,0,0,0,62,0,32,0,0,0,0,22,303,0,13,0,11,0,6,0,21,0,52,0,0,0,0,0,0,0,180,0,82,0,11,0,135,0,0,0,0,0,0,0,0,0,0,0,4,0,0,0,0,0,0,0,0,0,0,0,0,0,0,0,0,0,0,0,0,0,51,0,0,0,0,0,0,0,0,0,0,0,0,0,0,0,35,0,0,0,0,0,17,0,0,0,0,0,0,0,0,0,0,0,0,0,0,0,8,0,0,0,0,0,0,0,0,0,0,0,0,0,0,0,0,0,0,0,0,0,34,0,0,0,3,0,0,0,0,0,0,0,0,0,0,0,0,0,1,0,61,0,5,0,31,0,0,0,2,0,0,0,13,0,7,0,0,0,2,0,0,2,91,0,0,0,0,0,0,0,0,0,0,0,0,0,0,0,0,0,0,0,0,0,0,0,0,0,0,4,0,0,0,26,77,206,0,0,0,0
4,0,20,0,0,0,0,0,0,0,18,0,70,41,14,0,76,0,10,0,82,0,88,0,0,0,179,116,25,0,5,0,0,0,5,0,85,0,0,0,73,38,237,0,0,100,249,200,86,17,130,0,0,0,0,0,0,0,22,0,0,0,29,0,5,0,12,1,0,0,99,0,0,0,79,0,0,0,0,0,0,0,0,0,337,0,45,0,0,0,204,0,0,0,0,0,254,0,778,0,0,0,0,0,0,0,0,0,0,0,0,0,0,0,0,0,1,0,0,0,178,0,0,0,0,0,0,0,0,0,0,0,0,0,0,0,0,0,0,0,0,0,0,0,0,0,0,0,8,0,0,0,0,0,0,0,0,0,0,0,2,0,22,0,148,0,33,0,67,0,0,0,48,0,0,0,0,15,12,0,8,0,7,0,0,0,65,0,0,0,0,0,0,0,0,0,0,0,0,0,0,0,0,0,0,0,0,0,0,0,33,0,36,44,33,0,10,68,0,0,1,0,0,0,0
0,76,0,25,0,55,0,0,0,0,0,87,47,77,0,8,0,0,37,94,0,49,0,0,0,0,104,297,0,0,0,6,0,0,0,5,0,15,0,0,162,48,10,180,100,0,158,221,26,191,7,84,0,0,0,0,0,0,0,0,0,6,0,0,0,6,0,0,0,9,0,19,0,0,0,12,0,13,0,6,0,232,0,0,0,185,0,65,0,0,0,0,0,13,0,72,0,0,0,0,0,105,0,36,0,0,0,0,0,0,0,0,0,0,0,0,0,0,0,0,0,105,0,19,0,0,0,0,0,0,0,0,0,0,0,0,0,0,0,0,0,29,0,126,0,49,0,0,0,0,0,0,0,0,0,6,0,0,0,0,0,5,0,5,0,146,0,9,0,49,0,0,0,6,0,19,0,63,0,0,0,24,0,10,0,51,41,72,0,0,0,0,0,0,0,0,0,0,0,0,0,0,0,0,0,0,0,0,0,0,0,0,0,0,27,0,0,0,51,109,140,16,0,0,95
14,0,78,0,58,0,0,0,8,0,35,0,219,77,24,0,65,0,15,0,19,0,176,0,0,0,177,214,0,0,0,0,0,0,0,0,0,0,0,0,211,63,58,0,249,158,0,315,224,38,32,0,0,0,0,0,0,0,0,0,0,0,51,0,0,0,0,0,0,0,0,0,0,0,0,0,0,0,0,0,0,0,0,0,164,0,0,0,0,0,0,0,0,0,0,0,0,0,218,0,0,0,0,0,0,0,0,0,0,0,0,0,0,0,0,0,0,0,2,0,0,0,0,0,0,0,0,0,0,0,0,0,0,0,0,0,0,0,0,0,0,0,0,0,0,0,0,0,0,0,31,0,25,0,0,0,0,0,0,0,0,0,0,0,152,0,0,0,27,0,0,0,6,0,0,0,49,29,47,0,59,0,31,0,0,0,166,4,0,0,0,0,0,0,0,0,1,0,0,0,0,0,0,0,0,0,0,0,19,0,40,51,87,0,13,0,0,78,0,0,0,0,0,0,0
0,63,0,0,0,138,0,0,0,0,0,126,0,267,0,0,0,0,0,123,0,0,0,0,0,0,402,118,0,0,0,0,0,0,0,0,0,0,0,0,271,233,26,82,200,221,315,0,29,192,35,47,0,3,0,0,0,0,0,0,0,0,0,0,0,0,0,0,0,0,0,0,0,0,0,0,0,0,0,0,0,0,0,0,0,0,0,0,0,0,0,0,0,0,0,0,0,0,0,0,0,0,0,0,0,0,0,0,0,0,0,0,0,0,0,0,0,0,0,0,0,0,0,0,0,0,0,0,0,0,0,0,0,0,0,0,0,0,0,0,0,0,0,0,0,0,0,0,0,0,0,0,0,0,0,0,0,0,0,0,0,0,0,0,0,0,0,0,0,0,0,0,0,0,0,0,0,201,0,3,0,0,0,0,0,0,85,14,0,0,0,0,0,0,0,0,0,0,0,0,0,0,0,0,0,0,0,0,0,0,0,0,0,0,0,0,0,0,0,76,56,0,0,0,27
24,0,37,0,19,0,41,0,13,0,21,0,37,3,4,0,0,0,7,1,0,0,10,0,22,0,58,5,0,0,0,0,0,0,2,0,2,0,0,0,103,8,24,0,86,26,224,29,0,21,23,0,14,0,37,1,77,0,39,0,3,0,0,0,1,0,0,0,12,0,0,0,2,0,0,0,0,0,0,0,3,0,7,0,0,0,3,0,14,0,0,0,23,0,12,0,0,0,5,1,13,0,26,0,0,0,0,0,1,0,0,0,0,0,0,0,0,0,0,0,0,0,0,0,20,0,0,0,0,0,29,0,14,0,40,0,0,0,0,0,12,5,35,0,2,0,18,0,0,0,26,0,17,0,0,0,0,0,5,0,25,0,20,0,14,0,19,0,17,2,16,0,11,0,0,0,29,11,13,0,30,0,5,0,0,0,199,0,42,0,0,0,25,0,5,0,0,0,71,0,23,0,73,0,59,0,0,0,24,0,130,62,173,48,113,35,18,4,0,0,0,0,0,0,0
0,12,0,0,0,4,0,6,0,0,0,62,1,96,0,0,0,2,0,7,0,2,0,1,0,0,0,43,0,0,0,0,0,0,0,0,0,0,0,0,21,141,0,11,17,191,38,192,21,0,0,5,0,0,0,2,0,0,0,0,0,0,0,0,0,1,0,0,0,17,0,0,0,0,0,0,0,3,0,0,0,31,0,32,0,27,0,0,0,10,0,0,0,15,0,12,0,11,0,8,0,15,0,19,0,10,0,0,0,0,0,0,0,0,0,0,0,0,0,1,0,9,0,3,0,0,0,0,0,0,1,0,0,0,0,0,0,0,0,0,0,2,0,0,0,0,0,0,0,3,0,26,0,31,0,1,0,0,0,0,0,2,0,4,0,54,0,9,0,7,0,7,0,4,0,18,0,85,0,7,0,29,0,14,0,21,54,117,0,0,0,0,0,0,0,0,0,0,0,0,0,0,0,4,0,7,0,0,0,0,0,0,0,0,11,0,0,0,28,29,29,2,7,0,9
0,0,0,0,40,0,3,0,0,0,0,0,362,48,7,0,0,0,103,0,64,0,0,0,5,0,444,78,29,0,67,0,8,0,56,0,73,0,2,0,16,4,70,0,130,7,32,35,23,0,0,0,0,0,0,0,10,0,0,0,0,0,0,0,7,0,0,0,0,0,33,0,0,0,0,0,0,0,0,0,0,0,0,0,0,0,20,0,0,0,0,0,0,0,0,0,0,0,188,0,0,0,0,0,0,0,0,0,0,0,0,0,0,0,0,0,0,0,0,0,0,0,0,0,0,0,0,0,0,0,0,0,0,0,0,0,0,0,0,0,0,0,0,0,26,0,0,0,0,0,0,0,0,0,0,0,0,0,0,0,0,0,47,0,109,0,39,0,91,0,25,0,58,0,0,0,0,0,11,0,0,0,1,0,0,0,33,0,0,0,0,0,0,0,0,0,0,0,0,0,0,0,0,0,0,0,0,0,0,0,38,50,133,27,29,0,7,19,0,0,0,0,0,0,0
0,0,0,0,0,60,0,0,0,0,0,38,0,419,0,0,0,0,0,232,9,110,0,0,0,0,0,518,0,31,0,41,0,38,0,66,0,126,0,16,0,0,0,135,0,84,0,47,0,5,0,0,0,0,0,0,0,4,0,1,0,12,0,0,0,0,0,0,0,9,0,33,0,10,0,27,0,16,0,0,0,211,0,0,0,100,0,0,0,0,0,0,0,0,0,49,0,0,0,0,0,58,0,0,0,0,0,0,0,0,0,0,0,0,0,0,0,0,0,0,0,108,0,21,0,0,0,0,0,0,0,0,0,0,0,0,0,0,0,0,0,0,0,0,0,142,0,0,0,0,0,0,0,0,0,0,0,15,0,0,0,0,0,0,0,46,0,26,0,157,0,36,0,29,0,0,0,7,0,0,0,0,0,0,0,0,1,32,0,0,0,0,0,0,0,0,0,0,0,0,0,0,0,0,0,0,0,0,0,0,0,0,0,0,30,0,0,0,50,36,131,15,0,1,4
18,0,12,0,0,0,177,2,110,7,0,0,0,0,0,0,141,0,0,0,15,0,0,0,170,0,0,0,1,0,0,0,4,0,0,0,8,0,17,0,0,0,0,0,0,0,0,0,14,0,0,0,0,0,184,13,72,0,51,14,27,0,87,0,0,5,26,30,3,0,0,0,0,0,1,0,0,0,0,0,0,0,0,0,49,0,0,0,0,0,33,0,0,0,0,0,58,0,15,0,0,0,6,0,13,0,47,0,0,0,0,0,0,0,0,0,0,0,0,0,0,0,0,0,0,0,3,0,63,0,6,0,8,0,0,0,88,0,118,0,49,0,115,0,37,0,0,0,0,0,1,0,0,0,164,0,108,0,102,0,15,0,50,0,0,0,0,0,79,0,108,0,0,0,0,0,23,0,0,0,0,0,9,0,5,3,0,0,0,0,0,0,0,0,0,0,0,0,0,0,39,0,0,0,0,0,0,0,0,0,29,97,193,126,85,0,50,5,0,0,0,0,0,0,0
0,0,0,0,0,0,22,54,25,234,0,0,0,0,0,0,0,55,0,0,0,0,0,4,19,31,0,0,0,24,0,0,0,4,0,3,0,16,0,6,0,0,0,0,0,0,0,3,0,0,0,0,0,0,19,88,0,171,4,0,0,67,4,108,0,0,3,13,0,0,0,0,0,0,0,0,0,0,0,0,0,0,0,0,0,64,0,0,0,0,0,0,0,0,0,0,0,31,0,0,0,0,0,0,0,0,0,11,0,0,0,0,0,0,0,0,0,0,0,0,0,0,0,0,0,3,0,0,0,24,0,0,0,24,0,86,0,53,1,202,0,34,0,102,0,44,0,0,0,0,0,0,0,0,0,200,0,194,0,156,0,24,0,0,0,0,0,0,0,5,0,5,0,0,0,0,2,8,0,0,0,0,0,13,1,15,0,0,0,0,0,0,0,0,0,0,0,0,0,0,0,12,0,0,0,0,0,4,0,0,0,0,3,2,50,0,1,0,63,34,11,22,0,7,0
1,0,44,0,0,0,123,0,60,51,0,1,0,0,38,0,16,0,0,0,12,0,71,2,64,0,0,0,0,0,0,0,4,0,0,0,2,0,4,0,0,0,3,0,0,0,0,0,37,0,0,0,184,19,0,102,90,14,31,48,24,0,41,2,0,6,24,150,0,0,0,0,0,0,0,0,0,0,0,0,0,0,0,0,6,0,0,0,0,0,0,0,0,0,0,0,0,0,0,0,0,0,0,0,0,0,18,0,0,0,0,0,0,0,0,0,0,0,0,0,0,0,0,0,0,0,24,0,58,0,45,0,21,0,68,0,98,0,0,0,3,0,111,0,0,0,0,0,0,0,0,0,0,0,74,0,57,0,12,0,31,0,20,0,0,0,1,0,125,0,166,0,0,0,0,0,29,0,0,0,0,1,0,0,3,8,0,0,0,0,0,0,0,0,0,0,0,0,0,0,54,0,0,0,0,0,0,0,24,0,184,95,432,447,373,23,163,11,0,0,0,0,0,0,0
0,14,0,70,0,0,112,261,155,137,0,2,0,0,0,103,0,48,0,0,0,0,0,17,123,45,0,0,0,11,0,0,0,0,0,0,0,0,0,0,0,1,0,0,0,0,0,0,1,2,0,0,13,88,102,0,0,105,25,131,0,68,33,84,0,0,25,43,0,0,0,0,0,0,0,0,0,0,0,0,0,0,0,0,0,6,0,0,0,0,0,0,0,0,0,0,0,0,0,0,0,0,0,0,0,0,0,0,0,0,0,0,0,0,0,0,0,0,0,0,0,0,0,0,0,29,0,18,0,15,0,28,0,0,0,196,0,65,0,6,0,2,0,14,0,2,0,12,0,0,0,32,0,0,0,37,0,15,0,22,0,13,0,0,0,15,0,0,0,63,2,282,0,54,0,0,52,19,0,0,0,0,0,12,5,38,0,0,0,0,0,0,0,0,0,0,0,0,0,0,0,0,0,0,0,0,0,0,0,90,13,0,0,10,372,0,0,0,171,24,440,407,0,175,0
0,0,20,0,0,0,75,0,18,0,0,0,0,0,0,0,6,0,0,0,0,0,19,0,16,0,0,0,1,0,0,0,0,0,0,0,0,0,0,0,0,0,0,0,0,0,0,0,77,0,10,0,72,0,90,0,0,6,56,59,3,0,0,0,47,26,84,76,0,0,0,0,0,0,0,0,0,0,2,0,0,0,0,0,2,0,0,0,0,0,0,0,0,0,0,0,0,0,0,0,0,0,0,0,0,0,0,0,0,0,0,0,0,0,0,0,0,0,0,0,0,0,0,0,20,0,29,0,81,0,72,0,17,0,20,0,45,0,0,0,2,0,37,0,15,0,0,0,3,1,0,0,0,0,105,6,34,0,30,6,62,0,157,0,0,0,0,0,233,0,94,0,0,0,0,2,2,0,0,0,0,6,0,0,36,6,0,0,0,0,0,0,0,0,0,0,0,0,0,0,0,0,0,0,0,0,0,0,0,0,304,125,743,957,1459,142,200,21,0,0,0,0,0,0,0
0,0,0,15,0,0,0,17,0,25,0,0,0,4,0,0,0,45,0,0,0,0,0,0,0,34,0,0,0,15,0,10,0,0,0,0,0,0,0,0,0,0,0,0,0,0,0,0,0,0,0,4,0,171,14,105,6,0,8,122,0,0,0,80,0,3,12,25,0,5,1,0,0,0,0,0,0,0,0,0,0,0,0,0,0,14,0,1,0,0,0,0,0,5,0,0,0,10,0,0,0,0,0,0,0,0,0,25,0,0,0,0,0,0,0,0,0,0,0,0,0,0,0,0,0,48,0,24,0,18,0,35,0,151,0,115,0,43,0,9,0,4,0,25,0,6,0,0,0,0,0,14,0,0,0,168,0,35,0,52,0,21,0,180,0,6,0,0,0,146,0,567,0,0,0,0,3,0,0,0,0,0,0,0,1,9,0,0,0,0,0,0,0,0,0,0,0,0,0,12,0,0,0,0,0,0,0,12,0,37,0,0,0,0,791,0,1,0,137,16,765,723,111,169,2
0,0,0,0,0,0,43,0,64,0,0,0,0,0,0,0,0,0,0,0,3,0,0,0,5,0,0,0,0,0,3,0,0,0,0,0,0,0,0,0,1,0,0,0,22,0,0,0,39,0,0,0,51,4,31,25,56,8,0,122,0,0,0,0,40,15,213,167,0,0,0,0,0,0,0,0,0,0,0,0,0,0,0,0,0,0,0,0,0,0,0,0,0,0,0,0,0,0,0,0,1,0,0,0,0,0,0,0,0,0,0,0,0,0,0,0,0,0,0,0,0,0,0,0,16,0,32,0,4,0,40,0,0,0,0,0,4,0,0,0,0,0,0,0,0,0,0,0,0,0,0,0,0,0,111,6,79,0,0,4,12,0,6,0,0,0,5,0,0,0,0,0,0,0,0,2,24,0,0,0,0,0,0,0,246,25,0,0,0,0,0,0,0,0,0,0,0,0,0,0,0,0,0,0,0,0,0,0,7,0,448,275,254,0,1420,77,0,9,0,0,0,0,0,0,0
0,7,0,6,0,0,0,5,0,36,0,2,0,0,0,16,0,0,0,0,0,0,0,0,0,4,0,0,0,0,0,0,0,0,0,0,0,0,0,0,0,0,0,0,0,0,0,0,0,0,0,1,14,0,48,131,59,122,122,0,0,23,0,0,15,143,108,144,0,1,0,0,0,0,0,0,0,0,0,0,0,0,0,5,0,0,0,0,0,0,0,0,0,1,0,0,0,0,0,0,0,0,0,0,0,0,0,0,0,0,0,0,0,0,0,0,0,0,0,0,0,0,0,0,0,8,0,5,0,0,0,30,0,21,0,0,0,0,0,0,0,0,0,0,0,26,0,0,0,7,0,0,0,0,27,21,0,26,0,13,0,28,0,0,0,8,0,0,0,76,0,145,0,0,0,24,4,0,0,0,0,0,1,0,24,151,0,0,0,0,0,0,0,0,0,0,0,0,0,0,0,0,0,0,0,0,0,0,0,7,0,3,0,0,1882,0,0,0,671,250,612,1195,191,178,3
161,0,129,0,0,0,373,0,181,0,0,0,0,0,1,0,66,0,0,0,0,0,21,0,163,0,0,0,0,0,4,0,4,0,0,0,22,0,5,0,0,0,0,0,0,0,0,0,3,0,0,0,27,0,24,0,3,0,0,0,0,0,48,0,0,0,0,0,0,0,0,0,0,0,0,0,0,0,0,0,0,0,0,0,0,0,0,0,0,0,0,0,0,0,0,0,0,0,0,0,0,0,0,0,0,0,0,0,0,0,0,0,0,0,0,0,0,0,0,0,0,0,0,0,0,0,0,0,0,0,0,0,0,0,0,0,0,0,65,0,0,0,0,0,60,0,0,0,0,0,0,0,0,0,34,0,62,0,18,0,0,0,0,0,0,0,0,0,0,0,133,0,50,0,0,0,46,0,0,0,0,0,34,0,0,0,0,0,0,0,0,0,0,0,0,0,0,0,0,0,0,0,0,0,0,0,0,0,0,0,96,80,16,27,40,0,0,0,0,0,0,0,0,0,0
0,198,0,0,0,0,0,316,0,464,0,0,0,0,0,4,0,34,0,0,0,0,0,6,0,41,0,0,0,16,0,0,0,3,0,0,0,50,0,56,0,0,0,0,0,6,0,0,0,0,0,12,0,67,0,68,0,0,0,23,0,0,0,63,0,0,0,25,0,0,0,0,0,0,0,0,0,0,0,0,0,0,0,0,0,0,0,0,0,0,0,0,0,0,0,0,0,0,0,2,0,0,0,0,0,0,0,0,0,0,0,0,0,0,0,0,0,0,0,0,0,0,0,1,0,0,0,0,0,0,0,0,0,0,0,0,0,0,0,20,0,0,0,21,0,42,0,0,0,0,0,0,0,0,0,12,0,191,0,3,0,0,0,0,0,0,0,3,0,8,0,88,1,27,0,0,1,63,0,0,0,0,0,35,0,2,0,0,0,0,0,0,0,0,0,0,0,0,0,0,0,0,0,0,0,0,0,0,0,0,0,0,0,0,19,0,0,0,60,133,37,46,0,15,0
101,0,103,0,4,0,237,11,126,43,0,0,4,0,12,0,223,0,30,0,71,0,32,0,402,12,47,0,6,0,33,0,19,0,3,0,11,0,9,0,4,0,0,0,29,0,51,0,0,0,0,0,87,4,41,33,0,0,0,0,48,0,0,0,0,2,0,7,0,0,5,0,0,0,0,0,0,0,0,0,9,0,0,0,88,0,0,0,0,0,0,0,0,0,0,0,35,0,0,0,0,0,0,0,0,0,0,0,0,0,0,0,0,0,0,0,0,0,0,0,0,0,29,0,0,0,0,0,9,0,0,0,0,0,0,0,41,0,159,0,46,0,0,0,26,0,0,0,0,0,0,0,0,0,40,0,11,0,45,0,0,0,0,0,2,0,0,0,17,0,64,0,9,0,0,0,28,0,0,0,0,0,16,0,0,3,0,0,0,0,0,0,0,0,0,0,0,0,0,0,0,0,0,0,0,0,0,0,0,0,31,23,30,25,24,0,9,0,0,0,0,0,0,0,0
0,88,0,0,0,0,10,250,8,287,0,0,0,0,0,5,2,168,0,0,0,62,5,5,19,156,0,0,0,23,0,0,0,19,0,9,0,24,0,28,0,0,0,4,0,0,0,0,0,0,0,0,0,108,2,84,0,80,0,0,0,63,0,0,0,0,0,0,0,0,0,0,0,0,0,0,0,0,0,0,0,0,0,0,0,21,0,0,0,0,0,0,0,0,0,0,0,0,0,0,0,0,0,0,0,0,0,0,0,0,0,0,0,0,0,0,0,0,0,0,0,0,0,0,0,0,0,2,0,1,0,0,0,0,0,0,0,0,0,65,0,11,0,25,0,49,0,0,0,0,0,0,0,0,0,42,0,44,0,31,0,5,0,0,0,0,0,0,0,0,0,5,0,0,0,0,0,40,0,0,0,0,0,32,0,0,0,0,0,0,0,0,0,0,0,0,0,0,0,0,0,0,0,0,0,0,0,0,0,0,0,0,0,0,21,0,0,0,40,28,0,8,0,6,0
0,0,12,0,3,0,0,0,201,0,0,0,3,0,1,0,0,0,0,0,0,0,0,0,0,0,1,0,0,0,0,0,0,0,3,0,0,0,0,0,0,0,2,0,5,0,0,0,1,0,7,0,0,0,0,0,47,0,40,15,0,0,0,0,0,0,261,11,0,0,11,0,4,0,0,0,0,0,0,0,0,0,0,0,0,0,0,0,0,0,0,0,0,0,0,0,0,0,0,0,0,0,0,0,0,0,0,0,0,0,0,0,0,0,0,0,0,0,0,0,0,0,0,0,18,0,5,0,0,0,38,0,0,0,6,0,0,0,34,19,0,0,0,0,79,0,25,0,24,0,16,0,3,0,57,0,0,0,19,21,185,37,9,0,0,0,0,0,0,0,4,0,0,0,113,7,0,0,0,0,65,31,0,0,328,5,0,0,0,0,0,0,0,0,0,0,1,0,0,0,0,0,0,0,0,0,0,0,32,0,159,0,0,0,187,0,0,0,0,0,0,1,0,0,0
0,20,0,4,0,4,0,5,0,299,0,5,0,7,0,4,0,0,0,19,0,0,0,0,0,0,0,0,0,0,0,0,0,0,0,0,0,2,0,0,0,0,0,0,0,6,0,0,0,1,0,0,5,0,6,0,26,3,15,143,0,0,2,0,0,0,16,296,0,0,4,10,0,0,0,0,0,0,0,2,0,0,0,0,0,0,0,0,0,0,0,0,0,0,0,0,0,0,0,0,0,0,0,0,0,0,0,0,0,0,0,0,0,0,0,0,0,0,0,0,0,5,0,1,0,40,0,11,0,0,0,63,0,0,0,8,0,0,15,0,0,9,0,0,11,58,0,33,0,177,0,42,0,20,44,2,0,0,28,7,0,288,0,0,0,0,0,0,0,0,1,0,0,0,0,79,2,0,0,0,0,174,0,1,6,195,0,0,0,0,0,0,0,0,0,0,0,0,0,5,0,5,0,0,0,0,0,0,0,10,4,0,0,2,198,0,0,0,194,24,0,0,0,0,0
0,0,2,0,0,0,25,0,34,0,0,0,2,0,0,0,0,0,0,0,5,0,0,0,0,0,0,0,0,0,0,0,1,0,0,0,0,0,0,0,0,0,0,0,12,0,0,0,0,0,0,0,26,3,24,25,84,12,213,108,0,0,0,0,261,16,0,58,0,0,0,0,0,0,0,0,0,0,0,0,0,0,0,0,0,0,0,0,0,0,0,0,0,0,0,0,0,0,0,0,0,0,0,0,0,0,0,0,0,0,0,0,0,0,0,0,0,0,0,0,0,0,0,0,66,0,31,0,0,0,63,0,0,0,0,0,0,0,0,0,1,0,0,0,0,0,24,0,83,0,14,0,0,0,86,6,75,0,0,5,121,0,0,0,0,0,0,0,0,0,0,0,0,0,0,5,66,0,0,0,0,2,0,0,663,20,0,0,0,0,0,0,0,0,0,0,0,0,0,0,0,0,0,0,0,0,1,0,14,0,199,166,54,266,463,21,28,0,0,0,0,0,0,0,0
0,8,0,0,0,0,40,2,49,64,0,3,0,1,0,0,0,0,0,0,0,0,0,0,21,0,0,0,0,0,0,0,0,0,0,0,0,0,0,0,0,0,0,0,1,0,0,0,0,0,0,0,30,13,150,43,76,25,167,144,0,25,7,0,11,296,58,0,0,1,0,0,0,0,0,0,0,0,0,0,0,0,0,0,0,0,0,0,0,0,0,0,0,0,0,0,0,0,0,0,0,0,0,0,0,0,0,0,0,0,0,0,0,0,0,0,0,0,0,0,0,0,0,0,0,15,0,6,0,0,0,18,0,0,0,0,0,0,0,0,0,0,0,0,0,19,0,3,0,25,0,5,0,0,26,14,0,23,0,13,0,37,0,0,0,0,0,0,0,0,0,0,0,0,0,60,10,12,0,0,0,0,0,1,30,721,0,0,0,0,0,0,0,0,0,0,0,0,0,0,0,0,0,0,0,0,0,0,0,0,0,6,0,0,835,0,0,0,449,280,155,473,70,61,0
0,0,0,0,0,0,0,0,0,0,0,0,0,0,0,0,0,0,0,0,0,0,0,0,0,0,0,0,0,0,0,0,0,0,0,0,0,0,0,0,0,0,2,0,0,0,0,0,12,0,0,0,3,0,0,0,0,0,0,0,0,0,0,0,0,0,0,0,0,0,0,0,8,0,0,0,56,0,7,0,0,0,20,0,0,0,13,0,9,0,0,0,34,0,9,0,0,0,20,0,16,0,167,0,56,0,43,0,71,0,31,0,33,0,4,0,9,0,0,0,0,0,0,0,0,0,0,0,0,0,0,0,0,1,0,0,0,0,0,0,0,1,0,0,0,0,0,0,0,0,0,0,0,0,0,0,0,0,0,0,0,0,5,0,57,0,0,0,152,0,6,0,0,0,0,0,0,0,0,0,6,0,0,0,0,0,0,0,0,0,0,0,32,0,21,0,0,0,0,0,0,0,0,0,0,0,0,0,0,0,44,7,64,0,10,71,93,0,0,0,0,0,0,0,0
0,0,0,0,0,0,0,1,0,0,0,0,0,0,0,0,0,0,0,0,0,0,0,0,0,0,0,0,0,0,0,0,0,0,0,0,0,0,0,0,0,0,0,0,0,9,0,0,0,17,0,9,0,0,0,0,0,5,0,1,0,0,0,0,0,0,0,1,0,0,0,0,0,0,0,0,0,44,0,0,0,0,0,6,0,0,0,0,0,6,0,0,0,39,0,15,0,1,0,0,0,4,0,157,0,0,0,0,0,41,0,0,0,0,0,0,0,7,0,0,0,0,0,0,0,0,0,0,0,0,0,0,0,0,0,0,0,0,0,0,0,0,0,0,0,0,0,0,0,0,0,0,0,0,0,0,0,0,0,0,0,1,0,0,0,79,0,0,0,39,0,0,0,0,0,0,0,0,0,0,0,0,0,0,0,0,0,0,0,0,0,0,0,0,0,3,0,2,0,0,0,0,0,0,0,0,0,0,0,0,0,0,0,0,0,0,0,0,24,28,91,0,6,92,1
0,0,6,0,0,0,0,0,0,0,3,0,0,0,0,0,6,0,16,0,44,0,0,0,0,0,77,0,10,0,15,0,7,0,0,0,46,0,3,0,0,0,0,0,99,0,0,0,0,0,33,0,0,0,0,0,0,1,0,0,0,0,5,0,11,4,0,0,0,0,0,0,192,0,237,0,0,0,150,0,23,0,0,0,4,0,46,0,0,0,0,0,0,0,0,0,0,0,16,0,0,0,0,0,0,0,0,0,0,0,0,0,0,0,0,0,0,0,0,0,16,0,8,0,14,0,0,0,0,0,37,0,11,0,0,0,19,0,4,0,48,0,77,0,39,0,19,0,0,0,45,0,29,0,6,0,18,0,0,0,29,27,39,0,0,0,31,0,21,6,25,0,18,0,0,0,0,0,0,0,85,12,0,0,26,0,0,0,0,0,0,0,0,0,0,0,0,0,0,0,0,0,0,0,0,0,0,0,21,0,21,2,0,0,0,0,0,0,5,0,0,0,0,0,0
0,0,0,0,0,0,0,0,0,0,0,0,0,0,0,0,0,0,0,0,0,0,0,0,0,0,0,0,0,0,0,0,0,0,0,3,0,0,0,0,0,0,0,0,0,19,0,0,0,0,0,33,0,0,0,0,0,0,0,0,0,0,0,0,0,10,0,0,0,0,0,0,0,165,0,240,0,10,0,14,2,4,0,0,0,0,0,53,0,0,0,0,0,0,0,0,0,0,0,0,0,0,0,0,0,0,0,0,0,0,0,0,0,0,0,0,0,0,0,0,0,0,0,16,0,55,0,61,0,22,0,0,0,61,0,0,0,0,0,0,0,21,0,8,0,67,0,19,0,23,0,0,0,0,0,0,0,0,0,0,0,26,0,30,0,0,0,8,0,9,0,9,0,24,0,27,0,0,0,0,10,0,0,0,0,8,0,0,0,0,0,0,0,0,0,0,0,0,0,0,0,0,0,0,0,0,0,0,0,0,0,0,0,0,7,0,0,0,65,0,13,5,0,0,0
0,0,0,0,4,0,0,0,0,0,0,0,0,0,0,0,0,0,0,0,0,0,0,0,0,0,0,0,0,0,0,0,0,0,2,0,9,0,0,0,0,0,5,0,0,0,0,0,2,0,0,0,0,0,0,0,0,0,0,0,0,0,0,0,4,0,0,0,8,0,192,0,0,0,174,0,34,0,190,0,17,0,39,0,27,0,46,0,1,0,0,0,8,0,22,0,10,0,0,0,5,0,10,0,0,0,0,0,1,0,0,0,0,0,0,0,0,0,0,0,45,0,42,0,35,0,20,0,10,0,23,0,45,0,55,0,0,0,16,0,37,0,101,0,37,0,40,0,0,0,93,0,0,0,0,0,3,0,4,0,15,0,53,0,0,0,3,0,22,0,12,0,5,0,0,0,0,0,0,0,0,20,0,0,0,0,0,0,8,0,0,0,0,0,0,0,1,0,101,0,71,0,65,0,0,0,0,0,0,0,275,6,10,0,43,0,2,0,0,0,0,0,0,0,0
0,0,0,0,0,0,0,0,0,0,0,0,0,0,0,0,0,0,0,0,0,0,0,0,0,0,0,0,0,0,0,0,0,0,0,5,0,5,0,0,0,0,0,0,0,0,0,0,0,0,0,10,0,0,0,0,0,0,0,0,0,0,0,0,0,0,0,0,0,0,0,165,0,0,0,214,0,58,0,43,0,26,0,29,0,98,0,80,0,1,0,0,0,5,0,14,0,0,26,5,0,1,0,22,0,0,0,6,0,0,0,0,0,0,0,0,0,0,0,0,0,36,0,51,0,0,23,79,0,0,0,35,0,45,0,146,8,51,0,0,0,26,0,17,0,66,0,23,0,0,0,0,0,26,0,0,0,0,0,0,0,17,0,35,0,0,0,7,0,16,0,9,0,7,0,35,0,0,0,0,11,0,0,0,0,0,0,0,0,15,0,0,0,0,0,0,0,15,0,0,6,68,0,96,0,0,0,0,0,0,14,0,0,0,17,0,0,0,97,0,11,7,2,0,0
0,0,0,0,0,0,0,0,0,0,0,0,0,0,0,0,12,0,0,0,32,0,0,0,0,0,0,0,0,0,13,0,0,0,0,0,44,0,4,0,0,0,16,0,79,0,0,0,0,0,0,0,1,0,0,0,0,0,0,0,0,0,0,0,0,0,0,0,0,0,237,0,174,0,0,0,9,0,167,0,11,0,20,0,37,0,25,0,0,0,0,0,2,0,7,0,5,0,15,0,5,0,0,0,0,0,0,0,0,0,0,0,0,0,0,0,0,0,0,0,62,0,65,1,0,0,0,0,0,0,23,0,0,0,83,0,9,0,9,0,53,0,193,0,101,6,0,0,0,0,0,0,31,0,0,0,20,0,12,0,0,0,36,0,0,0,0,0,12,7,0,0,0,0,0,0,0,0,0,0,63,21,0,0,0,0,0,0,0,0,0,0,0,0,0,0,3,0,97,0,43,0,0,0,0,0,0,0,0,0,50,0,10,0,12,0,0,0,0,0,0,6,0,0,0
0,0,0,0,0,4,0,0,0,0,0,0,0,0,0,0,0,0,0,0,0,0,0,0,0,0,0,0,0,0,0,0,0,0,0,0,0,0,0,0,0,0,0,0,0,12,0,0,0,0,0,27,0,0,0,0,0,0,0,0,0,0,0,0,0,0,0,0,0,0,0,240,0,214,0,0,0,37,0,73,0,9,0,13,0,11,0,124,0,0,0,0,0,0,0,0,0,0,0,0,0,0,0,0,0,0,0,0,0,0,0,0,0,0,0,0,0,0,0,0,0,65,0,37,0,39,0,84,0,0,0,0,0,50,0,96,0,21,0,0,0,33,0,11,0,124,0,0,0,25,0,0,0,0,0,0,0,3,0,0,0,0,0,52,0,0,0,9,0,18,0,5,0,14,1,0,0,0,0,0,0,74,0,0,0,7,0,0,0,0,0,0,0,0,0,0,0,0,0,0,0,18,0,0,0,0,0,0,0,69,0,0,0,0,14,0,0,0,49,0,11,0,0,0,0
0,0,0,0,0,0,0,0,0,0,0,0,0,0,0,0,0,0,0,0,0,0,0,0,0,0,0,0,0,0,0,0,0,0,4,0,0,0,0,0,0,0,0,0,0,0,0,0,0,0,0,0,0,0,0,0,0,0,0,0,0,0,0,0,0,0,0,0,56,0,0,0,34,0,9,0,0,0,22,0,0,0,33,0,28,0,25,0,11,0,0,0,129,0,28,0,0,0,38,0,16,0,135,0,72,0,77,0,12,0,7,0,0,0,7,0,5,0,0,0,0,0,0,0,0,0,0,0,0,0,0,0,0,0,0,0,0,0,0,0,0,0,0,0,0,0,0,0,0,0,0,0,0,0,0,0,0,0,0,0,0,0,0,0,3,0,0,0,41,0,0,0,0,0,0,0,0,0,0,0,0,0,0,0,0,0,0,0,133,0,29,0,80,0,28,0,1,0,0,0,0,0,0,0,0,0,0,0,0,0,67,0,0,0,15,23,19,0,0,0,0,0,0,0,0
0,0,0,0,0,0,0,0,0,0,0,0,0,0,0,0,0,0,0,0,0,0,0,0,0,0,0,0,0,0,0,0,0,0,0,0,0,0,0,0,0,0,0,0,0,13,0,0,0,3,0,16,0,0,0,0,0,0,0,0,0,0,0,0,0,0,0,0,0,44,0,10,0,58,0,37,0,0,0,16,0,82,0,110,0,26,0,148,0,25,0,0,0,97,0,62,0,0,0,26,0,53,0,180,0,92,0,51,0,14,0,0,0,0,0,1,0,9,0,0,0,0,0,0,0,0,0,0,0,0,0,0,0,0,0,0,0,15,0,0,0,0,0,0,0,5,0,0,0,0,0,0,0,0,0,0,0,0,0,0,0,0,0,6,0,28,0,0,0,138,0,0,0,0,0,0,0,0,0,0,0,0,0,0,0,0,0,0,0,36,0,0,0,0,0,32,0,12,0,0,0,68,0,0,0,0,0,0,0,0,0,0,0,0,18,0,0,0,173,22,86,0,31,4,1
0,0,0,0,0,0,0,0,0,0,0,0,0,0,0,0,0,0,0,0,14,0,0,0,0,0,0,0,0,0,0,0,0,0,0,0,0,0,0,0,0,0,0,0,0,0,0,0,0,0,0,0,0,0,0,0,2,0,0,0,0,0,0,0,0,0,0,0,7,0,150,0,190,0,167,0,22,0,0,0,11,0,68,0,69,0,39,0,10,0,8,0,31,0,57,0,38,0,37,0,21,0,55,0,42,0,39,0,0,0,0,0,0,0,0,0,0,0,0,0,60,0,26,0,0,0,0,0,0,0,0,0,0,0,24,0,0,0,0,0,14,0,90,0,10,0,0,0,0,0,0,0,0,0,0,0,0,0,0,0,0,0,7,0,0,0,0,0,38,0,0,0,0,0,0,0,0,0,0,0,0,0,0,0,0,0,0,0,84,0,0,0,46,0,12,0,0,0,0,0,85,0,0,0,147,0,0,0,0,0,140,0,0,0,13,11,2,0,0,0,0,0,0,0,0
0,0,0,0,0,0,0,0,0,0,0,0,0,0,0,0,0,0,0,0,0,0,0,0,0,0,0,0,0,0,0,0,0,0,0,2,0,3,0,0,0,0,0,0,0,6,0,0,0,0,0,0,0,0,0,0,0,0,0,0,0,0,0,0,0,2,0,0,0,0,0,14,0,43,0,73,0,16,0,0,0,3,0,0,0,9,0,29,0,0,0,0,0,0,0,0,0,0,0,0,2,0,0,2,0,0,0,0,0,0,0,0,0,0,0,0,0,0,0,0,0,10,0,13,14,0,0,0,0,0,0,0,0,0,0,38,0,0,0,0,0,9,0,0,0,19,0,0,0,0,0,0,0,0,0,0,0,0,0,0,0,3,0,0,0,0,0,0,0,0,0,0,0,0,0,0,0,0,0,0,0,0,0,0,0,0,0,0,0,0,0,0,0,0,0,0,0,0,0,0,0,0,0,0,0,0,0,0,0,0,0,0,0,0,4,0,0,0,7,0,0,0,0,0,0
