0,71,63,18,35,31,84,5,166,3,282,14,114,0,38,67,23,0,10,0,47,0,28,7,17,10,0,0,139,0,83,0,132,0,0,1,163,0,302,5,0,0,0,0,0,0,31,0,7,0,0,0,0,0,7,0,0,0,9,0,35,0,32,0,39,0,53,0,0,0,0,0,0,0,0,0,0,0,0,0,0,0,0,0,0,0,0,0,0,0,0,0,0,0,0,0,0,0,0,0,0,0,0,0,2,0,0,0,0,0,0,0,0,0,0,0,0,0,0,0,0,0,0,0,28,0,0,0,0,0,33,0,0,0,19,0,9,0,0,0,0,0,0,0,0,0,40,0,67,0,18,0,5,0,0,0,1,0,0,0,11,0,0,0,0,0,49,1,20,0,0,0,234,0,0,0,225,66,90,0,0,0,19,0,28,0,0,0,0,0,0,0,0,0,0,0,0,0,0,0,0,0,0,0,0,0,0,0,18,0,857,76,597,210,450,0,0,0,9,0,10,10,0,0,0
71,0,33,199,4,117,45,71,17,128,0,311,0,40,0,25,1,4,0,67,0,0,17,11,93,62,0,51,0,81,0,0,1,234,0,33,0,351,0,529,0,0,0,0,0,26,0,0,0,0,0,0,0,0,0,9,0,0,1,12,5,137,5,13,0,111,0,67,0,0,0,0,0,0,0,0,0,0,0,0,0,0,0,0,0,0,0,0,0,0,0,0,0,0,0,0,0,0,0,0,0,0,0,0,0,0,0,0,0,0,0,0,0,0,0,0,0,0,0,6,0,0,0,0,0,59,0,9,0,0,0,24,0,0,0,0,0,53,0,0,0,0,0,0,0,0,0,9,0,105,0,0,0,35,0,0,0,1,0,0,0,7,0,12,0,9,0,73,2,15,0,27,22,217,0,0,100,278,0,1,1,0,0,7,1,73,0,0,0,0,0,0,0,0,0,0,0,0,0,1,0,0,0,0,0,0,0,24,0,63,27,2,51,14,600,0,0,0,815,60,695,360,4,26,0
63,33,0,9,220,29,309,0,8,0,62,11,36,0,311,60,85,0,68,0,232,0,424,5,117,0,101,0,266,0,134,0,138,0,10,0,148,3,311,4,0,0,0,0,103,0,48,0,0,0,0,0,11,0,72,0,14,0,31,0,33,0,113,0,6,0,19,0,0,0,0,0,4,0,0,0,0,0,0,0,0,0,0,0,0,0,0,0,0,0,20,0,0,0,0,0,19,0,0,0,0,0,0,0,15,0,23,0,0,0,0,0,0,0,0,0,0,0,0,0,0,0,0,0,0,0,0,0,0,0,23,0,9,0,30,0,114,0,0,0,0,0,58,0,0,0,6,0,16,0,9,0,0,0,0,0,0,0,0,0,39,0,0,0,0,0,46,0,28,0,9,0,187,2,0,0,65,40,12,0,0,0,0,0,0,0,0,0,0,0,0,0,0,0,0,0,0,0,2,0,0,0,0,0,0,0,7,0,18,0,260,11,358,0,164,0,0,0,6,0,11,0,0,0,0
18,199,9,0,0,171,0,121,0,5,0,15,0,0,0,56,0,16,0,64,0,64,0,97,13,115,0,19,0,111,0,18,0,233,0,27,0,91,0,142,0,0,0,0,0,11,0,0,0,1,0,0,0,0,0,25,0,14,0,0,0,0,0,4,0,0,0,4,0,0,0,0,0,0,0,0,0,0,0,0,0,0,0,1,0,0,0,0,0,0,0,0,0,0,0,0,0,3,0,0,0,0,0,0,0,2,0,10,0,0,0,0,0,0,0,0,0,0,0,0,0,0,0,0,0,23,0,16,0,0,0,18,0,0,0,0,0,64,0,0,0,0,0,0,0,0,0,0,0,8,0,0,0,0,0,17,0,0,0,0,0,0,0,0,0,0,0,42,0,0,0,11,0,89,0,0,0,32,0,0,0,0,0,0,0,0,0,0,0,0,0,0,0,0,0,0,0,0,0,0,0,0,0,0,0,0,0,4,0,32,2,1,7,0,0,0,0,0,54,2,158,0,0,4,0
35,4,220,0,0,22,14,0,4,0,72,22,329,33,456,33,0,0,114,48,392,5,77,0,7,0,187,10,32,0,170,0,138,0,184,0,98,0,19,0,43,0,0,0,61,0,90,4,1,0,154,0,1,0,2,0,0,0,0,0,0,0,0,0,3,0,0,0,0,0,0,0,0,0,0,0,0,0,0,0,0,0,0,0,0,0,0,0,0,0,0,0,0,0,0,0,0,0,0,0,0,0,0,0,0,0,0,0,0,0,0,0,0,0,0,0,0,0,0,0,0,0,0,0,9,0,0,0,0,0,3,0,0,0,0,0,7,0,0,0,0,0,6,0,0,0,0,0,8,0,0,0,0,0,0,0,0,0,0,0,1,0,0,0,0,0,128,0,61,0,0,0,46,0,2,0,172,50,130,0,11,0,0,0,15,0,2,0,0,0,0,0,0,0,0,0,0,0,0,0,0,0,0,0,0,0,0,0,2,0,115,37,352,34,88,0,0,0,0,0,0,0,0,0,0
31,117,29,171,22,0,1,25,0,9,18,61,9,119,19,199,0,0,21,459,23,212,19,60,8,50,0,271,0,20,4,68,10,196,0,245,7,164,8,17,0,0,0,55,0,79,0,37,0,0,7,114,0,0,0,10,0,0,0,0,0,4,0,7,0,8,0,3,0,0,0,0,0,0,0,0,0,0,0,0,0,0,0,0,0,0,0,0,0,0,0,0,0,0,0,0,0,0,0,0,0,0,0,0,0,0,0,0,0,0,0,0,0,0,0,0,0,0,0,0,0,0,0,0,0,28,0,0,0,0,0,0,0,0,1,50,0,78,0,0,0,9,0,27,0,0,0,0,0,30,0,15,0,36,0,0,0,0,0,0,0,0,0,0,0,22,6,263,0,25,0,12,0,97,0,0,118,367,0,32,0,57,3,6,0,18,0,0,0,0,0,0,0,0,0,0,0,0,0,0,0,4,0,0,0,0,0,13,0,44,4,1,19,0,144,0,0,0,248,20,448,138,9,7,0
84,45,309,0,14,1,0,13,117,9,23,0,12,0,18,0,70,0,0,0,17,0,74,0,64,17,0,0,33,0,0,0,0,0,0,0,18,0,54,0,0,0,0,0,0,0,0,0,0,0,0,0,431,0,505,0,30,0,116,0,412,0,924,0,32,0,45,0,0,0,0,0,0,0,0,0,0,0,0,0,0,0,0,0,0,0,0,0,0,0,25,0,0,0,0,0,0,0,0,0,0,0,0,0,22,0,41,0,0,0,0,0,0,0,0,0,0,0,0,0,0,0,0,0,61,0,59,0,15,0,70,0,7,0,45,0,68,0,8,0,0,0,61,0,0,0,49,0,40,0,26,0,3,0,0,0,0,0,4,0,95,0,0,0,0,0,9,0,51,0,83,0,236,0,0,0,22,18,1,0,0,0,0,0,0,0,0,0,0,0,0,0,0,0,0,0,0,0,0,0,23,0,0,0,0,0,3,0,34,0,374,23,722,382,469,0,16,0,0,0,7,0,0,0,0
5,71,0,121,0,25,13,0,10,33,0,38,0,0,0,37,0,10,0,11,0,0,0,10,6,192,0,0,0,67,0,0,0,53,0,37,0,127,0,412,0,0,0,0,1,0,0,0,0,2,0,0,1,45,0,408,0,22,0,45,3,421,2,183,0,22,0,52,0,0,0,0,0,0,0,0,0,0,0,0,0,0,0,0,0,0,0,0,0,0,0,0,0,0,0,0,0,0,0,0,0,0,0,0,0,4,0,0,0,0,0,0,0,0,0,0,0,0,0,0,0,0,0,0,0,62,0,25,0,11,0,75,0,15,0,25,0,44,0,0,0,0,0,0,0,0,0,8,0,27,0,0,0,0,0,31,0,0,0,0,0,46,0,0,0,4,0,27,0,16,0,51,4,202,0,0,6,8,0,0,0,0,0,0,0,0,0,0,0,0,0,0,0,0,0,0,0,0,0,0,0,0,0,0,0,0,0,11,0,50,7,0,13,5,403,0,0,0,314,9,602,359,0,0,0
166,17,8,0,4,0,117,10,0,91,47,0,12,0,15,0,0,0,9,1,0,0,1,0,8,18,0,0,0,0,0,0,0,0,0,0,0,0,0,0,0,0,0,0,4,0,8,0,26,0,0,0,480,0,241,0,9,0,92,0,341,1,330,0,217,0,308,11,0,0,0,0,0,0,0,0,0,0,0,0,0,0,0,0,0,0,0,0,0,0,0,0,0,0,0,0,0,0,0,0,0,0,0,0,0,0,0,0,0,0,0,0,0,0,0,0,0,0,0,0,0,0,0,0,54,0,0,0,0,0,59,0,0,0,4,6,10,4,0,0,0,0,0,0,0,0,37,0,167,0,15,1,27,0,0,0,67,0,0,0,46,0,0,0,7,0,4,0,33,0,50,0,41,2,2,0,301,58,39,0,0,0,33,0,141,4,0,0,0,0,0,0,0,0,0,0,0,0,0,0,3,0,0,0,0,0,0,0,13,0,687,42,605,635,759,1,22,2,23,0,21,56,0,7,0
3,128,0,5,0,9,9,33,91,0,0,71,0,0,0,0,0,0,0,0,0,0,0,0,3,19,0,0,0,0,0,2,0,0,0,0,0,0,0,35,0,0,0,0,0,0,0,0,0,2,0,14,3,26,0,59,0,6,1,158,19,260,9,67,0,266,4,342,0,0,0,0,0,0,0,0,0,0,0,0,0,6,0,0,0,5,0,0,0,0,0,0,0,0,0,0,0,0,0,0,0,3,0,0,0,0,0,0,0,0,0,0,0,0,0,0,0,0,0,0,0,0,0,0,0,93,0,26,0,5,0,141,0,0,0,14,0,20,0,0,0,0,0,11,0,2,0,28,0,158,0,20,0,27,0,6,0,11,0,3,0,34,0,7,1,5,0,13,0,6,5,28,4,76,0,7,94,244,0,0,0,14,0,7,3,88,0,0,0,0,0,0,0,4,0,0,0,0,0,0,0,0,0,0,0,0,0,18,0,72,32,5,48,60,813,0,0,0,690,48,476,790,1,61,7
282,0,62,0,72,18,23,0,47,0,0,12,351,0,178,38,10,0,29,27,208,2,19,0,0,0,51,5,10,0,108,0,133,0,61,2,100,2,8,0,25,0,0,0,24,1,29,0,0,0,29,0,0,0,0,0,0,0,0,0,0,0,0,0,16,0,15,0,0,0,0,0,0,0,0,0,0,0,0,0,0,0,0,0,0,0,0,0,0,0,0,0,0,0,0,0,0,0,0,0,0,0,0,0,0,0,0,0,0,0,0,0,0,0,0,0,0,0,0,0,0,0,0,0,15,0,0,0,0,0,10,0,0,0,9,0,3,0,0,0,0,0,0,0,0,0,12,0,40,0,10,0,12,0,0,0,0,0,0,0,0,0,0,0,0,0,99,3,0,0,0,0,0,0,0,0,248,49,169,0,6,0,9,0,15,0,6,0,0,0,0,0,0,0,0,0,0,0,0,0,0,0,0,0,0,0,2,0,5,0,144,31,285,34,73,0,0,0,0,0,0,0,0,0,0
14,311,11,15,22,61,0,38,0,71,12,0,0,528,13,9,0,0,15,157,17,84,8,20,2,0,0,384,0,0,6,32,0,84,5,164,5,57,3,4,0,68,0,0,1,85,0,85,0,31,0,68,0,0,0,0,0,0,0,5,0,13,1,0,0,36,0,0,0,0,0,0,0,0,0,0,0,0,0,0,0,0,0,0,0,0,0,0,0,0,0,0,0,0,0,0,0,0,0,0,0,0,0,0,0,0,0,0,0,0,0,0,0,0,0,0,0,0,0,0,0,1,0,0,0,31,0,0,0,2,0,0,0,0,0,0,0,42,0,0,0,0,0,0,0,0,0,15,0,96,0,59,1,95,0,0,0,0,0,0,1,4,0,3,0,17,0,181,0,15,0,6,0,74,1,51,100,395,0,49,0,211,1,53,1,95,0,18,0,0,0,0,0,0,0,0,0,5,0,0,0,2,0,0,0,0,0,20,0,40,11,0,24,0,174,0,0,0,356,35,450,159,20,0,0
114,0,36,0,329,9,12,0,12,0,351,0,0,97,38,0,0,0,81,55,49,7,26,0,0,0,251,110,0,0,0,1,0,0,75,0,0,0,0,0,247,51,135,4,80,21,369,39,21,0,257,6,0,0,0,0,0,0,0,0,0,0,0,0,0,0,0,0,0,0,0,0,0,0,0,0,0,0,0,0,0,0,0,0,0,0,0,0,0,0,0,0,0,0,0,0,0,0,0,0,0,0,0,0,0,0,0,0,0,0,0,0,0,0,0,0,0,0,0,0,0,0,0,0,11,0,0,0,0,0,0,0,0,0,0,0,7,0,0,0,0,0,0,0,0,0,0,0,36,0,7,0,16,0,0,0,0,0,0,0,0,0,2,0,67,0,3,0,0,0,0,0,0,0,14,0,131,50,117,0,44,0,17,0,29,0,90,8,0,0,0,0,0,0,0,0,0,0,0,0,0,0,0,0,0,0,4,0,6,0,22,30,312,22,11,0,0,0,0,0,4,0,0,0,0
0,40,0,0,33,119,0,0,0,0,0,528,97,0,16,0,0,0,263,121,103,97,0,0,0,0,74,562,0,0,6,9,0,0,13,194,0,9,0,0,20,224,0,246,0,179,8,402,0,110,0,402,0,0,0,0,0,2,0,2,0,0,0,0,0,0,0,5,0,0,0,0,0,0,0,0,0,0,0,0,0,0,0,0,0,0,0,0,0,0,0,0,0,0,0,0,0,0,0,3,0,0,0,0,0,0,0,0,0,0,0,0,0,0,0,0,0,0,0,0,0,0,0,0,0,8,0,0,0,0,0,3,0,0,0,0,0,0,0,0,0,0,0,0,0,0,0,0,0,0,0,0,0,0,0,0,0,0,0,0,0,0,0,0,0,51,0,29,0,48,0,1,0,0,0,0,108,255,4,30,0,31,0,12,1,11,0,65,0,0,0,0,0,0,0,8,0,0,0,0,0,0,0,0,0,0,0,0,0,0,3,0,21,3,10,0,0,0,34,61,468,20,0,0,3
38,0,311,0,456,19,18,0,15,0,178,13,38,16,0,9,12,0,157,54,206,0,271,0,35,0,142,13,0,0,23,0,0,0,43,3,14,0,0,0,15,0,0,0,25,0,25,0,1,0,27,0,2,0,10,0,0,0,0,0,0,0,4,0,0,0,4,0,0,0,0,0,0,0,0,0,0,0,0,0,4,0,0,0,0,0,0,0,0,0,0,0,0,0,0,0,0,0,0,0,0,0,0,0,7,0,10,0,0,0,0,0,0,0,0,0,0,0,0,0,0,0,0,0,16,0,0,0,1,0,13,0,5,0,18,0,43,0,0,0,0,0,13,0,0,0,25,0,42,0,16,0,24,0,0,0,0,0,3,0,0,0,1,0,0,0,42,0,20,0,0,0,0,0,0,0,170,31,80,0,40,0,15,0,37,0,0,0,0,0,0,0,0,0,0,0,0,0,2,0,11,0,0,0,0,0,0,0,6,0,40,10,138,15,26,0,0,0,0,0,0,0,0,0,0
67,25,60,56,33,199,0,37,0,0,38,9,0,0,9,0,0,20,0,320,13,416,28,209,17,157,0,101,0,16,9,65,23,125,6,140,19,76,8,0,0,0,0,23,2,23,0,0,0,0,0,35,0,14,1,62,0,20,0,6,0,0,0,32,0,0,0,0,0,0,0,0,0,0,0,1,0,0,0,0,0,0,0,0,0,20,0,0,0,0,0,10,0,0,0,0,0,15,0,4,0,0,0,13,0,0,0,0,0,0,0,0,0,0,0,0,0,0,0,1,0,0,0,0,0,0,0,0,0,0,0,0,1,0,0,82,0,118,0,15,0,17,0,41,0,0,2,0,0,3,0,0,0,1,0,32,0,0,0,0,0,22,0,0,0,4,7,122,2,0,0,3,11,28,3,0,205,303,0,0,7,0,0,0,1,0,0,0,0,0,0,0,0,0,0,0,0,0,0,3,0,0,0,0,0,0,0,0,0,40,27,4,55,9,36,0,0,0,49,0,118,29,0,4,0
23,1,85,0,0,0,70,0,0,0,10,0,0,0,12,0,0,0,36,0,315,0,125,0,365,0,63,0,303,0,159,0,105,0,81,0,127,0,77,0,0,0,0,0,150,0,13,0,0,0,57,0,61,0,30,0,25,0,0,0,13,0,450,0,0,0,0,0,0,0,42,0,0,0,41,0,0,0,0,0,134,0,0,0,97,0,106,0,0,0,155,0,0,0,0,0,118,0,107,0,109,0,28,0,40,0,218,0,0,0,0,0,0,0,0,0,0,0,0,0,79,0,66,0,0,0,0,0,0,0,0,0,0,0,25,0,141,0,47,0,107,0,203,0,4,0,0,0,0,0,7,0,0,0,10,0,0,0,26,0,21,0,0,0,0,0,13,0,27,0,1,0,28,0,0,0,0,1,0,0,0,0,3,0,0,0,0,0,0,0,0,0,0,0,0,0,0,0,0,0,0,0,0,0,0,0,0,0,0,0,0,1,53,0,0,0,0,0,0,0,0,0,0,0,0
0,4,0,16,0,0,0,10,0,0,0,0,0,0,0,20,0,0,0,0,0,194,0,101,0,261,0,0,0,450,0,42,0,224,0,36,0,33,0,262,0,0,0,0,0,5,0,0,0,0,0,4,0,161,0,22,0,29,0,13,0,43,0,411,0,0,0,0,0,0,0,0,0,0,0,0,0,2,0,0,0,26,0,0,0,124,0,15,0,0,0,13,0,0,0,23,0,37,0,15,0,34,0,19,0,0,0,0,0,0,0,0,0,0,0,0,0,0,0,0,0,5,0,0,0,0,0,0,0,59,0,66,0,0,0,111,0,230,0,79,0,56,0,165,0,0,0,0,0,0,0,0,0,0,0,74,0,0,0,0,0,33,0,0,0,0,0,2,0,0,0,0,1,0,0,0,0,0,0,0,0,0,0,0,0,0,0,0,0,0,0,0,0,0,0,0,0,0,0,0,0,0,0,0,0,0,0,0,0,0,0,0,0,0,2,0,0,0,0,2,13,0,0,0,0
10,0,68,0,114,21,0,0,9,0,29,15,81,263,157,0,36,0,0,179,151,25,202,0,0,0,174,190,4,0,10,0,1,0,90,10,15,0,0,0,13,33,105,21,84,11,35,36,0,0,226,30,0,0,0,0,0,0,2,0,0,0,0,0,2,0,0,0,0,0,0,0,0,0,0,0,0,0,0,0,0,0,0,0,0,0,0,0,0,0,0,0,0,0,0,0,0,0,0,0,0,0,0,0,0,0,0,0,0,0,0,0,0,0,0,0,0,0,0,0,0,0,0,0,0,0,0,0,0,0,0,0,0,0,0,0,0,0,0,0,0,0,0,0,0,0,0,0,11,0,0,0,13,0,0,0,0,0,0,0,0,0,0,0,26,0,17,0,44,0,0,0,0,0,0,0,174,93,10,0,0,0,8,0,26,0,10,5,0,0,0,0,0,0,0,0,0,0,0,0,0,0,0,0,0,0,0,0,0,0,0,6,84,0,4,0,0,0,0,0,12,0,0,0,0
0,67,0,64,48,459,0,11,1,0,27,157,55,121,54,320,0,0,179,0,69,201,0,56,1,33,13,285,0,0,14,23,5,0,22,128,15,0,0,0,0,9,0,97,8,27,0,27,0,0,22,228,0,0,0,9,0,0,0,0,0,0,0,0,0,9,0,0,0,0,0,0,0,0,0,0,0,0,0,0,0,0,0,0,0,12,0,0,0,0,0,0,0,0,0,0,0,0,0,0,0,0,0,0,0,0,0,0,0,0,0,0,0,0,0,0,0,0,0,1,0,0,0,0,0,0,0,0,0,0,0,0,0,0,0,0,0,66,0,0,0,0,0,0,0,0,0,0,0,37,0,0,0,0,0,0,0,0,0,0,0,0,0,0,0,32,7,65,0,39,0,0,0,0,0,0,139,202,4,13,0,33,0,5,0,21,0,24,0,0,0,0,0,0,0,0,0,0,0,0,0,0,0,0,0,0,0,13,0,47,0,0,26,4,0,0,0,0,9,17,167,18,4,0,0
47,0,232,0,392,23,17,0,0,0,208,17,49,103,206,13,315,0,151,69,0,11,359,0,88,0,171,77,34,0,47,0,20,0,110,9,75,0,4,0,0,13,32,16,163,12,0,17,3,1,191,9,0,0,0,0,0,0,0,0,0,0,48,0,0,0,0,0,0,0,18,0,0,0,14,0,0,0,0,0,0,0,45,0,0,0,0,0,0,0,0,0,0,0,0,0,23,0,0,0,37,0,0,0,0,0,57,0,0,0,0,0,0,0,0,0,0,0,0,0,26,0,0,0,0,0,0,0,0,0,0,0,0,0,0,0,0,0,0,0,34,0,0,0,0,0,0,0,11,0,0,0,18,0,0,0,0,0,16,0,37,0,0,0,29,0,107,0,44,0,0,0,16,0,0,0,102,30,156,0,60,0,20,0,0,0,3,0,0,0,0,0,0,0,0,0,2,0,0,0,0,0,0,0,0,0,0,0,0,0,52,10,179,19,32,1,0,0,0,0,5,2,0,0,0
0,0,0,64,5,212,0,0,0,0,2,84,7,97,0,416,0,194,25,201,11,0,0,575,1,166,0,327,0,26,0,56,0,151,0,142,1,16,0,0,0,13,0,331,0,114,0,11,0,0,0,180,0,12,0,19,0,0,0,0,0,14,0,109,0,2,0,0,0,3,0,0,0,0,0,0,0,0,0,0,0,0,0,0,0,99,0,22,0,0,0,0,0,0,0,0,0,0,0,0,0,22,0,0,0,0,0,0,0,0,0,0,0,0,0,0,0,0,0,0,0,0,0,0,0,0,0,0,0,0,0,0,0,0,0,0,0,203,0,137,0,125,0,202,0,24,0,0,0,0,0,0,0,0,0,0,0,0,0,0,0,0,0,0,0,0,0,75,0,31,0,0,0,10,0,0,7,39,0,7,0,0,0,0,0,0,0,21,0,0,0,0,0,0,0,2,0,0,0,0,0,0,0,0,0,0,0,0,0,0,0,0,4,0,5,0,0,0,11,0,85,9,0,0,0
28,17,424,0,77,19,74,0,1,0,19,8,26,0,271,28,125,0,202,0,359,0,0,2,241,1,175,0,65,0,81,0,39,0,29,0,43,1,33,1,17,0,0,0,208,0,130,0,6,0,0,0,13,0,73,0,0,0,9,0,0,0,58,0,0,0,0,0,0,0,0,0,0,0,0,0,0,0,0,0,0,0,0,0,18,0,0,0,0,0,0,0,0,0,0,0,0,0,0,0,0,0,0,0,11,0,62,0,0,0,0,0,0,0,0,0,0,0,0,0,0,0,0,0,0,0,8,0,0,0,0,0,0,0,0,0,121,0,0,0,15,0,0,0,0,0,0,0,0,0,7,0,0,0,0,0,0,0,0,0,21,0,0,0,4,0,16,0,0,0,2,0,26,0,0,0,51,15,0,0,2,0,3,0,0,0,0,0,0,0,0,0,0,0,0,0,0,0,0,0,0,0,0,0,0,0,0,0,0,0,14,0,62,13,0,0,1,1,5,0,7,0,0,0,0
7,11,5,97,0,60,0,10,0,0,0,20,0,0,0,209,0,101,0,56,0,575,2,0,3,141,0,0,0,139,0,76,0,194,0,70,3,41,0,67,0,0,0,27,0,13,0,0,0,0,0,20,0,45,0,19,0,0,0,0,0,0,0,167,0,0,0,0,0,0,0,0,0,0,0,0,0,0,0,0,0,29,0,10,0,66,0,9,0,0,0,0,0,0,0,24,0,11,0,0,0,0,0,0,0,0,0,0,0,0,0,0,0,0,0,0,0,0,0,0,0,2,0,0,0,0,0,0,0,11,0,0,0,0,0,54,0,105,0,26,0,17,0,90,0,0,0,0,0,0,0,0,0,0,0,21,0,0,0,11,0,0,0,0,0,5,0,39,0,7,0,0,0,15,0,0,6,8,0,0,0,0,0,0,0,0,0,0,0,0,0,0,0,0,0,0,0,0,0,0,0,0,0,0,0,0,0,0,0,17,2,1,1,0,9,0,0,0,0,0,40,0,0,0,0
17,93,117,13,7,8,64,6,8,3,0,2,0,0,35,17,365,0,0,1,88,1,241,3,0,22,0,0,150,0,38,0,0,0,0,0,40,4,83,6,0,0,0,0,0,0,22,0,5,0,13,0,103,0,322,0,26,0,41,0,35,4,364,0,0,0,0,0,5,0,0,0,0,0,16,0,0,0,0,0,0,0,0,0,63,0,0,0,0,0,68,0,0,0,0,0,87,0,0,0,0,0,37,0,52,0,170,0,0,0,0,0,0,0,0,0,0,0,0,0,22,0,0,0,0,0,0,0,42,0,20,0,24,0,93,0,369,0,42,0,55,0,247,0,0,0,0,0,2,0,25,0,2,0,31,0,1,0,34,0,152,0,0,0,0,0,0,0,0,0,0,0,53,2,0,0,66,28,0,0,0,0,5,0,0,0,0,0,0,0,0,0,0,0,0,0,0,0,5,0,0,0,0,0,0,0,0,0,33,0,8,0,94,0,28,0,0,0,8,0,9,10,0,0,0
10,62,0,115,0,50,17,192,18,19,0,0,0,0,0,157,0,261,0,33,0,166,1,141,22,0,0,0,0,255,0,16,0,83,0,25,4,77,1,357,0,0,0,0,0,0,0,0,1,0,0,0,0,123,0,221,0,67,0,26,10,180,0,326,0,0,0,0,0,0,0,0,0,2,0,0,0,0,0,0,0,9,0,0,0,37,0,0,0,0,0,0,0,0,0,8,0,0,0,0,0,0,0,0,0,0,0,0,0,0,0,0,0,0,0,0,0,0,0,0,0,0,0,0,0,0,0,0,0,36,0,84,0,68,0,125,0,192,0,34,0,24,0,61,0,0,0,0,0,0,0,0,0,0,0,161,0,0,0,55,0,79,0,0,0,0,0,12,0,0,1,11,10,86,0,0,25,22,0,0,0,0,0,0,0,0,0,0,0,0,0,0,0,0,0,0,0,0,0,0,0,7,0,0,0,0,0,0,0,92,23,0,35,14,74,0,0,0,55,4,173,62,0,0,0
0,0,101,0,187,0,0,0,0,0,51,0,251,74,142,0,63,0,174,13,171,0,175,0,0,0,0,127,0,0,13,0,4,0,19,0,40,0,0,0,29,110,257,8,182,39,96,156,8,0,242,12,0,0,0,0,0,0,0,0,0,0,0,0,4,0,0,0,0,0,0,0,0,0,0,0,0,0,0,0,0,0,0,0,0,0,0,0,0,0,0,0,0,0,0,0,0,0,0,0,0,0,0,0,14,0,0,0,0,0,0,0,0,0,0,0,0,0,0,0,0,0,0,0,0,0,0,0,0,0,0,0,0,0,0,0,0,0,0,0,0,0,0,0,0,0,9,0,16,0,0,0,16,0,0,0,0,0,0,0,0,0,0,0,136,0,0,0,0,0,0,0,6,0,0,0,23,56,42,0,34,2,7,0,26,0,129,0,6,0,0,0,10,0,0,0,0,0,0,0,0,0,0,0,0,0,0,0,0,0,0,34,251,6,0,0,0,0,0,0,0,0,0,0,0
0,51,0,19,10,271,0,0,0,0,5,384,110,562,13,101,0,0,190,285,77,327,0,0,0,0,127,0,0,0,0,0,0,0,12,37,0,0,0,0,54,38,22,317,18,239,10,114,0,28,55,258,0,0,0,0,0,0,0,0,0,0,0,0,0,0,0,0,0,0,0,0,0,5,0,0,0,0,1,0,0,0,0,0,0,0,0,0,0,0,0,0,0,0,0,16,0,0,0,0,0,0,0,0,0,0,0,0,0,0,0,0,0,0,0,0,0,0,0,0,0,0,0,0,0,16,0,0,0,0,0,0,0,0,0,0,0,0,0,0,0,0,0,0,0,0,0,0,0,0,0,0,0,0,0,0,0,0,0,0,0,0,0,0,0,56,0,0,0,51,0,0,0,0,0,0,35,122,0,24,0,0,0,0,0,7,23,54,0,0,0,0,0,0,0,0,0,0,0,0,0,0,0,0,0,0,0,0,0,0,0,1,0,0,0,0,0,0,0,78,310,0,4,0,0
139,0,266,0,32,0,33,0,0,0,10,0,0,0,0,0,303,0,4,0,34,0,65,0,150,0,0,0,0,0,25,0,32,1,21,0,58,0,23,0,0,0,6,0,0,0,0,0,0,0,18,0,0,0,0,0,12,0,0,0,14,0,115,0,0,0,0,0,0,0,34,0,0,0,23,0,0,0,0,0,49,0,0,0,0,0,60,0,0,0,58,0,0,0,65,0,17,0,59,0,59,0,0,0,12,0,70,0,0,0,0,0,0,0,0,0,0,0,0,0,35,0,0,0,0,0,0,0,0,0,2,0,0,0,0,0,0,0,37,0,69,0,63,0,23,0,0,0,0,0,0,0,0,0,7,0,0,0,11,0,17,0,0,0,0,0,1,0,20,0,0,0,2,0,0,0,24,0,0,0,0,0,14,0,0,0,0,0,0,0,0,0,0,0,0,0,0,0,0,0,8,0,0,0,0,0,0,0,0,0,0,0,21,0,1,0,3,0,1,0,0,0,0,0,0
0,81,0,111,0,20,0,67,0,0,0,0,0,0,0,16,0,450,0,0,0,26,0,139,0,255,0,0,0,0,0,33,0,88,0,125,0,47,0,51,0,0,0,12,0,0,0,0,0,0,0,20,0,26,0,21,0,0,0,0,0,18,0,79,0,0,0,0,0,0,0,1,0,0,0,0,0,0,0,0,0,7,0,0,0,37,0,0,0,2,0,0,0,0,0,0,0,0,0,2,0,0,0,0,0,0,0,0,0,0,0,0,0,0,0,0,0,0,0,0,0,0,0,0,0,9,0,0,0,71,0,24,0,0,0,33,0,140,0,191,0,75,0,98,0,16,0,0,0,0,0,0,0,0,0,18,0,3,0,46,0,12,0,0,0,0,0,1,0,0,0,0,0,0,0,0,0,0,0,0,0,0,0,0,0,0,0,0,0,0,0,0,0,0,0,0,0,0,0,0,0,4,0,0,0,0,0,0,0,0,0,0,0,0,0,0,0,0,0,0,0,0,0,0,0
83,0,134,0,170,4,0,0,0,0,108,6,0,6,23,9,159,0,10,14,47,0,81,0,38,0,13,0,25,0,0,0,4,0,54,0,65,0,3,0,0,0,22,0,15,0,0,0,0,0,61,0,0,0,0,0,0,0,0,0,0,0,29,0,0,0,0,0,0,0,8,0,0,0,0,0,0,0,0,0,0,0,0,0,0,0,5,0,0,0,0,0,0,0,0,0,15,0,16,0,15,0,0,0,0,0,0,0,0,0,0,0,0,0,0,0,0,0,0,0,10,0,0,0,0,0,0,0,0,0,0,0,0,0,0,0,0,0,0,0,0,0,0,0,0,0,0,0,0,0,0,0,0,0,0,0,0,0,5,0,0,0,0,0,0,0,21,0,7,0,0,0,0,0,0,0,40,11,44,0,0,0,13,0,0,0,0,0,0,0,0,0,0,0,0,0,0,0,0,0,0,0,0,0,0,0,2,0,0,0,0,0,36,0,5,0,0,0,0,0,1,0,0,0,0
0,0,0,18,0,68,0,0,0,2,0,32,1,9,0,65,0,42,0,23,0,56,0,76,0,16,0,0,0,33,0,0,0,16,0,72,0,7,0,0,0,0,0,24,0,0,0,0,0,0,0,20,0,0,0,0,0,0,0,0,0,2,0,19,0,2,0,0,0,0,0,2,0,0,0,0,0,0,0,0,0,0,0,0,0,23,0,0,0,0,0,0,0,0,0,0,0,0,0,3,0,0,0,0,0,0,0,0,0,0,0,0,0,0,0,0,0,0,0,0,0,5,0,0,0,0,0,0,0,0,0,0,0,6,0,0,0,0,0,0,0,0,0,0,0,11,0,0,0,0,0,0,0,0,0,0,0,0,0,0,0,0,0,0,0,0,0,1,0,0,0,0,0,0,0,0,0,5,0,0,0,0,0,0,0,0,0,2,0,0,0,0,0,0,0,0,0,0,0,0,0,0,0,0,0,0,0,0,0,0,0,0,0,0,1,0,0,0,0,0,6,5,0,0,0
132,1,138,0,138,10,0,0,0,0,133,0,0,0,0,23,105,0,1,5,20,0,39,0,0,0,4,0,32,0,4,0,0,0,16,0,227,0,5,0,0,0,7,0,41,0,0,0,0,0,36,0,0,0,14,0,0,0,0,0,7,0,34,0,0,0,0,0,0,0,26,0,6,0,16,0,0,0,0,0,28,0,0,0,0,0,31,0,0,0,0,0,0,0,0,0,13,0,0,0,0,0,0,0,0,0,0,0,0,0,0,0,0,0,0,0,0,0,0,0,0,0,0,0,0,0,0,0,0,0,0,0,0,0,0,0,0,0,65,0,0,0,0,0,59,0,0,0,2,0,0,0,0,0,0,0,3,0,0,0,0,0,3,0,4,0,32,0,13,0,0,0,10,0,0,0,83,12,66,0,16,0,25,0,0,0,0,0,0,0,0,0,0,0,0,0,0,0,0,0,0,0,0,0,0,0,0,0,0,0,9,2,43,0,3,0,0,0,0,0,1,0,0,0,0
0,234,0,233,0,196,0,53,0,0,0,84,0,0,0,125,0,224,0,0,0,151,0,194,0,83,0,0,1,88,0,16,0,0,0,120,0,175,0,2,0,0,0,22,0,3,0,0,0,0,0,25,0,0,0,0,0,0,0,0,0,11,0,48,0,0,0,0,0,0,0,0,0,0,0,0,0,0,0,0,0,0,0,0,0,45,0,0,0,0,0,0,0,0,0,6,0,0,0,0,0,0,0,0,0,0,0,0,0,0,0,0,0,0,0,0,0,0,0,0,0,0,0,0,0,0,0,0,0,32,0,0,0,0,0,59,0,130,0,121,0,75,0,0,0,44,0,0,0,17,0,0,0,0,0,0,0,12,0,0,0,0,0,0,0,0,0,15,0,0,0,0,0,4,0,0,4,21,0,14,0,0,0,0,0,3,0,0,0,0,0,0,0,0,0,0,0,0,0,0,0,0,0,0,0,0,0,0,0,41,0,0,0,0,4,0,0,0,13,2,18,10,0,0,0
0,0,10,0,184,0,0,0,0,0,61,5,75,13,43,6,81,0,90,22,110,0,29,0,0,0,19,12,21,0,54,0,16,0,0,0,92,0,0,0,0,6,26,0,28,3,0,8,0,0,119,0,0,0,0,0,0,0,0,0,0,0,8,0,0,0,0,0,0,0,0,0,0,0,0,0,0,0,0,0,0,0,0,0,0,0,0,0,0,0,0,0,0,0,0,0,0,0,0,0,0,0,0,0,4,0,0,0,0,0,0,0,0,0,0,0,0,0,0,0,0,0,0,0,0,0,0,0,0,0,0,0,0,0,0,0,0,0,0,0,7,0,0,0,0,0,0,0,0,0,0,0,0,0,0,0,0,0,0,0,0,0,0,0,13,0,14,0,15,0,0,0,7,0,0,0,95,0,142,0,0,0,8,0,13,0,3,0,0,0,0,0,0,0,0,0,0,0,0,0,0,0,0,0,0,0,0,0,0,0,10,4,48,0,0,0,0,0,0,0,0,0,0,0,0
1,33,0,27,0,245,0,37,0,0,2,164,0,194,3,140,0,36,10,128,9,142,0,70,0,25,0,37,0,125,0,72,0,120,0,0,0,227,0,1,0,0,0,69,0,23,0,0,0,0,0,88,0,0,0,11,0,0,0,0,0,11,0,33,0,0,0,0,0,0,0,5,0,0,0,6,0,0,0,2,0,0,0,0,0,71,0,0,0,0,0,0,0,4,0,33,0,0,0,5,0,24,0,10,0,0,0,0,0,0,0,0,0,0,0,0,0,0,0,0,0,0,0,0,0,0,0,0,0,32,0,0,0,0,0,68,0,163,0,97,0,115,0,149,0,75,0,0,0,0,0,0,0,14,0,0,0,0,0,0,0,0,0,0,0,29,0,59,0,0,0,0,0,13,0,1,10,59,0,2,0,0,0,0,0,0,0,46,0,0,0,0,0,0,0,0,0,0,0,0,0,0,0,0,0,0,0,0,0,0,0,0,0,0,10,0,0,0,19,2,53,11,0,0,0
163,0,148,0,98,7,18,0,0,0,100,5,0,0,14,19,127,0,15,15,75,1,43,3,40,4,40,0,58,0,65,0,227,0,92,0,0,0,490,0,0,0,57,0,129,0,2,0,0,0,306,0,0,0,0,0,21,0,17,0,15,0,38,0,0,0,0,0,0,0,172,0,0,0,60,0,0,0,0,0,89,0,0,0,0,0,107,0,55,0,82,0,0,0,0,0,22,0,115,0,96,0,0,0,0,0,67,0,0,0,0,0,0,0,0,0,0,0,0,0,74,0,0,0,0,0,0,0,0,0,0,0,0,0,14,0,48,0,79,0,127,0,0,0,113,0,0,0,0,0,0,0,0,0,30,0,13,0,47,0,152,0,17,0,16,0,33,0,63,0,24,0,38,0,0,0,119,33,78,0,28,0,25,0,0,0,0,0,0,0,0,0,0,0,0,0,0,0,0,0,0,0,0,0,0,0,0,0,0,0,7,1,126,0,8,0,0,0,0,0,0,0,0,0,0
0,351,3,91,0,164,0,127,0,0,2,57,0,9,0,76,0,33,0,0,0,16,1,41,4,77,0,0,0,47,0,7,0,175,0,227,0,0,0,17,0,1,0,94,0,24,0,1,0,0,1,105,0,3,0,0,0,0,0,0,0,50,0,33,0,0,0,0,0,0,0,6,0,0,0,0,0,0,0,0,0,50,0,0,0,61,0,0,0,0,0,0,0,0,0,0,0,9,0,18,0,0,0,0,0,0,0,0,0,0,0,0,0,0,0,0,0,0,0,0,0,0,0,6,0,0,0,0,0,49,0,0,0,0,0,57,0,130,0,234,0,168,0,183,0,209,0,0,0,0,0,0,0,0,0,18,0,61,0,49,0,0,0,0,0,3,0,108,0,13,0,12,0,50,0,0,6,49,0,16,0,0,0,0,0,0,0,0,0,0,0,0,0,0,0,0,0,0,0,0,0,0,0,0,0,0,0,12,0,0,0,0,0,0,6,0,0,0,8,3,44,7,0,0,0
302,0,311,0,19,8,54,0,0,0,8,3,0,0,0,8,77,0,0,0,4,0,33,0,83,1,0,0,23,0,3,0,5,0,0,0,490,0,0,0,0,0,5,0,0,0,0,0,0,0,5,0,4,0,0,0,0,0,0,0,22,0,55,0,0,0,0,0,2,0,23,0,4,0,26,0,0,0,0,0,36,0,0,0,0,0,39,0,0,0,31,0,0,0,0,0,12,0,43,0,0,0,0,0,0,0,23,0,0,0,0,0,0,0,0,0,0,0,0,0,33,0,0,0,0,0,0,0,0,0,0,0,0,0,0,0,0,0,45,0,51,0,27,0,43,0,0,0,0,0,0,0,0,0,6,0,8,0,23,0,18,0,0,0,0,0,37,0,0,0,8,0,58,0,0,0,59,9,0,0,0,0,25,0,0,0,0,0,0,0,0,0,0,0,0,0,0,0,0,0,0,0,0,0,0,0,0,0,0,0,2,2,12,0,1,0,0,0,0,0,3,0,0,0,0
5,529,4,142,0,17,0,412,0,35,0,4,0,0,0,0,0,262,0,0,0,0,1,67,6,357,0,0,0,51,0,0,0,2,0,1,0,17,0,0,0,0,0,0,0,0,0,0,0,0,0,0,0,0,0,11,0,0,0,0,0,10,0,22,0,0,0,0,0,0,0,0,0,0,0,0,0,0,0,2,0,0,0,0,0,15,0,0,0,0,0,0,0,0,0,0,0,0,0,0,0,0,0,0,0,0,0,0,0,0,0,0,0,0,0,0,0,0,0,0,0,0,0,0,0,0,0,0,0,14,0,0,0,0,0,0,0,0,0,60,0,21,0,22,0,22,0,0,0,0,0,0,0,0,0,16,0,12,0,27,0,8,0,0,0,0,0,2,0,0,0,0,0,16,0,0,7,23,0,8,0,0,0,4,0,0,0,0,0,0,0,0,0,0,0,0,0,0,0,0,0,0,0,0,0,0,0,0,0,0,0,0,0,0,0,0,0,0,0,0,0,0,0,0,0
0,0,0,0,43,0,0,0,0,0,25,0,247,20,15,0,0,0,13,0,0,0,17,0,0,0,29,54,0,0,0,0,0,0,0,0,0,0,0,0,0,127,30,0,88,38,247,92,135,18,8,0,0,0,0,0,0,0,0,0,0,0,1,0,0,0,0,0,5,0,0,0,0,0,0,0,0,0,0,0,0,0,0,0,0,0,0,0,0,0,0,0,0,0,0,0,0,0,0,0,0,0,0,0,0,0,2,0,0,0,0,0,0,0,0,0,0,0,0,0,0,0,0,0,0,0,0,0,0,0,0,0,0,0,0,0,0,0,0,0,0,0,0,0,0,0,0,0,9,0,13,0,0,0,0,0,0,0,0,0,0,0,0,0,0,0,0,0,0,0,0,0,0,0,52,0,46,21,118,0,120,0,48,0,33,0,323,2,0,0,0,0,0,0,0,0,0,0,0,0,0,0,0,0,0,0,0,0,0,0,0,29,104,0,0,0,0,18,0,4,0,0,0,0,0
0,0,0,0,0,0,0,0,0,0,0,68,51,224,0,0,0,0,33,9,13,13,0,0,0,0,110,38,0,0,0,0,0,0,6,0,0,1,0,0,127,0,35,100,37,116,52,289,0,158,50,53,0,0,0,0,0,0,0,0,0,0,0,0,0,0,0,0,0,0,0,0,0,0,0,0,0,2,0,0,0,0,0,0,0,0,0,0,0,0,0,0,0,0,0,0,0,0,0,0,0,0,0,0,0,0,0,0,0,0,0,0,0,0,0,0,0,0,0,0,0,0,0,0,0,0,0,0,0,0,0,0,0,0,0,0,0,0,0,0,0,0,0,0,0,0,0,0,0,0,0,0,0,34,0,0,0,0,0,0,0,0,0,0,0,0,0,0,0,0,0,0,0,0,0,0,2,100,0,32,0,57,0,7,0,0,129,23,0,0,0,0,0,0,0,0,0,0,0,0,0,0,0,0,0,0,0,0,0,0,0,0,0,0,0,0,0,0,0,20,38,0,2,0,30
0,0,0,0,0,0,0,0,0,0,0,0,135,0,0,0,0,0,105,0,32,0,0,0,0,0,257,22,6,0,22,0,7,0,26,0,57,0,5,0,30,35,0,4,287,17,53,30,39,0,87,0,0,0,0,0,0,0,0,0,0,0,0,0,0,0,0,0,0,0,0,0,1,0,0,0,0,0,0,0,0,0,0,0,0,0,3,0,0,0,0,0,0,0,0,0,0,0,0,0,0,0,0,0,0,0,0,0,0,0,0,0,0,0,0,0,0,0,0,0,0,0,0,0,0,0,0,0,0,0,0,0,0,0,0,0,0,0,1,0,0,0,0,0,0,0,0,0,0,0,0,0,0,0,0,0,0,0,0,0,0,0,0,0,4,1,13,0,0,0,0,0,7,0,0,0,25,0,0,0,0,0,0,0,0,0,68,0,0,0,0,0,1,0,0,0,0,0,0,0,0,0,0,0,0,0,0,0,0,0,11,2,8,4,10,0,0,1,0,0,0,0,0,0,0
0,0,0,0,0,55,0,0,0,0,0,0,4,246,0,23,0,0,21,97,16,331,0,27,0,0,8,317,0,12,0,24,0,22,0,69,0,94,0,0,0,100,4,0,2,351,0,95,0,21,6,57,0,0,0,16,0,0,0,14,0,6,0,0,0,0,0,0,0,0,0,0,0,0,0,5,0,0,0,0,0,23,0,0,0,28,0,0,0,9,0,0,0,0,0,19,0,0,0,9,0,0,0,0,0,4,0,0,0,0,0,0,0,0,0,0,0,0,0,0,0,23,0,0,0,0,0,0,0,0,0,0,0,0,0,0,0,55,0,0,0,69,0,73,0,61,0,0,0,0,0,0,0,0,0,0,0,0,0,0,0,0,0,0,0,34,0,15,0,23,0,6,0,16,0,0,0,0,0,0,1,0,0,0,0,0,0,21,0,5,0,0,0,0,0,0,0,0,0,0,0,0,0,0,0,0,0,0,0,0,0,0,0,0,6,0,0,0,17,18,54,11,0,0,0
0,0,103,0,61,0,0,1,4,0,24,1,80,0,25,2,150,0,84,8,163,0,208,0,0,0,182,18,0,0,15,0,41,0,28,0,129,0,0,0,88,37,287,2,0,7,192,57,142,5,124,0,6,0,0,0,0,0,0,0,2,0,0,0,3,0,0,0,30,0,0,0,0,0,5,0,5,0,18,0,0,0,40,0,0,0,0,0,19,0,0,0,79,0,43,0,0,0,0,0,19,0,43,0,0,0,0,0,2,0,0,0,0,0,0,0,1,0,0,0,0,0,0,0,0,0,0,0,0,0,4,0,0,0,0,0,0,0,0,0,0,0,0,0,0,0,0,0,0,0,12,0,0,0,0,0,1,0,0,0,0,0,0,0,218,0,68,0,117,0,2,0,43,0,0,0,42,0,58,0,0,0,0,0,0,0,154,0,0,0,0,0,0,0,0,0,0,0,0,0,0,0,0,0,0,0,0,0,0,0,35,18,226,15,11,0,2,14,0,0,0,0,0,0,0
0,26,0,11,0,79,0,0,0,0,1,85,21,179,0,23,0,5,11,27,12,114,0,13,0,0,39,239,0,0,0,0,0,3,3,23,0,24,0,0,38,116,17,351,7,0,17,178,0,70,16,145,0,0,0,0,0,0,0,0,0,0,0,0,0,0,0,0,0,39,0,0,0,6,0,7,0,39,0,0,0,49,0,133,0,0,0,65,0,48,0,0,0,41,0,105,0,0,0,0,0,0,0,95,0,0,0,0,0,0,0,0,0,0,0,0,0,14,0,0,0,16,0,0,0,0,0,0,0,0,0,0,0,0,0,0,0,0,0,0,0,0,0,52,0,42,0,0,0,0,0,0,0,0,0,0,0,0,0,0,0,0,0,2,0,115,0,20,0,95,0,8,0,24,0,1,6,77,0,9,0,0,0,0,0,8,25,24,0,0,0,0,0,0,0,0,0,8,0,0,0,0,0,0,0,0,0,0,0,0,0,0,0,0,4,0,0,0,21,106,289,7,0,3,38
31,0,48,0,90,0,0,0,8,0,29,0,369,8,25,0,13,0,35,0,0,0,130,0,22,0,96,10,0,0,0,0,0,0,0,0,2,0,0,0,247,52,53,0,192,17,0,63,190,22,21,1,1,0,16,0,0,0,3,0,0,0,0,0,0,0,0,0,0,0,0,0,0,0,0,0,0,0,0,0,0,0,0,0,0,0,0,0,0,0,0,0,0,0,0,0,0,0,0,0,0,0,0,0,0,0,0,0,2,0,0,0,0,0,0,0,0,0,0,0,0,0,0,0,1,0,0,0,0,0,0,0,0,0,8,0,0,0,0,0,0,0,0,0,0,0,0,0,6,0,0,0,0,0,0,0,0,0,0,0,0,0,0,0,51,0,0,0,0,0,0,0,0,0,0,0,12,11,90,0,91,0,0,0,31,0,264,0,0,0,0,0,0,0,2,0,0,0,0,0,0,0,0,0,0,0,0,0,0,0,0,51,170,0,5,0,0,34,0,7,0,0,0,0,0
0,0,0,0,4,37,0,0,0,0,0,85,39,402,0,0,0,0,36,27,17,11,0,0,0,0,156,114,0,0,0,0,0,0,8,0,0,1,0,0,92,289,30,95,57,178,63,0,5,164,44,52,0,0,0,0,0,0,0,0,0,0,0,0,0,0,0,0,0,0,0,0,0,0,0,0,0,0,0,0,0,0,0,0,0,0,0,0,0,0,0,0,0,0,0,0,0,0,0,0,0,0,0,0,0,0,0,0,0,1,0,0,0,0,0,0,0,0,0,0,0,0,0,0,0,0,0,0,0,0,0,0,0,0,0,0,0,0,0,0,0,0,0,0,0,0,0,0,0,0,0,0,0,0,0,0,0,0,0,0,0,0,0,0,0,0,0,0,0,17,0,0,0,0,0,0,0,66,0,3,0,0,0,0,0,0,126,11,0,0,0,0,0,0,0,0,0,0,0,0,0,0,0,0,0,0,0,0,0,0,0,0,0,0,0,0,0,0,0,86,97,2,0,2,70
7,0,0,0,1,0,0,0,26,0,0,0,21,0,1,0,0,0,0,0,3,0,6,0,5,1,8,0,0,0,0,0,0,0,0,0,0,0,0,0,135,0,39,0,142,0,190,5,0,14,6,0,0,0,0,0,15,0,20,0,0,0,0,0,0,0,0,1,47,0,1,0,0,0,0,0,8,0,5,0,0,0,35,0,0,0,9,0,7,0,0,0,71,0,0,0,0,0,0,0,0,0,50,0,0,0,0,0,3,0,0,0,0,0,0,0,0,0,0,0,0,0,7,0,0,0,0,0,0,0,0,0,0,0,0,1,3,0,0,0,0,0,0,0,0,0,0,0,0,0,0,0,0,0,0,0,0,0,0,0,0,0,11,0,47,0,27,0,39,0,5,0,52,0,0,0,68,9,21,0,20,0,0,0,0,0,274,0,0,0,0,0,6,0,1,0,0,0,0,0,4,0,0,0,0,0,0,0,0,0,51,66,223,20,130,0,24,35,0,0,0,3,0,0,0
0,0,0,1,0,0,0,2,0,2,0,31,0,110,0,0,0,0,0,0,1,0,0,0,0,0,0,28,0,0,0,0,0,0,0,0,0,0,0,0,18,158,0,21,5,70,22,164,14,0,1,6,0,0,0,3,0,0,0,3,0,0,0,0,0,0,0,0,0,45,0,0,0,0,0,0,0,0,0,0,0,0,0,56,0,0,0,0,0,12,0,0,0,32,0,26,0,0,0,0,0,0,0,71,0,0,0,1,0,3,0,0,0,2,0,0,0,8,0,0,0,0,0,0,0,0,0,0,0,0,0,0,0,0,0,0,0,0,0,0,0,0,0,0,0,1,0,0,0,0,0,0,0,5,0,0,0,0,0,0,0,1,0,0,0,42,0,2,0,8,0,0,0,0,0,0,0,112,0,14,0,24,0,0,0,0,55,34,0,0,0,0,0,0,0,3,0,0,0,0,0,0,0,3,0,0,0,0,0,0,0,1,0,1,7,0,0,0,4,23,52,0,0,10,41
0,0,0,0,154,7,0,0,0,0,29,0,257,0,27,0,57,0,226,22,191,0,0,0,13,0,242,55,18,0,61,0,36,0,119,0,306,1,5,0,8,50,87,6,124,16,21,44,6,1,0,0,0,0,0,0,0,0,0,0,0,0,0,0,0,0,0,0,0,0,6,0,0,0,0,0,0,0,16,0,0,0,28,0,0,0,22,0,0,0,0,0,12,0,0,0,7,0,0,0,0,0,0,0,0,0,0,0,0,0,0,0,0,0,0,0,0,0,0,0,5,0,0,0,0,0,0,0,0,0,0,0,0,0,0,0,0,0,0,0,0,0,7,0,0,0,0,0,0,0,0,0,0,0,0,0,0,0,2,0,17,0,0,1,32,0,35,0,133,0,0,0,22,0,0,0,86,16,85,0,0,0,0,0,0,0,66,0,0,0,2,0,0,0,0,0,0,0,0,0,0,0,0,0,0,0,0,0,0,0,28,4,102,15,17,0,1,1,1,0,0,0,0,0,0
0,0,0,0,0,114,0,0,0,14,0,68,6,402,0,35,0,4,30,228,9,180,0,20,0,0,12,258,0,20,0,20,0,25,0,88,0,105,0,0,0,53,0,57,0,145,1,52,0,6,0,0,0,0,0,51,0,61,0,30,0,0,0,8,0,0,0,2,0,0,0,0,0,6,0,0,0,19,0,15,0,64,0,0,0,61,0,60,0,16,0,0,0,0,0,51,0,0,0,21,0,0,0,32,0,0,0,0,0,0,0,0,0,0,0,0,0,0,0,0,0,35,0,13,0,0,0,0,0,0,0,0,0,0,0,27,0,51,0,0,0,70,0,133,0,111,0,0,0,0,0,0,0,0,0,0,0,0,0,0,0,0,0,0,0,41,0,71,0,67,0,20,0,40,0,0,11,27,0,0,0,7,0,0,0,0,0,60,0,0,0,0,0,0,0,6,0,10,0,0,0,0,0,0,0,0,0,0,0,0,0,1,0,0,12,0,0,0,26,21,83,13,1,0,0
0,0,11,0,1,0,431,1,480,3,0,0,0,0,2,0,61,0,0,0,0,0,13,0,103,0,0,0,0,0,0,0,0,0,0,0,0,0,4,0,0,0,0,0,6,0,1,0,0,0,0,0,0,0,388,1,216,0,145,0,41,0,73,0,0,0,12,1,0,0,6,0,0,0,0,0,0,0,0,0,0,0,0,0,24,0,0,0,0,0,20,0,0,0,0,0,26,0,0,0,20,0,0,0,13,0,47,0,0,0,0,0,0,0,0,0,0,0,0,0,25,0,32,0,23,0,0,0,49,0,40,0,16,0,20,1,236,0,232,0,111,0,147,0,15,0,0,0,7,0,4,0,0,0,329,0,160,0,346,0,84,0,9,0,0,0,1,0,11,0,67,0,0,0,0,0,81,4,0,0,0,0,0,0,9,0,0,0,0,0,0,0,0,0,0,0,0,0,0,0,0,0,0,0,1,0,0,0,5,0,0,2,101,0,0,0,5,0,0,0,0,6,0,0,0
0,0,0,0,0,0,0,45,0,26,0,0,0,0,0,14,0,161,0,0,0,12,0,45,0,123,0,0,0,26,0,0,0,0,0,0,0,3,0,0,0,0,0,0,0,0,0,0,0,0,0,0,0,0,0,314,0,219,0,56,0,58,0,156,0,0,0,14,0,0,0,0,0,0,0,0,0,0,0,0,0,0,0,0,0,0,0,0,0,4,0,0,0,0,0,6,0,0,0,3,0,4,0,0,0,0,0,0,0,0,0,0,0,0,0,0,0,0,0,0,0,0,0,0,0,33,0,13,0,115,0,107,0,43,0,37,0,88,0,98,0,0,0,69,0,54,0,0,0,0,0,0,0,0,0,205,0,54,0,204,0,64,0,1,0,0,0,0,0,0,0,5,0,0,0,0,0,0,0,0,0,0,0,0,0,0,0,0,0,0,0,0,0,0,0,0,0,0,0,0,0,1,0,0,0,0,0,0,0,23,0,0,0,0,2,0,0,0,0,0,0,4,0,0,0
7,0,72,0,2,0,505,0,241,0,0,0,0,0,10,1,30,0,0,0,0,0,73,0,322,0,0,0,0,0,0,0,14,0,0,0,0,0,0,0,0,0,0,0,0,0,16,0,0,0,0,0,388,0,0,0,174,0,441,0,0,0,57,0,32,0,21,0,0,0,0,0,0,0,0,0,0,0,0,0,0,0,0,0,13,0,0,0,0,0,0,0,0,0,0,0,0,0,0,0,0,0,0,0,22,0,31,0,0,0,0,0,0,0,0,0,0,0,0,0,0,0,0,0,37,0,0,0,88,0,75,0,33,0,58,0,277,0,0,0,19,0,94,0,3,0,0,0,23,0,17,0,0,0,182,0,15,0,132,0,205,0,0,0,0,0,0,0,32,0,146,0,19,0,0,0,5,0,0,0,0,0,0,0,0,0,0,0,0,0,0,0,0,0,0,0,1,0,0,0,0,0,0,0,0,0,3,0,26,0,15,2,363,209,60,0,13,0,0,0,0,0,0,0,0
0,9,0,25,0,10,0,408,0,59,0,0,0,0,0,62,0,22,0,9,0,19,0,19,0,221,0,0,0,21,0,0,0,0,0,11,0,0,0,11,0,0,0,16,0,0,0,0,0,3,0,51,1,314,0,0,0,417,0,83,0,99,0,157,0,8,1,96,0,0,0,0,0,1,0,0,0,0,0,0,0,0,0,0,0,0,0,0,0,0,0,0,0,0,0,0,0,2,0,0,0,0,0,0,0,0,0,0,0,0,0,0,0,0,0,0,0,0,0,0,0,0,0,0,0,30,0,17,0,27,0,55,0,42,0,0,0,34,0,12,0,0,0,10,0,0,0,0,0,8,0,0,0,0,0,264,0,48,0,83,0,69,0,8,0,4,0,28,0,0,0,200,0,98,0,0,0,0,0,0,0,0,0,0,0,0,0,0,0,0,0,0,0,0,0,0,0,0,0,0,0,2,0,0,0,0,0,0,0,29,0,0,0,0,192,0,0,0,128,17,652,427,0,0,8
0,0,14,0,0,0,30,0,9,0,0,0,0,0,0,0,25,0,0,0,0,0,0,0,26,0,0,0,12,0,0,0,0,0,0,0,21,0,0,0,0,0,0,0,0,0,0,0,15,0,0,0,216,0,174,0,0,0,388,0,0,0,14,0,57,0,46,0,0,0,0,0,0,0,0,0,0,0,0,0,0,0,0,0,0,0,0,0,0,0,0,0,0,0,0,0,0,0,1,0,0,0,0,0,3,0,0,0,0,0,0,0,0,0,0,0,0,0,0,0,0,0,0,0,33,0,29,0,73,0,135,0,26,0,16,0,51,0,18,0,0,0,18,0,0,0,11,0,6,0,0,0,0,0,315,0,111,0,111,0,334,0,0,0,3,0,0,0,27,0,142,0,19,0,0,0,0,0,0,0,0,0,0,0,0,0,0,0,0,0,0,0,0,0,0,0,0,0,0,0,0,0,0,0,0,0,0,0,26,0,50,6,588,0,220,0,0,0,1,0,0,0,0,0,0
0,0,0,14,0,0,0,22,0,6,0,0,0,2,0,20,0,29,0,0,0,0,0,0,0,67,0,0,0,0,0,0,0,0,0,0,0,0,0,0,0,0,0,0,0,0,0,0,0,0,0,61,0,219,0,417,0,0,0,326,0,29,0,40,0,22,0,34,0,0,0,0,0,0,0,0,0,0,0,0,0,0,0,0,0,0,0,0,0,0,0,0,0,0,0,0,0,0,0,0,0,0,0,0,0,0,0,0,0,0,0,0,0,0,0,0,0,0,0,0,0,0,0,0,0,24,0,11,0,23,0,60,0,18,0,0,0,12,0,4,0,0,0,0,0,0,0,0,0,0,0,0,0,0,0,503,0,47,0,141,0,100,0,59,0,0,0,0,0,10,0,197,0,34,0,0,0,0,0,0,0,0,0,0,0,0,0,0,0,0,0,0,0,0,0,0,0,0,0,0,0,0,0,0,0,0,0,0,0,12,0,0,0,0,82,0,0,0,29,0,528,238,0,0,0
9,1,31,0,0,0,116,0,92,1,0,0,0,0,0,0,0,0,2,0,0,0,9,0,41,0,0,0,0,0,0,0,0,0,0,0,17,0,0,0,0,0,0,0,0,0,3,0,20,0,0,0,145,0,441,0,388,0,0,0,51,0,9,0,458,0,550,1,1,0,0,0,0,0,0,0,0,0,0,0,0,0,0,0,0,0,0,0,0,0,0,0,0,0,0,0,0,0,0,0,0,0,0,0,0,0,0,0,0,0,0,0,0,0,0,0,0,0,0,0,0,0,0,0,0,0,8,0,0,0,37,0,0,0,0,0,0,0,5,0,2,0,0,0,0,0,7,0,12,0,4,0,1,0,76,0,104,0,11,0,123,0,0,0,0,0,7,0,42,0,135,0,16,0,0,0,1,1,0,0,0,0,0,0,0,1,0,0,0,0,1,0,0,0,0,0,0,0,0,0,0,0,0,0,0,0,0,0,4,0,536,24,968,1511,996,0,46,5,1,0,2,2,0,0,0
0,12,0,0,0,0,0,45,0,158,0,5,0,2,0,6,0,13,0,0,0,0,0,0,0,26,0,0,0,0,0,0,0,0,0,0,0,0,0,0,0,0,0,14,0,0,0,0,0,3,0,30,0,56,0,83,0,326,0,0,0,42,0,15,0,296,8,938,0,0,0,0,0,0,0,0,0,5,0,0,0,0,0,0,0,0,0,0,0,0,0,0,0,0,0,0,0,0,0,0,0,0,0,7,0,0,0,0,0,0,0,0,0,0,0,0,0,0,0,0,0,0,0,0,0,24,0,0,0,7,0,120,0,0,0,3,0,0,0,0,0,0,0,0,0,0,0,3,0,12,0,0,0,0,0,119,0,68,0,39,0,95,0,178,0,2,0,10,0,20,0,328,0,0,1,0,2,2,0,0,0,0,0,0,2,5,0,0,0,0,0,0,0,0,0,0,0,1,0,0,0,0,0,0,0,0,0,0,0,11,8,1,1,1,1441,0,0,0,565,89,1528,1699,0,172,9
35,5,33,0,0,0,412,3,341,19,0,0,0,0,0,0,13,0,0,0,0,0,0,0,35,10,0,0,14,0,0,0,7,0,0,0,15,0,22,0,0,0,0,0,2,0,0,0,0,0,0,0,41,0,0,0,0,0,51,0,0,0,86,0,0,0,7,1,0,0,6,0,0,0,10,0,0,0,0,0,0,0,0,0,0,0,11,0,0,0,0,0,0,0,0,0,6,0,0,0,0,0,0,0,0,0,0,0,0,0,0,0,0,0,0,0,0,0,0,0,0,0,0,0,0,0,0,0,0,0,0,0,0,0,0,0,0,0,166,0,126,0,0,0,172,0,0,0,0,0,0,0,0,0,78,0,137,0,65,0,0,0,11,0,0,0,0,0,7,0,172,0,100,0,0,0,79,10,0,0,0,0,15,0,8,1,0,0,0,0,0,0,0,0,0,0,0,0,0,0,0,1,0,0,0,0,0,0,0,0,34,20,32,15,15,0,0,0,0,0,0,6,0,0,0
0,137,0,0,0,4,0,421,1,260,0,13,0,0,0,0,0,43,0,0,0,14,0,0,4,180,0,0,0,18,0,2,0,11,0,11,0,50,0,10,0,0,0,6,0,0,0,0,0,0,0,0,0,58,0,99,0,29,0,42,0,0,0,89,0,0,0,4,0,0,0,1,0,0,0,0,0,0,0,0,0,0,0,0,0,0,0,0,0,0,0,0,0,0,0,0,0,0,0,0,0,0,0,0,0,0,0,0,0,0,0,0,0,0,0,0,0,0,0,0,0,0,0,0,0,0,0,0,0,34,0,14,0,0,0,0,0,21,0,140,0,51,0,0,0,192,0,0,0,0,0,1,0,0,0,30,0,174,0,79,0,5,0,0,0,0,0,1,0,0,0,90,0,81,0,0,4,35,0,2,0,0,0,18,0,1,0,0,0,0,0,0,0,0,0,0,0,0,0,0,0,0,0,0,0,0,0,0,0,0,5,0,4,0,7,0,0,0,0,0,20,0,0,0,0
32,5,113,0,0,0,924,2,330,9,0,1,0,0,4,0,450,0,0,0,48,0,58,0,364,0,0,0,115,0,29,0,34,0,8,0,38,0,55,0,1,0,0,0,0,0,0,0,0,0,0,0,73,0,57,0,14,0,9,0,86,0,0,0,0,0,0,0,0,0,67,0,0,0,53,0,0,0,0,0,106,0,0,0,48,0,114,0,0,0,56,0,0,0,79,0,40,0,79,0,81,0,0,0,0,0,37,0,0,0,0,0,0,0,0,0,0,0,0,0,80,0,0,0,0,0,0,0,0,0,0,0,0,0,18,0,140,0,155,0,193,0,105,0,42,0,0,0,0,0,0,0,0,0,72,0,45,0,93,0,16,0,0,0,0,0,0,0,0,0,0,0,7,0,0,0,82,7,0,0,0,0,24,0,0,0,0,0,0,0,0,0,0,0,0,0,0,0,0,0,0,0,0,0,0,0,0,0,5,0,9,2,14,0,0,0,0,0,3,0,3,6,0,0,0
0,13,0,4,0,7,0,183,0,67,0,0,0,0,0,32,0,411,0,0,0,109,0,167,0,326,0,0,0,79,0,19,0,48,0,33,0,33,0,22,0,0,0,0,0,0,0,0,0,0,0,8,0,156,0,157,0,40,0,15,0,89,0,0,0,0,0,0,0,0,0,0,0,0,0,0,0,0,0,0,0,0,0,0,0,11,0,0,0,0,0,0,0,0,0,5,0,9,0,0,0,0,0,0,0,0,0,4,0,0,0,0,0,0,0,0,0,0,0,0,0,0,0,0,0,0,0,0,0,91,0,64,0,49,0,0,0,86,0,108,0,44,0,35,0,27,0,0,0,0,0,0,0,0,0,45,0,20,0,38,0,40,0,0,0,0,0,0,0,0,0,5,0,7,0,0,1,8,0,0,0,0,0,6,0,0,0,0,0,0,0,0,0,0,0,0,0,0,0,0,0,0,0,0,0,0,0,0,0,0,0,0,0,0,0,0,0,0,0,0,0,0,0,0,0
39,0,6,0,3,0,32,0,217,0,16,0,0,0,0,0,0,0,2,0,0,0,0,0,0,0,4,0,0,0,0,0,0,0,0,0,0,0,0,0,0,0,0,0,3,0,0,0,0,0,0,0,0,0,32,0,57,0,458,0,0,0,0,0,0,2,444,1,0,0,0,0,0,0,0,0,1,0,0,0,0,0,0,0,0,0,0,0,0,0,0,0,0,0,0,0,0,0,0,0,0,0,0,0,0,0,0,0,0,0,0,0,0,0,0,0,0,0,0,0,0,0,0,0,17,0,0,0,0,0,78,0,0,0,0,0,0,0,0,0,0,0,0,0,18,0,6,0,87,0,0,0,0,0,26,0,0,0,18,0,855,0,36,0,0,0,0,0,0,0,0,0,0,0,6,0,16,0,0,0,12,0,5,0,136,0,0,0,0,0,0,0,0,0,0,0,0,0,0,0,0,0,0,0,0,0,1,0,3,1,338,7,130,0,213,0,2,2,3,0,1,2,0,0,0
0,111,0,0,0,8,0,22,0,266,0,36,0,0,0,0,0,0,0,9,0,2,0,0,0,0,0,0,0,0,0,2,0,0,0,0,0,0,0,0,0,0,0,0,0,0,0,0,0,0,0,0,0,0,0,8,0,22,0,296,0,0,0,0,2,0,1,269,0,0,0,0,0,0,0,0,0,0,0,0,0,3,0,0,0,0,0,7,0,0,0,0,0,0,0,0,0,0,0,0,0,0,0,0,0,0,0,0,0,0,0,0,0,0,0,0,0,0,0,0,0,0,0,0,0,57,0,13,0,1,0,46,0,1,0,2,0,0,0,0,0,0,0,0,0,10,0,18,0,406,0,0,0,6,0,0,0,0,0,1,5,295,1,52,0,0,0,0,0,7,0,0,0,0,1,32,5,0,0,4,20,106,0,0,3,28,0,0,0,0,0,0,0,0,0,0,0,0,0,0,0,0,0,0,0,0,0,0,0,17,5,0,4,6,365,0,0,0,324,16,157,0,0,0,0
53,0,19,0,0,0,45,0,308,4,15,0,0,0,4,0,0,0,0,0,0,0,0,0,0,0,0,0,0,0,0,0,0,0,0,0,0,0,0,0,0,0,0,0,0,0,0,0,0,0,0,0,12,0,21,1,46,0,550,8,7,0,0,0,444,1,0,50,0,0,0,0,0,0,0,0,0,0,0,0,0,0,0,0,0,0,0,0,0,0,0,1,0,0,0,0,0,0,0,0,0,0,0,1,0,0,0,0,0,0,0,0,0,0,0,0,0,0,0,0,0,0,0,0,9,0,0,0,0,0,19,0,0,0,0,0,0,0,0,0,0,0,0,0,0,0,5,0,40,0,0,0,0,0,23,0,27,0,3,0,135,0,0,0,0,0,0,0,7,0,0,0,0,0,0,0,82,2,0,0,0,0,0,0,165,12,0,0,0,0,0,0,0,0,0,0,0,0,0,0,0,0,0,0,0,0,0,1,0,1,539,25,225,586,646,0,6,0,9,0,0,10,0,4,0
0,67,0,4,0,3,0,52,11,342,0,0,0,5,0,0,0,0,0,0,0,0,0,0,0,0,0,0,0,0,0,0,0,0,0,0,0,0,0,0,0,0,0,0,0,0,0,0,1,0,0,2,1,14,0,96,0,34,1,938,1,4,0,0,1,269,50,0,0,0,0,0,0,1,0,0,0,0,0,0,0,0,0,0,0,0,0,0,0,0,0,0,0,0,0,0,0,0,0,0,0,0,0,1,0,0,0,0,0,0,0,0,0,0,0,0,0,0,0,0,0,0,0,0,0,44,0,9,0,2,0,60,0,0,0,0,0,0,0,0,0,0,0,0,0,0,0,5,0,76,0,2,2,3,0,0,0,4,0,0,0,161,0,37,0,0,0,0,0,6,0,21,0,3,2,20,22,10,0,0,4,16,0,1,17,181,0,0,0,0,0,0,0,0,0,0,0,0,0,0,0,0,0,0,0,0,0,0,0,12,13,1,6,29,760,0,0,0,597,78,263,667,0,26,0
0,0,0,0,0,0,0,0,0,0,0,0,0,0,0,0,0,0,0,0,0,0,0,0,5,0,0,0,0,0,0,0,0,0,0,0,0,0,2,0,5,0,0,0,30,0,0,0,47,0,0,0,0,0,0,0,0,0,1,0,0,0,0,0,0,0,0,0,0,0,0,0,11,0,0,0,60,0,13,0,0,0,40,0,0,0,12,0,0,0,3,0,18,0,2,0,4,0,0,0,3,0,167,0,12,0,11,0,87,0,59,0,5,0,12,0,14,0,0,0,0,0,0,0,0,0,0,0,0,0,0,0,0,0,4,0,0,0,0,0,0,0,5,0,0,0,0,0,0,0,1,0,0,0,0,0,0,0,0,0,0,0,0,0,90,0,0,0,54,0,0,0,1,0,0,0,0,0,0,0,0,0,0,0,0,0,0,0,16,0,0,0,16,0,6,0,0,0,0,0,0,0,10,0,0,0,0,0,0,0,53,10,136,5,7,9,128,2,0,0,0,0,0,0,0
0,0,0,0,0,0,0,0,0,0,0,0,0,0,0,0,0,0,0,0,0,3,0,0,0,0,0,0,0,0,0,0,0,0,0,0,0,0,0,0,0,0,0,0,0,39,0,0,0,45,0,0,0,0,0,0,0,0,0,0,0,0,0,0,0,0,0,0,0,0,0,0,0,5,0,0,0,26,0,0,0,0,0,63,0,0,0,0,0,21,0,0,0,58,0,63,0,0,0,0,0,5,0,149,0,0,0,0,0,55,0,6,0,5,0,22,0,5,0,0,0,0,0,0,0,0,0,0,0,0,0,0,0,0,0,11,0,0,0,0,0,0,0,0,0,0,0,0,0,0,0,0,0,0,0,0,0,0,0,0,0,0,0,0,0,56,0,0,0,16,0,0,0,0,0,0,0,0,0,0,0,0,0,0,0,0,0,0,0,0,0,0,0,0,0,0,0,0,0,0,0,0,0,0,0,0,0,0,0,0,0,0,0,0,0,0,0,0,24,13,137,2,5,106,3
0,0,0,0,0,0,0,0,0,0,0,0,0,0,0,0,42,0,0,0,18,0,0,0,0,0,0,0,34,0,8,0,26,0,0,0,172,0,23,0,0,0,0,0,0,0,0,0,1,0,6,0,6,0,0,0,0,0,0,0,6,0,67,0,0,0,0,0,0,0,0,0,255,0,279,0,0,0,261,0,0,0,0,0,1,0,48,0,0,0,0,0,0,0,3,0,1,0,0,0,0,0,0,0,0,0,0,0,0,0,0,0,0,0,0,0,0,0,0,0,48,0,1,0,5,0,0,5,0,0,0,0,0,0,10,1,43,0,15,0,132,0,22,0,207,0,6,0,0,0,0,1,7,0,0,0,10,0,0,0,0,0,82,0,0,0,0,0,84,0,57,0,25,0,1,0,0,0,0,0,0,10,0,0,0,0,0,0,0,0,0,0,0,0,0,0,0,0,0,0,0,0,0,0,0,0,0,1,12,0,21,1,12,5,0,0,0,0,0,0,1,0,0,0,0
0,0,0,0,0,0,0,0,0,0,0,0,0,0,0,0,0,0,0,0,0,0,0,0,0,0,0,0,0,1,0,2,0,0,0,5,0,6,0,0,0,0,0,0,0,0,0,0,0,0,0,0,0,0,0,0,0,0,0,0,0,1,0,0,0,0,0,0,0,0,0,0,0,161,0,212,0,59,0,20,0,2,0,0,0,0,0,62,0,0,0,0,0,1,0,0,0,0,0,0,0,1,0,0,0,0,0,0,0,0,0,0,0,0,0,0,0,0,0,0,0,7,0,28,1,57,0,87,0,0,0,14,0,0,0,0,0,15,0,27,1,85,0,15,0,113,0,42,0,0,0,0,0,0,0,0,0,1,0,0,0,0,2,31,0,0,0,9,0,33,0,14,0,13,0,0,0,0,0,0,12,18,0,0,0,0,0,0,0,0,0,0,0,0,0,0,0,2,0,0,0,2,0,0,0,0,0,0,0,22,0,0,0,0,4,0,0,0,32,0,20,0,0,0,0
0,0,4,0,0,0,0,0,0,0,0,0,0,0,0,0,0,0,0,0,0,0,0,0,0,0,0,0,0,0,0,0,6,0,0,0,0,0,4,0,0,0,1,0,0,0,0,0,0,0,0,0,0,0,0,0,0,0,0,0,0,0,0,0,0,0,0,0,11,0,255,0,0,0,57,0,147,0,150,0,2,0,0,0,5,0,11,3,0,0,0,0,17,0,0,0,0,0,3,1,0,0,0,0,0,0,0,0,0,0,0,0,0,0,0,0,0,0,1,0,6,0,0,0,30,0,0,0,0,0,3,0,0,0,0,1,41,0,0,0,39,0,35,0,104,0,0,0,0,0,36,0,0,1,0,0,0,0,2,0,0,0,63,0,0,0,1,0,29,0,14,0,3,0,0,0,2,0,0,0,18,11,0,0,0,0,0,0,0,0,2,0,7,0,0,0,0,0,5,0,14,0,8,0,0,0,11,0,17,0,294,2,16,0,19,0,0,0,0,0,0,0,0,0,0
0,0,0,0,0,0,0,0,0,0,0,0,0,0,0,0,0,0,0,0,0,0,0,0,0,2,0,5,0,0,0,0,0,0,0,0,0,0,0,0,0,0,0,0,0,6,0,0,0,0,0,6,0,0,0,1,0,0,0,0,0,0,0,0,0,0,0,1,0,5,0,161,0,0,0,298,0,124,0,28,0,10,0,29,0,19,0,123,0,0,0,0,0,0,0,12,0,0,0,2,0,0,0,0,0,0,0,0,0,0,0,0,0,0,0,0,0,0,0,0,0,14,0,21,1,105,0,143,0,5,0,16,0,0,0,60,0,36,1,0,0,14,0,0,0,67,4,85,0,0,0,44,7,36,0,0,0,0,0,0,0,1,0,70,0,4,0,4,0,39,0,6,0,5,0,14,0,0,0,0,32,47,0,0,0,0,0,0,0,0,0,0,0,0,0,2,0,15,0,22,0,7,0,64,0,0,0,44,0,73,4,0,0,0,12,0,0,0,137,0,43,0,0,0,0
0,0,0,0,0,0,0,0,0,0,0,0,0,0,0,0,41,0,0,0,14,0,0,0,16,0,0,0,23,0,0,0,16,0,0,0,60,0,26,0,0,0,0,0,5,0,0,0,0,0,0,0,0,0,0,0,0,0,0,0,10,0,53,0,0,0,0,0,0,0,279,0,57,0,0,0,0,0,187,0,1,0,19,0,8,0,22,0,0,0,0,0,0,0,0,0,3,0,0,0,0,0,0,0,0,0,0,0,0,0,0,0,0,0,0,0,0,0,0,0,28,0,16,0,0,0,0,0,0,0,0,0,0,0,3,0,21,0,9,0,158,0,78,0,92,0,0,0,0,0,0,0,4,0,0,0,9,0,1,0,0,0,10,0,0,0,1,0,25,0,16,0,0,0,4,0,0,0,0,0,4,1,0,0,0,0,0,0,0,0,0,0,0,0,0,0,0,0,2,0,13,0,0,0,0,0,8,0,4,0,67,0,0,4,0,0,0,0,0,0,0,0,0,0,0
0,0,0,0,0,0,0,0,0,0,0,0,0,0,0,1,0,0,0,0,0,0,0,0,0,0,0,0,0,0,0,0,0,0,0,6,0,0,0,0,0,0,0,5,0,7,0,0,0,0,0,0,0,0,0,0,0,0,0,0,0,0,0,0,0,0,0,0,0,0,0,212,0,298,0,0,0,47,0,62,0,15,0,13,0,5,0,183,0,6,0,0,0,0,0,19,0,0,0,5,0,3,0,1,0,0,0,0,0,0,0,0,0,0,0,0,0,0,0,0,0,70,0,67,4,0,0,112,0,0,0,0,0,0,0,30,0,14,0,8,0,97,0,33,0,150,4,0,2,6,0,34,0,0,0,0,0,4,0,0,0,0,4,21,0,0,0,0,0,21,0,15,0,14,0,5,0,0,0,0,0,21,0,0,0,0,0,0,0,0,0,0,0,0,0,0,0,3,0,12,0,3,0,0,0,0,0,0,0,0,8,0,12,0,2,0,0,0,50,0,0,2,0,0,0
0,0,0,0,0,0,0,0,0,0,0,0,0,0,0,0,0,0,0,0,0,0,0,0,0,0,0,0,0,0,0,0,0,0,0,0,0,0,0,0,0,0,0,0,5,0,0,0,8,0,0,0,0,0,0,0,0,0,0,0,0,0,0,0,1,0,0,0,60,0,0,0,147,0,0,0,0,0,64,0,5,0,75,0,0,0,22,0,1,0,7,0,82,0,0,0,0,0,0,0,5,0,75,0,20,0,0,0,13,0,0,0,2,0,2,0,12,0,0,0,0,0,0,0,0,0,0,0,0,0,0,0,0,0,0,0,0,0,0,0,0,0,21,0,0,0,0,0,0,0,0,0,0,0,0,0,0,0,0,0,0,0,4,0,21,0,3,0,15,0,0,0,0,0,0,0,1,0,0,0,0,1,0,0,1,0,0,0,13,0,2,0,22,0,0,0,0,0,8,0,20,0,11,0,0,0,0,0,0,0,53,2,55,2,9,2,9,0,0,0,0,0,0,0,0
0,0,0,0,0,0,0,0,0,0,0,0,0,0,0,0,0,2,0,0,0,0,0,0,0,0,0,0,0,0,0,0,0,0,0,0,0,0,0,0,0,2,0,0,0,39,0,0,0,0,0,19,0,0,0,0,0,0,0,5,0,0,0,0,0,0,0,0,0,26,0,59,0,124,0,47,0,0,0,21,0,40,0,117,0,45,0,212,0,27,0,0,0,48,0,150,0,0,0,6,0,5,0,137,0,15,0,5,0,8,0,0,0,8,0,0,0,3,0,0,0,28,0,13,0,0,0,0,0,0,0,0,0,0,0,67,0,0,0,0,0,0,0,0,0,0,0,0,1,0,0,0,0,0,0,0,0,0,0,0,0,0,0,0,0,24,0,10,0,57,0,0,0,0,0,0,0,0,0,0,5,0,0,0,0,0,0,0,0,0,0,0,0,0,0,31,0,0,0,32,0,14,0,74,0,0,0,0,0,0,2,0,0,0,16,0,0,0,106,0,107,0,0,4,0
0,0,0,0,0,0,0,0,0,0,0,0,0,0,0,0,0,0,0,0,0,0,0,0,0,0,0,1,0,0,0,0,0,0,0,0,0,0,0,0,0,0,0,0,18,0,0,0,5,0,16,0,0,0,0,0,0,0,0,0,0,0,0,0,0,0,0,0,13,0,261,0,150,0,187,0,64,0,0,0,10,0,75,0,0,0,45,0,3,0,12,0,82,0,6,0,0,0,29,0,0,0,40,0,20,0,0,0,4,0,0,0,0,0,0,0,2,0,0,0,82,0,31,0,0,0,0,0,0,0,0,0,0,0,0,0,24,1,0,0,78,0,72,0,67,0,0,2,0,0,0,0,6,0,0,0,0,0,0,0,0,0,28,0,0,0,5,0,39,0,0,0,0,0,0,0,0,0,0,0,5,0,0,0,0,0,0,0,20,0,9,0,37,0,6,0,0,0,0,0,38,0,33,0,34,0,0,0,8,0,325,4,53,0,31,0,3,0,0,0,0,0,0,0,0
0,0,0,0,0,0,0,0,0,0,0,0,0,0,0,0,0,0,0,0,0,0,0,0,0,0,0,0,0,0,0,0,0,0,0,2,0,0,0,2,0,0,0,0,0,0,0,0,0,0,0,15,0,0,0,0,0,0,0,0,0,0,0,0,0,0,0,0,0,0,0,20,0,28,0,62,0,21,0,0,0,0,0,5,0,4,0,38,0,0,0,0,0,0,0,0,0,0,0,0,0,0,0,0,0,0,0,0,0,0,0,0,0,0,0,0,0,0,0,0,0,7,0,37,1,11,0,0,0,0,0,0,0,0,0,0,0,0,0,9,0,78,0,5,0,66,0,0,0,0,0,0,0,0,0,0,0,0,0,0,0,0,2,10,0,0,0,0,0,0,0,0,0,0,0,2,0,0,0,0,0,0,0,0,0,0,0,0,0,0,0,0,0,0,0,0,0,1,0,3,0,1,0,0,0,0,0,0,0,0,1,0,0,0,0,0,0,0,15,0,8,0,0,0,0
