0,81,64,28,74,0,28,8,31,0,75,7,153,0,52,45,70,82,13,0,9,0,93,80,10,17,25,0,80,1,39,0,153,0,0,0,88,0,421,15,66,0,0,0,0,0,17,0,7,0,0,0,2,0,0,0,0,0,0,0,25,0,47,4,6,0,3,0,0,0,0,0,0,0,0,0,0,0,0,0,0,0,0,0,0,0,0,0,0,0,0,0,0,0,0,0,0,0,0,0,0,0,0,0,0,0,0,0,0,0,0,0,0,0,0,0,0,0,0,0,0,0,0,0,7,0,0,0,0,0,11,0,0,0,0,0,0,0,0,0,0,0,2,1,0,0,5,0,5,0,5,0,4,0,0,0,2,0,0,0,7,0,0,0,0,0,26,0,27,0,10,0,290,4,0,0,135,24,10,0,2,0,2,1,14,0,0,0,0,0,0,0,0,0,0,0,1,0,0,0,0,0,0,0,0,0,0,0,0,0,0,0,0,0,22,0,0,0,3,0,229,13,4,0,7,0,141,4,279,7,217,0,109,4,10,0,35,1,83,0,46,0,75,0,228,0,0,0,0
81,0,77,30,28,78,50,35,51,39,29,293,0,157,19,129,127,25,0,111,14,12,271,26,163,0,0,115,0,253,2,33,0,153,0,0,0,164,0,387,0,88,0,0,0,0,0,32,0,0,0,1,0,0,0,3,0,2,0,4,0,159,19,75,0,8,0,3,0,0,0,0,0,0,0,0,0,0,0,0,0,0,0,0,0,0,0,0,0,0,0,0,0,0,0,1,0,0,0,0,0,0,0,0,0,0,0,0,0,0,0,0,0,0,0,0,0,0,0,0,0,1,0,0,0,3,0,5,0,0,0,21,0,0,0,0,0,0,0,0,0,0,2,0,0,1,0,0,0,18,0,2,0,9,0,0,0,1,0,0,0,11,0,1,0,1,0,9,0,0,0,7,8,101,0,2,12,339,0,12,0,0,1,86,0,25,0,2,0,0,0,0,0,0,0,0,0,0,0,0,0,0,0,0,0,0,0,0,0,3,0,0,0,0,0,45,0,1,0,0,8,307,0,6,0,14,5,112,0,281,0,137,0,415,0,32,0,4,0,69,0,29,0,13,0,353,0,0,0
64,77,0,31,189,15,48,0,1,1,62,12,97,0,276,27,76,30,25,0,56,0,490,71,49,5,26,0,164,0,129,0,280,0,0,0,71,0,355,0,28,0,0,0,0,0,13,0,0,0,0,0,0,0,9,0,0,0,12,0,20,0,68,0,1,0,0,0,0,0,0,0,0,0,0,0,0,0,0,0,0,0,0,0,0,0,0,0,0,0,0,0,0,0,0,0,0,0,0,0,0,0,0,0,2,0,0,0,0,0,0,0,0,0,0,0,0,0,0,0,0,0,0,0,4,0,3,0,0,0,5,0,5,0,0,0,6,0,0,0,0,0,9,0,0,0,8,0,9,0,10,0,6,0,1,0,0,0,0,0,7,0,1,0,0,0,26,0,22,0,4,0,139,2,2,0,26,11,0,0,0,0,0,0,0,0,0,0,0,0,0,0,0,0,0,0,0,0,4,0,5,0,0,0,0,0,0,0,0,0,1,0,0,0,25,1,0,0,0,0,207,0,5,0,7,0,49,11,104,8,107,0,81,0,12,0,12,0,51,0,20,0,28,0,154,0,0,0,0
28,30,31,0,32,85,20,28,21,5,30,23,0,34,57,234,48,42,0,58,20,56,97,196,62,34,1,58,0,277,0,69,3,175,1,0,4,59,0,198,0,12,0,0,0,3,0,5,0,0,0,0,0,0,0,70,0,13,0,6,0,64,17,34,0,0,0,0,0,0,0,0,0,0,0,0,0,0,0,0,0,0,0,0,0,21,0,0,0,0,0,0,0,0,0,2,0,21,0,0,0,2,0,0,0,4,0,16,0,0,0,0,0,0,0,0,0,0,0,0,0,0,0,0,1,24,0,8,0,0,0,26,0,72,0,71,0,90,0,9,0,8,0,21,0,3,0,0,0,18,0,7,0,0,0,2,0,0,0,0,0,15,0,0,0,0,0,12,0,0,0,2,4,17,0,0,5,35,0,1,0,0,0,0,0,0,0,0,0,0,0,0,0,0,0,0,0,0,0,14,0,17,0,0,0,0,0,8,0,28,0,0,0,0,0,19,0,0,0,0,4,118,0,3,0,0,2,18,0,81,3,27,1,106,0,7,0,0,0,9,0,2,0,0,0,55,0,0,0
74,28,189,32,0,91,15,1,13,0,84,85,114,55,249,119,13,14,94,50,127,33,75,66,18,0,52,0,11,0,129,8,179,12,55,6,304,13,24,3,76,0,5,0,0,0,33,0,6,0,68,0,0,0,0,0,3,0,0,0,0,0,0,0,2,0,2,0,0,0,18,0,4,0,0,0,0,0,0,0,0,0,0,0,0,0,0,0,0,0,0,0,0,0,0,0,0,0,0,0,0,0,0,0,0,0,0,0,0,0,0,0,0,0,0,0,0,0,0,0,0,0,0,0,4,0,0,0,0,0,3,0,0,0,0,0,0,0,0,0,5,0,0,0,0,0,0,0,7,0,1,0,5,0,0,0,0,0,0,0,6,0,6,0,5,0,78,0,0,0,6,0,62,0,0,0,116,44,9,0,6,0,2,0,11,0,0,0,0,0,0,0,0,0,0,0,0,0,0,0,0,0,0,0,0,0,0,0,3,0,0,0,0,0,0,0,0,0,0,0,217,15,1,0,32,0,91,0,132,17,111,0,0,0,13,0,28,1,23,0,0,0,19,0,136,0,0,0,0
0,78,15,85,91,0,0,8,0,13,72,147,54,106,272,80,0,0,45,132,135,146,37,37,0,0,0,129,0,16,9,145,0,262,15,57,17,189,0,4,0,32,0,0,0,1,0,0,0,0,0,10,0,1,0,1,0,0,0,0,0,1,0,0,0,5,0,0,0,0,0,0,0,0,0,0,0,0,0,0,0,0,0,0,0,0,0,0,0,0,0,0,0,0,0,0,0,3,0,0,0,0,0,0,0,0,0,0,0,0,0,0,0,0,0,0,0,0,0,0,0,0,0,0,0,4,0,1,0,0,0,4,0,8,0,11,0,0,0,0,0,0,0,11,1,4,0,0,0,4,0,0,0,3,0,0,0,0,0,0,0,0,0,0,0,5,7,91,0,3,0,3,0,10,0,3,0,123,8,13,0,6,0,3,0,4,0,3,0,0,0,0,0,0,0,0,0,0,0,0,1,1,0,0,0,0,0,0,0,0,0,0,0,0,0,3,0,0,0,8,9,240,0,0,0,26,0,75,0,194,0,65,0,120,0,13,0,11,0,15,0,13,0,13,3,78,0,0,0
28,50,48,20,15,0,0,59,14,61,7,0,25,0,23,4,28,49,9,0,14,0,55,15,154,65,0,0,13,0,0,0,4,0,0,0,0,0,49,0,0,0,0,0,0,0,2,0,0,0,0,0,60,0,137,24,4,0,14,0,150,9,490,37,2,0,2,0,0,0,0,0,0,0,0,0,0,0,0,0,0,0,0,0,0,0,0,0,0,0,0,0,0,0,0,0,0,0,0,0,0,0,0,0,0,0,0,0,0,0,0,0,0,0,0,0,0,0,0,0,0,0,0,0,0,0,0,0,2,0,14,0,2,0,0,0,0,0,0,0,0,0,0,0,0,0,5,0,0,0,0,0,0,0,0,0,0,0,0,0,6,0,0,0,0,0,6,0,22,0,101,0,102,0,0,0,19,34,0,0,0,0,0,12,0,0,0,0,0,0,0,0,0,0,0,0,0,0,0,0,0,0,0,0,0,0,0,0,1,0,0,0,5,0,131,0,0,0,18,0,336,0,43,0,44,0,93,2,220,11,69,0,128,5,14,0,11,0,210,0,94,0,56,0,316,0,0,0,0
8,35,0,28,1,8,59,0,143,8,0,7,0,17,0,21,19,7,0,6,1,27,12,18,120,178,0,16,0,61,0,8,0,11,0,0,0,10,1,83,0,0,0,3,0,8,0,3,0,0,0,6,10,6,0,90,0,11,0,25,4,97,68,259,0,3,0,0,0,0,0,0,0,0,0,0,0,0,0,0,0,0,0,0,0,0,0,0,0,0,0,0,0,0,0,0,0,1,0,0,0,0,0,0,0,0,0,0,0,0,0,0,0,0,0,0,0,0,0,0,0,0,0,0,0,0,0,4,0,2,0,16,0,10,0,6,0,13,0,2,0,0,0,5,0,0,0,0,0,7,0,0,0,1,0,3,0,0,0,1,0,11,0,0,0,2,0,2,0,2,0,6,2,39,0,1,0,30,0,0,0,0,0,10,5,0,0,0,0,0,0,0,0,0,0,0,0,0,0,4,0,0,0,0,0,0,0,0,0,6,0,3,0,0,0,115,0,0,0,5,0,199,0,9,0,15,0,9,0,174,0,16,0,276,0,21,0,2,0,18,0,3,0,6,0,172,0,0,0
31,51,1,21,13,0,14,143,0,149,20,0,22,0,16,4,19,92,7,0,0,0,5,13,14,176,5,0,5,0,0,0,5,0,0,0,4,0,23,3,10,0,0,0,0,0,5,0,6,0,0,0,38,19,24,133,6,8,67,25,184,0,351,51,32,0,97,54,0,0,1,0,0,0,0,0,0,0,0,0,0,0,0,0,0,0,0,0,0,0,0,0,0,0,0,0,0,0,0,0,0,0,0,0,0,0,0,0,0,0,0,0,0,0,0,0,0,0,0,0,0,0,0,0,25,0,2,0,0,0,48,0,0,0,2,0,0,0,0,0,0,0,0,0,0,0,45,0,38,0,6,0,6,0,0,0,0,0,0,0,40,0,3,0,0,0,0,0,15,0,63,0,83,0,43,0,299,95,0,0,0,0,12,21,26,0,0,0,0,0,0,0,0,0,0,0,0,0,0,0,0,0,0,0,0,0,0,0,2,0,0,0,3,0,94,6,0,0,11,0,182,0,21,3,24,0,87,0,188,0,53,0,102,0,15,1,6,0,208,0,83,0,54,0,265,4,0,0,0
0,39,1,5,0,13,61,8,149,0,0,12,0,8,1,19,13,7,0,19,0,0,0,2,139,47,0,15,0,0,0,0,0,6,0,0,0,7,0,14,0,9,0,3,0,7,0,0,0,0,0,3,46,62,95,46,0,20,27,52,5,143,99,283,0,61,18,138,0,0,0,0,0,0,0,0,0,0,0,0,0,0,0,0,0,0,0,0,0,0,0,0,0,0,0,0,0,0,0,0,0,0,0,0,0,0,0,0,0,0,0,0,0,0,0,0,0,0,0,0,0,0,0,0,0,16,0,2,0,0,0,32,0,5,0,4,0,9,0,0,0,0,0,0,0,0,0,9,0,53,0,7,0,0,0,6,0,17,0,0,0,15,0,2,0,0,0,0,0,0,0,5,0,34,2,2,8,234,0,0,0,0,0,50,0,51,0,0,0,0,0,0,0,0,0,0,0,0,0,0,0,0,0,0,0,0,0,0,0,2,0,0,0,0,0,150,0,1,0,2,0,188,0,0,0,10,0,49,0,226,0,17,0,281,0,22,0,0,0,66,0,6,0,2,0,278,0,0,0
75,29,62,30,84,72,7,0,20,0,0,49,190,0,92,77,4,2,21,5,36,7,7,59,0,0,35,0,4,1,106,0,174,9,9,0,221,5,4,0,93,0,2,1,0,0,23,0,41,0,5,0,1,0,0,0,1,0,0,0,0,0,0,0,3,0,2,0,0,0,0,0,0,0,0,0,0,0,0,0,0,0,0,0,0,0,0,0,0,0,0,0,0,0,0,0,0,0,0,0,0,0,0,0,0,0,0,0,0,0,0,0,0,0,0,0,0,0,0,0,0,0,0,0,1,0,0,0,0,0,4,0,0,0,0,0,0,0,0,0,0,0,0,0,0,0,5,0,3,0,4,0,3,0,1,0,0,0,0,0,6,0,1,0,0,0,100,1,20,0,0,0,39,0,2,0,83,22,14,0,6,0,0,0,8,0,3,0,0,0,0,0,0,0,0,0,0,0,0,0,0,0,0,0,0,0,0,0,3,0,0,0,0,0,6,0,0,0,4,0,151,10,3,1,6,0,76,11,80,10,88,0,49,0,8,0,25,0,10,0,7,0,28,0,125,2,0,0,0
7,293,12,23,85,147,0,7,0,12,49,0,34,459,262,26,4,5,52,41,131,51,31,35,0,0,17,132,0,14,11,59,3,177,16,37,14,122,0,15,0,179,0,4,0,0,0,54,0,7,0,5,0,0,0,1,0,0,0,0,0,0,1,0,0,0,0,0,0,0,0,0,0,1,0,0,0,0,0,0,0,0,0,0,0,0,0,0,0,0,0,0,0,0,0,0,0,0,0,0,0,0,0,0,0,0,0,0,0,0,0,0,0,0,0,0,0,0,0,0,0,0,0,0,0,0,0,0,0,0,0,12,0,0,0,1,0,1,0,0,0,0,0,0,0,0,0,1,0,8,0,4,0,9,0,1,0,0,0,0,0,0,0,0,0,0,0,38,0,2,0,0,0,9,0,4,0,279,1,47,0,23,0,10,0,19,0,7,0,0,0,0,0,0,0,0,0,0,0,0,0,0,0,0,0,0,0,0,0,1,0,0,0,0,0,2,0,0,0,8,9,177,0,0,0,23,0,101,4,127,0,85,0,135,0,22,0,0,0,16,0,8,0,12,0,108,0,0,0
153,0,97,0,114,54,25,0,22,0,190,34,0,281,49,65,5,0,155,139,44,44,0,2,0,0,92,296,0,0,12,0,9,1,113,10,43,20,0,0,191,56,97,17,20,3,55,40,84,0,222,15,0,0,0,0,0,0,0,0,3,0,6,0,0,0,0,0,0,0,0,0,0,0,0,0,0,0,0,0,0,0,0,0,0,0,3,0,0,0,0,0,0,0,0,0,0,0,0,0,0,0,0,0,0,0,0,0,0,0,0,0,0,0,0,0,0,0,0,0,0,0,0,0,0,0,1,0,0,0,0,0,0,0,0,0,0,0,0,0,0,0,2,0,0,0,4,0,5,0,0,0,2,0,0,0,0,0,0,0,1,0,0,0,12,0,14,0,14,0,0,0,6,0,0,0,163,57,54,0,7,0,2,0,3,0,42,3,0,0,0,0,0,0,0,0,0,0,0,0,0,0,0,0,0,0,0,0,0,0,0,0,0,0,0,0,0,0,31,7,31,17,1,0,133,13,33,0,44,19,16,1,7,0,2,0,5,0,4,0,0,0,6,0,22,0,0,0,0
0,157,0,34,55,106,0,17,0,8,0,459,281,0,17,4,0,0,166,89,85,51,1,0,0,0,340,156,0,0,0,8,0,0,28,144,16,121,0,0,97,305,39,156,19,20,52,115,6,29,54,81,0,0,0,0,0,0,0,0,0,0,0,0,0,3,0,0,0,0,0,0,0,0,0,0,0,0,0,0,0,0,0,0,0,0,0,0,0,0,0,0,0,0,0,0,0,0,0,0,0,0,0,0,0,0,0,0,0,0,0,0,0,0,0,0,0,0,0,0,0,0,0,0,0,0,0,0,0,0,0,3,0,0,0,0,0,0,0,0,0,0,0,0,0,2,0,0,0,5,0,2,0,10,0,0,0,0,0,0,0,0,0,0,0,6,0,9,0,0,0,1,0,2,0,7,5,288,10,3,0,7,0,5,0,11,5,95,0,0,0,0,0,0,0,0,0,0,0,0,0,0,0,0,0,0,0,0,0,1,0,0,0,0,0,0,0,0,35,63,3,22,1,7,0,164,1,7,0,65,0,12,0,10,0,0,0,0,0,0,0,0,0,1,0,7,0,0,0
52,19,276,57,249,272,23,0,16,1,92,262,49,17,0,357,27,4,197,40,161,44,242,128,86,0,140,0,0,0,35,18,40,29,11,6,114,14,0,0,29,4,1,0,0,0,22,0,0,0,4,0,18,0,0,0,0,0,0,0,19,0,8,0,3,0,2,0,0,0,9,0,0,0,0,0,0,0,0,0,0,0,0,0,0,0,0,0,0,0,0,0,0,0,0,0,0,0,0,0,0,0,0,0,0,0,0,0,0,0,0,0,0,0,0,0,0,0,0,0,0,0,1,0,5,0,3,0,0,0,8,0,0,0,11,0,18,0,0,0,0,0,28,0,0,0,21,0,29,0,9,0,9,0,2,0,0,0,0,0,4,0,0,0,0,0,40,3,0,1,0,0,9,1,6,0,66,72,5,0,12,0,1,0,26,0,0,0,0,0,0,0,0,0,0,0,0,0,6,0,0,0,0,0,4,0,0,0,0,0,0,0,0,0,0,0,1,0,0,0,41,52,0,1,4,0,46,26,40,32,17,12,22,0,0,0,8,0,8,0,6,0,11,0,36,0,0,0,0
45,129,27,234,119,80,4,21,4,19,77,26,65,4,357,0,32,78,58,131,186,95,97,243,17,43,12,106,1,10,8,36,0,46,11,20,23,29,3,14,0,0,2,1,0,0,0,0,0,0,4,0,0,0,0,44,0,0,0,10,0,0,4,18,0,10,0,0,0,0,0,0,0,0,0,0,0,0,0,0,0,16,0,5,0,51,0,0,0,0,0,26,0,0,0,4,0,30,0,49,0,0,0,0,0,0,0,23,0,0,0,0,0,0,0,0,0,0,0,0,0,0,0,0,0,21,0,5,0,0,0,23,0,74,0,106,0,98,0,16,0,0,0,19,0,4,0,0,0,19,0,0,0,0,0,0,0,0,0,0,0,0,0,0,0,0,0,3,0,0,0,0,0,4,0,0,3,31,0,5,0,0,0,11,1,15,0,0,0,0,0,0,0,0,0,0,0,0,0,0,0,21,0,0,0,0,0,8,0,17,0,0,0,0,0,0,0,0,0,0,7,26,0,0,0,0,4,30,7,30,6,12,0,28,0,2,0,0,0,2,0,0,0,0,4,14,0,0,0
70,127,76,48,13,0,28,19,19,13,4,4,5,0,27,32,0,108,85,0,430,0,84,109,84,35,126,0,189,0,101,0,116,0,35,0,16,5,136,17,0,0,12,0,0,0,0,0,0,0,20,0,80,0,6,1,0,0,0,0,3,9,259,18,0,0,0,0,0,0,103,0,4,0,21,0,0,0,0,0,68,0,0,0,265,0,73,0,0,0,206,0,0,0,6,0,426,0,347,0,21,0,0,0,0,0,238,0,0,0,0,0,0,0,0,0,0,0,0,0,93,0,72,0,0,0,0,0,3,0,2,0,10,0,17,0,80,0,48,1,34,0,212,0,30,0,0,0,3,0,8,0,0,0,34,0,0,0,13,0,6,0,0,0,0,0,10,0,8,0,0,0,38,0,0,0,9,7,1,0,3,0,4,0,2,0,0,0,0,0,0,0,0,0,0,0,0,0,5,0,140,0,0,0,0,0,0,0,12,0,0,0,0,0,0,0,0,0,0,0,53,0,3,0,0,0,88,9,53,11,8,0,14,9,0,0,0,0,3,1,2,0,0,0,16,4,0,0,0
82,25,30,42,14,0,49,7,92,7,2,5,0,0,4,78,108,0,0,13,0,165,197,162,197,66,0,16,0,209,0,41,0,10,0,3,0,5,8,56,0,0,0,0,0,0,0,0,0,0,0,1,0,28,5,24,0,23,0,0,2,0,42,141,0,0,0,0,0,0,0,0,0,0,0,0,0,0,0,1,0,32,0,0,0,85,0,0,0,0,0,29,0,0,0,0,1,62,0,56,0,5,0,0,0,0,0,18,0,0,0,0,0,0,0,0,0,0,0,0,0,13,0,3,0,13,0,0,0,15,0,0,0,39,0,94,0,74,0,28,0,20,2,45,0,0,0,0,0,0,1,0,0,0,0,34,0,0,0,14,0,0,0,0,0,0,0,3,0,0,0,0,4,2,0,0,0,24,0,0,0,0,4,7,2,0,0,0,0,0,0,0,0,0,0,0,0,0,0,10,0,30,0,0,0,0,0,0,0,7,0,0,0,0,0,0,0,0,0,0,0,8,0,0,0,1,5,9,5,4,0,0,0,0,0,0,0,0,0,0,0,0,0,0,0,3,0,0,0
13,0,25,0,94,45,9,0,7,0,21,52,155,166,197,58,85,0,0,116,173,43,189,0,39,0,129,116,9,0,4,1,0,0,129,16,47,30,0,0,46,0,16,12,0,0,31,0,0,0,182,5,0,0,0,0,0,0,0,0,0,0,24,0,0,0,0,0,0,0,8,0,0,0,0,0,0,0,0,0,0,0,0,0,0,0,2,0,0,0,0,0,0,0,0,0,0,0,0,0,0,0,0,0,0,0,0,0,0,0,0,0,0,0,0,0,0,0,0,0,0,0,0,0,0,0,0,0,0,0,0,0,0,0,0,0,16,0,0,0,8,0,0,0,0,0,0,0,0,0,0,0,0,0,0,0,0,0,0,0,4,0,0,0,2,1,0,0,0,1,0,0,1,0,0,0,46,20,22,0,0,0,0,0,6,0,2,0,0,0,0,0,0,0,0,0,0,0,0,0,25,0,0,0,0,0,0,0,0,0,0,0,0,0,0,0,0,0,0,3,25,0,0,0,53,20,19,3,14,0,0,0,4,5,0,0,3,0,4,0,1,0,4,0,13,0,0,0,0
0,111,0,58,50,132,0,6,0,19,5,41,139,89,40,131,0,13,116,0,85,176,0,33,0,3,86,179,0,0,0,14,0,5,13,172,14,85,0,0,12,42,8,37,0,2,7,18,0,0,25,63,0,0,0,3,0,0,0,0,0,0,0,4,0,13,0,4,0,0,0,0,0,0,0,0,0,0,0,0,0,8,0,0,0,16,0,0,0,0,0,0,0,0,0,0,0,0,0,7,0,0,0,0,0,0,0,0,0,0,0,0,0,0,0,0,0,0,0,0,0,0,0,0,0,3,0,0,0,0,0,15,0,0,0,0,0,0,0,2,0,3,0,0,0,3,0,2,0,12,0,4,0,2,0,0,0,0,0,0,0,4,0,0,0,2,0,10,0,0,0,1,0,7,0,0,3,48,7,2,0,0,0,4,0,13,1,16,0,0,0,0,0,0,0,0,0,0,0,0,0,0,0,0,0,0,0,0,0,3,0,0,0,0,0,0,0,0,4,11,0,18,0,0,4,67,0,11,0,52,0,9,0,17,0,3,0,0,0,0,0,0,0,0,0,6,0,0,0
9,14,56,20,127,135,14,1,0,0,36,131,44,85,161,186,430,0,173,85,0,49,60,63,38,0,176,55,41,0,138,13,54,12,86,14,53,0,0,0,2,0,16,3,12,0,0,0,0,0,29,0,0,0,0,0,3,0,1,0,1,0,162,0,0,0,0,0,0,0,106,0,0,0,12,0,0,0,6,0,39,0,0,0,42,0,42,0,0,0,83,0,0,0,5,0,114,0,205,0,13,0,0,0,0,0,122,0,0,0,0,0,0,0,0,0,0,0,0,0,55,0,0,0,0,0,0,0,0,0,0,0,0,0,0,0,28,0,8,0,22,0,0,0,70,0,5,0,6,0,2,0,0,0,0,0,0,0,0,0,0,0,8,0,0,0,33,0,24,0,4,0,21,1,4,1,17,23,19,0,0,0,0,0,0,0,0,0,0,0,0,0,0,0,0,0,0,0,0,0,0,0,0,0,0,0,0,0,10,0,0,0,0,0,4,0,0,0,0,0,117,20,4,0,36,10,102,12,77,0,68,0,0,0,6,0,31,0,10,0,9,0,24,0,91,0,0,0,0
0,12,0,56,33,146,0,27,0,0,7,51,44,51,44,95,0,165,43,176,49,0,0,292,0,19,40,189,0,51,0,72,0,41,12,59,6,38,0,3,6,0,0,39,0,4,0,0,0,0,7,9,0,3,0,11,0,0,0,0,0,0,0,59,0,0,0,0,0,0,0,16,0,0,0,0,0,0,0,8,0,95,0,0,0,125,0,95,0,0,0,31,0,0,0,8,0,32,0,113,0,0,0,0,0,0,0,0,0,0,0,0,0,0,0,0,0,0,0,0,0,140,0,55,0,3,0,0,0,0,0,4,0,24,0,88,0,97,0,81,0,111,0,159,0,98,0,0,0,0,0,0,0,0,0,14,0,2,0,20,0,1,0,0,2,4,0,17,0,0,0,0,0,0,1,0,0,17,0,3,0,0,0,0,0,0,0,6,0,0,0,0,0,0,0,0,0,0,0,0,0,0,0,0,0,0,0,0,0,0,0,0,0,0,0,0,0,0,1,25,0,57,0,0,0,75,0,47,0,54,0,32,0,42,0,7,0,2,0,5,0,1,0,2,0,45,0,0,0
93,271,490,97,75,37,55,12,5,0,7,31,0,1,242,97,84,197,189,0,60,0,0,284,129,46,98,0,16,15,33,0,22,12,4,0,13,17,21,33,0,0,0,0,5,0,0,0,1,0,4,0,0,0,27,0,12,0,0,0,1,18,29,18,0,0,0,0,0,0,0,0,0,0,0,0,0,0,0,0,0,0,0,0,61,0,4,0,0,0,30,0,0,0,0,0,98,0,28,0,0,0,0,0,0,0,60,0,0,0,0,0,0,0,0,0,0,0,0,0,0,0,11,3,0,0,0,0,0,0,0,0,0,0,42,0,123,0,0,0,8,0,130,0,0,1,9,0,8,0,15,0,7,0,7,0,0,0,0,0,3,0,0,0,0,0,5,0,0,0,1,2,24,13,6,0,18,32,0,0,11,0,2,0,7,0,0,0,0,0,0,0,0,0,0,0,0,0,0,0,109,0,0,0,0,0,0,0,20,0,0,0,0,0,0,0,0,0,0,0,28,25,0,0,0,1,98,18,58,22,0,4,20,10,0,0,0,0,5,0,1,0,0,0,23,8,0,0,0
80,26,71,196,66,37,15,18,13,2,59,35,2,0,128,243,109,162,0,33,63,292,284,0,45,15,0,47,0,44,3,82,10,65,0,17,0,0,6,12,0,0,1,4,0,0,0,0,0,0,0,0,0,4,1,36,0,14,0,0,0,6,6,61,0,0,0,0,0,0,0,0,0,0,0,0,0,0,0,0,0,40,0,0,0,100,0,0,0,0,0,40,0,0,0,8,1,68,3,89,0,0,0,0,0,7,0,24,0,0,0,0,0,0,0,0,0,0,0,0,0,24,0,0,0,0,0,2,0,0,0,4,0,63,0,68,0,89,0,20,0,23,0,39,0,4,0,0,0,0,0,0,0,0,0,3,0,0,0,0,0,0,0,0,0,0,0,6,0,0,0,0,10,2,0,0,9,36,0,5,0,0,2,0,0,2,0,0,0,0,0,0,0,0,0,0,0,0,0,0,0,0,0,0,0,0,0,2,0,8,0,0,0,0,0,0,0,0,0,0,5,23,0,0,0,0,6,43,0,17,0,11,0,21,0,0,1,1,0,3,0,0,0,0,3,0,0,0,0
10,163,49,62,18,0,154,120,14,139,0,0,0,0,86,17,84,197,39,0,38,0,129,45,0,175,30,0,10,3,13,0,0,0,9,0,3,0,14,6,0,0,0,0,0,0,0,0,1,0,11,0,90,16,123,37,63,0,24,5,25,25,296,108,0,0,1,0,0,0,1,0,0,0,3,0,0,0,0,0,0,0,0,0,31,0,0,0,0,0,0,0,0,0,0,0,42,0,0,0,0,0,0,0,3,0,38,0,0,0,0,0,0,0,0,0,0,0,0,0,0,0,0,0,18,0,11,0,12,0,13,0,28,0,69,0,120,0,0,0,8,0,179,0,0,0,25,0,2,0,31,1,6,0,24,2,0,0,11,0,30,0,0,0,0,0,0,0,7,0,28,1,31,0,6,0,8,39,0,0,0,0,0,7,0,0,0,0,0,0,0,0,0,0,0,0,3,0,11,0,75,0,0,0,0,0,15,0,30,0,0,0,2,0,33,0,0,0,6,0,106,8,13,0,6,0,24,5,73,18,7,0,41,10,7,0,0,0,32,0,6,0,4,0,53,0,0,0,0
17,0,5,34,0,0,65,178,176,47,0,0,0,0,0,43,35,66,0,3,0,19,46,15,175,0,0,0,0,37,0,6,0,4,0,0,0,0,3,9,0,0,0,0,0,4,0,0,0,0,0,3,29,25,36,70,0,19,12,7,9,13,123,280,0,0,0,3,0,0,0,0,0,0,0,0,0,0,0,0,0,0,0,0,0,3,0,0,0,0,0,5,0,0,0,0,0,6,2,8,0,0,0,0,0,1,0,5,0,0,0,0,0,0,0,0,0,0,0,0,0,0,0,0,0,21,0,0,0,12,0,17,0,56,2,35,0,62,0,8,0,4,0,12,0,0,0,0,0,0,0,0,0,0,0,3,0,2,0,1,0,5,0,2,0,0,0,0,0,0,0,1,5,3,1,0,0,24,0,0,0,0,1,0,8,3,0,0,0,0,0,0,0,0,0,0,0,0,0,0,0,7,0,0,0,0,0,1,0,2,0,0,0,0,0,6,0,0,0,0,0,17,0,4,0,3,0,0,0,22,0,0,0,10,0,0,0,0,0,1,0,0,1,0,0,1,0,0,0
25,0,26,1,52,0,0,0,5,0,35,17,92,340,140,12,126,0,129,86,176,40,98,0,30,0,0,294,14,0,0,0,0,0,37,0,61,16,0,0,78,151,94,29,153,2,79,75,42,0,178,8,0,0,0,0,0,0,0,0,0,0,30,0,4,0,0,0,0,0,33,0,0,0,0,0,3,0,0,0,0,0,0,0,0,0,0,0,0,0,26,0,0,0,0,0,0,0,0,0,0,0,0,0,0,0,0,0,0,0,0,0,0,0,0,0,0,0,0,0,0,0,0,0,0,0,0,0,0,0,3,0,0,0,0,0,30,0,0,0,0,0,0,0,0,0,11,0,7,0,0,0,5,0,0,0,0,0,0,0,0,0,9,0,36,0,13,0,0,0,5,0,6,0,0,1,6,26,10,0,6,0,1,0,8,0,10,9,0,0,0,0,0,0,0,0,0,0,0,0,0,0,0,0,0,0,0,0,6,0,0,0,0,0,0,0,0,0,207,19,34,0,32,1,259,0,25,0,22,0,0,0,0,0,0,0,0,0,2,0,0,0,10,0,0,0,0,0,0
0,115,0,58,0,129,0,16,0,15,0,132,296,156,0,106,0,16,116,179,55,189,0,47,0,0,294,0,0,2,0,15,0,5,23,106,6,71,0,0,167,90,38,179,21,144,78,76,10,15,43,173,0,0,0,5,0,0,0,0,0,0,0,8,0,8,0,2,0,0,0,0,0,0,0,0,0,0,0,0,0,0,0,0,0,0,0,0,0,0,0,0,0,0,0,3,0,0,0,0,0,0,0,0,0,0,0,0,0,0,0,0,0,0,0,0,0,0,0,0,0,25,0,0,0,4,0,3,0,0,0,15,0,0,0,28,0,14,0,0,0,8,0,19,0,17,0,0,0,11,0,3,0,0,0,0,0,0,0,0,0,0,0,0,2,12,0,5,0,21,0,0,0,0,0,0,0,74,7,0,0,0,0,2,0,13,7,44,0,0,0,0,0,0,0,0,0,0,0,0,0,5,0,0,0,0,0,0,0,7,0,0,0,0,0,3,0,0,59,306,0,21,1,44,3,272,1,17,0,73,0,8,0,17,0,0,0,2,0,3,0,0,0,0,0,5,0,0,0
80,0,164,0,11,0,13,0,5,0,4,0,0,0,0,1,189,0,9,0,41,0,16,0,10,0,14,0,0,0,60,0,8,0,27,0,4,0,9,0,0,0,17,0,3,0,0,0,1,0,14,0,0,0,0,0,0,0,0,0,0,0,21,0,0,0,0,0,0,0,19,0,1,0,0,0,0,0,0,0,0,0,0,0,0,0,0,0,0,0,0,0,0,0,0,0,18,0,32,0,0,0,0,0,0,0,15,0,0,0,0,0,0,0,0,0,0,0,0,0,0,0,0,0,0,0,0,0,0,0,0,0,0,0,0,0,3,0,0,0,0,0,0,0,13,0,0,0,0,0,0,0,0,0,0,0,0,0,0,0,1,0,0,0,0,0,0,0,0,0,0,0,0,0,0,0,0,0,0,0,0,0,0,0,1,0,0,0,0,0,0,0,0,0,0,0,0,0,0,0,0,0,0,0,0,0,0,0,0,0,0,0,0,0,0,0,0,0,0,0,0,0,0,0,0,0,4,0,0,0,3,0,1,0,0,0,0,0,1,0,0,0,0,0,0,0,0,0,0
1,253,0,277,0,16,0,61,0,0,1,14,0,0,0,10,0,209,0,0,0,51,15,44,3,37,0,2,0,0,0,25,0,15,0,6,0,7,0,3,0,0,0,1,0,1,0,0,0,0,0,5,0,5,0,0,0,3,0,1,0,5,0,15,0,4,0,0,0,0,0,3,0,0,0,0,0,0,0,0,0,9,0,0,0,16,0,6,0,0,0,1,0,0,0,0,0,10,0,9,0,0,0,0,0,0,0,5,0,0,0,0,0,0,0,0,0,0,0,0,0,3,0,2,0,0,0,0,0,0,0,0,0,0,0,23,0,31,0,29,0,13,0,29,0,0,0,3,0,3,0,0,0,0,0,13,0,2,0,5,0,0,0,0,0,0,0,0,0,0,0,0,1,0,0,0,0,16,0,0,0,0,0,9,0,0,0,0,0,0,0,0,0,0,0,0,0,0,0,0,0,0,0,0,0,0,0,0,0,0,0,0,0,0,0,1,0,0,0,0,0,0,0,0,0,0,0,3,0,2,0,1,0,0,0,0,0,0,0,0,0,0,0,0,0,0,0,0,0
39,2,129,0,129,9,0,0,0,0,106,11,12,0,35,8,101,0,4,0,138,0,33,3,13,0,0,0,60,0,0,0,37,0,12,0,51,0,1,0,0,0,3,0,0,0,0,0,0,0,18,0,0,0,2,0,0,0,0,0,3,0,33,0,0,0,0,0,0,0,20,0,2,0,0,0,0,0,0,0,0,0,0,0,5,0,13,0,0,0,14,0,0,0,0,0,18,0,58,0,4,0,0,0,0,0,0,0,0,0,0,0,0,0,0,0,0,0,0,0,13,0,0,0,2,0,0,0,0,0,0,0,0,0,2,0,1,0,2,0,0,0,4,0,9,0,5,0,0,0,0,0,0,0,0,0,0,0,0,0,0,0,2,0,0,0,30,0,0,0,3,0,2,1,0,0,6,4,0,0,3,0,0,0,1,0,0,0,0,0,0,0,0,0,0,0,0,0,0,0,6,0,0,0,0,0,0,0,0,0,0,0,0,0,0,0,0,0,0,0,65,0,0,0,0,0,39,0,53,0,21,0,0,0,0,0,4,0,3,0,0,0,4,0,39,0,0,0,0
0,33,0,69,8,145,0,8,0,0,0,59,0,8,18,36,0,41,1,14,13,72,0,82,0,6,0,15,0,25,0,0,0,0,1,13,0,29,0,4,0,0,0,16,0,0,0,0,0,0,0,13,0,0,0,8,0,0,0,0,0,0,0,8,0,0,0,0,0,0,0,7,0,0,0,0,0,4,0,1,0,21,0,0,0,46,0,21,0,0,0,0,0,0,0,0,0,0,0,18,0,0,0,0,0,0,0,4,0,0,0,0,0,0,0,0,0,0,0,0,0,28,0,12,0,0,0,1,0,0,0,0,0,0,0,14,0,24,0,20,0,32,0,43,0,28,0,1,0,0,0,0,0,0,0,0,0,0,0,0,0,0,0,0,0,0,0,6,0,1,0,0,0,0,0,1,0,25,1,3,0,0,0,0,0,5,0,0,0,0,0,0,0,0,0,0,0,0,0,0,0,0,0,0,0,0,0,0,0,0,0,0,0,0,0,1,0,0,0,4,0,32,0,0,1,23,0,13,0,36,0,13,0,23,0,0,0,0,0,1,0,0,0,0,0,6,0,0,0
153,0,280,3,179,0,4,0,5,0,174,3,9,0,40,0,116,0,0,0,54,0,22,10,0,0,0,0,8,0,37,0,0,0,18,0,87,0,0,0,0,0,4,0,0,0,0,0,0,0,21,0,0,0,0,0,0,0,0,0,0,0,14,0,1,0,0,0,0,0,9,0,0,0,0,0,0,0,0,0,0,0,0,0,0,0,6,0,0,0,4,0,0,0,0,0,0,0,0,0,0,0,0,0,0,0,0,0,0,0,0,0,0,0,0,0,0,0,0,0,2,0,0,0,0,0,0,0,0,0,0,0,0,0,0,0,0,0,4,0,0,0,0,0,0,0,3,0,3,0,0,0,0,0,0,0,0,0,0,0,0,0,0,0,0,0,17,0,1,0,0,0,1,0,1,0,12,0,1,0,0,0,3,0,8,0,0,0,0,0,0,0,0,0,0,0,0,0,0,0,0,0,0,0,0,0,0,0,0,0,0,0,0,0,1,0,0,0,0,0,0,0,0,0,0,0,56,0,6,0,9,0,4,0,0,0,7,0,4,0,2,0,2,0,19,0,0,0,0
0,153,0,175,12,262,0,11,0,6,9,177,1,0,29,46,0,10,0,5,12,41,12,65,0,4,0,5,0,15,0,0,0,0,0,13,0,69,0,1,0,1,0,5,0,1,0,0,0,0,0,6,0,0,0,5,0,0,0,1,0,4,0,16,0,6,0,0,0,0,0,0,0,0,0,0,0,0,0,0,0,19,0,0,0,25,0,10,0,0,0,0,0,0,0,0,0,6,0,0,0,0,0,0,0,0,0,0,0,0,0,0,0,0,0,0,0,0,0,0,0,10,0,7,0,0,0,0,0,0,0,0,0,6,0,0,0,0,0,3,0,0,0,14,0,10,0,0,0,3,0,0,0,1,0,1,0,3,0,1,0,0,0,0,0,0,0,4,0,0,0,0,0,1,0,0,0,48,0,8,0,2,0,0,0,3,0,0,0,0,0,0,0,0,0,0,0,0,0,0,0,0,0,0,0,0,0,0,0,0,0,0,0,0,0,1,0,0,0,0,2,21,0,2,0,0,1,17,0,29,0,8,0,5,0,0,0,0,0,0,0,1,0,1,0,5,0,0,0
0,0,0,1,55,15,0,0,0,0,9,16,113,28,11,11,35,0,129,13,86,12,4,0,9,0,37,23,27,0,12,1,18,0,0,5,118,0,1,0,3,1,11,0,12,1,0,0,3,0,39,0,0,0,0,0,0,0,0,0,0,0,27,0,0,0,0,0,0,0,51,0,0,0,8,0,0,0,4,0,0,0,0,0,0,0,30,0,0,0,17,0,0,0,0,0,0,0,97,0,0,0,0,0,0,0,0,0,0,0,0,0,0,0,0,0,0,0,0,0,22,0,0,0,0,0,0,0,0,0,0,0,0,0,0,0,2,0,3,0,0,0,0,0,45,0,0,0,0,0,0,0,0,0,0,0,4,0,0,0,0,0,12,0,17,0,49,1,17,0,7,0,19,0,0,0,8,3,25,0,0,0,0,0,0,0,5,0,0,0,0,0,0,0,0,0,0,0,0,0,0,0,0,0,0,0,0,0,0,0,0,0,0,0,0,0,0,0,0,0,58,0,0,0,66,5,39,0,105,0,19,0,0,0,0,0,8,0,0,0,0,0,3,0,17,0,0,0,0
0,0,0,0,6,57,0,0,0,0,0,37,10,144,6,20,0,3,16,172,14,59,0,17,0,0,0,106,0,6,0,13,0,13,5,0,1,34,0,0,0,0,2,5,0,3,0,0,0,1,0,8,0,0,0,4,0,0,0,0,0,2,0,2,0,0,0,0,0,0,0,0,0,0,0,0,0,0,0,0,0,7,0,1,0,0,0,7,0,0,0,0,0,0,0,2,0,0,0,0,0,1,0,0,0,0,0,0,0,0,0,0,0,0,0,0,0,0,0,0,0,8,0,0,0,0,0,0,0,0,0,0,0,0,0,11,0,0,0,13,0,11,0,0,0,26,0,0,0,0,0,0,0,0,0,2,0,2,0,0,0,0,0,0,0,4,0,11,0,0,0,1,1,0,0,0,0,32,0,2,0,0,0,0,0,0,0,9,0,0,0,0,0,0,0,0,0,0,0,0,0,0,0,0,0,0,0,0,0,0,0,0,0,0,0,0,0,0,0,17,0,12,0,0,0,40,0,8,0,32,0,9,0,10,0,0,0,0,0,0,0,1,0,0,0,0,0,0,0
88,0,71,4,304,17,0,0,4,0,221,14,43,16,114,23,16,0,47,14,53,6,13,0,3,0,61,6,4,0,51,0,87,0,118,1,0,0,21,0,0,0,59,0,27,0,0,0,0,0,49,0,0,0,0,0,0,0,1,0,11,0,32,0,0,0,0,0,0,0,69,0,0,0,13,0,0,0,0,0,15,0,0,0,0,0,25,0,0,0,0,0,0,0,0,0,0,0,62,0,0,0,0,0,0,0,0,0,0,0,0,0,0,0,0,0,0,0,0,0,0,0,0,0,0,0,0,0,0,0,0,0,0,0,0,0,0,0,41,0,10,0,0,0,99,0,0,0,5,0,0,0,0,0,18,0,22,0,9,0,0,0,0,0,12,0,35,1,24,0,10,0,32,0,0,0,26,5,10,0,0,0,2,0,5,0,0,0,0,0,0,0,0,0,0,0,0,0,0,0,0,0,0,0,2,0,0,0,0,0,0,0,0,0,0,0,0,0,4,0,41,0,2,0,66,0,26,0,63,0,16,0,13,0,1,0,4,0,3,0,1,0,0,0,21,0,0,0,0
0,164,0,59,13,189,0,10,0,7,5,122,20,121,14,29,5,5,30,85,0,38,17,0,0,0,16,71,0,7,0,29,0,69,0,34,0,0,0,1,0,0,0,45,0,29,0,0,0,1,5,35,0,2,0,6,0,1,0,0,0,17,0,6,0,3,0,0,0,0,0,5,0,1,0,2,0,0,0,0,0,0,0,0,0,11,0,15,0,0,0,3,0,0,0,0,0,5,0,6,0,0,0,0,0,0,0,0,0,0,0,0,0,0,0,0,0,0,0,0,0,23,0,7,0,0,0,0,0,0,0,2,0,3,0,0,0,8,0,12,0,25,0,30,0,50,0,0,0,0,0,0,0,3,0,5,0,13,0,0,0,0,0,1,0,1,0,31,0,5,0,3,0,5,0,0,0,70,0,16,0,0,0,10,0,4,0,21,0,0,0,0,0,0,0,0,0,0,0,0,0,0,0,0,0,0,0,0,0,0,0,0,0,0,0,0,0,0,0,8,0,95,0,0,0,65,0,45,0,116,0,8,0,16,0,6,0,1,0,1,0,0,0,0,0,0,0,0,0
421,0,355,0,24,0,49,1,23,0,4,0,0,0,0,3,136,8,0,0,0,0,21,6,14,3,0,0,9,0,1,0,0,0,1,0,21,0,0,0,0,0,0,0,0,0,0,0,0,0,0,0,0,0,0,0,0,0,0,0,5,0,19,0,0,0,0,0,0,0,15,0,0,0,0,0,0,0,1,0,0,0,0,0,0,0,6,0,0,0,0,0,0,0,0,0,3,0,29,0,0,0,0,0,0,0,0,0,0,0,0,0,0,0,0,0,0,0,0,0,0,0,0,0,1,0,0,0,1,0,0,0,0,0,0,0,5,0,5,0,0,0,0,0,10,0,1,0,0,0,0,0,0,0,4,0,6,0,7,0,1,0,0,0,0,0,0,0,0,0,0,0,62,0,0,0,11,0,0,0,0,0,3,0,0,0,0,0,0,0,0,0,0,0,0,0,0,0,0,0,0,0,0,0,0,0,0,0,0,0,1,0,0,0,0,0,0,1,0,0,33,2,0,0,0,0,24,0,6,0,21,0,25,0,0,0,0,0,4,0,0,0,0,0,46,0,0,0,0
15,387,0,198,3,4,0,83,3,14,0,15,0,0,0,14,17,56,0,0,0,3,33,12,6,9,0,0,0,3,0,4,0,1,0,0,0,1,0,0,0,0,0,0,0,0,0,0,0,0,0,6,0,2,0,3,0,2,0,1,0,7,2,6,0,8,0,0,0,0,0,0,0,0,0,0,0,0,0,0,0,3,0,0,0,0,0,0,0,0,0,0,0,0,0,0,0,0,0,0,0,0,0,0,0,0,0,0,0,0,0,0,0,0,0,0,0,0,0,0,0,0,0,0,0,0,0,0,0,0,0,0,0,6,0,5,0,10,0,17,0,9,0,7,0,13,0,1,0,12,0,0,0,0,0,4,0,14,0,3,0,0,0,1,0,0,0,0,0,0,0,0,2,6,0,0,0,70,0,0,0,0,0,22,0,0,0,0,0,0,0,0,0,0,0,0,0,0,0,0,0,0,0,0,0,0,0,0,0,3,0,0,0,0,0,0,0,0,0,0,0,45,0,1,0,2,0,24,2,6,0,4,0,22,0,5,0,0,0,0,0,0,0,0,0,11,0,0,0
66,0,28,0,76,0,0,0,10,0,93,0,191,97,29,0,0,0,46,12,2,6,0,0,0,0,78,167,0,0,0,0,0,0,3,0,0,0,0,0,0,176,15,5,12,4,50,125,107,1,10,2,0,0,0,0,0,0,0,0,2,0,0,0,2,0,0,0,0,0,0,0,0,0,0,0,1,0,0,0,0,0,0,0,0,0,0,0,1,0,0,0,0,0,0,0,0,0,0,0,0,0,0,0,0,0,0,0,0,0,0,0,0,0,0,0,0,0,0,0,1,0,0,0,0,0,0,0,0,0,1,0,0,0,2,0,2,0,0,0,0,0,0,0,0,0,1,0,6,0,3,0,3,0,0,0,0,0,0,0,0,0,0,0,5,0,0,0,0,0,0,0,0,0,0,0,13,8,14,0,1,0,0,0,3,0,42,3,0,0,0,0,0,0,0,0,0,0,0,0,0,0,0,0,0,0,0,0,0,0,1,0,0,0,0,0,2,0,278,68,1,0,25,37,9,0,1,0,0,0,0,0,0,0,0,0,0,0,0,0,0,0,0,0,0,0,0,0,0
0,88,0,12,0,32,0,0,0,9,0,179,56,305,4,0,0,0,0,42,0,0,0,0,0,0,151,90,0,0,0,0,0,1,1,0,0,0,0,0,176,0,6,36,41,31,74,91,39,100,5,10,0,0,0,0,0,0,0,0,0,0,0,0,0,0,0,0,0,2,0,0,0,0,0,0,0,0,0,0,0,0,0,0,0,0,0,0,0,0,0,0,0,1,0,0,0,0,0,0,0,0,0,0,0,0,0,0,0,0,0,0,0,0,0,0,0,0,0,0,0,0,0,1,0,0,0,0,0,0,0,10,0,0,0,0,0,0,0,0,0,0,0,0,0,0,0,0,0,5,0,6,0,0,0,0,0,0,0,0,0,2,0,0,0,7,0,0,0,0,0,0,0,0,0,0,0,122,0,9,0,4,0,2,0,5,14,16,0,0,0,0,0,0,0,0,0,0,0,0,0,0,0,0,0,0,0,0,0,0,0,0,0,0,0,0,0,0,132,103,0,0,14,229,0,13,0,0,0,0,0,0,0,0,0,0,0,0,0,0,0,0,0,0,0,0,0,0,0
0,0,0,0,5,0,0,0,0,0,2,0,97,39,1,2,12,0,16,8,16,0,0,1,0,0,94,38,17,0,3,0,4,0,11,2,59,0,0,0,15,6,0,2,125,1,14,4,23,0,35,0,0,0,0,0,0,0,1,0,0,0,6,0,0,0,0,0,0,0,19,0,2,0,0,0,0,0,0,0,7,0,3,0,0,0,0,0,0,0,0,0,0,0,0,0,0,0,40,0,0,0,0,0,0,0,0,0,0,0,0,0,0,0,0,0,0,0,0,0,8,0,0,0,0,0,0,0,0,0,1,0,0,0,0,0,0,0,0,0,0,0,0,0,16,0,0,0,0,0,0,0,0,0,2,0,1,0,0,0,1,0,5,0,16,0,56,0,0,0,0,0,7,0,0,0,0,1,30,0,0,0,0,0,0,0,65,1,0,0,0,0,0,0,0,0,0,0,0,0,0,0,0,0,0,0,0,0,0,0,0,0,0,0,0,0,0,0,68,2,33,0,9,0,80,0,8,0,17,0,4,0,0,0,2,0,0,0,3,0,0,0,2,0,0,0,0,0,0
0,0,0,0,0,0,0,3,0,3,1,4,17,156,0,1,0,0,12,37,3,39,0,4,0,0,29,179,0,1,0,16,0,5,0,5,0,45,0,0,5,36,2,0,0,82,11,25,0,13,0,31,0,0,0,0,0,0,0,4,0,5,0,0,0,0,0,1,0,0,0,3,0,0,0,0,0,1,0,3,0,0,0,0,0,0,0,0,0,0,0,0,0,0,0,0,0,0,0,0,0,0,0,0,0,0,0,0,0,0,0,0,0,0,0,0,0,0,0,0,0,17,0,0,0,0,0,0,0,2,0,0,0,0,0,0,0,0,0,13,0,0,0,21,0,28,0,0,0,0,0,0,0,0,0,0,0,0,0,0,0,0,0,0,0,6,0,2,0,2,0,0,0,0,0,0,0,23,1,0,0,0,0,0,0,0,0,124,0,0,0,0,0,0,0,0,0,0,0,0,0,0,0,0,0,0,0,0,0,0,0,0,0,0,0,0,0,0,0,53,0,0,0,10,0,77,0,5,0,31,0,0,0,0,0,0,0,0,0,0,0,0,0,0,0,5,0,0,0
0,0,0,0,0,0,0,0,0,0,0,0,20,19,0,0,0,0,0,0,12,0,5,0,0,0,153,21,3,0,0,0,0,0,12,0,27,0,0,0,12,41,125,0,0,0,27,16,92,2,105,0,0,0,0,0,0,0,0,0,1,0,3,0,0,0,1,0,0,0,11,0,0,0,0,0,0,0,2,0,0,0,8,0,2,0,0,0,0,0,0,0,0,0,2,0,0,0,0,0,0,0,5,0,0,0,5,0,0,0,0,0,0,0,0,0,0,0,0,0,0,0,0,0,0,0,0,0,0,0,0,0,0,0,1,0,0,0,1,0,0,0,0,0,7,0,0,0,0,0,0,0,0,0,0,0,0,0,0,0,0,0,4,0,38,0,23,0,29,0,6,0,9,0,1,0,0,2,10,0,3,0,0,0,0,0,14,0,0,0,0,0,0,0,0,0,0,0,0,0,0,0,0,0,0,0,0,0,0,0,0,0,0,0,0,0,0,0,232,6,10,0,98,3,115,0,7,0,31,0,0,0,0,0,0,0,2,0,0,0,0,0,1,0,5,0,0,0,0
0,0,0,3,0,1,0,8,0,7,0,0,3,20,0,0,0,0,0,2,0,4,0,0,0,4,2,144,0,1,0,0,0,1,1,3,0,29,0,0,4,31,1,82,0,0,3,56,0,37,0,62,0,0,0,0,0,3,0,4,0,0,0,0,0,0,0,2,0,5,0,3,0,3,0,2,0,3,0,2,0,11,0,7,0,4,0,14,0,0,0,0,0,0,0,3,0,0,0,0,0,0,0,0,0,0,0,0,0,0,0,0,0,0,0,0,0,0,0,0,0,20,0,0,0,0,0,0,0,0,0,0,0,0,0,5,0,0,0,0,0,0,0,6,0,18,0,0,0,2,0,0,0,0,0,0,0,0,0,0,0,0,0,2,0,23,0,4,0,19,0,0,0,2,0,0,0,8,0,0,0,0,0,0,0,0,0,24,0,0,0,0,0,0,0,2,0,0,0,0,0,0,0,0,0,0,0,0,0,0,0,0,0,1,0,0,0,4,4,140,0,42,0,110,0,80,0,8,0,58,0,17,0,22,0,11,0,1,0,2,0,1,0,2,0,12,0,0,0
17,0,13,0,33,0,2,0,5,0,23,0,55,52,22,0,0,0,31,7,0,0,0,0,0,0,79,78,0,0,0,0,0,0,0,0,0,0,0,0,50,74,14,11,27,3,0,58,45,3,0,0,0,0,0,0,0,0,0,0,0,0,0,0,0,0,0,0,0,0,0,0,0,0,0,0,0,0,0,0,0,0,0,0,0,0,0,0,0,0,0,0,1,0,0,0,0,0,0,0,0,0,0,0,0,0,0,0,0,0,0,0,0,0,0,0,0,0,0,0,0,0,0,0,1,0,0,0,0,0,0,0,0,0,0,0,0,0,0,0,0,0,0,0,0,0,2,0,5,0,0,0,0,0,0,0,1,0,0,0,0,0,0,0,0,0,0,0,0,0,2,0,0,0,0,0,0,7,2,0,0,0,0,0,0,0,9,0,0,0,0,0,0,0,0,0,0,0,0,0,0,0,0,0,0,0,0,0,0,0,0,0,0,0,0,0,0,0,291,29,0,0,30,14,22,2,0,0,3,0,0,0,0,0,0,0,0,0,0,0,0,0,0,0,0,0,0,0,0
0,32,0,5,0,0,0,3,0,0,0,54,40,115,0,0,0,0,0,18,0,0,0,0,0,0,75,76,0,0,0,0,0,0,0,0,0,0,0,0,125,91,4,25,16,56,58,0,18,37,0,8,0,0,0,0,0,0,0,0,0,0,0,0,0,0,0,1,0,0,0,0,0,0,0,0,0,0,0,0,0,0,0,2,0,0,0,0,0,0,0,0,0,0,0,4,0,0,0,0,0,0,0,0,0,0,0,0,0,0,0,0,0,0,0,0,0,0,0,0,0,0,0,0,0,0,0,0,0,0,0,0,0,0,0,0,0,0,0,0,0,0,0,0,0,0,0,0,0,0,0,0,0,0,0,0,0,0,0,0,0,0,0,0,0,6,0,0,0,11,0,0,0,0,0,0,0,22,1,1,0,0,0,0,0,0,9,4,0,0,0,0,0,0,0,0,0,1,0,0,0,0,0,1,0,0,0,0,0,0,0,1,0,0,0,0,0,0,63,184,0,0,0,214,0,0,0,0,0,0,0,1,0,0,0,0,0,0,0,0,0,0,0,0,0,1,0,0,0
7,0,0,0,6,0,0,0,6,0,41,0,84,6,0,0,0,0,0,0,0,0,1,0,1,0,42,10,1,0,0,0,0,0,3,0,0,0,0,0,107,39,23,0,92,0,45,18,0,4,10,0,0,0,0,0,1,0,2,0,0,0,0,0,0,0,0,0,1,0,1,0,1,0,0,0,9,0,2,0,0,0,11,0,0,0,6,0,4,0,0,0,1,0,3,0,0,0,0,0,0,0,6,0,8,0,0,0,0,0,0,0,0,0,0,0,0,0,0,0,0,0,0,0,0,0,0,0,0,0,0,0,0,0,0,0,0,0,0,0,0,0,1,0,0,0,0,0,0,0,0,0,0,0,0,0,0,0,0,0,0,0,2,0,3,0,1,0,14,0,0,0,0,0,4,0,8,1,18,0,4,0,1,0,0,0,35,0,0,0,8,0,3,0,0,0,0,0,3,0,0,0,0,0,4,0,2,0,2,0,0,0,5,0,1,0,7,0,185,22,2,0,156,100,35,2,1,0,17,0,0,0,0,0,2,0,0,0,0,0,1,0,0,0,7,0,0,0,0
0,0,0,0,0,0,0,0,0,0,0,7,0,29,0,0,0,0,0,0,0,0,0,0,0,0,0,15,0,0,0,0,0,0,0,1,0,1,0,0,1,100,0,13,2,37,3,37,4,0,0,2,0,0,0,1,0,0,0,0,0,0,0,0,0,0,0,0,0,16,0,0,0,1,0,0,0,6,0,1,0,0,0,3,0,0,0,4,0,2,0,0,0,0,0,3,0,0,0,0,0,0,0,3,0,0,0,1,0,2,0,0,0,0,0,0,0,3,0,0,0,0,0,0,0,0,0,0,0,0,0,0,0,0,0,0,0,0,0,0,0,0,0,0,0,0,0,0,0,0,0,0,0,0,0,0,0,0,0,0,0,0,0,0,0,9,0,0,0,7,0,0,0,0,0,0,0,24,1,0,0,0,0,0,0,0,1,26,0,0,0,0,0,0,0,0,0,0,0,1,0,0,0,0,0,0,0,0,0,0,0,0,0,0,0,0,0,1,37,41,0,12,14,75,0,5,0,0,0,7,1,0,0,0,0,0,0,0,0,0,0,0,0,0,0,1,0,0,0
0,0,0,0,68,0,0,0,0,0,5,0,222,54,4,4,20,0,182,25,29,7,4,0,11,0,178,43,14,0,18,0,21,0,39,0,49,5,0,0,10,5,35,0,105,0,0,0,10,0,0,3,2,0,0,0,1,0,0,0,0,0,12,0,0,0,0,0,0,0,49,0,0,0,0,0,0,0,0,0,15,0,0,0,0,0,21,0,0,0,0,0,0,0,0,0,0,0,58,0,8,0,0,0,0,0,0,0,0,0,0,0,0,0,0,0,0,0,0,0,16,0,0,0,0,0,0,0,0,0,0,0,0,0,0,0,0,0,0,0,0,0,0,0,27,0,0,0,0,0,1,0,0,0,0,0,0,0,0,0,0,0,0,0,29,0,62,1,51,0,5,0,21,0,0,0,12,8,33,0,0,0,0,0,0,0,30,0,0,0,0,0,0,0,0,0,0,0,0,0,0,0,0,0,0,0,0,0,0,0,0,0,0,0,0,0,0,0,29,0,33,0,15,0,166,0,17,0,63,0,5,0,0,0,4,0,0,0,2,0,0,0,0,0,0,0,0,0,0
0,1,0,0,0,10,0,6,0,3,0,5,15,81,0,0,0,1,5,63,0,9,0,0,0,3,8,173,0,5,0,13,0,6,0,8,0,35,0,6,2,10,0,31,0,62,0,8,0,2,3,0,0,0,0,0,0,2,0,0,0,0,0,0,0,0,0,0,0,0,0,1,0,1,0,0,0,2,0,0,0,0,0,0,0,0,0,8,0,2,0,0,0,0,0,2,0,2,0,7,0,0,0,0,0,0,0,1,0,0,0,0,0,0,0,0,0,0,0,0,0,15,0,4,0,0,0,0,0,0,0,0,0,0,0,0,0,0,0,0,0,12,0,14,0,24,0,0,0,0,0,0,0,0,0,4,0,3,0,0,0,0,0,0,0,5,0,0,0,7,0,1,0,0,0,0,0,22,1,0,0,0,0,0,0,0,0,63,0,0,0,0,0,0,0,0,0,0,0,0,0,0,0,0,0,0,0,0,0,0,0,0,0,0,0,0,0,0,3,11,0,25,0,3,0,33,0,11,0,28,0,7,0,13,0,0,0,0,0,0,0,0,0,0,0,16,0,0,0
2,0,0,0,0,0,60,10,38,46,1,0,0,0,18,0,80,0,0,0,0,0,0,0,90,29,0,0,0,0,0,0,0,0,0,0,0,0,0,0,0,0,0,0,0,0,0,0,0,0,2,0,0,12,174,77,91,24,83,42,37,3,59,18,5,0,64,93,0,0,20,0,1,0,0,0,0,0,0,0,0,2,0,0,30,0,10,0,0,0,10,0,0,0,0,0,48,0,33,0,0,0,0,0,0,0,19,0,0,0,0,0,0,0,0,0,0,0,0,0,18,0,17,0,1,0,0,0,27,0,9,0,24,0,11,0,75,0,160,0,30,8,99,0,50,0,2,0,4,1,0,0,0,0,279,0,96,8,126,2,62,0,7,0,0,0,0,0,9,0,37,0,0,0,0,0,0,2,0,0,0,1,0,0,2,12,0,0,0,0,0,0,0,0,0,0,0,0,0,0,17,0,0,0,0,0,0,0,3,0,0,0,7,0,164,6,0,0,5,0,172,5,22,0,27,0,142,1,166,10,5,0,112,5,24,0,2,0,131,1,15,0,29,0,236,2,0,0,0
0,0,0,0,0,1,0,6,19,62,0,0,0,0,0,0,0,28,0,0,0,3,0,4,16,25,0,0,0,5,0,0,0,0,0,0,0,2,0,2,0,0,0,0,0,0,0,0,0,0,0,0,12,0,40,65,2,85,29,41,0,19,8,85,1,0,11,35,0,0,0,0,0,1,0,0,0,0,0,0,0,0,0,0,0,15,0,3,0,0,0,0,0,0,0,0,0,18,0,19,0,0,0,0,0,0,0,0,0,0,0,0,0,0,0,0,0,0,0,0,0,3,0,6,0,0,0,3,0,16,0,7,0,47,0,52,0,98,0,98,0,42,0,43,0,38,0,0,0,0,1,0,0,0,4,137,0,51,1,116,0,20,0,0,0,0,0,0,0,2,0,5,0,1,0,0,0,50,0,0,0,0,0,2,3,21,0,0,0,0,0,0,0,0,0,0,0,0,0,4,0,8,0,0,0,0,0,0,0,0,0,0,0,0,0,24,0,0,0,0,0,65,0,0,0,0,0,5,0,34,0,0,0,43,0,8,0,0,0,3,0,0,0,0,0,15,0,0,0
0,0,9,0,0,0,137,0,24,95,0,0,0,0,0,0,6,5,0,0,0,0,27,1,123,36,0,0,0,0,2,0,0,0,0,0,0,0,0,0,0,0,0,0,0,0,0,0,0,0,0,0,174,40,0,160,43,23,125,54,25,5,27,42,3,0,73,166,0,0,0,0,1,0,0,0,0,0,0,0,0,0,0,0,4,0,0,0,0,0,1,0,0,0,1,0,4,0,0,0,0,0,0,0,0,0,0,0,0,0,0,0,0,0,0,0,0,0,0,0,0,0,0,0,5,0,6,0,9,0,26,0,11,0,13,0,20,0,2,0,1,0,43,0,0,2,12,0,0,0,4,0,0,0,41,3,19,0,10,0,91,0,0,0,0,0,0,0,14,0,27,0,3,0,0,0,8,22,0,0,0,0,0,0,0,22,0,0,0,0,0,0,0,0,0,0,0,0,0,0,16,0,0,0,0,0,0,0,8,0,0,0,7,0,124,0,0,0,0,0,108,4,25,0,19,0,70,0,134,0,5,0,39,6,14,0,0,0,47,0,5,0,13,0,138,0,0,0,0
0,3,0,70,0,1,24,90,133,46,0,1,0,0,0,44,1,24,0,3,0,11,0,36,37,70,0,5,0,0,0,8,0,5,0,4,0,6,0,3,0,0,0,0,0,0,0,0,0,1,0,0,77,65,160,0,18,133,123,34,0,27,29,88,0,5,140,12,0,0,0,0,0,0,0,0,0,0,0,0,0,0,0,0,0,0,0,0,0,0,0,0,0,0,0,1,0,0,0,2,0,0,0,0,0,0,0,0,0,0,0,0,0,1,0,0,0,0,0,0,0,0,0,0,1,24,0,0,0,17,0,30,0,29,0,19,0,28,0,5,0,3,0,12,0,1,0,2,0,4,0,0,0,2,0,40,0,31,0,24,0,46,0,1,0,0,0,0,0,7,1,29,0,8,0,0,8,43,0,0,0,0,0,0,19,27,0,0,0,0,0,0,0,0,0,0,0,0,0,3,0,6,0,0,0,0,0,0,0,3,0,0,0,0,0,126,0,0,0,2,0,203,0,46,0,11,0,9,5,287,0,0,0,223,0,49,0,2,0,6,0,0,0,2,1,78,0,0,0
0,0,0,0,3,0,4,0,6,0,1,0,0,0,0,0,0,0,0,0,3,0,12,0,63,0,0,0,0,0,0,0,0,0,0,0,0,0,0,0,0,0,0,0,0,0,0,0,1,0,1,0,91,2,43,18,0,12,287,26,9,1,3,0,34,0,93,75,0,0,1,0,2,0,0,0,0,0,0,0,0,0,0,0,0,0,0,0,0,0,0,0,0,0,0,0,0,0,0,0,0,0,0,0,0,0,0,0,0,0,0,0,0,0,0,0,0,0,0,0,0,0,0,0,11,0,0,0,13,0,35,0,9,0,2,0,7,0,0,6,1,0,0,0,10,7,5,0,4,0,5,0,1,0,139,24,28,0,65,13,309,0,19,0,0,0,3,0,25,0,0,0,6,0,0,0,4,0,0,0,11,6,0,0,6,13,0,0,0,0,0,0,0,0,0,0,0,0,0,0,0,0,0,0,0,0,0,0,0,0,0,0,23,0,366,0,0,0,12,0,318,0,81,0,81,0,62,0,342,0,0,0,323,0,214,0,1,0,132,0,10,0,25,0,398,0,0,0,0
0,2,0,13,0,0,0,11,8,20,0,0,0,0,0,0,0,23,0,0,0,0,0,14,0,19,0,0,0,3,0,0,0,0,0,0,0,1,0,2,0,0,0,0,0,3,0,0,0,0,0,2,24,85,23,133,12,0,86,160,1,19,3,15,0,17,84,25,0,0,0,0,0,0,0,0,0,0,0,0,0,0,0,0,0,0,0,2,0,0,0,0,0,0,0,0,0,0,0,0,0,0,0,0,0,0,0,0,0,0,0,0,0,0,0,0,0,0,0,0,0,0,0,0,0,31,0,6,0,25,0,106,0,31,0,5,0,32,0,3,0,0,0,10,2,0,0,2,0,6,0,5,0,0,9,312,0,51,0,124,7,97,0,0,0,1,0,1,0,20,0,105,0,1,0,0,0,3,0,0,0,0,0,0,3,10,0,0,0,0,0,0,0,0,0,0,0,0,0,0,0,7,0,0,0,0,0,0,0,5,0,1,0,0,0,190,0,0,0,7,0,256,0,43,0,31,0,37,0,528,0,0,0,318,0,270,0,1,0,20,0,4,0,4,1,106,0,0,0
0,0,12,0,0,0,14,0,67,27,0,0,0,0,0,0,0,0,0,0,1,0,0,0,24,12,0,0,0,0,0,0,0,0,0,0,1,0,0,0,0,0,1,0,0,0,0,0,2,0,0,0,83,29,125,123,287,86,0,93,84,0,14,11,177,23,403,228,0,0,0,0,0,0,0,0,0,0,0,0,0,0,0,0,0,0,0,0,0,0,0,0,0,0,0,0,0,0,0,0,0,0,0,0,0,0,0,0,0,0,0,0,0,0,0,0,0,0,0,0,0,0,0,0,6,0,0,0,3,0,44,0,5,0,0,0,0,1,0,0,0,0,0,0,0,12,8,0,15,0,1,0,0,0,78,37,96,0,7,14,107,10,0,0,0,0,0,0,11,0,26,0,6,0,0,0,122,15,0,0,14,4,0,0,43,60,0,0,0,0,0,0,0,0,0,0,0,0,0,0,0,0,0,0,0,0,1,0,0,0,9,0,0,0,244,0,0,0,0,0,219,0,37,0,14,0,139,0,119,4,9,0,199,1,106,0,0,0,177,1,22,0,40,0,436,4,0,0,0
0,4,0,6,0,0,0,25,25,52,0,0,0,0,0,10,0,0,0,0,0,0,0,0,5,7,0,0,0,1,0,0,0,1,0,0,0,0,0,1,0,0,0,4,0,4,0,0,0,0,0,0,42,41,54,34,26,160,93,0,1,20,13,24,11,152,121,155,0,0,0,0,0,0,0,0,0,0,0,0,0,0,0,0,0,0,0,0,0,0,0,0,0,0,0,0,0,0,0,0,0,0,0,0,0,0,0,0,0,0,0,0,0,0,0,0,0,0,0,0,0,0,0,0,0,20,0,6,0,2,0,97,0,0,0,0,0,12,0,2,0,1,0,0,0,5,0,6,0,18,0,9,0,4,22,77,0,96,2,31,0,79,0,0,0,1,0,0,0,5,0,26,0,9,0,3,0,3,0,0,0,13,0,1,0,81,0,0,0,0,0,1,0,0,0,0,0,0,0,0,0,0,0,0,0,0,0,0,0,5,0,0,0,6,0,288,0,0,0,0,0,357,0,66,0,27,0,73,0,418,0,0,0,638,0,308,0,1,0,29,0,3,0,3,0,258,0,0,0
25,0,20,0,0,0,150,4,184,5,0,0,3,0,19,0,3,2,0,0,1,0,1,0,25,9,0,0,0,0,3,0,0,0,0,0,11,0,5,0,2,0,0,0,1,0,0,0,0,0,0,0,37,0,25,0,9,1,84,1,0,0,52,0,0,0,22,7,0,0,22,0,2,0,0,0,0,0,0,0,0,0,0,0,2,0,0,0,0,0,0,0,0,0,0,0,3,0,0,0,0,0,0,0,0,0,0,0,0,0,0,0,0,0,0,0,0,0,0,0,0,0,0,0,0,0,0,0,0,0,0,0,3,0,0,0,8,0,63,0,18,0,7,0,140,0,0,0,0,0,0,0,0,0,53,0,118,0,34,0,0,0,13,0,0,0,0,0,9,0,81,0,60,0,0,0,9,3,0,0,0,0,0,0,3,0,0,0,0,0,0,0,0,0,0,0,0,0,0,0,1,0,0,0,0,0,0,0,0,0,0,0,1,0,16,0,0,0,0,0,45,0,10,0,7,0,43,0,61,0,3,0,16,0,0,0,0,0,20,0,13,0,5,0,29,0,0,0,0
0,159,0,64,0,1,9,97,0,143,0,0,0,0,0,0,9,0,0,0,0,0,18,6,25,13,0,0,0,5,0,0,0,4,0,2,0,17,0,7,0,0,0,5,0,0,0,0,0,0,0,0,3,19,5,27,1,19,0,20,0,0,0,31,2,4,0,8,0,0,0,0,0,1,0,0,0,0,0,0,0,0,0,0,0,0,0,0,0,0,0,0,0,0,0,0,0,0,0,0,0,0,0,0,0,0,0,0,0,0,0,0,0,0,0,0,0,0,0,0,0,4,0,0,0,0,0,1,0,2,0,0,0,6,0,0,0,19,1,55,0,33,0,18,0,152,0,0,0,0,0,0,0,0,0,24,0,60,0,27,0,0,0,0,0,0,0,0,0,1,0,25,0,37,0,0,0,131,0,0,0,0,0,34,0,19,0,0,0,0,0,0,0,0,0,0,0,0,0,0,0,0,0,0,0,0,0,0,0,0,0,0,0,0,0,33,0,0,0,3,0,130,0,14,0,10,0,15,0,139,0,2,0,53,0,0,0,0,0,0,0,1,0,0,0,11,0,0,0
47,19,68,17,0,0,490,68,351,99,0,1,6,0,8,4,259,42,24,0,162,0,29,6,296,123,30,0,21,0,33,0,14,0,27,0,32,0,19,2,0,0,6,0,3,0,0,0,0,0,12,0,59,8,27,29,3,3,14,13,52,0,0,48,0,0,5,12,0,0,92,0,5,0,13,0,0,0,0,0,29,0,0,0,56,0,36,0,0,0,30,0,0,0,4,0,68,0,102,0,3,0,0,0,0,0,0,0,0,0,0,0,0,0,0,0,0,0,0,0,37,0,26,0,0,0,0,0,0,0,3,0,9,0,3,0,32,0,67,0,29,0,42,0,86,0,0,0,0,0,0,0,0,0,43,0,7,0,19,0,7,0,0,0,0,0,0,0,0,0,14,1,9,1,0,0,9,4,0,0,0,0,0,0,0,0,0,0,0,0,0,0,0,0,0,0,0,0,0,0,0,0,0,0,0,0,0,0,2,0,1,0,0,0,31,2,0,0,3,0,42,0,6,0,4,0,36,1,32,9,4,0,19,0,2,0,1,0,26,0,8,0,6,0,44,2,0,0,0
4,75,0,34,0,0,37,259,51,283,0,0,0,0,0,18,18,141,0,4,0,59,18,61,108,280,0,8,0,15,0,8,0,16,0,2,0,6,0,6,0,0,0,0,0,0,0,0,0,0,0,0,18,85,42,88,0,15,11,24,0,31,48,0,0,3,10,28,0,0,0,0,0,0,0,0,0,0,0,0,0,0,0,0,0,19,0,0,0,0,0,0,0,0,0,0,1,14,0,9,0,0,0,1,0,0,0,0,0,0,0,0,0,0,0,0,0,0,0,0,0,3,0,0,0,4,0,0,0,0,0,0,0,0,0,26,0,37,0,51,0,17,0,17,0,21,0,0,0,0,0,0,0,0,0,44,0,39,0,42,0,0,1,0,0,0,0,0,0,0,0,2,0,5,0,0,0,134,0,0,0,0,0,26,0,21,0,0,0,0,0,0,0,0,0,0,0,0,0,0,0,0,0,0,0,0,0,0,0,1,0,2,0,0,0,21,0,0,0,0,0,36,0,7,0,3,0,3,0,20,0,0,0,32,0,1,0,0,0,1,0,0,0,0,0,13,0,0,0
6,0,1,0,2,0,2,0,32,0,3,0,0,0,3,0,0,0,0,0,0,0,0,0,0,0,4,0,0,0,0,0,1,0,0,0,0,0,0,0,2,0,0,0,0,0,0,0,0,0,0,0,5,1,3,0,34,0,177,11,0,2,0,0,0,39,238,43,0,0,3,5,0,0,0,0,0,0,0,0,0,0,0,0,0,0,0,0,0,0,0,0,0,0,0,0,0,0,0,0,0,0,0,0,0,0,0,0,0,0,0,0,0,0,0,0,0,0,0,0,0,5,0,0,9,0,1,0,1,1,121,0,0,0,0,0,0,0,1,15,0,0,0,0,33,49,10,0,78,5,0,0,0,0,4,36,6,0,5,29,435,41,4,0,0,0,1,0,0,0,1,0,0,0,71,34,16,0,0,0,78,10,0,0,45,14,0,0,0,0,0,0,0,0,0,0,0,0,0,0,0,0,0,0,0,0,0,0,1,0,0,0,0,0,0,0,0,0,0,0,0,0,0,0,0,0,12,0,0,10,3,0,26,0,38,9,1,0,0,0,1,0,1,0,68,5,0,0,0
0,8,0,0,0,5,0,3,0,61,0,0,0,3,0,10,0,0,0,13,0,0,0,0,0,0,0,8,0,4,0,0,0,6,0,0,0,3,0,8,0,0,0,0,0,0,0,0,0,0,0,0,0,0,0,5,0,17,23,152,0,4,0,3,39,0,18,417,0,0,0,17,0,0,0,0,0,0,2,6,0,0,0,0,0,0,0,5,0,0,0,0,0,0,0,0,0,0,0,0,0,0,0,0,0,0,0,0,0,0,0,0,0,0,0,0,0,0,0,0,1,2,0,7,0,20,0,3,0,3,25,200,0,0,0,0,0,0,0,13,0,4,0,0,47,75,0,6,0,167,0,5,2,4,32,1,3,0,18,3,85,465,0,6,0,0,0,0,0,0,0,0,0,0,4,185,0,6,0,0,1,103,0,6,2,121,0,0,0,0,0,0,0,0,0,0,0,0,0,0,0,0,0,0,0,0,0,1,0,2,0,0,0,1,1,38,0,1,0,0,0,0,0,0,0,4,1,69,0,58,0,8,0,66,0,229,0,0,0,11,0,0,0,4,0,55,0,0,0
3,0,0,0,2,0,2,0,97,18,2,0,0,0,2,0,0,0,0,0,0,0,0,0,1,0,0,0,0,0,0,0,0,0,0,0,0,0,0,0,0,0,0,0,1,0,0,0,0,0,0,0,64,11,73,140,93,84,403,121,22,0,5,10,238,18,0,127,0,0,0,0,0,0,0,0,0,0,0,0,0,0,0,0,0,0,0,0,0,0,0,0,0,0,0,0,0,0,0,0,0,0,0,0,0,0,0,0,0,0,0,0,0,0,0,0,0,0,0,0,0,0,0,0,3,0,0,0,0,0,7,0,0,0,0,0,0,0,1,3,0,0,0,0,8,0,9,0,23,0,0,0,0,0,16,43,12,0,0,31,119,0,1,0,0,0,0,0,3,0,5,0,0,0,5,3,216,8,0,0,23,4,0,0,117,57,0,0,0,0,0,0,0,0,0,0,0,0,0,0,0,0,0,0,0,0,0,0,0,0,0,0,4,0,56,0,0,0,2,0,41,0,0,0,2,0,52,0,18,0,0,0,66,0,0,3,0,0,44,0,10,0,19,0,122,1,0,0,0
0,3,0,0,0,0,0,0,54,138,0,0,0,0,0,0,0,0,0,4,0,0,0,0,0,3,0,2,0,0,0,0,0,0,0,0,0,0,0,0,0,0,0,1,0,2,0,1,0,0,0,0,93,35,166,12,75,25,228,155,7,8,12,28,43,417,127,0,0,0,0,0,0,0,0,0,0,0,0,0,0,0,0,0,0,0,0,0,0,0,0,0,0,0,0,0,0,0,0,0,0,0,0,0,0,0,0,0,0,0,0,0,0,0,0,0,0,0,0,0,0,0,0,0,0,3,0,0,0,0,0,29,0,0,0,1,0,0,3,2,0,1,0,0,5,9,0,3,0,32,0,2,0,1,42,30,9,59,8,11,0,73,0,0,0,1,0,0,0,0,0,0,0,0,0,23,7,135,0,0,0,46,0,7,11,685,0,0,0,0,0,0,0,0,0,0,0,0,0,0,0,0,0,0,0,0,0,0,0,1,0,0,0,0,0,157,0,2,0,0,0,142,0,29,0,8,0,108,0,152,0,7,0,316,0,232,0,0,0,38,0,1,0,7,0,179,0,0,0
0,0,0,0,0,0,0,0,0,0,0,0,0,0,0,0,0,0,0,0,0,0,0,0,0,0,0,0,0,0,0,0,0,0,0,0,0,0,0,0,0,0,0,0,0,0,0,0,1,0,0,0,0,0,0,0,0,0,0,0,0,0,0,0,0,0,0,0,0,0,0,0,2,0,0,0,89,0,4,0,0,0,9,0,8,0,13,0,14,0,0,0,14,0,8,0,0,0,0,0,1,0,28,0,16,0,14,0,15,0,0,0,13,0,0,0,0,0,0,0,0,0,0,0,0,0,0,0,0,0,0,0,0,0,0,0,1,0,0,0,0,0,0,0,0,0,0,0,0,0,0,0,0,0,0,0,0,0,0,0,0,0,0,0,5,0,0,0,23,0,0,0,0,0,0,0,0,0,0,0,0,0,0,0,0,0,0,0,0,0,0,0,0,0,6,0,0,0,0,0,0,0,0,0,0,0,0,0,0,0,0,0,52,0,71,0,71,0,4,0,0,0,99,0,26,0,0,0,15,0,0,0,0,0,0,0,0,0,0,0,0,0,0,0,0,0,0,0,0
0,0,0,0,0,0,0,0,0,0,0,0,0,0,0,0,0,0,0,0,0,0,0,0,0,0,0,0,0,0,0,0,0,0,0,0,0,0,0,0,0,2,0,0,0,5,0,0,0,16,0,0,0,0,0,0,0,0,0,0,0,0,0,0,0,0,0,0,0,0,0,0,0,0,0,0,0,13,0,1,0,13,0,31,0,1,0,0,0,40,0,0,0,12,0,28,0,0,0,4,0,5,0,34,0,7,0,12,0,32,0,6,0,0,0,0,0,8,0,0,0,0,0,0,0,0,0,0,0,0,1,0,3,0,0,0,0,0,0,0,0,0,0,0,0,0,0,0,0,0,0,0,0,0,0,0,0,0,0,0,0,0,0,0,0,39,0,0,0,17,0,0,0,0,0,5,0,0,0,0,0,0,0,0,0,0,0,0,0,0,0,7,0,0,0,0,0,0,0,0,0,5,0,0,0,17,0,2,0,0,0,3,0,232,0,74,0,86,0,9,0,0,0,112,0,23,0,0,1,26,0,0,0,1,0,2,0,1,0,0,0,0,0,0,0,0,0,0,0
0,0,0,0,18,0,0,0,1,0,0,0,0,0,9,0,103,0,8,0,106,0,0,0,1,0,33,0,19,0,20,0,9,0,51,0,69,0,15,0,0,0,19,0,11,0,0,0,1,0,49,0,20,0,0,0,1,0,0,0,22,0,92,0,3,0,0,0,0,0,0,0,190,0,225,0,9,0,103,7,14,6,0,0,3,0,47,0,0,0,0,0,2,0,12,0,0,0,12,3,2,0,0,0,0,0,0,0,0,0,0,0,0,0,0,0,0,0,0,0,45,0,0,0,30,24,8,0,0,0,26,39,22,8,20,0,14,10,5,14,69,0,40,0,144,18,42,16,28,0,29,0,22,0,8,0,49,0,0,4,15,5,41,0,0,0,17,0,14,5,34,0,73,0,100,40,0,0,0,0,43,0,0,0,10,0,0,0,0,0,0,0,0,0,0,0,0,0,24,0,12,0,12,0,2,0,0,0,38,0,1,0,3,0,0,0,0,0,0,0,21,0,26,29,5,0,4,0,46,0,0,0,0,0,1,8,0,0,13,7,7,0,3,0,0,0,0,0,0
0,0,0,0,0,0,0,0,0,0,0,0,0,0,0,0,0,0,0,0,0,16,0,0,0,0,0,0,0,3,0,7,0,0,0,0,0,5,0,0,0,0,0,3,0,3,0,0,0,0,0,1,0,0,0,0,0,0,0,0,0,0,0,0,5,17,0,0,0,0,0,0,0,174,0,185,0,14,0,170,0,2,0,0,0,0,0,43,0,0,0,0,0,0,0,0,0,0,0,0,3,0,0,0,0,0,0,1,0,0,0,0,0,0,0,0,0,0,0,0,0,13,0,42,0,62,0,21,0,0,0,8,0,41,0,5,5,0,20,0,0,14,0,4,23,68,12,16,0,12,0,0,0,21,0,0,0,12,13,0,37,9,0,23,0,0,0,0,0,4,0,10,0,3,0,48,0,0,0,0,6,32,0,0,1,0,0,0,0,0,0,0,0,0,0,0,0,0,0,0,0,0,0,0,0,0,0,0,0,6,0,0,0,1,0,2,0,0,0,0,0,0,0,2,0,1,0,41,0,12,0,0,0,0,2,19,0,0,0,8,0,0,0,0,0,15,0,0,0
0,0,0,0,4,0,0,0,0,0,0,0,0,0,0,0,4,0,0,0,0,0,0,0,0,0,0,0,1,0,2,0,0,0,0,0,0,0,0,0,0,0,2,0,0,0,0,0,1,0,0,0,1,0,1,0,2,0,0,0,2,0,5,0,0,0,0,0,2,0,190,0,0,0,123,0,90,0,256,0,0,0,5,0,2,0,13,0,0,2,0,0,0,0,1,0,0,0,3,0,0,0,0,0,0,0,0,0,0,0,0,0,0,0,0,0,0,0,0,0,42,0,0,0,13,0,37,5,5,0,3,10,48,0,20,0,12,5,13,5,28,5,0,0,64,0,42,0,6,0,68,2,0,2,0,0,6,0,0,0,0,6,76,0,0,0,3,0,5,0,18,0,5,0,28,10,0,0,0,0,19,0,0,0,0,0,0,0,0,0,0,0,18,0,0,0,8,0,55,0,45,0,0,0,24,0,0,0,74,0,1,0,0,0,2,0,0,0,1,0,0,0,0,0,3,0,5,0,6,0,0,0,1,0,9,7,0,0,158,0,89,0,63,0,3,2,0,0,0
