0,152,31,146,73,0,14,99,74,31,179,0,107,0,4,37,68,56,7,0,25,0,27,153,12,231,12,0,79,0,0,0,28,0,0,0,43,0,300,0,0,0,0,0,0,0,0,0,7,0,0,0,11,0,0,17,1,0,0,0,157,0,130,32,1,0,1,0,0,0,0,0,0,0,0,0,0,0,0,0,0,0,2,0,0,0,0,0,0,0,0,0,0,0,0,0,0,0,0,0,0,0,0,0,0,0,0,0,0,0,0,0,0,0,0,0,0,0,0,0,0,0,0,0,3,0,5,0,0,0,1,0,0,0,0,0,2,0,0,0,0,0,0,0,0,0,13,0,10,0,15,0,0,0,0,0,0,0,1,0,0,0,0,0,0,0,0,0,7,0,17,0,351,9,6,0,486,126,10,0,0,0,55,4,31,0,0,0,0,0,0,0,0,0,0,0,0,0,0,0,0,0,0,0,0,0,1,0,2,0,633,99,282,84,148,0,0,1,10,0,0,0,0,0,0
152,0,280,110,60,141,78,34,16,6,25,151,0,118,29,32,44,63,0,55,22,15,333,127,108,32,0,88,0,62,0,0,0,37,0,0,0,77,0,216,0,16,0,0,0,10,0,43,0,3,0,0,0,19,0,12,0,0,0,0,0,611,6,238,0,11,0,2,0,0,0,4,0,0,0,0,0,0,0,0,0,9,0,0,0,10,0,4,0,0,0,0,0,0,0,0,0,0,0,0,0,0,0,0,0,0,0,0,0,0,0,0,0,0,0,0,0,0,0,7,0,9,0,0,0,2,0,25,0,0,0,30,0,0,0,43,0,37,0,0,0,0,0,4,0,0,0,36,0,33,0,133,0,133,0,5,0,18,0,3,0,0,0,3,0,3,0,0,0,83,0,56,0,239,0,11,186,487,0,16,0,29,14,82,0,71,0,0,0,0,0,0,0,0,0,0,0,0,0,0,0,0,0,0,0,0,0,0,0,41,0,0,0,0,409,0,0,0,1073,118,471,199,0,0,0
31,280,0,149,205,56,48,101,7,26,107,31,122,0,202,132,181,67,98,0,235,0,539,219,109,165,57,0,286,14,27,0,101,0,0,0,63,0,562,0,0,0,0,0,0,0,14,0,0,0,0,1,22,3,15,0,9,0,0,0,199,27,318,16,0,0,0,0,0,0,0,0,0,0,0,0,0,0,0,0,0,0,0,0,0,0,22,0,0,0,0,0,0,0,0,0,0,0,0,0,0,0,0,0,0,0,0,0,0,0,0,0,0,0,0,0,0,0,0,0,0,0,0,0,33,0,61,0,0,0,56,1,0,0,42,0,173,0,0,0,0,0,47,0,23,0,90,0,88,0,44,0,24,0,5,0,0,0,0,0,13,0,0,0,0,0,16,0,22,0,40,0,464,0,0,0,195,82,0,0,0,0,6,0,0,0,0,0,0,0,7,0,0,0,0,0,0,0,6,0,0,0,0,0,0,0,0,0,42,0,649,66,517,174,344,0,0,3,0,0,17,0,0,0,0
146,110,149,0,70,221,0,40,0,0,43,11,0,17,53,174,0,8,0,122,23,29,214,188,0,103,0,43,0,152,0,0,0,48,0,0,0,56,9,205,0,1,0,0,0,0,0,9,0,0,0,0,0,0,0,78,0,0,0,0,0,189,0,67,0,0,0,0,0,0,0,0,0,0,0,0,0,0,0,0,0,0,0,0,0,0,0,0,0,0,0,0,0,0,0,0,0,0,0,0,0,0,0,0,0,0,0,0,0,0,0,0,0,0,0,0,0,0,0,0,0,0,0,0,0,0,0,6,0,0,0,24,0,23,0,89,0,128,0,0,0,0,0,0,0,0,0,0,0,7,0,0,0,0,0,0,0,0,0,2,0,0,0,0,0,0,0,0,0,46,0,0,0,131,0,0,100,125,0,4,0,0,0,3,0,0,0,0,0,0,0,0,0,0,0,0,0,0,0,0,0,0,0,0,0,0,0,0,0,32,0,0,0,0,132,0,0,0,182,24,219,0,0,7,0
73,60,205,70,0,200,8,0,22,0,67,165,353,0,137,269,19,0,221,108,421,108,34,145,0,0,154,0,38,0,153,0,202,0,105,0,221,0,141,0,62,0,0,0,0,0,68,0,21,0,61,0,3,0,0,0,0,0,5,0,0,0,0,0,0,0,2,0,0,0,0,0,0,0,0,0,0,0,0,0,0,0,0,0,0,0,0,0,0,0,0,0,0,0,0,0,0,0,0,0,0,0,0,0,0,0,0,0,0,0,0,0,0,0,0,0,0,0,0,0,0,0,0,0,10,0,0,0,0,0,0,0,0,0,5,0,0,0,0,0,0,0,0,0,16,0,46,0,65,0,85,0,126,0,5,0,0,0,0,0,0,0,0,0,71,0,205,0,69,0,12,0,220,0,61,0,332,163,73,0,99,0,82,0,96,0,0,0,0,0,0,0,0,0,1,0,0,0,0,0,0,0,0,0,0,0,0,0,0,0,388,227,575,114,123,0,0,2,0,0,0,0,0,0,0
0,141,56,221,200,0,0,29,0,16,156,124,86,148,268,88,0,3,159,126,161,157,44,98,0,4,0,147,0,33,36,83,18,151,65,167,0,90,0,61,0,27,0,0,0,0,0,92,0,3,20,37,0,5,0,0,0,0,0,0,0,0,0,0,0,0,0,0,0,0,0,0,0,0,0,0,0,0,0,0,0,0,0,0,0,0,0,0,0,0,0,0,0,0,0,0,0,0,0,0,0,0,0,1,0,0,0,0,0,0,0,0,0,0,0,0,0,0,0,1,0,0,0,2,0,0,0,20,0,0,0,46,0,0,0,122,0,109,0,0,0,0,0,4,0,0,0,41,0,85,0,109,0,65,0,7,0,0,0,5,0,7,0,4,0,38,0,298,0,197,0,28,0,138,0,0,135,322,25,53,0,61,0,9,0,0,0,7,0,0,0,0,0,0,0,0,0,0,0,0,0,0,0,0,0,0,0,56,0,105,0,0,0,0,235,0,0,0,493,173,595,117,0,5,0
14,78,48,0,8,0,0,96,37,267,10,0,0,0,0,0,47,0,0,0,0,0,10,2,254,120,0,0,0,0,0,0,4,0,0,0,0,0,27,0,0,0,0,0,0,0,0,0,37,0,0,0,252,31,292,99,21,10,0,0,298,0,272,48,28,0,38,33,0,0,0,0,0,0,0,0,0,0,0,0,0,0,0,0,0,0,0,0,0,0,0,0,0,0,0,0,0,0,0,0,0,0,2,0,0,0,0,0,0,0,0,0,0,0,0,0,0,0,0,0,0,0,0,0,54,0,76,0,0,0,134,0,20,0,19,0,92,0,2,0,0,0,0,0,0,0,48,0,44,0,6,0,0,0,15,0,26,0,0,0,94,0,0,0,0,0,0,0,11,0,243,0,163,0,0,0,80,47,1,0,0,0,6,4,2,0,0,0,0,0,0,0,0,0,0,0,0,0,0,0,0,0,0,0,0,0,0,0,32,0,1181,81,334,0,675,0,108,6,0,0,0,0,0,0,0
99,34,101,40,0,29,96,0,84,24,0,7,0,13,0,54,0,78,0,6,0,0,66,16,150,314,0,14,0,0,0,0,0,0,0,0,0,6,0,0,0,0,0,0,0,0,0,5,1,3,0,0,0,97,0,386,1,15,0,0,0,344,59,446,0,0,0,0,0,0,0,0,0,0,0,0,0,0,0,0,0,0,0,0,0,0,0,0,0,0,0,0,0,0,0,0,0,0,0,0,0,0,0,0,0,0,0,0,0,0,0,0,0,0,0,0,0,0,0,0,0,0,0,0,0,0,0,17,0,15,0,39,0,0,0,0,0,48,0,0,0,0,0,0,0,0,0,5,0,0,0,0,0,0,0,10,0,25,0,5,0,0,0,0,0,0,0,4,0,46,0,132,0,163,0,0,82,98,0,0,0,0,9,0,0,0,0,0,0,0,0,0,0,0,0,0,0,0,0,0,0,0,0,0,0,0,0,0,0,30,0,0,0,0,346,0,0,0,634,46,401,241,0,0,0
74,16,7,0,22,0,37,84,0,296,27,0,25,0,5,0,43,12,0,0,0,0,3,0,59,48,7,0,3,0,0,0,0,0,0,0,3,0,25,0,0,0,0,0,5,0,0,0,10,0,0,0,284,61,69,190,8,32,17,39,230,0,306,39,77,0,171,140,0,0,0,0,0,0,0,0,0,0,0,0,0,0,0,0,0,0,0,0,0,0,0,0,0,0,0,0,0,0,0,0,0,0,0,0,0,0,0,0,0,0,0,0,0,0,0,0,0,0,0,0,0,0,0,0,41,0,37,0,0,0,29,0,0,0,0,0,3,0,0,0,2,0,0,0,0,0,35,0,97,0,26,0,0,0,13,8,55,0,0,0,20,0,0,0,0,0,0,0,5,0,142,4,71,0,0,0,235,29,5,0,2,0,8,0,159,17,0,0,0,0,0,0,0,0,0,0,0,0,0,0,0,0,1,0,0,0,3,0,18,0,688,135,178,0,232,1,0,1,7,14,8,0,0,0,0
31,6,26,0,0,16,267,24,296,0,0,24,0,7,0,0,21,4,0,18,1,0,5,0,211,34,0,13,0,3,0,2,0,0,0,0,0,1,0,0,0,1,0,0,0,4,1,5,0,0,0,0,122,236,199,248,0,42,13,12,17,80,93,147,0,55,13,71,0,0,0,0,0,0,0,0,0,0,0,0,0,0,0,0,0,0,0,0,0,0,0,0,0,0,0,0,0,0,0,0,0,0,0,0,0,0,0,0,0,0,0,0,0,0,0,0,0,0,0,0,0,0,0,0,0,80,0,96,0,0,0,121,0,18,0,25,0,28,0,3,0,0,0,0,0,3,0,98,0,122,0,99,0,59,0,24,4,83,0,2,0,25,0,0,0,6,0,0,0,19,19,106,8,35,0,2,208,281,0,5,0,6,10,14,0,83,0,0,0,0,0,0,0,0,0,0,0,0,0,26,0,0,0,0,0,0,0,39,0,114,25,18,0,0,323,0,0,0,872,65,195,183,2,25,0
179,25,107,43,67,156,10,0,27,0,0,59,273,0,16,248,14,0,13,0,93,38,20,67,0,0,30,0,10,0,47,2,110,0,13,0,71,0,53,0,22,0,4,0,17,0,24,0,0,0,8,0,0,0,0,0,0,0,0,0,0,0,0,0,0,0,0,0,0,0,0,0,0,0,0,0,0,0,0,0,0,0,0,0,0,0,0,0,0,0,0,0,0,0,0,0,0,0,0,0,0,0,0,0,0,0,0,0,0,0,0,0,0,0,0,0,0,0,0,0,0,0,0,0,0,0,2,0,0,0,0,0,0,0,1,0,0,0,0,0,0,0,0,0,0,0,0,0,10,0,37,0,71,0,0,0,0,0,0,0,0,0,0,0,12,0,43,0,25,0,6,0,92,0,37,0,323,92,100,0,60,0,33,0,42,0,6,0,0,0,0,0,0,0,0,0,0,0,0,0,0,0,0,0,0,0,0,0,0,0,201,119,225,0,47,0,0,0,0,6,0,0,0,0,0
0,151,31,11,165,124,0,7,0,24,59,0,36,191,285,7,0,12,101,22,94,64,0,57,0,0,24,100,0,27,21,43,0,133,0,79,11,68,0,67,0,115,0,4,0,20,0,143,0,16,0,8,0,3,0,0,0,3,0,0,0,8,0,0,0,2,0,0,0,0,0,0,0,0,0,0,0,0,0,0,0,1,0,0,0,0,0,3,0,0,0,0,0,0,0,0,0,0,0,0,0,0,0,0,0,0,0,0,0,0,0,0,0,0,0,0,0,0,0,0,0,0,0,0,0,0,0,13,0,0,0,12,0,1,0,0,0,0,0,0,0,0,0,0,0,0,0,17,0,24,0,158,0,155,0,3,0,0,0,0,0,0,0,0,0,8,0,73,0,58,0,13,0,52,0,24,94,454,0,148,0,165,0,53,0,40,0,10,0,0,0,0,0,0,0,0,0,0,0,0,0,4,0,0,0,0,0,0,0,16,0,0,0,0,112,0,0,0,297,82,279,49,0,0,0
107,0,122,0,353,86,0,0,25,0,273,36,0,175,24,35,0,0,126,285,104,195,0,0,0,0,159,155,0,0,14,12,0,0,124,60,23,0,0,0,214,27,121,33,42,0,294,0,31,0,393,25,0,0,0,0,0,0,0,0,0,0,0,0,0,0,0,0,0,0,0,0,0,0,0,0,0,0,0,0,0,0,0,0,0,0,0,0,0,0,0,0,0,0,0,0,0,0,0,0,0,0,0,0,0,0,0,0,0,0,0,0,0,0,0,0,0,0,0,0,0,0,0,0,0,0,0,0,0,0,0,0,0,0,0,0,0,0,0,0,0,0,0,0,0,0,0,0,0,0,0,0,0,0,0,0,0,0,0,0,0,0,0,0,94,0,30,0,24,6,1,0,0,0,0,0,278,73,89,0,46,0,64,0,0,0,42,0,0,0,4,0,0,0,0,0,0,0,0,0,0,0,0,0,0,0,0,0,0,0,19,144,233,7,0,0,0,0,0,0,0,0,0,0,0
0,118,0,17,0,148,0,13,0,7,0,191,175,0,24,0,0,0,254,61,97,132,0,0,0,0,293,136,0,0,2,26,0,0,34,360,0,49,0,0,81,233,15,102,37,61,57,254,0,53,34,187,0,1,0,6,0,2,0,1,0,0,0,0,0,0,0,0,0,0,0,0,0,0,0,2,0,0,0,0,0,0,0,0,0,0,0,0,0,0,0,0,0,0,0,0,0,0,0,0,0,0,0,0,0,0,0,0,0,0,0,0,0,0,0,0,0,0,0,0,0,0,0,0,0,7,0,14,0,2,0,11,0,0,0,0,0,0,0,0,0,0,0,0,0,0,0,0,0,9,0,0,0,14,0,0,0,0,0,0,0,0,0,0,0,47,1,41,0,55,0,0,0,0,0,4,67,271,5,10,0,10,0,2,0,7,16,86,0,0,0,0,0,0,0,0,0,0,0,0,0,0,0,0,0,0,0,0,0,28,0,2,0,0,0,0,0,0,24,120,213,11,0,0,0
4,29,202,53,137,268,0,0,5,0,16,285,24,24,0,376,95,0,131,44,251,90,377,130,55,0,43,0,1,1,117,18,35,0,62,21,110,0,4,3,0,0,11,0,0,0,0,0,0,0,0,0,14,0,0,0,3,0,1,0,0,0,0,0,2,0,0,0,0,0,0,0,0,0,0,0,0,0,0,0,11,0,0,0,0,0,0,1,0,0,0,0,0,0,0,0,0,0,0,0,0,0,0,0,0,0,0,0,0,0,0,0,0,0,0,0,0,0,0,0,0,0,0,0,0,0,0,0,0,0,9,0,0,0,0,0,226,0,9,0,0,0,128,0,0,0,91,0,103,0,138,0,102,0,0,0,0,0,0,0,0,0,0,0,14,0,85,0,30,0,5,0,28,0,15,0,108,98,8,0,40,0,44,0,78,0,0,0,0,0,0,0,0,0,0,0,0,0,8,0,0,0,0,0,0,0,25,0,46,0,70,77,115,19,24,0,0,0,0,0,19,0,0,0,0
37,32,132,174,269,88,0,54,0,0,248,7,35,0,376,0,13,13,59,371,116,355,185,213,0,56,0,66,0,78,40,69,25,216,35,42,29,66,7,66,0,0,0,33,0,0,0,0,0,2,0,20,0,0,0,85,0,0,0,0,0,10,0,14,0,0,0,0,0,0,0,5,0,0,0,0,0,2,0,0,0,0,0,0,0,123,0,0,0,0,0,0,0,0,0,0,0,0,0,0,0,0,0,0,0,0,0,0,0,0,0,0,0,0,0,0,0,0,0,0,0,0,0,0,0,0,0,0,0,22,1,18,0,0,0,471,0,557,0,0,0,0,0,0,0,0,0,0,0,0,0,11,0,0,0,3,0,0,0,0,0,0,0,0,0,17,0,237,0,97,0,10,0,107,0,0,97,108,15,1,0,0,2,0,0,0,0,0,0,0,0,0,0,0,0,0,0,0,0,0,0,0,0,0,0,0,0,27,0,51,0,0,34,0,75,0,0,0,191,64,243,49,0,0,0
68,44,181,0,19,0,47,0,43,21,14,0,0,0,95,13,0,14,139,0,295,0,95,40,73,60,99,0,115,0,77,0,65,0,13,0,15,2,144,0,0,0,9,0,50,0,12,0,0,0,7,0,136,4,6,15,14,0,0,0,37,0,435,4,0,0,0,0,0,0,29,0,0,0,73,0,0,0,25,0,113,0,0,0,621,1,73,0,0,0,0,0,0,0,0,0,648,0,0,0,0,0,0,0,0,0,0,0,0,0,0,0,0,0,0,0,0,0,0,0,62,0,230,0,0,0,0,0,45,0,0,0,30,0,28,0,266,1,42,0,173,0,580,0,32,0,0,0,0,0,0,0,0,0,58,0,0,0,39,0,0,0,0,0,0,0,5,0,0,0,4,0,24,3,0,0,39,13,5,0,0,0,72,5,2,0,0,0,0,0,0,0,0,0,0,0,0,0,0,0,205,0,0,0,0,0,0,0,10,0,18,3,36,12,8,0,0,0,0,0,0,0,0,0,0
56,63,67,8,0,3,0,78,12,4,0,12,0,0,0,13,14,0,0,8,3,112,79,95,38,51,0,0,0,62,0,29,0,24,0,0,0,4,0,43,0,0,0,0,0,0,0,1,2,0,0,0,0,69,0,37,0,66,0,7,0,61,0,468,0,0,0,0,0,0,0,0,0,0,0,0,0,0,0,0,0,26,0,0,0,208,0,0,0,0,0,0,0,0,0,0,0,66,0,44,0,18,0,0,0,0,0,0,0,0,0,0,0,0,0,0,0,0,0,0,0,0,0,0,0,9,0,0,0,33,0,0,0,38,0,415,0,319,0,253,0,20,0,146,0,0,0,0,0,0,0,0,0,0,0,29,0,0,0,13,0,0,0,0,0,0,0,0,0,0,1,0,0,23,0,0,14,20,0,3,0,0,0,1,0,0,0,0,0,0,0,0,0,0,0,0,0,0,0,0,0,53,0,0,0,0,0,0,0,5,4,0,2,0,0,0,0,0,23,7,26,0,0,2,0
7,0,98,0,221,159,0,0,0,0,13,101,126,254,131,59,139,0,0,390,325,256,280,0,25,0,248,109,4,0,44,0,0,0,227,87,67,8,0,0,4,0,30,25,52,0,13,0,7,0,216,0,7,0,0,0,0,0,0,0,0,0,0,0,0,0,0,0,0,0,20,0,0,0,0,0,0,0,0,0,0,0,0,0,0,0,0,0,0,0,0,0,0,0,0,0,0,0,0,0,0,0,0,0,0,0,0,0,0,0,0,0,0,0,0,0,0,0,0,0,36,0,0,0,0,0,0,0,0,0,0,0,0,0,0,0,0,0,0,0,51,0,0,0,29,0,0,0,43,0,85,0,0,0,0,0,0,0,0,0,0,0,0,0,121,0,50,0,44,0,0,0,12,0,0,0,130,76,31,0,59,0,40,0,0,0,10,0,0,0,0,0,0,0,0,0,0,0,0,0,0,0,0,0,0,0,0,0,0,0,39,156,204,21,0,0,5,0,0,0,19,0,0,0,0
0,55,0,122,108,126,0,6,0,18,0,22,285,61,44,371,0,8,390,0,149,316,0,77,0,6,256,410,0,0,24,58,0,10,114,215,14,58,0,0,50,4,0,79,17,63,0,55,0,4,61,87,0,16,0,12,0,0,0,0,0,0,0,0,0,0,0,0,0,0,0,0,0,0,0,0,0,0,0,0,0,0,0,0,0,0,0,0,0,0,0,0,0,0,0,0,0,0,0,0,0,0,0,0,0,0,0,0,0,0,0,0,0,0,0,0,0,0,0,2,0,0,0,0,0,1,0,0,0,0,0,0,0,0,0,0,0,131,0,0,0,0,0,0,0,0,0,0,0,34,0,0,0,139,0,17,0,0,0,6,0,0,0,0,0,33,0,100,0,57,0,0,0,7,0,0,58,95,0,8,0,54,0,0,0,0,11,29,0,0,0,0,0,0,0,0,0,0,0,0,0,0,0,0,0,0,0,0,0,63,0,0,0,0,55,0,0,0,95,66,145,0,0,3,0
25,22,235,23,421,161,0,0,0,1,93,94,104,97,251,116,295,3,325,149,0,160,133,35,21,0,217,0,19,0,54,23,4,8,52,59,13,0,11,0,0,2,28,0,99,0,0,0,8,0,51,0,13,0,0,0,5,0,0,0,0,0,49,0,0,0,2,0,0,0,55,0,0,0,82,0,0,0,0,0,57,0,0,0,371,0,53,0,0,0,0,0,0,0,0,0,0,0,0,0,0,0,0,0,0,0,0,0,0,0,0,0,0,0,0,0,0,0,0,0,62,0,77,0,0,0,0,0,0,0,0,0,0,0,0,0,0,0,38,0,56,0,105,0,71,0,0,0,0,0,0,0,0,0,4,0,3,0,0,0,0,0,0,0,72,0,79,0,0,8,6,0,60,0,0,0,64,30,34,0,0,1,12,0,0,0,0,0,0,0,0,0,0,0,0,0,0,0,0,0,0,0,0,0,0,0,0,0,0,0,94,98,156,32,19,0,0,0,0,0,0,0,0,0,0
0,15,0,29,108,157,0,0,0,0,38,64,195,132,90,355,0,112,256,316,160,0,11,160,0,89,191,182,0,38,17,54,0,30,70,129,9,75,0,6,0,0,0,86,0,107,10,12,0,7,27,47,0,25,0,59,0,0,0,0,0,0,0,68,0,0,0,0,0,0,0,0,0,0,0,12,0,0,0,0,0,0,0,0,0,290,0,0,0,0,0,0,0,0,0,0,0,0,0,0,0,0,0,0,0,0,0,0,0,0,0,0,0,0,0,0,0,0,0,0,0,0,0,11,0,0,0,0,0,0,0,0,0,0,0,0,0,145,0,53,0,0,0,0,0,0,0,0,0,0,0,0,0,0,0,15,0,0,0,0,0,0,0,0,0,33,1,60,0,38,0,0,0,13,0,0,16,59,8,5,0,0,0,0,0,0,2,35,0,0,0,0,0,0,0,0,0,0,0,0,0,0,0,0,0,0,0,0,0,0,0,0,3,0,28,0,0,0,72,70,126,11,0,0,0
27,333,539,214,34,44,10,66,3,5,20,0,0,0,377,185,95,79,280,0,133,11,0,390,105,161,101,0,49,8,7,0,4,0,0,0,19,0,84,6,0,0,0,0,49,0,28,0,3,0,3,0,9,0,44,0,0,0,1,0,20,19,53,15,1,0,0,0,0,0,0,0,0,0,0,0,0,0,0,0,0,0,0,0,102,0,0,0,0,0,0,0,0,0,0,0,130,0,0,0,0,0,0,0,0,0,0,0,0,0,0,0,0,0,0,0,0,0,0,0,0,0,28,0,0,0,24,0,0,0,0,2,22,0,136,0,694,0,0,0,96,0,386,0,0,0,15,0,20,0,54,0,0,0,30,0,0,1,0,0,0,0,0,0,0,0,0,0,0,3,0,0,69,0,0,0,95,74,11,0,0,0,31,8,11,0,0,0,0,0,7,0,0,0,0,0,5,0,0,0,136,0,0,0,0,0,26,0,61,0,90,10,77,0,58,0,0,0,0,0,0,0,0,0,0
153,127,219,188,145,98,2,16,0,0,67,57,0,0,130,213,40,95,0,77,35,160,390,0,0,96,1,23,1,108,8,35,0,34,0,19,0,57,0,52,0,0,0,11,4,0,0,0,0,4,0,9,0,23,0,26,0,13,0,0,0,40,0,159,0,0,0,0,0,0,0,3,0,0,0,7,0,0,0,0,0,59,0,0,0,402,0,35,0,0,0,0,0,0,0,0,0,102,0,88,0,18,0,0,0,0,0,0,0,0,0,0,0,0,0,0,0,0,0,0,0,13,0,2,0,0,0,0,0,14,0,0,0,0,0,546,0,348,0,44,0,12,0,66,0,0,0,0,0,0,0,0,0,0,0,2,0,0,0,0,0,0,0,0,0,0,0,66,0,0,0,5,0,39,0,0,62,45,2,10,0,0,0,2,0,0,0,0,0,0,0,0,0,0,0,0,0,0,0,0,0,97,0,0,0,0,0,2,0,0,0,0,25,0,22,0,0,0,106,56,45,10,0,0,0
12,108,109,0,0,0,254,150,59,211,0,0,0,0,55,0,73,38,25,0,21,0,105,0,0,180,0,0,22,0,3,0,0,0,0,0,0,0,26,0,0,0,0,0,13,0,3,0,0,0,0,0,90,20,90,72,14,0,0,0,38,0,122,52,0,0,0,0,0,0,1,0,0,0,0,0,0,0,0,0,0,3,0,0,0,0,0,0,0,0,0,0,0,0,0,0,0,0,0,0,0,0,0,0,0,0,0,0,0,0,0,0,0,0,0,0,0,0,0,0,0,0,7,0,5,0,22,0,81,0,39,0,23,0,29,0,362,1,39,5,61,0,166,0,12,0,12,0,0,0,3,0,0,0,109,0,3,0,35,0,20,0,0,0,0,0,0,0,5,0,9,2,30,3,0,0,69,31,0,0,0,0,83,0,0,0,0,0,0,0,0,0,0,0,0,0,0,0,0,0,43,0,0,0,0,0,0,0,19,0,60,8,26,39,36,1,0,2,0,4,0,0,0,0,0
231,32,165,103,0,4,120,314,48,34,0,0,0,0,0,56,60,51,0,6,0,89,161,96,180,0,0,0,2,15,0,9,0,4,0,8,0,0,0,30,0,0,0,3,0,0,0,0,0,0,0,0,3,16,0,85,0,25,0,4,0,94,19,102,0,0,0,0,0,0,0,0,0,0,0,0,0,0,0,0,0,0,0,0,0,26,0,0,0,0,0,0,0,0,0,0,0,5,0,0,0,0,0,0,0,0,0,0,0,0,0,0,0,0,0,0,0,0,0,0,0,0,0,0,0,0,0,0,0,21,0,17,0,48,0,225,0,271,0,41,0,3,0,0,0,0,0,0,0,0,0,4,0,0,0,4,0,2,0,0,0,0,0,0,0,0,0,0,0,8,0,17,9,23,0,0,64,66,0,0,1,0,8,8,0,0,0,1,0,0,0,0,0,0,0,0,0,0,0,0,0,33,0,0,0,0,0,0,0,18,0,0,0,0,35,0,0,0,121,10,54,22,0,0,0
12,0,57,0,154,0,0,0,7,0,30,24,159,293,43,0,99,0,248,256,217,191,101,1,0,0,0,416,23,0,12,2,0,0,61,63,41,0,0,0,15,124,214,81,142,39,71,96,26,0,475,51,0,0,0,0,0,0,1,0,3,0,18,0,0,0,0,0,0,0,84,0,0,0,60,0,0,0,0,0,0,0,0,0,0,0,0,0,0,0,0,0,0,0,0,0,0,0,0,0,0,0,0,0,0,0,0,0,0,0,0,0,0,0,0,0,0,0,0,0,0,0,0,0,0,0,0,0,0,0,0,0,0,0,0,0,0,0,0,0,0,0,0,0,0,0,0,0,42,0,0,0,0,0,0,0,0,0,0,0,0,0,0,0,105,0,19,0,0,0,0,0,17,0,0,0,48,40,38,0,0,0,63,0,0,0,68,0,0,0,0,0,0,0,0,0,0,0,0,0,0,0,0,0,0,0,0,0,0,0,12,148,252,0,0,0,0,14,0,0,0,0,0,0,0
0,88,0,43,0,147,0,14,0,13,0,100,155,136,0,66,0,0,109,410,0,182,0,23,0,0,416,0,0,5,0,0,0,5,0,102,0,0,0,0,185,38,20,224,82,312,140,222,2,25,0,272,0,0,0,10,0,0,0,0,0,0,0,0,0,0,0,0,0,4,0,0,0,0,0,0,0,0,0,0,0,0,0,0,0,0,0,0,0,0,0,0,0,4,0,16,0,0,0,0,0,19,0,5,0,0,0,0,0,0,0,0,0,0,0,0,0,0,0,2,0,0,0,0,0,0,0,0,0,0,0,36,0,0,0,0,0,50,0,0,0,0,0,0,0,0,0,0,0,45,0,0,0,39,0,5,0,0,0,0,0,2,0,0,0,135,0,17,0,79,0,0,0,0,0,0,36,98,0,8,0,29,0,0,0,0,57,76,0,6,0,0,0,0,0,0,0,2,0,16,0,0,0,0,0,0,0,34,0,56,0,0,0,0,0,0,0,0,39,219,349,0,0,0,1
79,0,286,0,38,0,0,0,3,0,10,0,0,0,1,0,115,0,4,0,19,0,49,1,22,2,23,0,0,0,18,0,17,0,19,0,5,0,9,0,0,0,21,0,14,0,0,0,1,0,20,0,9,0,1,0,0,0,0,0,8,0,42,0,0,0,0,0,0,0,41,0,0,0,44,0,0,0,0,0,58,0,0,0,179,0,0,0,0,0,0,0,0,0,0,0,118,0,0,0,0,0,0,0,0,0,4,0,0,0,0,0,0,0,0,0,0,0,0,0,21,0,53,0,0,0,0,0,0,0,0,0,0,0,0,0,0,0,57,0,48,0,78,0,67,0,0,0,0,0,0,0,0,0,8,0,0,0,20,0,0,0,0,0,0,0,0,0,0,0,0,0,0,0,0,0,13,0,0,0,0,0,19,0,0,0,0,0,0,0,0,0,0,0,0,0,0,0,0,0,0,0,0,0,0,0,0,0,0,0,2,0,5,0,3,0,0,0,0,0,0,0,0,0,0
0,62,14,152,0,33,0,0,0,3,0,27,0,0,1,78,0,62,0,0,0,38,8,108,0,15,0,5,0,0,0,47,0,67,0,66,0,9,0,32,0,0,0,26,0,8,0,0,0,0,0,19,0,24,0,20,0,46,0,0,0,35,0,142,0,0,0,0,0,0,0,0,0,0,0,0,0,0,0,3,0,57,0,0,0,160,0,0,0,0,0,0,0,0,0,0,0,10,0,0,0,0,0,0,0,0,0,0,0,0,0,0,0,0,0,0,0,0,0,0,0,0,0,10,0,0,0,0,0,0,0,0,0,0,0,0,0,136,0,294,0,109,0,252,0,17,0,0,0,0,0,0,0,0,0,55,0,0,0,22,0,0,0,0,0,0,0,0,0,0,0,0,0,6,0,0,4,3,0,3,0,0,0,0,0,0,0,0,0,0,0,0,0,0,0,0,0,0,0,0,0,0,0,0,0,0,0,0,0,0,0,0,0,0,0,0,0,0,0,0,0,0,0,0,0
0,0,27,0,153,36,0,0,0,0,47,21,14,2,117,40,77,0,44,24,54,17,7,8,3,0,12,0,18,0,0,0,4,0,7,0,29,0,7,0,0,0,32,0,0,0,0,0,3,0,31,0,1,0,0,0,0,0,0,0,0,0,11,0,0,0,0,0,0,0,28,0,0,0,45,0,0,0,0,0,0,0,0,0,138,0,0,0,0,0,0,0,0,0,0,0,0,0,0,0,0,0,0,0,0,0,0,0,0,0,0,0,0,0,0,0,0,0,0,0,32,0,0,0,0,0,0,0,0,0,0,0,0,0,0,0,3,0,36,0,26,0,0,0,52,0,0,0,0,0,0,0,0,0,0,0,0,0,0,0,0,0,6,0,16,0,68,0,0,0,4,0,15,0,0,0,28,5,7,0,0,0,9,0,0,0,0,0,0,0,0,0,0,0,0,0,0,0,0,0,0,0,0,0,0,0,0,0,0,0,21,34,52,13,0,0,0,0,0,0,0,0,0,0,0
0,0,0,0,0,83,0,0,0,2,2,43,12,26,18,69,0,29,0,58,23,54,0,35,0,9,2,0,0,47,0,0,0,4,0,4,0,4,0,0,0,0,0,3,0,2,0,0,0,0,3,5,0,7,0,10,0,0,0,0,0,0,0,23,0,0,0,0,0,0,0,0,0,0,0,0,0,0,0,0,0,71,0,0,0,200,0,0,0,0,0,0,0,0,0,0,0,0,0,0,0,0,0,0,0,0,0,0,0,0,0,0,0,0,0,0,0,0,0,0,0,19,0,4,0,0,0,0,0,0,0,0,0,0,0,127,0,46,0,0,0,0,0,80,0,0,0,0,0,0,0,0,0,0,0,0,0,0,0,0,0,0,0,0,0,0,0,17,0,8,0,4,0,5,0,0,5,25,0,0,0,0,0,0,0,0,0,1,0,0,0,0,0,0,0,0,0,0,0,0,0,0,0,0,0,0,0,0,0,0,0,0,0,0,4,0,0,0,26,9,33,5,0,0,0
28,0,101,0,202,18,4,0,0,0,110,0,0,0,35,25,65,0,0,0,4,0,4,0,0,0,0,0,17,0,4,0,0,0,5,0,59,0,5,0,0,0,16,0,15,0,0,0,0,0,14,0,0,0,0,0,0,0,2,0,8,0,4,0,0,0,1,0,0,0,49,0,0,0,49,0,0,0,0,0,68,0,0,0,152,0,38,0,0,0,0,0,0,0,0,0,127,0,0,0,0,0,0,0,0,0,0,0,0,0,0,0,0,0,0,0,0,0,0,0,23,0,19,0,0,0,0,0,0,0,0,0,0,0,0,0,3,0,26,0,25,0,0,0,49,0,0,0,0,0,0,0,0,0,5,0,3,0,0,0,0,0,7,0,2,0,33,0,0,0,0,0,41,0,0,0,37,0,19,0,0,0,13,0,0,0,0,0,0,0,0,0,0,0,0,0,0,0,0,0,0,0,0,0,0,0,0,0,0,0,20,10,51,5,0,1,0,0,0,0,3,0,0,0,0
0,37,0,48,0,151,0,0,0,0,0,133,0,0,0,216,0,24,0,10,8,30,0,34,0,4,0,5,0,67,0,4,0,0,0,6,0,40,0,0,0,0,0,6,0,0,0,1,0,0,1,1,0,7,0,8,0,0,0,0,0,0,0,15,0,0,0,0,0,0,0,0,0,0,0,0,0,0,0,0,0,66,0,0,0,161,0,21,0,0,0,0,0,0,0,0,0,0,0,52,0,0,0,0,0,0,0,0,0,0,0,0,0,0,0,0,0,0,0,0,0,31,0,9,0,0,0,0,0,0,0,0,0,0,0,78,0,41,0,68,0,41,0,93,0,11,0,0,0,0,0,0,0,0,0,7,0,0,0,0,0,0,0,0,0,0,0,6,0,0,0,1,0,6,0,0,0,9,0,2,0,0,0,0,0,0,0,0,0,0,0,0,0,0,0,0,0,0,0,0,0,0,0,0,0,0,0,0,0,0,0,0,1,0,0,0,0,0,0,16,0,0,0,0,0
0,0,0,0,105,65,0,0,0,0,13,0,124,34,62,35,13,0,227,114,52,70,0,0,0,0,61,0,19,0,7,0,5,0,0,0,270,0,6,0,0,0,35,0,26,0,0,0,2,0,92,0,0,0,0,0,0,0,0,0,0,0,6,0,0,0,0,0,0,0,15,0,1,0,0,0,0,0,0,0,0,0,0,0,54,0,0,0,0,0,0,0,0,0,0,0,0,0,0,0,0,0,0,0,0,0,0,0,0,0,0,0,0,0,0,0,0,0,0,0,12,0,21,0,0,0,0,0,0,0,0,0,0,0,0,0,0,0,0,0,15,0,0,0,28,0,0,0,0,0,0,0,0,0,0,0,0,0,0,0,0,0,0,0,69,0,85,0,0,0,0,0,0,2,0,0,19,0,0,0,0,0,0,0,0,0,0,0,0,0,0,0,0,0,0,0,0,0,0,0,0,0,0,0,0,0,0,0,0,0,25,83,112,0,0,0,0,1,0,0,0,0,0,0,0
0,0,0,0,0,167,0,0,0,0,0,79,60,360,21,42,0,0,87,215,59,129,0,19,0,8,63,102,0,66,0,4,0,6,0,0,0,146,0,0,0,0,0,10,0,14,0,0,0,0,0,46,0,0,0,0,0,0,0,0,0,0,0,23,0,0,0,0,0,0,0,15,0,0,0,19,0,0,0,0,0,0,0,0,0,426,0,61,0,0,0,0,0,0,0,0,0,0,0,0,0,0,0,0,0,0,0,0,0,0,0,0,0,0,0,0,0,0,0,0,0,0,0,24,0,0,0,0,0,0,0,0,0,0,0,0,0,0,0,0,0,121,0,231,0,0,0,0,0,0,0,0,0,0,0,15,0,8,0,5,0,0,0,0,0,43,0,106,0,50,0,4,0,16,0,0,19,91,0,0,0,0,0,0,0,0,2,89,0,0,0,0,0,0,0,0,0,0,0,0,0,0,0,0,0,0,0,0,0,0,0,0,0,0,3,0,0,0,0,27,94,0,0,0,0
43,0,63,0,221,0,0,0,3,0,71,11,23,0,110,29,15,0,67,14,13,9,19,0,0,0,41,0,5,0,29,0,59,0,270,0,0,0,101,0,0,0,47,0,50,0,7,0,2,0,85,0,0,0,0,0,0,0,7,0,39,0,5,0,0,0,0,0,0,0,67,0,10,0,53,0,0,0,0,0,71,0,0,0,127,0,37,0,0,0,0,0,0,0,0,0,0,0,77,0,0,0,0,0,0,0,0,0,0,0,0,0,0,0,0,0,0,0,0,0,57,0,0,0,0,0,0,0,0,0,0,0,0,0,0,0,0,0,106,0,66,0,31,0,129,0,0,0,0,0,0,0,0,0,10,0,15,0,0,0,0,0,33,0,55,0,79,0,35,0,20,0,59,0,0,0,59,14,26,0,0,0,12,0,5,0,0,0,0,0,0,0,0,0,0,0,0,0,0,0,0,0,0,0,0,0,0,0,0,0,0,38,99,11,8,0,0,0,0,0,0,0,0,0,0
0,77,0,56,0,90,0,6,0,1,0,68,0,49,0,66,2,4,8,58,0,75,0,57,0,0,0,0,0,9,0,4,0,40,0,146,0,0,0,21,0,0,0,35,0,13,0,0,0,3,0,45,0,0,0,0,0,0,0,0,0,20,0,9,0,0,0,0,0,0,0,12,0,0,0,9,0,0,0,0,0,0,0,0,0,132,0,0,0,0,0,0,0,0,0,0,0,0,0,0,0,0,0,0,0,0,0,0,0,0,0,0,0,0,0,0,0,0,0,0,0,42,0,15,0,0,0,0,0,0,0,0,0,0,0,0,0,21,0,104,0,108,0,121,0,72,0,0,0,0,0,0,0,0,0,12,0,61,0,11,0,0,0,0,0,8,0,58,0,26,0,9,0,30,0,0,0,0,0,5,0,0,0,0,0,0,0,6,0,0,0,0,0,0,0,0,0,0,0,0,0,0,0,0,0,0,0,0,0,0,0,0,0,0,0,0,0,0,8,13,31,0,0,0,0
300,0,562,9,141,0,27,0,25,0,53,0,0,0,4,7,144,0,0,0,11,0,84,0,26,0,0,0,9,0,7,0,5,0,6,0,101,0,0,0,0,0,3,0,9,0,0,0,0,0,0,0,11,0,4,0,0,0,0,0,14,0,13,0,0,0,0,0,0,0,10,0,0,0,0,0,0,0,0,0,21,0,0,0,45,0,10,0,0,0,0,0,0,0,5,0,0,0,0,0,0,0,0,0,0,0,0,0,0,0,0,0,0,0,0,0,0,0,0,0,12,0,0,0,0,0,0,0,0,0,0,0,0,0,3,0,0,0,76,0,0,0,0,0,40,0,0,0,0,0,0,0,0,0,7,0,24,0,0,0,0,0,0,0,0,0,29,0,0,0,6,0,35,0,0,0,126,0,8,0,0,0,115,0,0,0,0,0,0,0,0,0,0,0,0,0,0,0,0,0,0,0,0,0,0,0,0,0,0,0,13,12,9,0,0,0,0,0,0,0,0,0,0,0,0
0,216,0,205,0,61,0,0,0,0,0,67,0,0,3,66,0,43,0,0,0,6,6,52,0,30,0,0,0,32,0,0,0,0,0,0,0,21,0,0,0,0,0,2,0,0,0,0,0,0,0,3,0,0,0,5,0,0,0,0,0,7,0,3,0,0,0,0,0,0,0,3,0,0,0,2,0,0,0,1,0,11,0,0,0,0,0,3,0,0,0,0,0,0,0,0,0,0,0,0,0,0,0,0,0,0,0,0,0,0,0,0,0,0,0,0,0,0,0,0,0,0,0,0,0,0,0,0,0,2,0,0,0,0,0,0,0,0,0,18,0,0,0,11,0,17,0,0,0,0,0,0,0,0,0,4,0,12,0,4,0,0,0,0,0,0,0,0,0,0,0,0,0,14,0,0,5,0,0,2,0,0,0,3,0,0,0,0,0,0,0,0,0,0,0,0,0,0,0,0,0,0,0,0,0,0,0,0,0,0,0,0,0,0,0,0,0,0,0,0,0,0,0,0,0
0,0,0,0,62,0,0,0,0,0,22,0,214,81,0,0,0,0,4,50,0,0,0,0,0,0,15,185,0,0,0,0,0,0,0,0,0,0,0,0,0,209,121,29,58,40,132,208,129,12,45,0,1,0,0,0,0,0,0,0,0,0,0,0,0,0,0,0,0,0,0,0,0,0,0,0,0,0,0,0,0,0,0,0,0,0,2,0,0,0,0,0,0,0,0,0,0,0,0,0,0,0,0,0,0,0,0,0,0,0,0,0,0,0,0,0,0,0,0,0,0,0,0,0,0,0,0,0,0,0,0,0,0,0,1,0,0,0,0,0,0,0,0,0,0,0,0,0,0,0,0,0,0,0,0,0,0,0,0,0,0,0,0,0,0,0,0,0,0,0,0,0,0,0,0,0,42,28,23,0,49,0,15,0,0,0,123,5,0,0,0,0,0,0,0,0,0,0,0,0,0,0,0,0,0,0,0,0,0,0,0,90,58,0,0,0,0,10,0,0,0,0,0,0,0
0,16,0,1,0,27,0,0,0,1,0,115,27,233,0,0,0,0,0,4,2,0,0,0,0,0,124,38,0,0,0,0,0,0,0,0,0,0,0,0,209,0,13,24,111,34,195,94,62,158,0,6,0,0,0,0,0,0,0,0,0,0,0,0,0,0,0,0,0,0,0,0,0,0,0,0,0,0,0,0,0,0,0,1,0,0,0,0,0,1,0,0,0,0,0,3,0,0,0,0,0,0,0,0,0,0,0,0,0,0,0,0,0,0,0,0,0,0,0,0,0,0,0,0,0,0,0,0,0,0,0,0,0,0,0,0,0,0,0,0,0,0,0,0,0,0,0,0,0,0,0,0,0,9,0,0,0,0,0,0,0,0,0,0,0,72,0,0,0,7,0,0,0,0,0,0,0,116,1,11,0,24,0,5,0,0,42,28,0,0,0,0,0,0,0,0,0,0,0,0,0,0,0,0,0,0,0,0,0,0,0,0,0,0,0,0,0,0,0,70,39,0,0,0,9
0,0,0,0,0,0,0,0,0,0,4,0,121,15,11,0,9,0,30,0,28,0,0,0,0,0,214,20,21,0,32,0,16,0,35,0,47,0,3,0,121,13,0,0,118,3,106,14,19,0,72,0,1,0,0,0,0,0,0,0,3,0,7,0,0,0,0,0,0,0,11,0,0,0,0,0,0,0,0,0,0,0,0,0,0,0,0,0,0,0,0,0,0,0,0,0,0,0,0,0,0,0,0,0,0,0,0,0,0,0,0,0,0,0,0,0,0,0,0,0,0,0,0,0,0,0,0,0,0,0,0,0,0,0,0,0,0,0,0,0,0,0,0,0,0,0,0,0,0,0,0,0,0,0,0,0,2,0,0,0,0,0,0,0,31,0,9,0,0,0,3,0,5,0,0,0,7,0,13,0,0,0,2,0,0,0,65,0,0,0,0,0,0,0,0,0,0,0,0,0,0,0,0,0,0,0,0,0,0,0,29,75,62,8,5,0,0,16,0,0,2,0,0,0,0
0,0,0,0,0,0,0,0,0,0,0,4,33,102,0,33,0,0,25,79,0,86,0,11,0,3,81,224,0,26,0,3,0,6,0,10,0,35,0,2,29,24,0,0,0,154,19,66,1,28,6,62,0,0,0,0,0,0,0,0,0,7,0,0,0,0,0,0,0,1,0,32,0,0,0,27,0,0,0,8,0,183,0,0,0,311,0,0,0,3,0,0,0,0,0,0,0,0,0,126,0,0,0,0,0,2,0,22,0,0,0,0,0,0,0,0,0,0,0,0,0,69,0,26,0,0,0,0,0,0,0,0,0,0,0,0,0,0,0,32,0,59,0,130,0,37,0,0,0,0,0,0,0,0,0,0,0,0,0,0,0,0,0,0,0,46,0,14,0,38,0,0,0,12,0,0,6,17,0,0,0,0,0,0,0,0,5,103,0,0,0,0,0,0,0,0,0,0,0,0,0,0,0,0,0,0,0,0,0,0,0,0,0,0,7,0,0,0,74,67,95,9,0,0,0
0,0,0,0,0,0,0,0,5,0,17,0,42,37,0,0,50,0,52,17,99,0,49,4,13,0,142,82,14,0,0,0,15,0,26,0,50,0,9,0,58,111,118,0,0,34,222,113,129,26,95,0,0,0,1,0,0,0,5,0,0,0,0,0,0,0,0,0,0,0,95,0,0,0,113,0,0,0,0,0,123,0,0,0,0,0,0,0,0,0,0,0,0,0,0,0,0,0,0,0,6,0,0,0,0,0,0,0,0,0,0,0,0,0,0,0,0,0,1,0,92,0,0,0,0,0,0,0,0,0,0,0,0,0,23,0,68,0,35,0,76,0,0,0,128,0,0,0,0,0,0,0,68,0,0,0,0,0,0,0,0,0,0,0,103,0,26,0,30,0,24,0,38,0,0,0,52,13,52,0,46,0,27,0,0,0,43,0,0,0,0,0,0,0,0,0,0,0,3,0,0,0,0,0,0,0,0,0,0,0,0,66,133,12,6,0,0,99,0,2,0,0,0,0,0
0,10,0,0,0,0,0,0,0,4,0,20,0,61,0,0,0,0,0,63,0,107,0,0,0,0,39,312,0,8,0,2,0,0,0,14,0,13,0,0,40,34,3,154,34,0,64,248,29,98,5,107,0,3,0,0,0,0,0,4,0,4,0,0,0,0,0,0,0,2,0,28,0,0,0,0,0,0,0,6,0,201,0,24,0,293,0,0,0,0,0,0,0,7,0,16,0,0,0,0,0,21,0,7,0,0,0,0,0,0,0,0,0,0,0,0,0,0,0,0,0,67,0,0,0,0,0,0,0,0,0,0,0,0,0,0,0,0,0,0,0,0,0,0,0,0,0,8,0,0,0,0,0,0,0,0,0,4,0,0,0,0,0,0,0,193,0,10,0,63,0,7,0,14,0,0,1,17,0,0,0,0,0,0,0,0,15,14,0,0,0,0,0,0,0,0,0,0,0,0,0,0,0,0,0,0,0,0,0,0,0,0,0,0,18,0,0,0,38,158,151,18,0,0,13
0,0,14,0,68,0,0,0,0,1,24,0,294,57,0,0,12,0,13,0,0,10,28,0,3,0,71,140,0,0,0,0,0,0,0,0,7,0,0,0,132,195,106,19,222,64,0,229,176,28,44,0,5,0,0,0,0,0,0,0,0,0,0,0,0,0,0,0,0,0,0,0,0,0,0,0,0,0,0,0,0,0,0,0,0,0,0,0,0,0,0,0,0,0,0,0,0,0,0,0,0,0,0,0,0,0,0,0,0,0,0,0,0,0,0,0,0,0,0,0,0,0,0,0,0,0,0,0,0,0,0,0,0,0,10,0,0,0,0,0,10,0,29,0,5,0,8,0,12,0,31,0,45,0,0,0,0,0,0,0,0,0,0,0,87,0,8,0,0,0,0,0,17,0,33,0,37,31,48,0,39,0,38,0,0,0,92,0,0,0,0,0,0,0,0,0,0,0,0,0,0,0,0,0,0,0,0,0,0,0,0,254,119,0,0,0,4,47,0,4,0,0,0,0,0
0,43,0,9,0,92,0,5,0,5,0,143,0,254,0,0,0,1,0,55,0,12,0,0,0,0,96,222,0,0,0,0,0,1,0,0,0,0,0,0,208,94,14,66,113,248,229,0,81,110,0,35,0,2,0,3,0,0,0,0,0,0,0,3,0,0,0,0,0,1,0,0,0,0,0,0,0,0,0,0,0,0,0,0,0,0,0,0,0,0,0,0,0,1,0,0,0,0,0,0,0,6,0,0,0,0,0,0,0,0,0,0,0,0,0,0,0,0,0,0,0,0,0,1,0,0,0,0,0,0,0,0,0,0,0,0,0,0,0,0,0,0,0,0,0,0,0,14,0,11,0,88,0,82,0,0,0,0,0,1,0,0,0,0,0,107,0,2,0,24,0,0,0,0,0,0,2,80,0,19,0,62,0,0,0,0,50,17,0,0,0,0,0,0,0,0,0,0,0,0,0,0,0,0,0,0,0,0,0,0,0,0,0,0,0,0,0,0,0,213,155,0,0,0,14
7,0,0,0,21,0,37,1,10,0,0,0,31,0,0,0,0,2,7,0,8,0,3,0,0,0,26,2,1,0,3,0,0,0,2,0,2,0,0,0,129,62,19,1,129,29,176,81,0,51,9,0,11,0,0,0,19,0,0,0,4,0,5,0,0,0,0,0,7,0,1,0,0,0,0,0,4,0,0,0,0,0,31,0,0,0,4,0,11,0,0,0,28,0,25,0,4,0,10,0,25,0,48,0,0,0,13,0,0,0,0,0,0,0,0,0,0,0,0,0,0,0,0,0,0,2,0,0,0,0,0,0,0,0,8,1,0,0,0,0,0,0,7,0,0,0,0,0,1,0,0,0,0,0,0,0,0,0,0,0,0,0,3,0,28,4,5,0,21,0,6,0,29,0,3,0,74,23,13,0,0,0,8,0,0,0,185,0,25,0,12,0,0,0,2,0,0,0,9,0,5,0,32,0,26,0,0,0,5,0,59,122,389,14,123,0,6,14,0,0,1,0,0,0,0
0,3,0,0,0,3,0,3,0,0,0,16,0,53,0,2,0,0,0,4,0,7,0,4,0,0,0,25,0,0,0,0,0,0,0,0,0,3,0,0,12,158,0,28,26,98,28,110,51,0,0,7,0,0,0,0,0,0,0,0,0,4,0,0,0,0,0,0,0,0,0,2,0,0,0,0,0,0,0,1,0,16,0,0,0,32,0,5,0,0,0,0,0,0,0,5,0,0,0,0,0,0,0,2,0,0,0,0,0,0,0,0,0,0,0,0,0,0,0,0,0,10,0,0,0,0,0,0,0,0,0,0,0,0,0,0,0,0,0,0,0,0,0,0,0,0,0,0,0,0,0,12,0,12,0,0,0,0,0,0,0,1,0,1,3,44,0,8,0,0,0,9,0,3,0,1,0,70,0,6,0,12,0,0,0,2,45,32,0,0,0,0,0,0,0,0,0,0,0,0,0,0,0,0,0,0,0,0,0,0,0,1,0,0,14,0,0,0,36,28,19,4,0,1,8
0,0,0,0,61,20,0,0,0,0,8,0,393,34,0,0,7,0,216,61,51,27,3,0,0,0,475,0,20,0,31,3,14,1,92,0,85,0,0,0,45,0,72,6,95,5,44,0,9,0,0,0,0,0,1,0,3,0,0,0,13,0,0,0,0,0,0,0,1,0,20,0,0,0,17,0,0,0,0,0,8,0,0,0,30,0,19,0,0,0,0,0,0,0,0,0,0,0,28,0,0,0,0,0,0,0,0,0,0,0,0,0,0,0,0,0,0,0,0,0,17,0,0,0,0,0,0,0,0,0,0,0,0,0,0,0,0,0,0,0,0,0,0,0,24,0,0,0,0,0,0,0,0,0,0,0,0,0,0,0,0,0,9,0,118,0,36,0,27,0,10,0,44,0,0,0,0,0,29,0,0,0,0,0,0,0,21,0,0,0,0,0,0,0,0,0,0,0,0,0,0,0,5,0,0,0,0,0,0,0,68,88,144,19,12,0,3,4,0,0,0,0,0,0,0
0,0,1,0,0,37,0,0,0,0,0,8,25,187,0,20,0,0,0,87,0,47,0,9,0,0,51,272,0,19,0,5,0,1,0,46,0,45,0,3,0,6,0,62,0,107,0,35,0,7,0,0,0,0,0,0,0,8,0,0,0,11,0,0,0,0,0,0,0,0,0,29,0,3,0,32,0,0,0,0,0,188,0,10,0,320,0,0,0,0,0,0,0,4,0,0,0,25,0,0,0,0,0,2,0,3,0,0,0,0,0,0,0,0,0,0,0,0,0,0,0,91,0,35,0,0,0,0,0,0,0,0,0,0,0,0,0,0,0,0,0,60,0,111,0,32,0,0,0,0,0,0,0,0,0,0,0,5,0,0,0,0,0,8,0,35,0,37,0,94,0,16,0,39,0,0,9,39,0,0,0,0,0,0,0,0,2,81,0,0,0,0,0,0,0,3,0,0,0,0,0,0,0,0,0,3,0,0,0,0,0,0,0,0,0,0,0,0,68,49,94,16,0,0,0
11,0,22,0,3,0,252,0,284,122,0,0,0,0,14,0,136,0,7,0,13,0,9,0,90,3,0,0,9,0,1,0,0,0,0,0,0,0,11,0,1,0,1,0,0,0,5,0,11,0,0,0,0,16,138,81,221,7,15,32,28,0,61,8,0,0,0,57,0,0,1,0,0,0,0,0,0,0,0,0,0,0,0,0,36,0,2,0,0,0,0,0,0,0,0,0,0,0,2,0,0,0,0,0,0,0,0,0,0,0,0,0,0,0,0,0,0,0,0,0,0,0,24,0,0,0,0,0,72,0,38,0,16,0,0,0,121,0,255,2,117,3,148,0,43,0,0,0,2,0,0,0,0,0,314,0,56,0,216,1,31,0,7,0,0,0,0,0,7,0,147,0,4,0,0,0,99,3,0,0,0,0,75,0,23,6,0,0,0,0,0,0,0,0,0,0,0,0,0,0,13,0,0,0,0,0,0,0,0,0,64,26,111,105,78,1,57,0,4,0,3,0,0,0,0
0,19,3,0,0,5,31,97,61,236,0,3,0,1,0,0,4,69,0,16,0,25,0,23,20,16,0,0,0,24,0,7,0,7,0,0,0,0,0,0,0,0,0,0,0,3,0,2,0,0,0,0,16,0,35,103,2,95,6,35,0,14,9,72,0,0,11,7,0,0,0,0,0,0,0,0,0,0,0,0,0,1,0,0,0,2,0,0,0,0,0,0,0,0,0,0,1,0,0,0,0,0,0,0,0,0,0,0,0,0,0,0,0,0,0,0,0,0,0,0,0,0,0,1,0,5,0,0,0,25,0,18,0,0,0,36,0,76,0,167,0,39,0,13,0,67,0,0,0,0,0,0,0,0,0,81,0,123,0,74,1,5,0,0,0,0,0,1,0,0,4,24,1,0,0,0,19,120,0,0,0,0,0,78,0,27,0,0,0,0,0,0,0,0,0,0,0,0,0,0,0,0,0,0,0,0,0,0,0,0,7,0,0,0,18,0,0,0,31,59,22,18,0,0,0
0,0,15,0,0,0,292,0,69,199,0,0,0,0,0,0,6,0,0,0,0,0,44,0,90,0,0,0,1,0,0,0,0,0,0,0,0,0,4,0,0,0,0,0,1,0,0,0,0,0,1,0,138,35,0,118,39,26,19,33,0,0,16,12,7,2,7,142,0,0,0,0,0,0,0,0,0,0,0,0,0,0,0,0,0,0,0,0,0,0,0,0,0,0,0,0,0,0,0,0,0,0,0,0,0,0,0,0,0,0,0,0,0,0,0,0,0,0,0,0,0,0,0,0,12,0,0,0,35,0,24,0,0,0,0,0,41,0,7,0,0,0,0,0,0,0,0,0,0,0,1,0,0,0,88,1,32,0,39,1,36,0,0,0,0,0,0,0,15,0,214,0,4,0,0,0,23,0,0,0,0,0,7,0,8,20,0,0,0,0,0,0,0,0,0,0,0,0,0,0,0,0,0,0,0,0,0,0,5,0,289,50,269,271,267,11,182,3,7,0,0,0,0,0,0
17,12,0,78,0,0,99,386,190,248,0,0,0,6,0,85,15,37,0,12,0,59,0,26,72,85,0,10,0,20,0,10,0,8,0,0,0,0,0,5,0,0,0,0,0,0,0,3,0,0,0,0,81,103,118,0,0,173,18,112,0,7,51,43,2,9,32,21,0,0,0,0,0,0,0,0,0,0,1,0,0,0,0,0,0,0,0,0,0,0,0,0,0,2,0,0,0,0,0,0,0,0,0,0,0,0,0,0,0,0,0,0,0,0,0,0,0,0,0,0,0,0,0,0,0,0,0,0,0,52,0,40,0,41,0,50,0,131,0,68,0,0,0,0,0,3,0,0,0,0,0,0,0,0,4,66,0,32,0,17,0,9,0,0,0,4,0,0,0,34,9,173,2,10,0,0,22,21,0,0,0,0,2,0,0,6,0,0,0,0,0,0,0,0,0,0,0,0,0,0,0,0,0,0,0,0,0,0,1,20,25,4,0,0,332,0,3,0,321,41,278,314,4,45,0
1,0,9,0,0,0,21,1,8,0,0,0,0,0,3,0,14,0,0,0,5,0,0,0,14,0,0,0,0,0,0,0,0,0,0,0,0,0,0,0,0,0,0,0,0,0,0,0,19,0,3,0,221,2,39,0,0,2,120,7,0,0,9,0,20,0,13,28,0,0,0,0,0,0,0,0,0,0,0,0,0,0,0,0,0,0,0,0,0,0,0,0,0,0,0,0,0,0,0,0,0,0,0,0,0,0,0,0,0,0,0,0,0,0,0,0,0,0,0,0,0,0,0,0,9,0,8,0,17,0,47,0,9,0,0,0,11,0,58,6,0,3,0,0,73,0,0,0,4,0,0,0,0,0,183,0,26,0,122,0,117,0,89,0,1,0,3,0,47,0,162,0,6,0,0,0,1,0,0,0,0,13,2,0,0,4,0,0,0,0,0,0,0,0,0,0,0,0,0,0,0,0,0,0,0,0,0,0,4,0,548,42,447,435,733,57,214,0,3,0,0,0,0,0,0
0,0,0,0,0,0,10,15,32,42,0,3,0,2,0,0,0,66,0,0,0,0,0,13,0,25,0,0,0,46,0,0,0,0,0,0,0,0,0,0,0,0,0,0,0,0,0,0,0,0,0,8,7,95,26,173,2,0,15,179,0,0,0,11,0,10,22,53,0,0,0,1,0,0,0,0,0,0,0,0,0,0,0,0,0,0,0,0,0,0,0,0,0,0,0,0,0,0,0,0,0,0,0,0,0,0,0,0,0,0,0,0,0,0,0,0,0,0,0,0,0,0,0,0,0,9,0,0,0,35,0,38,0,10,0,0,0,42,0,52,0,0,0,0,0,4,0,0,0,0,0,0,0,0,2,211,0,0,0,96,0,46,0,31,0,3,0,0,0,86,0,259,0,7,0,0,2,0,0,0,0,0,0,0,0,4,0,0,0,0,0,0,0,0,0,0,0,0,0,0,0,0,0,0,0,0,0,0,0,1,1,0,2,0,326,0,0,0,290,38,471,309,10,48,0
0,0,0,0,5,0,0,0,17,13,0,0,0,0,1,0,0,0,0,0,0,0,1,0,0,0,1,0,0,0,0,0,2,0,0,0,7,0,0,0,0,0,0,0,5,0,0,0,0,0,0,0,15,6,19,18,120,15,0,80,5,0,0,0,146,18,142,169,0,0,0,0,0,0,0,0,0,0,0,0,0,0,0,0,0,0,0,0,0,0,0,0,3,0,0,0,0,0,0,0,0,0,0,0,0,0,0,0,0,0,0,0,0,0,0,0,0,0,0,0,0,0,0,0,34,0,14,0,0,0,61,0,8,0,0,0,5,0,17,6,2,0,1,0,32,0,6,0,11,0,0,0,0,0,62,10,41,0,4,8,80,0,12,1,0,0,0,0,15,0,97,0,0,0,13,3,14,0,0,0,64,33,0,0,81,6,0,0,0,0,0,0,0,0,0,0,0,0,0,0,0,0,0,0,0,0,0,0,2,0,1012,213,308,554,882,28,228,0,3,0,0,0,0,0,0
0,0,0,0,0,0,0,0,39,12,0,0,0,1,0,0,0,7,0,0,0,0,0,0,0,4,0,0,0,0,0,0,0,0,0,0,0,0,0,0,0,0,0,0,0,4,0,0,0,0,0,0,32,35,33,112,7,179,80,0,0,0,0,11,0,64,124,208,0,0,0,0,0,0,0,0,0,0,0,0,0,0,0,0,0,0,0,0,0,0,0,0,0,0,0,0,0,0,0,0,0,0,0,0,0,0,0,0,0,0,0,0,0,0,0,0,0,0,0,0,0,0,0,0,0,4,0,3,0,4,0,23,0,1,0,0,0,0,0,5,0,0,0,0,0,50,0,3,0,2,0,0,0,0,0,100,0,93,0,64,0,29,0,66,0,4,0,0,0,95,0,123,0,4,0,9,7,0,0,0,3,25,0,0,11,10,0,0,0,0,0,0,0,0,0,0,0,0,0,0,0,0,0,0,0,0,0,0,0,11,4,0,0,0,960,0,0,0,994,152,571,638,44,49,0
157,0,199,0,0,0,298,0,230,17,0,0,0,0,0,0,37,0,0,0,0,0,20,0,38,0,3,0,8,0,0,0,8,0,0,0,39,0,14,0,0,0,3,0,0,0,0,0,4,0,13,0,28,0,0,0,0,0,5,0,0,0,49,0,0,0,0,0,0,0,14,0,0,0,0,0,0,0,0,0,0,0,0,0,0,0,0,0,0,0,0,0,0,0,0,0,0,0,0,0,1,0,0,0,1,0,0,0,0,0,0,0,0,0,0,0,0,0,0,0,0,0,10,0,0,0,0,0,0,0,0,0,0,0,0,0,15,0,229,0,74,0,0,0,133,0,0,0,0,0,0,0,0,0,18,0,145,0,29,1,0,0,6,0,0,0,0,0,0,0,90,0,126,0,0,0,100,6,0,0,0,0,36,0,0,0,0,0,0,0,0,0,0,0,0,0,0,0,0,0,0,0,0,0,0,0,0,0,0,0,26,22,30,35,15,0,13,0,0,0,0,0,0,0,0
0,611,27,189,0,0,0,344,0,80,0,8,0,0,0,10,0,61,0,0,0,0,19,40,0,94,0,0,0,35,0,0,0,0,0,0,0,20,0,7,0,0,0,7,0,4,0,0,0,4,0,11,0,14,0,7,0,0,0,0,0,0,0,48,0,0,0,0,0,0,0,0,0,0,0,1,0,0,0,0,0,0,0,0,0,0,0,0,0,0,0,0,0,0,0,0,0,0,0,0,0,0,0,0,0,0,0,0,0,0,0,0,0,0,0,0,0,0,0,0,0,0,0,3,0,0,0,0,0,0,0,0,0,0,0,0,0,0,0,37,0,28,0,0,0,62,0,0,0,0,0,0,0,0,0,8,0,179,0,7,0,0,0,3,0,0,0,1,0,1,0,30,0,64,0,0,15,149,0,12,0,0,0,142,0,0,0,0,0,0,0,0,0,0,0,0,0,0,0,0,0,0,0,0,0,0,0,0,0,5,0,0,0,0,8,0,0,0,9,205,24,0,0,0,0
130,6,318,0,0,0,272,59,306,93,0,0,0,0,0,0,435,0,0,0,49,0,53,0,122,19,18,0,42,0,11,0,4,0,6,0,5,0,13,0,0,0,7,0,0,0,0,0,5,0,0,0,61,9,16,51,9,0,0,0,49,0,0,19,0,0,0,0,0,0,19,0,0,0,55,0,0,0,0,0,0,0,0,0,146,0,10,0,0,0,0,0,0,0,0,0,86,0,0,0,0,0,0,0,0,0,0,0,0,0,0,0,0,0,0,0,0,0,0,0,0,0,106,0,0,0,0,0,0,0,0,0,0,0,0,0,70,0,109,0,105,0,187,0,34,0,0,0,0,0,0,0,0,0,49,0,19,0,57,0,0,0,0,0,0,0,0,0,0,0,11,0,9,0,0,0,68,7,0,0,0,0,121,0,6,4,0,0,0,0,0,0,0,0,0,0,0,0,0,0,0,0,0,0,0,0,0,0,0,0,9,1,17,28,26,0,6,2,3,0,0,0,0,0,0
32,238,16,67,0,0,48,446,39,147,0,0,0,0,0,14,4,468,0,0,0,68,15,159,52,102,0,0,0,142,0,23,0,15,0,23,0,9,0,3,0,0,0,0,0,0,0,3,0,0,0,0,8,72,12,43,0,11,0,11,0,48,19,0,0,0,0,0,0,0,0,2,0,0,0,0,0,0,0,0,0,0,0,0,0,0,0,0,0,0,0,0,0,0,0,0,0,0,0,0,0,0,0,0,0,0,0,0,0,0,0,0,0,0,0,0,0,0,0,0,0,1,0,0,0,0,0,0,0,5,0,0,0,0,0,0,0,33,0,63,0,0,0,6,0,15,0,0,0,0,0,0,0,0,0,21,0,24,0,6,0,0,0,0,0,0,0,0,0,0,0,4,1,6,0,0,13,94,0,2,0,0,3,100,0,0,0,0,0,0,0,0,0,0,0,0,0,0,0,0,0,0,0,0,0,0,0,2,0,0,0,0,2,0,9,0,0,0,18,39,13,17,0,0,0
1,0,0,0,0,0,28,0,77,0,0,0,0,0,2,0,0,0,0,0,0,0,1,0,0,0,0,0,0,0,0,0,0,0,0,0,0,0,0,0,0,0,0,0,0,0,0,0,0,0,0,0,0,0,7,2,20,0,146,0,0,0,0,0,0,33,197,0,0,0,13,0,0,0,0,0,0,0,0,0,0,0,0,0,0,0,0,0,0,0,0,0,0,0,0,0,0,0,0,0,0,0,0,0,0,0,0,0,0,0,0,0,0,0,0,0,0,0,0,0,4,0,0,0,5,0,0,0,0,0,17,0,0,0,0,0,0,0,8,36,0,0,0,0,59,12,19,0,31,0,0,0,0,1,0,5,0,0,4,0,377,34,12,0,0,0,0,0,6,0,0,0,1,0,45,0,0,0,0,0,248,59,2,0,94,1,0,0,0,0,0,0,0,0,0,0,0,0,0,0,0,0,0,0,0,0,0,0,0,0,115,1,0,0,47,0,0,0,6,0,0,0,0,0,0
0,11,0,0,0,0,0,0,0,55,0,2,0,0,0,0,0,0,0,0,0,0,0,0,0,0,0,0,0,0,0,0,0,0,0,0,0,0,0,0,0,0,0,0,0,0,0,0,0,0,0,0,0,0,2,9,0,10,18,64,0,0,0,0,33,0,10,240,0,0,0,73,0,0,0,62,0,0,0,17,0,0,0,0,0,15,0,0,0,0,0,0,0,0,0,0,0,0,0,0,0,0,0,0,0,0,0,0,0,0,0,0,0,0,0,0,0,0,0,0,0,0,0,0,0,48,0,43,0,2,33,79,0,0,0,0,0,0,0,92,9,101,0,3,7,127,0,85,0,114,0,17,0,2,0,14,0,2,19,11,67,232,0,59,0,0,0,0,0,20,0,0,0,0,1,57,0,0,0,0,50,212,0,10,6,62,0,0,0,0,0,1,0,0,0,0,0,2,0,5,0,0,0,0,0,0,0,10,0,19,0,0,0,0,149,0,0,0,157,0,88,0,5,0,0
1,0,0,0,2,0,38,0,171,13,0,0,0,0,0,0,0,0,0,0,2,0,0,0,0,0,0,0,0,0,0,0,1,0,0,0,0,0,0,0,0,0,0,0,0,0,0,0,0,0,0,0,0,11,7,32,13,22,142,124,0,0,0,0,197,10,0,154,0,0,0,0,0,0,0,0,0,0,0,0,0,0,0,0,0,0,0,0,0,0,0,0,0,0,0,0,0,0,0,0,0,0,0,0,0,0,0,0,0,0,0,0,0,0,0,0,0,0,0,0,0,0,0,0,8,0,0,0,0,0,9,0,0,0,0,0,1,0,10,0,0,0,0,0,16,0,2,0,11,0,0,0,0,0,2,6,6,2,0,0,30,5,0,0,0,0,0,0,0,0,14,0,1,0,18,3,87,0,0,0,103,21,1,0,427,1,0,0,0,0,0,0,0,0,0,0,0,0,0,0,0,0,0,0,0,0,0,0,0,0,164,38,21,79,103,0,29,1,4,8,0,3,0,0,0
0,2,0,0,0,0,33,0,140,71,0,0,0,0,0,0,0,0,0,0,0,0,0,0,0,0,0,0,0,0,0,0,0,0,0,0,0,0,0,0,0,0,0,0,0,0,0,0,0,0,0,0,57,7,142,21,28,53,169,208,0,0,0,0,0,240,154,0,0,0,0,0,0,2,0,0,0,0,0,0,0,0,0,0,0,0,0,0,0,0,0,0,0,0,0,0,0,0,0,0,0,0,0,0,0,0,0,0,0,0,0,0,0,0,0,0,0,0,0,0,0,0,0,0,0,11,0,7,0,0,0,26,0,0,0,5,0,0,1,21,0,0,0,0,0,73,0,5,0,8,0,9,0,5,8,30,0,20,6,24,0,54,0,0,0,0,0,1,0,14,0,0,0,0,1,47,15,3,0,0,20,108,0,0,15,121,0,0,0,0,0,0,0,0,0,0,0,0,0,0,0,0,0,0,0,0,0,0,0,2,4,5,6,1,253,0,1,0,356,63,113,163,8,7,0
0,0,0,0,0,0,0,0,0,0,0,0,0,0,0,0,0,0,0,0,0,0,0,0,0,0,0,0,0,0,0,0,0,0,0,0,0,0,0,0,0,0,0,0,0,0,0,0,7,0,1,0,0,0,0,0,0,0,0,0,0,0,0,0,0,0,0,0,0,0,0,0,4,0,0,0,94,0,12,0,0,0,56,0,0,0,0,0,32,0,0,0,88,0,0,0,0,0,2,0,0,0,129,0,0,0,8,0,55,0,0,0,1,0,4,0,0,0,1,0,0,0,0,0,0,0,0,0,0,0,0,0,0,0,0,0,0,0,0,0,0,0,0,0,0,0,0,0,0,0,0,0,0,0,0,0,0,0,0,0,0,0,1,0,10,0,0,0,44,0,0,0,0,0,0,0,0,0,0,0,0,0,0,0,0,0,0,0,0,0,0,0,0,0,0,0,0,0,0,0,0,0,0,0,0,0,0,0,0,0,46,1,25,0,10,7,49,0,0,0,0,0,0,0,0
0,0,0,0,0,0,0,0,0,0,0,0,0,0,0,0,0,0,0,0,0,0,0,0,0,0,0,4,0,0,0,0,0,0,0,0,0,0,0,0,0,0,0,1,0,2,0,1,0,0,0,0,0,0,0,0,0,0,0,0,0,0,0,0,0,0,0,0,0,0,0,0,0,0,0,0,0,45,0,0,0,0,0,103,0,2,0,34,0,15,0,0,0,13,0,28,0,0,0,0,0,9,0,136,0,0,0,0,0,24,0,2,0,8,0,0,0,16,0,0,0,0,0,0,0,0,0,0,0,0,0,0,0,0,0,0,0,0,0,0,0,0,0,0,0,0,0,0,0,0,0,0,0,0,0,0,0,0,0,0,0,2,0,0,0,12,0,0,0,34,0,1,0,0,0,0,0,0,0,0,0,0,0,0,0,0,0,0,0,8,0,0,0,0,0,0,0,0,0,0,0,5,0,6,0,0,0,0,0,0,0,0,0,0,12,0,0,0,46,5,117,0,0,8,1
0,0,0,0,0,0,0,0,0,0,0,0,0,0,0,0,29,0,20,0,55,0,0,0,1,0,84,0,41,0,28,0,49,0,15,0,67,0,10,0,0,0,11,0,95,0,0,0,1,0,20,0,1,0,0,0,0,0,0,0,14,0,19,0,13,0,0,0,0,0,0,0,275,0,452,0,0,0,297,0,0,0,0,0,6,0,44,0,0,0,0,0,0,0,0,0,0,0,0,0,0,0,0,0,0,0,0,0,0,0,0,0,0,0,0,0,0,0,0,0,50,0,5,0,48,0,46,0,15,0,0,0,70,0,0,0,10,0,13,0,61,0,16,0,124,0,16,0,0,4,58,0,0,0,0,0,16,0,0,0,25,0,65,0,0,0,11,0,18,0,32,0,26,0,32,0,0,0,1,0,59,12,0,0,13,1,0,0,0,0,0,0,0,0,0,0,0,0,0,0,0,0,0,1,0,0,0,0,22,0,20,0,32,0,0,0,1,0,0,0,0,0,0,0,0
0,4,0,0,0,0,0,0,0,0,0,0,0,0,0,5,0,0,0,0,0,0,0,3,0,0,0,0,0,0,0,0,0,0,0,15,0,12,0,3,0,0,0,32,0,28,0,0,0,2,0,29,0,0,0,0,0,1,0,0,0,0,0,2,0,73,0,0,0,0,0,0,0,77,0,205,0,17,0,32,0,6,1,5,0,0,0,78,0,0,0,0,0,0,0,0,0,0,0,0,0,0,0,0,0,0,0,0,0,0,0,0,0,0,0,0,0,0,0,0,0,3,0,6,11,95,0,20,0,0,0,64,0,16,0,0,0,0,0,6,0,17,0,0,0,91,0,0,0,0,0,0,0,0,0,0,0,0,4,0,9,40,0,69,0,1,0,11,0,4,0,35,0,18,0,51,0,0,0,0,15,103,0,0,0,0,0,0,0,0,0,0,0,0,0,0,0,0,0,0,0,0,0,0,0,0,0,0,0,0,0,0,0,0,7,0,0,0,10,4,10,0,0,0,0
0,0,0,0,0,0,0,0,0,0,0,0,0,0,0,0,0,0,0,0,0,0,0,0,0,0,0,0,0,0,0,0,0,0,1,0,10,0,0,0,0,0,0,0,0,0,0,0,0,0,0,0,0,0,0,0,0,0,0,0,0,0,0,0,0,0,0,0,4,0,275,0,0,0,203,0,53,0,199,0,3,5,59,0,11,0,34,0,1,0,0,0,4,0,0,0,0,0,0,0,0,0,2,0,0,0,0,0,0,0,0,0,0,0,0,0,0,0,0,0,50,0,0,0,115,0,0,0,0,0,29,0,94,0,35,0,42,0,18,2,48,0,46,0,69,0,0,0,0,0,90,0,45,0,0,0,0,0,0,0,0,1,62,0,0,0,1,0,13,2,0,0,0,0,13,0,0,0,0,0,56,0,0,0,0,0,0,0,0,0,0,0,0,0,0,0,0,0,0,0,0,0,0,0,0,0,0,0,74,0,185,0,8,0,9,3,0,0,0,0,0,0,0,0,0
0,0,0,0,0,0,0,0,0,0,0,0,0,0,0,0,0,0,0,0,0,0,0,0,0,0,0,0,0,0,0,0,0,0,0,0,0,0,0,0,0,0,0,0,0,0,0,0,0,0,0,3,0,0,0,0,0,0,0,0,0,0,0,0,0,0,0,2,0,0,0,77,0,0,0,284,0,94,0,63,0,2,0,35,0,9,0,127,0,0,0,0,0,0,0,1,0,0,0,0,0,1,0,0,0,0,0,0,0,0,0,0,0,0,0,0,0,0,0,0,0,18,0,43,0,70,4,29,0,3,0,33,0,14,0,0,6,0,0,2,0,11,0,5,0,12,0,0,16,0,0,0,0,0,0,0,0,0,0,0,0,0,0,58,0,0,0,1,3,9,0,2,0,3,0,0,0,0,0,0,9,32,0,0,0,0,0,0,0,0,0,0,0,1,0,0,0,0,0,0,0,0,0,0,0,0,0,0,0,0,2,0,0,0,2,0,0,0,35,0,15,1,0,0,0
0,0,0,0,0,0,0,0,0,0,0,0,0,0,0,0,73,0,0,0,82,0,0,0,0,0,60,0,44,0,45,0,49,0,0,0,53,0,0,0,0,0,0,0,113,0,0,0,0,0,17,0,0,0,0,0,0,0,0,0,0,0,55,0,0,0,0,0,0,0,452,0,203,0,0,0,7,0,274,0,16,0,15,0,29,0,59,0,0,0,0,0,0,0,0,0,3,0,16,0,0,0,0,1,0,0,0,0,0,0,0,0,0,0,0,0,0,0,0,0,153,0,46,0,32,0,0,0,0,0,0,19,24,0,0,0,27,0,11,6,146,0,99,0,186,0,27,2,22,0,72,2,36,0,0,0,4,0,0,0,12,0,42,0,0,0,9,0,25,0,13,0,0,0,45,0,0,0,0,0,76,19,0,0,11,0,0,0,0,0,0,0,20,0,0,0,8,0,29,0,14,0,29,0,7,0,76,0,57,0,99,0,28,5,0,0,0,0,0,0,8,0,0,0,0
0,0,0,0,0,0,0,0,0,0,0,0,0,2,0,0,0,0,0,0,0,12,0,7,0,0,0,0,0,0,0,0,0,0,0,19,0,9,0,2,0,0,0,27,0,0,0,0,0,0,0,32,0,0,0,0,0,0,0,0,0,1,0,0,0,62,0,0,0,0,0,205,0,284,0,0,0,10,0,116,0,5,0,0,0,0,0,132,0,0,0,0,0,0,0,0,0,0,0,0,0,0,0,0,0,0,0,0,0,0,0,0,0,0,0,0,0,0,0,0,0,80,0,22,0,146,0,0,0,0,44,76,0,0,0,48,0,0,0,4,0,32,0,9,0,138,31,117,0,95,0,0,0,39,0,0,0,5,6,0,0,37,0,64,0,0,0,0,0,6,0,12,0,12,0,75,0,0,0,0,22,193,0,0,0,0,0,0,0,0,0,0,0,0,0,0,0,0,0,38,0,0,0,0,0,0,0,0,0,0,8,0,0,0,0,0,0,0,32,2,16,0,0,0,0
0,0,0,0,0,0,0,0,0,0,0,0,0,0,0,0,0,0,0,0,0,0,0,0,0,0,0,0,0,0,0,0,0,0,0,0,0,0,0,0,0,0,0,0,0,0,0,0,4,0,0,0,0,0,0,0,0,0,0,0,0,0,0,0,0,0,0,0,94,0,0,0,53,0,7,0,0,0,49,0,9,0,164,0,0,0,47,0,19,0,3,0,79,0,10,0,0,0,0,0,0,0,94,0,0,0,0,0,5,0,0,0,0,0,1,0,0,0,0,0,0,0,0,0,0,0,0,1,0,0,0,0,0,0,0,0,0,0,0,0,0,0,0,0,0,0,0,0,0,0,0,0,0,0,0,0,1,0,0,0,0,0,0,0,19,0,0,0,52,0,0,0,0,0,0,0,0,0,0,0,0,0,0,0,0,0,0,0,0,0,0,0,0,0,3,0,0,0,0,0,0,0,32,0,26,0,0,0,0,0,106,0,78,0,23,0,0,0,0,0,0,0,0,0,0
0,0,0,0,0,0,0,0,0,0,0,0,0,0,0,2,0,0,0,0,0,0,0,0,0,0,0,0,0,0,0,0,0,0,0,0,0,0,0,0,0,0,0,0,0,0,0,0,0,0,0,0,0,0,0,0,0,0,0,0,0,0,0,0,0,0,0,0,0,45,0,17,0,94,0,10,0,0,0,6,0,19,0,143,3,18,0,87,0,0,0,0,0,10,0,63,0,3,0,14,0,8,0,25,0,22,0,0,0,2,0,0,0,0,0,0,0,7,0,0,0,0,0,3,0,0,0,0,0,0,0,0,0,1,0,0,0,0,0,0,0,1,0,3,0,8,0,0,0,0,0,0,1,7,0,0,0,0,0,0,0,0,0,12,0,4,0,0,0,72,0,0,0,0,1,0,0,0,0,0,0,0,0,0,0,0,0,0,0,28,0,0,0,0,0,0,0,0,0,0,0,57,0,0,0,19,0,0,0,0,0,0,0,0,9,0,0,0,80,6,92,5,5,2,0
0,0,0,0,0,0,0,0,0,0,0,0,0,0,0,0,25,0,0,0,0,0,0,0,0,0,0,0,0,0,0,0,0,0,0,0,0,0,0,0,0,0,0,0,0,0,0,0,0,0,0,0,0,0,0,1,0,0,0,0,0,0,0,0,0,0,0,0,12,0,297,0,199,0,274,0,49,0,0,0,12,0,195,0,28,0,66,0,16,0,3,0,41,0,24,0,0,0,35,0,11,0,75,0,0,0,29,0,1,0,0,0,1,0,0,0,0,0,0,0,101,0,43,0,0,0,0,0,0,0,0,0,0,0,0,0,0,0,0,0,34,0,106,0,22,0,0,0,0,0,51,0,0,0,0,0,0,0,0,0,0,0,7,0,0,0,0,0,65,0,0,0,0,0,0,0,0,0,0,0,0,0,0,0,0,0,0,0,0,0,0,0,32,0,12,0,0,0,0,0,61,0,0,0,84,0,0,0,0,0,248,0,47,0,31,8,2,0,0,0,3,0,0,0,0
0,0,0,0,0,0,0,0,0,0,0,0,0,0,0,0,0,0,0,0,0,0,0,0,0,0,0,0,0,3,0,0,0,0,0,0,0,0,0,1,0,0,0,8,0,6,0,0,0,1,0,0,0,0,0,0,0,0,0,0,0,0,0,0,0,17,0,0,0,0,0,32,0,63,0,116,0,6,0,0,0,0,0,0,0,5,0,53,0,0,0,0,0,0,0,0,0,0,0,0,0,0,0,0,0,0,0,0,0,0,0,0,0,0,0,0,0,0,0,0,2,3,0,16,0,73,0,57,2,0,0,0,0,25,0,46,14,0,0,0,0,12,0,10,0,28,0,52,0,54,0,70,0,0,0,0,0,0,0,0,13,0,0,13,0,0,0,0,0,0,0,0,0,5,0,0,0,0,0,0,0,86,0,0,0,0,0,0,0,0,0,0,0,0,0,0,0,0,0,35,0,47,0,0,0,0,0,0,0,74,0,0,0,0,4,0,0,0,10,0,0,0,0,0,0
