0,234,16,66,102,0,9,17,26,17,118,6,108,0,18,57,184,42,10,0,16,0,68,115,17,182,22,0,85,5,10,0,141,5,2,0,39,6,221,0,7,0,0,0,3,0,0,0,0,0,5,0,5,0,3,0,0,0,0,0,12,0,23,0,13,0,4,0,0,0,0,0,0,0,0,0,0,0,0,0,0,0,0,0,0,0,0,0,0,0,1,0,0,0,0,0,0,0,0,0,0,0,0,0,0,0,3,0,0,0,0,0,0,0,0,0,0,0,2,0,0,0,0,0,10,0,25,0,0,0,8,0,3,0,2,0,0,0,0,0,0,0,0,0,0,0,23,0,25,0,26,0,28,0,0,0,0,0,0,0,0,0,0,0,2,0,0,0,9,0,5,0,201,0,0,0,124,8,8,0,22,0,1,10,26,0,0,0,0,0,0,0,0,0,0,0,0,0,1,0,0,0,0,0,0,0,3,0,7,0,0,0,0,0,40,0,0,0,0,0,189,0,4,0,14,0,56,0,223,0,114,0,148,2,13,2,0,0,61,0,61,0,72,0,284,4,0,0,0
234,0,150,102,23,236,84,6,37,79,18,206,0,111,0,52,137,139,0,47,7,14,386,121,206,68,0,69,0,210,0,6,0,158,0,10,2,193,0,258,1,40,0,0,0,3,0,24,0,0,0,9,0,1,10,6,0,0,0,7,0,39,17,9,0,54,0,20,0,1,0,0,0,0,0,0,0,0,0,0,0,0,0,0,0,0,0,0,0,0,0,0,0,0,0,0,0,0,0,0,0,0,0,0,0,0,0,0,0,0,0,0,0,0,0,0,0,0,0,0,0,0,0,0,0,0,0,6,0,2,0,10,0,0,0,34,0,34,0,0,0,0,0,1,0,4,0,6,0,26,2,38,0,0,0,0,0,0,0,7,0,3,0,1,0,0,0,9,0,0,0,20,3,110,0,0,24,354,0,28,0,0,0,10,0,76,0,0,0,0,0,0,0,1,0,0,0,0,0,7,0,0,0,0,0,0,0,3,0,7,0,4,0,1,0,45,0,0,0,0,4,450,0,15,0,22,6,54,0,306,0,142,0,498,1,58,0,0,0,102,0,28,0,19,4,358,0,0,0
16,150,0,51,117,31,37,0,1,4,56,34,113,0,176,79,226,34,39,1,59,0,351,91,127,65,41,0,223,8,14,0,120,0,0,0,19,9,254,0,24,1,0,0,0,0,3,0,0,0,6,0,4,0,23,0,1,0,0,0,0,0,15,0,3,0,2,0,0,0,0,0,0,0,0,0,0,0,0,0,0,0,0,0,0,0,0,0,0,0,9,0,0,0,0,0,11,0,0,0,0,0,0,0,0,0,3,0,0,0,0,0,0,0,0,0,0,0,0,0,0,0,0,0,13,0,26,0,2,0,8,0,6,0,36,0,28,0,0,0,0,0,0,0,0,0,49,0,31,0,10,0,11,0,1,0,0,0,0,0,2,0,0,0,2,0,75,0,21,0,0,0,202,0,0,0,43,8,0,0,8,0,0,4,16,0,0,0,0,0,0,0,0,0,0,0,0,0,0,0,12,0,1,0,0,0,0,0,21,0,0,0,0,0,0,0,0,0,0,0,174,3,12,0,22,0,47,9,194,0,72,0,96,2,19,0,3,0,35,0,26,0,33,0,157,0,0,0,0
66,102,51,0,26,124,8,25,6,3,32,11,0,0,57,312,40,35,0,194,0,38,152,279,21,101,0,19,0,32,0,24,3,84,0,0,0,61,0,20,0,3,0,5,0,0,0,0,0,0,0,0,0,1,0,18,0,0,0,0,0,0,6,0,0,0,0,0,0,0,0,0,0,0,0,0,0,0,0,0,0,0,0,0,0,0,0,0,0,0,0,2,0,0,0,1,0,0,0,0,0,0,0,0,0,0,0,0,0,0,0,0,0,0,0,0,0,0,0,0,0,0,0,0,0,0,0,0,0,1,0,0,0,5,0,40,0,48,0,0,0,0,0,0,0,0,0,0,0,0,0,7,0,0,0,2,0,0,0,2,0,0,0,0,0,0,0,10,0,4,0,1,0,56,0,0,5,49,0,6,0,0,0,0,0,0,0,0,0,0,0,0,0,0,0,0,0,0,0,4,0,0,0,0,0,0,0,3,0,8,0,0,0,0,0,8,0,0,0,0,0,112,0,0,0,3,0,45,2,202,0,23,0,80,0,2,0,2,1,0,0,1,1,2,1,35,0,0,0
102,23,117,26,0,235,10,0,41,0,87,95,240,53,121,305,46,0,30,95,133,30,110,20,5,0,34,21,5,0,90,0,259,13,32,10,289,21,22,0,44,0,0,0,0,0,6,0,1,0,28,0,0,1,0,0,0,0,0,0,0,0,0,0,10,0,3,0,0,0,0,0,0,0,0,0,0,0,0,0,0,0,0,0,0,0,3,0,0,0,0,0,1,0,0,0,0,0,0,0,0,0,0,0,0,0,0,0,0,0,0,0,0,0,0,0,0,0,0,0,0,0,0,0,4,0,17,0,0,0,7,0,0,0,21,0,5,0,0,0,0,0,0,0,3,0,56,0,34,0,42,0,44,0,0,0,0,0,0,0,2,0,3,0,7,1,135,2,34,0,0,0,92,0,5,0,169,48,5,1,40,0,6,0,46,0,2,0,0,0,0,0,0,0,0,0,0,0,0,0,0,0,0,0,0,0,3,0,9,0,1,0,0,0,0,0,5,0,2,0,209,0,4,0,34,5,166,6,289,0,146,0,76,0,23,0,26,0,38,0,22,0,52,0,176,0,0,0,0
0,236,31,124,235,0,0,14,0,26,90,184,85,94,366,69,0,3,94,111,73,143,63,77,0,21,16,38,0,0,13,88,14,125,8,64,20,146,1,1,3,27,2,3,0,0,0,23,0,0,0,13,0,0,0,5,0,3,0,0,0,0,0,0,0,26,0,0,0,1,0,2,0,0,0,0,0,0,0,0,0,0,0,0,0,0,0,0,0,0,0,0,0,0,0,0,0,3,0,0,0,0,0,0,0,0,0,0,0,0,0,0,0,0,0,0,0,0,0,0,0,0,0,0,0,0,0,4,0,4,0,9,0,0,0,0,0,10,0,0,0,0,0,0,0,0,0,17,0,36,0,62,0,34,0,1,0,1,0,4,0,0,0,0,0,6,0,25,0,15,0,2,0,33,0,16,11,214,11,41,0,37,0,9,0,100,0,7,0,0,0,1,0,0,0,2,0,0,0,4,0,6,0,0,0,0,0,0,0,10,0,0,0,0,0,10,0,0,0,17,2,163,0,3,2,64,0,92,0,251,0,65,0,139,0,17,0,6,1,12,0,3,0,6,0,89,0,0,0
9,84,37,8,10,0,0,36,38,184,5,0,9,0,14,0,26,16,0,0,4,0,37,10,330,134,0,0,48,0,5,0,0,1,0,0,0,0,193,0,5,0,3,0,0,0,2,0,11,0,4,0,191,9,311,39,14,0,9,0,365,0,377,17,18,0,21,0,0,0,0,1,0,0,0,0,0,0,0,0,0,0,0,0,0,0,0,0,0,0,0,0,0,0,0,0,0,0,0,0,2,0,0,0,0,0,0,0,0,0,0,0,0,0,0,0,0,0,0,0,0,0,0,0,59,0,75,0,11,0,74,0,18,0,55,0,22,0,3,0,3,0,30,0,0,0,64,0,40,0,27,0,4,0,38,0,4,0,0,0,17,0,0,0,7,0,0,0,10,0,112,0,343,0,0,0,50,20,0,0,2,0,0,36,0,0,0,0,0,0,0,0,0,0,0,0,2,0,0,0,0,0,0,0,0,0,0,0,51,0,0,0,0,0,246,0,0,1,8,0,423,0,50,1,60,0,72,0,376,0,93,0,329,0,17,1,0,1,239,0,89,0,49,0,431,0,0,0,0
17,6,0,25,0,14,36,0,97,7,0,4,0,7,0,46,0,44,0,27,0,10,10,17,68,176,0,6,0,86,0,0,0,53,0,0,0,33,0,257,0,0,0,0,0,0,0,1,0,0,0,0,36,6,25,137,0,12,0,5,0,171,17,88,0,0,0,1,0,0,0,0,0,0,0,0,0,0,0,0,0,0,0,0,0,0,0,0,0,0,0,0,0,0,0,1,0,0,0,0,0,0,0,1,0,0,0,0,0,0,0,0,0,0,0,0,0,0,0,0,0,0,0,0,0,19,0,22,0,7,0,11,0,17,1,22,0,50,0,3,0,0,0,0,0,0,0,0,0,7,0,24,0,0,3,2,0,9,0,4,0,3,0,0,0,1,0,0,0,6,0,31,0,72,0,0,6,28,0,0,0,0,0,0,0,0,0,0,0,0,0,0,0,1,0,0,0,0,0,2,0,7,0,0,0,0,0,0,0,36,0,0,0,0,0,89,0,1,0,7,0,351,0,5,0,16,2,13,0,272,0,17,0,305,0,36,0,0,0,46,1,3,0,1,1,199,0,0,0
26,37,1,6,41,0,38,97,0,339,19,0,21,1,3,0,6,16,6,0,0,0,0,0,4,265,9,0,1,0,0,0,1,0,0,0,3,0,7,0,3,0,0,0,0,0,0,0,0,0,1,0,103,17,90,160,5,1,6,14,104,0,157,59,95,0,49,49,0,0,0,0,0,0,0,0,0,0,0,0,0,0,0,0,0,0,0,0,0,0,0,1,0,0,0,0,0,0,1,0,0,1,0,0,0,0,0,0,0,0,0,0,0,0,0,0,0,0,0,0,0,0,0,0,16,0,34,0,0,0,31,0,3,0,13,0,0,0,0,0,0,0,0,0,0,0,19,0,43,0,19,0,5,0,5,5,6,0,0,0,0,0,0,0,0,0,1,0,5,0,90,0,76,0,0,0,328,33,3,0,1,0,0,0,20,34,0,0,0,0,0,0,0,0,0,0,0,0,0,0,0,0,0,0,0,0,0,0,20,0,5,0,0,0,156,0,0,0,0,0,126,0,15,0,38,0,63,1,197,3,27,0,194,1,0,0,0,0,116,0,62,0,30,0,263,0,0,0,0
17,79,4,3,0,26,184,7,339,0,0,59,0,8,0,3,7,0,0,13,0,0,4,0,159,32,0,18,0,9,0,0,0,0,0,0,0,0,1,48,0,11,0,0,0,4,0,0,0,0,0,1,194,28,172,100,0,15,0,19,0,162,27,198,0,124,28,47,0,0,0,0,0,0,0,0,0,0,0,0,0,0,0,0,0,0,0,0,0,0,0,0,0,0,0,0,0,0,0,0,0,0,0,0,0,0,0,0,0,0,0,0,0,0,0,0,0,0,0,0,0,0,0,0,0,32,0,22,0,25,0,58,0,17,0,9,0,11,0,0,0,0,0,0,0,0,0,20,0,38,0,76,0,2,19,4,0,35,0,0,0,1,0,0,0,0,0,0,0,0,0,34,0,34,0,0,22,310,0,16,0,0,0,7,0,21,0,0,0,0,0,1,1,0,0,0,0,1,0,2,0,0,0,0,0,0,0,20,0,44,0,6,0,0,3,199,0,2,0,10,0,263,0,3,0,18,0,46,0,309,0,14,0,294,1,49,0,2,0,106,0,5,0,6,1,404,0,0,0
118,18,56,32,87,90,5,0,19,0,0,47,119,0,52,251,36,0,11,10,91,13,20,50,0,0,27,0,0,0,61,4,288,0,5,0,167,0,3,0,8,0,0,0,0,0,4,0,2,0,16,0,0,0,2,0,0,0,0,0,0,0,0,0,1,0,0,0,0,0,0,0,0,0,0,0,0,0,0,0,0,0,0,0,0,0,0,0,0,0,0,0,0,0,0,0,0,0,0,0,0,0,0,0,0,0,0,0,0,0,0,0,0,0,1,0,0,0,0,0,0,0,0,0,0,0,0,0,0,0,2,0,0,0,0,0,0,0,0,0,0,0,0,0,0,0,6,0,13,0,23,0,21,0,0,0,0,0,0,0,0,0,0,0,1,0,54,3,14,0,0,0,47,0,5,0,110,17,5,0,43,0,1,0,21,0,0,0,0,0,0,0,0,0,0,0,0,0,0,0,0,0,0,0,0,0,0,0,2,0,0,0,0,0,9,0,1,0,0,0,107,3,1,0,9,0,92,24,169,7,87,2,57,5,11,0,8,0,22,0,19,0,38,0,113,3,0,0,0
6,206,34,11,95,184,0,4,0,59,47,0,24,241,245,31,4,15,33,20,38,88,143,63,0,2,5,37,0,8,0,49,0,87,0,31,0,91,0,3,0,50,0,0,0,8,0,17,0,1,0,8,0,1,0,0,0,0,0,4,0,0,0,0,0,28,0,5,0,0,0,0,0,0,0,0,0,0,0,0,0,0,0,0,0,1,0,0,0,0,0,0,0,0,0,0,0,0,0,0,0,0,0,0,0,0,0,1,0,0,0,0,0,0,0,0,0,0,0,0,0,0,0,0,0,0,0,2,0,3,0,0,0,0,0,0,0,4,0,0,0,0,0,0,0,0,0,16,0,35,0,71,0,72,0,0,0,0,0,0,0,0,0,0,0,3,0,12,0,10,0,2,0,23,0,24,6,318,1,56,0,52,0,36,0,94,0,0,0,0,0,0,0,1,0,0,0,0,0,0,0,0,0,0,0,0,0,2,0,7,0,0,0,0,0,8,0,0,0,10,0,107,0,0,0,0,0,110,0,153,0,74,0,119,0,0,0,8,1,10,0,7,0,9,0,60,0,0,0
108,0,113,0,240,85,9,0,21,0,119,24,0,251,44,44,0,0,34,230,48,36,4,0,0,0,83,233,0,0,35,4,31,7,81,15,151,10,0,0,151,44,77,27,13,18,19,34,17,0,150,34,0,0,0,0,0,0,0,0,0,0,0,0,9,0,1,0,0,0,0,0,0,0,0,0,0,0,0,0,0,0,0,0,6,0,0,0,0,0,2,0,0,0,0,0,0,0,0,0,0,0,1,1,0,0,0,0,0,0,0,0,0,0,0,0,0,0,0,0,0,0,0,0,9,0,7,0,1,0,5,0,0,0,5,0,0,0,0,0,0,0,0,0,0,0,15,0,14,0,21,0,30,0,0,0,0,0,0,0,0,0,0,0,35,0,18,0,33,0,1,0,6,0,5,0,178,78,89,0,33,0,19,0,14,0,26,15,0,0,0,0,0,0,0,0,0,0,0,0,0,0,0,0,0,0,0,0,0,0,0,0,0,0,0,0,0,0,91,59,49,0,3,18,189,21,119,0,50,4,56,0,0,5,3,0,13,0,11,0,8,0,13,0,54,2,0,0,0
0,111,0,0,53,94,0,7,1,8,0,241,251,0,28,1,0,0,203,5,37,27,0,0,0,0,283,50,0,0,4,8,0,4,16,104,7,86,0,0,65,266,10,159,0,26,15,55,0,4,11,175,0,0,0,0,0,0,0,0,0,0,0,0,0,6,0,0,0,0,0,0,0,0,0,0,0,1,0,0,0,0,1,0,0,0,0,0,0,0,0,0,0,0,0,0,0,0,0,0,0,0,0,0,0,0,0,0,0,0,0,0,0,0,0,0,0,0,0,0,0,0,0,0,0,1,0,0,0,0,0,3,0,0,0,0,0,3,0,0,0,0,0,0,0,0,0,0,0,3,0,13,0,18,0,0,0,0,0,0,0,0,0,0,0,40,1,0,0,18,0,1,0,1,0,0,12,269,5,24,0,19,0,3,0,0,2,50,0,0,0,0,0,1,0,0,0,0,0,0,0,0,0,0,0,0,0,0,0,0,0,0,0,0,0,2,0,0,31,240,0,14,0,43,0,184,0,54,0,52,0,0,0,28,1,4,0,2,0,0,0,0,0,1,0,0,0,0,0
18,0,176,57,121,366,14,0,3,0,52,245,44,28,0,520,89,0,157,85,335,54,386,68,96,0,169,18,3,0,195,16,169,33,38,0,207,25,8,0,8,0,6,0,5,0,2,0,0,1,16,3,10,0,33,0,1,0,0,0,0,0,0,0,6,0,1,0,0,0,0,0,0,0,3,0,0,0,0,0,11,0,0,0,0,0,0,0,0,0,0,0,0,0,0,0,22,0,0,0,0,0,0,0,0,0,0,0,0,0,0,0,0,0,0,0,0,0,0,0,0,0,0,0,7,0,0,0,0,0,0,0,6,0,46,0,57,0,0,0,0,0,61,0,0,0,33,0,29,0,21,1,21,0,8,0,0,0,0,0,2,0,0,0,3,0,130,1,24,0,0,0,38,0,0,0,47,34,0,0,14,0,0,0,22,0,0,0,0,0,0,0,0,0,0,0,0,0,0,0,17,0,0,0,0,0,0,0,0,0,0,0,0,0,6,0,0,0,0,0,67,0,1,0,0,0,105,25,111,0,69,0,0,0,16,0,8,0,31,0,10,1,14,0,66,0,0,0,0
57,52,79,312,305,69,0,46,0,3,251,31,44,1,520,0,0,88,17,211,93,313,348,301,0,194,7,28,1,4,24,130,46,128,2,21,32,94,1,0,2,0,0,12,0,0,0,0,0,0,0,14,0,5,0,34,0,0,0,1,0,0,0,38,0,5,0,0,0,0,0,0,0,0,0,0,0,0,0,0,0,43,0,13,0,44,0,0,0,23,0,65,0,0,0,12,0,18,0,35,0,0,0,0,0,1,0,0,0,0,0,0,0,0,0,0,0,0,0,0,0,0,0,0,0,0,0,0,0,0,0,0,0,18,0,115,0,139,0,0,0,0,0,24,0,0,0,0,0,0,0,0,0,0,0,10,0,0,0,4,0,0,0,0,0,1,0,16,0,8,0,1,0,14,0,0,0,63,22,92,0,3,0,0,1,15,0,0,0,0,0,0,0,0,0,0,0,2,0,0,0,0,0,0,0,0,0,0,0,0,0,1,0,0,0,3,0,0,0,0,0,85,0,0,0,16,6,211,0,142,0,29,0,64,1,3,0,3,0,13,0,0,0,4,0,52,0,0,0
184,137,226,40,46,0,26,0,6,7,36,4,0,0,89,0,0,36,49,0,382,0,177,71,94,134,99,0,131,13,135,0,152,0,32,0,4,0,154,0,0,0,9,0,15,0,0,0,0,0,0,0,60,0,20,0,0,0,3,0,24,0,366,0,0,0,0,0,0,0,71,0,4,0,105,0,0,0,0,0,197,0,0,0,183,0,59,0,0,0,156,0,0,0,0,0,163,0,372,0,55,0,0,0,0,0,0,0,0,0,0,0,0,0,0,0,0,0,0,0,84,0,71,0,0,0,0,0,0,0,0,0,0,0,20,0,0,0,42,0,59,0,113,0,19,0,0,0,0,0,0,0,2,0,22,0,0,0,17,0,0,0,0,0,0,0,6,0,0,0,1,0,27,0,0,0,5,0,0,0,0,0,0,9,1,0,0,0,0,0,0,0,0,0,0,0,0,0,0,0,25,0,0,0,0,0,0,0,0,0,0,0,0,0,0,0,0,0,0,0,31,3,0,0,0,0,44,0,34,0,20,0,17,0,0,0,3,0,6,0,3,0,8,0,27,0,0,0,0
42,139,34,35,0,3,16,44,16,0,0,15,0,0,0,88,36,0,0,34,0,218,111,191,62,263,0,0,0,133,0,88,3,34,0,8,0,23,0,52,0,0,0,14,0,0,0,0,0,0,0,15,3,22,8,19,0,14,0,0,0,10,0,229,0,0,0,1,0,0,0,0,0,0,0,0,0,0,0,0,0,42,0,11,0,118,0,32,0,26,0,73,0,0,0,14,0,19,0,46,0,20,0,0,0,0,0,2,0,0,0,0,0,0,0,0,0,0,0,0,0,26,0,14,0,2,0,4,0,49,0,0,0,28,0,112,0,240,0,70,0,48,0,133,0,4,0,0,0,1,0,0,0,0,0,24,0,0,0,14,0,0,0,0,0,2,0,1,0,0,0,2,0,22,0,0,0,21,0,18,0,0,0,37,0,0,0,0,0,0,0,0,0,0,0,0,0,0,0,4,0,8,0,0,0,0,0,0,0,3,0,0,0,1,0,6,0,0,0,0,2,61,0,0,0,0,0,69,4,36,0,0,0,0,0,2,0,0,0,2,0,1,0,2,0,14,0,0,0
10,0,39,0,30,94,0,0,6,0,11,33,34,203,157,17,49,0,0,218,107,49,122,0,21,0,104,165,3,0,44,0,0,3,99,20,61,12,0,0,3,10,17,32,2,5,11,0,1,0,184,45,0,0,9,0,0,0,0,0,0,0,11,0,1,0,0,0,0,0,0,0,0,0,0,0,0,0,0,0,0,0,0,0,0,0,0,0,0,0,23,0,0,0,0,0,0,0,0,0,0,0,0,0,0,0,5,0,0,0,0,0,0,0,0,0,0,0,0,0,0,0,0,0,2,0,0,0,0,0,0,0,0,0,15,0,0,0,0,0,0,0,28,0,0,0,9,0,2,0,8,0,0,0,0,0,0,0,0,0,0,0,2,0,45,2,17,1,16,0,0,0,0,0,0,0,31,35,5,0,11,0,1,0,6,0,1,15,0,0,0,0,0,0,0,0,0,0,0,0,0,0,0,0,0,0,0,0,5,0,0,0,0,0,0,0,0,0,14,13,27,5,0,0,124,23,56,2,26,5,16,0,0,0,1,0,2,0,3,0,2,0,4,0,28,0,0,0,0
0,47,1,194,95,111,0,27,0,13,10,20,230,5,85,211,0,34,218,0,72,272,0,92,0,64,82,98,0,2,4,101,0,14,22,225,15,78,0,0,4,3,5,68,1,11,0,6,0,0,7,100,0,0,0,15,0,0,0,0,0,0,0,23,0,12,0,0,0,0,0,5,0,0,0,0,0,0,0,0,0,45,0,8,0,48,0,23,0,24,0,0,0,0,0,11,0,0,0,33,0,0,0,0,0,0,0,0,0,0,0,0,0,0,0,0,0,0,0,0,0,17,0,0,0,0,0,0,0,0,0,2,0,0,0,61,0,63,0,4,0,0,0,14,0,2,0,9,0,0,0,21,0,12,0,0,0,0,0,3,0,2,0,0,0,62,0,10,0,37,0,0,0,10,0,0,11,46,14,8,0,0,0,0,0,46,0,20,0,0,0,0,0,0,0,0,0,0,0,0,0,0,0,0,0,0,0,0,0,0,0,0,0,0,0,9,0,0,0,49,0,52,0,0,0,185,2,46,0,102,2,30,0,45,0,11,0,2,0,14,0,0,0,0,0,39,0,0,0
16,7,59,0,133,73,4,0,0,0,91,38,48,37,335,93,382,0,107,72,0,8,210,12,37,0,87,17,50,0,99,0,42,0,69,7,34,0,4,0,0,0,35,0,2,0,0,0,0,0,42,0,0,0,7,0,2,0,1,0,0,0,73,0,0,0,0,0,0,0,73,0,0,0,46,0,0,0,0,0,87,0,0,0,0,0,0,0,0,0,0,0,0,0,0,0,42,0,156,0,29,0,0,0,0,0,0,0,0,0,0,0,0,0,0,0,0,0,0,0,47,0,0,0,0,0,0,0,1,0,0,0,0,0,0,0,0,0,0,0,0,0,36,0,0,0,0,0,0,0,0,0,3,0,0,0,0,0,0,0,0,0,0,0,10,0,88,0,35,0,0,0,23,0,0,0,14,5,13,0,0,0,0,0,0,0,1,5,0,0,0,0,0,0,0,0,0,0,0,0,0,0,0,0,0,0,0,0,0,0,0,0,0,0,0,0,0,0,9,1,77,0,7,0,46,3,205,7,113,0,75,0,0,3,7,0,12,0,22,0,21,0,33,0,79,0,0,0,0
0,14,0,38,30,143,0,10,0,0,13,88,36,27,54,313,0,218,49,272,8,0,0,247,0,47,25,119,0,8,0,53,0,6,0,98,0,18,0,2,0,0,2,146,0,0,0,0,0,0,0,91,0,10,0,8,0,0,0,0,0,0,0,78,0,0,0,0,0,0,0,0,0,0,0,0,0,0,0,0,0,88,0,14,0,148,0,40,0,24,0,64,0,0,0,18,0,0,0,67,0,19,0,0,0,0,0,0,0,0,0,0,0,0,0,0,0,0,0,0,0,50,0,43,0,0,0,0,0,14,0,0,0,9,0,54,0,87,0,36,0,40,0,115,0,0,0,0,0,3,0,0,0,0,0,0,0,1,0,0,0,6,0,0,0,21,0,12,0,0,0,0,0,5,0,0,0,33,2,57,0,6,0,0,0,9,0,19,1,0,0,0,0,0,0,0,0,0,0,0,0,0,0,0,0,0,0,0,0,0,0,0,0,0,0,4,0,0,0,24,0,51,0,1,0,51,0,101,0,60,0,39,0,66,0,0,0,1,0,16,0,2,0,0,1,42,0,0,0
68,386,351,152,110,63,37,10,0,4,20,143,4,0,386,348,177,111,122,0,210,0,0,318,129,118,74,0,36,17,41,2,68,12,16,0,16,17,41,5,0,0,0,1,5,0,0,0,0,0,5,0,14,0,50,0,0,0,0,0,0,0,28,0,1,0,0,0,1,0,0,0,0,0,0,0,0,0,0,0,0,0,0,0,69,0,0,0,0,0,55,0,0,0,0,0,46,0,50,0,0,0,0,0,0,0,0,0,0,0,0,0,0,0,0,0,0,0,0,0,0,0,10,0,0,0,0,0,0,0,0,0,9,0,61,0,83,0,0,0,23,0,115,0,0,0,5,0,2,0,4,0,2,0,13,0,0,0,0,0,0,0,0,0,0,0,27,0,6,0,1,0,44,0,0,0,32,16,0,0,0,0,0,15,2,0,0,0,0,0,0,0,0,0,0,0,0,0,0,0,38,0,0,0,0,0,0,0,5,0,0,0,0,0,0,0,0,0,0,0,44,0,0,0,0,0,120,31,73,12,32,3,37,0,0,2,2,0,13,2,9,0,20,0,46,0,0,0,0
115,121,91,279,20,77,10,17,0,0,50,63,0,0,68,301,71,191,0,92,12,247,318,0,49,298,0,29,0,25,0,79,0,32,0,16,0,25,0,6,0,0,0,19,0,0,0,0,0,0,0,15,0,2,0,20,0,2,0,0,0,3,13,69,0,0,0,0,0,0,0,0,0,0,0,0,0,0,0,0,0,38,0,15,0,60,0,26,0,22,0,76,0,0,0,20,0,16,0,42,0,23,0,0,0,0,0,6,0,0,0,0,0,0,0,0,0,0,0,0,0,14,0,4,0,0,0,3,0,0,0,1,0,11,0,90,0,86,0,0,0,0,0,28,0,0,0,0,0,0,0,2,0,0,0,8,0,1,0,2,0,0,0,0,0,0,0,1,0,0,0,1,0,15,0,0,0,45,0,58,0,0,0,10,0,3,0,0,0,0,0,0,0,0,0,0,0,0,0,5,0,11,0,0,0,0,0,0,0,7,0,0,0,0,0,0,0,0,0,0,0,46,0,0,0,7,1,311,0,63,0,24,0,41,0,0,0,1,0,7,0,0,0,0,0,25,0,0,0
17,206,127,21,5,0,330,68,4,159,0,0,0,0,96,0,94,62,21,0,37,0,129,49,0,470,14,0,9,0,10,0,8,0,0,0,0,0,33,0,0,0,0,0,0,0,0,0,0,0,0,0,110,0,122,9,7,0,0,0,8,0,81,23,0,0,1,0,0,0,0,0,0,0,14,0,0,0,0,0,0,0,0,0,113,0,0,0,0,0,0,0,0,0,0,0,89,0,0,0,0,0,0,0,0,0,17,0,0,0,0,0,0,0,0,0,0,0,0,0,0,0,23,0,3,0,14,0,13,0,0,0,16,0,68,0,123,0,11,1,57,0,255,0,2,0,5,0,2,0,0,0,0,0,44,0,2,0,17,0,2,0,0,0,0,0,0,0,1,0,1,0,22,0,0,0,2,12,0,0,0,0,0,65,0,0,0,0,0,0,0,0,0,0,0,0,0,0,0,0,62,0,0,0,0,0,1,0,10,0,1,0,0,0,8,0,0,0,0,0,18,0,0,0,0,0,10,1,38,0,10,0,12,0,0,0,0,0,8,0,5,0,2,0,20,0,0,0,0
182,68,65,101,0,21,134,176,265,32,0,2,0,0,0,194,134,263,0,64,0,47,118,298,470,0,0,9,0,192,0,9,0,60,0,0,0,21,0,205,0,0,0,3,0,0,0,0,0,0,0,0,58,18,136,131,0,10,1,0,0,54,73,58,0,0,1,0,0,0,0,0,0,0,0,0,0,1,0,0,0,8,0,0,0,24,0,0,0,4,0,25,0,0,0,0,1,19,2,8,0,0,0,0,0,0,0,5,0,0,0,0,0,0,0,0,0,0,0,0,0,0,0,0,0,0,0,11,0,9,0,2,0,25,0,155,0,250,0,5,0,0,3,19,0,0,0,1,0,0,0,4,0,0,1,40,0,0,0,6,0,2,0,0,0,0,0,4,0,0,0,16,6,39,0,0,6,17,0,0,0,0,0,7,0,1,0,0,0,0,0,0,0,1,0,0,0,0,0,9,0,16,0,0,0,0,0,0,0,14,0,0,0,1,1,17,0,0,0,3,0,176,0,3,0,5,0,29,5,152,0,10,0,161,0,16,0,0,4,20,0,0,2,0,2,93,0,0,0
22,0,41,0,34,16,0,0,9,0,27,5,83,283,169,7,99,0,104,82,87,25,74,0,14,0,0,276,27,0,18,0,0,3,19,4,48,0,0,0,25,129,245,45,40,25,3,62,11,0,244,29,5,0,3,0,0,0,3,0,0,0,22,0,0,0,0,0,0,0,62,0,0,0,29,0,0,0,0,0,0,0,0,0,0,0,0,0,0,0,0,0,0,0,0,0,17,0,0,0,10,0,0,0,0,0,0,0,0,0,0,0,0,0,0,0,0,0,0,0,0,0,0,0,0,0,0,0,0,0,0,0,0,0,13,0,0,0,0,0,0,0,16,0,14,0,2,0,1,0,0,0,5,0,0,0,2,0,0,0,3,0,0,0,85,0,0,0,0,0,0,0,0,0,1,0,24,57,17,0,10,0,0,0,12,0,5,6,0,0,2,0,0,0,0,0,0,0,0,0,0,0,0,0,0,0,0,0,3,0,0,0,0,0,0,0,0,0,316,86,15,0,20,13,278,3,48,0,19,0,0,0,0,0,2,0,0,0,4,0,2,0,0,0,0,0,0,0,0
0,69,0,19,21,38,0,6,0,18,0,37,233,50,18,28,0,0,165,98,17,119,0,29,0,9,276,0,0,0,0,41,0,4,0,55,0,31,0,0,90,27,8,360,3,164,12,25,1,7,17,249,0,0,0,0,0,0,0,0,0,0,0,7,0,15,0,5,0,2,0,0,0,0,0,0,0,0,0,0,0,0,0,0,0,32,0,0,0,0,0,0,0,0,0,13,0,0,0,0,0,0,0,8,0,0,0,2,0,0,0,0,0,0,0,0,0,0,0,1,0,11,0,0,0,1,0,0,0,6,0,3,0,0,0,15,0,36,0,0,0,0,0,28,0,0,0,0,0,15,0,18,0,0,0,0,0,0,0,0,0,0,0,0,0,129,0,2,0,62,0,2,0,2,0,0,8,77,3,9,0,9,0,2,0,25,6,30,0,0,0,0,0,0,0,0,0,0,0,0,0,0,0,0,0,0,0,0,0,7,0,0,0,0,0,0,0,0,18,466,1,14,0,86,2,211,0,63,0,52,0,0,0,28,0,0,0,2,0,0,0,3,0,0,0,6,0,0,0
85,0,223,0,5,0,48,0,1,0,0,0,0,0,3,1,131,0,3,0,50,0,36,0,9,0,27,0,0,0,25,0,6,0,43,0,11,0,3,0,0,0,24,0,0,0,0,0,0,0,12,0,1,0,0,0,0,0,0,0,13,0,33,0,0,0,0,0,0,0,49,0,0,0,32,0,0,0,0,0,76,0,0,0,36,0,29,0,3,0,20,0,0,0,0,0,23,0,104,0,0,0,0,0,0,0,0,0,0,0,0,0,0,0,0,0,0,0,0,0,29,0,23,0,0,0,0,0,0,0,0,0,0,0,0,0,0,0,30,0,35,0,18,0,45,0,0,0,1,0,0,0,0,0,0,0,5,0,2,0,0,0,0,0,0,0,0,0,0,0,0,0,1,0,0,0,2,0,0,0,0,0,0,0,0,0,0,0,0,0,0,0,0,0,0,0,0,0,0,0,0,0,0,0,0,0,0,0,0,0,0,0,0,0,0,0,0,0,0,0,0,0,0,0,0,0,0,0,0,0,0,0,0,0,0,0,0,0,0,0,0,0,0,0,3,0,0,0,0
5,210,8,32,0,0,0,86,0,9,0,8,0,0,0,4,13,133,0,2,0,8,17,25,0,192,0,0,0,0,0,5,0,11,0,0,0,7,0,14,0,0,0,5,0,0,0,0,0,0,0,3,0,3,0,19,0,12,0,0,0,15,0,33,0,0,0,0,0,0,0,1,0,0,0,0,0,0,0,0,0,13,0,0,0,39,0,0,0,0,0,0,0,0,0,0,0,4,0,11,0,0,0,0,0,0,0,0,0,0,0,0,0,1,0,0,0,0,0,0,0,4,0,8,0,0,0,0,0,43,0,0,0,15,0,24,0,99,0,96,0,65,0,68,0,14,0,0,0,0,0,0,0,0,0,8,0,4,0,13,0,3,0,0,0,0,0,0,0,0,0,1,0,9,0,0,0,25,0,7,0,0,0,28,0,0,0,0,0,0,0,0,0,0,0,0,0,0,0,0,0,0,0,0,0,0,0,0,0,0,0,0,0,0,0,0,0,0,0,0,0,15,0,0,0,0,0,19,0,18,0,3,0,0,0,1,0,0,0,2,0,0,0,0,0,10,0,0,0
10,0,14,0,90,13,5,0,0,0,61,0,35,4,195,24,135,0,44,4,99,0,41,0,10,0,18,0,25,0,0,0,0,0,54,0,16,0,5,0,0,0,33,0,0,0,0,0,0,0,25,0,0,0,5,0,0,0,0,0,0,0,28,0,0,0,0,0,0,0,31,0,0,0,17,0,0,0,0,0,33,0,0,0,0,0,0,0,0,0,0,0,0,0,0,0,0,0,54,0,0,0,0,0,0,0,0,0,0,0,0,0,0,0,0,0,0,0,0,0,18,0,0,0,0,0,0,0,0,0,0,0,0,0,3,0,3,0,0,0,0,0,0,0,10,0,2,0,0,0,0,0,0,0,0,0,0,0,0,0,0,0,0,0,3,0,28,0,15,0,0,0,12,1,0,0,10,0,10,0,0,0,0,0,0,0,0,0,0,0,0,0,0,0,0,0,0,0,0,0,8,0,0,0,0,0,0,0,1,0,0,0,0,0,2,0,0,0,0,0,22,0,2,0,0,0,54,3,37,0,0,0,12,0,7,0,4,0,10,0,0,0,6,0,0,0,0,0,0
0,6,0,24,0,88,0,0,0,0,4,49,4,8,16,130,0,88,0,101,0,53,2,79,0,9,0,41,0,5,0,0,0,0,0,46,0,15,0,1,0,0,0,57,0,7,0,0,0,0,0,26,0,0,0,0,0,0,0,0,0,0,0,17,0,0,0,0,0,0,0,0,0,0,0,0,0,0,0,0,0,29,0,0,0,52,0,19,0,0,0,24,0,0,0,7,0,0,0,9,0,10,0,0,0,0,0,0,0,0,0,0,0,0,0,0,0,0,0,0,0,0,0,4,0,0,0,0,0,6,0,0,0,6,0,20,0,35,0,11,0,20,0,40,0,0,0,0,0,0,0,0,0,0,0,0,0,2,0,0,0,0,0,0,0,1,0,7,0,0,0,0,0,6,0,0,1,31,0,57,0,0,0,0,0,10,0,5,0,0,0,0,0,0,0,1,0,0,0,0,0,0,0,0,0,0,0,0,0,1,0,0,0,0,0,0,0,0,0,0,0,22,0,0,0,7,0,33,0,35,0,10,0,14,0,0,0,3,0,0,0,0,0,0,0,10,0,0,0
141,0,120,3,259,14,0,0,1,0,288,0,31,0,169,46,152,3,0,0,42,0,68,0,8,0,0,0,6,0,0,0,0,0,7,0,38,0,0,0,0,0,1,0,0,0,0,0,0,0,1,0,3,0,0,0,3,0,3,0,0,0,27,0,0,0,1,0,0,0,68,0,0,0,28,0,0,0,0,0,56,0,0,0,0,0,0,0,0,0,22,0,0,0,0,0,21,0,96,0,9,0,0,0,0,0,0,0,0,0,0,0,0,0,0,0,0,0,0,0,29,0,9,0,0,0,0,0,0,0,0,0,0,0,0,0,2,0,9,0,0,0,0,0,12,0,0,0,0,0,6,0,0,0,0,0,4,0,0,0,0,0,0,0,1,0,37,0,0,0,0,0,13,0,0,0,21,0,15,0,1,0,0,0,2,0,0,0,0,0,0,0,0,0,0,0,0,0,0,0,0,0,0,0,0,0,0,0,0,0,0,0,0,0,5,0,0,0,0,0,35,0,0,0,0,0,89,5,36,0,19,0,20,0,3,0,3,1,13,0,8,0,6,0,45,0,0,0,0
5,158,0,84,13,125,1,53,0,0,0,87,7,4,33,128,0,34,3,14,0,6,12,32,0,60,3,4,0,11,0,0,0,0,0,18,1,71,0,1,0,0,0,0,0,1,0,0,0,0,0,0,0,0,0,0,0,0,0,0,0,7,0,6,0,1,0,0,0,0,0,0,0,0,0,0,0,1,0,0,0,0,0,0,0,0,0,0,0,5,0,9,0,0,0,6,0,0,0,0,0,0,0,0,0,0,0,0,0,0,0,0,0,0,0,0,0,0,0,0,0,6,0,4,0,0,0,0,0,0,0,0,0,5,0,0,0,26,0,26,0,0,0,20,0,10,0,0,0,3,0,3,0,0,0,3,0,0,0,1,0,0,0,0,0,0,0,8,0,3,0,0,0,10,0,0,2,51,1,117,0,0,0,13,0,8,0,11,0,0,0,0,0,0,0,0,0,0,0,0,0,0,0,0,0,0,0,0,0,0,0,0,0,0,0,0,0,0,0,0,0,40,0,0,0,0,0,56,0,67,0,0,0,19,0,0,0,0,0,0,0,0,0,0,0,7,0,0,0
2,0,0,0,32,8,0,0,0,0,5,0,81,16,38,2,32,0,99,22,69,0,16,0,0,0,19,0,43,0,54,0,7,0,0,0,97,2,0,0,0,0,23,0,0,1,0,0,1,0,98,2,0,0,0,0,0,0,2,0,0,0,16,0,0,0,0,0,0,0,29,0,2,0,17,0,0,0,0,0,0,0,0,0,0,0,20,0,2,0,0,0,0,0,0,0,0,0,56,0,0,0,0,0,0,0,0,0,0,0,0,0,0,0,0,0,0,0,0,0,18,0,0,0,0,0,0,0,0,0,0,0,0,0,0,0,4,0,0,0,0,0,0,0,14,0,0,0,0,0,0,0,2,0,0,0,0,0,0,0,0,0,0,0,34,0,22,0,0,0,6,0,6,0,0,0,2,1,20,0,0,0,0,0,0,0,0,3,0,0,0,0,0,0,0,0,0,0,0,0,0,0,0,0,0,0,0,0,0,0,0,0,0,0,0,0,0,0,20,0,23,0,0,0,138,0,90,0,32,0,18,0,0,0,0,0,0,0,7,0,0,0,0,0,13,1,0,0,0
0,10,0,0,10,64,0,0,0,0,0,31,15,104,0,21,0,8,20,225,7,98,0,16,0,0,4,55,0,0,0,46,0,18,0,0,0,42,0,2,0,1,0,28,0,7,0,0,0,0,0,15,0,0,0,3,0,0,0,0,0,1,0,0,0,0,0,0,0,0,0,0,0,0,0,0,0,0,0,4,0,66,0,14,0,86,0,25,0,0,0,26,0,0,0,0,0,5,0,26,0,0,0,3,0,0,0,0,0,0,0,0,0,0,0,0,0,0,0,0,0,50,0,52,0,0,0,0,0,0,0,0,0,0,0,20,0,35,0,17,0,23,0,51,0,0,0,0,0,0,0,0,0,0,0,4,0,0,0,0,0,0,0,0,0,11,0,8,0,0,0,0,0,6,0,0,2,34,1,21,0,0,0,0,0,0,1,37,0,0,0,0,0,0,0,0,0,0,0,0,0,0,0,0,0,0,0,0,0,0,0,0,0,0,0,2,0,0,0,8,0,15,0,0,0,55,0,20,0,47,0,12,0,0,0,1,0,0,0,0,0,0,0,0,0,0,0,0,0
39,2,19,0,289,20,0,0,3,0,167,0,151,7,207,32,4,0,61,15,34,0,16,0,0,0,48,0,11,0,16,0,38,1,97,0,0,0,18,0,3,0,37,0,5,0,0,0,0,0,71,0,1,0,0,0,4,0,0,0,9,0,21,0,0,0,0,0,0,0,108,0,6,0,29,0,0,0,0,0,67,0,5,0,0,0,33,0,0,0,0,0,0,0,0,0,0,0,92,0,0,0,0,0,0,0,4,0,0,0,0,0,0,0,0,0,0,0,0,0,53,0,0,0,0,0,0,0,6,0,0,0,0,0,0,0,0,0,25,0,36,0,13,0,74,0,0,0,0,0,3,0,4,0,0,0,15,0,0,0,5,0,13,0,11,0,29,0,39,0,27,0,47,0,0,0,19,4,76,0,0,0,0,0,2,0,0,0,0,0,0,0,0,0,0,0,0,0,0,0,0,0,0,0,0,0,0,0,0,0,0,0,0,0,0,0,2,0,0,0,36,0,0,0,49,0,68,0,79,0,17,0,10,0,9,0,7,0,16,0,0,0,7,0,23,0,0,0,0
6,193,9,61,21,146,0,33,0,0,0,91,10,86,25,94,0,23,12,78,0,18,17,25,0,21,0,31,0,7,0,15,0,71,2,42,0,0,0,13,0,0,0,45,0,12,0,0,0,0,0,26,0,1,0,0,0,0,0,3,0,39,0,0,0,0,0,0,0,0,0,0,0,0,0,0,0,0,0,0,0,72,0,0,0,89,0,32,0,0,0,23,0,0,0,0,0,2,0,20,0,0,0,0,0,0,0,0,0,0,0,0,0,0,0,0,0,0,0,0,0,46,0,77,0,0,0,0,0,14,0,0,0,0,0,14,0,56,0,79,0,103,0,89,0,67,0,0,0,2,0,0,0,0,0,6,0,12,0,0,0,4,0,0,0,6,0,3,0,7,0,7,0,20,0,0,3,67,4,113,0,0,0,11,0,0,0,32,0,0,0,0,0,0,0,0,0,0,0,0,0,0,0,0,0,0,0,0,0,0,0,0,0,0,0,0,0,0,0,3,0,38,0,2,0,39,0,162,0,113,0,0,0,7,0,2,0,0,0,6,0,0,0,0,0,12,0,0,0
221,0,254,0,22,1,193,0,7,1,3,0,0,0,8,1,154,0,0,0,4,0,41,0,33,0,0,0,3,0,5,0,0,0,0,0,18,0,0,0,0,0,0,0,0,0,0,0,0,0,4,0,4,0,0,0,0,0,1,0,3,0,42,0,0,0,0,0,0,0,37,0,0,0,21,0,0,0,2,0,0,0,0,0,0,0,0,0,0,0,6,0,0,0,0,0,0,0,37,0,0,0,0,0,0,0,0,0,0,0,0,0,0,0,0,0,0,0,0,0,26,0,0,0,0,0,0,0,2,0,0,0,0,0,0,0,0,0,33,0,32,0,0,0,44,0,0,0,0,0,0,0,4,0,5,0,7,0,0,0,0,0,0,0,0,0,0,0,0,0,9,0,34,0,0,0,3,0,0,0,0,0,1,0,6,0,0,0,0,0,0,0,0,0,0,0,1,0,0,0,0,0,0,0,0,0,0,0,0,0,0,0,0,0,3,0,0,0,0,0,5,0,0,0,0,0,63,0,0,0,0,0,19,0,0,0,0,0,9,0,3,0,7,0,24,0,0,0,0
0,258,0,20,0,1,0,257,0,48,0,3,0,0,0,0,0,52,0,0,0,2,5,6,0,205,0,0,0,14,0,1,0,1,0,2,0,13,0,0,0,0,0,0,0,0,0,0,0,0,0,0,0,4,0,9,0,6,0,0,0,25,2,13,0,0,0,0,0,0,0,0,0,0,0,0,0,1,0,0,0,0,0,0,0,0,0,0,0,0,0,2,0,0,0,0,0,0,0,0,0,0,0,0,0,0,0,0,0,0,0,0,0,0,0,0,0,0,0,0,0,0,0,2,0,1,0,0,0,8,0,0,0,3,0,0,0,12,0,50,0,18,0,0,0,8,0,0,0,0,0,0,0,0,0,6,0,25,0,11,0,0,0,0,0,0,0,0,0,0,0,1,0,10,0,0,0,52,0,9,0,0,0,47,0,0,0,0,0,0,0,0,0,0,0,0,0,0,0,0,0,0,0,0,0,0,0,0,0,0,0,0,0,0,0,0,0,0,0,0,0,20,0,0,0,0,0,69,0,21,0,0,0,3,0,2,0,0,0,4,0,0,0,0,0,18,0,0,0
7,1,24,0,44,3,5,0,3,0,8,0,151,65,8,2,0,0,3,4,0,0,0,0,0,0,25,90,0,0,0,0,0,0,0,0,3,0,0,0,0,142,79,8,41,14,2,88,81,0,7,2,0,0,0,0,0,0,0,0,0,0,0,0,1,0,0,0,0,0,0,0,0,0,0,0,0,0,0,0,0,0,0,0,0,0,0,0,0,0,0,0,0,0,0,0,0,0,0,0,0,0,0,0,0,0,0,0,0,0,0,0,0,0,0,0,0,0,0,0,0,0,0,0,1,0,0,0,0,0,0,0,2,0,0,0,0,0,0,0,0,0,0,0,0,0,1,0,0,0,0,0,1,0,0,0,0,0,0,0,0,0,0,0,49,0,0,0,0,0,0,0,0,0,1,0,9,20,0,0,3,0,1,0,1,0,23,0,0,0,0,0,0,0,0,0,0,0,0,0,0,0,0,0,0,0,0,0,0,0,0,0,0,0,0,0,0,0,298,105,0,0,118,75,0,0,0,0,0,0,0,0,0,0,0,0,0,0,0,0,0,0,0,0,0,0,0,0,0
0,40,1,3,0,27,0,0,0,11,0,50,44,266,0,0,0,0,10,3,0,0,0,0,0,0,129,27,0,0,0,0,0,0,0,1,0,0,0,0,142,0,10,37,14,77,26,64,2,65,2,11,0,0,0,0,0,0,0,0,0,0,0,0,0,0,0,0,0,1,0,0,0,0,0,0,0,0,0,0,0,0,0,0,0,0,0,0,0,0,0,0,0,0,0,0,0,0,0,0,0,0,0,1,0,0,0,0,0,0,0,0,0,0,0,0,0,0,0,0,0,0,0,0,0,0,0,0,0,1,0,0,0,0,0,0,0,0,0,0,0,0,0,0,0,0,0,0,0,0,0,6,0,2,0,0,0,0,0,0,0,0,0,0,0,36,0,0,0,3,0,0,0,0,0,4,0,120,0,0,0,15,0,0,0,0,6,2,0,0,0,0,0,0,0,0,0,0,0,1,0,0,0,0,0,0,0,0,0,0,0,0,0,0,0,0,0,0,99,127,0,0,9,345,0,6,0,0,0,0,0,0,0,0,0,0,0,0,0,0,0,0,0,0,0,0,0,0,0
0,0,0,0,0,2,3,0,0,0,0,0,77,10,6,0,9,0,17,5,35,2,0,0,0,0,245,8,24,0,33,0,1,0,23,0,37,0,0,0,79,10,0,2,77,2,47,0,1,0,53,0,0,0,0,0,1,0,0,0,0,0,6,0,0,0,0,0,0,0,26,0,0,0,16,0,0,0,0,0,0,0,0,0,10,0,0,0,0,0,0,0,0,0,0,0,0,0,0,0,0,0,0,0,0,0,0,0,0,0,0,0,0,0,0,0,0,0,0,0,0,0,0,0,0,0,0,0,0,0,0,0,0,0,0,0,0,0,0,0,0,0,0,0,15,0,0,0,0,0,0,0,0,0,0,0,0,0,0,0,2,0,0,0,23,0,4,0,0,0,0,0,0,0,0,0,2,3,9,0,0,0,0,0,0,0,2,0,0,0,0,0,0,0,0,0,1,0,0,0,0,0,0,0,0,0,0,0,0,0,0,0,0,0,0,0,0,0,143,17,8,0,4,2,56,0,12,0,13,0,5,0,0,0,0,0,0,0,0,0,0,0,0,0,6,0,0,0,0
0,0,0,5,0,3,0,0,0,0,0,0,27,159,0,12,0,14,32,68,0,146,1,19,0,3,45,360,0,5,0,57,0,0,0,28,0,45,0,0,8,37,2,0,0,51,0,23,0,0,0,90,0,0,0,0,0,0,0,0,0,0,0,0,0,0,0,0,0,0,0,0,0,0,0,0,0,0,0,0,0,0,0,0,0,63,0,0,0,0,0,0,0,0,0,0,0,5,0,24,0,0,0,0,0,0,0,0,0,0,0,0,0,0,0,0,0,0,0,0,0,0,0,33,0,0,0,0,0,0,0,0,0,0,0,0,0,45,0,25,0,34,0,56,0,18,0,0,0,0,0,0,0,0,0,0,0,0,0,0,0,0,0,0,0,39,0,4,0,0,0,0,0,1,0,0,0,11,0,0,0,0,0,0,0,0,1,29,0,0,0,0,0,0,0,0,0,0,0,2,0,0,0,0,0,0,0,0,0,0,0,0,0,0,0,0,0,0,8,101,0,10,0,6,0,42,0,46,0,12,0,14,0,0,0,0,0,1,0,4,0,0,0,0,0,7,0,0,0
3,0,0,0,0,0,0,0,0,0,0,0,13,0,5,0,15,0,2,1,2,0,5,0,0,0,40,3,0,0,0,0,0,0,0,0,5,0,0,0,41,14,77,0,0,0,27,11,29,0,11,0,3,0,0,0,0,0,0,0,0,0,7,0,0,0,0,0,0,0,13,0,0,0,0,0,1,0,0,0,0,0,0,0,0,0,3,0,0,0,0,0,0,0,0,0,2,0,0,0,0,0,2,0,0,0,0,0,0,0,0,0,0,0,0,0,0,0,0,0,4,0,0,0,0,0,0,0,0,0,0,0,0,0,0,0,0,0,0,0,0,0,0,0,1,0,0,0,0,0,2,0,0,0,0,0,0,0,0,0,0,0,0,0,87,0,1,0,0,0,1,0,2,0,3,0,2,0,8,0,5,0,0,0,2,0,6,0,0,0,0,0,0,0,1,0,0,0,0,0,0,0,0,0,0,0,0,0,0,0,0,0,0,0,0,0,0,0,128,0,3,0,49,17,30,0,3,0,14,0,2,0,1,0,0,0,0,0,1,0,0,0,0,0,3,0,0,0,0
0,3,0,0,0,0,0,0,0,4,0,8,18,26,0,0,0,0,5,11,0,0,0,0,0,0,25,164,0,0,0,7,0,1,1,7,0,12,0,0,14,77,2,51,0,0,4,113,0,7,0,59,0,0,0,0,0,0,0,1,0,0,0,0,0,0,0,0,0,4,0,0,0,0,0,0,0,0,0,0,0,0,0,10,0,0,0,7,0,5,0,0,0,0,0,11,0,0,0,8,0,0,0,0,0,0,0,0,0,0,0,0,0,0,0,0,0,0,0,0,0,3,0,9,0,0,0,0,0,0,0,0,0,0,0,0,0,0,0,0,0,0,0,0,0,0,0,1,0,2,0,6,0,0,0,0,0,0,0,0,0,0,0,0,0,68,0,0,0,31,0,1,0,0,0,0,0,10,0,0,0,0,0,0,0,7,0,9,0,0,0,0,0,0,0,0,0,0,0,0,0,3,0,0,0,0,0,0,0,2,0,0,0,0,0,1,0,0,8,146,0,7,0,35,0,11,0,10,0,21,0,0,0,4,0,3,0,0,0,0,0,0,0,0,0,4,0,0,0
0,0,3,0,6,0,2,0,0,0,4,0,19,15,2,0,0,0,11,0,0,0,0,0,0,0,3,12,0,0,0,0,0,0,0,0,0,0,0,0,2,26,47,0,27,4,0,18,17,0,7,1,0,0,0,0,0,0,0,0,0,0,0,0,0,0,0,0,0,0,0,0,0,0,0,0,0,0,0,0,0,0,0,0,0,0,0,0,0,0,0,0,0,0,0,0,0,0,0,0,0,0,0,0,0,0,0,0,0,0,0,0,0,0,0,0,0,0,0,0,0,0,0,0,0,0,0,0,0,0,0,0,0,0,0,0,0,0,0,0,0,0,0,0,0,0,0,0,0,0,0,0,0,0,0,0,0,0,0,0,0,0,0,0,39,0,0,0,0,0,0,0,0,0,0,0,0,5,0,0,0,0,0,0,1,0,1,0,0,0,0,0,0,0,0,0,0,0,0,0,0,0,0,0,0,0,0,0,0,0,0,0,0,0,0,0,1,0,189,15,0,0,30,6,20,0,0,0,1,0,0,0,2,0,0,0,0,0,0,0,0,0,0,0,0,0,0,0,0
0,24,0,0,0,23,0,1,0,0,0,17,34,55,0,0,0,0,0,6,0,0,0,0,0,0,62,25,0,0,0,0,0,0,0,0,0,0,0,0,88,64,0,23,11,113,18,0,0,33,0,15,0,0,0,0,0,0,0,0,0,0,0,0,0,0,0,0,0,4,0,0,0,0,0,0,0,0,0,0,0,0,0,0,0,0,0,0,0,0,0,0,0,0,0,0,0,0,0,0,0,0,0,0,0,0,0,0,0,0,0,0,0,0,0,0,0,0,0,0,0,0,0,0,0,0,0,0,0,0,0,0,0,1,0,1,0,0,0,0,0,0,0,0,0,0,0,1,0,0,0,3,0,0,0,0,0,0,0,0,0,0,0,0,0,71,0,0,0,11,0,0,0,0,0,0,0,30,0,0,0,0,0,0,0,2,4,0,0,0,0,0,0,0,0,0,0,0,0,0,0,0,0,0,0,0,0,0,0,2,0,0,0,0,0,0,0,0,46,289,0,1,0,279,0,0,0,4,0,0,0,0,0,0,0,0,0,0,0,0,0,0,0,0,0,0,0,0,0
0,0,0,0,1,0,11,0,0,0,2,0,17,0,0,0,0,0,1,0,0,0,0,0,0,0,11,1,0,0,0,0,0,0,1,0,0,0,0,0,81,2,1,0,29,0,17,0,0,0,0,0,1,0,4,0,4,0,0,0,0,0,0,0,0,0,0,0,4,0,0,0,0,0,0,0,1,0,0,0,0,0,7,0,0,0,0,0,2,0,1,0,3,0,10,0,0,0,0,0,0,0,3,0,3,0,0,0,0,0,0,0,0,0,0,0,0,0,0,0,0,0,0,0,0,0,0,0,0,0,0,0,0,0,0,0,0,0,0,0,0,0,0,0,0,0,0,0,0,0,0,0,0,0,0,0,0,0,0,0,5,0,0,0,3,0,0,0,2,0,0,0,0,0,0,0,1,0,3,0,1,0,0,0,0,0,24,0,3,0,0,0,3,0,0,0,2,0,0,0,0,0,0,0,2,0,2,0,0,0,0,0,0,0,1,0,12,0,46,1,14,0,47,2,6,0,5,0,9,1,0,0,0,0,4,0,0,0,0,0,1,0,2,0,11,0,0,0,0
0,0,0,0,0,0,0,0,0,0,0,1,0,4,1,0,0,0,0,0,0,0,0,0,0,0,0,7,0,0,0,0,0,0,0,0,0,0,0,0,0,65,0,0,0,7,0,33,0,0,0,0,0,0,0,0,0,0,0,0,0,0,0,0,0,0,0,0,0,3,0,0,0,0,0,0,0,1,0,0,0,1,0,2,0,0,0,0,0,0,0,0,0,2,0,0,0,0,0,0,0,0,0,2,0,0,0,0,0,0,0,0,0,0,0,0,0,0,0,0,0,0,0,0,0,0,0,0,0,0,0,0,0,0,0,0,0,0,0,0,0,0,0,0,0,0,0,0,0,0,0,1,0,3,0,0,0,0,0,0,0,0,0,0,0,0,0,0,0,0,0,0,0,0,0,0,0,30,0,3,0,0,0,1,0,0,0,5,0,0,0,0,0,0,0,0,0,0,0,0,0,0,0,0,0,0,0,0,0,0,0,0,0,0,0,0,0,2,0,3,0,0,0,12,0,0,0,1,0,0,0,0,0,1,0,0,0,0,0,0,0,0,0,0,0,1,0,0,0
5,0,6,0,28,0,4,0,1,0,16,0,150,11,16,0,0,0,184,7,42,0,5,0,0,0,244,17,12,0,25,0,1,0,98,0,71,0,4,0,7,2,53,0,11,0,7,0,0,0,0,0,0,0,5,0,0,0,0,0,0,0,0,0,0,0,0,0,0,0,19,0,0,0,10,0,7,0,0,0,0,0,20,0,0,0,0,0,0,0,0,0,0,0,17,0,0,0,32,0,0,0,0,0,0,0,0,0,0,0,0,0,0,0,0,0,0,0,0,0,18,0,0,0,0,0,0,0,0,0,0,0,0,0,0,0,0,0,0,0,2,0,0,0,5,0,0,0,0,0,2,0,0,0,0,0,3,0,0,0,0,0,3,0,43,0,8,0,27,0,10,0,16,0,0,0,15,2,37,0,0,0,1,0,0,0,3,0,3,0,0,0,0,0,0,0,0,0,0,0,0,0,0,0,0,0,0,0,0,0,0,0,1,0,4,0,3,0,58,3,39,0,4,1,156,0,43,0,43,0,20,0,0,0,11,0,8,0,16,0,0,0,0,0,22,0,0,0,0
0,9,0,0,0,13,0,0,0,1,0,8,34,175,3,14,0,15,45,100,0,91,0,15,0,0,29,249,0,3,0,26,0,0,2,15,0,26,0,0,2,11,0,90,0,59,1,15,0,0,0,0,0,0,0,12,0,5,0,2,0,0,0,0,0,0,0,0,0,0,0,7,0,0,0,5,0,5,0,5,0,67,0,0,0,61,0,45,0,16,0,25,0,0,0,7,0,0,0,20,0,0,0,0,0,3,0,0,0,0,0,0,0,0,0,0,0,1,0,0,0,61,0,53,0,0,0,0,0,3,0,0,0,3,0,0,0,16,0,12,0,19,0,41,0,25,0,0,0,0,0,0,0,0,0,0,0,2,0,0,0,6,0,0,0,14,0,0,0,12,0,6,0,2,0,0,0,20,0,6,0,0,0,1,0,0,1,37,0,0,0,0,0,0,0,0,0,0,0,0,0,0,0,0,0,0,0,0,0,0,0,1,0,0,0,0,0,0,4,29,0,21,0,0,0,38,0,45,0,26,0,23,0,34,0,6,0,3,0,9,0,0,0,3,0,19,0,0,0
5,0,4,0,0,0,191,36,103,194,0,0,0,0,10,0,60,3,0,0,0,0,14,0,110,58,5,0,1,0,0,0,3,0,0,0,1,0,4,0,0,0,0,0,3,0,0,0,1,0,0,0,0,20,210,102,87,5,72,38,56,0,86,20,1,1,5,82,0,0,10,0,0,0,16,0,0,0,0,0,46,0,0,0,63,0,0,0,0,0,13,0,0,0,0,0,44,0,69,2,15,0,0,0,0,0,0,0,0,0,0,0,0,0,0,0,0,0,0,0,11,0,35,0,0,0,4,0,83,0,7,0,4,0,0,0,66,0,275,1,125,0,82,0,37,4,0,0,5,0,3,0,2,0,160,4,62,0,255,0,15,3,3,0,0,0,0,0,4,0,66,0,9,0,0,0,4,3,0,0,0,0,0,0,0,12,0,0,0,0,0,0,0,0,0,0,0,0,0,0,11,0,0,0,0,0,0,0,5,0,0,0,0,0,96,0,0,0,8,0,91,0,19,0,41,0,26,0,125,0,1,0,71,0,0,1,0,0,46,0,9,0,10,0,88,0,0,0,0
0,1,0,1,1,0,9,6,17,28,0,1,0,0,0,5,0,22,0,0,0,10,0,2,0,18,0,0,0,3,0,0,0,0,0,0,0,1,0,4,0,0,0,0,0,0,0,0,0,0,0,0,20,0,9,66,4,104,45,7,0,20,0,44,0,0,24,5,0,0,0,0,0,0,0,0,0,0,0,0,0,0,0,0,0,5,0,0,0,0,0,0,0,0,0,0,0,0,0,0,0,0,0,0,0,0,0,0,0,0,0,0,0,0,0,0,0,0,0,0,0,0,0,0,0,0,0,1,0,28,0,4,0,20,0,23,0,65,0,54,0,7,0,14,0,12,0,0,0,0,0,1,0,0,14,77,0,29,0,40,0,2,0,0,0,0,0,0,0,0,0,2,0,0,0,0,0,0,0,0,0,0,0,0,0,15,0,0,0,0,0,0,0,0,0,0,0,0,0,0,0,2,0,0,0,0,0,0,0,1,0,0,0,0,0,11,0,0,0,0,0,8,0,0,0,0,0,0,0,6,0,0,0,10,0,0,0,0,0,4,0,0,0,0,0,11,0,0,0
3,10,23,0,0,0,311,25,90,172,2,0,0,0,33,0,20,8,9,0,7,0,50,0,122,136,3,0,0,0,5,0,0,0,0,0,0,0,0,0,0,0,0,0,0,0,0,0,4,0,5,0,210,9,0,37,54,0,39,0,78,1,88,35,20,0,88,0,0,0,0,0,2,0,1,0,0,0,0,0,0,0,0,0,33,0,0,0,0,0,19,0,0,0,2,0,24,0,12,0,0,0,0,0,0,0,0,0,0,0,0,0,0,0,0,0,0,0,0,0,0,0,0,0,20,1,36,0,78,0,98,0,37,0,55,0,145,0,17,0,26,0,115,0,1,2,13,0,18,0,0,0,0,0,126,0,13,0,18,0,56,0,0,0,1,0,0,0,11,0,119,0,31,0,0,1,4,5,0,0,0,0,0,4,0,5,0,0,0,0,0,0,0,0,0,0,0,0,0,0,11,0,0,0,0,0,0,0,32,0,5,0,0,0,228,0,0,0,2,0,197,0,30,0,51,0,38,0,233,0,3,0,115,1,0,0,0,0,79,1,20,0,21,0,123,0,0,0,0
0,6,0,18,0,5,39,137,160,100,0,0,0,0,0,34,0,19,0,15,0,8,0,20,9,131,0,0,0,19,0,0,0,0,0,3,0,0,0,9,0,0,0,0,0,0,0,0,0,0,0,12,102,66,37,0,6,243,55,16,0,56,9,145,0,1,39,2,0,1,0,0,0,0,0,0,0,0,0,1,0,0,0,0,0,0,0,0,0,1,0,0,0,0,0,0,0,0,0,0,0,0,0,0,0,0,0,0,0,0,0,0,0,0,0,0,0,0,0,0,0,0,0,0,0,7,0,21,0,29,0,17,0,47,0,35,0,141,0,17,0,2,0,0,0,0,0,4,0,0,0,16,0,0,23,104,0,2,0,18,0,22,0,0,0,0,0,0,0,13,0,52,0,52,0,0,2,2,0,0,0,0,0,0,0,18,0,0,0,0,0,0,0,1,0,0,0,0,0,9,0,0,0,0,0,0,0,6,0,32,0,16,0,0,0,343,0,0,0,3,2,413,0,0,0,43,0,18,0,466,0,1,0,253,1,41,0,0,1,28,0,1,0,0,2,129,0,0,0
0,0,1,0,0,0,14,0,5,0,0,0,0,0,1,0,0,0,0,0,2,0,0,0,7,0,0,0,0,0,0,0,3,0,0,0,4,0,0,0,0,0,1,0,0,0,0,0,4,0,0,0,87,4,54,6,0,0,202,31,14,0,9,0,8,18,8,45,0,0,0,0,0,0,0,0,0,0,0,0,0,0,0,0,0,0,0,0,0,0,0,0,0,0,0,0,0,0,0,1,0,0,0,0,0,0,0,0,0,0,0,0,0,0,0,0,0,0,0,0,0,1,0,0,7,0,19,0,31,0,71,0,10,0,9,0,7,0,18,0,1,0,16,0,6,4,4,0,10,0,0,0,0,0,199,3,20,0,94,0,40,15,51,0,2,0,0,0,30,0,82,0,5,0,3,6,0,0,0,0,11,5,0,0,2,5,0,0,0,0,0,0,0,0,0,0,0,0,0,0,1,0,0,0,0,0,0,0,12,0,0,0,20,0,543,0,0,0,12,1,369,0,122,0,111,0,76,0,586,0,6,0,291,0,153,0,3,0,106,0,8,0,18,0,229,0,0,0,0
0,0,0,0,0,3,0,12,1,15,0,0,0,0,0,0,0,14,0,0,0,0,0,2,0,10,0,0,0,12,0,0,0,0,0,0,0,0,0,6,0,0,0,0,0,0,0,0,0,0,0,5,5,104,0,243,0,0,13,89,0,0,0,28,2,0,9,4,0,0,0,0,0,0,0,0,0,0,0,0,0,0,0,0,0,0,0,0,0,0,0,0,0,0,0,0,0,0,0,0,0,0,0,0,0,0,0,0,0,0,0,0,0,0,0,0,0,0,0,0,0,0,0,0,0,3,0,5,0,20,0,14,0,39,0,21,0,49,0,33,0,0,0,1,0,2,0,0,0,0,0,10,0,0,4,205,0,8,0,88,0,57,0,0,0,0,0,0,0,4,0,30,0,8,0,0,0,0,0,0,0,1,0,0,0,0,0,0,0,0,0,0,0,0,0,0,0,0,0,4,0,0,0,0,0,0,0,6,0,8,0,0,0,0,0,199,0,0,0,0,0,161,0,27,0,25,0,19,0,387,0,0,0,52,0,86,0,1,0,9,0,0,0,0,0,55,0,0,0
0,0,0,0,0,0,9,0,6,0,0,0,0,0,0,0,3,0,0,0,1,0,0,0,0,1,3,0,0,0,0,0,3,0,2,0,0,0,1,0,0,0,0,0,0,0,0,0,0,0,0,0,72,45,39,55,202,13,0,175,34,0,14,6,109,38,207,149,0,0,0,0,0,0,0,0,0,0,0,0,0,0,0,0,0,0,0,0,0,0,0,2,0,0,0,0,0,0,0,0,0,0,0,0,0,0,0,0,0,0,0,0,0,0,0,0,0,0,0,0,0,0,0,0,0,0,0,0,0,0,4,0,0,0,0,0,0,0,3,8,0,0,0,1,3,3,0,0,1,0,0,0,0,0,67,18,30,0,2,10,45,29,0,0,0,0,0,0,10,0,45,0,1,0,1,18,42,0,0,0,32,26,0,0,19,58,0,0,0,0,0,0,0,0,0,0,0,0,0,0,0,0,0,0,0,0,0,0,0,0,0,0,13,0,666,0,0,0,8,0,336,0,86,0,87,0,76,0,280,0,11,0,375,0,155,0,4,0,127,0,27,0,27,0,349,0,0,0,0
0,7,0,0,0,0,0,5,14,19,0,4,0,0,0,1,0,0,0,0,0,0,0,0,0,0,0,0,0,0,0,0,0,0,0,0,0,3,0,0,0,0,0,0,0,1,0,0,0,0,0,2,38,7,0,16,31,89,175,0,0,3,0,12,29,77,235,94,0,0,0,0,0,0,0,0,0,0,0,0,0,0,0,0,0,0,0,0,0,0,0,0,0,0,0,0,0,0,0,0,0,0,0,0,0,0,0,0,0,0,0,0,0,0,0,0,0,0,0,0,0,0,0,0,0,2,0,3,0,4,0,27,0,13,0,3,0,4,0,1,0,0,0,0,0,2,0,2,0,2,0,4,0,0,48,45,0,25,10,6,9,13,0,0,0,0,0,0,0,12,0,16,0,5,0,8,0,7,0,0,0,30,0,0,4,125,0,0,0,0,0,0,0,0,0,0,0,0,0,0,0,0,0,0,0,0,0,2,0,2,0,10,0,11,0,818,0,0,0,7,0,524,0,100,0,56,0,247,0,618,0,2,0,408,0,664,0,3,0,92,0,0,0,4,0,509,0,0,0
12,0,0,0,0,0,365,0,104,0,0,0,0,0,0,0,24,0,0,0,0,0,0,0,8,0,0,0,13,0,0,0,0,0,0,0,9,0,3,0,0,0,0,0,0,0,0,0,0,0,0,0,56,0,78,0,14,0,34,0,0,0,73,1,0,0,2,0,0,0,0,0,0,0,6,0,0,0,0,0,0,0,0,0,0,0,2,0,0,0,0,0,0,0,0,0,0,0,0,0,0,0,0,0,0,0,0,0,0,0,0,0,0,0,0,0,0,0,0,0,0,0,0,0,0,0,0,0,0,0,1,0,2,0,0,0,7,0,109,0,52,0,13,0,90,0,2,0,0,0,0,0,0,0,13,0,47,0,19,0,0,0,9,0,0,0,0,0,0,0,71,0,25,0,0,0,0,0,0,0,0,0,0,0,1,0,0,0,0,0,0,0,0,0,0,0,0,0,0,0,0,0,0,0,0,0,0,0,0,0,1,0,1,0,41,0,0,0,4,0,49,0,0,0,11,0,51,0,63,0,0,0,34,0,0,0,0,0,49,0,15,0,14,0,55,0,0,0,0
0,39,0,0,0,0,0,171,0,162,0,0,0,0,0,0,0,10,0,0,0,0,0,3,0,54,0,0,0,15,0,0,0,7,0,1,0,39,0,25,0,0,0,0,0,0,0,0,0,0,0,0,0,20,1,56,0,0,0,3,0,0,0,38,0,0,0,3,0,0,0,0,0,0,0,0,0,0,0,0,0,0,0,0,0,0,0,0,0,0,0,0,0,0,0,0,0,0,0,0,0,0,0,0,0,0,0,0,0,0,0,0,0,0,0,0,0,0,0,0,0,1,0,3,0,0,0,0,0,4,0,0,0,0,0,6,0,0,0,92,0,49,0,16,0,68,0,0,0,0,0,0,0,0,0,12,0,60,0,11,0,1,0,0,0,0,0,0,0,1,0,33,0,12,0,0,0,34,0,0,0,0,0,15,0,0,0,0,0,0,0,0,0,0,0,0,0,0,0,0,0,0,0,0,0,0,0,0,0,0,0,1,0,0,0,14,0,0,0,2,0,35,0,4,0,1,0,67,0,60,0,1,0,31,0,0,0,0,0,9,0,0,0,0,0,38,0,0,0
23,17,15,6,0,0,377,17,157,27,0,0,0,0,0,0,366,0,11,0,73,0,28,13,81,73,22,0,33,0,28,0,27,0,16,0,21,0,42,2,0,0,6,0,7,0,0,0,0,0,0,0,86,0,88,9,9,0,14,0,73,0,0,5,1,0,0,0,0,0,49,0,0,0,59,0,0,0,0,0,68,0,0,0,73,0,29,0,0,0,47,0,0,0,0,0,64,0,118,0,14,0,0,0,0,0,0,0,0,0,0,0,0,0,0,0,0,0,0,0,44,0,55,0,0,0,0,0,10,0,0,0,1,0,0,0,15,0,122,0,129,0,75,0,48,0,0,0,3,0,0,0,0,0,58,0,45,0,34,0,5,0,0,0,0,0,0,0,0,0,8,0,10,0,0,0,3,0,0,0,0,0,0,9,1,0,0,0,0,0,0,0,0,0,0,0,0,0,0,0,6,0,0,0,0,0,0,0,0,0,0,0,0,0,23,0,0,0,0,0,27,0,0,0,0,0,10,0,21,0,2,0,20,0,0,0,0,0,19,0,6,0,3,0,26,0,0,0,0
0,9,0,0,0,0,17,88,59,198,0,0,0,0,0,38,0,229,0,23,0,78,0,69,23,58,0,7,0,33,0,17,0,6,0,0,0,0,0,13,0,0,0,0,0,0,0,0,0,0,0,0,20,44,35,145,0,28,6,12,1,38,5,0,0,0,8,8,0,0,0,0,0,0,0,0,0,0,0,0,0,1,0,0,0,8,0,0,0,2,0,2,0,0,0,0,0,0,0,0,0,0,0,0,0,0,0,0,0,0,0,0,0,0,0,0,0,0,0,0,0,0,0,0,0,0,0,0,0,18,0,0,0,9,0,11,0,33,0,60,0,6,0,6,0,15,0,0,0,0,0,0,0,0,3,22,0,46,0,20,0,0,0,0,0,0,0,0,0,0,0,0,0,4,0,2,0,21,0,0,0,0,0,1,0,2,0,0,0,0,0,0,0,0,0,0,0,0,0,0,0,0,0,0,0,0,0,0,0,1,0,0,0,0,0,16,0,0,0,0,0,27,0,0,0,0,0,26,0,14,0,0,0,49,0,0,0,0,0,15,0,1,0,1,0,55,0,0,0
13,0,3,0,10,0,18,0,95,0,1,0,9,0,6,0,0,0,1,0,0,0,1,0,0,0,0,0,0,0,0,0,0,0,0,0,0,0,0,0,1,0,0,0,0,0,0,0,0,0,0,0,1,0,20,0,8,2,109,29,0,0,1,0,0,21,13,12,0,0,0,0,0,0,0,0,0,0,0,0,0,0,0,0,0,0,0,0,0,0,0,0,0,0,0,0,0,2,0,0,0,0,0,0,0,0,0,0,0,0,0,0,0,0,0,0,0,0,0,0,0,0,0,1,3,0,0,0,0,0,25,0,0,0,0,3,0,0,11,34,0,4,0,1,39,8,23,0,30,7,7,0,5,0,5,0,0,0,2,1,69,53,0,0,0,0,0,0,0,0,5,0,2,0,51,38,9,0,0,0,52,8,0,0,13,4,0,0,0,0,0,0,0,0,0,0,0,0,0,0,0,0,0,0,0,0,0,0,4,0,0,0,0,0,16,0,0,0,1,0,0,0,0,0,0,0,21,0,12,0,0,0,17,0,83,0,0,0,35,0,2,0,0,0,29,0,0,0,0
0,54,0,0,0,26,0,0,0,124,0,28,0,6,0,5,0,0,0,12,0,0,0,0,0,0,0,15,0,0,0,0,0,1,0,0,0,0,0,0,0,0,0,0,0,0,0,0,0,0,0,0,1,0,0,1,18,0,38,77,0,0,0,0,21,0,14,159,0,0,0,0,0,1,0,0,0,0,0,0,0,10,0,0,0,1,0,0,0,0,0,0,0,0,0,0,0,0,0,4,0,3,0,0,0,0,0,1,0,0,0,0,0,0,0,0,0,0,0,0,0,8,0,6,4,74,0,18,8,0,31,50,0,0,0,0,0,5,12,9,7,24,0,0,0,102,0,37,21,89,0,101,0,17,8,0,0,0,22,0,68,90,0,2,0,0,0,0,0,0,0,0,0,0,11,124,2,5,0,0,0,162,0,24,0,28,0,0,0,0,0,0,0,0,0,0,0,1,0,0,0,0,0,0,0,0,0,9,0,17,0,0,0,0,0,34,0,0,0,1,1,0,0,0,0,0,1,107,0,38,0,0,0,0,0,133,0,0,0,33,0,0,0,0,0,58,0,0,0
4,0,2,0,3,0,21,0,49,28,0,0,1,0,1,0,0,0,0,0,0,0,0,0,1,1,0,0,0,0,0,0,1,0,0,0,0,0,0,0,0,0,0,0,0,0,0,0,0,0,0,0,5,24,88,39,8,9,207,235,2,0,0,8,13,14,0,113,0,0,0,0,0,0,0,0,0,0,0,0,0,0,0,0,0,0,0,0,0,0,0,0,0,0,0,0,0,0,0,0,0,0,0,0,0,0,0,0,0,0,0,0,0,0,0,0,0,0,0,0,0,0,0,0,2,0,2,0,0,0,4,0,0,0,0,1,0,0,0,0,0,0,0,0,0,3,4,0,2,0,1,0,0,0,0,14,3,0,0,2,12,12,0,0,0,0,0,0,0,0,0,0,0,0,2,4,119,1,0,0,16,29,0,0,55,59,0,0,0,0,0,0,0,0,0,0,0,0,0,0,0,0,0,0,0,0,0,0,0,0,0,0,0,0,66,0,0,0,1,0,34,0,7,0,0,0,6,0,9,0,0,0,38,0,20,0,0,0,7,0,1,0,2,0,36,0,0,0,0
0,20,0,0,0,0,0,1,49,47,0,5,0,0,0,0,0,1,0,0,0,0,0,0,0,0,0,5,0,0,0,0,0,0,0,0,0,0,0,0,0,0,0,0,0,0,0,0,0,0,0,0,82,5,0,2,45,4,149,94,0,3,0,8,12,159,113,0,0,0,0,0,0,0,0,0,0,0,0,0,0,0,0,0,0,0,0,0,0,0,0,0,0,0,0,0,0,0,0,0,0,0,0,0,0,0,0,0,0,0,0,0,0,0,0,0,0,0,0,0,0,0,0,0,0,4,0,0,0,0,0,18,0,0,0,0,0,0,1,1,0,0,0,0,0,7,0,0,0,4,0,7,0,0,36,2,0,2,8,0,4,53,0,0,0,0,0,0,0,0,0,0,0,0,0,15,5,130,0,1,1,97,0,11,2,421,0,0,0,0,0,0,0,0,0,0,0,0,0,0,0,0,0,0,0,0,0,1,0,3,0,0,0,2,0,75,0,0,0,1,0,46,0,10,0,3,0,105,0,34,0,0,0,52,0,135,0,0,0,12,0,1,0,0,0,101,0,0,0
0,0,0,0,0,0,0,0,0,0,0,0,0,0,0,0,0,0,0,0,0,0,1,0,0,0,0,0,0,0,0,0,0,0,0,0,0,0,0,0,0,0,0,0,0,0,0,0,4,0,0,0,0,0,0,0,0,0,0,0,0,0,0,0,0,0,0,0,0,0,0,0,1,0,0,0,81,0,24,0,0,0,17,0,0,0,6,0,28,0,13,0,5,0,5,0,0,0,9,0,0,0,75,0,0,0,13,0,23,0,6,0,0,0,2,0,6,0,1,0,0,0,0,0,0,0,0,0,0,0,0,0,0,0,0,0,0,0,0,0,0,0,0,0,0,0,0,0,0,0,0,0,0,0,0,0,0,0,0,0,0,0,0,0,31,0,0,0,47,0,0,0,0,0,0,0,0,0,1,0,0,0,0,0,0,0,0,0,0,0,0,0,0,0,0,0,0,0,0,0,14,0,0,0,0,0,0,0,0,0,1,0,87,0,28,0,42,0,0,0,0,0,81,0,61,0,0,0,21,0,0,0,0,0,2,0,0,0,0,0,0,0,0,0,0,0,0,0,0
0,1,0,0,0,1,0,0,0,0,0,0,0,0,0,0,0,0,0,0,0,0,0,0,0,0,0,2,0,0,0,0,0,0,0,0,0,0,0,0,0,1,0,0,0,4,0,4,0,3,0,0,0,0,0,1,0,0,0,0,0,0,0,0,0,0,0,0,0,0,0,0,0,0,0,0,0,56,0,0,0,11,0,31,0,0,0,43,0,14,0,0,0,8,0,0,0,0,0,3,0,1,0,142,0,0,0,4,0,21,0,0,0,0,0,0,0,9,0,0,0,0,0,0,0,0,0,0,0,0,0,0,0,0,0,0,0,0,0,0,0,0,1,0,0,0,0,4,0,0,0,0,1,0,0,0,0,0,0,0,0,0,0,0,0,38,0,0,0,35,0,0,0,0,0,0,0,0,0,0,0,0,0,0,0,0,0,0,0,0,0,0,0,0,0,28,0,0,0,0,0,19,0,0,0,0,0,0,0,0,0,1,0,179,0,33,0,83,0,32,0,0,1,101,0,34,0,0,0,68,0,0,0,0,0,0,0,0,0,0,0,0,0,0,0,2,0,0,0
0,0,0,0,0,0,0,0,0,0,0,0,0,0,0,0,71,0,0,0,73,0,0,0,0,0,62,0,49,0,31,0,68,0,29,0,108,0,37,0,0,0,26,0,13,0,0,0,0,0,19,0,10,0,0,0,0,0,0,0,0,0,49,0,0,0,0,0,0,0,0,0,131,0,268,0,21,0,190,0,16,0,0,0,0,0,86,0,0,0,0,0,0,0,0,0,0,0,6,0,2,0,0,0,1,0,1,0,0,0,0,0,0,0,0,0,0,0,0,0,55,0,3,0,27,0,23,0,12,0,17,0,21,0,36,0,12,0,24,0,81,0,24,0,146,0,21,0,21,0,7,0,17,0,4,0,24,0,2,0,8,0,38,1,0,0,7,0,0,0,59,0,41,0,60,6,0,0,0,0,16,0,0,0,4,0,0,0,0,0,0,0,0,0,0,0,0,0,0,0,0,0,0,0,0,0,0,0,0,0,0,0,0,0,0,0,0,0,0,0,0,0,0,0,0,0,0,0,6,0,0,0,0,0,0,1,0,0,9,0,0,0,3,0,0,0,0,0,0
0,0,0,0,0,2,1,0,0,0,0,0,0,0,0,0,0,0,0,5,0,0,0,0,0,0,0,0,0,1,0,0,0,0,0,0,0,0,0,0,0,0,0,0,0,0,0,0,0,0,0,7,0,0,0,0,0,0,0,0,0,0,0,0,0,0,0,0,0,0,0,0,0,148,0,97,0,13,0,56,0,0,0,0,0,0,0,38,0,0,0,0,0,0,0,0,0,0,0,0,0,0,0,0,0,0,0,0,0,0,0,0,0,0,0,0,0,0,0,0,0,8,0,20,5,33,0,29,0,7,4,0,0,59,0,13,0,0,0,0,0,11,1,8,0,89,0,18,0,19,0,0,0,0,0,0,0,0,0,0,0,0,0,43,0,0,0,0,0,4,0,1,0,0,3,9,0,0,0,0,0,19,0,0,0,0,0,0,0,0,0,0,0,0,0,0,0,0,0,0,0,0,0,0,0,0,0,0,0,13,0,0,0,0,0,0,0,0,0,0,0,0,0,0,2,1,0,26,0,27,0,0,0,1,0,8,0,0,0,24,0,0,0,0,0,7,0,0,0
0,0,0,0,0,0,0,0,0,0,0,0,0,0,0,0,4,0,0,0,0,0,0,0,0,0,0,0,0,0,0,0,0,0,2,0,6,0,0,0,0,0,0,0,0,0,0,0,0,0,0,0,0,0,2,0,0,0,0,0,0,0,0,0,0,0,0,0,1,0,131,0,0,0,42,0,39,0,132,0,0,0,3,0,4,0,5,0,0,0,0,0,0,0,0,0,0,0,0,0,0,0,0,0,0,0,0,0,0,0,0,0,0,0,0,0,0,0,0,0,18,0,9,0,53,0,72,0,24,0,20,0,31,0,150,0,46,0,9,2,35,0,100,0,75,0,45,0,0,0,24,0,0,0,0,0,2,0,1,0,3,0,43,0,0,0,0,0,12,0,10,0,0,0,19,0,0,0,0,0,6,0,0,0,0,0,0,0,3,0,2,0,0,0,0,0,6,0,0,0,24,0,0,0,9,0,35,0,92,0,0,0,1,0,0,0,0,0,0,0,6,0,10,0,2,0,0,0,36,0,0,0,0,0,10,0,0,0,129,0,102,0,46,0,0,0,0,0,0
