0,163,158,94,86,0,51,159,62,23,204,0,99,0,11,64,14,94,10,0,4,0,10,157,5,368,20,0,123,0,19,0,170,0,0,0,54,0,171,38,40,0,0,0,0,0,44,0,14,0,0,0,0,0,1,0,0,0,0,0,64,0,71,0,8,0,7,0,0,0,0,0,0,0,0,0,0,0,0,0,0,0,0,0,0,0,0,0,0,0,0,0,0,0,0,0,0,0,0,0,0,0,0,0,0,0,0,0,0,0,0,0,0,0,0,0,0,0,0,0,0,0,0,0,0,0,7,0,0,0,4,0,0,0,0,0,0,0,0,0,0,0,0,0,0,0,0,0,2,0,0,0,8,0,0,0,0,0,0,0,0,0,0,0,0,0,0,0,42,0,12,1,269,0,0,0,533,113,24,0,0,0,53,8,5,0,4,0,0,0,0,0,0,0,0,0,0,0,2,0,0,0,0,0,0,0,0,0,0,0,363,233,217,0,203,1,0,0,11,0,0,0,0,0,0
163,0,209,146,0,181,0,145,0,44,27,215,0,67,17,29,116,15,0,42,0,0,269,15,175,23,0,123,5,149,0,0,0,192,0,0,0,207,14,578,0,0,0,0,0,15,0,69,0,0,0,0,0,18,0,6,0,0,0,10,1,97,18,52,0,37,0,13,0,0,0,0,0,0,0,0,0,0,0,0,0,0,0,0,0,0,0,0,0,0,0,0,0,0,0,0,0,0,0,0,0,0,0,4,0,0,0,0,0,0,0,0,0,0,0,0,0,0,0,0,0,0,0,0,0,21,0,15,0,0,0,30,0,14,0,67,1,121,0,5,0,0,0,0,0,9,0,10,0,30,0,40,0,0,0,19,0,35,0,0,0,6,0,0,0,0,0,47,0,35,0,25,0,284,0,0,104,456,0,7,0,0,10,5,0,129,2,0,0,0,0,0,0,0,0,0,0,0,0,0,0,0,0,0,0,2,0,6,0,20,8,3,0,0,330,0,0,0,714,212,238,0,9,19,0
158,209,0,72,185,0,96,0,18,0,55,0,74,0,93,124,61,34,36,0,16,0,184,130,66,133,75,0,196,0,93,0,280,0,0,0,85,0,206,0,22,0,0,0,0,0,21,0,9,0,0,0,0,0,91,0,0,0,0,0,40,0,65,7,7,0,11,0,0,0,0,0,0,0,0,0,0,0,0,0,0,0,0,0,0,0,0,0,0,0,0,0,0,0,0,0,0,0,0,0,0,0,0,0,0,0,0,0,0,0,0,0,0,0,0,0,0,0,0,0,3,0,0,0,12,0,37,0,0,0,13,0,0,0,123,0,33,0,0,0,0,0,74,0,0,0,113,0,24,0,74,0,53,0,0,0,0,0,0,0,0,1,0,0,23,0,91,0,47,0,15,0,281,0,0,0,155,99,0,0,0,0,6,5,15,0,0,0,0,0,0,0,0,0,0,0,0,0,29,0,202,0,0,0,0,0,0,0,36,0,406,151,335,126,293,2,0,0,9,0,0,0,0,0,0
94,146,72,0,0,198,0,121,3,5,40,31,0,10,34,155,35,30,0,146,23,44,172,91,28,57,0,86,0,181,0,18,0,257,0,0,0,69,0,272,0,0,0,0,0,3,0,0,0,4,0,0,0,0,0,37,0,13,0,2,0,2,0,0,0,0,0,0,0,0,0,0,0,0,0,0,0,0,0,0,0,0,0,0,0,0,0,0,0,0,0,0,0,0,0,0,0,0,0,0,0,0,0,0,0,0,0,0,0,0,0,0,0,0,0,0,0,0,0,0,0,3,0,0,0,0,0,0,0,27,0,0,0,18,0,158,0,223,0,42,0,43,0,117,1,0,0,0,0,5,0,7,0,0,0,16,0,0,0,4,0,0,0,0,0,0,0,128,0,9,0,0,0,81,0,0,41,84,0,0,0,2,0,0,0,0,0,0,0,0,0,0,0,0,0,0,0,0,0,0,0,0,0,0,0,0,0,0,0,11,0,0,0,0,159,0,0,0,209,45,214,0,0,0,0
86,0,185,0,0,217,26,0,62,0,116,157,432,0,128,342,5,9,77,158,95,57,63,91,0,0,170,0,26,9,217,0,223,0,422,0,283,0,0,0,114,0,0,0,27,0,134,0,18,0,67,0,4,0,11,0,0,0,0,0,0,0,3,0,17,0,0,0,0,0,0,0,0,0,0,0,0,0,0,0,0,0,0,0,0,0,0,0,0,0,0,0,0,0,0,0,0,0,0,0,0,0,0,0,0,0,0,0,0,0,0,0,0,0,0,0,0,0,0,0,0,0,0,0,0,0,0,0,0,0,9,0,0,0,25,0,0,0,0,0,0,0,0,0,0,0,64,0,24,0,34,0,43,0,0,0,0,0,0,0,0,0,0,0,0,0,238,0,0,0,0,0,74,0,0,0,371,156,131,0,0,0,57,0,57,0,25,0,0,0,0,0,0,0,0,0,0,0,0,0,0,0,0,0,0,0,0,0,13,0,357,223,372,0,166,0,0,0,14,0,0,0,0,0,0
0,181,0,198,217,0,0,132,0,0,98,181,82,199,397,63,0,0,151,177,149,178,85,38,0,0,0,275,0,0,0,101,0,251,0,170,0,212,0,0,0,73,0,0,0,24,0,159,0,0,0,103,0,0,0,8,0,0,0,5,0,0,0,0,0,32,0,0,0,0,0,0,0,0,0,0,0,0,0,0,0,0,0,0,0,0,0,0,0,0,0,0,0,0,0,0,0,0,0,0,0,0,0,0,0,0,0,0,0,0,0,0,0,0,0,0,0,0,0,0,0,0,0,0,0,0,0,0,0,0,0,0,0,28,0,102,0,175,0,16,0,0,0,0,0,0,0,0,0,18,0,0,0,10,0,13,0,25,0,0,1,0,0,5,0,0,0,246,0,53,0,31,0,56,0,0,98,282,18,15,0,0,0,0,0,22,0,18,0,0,0,0,0,0,0,0,0,0,0,0,0,0,0,0,0,0,0,0,0,35,0,0,0,0,191,0,0,0,285,190,354,37,2,0,0
51,0,96,0,26,0,0,0,94,196,29,0,13,0,8,0,20,0,3,0,0,0,15,0,255,133,0,0,32,0,0,0,0,0,0,0,0,0,0,0,0,0,1,0,4,0,0,0,8,0,0,0,20,39,214,108,9,0,10,0,191,0,233,31,5,0,21,13,0,0,0,0,0,0,0,0,0,0,0,0,0,0,0,0,0,0,0,0,0,0,0,0,0,0,0,0,0,0,0,0,0,0,0,0,0,0,0,0,0,0,0,0,0,0,0,0,0,0,1,0,0,0,0,0,15,0,59,0,0,0,43,0,0,0,32,0,15,0,0,0,0,0,9,0,0,0,110,0,16,0,35,0,0,0,0,0,8,0,0,0,8,0,0,0,0,0,0,0,28,0,118,0,254,0,0,0,88,30,0,0,0,0,0,18,16,9,0,0,0,0,0,0,0,0,0,0,0,0,0,0,0,0,0,0,0,0,0,0,42,0,756,88,311,302,728,0,68,0,11,0,0,0,0,0,0
159,145,0,121,0,132,0,0,143,166,0,37,0,0,0,22,44,43,0,15,0,0,40,17,180,192,0,0,0,143,1,0,0,0,0,0,0,46,0,287,0,0,0,0,0,0,0,0,0,0,0,0,0,19,22,66,0,13,0,6,0,91,81,214,0,0,0,0,0,0,0,0,0,0,0,0,0,0,0,0,0,0,0,0,0,0,0,0,0,0,0,0,0,0,0,0,0,0,0,0,0,0,0,0,0,0,0,0,0,0,0,0,0,0,0,0,0,0,0,0,0,0,0,0,0,0,0,0,0,23,0,48,0,26,0,32,0,139,0,19,3,0,0,33,0,0,2,4,1,0,0,6,0,0,0,8,0,6,0,0,0,17,0,0,0,1,0,0,0,36,0,27,0,202,0,0,62,106,0,0,0,0,0,1,0,0,2,0,0,0,0,0,0,0,0,0,0,0,0,0,0,0,0,0,0,0,0,0,0,19,0,0,0,0,669,0,0,0,653,51,209,206,0,89,0
62,0,18,3,62,0,94,143,0,342,31,0,48,0,6,0,0,0,13,0,4,0,9,0,7,237,0,0,5,0,2,0,3,0,0,0,0,0,22,0,30,0,1,0,7,0,23,0,11,0,0,0,27,88,72,246,29,0,143,58,116,0,121,84,94,0,186,17,0,0,0,0,0,0,0,0,1,0,0,0,0,0,0,0,0,0,0,0,0,0,0,0,0,0,0,0,0,0,0,0,0,0,0,0,0,0,0,0,0,0,0,0,0,0,0,0,0,0,2,0,0,0,0,0,18,0,23,0,0,0,39,0,0,0,10,0,0,0,0,0,0,0,0,0,0,0,91,0,69,0,26,0,10,0,8,2,0,0,6,0,16,0,0,0,4,0,0,0,14,0,41,3,35,0,1,0,549,62,5,0,10,0,6,15,177,28,3,0,0,0,0,0,1,0,0,0,0,0,0,0,0,0,0,0,0,0,1,0,16,0,454,82,98,0,292,0,0,0,0,0,0,0,0,0,0
23,44,0,5,0,0,196,166,342,0,0,27,0,0,0,0,0,0,0,13,0,0,0,0,238,13,1,22,0,0,0,0,0,0,0,0,0,0,0,0,0,0,1,0,0,0,0,0,0,0,0,0,81,77,267,194,0,30,45,112,0,113,107,137,0,208,0,172,0,0,0,0,0,0,0,0,0,2,0,0,0,0,0,0,0,0,0,0,0,0,0,0,0,0,0,0,0,0,0,0,0,0,0,0,0,0,0,0,0,0,0,0,0,0,2,0,0,0,0,0,0,0,0,0,0,49,0,36,0,0,0,131,0,35,0,106,1,147,0,0,0,0,0,0,0,0,0,31,0,98,0,62,0,12,1,11,0,40,0,5,0,8,0,0,0,6,0,0,0,42,0,85,0,104,0,0,99,244,0,0,0,0,0,5,8,129,0,0,0,0,0,0,0,0,0,0,0,0,0,0,0,28,0,0,0,0,0,0,0,94,6,0,0,0,453,0,0,0,566,91,104,0,4,59,0
204,27,55,40,116,98,29,0,31,0,0,67,285,0,16,203,0,0,7,26,13,0,7,100,0,15,0,0,0,0,64,0,92,0,58,0,82,0,0,0,87,0,0,0,0,0,54,0,10,1,3,0,0,0,2,0,0,0,0,0,0,0,0,0,8,0,0,0,0,0,0,0,0,0,0,0,0,0,0,0,0,0,0,0,0,0,0,0,0,0,0,0,0,0,0,0,0,0,0,0,0,0,0,0,0,0,0,0,0,0,0,0,0,0,0,0,0,0,0,0,0,0,0,0,0,0,0,0,0,0,0,0,0,0,0,0,0,0,0,0,0,0,0,0,0,0,31,0,6,0,9,0,4,0,2,0,0,0,0,0,0,0,0,0,0,0,60,0,52,0,0,0,26,0,4,0,363,74,106,1,0,0,14,0,8,0,12,0,0,0,0,0,0,0,0,0,0,0,0,0,0,0,0,0,0,0,0,0,0,0,137,128,151,0,66,0,0,0,0,0,0,0,0,0,0
0,215,0,31,157,181,0,37,0,27,67,0,0,359,289,19,19,0,69,49,118,41,162,11,0,0,0,263,2,29,5,39,0,274,0,49,0,183,0,0,0,168,0,0,0,40,0,318,0,40,3,16,0,0,0,0,0,0,0,0,0,0,0,0,0,22,0,0,0,0,0,0,0,0,0,3,0,0,0,0,0,0,0,0,0,0,0,3,0,0,0,0,0,0,0,0,0,0,0,0,0,0,0,0,0,0,0,0,0,0,0,0,0,0,0,0,0,0,0,0,0,0,0,0,0,0,0,0,0,0,0,17,0,9,0,0,0,63,0,0,0,0,0,0,0,0,0,0,0,0,0,45,0,61,0,9,0,0,0,0,0,0,0,0,0,0,0,113,0,15,0,10,0,35,0,48,95,430,0,19,0,69,0,8,0,91,0,3,0,0,0,0,0,0,0,0,0,0,0,0,0,0,0,0,0,0,0,0,0,27,3,0,0,0,87,0,0,0,258,143,148,0,5,0,0
99,0,74,0,432,82,13,0,48,0,285,0,0,167,64,54,0,0,147,390,45,92,0,0,0,0,154,200,0,0,0,0,0,0,214,0,67,0,0,0,245,0,181,60,33,22,132,44,44,1,337,0,0,0,0,0,0,0,0,0,0,0,2,0,12,0,0,0,0,0,0,0,0,0,0,0,0,0,0,0,0,0,0,0,0,0,0,0,0,0,0,0,0,0,0,0,0,0,0,0,1,0,0,0,0,0,0,0,0,0,0,0,0,0,0,0,0,0,0,0,0,0,0,0,0,0,0,0,0,0,0,0,0,0,0,0,0,0,0,0,0,0,0,0,0,0,0,0,13,0,0,0,0,0,0,0,0,0,0,0,0,0,0,0,46,0,9,0,0,0,0,0,0,0,0,0,175,98,128,0,0,0,32,0,22,0,387,0,0,0,0,0,0,0,0,0,0,0,0,0,0,0,0,0,0,0,1,0,7,0,0,106,124,0,0,0,0,0,0,0,0,0,0,0,0
0,67,0,10,0,199,0,0,0,0,0,359,167,0,44,0,0,0,372,104,104,120,0,0,0,0,405,149,0,0,0,0,0,0,0,170,0,59,0,0,94,158,40,214,16,38,37,282,2,71,53,455,0,4,0,0,0,0,0,0,0,0,0,2,0,0,0,0,0,0,0,0,0,0,0,0,0,0,0,0,0,0,0,0,0,0,0,0,0,0,0,0,0,0,0,0,0,0,0,0,0,0,0,0,0,0,0,0,0,0,0,0,0,0,0,0,0,0,0,0,0,0,0,0,0,0,0,0,0,0,0,0,0,5,0,0,0,0,0,0,0,0,0,0,0,0,0,0,0,0,0,0,0,23,0,4,0,0,0,0,0,0,0,0,0,0,0,0,1,0,0,0,0,0,0,12,15,428,5,12,0,13,0,5,0,25,0,77,0,0,0,0,0,0,0,0,0,0,0,0,0,0,0,0,0,0,0,0,0,0,0,0,0,0,29,0,0,0,0,162,231,0,0,0,0
11,17,93,34,128,397,8,0,6,0,16,289,64,44,0,460,13,0,253,169,139,90,181,138,7,0,256,0,0,6,125,45,49,67,103,0,48,37,0,0,10,0,11,0,10,0,26,0,3,0,16,0,0,0,0,0,0,0,0,0,0,0,2,0,0,0,0,0,0,0,0,0,0,0,0,0,0,0,0,0,0,0,0,0,0,0,0,0,0,0,0,0,0,0,0,0,0,0,0,0,8,0,0,0,0,0,0,0,0,0,0,0,0,0,0,0,0,0,0,0,0,0,0,0,0,0,0,0,0,0,0,0,0,0,0,0,19,0,0,0,0,0,0,0,2,0,28,0,10,0,0,0,28,0,0,0,0,0,0,0,0,0,0,0,0,0,79,0,34,0,0,0,10,0,2,0,148,125,9,0,0,0,6,0,24,0,0,0,0,0,0,0,0,0,0,0,0,0,0,0,0,0,0,0,0,0,0,0,7,0,69,168,97,0,0,0,0,0,0,0,0,0,0,0,0
64,29,124,155,342,63,0,22,0,0,203,19,54,0,460,0,40,9,45,315,164,118,256,64,0,32,0,91,0,11,20,52,14,123,27,52,0,98,0,0,0,0,0,33,0,13,0,0,0,0,0,20,0,9,0,30,0,37,0,0,0,2,0,14,0,0,0,0,0,0,0,0,0,4,0,0,0,0,0,0,0,82,0,0,0,0,0,0,0,0,0,0,0,0,0,0,0,0,0,0,0,62,0,0,0,0,0,0,0,0,0,0,0,0,0,0,0,0,0,0,0,0,0,0,0,0,0,0,0,0,0,0,0,11,0,192,0,183,0,93,0,100,0,394,0,0,0,0,0,0,0,0,0,0,0,55,0,0,0,0,0,0,0,0,0,0,0,119,0,41,0,8,0,38,0,0,48,114,27,2,0,0,0,0,3,0,0,0,0,0,0,0,0,0,0,0,0,0,0,0,0,0,0,0,0,0,0,0,0,0,0,0,0,0,63,0,0,0,118,145,97,0,0,0,0
14,116,61,35,5,0,20,44,0,0,0,19,0,0,13,40,0,40,36,0,177,0,97,101,62,151,71,0,139,0,83,0,102,0,11,0,16,0,135,20,0,0,3,0,0,0,0,0,1,0,5,0,122,0,7,0,0,1,0,0,10,2,238,8,0,0,0,0,0,0,3,0,0,0,8,0,0,0,0,0,172,0,0,0,352,0,61,0,0,0,0,0,0,0,0,0,382,0,230,0,0,0,0,0,0,0,228,0,0,0,0,0,0,0,0,0,0,0,0,0,120,0,59,0,0,0,0,0,36,0,0,0,37,0,23,0,232,0,66,0,193,0,477,0,0,0,0,0,0,0,6,0,0,0,21,1,0,0,10,0,0,0,0,0,0,0,17,0,49,0,0,0,104,0,0,0,22,15,0,0,0,0,0,13,0,0,0,0,0,0,0,0,0,0,0,0,0,0,0,0,63,0,0,0,0,0,0,0,6,0,68,130,130,54,68,0,0,0,5,2,0,0,0,0,0
94,15,34,30,9,0,0,43,0,0,0,0,0,0,0,9,40,0,0,0,0,76,65,161,69,131,0,0,3,59,0,0,1,40,0,11,0,10,0,79,0,0,0,0,0,0,0,0,0,0,0,0,0,41,0,7,0,26,0,0,0,5,10,152,0,0,0,0,0,0,0,0,0,0,0,0,0,0,0,0,0,66,0,0,0,0,0,26,0,0,0,12,0,0,0,0,0,0,0,72,0,31,0,0,0,0,0,0,0,0,0,0,0,0,0,0,0,0,0,0,0,35,0,6,0,9,0,0,0,81,0,0,0,41,0,34,0,54,0,152,0,181,0,401,0,1,0,0,0,0,0,0,0,0,0,61,0,0,0,40,0,10,0,0,0,0,0,4,0,0,1,0,0,10,0,0,6,14,0,0,0,0,4,0,0,0,0,0,0,0,0,0,0,0,0,0,0,0,0,0,0,0,0,0,0,0,0,0,0,0,0,0,0,0,9,0,0,0,13,95,7,0,0,2,0
10,0,36,0,77,151,3,0,13,0,7,69,147,372,253,45,36,0,0,560,170,99,167,8,0,0,270,130,4,0,22,0,0,0,319,0,52,16,0,0,20,0,25,47,18,0,21,0,0,0,174,38,0,0,0,0,0,0,0,0,0,0,11,0,3,0,0,0,0,0,0,0,0,0,0,0,0,0,0,0,32,0,0,0,0,0,0,0,0,0,0,0,0,0,0,0,0,0,0,0,0,0,0,0,0,0,0,0,0,0,0,0,0,0,0,0,0,0,0,0,20,0,0,0,0,0,0,0,0,0,0,0,0,0,0,0,0,0,0,0,0,0,54,0,0,0,0,0,5,0,14,0,16,0,0,0,0,0,0,0,0,0,6,0,41,0,19,0,25,0,0,0,2,0,0,0,50,49,7,0,0,0,5,0,8,0,58,0,0,0,0,0,0,0,0,0,0,0,0,0,0,0,0,0,0,0,0,0,0,0,67,180,113,13,0,0,0,0,0,0,0,0,0,0,0
0,42,0,146,158,177,0,15,0,13,26,49,390,104,169,315,0,0,560,0,167,261,0,108,0,19,174,377,0,13,0,84,0,24,18,217,0,66,0,0,47,0,10,70,3,18,0,18,0,0,37,164,0,0,0,9,0,9,0,0,0,0,0,23,0,11,0,0,0,0,0,3,0,0,0,0,0,0,0,0,0,176,0,66,0,0,0,72,0,0,0,0,0,0,0,0,0,0,0,0,0,0,0,0,0,0,0,0,0,0,0,0,0,0,0,0,0,0,0,0,0,72,0,0,0,0,0,0,0,0,0,0,0,21,0,303,0,226,0,63,0,97,0,424,0,0,0,0,0,0,0,0,0,0,0,43,0,0,0,0,0,0,0,0,0,0,0,33,0,64,0,0,0,15,0,4,25,90,17,0,0,0,0,0,0,29,11,10,0,0,0,0,0,0,0,0,0,0,0,0,0,0,0,0,0,0,0,0,0,7,0,0,0,0,0,0,0,0,96,158,136,32,0,0,0
4,0,16,23,95,149,0,0,4,0,13,118,45,104,139,164,177,0,170,167,0,46,142,47,16,0,208,41,103,5,81,0,68,0,162,0,47,19,22,0,0,0,26,12,47,0,0,12,13,0,73,0,0,0,0,0,0,0,0,0,0,0,71,0,0,0,0,0,0,0,59,0,0,0,89,0,0,0,0,0,274,0,0,0,239,0,168,0,0,0,0,0,0,0,0,0,342,0,418,0,54,0,0,0,0,0,0,0,0,0,0,0,0,0,0,0,0,0,0,0,241,0,63,0,0,0,0,0,0,0,0,0,11,0,0,0,70,0,18,0,80,0,263,0,42,0,0,0,0,0,0,0,0,0,5,0,0,0,3,0,1,0,15,0,69,0,84,0,0,0,2,0,11,0,0,0,11,14,0,0,0,0,0,0,0,0,0,0,0,0,0,0,0,0,0,0,1,0,0,0,39,0,0,0,0,0,0,0,0,0,138,358,153,44,54,0,0,0,0,0,0,0,0,0,0
0,0,0,44,57,178,0,0,0,0,0,41,92,120,90,118,0,76,99,261,46,0,0,137,0,32,53,167,0,75,0,21,0,106,0,90,0,33,0,8,0,0,6,78,2,57,0,8,0,5,14,61,0,11,0,10,0,10,0,0,0,2,0,86,0,0,0,0,0,0,0,4,0,0,0,0,0,0,0,0,0,0,0,0,0,55,0,0,0,0,0,0,0,0,0,0,0,0,0,0,0,37,0,0,0,0,0,0,0,0,0,0,0,0,0,0,0,0,0,0,0,47,0,0,0,0,0,0,0,17,0,0,0,0,0,0,0,0,0,213,0,418,0,347,0,25,0,0,0,0,0,0,0,0,0,20,0,3,0,0,0,0,0,6,0,28,0,45,0,36,0,4,0,20,0,0,0,72,0,4,0,0,0,0,0,0,0,5,0,0,0,0,0,0,0,0,0,0,0,0,0,0,0,0,0,0,0,0,0,0,0,0,0,0,36,0,0,0,91,307,152,27,0,3,0
10,269,184,172,63,85,15,40,9,0,7,162,0,0,181,256,97,65,167,0,142,0,0,322,38,170,216,0,68,0,36,0,89,26,7,0,43,0,67,52,0,0,0,0,0,0,17,0,15,2,0,0,24,0,208,0,19,0,18,0,11,0,25,0,2,0,0,0,0,0,0,0,0,0,0,0,0,0,0,0,0,0,0,0,126,0,0,0,0,0,0,0,0,0,0,0,329,0,64,0,0,0,0,0,0,0,220,0,0,0,0,0,0,0,0,0,0,0,0,0,0,0,17,0,0,0,0,0,0,0,0,0,13,0,100,0,238,0,15,0,55,0,310,0,1,0,0,0,4,0,42,0,21,0,11,0,0,0,3,0,0,0,0,0,0,0,27,0,42,0,8,0,103,0,0,0,152,80,4,0,0,0,20,0,7,0,3,0,0,0,0,0,0,0,0,0,0,0,9,0,282,0,0,0,0,0,0,0,16,0,166,203,206,42,103,0,0,0,0,3,4,0,0,0,0
157,15,130,91,91,38,0,17,0,0,100,11,0,0,138,64,101,161,8,108,47,137,322,0,41,58,0,27,6,97,11,11,20,64,5,0,0,27,0,51,0,0,0,32,0,0,0,0,0,0,0,0,0,14,0,3,0,5,0,0,0,2,3,17,0,0,0,0,0,0,0,0,0,1,0,4,0,0,0,0,0,45,0,7,0,37,0,13,0,0,0,0,0,0,0,0,0,0,0,39,0,0,0,4,0,0,0,0,0,0,0,0,0,0,0,0,0,0,0,0,0,13,0,0,0,0,0,0,0,0,0,0,0,0,0,44,0,0,0,27,0,49,0,187,0,1,0,0,0,0,0,0,0,0,0,11,0,0,0,5,0,0,0,0,0,0,0,68,0,11,0,3,0,30,0,0,29,71,3,9,0,0,0,0,0,0,0,0,0,0,0,0,0,0,0,0,0,0,0,0,0,0,0,0,0,0,0,0,0,0,0,0,0,0,31,0,0,0,99,373,60,0,0,0,0
5,175,66,28,0,0,255,180,7,238,0,0,0,0,7,0,62,69,0,0,16,0,38,41,0,364,0,0,33,0,0,0,11,0,0,0,0,5,0,0,0,0,0,0,0,0,0,0,0,0,0,0,66,20,223,42,44,0,4,0,27,13,50,66,0,0,0,0,0,0,0,0,0,0,0,0,0,0,0,0,0,0,0,0,39,0,0,0,0,0,0,0,0,0,0,0,0,0,0,0,0,0,0,0,0,0,0,0,0,0,0,0,0,0,0,0,0,0,0,0,0,0,0,0,0,0,8,0,26,0,0,0,12,0,81,0,252,0,15,0,46,0,217,0,0,0,0,0,0,0,10,0,8,0,10,0,0,0,0,0,0,0,0,0,0,0,0,0,13,0,6,0,79,7,0,0,54,28,0,0,0,0,4,56,3,1,0,0,0,0,0,0,0,0,0,0,0,0,0,0,137,0,0,0,0,0,0,0,0,0,95,151,85,39,72,0,0,0,6,0,0,0,0,0,0
368,23,133,57,0,0,133,192,237,13,15,0,0,0,0,32,151,131,0,19,0,32,170,58,364,0,0,0,9,23,0,0,9,0,0,0,0,11,21,44,0,0,0,0,0,0,0,0,0,0,0,0,25,53,26,75,0,75,0,0,20,9,122,103,0,0,0,0,0,0,0,0,0,0,0,0,0,0,0,0,0,0,0,0,0,0,0,0,0,0,0,7,0,0,0,10,0,0,0,0,0,0,0,0,0,0,0,0,0,0,0,0,0,0,0,0,0,0,0,0,0,0,0,0,0,0,0,0,0,30,0,0,0,6,0,69,0,82,0,66,0,57,0,130,0,0,0,0,0,0,0,0,0,0,0,38,0,1,0,15,0,2,0,0,0,0,0,0,0,9,0,6,7,37,0,0,39,130,0,0,0,0,24,1,0,0,0,0,0,0,0,0,0,0,0,0,0,0,0,0,0,0,0,0,0,0,0,0,0,0,0,4,0,0,56,0,0,0,24,141,19,14,2,6,0
20,0,75,0,170,0,0,0,0,1,0,0,154,405,256,0,71,0,270,174,208,53,216,0,0,0,0,398,38,0,23,0,9,0,37,0,65,0,41,0,55,188,251,194,147,87,44,335,22,13,253,0,10,0,0,0,0,0,0,0,0,0,35,0,0,0,0,0,0,0,35,0,0,0,0,0,0,0,0,0,0,0,0,0,0,0,82,0,0,0,0,0,0,0,0,0,0,0,0,0,0,0,0,0,0,0,0,0,0,0,0,0,0,0,0,0,0,0,0,0,0,0,0,0,0,0,0,0,0,0,0,0,10,0,0,0,0,0,0,0,0,0,142,0,0,0,0,0,13,0,0,0,42,0,0,0,0,0,0,0,0,0,0,0,72,2,14,0,51,3,0,0,0,0,0,0,11,55,0,0,0,0,21,0,18,0,111,0,0,0,0,0,0,0,0,0,1,0,0,0,0,0,0,0,0,0,0,0,0,0,30,371,232,33,0,0,0,32,0,31,0,0,0,0,0
0,123,0,86,0,275,0,0,0,22,0,263,200,149,0,91,0,0,130,377,41,167,0,27,0,0,398,0,0,0,0,0,0,0,0,100,0,22,0,0,166,13,43,331,32,269,74,168,1,58,45,344,0,0,0,0,0,0,0,0,0,24,0,35,0,36,0,0,0,0,0,0,0,9,0,0,0,0,0,0,0,274,0,0,0,0,0,154,0,0,0,0,0,0,0,0,0,0,0,212,0,0,0,0,0,0,0,0,0,0,0,0,0,0,0,0,0,0,0,0,0,118,0,0,0,0,0,0,0,0,0,0,0,0,0,0,0,192,0,60,0,0,0,392,0,33,0,0,0,0,0,0,0,0,0,33,0,0,0,0,0,0,0,10,0,54,0,0,0,93,0,29,0,0,0,0,0,100,0,15,0,12,0,0,0,54,12,16,0,0,0,0,0,0,0,0,0,0,0,0,0,0,0,0,0,0,0,0,0,0,0,0,0,0,69,0,0,0,129,433,246,37,0,9,14
123,5,196,0,26,0,32,0,5,0,0,2,0,0,0,0,139,3,4,0,103,0,68,6,33,9,38,0,0,0,51,0,48,0,105,0,46,0,11,0,0,0,64,0,9,0,0,0,0,0,34,0,20,0,0,0,0,0,0,0,1,0,29,1,0,0,0,0,0,0,10,0,0,0,8,0,0,0,0,0,41,0,0,0,46,0,20,0,0,0,0,0,0,0,0,0,0,0,27,0,0,0,0,0,0,0,0,0,0,0,0,0,0,0,0,0,0,0,0,0,42,0,16,0,0,0,0,0,5,0,0,0,8,0,7,0,42,0,16,0,47,0,112,0,0,0,0,0,0,0,0,0,0,0,7,0,0,0,1,0,0,0,0,0,0,0,0,0,0,0,1,0,0,0,0,0,7,3,0,0,0,0,0,0,0,0,0,0,0,0,0,0,1,0,0,0,0,0,0,0,0,0,0,0,0,0,0,0,0,0,0,59,5,0,0,0,0,0,0,0,0,0,0,0,0
0,149,0,181,9,0,0,143,0,0,0,29,0,0,6,11,0,59,0,13,5,75,0,97,0,23,0,0,0,0,0,41,0,112,0,73,0,37,0,12,0,0,0,25,0,0,0,0,0,0,0,17,0,8,0,10,0,5,0,0,0,0,0,52,0,0,0,0,0,0,0,0,0,0,0,0,0,0,0,0,0,43,0,0,0,0,0,0,0,0,0,0,0,0,0,0,0,0,0,0,0,0,0,0,0,0,0,0,0,0,0,0,0,0,0,0,0,0,0,0,0,19,0,0,0,1,0,0,0,15,0,0,0,11,0,27,0,23,0,122,0,188,0,189,0,7,0,0,0,0,0,0,0,0,0,7,0,3,0,12,0,0,0,0,0,0,0,3,0,0,0,0,0,0,0,0,1,0,0,16,0,0,0,2,0,0,0,0,0,0,0,0,0,0,0,0,0,0,0,0,0,0,0,0,0,0,0,0,0,0,0,0,0,0,0,0,0,0,5,42,0,0,0,0,0
19,0,93,0,217,0,0,1,2,0,64,5,0,0,125,20,83,0,22,0,81,0,36,11,0,0,23,0,51,0,0,0,9,0,30,0,29,0,6,0,0,0,51,0,5,0,0,0,0,0,22,0,0,0,0,0,0,0,0,0,0,0,43,0,0,0,0,0,0,0,9,0,0,0,13,0,0,0,0,0,37,0,0,0,0,0,0,0,0,0,0,0,0,0,0,0,0,0,0,0,0,0,0,0,0,0,0,0,0,0,0,0,0,0,0,0,0,0,0,0,46,0,0,0,0,0,0,0,0,0,0,0,8,0,0,0,0,0,22,0,0,0,81,0,0,0,0,0,0,0,0,0,0,0,0,0,0,0,0,0,0,0,4,0,0,0,40,0,0,0,0,0,16,0,0,0,6,0,0,0,0,0,0,0,3,0,0,0,0,0,0,0,0,0,0,0,0,0,0,0,0,0,0,0,0,0,0,0,0,0,61,164,51,16,0,0,0,0,3,0,0,0,0,0,0
0,0,0,18,0,101,0,0,0,0,0,39,0,0,45,52,0,0,0,84,0,21,0,11,0,0,0,0,0,41,0,0,0,1,3,34,0,25,0,22,0,0,0,24,0,0,0,0,0,1,0,32,0,0,0,0,0,2,0,0,0,0,0,20,0,0,0,0,0,0,0,0,0,0,0,0,0,0,0,0,0,0,0,0,0,0,0,0,0,0,0,0,0,0,0,0,0,0,0,0,0,0,0,0,0,0,0,0,0,0,0,0,0,0,0,0,0,0,0,0,0,0,0,0,0,0,0,0,0,0,0,0,0,0,0,0,0,0,0,18,0,37,0,0,0,16,0,0,0,0,0,0,0,0,0,3,0,0,0,0,0,0,0,0,0,5,0,18,0,0,0,0,0,7,0,0,4,29,3,7,0,0,0,0,0,0,0,0,0,0,0,0,0,0,0,0,0,0,0,0,0,0,0,0,0,0,0,0,0,0,0,0,0,0,17,0,0,0,34,40,24,9,0,0,0
170,0,280,0,223,0,0,0,3,0,92,0,0,0,49,14,102,1,0,0,68,0,89,20,11,9,9,0,48,0,9,0,0,0,114,0,176,0,12,0,0,0,75,0,6,0,0,0,0,0,38,0,8,0,0,0,0,0,0,0,0,0,25,0,0,0,0,0,0,0,9,0,0,0,9,0,0,0,0,0,0,0,0,0,0,0,0,0,0,0,0,0,0,0,0,0,0,0,0,0,0,0,0,0,0,0,0,0,0,0,0,0,0,0,0,0,0,0,0,0,26,0,0,0,0,0,0,0,0,0,0,0,9,0,0,0,32,0,33,0,81,0,118,0,22,0,0,0,0,0,0,0,0,0,0,0,0,0,0,0,0,0,0,0,5,0,80,0,27,0,6,0,16,0,0,0,17,2,19,0,0,0,28,0,0,0,0,0,0,0,0,0,0,0,0,0,0,0,0,0,0,0,0,0,0,0,0,0,0,0,63,267,69,0,39,0,0,0,0,1,0,0,0,0,0
0,192,0,257,0,251,0,0,0,0,0,274,0,0,67,123,0,40,0,24,0,106,26,64,0,0,0,0,0,112,0,1,0,0,0,35,0,228,0,15,0,0,0,25,0,0,0,0,0,0,0,24,0,2,0,0,0,0,0,0,0,5,0,10,0,0,0,0,0,0,0,0,0,0,0,0,0,0,0,0,0,0,0,0,0,0,0,0,0,0,0,0,0,0,0,0,0,0,0,0,0,0,0,0,0,0,0,0,0,0,0,0,0,0,0,0,0,0,0,0,0,10,0,1,0,0,0,0,0,0,0,0,0,0,0,0,0,0,0,33,0,73,0,52,0,12,0,0,0,0,0,0,0,0,0,0,0,18,0,0,0,0,0,0,0,0,0,70,0,0,0,0,0,0,0,0,0,103,1,132,0,0,0,0,0,0,0,0,0,0,0,0,0,0,0,0,0,0,0,0,0,0,0,0,0,0,0,0,0,0,0,0,0,0,12,0,0,0,26,158,21,0,0,4,0
0,0,0,0,422,0,0,0,0,0,58,0,214,0,103,27,11,0,319,18,162,0,7,5,0,0,37,0,105,0,30,3,114,0,0,0,177,0,30,0,0,0,22,0,7,1,0,0,6,0,54,0,0,0,0,0,0,0,0,0,0,0,8,0,0,0,1,0,0,0,21,0,0,0,29,0,0,0,0,0,87,0,0,0,0,0,48,0,0,0,0,0,0,0,0,0,0,0,143,0,0,0,0,0,0,0,0,0,0,0,0,0,0,0,0,0,0,0,0,0,85,0,15,0,0,0,0,0,0,0,0,0,0,0,0,0,0,0,0,0,0,0,0,0,24,0,0,0,0,0,0,0,0,0,0,0,0,0,0,0,0,0,13,0,51,0,61,0,15,0,0,0,11,0,0,0,0,5,19,0,0,0,0,0,0,0,0,0,0,0,0,0,0,0,0,0,0,0,0,0,0,0,0,0,0,0,0,0,0,0,96,287,140,0,24,0,0,0,0,0,0,0,0,0,0
0,0,0,0,0,170,0,0,0,0,0,49,0,170,0,52,0,11,0,217,0,90,0,0,0,0,0,100,0,73,0,34,0,35,0,0,0,108,0,44,0,0,0,43,0,17,0,0,0,2,0,29,0,0,0,0,0,0,0,0,0,0,0,17,0,0,0,0,0,0,0,2,0,0,0,0,0,0,0,0,0,0,0,0,0,0,0,0,0,0,0,0,0,0,0,0,0,0,0,0,0,0,0,0,0,0,0,0,0,0,0,0,0,0,0,0,0,0,0,0,0,0,0,11,0,0,0,0,0,0,0,0,0,5,0,0,0,0,0,75,0,226,0,191,0,46,0,0,0,0,0,0,0,0,0,0,0,0,0,0,0,0,0,0,0,0,0,33,0,18,0,0,0,3,0,0,0,45,0,3,0,0,0,0,0,0,0,6,0,0,0,0,0,0,0,0,0,0,0,0,0,0,0,0,0,0,0,0,0,0,0,0,0,0,14,0,0,0,39,94,72,0,0,0,0
54,0,85,0,283,0,0,0,0,0,82,0,67,0,48,0,16,0,52,0,47,0,43,0,0,0,65,0,46,0,29,0,176,0,177,0,0,0,35,0,0,0,62,0,9,0,0,0,0,0,81,0,0,0,0,0,0,0,0,0,17,0,24,0,0,0,0,0,0,0,31,0,0,0,33,0,0,0,0,0,81,0,0,0,0,0,42,0,0,0,0,0,0,0,0,0,32,0,92,0,0,0,0,0,0,0,0,0,0,0,0,0,0,0,0,0,0,0,0,0,90,0,0,0,0,0,0,0,2,0,0,0,0,0,0,0,26,0,53,0,133,0,91,0,84,0,0,0,0,0,0,0,0,0,5,0,18,0,2,0,0,0,19,0,43,0,37,0,51,0,21,0,21,0,0,0,7,0,7,0,0,0,7,0,0,0,0,0,0,0,0,0,0,0,0,0,0,0,0,0,0,0,0,0,0,0,0,0,0,0,54,150,107,23,25,0,2,0,0,0,0,0,0,0,0
0,207,0,69,0,212,0,46,0,0,0,183,0,59,37,98,0,10,16,66,19,33,0,27,5,11,0,22,0,37,0,25,0,228,0,108,0,0,0,65,0,0,0,34,0,5,0,0,0,0,0,83,0,1,0,0,0,1,0,0,0,13,0,18,0,0,0,0,0,0,0,10,0,0,0,17,0,0,0,0,0,68,0,0,0,0,0,50,0,0,0,0,0,0,0,0,0,0,0,56,0,0,0,0,0,0,0,0,0,0,0,0,0,0,0,0,0,0,0,0,0,43,0,13,0,0,0,0,0,0,0,0,0,7,0,0,0,0,0,105,0,509,0,225,0,156,0,0,0,0,0,0,0,0,0,0,0,29,0,5,0,0,0,0,0,10,0,24,0,27,0,7,0,46,0,0,0,76,0,73,0,0,0,5,0,0,0,2,0,0,0,0,0,0,0,0,0,0,0,0,0,0,0,0,0,0,0,0,0,0,0,0,0,0,11,0,0,0,19,121,38,0,0,0,0
171,14,206,0,0,0,0,0,22,0,0,0,0,0,0,0,135,0,0,0,22,0,67,0,0,21,41,0,11,0,6,0,12,0,30,0,35,0,0,0,0,0,41,0,0,0,0,0,0,0,18,0,33,0,4,0,0,0,0,0,18,0,37,0,0,0,0,0,0,0,4,0,0,0,0,0,0,0,0,0,0,0,0,0,5,0,4,0,0,0,0,0,0,0,0,0,0,0,0,0,0,0,0,0,0,0,0,0,0,0,0,0,0,0,0,0,0,0,0,0,0,0,9,0,0,0,0,0,0,0,0,0,0,0,0,0,0,0,148,0,151,0,62,0,35,0,0,0,0,0,0,0,0,0,54,0,29,0,17,0,0,0,0,0,0,0,0,0,3,0,7,0,0,0,0,0,0,0,0,0,0,0,28,0,0,0,0,0,0,0,0,0,0,0,0,0,0,0,0,0,0,0,0,0,0,0,0,0,0,0,0,81,9,11,0,0,0,0,0,0,0,0,0,0,0
38,578,0,272,0,0,0,287,0,0,0,0,0,0,0,0,20,79,0,0,0,8,52,51,0,44,0,0,0,12,0,22,0,15,0,44,0,65,0,0,0,0,0,0,0,0,0,0,0,0,0,26,0,6,0,10,0,4,0,3,0,18,0,16,0,0,0,0,0,0,0,0,0,0,0,0,0,0,0,0,0,0,0,0,0,0,0,0,0,0,0,0,0,0,0,0,0,0,0,0,0,0,0,0,0,0,0,0,0,0,0,0,0,0,0,0,0,0,0,0,0,0,0,1,0,0,0,0,0,0,0,0,0,0,0,0,0,0,0,96,0,149,0,0,0,61,0,0,0,0,0,0,0,0,0,28,0,12,0,24,0,0,0,0,0,0,0,7,0,0,0,0,0,12,0,0,0,113,0,57,0,0,0,6,0,0,0,0,0,0,0,0,0,0,0,0,0,1,0,0,0,0,0,0,0,0,0,0,0,0,0,0,0,0,10,0,0,0,0,187,19,3,0,4,0
40,0,22,0,114,0,0,0,30,0,87,0,245,94,10,0,0,0,20,47,0,0,0,0,0,0,55,166,0,0,0,0,0,0,0,0,0,0,0,0,0,85,114,55,68,55,78,209,130,29,49,0,0,0,0,0,0,0,0,0,0,0,3,0,0,0,0,0,0,0,0,0,0,0,0,0,0,0,0,0,0,0,0,0,0,0,0,0,0,0,0,0,0,0,0,0,0,0,0,0,0,0,0,0,0,0,0,0,0,0,0,0,0,0,0,0,0,0,0,0,0,0,0,0,0,0,0,0,0,0,0,0,0,0,0,0,0,0,0,0,0,0,0,0,0,0,0,0,10,0,0,0,0,0,0,0,0,0,0,0,0,0,0,0,19,0,0,0,3,0,0,0,0,0,0,0,22,56,33,0,0,0,28,0,9,0,292,0,0,0,0,0,0,0,0,0,0,0,0,0,8,0,0,0,0,0,0,0,0,0,0,162,29,0,0,0,0,45,0,88,0,0,0,0,8
0,0,0,0,0,73,0,0,0,0,0,168,0,158,0,0,0,0,0,0,0,0,0,0,0,0,188,13,0,0,0,0,0,0,0,0,0,0,0,0,85,0,29,4,30,21,68,133,9,129,9,0,0,0,0,0,0,0,0,0,0,0,0,0,0,0,0,0,0,0,0,0,0,0,0,0,0,0,0,0,0,0,0,0,0,0,0,0,0,0,0,0,0,0,0,0,0,0,0,0,0,0,0,0,0,0,0,0,0,0,0,0,0,0,0,0,0,0,0,0,0,0,0,0,0,0,0,0,0,0,0,0,0,0,0,0,0,0,0,0,0,0,0,0,0,0,0,0,0,0,0,0,0,0,0,0,0,0,0,0,0,0,0,0,0,6,0,0,0,0,1,0,0,0,0,0,0,160,0,6,0,0,0,0,0,0,16,22,0,0,0,0,0,0,0,0,0,0,0,0,0,0,0,0,0,0,0,0,0,0,0,9,0,0,0,0,0,0,0,87,0,0,0,0,17
0,0,0,0,0,0,1,0,1,1,0,0,181,40,11,0,3,0,25,10,26,6,0,0,0,0,251,43,64,0,51,0,75,0,22,0,62,0,41,0,114,29,0,25,94,23,112,58,83,0,26,0,10,0,0,0,0,0,0,0,0,0,0,0,0,0,0,0,0,0,0,0,0,0,26,0,0,0,0,0,41,0,0,0,0,0,27,0,0,0,0,0,0,0,0,0,0,0,0,0,0,0,3,0,0,0,0,0,0,0,0,0,0,0,0,0,0,0,0,0,0,0,0,0,0,0,0,0,0,0,0,0,0,0,0,0,0,0,0,0,0,0,0,0,18,0,0,0,0,0,0,0,0,0,0,0,0,0,0,0,0,0,12,0,36,0,50,0,16,0,4,0,24,0,0,0,5,3,0,0,0,0,0,0,0,0,28,0,0,0,0,0,0,0,0,0,0,0,0,0,0,0,0,0,0,0,0,0,0,0,59,204,105,14,0,0,0,24,0,6,0,0,0,0,0
0,0,0,0,0,0,0,0,0,0,0,0,60,214,0,33,0,0,47,70,12,78,0,32,0,0,194,331,0,25,0,24,0,25,0,43,0,34,0,0,55,4,25,0,11,218,25,75,0,44,0,55,0,0,0,0,0,0,0,0,0,3,0,12,0,0,0,0,0,0,0,0,0,2,0,13,0,0,0,0,0,0,0,0,0,0,0,0,0,0,0,0,0,0,0,0,0,0,0,0,0,0,0,0,0,0,0,0,0,0,0,0,0,0,0,0,0,0,0,0,0,43,0,0,0,0,0,0,0,0,0,0,0,0,0,0,0,9,0,36,0,165,0,141,0,0,0,0,0,0,0,0,0,0,0,0,0,0,0,0,0,0,0,0,0,29,0,15,0,37,0,6,0,10,0,0,0,92,0,0,0,0,0,0,0,0,0,53,0,0,0,0,0,0,0,1,0,0,0,0,0,0,0,0,0,0,0,0,0,0,1,0,0,0,37,0,0,0,95,164,121,13,0,0,1
0,0,0,0,27,0,4,0,7,0,0,0,33,16,10,0,0,0,18,3,47,2,0,0,0,0,147,32,9,0,5,0,6,0,7,0,9,0,0,0,68,30,94,11,0,22,288,60,142,9,64,0,0,0,0,0,0,0,5,0,0,0,4,0,0,0,0,0,7,0,14,0,5,0,12,0,6,0,6,0,51,0,45,0,34,0,39,0,0,0,11,0,15,0,40,0,0,0,74,0,22,0,22,0,13,0,0,0,0,0,0,0,0,0,0,0,0,0,0,0,34,0,0,0,0,0,0,0,0,0,0,0,0,0,0,0,0,0,4,0,0,0,0,0,15,0,0,0,0,0,0,0,0,0,0,0,0,0,3,0,0,0,0,0,117,0,17,0,65,0,17,0,21,0,0,0,3,3,0,0,0,0,4,0,6,0,38,0,0,0,0,0,0,0,0,0,0,0,0,0,0,0,0,0,0,0,0,0,0,0,72,165,187,8,13,0,0,71,0,15,0,0,0,0,0
0,15,0,3,0,24,0,0,0,0,0,40,22,38,0,13,0,0,0,18,0,57,0,0,0,0,87,269,0,0,0,0,0,0,1,17,0,5,0,0,55,21,23,218,22,0,50,238,3,225,0,112,0,0,0,0,0,0,0,3,0,0,0,5,0,0,0,1,0,0,0,0,0,6,0,0,0,29,0,0,0,100,0,52,0,0,0,100,0,0,0,0,0,19,0,77,0,0,0,0,0,0,0,0,0,0,1,0,0,0,0,0,0,0,0,0,0,0,0,0,0,68,0,0,0,0,0,0,0,0,0,0,0,7,0,0,0,0,0,21,0,0,0,219,0,0,0,0,0,0,0,0,0,0,0,0,0,0,0,0,0,0,0,0,0,119,0,4,0,167,0,0,0,7,0,0,0,57,0,0,0,0,0,0,0,0,15,1,0,0,0,0,0,0,0,0,0,0,0,0,0,0,0,0,0,30,0,0,0,0,2,4,0,0,29,0,0,0,121,248,159,18,0,0,30
44,0,21,0,134,0,0,0,23,0,54,0,132,37,26,0,0,0,21,0,0,0,17,0,0,0,44,74,0,0,0,0,0,0,0,0,0,0,0,0,78,68,112,25,288,50,0,128,156,24,30,0,0,0,0,0,0,0,0,0,0,0,5,0,0,0,0,0,0,0,1,0,0,0,0,0,0,0,0,0,4,1,0,0,0,0,0,0,0,0,0,0,0,0,2,0,0,0,0,0,0,0,0,0,0,0,0,0,0,0,0,0,0,0,0,0,0,0,0,0,0,0,0,0,0,0,0,0,0,0,0,0,0,0,0,0,0,0,0,0,0,0,0,0,0,0,19,0,6,0,10,0,8,0,0,0,0,0,0,0,0,0,0,0,33,0,1,0,0,0,0,0,6,0,0,0,0,26,19,0,0,0,16,0,13,0,120,0,0,0,0,0,0,0,0,0,0,0,0,0,0,0,0,0,0,0,0,0,0,0,3,204,49,0,0,0,0,92,0,57,0,0,0,0,0
0,69,0,0,0,159,0,0,0,0,0,318,44,282,0,0,0,0,0,18,12,8,0,0,0,0,335,168,0,0,0,0,0,0,0,0,0,0,0,0,209,133,58,75,60,238,128,0,15,268,28,37,0,0,0,0,0,0,0,0,0,0,0,2,0,11,0,0,0,0,0,0,0,0,0,0,0,0,0,0,0,0,0,0,0,0,0,0,0,0,0,0,0,0,0,9,0,0,0,0,0,0,0,0,0,0,0,0,0,0,0,0,0,0,0,0,0,0,0,0,0,0,0,0,0,0,0,0,0,0,0,0,0,0,0,0,0,0,0,0,0,0,0,0,0,0,0,0,0,0,0,0,0,0,0,0,0,0,0,0,0,0,0,0,0,0,0,0,0,0,0,0,0,0,0,0,0,165,0,5,0,0,0,0,0,0,51,17,1,0,0,0,0,0,0,0,0,0,0,0,0,0,0,0,0,0,0,0,0,0,0,0,0,0,0,0,0,0,0,430,39,0,0,0,54
14,0,9,0,18,0,8,0,11,0,10,0,44,2,3,0,1,0,0,0,13,0,15,0,0,0,22,1,0,0,0,0,0,0,6,0,0,0,0,0,130,9,83,0,142,3,156,15,0,15,20,1,13,0,0,0,20,0,7,0,0,0,9,0,0,0,0,0,13,0,0,0,0,0,3,0,0,0,9,0,8,0,36,0,23,0,17,0,21,0,0,0,0,0,17,0,0,1,5,0,22,0,69,0,19,0,9,0,0,0,0,0,0,0,0,0,0,0,0,0,0,0,4,0,0,0,0,0,0,0,0,0,4,0,17,0,0,0,0,0,2,0,0,0,6,0,0,0,5,0,0,0,9,0,13,0,0,0,0,0,18,0,7,0,10,0,8,0,29,0,13,0,27,0,6,0,33,4,36,0,0,0,20,0,0,0,148,0,15,0,0,0,19,0,15,0,0,0,0,0,15,0,53,0,28,0,0,0,0,0,63,58,163,15,82,5,1,32,0,26,12,2,0,0,5
0,0,0,4,0,0,0,0,0,0,1,40,1,71,0,0,0,0,0,0,0,5,2,0,0,0,13,58,0,0,0,1,0,0,0,2,0,0,0,0,29,129,0,44,9,225,24,268,15,0,0,19,0,0,0,0,0,2,0,0,0,0,0,0,0,0,0,0,0,10,0,0,0,0,0,0,0,6,0,0,0,4,0,25,0,7,0,9,0,6,0,0,0,23,0,38,0,2,0,0,0,4,0,18,0,0,0,0,0,0,0,0,0,0,0,0,0,0,0,0,0,0,0,0,0,0,0,0,0,0,0,1,0,1,0,9,0,0,0,0,0,0,0,0,0,0,0,3,0,0,0,0,0,10,0,0,0,0,0,0,0,5,0,1,0,15,0,1,0,12,0,3,0,4,0,0,0,178,1,11,0,0,1,2,0,0,26,70,0,5,0,2,0,2,0,4,0,0,0,6,0,11,0,0,0,3,0,0,0,4,0,8,0,0,26,0,0,4,52,34,41,3,0,4,15
0,0,0,0,67,0,0,0,0,0,3,3,337,53,16,0,5,0,174,37,73,14,0,0,0,0,253,45,34,0,22,0,38,0,54,0,81,0,18,0,49,9,26,0,64,0,30,28,20,0,0,0,0,0,0,0,2,0,5,0,0,0,16,0,0,0,0,0,0,0,47,0,0,0,34,0,0,0,10,0,104,0,0,0,0,0,60,0,0,0,0,0,0,0,0,0,0,0,164,0,15,0,0,0,0,0,22,0,0,0,0,0,0,0,0,0,0,0,0,0,79,0,0,0,0,0,0,0,0,0,1,0,0,0,0,0,0,0,0,0,11,0,0,0,30,0,0,0,0,0,0,0,0,0,0,0,2,0,0,0,0,0,25,0,84,0,32,0,101,0,19,0,52,0,0,0,0,0,7,0,0,0,0,0,0,0,10,0,0,0,0,0,0,0,5,0,0,0,0,0,0,0,0,0,0,0,0,0,0,0,0,305,157,31,25,0,0,16,2,0,0,0,0,0,0
0,0,0,0,0,103,0,0,0,0,0,16,0,455,0,20,0,0,38,164,0,61,0,0,0,0,0,344,0,17,0,32,0,24,0,29,0,83,0,26,0,0,0,55,0,112,0,37,1,19,0,0,0,0,0,0,0,0,0,3,0,5,0,17,0,0,0,0,0,0,0,0,0,0,0,29,0,6,0,4,0,105,0,0,0,0,0,81,0,28,0,0,0,0,0,0,0,12,0,70,0,31,0,0,0,0,0,0,0,0,0,0,0,0,0,0,0,0,0,0,0,66,0,16,0,0,0,0,0,0,0,0,0,0,0,0,0,0,0,64,0,190,0,179,0,78,0,0,0,0,0,0,0,0,0,6,0,8,0,4,0,0,0,10,0,31,0,34,0,113,0,19,0,34,0,0,0,53,0,0,0,0,0,0,0,0,0,31,0,0,0,0,0,0,0,0,0,0,0,0,0,0,0,0,0,0,0,0,0,0,0,0,0,0,38,0,0,0,78,81,120,20,2,0,1
0,0,0,0,4,0,20,0,27,81,0,0,0,0,0,0,122,0,0,0,0,0,24,0,66,25,10,0,20,0,0,0,8,0,0,0,0,0,33,0,0,0,10,0,0,0,0,0,13,0,0,0,0,41,54,66,174,6,12,51,26,0,106,19,4,0,0,49,0,0,2,0,0,0,2,0,0,0,0,0,0,0,0,0,30,0,0,0,0,0,0,0,0,0,0,0,0,0,0,0,0,0,0,0,0,0,0,0,0,0,0,0,0,0,0,0,0,0,0,0,3,0,7,0,0,0,0,0,65,0,0,0,26,0,10,0,201,0,173,0,174,0,100,0,8,0,0,0,0,0,0,0,0,0,162,2,68,2,59,0,0,0,0,0,7,0,1,1,14,0,148,0,17,0,0,0,9,0,0,0,0,0,11,0,0,2,5,0,0,0,0,0,0,0,0,0,0,0,0,0,0,0,0,0,0,0,0,0,0,0,118,342,267,275,330,0,90,0,0,0,0,0,0,0,0
0,18,0,0,0,0,39,19,88,77,0,0,0,4,0,9,0,41,0,0,0,11,0,14,20,53,0,0,0,8,0,0,0,2,0,0,0,1,0,6,0,0,0,0,0,0,0,0,0,0,0,0,41,0,118,65,25,105,153,9,0,46,19,59,0,0,35,0,0,0,0,0,0,0,0,0,0,0,0,0,0,0,0,0,0,15,0,0,0,0,0,0,0,0,0,0,0,6,0,0,0,5,0,0,0,0,0,0,0,0,0,0,0,0,0,0,0,0,0,0,0,0,0,0,0,8,0,0,0,43,0,0,0,19,0,15,0,40,0,167,0,73,0,77,0,38,0,0,0,0,0,0,0,0,8,57,0,98,0,68,0,0,0,0,0,0,0,0,0,5,0,23,0,9,0,0,0,45,0,0,0,0,0,0,14,8,0,0,0,0,0,0,0,0,0,0,0,0,0,0,1,0,0,0,0,0,0,0,0,0,0,0,0,0,40,0,0,0,16,193,41,37,2,5,0
1,0,91,0,11,0,214,22,72,267,2,0,0,0,0,0,7,0,0,0,0,0,208,0,223,26,0,0,0,0,0,0,0,0,0,0,0,0,4,0,0,0,0,0,0,0,0,0,0,0,0,0,54,118,0,192,53,18,44,81,23,0,20,35,7,0,5,119,2,0,0,0,0,0,0,0,0,0,0,0,0,0,0,0,0,0,0,0,0,0,0,0,0,0,0,0,0,0,0,0,0,0,0,0,0,0,0,0,0,0,0,0,0,0,0,0,0,0,0,0,0,0,0,0,25,0,81,0,40,0,67,0,24,0,120,0,191,0,0,0,0,0,50,0,0,0,0,0,0,0,19,0,0,0,12,6,22,0,20,0,50,0,4,0,0,0,0,0,12,0,47,0,13,0,0,0,9,1,0,0,0,0,0,2,0,18,3,0,0,0,0,0,0,0,0,0,0,0,0,0,40,0,2,0,0,0,0,0,82,0,250,161,139,236,410,0,83,0,0,0,0,0,0,0,0
0,6,0,37,0,8,108,66,246,194,0,0,0,0,0,30,0,7,0,9,0,10,0,3,42,75,0,0,0,10,0,0,0,0,0,0,0,0,0,10,0,0,0,0,0,0,0,0,0,0,0,0,66,65,192,0,31,76,58,13,15,26,48,100,0,5,17,58,0,0,0,0,0,0,0,0,0,1,0,0,0,0,0,0,0,0,0,0,0,0,0,0,0,0,0,0,0,0,0,0,0,0,0,0,0,0,0,0,0,0,0,0,0,0,0,0,0,0,0,0,0,0,0,0,0,18,0,0,0,35,0,51,0,30,0,19,0,88,0,9,0,0,0,13,0,2,0,0,0,13,0,0,0,0,0,37,0,27,0,13,0,45,0,4,0,0,0,0,0,45,0,143,0,60,0,0,5,8,0,0,0,0,0,0,15,8,0,0,0,0,0,0,0,0,0,0,0,0,0,0,0,0,0,0,0,0,0,4,0,15,8,0,0,0,444,0,0,0,220,86,206,261,0,103,0
0,0,0,0,0,0,9,0,29,0,0,0,0,0,0,0,0,0,0,0,0,0,19,0,44,0,0,0,0,0,0,0,0,0,0,0,0,0,0,0,0,0,0,0,0,0,0,0,20,0,2,0,174,25,53,31,0,0,225,61,0,0,6,0,66,0,22,87,0,0,0,0,0,0,0,0,0,0,0,0,0,0,0,0,0,0,0,0,0,0,0,0,0,0,0,0,0,0,0,0,0,0,0,0,0,0,0,0,0,0,0,0,0,0,3,0,0,0,0,0,0,0,0,0,14,0,0,0,21,0,60,0,11,0,0,0,11,0,9,5,0,0,0,0,8,0,0,0,3,0,0,0,0,0,71,29,0,0,96,25,76,0,14,0,0,0,0,0,22,0,54,0,0,0,0,0,2,0,0,0,0,0,0,1,0,9,0,0,0,0,0,0,0,0,0,0,0,0,0,0,0,0,0,0,0,0,0,0,10,0,392,141,289,505,1044,0,164,0,7,0,0,1,0,0,0
0,0,0,13,0,0,0,13,0,30,0,0,0,0,0,37,1,26,0,9,0,10,0,5,0,75,0,0,0,5,0,2,0,0,0,0,0,1,0,4,0,0,0,0,0,0,0,0,0,2,0,0,6,105,18,76,0,0,62,141,0,4,0,15,0,6,31,82,0,6,2,0,0,0,0,0,0,0,0,0,0,0,0,0,0,0,0,0,0,0,0,0,0,0,0,0,0,5,0,0,0,0,0,0,0,0,0,0,0,0,0,0,0,0,0,0,0,0,0,0,0,0,0,0,0,6,0,0,0,25,0,32,0,5,0,18,0,56,0,16,0,28,0,0,0,0,0,0,0,3,0,0,0,0,9,87,0,40,0,60,9,35,0,51,0,11,0,0,0,104,0,269,0,0,0,0,0,0,0,0,0,0,0,0,6,4,0,0,0,0,0,0,0,0,0,0,0,0,0,0,0,0,0,0,0,0,0,0,0,0,2,0,0,0,636,0,0,0,216,87,508,404,73,73,0
0,0,0,0,0,0,10,0,143,45,0,0,0,0,0,0,0,0,0,0,0,0,18,0,4,0,0,0,0,0,0,0,0,0,0,0,0,0,0,0,0,0,0,0,5,0,0,0,7,0,5,0,12,153,44,58,225,62,0,339,26,0,0,0,195,38,183,219,0,0,0,0,0,0,0,0,0,0,0,0,0,0,0,0,0,0,0,0,0,0,0,0,0,0,0,0,0,0,0,0,0,0,0,0,0,0,0,0,0,0,0,0,0,0,0,0,0,0,0,0,0,0,0,0,0,0,0,0,0,0,22,0,2,0,0,0,4,0,9,0,0,0,0,0,7,7,0,0,1,0,0,0,0,0,15,66,54,0,8,30,8,0,6,0,0,0,1,0,0,0,34,0,0,0,0,0,26,0,0,0,0,0,0,0,258,92,0,0,0,0,0,0,0,0,0,0,0,0,0,0,0,0,0,0,0,0,0,0,0,0,397,376,90,200,578,10,46,2,3,0,0,0,0,0,0
0,10,0,2,0,5,0,6,58,112,0,0,0,0,0,0,0,0,0,0,0,0,0,0,0,0,0,0,0,0,0,0,0,0,0,0,0,0,0,3,0,0,0,0,0,3,0,0,0,0,0,3,51,9,81,13,61,141,339,0,0,9,0,0,64,138,137,332,0,0,0,0,0,0,0,0,0,0,0,0,0,0,0,4,0,0,0,2,0,0,0,0,0,0,0,0,0,0,0,0,0,0,0,0,0,0,0,0,0,0,0,0,0,0,1,0,0,0,0,0,0,0,0,0,0,6,0,0,1,2,0,27,0,9,0,0,0,0,36,2,1,0,0,2,37,38,0,0,0,7,0,0,0,0,98,40,32,118,23,32,0,24,0,41,0,4,0,0,0,43,0,74,0,12,0,0,5,0,0,0,0,0,0,0,48,152,0,0,0,0,0,0,0,0,0,0,0,0,0,0,0,0,0,0,0,0,0,0,0,0,8,3,0,0,1124,0,0,0,687,481,313,416,79,50,0
64,1,40,0,0,0,191,0,116,0,0,0,0,0,0,0,10,0,0,0,0,0,11,0,27,20,0,0,1,0,0,0,0,0,0,0,17,0,18,0,0,0,0,0,0,0,0,0,0,0,0,0,26,0,23,15,0,0,26,0,0,1,12,9,0,0,0,0,0,0,10,0,0,0,10,0,1,0,0,0,7,0,0,0,0,0,0,0,0,0,0,0,0,0,0,0,0,0,0,0,0,0,0,0,0,0,0,0,0,0,0,0,0,0,0,0,0,0,0,0,0,0,9,0,0,0,0,0,0,0,0,0,1,0,0,0,0,0,157,0,200,0,53,0,100,0,0,0,0,0,0,0,0,0,108,1,189,0,5,0,0,0,9,0,0,0,0,0,0,0,93,0,99,0,0,0,51,0,0,0,0,0,13,0,0,0,4,0,0,0,0,0,0,0,0,0,0,0,0,0,0,0,0,0,0,0,0,0,0,0,20,237,44,41,16,0,10,0,0,0,0,0,0,0,0
0,97,0,2,0,0,0,91,0,113,0,0,0,0,0,2,2,5,0,0,0,2,0,2,13,9,0,24,0,0,0,0,0,5,0,0,0,13,0,18,0,0,0,3,0,0,0,0,0,0,0,5,0,46,0,26,0,4,0,9,1,0,1,17,0,0,0,0,0,0,0,2,0,0,0,0,0,0,0,0,0,0,0,0,0,0,0,0,0,0,0,0,0,0,0,0,0,0,0,0,0,0,0,0,0,0,0,0,0,0,0,0,0,0,0,0,0,0,0,0,0,0,0,0,0,0,0,0,0,0,0,0,0,0,0,0,0,0,0,19,0,61,0,7,0,111,0,0,0,0,0,0,0,0,0,3,0,84,0,7,0,0,0,0,0,0,0,1,0,4,0,55,0,80,0,0,0,112,0,0,0,0,0,5,0,11,0,0,0,0,0,0,0,0,0,0,0,0,0,0,0,0,0,0,0,0,0,0,0,0,0,0,0,0,32,0,0,0,5,191,29,43,0,13,0
71,18,65,0,3,0,233,81,121,107,0,0,2,0,2,0,238,10,11,0,71,0,25,3,50,122,35,0,29,0,43,0,25,0,8,0,24,0,37,0,3,0,0,0,4,0,5,0,9,0,16,0,106,19,20,48,6,0,0,0,12,1,0,33,0,0,0,0,0,0,5,0,0,0,0,0,0,0,0,0,18,0,0,0,0,0,0,0,0,0,0,0,0,0,0,0,0,0,33,0,0,0,0,0,0,0,0,0,0,0,0,0,0,0,0,0,0,0,0,0,36,0,0,0,0,0,0,0,14,0,0,0,25,0,0,0,77,0,95,0,73,0,112,0,0,0,0,0,0,0,0,0,0,0,35,0,24,0,11,0,0,0,0,0,0,0,0,0,0,0,20,0,35,0,0,0,67,0,1,0,0,0,23,10,8,0,8,0,0,0,0,0,0,0,0,0,0,0,0,0,2,0,0,0,0,0,0,0,0,0,40,219,65,105,101,0,20,0,0,0,0,0,0,0,0
0,52,7,0,0,0,31,214,84,137,0,0,0,2,0,14,8,152,0,23,0,86,0,17,66,103,0,35,1,52,0,20,0,10,0,17,0,18,0,16,0,0,0,12,0,5,0,2,0,0,0,17,19,59,35,100,0,15,0,0,9,17,33,0,0,0,0,0,0,0,0,0,0,0,0,0,0,0,0,0,0,0,0,0,0,0,0,0,0,0,0,0,0,0,0,0,0,0,0,0,0,0,0,0,0,0,0,0,0,0,0,0,0,0,0,0,0,0,0,0,0,0,0,0,0,0,0,0,0,10,0,0,0,5,0,0,0,8,0,98,0,81,0,17,0,106,0,0,0,0,0,0,0,0,0,56,0,46,0,83,0,6,0,0,0,0,0,0,0,0,0,11,0,17,0,0,8,121,0,0,0,0,0,12,0,0,0,0,0,0,0,0,0,0,0,0,0,0,0,0,0,0,0,0,0,0,0,0,0,0,0,0,0,0,0,0,0,0,3,166,15,0,0,0,0
8,0,7,0,17,0,5,0,94,0,8,0,12,0,0,0,0,0,3,0,0,0,2,0,0,0,0,0,0,0,0,0,0,0,0,0,0,0,0,0,0,0,0,0,0,0,0,0,0,0,0,0,4,0,7,0,66,0,195,64,0,0,0,0,0,58,68,0,0,0,2,0,1,0,0,0,0,0,0,2,0,0,0,0,0,0,0,0,0,0,0,0,0,0,0,0,0,0,0,0,0,0,0,0,0,0,0,0,0,0,0,0,0,0,0,0,0,0,0,0,0,0,0,0,9,0,7,0,0,0,22,0,0,0,8,0,0,0,5,33,0,5,0,0,6,31,35,0,14,0,18,0,0,0,3,60,2,0,0,76,265,86,7,0,0,0,0,0,0,0,0,0,0,0,0,5,19,0,0,0,31,0,1,0,342,18,0,0,0,0,0,0,0,0,0,0,0,0,0,0,0,0,0,0,0,0,0,0,0,0,54,38,4,0,0,0,0,0,0,0,0,0,0,0,0
0,37,0,0,0,32,0,0,0,208,0,22,0,0,0,0,0,0,0,11,0,0,0,0,0,0,0,36,0,0,0,0,0,0,0,0,0,0,0,0,0,0,0,0,0,0,0,11,0,0,0,0,0,0,0,5,0,6,38,138,0,0,0,0,58,0,18,195,0,0,10,37,0,18,16,47,0,0,0,11,0,0,0,0,0,0,0,20,0,0,0,0,0,0,0,0,2,0,0,0,0,0,0,0,0,0,0,0,0,0,0,0,0,0,0,0,0,0,0,0,0,9,0,0,0,20,0,15,0,0,0,133,0,0,0,24,0,16,94,21,75,34,0,0,45,137,0,52,77,260,0,47,0,18,16,2,4,6,25,4,188,233,3,37,0,0,0,0,0,0,0,0,0,0,0,38,0,0,0,0,16,82,0,2,38,176,0,0,0,0,0,0,0,0,0,0,0,0,0,0,0,10,0,0,0,0,0,8,0,49,0,0,0,0,77,0,0,0,92,18,39,0,0,0,0
7,0,11,0,0,0,21,0,186,0,0,0,0,0,0,0,0,0,0,0,0,0,0,0,0,0,0,0,0,0,0,0,0,0,1,0,0,0,0,0,0,0,0,0,0,0,0,0,0,0,0,0,0,35,5,17,22,31,183,137,0,0,0,0,68,18,0,25,0,0,0,0,0,0,0,0,0,0,0,0,0,0,0,0,0,0,0,0,0,0,0,0,0,0,0,0,0,0,0,0,0,0,0,0,0,0,0,0,0,0,0,0,0,0,0,0,0,0,0,0,0,0,0,0,6,0,0,0,0,0,14,0,0,0,0,0,0,0,0,0,0,0,0,0,0,0,16,0,18,0,0,0,0,0,0,29,9,0,3,22,73,0,4,0,0,0,0,0,0,0,4,0,0,0,0,0,36,0,0,0,0,0,0,0,515,49,0,0,0,0,0,0,0,0,0,0,0,0,0,0,0,0,0,0,0,0,0,0,0,0,40,47,0,0,0,0,0,0,0,0,0,0,0,0,0
0,13,0,0,0,0,13,0,17,172,0,0,0,0,0,0,0,0,0,0,0,0,0,0,0,0,0,0,0,0,0,0,0,0,0,0,0,0,0,0,0,0,0,0,0,1,0,0,0,0,0,0,49,0,119,58,87,82,219,332,0,0,0,0,0,195,25,0,0,0,0,0,0,0,0,0,0,0,0,0,0,0,0,0,0,0,0,0,0,0,0,0,0,0,0,0,0,0,0,0,0,0,0,0,0,0,0,0,0,0,0,0,0,0,0,0,0,0,0,0,0,0,0,0,0,7,0,0,0,0,0,27,0,0,0,4,0,7,31,1,0,0,0,0,18,19,0,0,0,23,0,0,0,0,44,7,13,20,9,9,0,31,0,10,0,0,0,0,0,5,0,6,0,0,0,0,5,0,0,0,0,2,0,2,22,490,0,0,0,0,0,0,0,0,0,0,0,0,0,0,0,3,0,0,0,0,0,0,0,6,1,0,0,0,65,0,0,0,73,115,15,0,0,0,0
0,0,0,0,0,0,0,0,0,0,0,0,0,0,0,0,0,0,0,0,0,0,0,0,0,0,0,0,0,0,0,0,0,0,0,0,0,0,0,0,0,0,0,0,7,0,0,0,13,0,0,0,0,0,2,0,0,0,0,0,0,0,0,0,0,0,0,0,0,0,0,0,10,0,0,0,64,0,19,0,8,0,16,0,26,0,24,0,3,0,0,0,6,0,7,0,0,0,9,0,15,0,127,0,0,0,4,0,3,0,6,0,1,0,1,0,1,0,1,0,0,0,0,0,0,0,0,0,0,0,0,0,0,0,0,0,0,0,0,0,0,0,0,0,0,0,0,0,0,0,4,0,0,0,0,0,0,0,0,0,0,0,3,0,24,0,1,0,171,0,5,0,10,0,0,0,1,0,0,0,0,0,0,0,0,0,0,0,0,0,0,0,0,0,0,0,0,0,0,0,11,0,0,0,27,0,0,0,7,0,70,8,138,7,22,46,65,1,0,0,0,0,0,0,0
0,0,0,0,0,0,0,0,0,0,0,0,0,0,0,0,0,0,0,0,0,0,0,0,0,0,0,0,0,0,0,0,0,0,0,0,0,0,0,0,0,0,0,0,0,0,0,0,0,10,0,0,0,0,0,0,0,6,0,0,0,0,0,0,0,0,0,0,0,0,0,0,0,0,0,0,0,29,0,0,0,0,0,29,0,32,0,17,0,18,0,0,0,27,0,24,0,0,0,0,0,10,0,58,0,25,0,0,0,51,0,0,0,0,0,1,0,2,0,0,0,0,0,0,0,0,0,0,0,0,0,0,0,0,3,0,0,0,0,0,0,0,0,0,0,0,0,0,0,0,0,0,0,0,0,0,0,0,0,0,0,5,0,2,0,26,0,0,0,27,0,0,0,0,0,0,0,0,0,0,0,0,0,0,0,0,0,0,0,0,0,0,0,0,0,38,0,0,0,0,0,0,0,0,0,0,1,0,0,0,0,0,2,1,10,0,0,0,20,16,151,11,30,84,5
0,0,0,0,0,0,0,0,0,0,0,0,0,0,0,0,3,0,0,0,59,0,0,0,0,0,35,0,10,0,9,0,9,0,21,0,31,0,4,0,0,0,0,0,14,0,1,0,0,0,47,0,2,0,0,0,0,2,0,0,10,0,5,0,2,10,0,0,0,0,0,0,301,0,200,0,10,0,156,0,6,0,0,0,0,0,12,0,0,0,0,0,0,0,0,0,2,0,0,3,0,0,0,0,0,0,0,0,0,0,0,0,0,0,0,0,0,0,0,0,35,0,15,0,28,0,0,0,9,4,25,36,8,0,0,0,10,1,7,13,28,13,85,0,53,8,0,0,46,0,29,0,0,0,1,0,3,0,0,0,4,14,49,0,0,0,0,0,27,0,23,0,23,0,0,0,0,0,0,0,16,0,0,0,0,0,0,0,0,0,0,0,0,0,0,0,0,0,0,0,0,0,0,0,0,0,0,0,0,1,9,0,35,0,0,0,2,0,0,0,0,0,0,0,0
0,0,0,0,0,0,0,0,0,0,0,0,0,0,0,0,0,0,0,3,0,4,0,0,0,0,0,0,0,0,0,0,0,0,0,2,0,10,0,0,0,0,0,0,0,0,0,0,0,0,0,0,0,0,0,0,0,0,0,0,0,2,0,0,0,37,0,0,0,0,0,0,0,85,0,190,0,8,0,19,0,0,0,0,0,0,0,30,0,0,0,0,0,0,0,0,0,0,0,1,0,0,0,0,0,0,0,0,0,0,0,0,0,0,0,0,0,0,0,0,0,7,0,0,0,64,0,0,0,18,0,53,0,0,0,0,1,0,0,0,0,30,0,18,2,63,0,0,0,36,0,0,0,0,0,0,0,1,0,0,0,0,0,27,0,0,0,12,0,17,0,5,0,10,0,8,0,0,0,0,5,0,0,0,0,12,0,0,0,0,0,0,0,0,0,0,0,0,0,0,0,0,0,0,0,0,0,0,0,0,0,0,0,0,0,0,0,0,17,6,5,1,0,0,0
0,0,0,0,0,0,0,0,0,0,0,0,0,0,0,0,0,0,0,0,0,0,0,0,0,0,0,0,0,0,0,0,0,0,0,0,0,0,0,0,0,0,0,0,5,0,0,0,0,0,0,0,0,0,0,0,0,0,0,0,0,0,0,0,1,0,0,0,10,0,301,0,0,0,224,0,27,0,101,0,0,0,30,0,28,0,0,0,0,0,0,0,2,0,0,0,0,0,0,0,0,0,0,0,0,0,0,0,4,0,0,0,0,0,0,0,0,0,1,0,57,0,47,0,36,0,38,0,13,0,42,0,32,0,89,0,56,0,5,3,88,0,251,0,40,1,0,0,14,0,114,0,25,0,0,0,1,0,0,0,10,6,74,0,2,0,2,0,13,0,4,0,6,0,4,0,0,0,0,0,14,0,0,0,0,0,0,0,0,0,0,0,0,0,0,0,0,0,0,0,17,0,0,0,0,0,0,0,120,0,113,0,13,1,44,2,0,0,0,0,0,0,0,0,0
0,0,0,0,0,0,0,0,0,0,0,0,0,0,0,4,0,0,0,0,0,0,0,1,0,0,0,9,0,0,0,0,0,0,0,0,0,0,0,0,0,0,0,2,0,6,0,0,0,0,0,0,0,0,0,0,0,0,0,0,0,0,0,0,0,18,0,0,0,0,0,85,0,0,0,287,0,19,0,45,0,4,0,8,0,34,0,44,0,0,0,0,0,4,0,0,0,0,0,0,0,0,0,0,0,0,0,0,0,1,0,0,0,0,0,0,0,0,0,0,0,19,0,37,0,101,0,0,0,10,0,81,0,71,0,134,0,57,0,0,0,57,0,106,0,66,0,0,7,27,0,0,0,13,0,0,0,0,0,0,0,0,0,108,0,5,0,0,0,10,0,0,0,0,0,10,0,0,0,0,0,41,0,0,0,0,0,0,0,0,0,0,0,0,0,0,0,0,0,17,0,40,0,0,0,0,0,0,0,88,0,0,0,0,57,0,0,0,102,4,19,2,0,0,0
0,0,0,0,0,0,0,0,0,0,0,0,0,0,0,0,8,0,0,0,89,0,0,0,0,0,0,0,8,0,13,0,9,0,29,0,33,0,0,0,0,0,26,0,12,0,0,0,3,0,34,0,2,0,0,0,0,0,0,0,10,0,0,0,0,16,0,0,0,0,200,0,224,0,0,0,10,0,184,0,14,0,30,0,60,0,29,0,0,0,0,0,7,0,7,0,0,0,21,0,0,0,0,0,0,0,0,0,0,0,0,0,0,0,0,0,0,0,0,0,105,0,102,0,35,0,0,0,7,12,32,62,0,0,61,0,32,0,7,19,51,18,311,0,163,9,0,8,54,28,0,0,28,3,0,0,9,0,0,0,0,11,47,0,1,0,0,0,30,1,10,0,18,0,8,0,0,0,0,0,11,7,0,0,0,0,0,0,0,0,6,0,0,0,0,0,0,0,24,0,21,0,0,0,6,0,43,0,66,0,55,0,14,0,23,0,0,0,2,0,0,0,0,0,0
0,0,0,0,0,0,0,0,0,0,0,3,0,0,0,0,0,0,0,0,0,0,0,4,0,0,0,0,0,0,0,0,0,0,0,0,0,17,0,0,0,0,0,13,0,0,0,0,0,0,0,29,0,0,0,0,0,0,0,0,0,0,0,0,0,47,0,0,0,0,0,190,0,287,0,0,0,17,0,89,0,13,0,0,0,7,0,98,0,0,0,0,0,0,0,6,0,0,0,0,0,0,0,1,0,0,0,0,0,0,0,0,0,0,0,0,0,0,0,0,0,124,0,21,19,80,0,0,12,18,0,89,0,76,0,97,0,33,0,2,16,38,0,96,0,305,0,0,0,96,0,36,0,30,0,1,0,0,0,0,0,0,0,65,0,0,0,14,0,20,0,9,0,32,0,14,0,2,0,0,0,54,0,0,0,12,0,0,0,0,0,0,0,0,0,0,0,0,0,0,0,0,0,0,0,0,0,0,0,75,0,0,0,0,12,0,0,0,39,6,15,3,0,0,0
0,0,0,0,0,0,0,0,1,0,0,0,0,0,0,0,0,0,0,0,0,0,0,0,0,0,0,0,0,0,0,0,0,0,0,0,0,0,0,0,0,0,0,0,6,0,0,0,0,0,0,0,0,0,0,0,0,0,0,0,1,0,0,0,0,0,0,0,64,0,10,0,27,0,10,0,0,0,24,0,8,0,23,0,0,0,13,0,1,0,0,0,6,0,0,0,0,0,2,0,2,0,14,0,0,0,0,0,14,0,0,0,0,0,0,0,21,0,0,0,15,0,15,0,0,0,0,0,0,0,0,0,0,0,0,0,0,1,0,0,4,0,0,0,0,0,0,0,0,0,0,0,0,0,0,0,0,0,0,0,0,0,0,0,9,0,0,0,25,0,0,0,5,0,0,0,0,0,0,0,0,0,0,0,0,0,0,0,0,0,0,0,0,0,0,0,0,0,0,0,0,0,0,0,0,0,0,0,0,0,16,4,20,2,13,2,7,0,0,0,0,0,0,0,0
0,0,0,0,0,0,0,0,0,2,0,0,0,0,0,0,0,0,0,0,0,0,0,0,0,0,0,0,0,0,0,0,0,0,0,0,0,0,0,0,0,0,0,0,0,29,0,0,0,6,0,6,0,0,0,1,0,0,0,0,0,0,0,0,0,0,0,0,0,29,0,8,0,19,0,17,0,0,0,11,0,31,0,82,0,38,0,123,0,0,0,0,0,38,0,16,0,0,0,0,0,12,0,40,0,0,0,0,0,11,0,0,0,0,0,1,0,33,0,0,0,21,0,8,0,0,0,0,0,0,5,0,0,0,0,45,0,0,0,0,0,16,0,40,0,4,0,0,0,0,0,0,0,0,0,1,0,0,0,2,0,0,0,6,0,13,0,0,0,90,0,0,0,0,0,0,0,0,0,0,0,13,0,0,0,0,0,0,0,0,0,0,0,0,0,27,0,0,0,0,0,37,0,0,0,0,0,0,0,0,1,0,0,0,11,0,0,0,35,8,78,0,0,13,0
0,0,0,0,0,0,0,0,0,0,0,0,0,0,0,0,0,0,0,0,0,0,0,0,0,0,0,0,0,0,0,0,0,0,0,0,0,0,0,0,0,0,0,0,6,0,0,0,9,0,10,0,0,0,0,0,0,0,0,0,0,0,0,0,0,0,0,0,19,0,156,0,101,0,184,0,24,0,0,0,19,0,57,0,36,0,90,0,1,0,0,0,20,0,4,0,0,0,0,4,1,0,26,0,0,0,0,0,34,0,0,0,0,0,3,0,18,0,0,0,85,0,46,0,0,0,0,0,0,0,0,0,0,0,0,0,0,0,0,0,12,0,98,0,5,0,0,0,0,0,0,0,0,0,0,0,0,0,0,0,0,0,12,0,11,0,0,0,18,0,0,0,0,0,0,0,0,0,0,0,0,0,0,0,0,0,0,0,16,0,0,0,0,0,10,0,0,0,0,0,26,0,0,0,0,0,0,0,0,0,90,4,41,0,71,13,43,0,0,0,0,0,0,0,0
0,0,0,0,0,0,0,0,0,0,0,0,0,0,0,0,0,0,0,0,0,0,0,0,0,0,0,0,0,0,0,0,0,0,0,0,0,0,0,0,0,0,0,0,0,0,0,0,0,0,0,4,0,0,0,0,0,0,0,0,0,0,0,0,2,11,0,0,0,0,0,19,0,45,0,89,0,11,0,0,0,1,0,0,0,4,0,68,0,0,0,0,0,0,0,3,0,0,0,0,0,0,0,0,0,0,0,0,0,0,0,0,0,0,0,0,0,0,0,0,0,17,0,21,0,0,0,0,0,0,0,0,0,0,0,33,0,0,0,3,0,37,0,67,0,25,0,0,0,16,0,0,0,0,0,0,0,0,0,0,0,2,0,0,0,0,0,0,0,6,0,0,0,6,0,0,0,0,0,0,0,6,0,0,1,0,0,0,0,1,0,0,0,0,0,0,0,1,0,0,0,0,0,0,0,1,0,0,0,0,0,0,0,0,0,0,0,0,19,0,5,0,0,0,0
