0,570,29,255,81,89,48,75,33,0,175,61,124,0,11,171,72,172,17,0,25,0,37,389,59,213,49,0,62,0,16,0,100,0,0,0,40,54,406,93,21,0,0,0,0,0,39,0,12,0,0,0,19,0,9,0,5,0,0,0,180,20,119,17,3,0,2,0,0,0,0,0,0,0,0,0,0,0,0,0,0,15,0,0,0,0,0,0,0,0,0,0,0,0,0,0,0,0,0,0,0,0,0,0,0,0,0,0,0,0,0,0,0,0,0,0,0,0,0,0,0,0,0,3,4,0,0,0,0,0,5,0,0,0,2,0,0,0,0,0,0,0,0,0,0,0,7,0,27,0,8,0,1,0,0,0,2,0,0,0,0,0,0,0,0,0,0,0,27,0,29,0,152,0,0,0,577,147,11,0,0,0,66,0,32,0,0,0,0,0,0,0,0,0,0,0,0,0,0,0,2,0,0,0,0,0,0,0,3,0,642,387,252,0,587,1,8,15,3,0,0,0,0,0,0
570,0,422,37,0,68,345,12,317,53,0,127,0,91,0,12,146,134,0,42,0,0,243,35,712,17,0,82,0,107,0,0,0,196,0,8,0,215,0,476,2,40,0,0,0,14,0,72,0,0,0,0,33,0,61,21,0,0,0,6,24,112,54,219,0,21,0,8,0,0,0,0,0,0,0,0,0,0,0,0,0,0,0,0,0,0,0,0,0,0,0,0,0,0,0,0,0,0,0,0,0,0,0,0,0,0,0,0,0,0,0,0,0,0,0,0,0,0,0,0,0,0,0,0,0,26,0,7,0,0,0,31,0,0,0,44,0,39,0,0,0,0,0,0,0,0,0,28,0,46,0,49,0,0,0,0,0,0,0,0,0,7,0,4,0,0,0,0,0,8,0,13,0,171,0,3,312,803,0,26,0,0,24,28,0,36,0,0,0,0,0,0,0,0,0,0,0,0,0,0,0,0,0,0,0,0,0,10,0,70,4,0,0,0,227,0,0,0,496,179,150,0,2,0,0
29,422,0,0,256,0,35,0,3,0,41,207,90,0,222,198,87,86,216,0,238,0,650,213,311,0,230,0,133,0,94,0,322,98,0,0,0,78,562,91,34,0,12,0,46,0,66,0,21,0,15,0,0,0,50,0,11,0,0,0,55,8,69,0,0,0,0,0,0,0,0,0,0,0,0,0,0,0,0,0,0,0,0,0,0,0,1,0,0,0,0,0,0,0,0,0,0,0,0,0,0,0,0,0,0,0,51,0,0,0,0,0,0,0,0,0,0,0,0,0,0,0,0,0,10,0,9,0,0,0,18,0,0,0,75,0,18,0,0,0,0,0,20,0,0,0,4,0,18,0,12,0,0,0,0,0,0,0,0,0,7,0,0,0,0,0,0,0,62,0,21,0,290,0,0,0,77,56,0,6,0,0,0,0,5,0,0,0,0,0,0,0,0,0,0,0,0,0,56,0,0,0,0,0,0,0,0,0,13,0,454,137,642,560,620,0,16,17,7,0,7,0,0,0,0
255,37,0,0,0,125,0,27,42,0,0,26,0,64,0,152,0,146,0,135,0,39,145,107,136,44,0,112,0,113,0,27,0,349,0,0,0,121,0,359,0,33,0,0,0,7,0,81,0,0,0,0,0,0,0,80,0,15,0,0,0,17,0,158,0,0,0,0,0,0,0,0,0,0,0,0,0,0,0,0,0,0,0,0,0,0,0,0,0,0,0,0,0,0,0,0,0,13,0,0,0,0,0,0,0,0,0,0,0,0,0,0,0,0,0,0,0,0,0,0,0,0,0,0,0,0,0,0,0,0,0,4,0,0,0,155,0,79,0,0,0,16,0,0,0,0,0,0,0,0,0,0,1,0,0,0,0,0,0,0,0,0,0,0,0,6,0,0,0,15,0,4,0,151,0,0,76,0,0,0,0,0,0,0,0,0,0,0,0,0,0,0,0,0,0,0,0,0,0,0,0,0,0,0,0,0,0,3,0,20,0,0,0,0,228,0,0,0,450,89,270,155,0,0,0
81,0,256,0,0,799,23,0,22,0,94,419,434,128,195,485,28,0,248,277,563,264,178,90,0,0,228,76,0,0,445,0,627,0,264,0,428,0,60,0,103,0,0,0,0,0,138,0,5,0,140,0,2,0,0,0,5,0,0,0,0,0,0,0,4,0,0,0,0,0,0,0,3,0,0,0,0,0,0,0,0,0,0,0,0,0,0,0,0,0,0,0,0,0,0,0,0,0,0,0,0,0,0,0,0,0,0,0,0,0,0,0,0,0,0,0,0,0,0,0,0,0,0,0,14,0,18,0,0,0,9,0,0,0,0,0,0,0,0,0,0,0,0,0,0,0,22,0,41,0,32,0,0,0,0,0,0,0,0,2,0,0,8,0,0,0,172,0,93,0,21,0,55,0,0,0,167,130,12,6,0,0,34,0,31,0,2,3,0,0,0,0,0,0,0,0,0,0,0,0,12,0,0,0,0,0,0,0,17,0,878,609,795,393,494,0,8,6,0,0,0,0,0,0,0
89,68,0,125,799,0,0,7,0,3,439,200,303,255,728,146,0,20,210,307,216,189,294,208,0,14,0,314,0,0,65,195,0,495,81,371,32,602,0,62,0,43,0,0,0,24,0,146,0,0,0,194,0,0,0,43,0,0,0,0,0,9,0,9,0,0,0,0,0,0,0,0,0,0,0,0,0,0,0,0,0,0,0,0,0,0,0,0,0,0,0,0,0,0,0,0,0,0,0,0,0,0,0,0,0,0,0,0,0,0,0,0,0,0,0,0,0,0,0,0,0,0,0,0,0,0,0,0,0,0,0,0,0,0,0,146,0,138,0,0,0,12,0,0,0,0,0,0,0,33,0,25,0,0,0,0,0,7,0,0,0,0,0,3,0,150,0,210,0,82,0,13,0,80,0,0,291,465,116,92,0,25,0,10,0,0,0,24,0,0,0,0,0,0,0,0,0,0,0,0,0,0,0,0,0,0,0,8,0,21,0,0,0,0,207,0,0,0,584,438,632,149,0,4,0
48,345,35,0,23,0,0,0,52,116,19,0,5,0,0,0,11,0,0,0,0,0,18,0,294,199,0,0,0,0,0,0,0,0,3,0,0,0,66,55,0,0,6,0,0,0,6,0,35,0,0,0,109,0,456,0,66,0,67,0,183,0,318,0,62,0,40,0,0,0,0,0,0,0,0,0,0,0,0,0,0,0,0,0,0,0,0,0,0,0,0,0,0,0,0,0,0,0,0,0,0,0,0,0,0,0,0,0,0,0,0,0,0,0,0,0,0,0,0,0,0,0,0,0,24,0,22,0,0,0,34,0,0,0,0,0,0,0,0,0,2,0,0,0,0,0,10,0,21,0,22,0,0,0,3,0,6,0,0,0,54,0,0,0,4,0,0,0,29,0,121,0,130,0,0,0,23,55,0,0,0,0,0,2,2,0,0,0,0,0,0,0,0,0,0,0,0,0,0,0,0,0,0,0,0,0,2,0,10,0,1016,248,502,790,929,0,83,14,5,0,2,0,0,0,0
75,12,0,27,0,7,0,0,363,64,0,0,0,6,0,10,0,129,0,0,0,0,0,0,158,75,0,0,0,0,0,0,0,0,0,0,0,0,0,208,0,0,0,0,0,0,0,6,0,0,0,0,103,69,136,448,0,27,0,38,0,182,0,613,0,7,0,16,0,0,0,0,0,0,0,0,0,0,0,0,0,0,0,0,0,0,0,0,0,0,0,0,0,0,0,0,0,0,0,0,0,0,0,0,0,0,0,0,0,0,0,0,0,0,0,0,0,0,0,0,0,0,0,0,0,25,0,0,0,0,0,62,0,6,0,46,0,38,0,0,0,0,0,0,0,0,0,11,0,24,0,11,0,0,0,3,4,0,0,0,0,18,0,12,0,9,0,4,0,9,0,28,0,150,0,0,42,47,0,1,0,0,0,11,0,0,0,0,0,0,0,0,0,0,0,0,0,0,0,4,0,0,0,0,0,0,0,4,0,25,0,0,0,0,521,0,0,0,682,127,385,407,3,116,0
33,317,3,42,22,0,52,363,0,667,32,2,15,0,4,6,30,0,12,0,0,0,3,68,39,583,10,0,0,0,0,0,0,0,0,0,0,0,32,0,0,0,0,0,4,0,18,0,16,0,0,0,527,102,241,311,25,0,111,36,413,0,369,109,187,0,133,159,0,0,0,0,0,0,0,0,0,0,0,0,1,0,0,0,0,0,0,0,0,0,0,0,0,0,0,0,0,0,0,0,0,0,0,0,0,0,2,0,0,0,0,0,0,0,0,0,0,0,0,0,0,0,0,0,8,0,6,0,0,0,18,0,0,0,0,0,0,0,0,0,0,0,0,0,0,0,48,0,93,0,30,0,0,0,15,0,70,0,0,0,75,0,0,0,0,0,3,0,10,0,102,0,32,0,4,0,445,81,7,0,0,0,16,0,118,14,0,0,0,0,0,0,0,0,0,0,0,0,0,0,0,0,0,0,0,0,3,0,14,0,727,424,162,0,447,0,47,0,0,0,0,6,0,0,0
0,53,0,0,0,3,116,64,667,0,0,21,0,0,0,17,0,26,0,22,0,0,0,9,99,48,0,12,0,14,0,0,0,5,0,0,0,0,0,148,0,0,0,0,0,0,0,0,0,0,0,0,134,137,258,157,0,13,51,75,0,425,0,610,0,107,72,200,0,0,0,0,0,0,0,0,0,0,0,0,0,0,0,0,0,0,0,0,0,0,0,0,0,0,0,0,0,0,0,0,0,0,0,0,0,0,0,0,0,0,0,0,0,0,0,0,0,0,0,0,0,0,0,0,0,19,0,9,0,0,0,70,0,0,0,24,0,26,0,0,0,0,0,0,0,0,0,29,0,85,0,21,0,0,0,0,0,33,0,0,0,10,0,0,0,3,0,6,0,9,0,20,0,65,0,0,63,172,0,2,0,0,0,16,8,41,0,0,0,0,0,0,0,0,0,0,0,1,0,0,0,4,0,0,0,0,0,13,0,54,0,0,0,3,404,0,0,0,709,200,238,0,0,110,0
175,0,41,0,94,439,19,0,32,0,0,172,457,0,0,468,29,3,29,83,141,155,40,108,0,0,50,0,26,0,118,0,364,0,51,21,196,0,77,0,78,0,26,0,41,0,150,0,15,0,32,0,0,0,0,0,0,0,0,0,0,0,0,0,9,0,0,0,0,0,0,0,0,0,0,0,0,0,0,0,0,0,0,0,0,0,0,0,0,0,0,0,0,0,0,0,0,0,0,0,0,0,0,0,1,0,0,0,0,0,0,0,0,0,0,0,0,0,0,0,0,0,0,0,0,0,0,0,0,0,5,0,0,0,0,0,0,0,0,0,0,0,0,0,0,0,10,0,0,0,24,0,14,0,0,0,0,0,0,0,0,0,0,0,0,0,0,0,0,0,4,0,17,0,0,0,438,86,88,0,49,0,35,0,27,0,25,0,0,0,0,0,0,0,0,0,2,0,0,0,0,0,0,0,0,0,0,0,4,0,240,190,90,92,110,0,0,0,11,0,0,0,0,0,0
61,127,207,26,419,200,0,0,2,21,172,0,0,230,335,5,46,0,0,42,106,62,267,51,7,0,0,125,5,10,15,0,0,180,0,63,8,198,11,0,0,81,0,11,0,13,0,143,1,23,7,49,0,0,0,2,0,0,0,0,0,0,0,0,0,8,0,0,0,0,0,0,0,0,0,0,0,0,0,0,0,0,0,0,0,0,0,0,0,0,0,0,0,0,0,0,0,0,0,0,0,2,0,0,0,0,0,0,0,0,0,0,0,0,0,0,0,0,0,0,0,0,0,0,0,0,0,0,0,0,0,4,0,0,0,20,0,22,0,0,0,0,0,0,0,0,0,0,0,29,0,87,0,0,0,0,0,4,0,0,0,0,0,0,0,27,0,47,0,13,0,0,0,31,0,36,189,455,16,95,0,110,5,54,0,44,0,19,0,0,0,0,0,0,0,0,0,0,0,4,0,0,0,0,0,0,0,0,0,14,0,0,0,0,46,0,0,0,166,162,106,0,0,0,0
124,0,90,0,434,303,5,0,15,0,457,0,0,632,29,50,0,0,85,436,109,75,8,0,0,0,206,640,0,0,36,0,0,0,158,0,38,0,0,0,230,100,208,110,77,63,285,126,17,0,400,0,0,0,0,0,0,0,0,0,0,0,0,0,0,0,0,0,0,0,0,0,0,0,0,0,0,0,0,0,0,0,0,0,0,0,0,0,0,0,0,0,0,0,0,0,0,0,0,0,0,0,0,0,0,0,0,0,0,0,0,0,0,0,0,0,0,0,0,0,0,0,0,0,0,0,0,0,0,0,6,0,0,0,0,0,0,0,0,0,0,0,0,0,0,0,12,0,18,0,18,0,0,0,0,0,0,0,0,0,0,0,0,0,60,0,26,0,0,0,8,0,0,0,0,0,351,138,95,0,0,0,28,0,27,0,62,21,0,0,0,0,0,0,0,0,0,0,0,0,0,0,0,0,0,0,0,0,0,0,222,322,307,88,59,0,3,0,0,0,0,0,0,0,0
0,91,0,64,128,255,0,6,0,0,0,230,632,0,0,0,0,0,485,34,120,23,0,1,0,0,380,98,0,0,0,0,0,0,125,104,0,0,0,0,79,218,146,206,0,75,0,262,0,21,197,348,0,0,0,3,0,0,0,0,0,0,0,0,0,0,0,0,0,0,0,0,0,0,0,0,0,0,0,0,0,0,0,0,0,0,0,0,0,0,0,0,0,0,0,0,0,0,0,0,0,0,0,0,0,0,0,0,0,0,0,0,0,0,0,0,0,0,0,0,0,0,0,0,0,0,0,0,0,0,0,1,0,0,0,8,0,0,0,0,0,0,0,0,0,0,0,0,0,0,0,0,0,0,0,0,0,0,0,0,0,0,0,0,0,126,0,7,0,17,0,0,0,0,0,0,81,416,24,28,0,31,0,0,0,0,69,53,0,0,0,0,0,0,0,0,0,0,0,0,0,0,0,0,0,0,0,0,0,0,0,0,0,0,23,0,0,0,116,273,239,0,0,1,0
11,0,222,0,195,728,0,0,4,0,0,335,29,0,0,352,29,0,311,231,571,251,284,55,77,0,132,0,2,0,344,0,110,62,97,0,108,62,1,0,0,0,0,0,9,0,12,0,2,0,35,0,0,0,38,0,0,0,0,0,0,0,5,0,0,0,0,0,0,0,0,0,0,0,0,0,0,0,0,0,0,0,0,0,0,0,0,0,0,0,0,0,0,0,0,0,53,0,0,0,0,0,0,0,0,0,104,0,0,0,0,0,0,0,0,0,0,0,0,0,0,0,0,0,6,0,3,0,0,0,0,0,0,0,103,0,36,0,0,0,0,0,68,0,0,0,0,0,44,0,0,0,0,0,0,0,2,0,0,0,6,0,3,0,0,0,71,7,0,0,0,0,11,0,0,0,44,39,15,2,5,0,4,0,0,0,0,0,0,0,0,0,0,0,0,0,0,0,0,0,132,0,0,0,7,0,0,0,21,0,162,140,154,0,57,0,4,0,0,6,0,0,0,0,0
171,12,198,152,485,146,0,10,6,17,468,5,50,0,352,0,82,50,0,266,104,396,295,404,0,27,0,61,0,67,0,254,81,709,0,175,18,352,0,125,0,2,0,23,0,9,0,5,0,0,0,15,0,0,0,154,0,0,0,0,0,0,0,28,0,0,0,0,0,0,0,0,0,0,0,0,0,0,0,0,0,0,0,0,0,126,0,27,0,0,0,0,0,0,0,0,0,67,0,0,0,0,0,0,0,0,0,0,0,0,0,0,0,0,0,0,0,0,0,0,0,0,0,0,0,4,0,0,0,0,0,0,0,0,0,309,0,142,0,11,0,0,0,278,0,0,0,0,0,20,0,0,0,0,0,0,0,4,0,0,0,0,0,0,0,12,0,154,0,33,0,4,0,66,0,0,78,29,52,10,0,0,0,0,0,23,0,0,0,0,0,0,0,0,0,0,0,0,0,0,0,26,0,0,0,0,0,0,0,28,0,0,0,0,153,0,0,0,272,90,323,93,0,3,0
72,146,87,0,28,0,11,0,30,0,29,46,0,0,29,82,0,46,86,0,283,0,36,167,102,0,392,0,166,11,292,0,113,33,158,0,35,23,136,22,0,0,75,0,103,0,0,0,0,0,71,0,97,0,11,0,0,0,0,0,21,0,444,0,0,0,0,0,0,0,7,0,0,0,0,0,0,0,0,0,39,0,0,0,154,0,0,4,0,0,52,0,0,0,0,0,360,0,67,7,0,0,23,0,0,0,100,0,0,0,0,0,0,0,0,0,0,0,0,0,0,0,52,0,0,0,5,0,0,0,0,0,31,0,30,0,57,2,39,0,13,0,432,0,2,0,0,0,0,0,0,0,0,0,28,0,0,0,0,0,0,0,0,0,0,0,11,0,23,1,0,0,33,0,0,0,25,0,0,0,0,0,92,0,0,2,0,0,0,0,0,0,0,0,0,0,0,0,9,0,82,0,0,0,0,0,0,0,0,0,11,52,54,0,0,0,1,4,0,0,0,0,0,0,0
172,134,86,146,0,20,0,129,0,26,3,0,0,0,0,50,46,0,0,26,1,111,62,49,218,118,0,16,8,39,0,25,0,18,0,0,0,5,28,19,0,0,0,14,0,2,0,0,0,0,0,7,0,35,11,43,0,32,0,2,0,9,0,141,0,0,0,0,0,0,0,0,0,0,0,0,0,0,0,0,0,0,0,0,0,58,0,0,0,0,0,1,0,0,0,38,0,27,0,0,0,0,0,0,0,0,0,0,0,0,0,0,0,0,0,0,0,0,0,0,0,4,0,0,0,0,0,0,0,0,0,0,0,0,0,106,0,58,0,63,0,87,0,357,0,0,0,0,0,0,0,0,0,0,0,19,0,0,0,20,0,0,0,0,0,4,0,2,0,0,0,1,4,9,0,0,12,15,0,0,0,0,6,8,0,0,0,0,0,0,0,0,0,0,0,0,0,0,0,0,1,0,0,0,0,0,0,0,0,0,1,0,0,0,3,0,0,0,0,21,16,3,0,0,0
17,0,216,0,248,210,0,0,12,0,29,0,85,485,311,0,86,0,0,356,300,55,198,0,76,0,195,259,0,0,43,0,0,0,216,0,50,0,0,0,18,24,100,0,22,0,28,0,0,0,270,0,0,0,0,0,0,0,0,0,0,0,0,0,0,0,0,0,0,0,0,0,5,0,0,0,0,0,0,0,0,0,0,0,0,0,0,0,0,0,0,0,0,0,0,0,0,0,0,0,0,0,0,0,0,0,0,0,0,0,0,0,0,0,0,0,0,0,0,0,0,0,0,0,0,0,0,0,0,0,0,0,0,0,0,0,0,0,0,0,0,0,0,0,0,0,0,0,55,0,0,0,0,0,0,0,2,0,0,0,0,0,0,0,86,0,53,0,0,0,5,0,0,0,0,0,91,51,20,0,0,0,27,0,25,0,0,5,0,0,0,0,0,0,0,0,0,0,0,0,180,0,0,0,0,0,0,0,0,0,152,225,253,0,49,0,0,0,4,0,0,0,0,0,0
0,42,0,135,277,307,0,0,0,22,83,42,436,34,231,266,0,26,356,0,181,258,0,129,0,0,48,296,0,8,0,60,0,0,167,407,22,39,0,0,5,2,34,87,2,17,0,20,0,2,164,256,0,0,0,45,0,0,0,0,0,0,0,0,0,16,0,0,0,0,0,0,0,0,0,0,0,0,0,0,0,0,0,0,0,190,0,75,0,0,0,0,0,0,0,0,0,0,0,0,0,0,0,0,0,0,0,0,0,0,0,0,0,0,0,0,0,0,0,0,0,0,0,0,0,0,0,16,0,0,0,0,0,0,0,215,0,0,0,0,0,0,0,0,0,0,0,37,0,71,0,13,0,0,0,0,0,7,0,0,0,0,0,7,0,178,0,31,0,28,0,23,0,22,0,0,45,60,100,18,0,0,0,7,0,0,0,15,0,0,0,0,0,0,0,0,0,0,0,0,0,0,0,0,0,0,0,0,0,0,0,0,0,0,64,0,0,0,201,144,235,75,0,0,0
25,0,238,0,563,216,0,0,0,0,141,106,109,120,571,104,283,1,300,181,0,72,236,0,101,0,313,0,0,0,72,0,3,15,65,22,11,18,1,0,0,0,92,0,66,0,0,0,0,0,73,0,12,0,0,0,0,0,0,0,0,0,66,0,0,0,0,0,0,0,0,0,0,0,11,0,0,0,0,0,0,0,0,0,0,0,0,0,0,0,0,0,0,0,0,0,226,0,0,0,22,0,0,0,12,0,0,0,0,0,0,0,0,0,0,0,0,0,0,0,0,0,39,0,0,0,0,0,0,0,0,0,6,0,0,0,11,0,0,0,0,0,0,0,0,0,0,0,0,0,0,0,0,0,0,0,0,0,0,0,0,0,0,0,0,0,52,0,0,0,0,0,25,0,0,0,36,11,51,1,0,0,21,0,6,0,0,0,0,0,0,0,0,0,0,0,0,0,0,0,104,0,0,0,0,0,0,0,4,0,177,161,102,46,61,0,0,0,0,0,0,0,0,0,0
0,0,0,39,264,189,0,0,0,0,155,62,75,23,251,396,0,111,55,258,72,0,39,432,0,69,0,164,0,62,44,133,17,33,21,160,11,35,0,0,0,0,0,60,0,13,0,20,0,0,17,63,0,0,0,0,0,0,0,0,0,3,0,30,0,0,0,0,0,0,0,0,0,0,0,19,0,0,0,0,0,254,0,0,0,377,0,0,0,0,0,0,0,0,0,0,0,59,0,108,0,0,0,0,0,0,0,0,0,0,0,0,0,0,0,0,0,0,0,0,0,119,0,0,0,0,0,0,0,0,0,0,0,0,0,105,0,0,0,132,0,185,0,725,0,23,0,0,0,0,0,0,0,0,0,33,0,0,0,0,0,0,0,0,0,31,0,74,0,51,0,24,0,44,0,0,0,61,33,107,0,0,0,2,0,4,1,2,0,0,0,0,0,0,0,0,0,0,0,0,0,0,0,0,0,0,0,0,0,0,0,0,0,0,58,0,0,0,242,133,128,50,2,7,0
37,243,650,145,178,294,18,0,3,0,40,267,8,0,284,295,36,62,198,0,236,39,0,283,87,0,228,0,0,0,36,0,10,108,22,0,4,93,33,0,0,0,0,0,21,0,0,0,0,0,14,0,0,0,44,0,15,0,0,0,6,0,17,0,0,0,0,0,0,0,0,0,0,0,3,0,0,0,0,0,0,0,0,0,26,0,0,0,0,0,13,0,0,0,0,0,78,0,0,0,21,0,0,0,0,0,0,0,0,0,0,0,0,0,0,0,0,0,0,0,0,0,0,0,0,0,0,0,35,0,7,0,0,0,59,0,30,0,0,0,0,0,71,0,1,0,0,0,4,0,0,0,0,0,0,0,0,0,0,0,0,0,0,0,0,0,12,3,0,2,0,0,33,0,0,0,32,0,0,0,0,0,56,0,0,3,0,0,0,0,0,0,0,0,0,0,1,0,41,0,89,0,0,0,0,0,0,0,0,0,23,124,27,19,19,0,0,0,5,0,0,0,0,0,0
389,35,213,107,90,208,0,0,68,9,108,51,0,1,55,404,167,49,0,129,0,432,283,0,325,22,0,49,0,94,12,71,42,161,0,36,14,14,108,118,0,0,0,10,2,2,0,1,0,0,0,0,0,5,0,54,0,22,0,0,37,4,0,58,0,2,0,0,0,0,0,0,0,0,0,4,0,0,0,3,0,0,0,0,0,112,0,32,0,0,0,0,0,0,0,0,0,48,0,0,0,0,0,0,0,0,0,0,0,0,0,0,0,0,0,0,0,0,0,0,0,17,0,10,0,0,0,0,0,0,0,0,0,0,0,124,0,0,0,0,0,39,0,308,0,0,0,0,0,0,0,0,0,0,0,0,0,0,0,0,0,0,0,0,0,0,0,15,0,9,0,1,5,27,0,0,37,72,0,56,0,0,12,3,0,0,0,0,0,0,0,0,0,0,0,0,0,0,0,0,0,0,0,0,0,0,0,0,0,0,0,0,0,0,30,0,0,0,46,25,71,20,0,1,0
59,712,311,136,0,0,294,158,39,99,0,7,0,0,77,0,102,218,76,0,101,0,87,325,0,376,0,0,45,54,31,0,15,0,0,0,0,63,68,180,0,0,0,0,0,0,0,0,8,0,0,0,43,3,200,0,62,0,18,0,59,40,261,68,0,0,0,0,0,0,0,0,0,0,0,0,0,0,0,0,0,9,0,0,0,8,0,0,0,0,0,0,0,0,0,0,0,0,0,0,0,0,0,0,0,0,55,0,0,0,0,0,0,0,0,0,0,0,0,0,0,0,0,0,0,0,2,0,169,0,12,0,19,0,106,0,55,0,2,0,0,0,151,0,0,0,0,0,5,0,7,0,0,0,20,0,0,0,14,0,13,0,0,0,0,0,1,0,0,0,23,0,60,15,0,0,43,28,0,0,0,0,33,0,0,0,0,0,0,0,0,0,0,0,0,0,0,0,45,0,99,0,0,0,0,0,2,0,11,0,45,128,56,39,37,0,0,0,0,0,0,0,0,0,0
213,17,0,44,0,14,199,75,583,48,0,0,0,0,0,27,0,118,0,0,0,69,0,22,376,0,0,0,0,105,0,0,0,40,0,0,0,4,0,156,0,1,0,0,0,3,0,0,0,1,0,0,137,22,221,246,0,59,0,20,54,19,144,221,0,0,0,0,0,0,0,0,0,0,0,0,0,0,0,0,0,0,0,0,0,0,0,0,0,0,0,0,0,0,0,0,0,0,0,0,0,0,0,0,0,4,0,0,0,0,0,0,0,0,0,0,0,0,0,0,0,0,0,0,0,0,0,6,0,0,0,0,0,19,0,136,0,94,0,18,0,14,0,69,0,0,0,0,0,0,0,0,0,0,0,4,0,0,0,2,0,9,0,0,0,0,0,0,0,4,0,0,0,46,0,0,45,45,0,0,0,0,0,8,0,0,0,0,0,0,0,0,0,0,0,0,0,0,0,8,0,0,0,0,0,0,0,0,0,10,0,0,0,0,68,0,0,0,83,17,114,0,0,5,0
49,0,230,0,228,0,0,0,10,0,50,0,206,380,132,0,392,0,195,48,313,0,228,0,0,0,0,434,0,0,25,0,0,0,33,0,29,0,0,0,62,212,429,86,257,151,144,293,22,5,102,0,35,0,0,0,0,0,0,0,0,0,0,0,0,0,0,0,0,0,0,0,0,0,0,0,0,0,0,0,0,0,0,0,0,0,0,0,0,0,0,0,0,0,0,0,0,0,0,0,0,0,0,0,0,0,0,0,0,0,0,0,0,0,0,0,0,0,0,0,0,0,0,0,8,0,0,0,0,0,11,0,0,0,177,0,76,0,0,0,0,0,0,0,0,0,0,0,64,0,21,0,0,0,0,0,0,0,0,0,0,0,0,0,102,0,0,0,0,0,0,0,0,0,0,0,49,55,20,0,0,0,27,0,37,0,88,0,0,0,0,0,0,0,0,0,0,0,0,0,323,0,0,0,0,0,0,0,0,0,127,340,246,43,30,0,1,10,0,0,0,0,0,0,0
0,82,0,112,76,314,0,0,0,12,0,125,640,98,0,61,0,16,259,296,0,164,0,49,0,0,434,0,0,0,0,8,0,0,88,76,5,0,0,0,198,0,229,397,0,534,63,148,0,17,256,351,0,0,0,0,0,0,0,0,0,0,0,0,0,0,0,0,0,0,0,0,0,0,0,17,0,0,0,0,0,0,0,0,0,0,0,0,0,0,0,0,0,0,0,0,0,0,0,0,0,0,0,0,0,0,0,0,0,0,0,0,0,0,0,0,0,0,0,0,0,0,0,0,0,0,0,0,0,0,0,0,0,0,0,100,0,68,0,0,0,0,0,0,0,0,0,0,0,44,0,8,0,0,0,0,0,0,0,0,0,0,0,6,0,335,0,5,0,0,0,0,0,0,0,0,31,97,38,8,0,0,0,0,0,8,66,14,0,0,0,0,0,0,0,0,0,0,0,0,0,0,0,0,0,0,0,0,0,25,0,0,0,0,0,0,0,0,157,595,462,58,0,3,3
62,0,133,0,0,0,0,0,0,0,26,5,0,0,2,0,166,8,0,0,0,0,0,0,45,0,0,0,0,0,26,0,6,0,35,0,32,2,41,0,0,0,44,0,0,0,0,0,0,0,9,0,25,0,6,0,0,0,0,0,0,0,54,0,0,0,0,0,0,0,8,0,0,0,5,0,0,0,0,0,0,0,0,0,0,0,0,0,0,0,0,0,0,0,0,0,53,0,0,0,0,0,0,0,0,0,0,0,0,0,0,0,0,0,0,0,0,0,0,0,9,0,12,0,0,0,0,0,0,0,0,0,0,0,0,0,13,0,28,0,17,0,85,0,2,0,0,0,0,0,0,0,0,0,3,0,2,0,0,0,0,0,0,0,0,0,0,0,0,0,0,0,0,0,0,0,9,1,0,0,0,0,44,0,0,0,0,0,0,0,0,0,0,0,0,0,0,0,0,0,0,0,0,0,1,0,0,0,0,0,2,3,1,0,0,0,0,0,0,0,0,0,0,0,0
0,107,0,113,0,0,0,0,0,14,0,10,0,0,0,67,11,39,0,8,0,62,0,94,54,105,0,0,0,0,0,57,0,49,0,78,0,39,0,6,0,0,0,80,0,3,0,0,0,0,0,55,0,28,0,17,0,9,0,0,7,0,0,19,0,0,0,0,0,0,0,0,0,0,0,0,0,0,0,0,0,0,0,0,0,0,0,0,0,0,0,0,0,0,0,0,0,0,0,0,0,0,0,0,0,0,0,0,0,0,0,0,0,0,0,0,0,0,0,0,0,0,0,0,0,2,0,0,0,0,0,0,0,2,0,0,0,0,0,123,0,85,0,97,0,11,0,0,0,0,0,0,0,0,0,24,0,0,0,26,0,0,0,0,0,0,0,0,0,0,0,0,0,1,0,0,5,0,0,0,0,0,0,5,0,0,0,0,0,0,0,0,0,0,0,0,0,0,0,0,0,0,0,0,0,0,0,0,0,0,0,0,0,0,0,0,0,0,3,3,11,0,0,0,0
16,0,94,0,445,65,0,0,0,0,118,15,36,0,344,0,292,0,43,0,72,44,36,12,31,0,25,0,26,0,0,0,13,0,14,0,85,0,0,0,0,0,23,0,0,0,0,0,0,0,22,0,8,0,0,0,0,0,0,0,0,0,25,0,0,0,0,0,0,0,11,0,0,0,0,0,0,0,0,0,0,0,0,0,37,0,0,0,0,0,0,0,0,0,0,0,0,0,0,0,0,0,0,0,0,0,0,0,0,0,0,0,0,0,0,0,0,0,0,0,0,0,0,0,1,0,0,0,0,0,0,0,0,0,0,0,0,0,0,0,0,0,0,0,0,0,0,0,0,0,0,0,0,0,4,0,0,0,0,0,0,0,0,0,0,0,59,2,0,0,1,0,5,0,0,0,0,0,35,0,0,0,0,0,0,0,0,0,0,0,0,0,0,0,0,0,0,0,0,0,0,0,0,0,0,0,0,0,5,0,64,54,70,0,0,0,0,0,2,0,0,0,0,0,0
0,0,0,27,0,195,0,0,0,0,0,0,0,0,0,254,0,25,0,60,0,133,0,71,0,0,0,8,0,57,0,0,0,1,0,33,0,17,0,2,0,2,0,35,0,5,0,0,0,0,0,39,0,0,0,0,0,0,0,0,0,0,0,9,0,0,0,0,0,0,0,0,0,0,0,0,0,4,0,0,0,0,0,0,0,57,0,0,0,0,0,0,0,0,0,0,0,0,0,0,0,0,0,0,0,0,0,0,0,0,0,0,0,0,0,0,0,0,0,0,0,0,0,14,0,0,0,0,0,0,0,0,0,0,0,0,0,0,0,44,0,75,0,0,0,16,0,0,0,0,0,0,0,0,0,0,0,0,0,0,0,0,0,0,0,9,0,65,0,10,0,0,0,8,0,0,0,56,0,57,0,0,0,0,0,0,0,0,0,0,0,0,0,0,0,0,0,0,0,0,0,0,0,0,0,0,0,0,1,0,0,0,0,0,18,0,0,0,41,23,57,0,0,0,0
100,0,322,0,627,0,0,0,0,0,364,0,0,0,110,81,113,0,0,0,3,17,10,42,15,0,0,0,6,0,13,0,0,0,48,0,167,0,2,0,0,0,39,0,9,0,0,0,0,0,5,0,20,0,4,0,0,0,0,0,0,0,55,0,0,0,0,0,0,0,22,0,0,0,0,0,0,0,0,0,18,0,0,0,45,0,0,0,0,0,0,0,0,0,0,0,0,1,0,0,0,0,0,0,0,0,0,0,0,0,0,0,0,0,0,0,0,0,0,0,24,0,38,0,0,0,0,0,0,0,0,0,0,0,0,0,0,0,47,0,24,0,104,0,16,0,0,0,0,0,0,0,0,0,10,0,5,0,0,0,5,0,0,0,0,0,58,0,10,0,0,0,8,0,0,0,67,0,166,0,0,0,0,0,0,0,0,0,0,0,0,0,0,0,0,0,0,0,0,0,0,0,0,0,0,0,0,0,0,0,26,43,76,26,12,0,0,2,0,0,0,0,0,0,0
0,196,98,349,0,495,0,0,0,5,0,180,0,0,62,709,33,18,0,0,15,33,108,161,0,40,0,0,0,49,0,1,0,0,0,89,0,70,0,7,0,0,0,18,0,3,0,0,0,0,0,34,0,1,0,0,0,0,0,0,0,0,0,18,0,0,0,0,0,0,0,0,0,0,0,0,0,0,0,0,0,0,0,0,0,41,0,0,0,0,0,0,0,0,0,0,0,0,0,0,0,0,0,0,0,0,0,0,0,0,0,0,0,0,0,0,0,0,0,0,0,15,0,0,0,0,0,0,0,1,0,0,0,0,0,24,0,0,0,49,0,67,0,156,0,0,0,0,0,0,0,0,0,0,0,0,0,0,0,0,0,0,0,0,0,0,0,69,0,3,0,0,0,12,0,0,39,136,0,146,0,0,0,0,0,0,0,1,0,0,0,0,0,0,0,0,0,0,0,0,0,0,0,1,0,0,0,0,0,0,0,0,0,0,0,0,0,0,36,18,66,0,0,0,0
0,0,0,0,264,81,3,0,0,0,51,0,158,125,97,0,158,0,216,167,65,21,22,0,0,0,33,88,35,0,14,0,48,0,0,0,105,0,0,0,0,0,35,0,15,0,0,0,0,0,21,7,0,0,0,0,0,0,0,0,0,0,26,0,0,0,0,0,0,0,0,0,0,0,0,0,0,0,0,0,0,0,0,0,0,0,0,0,0,0,0,0,0,0,0,0,0,0,0,0,0,0,0,0,0,0,0,0,0,0,0,0,0,0,0,0,0,0,0,0,0,0,13,0,0,0,0,0,0,0,2,0,0,0,0,0,0,0,0,0,18,0,0,0,0,0,0,0,0,0,0,0,0,0,0,0,0,0,0,0,0,0,1,0,7,0,29,0,18,0,0,0,5,0,0,0,37,0,60,1,0,0,0,0,0,0,5,1,0,0,0,0,0,0,0,0,0,0,0,0,0,0,1,0,0,0,0,0,0,0,44,73,60,0,0,0,0,0,0,0,0,0,0,0,0
0,8,0,0,0,371,0,0,0,0,21,63,0,104,0,175,0,0,0,407,22,160,0,36,0,0,0,76,0,78,0,33,0,89,0,0,0,269,0,2,0,0,1,23,0,32,0,0,0,0,0,60,0,0,0,0,0,0,0,0,0,1,0,32,0,0,0,0,0,0,0,0,0,0,0,0,0,0,0,0,0,87,0,0,0,0,0,0,0,0,0,0,0,0,0,0,0,0,0,34,0,0,0,0,0,0,0,0,0,0,0,0,0,0,0,0,0,0,0,0,0,0,0,0,0,0,0,0,0,0,0,0,0,0,0,0,0,0,0,72,0,190,0,360,0,0,0,0,0,0,0,0,0,0,0,0,0,0,0,0,0,0,0,0,0,34,0,81,0,22,0,18,0,27,0,0,0,74,0,45,0,0,0,0,0,0,0,0,0,0,0,0,0,0,0,0,0,0,0,0,0,0,0,0,0,0,0,0,0,0,0,0,0,0,0,0,0,0,134,175,109,32,0,0,0
40,0,0,0,428,32,0,0,0,0,196,8,38,0,108,18,35,0,50,22,11,11,4,14,0,0,29,5,32,0,85,0,167,0,105,0,0,0,188,0,0,0,59,0,53,0,2,0,0,0,161,0,24,0,6,0,0,0,0,0,12,0,54,0,0,0,0,0,0,0,57,0,0,0,39,0,0,0,0,0,0,0,0,0,65,0,51,0,0,0,23,0,0,0,0,0,116,0,40,0,0,0,0,0,0,0,0,0,0,0,0,0,0,0,0,0,0,0,0,0,102,0,98,0,0,0,0,0,0,0,2,0,16,0,12,0,93,0,275,0,191,0,228,0,117,0,0,0,0,0,0,0,0,0,57,0,27,0,32,0,0,0,6,0,7,0,61,0,50,0,4,0,24,0,0,0,30,5,55,0,0,0,0,0,0,0,0,0,0,0,0,0,0,0,0,0,0,0,0,0,0,0,0,0,0,0,0,0,0,0,31,22,83,32,15,0,0,0,0,0,0,0,0,0,0
54,215,78,121,0,602,0,0,0,0,0,198,0,0,62,352,23,5,0,39,18,35,93,14,63,4,0,0,2,39,0,17,0,70,0,269,0,0,0,17,0,0,0,66,0,14,0,0,0,0,0,113,0,0,0,0,0,19,0,0,0,7,0,60,0,0,0,0,0,0,0,0,0,3,0,0,0,0,0,0,0,0,0,0,0,66,0,0,0,0,0,0,0,0,0,0,0,0,0,0,0,0,0,0,0,0,0,0,0,0,0,0,0,0,0,0,0,0,0,0,0,0,0,0,0,0,0,0,0,0,0,0,0,0,0,0,0,0,0,242,0,263,0,229,0,150,0,0,0,0,0,0,0,0,0,42,0,24,0,60,0,0,0,0,0,12,0,61,0,20,0,0,0,41,0,0,34,104,4,143,0,0,0,9,0,0,0,3,0,0,0,0,0,0,0,0,0,0,0,0,0,0,0,0,0,0,0,0,0,0,0,0,0,0,14,0,0,0,26,22,90,0,0,0,0
406,0,562,0,60,0,66,0,32,0,77,11,0,0,1,0,136,28,0,0,1,0,33,108,68,0,0,0,41,0,0,0,2,0,0,0,188,0,0,0,0,0,3,0,0,0,0,0,2,0,0,0,19,0,0,0,0,0,0,0,2,0,30,0,0,0,0,0,0,0,0,0,0,0,0,0,0,0,0,0,0,0,0,0,23,0,0,0,0,0,0,0,0,0,0,0,0,0,0,0,0,0,0,0,0,0,0,0,0,0,0,0,0,0,0,0,0,0,0,0,0,0,0,0,0,0,0,0,0,0,0,0,4,0,0,0,20,0,64,0,37,0,51,0,18,0,0,0,0,0,0,0,0,0,34,0,29,0,17,0,0,0,0,0,0,0,0,0,0,0,1,0,79,0,0,0,38,6,32,0,0,0,187,0,0,0,0,0,0,0,0,0,0,0,0,0,0,0,0,0,0,0,0,0,0,0,0,0,0,0,0,30,11,0,0,0,0,0,0,0,0,0,0,0,0
93,476,91,359,0,62,55,208,0,148,0,0,0,0,0,125,22,19,0,0,0,0,0,118,180,156,0,0,0,6,0,2,0,7,0,2,0,17,0,0,0,0,0,9,0,0,0,0,0,0,0,9,0,8,0,0,0,0,0,0,0,10,7,13,0,0,0,0,0,0,0,0,0,0,0,0,0,0,0,0,0,0,0,0,0,0,0,0,0,0,0,0,0,0,0,0,0,0,0,0,0,0,0,0,0,0,0,0,0,0,0,0,0,0,0,0,0,0,0,0,0,0,0,0,0,0,0,0,0,0,0,0,0,0,0,0,0,0,0,9,0,14,0,23,0,8,0,0,0,0,0,0,0,0,0,6,0,5,0,7,0,0,0,0,0,0,0,0,0,0,0,0,0,55,0,0,13,45,0,0,0,0,0,32,0,0,0,0,0,0,0,0,0,0,0,0,0,0,0,0,0,0,0,0,0,0,0,0,0,0,0,0,0,0,0,0,0,0,0,4,0,0,0,0,0
21,2,34,0,103,0,0,0,0,0,78,0,230,79,0,0,0,0,18,5,0,0,0,0,0,0,62,198,0,0,0,0,0,0,0,0,0,0,0,0,0,239,45,31,68,222,232,556,113,66,22,0,0,0,0,0,0,0,0,0,0,0,0,0,0,0,0,0,0,0,0,0,0,0,0,0,0,0,0,0,0,0,0,0,0,0,0,0,0,0,0,0,0,0,0,0,0,0,0,0,0,0,0,0,0,0,0,0,0,0,0,0,0,0,0,0,0,0,0,0,0,0,0,0,0,0,0,0,0,0,0,0,0,0,0,0,0,0,0,0,0,0,0,0,0,0,4,0,4,0,0,0,0,0,0,0,0,0,0,0,0,0,0,0,0,0,0,0,0,0,0,0,0,0,0,0,20,123,41,0,0,0,7,0,0,0,114,13,0,0,0,0,0,0,0,0,0,0,0,0,6,0,0,0,0,0,0,0,0,0,10,123,0,0,0,0,0,55,0,0,0,0,0,0,0
0,40,0,33,0,43,0,0,0,0,0,81,100,218,0,2,0,0,24,2,0,0,0,0,0,1,212,0,0,0,0,2,0,0,0,0,0,0,0,0,239,0,52,0,49,63,192,326,16,252,18,2,0,0,0,0,0,0,0,0,0,0,0,0,0,0,0,0,0,0,0,0,0,0,0,0,0,0,0,0,0,0,0,0,0,0,0,0,0,0,0,0,0,0,0,0,0,0,0,0,0,0,0,0,0,0,0,0,0,0,0,0,0,0,0,0,0,0,0,0,0,0,0,0,0,0,0,0,0,0,0,0,0,0,0,2,0,0,0,0,0,0,0,0,0,0,0,0,0,0,0,0,0,0,0,0,0,0,0,0,0,0,0,0,0,0,0,0,0,0,0,0,0,0,0,0,0,224,0,0,0,0,0,0,0,0,44,10,0,0,0,0,0,0,0,0,0,0,0,0,0,0,0,0,0,0,0,0,0,0,0,9,0,0,0,0,0,2,0,16,0,0,0,0,11
0,0,12,0,0,0,6,0,0,0,26,0,208,146,0,0,75,0,100,34,92,0,0,0,0,0,429,229,44,0,23,0,39,0,35,1,59,0,3,0,45,52,0,32,343,52,118,125,80,0,71,0,9,0,7,0,0,0,0,0,0,0,0,0,0,0,0,0,0,0,0,0,2,0,0,0,0,0,0,0,0,0,6,0,19,0,0,0,0,0,0,0,0,0,0,0,0,0,0,0,0,0,3,0,0,0,0,0,0,0,0,0,0,0,0,0,0,0,0,0,10,0,0,0,0,0,0,0,0,0,0,0,0,0,0,0,0,0,0,0,0,0,0,0,6,0,0,0,0,0,0,0,0,0,0,0,0,0,0,0,0,0,0,0,62,0,25,0,0,0,6,0,14,0,0,0,39,16,74,0,0,0,14,0,0,0,84,0,0,0,0,0,0,0,0,0,0,0,0,0,0,0,0,0,0,0,0,0,0,0,46,136,137,26,19,0,0,29,0,0,0,0,0,0,0
0,0,0,0,0,0,0,0,0,0,0,11,110,206,0,23,0,14,0,87,0,60,0,10,0,0,86,397,0,80,0,35,0,18,0,23,0,66,0,9,31,0,32,0,0,107,0,55,1,16,37,75,0,0,0,2,0,0,0,0,0,0,0,31,0,0,0,1,0,0,0,0,0,0,0,8,0,0,0,0,0,0,0,0,0,0,0,0,0,0,0,0,0,0,0,0,0,0,0,0,0,0,0,0,0,0,0,0,0,0,0,0,0,0,0,0,0,0,0,0,0,43,0,0,0,0,0,0,0,0,0,0,0,0,0,0,0,0,0,84,0,143,0,0,0,26,0,0,0,0,0,0,0,0,0,0,0,0,0,0,0,0,0,0,0,47,0,4,0,0,0,5,0,14,0,0,11,184,4,0,0,0,0,0,0,0,24,51,0,0,0,0,0,0,0,0,0,0,0,0,0,0,0,0,0,0,0,0,0,0,0,0,0,0,13,0,0,0,65,79,68,0,0,0,0
0,0,46,0,0,0,0,0,4,0,41,0,77,0,9,0,103,0,22,2,66,0,21,2,0,0,257,0,0,0,0,0,9,0,15,0,53,0,0,0,68,49,343,0,0,39,206,121,235,20,68,0,17,0,0,0,0,0,0,0,0,0,66,0,0,0,0,0,0,0,33,0,0,0,25,0,13,0,0,0,0,0,38,0,128,0,62,0,0,0,0,0,0,0,0,0,198,0,0,0,33,0,17,0,0,0,94,0,0,0,0,0,0,0,0,0,0,0,0,0,69,0,55,0,0,0,0,0,0,0,0,0,0,0,42,0,0,0,0,0,0,0,200,0,24,0,0,0,6,0,7,0,0,0,0,0,0,0,0,0,10,0,10,0,115,0,25,0,75,0,17,0,43,0,0,0,18,26,22,0,0,0,8,0,12,0,48,0,0,0,0,0,0,0,0,0,0,0,0,0,54,0,0,0,0,0,1,0,0,0,128,268,210,42,39,0,1,100,0,1,0,0,0,0,1
0,14,0,7,0,24,0,0,0,0,0,13,63,75,0,9,0,2,0,17,0,13,0,2,0,3,151,534,0,3,0,5,0,3,0,32,0,14,0,0,222,63,52,107,39,0,144,246,18,213,14,103,0,0,0,0,0,0,0,0,0,0,0,0,0,0,0,0,0,2,0,0,0,0,0,0,0,0,0,0,0,15,0,6,0,0,0,0,0,0,0,0,0,2,0,16,0,0,0,0,0,0,0,0,0,0,0,0,0,0,0,0,0,0,0,0,0,0,0,0,0,7,0,0,0,0,0,0,0,0,0,1,0,0,0,11,0,4,0,0,0,0,1,17,0,8,0,0,0,0,0,0,0,0,0,0,0,0,0,0,0,0,0,6,0,194,0,21,0,26,0,29,0,50,0,0,0,90,0,5,0,0,0,0,0,0,43,65,0,0,0,0,0,0,0,0,0,0,0,0,0,0,0,0,0,0,0,0,0,3,0,3,0,0,18,0,0,0,92,358,390,27,0,0,113
39,0,66,0,138,0,6,0,18,0,150,0,285,0,12,0,0,0,28,0,0,0,0,0,0,0,144,63,0,0,0,0,0,0,0,0,2,0,0,0,232,192,118,0,206,144,0,397,137,84,6,0,0,0,4,0,0,0,0,0,0,0,0,0,0,0,0,0,0,0,0,0,0,0,0,0,0,0,0,0,0,0,0,0,0,0,0,0,0,0,0,0,0,0,0,0,45,0,0,0,0,0,0,0,0,0,0,0,0,0,0,0,0,0,0,0,0,0,0,0,0,0,0,0,0,0,0,0,0,0,0,0,0,0,26,0,0,0,0,0,0,0,0,0,0,0,0,0,23,0,11,0,0,0,0,0,0,0,0,0,0,0,0,0,0,0,0,0,0,0,0,0,0,0,0,0,20,64,40,0,0,0,23,0,0,0,88,0,0,0,0,0,0,0,0,0,0,0,0,0,0,0,0,0,0,0,0,0,0,0,0,260,74,0,7,0,0,159,1,3,0,0,0,0,0
0,72,0,81,0,146,0,6,0,0,0,143,126,262,0,5,0,0,0,20,0,20,0,1,0,0,293,148,0,0,0,0,0,0,0,0,0,0,0,0,556,326,125,55,121,246,397,0,35,165,67,33,0,0,0,0,0,0,0,0,0,0,0,0,0,1,0,0,0,0,0,0,0,0,0,0,0,0,0,0,0,0,0,0,0,0,0,0,0,0,0,0,0,0,0,0,0,0,0,0,0,0,0,0,0,0,0,0,0,0,0,0,0,0,0,0,0,0,0,0,0,0,0,0,0,0,0,0,0,0,0,0,0,0,0,0,0,0,0,0,0,0,0,0,0,0,0,0,0,0,0,0,0,0,0,0,0,0,0,0,0,0,0,0,0,59,0,0,0,0,0,0,0,0,0,0,0,177,0,1,0,0,0,0,0,0,99,21,0,0,0,0,0,0,0,0,0,0,0,0,0,0,0,0,0,1,0,0,0,7,0,11,0,0,0,0,0,6,8,272,38,0,0,0,39
12,0,21,0,5,0,35,0,16,0,15,1,17,0,2,0,0,0,0,0,0,0,0,0,8,0,22,0,0,0,0,0,0,0,0,0,0,0,2,0,113,16,80,1,235,18,137,35,0,40,25,0,6,0,14,0,22,0,13,1,0,0,0,0,0,1,0,0,5,0,0,0,0,0,0,0,0,0,2,0,8,0,7,0,0,0,9,0,7,0,0,0,0,0,15,0,0,0,0,0,8,0,15,1,4,0,0,0,0,0,0,0,0,0,0,0,0,0,0,0,0,0,0,0,3,0,0,0,0,0,4,1,0,0,28,0,0,0,4,0,0,0,19,0,3,0,0,0,6,1,0,0,0,0,0,0,0,0,0,0,12,1,11,0,5,0,9,0,27,0,5,0,29,0,0,0,39,11,49,0,7,0,0,0,0,0,240,0,3,0,14,0,11,0,7,0,4,0,14,0,23,0,27,0,17,0,7,0,20,0,48,46,104,7,14,14,0,35,1,0,15,0,0,0,6
0,0,0,0,0,0,0,0,0,0,0,23,0,21,0,0,0,0,0,2,0,0,0,0,0,1,5,17,0,0,0,0,0,0,0,0,0,0,0,0,66,252,0,16,20,213,84,165,40,0,0,7,0,0,0,0,0,0,0,0,0,0,0,0,0,0,0,0,0,0,0,0,0,0,0,4,0,0,0,0,0,0,0,4,0,19,0,16,0,0,0,0,0,0,0,0,0,0,0,0,0,5,0,0,0,0,0,0,0,0,0,0,0,0,0,0,0,0,0,0,0,7,0,3,0,0,0,0,0,0,0,0,0,0,0,0,0,0,0,1,0,0,0,17,0,0,0,0,0,0,0,0,0,0,0,0,0,0,0,0,0,0,0,0,0,4,0,0,0,6,0,0,0,4,0,0,0,184,0,7,0,0,0,2,0,0,38,62,0,0,0,0,0,0,0,0,0,0,0,0,0,0,0,0,0,0,0,0,0,1,0,9,0,0,0,0,0,18,13,68,11,0,0,0,49
0,0,15,0,140,0,0,0,0,0,32,7,400,197,35,0,71,0,270,164,73,17,14,0,0,0,102,256,9,0,22,0,5,0,21,0,161,0,0,0,22,18,71,37,68,14,6,67,25,0,0,0,8,0,0,0,0,0,0,0,0,0,12,0,0,0,0,0,0,0,17,0,0,0,13,0,0,0,0,0,30,0,0,0,35,0,31,0,0,0,0,0,0,0,0,0,82,0,0,0,0,0,0,0,0,0,0,0,0,0,0,0,0,0,0,0,0,0,0,0,34,0,32,0,0,0,0,0,0,0,0,0,4,0,0,0,0,0,14,0,14,0,71,0,17,0,0,0,0,0,0,0,0,0,0,0,0,0,0,0,0,0,14,0,59,0,39,0,130,0,5,0,16,0,2,0,68,18,97,0,0,0,8,0,0,0,60,7,0,0,0,0,0,0,0,0,0,0,0,0,0,0,0,0,0,0,0,0,0,0,63,108,132,47,37,0,0,0,0,0,0,0,0,0,0
0,0,0,0,0,194,0,0,0,0,0,49,0,348,0,15,0,7,0,256,0,63,0,0,0,0,0,351,0,55,0,39,0,34,7,60,0,113,0,9,0,2,0,75,0,103,0,33,0,7,0,0,0,0,0,0,0,0,0,14,0,0,0,20,0,1,0,4,0,0,0,0,0,0,0,0,0,0,0,0,0,0,0,0,0,96,0,0,0,0,0,0,0,0,0,0,0,13,0,0,0,0,0,0,0,0,0,0,0,0,0,0,0,0,0,0,0,0,0,0,0,0,0,22,0,0,0,0,0,0,0,0,0,0,0,0,0,0,0,81,0,121,0,241,0,46,0,0,0,0,0,0,0,0,0,23,0,0,0,0,0,8,0,0,0,14,0,32,0,19,0,30,0,31,0,0,6,100,0,30,0,0,0,0,0,3,0,157,0,0,0,0,0,0,0,0,0,0,0,0,0,0,0,0,0,0,0,0,0,0,0,0,0,0,23,0,0,0,76,44,46,20,0,0,0
19,33,0,0,2,0,109,103,527,134,0,0,0,0,0,0,97,0,0,0,12,0,0,0,43,137,35,0,25,0,8,0,20,0,0,0,24,0,19,0,0,0,9,0,17,0,0,0,6,0,8,0,0,26,209,124,127,15,77,24,114,0,55,0,0,1,19,74,0,0,0,0,0,0,0,0,0,0,0,0,0,0,0,0,29,0,0,0,0,0,0,0,0,0,0,0,41,0,0,0,0,0,0,0,0,0,12,0,0,0,0,0,0,0,0,0,0,0,0,0,0,0,8,0,0,0,3,0,153,0,3,0,24,0,20,0,49,0,161,0,26,0,182,0,13,0,0,0,0,1,1,0,0,0,217,0,126,0,40,0,4,0,0,0,0,0,0,0,7,0,110,0,0,0,0,0,78,9,0,0,0,0,37,0,79,6,0,0,0,0,0,0,0,0,0,0,0,0,0,0,12,0,0,0,0,0,0,0,3,0,9,3,134,30,17,0,0,0,0,0,0,0,0,0,0
0,0,0,0,0,0,0,69,102,137,0,0,0,0,0,0,0,35,0,0,0,0,0,5,3,22,0,0,0,28,0,0,0,1,0,0,0,0,0,8,0,0,0,0,0,0,0,0,0,0,0,0,26,0,34,92,0,75,68,98,0,104,0,132,0,0,47,138,0,0,0,0,0,0,0,0,0,0,0,0,0,0,0,0,0,0,0,0,0,0,0,0,0,0,0,0,0,0,0,0,0,0,0,0,0,0,0,0,0,0,0,0,0,0,0,0,0,0,0,0,0,0,0,0,0,0,0,0,0,17,0,7,0,9,0,28,0,31,0,164,0,83,0,116,0,6,0,0,0,0,0,0,0,0,0,96,7,86,0,68,1,13,0,0,0,0,0,0,0,0,0,18,0,12,0,4,0,12,0,0,0,0,0,21,6,197,0,0,0,0,0,0,0,0,0,0,0,0,0,0,0,0,0,0,0,0,0,0,0,4,0,5,0,0,0,0,0,0,0,0,14,0,0,0,0
9,61,50,0,0,0,456,136,241,258,0,0,0,0,38,0,11,11,0,0,0,0,44,0,200,221,0,0,6,0,0,0,4,0,0,0,6,0,0,0,0,0,7,0,0,0,4,0,14,0,0,0,209,34,0,154,56,0,60,0,12,0,16,40,0,0,2,70,2,0,0,0,0,0,0,0,0,0,0,0,0,0,0,0,4,0,0,0,0,0,0,0,0,0,0,0,5,0,0,0,0,0,0,0,0,0,8,0,0,0,0,0,0,0,0,0,0,0,0,0,0,0,0,0,2,0,0,0,82,0,12,0,2,0,54,0,19,0,0,0,5,0,24,0,0,0,2,0,0,0,4,0,0,0,17,0,11,0,15,0,19,0,0,0,0,0,0,0,15,0,63,0,0,0,0,0,22,5,0,0,0,0,12,0,0,7,0,0,0,0,0,0,0,0,0,0,0,0,0,0,30,0,0,0,0,0,0,0,13,0,192,47,230,363,193,3,99,0,0,0,3,1,0,0,0
0,21,0,80,0,43,0,448,311,157,0,2,0,3,0,154,0,43,0,45,0,0,0,54,0,246,0,0,0,17,0,0,0,0,0,0,0,0,0,0,0,0,0,2,0,0,0,0,0,0,0,0,124,92,154,0,18,179,140,23,0,24,16,153,0,6,131,25,0,0,0,0,0,0,0,0,0,0,0,0,0,0,0,0,0,0,0,5,0,0,0,0,0,0,0,0,0,2,0,0,0,0,0,0,0,0,0,0,0,0,0,0,0,0,0,0,0,0,0,0,0,0,0,0,0,0,0,0,0,3,0,9,0,0,0,47,0,64,1,9,0,6,0,22,0,0,0,1,0,2,0,0,0,0,10,24,22,0,0,0,0,9,0,0,0,4,0,0,0,22,0,109,0,57,0,4,0,0,0,0,0,0,0,14,10,96,0,0,0,0,0,0,0,0,0,0,0,0,0,0,0,2,0,0,0,0,0,1,0,0,8,4,0,0,282,0,0,0,303,56,394,574,0,117,0
5,0,11,0,5,0,66,0,25,0,0,0,0,0,0,0,0,0,0,0,0,0,15,0,62,0,0,0,0,0,0,0,0,0,0,0,0,0,0,0,0,0,0,0,0,0,0,0,22,0,0,0,127,0,56,18,0,28,255,81,0,0,3,0,6,36,15,165,0,0,0,0,0,0,0,0,0,0,0,0,0,0,0,0,0,0,0,0,0,0,0,0,0,0,0,0,0,0,0,0,0,0,0,0,0,0,0,0,0,0,0,0,0,0,0,0,0,0,0,0,0,0,0,0,8,0,17,0,55,0,17,0,0,0,23,0,0,0,16,0,0,0,0,0,33,0,0,0,0,0,11,0,0,0,167,35,32,2,46,27,48,0,0,0,0,0,0,0,39,0,145,0,0,0,0,0,0,0,0,0,33,11,0,0,15,8,0,0,0,0,0,0,0,0,0,0,0,0,9,0,4,0,0,0,0,0,0,0,22,0,475,90,598,718,863,0,196,18,0,0,2,0,0,0,0
0,0,0,15,0,0,0,27,0,13,0,0,0,0,0,0,0,32,0,0,0,0,0,22,0,59,0,0,0,9,0,0,0,0,0,0,0,19,0,0,0,0,0,0,0,0,0,0,0,0,0,0,15,75,0,179,28,0,57,289,0,4,0,44,0,3,53,23,0,0,0,0,0,0,0,0,0,0,0,0,0,0,0,0,0,0,0,0,0,0,0,0,0,2,0,4,0,0,0,0,0,0,0,0,0,0,0,0,0,0,0,0,0,0,0,0,0,0,0,0,0,0,0,0,0,16,0,10,0,21,0,7,0,27,0,71,0,77,0,54,0,20,0,69,13,1,0,0,0,2,0,0,0,0,23,101,0,17,0,45,0,41,0,0,0,0,0,0,0,41,0,286,0,49,0,9,0,0,0,0,0,0,0,0,14,44,0,0,0,0,0,0,0,0,0,0,0,0,0,0,0,0,0,0,0,0,0,0,0,20,0,0,0,0,372,0,0,0,246,0,525,502,12,81,2
0,0,0,0,0,0,67,0,111,51,0,0,0,0,0,0,0,0,0,0,0,0,0,0,18,0,0,0,0,0,0,0,0,0,0,0,0,0,0,0,0,0,0,0,0,0,0,0,13,0,0,0,77,68,60,140,255,57,0,172,0,0,0,0,278,22,52,392,0,0,0,0,0,0,0,0,2,0,0,0,0,0,0,0,0,0,0,0,0,0,0,0,0,0,0,0,0,0,0,0,0,0,0,0,0,0,0,0,0,0,0,0,0,0,0,0,0,0,0,0,0,0,0,0,10,0,0,0,2,0,28,0,0,0,0,0,0,0,10,0,0,0,0,0,11,0,0,0,0,0,0,0,0,1,58,18,135,12,0,11,56,5,0,0,0,0,5,0,15,0,0,0,0,0,0,16,8,0,0,0,10,4,0,0,111,46,0,0,0,0,0,0,0,0,0,0,0,0,1,0,0,0,0,0,0,0,1,0,0,0,787,440,208,642,1012,0,135,7,0,0,3,0,0,0,0
0,6,0,0,0,0,0,38,36,75,0,0,0,0,0,0,0,2,0,0,0,0,0,0,0,20,0,0,0,0,0,0,0,0,0,0,0,0,0,0,0,0,0,0,0,0,0,0,1,0,0,14,24,98,0,23,81,289,172,0,0,75,0,37,48,188,142,220,0,0,0,0,0,2,0,0,0,0,0,0,0,0,0,0,0,0,0,0,0,0,0,0,0,1,0,0,0,0,0,0,0,0,0,0,0,0,0,0,0,0,0,0,0,0,0,0,0,0,0,0,0,0,0,0,0,24,0,9,0,2,0,57,0,5,0,4,0,0,0,0,0,0,0,0,0,3,0,6,0,6,0,0,0,1,76,80,20,160,38,11,0,33,0,13,0,0,0,0,0,22,0,84,0,0,0,33,1,0,0,0,0,51,0,0,26,33,0,0,0,0,0,0,0,0,0,0,0,0,0,0,0,0,0,0,0,0,0,0,0,13,0,0,0,0,1185,0,0,0,876,355,525,1026,51,138,0
180,24,55,0,0,0,183,0,413,0,0,0,0,0,0,0,21,0,0,0,0,0,6,37,59,54,0,0,0,7,0,0,0,0,0,0,12,0,2,0,0,0,0,0,0,0,0,0,0,0,0,0,114,0,12,0,0,0,0,0,0,0,63,0,1,0,8,0,0,0,5,0,0,0,0,0,0,0,0,0,0,0,0,0,0,0,0,0,0,0,0,0,0,0,0,0,0,0,0,0,0,0,0,0,0,0,0,0,0,0,0,0,0,0,0,0,0,0,0,0,0,0,0,0,0,0,0,0,0,0,0,0,0,0,0,0,14,0,151,0,103,0,0,0,82,0,0,0,0,0,0,0,2,0,49,0,62,0,17,0,0,0,0,0,0,0,0,0,0,0,103,0,87,0,0,0,88,0,2,0,0,0,75,0,0,0,0,0,0,0,0,0,0,0,0,0,0,0,0,0,0,0,0,0,0,0,0,0,0,0,0,5,34,11,0,0,0,0,0,0,0,0,0,0,0
20,112,8,17,0,9,0,182,0,425,0,0,0,0,0,0,0,9,0,0,0,3,0,4,40,19,0,0,0,0,0,0,0,0,0,1,0,7,0,10,0,0,0,0,0,0,0,0,0,0,0,0,0,104,0,24,0,4,0,75,0,0,0,29,0,0,0,98,0,0,0,0,0,0,0,0,0,0,0,0,0,0,0,0,0,1,0,0,0,0,0,0,0,0,0,0,0,0,0,0,0,0,0,0,0,0,0,0,0,0,0,0,0,0,0,0,0,0,0,0,0,2,0,4,0,0,0,0,0,0,0,0,0,0,0,0,0,0,0,39,0,49,0,0,0,70,0,0,0,0,0,0,0,0,0,31,0,275,0,41,0,0,0,0,0,0,0,0,0,6,0,53,0,81,0,0,0,69,0,0,0,0,0,107,0,131,0,0,0,0,0,0,0,0,0,0,0,0,0,0,0,0,0,0,0,0,0,0,0,0,2,0,0,0,0,0,0,0,2,7,52,56,0,15,0
119,54,69,0,0,0,318,0,369,0,0,0,0,0,5,0,444,0,0,0,66,0,17,0,261,144,0,0,54,0,25,0,55,0,26,0,54,0,30,7,0,0,0,0,66,0,0,0,0,0,12,0,55,0,16,16,3,0,0,0,63,0,0,12,0,0,0,0,0,0,0,0,0,0,0,0,0,0,0,0,0,0,0,0,0,0,0,0,0,0,0,0,0,0,0,0,0,0,0,0,0,0,0,0,0,0,0,0,0,0,0,0,0,0,0,0,0,0,0,0,0,0,0,0,0,0,0,0,3,0,1,0,1,0,0,0,0,0,38,0,12,0,12,0,8,0,0,0,0,0,0,0,0,0,50,0,20,0,4,0,0,0,0,0,0,0,0,0,0,0,4,0,10,2,0,0,92,10,0,0,0,0,80,0,0,0,0,0,0,0,0,0,0,0,0,0,0,0,0,0,5,0,0,0,0,0,0,0,0,0,0,3,11,0,5,0,0,0,0,0,0,0,0,0,0
17,219,0,158,0,9,0,613,109,610,0,0,0,0,0,28,0,141,0,0,0,30,0,58,68,221,0,0,0,19,0,9,0,18,0,32,0,60,0,13,0,0,0,31,0,0,0,0,0,0,0,20,0,132,40,153,0,44,0,37,0,29,12,0,0,0,0,39,0,0,0,0,0,0,0,0,0,0,0,0,0,0,0,0,0,0,0,0,0,0,0,0,0,0,0,0,0,0,0,0,0,0,0,0,0,0,0,0,0,0,0,0,0,0,0,0,0,0,0,0,0,0,0,0,0,0,0,0,0,0,0,2,0,5,0,0,0,0,0,92,0,61,0,59,0,7,0,0,0,0,0,0,0,0,0,29,1,8,0,12,0,4,0,0,0,0,0,0,0,0,0,0,0,12,0,0,9,105,0,0,0,0,0,109,0,90,0,0,0,0,0,0,0,0,0,0,0,0,0,0,0,0,0,0,0,0,0,0,0,4,0,0,0,0,7,0,0,0,0,0,7,6,0,2,0
3,0,0,0,4,0,62,0,187,0,9,0,0,0,0,0,0,0,0,0,0,0,0,0,0,0,0,0,0,0,0,0,0,0,0,0,0,0,0,0,0,0,0,0,0,0,0,0,0,0,0,0,0,0,0,0,6,0,278,48,1,0,0,0,0,42,202,22,0,0,15,0,8,0,0,0,0,0,0,0,0,0,0,0,0,0,0,0,0,0,0,0,0,0,0,2,0,0,0,0,0,0,0,0,0,0,0,0,0,0,0,0,0,0,0,0,0,0,0,0,0,0,0,0,7,0,0,0,0,0,12,0,0,0,0,0,0,0,24,43,0,0,0,0,51,33,12,0,25,0,19,0,0,0,31,31,0,0,11,68,369,104,0,0,0,0,0,0,0,0,0,0,0,0,0,7,0,0,0,0,108,41,6,0,118,23,1,0,0,0,0,0,0,0,0,0,0,0,0,0,0,0,0,0,0,0,1,0,6,0,29,0,0,0,0,0,0,0,0,0,0,0,0,0,0
0,21,0,0,0,0,0,7,0,107,0,8,0,0,0,0,0,0,0,16,0,0,0,2,0,0,0,0,0,0,0,0,0,0,0,0,0,0,0,0,0,0,0,0,0,0,0,1,1,0,0,1,1,0,0,6,36,3,22,188,0,0,0,0,42,0,0,508,0,0,0,9,0,12,0,0,0,0,0,0,0,0,0,0,0,0,0,0,0,0,1,0,0,0,0,0,0,0,0,0,0,0,0,0,0,0,0,0,0,0,0,0,0,0,0,0,0,0,0,0,0,0,0,6,0,3,0,6,0,0,59,45,0,0,0,0,0,0,40,11,0,0,0,0,27,56,0,10,90,186,0,22,0,6,12,3,1,0,0,6,107,417,0,0,0,0,0,0,0,0,0,0,0,0,0,29,0,0,0,0,55,143,0,21,19,96,0,0,0,0,0,0,0,0,0,0,0,0,0,0,0,1,0,0,0,0,0,8,0,27,0,0,0,0,95,0,0,0,66,0,0,0,0,0,0
2,0,0,0,0,0,40,0,133,72,0,0,0,0,0,0,0,0,0,0,0,0,0,0,0,0,0,0,0,0,0,0,0,0,0,0,0,0,0,0,0,0,0,0,0,0,0,0,0,0,0,0,19,47,2,131,15,53,52,142,8,0,0,0,202,0,0,175,0,0,0,0,0,0,0,0,0,0,0,0,0,0,0,0,0,0,0,0,0,0,0,0,0,0,0,0,0,0,0,0,0,0,0,0,0,0,0,0,0,0,0,0,0,0,0,0,0,0,0,0,0,0,0,0,5,0,0,0,0,0,2,0,0,0,0,0,0,0,0,0,0,0,0,0,33,0,11,0,7,0,0,0,0,0,35,21,48,0,0,15,107,0,0,0,0,0,4,0,0,0,0,0,0,0,0,6,31,0,0,0,37,9,0,0,474,22,0,0,0,0,0,0,0,0,0,0,0,0,0,0,0,0,0,0,0,0,0,0,0,0,121,71,15,0,137,0,0,0,0,3,0,0,0,0,0
0,8,0,0,0,0,0,16,159,200,0,0,0,0,0,0,0,0,0,0,0,0,0,0,0,0,0,0,0,0,0,0,0,0,0,0,0,0,0,0,0,0,0,1,0,0,0,0,0,0,0,4,74,138,70,25,165,23,392,220,0,98,0,39,22,508,175,0,0,0,0,0,0,0,0,0,0,0,0,0,0,0,0,0,0,0,0,0,0,0,0,0,0,0,0,0,0,0,0,0,0,0,0,0,0,0,0,0,0,0,0,0,0,0,0,0,0,0,0,0,0,0,0,0,0,0,0,0,0,0,0,41,0,0,0,0,0,0,0,0,0,0,0,0,22,0,0,5,0,10,0,0,0,1,75,63,28,99,15,6,58,27,0,0,0,0,0,0,0,0,0,14,0,0,0,180,2,2,0,0,10,121,1,3,63,266,0,0,0,0,0,0,0,0,0,0,0,0,0,0,0,0,0,0,0,0,0,0,0,0,0,8,0,0,354,0,0,0,260,210,110,313,8,30,0
0,0,0,0,0,0,0,0,0,0,0,0,0,0,0,0,0,0,0,0,0,0,0,0,0,0,0,0,0,0,0,0,0,0,0,0,0,0,0,0,0,0,0,0,0,0,0,0,5,0,0,0,0,0,2,0,0,0,0,0,0,0,0,0,0,0,0,0,0,0,0,0,18,0,0,0,124,0,31,0,13,0,14,0,0,0,45,0,42,0,0,0,13,0,14,0,0,0,9,0,16,0,108,0,0,0,0,0,12,0,0,0,0,0,0,0,0,0,0,0,0,0,0,0,0,0,0,0,0,0,0,0,0,0,18,0,0,0,0,0,0,0,0,0,0,0,0,0,0,0,0,0,0,0,0,0,0,0,0,0,0,0,0,0,0,0,0,0,38,0,0,0,0,0,0,0,0,0,0,0,0,0,0,0,0,0,0,0,8,0,33,0,0,0,32,0,7,0,0,0,0,0,0,0,0,0,0,0,0,0,82,0,52,0,2,53,49,0,0,0,0,0,0,0,0
0,0,0,0,0,0,0,0,0,0,0,0,0,0,0,0,0,0,0,0,0,0,0,0,0,0,0,0,0,0,0,0,0,0,0,0,0,0,0,0,0,0,0,0,0,2,0,0,0,0,0,0,0,0,0,0,0,0,0,0,0,0,0,0,0,0,0,0,0,0,0,0,0,0,0,0,0,151,0,0,0,0,0,64,0,0,0,11,0,25,0,0,0,11,0,42,0,0,0,0,0,5,0,47,0,0,0,0,0,2,0,0,0,0,0,0,0,3,0,0,0,0,0,0,0,0,0,0,0,0,0,0,0,0,0,0,0,0,0,0,0,0,0,0,0,0,0,0,0,0,0,0,0,0,0,0,0,0,0,0,0,0,0,0,0,14,0,0,0,44,0,0,0,0,0,0,0,0,0,0,0,0,0,0,0,0,0,0,0,0,0,0,0,0,0,0,0,0,0,0,0,0,0,0,0,0,0,0,0,0,0,0,0,0,1,0,0,0,42,3,96,1,21,67,5
0,0,0,0,0,0,0,0,0,0,0,0,0,0,0,0,7,0,0,0,0,0,0,0,0,0,0,0,8,0,11,0,22,0,0,0,57,0,0,0,0,0,0,0,33,0,0,0,0,0,17,0,0,0,0,0,0,0,0,0,5,0,0,0,15,0,0,0,0,0,0,0,209,0,326,0,14,0,121,0,8,0,0,0,7,0,42,0,0,0,0,1,0,0,0,0,0,0,0,0,0,0,0,0,0,0,0,0,0,0,0,0,0,0,0,0,0,0,0,0,82,0,13,0,0,0,129,0,3,0,75,15,89,0,28,0,28,0,3,0,92,0,53,0,37,8,80,0,76,7,39,0,27,21,1,0,0,0,5,11,60,0,38,0,0,2,35,0,12,0,30,0,32,0,121,0,0,0,0,0,83,24,0,0,59,2,0,0,0,0,0,0,0,0,0,0,0,0,0,0,0,0,0,0,0,0,0,0,0,0,7,0,52,13,0,0,0,0,0,0,0,0,0,0,0
0,0,0,0,0,0,0,0,0,0,0,0,0,0,0,0,0,0,0,0,0,0,0,0,0,0,0,0,0,0,0,0,0,0,0,0,0,0,0,0,0,0,0,0,0,0,0,0,0,0,0,0,0,0,0,0,0,0,0,0,0,0,0,0,0,9,0,0,0,0,0,0,0,80,0,307,0,19,0,33,0,0,0,0,0,0,0,71,0,0,0,0,0,0,0,0,0,0,0,0,0,0,0,0,0,0,0,0,0,0,0,0,0,0,0,0,0,0,0,0,0,16,0,21,0,75,0,0,0,0,9,40,0,39,0,0,1,0,0,0,0,31,0,0,1,102,0,44,0,40,0,18,0,34,0,0,0,8,1,0,7,0,0,16,0,0,0,6,0,4,0,8,0,0,0,14,0,0,0,0,0,0,0,0,0,23,0,0,0,0,0,0,0,0,0,0,0,0,0,0,0,0,0,0,0,0,0,0,0,0,0,0,0,0,4,0,0,0,31,0,9,8,0,1,0
0,0,0,0,3,0,0,0,0,0,0,0,0,0,0,0,0,0,5,0,0,0,0,0,0,0,0,0,0,0,0,0,0,0,0,0,0,0,0,0,0,0,2,0,0,0,0,0,0,0,0,0,0,0,0,0,0,0,0,0,0,0,0,0,8,0,0,0,18,0,209,0,0,0,124,0,58,0,211,0,3,0,20,0,30,0,16,0,0,0,0,0,5,0,1,0,0,0,0,0,2,0,0,0,0,0,0,0,0,0,0,0,0,0,0,0,1,0,0,0,53,0,18,0,70,0,63,0,4,3,43,0,41,0,108,0,51,0,5,0,40,0,95,0,33,0,0,0,39,0,38,0,17,0,0,0,0,0,0,0,12,11,22,0,0,0,0,0,6,0,8,0,3,0,45,0,0,0,0,0,0,0,0,0,20,0,0,0,0,0,33,0,0,0,0,0,0,0,223,0,112,0,0,0,0,0,0,0,0,0,149,3,17,2,7,0,0,0,0,0,0,0,0,0,0
0,0,0,0,0,0,0,0,0,0,0,0,0,0,0,0,0,0,0,0,0,0,0,0,0,0,0,0,0,0,0,0,0,0,0,0,0,3,0,0,0,0,0,0,0,0,0,0,0,0,0,0,0,0,0,0,0,0,0,2,0,0,0,0,0,12,0,0,0,0,0,80,0,0,0,200,0,220,0,41,0,10,0,22,0,5,0,57,0,3,0,0,0,0,0,1,0,0,0,0,0,0,0,1,0,0,0,0,0,0,0,0,0,0,0,0,0,0,0,0,0,17,0,2,12,62,0,88,0,0,0,0,0,18,0,43,1,0,0,0,0,38,0,0,0,84,0,62,0,0,0,21,0,36,0,0,0,0,0,0,0,0,0,54,0,0,0,0,0,7,0,6,0,0,0,0,0,0,0,0,7,0,0,0,0,0,0,0,0,90,0,0,0,0,0,0,0,0,0,0,0,117,0,0,0,0,0,0,0,0,2,0,0,0,12,0,0,0,143,1,13,0,0,0,0
0,0,0,0,0,0,0,0,0,0,0,0,0,0,0,0,0,0,0,0,11,0,3,0,0,0,0,0,5,0,0,0,0,0,0,0,39,0,0,0,0,0,0,0,25,0,0,0,0,0,13,0,0,0,0,0,0,0,0,0,0,0,0,0,0,0,0,0,0,0,326,0,124,0,0,0,17,0,129,0,6,0,19,0,31,0,29,0,0,0,0,0,0,0,1,0,9,0,0,0,0,0,0,0,0,0,0,0,0,0,0,0,0,0,0,0,0,0,0,0,147,2,64,0,0,0,0,0,0,0,0,0,3,0,36,0,19,0,0,0,32,0,81,0,38,0,0,0,36,0,0,0,24,0,0,0,0,0,0,0,0,0,14,0,0,0,14,0,9,0,11,0,15,0,58,0,0,0,0,0,24,0,0,0,13,0,0,0,6,0,0,0,0,0,0,0,4,0,0,0,61,0,0,0,0,0,0,0,0,0,30,0,8,0,3,0,1,0,0,0,0,0,0,0,0
0,0,0,0,0,0,0,0,0,0,0,0,0,0,0,0,0,0,0,0,0,19,0,4,0,0,0,17,0,0,0,0,0,0,0,0,0,0,0,0,0,0,0,8,0,0,0,0,0,4,0,0,0,0,0,0,0,0,0,0,0,0,0,0,0,0,0,0,0,0,0,307,0,200,0,0,0,6,0,18,0,16,0,11,0,11,0,49,0,0,0,0,0,0,0,0,0,0,0,0,0,0,0,0,0,0,0,0,0,0,0,0,0,0,0,0,0,0,0,0,0,131,0,38,0,0,0,82,1,0,0,23,4,27,1,22,0,0,0,0,0,37,0,54,0,143,16,54,0,0,0,22,0,56,0,0,0,0,0,0,0,6,0,32,0,0,0,0,0,13,0,0,0,0,0,0,0,0,0,0,0,53,0,0,0,13,0,0,0,0,0,0,0,0,0,0,0,0,0,16,0,44,0,0,0,0,0,0,0,0,0,0,0,3,2,0,0,0,40,2,14,0,2,0,0
0,0,0,0,0,0,0,0,0,0,0,0,0,0,0,0,0,0,0,0,0,0,0,0,0,0,0,0,0,0,0,0,0,0,0,0,0,0,0,0,0,0,0,0,13,0,0,0,0,0,0,0,0,0,0,0,0,0,2,0,0,0,0,0,0,0,0,0,124,0,14,0,58,0,17,0,0,0,46,0,16,0,51,0,35,0,41,0,6,0,0,0,43,0,8,0,19,0,11,0,16,3,49,0,0,0,0,0,15,0,1,0,0,0,2,0,6,0,0,0,21,0,0,0,0,0,0,0,0,0,0,0,0,0,0,0,0,0,0,0,0,0,0,0,0,0,0,0,0,0,0,0,0,0,0,0,0,0,0,0,0,0,1,0,15,0,0,0,26,0,0,0,0,0,0,0,0,0,0,0,13,5,0,0,0,0,0,0,24,0,0,0,0,0,0,0,0,0,0,0,0,0,0,0,0,0,0,0,0,0,63,4,29,0,0,10,8,0,0,0,0,0,0,0,0
0,0,0,0,0,0,0,0,0,0,0,0,0,0,0,0,0,0,0,0,0,0,0,0,0,0,0,0,0,0,0,4,0,0,0,0,0,0,0,0,0,0,0,0,0,0,0,0,0,0,0,0,0,0,0,0,0,0,0,0,0,0,0,0,0,0,0,0,0,151,0,19,0,220,0,6,0,0,0,20,0,99,0,54,0,0,0,113,0,24,0,1,0,106,0,31,0,0,0,15,0,9,0,84,0,0,0,0,0,1,0,0,0,0,0,0,0,2,0,0,0,8,0,0,0,0,0,0,0,0,0,0,0,0,0,0,0,0,0,0,0,6,0,0,0,0,0,0,0,0,14,14,0,0,0,0,0,0,0,0,0,0,0,2,0,0,0,0,0,18,0,0,0,0,0,0,0,0,0,0,0,0,0,0,0,0,0,0,0,0,0,0,0,0,0,0,0,18,0,0,0,0,0,114,1,0,0,0,0,0,0,0,0,0,0,0,0,0,61,0,42,0,13,0,0
0,0,0,0,0,0,0,0,0,0,0,0,0,0,0,0,0,0,0,0,0,0,0,0,0,0,0,0,0,0,0,0,0,0,0,0,0,0,0,0,0,0,0,0,0,0,0,0,2,0,0,0,0,0,0,0,0,0,0,0,0,0,0,0,0,0,0,0,31,0,121,0,211,0,129,0,46,0,0,0,7,0,58,0,24,0,38,0,4,0,0,0,33,0,17,0,0,0,0,0,17,0,8,0,0,0,0,0,1,0,0,0,0,0,0,0,4,0,0,0,55,0,30,0,0,0,0,0,0,0,0,0,0,0,35,0,0,0,0,0,0,0,29,0,0,0,0,0,0,0,0,0,0,0,0,0,0,0,0,0,0,0,6,0,5,0,0,0,13,0,0,0,0,0,0,0,0,0,0,0,0,0,0,0,0,1,0,0,0,0,0,0,0,0,0,0,0,0,0,0,69,0,0,0,0,0,0,0,0,0,90,0,18,0,6,11,9,0,0,0,0,0,0,0,0
0,0,0,0,0,0,0,0,0,0,0,0,0,0,0,0,0,0,0,0,0,0,0,3,0,0,0,0,0,0,0,0,0,0,0,0,0,0,0,0,0,0,0,0,0,0,0,0,0,0,0,0,0,0,0,0,0,0,0,0,0,0,0,0,0,0,0,0,0,0,0,33,0,41,0,18,0,20,0,0,0,8,0,11,0,3,0,25,0,0,0,0,0,1,0,0,0,0,0,0,0,0,0,0,0,0,0,0,0,0,0,0,0,0,0,0,0,0,0,0,0,14,0,11,0,0,0,0,0,0,0,0,0,0,0,0,0,0,0,0,0,17,0,0,0,24,0,0,0,0,0,0,0,8,0,0,0,0,0,0,0,0,0,0,0,0,0,0,0,6,0,0,0,0,0,0,0,0,0,0,0,0,0,0,0,0,0,0,0,0,0,0,0,0,0,0,0,0,0,0,0,14,0,0,0,0,0,0,0,0,0,0,0,0,0,0,0,0,0,0,0,0,0,0,0
