0,124,69,90,99,17,20,58,29,32,149,8,161,0,53,40,79,17,58,4,52,0,76,32,6,164,74,0,122,2,41,0,182,0,0,0,52,0,362,0,22,0,3,0,9,0,10,0,18,0,6,0,0,0,0,5,7,0,0,0,30,0,31,16,2,0,0,0,0,0,0,0,0,0,1,0,0,0,0,0,0,0,0,0,3,0,0,0,0,0,0,0,0,0,0,0,0,0,0,0,0,0,0,0,0,0,2,0,0,0,0,0,0,0,0,0,0,0,0,0,0,0,0,0,1,0,0,0,0,0,2,0,0,0,0,0,0,0,0,0,0,0,3,0,0,0,3,1,3,0,0,0,5,0,0,0,0,0,0,0,0,0,2,0,0,0,0,0,17,0,14,0,138,0,5,0,127,23,42,0,1,0,1,24,12,0,16,0,0,0,0,0,0,0,0,0,2,0,0,0,0,0,0,0,0,0,0,0,0,0,13,0,2,0,104,0,2,0,16,0,47,0,21,0,91,0,83,19,141,0,114,0,165,0,20,0,7,1,87,0,71,0,68,0,262,1,0,0,0
124,0,119,18,10,153,39,40,20,55,0,269,0,175,5,51,38,79,0,115,9,11,143,54,118,26,0,281,0,80,0,0,0,44,0,3,0,87,0,330,0,97,0,0,0,11,0,42,0,19,0,3,1,12,0,16,0,2,0,7,0,147,12,329,0,47,0,3,0,0,0,0,0,12,0,0,0,0,0,0,0,0,0,0,0,0,0,4,0,0,0,0,0,0,0,0,0,0,0,0,0,0,0,0,0,0,0,0,0,0,0,0,0,0,0,0,0,0,0,0,0,0,0,0,0,0,0,3,0,0,0,0,0,0,0,6,0,12,0,0,0,0,0,4,0,0,0,16,0,17,0,26,0,54,0,2,0,7,0,0,0,0,0,0,0,10,0,0,0,0,0,10,0,47,0,11,12,300,0,29,0,24,0,82,0,53,1,7,0,0,0,0,0,0,0,0,0,0,0,0,0,0,0,0,0,0,0,2,1,7,0,15,0,0,0,42,0,0,1,15,0,231,0,36,0,53,0,224,0,190,0,98,0,456,0,28,0,18,0,137,0,30,0,77,0,352,0,0,0
69,119,0,80,93,34,114,16,14,6,12,17,74,0,247,66,35,12,94,0,85,0,376,40,49,104,103,3,233,0,43,0,136,0,0,0,22,4,224,10,6,1,0,0,0,0,5,0,9,0,0,0,0,0,11,0,8,0,0,0,20,2,43,3,8,0,3,0,0,0,0,0,0,0,0,0,2,0,0,0,0,0,0,0,11,0,0,0,0,0,0,0,0,0,2,0,0,0,0,0,2,0,0,0,0,0,0,0,0,0,0,0,0,0,0,0,0,0,0,0,7,0,0,0,3,0,0,0,2,0,0,0,0,0,35,0,80,0,4,0,6,0,46,0,2,0,15,0,25,0,0,0,0,0,2,0,0,0,0,0,6,0,0,0,0,0,31,0,23,0,12,0,177,0,1,0,61,20,0,3,0,0,0,20,20,0,0,0,0,0,0,0,0,0,0,0,0,0,3,0,13,0,0,0,0,0,0,0,0,0,24,0,5,0,139,0,5,0,17,0,75,0,45,0,67,0,90,21,173,0,126,0,150,0,17,0,10,2,67,0,39,0,58,2,245,3,0,0,0
90,18,80,0,12,57,11,109,0,3,7,5,1,11,0,211,29,41,0,134,13,63,116,106,11,74,0,98,0,63,1,0,6,57,0,0,0,60,4,222,0,10,0,0,0,0,0,2,0,2,0,0,0,0,0,37,0,4,0,4,0,15,0,11,2,5,0,0,0,0,0,0,0,0,0,0,0,0,0,0,0,0,0,2,0,0,0,0,0,0,0,0,0,0,0,0,0,0,0,2,0,0,0,0,0,0,0,0,0,0,0,0,0,0,0,0,0,0,0,0,0,3,0,0,0,1,0,6,0,2,0,0,0,2,0,47,0,55,0,0,0,5,0,41,0,0,0,10,0,3,0,9,0,5,0,2,0,0,0,0,0,5,0,0,0,0,0,3,0,2,0,0,0,31,0,0,13,138,0,0,0,3,0,6,0,2,0,0,0,0,0,0,0,0,0,0,0,0,0,0,0,0,0,0,0,0,0,4,0,25,0,6,0,0,1,29,0,0,0,3,0,157,0,15,0,14,0,67,0,88,0,44,1,181,0,5,0,4,0,36,0,0,0,19,0,129,0,0,0
99,10,93,12,0,155,15,0,11,0,69,78,187,156,149,131,26,0,147,131,225,49,41,31,10,2,173,57,0,1,149,19,255,32,106,0,178,0,41,0,44,0,9,0,11,0,20,3,4,0,53,0,0,0,0,2,0,0,0,0,0,0,4,0,8,0,0,0,0,0,0,0,0,0,0,0,0,0,0,0,0,0,0,0,0,0,5,0,0,0,0,0,0,0,0,0,0,0,8,0,0,0,0,0,0,0,0,0,0,0,0,0,0,0,0,0,0,0,0,0,0,0,0,0,3,0,0,0,0,0,0,0,0,0,11,0,0,0,0,0,0,0,25,0,1,0,0,0,15,0,3,0,2,0,2,0,0,0,0,0,6,0,0,0,13,0,140,0,0,0,7,0,106,0,0,0,132,32,26,2,0,0,1,0,28,0,6,0,0,0,0,0,0,0,0,0,0,0,0,0,5,0,0,0,0,0,0,0,0,0,10,0,0,0,58,0,0,0,14,7,136,0,36,0,72,0,238,13,182,0,175,0,0,1,25,0,35,2,49,0,53,0,87,0,273,1,0,0,0
17,153,34,57,155,0,0,55,0,18,59,143,134,144,195,105,11,14,63,176,132,104,70,128,0,16,0,155,0,34,7,49,8,171,5,46,0,83,2,101,0,44,0,0,0,0,0,51,0,0,0,20,0,2,0,13,0,0,0,9,0,0,0,0,0,20,0,2,0,0,0,0,0,0,0,1,0,0,0,0,0,0,0,0,0,6,0,0,0,0,0,0,0,0,0,0,0,0,0,0,0,0,0,0,0,0,0,0,0,0,0,0,0,0,0,0,0,0,0,0,0,0,0,0,0,0,0,4,0,0,0,2,0,0,0,26,0,48,0,2,0,2,0,32,0,0,0,13,0,3,0,16,0,26,0,0,0,0,0,0,0,5,0,0,0,5,0,40,0,11,0,4,0,53,0,8,9,342,18,141,0,18,0,0,0,13,0,15,0,0,0,0,0,0,0,0,0,0,0,4,0,0,0,0,0,1,0,0,0,26,0,0,0,0,0,24,0,0,0,0,0,237,0,18,0,47,2,265,0,184,0,129,1,229,0,14,0,13,0,47,0,11,0,39,0,203,0,0,0
20,39,114,11,15,0,0,33,15,116,5,0,0,0,25,0,38,8,0,0,6,0,33,0,157,89,12,0,34,0,3,0,0,0,0,0,0,0,89,0,0,0,0,0,0,0,0,0,26,0,4,0,50,3,105,46,0,2,0,0,168,0,350,18,2,0,1,0,0,0,0,0,0,0,0,0,0,0,0,0,0,0,0,0,0,0,2,0,0,0,0,0,0,0,0,0,0,0,0,0,0,0,0,0,0,0,0,0,0,0,0,0,0,0,0,0,0,0,0,0,0,0,0,0,4,0,1,0,0,0,0,0,10,0,4,0,15,0,0,0,1,0,0,0,0,0,3,0,5,0,0,0,3,0,6,0,2,0,0,0,6,0,7,0,8,0,2,0,19,0,106,0,226,0,0,0,25,9,0,0,0,0,3,11,6,0,0,0,0,0,0,0,0,0,0,0,0,0,0,0,0,0,1,0,0,0,0,0,0,0,64,0,0,0,270,0,3,0,43,0,90,3,67,0,118,0,102,0,228,0,55,0,223,3,37,1,9,0,155,0,54,0,64,0,310,1,0,0,0
58,40,16,109,0,55,33,0,62,18,0,14,0,23,2,128,11,43,0,69,0,32,6,33,78,114,0,94,0,48,0,0,0,8,0,0,0,12,0,131,0,10,0,0,0,10,0,10,0,15,0,21,6,32,5,203,2,11,0,11,0,85,14,339,0,2,0,0,0,0,0,0,0,7,0,0,0,0,0,0,0,0,0,0,0,0,0,0,0,0,0,0,0,0,0,0,0,2,1,0,0,0,0,0,0,0,0,3,0,0,0,0,0,0,0,0,0,0,0,0,0,0,0,0,0,0,0,10,0,0,0,2,0,0,0,67,0,76,0,4,0,6,0,39,0,0,0,7,0,0,0,2,0,0,2,5,0,0,0,0,0,23,0,0,0,6,0,0,0,3,0,20,0,78,0,2,0,34,0,0,0,0,0,20,0,0,0,0,0,0,0,0,0,0,0,0,0,0,0,7,0,0,0,2,0,0,0,8,0,41,0,24,0,0,0,111,0,0,0,26,0,386,0,60,0,103,4,77,0,348,0,28,0,443,0,23,0,0,0,93,0,14,0,44,0,261,0,0,0
29,20,14,0,11,0,15,62,0,224,54,0,41,0,5,2,7,1,8,0,8,0,0,0,5,50,6,1,4,0,0,0,3,0,0,0,0,0,16,0,5,0,5,0,0,0,1,0,10,0,8,0,111,21,52,101,6,7,41,16,186,0,187,17,39,0,35,10,0,0,0,0,0,0,0,0,0,0,0,0,1,0,0,0,0,0,0,0,0,0,0,0,0,0,0,0,0,0,0,0,0,0,0,0,0,0,0,0,0,0,0,0,0,0,0,0,0,0,0,0,0,0,0,0,27,0,0,0,2,0,28,0,6,0,9,0,3,0,0,0,0,0,11,0,0,0,9,0,61,0,1,0,3,0,3,2,8,0,0,0,13,0,5,0,3,0,0,0,16,0,64,0,72,0,10,0,197,22,15,0,0,0,10,4,31,9,3,0,0,0,0,0,0,0,0,0,0,0,0,0,3,0,0,0,0,0,0,0,0,0,40,0,0,0,174,0,5,0,17,1,49,0,24,0,43,0,102,2,173,0,23,0,78,1,18,1,5,0,119,0,76,0,94,0,201,0,0,0,0
32,55,6,3,0,18,116,18,224,0,1,7,0,5,1,8,14,5,0,24,0,0,0,0,121,0,0,32,0,0,0,0,0,6,0,0,0,0,0,16,0,6,0,0,0,2,0,0,0,0,0,6,50,60,111,33,0,0,26,18,2,52,71,209,0,90,11,108,0,0,0,0,0,0,0,0,0,1,0,0,0,0,0,0,0,0,0,0,0,0,0,0,0,0,0,0,0,0,0,0,0,0,0,0,0,2,0,0,0,0,0,0,0,0,0,0,0,0,0,0,0,0,0,0,0,41,0,28,0,0,0,7,0,4,2,16,0,33,0,0,0,0,0,1,0,0,0,41,0,19,0,19,0,16,2,4,0,12,0,0,0,7,0,0,0,6,0,0,0,0,0,17,0,15,0,6,12,426,0,16,0,4,0,31,7,128,0,0,0,1,0,0,0,0,0,0,0,2,0,2,0,0,0,0,0,0,0,15,0,54,0,21,0,10,0,170,0,5,0,26,1,339,0,91,0,74,1,87,3,377,0,39,0,443,0,44,0,3,0,134,0,27,0,42,0,428,0,0,0
149,0,12,7,69,59,5,0,54,1,0,30,350,0,51,96,15,0,30,23,143,7,21,17,1,0,41,0,0,0,119,0,290,0,31,0,118,9,10,2,26,0,7,0,5,0,10,0,0,0,0,0,0,0,0,0,0,0,1,0,0,0,0,0,0,0,0,0,0,0,0,0,0,0,0,0,0,0,0,0,0,0,0,0,0,0,0,0,0,0,0,0,0,0,0,0,0,0,0,0,0,0,0,0,0,0,1,0,0,0,0,0,0,0,0,0,0,0,0,0,0,0,0,0,0,0,0,0,0,0,0,0,0,0,0,0,0,0,0,0,0,0,0,0,0,0,0,0,11,0,0,0,0,0,0,0,0,0,0,0,0,0,0,0,0,0,49,0,9,0,0,0,38,0,1,0,108,5,18,0,0,0,2,0,9,0,15,0,0,0,0,0,0,0,0,0,0,0,0,0,4,0,0,0,0,0,0,0,1,0,0,0,0,0,16,0,0,0,0,0,48,0,0,0,26,0,102,8,76,0,80,0,0,0,5,0,4,0,27,0,0,0,45,0,103,0,0,0,0
8,269,17,5,78,143,0,14,0,7,30,0,42,317,105,3,5,14,23,28,78,13,34,30,0,0,0,156,0,21,2,8,0,52,0,9,0,71,0,96,0,143,0,0,0,4,0,51,0,8,0,4,0,1,0,0,0,0,0,0,0,2,0,0,0,6,0,0,0,0,0,0,0,0,0,0,0,0,0,0,0,0,0,0,0,0,0,2,0,0,0,0,0,0,0,0,0,0,0,0,0,0,0,0,0,0,0,0,0,0,0,0,0,0,0,0,0,0,0,0,0,0,0,0,0,2,0,0,0,0,0,1,0,0,0,4,0,0,0,0,0,0,0,0,0,0,0,2,0,6,0,9,0,18,0,0,0,0,0,0,0,0,0,0,0,0,0,3,0,8,0,2,0,11,0,15,0,404,6,117,0,25,0,10,0,15,0,4,0,0,0,0,0,0,0,0,0,2,0,0,0,0,0,0,0,0,0,0,0,9,0,0,0,0,0,11,0,0,0,0,0,65,0,0,0,7,0,96,0,45,0,56,0,92,0,0,0,3,0,20,0,5,0,8,0,74,0,0,0
161,0,74,1,187,134,0,0,41,0,350,42,0,469,30,65,5,0,49,308,104,50,4,4,6,1,145,363,0,0,36,13,30,15,131,12,91,9,7,1,217,38,66,16,45,7,119,25,31,1,149,26,0,0,0,0,0,0,2,0,0,0,0,0,8,0,0,0,0,0,0,0,0,0,0,0,0,0,0,0,0,0,0,0,0,0,0,0,0,0,0,0,0,0,0,0,0,0,0,0,0,0,0,0,0,0,0,0,0,0,0,0,2,0,0,0,0,0,0,0,2,0,0,0,0,0,3,0,0,0,0,0,0,0,0,0,11,0,1,0,0,0,14,0,0,0,7,0,13,0,6,0,0,0,0,0,0,0,0,0,0,0,0,0,22,1,34,0,9,0,0,0,5,0,3,0,232,112,112,0,10,0,8,0,33,0,111,13,0,0,0,0,0,0,0,0,0,0,0,0,0,0,0,0,0,0,0,0,0,0,0,0,0,0,3,0,0,0,35,35,37,0,10,0,59,0,83,1,47,0,35,0,26,0,3,0,8,1,9,0,6,0,11,0,69,0,0,0,0
0,175,0,11,156,144,0,23,0,5,0,317,469,0,27,5,0,0,371,29,100,32,0,0,0,2,329,70,0,0,5,13,0,10,29,57,0,25,0,0,96,293,38,57,35,18,31,137,0,7,28,73,0,1,0,0,0,1,0,0,0,0,0,4,0,4,0,0,0,0,0,0,0,0,0,0,0,0,0,0,0,0,0,0,0,0,0,0,0,0,0,0,0,0,0,0,0,0,0,0,0,0,0,0,0,0,0,0,0,0,0,0,0,0,0,0,0,0,0,0,0,0,0,0,0,0,0,0,0,0,0,1,0,0,0,5,0,0,0,0,0,0,0,1,0,0,0,6,0,4,0,0,0,12,0,0,0,0,0,0,0,0,0,0,0,12,0,7,0,11,0,1,0,0,0,12,21,449,9,30,0,47,0,7,0,8,27,209,0,2,0,0,0,0,0,0,0,0,0,0,0,0,0,0,0,0,0,0,0,12,0,0,0,0,0,2,0,0,8,102,2,27,0,0,0,60,0,103,0,37,0,0,0,0,0,0,0,0,0,3,0,0,0,3,0,0,0,0,0
53,5,247,0,149,195,25,2,5,1,51,105,30,27,0,156,37,0,240,70,367,32,396,28,75,0,130,16,11,0,175,7,169,28,40,2,110,18,6,10,0,1,11,2,0,0,0,0,0,0,8,1,0,0,41,0,0,0,0,0,0,0,0,0,12,0,5,0,0,0,0,0,0,0,0,0,0,0,0,0,0,0,0,0,31,0,0,0,0,0,0,0,0,0,0,0,0,0,8,0,0,0,0,0,0,0,0,0,0,0,0,0,0,0,0,0,0,0,0,0,4,0,7,0,0,0,0,0,0,0,3,0,0,0,45,0,133,0,0,0,16,0,124,0,0,0,20,0,53,0,0,0,0,0,0,0,0,0,0,0,0,0,0,0,0,0,97,0,11,0,1,0,44,0,0,0,47,15,32,0,1,0,1,0,23,0,0,0,0,0,0,0,0,0,0,0,0,0,0,0,25,0,0,0,0,0,4,0,0,0,0,0,0,0,15,0,0,0,3,0,63,0,9,0,14,0,63,12,100,0,55,0,49,0,6,0,6,0,17,0,0,0,22,0,88,0,0,0,0
40,51,66,211,131,105,0,128,2,8,96,3,65,5,156,0,25,28,21,324,126,233,144,408,3,184,0,139,1,30,10,38,29,88,0,12,0,102,0,45,0,0,0,13,0,6,0,0,0,0,0,0,0,0,0,68,1,0,0,5,0,0,0,6,2,22,0,2,0,0,0,0,0,0,0,3,0,0,0,0,0,11,0,0,1,44,0,12,0,0,0,0,0,0,0,0,0,0,0,14,0,0,0,0,0,0,0,0,0,0,0,0,0,0,0,0,0,0,0,0,0,0,0,0,0,2,0,0,0,0,0,0,0,0,0,99,0,91,0,0,0,18,0,103,0,6,0,12,0,5,0,0,0,9,0,0,0,0,0,4,0,4,0,0,0,0,0,17,0,0,0,2,0,32,0,0,6,72,26,11,0,0,0,0,0,7,0,0,0,0,0,0,0,0,0,0,0,0,0,0,0,0,0,0,0,0,0,0,0,49,0,0,0,0,0,10,0,0,0,0,0,94,0,0,0,14,0,239,0,76,0,55,0,104,0,5,0,6,0,33,0,8,0,19,0,110,0,0,0
79,38,35,29,26,11,38,11,7,14,15,5,5,0,37,25,0,8,49,0,351,0,95,16,167,32,166,0,362,0,170,0,75,1,40,0,5,1,66,0,0,0,17,0,0,0,0,0,6,0,24,0,81,0,16,3,7,0,0,0,14,0,322,4,0,0,0,0,0,0,7,0,0,0,11,0,0,0,0,0,181,0,0,0,201,0,44,0,0,0,0,0,0,0,0,0,81,0,141,0,0,0,0,0,2,0,0,0,0,0,0,0,0,0,0,0,0,0,0,0,44,0,78,0,0,0,10,0,33,0,0,0,35,0,0,0,151,0,61,0,205,0,204,0,11,0,0,0,2,0,0,0,0,0,142,0,0,0,37,0,0,0,0,0,0,0,0,0,0,0,6,0,30,0,0,1,10,1,0,2,0,0,0,3,2,0,0,0,0,0,0,0,0,0,0,0,0,0,0,0,22,0,0,0,0,0,0,0,0,0,0,0,0,0,27,0,0,0,8,0,11,0,9,0,14,0,41,11,37,0,12,0,0,0,0,1,0,0,9,0,6,0,6,0,25,0,0,0,0
17,79,12,41,0,14,8,43,1,5,0,14,0,0,0,28,8,0,0,9,0,155,23,121,13,140,0,0,0,119,0,67,0,38,0,21,0,0,0,92,0,0,0,26,0,3,0,0,0,0,0,16,0,11,0,55,0,0,0,0,0,0,0,395,0,4,0,0,0,0,0,0,0,0,0,5,0,0,0,0,0,72,0,0,0,159,0,94,0,10,0,0,0,0,0,26,0,11,0,51,0,0,0,0,0,0,0,0,0,0,0,0,0,0,0,0,0,0,0,0,0,82,0,17,0,0,0,0,0,17,0,0,0,9,0,24,0,41,0,84,0,83,0,293,0,13,0,0,0,0,0,0,0,0,0,46,0,0,0,47,0,4,0,0,0,0,0,0,0,0,0,0,0,6,0,0,2,21,0,27,0,0,0,1,0,0,0,0,0,0,0,0,0,0,0,0,0,1,0,0,0,0,0,0,0,0,0,0,0,0,0,1,0,0,0,5,0,0,0,4,0,58,0,0,0,5,0,215,0,21,0,7,0,48,0,4,0,0,0,10,0,0,0,5,0,27,0,0,0
58,0,94,0,147,63,0,0,8,0,30,23,49,371,240,21,49,0,0,138,283,45,273,0,85,0,189,218,11,0,60,23,0,13,129,0,41,14,0,0,19,24,81,19,18,0,17,16,7,0,131,18,0,0,30,0,6,0,0,0,0,0,12,0,9,0,5,0,0,0,6,0,0,0,0,0,0,0,0,0,0,0,0,0,69,0,0,0,0,0,0,0,0,0,0,0,38,0,0,0,2,0,0,0,0,0,21,0,0,0,0,0,0,0,0,0,0,0,0,0,4,0,0,0,9,0,0,0,0,0,0,0,0,0,48,0,116,0,0,0,25,0,132,0,0,0,16,0,0,0,11,0,12,0,0,0,0,0,2,0,0,0,0,0,38,0,56,0,25,0,0,0,0,0,0,0,17,55,11,0,1,0,2,0,39,0,4,3,0,0,0,0,0,0,0,0,0,0,0,0,0,0,0,0,0,0,0,0,16,0,0,0,0,0,15,0,5,0,33,20,93,0,0,0,137,0,211,2,113,0,80,0,0,0,7,0,19,0,0,0,0,0,27,0,132,0,0,0,0
4,115,0,134,131,176,0,69,0,24,23,28,308,29,70,324,0,9,138,0,131,256,0,79,0,28,52,409,0,0,10,117,3,44,13,142,0,31,0,0,14,30,0,170,0,31,4,60,0,7,0,212,0,0,0,17,0,0,0,0,0,0,0,8,0,31,0,0,0,0,0,0,0,0,0,2,0,0,0,0,0,9,0,0,0,28,0,0,0,0,0,0,0,0,0,0,0,0,0,0,0,0,0,0,0,0,0,0,0,0,0,0,0,0,0,0,0,0,0,0,0,0,0,0,0,1,0,8,0,0,0,0,0,0,0,45,0,74,0,0,0,0,0,32,0,0,0,0,0,0,0,0,0,0,0,2,0,2,1,0,0,2,0,0,0,10,0,23,0,15,0,1,0,13,0,1,11,50,26,2,0,0,0,0,0,9,5,15,0,0,0,0,0,0,0,0,0,0,0,0,0,0,0,0,0,0,0,0,0,57,0,3,0,0,0,8,0,0,0,81,0,74,0,0,0,175,0,271,0,113,0,55,1,77,0,3,0,7,0,19,0,0,0,17,0,63,0,0,0
52,9,85,13,225,132,6,0,8,0,143,78,104,100,367,126,351,0,283,131,0,16,314,14,119,0,223,53,170,3,147,17,62,30,168,6,68,13,0,0,0,5,22,6,2,0,0,4,1,0,74,0,17,0,23,0,3,0,0,0,0,0,81,0,0,0,0,0,0,0,7,0,0,0,7,0,0,0,0,0,73,0,0,0,70,0,18,0,0,0,26,0,1,0,0,0,26,0,65,0,0,0,0,0,0,0,12,0,0,0,0,0,0,0,0,0,0,0,0,0,20,0,57,0,0,0,0,0,0,0,0,0,0,0,18,0,73,0,0,0,75,0,131,0,41,0,0,0,0,0,0,0,0,0,21,0,10,0,7,0,0,0,0,0,24,0,50,0,0,0,4,0,24,0,0,0,22,14,30,0,0,0,1,1,5,0,0,3,0,0,0,0,0,0,0,0,0,0,0,0,10,0,0,0,0,0,0,0,0,0,3,0,0,0,10,0,0,0,12,2,75,0,0,0,88,0,242,19,81,0,100,0,35,0,0,0,15,2,47,0,30,0,69,0,124,0,0,0,0
0,11,0,63,49,104,0,32,0,0,7,13,50,32,32,233,0,155,45,256,16,0,1,405,0,81,9,214,0,23,0,115,0,17,0,114,0,17,0,42,1,10,0,146,0,26,0,2,0,4,4,121,0,0,0,22,0,13,0,0,0,0,0,53,0,0,0,0,0,0,0,5,0,0,0,0,0,0,0,2,0,34,0,0,0,61,0,0,0,0,0,0,0,0,0,0,0,0,0,18,0,0,0,0,0,0,0,0,0,0,0,0,0,0,0,0,0,0,0,0,0,31,0,0,0,0,0,0,0,0,0,0,0,0,0,0,0,0,0,20,0,19,0,154,1,18,0,5,0,0,0,0,0,0,0,9,0,1,0,0,0,0,0,0,0,7,0,23,0,17,0,0,0,13,0,2,2,13,6,2,0,0,0,0,0,0,0,14,0,0,0,0,0,0,0,0,0,0,0,0,0,0,0,0,0,0,0,0,0,0,0,8,0,0,0,4,0,0,0,34,0,59,0,8,0,103,0,296,0,66,0,60,0,70,0,3,0,0,0,23,0,6,0,22,1,56,0,0,0
76,143,376,116,41,70,33,6,0,0,21,34,4,0,396,144,95,23,273,0,314,1,0,65,129,88,137,0,60,4,26,0,30,0,9,0,14,0,60,0,4,0,0,0,4,0,0,0,4,0,14,0,19,0,71,0,0,0,0,0,0,0,16,4,0,0,0,0,0,0,0,0,0,1,2,0,0,0,0,0,25,0,2,0,55,0,6,0,0,0,0,0,0,0,0,0,42,0,0,0,0,0,0,0,0,0,0,0,0,0,0,0,0,0,0,0,0,0,0,0,8,0,0,0,0,0,0,0,0,0,0,0,0,0,26,0,184,0,0,0,65,0,217,0,5,0,7,0,13,2,5,0,0,0,34,0,0,0,0,0,0,0,0,0,0,0,2,0,2,0,5,0,44,0,0,0,53,19,0,17,0,0,1,21,7,0,2,0,0,0,0,0,0,0,0,0,0,0,0,0,16,0,0,0,0,0,0,0,12,0,6,0,0,0,38,0,0,0,0,0,18,4,7,0,27,1,78,41,47,0,25,0,41,0,0,0,0,0,11,0,15,0,17,0,59,0,0,0,0
32,54,40,106,31,128,0,33,0,0,17,30,4,0,28,408,16,121,0,79,14,405,65,0,0,128,0,48,3,28,4,137,5,26,0,43,0,26,0,22,0,0,0,64,0,7,0,0,0,0,0,53,0,0,0,37,0,0,0,0,0,4,0,78,0,8,0,0,0,0,0,0,0,0,0,0,0,4,0,0,0,20,0,0,0,64,0,0,0,0,0,0,0,0,0,0,0,7,0,23,0,0,0,0,0,0,0,0,0,0,0,0,0,0,0,0,0,0,0,0,0,37,0,16,0,0,0,0,0,0,0,0,0,0,0,0,0,0,0,15,0,26,0,111,0,11,0,0,0,0,0,0,0,0,0,0,0,1,0,3,0,0,0,0,0,5,0,7,0,0,0,0,0,27,0,0,6,40,4,13,0,0,1,0,0,0,0,0,0,0,0,0,0,0,0,0,0,1,0,0,0,0,0,0,0,0,0,0,0,1,0,0,0,0,0,18,0,0,0,0,0,90,0,0,0,10,0,442,0,57,0,42,0,108,0,0,0,0,0,28,0,7,0,21,0,85,0,0,0
6,118,49,11,10,0,157,78,5,121,1,0,6,0,75,3,167,13,85,0,119,0,129,0,0,157,46,0,53,0,7,0,7,0,0,0,0,0,73,0,0,0,0,0,0,0,0,0,3,0,4,0,59,0,182,25,23,0,8,0,52,1,152,35,0,0,0,0,0,0,0,1,0,0,0,0,0,0,0,0,0,0,0,0,44,0,3,0,0,0,27,0,0,0,0,0,28,0,17,0,0,0,0,0,0,0,0,0,0,0,0,0,0,0,0,0,0,0,0,0,0,0,0,0,3,0,14,0,52,0,0,0,23,0,28,0,272,0,26,0,61,0,268,0,0,0,5,0,4,0,0,1,0,0,60,0,0,0,18,0,21,0,0,0,4,0,2,0,8,0,7,0,80,0,0,2,1,9,0,0,0,0,0,24,3,0,0,0,0,0,0,0,0,0,0,0,0,0,0,0,19,0,0,0,0,0,0,0,11,0,10,0,0,0,66,0,0,0,7,0,38,0,10,0,36,0,34,4,87,0,20,0,75,0,4,0,1,0,27,0,33,0,19,0,77,0,0,0,0
164,26,104,74,2,16,89,114,50,0,0,0,1,2,0,184,32,140,0,28,0,81,88,128,157,0,0,24,5,76,0,28,0,14,0,0,0,4,5,81,0,1,0,0,0,0,0,0,0,1,0,0,0,6,5,241,0,68,0,24,0,41,26,177,0,0,0,0,0,0,0,0,0,0,0,0,0,0,0,0,0,23,0,0,0,90,0,39,0,0,0,12,0,0,0,21,0,0,0,30,0,0,0,0,0,0,0,0,0,0,0,0,0,0,0,0,0,0,0,0,0,12,0,0,0,0,0,0,1,8,0,0,0,0,0,90,0,91,1,17,0,42,0,220,0,0,0,0,1,0,0,0,0,0,0,36,0,4,0,14,4,8,0,0,0,0,0,0,0,2,0,3,0,10,0,2,3,29,0,0,0,0,0,14,0,0,0,0,0,0,0,0,0,0,0,0,0,0,0,0,0,0,0,0,0,0,0,0,0,5,0,0,0,0,0,18,0,0,0,9,0,81,0,17,0,14,0,222,0,58,0,5,0,163,0,3,0,0,1,43,0,8,0,10,0,87,0,0,0
74,0,103,0,173,0,12,0,6,0,41,0,145,329,130,0,166,0,189,52,223,9,137,0,46,0,0,313,60,0,48,0,0,0,29,0,77,0,0,0,48,102,164,14,92,6,46,67,22,0,134,20,16,0,0,0,0,0,5,0,0,0,68,0,6,0,4,0,0,0,18,0,0,0,12,0,0,0,0,0,104,0,0,0,105,0,35,0,0,0,0,0,0,0,0,0,34,0,0,0,1,0,0,0,0,0,17,0,0,0,0,0,0,0,0,0,0,0,0,0,24,0,0,0,0,0,5,0,0,0,2,0,0,0,24,0,114,0,0,0,51,0,132,0,34,0,0,0,10,0,0,0,0,0,0,0,0,0,0,0,0,0,0,0,47,0,15,0,0,0,10,0,5,0,0,0,20,49,5,0,0,0,0,0,16,0,15,13,0,0,0,0,0,0,0,0,0,0,0,0,0,0,0,0,0,0,0,0,0,0,2,0,0,0,11,0,0,0,339,32,39,0,23,2,352,0,114,0,53,0,29,0,0,0,0,0,16,0,7,0,6,0,9,0,47,0,0,0,0
0,281,3,98,57,155,0,94,1,32,0,156,363,70,16,139,0,0,218,409,53,214,0,48,0,24,313,0,0,3,5,17,0,6,32,58,5,12,0,0,218,141,47,338,49,286,98,262,0,20,24,338,0,0,0,30,0,0,0,2,0,0,0,17,0,33,0,0,0,0,0,0,0,0,0,0,0,0,0,0,0,14,0,0,0,30,0,0,0,3,0,0,0,0,0,0,0,0,0,0,0,0,0,0,0,0,0,0,0,0,0,0,0,0,0,0,0,0,0,0,0,0,0,0,0,10,0,5,0,0,0,0,0,2,0,0,0,74,0,0,0,10,0,41,0,0,0,16,0,7,0,7,0,0,0,0,0,0,0,0,0,0,0,0,0,56,0,8,0,28,0,0,0,0,0,0,4,93,6,13,0,14,0,4,0,9,34,45,0,0,0,0,0,0,0,0,0,0,0,0,0,0,0,0,0,0,0,0,0,45,0,0,0,0,0,3,0,0,13,527,0,0,0,21,0,153,0,331,0,55,0,31,0,49,0,3,0,3,0,17,0,0,0,10,0,37,0,0,0
122,0,233,0,0,0,34,0,4,0,0,0,0,0,11,1,362,0,11,0,170,0,60,3,53,5,60,0,0,0,166,0,68,0,79,0,34,0,14,0,0,0,36,0,0,0,0,0,0,0,11,0,25,0,6,0,3,0,0,0,3,0,219,0,1,0,0,0,0,0,15,0,0,0,7,0,0,0,0,0,99,0,4,0,45,0,30,0,0,0,14,0,2,0,0,0,14,0,56,0,0,0,0,0,0,0,9,0,0,0,0,0,0,0,0,0,0,0,0,0,21,0,78,0,1,0,0,0,0,0,0,0,6,0,8,0,18,0,80,0,99,0,52,0,30,0,0,0,2,0,0,0,0,0,8,0,4,0,16,0,0,0,2,0,0,0,0,0,0,0,0,0,0,0,0,0,4,0,0,0,0,0,0,0,0,0,0,0,0,0,0,0,0,0,0,0,0,0,0,0,0,0,0,0,0,0,0,0,0,0,0,0,0,0,0,0,0,0,0,0,0,0,0,0,0,0,21,0,0,0,0,0,0,0,0,0,0,0,0,0,0,0,0,0,0,0,0,0,0
2,80,0,63,1,34,0,48,0,0,0,21,0,0,0,30,0,119,0,0,3,23,4,28,0,76,0,3,0,0,0,64,0,17,0,53,0,23,0,17,0,0,0,27,0,3,0,0,0,1,0,17,0,2,0,42,0,18,0,0,0,6,0,130,0,8,0,0,0,0,0,0,0,0,0,0,0,0,0,2,0,0,0,0,0,50,0,16,0,0,0,0,0,0,0,6,0,0,0,8,0,0,0,0,0,0,0,0,0,0,0,0,0,0,0,0,0,0,0,0,0,23,0,15,0,0,0,0,0,0,0,0,0,0,0,0,0,21,0,102,0,56,0,161,0,15,0,0,0,0,0,0,0,0,0,17,0,2,0,19,0,2,0,0,0,0,0,1,0,0,0,2,0,1,0,0,1,17,0,10,0,0,0,0,0,0,0,0,0,0,0,0,0,0,0,0,0,0,0,0,0,0,0,0,0,0,0,0,0,0,0,0,0,0,0,0,0,0,0,0,0,13,0,0,0,0,0,58,0,8,0,15,0,12,0,1,0,0,0,6,0,1,0,0,0,12,0,0,0
41,0,43,1,149,7,3,0,0,0,119,2,36,5,175,10,170,0,60,10,147,0,26,4,7,0,48,5,166,0,0,0,22,0,30,0,27,0,8,0,0,0,44,1,1,0,0,0,0,0,45,0,5,0,0,0,0,0,0,0,8,0,49,0,0,0,0,0,0,0,13,0,0,0,0,0,0,0,6,0,55,0,0,0,0,0,0,0,0,0,0,0,0,0,0,0,0,0,29,0,0,0,0,0,0,0,0,0,0,0,0,0,0,0,0,0,0,0,0,0,0,0,42,0,0,0,0,0,0,0,0,0,0,0,0,0,0,0,24,0,42,0,0,0,52,0,1,0,0,0,0,0,0,0,3,0,9,0,7,0,0,0,0,0,0,0,29,0,0,0,5,0,11,0,0,0,15,0,30,0,0,0,0,0,2,0,0,0,0,0,0,0,0,0,0,0,0,0,0,0,0,0,0,0,0,0,0,0,0,0,0,0,0,0,3,0,0,0,0,0,17,0,0,0,5,0,51,0,0,0,27,0,0,0,2,0,4,0,6,0,6,0,15,0,36,0,0,0,0
0,0,0,0,19,49,0,0,0,0,0,8,13,13,7,38,0,67,23,117,17,115,0,137,0,28,0,17,0,64,0,0,0,5,0,19,0,15,0,1,0,0,0,38,0,15,0,0,0,0,0,27,0,1,0,3,0,0,0,0,0,0,0,6,0,0,0,0,0,0,0,0,0,0,0,0,0,0,0,0,0,0,0,0,0,0,0,0,0,0,0,0,0,0,0,0,0,0,0,0,0,0,0,0,0,0,0,0,0,0,0,0,0,0,0,0,0,0,0,0,0,0,0,0,0,0,0,0,0,0,0,0,0,0,0,0,0,0,0,12,0,21,0,38,0,6,0,0,0,1,0,0,0,0,0,0,0,7,0,0,0,0,0,0,0,0,0,12,0,0,0,2,0,0,0,0,1,13,2,0,0,0,0,0,0,0,0,5,0,0,0,0,0,0,0,0,0,0,0,0,0,0,0,0,0,0,0,0,0,0,0,0,0,0,0,4,0,1,0,5,0,38,0,0,0,19,0,103,0,18,0,29,0,33,1,2,0,0,0,10,0,5,0,3,0,0,0,0,0
182,0,136,6,255,8,0,0,3,0,290,0,30,0,169,29,75,0,0,3,62,0,30,5,7,0,0,0,68,0,22,0,0,1,39,0,94,1,1,0,0,0,20,0,0,0,0,0,0,0,15,0,0,0,0,0,0,0,0,0,13,0,23,0,0,0,0,0,0,0,0,0,2,0,0,0,0,0,0,0,26,0,0,0,0,0,0,0,0,0,0,0,0,0,0,0,0,0,0,0,0,0,0,0,0,0,0,0,0,0,0,0,0,0,0,0,0,0,0,0,0,0,0,0,0,0,0,0,0,0,0,0,0,0,0,0,0,0,0,0,16,0,20,0,22,0,2,0,0,0,2,0,0,0,6,0,18,0,0,0,0,0,2,0,0,0,73,0,3,0,8,0,39,0,0,0,13,0,42,0,0,0,0,0,0,0,0,0,0,0,0,0,0,0,0,0,0,0,0,0,0,0,0,0,0,0,0,0,0,0,0,0,0,0,5,0,0,0,0,0,35,0,0,0,0,0,37,3,28,0,21,0,0,0,0,0,2,0,9,0,5,0,9,0,20,0,0,0,0
0,44,0,57,32,171,0,8,0,6,0,52,15,10,28,88,1,38,13,44,30,17,0,26,0,14,0,6,0,17,0,5,1,0,0,15,0,53,0,2,0,0,0,20,0,2,0,0,0,0,0,3,0,0,0,8,0,0,0,0,0,6,0,24,0,9,0,0,0,0,0,3,0,0,0,0,0,0,0,0,0,0,0,0,0,0,0,0,0,0,0,0,0,0,0,3,0,0,0,0,0,0,0,0,0,0,0,0,0,0,0,0,0,0,0,0,0,0,0,0,0,15,0,0,0,0,0,0,0,0,0,0,0,0,0,0,0,11,0,5,0,13,0,59,0,0,0,0,0,0,0,0,0,0,0,0,0,3,0,0,0,0,0,0,0,5,0,39,0,0,0,0,0,24,0,0,2,45,2,17,0,0,0,0,0,0,0,23,0,0,0,0,0,0,0,0,0,0,0,0,0,0,0,0,0,0,0,0,0,0,0,0,0,0,0,4,0,0,0,0,0,61,0,5,0,14,0,204,0,66,0,44,0,65,0,0,0,0,0,17,0,1,0,7,0,74,0,0,0
0,0,0,0,106,5,0,0,0,0,31,0,131,29,40,0,40,0,129,13,168,0,9,0,0,0,29,32,79,0,30,0,39,0,0,0,112,0,3,0,2,0,10,0,8,0,0,0,3,0,56,0,4,0,2,0,0,0,1,0,0,0,28,0,1,0,0,0,0,0,0,0,2,0,0,0,0,0,0,0,74,0,0,0,0,0,0,0,0,0,4,0,0,0,0,0,0,0,38,0,0,0,0,0,0,0,0,0,0,0,0,0,0,0,0,0,0,0,0,0,24,0,0,0,0,0,0,0,0,0,0,0,2,0,0,0,0,0,0,0,34,0,21,0,33,0,0,0,0,0,0,0,0,0,0,0,9,0,0,0,0,0,8,0,20,0,52,0,13,0,8,0,20,0,0,0,0,0,37,0,0,0,0,0,0,0,26,0,0,0,0,0,0,0,0,0,0,0,0,0,0,0,0,0,0,0,0,0,0,0,0,0,0,0,3,0,0,0,17,10,47,0,6,0,51,0,83,0,53,0,32,0,0,0,0,0,0,1,10,0,0,0,0,0,51,1,0,0,0
0,3,0,0,0,46,0,0,0,0,0,9,12,57,2,12,0,21,0,142,6,114,0,43,0,0,0,58,0,53,0,19,0,15,0,0,0,44,0,10,0,0,0,9,0,17,0,0,0,2,0,18,0,0,0,0,0,0,0,0,0,19,0,9,0,0,0,0,0,0,0,0,0,0,0,0,0,0,0,0,0,0,0,0,0,12,0,10,0,0,0,0,0,0,0,0,0,0,0,0,0,0,0,0,0,0,0,0,0,0,0,0,0,0,0,0,0,0,0,0,0,0,0,7,0,0,0,0,0,0,0,0,0,0,0,0,0,0,0,13,0,16,0,62,0,14,0,0,0,0,0,0,0,0,0,1,0,10,0,1,0,0,0,0,0,4,0,10,0,10,0,0,0,10,0,0,1,7,0,1,0,0,0,0,0,0,0,18,0,0,0,0,0,0,0,0,0,0,0,0,0,0,0,0,0,0,0,0,0,0,0,0,0,0,0,0,0,0,0,13,0,23,0,0,0,30,0,64,0,25,0,13,0,19,0,0,0,0,0,2,0,0,0,3,0,0,0,0,0
52,0,22,0,178,0,0,0,0,0,118,0,91,0,110,0,5,0,41,0,68,0,14,0,0,0,77,5,34,0,27,0,94,0,112,0,0,0,90,0,3,0,143,0,28,0,0,0,0,0,118,0,8,0,0,0,0,0,0,0,43,0,25,0,0,0,0,0,0,0,19,0,6,0,6,0,0,0,0,0,71,0,0,0,17,0,23,0,2,0,0,0,0,0,3,0,9,0,37,0,0,0,0,0,0,0,0,0,0,0,0,0,0,0,0,0,0,0,0,0,25,0,40,0,0,0,0,0,0,0,0,0,2,0,0,0,0,0,53,0,34,0,31,0,92,0,0,0,0,0,0,0,0,0,9,0,52,0,6,0,0,0,11,0,29,0,94,0,17,0,24,0,53,0,0,0,5,1,44,0,0,0,0,0,2,0,7,0,0,0,0,0,0,0,0,0,0,0,0,0,0,0,0,0,0,0,0,0,0,0,0,0,0,0,14,0,0,0,11,0,56,0,14,0,46,0,66,0,68,0,15,0,30,0,5,1,4,0,11,0,0,0,8,0,59,0,0,0,0
0,87,4,60,0,83,0,12,0,0,9,71,9,25,18,102,1,0,14,31,13,17,0,26,0,4,0,12,0,23,0,15,1,53,0,44,0,0,0,20,0,0,0,81,0,16,0,0,0,1,0,56,0,1,0,4,1,9,0,2,0,39,0,11,0,4,0,0,0,0,0,8,0,0,0,6,0,0,0,0,0,8,0,0,0,25,0,22,0,0,0,0,0,0,0,0,0,0,0,5,0,0,0,0,0,0,0,0,0,0,0,0,0,0,0,0,0,0,0,0,0,23,0,3,0,0,0,1,0,0,0,0,0,0,0,0,0,7,0,44,0,44,0,121,0,40,0,0,0,0,0,0,0,3,0,6,0,54,0,0,0,0,0,0,0,4,0,47,0,17,0,2,0,33,0,0,0,35,3,85,0,0,0,3,0,0,0,38,0,0,0,0,0,0,0,0,0,0,0,0,0,0,0,0,0,0,0,0,0,0,0,0,0,0,0,0,0,0,0,0,0,70,0,0,0,19,0,121,0,113,0,28,0,54,0,3,0,1,0,5,0,1,0,0,0,19,0,0,0
362,0,224,4,41,2,89,0,16,0,10,0,7,0,6,0,66,0,0,0,0,0,60,0,73,5,0,0,14,0,8,0,1,0,3,0,90,0,0,0,0,0,0,0,0,0,0,0,0,0,0,0,1,0,3,0,0,0,0,0,21,0,47,0,0,0,0,0,0,0,7,0,1,0,0,0,0,0,0,0,32,0,0,0,18,0,0,0,0,0,0,0,1,0,2,0,9,0,14,0,0,0,0,0,0,0,0,0,0,0,0,0,0,0,0,0,0,0,0,0,8,0,27,0,0,0,0,0,0,0,0,0,0,0,0,0,0,0,49,0,37,0,22,0,42,0,0,0,0,0,0,0,0,0,4,0,27,0,0,0,0,0,1,0,0,0,0,0,2,0,11,0,83,0,0,0,10,0,0,0,0,0,3,0,6,0,0,0,0,0,0,0,0,0,0,0,0,0,0,0,0,0,0,0,0,0,0,0,0,0,1,0,0,0,9,0,0,0,0,0,0,0,3,0,1,0,110,0,12,0,10,0,0,0,2,0,0,0,6,0,5,0,8,0,17,0,0,0,0
0,330,10,222,0,101,0,131,0,16,2,96,1,0,10,45,0,92,0,0,0,42,0,22,0,81,0,0,0,17,0,1,0,2,0,10,0,20,0,0,0,0,0,1,0,1,0,0,0,0,0,0,0,0,0,25,0,3,0,0,0,27,0,61,0,16,0,0,0,0,0,0,0,0,0,0,0,0,0,0,0,15,0,0,0,39,0,17,0,0,0,0,0,0,0,0,0,0,0,0,0,0,0,0,0,0,0,0,0,0,0,0,0,0,0,0,0,0,0,0,0,25,0,12,0,0,0,0,0,0,0,0,0,0,0,32,0,21,0,58,0,57,0,104,0,36,0,0,1,0,0,0,0,0,0,9,0,30,0,11,0,0,0,0,0,0,0,2,0,1,0,3,0,6,0,0,0,50,0,78,0,5,0,12,0,3,0,0,0,0,0,0,0,0,0,0,0,0,0,0,0,0,0,0,0,0,0,0,0,0,0,0,0,0,0,0,0,0,0,0,0,9,0,0,0,3,0,183,0,14,0,7,0,18,0,0,0,1,0,0,0,2,0,4,0,24,0,0,0
22,0,6,0,44,0,0,0,5,0,26,0,217,96,0,0,0,0,19,14,0,1,4,0,0,0,48,218,0,0,0,0,0,0,2,0,3,0,0,0,0,98,31,5,46,9,124,87,152,2,11,0,0,0,0,0,0,0,0,0,0,0,0,0,0,0,0,0,0,0,0,0,0,0,0,0,0,0,0,0,0,0,0,0,3,0,0,0,0,0,0,0,0,0,0,0,2,0,0,0,0,0,0,0,0,0,0,0,0,0,0,0,0,0,0,0,0,0,0,0,0,0,0,0,0,0,0,0,0,0,0,0,0,0,0,0,0,0,0,0,0,0,0,0,0,0,2,0,2,0,0,0,0,0,0,0,0,0,0,0,0,0,0,0,0,0,0,0,0,0,0,0,0,0,0,0,20,22,7,0,2,0,0,0,0,0,91,3,0,0,0,0,0,0,0,0,0,0,0,0,0,0,0,0,0,0,0,0,0,0,0,0,0,0,0,0,1,0,318,59,0,0,89,40,12,0,0,0,0,0,0,0,0,0,0,0,0,0,0,0,0,0,0,0,0,0,0,0,0
0,97,1,10,0,44,0,10,0,6,0,143,38,293,1,0,0,0,24,30,5,10,0,0,0,1,102,141,0,0,0,0,0,0,0,0,0,0,0,0,98,0,7,2,44,54,61,183,8,136,0,5,0,0,0,0,0,0,0,0,0,1,0,1,0,5,0,0,0,0,0,0,0,0,0,0,0,0,0,0,0,0,0,2,0,5,0,2,0,0,0,0,0,0,0,2,0,0,0,0,0,0,0,0,0,0,0,0,0,0,0,0,0,0,0,0,0,0,0,0,0,0,0,0,0,0,0,0,0,0,0,0,0,0,0,0,0,0,0,0,0,0,0,1,0,2,0,0,0,0,0,5,0,0,0,0,0,0,0,0,0,0,0,0,0,9,0,0,0,0,0,0,0,0,0,6,0,207,0,7,0,16,0,4,0,5,5,21,0,0,0,0,0,0,0,0,0,1,0,0,0,0,0,0,0,0,0,0,0,3,0,0,0,0,0,0,0,0,84,103,0,0,0,328,0,5,0,3,0,0,0,0,0,0,0,0,0,0,0,0,0,0,0,1,0,2,0,0,0
3,0,0,0,9,0,0,0,5,0,7,0,66,38,11,0,17,0,81,0,22,0,0,0,0,0,164,47,36,0,44,0,20,0,10,0,143,0,0,0,31,7,0,2,149,0,23,9,14,0,79,2,5,0,0,0,0,0,2,0,0,0,11,0,0,0,0,0,0,0,14,0,0,0,10,0,0,0,0,0,0,0,0,0,0,0,0,0,0,0,0,0,0,0,0,0,0,0,0,0,0,0,0,0,0,0,0,0,0,0,0,0,0,0,0,0,0,0,0,0,21,0,44,0,0,0,0,0,0,0,0,0,0,0,0,0,0,0,0,0,0,0,16,0,34,0,0,0,0,0,0,0,0,0,0,0,0,0,0,0,4,0,0,0,32,0,10,0,11,0,0,0,3,0,0,0,10,7,7,0,0,0,0,0,0,0,158,0,0,0,3,0,0,0,0,0,0,0,0,0,0,0,0,0,0,0,0,0,0,0,0,0,0,0,1,0,0,0,124,5,9,0,24,1,81,0,29,0,20,0,9,0,0,0,0,0,0,0,0,0,0,0,2,0,4,0,0,0,0
0,0,0,0,0,0,0,0,0,0,0,0,16,57,2,13,0,26,19,170,6,146,0,64,0,0,14,338,0,27,1,38,0,20,0,9,0,81,0,1,5,2,2,0,0,82,0,14,0,18,0,28,0,0,0,0,0,6,0,0,0,12,0,15,0,0,0,0,0,0,0,0,0,0,0,0,0,0,0,3,0,9,0,0,0,0,0,26,0,0,0,0,0,0,0,0,0,0,0,0,0,0,0,0,0,0,0,0,0,0,0,0,0,0,0,0,0,0,0,0,0,28,0,0,0,0,0,0,0,0,0,0,0,0,0,0,0,0,0,14,0,19,0,109,0,29,0,0,0,0,0,0,0,0,0,5,0,11,0,0,0,0,0,1,0,18,0,3,0,0,0,4,0,10,0,0,0,0,0,0,0,0,0,0,0,0,1,71,0,0,0,0,0,0,0,0,0,0,0,0,0,0,0,0,0,0,0,0,0,0,0,0,0,0,0,0,0,0,0,128,0,17,0,13,0,96,0,57,0,17,0,0,0,29,0,4,0,0,0,0,0,0,0,5,0,12,0,0,0
9,0,0,0,11,0,0,0,0,0,5,0,45,35,0,0,0,0,18,0,2,0,4,0,0,0,92,49,0,0,1,0,0,0,8,0,28,0,0,0,46,44,149,0,0,6,80,52,106,0,56,0,1,0,0,0,2,0,0,0,0,0,5,0,0,0,0,0,0,0,10,0,0,0,0,0,5,0,0,0,36,0,15,0,0,0,23,0,0,0,0,0,2,0,0,0,0,0,34,0,0,0,0,0,0,0,9,0,0,0,0,0,0,0,0,0,0,0,0,0,7,0,20,0,0,0,0,1,0,0,0,0,0,0,0,0,6,0,0,0,0,0,0,0,18,0,0,0,0,0,0,0,0,0,2,0,0,0,0,0,0,0,5,0,105,0,17,0,30,0,8,0,11,0,0,0,0,13,0,0,0,1,0,0,4,0,44,0,0,0,0,0,0,0,0,0,0,0,0,0,0,0,0,0,0,0,0,0,0,0,0,0,0,0,0,0,0,0,388,14,0,0,231,23,222,0,16,0,50,0,0,0,0,0,0,1,0,0,0,0,0,0,0,0,7,0,0,0,0
0,11,0,0,0,0,0,10,0,2,0,4,7,18,0,6,0,3,0,31,0,26,0,7,0,0,6,286,0,3,0,15,0,2,0,17,0,16,0,1,9,54,0,82,6,0,0,166,0,99,0,32,0,0,0,6,0,5,0,0,0,0,0,5,0,0,0,0,0,0,0,7,0,0,0,3,0,9,0,6,0,7,0,4,0,29,0,23,0,1,0,0,0,0,0,16,0,0,0,7,0,0,0,0,0,4,0,0,0,0,0,0,0,0,0,0,0,0,0,0,0,21,0,0,0,0,0,0,0,0,0,0,0,0,0,4,0,0,0,4,0,6,0,52,0,9,0,0,0,0,0,0,0,0,0,6,0,3,0,0,0,1,0,1,0,65,0,6,0,68,0,0,0,4,0,0,0,37,0,0,0,0,0,0,0,0,0,135,0,0,0,0,0,0,0,0,0,2,0,0,0,0,0,0,0,0,0,0,0,0,0,0,0,0,0,6,0,0,13,422,0,14,0,195,0,74,0,39,0,40,0,13,0,22,0,4,0,0,0,5,0,0,0,0,0,9,0,0,0
10,0,5,0,20,0,0,0,1,0,10,0,119,31,0,0,0,0,17,4,0,0,0,0,0,0,46,98,0,0,0,0,0,0,0,0,0,0,0,0,124,61,23,0,80,0,0,51,73,0,4,0,0,0,0,0,0,0,0,0,0,0,0,0,0,0,0,0,0,0,0,0,0,0,0,0,0,0,0,0,0,0,0,0,0,0,0,0,0,0,0,0,1,0,0,0,0,0,0,0,0,0,0,0,0,0,0,0,0,0,0,0,0,0,0,0,0,0,0,0,0,0,0,0,0,0,0,0,0,0,0,0,0,0,0,0,0,0,0,0,0,0,0,0,0,0,0,0,3,0,0,0,0,0,0,0,0,0,0,0,0,0,0,0,14,0,0,0,0,0,0,0,0,0,0,0,0,29,0,0,0,0,0,0,2,0,45,0,0,0,0,0,0,0,0,0,0,0,0,0,0,0,0,0,0,0,0,0,1,0,0,0,0,0,0,0,0,0,554,27,0,0,113,0,34,0,7,0,0,0,0,0,0,0,0,0,0,0,0,0,0,0,1,0,0,0,0,0,0
0,42,0,2,3,51,0,10,0,0,0,51,25,137,0,0,0,0,16,60,4,2,0,0,0,0,67,262,0,0,0,0,0,0,0,0,0,0,0,0,87,183,9,14,52,166,51,0,8,106,0,3,0,0,0,0,0,0,0,0,0,0,0,0,0,2,0,0,0,0,0,0,0,0,0,0,0,0,0,0,0,0,0,0,0,0,0,0,0,1,0,0,0,0,0,6,0,0,0,0,0,0,0,0,0,0,0,0,0,0,0,0,0,0,0,0,0,0,0,0,0,0,0,0,0,0,0,0,0,0,0,0,0,0,0,0,0,2,0,0,0,0,0,0,0,0,0,0,0,1,0,0,0,1,0,0,0,0,0,0,0,0,0,0,1,33,0,0,0,8,0,0,0,0,0,0,0,79,0,0,0,0,0,0,0,1,6,5,0,0,0,1,0,0,0,0,0,0,0,0,0,0,0,0,0,0,0,0,0,0,0,0,0,1,0,0,0,0,66,232,0,3,5,350,0,6,0,4,0,2,0,0,0,0,0,0,0,0,0,0,0,0,0,0,0,0,0,0,0
18,0,9,0,4,0,26,0,10,0,0,0,31,0,0,0,6,0,7,0,1,0,4,0,3,0,22,0,0,0,0,0,0,0,3,0,0,0,0,0,152,8,14,0,106,0,73,8,0,0,10,0,0,0,8,0,18,0,11,0,0,0,0,0,1,0,0,0,5,0,2,0,0,0,0,0,3,0,7,0,7,0,14,0,9,0,12,0,2,0,4,0,7,0,18,0,0,0,0,0,1,0,0,0,7,0,0,0,0,0,0,0,0,0,0,0,0,0,1,0,3,0,0,0,0,0,0,0,0,0,4,0,1,0,6,0,0,0,0,0,0,0,10,0,1,0,0,0,1,0,6,0,5,0,9,0,0,0,0,0,4,0,3,0,27,0,5,0,18,0,3,0,5,0,0,0,11,5,7,0,1,0,0,0,5,0,139,0,0,0,5,0,0,0,0,0,3,0,7,0,4,0,5,0,10,0,0,0,0,0,1,0,3,0,8,0,7,0,106,7,48,0,155,32,33,0,19,0,95,0,11,0,9,0,7,0,8,0,6,0,5,0,6,0,28,0,0,0,0
0,19,0,2,0,0,0,15,0,0,0,8,1,7,0,0,0,0,0,7,0,4,0,0,0,1,0,20,0,1,0,0,0,0,0,2,0,1,0,0,2,136,0,18,0,99,0,106,0,0,0,14,0,0,0,3,0,5,0,0,0,0,0,1,0,1,0,0,0,2,0,0,0,0,0,0,0,6,0,2,0,0,0,0,0,1,0,4,0,0,0,0,0,0,0,5,0,0,0,0,0,0,0,2,0,1,0,0,0,0,0,0,0,0,0,0,0,0,0,0,0,0,0,0,0,0,0,0,0,0,0,0,0,0,0,3,0,3,0,0,0,0,0,4,0,0,0,1,0,0,0,0,0,5,0,0,0,0,0,0,0,4,0,0,0,27,0,7,0,35,0,0,0,4,0,3,0,54,0,10,0,3,0,0,0,1,1,57,0,0,0,0,0,0,0,0,0,0,0,0,0,2,0,0,0,0,0,0,0,2,0,0,0,0,0,2,0,7,7,21,0,19,3,100,0,13,0,7,1,33,0,5,0,4,0,5,0,0,0,3,0,0,0,0,0,7,0,0,0
6,0,0,0,53,0,4,0,8,0,0,0,149,28,8,0,24,0,131,0,74,4,14,0,4,0,134,24,11,0,45,0,15,0,56,0,118,0,0,0,11,0,79,0,56,0,4,0,10,0,0,0,7,0,5,0,0,0,5,0,0,0,16,0,0,0,0,0,0,0,14,0,5,0,2,0,0,0,0,0,55,0,6,0,21,0,24,0,0,0,0,0,0,0,0,0,7,0,53,0,0,0,0,0,1,0,0,0,0,0,0,0,0,0,0,0,0,0,0,0,24,0,0,0,0,0,0,0,0,0,0,0,0,0,0,0,0,0,0,0,13,0,10,0,20,0,2,0,0,0,0,0,0,0,0,0,2,0,0,0,0,0,21,0,28,0,52,0,45,0,25,0,31,0,0,0,6,4,12,0,1,0,0,0,6,0,60,0,0,0,0,0,0,0,0,0,0,0,0,0,4,0,0,0,0,0,0,0,0,0,3,0,0,0,8,0,0,0,26,3,30,0,19,0,107,0,45,0,66,0,0,0,12,0,9,0,1,0,10,0,0,0,6,0,23,0,0,0,0
0,3,0,0,0,20,0,21,0,6,0,4,26,73,1,0,0,16,18,212,0,121,0,53,0,0,20,338,0,17,0,27,0,3,0,18,0,56,0,0,0,5,2,28,0,32,0,3,0,14,0,0,0,0,0,0,0,6,0,0,0,2,0,13,0,0,0,1,0,1,0,9,0,3,0,12,0,0,0,4,0,9,0,3,0,31,0,23,0,0,0,0,0,1,0,7,0,0,0,0,0,0,0,1,0,0,0,0,0,0,0,0,0,0,0,0,0,0,0,0,0,35,0,9,0,0,0,0,0,0,0,0,0,0,0,0,0,0,0,0,0,3,0,65,0,10,0,2,0,0,0,0,0,0,0,2,0,5,0,0,0,2,0,3,0,13,0,8,0,30,0,5,0,11,0,2,0,14,0,0,0,0,0,0,0,0,0,164,0,0,0,0,0,0,0,0,0,0,0,0,0,0,0,0,0,0,0,0,0,0,0,0,0,0,0,5,0,0,1,66,0,28,0,11,0,104,0,63,0,41,0,19,0,34,0,9,0,0,0,0,0,3,0,3,0,15,0,0,0
0,1,0,0,0,0,50,6,111,50,0,0,0,0,0,0,81,0,0,0,17,0,19,0,59,0,16,0,25,0,5,0,0,0,4,0,8,0,1,0,0,0,5,0,1,0,0,0,0,0,7,0,0,4,209,29,78,7,32,26,51,0,134,0,0,0,3,18,0,0,0,0,0,0,0,0,0,0,0,0,19,0,0,0,31,0,5,0,0,0,6,0,0,0,0,0,9,0,13,0,0,0,0,0,0,0,0,0,0,0,0,0,0,0,0,0,0,0,0,0,0,0,16,0,4,0,0,0,63,0,0,0,15,0,2,0,80,0,229,0,98,0,71,0,29,0,0,0,0,0,1,0,0,0,387,0,39,0,151,0,24,0,14,0,0,0,0,0,11,0,94,0,6,0,0,0,6,3,0,0,2,0,0,0,14,3,0,0,0,0,0,0,0,0,0,0,0,0,0,0,0,0,0,0,0,0,0,0,0,0,0,0,14,0,74,0,0,0,11,0,41,0,56,0,36,0,87,0,135,0,2,0,38,0,5,0,0,0,22,0,11,0,17,0,57,0,0,0,0
0,12,0,0,0,2,3,32,21,60,0,1,0,1,0,0,0,11,0,0,0,0,0,0,0,6,0,0,0,2,0,1,0,0,0,0,0,1,0,0,0,0,0,0,0,0,0,0,0,0,0,0,4,0,8,65,0,137,12,13,0,5,1,124,0,0,1,2,0,0,0,0,0,0,0,0,0,0,0,0,0,5,0,0,0,29,0,0,0,0,0,3,0,0,0,0,0,0,0,0,0,0,0,0,0,0,0,0,0,0,0,0,0,0,0,0,0,0,0,0,0,0,0,0,0,0,0,0,0,23,0,5,0,27,0,13,0,32,0,109,0,43,0,114,0,38,0,0,0,0,0,0,0,0,1,213,0,66,0,120,0,8,0,3,0,0,0,0,0,0,0,4,0,2,0,0,1,0,0,0,0,1,0,0,0,4,0,0,0,0,0,0,0,0,0,0,0,0,0,0,0,0,0,0,0,0,0,0,0,0,1,0,0,0,0,9,0,0,0,0,0,20,0,0,0,0,0,135,0,25,0,1,0,9,0,0,0,0,0,2,0,0,0,0,0,7,0,0,0
0,0,11,0,0,0,105,5,52,111,0,0,0,0,41,0,16,0,30,0,23,0,71,0,182,5,0,0,6,0,0,0,0,0,2,0,0,0,3,0,0,0,0,0,0,0,0,0,8,0,5,0,209,8,0,43,121,14,47,21,24,0,18,4,10,0,1,33,0,0,2,0,0,0,0,0,0,0,0,0,0,0,0,0,0,0,0,0,0,0,0,0,0,0,0,0,0,0,0,0,0,0,0,0,0,0,0,0,0,0,0,0,0,0,0,0,0,0,0,0,0,0,0,0,27,0,20,0,84,0,24,0,55,0,25,0,148,0,18,0,9,0,94,0,0,0,11,0,6,0,0,0,0,0,127,0,28,0,24,0,185,0,9,0,1,0,0,0,14,0,105,0,6,0,1,0,10,5,0,0,0,0,0,0,1,12,0,0,0,0,0,0,0,0,0,0,0,0,1,0,0,0,0,0,1,0,0,0,0,0,62,0,40,0,214,0,0,0,26,0,74,1,78,0,98,0,90,0,290,0,10,0,100,1,16,1,0,0,63,0,30,0,31,0,146,0,0,0,0
5,16,0,37,2,13,46,203,101,33,0,0,0,0,0,68,3,55,0,17,0,22,0,37,25,241,0,30,0,42,0,3,0,8,0,0,0,4,0,25,0,0,0,0,0,6,0,0,0,3,0,0,29,65,43,0,0,288,36,16,0,11,17,97,2,0,12,0,0,0,0,0,0,0,0,0,0,0,0,0,0,0,0,0,0,0,0,4,0,0,0,0,0,0,0,3,0,4,0,0,0,0,0,0,0,0,0,0,0,0,0,0,0,0,0,0,0,0,0,0,0,0,0,0,0,4,0,13,0,20,0,9,0,23,0,51,0,82,0,57,0,27,0,97,0,1,0,2,0,0,0,2,0,0,2,111,1,8,0,33,0,44,0,0,0,3,0,0,0,5,0,47,0,20,0,0,2,7,0,0,0,1,0,2,3,12,0,0,0,0,0,0,0,0,0,0,0,0,0,0,0,2,0,0,0,0,0,0,0,13,0,11,0,0,1,124,0,0,0,5,0,252,0,55,0,38,0,85,0,381,0,7,1,161,0,41,0,0,0,32,0,4,0,4,0,98,0,0,0
7,0,8,0,0,0,0,2,6,0,0,0,0,0,0,1,7,0,6,0,3,0,0,0,23,0,0,0,3,0,0,0,0,0,0,0,0,1,0,0,0,0,0,0,2,0,0,0,18,0,0,0,78,0,121,0,0,0,387,16,3,0,0,0,14,18,9,17,0,0,0,0,0,0,0,0,0,0,2,0,0,0,0,0,0,0,0,0,0,0,0,0,0,0,0,0,0,0,1,0,0,0,0,0,0,0,0,0,0,0,0,0,0,0,0,0,0,0,0,0,0,0,0,0,32,5,12,0,22,0,43,0,29,0,5,0,12,0,12,0,1,1,16,0,10,0,5,0,6,0,2,0,0,0,163,6,38,0,55,4,158,11,47,0,5,0,5,0,18,0,57,0,0,0,8,25,0,0,0,0,8,3,0,0,0,3,0,0,0,0,0,0,0,0,0,0,0,0,0,0,0,0,0,0,0,0,0,0,1,0,61,0,86,0,448,0,0,0,31,0,180,0,188,0,87,1,97,2,450,0,11,0,332,3,223,0,9,0,144,0,23,0,30,0,213,0,0,0,0
0,2,0,4,0,0,2,11,7,0,0,0,0,1,0,0,0,0,0,0,0,13,0,0,0,68,0,0,0,18,0,0,0,0,0,0,0,9,0,3,0,0,0,6,0,5,0,0,0,5,0,6,7,137,14,288,0,0,35,154,0,0,0,88,0,0,13,0,0,0,0,0,0,0,0,0,0,0,0,0,0,0,0,0,0,2,0,0,0,0,0,0,0,0,0,2,0,0,0,0,0,0,0,0,0,0,0,0,0,0,0,0,0,0,0,0,0,0,0,0,0,0,0,0,0,4,0,19,0,39,1,49,0,46,0,30,0,61,0,40,0,23,0,48,0,8,0,6,0,0,0,1,0,0,0,359,1,12,0,108,0,98,0,2,0,5,0,0,0,13,0,104,0,7,0,0,0,0,0,1,0,0,0,0,0,26,0,0,0,0,0,0,0,0,0,0,0,0,0,0,0,0,0,0,0,0,0,0,0,12,0,13,0,13,0,251,0,0,0,21,0,320,0,92,0,41,0,91,0,551,0,7,0,193,1,237,0,0,0,31,0,7,0,5,0,98,0,0,0
0,0,0,0,0,0,0,0,41,26,1,0,2,0,0,0,0,0,0,0,0,0,0,0,8,0,5,0,0,0,0,0,0,0,1,0,0,0,0,0,0,0,2,0,0,0,0,0,11,0,5,0,32,12,47,36,387,35,0,186,30,0,10,0,98,31,159,162,0,0,0,0,0,0,0,0,0,0,0,0,0,0,0,0,0,0,0,0,0,0,0,0,0,0,0,0,0,0,0,0,0,0,0,0,0,0,0,0,0,0,0,0,0,0,0,0,0,0,1,0,0,0,0,0,6,0,0,0,0,0,7,2,0,0,0,0,0,0,1,1,0,0,0,0,6,0,0,0,0,1,0,0,0,0,102,25,79,0,12,14,6,20,7,0,5,0,2,0,16,0,25,0,7,0,25,17,63,0,0,0,53,23,0,0,64,35,0,0,0,0,0,0,0,0,0,0,0,0,0,0,0,0,0,0,0,0,0,0,0,0,101,0,49,0,403,0,0,0,32,0,130,0,93,0,82,0,90,3,199,0,9,0,325,8,122,1,0,0,134,0,58,0,58,0,318,0,0,0,0
0,7,0,4,0,9,0,11,16,18,0,0,0,0,0,5,0,0,0,0,0,0,0,0,0,24,0,2,0,0,0,0,0,0,0,0,0,2,0,0,0,0,0,0,0,0,0,0,0,0,0,0,26,13,21,16,16,154,186,0,0,0,2,1,10,91,68,88,0,0,0,0,0,2,0,0,0,0,0,0,0,0,0,0,0,0,0,0,0,0,0,0,0,0,0,0,0,0,0,0,0,0,0,0,0,0,0,0,0,0,0,0,0,0,0,0,0,0,0,0,0,0,0,0,0,25,0,10,0,1,0,17,0,7,0,11,0,14,1,8,0,2,0,0,0,27,0,3,0,22,0,10,0,0,14,43,0,33,1,20,2,75,0,3,0,4,0,0,0,7,0,18,0,4,0,15,2,5,0,0,0,71,0,0,8,155,0,0,0,0,0,0,0,1,0,0,0,0,0,0,0,0,0,0,0,0,0,3,0,12,0,28,0,22,0,418,0,0,0,20,1,427,0,128,0,57,0,251,1,417,0,21,1,480,0,609,0,0,0,107,0,20,0,18,0,311,0,0,0
30,0,20,0,0,0,168,0,186,2,0,0,0,0,0,0,14,0,0,0,0,0,0,0,52,0,0,0,3,0,8,0,13,0,0,0,43,0,21,0,0,0,0,0,0,0,0,0,0,0,0,0,51,0,24,0,3,0,30,0,0,0,84,0,0,0,0,0,0,0,3,0,0,0,1,0,0,0,0,0,0,0,0,0,2,0,0,0,0,0,0,0,0,0,0,0,0,0,0,0,0,0,0,0,0,0,0,0,0,0,0,0,0,0,0,0,0,0,0,0,3,0,5,0,0,0,0,0,0,0,1,0,0,0,0,0,0,0,115,0,32,0,10,0,163,0,0,0,0,0,2,0,0,0,47,0,113,0,20,0,0,0,0,0,0,0,0,0,3,0,62,0,119,0,0,0,3,0,0,0,0,0,0,0,7,0,0,0,0,0,0,0,0,0,0,0,0,0,0,0,0,0,0,0,0,0,0,0,0,0,7,0,1,0,32,0,0,0,0,0,16,0,6,0,8,0,125,0,20,0,0,0,19,0,0,0,0,0,14,0,10,0,17,0,36,0,0,0,0
0,147,2,15,0,0,0,85,0,52,0,2,0,0,0,0,0,0,0,0,0,0,0,4,1,41,0,0,0,6,0,0,0,6,0,19,0,39,0,27,0,1,0,12,0,0,0,0,0,0,0,2,0,5,0,11,0,0,0,0,0,0,2,51,0,0,0,0,0,0,0,0,0,16,0,0,0,0,0,0,0,0,0,0,0,0,0,0,0,0,0,0,0,0,0,0,0,0,0,0,0,0,0,0,0,0,0,0,0,0,0,0,0,0,0,0,0,0,0,0,0,0,0,2,0,0,0,0,0,0,0,0,0,0,0,0,0,5,0,41,0,34,0,26,0,113,0,0,0,0,0,0,0,2,0,14,0,151,0,31,0,0,0,0,0,2,0,0,0,2,0,14,0,21,0,0,0,14,0,4,0,0,0,15,0,0,0,0,0,0,0,0,0,0,0,0,0,0,0,0,0,0,0,0,0,0,0,0,0,0,0,0,0,0,0,12,0,0,0,2,0,31,0,8,0,4,0,302,0,49,0,2,0,13,0,0,0,0,0,4,0,0,0,0,0,0,0,0,0
31,12,43,0,4,0,350,14,187,71,0,0,0,0,0,0,322,0,12,0,81,0,16,0,152,26,68,0,219,0,49,0,23,0,28,0,25,0,47,0,0,0,11,0,5,0,0,0,0,0,16,0,134,1,18,17,0,0,10,2,84,2,0,5,0,0,2,0,0,0,5,0,1,0,2,0,0,0,0,0,28,0,0,0,27,0,7,0,0,0,0,0,0,0,3,0,8,0,14,0,0,0,0,0,0,0,2,0,0,0,0,0,0,0,0,0,0,0,0,0,14,0,40,0,0,0,0,0,8,0,0,0,11,0,4,0,30,0,187,0,92,0,51,0,39,0,2,0,0,0,0,0,0,0,136,0,42,0,82,0,0,0,0,0,0,0,0,0,0,0,11,0,25,0,0,0,6,5,0,0,0,0,0,1,11,1,0,0,0,0,0,0,0,0,0,0,0,0,0,0,0,0,0,0,0,0,0,0,0,0,5,0,2,0,23,0,0,0,0,0,19,0,9,0,17,0,108,0,40,0,0,0,23,0,4,0,0,0,9,0,12,0,11,0,35,0,0,0,0
16,329,3,11,0,0,18,339,17,209,0,0,0,4,0,6,4,395,0,8,0,53,4,78,35,177,0,17,0,130,0,6,0,24,0,9,0,11,0,61,0,1,0,15,0,5,0,0,0,1,0,13,0,124,4,97,0,88,0,1,0,51,5,0,0,0,0,1,0,0,0,0,0,0,0,0,0,0,0,0,0,6,0,0,0,17,0,4,0,0,0,4,0,0,0,0,0,0,0,2,0,0,0,0,0,0,0,0,0,0,0,0,0,0,0,0,0,0,0,0,0,2,0,3,0,0,0,0,0,7,0,6,0,7,0,7,0,18,0,127,0,43,0,82,0,49,0,0,0,2,0,0,0,2,0,119,0,142,0,83,0,4,0,0,0,0,0,0,0,2,0,3,0,9,0,0,0,23,0,0,0,2,0,30,0,3,0,0,0,0,0,0,0,0,0,0,0,0,0,0,0,0,0,0,0,0,0,0,0,0,0,0,0,1,0,5,0,0,0,2,0,26,0,2,0,2,0,339,0,25,0,2,0,16,0,0,0,0,0,8,0,2,0,0,0,11,0,0,0
2,0,8,2,8,0,2,0,39,0,0,0,8,0,12,2,0,0,9,0,0,0,0,0,0,0,6,0,1,0,0,0,0,0,1,0,0,0,0,0,0,0,0,0,0,0,0,0,1,0,0,0,0,0,10,2,14,0,98,10,0,0,0,0,0,49,93,12,0,0,4,0,0,0,0,0,0,0,0,0,0,0,0,0,0,1,0,0,0,0,0,0,0,0,0,0,0,0,0,0,0,0,0,0,2,0,0,0,0,0,0,0,0,0,0,0,0,0,0,0,0,0,0,0,16,27,0,0,0,5,34,31,0,5,10,0,6,0,13,0,3,0,5,5,19,0,8,0,48,22,0,0,1,8,15,13,1,0,10,0,200,26,0,0,1,0,0,0,0,0,0,0,0,0,87,71,1,0,0,0,65,14,0,0,25,4,1,0,0,0,0,0,0,0,0,0,0,0,0,0,9,0,0,0,0,0,0,1,6,2,2,0,0,0,0,0,0,0,0,0,0,1,0,0,0,0,5,1,6,0,1,0,5,0,57,0,0,0,35,0,3,0,6,0,10,0,0,0,0
0,47,0,5,0,20,0,2,0,90,0,6,0,4,0,22,0,4,0,31,0,0,0,8,0,0,0,33,0,8,0,0,0,9,0,0,0,4,0,16,0,5,0,0,0,0,0,2,0,1,0,0,0,0,0,0,18,0,31,91,0,0,0,0,49,0,9,407,0,0,0,13,0,0,0,4,0,0,0,4,1,0,0,0,0,0,0,5,0,0,0,0,0,0,0,0,0,0,0,0,0,0,0,0,0,0,0,0,0,0,0,0,0,0,0,0,0,0,0,0,0,0,0,0,0,40,0,9,0,0,11,36,0,0,0,0,0,31,8,11,0,19,3,2,1,62,2,42,14,96,0,16,0,11,0,0,0,0,8,0,31,217,0,3,0,0,0,0,0,1,0,0,0,0,5,133,0,6,0,0,2,117,0,7,3,16,0,0,0,0,0,0,0,3,0,0,0,5,0,0,0,0,0,0,0,0,0,10,0,37,0,2,0,4,0,23,0,0,0,0,0,40,0,17,0,4,0,51,0,54,0,16,0,55,0,60,0,0,0,10,0,0,0,3,0,43,0,0,0
0,0,3,0,0,0,1,0,35,11,0,0,0,0,5,0,0,0,5,0,0,0,0,0,0,0,4,0,0,0,0,0,0,0,0,0,0,0,0,0,0,0,0,0,0,0,0,0,0,0,0,0,3,1,1,12,9,13,159,68,0,0,2,0,93,9,0,37,0,0,0,0,0,0,0,0,0,0,0,0,0,0,0,0,0,0,0,0,0,0,0,0,0,0,0,0,0,0,0,0,0,0,0,0,0,0,0,0,0,0,0,0,0,0,0,0,0,0,0,0,0,0,0,0,4,0,0,0,0,0,11,0,0,0,0,0,0,0,0,0,0,0,0,0,0,0,1,0,1,0,0,0,0,0,9,4,5,0,0,4,18,11,0,0,0,0,0,0,0,0,0,0,0,0,6,7,40,1,0,0,48,2,0,0,57,17,0,0,0,0,0,0,0,0,0,0,0,0,0,0,0,0,0,0,0,0,1,0,0,0,6,0,0,0,29,0,0,0,0,0,7,0,7,0,8,0,7,0,12,0,2,0,34,0,9,0,0,0,14,0,3,0,3,0,31,0,0,0,0
0,3,0,0,0,2,0,0,10,108,0,0,0,0,0,2,0,0,0,0,0,0,0,0,0,0,0,0,0,0,0,0,0,0,0,0,0,0,0,0,0,0,0,0,0,0,0,0,0,0,0,1,18,2,33,0,17,0,162,88,0,0,0,1,12,407,37,0,0,0,0,0,0,0,0,0,0,0,0,0,0,0,0,0,0,0,0,1,0,0,0,0,0,0,0,0,0,0,0,0,0,0,0,0,0,0,0,0,0,0,0,0,0,0,0,0,0,0,0,0,0,0,0,0,0,18,0,10,0,0,0,14,0,0,0,0,0,0,0,0,0,0,0,0,0,14,0,7,0,50,0,5,0,0,9,13,0,0,2,6,0,126,0,2,0,0,0,0,0,0,0,0,0,0,0,26,2,55,0,0,0,152,0,1,11,437,0,0,0,0,0,0,0,0,0,0,0,0,0,0,0,0,0,0,0,0,0,3,0,6,0,0,0,0,0,77,0,0,0,1,0,0,0,16,0,7,0,109,0,34,0,3,0,80,0,147,0,0,0,37,0,6,0,8,0,75,0,0,0
0,0,0,0,0,0,0,0,0,0,0,0,0,0,0,0,0,0,0,0,0,0,0,0,0,0,0,0,0,0,0,0,0,0,0,0,0,0,0,0,0,0,0,0,0,0,0,0,5,0,0,0,0,0,0,0,0,0,0,0,0,0,0,0,0,0,0,0,0,0,0,0,0,0,0,0,50,0,19,0,0,0,4,0,1,0,1,0,2,0,0,0,1,0,0,0,0,0,0,0,1,0,28,0,0,0,8,0,4,0,0,0,0,0,0,0,10,0,0,0,0,0,0,0,0,0,0,0,0,0,0,0,0,0,0,0,0,0,0,0,0,0,0,0,0,0,0,0,0,0,0,0,0,0,0,0,0,0,0,0,0,0,0,0,6,0,0,0,71,0,2,0,0,0,0,0,0,0,0,0,0,0,0,0,0,0,0,0,0,0,0,0,0,0,0,0,0,0,0,0,5,0,3,0,0,0,0,0,0,0,1,0,35,0,28,0,15,0,0,0,2,0,58,0,16,0,2,0,62,0,0,0,0,0,1,0,4,0,0,0,8,0,4,0,0,0,0,0,0
0,0,0,0,0,0,0,0,0,0,0,0,0,0,0,0,0,0,0,0,0,0,0,0,0,0,0,0,0,0,0,0,0,0,0,0,0,0,0,0,0,0,0,0,0,0,0,0,0,2,0,1,0,0,0,0,0,0,0,0,0,0,0,0,0,0,0,0,0,0,0,0,0,0,0,0,0,29,0,1,0,0,0,0,0,0,0,3,0,18,0,0,0,2,0,14,0,0,0,0,0,0,0,59,0,0,0,0,0,6,0,2,0,0,0,2,0,0,0,0,0,0,0,0,0,0,0,0,0,0,0,0,0,0,1,0,0,2,0,0,0,0,0,0,0,0,0,0,0,0,0,0,0,0,0,0,0,0,0,0,0,0,0,0,0,11,0,0,0,45,0,0,0,0,0,0,0,0,0,0,0,0,0,0,0,0,0,2,0,17,0,0,0,0,0,8,0,0,0,0,0,0,0,0,0,0,0,0,0,0,0,3,0,191,0,47,0,103,0,0,0,0,0,100,0,15,0,0,0,66,0,0,0,1,0,4,0,0,0,17,0,0,0,0,0,0,0,0,0
0,0,0,0,0,0,0,0,0,0,0,0,0,0,0,0,7,0,6,0,7,0,0,0,0,0,18,0,15,0,13,0,0,0,0,0,19,0,7,0,0,0,14,0,10,0,0,0,2,0,14,0,0,0,2,0,0,0,0,0,3,0,5,0,4,0,0,0,0,0,0,0,241,0,299,0,16,0,177,0,12,0,0,0,0,1,19,0,0,0,0,0,2,0,0,0,0,0,0,0,0,0,0,0,0,0,0,0,0,0,0,0,0,0,0,0,0,0,0,0,44,0,8,0,29,0,31,0,36,0,14,2,36,3,20,4,48,0,0,0,14,0,25,5,75,0,38,0,41,0,18,0,25,0,0,0,8,0,0,0,4,0,22,0,0,0,4,0,10,0,13,0,2,0,20,0,0,0,0,0,5,2,0,0,0,0,0,0,0,0,0,0,0,1,0,0,4,0,0,0,0,0,0,0,0,0,0,0,0,0,0,0,0,0,5,0,1,0,0,0,1,0,0,0,0,0,0,0,11,1,0,0,0,0,3,0,0,0,22,0,28,0,41,0,4,0,0,0,0
0,0,0,0,0,0,0,0,0,0,0,0,0,0,0,0,0,0,0,0,0,5,0,0,1,0,0,0,0,0,0,0,0,3,0,0,0,8,0,0,0,0,0,0,0,7,0,0,0,0,0,9,0,0,0,0,0,0,0,0,0,0,0,0,0,13,0,0,0,0,0,0,0,214,0,146,0,2,0,126,0,2,0,0,0,0,0,31,0,0,0,0,0,0,0,0,0,0,0,0,0,0,0,0,0,0,0,0,0,0,0,0,0,0,0,0,0,0,0,0,0,39,0,17,0,24,0,14,0,0,0,11,0,15,0,0,0,0,0,0,0,22,0,59,0,142,0,10,0,15,0,0,0,7,0,0,0,6,0,0,1,5,0,26,0,0,0,0,0,3,0,2,0,0,0,12,0,0,0,0,0,1,0,0,0,0,0,0,0,0,0,0,0,0,0,0,0,0,0,0,0,0,0,0,0,0,0,0,0,29,0,0,0,0,0,0,0,0,0,0,0,0,0,5,0,3,0,29,0,26,0,0,0,0,0,12,0,0,0,71,0,3,0,0,0,24,0,0,0
