0,28,42,7,134,0,28,14,64,1,241,0,96,0,0,7,119,30,0,0,8,0,55,0,83,130,0,0,88,0,32,0,50,0,0,0,63,0,443,0,17,0,0,0,0,0,0,0,34,0,0,0,9,1,9,9,2,0,0,0,110,0,44,15,21,0,5,0,0,0,0,0,0,0,0,0,0,0,0,0,0,0,0,0,0,0,1,0,0,0,0,0,0,0,0,0,0,0,0,0,0,0,0,0,0,0,0,0,0,0,0,0,0,0,0,0,0,0,0,0,0,0,0,0,18,1,24,0,0,0,11,0,13,0,13,0,0,0,0,0,0,0,0,0,0,0,0,0,16,0,25,0,9,0,0,0,0,0,0,0,0,0,0,0,0,0,16,0,23,0,25,0,466,0,0,0,142,59,70,0,0,0,120,0,40,0,4,0,0,0,0,0,0,0,0,0,0,0,0,0,0,0,0,0,0,0,4,0,8,0,565,135,131,214,313,0,16,10,3,1,0,0,0,0,0
28,0,94,21,0,149,7,79,0,57,0,145,1,199,0,51,0,42,0,170,0,16,121,20,34,20,0,139,0,92,0,0,0,0,0,4,0,44,0,277,0,24,0,15,0,40,0,137,3,17,0,13,0,19,0,16,0,0,0,0,0,232,0,202,0,23,0,6,0,0,0,0,0,0,0,0,0,0,0,0,0,0,0,0,0,0,0,0,0,0,0,0,0,0,0,0,0,1,0,0,0,0,0,0,0,0,0,0,0,0,0,0,0,0,0,0,0,0,0,0,0,0,0,0,0,4,0,0,0,0,0,0,0,0,0,0,0,0,0,0,0,0,0,0,0,0,0,5,0,23,0,14,0,12,0,1,0,0,0,0,0,2,0,0,0,0,0,0,0,28,0,33,0,224,0,0,56,435,7,46,0,3,11,125,0,38,0,1,0,0,0,0,0,0,0,0,0,1,0,0,0,0,0,0,0,0,0,0,0,5,0,0,10,0,323,0,0,0,563,140,140,216,0,0,0
42,94,0,0,363,0,105,28,12,0,79,0,103,0,276,15,143,40,56,0,69,0,386,57,171,187,52,0,353,0,68,0,133,0,0,0,72,0,569,0,0,0,0,0,0,0,67,0,35,0,0,0,74,0,104,9,0,0,0,0,91,0,72,14,24,0,5,0,0,0,0,0,0,0,0,0,1,0,0,0,0,0,0,0,0,0,0,0,0,0,0,0,0,0,0,0,0,0,0,0,0,0,0,0,0,0,0,0,0,0,0,0,0,0,0,0,0,0,0,0,0,0,0,0,32,0,104,0,10,0,36,0,36,0,34,0,24,0,0,0,0,0,69,0,0,0,33,0,20,0,46,0,8,0,0,0,0,0,0,0,0,0,44,0,12,0,0,0,28,0,43,0,323,0,0,0,149,135,14,0,0,0,0,0,11,0,0,0,1,0,0,0,0,0,0,0,0,0,0,0,0,0,0,0,0,0,0,0,28,0,552,79,235,290,409,0,34,8,0,0,6,0,0,0,0
7,21,0,0,0,38,1,72,0,12,0,6,0,0,0,169,0,22,0,111,5,0,0,83,9,46,0,0,0,96,0,0,0,0,0,1,0,18,0,153,0,0,0,0,0,0,0,0,0,4,0,0,0,0,0,50,0,8,0,0,0,22,0,7,0,1,0,0,0,0,0,0,0,0,0,0,0,0,0,0,0,0,0,0,0,0,0,0,0,0,0,0,0,0,0,0,0,0,0,0,0,0,0,0,0,0,0,0,0,0,0,0,0,0,0,0,0,0,0,0,0,0,0,0,0,0,0,0,0,0,0,1,0,0,0,32,0,8,0,0,0,0,0,0,0,0,0,0,0,3,0,10,0,1,0,0,0,0,0,0,0,2,0,1,0,0,0,0,0,0,0,11,0,79,0,1,0,98,0,4,0,0,0,12,0,0,0,0,0,0,0,0,0,0,0,0,0,0,0,0,0,0,0,0,0,0,0,4,0,15,0,0,0,0,72,0,0,0,138,27,100,86,0,3,0
134,0,363,0,0,55,43,2,35,0,235,28,345,0,223,140,33,0,124,76,146,68,93,64,0,0,159,0,0,0,179,0,125,0,93,0,176,0,80,0,90,0,11,0,103,0,151,0,42,0,34,0,10,0,20,0,0,0,0,0,0,0,0,0,30,0,1,0,0,0,0,0,0,0,0,0,0,0,0,0,0,0,0,0,0,0,0,0,0,0,0,0,0,0,0,0,0,0,0,0,0,0,0,0,0,0,0,0,0,0,0,0,0,0,0,0,0,0,0,0,0,0,0,0,19,0,71,0,0,0,0,0,0,0,53,0,0,0,0,0,0,0,0,0,0,0,41,0,20,0,67,0,17,0,0,0,0,0,0,0,0,0,0,0,77,0,255,0,0,0,24,0,155,0,0,0,307,137,214,0,0,0,52,0,81,0,10,0,0,0,0,0,0,0,0,0,0,0,0,0,0,0,0,0,0,0,0,0,60,0,489,225,571,305,302,0,25,0,0,0,0,0,0,0,0
0,149,0,38,55,0,0,40,0,9,7,411,0,175,114,254,0,17,39,193,91,119,0,135,0,6,0,118,0,116,0,48,0,311,8,38,0,71,0,90,0,38,0,0,0,13,0,106,0,0,0,0,0,0,0,11,0,0,0,0,0,0,0,0,0,6,0,1,0,0,0,0,0,1,0,0,0,0,0,0,0,0,0,0,0,0,0,0,0,0,0,0,0,0,0,0,0,0,0,0,0,0,0,0,0,0,0,0,0,0,0,0,0,0,0,0,0,0,0,0,0,0,0,0,0,7,0,7,0,0,0,0,0,0,0,0,0,0,0,0,0,0,0,0,0,0,0,0,0,5,0,0,0,5,0,0,0,0,0,0,0,0,0,0,0,0,0,69,0,0,0,13,0,114,0,0,72,452,0,133,0,1,0,5,0,2,0,20,0,0,0,0,0,0,0,0,0,1,0,0,0,0,0,0,0,0,0,0,0,8,0,0,0,0,212,0,0,0,476,180,465,215,0,6,0
28,7,105,1,43,0,0,0,110,114,52,0,24,0,23,0,13,0,0,0,0,1,20,0,269,105,0,0,0,0,0,0,0,0,0,0,0,0,66,0,0,0,0,0,0,0,0,0,30,0,0,0,207,40,271,126,3,24,4,0,285,0,221,19,15,0,50,55,0,0,0,0,0,0,0,0,0,0,0,0,0,1,0,0,0,0,0,0,0,0,0,0,0,0,0,0,0,0,0,0,0,0,0,0,0,0,0,0,0,0,0,0,0,0,0,0,0,0,0,0,0,0,0,0,24,0,57,0,7,0,46,0,32,0,0,0,16,3,0,1,0,0,0,0,3,0,17,0,36,0,15,0,0,0,0,0,20,4,0,0,0,0,0,0,8,0,0,0,42,0,186,0,297,0,0,0,91,71,2,0,2,0,3,0,0,0,0,0,0,0,0,0,0,0,0,0,0,0,0,0,0,0,0,0,0,0,0,0,16,0,557,74,205,394,507,0,80,8,6,0,0,0,0,0,0
14,79,28,72,2,40,0,0,21,82,0,2,0,0,0,47,6,62,0,21,0,0,17,13,10,55,0,0,0,57,0,0,0,0,0,0,0,0,0,63,0,0,0,0,1,0,0,0,0,0,0,0,0,84,0,175,0,0,0,2,0,116,0,250,0,5,0,0,0,0,0,0,0,0,0,0,0,0,0,0,0,0,0,0,0,0,0,0,0,0,0,0,0,0,0,0,0,0,0,0,0,0,0,0,0,0,0,0,0,0,0,0,0,0,0,0,0,0,0,0,0,0,0,0,0,6,0,0,0,0,0,0,0,0,0,0,0,8,0,0,0,0,0,0,0,0,0,0,0,9,0,0,0,0,0,0,0,0,0,0,0,2,0,3,0,9,0,0,1,11,0,0,0,211,0,0,22,109,0,0,0,0,0,43,0,0,0,0,0,0,0,0,0,0,0,0,0,0,0,0,0,5,0,0,0,0,0,4,0,0,0,0,0,0,518,0,0,0,424,46,206,441,0,96,0
64,0,12,0,35,0,110,21,0,106,64,0,34,0,12,0,20,4,0,0,0,0,0,0,73,44,13,0,0,0,0,0,0,0,0,0,0,0,0,0,0,0,0,0,0,0,0,0,24,0,6,0,337,47,224,183,0,55,17,69,265,0,234,5,73,0,183,111,0,0,0,0,1,0,0,0,0,0,0,0,0,0,0,0,0,0,0,0,0,0,0,0,0,0,0,0,0,0,0,0,0,0,0,0,0,0,0,0,0,0,0,0,0,0,0,0,0,0,0,0,0,0,0,0,11,0,17,0,0,0,20,0,0,0,9,0,0,0,0,0,2,0,0,0,0,0,17,0,35,0,0,0,0,0,0,0,40,0,0,0,5,0,4,0,0,0,0,0,34,0,151,5,208,0,0,0,237,52,15,0,0,0,13,0,41,0,0,0,0,0,0,0,0,0,0,0,0,0,6,0,0,0,0,0,0,0,0,0,10,0,497,89,174,240,354,0,58,14,0,1,0,0,0,0,0
1,57,0,12,0,9,114,82,106,0,0,10,0,13,0,15,0,29,0,40,0,0,0,0,0,22,0,22,0,8,0,0,0,0,0,0,0,0,0,0,0,4,0,0,0,9,0,10,0,0,0,7,12,291,61,228,0,0,0,37,10,79,0,257,0,113,0,131,0,1,0,0,0,0,0,0,0,0,0,0,0,0,0,0,0,0,0,0,0,0,0,0,0,0,0,0,0,0,0,0,0,0,0,2,0,0,0,0,0,0,0,0,0,0,0,0,0,0,0,0,0,0,0,0,0,25,0,4,0,0,0,30,0,0,0,0,0,5,0,0,0,0,0,0,0,0,0,9,0,73,0,0,0,12,0,0,0,84,0,0,0,14,0,0,0,0,0,0,0,12,0,160,19,155,0,0,103,146,0,0,0,0,0,26,0,45,0,0,0,0,0,0,0,0,0,0,0,0,0,0,0,0,0,0,0,1,0,0,0,1,17,14,9,13,664,0,2,0,624,95,155,397,0,104,4
241,0,79,0,235,7,52,0,64,0,0,0,257,0,20,20,16,1,6,0,76,0,27,30,0,0,0,0,0,2,68,0,67,0,4,0,78,0,21,0,35,0,3,0,0,0,73,0,22,0,7,0,0,0,4,0,0,0,0,0,0,0,0,0,13,0,0,0,0,0,0,0,0,0,0,0,0,0,0,0,0,0,0,0,0,0,0,0,0,0,0,0,0,0,0,0,3,0,10,0,0,0,0,0,0,0,0,0,0,0,0,0,0,0,0,0,0,0,0,0,0,0,0,0,0,0,27,0,0,0,9,0,0,0,10,0,0,0,0,0,0,0,0,0,0,0,18,0,0,0,23,0,0,0,0,0,0,0,0,0,0,0,6,0,21,0,86,0,0,0,12,0,56,0,3,0,126,54,136,0,4,0,34,0,45,0,13,0,0,0,0,0,0,0,0,0,0,0,0,0,2,0,0,0,0,0,0,0,0,0,237,127,177,104,136,0,11,0,0,0,0,0,0,0,0
0,145,0,6,28,411,0,2,0,10,0,0,0,415,86,20,0,0,14,33,49,37,0,29,0,0,0,65,0,89,0,31,0,216,0,13,0,61,0,144,0,59,1,11,0,17,0,104,0,17,0,17,0,0,0,1,0,0,0,0,0,7,0,0,0,0,0,1,0,0,0,0,0,0,0,1,0,0,0,0,0,0,0,0,0,0,0,0,0,0,0,0,0,0,0,0,0,0,0,0,0,0,0,0,0,0,0,0,0,0,0,0,0,0,0,0,0,0,0,0,0,0,0,0,0,3,0,0,0,0,0,0,0,0,0,0,0,0,0,0,0,0,0,0,0,0,0,0,0,4,0,15,0,0,0,0,0,0,0,0,0,0,0,2,0,0,3,21,0,27,0,9,0,70,0,36,58,543,7,82,0,37,0,17,0,43,0,8,0,0,0,0,0,0,0,0,0,0,0,0,0,0,0,0,0,0,0,0,0,0,0,0,0,0,175,0,0,0,567,167,215,138,0,0,0
96,1,103,0,345,0,24,0,34,0,257,0,0,52,87,37,0,0,89,115,40,83,0,0,0,0,54,236,0,0,19,7,0,0,241,0,40,0,0,0,121,12,87,10,52,23,228,58,72,0,141,21,0,0,19,1,0,0,0,0,0,0,0,0,35,0,0,0,0,0,0,0,0,0,4,0,0,0,0,0,0,0,0,0,8,0,0,0,0,0,0,0,0,0,10,0,0,0,0,0,0,0,0,0,0,0,0,0,0,0,0,0,0,0,0,0,0,0,0,0,5,0,0,0,0,0,0,0,0,0,0,0,0,0,0,0,0,0,0,0,0,0,0,0,0,0,15,0,10,0,0,0,0,0,0,0,0,0,0,0,0,0,0,0,108,0,14,1,0,0,0,0,13,0,1,0,125,56,122,0,0,0,42,0,43,0,176,1,0,0,0,0,0,0,0,0,0,0,0,0,0,0,0,0,0,0,0,0,21,0,77,228,388,67,42,0,0,0,2,0,0,0,0,0,0
0,199,0,0,0,175,0,0,0,13,0,415,52,0,30,18,0,0,118,83,94,45,0,0,0,0,130,47,0,0,0,44,0,23,14,252,0,114,0,0,30,165,17,37,24,24,22,216,0,83,0,153,0,0,0,0,0,0,0,0,0,0,0,0,0,0,0,6,0,0,0,0,0,0,0,0,0,0,0,0,0,0,0,0,0,0,0,0,0,0,0,0,0,0,0,0,0,0,0,0,0,0,0,0,0,0,0,0,0,0,0,0,0,0,0,0,0,0,0,0,0,0,0,0,0,0,0,0,0,0,0,0,0,0,0,0,0,0,0,0,0,0,0,0,0,0,0,4,0,4,0,0,0,14,0,0,0,0,0,0,0,0,0,0,0,60,2,35,0,83,0,0,0,0,0,0,23,208,2,14,0,0,0,15,0,0,28,75,0,0,0,0,0,0,0,0,0,0,0,0,0,0,0,0,0,0,0,0,0,0,0,0,0,0,18,0,0,0,57,194,247,0,0,0,0
0,0,276,0,223,114,23,0,12,0,20,86,87,30,0,340,94,0,162,86,226,83,363,107,202,0,249,0,0,0,141,9,86,18,36,26,108,0,0,0,0,0,0,0,46,0,37,0,9,0,13,0,25,0,102,0,0,0,0,0,0,0,17,0,14,0,0,0,0,0,0,0,0,0,0,0,0,0,0,0,0,0,0,0,11,0,0,0,0,0,0,0,0,0,0,0,0,0,0,0,0,0,0,0,0,0,0,0,0,0,0,0,0,0,0,0,0,0,0,0,0,0,2,0,5,0,56,0,0,0,0,0,0,0,61,0,24,0,0,0,0,0,78,0,3,0,0,0,13,0,44,0,0,0,0,0,0,0,0,0,0,0,0,0,25,0,115,0,42,0,0,0,45,0,0,0,417,302,82,0,6,0,12,0,28,0,3,0,0,0,0,0,0,0,0,0,0,0,0,0,0,0,0,0,0,0,0,0,45,0,82,82,114,67,41,0,0,0,0,0,0,0,0,0,0
7,51,15,169,140,254,0,47,0,15,20,20,37,18,340,0,0,73,82,158,201,455,94,377,0,98,0,182,2,161,0,42,0,151,0,9,0,34,0,116,0,0,0,0,0,12,0,10,0,20,0,11,0,0,1,39,0,27,0,0,0,0,0,0,0,26,0,0,0,0,0,0,0,0,0,0,0,0,0,0,0,75,0,0,0,119,0,0,0,0,0,0,0,0,0,0,0,0,0,0,0,0,0,0,0,0,0,0,0,0,0,0,0,0,0,0,0,0,0,0,0,0,0,0,0,7,0,0,0,0,0,0,0,0,0,109,0,0,0,0,0,0,2,0,0,0,0,2,2,16,0,16,0,9,0,0,0,0,0,0,0,0,0,0,0,0,0,44,0,38,0,0,0,105,0,0,135,554,27,60,0,0,0,0,0,0,0,0,0,0,0,0,0,0,0,0,0,0,0,8,0,0,0,0,0,0,0,0,0,26,0,8,40,0,103,0,0,0,243,226,238,101,0,8,1
119,0,143,0,33,0,13,6,20,0,16,0,0,0,94,0,0,25,57,0,356,0,25,18,84,46,81,0,128,0,53,0,53,0,43,0,37,0,63,0,0,0,45,0,78,0,0,0,25,0,85,0,201,0,45,0,8,0,5,0,8,0,151,0,0,0,0,0,0,0,98,0,0,0,9,0,0,0,0,0,139,0,0,0,101,0,32,0,0,0,116,0,0,0,0,0,115,0,366,0,43,0,0,0,0,0,0,0,0,0,0,0,0,0,0,0,0,0,0,0,101,0,38,0,0,0,0,0,0,0,0,0,0,0,0,0,18,0,36,0,83,0,133,0,62,0,0,0,0,0,2,0,0,0,3,0,0,0,7,0,0,0,6,0,0,1,2,0,17,0,0,0,16,0,0,0,55,30,7,0,0,0,19,0,0,0,0,0,0,0,0,0,0,0,0,0,1,0,0,0,0,0,0,0,0,0,0,0,0,0,26,11,15,33,14,0,2,1,0,0,0,0,0,0,0
30,42,40,22,0,17,0,62,4,29,1,0,0,0,0,73,25,0,0,0,0,172,57,272,36,177,0,0,0,163,1,19,0,10,0,7,3,0,0,68,0,0,0,0,0,0,0,0,0,1,0,5,1,130,0,44,0,83,0,27,0,28,0,61,2,0,0,0,0,0,1,0,0,1,0,4,0,0,0,0,0,148,0,0,0,195,0,0,0,0,0,0,0,0,0,0,0,0,0,117,0,0,0,0,0,0,0,0,0,0,0,0,0,0,0,0,0,0,0,0,1,34,0,0,0,3,0,14,0,0,0,0,0,13,0,138,0,195,3,131,0,110,0,327,0,10,0,0,0,0,0,0,0,0,0,41,0,1,0,14,0,12,0,1,0,0,0,0,0,0,1,2,0,20,0,0,20,36,0,2,0,0,0,5,0,0,0,0,0,0,0,0,0,0,0,0,0,0,0,0,0,0,0,0,0,0,0,0,0,49,0,0,10,0,18,0,0,0,9,73,19,34,0,0,0
0,0,56,0,124,39,0,0,0,0,6,14,89,118,162,82,57,0,0,290,120,197,114,0,71,0,233,287,0,0,21,20,0,13,137,106,82,15,0,0,44,0,87,0,44,0,42,73,8,0,177,0,30,0,0,0,4,0,0,0,0,0,25,0,0,0,0,0,0,0,0,0,0,0,0,0,0,0,0,0,0,0,0,0,0,0,0,0,0,0,0,0,0,0,0,0,0,0,56,0,0,0,0,0,0,0,0,0,0,0,0,0,0,0,0,0,0,0,0,0,0,0,0,0,0,0,0,0,0,0,0,0,0,0,0,0,0,0,0,0,0,0,0,0,6,0,8,0,0,0,22,0,0,0,0,0,0,0,0,0,0,0,0,0,123,0,45,0,99,0,5,0,20,0,0,0,165,105,14,0,0,0,11,0,0,0,137,5,0,0,0,0,0,0,0,0,0,0,0,0,0,0,0,0,0,0,0,0,0,0,0,106,284,61,29,0,4,0,0,0,0,0,0,0,0
0,170,0,111,76,193,0,21,0,40,0,33,115,83,86,158,0,0,290,0,201,304,0,87,0,34,83,426,0,2,11,44,1,30,62,98,0,68,0,0,0,7,15,37,0,106,0,121,0,10,0,114,0,1,0,9,0,0,0,0,0,0,0,0,0,50,0,0,0,0,0,0,0,0,0,0,0,0,0,0,0,0,0,0,0,0,0,0,0,0,0,0,0,0,0,0,0,0,0,0,0,0,0,0,0,0,0,0,0,0,0,0,0,0,0,0,0,0,0,0,0,0,0,0,0,16,0,0,0,0,0,10,0,0,0,0,0,6,0,0,0,0,0,0,0,0,0,11,0,36,0,29,0,14,0,0,0,0,0,0,0,0,0,3,6,43,0,89,0,82,0,5,0,0,0,1,87,205,12,16,0,0,0,0,0,16,16,67,0,14,0,0,0,0,0,0,0,3,0,19,0,0,0,0,0,0,0,24,0,34,0,0,0,0,26,0,0,0,78,128,227,23,0,0,0
8,0,69,5,146,91,0,0,0,0,76,49,40,94,226,201,356,0,120,201,0,154,208,46,121,0,134,178,33,0,31,12,10,17,116,73,86,0,0,0,0,9,67,0,32,7,11,0,9,0,189,14,59,0,34,0,0,0,0,0,0,0,74,0,5,0,0,0,0,0,69,0,0,0,0,0,0,0,0,0,78,0,0,0,42,0,0,0,6,0,56,0,0,0,0,0,41,0,198,0,0,0,0,0,0,0,0,0,0,0,0,0,0,0,0,0,0,0,0,0,54,0,15,0,0,0,0,0,2,0,0,0,0,0,0,0,10,0,18,0,85,0,0,0,71,0,0,0,2,0,0,0,0,0,0,0,0,0,0,0,0,0,0,0,55,0,79,0,61,0,11,0,26,0,0,0,197,192,90,0,0,0,0,0,0,0,12,0,0,0,0,0,0,0,0,0,0,0,0,0,0,0,0,0,0,0,0,0,0,0,55,42,151,60,35,0,6,0,0,0,0,0,0,0,0
0,16,0,0,68,119,1,0,0,0,0,37,83,45,83,455,0,172,197,304,154,0,0,230,0,43,0,222,0,22,4,43,0,64,51,156,15,73,0,2,0,2,0,242,0,81,0,0,0,15,0,141,0,0,0,0,0,0,0,0,0,8,0,42,0,9,0,0,0,0,0,0,0,13,0,9,0,0,0,0,0,216,0,0,0,174,0,43,0,0,0,0,0,0,0,0,0,0,0,0,0,0,0,4,0,0,0,0,0,0,0,0,0,0,0,0,0,0,0,0,0,54,0,18,0,0,0,0,0,0,0,0,0,0,0,0,0,53,0,47,0,163,0,188,0,0,0,0,0,0,0,7,0,0,0,6,0,0,0,0,0,0,0,0,0,53,6,80,0,77,0,0,0,13,0,0,35,49,0,7,0,0,0,0,0,0,5,13,0,0,0,0,0,0,0,0,0,0,0,0,0,0,0,0,0,0,0,0,0,0,0,0,0,0,23,0,0,0,67,133,178,31,0,2,0
55,121,386,0,93,0,20,17,0,0,27,0,0,0,363,94,25,57,114,0,208,0,0,166,170,103,113,0,26,0,9,0,12,0,10,0,6,0,35,0,0,0,0,0,85,0,43,0,29,0,0,0,50,0,86,0,0,0,9,0,0,0,4,6,0,0,0,0,0,0,0,0,0,0,0,0,0,0,0,0,0,0,0,0,0,0,0,0,0,0,0,0,0,0,0,0,8,0,0,0,0,0,0,0,0,0,0,0,0,0,0,0,0,0,0,0,0,0,0,0,1,0,0,0,2,0,0,0,2,0,0,0,0,0,14,0,9,0,0,0,0,0,34,0,1,0,0,0,0,0,0,0,0,0,0,0,0,0,0,0,0,0,0,0,0,0,2,0,0,0,4,0,15,0,0,0,161,209,13,3,0,0,22,0,0,0,0,0,0,0,0,0,0,0,0,0,0,0,0,0,0,0,0,0,0,0,0,0,0,0,33,15,11,0,22,0,0,0,0,0,0,0,0,0,0
0,20,57,83,64,135,0,13,0,0,30,29,0,0,107,377,18,272,0,87,46,230,166,0,11,120,0,35,0,50,0,26,0,36,0,14,10,10,0,41,0,0,0,35,0,6,0,0,0,10,0,12,0,11,1,58,0,47,0,0,2,8,0,13,0,0,0,0,0,0,0,0,0,0,0,0,0,0,0,0,0,209,0,0,0,163,0,28,0,0,0,0,0,0,0,0,0,0,0,142,0,78,0,0,0,0,0,0,0,0,0,0,0,0,0,0,0,0,0,0,0,36,0,0,0,0,0,0,0,0,0,0,0,0,0,100,0,41,5,22,0,26,0,139,1,0,0,0,0,0,0,5,0,1,0,0,0,3,0,2,0,6,0,0,0,0,0,8,0,0,0,0,0,37,0,0,65,240,15,0,0,0,5,0,0,0,0,0,0,0,0,0,0,0,0,0,0,0,0,0,0,0,0,0,0,0,0,0,0,13,15,0,0,0,19,0,0,0,67,225,26,23,0,0,0
83,34,171,9,0,0,269,10,73,0,0,0,0,0,202,0,84,36,71,0,121,0,170,11,0,209,0,0,69,1,1,0,0,0,0,0,0,0,26,0,0,0,0,0,0,0,0,0,40,0,0,0,101,3,147,19,15,0,10,0,19,5,28,24,0,0,0,0,0,0,3,0,0,0,2,0,0,0,0,0,0,0,0,0,0,0,3,0,0,0,0,0,0,0,0,0,0,0,11,0,0,0,0,0,0,0,0,0,0,0,0,0,0,0,0,0,0,0,0,0,0,0,0,0,0,0,0,0,5,0,1,0,0,0,19,0,7,0,13,0,25,0,31,0,3,0,0,0,0,0,0,0,0,0,12,0,0,0,0,0,0,0,0,0,1,0,0,0,5,0,8,0,38,0,0,0,95,86,0,0,0,0,34,0,0,0,0,0,0,0,0,0,0,0,0,0,0,0,0,0,0,0,0,0,0,0,0,0,10,0,45,25,16,0,52,0,19,0,0,2,0,0,0,0,0
130,20,187,46,0,6,105,55,44,22,0,0,0,0,0,98,46,177,0,34,0,43,103,120,209,0,0,0,0,116,0,2,0,0,0,0,0,5,35,64,0,0,0,0,0,0,0,0,0,3,0,0,8,33,22,196,1,158,0,53,28,60,32,238,0,1,0,3,0,0,0,0,0,0,0,0,0,0,0,0,0,0,0,0,0,95,0,0,0,0,0,0,0,0,0,0,0,0,1,0,0,0,0,0,0,0,0,0,0,0,0,0,0,0,1,0,0,0,0,0,0,0,0,0,0,4,0,13,0,0,0,0,0,10,0,221,0,59,20,0,0,4,0,98,0,0,0,2,0,6,0,36,0,6,0,12,0,2,0,0,7,9,0,3,0,0,0,0,0,8,7,0,144,49,0,0,88,226,0,0,4,0,14,18,2,0,0,0,0,0,0,0,0,0,0,0,0,0,0,17,0,20,0,0,0,0,0,16,0,82,43,9,0,0,112,0,2,0,63,91,65,116,0,14,0
0,0,52,0,159,0,0,0,13,0,0,0,54,130,249,0,81,0,233,83,134,0,113,0,0,0,0,744,7,0,12,0,0,0,50,34,34,10,0,0,13,70,340,78,144,93,88,344,92,3,268,53,0,0,0,0,0,0,0,0,5,0,32,0,17,0,0,0,0,0,28,0,0,0,0,0,0,0,0,0,0,0,0,0,0,0,0,0,0,0,0,0,0,0,0,0,0,0,0,0,0,0,0,0,0,0,0,0,0,0,0,0,0,0,0,0,0,0,0,0,0,0,0,0,0,0,0,0,0,0,0,0,0,0,0,0,14,0,0,0,0,0,0,0,0,0,0,0,8,0,0,0,0,0,2,0,0,0,0,0,0,0,0,0,120,0,0,0,0,0,0,0,0,0,0,0,0,116,6,0,0,0,0,0,54,0,285,0,0,0,0,0,0,0,0,0,0,0,0,0,0,0,0,0,0,0,0,0,0,0,45,133,397,39,39,18,0,24,0,0,0,0,0,0,0
0,139,0,0,0,118,0,0,0,22,0,65,236,47,0,182,0,0,287,426,178,222,0,35,0,0,744,0,0,0,0,4,0,0,86,95,0,42,0,0,223,56,272,236,238,259,161,141,17,29,145,351,0,0,0,0,0,0,0,0,0,0,0,0,0,29,0,9,0,0,0,0,0,0,0,0,0,0,0,0,0,0,0,0,0,0,0,0,0,0,0,0,0,0,0,0,0,0,0,0,0,0,0,15,0,0,0,0,0,0,0,0,0,0,0,0,0,0,0,0,0,0,0,0,0,0,0,0,0,0,0,0,0,0,0,12,0,0,0,0,0,0,0,0,0,0,0,0,0,23,0,0,0,16,0,0,0,0,0,0,0,0,0,0,2,125,0,40,0,94,0,0,0,0,0,0,21,267,0,0,0,0,0,4,0,0,127,97,0,0,0,0,0,0,0,0,0,0,0,10,0,0,0,0,0,0,0,0,0,0,0,0,0,0,19,0,0,0,58,304,370,28,0,0,26
88,0,353,0,0,0,0,0,0,0,0,0,0,0,0,2,128,0,0,0,33,0,26,0,69,0,7,0,0,0,27,0,1,0,54,0,78,0,30,0,0,0,27,0,0,0,0,0,0,0,24,0,6,0,6,0,0,0,0,0,11,0,9,0,0,0,0,0,0,0,6,0,0,0,4,0,0,0,0,0,0,0,0,0,0,0,0,0,0,0,0,0,0,0,0,0,5,0,18,0,0,0,0,0,0,0,0,0,0,0,0,0,0,0,0,0,0,0,0,0,0,0,0,0,0,0,0,0,4,0,0,0,0,0,0,0,0,0,34,0,58,0,12,0,43,0,0,0,0,0,0,0,0,0,0,0,2,0,8,0,0,0,0,0,0,0,0,0,0,0,0,0,0,0,0,0,36,0,0,0,0,0,19,0,0,0,0,0,0,0,0,0,0,0,0,0,0,0,0,0,0,0,0,0,0,0,0,0,0,0,0,7,0,0,2,0,0,0,0,0,0,0,0,0,0
0,92,0,96,0,116,0,57,0,8,2,89,0,0,0,161,0,163,0,2,0,22,0,50,1,116,0,0,0,0,0,18,0,23,0,33,0,25,0,63,0,0,0,18,0,0,0,0,0,0,0,8,0,16,0,9,0,8,0,4,0,69,0,51,0,0,0,0,0,0,0,0,0,0,0,1,0,0,0,0,0,48,0,0,0,35,0,0,0,0,0,0,0,0,0,0,0,0,0,33,0,18,0,0,0,0,0,0,0,0,0,0,0,0,0,0,0,0,0,0,0,10,0,0,0,0,0,0,0,0,0,0,0,0,0,0,0,39,0,69,0,86,0,75,0,16,0,0,0,0,0,0,0,0,0,3,0,8,0,0,0,1,0,0,0,0,0,0,0,0,0,0,0,0,0,0,0,19,0,9,0,0,0,0,0,0,0,0,0,0,0,0,0,0,0,0,0,0,0,0,0,0,0,0,0,0,0,0,0,0,0,0,0,0,0,0,0,0,15,70,0,0,0,0,0
32,0,68,0,179,0,0,0,0,0,68,0,19,0,141,0,53,1,21,11,31,4,9,0,1,0,12,0,27,0,0,1,5,0,50,2,85,0,3,0,0,0,69,0,5,0,0,0,6,0,74,0,0,0,0,0,0,0,0,0,0,0,7,0,0,0,0,0,0,0,0,0,0,0,0,0,0,0,0,0,15,0,0,0,0,0,0,0,0,0,0,0,0,0,0,0,6,0,0,0,0,0,0,0,0,0,0,0,0,0,0,0,0,0,0,0,0,0,0,0,6,0,0,0,1,0,0,0,0,0,0,0,0,0,0,0,0,0,0,0,25,0,0,0,14,0,0,0,0,0,0,0,0,0,1,0,0,0,0,0,0,0,0,0,0,0,2,0,0,0,0,0,5,0,0,0,61,22,32,0,0,0,10,0,0,0,0,0,0,0,0,0,0,0,0,0,0,0,0,0,2,0,0,0,0,0,0,0,5,0,8,11,9,0,0,0,0,0,0,0,0,0,0,0,0
0,0,0,0,0,48,0,0,0,0,0,31,7,44,9,42,0,19,20,44,12,43,0,26,0,2,0,4,0,18,1,0,1,1,0,7,0,19,0,2,0,0,0,37,0,2,0,0,0,0,0,27,0,8,0,1,0,0,0,0,0,4,0,27,0,0,0,0,0,0,0,0,0,0,0,0,0,0,0,1,0,0,0,0,0,0,0,0,0,0,0,0,0,0,0,0,0,0,0,0,0,0,0,0,0,0,0,0,0,0,0,0,0,0,0,0,0,0,0,0,0,0,0,2,0,0,0,0,0,0,0,0,0,0,0,0,0,0,0,19,0,23,0,26,0,0,0,0,0,0,0,0,0,0,0,0,0,10,0,0,0,0,0,0,0,0,0,0,0,0,0,0,0,3,0,0,3,18,1,2,0,0,0,0,0,0,0,4,0,0,0,0,0,0,0,0,0,0,0,0,0,0,0,0,0,0,0,0,0,0,0,0,0,0,0,0,0,0,0,13,0,0,0,0,0
50,0,133,0,125,0,0,0,0,0,67,0,0,0,86,0,53,0,0,1,10,0,12,0,0,0,0,0,1,0,5,1,0,0,5,0,374,0,0,0,0,0,6,0,0,0,0,0,2,0,10,0,0,0,0,0,0,0,0,0,3,0,3,0,0,0,0,0,0,0,1,0,0,0,0,0,0,0,0,0,0,0,0,0,0,0,0,0,0,0,0,0,0,0,0,0,0,0,0,0,0,0,0,0,0,0,1,0,0,0,0,0,0,0,0,0,0,0,0,0,0,0,0,0,0,0,0,0,0,0,0,0,0,0,0,0,0,0,0,0,0,0,0,0,0,0,0,0,0,0,0,0,0,0,1,0,2,0,0,0,0,0,0,0,0,0,0,0,0,0,0,0,6,0,0,0,37,24,21,0,0,0,0,0,0,0,0,0,0,0,0,0,0,0,0,0,0,0,0,0,0,0,0,0,0,0,0,0,0,0,0,55,8,4,0,0,0,0,0,0,0,0,0,0,0
0,0,0,0,0,311,0,0,0,0,0,216,0,23,18,151,0,10,13,30,17,64,0,36,0,0,0,0,0,23,0,1,0,0,3,22,0,194,0,1,0,0,0,27,0,0,0,3,1,0,0,18,0,2,0,0,0,0,0,0,0,23,0,23,0,2,0,0,0,0,0,0,0,0,0,0,0,0,0,0,0,0,0,0,0,0,0,0,0,0,0,0,0,0,0,0,0,0,0,0,0,0,0,0,0,0,0,0,0,0,0,0,0,0,0,0,0,0,0,0,0,0,0,0,0,0,0,0,0,0,0,0,0,0,0,0,0,0,0,0,0,12,0,0,0,15,0,0,0,0,0,0,0,0,0,0,0,22,0,7,0,0,0,0,0,0,0,30,0,1,0,0,0,8,0,0,11,101,0,23,0,0,0,0,0,3,0,4,0,0,0,0,0,0,0,0,0,0,0,0,0,0,0,0,0,0,0,0,0,0,0,0,0,0,0,0,0,0,14,214,6,0,0,0,0
0,0,0,0,93,8,0,0,0,0,4,0,241,14,36,0,43,0,137,62,116,51,10,0,0,0,50,86,54,0,50,0,5,3,0,19,237,6,0,0,0,0,8,11,4,0,4,24,9,0,85,5,0,0,0,0,1,0,0,0,5,0,10,0,0,0,0,0,0,0,10,0,0,0,0,0,0,0,0,0,0,0,0,0,0,0,0,0,0,0,0,0,0,0,0,0,0,0,30,0,13,0,0,0,0,0,0,0,0,0,0,0,0,0,0,0,0,0,0,0,0,0,0,0,0,0,2,0,0,0,0,0,0,0,0,0,0,0,0,0,0,0,0,0,19,0,0,0,0,0,0,0,0,0,0,0,3,0,0,0,0,0,0,0,7,0,5,0,12,0,0,0,9,0,0,0,33,26,28,0,0,0,0,0,0,0,35,3,0,0,0,0,0,0,0,0,0,0,0,0,0,0,0,0,0,0,0,0,0,0,0,6,17,5,0,0,0,0,0,0,0,0,0,0,0
0,4,0,1,0,38,0,0,0,0,0,13,0,252,26,9,0,7,106,98,73,156,0,14,0,0,34,95,0,33,2,7,0,22,19,0,0,101,0,3,0,7,0,20,4,16,0,26,0,2,0,57,0,2,0,0,0,3,0,0,0,10,0,26,0,0,0,0,0,0,0,0,0,2,0,0,0,0,0,0,0,0,0,0,0,0,0,3,0,0,0,0,0,0,0,0,0,0,0,0,0,0,0,0,0,0,0,0,0,0,0,0,0,0,0,0,0,0,0,0,0,0,0,0,0,0,0,0,0,0,0,0,0,0,0,0,0,0,0,0,0,0,0,0,0,0,0,0,0,0,0,0,0,1,0,1,0,0,0,3,0,1,0,0,0,18,0,9,0,16,0,0,0,0,0,0,9,77,0,0,0,0,0,0,0,0,5,48,0,0,0,0,0,0,0,0,0,0,0,0,0,0,0,0,0,0,0,0,0,0,0,0,0,0,0,0,0,0,19,46,45,0,1,0,0
63,0,72,0,176,0,0,0,0,0,78,0,40,0,108,0,37,3,82,0,86,15,6,10,0,0,34,0,78,0,85,0,374,0,237,0,0,1,93,0,0,0,68,0,0,0,0,0,15,0,108,0,4,0,2,0,0,0,0,0,29,0,32,0,0,0,0,0,0,0,59,0,0,0,12,0,0,0,0,0,38,0,0,0,0,0,0,0,0,0,0,0,0,0,0,0,0,0,91,0,0,0,0,0,0,0,0,0,0,0,0,0,0,0,0,0,0,0,0,0,0,0,0,0,0,0,0,0,5,0,0,0,0,0,8,0,0,0,93,0,100,0,0,0,147,0,0,0,0,0,0,0,0,0,11,0,42,0,14,0,0,0,35,0,18,0,3,0,54,0,34,0,38,0,0,0,57,32,45,0,0,0,11,0,0,0,1,0,0,0,0,0,0,0,0,0,0,0,0,0,0,0,0,0,0,0,0,0,0,0,0,32,22,17,13,0,0,0,0,0,0,0,0,0,0
0,44,0,18,0,71,0,0,0,0,0,61,0,114,0,34,0,0,15,68,0,73,0,10,0,5,10,42,0,25,0,19,0,194,6,101,1,0,0,33,0,0,0,105,0,27,0,0,0,0,0,71,0,27,0,2,0,0,0,11,0,59,0,48,0,0,0,0,0,0,0,0,0,0,0,0,0,0,0,2,0,0,0,0,0,25,0,0,0,0,0,0,0,0,0,0,0,0,0,0,0,0,0,0,0,0,0,0,0,0,0,0,0,0,0,0,0,0,0,0,0,29,0,12,0,0,0,0,0,0,0,0,0,0,0,0,0,0,0,34,0,122,0,35,0,92,0,0,0,0,0,0,0,0,0,10,0,54,0,7,0,8,0,0,1,14,0,17,0,55,0,5,0,56,0,0,6,27,0,5,0,0,0,1,0,0,1,11,0,0,0,0,0,0,0,0,0,0,0,0,0,0,0,0,0,0,0,0,0,0,0,0,0,0,6,0,0,0,15,203,20,10,0,0,0
443,0,569,0,80,0,66,0,0,0,21,0,0,0,0,0,63,0,0,0,0,0,35,0,26,35,0,0,30,0,3,0,0,0,0,0,93,0,0,0,0,0,2,0,0,0,0,0,1,0,0,0,5,0,0,0,0,0,0,0,7,0,3,0,0,0,0,0,0,0,0,0,0,0,0,0,0,0,0,0,0,0,0,0,0,0,0,0,0,0,0,0,0,0,0,0,0,0,0,0,0,0,0,0,0,0,0,0,0,0,0,0,0,0,0,0,0,0,0,0,0,0,0,0,0,0,0,0,0,0,0,0,0,0,0,0,0,0,50,0,6,0,0,0,13,0,0,0,0,0,0,0,0,0,8,0,34,0,0,0,0,0,0,0,0,0,23,0,0,0,0,0,46,0,0,0,125,47,0,0,0,0,57,0,0,0,0,0,0,0,0,0,0,0,0,0,0,0,0,0,0,0,0,0,0,0,0,0,0,0,7,119,2,0,0,0,0,0,0,0,0,0,0,0,0
0,277,0,153,0,90,0,63,0,0,0,144,0,0,0,116,0,68,0,0,0,2,0,41,0,64,0,0,0,63,0,2,0,1,0,3,0,33,0,0,0,0,0,0,0,0,0,0,0,0,0,4,0,14,0,2,0,0,0,0,0,20,0,33,0,1,0,0,0,0,0,0,0,0,0,0,0,0,0,0,0,0,0,0,0,5,0,0,0,0,0,0,0,0,0,0,0,0,0,0,0,0,0,0,0,0,0,0,0,0,0,0,0,0,0,0,0,0,0,0,0,4,0,1,0,0,0,0,0,0,0,0,0,2,0,0,0,0,0,18,0,55,0,21,0,16,0,0,0,0,0,1,0,0,0,1,0,23,0,0,0,0,0,1,0,0,0,0,0,0,0,0,0,38,0,0,5,48,0,21,0,0,0,0,0,0,0,0,0,0,0,0,0,0,0,0,0,0,0,0,0,0,0,0,0,0,0,0,0,6,0,0,0,0,0,0,0,0,9,235,6,0,0,0,0
17,0,0,0,90,0,0,0,0,0,35,0,121,30,0,0,0,0,44,0,0,0,0,0,0,0,13,223,0,0,0,0,0,0,0,0,0,0,0,0,0,25,151,0,69,40,123,81,145,2,54,16,1,0,0,0,0,0,0,0,0,0,0,0,13,0,0,0,0,0,0,0,0,0,0,0,0,0,0,0,0,0,0,0,0,0,0,0,0,0,0,0,0,0,4,0,0,0,0,0,0,0,0,0,0,0,0,0,0,0,0,0,0,0,0,0,0,0,0,0,0,0,0,0,0,0,0,0,0,0,0,0,0,0,0,0,0,0,0,0,0,0,0,0,0,0,10,0,0,0,0,0,0,0,0,0,0,0,0,0,0,0,0,0,57,0,0,0,0,0,0,0,0,0,0,0,16,40,19,0,0,0,9,0,0,0,134,0,0,0,0,0,0,0,0,0,0,0,0,0,0,0,0,0,0,0,0,0,0,0,0,121,148,0,0,0,0,15,0,0,0,0,0,0,0
0,24,0,0,0,38,0,0,0,4,0,59,12,165,0,0,0,0,0,7,9,2,0,0,0,0,70,56,0,0,0,0,0,0,0,7,0,0,0,0,25,0,37,47,116,182,40,285,6,100,13,10,0,0,0,0,0,0,0,0,0,0,0,0,0,0,0,1,0,0,0,0,0,0,0,0,0,0,0,0,0,0,0,0,0,0,0,0,0,0,0,0,0,0,0,0,0,0,0,0,0,0,0,0,0,0,0,0,0,0,0,0,0,0,0,0,0,0,0,0,0,0,0,0,0,0,0,0,0,0,0,0,0,0,0,0,0,0,0,0,0,0,0,0,0,0,0,0,0,0,0,0,0,0,0,0,0,0,0,0,0,0,0,0,0,75,0,0,0,0,0,0,0,0,0,21,0,168,0,19,0,21,0,0,0,0,33,8,0,0,0,0,0,0,0,0,0,0,0,0,0,0,0,0,0,0,0,0,0,0,0,0,0,0,0,0,0,0,0,15,13,0,0,0,20
0,0,0,0,11,0,0,0,0,0,3,1,87,17,0,0,45,0,87,15,67,0,0,0,0,0,340,272,27,0,69,0,6,0,8,0,68,0,2,0,151,37,0,36,200,51,149,144,89,0,50,0,0,0,0,0,0,0,0,0,0,0,32,0,0,0,0,0,0,0,47,0,0,0,4,0,0,0,0,0,0,0,0,0,0,0,0,0,0,0,0,0,0,0,21,0,0,0,113,0,0,0,0,0,0,0,0,0,0,0,0,0,0,0,0,0,0,0,0,0,46,0,0,0,0,0,0,0,0,0,0,0,0,0,0,0,0,0,0,0,0,0,0,0,46,0,0,0,0,0,0,0,0,0,0,0,0,0,0,0,0,0,15,0,33,0,14,0,15,0,9,0,27,0,0,0,0,32,0,0,0,0,0,0,0,0,177,1,0,0,0,0,0,0,0,0,0,0,0,0,0,0,0,0,0,0,0,0,0,0,35,120,72,21,14,0,4,10,0,0,0,0,0,0,0
0,15,0,0,0,0,0,0,0,0,0,11,10,37,0,0,0,0,0,37,0,242,0,35,0,0,78,236,0,18,0,37,0,27,11,20,0,105,0,0,0,47,36,0,37,191,25,60,0,19,0,72,0,0,0,4,0,0,0,0,0,0,0,31,0,0,0,0,0,0,0,7,0,0,0,0,0,3,0,0,0,0,0,0,0,71,0,0,0,0,0,0,0,0,0,0,0,0,0,0,0,0,0,0,0,0,0,0,0,0,0,0,0,0,0,0,0,0,0,0,0,0,0,0,0,0,0,0,0,0,0,0,0,0,0,0,0,0,0,0,0,0,0,125,0,63,0,0,0,4,0,0,0,0,0,0,0,0,0,0,0,0,0,0,0,52,0,15,0,0,0,0,0,26,0,0,3,24,0,0,0,0,0,0,0,0,5,35,0,0,0,0,0,0,0,0,0,0,0,0,0,0,0,0,0,0,0,0,0,0,0,0,0,0,16,0,0,0,56,92,90,7,0,0,22
0,0,0,0,103,0,0,1,0,0,0,0,52,24,46,0,78,0,44,0,32,0,85,0,0,0,144,238,0,0,5,0,0,0,4,4,0,0,0,0,69,116,200,37,0,145,197,305,217,48,66,0,0,0,0,0,0,0,0,0,0,0,64,0,0,0,0,0,0,0,23,0,0,0,0,0,2,0,0,0,0,0,0,0,0,0,0,0,0,0,58,0,0,0,0,0,0,0,0,0,0,0,0,0,0,0,0,0,0,0,0,0,0,0,0,0,0,0,0,0,40,0,0,0,4,0,29,0,0,0,0,0,0,0,45,0,6,0,0,0,0,0,0,0,0,0,0,0,0,0,0,0,0,0,0,0,0,0,0,0,0,0,0,0,107,0,23,0,80,0,9,0,27,0,0,0,10,104,9,0,0,0,31,0,57,0,159,4,0,0,0,0,0,0,0,0,0,0,0,0,0,0,0,0,0,0,0,0,0,0,32,78,147,26,17,0,0,46,0,0,0,0,0,0,0
0,40,0,0,0,13,0,0,0,9,0,17,23,24,0,12,0,0,0,106,7,81,0,6,0,0,93,259,0,0,0,2,0,0,0,16,0,27,0,0,40,182,51,191,145,0,70,321,40,147,0,135,0,0,0,0,0,0,0,0,0,6,0,0,0,0,0,0,0,1,0,0,0,0,0,0,0,0,0,0,0,29,0,11,0,0,0,0,0,6,0,0,0,0,0,18,0,0,0,0,0,0,0,19,0,9,0,6,0,0,0,0,0,0,0,0,0,0,0,0,0,0,0,7,0,0,0,0,0,0,0,0,0,0,0,0,0,0,0,0,0,31,0,0,0,0,0,0,0,0,0,0,0,0,0,0,0,0,0,0,0,0,0,0,0,118,0,17,0,79,0,2,0,31,0,0,0,67,0,1,0,0,0,0,0,0,56,56,0,0,0,0,0,0,0,33,0,0,0,0,0,0,0,0,0,0,0,0,0,0,0,0,0,0,21,0,0,0,94,152,92,18,0,0,215
0,0,67,0,151,0,0,0,0,0,73,0,228,22,37,0,0,0,42,0,11,0,43,0,0,0,88,161,0,0,0,0,0,0,4,0,0,0,0,0,123,40,149,25,197,70,0,150,222,0,39,14,0,0,29,0,0,0,0,0,0,0,11,0,0,0,0,0,0,0,0,0,0,0,0,0,0,0,0,0,0,0,0,0,0,0,2,0,0,0,0,0,0,0,6,0,13,0,0,0,0,0,0,0,0,0,0,0,0,0,0,0,0,0,0,0,0,0,0,0,0,0,0,0,0,0,0,0,0,0,0,0,0,0,28,0,0,0,0,0,0,0,0,0,0,0,5,0,0,0,0,0,0,0,0,0,0,0,0,0,0,0,0,0,81,0,0,0,25,0,2,0,7,0,0,0,0,62,26,0,0,0,31,0,36,0,161,0,0,0,0,0,0,0,0,0,0,0,0,0,0,0,0,0,0,0,0,0,0,0,0,130,173,0,0,0,0,40,0,0,0,0,0,0,0
0,137,0,0,0,106,0,0,0,10,0,104,58,216,0,10,0,0,73,121,0,0,0,0,0,0,344,141,0,0,0,0,0,3,24,26,0,0,0,0,81,285,144,60,305,321,150,0,43,205,74,58,0,0,0,6,0,0,0,0,0,0,0,0,0,2,0,4,0,0,0,0,0,0,0,0,0,0,0,0,0,0,0,0,0,0,0,0,0,0,0,0,0,0,0,0,0,0,0,0,0,0,0,0,0,0,0,0,0,0,0,0,0,0,0,0,0,0,0,0,0,0,0,0,0,17,0,0,0,0,0,0,0,0,0,0,0,0,0,0,0,0,0,0,0,0,0,5,0,0,0,0,0,0,0,0,0,0,0,0,0,0,0,0,0,66,0,0,0,0,0,0,0,0,0,0,0,346,0,0,0,0,0,0,0,0,123,53,0,0,0,0,0,0,0,0,0,0,0,0,0,0,0,0,0,0,0,0,0,0,0,0,0,0,0,0,0,0,0,104,44,0,1,0,40
34,3,35,0,42,0,30,0,24,0,22,0,72,0,9,0,25,0,8,0,9,0,29,0,40,0,92,17,0,0,6,0,2,1,9,0,15,0,1,0,145,6,89,0,217,40,222,43,0,29,14,0,51,0,30,0,11,0,16,0,0,0,27,0,7,0,6,0,6,0,14,0,0,0,0,0,0,0,0,0,0,0,4,0,0,0,11,0,3,0,0,0,4,0,10,0,24,0,63,0,11,0,0,0,13,0,11,0,0,0,0,0,0,0,0,0,0,0,0,0,0,0,0,0,0,0,0,0,0,0,16,0,0,1,15,0,2,0,0,0,0,0,0,0,0,0,0,0,3,0,0,0,0,0,0,0,0,0,3,0,21,0,23,0,58,0,6,0,34,0,20,0,33,0,2,0,27,33,15,0,8,0,11,0,7,0,240,0,21,0,8,0,43,0,9,0,0,0,30,0,0,0,25,0,0,0,11,0,13,0,58,88,140,30,55,16,2,17,0,0,0,0,0,0,0
0,17,0,4,0,0,0,0,0,0,0,17,0,83,0,20,0,1,0,10,0,15,0,10,0,3,3,29,0,0,0,0,0,0,0,2,0,0,0,0,2,100,0,19,48,147,0,205,29,0,0,16,0,0,0,0,0,0,0,1,0,0,0,0,0,0,0,0,0,10,0,0,0,0,0,0,0,5,0,0,0,0,0,10,0,0,0,1,0,2,0,0,0,0,0,17,0,0,0,0,0,5,0,23,0,0,0,2,0,0,0,0,0,0,0,0,0,0,0,0,0,0,0,0,0,0,0,0,0,0,0,0,0,0,0,0,0,0,0,0,0,0,0,0,0,0,0,0,0,1,0,3,0,0,0,0,0,0,0,0,0,0,0,1,0,56,0,6,0,25,0,2,0,6,0,0,0,130,0,0,0,2,0,0,0,3,60,44,0,0,0,0,0,0,0,7,0,0,0,0,0,0,0,0,0,7,0,0,0,0,0,0,0,0,22,0,0,0,31,34,18,0,2,2,11
0,0,0,0,34,0,0,0,6,0,7,0,141,0,13,0,85,0,177,0,189,0,0,0,0,0,268,145,24,0,74,0,10,0,85,0,108,0,0,0,54,13,50,0,66,0,39,74,14,0,0,0,0,0,0,0,0,0,0,0,0,0,21,0,0,0,0,0,0,0,57,0,0,0,12,0,0,0,8,0,74,0,0,0,0,0,33,0,7,0,55,0,0,0,0,0,0,0,201,0,0,0,0,0,4,0,12,0,0,0,0,0,0,0,0,0,0,0,0,0,61,0,0,0,0,0,0,0,0,0,0,0,0,0,0,0,0,0,0,0,19,0,0,0,42,0,0,0,0,0,0,0,0,0,1,0,0,0,0,0,0,0,44,0,37,0,22,0,160,0,43,0,66,0,0,0,0,15,8,0,0,0,0,0,0,0,87,0,36,0,0,0,0,0,0,0,0,0,0,0,0,0,0,0,0,0,0,0,0,0,46,37,111,43,47,8,2,0,0,0,0,0,0,0,0
0,13,0,0,0,0,0,0,0,7,0,17,21,153,0,11,0,5,0,114,14,141,0,12,0,0,53,351,0,8,0,27,0,18,5,57,0,71,0,4,16,10,0,72,0,135,14,58,0,16,0,0,0,4,0,0,0,8,0,19,0,0,0,5,0,0,0,0,0,0,0,0,0,0,0,2,0,0,0,0,0,0,0,0,1,0,0,0,0,0,0,0,0,0,0,21,0,0,0,17,0,0,0,18,0,0,0,0,0,0,0,0,0,0,0,0,0,0,0,0,0,23,0,5,0,0,0,0,0,0,0,0,0,0,0,0,0,0,0,8,0,0,0,49,0,0,0,0,0,0,0,0,0,0,0,0,0,0,0,0,0,0,0,5,0,43,0,14,0,116,0,6,0,47,0,0,1,30,0,0,0,0,0,0,0,0,11,54,0,39,0,0,0,0,0,0,0,0,0,0,0,0,0,0,0,0,0,0,0,0,0,0,0,0,20,0,0,0,42,63,104,21,2,0,0
9,0,74,0,10,0,207,0,337,12,0,0,0,0,25,0,201,1,30,0,59,0,50,0,101,8,0,0,6,0,0,0,0,0,0,0,4,0,5,0,1,0,0,0,0,0,0,0,51,0,0,0,0,5,499,23,491,0,233,0,46,0,57,0,0,0,37,13,0,0,23,0,0,0,4,0,0,0,0,0,111,0,0,0,267,0,0,0,0,0,133,0,0,0,0,0,212,0,277,1,44,0,0,0,0,0,0,0,0,0,0,0,0,0,0,0,0,0,0,0,42,0,51,0,17,0,19,0,36,0,46,0,26,0,43,0,54,0,201,0,124,0,454,0,32,0,0,0,12,0,12,0,0,0,310,1,156,0,89,0,23,0,50,0,0,0,15,0,77,0,321,0,11,0,0,0,152,10,1,0,0,0,0,0,30,0,0,0,0,0,0,0,0,0,0,0,0,0,0,0,38,0,0,0,3,0,0,0,18,0,183,96,332,0,439,2,87,10,2,0,2,0,0,0,0
1,19,0,0,0,0,40,84,47,291,0,0,0,0,0,0,0,130,0,1,0,0,0,11,3,33,0,0,0,16,0,8,0,2,0,2,0,27,0,14,0,0,0,0,0,0,0,0,0,0,0,4,5,0,33,116,0,92,10,62,7,80,0,93,0,1,19,18,0,0,0,0,0,0,0,0,0,0,0,0,0,0,0,0,0,4,0,0,0,0,0,0,0,0,0,0,0,0,0,0,0,0,0,0,0,0,0,0,0,0,0,0,0,0,0,0,0,0,0,0,0,0,0,0,0,0,0,0,0,2,0,0,0,0,0,21,0,12,0,82,0,31,2,4,0,65,0,0,0,1,0,0,0,0,0,153,0,102,0,60,0,12,0,0,0,0,0,0,1,0,3,37,6,0,0,0,27,31,0,0,0,0,0,14,0,44,0,0,0,0,0,0,0,0,0,0,0,0,0,0,0,0,0,0,0,0,0,0,0,7,14,5,0,0,142,0,1,0,108,53,42,93,0,10,0
9,0,104,0,20,0,271,0,224,61,4,0,19,0,102,1,45,0,0,0,34,0,86,1,147,22,0,0,6,0,0,0,0,0,0,0,2,0,0,0,0,0,0,0,0,0,29,0,30,0,0,0,499,33,0,100,80,76,88,0,22,0,18,0,6,4,17,133,0,0,0,0,0,0,0,0,0,0,0,0,3,0,0,0,15,0,0,0,0,0,0,0,0,0,0,0,0,0,0,0,0,0,0,0,0,0,0,0,0,0,0,0,0,0,0,0,0,0,0,0,0,0,3,0,0,0,50,0,38,0,25,0,51,0,44,0,68,0,31,0,18,1,99,0,10,0,0,0,5,4,21,0,0,0,32,2,17,0,35,0,9,0,0,0,0,0,0,0,8,0,72,0,17,0,0,0,98,19,4,0,0,0,8,0,42,0,6,0,0,0,0,0,0,0,0,0,0,0,0,0,0,0,0,0,0,0,11,0,38,0,64,10,55,152,96,2,19,0,0,2,0,0,0,0,0
9,16,9,50,0,11,126,175,183,228,0,1,1,0,0,39,0,44,0,9,0,0,0,58,19,196,0,0,0,9,0,1,0,0,0,0,0,2,0,2,0,0,0,4,0,0,0,6,0,0,0,0,23,116,100,0,0,155,37,74,15,0,18,79,3,11,59,11,0,0,0,0,0,0,1,0,0,0,0,0,0,0,0,0,0,16,0,0,0,0,0,0,0,0,0,0,0,0,0,0,0,0,0,0,0,0,0,0,0,0,0,0,0,0,0,0,0,0,0,0,2,0,0,0,0,60,0,0,0,11,0,53,0,0,0,161,0,63,14,45,0,7,0,21,0,10,0,8,0,16,0,25,0,4,0,38,0,9,0,13,0,65,0,0,0,0,0,0,3,8,16,61,33,55,1,0,119,23,0,0,12,0,0,4,4,22,0,0,0,0,0,0,0,0,0,0,0,0,0,13,0,0,0,0,0,0,0,20,0,83,36,8,0,21,158,0,0,0,72,12,96,199,0,37,0
2,0,0,0,0,0,3,0,0,0,0,0,0,0,0,0,8,0,4,0,0,0,0,0,15,1,0,0,0,0,0,0,0,0,1,0,0,0,0,0,0,0,0,0,0,0,0,0,11,0,0,0,491,0,80,0,0,33,161,0,0,0,0,0,52,21,7,76,1,0,0,0,0,0,0,0,0,0,0,0,0,0,0,0,0,0,0,0,0,0,0,0,0,0,0,0,0,0,0,0,0,0,0,0,0,0,0,0,0,0,0,0,0,0,0,0,0,0,0,0,0,0,0,0,0,0,18,0,61,0,47,0,39,0,0,0,11,0,2,0,0,0,0,0,0,2,2,0,15,0,0,0,0,0,26,8,4,0,25,8,58,0,59,0,0,0,0,0,17,0,81,0,0,0,0,8,7,0,0,0,1,0,2,0,32,0,0,0,0,0,0,0,0,0,0,0,0,0,0,0,0,0,0,0,0,0,0,0,0,0,267,35,174,479,746,0,52,0,0,3,0,0,0,0,0
0,0,0,8,0,0,24,0,55,0,0,0,0,0,0,27,0,83,0,0,0,0,0,47,0,158,0,0,0,8,0,0,0,0,0,3,0,0,0,0,0,0,0,0,0,0,0,0,0,0,0,8,0,92,76,155,33,0,100,400,0,3,0,16,8,13,132,43,0,0,0,0,0,0,0,0,0,1,0,0,0,0,0,0,0,0,0,0,0,1,0,0,0,0,0,0,0,0,0,0,0,0,0,0,0,0,0,0,0,0,0,0,0,0,0,0,0,0,0,0,0,0,0,0,0,31,0,10,0,46,0,33,0,7,0,41,0,18,11,28,0,2,0,16,0,0,0,0,0,3,0,14,0,0,8,91,0,3,6,68,0,170,0,13,0,0,0,0,0,15,10,242,0,42,1,27,20,0,0,0,0,0,0,0,22,32,0,0,0,0,0,0,0,0,0,0,0,0,0,7,1,0,0,1,0,0,0,8,1,32,0,5,0,0,579,1,0,0,196,78,254,391,0,67,0
0,0,0,0,0,0,4,0,17,0,0,0,0,0,0,0,5,0,0,0,0,0,9,0,10,0,0,0,0,0,0,0,0,0,0,0,0,0,0,0,0,0,0,0,0,0,0,0,16,0,0,0,233,10,88,37,161,100,0,113,28,0,0,0,140,40,81,267,0,0,0,0,2,0,0,0,0,0,0,0,0,0,1,0,0,0,0,0,0,0,0,0,0,0,2,0,0,0,0,0,0,0,0,0,0,0,0,0,0,0,0,0,0,0,0,0,0,0,0,0,0,0,0,0,19,0,0,0,0,0,199,0,14,0,0,0,0,0,0,4,0,0,0,0,0,0,0,0,82,0,0,0,0,0,28,36,82,1,0,13,120,0,19,0,0,0,0,0,41,0,145,0,0,0,0,32,35,0,0,0,0,4,0,0,116,7,0,0,0,0,0,0,0,0,0,0,0,0,0,0,0,0,0,0,0,0,0,0,0,0,770,152,243,807,1421,1,74,11,0,0,0,0,0,0,0
0,0,0,0,0,0,0,2,69,37,0,0,0,0,0,0,0,27,0,0,0,0,0,0,0,53,0,0,0,4,0,0,0,0,0,0,0,11,0,0,0,0,0,0,0,0,0,0,0,1,0,19,0,62,0,74,0,400,113,0,0,0,0,11,0,88,151,209,0,0,0,0,0,0,0,0,0,0,0,0,0,0,0,0,0,0,0,0,0,0,0,0,0,0,0,0,0,0,1,0,0,0,0,0,0,0,0,0,0,0,0,0,0,0,0,0,0,0,0,0,0,0,0,0,0,66,0,0,0,8,0,86,0,7,0,0,0,0,0,6,0,0,0,0,0,5,0,8,0,20,0,13,0,2,7,68,0,31,0,42,0,63,0,15,0,0,0,0,0,21,0,228,0,63,0,66,37,0,0,0,0,0,0,0,35,56,0,0,0,0,0,0,0,0,0,1,0,0,0,0,0,0,0,0,0,0,0,0,0,16,0,8,0,0,1381,0,0,0,517,165,310,628,11,104,2
110,0,91,0,0,0,285,0,265,10,0,0,0,0,0,0,8,0,0,0,0,0,0,2,19,28,5,0,11,0,0,0,3,0,5,0,29,0,7,0,0,0,0,0,0,0,0,0,0,0,0,0,46,7,22,15,0,0,28,0,0,0,66,0,0,0,23,0,0,0,0,0,0,0,0,0,0,0,0,0,0,0,0,0,0,0,0,0,0,0,0,0,0,0,0,0,0,0,0,0,0,0,0,0,0,0,0,0,0,0,0,0,0,0,0,0,0,0,0,0,0,0,0,0,0,0,0,0,5,0,2,0,0,0,0,0,0,0,86,0,62,0,2,0,91,0,0,0,0,0,0,0,0,0,18,0,123,0,6,0,0,0,0,0,0,0,1,0,0,0,108,0,55,0,0,0,102,22,0,0,0,0,0,0,0,1,0,0,0,0,0,0,0,0,0,0,0,0,0,0,0,0,0,0,0,0,0,0,0,0,53,16,28,81,37,0,11,0,0,0,0,2,0,0,0
0,232,0,22,0,0,0,116,0,79,0,7,0,0,0,0,0,28,0,0,0,8,0,8,5,60,0,0,0,69,0,4,0,23,0,10,0,59,0,20,0,0,0,0,0,6,0,0,0,0,0,0,0,80,0,0,0,3,0,0,0,0,0,59,0,0,0,2,0,0,0,0,0,0,0,2,0,0,0,0,0,28,0,1,0,16,0,0,0,0,0,0,0,0,0,0,0,0,0,0,0,0,0,0,0,0,0,0,0,0,0,0,0,0,0,0,0,0,0,0,0,0,0,6,0,0,0,0,0,0,0,0,0,0,0,0,0,15,0,49,0,102,0,25,0,155,0,0,0,0,0,0,0,3,0,9,0,104,0,28,0,0,0,0,0,0,0,2,0,1,0,34,0,70,0,0,5,32,0,0,0,0,0,17,0,1,0,0,0,0,0,0,0,0,0,0,0,1,0,0,0,0,0,0,0,0,0,0,0,0,0,0,0,0,14,0,0,0,25,263,17,13,0,6,0
44,0,72,0,0,0,221,0,234,0,0,0,0,0,17,0,151,0,25,0,74,0,4,0,28,32,32,0,9,0,7,0,3,0,10,0,32,0,3,0,0,0,32,0,64,0,11,0,27,0,21,0,57,0,18,18,0,0,0,0,66,0,0,5,0,0,0,2,0,0,32,0,0,0,8,0,0,0,2,0,0,0,0,0,36,0,0,0,0,0,0,0,0,0,0,0,34,0,68,0,0,0,0,0,0,0,0,0,0,0,0,0,0,0,0,0,0,0,0,0,29,0,17,0,0,0,0,0,7,0,0,0,0,0,0,0,27,0,119,0,177,0,52,0,71,0,0,0,0,0,0,0,0,0,44,0,27,0,33,0,1,0,0,0,0,0,0,0,0,0,9,0,9,0,0,0,91,25,0,0,0,0,6,0,0,0,0,0,0,0,0,0,0,0,0,0,0,0,0,0,0,0,0,0,0,0,0,0,0,0,17,12,16,21,23,0,4,0,4,0,0,0,0,0,0
15,202,14,7,0,0,19,250,5,257,0,0,0,0,0,0,0,61,0,0,0,42,6,13,24,238,0,0,0,51,0,27,0,23,0,26,0,48,0,33,0,0,0,31,0,0,0,0,0,0,0,5,0,93,0,79,0,16,0,11,0,59,5,0,0,0,0,0,0,0,0,0,0,0,0,0,0,0,0,0,0,0,0,0,0,0,0,0,0,0,0,0,0,0,0,0,0,0,0,0,0,0,0,0,0,0,0,0,0,0,0,0,0,0,0,0,0,0,0,0,0,0,0,0,0,0,0,0,0,2,0,0,0,0,0,8,0,0,0,84,0,23,0,15,0,51,0,0,0,0,0,3,0,2,0,44,0,42,0,32,0,0,0,0,0,1,0,0,0,0,2,0,13,10,0,0,8,46,0,0,0,0,0,19,0,0,0,0,0,0,0,0,0,0,0,0,0,0,0,0,0,0,0,0,0,0,0,0,0,10,8,0,0,5,12,0,1,0,0,117,0,0,0,2,0
21,0,24,0,30,0,15,0,73,0,13,0,35,0,14,0,0,2,0,0,5,0,0,0,0,0,17,0,0,0,0,0,0,0,0,0,0,0,0,0,13,0,0,0,0,0,0,0,7,0,0,0,0,0,6,3,52,8,140,0,0,0,0,0,0,0,307,0,1,0,0,0,0,0,0,0,0,0,0,0,0,0,0,0,0,0,0,0,0,0,0,0,0,0,0,0,0,0,0,0,1,0,0,0,0,0,0,0,0,0,0,0,0,0,0,0,0,0,0,0,0,0,0,0,36,0,32,0,0,0,58,0,0,0,7,0,0,0,4,13,1,0,3,0,4,4,42,0,104,0,23,0,12,0,2,46,0,0,0,28,195,43,0,0,0,0,0,0,0,0,0,0,0,0,24,6,0,0,0,0,58,30,10,0,352,0,0,0,0,0,0,0,0,0,0,0,0,0,0,0,0,0,0,0,0,0,5,0,16,0,309,24,0,51,292,0,0,2,3,0,0,0,0,0,0
0,23,0,1,0,6,0,5,0,113,0,0,0,0,0,26,0,0,0,50,0,9,0,0,0,1,0,29,0,0,0,0,0,2,0,0,0,0,0,1,0,0,0,0,0,0,0,2,0,0,0,0,0,1,4,11,21,13,40,88,0,0,0,0,0,0,17,387,0,0,0,9,0,0,0,2,0,0,0,0,0,28,0,0,0,7,0,13,0,0,0,0,0,0,0,0,2,0,0,8,0,0,0,0,0,0,0,0,0,0,0,0,0,0,0,0,0,0,0,0,0,0,0,0,0,91,0,10,5,0,0,108,0,0,0,0,0,2,32,24,0,31,0,0,0,66,0,58,0,158,0,19,0,16,10,9,0,5,19,8,65,180,0,0,0,3,0,0,1,2,0,0,0,0,6,130,3,0,0,1,21,85,0,0,24,129,0,0,0,0,0,0,0,0,0,0,0,0,0,1,0,0,0,0,0,0,0,0,0,11,0,1,0,0,152,0,0,0,172,45,23,0,0,0,0
5,0,5,0,1,0,50,0,183,0,0,0,0,0,0,0,0,0,0,0,0,0,0,0,0,0,0,0,0,0,0,0,0,0,0,0,0,0,0,0,0,0,0,0,0,0,0,0,6,0,0,0,37,19,17,59,7,132,81,151,23,0,0,0,307,17,0,202,0,0,0,0,0,0,0,0,0,0,0,0,0,0,0,0,0,0,0,0,0,0,0,0,0,0,0,0,0,0,0,0,0,0,0,0,0,0,0,0,0,0,0,0,0,0,0,0,0,0,0,0,0,0,0,0,0,0,1,0,0,0,15,0,0,0,0,0,0,0,0,0,0,0,0,0,0,0,0,0,24,0,0,0,0,0,0,28,36,0,0,18,126,0,0,0,0,0,0,0,0,0,49,0,0,0,0,31,173,0,0,0,0,2,13,0,323,0,0,0,0,0,0,0,0,0,0,0,0,0,0,0,0,0,0,0,0,0,0,0,0,0,343,120,61,200,369,0,22,0,3,0,0,0,0,0,0
0,6,0,0,0,1,55,0,111,131,0,1,0,6,0,0,0,0,0,0,0,0,0,0,0,3,0,9,0,0,0,0,0,0,0,0,0,0,0,0,0,1,0,0,0,0,0,4,0,0,0,0,13,18,133,11,76,43,267,209,0,2,2,0,0,387,202,0,0,0,0,0,0,0,0,0,0,0,0,0,0,0,0,0,0,0,0,0,0,0,0,0,0,0,0,0,0,0,0,0,0,0,0,0,0,0,0,0,0,0,0,0,0,0,0,0,0,0,0,0,0,0,0,0,0,12,0,1,1,0,0,33,0,0,3,0,0,0,0,0,0,0,0,0,0,8,0,4,0,20,0,0,0,0,5,29,0,36,0,38,0,17,0,0,0,2,0,0,0,4,0,62,0,15,0,244,110,10,0,0,0,0,0,0,53,431,0,0,0,0,0,0,0,0,0,0,0,0,0,0,0,0,0,0,0,0,0,2,0,0,8,0,0,8,770,0,0,0,437,225,106,258,2,32,0
0,0,0,0,0,0,0,0,0,0,0,0,0,0,0,0,0,0,0,0,0,0,0,0,0,0,0,0,0,0,0,0,0,0,0,0,0,0,0,0,0,0,0,0,0,0,0,0,6,0,0,0,0,0,0,0,1,0,0,0,0,0,0,0,1,0,0,0,0,0,5,0,8,0,0,0,242,0,21,0,0,0,14,0,0,0,13,0,15,0,0,0,3,0,14,0,0,0,0,0,16,0,72,0,0,0,31,0,72,0,16,0,1,0,35,0,11,0,0,0,0,0,4,0,0,0,0,0,0,0,0,0,0,1,0,0,0,0,0,0,0,0,0,0,0,0,0,0,0,0,0,0,0,0,0,0,0,0,0,0,0,0,45,0,8,0,0,0,290,0,11,0,0,0,0,0,0,0,0,0,0,0,0,0,1,0,0,0,0,0,0,0,0,0,36,0,13,0,0,0,0,0,0,0,0,0,0,0,0,0,47,1,44,0,0,99,83,0,0,0,0,0,0,0,0
0,0,0,0,0,0,0,0,0,1,0,0,0,0,0,0,0,0,0,0,0,0,0,0,0,0,0,0,0,0,0,0,0,0,0,0,0,0,0,0,0,0,0,0,0,1,0,0,0,10,0,0,0,0,0,0,0,0,0,0,0,0,0,0,0,0,0,0,0,0,0,0,0,0,0,0,0,74,0,0,0,0,0,21,0,0,0,0,0,12,0,0,0,43,0,7,0,0,0,0,0,0,0,62,0,0,0,0,0,28,0,1,0,0,0,1,0,2,0,0,0,0,0,0,0,0,0,0,0,0,0,0,0,0,0,0,0,0,0,0,0,0,0,0,0,0,0,0,0,0,0,0,0,0,0,0,0,2,0,0,0,0,0,0,0,38,0,0,0,120,0,11,0,0,0,0,0,0,0,0,0,0,0,0,0,0,0,0,0,0,0,0,0,0,0,0,0,0,0,0,0,4,0,0,0,0,0,0,0,0,0,0,0,0,3,0,0,0,23,9,172,0,20,87,0
0,0,0,0,0,0,0,0,0,0,0,0,0,0,0,0,98,1,0,0,69,0,0,0,3,0,28,0,6,0,0,0,1,0,10,0,59,0,0,0,0,0,47,0,23,0,0,0,14,0,57,0,23,0,0,0,0,0,0,0,0,0,32,0,0,0,0,0,5,0,0,0,122,0,91,0,6,0,83,0,63,0,0,0,11,0,63,0,0,0,0,0,0,0,0,0,0,0,14,0,0,0,0,0,0,0,0,0,0,0,0,0,0,0,0,0,0,0,0,0,33,0,42,0,15,0,10,0,0,0,0,0,27,0,0,0,4,0,6,0,73,0,40,0,73,0,38,0,5,0,60,0,8,0,0,0,6,0,4,0,0,0,78,0,0,0,8,0,26,0,19,0,19,0,10,0,0,0,0,0,0,0,0,0,0,0,0,0,0,0,0,0,0,0,0,0,0,0,0,0,0,0,0,0,0,0,0,0,9,0,13,7,53,0,22,0,0,0,0,0,0,0,0,0,0
0,0,0,0,0,0,0,0,0,0,0,0,0,0,0,0,0,0,0,0,0,0,0,0,0,0,0,0,0,0,0,0,0,0,0,0,0,0,0,0,0,0,0,7,0,0,0,0,0,0,0,0,0,0,0,0,0,0,0,0,0,0,0,0,0,9,0,0,0,0,0,0,0,119,0,270,0,4,0,9,0,4,0,0,0,3,0,77,0,0,0,0,0,0,0,0,0,0,0,0,0,0,0,0,0,0,0,0,0,0,0,0,0,0,0,0,0,0,0,0,0,8,0,11,0,0,0,0,0,0,0,6,0,0,0,0,0,0,1,0,0,11,0,17,0,19,0,0,0,12,0,0,0,0,0,0,0,0,0,0,0,0,0,9,0,0,0,0,0,1,0,4,0,9,0,7,0,0,0,0,2,0,0,0,0,0,0,0,0,0,0,0,0,0,0,0,0,0,0,0,0,0,0,0,0,0,0,0,0,0,0,0,0,0,0,0,0,0,33,0,2,0,0,0,0
0,0,0,0,0,0,0,0,1,0,0,0,0,0,0,0,0,0,0,0,0,0,0,0,0,0,0,0,0,0,0,0,0,0,0,0,0,0,0,0,0,0,0,0,0,0,0,0,0,0,0,0,0,0,0,0,0,0,2,0,0,0,0,0,0,0,0,0,8,0,122,0,0,0,99,0,37,0,179,0,3,0,8,0,20,0,17,0,0,0,0,0,12,0,2,0,8,0,1,0,0,0,0,0,0,0,0,0,0,0,0,0,0,0,0,0,0,0,0,0,49,0,60,0,20,0,10,0,7,0,6,0,36,1,27,0,0,0,0,0,23,0,49,0,25,0,9,1,6,0,33,0,5,0,0,0,0,0,0,0,0,0,36,0,3,0,0,0,10,0,0,0,2,0,0,0,0,0,0,0,6,0,0,0,0,0,0,0,0,0,0,0,35,0,0,0,4,0,76,0,28,0,43,0,25,0,0,0,25,0,83,0,13,0,25,0,0,0,0,0,0,0,0,0,0
0,0,0,0,0,1,0,0,0,0,0,0,0,0,0,0,0,1,0,0,0,13,0,0,0,0,0,0,0,0,0,0,0,0,0,2,0,0,0,0,0,0,0,0,0,0,0,0,0,0,0,0,0,0,0,0,0,0,0,0,0,0,0,0,0,0,0,0,0,0,0,119,0,0,0,106,0,7,0,19,0,0,0,5,0,33,0,31,0,0,0,0,0,0,0,0,0,0,0,1,0,0,0,0,0,7,0,0,0,0,0,0,0,0,0,0,0,0,0,0,0,55,0,26,0,0,0,27,0,1,0,0,0,0,0,86,0,40,0,3,0,10,0,52,0,38,0,0,0,0,0,36,0,0,0,0,0,0,0,0,0,2,0,25,0,0,0,0,0,9,0,1,0,0,0,0,0,0,0,0,0,0,0,0,0,0,0,0,0,28,0,0,0,0,0,0,0,0,1,88,0,63,0,78,0,25,0,56,0,31,0,0,0,0,3,0,0,0,35,0,5,2,0,0,1
0,0,0,0,0,0,0,0,0,0,0,0,4,0,0,0,9,0,0,0,0,0,0,0,2,0,0,0,4,0,0,0,0,0,0,0,12,0,0,0,0,0,4,0,0,0,0,0,0,0,12,0,4,0,0,1,0,0,0,0,0,0,8,0,0,0,0,0,0,0,91,0,99,0,0,0,18,0,120,0,23,0,11,0,35,0,28,0,0,0,0,0,0,0,14,0,0,0,8,0,0,0,0,0,0,0,0,0,0,0,0,0,0,0,0,0,0,0,0,0,40,0,60,0,0,0,0,0,0,0,0,0,0,0,0,0,0,0,6,0,47,0,40,0,17,0,0,0,5,0,12,0,0,0,1,0,0,0,4,0,0,0,12,0,0,0,4,0,0,0,0,0,0,0,4,0,0,0,0,0,5,0,0,0,1,0,0,0,0,0,0,0,0,0,0,0,0,0,28,0,14,0,12,0,10,0,0,0,0,0,13,2,0,0,0,0,0,0,0,0,0,0,0,0,0
0,0,0,0,0,0,0,0,0,0,0,1,0,0,0,0,0,4,0,0,0,9,0,0,0,0,0,0,0,1,0,0,0,0,0,0,0,0,0,0,0,0,0,0,0,0,0,0,0,0,0,2,0,0,0,0,0,0,0,0,0,2,0,0,0,2,0,0,0,0,0,270,0,106,0,0,0,0,0,36,0,2,0,1,0,0,0,44,0,0,0,0,0,0,0,0,0,0,0,0,0,0,0,0,0,0,0,0,0,0,0,0,0,0,0,0,0,0,0,0,0,139,0,62,0,25,0,12,0,0,0,0,1,9,0,21,0,15,0,0,0,22,0,35,0,100,0,0,0,13,0,0,0,17,0,0,0,4,0,0,0,0,0,27,0,0,0,0,0,3,0,10,0,10,0,3,0,0,0,0,7,17,0,0,0,1,0,0,0,0,0,0,0,4,0,0,0,0,0,0,0,0,0,0,0,0,0,0,0,9,0,0,0,0,0,0,0,0,60,5,4,1,0,0,0
0,0,1,0,0,0,0,0,0,0,0,0,0,0,0,0,0,0,0,0,0,0,0,0,0,0,0,0,0,0,0,0,0,0,0,0,0,0,0,0,0,0,0,0,2,0,0,0,0,0,0,0,0,0,0,0,0,0,0,0,0,0,0,0,0,0,0,0,242,0,6,0,37,0,18,0,0,0,40,0,3,0,22,0,9,0,26,0,1,0,0,0,10,0,7,0,0,0,15,0,0,0,24,0,15,0,0,0,37,0,0,0,0,0,12,0,5,0,0,0,0,0,0,0,0,0,0,0,0,0,0,0,0,0,0,0,0,0,0,0,0,0,0,0,2,0,0,0,0,0,0,0,0,0,0,0,0,0,0,0,0,0,4,0,2,0,0,0,36,0,4,0,0,0,0,0,0,0,0,0,0,0,0,0,0,0,0,0,0,0,0,0,0,0,0,0,0,0,0,0,0,0,0,0,20,0,0,0,0,0,18,0,13,0,5,5,16,0,0,0,0,0,0,0,0
0,0,0,0,0,0,0,0,0,0,0,0,0,0,0,0,0,0,0,0,0,0,0,0,0,0,0,0,0,0,0,0,0,0,0,0,0,0,0,0,0,0,0,3,0,0,0,0,0,5,0,0,0,0,0,0,0,1,0,0,0,0,0,0,0,0,0,0,0,74,0,4,0,7,0,0,0,0,0,1,0,37,0,115,0,16,0,70,0,11,0,4,0,19,0,24,0,6,0,32,0,3,0,97,0,27,0,0,0,22,0,1,0,0,0,1,0,9,0,0,0,13,0,0,0,0,0,0,0,0,0,2,0,0,0,17,0,5,0,0,0,0,0,0,0,3,0,0,0,0,0,10,0,0,0,0,0,0,0,0,0,2,0,7,0,11,0,0,0,78,0,3,0,0,0,0,0,0,0,0,0,0,0,0,0,0,0,0,0,46,0,0,0,5,0,44,0,0,0,0,0,38,0,37,0,55,0,9,0,0,0,0,0,0,3,0,0,0,12,0,17,0,4,1,0
0,0,0,0,0,0,0,0,0,0,0,0,0,0,0,0,0,0,0,0,0,0,0,0,0,0,0,0,0,0,0,0,0,0,0,0,0,0,0,0,0,0,0,0,0,0,0,0,0,0,8,0,0,0,0,0,0,0,0,0,0,0,2,0,0,0,0,0,21,0,83,0,179,0,120,0,40,0,0,0,5,0,30,0,36,0,48,0,0,0,0,0,8,0,6,0,16,0,3,0,0,0,4,0,0,0,10,0,1,0,0,0,0,0,0,0,2,0,0,0,28,0,28,0,0,0,0,0,0,0,0,0,0,0,16,0,0,0,0,0,9,0,19,0,8,0,0,0,0,0,7,0,0,0,0,0,0,0,2,0,0,0,22,0,2,0,3,0,60,0,0,0,0,0,0,0,0,0,0,0,0,0,0,0,1,0,0,0,0,0,0,0,0,0,0,0,5,0,57,0,40,0,0,0,0,0,0,0,0,0,78,2,20,1,18,4,5,0,0,0,0,0,0,0,0
0,0,0,0,0,0,0,0,0,0,0,0,0,0,0,0,0,0,0,0,0,0,0,0,0,0,0,0,0,0,0,1,0,0,0,0,0,2,0,0,0,0,0,0,0,0,0,0,0,0,0,0,0,0,0,0,0,0,0,0,0,0,0,0,0,0,0,0,0,0,0,9,0,19,0,36,0,1,0,0,0,0,0,0,0,9,0,18,0,0,0,0,0,0,0,0,0,0,0,0,0,0,0,0,0,0,0,0,0,0,0,0,0,0,0,0,0,0,0,0,0,17,0,22,0,0,0,0,0,0,0,0,0,0,0,28,0,0,0,0,0,6,0,18,0,8,0,4,0,0,0,0,0,0,0,0,0,0,0,0,0,0,0,8,0,0,0,0,0,0,0,0,0,0,0,0,0,0,0,0,0,0,0,0,0,0,0,0,0,0,0,0,0,0,0,0,0,1,0,3,0,10,0,5,0,0,0,0,0,0,0,0,0,0,1,0,0,0,35,1,0,0,0,0,0
