0,84,42,34,136,0,40,51,116,0,137,0,100,0,12,13,117,28,0,0,9,0,21,39,10,124,31,0,61,0,0,0,51,0,0,0,133,0,547,0,0,0,0,0,7,0,0,0,0,0,0,0,0,1,0,32,0,0,0,0,147,2,121,10,15,0,19,0,0,0,0,0,0,0,0,0,0,0,0,0,0,0,0,0,0,0,0,0,0,0,0,0,0,0,0,0,0,0,0,0,0,0,0,0,0,0,0,0,0,0,0,0,0,0,0,0,0,0,0,0,0,0,0,0,0,0,0,0,0,0,0,0,0,0,13,0,0,0,0,0,0,0,0,0,0,0,11,0,31,0,28,0,0,0,0,0,0,0,0,0,3,0,0,0,0,0,53,0,11,0,26,0,435,0,0,0,299,113,52,0,0,0,100,0,75,0,0,0,0,0,0,0,0,0,0,0,0,0,6,0,0,0,0,0,0,0,0,0,0,0,520,103,507,0,85,0,0,0,0,0,0,0,0,0,0
84,0,100,43,0,210,32,101,0,135,8,207,0,118,0,16,86,101,0,105,3,18,188,87,133,22,0,252,0,72,0,7,0,131,0,0,0,210,0,338,0,46,1,0,0,0,0,198,0,18,0,0,0,0,0,18,0,5,0,0,0,120,2,62,0,87,0,28,0,0,0,15,0,0,0,0,0,0,0,0,0,0,0,9,0,4,0,14,0,0,0,0,0,0,0,0,0,0,0,0,0,0,0,0,0,0,0,51,0,3,0,0,0,4,0,0,0,0,0,6,0,0,0,0,0,14,0,21,0,0,0,55,0,0,0,199,0,85,0,5,0,0,0,0,0,0,0,54,1,127,0,152,0,116,0,0,0,0,0,0,0,16,0,20,1,18,0,0,0,17,0,60,0,274,0,0,160,409,0,13,0,34,5,20,0,126,0,0,0,0,0,0,0,0,0,0,0,0,0,39,0,0,0,0,0,3,0,0,0,141,0,0,0,0,232,0,0,0,743,66,489,152,0,55,0
42,100,0,0,466,0,126,0,20,0,122,22,128,0,409,0,63,45,201,0,105,0,172,47,61,74,144,0,388,0,77,0,181,0,0,0,153,0,719,0,45,0,0,0,91,0,0,0,18,0,0,0,0,0,94,0,22,0,0,0,0,0,0,0,37,0,5,0,0,0,0,0,0,0,0,0,0,0,0,0,0,0,0,0,0,0,0,0,0,0,0,0,0,0,0,0,153,0,0,0,0,0,15,0,0,0,0,0,0,0,0,0,0,0,0,0,0,0,0,0,0,0,0,0,18,0,47,0,0,0,30,0,0,0,524,0,189,0,0,0,16,0,221,0,0,0,41,0,66,0,129,0,12,0,11,0,0,0,4,0,11,0,0,0,0,0,206,0,102,0,23,0,465,0,0,0,183,86,3,0,0,0,31,0,40,0,0,0,0,0,0,0,0,0,0,0,0,0,36,0,273,0,0,0,0,0,0,0,105,0,609,59,501,0,103,0,0,0,0,0,0,0,0,0,0
34,43,0,0,0,170,0,261,0,8,52,4,0,0,57,355,19,55,0,241,10,94,137,372,0,186,0,148,0,139,0,35,0,340,0,0,9,147,0,284,0,20,0,0,0,0,0,64,0,0,0,18,0,0,0,66,0,0,0,0,0,0,0,6,0,0,0,0,0,0,0,0,0,0,0,0,0,0,0,0,0,0,0,0,0,0,0,0,0,0,0,0,0,0,0,0,0,0,0,0,0,0,0,0,0,0,0,0,0,0,0,0,0,0,0,0,0,0,0,0,0,0,0,0,0,10,0,0,0,0,0,38,0,0,0,347,0,225,0,0,0,0,0,0,0,0,0,0,0,0,1,0,0,0,0,0,0,0,0,0,0,0,0,0,0,11,0,110,0,21,0,38,0,155,0,0,103,65,0,0,0,0,0,0,0,0,0,0,0,0,0,0,0,0,0,0,0,0,0,0,0,86,0,0,0,0,0,0,0,0,0,3,0,0,74,0,0,0,293,0,351,0,0,0,0
136,0,466,0,0,185,67,0,81,0,164,86,366,75,129,121,16,0,61,148,82,25,38,41,0,0,201,0,0,0,164,0,277,0,216,31,261,23,0,0,102,0,0,0,0,0,103,0,9,0,0,0,0,0,0,0,0,0,0,0,0,0,0,0,40,0,0,0,0,0,0,0,0,0,0,0,0,0,0,0,0,0,0,0,0,0,0,0,0,0,0,0,0,0,0,0,0,0,0,0,0,0,0,0,0,0,60,0,0,0,0,0,0,0,0,0,0,0,0,0,0,0,0,0,0,0,0,0,0,0,0,0,0,0,165,0,0,0,0,0,0,0,0,0,0,0,46,0,152,0,250,0,111,0,1,0,0,0,0,0,0,0,0,0,129,0,339,0,194,0,14,0,264,0,56,0,144,144,88,0,141,0,60,0,233,0,0,4,0,0,0,0,0,0,0,0,4,0,0,0,107,0,0,0,0,0,0,0,60,0,425,210,650,77,70,0,0,0,11,0,0,0,0,0,0
0,210,0,170,185,0,0,75,0,37,82,148,159,172,275,168,0,0,210,363,60,251,37,144,0,13,0,405,0,0,0,88,0,393,0,459,12,300,0,17,0,33,0,0,0,0,0,138,0,5,8,99,0,0,0,0,0,0,0,0,0,0,0,0,0,25,0,0,0,0,0,0,0,0,0,0,0,0,0,0,0,0,0,0,0,0,0,0,0,0,0,0,0,0,0,0,0,0,0,0,0,0,0,0,0,0,0,0,0,0,0,0,0,0,0,0,0,0,0,0,0,0,0,0,0,0,0,0,0,0,0,11,0,0,0,170,0,72,0,0,0,0,0,0,0,0,0,0,0,64,0,111,0,0,0,0,0,0,0,0,0,0,0,7,0,46,0,300,0,101,0,41,0,157,0,0,46,228,13,33,0,52,0,0,0,98,0,22,0,0,0,0,0,0,0,0,0,0,0,0,0,0,0,0,0,0,0,0,0,26,0,0,0,0,175,0,0,0,539,168,569,0,0,0,0
40,32,126,0,67,0,0,0,56,53,24,0,19,0,27,0,14,15,0,0,29,0,11,0,238,68,0,0,77,0,0,0,11,0,0,0,51,0,263,0,12,0,0,0,27,0,0,0,0,0,0,0,103,0,147,51,44,0,5,0,429,0,529,0,61,0,88,0,0,0,0,0,0,0,0,0,0,0,0,0,0,0,0,0,0,0,6,0,0,0,0,0,0,0,0,0,0,0,0,0,0,0,0,0,0,0,0,0,0,0,0,0,0,0,0,0,0,0,0,0,0,0,0,0,36,0,50,0,47,0,64,1,12,0,107,0,32,0,0,0,0,0,62,0,0,0,27,0,69,0,52,0,0,0,4,0,2,0,7,0,41,0,0,0,17,0,0,0,32,0,59,0,455,0,0,0,77,58,4,0,0,0,9,0,6,0,0,0,0,0,0,0,0,0,0,0,0,0,7,0,65,0,0,0,0,0,0,0,110,0,627,33,572,0,251,0,8,2,0,0,0,0,0,0,0
51,101,0,261,0,75,0,0,21,20,0,20,2,13,0,196,30,27,0,111,0,88,16,50,131,134,0,105,0,179,0,0,0,75,0,0,0,97,0,660,0,6,0,0,0,12,0,23,0,0,0,13,0,22,0,280,0,14,0,30,0,218,33,306,0,3,0,6,0,0,0,0,0,0,0,0,0,0,0,0,0,0,0,0,0,0,0,0,0,0,0,0,0,0,0,0,0,6,0,0,0,0,0,0,0,0,0,0,0,0,0,0,0,0,0,0,0,0,0,0,0,0,0,0,0,5,0,0,0,0,0,45,0,18,0,189,0,141,0,0,0,0,0,0,0,0,0,0,0,0,0,12,0,0,0,9,0,0,0,22,0,37,0,26,0,18,0,27,0,29,0,61,0,325,0,0,50,82,0,0,0,0,6,8,0,2,0,0,0,0,0,0,0,0,0,0,0,0,0,0,0,29,0,0,0,1,0,0,0,50,5,0,0,0,291,0,0,0,561,10,807,242,0,127,0
116,0,20,0,81,0,56,21,0,164,51,0,28,0,0,0,13,0,0,0,0,0,3,0,25,0,0,0,0,0,0,0,0,0,0,0,0,0,0,0,17,0,0,0,0,0,16,0,0,0,0,0,259,3,159,156,58,10,158,19,245,0,363,8,100,1,100,70,0,0,0,0,0,0,0,0,0,0,0,0,0,0,2,0,0,0,0,0,0,0,0,0,0,0,0,0,0,0,0,0,0,1,0,0,0,0,0,0,0,0,0,0,0,0,0,0,0,0,3,0,0,0,0,0,10,0,7,0,0,0,9,0,0,0,18,0,0,0,0,0,0,0,0,0,0,0,6,0,24,0,35,0,22,0,9,0,27,0,0,0,6,0,0,0,0,0,0,0,12,0,143,0,244,0,0,0,286,45,7,0,0,0,32,0,181,17,0,0,0,0,0,0,0,0,0,0,0,0,5,0,13,2,0,0,0,0,0,0,15,0,454,57,426,238,147,0,16,0,0,0,5,0,0,3,0
0,135,0,8,0,37,53,20,164,0,0,51,0,0,1,3,18,10,0,40,0,0,0,0,206,0,0,55,0,1,0,0,0,0,0,0,0,12,0,0,0,0,0,0,0,0,0,14,0,0,0,0,34,127,70,158,6,17,37,61,0,427,62,327,0,188,11,285,0,0,0,0,0,0,0,0,0,0,0,0,0,0,0,0,0,0,0,3,0,0,0,0,0,0,0,0,0,0,0,0,0,0,0,0,0,0,0,0,0,0,0,0,0,0,0,0,0,0,0,0,0,0,0,0,1,14,0,27,0,4,0,76,0,23,0,69,0,21,0,0,0,0,0,0,0,2,0,35,0,125,0,57,0,31,0,0,0,59,0,12,0,50,0,4,0,5,0,0,0,5,0,64,0,60,0,4,161,232,0,0,0,0,0,60,0,81,0,0,0,0,0,0,0,0,0,0,0,0,0,20,0,0,0,0,0,0,0,8,0,106,0,2,23,0,260,0,0,0,586,30,381,258,0,109,0
137,8,122,52,164,82,24,0,51,0,0,36,328,0,40,83,16,0,0,0,51,0,34,45,0,0,36,0,0,0,55,0,176,0,63,0,217,0,0,1,98,0,0,0,16,0,83,0,19,0,9,0,0,0,0,0,0,0,0,0,0,0,0,0,0,0,4,0,0,0,0,0,0,0,0,0,0,0,0,0,0,0,0,0,0,0,0,0,0,0,0,0,0,0,0,0,0,0,0,0,0,0,0,0,0,0,0,0,0,0,0,0,0,0,0,0,0,0,0,0,0,0,0,0,0,0,0,0,0,0,0,0,0,0,0,0,0,0,0,0,0,0,0,0,0,0,0,0,25,0,86,0,49,0,0,0,0,0,0,0,0,0,0,0,0,0,105,0,96,0,0,0,114,0,54,0,170,75,116,3,74,0,71,0,106,0,0,0,0,0,0,0,0,0,0,0,0,0,0,0,0,0,0,0,0,0,3,0,8,0,241,162,331,0,0,0,0,0,3,0,15,0,0,0,0
0,207,22,4,86,148,0,20,0,51,36,0,42,339,120,18,5,27,97,37,21,83,33,109,0,0,0,136,0,19,0,45,0,268,0,184,0,227,0,45,0,107,0,0,0,0,0,197,0,17,0,16,0,0,0,3,0,0,0,5,0,2,0,0,1,12,0,0,0,0,0,0,0,0,0,0,0,0,0,0,0,0,0,0,0,0,0,0,0,0,0,0,0,0,0,0,0,0,0,0,0,0,0,0,0,0,0,0,0,0,0,0,0,0,0,0,0,0,0,0,0,0,0,0,0,0,0,0,0,1,0,7,0,0,0,0,0,0,0,0,0,0,0,0,0,0,0,0,0,38,0,76,0,67,0,0,0,0,0,0,0,0,0,3,0,0,0,90,0,0,0,18,0,58,0,0,42,165,6,28,0,48,0,6,0,67,0,10,0,0,0,0,0,0,0,0,0,0,0,0,0,0,0,0,0,0,0,0,0,0,0,0,12,0,75,0,0,0,341,99,254,0,0,0,0
100,0,128,0,366,159,19,2,28,0,328,42,0,475,46,34,0,0,132,411,72,95,0,0,0,0,307,316,0,0,21,0,8,0,316,25,69,0,0,0,270,0,122,37,60,0,196,0,83,2,350,0,0,0,0,0,0,0,0,0,0,0,0,0,0,0,0,0,0,0,0,0,0,0,0,0,0,0,0,0,0,0,0,0,3,0,0,0,0,0,0,0,0,0,0,0,0,0,0,0,0,0,0,0,0,0,0,0,0,0,0,0,0,0,0,0,0,0,0,0,0,0,0,0,0,0,0,0,0,0,0,0,0,0,0,0,0,0,0,0,0,0,0,0,0,0,0,0,0,0,127,0,118,0,0,0,0,0,0,0,1,0,0,0,114,0,19,0,0,0,0,1,10,0,171,0,108,235,183,0,279,0,134,0,136,0,94,14,0,0,0,0,0,0,0,0,0,0,0,0,0,0,0,0,0,0,0,0,0,0,104,251,331,50,0,0,0,1,0,0,0,0,0,0,0
0,118,0,0,75,172,0,13,0,0,0,339,475,0,21,0,0,0,358,50,0,48,0,0,0,0,501,142,0,0,0,0,0,0,0,115,0,59,0,0,163,244,73,103,56,48,87,260,0,34,30,162,0,0,0,0,0,0,0,0,0,0,0,0,0,0,0,0,0,0,0,0,0,0,0,0,0,0,0,0,0,0,0,0,0,0,0,0,0,0,0,0,0,0,0,0,0,0,0,0,0,0,0,0,0,0,0,0,0,0,0,0,0,0,0,0,0,0,0,10,0,0,0,0,0,0,0,0,0,0,0,0,0,0,0,0,0,0,0,0,0,0,0,0,0,0,0,0,0,0,0,0,0,0,0,0,0,0,0,0,0,0,0,0,0,40,0,0,0,0,0,0,0,0,0,0,0,380,0,160,0,184,0,42,0,58,30,92,0,0,0,0,0,0,0,0,0,0,0,0,0,0,0,0,0,0,0,0,0,0,0,0,0,0,27,0,0,0,0,384,267,0,0,0,0
12,0,409,57,129,275,27,0,0,1,40,120,46,21,0,201,34,0,479,77,135,26,402,50,55,0,274,0,13,0,131,0,131,44,72,24,82,36,0,0,21,0,0,0,26,0,23,2,3,0,12,0,0,0,0,0,6,0,0,0,0,0,13,0,19,0,3,0,0,0,0,0,0,0,0,0,0,0,0,0,0,0,0,0,0,0,0,0,0,0,0,0,0,0,0,0,357,0,0,0,0,0,0,0,0,0,0,0,0,0,0,0,0,0,0,0,0,0,0,0,0,0,0,0,0,0,0,0,0,0,0,0,0,0,191,0,139,0,0,0,0,0,0,0,0,0,0,0,51,0,48,1,23,0,13,0,0,0,0,0,0,0,0,0,29,0,136,0,0,0,5,0,48,0,0,0,87,97,24,4,0,0,4,0,34,0,0,1,0,0,0,0,0,0,0,0,0,0,0,0,218,0,0,0,0,0,0,0,0,0,124,88,116,0,23,0,0,0,30,0,0,0,0,0,0
13,16,0,355,121,168,0,196,0,3,83,18,34,0,201,0,6,28,65,399,30,284,57,236,0,125,0,96,3,0,3,81,8,172,7,112,7,72,0,0,0,0,0,0,1,0,0,0,1,0,0,0,0,0,0,101,0,0,0,0,0,0,0,14,0,0,0,0,0,0,0,1,0,0,0,0,0,0,0,0,0,87,0,0,0,0,0,0,0,0,0,0,0,0,0,0,0,59,0,190,0,131,0,0,0,0,0,0,0,0,0,0,0,0,0,0,0,0,0,0,0,0,0,0,0,0,0,0,0,9,0,0,0,0,0,338,0,131,0,0,0,0,0,0,0,0,0,1,0,0,0,9,0,0,0,0,0,0,0,0,0,0,0,0,0,0,0,62,0,17,0,4,0,0,0,0,57,68,5,14,0,0,0,0,0,11,0,1,0,0,0,0,0,0,0,0,0,0,0,0,0,68,0,0,0,0,0,0,0,0,0,0,0,0,7,0,0,0,48,33,31,0,0,0,0
117,86,63,19,16,0,14,30,13,18,16,5,0,0,34,6,0,18,43,3,379,0,60,31,74,72,63,0,182,1,61,0,74,0,17,0,24,0,171,5,0,0,0,0,41,0,0,0,4,0,0,0,75,0,26,18,0,0,0,0,28,1,383,0,0,0,0,0,0,0,33,0,0,0,60,0,0,0,0,0,117,0,0,0,225,0,113,0,0,0,0,0,0,0,0,0,333,0,471,0,36,0,0,0,0,0,0,0,0,0,0,0,0,0,0,0,0,0,0,0,56,0,25,0,0,0,0,0,0,0,0,0,0,0,0,0,108,0,0,0,83,0,154,0,4,0,0,0,0,0,0,0,0,0,51,0,0,1,13,0,9,0,3,0,0,0,11,0,0,0,0,1,19,3,0,0,76,56,0,0,0,0,6,0,2,0,0,0,0,0,0,0,0,0,0,0,0,0,0,0,50,0,0,0,0,0,0,0,0,0,16,54,24,5,0,0,0,0,6,0,3,0,0,0,0
28,101,45,55,0,0,15,27,0,10,0,27,0,0,0,28,18,0,0,24,0,388,70,77,36,42,0,0,0,134,0,37,0,77,0,36,0,11,7,118,0,0,0,21,0,0,0,0,0,0,0,5,0,17,0,29,0,59,0,1,0,0,0,154,0,0,0,0,0,0,0,0,0,0,0,0,0,0,0,0,0,263,0,0,0,141,0,43,0,30,0,0,0,0,0,33,0,0,0,239,0,96,0,0,0,0,0,0,0,0,0,0,0,0,0,0,0,0,0,0,0,0,0,17,0,0,0,0,0,26,0,0,0,0,0,46,0,80,0,121,0,154,0,438,0,0,0,0,0,0,0,0,0,1,0,17,0,0,0,14,0,0,0,0,0,0,0,0,0,0,0,3,0,12,0,0,31,120,0,59,0,0,0,7,0,1,0,0,0,0,0,0,0,0,0,0,0,0,0,0,0,0,0,0,0,0,0,0,0,55,0,0,0,0,0,0,0,0,10,40,19,4,0,0,0
0,0,201,0,61,210,0,0,0,0,0,97,132,358,479,65,43,0,0,432,233,82,332,0,0,0,324,98,0,0,139,0,13,0,350,0,82,24,0,0,15,0,26,13,25,0,37,0,0,0,306,11,0,0,0,0,0,0,0,0,0,0,68,1,0,0,0,0,0,0,0,0,0,0,0,0,0,0,0,0,0,0,0,0,0,0,0,0,0,0,0,0,0,0,0,0,0,0,0,0,0,0,0,0,0,0,0,0,0,0,0,0,0,0,0,0,0,0,0,0,0,0,0,0,0,0,0,0,0,0,0,0,0,0,174,0,0,0,0,0,0,0,0,0,6,0,0,0,62,0,84,0,0,0,17,0,0,0,0,0,0,0,0,0,110,0,52,0,50,0,0,0,0,0,0,0,27,116,9,0,0,0,0,0,0,0,17,15,0,0,0,0,0,0,0,0,0,0,0,0,224,0,0,0,0,0,0,0,0,0,133,176,227,60,0,0,0,0,12,0,0,1,0,0,0
0,105,0,241,148,363,0,111,0,40,0,37,411,50,77,399,3,24,432,0,57,397,0,149,0,105,156,400,0,0,0,91,0,20,34,440,0,77,0,0,26,5,0,89,0,51,0,92,0,11,0,261,0,0,0,51,0,0,0,0,0,0,0,0,0,0,0,4,0,0,0,0,0,0,0,0,0,0,0,0,0,233,0,0,0,0,0,0,0,0,0,0,0,0,0,0,0,0,0,0,0,234,0,0,0,0,0,0,0,0,0,0,0,0,0,0,0,0,0,0,0,0,0,0,0,13,0,0,0,0,0,33,0,0,0,652,0,252,0,0,0,0,0,0,0,0,0,0,0,0,0,177,0,164,0,0,0,0,0,0,0,0,0,0,0,72,0,121,0,0,0,7,0,0,0,0,0,140,5,29,0,0,0,3,0,142,5,90,0,0,0,0,0,0,0,0,0,0,0,0,0,163,0,0,0,0,0,0,0,0,0,0,0,0,38,0,0,0,95,122,201,22,0,0,0
9,3,105,10,82,60,29,0,0,0,51,21,72,0,135,30,379,0,233,57,0,10,241,18,113,0,177,0,70,0,77,0,79,0,72,0,87,5,17,0,0,0,12,0,0,0,0,0,4,1,107,0,0,0,20,0,0,0,0,0,0,0,364,0,0,0,0,0,0,0,185,0,0,0,149,0,0,0,0,0,225,0,0,0,271,0,252,0,0,0,0,0,0,0,0,0,644,0,921,0,0,0,0,0,0,0,0,0,0,0,0,0,0,0,0,0,0,0,0,0,128,0,0,0,0,0,0,0,0,0,0,0,0,0,0,0,106,0,0,0,116,0,279,0,90,0,0,0,0,0,0,0,0,0,29,0,0,0,7,0,0,0,0,0,116,0,144,0,87,0,3,1,65,0,0,0,15,0,13,2,0,0,0,0,6,0,5,0,0,0,0,0,0,0,0,0,0,0,0,0,0,0,0,0,0,0,0,0,0,0,239,187,269,79,48,0,2,0,0,0,10,0,0,0,0
0,18,0,94,25,251,0,88,0,0,0,83,95,48,26,284,0,388,82,397,10,0,4,310,0,183,41,223,0,64,0,21,0,45,9,137,0,44,0,10,0,0,0,170,0,104,2,21,0,0,3,110,0,15,0,86,0,0,0,0,0,0,0,278,0,0,0,0,0,0,0,0,0,0,0,21,0,0,0,0,0,485,0,0,0,147,0,0,0,0,0,0,0,0,0,0,0,53,0,0,0,276,0,0,0,0,0,0,0,0,0,0,0,0,0,0,0,0,0,0,0,0,0,0,0,0,0,0,0,0,0,0,0,0,0,0,0,0,0,167,0,346,0,452,0,38,0,0,0,0,0,0,0,0,0,9,0,0,0,13,0,0,0,0,0,23,0,216,0,57,0,18,0,53,0,0,4,57,1,22,0,0,0,0,0,0,0,26,0,0,0,0,0,0,0,0,0,0,0,0,0,0,0,0,0,0,0,0,0,0,0,0,0,0,62,0,0,0,246,194,195,0,0,0,0
21,188,172,137,38,37,11,16,3,0,34,33,0,0,402,57,60,70,332,0,241,4,0,123,89,71,239,0,62,6,36,0,47,0,0,0,27,6,143,0,0,0,0,0,78,0,32,0,34,0,0,0,0,1,65,2,5,0,0,0,0,0,27,0,0,1,0,0,0,0,0,0,0,0,0,0,0,0,0,0,0,0,0,0,38,0,0,0,0,0,29,0,0,0,0,0,228,0,0,1,0,0,0,0,0,0,56,0,0,0,0,0,0,0,0,0,0,0,0,0,0,0,0,0,0,0,0,0,0,0,0,0,0,0,81,0,152,0,0,0,0,0,165,0,0,0,0,0,6,0,9,0,0,0,15,0,0,0,0,0,0,0,0,0,4,0,30,0,19,0,0,0,69,0,0,0,236,150,6,0,0,0,4,0,1,0,0,0,0,0,0,0,0,0,0,0,0,0,0,0,109,0,0,0,0,0,0,0,0,0,61,40,91,0,12,0,0,0,0,4,9,0,0,0,0
39,87,47,372,41,144,0,50,0,0,45,109,0,0,50,236,31,77,0,149,18,310,123,0,6,102,0,113,0,17,0,18,3,23,0,15,0,26,0,15,0,0,0,22,0,0,0,0,0,0,0,0,0,0,0,28,0,0,0,0,0,1,0,39,0,0,0,0,0,0,0,2,0,0,0,0,0,0,0,0,0,92,0,0,0,26,0,16,0,0,0,0,0,0,0,0,0,0,0,122,0,78,0,0,0,0,0,0,0,0,0,0,0,0,0,0,0,0,0,0,0,0,0,0,0,0,0,0,0,0,0,0,0,0,0,0,0,18,0,0,0,0,0,60,0,0,0,0,0,0,0,0,0,1,0,0,0,0,0,0,0,0,0,0,0,0,1,13,0,0,0,2,0,29,0,0,65,115,0,29,0,0,1,0,0,0,0,0,0,0,0,0,0,0,0,0,0,0,0,0,0,0,0,0,0,0,0,0,0,0,0,0,9,0,12,0,0,0,78,148,61,0,0,0,0
10,133,61,0,0,0,238,131,25,206,0,0,0,0,55,0,74,36,0,0,113,0,89,6,0,162,0,0,115,0,9,0,12,0,0,0,11,0,62,1,0,0,0,0,0,0,0,0,0,0,0,0,77,12,114,223,25,0,0,0,34,12,165,69,0,0,0,0,0,0,0,0,0,0,2,0,0,0,0,0,0,0,0,0,44,0,0,0,0,0,0,0,0,0,0,0,179,0,0,0,0,0,0,0,7,0,0,0,0,0,0,0,0,0,0,0,0,0,0,0,0,0,0,0,0,0,0,0,45,0,0,0,14,0,63,0,157,0,0,0,40,0,182,0,0,0,0,0,0,0,0,0,0,0,37,0,0,0,14,0,0,0,0,0,0,0,0,0,0,0,2,0,104,0,0,0,135,180,0,0,0,0,20,0,0,0,0,0,0,0,0,0,0,0,0,0,0,0,0,0,86,0,0,0,0,0,0,0,0,0,90,7,103,0,33,0,0,0,0,0,0,0,0,0,0
124,22,74,186,0,13,68,134,0,0,0,0,0,0,0,125,72,42,0,105,0,183,71,102,162,0,0,63,0,62,0,2,0,20,0,0,0,27,0,85,0,0,0,0,0,0,0,0,0,0,0,4,0,5,0,218,0,36,0,0,0,13,0,59,0,0,0,0,0,0,0,0,0,0,0,0,0,0,0,0,0,87,0,0,0,51,0,0,0,0,0,24,0,0,0,35,0,67,0,286,0,183,0,0,0,0,0,0,0,0,0,0,0,0,0,0,0,0,0,0,0,0,0,0,0,0,0,0,0,25,0,9,0,0,0,353,0,106,0,42,0,0,0,128,0,0,0,0,0,0,0,0,0,0,0,10,0,2,0,2,0,0,0,0,0,0,0,0,0,0,0,10,0,38,0,0,78,203,0,1,0,0,5,11,0,0,0,0,0,0,0,0,0,0,0,0,0,0,0,0,0,75,0,0,0,0,0,0,0,0,0,0,11,0,21,0,0,0,78,16,81,27,0,9,0
31,0,144,0,201,0,0,0,0,0,36,0,307,501,274,0,63,0,324,156,177,41,239,0,0,0,0,455,16,0,17,0,4,0,57,9,86,0,0,0,46,89,228,104,264,41,151,136,22,0,331,30,0,0,0,0,0,0,0,0,0,0,129,0,0,0,0,0,0,0,51,0,0,0,0,0,0,0,0,0,0,0,0,0,0,0,0,0,0,0,0,0,0,0,0,0,0,0,0,0,0,0,0,0,0,0,0,0,0,0,0,0,0,0,0,0,0,0,0,0,0,0,0,0,0,0,0,0,0,0,0,0,0,0,135,0,0,0,0,0,0,0,0,0,0,0,0,0,0,0,0,0,0,0,0,0,0,0,0,0,0,0,8,0,52,0,15,0,0,0,0,0,16,0,0,0,15,108,9,0,0,0,0,0,62,0,40,9,0,0,0,0,0,0,0,0,0,0,0,0,248,0,0,0,0,0,0,0,0,0,60,391,429,46,0,0,0,14,0,0,0,0,0,0,0
0,252,0,148,0,405,0,105,0,55,0,136,316,142,0,96,0,0,98,400,0,223,0,113,0,63,455,0,0,0,0,5,0,0,0,53,0,0,0,0,259,41,69,305,65,266,111,302,15,29,34,298,0,0,0,48,0,0,0,0,0,0,0,178,0,33,0,4,0,0,0,0,0,0,0,0,0,0,0,0,0,529,0,0,0,0,0,0,0,0,0,0,0,0,0,0,0,0,0,0,0,296,0,0,0,0,0,0,0,0,0,0,0,0,0,0,0,0,0,4,0,0,0,0,0,0,0,0,0,0,0,0,0,0,0,378,0,99,0,0,0,0,0,0,0,0,0,0,0,183,0,279,0,248,0,0,0,0,0,0,0,0,0,0,0,47,0,19,0,73,0,0,0,0,0,0,0,98,0,27,0,112,0,0,0,187,28,76,0,0,0,0,0,0,0,0,0,0,0,0,0,0,0,0,0,0,0,0,0,0,0,0,0,0,12,0,0,0,48,613,226,0,0,0,1
61,0,388,0,0,0,77,0,0,0,0,0,0,0,13,3,182,0,0,0,70,0,62,0,115,0,16,0,0,0,38,0,8,0,16,0,5,0,10,0,0,0,26,0,0,0,0,0,0,0,5,0,17,0,23,0,0,0,0,0,0,0,94,0,0,0,0,0,0,0,26,0,0,0,25,0,0,0,0,0,0,0,0,0,41,0,0,0,0,0,20,0,0,0,0,0,117,0,0,0,0,0,0,0,0,0,0,0,0,0,0,0,0,0,0,0,0,0,0,0,0,0,0,0,0,0,0,0,0,0,0,0,0,0,0,0,13,0,0,0,24,0,79,0,0,0,0,0,0,0,0,0,0,0,5,0,3,0,0,0,0,0,0,0,0,0,0,0,0,0,0,0,0,0,0,0,0,0,0,0,0,0,3,0,0,0,0,0,0,0,0,0,0,0,0,0,0,0,0,0,31,0,0,0,0,0,0,0,0,0,26,12,0,0,0,0,0,0,0,0,0,0,0,0,0
0,72,0,139,0,0,0,179,0,1,0,19,0,0,0,0,1,134,0,0,0,64,6,17,0,62,0,0,0,0,0,51,0,30,0,116,0,42,0,4,0,0,0,9,0,0,0,0,0,0,0,9,0,13,0,31,0,13,0,0,0,0,0,73,0,0,0,0,0,0,0,0,0,0,0,0,0,0,0,2,0,67,0,0,0,36,0,0,0,0,0,0,0,0,0,0,0,0,0,118,0,56,0,0,0,0,0,0,0,0,0,0,0,0,0,0,0,0,0,0,0,0,0,0,0,0,0,0,0,0,0,0,0,0,0,0,0,0,0,121,0,127,0,165,0,4,0,0,0,0,0,0,0,0,0,6,0,0,0,0,0,0,0,0,0,0,0,0,0,0,0,0,0,0,0,0,5,13,0,10,0,0,0,0,0,0,0,0,0,0,0,0,0,0,0,0,0,0,0,0,0,0,0,0,0,0,0,0,0,0,0,0,0,0,0,0,0,0,0,17,0,0,0,0,0
0,0,77,0,164,0,0,0,0,0,55,0,21,0,131,3,61,0,139,0,77,0,36,0,9,0,17,0,38,0,0,0,0,0,6,0,18,4,5,0,0,0,16,0,3,0,0,0,0,0,4,0,11,0,0,0,0,0,0,0,3,0,53,0,0,0,0,0,0,0,22,0,0,0,0,0,0,0,0,0,21,0,0,0,0,0,37,0,0,0,0,0,0,0,0,0,0,0,0,0,0,0,0,0,0,0,0,0,0,0,0,0,0,0,0,0,0,0,0,0,0,0,0,0,0,0,0,0,0,0,0,0,0,0,0,0,0,0,7,0,26,0,0,0,22,0,0,0,0,0,0,0,0,0,9,0,0,0,0,0,0,0,0,0,4,0,6,0,0,0,0,0,7,0,0,0,0,4,9,0,0,0,3,0,0,0,0,0,0,0,0,0,0,0,0,0,0,0,0,0,0,0,0,0,0,0,0,0,0,0,22,33,20,0,0,0,0,0,0,0,0,0,0,0,0
0,7,0,35,0,88,0,0,0,0,0,45,0,0,0,81,0,37,0,91,0,21,0,18,0,2,0,5,0,51,0,0,0,3,0,16,0,0,0,4,0,0,0,25,0,5,0,0,0,0,0,8,0,0,0,0,0,0,0,0,0,0,0,37,0,0,0,0,0,0,0,0,0,0,0,0,0,0,0,0,0,0,0,0,0,0,0,0,0,0,0,0,0,0,0,0,0,0,0,0,0,12,0,0,0,0,0,0,0,0,0,0,0,0,0,0,0,0,0,0,0,0,0,0,0,0,0,0,0,0,0,0,0,0,0,0,0,0,0,0,0,0,0,0,0,0,0,0,0,0,0,0,0,0,0,0,0,0,0,0,0,0,0,0,0,0,0,5,0,0,0,0,0,0,0,0,0,0,0,7,0,0,0,0,0,0,0,0,0,0,0,1,0,0,0,0,0,0,0,0,0,0,0,0,0,0,0,0,0,0,0,0,0,0,0,0,0,0,0,9,12,0,0,0,0
51,0,181,0,277,0,11,0,0,0,176,0,8,0,131,8,74,0,13,0,79,0,47,3,12,0,4,0,8,0,0,0,0,0,0,0,111,1,11,0,0,0,11,0,0,0,0,0,0,0,4,0,3,0,0,0,0,0,0,0,4,0,50,0,0,0,0,0,0,0,17,0,0,0,11,0,0,0,0,0,0,0,0,0,0,0,0,0,0,0,0,0,0,0,0,0,0,0,72,0,0,0,0,0,0,0,0,0,0,0,0,0,0,0,0,0,0,0,0,0,9,0,3,0,0,0,0,0,0,0,0,0,0,0,0,0,0,0,9,0,0,0,0,0,22,0,0,0,0,0,0,0,0,0,2,0,0,0,0,0,0,0,0,0,0,0,21,0,9,0,0,0,12,0,0,0,33,0,20,0,4,0,7,0,0,0,0,0,0,0,0,0,0,0,0,0,0,0,0,0,0,0,0,0,0,0,0,0,0,0,26,69,29,5,2,0,0,0,0,0,0,0,0,0,0
0,131,0,340,0,393,0,75,0,0,0,268,0,0,44,172,0,77,0,20,0,45,0,23,0,20,0,0,0,30,0,3,0,0,0,16,0,46,0,0,0,0,0,0,0,0,0,0,0,0,0,5,0,5,0,19,0,0,0,0,0,3,0,58,0,2,0,0,0,0,0,0,0,0,0,0,0,0,0,0,0,70,0,0,0,19,0,0,0,0,0,0,0,0,0,0,0,9,0,0,0,0,0,0,0,0,0,0,0,0,0,0,0,0,0,0,0,0,0,0,0,0,0,0,0,0,0,0,0,0,0,0,0,0,0,0,0,0,0,20,0,55,0,71,0,14,0,0,0,0,0,0,0,0,0,2,0,6,0,6,0,5,0,0,0,0,0,23,0,0,0,1,0,11,0,0,0,95,0,35,0,0,0,0,0,0,0,0,0,0,0,0,0,0,0,0,0,0,0,0,0,23,0,0,0,0,0,0,0,0,0,0,0,0,0,0,0,0,22,61,28,0,0,0,0
0,0,0,0,216,0,0,0,0,0,63,0,316,0,72,7,17,0,350,34,72,9,0,0,0,0,57,0,16,0,6,0,0,0,0,0,75,3,0,0,0,0,40,0,7,0,0,0,0,0,123,0,0,0,0,0,0,0,0,0,0,0,26,0,0,0,0,0,0,0,0,0,0,0,37,0,0,0,0,0,0,0,0,0,0,0,0,0,0,0,0,0,0,0,0,0,0,0,0,0,13,0,0,0,0,0,0,0,0,0,0,0,0,0,0,0,0,0,0,0,0,0,0,0,0,0,0,0,0,0,0,0,0,0,0,0,0,0,0,0,0,0,0,0,13,0,0,0,0,0,0,0,0,0,0,0,0,0,0,0,0,0,0,0,4,0,9,0,7,0,2,0,0,0,0,0,36,14,68,0,0,0,0,0,0,0,38,0,0,0,0,0,0,0,0,0,0,0,0,0,0,0,0,0,0,0,0,0,0,0,0,15,33,0,0,0,0,0,0,0,0,0,0,0,0
0,0,0,0,31,459,0,0,0,0,0,184,25,115,24,112,0,36,0,440,0,137,0,15,0,0,9,53,0,116,0,16,0,16,0,0,1,133,0,12,0,0,0,23,4,6,0,0,0,0,0,14,0,10,0,17,0,0,0,5,0,0,0,65,0,0,0,0,0,0,0,0,0,0,0,0,0,0,0,0,0,0,0,0,0,0,0,0,0,0,0,0,0,0,0,0,0,9,0,0,0,0,0,0,0,0,0,0,0,0,0,0,0,0,0,0,0,0,0,0,0,0,0,0,0,0,0,0,0,0,0,0,0,0,0,0,0,0,0,0,0,264,0,259,0,47,0,0,0,0,0,0,0,0,0,7,0,5,0,0,0,0,0,0,0,0,0,29,0,0,0,0,0,0,0,0,0,86,0,78,0,0,0,0,0,0,0,29,0,0,0,0,0,0,0,0,0,0,0,0,0,0,0,0,0,0,0,0,0,0,0,0,0,0,0,0,0,0,0,30,24,5,0,0,0
133,0,153,9,261,12,51,0,0,0,217,0,69,0,82,7,24,0,82,0,87,0,27,0,11,0,86,0,5,0,18,0,111,0,75,1,0,0,149,0,0,0,87,0,28,0,0,0,0,0,62,0,13,0,0,3,18,0,0,0,13,0,44,0,13,0,0,0,0,0,153,0,46,0,118,0,0,0,0,0,109,0,0,0,67,0,0,0,0,0,0,0,0,0,0,0,0,0,383,0,0,0,0,0,0,0,0,0,0,0,0,0,0,0,0,0,0,0,0,0,0,0,0,0,0,0,0,0,0,0,0,0,0,0,0,0,0,0,37,0,134,0,71,0,243,0,0,0,0,0,0,0,0,0,22,0,29,0,0,0,0,0,57,0,10,0,34,0,27,0,27,0,63,0,0,0,31,0,26,0,0,0,0,0,0,0,9,0,0,0,0,0,0,0,0,0,0,0,0,0,0,0,0,0,0,0,0,0,0,0,34,26,65,14,11,0,0,0,0,0,0,0,0,0,0
0,210,0,147,23,300,0,97,0,12,0,227,0,59,36,72,0,11,24,77,5,44,6,26,0,27,0,0,0,42,4,0,1,46,3,133,0,0,0,42,0,0,0,93,0,25,0,0,0,0,0,117,0,6,0,0,0,8,0,0,0,11,0,57,0,0,0,0,0,0,0,31,0,0,0,45,0,0,0,0,0,159,0,0,0,52,0,0,0,0,0,0,0,0,0,0,0,0,0,0,0,0,0,1,0,0,0,0,0,0,0,0,0,0,0,0,0,0,0,0,0,74,0,43,0,0,0,0,0,7,0,0,0,0,0,0,0,0,0,124,0,358,0,268,0,196,0,0,0,0,0,0,0,0,0,28,0,38,0,26,0,0,0,8,0,4,0,35,0,11,0,7,0,80,0,0,20,97,0,54,0,0,0,10,0,0,0,19,0,0,0,0,0,0,0,0,0,0,0,0,0,0,0,0,0,0,0,0,0,0,0,0,0,0,2,0,0,0,18,197,35,0,0,0,0
547,0,719,0,0,0,263,0,0,0,0,0,0,0,0,0,171,7,0,0,17,0,143,0,62,0,0,0,10,0,5,0,11,0,0,0,149,0,0,0,0,0,0,0,0,0,0,0,0,0,0,0,11,0,11,0,0,0,0,0,0,0,66,0,0,0,0,0,0,0,36,0,0,0,28,0,0,0,23,0,0,0,0,0,0,0,0,0,0,0,11,0,0,0,0,0,0,0,0,0,0,0,0,0,0,0,0,0,0,0,0,0,0,0,0,0,0,0,0,0,30,0,13,0,0,0,0,0,0,0,0,0,0,0,0,0,0,0,27,0,0,0,67,0,77,0,0,0,0,0,0,0,0,0,15,0,31,0,16,0,0,0,5,0,0,0,22,0,0,0,2,0,26,0,0,0,84,15,13,0,0,0,29,0,0,0,0,0,0,0,0,0,0,0,0,0,0,0,0,0,0,0,0,0,0,0,0,0,0,0,99,120,38,0,0,0,0,0,0,0,0,0,0,0,0
0,338,0,284,0,17,0,660,0,0,1,45,0,0,0,0,5,118,0,0,0,10,0,15,1,85,0,0,0,4,0,4,0,0,0,12,0,42,0,0,0,0,0,8,0,0,0,0,0,0,0,0,0,10,0,27,0,0,0,0,0,3,0,62,0,0,0,0,0,0,0,0,0,0,0,0,0,0,0,0,0,0,0,0,0,0,0,0,0,0,0,0,0,0,0,0,0,0,0,0,0,0,0,0,0,0,0,0,0,0,0,0,0,0,0,0,0,0,0,0,0,0,0,0,0,0,0,0,0,0,0,0,0,0,0,0,0,0,0,51,0,36,0,0,0,25,0,0,0,0,0,0,0,0,0,17,0,13,0,30,0,0,0,0,0,0,0,0,0,0,0,0,0,22,0,0,9,52,0,17,0,0,0,22,0,0,0,0,0,0,0,0,0,0,0,0,0,0,0,0,0,0,0,0,0,0,0,0,0,0,0,0,0,0,0,0,0,0,7,106,10,0,0,0,0
0,0,45,0,102,0,12,0,17,0,98,0,270,163,21,0,0,0,15,26,0,0,0,0,0,0,46,259,0,0,0,0,0,0,0,0,0,0,0,0,0,121,37,68,58,72,129,243,117,0,22,17,0,0,0,0,0,0,0,0,0,0,0,0,0,0,0,0,0,0,0,0,0,0,0,0,0,0,0,0,0,0,0,0,0,0,0,0,0,0,0,0,0,0,0,0,0,0,0,0,0,0,0,0,0,0,0,0,0,0,0,0,1,0,0,0,0,0,0,0,0,0,0,0,0,0,0,0,0,0,0,0,0,0,0,0,0,0,0,0,0,0,0,0,0,0,0,0,31,0,0,0,96,0,0,0,0,0,0,0,0,0,0,0,0,0,0,0,0,0,1,0,0,0,110,0,95,62,87,0,219,1,50,0,80,0,179,0,0,0,0,0,0,0,0,0,0,0,0,0,0,0,0,0,0,0,0,0,0,0,0,105,46,0,0,0,0,21,0,0,0,0,0,0,0
0,46,0,20,0,33,0,6,0,0,0,107,0,244,0,0,0,0,0,5,0,0,0,0,0,0,89,41,0,0,0,0,0,0,0,0,0,0,0,0,121,0,14,17,73,62,87,221,42,226,0,2,0,0,0,0,0,0,0,0,0,0,0,0,0,0,0,0,0,0,0,0,0,0,0,0,0,0,0,0,0,0,0,0,0,0,0,0,0,0,0,0,0,0,0,0,0,0,0,0,0,0,0,0,0,0,0,0,0,0,0,0,0,0,0,0,0,0,0,0,0,0,0,0,0,0,0,0,0,0,0,0,0,0,0,0,0,0,0,0,0,0,0,0,0,0,0,0,0,0,0,0,0,87,0,0,0,0,0,0,0,0,0,0,0,5,0,0,0,0,0,0,0,0,0,0,0,229,0,88,0,74,0,29,0,45,13,11,0,0,0,0,0,0,0,0,0,0,0,0,0,0,0,0,0,0,0,0,0,0,0,0,0,0,0,0,0,0,0,43,21,0,0,0,13
0,1,0,0,0,0,0,0,0,0,0,0,122,73,0,0,0,0,26,0,12,0,0,0,0,0,228,69,26,0,16,0,11,0,40,0,87,0,0,0,37,14,0,14,140,10,55,31,21,0,34,2,0,0,0,0,0,0,0,0,0,0,20,0,0,0,0,0,1,0,37,0,0,0,0,0,0,0,0,0,0,0,0,0,0,0,0,0,0,0,0,0,0,0,0,0,0,0,139,0,0,0,0,0,0,0,0,0,0,0,0,0,0,0,0,0,0,0,0,0,0,0,0,0,0,0,0,0,0,0,0,0,0,0,0,0,0,0,0,0,0,0,0,0,29,0,0,0,0,0,0,0,0,0,0,0,0,0,0,0,0,0,0,0,36,0,21,0,9,0,5,0,18,0,0,0,0,0,7,0,0,0,0,0,0,0,136,0,0,0,0,0,0,0,0,0,0,0,0,0,0,0,0,0,0,0,0,0,0,0,15,61,75,10,10,0,0,15,0,0,0,0,0,0,0
0,0,0,0,0,0,0,0,0,0,0,0,37,103,0,0,0,21,13,89,0,170,0,22,0,0,104,305,0,9,0,25,0,0,0,23,0,93,0,8,68,17,14,0,0,191,29,103,0,21,0,35,0,0,0,0,0,0,0,0,0,0,0,56,0,0,0,0,0,0,0,0,0,0,0,49,0,0,0,0,0,407,0,46,0,128,0,0,0,0,0,0,0,0,0,0,0,0,0,0,0,0,0,0,0,0,0,0,0,0,0,0,0,0,0,0,0,0,0,0,0,0,0,0,0,0,0,0,0,0,0,0,0,0,0,0,0,0,0,0,0,284,0,332,0,82,0,0,0,0,0,0,0,0,0,0,0,0,0,0,0,42,0,0,0,15,0,15,0,36,0,0,0,13,0,0,0,55,0,0,0,0,0,0,0,0,8,125,0,0,0,0,0,0,0,0,0,0,0,0,0,0,0,0,0,0,0,0,0,0,0,0,0,0,0,0,0,0,61,143,65,10,0,0,0
7,0,91,0,0,0,27,0,0,0,16,0,60,56,26,1,41,0,25,0,0,0,78,0,0,0,264,65,0,0,3,0,0,0,7,4,28,0,0,0,58,73,140,0,0,76,356,181,213,0,119,0,0,0,0,0,0,0,0,0,0,0,178,0,0,0,0,0,0,0,82,0,0,0,62,0,0,0,0,0,0,0,0,0,158,0,121,0,0,0,0,0,0,0,96,0,588,0,0,0,0,0,0,0,0,0,108,0,0,0,0,0,0,0,0,0,0,0,2,0,44,0,0,0,0,0,0,0,0,0,0,0,0,0,47,0,0,0,3,0,0,0,0,0,19,0,0,0,28,0,0,0,0,0,0,0,0,0,0,0,7,0,13,0,114,0,19,0,45,0,9,0,40,0,0,0,12,28,0,0,0,0,15,0,0,0,53,0,0,0,0,0,0,0,0,0,0,0,0,0,0,0,0,0,0,0,0,0,0,0,71,219,227,25,26,0,2,50,0,0,0,0,0,0,0
0,0,0,0,0,0,0,12,0,0,0,0,0,48,0,0,0,0,0,51,0,104,0,0,0,0,41,266,0,0,0,5,0,0,0,6,0,25,0,0,72,62,10,191,76,0,60,420,106,364,0,83,0,0,0,0,0,0,0,0,0,4,0,93,0,0,0,0,0,31,0,81,0,0,0,147,0,22,0,34,0,484,0,133,0,140,0,243,0,0,0,0,0,24,0,99,0,0,0,0,0,92,0,23,0,0,0,0,0,0,0,0,0,0,0,0,0,0,0,0,0,128,0,73,0,0,0,0,0,0,0,0,0,0,0,0,0,0,0,0,0,143,0,248,0,42,0,0,0,0,0,0,0,0,0,22,0,0,0,0,0,0,0,16,0,105,0,17,0,99,0,7,0,11,0,0,0,150,0,0,0,0,0,0,0,0,23,41,0,0,0,0,0,0,0,15,0,0,0,0,0,0,0,0,0,0,0,0,0,0,0,5,0,0,27,0,0,2,130,624,188,21,0,0,67
0,0,0,0,103,0,0,0,16,0,83,0,196,87,23,0,0,0,37,0,0,2,32,0,0,0,151,111,0,0,0,0,0,0,0,0,0,0,0,0,129,87,55,29,356,60,0,179,201,0,27,0,2,0,0,0,0,0,0,0,0,0,0,0,0,0,0,0,1,0,0,0,0,0,0,0,0,0,0,0,0,0,0,0,0,0,0,0,0,0,0,0,0,0,0,0,0,0,0,0,0,0,0,0,0,0,0,0,0,0,0,0,0,0,0,0,0,0,5,0,0,0,0,0,0,0,0,0,0,0,0,0,0,0,0,0,0,0,0,0,0,0,0,0,0,0,0,0,72,0,0,0,0,0,0,0,0,0,0,0,0,0,0,0,51,0,0,0,0,0,2,0,0,0,0,0,0,40,35,0,102,0,42,0,81,0,115,0,0,0,0,0,0,0,0,0,0,0,0,0,0,0,0,0,0,0,0,0,10,0,0,430,119,4,0,3,0,82,0,3,0,0,0,0,0
0,198,0,64,0,138,0,23,0,14,0,197,0,260,2,0,0,0,0,92,0,21,0,0,0,0,136,302,0,0,0,0,0,0,0,0,0,0,0,0,243,221,31,103,181,420,179,0,118,163,0,22,0,0,0,0,0,0,0,0,0,0,0,0,0,0,0,0,0,0,0,0,0,0,0,13,0,0,0,6,0,0,0,0,0,0,0,0,0,0,0,0,0,0,0,0,0,0,0,0,0,0,0,0,0,0,0,0,0,0,0,0,0,0,0,0,0,0,0,4,0,0,0,0,0,0,0,0,0,0,0,0,0,0,0,0,0,0,0,0,0,0,0,0,0,0,0,0,0,0,0,175,0,139,0,0,0,2,0,0,0,0,0,0,0,14,0,0,0,0,0,0,0,2,0,0,0,221,0,74,0,93,0,10,0,82,35,14,0,0,0,0,0,0,0,0,0,0,0,0,0,15,0,0,0,0,0,0,0,0,0,9,0,0,0,0,0,4,0,473,42,0,2,0,25
0,0,18,0,9,0,0,0,0,0,19,0,83,0,3,1,4,0,0,0,4,0,34,0,0,0,22,15,0,0,0,0,0,0,0,0,0,0,0,0,117,42,21,0,213,106,201,118,0,15,21,0,0,0,12,0,14,1,9,0,0,0,22,0,0,0,1,0,12,0,7,0,1,0,0,0,2,0,10,0,12,0,25,0,0,0,0,0,6,0,0,0,13,0,86,0,86,0,40,0,9,0,47,0,22,0,26,0,1,0,0,0,0,0,0,0,0,0,0,0,0,0,0,0,0,0,0,0,0,1,0,0,3,0,48,0,21,0,1,0,4,0,0,0,0,0,0,0,0,0,0,0,0,0,0,0,0,0,1,0,0,0,7,0,43,0,5,0,31,0,3,0,21,0,39,0,154,29,11,0,100,0,13,0,29,0,198,0,37,0,0,0,33,0,17,0,0,0,14,0,52,0,0,0,33,0,0,0,8,0,107,87,215,22,76,5,4,18,0,17,0,0,0,0,0
0,18,0,0,0,5,0,0,0,0,0,17,2,34,0,0,0,0,0,11,1,0,0,0,0,0,0,29,0,0,0,0,0,0,0,0,0,0,0,0,0,226,0,21,0,364,0,163,15,0,1,0,0,0,0,0,0,0,0,0,0,5,0,0,0,0,0,0,0,17,0,21,0,0,0,26,0,8,0,0,0,42,0,31,0,0,0,0,0,11,0,0,0,17,0,30,0,0,0,0,0,0,0,8,0,11,0,0,0,0,0,0,0,0,0,0,0,0,0,4,0,0,0,0,0,0,0,0,0,0,0,0,0,0,0,0,0,0,0,0,0,0,0,0,0,4,0,0,0,16,0,84,0,82,0,0,0,0,0,0,0,0,0,0,0,55,0,8,0,19,0,0,0,0,0,15,1,149,0,47,0,79,0,24,0,48,13,45,0,0,0,0,0,0,0,0,0,0,0,0,0,4,0,0,0,0,0,0,0,0,0,3,0,0,12,0,0,0,31,32,29,7,0,2,5
0,0,0,0,0,8,0,0,0,0,9,0,350,30,12,0,0,0,306,0,107,3,0,0,0,0,331,34,5,0,4,0,4,0,123,0,62,0,0,0,22,0,34,0,119,0,27,0,21,1,0,0,0,0,0,0,0,0,0,0,0,0,0,0,0,0,9,0,0,0,50,0,0,0,43,0,0,0,0,0,0,0,34,0,0,0,66,0,0,0,0,0,0,0,0,0,0,0,0,0,0,0,37,0,0,0,0,0,0,0,0,0,0,0,0,0,0,0,0,0,0,0,0,0,0,0,0,0,0,0,0,0,0,0,0,0,0,0,0,0,0,0,0,0,20,0,0,0,0,0,0,0,0,0,4,0,0,0,0,0,9,0,9,0,77,0,49,0,113,0,10,0,52,0,0,0,6,0,9,0,0,2,0,0,0,0,86,0,0,0,0,0,0,0,0,0,0,0,0,0,0,0,0,0,0,0,0,0,0,0,25,33,100,37,0,0,1,1,0,0,0,0,0,0,0
0,0,0,18,0,99,0,13,0,0,0,16,0,162,0,0,0,5,11,261,0,110,0,0,0,4,30,298,0,9,0,8,0,5,0,14,0,117,0,0,17,2,2,35,0,83,0,22,0,0,0,0,0,5,0,0,0,0,0,0,0,2,0,0,0,0,0,0,0,0,0,36,0,0,0,41,0,0,0,0,0,187,0,0,0,56,0,86,0,0,0,0,0,0,0,66,0,0,0,0,0,0,0,0,0,0,0,0,0,0,0,0,0,0,0,0,0,1,0,0,0,46,0,0,0,0,0,0,0,0,0,0,0,0,0,0,0,0,0,0,0,130,0,117,0,47,0,0,0,0,0,0,0,0,0,22,0,5,0,0,0,0,0,20,0,14,0,26,0,165,0,20,0,30,0,0,0,25,0,0,0,0,0,0,0,0,0,116,0,0,0,0,0,0,0,0,0,0,0,0,0,0,0,0,0,0,0,0,0,0,0,1,0,0,0,0,0,0,43,62,45,3,1,0,0
0,0,0,0,0,0,103,0,259,34,0,0,0,0,0,0,75,0,0,0,0,0,0,0,77,0,0,0,17,0,11,0,3,0,0,0,13,0,11,0,0,0,0,0,0,0,2,0,0,0,0,0,0,3,237,23,188,0,111,3,42,0,114,3,1,0,19,17,0,0,0,0,5,0,13,0,0,0,0,0,29,0,0,0,52,0,23,0,0,0,0,0,0,0,0,0,79,0,72,0,0,0,0,0,0,0,0,0,0,0,0,0,0,0,0,0,0,0,0,0,0,0,18,0,0,0,0,0,81,0,7,0,0,0,19,0,204,0,259,0,179,0,163,0,23,0,0,0,0,0,0,0,0,0,138,0,50,0,128,0,17,0,3,0,0,0,1,0,4,0,111,0,11,0,0,0,104,9,0,0,0,0,17,0,17,1,0,0,0,0,0,0,0,0,0,0,0,0,0,0,11,0,0,0,0,0,0,0,0,0,57,14,66,95,34,0,0,0,3,0,0,2,0,0,0
1,0,0,0,0,0,0,22,3,127,0,0,0,0,0,0,0,17,0,0,0,15,1,0,12,5,0,0,0,13,0,0,0,5,0,10,0,6,0,10,0,0,0,0,0,0,0,0,0,0,0,5,3,0,5,86,0,166,0,32,0,153,1,102,0,0,0,19,0,0,0,0,0,0,0,0,0,0,0,0,0,40,0,0,0,20,0,0,0,0,0,0,0,0,0,0,0,9,0,0,0,18,0,0,0,0,0,2,0,0,0,0,0,0,0,0,0,0,0,0,0,0,0,0,0,7,0,0,0,48,0,0,0,0,0,33,0,53,0,134,0,59,0,102,0,21,0,0,0,0,0,0,0,0,0,173,0,46,0,96,0,13,0,0,0,0,0,0,0,0,0,4,0,4,0,0,10,20,0,0,0,0,0,10,0,17,0,0,0,0,0,0,0,0,0,0,0,0,0,0,0,0,0,0,0,0,0,0,0,18,1,0,0,0,1,0,0,0,2,2,0,1,0,0,0
0,0,94,0,0,0,147,0,159,70,0,0,0,0,0,0,26,0,0,0,20,0,65,0,114,0,0,0,23,0,0,0,0,0,0,0,0,0,11,0,0,0,0,0,0,0,0,0,12,0,0,0,237,5,0,63,79,5,68,7,69,0,89,3,8,0,26,64,0,0,0,0,0,0,0,0,0,0,0,0,0,0,0,0,0,0,0,0,0,0,0,0,0,0,0,0,0,0,0,0,0,0,0,0,0,0,0,0,0,0,0,0,0,0,0,0,0,0,0,0,0,0,0,0,0,0,0,0,105,0,21,0,22,0,61,0,182,0,15,0,16,0,107,0,0,0,0,0,5,0,0,0,0,0,93,0,42,0,23,0,22,0,0,0,2,0,0,0,8,0,236,1,93,0,0,0,63,0,0,0,0,0,2,0,0,9,0,0,0,0,0,0,0,0,0,0,0,0,0,0,46,0,0,0,0,0,0,0,0,0,115,0,322,197,82,0,22,0,5,0,0,3,0,0,0
32,18,0,66,0,0,51,280,156,158,0,3,0,0,0,101,18,29,0,51,0,86,2,28,223,218,0,48,0,31,0,0,0,19,0,17,3,0,0,27,0,0,0,0,0,0,0,0,0,0,0,0,23,86,63,0,0,105,29,78,11,149,70,205,0,0,16,46,0,0,0,0,0,0,0,0,0,0,0,0,0,0,0,0,0,16,0,0,0,0,0,0,0,0,0,0,0,0,0,100,0,59,0,0,0,0,0,0,0,0,0,0,0,0,0,0,0,0,0,0,0,0,0,0,0,0,0,0,0,97,0,73,0,28,0,407,0,312,0,70,0,15,0,114,0,1,0,0,0,5,0,0,0,0,0,48,0,15,0,52,0,54,0,0,0,9,0,0,0,17,0,146,19,152,0,0,87,70,0,0,0,0,4,7,4,11,0,0,0,0,0,0,0,0,0,0,0,0,0,0,0,57,0,0,0,0,0,0,0,40,15,0,29,9,149,0,0,0,158,0,447,185,0,101,0
0,0,22,0,0,0,44,0,58,6,0,0,0,0,6,0,0,0,0,0,0,0,5,0,25,0,0,0,0,0,0,0,0,0,0,0,18,0,0,0,0,0,0,0,0,0,0,0,14,0,0,0,188,0,79,0,0,1,309,8,46,0,15,0,73,9,194,95,0,0,0,0,0,0,0,0,2,0,0,0,0,0,0,0,0,0,0,0,0,0,0,0,0,0,0,0,0,0,0,0,0,0,0,0,0,0,0,0,0,0,0,0,0,0,0,0,0,0,0,0,0,0,0,0,9,0,17,0,128,0,86,0,13,0,73,0,54,0,16,0,0,0,51,0,7,0,0,0,0,0,10,0,0,0,232,2,206,0,32,2,136,2,0,0,0,0,9,0,35,0,428,0,31,0,4,0,29,0,0,0,0,7,0,0,0,10,0,0,0,0,0,0,0,0,0,0,0,0,1,0,29,0,0,0,0,0,4,0,46,0,396,45,653,825,504,0,84,0,6,0,3,0,0,2,0
0,5,0,0,0,0,0,14,10,17,0,0,0,0,0,0,0,59,0,0,0,0,0,0,0,36,0,0,0,13,0,0,0,0,0,0,0,8,0,0,0,0,0,0,0,0,0,0,1,0,0,0,0,166,5,105,1,0,0,153,0,71,0,38,0,4,4,60,0,0,0,0,0,0,0,0,0,0,0,0,0,0,0,0,0,14,0,0,0,0,0,0,0,0,0,0,0,0,0,57,0,0,0,0,0,0,0,0,0,0,0,0,0,0,0,0,0,0,0,0,0,0,0,0,0,0,0,0,0,110,0,31,0,21,0,140,0,111,0,116,0,20,0,92,0,0,0,0,0,0,0,0,0,0,0,346,0,126,0,197,0,46,0,0,0,4,0,0,0,30,0,531,0,57,0,0,4,0,0,0,0,0,0,0,2,2,0,0,0,0,0,0,0,0,0,0,0,0,0,0,1,5,0,0,0,0,0,0,0,0,1,0,0,0,281,0,0,0,110,0,686,497,12,129,0
0,0,0,0,0,0,5,0,158,37,0,0,0,0,0,0,0,0,0,0,0,0,0,0,0,0,0,0,0,0,0,0,0,0,0,0,0,0,0,0,0,0,0,0,0,0,0,0,9,0,0,0,111,0,68,29,309,0,0,22,140,0,26,0,146,6,125,126,4,0,0,0,2,0,0,0,1,0,0,0,0,0,0,0,0,0,0,0,0,0,1,0,0,0,0,0,0,0,0,0,0,0,0,0,0,0,0,0,0,0,0,0,0,0,0,0,0,0,0,0,0,0,0,0,25,0,19,0,23,0,62,0,14,0,38,0,11,0,11,0,0,0,0,0,0,0,0,0,36,0,21,0,0,0,113,0,179,0,10,0,33,3,0,1,0,0,0,0,17,0,217,0,0,0,0,1,44,0,0,0,17,0,0,0,0,17,0,0,0,0,0,0,0,0,0,0,0,0,0,0,0,0,0,0,0,0,0,0,19,0,593,51,450,565,395,0,72,4,10,3,6,0,0,0,0
0,0,0,0,0,0,0,30,19,61,0,5,0,0,0,0,0,1,0,0,0,0,0,0,0,0,0,0,0,0,0,0,0,0,0,5,0,0,0,0,0,0,0,0,0,0,0,0,0,0,0,0,3,32,7,78,8,153,22,0,0,153,0,23,5,172,45,330,0,0,0,0,0,0,0,0,0,0,0,0,0,0,0,0,0,0,0,0,0,0,0,0,0,0,0,0,0,0,0,0,0,0,0,0,0,0,0,0,0,0,0,0,0,0,0,0,0,0,0,0,0,0,0,0,0,5,0,0,0,7,0,48,0,19,0,0,0,0,0,5,0,0,0,0,0,9,0,0,0,20,0,0,0,0,4,133,0,149,1,86,4,145,0,0,0,0,0,0,0,29,0,151,0,0,0,9,0,0,0,0,7,21,0,0,3,0,0,0,0,0,0,0,0,0,0,0,0,0,0,0,0,0,0,0,0,0,0,0,0,22,0,0,0,2,616,0,0,0,332,30,584,530,19,132,0
147,0,0,0,0,0,429,0,245,0,0,0,0,0,0,0,28,0,0,0,0,0,0,0,34,0,0,0,0,0,3,0,4,0,0,0,13,0,0,0,0,0,0,0,0,0,0,0,0,0,0,0,42,0,69,11,46,0,140,0,0,0,31,0,0,0,0,2,0,0,5,0,0,0,0,0,0,0,0,0,0,0,0,0,0,0,0,0,0,0,0,0,0,0,0,0,0,0,0,0,0,0,0,0,0,0,0,0,0,0,0,0,0,0,0,0,0,0,0,0,0,0,0,0,0,0,0,0,0,0,0,0,0,0,0,0,0,0,57,0,48,0,0,0,154,0,0,0,0,0,0,0,0,0,91,0,66,0,32,0,0,0,10,0,0,0,0,0,0,0,102,0,146,0,0,0,104,0,0,0,0,0,32,0,0,0,0,0,0,0,0,0,0,0,0,0,0,0,0,0,0,0,0,0,0,0,0,0,0,0,43,38,33,0,0,0,0,0,0,0,0,0,0,0,0
2,120,0,0,0,0,0,218,0,427,0,2,0,0,0,0,1,0,0,0,0,0,0,1,12,13,0,0,0,0,0,0,0,3,0,0,0,11,0,3,0,0,0,0,0,4,0,0,0,5,0,2,0,153,0,149,0,71,0,153,0,0,0,59,0,0,0,95,0,0,0,0,0,0,0,0,0,0,0,0,0,0,0,0,0,0,0,0,0,0,0,0,0,0,0,0,0,0,0,0,0,0,0,0,0,0,0,0,0,0,0,0,0,0,0,0,0,0,0,0,0,0,0,0,0,0,0,0,0,0,0,0,0,0,0,0,0,0,0,27,0,26,0,0,0,30,0,0,0,0,0,0,0,0,0,15,0,217,0,30,0,0,0,0,0,0,0,0,0,0,0,12,0,54,0,0,0,59,0,0,0,0,0,61,0,90,0,0,0,0,0,0,0,0,0,0,0,0,0,0,0,0,0,0,0,0,0,0,0,0,0,0,0,0,1,0,0,0,2,55,0,0,0,0,0
121,2,0,0,0,0,529,33,363,62,0,0,0,0,13,0,383,0,68,0,364,0,27,0,165,0,129,0,94,0,53,0,50,0,26,0,44,0,66,0,0,0,20,0,178,0,0,0,22,0,0,0,114,1,89,70,15,0,26,0,31,0,0,5,0,0,7,0,0,0,61,0,0,0,99,0,0,0,0,0,117,0,0,0,120,0,0,0,0,0,0,0,0,0,0,0,0,0,0,0,0,0,0,0,0,0,0,0,0,0,0,0,0,0,0,0,0,0,0,0,83,0,48,0,0,0,0,0,0,0,0,0,0,0,19,0,55,0,81,0,227,0,165,0,54,0,0,0,0,0,0,0,0,0,99,0,21,0,62,0,8,0,0,0,0,0,5,0,0,0,0,0,21,0,0,0,91,28,0,0,0,0,34,0,9,0,0,0,0,0,0,0,0,0,0,0,0,0,0,0,0,0,0,0,0,0,0,0,0,0,48,19,25,20,15,0,0,0,0,0,5,0,0,0,0
10,62,0,6,0,0,0,306,8,327,0,0,0,0,0,14,0,154,1,0,0,278,0,39,69,59,0,178,0,73,0,37,0,58,0,65,0,57,0,62,0,0,0,56,0,93,0,0,0,0,0,0,3,102,3,205,0,38,0,23,0,59,5,0,0,0,0,18,0,0,0,0,0,0,0,0,0,0,0,0,0,0,0,0,0,12,0,0,0,0,0,0,0,0,0,0,0,0,0,0,0,0,0,0,0,0,0,0,0,0,0,0,0,0,0,0,0,0,0,0,0,0,0,0,0,0,0,3,0,0,0,6,0,0,0,29,0,19,0,122,0,71,0,64,0,10,0,0,0,0,0,0,0,0,0,65,0,25,0,82,0,5,0,0,0,0,0,0,0,0,0,0,0,1,0,0,0,95,0,0,0,0,0,43,0,11,0,0,0,0,0,0,0,0,0,0,0,0,0,0,0,0,0,0,0,0,0,0,0,0,0,0,6,0,0,0,0,0,0,15,0,0,0,0,0
15,0,37,0,40,0,61,0,100,0,0,1,0,0,19,0,0,0,0,0,0,0,0,0,0,0,0,0,0,0,0,0,0,0,0,0,13,0,0,0,0,0,0,0,0,0,0,0,0,0,0,0,1,0,8,0,73,0,146,5,0,0,0,0,0,11,253,8,0,0,4,0,0,0,0,0,0,0,0,0,0,0,0,0,0,0,0,0,0,0,0,0,0,0,0,0,0,0,0,0,0,0,0,0,0,0,0,0,0,0,0,0,0,0,0,0,0,0,0,0,0,0,0,0,0,0,0,0,0,0,26,0,1,0,0,0,0,0,63,0,0,0,0,0,57,5,12,0,15,0,4,0,0,0,7,3,7,0,30,0,310,18,0,0,0,0,0,0,4,0,12,0,0,0,32,3,0,0,0,0,133,84,0,0,205,0,0,0,0,0,0,0,0,0,0,0,0,0,0,0,0,0,0,0,0,0,0,0,6,0,106,0,68,0,135,0,0,0,7,0,16,10,0,0,0
0,87,0,0,0,25,0,3,1,188,0,12,0,0,0,0,0,0,0,0,0,0,1,0,0,0,0,33,0,0,0,0,0,2,0,0,0,0,0,0,0,0,0,0,0,0,0,0,0,0,0,0,0,0,0,0,9,4,6,172,0,0,0,0,11,0,9,360,0,0,0,0,0,0,0,9,0,0,0,0,0,0,0,0,0,0,0,0,0,0,0,0,0,0,0,0,0,0,0,0,0,0,0,0,0,0,0,0,0,0,0,0,0,0,0,0,0,0,0,0,0,0,0,0,0,12,0,16,0,0,0,33,0,4,0,22,0,0,9,19,0,0,0,0,2,120,0,49,5,203,0,34,0,7,1,21,0,0,14,14,34,113,0,0,0,0,0,0,1,8,1,0,0,0,0,51,2,1,0,0,33,178,1,0,0,125,0,0,0,0,0,0,0,0,0,0,0,2,0,0,0,0,0,0,0,0,0,6,0,63,5,0,0,0,425,0,0,0,268,0,199,0,5,10,0
19,0,5,0,0,0,88,0,100,11,4,0,0,0,3,0,0,0,0,0,0,0,0,0,0,0,0,0,0,0,0,0,0,0,0,0,0,0,0,0,0,0,0,0,0,0,0,0,1,0,9,0,19,0,26,16,194,4,125,45,0,0,7,0,253,9,0,212,0,0,0,0,0,0,0,0,0,0,0,0,0,0,0,0,0,0,0,0,0,0,0,0,0,0,0,0,0,0,0,0,0,0,0,0,0,0,0,0,0,0,0,0,0,0,0,0,0,0,0,0,0,0,0,0,7,0,0,0,0,0,28,0,0,0,0,0,0,0,9,0,0,0,0,0,0,0,0,0,25,0,0,0,0,0,97,0,129,0,9,0,45,0,0,0,0,0,0,0,12,0,85,0,0,0,12,2,205,0,0,0,48,32,0,0,579,31,0,0,0,0,0,0,0,0,0,0,0,0,0,0,0,0,0,0,0,0,0,0,9,0,375,63,211,295,313,0,18,0,9,0,3,0,0,0,0
0,28,0,0,0,0,0,6,70,285,0,0,0,0,0,0,0,0,0,4,0,0,0,0,0,0,0,4,0,0,0,0,0,0,0,0,0,0,0,0,0,0,0,0,0,0,0,0,0,0,0,0,17,19,64,46,95,60,126,330,2,95,0,18,8,360,212,0,0,0,0,0,0,0,0,0,0,0,0,0,0,0,0,0,0,0,0,0,0,0,0,0,0,0,0,0,0,0,0,0,0,0,0,0,0,0,0,0,0,0,0,0,0,0,0,0,0,0,0,0,0,0,0,0,0,6,0,0,0,0,0,71,0,4,0,0,0,0,0,0,0,0,0,0,0,16,0,0,0,117,0,5,0,4,3,90,0,115,0,49,9,109,0,0,0,0,0,0,0,12,14,56,0,0,0,34,81,6,0,0,7,41,0,0,25,316,0,0,0,0,0,0,0,0,0,0,0,0,0,0,0,2,0,0,0,0,0,0,0,28,16,6,13,10,530,0,0,0,314,45,241,370,8,69,0
0,0,0,0,0,0,0,0,0,0,0,0,0,0,0,0,0,0,0,0,0,0,0,0,0,0,0,0,0,0,0,0,0,0,0,0,0,0,0,0,0,0,1,0,0,0,1,0,12,0,0,0,0,0,0,0,0,0,4,0,0,0,0,0,0,0,0,0,0,0,0,0,36,0,0,0,149,0,81,0,0,0,66,0,0,0,0,0,7,0,0,0,37,0,41,0,0,0,0,0,14,0,268,0,0,0,53,0,60,0,22,0,0,0,0,0,3,0,0,0,8,0,0,0,0,0,0,0,0,0,0,0,0,0,0,0,0,0,0,0,0,0,0,0,0,0,0,0,0,0,0,0,0,0,0,0,0,0,0,0,0,0,0,0,23,0,0,0,100,0,4,0,0,0,0,0,0,0,0,0,0,0,0,0,0,0,0,0,0,0,0,0,71,0,45,0,0,0,0,0,0,0,51,0,81,0,0,0,0,0,124,0,104,0,6,75,50,0,2,0,0,0,0,0,0
0,0,0,0,0,0,0,0,0,0,0,0,0,0,0,0,0,0,0,0,0,0,0,0,0,0,0,0,0,0,0,0,0,0,0,0,0,0,0,0,0,0,0,0,0,31,0,0,0,17,0,0,0,0,0,0,0,0,0,0,0,0,0,0,0,0,0,0,0,0,0,0,0,8,0,0,0,66,0,0,0,0,0,50,0,0,0,17,0,14,0,0,0,68,0,21,0,0,0,0,0,0,0,108,0,0,0,0,0,22,0,6,0,5,0,3,0,4,0,0,0,0,0,0,0,0,0,0,0,0,0,0,0,0,0,0,0,0,0,0,0,0,0,0,0,0,0,0,0,0,0,0,0,0,0,0,0,0,0,0,0,0,0,0,0,53,0,0,0,129,0,2,0,0,0,0,0,0,0,0,0,0,0,0,0,0,0,0,0,0,0,0,0,0,0,14,0,0,0,0,0,0,0,0,0,0,0,0,0,0,0,0,0,0,20,0,0,0,15,38,103,0,23,133,3
0,0,0,0,0,0,0,0,0,0,0,0,0,0,0,0,33,0,0,0,185,0,0,0,0,0,51,0,26,0,22,0,17,0,0,0,153,0,36,0,0,0,37,0,82,0,0,0,7,0,50,0,0,0,0,0,0,0,0,0,5,0,61,0,4,0,0,0,0,0,0,0,226,0,106,0,8,0,88,0,0,0,0,0,6,0,8,5,0,0,0,0,0,0,0,0,0,0,0,3,0,0,0,0,0,0,0,0,0,0,0,0,0,0,0,0,0,0,0,0,10,0,17,0,0,0,0,0,0,0,0,20,0,0,0,3,9,0,0,0,102,0,51,0,102,0,0,0,55,0,0,0,0,0,0,0,5,0,0,0,0,0,76,10,0,0,19,0,29,0,28,0,28,0,59,0,0,0,0,0,85,36,0,0,0,0,0,0,0,0,0,0,0,0,0,0,0,0,19,0,0,0,0,0,0,0,36,0,80,0,24,2,55,0,0,0,0,0,0,0,0,0,0,0,0
0,15,0,0,0,0,0,0,0,0,0,0,0,0,0,1,0,0,0,0,0,0,0,2,0,0,0,0,0,0,0,0,0,0,0,0,0,31,0,0,0,0,0,0,0,81,0,0,0,21,0,36,0,0,0,0,0,0,0,0,0,0,0,0,0,0,0,0,0,0,0,0,0,99,0,63,0,10,0,4,0,1,0,0,0,0,0,15,0,0,0,0,0,0,0,0,5,0,0,0,3,0,0,0,0,0,0,0,0,0,0,0,0,0,0,0,0,0,0,0,0,9,0,11,0,22,0,0,0,11,0,0,0,0,0,0,0,0,0,0,0,12,0,20,0,158,0,0,0,0,0,158,14,0,0,0,0,2,4,0,0,0,0,68,0,0,0,0,0,0,0,21,0,13,0,27,0,0,0,0,26,83,0,0,0,0,0,0,0,0,0,0,0,0,0,0,0,0,0,0,0,0,0,0,0,0,0,0,0,111,0,0,0,0,0,0,0,0,17,3,22,0,0,0,0
0,0,0,0,0,0,0,0,0,0,0,0,0,0,0,0,0,0,0,0,0,0,0,0,0,0,0,0,0,0,0,0,0,0,0,0,46,0,0,0,0,0,0,0,0,0,0,0,1,0,0,0,5,0,0,0,0,0,2,0,0,0,0,0,0,0,0,0,36,0,226,0,0,11,141,0,98,0,282,0,0,0,25,0,17,0,0,0,0,0,0,0,0,0,0,0,9,0,0,0,0,0,2,0,0,0,0,0,0,0,0,0,0,0,0,0,0,0,0,0,106,0,26,0,48,0,0,0,4,0,21,0,30,0,150,7,25,0,0,0,82,0,83,0,50,4,31,10,27,0,94,0,21,0,0,0,0,0,0,0,0,0,109,8,0,0,0,0,30,0,33,0,11,0,59,0,0,0,0,0,114,21,0,0,0,0,0,0,0,0,0,0,0,0,0,0,0,0,0,0,82,2,0,0,0,0,85,0,97,0,281,3,23,0,9,0,3,0,6,0,14,4,0,0,0
0,0,0,0,0,0,0,0,0,0,0,0,0,0,0,0,0,0,0,0,0,0,0,0,0,0,0,0,0,0,0,0,0,0,0,0,0,0,0,0,0,0,0,0,0,0,0,0,0,0,0,0,0,0,0,0,0,0,0,0,0,0,0,0,0,0,0,0,0,8,0,99,11,0,0,479,0,171,0,96,0,15,0,18,0,41,0,99,0,0,0,0,0,13,0,0,14,0,16,0,5,0,0,2,0,0,0,0,0,0,0,0,0,0,0,0,0,0,0,0,0,25,0,24,36,0,15,0,0,32,0,48,0,0,0,170,0,27,0,0,22,10,0,0,0,138,0,134,7,0,0,131,0,0,0,0,0,0,0,0,0,0,0,56,0,0,0,0,0,10,0,13,0,0,0,37,0,0,0,0,0,103,0,0,0,0,0,0,0,0,0,0,0,0,0,0,0,0,0,140,0,97,0,0,0,0,0,0,0,230,6,0,0,0,15,0,0,0,154,0,21,5,0,1,0
0,0,0,0,0,0,0,0,0,0,0,0,0,0,0,0,60,0,0,0,149,0,0,0,2,0,0,0,25,0,0,0,11,0,37,0,118,0,28,0,0,0,0,0,62,0,0,0,0,0,43,0,13,0,0,0,0,0,0,0,0,0,99,0,0,0,0,0,0,0,106,0,141,0,0,0,17,2,152,0,6,0,6,0,97,0,25,0,0,0,0,0,5,0,0,0,1,0,0,0,0,0,0,0,0,0,0,0,0,0,0,0,0,0,0,0,0,0,0,0,79,0,60,0,34,0,0,0,0,0,0,0,0,0,71,3,14,0,0,0,91,7,132,0,80,0,25,0,31,0,48,3,0,0,0,0,0,0,0,0,0,5,47,16,0,0,0,0,17,0,23,0,23,0,101,0,0,0,0,0,95,27,0,0,0,0,0,0,0,0,0,0,0,0,0,0,0,0,42,0,30,2,0,0,0,0,31,0,59,0,68,1,48,0,11,1,3,0,5,0,0,0,0,0,0
0,0,0,0,0,0,0,0,0,0,0,0,0,0,0,0,0,0,0,0,0,21,0,0,0,0,0,0,0,0,0,0,0,0,0,0,0,45,0,0,0,0,0,49,0,147,0,13,0,26,0,41,0,0,0,0,0,0,0,0,0,0,0,0,0,9,0,0,0,0,0,63,0,479,0,0,0,90,0,32,0,3,0,4,0,77,0,128,0,0,2,0,0,1,0,0,8,0,16,0,7,0,0,0,0,0,0,0,0,0,0,0,0,0,0,0,0,0,0,0,0,133,0,54,0,13,0,102,0,0,8,0,18,0,0,157,0,52,0,12,0,75,0,72,0,232,38,120,15,0,0,0,0,0,0,0,0,0,0,0,0,0,0,93,0,0,0,0,0,7,0,34,0,0,0,0,0,0,0,0,0,96,0,0,0,12,0,0,0,0,0,0,0,0,0,0,0,0,0,0,0,0,0,0,0,0,0,0,10,277,0,0,0,0,8,0,1,0,36,0,30,0,0,0,0
0,0,0,0,0,0,0,0,0,0,0,0,0,0,0,0,0,0,0,0,0,0,0,0,0,0,0,0,0,0,0,0,0,0,0,0,0,0,0,0,0,0,0,0,0,0,0,0,2,0,0,0,0,0,0,0,2,0,1,0,0,0,0,0,0,0,0,0,149,0,8,0,98,0,17,0,0,0,60,0,0,1,29,0,0,0,22,0,4,0,0,0,12,0,18,0,0,0,0,0,0,0,89,0,69,0,18,0,18,0,0,0,0,0,3,0,8,0,0,0,0,0,0,0,0,0,0,0,0,0,0,0,0,0,0,0,0,0,0,0,4,0,0,0,0,0,0,0,0,0,0,0,0,0,0,0,0,0,0,0,0,0,3,0,29,0,0,0,38,0,0,0,0,0,0,0,0,0,0,0,0,0,0,0,1,0,0,0,0,0,0,0,0,0,41,0,0,0,0,0,55,0,76,0,0,0,0,0,0,0,34,8,33,0,0,10,3,0,4,0,0,0,0,0,0
0,0,0,0,0,0,0,0,0,0,0,0,0,0,0,0,0,0,0,0,0,0,0,0,0,0,0,0,0,0,0,0,0,0,0,0,0,0,0,0,0,0,0,0,0,22,0,0,0,8,0,0,0,0,0,0,0,0,0,0,0,0,0,0,0,0,0,0,0,66,0,10,0,171,2,90,0,0,0,68,0,52,0,74,0,35,0,184,0,1,0,0,0,50,0,20,0,0,0,0,0,0,0,58,0,0,0,6,0,8,0,0,0,0,0,5,0,10,0,0,0,19,0,7,0,0,0,0,0,0,0,0,0,0,0,38,0,0,0,0,0,0,0,0,0,0,0,0,0,0,0,0,0,0,0,0,0,0,0,0,0,0,0,16,0,14,0,0,0,80,0,0,0,0,0,0,0,0,0,0,0,0,0,0,0,0,0,0,0,0,0,0,0,0,0,36,0,13,0,0,0,0,0,0,0,0,0,0,0,0,0,0,0,0,21,0,0,0,100,0,88,0,6,4,0
0,0,0,0,0,0,0,0,0,0,0,0,0,0,0,0,0,0,0,0,0,0,0,0,0,0,0,0,0,0,0,0,0,0,0,0,0,0,23,0,0,0,0,0,0,0,0,0,10,0,0,0,0,0,0,0,0,0,0,0,0,0,0,0,0,0,0,0,81,0,88,0,282,0,152,0,60,0,0,0,26,0,59,0,70,0,60,0,0,0,0,0,17,0,10,0,41,0,15,0,0,0,38,0,0,0,9,0,23,0,0,0,0,0,6,0,2,0,0,0,309,0,41,0,0,0,0,0,0,0,0,8,0,0,0,0,0,0,0,1,75,0,112,0,42,0,0,5,0,0,0,0,0,0,0,0,0,0,0,0,0,0,0,0,19,0,0,0,99,0,0,0,0,0,0,0,0,0,0,0,0,31,0,0,0,0,0,0,70,0,0,0,0,0,0,0,0,0,0,0,169,0,0,0,100,0,0,0,0,0,267,0,54,0,18,7,5,0,0,0,12,0,0,0,0
