0,37,127,43,38,25,35,9,42,0,153,0,103,0,8,31,65,36,9,0,0,0,13,102,30,70,23,0,40,0,0,0,10,3,0,0,14,3,314,0,44,0,0,0,4,0,31,0,15,0,0,0,0,0,3,0,4,0,7,0,152,0,73,1,10,0,11,0,1,0,0,0,0,0,0,0,0,0,0,0,0,0,0,0,0,0,0,0,0,0,0,0,0,0,0,0,0,0,0,0,0,0,0,0,0,0,0,0,0,0,0,0,0,0,0,0,0,0,0,0,0,0,0,0,5,0,0,0,0,0,11,0,0,0,0,0,0,0,0,0,0,0,0,0,0,0,0,0,21,0,4,0,0,0,0,0,0,0,0,0,0,0,0,0,27,0,10,0,0,0,63,0,363,0,0,0,337,226,7,0,4,0,34,0,15,0,4,0,0,0,0,0,0,0,0,0,0,0,0,0,0,0,0,0,0,0,0,0,4,0,523,120,178,201,284,0,0,0,0,0,6,0,0,0,0
37,0,0,38,0,124,0,8,0,94,0,126,0,69,0,66,23,86,0,60,0,11,51,101,74,93,0,66,0,202,0,0,0,114,0,13,0,227,0,588,0,4,0,0,0,14,0,36,0,15,0,0,0,3,7,17,0,0,0,9,0,205,6,89,0,122,0,16,0,0,0,0,0,0,0,0,0,0,0,0,0,0,0,0,0,0,0,0,0,0,0,0,0,0,0,0,0,0,0,0,0,0,0,0,0,0,0,0,0,0,0,0,0,0,0,0,0,0,0,0,0,4,0,0,0,85,0,48,0,2,0,56,0,3,0,94,0,143,0,0,0,11,0,0,0,0,0,77,0,189,0,116,0,133,0,0,0,0,0,0,0,20,0,28,0,14,2,12,0,95,0,31,3,350,0,15,63,456,0,6,0,52,0,23,0,128,0,0,0,0,0,0,0,0,0,0,0,0,0,0,0,0,0,0,0,0,0,0,0,98,5,0,0,1,685,0,0,0,1075,74,240,285,0,0,5
127,0,0,42,221,86,84,0,25,0,73,59,128,0,100,75,16,0,65,0,0,0,485,125,222,0,61,0,220,0,36,0,86,0,0,0,0,0,377,0,38,0,0,0,9,0,50,0,14,0,0,0,0,0,54,0,15,0,29,0,45,0,27,0,6,0,0,0,0,0,0,0,0,0,0,0,0,0,0,0,0,0,0,0,0,0,0,0,0,0,0,0,0,0,0,0,0,0,0,0,0,0,0,0,0,0,0,0,0,0,0,0,0,0,0,0,0,0,1,0,0,0,0,0,70,0,12,0,0,0,46,0,0,0,111,0,66,0,0,0,0,0,46,0,0,0,28,0,96,0,50,0,7,0,0,0,2,0,0,0,0,0,0,0,0,0,0,0,0,0,0,0,293,0,0,0,189,170,0,0,0,0,12,0,8,0,0,0,0,0,0,0,0,0,0,0,1,0,0,0,0,0,0,0,11,0,0,0,54,0,359,46,126,148,305,0,0,0,0,0,0,0,0,0,0
43,38,42,0,0,89,0,21,0,11,0,14,0,4,3,276,28,42,0,85,0,22,96,513,68,159,0,0,0,164,0,0,0,152,0,0,0,0,0,254,0,1,0,0,0,0,0,0,0,3,0,0,0,0,0,88,0,6,0,2,0,19,0,0,0,0,0,3,0,0,0,0,0,0,0,0,0,0,0,0,0,0,0,0,0,0,0,0,0,0,0,0,0,0,0,0,0,6,0,0,0,0,0,0,0,0,0,0,0,0,0,0,0,0,0,0,0,0,0,0,0,0,0,0,0,35,0,15,0,0,0,7,0,12,0,339,0,181,0,0,0,21,0,0,0,0,0,0,0,21,0,21,0,0,0,0,0,0,0,0,0,6,0,0,0,0,0,0,0,22,0,0,0,48,0,0,45,162,0,0,0,0,3,0,0,0,0,0,0,0,0,0,0,0,0,0,0,0,0,0,0,57,0,0,0,0,0,0,0,103,0,0,0,0,92,0,0,0,98,5,52,0,0,0,0
38,0,221,0,0,144,43,0,20,0,45,72,367,0,135,163,0,0,58,204,42,146,252,79,0,0,98,0,96,0,124,0,255,0,167,0,138,0,171,0,83,0,0,0,6,0,56,0,19,0,112,0,0,0,2,0,0,0,19,0,0,0,0,0,10,0,0,0,0,0,0,0,0,0,0,0,0,0,0,0,0,0,0,0,0,0,0,0,0,0,0,0,0,0,0,0,0,0,0,0,0,0,0,0,0,0,0,0,0,0,0,0,0,0,0,0,0,0,0,0,0,0,0,0,0,0,0,0,0,0,12,0,0,0,43,0,0,0,0,0,0,0,0,0,0,0,0,0,101,0,63,0,0,0,0,0,0,0,0,0,0,0,0,0,0,0,301,0,0,0,0,0,307,0,0,0,463,237,139,0,74,0,58,0,88,0,8,0,0,0,0,0,0,0,0,0,0,0,0,0,0,0,0,0,0,0,0,0,19,0,757,173,320,0,363,0,4,0,0,0,0,0,0,0,0
25,124,86,89,144,0,0,41,0,24,0,155,0,40,259,420,0,0,0,346,85,197,137,236,0,0,0,187,0,108,6,119,0,534,0,151,0,280,0,0,0,7,0,0,0,0,0,30,0,7,0,0,0,0,0,19,0,0,0,0,0,8,0,7,0,29,0,3,0,0,0,0,0,0,0,15,0,0,0,0,0,75,0,0,0,0,0,0,0,0,0,0,0,0,0,0,0,0,0,0,0,0,0,0,0,0,0,0,0,0,0,0,0,0,0,0,0,0,0,0,0,36,0,0,0,0,0,0,0,0,0,0,0,0,0,87,0,68,0,0,0,0,0,42,0,0,0,45,0,43,0,58,0,0,0,0,0,0,0,0,0,0,0,0,0,60,0,144,0,164,0,0,0,81,0,0,132,375,0,30,0,26,0,15,0,31,0,2,0,0,0,0,0,0,0,0,0,0,0,0,0,0,0,0,0,0,0,0,0,63,0,0,0,0,230,0,0,0,438,68,425,0,0,0,0
35,0,84,0,43,0,0,0,10,0,22,0,31,0,11,0,5,28,0,0,0,0,4,11,229,156,0,0,0,0,0,0,0,0,0,0,0,0,20,0,25,0,0,0,16,0,12,0,61,0,0,0,41,13,226,0,9,0,21,0,224,0,196,0,7,0,11,0,0,0,0,0,0,0,0,0,0,0,0,0,0,0,0,0,0,0,0,0,0,0,0,0,0,0,0,0,0,0,0,0,0,0,0,0,0,0,0,0,0,0,0,0,0,0,0,0,0,0,0,0,0,0,0,0,41,0,0,0,0,0,28,1,10,0,0,0,0,0,0,0,0,0,0,0,0,0,11,0,21,0,12,0,0,0,1,0,0,1,0,0,10,0,0,0,41,0,0,0,0,0,153,0,257,0,0,0,102,159,0,0,0,0,4,0,0,0,0,0,0,0,0,0,0,0,0,0,0,0,0,0,0,1,0,0,0,0,0,0,14,0,645,80,272,470,627,38,49,0,0,0,0,0,0,0,0
9,8,0,21,0,41,0,0,0,10,0,8,0,13,0,26,11,18,0,23,0,0,0,18,64,402,0,26,0,68,0,0,0,0,0,0,0,0,0,233,0,0,0,0,0,0,0,0,0,22,0,0,0,18,40,148,0,7,0,6,4,185,27,156,0,0,0,4,0,1,0,0,0,0,0,0,0,0,0,0,0,0,0,0,0,0,0,0,0,0,0,0,0,0,0,0,0,0,0,0,0,0,0,0,0,0,0,0,0,0,0,0,0,0,0,0,0,0,0,0,0,0,0,0,0,24,0,0,0,6,0,12,0,2,0,0,0,23,0,0,0,0,0,1,0,0,0,0,0,19,0,12,0,4,0,0,0,0,0,0,0,5,0,0,1,0,0,8,0,0,0,29,0,238,0,0,32,171,0,0,0,0,1,0,0,0,0,0,0,0,0,0,0,0,0,0,0,0,0,8,0,0,0,0,0,0,0,0,0,20,0,0,4,0,511,0,0,0,465,34,154,280,0,0,0
42,0,25,0,20,0,10,0,0,0,16,0,34,0,8,0,13,0,12,0,0,0,11,0,23,132,22,0,0,0,0,0,0,0,0,0,0,0,10,0,20,0,0,0,0,0,29,0,33,0,0,0,150,18,75,129,0,0,15,0,255,0,195,19,113,0,133,0,1,0,0,0,0,0,0,0,0,0,0,0,0,0,0,0,0,0,0,0,0,0,0,0,0,0,0,0,0,0,0,0,0,0,0,0,0,0,0,0,0,0,0,0,0,0,0,0,0,0,0,0,0,0,0,0,25,0,0,0,0,0,29,0,0,0,3,0,0,0,0,0,0,0,0,0,0,0,11,0,100,0,0,0,0,0,2,0,10,0,0,0,37,1,10,0,19,0,0,0,13,0,139,0,84,0,0,0,310,215,32,0,0,0,28,0,108,4,4,0,0,0,0,0,0,0,0,0,0,0,0,0,0,0,0,0,0,0,0,0,8,0,698,158,194,306,396,54,52,0,0,1,0,0,0,0,0
0,94,0,11,0,24,0,10,0,0,0,46,0,16,0,0,3,6,0,0,0,0,0,0,24,44,0,0,0,0,0,0,0,0,0,0,0,0,0,0,0,0,0,0,0,0,0,0,0,7,0,0,60,139,103,203,0,51,26,31,0,265,23,377,0,205,0,96,0,0,0,0,0,0,0,0,0,0,0,0,0,5,0,0,0,3,0,0,0,0,0,0,0,0,0,0,0,3,0,0,0,0,0,0,0,0,0,0,0,0,0,0,0,0,0,0,0,0,0,0,0,0,0,0,0,48,0,22,0,4,0,77,0,0,0,0,0,18,0,0,0,0,0,0,0,0,0,37,0,150,0,44,0,36,0,16,0,50,0,0,0,29,0,8,0,0,0,7,0,77,0,99,0,138,0,0,51,273,0,0,0,9,0,3,0,64,0,0,0,0,0,0,0,0,0,0,0,0,0,4,0,0,0,0,0,0,0,0,0,26,0,0,3,0,578,0,0,0,959,132,201,328,9,0,0
153,0,73,0,45,0,22,0,16,0,0,0,181,0,16,77,33,0,0,0,13,47,57,65,0,0,0,0,36,0,37,0,269,0,11,0,113,0,182,0,29,0,0,0,1,0,15,0,9,0,0,0,0,0,0,0,0,0,0,0,0,0,0,0,4,0,0,0,0,0,0,0,0,0,0,0,0,0,0,0,0,0,0,0,8,0,0,0,0,0,0,0,0,0,0,0,0,0,0,0,0,0,0,0,0,0,0,0,0,0,0,0,0,0,0,0,2,0,0,0,0,0,0,0,0,0,0,0,0,0,0,0,0,0,0,0,0,0,0,0,0,0,0,0,0,0,0,0,24,0,23,0,46,0,0,0,0,0,0,0,0,0,4,0,19,0,132,0,0,0,14,0,237,0,0,0,356,129,83,1,56,0,30,0,44,0,7,0,0,0,0,0,0,0,0,0,0,0,0,0,0,0,0,0,0,0,0,0,0,0,484,120,135,0,163,0,2,0,0,0,0,0,0,0,0
0,126,59,14,72,155,0,8,0,46,0,0,0,295,136,105,12,0,0,130,64,79,121,71,0,0,0,245,0,127,0,27,0,369,2,63,3,287,0,125,1,31,0,12,0,72,0,120,0,32,0,23,0,0,0,0,0,2,0,0,0,8,0,0,0,47,0,0,0,0,0,0,0,3,0,0,0,0,0,0,0,66,0,0,0,0,0,26,0,0,0,0,0,0,0,0,0,0,0,0,0,0,0,0,0,0,0,0,0,0,0,0,0,14,0,0,0,0,0,24,0,0,0,6,0,0,0,0,0,0,0,0,0,0,0,0,0,19,0,0,0,0,0,0,0,0,0,0,0,27,0,81,0,126,0,0,0,0,0,0,0,0,0,8,0,0,0,59,1,117,0,0,0,114,0,38,110,391,0,27,0,207,0,59,0,76,0,16,0,0,0,0,0,0,0,0,0,0,0,0,0,0,0,0,0,0,0,0,0,0,3,1,0,3,289,0,0,0,694,142,336,0,5,0,0
103,0,128,0,367,0,31,0,34,0,181,0,0,155,29,21,0,0,66,300,12,135,0,0,0,0,72,378,0,0,10,0,0,0,95,18,21,6,0,0,137,91,68,38,28,35,103,139,6,0,236,20,0,0,0,0,0,0,0,0,0,0,0,0,8,0,0,0,0,0,0,0,0,0,0,0,0,0,0,0,0,0,0,0,0,0,0,0,0,0,0,0,0,0,0,0,0,0,0,0,0,0,0,0,0,0,0,0,0,0,0,0,0,0,0,0,0,0,0,0,0,0,0,0,0,0,0,0,0,0,0,0,0,0,0,0,0,0,0,0,0,0,0,0,0,0,0,0,60,0,56,0,108,0,0,0,0,0,0,0,0,0,0,0,58,0,47,0,0,0,0,0,0,0,116,0,235,102,54,0,141,0,62,0,74,0,158,0,0,0,0,0,0,0,0,0,0,0,0,0,0,0,0,0,0,0,0,0,23,0,193,166,179,0,26,0,0,0,0,0,0,0,0,0,1
0,69,0,4,0,40,0,13,0,16,0,295,155,0,108,15,0,1,273,80,86,79,0,0,0,0,161,220,0,0,16,12,0,6,36,164,0,27,0,0,23,111,12,244,0,136,0,277,0,63,36,274,0,0,0,4,0,0,0,3,0,0,0,7,0,0,0,0,0,0,0,1,0,0,0,0,0,2,0,0,0,0,0,0,0,0,0,0,0,0,0,0,0,0,0,0,0,0,0,0,0,0,0,0,0,0,0,0,0,0,0,0,0,0,0,0,0,0,0,0,0,0,0,0,0,0,0,0,0,0,0,0,0,0,0,0,0,0,0,2,0,0,0,0,0,0,0,0,0,0,0,0,0,68,0,0,0,0,0,0,0,0,0,0,0,78,0,21,0,121,0,5,0,0,0,0,36,352,3,14,0,81,0,23,0,0,12,51,0,0,0,0,0,0,0,0,0,0,0,0,0,0,0,0,0,0,0,0,0,0,0,5,0,0,56,0,0,0,143,167,385,52,0,1,3
8,0,100,3,135,259,11,0,8,0,16,136,29,108,0,203,36,0,351,251,188,200,224,46,39,0,152,0,0,0,229,0,158,0,148,0,136,20,6,0,6,1,0,6,15,0,17,0,0,0,49,8,6,0,34,0,0,0,21,0,0,0,15,0,18,0,0,0,0,0,0,0,0,0,0,0,0,0,0,0,0,0,0,0,82,0,0,0,0,0,0,0,0,0,0,0,200,0,0,0,0,0,0,0,0,0,0,0,0,0,0,0,0,0,0,0,0,0,0,0,0,0,0,0,73,0,20,0,0,0,42,0,36,0,274,0,250,0,0,0,0,0,237,0,0,0,80,0,166,0,86,0,24,0,0,0,0,0,0,0,0,0,0,0,0,0,188,0,44,0,0,0,71,0,0,0,119,133,13,0,0,0,0,0,44,0,0,0,0,0,0,0,0,0,0,0,0,0,0,0,181,0,0,0,0,0,0,0,123,0,264,83,125,0,91,0,3,0,0,0,0,0,0,0,0
31,66,75,276,163,420,0,26,0,0,77,105,21,15,203,0,24,24,0,229,61,160,148,133,0,35,0,68,0,0,5,52,0,78,0,31,0,21,0,0,0,0,0,4,0,11,0,0,0,0,0,0,0,9,0,63,0,0,0,0,0,0,0,34,0,25,0,5,0,0,0,0,0,13,0,22,0,0,0,0,0,52,0,0,0,95,0,0,0,2,0,168,0,0,0,0,0,70,0,118,0,0,0,0,0,0,0,0,0,0,0,0,0,0,0,0,0,0,0,2,0,0,0,0,0,0,0,0,0,0,0,0,0,25,0,905,0,318,0,21,0,61,0,126,0,0,0,0,0,56,0,78,0,33,0,0,0,0,0,0,0,0,0,0,0,0,0,11,0,0,0,0,5,5,0,5,85,186,0,0,0,0,0,3,0,0,0,0,0,0,0,0,0,0,0,1,0,0,0,187,0,311,0,0,0,0,0,0,0,210,0,0,0,0,0,0,0,0,55,23,0,4,0,0,0
65,23,16,28,0,0,5,11,13,3,33,12,0,0,36,24,0,0,109,0,320,0,163,41,51,45,59,0,301,0,25,0,97,3,11,0,17,0,381,0,0,0,0,0,26,0,0,0,7,0,0,0,77,0,11,3,5,0,0,0,51,0,324,1,0,0,0,0,0,0,21,0,0,0,20,0,0,0,0,0,39,0,0,0,372,0,29,0,0,0,100,0,0,0,0,0,566,0,66,0,0,0,0,0,0,0,0,0,0,0,0,0,0,0,0,0,0,0,0,0,38,0,71,0,0,0,0,0,0,0,0,0,0,0,48,0,254,0,63,0,233,0,572,0,0,0,0,0,0,0,0,0,0,0,42,0,3,0,0,0,0,0,0,0,0,0,0,0,15,0,17,0,177,0,0,0,46,65,9,0,0,0,46,0,0,0,0,0,0,0,0,0,0,0,0,0,0,0,0,0,86,0,0,0,0,0,1,0,0,0,58,14,49,72,68,2,0,0,4,0,0,0,0,0,0
36,86,0,42,0,0,28,18,0,6,0,0,0,1,0,24,0,0,0,0,0,130,34,135,79,69,0,0,0,406,0,14,0,82,0,9,0,0,1,371,0,0,0,0,0,0,0,0,0,2,0,0,0,49,10,11,0,39,0,0,0,29,8,135,0,0,0,0,0,0,0,0,0,0,0,0,0,0,0,0,0,63,0,0,0,170,0,0,0,0,0,53,0,0,0,0,0,23,0,44,0,0,0,0,0,0,0,0,0,0,0,0,0,0,0,0,0,0,0,0,0,15,0,4,0,0,0,0,0,31,0,0,0,30,0,246,0,59,0,69,0,201,0,404,0,0,0,0,0,0,0,0,0,0,0,23,0,0,0,0,0,0,0,0,0,0,0,0,0,0,0,0,0,21,0,0,15,111,0,0,0,0,0,2,0,0,0,0,0,0,0,0,0,0,0,0,0,0,0,0,0,78,0,0,0,0,0,0,0,0,0,0,0,0,44,0,0,0,27,8,21,35,0,0,0
9,0,65,0,58,0,0,0,12,0,0,0,66,273,351,0,109,0,0,511,215,136,241,0,0,0,318,380,13,0,27,0,5,0,286,0,42,0,0,0,21,49,20,39,13,23,18,86,0,0,273,0,22,0,0,0,0,0,0,0,0,0,77,0,35,0,0,0,0,0,28,0,0,0,0,0,0,0,0,0,0,0,0,0,0,0,0,0,0,0,0,0,0,0,0,0,718,0,0,0,0,0,0,0,0,0,0,0,0,0,0,0,0,0,0,0,0,0,0,0,0,0,0,0,0,0,0,0,0,0,37,0,0,0,316,0,203,0,0,0,0,0,0,0,0,0,70,0,173,0,0,0,55,0,0,0,0,0,0,0,7,0,0,0,65,0,50,1,0,0,0,0,17,0,0,0,64,98,14,0,0,0,15,0,88,0,36,0,0,0,0,0,0,0,0,0,0,0,0,0,296,0,0,0,0,0,0,0,0,0,154,103,133,22,37,0,0,0,0,0,0,0,0,0,0
0,60,0,85,204,346,0,23,0,0,0,130,300,80,251,229,0,0,511,0,179,245,0,123,0,14,103,137,0,10,16,75,0,26,80,171,0,66,0,0,0,1,8,68,0,17,7,33,0,2,37,163,0,15,0,20,0,0,0,0,0,7,1,48,0,46,0,3,0,0,0,0,0,0,0,0,0,0,0,0,0,0,0,0,0,133,0,0,0,0,0,0,0,0,0,0,0,0,0,0,0,0,0,0,0,0,0,0,0,0,0,0,0,0,0,0,0,0,0,0,0,0,0,0,0,61,0,0,0,0,0,0,0,9,1,385,0,159,0,0,0,0,0,96,0,11,0,60,0,105,0,0,0,0,0,0,0,0,0,0,0,0,0,0,0,56,0,27,0,85,0,0,0,22,0,9,39,210,0,9,0,0,0,0,0,42,3,8,0,0,0,0,0,0,0,0,0,0,0,0,0,120,0,0,0,0,0,0,0,150,0,0,0,0,25,0,0,0,111,69,128,22,0,0,0
0,0,0,0,42,85,0,0,0,0,13,64,12,86,188,61,320,0,215,179,0,107,195,17,24,0,163,98,120,0,109,8,184,0,96,20,91,15,13,0,0,0,3,0,25,0,0,0,0,0,56,0,39,0,6,0,7,0,0,0,19,0,189,0,0,0,0,0,0,0,117,0,0,0,82,0,0,0,0,0,0,0,0,0,550,0,91,0,0,0,183,0,0,0,0,0,818,0,0,0,0,0,0,0,0,0,0,0,0,0,0,0,0,0,0,0,0,0,0,0,85,0,0,0,0,0,0,0,0,0,3,0,0,0,0,0,93,0,0,0,186,0,327,0,0,0,0,0,0,0,0,0,0,0,15,0,0,0,9,0,0,0,0,0,28,0,87,0,0,0,0,0,39,0,0,0,23,36,36,0,0,0,0,0,0,0,6,0,0,0,0,0,0,0,0,0,0,0,0,0,83,0,0,0,0,0,0,0,24,0,141,76,80,37,33,0,0,0,0,0,0,0,0,0,0
0,11,0,22,146,197,0,0,0,0,47,79,135,79,200,160,0,130,136,245,107,0,18,266,0,39,37,239,0,186,0,57,0,83,16,81,0,12,0,8,0,0,0,64,2,47,0,0,0,4,0,57,0,32,1,52,0,0,0,0,0,6,0,181,0,0,0,0,0,0,0,23,0,0,0,49,0,0,0,30,0,387,0,0,0,402,0,150,0,0,0,0,0,0,0,0,0,71,0,242,0,0,0,0,0,0,0,0,0,0,0,0,0,0,0,0,0,0,0,0,0,165,0,0,0,0,0,0,0,0,0,0,0,0,0,0,0,0,0,0,0,284,0,555,0,38,0,0,0,0,0,0,0,0,0,0,0,0,0,0,0,0,0,0,0,30,0,50,0,122,0,5,0,26,0,0,17,45,0,10,0,0,0,0,0,0,0,11,0,0,0,0,0,0,0,0,0,0,0,0,0,0,0,0,0,0,0,0,0,0,0,0,0,0,91,0,0,0,316,247,225,48,1,0,0
13,51,485,96,252,137,4,0,11,0,57,121,0,0,224,148,163,34,241,0,195,18,0,258,149,28,74,0,111,0,44,0,63,26,0,0,9,21,126,0,0,0,0,0,29,0,66,0,5,0,0,0,20,0,51,0,0,0,16,0,7,0,34,0,8,0,0,0,0,0,0,1,0,0,0,0,0,0,0,0,0,0,0,0,0,0,0,0,0,0,73,0,0,0,0,0,282,0,0,0,0,0,0,0,0,0,0,0,0,0,0,0,0,0,0,0,0,0,0,0,0,0,0,0,43,0,20,0,0,0,21,0,65,0,257,0,533,0,0,0,100,0,523,0,0,0,34,0,49,0,33,0,4,0,17,0,0,0,0,0,0,0,0,0,0,0,14,0,0,0,16,0,120,0,0,0,245,239,8,0,0,0,45,0,23,0,0,0,0,0,0,0,0,0,0,0,0,0,0,0,201,0,0,0,0,0,0,0,89,0,152,48,64,0,123,0,0,0,0,0,4,0,0,0,0
102,101,125,513,79,236,11,18,0,0,65,71,0,0,46,133,41,135,0,123,17,266,258,0,93,54,0,44,0,294,0,63,0,144,0,24,0,13,0,70,0,0,0,15,0,12,0,0,0,0,0,8,0,39,0,17,0,0,0,0,0,6,0,191,0,0,0,0,0,0,0,0,0,0,0,33,0,0,0,29,0,278,0,0,0,340,0,104,0,0,0,281,0,0,0,0,0,81,0,346,0,242,0,0,0,0,0,151,0,0,0,0,0,0,0,0,0,0,0,0,0,53,0,11,0,0,0,0,0,0,0,0,0,8,1,544,0,100,0,0,0,83,0,313,0,0,0,0,0,0,0,0,0,0,0,9,0,0,0,0,0,0,0,0,0,0,0,0,0,0,0,0,0,12,0,0,91,258,0,6,0,0,0,2,0,0,0,0,0,0,0,0,0,0,0,0,0,0,0,0,0,265,0,0,0,0,0,0,0,60,0,0,0,0,29,0,0,0,65,51,54,17,0,0,0
30,74,222,68,0,0,229,64,23,24,0,0,0,0,39,0,51,79,0,0,24,0,149,93,0,242,0,0,42,0,0,0,0,0,0,0,0,0,65,0,0,0,0,0,0,0,0,0,0,0,0,0,66,2,51,15,26,0,26,0,59,0,66,10,0,0,0,0,0,0,0,0,0,0,0,0,0,0,0,0,0,0,0,0,54,0,0,0,0,0,0,0,0,0,0,0,0,0,0,0,0,0,0,0,0,0,0,0,0,0,0,0,0,0,0,0,0,0,0,0,0,0,0,0,0,0,15,0,73,0,10,0,58,0,151,0,518,0,0,0,0,0,368,0,0,0,11,0,15,0,13,0,0,0,43,0,4,0,36,0,84,0,0,0,0,0,0,0,0,0,21,0,78,0,0,0,111,233,0,0,0,2,7,1,0,0,0,0,0,0,0,0,0,0,0,0,0,0,0,0,73,0,0,0,0,0,0,0,41,0,135,29,54,72,92,0,0,0,0,0,0,0,0,0,0
70,93,0,159,0,0,156,402,132,44,0,0,0,0,0,35,45,69,0,14,0,39,28,54,242,0,0,6,0,35,0,0,0,0,0,7,0,7,0,45,0,0,0,0,0,0,0,1,0,2,0,0,34,2,80,88,0,24,0,8,11,29,57,28,0,0,0,0,0,0,0,0,0,0,0,0,0,0,0,3,0,5,0,0,0,0,0,0,0,0,0,0,0,0,0,0,0,0,0,13,0,0,0,0,0,0,0,11,0,0,0,0,0,0,0,0,0,0,0,0,0,0,0,0,0,0,0,6,0,0,0,0,0,31,0,346,0,185,1,35,1,29,0,53,0,0,0,0,0,0,0,0,0,0,0,58,0,1,0,0,0,75,0,0,0,0,0,0,0,13,0,0,0,29,0,0,44,337,0,0,0,0,4,0,0,1,0,0,0,0,0,0,0,0,0,0,0,1,0,0,0,71,0,0,0,0,0,0,0,30,0,2,0,0,70,0,0,0,78,0,34,37,0,0,0
23,0,61,0,98,0,0,0,22,0,0,0,72,161,152,0,59,0,318,103,163,37,74,0,0,0,0,447,36,0,23,0,11,0,72,0,59,0,0,0,28,312,255,41,355,54,133,326,19,0,358,27,0,0,0,0,0,0,0,0,6,0,70,0,25,0,0,0,0,0,86,0,0,0,0,0,0,0,0,0,0,0,0,0,0,0,0,0,0,0,0,0,0,0,0,0,481,0,0,0,5,0,0,0,0,0,0,0,0,0,0,0,0,0,0,0,0,0,0,0,0,0,0,0,0,0,0,0,0,0,0,0,0,0,0,0,0,0,0,0,0,0,0,0,0,0,0,0,116,0,62,0,0,0,0,0,0,0,0,0,0,0,10,0,93,0,41,0,0,0,0,0,11,0,0,0,40,83,0,0,0,0,26,0,0,0,97,0,0,0,0,0,0,0,0,0,0,0,0,0,0,0,0,0,0,0,0,0,0,0,115,295,236,30,22,2,0,15,0,0,0,0,0,0,0
0,66,0,0,0,187,0,26,0,0,0,245,378,220,0,68,0,0,380,137,98,239,0,44,0,6,447,0,0,0,0,20,0,27,48,58,0,0,0,3,115,37,33,326,0,149,48,283,0,12,110,244,0,0,0,0,0,0,0,0,0,0,0,0,0,0,0,0,0,0,0,4,0,0,0,0,0,0,0,0,0,0,0,0,0,104,0,0,0,0,0,0,0,0,0,0,0,0,0,0,0,0,0,0,0,0,0,0,0,0,0,0,0,0,0,0,0,0,0,3,0,0,0,0,0,0,0,0,0,0,0,0,0,0,0,0,0,0,0,0,0,0,0,0,0,0,0,0,0,44,0,0,0,0,0,0,0,0,0,0,0,0,0,4,0,71,0,0,0,0,0,0,0,15,0,0,10,168,6,4,0,0,0,0,0,0,21,59,0,0,0,0,0,0,0,0,0,0,0,0,0,0,0,0,0,0,0,0,0,0,0,0,10,0,33,0,0,0,74,229,365,51,0,0,2
40,0,220,0,96,0,0,0,0,0,36,0,0,0,0,0,301,0,13,0,120,0,111,0,42,0,36,0,0,0,48,0,21,0,48,0,19,0,13,0,0,0,13,0,18,0,0,0,0,0,46,0,11,0,4,0,0,0,2,0,7,0,25,0,0,0,0,0,0,0,21,0,0,0,12,0,0,0,0,0,15,0,0,0,61,0,16,0,0,0,7,0,0,0,0,0,44,0,16,0,0,0,0,0,0,0,0,0,0,0,0,0,0,0,0,0,0,0,0,0,7,0,25,0,0,0,0,0,0,0,0,0,0,0,0,0,0,0,55,0,95,0,66,0,21,0,0,0,0,0,0,0,0,0,11,0,0,0,0,0,0,0,0,0,0,0,0,0,0,0,0,0,0,0,0,0,0,0,8,0,0,0,10,0,0,0,0,0,0,0,0,0,0,0,0,0,0,0,0,0,0,0,0,0,0,0,0,0,0,0,0,0,0,0,0,0,0,0,0,0,0,0,0,0,0
0,202,0,164,0,108,0,68,0,0,0,127,0,0,0,0,0,406,0,10,0,186,0,294,0,35,0,0,0,0,0,38,0,28,0,49,0,22,0,16,0,0,0,0,0,0,0,0,0,0,0,18,0,16,0,19,0,3,0,0,0,37,0,58,0,0,0,0,0,0,0,0,0,0,0,0,0,0,0,0,0,26,0,0,0,64,0,10,0,0,0,0,0,0,0,0,0,9,0,0,0,0,0,0,0,0,0,0,0,0,0,0,0,0,0,0,0,0,0,0,0,0,0,0,0,0,0,0,0,16,0,4,0,0,0,71,0,0,0,87,0,145,0,182,0,36,0,0,0,0,0,0,0,0,0,39,0,12,0,20,0,0,0,0,0,0,0,0,0,0,0,0,0,0,0,0,0,24,0,0,0,0,0,0,0,2,0,0,0,0,0,0,0,0,0,0,0,0,0,0,0,31,0,0,0,0,0,0,0,0,0,0,0,0,0,0,0,0,0,6,0,0,0,0,0
0,0,36,0,124,6,0,0,0,0,37,0,10,16,229,5,25,0,27,16,109,0,44,0,0,0,23,0,48,0,0,0,0,0,27,0,24,1,2,0,0,0,11,0,3,0,0,0,0,0,18,0,4,0,0,0,0,0,1,0,0,0,41,0,0,0,0,0,0,0,20,0,0,0,9,0,0,0,3,0,0,0,0,0,63,0,0,0,0,0,19,0,0,0,0,0,93,0,0,0,0,0,0,0,0,0,0,0,0,0,0,0,0,0,0,0,0,0,0,0,0,0,0,0,0,0,0,0,0,0,0,0,0,0,0,0,0,0,0,0,0,0,0,0,11,0,0,0,0,0,0,0,0,0,0,0,0,0,3,0,0,0,0,0,0,0,8,0,0,0,0,0,8,0,0,0,7,1,13,0,0,0,0,0,0,0,0,0,0,0,0,0,0,0,0,0,0,0,0,0,0,0,0,0,0,0,0,0,0,0,20,0,0,0,7,0,0,0,0,0,0,0,0,0,0
0,0,0,0,0,119,0,0,0,0,0,27,0,12,0,52,0,14,0,75,8,57,0,63,0,0,0,20,0,38,0,0,0,12,0,8,0,5,0,0,0,0,0,25,0,0,0,0,0,0,0,15,0,0,0,8,0,0,0,0,0,0,0,10,0,0,0,0,0,0,0,0,0,0,0,0,0,0,0,0,0,0,0,3,0,35,0,0,0,0,0,0,0,0,0,0,0,0,0,0,0,0,0,4,0,0,0,0,0,0,0,0,0,0,0,0,0,0,0,0,0,0,0,0,0,0,0,0,0,0,0,0,0,0,0,0,0,0,0,0,0,65,0,0,0,21,0,0,0,10,0,0,0,0,0,3,0,0,0,0,0,0,0,0,0,0,0,27,0,0,0,0,0,19,0,0,0,0,0,5,0,0,0,0,0,0,0,0,0,0,0,0,0,0,0,0,0,0,0,0,0,0,0,0,0,0,0,0,0,0,0,0,0,0,21,0,0,0,30,29,56,0,0,0,0
10,0,86,0,255,0,0,0,0,0,269,0,0,0,158,0,97,0,5,0,184,0,63,0,0,0,11,0,21,0,0,0,0,1,40,0,113,0,2,0,0,0,26,0,0,0,0,0,0,0,8,0,5,0,0,0,0,0,0,0,5,0,17,0,0,0,0,0,0,0,10,0,0,0,0,0,0,0,0,0,0,0,0,0,0,0,0,0,0,0,0,0,0,0,0,0,0,0,0,0,0,0,0,0,0,0,0,0,0,0,0,0,0,0,0,0,0,0,0,0,0,0,0,0,0,0,0,0,0,0,0,0,0,0,0,0,0,0,0,0,0,0,18,0,0,0,0,0,0,0,0,0,0,0,0,0,0,0,0,0,0,0,0,0,0,0,21,0,0,0,0,0,0,0,0,0,67,0,119,0,0,0,0,0,3,0,0,0,0,0,0,0,0,0,0,0,0,0,0,0,0,0,0,0,0,0,0,0,0,0,10,25,0,6,0,0,0,0,0,0,0,0,0,0,0
3,114,0,152,0,534,0,0,0,0,0,369,0,6,0,78,3,82,0,26,0,83,26,144,0,0,0,27,0,28,0,12,1,0,0,71,0,128,0,2,0,0,0,27,0,0,0,0,0,0,0,29,0,2,0,6,0,0,0,0,0,32,0,16,0,0,0,0,0,0,0,0,0,0,0,0,0,0,0,0,0,0,0,0,0,0,0,0,0,0,0,0,0,0,0,0,0,0,0,0,0,0,0,0,0,0,0,0,0,0,0,0,0,0,0,0,0,0,0,0,0,0,0,0,0,0,0,0,0,0,0,4,0,0,0,0,0,0,0,0,0,0,0,71,0,42,0,0,0,0,0,0,0,0,0,0,0,27,0,0,0,0,0,0,0,0,1,60,0,36,0,1,0,22,0,0,0,97,0,49,0,0,0,0,0,11,0,0,0,0,0,0,0,0,0,0,0,0,0,0,0,0,0,0,0,0,0,0,0,0,0,0,0,0,0,0,0,0,62,51,70,0,0,0,0
0,0,0,0,167,0,0,0,0,0,11,2,95,36,148,0,11,0,286,80,96,16,0,0,0,0,72,48,48,0,27,0,40,0,0,0,322,1,4,0,0,0,5,0,7,0,0,0,4,0,70,0,0,0,0,0,0,0,5,0,0,0,9,0,0,0,0,0,0,0,30,0,0,0,13,0,0,0,0,0,0,0,0,0,0,0,0,0,0,0,0,0,0,0,0,0,110,0,75,0,0,0,0,0,0,0,0,0,0,0,0,0,0,0,0,0,0,0,0,0,0,0,0,0,0,0,0,0,0,0,0,0,0,0,0,0,0,0,0,0,0,0,0,0,0,0,0,0,0,0,0,0,0,0,0,0,0,0,0,0,0,0,0,0,24,0,77,0,27,0,0,0,13,0,0,0,10,0,51,0,0,0,0,0,0,0,8,0,0,0,0,0,0,0,0,0,0,0,0,0,0,0,0,0,0,0,0,0,0,0,87,46,101,0,17,0,0,0,0,0,0,0,0,0,0
0,13,0,0,0,151,0,0,0,0,0,63,18,164,0,31,0,9,0,171,20,81,0,24,0,7,0,58,0,49,0,8,0,71,0,0,0,186,0,3,0,0,0,31,0,12,0,0,0,2,0,40,0,9,0,0,0,0,0,0,0,23,0,24,0,0,0,0,0,0,0,0,0,0,0,16,0,0,0,0,0,0,0,0,0,95,0,0,0,0,0,0,0,0,0,0,0,0,0,0,0,0,0,0,0,0,0,0,0,0,0,0,0,0,0,0,0,0,0,0,0,44,0,27,0,0,0,0,0,0,0,0,0,0,0,0,0,0,0,0,0,148,0,195,0,56,0,0,0,0,0,0,0,0,0,10,0,15,0,0,0,0,0,0,0,53,0,81,0,89,0,9,0,32,0,0,0,17,0,11,0,0,0,0,0,0,0,36,0,0,0,0,0,0,0,0,0,0,0,0,0,0,0,0,0,0,0,0,0,0,0,0,0,0,39,0,0,0,107,102,210,25,0,0,0
14,0,0,0,138,0,0,0,0,0,113,3,21,0,136,0,17,0,42,0,91,0,9,0,0,0,59,0,19,0,24,0,113,0,322,0,0,0,34,0,0,0,26,0,84,0,2,0,2,0,85,0,13,0,0,0,0,0,0,0,23,0,35,0,0,0,0,0,0,0,107,0,0,0,60,0,0,0,0,0,0,0,0,0,87,0,58,0,0,0,31,0,0,0,0,0,136,0,148,0,0,0,0,0,0,0,0,0,0,0,0,0,0,0,0,0,0,0,0,0,47,0,0,0,0,0,0,0,0,0,0,0,0,0,0,0,13,0,110,0,142,0,72,0,103,0,0,0,0,0,0,0,0,0,22,0,25,0,26,0,0,0,14,0,0,0,38,0,24,0,14,0,39,0,0,0,34,0,49,0,0,0,0,0,0,0,1,0,0,0,0,0,0,0,0,0,0,0,0,0,0,0,0,0,0,0,0,0,0,0,42,38,44,32,24,0,0,0,0,0,0,0,0,0,0
3,227,0,0,0,280,0,0,0,0,0,287,6,27,20,21,0,0,0,66,15,12,21,13,0,7,0,0,0,22,1,5,0,128,1,186,0,0,0,31,0,0,0,80,0,9,0,0,0,0,0,110,0,5,0,10,0,0,0,0,0,36,0,14,0,0,0,0,0,0,0,7,0,0,0,7,0,0,0,0,0,96,0,0,0,63,0,31,0,0,0,0,0,0,0,2,0,0,0,0,0,29,0,0,0,0,0,0,0,0,0,0,0,0,0,0,0,0,0,0,0,0,0,0,0,0,0,0,0,0,0,0,0,0,0,0,0,0,0,44,0,133,0,157,0,121,0,0,0,0,0,0,0,0,0,18,0,30,0,0,0,0,0,0,0,19,0,80,0,95,0,8,0,74,0,2,13,123,0,46,0,0,0,16,0,0,0,18,0,0,0,0,0,0,0,0,0,0,0,0,0,0,0,0,0,0,0,0,0,0,0,2,0,0,27,0,0,0,23,152,101,29,0,0,1
314,0,377,0,171,0,20,0,10,0,182,0,0,0,6,0,381,1,0,0,13,0,126,0,65,0,0,0,13,0,2,0,2,0,4,0,34,0,0,0,0,0,0,0,1,0,0,0,2,0,9,0,14,0,0,0,2,0,0,0,5,0,27,0,0,0,0,0,0,0,6,0,0,0,0,0,0,0,0,0,0,0,0,0,0,0,0,0,0,0,0,0,0,0,0,0,0,0,8,0,0,0,0,0,0,0,0,0,0,0,0,0,0,0,0,0,0,0,0,0,0,0,0,0,0,0,0,0,0,0,0,0,0,0,0,0,0,0,24,0,0,0,0,0,10,0,0,0,0,0,0,0,0,0,0,0,6,0,6,0,0,0,0,0,0,0,47,0,0,0,0,0,32,0,0,0,123,0,18,0,0,0,150,0,0,0,0,0,0,0,0,0,0,0,0,0,0,0,0,0,0,0,0,0,0,0,0,0,0,0,34,125,15,22,39,0,0,0,0,0,0,0,0,0,0
0,588,0,254,0,0,0,233,0,0,0,125,0,0,0,0,0,371,0,0,0,8,0,70,0,45,0,3,0,16,0,0,0,2,0,3,0,31,0,0,0,0,0,0,0,0,0,0,0,0,0,0,0,3,0,7,0,0,0,0,0,37,0,28,0,0,0,0,0,0,0,0,0,0,0,0,0,0,0,0,0,0,0,0,0,0,0,0,0,0,0,0,0,0,0,0,0,0,0,0,0,0,0,0,0,0,0,0,0,0,0,0,0,0,0,0,0,0,0,0,0,0,0,0,0,0,0,0,0,4,0,0,0,0,1,0,0,0,0,37,0,30,0,12,0,69,0,0,0,0,0,0,0,0,0,17,0,33,0,36,0,0,0,1,0,0,0,0,0,0,0,0,0,23,0,0,0,93,0,0,0,0,0,39,0,0,0,0,0,0,0,0,0,0,0,0,0,0,0,0,0,0,0,0,0,0,0,0,0,0,0,0,0,0,22,0,0,0,0,84,6,19,0,0,0
44,0,38,0,83,0,25,0,20,0,29,1,137,23,6,0,0,0,21,0,0,0,0,0,0,0,28,115,0,0,0,0,0,0,0,0,0,0,0,0,0,261,58,0,60,73,162,203,76,43,26,6,0,0,0,0,0,0,0,0,0,0,0,0,0,0,0,0,0,0,0,0,0,0,0,0,0,0,3,0,0,0,0,0,0,0,0,0,0,0,0,0,0,0,0,0,0,0,0,0,0,0,0,0,0,0,0,0,0,0,0,0,0,0,0,0,0,0,0,0,0,0,0,0,15,0,0,0,0,0,0,0,0,0,0,0,0,0,0,0,0,0,0,0,0,0,0,0,70,0,38,0,71,0,0,0,0,0,0,0,0,0,0,0,25,0,0,0,0,0,0,0,0,0,79,0,147,93,42,0,93,0,42,0,59,0,221,0,0,0,0,0,0,0,0,0,0,0,0,0,0,0,0,0,0,0,0,0,13,0,0,70,36,0,0,0,0,22,0,6,2,0,0,0,0
0,4,0,1,0,7,0,0,0,0,0,31,91,111,1,0,0,0,49,1,0,0,0,0,0,0,312,37,0,0,0,0,0,0,0,0,0,0,0,0,261,0,24,35,60,51,163,103,10,98,0,18,0,0,0,0,0,0,0,0,0,0,0,0,0,0,0,0,0,9,0,0,0,0,0,0,0,0,0,0,0,0,0,0,0,0,0,0,0,0,0,0,0,8,0,0,0,0,0,0,0,0,0,0,0,0,0,0,0,1,0,0,0,0,0,0,0,0,0,0,0,0,0,0,0,3,0,0,0,0,0,0,0,0,0,0,0,0,0,0,0,0,0,0,0,0,0,0,0,0,0,0,0,0,0,0,0,0,0,0,0,0,0,1,0,24,0,0,0,0,0,0,0,0,0,0,2,316,2,7,0,39,0,0,0,7,56,19,0,0,0,0,0,0,0,0,0,0,0,0,0,0,0,0,0,0,0,0,0,0,0,0,0,0,0,0,0,0,0,118,38,0,0,2,28
0,0,0,0,0,0,0,0,0,0,0,0,68,12,0,0,0,0,20,8,3,0,0,0,0,0,255,33,13,0,11,0,26,0,5,0,26,0,0,0,58,24,0,5,139,0,52,25,20,0,55,0,0,0,0,0,0,0,0,0,0,0,0,0,0,0,2,0,0,0,0,0,0,0,0,0,0,0,0,0,0,0,0,0,0,0,0,0,0,0,0,0,0,0,0,0,0,0,0,0,0,0,0,0,0,0,2,0,0,0,0,0,0,0,0,0,0,0,0,0,0,0,0,0,0,0,0,0,0,0,0,0,0,0,0,0,0,0,0,0,0,0,0,0,0,0,0,0,0,0,0,0,0,0,0,0,0,0,0,0,0,0,0,0,27,0,7,0,9,0,2,0,4,0,0,0,12,0,13,0,0,0,0,0,0,0,91,0,0,0,0,0,0,0,0,0,1,0,0,0,0,0,0,0,0,0,0,0,0,0,15,58,77,0,7,0,0,8,0,0,0,0,0,0,0
0,0,0,0,0,0,0,0,0,0,0,12,38,244,6,4,0,0,39,68,0,64,0,15,0,0,41,326,0,0,0,25,0,27,0,31,0,80,0,0,0,35,5,0,3,208,6,127,0,31,0,75,0,0,0,25,0,0,0,19,0,0,0,16,0,0,0,0,0,0,0,18,0,0,0,31,0,0,0,0,0,0,0,0,0,127,0,87,0,0,0,0,0,0,0,0,0,0,0,0,0,0,0,0,0,0,0,0,0,0,0,0,0,0,0,0,0,0,0,0,0,77,0,0,0,0,0,0,0,0,0,0,0,0,0,0,0,0,0,0,0,0,0,130,0,41,0,0,0,0,0,0,0,0,0,0,0,0,0,0,0,0,0,4,0,41,0,41,0,53,0,6,0,52,0,0,0,19,0,0,0,0,0,0,0,0,0,94,0,0,0,0,0,0,0,0,0,0,0,0,0,0,0,0,0,0,0,0,0,0,0,0,0,0,22,0,0,0,53,69,157,11,0,0,1
4,0,9,0,6,0,16,0,0,0,1,0,28,0,15,0,26,0,13,0,25,2,29,0,0,0,355,0,18,0,3,0,0,0,7,0,84,0,1,0,60,60,139,3,0,11,167,38,132,9,122,0,6,0,11,0,0,0,0,0,0,0,28,0,0,0,3,0,0,0,56,0,0,0,37,0,6,0,16,0,46,0,28,0,146,0,32,0,0,0,0,0,0,0,29,0,232,0,118,0,0,0,0,0,0,0,0,0,1,0,0,0,0,0,0,0,0,0,0,0,31,0,0,0,0,0,0,0,0,0,0,0,0,0,0,0,0,0,0,0,0,0,0,0,20,0,0,0,28,0,0,0,0,0,0,0,0,0,0,0,5,0,0,0,200,0,53,0,108,0,19,0,35,0,0,0,17,12,0,0,10,0,12,0,23,0,60,0,0,0,0,0,0,0,0,0,0,0,0,0,0,0,0,0,0,0,0,0,9,0,60,183,120,38,24,0,2,72,0,0,0,0,0,0,0
0,14,0,0,0,0,0,0,0,0,0,72,35,136,0,11,0,0,23,17,0,47,0,12,0,0,54,149,0,0,0,0,0,0,0,12,0,9,0,0,73,51,0,208,11,0,50,380,10,146,0,139,0,0,0,0,0,10,0,0,0,5,0,25,0,0,0,11,0,18,0,10,0,7,0,29,0,16,0,0,0,201,0,49,0,0,0,89,0,25,0,0,0,0,0,38,0,7,0,0,0,0,0,61,0,0,0,0,0,0,0,0,0,0,0,0,0,0,0,0,0,0,0,0,0,0,0,0,0,0,0,0,0,0,0,0,0,0,0,0,0,27,0,0,0,0,0,0,0,11,0,0,0,0,0,0,0,0,0,0,0,0,0,3,0,129,0,16,0,159,0,7,0,16,1,0,0,38,0,4,0,0,0,0,0,0,9,42,0,0,0,0,0,0,0,0,0,0,0,0,0,0,0,0,0,0,0,0,0,0,1,0,0,0,46,0,0,0,39,128,199,34,0,7,34
31,0,50,0,56,0,12,0,29,0,15,0,103,0,17,0,0,0,18,7,0,0,66,0,0,0,133,48,0,0,0,0,0,0,0,0,2,0,0,0,162,163,52,6,167,50,0,148,128,57,17,3,0,0,0,0,0,0,2,0,0,0,0,0,24,0,0,0,0,0,0,0,0,0,0,0,0,0,0,0,0,0,0,0,0,0,0,0,0,0,0,0,0,0,14,0,74,0,0,0,0,0,0,0,0,0,0,0,0,0,0,0,0,0,0,0,0,0,0,0,0,0,0,0,0,0,0,0,0,0,0,0,9,0,69,0,39,0,0,0,0,0,0,0,0,0,66,0,149,0,99,0,0,0,0,0,0,0,0,0,0,0,0,0,46,0,3,0,35,0,0,0,0,0,83,0,128,64,20,0,116,0,70,0,153,0,184,0,0,0,0,0,0,0,0,0,0,0,0,0,0,0,0,0,0,0,0,0,40,0,10,198,66,0,0,2,0,60,0,0,0,0,0,0,1
0,36,0,0,0,30,0,0,0,0,0,120,139,277,0,0,0,0,86,33,0,0,0,0,0,1,326,283,0,0,0,0,0,0,0,0,0,0,0,0,203,103,25,127,38,380,148,0,16,55,0,38,0,0,0,0,0,0,0,0,0,0,0,0,0,0,0,0,0,0,0,0,0,0,0,0,0,0,0,0,0,0,0,0,0,0,0,0,0,0,0,0,0,0,0,0,0,0,0,0,0,0,0,0,0,0,0,0,0,0,0,0,0,0,0,0,0,0,0,0,0,0,0,0,0,0,0,0,0,0,0,0,0,0,0,0,0,0,0,0,0,0,0,0,0,0,0,0,0,0,0,0,0,0,0,0,0,0,0,0,0,0,0,0,0,31,0,0,0,0,0,0,0,0,0,0,0,144,0,0,0,0,0,0,0,0,34,30,0,0,0,0,0,0,0,0,0,0,0,0,0,0,0,0,0,0,0,0,0,0,0,0,0,0,0,0,0,0,0,132,70,0,0,0,27
15,0,14,0,19,0,61,0,33,0,9,0,6,0,0,0,7,0,0,0,0,0,5,0,0,0,19,0,0,0,0,0,0,0,4,0,2,0,2,0,76,10,20,0,132,10,128,16,0,25,7,0,11,0,34,0,24,0,44,0,6,0,8,0,0,0,0,0,23,0,0,0,0,0,0,0,0,0,19,0,4,0,52,0,0,0,10,0,0,0,0,0,17,0,52,0,7,0,6,0,14,0,21,0,7,0,0,0,1,0,0,0,0,0,0,0,0,0,0,0,0,0,0,0,11,1,5,0,2,0,0,0,0,0,8,0,0,0,0,0,4,0,0,0,0,0,5,1,0,0,16,0,9,1,0,0,0,0,1,0,12,0,10,0,43,0,5,0,87,0,16,0,23,0,3,0,77,7,10,0,5,0,0,0,0,0,119,0,22,1,0,0,29,0,16,0,5,0,14,1,13,0,33,0,19,0,21,0,22,0,71,67,110,8,100,9,3,11,2,2,1,0,0,0,1
0,15,0,3,0,7,0,22,0,7,0,32,0,63,0,0,0,2,0,2,0,4,0,0,0,2,0,12,0,0,0,0,0,0,0,2,0,0,0,0,43,98,0,31,9,146,57,55,25,0,0,20,0,0,0,8,0,2,0,11,0,0,0,1,0,0,0,0,0,13,0,0,0,0,0,0,0,2,0,0,0,0,0,14,0,0,0,6,0,21,0,0,0,27,0,25,0,0,0,0,0,6,0,40,0,0,0,0,0,1,0,0,0,0,0,0,0,0,0,0,0,0,0,1,0,0,0,0,0,0,0,0,0,0,0,0,0,0,0,0,0,0,0,2,0,0,0,0,0,0,0,7,0,13,0,0,0,0,0,0,0,0,0,2,0,51,0,14,0,13,0,5,0,11,0,13,0,56,0,5,0,13,0,7,0,0,41,37,0,17,0,0,0,0,0,0,0,0,0,0,0,0,0,0,0,0,0,0,0,0,0,0,0,0,9,0,0,0,7,18,47,7,0,0,14
0,0,0,0,112,0,0,0,0,0,0,0,236,36,49,0,0,0,273,37,56,0,0,0,0,0,358,110,46,0,18,0,8,0,70,0,85,0,9,0,26,0,55,0,122,0,17,0,7,0,0,0,0,0,7,0,0,0,11,0,9,0,0,0,0,0,4,0,0,0,24,0,0,0,15,0,0,0,8,0,0,0,0,0,0,0,0,0,0,0,0,0,0,0,4,0,44,0,0,0,0,0,0,0,0,0,0,0,0,0,0,0,0,0,0,0,0,0,0,0,0,0,0,0,0,0,0,0,0,0,0,0,0,0,0,0,0,0,0,0,0,0,0,0,0,0,0,0,0,0,0,0,0,0,0,0,0,0,0,0,3,0,7,0,51,0,44,0,54,0,12,0,20,0,0,0,23,0,69,0,0,0,0,0,0,0,73,0,0,0,0,0,0,0,0,0,0,0,0,0,0,0,0,0,0,0,0,0,0,0,53,86,178,47,16,0,0,2,0,0,0,0,0,0,0
0,0,0,0,0,0,0,0,0,0,0,23,20,274,8,0,0,0,0,163,0,57,0,8,0,0,27,244,0,18,0,15,0,29,0,40,0,110,0,0,6,18,0,75,0,139,3,38,0,20,0,0,0,0,0,22,0,0,0,0,0,0,0,12,0,0,0,0,0,2,0,0,0,0,0,22,0,0,0,0,0,167,0,0,0,94,0,55,0,0,0,0,0,0,0,0,0,0,0,0,0,0,0,0,0,0,0,0,0,0,0,0,0,0,0,0,0,0,0,0,0,69,0,0,0,0,0,0,0,0,0,0,0,0,0,0,0,0,0,0,0,0,0,114,0,43,0,0,0,0,0,0,0,0,0,0,0,0,0,0,0,8,0,0,0,47,0,34,0,94,0,8,0,71,0,0,0,13,0,0,0,0,0,0,0,0,1,143,0,0,0,0,0,0,0,0,0,0,0,0,0,0,0,0,0,0,0,0,0,0,0,0,0,0,34,0,0,0,52,35,110,27,0,0,2
0,0,0,0,0,0,41,0,150,60,0,0,0,0,6,0,77,0,22,0,39,0,20,0,66,34,0,0,11,0,4,0,5,0,0,0,13,0,14,0,0,0,0,0,6,0,0,0,11,0,0,0,0,11,129,164,107,8,36,24,23,0,48,8,2,0,18,31,0,0,0,0,0,0,0,0,0,0,0,0,0,0,0,0,20,0,0,0,0,0,0,0,0,0,1,0,14,0,0,0,0,0,0,0,0,0,0,0,0,0,0,0,0,0,0,0,0,0,0,0,0,0,0,0,13,0,15,0,33,0,9,0,9,0,0,0,139,0,205,0,141,0,112,0,16,0,0,0,1,0,0,0,1,0,152,0,142,0,236,0,44,0,17,0,6,0,1,0,0,0,114,0,20,0,2,10,139,55,0,0,3,0,17,0,42,26,0,0,0,0,0,0,0,0,0,0,0,0,1,0,0,0,0,0,0,0,0,0,0,0,19,30,91,70,47,0,16,0,4,1,0,0,0,0,0
0,3,0,0,0,0,13,18,18,139,0,0,0,0,0,9,0,49,0,15,0,32,0,39,2,2,0,0,0,16,0,0,0,2,0,9,0,5,0,3,0,0,0,0,0,0,0,0,0,0,0,0,11,0,22,57,4,69,25,11,0,26,2,134,1,2,18,62,0,0,0,0,0,0,0,0,0,0,0,0,0,0,0,0,0,0,0,0,0,0,0,0,0,0,0,0,0,0,0,0,0,0,0,0,0,0,0,1,0,0,0,0,0,0,0,0,0,0,0,0,0,1,0,0,0,0,0,0,0,16,0,10,0,10,0,58,0,14,1,90,0,71,0,46,0,12,0,0,0,0,0,0,0,0,0,137,0,94,0,69,0,11,0,0,0,0,0,0,0,0,0,8,0,0,0,0,5,31,0,0,0,0,0,0,0,19,0,0,0,0,0,0,0,0,0,0,0,0,0,0,0,13,0,0,0,0,0,0,0,0,0,0,0,0,22,0,0,0,13,6,7,0,0,0,0
3,7,54,0,2,0,226,40,75,103,0,0,0,0,34,0,11,10,0,0,6,1,51,0,51,80,0,0,4,0,0,0,0,0,0,0,0,0,0,0,0,0,0,0,11,0,0,0,34,0,7,0,129,22,0,223,65,0,100,0,31,0,29,33,25,0,145,8,0,0,0,0,0,0,0,0,0,0,0,0,0,0,0,0,0,0,0,0,0,0,0,0,0,0,0,0,0,0,0,0,0,0,0,0,0,0,0,0,0,0,0,0,0,0,0,0,0,0,0,0,0,0,0,0,40,0,9,0,22,0,27,0,27,0,19,0,60,0,0,0,14,0,0,0,5,0,0,0,27,0,10,0,0,0,57,0,16,2,26,0,77,0,0,0,15,0,0,0,13,0,283,0,51,2,0,0,74,85,0,0,0,0,0,0,16,0,0,0,0,0,0,0,0,0,0,0,0,0,4,0,0,0,0,0,0,0,0,0,27,0,198,37,284,311,241,39,82,2,0,0,0,0,0,1,0
0,17,0,88,0,19,0,148,129,203,0,0,0,4,0,63,3,11,0,20,0,52,0,17,15,88,0,0,0,19,0,8,0,6,0,0,0,10,0,7,0,0,0,25,0,0,0,0,0,8,0,22,164,57,223,0,22,87,150,29,0,39,37,79,0,0,135,52,0,8,0,0,0,0,0,0,0,0,0,0,0,0,0,0,0,0,0,0,0,0,0,2,0,0,0,0,0,0,0,0,0,0,0,0,0,0,0,0,0,0,0,0,0,0,0,0,0,0,0,0,0,0,0,0,0,53,0,40,0,28,0,26,0,29,0,96,0,94,0,13,0,12,0,20,0,0,0,9,0,33,0,0,0,0,7,68,0,15,0,9,0,93,0,0,0,0,0,0,0,73,0,227,0,127,0,12,44,116,0,0,0,0,0,0,0,43,0,0,0,0,0,0,0,0,0,0,0,0,0,0,0,14,0,0,0,0,0,0,0,28,0,0,0,0,573,0,0,0,353,45,215,448,10,87,2
4,0,15,0,0,0,9,0,0,0,0,0,0,0,0,0,5,0,0,0,7,0,0,0,26,0,0,0,0,0,0,0,0,0,0,0,0,0,2,0,0,0,0,0,0,0,0,0,24,0,0,0,107,4,65,22,0,0,219,0,13,0,0,0,43,0,93,19,0,0,0,0,0,0,0,0,0,0,0,0,0,0,0,0,0,0,0,0,0,0,0,0,0,0,0,0,0,0,0,0,0,0,0,0,0,0,0,0,0,0,0,0,0,0,0,0,0,0,0,0,0,0,0,0,5,1,3,0,50,0,26,0,11,0,9,0,21,0,33,0,6,0,2,0,7,0,0,0,7,0,2,0,0,0,110,0,57,0,54,0,214,0,92,0,4,0,0,0,17,0,243,0,31,1,14,7,8,0,0,0,0,0,0,0,0,0,0,0,0,0,0,0,0,0,0,0,0,0,0,0,0,0,0,0,0,0,0,0,6,0,416,87,361,580,908,195,113,0,1,2,0,0,0,0,0
0,0,0,6,0,0,0,7,0,51,0,2,0,0,0,0,0,39,0,0,0,0,0,0,0,24,0,0,0,3,0,0,0,0,0,0,0,0,0,0,0,0,0,0,0,10,0,0,0,2,0,0,8,69,0,87,0,0,76,132,0,0,0,22,22,2,52,80,0,5,0,0,0,0,0,0,0,0,0,0,0,0,0,0,0,0,0,0,0,0,0,0,0,0,0,0,0,0,0,0,0,0,0,0,0,0,0,0,0,0,0,0,0,0,0,2,0,0,0,3,0,0,0,0,0,21,0,11,0,35,0,33,0,28,1,50,0,58,0,9,0,6,0,8,11,3,0,0,0,0,0,0,0,0,19,215,3,23,0,71,0,187,0,12,0,0,0,0,0,64,0,331,0,0,0,34,0,0,0,0,9,40,0,0,0,10,0,0,0,0,0,0,0,0,0,0,0,0,0,0,0,9,0,0,0,0,0,0,0,23,3,0,0,0,418,0,0,0,239,68,297,352,27,38,1
7,0,29,0,19,0,21,0,15,26,0,0,0,0,21,0,0,0,0,0,0,0,16,0,26,0,0,0,2,0,1,0,0,0,5,0,0,0,0,0,0,0,0,0,0,0,2,0,44,0,11,0,36,25,100,150,219,76,0,99,64,0,10,10,52,0,204,147,0,0,0,0,1,0,0,0,0,0,0,0,0,0,0,0,0,0,0,0,0,0,0,0,0,0,0,0,0,0,0,0,0,0,0,0,0,0,0,0,0,0,0,0,0,0,0,0,0,0,0,0,0,0,0,0,3,0,0,0,0,0,7,0,0,0,0,0,3,0,1,0,0,0,0,0,2,0,0,0,4,0,0,0,0,0,55,3,139,0,0,0,43,0,0,0,0,0,17,0,12,0,169,0,34,0,25,59,53,0,0,0,44,17,0,0,30,48,0,0,0,0,0,0,0,0,0,0,0,0,0,0,0,0,0,0,0,0,0,0,0,0,571,212,251,523,1004,157,103,1,0,0,0,11,0,0,0
0,9,0,2,0,0,0,6,0,31,0,0,0,3,0,0,0,0,0,0,0,0,0,0,0,8,0,0,0,0,0,0,0,0,0,0,0,0,0,0,0,0,0,19,0,0,0,0,0,11,0,0,24,11,0,29,0,132,99,0,0,0,0,7,31,52,82,275,0,10,0,0,0,0,0,0,0,0,0,0,0,0,0,0,0,0,0,0,0,0,0,0,0,0,0,0,0,0,0,0,0,0,0,0,0,0,0,0,0,0,0,0,0,0,0,0,0,0,0,0,0,0,0,0,0,8,0,9,0,13,0,59,0,0,0,0,0,0,0,0,0,0,0,0,0,20,0,0,0,0,0,0,0,0,51,61,6,167,0,18,0,41,0,29,0,0,0,11,0,104,0,265,0,0,3,51,0,0,0,0,26,113,0,0,0,17,0,0,0,0,0,0,0,0,0,0,0,0,0,0,0,0,0,0,0,0,0,0,0,4,0,2,0,0,1146,0,0,0,652,161,603,629,77,59,3
152,0,45,0,0,0,224,4,255,0,0,0,0,0,0,0,51,0,0,0,19,0,7,0,59,11,6,0,7,0,0,0,5,0,0,0,23,0,5,0,0,0,0,0,0,0,0,0,6,0,9,0,23,0,31,0,13,0,64,0,0,0,45,0,3,0,37,0,0,0,44,0,0,0,29,0,0,0,0,0,0,0,0,0,0,0,0,0,0,0,0,0,0,0,0,0,16,0,0,0,0,0,0,0,0,0,0,0,0,0,0,0,0,0,0,0,0,0,0,0,19,0,0,0,0,0,0,0,0,0,0,0,0,0,0,0,20,0,170,0,197,0,65,0,196,0,0,0,0,0,0,0,0,0,71,0,118,0,24,0,0,0,8,0,0,0,1,0,0,0,83,0,40,0,0,0,64,9,0,0,0,0,17,0,0,0,0,0,0,0,0,0,0,0,0,0,0,0,0,0,0,0,0,0,0,0,0,0,1,0,88,136,18,42,39,0,0,0,0,0,0,0,0,0,0
0,205,0,19,0,8,0,185,0,265,0,8,0,0,0,0,0,29,0,7,0,6,0,6,0,29,0,0,0,37,0,0,0,32,0,23,0,36,0,37,0,0,0,0,0,5,0,0,0,0,0,0,0,26,0,39,0,0,0,0,0,0,0,161,0,0,0,32,0,0,0,2,0,0,0,0,0,0,0,0,0,0,0,0,0,0,0,0,0,0,0,0,0,0,0,0,0,0,0,0,0,0,0,0,0,0,0,0,0,0,0,0,0,0,0,0,0,0,0,0,0,23,0,0,0,0,0,0,0,8,0,0,0,0,0,0,0,0,0,49,0,81,0,85,0,320,0,0,0,0,0,0,0,0,0,15,0,79,0,26,0,0,0,0,0,2,0,0,0,9,0,98,0,49,0,1,0,88,0,0,0,0,0,31,0,4,0,0,0,0,0,0,0,0,0,0,0,0,0,0,0,0,0,0,0,0,0,0,0,0,0,0,1,0,83,0,0,0,193,119,25,62,0,11,0
73,6,27,0,0,0,196,27,195,23,0,0,0,0,15,0,324,8,77,1,189,0,34,0,66,57,70,0,25,0,41,0,17,0,9,0,35,0,27,0,0,0,0,0,28,0,0,0,8,0,0,0,48,2,29,37,0,0,10,0,45,0,0,6,0,0,7,0,0,0,27,0,0,0,17,0,0,0,0,0,30,0,0,0,108,0,0,0,0,0,0,0,0,0,0,0,0,0,0,0,0,0,0,0,0,0,0,0,0,0,0,0,0,0,0,0,0,0,0,0,0,0,0,0,0,0,0,0,0,0,0,0,0,0,0,0,80,0,150,0,162,0,169,0,0,0,0,0,0,0,0,0,0,0,137,0,72,0,58,0,25,0,0,0,0,0,0,0,0,0,24,0,34,0,0,0,90,69,0,0,0,0,53,0,0,0,0,0,0,0,0,0,0,0,0,0,0,0,0,0,0,0,0,0,0,0,0,0,0,0,18,75,27,66,35,0,0,1,0,0,1,0,0,0,0
1,89,0,0,0,7,0,156,19,377,0,0,0,7,0,34,1,135,0,48,0,181,0,191,10,28,0,0,0,58,0,10,0,16,0,24,0,14,0,28,0,0,0,16,0,25,0,0,0,1,0,12,8,134,33,79,0,22,10,7,0,161,6,0,0,0,11,45,0,0,0,0,0,0,0,1,0,0,0,0,0,0,0,0,0,0,0,0,0,0,0,0,0,0,0,0,0,0,0,0,0,0,0,0,0,0,0,0,0,0,0,0,0,0,0,0,0,0,0,0,0,0,0,4,0,0,0,0,0,14,0,0,0,5,0,0,0,0,0,51,0,122,0,78,0,36,0,0,0,0,0,0,0,0,0,61,0,126,0,56,0,15,0,0,0,0,0,0,0,0,0,11,0,31,0,0,11,96,0,5,0,0,0,13,0,11,0,0,0,0,0,0,0,0,0,0,0,0,0,0,0,0,0,0,0,0,0,0,0,0,3,1,0,0,32,0,0,0,135,20,11,22,0,0,0
10,0,6,0,10,0,7,0,113,0,4,0,8,0,18,0,0,0,35,0,0,0,8,0,0,0,25,0,0,0,0,0,0,0,0,0,0,0,0,0,0,0,0,0,0,0,24,0,0,0,0,0,2,1,25,0,43,22,52,31,3,0,0,0,0,0,100,26,0,0,0,0,0,0,0,0,0,0,0,0,0,0,0,0,0,0,0,0,0,0,0,0,0,0,0,0,0,0,0,0,0,0,0,0,0,0,0,0,0,0,1,0,0,0,0,0,0,0,0,0,0,0,0,0,3,0,0,0,0,0,16,0,0,0,0,0,0,0,11,0,0,0,0,0,36,0,3,0,29,0,0,0,0,0,51,16,21,0,14,21,89,0,5,0,0,0,1,0,0,0,9,0,6,0,39,12,4,0,3,0,147,126,9,0,96,0,3,0,0,0,0,0,0,0,0,0,0,0,0,0,0,0,0,0,0,0,0,0,0,0,99,34,0,0,88,0,0,0,0,0,0,0,0,0,0
0,122,0,0,0,29,0,0,0,205,0,47,0,0,0,25,0,0,0,46,0,0,0,0,0,0,0,0,0,0,0,0,0,0,0,0,0,0,0,0,0,0,0,0,0,0,0,0,0,0,0,0,0,2,0,0,0,2,0,52,0,0,0,0,0,0,0,329,0,0,0,0,0,4,0,0,0,0,0,0,0,0,0,0,0,0,0,0,0,0,0,0,0,0,0,0,0,0,0,0,0,0,0,0,0,0,0,0,0,0,0,0,0,0,0,0,0,0,0,0,0,0,0,0,0,15,0,1,0,0,0,21,0,0,0,5,0,0,0,45,0,0,0,0,0,184,0,19,0,131,0,0,0,0,9,20,0,37,0,14,0,120,0,31,0,0,0,0,0,0,0,25,0,0,0,102,0,0,0,0,28,287,0,6,0,72,0,0,0,0,0,0,0,0,0,0,0,0,0,0,0,0,0,0,0,0,0,0,0,0,0,0,0,0,240,0,0,0,203,19,102,0,0,9,1
11,0,0,0,0,0,11,0,133,0,0,0,0,0,0,0,0,0,0,0,0,0,0,0,0,0,0,0,0,0,0,0,0,0,0,0,0,0,0,0,0,0,2,0,3,0,0,0,0,0,4,0,18,18,145,135,93,52,204,82,37,0,7,11,100,0,0,67,0,0,0,0,0,0,0,0,0,0,0,0,0,0,0,0,0,0,0,0,0,0,0,0,0,0,0,0,0,0,0,0,0,0,0,0,0,0,0,0,0,0,0,0,0,0,0,0,0,0,0,0,0,0,0,0,0,0,0,0,0,0,18,0,0,0,0,0,0,0,2,0,0,0,0,0,0,0,0,0,18,0,0,0,0,0,12,0,51,0,0,0,105,0,4,0,0,0,2,0,0,0,36,0,0,0,69,49,126,0,0,0,120,50,8,0,416,80,0,0,0,0,0,0,0,0,0,0,0,0,0,0,0,0,0,0,0,0,0,0,0,0,212,76,48,0,186,43,0,0,0,0,1,0,0,0,0
0,16,0,3,0,3,0,4,0,96,0,0,0,0,0,5,0,0,0,3,0,0,0,0,0,0,0,0,0,0,0,0,0,0,0,0,0,0,0,0,0,0,0,0,0,11,0,0,0,0,0,0,31,62,8,52,19,80,147,275,0,32,0,45,26,329,67,0,0,1,0,0,0,0,0,0,0,0,0,0,0,0,0,0,0,0,0,0,0,0,0,0,0,0,0,0,0,0,0,0,0,0,0,0,0,0,0,0,0,0,0,0,0,0,0,0,0,0,0,0,0,0,0,0,0,3,0,0,0,1,0,27,0,0,2,0,0,0,0,3,0,0,0,0,0,26,0,3,0,8,0,0,0,0,44,43,7,125,0,6,0,66,0,0,0,0,0,0,0,33,0,108,0,0,8,203,6,9,0,0,39,257,0,1,4,186,0,0,0,0,0,0,0,0,0,0,0,0,0,0,0,0,0,0,0,0,0,0,0,0,0,4,0,0,673,0,0,0,458,174,272,416,41,0,5
1,0,0,0,0,0,0,0,1,0,0,0,0,0,0,0,0,0,0,0,0,0,0,0,0,0,0,0,0,0,0,0,0,0,0,0,0,0,0,0,0,0,0,0,0,0,0,0,23,0,0,0,0,0,0,0,0,0,0,0,0,0,0,0,0,0,0,0,0,0,0,0,26,0,0,0,78,0,31,0,14,0,49,0,0,0,40,0,34,0,0,0,39,0,35,0,0,0,21,0,7,1,314,0,40,0,137,0,66,0,34,0,0,0,54,0,21,0,4,0,0,0,0,0,0,0,0,0,0,0,0,2,0,0,0,0,0,4,1,2,0,5,0,3,0,0,0,0,2,0,0,0,6,0,0,0,0,0,0,0,0,0,7,0,12,0,0,0,278,0,25,0,0,0,5,0,0,0,0,0,0,0,0,0,0,0,0,0,0,0,0,0,139,0,81,0,18,0,0,0,0,0,0,0,0,0,0,0,0,0,23,0,56,0,0,81,37,0,0,0,4,0,0,0,0
0,0,0,0,0,0,0,1,0,0,0,0,0,0,0,0,0,0,0,0,0,0,0,0,0,0,0,0,0,0,0,0,0,0,0,0,0,0,0,0,0,9,0,0,0,18,0,0,0,13,0,2,0,0,0,8,0,5,0,10,0,0,0,0,0,0,0,1,0,0,0,1,0,9,0,0,0,21,0,0,0,3,0,14,0,0,0,16,0,11,0,0,0,54,0,0,0,0,0,0,0,6,0,101,0,0,0,0,0,6,0,6,0,9,0,3,0,9,0,2,0,0,0,0,0,0,0,0,0,0,0,0,0,0,0,0,0,0,0,0,0,0,0,0,0,0,3,0,0,2,0,0,0,0,0,0,0,0,0,0,0,0,0,1,0,24,0,0,0,45,0,14,0,5,0,0,0,0,0,0,0,0,0,0,0,0,0,0,0,18,0,0,0,0,0,12,0,0,0,0,0,0,0,0,0,0,0,0,0,2,0,0,0,0,6,0,0,0,6,4,65,0,2,32,0
0,0,0,0,0,0,0,0,0,0,0,0,0,0,0,0,21,0,28,0,117,0,0,0,0,0,86,0,21,0,20,0,10,0,30,0,107,0,6,0,0,0,0,0,56,0,0,0,0,0,24,0,0,0,0,0,0,0,0,0,44,0,27,0,0,0,0,0,0,0,0,0,300,0,196,0,20,0,225,0,3,0,8,0,14,0,32,0,0,0,0,0,0,0,0,0,0,0,0,0,0,0,0,0,0,0,0,0,0,0,0,0,0,0,0,0,0,0,0,0,26,0,23,0,71,0,61,0,0,0,27,28,25,0,42,0,19,0,0,21,195,9,144,0,114,0,57,6,50,9,65,2,60,0,0,0,24,0,0,0,0,19,91,0,0,0,31,0,37,0,101,0,114,0,35,0,0,0,0,0,71,26,0,0,2,0,0,0,0,0,0,0,0,0,0,0,3,2,47,0,0,0,0,0,0,0,0,0,143,0,53,0,0,0,0,0,0,0,0,0,0,0,0,0,0
0,0,0,0,0,0,0,0,0,0,0,0,0,1,0,0,0,0,0,0,0,23,1,0,0,0,0,4,0,0,0,0,0,0,0,0,0,7,0,0,0,0,0,18,0,10,0,0,0,0,0,0,0,0,0,0,0,0,0,0,0,2,0,0,0,0,0,0,0,1,0,0,0,106,0,241,0,32,0,19,0,0,0,2,0,5,1,47,0,0,0,0,0,0,0,0,0,0,0,0,0,0,0,0,0,0,0,0,0,0,0,0,0,3,0,0,0,0,0,0,0,11,0,10,0,101,0,0,0,7,1,0,0,47,7,0,0,0,0,4,0,39,0,30,0,121,0,35,0,7,0,60,0,0,0,0,0,6,0,0,0,0,0,46,0,0,0,13,0,32,0,14,0,32,0,23,0,2,0,0,0,52,0,0,0,0,1,0,0,0,0,0,0,0,0,0,0,0,0,0,0,6,0,0,0,0,0,0,0,0,0,0,0,0,2,0,0,0,17,0,21,0,0,0,0
0,0,0,0,0,0,0,0,0,0,0,0,0,0,0,0,0,0,0,0,0,0,0,0,0,0,0,0,0,0,0,0,0,0,0,0,0,0,0,0,0,0,0,0,0,0,0,0,0,0,0,0,0,0,0,0,0,0,1,0,0,0,0,0,0,0,0,0,26,0,300,0,0,0,167,0,35,0,150,2,3,0,15,0,0,0,7,0,0,1,0,0,21,0,0,0,0,0,0,0,0,0,0,0,0,0,0,0,0,0,0,0,0,0,0,0,0,0,0,0,43,0,0,0,46,4,100,0,0,0,7,0,44,0,55,0,32,0,0,4,79,6,91,0,64,0,95,2,0,0,166,0,0,0,0,0,2,0,2,0,0,0,51,0,2,0,0,0,26,0,15,0,0,0,0,0,0,0,0,0,0,0,0,0,0,1,0,0,0,0,8,0,0,0,0,0,0,0,79,0,52,0,116,0,20,0,104,0,211,0,255,0,26,10,22,10,0,0,0,0,0,0,0,0,0
0,0,0,0,0,0,0,0,0,0,0,3,0,0,0,13,0,0,0,0,0,0,0,0,0,0,0,0,0,0,0,0,0,0,0,0,0,0,0,0,0,0,0,0,0,7,0,0,0,0,0,0,0,0,0,0,0,0,0,0,0,0,0,0,0,4,0,0,0,9,0,106,0,0,0,207,0,52,0,98,0,10,0,46,0,35,1,77,0,0,9,0,0,2,0,1,0,4,0,0,0,0,0,0,0,0,0,1,0,2,0,0,0,0,0,1,0,2,0,0,0,23,0,9,0,160,13,147,0,14,0,44,0,52,0,0,0,58,0,0,0,20,0,56,0,83,0,56,0,12,13,97,0,55,0,0,0,0,0,0,0,0,0,36,0,2,0,1,0,9,0,4,0,8,0,18,0,0,0,0,0,0,0,0,0,0,0,0,0,0,0,0,1,0,0,0,0,0,0,75,0,54,0,0,0,0,0,0,0,74,0,0,6,0,3,0,0,0,232,6,16,1,2,3,0
0,0,0,0,0,0,0,0,0,0,0,0,0,0,0,0,20,0,0,0,82,0,0,0,0,0,0,0,12,0,9,0,0,0,13,0,60,0,0,0,0,0,0,0,37,0,0,0,0,0,15,0,0,0,0,0,0,0,0,0,29,0,17,0,0,0,0,0,0,0,196,0,167,0,0,0,29,0,205,0,12,0,26,0,45,0,80,0,0,0,0,0,0,0,0,0,0,0,3,0,0,0,0,0,0,0,0,0,0,0,0,0,0,0,0,0,0,0,0,0,43,0,72,0,41,3,0,0,0,0,0,0,0,0,46,0,5,0,2,0,100,16,174,0,64,0,38,0,0,5,27,0,53,1,0,0,8,0,0,0,0,0,28,0,0,0,0,0,16,0,31,0,33,0,41,0,0,0,0,0,38,23,0,0,0,0,2,0,0,0,0,0,0,0,0,0,2,0,0,0,43,0,63,0,0,0,57,0,83,0,0,0,6,0,0,0,0,0,3,0,0,0,0,0,0
0,0,0,0,0,15,0,0,0,0,0,0,0,0,0,22,0,0,0,0,0,49,0,33,0,0,0,0,0,0,0,0,0,0,0,16,0,7,0,0,0,0,0,31,0,29,0,0,0,0,0,22,0,0,0,0,0,0,0,0,0,0,0,1,0,0,0,0,0,0,0,241,0,207,0,0,0,45,0,146,0,8,0,0,0,69,0,129,0,0,0,0,0,0,0,0,0,0,0,0,0,0,0,0,0,0,0,0,0,0,0,0,0,0,0,0,0,0,0,0,0,93,0,29,0,57,0,0,0,0,0,0,0,0,0,82,0,57,6,3,0,100,0,136,0,195,10,43,0,15,0,91,0,48,0,0,0,0,0,0,0,0,0,88,0,0,0,27,0,38,0,27,0,48,0,0,0,0,0,0,10,61,0,0,0,0,0,0,0,0,0,0,0,0,0,0,0,29,0,76,0,0,3,0,0,0,0,0,0,98,0,0,0,0,0,1,0,0,35,5,66,12,0,3,0
0,0,0,0,0,0,0,0,0,0,0,0,0,0,0,0,0,0,0,0,0,0,0,0,0,0,0,0,0,0,0,0,0,0,0,0,0,0,0,0,0,0,0,0,6,0,0,0,0,0,0,0,0,0,0,0,0,0,0,0,0,0,0,0,0,0,0,0,78,0,20,0,35,0,29,0,0,0,37,0,14,0,0,0,0,0,23,0,1,0,0,0,86,0,9,0,0,0,5,0,1,0,24,0,0,0,0,0,8,0,0,0,0,0,23,0,8,0,0,0,0,0,12,0,0,0,0,0,0,0,0,0,0,0,0,0,0,0,0,0,0,0,0,0,0,0,0,0,0,0,0,0,0,0,0,0,0,0,0,0,0,0,0,0,3,0,0,0,44,0,0,0,0,0,0,0,0,0,0,0,0,0,0,0,0,0,0,0,0,0,0,1,0,0,0,0,0,0,0,0,0,0,0,0,0,0,0,0,0,0,10,2,0,0,0,3,11,0,0,0,0,0,0,0,0
0,0,0,0,0,0,0,0,0,0,0,0,0,2,0,0,0,0,0,0,0,0,0,0,0,0,0,0,0,0,0,0,0,0,0,0,0,0,0,0,0,0,0,0,0,16,0,0,0,2,0,0,0,0,0,0,0,0,0,0,0,0,0,0,0,0,0,0,0,21,0,32,0,52,0,45,0,0,0,39,0,32,0,79,0,12,0,109,0,10,0,0,0,62,0,14,0,0,3,14,0,9,0,36,0,0,0,0,0,11,0,0,0,2,0,3,0,37,0,0,0,0,0,4,0,0,0,0,0,0,0,0,0,0,0,0,0,0,0,0,0,0,0,0,0,4,0,0,0,0,0,14,0,0,0,0,0,1,0,0,0,0,0,2,0,6,0,0,0,68,0,0,0,0,0,1,0,0,0,0,0,0,0,0,0,0,0,0,0,72,0,0,0,0,0,0,0,0,0,0,0,0,0,0,0,0,0,0,0,0,0,0,0,0,7,0,0,0,52,14,84,0,4,17,0
0,0,0,0,0,0,0,0,0,0,0,0,0,0,0,0,0,0,0,0,0,0,0,0,0,0,0,0,0,0,3,0,0,0,0,0,0,0,0,0,3,0,0,0,16,0,0,0,19,0,8,0,0,0,0,0,0,0,0,0,0,0,0,0,0,0,0,0,31,0,225,0,150,0,205,0,37,0,0,0,5,0,46,0,29,0,22,0,0,0,0,0,64,0,0,0,0,0,4,0,0,0,5,0,0,0,0,0,3,0,0,0,0,0,4,0,0,0,0,0,46,0,26,0,0,6,0,0,0,0,0,0,0,0,0,0,0,0,0,8,30,0,123,0,9,0,0,3,0,4,0,0,0,2,0,0,0,0,0,0,0,0,0,0,10,0,0,0,57,0,0,0,0,0,8,0,0,0,0,0,0,0,0,0,0,0,0,0,0,1,11,0,101,0,0,0,0,0,153,0,93,0,299,0,30,0,130,0,181,2,218,9,44,0,38,15,14,0,0,0,0,0,0,0,0
