0,492,83,124,54,27,33,13,13,9,53,49,78,0,25,141,76,29,17,0,4,0,74,123,7,57,34,0,69,16,21,0,221,14,2,0,128,29,805,49,34,0,0,0,8,0,7,0,0,1,0,0,1,0,1,0,3,0,1,0,64,9,14,0,10,0,6,0,0,0,0,0,0,0,0,0,2,0,0,0,0,0,0,0,3,0,4,0,1,0,0,0,0,0,0,0,0,0,0,0,0,0,2,0,0,0,10,0,0,0,0,0,0,0,0,0,0,0,0,0,0,0,0,0,21,0,7,0,0,0,7,0,3,0,7,0,2,0,0,0,0,0,0,0,0,0,22,0,38,0,31,0,29,0,0,0,0,0,0,0,3,0,0,0,2,1,46,0,27,1,0,0,235,13,3,0,64,114,2,25,19,0,3,13,53,0,0,0,0,0,0,0,0,0,0,0,3,0,1,0,3,0,0,0,0,0,3,0,6,0,0,0,1,0,76,1,0,0,3,0,346,14,17,0,21,0,204,27,168,8,197,5,298,13,13,4,47,3,52,0,56,0,98,3,301,4,0,0,0
492,0,117,25,15,39,143,19,222,51,1,96,0,98,0,29,283,21,0,47,0,0,213,18,253,74,0,75,15,138,0,0,0,136,0,0,0,224,78,685,0,22,0,0,0,3,0,25,0,0,0,0,7,2,34,27,0,0,0,33,12,252,63,60,0,110,0,19,0,0,0,0,0,8,0,0,0,0,0,2,0,3,0,0,1,0,0,4,0,0,0,0,0,0,0,0,0,0,0,0,0,2,0,1,0,0,0,0,0,0,0,0,0,0,0,0,0,0,0,0,0,3,0,2,0,46,0,0,0,0,0,17,0,0,1,18,2,7,0,0,0,0,2,0,0,4,0,26,0,120,0,39,0,66,0,7,0,0,0,0,0,0,0,0,0,6,0,1,0,14,0,16,28,143,0,0,25,167,0,0,0,63,14,32,0,113,0,0,0,0,0,0,0,0,0,0,0,2,0,4,0,1,0,0,0,0,0,7,0,13,0,4,0,0,6,89,0,4,0,0,20,465,0,11,1,17,11,226,16,222,0,151,0,537,0,69,0,25,2,118,0,41,0,51,8,205,0,0,0
83,117,0,53,159,37,34,0,6,0,44,61,75,0,274,75,119,8,63,0,19,5,721,47,247,0,54,0,155,0,167,3,315,0,7,0,91,0,409,0,29,2,0,0,10,0,0,0,0,0,0,0,2,0,76,0,12,0,25,0,20,2,16,0,7,0,0,0,0,0,0,0,0,0,0,0,0,0,0,0,0,0,0,0,0,0,0,0,0,0,0,0,0,0,0,0,0,0,0,0,0,0,0,0,0,0,0,0,0,0,0,0,0,0,0,0,0,0,0,0,0,0,0,0,18,0,29,0,0,0,18,0,8,0,66,0,45,0,0,0,0,0,47,0,0,0,13,0,30,0,56,0,0,0,0,0,0,0,0,0,11,0,0,0,3,0,50,0,11,0,1,0,102,0,0,0,6,37,0,9,0,0,0,0,10,1,0,0,0,0,0,0,0,0,0,0,1,0,3,0,6,0,0,0,0,0,0,0,23,1,1,0,0,0,24,0,0,0,0,0,289,9,7,0,16,1,49,12,101,0,61,2,165,0,3,1,14,0,19,3,0,0,36,3,130,4,0,0,0
124,25,53,0,27,103,0,25,44,0,51,62,1,73,18,293,92,18,0,141,5,25,140,202,47,227,0,108,0,248,16,0,24,185,0,0,22,70,45,334,0,30,0,0,0,6,0,47,0,0,0,0,0,0,0,6,0,1,0,0,0,9,9,0,0,0,0,0,0,0,0,0,0,0,0,0,0,0,0,0,0,0,0,0,0,5,0,1,0,0,0,0,0,0,0,0,0,6,0,0,0,0,0,0,0,0,0,2,0,0,0,0,0,0,0,0,0,0,0,0,0,1,0,0,0,1,0,0,0,0,0,0,0,2,0,16,0,9,0,0,0,0,0,7,0,0,0,0,0,0,1,0,0,0,0,0,0,0,0,0,0,6,0,0,0,2,8,7,0,7,0,6,8,59,0,0,0,22,0,0,1,0,3,0,0,0,0,0,0,0,0,0,0,0,0,0,0,0,0,7,0,0,0,0,0,0,0,0,0,0,0,3,0,0,0,14,0,0,0,9,9,316,0,2,0,6,5,127,10,129,1,43,3,150,0,12,0,9,0,21,0,10,0,17,6,41,0,0,0
54,15,159,27,0,165,20,0,9,0,56,127,162,142,155,113,34,0,77,245,86,83,76,9,11,0,111,40,10,0,247,19,193,10,68,37,226,29,59,0,47,0,8,33,17,3,22,0,2,0,72,15,0,0,5,0,4,0,0,0,0,0,0,0,7,0,0,0,0,0,0,0,0,0,0,0,0,0,0,0,21,0,0,0,18,0,0,0,0,0,0,0,0,0,5,0,0,0,0,0,0,0,0,0,0,0,0,0,0,0,0,0,0,0,0,0,0,0,0,0,0,0,3,0,14,0,12,0,0,0,14,0,2,0,32,0,15,0,0,1,0,0,13,0,0,0,20,0,92,0,58,1,50,0,0,0,0,0,0,0,6,0,0,0,24,0,145,0,19,0,0,0,103,0,9,0,39,73,10,10,35,0,29,0,61,0,2,7,0,0,0,0,0,0,0,0,0,0,0,0,1,0,1,0,0,0,0,0,11,0,0,0,0,0,11,0,0,0,6,0,303,0,4,0,107,11,141,14,186,8,105,0,103,0,7,0,42,0,23,0,22,0,31,0,188,0,0,0,0
27,39,37,103,165,0,0,0,0,0,160,124,132,190,228,141,9,2,38,200,108,98,92,75,0,29,0,196,0,25,69,84,26,114,9,45,60,91,4,24,0,37,5,8,0,3,0,53,0,0,7,21,0,0,0,0,0,0,0,6,0,0,0,0,0,10,0,1,0,0,0,2,0,0,0,0,0,0,0,0,0,4,0,0,0,0,0,0,0,0,0,0,0,0,0,0,0,0,0,0,0,1,0,0,0,0,5,3,0,0,0,0,0,0,0,0,0,0,0,0,0,0,0,0,0,0,0,0,0,0,0,0,0,0,0,23,0,11,0,0,0,0,0,0,0,0,0,11,0,20,0,19,0,32,0,0,0,0,0,0,0,2,0,0,0,17,8,150,0,30,0,10,0,85,0,24,14,137,2,0,0,29,0,0,0,30,0,0,0,0,0,0,0,0,0,0,0,0,0,7,0,0,0,0,0,0,0,0,0,6,1,0,0,2,1,7,0,0,0,83,0,316,0,7,0,165,18,255,0,259,0,117,0,218,0,15,3,36,3,29,0,9,0,17,0,93,0,0,0
33,143,34,0,20,0,0,52,48,155,14,2,19,0,15,0,26,43,12,0,0,0,7,15,228,92,0,0,86,0,0,0,0,0,0,0,0,7,149,0,8,0,1,0,3,0,1,0,4,0,0,1,70,19,222,36,18,0,66,0,311,24,274,46,13,0,16,7,1,0,0,1,0,0,0,0,0,0,1,0,0,2,0,0,0,0,0,0,0,0,0,0,0,0,0,0,0,0,0,2,0,0,0,0,2,0,0,0,0,0,0,0,0,0,0,0,0,0,0,0,0,0,0,0,21,0,15,0,0,0,15,0,18,0,15,0,12,0,3,0,0,0,9,0,0,0,11,0,1,0,0,0,0,0,0,1,0,0,0,0,16,0,0,0,0,1,1,1,14,0,71,0,136,0,0,0,4,32,0,0,2,0,1,37,0,11,1,0,0,0,0,0,0,0,0,0,0,0,0,0,3,0,0,0,0,0,0,0,0,0,13,0,0,0,245,0,0,0,39,0,335,0,46,1,77,1,118,0,256,0,149,0,304,0,23,1,22,0,92,0,82,0,133,0,388,0,0,0,0
13,19,0,25,0,0,52,0,196,77,0,5,0,4,0,52,8,59,0,29,0,0,0,6,33,52,0,0,0,22,0,1,0,4,0,0,0,9,5,152,0,0,0,2,0,0,0,0,0,0,0,0,26,19,88,282,0,49,0,30,16,257,26,290,0,95,12,26,0,0,0,0,0,0,0,0,0,0,0,0,0,0,0,0,0,1,0,0,0,0,0,0,0,0,0,0,0,0,0,0,0,0,0,0,0,0,0,0,0,0,0,0,0,0,0,0,0,0,0,0,0,0,0,0,0,77,0,0,0,0,0,31,0,6,1,18,0,30,0,0,0,1,0,7,0,0,0,1,1,22,0,3,0,0,0,3,0,24,0,0,1,31,0,0,0,0,0,0,0,0,0,0,0,38,0,0,2,0,0,0,0,0,1,5,12,0,0,1,0,0,0,0,0,0,0,0,0,0,0,0,0,0,0,0,0,0,0,1,0,0,0,18,0,1,2,196,0,0,0,8,0,520,0,20,1,22,6,37,11,190,0,37,0,337,2,42,0,6,0,39,2,13,0,0,5,110,0,0,0
13,222,6,44,9,0,48,196,0,578,7,0,7,0,0,0,29,103,0,0,0,0,4,31,34,381,0,0,22,0,0,0,3,0,0,0,4,4,121,9,4,0,0,0,0,0,0,0,1,0,0,0,73,62,125,225,26,30,46,27,431,43,130,93,159,3,222,25,0,0,0,0,0,0,0,0,0,0,0,0,0,0,0,0,0,0,0,0,0,0,0,0,0,0,0,1,0,0,0,1,0,0,0,0,2,0,0,0,0,0,0,0,0,0,0,0,0,0,0,0,0,0,0,0,67,0,24,0,3,0,93,0,15,0,16,0,11,0,0,0,0,0,5,4,0,0,57,0,108,0,40,0,12,0,3,2,27,15,0,0,57,0,0,0,0,0,0,0,8,0,79,0,122,0,16,0,139,173,2,0,3,0,1,50,52,58,0,0,0,0,0,0,0,0,0,0,1,0,0,0,0,0,0,0,0,0,4,1,9,0,4,0,0,0,164,10,0,0,0,0,173,16,19,1,47,0,171,22,250,18,102,0,201,13,21,6,11,1,139,3,94,1,136,2,362,0,0,0,0
9,51,0,0,0,0,155,77,578,0,0,5,0,0,0,3,5,8,0,1,0,0,0,0,58,0,0,0,0,0,0,0,0,0,0,0,0,0,0,10,0,1,0,0,0,0,0,0,1,0,0,0,120,75,346,108,0,11,74,114,28,294,55,272,0,210,50,185,0,0,0,0,0,0,0,0,0,0,0,1,0,2,0,0,0,0,0,0,0,0,0,0,0,0,0,0,0,0,0,0,0,0,0,0,0,0,0,1,0,0,0,0,0,0,0,0,0,0,0,0,0,0,0,1,0,67,0,2,0,0,0,27,0,0,0,7,0,4,1,0,0,0,0,0,0,0,0,0,0,89,0,8,0,0,1,11,0,73,0,1,0,7,0,0,0,0,0,0,0,2,5,13,8,7,0,0,38,252,0,1,0,0,0,31,16,41,0,0,0,0,0,0,0,0,0,0,0,0,0,4,0,1,0,0,0,0,0,0,0,11,0,16,0,2,4,197,0,0,0,3,4,377,2,15,0,7,16,57,16,155,0,21,4,392,0,39,0,6,3,51,3,9,7,4,0,118,0,0,0
53,1,44,51,56,160,14,0,7,0,0,108,204,0,45,236,13,0,20,62,29,25,9,10,0,0,49,0,0,0,168,9,208,18,13,4,240,11,18,1,48,0,0,0,11,1,4,0,5,0,11,0,0,0,5,0,3,0,3,0,0,0,0,0,7,0,3,0,0,0,0,0,0,0,0,0,0,0,0,0,0,0,0,0,0,0,7,0,0,0,0,0,0,0,0,0,3,0,0,0,0,0,0,0,0,0,17,0,0,0,0,0,0,0,0,0,0,0,0,0,0,0,0,0,12,0,10,0,0,0,6,0,1,0,8,0,0,0,1,0,0,0,6,0,0,0,15,0,32,0,51,0,51,0,0,0,0,0,0,0,7,0,0,0,7,0,73,0,13,0,0,0,39,1,16,0,43,30,7,7,30,0,27,0,35,0,2,0,0,0,0,0,0,0,0,0,0,0,0,0,0,0,0,0,0,0,0,0,0,0,0,0,0,0,5,0,0,0,0,0,226,18,7,0,30,0,170,11,141,0,94,0,69,0,7,0,27,3,10,0,7,0,32,0,153,0,0,0,0
49,96,61,62,127,124,2,5,0,5,108,0,30,222,159,9,21,4,10,39,89,60,207,72,0,3,0,117,0,46,59,84,20,164,0,35,40,134,11,49,0,177,1,12,0,3,0,54,0,0,0,7,0,0,0,0,0,0,0,3,0,0,0,0,0,26,0,0,0,0,0,0,0,0,0,0,0,0,0,0,0,0,0,1,0,4,0,0,0,0,0,0,0,0,0,0,0,1,0,0,0,0,0,0,0,0,0,4,0,0,0,0,0,0,0,0,0,0,0,0,0,0,0,0,0,9,0,0,0,0,0,0,0,0,0,9,0,4,0,0,0,0,0,0,0,0,0,44,2,55,0,50,0,99,0,0,0,0,0,0,0,0,0,0,0,0,6,20,0,0,0,3,2,41,0,63,18,127,0,9,0,90,1,40,0,111,0,11,0,0,0,0,0,0,0,0,0,0,0,0,0,0,0,0,0,0,0,0,0,5,0,0,0,0,0,16,0,0,0,31,17,200,0,10,0,48,3,154,0,144,7,108,0,213,0,13,0,31,2,40,0,18,0,24,9,77,0,0,0
78,0,75,1,162,132,19,0,7,0,204,30,0,430,53,33,0,0,58,324,27,102,0,0,0,0,109,487,2,0,33,10,15,1,137,26,39,14,0,0,247,47,55,160,37,49,16,52,32,0,164,65,0,0,0,0,0,0,1,0,0,0,0,0,7,0,0,0,0,0,0,0,0,0,0,0,0,0,0,0,0,0,0,0,4,0,0,0,0,0,0,0,0,0,0,0,0,0,0,0,0,0,0,0,0,0,0,0,0,0,0,0,0,0,0,0,0,0,0,0,0,0,2,0,10,0,12,0,0,0,4,0,0,0,8,0,0,0,0,0,0,0,14,0,0,0,25,0,46,0,51,0,67,0,0,0,0,0,0,0,1,0,0,0,59,0,27,0,13,0,1,0,11,0,28,0,104,92,44,1,44,0,48,0,55,0,12,9,0,0,0,0,0,0,0,0,0,0,0,0,0,0,0,0,0,0,0,0,0,0,0,0,0,0,1,0,0,0,113,61,28,8,10,8,360,13,97,21,71,11,0,5,6,5,0,1,22,0,5,0,0,1,3,0,48,0,0,0,0
0,98,0,73,142,190,0,4,0,0,0,222,430,0,53,4,0,0,328,20,43,16,0,0,0,0,130,108,0,0,14,1,0,0,55,55,19,80,0,0,57,384,41,107,7,2,5,107,0,0,43,107,0,0,0,1,0,0,0,2,0,0,0,0,0,8,0,0,0,0,0,0,0,0,0,0,0,0,0,0,0,0,0,0,0,0,0,2,0,0,0,0,0,0,0,0,0,0,2,0,0,0,0,0,0,0,1,0,0,0,0,0,0,0,0,0,0,0,0,0,0,4,0,0,0,11,0,0,0,0,0,1,0,0,0,0,0,0,0,0,0,0,0,0,0,1,0,0,0,0,0,16,0,21,0,0,0,0,0,0,0,0,0,0,0,5,0,9,0,8,0,0,0,3,0,26,12,155,0,29,0,32,0,13,0,24,2,10,0,0,0,0,0,0,0,0,0,0,0,0,0,0,0,0,0,0,0,0,0,7,0,0,0,0,0,0,0,0,0,341,2,29,0,18,28,222,12,216,0,84,0,45,0,39,0,0,0,3,0,8,0,4,0,9,0,17,0,0,0
25,0,274,18,155,228,15,0,0,0,45,159,53,53,0,235,37,0,164,200,136,68,205,5,100,0,103,27,4,2,242,30,78,12,27,24,54,23,0,0,17,3,2,20,9,0,12,0,1,0,47,0,0,0,72,0,0,0,31,0,0,0,0,0,0,0,1,0,0,0,0,0,0,0,0,0,0,0,0,0,0,0,2,0,23,0,0,0,0,0,13,0,0,0,0,0,39,0,16,1,0,0,0,0,0,0,47,0,0,0,0,0,0,0,0,0,0,0,0,0,0,0,7,0,11,0,9,0,16,0,16,0,0,0,63,0,93,0,0,0,31,1,98,0,0,2,16,0,80,0,52,0,31,0,8,0,0,0,1,0,7,0,0,0,0,0,82,0,16,0,0,0,22,0,0,0,13,27,22,21,39,0,10,0,34,0,0,2,0,0,0,0,0,0,0,0,3,0,0,0,19,0,0,0,0,0,6,0,10,0,0,0,0,0,7,0,0,0,0,0,58,19,0,0,0,0,79,0,61,12,20,9,10,12,0,0,4,1,17,0,0,0,22,0,51,0,0,0,0
141,29,75,293,113,141,0,52,0,3,236,9,33,4,235,0,52,72,0,320,108,180,285,300,8,154,0,87,0,70,107,56,68,88,7,2,90,54,31,13,0,9,0,0,0,0,0,1,0,0,0,3,0,8,0,93,0,13,0,8,0,3,0,8,0,7,0,0,0,0,0,0,0,0,0,2,0,0,0,0,0,26,0,0,0,135,0,9,0,15,0,17,0,3,0,0,0,87,0,46,0,52,0,0,0,7,0,48,0,0,0,0,0,0,0,0,0,0,0,0,0,0,0,5,0,11,0,4,0,11,0,7,0,8,0,281,0,162,0,0,0,0,0,187,0,0,0,21,0,34,0,33,0,15,0,0,0,2,0,0,0,7,0,0,0,0,0,39,0,0,0,1,9,26,0,10,3,16,0,5,0,20,2,0,0,14,0,0,0,0,0,0,0,0,0,0,0,0,0,0,0,13,0,0,0,0,0,0,0,0,0,0,0,0,0,7,0,0,0,4,10,93,0,0,0,0,9,593,23,93,6,22,0,65,0,0,0,4,0,6,0,1,0,0,14,22,0,0,0
76,283,119,92,34,9,26,8,29,5,13,21,0,0,37,52,0,43,101,0,249,0,136,106,65,90,69,0,340,11,192,0,208,0,13,0,26,9,160,29,0,0,18,0,28,0,0,0,0,0,8,0,186,0,26,0,14,0,0,0,15,14,176,12,0,0,0,0,0,0,5,0,0,0,13,0,0,0,0,0,63,0,0,0,208,0,37,0,16,0,34,0,0,0,16,0,179,0,86,0,10,0,0,0,14,0,225,0,0,0,0,0,0,0,0,0,0,0,0,0,25,0,79,0,2,0,0,0,206,0,6,0,0,0,9,0,315,0,148,0,224,0,263,0,2,0,0,0,0,0,0,0,0,0,109,0,0,0,37,1,8,0,0,1,0,0,0,0,4,0,0,2,19,4,0,0,7,12,1,4,0,0,24,3,0,0,0,0,0,0,0,0,0,0,0,0,0,0,0,0,14,0,0,0,0,0,0,0,3,0,0,0,0,0,0,0,0,0,0,0,16,13,0,0,0,0,223,11,22,8,0,0,3,12,0,0,0,0,0,5,0,0,1,0,4,6,0,0,0
29,21,8,18,0,2,43,59,103,8,0,4,0,0,0,72,43,0,0,0,0,103,7,81,55,169,0,7,0,503,0,21,0,13,0,5,0,7,13,163,0,0,0,11,0,0,0,0,0,0,0,2,9,28,17,56,0,23,1,0,9,28,25,109,0,0,0,0,0,0,0,0,0,0,0,0,0,1,0,0,0,28,0,0,0,154,0,7,0,6,0,0,0,0,0,5,0,32,0,25,0,15,0,0,0,0,0,21,0,0,0,0,0,0,0,0,0,0,0,0,0,4,0,3,0,15,0,0,0,55,0,9,0,39,0,101,0,84,0,126,0,64,0,404,0,2,0,0,0,0,0,0,0,0,0,56,0,0,0,29,0,14,0,0,0,0,0,0,0,0,0,1,5,0,0,0,0,4,0,2,0,0,1,1,0,0,0,0,0,0,0,0,0,0,0,0,0,0,0,1,0,3,0,0,0,0,0,0,0,0,0,0,0,0,0,3,0,0,0,0,0,12,0,1,2,0,0,192,0,8,0,0,2,11,0,1,0,0,0,2,0,0,0,0,0,5,0,0,0
17,0,63,0,77,38,12,0,0,0,20,10,58,328,164,0,101,0,0,223,172,98,108,0,15,0,100,269,53,0,63,7,6,0,208,25,28,20,0,0,9,13,18,122,11,14,6,22,0,0,156,56,6,0,0,0,0,0,0,0,0,0,8,0,7,0,0,0,0,0,22,0,0,0,16,0,0,0,0,0,67,0,0,0,104,0,42,0,0,0,0,0,0,0,39,0,66,0,115,1,0,0,0,0,0,0,178,0,0,0,0,0,0,0,0,0,0,0,0,0,34,0,52,0,6,0,10,0,0,0,11,0,0,0,27,0,77,0,17,0,0,0,113,0,0,0,0,0,63,0,27,0,0,0,13,0,0,0,0,0,3,0,0,0,42,0,14,0,0,0,0,0,0,0,0,0,0,27,10,1,11,0,5,0,22,0,2,8,0,0,0,0,4,0,0,0,1,0,0,0,0,0,0,0,0,0,0,0,12,0,0,0,0,0,0,0,4,0,19,21,5,0,0,0,122,15,99,0,26,0,13,0,4,0,1,0,8,0,4,0,3,0,8,0,30,0,0,0,0
0,47,0,141,245,200,0,29,0,1,62,39,324,20,200,320,0,0,223,0,127,160,0,29,0,75,22,143,0,0,91,24,0,6,47,48,38,45,0,2,0,10,5,40,0,6,0,11,0,0,12,89,1,9,0,18,0,0,0,0,0,0,0,30,0,30,0,0,0,0,0,0,0,0,0,0,0,0,0,2,0,38,0,2,0,141,0,0,0,0,0,0,0,0,3,8,0,65,0,37,0,48,0,0,0,0,0,45,0,0,0,0,0,0,0,0,0,0,0,0,0,0,0,11,0,16,0,0,0,0,0,0,0,0,0,202,0,113,0,0,0,0,0,168,0,0,0,0,0,63,0,58,0,0,0,0,0,0,0,0,0,6,0,0,0,21,0,65,0,28,0,7,0,11,0,38,5,31,3,5,0,84,0,0,0,51,0,0,0,0,0,0,0,0,0,0,0,0,0,0,0,0,0,0,0,0,0,0,0,38,0,0,0,0,0,18,0,0,0,79,0,63,0,18,18,176,22,148,19,146,0,0,0,82,1,0,0,9,0,0,0,4,1,7,0,37,0,0,0
4,0,19,5,86,108,0,0,0,0,29,89,27,43,136,108,249,0,172,127,0,43,101,0,21,0,76,36,84,0,149,11,15,9,37,9,23,12,4,0,1,3,4,11,5,0,1,0,0,0,22,2,9,0,15,0,0,0,0,0,0,0,13,0,0,0,0,0,1,0,23,0,0,0,20,0,0,0,0,0,55,0,0,0,109,0,40,0,22,0,23,0,0,0,0,0,92,0,115,0,11,0,0,0,9,0,165,0,0,0,0,0,0,0,0,0,0,0,0,0,0,0,48,0,0,0,3,0,32,0,0,0,0,0,3,0,90,0,21,0,71,0,134,0,16,0,0,0,0,0,0,0,0,0,21,0,0,0,0,0,0,0,2,0,0,0,13,0,0,0,2,0,0,0,0,0,10,9,43,11,0,0,6,0,0,0,0,1,0,0,0,0,0,0,0,0,0,0,0,0,18,0,0,0,0,0,0,0,3,0,0,0,0,0,4,0,0,0,5,5,13,6,0,0,21,1,155,8,26,0,29,0,9,0,2,0,1,1,7,0,8,0,16,0,31,0,0,0,0
0,0,5,25,83,98,0,0,0,0,25,60,102,16,68,180,0,103,98,160,43,0,6,136,0,10,0,68,0,97,20,102,4,46,22,13,13,9,0,4,1,0,2,32,2,2,0,0,0,0,4,19,0,37,0,5,0,2,0,0,0,0,0,123,0,0,0,0,0,0,0,0,0,0,0,2,0,0,0,0,0,58,0,0,0,211,0,23,0,12,0,0,0,0,0,6,0,28,1,26,0,40,0,0,0,2,0,0,0,0,0,0,0,0,0,0,0,0,0,0,0,28,0,27,0,11,0,0,0,35,0,0,0,0,0,23,0,21,0,103,0,174,0,457,0,11,0,0,0,12,0,0,0,0,0,19,0,0,0,7,0,0,0,0,0,3,0,23,1,10,0,0,0,3,0,0,0,16,0,13,0,0,0,0,0,0,0,2,0,0,0,0,0,0,0,2,0,0,0,0,0,0,0,0,0,0,0,0,0,0,0,0,0,0,0,2,0,0,0,0,5,10,0,0,0,20,0,122,0,36,0,8,0,32,0,0,0,3,0,0,0,2,0,4,0,15,0,0,0
74,213,721,140,76,92,7,0,4,0,9,207,0,0,205,285,136,7,108,0,101,6,0,102,67,11,31,1,43,19,173,0,64,28,0,0,17,44,41,26,2,0,2,0,5,0,0,0,0,0,2,0,4,0,39,0,10,0,0,0,0,0,6,0,0,0,0,0,0,0,0,0,0,0,0,0,0,0,0,0,0,0,0,0,34,0,0,0,0,0,0,0,0,0,0,0,29,0,0,1,0,0,0,0,0,0,38,0,0,0,0,0,0,0,0,0,0,0,0,0,0,0,6,0,0,0,0,0,16,0,0,0,0,0,6,0,105,0,9,0,27,0,91,0,0,0,0,0,0,0,2,0,0,0,12,0,0,0,4,0,0,0,0,0,0,0,19,0,0,0,0,0,10,11,0,0,0,35,0,54,0,0,12,0,0,0,0,0,0,0,0,0,0,0,0,0,0,0,0,0,16,0,0,0,0,0,0,0,1,0,0,0,0,0,2,3,0,0,0,0,14,22,1,0,4,0,487,39,19,9,0,0,10,15,0,0,0,0,1,2,0,0,1,2,4,0,0,0,0
123,18,47,202,9,75,15,6,31,0,10,72,0,0,5,300,106,81,0,29,0,136,102,0,47,11,0,16,0,356,0,15,0,31,0,9,0,17,31,43,0,0,0,14,0,0,0,1,0,0,0,5,0,8,0,31,0,15,0,0,0,5,7,16,1,0,0,0,0,0,0,0,0,0,0,0,0,0,0,0,0,10,0,0,2,63,0,0,0,8,0,6,0,0,0,8,0,26,0,20,0,20,0,0,0,0,0,19,0,0,0,0,0,0,0,0,0,0,0,0,0,11,0,5,0,0,0,0,0,7,0,0,0,8,0,76,0,40,0,33,0,16,0,142,0,0,0,0,0,0,0,0,0,0,0,6,0,0,0,0,0,3,0,0,0,0,0,0,1,0,0,1,11,18,0,0,0,6,0,21,0,0,0,0,0,7,0,0,0,0,0,0,0,0,0,0,0,0,0,0,0,8,0,0,0,0,0,3,0,0,0,0,0,0,0,1,0,0,0,0,0,30,1,0,1,0,2,590,4,20,0,0,0,11,0,1,0,1,0,0,0,0,0,0,0,2,0,0,0
7,253,247,47,11,0,228,33,34,58,0,0,0,0,100,8,65,55,15,0,21,0,67,47,0,111,16,0,104,6,10,0,6,0,0,0,0,8,68,31,0,0,0,0,0,0,0,0,0,0,0,0,41,1,413,0,29,0,31,0,65,28,287,43,0,0,0,0,0,0,0,0,0,0,0,0,0,0,0,0,0,0,0,0,2,0,0,0,0,0,0,0,0,0,0,0,10,0,0,0,0,0,1,0,0,0,10,0,0,0,0,0,0,0,0,0,0,0,0,0,0,0,5,0,0,0,2,0,49,0,0,0,10,0,30,0,112,0,0,0,20,0,149,0,0,0,0,0,0,0,0,0,0,0,6,0,0,0,3,0,4,0,0,0,0,0,0,0,2,0,0,0,36,8,0,0,1,10,0,0,0,0,0,16,0,0,0,0,0,0,0,0,0,0,0,0,0,0,0,0,14,0,0,0,0,0,0,0,7,0,0,0,0,0,24,0,0,0,6,0,95,0,13,0,4,0,71,3,72,7,13,0,67,9,1,2,3,0,7,0,7,0,0,0,43,9,0,0,0
57,74,0,227,0,29,92,52,381,0,0,3,0,0,0,154,90,169,0,75,0,10,11,11,111,0,0,17,7,13,0,0,0,8,0,1,0,11,23,73,0,2,0,0,0,3,0,3,0,0,1,0,32,8,96,68,0,7,0,3,32,83,54,128,0,0,2,0,0,0,0,0,0,4,0,0,0,0,0,0,0,0,0,0,0,7,0,0,0,0,0,0,0,0,0,0,0,0,0,1,0,2,0,0,0,0,0,0,0,0,0,0,0,0,0,0,0,0,0,0,0,0,0,0,0,0,0,0,0,0,0,3,0,0,0,37,0,41,0,7,0,3,0,23,0,0,0,0,0,0,0,0,0,0,0,8,0,2,0,0,0,10,0,0,0,0,0,0,1,0,3,3,13,32,0,0,0,3,0,0,0,0,0,1,0,0,0,0,0,0,0,0,0,0,0,0,0,0,0,0,0,0,0,0,0,0,0,0,0,0,0,0,0,0,0,18,0,0,0,0,3,75,0,1,0,1,4,161,11,52,0,11,0,73,0,8,1,2,0,10,2,2,0,2,9,25,0,0,0
34,0,54,0,111,0,0,0,0,0,49,0,109,130,103,0,69,0,100,22,76,0,31,0,16,0,0,283,56,0,49,0,8,0,14,0,24,0,0,0,16,147,139,90,87,95,3,128,4,0,72,14,0,0,15,0,0,0,0,0,0,0,6,0,3,0,0,0,1,0,50,0,0,0,24,0,0,1,0,0,72,1,4,1,71,0,87,0,0,0,22,0,0,0,0,0,59,0,150,0,0,0,0,0,0,0,112,0,0,0,0,0,0,0,0,0,0,0,0,0,51,0,45,0,0,0,10,0,0,0,9,0,0,0,29,0,44,0,0,0,0,0,62,0,0,0,22,0,52,0,0,0,22,0,0,0,0,0,0,0,3,0,0,0,67,0,11,0,0,1,0,0,3,0,0,0,5,36,7,0,22,0,15,0,26,0,5,3,0,0,0,0,0,0,0,0,3,0,0,0,4,0,0,0,0,0,4,0,6,0,0,0,1,0,0,0,0,0,364,94,6,0,25,25,265,6,27,0,26,0,0,0,0,0,0,0,8,3,0,0,0,0,0,0,16,0,0,0,0
0,75,0,108,40,196,0,0,0,0,0,117,487,108,27,87,0,7,269,143,36,68,1,16,0,17,283,0,0,6,3,8,0,11,41,2,6,10,0,0,143,20,95,94,26,49,37,10,0,10,65,124,0,3,0,6,0,1,0,0,0,0,0,32,0,20,0,0,0,0,0,0,0,0,0,0,0,0,0,0,0,18,0,0,0,59,0,8,0,0,0,0,0,0,0,0,0,0,0,14,0,13,0,0,0,0,0,0,0,0,0,0,0,0,0,0,0,0,0,0,0,18,0,0,0,17,0,0,0,0,0,4,0,0,0,48,0,0,0,0,0,89,0,208,0,7,0,0,0,59,0,0,0,30,0,4,0,0,0,6,0,0,0,0,0,0,0,4,0,8,0,0,0,0,0,0,2,61,0,15,0,46,0,14,0,68,6,20,0,0,0,0,0,0,0,0,0,0,0,0,0,3,0,0,0,0,0,0,0,0,0,0,0,0,0,0,0,0,8,557,0,14,0,87,21,123,0,146,2,33,0,17,0,35,0,0,0,5,0,0,0,0,0,0,6,16,0,0,0
69,15,155,0,10,0,86,0,22,0,0,0,2,0,4,0,340,0,53,0,84,0,43,0,104,7,56,0,0,0,53,0,71,0,10,0,33,1,72,0,0,0,32,0,14,0,0,0,0,0,2,0,22,0,16,0,15,0,0,0,5,0,101,0,0,0,0,0,0,0,17,0,0,0,20,0,0,0,0,0,41,0,0,0,21,0,33,0,0,0,7,0,0,0,0,0,0,0,35,0,0,0,0,0,0,0,0,0,0,0,0,0,0,0,0,0,0,0,0,0,27,0,38,0,0,0,0,0,22,0,0,0,0,0,0,0,37,0,79,0,70,0,48,0,18,0,0,0,0,0,0,0,0,0,26,0,0,0,13,0,2,0,0,0,0,0,0,0,0,0,0,0,0,0,0,0,0,4,0,0,0,0,0,0,0,0,0,0,0,0,0,0,0,0,0,0,0,0,0,0,0,0,0,0,0,0,0,0,0,0,0,0,0,0,0,0,0,0,0,0,0,0,0,0,0,0,6,1,2,0,0,0,0,0,0,0,0,0,0,0,0,0,0,0,0,0,0,0,0
16,138,0,248,0,25,0,22,0,0,0,46,0,0,2,70,11,503,0,0,0,97,19,356,6,13,0,6,0,0,0,46,0,71,0,57,0,40,0,19,0,0,0,39,0,0,0,0,0,0,0,19,0,8,0,0,0,0,0,0,0,8,0,109,0,0,0,0,0,0,0,0,0,0,0,0,0,0,0,0,0,10,0,0,0,62,0,0,0,0,0,0,0,0,0,0,0,0,0,6,0,8,0,0,0,2,0,0,0,0,0,0,0,0,0,0,0,0,0,0,0,3,0,0,0,2,0,0,0,22,0,0,0,11,0,10,0,11,0,18,0,26,0,113,0,2,0,0,0,0,0,0,0,0,0,15,0,0,0,10,0,3,0,0,1,0,0,0,0,0,0,0,0,0,0,0,0,27,0,40,0,0,0,0,0,0,0,0,0,0,0,0,0,0,0,0,0,0,0,0,0,0,0,0,0,0,0,0,0,0,0,0,0,0,0,0,0,0,0,0,0,0,0,0,0,0,0,141,0,0,0,0,0,0,0,0,0,0,0,1,0,0,0,0,0,0,0,0,0
21,0,167,16,247,69,0,0,0,0,168,59,33,14,242,107,192,0,63,91,149,20,173,0,10,0,49,3,53,0,0,14,16,0,45,0,45,10,10,0,0,0,63,0,3,0,0,0,0,0,31,2,1,0,0,0,2,0,0,0,2,0,14,0,0,0,0,0,0,0,1,0,0,0,0,0,0,0,1,0,19,0,0,0,16,0,8,0,0,0,0,0,0,0,4,0,12,0,0,0,0,0,0,0,1,0,0,0,0,0,0,0,0,0,0,0,0,0,0,0,0,0,8,0,0,0,0,0,14,0,0,0,3,0,0,0,23,0,0,0,18,0,27,0,0,0,0,0,6,0,0,0,0,0,7,0,0,0,0,0,1,0,1,0,5,0,56,0,0,0,0,0,15,0,0,0,23,13,121,0,3,0,5,0,0,0,0,0,0,0,0,0,0,0,0,0,0,0,0,0,1,0,0,0,0,0,0,0,0,0,0,0,0,0,3,0,0,0,0,0,9,7,0,0,17,0,70,5,41,0,13,0,5,0,0,1,1,0,8,0,6,0,5,0,14,0,0,0,0
0,0,3,0,19,84,0,1,0,0,9,84,10,1,30,56,0,21,7,24,11,102,0,15,0,0,0,8,0,46,14,0,4,12,0,22,0,0,0,0,0,0,0,39,0,0,0,0,0,0,0,11,0,2,0,0,0,0,0,0,0,0,0,10,0,0,0,0,0,0,0,0,0,0,0,0,0,0,0,0,0,2,0,0,0,11,0,2,0,0,0,0,0,0,0,0,0,4,0,0,0,0,0,0,0,0,0,0,0,0,0,0,0,0,0,0,0,0,0,0,0,0,0,0,0,0,0,0,0,7,0,1,0,0,0,0,0,0,0,0,0,19,0,54,0,0,0,0,0,0,0,0,0,4,0,2,0,0,0,0,0,0,0,0,0,0,1,5,0,0,0,0,0,0,0,0,0,10,0,13,0,0,0,0,0,0,0,1,0,0,0,0,0,0,0,0,0,0,0,0,0,0,0,0,0,0,0,0,0,0,0,0,0,0,0,0,0,1,0,0,0,6,0,0,0,0,0,30,0,11,0,2,0,1,0,0,0,0,0,0,0,1,0,0,0,0,0,0,0
221,0,315,24,193,26,0,0,3,0,208,20,15,0,78,68,208,0,6,0,15,4,64,0,6,0,8,0,71,0,16,4,0,5,5,0,53,0,5,0,0,0,47,0,2,0,0,1,0,0,9,0,1,0,4,0,0,0,0,0,1,0,13,0,0,0,0,0,0,0,4,0,0,0,7,0,0,0,0,0,7,0,0,0,0,0,11,0,0,0,0,0,0,0,0,0,0,0,12,0,0,0,0,0,0,0,0,0,0,0,0,0,0,0,0,0,0,0,0,0,0,0,7,0,0,0,0,0,0,0,3,0,0,0,0,0,12,0,26,0,23,0,0,0,13,0,0,0,6,0,0,0,3,0,16,0,1,0,0,0,0,0,0,0,0,0,2,0,1,0,0,0,2,0,0,0,29,14,71,5,7,0,21,0,0,0,0,0,0,0,0,0,0,0,0,0,0,0,0,0,0,0,0,0,0,0,0,0,0,0,0,0,0,0,0,0,0,0,0,0,0,5,0,0,0,0,43,5,7,0,0,0,1,0,0,0,0,0,0,0,0,0,1,0,0,0,0,0,0
14,136,0,185,10,114,0,4,0,0,18,164,1,0,12,88,0,13,0,6,9,46,28,31,0,8,0,11,0,71,0,12,5,0,0,17,0,32,0,4,0,0,0,21,0,5,0,0,0,0,0,15,0,1,0,0,0,0,0,0,0,4,0,2,0,0,0,0,0,0,0,0,0,0,0,0,0,0,0,0,0,2,0,0,0,0,0,0,0,0,0,0,0,0,0,0,0,0,0,0,0,0,0,0,0,0,0,0,0,0,0,0,0,0,0,0,0,0,0,0,0,0,0,0,0,0,0,0,0,2,0,0,0,0,0,0,0,0,0,5,0,5,0,7,0,1,0,0,0,0,0,10,0,19,0,6,0,0,0,3,0,0,0,0,0,0,0,5,0,1,0,0,0,3,0,0,0,52,0,81,0,27,0,0,0,0,0,0,0,0,0,0,0,0,0,0,0,0,0,0,0,0,0,0,0,0,0,0,0,0,0,0,0,0,0,0,0,0,0,1,0,18,0,0,0,1,2,231,0,13,0,0,0,12,0,0,0,0,0,0,0,0,0,0,0,0,0,0,0
2,0,7,0,68,9,0,0,0,0,13,0,137,55,27,7,13,0,208,47,37,22,0,0,0,0,14,41,10,0,45,0,5,0,0,0,56,0,3,0,1,0,7,16,2,0,0,0,0,0,28,3,2,0,0,0,3,0,0,0,0,0,0,0,0,0,0,0,0,0,15,0,0,0,5,0,0,0,0,0,0,0,0,0,0,0,8,0,0,0,0,0,1,0,0,0,0,0,28,0,0,0,4,0,0,0,0,0,0,0,0,0,0,0,0,0,0,0,0,0,0,0,10,0,0,0,0,0,0,0,0,0,0,0,0,0,0,0,0,0,8,0,0,0,8,0,0,0,0,0,0,0,0,0,0,0,0,0,0,0,0,0,0,0,17,0,17,0,2,0,0,0,5,0,0,0,10,4,60,0,3,0,0,0,0,0,18,0,0,0,0,0,0,0,0,0,1,0,0,0,0,0,0,0,0,0,0,0,0,0,0,0,0,0,0,0,0,0,11,0,17,0,0,0,69,2,105,0,15,0,22,0,8,0,2,0,0,0,5,0,0,0,12,0,27,0,0,0,0
0,0,0,0,37,45,0,0,0,0,4,35,26,55,24,2,0,5,25,48,9,13,0,9,0,1,0,2,0,57,0,22,0,17,0,0,5,21,0,0,0,0,0,7,0,0,0,0,0,0,3,1,0,0,0,1,0,0,0,0,0,1,0,7,0,0,0,0,0,0,0,0,0,0,0,0,0,0,0,0,0,3,0,0,0,5,0,0,0,2,0,0,0,0,0,0,0,0,0,2,0,2,0,0,0,0,0,0,0,0,0,0,0,0,0,0,0,0,0,0,0,8,0,3,0,0,0,0,0,13,0,0,0,3,0,0,0,0,0,32,0,52,0,111,1,6,0,0,0,0,0,0,0,0,0,0,0,1,0,3,0,0,0,0,0,0,0,3,0,4,0,0,0,0,0,3,0,0,0,0,0,0,0,0,0,0,0,9,0,0,0,0,0,0,0,0,0,0,0,0,0,0,0,0,0,0,0,0,0,0,0,0,0,0,0,1,0,0,0,0,0,6,0,1,0,9,0,13,2,9,0,3,0,3,0,0,0,0,0,0,0,0,0,1,0,3,0,0,0
128,0,91,22,226,60,0,0,4,0,240,40,39,19,54,90,26,0,28,38,23,13,17,0,0,0,24,6,33,0,45,0,53,0,56,5,0,0,19,0,0,1,55,0,44,0,0,0,0,0,69,4,4,0,0,0,9,0,8,0,21,0,14,0,0,0,0,0,0,0,125,0,0,0,47,0,0,0,0,0,79,0,0,0,27,0,80,0,37,0,12,0,0,0,55,0,13,0,150,0,0,0,0,0,3,0,74,0,0,0,0,0,0,0,0,0,0,0,0,0,74,0,63,0,0,0,0,0,18,0,0,0,0,0,0,0,12,0,176,0,96,0,39,0,137,0,0,0,0,0,0,0,0,0,59,1,28,0,13,0,9,2,13,0,21,0,51,0,19,0,22,0,31,0,0,0,36,21,93,3,10,0,40,0,7,0,0,0,0,0,0,0,0,0,0,0,0,0,0,0,0,0,0,0,0,0,0,0,0,0,0,0,0,0,0,0,0,0,0,0,27,0,0,0,38,0,96,0,73,0,25,0,10,0,0,0,2,2,0,0,6,0,12,0,23,0,0,0,0
29,224,0,70,29,91,7,9,4,0,11,134,14,80,23,54,9,7,20,45,12,9,44,17,8,11,0,10,1,40,10,0,0,32,0,21,0,0,4,15,0,0,0,39,0,2,0,0,0,2,0,44,0,2,0,0,0,0,0,3,0,26,0,20,0,0,0,0,0,0,0,0,0,0,0,0,0,0,0,0,0,4,0,0,0,14,0,4,0,0,0,0,0,0,0,0,0,0,0,3,0,2,0,0,0,0,0,0,0,0,0,0,0,0,0,0,0,0,0,0,0,11,0,0,0,3,0,0,0,40,0,2,0,0,0,0,0,0,0,161,0,156,0,189,0,53,1,0,0,0,0,8,0,0,0,52,0,34,0,38,0,7,0,1,0,1,0,7,0,6,0,4,1,23,0,0,3,91,0,95,0,9,0,20,0,0,0,6,0,0,0,0,0,0,0,0,0,0,0,0,0,0,0,1,0,0,0,0,0,0,0,0,0,0,0,0,0,0,0,2,0,18,0,4,5,18,0,203,0,39,2,0,3,3,0,0,0,0,0,0,0,0,0,0,0,3,0,0,0
805,78,409,45,59,4,149,5,121,0,18,11,0,0,0,31,160,13,0,0,4,0,41,31,68,23,0,0,72,0,10,0,5,0,3,0,19,4,0,7,0,0,5,0,0,0,0,0,0,0,5,0,6,0,4,0,0,0,0,0,2,0,40,0,0,0,0,0,0,0,24,0,0,0,15,0,0,0,0,0,23,0,0,0,9,0,16,0,0,0,5,0,0,0,0,0,0,0,0,0,0,0,0,0,0,0,0,0,0,0,0,0,0,0,0,0,0,0,0,0,23,0,31,0,0,0,0,0,0,0,0,0,0,0,0,0,13,0,98,0,43,0,34,0,35,0,0,0,0,0,0,0,0,0,39,0,14,0,16,0,3,0,0,0,0,0,2,0,0,0,0,0,9,4,0,0,116,13,0,0,6,0,73,11,0,0,0,0,0,0,0,0,0,0,0,0,0,0,0,0,0,0,0,0,0,0,0,0,0,0,0,1,0,0,4,0,0,0,0,0,16,6,0,0,0,0,143,4,13,0,0,2,8,0,0,1,0,0,0,0,0,0,0,0,7,0,0,0,0
49,685,0,334,0,24,0,152,9,10,1,49,0,0,0,13,29,163,0,2,0,4,26,43,31,73,0,0,0,19,0,0,0,4,0,0,0,15,7,0,0,0,0,0,0,0,0,0,0,0,0,0,0,0,0,0,0,0,0,0,0,22,0,71,0,0,0,0,0,0,0,0,0,0,0,0,0,0,0,0,0,0,0,0,0,3,0,0,0,0,0,0,0,0,0,0,0,0,0,0,0,0,0,0,0,0,0,0,0,0,0,0,0,0,0,0,0,0,0,0,0,0,0,0,0,3,0,0,0,5,0,1,0,0,0,0,0,8,0,10,0,10,0,23,0,0,0,0,0,0,0,0,0,0,0,5,0,0,0,2,0,1,0,0,0,0,0,1,0,0,0,1,4,11,0,0,0,140,0,38,0,8,0,34,0,9,0,0,0,0,0,0,0,0,0,0,0,0,0,0,0,0,0,0,0,0,0,0,0,0,0,0,0,0,0,0,0,0,0,0,0,1,0,0,0,0,0,77,0,4,0,0,0,2,0,0,0,0,0,0,0,0,0,0,3,0,0,0,0
34,0,29,0,47,0,8,0,4,0,48,0,247,57,17,0,0,0,9,0,1,1,2,0,0,0,16,143,0,0,0,0,0,0,1,0,0,0,0,0,0,166,41,18,19,111,1,122,29,0,7,5,0,0,3,0,0,0,0,0,0,0,0,0,6,0,0,0,0,0,0,0,0,0,0,0,0,0,0,0,1,0,0,0,0,0,0,0,0,0,0,0,0,0,0,0,0,0,0,0,0,0,1,0,0,0,0,0,0,0,0,0,0,0,0,0,0,0,0,0,0,0,0,0,5,0,0,0,0,0,0,0,0,0,4,0,0,0,0,0,0,0,4,0,0,0,0,0,18,0,16,0,31,0,0,0,0,0,0,0,0,0,0,0,14,2,0,0,0,0,0,0,2,0,0,1,15,41,50,1,17,0,10,0,15,0,20,2,0,0,0,0,0,0,0,0,1,0,0,0,0,0,0,0,0,0,0,0,0,0,0,0,0,0,0,0,0,0,237,88,0,0,25,104,27,2,1,0,0,0,0,0,0,0,0,0,2,0,0,0,0,0,0,0,2,0,0,0,0
0,22,2,30,0,37,0,0,0,1,0,177,47,384,3,9,0,0,13,10,3,0,0,0,0,2,147,20,0,0,0,0,0,0,0,0,1,0,0,0,166,0,33,6,118,42,49,71,1,9,14,14,0,0,0,0,0,0,0,0,0,0,0,0,0,6,0,0,0,0,0,0,0,0,0,0,0,1,0,0,0,0,0,0,0,1,0,0,0,0,0,0,0,0,0,1,0,0,0,0,0,0,0,0,0,0,0,0,0,0,0,0,0,0,0,0,0,0,0,0,0,0,0,4,0,2,0,0,0,0,0,3,0,0,0,0,0,0,0,0,0,0,0,0,0,0,0,11,0,16,0,0,0,52,0,0,0,0,0,0,0,0,0,0,0,2,0,0,0,0,0,0,0,0,0,28,0,122,0,39,0,49,0,7,0,28,6,20,0,0,0,0,0,0,0,0,0,0,0,0,0,0,0,0,0,0,0,0,0,0,0,0,0,0,0,1,0,0,45,105,1,3,4,101,0,0,0,21,0,7,0,0,0,0,0,0,0,0,0,0,0,0,0,0,0,2,0,0,0
0,0,0,0,8,5,1,0,0,0,0,1,55,41,2,0,18,0,18,5,4,2,2,0,0,0,139,95,32,0,63,0,47,0,7,0,55,0,5,0,41,33,0,22,82,9,20,31,1,1,7,5,1,0,0,0,4,0,4,0,3,0,6,0,0,0,0,0,0,0,5,0,0,0,4,0,0,0,0,0,0,0,0,0,2,0,14,0,0,0,0,0,0,0,0,0,1,0,8,0,1,0,0,0,0,0,9,0,0,0,0,0,0,0,0,0,0,0,0,0,12,0,0,0,0,0,0,0,0,0,1,0,0,0,0,0,2,0,21,0,8,0,0,0,5,0,0,0,0,0,3,0,0,0,0,0,0,0,3,0,0,0,2,0,18,1,14,0,4,0,10,0,3,0,0,0,5,8,11,0,2,0,0,0,0,0,43,0,0,0,0,0,0,0,0,0,0,0,0,0,0,0,0,0,0,0,0,0,0,0,0,0,0,0,0,0,0,0,87,24,10,0,6,5,42,0,26,0,14,0,0,0,0,0,2,0,2,0,2,0,0,0,0,0,0,0,0,0,0
0,0,0,0,33,8,0,2,0,0,0,12,160,107,20,0,0,11,122,40,11,32,0,14,0,0,90,94,0,39,0,39,0,21,16,7,0,39,0,0,18,6,22,0,9,33,3,3,0,1,19,38,0,2,0,0,0,1,0,0,0,0,0,10,0,0,0,0,0,1,0,3,0,0,0,2,0,2,0,0,0,2,0,0,0,9,0,2,0,0,0,0,0,0,0,0,0,0,0,0,0,0,0,0,0,3,0,0,0,0,0,0,0,0,0,0,0,0,0,0,0,4,0,0,0,0,0,0,0,0,0,0,0,0,0,0,0,0,0,37,0,50,0,78,0,9,0,0,0,2,0,0,0,5,0,9,0,3,0,9,0,0,0,0,0,5,0,0,0,10,0,1,0,3,0,0,0,0,0,0,0,5,0,3,0,0,0,3,0,0,0,0,0,0,0,3,0,1,0,0,0,0,0,0,0,0,0,0,0,0,0,0,0,0,0,0,0,8,1,151,0,6,0,34,5,64,0,42,0,36,0,0,0,5,0,0,0,0,0,0,0,1,0,2,0,0,0,0,0
8,0,10,0,17,0,3,0,0,0,11,0,37,7,9,0,28,0,11,0,5,2,5,0,0,0,87,26,14,0,3,0,2,0,2,0,44,0,0,0,19,118,82,9,0,35,22,27,7,1,10,0,3,0,0,0,2,0,0,0,0,0,0,0,3,0,0,0,1,0,14,0,1,0,8,0,0,0,4,0,16,0,3,0,18,0,26,0,0,0,6,0,0,0,18,0,13,0,43,0,5,0,2,0,0,0,40,0,0,0,0,0,0,0,0,0,0,0,0,0,16,0,0,0,0,0,0,0,6,0,4,0,0,0,0,0,11,0,12,0,10,0,15,0,0,0,0,0,0,0,12,0,11,0,0,0,0,0,0,0,0,0,1,0,65,0,4,0,6,1,0,0,1,0,9,0,0,11,3,0,8,0,7,0,10,0,24,2,0,0,0,0,0,0,0,0,0,0,0,0,0,0,0,0,0,0,0,0,0,0,0,0,0,0,0,0,0,0,330,51,2,0,79,101,59,1,0,1,6,2,2,0,0,0,0,0,0,0,0,0,0,0,0,0,0,0,0,0,0
0,3,0,6,3,3,0,0,0,0,1,3,49,2,0,0,0,0,14,6,0,2,0,0,0,3,95,49,0,0,0,0,0,5,0,0,0,2,0,0,111,42,9,33,35,0,23,33,0,9,0,41,0,0,0,0,0,0,0,0,0,0,0,0,0,0,0,0,0,1,0,0,0,0,0,0,0,3,0,0,0,1,0,2,0,10,0,5,0,0,0,0,0,0,0,1,0,0,0,0,0,1,0,5,0,1,0,0,0,0,0,0,0,0,0,0,0,0,0,0,0,9,0,0,0,0,0,0,0,0,0,0,0,3,0,0,0,0,0,9,0,20,0,53,0,0,0,0,0,3,0,0,0,0,0,0,0,0,0,1,0,0,0,0,0,4,0,0,0,9,0,0,0,0,0,0,0,10,0,0,0,2,0,0,0,0,3,4,0,0,0,4,0,0,0,0,0,0,0,0,0,1,0,1,0,0,0,0,0,0,0,0,0,0,0,0,0,7,8,249,0,3,0,106,3,29,0,0,0,23,0,1,0,0,0,0,0,0,0,0,0,0,0,0,0,1,0,0,0
7,0,0,0,22,0,1,0,0,0,4,0,16,5,12,0,0,0,6,0,1,0,0,0,0,0,3,37,0,0,0,0,0,0,0,0,0,0,0,0,1,49,20,3,22,23,0,36,0,0,10,0,0,0,0,0,0,0,0,0,0,0,0,0,2,0,0,0,0,0,0,0,0,0,0,0,0,0,0,0,0,0,0,0,0,0,0,0,0,0,0,0,0,0,0,0,0,0,0,0,0,0,0,0,0,0,0,0,0,0,0,0,0,0,0,0,0,0,0,0,0,0,0,0,2,0,0,0,0,0,1,0,0,0,4,0,0,0,0,0,0,0,0,0,0,0,5,0,11,0,0,0,0,0,0,0,0,0,0,0,0,0,0,0,0,1,0,0,0,0,0,0,0,0,0,0,0,16,0,0,3,0,0,0,0,0,1,0,0,0,0,0,0,0,0,0,0,0,0,0,0,0,0,0,0,0,1,0,0,0,0,0,0,0,0,0,0,0,159,0,0,0,13,24,10,0,1,0,0,0,0,0,0,0,0,0,0,0,0,0,0,0,0,0,0,0,0,0,0
0,25,0,47,0,53,0,0,0,0,0,54,52,107,0,1,0,0,22,11,0,0,0,1,0,3,128,10,0,0,0,0,1,0,0,0,0,0,0,0,122,71,31,3,27,33,36,0,1,4,12,29,0,0,0,0,0,0,0,0,0,0,0,0,0,0,0,0,0,0,0,0,0,0,0,0,0,0,0,0,0,0,0,0,0,0,0,0,0,0,0,0,0,0,0,0,0,2,0,0,0,0,0,1,0,0,0,0,0,0,0,0,0,0,0,0,0,0,0,1,0,0,0,0,0,0,0,0,0,0,0,0,0,0,0,5,0,0,0,0,0,0,0,0,0,0,0,0,0,6,0,0,0,0,0,1,0,0,0,0,0,0,0,0,0,1,0,0,0,0,0,0,0,0,0,0,0,65,0,4,0,8,0,0,0,6,3,9,0,0,0,0,0,0,0,0,0,0,0,0,0,0,0,0,0,0,0,0,0,0,0,0,0,0,0,0,0,0,11,211,0,1,1,46,5,0,0,13,0,0,0,0,0,3,0,0,0,0,0,0,0,0,0,0,0,0,0,0,0
0,0,0,0,2,0,4,0,1,1,5,0,32,0,1,0,0,0,0,0,0,0,0,0,0,0,4,0,0,0,0,0,0,0,0,0,0,0,0,0,29,1,1,0,7,0,0,1,0,0,1,0,0,0,0,0,0,0,0,0,0,0,0,0,0,0,0,0,0,0,0,0,0,0,0,0,0,0,0,0,0,0,0,0,0,0,1,0,0,0,0,0,0,0,0,0,0,0,0,0,0,0,3,0,1,0,0,0,0,0,0,0,0,0,0,0,0,0,0,0,0,0,0,0,0,0,1,0,0,0,0,0,0,0,1,0,1,0,0,0,0,0,0,0,0,0,1,0,0,0,0,0,6,0,0,0,0,0,0,0,0,0,0,0,0,0,0,0,1,0,0,0,0,0,1,0,5,0,11,0,3,0,4,0,2,0,13,0,5,0,0,0,3,0,0,0,3,0,0,0,0,0,0,0,0,0,0,0,0,0,0,0,0,0,0,0,2,0,38,1,4,0,11,20,6,0,0,0,0,0,0,0,0,0,0,0,0,0,1,0,0,0,0,0,0,0,0,0,0
1,0,0,0,0,0,0,0,0,0,0,0,0,0,0,0,0,0,0,0,0,0,0,0,0,0,0,10,0,0,0,0,0,0,0,0,0,2,0,0,0,9,1,1,1,9,0,4,0,0,0,0,0,0,0,0,0,0,0,1,0,0,0,0,0,0,0,1,0,0,0,0,0,0,0,1,0,0,0,0,0,0,0,3,0,2,0,0,0,0,0,0,0,0,0,0,0,0,0,0,0,0,0,0,0,1,0,0,0,0,0,0,0,0,0,0,0,0,0,0,0,0,0,0,0,0,0,0,0,1,0,0,0,0,0,0,0,0,0,0,0,0,0,9,0,1,0,0,0,0,0,0,0,0,0,0,0,0,0,0,0,0,0,0,0,0,0,0,0,1,0,0,0,3,0,0,0,1,0,0,0,0,0,0,0,0,0,0,0,0,0,0,0,0,0,0,0,0,0,0,0,0,0,0,0,0,0,0,0,0,0,0,0,0,0,0,0,0,10,12,0,6,4,12,0,1,0,14,0,11,0,4,0,0,0,0,0,0,0,0,0,0,0,0,0,0,0,0,0
0,0,0,0,72,7,0,0,0,0,11,0,164,43,47,0,8,0,156,12,22,4,2,0,0,1,72,65,2,0,31,0,9,0,28,3,69,0,5,0,7,14,7,19,10,0,10,12,1,0,0,0,0,0,1,0,6,0,17,0,0,0,0,0,0,0,0,0,0,0,11,0,0,0,2,0,1,0,0,0,9,0,0,0,0,0,8,0,0,0,0,0,0,0,11,0,3,0,23,0,5,0,0,0,0,0,22,0,0,0,0,0,0,0,0,0,0,0,0,0,10,0,8,0,0,0,0,0,0,0,0,0,0,0,0,0,1,0,0,0,0,0,4,0,3,0,0,0,0,0,0,0,0,0,0,0,0,0,3,0,6,0,12,0,24,0,35,0,19,0,7,0,21,0,0,0,8,5,23,0,0,0,1,0,0,0,18,1,5,0,0,0,4,0,0,0,0,0,0,0,0,0,0,0,0,0,0,0,0,0,0,0,0,0,3,0,0,0,38,9,15,0,4,1,72,3,67,0,32,0,25,0,13,0,4,0,9,3,7,0,0,0,12,0,53,0,0,0,0
0,0,0,0,15,21,1,0,0,0,0,7,65,107,0,3,0,2,56,89,2,19,0,5,0,0,14,124,0,19,2,11,0,15,3,1,4,44,0,0,5,14,5,38,0,41,0,29,0,0,0,0,0,0,0,8,0,0,0,4,0,0,0,0,0,1,0,0,0,1,0,12,0,0,0,3,0,3,0,1,0,8,0,6,0,23,0,13,0,2,0,0,0,0,0,0,0,0,0,3,0,6,0,0,0,0,0,0,0,0,0,0,0,0,0,0,0,0,0,0,0,16,0,8,0,2,0,0,0,0,0,0,0,6,0,0,0,3,0,17,0,31,0,82,0,24,0,0,0,0,1,0,0,0,0,0,0,0,0,0,0,0,0,0,0,3,0,2,0,14,0,2,0,13,0,3,0,6,0,0,0,0,0,3,0,3,1,3,0,0,0,0,0,3,0,10,0,0,0,0,0,0,0,0,0,0,0,0,0,2,0,0,0,0,0,1,0,0,0,21,0,13,0,6,3,31,0,22,0,34,0,5,0,7,0,0,0,0,0,3,0,0,0,0,0,0,0,0,0
1,7,2,0,0,0,70,26,73,120,0,0,0,0,0,0,186,9,6,1,9,0,4,0,41,32,0,0,22,0,1,0,1,0,2,0,4,0,6,0,0,0,1,0,3,0,0,0,0,0,0,0,0,16,190,67,33,15,43,41,24,6,80,0,6,7,13,97,0,0,0,0,0,0,0,0,0,0,0,0,0,0,0,0,16,0,1,0,0,0,6,0,0,0,0,0,13,0,3,0,0,0,0,0,1,0,0,0,0,0,0,0,0,0,0,0,0,0,0,0,2,0,10,0,0,0,0,0,135,0,3,0,13,0,0,0,63,0,120,0,87,0,30,0,0,1,0,0,0,0,0,0,0,0,143,7,48,3,94,0,16,0,2,0,0,0,0,0,8,0,72,0,0,0,0,0,3,0,0,0,0,1,0,2,22,21,0,0,0,0,0,0,0,0,0,0,0,0,0,0,4,0,0,0,0,0,0,0,0,0,2,0,0,0,60,0,0,0,8,0,60,2,16,0,25,0,719,1,146,0,1,0,14,0,3,2,0,0,14,0,2,0,6,0,31,0,0,0,0
0,2,0,0,0,0,19,19,62,75,0,0,0,0,0,8,0,28,0,9,0,37,0,8,1,8,0,3,0,8,0,2,0,1,0,0,0,2,0,0,0,0,0,2,0,0,0,0,0,0,0,0,16,0,63,51,6,39,40,24,3,26,1,62,0,2,26,36,0,0,0,0,0,0,0,0,0,0,0,0,0,4,0,0,0,33,0,0,0,0,0,2,0,0,0,0,0,3,0,3,0,3,0,0,0,0,0,0,0,0,0,0,0,0,0,0,0,0,0,0,0,0,0,0,0,12,0,0,0,33,0,4,0,20,0,16,0,23,0,60,0,28,0,140,0,5,0,0,0,0,0,0,0,0,1,77,0,13,0,37,0,17,0,0,0,0,0,0,0,2,1,2,0,0,0,0,1,43,0,0,0,0,0,5,1,17,0,0,0,0,0,0,0,0,0,0,0,0,0,0,0,0,0,0,0,0,0,0,0,0,0,0,0,0,0,5,0,0,0,0,0,5,0,0,0,0,2,30,0,3,0,0,0,11,0,1,0,0,0,0,0,0,0,0,3,5,0,0,0
1,34,76,0,5,0,222,88,125,346,5,0,0,0,72,0,26,17,0,0,15,0,39,0,413,96,15,0,16,0,0,0,4,0,0,0,0,0,4,0,3,0,0,0,0,0,0,0,0,0,1,0,190,63,0,180,78,20,52,25,29,15,67,65,22,0,4,85,0,0,0,0,0,0,0,0,0,0,0,0,0,0,0,0,7,0,0,0,0,0,2,0,0,0,2,0,0,0,0,0,0,0,0,0,0,0,0,0,0,0,0,0,0,0,0,0,0,0,0,0,0,1,0,0,0,0,5,0,52,0,17,0,7,0,22,0,76,0,15,0,17,0,59,0,0,0,1,0,0,0,1,0,0,0,62,0,50,4,20,0,41,0,0,0,0,0,2,0,5,0,74,0,9,0,0,0,0,11,0,0,0,0,0,14,0,43,0,0,0,0,0,0,0,0,0,0,0,0,0,0,5,0,0,0,0,0,0,0,1,0,6,0,0,0,155,0,0,0,22,0,177,7,37,0,58,0,307,4,209,0,12,0,76,5,17,0,0,0,47,0,8,0,18,0,90,0,0,0,0
0,27,0,6,0,0,36,282,225,108,0,0,0,1,0,93,0,56,0,18,0,5,0,31,0,68,0,6,0,0,0,0,0,0,0,1,0,0,0,0,0,0,0,0,0,0,0,0,0,0,0,8,67,51,180,0,14,101,122,17,13,93,0,101,0,19,110,21,0,0,0,0,0,0,0,0,0,2,0,0,0,2,0,0,0,4,0,0,0,0,0,0,0,0,0,0,0,3,0,0,0,0,0,0,0,1,0,0,0,0,0,0,0,0,0,0,0,0,0,0,0,0,0,0,0,38,0,0,0,4,1,24,0,5,3,32,3,36,0,21,0,4,0,18,0,1,0,0,0,0,0,0,0,0,0,31,0,42,0,20,0,18,0,0,0,2,0,0,0,8,0,35,0,6,0,0,0,17,0,0,0,1,1,0,12,14,0,0,0,0,0,0,0,0,0,0,0,0,0,2,0,0,0,0,0,0,0,0,0,1,0,8,0,3,6,135,0,0,0,0,0,328,0,48,3,19,2,50,9,290,0,1,0,147,0,22,0,1,0,7,0,0,0,0,4,29,0,0,0
3,0,12,0,4,0,18,0,26,0,3,0,0,0,0,0,14,0,0,0,0,0,10,0,29,0,0,0,15,0,2,0,0,0,3,0,9,0,0,0,0,0,4,0,2,0,0,0,0,0,6,0,33,6,78,14,0,13,160,50,4,0,5,0,59,18,0,95,0,0,0,0,0,0,0,0,1,0,0,0,0,0,0,0,0,0,0,0,0,0,0,0,0,0,2,0,0,0,0,0,0,1,0,0,0,0,0,0,0,0,0,0,0,0,0,0,0,0,0,0,0,0,0,0,0,0,0,0,26,0,34,1,12,0,4,0,13,0,3,5,3,0,18,0,19,8,1,0,0,0,0,0,0,0,126,18,121,0,76,14,72,12,53,0,0,0,13,0,22,0,66,0,16,0,0,0,8,0,0,0,0,15,0,0,0,17,0,0,0,0,0,0,0,0,0,0,0,0,0,0,0,0,0,0,0,0,0,0,2,0,0,0,2,0,353,2,0,0,23,1,286,1,117,1,57,1,74,0,471,0,5,0,214,0,178,7,4,0,149,0,9,0,29,0,181,0,0,0,0
0,0,0,1,0,0,0,49,30,11,0,0,0,0,0,13,0,23,0,0,0,2,0,15,0,7,0,1,0,0,0,0,0,0,0,0,0,0,0,0,0,0,0,1,0,0,0,0,0,0,0,0,15,39,20,101,13,0,94,157,0,23,0,7,12,0,36,10,0,0,0,0,0,0,0,0,0,0,0,0,0,0,0,0,0,3,0,0,0,0,0,0,0,0,0,0,0,2,0,2,0,1,0,0,0,0,0,1,0,0,0,0,0,0,0,0,0,0,0,0,0,0,0,0,0,10,0,0,0,6,0,16,0,14,0,13,0,29,0,26,0,8,0,28,0,4,0,0,0,0,0,0,0,0,11,284,2,70,0,87,0,31,0,13,0,3,0,0,0,30,0,123,0,2,0,0,1,2,0,0,0,0,0,0,0,13,0,0,0,0,0,0,0,0,0,0,0,0,0,0,0,1,0,0,0,0,0,0,0,0,0,0,0,0,1,104,0,0,0,8,2,244,0,51,0,22,1,12,0,534,0,0,1,69,0,53,0,0,0,6,0,1,0,0,0,8,0,0,0
1,0,25,0,0,0,66,0,46,74,3,0,1,0,31,0,0,1,0,0,0,0,0,0,31,0,0,0,0,0,0,0,0,0,0,0,8,0,0,0,0,0,4,0,0,0,0,0,0,0,17,0,43,40,52,122,160,94,0,160,47,0,0,0,232,35,88,201,0,0,0,0,0,0,0,0,0,0,0,0,0,0,0,0,0,0,0,0,0,0,0,0,0,0,0,0,0,0,0,0,0,0,0,0,0,0,0,0,0,0,0,0,0,0,0,0,0,0,0,0,0,0,0,0,1,0,0,0,0,0,8,0,2,0,0,0,0,0,0,2,0,0,0,0,0,0,2,0,1,0,0,0,0,0,69,33,165,8,3,10,20,11,8,4,0,0,26,0,9,0,47,1,15,0,0,0,57,4,0,0,5,15,0,0,47,107,0,0,0,0,0,0,0,0,0,0,0,0,0,0,0,0,0,0,0,0,0,0,0,0,6,0,0,0,490,0,1,0,29,0,292,0,79,0,82,0,174,11,269,14,13,0,274,0,151,0,13,0,182,0,19,0,49,0,444,11,0,0,0
0,33,0,0,0,6,0,30,27,114,0,3,0,2,0,8,0,0,0,0,0,0,0,0,0,3,0,0,0,0,0,0,0,0,0,0,0,3,0,0,0,0,0,0,0,0,0,0,0,1,0,4,41,24,25,17,50,157,160,0,0,72,0,14,28,48,149,110,0,1,0,0,0,0,0,0,0,0,0,0,0,0,0,0,0,0,0,0,0,0,0,0,0,0,0,0,0,0,0,0,0,0,0,0,0,0,0,0,0,0,0,0,0,0,0,0,0,0,0,0,0,0,0,0,0,7,0,0,0,0,1,4,0,2,0,0,0,3,0,14,0,0,0,2,3,64,0,0,0,1,0,0,0,0,59,282,10,307,0,44,5,7,0,23,0,0,0,0,0,44,0,36,0,9,0,0,0,0,0,1,0,13,0,0,7,56,0,0,0,0,0,0,0,0,0,0,0,0,0,0,0,0,0,0,0,0,0,0,0,0,0,0,0,5,0,474,0,3,0,4,2,481,1,91,1,44,1,122,0,630,0,16,0,414,0,451,0,6,0,54,0,14,0,9,2,214,0,0,0
64,12,20,0,0,0,311,16,431,28,0,0,0,0,0,0,15,9,0,0,0,0,0,0,65,32,0,0,5,0,2,0,1,0,0,0,21,0,2,0,0,0,3,0,0,0,0,0,0,0,0,0,24,3,29,13,4,0,47,0,0,0,10,6,2,1,8,0,0,0,2,0,0,0,5,0,0,0,0,0,0,0,0,0,0,0,4,0,0,0,0,0,0,0,0,0,0,0,4,0,0,0,0,0,0,0,0,0,0,0,0,0,0,0,0,0,0,0,0,0,7,0,8,0,0,0,0,0,8,0,0,0,0,0,0,0,0,0,203,0,48,0,7,0,111,0,0,0,0,0,0,0,0,0,70,0,123,0,12,0,0,0,5,0,0,0,0,0,0,0,37,0,66,0,0,0,26,13,0,0,0,0,19,4,23,1,0,0,0,0,0,0,0,0,0,0,0,0,0,0,0,0,0,0,0,0,0,0,0,0,0,0,0,0,0,2,0,0,1,0,13,2,1,0,3,0,155,0,21,0,0,0,0,0,0,0,0,0,3,0,0,0,0,0,18,3,0,0,0
9,252,2,9,0,0,24,257,43,294,0,0,0,0,0,3,14,28,0,0,0,0,0,5,28,83,0,0,0,8,0,0,0,4,0,1,0,26,0,22,0,0,0,0,0,0,0,0,0,0,0,0,6,26,15,93,0,23,0,72,0,0,7,43,2,0,0,10,0,0,0,0,0,7,0,0,0,0,0,0,0,2,0,0,0,0,0,0,0,0,0,0,0,0,0,0,0,0,0,0,0,0,0,0,0,0,0,0,0,0,0,0,0,0,0,0,0,0,0,0,0,0,0,0,0,1,0,0,0,0,0,0,0,4,0,6,0,3,0,72,0,40,0,22,0,88,0,0,0,0,0,0,0,1,0,53,0,55,0,18,0,2,0,0,0,0,0,0,0,0,0,6,3,11,0,0,0,219,0,2,0,0,0,85,0,28,0,0,0,0,0,0,0,0,0,0,0,0,0,0,0,0,0,0,0,0,0,0,0,0,0,0,0,0,1,3,0,0,0,0,0,5,0,1,0,0,2,21,0,21,0,0,0,6,0,0,0,0,1,0,0,0,0,0,0,5,0,0,0
14,63,16,9,0,0,274,26,130,55,0,0,0,0,0,0,176,25,8,0,13,0,6,7,287,54,6,0,101,0,14,0,13,0,0,0,14,0,40,0,0,0,6,0,0,0,0,0,0,0,0,0,80,1,67,0,5,0,0,0,10,7,0,19,0,0,0,0,0,0,0,0,0,0,6,0,0,0,0,0,0,0,0,0,5,0,0,0,0,0,0,0,1,0,0,0,12,0,0,0,0,0,0,0,0,0,0,0,0,0,0,0,0,0,0,0,0,0,0,0,0,0,10,0,2,0,0,0,34,0,0,0,0,0,1,0,25,0,0,0,26,0,21,2,3,0,0,0,0,0,0,0,0,0,61,0,37,0,23,0,2,0,0,0,0,0,0,0,0,0,3,1,5,1,3,0,10,6,0,0,0,0,7,4,2,0,0,0,0,0,0,0,0,0,0,0,0,0,0,0,1,0,0,0,0,0,0,0,0,0,0,0,0,0,5,0,0,0,1,0,7,2,1,1,3,0,221,0,5,0,2,0,5,3,0,0,0,0,3,0,0,3,1,0,4,0,0,0,0
0,60,0,0,0,0,46,290,93,272,0,0,0,0,0,8,12,109,0,30,0,123,0,16,43,128,0,32,0,109,0,10,0,2,0,7,0,20,0,71,0,0,0,10,0,0,0,0,0,0,0,0,0,62,65,101,0,7,0,14,6,43,19,0,0,0,0,10,0,0,0,0,0,0,0,0,0,0,0,0,0,0,0,0,0,6,0,1,0,0,0,0,0,0,0,0,0,0,0,1,0,0,0,0,0,0,0,0,0,0,0,0,0,0,0,0,0,0,0,0,0,2,0,0,0,5,0,0,0,10,0,5,0,3,0,5,0,0,0,27,0,0,0,30,0,9,0,0,0,0,0,1,0,1,0,114,0,21,0,17,0,6,0,0,0,0,0,0,0,0,0,0,0,0,0,0,0,111,0,0,0,0,0,44,0,15,0,0,0,0,0,0,0,0,0,0,0,0,0,0,0,0,0,0,0,0,0,0,0,0,0,0,0,0,0,2,0,0,0,0,0,8,0,0,0,1,0,98,0,9,0,0,0,11,0,0,0,0,0,0,0,0,0,0,0,7,0,0,0
10,0,7,0,7,0,13,0,159,0,7,0,7,0,0,0,0,0,7,0,0,0,0,1,0,0,3,0,0,0,0,0,0,0,0,0,0,0,0,0,6,0,0,0,3,0,2,0,0,0,0,0,6,0,22,0,59,12,232,28,2,2,0,0,0,35,113,14,0,0,4,0,0,0,0,3,0,0,0,0,0,0,0,0,0,0,1,0,0,0,0,0,0,0,0,0,0,1,0,0,0,2,0,0,0,0,0,0,0,0,0,0,0,0,0,0,0,0,0,0,0,0,0,0,5,2,5,0,0,0,16,14,0,0,5,0,1,0,3,10,0,0,0,0,41,26,17,0,45,6,12,0,0,0,12,17,30,4,3,6,149,68,16,4,0,0,2,0,0,0,0,0,3,0,41,47,5,0,0,0,66,24,0,0,75,11,1,0,0,0,0,0,0,0,0,0,0,0,0,0,0,0,0,0,0,0,5,0,4,0,0,0,1,1,7,0,0,0,0,0,13,0,0,0,0,0,14,21,15,0,1,0,18,0,49,13,0,0,13,0,0,0,0,0,32,0,0,0,0
0,110,0,0,0,10,0,95,3,210,0,26,0,8,0,7,0,0,0,30,0,0,0,0,0,0,0,20,0,0,0,0,0,0,0,0,0,0,0,0,0,6,0,0,0,0,0,0,0,0,0,1,7,2,0,19,18,0,35,48,1,0,0,0,35,0,12,518,0,0,0,0,0,0,1,0,0,0,0,0,0,0,0,0,1,1,0,0,0,0,0,0,0,0,0,0,0,0,0,0,0,0,0,0,0,0,3,0,0,0,0,0,0,0,0,0,0,0,0,0,0,0,0,0,0,42,0,8,0,0,47,78,3,0,1,0,0,0,27,14,1,0,0,0,57,117,5,19,25,185,0,8,0,5,61,19,6,38,41,17,105,188,0,23,0,0,0,0,0,5,1,2,0,0,14,66,0,2,0,0,6,66,0,14,0,82,0,0,0,0,0,0,0,0,0,0,0,0,0,1,0,0,0,0,0,0,0,0,0,4,0,0,0,0,2,25,0,0,0,0,0,33,0,0,0,5,1,55,0,54,0,7,0,0,0,134,0,3,0,22,1,0,0,0,0,39,0,0,0
6,0,0,0,0,0,16,12,222,50,3,0,0,0,1,0,0,0,0,0,0,0,0,0,0,2,0,0,0,0,0,0,0,0,0,0,0,0,0,0,0,0,0,0,0,0,0,0,0,0,0,0,13,26,4,110,0,36,88,149,8,0,0,0,113,12,0,86,0,0,0,0,0,0,0,0,1,0,0,0,0,0,0,0,0,0,0,0,0,0,0,0,0,0,0,0,0,0,0,0,0,0,0,0,0,0,0,0,0,0,0,0,0,0,0,0,0,0,0,0,0,0,0,0,6,0,0,0,0,0,21,1,2,0,0,0,0,0,0,0,0,0,0,0,0,6,8,0,11,0,3,0,0,0,3,21,7,0,0,9,38,13,0,0,0,0,1,0,0,0,3,0,1,0,1,1,110,7,0,0,16,16,0,0,76,81,0,0,0,0,0,0,0,0,0,0,0,0,0,0,0,0,0,0,0,0,0,0,0,0,0,0,0,0,39,2,0,0,0,0,20,6,0,0,5,0,30,6,24,8,0,0,30,2,20,0,0,0,22,0,2,0,8,1,34,0,0,0,0
0,19,0,0,0,1,7,26,25,185,0,0,0,0,0,0,0,0,0,0,0,0,0,0,0,0,0,0,0,0,0,0,0,0,0,0,0,0,0,0,0,0,0,0,0,0,0,0,0,1,0,0,97,36,85,21,95,10,201,110,0,10,0,10,14,518,86,0,0,0,0,0,0,0,0,0,0,0,0,0,0,0,0,0,0,0,0,0,0,0,0,0,0,0,0,0,0,0,0,0,0,0,0,0,0,0,0,0,0,0,0,0,0,0,0,0,0,0,0,0,0,0,0,0,0,8,0,2,0,0,0,8,0,0,0,0,0,1,0,8,0,0,0,0,0,82,0,2,0,33,1,2,0,0,56,81,6,116,5,24,6,13,0,15,0,0,0,0,0,5,2,6,0,0,0,0,14,59,0,0,2,54,0,0,26,320,0,0,0,0,0,0,0,0,0,0,0,0,0,0,0,0,0,0,0,0,0,0,0,2,0,0,0,0,0,104,0,0,0,0,2,106,0,28,1,10,0,85,4,101,0,5,0,104,0,154,0,1,2,25,0,2,1,8,0,97,0,0,0
0,0,0,0,0,0,1,0,0,0,0,0,0,0,0,0,0,0,0,0,1,0,0,0,0,0,1,0,0,0,0,0,0,0,0,0,0,0,0,0,0,0,0,0,1,0,0,0,0,0,0,0,0,0,0,0,0,0,0,0,0,0,0,0,0,0,0,0,0,0,0,0,0,0,1,0,72,0,14,0,0,0,3,0,1,0,0,0,11,0,0,0,0,0,0,0,2,0,7,0,2,0,38,0,6,0,18,0,8,0,0,0,14,0,0,0,3,0,0,0,2,0,0,0,0,0,1,0,0,0,0,0,0,0,0,0,0,0,0,0,0,0,0,0,0,0,0,1,0,0,2,0,1,0,0,0,0,0,0,0,0,0,0,0,11,0,0,0,36,0,0,0,0,0,1,0,0,0,0,0,2,0,0,0,0,0,0,0,0,0,0,0,0,0,4,0,0,0,0,0,0,0,0,0,0,0,0,0,0,0,0,0,71,0,97,0,54,0,4,0,0,0,70,1,13,0,1,0,34,0,0,0,0,0,0,0,0,0,0,0,3,0,0,0,0,0,0,0,0
0,0,0,0,0,0,0,0,0,0,0,0,0,0,0,0,0,0,0,0,0,0,0,0,0,0,0,0,0,0,0,0,0,0,0,0,0,0,0,0,0,0,0,1,0,1,0,0,0,0,0,1,0,0,0,0,0,0,0,1,0,0,0,0,0,0,0,0,0,0,0,0,0,8,0,0,0,38,0,0,0,0,0,14,0,0,0,16,0,5,0,0,0,1,0,11,0,0,0,0,0,0,0,21,0,0,0,0,0,12,0,1,0,0,0,1,0,1,0,0,0,0,0,0,0,0,1,0,0,0,0,0,0,0,0,0,0,0,0,0,0,0,0,0,0,0,0,0,0,0,0,1,1,0,0,0,0,0,0,0,0,0,0,0,0,7,0,0,0,11,0,0,0,0,0,0,0,0,0,0,0,0,0,0,0,0,0,0,0,0,0,0,0,0,0,0,0,0,0,0,0,0,0,0,0,0,0,1,0,0,0,0,0,177,0,16,0,30,0,6,0,0,0,79,0,20,0,0,0,37,0,0,0,0,0,2,0,0,1,0,0,3,0,0,0,0,0,0,0
0,0,0,0,0,0,0,0,0,0,0,0,0,0,0,0,5,0,22,0,23,0,0,0,0,0,50,0,17,0,1,0,4,0,15,0,125,0,24,0,0,0,5,0,14,0,0,0,0,0,11,0,0,0,0,0,0,0,0,0,2,0,0,0,4,0,0,0,0,0,0,6,191,2,218,0,37,0,200,0,0,2,0,0,0,1,51,0,1,0,0,0,0,0,0,0,0,0,4,0,0,0,0,0,0,0,0,0,0,0,0,0,0,0,0,0,0,0,0,0,58,0,1,1,17,15,12,0,0,0,26,10,26,4,15,0,33,0,6,2,42,0,22,0,90,0,18,0,48,16,22,0,15,0,0,0,15,0,0,0,12,0,50,0,0,0,21,0,23,0,52,0,33,0,53,25,0,0,0,0,28,7,0,0,14,1,0,0,0,0,0,0,0,0,0,0,0,0,0,0,0,0,0,0,0,0,16,0,23,1,0,0,0,0,0,2,0,0,0,0,6,0,9,0,0,0,2,0,22,16,0,0,0,0,2,4,0,0,5,0,8,0,1,0,0,3,0,0,0
0,0,0,0,0,2,1,0,0,0,0,0,0,0,0,0,0,0,0,0,0,0,0,0,0,0,0,0,0,0,0,0,0,0,0,0,0,0,0,0,0,0,0,3,0,0,0,0,0,0,0,12,0,0,0,0,0,0,0,0,0,0,0,0,0,0,0,0,0,0,6,0,0,140,0,98,0,13,0,48,0,2,0,5,0,0,0,35,0,0,0,0,0,0,0,0,0,0,0,0,0,0,0,0,0,0,0,0,0,0,0,0,0,0,1,0,0,0,0,0,2,7,0,11,14,59,7,50,0,0,37,13,10,34,0,0,3,13,7,18,0,24,0,11,0,101,0,37,10,64,0,67,0,35,0,3,0,0,0,0,0,1,0,35,0,0,0,0,0,20,0,4,0,6,9,92,0,0,0,0,0,59,0,0,0,36,0,0,0,0,0,0,0,0,0,0,0,0,0,0,3,1,1,0,0,0,0,0,0,17,0,0,0,0,1,0,0,0,0,0,0,8,0,0,0,0,0,7,0,41,0,0,0,1,0,9,0,0,10,8,0,0,0,0,0,6,0,0,0
