0,403,101,107,127,0,60,169,76,43,173,16,300,0,57,68,38,68,72,0,0,0,11,152,0,290,83,0,43,0,0,0,40,0,0,0,40,0,288,25,37,0,26,0,21,0,88,0,7,0,18,0,2,0,9,6,0,0,0,0,72,7,4,43,22,0,6,0,0,0,0,0,0,0,0,0,0,0,0,0,0,0,0,0,0,0,0,0,0,0,0,0,0,0,0,0,0,0,0,0,0,0,0,0,0,0,6,0,0,0,0,0,0,0,0,0,0,0,0,0,0,0,0,0,0,0,10,0,2,0,20,0,0,0,28,0,3,0,0,0,0,0,0,0,1,0,0,0,17,0,16,0,0,0,0,0,0,0,0,0,7,0,0,0,0,0,0,0,10,0,3,0,159,0,2,0,394,87,0,1,0,0,75,0,25,0,0,0,0,0,2,0,0,0,0,0,0,0,8,0,3,0,0,0,0,0,3,0,9,0,632,309,220,0,355,0,7,1,9,7,0,0,0,0,0
403,0,383,45,37,237,101,103,78,89,74,222,0,174,0,29,192,26,0,99,0,0,339,35,360,17,0,236,51,123,4,0,16,150,0,0,0,168,99,384,0,28,0,0,0,0,0,174,0,0,0,0,1,14,0,56,0,6,0,14,0,122,5,58,0,16,0,2,0,0,0,0,0,0,0,0,0,0,0,0,0,0,0,2,0,0,0,0,0,0,0,0,0,0,0,0,0,0,0,0,0,0,0,0,0,0,0,0,0,0,0,0,0,0,0,0,0,0,0,2,0,0,0,0,0,8,0,0,0,0,0,63,0,0,0,71,0,22,0,0,0,0,0,0,0,0,0,81,0,64,1,35,0,134,0,0,0,0,0,0,0,8,0,1,0,0,0,0,3,18,0,9,0,140,0,23,144,538,9,18,0,43,39,14,0,39,0,3,0,0,0,0,0,0,0,0,0,3,0,0,0,0,0,0,0,0,0,0,0,21,10,17,0,0,624,0,0,0,985,254,389,216,0,9,0
101,383,0,141,105,0,188,0,26,0,58,87,38,0,238,190,81,62,45,0,34,0,518,187,105,111,0,0,277,26,225,0,205,69,0,0,68,0,534,0,4,0,0,0,11,0,0,0,6,0,0,0,12,0,91,0,17,0,14,0,62,8,0,12,11,0,3,0,0,0,0,0,0,0,0,0,0,0,1,0,0,0,0,0,0,0,0,0,0,0,0,0,0,0,0,0,21,0,0,0,0,0,0,0,0,0,0,0,0,0,0,0,0,0,0,0,0,0,0,0,0,0,0,0,16,0,51,0,50,0,101,0,0,0,452,0,178,0,0,0,0,0,84,0,0,0,0,0,21,0,48,0,0,0,3,0,0,1,0,0,23,0,0,0,9,0,79,0,22,0,19,0,276,0,0,0,97,60,0,0,0,0,7,0,18,0,0,0,0,0,2,0,0,0,0,0,0,0,70,0,54,0,0,0,0,0,47,0,150,0,731,176,617,272,739,0,31,0,0,0,24,0,0,0,0
107,45,141,0,0,275,0,115,0,6,96,22,0,67,21,204,50,34,0,146,40,104,172,291,0,64,0,138,0,301,0,65,0,118,0,0,0,22,68,178,0,9,0,0,0,0,0,69,0,0,0,0,0,0,0,78,0,23,0,14,3,14,0,3,0,0,0,0,0,0,0,0,0,0,0,0,0,0,0,0,0,0,0,0,0,17,0,0,0,2,0,0,0,0,0,0,0,0,0,0,0,0,0,0,0,0,0,0,0,0,0,0,0,0,0,0,0,0,0,0,0,0,0,0,0,0,0,0,0,0,0,8,0,0,0,55,0,13,0,0,0,0,0,0,0,0,0,0,0,0,0,0,0,0,0,0,0,0,0,1,0,0,0,0,0,0,0,14,0,15,0,3,10,142,0,0,28,25,7,0,0,0,0,0,0,0,0,0,0,0,0,0,0,0,0,0,0,0,0,0,0,0,0,0,0,0,0,0,0,20,0,0,0,0,163,0,0,0,170,27,259,75,0,3,1
127,37,105,0,0,368,6,0,22,0,102,172,410,213,239,234,7,0,159,196,58,103,109,82,14,0,273,174,0,0,203,43,313,161,37,47,200,61,66,0,65,0,24,11,0,0,156,0,4,0,0,0,0,0,0,0,0,0,0,0,1,0,0,0,7,1,0,0,0,0,0,0,0,0,3,0,0,0,0,0,0,0,0,0,0,0,0,0,0,0,0,0,0,0,0,0,0,0,0,0,0,0,0,0,0,0,0,0,0,0,0,0,0,0,0,0,0,0,0,0,0,0,0,0,0,0,0,0,0,0,3,0,0,0,29,0,0,0,0,0,0,0,0,0,0,0,0,0,11,0,0,0,0,0,0,0,0,0,0,0,6,0,1,0,26,0,222,0,71,0,5,0,74,3,0,0,54,76,5,0,11,0,30,0,14,0,0,0,0,0,0,0,0,0,0,0,0,0,0,0,0,0,0,0,0,0,0,0,0,0,577,357,548,127,373,0,0,0,22,0,61,0,0,0,0
0,237,0,275,368,0,0,45,0,22,349,143,192,238,423,152,0,8,76,107,140,82,0,132,0,18,0,218,0,36,97,119,121,203,0,47,73,91,0,19,12,17,2,0,0,4,0,108,0,0,27,22,0,0,0,0,0,0,0,0,0,0,0,0,0,0,0,0,0,0,0,0,0,0,0,0,0,0,0,0,0,0,0,0,0,0,0,0,0,0,0,0,0,0,0,0,0,0,0,0,0,0,0,0,0,0,0,51,0,0,0,0,0,0,0,0,0,0,0,0,0,0,0,0,0,0,0,0,0,0,0,0,0,0,0,60,0,11,0,9,0,8,0,0,0,0,0,0,0,0,0,14,0,25,0,1,0,2,0,0,0,0,0,0,0,0,0,96,0,70,0,3,0,108,0,0,26,207,42,34,0,21,0,3,0,0,0,0,0,0,0,0,0,0,0,0,0,0,0,0,0,0,0,0,0,0,0,0,0,17,18,0,77,0,219,0,0,0,429,387,392,0,0,0,0
60,101,188,0,6,0,0,0,136,134,0,0,0,0,0,0,8,0,8,0,0,0,24,0,199,135,0,0,27,0,0,0,0,0,0,0,0,0,134,0,0,0,0,0,0,0,0,0,19,0,0,0,48,0,140,0,28,0,13,0,269,19,198,71,0,0,5,0,0,0,0,0,0,0,0,0,0,0,0,0,0,0,0,0,0,0,0,0,0,0,0,0,2,0,0,0,0,0,0,0,0,0,0,0,0,0,0,0,0,0,0,0,0,0,0,0,0,0,0,0,0,0,0,0,0,0,17,0,72,0,56,0,0,0,80,0,52,0,0,0,0,0,13,0,0,0,4,0,3,0,15,0,0,0,2,0,4,0,0,0,37,0,1,0,0,0,7,0,5,0,83,0,139,0,0,0,27,24,0,0,0,0,3,0,0,0,0,0,0,0,0,0,0,0,0,0,0,0,0,0,0,0,0,0,0,0,0,0,24,0,911,118,519,361,944,4,95,0,4,2,0,0,0,0,0
169,103,0,115,0,45,0,0,192,16,0,17,0,24,0,33,0,4,0,32,0,42,0,20,113,128,0,0,0,126,0,0,0,19,0,10,0,10,23,184,0,0,0,0,0,0,0,0,0,0,0,0,0,22,22,283,0,23,0,22,0,97,20,156,0,0,0,0,0,0,0,0,0,0,0,0,0,0,0,0,0,0,0,0,0,8,0,0,0,0,0,0,0,0,0,0,0,0,0,0,0,0,0,0,0,0,0,41,0,0,0,0,0,0,0,0,0,0,0,0,0,0,0,0,0,4,0,0,0,15,0,13,0,0,0,85,0,19,0,10,0,2,0,0,0,0,0,0,0,0,0,0,0,0,0,0,0,0,0,0,0,0,0,0,0,12,0,6,0,17,0,37,0,189,0,0,55,70,0,0,0,0,0,0,0,0,0,0,0,0,0,0,0,0,0,0,0,0,0,0,0,0,0,0,0,1,0,0,0,16,0,0,0,0,601,0,0,0,495,76,517,343,0,45,0
76,78,26,0,22,0,136,192,0,797,61,0,77,0,40,0,0,0,54,0,0,0,0,0,0,218,47,0,6,2,0,0,10,0,0,0,0,0,15,1,0,0,17,0,0,0,41,0,3,0,0,0,8,100,5,219,10,47,209,322,190,18,58,103,60,31,140,388,0,0,0,0,0,0,0,0,0,0,0,0,0,0,0,0,0,0,0,0,0,0,0,0,0,0,0,0,2,0,0,0,0,0,0,0,0,0,7,0,0,0,0,0,0,0,0,0,0,0,0,0,0,0,0,0,8,0,12,0,6,0,75,0,0,0,29,0,1,0,0,0,0,0,0,0,0,0,5,0,62,0,22,0,16,0,0,8,3,9,0,0,31,0,0,0,0,0,0,0,2,0,52,0,108,0,0,0,503,110,4,0,2,0,27,0,100,13,0,0,0,0,0,0,0,0,0,0,0,0,8,0,2,0,0,0,0,0,2,0,11,0,653,145,230,125,359,4,34,1,0,0,0,0,0,0,0
43,89,0,6,0,22,134,16,797,0,0,18,1,1,0,0,10,0,0,20,0,0,0,4,98,16,0,0,2,0,0,0,0,7,0,0,0,0,0,0,0,0,0,0,0,0,0,0,0,0,0,3,46,27,170,211,17,10,75,176,0,42,56,33,0,131,0,149,0,0,0,0,0,0,0,0,0,0,0,0,0,0,0,0,0,0,0,0,0,0,0,0,0,0,0,0,5,0,0,0,0,0,0,0,0,0,0,0,0,0,0,0,0,0,0,0,0,0,0,0,0,0,0,0,1,12,0,12,0,5,0,68,0,0,0,56,7,17,0,0,0,0,6,0,0,0,0,82,0,118,0,13,0,56,0,9,0,5,0,0,0,59,0,2,0,7,0,6,0,12,0,0,0,62,0,0,155,400,0,2,0,0,6,10,0,65,0,0,0,0,0,0,0,0,0,0,0,0,0,0,0,0,0,0,0,0,0,0,0,19,0,0,0,0,788,0,0,0,641,178,238,263,2,61,0
173,74,58,96,102,349,0,0,61,0,0,142,636,27,17,319,0,13,0,124,17,96,3,88,0,0,60,54,0,0,40,42,142,93,0,0,107,23,49,0,64,0,30,0,30,0,97,0,8,0,20,0,0,0,0,0,0,0,1,0,0,0,0,0,0,0,0,0,0,0,0,0,0,0,0,0,0,0,0,0,0,0,0,0,0,0,0,0,0,0,0,0,0,0,0,0,0,0,0,0,1,0,0,0,0,0,0,0,0,0,0,0,0,0,0,0,0,0,0,0,0,0,0,0,0,0,1,0,0,0,4,0,0,0,0,0,0,0,0,0,0,0,0,0,0,0,3,0,10,0,51,0,38,0,0,0,0,0,0,0,0,0,0,0,22,0,56,0,21,0,2,0,39,0,27,0,216,113,35,1,52,0,69,0,39,0,7,3,0,0,0,0,0,0,0,0,0,0,3,0,0,0,0,0,0,0,0,0,0,0,287,287,219,62,156,0,0,0,44,0,62,0,0,0,0
16,222,87,22,172,143,0,17,0,18,142,0,25,598,208,21,12,0,0,47,115,0,126,37,0,0,10,135,0,31,32,31,81,245,0,12,33,80,7,75,4,179,0,0,0,2,0,248,0,40,0,5,0,0,0,9,0,0,0,1,0,6,0,0,0,2,0,1,0,0,0,0,0,0,0,0,0,0,0,0,0,0,0,0,0,0,0,0,0,0,0,0,0,1,0,0,0,0,0,0,0,0,0,0,0,0,0,0,0,0,0,0,0,0,0,0,0,0,0,0,0,0,0,0,0,0,0,0,0,0,0,13,0,0,0,35,0,4,0,0,0,0,0,0,0,0,0,26,0,21,0,50,0,113,0,0,0,2,0,0,0,0,0,0,0,7,0,0,0,10,0,0,0,37,0,48,16,208,9,49,0,78,0,33,0,26,0,16,0,0,0,0,0,0,0,0,0,0,0,0,0,3,0,0,0,0,0,0,0,5,16,0,0,0,109,0,0,0,231,257,134,42,7,0,0
300,0,38,0,410,192,0,0,77,1,636,25,0,516,11,17,0,0,24,283,10,44,6,0,2,0,33,786,0,0,0,8,12,0,13,58,78,22,0,0,167,70,55,47,69,119,216,645,29,46,77,54,0,0,0,0,0,0,0,0,0,0,0,0,0,0,0,0,0,0,0,0,0,0,0,0,0,0,0,0,0,0,0,0,0,0,0,0,0,0,0,0,0,0,0,0,0,0,0,0,0,0,0,0,0,0,0,0,0,0,0,0,0,0,0,0,0,0,0,0,0,0,0,0,0,0,0,0,1,0,0,0,0,0,0,0,0,0,0,0,0,0,0,0,0,0,0,0,24,0,27,0,0,0,0,0,0,0,0,0,0,0,1,0,45,0,0,0,0,1,0,0,0,0,16,0,81,180,130,0,0,0,71,0,60,0,275,0,0,0,0,0,0,0,0,0,0,0,0,0,0,0,0,0,0,0,0,0,12,0,65,143,150,0,0,1,0,0,0,0,10,0,0,0,0
0,174,0,67,213,238,0,24,0,1,27,598,516,0,113,0,0,0,394,29,47,0,0,0,0,0,205,35,0,0,52,0,54,0,131,15,79,37,0,0,12,96,63,18,0,1,0,100,1,57,139,74,0,0,0,0,0,0,0,0,0,0,0,0,0,0,0,0,0,0,0,0,0,0,0,2,0,0,0,0,0,0,0,0,0,0,0,0,0,0,0,0,0,0,0,0,0,0,0,0,0,0,0,0,0,0,0,0,0,0,0,1,0,0,0,0,0,0,0,0,0,0,0,0,0,0,0,1,0,0,0,0,0,0,0,0,0,0,0,0,0,0,0,0,0,0,0,0,0,0,0,0,0,0,0,0,0,0,0,0,0,0,0,0,0,30,0,11,3,22,0,0,0,0,0,0,0,627,27,45,0,64,0,14,0,20,6,50,0,0,0,0,0,0,0,0,0,0,0,0,0,0,0,0,0,0,0,0,0,0,8,0,0,0,11,0,0,0,0,107,144,0,0,0,0
57,0,238,21,239,423,0,0,40,0,17,208,11,113,0,278,38,1,245,159,167,137,308,72,74,0,248,71,0,8,247,66,213,222,28,0,104,72,0,0,0,0,12,0,5,0,21,21,0,0,23,4,0,0,0,0,0,0,0,0,0,0,12,1,2,0,0,0,0,0,0,0,0,0,0,0,0,0,0,0,0,0,0,0,0,0,0,0,0,0,0,0,0,0,0,0,73,0,0,0,0,0,0,0,0,0,0,0,0,0,0,0,0,0,0,0,0,0,0,0,0,0,0,0,0,0,0,0,0,0,0,0,0,0,123,0,36,0,3,0,0,0,0,0,0,0,0,0,13,0,32,0,5,0,0,0,0,0,0,0,0,0,0,0,0,0,94,0,20,0,0,0,0,0,0,0,19,30,0,0,0,0,26,0,56,0,0,0,0,0,0,0,0,0,0,0,0,0,0,0,37,0,0,0,0,0,0,0,55,0,131,257,126,31,68,0,4,0,0,0,0,0,0,0,0
68,29,190,204,234,152,0,33,0,0,319,21,17,0,278,0,31,33,0,341,217,80,335,112,0,122,0,133,0,4,59,115,128,81,0,38,39,30,65,8,0,0,0,0,0,0,0,18,1,0,0,1,0,0,0,64,0,0,0,0,0,0,0,13,0,0,0,0,0,0,0,0,0,0,0,0,0,0,0,0,0,0,0,0,0,124,0,0,0,0,0,0,0,0,0,0,0,0,0,0,0,0,0,0,0,0,0,164,0,0,0,0,0,0,0,0,0,0,0,0,0,0,0,0,0,0,0,2,0,32,1,0,0,0,0,254,0,35,0,24,0,0,0,37,0,0,0,0,0,0,0,0,0,0,0,3,0,0,0,0,0,0,0,0,0,0,0,68,0,32,0,4,0,21,0,0,19,26,0,2,0,0,0,0,0,1,2,0,0,0,0,0,0,0,0,0,0,0,0,0,0,0,0,0,0,0,0,0,0,32,31,23,30,0,50,0,0,0,86,230,68,14,0,0,0
38,192,81,50,7,0,8,0,0,10,0,12,0,0,38,31,0,69,160,0,509,0,141,138,64,97,140,0,276,20,83,0,15,19,65,0,0,0,85,24,0,0,5,0,13,0,0,0,0,0,33,0,81,0,20,3,0,0,0,0,23,2,122,7,0,0,0,0,0,0,9,0,0,0,0,0,0,0,0,0,46,0,0,0,154,0,27,0,0,0,96,0,0,0,0,0,185,0,98,0,0,0,0,0,0,0,58,0,0,0,0,0,0,0,0,0,0,0,0,0,18,0,67,0,0,1,0,0,10,0,0,0,0,0,0,0,129,0,344,0,95,0,301,0,12,0,0,0,0,0,3,0,0,0,13,0,0,0,15,0,0,0,0,0,0,0,2,0,0,0,1,0,35,2,0,0,10,8,0,0,0,0,0,0,0,0,0,0,0,0,0,0,0,0,0,0,0,0,0,0,44,0,0,0,0,0,0,0,0,0,29,238,35,0,16,0,0,0,0,0,3,0,0,0,0
68,26,62,34,0,8,0,4,0,0,13,0,0,0,1,33,69,0,0,37,8,79,102,96,41,39,0,0,25,126,0,22,0,11,0,16,0,3,58,7,0,0,0,0,0,0,0,0,0,0,0,0,0,53,0,16,0,19,0,0,0,0,0,239,0,0,0,0,0,0,0,0,0,0,0,0,0,0,0,0,0,29,0,0,0,226,0,0,0,0,0,0,0,0,0,0,0,0,0,59,0,93,0,0,0,4,0,95,0,0,0,0,0,0,0,0,0,0,0,0,0,0,0,0,0,0,0,0,0,56,0,2,0,0,0,212,0,116,0,154,0,63,0,151,0,0,0,0,0,0,0,0,0,0,0,28,0,0,0,16,0,11,0,0,0,0,0,4,0,0,0,0,8,13,0,0,2,3,0,0,0,0,0,0,0,0,0,0,0,0,0,0,0,0,0,0,0,0,0,0,0,0,0,0,0,0,0,0,0,0,0,3,0,0,8,0,0,0,16,140,18,0,0,0,0
72,0,45,0,159,76,8,0,54,0,0,0,24,394,245,0,160,0,0,183,226,31,175,0,78,0,149,438,0,0,25,0,23,0,120,43,99,14,0,0,10,27,73,39,5,35,61,237,0,5,243,41,0,0,36,0,0,0,0,0,0,0,0,0,0,0,0,0,0,0,0,0,0,0,8,0,0,0,0,0,0,0,0,0,73,0,37,0,0,0,100,0,0,0,0,0,180,0,110,0,0,0,0,0,0,0,0,0,0,0,0,0,0,0,0,0,0,0,0,0,22,0,0,0,0,0,0,0,0,0,0,0,0,0,0,0,0,0,0,0,0,0,0,0,8,0,0,0,12,0,63,0,0,0,0,0,0,0,0,0,0,0,4,0,67,0,26,0,37,0,0,0,6,0,0,0,6,17,0,0,0,0,60,0,40,0,3,0,0,0,0,0,0,0,0,0,0,0,0,0,62,0,0,0,0,0,0,0,35,0,95,261,222,26,33,0,0,0,2,0,9,0,0,0,0
0,99,0,146,196,107,0,32,0,20,124,47,283,29,159,341,0,37,183,0,52,183,0,226,0,50,0,542,0,0,51,29,75,20,0,246,86,165,0,0,9,4,10,103,0,10,0,102,0,15,38,178,0,0,0,0,0,0,0,0,0,0,0,185,0,0,0,0,0,0,0,0,0,0,0,20,0,0,0,0,0,0,0,0,0,411,0,0,0,0,0,0,0,0,0,0,0,0,0,0,0,0,0,0,0,0,0,0,0,0,0,0,0,0,0,0,0,0,0,0,0,26,0,0,0,0,0,0,0,0,0,0,0,0,0,0,0,0,0,0,0,0,0,142,0,0,0,0,0,39,0,0,0,0,0,0,0,0,0,4,0,0,0,0,8,29,0,58,0,72,0,0,0,0,0,0,5,49,20,14,1,0,0,12,0,13,0,0,0,0,0,0,0,0,0,0,0,0,0,0,0,0,0,0,0,0,0,0,0,31,8,0,23,0,51,0,0,0,167,292,186,27,0,0,0
0,0,34,40,58,140,0,0,0,0,17,115,10,47,167,217,509,8,226,52,0,65,141,72,64,0,113,61,52,0,334,28,242,120,82,0,24,47,20,0,1,0,10,0,0,0,0,31,0,0,52,0,56,0,35,0,0,0,0,0,0,0,112,0,0,0,0,0,11,0,42,0,21,0,74,0,0,0,0,0,223,0,0,0,366,0,172,0,0,0,467,0,0,0,0,0,505,0,414,0,173,0,0,0,0,0,0,0,0,0,0,0,0,0,0,0,0,0,0,0,180,0,198,0,0,0,0,0,0,1,0,0,0,0,0,0,70,0,104,0,104,0,314,0,82,0,0,0,0,0,46,0,0,0,2,0,3,0,0,0,0,0,0,0,7,0,33,0,61,0,0,1,16,0,0,0,0,8,0,0,0,0,0,0,0,0,0,0,0,0,0,0,0,0,0,0,0,0,17,0,110,0,0,0,0,0,0,0,20,0,70,207,98,0,25,0,0,0,0,0,14,0,0,0,0
0,0,0,104,103,82,0,42,0,0,96,0,44,0,137,80,0,79,31,183,65,0,16,192,0,64,9,250,0,19,21,25,48,26,0,41,32,25,0,0,4,0,0,33,0,58,0,2,0,3,5,19,0,23,0,0,0,0,0,0,0,0,0,260,0,0,0,0,0,0,0,0,0,0,0,0,0,0,0,0,0,0,0,0,0,301,0,0,0,0,0,0,0,0,0,0,0,0,0,0,0,92,0,0,0,0,0,0,0,0,0,0,0,0,0,0,0,0,0,0,0,0,0,0,0,0,0,0,0,23,0,0,0,0,0,153,0,140,0,207,0,325,0,243,0,30,0,0,0,0,0,0,0,0,0,0,0,0,0,0,0,0,0,0,0,0,0,27,0,21,0,0,0,10,0,0,0,44,3,5,0,0,0,0,0,0,0,0,0,0,0,0,0,0,0,0,0,0,0,0,0,0,0,0,0,0,0,0,0,0,15,0,0,0,23,0,0,0,122,311,76,0,0,0,0
11,339,518,172,109,0,24,0,0,0,3,126,6,0,308,335,141,102,175,0,141,16,0,368,137,63,72,0,43,45,55,0,20,167,0,0,14,39,52,52,0,0,5,0,35,0,0,0,2,0,7,0,56,0,281,0,0,1,0,0,6,0,40,3,0,0,0,0,0,0,0,0,0,0,0,0,0,0,0,0,0,0,0,0,52,0,0,0,0,0,149,0,0,0,0,0,276,0,0,0,0,0,0,0,11,0,234,0,0,0,0,0,0,0,0,0,0,0,0,0,0,0,0,0,0,0,29,0,0,0,0,0,0,0,111,0,150,0,89,0,0,0,242,0,0,0,0,0,2,0,42,0,0,0,3,0,0,0,0,0,0,0,0,0,0,0,0,1,0,0,0,0,26,0,0,0,28,32,0,8,0,0,9,0,8,0,0,0,0,0,0,0,0,0,0,0,0,0,0,0,163,0,0,0,0,0,0,0,44,0,25,231,29,9,21,0,0,0,34,8,25,0,0,0,0
152,35,187,291,82,132,0,20,0,4,88,37,0,0,72,112,138,96,0,226,72,192,368,0,31,134,0,82,37,10,17,11,0,0,0,30,23,9,113,11,0,0,0,0,0,0,0,0,0,0,6,0,0,10,0,27,0,10,0,9,0,3,0,179,0,0,0,0,0,0,0,0,0,0,0,0,0,0,0,0,0,0,0,0,0,194,0,0,0,0,0,0,0,0,0,0,0,62,0,0,0,82,0,0,0,0,0,149,0,0,0,0,0,0,0,0,0,0,0,0,0,0,0,1,0,0,0,0,0,15,0,0,0,0,0,239,0,70,0,47,0,35,0,46,0,0,0,0,0,4,0,0,0,0,0,5,0,0,0,0,0,3,0,0,0,0,0,41,0,0,0,0,16,27,0,0,5,28,0,2,0,0,0,0,0,4,0,0,0,0,0,0,0,0,0,0,0,0,0,0,0,24,0,0,0,0,0,0,0,11,30,10,19,0,0,0,0,0,40,288,38,0,0,0,0
0,360,105,0,14,0,199,113,0,98,0,0,2,0,74,0,64,41,78,0,64,0,137,31,0,232,0,0,80,7,5,0,1,0,0,0,0,3,83,12,0,0,0,0,0,0,0,0,0,0,0,0,21,34,219,19,21,0,12,0,72,17,85,89,0,0,0,0,0,0,0,0,0,0,0,0,0,0,0,0,0,0,0,0,0,0,0,0,0,0,0,0,0,0,0,0,58,0,0,0,0,0,0,0,0,0,38,0,0,0,0,0,0,0,0,0,0,0,0,0,0,0,0,0,0,0,2,0,62,0,0,0,0,0,87,0,138,0,61,0,0,2,112,2,0,0,0,0,0,0,0,0,0,0,2,0,0,0,7,0,0,0,0,0,0,0,0,0,0,0,3,0,65,0,0,0,0,14,0,0,0,0,0,0,0,0,0,0,0,0,0,0,0,0,0,0,0,0,13,0,48,0,0,0,0,0,2,0,13,0,66,135,95,37,74,0,9,0,0,0,0,0,0,0,0
290,17,111,64,0,18,135,128,218,16,0,0,0,0,0,122,97,39,0,50,0,64,63,134,232,0,0,21,31,149,1,0,0,21,0,0,0,0,61,55,0,0,0,0,0,0,0,0,0,0,0,5,3,32,0,192,0,48,0,0,0,13,14,78,0,0,0,0,0,0,0,0,0,0,0,0,0,0,0,0,0,0,0,0,0,30,0,0,0,0,0,11,0,0,0,0,0,0,0,0,0,23,0,0,0,0,0,68,0,0,0,0,0,0,0,0,0,0,0,0,0,0,0,0,0,0,0,0,0,65,0,0,0,0,0,244,0,86,0,51,0,0,0,0,0,0,0,0,0,0,0,0,0,0,0,10,0,0,0,8,0,0,0,0,0,0,0,0,0,0,0,6,0,34,0,0,16,10,0,0,0,0,0,0,0,0,0,0,0,0,0,0,0,0,0,0,0,0,0,0,0,32,0,0,0,0,0,0,0,16,1,2,0,0,62,0,0,0,110,240,48,38,0,1,0
83,0,0,0,273,0,0,0,47,0,60,10,33,205,248,0,140,0,149,0,113,9,72,0,0,0,0,375,24,0,28,0,0,0,15,0,135,0,4,0,4,124,221,50,89,199,73,864,9,165,337,20,12,0,0,0,0,0,0,0,25,0,0,0,0,0,0,0,0,1,54,0,0,0,0,0,0,0,0,0,0,0,0,0,202,0,0,0,0,0,0,0,0,0,0,0,0,0,0,0,0,0,0,0,0,0,0,0,0,0,0,0,0,0,0,0,0,0,0,0,108,0,114,0,6,0,0,0,0,0,0,0,0,0,0,0,0,0,0,0,0,0,106,0,103,0,0,0,20,0,0,0,0,0,0,0,0,0,0,0,0,0,0,0,187,0,12,0,105,0,0,0,12,0,0,0,0,45,0,0,0,0,60,0,63,0,84,0,0,0,0,0,0,0,0,0,1,0,0,0,0,0,0,0,0,0,0,0,0,0,49,337,439,33,34,0,0,6,4,0,0,0,0,0,2
0,236,0,138,174,218,0,0,0,0,54,135,786,35,71,133,0,0,438,542,61,250,0,82,0,21,375,0,0,0,41,4,41,0,139,52,56,80,0,0,56,27,131,206,21,105,94,247,3,26,216,194,0,0,0,0,0,0,0,0,0,0,0,67,0,0,0,0,0,0,0,0,0,0,0,0,0,0,0,6,0,0,0,0,0,540,0,72,0,0,0,0,0,7,0,58,0,0,0,0,0,0,0,0,0,0,0,0,0,0,0,0,0,0,0,0,0,0,0,0,0,0,0,0,0,0,0,0,0,0,0,7,0,0,0,173,0,130,0,106,0,204,0,308,0,50,0,0,0,0,0,0,3,23,0,0,0,0,0,0,0,0,0,7,9,237,0,23,0,131,0,0,0,16,0,0,0,85,27,13,0,0,0,0,0,14,19,0,0,45,0,0,0,0,0,0,0,0,0,0,1,22,0,0,0,0,0,0,0,0,0,14,0,1,51,0,0,0,177,883,576,46,3,0,21
43,51,277,0,0,0,27,0,6,2,0,0,0,0,0,0,276,25,0,0,52,0,43,37,80,31,24,0,0,0,53,0,30,3,133,0,87,0,3,0,0,0,0,0,0,0,0,0,0,0,85,0,14,0,0,0,0,0,0,0,5,1,20,0,0,0,0,0,0,0,0,0,0,0,5,0,0,0,0,0,0,0,0,0,26,0,13,0,0,0,0,0,0,0,0,0,34,0,24,0,0,0,0,0,0,0,0,0,0,0,0,0,0,0,0,0,0,0,0,0,13,0,20,0,0,0,0,0,0,0,0,0,0,0,0,0,17,0,122,0,83,0,36,0,24,0,0,0,0,0,0,0,0,0,3,0,3,0,0,0,1,0,0,0,0,0,0,0,0,0,0,0,0,0,0,0,0,0,0,0,1,0,0,0,0,0,0,0,0,0,0,0,0,0,0,0,0,0,0,0,0,0,0,0,0,0,0,0,4,0,0,16,0,0,0,0,0,0,0,0,0,0,0,0,0
0,123,26,301,0,36,0,126,2,0,0,31,0,0,8,4,20,126,0,0,0,19,45,10,7,149,0,0,0,0,0,9,0,50,0,59,0,10,6,1,0,0,0,7,0,0,0,0,0,0,0,16,0,22,0,0,0,0,0,0,0,3,0,182,0,0,0,0,0,0,0,0,0,0,0,0,0,0,0,0,0,0,0,0,0,96,0,0,0,0,0,0,0,0,0,0,0,0,0,0,0,0,0,0,0,0,0,0,0,0,0,0,0,0,0,0,0,0,0,0,0,0,0,3,0,0,0,0,0,5,0,0,0,0,0,0,0,65,0,115,0,82,0,58,0,4,0,0,0,2,0,0,0,0,0,14,0,0,0,7,0,0,0,0,0,0,0,0,0,0,0,0,0,0,0,0,0,7,2,1,0,0,1,0,0,0,0,0,0,0,0,0,0,0,0,0,0,0,0,0,0,0,0,0,0,0,0,0,0,0,0,0,0,0,0,0,0,0,0,63,0,2,0,0,0
0,4,225,0,203,97,0,0,0,0,40,32,0,52,247,59,83,0,25,51,334,21,55,17,5,1,28,41,53,0,0,21,13,42,186,14,34,0,2,0,0,0,0,1,0,0,0,11,0,0,58,0,4,0,0,0,0,0,0,0,0,0,18,0,0,0,0,0,0,0,0,0,0,0,0,0,0,0,0,0,49,0,0,0,0,0,35,0,0,0,0,0,0,0,0,0,27,0,0,0,0,0,0,0,0,0,0,0,0,0,0,0,0,0,0,0,0,0,0,0,31,0,43,0,0,0,0,0,0,0,0,0,0,0,0,0,0,0,0,0,38,0,21,0,21,0,0,0,0,0,0,0,0,0,0,0,0,0,0,0,0,0,0,0,1,0,7,0,0,0,0,0,1,0,0,0,12,4,0,1,0,0,5,0,0,0,0,0,0,0,0,0,0,0,0,0,0,0,0,0,0,0,0,0,0,0,0,0,0,0,25,74,25,6,16,0,0,0,0,0,0,0,0,0,0
0,0,0,65,43,119,0,0,0,0,42,31,8,0,66,115,0,22,0,29,28,25,0,11,0,0,0,4,0,9,21,0,25,0,0,26,8,2,0,2,0,0,0,0,0,0,0,0,0,0,0,3,0,0,0,0,0,0,0,0,0,0,0,46,0,0,0,0,0,0,0,0,0,0,0,0,0,0,0,0,0,0,0,0,0,0,0,0,0,0,0,4,0,0,0,0,0,0,0,0,0,0,0,0,0,0,0,0,0,0,0,0,0,0,0,0,0,0,0,0,0,0,0,0,0,0,0,0,0,0,0,0,0,0,0,0,0,0,0,20,0,43,0,25,0,0,0,0,0,0,0,0,0,0,0,0,0,0,0,0,0,0,0,0,0,0,0,0,0,0,0,0,0,0,0,0,0,26,0,9,0,0,0,0,0,0,0,0,0,0,0,0,0,0,0,0,0,0,0,0,0,0,0,0,0,2,0,0,0,0,0,0,0,1,14,0,0,0,40,74,21,6,0,0,0
40,16,205,0,313,121,0,0,10,0,142,81,12,54,213,128,15,0,23,75,242,48,20,0,1,0,0,41,30,0,13,25,0,69,52,0,62,24,4,0,0,0,3,0,0,0,0,10,0,0,11,3,0,0,0,0,0,0,0,0,38,1,24,0,0,0,0,0,0,0,0,0,0,0,6,0,0,0,0,0,0,0,0,0,0,0,20,0,0,0,0,0,0,0,0,0,0,0,0,0,0,0,0,0,0,0,0,0,0,0,0,0,0,0,0,0,0,0,0,0,17,0,18,0,0,0,0,0,0,0,0,0,0,1,0,0,0,0,61,0,53,0,13,0,44,0,0,0,0,0,0,0,0,0,0,0,5,0,0,0,0,0,0,0,0,0,39,0,3,0,0,0,3,0,0,0,32,0,0,0,0,0,12,0,0,0,0,1,0,0,0,0,0,0,0,0,0,0,0,0,0,0,0,0,0,0,0,0,0,0,13,71,35,0,11,0,0,0,0,0,0,0,0,0,0
0,150,69,118,161,203,0,19,0,7,93,245,0,0,222,81,19,11,0,20,120,26,167,0,0,21,0,0,3,50,42,0,69,0,0,59,13,115,0,0,0,0,0,20,0,0,0,0,0,0,0,44,0,15,0,0,0,0,0,0,0,20,0,76,0,1,0,0,0,0,0,0,0,0,0,0,0,0,0,0,0,0,0,0,0,0,0,0,0,0,0,0,0,0,0,0,0,0,0,0,0,0,0,0,0,0,0,0,0,0,0,0,0,0,0,0,0,0,0,0,0,0,0,0,0,0,0,0,0,0,0,0,0,0,0,0,0,30,0,108,0,133,0,43,0,61,0,0,0,0,0,0,0,0,0,5,0,23,0,16,0,0,0,0,0,0,6,37,0,14,0,0,0,20,0,0,4,69,0,47,0,0,0,0,0,12,0,0,0,0,0,0,0,0,0,0,0,0,0,0,0,0,0,0,0,0,0,0,0,0,17,0,0,0,0,0,0,0,41,106,32,20,0,0,0
0,0,0,0,37,0,0,0,0,0,0,0,13,131,28,0,65,0,120,0,82,0,0,0,0,0,15,139,133,0,186,0,52,0,0,8,36,7,8,0,1,9,37,0,2,11,0,112,1,0,124,0,0,0,0,0,0,0,0,0,0,0,0,0,0,0,0,0,0,0,18,0,0,0,0,0,0,0,0,0,73,0,0,0,69,0,0,0,0,0,77,0,0,0,0,0,0,0,0,0,0,0,0,0,0,0,0,0,0,0,0,0,0,0,0,0,0,0,0,0,0,0,50,0,0,0,0,0,0,0,0,0,0,0,0,0,0,0,0,0,0,0,30,0,43,0,0,0,0,0,6,0,0,0,1,0,0,0,0,0,0,2,0,0,40,0,29,0,32,0,0,0,7,0,1,0,0,10,0,0,0,0,4,0,0,0,0,0,0,0,0,0,0,0,0,0,0,0,0,0,0,0,0,0,0,0,0,0,0,0,79,109,117,0,23,0,0,0,0,0,0,0,0,0,0
0,0,0,0,47,47,0,10,0,0,0,12,58,15,0,38,0,16,43,246,0,41,0,30,0,0,0,52,0,59,14,26,0,59,8,0,18,29,0,34,0,0,3,27,0,0,0,0,0,0,0,26,0,0,0,0,0,5,0,0,0,13,0,41,0,0,0,0,0,0,0,0,0,4,0,0,0,0,0,0,0,0,0,0,0,110,0,0,0,0,0,0,0,0,0,0,0,0,0,0,0,0,0,0,0,0,0,0,0,0,0,0,0,0,0,0,0,0,0,0,0,0,0,0,0,0,0,0,0,0,0,0,0,0,0,38,0,46,0,121,0,172,0,102,0,53,0,0,0,0,0,0,0,0,0,0,0,13,0,0,0,0,0,0,0,14,4,60,0,43,0,0,0,25,0,0,0,15,0,3,0,1,0,0,0,0,0,0,0,0,0,0,0,0,0,0,0,0,0,0,0,0,0,0,0,0,0,0,0,0,2,0,0,0,50,0,0,0,149,213,169,29,0,0,0
40,0,68,0,200,73,0,0,0,0,107,33,78,79,104,39,0,0,99,86,24,32,14,23,0,0,135,56,87,0,34,8,62,13,36,18,0,7,53,0,0,0,50,5,12,0,0,25,0,0,119,0,14,0,0,0,0,0,0,0,95,0,27,0,2,0,0,0,0,0,41,0,0,0,35,0,0,0,0,0,112,0,0,0,75,0,78,0,0,0,90,0,0,0,0,0,45,0,222,0,0,0,0,0,0,0,44,0,0,0,0,0,0,0,0,0,0,0,0,0,75,0,90,0,0,1,0,0,0,0,0,0,0,0,0,0,0,0,156,0,218,0,29,0,201,0,0,0,0,0,0,0,0,0,0,0,31,0,4,0,0,3,16,0,25,0,53,0,46,0,36,0,61,0,0,0,21,14,9,0,0,0,11,0,0,0,0,0,0,0,0,0,0,0,0,0,0,0,0,0,0,0,0,0,2,0,0,0,2,0,43,57,77,19,17,0,2,0,0,0,0,0,0,0,0
0,168,0,22,61,91,0,10,0,0,23,80,22,37,72,30,0,3,14,165,47,25,39,9,3,0,0,80,0,10,0,2,24,115,7,29,7,0,0,52,0,0,0,116,0,27,0,0,0,0,0,68,0,10,0,0,0,0,0,0,0,75,0,33,0,0,0,0,0,0,0,0,0,0,0,12,0,0,0,0,0,0,0,0,0,249,0,23,0,0,0,0,0,0,0,0,0,0,0,0,0,0,0,0,0,0,0,0,0,0,0,0,0,0,0,0,0,0,0,0,0,48,0,9,0,0,0,0,0,0,0,0,0,0,0,0,0,26,0,92,0,193,0,148,0,142,0,0,0,0,0,0,0,0,0,8,0,88,0,0,0,0,0,0,0,9,0,58,1,46,0,0,0,41,0,0,0,14,0,55,0,0,0,0,0,4,0,1,0,0,0,0,0,0,0,0,0,0,0,0,0,0,0,0,0,0,0,0,0,0,0,1,0,0,16,0,0,0,71,86,128,14,0,0,0
288,99,534,68,66,0,134,23,15,0,49,7,0,0,0,65,85,58,0,0,20,0,52,113,83,61,4,0,3,6,2,0,4,0,8,0,53,0,0,7,0,0,0,0,0,0,0,0,0,0,8,0,5,1,3,0,0,0,2,0,33,0,18,0,0,0,0,0,0,0,1,0,0,0,0,0,0,0,0,0,0,0,0,0,7,0,0,0,0,0,7,0,0,0,0,0,5,0,0,0,0,0,0,0,0,0,0,0,0,0,0,0,0,0,0,0,0,0,0,0,3,0,0,0,0,0,0,0,0,0,0,0,0,0,0,0,0,0,44,0,44,0,11,0,19,0,0,0,0,0,0,0,0,0,1,0,7,0,0,0,0,0,0,0,0,0,9,0,1,0,0,0,93,0,0,0,30,17,2,0,0,0,15,0,2,0,0,0,0,0,0,0,0,0,0,0,0,0,0,0,0,0,0,0,0,0,0,0,0,0,3,117,15,2,0,0,0,0,6,2,0,0,0,0,0
25,384,0,178,0,19,0,184,1,0,0,75,0,0,0,8,24,7,0,0,0,0,52,11,12,55,0,0,0,1,0,2,0,0,0,34,0,52,7,0,0,0,0,0,0,0,0,0,0,0,0,9,0,43,1,10,0,5,0,0,0,17,0,59,0,0,0,0,0,0,0,0,0,0,0,0,0,0,0,0,0,0,0,0,0,0,0,0,0,0,0,0,0,0,0,0,0,0,0,0,0,0,0,0,0,0,0,0,0,0,0,0,0,0,0,0,0,0,0,0,0,0,0,0,0,0,0,0,0,10,0,0,0,0,0,0,0,35,0,158,0,132,0,60,0,54,0,0,0,0,0,0,0,0,0,13,0,23,0,23,0,0,0,0,0,0,0,0,0,0,0,0,0,16,0,1,1,12,0,16,0,0,0,0,0,0,0,0,0,0,0,0,0,0,0,0,0,0,0,0,1,0,0,0,0,0,0,1,0,0,0,0,0,0,4,0,0,0,0,110,3,0,0,0,0
37,0,4,0,65,12,0,0,0,0,64,4,167,12,0,0,0,0,10,9,1,4,0,0,0,0,4,56,0,0,0,0,0,0,1,0,0,0,0,0,0,37,15,0,12,101,156,278,83,262,0,0,0,0,0,0,0,0,0,0,0,0,0,0,0,0,0,0,0,0,0,0,0,0,0,0,0,0,0,0,0,1,0,0,0,0,0,0,0,0,0,0,0,0,0,4,0,0,0,0,0,0,0,0,0,0,0,0,0,0,0,0,0,0,0,0,0,0,0,0,0,0,0,0,0,0,0,0,0,0,0,0,0,0,0,0,0,0,0,0,0,0,0,0,0,0,0,0,2,0,0,0,0,0,0,0,0,0,0,0,0,0,0,0,0,0,0,0,0,0,0,0,0,0,0,0,15,14,63,0,0,0,20,0,14,0,201,0,0,0,0,0,0,0,0,0,0,0,0,0,0,0,0,0,0,0,0,0,0,0,0,36,0,0,2,0,0,3,0,13,12,0,0,0,22
0,28,0,9,0,17,0,0,0,0,0,179,70,96,0,0,0,0,27,4,0,0,0,0,0,0,124,27,0,0,0,0,0,0,9,0,0,0,0,0,37,0,39,0,17,16,31,162,0,67,20,0,0,0,0,1,0,0,0,0,0,0,0,0,0,0,0,0,0,0,0,0,0,0,0,0,0,0,0,0,0,0,0,0,0,0,0,0,0,0,0,0,0,0,0,0,0,0,0,0,0,0,0,0,0,0,0,0,0,0,0,0,0,0,0,0,0,0,0,0,0,0,0,0,0,0,0,0,0,0,0,0,0,0,0,0,0,0,0,0,0,0,0,0,0,0,0,0,0,0,0,3,0,0,0,0,0,0,0,0,0,0,0,0,3,9,0,0,0,0,0,0,0,0,0,0,0,144,1,6,0,0,0,1,0,0,8,15,0,0,0,0,0,0,0,0,0,0,0,0,0,0,0,0,0,0,0,0,0,0,0,0,0,0,0,0,0,0,0,2,0,0,0,0,6
26,0,0,0,24,2,0,0,17,0,30,0,55,63,12,0,5,0,73,10,10,0,5,0,0,0,221,131,0,0,0,0,3,0,37,3,50,0,0,0,15,39,0,0,50,43,24,228,2,93,46,0,0,0,2,0,0,0,0,0,0,0,1,0,0,0,0,0,0,0,5,0,0,0,5,0,0,0,1,0,14,0,0,0,21,0,12,0,0,0,0,0,0,0,0,0,0,0,29,0,0,0,0,0,0,0,0,0,0,0,0,0,0,0,0,0,0,0,0,0,7,0,0,0,0,0,0,0,0,0,0,0,0,0,0,0,0,0,0,0,9,0,8,0,5,0,0,0,0,0,0,0,0,0,0,0,0,0,0,0,0,1,7,0,40,0,6,0,4,0,3,0,9,0,0,0,0,14,17,0,0,0,13,0,9,0,30,0,0,0,0,0,4,0,0,0,0,0,0,0,0,0,0,0,0,0,0,0,0,0,33,111,61,6,11,0,0,0,0,0,0,0,0,0,0
0,0,0,0,11,0,0,0,0,0,0,0,47,18,0,0,0,0,39,103,0,33,0,0,0,0,50,206,0,7,1,0,0,20,0,27,5,116,0,0,0,0,0,0,0,110,3,11,0,33,10,49,0,4,0,0,0,0,0,0,0,7,0,0,0,0,0,0,0,0,0,9,0,0,0,14,0,0,0,7,0,90,0,0,0,216,0,0,0,0,0,0,0,0,0,0,0,0,0,0,0,0,0,0,0,0,0,0,0,0,0,0,0,0,0,0,0,0,0,0,0,36,0,8,0,0,0,0,0,0,0,3,0,0,0,0,0,41,0,39,0,128,0,107,0,58,0,0,0,0,0,0,0,0,0,0,0,23,0,0,0,0,0,8,4,42,0,14,0,20,0,5,0,8,0,0,0,60,0,1,0,0,0,0,0,0,0,136,0,0,0,0,0,0,0,0,0,0,0,0,0,0,0,0,0,0,0,0,0,0,0,0,0,0,0,0,0,0,25,79,61,4,0,0,0
21,0,11,0,0,0,0,0,0,0,30,0,69,0,5,0,13,0,5,0,0,0,35,0,0,0,89,21,0,0,0,0,0,0,2,0,12,0,0,0,12,17,50,0,0,30,103,122,185,152,34,0,0,0,0,0,0,0,0,0,0,0,0,0,1,0,0,0,3,0,0,0,0,0,0,0,2,0,0,0,0,0,0,0,0,0,6,0,0,0,0,0,0,0,10,0,0,0,0,0,4,0,0,0,0,0,0,0,0,0,0,0,0,0,0,0,0,0,0,0,0,0,0,0,0,0,0,0,0,0,0,0,0,0,0,0,12,0,0,0,0,0,0,0,0,0,0,0,1,0,0,1,0,0,0,0,0,0,0,0,0,0,0,0,207,0,10,0,43,0,0,0,0,0,0,0,13,4,20,0,11,1,22,0,0,0,98,0,20,0,0,0,0,0,0,0,0,0,0,0,21,0,0,0,0,0,0,0,0,0,15,206,195,0,3,0,0,116,0,7,6,0,0,0,5
0,0,0,0,0,4,0,0,0,0,0,2,119,1,0,0,0,0,35,10,0,58,0,0,0,0,199,105,0,0,0,0,0,0,11,0,0,27,0,0,101,16,43,110,30,0,194,49,11,131,30,51,0,2,0,2,0,0,0,0,0,2,0,6,0,0,0,0,0,4,0,0,0,0,0,0,0,0,0,0,0,54,0,26,0,139,0,30,0,0,0,0,0,12,0,64,0,0,0,0,0,0,0,0,0,0,0,0,0,0,0,0,0,0,0,0,0,0,0,0,0,0,0,0,0,0,0,0,0,0,0,0,0,0,0,0,0,0,0,0,0,0,0,46,0,35,0,0,0,0,0,0,0,0,0,0,0,0,0,0,0,0,0,6,0,180,0,6,0,116,0,9,0,21,0,0,0,47,0,2,0,0,0,0,0,0,22,57,0,33,0,0,0,0,0,0,0,0,0,0,0,0,0,23,0,0,0,0,0,0,0,8,0,0,5,0,0,0,25,254,232,6,0,0,139
88,0,0,0,156,0,0,0,41,0,97,0,216,0,21,0,0,0,61,0,0,0,0,0,0,0,73,94,0,0,0,0,0,0,0,0,0,0,0,0,156,31,24,3,103,194,0,358,253,567,0,0,0,0,0,0,0,0,0,0,0,0,0,0,0,0,0,0,0,0,0,0,0,0,0,0,0,0,0,0,0,0,2,0,0,0,0,0,0,0,0,0,0,0,2,4,0,0,0,0,0,0,0,0,2,0,0,0,0,0,0,0,0,0,0,0,0,0,0,0,0,0,0,0,0,0,0,0,0,0,0,0,0,0,0,0,0,0,0,0,0,0,0,0,0,0,0,0,0,0,0,0,0,0,0,0,0,0,0,0,0,0,0,0,64,10,0,0,7,0,0,0,0,0,0,0,18,22,36,0,0,0,35,0,0,0,260,0,0,0,0,0,0,0,0,0,0,0,0,0,0,0,0,0,0,0,0,0,0,0,0,320,81,0,0,0,0,88,0,31,50,0,0,0,69
0,174,0,69,0,108,0,0,0,0,0,248,645,100,21,18,0,0,237,102,31,2,0,0,0,0,864,247,0,0,11,0,10,0,112,0,25,0,0,0,278,162,228,11,122,49,358,0,19,108,212,11,0,0,0,0,0,0,0,0,0,0,0,0,0,0,0,0,0,2,0,0,0,0,0,0,0,0,0,0,0,0,0,0,0,0,0,0,0,0,0,0,0,2,0,0,0,0,0,0,0,0,0,0,0,0,0,0,0,0,0,0,0,0,0,0,0,0,0,0,0,0,0,0,0,0,0,0,0,0,0,0,0,0,0,0,0,0,0,0,0,0,0,0,0,1,0,0,0,0,0,0,0,0,0,0,0,0,0,0,0,0,0,0,0,20,0,0,0,0,0,0,0,0,0,0,0,361,9,0,0,0,0,2,0,0,68,74,0,0,0,0,0,0,0,0,0,0,0,0,0,0,0,0,0,0,0,0,0,0,0,25,0,0,0,0,0,3,0,136,69,0,0,0,68
7,0,6,0,4,0,19,0,3,0,8,0,29,1,0,1,0,0,0,0,0,0,2,0,0,0,9,3,0,0,0,0,0,0,1,0,0,0,0,0,83,0,2,0,185,11,253,19,0,21,1,0,8,0,14,0,19,0,36,0,3,0,0,0,0,0,0,0,2,0,0,0,0,0,0,0,0,1,0,0,0,0,2,0,0,0,0,0,0,0,0,0,2,0,5,0,2,0,0,0,2,0,3,0,2,0,0,1,1,0,0,0,0,0,0,0,0,0,0,0,0,0,0,0,0,0,3,0,3,0,0,0,0,1,5,0,17,0,1,0,5,0,10,0,2,0,0,0,0,0,0,1,4,0,5,0,0,0,0,0,13,0,1,0,17,0,1,0,6,0,0,0,4,0,0,0,5,0,19,0,6,0,0,0,1,0,173,0,13,0,3,0,33,0,3,0,0,0,14,0,14,0,19,0,13,0,3,0,3,2,53,55,75,4,31,6,0,6,0,2,0,0,0,0,0
0,0,0,0,0,0,0,0,0,0,0,40,46,57,0,0,0,0,5,15,0,3,0,0,0,0,165,26,0,0,0,0,0,0,0,0,0,0,0,0,262,67,93,33,152,131,567,108,21,0,31,1,0,0,0,0,0,0,0,0,0,0,0,0,0,0,0,0,0,9,0,0,0,0,0,0,0,7,0,0,0,0,0,8,0,0,0,3,0,5,0,0,0,14,0,27,0,0,0,0,0,0,0,2,0,0,0,0,0,0,0,0,0,0,0,0,0,0,0,0,0,0,0,0,0,0,0,1,0,0,0,0,0,0,0,0,0,8,0,2,0,0,0,7,0,0,0,0,0,0,0,4,0,0,0,0,0,0,0,0,0,0,0,0,0,46,0,1,0,25,0,0,0,0,0,0,0,92,0,4,0,0,0,0,0,0,65,13,0,0,0,0,0,0,0,0,0,0,0,0,0,0,0,0,0,0,0,0,0,0,0,2,0,0,0,0,0,2,5,57,9,1,0,0,59
18,0,0,0,0,27,0,0,0,0,20,0,77,139,23,0,33,0,243,38,52,5,7,6,0,0,337,216,85,0,58,0,11,0,124,0,119,0,8,0,0,20,46,10,34,30,0,212,1,31,0,12,0,0,0,0,2,0,2,0,0,0,0,0,0,0,0,4,3,0,23,0,9,0,0,0,2,0,0,0,0,0,0,0,89,0,0,0,0,0,70,0,0,0,0,0,62,0,190,0,0,0,0,0,0,0,59,0,0,0,0,0,0,0,0,0,0,0,0,0,73,0,95,0,0,0,0,0,0,0,2,0,0,0,0,0,0,0,57,0,0,0,31,0,91,0,0,0,0,2,0,0,0,0,0,0,0,0,0,0,0,0,0,0,46,0,13,0,84,0,8,0,41,0,0,0,14,33,39,0,0,0,21,0,0,0,40,0,4,0,0,0,0,0,0,0,0,0,0,0,0,0,0,0,9,0,0,0,4,0,41,75,71,13,16,0,0,0,0,0,0,0,0,0,0
0,0,0,0,0,22,0,0,0,3,0,5,54,74,4,1,0,0,41,178,0,19,0,0,0,5,20,194,0,16,0,3,3,44,0,26,0,68,0,9,0,0,0,49,0,51,0,11,0,1,12,0,0,0,0,0,0,6,0,0,0,13,0,13,0,0,0,0,0,0,0,0,0,0,0,12,0,3,0,6,0,59,0,0,0,118,0,25,0,0,0,0,0,0,0,19,0,0,0,0,0,0,0,0,0,0,0,0,0,0,0,0,0,0,0,0,0,0,0,0,0,22,0,0,0,0,0,0,0,0,0,0,0,0,0,25,0,0,0,74,0,115,0,92,0,77,0,0,0,0,0,4,0,0,0,0,0,27,0,10,0,0,0,6,0,40,0,10,0,46,0,13,0,43,0,0,0,4,0,0,0,0,0,0,0,0,0,18,0,0,0,0,0,0,0,0,0,0,0,0,0,0,0,0,0,0,0,0,0,0,0,0,0,0,5,0,0,0,40,136,102,14,0,0,0
2,1,12,0,0,0,48,0,8,46,0,0,0,0,0,0,81,0,0,0,56,0,56,0,21,3,12,0,14,0,4,0,0,0,0,0,14,0,5,0,0,0,0,0,0,0,0,0,8,0,0,0,0,4,48,13,104,5,53,53,27,1,22,0,0,9,2,71,0,0,0,0,0,0,0,0,0,0,0,0,0,0,0,0,4,0,0,0,0,0,0,0,0,0,0,0,7,0,2,0,0,0,0,0,0,0,0,0,0,0,0,0,0,0,0,0,0,0,0,0,0,0,0,0,0,0,0,0,40,0,0,0,0,0,2,0,19,0,172,1,15,0,22,0,18,0,0,0,0,0,0,0,0,0,47,1,12,1,40,0,22,1,1,0,1,0,0,0,1,0,87,0,12,0,0,0,1,0,0,0,0,0,0,0,0,2,0,0,0,0,0,0,0,0,0,0,0,0,0,0,2,0,0,0,0,0,0,0,0,0,92,184,128,100,128,0,17,0,0,1,0,0,0,0,0
0,14,0,0,0,0,0,22,100,27,0,0,0,0,0,0,0,53,0,0,0,23,0,10,34,32,0,0,0,22,0,0,0,15,0,0,0,10,1,43,0,0,0,4,0,2,0,0,0,0,0,0,4,0,29,71,0,116,12,23,3,36,8,47,0,0,5,2,0,1,0,0,0,0,0,0,0,0,0,0,0,0,0,0,0,0,0,0,0,0,0,0,0,0,0,0,0,0,0,0,0,8,0,0,0,0,0,0,0,0,0,0,0,0,0,0,0,0,0,0,0,0,0,0,0,0,0,2,0,99,0,8,0,8,0,88,0,122,0,280,0,82,0,61,0,30,0,0,0,0,0,0,0,0,0,233,0,14,0,137,0,40,0,0,0,0,0,0,0,0,0,63,0,15,0,0,9,12,0,0,0,0,0,0,0,2,0,0,0,0,0,0,0,0,0,0,0,0,0,0,0,0,0,0,0,0,0,0,0,0,0,0,1,0,126,0,0,0,101,235,77,90,0,12,0
9,0,91,0,0,0,140,22,5,170,0,0,0,0,0,0,20,0,36,0,35,0,281,0,219,0,0,0,0,0,0,0,0,0,0,0,0,0,3,1,0,0,2,0,0,0,0,0,14,0,0,0,48,29,0,35,43,8,43,30,18,5,39,14,1,5,0,73,0,0,0,0,0,0,0,0,0,0,0,0,0,0,0,0,0,0,0,0,0,0,0,0,0,0,0,0,28,0,0,0,0,0,0,0,0,0,0,0,0,0,0,0,0,0,0,0,0,0,0,0,0,0,0,0,0,0,0,0,95,0,0,0,4,0,0,2,107,0,23,0,4,0,75,0,1,0,0,0,0,0,0,0,0,0,17,2,4,4,14,0,26,0,0,0,0,0,0,0,1,0,126,0,11,0,0,0,0,0,0,0,0,0,0,0,0,0,0,0,0,0,0,0,0,0,0,0,0,0,0,0,33,1,0,0,0,0,0,0,7,0,225,103,203,128,222,0,57,0,1,0,0,0,0,0,0
6,56,0,78,0,0,0,283,219,211,0,9,0,0,0,64,3,16,0,0,0,0,0,27,19,192,0,0,0,0,0,0,0,0,0,0,0,0,0,10,0,1,0,0,0,2,0,0,0,0,0,0,13,71,35,0,0,58,35,171,2,10,7,27,0,2,11,4,0,0,0,1,0,0,0,0,0,0,0,0,0,0,0,5,0,0,0,0,0,0,0,0,0,0,0,0,0,0,0,0,0,0,0,0,0,0,0,23,0,0,0,0,0,0,0,0,0,0,0,0,0,0,0,0,0,0,0,5,0,101,0,51,0,0,0,183,0,56,0,20,0,0,0,10,0,0,0,0,0,0,0,0,0,0,1,34,0,4,0,14,0,10,0,0,0,6,0,0,0,0,0,56,0,33,0,0,5,4,0,0,0,0,0,0,0,1,0,0,0,0,0,0,0,0,0,0,0,0,0,0,0,19,1,0,0,0,0,0,0,9,0,0,0,0,197,0,0,0,136,333,158,152,0,22,0
0,0,17,0,0,0,28,0,10,17,0,0,0,0,0,0,0,0,0,0,0,0,0,0,21,0,0,0,0,0,0,0,0,0,0,0,0,0,0,0,0,0,0,0,0,0,0,0,19,0,2,0,104,0,43,0,0,0,17,29,4,0,4,0,9,66,7,59,0,0,0,0,0,0,0,0,0,0,0,0,0,0,0,0,0,0,0,0,0,0,0,0,0,0,0,0,0,0,0,0,0,0,0,0,0,0,0,0,0,0,0,0,0,0,0,0,0,0,0,0,0,0,0,0,6,0,4,0,129,0,45,0,0,0,13,0,34,0,10,9,1,0,10,0,1,4,4,0,2,0,0,0,0,0,37,16,6,0,35,28,119,0,25,0,0,0,0,0,4,0,148,0,7,0,0,0,0,0,0,0,3,6,0,0,9,15,0,0,0,0,0,0,0,0,0,0,0,0,0,0,0,0,0,0,0,0,0,0,0,0,350,140,412,303,538,9,87,0,0,0,0,0,0,0,0
0,6,0,23,0,0,0,23,47,10,0,0,0,0,0,0,0,19,0,0,0,0,1,10,0,48,0,0,0,0,0,0,0,0,0,5,0,0,0,5,0,0,0,0,0,0,0,0,0,0,0,6,5,116,8,58,0,0,24,94,0,2,0,25,0,6,12,9,0,5,0,0,0,0,0,0,0,1,0,0,0,0,0,0,0,0,0,0,0,0,0,0,0,1,0,0,0,0,0,0,0,0,0,0,0,0,0,0,0,0,0,0,0,0,0,0,0,0,0,0,0,0,0,0,0,8,0,0,0,91,0,37,0,9,0,30,0,28,2,15,0,0,0,0,0,0,0,5,0,0,0,0,0,0,0,89,2,3,0,74,0,46,0,15,0,3,0,0,0,12,0,271,0,13,0,0,1,0,0,0,0,0,0,0,0,0,0,0,0,0,0,0,0,0,0,0,0,0,0,0,0,0,0,0,0,0,0,0,0,0,0,0,0,0,582,0,0,0,337,172,676,529,27,82,0
0,0,14,0,0,0,13,0,209,75,1,0,0,0,0,0,0,0,0,0,0,0,0,0,12,0,0,0,0,0,0,0,0,0,0,0,0,0,2,0,0,0,0,0,0,0,0,0,36,0,2,0,53,12,43,35,17,24,0,159,49,3,25,0,103,160,434,479,0,0,0,0,0,0,0,0,0,0,0,0,0,0,0,0,0,0,0,0,0,0,0,0,3,0,0,0,0,0,0,0,0,0,0,0,0,0,0,0,0,0,0,0,0,0,0,0,0,0,0,0,0,0,0,0,0,0,0,0,10,0,28,0,0,0,0,0,0,0,1,9,0,0,0,0,0,10,0,0,13,0,1,0,0,0,9,38,11,8,0,52,35,43,2,0,0,0,2,0,0,0,119,0,0,0,0,0,16,0,0,0,0,3,0,0,85,70,0,0,0,0,0,0,0,0,0,0,0,0,0,0,0,0,0,0,0,0,0,0,1,0,1204,642,602,576,1422,16,262,9,5,0,0,0,0,0,0
0,14,0,14,0,0,0,22,322,176,0,1,0,0,0,0,0,0,0,0,0,0,0,9,0,0,0,0,0,0,0,0,0,0,0,0,0,0,0,0,0,0,0,0,0,0,0,0,0,0,0,0,53,23,30,171,29,94,159,0,0,11,8,16,18,113,132,196,0,0,0,0,0,0,0,0,0,4,0,0,0,0,0,0,0,0,0,0,0,0,0,0,0,0,0,0,0,0,0,0,0,0,0,0,0,0,0,0,0,0,0,0,0,0,0,0,0,0,0,0,0,0,0,0,0,17,0,0,0,22,0,96,0,0,0,42,0,18,2,8,0,0,0,0,1,1,0,11,0,26,0,0,0,0,10,9,9,0,10,14,0,64,0,0,0,5,0,0,0,9,0,27,0,0,0,0,17,4,0,0,0,0,0,0,42,0,0,0,0,0,0,0,0,0,0,0,0,0,0,0,0,0,0,0,0,0,0,0,0,13,1,0,0,0,1298,0,0,0,905,444,392,583,42,97,2
72,0,62,3,1,0,269,0,190,0,0,0,0,0,0,0,23,0,0,0,0,0,6,0,72,0,25,0,5,0,0,0,38,0,0,0,95,0,33,0,0,0,0,0,0,0,0,0,3,0,0,0,27,3,18,2,4,0,49,0,0,0,62,0,0,0,0,0,0,0,7,0,0,0,10,0,0,0,0,0,24,0,0,0,0,0,28,0,0,0,0,0,0,0,0,0,0,0,0,0,3,0,0,0,0,0,0,0,0,0,0,0,0,0,0,0,0,0,0,0,20,0,32,0,0,0,0,0,3,0,0,0,0,0,0,0,0,0,173,0,133,0,18,0,463,0,0,0,0,0,0,0,0,0,4,0,146,0,0,0,0,0,8,0,0,0,0,0,8,0,162,0,74,0,0,0,0,0,0,0,0,0,0,0,4,0,0,0,0,0,0,0,0,0,0,0,0,0,0,0,0,0,0,0,0,0,0,0,0,0,5,16,90,0,17,0,13,0,0,0,0,0,0,0,0
7,122,8,14,0,0,19,97,18,42,0,6,0,0,0,0,2,0,0,0,0,0,0,3,17,13,0,0,1,3,0,0,1,20,0,13,0,75,0,17,0,0,0,7,0,2,0,0,0,0,0,13,1,36,5,10,0,2,3,11,0,0,0,17,0,1,0,0,0,0,0,0,0,0,0,0,0,0,0,0,0,0,0,0,0,0,0,0,0,0,0,0,0,0,0,0,0,0,0,0,0,0,0,0,0,0,0,0,0,0,0,0,0,0,0,0,0,0,0,0,0,4,0,0,0,0,0,0,0,0,0,0,0,0,0,0,0,0,0,64,0,47,0,11,0,93,0,0,0,0,0,0,0,0,0,3,0,185,0,21,0,0,0,0,0,1,0,0,0,5,0,26,0,67,0,0,3,5,0,3,0,0,0,0,0,0,0,0,0,0,0,0,0,0,0,0,0,0,0,0,0,0,0,0,0,0,0,0,0,0,0,0,0,0,23,0,0,0,17,150,27,26,0,0,0
4,5,0,0,0,0,198,20,58,56,0,0,0,0,12,0,122,0,0,0,112,0,40,0,85,14,0,0,20,0,18,0,24,0,0,0,27,0,18,0,0,0,1,0,0,0,0,0,0,0,0,0,22,8,39,7,4,0,25,8,62,0,0,7,0,0,0,2,0,0,0,0,0,0,0,0,0,0,0,0,0,0,0,0,0,0,0,0,0,0,0,0,0,0,0,0,0,0,0,0,0,0,0,0,0,0,0,0,0,0,0,0,0,0,0,0,0,0,0,0,29,0,45,0,0,0,0,0,8,0,0,0,0,0,5,0,42,0,374,0,149,0,110,0,25,0,0,0,0,0,0,0,0,0,46,0,8,0,67,0,0,0,0,0,0,0,0,0,0,0,48,0,20,0,0,0,2,0,0,0,0,0,0,0,0,0,0,0,0,0,0,0,0,0,0,0,0,0,0,0,0,0,0,0,0,0,0,0,0,0,20,52,32,13,27,0,9,0,0,0,0,0,0,0,0
43,58,12,3,0,0,71,156,103,33,0,0,0,0,1,13,7,239,0,185,0,260,3,179,89,78,0,67,0,182,0,46,0,76,0,41,0,33,0,59,0,0,0,0,0,6,0,0,0,0,0,13,0,47,14,27,0,25,0,16,0,17,7,0,0,0,0,0,0,0,0,0,0,0,0,0,0,0,0,0,0,0,0,0,0,0,0,0,0,0,0,0,0,0,0,0,0,0,0,2,0,0,0,0,0,0,0,0,0,0,0,0,0,0,0,0,0,0,0,0,0,0,1,0,0,0,0,0,0,19,0,0,0,5,0,0,0,0,0,97,0,33,0,0,0,34,0,0,0,0,0,0,0,0,0,72,0,5,0,55,0,0,0,0,0,1,0,2,0,1,0,0,0,10,0,0,5,14,0,0,0,0,0,0,0,0,0,0,0,0,0,0,0,0,0,0,0,0,0,0,0,1,0,0,0,0,0,0,0,0,0,0,0,0,31,0,0,0,45,211,17,40,0,2,0
22,0,11,0,7,0,0,0,60,0,0,0,0,0,2,0,0,0,0,0,0,0,0,0,0,0,0,0,0,0,0,0,0,0,0,0,2,0,0,0,0,0,0,0,1,0,0,0,0,0,0,0,0,0,1,0,9,0,103,18,0,0,0,0,0,91,123,59,0,0,0,0,0,0,0,0,0,0,0,0,0,0,0,0,0,0,0,0,0,0,0,0,0,0,0,0,0,0,0,0,0,0,0,0,0,0,0,0,0,0,0,0,0,0,0,0,0,0,0,0,0,0,0,0,0,0,0,0,0,0,89,0,0,0,0,0,0,0,0,20,0,0,0,0,0,23,0,0,39,29,3,0,0,0,4,0,5,1,6,39,286,109,2,0,0,0,0,0,0,0,0,0,1,0,0,0,4,0,0,0,67,32,2,0,193,8,0,0,0,0,0,0,0,0,0,0,0,0,0,0,0,0,1,0,0,0,0,0,0,0,31,27,0,0,32,0,0,0,0,0,0,0,0,0,0
0,16,0,0,1,0,0,0,31,131,0,2,0,0,0,0,0,0,0,0,0,0,0,0,0,0,0,0,0,0,0,0,0,1,0,0,0,0,0,0,0,0,0,0,0,0,0,0,0,0,0,0,9,0,5,2,66,6,160,113,0,1,0,0,91,0,78,468,0,0,0,4,0,0,0,1,0,0,0,0,0,0,0,0,0,0,0,0,0,0,0,0,0,0,0,0,0,0,0,0,0,0,0,0,0,0,0,0,0,0,0,0,0,0,0,0,0,0,0,0,0,0,0,0,0,13,3,0,0,0,0,50,2,0,0,10,0,0,48,3,0,0,0,0,15,21,0,45,0,125,0,0,1,16,26,4,19,1,51,2,196,234,0,0,0,0,0,0,0,0,0,0,0,0,1,40,1,0,0,2,26,198,0,9,44,59,0,0,0,0,0,0,0,0,0,0,0,0,0,0,0,0,0,0,0,0,0,2,0,3,0,0,0,0,51,0,0,0,47,25,0,0,0,0,0
6,0,3,0,0,0,5,0,140,0,0,0,0,0,0,0,0,0,0,0,0,0,0,0,0,0,0,0,0,0,0,0,0,0,0,0,0,0,0,0,0,0,0,0,0,0,0,0,0,0,0,0,2,5,0,11,7,12,434,132,0,0,0,0,123,78,0,265,0,0,0,0,0,0,0,0,0,0,0,0,0,0,0,0,0,0,0,0,0,0,0,0,0,0,0,0,0,0,0,0,0,0,0,0,0,0,0,0,0,0,0,0,0,0,0,0,0,0,0,0,0,0,0,0,1,0,0,0,0,0,10,0,0,0,0,0,0,0,0,0,0,0,0,0,0,2,0,0,14,0,0,0,0,0,2,12,2,6,0,16,19,28,0,0,0,0,0,0,0,0,0,0,0,0,0,0,61,0,0,0,0,2,0,0,336,23,0,0,0,0,0,0,0,0,0,0,0,0,0,0,0,0,0,0,0,0,0,0,0,0,43,93,18,0,42,0,7,0,0,0,0,0,0,0,0
0,2,0,0,0,0,0,0,388,149,0,1,0,0,0,0,0,0,0,0,0,0,0,0,0,0,0,0,0,0,0,0,0,0,0,0,0,0,0,0,0,0,0,0,0,0,0,0,0,0,4,0,71,2,73,4,59,9,479,196,0,0,2,0,59,468,265,0,0,0,0,1,0,0,0,0,0,0,0,0,0,0,0,0,0,0,0,0,0,0,0,0,0,0,0,0,0,0,0,0,0,0,0,0,0,0,0,0,0,0,0,0,0,0,0,0,0,0,0,0,0,0,0,0,0,0,0,0,0,0,0,58,0,0,0,0,0,0,3,1,0,0,0,0,0,2,1,0,0,86,0,0,0,0,34,3,19,1,0,0,15,82,0,0,0,0,0,0,0,0,0,1,0,0,0,2,40,35,0,0,0,0,0,1,71,84,0,0,0,0,0,0,0,0,0,0,0,0,0,0,0,0,0,0,0,0,0,0,0,0,0,0,0,0,242,0,0,0,274,304,0,102,0,8,0
0,0,0,0,0,0,0,0,0,0,0,0,0,0,0,0,0,0,0,0,11,0,0,0,0,0,0,0,0,0,0,0,0,0,0,0,0,0,0,0,0,0,0,0,3,0,0,0,2,0,3,0,0,0,0,0,0,0,0,0,0,0,0,0,0,0,0,0,0,0,8,0,9,0,5,0,102,0,19,0,0,0,4,0,0,0,0,0,4,0,0,0,20,0,0,0,5,0,0,0,0,0,87,0,14,0,0,0,20,0,1,0,1,0,1,0,0,0,0,0,7,0,0,0,0,0,0,0,3,0,0,0,0,0,0,0,23,0,0,0,14,0,0,0,0,0,0,0,0,0,7,0,4,0,0,0,0,0,0,0,0,0,1,0,9,0,0,0,82,0,5,0,0,0,4,0,0,0,0,0,0,0,0,0,0,0,0,0,39,0,0,0,50,0,45,0,0,0,0,0,0,0,35,0,0,0,0,0,3,1,47,0,107,2,18,67,41,0,0,0,0,0,0,0,0
0,0,0,0,0,0,0,0,0,0,0,0,0,0,0,0,0,0,0,0,0,0,0,0,0,0,1,0,0,0,0,0,0,0,0,0,0,0,0,0,0,0,0,0,0,4,0,2,0,9,0,0,0,1,0,0,0,5,0,0,0,0,0,0,0,0,0,0,0,0,0,0,0,1,0,0,0,40,0,0,0,0,0,4,0,0,0,0,0,2,0,0,0,52,0,4,0,0,0,0,0,0,0,117,0,0,0,0,0,24,0,3,0,13,0,0,0,1,0,0,0,0,0,0,0,0,0,0,0,0,0,0,0,0,0,9,0,0,0,0,0,0,0,0,0,0,0,0,0,1,0,1,0,1,0,0,0,0,0,0,0,2,0,0,0,17,0,0,0,36,0,9,0,0,0,0,0,2,0,0,1,0,0,0,0,0,0,0,0,17,0,0,0,0,0,0,0,0,0,9,0,0,0,9,0,10,0,0,0,5,0,0,0,0,0,0,0,0,19,1,48,0,10,41,0
0,0,0,0,0,0,0,0,0,0,0,0,0,0,0,0,9,0,0,0,42,0,0,0,0,0,54,0,0,0,0,0,0,0,18,0,41,0,1,0,0,0,5,0,0,0,0,0,0,0,23,0,0,0,0,0,0,0,0,0,7,0,0,0,0,0,0,0,8,0,0,0,281,0,397,0,14,0,176,0,6,0,0,0,0,0,16,0,0,0,0,0,0,0,0,0,0,0,0,0,0,0,0,0,0,0,0,0,0,0,0,0,0,0,0,0,0,0,0,0,57,0,19,0,26,0,0,7,49,0,43,14,9,0,15,2,45,0,61,0,76,0,40,0,69,2,27,0,48,14,45,0,27,3,0,0,10,0,0,0,12,0,50,0,0,0,0,0,81,0,30,0,23,0,25,0,0,0,0,0,57,0,0,0,16,0,0,0,0,0,0,0,0,0,0,0,0,0,0,0,9,0,0,0,0,0,0,1,0,0,5,0,58,0,20,0,3,0,0,0,0,0,0,0,0
0,0,0,0,0,0,0,0,0,0,0,0,0,0,0,0,0,0,0,0,0,0,0,0,0,0,0,0,0,0,0,0,0,0,0,0,0,0,0,0,0,0,0,9,0,0,0,0,0,0,0,0,0,0,0,1,0,0,0,0,0,0,0,0,0,4,0,1,0,0,0,0,0,294,0,400,0,25,0,59,0,0,0,0,0,0,0,149,0,0,0,0,0,0,0,0,0,1,0,0,0,0,0,0,0,0,0,0,0,0,0,0,0,0,0,0,0,0,0,0,0,25,0,12,0,25,0,0,9,45,21,52,0,0,0,0,0,8,0,27,0,62,0,0,0,83,0,26,9,23,0,42,0,11,0,0,0,0,1,0,24,25,0,33,0,0,0,0,0,30,0,9,0,16,0,12,0,0,0,0,0,52,0,0,0,27,0,0,0,0,0,0,0,0,0,0,0,0,0,0,0,0,0,0,0,0,0,0,0,0,0,0,0,0,0,0,0,0,34,0,6,0,0,0,0
0,0,0,0,0,0,0,0,0,0,0,0,0,0,0,0,0,0,0,0,21,0,0,0,0,0,0,0,0,0,0,0,0,0,0,0,0,0,0,0,0,0,0,0,0,0,0,0,0,0,9,0,0,0,0,0,0,0,0,0,0,0,0,0,0,0,0,0,9,0,281,0,0,0,217,0,87,0,277,0,0,0,30,0,11,0,0,0,0,0,0,0,0,0,0,0,0,0,0,0,0,0,0,0,0,0,0,0,0,0,0,0,0,0,0,0,0,0,0,0,29,0,18,0,29,0,13,0,8,0,13,0,5,0,32,0,34,2,16,0,63,0,77,0,45,0,19,0,6,0,76,0,10,0,0,0,4,0,0,0,0,0,56,0,0,0,0,0,11,0,0,0,0,0,9,0,0,0,0,0,0,6,0,0,5,0,0,0,0,0,0,0,0,0,0,0,0,0,0,0,25,0,35,0,0,0,0,0,28,0,150,0,17,2,14,0,1,0,0,0,0,0,0,0,0
0,0,0,0,0,0,0,0,0,0,0,0,0,0,0,0,0,0,0,0,0,0,0,0,0,0,0,0,0,0,0,0,0,0,0,4,0,0,0,0,0,0,0,0,0,0,0,0,0,0,0,0,0,0,0,0,0,0,0,0,0,0,0,0,0,0,0,0,0,1,0,294,0,0,0,244,0,120,0,45,0,0,0,14,0,13,0,82,0,0,0,0,0,0,0,0,0,0,0,0,0,0,0,0,0,0,0,0,0,0,0,0,0,0,0,0,0,0,0,0,0,23,0,17,0,10,3,28,0,11,2,9,0,0,0,166,0,48,0,17,0,63,1,27,0,69,0,37,0,0,0,125,0,14,0,0,0,4,0,0,0,0,0,14,0,0,0,6,0,3,0,0,0,0,0,0,0,0,0,0,16,48,0,0,0,0,0,0,0,0,0,0,0,0,0,0,0,0,0,44,0,45,0,24,0,0,0,0,0,68,0,0,0,0,15,0,0,0,95,0,11,0,0,0,0
0,0,0,0,3,0,0,0,0,0,0,0,0,0,0,0,0,0,8,0,74,0,0,0,0,0,0,0,5,0,0,0,6,0,0,0,35,0,0,0,0,0,5,0,0,0,0,0,0,0,0,0,0,0,0,0,0,0,0,0,10,0,0,0,0,0,0,0,5,0,397,0,217,0,0,0,27,0,272,0,12,0,53,0,81,0,45,0,0,0,0,0,0,0,4,0,8,0,0,0,0,0,0,0,0,0,0,0,0,0,0,0,0,0,0,0,0,0,0,0,288,0,90,0,0,38,0,0,39,0,27,0,6,6,57,0,92,0,24,0,141,0,304,0,125,0,9,0,33,0,62,0,24,0,0,0,0,0,0,0,1,0,21,0,0,0,0,0,30,0,13,0,11,0,19,0,0,0,0,0,60,6,0,0,5,0,0,0,0,0,0,0,31,0,0,0,2,0,0,0,87,0,92,0,14,0,64,0,0,0,68,0,0,0,0,1,0,0,0,0,0,0,0,0,0
0,0,0,0,0,0,0,0,0,0,0,0,0,2,0,0,0,0,0,20,0,0,0,0,0,0,0,0,0,0,0,0,0,0,0,0,0,12,0,0,0,0,0,14,0,0,0,0,0,0,0,12,0,0,0,0,0,0,0,0,0,0,0,0,0,1,0,0,0,0,0,400,0,244,0,0,0,25,0,123,0,23,0,0,0,0,0,234,0,0,0,0,0,0,0,8,0,0,0,0,0,0,0,0,0,0,0,0,0,0,0,0,0,0,0,0,0,0,0,0,0,205,0,21,10,36,0,13,11,55,19,64,0,0,0,103,0,21,0,30,0,62,0,25,0,69,3,23,4,10,0,65,0,0,0,0,0,2,4,3,14,17,0,16,0,0,0,0,0,6,0,10,0,17,0,8,0,0,0,0,0,56,0,0,0,5,0,0,0,0,0,0,0,0,0,0,0,2,0,0,0,0,0,0,0,0,0,0,0,49,0,0,0,0,0,0,0,0,0,0,2,0,0,0,0
0,0,0,0,0,0,0,0,0,0,0,0,0,0,0,0,0,0,0,0,0,0,0,0,0,0,0,0,0,0,0,0,0,0,0,0,0,0,0,0,0,0,0,0,2,0,0,0,0,0,2,0,0,0,0,0,0,0,0,0,0,0,0,0,0,0,0,0,102,0,14,0,87,0,27,0,0,0,59,0,0,0,38,0,0,0,10,0,2,0,0,0,0,0,0,0,0,0,0,0,1,1,25,0,0,0,4,0,4,0,0,0,0,0,0,0,0,0,0,0,14,0,9,0,0,0,0,0,0,0,0,0,0,0,0,0,0,0,0,0,0,0,18,0,0,0,0,0,0,0,4,0,1,0,0,0,0,0,0,0,0,0,0,0,12,0,0,0,27,0,3,0,0,0,0,0,0,0,1,0,0,0,0,0,0,0,0,0,31,0,0,0,34,0,11,0,0,0,0,0,28,0,0,0,0,0,0,0,0,0,7,0,13,0,9,6,1,0,0,0,0,0,0,0,0
0,0,0,0,0,0,0,0,0,0,0,0,0,0,0,0,0,0,0,0,0,0,0,0,0,0,0,0,0,0,0,0,0,0,0,0,0,0,0,0,0,0,0,0,0,0,0,0,1,7,0,3,0,0,0,0,0,1,0,4,0,0,0,0,0,0,0,0,0,40,0,25,0,120,0,25,0,0,0,30,0,34,0,165,0,0,0,150,0,7,1,0,0,111,0,30,0,0,0,0,0,10,0,73,0,0,0,0,0,1,0,0,0,0,0,0,0,0,0,0,0,12,0,2,0,0,0,0,0,0,0,0,0,2,0,70,0,65,0,0,0,11,0,15,0,0,0,0,0,0,0,18,0,0,0,0,0,0,0,1,0,0,0,0,0,21,0,0,0,28,0,11,0,2,0,0,0,0,0,0,0,27,0,0,0,0,0,0,0,145,0,0,0,0,0,33,0,0,0,0,0,26,0,0,0,33,0,19,0,40,0,0,0,0,5,0,0,0,35,2,25,3,8,1,2
0,0,1,0,0,0,0,0,0,0,0,0,0,0,0,0,0,0,0,0,0,0,0,0,0,0,0,0,0,0,0,0,0,0,0,0,0,0,0,0,0,0,1,0,0,0,0,0,0,0,0,0,0,0,0,0,0,0,0,0,0,0,0,0,0,0,0,0,19,0,176,0,277,0,272,0,59,0,0,0,0,0,116,0,0,0,14,0,0,0,0,0,0,0,1,0,0,0,0,0,0,0,4,0,0,0,0,0,0,0,0,0,0,0,0,0,0,0,0,0,139,0,30,0,0,0,0,0,8,0,0,0,0,0,0,0,33,0,0,0,51,0,86,0,30,0,0,0,0,0,0,0,0,0,0,0,0,0,0,0,0,0,0,0,0,0,0,0,7,0,0,0,0,0,0,0,0,0,0,0,0,0,0,0,0,0,0,0,26,0,0,0,0,0,0,0,0,0,0,0,0,0,0,0,0,0,0,0,0,0,212,0,5,0,65,3,0,0,0,0,0,0,0,0,0
0,0,0,0,0,0,0,0,0,0,0,0,0,0,0,0,0,0,0,0,0,0,0,0,0,0,0,6,0,0,0,0,0,0,0,0,0,0,0,0,0,0,0,7,0,0,0,0,0,0,0,6,0,0,0,0,0,0,0,0,0,0,0,0,0,0,0,0,0,0,0,59,0,45,0,123,0,30,0,0,0,6,0,9,0,14,0,55,0,0,0,0,0,0,0,1,0,0,0,0,0,0,0,0,0,0,0,0,0,0,0,0,0,0,0,0,0,0,0,0,0,25,0,20,0,3,0,0,0,4,0,0,0,0,0,66,0,0,0,0,0,29,0,15,0,51,0,3,0,1,0,0,0,0,0,0,0,0,0,0,0,0,0,2,0,1,0,0,0,5,0,0,0,0,0,0,0,0,0,0,0,10,0,0,0,0,0,0,0,2,0,0,0,2,0,0,0,0,0,0,0,4,0,3,0,0,0,9,0,0,0,0,0,0,0,0,0,0,0,0,0,0,0,0,0
