0,43,49,6,163,5,33,17,51,8,217,0,126,0,32,9,66,9,20,0,38,0,74,16,58,98,0,0,59,1,22,0,45,0,0,0,68,0,291,0,66,0,0,0,19,0,52,0,10,0,0,0,5,0,3,2,0,0,0,1,108,3,47,3,22,0,3,0,0,0,0,0,0,0,0,0,0,0,0,0,0,0,0,0,0,0,0,0,0,0,0,0,0,0,0,0,0,0,0,0,0,0,0,0,0,0,0,0,0,0,0,0,0,0,0,0,0,0,0,0,0,0,0,0,0,0,16,0,0,0,0,0,0,0,10,0,0,1,0,0,0,0,2,0,0,0,14,0,20,0,17,0,6,0,0,0,0,0,0,0,0,0,0,0,5,1,27,0,19,0,9,0,352,0,0,0,66,43,30,0,0,0,98,0,103,0,11,0,0,0,0,0,0,0,0,0,0,0,0,0,0,0,0,0,0,0,4,0,0,0,427,72,294,198,253,0,15,2,0,0,0,0,0,0,0
43,0,127,41,0,103,15,71,4,43,0,124,0,162,4,66,14,28,0,188,0,0,130,19,65,14,0,238,0,99,0,0,0,0,0,0,0,62,14,243,0,11,0,0,0,0,0,67,0,4,0,0,0,14,0,11,0,3,0,4,4,237,0,170,0,28,0,4,0,0,0,0,0,0,0,0,0,0,0,1,0,0,0,3,0,0,0,0,0,1,0,0,0,0,0,0,0,0,0,0,0,0,0,0,0,0,0,0,0,0,0,0,0,0,0,0,0,0,0,0,0,0,0,0,0,27,0,5,0,0,0,10,0,0,0,23,0,0,0,0,0,0,0,0,0,0,0,8,0,29,0,28,0,29,0,0,0,4,0,0,0,0,0,2,0,23,0,9,0,23,0,68,24,341,0,7,30,399,3,39,0,25,10,124,1,56,0,4,0,0,0,0,0,0,0,0,0,0,0,0,0,0,0,0,0,0,0,6,0,8,0,0,0,0,287,0,0,0,482,74,177,229,0,0,6
49,127,0,14,241,0,122,23,34,28,70,11,74,0,372,29,93,29,85,0,135,0,325,44,149,168,34,0,269,0,78,0,175,4,0,0,124,0,728,7,33,0,0,0,81,0,76,0,30,0,0,0,7,0,76,7,0,0,12,0,119,7,65,16,19,0,4,0,0,0,0,0,0,0,0,0,0,0,0,0,0,0,0,0,0,2,0,0,0,0,12,0,0,0,0,0,0,0,0,0,0,0,0,0,0,0,0,0,0,0,0,0,0,0,0,0,0,0,0,0,0,0,0,0,9,0,42,0,0,0,0,0,12,1,28,0,3,0,0,0,0,0,41,0,0,0,24,0,7,0,38,0,15,0,0,0,0,0,0,0,0,0,17,0,14,0,44,0,21,0,45,0,472,0,0,0,155,125,7,0,0,0,18,0,22,0,0,0,0,0,2,0,0,0,0,0,0,0,0,0,29,0,0,0,0,0,0,0,24,0,536,65,448,435,461,0,44,2,2,0,0,2,0,0,0
6,41,14,0,5,56,3,38,0,11,3,8,0,19,0,178,2,22,0,125,0,24,36,113,7,35,0,55,0,121,0,0,0,73,0,2,0,34,6,124,0,1,0,0,0,0,0,0,0,0,0,1,0,1,0,33,0,9,0,0,1,48,0,8,0,0,0,0,0,0,0,0,0,0,0,0,0,0,0,0,0,0,0,0,0,13,0,0,0,0,0,0,0,0,0,0,0,0,0,0,0,0,0,0,0,1,0,0,0,0,0,0,0,0,0,0,0,0,0,0,0,0,0,0,0,2,0,0,0,2,0,4,0,3,0,75,0,43,0,0,0,1,0,7,0,0,0,0,0,6,0,16,0,2,0,0,0,1,0,0,0,0,0,0,0,8,0,0,0,7,0,6,0,90,0,0,8,78,1,19,0,3,0,8,0,0,0,0,0,0,0,0,0,0,0,0,0,0,0,2,0,0,0,0,0,0,0,0,0,19,0,0,0,0,102,0,0,0,135,31,79,95,0,0,2
163,0,241,5,0,0,0,0,16,1,127,13,460,0,201,69,0,5,160,36,170,27,60,18,8,4,94,16,13,0,114,5,170,0,85,0,168,2,0,0,216,0,9,0,70,0,164,0,21,0,57,0,0,0,0,0,0,0,0,0,0,0,0,0,17,0,0,0,0,0,0,0,0,0,0,0,0,0,0,0,0,0,0,0,0,0,0,0,0,0,0,0,0,0,0,0,0,0,0,0,0,0,0,0,0,0,0,0,0,0,0,0,0,0,0,0,0,0,0,0,0,0,0,0,9,0,23,0,0,0,0,0,0,0,0,0,0,0,0,0,0,0,0,0,0,0,18,0,11,0,30,0,12,0,0,0,0,0,0,0,0,0,6,0,86,0,227,0,76,0,17,0,93,0,5,0,256,120,142,0,0,0,38,0,40,0,2,0,0,0,0,0,0,0,0,0,0,0,0,0,0,0,0,0,0,0,0,0,14,0,362,297,510,191,223,0,7,10,0,0,0,0,0,0,0
5,103,0,56,0,0,0,7,0,11,0,262,0,165,111,248,0,12,0,287,74,162,31,116,0,6,0,325,0,95,0,36,2,331,3,42,0,190,0,81,0,12,0,0,0,0,0,40,0,2,0,12,0,0,3,0,0,0,0,0,0,0,0,0,0,10,0,0,0,0,0,0,0,0,0,0,0,0,0,0,0,0,0,0,0,0,0,0,0,0,0,0,0,0,0,0,0,0,0,0,0,0,0,0,0,0,0,0,0,0,0,0,0,0,0,0,0,0,0,0,0,0,0,0,0,8,0,2,0,0,0,0,0,0,0,0,0,0,0,0,0,0,0,0,0,0,0,7,0,7,0,8,0,0,0,0,0,0,0,0,0,0,0,0,0,31,0,116,4,63,0,13,0,108,0,0,26,326,0,165,0,0,0,9,0,0,0,21,0,0,0,0,0,2,0,0,0,0,0,0,0,0,0,0,0,0,0,0,0,0,0,3,0,0,158,0,0,0,454,213,368,179,0,4,0
33,15,122,3,0,0,0,12,81,69,16,0,2,0,0,0,24,4,0,0,0,0,18,0,291,69,0,0,28,0,0,0,0,0,0,0,3,0,43,0,0,0,1,0,6,0,0,0,34,0,0,0,234,22,281,68,0,11,4,0,421,0,226,12,41,0,56,22,1,0,0,0,0,0,0,0,0,0,0,0,0,0,0,0,0,1,0,0,0,0,4,0,0,0,0,0,1,0,0,0,0,0,0,0,0,0,0,0,0,0,0,0,0,0,0,0,0,0,0,0,0,0,0,0,28,0,79,0,7,0,15,0,57,0,9,0,5,0,0,0,0,0,0,0,0,0,21,0,25,0,44,0,6,0,0,0,33,0,0,0,0,0,0,0,0,0,3,0,26,1,130,5,277,0,0,0,31,47,0,0,0,0,5,0,0,0,0,0,0,0,0,0,0,0,0,0,0,0,4,0,5,0,0,0,0,0,0,0,31,0,576,66,280,393,638,2,190,8,0,1,0,8,0,0,0
17,71,23,38,0,7,12,0,9,45,0,6,0,0,0,17,0,133,0,10,0,0,0,23,12,46,0,0,0,71,0,0,0,0,0,0,0,6,0,88,0,0,0,0,0,0,0,0,1,1,0,0,0,64,5,177,0,6,0,17,0,186,5,323,0,0,0,5,0,0,0,0,0,0,0,0,0,0,0,0,0,0,0,0,0,0,0,0,0,0,0,0,0,1,0,0,0,0,0,0,0,0,0,0,0,0,0,0,0,0,0,0,0,0,0,0,0,0,0,0,0,0,0,0,0,18,0,9,0,0,0,15,0,3,0,49,0,28,0,8,0,0,0,0,0,0,0,5,0,11,0,17,0,6,0,4,0,0,0,0,0,7,0,0,0,14,0,5,0,7,0,62,0,244,0,1,0,63,0,0,0,0,0,26,0,0,0,0,0,0,0,0,0,0,0,0,0,0,0,0,0,0,0,0,0,0,0,0,0,27,2,0,0,0,406,0,0,0,275,25,108,397,1,32,0
51,4,34,0,16,0,81,9,0,104,29,0,20,0,11,0,24,0,6,0,3,0,5,1,81,18,3,0,4,0,0,0,1,0,0,0,0,0,8,0,0,0,2,0,2,0,10,0,6,0,0,0,257,36,176,121,1,44,17,43,248,0,176,6,62,1,181,103,0,1,0,0,0,0,0,0,0,0,0,0,0,0,0,0,0,0,0,0,0,0,0,0,0,0,0,0,0,0,0,0,0,0,0,0,0,0,0,0,0,0,0,0,0,0,0,0,0,0,0,0,0,0,0,0,4,0,19,0,0,0,0,0,0,0,7,0,0,0,0,0,0,0,0,0,0,0,10,0,27,0,12,0,9,0,9,0,35,0,0,0,3,0,0,0,0,2,0,0,16,2,104,11,125,0,0,0,130,24,0,0,0,0,6,0,62,2,0,0,0,0,0,0,1,0,0,0,0,0,0,0,0,0,0,0,0,0,3,0,9,0,437,131,209,175,354,0,68,0,4,4,0,13,0,0,0
8,43,28,11,1,11,69,45,104,0,0,11,0,19,6,15,2,22,0,34,0,0,4,9,19,24,1,58,0,0,0,0,0,0,0,0,0,2,0,0,0,0,0,1,0,3,0,0,0,3,0,0,21,245,54,242,0,6,12,46,14,151,12,249,0,97,0,62,0,1,0,0,0,0,0,0,0,0,0,0,0,0,0,0,0,0,0,0,0,0,0,0,0,0,0,0,0,0,0,0,0,0,0,0,0,0,0,0,0,0,0,0,0,0,0,0,0,0,0,0,0,0,0,0,0,44,0,7,0,0,0,26,0,5,0,11,0,0,0,0,0,0,0,0,0,0,0,7,0,66,0,15,0,26,0,12,0,83,0,0,0,4,0,1,0,19,0,15,0,36,14,137,17,235,0,7,46,158,0,5,0,4,0,22,1,37,0,0,0,0,0,0,0,0,0,0,0,0,0,0,0,4,0,0,0,0,0,4,0,2,12,0,11,0,714,0,0,0,511,46,190,480,0,44,0
217,0,70,3,127,0,16,0,29,0,0,0,358,0,23,22,14,0,13,0,86,0,39,21,0,2,12,0,0,0,50,0,128,0,12,0,101,0,36,0,98,0,4,0,19,0,61,0,6,0,0,0,0,0,0,0,0,0,0,0,0,0,0,0,5,0,2,0,0,0,0,0,0,0,0,0,0,0,0,0,0,0,0,0,0,0,0,0,0,0,0,0,0,0,0,0,0,0,3,0,0,0,0,0,0,0,0,0,0,0,0,0,0,0,0,0,0,0,0,0,0,0,0,0,0,0,9,0,0,0,0,0,0,0,0,0,0,0,0,0,0,0,3,0,0,0,0,0,0,0,14,0,0,0,0,0,0,0,0,0,0,0,0,0,9,0,108,0,0,0,3,0,23,0,3,0,137,57,144,0,3,0,78,0,54,0,17,0,0,0,0,0,0,0,0,0,0,0,0,0,6,0,0,0,0,0,0,0,0,0,117,109,116,60,51,0,0,2,0,0,0,0,0,0,0
0,124,11,8,13,262,0,6,0,11,0,0,3,255,116,30,0,0,0,117,47,28,25,16,0,0,0,284,0,29,0,18,0,195,0,0,0,77,0,37,0,43,0,0,0,10,1,163,0,0,0,5,0,0,0,0,0,0,0,0,0,0,0,0,0,4,0,0,0,0,0,0,1,0,0,0,0,0,0,0,0,0,0,0,0,0,0,0,0,0,0,0,0,0,0,0,0,0,0,0,0,0,0,0,0,0,0,0,0,0,0,0,0,0,0,0,0,0,0,0,0,0,0,0,0,9,0,0,0,0,0,0,0,0,0,0,0,0,0,0,0,0,0,0,0,0,0,0,0,6,0,0,0,25,0,0,0,0,0,0,0,0,0,0,0,0,9,52,0,0,0,5,0,46,0,28,25,463,0,89,0,37,0,36,0,32,0,2,0,0,0,0,0,0,0,0,0,0,0,0,0,0,0,0,0,0,0,0,0,3,0,0,0,0,69,0,0,0,241,154,138,0,0,0,0
126,0,74,0,460,0,2,0,20,0,358,3,0,54,50,18,0,0,171,78,97,96,16,3,0,0,95,190,0,0,15,0,0,0,153,75,24,7,0,0,191,11,83,33,42,18,144,57,28,1,179,36,0,0,0,0,0,0,0,0,0,0,3,0,0,0,0,0,0,0,0,0,0,0,0,0,0,0,0,0,0,0,0,0,0,0,0,0,0,0,0,0,0,0,0,0,0,0,0,0,0,0,0,0,0,0,0,0,0,0,0,0,0,0,0,0,0,0,0,0,0,0,0,0,0,0,8,0,0,0,0,0,2,0,0,0,0,0,0,0,0,0,0,0,0,0,6,0,0,0,13,0,0,0,0,0,0,0,0,0,0,0,0,0,62,0,26,0,0,0,0,0,0,0,0,0,113,63,72,0,4,0,32,0,19,0,132,0,0,0,0,1,0,0,0,0,3,0,0,0,0,0,0,0,0,0,0,0,0,0,61,153,341,23,20,0,0,0,0,0,0,0,0,0,0
0,162,0,19,0,165,0,0,0,19,0,255,54,0,27,16,0,0,73,164,158,134,0,0,0,0,0,106,0,0,0,18,0,28,39,307,0,91,0,0,28,100,34,66,0,16,15,195,0,53,61,144,0,0,0,0,0,0,0,0,0,0,0,0,0,3,0,0,0,0,0,0,0,0,0,0,0,0,0,0,0,0,0,0,0,0,0,0,0,0,0,0,0,0,0,0,0,0,0,0,0,0,0,0,0,0,0,0,0,0,0,1,0,0,0,0,0,0,0,0,0,0,0,0,0,0,0,0,0,0,0,0,0,0,0,0,0,0,0,0,0,0,0,0,0,0,0,0,0,0,0,0,0,30,0,0,0,0,0,0,0,1,0,0,0,26,0,40,0,0,0,0,0,0,0,53,5,273,0,43,0,64,0,34,0,37,21,86,0,0,0,0,0,0,0,0,0,0,0,0,0,0,0,0,0,0,0,0,0,0,0,2,8,0,18,0,0,0,63,150,117,0,0,0,0
32,4,372,0,201,111,0,0,11,6,23,116,50,27,0,250,54,1,160,130,272,114,359,86,177,6,183,0,10,2,104,6,124,23,34,24,98,9,18,0,0,0,0,2,60,0,34,0,6,0,18,0,0,0,55,1,11,0,0,0,0,0,0,0,9,0,0,0,0,0,0,0,0,0,0,0,0,0,0,0,0,0,0,0,0,0,0,0,0,0,27,1,0,0,0,0,0,0,0,0,0,0,0,0,0,0,0,0,0,0,0,0,0,0,0,0,0,0,0,0,0,0,2,0,0,0,51,0,0,0,0,0,0,0,43,0,0,0,0,0,0,0,41,0,0,0,30,0,14,0,50,0,21,0,0,0,0,0,0,0,0,0,6,0,0,0,136,0,41,0,0,0,32,0,2,0,296,283,70,0,12,0,17,0,36,0,2,0,2,0,0,0,0,0,0,0,1,0,0,0,28,0,0,0,0,0,0,0,35,0,95,82,123,64,41,0,0,0,0,0,0,0,0,0,0
9,66,29,178,69,248,0,17,0,15,22,30,18,16,250,0,0,87,0,505,193,362,53,276,0,103,0,107,0,105,10,18,7,162,13,7,12,68,0,67,0,0,0,0,0,0,0,4,0,0,0,1,0,0,0,41,0,16,0,0,0,10,0,0,0,13,0,1,0,0,0,0,0,0,0,0,0,0,0,0,0,0,0,0,0,167,0,0,0,0,0,0,0,0,0,0,0,0,0,0,0,0,0,0,0,0,0,0,0,0,0,0,0,0,0,0,0,0,0,0,0,0,0,0,0,0,0,0,0,0,0,0,0,0,0,0,0,0,3,0,0,0,0,68,0,5,0,0,1,4,0,14,0,2,0,0,0,0,0,0,0,3,0,0,0,11,22,42,0,18,0,7,0,58,0,0,53,413,18,103,0,0,0,0,0,5,0,4,0,0,0,0,0,0,0,0,0,0,0,2,0,0,0,0,0,0,0,0,0,13,7,6,0,0,52,0,0,0,214,200,199,89,0,0,1
66,14,93,2,0,0,24,0,24,2,14,0,0,0,54,0,0,4,48,0,313,0,54,7,101,0,47,0,159,0,36,0,28,0,19,0,8,0,97,0,0,0,40,0,108,0,0,0,17,0,40,0,67,0,57,0,6,0,4,0,26,0,234,0,0,0,0,0,0,0,67,0,5,0,18,0,0,0,0,0,71,0,0,0,166,0,23,0,0,0,116,0,0,0,0,0,164,0,309,0,83,0,0,0,0,0,21,0,0,0,0,0,0,0,0,0,0,0,0,0,95,0,22,0,0,0,0,0,1,0,0,0,0,0,6,0,8,0,14,0,55,0,102,0,52,0,0,0,0,0,0,0,0,0,1,0,0,0,0,0,0,0,0,0,2,0,14,0,0,0,5,0,45,0,0,0,12,0,0,0,0,0,0,0,0,0,0,0,0,0,0,0,0,0,0,0,0,0,0,0,15,0,0,0,0,0,0,0,1,0,15,24,105,86,25,0,22,0,0,1,0,0,0,0,0
9,28,29,22,5,12,4,133,0,22,0,0,0,0,1,87,4,0,0,0,0,144,30,250,12,138,0,0,0,172,0,0,0,19,0,2,0,0,0,43,0,0,0,3,0,0,0,0,0,0,0,0,0,85,0,18,0,83,0,6,0,14,0,34,1,1,0,0,0,0,0,0,0,0,0,7,0,0,0,1,0,149,0,0,0,284,0,24,0,0,0,0,0,0,0,0,0,0,0,101,0,26,0,0,0,0,0,0,0,0,0,0,0,0,0,0,0,0,0,0,0,47,0,11,0,0,0,9,0,8,0,0,0,16,0,101,0,129,4,47,0,57,0,342,0,4,0,0,0,2,0,15,0,0,0,50,0,0,0,0,0,30,0,0,0,0,0,0,0,0,0,0,0,2,0,0,5,39,0,2,0,0,2,5,0,0,0,0,0,0,0,0,0,0,0,0,0,0,0,0,0,0,0,0,0,0,0,0,0,33,0,0,0,3,0,0,0,0,3,61,5,0,0,0,0
20,0,85,0,160,0,0,0,6,0,13,0,171,73,160,0,48,0,0,125,142,132,119,3,67,0,168,104,0,0,22,0,2,5,43,72,33,0,0,0,55,0,22,0,34,0,82,16,0,1,162,0,0,0,37,0,0,0,0,0,0,0,18,0,6,0,0,0,1,0,0,0,0,0,0,0,0,0,2,0,12,0,0,0,0,0,0,0,0,0,0,0,0,0,0,0,22,0,0,0,0,0,0,0,0,0,0,0,0,0,0,0,0,0,0,0,0,0,0,0,0,0,0,0,0,0,13,0,0,0,0,0,0,0,0,0,0,0,0,1,0,0,0,0,0,0,0,0,6,0,10,0,6,0,0,0,0,0,0,0,0,0,0,0,106,0,71,0,82,0,5,0,17,0,0,0,70,46,43,0,0,0,13,0,0,0,175,0,0,0,0,0,0,0,0,0,0,0,0,0,0,1,0,0,0,0,0,0,0,0,40,84,343,18,21,0,0,0,0,0,0,0,0,0,0
0,188,0,125,36,287,0,10,0,34,0,117,78,164,130,505,0,0,125,0,217,239,0,99,0,67,0,353,0,0,7,28,0,38,38,84,0,72,0,0,0,5,0,9,0,37,0,71,0,3,0,39,0,0,0,0,0,0,0,0,0,0,0,0,0,24,0,0,0,0,0,0,0,0,0,0,0,0,0,0,0,0,0,0,0,0,0,0,0,0,0,0,0,0,0,0,0,0,0,0,0,0,0,0,0,0,0,0,0,0,0,0,0,0,0,0,0,0,0,0,0,0,0,0,0,16,0,0,0,0,0,8,0,0,0,0,0,11,0,0,0,0,0,0,0,0,0,0,0,20,0,22,0,7,0,0,0,0,0,4,0,0,0,3,0,45,0,100,0,101,0,3,0,13,0,0,40,176,0,20,0,0,0,0,0,22,9,24,0,0,0,0,0,0,0,0,0,0,0,0,0,0,0,0,0,0,0,0,0,11,0,0,0,0,38,0,0,0,114,152,239,42,0,0,0
38,0,135,0,170,74,0,0,3,0,86,47,97,158,272,193,313,0,142,217,0,221,166,5,90,0,125,232,40,0,77,0,19,13,27,157,43,24,0,0,8,19,28,15,110,6,4,54,10,0,144,46,23,0,20,0,0,0,0,0,0,0,110,0,2,0,0,0,0,0,68,0,8,0,33,0,0,0,0,0,55,0,0,0,90,0,0,0,2,0,54,0,0,0,0,0,89,0,274,0,65,0,0,0,0,0,15,0,0,0,0,0,0,0,0,0,0,0,0,0,77,0,8,0,0,0,0,0,0,0,0,0,0,0,7,0,5,0,0,0,51,0,34,0,75,0,4,0,0,0,0,0,0,0,0,0,0,0,0,0,0,0,0,0,50,0,69,0,54,0,3,0,26,0,1,0,118,101,23,0,0,0,2,0,0,0,100,0,0,0,0,0,0,0,0,0,0,0,0,0,0,0,0,0,0,0,0,0,0,0,85,67,176,57,48,0,6,0,7,0,0,0,0,0,0
0,0,0,24,27,162,0,0,0,0,0,28,96,134,114,362,0,144,132,239,221,0,0,134,0,77,24,227,0,23,4,19,0,26,46,97,6,41,0,0,22,0,0,128,0,69,7,35,0,0,0,121,0,5,0,4,0,0,0,0,0,12,0,89,0,0,0,0,0,0,0,0,0,0,0,22,0,0,0,0,0,176,0,14,0,223,0,0,0,0,0,0,0,0,0,0,0,0,0,100,0,0,0,0,0,0,0,0,0,0,0,0,0,0,0,0,0,0,0,0,0,81,0,18,0,0,0,0,0,0,0,0,0,0,0,49,0,73,0,94,0,160,0,232,0,61,0,0,0,0,0,0,0,0,0,0,0,21,0,8,0,0,0,0,0,65,0,124,0,103,0,0,0,46,0,0,34,88,0,8,0,0,0,0,0,0,18,24,0,0,0,0,0,1,0,0,0,0,0,0,0,0,0,0,0,0,0,0,0,16,0,0,0,0,28,0,0,0,92,106,196,59,0,0,0
74,130,325,36,60,31,18,0,5,4,39,25,16,0,359,53,54,30,119,0,166,0,0,106,89,95,66,0,40,0,8,0,18,4,2,0,9,0,43,0,0,0,0,0,56,0,23,0,0,0,0,0,7,0,114,0,0,0,0,0,0,0,16,3,1,0,0,0,0,0,3,0,2,0,0,0,0,0,0,0,0,0,0,0,13,0,4,0,0,0,27,0,0,0,0,0,33,0,26,0,10,0,0,0,0,0,14,0,0,0,0,0,0,0,0,0,0,0,0,0,7,0,2,0,3,0,0,0,0,0,0,0,0,0,13,0,0,0,0,0,0,0,50,0,0,0,0,0,0,0,8,0,0,0,0,0,0,0,0,0,0,0,0,0,0,0,0,0,3,0,0,0,30,5,0,0,171,122,2,0,0,0,14,0,0,0,0,0,0,0,0,0,0,0,0,0,0,0,0,0,10,0,0,0,0,0,0,0,7,0,63,129,34,48,33,0,8,0,2,0,0,1,0,0,0
16,19,44,113,18,116,0,23,1,9,21,16,3,0,86,276,7,250,3,99,5,134,106,0,9,146,0,36,0,66,0,19,3,32,0,10,0,9,0,22,0,0,0,12,0,4,0,0,0,0,0,5,0,0,0,50,0,28,0,0,0,6,0,35,0,6,0,0,0,0,0,5,0,0,0,14,0,0,0,0,0,154,0,0,0,256,0,0,0,0,0,0,0,0,0,19,0,0,0,111,0,30,0,0,0,0,0,0,0,0,0,0,0,0,0,0,0,0,0,0,0,43,0,0,0,0,0,0,0,0,0,4,0,9,0,86,0,61,6,22,0,29,0,160,0,7,0,0,0,0,0,0,0,1,0,0,0,0,0,0,0,0,0,2,0,0,0,43,0,7,0,0,0,36,0,0,28,271,13,12,0,0,0,0,3,0,0,0,0,0,0,0,0,0,0,0,0,0,0,3,0,0,0,2,0,0,0,2,0,11,0,0,18,0,15,0,0,0,33,123,39,23,0,3,1
58,65,149,7,8,0,291,12,81,19,0,0,0,0,177,0,101,12,67,0,90,0,89,9,0,150,0,0,64,0,6,0,3,0,3,0,0,0,30,0,0,0,0,0,65,0,25,2,14,0,9,0,19,1,230,12,7,0,14,0,8,4,82,16,0,0,0,0,0,0,7,0,0,0,3,0,0,0,0,0,0,0,0,0,19,0,0,0,0,0,0,0,0,0,0,0,26,0,18,0,0,0,0,0,0,0,8,0,0,0,0,0,0,0,0,0,0,0,0,0,9,0,5,0,0,0,0,1,0,0,0,0,0,0,19,0,3,0,0,0,18,1,51,0,7,0,2,0,0,0,10,0,0,0,2,0,0,0,1,0,1,0,0,0,0,0,0,0,0,0,3,0,25,4,0,0,19,42,2,0,0,0,9,0,0,0,0,0,0,0,0,0,0,0,0,0,0,0,0,0,15,0,1,0,0,0,3,0,9,0,15,33,47,43,27,0,11,0,0,0,0,0,0,0,0
98,14,168,35,4,6,69,46,18,24,2,0,0,0,6,103,0,138,0,67,0,77,95,146,150,0,0,0,0,108,0,0,0,6,0,0,0,0,21,57,0,0,0,0,0,5,0,0,0,0,0,0,8,29,4,237,0,148,0,44,28,55,11,164,0,0,0,0,0,0,0,0,0,0,0,0,0,0,0,0,0,56,0,0,0,234,0,0,0,0,1,0,0,0,0,0,0,34,0,74,0,0,0,0,0,0,0,0,0,0,0,0,0,0,0,0,0,0,0,0,0,2,0,0,0,10,0,0,0,0,0,8,0,11,0,317,0,148,0,37,1,6,0,134,0,0,0,2,0,5,0,40,0,4,0,5,0,1,0,3,0,15,0,0,0,0,0,0,0,0,3,3,57,46,0,0,11,152,0,1,0,3,10,19,0,0,0,0,0,0,0,0,0,0,0,1,0,0,0,5,0,53,0,0,0,0,0,21,0,68,26,1,34,17,72,0,3,1,42,92,24,44,0,0,1
0,0,34,0,94,0,0,0,3,1,12,0,95,0,183,0,47,0,168,0,125,24,66,0,0,0,0,220,0,0,7,1,2,0,23,38,21,0,0,0,28,58,343,18,139,31,74,136,44,0,288,43,0,0,0,0,0,0,0,0,0,0,0,0,0,0,0,0,0,0,0,0,0,0,0,0,0,0,0,0,0,0,0,0,0,0,0,0,0,0,0,0,0,0,0,0,0,0,0,0,0,0,0,0,0,0,0,0,0,0,0,0,0,0,0,0,0,0,0,0,0,0,0,0,0,0,0,0,0,0,0,0,0,0,0,0,0,0,0,0,0,0,0,0,0,0,0,0,0,0,0,0,0,0,0,0,0,0,0,0,0,0,0,0,117,0,24,0,74,0,8,0,13,0,0,0,0,52,4,0,0,0,0,0,0,0,206,0,0,0,0,0,0,0,0,0,0,0,0,0,0,0,0,0,0,0,0,0,0,0,28,161,611,22,0,0,0,8,0,0,0,0,0,0,0
0,238,0,55,16,325,0,0,0,58,0,284,190,106,0,107,0,0,104,353,232,227,0,36,0,0,220,0,0,0,0,5,0,6,98,92,2,51,0,0,176,49,271,131,60,201,133,105,28,15,303,229,0,0,0,0,0,0,0,0,0,3,0,0,0,21,0,0,0,0,0,2,0,0,0,0,0,0,0,1,0,0,0,0,0,0,0,0,0,0,0,0,0,0,0,0,0,0,0,0,0,0,0,7,0,0,0,0,0,0,0,0,0,0,0,0,0,0,0,0,0,0,0,0,0,0,0,0,0,0,0,0,0,0,0,0,0,0,0,0,0,7,0,0,0,0,0,0,0,0,0,17,0,0,0,0,0,0,0,0,0,0,0,0,0,115,0,32,0,81,0,0,0,0,0,0,8,172,0,4,0,0,0,8,0,0,84,85,0,32,0,0,0,0,0,0,0,0,0,0,0,0,0,0,0,0,0,0,0,12,0,0,0,0,31,0,0,0,118,401,493,37,0,0,10
59,0,269,0,13,0,28,0,4,0,0,0,0,0,10,0,159,0,0,0,40,0,40,0,64,0,0,0,0,0,27,0,5,0,84,0,95,0,6,0,0,0,41,0,0,0,0,0,0,0,33,0,9,0,4,0,0,0,0,0,12,0,43,0,0,0,0,0,0,0,25,0,0,0,3,0,0,0,0,0,0,0,0,0,0,0,0,0,0,0,6,0,0,0,2,0,14,0,0,0,7,0,0,0,0,0,0,0,0,0,0,0,0,0,0,0,0,0,0,0,0,0,6,0,0,0,0,0,0,0,0,0,0,0,0,0,3,0,43,0,52,0,8,0,45,0,0,0,0,0,0,0,0,0,0,0,0,0,0,0,0,0,0,0,0,0,0,0,0,0,0,0,3,0,0,0,8,0,0,0,0,0,0,0,0,0,0,0,0,0,0,0,0,0,0,0,0,0,0,0,0,0,0,0,0,0,0,0,0,0,0,10,0,0,0,0,0,0,0,0,0,0,0,0,0
1,99,0,121,0,95,0,71,0,0,0,29,0,0,2,105,0,172,0,0,0,23,0,66,0,108,0,0,0,0,0,10,0,6,0,18,0,3,1,42,0,0,0,0,0,1,0,0,0,0,0,4,0,6,0,5,0,6,0,0,0,46,0,51,0,8,0,0,0,0,0,0,0,0,0,2,0,0,0,0,0,33,0,0,0,63,0,0,0,0,0,0,0,0,0,0,0,0,0,33,0,10,0,0,0,0,0,0,0,0,0,0,0,0,0,0,0,0,0,0,0,25,0,0,0,0,0,0,0,0,0,0,0,0,0,23,0,46,0,57,0,68,0,86,0,22,0,0,0,0,0,0,0,0,0,6,0,3,0,0,0,0,0,0,0,0,0,0,0,0,0,1,0,0,0,0,2,21,0,14,0,0,0,0,0,0,0,0,0,0,0,0,0,0,0,0,0,0,0,0,0,0,0,0,0,0,0,2,0,10,0,0,0,0,0,0,0,0,0,33,0,0,0,0,0
22,0,78,0,114,0,0,0,0,0,50,0,15,0,104,10,36,0,22,7,77,4,8,0,6,0,7,0,27,0,0,0,3,0,70,0,36,0,1,0,0,0,61,0,34,0,1,0,0,0,48,0,3,0,4,0,0,0,0,0,1,0,17,0,0,0,0,0,0,0,0,0,0,0,5,0,0,0,0,0,13,0,0,0,0,0,0,0,0,0,0,0,0,0,0,0,0,0,0,0,0,0,0,0,0,0,1,0,0,0,0,0,0,0,0,0,0,0,0,0,19,0,0,0,0,0,0,0,0,0,0,0,0,0,0,0,0,0,0,0,23,0,0,0,0,0,0,0,0,0,0,0,0,0,0,0,0,0,0,0,0,0,0,0,0,0,6,0,0,0,0,0,9,0,0,0,12,0,9,0,0,0,4,0,0,0,1,0,0,0,0,0,0,0,0,0,0,0,0,0,0,0,0,0,0,0,0,0,0,0,0,1,7,10,0,0,0,0,0,1,0,0,0,0,0
0,0,0,0,5,36,0,0,0,0,0,18,0,18,6,18,0,0,0,28,0,19,0,19,0,0,1,5,0,10,0,0,0,1,0,0,0,5,0,1,0,0,0,23,0,0,0,0,0,0,0,6,0,4,0,0,0,0,0,0,0,21,0,15,0,1,0,0,0,0,0,0,0,0,0,2,0,0,0,0,0,17,0,0,0,0,0,0,0,0,0,0,0,0,0,0,0,0,0,0,0,0,0,0,0,0,0,0,0,0,0,0,0,0,0,0,0,0,0,0,0,0,0,0,0,0,0,0,0,0,0,0,0,0,0,0,0,25,0,0,0,46,0,57,0,26,0,1,0,0,0,0,0,0,0,0,0,0,0,0,0,0,0,0,0,0,0,1,0,0,0,0,0,8,0,0,0,17,0,3,0,0,0,0,0,0,1,5,0,0,0,0,0,0,0,0,0,0,0,0,0,0,0,0,0,0,0,0,0,0,0,0,0,0,0,0,0,0,0,1,3,0,0,0,0
45,0,175,0,170,2,0,0,1,0,128,0,0,0,124,7,28,0,2,0,19,0,18,3,3,0,2,0,5,0,3,0,0,0,8,0,119,0,0,0,2,0,15,0,17,0,0,0,0,0,13,0,0,0,0,0,0,0,0,0,1,0,4,0,0,0,0,0,0,0,0,0,0,0,0,0,0,0,0,0,0,0,0,0,0,0,0,0,0,0,0,0,0,0,0,0,6,0,0,0,0,0,0,0,0,0,0,0,0,0,0,0,0,0,0,0,0,0,0,0,0,0,0,0,0,0,0,0,0,0,0,0,0,0,0,0,0,0,8,0,0,0,0,0,0,0,0,0,0,0,0,0,0,0,0,0,0,0,0,0,0,0,0,0,0,0,32,0,0,0,0,0,8,0,0,0,30,22,12,0,0,0,5,0,0,0,0,0,0,0,0,0,0,0,0,0,0,0,0,0,1,0,0,0,0,0,0,0,3,0,0,9,12,0,0,0,0,0,0,0,0,0,0,0,0
0,0,4,73,0,331,0,0,0,0,0,195,0,28,23,162,0,19,5,38,13,26,4,32,0,6,0,6,0,6,0,1,0,0,0,9,0,57,0,2,0,0,0,14,0,5,0,2,0,0,0,10,0,6,0,2,0,0,0,0,0,18,0,26,0,5,0,0,0,0,0,0,0,0,0,0,0,0,0,0,0,17,0,0,0,0,0,0,0,0,0,0,0,0,0,0,0,0,0,0,0,0,0,0,0,0,0,0,0,0,0,0,0,0,0,0,0,0,0,0,0,0,0,0,0,0,0,0,0,0,0,0,0,0,0,0,0,0,0,11,0,14,0,26,0,21,0,0,0,0,0,8,0,0,0,1,0,28,0,0,0,0,0,0,0,0,0,15,0,1,0,0,0,0,0,0,4,93,0,56,0,0,0,2,0,0,0,0,0,0,0,0,0,0,0,0,0,0,0,0,0,0,0,0,0,0,0,1,0,0,0,0,3,0,0,0,0,0,0,69,3,3,0,0,0
0,0,0,0,85,3,0,0,0,0,12,0,153,39,34,13,19,0,43,38,27,46,2,0,3,0,23,98,84,0,70,0,8,0,0,43,112,4,0,0,8,0,4,0,8,0,10,29,1,0,36,0,0,0,0,0,0,0,1,0,0,0,16,0,0,0,0,0,0,0,6,0,0,0,4,0,0,0,0,0,0,0,1,0,0,0,0,0,0,0,0,0,0,0,0,0,7,0,0,0,10,0,0,0,0,0,0,0,0,0,0,0,0,0,0,0,0,0,0,0,0,0,0,0,0,0,0,0,0,0,0,0,0,0,0,0,0,0,0,0,0,0,0,0,0,0,0,0,0,0,0,0,0,0,0,0,0,0,0,0,0,0,0,0,7,0,0,0,8,0,2,0,3,0,0,0,25,13,11,0,0,0,0,0,0,0,65,0,0,0,0,0,0,0,0,0,0,0,0,0,0,0,0,0,0,0,0,0,0,0,8,5,30,0,4,0,0,0,0,0,0,0,0,0,0
0,0,0,2,0,42,0,0,0,0,0,0,75,307,24,7,0,2,72,84,157,97,0,10,0,0,38,92,0,18,0,0,0,9,43,0,0,42,0,3,35,11,37,16,6,15,27,5,0,0,78,26,0,4,0,0,0,0,0,0,0,30,0,14,0,0,0,0,0,0,0,0,0,0,0,0,0,0,0,0,0,0,0,0,0,22,0,0,0,0,0,0,0,0,0,0,0,0,0,0,0,0,0,0,0,0,0,0,0,0,0,0,0,0,0,0,0,0,0,0,0,9,0,0,0,0,0,0,0,0,0,0,0,0,0,2,0,12,0,26,0,33,0,22,0,0,0,0,0,0,0,0,0,0,0,0,0,21,0,5,0,0,0,0,0,8,0,4,0,14,0,2,0,9,0,0,8,204,0,3,0,0,0,0,0,0,29,72,0,0,0,0,0,0,0,0,0,0,0,0,0,0,0,0,0,0,0,0,0,0,0,0,0,0,0,0,0,0,10,26,48,10,0,0,0
68,0,124,0,168,0,3,0,0,0,101,0,24,0,98,12,8,0,33,0,43,6,9,0,0,0,21,2,95,0,36,0,119,0,112,0,0,0,46,0,0,0,100,0,30,0,0,0,1,0,99,0,9,0,0,0,0,0,0,0,19,0,48,0,0,0,0,0,0,0,58,0,0,0,34,0,0,0,0,0,42,0,0,0,37,0,0,0,0,0,17,0,0,0,0,0,25,0,121,0,41,0,0,0,0,0,0,0,0,0,0,0,0,0,0,0,0,0,0,0,55,0,0,0,0,0,0,0,0,0,0,0,0,0,0,0,0,0,106,0,122,0,0,0,181,0,0,0,0,0,0,0,0,0,5,0,37,0,0,0,0,0,32,0,22,0,10,0,29,0,21,0,24,0,0,0,43,20,16,0,0,0,5,0,5,0,0,0,0,0,0,0,0,0,0,0,0,0,0,0,0,0,0,0,0,0,0,0,0,0,0,13,23,6,7,0,0,0,0,0,0,0,0,0,0
0,62,0,34,2,190,0,6,0,2,0,77,7,91,9,68,0,0,0,72,24,41,0,9,0,0,0,51,0,3,0,5,0,57,4,42,0,0,0,6,0,5,0,80,0,19,0,0,0,0,0,29,0,3,0,0,0,0,0,0,0,50,0,8,0,0,0,0,0,0,0,0,0,0,0,3,0,0,0,0,0,0,0,0,0,0,0,0,0,0,0,0,0,0,0,4,0,0,0,0,0,0,0,0,0,0,0,0,0,0,0,0,0,0,0,0,0,0,0,0,0,18,0,7,0,0,0,0,0,0,0,0,0,0,0,0,0,10,0,22,0,36,0,31,0,33,0,0,0,0,0,0,0,0,0,0,0,10,0,4,0,0,0,2,0,4,0,19,0,24,0,5,0,37,0,0,7,83,0,33,0,0,0,2,0,0,3,11,0,2,0,0,0,0,0,3,0,0,0,0,0,1,0,0,0,0,0,0,0,0,0,0,0,0,0,0,0,0,9,134,14,6,0,0,0
291,14,728,6,0,0,43,0,8,0,36,0,0,0,18,0,97,0,0,0,0,0,43,0,30,21,0,0,6,1,1,0,0,0,0,0,46,0,0,0,0,0,6,0,0,0,0,0,1,0,14,0,7,0,0,0,0,0,0,0,3,0,10,0,0,0,0,0,0,0,3,0,0,0,0,0,0,0,0,0,0,0,0,0,0,0,0,0,0,0,1,0,0,0,0,0,0,0,0,0,0,0,0,0,0,0,0,0,0,0,0,0,0,0,0,0,0,0,0,0,0,0,1,0,0,0,0,0,0,0,0,0,0,0,0,0,1,0,24,0,0,0,6,0,10,0,0,0,0,0,0,0,0,0,16,0,33,0,0,0,0,0,0,0,0,0,21,0,0,0,0,0,47,0,0,0,25,17,0,0,0,0,11,0,0,0,0,0,0,0,0,0,0,0,0,0,0,0,0,0,0,0,0,0,0,0,0,0,0,0,0,91,3,0,0,0,0,0,0,2,0,0,0,0,0
0,243,7,124,0,81,0,88,0,0,0,37,0,0,0,67,0,43,0,0,0,0,0,22,0,57,0,0,0,42,0,1,0,2,0,3,0,6,0,0,0,0,0,0,1,0,0,0,0,0,0,0,0,6,0,1,0,0,0,0,0,17,0,41,0,0,0,0,0,0,0,0,0,0,0,7,0,0,0,0,0,0,0,0,0,36,0,0,0,0,0,0,0,0,0,0,0,0,0,0,0,0,0,0,0,0,0,0,0,0,0,0,0,0,0,0,0,0,0,0,0,0,0,7,0,2,0,0,0,0,0,0,0,0,0,0,0,0,0,16,0,39,0,44,0,20,0,0,0,0,0,0,0,0,0,0,0,22,0,0,0,0,0,0,0,0,0,0,0,0,0,0,0,19,0,0,0,32,0,19,0,0,0,0,0,1,0,0,0,0,0,0,0,0,0,1,0,0,0,0,0,0,0,0,0,0,0,0,0,5,0,0,1,0,7,0,0,0,8,92,0,0,0,0,0
66,0,33,0,216,0,0,0,0,0,98,0,191,28,0,0,0,0,55,0,8,22,0,0,0,0,28,176,0,0,0,0,2,0,8,35,0,0,0,0,0,20,41,16,55,36,130,88,154,2,24,0,0,0,0,0,0,0,0,0,0,0,0,0,0,0,0,0,0,0,0,0,0,0,0,0,0,0,0,0,0,0,0,0,0,0,0,0,0,0,0,0,0,0,0,0,0,0,0,0,0,0,0,0,0,0,0,0,0,0,0,0,0,0,0,0,0,0,0,0,0,0,0,0,1,0,8,0,0,0,0,0,0,0,0,0,0,0,0,0,0,0,0,0,0,0,0,0,0,0,0,0,0,0,0,0,0,0,0,0,0,0,0,0,0,0,0,0,0,0,0,0,0,0,0,0,17,24,19,0,0,0,34,0,14,0,101,0,0,0,0,0,0,0,0,0,0,0,0,0,0,0,0,0,0,0,0,0,0,0,0,79,87,7,0,0,0,7,0,0,3,0,0,0,0
0,11,0,1,0,12,0,0,0,0,0,43,11,100,0,0,0,0,0,5,19,0,0,0,0,0,58,49,0,0,0,0,0,0,0,11,0,5,0,0,20,0,62,30,46,74,37,366,11,114,79,22,0,0,0,0,0,0,0,0,0,0,0,0,0,0,0,0,0,0,0,0,0,0,0,0,0,0,0,0,0,0,0,0,0,0,0,0,0,0,0,0,0,1,0,0,0,0,0,0,0,0,0,0,0,0,0,0,0,0,0,0,0,0,0,0,0,0,0,0,0,0,0,0,0,0,0,0,0,0,0,0,0,0,0,0,0,0,0,0,0,0,0,0,0,0,0,0,0,5,0,0,0,0,0,0,0,0,0,0,0,0,0,0,0,24,0,0,0,0,0,0,0,0,0,0,0,141,0,27,0,68,0,0,0,25,25,8,0,0,0,0,0,0,0,2,0,0,0,0,0,0,0,0,0,0,0,0,0,0,0,0,0,0,0,0,0,0,0,17,15,0,0,0,4
0,0,0,0,9,0,1,0,2,0,4,0,83,34,0,0,40,0,22,0,28,0,0,0,0,0,343,271,41,0,61,0,15,0,4,37,100,0,6,0,41,62,0,31,107,52,78,190,64,0,69,54,0,0,0,0,0,0,0,0,7,0,43,0,0,0,0,0,0,0,25,0,0,0,16,0,0,0,0,0,47,0,0,0,0,0,12,0,0,0,0,0,0,0,16,0,0,0,122,0,33,0,0,0,0,0,0,0,0,0,0,0,0,0,0,0,0,0,0,0,37,0,0,0,0,0,0,0,0,0,0,0,0,0,0,0,0,0,0,0,0,0,0,0,55,0,0,0,0,0,0,0,0,0,0,0,0,0,0,0,0,0,0,0,6,0,31,0,9,0,5,0,24,0,0,0,0,29,0,0,0,0,0,0,0,0,123,0,0,0,0,0,0,0,0,0,0,0,0,0,0,0,0,0,0,0,0,0,0,0,41,86,112,34,15,0,5,0,0,0,0,0,0,0,0
0,0,0,0,0,0,0,0,0,1,0,0,33,66,2,0,0,3,0,9,15,128,0,12,0,0,18,131,0,0,0,23,0,14,0,16,0,80,0,0,16,30,31,0,15,109,9,75,0,15,37,38,0,0,0,0,0,0,0,0,0,28,0,8,0,0,0,0,0,0,0,0,0,0,0,0,0,0,0,0,0,43,0,0,0,38,0,0,0,0,0,0,0,0,0,0,0,0,0,0,0,0,0,0,0,0,0,0,0,0,0,0,0,0,0,0,0,0,0,0,0,0,0,0,0,0,0,0,0,0,0,0,0,0,0,0,0,0,0,0,0,89,0,75,0,0,0,0,0,0,0,0,0,0,0,0,0,18,0,0,0,0,0,0,0,40,0,22,0,0,0,0,0,51,0,0,0,30,0,0,0,0,0,0,0,0,7,19,0,0,0,0,0,0,0,0,0,0,0,0,0,0,0,0,0,0,0,0,0,0,0,0,4,0,12,0,0,0,48,35,59,12,3,1,0
19,0,81,0,70,0,6,0,2,0,19,0,42,0,60,0,108,0,34,0,110,0,56,0,65,0,139,60,0,0,34,0,17,0,8,6,30,0,0,1,55,46,107,15,0,72,174,198,232,32,50,10,0,0,33,1,0,0,0,0,0,0,81,0,0,0,0,0,0,0,54,0,0,0,35,0,2,0,9,0,60,0,11,0,0,0,36,0,0,0,0,0,0,0,0,0,85,0,241,0,73,0,0,0,29,0,0,0,0,0,0,0,0,0,0,0,0,0,0,0,67,0,0,0,0,0,0,0,1,0,0,0,0,0,0,0,0,0,0,0,0,0,0,0,59,0,0,0,0,0,10,0,0,0,0,0,1,0,0,0,4,0,31,0,104,0,72,0,133,0,11,0,48,0,0,0,14,27,2,0,0,0,0,0,0,0,78,0,0,0,0,0,83,0,0,0,11,0,0,0,0,0,0,0,0,0,0,0,0,0,85,140,316,40,40,9,0,35,0,1,0,0,0,0,0
0,0,0,0,0,0,0,0,0,3,0,10,18,16,0,0,0,0,0,37,6,69,0,4,0,5,31,201,0,1,0,0,0,5,0,15,0,19,0,0,36,74,52,109,72,0,55,208,46,192,39,97,0,0,0,0,0,0,0,0,0,0,0,0,0,0,0,0,0,6,0,0,0,0,0,0,0,0,0,0,0,0,0,0,0,10,0,0,0,8,0,0,0,0,0,32,0,0,0,0,0,0,0,10,0,0,0,0,0,0,0,0,0,0,0,0,0,0,0,0,0,0,0,1,0,0,0,0,0,0,0,0,0,0,0,0,0,0,0,0,0,4,0,0,0,2,0,0,0,0,0,0,0,0,0,0,0,0,0,0,0,2,0,0,0,164,0,27,0,60,0,0,0,11,0,0,0,46,0,0,0,0,0,0,0,0,29,36,0,0,0,0,0,0,0,0,0,0,0,0,0,3,0,0,0,0,0,0,0,0,0,0,0,0,19,0,0,0,73,132,284,18,0,0,120
52,0,76,0,164,0,0,0,10,0,61,1,144,15,34,0,0,0,82,0,4,7,23,0,25,0,74,133,0,0,1,0,0,0,10,27,0,0,0,0,130,37,78,9,174,55,0,127,253,17,21,17,0,0,0,0,0,0,0,0,0,0,6,0,0,0,0,0,0,0,0,0,0,0,0,0,0,0,0,0,0,0,0,0,0,0,0,0,0,0,0,0,0,0,0,0,0,0,0,0,0,0,0,0,0,0,0,0,0,0,0,0,0,0,0,0,0,0,0,0,0,0,0,0,0,0,0,0,0,0,0,0,0,0,0,0,0,0,0,0,0,0,0,0,0,0,9,0,0,0,0,0,6,0,0,0,0,0,0,0,0,0,1,0,13,0,0,0,0,0,2,0,0,0,0,0,18,34,9,0,6,0,34,0,38,0,112,0,0,0,0,0,0,0,0,0,0,0,0,0,0,0,0,0,0,0,0,0,9,0,13,198,167,13,0,0,0,19,0,0,0,0,0,0,0
0,67,0,0,0,40,0,0,0,0,0,163,57,195,0,4,0,0,16,71,54,35,0,0,2,0,136,105,0,0,0,0,0,2,29,5,0,0,0,0,88,366,190,75,198,208,127,0,56,240,191,50,0,0,0,0,0,0,0,0,0,0,0,0,0,0,0,0,0,3,0,0,0,0,0,0,0,0,0,0,0,0,0,0,0,0,0,0,0,0,0,0,0,0,0,0,0,0,0,0,0,0,0,0,0,0,0,0,0,0,0,0,0,0,0,0,0,0,0,0,0,0,0,0,0,0,0,0,0,0,0,0,0,0,0,0,0,0,0,0,0,0,0,0,0,0,0,0,0,0,0,0,0,2,0,0,0,0,0,0,0,0,0,0,0,0,1,0,0,0,0,0,0,0,0,0,0,261,0,2,0,0,0,0,0,0,59,36,0,0,0,0,0,0,0,0,0,0,0,0,0,0,0,0,0,0,0,0,0,0,0,0,10,0,2,0,0,0,0,84,35,0,2,0,24
10,0,30,0,21,0,34,1,6,0,6,0,28,0,6,0,17,0,0,0,10,0,0,0,14,0,44,28,0,0,0,0,0,0,1,0,1,0,1,0,154,11,64,0,232,46,253,56,0,54,26,1,5,0,15,0,11,0,28,0,2,0,0,0,1,0,7,2,0,0,1,0,0,0,0,0,0,0,0,0,0,0,6,0,0,0,11,0,0,0,0,0,0,0,8,0,0,0,0,0,0,0,1,0,11,0,15,0,0,0,0,0,0,0,0,0,0,0,0,0,0,0,0,0,0,0,0,0,0,0,3,0,0,0,3,0,0,0,1,0,3,0,0,0,0,0,0,0,0,0,0,0,3,0,4,0,0,0,0,0,17,1,15,0,15,0,8,0,37,0,9,0,8,0,3,0,17,14,24,0,0,0,5,0,7,0,170,0,23,0,11,0,43,0,11,0,5,0,0,0,12,0,14,0,33,0,2,0,7,0,36,42,196,23,40,7,10,31,0,0,0,0,0,0,0
0,4,0,0,0,2,0,1,0,3,0,0,1,53,0,0,0,0,1,3,0,0,0,0,0,0,0,15,0,0,0,0,0,0,0,0,0,0,0,0,2,114,0,15,32,192,17,240,54,0,0,16,0,0,0,0,0,0,0,0,0,0,0,0,0,0,0,0,0,15,0,0,0,0,0,0,0,0,0,0,0,13,0,5,0,0,0,4,0,13,0,0,0,2,0,40,0,0,0,0,0,0,0,13,0,0,0,0,0,0,0,0,0,0,0,0,0,0,0,0,0,0,0,0,0,0,0,0,0,0,0,0,0,0,0,0,0,1,0,0,0,0,0,0,0,0,0,0,0,0,0,2,0,0,0,0,0,0,0,0,0,0,0,0,0,56,0,3,0,51,0,0,0,0,0,6,0,154,0,4,0,0,0,0,0,0,35,73,0,0,0,0,0,0,0,10,0,2,0,5,0,0,0,7,0,0,0,1,0,1,0,0,0,0,0,0,0,0,0,43,20,2,12,1,6
0,0,0,0,57,0,0,0,0,0,0,0,179,61,18,0,40,0,162,0,144,0,0,0,9,0,288,303,33,0,48,0,13,0,36,78,99,0,14,0,24,79,69,37,50,39,21,191,26,0,0,70,0,0,0,0,0,0,0,0,0,0,0,0,0,0,0,0,2,0,14,0,0,0,15,0,0,0,0,0,0,0,6,0,20,0,0,0,0,0,35,0,0,0,22,0,0,0,0,0,22,0,2,0,0,0,0,0,0,0,0,0,0,0,0,0,0,0,0,0,0,0,0,0,0,0,0,0,0,0,0,0,0,0,0,0,0,0,0,0,0,0,0,0,25,0,0,0,1,0,0,0,0,0,0,0,0,0,0,0,0,0,13,0,27,0,46,0,141,0,11,0,63,0,0,0,18,60,9,0,0,0,0,0,0,0,101,0,0,0,0,0,48,0,17,0,0,0,0,0,21,0,0,0,0,0,0,0,0,0,67,54,116,34,30,2,1,0,0,0,0,0,0,0,0
0,0,0,1,0,12,0,0,0,0,0,5,36,144,0,1,0,0,0,39,46,121,0,5,0,0,43,229,0,4,0,6,0,10,0,26,0,29,0,0,0,22,54,38,10,97,17,50,1,16,70,0,0,0,0,3,0,4,0,0,0,16,0,1,0,0,0,0,0,6,0,4,0,0,0,8,0,0,0,0,0,45,0,0,0,35,0,0,0,0,0,0,0,0,0,20,0,0,0,0,0,0,0,6,0,0,0,0,0,0,0,0,0,0,0,0,0,0,0,0,0,23,0,4,0,0,0,0,0,0,1,4,0,0,0,0,0,0,0,5,0,19,0,0,0,16,0,0,0,0,0,0,0,0,0,0,0,4,0,0,0,5,0,6,0,25,0,7,0,83,0,10,0,73,0,0,0,94,0,0,0,0,0,0,0,0,23,55,0,0,0,0,0,0,0,14,0,0,0,0,0,0,0,0,0,0,0,0,0,0,0,0,0,0,22,0,0,0,60,17,85,43,12,2,0
5,0,7,0,0,0,234,0,257,21,0,0,0,0,0,0,67,0,0,0,23,0,7,0,19,8,0,0,9,0,3,0,0,0,0,0,9,0,7,0,0,0,0,0,0,0,0,0,5,0,0,0,0,0,282,20,126,0,136,0,26,0,70,0,1,0,26,3,0,0,9,0,0,0,3,0,0,0,0,0,23,0,0,0,112,0,0,0,0,0,58,0,0,0,0,0,146,0,101,0,10,0,0,0,0,0,0,0,0,0,0,0,0,0,0,0,0,0,0,0,30,0,25,0,7,0,0,0,7,0,27,0,33,0,0,0,31,0,253,0,88,0,227,0,30,0,0,0,3,0,0,0,0,0,240,1,125,0,39,0,7,0,9,0,0,0,0,0,0,0,33,0,8,0,0,0,99,4,0,0,0,1,0,0,17,0,0,0,0,0,0,0,0,0,0,0,0,0,1,0,17,0,0,0,0,0,0,0,0,0,27,25,60,58,39,0,32,0,0,0,0,5,0,0,0
0,14,0,1,0,0,22,64,36,245,0,0,0,0,0,0,0,85,0,0,0,5,0,0,1,29,0,0,0,6,0,4,0,6,0,4,0,3,0,6,0,0,0,0,0,0,0,0,0,0,0,0,0,0,16,150,0,126,13,60,0,32,4,46,0,2,12,24,0,0,0,0,0,0,0,1,0,0,0,0,0,6,0,2,0,8,0,0,0,0,0,0,0,0,0,0,0,0,1,4,0,0,0,0,0,0,0,0,0,0,0,0,0,0,0,0,0,0,0,0,0,0,0,0,0,0,0,2,0,3,0,4,0,3,0,11,0,15,0,61,0,7,0,20,0,54,0,0,0,1,0,3,0,0,0,114,0,51,0,53,2,19,0,0,0,0,0,0,0,0,5,21,9,2,0,0,18,65,0,0,0,0,0,26,0,30,0,0,0,0,0,0,0,0,0,0,0,0,0,0,1,0,0,0,0,0,0,0,0,0,10,4,6,0,173,0,1,0,129,117,28,92,0,4,0
3,0,76,0,0,3,281,5,176,54,0,0,0,0,55,0,57,0,37,0,20,0,114,0,230,4,0,0,4,0,4,0,0,0,0,0,0,0,0,0,0,0,0,0,33,0,0,0,15,0,0,0,282,16,0,38,43,15,108,26,61,0,21,3,1,0,21,74,0,0,0,0,0,0,0,0,0,0,0,0,0,0,0,0,23,0,0,0,0,0,15,0,0,0,0,0,23,0,21,0,0,0,0,0,0,0,19,0,0,0,0,0,0,0,0,0,0,0,0,0,0,0,0,0,9,0,62,0,35,0,6,0,48,0,54,0,38,0,56,0,39,0,184,0,5,0,5,0,3,3,23,0,2,2,46,0,33,0,38,0,9,0,0,0,1,0,0,0,10,0,73,0,19,1,0,0,49,5,0,0,2,0,0,0,15,0,0,0,0,0,0,0,0,0,0,0,1,0,0,0,39,0,0,0,0,0,0,0,46,0,73,27,149,206,174,0,77,0,0,1,0,0,0,0,0
2,11,7,33,0,0,68,177,121,242,0,0,0,0,1,41,0,18,0,0,0,4,0,50,12,237,0,0,0,5,0,0,0,2,0,0,0,0,0,1,0,0,0,0,1,0,0,0,0,0,0,3,20,150,38,0,1,137,42,83,0,16,7,102,4,11,34,33,0,0,0,0,0,0,0,0,0,0,0,0,0,0,0,0,0,28,0,0,0,0,0,0,0,0,0,0,0,0,0,0,0,0,0,0,0,0,0,0,0,0,0,0,0,0,0,0,0,0,0,0,0,0,0,0,0,58,0,44,0,0,0,54,0,21,0,127,0,96,0,53,0,3,2,50,0,9,0,8,0,12,0,27,0,5,0,26,0,14,0,9,0,33,0,0,0,5,0,2,0,7,19,113,27,45,0,0,42,47,0,0,0,0,1,5,5,23,0,0,0,0,0,0,0,0,0,0,0,0,0,6,0,0,0,0,0,0,0,13,0,61,34,10,18,16,185,0,7,0,46,16,100,221,3,13,0
0,0,0,0,0,0,0,0,1,0,0,0,0,0,11,0,6,0,0,0,0,0,0,0,7,0,0,0,0,0,0,0,0,0,0,0,0,0,0,0,0,0,0,0,0,0,0,0,11,0,0,0,126,0,43,1,0,11,79,21,0,0,0,0,26,29,6,33,0,0,0,0,0,0,0,0,0,0,0,0,0,0,1,0,0,0,0,0,0,0,3,0,0,0,0,0,2,0,0,0,0,0,0,0,0,0,0,0,0,0,0,0,0,0,0,0,0,0,0,0,0,0,0,0,4,0,22,0,36,0,54,0,42,0,3,0,8,0,35,0,0,0,19,0,0,2,5,0,8,0,0,0,0,0,85,16,52,0,75,7,44,31,38,0,0,0,0,0,20,0,35,0,0,0,0,0,0,0,0,0,0,13,0,0,44,0,0,0,0,0,0,0,2,0,0,0,0,0,0,0,2,0,0,0,0,0,0,0,9,0,292,25,159,302,725,0,49,5,0,0,0,0,0,0,0
0,3,0,9,0,0,11,6,44,6,0,0,0,0,0,16,0,83,0,0,0,0,0,28,0,148,0,0,0,6,0,0,0,0,0,0,0,0,0,0,0,0,0,0,0,0,0,0,0,0,0,4,0,126,15,137,11,0,55,313,0,0,0,47,5,14,75,17,0,3,0,0,0,0,0,0,0,0,0,0,0,0,0,0,0,0,0,10,0,3,0,0,0,0,0,0,0,0,0,0,0,0,0,0,0,0,0,0,0,0,0,0,0,0,0,0,0,0,0,0,0,0,0,0,0,45,0,12,0,22,0,42,0,20,0,29,0,30,0,65,0,0,0,10,0,3,0,0,0,4,0,13,0,0,0,164,0,11,2,65,0,83,0,19,0,11,0,0,1,42,6,326,0,0,0,0,17,7,0,0,0,0,0,0,26,45,0,0,0,0,0,0,0,0,0,0,0,0,0,1,0,4,0,0,0,0,0,0,0,19,8,4,10,0,507,0,0,0,128,84,404,389,5,32,0
0,0,12,0,0,0,4,0,17,12,0,0,0,0,0,0,4,0,0,0,0,0,0,0,14,0,0,0,0,0,0,0,0,0,1,0,0,0,0,0,0,0,0,0,0,0,0,0,28,0,0,0,136,13,108,42,79,55,0,111,60,0,5,0,152,62,106,255,4,0,0,0,0,0,0,0,0,0,0,0,0,0,0,0,0,0,3,0,0,0,0,0,0,0,0,0,0,0,0,0,1,0,0,0,0,0,0,0,0,0,0,0,0,0,0,0,0,0,0,0,0,0,0,0,36,1,18,0,10,0,206,0,41,0,0,0,0,0,29,0,0,0,0,0,0,0,13,0,76,0,0,0,0,0,186,31,138,0,0,19,156,0,35,0,0,0,4,0,18,0,163,0,0,0,0,0,14,0,0,0,0,10,0,0,167,4,0,0,0,0,0,0,0,0,0,0,0,0,0,0,0,0,0,0,0,0,0,0,0,0,838,183,339,649,1667,4,104,11,0,0,0,0,0,0,0
1,4,0,0,0,0,0,17,43,46,0,0,0,0,0,0,0,6,0,0,0,0,0,0,0,44,0,0,0,0,0,0,0,0,0,0,0,0,0,0,0,0,0,0,0,0,0,0,0,0,0,0,0,60,26,83,21,313,111,0,0,0,0,7,0,58,134,128,0,10,0,0,0,0,0,0,0,0,0,0,0,0,0,0,0,0,0,14,0,0,0,0,0,3,0,0,0,0,0,5,0,2,0,0,0,0,0,0,0,0,0,0,0,0,0,0,0,0,0,0,0,0,0,0,0,77,0,17,0,0,0,88,0,22,0,0,0,0,2,11,0,0,0,0,0,8,0,4,0,18,0,15,0,0,0,66,0,65,1,35,0,19,0,0,0,16,0,11,0,57,0,211,0,25,0,0,14,14,0,0,0,4,0,0,28,25,0,0,0,0,0,0,0,0,0,0,0,0,0,1,0,0,0,0,0,0,0,0,0,11,0,4,0,0,1382,0,0,0,407,134,550,568,14,44,0
108,4,119,1,0,0,421,0,248,14,0,0,0,0,0,0,26,0,0,0,0,0,0,0,8,28,0,0,12,0,1,0,1,0,0,0,19,0,3,0,0,0,7,0,0,0,0,0,2,0,0,0,26,0,61,0,0,0,60,0,0,0,55,0,0,0,0,0,0,0,0,0,0,0,2,0,0,0,0,0,0,0,0,0,1,0,0,0,0,0,0,0,0,0,0,0,0,0,0,0,0,0,0,0,0,0,0,0,0,0,0,0,0,0,0,0,0,0,0,0,0,0,2,0,0,0,0,0,2,0,0,0,2,0,0,0,0,0,97,0,59,0,0,0,113,0,0,0,0,0,0,0,0,0,19,0,110,0,0,0,0,0,3,0,0,0,2,0,2,0,102,0,57,0,0,0,73,20,0,0,0,0,0,0,5,0,0,0,0,0,0,0,0,0,0,0,0,0,0,0,0,0,0,0,0,0,0,0,0,0,5,17,50,24,11,0,0,0,0,0,0,0,0,0,0
3,237,7,48,0,0,0,186,0,151,0,0,0,0,0,10,0,14,0,0,0,12,0,6,4,55,0,3,0,46,0,21,0,18,0,30,0,50,0,17,0,0,0,28,0,0,0,0,0,0,0,16,0,32,0,16,0,0,0,0,0,0,0,41,0,0,0,5,0,0,0,0,0,0,0,7,0,0,0,0,0,0,0,0,0,0,0,0,0,0,0,0,0,0,0,0,0,0,0,0,0,0,0,0,0,0,0,0,0,0,0,0,0,0,0,0,0,0,0,0,0,0,0,8,0,0,0,0,0,0,0,0,0,0,0,0,0,31,0,66,0,58,0,45,0,169,0,0,0,0,0,0,0,0,0,4,0,78,0,22,0,0,0,0,0,2,0,0,0,0,0,23,0,72,0,0,0,32,0,7,0,0,0,34,0,0,0,0,0,0,0,0,0,0,0,0,0,0,0,0,0,0,0,0,0,0,0,0,0,0,0,0,0,0,65,0,0,0,77,207,22,94,0,7,0
47,0,65,0,0,0,226,5,176,12,0,0,3,0,0,0,234,0,18,0,110,0,16,0,82,11,0,0,43,0,17,0,4,0,16,0,48,0,10,0,0,0,43,0,81,0,6,0,0,0,0,0,70,4,21,7,0,0,5,0,55,0,0,4,0,0,2,0,0,0,29,0,0,0,12,0,0,0,3,0,0,0,0,0,69,0,0,0,0,0,0,0,0,0,0,0,51,0,69,0,0,0,0,0,0,0,0,0,0,0,0,0,0,0,0,0,0,0,0,0,39,0,20,0,0,0,0,0,7,0,0,0,0,0,0,0,19,0,117,0,118,0,54,0,51,0,1,0,0,1,0,0,0,0,31,0,28,0,9,0,1,0,3,0,0,0,0,0,5,0,15,0,24,0,0,0,57,11,1,0,0,0,0,0,0,0,0,0,0,0,0,0,0,0,0,0,0,0,0,0,0,0,0,0,0,0,0,0,0,0,9,9,57,82,19,0,17,0,0,0,0,0,0,0,0
3,170,16,8,0,0,12,323,6,249,0,0,0,0,0,0,0,34,0,0,0,89,3,35,16,164,0,0,0,51,0,15,0,26,0,14,0,8,0,41,0,0,0,8,0,0,0,0,0,0,0,1,0,46,3,102,0,47,0,7,0,41,4,0,0,1,0,0,0,0,0,0,0,0,0,1,0,0,0,0,0,0,0,0,0,0,0,0,0,0,0,0,0,0,0,0,0,0,0,0,0,0,0,0,0,0,0,0,0,0,0,0,0,0,0,0,0,0,0,0,0,0,0,0,0,0,0,1,0,0,0,0,0,1,0,0,0,20,0,73,0,28,0,25,0,49,0,0,0,0,0,0,0,0,0,63,0,29,0,60,0,11,0,0,0,0,0,0,1,1,0,0,12,8,0,0,0,63,0,0,0,0,1,51,0,2,0,0,0,0,0,0,0,0,0,0,0,0,0,0,0,0,0,0,0,0,0,0,0,0,0,0,3,0,59,0,0,0,79,91,3,46,1,0,0
22,0,19,0,17,0,41,0,62,0,5,0,0,0,9,0,0,1,6,0,2,0,1,0,0,0,0,0,0,0,0,0,0,0,0,0,0,0,0,0,0,0,0,0,0,0,0,0,1,0,0,0,1,0,1,4,26,5,152,0,0,0,0,0,0,41,271,24,0,0,0,0,0,0,0,0,0,0,0,0,1,0,0,0,0,0,0,0,0,0,0,0,0,0,0,0,1,2,0,0,0,0,0,0,0,0,0,0,0,0,0,0,0,0,0,0,0,0,0,0,0,0,0,0,40,0,24,0,0,2,38,0,1,0,6,0,0,0,53,4,0,6,0,0,29,0,29,0,52,0,32,0,24,0,0,12,24,0,0,0,197,61,0,0,0,0,0,0,0,0,0,0,0,0,49,0,1,0,0,0,16,28,0,0,304,0,0,0,0,0,0,0,0,0,0,0,0,0,0,0,4,0,0,0,0,0,0,0,8,0,138,4,0,0,131,0,0,0,0,0,0,3,0,0,0
0,28,0,0,0,10,0,0,1,97,0,4,0,3,0,13,0,1,0,24,0,0,0,6,0,0,0,21,0,8,0,1,0,5,0,0,0,0,0,0,0,0,0,0,0,0,0,0,0,0,0,0,0,2,0,11,29,14,62,58,0,0,0,1,41,0,22,424,0,2,0,0,0,0,0,0,0,0,0,0,1,0,0,0,0,5,0,0,0,0,0,0,0,0,0,0,0,0,0,0,0,0,0,0,0,0,0,0,0,0,0,0,0,0,0,0,0,0,0,0,0,2,0,0,0,67,0,16,9,0,0,73,0,1,0,0,0,0,45,34,0,38,0,0,0,92,0,25,0,136,0,16,0,22,10,12,0,0,0,5,65,161,0,15,0,0,0,0,0,0,0,0,0,1,3,50,0,0,0,0,18,183,0,2,40,99,0,0,0,0,0,0,0,0,0,0,0,0,0,0,0,0,0,0,0,0,0,0,0,5,0,2,0,4,175,0,0,0,228,24,57,0,1,0,0
3,0,4,0,0,0,56,0,181,0,2,0,0,0,0,0,0,0,0,0,0,0,0,0,0,0,0,0,0,0,0,0,0,0,0,0,0,0,0,0,0,0,0,0,0,0,0,0,7,0,0,0,26,12,21,34,6,75,106,134,0,0,2,0,271,22,0,233,0,0,0,0,0,0,0,0,0,0,1,0,0,0,0,0,0,0,0,0,0,0,0,0,0,0,0,0,1,0,0,0,0,0,0,0,0,0,0,0,0,0,0,0,0,0,0,0,0,0,0,0,0,0,0,0,0,0,0,0,0,0,21,0,0,0,0,0,0,0,11,0,0,0,0,0,0,0,0,0,22,0,6,1,0,0,32,19,37,1,0,11,57,9,0,0,0,0,2,0,0,0,27,0,0,0,0,0,68,0,0,0,0,0,2,0,390,6,0,0,0,0,0,0,0,0,0,0,0,0,0,0,0,0,0,0,0,0,0,0,0,0,222,103,48,95,277,0,21,0,0,1,0,0,0,0,0
0,4,0,0,0,0,22,5,103,62,0,0,0,0,0,1,0,0,0,0,0,0,0,0,0,0,0,0,0,0,0,0,0,0,0,0,0,0,0,0,0,0,0,0,0,0,0,0,2,0,0,0,3,24,74,33,33,17,255,128,0,5,0,0,24,424,233,0,0,3,0,0,0,0,0,0,0,0,0,0,0,0,0,0,0,0,0,0,0,0,0,0,0,0,0,0,0,0,0,0,0,0,0,0,0,0,0,0,0,0,0,0,0,0,0,0,0,0,0,0,0,0,0,0,0,19,0,0,0,0,0,62,0,0,0,0,0,0,0,3,0,0,0,0,0,18,0,0,0,23,0,0,0,2,4,18,3,22,3,15,0,25,0,12,0,4,0,0,0,11,7,20,0,7,0,11,46,69,0,0,0,31,0,0,68,222,0,0,0,0,0,0,0,0,0,0,0,0,0,0,0,0,0,0,0,0,0,0,0,0,10,8,8,0,889,0,9,0,412,119,178,226,3,8,0
0,0,0,0,0,0,1,0,0,0,0,0,0,0,0,0,0,0,1,0,0,0,0,0,0,0,0,0,0,0,0,0,0,0,0,0,0,0,0,0,0,0,0,0,0,0,0,0,0,0,2,0,0,0,0,0,0,0,4,0,0,0,0,0,0,0,0,0,0,0,1,0,24,0,0,0,129,0,87,0,0,0,18,0,0,0,18,0,2,0,5,0,6,0,3,0,0,0,12,0,8,0,49,0,0,0,55,0,1,0,3,0,3,0,0,0,2,0,0,0,0,0,0,0,0,0,0,0,0,0,0,0,0,0,0,0,0,0,0,0,0,0,0,0,0,0,0,0,0,0,0,0,0,0,0,0,0,0,0,0,0,0,13,0,5,0,0,0,289,0,6,0,0,0,0,0,0,0,0,0,3,0,0,0,1,0,0,0,28,0,0,0,48,0,39,0,0,0,0,0,18,0,19,0,41,0,0,0,0,0,55,6,42,0,17,35,30,0,0,0,0,0,0,0,0
0,0,0,0,0,0,0,0,1,1,0,0,0,0,0,0,0,0,0,0,0,0,0,0,0,0,0,0,0,0,0,0,0,0,0,0,0,0,0,0,0,0,0,0,0,6,0,3,0,15,0,6,0,0,0,0,0,3,0,10,0,0,0,0,0,2,0,3,0,0,0,0,0,2,0,0,0,97,0,0,0,0,0,15,0,1,0,7,0,32,0,0,0,34,0,14,0,0,0,0,0,2,0,73,0,0,0,0,0,2,0,13,0,3,0,0,0,6,0,0,0,0,0,0,0,0,0,0,0,2,0,0,0,0,0,0,0,0,0,0,0,0,0,0,0,0,0,0,0,0,0,0,0,0,0,0,0,2,0,0,0,8,0,0,0,59,0,0,0,154,0,8,0,1,0,0,0,0,0,0,0,5,0,1,0,0,0,0,0,36,0,0,0,0,0,41,0,2,0,31,0,0,0,42,0,17,0,0,0,0,0,0,0,0,7,0,0,0,123,24,147,0,64,47,3
0,0,0,0,0,0,0,0,0,0,0,0,0,0,0,0,67,0,0,0,68,0,3,0,7,0,0,0,25,0,0,0,0,0,6,0,58,0,3,0,0,0,25,0,54,0,0,0,1,0,14,0,9,0,0,0,0,0,0,0,0,0,29,0,0,0,0,0,1,0,0,0,77,0,75,0,1,0,26,0,47,0,0,0,21,0,32,0,0,0,0,0,0,0,0,0,0,0,28,0,0,0,0,0,0,0,0,0,0,0,0,0,0,0,0,0,0,0,0,0,29,0,43,0,0,0,0,0,2,0,0,0,0,0,0,0,0,0,9,0,52,0,20,0,65,0,0,0,0,0,4,0,0,0,0,0,4,0,1,0,0,0,82,0,0,0,23,0,18,0,17,0,26,0,4,0,3,0,1,0,0,0,0,0,1,0,0,0,0,0,0,0,0,0,0,0,0,0,0,0,0,0,0,0,0,0,1,0,6,0,22,0,69,0,36,0,0,1,0,0,0,0,0,0,0
0,0,0,0,0,0,0,0,0,0,0,0,0,0,0,0,0,0,0,0,0,0,0,5,0,0,0,2,0,0,0,0,0,0,0,0,0,0,0,0,0,0,0,0,0,0,0,0,0,0,0,4,0,0,0,0,0,0,0,0,0,0,0,0,0,0,0,0,0,0,0,0,0,120,0,218,0,13,0,33,0,6,0,0,0,3,0,134,0,0,0,0,0,0,0,0,0,0,0,0,0,0,0,0,0,0,0,0,0,0,0,0,0,0,0,0,0,0,0,0,0,8,0,14,0,23,0,25,0,0,0,0,0,17,0,10,0,18,0,0,0,8,0,27,0,36,0,0,0,7,0,27,0,0,0,0,0,0,0,0,0,0,0,14,0,0,0,0,0,5,0,10,0,13,1,6,0,0,0,0,0,0,0,0,0,0,0,0,0,0,0,0,0,0,0,0,0,0,0,0,0,0,0,0,0,0,0,0,0,0,0,0,0,0,0,0,0,0,0,0,0,0,0,0,0
0,0,0,0,0,0,0,0,0,0,0,1,0,0,0,0,5,0,0,0,8,0,2,0,0,0,0,0,0,0,0,0,0,0,0,0,0,0,0,0,0,0,0,0,0,0,0,0,0,0,0,0,0,0,0,0,0,0,0,0,0,0,0,0,0,0,0,0,24,0,77,0,0,0,134,0,104,0,221,0,9,0,12,0,12,0,31,0,0,0,0,0,27,0,0,0,0,0,3,0,0,0,0,0,0,0,0,0,0,0,0,0,0,0,0,0,0,0,0,0,64,0,55,0,7,0,3,0,0,0,11,0,8,0,25,0,1,0,0,0,44,0,78,2,59,0,2,0,0,0,27,0,10,0,0,0,0,0,0,0,0,0,17,0,0,0,0,0,13,0,3,0,0,0,12,0,0,0,0,0,20,0,0,0,0,0,0,0,0,0,0,0,0,0,0,0,0,0,0,0,45,0,0,0,0,0,33,0,0,0,89,9,0,0,35,0,0,0,0,0,0,0,0,0,0
0,0,0,0,0,0,0,0,0,0,0,0,0,0,0,0,0,0,0,0,0,0,0,0,0,0,0,0,0,0,0,0,0,0,0,0,0,0,0,0,0,0,0,0,0,0,0,0,0,0,0,0,0,0,0,0,0,0,0,0,0,0,0,0,0,0,0,0,0,2,0,120,0,0,0,80,0,57,0,27,0,4,0,4,0,19,0,85,0,0,0,0,0,0,0,0,0,0,0,1,0,0,0,0,0,0,0,1,0,0,0,0,0,0,0,0,0,0,0,0,0,34,0,16,0,0,0,0,0,6,0,0,0,11,0,91,0,0,0,0,0,15,0,56,0,64,0,0,0,2,0,55,0,0,0,0,0,0,0,0,0,0,0,31,0,0,0,0,0,0,0,3,0,0,0,0,0,0,0,0,0,0,0,0,0,0,0,0,0,0,0,5,0,0,0,0,0,0,0,136,0,16,0,129,0,47,0,0,0,64,0,0,0,0,0,0,0,0,7,1,0,0,0,0,0
0,0,0,0,0,0,0,0,0,0,0,0,0,0,0,0,18,0,0,0,33,0,0,0,3,0,0,0,3,0,5,0,0,0,4,0,34,0,0,0,0,0,16,0,35,0,0,0,0,0,15,0,3,0,0,0,0,0,0,0,2,0,12,0,0,0,0,0,0,0,75,0,134,0,0,0,16,0,200,0,35,0,2,0,32,0,52,0,0,0,0,0,0,0,0,0,0,0,0,4,0,0,0,0,0,0,0,0,0,0,0,0,0,0,0,0,0,0,0,0,37,0,70,0,0,0,0,0,0,0,3,0,4,0,31,0,8,0,10,0,50,0,52,0,35,0,0,0,1,0,6,0,0,0,0,0,4,0,0,0,0,1,16,0,0,0,14,0,8,0,5,0,14,0,3,0,0,0,0,0,7,0,0,0,1,0,0,0,0,0,0,0,0,0,0,0,0,0,30,0,11,0,20,0,0,0,0,0,8,0,0,0,0,0,0,0,0,0,0,0,0,0,0,0,0
0,0,0,0,0,0,0,0,0,0,0,0,0,0,0,0,0,7,0,0,0,22,0,14,0,0,0,0,0,2,0,2,0,0,0,0,0,3,0,7,0,0,0,0,0,0,0,0,0,0,0,8,0,1,0,0,0,0,0,0,0,7,0,1,0,0,0,0,0,0,0,218,0,80,0,0,0,0,0,79,0,13,0,0,0,9,0,108,0,0,0,0,0,0,0,2,0,0,0,1,0,3,0,0,0,0,1,0,0,0,0,0,0,0,0,0,0,0,0,0,0,104,0,20,0,20,0,13,0,0,9,0,0,0,0,11,0,8,0,0,0,42,0,31,0,115,0,5,0,26,0,0,0,20,0,0,0,8,0,1,5,0,0,37,0,0,0,0,0,4,0,14,0,29,0,0,0,0,0,0,7,24,0,0,4,0,0,0,0,0,0,0,0,0,0,0,0,0,0,8,0,0,0,0,0,0,0,0,0,11,0,0,1,0,0,0,0,0,7,0,0,0,0,0,0
0,0,0,0,0,0,0,0,0,0,0,0,0,0,0,0,0,0,0,0,0,0,0,0,0,0,0,0,0,0,0,0,0,0,0,0,0,0,0,0,0,0,0,0,2,0,0,0,0,0,0,0,0,0,0,0,0,0,0,0,0,0,0,0,0,0,0,0,129,0,1,0,104,0,16,0,0,0,107,0,2,0,0,0,0,0,31,0,1,0,0,0,10,0,0,0,8,0,0,0,0,0,21,0,0,0,0,0,0,0,0,0,0,0,1,0,2,0,0,0,0,0,0,0,0,0,0,0,0,0,0,0,0,0,0,0,0,0,0,0,0,0,0,0,0,0,0,0,0,0,0,0,0,0,0,0,0,0,0,0,0,0,0,0,4,0,0,0,42,0,0,0,0,0,0,0,0,0,0,0,0,0,0,0,0,0,0,0,0,0,0,0,0,0,0,0,0,0,0,0,19,0,0,0,0,0,0,0,1,0,22,2,14,1,6,0,1,0,0,0,0,0,0,0,0
0,0,0,0,0,0,0,0,0,0,0,0,0,0,0,0,0,0,0,0,0,0,0,0,0,0,0,0,0,0,0,0,0,0,0,0,0,0,0,0,0,0,0,0,0,0,0,0,0,0,0,0,0,0,0,0,0,0,0,0,0,0,0,0,0,0,0,0,0,97,0,13,0,57,0,0,0,0,0,4,0,23,0,92,0,3,0,112,0,10,0,0,0,33,0,10,0,4,0,15,0,5,0,25,0,41,0,21,0,9,0,0,0,0,0,0,0,12,0,0,0,11,0,2,0,0,0,0,0,0,0,0,0,0,0,26,0,0,0,0,0,0,0,0,0,0,0,0,0,0,0,0,0,0,0,0,0,0,0,0,0,0,0,7,0,4,0,0,0,19,0,0,0,0,0,0,0,0,0,0,0,0,0,0,0,0,0,0,0,102,0,0,0,0,0,112,0,0,0,75,0,23,0,76,0,90,0,0,0,18,0,0,0,0,3,0,0,0,26,0,15,0,0,1,0
0,0,0,0,0,0,0,0,0,0,0,0,0,0,0,0,0,0,2,0,0,0,0,0,0,0,0,0,0,0,0,0,0,0,0,0,0,0,0,0,0,0,0,0,9,0,0,0,0,0,0,0,0,0,0,0,0,0,0,0,0,0,3,0,0,0,1,0,87,0,26,0,221,0,200,0,107,0,0,0,12,0,46,0,28,0,47,0,0,0,0,0,45,0,3,0,10,0,11,0,2,0,23,0,0,0,18,0,2,0,0,0,0,0,0,0,2,0,0,0,43,0,26,0,0,0,0,0,0,0,0,0,0,0,15,0,0,0,0,0,9,0,28,0,6,0,0,0,0,0,5,1,0,0,0,0,1,0,0,0,0,0,7,0,33,0,0,0,56,0,4,0,0,0,0,0,0,0,0,0,0,0,0,0,0,0,0,0,29,0,0,0,63,0,11,0,3,0,0,0,34,0,0,0,59,0,13,0,0,0,74,0,56,0,26,3,6,2,0,0,0,0,0,0,0
0,1,0,0,0,0,0,0,0,0,0,0,0,0,0,0,0,1,0,0,0,0,0,0,0,0,0,1,0,0,0,0,0,0,0,0,0,0,0,0,0,0,0,0,0,0,0,0,0,0,0,0,0,0,0,0,0,0,0,0,0,0,0,0,0,0,0,0,0,0,0,33,0,27,0,79,0,4,0,0,0,2,0,1,0,4,0,39,0,0,0,0,0,0,0,0,0,0,0,1,0,0,0,0,0,0,0,0,0,0,0,0,0,0,0,0,0,0,0,0,0,18,0,40,0,0,0,9,0,0,0,0,0,3,0,30,0,0,0,0,0,3,0,26,0,23,0,0,0,5,0,0,0,0,0,0,0,0,0,0,0,0,0,7,0,0,0,0,0,0,0,5,0,4,0,1,0,0,0,0,0,0,0,0,0,0,0,0,0,0,0,0,0,0,0,0,0,0,0,11,0,0,0,0,0,0,0,0,0,23,0,0,0,0,0,0,0,0,14,1,0,0,0,0,0
