0,414,11,111,62,0,3,204,42,177,152,17,64,0,34,37,51,42,12,5,0,0,44,71,6,221,21,0,54,7,12,0,32,0,6,0,52,0,383,0,9,0,0,0,0,0,11,0,51,0,0,0,0,3,0,27,0,0,0,0,253,8,200,37,35,0,13,0,0,0,1,0,0,0,0,0,0,0,0,0,0,0,0,0,0,0,0,0,0,0,0,0,2,0,0,0,0,0,0,0,0,0,0,0,0,0,0,0,0,0,0,0,0,0,0,0,0,0,0,0,0,0,0,0,4,0,12,0,0,0,0,0,1,0,6,0,5,0,0,0,0,0,0,0,0,0,14,0,14,0,0,0,0,0,0,0,0,0,0,0,4,0,2,0,4,0,12,0,15,0,33,0,235,0,0,0,584,34,26,0,0,0,70,2,38,0,8,0,0,0,0,0,0,0,0,0,0,0,5,0,0,0,0,0,0,0,0,0,3,0,798,229,430,193,375,0,5,0,0,0,1,1,0,0,0
414,0,115,48,52,193,41,68,0,92,34,181,0,83,0,45,69,16,0,113,7,0,243,23,109,8,0,125,0,34,0,14,0,67,0,0,0,55,9,113,0,15,0,0,0,35,0,18,0,6,0,25,0,7,0,21,0,5,0,0,0,236,9,152,0,65,0,15,0,0,0,0,0,0,0,0,0,0,0,0,0,0,0,0,0,0,0,0,0,0,0,0,0,0,0,0,0,0,0,0,0,0,0,0,0,0,0,0,0,0,0,0,0,0,0,0,0,0,0,0,0,4,0,0,0,20,0,17,0,0,0,0,0,7,0,49,0,74,0,0,0,0,0,0,0,8,0,29,0,30,0,14,0,16,0,17,0,17,0,0,0,5,0,3,0,6,0,0,0,0,0,20,0,105,0,0,137,459,2,43,0,0,0,20,0,24,0,0,0,0,0,0,0,0,0,0,0,0,0,0,0,0,0,0,0,0,0,0,0,0,6,0,8,0,492,0,0,0,813,190,360,132,0,0,0
11,115,0,44,188,25,58,47,45,29,27,0,50,0,238,23,84,14,111,0,109,0,419,41,82,35,83,0,227,5,102,0,157,0,0,0,56,0,380,0,0,0,15,0,79,0,16,0,48,0,21,0,6,0,163,0,16,0,26,0,115,6,214,10,30,0,0,0,0,0,21,0,0,0,0,0,0,0,0,0,10,0,0,0,107,0,30,0,0,0,104,0,0,0,0,0,231,0,0,0,40,0,0,0,29,0,171,0,0,0,0,0,0,0,0,0,0,0,0,0,14,0,42,0,53,0,38,0,0,0,54,0,32,0,140,0,157,0,0,0,17,0,162,0,4,0,24,0,51,0,19,0,4,0,0,0,0,0,2,0,30,0,0,0,7,0,77,0,42,0,43,0,311,0,0,0,54,19,0,6,0,0,0,0,14,0,0,0,0,0,0,0,0,0,0,0,0,0,16,0,122,0,0,0,0,0,0,0,17,0,419,116,566,119,250,0,6,0,2,0,0,0,0,0,0
111,48,44,0,0,95,0,41,1,0,53,0,0,0,14,176,25,13,0,122,0,83,133,92,8,23,0,72,0,78,0,21,0,217,0,0,0,69,6,136,0,0,0,0,0,22,0,0,0,0,0,0,0,0,0,36,0,0,0,1,0,55,0,20,2,1,0,0,0,0,0,0,0,0,0,0,0,0,0,0,0,8,0,0,0,0,0,0,0,0,0,0,0,0,0,0,0,26,0,0,0,0,0,0,0,0,0,0,0,0,0,0,0,0,0,0,0,0,0,0,0,0,0,0,0,0,0,13,0,9,0,0,0,0,0,0,0,108,0,55,0,0,0,38,0,0,0,6,0,0,0,0,0,0,0,2,0,0,0,0,0,0,0,1,0,4,0,49,0,31,0,13,0,152,0,0,30,63,0,8,0,0,0,0,0,0,0,0,0,0,0,0,0,0,0,0,0,0,0,0,0,40,0,0,0,0,0,0,0,0,0,1,0,0,147,0,0,0,211,48,249,0,1,0,0
62,52,188,0,0,240,23,5,26,0,97,136,374,0,241,174,0,10,282,148,241,38,30,70,0,0,279,0,37,0,318,0,254,54,247,20,407,28,150,2,122,0,37,0,85,0,61,0,39,0,144,0,1,0,0,0,0,0,0,0,0,0,0,0,28,0,0,0,0,0,0,0,0,0,0,0,0,0,0,0,0,0,0,0,0,0,0,0,0,0,0,0,0,0,0,0,0,0,0,0,0,0,0,0,0,0,0,0,0,0,0,0,0,0,0,0,0,0,0,0,0,0,0,0,11,0,19,0,0,0,0,0,0,0,43,0,35,0,0,0,0,0,0,0,0,0,0,0,27,0,0,0,0,0,0,0,0,0,0,0,0,0,0,0,29,0,197,0,98,0,0,0,138,0,0,0,432,27,75,33,26,0,31,0,33,0,0,0,0,0,0,0,0,0,0,0,0,0,0,0,0,0,0,0,0,0,0,0,0,0,420,292,526,0,189,0,0,0,4,0,0,0,0,0,0
0,193,25,95,240,0,0,41,0,14,123,182,108,139,282,300,14,0,153,311,91,395,117,133,0,10,0,409,6,14,17,139,13,248,0,257,0,200,0,28,0,53,0,0,0,63,1,97,0,0,0,75,0,8,0,9,0,0,0,0,0,18,0,16,0,17,0,0,0,0,0,0,0,0,0,0,0,0,0,0,0,0,0,0,0,0,0,0,0,0,0,0,0,0,0,0,0,0,0,0,0,1,0,0,0,0,0,0,0,0,0,0,0,0,0,0,0,0,0,0,0,0,0,0,0,0,0,0,0,0,0,12,0,7,0,0,0,61,0,23,0,0,0,0,0,0,0,19,0,8,0,18,0,31,0,21,0,0,0,0,0,0,0,0,0,15,0,206,0,122,0,23,0,136,0,0,116,255,21,121,0,0,0,47,0,0,0,7,0,0,0,0,0,2,0,0,0,0,0,0,0,0,0,0,0,0,0,0,0,0,0,0,0,0,213,0,0,0,461,254,489,0,0,0,0
3,41,58,0,23,0,0,0,99,196,7,0,0,0,0,0,39,0,0,0,0,0,32,0,150,49,0,0,3,0,0,0,0,0,0,0,0,0,7,0,0,0,0,0,0,0,0,0,46,0,15,0,81,0,284,42,29,0,18,0,339,0,307,31,16,0,30,0,0,0,0,0,0,0,0,0,0,0,0,0,0,0,0,0,22,0,2,0,0,1,23,0,0,0,0,0,52,0,0,0,0,0,0,0,0,0,0,0,0,0,0,0,0,0,0,0,0,0,0,0,0,0,0,0,37,0,27,0,5,0,65,0,20,0,63,0,60,0,0,0,0,0,56,0,0,0,8,0,38,0,5,0,1,0,0,0,6,0,0,0,35,0,13,0,10,0,7,0,26,0,222,0,365,0,0,0,31,12,0,0,0,0,0,0,0,0,0,0,0,0,0,0,0,0,0,0,0,0,0,0,27,0,0,0,0,0,0,0,12,0,656,82,586,418,579,3,79,0,0,0,0,0,0,0,0
204,68,47,41,5,41,0,0,108,8,0,18,0,9,0,33,34,17,0,16,0,9,50,18,81,213,0,0,1,54,0,0,0,19,0,4,0,18,0,74,0,0,0,0,0,0,0,0,1,4,0,0,6,17,14,241,0,12,0,13,0,296,40,288,0,4,0,2,0,2,0,0,0,0,0,0,0,0,0,0,0,0,0,0,0,0,0,0,0,0,0,0,0,0,0,0,0,0,0,0,0,0,0,0,0,0,0,0,0,0,0,0,0,0,0,0,0,0,0,0,0,0,0,0,0,14,0,17,0,0,0,28,0,20,0,0,0,109,3,47,1,9,0,0,0,4,0,1,0,0,0,0,0,0,0,3,0,0,0,17,5,12,0,7,0,10,0,13,0,49,0,76,0,223,0,0,51,76,0,0,0,0,0,2,0,0,0,0,0,0,0,0,0,0,0,0,0,0,0,2,0,31,0,0,0,0,0,0,0,0,0,0,0,0,541,0,0,0,699,90,707,183,3,51,0
42,0,45,1,26,0,99,108,0,508,24,0,41,0,4,0,17,0,0,0,0,0,0,0,20,51,0,0,0,0,0,0,1,0,0,0,0,0,0,0,0,0,0,0,5,0,0,0,14,0,0,0,114,37,54,224,22,0,74,154,229,0,220,33,87,0,167,136,1,0,0,0,0,0,0,0,0,0,0,0,0,0,0,0,0,0,0,0,0,0,0,0,0,0,0,0,0,0,0,0,0,0,0,0,0,0,0,0,0,0,0,0,0,0,0,0,0,0,0,0,0,0,0,0,12,0,16,0,0,0,29,0,0,0,26,0,10,0,0,0,0,0,5,0,0,0,28,0,62,0,10,0,23,0,4,0,0,0,0,0,60,0,9,0,6,0,0,0,8,0,105,0,133,0,0,0,381,35,10,0,0,0,8,0,210,9,0,0,0,0,0,0,0,0,0,0,0,0,8,0,7,0,0,0,0,0,0,0,0,0,499,103,347,247,414,0,53,0,1,0,0,0,0,0,0
177,92,29,0,0,14,196,8,508,0,0,67,0,9,0,5,40,0,0,21,0,0,11,0,151,18,0,0,0,0,0,0,0,0,0,0,0,0,0,0,0,2,0,0,2,0,0,0,0,3,0,0,58,20,215,98,0,9,8,30,13,57,102,51,0,155,0,84,0,1,0,0,0,0,0,0,0,0,0,0,0,0,0,0,0,0,0,0,0,0,0,0,0,2,0,2,0,0,0,0,0,0,0,0,0,0,0,0,0,0,0,0,0,0,0,0,0,0,0,0,0,0,0,0,0,32,0,46,0,8,0,40,0,16,0,103,0,166,0,0,0,0,0,0,0,15,0,59,0,60,0,42,0,32,0,55,0,68,0,21,0,8,0,7,0,5,0,1,0,24,2,95,0,0,0,0,144,525,0,19,0,0,15,9,0,43,0,1,0,0,0,0,0,0,0,0,0,0,0,11,0,0,0,0,0,0,0,0,0,35,0,2,0,0,463,0,0,0,611,94,396,186,7,82,0
152,34,27,53,97,123,7,0,24,0,0,51,211,0,32,122,3,3,25,14,68,10,0,88,0,0,20,0,0,0,70,0,127,10,33,0,125,0,97,0,19,0,13,0,31,0,23,0,13,0,22,0,3,0,0,0,0,0,5,0,0,0,0,0,35,0,6,0,0,0,0,0,0,0,0,0,0,0,0,0,0,0,1,0,0,0,0,0,0,0,0,0,0,0,0,0,0,0,0,0,0,0,0,0,0,0,0,0,0,0,0,0,0,0,0,0,0,0,0,0,0,0,0,0,9,0,0,0,0,0,12,0,0,0,9,0,2,0,0,0,0,0,0,0,0,0,4,0,33,0,0,0,0,0,0,1,0,0,0,0,0,0,0,0,0,0,52,0,14,0,0,0,0,0,12,0,425,0,88,0,75,0,47,0,80,0,23,0,1,0,0,0,0,0,0,0,0,0,0,0,0,0,0,0,0,0,0,0,0,0,223,150,158,0,79,3,0,0,0,0,0,0,0,0,0
17,181,0,0,136,182,0,18,0,67,51,0,25,246,141,37,3,19,47,83,45,124,83,90,0,0,0,270,0,34,2,63,4,216,0,112,0,172,0,47,0,58,0,0,0,70,0,66,0,30,0,0,0,4,1,3,0,0,0,0,0,22,0,8,0,27,0,9,0,1,0,0,0,0,0,0,0,0,0,0,0,0,0,0,0,0,0,0,0,0,0,0,0,0,0,0,0,0,0,0,0,0,0,0,0,0,0,0,0,0,0,0,0,0,0,0,0,0,0,0,0,0,0,0,0,8,0,0,0,0,0,10,0,0,0,28,0,71,0,10,0,0,0,0,0,11,0,0,0,15,0,24,0,29,0,30,0,0,0,7,0,4,0,0,0,0,0,38,0,23,0,8,0,21,0,0,52,167,0,69,0,10,0,79,0,53,0,15,0,0,0,0,0,0,0,0,0,0,0,0,0,0,0,0,0,0,0,0,0,14,0,0,0,0,70,0,0,0,200,140,151,21,0,0,0
64,0,50,0,374,108,0,0,41,0,211,25,0,161,30,33,0,0,106,211,50,55,3,0,0,0,296,370,0,0,36,0,16,3,282,0,89,0,0,0,350,51,170,0,308,73,341,104,38,0,356,0,4,0,0,0,0,0,0,0,0,0,0,0,35,0,0,0,0,0,0,0,0,0,0,0,0,0,0,0,0,0,0,0,0,0,0,0,0,0,0,0,0,0,0,0,0,0,0,0,0,0,5,0,0,0,0,0,0,0,0,0,0,0,0,0,0,0,0,0,0,0,0,0,10,0,0,0,0,0,0,0,0,0,35,0,14,0,0,0,0,0,0,0,0,0,17,0,34,0,0,0,0,0,0,0,0,0,0,0,0,0,0,0,56,0,11,0,46,0,0,0,7,0,0,0,466,25,137,0,0,0,22,0,24,0,144,0,0,0,0,0,0,0,0,0,0,0,7,0,0,0,0,0,0,0,0,0,0,0,27,143,180,0,0,0,0,0,0,0,0,0,0,0,0
0,83,0,0,0,139,0,9,0,9,0,246,161,0,26,4,0,0,306,46,114,65,0,0,0,0,107,417,0,0,3,13,0,2,15,164,0,57,0,0,29,247,0,98,0,135,19,253,2,99,0,275,0,0,0,0,0,0,0,0,0,1,0,0,0,0,0,0,0,0,0,0,0,0,0,0,0,0,0,0,0,0,0,0,0,0,0,0,0,0,0,0,0,0,0,0,0,0,0,0,0,0,0,0,0,0,0,0,0,0,0,0,0,0,0,0,0,0,0,0,0,0,0,0,0,2,0,0,0,0,0,0,0,0,0,0,0,18,0,0,0,0,0,0,0,0,0,0,0,4,0,0,0,7,0,0,0,0,0,0,0,0,0,0,0,20,0,13,0,44,0,1,0,0,0,0,27,501,0,79,0,26,0,22,0,0,12,66,0,0,0,0,0,0,0,0,0,0,0,0,0,0,0,0,0,0,0,0,0,0,0,0,0,0,0,0,0,0,60,190,213,0,0,0,0
34,0,238,14,241,282,0,0,4,0,32,141,30,26,0,183,38,0,158,112,223,19,269,55,20,0,73,0,21,0,186,9,57,48,182,10,103,21,10,1,8,0,0,0,0,0,9,1,0,0,23,2,6,0,30,0,0,0,0,0,2,0,8,0,0,0,0,0,0,0,18,0,0,0,0,0,0,0,0,0,0,0,0,0,0,0,0,0,0,0,0,0,0,0,0,0,60,0,0,0,0,0,0,0,16,0,0,0,0,0,0,0,0,0,0,0,0,0,0,0,0,0,0,0,0,0,0,0,0,0,0,0,0,0,72,0,74,0,0,0,5,0,51,3,6,0,18,0,18,0,5,0,16,0,0,0,0,0,0,0,0,0,5,0,9,0,60,0,40,0,0,0,18,0,0,0,185,8,19,21,0,0,24,0,9,0,0,0,0,0,0,0,0,0,0,0,0,0,0,0,83,0,0,0,0,0,0,0,0,0,93,129,107,0,37,0,0,0,0,0,0,0,0,0,0
37,45,23,176,174,300,0,33,0,5,122,37,33,4,183,0,11,11,16,494,75,188,106,88,0,36,5,164,0,0,18,35,15,47,0,21,0,27,0,14,0,0,0,10,1,25,0,0,0,5,0,21,0,0,0,62,0,0,1,0,0,8,0,0,0,0,0,0,0,0,0,0,0,0,0,0,0,0,0,0,0,0,0,0,0,249,0,0,0,0,0,0,0,0,0,0,0,121,0,0,0,0,0,0,0,0,0,0,0,0,0,0,0,0,0,0,0,0,0,0,0,0,0,0,0,0,0,7,0,0,0,3,0,12,0,123,0,138,0,114,0,53,0,174,0,0,0,11,0,0,0,0,0,0,0,0,0,0,0,0,0,0,0,0,0,0,0,50,0,22,0,0,0,25,0,0,50,16,9,18,1,0,0,0,0,0,0,0,0,0,0,0,0,0,0,0,0,0,0,0,0,0,0,0,0,0,0,0,2,0,0,3,0,0,72,0,0,0,234,166,126,26,0,3,0
51,69,84,25,0,14,39,34,17,40,3,3,0,0,38,11,0,9,83,0,207,0,148,18,150,31,41,0,248,1,133,0,72,0,43,0,18,0,152,0,0,0,0,0,70,0,9,0,7,0,47,0,27,0,0,6,0,0,0,0,32,1,389,5,0,0,0,0,0,0,126,0,0,0,161,0,0,0,0,0,62,0,0,0,440,1,165,0,0,0,93,0,19,0,0,0,407,0,277,0,110,0,0,0,0,0,0,0,0,0,0,0,0,0,0,0,0,0,0,0,67,0,287,0,0,0,0,0,3,0,0,0,0,0,42,0,44,0,94,0,169,0,145,0,63,0,0,0,0,0,0,0,0,0,17,0,0,0,11,0,0,0,0,0,0,0,4,0,0,0,7,0,67,0,0,0,51,6,0,0,0,0,28,0,0,0,0,0,0,0,0,0,0,0,0,0,0,0,0,0,0,0,0,0,0,0,0,0,0,0,48,30,84,25,27,0,1,0,0,0,0,0,0,0,0
42,16,14,13,10,0,0,17,0,0,3,19,0,0,0,11,9,0,0,13,0,122,25,100,11,120,0,0,0,129,0,36,0,51,0,17,0,20,1,142,0,0,0,16,1,0,0,0,0,0,0,0,0,100,0,14,0,7,0,0,0,108,0,427,0,0,0,0,0,0,0,0,0,0,0,0,0,0,0,0,0,51,0,0,0,311,0,0,0,0,0,19,0,0,0,0,0,154,0,50,0,0,0,0,0,0,0,0,0,0,0,0,0,0,0,0,0,0,0,0,0,0,0,9,0,0,0,0,0,0,0,0,0,24,0,73,0,119,0,189,0,240,0,634,0,14,0,0,0,0,0,0,0,0,0,14,0,0,0,21,0,0,0,0,0,0,0,0,0,14,0,18,1,80,0,0,4,0,0,17,0,0,0,0,0,0,0,0,0,0,0,0,0,0,0,0,0,0,0,0,0,72,0,0,0,0,0,0,0,0,0,0,0,0,24,0,0,0,71,84,56,0,0,0,0
12,0,111,0,282,153,0,0,0,0,25,47,106,306,158,16,83,0,0,255,150,69,260,0,0,0,93,310,9,0,26,0,0,0,253,113,81,23,0,0,18,44,78,23,58,41,38,63,4,0,242,73,11,0,5,0,1,0,0,0,0,0,0,1,12,0,2,0,0,0,0,0,0,0,0,0,0,0,0,0,0,0,0,0,0,0,0,0,0,0,0,0,0,0,0,0,0,0,0,0,0,0,0,0,0,0,0,0,0,0,0,0,0,0,0,0,0,0,1,0,0,0,0,0,0,0,0,0,0,0,0,0,0,0,33,0,0,0,0,0,0,0,0,0,15,0,12,0,12,0,0,0,0,0,1,0,0,0,1,0,0,0,0,0,93,0,8,0,40,0,0,0,0,0,0,0,136,11,21,10,0,0,14,0,18,0,7,6,0,0,0,0,0,0,0,0,0,0,0,0,0,0,0,0,0,0,0,0,0,0,26,171,163,13,23,0,0,0,0,0,0,0,0,0,0
5,113,0,122,148,311,0,16,0,21,14,83,211,46,112,494,0,13,255,0,92,399,0,142,0,10,0,462,0,0,0,90,0,11,17,167,0,144,0,0,0,10,0,24,0,43,0,37,0,0,0,109,0,9,0,6,0,0,0,0,0,0,0,0,0,19,0,0,0,0,0,0,0,0,0,0,0,0,0,0,0,0,0,0,0,0,0,0,0,0,0,0,0,0,0,0,0,0,0,0,0,0,0,0,0,0,0,0,0,0,0,0,0,0,0,0,0,0,0,0,0,0,0,0,0,0,0,0,0,0,0,0,0,0,0,0,0,97,0,0,0,0,0,0,0,0,0,0,0,30,0,21,0,0,0,37,0,38,0,0,0,2,0,0,0,36,0,57,0,59,0,0,0,7,0,0,40,96,0,18,0,0,0,25,0,0,0,8,0,0,0,0,0,0,0,0,0,0,0,0,0,0,0,0,0,0,0,0,0,0,0,0,0,0,82,0,0,0,211,185,250,0,0,0,0
0,7,109,0,241,91,0,0,0,0,68,45,50,114,223,75,207,0,150,92,0,24,363,30,0,0,42,113,76,0,123,7,48,12,64,31,30,9,11,0,0,17,33,15,34,16,0,21,7,0,73,19,2,0,5,0,0,0,7,0,0,0,37,0,0,0,1,0,2,0,93,0,0,0,41,0,0,0,0,0,0,0,0,0,0,0,98,0,0,0,0,0,0,0,0,0,0,0,0,0,0,0,0,0,0,0,0,0,0,0,1,0,0,0,0,0,0,0,0,0,0,0,0,0,0,0,0,0,0,0,0,0,0,0,0,0,0,0,0,0,0,0,0,0,65,0,0,0,0,0,0,0,0,0,0,0,0,0,0,0,0,0,0,0,108,0,63,0,99,0,0,0,41,0,0,0,30,4,19,9,0,0,5,0,0,0,5,2,0,0,0,0,0,0,0,0,0,0,0,0,0,0,0,0,0,0,0,0,0,0,209,225,264,0,77,0,2,0,0,0,0,0,0,0,0
0,0,0,83,38,395,0,9,0,0,10,124,55,65,19,188,0,122,69,399,24,0,0,314,0,30,16,260,0,32,1,40,0,72,0,98,0,21,0,11,0,0,1,177,0,125,0,0,0,0,0,88,0,17,0,0,0,0,0,0,0,0,0,51,0,0,0,0,0,0,0,7,0,0,0,0,0,0,0,0,0,0,0,0,0,121,0,0,0,0,0,11,0,0,0,0,0,0,0,0,0,0,0,0,0,0,0,0,0,0,0,0,0,0,0,0,0,0,0,0,0,0,0,0,0,0,0,0,0,0,0,0,0,0,0,0,0,0,0,67,0,132,0,280,0,67,0,0,0,0,0,0,0,0,0,9,0,0,0,0,0,0,0,0,0,15,0,72,0,65,0,0,0,31,0,0,0,114,0,42,0,0,0,0,0,0,0,9,0,0,0,0,0,0,0,0,0,0,0,0,0,0,0,0,0,0,0,0,0,0,0,0,0,0,64,0,0,0,178,129,162,30,0,0,0
44,243,419,133,30,117,32,50,0,11,0,83,3,0,269,106,148,25,260,0,363,0,0,137,60,53,58,0,95,3,80,0,11,5,63,0,12,0,74,4,2,0,36,0,110,0,15,0,8,0,54,0,8,0,109,0,0,0,0,1,26,8,69,8,0,0,0,0,0,0,21,0,0,0,33,0,0,0,0,0,17,0,0,0,254,0,49,0,0,0,203,0,0,0,0,0,332,0,0,0,78,0,0,0,0,0,185,0,0,0,0,0,0,0,0,0,0,0,0,0,0,0,102,0,0,0,0,0,0,0,0,0,0,0,0,0,71,0,0,0,14,0,92,0,0,0,0,0,0,0,1,0,0,0,3,0,0,0,0,1,0,0,0,0,8,0,14,0,0,0,0,0,61,0,0,0,93,0,1,18,0,0,12,0,0,0,0,0,0,0,0,0,0,0,0,0,0,0,0,0,0,0,0,0,0,0,0,0,0,0,177,75,117,26,44,0,0,0,2,0,0,0,0,0,0
71,23,41,92,70,133,0,18,0,0,88,90,0,0,55,88,18,100,0,142,30,314,137,0,0,48,0,96,6,102,6,50,0,138,0,51,0,41,5,79,0,0,0,0,0,51,0,0,0,0,3,27,0,41,0,34,0,0,0,0,0,31,0,106,0,0,1,0,0,0,0,0,0,0,0,0,0,0,0,4,0,81,0,0,0,397,0,0,0,0,0,29,0,0,0,0,0,220,0,63,0,0,0,0,0,0,0,114,0,0,0,0,0,0,0,0,0,0,0,0,0,36,0,21,0,0,0,4,0,0,0,0,0,0,0,77,0,55,0,88,0,87,0,380,0,16,0,0,0,0,0,0,0,0,0,3,0,4,0,0,0,0,0,2,0,0,0,83,0,39,0,10,0,99,0,0,13,8,1,58,0,0,0,1,2,0,0,0,0,0,0,0,0,0,0,0,0,0,0,0,0,91,0,0,0,0,0,0,0,0,0,0,0,0,118,0,0,0,332,210,223,32,0,5,0
6,109,82,8,0,0,150,81,20,151,0,0,0,0,20,0,150,11,0,0,0,0,60,0,0,61,0,0,24,0,6,0,3,0,11,0,0,0,11,0,0,0,0,0,0,0,0,0,10,0,0,0,52,2,127,21,15,0,1,0,47,0,60,17,1,0,0,0,0,0,18,0,0,0,35,0,0,0,0,0,0,0,0,0,444,0,50,0,0,0,248,0,0,0,0,0,556,0,0,0,0,0,0,0,26,0,222,0,0,0,0,0,0,0,0,0,0,0,0,0,0,0,242,0,0,0,0,0,20,0,7,0,11,0,36,0,138,0,68,0,89,0,235,0,12,0,0,0,0,0,0,0,1,0,23,0,0,0,19,0,5,0,0,0,0,0,0,0,0,0,17,0,58,0,0,0,22,6,0,0,0,0,0,0,0,0,0,0,0,0,0,0,0,0,0,0,0,0,0,0,72,0,0,0,0,0,0,0,0,0,81,59,75,42,25,0,0,0,0,0,0,0,0,0,0
221,8,35,23,0,10,49,213,51,18,0,0,0,0,0,36,31,120,0,10,0,30,53,48,61,0,0,0,0,103,0,18,0,14,0,0,0,5,2,64,0,0,0,0,0,3,0,0,0,0,0,0,0,46,3,186,1,34,0,0,3,149,13,222,0,0,1,0,0,0,0,0,0,0,0,0,0,0,0,0,0,0,0,0,0,192,0,0,0,0,0,7,0,0,0,0,0,81,0,0,0,0,0,0,0,0,0,105,0,0,0,0,0,0,0,0,0,0,0,0,0,0,0,0,0,0,0,9,0,22,0,0,0,15,0,135,0,110,1,180,0,79,0,227,0,0,0,2,0,0,0,0,0,0,1,8,0,6,0,46,0,0,0,0,0,3,0,0,0,23,0,31,0,104,0,0,29,12,0,0,0,0,0,0,0,0,0,0,0,0,0,0,0,0,0,0,0,0,0,0,0,154,0,0,0,0,0,0,0,5,0,0,0,0,249,0,0,0,390,115,305,82,1,16,0
21,0,83,0,279,0,0,0,0,0,20,0,296,107,73,5,41,0,93,0,42,16,58,0,0,0,0,230,5,0,22,0,7,0,46,14,28,0,5,0,54,94,241,0,167,81,89,132,23,5,314,0,3,0,0,0,0,0,0,0,2,0,8,0,0,0,0,0,0,0,28,0,0,0,0,0,0,0,0,0,0,0,0,0,0,0,0,0,0,0,0,0,0,0,0,0,0,0,0,0,0,0,0,0,0,0,0,0,0,0,0,0,0,0,0,0,1,0,0,0,0,0,0,0,0,0,0,0,0,0,0,0,0,0,0,0,0,0,0,0,0,0,0,0,0,0,0,0,0,0,0,0,0,0,0,0,0,0,0,0,0,0,0,0,79,0,0,0,0,0,0,0,0,0,0,0,66,15,23,0,0,0,17,0,0,0,92,7,0,0,0,0,0,0,0,0,0,0,0,0,0,0,0,0,0,0,0,0,0,0,0,172,257,0,0,0,0,7,0,0,0,0,0,0,0
0,125,0,72,0,409,0,0,0,0,0,270,370,417,0,164,0,0,310,462,113,260,0,96,0,0,230,0,0,0,0,0,0,0,0,69,0,24,0,0,99,78,91,212,58,228,45,149,3,48,51,444,0,15,0,13,0,0,0,0,0,0,0,49,0,21,0,3,0,0,0,0,0,0,0,0,0,0,0,0,0,0,0,0,0,0,0,0,0,0,0,0,0,0,0,10,0,0,0,0,0,0,0,0,0,0,0,0,0,0,0,0,0,0,0,0,0,1,0,1,0,0,0,0,0,8,0,0,0,0,0,0,0,0,0,0,0,0,0,0,0,0,0,0,0,0,0,24,0,0,0,0,0,0,0,0,0,0,0,0,0,0,0,0,0,68,0,27,0,88,0,0,0,0,0,0,24,302,0,47,0,0,0,41,0,18,22,44,0,0,0,0,0,0,0,0,0,0,0,0,0,0,0,0,0,0,0,0,0,0,0,0,0,0,45,0,0,0,96,348,468,46,0,0,8
54,0,227,0,37,6,3,1,0,0,0,0,0,0,21,0,248,0,9,0,76,0,95,6,24,0,5,0,0,0,35,0,23,0,102,0,64,0,11,0,0,0,80,0,0,0,0,0,0,0,57,0,3,0,0,0,0,0,0,0,7,0,49,0,0,0,0,0,0,0,87,0,0,0,72,0,0,0,9,0,0,0,0,0,109,0,91,0,0,0,20,0,0,0,0,0,83,0,155,0,0,0,0,0,0,0,0,0,0,0,0,0,0,0,0,0,0,0,0,0,41,0,49,0,0,0,0,0,0,0,0,0,0,0,0,0,0,0,38,0,85,0,0,0,113,0,0,0,0,0,0,0,0,0,1,0,0,0,0,0,0,0,0,0,0,0,5,0,0,0,0,0,0,0,0,0,8,0,5,0,0,0,6,0,0,0,0,0,0,0,0,0,0,0,0,0,0,0,0,0,0,0,0,0,0,0,0,0,0,0,20,10,9,0,0,0,0,0,0,0,0,0,0,0,0
7,34,5,78,0,14,0,54,0,0,0,34,0,0,0,0,1,129,0,0,0,32,3,102,0,103,0,0,0,0,0,39,0,122,0,48,0,21,0,24,0,0,0,24,0,12,0,0,0,0,0,18,0,6,0,1,0,0,0,0,0,12,0,87,0,0,0,0,0,0,0,0,0,0,0,0,0,0,0,0,0,0,0,0,0,0,0,0,0,0,0,0,0,0,0,0,0,0,0,0,0,0,0,0,0,0,0,0,0,0,0,0,0,0,0,0,0,0,0,0,0,19,0,0,0,0,0,0,0,0,0,0,0,0,0,0,0,0,0,295,0,434,0,472,0,174,0,0,0,0,0,0,0,0,0,20,0,6,0,0,0,0,0,0,0,0,0,0,0,0,0,2,0,0,0,0,0,1,0,19,0,0,0,0,0,0,0,0,0,0,0,0,0,0,0,0,0,0,0,0,0,0,0,0,0,0,0,0,0,0,0,0,0,0,5,0,0,0,10,10,7,0,0,0,0
12,0,102,0,318,17,0,0,0,0,70,2,36,3,186,18,133,0,26,0,123,1,80,6,6,0,22,0,35,0,0,0,4,3,112,0,33,0,21,0,0,0,103,0,15,0,0,0,0,0,54,0,0,0,0,0,0,0,2,0,0,0,21,0,0,1,0,0,0,0,31,0,0,0,36,0,0,0,0,0,0,0,0,0,36,0,44,0,0,0,0,0,0,0,0,0,0,0,0,0,0,0,0,0,0,0,0,0,0,0,0,0,0,0,0,0,0,0,0,0,0,0,0,0,0,0,0,0,0,0,0,0,0,0,0,0,4,0,5,0,0,0,0,0,23,0,0,0,0,0,1,0,0,0,0,0,0,0,0,0,0,0,0,0,10,0,48,0,0,0,0,0,27,0,0,0,10,0,0,0,0,0,0,0,0,0,0,0,0,0,0,0,0,0,0,0,0,0,0,0,0,0,0,0,0,0,0,0,0,0,78,76,93,0,33,0,0,0,0,0,0,0,0,0,0
0,14,0,21,0,139,0,0,0,0,0,63,0,13,9,35,0,36,0,90,7,40,0,50,0,18,0,0,0,39,0,0,0,0,0,17,0,12,0,2,0,0,0,5,0,3,0,0,0,0,0,16,0,0,0,0,0,0,0,0,0,0,0,8,0,0,0,0,0,0,0,0,0,0,0,0,0,0,0,0,0,0,0,0,0,51,0,0,0,0,0,0,0,0,0,0,0,0,0,0,0,0,0,0,0,0,0,0,0,0,0,0,0,0,0,0,0,0,0,0,0,19,0,0,0,0,0,0,0,0,0,0,0,0,0,0,0,0,0,0,0,40,0,129,0,44,0,2,0,0,0,0,0,0,0,0,0,0,0,0,0,0,0,0,0,0,0,54,0,0,0,3,0,0,0,0,5,0,0,24,0,0,0,0,0,0,0,0,0,0,0,0,0,0,0,0,0,0,0,0,0,0,0,0,0,0,0,0,0,0,0,0,0,0,0,0,0,0,0,33,54,0,0,0,0
32,0,157,0,254,13,0,0,1,0,127,4,16,0,57,15,72,0,0,0,48,0,11,0,3,0,7,0,23,0,4,0,0,0,52,0,69,0,3,0,0,0,31,0,6,0,0,0,4,0,15,0,0,0,0,0,0,0,0,0,0,0,7,0,0,0,0,0,0,0,53,0,0,0,31,0,0,0,0,0,0,0,0,0,0,0,63,0,0,0,0,0,0,0,0,0,0,0,0,0,0,0,0,0,0,0,0,0,0,0,0,0,0,0,0,0,0,0,0,0,0,0,0,0,0,0,0,0,0,0,0,0,0,0,0,0,0,0,0,0,0,0,0,0,25,0,0,0,0,0,0,0,0,0,0,0,0,0,0,0,0,0,0,0,0,0,55,0,0,0,0,0,31,0,0,0,30,0,14,0,0,0,11,0,0,0,0,0,0,0,0,0,0,0,0,0,0,0,0,0,0,0,0,0,0,0,0,0,0,0,71,53,62,0,16,0,0,0,0,0,0,0,0,0,0
0,67,0,217,54,248,0,19,0,0,10,216,3,2,48,47,0,51,0,11,12,72,5,138,0,14,0,0,0,122,3,0,0,0,0,7,0,8,0,4,0,0,0,0,0,3,0,0,0,2,0,4,0,0,0,0,0,0,0,0,0,0,0,19,0,0,0,0,0,0,0,0,0,0,0,0,0,0,0,0,0,0,0,0,0,82,0,0,0,0,0,0,0,0,0,0,0,0,0,0,0,0,0,0,0,0,0,0,0,0,0,0,0,0,0,0,0,0,0,0,0,14,0,0,0,0,0,0,0,0,0,0,0,0,0,0,0,0,0,0,0,74,0,158,0,34,0,0,0,0,0,0,0,5,0,0,0,0,0,0,0,0,0,0,0,0,0,36,0,0,0,0,0,10,0,0,0,50,0,121,0,0,0,0,0,0,0,0,0,0,0,0,0,0,0,0,0,0,0,0,0,0,0,0,0,0,0,0,0,0,0,0,0,0,16,0,0,0,43,69,50,0,0,0,0
6,0,0,0,247,0,0,0,0,0,33,0,282,15,182,0,43,0,253,17,64,0,63,0,11,0,46,0,102,0,112,0,52,0,0,0,221,0,16,0,0,0,18,0,23,0,0,0,0,0,113,0,2,0,0,0,2,0,0,0,3,0,0,0,0,0,0,0,0,0,26,0,0,0,0,0,0,0,0,0,0,0,0,0,0,0,0,0,0,0,0,0,0,0,0,0,0,0,0,0,0,0,0,0,0,0,0,0,0,0,0,0,0,0,0,0,0,0,0,0,0,0,9,0,0,0,0,0,0,0,0,0,0,0,0,0,0,0,0,0,0,0,0,0,19,0,0,0,5,0,0,0,0,0,0,0,0,0,0,0,3,0,0,0,92,0,16,0,76,0,0,0,0,0,0,0,0,0,30,0,0,0,19,0,0,0,0,0,0,0,0,0,0,0,0,0,0,0,0,0,0,0,0,0,0,0,0,0,0,0,36,124,184,0,22,0,0,0,0,0,0,0,0,0,0
0,0,0,0,20,257,0,4,0,0,0,112,0,164,10,21,0,17,113,167,31,98,0,51,0,0,14,69,0,48,0,17,0,7,0,0,0,181,0,12,0,4,0,18,0,37,0,0,0,0,0,33,0,4,0,0,0,0,0,0,0,0,0,30,0,0,0,0,0,0,0,19,0,0,0,0,0,0,0,0,0,0,0,0,0,125,0,0,0,0,0,0,0,0,0,0,0,0,0,26,0,0,0,0,0,0,0,0,0,0,0,0,0,0,0,0,0,0,0,0,0,83,0,0,0,0,0,0,0,0,0,2,0,0,0,0,0,0,0,30,0,131,0,312,0,129,0,0,0,0,0,0,0,0,0,0,0,10,0,0,0,0,0,0,0,34,0,88,0,84,0,0,0,18,0,0,0,201,0,35,0,0,0,0,0,0,0,30,0,0,0,0,0,0,0,0,0,0,0,0,0,0,0,0,0,0,0,0,0,0,0,0,0,0,49,0,0,0,107,129,257,28,0,0,0
52,0,56,0,407,0,0,0,0,0,125,0,89,0,103,0,18,0,81,0,30,0,12,0,0,0,28,0,64,0,33,0,69,0,221,0,0,0,32,0,0,0,56,0,41,0,1,0,0,0,150,0,0,0,0,0,0,0,17,0,30,0,9,0,0,0,1,0,0,0,75,0,8,0,34,0,0,0,0,0,14,0,0,0,0,0,69,0,0,0,0,0,0,0,0,0,0,0,54,0,0,0,0,0,0,0,0,0,0,0,0,0,0,0,0,0,0,0,0,0,20,0,15,0,0,0,0,0,0,0,0,0,0,0,0,0,11,0,65,0,88,0,0,0,92,0,0,0,0,0,0,0,0,0,4,0,10,0,1,0,0,0,33,0,45,0,74,0,83,0,41,0,57,0,0,0,34,0,18,0,0,0,19,0,0,0,0,0,0,0,0,0,0,0,0,0,0,0,0,0,0,0,0,0,0,0,0,0,0,0,52,64,166,0,25,0,0,0,0,0,0,0,0,0,0
0,55,0,69,28,200,0,18,0,0,0,172,0,57,21,27,0,20,23,144,9,21,0,41,0,5,0,24,0,21,0,12,0,8,0,181,0,0,0,25,0,0,0,44,0,12,1,0,0,1,0,74,0,2,0,0,0,0,0,2,0,31,0,11,0,0,0,0,0,0,0,21,0,0,0,10,0,0,0,0,0,0,0,0,0,167,0,0,0,0,0,0,0,0,0,0,0,64,0,51,0,0,0,0,0,0,0,0,0,0,0,0,0,0,0,0,0,0,0,0,0,88,0,44,0,0,0,0,0,0,0,0,0,0,0,0,0,0,0,63,0,179,0,288,0,273,0,0,0,0,0,0,0,0,0,0,0,49,0,3,0,0,0,0,0,26,0,94,0,104,0,20,0,50,0,0,8,43,0,101,0,0,0,0,0,0,0,13,0,0,0,0,0,0,0,0,0,0,0,0,0,13,0,0,0,0,0,0,0,0,0,0,0,0,19,0,0,0,59,135,238,14,0,0,0
383,9,380,6,150,0,7,0,0,0,97,0,0,0,10,0,152,1,0,0,11,0,74,5,11,2,5,0,11,0,21,0,3,0,16,0,32,0,0,0,0,0,9,0,3,0,0,0,1,0,5,0,0,0,0,0,0,0,0,0,11,0,14,0,0,0,0,0,0,0,57,0,0,0,42,0,0,0,0,0,0,0,0,0,40,0,65,0,0,0,0,0,0,0,0,0,49,0,74,0,0,0,0,0,0,0,0,0,0,0,0,0,0,0,0,0,0,0,0,0,30,0,36,0,0,0,0,0,0,0,0,0,0,0,0,0,0,0,67,0,78,0,23,0,105,0,0,0,0,0,0,0,0,0,3,0,8,0,0,0,0,0,24,0,0,0,34,0,0,0,13,0,22,0,0,0,112,0,16,0,0,0,100,0,0,0,0,0,0,0,0,0,0,0,0,0,0,0,0,0,0,0,0,0,0,0,0,0,0,0,10,11,23,0,4,0,0,0,0,0,0,0,0,0,0
0,113,0,136,2,28,0,74,0,0,0,47,0,0,1,14,0,142,0,0,0,11,4,79,0,64,0,0,0,24,0,2,0,4,0,12,0,25,0,0,0,0,0,15,0,4,0,0,0,0,0,20,0,5,0,0,0,0,0,0,0,3,0,8,0,0,0,0,0,0,0,0,0,0,0,0,0,0,0,0,0,0,0,0,0,0,0,0,0,0,0,0,0,0,0,0,0,0,0,0,0,0,0,0,0,0,0,0,0,0,0,0,0,0,0,0,0,0,0,0,0,0,0,0,0,0,0,0,0,0,0,0,0,0,0,0,0,0,0,90,0,85,0,0,0,107,0,0,0,0,0,0,0,0,0,24,0,39,0,0,0,0,0,0,0,0,0,0,0,0,0,0,0,3,0,0,0,0,0,42,0,0,0,0,0,0,0,0,0,0,0,0,0,0,0,0,0,0,0,0,0,0,0,0,0,0,0,0,0,0,0,0,0,0,0,0,0,0,7,23,4,0,0,0,0
9,0,0,0,122,0,0,0,0,0,19,0,350,29,8,0,0,0,18,0,0,0,2,0,0,0,54,99,0,0,0,0,0,0,0,0,0,0,0,0,0,48,147,0,112,113,110,111,175,27,34,8,0,0,0,0,0,0,0,0,0,0,0,0,0,0,0,0,0,0,0,0,0,0,1,0,0,0,0,0,0,0,0,0,0,0,0,0,0,0,0,0,0,0,0,0,0,0,0,0,0,0,9,0,0,0,0,0,0,0,0,0,2,0,0,0,0,0,0,0,0,0,0,0,0,0,0,0,0,0,0,0,0,0,0,0,0,0,0,0,0,0,0,0,0,0,0,0,0,0,0,0,0,0,0,0,0,0,0,0,0,0,0,0,30,0,0,0,9,0,0,0,0,0,0,0,37,10,50,0,0,0,0,0,0,0,244,0,0,0,0,0,0,0,0,0,0,0,0,0,0,0,0,0,0,0,0,0,0,0,0,148,76,2,0,8,0,30,0,1,0,0,0,0,0
0,15,0,0,0,53,0,0,0,2,0,58,51,247,0,0,0,0,44,10,17,0,0,0,0,0,94,78,0,0,0,0,0,0,0,4,0,0,0,0,48,0,39,114,48,204,53,139,2,228,21,62,0,0,0,0,0,0,0,0,0,0,0,0,0,0,0,0,0,5,0,0,0,0,0,0,0,0,0,0,0,0,0,13,0,0,0,0,0,0,0,0,0,0,0,11,0,0,0,0,0,0,0,0,0,0,0,0,0,0,0,0,0,6,0,0,0,0,0,0,0,0,0,0,0,0,0,0,0,0,0,0,0,0,0,0,0,0,0,0,0,1,0,0,0,0,0,0,0,0,0,0,0,0,0,0,0,0,0,0,0,0,0,0,0,22,0,0,0,0,0,0,0,1,0,0,0,146,0,10,0,0,0,0,0,0,19,18,0,0,0,0,0,1,0,0,0,0,0,0,0,0,0,0,0,4,0,0,0,0,0,0,0,0,0,0,0,0,0,66,72,0,0,0,47
0,0,15,0,37,0,0,0,0,0,13,0,170,0,0,0,0,0,78,0,33,1,36,0,0,0,241,91,80,0,103,0,31,0,18,0,56,0,9,0,147,39,0,17,131,67,125,91,68,8,125,13,0,0,0,0,0,0,13,0,0,0,0,0,0,0,0,0,0,0,0,0,0,0,0,0,0,0,0,0,0,0,18,0,0,0,27,0,0,0,0,0,0,0,0,0,0,0,0,0,0,0,12,0,0,0,0,0,0,0,0,0,0,0,0,0,0,0,0,0,0,0,0,0,0,0,0,0,0,0,0,0,0,0,0,0,0,0,0,0,0,0,0,0,0,0,0,0,0,0,0,0,0,0,2,0,0,0,0,0,2,0,0,0,53,0,9,0,12,0,10,0,7,0,0,0,0,6,58,0,0,0,0,0,0,0,114,0,0,0,0,0,0,0,0,0,0,0,0,0,0,0,0,0,0,0,0,0,0,0,75,142,121,0,22,16,1,14,0,0,0,0,0,0,0
0,0,0,0,0,0,0,0,0,0,0,0,0,98,0,10,0,16,23,24,15,177,0,0,0,0,0,212,0,24,0,5,0,0,0,18,0,44,0,15,0,114,17,0,6,221,0,95,0,46,0,87,0,0,0,0,0,0,0,0,0,0,0,0,0,0,0,0,0,0,0,17,0,1,0,0,0,0,0,0,0,0,0,0,0,0,0,0,0,0,0,0,0,0,0,0,0,0,0,0,0,0,0,0,0,0,0,0,0,0,0,0,0,1,0,0,0,0,0,0,0,0,0,0,0,0,0,0,0,0,0,0,0,0,0,0,0,0,0,0,0,0,0,0,0,45,0,0,0,0,0,0,0,0,0,0,0,0,0,0,0,0,0,4,0,36,0,24,0,42,0,3,0,0,0,0,2,33,0,0,0,0,0,0,0,0,0,84,0,0,0,0,0,0,0,0,0,0,0,0,0,0,0,0,0,0,0,0,0,0,0,0,0,0,0,0,0,0,35,130,154,5,0,1,2
0,0,79,0,85,0,0,0,5,2,31,0,308,0,0,1,70,1,58,0,34,0,110,0,0,0,167,58,0,0,15,0,6,0,23,0,41,0,3,0,112,48,131,6,0,115,384,89,309,50,43,0,0,0,0,0,0,0,7,0,0,0,18,0,0,0,0,0,31,0,54,0,0,0,40,0,0,0,0,0,0,0,71,0,0,0,0,0,0,0,0,0,0,0,97,0,0,0,0,0,82,0,30,0,0,0,0,0,14,0,1,0,0,0,0,0,3,0,0,0,0,0,0,0,0,0,0,0,0,0,0,0,0,0,0,0,0,0,0,0,0,0,0,0,35,0,0,0,6,0,0,0,7,0,0,0,4,0,0,0,0,0,0,0,154,0,8,0,30,0,16,0,19,0,0,0,21,10,38,0,3,0,0,0,0,0,115,1,0,0,0,0,0,0,0,0,0,0,0,0,0,0,0,0,0,0,0,0,0,0,35,121,314,12,20,42,2,83,0,0,0,0,0,0,0
0,35,0,22,0,63,0,0,0,0,0,70,73,135,0,25,0,0,41,43,16,125,0,51,0,3,81,228,0,12,0,3,0,3,0,37,0,12,0,4,113,204,67,221,115,0,106,352,14,115,0,150,0,0,0,0,0,0,0,0,0,6,0,28,0,6,0,0,0,37,0,15,0,0,0,9,0,60,0,5,0,79,0,67,0,144,0,26,0,16,0,9,0,13,0,42,0,0,0,36,0,0,0,0,0,0,0,0,0,0,0,0,0,5,0,0,0,0,0,0,0,67,0,0,0,0,0,0,0,0,0,0,0,0,0,0,0,0,0,0,0,58,0,210,0,83,0,0,0,4,0,0,0,5,0,0,0,0,0,0,0,4,0,0,0,217,0,24,0,157,0,6,0,8,0,0,0,88,0,25,0,0,0,0,0,8,29,43,0,0,0,0,0,0,0,62,0,0,0,0,0,0,0,0,0,0,0,0,0,0,0,0,0,0,24,0,0,0,77,318,373,11,48,5,110
11,0,16,0,61,1,0,0,0,0,23,0,341,19,9,0,9,0,38,0,0,0,15,0,0,0,89,45,0,0,0,0,0,0,0,0,1,1,0,0,110,53,125,0,384,106,0,105,254,46,24,0,0,0,0,0,0,0,0,0,0,0,0,0,0,0,0,0,0,0,0,0,1,0,0,0,0,0,0,0,0,0,0,0,0,0,0,0,0,0,0,0,0,0,0,0,0,0,0,0,0,0,7,0,0,0,0,0,0,0,0,0,0,0,0,0,0,0,0,0,0,0,0,0,0,0,0,0,0,0,0,0,0,0,0,0,0,0,0,0,0,0,0,0,0,0,0,0,0,0,0,0,0,0,0,0,0,0,0,0,0,0,0,0,35,0,0,0,0,0,0,0,0,0,0,0,18,5,73,0,0,0,0,0,0,0,161,1,0,0,0,0,0,0,0,0,0,0,0,0,0,0,4,0,0,0,0,0,0,0,9,254,126,3,4,0,0,79,0,0,0,0,0,0,0
0,18,0,0,0,97,0,0,0,0,0,66,104,253,1,0,0,0,63,37,21,0,0,0,0,0,132,149,0,0,0,0,0,0,0,0,0,0,0,0,111,139,91,95,89,352,105,0,14,101,0,73,0,0,0,0,0,0,0,0,0,0,0,0,0,0,0,0,0,10,0,0,0,0,0,0,0,0,0,0,0,0,0,0,0,0,0,0,0,0,0,0,0,0,0,0,0,0,0,0,0,0,0,0,0,0,0,0,0,0,0,0,0,0,0,0,0,0,0,0,0,0,0,0,0,3,0,0,0,0,0,0,0,0,0,0,0,0,0,0,0,0,0,0,0,0,0,0,0,0,0,0,0,0,0,0,0,0,0,0,0,0,0,0,0,28,0,0,0,0,0,0,0,0,0,0,1,149,0,0,0,0,0,0,0,0,20,26,0,0,0,0,0,0,0,0,0,0,0,0,0,0,0,0,0,0,0,0,0,0,0,1,0,0,0,0,0,0,0,196,138,0,0,1,56
51,0,48,0,39,0,46,1,14,0,13,0,38,2,0,0,7,0,4,0,7,0,8,0,10,0,23,3,0,0,0,0,4,0,0,0,0,0,1,0,175,2,68,0,309,14,254,14,0,24,10,0,2,0,7,0,9,0,8,0,3,0,3,0,0,0,0,0,14,0,0,0,0,0,0,0,6,0,7,0,0,0,23,0,0,0,0,0,7,0,0,0,26,0,25,0,0,0,0,0,19,0,19,0,0,0,12,0,4,0,0,0,0,0,0,0,1,0,0,0,0,0,0,0,0,0,1,0,0,0,0,0,0,0,0,0,1,0,0,0,0,0,0,0,0,0,0,0,0,0,0,0,0,0,0,0,0,0,0,0,2,0,2,0,13,0,2,0,2,0,6,0,8,0,0,0,35,3,43,0,5,0,2,0,0,0,241,0,16,0,0,0,0,0,12,0,0,0,2,0,0,1,0,0,23,0,0,0,0,0,8,85,124,6,97,50,1,27,0,0,0,0,0,0,0
0,6,0,0,0,0,0,4,0,3,0,30,0,99,0,5,0,0,0,0,0,0,0,0,0,0,5,48,0,0,0,0,0,2,0,0,0,1,0,0,27,228,8,46,50,115,46,101,24,0,0,19,0,1,0,0,0,0,0,0,0,0,0,2,0,0,0,0,0,15,0,0,0,0,0,0,0,19,0,0,0,2,0,17,0,0,0,2,0,6,0,0,0,6,0,7,0,0,0,0,0,0,0,5,0,1,0,8,0,0,0,0,0,5,0,0,0,0,0,0,0,2,0,2,0,0,0,0,0,0,0,0,0,0,0,1,0,0,0,0,0,0,0,0,0,0,0,0,0,0,0,0,0,0,0,0,0,0,0,0,0,0,0,0,0,60,0,45,0,15,0,1,0,2,0,0,0,132,0,37,0,9,0,0,0,0,26,83,0,4,0,0,0,0,0,0,0,0,0,0,0,0,0,0,0,0,0,0,0,0,0,0,0,0,0,0,0,0,0,8,13,3,0,0,29
0,0,21,0,144,0,15,0,0,0,22,0,356,0,23,0,47,0,242,0,73,0,54,3,0,0,314,51,57,0,54,0,15,0,113,0,150,0,5,0,34,21,125,0,43,0,24,0,10,0,0,0,1,0,0,0,0,0,18,1,0,0,14,0,0,0,0,0,12,0,0,0,0,0,0,0,0,0,20,0,0,0,44,0,0,0,0,0,0,0,0,0,0,0,0,0,0,0,0,0,0,0,22,0,0,0,25,0,7,0,0,0,0,0,0,0,2,0,0,0,0,0,0,0,0,0,0,0,0,0,2,0,0,0,0,0,0,0,0,0,0,0,0,0,35,0,0,0,0,0,0,0,0,0,0,1,0,0,0,0,0,0,19,0,57,0,23,0,75,0,11,0,28,0,0,0,13,0,73,0,0,0,0,0,0,0,46,1,19,0,0,0,0,0,22,0,0,0,0,0,0,0,0,0,0,0,0,0,0,0,103,125,166,35,41,28,3,3,0,0,0,0,0,0,0
0,25,0,0,0,75,0,0,0,0,0,0,0,275,2,21,0,0,73,109,19,88,0,27,0,0,0,444,0,18,0,16,0,4,0,33,0,74,0,20,8,62,13,87,0,150,0,73,0,19,0,0,0,0,0,0,0,0,0,6,0,4,0,24,0,0,0,2,0,0,0,66,0,13,0,41,0,0,0,0,0,182,0,19,0,263,0,0,0,0,0,0,0,0,0,0,0,104,0,110,0,0,0,0,0,0,0,0,0,0,0,0,0,0,0,0,0,0,0,0,0,203,0,0,0,0,0,0,0,0,0,0,0,0,0,0,0,0,0,16,0,86,0,255,0,164,0,0,0,0,0,0,0,0,0,0,0,0,0,0,0,0,0,12,0,43,0,53,0,103,0,40,0,54,0,0,0,48,0,9,0,0,0,0,0,0,0,79,0,0,0,0,0,0,0,9,0,0,0,0,0,20,0,0,0,0,0,0,0,0,0,0,0,0,49,0,0,0,78,102,143,17,17,0,0
0,0,6,0,1,0,81,6,114,58,3,0,4,0,6,0,27,0,11,0,2,0,8,0,52,0,3,0,3,0,0,0,0,0,2,0,0,0,0,0,0,0,0,0,0,0,0,0,2,0,1,0,0,3,319,51,168,16,21,96,30,0,97,0,3,2,6,90,0,0,0,0,0,0,11,0,0,0,5,0,0,0,2,0,109,0,0,0,0,0,52,0,0,0,0,0,109,0,0,0,0,0,0,0,0,0,39,0,0,0,0,0,0,0,0,0,0,0,0,0,0,0,87,0,0,0,3,0,62,0,6,0,0,0,23,0,104,0,372,0,135,0,139,0,15,2,0,0,0,0,0,0,0,0,316,0,76,0,145,0,11,0,0,0,0,0,0,0,19,0,155,0,19,0,0,0,29,2,0,0,0,0,28,0,9,0,0,0,0,0,0,0,0,0,0,0,0,0,0,0,0,0,0,0,0,0,0,0,13,0,50,63,114,86,88,4,33,0,0,1,0,0,0,0,0
3,7,0,0,0,8,0,17,37,20,0,4,0,0,0,0,0,100,0,9,0,17,0,41,2,46,0,15,0,6,0,0,0,0,0,4,0,2,0,5,0,0,0,0,0,0,0,0,0,1,0,0,3,0,15,96,0,131,2,0,0,62,2,117,0,0,5,0,0,0,0,0,0,0,0,0,0,0,0,0,0,0,0,0,0,41,0,0,0,0,0,0,0,0,0,0,0,0,0,0,0,0,0,0,0,0,0,19,0,0,0,0,0,0,0,0,0,0,0,0,0,0,0,0,0,0,0,0,0,21,0,0,0,14,0,38,0,63,0,398,0,147,0,173,0,147,0,0,0,0,0,0,0,0,0,276,0,121,0,137,0,2,0,0,0,0,0,0,0,8,1,28,0,13,0,0,1,0,0,0,0,0,2,1,0,0,0,0,0,0,0,0,0,0,0,0,0,0,0,0,0,28,0,0,0,0,0,0,0,0,0,0,0,0,87,0,0,0,124,239,44,69,5,36,0
0,0,163,0,0,0,284,14,54,215,0,1,0,0,30,0,0,0,5,0,5,0,109,0,127,3,0,0,0,0,0,0,0,0,0,0,0,0,0,0,0,0,0,0,0,0,0,0,7,0,0,0,319,15,0,105,104,20,44,93,18,0,11,0,17,0,0,135,1,0,0,0,0,0,0,0,0,0,0,0,0,0,0,0,95,0,3,0,0,0,0,0,0,0,0,0,108,0,0,0,0,0,0,0,0,0,0,0,0,0,0,0,0,0,0,0,0,0,0,0,0,0,47,0,0,0,0,0,146,0,102,0,48,0,45,1,186,0,52,0,42,0,170,0,3,0,0,3,0,0,0,0,0,0,73,0,25,0,77,0,76,0,15,0,11,0,0,0,34,0,367,0,50,0,0,0,26,9,1,0,0,0,10,0,18,0,0,0,0,0,0,0,0,0,0,0,0,0,0,0,66,0,0,0,0,0,0,0,0,0,348,78,465,316,483,0,150,0,0,0,0,0,0,0,0
27,21,0,36,0,9,42,241,224,98,0,3,0,0,0,62,6,14,0,6,0,0,0,34,21,186,0,13,0,1,0,0,0,0,0,0,0,0,0,0,0,0,0,0,0,0,0,0,0,0,0,0,51,96,105,0,3,174,0,29,6,17,27,22,7,0,20,14,0,2,0,0,0,0,0,0,0,0,1,0,0,0,0,0,0,46,0,0,0,0,0,0,0,0,0,0,0,25,0,3,0,0,0,0,0,0,0,0,0,0,0,0,0,0,0,0,0,0,0,0,0,0,0,0,0,6,0,0,0,73,0,39,0,32,0,126,0,158,6,208,0,35,0,79,2,0,0,0,0,0,0,0,0,0,0,117,0,41,0,122,0,13,0,0,0,9,0,11,0,54,0,223,0,87,0,0,11,2,0,0,0,0,3,0,3,0,0,0,0,0,0,0,0,0,0,0,0,0,0,0,0,81,0,0,0,0,0,0,0,0,0,0,0,0,445,0,0,0,405,172,582,344,17,143,1
0,0,16,0,0,0,29,0,22,0,0,0,0,0,0,0,0,0,1,0,0,0,0,0,15,1,0,0,0,0,0,0,0,0,2,0,0,0,0,0,0,0,0,0,0,0,0,0,9,0,0,0,168,0,104,3,0,0,210,21,0,0,0,0,30,50,25,36,0,0,0,0,0,0,0,1,0,0,0,0,0,0,0,0,0,0,0,0,0,0,0,0,0,0,0,0,0,0,0,0,0,0,0,0,0,0,0,0,0,0,0,0,0,0,0,0,0,0,0,0,0,0,0,0,16,0,13,0,136,0,145,0,26,0,0,0,33,0,4,2,0,0,0,0,48,1,0,0,0,0,0,0,0,0,74,8,75,0,37,4,86,18,0,0,8,0,9,0,34,0,158,0,19,0,3,0,0,0,0,0,0,0,0,0,26,0,0,0,0,0,0,0,0,0,0,0,0,0,0,0,0,0,0,0,0,0,0,0,0,0,409,94,504,467,756,41,247,1,1,0,0,0,0,0,0
0,5,0,0,0,0,0,12,0,9,0,0,0,0,0,0,0,7,0,0,0,0,0,0,0,34,0,0,0,0,0,0,0,0,0,0,0,0,0,0,0,0,0,0,0,0,0,0,0,0,0,0,16,131,20,174,0,0,30,69,0,2,0,17,4,0,25,34,0,6,0,0,0,0,0,0,0,2,0,0,0,0,0,0,0,0,0,0,0,0,0,0,0,0,0,1,0,0,0,0,0,0,0,0,0,0,0,0,0,0,0,0,0,0,0,0,0,0,0,0,0,0,0,0,0,13,0,0,0,30,0,54,0,20,0,0,0,45,0,55,0,12,0,0,5,14,0,2,0,0,0,0,0,0,1,145,0,19,0,240,0,48,0,32,0,8,0,6,0,97,0,406,0,0,0,0,0,0,0,0,1,0,0,0,3,0,0,0,0,0,0,0,0,0,0,0,0,0,0,0,0,0,0,0,0,0,0,0,0,0,0,0,0,0,727,0,0,0,725,117,745,619,52,267,2
0,0,26,0,0,0,18,0,74,8,5,0,0,0,0,1,0,0,0,0,7,0,0,0,1,0,0,0,0,0,2,0,0,0,0,0,17,0,0,0,0,0,13,0,7,0,0,0,8,0,18,0,21,2,44,0,210,30,0,185,9,0,0,0,268,45,116,219,0,0,0,0,0,0,0,0,0,0,0,0,0,0,0,0,0,0,0,0,0,0,0,0,0,0,0,0,0,0,0,0,0,0,0,0,0,0,0,0,0,0,0,0,0,0,0,0,0,0,0,0,0,0,0,0,44,0,14,0,13,0,143,0,11,0,19,0,18,0,0,0,0,0,0,0,6,1,4,0,12,0,7,0,0,3,64,18,132,0,0,10,89,16,0,0,3,0,11,0,16,0,103,0,24,0,4,0,33,0,0,0,8,0,0,0,170,14,0,0,0,0,0,0,0,0,0,0,0,0,0,0,0,0,0,0,0,0,0,0,3,0,592,236,490,636,885,43,348,0,0,0,0,0,0,0,0
0,0,0,1,0,0,0,13,154,30,0,0,0,0,0,0,0,0,0,0,0,0,1,0,0,0,0,0,0,0,0,0,0,0,0,0,0,2,0,0,0,0,0,0,0,0,0,0,0,0,1,6,96,0,93,29,21,69,185,0,0,0,7,0,18,181,245,221,0,2,0,0,0,0,0,0,0,3,0,0,0,0,0,0,0,0,0,0,0,0,0,0,0,0,0,0,0,0,0,0,0,0,0,0,0,0,0,0,0,0,0,0,0,0,0,0,0,0,0,0,0,0,0,0,0,36,0,29,0,11,0,107,0,38,0,20,0,47,8,23,0,0,0,0,7,31,0,0,0,27,0,0,0,0,17,17,1,43,7,42,14,97,0,17,0,4,0,2,0,14,0,84,0,7,0,0,11,0,0,0,0,0,1,0,38,48,0,0,0,0,0,0,0,0,0,0,0,0,0,0,0,0,0,0,0,0,0,0,0,0,1,0,0,0,746,0,0,0,857,416,316,504,27,141,0
253,0,115,0,0,0,339,0,229,13,0,0,0,0,2,0,32,0,0,0,0,0,26,0,47,3,2,0,7,0,0,0,0,0,3,0,30,0,11,0,0,0,0,0,0,0,0,0,3,0,0,0,30,0,18,6,0,0,9,0,0,0,37,1,1,0,0,0,0,0,4,0,0,0,6,0,0,0,0,0,0,0,0,0,0,0,0,0,0,0,0,0,0,0,0,0,0,0,0,0,0,0,0,0,0,0,0,0,0,0,0,0,0,0,0,0,0,0,0,0,0,0,0,0,0,0,0,0,0,0,0,0,0,0,0,0,0,0,184,0,114,0,0,0,148,0,0,0,0,0,0,0,0,0,74,0,67,0,5,0,0,0,0,0,1,0,1,0,3,0,109,0,100,0,0,0,68,0,0,0,0,0,93,0,3,0,0,0,0,0,0,0,0,0,0,0,0,0,0,0,0,0,0,0,0,0,0,0,0,0,56,84,86,45,54,0,9,0,0,0,0,0,0,0,0
8,236,6,55,0,18,0,296,0,57,0,22,0,1,0,8,1,108,0,0,0,0,8,31,0,149,0,0,0,12,0,0,0,0,0,0,0,31,0,3,0,0,0,0,0,6,0,0,0,0,0,4,0,62,0,17,0,2,0,0,0,0,0,61,0,2,0,0,0,1,0,0,0,0,0,1,0,0,0,0,0,0,0,0,0,0,0,0,0,0,0,0,0,0,0,1,0,0,0,0,0,0,0,0,0,0,0,0,0,0,0,0,0,0,0,0,0,0,0,0,0,0,0,0,0,0,0,1,0,0,0,0,0,0,0,0,0,0,0,52,0,56,0,0,0,162,0,0,0,0,0,2,0,0,0,19,0,116,0,14,0,0,0,0,0,0,0,5,0,3,0,24,0,105,0,0,3,6,0,24,0,0,0,0,0,0,0,0,0,0,0,0,0,0,0,0,0,0,0,0,0,0,0,0,0,0,0,0,0,0,0,0,0,0,30,0,0,0,50,288,101,0,2,11,0
200,9,214,0,0,0,307,40,220,102,0,0,0,0,8,0,389,0,0,0,37,0,69,0,60,13,8,0,49,0,21,0,7,0,0,0,9,0,14,0,0,0,0,0,18,0,0,0,3,0,14,0,97,2,11,27,0,0,0,7,37,0,0,2,0,0,1,5,0,0,48,0,0,0,56,0,0,0,0,0,0,0,0,0,66,0,40,0,0,0,0,0,0,0,0,0,0,0,0,0,0,0,0,0,0,0,0,0,0,0,0,0,0,0,0,0,0,0,0,0,0,0,60,0,0,0,0,0,5,0,0,0,0,0,0,0,66,0,208,0,261,0,98,0,118,0,0,0,0,0,0,0,0,0,112,0,46,0,24,0,0,0,0,0,0,0,0,0,0,0,18,0,40,0,0,0,55,3,0,0,0,0,90,0,0,0,0,0,0,0,0,0,0,0,0,0,0,0,0,0,0,1,0,0,0,0,0,0,0,0,32,27,47,35,26,0,0,0,0,0,0,0,0,0,0
37,152,10,20,0,16,31,288,33,51,0,8,0,0,0,0,5,427,1,0,0,51,8,106,17,222,0,49,0,87,0,8,0,19,0,30,0,11,0,8,0,0,0,0,0,28,0,0,0,2,0,24,0,117,0,22,0,17,0,0,1,61,2,0,0,0,0,0,0,0,0,0,0,0,0,0,0,0,0,0,0,0,0,0,0,0,0,0,0,0,0,0,0,0,0,0,0,11,0,2,0,0,0,0,0,0,0,0,0,0,0,0,0,0,0,0,0,0,0,0,0,0,0,0,0,0,0,2,0,0,0,0,0,0,0,15,0,27,0,232,0,142,0,105,0,62,0,0,0,0,0,0,0,0,0,94,0,130,0,50,0,0,0,0,0,0,0,0,0,0,0,15,0,39,0,0,3,0,0,0,0,0,2,0,0,0,0,0,0,0,0,0,0,0,0,0,0,0,0,0,0,0,0,0,0,0,0,0,0,0,1,0,0,0,28,0,0,0,48,126,41,11,0,0,0
35,0,30,2,28,0,16,0,87,0,35,0,35,0,0,0,0,0,12,0,0,0,0,0,1,0,0,0,0,0,0,0,0,0,0,0,0,0,0,0,0,0,0,0,0,0,0,0,0,0,0,0,3,0,17,7,30,4,268,18,1,0,0,0,0,84,187,15,0,0,0,0,0,0,0,0,0,0,0,0,0,0,0,0,0,0,0,0,0,0,0,0,0,0,0,0,0,1,0,0,0,0,0,0,0,0,0,0,0,0,0,0,0,0,0,0,0,0,0,0,0,0,0,0,6,0,12,0,0,2,10,0,0,0,19,0,4,0,0,19,0,7,3,0,14,14,15,0,40,34,0,0,6,6,0,5,0,0,1,0,476,109,1,0,0,0,0,0,0,0,0,0,0,0,25,0,28,0,19,0,186,18,17,0,181,0,1,0,0,0,0,0,0,0,0,0,0,0,0,0,0,0,0,0,0,0,0,0,1,0,64,20,0,0,45,0,0,0,0,0,0,0,0,0,0
0,65,0,1,0,17,0,4,0,155,0,27,0,0,0,0,0,0,0,19,0,0,0,0,0,0,0,21,0,0,1,0,0,0,0,0,0,0,0,0,0,0,0,0,0,6,0,0,0,0,0,0,2,0,0,0,50,0,45,181,0,2,0,0,84,0,47,500,0,0,0,17,0,0,0,23,0,0,0,0,0,0,0,0,0,0,0,0,0,0,0,2,0,0,0,0,0,0,0,0,0,0,0,0,0,0,0,0,0,0,0,0,0,0,0,0,0,0,0,0,0,0,0,0,0,26,0,19,0,0,0,34,0,0,0,41,0,29,41,61,0,11,0,1,55,74,0,51,0,104,0,24,0,28,13,1,2,0,22,0,163,454,1,0,0,3,0,0,0,0,0,0,0,0,0,0,0,12,0,17,49,177,0,31,17,72,0,3,0,0,0,0,0,0,0,1,0,0,0,0,0,0,0,0,0,0,0,2,0,22,7,0,0,0,78,0,0,0,132,10,39,0,0,0,0
13,0,0,0,0,0,30,0,167,0,6,0,0,0,0,0,0,0,2,0,1,0,0,1,0,1,0,0,0,0,0,0,0,0,0,0,1,0,0,0,0,0,0,0,0,0,0,0,0,0,0,0,6,5,0,20,25,25,116,245,0,0,1,0,187,47,0,136,0,0,0,0,0,0,0,0,0,0,0,0,0,0,0,0,0,0,0,0,0,0,0,0,0,0,0,0,0,0,0,0,0,0,0,0,0,0,0,0,0,0,0,0,0,0,0,0,0,0,0,0,0,0,0,0,0,0,0,0,0,0,25,0,0,0,0,0,1,0,0,0,0,0,0,0,4,3,0,0,8,0,0,0,0,0,6,14,19,0,0,5,87,22,0,1,0,0,5,0,1,0,0,0,0,0,8,0,54,0,0,0,0,0,0,0,699,18,0,0,0,0,0,0,0,0,0,0,0,0,0,0,0,0,0,0,0,0,0,0,0,0,104,80,66,94,126,7,33,0,0,0,0,0,0,0,0
0,15,0,0,0,0,0,2,136,84,0,9,0,0,0,0,0,0,0,0,0,0,0,0,0,0,0,3,0,0,0,0,0,0,0,0,0,0,0,0,0,0,0,0,0,0,0,0,0,0,0,2,90,0,135,14,36,34,219,221,0,0,5,0,15,500,136,0,0,0,0,0,0,0,0,0,0,0,0,0,0,0,0,0,0,0,0,0,0,0,0,0,0,0,0,0,0,0,0,0,0,0,0,0,0,0,0,0,0,0,0,0,0,0,0,0,0,0,0,0,0,0,0,0,0,15,0,11,0,0,0,40,0,0,0,0,0,0,7,4,0,0,0,0,16,33,0,14,0,41,0,6,0,0,31,2,3,0,13,9,12,115,0,3,0,0,0,0,0,0,0,0,0,0,0,0,28,6,0,8,0,5,1,12,37,437,0,0,0,0,0,0,0,0,0,0,0,0,0,0,0,0,0,0,0,0,0,0,0,7,0,0,0,0,144,0,0,0,211,195,47,0,0,0,0
0,0,0,0,0,0,0,0,1,0,0,0,0,0,0,0,0,0,0,0,2,0,0,0,0,0,0,0,0,0,0,0,0,0,0,0,0,0,0,0,0,0,0,0,31,0,0,0,14,0,12,0,0,0,1,0,0,0,0,0,0,0,0,0,0,0,0,0,0,0,0,0,0,0,0,0,30,0,5,0,0,0,15,0,0,0,3,0,11,0,0,0,22,0,11,0,0,0,0,0,6,0,85,0,0,0,0,0,53,0,9,0,12,0,1,0,1,0,1,0,0,0,0,0,0,0,0,0,0,0,0,0,0,0,0,0,0,0,0,1,0,0,2,0,0,0,0,0,0,0,0,0,0,0,0,0,0,0,0,0,1,0,1,0,61,0,0,0,91,0,0,0,0,0,0,0,0,0,0,0,0,0,0,0,0,0,0,0,0,0,0,0,0,0,0,0,0,0,0,0,0,0,0,0,0,0,0,0,0,0,34,0,56,2,4,24,91,0,0,0,0,0,0,0,0
0,0,0,0,0,0,0,2,0,1,0,1,0,0,0,0,0,0,0,0,0,0,0,0,0,0,0,0,0,0,0,0,0,0,0,0,0,0,0,0,0,5,0,0,0,37,0,10,0,15,0,0,0,0,0,2,0,6,0,2,0,1,0,0,0,0,0,0,0,0,0,0,0,0,0,0,0,30,0,1,0,0,0,7,0,0,0,6,0,10,0,0,0,15,0,9,0,0,0,0,0,10,0,132,0,0,0,44,0,4,0,6,0,20,0,0,0,1,0,0,0,0,0,0,0,0,0,0,0,0,0,0,0,0,0,7,0,0,0,0,0,0,0,0,0,0,0,0,0,0,0,0,0,0,0,0,0,3,0,0,0,4,0,0,0,50,0,0,0,49,0,0,0,0,0,0,0,1,0,0,0,0,0,0,0,0,0,0,0,0,0,0,0,0,0,28,0,0,0,0,0,0,0,0,0,11,0,0,0,0,0,0,0,0,7,0,0,0,34,14,142,0,60,103,2
1,0,21,0,0,0,0,0,0,0,0,0,0,0,18,0,126,0,0,0,93,0,21,0,18,0,28,0,87,0,31,0,53,0,26,0,75,0,57,0,0,0,0,0,54,0,0,0,0,0,0,0,0,0,0,0,0,0,0,0,4,0,48,0,0,0,0,0,0,0,0,0,274,0,243,0,14,0,323,0,5,0,0,0,3,0,24,0,0,0,0,0,0,0,0,0,0,0,0,0,0,0,0,0,0,0,0,0,0,0,0,0,0,0,0,0,0,0,0,0,28,0,15,0,32,0,71,0,0,1,0,8,53,1,65,0,50,0,2,0,16,0,90,0,125,0,42,0,8,0,43,0,17,3,0,0,0,0,0,0,0,0,65,0,0,0,6,0,19,0,68,0,36,0,0,0,0,0,0,0,42,5,0,0,0,0,0,0,0,0,0,0,0,0,0,0,0,0,0,0,8,0,0,0,0,0,0,0,54,0,69,0,12,0,0,0,0,0,0,0,0,0,0,0,0
0,0,0,0,0,0,0,0,0,0,0,0,0,0,0,0,0,0,0,0,0,7,0,0,0,0,0,0,0,0,0,0,0,0,0,19,0,21,0,0,0,0,0,17,0,15,0,0,0,0,0,66,0,0,0,0,0,0,0,0,0,0,0,0,0,17,0,0,0,0,0,0,0,293,0,310,0,38,0,52,0,14,0,0,0,0,0,147,0,0,0,0,0,0,0,0,0,0,0,10,0,1,0,0,0,0,0,2,0,0,0,0,0,0,0,0,0,0,0,0,0,19,0,16,0,12,0,39,0,16,0,11,0,17,0,0,0,17,0,1,0,29,0,9,0,66,0,5,0,27,0,23,0,12,0,0,0,0,0,3,3,0,0,35,0,0,0,0,0,9,0,17,0,31,0,0,0,1,0,0,0,9,0,0,0,0,0,0,0,0,0,0,0,0,0,0,0,0,0,0,0,0,0,0,0,0,0,0,0,0,0,0,0,0,0,0,0,0,31,0,18,0,0,0,0
0,0,0,0,0,0,0,0,0,0,0,0,0,0,0,0,0,0,0,0,0,0,0,0,0,0,0,0,0,0,0,0,0,0,0,0,8,0,0,0,0,0,0,0,0,0,1,0,0,0,0,0,0,0,0,0,0,0,0,0,0,0,0,0,0,0,0,0,0,0,274,0,0,0,111,0,26,0,278,0,2,0,0,0,0,0,7,0,0,0,0,1,0,0,2,0,0,1,1,0,0,0,0,0,0,0,0,0,0,0,0,0,0,0,0,0,0,0,0,0,48,0,11,0,50,0,43,0,18,0,17,0,57,0,82,0,17,0,0,0,17,0,122,0,81,0,46,0,7,0,0,3,0,0,0,0,0,0,0,0,0,0,71,0,0,0,1,0,16,0,10,0,6,0,0,0,0,0,0,0,23,4,0,0,0,0,0,0,0,0,0,0,0,0,0,0,0,0,0,0,53,0,83,0,0,0,102,0,70,0,161,0,13,0,8,0,0,0,0,0,0,0,0,0,0
0,0,0,0,0,0,0,0,0,0,0,0,0,0,0,0,0,0,0,0,0,0,0,0,0,0,0,0,0,0,0,0,0,0,0,0,0,0,0,0,0,0,0,1,0,0,0,0,0,0,0,13,0,0,0,0,0,0,0,0,0,0,0,0,0,0,0,0,0,0,0,293,0,0,0,213,0,91,0,93,0,4,0,28,0,0,0,236,0,0,0,0,0,0,0,0,0,0,0,0,0,1,0,0,0,0,0,0,0,0,0,0,0,0,0,0,0,0,0,0,0,35,0,29,0,0,0,69,0,0,0,0,0,0,0,71,0,0,0,4,0,0,0,31,0,91,0,17,0,0,0,0,0,21,0,0,0,0,0,0,0,0,0,39,0,0,0,0,0,9,0,23,0,0,0,0,0,0,0,0,0,0,0,0,0,0,0,0,0,0,0,0,0,0,0,0,0,7,0,0,0,0,0,0,0,22,0,0,0,0,0,0,0,0,10,0,0,0,199,3,17,4,0,0,0
0,0,0,0,0,0,0,0,0,0,0,0,0,0,0,0,161,0,0,0,41,0,33,0,35,0,0,0,72,0,36,0,31,0,0,0,34,0,42,0,1,0,0,0,40,0,0,0,0,0,0,0,11,0,0,0,0,0,0,0,6,0,56,0,0,0,0,0,0,0,243,0,111,0,0,0,11,0,203,0,11,0,8,0,17,0,53,0,0,0,0,0,0,0,0,0,1,0,8,0,0,0,0,0,0,0,0,0,0,0,0,0,0,0,0,0,0,0,0,0,121,0,47,0,11,0,0,0,0,0,0,0,0,0,98,0,33,0,2,0,41,0,110,0,84,0,0,2,8,0,0,0,14,0,0,0,0,0,1,0,0,0,26,0,0,0,0,0,27,0,22,0,16,0,0,0,0,0,0,0,26,0,0,0,0,0,0,0,0,0,0,0,0,0,0,0,0,0,0,0,26,0,0,0,0,0,51,0,45,0,73,0,0,0,0,0,0,0,0,0,0,0,0,0,0
0,0,0,0,0,0,0,0,0,0,0,0,0,0,0,0,0,0,0,0,0,0,0,0,0,0,0,0,0,0,0,0,0,0,0,0,0,10,0,0,0,0,0,0,0,9,0,0,0,0,0,41,0,0,0,0,1,0,0,0,0,1,0,0,0,23,0,0,0,0,0,310,0,213,0,0,0,28,0,180,0,13,0,0,0,0,0,114,0,0,0,0,0,0,0,0,0,0,0,9,0,0,0,0,0,0,0,0,0,0,0,0,0,0,0,0,0,0,0,0,0,179,0,48,0,0,0,69,0,0,0,0,0,0,0,84,0,34,0,0,0,23,0,19,2,162,0,0,4,38,0,0,0,24,0,0,0,0,0,0,0,8,0,42,0,0,0,0,0,3,0,12,0,10,0,6,0,0,0,0,0,14,0,0,0,0,0,0,0,0,0,0,0,0,0,0,0,1,0,30,0,0,0,33,0,0,0,0,0,69,0,0,0,0,11,0,0,0,80,3,13,0,0,1,0
0,0,0,0,0,0,0,0,0,0,0,0,0,0,0,0,0,0,0,0,0,0,0,0,0,0,0,0,0,0,0,0,0,0,0,0,0,0,0,0,0,0,0,0,0,0,0,0,6,0,0,0,0,0,0,0,0,0,0,0,0,0,0,0,0,0,0,0,30,0,14,0,26,0,11,0,0,0,23,0,7,0,91,0,0,0,26,0,7,0,0,0,69,0,29,0,0,0,0,0,0,0,74,0,85,0,19,0,7,0,0,0,5,0,0,0,0,0,0,0,12,0,12,0,0,0,0,0,0,0,0,0,0,0,0,0,0,0,0,0,0,0,22,0,0,0,0,0,0,0,6,0,0,0,0,0,0,0,0,0,0,0,0,0,22,0,0,0,63,0,1,0,0,0,0,0,0,0,0,0,0,0,0,0,0,0,1,0,0,0,0,0,89,0,61,0,0,0,0,0,74,0,0,0,0,0,0,0,0,0,70,0,52,5,0,32,6,0,0,0,0,0,0,0,0
0,0,0,0,0,0,0,0,0,0,0,0,0,0,0,0,0,0,0,0,0,0,0,0,0,0,0,0,0,0,0,0,0,0,0,0,0,0,0,0,0,0,0,0,0,60,0,0,0,19,0,0,0,0,0,0,0,2,0,3,0,0,0,0,0,0,0,0,0,30,0,38,0,91,0,28,0,0,0,26,0,49,0,205,0,40,0,233,0,9,0,11,0,16,0,73,0,11,0,0,0,15,0,74,0,28,0,98,0,21,0,0,0,17,0,5,0,23,0,0,0,0,0,14,0,0,0,0,0,0,0,4,0,0,0,31,0,0,0,0,0,0,0,14,0,0,0,0,0,0,0,0,0,0,0,4,0,0,0,0,0,1,0,0,0,50,0,0,0,56,0,1,0,0,0,0,0,0,0,0,0,0,0,0,0,0,0,0,0,39,0,0,0,0,0,69,0,0,0,0,0,0,0,0,0,0,0,0,0,0,0,0,0,0,0,0,0,0,45,11,92,0,17,2,1
0,0,0,0,0,0,0,0,0,0,0,0,0,0,0,0,0,0,0,0,0,0,0,0,0,0,0,0,9,0,0,0,0,0,0,0,0,0,0,0,0,0,0,0,0,0,0,0,7,0,20,0,5,0,0,1,0,0,0,0,0,0,0,0,0,0,0,0,5,0,323,0,278,0,203,0,23,0,0,0,27,0,74,0,51,0,72,0,0,0,0,0,30,0,46,0,45,0,13,0,8,0,52,0,0,0,0,0,5,0,0,0,0,0,0,0,0,0,0,0,206,0,60,0,0,0,0,0,0,0,0,0,0,4,54,0,0,0,0,0,22,0,92,0,40,0,0,0,0,0,0,0,0,0,0,0,0,0,0,0,0,0,23,0,26,0,0,0,56,0,0,0,0,0,0,0,0,0,0,0,0,0,0,0,0,0,0,0,104,0,0,0,153,0,58,0,0,0,114,0,179,0,160,0,173,0,0,0,0,0,228,14,51,0,13,23,0,0,0,0,0,0,0,0,0
