0,0,59,30,185,0,31,15,76,2,228,0,116,0,49,30,292,28,0,8,14,0,98,53,31,75,47,0,72,0,0,0,139,0,0,0,95,0,475,0,24,0,0,0,0,0,44,0,11,0,0,0,10,0,0,0,0,0,5,0,162,0,61,4,8,0,14,0,0,0,0,0,0,0,0,0,0,0,0,0,0,0,0,0,0,0,0,0,0,0,0,0,0,0,0,0,0,0,0,0,0,0,0,0,0,0,0,0,0,0,0,0,0,0,0,0,0,0,0,0,0,0,0,0,0,0,0,0,0,0,0,0,0,0,0,0,0,0,0,0,0,0,0,0,0,0,0,0,7,0,0,0,0,0,0,0,0,0,0,0,0,0,3,0,1,0,10,0,9,0,27,0,339,3,2,0,251,33,76,0,4,0,134,0,23,0,0,0,0,0,0,0,0,0,0,0,0,0,0,0,0,0,0,0,0,0,0,0,0,0,343,37,158,0,166,0,0,0,0,0,0,0,0,0,0
0,0,24,72,0,268,13,16,16,92,0,322,0,47,0,151,7,248,0,215,0,95,22,275,6,33,0,205,0,238,0,0,0,140,0,0,0,109,0,578,0,18,0,0,0,0,0,28,0,0,0,0,0,12,0,0,0,6,0,6,0,347,0,174,0,52,0,56,0,1,0,0,0,0,0,0,0,0,0,0,0,0,0,0,0,15,0,0,0,0,0,0,0,0,0,0,0,0,0,0,0,0,0,0,0,0,0,0,0,0,0,0,0,0,0,0,0,0,0,0,0,0,0,0,0,0,0,5,0,0,0,11,0,0,0,0,0,0,0,3,0,0,0,23,0,16,0,0,0,30,0,25,0,22,0,0,0,12,0,0,0,0,0,0,0,4,0,0,0,10,0,21,3,236,0,0,39,100,0,6,0,18,0,10,2,45,0,0,0,0,0,0,0,0,0,0,0,0,0,0,0,0,0,0,0,0,0,0,0,10,0,0,0,0,206,0,0,0,715,83,284,57,1,0,0
59,24,0,26,277,0,107,0,38,0,46,0,65,0,268,38,190,27,76,0,44,0,264,67,43,63,102,0,81,0,0,0,182,0,0,0,71,0,443,0,10,0,0,0,0,0,0,0,18,0,4,0,0,0,16,0,10,0,9,0,86,0,0,0,0,0,15,0,0,0,2,0,0,0,0,0,0,0,0,0,0,0,0,0,4,0,0,0,0,0,0,0,0,0,0,0,0,0,0,0,0,0,0,0,0,0,0,0,0,0,0,0,0,0,0,0,0,0,0,0,0,0,0,0,86,0,42,0,0,0,131,0,0,0,0,0,29,0,0,0,0,0,0,0,4,0,88,0,113,0,69,0,11,0,0,0,0,0,0,0,21,0,0,0,0,0,0,0,5,0,0,0,225,0,0,0,151,46,0,0,0,0,20,1,33,0,0,0,0,0,0,0,0,0,0,0,0,0,0,0,0,0,0,0,0,0,0,0,33,0,470,37,177,0,283,3,0,6,0,0,0,0,0,0,0
30,72,26,0,0,97,0,32,0,18,0,17,0,0,0,234,20,120,0,142,0,187,77,338,6,29,0,82,0,300,0,88,0,163,0,0,0,38,0,295,0,0,0,0,0,0,0,0,0,0,0,0,0,0,0,29,0,6,0,4,0,41,0,24,0,21,0,23,0,0,0,0,0,0,0,0,0,0,0,0,0,0,0,0,0,0,0,0,0,0,0,0,0,0,0,0,0,0,0,0,0,0,0,0,0,0,0,0,0,0,0,0,0,0,0,0,0,0,0,0,0,0,0,0,0,60,0,28,0,0,0,50,0,6,0,0,0,0,0,0,0,0,0,0,0,0,0,0,2,63,0,0,0,0,0,0,0,0,0,0,0,0,0,0,0,0,0,17,0,0,0,0,6,52,0,0,68,172,0,5,0,0,0,3,0,7,0,0,0,0,0,0,0,0,0,0,0,1,0,0,0,0,0,0,0,0,0,8,0,37,0,1,0,0,110,0,0,0,303,16,163,0,0,0,0
185,0,277,0,0,50,38,0,77,0,165,12,259,0,211,22,55,0,137,60,237,0,55,0,4,0,285,0,0,0,227,0,521,0,91,0,650,0,117,0,90,0,0,0,82,0,118,0,19,0,36,0,8,0,0,0,0,0,0,0,0,0,0,0,0,0,5,0,0,0,5,0,0,0,0,0,0,0,0,0,0,0,0,0,0,0,2,0,0,0,0,0,0,0,0,0,0,0,0,0,0,0,0,0,0,0,8,0,0,0,0,0,0,0,0,0,0,0,0,0,0,0,0,0,0,0,0,0,0,0,14,0,0,0,0,0,0,0,0,0,0,0,54,0,0,0,0,0,45,0,0,0,38,0,0,0,0,0,2,0,0,0,0,0,0,0,57,0,0,0,0,0,94,0,19,0,187,59,82,0,40,0,96,0,73,0,0,0,0,0,0,0,0,0,0,0,0,0,0,0,0,0,0,0,0,0,0,0,0,0,434,122,220,0,128,0,0,8,0,0,0,0,0,0,0
0,268,0,97,50,0,0,59,0,19,0,359,33,127,120,216,0,8,115,310,59,179,20,86,0,0,0,437,0,95,0,249,0,353,0,285,0,254,0,49,0,40,0,0,0,16,0,87,0,0,0,0,0,0,0,10,0,0,0,10,0,7,0,0,0,22,0,8,0,0,0,0,0,0,0,0,0,0,0,0,0,0,0,0,0,0,0,0,0,0,0,0,0,0,0,0,0,0,0,0,0,0,0,0,0,0,0,0,0,0,0,0,0,0,0,0,0,0,0,0,0,0,0,0,0,0,0,0,0,0,0,0,0,0,0,0,0,0,0,0,0,0,0,0,0,0,0,0,0,24,0,24,0,30,0,0,0,0,0,0,0,0,0,0,0,0,0,116,0,14,0,0,0,52,0,0,87,333,22,47,0,19,0,0,1,18,0,7,0,0,0,0,0,0,0,0,0,0,0,0,0,0,0,0,0,0,0,0,0,0,0,0,0,0,125,0,0,0,606,157,477,0,0,0,0
31,13,107,0,38,0,0,26,64,43,24,0,19,0,75,0,175,31,0,0,0,0,87,23,272,70,0,0,81,0,0,0,25,0,0,0,0,0,117,0,3,0,0,0,0,0,0,0,46,0,0,0,97,2,275,57,24,0,32,2,382,5,736,0,21,0,42,2,0,0,0,0,0,0,0,0,0,0,0,0,0,0,0,0,0,0,0,0,0,0,0,0,0,0,0,0,0,0,0,0,0,0,0,0,0,0,0,0,0,0,0,0,0,0,1,0,0,0,0,0,0,0,0,0,55,0,0,0,9,0,115,0,14,0,0,0,19,0,0,0,0,0,0,0,0,0,59,0,70,0,61,0,0,0,2,0,3,0,2,0,47,0,0,0,23,0,9,0,44,0,201,0,521,0,0,0,60,20,0,0,0,0,0,2,6,0,0,0,0,0,1,0,0,0,0,0,0,0,0,0,0,0,0,0,0,0,0,0,20,0,823,47,286,304,640,20,0,21,0,0,0,0,0,0,0
15,16,0,32,0,59,26,0,30,28,0,13,0,1,0,63,0,163,0,35,0,47,0,30,0,46,0,0,0,123,0,0,0,17,0,0,0,0,0,222,0,0,0,0,0,0,0,0,0,2,0,0,0,77,0,76,0,10,0,3,0,484,0,558,0,13,0,6,0,0,0,0,0,0,0,0,0,1,0,0,0,0,0,1,0,0,0,0,0,0,0,0,0,0,0,0,0,3,0,0,0,0,0,0,0,0,0,0,0,0,0,0,0,0,0,0,0,0,0,0,0,0,0,0,0,46,0,28,0,0,0,43,0,0,0,0,0,0,0,0,0,0,0,0,0,0,0,0,2,44,0,0,0,2,0,6,0,0,0,0,0,0,0,0,0,10,0,0,0,25,0,64,6,184,0,0,0,49,0,0,0,0,0,5,0,1,0,0,0,0,0,0,0,0,0,0,0,0,0,0,0,0,0,0,0,0,0,5,0,31,0,0,7,0,409,0,0,0,746,41,456,201,0,63,3
76,16,38,0,77,0,64,30,0,128,27,0,19,0,24,0,31,61,18,0,8,0,5,8,15,143,0,0,0,0,0,0,19,0,0,0,14,0,22,0,5,0,0,0,19,0,10,0,16,0,0,0,188,9,136,212,38,12,32,33,78,0,286,8,157,0,176,0,0,0,0,0,0,0,0,0,0,0,0,0,0,0,0,0,0,0,0,0,0,0,0,0,0,0,0,0,0,0,0,0,0,0,0,0,0,0,0,0,0,0,0,0,0,0,0,0,0,0,0,0,0,0,0,0,35,0,0,0,0,0,93,0,0,0,0,0,0,0,0,0,0,0,0,0,2,0,0,0,100,0,32,0,4,0,0,0,21,0,5,0,55,0,0,0,9,0,6,0,19,0,160,0,105,0,1,0,249,41,6,0,0,0,51,0,146,8,0,0,0,0,0,0,0,0,0,0,0,0,0,0,0,0,0,0,0,0,0,0,0,0,424,37,107,112,253,0,0,9,2,0,0,0,0,0,0
2,92,0,18,0,19,43,28,128,0,0,36,0,0,0,32,0,0,2,44,0,0,0,6,1,0,0,0,0,0,0,0,0,15,0,0,0,12,0,0,0,3,0,0,0,0,0,7,1,0,0,0,15,173,74,64,0,30,33,26,0,244,0,220,0,179,44,236,0,1,0,0,0,0,0,0,0,1,0,0,0,4,0,0,0,1,0,0,0,0,0,0,0,0,0,0,0,0,0,0,0,1,0,0,0,0,0,0,0,0,0,0,0,0,0,0,0,0,0,0,0,0,0,0,0,45,0,11,0,0,0,100,0,0,0,0,0,9,0,0,0,0,0,0,0,2,0,0,0,61,0,24,0,35,0,40,0,116,0,0,1,13,0,5,0,13,0,0,0,57,0,128,6,107,0,3,44,180,0,0,0,10,0,8,5,101,0,0,0,0,0,0,0,0,0,0,0,0,0,0,0,0,0,0,0,0,0,0,0,0,6,0,1,0,310,0,0,0,485,52,273,241,0,63,2
228,0,46,0,165,0,24,0,27,0,0,0,426,0,61,9,43,0,26,14,117,0,58,0,0,0,79,0,22,0,113,0,272,0,0,0,318,0,53,0,69,0,0,0,88,0,97,0,9,0,0,0,0,0,0,0,0,0,3,0,0,0,0,0,0,0,0,0,0,0,0,0,0,0,0,0,0,0,0,0,0,0,0,0,0,0,0,0,0,0,0,0,0,0,0,0,0,0,0,0,0,0,0,0,0,0,0,0,0,0,0,0,0,0,0,0,0,0,1,0,0,0,0,0,0,0,0,0,0,0,0,0,0,0,0,0,0,0,0,0,0,0,0,0,0,0,0,0,0,0,24,0,0,0,0,0,0,0,0,0,0,0,0,0,0,0,20,0,0,0,0,0,29,0,19,0,118,31,282,0,50,0,124,0,30,0,9,0,0,0,0,0,0,0,0,0,0,0,0,0,0,0,0,0,0,0,0,0,0,0,240,67,73,0,37,2,0,0,0,0,0,0,0,0,0
0,322,0,17,12,359,0,13,0,36,0,0,12,447,45,102,0,0,22,192,25,161,13,108,0,0,0,393,0,111,1,149,0,498,0,115,0,326,0,93,0,104,0,10,0,61,0,157,0,13,0,61,0,0,0,2,0,0,0,0,0,9,0,0,0,18,0,6,0,0,0,0,0,0,0,0,0,0,0,0,0,17,0,0,0,23,0,0,0,0,0,0,0,0,0,0,1,9,0,0,0,0,0,0,0,0,0,0,0,0,0,0,0,0,0,0,0,0,0,0,0,0,0,0,0,0,0,0,0,0,0,0,0,0,0,50,0,31,0,0,0,0,0,0,0,20,0,0,0,20,0,26,0,42,0,1,0,0,0,0,0,0,0,0,0,0,0,38,0,4,0,0,0,50,0,16,32,317,7,50,0,75,1,48,0,66,0,10,0,0,0,0,0,0,0,0,0,0,0,0,0,0,0,0,0,0,0,0,0,0,0,1,0,0,56,0,0,0,482,134,222,0,0,0,0
116,0,65,0,259,33,19,0,19,0,426,12,0,115,64,4,0,0,122,242,148,75,0,0,0,0,275,265,0,0,16,0,0,0,172,0,235,0,0,0,214,56,142,0,136,0,196,0,19,0,472,0,0,0,0,0,0,0,0,0,0,0,0,0,0,0,0,0,0,0,0,0,0,0,0,0,0,0,0,0,0,0,0,0,0,0,0,0,0,0,0,0,0,0,0,0,8,0,0,0,0,0,0,0,0,0,0,0,0,0,0,0,0,0,0,0,0,0,0,0,0,0,0,0,0,0,0,0,0,0,0,0,0,0,0,0,0,0,0,0,0,0,0,0,0,0,0,0,0,0,0,0,0,0,0,0,0,0,0,0,0,0,0,0,24,0,12,0,4,0,0,0,11,0,0,0,90,74,133,0,10,0,16,0,8,0,88,0,0,0,0,0,0,0,0,0,0,0,0,0,0,0,0,0,0,0,0,0,0,0,60,101,172,0,18,0,0,4,0,0,0,0,0,0,0
0,47,0,0,0,127,0,1,0,0,0,447,115,0,32,2,0,0,285,51,133,70,0,0,0,0,96,467,0,0,0,16,0,0,16,282,0,146,0,0,0,211,9,189,7,101,10,269,0,20,0,321,0,0,0,0,0,0,0,0,0,0,0,0,0,0,0,0,0,0,0,0,0,0,0,0,0,0,0,0,0,0,0,0,0,0,0,0,0,0,0,0,0,0,0,0,0,0,0,0,0,0,0,0,0,0,0,0,0,0,0,0,0,0,0,0,0,0,0,0,0,0,0,0,0,0,0,0,0,0,0,0,0,0,0,0,0,0,0,0,0,0,0,0,0,0,0,0,0,0,0,0,0,0,0,0,0,0,0,0,0,0,0,0,0,0,0,0,0,19,0,0,0,0,0,0,48,271,12,82,0,13,0,13,0,4,42,43,0,0,0,0,0,0,0,0,0,0,0,0,0,0,0,0,0,0,0,0,0,0,0,0,0,0,30,0,0,0,126,99,194,66,0,2,4
49,0,268,0,211,120,75,0,24,0,61,45,64,32,0,64,30,4,280,260,221,31,128,0,73,4,134,33,17,0,231,0,372,0,39,0,187,0,21,0,7,0,0,0,0,0,22,0,0,0,0,0,0,0,35,1,0,0,0,0,10,0,0,0,9,0,0,0,0,0,0,0,0,0,0,0,0,0,0,0,0,0,0,0,11,0,0,0,0,0,0,0,0,0,0,0,0,0,0,0,0,0,0,0,0,0,0,0,0,0,0,0,0,0,0,0,0,0,0,0,0,0,0,0,32,0,0,0,0,0,32,0,0,0,0,0,79,0,0,0,9,0,59,0,4,0,69,0,90,0,57,0,26,0,0,0,0,0,0,0,0,0,0,0,0,0,24,0,0,0,0,0,32,0,3,0,254,161,11,0,0,1,8,0,64,0,0,0,0,0,0,0,0,0,0,0,0,0,0,0,0,0,0,0,0,0,0,0,0,0,139,15,73,0,37,0,0,0,0,0,0,0,0,0,0
30,151,38,234,22,216,0,63,0,32,9,102,4,2,64,0,19,109,0,430,19,368,93,273,8,71,0,99,3,67,0,139,8,204,0,36,0,50,0,36,0,0,0,0,0,0,1,0,0,0,0,0,0,0,0,101,0,10,0,12,0,9,0,0,0,55,0,23,0,0,0,0,0,0,0,0,0,0,0,0,0,6,0,0,0,0,0,0,0,0,0,0,0,0,0,0,0,0,0,0,0,3,0,0,0,0,0,0,0,0,0,0,0,0,0,0,0,0,0,0,0,0,0,1,0,0,0,26,0,7,0,53,0,0,0,60,0,63,0,21,0,17,0,0,0,0,0,0,0,108,0,37,0,30,0,7,0,0,0,3,0,21,0,0,0,0,0,47,0,4,0,0,0,26,0,0,110,386,8,34,0,0,0,3,5,31,0,0,0,0,0,0,0,0,0,0,0,0,0,0,0,0,0,0,0,0,0,0,0,47,0,0,0,0,33,0,0,0,183,37,145,0,0,0,0
292,7,190,20,55,0,175,0,31,0,43,0,0,0,30,19,0,18,68,0,152,0,93,27,155,27,72,0,125,0,89,0,116,0,2,0,19,0,175,4,0,0,0,0,0,0,0,0,0,0,3,0,80,0,43,0,11,0,2,0,44,3,149,0,0,0,0,0,0,0,2,0,0,0,11,0,0,0,0,0,0,0,0,0,99,0,0,0,0,0,0,0,0,0,0,0,137,0,0,0,0,0,0,0,1,0,15,0,0,0,0,0,0,0,0,0,0,0,0,0,16,0,52,0,0,0,0,0,73,0,0,0,24,0,29,0,298,0,157,0,42,0,259,0,0,0,0,0,11,0,0,0,0,0,22,0,1,0,37,0,0,0,0,0,0,0,3,0,0,0,0,0,34,0,0,0,211,24,0,0,0,0,82,0,2,0,0,0,0,0,0,0,0,0,0,0,0,0,0,0,45,0,0,0,0,0,0,0,15,0,124,63,61,9,14,0,0,0,0,0,0,1,0,0,0
28,248,27,120,0,8,31,163,61,0,0,0,0,0,4,109,18,0,0,0,0,224,30,251,20,61,0,0,0,146,0,26,0,21,0,0,0,0,0,48,0,0,0,0,0,0,0,0,0,0,0,6,0,90,0,86,0,77,0,10,12,39,0,183,0,0,0,0,0,0,0,0,0,0,0,0,0,0,0,0,0,28,0,0,0,56,0,0,0,0,0,0,0,0,0,0,0,35,0,146,0,0,0,0,0,0,0,0,0,0,0,0,0,0,0,0,0,0,0,0,0,0,0,3,0,31,0,0,0,61,0,0,0,51,0,453,0,296,0,256,0,114,0,214,0,9,0,0,0,0,0,0,0,0,0,71,0,1,0,66,0,64,0,3,0,0,0,1,0,0,0,3,0,33,0,0,45,104,0,0,0,0,0,10,0,0,0,0,0,0,0,0,0,0,0,0,0,0,0,0,0,0,0,0,0,0,0,0,0,133,10,0,13,0,42,0,0,0,121,15,69,12,0,0,0
0,0,76,0,137,115,0,0,18,2,26,22,122,285,280,0,68,0,0,470,313,110,114,0,83,0,127,285,8,0,46,0,27,0,263,0,180,11,0,0,0,31,21,0,35,0,10,22,0,0,232,0,0,0,65,0,0,0,0,0,0,0,17,0,0,0,0,0,0,0,0,0,0,0,0,0,0,0,0,0,0,0,0,0,0,0,0,0,0,0,0,0,0,0,0,0,0,0,0,0,0,0,0,0,0,0,0,0,0,0,0,0,0,0,0,0,0,0,0,0,0,0,0,0,0,0,0,0,0,0,0,0,0,0,0,0,0,0,85,0,0,0,0,0,0,0,0,0,0,0,0,0,0,0,0,0,0,0,0,0,0,0,0,0,31,0,15,0,0,0,0,0,0,0,0,0,141,68,30,0,0,0,11,0,0,0,42,4,0,0,0,0,0,0,0,0,0,0,0,0,0,0,0,0,0,0,0,0,0,0,62,91,139,0,27,0,0,0,0,0,0,0,0,0,0
8,215,0,142,60,310,0,35,0,44,14,192,242,51,260,430,0,0,470,0,260,390,0,73,0,22,53,210,0,0,0,127,0,113,38,281,0,140,0,0,8,61,0,37,0,89,6,154,0,6,0,100,0,0,0,0,0,0,0,6,0,0,0,0,0,72,0,20,0,0,0,4,0,0,0,0,0,0,0,0,0,0,0,0,0,0,0,0,0,0,0,0,0,0,0,0,0,0,0,0,0,0,0,0,0,0,0,0,0,0,0,0,0,0,0,0,0,0,0,0,0,0,0,0,0,0,0,0,0,0,0,0,0,0,0,0,0,0,0,0,0,0,0,101,0,0,0,0,0,114,0,56,0,38,0,0,0,0,0,0,0,0,0,0,0,0,0,106,0,27,0,0,0,7,0,0,110,226,39,35,0,0,0,10,0,37,25,31,0,0,0,0,0,0,0,0,0,0,0,0,0,0,0,0,0,0,0,0,0,0,0,0,0,0,59,0,0,0,270,79,227,0,0,0,0
14,0,44,0,237,59,0,0,8,0,117,25,148,133,221,19,152,0,313,260,0,47,99,0,150,0,204,125,33,0,78,0,74,0,47,0,36,4,8,0,0,0,7,2,32,11,0,0,9,0,53,0,48,0,99,0,0,0,0,0,0,0,32,0,0,0,0,0,0,0,0,0,0,0,0,0,0,0,0,0,0,0,0,0,144,0,0,0,0,0,0,0,0,0,0,0,0,0,0,0,0,0,0,0,0,0,0,0,0,0,0,0,0,0,0,0,0,0,0,0,0,0,0,0,0,0,0,0,0,0,0,0,0,0,0,0,363,0,104,0,0,0,369,0,26,0,0,0,15,0,0,0,12,0,11,0,0,0,0,0,0,0,0,0,41,0,54,0,28,0,7,0,57,0,0,0,106,72,31,0,0,0,0,0,0,0,26,0,0,0,0,0,0,0,1,0,0,0,0,0,0,0,0,0,0,0,0,0,0,0,342,191,215,0,71,0,0,11,0,0,0,0,0,0,0
0,95,0,187,0,179,0,47,0,0,0,161,75,70,31,368,0,224,110,390,47,0,3,341,0,63,25,202,0,56,0,62,0,130,11,106,0,75,0,22,0,11,0,66,0,114,0,38,0,8,25,118,0,30,0,67,0,36,0,0,0,7,0,69,0,47,0,0,0,0,0,0,0,0,0,0,0,0,0,0,0,149,0,0,0,280,0,89,0,0,0,0,0,0,0,0,0,76,0,432,0,0,0,0,0,0,0,0,0,0,0,0,0,0,0,0,0,0,0,0,0,40,0,33,0,0,0,0,0,59,0,0,0,0,0,573,0,394,0,380,0,302,0,785,0,193,0,0,0,0,0,0,0,0,0,27,0,26,0,17,0,17,0,10,0,38,0,112,0,44,0,0,0,22,0,0,12,91,8,28,0,0,0,0,0,12,8,7,0,0,0,0,0,0,0,0,0,0,0,0,0,0,0,0,0,0,0,0,0,0,0,0,0,0,45,0,0,0,294,84,323,73,0,0,0
98,22,264,77,55,20,87,0,5,0,58,13,0,0,128,93,93,30,114,0,99,3,0,86,106,54,33,0,85,0,27,0,117,0,0,0,17,0,190,0,0,0,0,0,18,0,0,0,7,0,0,0,20,0,124,0,16,0,0,0,29,0,1,0,0,0,0,0,0,0,0,0,0,0,0,0,0,0,0,0,0,0,0,0,0,0,0,0,0,0,0,0,0,0,0,0,28,0,0,0,0,0,0,0,0,0,7,0,0,0,0,0,0,0,0,0,0,0,0,0,0,0,4,0,37,0,0,0,48,0,29,0,43,0,77,0,248,0,12,0,0,0,114,0,2,0,89,0,79,0,77,0,33,0,11,0,0,0,0,0,30,0,0,0,0,0,5,0,12,0,0,0,83,0,3,0,353,120,3,0,0,0,74,0,20,0,0,0,0,0,0,0,0,0,0,0,0,0,0,0,0,0,0,0,0,0,0,0,73,0,154,14,98,0,78,0,4,3,9,0,5,0,0,0,0
53,275,67,338,0,86,23,30,8,6,0,108,0,0,0,273,27,251,0,73,0,341,86,0,28,36,0,54,0,24,0,14,0,33,0,0,0,10,0,29,0,0,0,0,0,0,0,0,1,0,0,0,0,25,0,28,0,14,0,0,11,9,0,20,0,0,0,0,0,0,0,0,0,0,0,0,0,0,0,0,0,0,0,0,0,60,0,0,0,0,0,0,0,0,0,0,0,31,0,135,0,22,0,0,0,0,0,0,0,0,0,0,0,0,0,0,0,0,0,0,0,4,0,0,0,0,0,0,0,0,0,0,0,0,0,295,0,191,0,100,0,85,0,106,0,0,1,0,0,13,0,0,0,0,0,0,0,0,0,0,0,0,0,0,0,0,0,17,0,0,1,1,6,24,0,0,59,187,0,23,0,0,0,7,0,0,0,0,0,0,0,0,0,0,0,0,0,0,0,0,0,0,0,0,0,0,0,0,0,72,0,0,4,0,42,0,0,0,136,28,107,9,0,1,0
31,6,43,6,4,0,272,0,15,1,0,0,0,0,73,8,155,20,83,0,150,0,106,28,0,42,0,0,68,0,45,0,11,0,0,0,0,0,67,0,0,0,0,0,14,0,5,0,3,0,0,0,16,0,67,0,8,0,5,0,78,0,99,2,0,0,0,0,0,0,0,0,0,0,0,0,0,0,0,0,0,0,0,0,0,0,0,0,0,0,0,0,0,0,0,0,0,0,0,0,0,0,0,0,0,0,0,0,0,0,0,0,0,0,0,0,0,0,0,0,0,0,0,0,0,0,0,0,0,0,19,0,20,0,39,0,71,0,7,0,0,0,36,0,0,0,26,0,23,0,26,0,8,0,6,0,0,0,0,0,26,0,0,0,0,0,0,0,0,0,0,0,43,0,0,0,73,13,0,0,0,0,9,0,2,0,0,0,0,0,0,0,0,0,0,0,0,0,0,0,0,0,0,0,0,0,4,0,34,0,0,0,28,0,28,0,0,0,0,0,0,0,0,0,0
75,33,63,29,0,0,70,46,143,0,0,0,0,0,4,71,27,61,0,22,0,63,54,36,42,0,0,0,0,34,0,0,0,0,0,0,0,0,0,22,0,0,0,0,0,0,0,0,0,0,0,0,0,15,5,68,0,19,0,11,22,72,20,208,0,16,0,2,0,0,0,0,0,0,0,0,0,0,0,0,0,0,0,0,0,0,0,0,0,0,0,0,0,0,0,0,0,0,1,0,0,0,0,0,0,0,0,0,0,0,0,0,0,0,0,0,0,0,0,0,0,0,0,0,0,55,0,17,0,0,0,36,0,0,0,0,0,34,0,7,0,0,0,14,0,0,0,13,0,53,0,41,2,3,0,11,0,3,0,0,0,29,0,0,0,0,0,0,0,3,10,10,20,39,0,0,112,196,0,3,0,0,4,25,0,0,0,0,0,0,0,0,0,0,0,0,0,0,0,0,0,0,0,0,0,0,0,0,0,51,16,3,10,11,47,1,0,0,67,5,73,32,0,7,0
47,0,102,0,285,0,0,0,0,0,79,0,275,96,134,0,72,0,127,53,204,25,33,0,0,0,0,252,53,0,92,0,83,0,78,0,229,0,15,0,103,161,212,0,66,74,113,0,37,4,413,0,0,0,0,0,0,0,0,0,36,0,40,0,0,0,0,0,0,0,45,0,0,0,66,0,0,0,0,0,0,0,0,0,340,0,0,0,0,0,0,0,0,0,0,0,0,0,0,0,0,0,0,0,0,0,0,0,0,0,0,0,0,0,0,0,0,0,0,0,0,0,0,0,0,0,0,0,0,0,0,0,0,0,0,0,524,0,190,0,0,0,705,0,110,0,0,0,0,0,0,0,0,0,0,0,0,0,0,0,0,0,0,0,34,0,0,0,21,0,0,0,41,0,0,0,23,115,28,0,0,0,0,0,56,0,125,0,0,0,0,0,0,0,0,0,0,0,0,0,0,0,0,0,0,0,0,0,0,0,0,104,156,0,0,2,0,25,0,1,3,0,0,0,0
0,205,0,82,0,437,0,0,0,0,0,393,265,467,33,99,0,0,285,210,125,202,0,54,0,0,252,0,0,0,0,12,0,8,0,161,0,88,0,0,72,94,29,271,41,278,33,333,0,60,92,271,0,2,0,0,0,6,0,0,0,0,0,0,0,0,0,22,0,0,0,0,0,0,0,0,0,0,0,0,0,0,0,0,0,70,0,0,0,0,0,0,0,0,0,0,0,0,0,0,0,0,0,0,0,0,0,0,0,0,0,0,0,0,0,0,0,0,0,0,0,0,0,8,0,0,0,0,0,0,0,0,0,0,0,0,0,0,0,0,0,50,0,147,0,58,0,0,0,0,0,0,0,0,0,0,0,0,0,0,0,0,0,0,0,102,0,36,0,70,0,8,0,0,0,0,0,229,0,0,0,0,0,0,0,0,76,45,0,0,0,0,0,0,0,0,0,0,0,0,0,0,0,0,0,0,0,0,0,0,0,0,10,0,45,0,0,0,121,189,388,75,0,4,10
72,0,81,0,0,0,81,0,0,0,22,0,0,0,17,3,125,0,8,0,33,0,85,0,68,0,53,0,0,0,6,0,37,0,15,0,70,0,12,0,0,0,16,0,0,0,0,0,0,0,13,0,13,0,18,0,0,0,0,0,3,0,7,0,0,0,0,0,0,0,0,0,0,0,0,0,0,0,0,0,0,0,0,0,0,0,0,0,0,0,0,0,0,0,0,0,0,0,0,0,0,0,0,0,0,0,2,0,0,0,0,0,0,0,0,0,0,0,0,0,6,0,10,0,0,0,0,0,16,0,0,0,0,0,0,0,29,0,41,0,9,0,54,0,0,0,0,0,0,0,0,0,0,0,2,0,0,0,0,0,0,0,1,0,0,0,2,0,0,0,0,0,6,0,0,0,28,0,0,0,0,0,23,0,0,0,0,0,0,0,0,0,0,0,0,0,0,0,0,0,0,0,0,0,0,0,0,0,0,0,78,28,4,6,0,0,0,0,0,0,0,0,0,0,0
0,238,0,300,0,95,0,123,0,0,0,111,0,0,0,67,0,146,0,0,0,56,0,24,0,34,0,0,0,0,0,14,0,28,0,11,0,8,1,57,0,0,0,0,0,0,0,0,0,0,0,3,0,21,0,27,0,19,0,8,0,36,0,42,0,7,0,0,0,0,0,0,0,0,0,0,0,0,0,0,0,0,0,0,0,0,0,0,0,0,0,0,0,0,0,0,0,0,0,52,0,0,0,0,0,0,0,0,0,0,0,0,0,0,0,0,0,0,0,0,0,0,0,0,0,0,0,0,0,0,0,0,0,0,0,109,0,0,0,147,0,66,0,140,0,60,0,0,0,0,0,0,0,0,0,15,0,15,0,19,0,4,0,1,0,0,0,0,0,0,0,0,0,5,0,0,0,51,0,24,0,0,0,2,0,0,0,0,0,0,0,0,0,0,0,0,0,0,0,0,0,0,0,0,0,0,0,0,0,0,0,0,0,0,0,0,0,0,46,6,56,6,0,0,0
0,0,0,0,227,0,0,0,0,0,113,1,16,0,231,0,89,0,46,0,78,0,27,0,45,0,92,0,6,0,0,0,2,0,49,0,40,0,0,0,0,0,24,0,16,0,0,0,4,0,19,0,16,0,29,0,0,0,0,0,7,0,23,0,0,0,0,0,0,0,7,0,0,0,17,0,0,0,0,0,0,0,0,0,97,0,0,0,0,0,0,0,0,0,0,0,154,0,0,0,0,0,0,0,0,0,0,0,0,0,0,0,1,0,0,0,0,0,0,0,17,0,38,0,0,0,0,0,46,0,0,0,0,0,0,0,173,0,71,0,30,0,175,0,12,0,0,0,0,0,0,0,0,0,6,0,0,0,0,0,0,0,0,0,0,0,28,0,5,0,0,0,28,0,0,0,26,17,16,0,0,0,0,0,0,0,0,0,0,0,0,0,0,0,0,0,0,0,0,0,0,0,0,0,0,0,0,0,0,0,212,69,62,0,63,0,0,0,0,0,0,0,0,0,0
0,0,0,88,0,249,0,0,0,0,0,149,0,16,0,139,0,26,0,127,0,62,0,14,0,0,0,12,0,14,0,0,0,18,0,167,0,23,0,17,0,0,0,12,0,0,0,0,0,0,0,19,0,10,0,7,0,3,0,0,0,11,0,13,0,0,0,0,0,0,0,1,0,0,0,0,0,0,0,0,0,0,0,0,0,33,0,0,0,0,0,0,0,0,0,0,0,7,0,0,0,0,0,0,0,0,0,0,0,0,0,0,0,0,0,0,0,0,0,0,0,0,0,0,0,0,0,0,0,0,0,0,0,0,0,76,0,0,0,75,0,52,0,116,0,43,0,0,0,0,0,0,0,0,0,6,0,11,0,0,0,0,0,0,0,0,0,0,0,0,0,0,0,0,0,0,2,0,0,44,0,0,0,0,0,0,0,1,0,0,0,0,0,0,0,0,0,0,0,0,0,0,0,0,0,0,0,0,0,0,0,0,0,0,0,0,0,0,25,0,8,0,0,0,0
139,0,182,0,521,0,25,0,19,0,272,0,0,0,372,8,116,0,27,0,74,0,117,0,11,0,83,0,37,0,2,0,0,0,12,0,265,0,1,0,0,0,32,0,25,0,0,0,4,0,17,0,26,0,11,0,0,0,0,0,22,0,12,0,0,0,0,0,0,0,0,0,0,0,0,0,0,0,0,0,0,0,0,0,132,0,0,0,0,0,0,0,0,0,0,0,0,0,0,0,0,0,0,0,0,0,0,0,0,0,0,0,0,0,0,0,0,0,0,0,0,0,0,0,0,0,0,0,0,0,0,0,0,0,0,0,0,0,0,0,26,0,180,0,23,0,0,0,0,0,0,0,0,0,0,0,10,0,0,0,0,0,0,0,0,0,97,0,0,0,0,0,47,0,0,0,48,21,20,0,0,0,23,0,0,0,0,0,0,0,0,0,0,0,0,0,0,0,0,0,38,0,0,0,0,0,0,0,0,0,174,45,106,0,50,0,0,6,0,0,0,0,0,0,0
0,140,0,163,0,353,0,17,0,15,0,498,0,0,0,204,0,21,0,113,0,130,0,33,0,0,0,8,0,28,0,18,0,0,0,55,0,405,0,13,0,0,0,0,0,7,0,0,0,0,0,8,0,0,0,0,0,0,0,0,0,61,0,13,0,0,0,0,0,0,0,0,0,0,0,0,0,0,0,0,0,0,0,0,0,29,0,0,0,0,0,0,0,0,0,0,0,0,0,0,0,0,0,0,0,0,0,0,0,0,0,0,0,0,0,0,0,0,0,0,0,0,0,0,0,0,0,0,0,0,0,0,0,0,0,69,0,0,0,58,0,0,0,85,0,41,0,0,0,0,0,15,0,9,0,0,0,25,0,0,0,0,0,0,0,0,0,86,0,0,0,0,0,0,0,0,0,133,0,170,0,0,0,0,0,10,0,3,0,0,0,0,0,0,0,0,0,0,0,0,0,0,0,0,0,0,0,0,0,0,0,0,0,0,0,0,0,0,90,34,24,0,0,0,0
0,0,0,0,91,0,0,0,0,0,0,0,172,16,39,0,2,0,263,38,47,11,0,0,0,0,78,0,15,0,49,0,12,0,0,0,154,0,0,0,0,0,37,0,57,0,0,0,6,0,127,0,0,0,0,0,0,0,0,0,0,0,0,0,0,0,0,0,0,0,0,0,2,0,0,0,0,0,0,0,0,0,0,0,0,0,0,0,0,0,0,0,0,0,0,0,0,0,0,0,0,0,0,0,0,0,0,0,0,0,0,0,0,0,0,0,0,0,0,0,0,0,0,0,0,0,0,0,0,0,0,0,0,0,0,0,0,0,0,0,0,0,49,0,0,0,0,0,6,0,0,0,0,0,0,0,0,0,0,0,0,0,0,0,40,0,60,0,26,0,0,0,16,0,0,0,0,2,15,0,0,0,0,0,0,0,6,0,0,0,0,0,0,0,0,0,0,0,0,0,0,0,0,0,0,0,0,0,0,0,78,74,127,0,19,0,0,7,0,0,0,0,0,0,0
0,0,0,0,0,285,0,0,0,0,0,115,0,282,0,36,0,0,0,281,0,106,0,0,0,0,0,161,0,11,0,167,0,55,0,0,0,137,0,10,0,0,0,16,0,0,0,0,0,0,0,41,0,0,0,0,0,0,0,0,0,30,0,2,0,0,0,0,0,0,0,0,0,0,0,0,0,0,0,0,0,0,0,0,0,0,0,0,0,0,0,0,0,0,0,0,0,0,0,56,0,0,0,0,0,0,0,0,0,0,0,0,0,0,0,0,0,0,0,0,0,0,0,0,0,0,0,0,0,0,0,0,0,0,0,0,0,0,0,75,0,70,0,115,0,81,0,0,0,0,0,0,0,4,0,4,0,17,0,0,0,0,0,0,0,0,0,15,0,4,0,0,0,0,0,0,3,47,0,0,0,0,0,0,0,0,2,18,0,0,0,0,0,0,0,0,0,0,0,0,0,0,0,0,0,0,0,0,0,0,0,0,0,0,0,0,0,0,39,10,22,14,0,0,0
95,0,71,0,650,0,0,0,14,0,318,0,235,0,187,0,19,0,180,0,36,0,17,0,0,0,229,0,70,0,40,0,265,0,154,0,0,0,146,0,0,0,40,0,107,0,9,0,14,0,65,0,13,0,2,0,0,0,0,0,52,0,39,0,0,0,0,0,0,0,23,0,0,0,54,0,0,0,0,0,0,0,0,0,117,0,0,0,0,0,0,0,0,0,0,0,0,0,0,0,0,0,0,0,0,0,21,0,0,0,0,0,0,0,0,0,0,0,0,0,54,0,62,0,0,0,0,0,0,0,0,0,0,0,0,0,72,0,104,0,101,0,212,0,127,0,0,0,0,0,0,0,0,0,6,0,47,0,0,0,0,0,35,0,31,0,79,0,26,0,23,0,123,0,0,0,38,0,34,0,0,0,12,0,0,0,0,0,0,0,0,0,0,0,0,0,0,0,0,0,15,0,0,0,0,0,0,0,0,0,137,52,156,25,51,0,0,7,0,0,0,0,0,0,0
0,109,0,38,0,254,0,0,0,12,0,326,0,146,0,50,0,0,11,140,4,75,0,10,0,0,0,88,0,8,0,23,0,405,0,137,0,0,0,48,0,0,0,95,0,31,0,0,0,0,0,85,0,0,0,0,0,0,0,0,0,70,0,1,0,0,0,0,0,0,0,0,0,0,0,1,0,0,0,0,0,10,0,0,0,26,0,0,0,0,0,2,0,0,0,0,0,0,0,0,0,0,0,0,0,0,0,0,0,0,0,0,0,0,0,0,0,0,0,0,0,0,0,0,0,0,0,0,0,0,0,0,0,0,0,15,0,28,0,0,0,72,0,111,0,117,0,0,0,0,0,0,0,0,0,1,0,45,0,3,0,0,0,3,0,0,0,54,0,11,0,20,0,49,0,0,8,46,0,51,0,0,0,5,0,0,0,30,0,0,0,0,0,0,0,0,0,0,0,0,0,0,0,0,0,0,0,0,0,0,0,0,0,0,14,0,0,0,37,53,37,0,0,0,0
475,0,443,0,117,0,117,0,22,0,53,0,0,0,21,0,175,0,0,0,8,0,190,0,67,0,15,0,12,1,0,0,1,0,0,0,146,0,0,0,0,0,2,0,0,0,0,0,0,0,5,0,10,0,0,0,0,0,2,0,8,0,22,0,0,0,0,0,0,0,5,0,0,0,4,0,0,0,0,0,0,0,0,0,42,0,0,0,0,0,0,0,0,0,0,0,0,0,0,0,0,0,0,0,0,0,0,0,0,0,0,0,0,0,0,0,0,0,0,0,0,0,0,0,0,0,0,0,9,0,0,0,0,0,0,0,45,0,62,0,24,0,84,0,23,0,0,0,0,0,0,0,0,0,4,0,8,0,0,0,0,0,1,0,0,0,0,0,0,0,0,0,201,0,0,0,93,0,0,0,0,0,75,0,0,0,0,0,0,0,0,0,0,0,0,0,0,0,0,0,0,0,0,0,0,0,0,0,0,0,120,42,12,0,27,0,0,0,0,0,0,0,0,0,0
0,578,0,295,0,49,0,222,0,0,0,93,0,0,0,36,4,48,0,0,0,22,0,29,0,22,0,0,0,57,0,17,0,13,0,10,0,48,0,0,0,0,0,0,0,0,0,0,0,0,0,0,0,13,0,12,0,4,0,0,0,70,0,21,0,0,0,0,0,0,0,0,0,0,0,0,0,0,0,0,0,0,0,0,0,3,0,3,0,0,0,0,0,0,0,0,0,0,0,0,0,0,0,0,0,0,0,0,0,0,0,0,0,0,0,0,0,0,0,0,0,0,0,0,0,0,0,0,0,0,0,0,0,0,0,0,0,0,0,25,0,21,0,0,0,30,0,0,0,20,0,0,0,0,0,9,0,30,0,0,0,0,0,0,0,0,0,0,0,0,0,0,0,21,0,0,17,91,0,30,0,0,0,0,0,0,0,0,0,0,0,0,0,0,0,0,0,0,0,0,0,0,0,0,0,0,0,0,0,0,0,0,0,0,0,0,0,0,27,56,16,0,0,0,0
24,0,10,0,90,0,3,0,5,0,69,0,214,0,7,0,0,0,0,8,0,0,0,0,0,0,103,72,0,0,0,0,0,0,0,0,0,0,0,0,0,34,203,0,91,47,140,0,148,6,140,0,0,0,0,0,0,0,0,0,0,0,0,0,0,0,0,0,0,0,0,0,0,0,0,0,0,0,0,0,0,0,0,0,0,0,0,0,0,0,0,0,0,0,0,0,0,0,0,0,0,0,0,0,0,0,0,0,0,0,0,0,0,0,0,0,0,0,0,0,0,0,0,0,0,0,0,0,0,0,0,0,0,0,0,0,0,0,0,0,0,0,0,0,0,0,0,0,0,0,11,0,0,0,0,0,0,0,0,0,0,0,0,0,35,0,0,0,0,0,0,0,0,0,6,0,39,44,94,0,41,0,19,0,11,0,183,0,0,0,0,0,0,0,0,0,0,0,0,0,0,0,0,0,0,0,0,0,0,0,0,44,31,0,0,0,0,27,0,0,0,0,0,0,0
0,18,0,0,0,40,0,0,0,3,0,104,56,211,0,0,0,0,31,61,0,11,0,0,0,0,161,94,0,0,0,0,0,0,0,0,0,0,0,0,34,0,0,245,68,184,41,224,2,98,26,135,0,0,0,0,0,1,0,0,0,0,0,0,0,0,0,0,0,2,0,0,0,0,0,0,0,0,0,0,0,0,0,0,0,0,0,0,0,0,0,0,0,0,0,0,0,0,0,0,0,0,0,1,0,0,0,0,0,0,0,0,0,0,0,0,0,0,0,0,0,0,0,0,0,0,0,0,0,0,0,0,0,0,0,0,0,0,0,0,0,0,0,0,0,0,0,0,0,0,0,0,0,0,0,0,0,0,0,0,0,0,0,0,0,45,0,0,0,26,0,0,0,0,0,0,0,185,0,72,0,15,0,11,0,0,31,21,0,0,0,0,0,0,0,0,0,0,0,0,0,0,0,0,0,0,0,0,0,0,0,0,0,0,0,0,0,0,0,20,33,0,0,1,10
0,0,0,0,0,0,0,0,0,0,0,0,142,9,0,0,0,0,21,0,7,0,0,0,0,0,212,29,16,0,24,0,32,0,37,0,40,0,2,0,203,0,0,0,185,9,100,0,114,0,75,0,0,0,1,0,0,0,0,0,0,0,0,0,0,0,0,0,0,0,10,0,0,0,0,0,0,0,0,0,7,0,0,0,40,0,0,0,0,0,0,0,0,0,0,0,78,0,0,0,0,0,0,0,0,0,0,0,0,0,0,0,0,0,0,0,0,0,0,0,21,0,0,0,0,0,0,0,0,0,0,0,0,0,0,0,0,0,0,0,0,0,32,0,14,0,0,0,0,0,0,0,0,0,0,0,0,0,0,0,0,0,0,0,49,0,10,0,0,0,0,0,13,0,0,0,7,12,15,0,1,0,0,0,0,0,98,0,0,0,0,0,0,0,0,0,0,0,0,0,0,0,0,0,0,0,0,0,0,0,13,48,51,0,0,0,0,41,0,0,0,0,0,0,0
0,0,0,0,0,0,0,0,0,0,0,10,0,189,0,0,0,0,0,37,2,66,0,0,0,0,0,271,0,0,0,12,0,0,0,16,0,95,0,0,0,245,0,0,0,238,0,54,0,50,0,52,0,0,0,0,0,0,0,0,0,6,0,0,0,0,0,0,0,0,0,0,0,0,0,0,0,0,0,1,0,0,0,0,0,0,0,0,0,0,0,0,0,0,0,0,0,0,0,0,0,0,0,0,0,0,0,0,0,0,0,0,0,0,0,0,0,0,0,0,0,0,0,6,0,0,0,0,0,0,0,0,0,0,0,0,0,0,0,0,0,0,0,55,0,35,0,0,0,0,0,0,0,0,0,0,0,0,0,0,0,0,0,0,0,28,0,7,0,10,0,0,0,9,0,0,0,0,0,4,0,0,0,0,0,0,0,39,0,0,0,0,0,0,0,0,0,0,0,0,0,0,0,0,0,0,0,0,0,0,0,0,0,0,0,0,0,0,0,16,46,0,0,0,0
0,0,0,0,82,0,0,0,19,0,88,0,136,7,0,0,0,0,35,0,32,0,18,0,14,0,66,41,0,0,16,0,25,0,57,0,107,0,0,0,91,68,185,0,0,115,212,34,304,57,127,0,0,0,0,0,0,0,5,0,10,0,0,0,0,0,0,0,1,0,30,0,0,0,51,0,0,0,0,0,30,0,0,0,210,0,0,0,0,0,0,0,0,0,0,0,413,0,0,0,0,0,6,0,0,0,0,0,0,0,0,0,0,0,0,0,0,0,0,0,78,0,107,0,0,0,0,0,0,0,0,0,0,0,0,0,303,0,58,0,0,0,347,0,0,0,0,0,62,0,23,0,43,0,0,0,6,0,0,0,0,0,0,0,121,0,42,0,28,0,13,0,41,0,13,0,42,44,37,0,16,0,40,0,40,0,187,0,0,0,0,0,0,0,0,0,0,0,0,0,0,0,0,0,0,0,0,0,0,0,62,107,98,0,28,0,0,149,0,0,0,0,0,0,0
0,0,0,0,0,16,0,0,0,0,0,61,0,101,0,0,0,0,0,89,11,114,0,0,0,0,74,278,0,0,0,0,0,7,0,0,0,31,0,0,47,184,9,238,115,0,37,320,5,273,11,151,0,0,0,0,0,7,0,0,0,0,0,0,0,0,0,0,0,7,0,0,0,0,0,0,0,12,0,0,0,0,0,0,0,105,0,0,0,0,0,0,0,0,0,14,0,0,0,0,0,0,0,0,0,0,0,0,0,0,0,0,0,0,0,0,0,0,0,0,0,18,0,16,0,0,0,0,0,0,0,0,0,0,0,0,0,0,0,22,0,0,0,155,0,103,0,5,0,0,0,0,0,0,0,0,0,0,0,0,0,4,0,0,0,170,0,27,0,120,0,10,0,13,0,0,0,108,0,23,0,0,0,0,0,0,46,32,0,0,0,0,0,0,0,0,0,2,0,0,0,0,0,0,0,0,0,0,0,0,0,0,1,0,14,0,0,0,119,168,240,0,0,0,66
44,0,0,0,118,0,0,0,10,0,97,0,196,10,22,1,0,0,10,6,0,0,0,0,5,0,113,33,0,0,0,0,0,0,0,0,9,0,0,0,140,41,100,0,212,37,0,0,177,5,65,0,0,0,0,0,0,0,0,0,0,0,0,0,0,0,0,0,0,0,0,0,0,0,0,0,0,0,0,0,0,0,0,0,0,0,0,0,0,0,0,0,0,0,0,0,0,0,0,0,0,0,0,0,0,0,0,0,0,0,0,0,0,0,0,0,0,0,0,0,0,0,0,0,0,0,0,0,0,0,0,0,0,0,0,0,0,0,0,0,0,0,39,0,0,0,0,0,26,0,0,0,40,0,0,0,0,0,0,0,0,0,0,0,34,0,0,0,0,0,0,0,0,0,0,0,20,30,66,0,0,0,33,0,28,0,118,0,0,0,0,0,0,0,0,0,0,0,0,0,9,0,0,0,0,0,0,0,0,0,13,41,34,0,0,0,0,34,0,0,0,0,0,0,0
0,28,0,0,0,87,0,0,0,7,0,157,0,269,0,0,0,0,22,154,0,38,0,0,0,0,0,333,0,0,0,0,0,0,0,0,0,0,0,0,0,224,0,54,34,320,0,0,0,191,9,0,0,0,0,0,0,0,0,0,0,0,0,0,0,0,0,0,0,0,0,0,0,0,0,0,0,0,0,0,0,0,0,0,0,0,0,0,0,0,0,0,0,0,0,2,0,0,0,0,0,0,0,0,0,0,0,0,0,0,0,0,0,0,0,0,0,0,0,0,0,0,0,0,0,0,0,0,0,0,0,0,0,0,0,0,0,0,0,0,0,0,0,0,0,0,0,0,0,0,0,0,0,0,0,0,0,0,0,0,0,0,0,0,2,12,0,0,0,0,0,0,0,0,0,0,0,63,0,14,0,0,0,4,0,0,16,14,0,0,0,0,0,0,0,0,0,0,0,0,0,0,0,0,0,0,0,0,0,0,0,0,0,0,0,0,0,0,0,29,24,0,0,0,11
11,0,18,0,19,0,46,0,16,1,9,0,19,0,0,0,0,0,0,0,9,0,7,1,3,0,37,0,0,0,4,0,4,0,6,0,14,0,0,0,148,2,114,0,304,5,177,0,0,24,26,0,14,0,59,0,64,0,46,0,10,0,0,0,0,0,15,0,17,0,9,0,2,0,0,0,16,0,6,0,0,0,6,0,12,0,5,0,1,0,0,0,7,0,12,0,32,0,9,0,7,0,76,0,3,0,4,0,0,0,0,0,14,0,0,0,0,0,0,0,0,0,9,0,8,0,0,0,4,0,7,0,6,0,9,0,0,0,0,0,0,0,17,0,0,0,4,0,0,0,0,0,4,0,9,0,3,0,0,0,0,0,24,0,120,0,25,0,53,0,20,0,31,0,0,0,81,14,29,0,0,0,0,0,0,0,167,0,0,0,3,0,15,0,0,0,0,0,7,0,7,0,21,0,0,0,8,0,10,0,129,123,228,47,94,5,5,33,0,1,1,0,0,0,0
0,0,0,0,0,0,0,2,0,0,0,13,0,20,0,0,0,0,0,6,0,8,0,0,0,0,4,60,0,0,0,0,0,0,0,0,0,0,0,0,6,98,0,50,57,273,5,191,24,0,0,11,0,0,0,1,0,0,0,0,0,0,0,0,0,0,0,0,0,4,0,0,0,0,0,0,0,6,0,0,0,0,0,13,0,0,0,0,0,0,0,0,0,3,0,10,0,0,0,0,0,0,0,0,0,0,0,3,0,0,0,0,0,0,0,0,0,0,0,0,0,0,0,2,0,0,0,0,0,0,0,1,0,1,0,3,0,0,0,0,0,0,0,0,0,0,0,0,0,0,0,0,0,5,0,0,0,0,0,1,0,0,0,0,0,96,0,1,0,23,0,0,0,2,0,0,0,217,0,17,0,13,0,9,0,0,78,26,0,0,0,0,0,0,0,0,0,0,0,0,0,0,0,0,0,0,0,0,0,2,0,0,0,0,5,0,0,0,10,22,23,1,3,0,26
0,0,4,0,36,0,0,0,0,0,0,0,472,0,0,0,3,0,232,0,53,25,0,0,0,0,413,92,13,0,19,0,17,0,127,0,65,0,5,0,140,26,75,0,127,11,65,9,26,0,0,0,0,0,0,0,0,0,0,0,3,0,3,0,0,0,0,0,0,0,11,0,0,0,12,0,6,0,0,0,0,0,0,0,28,0,0,0,0,0,23,0,0,0,0,0,73,0,0,0,0,0,0,0,0,0,5,0,0,0,0,0,0,0,0,0,0,0,0,0,24,0,14,0,0,0,0,0,0,0,0,0,0,0,3,0,0,0,0,0,0,0,43,0,17,0,0,0,0,0,0,0,0,0,0,0,0,0,0,0,0,0,18,0,108,0,28,0,79,0,30,0,44,0,0,0,0,16,32,0,2,0,0,0,1,0,79,0,0,0,0,0,0,0,0,0,0,0,0,0,0,0,0,0,0,0,0,0,0,0,38,63,150,33,22,0,1,22,0,0,0,0,0,0,0
0,0,0,0,0,0,0,0,0,0,0,61,0,321,0,0,0,6,0,100,0,118,0,0,0,0,0,271,0,3,0,19,0,8,0,41,0,85,0,0,0,135,0,52,0,151,0,0,0,11,0,0,0,0,0,0,0,0,0,0,0,0,0,0,0,0,0,0,0,0,0,4,0,0,0,0,0,0,0,0,0,37,0,0,0,0,0,0,0,0,0,0,0,0,0,0,0,0,0,72,0,0,0,0,0,6,0,0,0,0,0,0,0,0,0,0,0,0,0,0,0,17,0,11,0,0,0,0,0,0,0,0,0,0,0,0,0,0,0,0,0,0,0,94,0,67,0,0,0,0,0,0,0,0,0,0,0,0,0,0,0,0,0,8,0,34,0,35,0,50,0,16,0,32,0,0,0,77,0,21,0,0,0,0,0,0,9,41,0,0,0,1,0,0,0,0,0,0,0,0,0,0,0,0,0,0,0,0,0,0,0,0,0,0,10,0,0,0,78,25,76,15,1,2,0
10,0,0,0,8,0,97,0,188,15,0,0,0,0,0,0,80,0,0,0,48,0,20,0,16,0,0,0,13,0,16,0,26,0,0,0,13,0,10,0,0,0,0,0,0,0,0,0,14,0,0,0,0,0,124,24,126,5,86,28,47,0,75,0,0,0,77,8,0,0,0,0,0,0,0,0,0,0,0,0,0,0,0,0,39,0,0,0,0,0,5,0,0,0,0,0,0,0,0,0,0,0,0,0,0,0,0,0,0,0,0,0,0,0,0,0,0,0,0,0,7,0,7,0,0,0,22,0,125,0,22,0,22,0,0,0,161,0,357,0,61,0,112,0,41,0,0,0,0,0,21,0,0,0,225,0,95,0,145,0,88,0,11,0,0,0,0,0,15,0,157,0,12,0,0,0,25,0,0,0,0,0,20,0,83,0,0,0,0,0,0,0,0,0,0,0,0,0,0,0,17,0,0,0,0,0,0,0,19,0,116,182,90,104,101,0,0,3,0,0,0,0,0,0,0
0,12,0,0,0,0,2,77,9,173,0,0,0,0,0,0,0,90,0,0,0,30,0,25,0,15,0,2,0,21,0,10,0,0,0,0,0,0,0,13,0,0,0,0,0,0,0,0,0,0,0,0,0,0,6,162,0,162,0,111,0,54,0,106,0,2,1,11,0,0,0,0,0,0,0,0,0,0,0,0,0,3,0,0,0,0,0,0,0,0,0,0,0,0,0,0,0,0,0,0,0,0,0,0,0,0,0,3,0,0,0,0,0,0,0,0,0,0,0,0,0,0,0,0,0,18,0,11,0,48,0,33,0,36,0,93,0,94,0,325,0,72,0,69,0,60,0,0,0,0,0,0,0,0,0,183,0,68,0,165,1,31,0,0,0,0,0,0,0,8,1,36,0,8,0,0,1,16,0,0,0,1,0,0,2,6,0,0,0,0,0,0,0,0,0,0,0,0,0,4,0,2,0,0,0,0,0,0,0,39,0,0,0,1,157,0,0,0,207,123,29,99,0,25,0
0,0,16,0,0,0,275,0,136,74,0,0,0,0,35,0,43,0,65,0,99,0,124,0,67,5,0,0,18,0,29,0,11,0,0,0,2,0,0,0,0,0,1,0,0,0,0,0,59,0,0,0,124,6,0,98,171,10,48,25,11,0,78,0,0,0,18,8,0,0,0,0,0,0,0,0,0,0,0,0,0,0,2,0,0,0,0,0,0,0,0,0,0,0,0,0,0,0,0,0,0,0,0,0,0,0,0,0,0,0,0,0,0,0,0,0,0,0,0,0,0,0,0,0,77,0,39,0,55,0,118,0,51,0,62,0,131,0,13,0,0,0,60,0,6,0,0,0,18,0,88,0,0,0,77,0,42,0,25,0,113,0,0,0,10,0,0,0,35,0,332,0,51,0,0,0,27,4,0,0,0,0,7,0,31,3,0,0,0,0,0,0,0,0,0,0,0,0,0,0,11,0,0,0,0,0,0,0,95,0,220,54,286,396,438,16,68,0,1,0,0,0,0,0,0
0,0,0,29,0,10,57,76,212,64,0,2,0,0,1,101,0,86,0,0,0,67,0,28,0,68,0,0,0,27,0,7,0,0,0,0,0,0,0,12,0,0,0,0,0,0,0,0,0,1,0,0,24,162,98,0,8,138,55,107,0,69,9,259,0,7,55,0,0,5,0,0,0,0,0,0,0,0,0,0,0,0,0,0,0,0,0,0,0,0,0,0,0,0,0,0,0,0,0,0,0,0,0,0,0,0,0,0,0,0,0,0,0,0,0,0,0,0,0,0,0,0,0,0,0,41,0,40,0,15,0,54,1,22,0,0,0,55,0,23,0,7,0,0,0,0,0,18,2,37,0,27,0,1,0,91,0,54,0,22,0,95,0,0,0,0,0,0,0,44,4,184,0,70,0,0,30,91,0,0,0,0,0,1,6,33,0,0,0,0,0,0,0,0,0,0,0,0,0,1,0,0,0,0,0,0,0,0,0,67,8,1,0,0,284,0,1,0,264,47,280,305,0,63,4
0,0,10,0,0,0,24,0,38,0,0,0,0,0,0,0,11,0,0,0,0,0,16,0,8,0,0,0,0,0,0,0,0,0,0,0,0,0,0,0,0,0,0,0,0,0,0,0,64,0,0,0,126,0,171,8,0,1,132,7,0,0,11,0,47,3,26,10,0,0,0,0,0,0,0,0,0,0,0,0,0,0,0,0,0,0,0,0,0,0,0,0,0,0,0,0,0,0,0,0,0,0,0,0,0,0,0,0,0,0,0,0,0,0,0,0,0,0,0,0,0,0,0,0,16,0,9,0,13,0,52,0,14,0,0,0,0,0,12,1,0,0,0,0,15,0,8,0,4,0,13,0,0,0,146,1,62,0,62,0,109,0,93,0,7,0,0,0,90,0,271,0,47,0,0,0,0,0,0,0,0,0,0,0,29,3,0,0,0,0,0,0,0,0,0,0,0,0,0,0,0,0,0,0,0,0,0,0,0,0,447,83,635,719,887,72,66,20,0,1,0,0,0,0,0
0,6,0,6,0,0,0,10,12,30,0,0,0,0,0,10,0,77,0,0,0,36,0,14,0,19,0,6,0,19,0,3,0,0,0,0,0,0,0,4,0,1,0,0,0,7,0,0,0,0,0,0,5,162,10,138,1,0,18,275,0,0,0,52,0,33,42,85,0,0,0,0,0,0,0,0,0,1,0,0,0,0,0,0,0,0,0,0,0,0,0,0,0,0,0,0,0,1,0,0,0,0,0,0,0,0,0,0,0,0,0,0,0,0,0,0,0,0,0,0,0,0,0,0,0,25,0,24,0,19,0,54,0,25,0,0,0,26,0,32,0,7,0,0,0,3,0,6,0,15,0,18,0,0,0,205,0,42,0,168,0,235,0,0,0,9,0,0,0,43,0,309,0,26,0,0,0,0,0,0,0,0,0,0,8,12,0,0,0,0,0,0,0,0,0,0,0,0,0,0,0,0,0,0,0,0,0,11,0,32,0,0,0,1,300,0,0,0,286,95,408,333,33,32,0
5,0,9,0,0,0,32,0,32,33,3,0,0,0,0,0,2,0,0,0,0,0,0,0,5,0,0,0,0,0,0,0,0,0,0,0,0,0,2,0,0,0,0,0,5,0,0,0,46,0,0,0,86,0,48,55,132,18,0,46,0,0,0,0,75,9,63,76,0,0,0,0,0,0,0,0,2,0,0,0,0,0,0,0,0,0,0,0,0,0,0,0,0,0,0,0,0,0,0,0,0,0,0,0,0,0,0,0,0,0,0,0,0,0,0,0,0,0,0,0,0,0,0,0,13,0,0,0,0,0,102,2,4,0,0,0,4,0,0,0,0,0,0,0,0,0,0,0,23,0,0,0,0,0,113,2,80,0,8,0,28,0,0,0,0,0,4,0,44,0,119,0,0,0,5,0,0,0,0,0,38,0,1,0,353,13,0,0,0,0,0,0,0,0,0,0,0,0,0,0,0,0,0,0,0,0,0,0,0,0,681,192,298,563,960,54,52,22,0,0,0,0,0,0,0
0,6,0,4,0,10,2,3,33,26,0,0,0,0,0,12,0,10,0,6,0,0,0,0,0,11,0,0,0,8,0,0,0,0,0,0,0,0,0,0,0,0,0,0,0,0,0,0,0,0,0,0,28,111,25,107,7,275,46,0,0,0,0,42,0,24,94,221,0,7,0,0,0,0,0,0,0,0,0,0,0,0,0,5,0,0,0,0,0,0,0,0,0,2,0,0,0,0,0,0,0,0,0,0,0,0,0,0,0,0,0,0,0,0,0,0,0,0,0,0,0,0,0,0,0,22,0,0,0,0,0,40,0,0,0,0,0,0,0,0,0,0,0,0,0,3,0,10,0,19,0,0,0,0,0,137,0,157,0,25,0,23,0,0,0,7,0,10,0,64,0,257,0,0,0,0,4,0,0,0,0,2,0,0,20,74,0,0,0,0,0,0,0,0,0,0,0,0,0,0,0,0,0,0,0,0,0,7,0,18,0,0,0,0,791,0,0,0,735,149,659,744,78,111,0
162,0,86,0,0,0,382,0,78,0,0,0,0,0,10,0,44,12,0,0,0,0,29,11,78,22,36,0,3,0,7,0,22,0,0,0,52,0,8,0,0,0,0,0,10,0,0,0,10,0,3,0,47,0,11,0,0,0,0,0,0,0,55,0,0,0,0,0,0,0,5,0,0,0,0,0,0,0,0,0,0,0,0,0,0,0,0,0,0,0,0,0,0,0,0,0,0,0,0,0,0,0,0,0,0,0,0,0,0,0,0,0,0,0,0,0,0,0,0,0,0,0,0,0,0,0,0,0,0,0,0,0,0,0,0,0,0,0,116,0,52,0,44,0,152,0,0,0,0,0,0,0,0,0,8,0,89,0,0,0,0,0,4,0,2,0,4,0,2,0,49,0,117,0,0,0,48,0,0,0,0,0,29,0,0,0,0,0,0,0,0,0,0,0,0,0,0,0,0,0,0,0,0,0,0,0,0,0,0,0,252,146,30,109,146,5,10,2,0,0,0,0,0,0,0
0,347,0,41,0,7,5,484,0,244,0,9,0,0,0,9,3,39,0,0,0,7,0,9,0,72,0,0,0,36,0,11,0,61,0,30,0,70,0,70,0,0,0,6,0,0,0,0,0,0,0,0,0,54,0,69,0,0,0,0,0,0,0,63,0,6,0,0,0,0,0,0,0,0,0,0,0,0,0,0,0,0,0,0,0,0,0,0,0,0,0,0,0,0,0,0,0,0,0,0,0,0,0,0,0,0,0,0,0,0,0,0,0,0,0,0,0,0,0,0,0,0,0,3,0,0,0,0,0,2,0,0,0,0,0,0,0,0,0,95,0,54,0,0,0,200,0,0,0,0,0,0,0,0,0,20,0,116,0,32,0,0,0,3,0,1,0,0,0,9,0,44,0,127,0,0,0,28,0,0,0,0,0,0,0,0,0,0,0,0,0,0,0,0,0,0,0,0,0,0,0,0,0,0,0,0,0,0,0,0,0,0,2,0,38,0,0,0,130,94,74,47,0,0,0
61,0,0,0,0,0,736,0,286,0,0,0,0,0,0,0,149,0,17,0,32,0,1,0,99,20,40,0,7,0,23,0,12,0,0,0,39,0,22,0,0,0,0,0,0,0,0,0,0,0,3,0,75,0,78,9,11,0,0,0,55,0,0,0,0,0,11,0,0,0,1,0,0,0,0,0,0,0,0,0,0,0,0,0,0,0,0,0,0,0,0,0,0,0,0,0,0,0,0,0,0,0,0,0,0,0,0,0,0,0,0,0,0,0,0,0,0,0,0,0,0,0,0,0,0,0,0,0,20,0,0,0,0,0,0,0,0,0,102,0,30,0,47,0,15,0,0,0,2,0,0,0,0,0,16,0,12,0,16,0,0,0,0,0,0,0,1,0,0,0,9,0,12,0,0,0,49,8,0,0,0,0,15,1,0,0,0,0,0,0,0,0,0,0,0,0,0,0,0,0,0,0,0,0,0,0,0,0,0,0,269,181,20,0,64,0,0,3,0,0,0,0,0,0,0
4,174,0,24,0,0,0,558,8,220,0,0,0,0,0,0,0,183,0,0,0,69,0,20,2,208,0,0,0,42,0,13,0,13,0,2,0,1,0,21,0,0,0,0,0,0,0,0,0,0,0,0,0,106,0,259,0,52,0,42,0,63,0,0,0,0,0,0,0,0,0,0,0,0,0,0,0,0,0,0,0,0,0,0,0,0,0,0,0,0,0,0,0,0,0,0,0,0,0,0,0,0,0,0,0,0,0,0,0,0,0,0,0,0,0,0,0,0,0,0,0,0,0,0,0,0,0,0,0,13,0,0,0,0,0,0,0,0,0,92,0,23,0,20,0,40,0,0,0,4,0,0,0,0,0,30,0,29,0,33,0,4,0,0,0,0,0,0,0,0,0,13,0,13,0,0,2,36,0,1,0,0,0,30,1,0,0,0,0,0,0,0,0,0,0,0,0,0,0,0,0,0,0,0,0,0,0,0,0,0,0,0,0,0,76,0,0,0,296,155,38,0,2,13,0
8,0,0,0,0,0,21,0,157,0,0,0,0,0,9,0,0,0,0,0,0,0,0,0,0,0,0,0,0,0,0,0,0,0,0,0,0,0,0,0,0,0,0,0,0,0,0,0,0,0,0,0,0,0,0,0,47,0,75,0,0,0,0,0,0,0,124,0,0,0,0,0,0,0,0,0,0,0,0,0,0,0,0,0,0,0,0,0,0,0,0,0,0,0,0,0,0,0,1,0,0,0,0,0,0,0,0,0,0,0,0,0,0,0,0,0,0,0,0,0,0,0,0,0,20,0,5,1,5,0,97,9,0,0,0,0,4,0,10,1,0,0,0,0,32,0,27,0,83,0,19,0,0,4,5,0,18,0,3,0,274,15,0,0,0,0,0,0,0,0,0,0,0,0,34,1,0,0,0,0,207,16,3,0,212,0,0,0,0,0,0,0,0,0,0,0,0,0,0,0,0,0,0,0,0,0,0,0,3,0,84,2,0,0,53,0,0,0,0,0,0,0,0,0,0
0,52,0,21,0,22,0,13,0,179,0,18,0,0,0,55,0,0,0,72,0,47,0,0,0,16,0,0,0,7,0,0,0,0,0,0,0,0,0,0,0,0,0,0,0,0,0,0,0,0,0,0,0,2,0,7,3,33,9,24,0,6,0,0,0,0,7,272,0,0,0,26,0,10,0,20,0,0,0,0,0,0,0,0,0,0,0,0,0,0,0,0,0,0,0,0,0,0,0,0,0,0,0,0,0,0,0,0,0,0,0,0,0,0,0,0,0,0,0,0,0,0,0,3,0,58,0,16,0,0,5,61,0,0,0,0,0,6,0,27,0,25,0,7,0,107,0,37,3,212,0,48,0,22,0,4,0,0,2,5,8,169,0,29,0,2,0,0,0,12,0,0,0,7,0,15,0,0,0,6,16,119,0,7,5,103,0,0,0,0,0,0,0,0,0,0,0,0,0,0,0,0,0,0,0,0,0,0,0,19,1,0,0,0,197,0,0,0,297,6,101,0,9,0,0
14,0,15,0,5,0,42,0,176,44,0,0,0,0,0,0,0,0,0,0,0,0,0,0,0,0,0,0,0,0,0,0,0,0,0,0,0,0,0,0,0,0,0,0,0,0,0,0,15,0,0,0,77,1,18,55,26,42,63,94,0,0,11,0,124,7,0,63,1,0,0,0,0,0,0,0,0,0,0,0,0,0,0,0,0,0,0,0,0,0,0,0,0,0,0,0,0,0,0,0,0,0,0,0,0,0,0,0,0,0,0,0,0,0,0,0,0,0,0,0,0,0,0,0,5,0,0,0,0,0,26,0,0,0,0,0,0,0,0,0,0,0,0,0,0,0,3,0,19,0,0,0,0,0,50,3,43,0,1,2,72,0,0,0,0,0,0,0,0,0,61,0,0,0,13,0,52,0,0,0,0,0,2,0,742,31,0,0,0,0,0,0,0,0,0,0,0,0,0,0,0,0,0,0,0,0,0,0,1,0,183,90,69,141,212,14,0,0,0,0,0,0,0,0,0
0,56,0,23,0,8,2,6,0,236,0,6,0,0,0,23,0,0,0,20,0,0,0,0,0,2,0,22,0,0,0,0,0,0,0,0,0,0,0,0,0,0,0,0,0,0,0,0,0,0,0,0,8,11,8,0,10,85,76,221,0,0,0,0,0,272,63,0,0,0,0,0,0,0,0,0,0,0,0,0,0,0,0,1,0,0,0,0,0,0,0,0,0,0,0,0,0,0,0,0,0,1,0,0,0,0,0,1,0,0,0,0,0,0,0,0,0,0,0,0,0,0,0,0,0,24,0,0,0,0,0,62,0,0,0,0,0,0,0,0,0,0,0,0,0,9,0,3,0,63,0,0,0,2,2,41,0,20,0,34,0,20,0,7,0,0,0,0,0,0,0,21,0,3,0,0,0,0,0,0,1,10,0,3,20,396,0,0,0,0,0,0,0,0,0,0,0,0,0,0,0,0,0,0,0,0,0,0,0,0,0,2,0,0,362,0,0,0,344,108,162,212,28,0,0
0,0,0,0,0,0,0,0,0,0,0,0,0,0,0,0,0,0,0,0,0,0,0,0,0,0,0,0,0,0,0,0,0,0,0,0,0,0,0,0,0,0,0,0,1,0,0,0,17,0,0,0,0,0,0,0,0,0,0,0,0,0,0,0,0,0,1,0,0,0,0,0,7,0,0,0,33,0,14,0,0,0,33,0,4,0,1,0,69,0,0,0,51,0,4,0,0,0,0,0,13,0,256,0,0,0,43,0,15,0,1,0,2,0,1,0,11,0,0,0,0,0,0,0,0,0,0,0,0,0,0,0,0,0,0,0,0,0,0,0,0,0,0,0,0,0,0,0,1,0,1,0,0,0,2,0,0,0,0,0,0,0,0,0,7,0,0,0,63,0,2,0,0,0,0,0,0,0,0,0,0,0,0,0,0,0,0,0,0,0,0,0,0,0,3,0,0,0,0,0,0,0,6,0,0,0,0,0,0,0,8,0,42,7,0,15,42,2,0,0,0,0,0,0,0
0,1,0,0,0,0,0,0,0,1,0,0,0,0,0,0,0,0,0,0,0,0,0,0,0,0,0,0,0,0,0,0,0,0,0,0,0,0,0,0,0,2,0,0,0,7,0,0,0,4,0,0,0,0,0,5,0,0,0,7,0,0,0,0,0,0,0,0,0,0,0,0,0,3,0,0,0,120,0,0,0,5,0,66,0,0,0,0,0,35,0,0,0,53,0,33,0,0,0,0,0,0,0,85,0,0,0,8,0,4,0,5,0,23,0,0,0,0,0,0,0,0,0,0,0,0,0,0,0,0,0,1,0,1,0,6,0,0,0,0,0,0,0,0,0,0,0,1,0,0,0,0,0,0,0,1,0,1,0,0,0,2,0,0,0,34,0,0,0,29,0,2,0,0,0,0,0,0,0,0,0,0,0,0,0,0,0,0,0,0,0,0,0,0,0,0,0,0,0,0,0,0,0,0,0,0,0,0,0,0,0,0,0,0,0,0,0,0,12,0,114,2,10,14,0
0,0,2,0,5,0,0,0,0,0,0,0,0,0,0,0,2,0,0,0,0,0,0,0,0,0,45,0,0,0,7,0,0,0,0,0,23,0,5,0,0,0,10,0,30,0,0,0,9,0,11,0,0,0,0,0,0,0,0,0,5,0,1,0,0,0,0,0,0,0,0,0,197,0,475,0,12,0,91,0,14,0,0,0,0,0,27,0,0,0,0,0,0,0,0,0,0,2,14,0,1,0,0,0,0,0,0,0,0,0,0,0,0,0,0,0,0,0,0,0,100,0,41,0,19,0,27,9,0,0,27,0,35,0,132,0,73,0,0,0,97,0,71,5,72,0,53,8,14,0,44,0,13,3,0,0,2,0,0,0,0,0,51,0,0,0,15,0,44,0,19,0,14,0,3,0,0,0,0,0,39,0,0,0,5,0,0,0,0,0,0,0,0,0,0,0,0,0,30,0,19,0,0,0,0,0,0,0,88,0,85,0,34,0,11,0,0,0,0,0,0,0,0,0,0
0,0,0,0,0,0,0,0,0,0,0,0,0,0,0,0,0,0,0,4,0,0,0,0,0,0,0,0,0,0,0,1,0,0,0,0,0,0,0,0,0,0,0,0,0,0,0,0,0,0,0,4,0,0,0,0,0,0,0,0,0,0,0,0,0,26,0,0,0,0,0,0,0,83,0,285,0,7,0,0,0,20,0,0,0,0,0,40,0,0,0,2,0,0,0,0,2,0,0,0,0,0,0,0,0,0,0,0,0,0,0,0,0,0,0,0,0,0,0,0,0,10,0,9,0,91,0,0,2,17,5,0,0,21,2,0,0,0,0,0,0,21,0,9,0,132,8,0,3,52,3,0,0,35,0,0,0,0,0,0,0,5,0,70,0,0,0,6,0,7,0,11,0,9,0,20,0,0,0,0,9,22,0,0,0,0,0,0,0,0,0,0,0,0,0,0,0,0,0,0,5,0,0,0,0,0,0,0,0,0,0,0,0,0,7,0,0,0,40,2,11,0,0,0,0
0,0,0,0,0,0,0,0,0,0,0,0,0,0,0,0,0,0,0,0,0,0,0,0,0,0,0,0,0,0,0,0,0,0,2,0,0,0,0,0,0,0,0,0,0,0,0,0,2,0,0,0,0,0,0,0,0,0,0,0,0,0,0,0,0,0,0,0,7,0,197,0,0,0,103,0,20,0,101,0,32,0,14,0,33,0,53,0,0,0,0,0,15,0,0,0,0,0,10,0,0,0,0,0,0,0,0,0,0,0,0,0,6,0,0,0,0,0,0,0,61,0,35,0,35,3,56,0,27,0,57,0,67,2,81,0,0,0,0,0,20,0,62,0,72,0,48,9,8,0,47,0,18,3,0,0,0,0,0,0,4,0,56,5,0,0,0,0,19,0,0,0,5,0,7,0,0,0,0,0,32,0,0,0,0,0,0,0,113,0,0,0,136,0,0,0,0,0,81,0,95,0,266,0,0,0,34,0,91,0,370,6,50,19,38,5,5,0,0,0,0,0,0,0,0
0,0,0,0,0,0,0,0,0,0,0,0,0,0,0,0,0,0,0,0,0,0,0,0,0,0,0,0,0,0,0,0,0,0,0,0,0,0,0,0,0,0,0,0,0,0,0,0,0,0,0,0,0,0,0,0,0,0,0,0,0,0,0,0,0,10,0,0,0,3,0,83,0,0,0,436,0,15,0,108,0,17,0,19,0,25,0,113,0,0,0,0,0,0,0,11,0,0,0,10,0,0,0,0,0,0,0,0,0,0,0,0,0,0,0,0,0,0,0,0,0,86,0,42,3,58,0,0,0,0,7,0,0,0,0,182,0,0,0,0,0,14,0,24,0,47,5,0,0,32,0,0,0,9,0,0,0,1,0,0,0,0,0,69,0,0,0,0,0,17,0,6,0,0,0,8,0,0,0,0,7,0,0,0,0,1,0,0,0,118,0,0,0,0,0,0,0,0,0,0,0,114,0,190,0,0,0,0,0,0,0,0,0,0,0,0,0,0,115,0,19,0,0,0,0
0,0,0,0,0,0,0,0,0,0,0,0,0,0,0,0,11,0,0,0,0,0,0,0,0,0,66,0,0,0,17,0,0,0,0,0,54,0,4,0,0,0,0,0,51,0,0,0,0,0,12,0,0,0,0,0,0,0,0,0,0,0,0,0,0,0,0,0,0,0,475,0,103,0,0,0,10,0,62,0,0,0,0,0,6,0,10,0,0,0,0,0,0,0,0,0,6,0,3,0,0,0,6,0,0,0,0,0,0,0,0,0,13,0,0,0,0,0,0,0,97,0,30,0,0,0,0,0,0,0,15,0,0,0,22,0,10,1,0,0,92,0,183,5,125,0,20,2,0,0,0,0,18,0,0,0,3,0,0,0,0,0,52,0,0,0,19,0,13,0,6,0,0,0,7,0,0,0,0,0,24,12,0,0,5,0,0,0,0,0,0,0,0,0,0,0,6,0,0,0,15,0,51,0,0,0,14,0,19,2,57,3,16,0,10,5,0,0,0,0,0,0,0,0,0
0,0,0,0,0,0,0,0,0,0,0,0,0,0,0,0,0,0,0,0,0,0,0,0,0,0,0,0,0,0,0,0,0,0,0,0,0,1,0,0,0,0,0,0,0,0,0,0,0,0,0,0,0,0,0,0,0,0,0,0,0,0,0,0,0,20,0,0,0,0,0,285,0,436,0,0,0,2,0,149,0,0,0,0,0,32,0,56,0,0,0,0,0,0,0,0,0,0,0,0,0,2,0,0,0,0,0,0,0,0,0,0,0,0,0,0,0,0,0,0,0,310,0,97,5,60,0,0,0,0,0,0,0,0,0,134,0,22,0,0,0,51,0,80,4,225,0,0,0,48,0,61,6,0,0,0,0,0,0,0,0,0,0,92,0,0,0,0,0,4,0,9,0,0,0,20,0,0,0,0,12,42,0,0,0,0,0,0,0,0,0,0,0,0,0,0,0,0,0,0,0,0,0,0,0,0,0,0,0,63,0,0,0,0,0,0,0,0,141,0,21,0,0,0,0
0,0,0,0,0,0,0,0,0,0,0,0,0,0,0,0,0,0,0,0,0,0,0,0,0,0,0,0,0,0,0,0,0,0,0,0,0,0,0,0,0,0,0,0,0,0,0,0,16,0,6,0,0,0,0,0,0,0,2,0,0,0,0,0,0,0,0,0,33,0,12,0,20,0,10,0,0,0,47,0,29,0,84,0,56,0,43,0,2,0,0,0,36,0,51,0,0,0,30,0,18,0,246,0,0,0,52,0,41,0,2,0,5,0,5,0,12,0,0,0,20,0,13,0,0,0,0,0,0,0,0,0,0,0,0,0,0,0,0,0,0,0,0,0,2,0,0,0,0,0,0,0,0,0,0,0,0,0,0,0,0,0,0,0,18,0,0,0,28,0,1,0,0,0,0,0,0,0,0,0,0,0,0,0,0,0,0,0,161,0,24,0,126,0,35,0,0,0,0,0,94,0,0,0,131,0,0,0,0,0,29,8,24,7,10,13,25,0,0,0,0,0,0,0,0
0,0,0,0,0,0,0,1,0,1,0,0,0,0,0,0,0,0,0,0,0,0,0,0,0,0,0,0,0,0,0,0,0,0,0,0,0,0,0,0,0,0,0,0,0,12,0,0,0,6,0,0,0,0,0,0,0,1,0,0,0,0,0,0,0,0,0,0,0,120,0,7,0,15,0,2,0,0,0,14,0,46,0,106,0,17,0,91,0,6,0,0,0,93,0,42,0,59,0,52,0,9,0,97,0,0,0,63,0,0,0,0,0,37,0,0,0,12,0,0,0,14,0,4,0,0,0,0,0,0,0,0,0,0,0,0,0,0,0,0,0,0,0,0,0,4,7,0,0,0,0,0,0,0,0,0,0,0,0,0,0,0,0,0,0,24,0,0,0,71,0,1,0,0,0,0,0,0,0,0,0,0,0,0,0,0,0,0,0,122,0,0,0,0,0,52,0,0,0,0,0,39,0,0,0,48,0,0,0,0,0,0,0,0,0,0,0,0,54,2,130,0,35,14,0
0,0,0,0,0,0,0,0,0,0,0,0,0,0,0,0,0,0,0,0,0,0,0,0,0,0,0,0,0,0,0,0,0,0,0,0,0,0,0,0,0,0,0,0,0,0,0,0,6,0,0,0,0,0,0,0,0,0,0,0,0,0,0,0,0,0,0,0,14,0,91,0,101,0,62,0,47,0,0,0,41,0,42,0,72,0,90,0,0,0,0,0,13,0,11,0,0,0,33,0,0,0,138,0,0,0,0,0,15,0,0,0,21,0,0,0,6,0,0,0,72,0,54,0,0,0,0,0,0,0,0,0,0,0,0,0,0,0,0,0,0,0,32,0,18,0,0,0,0,0,0,0,0,0,0,0,0,0,0,0,0,0,0,0,0,0,0,0,50,0,6,0,0,0,0,0,0,0,0,0,0,0,0,0,0,0,0,0,0,0,0,0,92,0,21,0,0,0,0,0,104,0,0,0,0,0,0,0,0,0,211,0,34,9,45,19,7,0,0,0,0,0,0,0,0
0,0,0,0,0,0,0,0,0,0,0,0,0,0,0,0,0,0,0,0,0,0,0,0,0,0,0,0,0,0,0,0,0,0,0,0,0,0,0,0,0,0,0,1,0,0,0,0,0,0,0,0,0,0,0,0,0,0,0,0,0,0,0,0,0,0,0,0,0,0,0,0,0,108,0,149,0,14,0,0,0,6,0,0,0,0,0,36,0,0,0,2,0,0,0,0,0,0,0,0,0,0,0,0,0,0,0,0,0,0,0,0,0,0,0,0,0,0,0,0,0,36,0,6,0,0,0,0,0,0,0,0,2,0,0,76,0,0,0,0,0,16,0,24,0,21,4,0,0,0,0,0,0,0,0,0,0,0,0,0,0,0,0,4,0,0,0,0,0,3,0,0,0,0,0,0,0,0,0,0,0,11,0,0,0,0,0,0,0,0,0,0,0,0,0,2,0,0,0,0,0,16,0,0,0,0,0,0,0,0,0,0,0,0,2,0,0,0,35,0,0,0,0,0,0
