0,120,33,150,0,0,211,110,31,38,126,0,50,0,0,0,31,87,0,0,0,0,0,112,40,293,0,0,36,0,0,0,42,0,0,0,15,0,312,0,0,0,0,0,0,0,0,0,19,0,0,0,0,0,6,0,0,0,12,0,142,0,151,28,0,0,36,1,0,0,0,0,0,0,0,0,0,0,0,0,0,0,0,0,0,0,0,1,0,0,0,0,0,0,0,0,0,0,0,0,0,0,0,0,0,0,0,0,0,0,0,0,0,0,0,0,0,0,0,0,0,0,0,0,12,0,0,0,0,0,38,0,0,0,0,0,0,4,0,0,0,0,0,0,0,0,5,0,62,0,3,0,0,0,0,0,0,0,0,0,2,0,0,0,0,0,5,0,27,0,18,0,170,0,0,0,289,66,5,0,0,0,68,5,0,0,0,0,0,0,0,0,0,0,0,0,0,0,0,0,0,0,0,0,0,0,0,0,0,0,517,160,0,0,161,0,0,10,0,0,0,0,0,0,0
120,0,161,26,0,324,77,52,0,119,9,208,0,86,0,123,48,19,0,193,0,59,163,44,225,72,0,207,0,0,0,0,0,84,0,0,0,198,0,133,0,0,0,0,0,46,0,0,0,0,0,0,0,52,0,66,0,8,0,17,0,366,0,199,0,102,0,45,0,0,0,14,0,0,0,38,0,3,0,0,0,64,0,0,0,39,0,41,0,0,0,0,0,0,0,0,0,0,0,15,0,26,0,0,0,0,0,0,0,0,0,0,0,0,0,0,0,0,0,4,0,42,0,15,0,20,0,18,0,0,0,20,0,0,0,42,0,79,0,0,0,18,0,16,0,19,0,0,0,89,0,20,0,78,0,21,0,46,0,5,0,0,0,9,0,0,0,0,1,33,0,109,0,325,0,27,91,268,0,14,0,21,7,25,0,169,0,0,0,0,0,0,0,0,0,0,0,0,0,0,0,0,0,0,0,0,0,0,0,44,0,0,0,0,231,0,0,0,737,274,204,174,0,29,2
33,161,0,202,203,105,184,76,23,12,103,72,526,0,78,151,74,62,46,0,31,0,115,169,88,239,139,0,170,0,32,0,149,0,0,0,31,0,310,0,171,1,0,0,139,0,178,0,62,0,0,0,0,1,47,0,15,0,10,0,27,0,35,21,0,0,0,0,0,0,0,0,0,0,0,0,0,0,0,0,0,0,0,0,0,3,0,0,0,0,0,0,0,0,0,2,0,0,0,0,0,0,0,0,0,0,0,0,0,0,0,0,0,0,0,0,0,0,2,0,0,0,0,0,97,0,0,0,0,0,110,0,0,0,109,0,97,0,0,0,0,0,0,0,5,0,46,0,184,0,13,0,0,0,0,0,0,0,0,0,48,0,0,0,0,0,110,0,100,0,0,0,183,5,0,0,180,65,32,0,0,0,15,7,56,0,24,0,0,0,0,0,0,0,0,0,2,0,0,0,0,0,0,0,0,0,0,0,20,0,775,121,207,0,373,0,0,12,0,12,0,3,0,0,0
150,26,202,0,83,222,0,232,0,44,81,12,0,0,0,116,37,15,0,226,8,98,268,126,171,48,0,78,3,105,0,0,0,360,0,0,0,154,0,266,0,0,0,0,0,28,0,0,0,0,0,0,0,0,0,186,0,19,0,65,0,101,0,95,0,6,0,34,0,0,0,12,0,2,0,16,0,0,0,0,0,0,0,0,0,102,0,14,0,0,0,0,0,0,0,0,0,58,0,0,0,0,0,0,0,0,0,0,0,0,0,0,0,0,0,0,0,0,0,0,0,0,0,0,0,0,0,0,0,0,0,0,0,0,0,91,0,106,0,44,0,59,0,107,0,0,0,0,0,9,0,2,0,0,0,0,0,0,0,0,0,0,0,3,0,9,0,54,0,13,0,0,0,137,0,7,63,144,0,6,0,0,0,4,0,13,0,0,0,0,0,0,0,0,0,0,0,0,0,0,0,16,0,0,0,0,0,0,0,0,4,0,0,0,208,0,0,0,803,101,366,172,0,0,2
0,0,203,83,0,300,16,0,13,0,80,152,286,53,136,344,11,0,45,192,103,165,61,140,17,0,81,59,22,2,103,0,136,0,59,0,87,0,0,0,77,0,0,0,19,0,76,0,26,0,40,0,0,0,0,0,6,0,0,0,0,0,0,0,0,0,2,0,0,0,0,0,0,0,0,0,0,0,0,0,0,0,0,0,0,0,0,0,0,0,0,0,0,0,0,0,0,0,0,0,0,0,0,0,0,0,0,0,0,0,0,0,0,0,0,0,0,0,0,0,0,0,0,0,0,0,0,0,0,0,0,0,0,0,0,0,0,0,0,0,1,0,0,0,0,0,0,0,37,0,0,0,0,0,0,0,0,0,0,0,0,0,0,0,14,0,119,0,0,0,0,0,60,0,1,0,352,89,129,0,0,0,31,0,34,0,44,0,0,0,0,0,0,0,0,0,0,0,0,0,0,0,0,0,0,0,0,0,0,0,523,223,258,0,211,0,0,0,0,45,0,0,0,0,0
0,324,105,222,300,0,0,91,0,14,158,169,120,105,296,179,0,0,102,382,242,275,158,90,0,5,0,410,0,0,0,61,0,194,0,130,0,147,0,0,0,33,0,21,0,137,0,64,0,64,0,50,0,0,0,0,0,0,0,0,0,0,0,7,0,11,0,0,0,0,0,0,0,0,0,0,0,0,0,0,0,0,0,0,0,0,0,0,0,0,0,0,0,0,0,0,0,0,0,0,0,0,0,0,0,0,0,0,0,0,0,0,0,0,0,0,0,0,0,0,0,0,0,0,0,0,0,0,0,0,0,0,0,0,0,0,0,28,0,0,0,0,0,0,0,0,0,0,0,0,0,3,0,32,0,2,0,0,0,0,0,0,0,0,0,17,0,119,0,0,0,0,1,44,0,0,120,466,33,40,0,8,0,11,0,0,0,2,0,0,0,0,0,0,0,0,0,0,0,0,0,0,0,0,0,0,0,0,0,0,0,0,0,0,179,0,0,0,755,372,317,0,0,0,0
211,77,184,0,16,0,0,0,105,130,97,0,24,0,4,0,29,0,0,0,0,0,9,0,249,194,0,0,0,0,0,0,0,0,0,0,0,0,129,0,0,0,0,0,0,0,9,0,69,0,0,0,82,0,178,115,88,0,135,0,147,0,433,0,68,0,273,0,0,0,0,0,0,0,0,0,0,0,0,0,0,0,0,0,0,0,0,0,0,0,0,0,0,0,0,0,0,0,0,0,0,0,0,0,0,0,0,0,0,0,0,0,0,0,0,0,0,0,1,0,0,0,0,0,178,0,14,0,2,0,491,0,0,0,52,0,82,5,0,0,0,0,0,0,0,0,0,0,174,0,0,0,0,0,4,0,0,0,0,0,79,0,0,0,0,0,0,0,71,0,0,0,152,0,0,0,66,19,8,0,0,0,17,10,12,0,0,0,0,0,0,0,0,0,0,0,0,0,0,0,0,0,0,0,0,0,0,0,26,0,951,215,267,302,462,0,29,56,0,0,0,0,0,0,0
110,52,76,232,0,91,0,0,116,155,0,0,0,0,0,94,0,44,0,67,0,0,44,29,304,97,0,0,0,20,0,0,0,39,0,0,0,43,0,0,0,0,0,0,0,0,0,0,0,5,0,0,6,0,0,338,0,26,0,169,0,185,57,202,0,6,0,32,0,0,0,0,0,0,0,0,0,0,0,0,0,0,0,0,0,0,0,0,0,0,0,0,0,0,0,0,0,0,0,0,0,0,0,0,0,0,0,0,0,0,0,0,0,0,0,0,0,0,0,0,0,0,0,0,0,9,0,0,0,0,0,12,0,7,0,0,0,94,0,17,0,0,0,0,0,0,0,0,0,17,0,0,0,0,0,3,0,0,0,0,0,0,0,0,0,10,0,0,0,23,0,63,0,192,0,3,50,97,0,0,0,0,0,13,0,0,0,0,0,0,0,0,0,0,0,0,0,0,0,0,0,11,0,0,0,0,0,0,0,11,0,4,0,0,342,0,0,0,774,63,304,0,0,0,0
31,0,23,0,13,0,105,116,0,324,36,2,17,0,4,0,36,13,0,0,0,0,11,0,54,134,0,0,0,0,0,0,0,0,0,0,0,0,56,0,0,0,1,0,11,0,6,0,44,0,0,0,203,168,156,729,295,72,620,0,339,0,578,125,50,0,173,138,0,0,0,0,0,0,0,0,0,0,0,0,0,0,0,0,0,0,0,0,0,0,0,0,0,0,0,0,0,0,0,0,0,0,0,0,0,0,0,0,0,0,0,0,0,0,0,0,0,0,0,0,0,0,0,0,42,0,0,0,0,0,86,0,2,0,0,0,0,5,0,0,0,0,0,0,0,0,13,0,132,0,6,0,18,0,0,0,0,0,0,0,17,0,0,0,12,0,0,0,75,0,169,0,145,0,0,0,539,90,9,0,0,0,60,6,137,0,4,0,0,0,0,0,0,0,0,0,0,0,0,0,0,2,0,0,0,0,1,0,0,0,763,254,161,0,357,0,38,22,0,0,0,13,0,0,0
38,119,12,44,0,14,130,155,324,0,1,5,0,0,0,29,0,11,0,0,0,11,0,12,217,130,0,0,0,3,0,0,0,0,0,0,0,0,4,0,0,0,0,2,0,0,0,0,0,0,0,0,52,143,258,223,20,28,74,115,5,112,95,199,0,198,0,162,0,0,0,0,0,2,0,0,0,0,0,0,0,0,0,0,0,10,0,0,0,0,0,0,0,0,0,0,0,7,0,0,0,0,0,0,0,0,0,0,0,0,0,0,0,0,0,0,0,0,0,0,0,0,0,0,0,73,0,23,0,1,1,65,0,12,0,0,0,101,0,0,0,0,0,0,0,0,3,14,0,113,0,17,0,6,0,0,0,87,0,0,0,0,0,7,0,3,0,6,0,37,0,207,0,114,0,6,83,191,0,0,0,0,0,4,0,15,0,0,0,0,0,0,0,0,0,0,0,2,0,0,0,2,0,0,0,0,0,16,0,55,7,0,0,5,400,0,0,0,750,292,222,404,0,132,0
126,9,103,81,80,158,97,0,36,1,0,32,105,4,26,244,1,23,0,54,16,29,53,118,46,6,0,0,24,0,0,0,127,0,0,0,0,11,23,1,41,0,0,0,2,0,27,0,15,0,0,0,0,0,0,0,0,0,0,0,0,0,1,0,15,0,15,0,0,0,0,0,0,0,0,0,0,0,0,0,0,0,0,0,0,0,0,0,0,0,0,0,0,0,0,0,0,0,0,0,0,0,0,0,0,0,0,0,0,0,0,0,0,0,0,0,0,0,0,0,0,0,0,0,67,0,0,0,0,0,82,0,0,0,17,0,0,0,0,0,0,1,0,0,0,0,0,0,153,0,3,0,0,0,0,0,0,0,0,0,11,0,0,0,2,0,30,0,37,0,0,0,17,0,0,0,386,48,89,0,0,0,29,0,30,0,66,0,0,0,0,0,0,0,0,0,0,0,2,0,0,0,0,0,0,0,0,0,8,0,254,98,75,0,63,0,0,0,0,24,0,0,0,0,0
0,208,72,12,152,169,0,0,2,5,32,0,8,135,157,84,13,0,0,113,78,99,135,44,0,2,0,151,0,0,13,26,16,145,3,52,0,141,0,0,0,69,0,0,3,60,0,114,0,98,0,25,0,1,0,0,0,2,0,0,0,0,0,0,0,10,0,0,0,0,0,10,0,0,0,0,0,0,0,3,0,14,0,0,0,0,0,0,0,0,0,0,0,0,0,0,0,0,0,0,0,3,0,0,0,0,0,0,0,0,0,0,0,0,0,0,0,0,0,0,0,0,0,0,0,0,0,0,0,0,0,0,0,0,0,6,0,0,0,0,0,0,0,0,0,0,0,0,0,0,0,0,0,49,0,0,0,0,0,0,0,0,0,0,0,0,0,36,0,0,0,0,0,15,0,33,73,264,0,27,0,20,0,13,0,85,2,3,0,0,0,0,0,0,0,0,0,0,0,0,0,0,0,0,0,0,0,3,0,0,0,0,0,0,42,0,0,0,276,178,72,0,0,0,0
50,0,526,0,286,120,24,0,17,0,105,8,0,194,60,73,15,0,186,322,61,127,50,5,0,0,155,495,0,0,0,16,0,0,221,55,0,0,0,0,39,34,108,0,8,43,42,70,26,0,297,32,0,0,0,0,0,0,4,0,0,0,4,0,0,0,0,0,0,0,0,0,0,0,0,0,0,0,0,0,0,0,0,0,0,0,0,0,0,0,5,0,0,0,0,0,0,0,19,0,16,0,0,0,0,0,0,0,0,0,0,0,0,0,0,0,0,0,1,0,0,0,0,0,0,0,0,0,0,0,23,0,0,0,0,0,0,0,0,0,0,0,0,0,0,0,0,0,0,0,0,0,0,0,0,0,0,0,1,0,0,0,0,0,21,0,9,0,0,0,0,0,6,0,1,0,162,76,61,0,0,0,16,0,11,0,75,11,0,0,0,0,0,0,0,0,0,0,0,0,0,0,0,0,0,0,0,0,0,0,53,172,94,0,0,0,0,7,0,43,0,0,0,0,0
0,86,0,0,53,105,0,0,0,0,4,135,194,0,48,2,0,0,331,83,195,134,0,0,0,0,116,104,0,0,12,0,2,0,38,234,14,0,0,0,32,67,0,133,4,22,0,117,0,31,45,373,0,0,0,0,0,0,0,0,0,0,0,0,0,0,0,0,0,0,0,0,0,0,0,0,0,0,0,0,0,0,0,0,0,0,0,0,0,0,0,0,0,0,0,0,0,0,0,0,0,0,0,0,0,0,0,0,0,0,0,0,0,0,0,0,0,0,0,0,0,0,0,0,0,0,0,0,0,0,0,0,0,0,0,0,0,0,0,0,0,2,0,0,0,0,0,0,0,0,0,0,0,0,0,0,0,0,0,0,0,0,0,0,0,8,0,61,0,0,0,2,0,14,0,0,69,245,11,31,0,10,0,1,0,14,20,38,0,0,0,0,0,0,0,0,0,0,0,0,0,0,0,0,0,0,0,0,0,0,0,9,0,0,0,0,0,0,59,209,64,0,0,1,1
0,0,78,0,136,296,4,0,4,0,26,157,60,48,0,379,11,2,133,152,82,152,209,146,26,0,115,38,7,0,53,69,31,48,23,0,46,45,0,0,21,0,0,0,43,0,58,0,0,1,37,0,0,0,0,0,0,0,0,0,0,0,0,0,0,0,0,0,0,0,0,0,5,0,0,0,0,0,0,0,0,0,0,0,0,0,0,0,0,0,0,0,0,0,0,0,0,0,0,0,0,0,0,0,0,0,0,0,0,0,0,0,0,0,0,0,0,0,0,0,0,0,0,0,0,0,0,0,0,0,0,0,0,0,0,0,0,0,0,0,0,0,0,0,0,0,0,0,0,0,0,0,2,0,0,0,0,0,0,0,0,0,0,0,0,0,59,5,45,0,0,0,13,0,0,0,99,41,60,0,0,0,8,0,11,0,0,0,0,0,0,0,0,0,0,0,0,0,0,0,0,0,0,0,0,0,0,0,1,0,232,276,94,0,63,0,0,2,0,41,0,0,0,0,0
0,123,151,116,344,179,0,94,0,29,244,84,73,2,379,0,24,10,29,233,227,201,208,72,26,90,0,76,3,3,64,14,60,61,12,14,0,76,0,16,0,0,0,12,0,30,0,0,0,0,0,12,0,0,0,51,0,21,0,38,0,7,0,0,0,0,0,0,0,0,0,6,0,0,0,0,0,0,0,1,0,0,0,0,0,145,0,0,0,0,0,0,0,0,0,0,0,0,0,0,0,0,0,0,0,0,0,0,0,0,0,0,0,0,0,0,0,0,0,0,0,0,0,0,0,0,0,0,0,0,0,0,0,0,0,66,0,69,0,52,0,77,0,124,0,3,0,0,0,13,0,0,0,0,0,0,0,0,0,4,0,0,0,0,0,11,0,55,0,9,0,0,0,21,0,0,68,191,33,6,0,0,0,4,0,30,0,0,0,0,0,0,0,0,0,0,0,0,0,0,0,0,0,0,0,0,0,0,0,0,0,0,0,0,59,0,0,0,230,373,119,44,0,0,0
31,48,74,37,11,0,29,0,36,0,1,13,15,0,11,24,0,21,96,0,159,0,109,32,128,108,96,0,88,0,35,0,144,0,19,0,15,0,108,0,0,0,2,0,212,0,0,0,42,0,20,0,84,4,13,11,35,1,6,0,29,0,296,14,0,0,0,4,0,0,50,0,0,0,169,0,0,0,0,0,277,0,0,0,403,0,250,0,0,0,250,0,0,0,0,0,190,0,554,0,312,0,0,0,0,0,0,0,0,0,0,0,0,0,0,0,0,0,0,0,172,0,55,0,0,0,0,0,27,0,0,0,15,0,7,0,91,0,44,0,141,0,176,0,27,0,0,0,0,0,0,0,0,0,38,0,0,0,33,0,0,0,0,0,25,0,31,0,45,0,10,0,125,0,0,0,4,0,0,0,0,0,0,2,0,0,14,0,0,0,0,0,0,0,0,0,0,0,0,0,0,0,0,0,0,0,0,0,0,0,313,266,110,78,161,0,10,6,0,0,0,0,0,0,0
87,19,62,15,0,0,0,44,13,11,23,0,0,0,2,10,21,0,0,0,0,141,83,81,106,194,0,19,1,36,0,22,0,42,0,0,0,16,8,96,0,0,0,10,0,10,0,0,0,1,0,4,0,85,0,17,0,30,0,12,0,29,7,268,0,0,0,0,0,0,0,0,0,3,0,13,0,0,0,0,0,227,0,0,0,236,0,43,0,0,0,0,0,0,0,0,0,0,0,80,0,135,0,0,0,0,0,0,0,0,0,0,0,0,0,0,0,0,0,0,0,41,0,28,0,0,0,0,0,4,0,0,0,0,0,33,0,29,0,122,0,100,0,244,0,2,0,0,0,0,0,0,0,0,0,13,0,0,0,17,0,0,0,0,0,0,0,0,0,0,0,5,0,14,0,0,8,9,0,0,0,0,0,0,0,0,0,0,0,0,0,0,0,0,0,0,0,0,0,0,0,0,0,0,0,0,0,0,0,0,0,0,0,0,23,0,0,0,45,164,43,26,0,0,0
0,0,46,0,45,102,0,0,0,0,0,0,186,331,133,29,96,0,0,407,99,156,271,0,26,0,81,641,10,0,17,0,0,0,253,78,15,0,0,0,6,36,66,0,17,29,25,72,9,0,117,68,0,0,0,0,0,0,0,0,0,0,0,0,0,0,0,0,0,0,0,0,0,0,17,0,0,0,0,0,0,0,0,0,0,0,0,0,0,0,0,0,0,0,0,0,0,0,0,0,0,0,0,0,0,0,0,0,0,0,0,0,0,0,0,0,0,0,0,0,0,0,0,0,0,0,0,0,0,0,0,0,0,0,0,0,0,0,0,0,0,0,0,0,0,0,0,0,0,0,0,0,0,0,0,0,0,0,0,0,0,0,0,0,0,3,8,0,0,0,0,0,0,0,0,0,100,52,11,0,0,0,0,0,3,0,39,15,0,0,0,0,0,0,0,0,0,0,0,0,0,0,0,0,0,0,0,0,0,0,88,143,71,0,0,0,0,0,0,64,0,0,0,0,0
0,193,0,226,192,382,0,67,0,0,54,113,322,83,152,233,0,0,407,0,284,180,0,10,0,60,116,173,0,4,27,27,0,0,80,130,0,41,0,6,0,14,0,28,0,80,0,10,0,0,63,114,0,0,0,0,0,0,0,0,0,0,0,0,0,0,0,0,0,0,0,18,0,0,0,0,0,0,0,0,0,0,0,0,0,0,0,0,0,0,0,0,0,0,0,0,0,0,0,0,0,0,0,0,0,0,0,0,0,0,0,0,0,0,0,0,0,0,0,0,0,0,0,0,0,0,0,0,0,0,0,0,0,0,0,0,0,0,0,0,0,0,0,0,0,0,0,0,0,0,0,0,0,0,0,0,0,4,0,0,0,0,0,0,0,14,0,73,0,32,0,0,0,27,0,9,62,122,19,12,0,0,0,4,0,0,0,20,0,0,0,0,0,0,0,0,0,0,0,0,0,0,0,0,0,0,0,0,0,0,0,7,0,0,83,0,0,0,241,344,205,75,0,0,0
0,0,31,8,103,242,0,0,0,0,16,78,61,195,82,227,159,0,99,284,0,196,238,67,34,0,73,280,39,0,71,43,127,29,89,82,32,37,0,0,0,16,39,0,61,0,6,45,23,0,185,41,0,0,0,0,0,0,0,0,0,0,24,0,0,0,0,0,0,0,13,0,0,0,24,0,0,0,0,0,0,0,0,0,0,0,0,0,0,0,0,0,0,0,0,0,0,0,93,0,0,0,0,0,0,0,0,0,0,0,0,0,0,0,0,0,0,0,0,0,27,0,10,0,0,0,0,0,0,0,0,0,0,0,0,0,0,0,0,0,0,0,27,0,15,0,0,0,0,0,0,0,0,0,0,0,1,0,0,0,6,0,0,0,24,4,92,0,93,0,0,0,31,0,0,0,59,23,96,0,0,0,0,0,1,0,0,3,0,0,0,0,0,0,0,0,0,0,0,0,0,0,0,0,0,0,0,0,0,0,492,436,226,64,183,0,0,8,0,51,0,0,0,0,0
0,59,0,98,165,275,0,0,0,11,29,99,127,134,152,201,0,141,156,180,196,0,0,95,0,286,0,183,0,29,33,3,0,7,42,28,0,5,0,13,0,0,0,79,0,283,0,2,0,0,23,57,0,0,0,0,0,0,0,0,0,0,0,25,0,0,0,0,0,0,0,37,0,3,0,51,0,0,0,0,0,0,0,0,0,135,0,0,0,0,0,0,0,0,0,0,0,0,0,0,0,0,0,0,0,0,0,0,0,0,0,0,0,0,0,0,0,0,0,0,0,0,0,42,0,0,0,0,0,0,0,0,0,0,0,0,0,0,0,27,0,102,0,128,0,54,0,0,0,0,0,0,0,0,0,0,0,9,0,0,0,0,0,0,0,12,0,37,0,23,0,0,0,12,0,0,35,106,0,7,0,0,0,0,0,0,2,28,0,0,0,0,0,0,0,0,0,0,0,0,0,0,0,0,0,0,0,0,0,0,0,0,0,0,52,0,0,0,214,422,97,0,0,0,0
0,163,115,268,61,158,9,44,11,0,53,135,50,0,209,208,109,83,271,0,238,0,0,307,140,167,145,0,54,0,25,0,48,0,0,0,11,5,59,0,36,0,0,0,234,0,109,0,45,0,0,1,26,2,124,0,39,0,20,0,0,0,91,18,2,0,0,0,0,0,0,0,0,0,0,0,0,0,0,0,0,0,0,0,206,0,0,1,0,0,242,0,0,0,0,0,223,1,0,0,0,0,0,0,0,0,0,0,0,0,0,0,0,0,0,0,0,0,0,0,0,0,0,0,44,0,0,0,20,0,31,0,0,0,55,0,140,0,0,0,48,0,217,0,0,0,24,0,62,0,0,0,9,0,28,0,0,0,0,0,40,0,0,0,0,0,14,0,27,0,0,0,51,4,0,0,88,39,9,0,0,1,13,0,16,0,35,0,0,0,0,0,0,0,0,0,0,0,0,0,125,0,0,0,0,0,0,0,9,0,283,266,47,0,115,0,0,0,0,13,0,0,0,0,0
112,44,169,126,140,90,0,29,0,12,118,44,5,0,146,72,32,81,0,10,67,95,307,0,103,102,0,10,3,145,20,3,30,34,0,3,0,26,0,35,0,0,0,7,0,3,0,0,0,0,0,0,0,4,0,6,0,10,0,0,0,14,0,92,0,0,0,0,0,0,0,0,0,0,0,40,0,0,0,0,0,230,0,0,0,266,0,65,0,0,0,37,0,0,0,0,0,60,0,115,0,190,0,0,0,0,0,0,0,0,0,0,0,0,0,0,0,0,0,0,0,74,0,45,0,0,0,0,0,0,0,0,0,11,0,48,0,19,0,34,0,72,0,161,0,8,0,0,0,0,0,0,0,0,0,0,0,0,0,0,1,0,0,0,0,3,1,17,0,0,0,5,0,37,0,0,0,47,8,0,0,3,0,2,0,0,0,0,0,0,0,0,0,0,0,0,0,0,0,0,0,0,0,0,0,0,0,0,0,0,0,0,0,0,34,0,0,0,177,878,81,25,0,0,0
40,225,88,171,17,0,249,304,54,217,46,0,0,0,26,26,128,106,26,0,34,0,140,103,0,669,0,0,27,0,2,0,8,0,0,0,0,0,41,0,5,0,1,0,52,3,21,0,15,0,0,0,63,34,283,184,77,0,39,0,16,0,83,147,0,0,0,11,0,0,0,0,0,0,6,0,0,0,0,0,27,0,0,0,119,0,0,0,0,0,214,0,0,0,0,0,197,0,0,0,0,0,0,0,0,0,272,0,0,0,0,0,0,0,0,0,0,0,0,0,0,0,0,0,61,0,0,0,0,0,105,0,0,0,86,0,227,0,0,0,0,0,381,0,0,0,11,0,45,0,0,0,0,0,88,0,0,0,37,0,141,0,0,0,0,0,4,0,0,0,4,0,58,0,0,0,85,51,0,0,0,0,51,26,5,0,4,0,0,0,0,0,0,0,0,0,0,0,0,0,193,0,0,0,0,0,0,0,19,0,147,117,65,0,94,0,8,13,0,0,0,0,0,0,0
293,72,239,48,0,5,194,97,134,130,6,2,0,0,0,90,108,194,0,60,0,286,167,102,669,0,0,55,5,77,0,29,1,21,0,14,0,0,33,36,0,0,0,23,0,0,0,0,3,0,0,0,3,12,35,88,0,53,0,73,14,51,113,105,0,0,0,25,0,0,0,0,0,0,0,0,0,0,0,0,0,55,0,0,0,91,0,0,0,0,0,31,0,0,0,0,0,0,0,79,0,0,0,0,0,0,0,0,0,0,0,0,0,0,0,0,0,0,0,0,0,0,1,0,0,0,0,0,0,10,0,0,0,13,0,57,0,53,0,90,0,79,0,126,0,0,0,1,1,3,0,0,0,1,0,3,0,0,0,15,0,4,0,0,0,0,0,0,4,0,0,13,12,46,0,0,59,45,0,1,0,0,0,29,0,8,0,0,0,0,0,0,0,0,0,0,0,0,0,0,0,0,0,0,0,0,0,0,0,3,20,0,0,0,84,0,0,0,190,81,84,78,0,0,0
0,0,139,0,81,0,0,0,0,0,0,0,155,116,115,0,96,0,81,116,73,0,145,0,0,0,0,620,17,0,8,3,0,0,78,0,11,0,0,0,74,174,262,30,273,104,70,241,57,13,218,53,0,0,0,0,0,0,0,0,0,0,0,0,0,0,0,0,0,0,16,0,0,0,28,0,0,0,0,0,0,0,0,0,0,0,0,0,0,0,0,0,0,0,0,0,0,0,0,0,0,0,0,0,0,0,0,0,0,0,0,0,0,0,0,0,0,0,0,0,0,0,0,0,0,0,0,0,0,0,0,0,0,0,0,0,0,0,0,0,0,0,0,0,0,0,0,0,0,0,0,0,0,0,0,0,0,0,0,0,0,0,0,0,28,12,0,2,0,0,0,0,0,0,0,0,21,57,4,0,0,0,0,0,0,0,248,7,0,0,0,0,0,0,0,0,0,0,0,0,0,0,0,0,0,0,0,0,0,0,0,221,119,0,0,0,0,35,0,29,4,0,0,0,0
0,207,0,78,59,410,0,0,0,0,0,151,495,104,38,76,0,19,641,173,280,183,0,10,0,55,620,0,0,8,10,1,0,0,92,71,0,19,0,0,223,75,92,165,48,310,51,261,0,63,147,220,0,0,0,0,0,0,0,0,0,0,0,0,0,0,0,0,0,0,0,0,0,0,0,0,0,0,0,0,0,0,0,0,0,0,0,0,0,0,0,7,0,0,0,0,0,0,0,0,0,0,0,0,0,0,1,0,0,0,0,0,0,0,0,0,0,0,0,0,0,0,0,0,0,0,0,0,0,0,0,0,0,0,0,0,0,0,0,0,0,0,0,64,0,14,0,0,0,0,0,0,0,0,0,0,0,0,0,0,0,0,0,0,0,23,0,0,0,0,0,0,0,0,0,0,27,185,0,6,0,0,0,0,0,0,65,22,0,0,0,0,0,0,0,0,0,0,0,0,0,0,0,0,0,0,0,0,0,0,0,19,0,0,37,0,0,0,66,642,152,0,0,0,7
36,0,170,3,22,0,0,0,0,0,24,0,0,0,7,3,88,1,10,0,39,0,54,3,27,5,17,0,0,0,25,0,26,0,104,0,26,0,23,0,0,0,20,0,66,0,0,0,0,0,20,0,0,0,2,0,3,0,0,0,16,0,3,0,0,0,0,0,0,0,34,0,0,0,80,0,0,0,0,0,66,0,0,0,0,0,98,0,0,0,13,0,0,0,0,0,0,0,0,0,0,0,0,0,0,0,0,0,0,0,0,0,0,0,0,0,0,0,0,0,51,0,11,0,0,0,0,0,0,0,0,0,0,0,0,0,19,0,0,0,46,0,48,0,38,0,0,0,0,0,0,0,0,0,6,0,1,0,13,0,0,0,0,0,0,0,0,0,4,0,0,0,0,0,0,0,14,0,0,0,0,0,16,0,1,0,0,0,0,0,0,0,0,0,0,0,0,0,0,0,0,0,0,0,0,0,0,0,0,0,38,57,0,0,0,0,0,0,0,0,0,0,0,0,0
0,0,0,105,2,0,0,20,0,3,0,0,0,0,0,3,0,36,0,4,0,29,0,145,0,77,0,8,0,0,0,19,0,119,0,18,0,1,0,5,0,0,0,35,0,0,0,0,0,1,0,16,0,5,0,9,0,0,0,7,0,7,0,29,0,0,0,0,0,0,0,16,0,0,0,20,0,0,0,0,0,103,0,0,0,106,0,42,0,0,0,0,0,0,0,0,0,0,0,35,0,0,0,0,0,0,0,0,0,0,0,0,0,0,0,0,0,0,0,0,0,80,0,37,0,0,0,0,0,3,0,0,0,18,0,29,0,22,0,154,0,283,0,247,0,48,0,0,0,0,0,0,0,0,0,21,0,0,0,24,0,0,0,0,0,0,0,0,0,0,0,3,0,4,0,0,0,0,0,0,0,0,0,0,0,0,0,0,0,0,0,0,0,0,0,0,0,0,0,0,0,0,0,0,0,0,0,0,0,0,0,0,0,0,0,0,0,0,0,33,3,0,0,0,0
0,0,32,0,103,0,0,0,0,0,0,13,0,12,53,64,35,0,17,27,71,33,25,20,2,0,8,10,25,0,0,0,10,10,98,0,20,0,4,0,0,0,32,0,7,0,0,0,0,0,46,0,0,0,0,0,0,0,0,0,0,0,3,0,0,0,0,0,0,0,0,0,0,0,4,0,0,0,0,0,0,0,2,0,0,0,11,0,0,0,1,0,0,0,0,0,0,0,20,0,0,0,0,0,0,0,2,0,0,0,0,0,0,0,0,0,0,0,0,0,0,0,1,0,0,0,0,0,0,0,0,0,0,0,0,0,0,0,24,0,6,0,0,0,9,0,0,0,0,0,0,0,0,0,1,0,0,0,0,0,0,0,0,0,0,0,37,0,0,0,0,0,11,0,0,0,21,0,46,0,0,0,0,0,0,0,0,0,0,0,0,0,0,0,0,0,0,0,0,0,0,0,0,0,0,0,0,0,0,0,81,104,50,0,0,0,0,0,0,0,0,0,0,0,0
0,0,0,0,0,61,0,0,0,0,0,26,16,0,69,14,0,22,0,27,43,3,0,3,0,29,3,1,0,19,0,0,0,0,0,1,0,13,0,1,0,0,0,4,0,0,0,0,0,0,0,4,0,1,0,0,0,0,0,0,0,0,0,7,0,0,0,0,0,0,0,0,0,0,0,23,0,0,0,0,0,0,0,0,0,47,0,0,0,0,0,0,0,0,0,0,0,0,0,0,0,0,0,0,0,0,0,0,0,0,0,0,0,0,0,0,0,0,0,0,0,40,0,0,0,0,0,0,0,0,0,0,0,0,0,0,0,0,0,0,0,48,0,64,0,26,0,0,0,0,0,0,0,2,0,0,0,0,0,0,0,0,0,1,0,0,0,21,0,0,0,6,0,5,0,0,0,21,0,0,0,0,0,0,0,0,0,0,0,0,0,0,0,0,0,0,0,0,0,0,0,0,0,0,0,0,0,0,0,0,0,0,0,0,20,0,0,0,72,208,27,0,0,0,0
42,0,149,0,136,0,0,0,0,0,127,16,0,2,31,60,144,0,0,0,127,0,48,30,8,1,0,0,26,0,10,0,0,6,12,0,296,0,0,0,0,0,10,0,10,0,0,0,0,0,7,0,0,0,0,0,0,0,0,0,0,0,1,0,0,0,0,0,0,0,6,0,0,0,12,0,1,0,0,0,0,0,0,0,0,0,0,0,0,0,0,0,0,0,0,0,0,0,0,0,0,0,0,0,0,0,0,0,0,0,0,0,0,0,0,0,0,0,0,0,0,0,0,0,0,0,0,0,0,0,0,0,1,0,0,0,0,0,11,0,0,0,0,0,0,0,0,0,0,0,0,0,0,0,0,0,0,0,0,0,0,0,4,0,0,0,80,0,34,0,0,0,27,0,0,0,0,0,26,0,0,0,0,0,0,0,0,0,0,0,0,0,0,0,0,0,0,0,0,0,0,0,0,0,0,0,0,0,0,0,139,240,90,23,43,0,0,0,0,0,0,0,0,0,0
0,84,0,360,0,194,0,39,0,0,0,145,0,0,48,61,0,42,0,0,29,7,0,34,0,21,0,0,0,119,10,0,6,0,0,1,0,116,0,0,0,0,0,1,0,0,0,0,0,0,0,2,0,0,0,0,0,0,0,0,0,4,0,22,0,0,0,0,0,0,0,8,0,0,0,23,0,0,0,0,0,0,0,0,0,76,0,38,0,0,0,0,0,0,0,0,0,0,0,0,0,62,0,0,0,0,0,0,0,0,0,0,0,0,0,0,0,0,0,0,0,69,0,20,0,3,0,0,0,0,0,0,0,0,0,0,0,0,0,8,0,42,0,111,0,16,0,0,0,0,0,0,0,0,0,0,0,4,0,2,0,0,0,0,0,0,0,49,0,0,0,0,0,12,0,0,0,15,0,0,0,0,0,1,0,0,0,0,0,0,0,0,0,0,0,0,0,0,0,0,0,0,0,0,0,0,0,0,0,0,0,0,0,0,13,0,0,0,37,337,86,19,0,0,0
0,0,0,0,59,0,0,0,0,0,0,3,221,38,23,12,19,0,253,80,89,42,0,0,0,0,78,92,104,0,98,0,12,0,0,0,85,0,7,0,0,0,16,0,13,0,0,0,7,0,41,0,0,0,2,0,0,0,0,0,0,0,0,0,0,0,0,0,0,0,0,0,0,0,0,0,0,0,0,0,0,0,0,0,0,0,0,0,0,0,0,0,0,0,0,0,0,0,0,0,0,0,0,0,0,0,0,0,0,0,0,0,0,0,0,0,0,0,0,0,0,0,0,0,0,0,0,0,0,0,0,0,0,0,0,0,0,0,0,0,0,0,0,0,9,0,0,0,0,0,0,0,0,0,0,0,0,0,0,0,0,0,0,0,24,0,24,0,34,0,0,0,0,0,0,0,56,0,87,0,0,0,0,0,0,0,0,0,0,0,0,0,0,0,0,0,0,0,0,0,0,0,0,0,0,0,0,0,0,0,0,235,120,0,43,0,3,0,0,17,0,0,0,0,0
0,0,0,0,0,130,0,0,0,0,0,52,55,234,0,14,0,0,78,130,82,28,0,3,0,14,0,71,0,18,0,1,0,1,0,0,0,79,0,2,0,0,0,2,0,5,0,2,0,0,0,9,0,0,0,0,0,0,0,0,0,0,0,0,0,0,0,0,0,0,0,0,0,0,0,25,0,0,0,0,0,96,0,0,0,0,0,0,0,0,0,0,0,0,0,0,0,0,0,0,0,0,0,0,0,0,0,0,0,0,0,0,0,0,0,0,0,0,0,0,0,56,0,0,0,0,0,0,0,0,0,0,0,0,0,0,0,0,0,17,0,49,0,57,0,26,0,2,0,0,0,0,0,0,0,0,0,11,0,0,0,0,0,0,0,13,0,61,0,14,0,7,0,18,0,0,19,59,0,4,0,0,0,0,0,0,0,0,0,0,0,0,0,0,0,0,0,0,0,0,0,0,0,0,0,0,0,0,0,0,0,0,0,0,61,0,0,0,210,355,165,47,0,0,0
15,0,31,0,87,0,0,0,0,0,0,0,0,14,46,0,15,0,15,0,32,0,11,0,0,0,11,0,26,0,20,0,296,0,85,0,0,0,41,0,0,1,32,0,27,0,0,0,7,0,47,0,0,0,4,0,8,0,0,0,16,0,12,0,4,0,0,0,0,0,81,0,13,0,104,0,0,0,0,0,94,0,0,0,0,0,138,0,0,0,0,0,0,0,0,0,0,0,124,0,72,0,0,0,0,0,0,0,0,0,0,0,0,0,0,0,0,0,0,0,64,0,19,0,0,0,0,0,0,0,0,0,8,0,0,0,19,0,113,0,98,0,0,0,173,0,0,0,0,0,0,0,0,0,7,0,19,0,15,0,0,0,16,0,13,0,35,0,105,0,12,0,48,0,0,0,9,0,15,0,0,0,17,0,2,0,5,0,0,0,0,0,0,0,0,0,0,0,0,0,0,0,0,0,0,0,0,0,0,0,92,91,134,46,79,0,3,2,0,5,0,0,0,0,0
0,198,0,154,0,147,0,43,0,0,11,141,0,0,45,76,0,16,0,41,37,5,5,26,0,0,0,19,0,1,0,13,0,116,0,79,0,0,0,0,0,0,0,8,0,14,0,0,0,1,0,28,0,2,0,0,0,3,0,0,0,42,0,15,0,0,0,0,0,0,0,12,0,0,0,0,0,0,0,0,0,192,0,0,0,69,0,41,0,0,0,0,0,0,0,0,0,0,0,0,0,0,0,0,0,0,0,0,0,0,0,0,0,0,0,0,0,0,0,0,0,71,0,27,0,0,0,0,0,0,0,0,0,0,0,0,0,13,0,15,0,42,0,49,0,48,0,0,0,0,0,0,0,0,0,0,0,39,0,0,0,0,0,0,0,0,0,75,0,18,0,23,0,47,0,0,8,15,0,0,0,0,0,0,0,0,0,0,0,0,0,0,0,0,0,0,0,0,0,0,0,0,0,0,0,0,0,0,0,0,0,0,0,0,0,0,0,0,50,195,129,24,0,0,0
312,0,310,0,0,0,129,0,56,4,23,0,0,0,0,0,108,8,0,0,0,0,59,0,41,33,0,0,23,0,4,0,0,0,7,0,41,0,0,0,0,0,2,0,2,0,0,0,0,0,1,0,9,0,5,0,0,0,0,0,7,0,6,0,0,0,0,0,0,0,0,0,0,0,0,0,0,0,0,0,0,0,4,0,0,0,0,0,0,0,0,0,0,0,0,0,0,0,0,0,0,0,0,0,0,0,0,0,0,0,0,0,0,0,0,0,0,0,0,0,0,0,1,0,0,0,0,0,2,0,0,0,0,0,0,0,0,0,46,0,19,0,8,0,16,0,0,0,0,0,0,0,0,0,4,0,11,0,4,0,0,0,0,0,0,0,35,0,2,0,3,0,49,0,0,0,42,0,1,0,0,0,238,0,16,0,0,0,0,0,0,0,0,0,0,0,0,0,0,0,0,0,0,0,0,0,0,0,0,0,15,125,8,0,0,0,0,0,0,0,0,0,0,0,0
0,133,0,266,0,0,0,0,0,0,1,0,0,0,0,16,0,96,0,6,0,13,0,35,0,36,0,0,0,5,0,1,0,0,0,2,0,0,0,0,0,0,0,9,0,0,0,0,1,0,0,7,0,0,0,12,0,0,0,0,0,3,0,13,0,0,0,0,0,0,0,0,0,0,0,0,0,0,0,0,0,0,0,0,0,0,0,0,0,0,0,0,0,0,0,0,0,0,0,0,0,0,0,0,0,0,0,0,0,0,0,0,0,0,0,0,0,0,0,0,0,0,0,0,0,0,0,0,0,0,0,0,0,0,0,0,0,0,0,32,0,25,0,0,0,45,0,0,0,0,0,0,0,0,0,9,0,0,0,5,0,0,0,1,0,0,0,0,0,0,0,0,0,3,0,0,0,0,0,0,0,0,0,9,0,0,0,0,0,0,0,0,0,0,0,0,0,0,0,0,0,0,0,0,0,0,0,0,0,8,0,0,0,0,15,0,0,0,0,104,20,0,0,0,0
0,0,171,0,77,0,0,0,0,0,41,0,39,32,21,0,0,0,6,0,0,0,36,0,5,0,74,223,0,0,0,0,0,0,0,0,0,0,0,0,0,139,130,10,109,160,88,238,151,84,85,14,0,0,0,0,0,0,0,0,0,0,0,0,0,0,0,0,0,0,0,0,0,0,0,0,0,0,0,0,0,0,0,0,0,0,0,0,0,0,0,0,0,0,0,0,0,0,0,0,0,0,0,0,0,0,0,0,0,0,0,0,0,0,0,0,0,0,0,0,0,0,0,0,0,0,0,0,0,0,0,0,0,0,0,0,0,0,0,0,0,0,0,0,0,0,0,0,0,0,0,0,0,0,0,0,0,0,0,0,0,0,0,0,11,0,0,0,0,0,0,0,0,0,0,0,20,66,13,0,0,0,11,0,0,0,90,0,0,0,0,0,0,0,0,0,0,0,0,0,0,0,0,0,0,0,0,0,0,0,0,131,26,0,0,0,0,27,0,70,0,0,0,0,0
0,0,1,0,0,33,0,0,0,0,0,69,34,67,0,0,0,0,36,14,16,0,0,0,0,0,174,75,0,0,0,0,0,0,0,0,1,0,0,0,139,0,18,55,38,103,45,285,6,89,27,107,0,0,0,0,0,0,0,0,0,0,0,0,0,0,0,0,0,4,0,0,0,0,0,0,0,0,0,0,0,0,0,0,0,0,0,0,0,0,0,0,0,0,0,0,0,0,0,0,1,0,0,0,0,0,0,0,0,0,0,0,0,0,0,0,0,0,0,0,0,0,0,0,0,0,0,0,0,0,0,0,0,0,0,0,0,0,0,0,0,0,0,0,0,0,0,0,0,0,0,0,0,0,0,0,0,0,0,0,0,0,0,0,0,69,0,1,0,8,0,0,0,0,0,0,1,82,0,26,0,0,0,0,0,0,21,2,0,0,0,0,0,0,0,0,0,0,0,0,0,0,0,0,0,0,0,0,0,0,0,14,0,0,0,0,0,0,0,53,19,0,0,0,5
0,0,0,0,0,0,0,0,1,0,0,0,108,0,0,0,2,0,66,0,39,0,0,0,1,0,262,92,20,0,32,0,10,0,16,0,32,0,2,0,130,18,0,0,100,0,40,51,39,0,41,0,0,0,0,0,6,0,14,0,0,0,0,0,0,0,6,0,0,0,20,0,7,0,13,0,0,0,0,0,0,0,0,0,0,0,15,0,0,0,5,0,0,0,0,0,0,0,0,0,0,0,0,0,0,0,0,0,0,0,0,0,0,0,0,0,0,0,0,0,0,0,0,0,0,0,0,0,0,0,0,0,0,0,0,0,0,0,0,0,0,0,0,0,9,0,0,0,0,0,0,0,0,0,0,0,0,0,0,0,0,0,6,0,18,4,30,0,0,2,0,0,32,0,0,0,6,0,0,0,0,0,0,0,0,0,122,0,0,0,0,0,0,0,0,0,0,0,0,0,0,0,0,0,0,0,0,0,0,0,30,78,43,5,9,0,0,16,0,0,0,0,0,0,0
0,0,0,0,0,21,0,0,0,2,0,0,0,133,0,12,0,10,0,28,0,79,0,7,0,23,30,165,0,35,0,4,0,1,0,2,0,8,0,9,10,55,0,0,0,163,0,67,0,28,0,17,0,2,0,0,0,0,0,0,0,0,0,0,0,0,0,0,0,0,0,0,0,3,0,0,0,0,0,0,0,80,0,0,0,0,0,23,0,0,0,0,0,0,0,0,0,0,0,0,0,0,0,0,0,0,0,0,0,0,0,0,0,0,0,0,0,0,0,0,0,38,0,0,0,0,0,0,0,0,0,0,0,0,0,0,0,0,0,12,0,32,0,29,0,22,0,0,0,0,0,0,0,0,0,0,0,7,0,0,0,0,0,0,0,6,0,4,0,0,0,14,0,29,0,0,0,13,0,0,0,0,0,0,0,0,0,14,0,0,0,0,0,0,0,0,0,0,0,0,0,0,0,0,0,0,0,0,0,0,0,0,0,0,15,0,0,0,37,234,74,16,0,0,2
0,0,139,0,19,0,0,0,11,0,2,3,8,4,43,0,212,0,17,0,61,0,234,0,52,0,273,48,66,0,7,0,10,0,13,0,27,0,2,0,109,38,100,0,0,45,295,59,193,50,56,0,0,0,0,0,0,0,0,0,8,0,22,0,0,0,10,0,31,0,98,0,18,0,124,0,12,0,32,0,0,0,0,0,0,0,174,0,0,0,0,0,0,0,0,0,0,1,0,0,0,0,0,0,0,0,0,0,0,0,0,0,0,0,0,0,0,0,0,0,89,0,0,0,0,0,0,0,0,0,0,0,0,0,0,0,0,0,34,0,0,0,0,0,72,0,0,0,0,0,0,0,0,0,7,0,0,0,0,0,0,0,18,0,45,4,59,0,66,0,19,0,51,0,0,0,0,12,0,0,4,0,0,0,8,0,56,0,0,0,0,0,0,0,10,0,0,0,0,0,0,0,0,0,0,0,0,0,0,0,89,143,76,48,79,0,8,54,0,10,0,0,0,0,0
0,46,0,28,0,137,0,0,0,0,0,60,43,22,0,30,0,10,29,80,0,283,0,3,3,0,104,310,0,0,0,0,0,0,0,5,0,14,0,0,160,103,0,163,45,0,77,383,16,264,21,76,0,1,0,0,0,0,0,0,0,11,0,0,0,0,0,0,0,17,0,36,0,0,0,0,0,11,0,0,0,0,0,23,0,0,0,0,0,5,0,0,0,18,0,73,0,0,0,0,0,0,0,7,0,0,0,0,0,0,0,0,0,0,0,0,0,0,0,0,0,0,0,0,0,0,0,0,0,0,0,0,0,0,0,0,0,0,0,0,0,46,0,0,0,59,0,0,0,0,0,0,0,0,0,0,0,0,0,0,0,0,0,4,0,84,0,23,0,35,0,8,0,30,0,0,0,62,0,2,0,0,0,0,0,0,17,40,0,0,0,0,0,0,0,0,0,0,0,0,0,0,0,0,0,0,0,0,0,0,0,14,0,0,21,0,0,2,47,486,94,15,0,5,64
0,0,178,0,76,0,9,0,6,0,27,0,42,0,58,0,0,0,25,0,6,0,109,0,21,0,70,51,0,0,0,0,0,0,0,0,0,0,0,0,88,45,40,0,295,77,0,73,220,73,23,4,0,0,0,0,0,0,0,0,0,0,0,0,0,0,0,0,0,0,0,0,0,0,0,0,0,0,0,0,0,0,0,0,0,0,0,0,0,0,0,0,0,0,0,0,0,0,0,0,0,0,0,0,0,0,0,0,0,0,0,0,0,0,0,0,0,0,0,0,0,0,0,0,0,0,0,0,0,0,0,0,0,0,0,0,0,0,0,0,2,0,0,0,0,0,0,0,0,0,0,0,0,0,0,0,0,0,0,0,0,0,0,0,11,5,3,0,0,0,0,0,0,0,0,0,17,20,10,0,14,0,12,0,15,0,69,0,0,0,0,0,0,0,0,0,0,0,0,0,0,0,0,0,0,0,0,0,0,0,9,102,47,0,0,0,0,51,0,30,0,0,0,0,0
0,0,0,0,0,64,0,0,0,0,0,114,70,117,0,0,0,0,72,10,45,2,0,0,0,0,241,261,0,0,0,0,0,0,0,2,0,0,0,0,238,285,51,67,59,383,73,0,18,103,0,64,0,0,0,0,0,0,0,0,0,0,0,0,0,0,0,0,0,0,0,0,0,0,0,0,0,0,0,0,0,0,0,0,0,0,0,0,0,0,0,0,0,0,0,0,0,0,0,0,2,0,0,0,0,0,0,0,0,0,0,0,0,0,0,0,0,0,0,0,0,0,0,0,0,0,0,0,0,0,0,0,0,0,0,0,0,0,0,0,0,0,0,0,0,0,0,0,0,0,0,0,0,0,0,0,0,0,0,0,0,0,0,0,0,31,0,0,0,0,0,0,0,0,0,0,3,142,0,4,0,0,0,0,0,0,39,8,0,0,0,0,0,0,0,0,0,0,0,0,0,0,0,0,0,0,0,0,0,0,0,36,0,0,0,0,0,0,0,231,45,0,0,0,18
19,0,62,0,26,0,69,0,44,0,15,0,26,0,0,0,42,0,9,0,23,0,45,0,15,3,57,0,0,0,0,0,0,0,7,0,7,0,0,1,151,6,39,0,193,16,220,18,0,77,28,0,64,0,94,0,242,0,199,0,22,0,15,3,0,1,73,0,41,0,13,0,24,0,19,0,22,0,17,0,0,0,81,0,0,0,62,0,0,0,21,0,64,0,61,4,23,0,35,0,36,0,74,0,0,0,24,0,0,0,0,0,0,0,0,0,5,0,0,0,0,0,0,0,0,0,0,0,0,0,87,0,0,0,33,0,19,0,5,0,0,0,31,0,16,5,0,0,11,3,29,0,0,0,27,0,24,0,0,0,113,0,30,0,21,16,13,0,67,5,25,0,26,0,31,0,39,4,19,1,30,0,0,0,9,0,138,0,75,0,100,0,217,0,32,0,26,0,0,0,0,0,75,1,73,0,0,0,45,0,163,316,203,31,127,70,76,23,0,32,0,0,0,0,1
0,0,0,0,0,64,0,5,0,0,0,98,0,31,1,0,0,1,0,0,0,0,0,0,0,0,13,63,0,1,0,0,0,0,0,0,0,1,0,0,84,89,0,28,50,264,73,103,77,0,0,12,0,2,0,1,0,0,0,0,0,0,0,2,0,0,0,0,0,33,0,0,0,0,0,0,0,5,0,0,0,12,0,20,0,0,0,0,0,5,0,0,0,49,0,31,0,0,0,0,0,4,0,18,0,0,0,0,0,0,0,0,0,0,0,0,0,0,0,0,0,0,0,0,0,0,0,0,0,0,0,0,0,0,0,3,0,0,0,0,0,0,0,0,0,5,0,0,0,0,0,0,0,0,0,0,0,2,0,0,0,0,0,0,0,103,0,14,0,23,0,0,0,1,0,6,0,135,0,14,0,7,0,7,0,0,10,40,0,5,0,2,0,0,0,1,0,0,0,0,0,0,0,1,0,0,0,2,0,0,0,13,0,0,7,0,0,1,20,80,35,4,10,17,28
0,0,0,0,40,0,0,0,0,0,0,0,297,45,37,0,20,0,117,63,185,23,0,0,0,0,218,147,20,0,46,0,7,0,41,0,47,0,1,0,85,27,41,0,56,21,23,0,28,0,0,0,0,0,0,0,6,0,12,0,0,0,5,0,0,0,4,0,0,0,11,0,18,0,15,0,16,0,0,0,14,0,32,0,0,0,41,0,0,0,0,0,0,0,0,0,0,0,24,0,29,0,14,0,0,0,0,0,0,0,0,0,0,0,0,0,1,0,0,0,0,0,0,0,0,0,0,0,0,0,0,0,0,0,0,0,0,0,0,0,8,0,0,0,15,0,0,0,0,0,0,0,0,1,2,0,0,0,0,0,4,0,0,0,22,0,13,1,157,0,3,0,37,0,0,0,22,15,31,0,0,0,0,0,0,0,142,3,0,0,0,0,0,0,0,0,0,0,0,0,0,0,0,0,0,0,0,0,0,0,57,189,116,36,56,0,3,9,0,5,0,0,0,0,0
0,0,0,0,0,50,0,0,0,0,0,25,32,373,0,12,0,4,68,114,41,57,1,0,0,0,53,220,0,16,0,4,0,2,0,9,0,28,0,7,14,107,0,17,0,76,4,64,0,12,0,0,0,0,0,0,0,0,0,0,0,12,0,2,0,0,0,0,0,0,0,42,0,0,0,68,0,2,0,19,0,180,0,0,0,51,0,54,0,0,0,0,0,0,0,0,0,0,0,0,0,30,0,0,0,0,0,0,0,0,0,0,0,0,0,0,0,0,0,0,0,0,0,25,0,0,0,0,0,0,0,0,0,0,0,0,0,0,0,0,0,26,0,46,0,57,0,0,0,0,0,0,0,0,0,0,0,14,0,0,0,0,0,6,0,10,0,38,0,73,0,29,0,54,0,0,0,26,0,0,0,0,0,0,0,0,6,35,0,0,0,0,0,0,0,0,0,0,0,0,0,0,0,0,0,0,0,0,0,0,0,0,0,0,32,0,0,0,80,166,166,25,0,0,4
0,0,0,0,0,0,82,6,203,52,0,0,0,0,0,0,84,0,0,0,0,0,26,0,63,3,0,0,0,0,0,0,0,0,0,0,0,0,9,0,0,0,0,0,0,0,0,0,64,0,0,0,0,71,241,158,227,82,201,100,37,0,84,0,0,7,71,184,0,0,0,0,0,0,3,0,0,0,0,0,26,0,0,0,104,0,13,0,0,0,56,0,0,0,0,0,63,0,78,0,0,0,0,0,0,0,0,0,0,0,0,0,0,0,0,0,0,0,0,0,20,0,13,0,0,0,0,0,58,0,0,0,18,0,4,0,100,2,159,0,89,0,136,0,12,0,0,0,0,0,0,0,0,0,228,8,60,0,185,5,46,4,0,0,14,0,0,0,72,0,103,0,12,0,0,0,34,0,0,0,0,0,7,0,183,4,0,0,0,0,0,0,0,0,0,0,0,0,0,0,0,0,0,0,0,0,0,0,0,0,181,324,153,217,165,3,77,15,7,0,0,0,0,0,0
0,52,1,0,0,0,0,0,168,143,0,1,0,0,0,0,4,85,0,0,0,0,2,4,34,12,0,0,0,5,0,1,0,0,0,0,0,2,0,0,0,0,0,2,0,1,0,0,0,2,0,0,71,0,144,57,0,65,110,86,2,38,41,72,0,2,45,42,0,0,0,0,0,0,0,0,0,0,0,0,0,0,0,0,0,45,0,0,0,0,0,0,0,0,0,0,0,0,0,34,0,35,0,0,0,0,0,0,0,0,0,0,0,0,0,0,0,0,0,0,0,0,0,0,0,0,0,0,0,13,0,0,0,0,0,24,0,28,0,231,0,117,0,128,0,23,0,0,0,0,0,0,0,0,0,121,0,165,0,60,0,11,0,3,0,0,0,0,0,9,0,49,0,22,0,0,7,39,0,0,0,0,0,2,2,13,0,0,0,0,0,0,0,0,0,0,0,0,0,0,0,0,0,0,0,0,0,0,0,0,5,4,0,0,163,0,0,0,200,626,55,145,0,44,0
6,0,47,0,0,0,178,0,156,258,0,0,0,0,0,0,13,0,0,0,0,0,124,0,283,35,0,0,2,0,0,0,0,0,2,0,4,0,5,0,0,0,0,0,0,0,0,0,94,0,0,0,241,144,0,488,109,46,158,89,37,0,92,114,7,0,18,210,0,0,0,0,0,0,0,0,0,0,0,0,0,0,0,0,0,0,0,0,0,0,0,0,0,0,0,0,0,0,0,0,0,0,0,0,0,0,0,0,0,0,0,0,0,0,0,0,0,0,0,0,0,0,0,0,26,0,0,0,0,0,40,0,0,0,38,0,128,0,0,0,0,0,104,0,0,0,0,0,0,0,0,0,0,0,81,0,13,0,29,0,137,0,0,0,0,0,0,0,69,0,108,0,34,0,0,0,39,8,0,0,0,0,4,1,34,2,0,0,0,0,0,0,0,0,0,0,0,0,0,0,0,0,0,0,0,0,0,0,0,0,547,122,229,341,357,0,0,32,0,0,0,0,0,0,0
0,66,0,186,0,0,115,338,729,223,0,0,0,0,0,51,11,17,0,0,0,0,0,6,184,88,0,0,0,9,0,0,0,0,0,0,0,0,0,12,0,0,0,0,0,0,0,0,0,1,0,0,158,57,488,0,0,360,238,496,0,6,177,23,0,30,107,294,0,0,0,0,0,0,0,0,0,0,0,0,0,0,0,0,0,53,0,0,0,0,0,0,0,0,0,0,0,0,0,0,0,0,0,0,0,0,0,0,0,0,0,0,0,0,0,0,0,0,0,0,0,0,0,0,0,0,0,0,0,20,0,12,0,0,0,51,0,110,0,125,0,67,0,97,0,0,0,0,0,6,0,0,0,0,2,27,0,24,0,43,0,26,0,0,0,2,0,0,0,9,0,78,0,11,0,0,38,154,0,0,0,0,0,0,9,44,0,0,0,0,0,0,0,0,0,0,0,0,0,0,0,0,0,0,0,0,0,0,0,1,30,0,0,0,189,0,0,0,202,215,110,216,0,80,0
0,0,15,0,6,0,88,0,295,20,0,0,0,0,0,0,35,0,0,0,0,0,39,0,77,0,0,0,3,0,0,0,0,0,0,0,8,0,0,0,0,0,6,0,0,0,0,0,242,0,6,0,227,0,109,0,0,64,369,0,21,0,8,5,32,42,136,157,0,0,0,0,0,0,0,0,0,0,0,0,0,0,0,0,0,0,0,0,0,0,0,0,0,0,0,1,0,0,1,0,0,0,0,0,0,0,0,0,0,0,0,0,0,0,0,0,0,0,0,0,0,0,0,0,17,0,2,0,16,0,184,0,0,0,16,0,74,0,6,4,12,0,56,0,0,3,1,0,13,0,0,2,0,0,260,49,65,0,112,27,236,57,127,0,0,0,10,0,218,0,113,0,43,0,2,6,33,0,1,0,0,0,0,0,22,8,0,0,0,0,0,0,0,0,0,0,0,0,0,0,0,0,0,0,0,0,0,0,0,0,640,240,436,538,738,38,399,31,0,0,0,0,0,0,0
0,8,0,19,0,0,0,26,72,28,0,2,0,0,0,21,1,30,0,0,0,0,0,10,0,53,0,0,0,0,0,0,0,0,0,0,0,3,0,0,0,0,0,0,0,0,0,0,0,0,0,0,82,65,46,360,64,0,162,520,0,0,7,18,25,14,104,259,0,0,0,0,0,0,0,0,0,0,0,0,0,0,0,0,0,11,0,0,0,0,0,0,0,0,0,0,0,0,0,0,0,0,0,0,0,0,0,0,0,0,0,0,0,0,0,0,0,0,0,0,0,0,0,0,0,3,0,0,0,35,0,45,0,42,0,22,0,100,0,139,0,54,0,54,0,0,0,0,0,1,0,0,0,0,33,356,0,22,0,68,8,160,0,19,0,0,0,0,0,43,0,184,0,0,0,16,19,26,0,0,0,0,0,0,15,117,0,0,0,0,0,0,0,0,0,0,0,0,0,0,0,0,0,0,0,0,0,0,0,4,4,0,0,0,299,0,0,0,206,126,136,311,0,62,0
12,0,10,0,0,0,135,0,620,74,0,0,4,0,0,0,6,0,0,0,0,0,20,0,39,0,0,0,0,0,0,0,0,0,0,0,0,0,0,0,0,0,14,0,0,0,0,0,199,0,12,0,201,110,158,238,369,162,0,161,0,0,34,24,158,18,320,422,0,0,0,0,0,0,0,0,0,0,0,0,0,0,0,0,0,1,0,0,0,0,0,0,0,0,0,0,0,0,0,0,0,0,0,0,0,0,0,0,0,0,0,0,0,0,0,0,0,0,0,0,0,0,0,0,17,0,0,0,0,0,68,0,0,0,0,0,9,0,0,0,0,0,0,0,0,0,0,0,13,0,0,0,0,0,129,26,96,0,0,0,42,0,0,0,22,0,14,0,109,0,115,0,41,0,0,0,101,3,0,0,1,0,0,0,108,22,2,0,0,0,0,0,0,0,0,0,0,0,0,0,0,0,0,0,0,0,0,0,3,0,774,300,294,0,670,37,0,30,0,0,0,0,0,0,0
0,17,0,65,0,0,0,169,0,115,0,0,0,0,0,38,0,12,0,0,0,0,0,0,0,73,0,0,0,7,0,0,0,0,0,0,0,0,0,0,0,0,0,0,0,0,0,0,0,0,0,0,100,86,89,496,0,520,161,0,0,0,39,0,6,274,131,408,0,7,0,0,0,0,0,0,0,6,0,0,0,0,0,0,0,0,0,0,0,0,0,0,0,0,0,0,0,0,0,2,0,0,0,0,0,0,0,0,0,0,0,0,0,0,0,0,0,0,0,0,0,0,0,0,0,10,0,0,0,7,0,96,0,8,0,12,0,26,0,2,0,0,0,4,0,0,0,0,0,7,0,0,0,0,11,113,1,115,0,0,0,41,0,0,0,10,0,0,0,92,0,313,0,41,0,0,0,37,0,0,0,0,0,0,9,0,0,0,0,0,0,0,0,0,0,0,0,0,0,0,0,0,0,0,0,0,0,0,0,3,0,0,0,0,926,0,0,0,731,181,337,836,0,0,14
142,0,27,0,0,0,147,0,339,5,0,0,0,0,0,0,29,0,0,0,0,0,0,0,16,14,0,0,16,0,0,0,0,0,0,0,16,0,7,0,0,0,0,0,8,0,0,0,22,0,0,0,37,2,37,0,21,0,0,0,0,0,46,0,0,0,0,0,0,0,8,0,0,0,14,0,0,0,0,0,0,0,0,0,0,0,0,0,0,0,0,0,0,0,0,0,0,0,0,0,0,0,0,0,0,0,0,0,0,0,0,0,0,0,0,0,0,0,0,0,0,0,9,0,0,0,0,0,0,0,0,0,0,0,0,0,0,0,92,0,50,0,0,0,104,0,0,0,0,0,0,0,0,0,29,0,79,0,10,0,0,0,0,0,5,0,0,0,23,0,87,0,99,0,0,1,19,0,0,0,0,0,77,0,12,0,0,0,0,0,0,0,0,0,0,0,0,0,0,0,0,0,0,0,0,0,0,0,0,0,41,263,61,59,34,0,6,9,0,0,0,0,0,0,0
0,366,0,101,0,0,0,185,0,112,0,0,0,0,0,7,0,29,0,0,0,0,0,14,0,51,0,0,0,7,0,0,0,4,0,0,0,42,0,3,0,0,0,0,0,11,0,0,0,0,0,12,0,38,0,6,0,0,0,0,0,0,2,28,0,0,0,0,0,0,0,0,0,0,0,0,0,0,0,0,0,0,0,0,0,2,0,0,0,0,0,0,0,0,0,0,0,0,0,0,0,0,0,0,0,0,0,0,0,0,0,0,0,0,0,0,0,0,0,0,0,0,0,0,0,0,0,0,0,0,0,0,0,0,0,0,0,8,0,14,0,0,0,0,0,22,0,0,0,6,0,0,0,0,0,0,0,100,0,3,0,0,0,0,0,0,0,0,0,0,0,26,0,71,0,0,2,16,0,3,1,0,0,22,0,0,0,0,0,0,0,0,0,0,0,0,0,0,0,0,0,0,0,0,0,0,0,0,0,0,0,0,0,0,97,0,0,0,220,270,165,127,0,43,0
151,0,35,0,0,0,433,57,578,95,1,0,4,0,0,0,296,7,0,0,24,0,91,0,83,113,0,0,3,0,3,0,1,0,0,0,12,0,6,0,0,0,0,0,22,0,0,0,15,0,5,0,84,41,92,177,8,7,34,39,46,2,0,69,0,0,0,23,0,0,35,0,0,0,79,0,0,0,0,0,0,0,0,0,54,0,82,0,0,0,13,0,0,0,0,0,0,0,0,0,34,0,0,0,0,0,0,0,0,0,0,0,0,0,0,0,0,0,0,0,0,0,20,0,0,0,0,0,0,0,0,0,13,0,0,0,39,3,97,0,87,0,84,0,28,0,0,0,0,0,0,0,0,0,43,0,8,0,32,0,0,0,0,0,0,0,0,0,15,0,27,0,24,0,0,0,93,16,0,0,0,0,72,3,67,0,0,0,0,0,0,0,0,0,0,0,0,0,0,0,4,0,0,0,0,0,0,0,0,1,56,208,45,56,42,0,0,12,0,1,0,0,0,3,0
28,199,21,95,0,7,0,202,125,199,0,0,0,0,0,0,14,268,0,0,0,25,18,92,147,105,0,0,0,29,0,7,0,22,0,0,0,15,0,13,0,0,0,0,0,0,0,0,3,2,0,2,0,72,114,23,5,18,24,0,0,28,69,0,0,0,0,0,0,0,0,0,0,1,0,0,0,0,0,0,0,0,0,0,0,0,0,0,0,0,0,0,0,0,0,0,0,0,0,0,0,0,0,0,0,0,0,0,0,0,0,0,0,0,0,0,0,0,0,0,0,0,0,0,0,0,0,0,0,0,0,0,0,0,0,0,0,6,0,66,0,38,0,38,0,16,0,0,0,0,0,0,0,0,0,21,0,3,0,23,0,2,0,1,0,0,0,3,0,0,0,13,0,0,0,0,5,30,0,0,0,0,0,23,0,0,0,0,0,0,0,0,0,0,0,0,0,0,0,0,0,0,0,0,0,0,0,4,0,0,0,0,0,0,81,0,0,0,207,803,50,70,0,21,0
0,0,0,0,0,0,68,0,50,0,15,0,0,0,0,0,0,0,0,0,0,0,2,0,0,0,0,0,0,0,0,0,0,0,0,0,4,0,0,0,0,0,0,0,0,0,0,0,0,0,0,0,0,0,7,0,32,25,158,6,0,0,0,0,0,21,133,0,0,0,0,0,0,2,0,0,0,0,0,0,0,0,0,0,0,0,0,0,0,0,0,0,0,0,0,0,0,0,0,0,0,0,0,0,0,0,0,0,0,0,0,0,0,0,0,0,0,0,0,0,0,0,0,0,7,0,0,0,0,0,23,0,0,0,0,0,0,0,0,0,0,0,0,0,12,0,0,0,58,0,0,0,0,0,41,19,20,0,17,0,160,21,0,0,0,0,0,0,3,0,4,0,0,0,14,4,43,0,7,0,25,0,3,0,114,2,4,0,0,0,0,0,0,0,0,0,0,0,0,0,0,0,0,0,0,0,0,0,0,0,67,28,0,0,72,0,0,0,0,0,0,0,0,0,0
0,102,0,6,0,11,0,6,0,198,0,10,0,0,0,0,0,0,0,0,0,0,0,0,0,0,0,0,0,0,0,0,0,0,0,0,0,0,0,0,0,0,0,0,0,0,0,0,1,0,0,0,7,2,0,30,42,14,18,274,0,0,0,0,21,0,29,161,0,0,0,29,0,20,0,26,0,0,0,0,0,0,0,0,0,0,0,0,0,0,0,0,0,0,0,0,0,0,0,0,0,0,0,0,0,0,0,0,0,0,0,0,0,0,0,0,0,0,0,0,0,0,0,0,0,35,0,25,0,0,0,76,0,0,0,0,0,6,21,59,0,0,0,0,13,138,0,17,0,237,0,30,0,11,62,106,0,19,42,71,69,162,0,94,0,0,0,0,0,43,0,0,0,0,0,172,11,2,0,0,11,21,0,17,10,185,0,0,0,0,0,2,0,0,0,0,0,0,0,0,0,0,0,0,0,0,0,7,0,38,1,0,0,0,164,0,0,0,153,47,112,0,0,0,0
36,0,0,0,2,0,273,0,173,0,15,0,0,0,0,0,0,0,0,0,0,0,0,0,0,0,0,0,0,0,0,0,0,0,0,0,0,0,0,0,0,0,6,0,10,0,0,0,73,0,4,0,71,45,18,107,136,104,320,131,0,0,0,0,133,29,0,134,0,0,0,0,0,0,0,0,0,0,0,0,0,0,0,0,0,0,0,0,0,0,0,0,2,0,0,0,0,0,0,0,0,0,0,0,0,0,0,0,0,0,0,0,0,0,0,0,0,0,0,0,0,0,0,0,67,0,15,0,0,0,198,0,0,0,1,0,0,0,0,0,0,0,0,0,1,0,12,0,263,0,0,0,1,0,97,40,71,0,0,11,89,0,0,0,0,0,4,0,38,1,0,0,10,0,1,8,214,0,0,0,0,0,2,0,522,18,0,0,0,0,0,0,0,0,0,0,1,0,0,0,0,0,0,0,0,0,3,0,9,0,297,115,73,255,271,15,142,0,3,0,0,0,0,0,0
1,45,0,34,0,0,0,32,138,162,0,0,0,0,0,0,4,0,0,0,0,0,0,0,11,25,0,0,0,0,0,0,0,0,0,0,0,0,0,0,0,0,0,0,0,0,0,0,0,0,0,0,184,42,210,294,157,259,422,408,0,0,23,0,0,161,134,0,0,0,0,0,0,0,0,0,0,0,0,0,0,0,0,0,0,0,0,0,0,1,0,0,0,0,0,0,0,0,0,0,0,0,0,0,0,0,0,0,0,0,0,0,0,0,0,0,0,0,0,0,0,0,0,0,0,46,0,4,0,0,0,83,0,1,2,0,0,19,0,0,0,0,0,0,0,31,0,6,2,63,0,0,0,3,26,184,0,145,0,43,15,70,0,0,0,6,0,0,0,94,0,277,0,28,0,36,33,145,0,0,0,0,0,6,32,472,0,0,0,0,0,0,0,0,0,0,0,0,0,0,0,0,0,0,0,0,0,0,0,21,4,0,0,0,1012,0,0,0,727,235,305,876,0,157,0
0,0,0,0,0,0,0,0,0,0,0,0,0,0,0,0,0,0,0,0,0,0,0,0,0,0,0,0,0,0,0,0,0,0,0,0,0,0,0,0,0,0,0,0,31,0,0,0,41,0,0,0,0,0,0,0,0,0,0,0,0,0,0,0,0,0,0,0,0,0,6,0,14,0,0,0,104,0,35,0,0,3,53,0,0,0,0,0,5,0,0,0,43,0,25,0,38,0,0,0,23,0,183,0,0,0,0,0,19,0,0,0,26,0,79,0,17,0,0,0,0,0,0,0,0,0,0,0,0,0,0,0,0,0,0,0,0,0,0,0,0,0,0,0,0,0,0,2,0,0,0,0,0,0,1,0,0,0,0,0,0,0,0,0,41,0,0,0,57,0,0,0,0,0,8,0,0,0,0,0,0,0,0,0,0,0,0,0,0,0,0,0,0,0,51,0,0,0,0,0,0,0,0,0,0,0,0,0,0,0,156,0,46,0,0,151,169,0,0,0,0,0,0,1,0
0,0,0,0,0,0,0,0,0,0,0,0,0,0,0,0,0,0,0,0,0,0,0,0,0,0,0,0,0,0,0,0,0,0,0,0,0,0,0,0,0,4,0,0,0,17,0,0,0,33,0,0,0,0,0,0,0,0,0,7,0,0,0,0,0,0,0,0,0,0,0,0,0,0,0,0,0,45,0,1,0,14,0,82,0,1,0,11,0,13,0,0,0,48,0,186,0,0,0,0,0,18,0,324,0,0,0,13,0,45,0,40,0,24,0,8,0,3,0,0,0,0,0,0,0,0,0,0,0,0,0,0,0,0,0,0,0,0,0,0,0,0,0,0,0,0,0,0,0,0,0,0,4,2,0,0,0,0,0,0,0,0,0,0,0,29,0,0,0,33,0,5,0,0,0,0,0,9,0,0,0,0,0,0,0,0,0,0,0,0,0,0,0,0,0,0,0,0,0,0,0,0,0,0,0,0,0,0,0,0,0,0,0,0,0,0,0,0,43,27,114,6,84,128,14
0,0,0,0,0,0,0,0,0,0,0,0,0,0,0,0,50,0,0,0,13,0,0,0,0,0,16,0,34,0,0,0,6,0,0,0,81,0,0,0,0,0,20,0,98,0,0,0,13,0,11,0,0,0,0,0,0,0,0,0,8,0,35,0,0,0,0,0,6,0,0,0,146,0,149,0,13,0,201,0,0,0,13,0,0,0,43,0,0,0,0,0,0,0,3,0,0,0,1,0,0,0,0,0,0,0,0,0,0,0,0,0,0,0,0,0,0,0,0,0,4,0,8,0,0,0,0,0,0,0,7,9,10,0,30,0,31,0,2,0,34,0,42,0,68,0,0,0,0,2,32,0,0,0,0,0,16,0,0,0,0,0,61,0,0,0,25,0,13,0,19,0,33,0,14,0,0,0,0,0,0,6,0,0,0,0,9,0,0,0,0,0,0,0,0,0,13,0,0,0,5,0,0,0,0,0,0,0,54,0,14,9,8,0,4,0,0,0,0,0,0,0,0,0,0
0,14,0,12,0,0,0,0,0,0,0,10,0,0,0,6,0,0,0,18,0,37,0,0,0,0,0,0,0,16,0,0,0,8,0,0,0,12,0,0,0,0,0,0,0,36,0,0,0,0,0,42,0,0,0,0,0,0,0,0,0,0,0,0,0,29,0,0,0,0,0,0,0,61,0,169,0,37,0,3,0,0,0,0,0,0,0,27,0,0,0,0,0,0,0,0,0,0,0,0,0,0,0,0,0,0,0,0,0,0,0,0,0,0,0,0,0,0,0,0,2,0,0,4,41,100,0,0,0,0,0,88,0,0,0,0,0,5,0,0,0,20,0,6,12,41,0,0,0,0,0,12,0,0,0,0,0,0,12,0,9,0,0,50,0,0,0,9,0,2,0,13,0,21,0,44,0,6,0,0,25,0,0,0,0,8,0,0,0,0,0,0,0,0,0,0,0,0,0,0,0,0,0,0,0,0,0,0,0,0,0,0,0,0,0,0,0,0,34,13,11,6,0,0,0
0,0,0,0,0,0,0,0,0,0,0,0,0,0,5,0,0,0,0,0,0,0,0,0,0,0,0,0,0,0,0,0,0,0,0,0,13,0,0,0,0,0,7,0,18,0,0,0,24,0,18,0,0,0,0,0,0,0,0,0,0,0,0,0,0,0,0,0,14,0,146,0,0,0,41,8,41,0,53,0,0,20,19,0,12,0,43,0,0,0,0,0,2,0,3,0,22,0,0,0,2,0,0,0,0,0,0,0,0,0,0,0,0,0,0,0,0,0,0,0,16,0,22,0,16,9,25,0,4,0,5,0,45,0,59,0,32,0,3,0,31,0,105,0,32,3,0,0,0,0,107,2,35,5,0,0,4,0,0,0,0,0,115,0,0,0,8,0,11,0,17,0,23,0,8,0,0,0,2,0,42,0,0,0,0,0,0,0,0,0,0,0,0,0,0,0,40,0,43,0,69,0,0,0,54,0,81,0,119,0,404,32,62,0,56,2,15,0,0,0,0,0,0,0,0
0,0,0,2,0,0,0,0,0,2,0,0,0,0,0,0,0,3,0,0,0,3,0,0,0,0,0,0,0,0,0,0,0,0,0,0,0,0,0,0,0,0,0,3,0,0,0,0,0,0,0,0,0,0,0,0,0,0,0,0,0,0,0,1,2,20,0,0,0,0,0,61,0,0,2,154,0,87,0,29,0,18,0,14,0,0,0,70,0,0,0,0,0,1,0,0,0,0,0,0,0,0,0,0,0,0,0,0,0,0,0,0,0,0,0,0,0,0,0,0,0,18,3,5,0,93,0,0,0,11,0,61,0,0,0,62,0,31,5,3,19,23,0,35,13,62,48,51,0,82,0,36,0,16,0,1,0,0,6,0,0,0,0,52,0,0,0,5,0,12,0,22,0,10,0,30,0,0,0,0,23,58,0,0,0,8,0,0,0,0,0,0,0,0,0,0,0,0,0,69,2,53,0,82,0,0,0,131,0,0,0,0,0,4,42,0,0,0,131,21,17,17,0,0,0
0,0,0,0,0,0,0,0,0,0,0,0,0,0,0,0,169,0,17,0,24,0,0,0,6,0,28,0,80,0,4,0,12,0,0,0,104,0,0,0,0,0,13,0,124,0,0,0,19,0,15,0,3,0,0,0,0,0,0,0,14,0,79,0,0,0,0,0,0,0,149,0,41,2,0,0,17,0,86,0,2,4,49,0,28,0,40,0,0,0,0,0,0,0,4,0,1,0,0,0,0,0,0,0,0,0,0,0,0,0,0,0,0,0,0,0,0,0,0,0,13,0,84,0,8,0,6,0,0,0,0,0,6,2,0,0,10,0,0,0,60,0,94,0,94,0,11,0,0,0,10,0,17,0,0,0,14,0,0,2,0,0,38,0,0,0,0,0,12,0,19,0,19,0,24,0,0,0,0,0,22,0,0,0,0,0,12,0,0,0,0,0,0,0,0,0,8,0,0,0,0,0,0,0,0,0,0,0,28,0,17,0,9,0,0,0,0,0,0,0,0,0,0,0,0
0,38,0,16,0,0,0,0,0,0,0,0,0,0,0,0,0,13,0,0,0,51,0,40,0,0,0,0,0,20,0,23,0,23,0,25,0,0,0,0,0,0,0,0,0,0,0,0,0,0,0,68,0,0,0,0,0,0,0,0,0,0,0,0,0,26,0,0,0,0,0,169,8,154,0,0,0,21,0,86,3,9,0,4,0,5,0,72,0,0,0,0,0,0,0,0,0,0,0,0,11,0,0,0,0,0,0,0,0,0,0,0,0,0,0,0,0,0,0,0,0,67,0,46,80,215,20,51,0,0,47,67,23,38,0,24,0,0,0,0,0,50,0,50,0,134,39,123,0,112,15,38,0,0,0,2,0,7,7,0,0,0,0,118,0,0,0,0,0,14,0,29,0,27,0,81,0,6,0,0,50,95,0,0,0,13,0,0,0,0,0,0,0,0,0,0,0,0,0,0,0,10,0,0,0,1,0,61,0,76,9,0,0,0,30,0,0,2,46,20,22,0,0,3,0
0,0,0,0,0,0,0,0,0,0,0,0,0,0,0,0,0,0,0,0,0,0,0,0,0,0,0,0,0,0,0,0,1,0,0,0,0,0,0,0,0,0,0,0,12,0,0,0,22,0,16,0,0,0,0,0,0,0,0,0,0,0,0,0,0,0,0,0,104,0,13,0,41,0,17,0,0,0,13,0,0,0,32,0,0,0,19,0,0,0,0,0,6,0,10,0,15,0,2,0,0,0,40,0,0,0,0,0,13,0,0,0,1,0,22,0,41,0,0,0,6,0,0,0,0,0,0,1,0,0,0,0,0,0,34,0,0,0,0,0,0,0,0,0,3,0,0,0,0,0,0,0,0,1,0,0,0,0,0,0,0,0,6,0,34,0,0,0,30,0,0,0,0,0,0,0,0,0,0,0,11,0,0,0,0,0,5,0,0,0,64,0,114,0,13,0,11,0,23,0,29,0,0,0,0,0,20,0,0,0,125,0,43,0,46,35,24,0,0,0,2,0,0,0,0
0,3,0,0,0,0,0,0,0,0,0,0,0,0,0,0,0,0,0,0,0,0,0,0,0,0,0,0,0,0,0,0,0,0,0,0,0,0,0,0,0,0,0,0,0,11,0,0,0,5,0,2,0,0,0,0,0,0,0,6,0,0,0,0,0,0,0,0,0,45,0,37,0,87,0,21,0,0,0,17,0,50,0,63,0,0,0,108,0,0,4,0,0,38,0,151,0,0,0,14,0,10,0,68,0,0,0,0,0,7,0,0,0,0,0,0,0,8,0,0,0,9,0,5,0,0,0,0,0,0,0,0,0,0,0,0,0,0,0,0,0,0,0,0,5,0,0,27,0,0,0,0,0,0,0,0,0,0,0,0,0,0,0,8,0,13,0,6,0,106,0,4,0,0,0,0,0,0,0,0,6,0,0,0,0,0,0,0,0,0,0,0,0,40,0,0,0,18,0,0,0,0,0,76,0,19,0,0,0,43,0,0,0,0,35,0,0,0,147,26,128,7,85,23,0
0,0,0,0,0,0,0,0,0,0,0,0,0,0,0,0,0,0,0,0,0,0,0,0,0,0,0,0,0,0,0,0,0,0,0,0,0,0,0,0,0,0,0,0,32,0,0,0,17,0,0,0,0,0,0,0,0,0,0,0,0,0,0,0,0,0,0,0,35,0,201,0,53,0,86,0,13,0,0,0,4,0,88,0,16,0,12,0,0,0,0,0,11,0,6,0,0,0,3,0,1,0,8,0,0,0,0,0,0,0,0,0,0,0,0,0,0,0,0,0,82,0,54,0,0,0,0,0,0,0,0,3,0,0,0,0,0,0,0,0,41,0,105,0,41,0,0,0,0,0,0,0,0,0,0,0,5,0,0,0,0,0,36,3,10,0,0,0,39,0,0,0,10,0,7,0,0,0,0,0,0,0,0,0,0,0,0,0,0,0,55,0,0,0,0,0,26,0,0,0,59,0,0,0,0,0,0,0,57,0,255,10,27,0,24,22,0,0,0,0,0,0,0,0,0
