0,408,92,249,75,0,82,104,69,19,157,21,70,0,8,95,128,29,22,0,5,0,69,53,29,335,27,0,71,0,0,0,26,0,0,0,91,0,426,0,20,0,2,0,0,0,22,0,0,0,3,0,4,0,0,13,0,0,0,0,50,0,50,0,4,0,0,0,0,0,0,0,0,0,0,0,0,0,0,0,0,0,0,0,0,0,0,0,0,0,0,0,0,0,0,0,0,0,0,0,0,0,0,0,0,0,0,0,0,0,0,0,0,0,0,0,0,0,0,0,0,0,0,0,2,0,5,0,0,0,0,0,0,0,6,0,10,0,0,0,0,0,0,0,0,0,0,0,11,0,0,0,0,0,0,0,0,0,0,0,0,0,3,0,0,0,0,0,50,0,25,0,239,17,0,0,258,103,10,0,0,0,16,1,11,0,3,0,0,0,0,0,0,0,0,0,0,0,0,0,0,0,0,0,0,0,0,0,7,0,389,453,199,70,143,0,2,0,7,8,41,0,0,0,0
408,0,453,81,35,121,297,32,103,35,0,194,0,94,33,115,74,146,0,147,7,63,331,71,346,120,0,284,13,51,0,0,0,144,0,0,0,188,51,427,0,12,0,0,0,0,0,0,0,0,0,0,5,23,29,20,0,5,3,0,1,374,47,152,0,37,0,26,0,0,0,0,0,0,0,2,0,0,0,0,0,0,0,0,0,0,0,0,0,0,0,0,0,0,0,0,0,0,0,0,0,0,0,0,0,0,0,0,0,0,0,0,0,0,0,0,0,0,0,0,0,0,0,0,0,16,0,0,0,0,2,0,0,0,0,0,0,0,0,0,0,0,0,0,0,0,0,0,0,30,0,0,0,0,0,0,0,0,0,2,0,0,0,0,0,0,0,41,0,34,0,38,0,222,0,0,259,295,0,7,0,17,11,19,0,34,0,1,0,0,0,0,0,0,0,0,0,0,0,3,0,0,0,0,0,0,0,0,0,15,0,0,0,8,533,0,1,0,1121,330,487,206,3,10,0
92,453,0,252,242,142,143,46,19,0,71,89,74,0,288,159,119,50,153,0,58,0,566,119,111,262,211,0,244,0,20,0,137,0,0,0,125,0,624,0,4,0,0,0,0,0,35,0,10,0,0,0,0,0,48,0,11,0,0,0,27,0,0,12,3,0,0,5,0,0,0,0,0,0,0,0,0,0,0,0,0,0,0,0,0,0,0,0,0,0,0,0,0,0,0,0,0,0,0,0,0,0,0,0,0,0,0,0,0,0,0,0,0,0,0,0,0,0,0,0,0,0,0,0,35,0,75,0,0,0,4,0,0,0,34,0,20,0,0,1,0,0,23,0,0,0,24,0,32,0,33,0,0,0,0,0,0,0,0,0,31,0,0,0,0,0,0,0,84,0,40,0,448,37,0,0,106,96,0,0,9,0,0,1,0,0,0,0,0,0,0,0,0,0,0,0,0,0,0,0,0,0,0,0,0,0,4,0,97,0,841,237,517,273,520,0,4,2,39,32,52,0,0,0,0
249,81,252,0,42,51,0,45,0,0,52,8,0,0,19,407,38,27,0,56,0,70,245,248,61,310,0,0,0,144,0,32,0,263,0,26,19,144,68,398,0,0,0,0,0,3,0,0,0,0,0,0,0,0,0,92,0,3,0,0,0,0,0,3,0,3,0,0,0,0,0,0,0,0,0,0,0,0,0,0,0,0,0,0,0,0,0,0,0,0,0,0,0,0,0,0,0,0,0,0,0,0,0,0,0,0,0,0,0,0,0,0,0,0,0,0,0,0,0,0,0,0,0,0,0,28,0,19,0,0,0,25,0,0,0,52,0,75,0,0,0,0,0,0,0,0,0,10,0,28,0,6,0,4,0,0,0,1,0,0,0,0,0,0,0,0,0,39,0,9,0,18,0,163,0,0,55,24,0,0,0,0,6,0,0,0,0,0,0,0,0,2,0,0,0,0,0,0,0,0,0,0,0,0,0,0,0,16,0,53,9,0,0,0,158,0,0,0,210,101,322,94,2,0,0
75,35,242,42,0,372,42,0,20,0,183,150,342,0,228,323,57,0,167,142,203,56,101,102,0,0,179,0,32,0,149,39,365,86,109,0,417,66,135,0,31,0,0,0,34,0,91,0,3,0,18,0,0,0,0,0,0,0,0,0,0,0,0,0,0,0,1,0,0,0,0,0,0,0,0,0,0,0,0,0,0,0,0,0,0,0,0,0,0,0,0,0,0,0,0,0,0,0,0,0,0,0,0,0,0,0,0,0,0,0,0,0,1,0,0,0,0,0,0,0,0,0,0,0,18,0,23,0,0,0,12,0,0,0,27,0,30,0,0,0,0,0,0,0,0,0,28,0,29,0,47,0,26,0,0,0,0,0,0,0,6,0,4,0,0,0,253,28,182,0,14,0,239,0,0,0,327,148,78,0,58,0,18,0,38,0,0,0,0,0,0,0,0,0,0,0,0,0,0,0,0,0,0,0,0,0,0,0,40,0,489,543,536,154,203,0,2,0,0,34,0,4,0,0,0
0,121,142,51,372,0,0,19,0,0,134,178,129,206,497,358,8,0,233,281,173,365,132,56,3,6,0,370,0,120,0,232,0,522,0,228,0,347,0,0,0,16,0,0,0,0,0,50,0,0,0,0,0,0,0,8,0,0,0,0,0,0,0,3,0,6,0,0,0,0,0,0,0,0,0,0,0,0,0,0,0,0,0,0,0,0,0,0,0,0,0,0,0,0,0,0,0,0,0,0,0,0,0,0,0,0,0,0,0,0,0,0,0,0,0,0,0,0,0,0,0,0,0,0,0,0,0,0,0,0,0,0,0,0,0,0,0,0,0,0,0,0,0,0,0,0,0,0,0,7,0,0,0,0,0,0,0,0,0,0,0,0,0,0,0,58,0,370,0,0,0,29,0,193,0,0,268,400,0,31,0,29,0,3,0,0,0,7,0,0,0,0,0,0,0,0,0,0,0,0,0,0,0,0,0,0,0,0,0,0,0,41,0,0,0,0,0,0,424,748,713,86,0,0,0
82,297,143,0,42,0,0,237,103,454,40,2,16,0,23,0,45,35,0,0,21,0,28,0,81,235,0,0,0,0,0,0,0,0,0,0,0,2,89,0,3,0,0,0,0,0,0,0,17,0,0,0,198,21,130,146,26,0,17,0,170,0,546,45,0,0,10,26,0,0,0,0,0,0,0,0,0,0,1,0,0,0,0,0,0,0,0,0,0,0,0,0,0,0,0,0,0,0,0,0,0,0,0,0,0,0,0,0,0,0,0,0,0,0,0,0,0,0,0,0,0,0,0,0,32,0,33,0,0,0,16,0,18,0,0,0,0,0,0,0,0,0,0,0,0,0,13,0,20,0,10,0,0,0,0,0,7,0,0,0,14,0,0,0,12,0,3,0,123,0,205,0,157,0,0,0,59,41,0,0,0,0,0,0,0,2,0,0,0,0,0,0,0,0,0,0,0,0,0,0,0,0,0,0,0,0,0,0,18,0,1218,195,488,575,1115,0,7,4,44,28,0,8,0,0,0
104,32,46,45,0,19,237,0,191,20,0,17,0,0,0,43,0,26,0,27,0,26,0,18,74,367,0,30,2,35,0,0,0,0,0,0,0,29,13,331,0,0,0,0,0,0,0,0,0,12,0,0,14,58,56,260,0,15,0,5,0,324,60,197,0,5,0,0,0,0,0,0,0,0,0,0,0,0,0,0,0,0,0,1,0,0,0,0,0,0,0,0,0,0,0,0,0,0,0,0,0,0,0,0,0,0,0,0,0,0,0,0,0,0,0,0,0,0,0,0,0,0,0,0,0,36,0,18,0,1,0,17,0,0,0,4,0,8,0,0,0,0,0,0,0,0,0,7,0,30,0,0,0,0,0,0,0,0,1,0,0,1,0,22,0,0,0,0,0,38,0,49,0,96,0,0,48,12,0,0,0,0,0,0,0,0,0,0,0,0,0,0,0,0,0,0,0,0,0,3,0,0,0,0,0,0,0,4,0,31,13,0,0,0,507,0,0,0,577,43,447,317,1,32,0
69,103,19,0,20,0,103,191,0,758,9,0,23,0,8,2,0,12,14,0,0,0,0,0,11,150,0,0,0,0,0,0,0,0,0,0,0,0,0,0,0,0,0,0,5,0,16,0,0,0,2,0,113,41,24,306,0,26,60,61,121,0,152,35,97,0,108,73,0,0,0,0,0,0,0,0,0,0,0,0,0,0,0,0,0,0,0,0,0,0,0,0,0,0,0,0,0,0,0,0,0,0,0,0,0,0,0,0,0,0,0,0,0,0,0,0,0,0,0,0,0,0,0,0,44,0,24,0,0,0,35,0,2,0,16,0,12,0,0,0,0,0,0,0,1,0,33,0,106,0,20,0,6,0,0,0,10,0,0,1,29,0,4,0,0,0,0,0,35,0,68,0,21,0,0,0,341,21,0,0,0,0,0,0,112,8,0,0,0,0,0,0,0,0,0,0,12,0,0,0,7,0,0,0,0,0,0,0,18,0,477,146,178,0,212,1,3,2,8,0,0,0,0,0,0
19,35,0,0,0,0,454,20,758,0,0,10,0,8,0,0,0,0,0,22,0,0,0,0,46,14,0,37,0,0,0,0,0,0,0,0,0,0,0,0,0,0,0,0,0,0,0,0,0,0,0,0,124,141,312,151,15,13,71,15,0,235,36,126,0,99,109,144,0,0,0,0,0,0,0,0,0,0,0,0,0,2,0,0,0,0,0,0,0,0,0,0,0,0,0,0,0,0,0,0,0,0,0,0,0,0,0,0,0,0,0,0,0,0,0,0,0,0,0,0,0,0,0,0,0,48,0,15,0,2,0,22,0,0,0,0,0,4,0,0,0,0,0,0,0,0,0,13,0,66,0,8,0,10,0,0,0,41,0,0,0,14,0,0,0,0,0,0,0,35,0,88,0,71,0,0,113,132,0,0,0,2,0,23,51,205,0,0,0,0,0,0,0,0,0,0,0,0,0,0,0,0,0,0,0,0,0,2,0,19,20,6,10,6,638,0,1,0,909,93,235,329,0,62,0
157,0,71,52,183,134,40,0,9,0,0,41,302,0,13,182,31,13,19,0,58,0,31,60,0,0,67,0,0,0,45,3,156,0,0,0,184,18,57,0,42,0,0,0,22,0,61,0,0,0,7,0,1,0,2,0,0,1,0,0,0,0,2,0,0,0,0,0,0,0,0,0,0,0,0,0,0,0,0,0,0,0,0,0,0,0,0,0,0,0,0,0,0,0,0,0,0,0,0,0,0,0,0,0,0,0,0,0,0,0,0,0,0,0,0,0,0,0,0,0,0,0,0,0,0,0,0,0,0,0,0,0,0,0,0,0,0,0,0,0,0,0,0,0,0,0,0,0,15,0,83,0,52,0,0,0,0,0,0,0,0,0,0,0,0,0,82,0,0,0,6,0,89,13,21,0,277,54,93,0,103,0,33,0,90,0,6,0,0,0,0,0,0,0,0,0,0,0,0,0,0,0,0,0,0,0,0,0,0,0,122,374,216,37,64,1,1,0,0,8,0,0,0,0,0
21,194,89,8,150,178,2,17,0,10,41,0,0,399,210,24,0,0,84,59,57,76,84,33,0,0,0,419,0,0,0,60,0,235,10,63,0,167,0,0,0,70,0,0,0,18,0,146,0,20,0,0,0,4,0,0,0,3,0,0,0,0,0,0,0,6,0,5,0,0,0,0,0,0,0,0,0,0,0,0,0,0,0,0,0,0,0,0,0,0,0,0,0,0,0,0,0,0,0,0,0,0,0,0,0,0,0,0,0,0,0,0,0,0,0,0,0,0,0,0,0,0,0,0,0,3,0,0,0,0,0,0,0,0,0,0,1,0,0,0,0,0,0,0,0,0,0,0,0,18,0,58,0,0,0,0,0,0,0,0,0,0,0,5,0,0,0,120,0,46,0,18,0,99,0,0,91,354,0,38,0,141,0,16,0,47,0,0,0,0,0,0,0,0,0,0,0,0,0,0,0,0,0,0,0,0,0,0,0,3,7,0,0,0,57,0,0,0,314,465,319,30,9,0,0
70,0,74,0,342,129,16,0,23,0,302,0,0,0,55,93,0,0,127,415,127,131,25,0,0,0,180,284,0,0,0,12,0,0,89,62,23,39,0,0,100,12,92,12,41,7,155,0,13,0,125,35,8,1,0,0,0,0,0,0,0,0,1,0,5,0,0,0,0,0,0,0,0,0,0,0,19,0,0,0,0,0,126,0,0,0,0,0,0,0,0,0,0,0,0,0,0,0,0,0,0,0,0,0,0,0,0,0,0,0,0,0,1,0,0,0,0,0,2,0,0,0,0,0,0,0,10,0,0,0,0,0,0,0,50,0,0,0,0,0,0,0,0,0,0,0,0,0,21,0,43,0,0,0,0,0,1,0,0,0,0,0,0,0,65,0,52,19,173,0,7,0,43,5,35,0,396,59,166,0,68,0,39,0,48,0,124,0,0,0,0,0,0,0,0,0,0,0,0,0,0,0,0,0,0,0,0,0,0,0,30,464,174,28,21,0,0,0,5,13,53,0,0,0,0
0,94,0,0,0,206,0,0,0,8,0,399,0,0,23,1,0,0,186,26,84,103,0,0,0,0,173,212,0,0,0,0,0,12,0,293,0,136,0,0,0,194,50,194,22,44,32,310,0,44,33,413,0,0,0,0,0,0,0,0,0,0,0,0,0,14,0,0,0,0,0,0,0,0,0,0,0,0,0,0,0,0,0,0,0,0,0,10,0,0,0,0,0,0,0,0,0,0,0,0,0,0,0,0,0,0,0,0,0,0,0,0,0,0,0,0,0,0,0,0,0,0,0,0,0,0,0,0,0,0,0,0,0,0,0,0,0,0,0,0,0,0,0,0,0,0,0,0,0,0,0,0,0,0,0,0,0,0,0,0,0,0,0,0,0,62,0,68,0,83,0,7,0,0,0,0,56,234,0,7,0,0,0,6,0,0,23,77,0,0,0,0,0,0,0,0,0,0,0,0,0,0,0,0,0,0,0,0,0,0,0,0,0,0,0,0,0,0,26,410,264,0,1,0,0
8,33,288,19,228,497,23,0,8,0,13,210,55,23,0,444,0,16,429,132,268,67,185,171,28,3,221,17,0,6,120,0,198,150,21,13,136,69,9,0,0,0,0,0,0,0,0,0,1,0,3,4,0,0,5,0,0,0,0,0,0,0,0,0,6,0,0,0,0,0,0,0,0,0,0,0,0,0,0,0,0,0,0,0,0,0,0,0,0,0,0,0,0,0,0,0,0,0,0,0,0,0,0,0,0,0,0,0,0,0,0,0,0,0,0,0,0,0,0,0,0,0,0,0,7,0,0,0,0,0,7,0,4,0,59,0,64,0,0,0,0,0,0,0,0,0,13,0,19,0,20,0,0,0,0,0,0,0,0,0,0,0,3,0,0,0,122,38,51,0,6,0,60,21,0,0,65,74,10,0,6,0,3,0,8,0,0,0,0,0,0,0,0,0,2,0,0,0,0,0,0,0,0,0,0,0,0,0,35,0,89,340,141,28,0,0,0,0,30,37,89,0,0,0,0
95,115,159,407,323,358,0,43,2,0,182,24,93,1,444,0,31,27,144,276,147,306,225,159,24,43,3,59,0,39,29,71,60,79,0,0,0,63,25,11,0,0,0,0,0,3,0,0,0,0,0,0,0,10,0,105,0,0,0,0,1,12,0,0,0,10,0,0,0,0,0,0,0,0,0,0,0,0,0,0,0,138,0,0,0,0,0,43,0,0,0,56,0,0,0,0,0,112,0,240,0,0,0,0,0,0,2,47,0,0,0,0,0,0,0,0,0,0,0,0,0,0,0,0,5,0,0,0,0,0,0,0,0,0,0,261,0,378,0,0,0,31,0,73,0,0,0,6,0,22,0,0,0,3,0,14,0,0,0,0,0,0,0,0,0,0,0,72,0,0,0,19,0,36,0,0,117,39,3,0,0,0,4,3,0,7,0,0,0,0,0,0,0,0,0,0,0,0,0,0,0,41,0,0,0,0,0,0,0,52,22,28,73,0,33,0,0,0,45,334,67,0,0,0,0
128,74,119,38,57,8,45,0,0,0,31,0,0,0,0,31,0,0,21,0,111,0,39,20,70,73,54,0,121,0,56,0,97,0,39,0,16,0,270,0,0,0,18,0,19,0,0,0,0,0,0,0,236,0,14,0,19,0,0,0,10,0,100,0,0,0,0,0,0,0,10,0,0,0,29,0,0,0,0,0,153,0,0,0,153,0,36,0,0,0,73,0,0,0,0,0,112,0,168,0,0,0,0,0,0,0,0,0,0,0,0,0,0,0,0,0,0,0,0,0,61,0,29,0,0,0,6,0,164,0,0,0,0,0,0,0,266,0,61,0,195,0,280,0,8,0,0,0,0,0,0,0,0,0,22,0,0,0,25,0,0,0,0,0,4,0,4,0,11,0,4,0,105,0,0,0,33,0,0,0,6,0,17,0,0,0,0,0,0,0,0,0,0,0,0,0,0,0,0,0,0,0,0,0,0,0,0,0,0,0,59,379,63,52,26,0,0,0,0,0,0,0,0,0,0
29,146,50,27,0,0,35,26,12,0,13,0,0,0,16,27,0,0,0,7,6,129,53,58,35,68,0,0,0,98,0,34,0,71,0,7,0,21,0,281,0,0,0,0,0,0,0,0,0,0,0,1,0,109,4,63,0,112,0,4,0,43,7,175,0,0,0,0,0,0,0,0,0,0,0,0,0,0,0,0,2,126,0,0,0,102,0,18,0,0,0,0,0,1,0,0,0,79,0,172,0,0,0,0,0,0,0,0,0,0,0,0,0,0,0,0,0,0,0,0,0,0,0,0,0,0,0,57,0,118,0,51,0,56,0,158,0,399,0,146,0,42,0,147,0,0,0,0,0,0,0,0,0,0,0,57,0,1,0,98,0,14,0,2,0,6,0,4,0,11,0,0,0,27,0,0,8,18,0,0,0,0,0,36,0,0,0,0,0,0,0,0,0,0,0,0,0,0,0,0,1,0,0,0,0,0,0,0,0,0,5,0,0,0,0,0,0,0,29,288,52,8,0,1,0
22,0,153,0,167,233,0,0,14,0,19,84,127,186,429,144,21,0,0,629,497,148,299,3,129,0,160,215,0,0,85,0,0,61,110,132,105,31,0,0,0,6,17,11,7,0,9,0,0,0,105,0,0,0,0,0,0,0,0,0,5,0,4,0,0,0,0,0,0,0,0,0,0,0,0,0,0,0,0,0,0,0,0,0,0,0,0,0,0,0,0,0,0,0,0,0,0,0,0,0,0,0,0,0,0,0,0,0,0,0,0,0,0,0,0,0,0,0,0,0,0,0,0,0,0,0,34,0,0,0,0,0,0,0,95,0,0,0,0,0,0,0,304,0,0,0,23,0,23,0,0,0,0,0,0,0,0,0,0,0,0,0,0,0,23,0,108,20,101,0,10,0,0,0,0,0,168,72,28,0,0,0,17,0,0,0,52,0,0,0,0,0,0,0,0,0,0,0,0,0,0,0,0,0,0,0,0,0,0,0,73,354,98,33,0,0,0,0,5,33,47,0,0,0,0
0,147,0,56,142,281,0,27,0,22,0,59,415,26,132,276,0,7,629,0,315,573,0,50,0,6,369,124,0,0,0,51,0,42,142,388,0,161,0,0,64,1,123,39,0,31,44,30,0,0,129,172,0,14,0,12,0,0,0,0,0,17,0,19,0,37,0,0,0,0,0,0,0,0,0,0,0,0,0,0,0,150,0,0,0,0,0,0,0,0,0,0,0,0,0,0,0,0,0,0,0,0,0,0,0,0,0,0,0,0,0,0,0,0,0,0,0,0,0,0,0,0,0,0,0,0,0,0,0,0,0,11,0,0,0,0,0,0,0,0,0,0,0,66,0,0,0,0,0,60,1,0,0,0,0,0,0,0,0,0,0,0,0,0,0,55,0,82,0,81,0,24,0,0,0,0,131,163,0,0,0,0,0,0,0,44,70,46,0,0,0,0,0,0,0,0,0,0,0,0,0,0,0,0,0,0,0,0,0,34,0,23,0,0,24,0,0,0,99,228,176,18,10,0,0
5,7,58,0,203,173,21,0,0,0,58,57,127,84,268,147,111,6,497,315,0,84,164,39,121,0,197,152,14,0,140,19,55,36,24,62,24,37,3,0,0,7,38,0,18,3,0,0,0,0,18,25,43,0,10,0,0,0,0,0,0,0,48,0,0,0,0,0,9,0,12,0,3,0,0,0,0,0,0,0,0,0,0,0,229,0,48,0,0,0,271,0,0,0,0,0,235,0,295,0,143,0,0,0,0,0,0,0,0,0,0,0,0,0,0,0,0,0,0,0,0,0,0,0,0,0,0,0,0,0,0,0,0,0,0,0,319,0,0,0,110,0,473,0,0,0,0,0,0,0,0,0,0,0,11,0,0,0,0,0,0,0,8,0,7,0,164,10,94,0,0,0,57,0,0,0,146,33,90,0,0,0,0,0,0,0,59,0,0,0,0,0,0,0,0,0,0,0,0,0,0,0,0,0,0,0,0,0,0,0,173,631,156,46,40,0,0,0,10,14,38,0,0,0,0
0,63,0,70,56,365,0,26,0,0,0,76,131,103,67,306,0,129,148,573,84,0,0,147,0,13,0,142,0,110,6,66,0,59,27,63,0,46,0,19,0,0,0,24,0,77,0,15,0,8,29,26,0,23,0,33,0,0,0,0,0,0,0,109,0,19,0,0,0,0,0,15,0,0,0,8,0,0,0,0,0,719,0,0,0,302,0,213,0,0,0,71,0,0,0,207,0,0,0,520,0,403,0,0,0,0,0,0,0,0,0,0,0,0,0,0,0,0,0,0,0,130,0,64,0,0,0,0,0,0,0,0,0,63,0,165,0,441,0,349,0,109,0,623,0,20,0,0,14,0,1,0,0,0,0,71,0,0,0,168,0,3,0,0,0,19,0,38,0,41,0,0,0,8,0,0,0,33,0,0,0,0,0,0,0,0,7,3,0,0,0,0,0,0,0,0,0,0,0,0,0,0,0,0,0,0,0,0,0,0,0,0,0,0,0,0,0,0,197,400,87,10,0,0,0
69,331,566,245,101,132,28,0,0,0,31,84,25,0,185,225,39,53,299,0,164,0,0,110,116,233,325,0,49,0,13,0,38,26,0,0,18,34,103,0,0,0,0,0,23,0,26,0,0,0,0,0,22,0,26,3,0,0,2,0,0,29,3,6,0,0,0,0,0,0,0,0,0,0,0,0,0,0,0,0,0,0,0,0,0,0,0,0,0,0,0,0,0,0,0,0,28,0,0,0,0,0,0,0,0,0,0,0,0,0,0,0,0,0,0,0,0,0,0,0,0,0,0,0,0,0,16,1,45,0,0,0,0,0,22,0,125,0,0,0,0,0,92,0,0,0,0,0,0,2,0,0,0,0,4,1,0,0,0,0,18,0,0,0,0,0,30,0,0,3,15,0,100,17,0,0,41,33,1,0,0,0,3,0,0,0,0,0,0,0,0,0,0,0,0,0,0,0,0,0,0,0,0,0,0,0,0,1,28,0,107,541,107,58,70,0,0,0,37,16,49,0,0,0,0
53,71,119,248,102,56,0,18,0,0,60,33,0,0,171,159,20,58,3,50,39,147,110,0,33,77,0,0,0,84,0,30,24,36,2,3,0,8,0,35,0,0,0,0,0,0,0,0,0,0,0,0,0,26,0,33,0,46,0,0,0,0,3,15,0,0,0,0,0,0,1,0,0,0,0,0,0,0,0,0,0,126,0,0,0,81,0,0,0,0,0,44,0,0,0,0,0,77,0,240,0,192,0,0,0,0,0,0,0,0,0,0,0,0,0,0,0,0,0,0,0,0,0,0,0,0,0,0,0,0,0,0,0,0,0,0,0,250,0,54,0,21,0,93,0,0,0,0,0,0,0,0,0,0,0,16,0,0,0,0,0,0,0,3,0,0,0,10,0,7,0,0,0,10,0,0,21,21,0,0,0,0,0,0,0,0,0,0,0,0,0,0,0,0,0,0,0,0,0,0,0,0,0,0,0,0,0,0,0,0,18,0,0,0,15,0,0,0,16,472,22,7,0,0,0
29,346,111,61,0,3,81,74,11,46,0,0,0,0,28,24,70,35,129,0,121,0,116,33,0,237,279,0,68,0,0,0,0,0,0,0,2,0,83,0,0,0,0,0,0,0,0,0,2,0,0,0,87,0,156,4,43,0,13,0,20,0,110,27,0,0,0,0,0,0,0,0,0,0,0,0,0,0,0,0,0,0,0,0,39,0,3,0,0,0,0,0,0,0,0,0,80,0,19,0,6,0,0,0,0,0,58,0,0,0,0,0,0,0,0,0,0,0,0,0,0,0,0,0,0,0,32,0,102,0,0,0,57,0,105,0,350,0,12,3,22,0,341,0,0,0,0,0,0,0,22,0,0,0,13,0,0,0,17,0,71,0,0,0,0,0,0,0,19,0,32,0,59,0,0,0,0,14,0,0,0,0,0,0,0,0,0,0,0,0,0,0,0,0,0,0,0,0,0,0,104,0,0,0,0,0,0,0,134,0,82,218,123,123,119,0,0,0,0,10,0,0,0,0,0
335,120,262,310,0,6,235,367,150,14,0,0,0,0,3,43,73,68,0,6,0,13,233,77,237,0,0,0,0,10,0,0,0,0,0,0,0,1,60,47,0,0,0,0,0,0,0,0,0,0,0,0,5,12,16,99,0,57,0,26,10,30,68,35,0,0,0,0,0,0,0,0,0,0,0,0,0,0,0,0,0,41,0,0,0,0,0,21,0,0,0,0,0,0,0,39,0,57,0,61,0,0,0,0,0,0,0,0,0,0,0,0,0,0,0,0,0,0,0,0,0,0,0,0,0,0,0,38,0,25,11,14,0,23,0,145,0,275,1,0,0,0,0,31,0,0,0,0,0,0,0,0,0,0,0,11,0,0,0,0,0,4,0,0,0,0,0,0,5,0,0,0,16,13,0,0,23,19,0,0,0,0,0,19,1,0,0,0,0,0,0,0,0,0,0,0,0,0,0,19,0,0,0,0,0,0,0,0,0,32,0,9,0,5,0,0,0,0,15,355,24,9,0,0,0
27,0,211,0,179,0,0,0,0,0,67,0,180,173,221,3,54,0,160,369,197,0,325,0,279,0,0,802,6,0,9,0,0,0,12,67,45,0,0,0,31,148,165,61,55,34,84,127,25,0,110,73,0,0,0,0,0,0,0,0,0,0,27,0,0,0,0,0,9,0,25,0,0,0,52,0,0,0,0,0,0,0,0,0,0,0,0,0,0,0,0,0,0,0,0,0,467,0,0,0,0,0,0,0,0,0,0,0,0,0,0,0,0,0,0,0,0,0,0,0,0,0,0,0,0,0,0,0,0,0,0,0,0,0,0,0,0,0,0,0,0,0,730,0,0,0,0,0,0,0,0,0,0,0,0,0,0,0,0,0,0,0,0,0,106,3,19,0,49,0,0,0,0,0,0,0,64,29,27,0,0,0,29,0,0,0,138,0,0,0,0,0,0,0,0,0,0,0,0,0,0,0,0,0,0,0,0,0,0,0,42,471,99,15,0,0,0,8,0,0,0,0,0,0,0
0,284,0,0,0,370,0,30,0,37,0,419,284,212,17,59,0,0,215,124,152,142,0,0,0,0,802,0,0,0,0,2,0,0,54,120,0,0,0,0,316,31,380,461,227,174,377,113,10,21,170,325,0,0,0,12,0,0,0,0,0,0,0,0,0,55,0,23,0,0,0,0,0,0,0,0,0,0,0,0,0,0,0,0,0,18,0,0,0,0,0,0,0,0,0,0,0,0,0,0,0,0,0,0,0,0,0,0,0,0,0,0,0,0,0,0,0,0,0,0,0,0,0,0,0,0,0,0,0,0,0,0,0,0,0,0,0,0,0,0,0,0,0,0,0,0,0,0,0,59,0,0,0,0,0,0,0,0,0,0,0,0,0,0,13,23,0,8,0,20,0,0,0,0,0,0,52,140,0,9,0,0,0,10,0,0,115,114,0,0,0,0,0,0,0,0,0,0,0,0,0,0,0,0,0,0,0,0,0,45,0,0,0,0,0,0,0,0,38,774,182,0,2,0,0
71,13,244,0,32,0,0,2,0,0,0,0,0,0,0,0,121,0,0,0,14,0,49,0,68,0,6,0,0,0,10,0,3,0,10,0,21,0,13,0,0,0,23,0,4,0,0,0,0,0,0,0,5,0,3,0,0,0,0,0,0,0,16,0,0,0,0,0,0,0,0,0,0,0,4,0,0,0,0,0,0,0,0,0,0,0,0,0,0,0,1,0,0,0,0,0,0,0,0,0,0,0,0,0,0,0,0,0,0,0,0,0,0,0,0,0,0,0,0,0,0,0,3,0,0,0,0,0,0,0,0,0,0,0,0,0,12,0,18,0,28,0,0,0,0,0,0,0,0,0,0,0,0,0,2,0,0,0,13,0,0,0,0,0,0,0,0,0,0,0,0,0,0,0,0,0,0,0,0,0,0,0,0,0,0,0,0,0,0,0,0,0,0,0,0,0,0,0,0,0,0,0,0,0,0,0,0,0,0,0,7,51,0,0,0,0,0,0,0,0,2,0,0,0,0
0,51,0,144,0,120,0,35,0,0,0,0,0,0,6,39,0,98,0,0,0,110,0,84,0,10,0,0,0,0,0,65,0,75,0,105,0,23,0,30,0,0,0,0,0,1,0,0,0,0,0,10,0,15,0,14,0,7,0,0,0,6,0,58,0,0,0,0,0,0,0,0,0,0,0,0,0,0,0,0,0,40,0,0,0,36,0,0,0,0,0,4,0,0,0,0,0,7,0,45,0,34,0,0,0,0,0,0,0,0,0,0,0,0,0,0,0,0,0,0,0,0,0,3,0,0,0,0,0,16,0,0,0,0,0,0,0,106,0,71,0,21,0,93,0,0,0,0,0,0,0,0,0,0,0,20,0,0,0,62,0,0,0,0,0,0,0,0,0,0,0,0,0,0,0,0,1,0,0,1,0,0,0,7,0,0,0,0,0,0,0,0,0,0,0,0,0,0,0,0,0,0,0,0,0,0,0,1,0,0,0,0,0,0,0,0,0,0,0,11,0,0,0,0,0
0,0,20,0,149,0,0,0,0,0,45,0,0,0,120,29,56,0,85,0,140,6,13,0,0,0,9,0,10,0,0,0,1,0,29,7,42,0,4,0,0,0,67,0,0,0,0,0,0,0,6,0,3,0,0,0,0,0,0,0,0,0,20,0,1,0,0,0,0,0,0,0,0,0,8,0,0,0,0,0,0,0,0,0,0,0,16,0,0,0,0,0,0,0,0,0,0,0,0,0,0,0,0,0,0,0,0,0,0,0,0,0,0,0,0,0,0,0,0,0,0,0,0,0,0,0,0,0,0,0,0,0,0,0,0,0,47,0,0,0,50,0,87,0,0,0,0,0,0,0,0,0,0,0,0,0,0,0,0,0,0,0,0,0,0,0,58,0,0,0,0,0,0,0,0,0,54,10,26,0,8,0,0,0,0,0,0,0,0,0,0,0,0,0,0,0,0,0,0,0,0,0,0,0,0,0,0,0,0,0,28,127,43,15,0,0,0,0,0,0,0,0,0,0,0
0,0,0,32,39,232,0,0,0,0,3,60,12,0,0,71,0,34,0,51,19,66,0,30,0,0,0,2,0,65,0,0,0,3,0,50,0,21,0,7,0,0,0,21,0,3,0,0,0,0,0,21,0,0,0,5,0,1,0,0,0,0,0,16,0,0,0,0,0,0,0,0,0,0,0,0,0,0,0,0,0,0,0,0,0,0,0,19,0,0,0,0,0,0,0,0,0,0,0,0,0,0,0,0,0,0,0,0,0,0,0,0,0,0,0,0,0,0,0,0,0,0,0,0,0,0,0,0,0,0,0,0,0,0,0,0,0,0,0,18,0,0,0,60,0,0,0,0,0,0,0,0,0,0,0,0,0,0,0,0,0,0,0,0,0,0,0,8,0,0,0,0,0,3,0,0,5,32,0,2,0,0,0,0,0,0,0,0,0,0,0,0,0,0,0,0,0,0,0,0,0,0,0,0,0,0,0,0,0,0,0,0,0,0,0,0,0,0,15,34,11,0,0,0,0
26,0,137,0,365,0,0,0,0,0,156,0,0,0,198,60,97,0,0,0,55,0,38,24,0,0,0,0,3,0,1,0,0,0,1,0,107,0,8,0,0,0,26,0,0,0,0,0,0,0,3,0,0,0,0,0,0,0,0,0,0,0,32,0,0,0,0,0,0,0,22,0,0,0,46,0,0,0,0,0,189,0,0,0,101,0,53,0,0,0,0,0,0,0,0,0,0,0,201,0,0,0,0,0,0,0,0,0,0,0,0,0,0,0,0,0,0,0,0,0,0,0,29,0,0,0,0,0,0,0,0,0,0,0,0,0,0,0,0,0,150,0,159,0,43,0,0,0,0,0,0,0,0,0,5,0,0,0,0,0,0,0,0,0,0,0,47,0,15,0,0,0,15,0,0,0,108,9,45,0,0,0,0,0,0,0,0,0,0,0,0,0,0,0,0,0,0,0,0,0,0,0,0,0,0,0,0,0,0,0,57,238,39,14,4,0,0,0,0,0,0,0,0,0,0
0,144,0,263,86,522,0,0,0,0,0,235,0,12,150,79,0,71,61,42,36,59,26,36,0,0,0,0,0,75,0,3,0,0,0,52,0,250,0,20,0,0,0,23,0,0,0,0,0,0,0,12,0,30,1,13,0,4,0,0,0,11,0,37,0,0,0,0,0,0,0,0,0,0,0,0,0,0,0,0,0,0,0,0,0,0,0,0,0,0,0,0,0,0,0,0,0,0,0,0,0,0,0,0,0,0,0,0,0,0,0,0,0,0,0,0,0,0,0,0,0,0,0,0,0,0,0,0,0,0,0,0,0,0,0,0,0,0,0,50,0,0,0,0,0,7,0,0,0,0,0,0,0,0,0,12,0,0,0,0,0,0,0,0,0,0,0,26,0,0,0,10,0,8,0,0,29,117,3,9,0,0,0,0,0,0,0,0,0,0,0,0,0,0,0,0,0,0,0,0,0,0,0,0,0,0,0,0,0,0,0,0,0,0,0,0,0,0,19,167,42,0,0,0,0
0,0,0,0,109,0,0,0,0,0,0,10,89,0,21,0,39,0,110,142,24,27,0,2,0,0,12,54,10,0,29,0,1,0,0,29,121,0,0,0,0,0,48,0,4,0,0,0,0,0,40,0,0,0,0,0,0,0,0,0,0,0,21,0,0,0,0,0,0,0,0,0,0,0,0,0,0,0,0,0,0,0,37,0,0,0,0,0,0,0,0,0,0,0,20,0,0,0,89,0,0,0,0,0,0,0,0,0,0,0,0,0,0,0,0,0,0,0,0,0,0,0,0,0,0,0,0,0,0,0,0,0,0,0,0,0,0,0,0,0,0,0,0,0,13,0,0,0,0,0,0,0,0,0,0,0,0,0,0,0,0,0,2,0,18,0,43,0,56,0,0,0,18,0,0,0,122,16,42,0,0,0,0,0,0,0,25,0,0,0,0,0,0,0,0,0,0,0,0,0,0,0,0,0,0,0,0,0,0,0,43,309,100,17,0,0,0,0,0,0,0,0,0,0,0
0,0,0,26,0,228,0,0,0,0,0,63,62,293,13,0,0,7,132,388,62,63,0,3,0,0,67,120,0,105,7,50,0,52,29,0,0,82,0,34,0,0,0,13,0,8,0,0,0,0,28,17,0,11,0,9,0,0,0,0,0,0,0,0,0,0,0,0,0,0,0,4,0,0,0,0,0,2,0,0,0,0,0,0,0,23,0,0,0,0,0,0,0,0,0,0,0,0,0,0,0,0,0,0,0,0,0,0,0,0,0,0,0,0,0,0,0,0,0,0,0,0,0,0,0,0,0,0,0,0,0,0,0,0,0,0,0,0,0,95,0,0,0,105,0,0,0,0,0,0,0,0,0,0,0,0,0,0,0,55,0,2,0,0,0,12,0,52,0,39,0,0,0,6,0,0,0,31,0,0,0,0,0,0,0,0,0,8,0,0,0,0,0,0,0,4,0,0,0,0,0,0,0,0,0,0,0,0,0,0,0,0,0,0,0,0,1,0,34,90,71,6,0,0,0
91,0,125,19,417,0,0,0,0,0,184,0,23,0,136,0,16,0,105,0,24,0,18,0,2,0,45,0,21,0,42,0,107,0,121,0,0,6,56,0,0,0,88,0,108,0,0,0,0,0,16,0,51,0,7,0,0,0,0,0,3,0,72,0,1,0,0,0,0,0,71,0,12,0,67,0,0,0,0,0,295,0,0,0,86,0,54,0,0,0,55,0,0,0,0,0,0,0,324,0,0,0,0,0,0,0,0,0,0,0,0,0,0,0,0,0,0,0,0,0,0,0,0,0,0,0,0,0,0,0,0,0,0,0,0,0,0,0,140,0,205,0,68,0,181,0,0,0,0,0,0,0,0,0,33,0,9,0,31,0,3,0,18,0,4,0,10,9,55,0,0,0,29,0,0,0,130,0,27,0,0,0,0,0,0,0,7,0,0,0,0,0,0,0,0,0,0,0,0,0,0,0,3,0,0,0,0,0,0,0,0,127,38,20,6,0,0,0,0,0,0,0,0,0,0
0,188,0,144,66,347,2,29,0,0,18,167,39,136,69,63,0,21,31,161,37,46,34,8,0,1,0,0,0,23,0,21,0,250,0,82,6,0,1,37,0,9,0,79,0,12,0,0,0,0,5,36,0,19,0,17,0,2,0,0,0,18,0,24,0,0,0,0,0,0,0,0,0,0,0,0,0,0,0,0,0,0,0,0,0,0,0,19,0,0,0,0,0,0,0,12,0,0,0,14,0,0,0,2,0,3,0,0,0,0,0,0,0,0,0,0,0,0,0,0,0,19,0,0,0,0,0,0,0,0,0,0,0,0,0,0,0,0,0,158,0,84,0,135,0,46,0,0,0,0,0,0,0,0,0,74,0,6,0,124,0,4,0,0,0,0,0,21,0,55,0,8,0,33,0,0,22,73,2,6,0,0,0,39,0,0,0,15,0,0,0,2,0,0,0,0,0,0,0,0,0,0,0,0,0,0,0,0,0,11,0,0,0,0,0,0,0,0,0,182,47,0,0,0,0
426,51,624,68,135,0,89,13,0,0,57,0,0,0,9,25,270,0,0,0,3,0,103,0,83,60,0,0,13,0,4,0,8,0,0,0,56,1,0,0,0,0,0,0,0,0,0,0,0,0,0,0,7,0,0,0,0,0,0,0,4,0,10,0,0,0,0,0,0,0,4,0,0,0,0,0,0,0,0,0,0,0,0,0,0,0,0,0,0,0,0,0,0,0,0,0,0,0,0,0,6,0,0,0,0,0,0,0,0,0,0,0,0,0,0,0,0,0,0,0,0,0,0,0,0,0,0,0,0,0,0,0,0,0,0,0,0,0,0,0,0,0,0,0,13,0,0,0,0,0,19,0,0,0,5,0,0,0,0,0,0,0,0,0,0,0,0,0,0,0,0,0,42,0,0,0,102,17,0,0,19,0,50,0,0,0,0,0,0,0,0,0,0,0,0,0,0,0,0,0,3,0,0,0,0,0,0,0,0,0,39,297,35,64,40,0,0,0,0,0,0,0,0,0,0
0,427,0,398,0,0,0,331,0,0,0,0,0,0,0,11,0,281,0,0,0,19,0,35,0,47,0,0,0,30,0,7,0,20,0,34,0,37,0,0,0,0,0,6,0,0,0,0,0,0,0,5,0,29,0,23,0,0,0,0,0,11,0,59,0,0,0,0,0,0,0,0,0,0,0,0,0,0,0,0,0,0,0,0,0,0,0,0,0,0,0,0,0,0,0,0,0,0,0,0,0,0,0,0,0,0,0,0,0,0,0,0,0,0,0,0,0,0,0,0,0,0,0,0,2,0,0,0,0,0,0,0,0,0,0,0,0,0,0,33,0,11,0,25,0,0,0,0,0,0,0,0,0,0,0,15,0,3,0,21,0,0,0,0,0,0,0,0,0,0,0,0,0,13,0,0,0,82,0,0,0,0,0,60,0,0,0,0,0,0,0,0,0,0,0,0,0,0,0,0,0,0,0,0,0,0,0,0,0,3,0,0,0,0,0,0,0,0,0,90,0,0,0,0,0
20,0,4,0,31,0,3,0,0,0,42,0,100,0,0,0,0,0,0,64,0,0,0,0,0,0,31,316,0,0,0,0,0,0,0,0,0,0,0,0,0,60,114,15,56,25,77,88,115,0,32,0,0,0,0,0,0,0,0,0,0,0,0,0,0,0,0,0,0,0,0,0,0,0,0,0,0,0,0,0,0,0,0,0,0,0,0,0,0,0,0,0,0,0,0,0,0,0,0,0,0,0,0,0,0,0,0,0,0,0,0,0,0,0,0,0,0,0,1,0,0,0,0,0,0,0,0,0,0,0,0,0,0,0,0,0,0,0,0,0,0,0,0,0,0,0,0,0,0,0,0,0,7,0,0,0,0,0,0,0,0,0,0,0,30,0,0,0,0,0,0,0,0,0,0,0,59,7,31,0,14,0,17,0,8,0,165,0,0,0,0,0,0,0,0,0,0,0,0,0,0,0,0,0,0,0,0,0,3,0,0,99,18,0,0,0,0,3,0,3,0,0,0,0,0
0,12,0,0,0,16,0,0,0,0,0,70,12,194,0,0,0,0,6,1,7,0,0,0,0,0,148,31,0,0,0,0,0,0,0,0,0,9,0,0,60,0,57,79,110,32,250,148,23,119,10,63,0,0,0,0,0,0,0,0,0,0,0,0,0,0,0,0,0,0,0,0,0,0,0,0,0,0,0,0,0,0,0,0,0,0,0,0,0,0,0,0,0,4,0,0,0,0,0,0,0,0,0,0,0,0,0,0,0,0,0,0,0,0,0,0,0,0,0,0,0,0,0,0,0,0,0,0,0,0,0,0,0,0,0,0,0,0,0,0,0,0,0,0,0,0,0,0,0,0,0,1,0,0,0,0,0,0,0,0,0,0,0,0,0,8,0,0,0,0,0,0,0,0,0,0,0,17,1,1,0,5,0,3,0,1,32,5,0,0,0,0,0,0,0,0,0,0,0,0,0,0,0,0,0,0,0,0,0,0,0,0,0,0,0,0,0,0,0,45,5,0,0,0,0
2,0,0,0,0,0,0,0,0,0,0,0,92,50,0,0,18,0,17,123,38,0,0,0,0,0,165,380,23,0,67,0,26,0,48,0,88,0,0,0,114,57,0,30,58,15,41,51,29,0,18,21,0,0,2,0,0,0,0,0,0,0,25,0,0,0,0,0,10,0,29,0,7,0,0,0,0,0,0,0,0,0,0,0,0,0,0,0,0,0,0,0,13,0,0,0,0,0,133,0,52,0,0,0,4,0,0,0,0,0,0,0,0,0,0,0,0,0,0,0,0,0,0,0,0,0,0,0,0,0,0,0,0,0,0,0,0,0,0,0,0,0,0,0,0,0,0,0,0,0,0,0,0,0,0,0,0,0,0,0,0,0,6,0,65,0,16,0,15,0,10,0,10,0,0,0,19,6,0,0,0,0,0,0,0,0,127,3,0,0,0,0,0,0,0,0,0,0,0,0,0,0,0,0,0,0,0,0,0,0,9,261,109,8,0,0,0,6,0,0,0,0,0,0,0
0,0,0,0,0,0,0,0,0,0,0,0,12,194,0,0,0,0,11,39,0,24,0,0,0,0,61,461,0,0,0,21,0,23,0,13,0,79,0,6,15,79,30,0,19,122,26,88,0,42,9,42,0,8,0,0,0,0,0,0,0,0,0,0,0,0,0,0,0,0,0,0,0,0,0,0,0,4,0,0,0,68,0,0,0,25,0,36,0,0,0,0,0,0,0,0,0,0,0,0,0,0,0,0,0,0,0,0,0,0,0,0,0,0,0,0,0,0,0,0,0,0,0,16,0,0,0,0,0,0,0,0,0,0,0,0,0,0,0,56,0,0,0,0,0,13,0,0,0,0,0,0,0,0,0,0,0,0,0,0,0,0,0,6,0,71,0,35,0,43,0,0,0,21,0,0,0,3,1,0,0,5,0,0,0,0,3,7,0,0,0,0,0,0,0,15,0,0,0,0,0,0,0,0,0,0,0,0,0,0,0,0,0,0,0,0,0,0,25,141,230,13,0,0,0
0,0,0,0,34,0,0,0,5,0,22,0,41,22,0,0,19,0,7,0,18,0,23,0,0,0,55,227,4,0,0,0,0,0,4,0,108,0,0,0,56,110,58,19,0,42,104,162,143,11,39,0,0,0,0,0,0,0,0,0,0,0,24,0,0,0,0,0,0,0,95,0,15,0,75,0,0,0,0,0,504,0,0,0,0,0,104,0,0,0,0,0,61,0,57,0,223,0,661,0,245,0,0,0,0,0,0,0,0,0,0,0,0,0,0,0,0,0,0,0,56,0,0,0,0,0,14,0,0,0,0,0,0,0,0,0,0,0,0,0,0,0,243,0,0,0,0,0,0,0,0,1,11,0,0,0,0,0,0,0,0,0,38,0,214,0,16,0,38,0,27,0,26,0,0,0,20,4,16,0,21,0,12,0,16,0,49,0,0,0,0,0,0,0,0,0,0,0,0,0,30,0,0,0,0,0,0,0,0,0,27,280,201,37,0,0,0,60,0,3,0,0,0,0,0
0,0,0,3,0,0,0,0,0,0,0,18,7,44,0,3,0,0,0,31,3,77,0,0,0,0,34,174,0,1,0,3,0,0,0,8,0,12,0,0,25,32,15,122,42,0,87,269,8,200,0,14,0,0,0,0,0,0,0,0,0,0,0,14,0,0,0,0,0,5,0,0,0,0,0,0,0,13,0,0,0,0,0,126,0,0,0,87,0,29,0,0,0,17,0,145,0,0,0,0,0,74,0,0,0,0,0,0,0,0,0,0,0,0,0,0,0,0,0,0,0,0,0,0,0,0,0,0,0,0,0,0,0,0,0,0,0,0,0,0,0,0,0,212,0,0,0,0,0,0,0,0,0,0,0,0,0,0,0,0,0,2,0,4,0,130,0,13,0,52,0,12,0,10,0,0,0,15,0,0,0,0,0,0,0,0,10,10,0,0,0,0,0,0,0,20,0,0,0,0,0,0,0,0,0,0,0,0,0,0,0,0,0,0,27,0,0,0,67,161,137,19,1,0,9
22,0,35,0,91,0,0,0,16,0,61,0,155,32,0,0,0,0,9,44,0,0,26,0,0,0,84,377,0,0,0,0,0,0,0,0,0,0,0,0,77,250,41,26,104,87,0,384,160,44,7,12,0,0,0,0,0,0,0,0,1,0,0,0,4,0,0,0,0,0,0,0,0,0,0,0,0,0,0,0,0,0,0,0,0,0,0,0,0,0,0,0,0,0,0,0,0,0,0,0,0,0,0,0,0,0,0,0,0,0,0,0,0,0,0,0,0,0,0,0,0,0,0,0,0,0,6,0,0,0,0,0,1,0,0,0,0,0,0,0,0,0,12,0,0,0,0,0,0,0,0,0,0,0,0,0,0,0,0,0,0,0,2,0,60,0,0,0,0,0,5,0,0,0,0,0,0,11,47,0,0,0,16,0,28,0,224,2,0,0,0,0,0,0,0,0,0,0,0,0,0,0,0,0,0,0,0,0,15,0,9,233,29,0,0,0,0,30,0,24,0,0,0,0,0
0,0,0,0,0,50,0,0,0,0,0,146,0,310,0,0,0,0,0,30,0,15,0,0,0,0,127,113,0,0,0,0,0,0,0,0,0,0,0,0,88,148,51,88,162,269,384,0,47,147,0,17,0,0,0,0,0,2,0,0,0,0,0,0,0,0,0,0,0,2,0,0,0,0,0,0,0,0,0,0,0,0,0,0,0,0,0,0,0,0,0,0,0,0,0,0,0,0,0,0,0,0,0,0,0,0,0,0,0,2,0,0,0,0,0,0,0,0,0,0,0,0,0,0,0,0,0,0,0,0,0,0,0,0,0,0,0,0,0,0,0,0,0,0,0,0,0,0,0,0,0,0,0,0,0,0,0,0,0,0,0,0,0,0,0,0,1,0,0,0,0,0,0,0,0,0,0,56,0,0,0,0,0,0,0,0,47,19,0,0,0,0,0,0,0,0,0,1,0,0,0,0,0,0,0,0,0,0,0,0,0,3,0,0,0,0,0,0,0,256,39,0,0,0,7
0,0,10,0,3,0,17,0,0,0,0,0,13,0,1,0,0,0,0,0,0,0,0,0,2,0,25,10,0,0,0,0,0,0,0,0,0,0,0,0,115,23,29,0,143,8,160,47,0,19,16,0,9,0,11,3,14,0,10,0,0,0,0,0,0,0,0,0,10,0,0,0,0,0,0,0,4,0,3,0,0,0,11,0,7,0,0,0,3,0,0,0,31,0,13,0,2,0,0,0,12,0,23,0,0,0,0,0,0,0,0,0,0,0,0,0,1,0,0,0,0,0,0,0,4,0,0,0,0,0,8,0,1,0,6,0,0,0,1,0,0,0,0,0,0,0,0,0,0,1,7,0,7,0,0,0,1,0,0,0,8,0,14,0,17,0,1,0,3,0,8,0,10,0,0,0,53,5,0,0,8,0,5,0,5,0,117,0,18,0,0,0,20,0,0,0,3,0,0,0,14,0,21,0,0,0,0,0,10,0,12,39,74,12,6,0,0,0,0,0,0,0,0,0,0
0,0,0,0,0,0,0,12,0,0,0,20,0,44,0,0,0,0,0,0,0,8,0,0,0,0,0,21,0,0,0,0,0,0,0,0,0,0,0,0,0,119,0,42,11,200,44,147,19,0,0,14,0,0,0,0,0,0,0,1,0,0,0,0,0,0,0,0,0,0,0,0,0,0,0,0,0,1,0,0,0,0,0,19,0,0,0,0,0,0,0,0,0,11,0,0,0,0,0,0,0,3,0,6,0,0,0,0,0,0,0,0,0,0,0,0,0,0,0,0,0,0,0,0,0,2,0,0,0,0,0,0,0,0,0,0,0,0,0,0,0,0,0,0,0,0,0,0,0,0,0,2,0,0,0,0,0,1,0,0,0,0,0,0,0,28,0,1,0,0,0,0,0,0,0,0,1,9,0,0,0,1,0,0,0,0,3,18,0,0,0,1,0,0,0,0,0,0,0,0,0,0,0,0,0,0,0,0,0,0,0,2,0,0,0,0,0,0,3,7,24,2,0,0,0
3,0,0,0,18,0,0,0,2,0,7,0,125,33,3,0,0,0,105,129,18,29,0,0,0,0,110,170,0,0,6,0,3,0,40,28,16,5,0,0,32,10,18,9,39,0,7,0,16,0,0,16,0,0,0,0,0,0,1,0,0,0,0,0,0,0,0,0,7,0,18,0,2,0,0,0,13,0,11,0,38,0,70,0,0,0,15,0,0,0,14,0,37,0,0,0,16,0,45,0,30,0,0,0,0,0,0,0,0,0,0,0,0,0,0,0,0,0,0,0,0,0,0,0,0,0,0,0,0,0,0,0,0,0,0,0,0,0,0,0,0,0,0,0,10,0,0,0,0,0,0,0,0,0,0,0,0,0,0,0,0,0,15,0,48,0,13,0,80,0,14,0,30,0,0,0,55,11,0,0,0,0,0,0,0,0,79,0,0,0,0,0,0,0,0,0,0,0,0,0,0,0,0,0,0,0,0,0,4,0,9,213,81,5,5,0,0,1,0,0,0,0,0,0,0
0,0,0,0,0,0,0,0,0,0,0,0,35,413,4,0,0,1,0,172,25,26,0,0,0,0,73,325,0,10,0,21,0,12,0,17,0,36,0,5,0,63,21,42,0,14,12,17,0,14,16,0,0,0,0,0,0,7,0,0,0,4,0,9,0,3,0,3,0,0,0,0,0,0,0,0,0,0,0,0,0,0,0,0,0,16,0,29,0,0,0,0,0,0,0,30,0,0,0,21,0,0,0,7,0,0,0,0,0,0,0,0,0,0,0,0,0,0,0,0,0,0,0,0,0,0,0,0,0,1,0,0,0,0,0,0,0,0,0,0,0,0,0,62,0,0,0,0,0,0,0,0,0,0,0,0,0,0,0,0,0,0,0,0,0,30,0,25,0,59,0,15,0,20,0,0,0,9,0,0,0,0,0,0,0,3,0,3,0,0,0,0,0,0,0,12,0,0,0,0,0,0,0,0,0,0,0,0,0,0,0,0,0,0,9,0,0,0,17,59,112,19,0,0,0
4,5,0,0,0,0,198,14,113,124,1,0,8,0,0,0,236,0,0,0,43,0,22,0,87,5,0,0,5,0,3,0,0,0,0,0,51,0,7,0,0,0,0,0,0,0,0,0,9,0,0,0,0,7,81,48,108,15,41,52,53,0,57,1,0,0,13,66,0,0,0,0,0,0,0,0,2,0,1,0,0,0,0,0,38,0,0,0,0,0,0,0,0,0,0,0,27,0,14,0,0,0,0,0,0,0,0,0,0,0,0,0,0,0,0,0,0,0,0,0,0,0,8,0,1,0,3,0,38,0,2,0,5,0,0,0,120,0,80,0,62,1,64,0,3,0,0,0,0,0,0,0,0,0,111,1,93,0,99,0,24,0,10,0,0,0,0,0,30,0,95,0,20,0,0,0,2,0,0,0,0,0,0,0,0,3,0,0,0,0,0,0,0,0,0,0,0,0,0,0,0,0,0,0,0,0,1,0,10,0,63,47,127,88,94,0,0,0,1,0,0,0,0,0,0
0,23,0,0,0,0,21,58,41,141,0,4,1,0,0,10,0,109,0,14,0,23,0,26,0,12,0,0,0,15,0,0,0,30,0,11,0,19,0,29,0,0,0,8,0,0,0,0,0,0,0,0,7,0,26,85,6,32,24,69,0,111,0,61,0,0,23,12,0,0,0,0,0,0,0,0,0,0,0,0,0,9,0,2,0,7,0,0,0,0,0,6,0,0,0,9,0,7,0,26,0,0,0,0,0,0,0,0,0,0,0,0,0,0,0,0,0,0,0,0,0,0,0,0,0,0,0,10,0,36,0,25,0,0,0,20,0,56,0,79,0,12,0,14,0,5,0,0,0,0,0,0,0,0,0,108,0,79,0,137,1,9,0,0,0,2,0,0,0,0,0,25,0,6,0,0,0,15,0,0,0,0,0,10,1,0,0,0,0,0,0,0,0,0,0,0,0,0,0,0,0,0,0,0,0,0,0,0,0,0,0,0,0,0,40,0,0,0,41,135,22,22,0,0,0
0,29,48,0,0,0,130,56,24,312,2,0,0,0,5,0,14,4,0,0,10,0,26,0,156,16,0,0,3,0,0,0,0,1,0,0,7,0,0,0,0,0,2,0,0,0,0,0,11,0,0,0,81,26,0,122,151,9,62,38,17,0,17,10,0,0,17,47,0,0,0,0,0,0,0,0,0,0,0,0,0,0,0,0,0,0,0,0,0,0,0,0,0,0,0,0,0,0,0,0,0,0,0,0,0,0,0,0,0,0,0,0,0,0,0,0,0,0,0,0,0,0,0,0,15,0,30,0,0,0,7,0,16,0,0,0,62,0,4,0,0,0,0,0,0,0,0,0,0,0,0,0,0,1,21,0,6,0,17,0,94,0,9,1,4,0,0,0,28,0,99,0,0,1,0,0,0,4,2,0,0,0,0,0,0,2,0,0,0,0,0,0,0,0,0,0,0,0,0,0,0,0,0,0,0,0,0,0,26,0,265,122,300,310,561,0,8,5,7,0,0,0,0,0,0
13,20,0,92,0,8,146,260,306,151,0,0,0,0,0,105,0,63,0,12,0,33,3,33,4,99,0,12,0,14,0,5,0,13,0,9,0,17,0,23,0,0,0,0,0,0,0,0,3,0,0,0,48,85,122,0,0,178,72,89,0,53,15,176,0,0,61,11,0,0,0,0,0,0,0,0,0,0,0,0,0,0,0,0,0,0,0,0,0,0,0,1,0,0,0,0,0,0,0,0,0,0,0,0,0,0,0,0,0,0,0,0,0,0,0,0,0,0,0,0,0,0,0,0,0,0,0,19,0,15,0,49,0,11,0,61,0,102,0,3,0,0,0,0,0,0,0,0,0,24,0,0,0,0,0,11,0,12,0,0,0,4,0,0,0,0,0,0,0,36,0,119,0,27,0,0,4,5,0,0,0,0,0,1,23,0,0,0,0,0,0,0,0,0,0,0,0,0,0,0,0,0,0,0,0,0,0,9,0,56,0,0,6,3,339,0,0,0,163,133,282,389,0,41,0
0,0,11,0,0,0,26,0,0,15,0,0,0,0,0,0,19,0,0,0,0,0,0,0,43,0,0,0,0,0,0,0,0,0,0,0,0,0,0,0,0,0,0,0,0,0,0,0,14,0,0,0,108,6,151,0,0,31,183,86,0,0,0,3,24,75,66,177,11,0,0,0,0,0,0,0,0,0,0,0,0,0,0,0,0,0,0,0,0,0,0,0,0,0,0,0,0,0,0,0,0,0,0,0,1,0,0,0,0,0,0,0,0,0,0,0,0,0,0,0,0,0,0,0,16,0,23,0,7,0,23,0,9,0,0,0,42,0,10,22,0,0,20,0,20,0,6,0,5,0,0,0,0,0,133,46,42,0,48,28,170,0,99,0,0,0,0,0,39,0,79,0,7,0,0,0,0,0,0,0,0,0,0,0,25,0,0,0,0,0,0,0,0,0,0,0,0,0,0,0,0,0,0,0,0,0,0,0,13,0,310,130,520,442,935,0,16,15,13,3,0,0,0,0,0
0,5,0,3,0,0,0,15,26,13,1,3,0,0,0,0,0,112,0,0,0,0,0,46,0,57,0,0,0,7,0,1,0,4,0,0,0,2,0,0,0,0,0,0,0,0,0,2,0,0,0,7,15,32,9,178,31,0,94,109,0,3,0,16,0,6,99,9,0,0,0,0,0,0,0,0,0,10,0,0,0,0,0,10,0,0,0,0,0,0,0,0,0,3,0,0,0,0,0,0,0,0,0,0,0,0,0,0,0,0,0,0,0,0,0,0,0,0,0,0,0,0,0,0,0,51,0,42,2,33,6,100,0,12,0,40,0,103,8,10,0,8,0,0,0,5,0,3,0,4,0,0,0,0,17,249,5,8,19,130,55,38,0,25,0,10,0,0,0,88,0,363,0,23,0,0,0,0,0,0,4,0,0,0,14,0,0,0,0,0,0,0,0,0,0,0,0,0,0,0,0,0,0,0,0,0,0,0,0,35,0,0,1,3,552,1,0,0,174,99,528,594,0,59,0
0,3,0,0,0,0,17,0,60,71,0,0,0,0,0,0,0,0,0,0,0,0,2,0,13,0,0,0,0,0,0,0,0,0,0,0,0,0,0,0,0,0,0,0,0,0,0,0,10,0,1,0,41,24,62,72,183,94,0,269,5,0,0,3,164,81,331,425,2,0,0,0,0,0,0,0,0,0,0,0,0,0,0,0,0,0,0,0,0,0,0,0,0,0,0,0,0,0,0,0,0,0,0,0,0,0,0,0,0,0,0,0,0,0,0,0,0,0,0,0,0,0,0,0,4,0,4,0,0,0,3,0,0,0,0,0,0,0,0,8,0,0,0,0,13,3,0,0,4,0,0,0,0,0,39,29,55,3,0,30,15,0,11,0,2,0,0,0,13,0,45,0,0,0,0,0,5,0,0,0,0,0,0,0,69,28,0,0,0,0,0,0,0,0,0,0,0,0,0,0,0,0,0,0,0,0,0,0,0,0,487,159,237,380,1295,0,5,4,13,3,0,0,0,0,0
0,0,0,0,0,0,0,5,61,15,0,0,0,0,0,0,0,4,0,0,0,0,0,0,0,26,0,0,0,0,0,0,0,0,0,0,0,0,0,0,0,0,0,0,0,0,0,0,0,1,0,0,52,69,38,89,86,109,269,0,0,36,0,35,76,155,212,175,0,0,0,0,0,0,0,0,0,11,0,0,0,0,1,0,0,0,0,1,0,0,0,0,0,0,0,0,0,0,0,0,0,0,0,0,0,0,0,0,0,0,0,0,0,0,0,0,0,0,0,0,0,0,0,0,0,32,0,0,0,0,0,33,0,0,0,1,0,0,0,0,0,1,0,0,16,23,0,0,0,9,0,0,0,0,60,33,0,57,21,19,85,15,0,12,0,0,0,0,0,71,0,230,0,25,0,6,0,0,0,0,10,14,0,0,103,19,0,0,0,0,0,0,0,0,0,0,0,0,0,0,0,0,0,2,0,0,0,0,0,7,12,7,0,0,1582,1,0,0,800,257,771,1037,0,71,0
50,1,27,0,0,0,170,0,121,0,0,0,0,0,0,1,10,0,5,0,0,0,0,0,20,10,0,0,0,0,0,0,0,0,0,0,3,0,4,0,0,0,0,0,0,0,1,0,0,0,0,0,53,0,17,0,0,0,5,0,0,0,14,0,0,0,0,0,0,0,8,0,0,0,0,0,0,0,0,0,0,0,0,0,0,0,1,0,0,0,0,0,0,0,0,0,0,0,0,0,0,0,0,0,0,0,0,0,0,0,0,0,0,0,0,0,0,0,0,0,0,0,0,0,0,0,0,0,0,0,0,0,0,0,0,0,0,0,180,0,45,0,0,0,152,0,0,0,0,0,0,0,0,0,53,0,28,0,25,0,0,0,4,0,0,0,0,0,0,0,66,0,13,0,0,0,12,0,0,0,0,0,7,0,0,0,0,0,0,0,0,0,0,0,0,0,0,0,0,0,0,0,0,0,0,0,0,0,0,0,78,130,104,111,48,0,0,2,0,0,0,0,0,0,0
0,374,0,0,0,0,0,324,0,235,0,0,0,0,0,12,0,43,0,17,0,0,29,0,0,30,0,0,0,6,0,0,0,11,0,0,0,18,0,11,0,0,0,0,0,0,0,0,0,0,0,4,0,111,0,53,0,3,0,36,0,0,0,46,0,0,0,0,0,0,0,1,0,0,0,0,0,0,0,0,0,6,0,0,0,0,0,0,0,0,0,0,0,0,0,0,0,0,0,0,0,0,0,0,0,0,0,0,0,0,0,0,0,0,0,0,0,0,0,0,0,0,0,0,0,0,0,0,0,0,0,0,0,0,0,0,0,8,0,81,0,27,0,0,0,77,0,0,0,0,0,0,0,0,0,87,0,84,0,71,0,0,0,7,0,0,0,0,0,6,0,46,0,9,0,0,0,132,0,0,0,0,0,92,0,0,0,0,0,0,0,0,0,0,0,0,0,0,0,0,0,0,0,0,0,0,0,0,0,0,0,0,0,0,40,0,0,0,41,423,72,82,0,4,0
50,47,0,0,0,0,546,60,152,36,2,0,1,0,0,0,100,7,4,0,48,0,3,3,110,68,27,0,16,0,20,0,32,0,21,0,72,0,10,0,0,0,25,0,24,0,0,0,0,0,0,0,57,0,17,15,0,0,0,0,14,0,0,3,0,0,0,0,0,0,1,0,0,0,12,0,0,0,0,0,0,0,0,0,0,0,0,0,0,0,0,0,0,0,0,0,0,0,0,0,0,0,0,0,0,0,0,0,0,0,0,0,0,0,0,0,0,0,0,0,0,0,0,0,0,0,0,0,4,0,0,0,0,0,0,0,0,0,82,0,66,0,0,0,14,0,0,0,0,0,0,0,0,0,45,0,13,0,42,0,4,0,0,0,0,0,0,0,1,0,9,0,11,0,0,0,15,4,0,0,0,0,12,0,0,0,0,0,0,0,0,0,0,0,0,0,0,0,0,0,0,0,0,0,0,0,0,0,0,0,66,165,31,26,28,0,3,0,0,0,0,0,0,0,0
0,152,12,3,0,3,45,197,35,126,0,0,0,0,0,0,0,175,0,19,0,109,6,15,27,35,0,0,0,58,0,16,0,37,0,0,0,24,0,59,0,0,0,0,0,14,0,0,0,0,0,9,1,61,10,176,3,16,3,35,0,46,3,0,0,1,3,5,0,0,0,0,0,0,0,0,0,0,0,0,0,0,0,0,0,0,0,1,0,0,0,0,0,0,0,0,0,0,0,5,0,0,0,0,0,0,0,0,0,0,0,0,0,0,0,0,0,0,0,0,1,0,0,0,0,1,0,0,0,6,0,7,0,1,0,11,0,18,0,25,0,0,0,5,0,49,0,0,0,0,0,1,0,0,0,16,0,6,0,18,0,0,0,0,0,2,0,0,0,0,0,5,0,9,0,0,8,62,0,1,0,0,0,77,0,0,0,0,0,0,0,0,0,0,0,0,0,0,0,0,0,0,0,0,0,0,0,0,0,0,0,0,0,0,30,0,0,0,28,240,18,13,0,0,0
4,0,3,0,0,0,0,0,97,0,0,0,5,0,6,0,0,0,0,0,0,0,0,0,0,0,0,0,0,0,1,0,0,0,0,0,1,0,0,0,0,0,0,0,0,0,4,0,0,0,0,0,0,0,0,0,24,0,164,76,0,0,0,0,0,113,104,56,0,0,12,0,0,0,2,0,0,0,0,0,0,0,0,0,0,0,0,0,0,0,1,0,0,0,0,0,0,0,0,0,0,0,0,0,0,0,0,0,0,0,0,0,0,0,0,0,0,0,0,0,0,2,0,0,8,0,2,0,0,0,33,45,0,0,0,0,0,0,12,0,0,0,0,0,15,0,0,0,28,28,0,0,0,5,9,39,8,0,0,42,139,130,9,0,0,0,0,0,0,0,0,1,0,0,0,7,13,0,1,0,42,16,0,0,137,13,0,0,0,0,0,0,0,0,0,0,0,0,0,0,0,0,0,0,0,0,0,0,0,0,22,0,0,0,0,0,0,0,0,0,0,0,0,0,0
0,37,0,3,0,6,0,5,0,99,0,6,0,14,0,10,0,0,0,37,0,19,0,0,0,0,0,55,0,0,0,0,0,0,0,0,0,0,0,0,0,0,0,0,0,0,0,0,0,0,0,3,0,0,0,0,75,6,81,155,0,0,0,1,113,0,35,137,0,0,20,39,0,12,29,15,0,4,0,0,0,0,0,0,0,0,0,0,3,0,0,0,0,0,0,0,0,0,0,0,0,0,0,0,0,0,0,0,0,0,0,0,0,0,0,0,0,0,0,0,0,7,2,25,0,12,0,17,0,0,0,59,5,0,0,0,0,0,36,51,0,82,0,0,30,78,0,19,113,157,0,4,0,10,23,11,10,0,35,22,208,238,0,20,0,0,0,8,0,0,0,0,0,0,0,23,0,0,0,0,55,98,0,6,48,66,0,0,0,0,0,0,0,0,0,0,0,0,0,0,0,0,0,0,0,0,0,15,0,31,0,0,0,0,103,0,0,0,81,9,60,0,0,0,0
0,0,0,0,1,0,10,0,108,109,0,0,0,0,0,0,0,0,0,0,0,0,0,0,0,0,0,0,0,0,0,0,0,0,0,0,0,0,0,0,0,0,0,0,0,0,0,0,0,0,0,0,13,23,17,61,66,99,331,212,0,0,0,3,104,35,0,256,0,0,1,0,0,0,0,0,0,0,0,0,0,0,0,0,0,0,0,0,0,0,0,0,0,0,0,0,0,0,0,0,0,0,0,0,0,0,0,0,0,0,0,0,0,0,0,0,0,0,0,0,0,0,0,0,0,0,0,0,0,0,17,0,0,0,0,0,0,0,0,0,0,0,0,0,0,0,3,0,27,0,0,0,0,0,21,26,21,4,0,23,58,0,2,0,0,0,0,0,0,0,3,0,0,0,0,0,38,0,0,0,24,0,0,0,469,18,0,0,0,0,0,0,0,0,0,0,0,0,0,0,0,0,0,0,0,0,0,0,2,0,62,19,17,0,140,0,0,0,0,0,0,0,0,0,0
0,26,5,0,0,0,26,0,73,144,0,5,0,0,0,0,0,0,0,0,0,0,0,0,0,0,0,23,0,0,0,0,0,0,0,0,0,0,0,0,0,0,0,0,0,0,0,0,0,0,0,3,66,12,47,11,177,9,425,175,0,0,0,5,56,137,256,0,0,0,0,0,0,0,0,0,0,2,0,0,0,0,0,1,0,0,0,0,0,0,0,0,0,0,0,0,0,0,0,0,0,0,0,0,0,0,0,0,0,0,0,0,0,0,0,0,0,0,0,0,0,0,0,0,0,30,0,8,0,0,0,27,0,0,0,0,0,2,0,0,0,3,0,0,0,31,0,6,0,42,0,0,0,0,68,19,0,33,35,25,100,43,3,6,0,0,0,0,0,0,0,34,0,8,0,23,3,0,0,0,11,30,0,0,137,286,0,0,0,0,0,0,0,0,0,0,0,0,0,0,0,1,0,0,0,0,0,0,0,14,0,0,0,0,284,0,0,0,253,139,96,156,0,0,0
0,0,0,0,0,0,0,0,0,0,0,0,0,0,0,0,0,0,0,0,9,0,0,0,0,0,9,0,0,0,0,0,0,0,0,0,0,0,0,0,0,0,10,0,0,0,0,0,10,0,7,0,0,0,0,0,11,0,2,0,0,0,0,0,0,0,0,0,0,0,0,0,6,0,0,0,37,0,31,0,6,0,51,0,19,0,11,0,0,0,0,0,11,0,16,0,0,0,3,0,3,0,151,0,24,0,0,0,29,0,0,0,0,0,0,0,8,0,0,0,0,0,0,0,0,0,0,0,0,0,0,0,0,0,0,0,0,0,0,0,0,0,0,0,0,0,2,4,0,0,0,0,0,0,0,0,0,0,0,0,0,0,2,0,46,0,0,0,69,0,0,0,0,0,1,0,0,0,0,0,0,0,0,0,0,0,6,0,40,0,18,0,57,0,6,0,0,0,7,0,42,0,59,0,28,0,0,0,0,0,41,37,129,14,8,10,67,0,0,0,0,0,0,0,0
0,0,0,0,0,0,0,0,0,0,0,0,0,0,0,0,0,0,0,0,0,0,0,0,0,0,0,0,0,0,0,0,0,0,0,0,0,0,0,0,0,0,0,0,0,5,0,2,0,0,0,0,0,0,0,0,0,0,0,0,0,0,0,0,0,0,0,0,0,0,0,0,0,0,0,0,0,50,0,0,0,1,0,18,0,0,0,4,0,6,0,2,0,3,0,9,0,0,0,0,0,0,0,32,0,0,0,0,0,28,0,1,0,0,0,0,0,3,0,0,0,0,0,0,0,0,0,0,0,0,0,0,0,0,0,0,0,0,0,0,0,0,0,0,0,0,0,0,0,0,0,0,0,0,0,0,0,0,0,0,0,0,0,0,0,17,0,0,0,10,0,2,0,0,0,0,0,0,0,0,0,0,0,0,0,0,0,0,0,0,0,0,0,0,0,0,0,0,0,0,0,0,0,2,0,0,0,0,0,0,0,0,0,0,0,0,0,0,5,3,22,1,5,1,0
0,0,0,0,0,0,0,0,0,0,0,0,0,0,0,0,10,0,0,0,12,0,0,1,0,0,25,0,0,0,0,0,22,0,0,0,71,0,4,0,0,0,29,0,95,0,0,0,0,0,18,0,0,0,0,0,0,0,0,0,8,0,1,0,12,20,1,0,0,0,0,0,144,0,275,0,0,0,137,0,46,0,22,0,0,0,93,0,0,0,0,0,0,0,0,0,0,0,0,0,0,0,0,0,0,0,0,0,0,0,0,0,0,0,0,0,0,0,0,0,22,0,2,0,0,8,16,0,0,0,34,0,0,0,19,0,0,0,11,12,79,9,0,0,40,4,0,13,57,21,19,0,24,5,2,0,23,0,2,6,31,29,66,0,1,0,74,0,28,0,27,0,43,0,18,0,0,0,0,0,31,7,0,0,62,0,0,0,0,0,0,0,0,0,0,0,0,0,0,0,0,0,0,0,0,0,0,0,0,0,5,0,16,6,6,0,0,0,3,0,0,0,0,0,0
0,0,0,0,0,0,0,0,0,0,0,0,0,0,0,0,0,0,0,0,0,15,0,0,0,0,0,0,0,0,0,0,0,0,0,4,0,0,0,0,0,0,0,0,0,0,0,0,0,0,0,0,0,0,0,0,0,0,0,0,0,1,0,0,0,39,0,0,0,0,0,0,0,71,0,84,0,17,0,9,0,1,0,0,0,0,0,88,0,0,0,0,0,0,0,0,0,0,4,0,0,0,0,0,0,0,0,0,0,0,0,0,0,0,0,0,0,0,0,0,0,20,0,11,0,34,0,0,0,0,0,52,0,0,0,0,0,0,0,4,0,31,0,16,0,52,0,0,0,70,0,0,0,22,0,4,0,2,0,0,0,40,0,19,0,0,0,6,0,0,0,13,0,14,1,8,0,0,0,0,5,0,0,1,1,25,0,0,0,0,0,0,0,0,0,0,0,0,0,0,0,1,0,0,0,0,0,0,0,0,0,0,0,0,0,0,0,0,85,0,5,5,0,0,0
0,0,0,0,0,0,0,0,0,0,0,0,0,0,0,0,0,0,0,0,3,0,0,0,0,0,0,0,0,0,0,0,0,0,0,0,12,0,0,0,0,0,7,0,15,0,0,0,0,0,2,0,0,0,0,0,0,0,0,0,0,0,0,0,0,0,0,0,6,0,144,0,0,0,170,0,46,0,293,0,0,0,27,0,39,0,30,0,0,0,0,0,2,0,1,0,7,0,0,0,0,0,4,0,0,0,0,0,0,0,0,0,0,0,0,0,1,0,0,0,51,0,7,0,34,0,24,0,2,0,17,0,22,0,52,0,11,0,20,0,59,0,96,0,38,0,30,15,18,0,45,0,0,9,0,0,7,0,2,0,17,0,62,0,4,0,0,0,10,0,3,0,6,0,3,0,0,0,0,0,32,8,0,0,26,0,0,0,0,0,0,0,0,0,0,0,35,0,0,0,42,0,0,0,0,0,0,0,90,3,205,4,37,15,45,0,2,0,0,0,0,0,0,0,0
0,0,0,0,0,0,0,0,0,0,0,0,0,0,0,0,0,0,0,0,0,0,0,0,0,0,0,0,0,0,0,0,0,0,0,0,0,0,0,0,0,0,0,0,0,0,0,0,0,0,0,0,0,0,0,0,0,0,0,0,0,0,0,0,0,12,0,0,0,0,0,71,0,0,0,167,0,134,0,14,0,0,0,9,0,6,0,68,1,0,0,0,0,0,0,0,0,0,1,0,0,0,0,0,0,2,0,0,0,4,0,0,0,0,0,0,0,0,0,0,0,15,0,9,0,41,0,148,0,0,0,0,0,0,0,93,0,127,0,2,0,0,0,9,2,31,0,0,0,12,0,0,0,0,0,0,0,0,0,0,0,0,0,56,0,0,0,0,0,15,0,2,0,0,0,0,0,0,0,0,0,0,0,0,0,0,0,0,0,0,0,0,0,0,0,0,0,0,0,76,0,56,0,0,0,0,0,0,0,0,0,0,0,0,17,0,0,0,109,0,11,0,0,0,0
0,0,0,0,0,0,0,0,0,0,0,0,0,0,0,0,29,0,0,0,0,0,0,0,0,0,52,0,4,0,8,0,46,0,0,0,67,0,0,0,0,0,0,0,75,0,0,0,0,0,0,0,0,0,0,0,0,0,0,0,0,0,12,0,2,29,0,0,0,0,275,0,170,0,0,0,3,0,171,0,69,0,19,0,34,1,95,2,2,0,0,0,0,0,0,0,3,0,23,0,0,0,0,0,0,0,0,0,0,0,0,0,0,0,0,0,0,0,0,0,84,0,34,0,0,0,0,0,1,0,0,54,0,0,0,0,6,0,13,0,91,8,80,0,75,0,92,0,51,33,0,0,85,0,0,0,10,0,0,9,0,0,37,0,0,0,37,0,16,0,16,0,26,0,37,0,0,0,0,0,35,0,0,0,104,0,0,0,0,0,0,0,0,0,0,0,0,0,0,0,0,0,0,0,0,0,0,0,40,0,60,0,26,23,17,0,0,0,0,0,12,0,0,0,0
0,2,0,0,0,0,0,0,0,0,0,0,0,0,0,0,0,0,0,0,0,8,0,0,0,0,0,0,0,0,0,0,0,0,0,0,0,0,0,0,0,0,0,0,0,0,0,0,0,0,0,0,0,0,0,0,0,0,0,0,0,0,0,0,0,15,0,0,0,0,0,84,0,167,0,0,0,5,0,36,0,0,0,0,0,0,0,60,0,0,0,0,0,0,0,0,0,0,0,0,1,0,0,0,0,0,1,0,0,0,0,0,0,0,0,0,0,0,0,0,0,92,0,35,5,40,0,55,0,0,0,11,0,0,0,25,0,43,0,0,0,30,0,17,0,58,3,18,0,36,0,0,3,11,0,0,0,1,0,0,0,0,0,61,0,0,0,0,0,6,0,2,0,0,0,6,0,0,0,0,2,0,0,0,0,10,0,0,0,0,0,0,0,0,0,0,0,0,0,13,0,11,0,0,0,0,0,0,0,42,1,0,0,0,5,0,0,0,41,1,4,5,0,0,0
0,0,0,0,0,0,0,0,0,0,0,0,19,0,0,0,0,0,0,0,0,0,0,0,0,0,0,0,0,0,0,0,0,0,0,0,0,0,0,0,0,0,0,0,0,0,0,0,4,0,13,0,2,0,0,0,0,0,0,0,0,0,0,0,0,0,0,0,37,0,0,0,46,0,3,0,0,0,39,0,0,0,51,0,0,0,20,0,0,0,0,0,13,0,0,0,11,0,0,0,0,0,114,0,21,0,6,0,26,0,0,0,0,0,0,0,16,0,0,0,4,0,0,0,0,0,0,0,0,0,0,0,0,0,0,0,0,0,0,0,0,0,0,0,0,0,0,0,0,0,0,0,0,0,0,0,0,0,0,0,0,0,2,0,40,0,0,0,63,0,0,0,1,0,0,0,0,0,0,0,0,0,0,0,0,0,0,0,0,0,0,0,0,0,11,0,0,0,0,0,0,0,0,0,0,0,0,0,0,0,20,27,52,7,0,4,14,0,0,0,0,0,0,0,0
0,0,0,0,0,0,0,0,0,0,0,0,0,0,0,0,0,0,0,0,0,0,0,0,0,0,0,0,0,0,0,0,0,0,0,2,0,0,0,0,0,0,0,4,0,13,0,0,0,1,0,0,0,0,0,0,0,10,0,11,0,0,0,0,0,4,0,2,0,50,0,17,0,134,0,5,0,0,0,6,0,76,0,70,0,7,0,132,0,12,0,0,0,36,0,38,0,0,0,0,0,0,0,25,0,0,0,0,0,34,0,0,0,0,0,0,0,26,0,2,0,0,0,0,7,0,0,0,0,0,0,10,0,0,0,0,0,0,0,0,0,0,0,0,0,0,0,0,0,20,0,0,0,0,0,4,0,0,0,0,0,8,0,24,0,34,0,0,0,120,0,0,0,2,0,0,0,0,0,0,0,0,0,0,0,0,0,0,0,132,0,0,0,0,0,61,1,0,0,0,0,82,0,0,0,0,0,0,0,58,0,0,0,0,20,0,0,0,133,11,105,22,0,16,0
0,0,0,0,0,0,1,0,0,0,0,0,0,0,0,0,0,0,0,0,0,0,0,0,0,0,0,0,0,0,0,0,0,0,0,0,0,0,0,0,0,0,0,0,0,0,0,0,3,0,11,0,1,0,0,0,0,0,0,0,0,0,0,0,0,0,0,0,31,0,137,0,293,0,171,0,39,0,0,0,17,0,102,0,75,0,79,0,0,0,0,0,0,0,22,0,0,0,12,0,5,0,35,0,28,0,0,0,6,0,0,0,0,0,4,0,7,0,0,0,57,0,11,0,0,0,0,0,0,0,0,0,0,0,26,0,0,0,0,0,0,0,86,0,10,0,0,0,0,0,0,0,0,0,0,0,0,0,0,0,0,0,0,0,35,0,0,0,51,0,0,0,0,0,3,0,0,0,0,0,0,0,0,0,0,0,10,0,0,0,0,0,0,0,0,0,19,0,0,0,96,0,0,0,0,0,0,0,0,0,210,34,74,26,41,6,19,2,1,0,0,0,0,0,0
0,0,0,0,0,0,0,0,0,0,0,0,0,0,0,0,0,0,0,0,0,0,0,0,0,0,0,0,0,0,0,0,0,0,0,0,0,0,0,0,0,0,0,0,0,0,0,0,0,0,0,0,0,0,0,0,0,0,0,0,0,0,0,0,0,0,0,0,0,0,0,9,0,14,0,36,0,6,0,0,0,0,0,0,0,6,0,11,0,0,0,0,0,0,0,0,0,0,0,0,0,0,0,0,0,0,0,0,0,0,0,0,0,0,0,0,0,0,0,0,0,17,0,6,0,0,0,44,0,0,0,0,0,0,0,21,0,28,1,0,0,22,0,11,0,20,0,3,1,0,0,0,0,0,0,0,0,1,0,0,0,0,0,0,0,0,0,2,0,0,0,0,0,0,0,0,0,0,0,0,0,0,0,0,0,0,0,0,0,0,0,0,0,0,0,0,0,0,0,0,0,7,0,0,0,0,0,0,0,0,0,0,0,0,0,0,0,0,13,0,0,0,0,0,0
