0,258,190,75,64,0,65,201,128,53,140,0,95,0,7,81,56,19,0,0,34,0,30,77,12,211,40,3,188,0,28,0,28,0,0,0,35,0,478,0,24,0,0,0,19,0,12,0,24,0,0,0,9,0,0,17,0,0,0,0,265,11,72,0,15,0,20,0,1,0,0,0,0,0,0,0,0,0,0,0,0,0,0,0,0,0,0,0,0,0,0,0,0,0,0,0,0,0,0,0,0,0,0,0,0,0,0,0,0,0,0,0,0,0,0,0,0,0,0,0,0,0,0,0,0,0,4,0,1,0,9,0,0,0,16,0,0,0,0,0,0,0,9,0,0,0,24,0,40,0,9,0,15,0,0,0,0,0,0,0,0,0,0,0,19,0,0,0,16,0,59,0,422,0,0,0,73,406,27,0,7,0,74,0,54,0,4,0,0,0,0,0,0,0,0,0,0,0,0,0,13,0,0,0,0,0,0,0,0,0,543,73,137,196,552,0,0,0,0,0,20,0,0,0,0
258,0,249,24,0,135,43,48,33,172,24,169,0,127,13,17,25,39,0,98,11,0,243,75,141,7,0,213,0,85,0,17,0,232,0,0,0,145,0,333,0,50,0,0,0,3,0,69,0,0,0,7,0,41,0,7,0,0,0,7,0,135,2,31,0,62,0,9,0,0,0,2,0,0,0,5,0,0,0,0,0,0,0,0,0,0,0,5,0,0,0,0,0,0,0,0,0,0,0,3,0,0,0,0,0,0,0,0,0,0,0,0,0,0,0,0,0,0,0,0,0,0,0,4,0,29,0,17,0,0,0,55,0,0,0,36,0,26,0,0,0,0,0,0,0,0,0,0,0,177,0,77,0,240,0,16,0,48,0,0,0,0,0,0,0,11,0,0,0,35,0,23,0,200,0,35,0,535,0,24,0,66,16,55,0,133,0,0,0,0,0,0,0,0,0,0,0,7,0,31,0,14,0,0,0,0,0,14,0,30,0,0,0,2,583,0,0,0,557,67,382,144,0,24,0
190,249,0,68,274,0,216,74,38,10,92,51,62,0,302,114,80,15,133,8,256,0,240,127,141,109,140,0,497,0,214,0,119,13,0,0,48,0,572,20,0,0,0,0,18,0,41,0,48,0,0,0,3,0,37,0,0,0,11,0,130,0,62,0,9,0,0,0,0,0,0,0,0,0,0,0,0,0,0,0,0,0,0,0,0,0,0,0,0,0,0,0,0,0,0,0,0,0,0,0,0,0,0,0,0,0,6,0,0,0,0,0,0,0,0,0,0,0,0,0,0,0,0,0,29,0,22,0,2,0,87,0,19,0,95,0,78,0,0,0,0,0,77,0,0,0,63,0,106,0,20,0,9,0,0,0,0,0,0,0,0,0,0,0,0,0,36,0,0,0,41,0,335,12,2,0,23,217,18,0,5,0,4,0,9,0,0,0,1,0,1,0,0,0,0,0,0,0,22,0,58,0,0,0,0,0,0,0,10,0,563,53,229,392,812,0,20,1,16,0,23,0,0,0,0
75,24,68,0,43,89,0,171,1,2,53,5,0,0,22,194,0,34,0,96,7,62,75,250,0,104,0,33,0,99,0,77,0,388,0,0,0,66,6,166,0,2,0,0,0,0,0,0,0,0,0,0,0,3,0,55,0,30,0,8,0,0,0,3,0,0,0,0,0,0,0,0,0,0,0,0,0,0,0,0,0,0,0,0,0,0,0,0,0,0,0,3,0,0,0,0,0,0,0,0,0,0,0,0,0,0,0,0,0,0,0,0,0,0,0,0,0,0,0,0,0,0,0,0,0,65,0,26,0,74,0,128,0,0,0,125,0,107,0,0,0,0,0,0,0,0,0,0,0,0,0,65,0,0,0,19,0,0,0,0,0,0,0,0,0,15,0,121,0,18,0,10,0,170,0,4,0,69,6,0,0,0,0,0,0,0,0,0,0,0,0,0,0,0,0,0,0,15,0,0,0,0,0,0,0,0,0,45,0,155,0,0,0,0,215,0,0,0,129,9,325,58,0,0,0
64,0,274,43,0,386,51,0,18,0,148,163,299,68,245,174,12,0,210,255,338,126,67,61,8,0,272,48,44,0,324,0,414,12,198,9,254,3,136,0,96,4,19,0,0,0,34,0,29,0,118,0,1,0,0,0,6,0,0,0,0,0,0,0,10,2,0,0,2,0,0,0,0,0,0,0,0,0,0,0,0,0,0,0,0,0,0,0,0,0,0,0,0,0,0,0,0,0,0,0,0,0,0,0,0,0,0,0,0,0,0,0,0,0,0,0,0,0,1,0,0,0,0,0,0,0,13,0,0,0,0,0,6,0,68,0,26,0,0,0,0,0,0,0,0,0,55,0,75,2,29,0,64,0,0,0,1,0,0,0,0,0,0,0,0,0,197,0,96,0,31,0,160,0,22,0,71,255,253,0,30,0,42,0,38,0,7,0,0,0,0,0,0,0,0,0,0,0,0,0,65,0,0,0,0,0,0,0,11,0,581,177,628,260,604,0,0,0,0,0,102,0,0,0,0
0,135,0,89,386,0,0,59,0,13,184,417,186,289,422,149,0,0,184,301,61,101,72,59,0,0,0,484,0,6,32,106,0,229,0,218,0,151,0,11,0,88,7,33,0,14,0,101,0,0,0,162,0,7,0,11,0,0,0,0,0,0,0,5,0,17,0,0,0,0,0,5,0,0,0,0,0,0,0,0,0,0,0,0,0,19,0,12,0,0,0,0,0,1,0,11,0,0,0,0,0,0,0,0,0,0,0,0,0,0,0,0,0,0,0,0,0,0,0,0,0,0,0,0,0,50,0,0,0,0,0,98,0,0,0,0,0,61,0,0,0,0,0,0,0,0,0,0,0,72,0,44,0,0,0,0,0,0,0,0,0,10,0,0,0,71,0,350,0,134,0,12,0,285,0,0,0,378,49,34,0,17,0,8,1,0,0,13,0,0,0,1,0,0,0,39,0,14,0,0,0,16,0,0,0,0,0,0,0,58,0,0,0,0,828,0,0,0,769,204,1163,339,0,26,0
65,43,216,0,51,0,0,81,162,227,23,0,34,0,46,0,6,0,0,0,0,0,55,0,212,53,31,0,31,0,0,0,16,0,0,1,10,0,47,2,0,0,8,0,0,0,0,0,108,0,0,0,124,26,141,49,128,0,52,10,361,11,217,15,35,0,97,20,0,0,0,0,0,0,0,0,0,0,0,0,0,0,0,0,0,0,0,0,0,0,0,0,0,0,0,0,0,0,0,0,0,0,0,0,0,0,0,0,0,0,0,0,0,0,0,0,0,0,0,0,0,0,0,0,21,0,9,0,0,0,81,0,15,0,26,0,41,0,0,0,0,0,0,0,0,0,23,0,58,0,4,0,0,0,3,0,12,0,0,0,91,0,0,0,15,0,20,0,25,0,273,0,189,0,0,0,8,101,0,0,0,0,5,3,2,0,0,0,1,0,0,0,0,0,0,0,0,0,0,0,0,0,0,0,0,0,0,0,0,0,537,72,370,382,747,0,80,10,5,0,0,0,0,0,0
201,48,74,171,0,59,81,0,156,72,0,15,0,11,3,111,31,138,0,68,0,0,20,18,148,21,0,34,0,496,0,0,0,88,0,0,0,53,0,614,0,0,0,0,0,3,0,0,0,0,0,0,6,0,8,81,0,60,0,41,0,416,15,122,0,9,0,2,0,0,0,0,0,0,0,0,0,0,0,0,0,0,0,1,0,4,0,0,0,0,0,0,0,0,0,0,5,0,0,0,0,0,0,0,0,0,0,0,0,0,0,0,0,0,0,0,0,0,0,0,0,1,0,0,0,101,0,20,0,28,0,135,0,0,0,22,0,36,0,0,0,0,0,0,0,0,0,0,0,48,0,33,0,0,0,22,0,0,0,0,0,78,1,0,0,0,0,0,0,36,0,33,0,303,0,0,0,116,1,0,0,0,25,11,0,0,0,0,0,0,0,0,0,0,0,0,0,16,0,0,0,0,0,0,0,0,0,32,0,82,4,0,0,0,560,0,0,0,384,38,534,162,1,31,0
128,33,38,1,18,0,162,156,0,600,41,0,22,0,7,2,0,2,0,0,0,0,0,0,1,65,0,0,0,1,0,0,0,0,0,0,0,0,9,0,0,0,0,0,4,0,3,0,25,0,0,0,98,50,16,219,18,9,200,49,294,13,110,27,178,0,131,77,0,0,0,0,0,0,0,0,0,0,0,0,0,0,0,0,0,0,0,0,0,0,0,0,0,0,0,0,0,0,0,0,0,0,0,0,0,0,0,0,0,0,0,0,0,0,0,0,0,0,0,0,0,0,0,0,15,0,8,0,0,0,35,0,7,0,3,0,1,0,0,0,0,0,0,0,0,0,16,0,63,0,9,0,10,0,0,1,22,0,0,0,74,0,4,0,5,0,0,0,10,0,102,0,87,13,0,2,280,365,13,0,0,0,102,6,70,4,0,0,0,0,0,0,0,0,0,0,0,0,1,0,4,0,0,0,0,0,0,0,2,0,384,44,198,176,381,0,37,0,14,6,22,0,0,0,0
53,172,10,2,0,13,227,72,600,0,0,7,0,0,2,0,5,3,0,14,0,0,0,1,191,0,0,13,0,28,0,0,0,0,0,0,0,15,0,62,0,0,0,0,0,0,0,5,0,0,0,0,73,87,245,90,0,36,27,73,0,651,70,252,0,154,47,94,0,0,0,0,0,0,0,0,0,0,0,0,0,0,0,0,0,0,0,0,0,0,0,0,0,0,0,0,2,0,0,0,0,0,0,0,0,0,0,0,0,0,0,0,0,0,0,0,0,0,0,0,0,0,0,0,0,64,0,26,0,2,0,151,0,4,0,11,0,10,0,0,0,0,0,0,0,4,0,0,0,148,0,16,0,25,0,27,0,67,0,0,0,34,0,0,0,2,0,0,0,24,0,48,0,173,0,2,0,503,0,1,0,0,0,44,0,101,0,0,0,0,0,2,0,0,0,0,0,2,0,8,3,0,0,0,0,0,0,5,0,29,1,0,0,0,538,0,0,0,362,69,376,283,5,78,0
140,24,92,53,148,184,23,0,41,0,0,79,406,0,31,151,37,0,11,18,166,0,30,78,2,0,63,0,0,0,147,0,394,0,0,0,208,0,144,0,65,0,5,0,5,0,55,0,0,0,0,0,0,0,0,0,0,0,0,0,0,0,3,0,6,1,0,0,0,0,0,0,0,0,0,0,0,0,0,0,0,0,0,0,0,0,0,0,0,0,0,0,0,0,0,0,0,0,0,0,0,0,0,0,0,0,0,0,0,0,0,0,0,0,0,0,0,0,3,0,0,0,0,0,0,0,0,0,0,0,3,0,0,0,0,1,0,0,0,0,0,0,0,0,0,0,25,0,33,0,35,0,107,0,0,0,0,0,0,0,0,0,0,0,0,0,68,0,0,1,0,0,62,0,29,0,92,187,209,0,50,0,80,0,36,0,42,0,0,0,0,0,0,0,0,0,0,0,0,0,0,0,0,0,0,0,0,0,0,0,380,86,204,112,288,0,0,4,21,0,19,0,0,0,0
0,169,51,5,163,417,0,15,0,7,79,0,33,383,196,15,3,4,61,35,13,78,118,60,0,0,0,221,0,2,6,19,17,144,0,34,0,86,0,7,0,98,0,2,0,9,0,109,0,33,0,0,0,0,0,0,0,0,0,0,0,0,0,0,0,11,0,2,0,0,0,0,0,0,0,0,0,0,0,0,0,3,0,0,0,0,0,0,0,0,0,0,0,0,0,0,0,0,0,0,0,0,0,0,0,3,0,0,0,0,0,0,0,0,0,0,0,0,0,0,0,0,0,0,0,6,0,0,0,0,0,13,0,0,0,0,0,0,0,0,0,0,0,0,0,0,0,0,0,30,0,47,0,127,0,0,0,0,0,0,0,0,0,0,0,0,0,45,0,11,0,4,0,42,0,47,5,390,8,79,0,98,1,48,0,49,0,9,0,0,0,0,0,0,0,0,0,0,0,0,0,0,0,0,0,0,0,0,0,0,17,0,27,0,301,0,0,0,384,92,210,96,0,6,0
95,0,62,0,299,186,34,0,22,0,406,33,0,539,31,12,0,0,157,316,48,90,0,0,3,0,353,489,0,0,0,2,0,0,97,13,68,0,0,0,373,60,290,63,33,21,282,173,59,20,461,29,0,0,0,0,0,0,0,0,0,0,0,0,0,0,0,0,0,0,0,0,0,0,0,0,0,0,0,0,0,0,0,0,0,0,0,0,0,0,0,0,0,0,0,0,0,0,0,0,0,0,0,0,0,0,0,0,0,0,0,0,0,0,0,0,0,0,0,0,0,0,0,0,0,0,2,0,0,0,0,0,0,0,0,0,0,0,0,0,0,0,0,0,0,0,0,0,0,0,0,0,0,0,1,0,0,0,1,0,0,0,0,0,0,0,30,0,0,0,0,0,0,0,0,0,133,136,82,0,26,0,25,0,11,0,56,21,0,0,0,0,0,0,0,0,0,0,0,0,0,0,0,0,0,0,0,0,0,0,140,257,396,0,64,0,1,0,0,44,119,0,0,0,0
0,127,0,0,68,289,0,11,0,0,0,383,539,0,11,2,0,0,355,34,47,86,0,0,0,1,269,202,0,0,0,0,0,0,22,21,0,5,0,0,210,319,67,256,7,35,0,180,2,113,70,180,0,0,0,0,0,0,0,0,0,0,0,0,0,5,0,0,0,0,0,0,0,0,0,0,0,0,0,0,0,5,0,0,0,0,0,0,0,0,0,0,0,0,0,0,0,0,0,0,0,0,0,0,0,0,0,0,0,0,0,0,0,0,0,0,0,0,0,0,0,0,0,0,0,0,0,0,0,0,0,0,0,0,0,0,0,0,0,0,0,0,0,0,0,0,0,0,0,16,0,0,0,59,0,0,0,0,0,0,0,0,0,0,0,0,0,6,0,0,0,0,0,5,0,0,7,488,11,64,0,74,0,7,0,0,45,93,0,0,0,0,0,0,0,20,0,1,0,0,0,0,0,0,0,0,0,0,0,0,0,48,84,0,59,0,0,0,94,260,434,66,0,0,0
7,13,302,22,245,422,46,3,7,2,31,196,31,11,0,178,63,1,480,151,389,100,519,26,75,0,176,10,0,0,204,0,153,10,110,6,78,6,10,0,0,0,12,2,0,1,0,1,0,0,15,0,4,0,33,0,0,0,0,0,0,0,13,0,3,0,0,0,0,0,0,0,0,0,0,0,0,0,0,0,0,0,0,0,0,0,0,0,0,0,0,0,0,0,0,0,0,0,0,0,0,0,0,0,0,0,0,0,0,0,0,0,0,0,0,0,0,0,0,0,0,0,0,0,8,0,0,0,0,0,17,0,0,0,58,0,28,0,4,0,0,0,109,0,0,0,19,0,34,0,13,0,12,0,0,0,0,0,0,0,3,0,0,0,4,0,53,0,0,0,0,1,18,6,0,0,13,114,20,0,0,0,0,0,10,0,1,0,0,0,0,0,0,0,0,0,0,0,0,0,66,0,0,0,0,0,0,0,0,0,179,103,89,34,100,0,0,0,61,14,55,0,0,0,0
81,17,114,194,174,149,0,111,2,0,151,15,12,2,178,0,19,10,14,422,19,315,153,288,0,99,0,36,0,0,13,174,45,233,2,100,0,117,0,12,0,0,0,0,0,0,0,0,0,0,0,12,0,14,0,134,0,0,0,0,0,0,0,14,0,0,0,0,0,0,0,0,0,0,0,0,0,0,0,0,0,0,0,0,0,0,0,0,0,0,0,0,0,0,0,0,0,0,0,0,0,0,0,0,0,0,0,0,0,0,0,0,0,0,0,0,0,0,0,0,0,0,0,0,0,40,0,0,0,80,0,52,0,135,0,349,0,286,0,22,0,3,0,0,0,0,0,0,0,19,0,0,0,0,0,0,0,3,0,0,0,11,0,0,0,11,0,180,0,13,0,0,0,66,0,0,1,84,12,0,0,0,5,2,0,0,0,0,0,0,0,0,0,0,0,0,0,0,0,0,0,66,0,0,0,0,0,0,0,145,24,0,16,0,69,0,0,0,58,28,115,37,0,1,0
56,25,80,0,12,0,6,31,0,5,37,3,0,0,63,19,0,4,104,0,668,0,169,15,249,21,232,0,334,2,68,0,24,3,36,0,16,0,82,0,0,0,0,0,116,0,0,0,7,0,48,0,168,0,34,2,8,0,6,0,148,0,568,0,0,0,0,0,0,0,9,0,0,0,16,0,0,0,0,0,0,0,0,0,238,0,7,0,0,0,158,0,0,0,0,0,785,0,31,0,0,0,0,0,70,0,0,0,0,0,0,0,0,0,0,0,0,0,0,0,21,0,46,0,0,0,0,0,80,0,0,0,13,0,79,0,174,0,152,0,60,0,709,0,0,0,0,0,0,0,0,0,0,0,30,0,0,0,14,0,0,0,0,0,0,0,8,0,0,0,25,0,62,1,0,0,0,9,6,0,0,0,28,0,0,0,0,0,0,0,0,0,0,0,0,0,0,0,0,0,341,0,0,0,0,0,0,0,12,0,15,119,35,34,45,0,0,1,0,0,0,0,0,0,0
19,39,15,34,0,0,0,138,2,3,0,4,0,0,1,10,4,0,0,22,1,108,19,122,6,224,0,0,0,168,0,67,0,46,0,8,0,4,0,39,0,0,0,0,0,0,0,0,0,0,0,0,0,164,0,147,0,30,0,0,0,0,0,179,0,0,0,0,0,0,0,0,0,0,0,0,0,4,0,0,0,30,0,0,0,106,0,0,0,0,0,0,0,0,0,0,0,47,0,27,0,0,0,0,0,0,0,50,0,0,0,0,0,0,0,0,0,0,0,0,0,0,0,0,0,0,0,0,0,203,0,0,0,200,0,400,0,394,0,194,0,11,0,126,0,0,0,0,0,0,0,0,0,0,0,57,0,0,0,47,0,0,0,0,0,2,0,5,0,0,0,0,0,8,0,0,0,43,0,7,0,0,0,5,0,0,0,0,0,0,0,0,0,0,0,0,0,0,0,0,0,61,0,0,0,0,0,0,0,49,0,0,0,0,3,0,0,0,0,6,0,0,0,0,0
0,0,133,0,210,184,0,0,0,0,11,61,157,355,480,14,104,0,0,260,277,104,632,0,0,0,301,244,5,0,30,0,4,0,425,16,56,0,0,0,40,12,166,27,0,18,16,50,9,6,363,24,0,0,0,0,0,0,0,0,0,0,49,0,0,0,2,0,0,0,0,0,0,0,0,0,0,0,0,0,0,0,0,0,0,0,0,0,0,0,0,0,0,0,0,0,0,0,0,0,0,0,0,0,0,0,0,0,0,0,0,0,0,0,0,0,0,0,0,0,0,0,0,0,0,0,0,0,0,0,0,0,0,0,0,0,0,0,0,0,0,0,0,0,0,0,0,0,0,0,4,0,0,0,0,0,0,0,0,0,0,0,0,0,57,0,68,4,91,0,0,0,0,0,0,0,25,28,14,0,0,0,0,0,8,0,29,14,0,0,0,0,0,0,0,0,0,0,0,0,0,0,0,0,0,0,0,0,0,0,112,159,300,0,82,0,0,0,18,30,59,0,0,0,0
0,98,8,96,255,301,0,68,0,14,18,35,316,34,151,422,0,22,260,0,43,681,4,219,0,54,18,767,0,0,0,81,0,0,30,377,21,39,0,3,12,3,0,155,0,52,0,68,0,0,24,392,0,60,0,69,0,0,0,0,0,0,0,93,0,33,0,3,0,0,0,0,0,0,0,0,0,0,0,0,0,0,0,0,0,0,0,0,0,0,0,0,0,0,0,0,0,0,0,0,0,41,0,0,0,0,0,0,0,0,0,0,0,10,0,0,0,0,0,0,0,0,0,0,0,59,0,0,0,0,0,0,0,0,0,465,0,260,0,0,0,0,0,0,0,0,0,0,0,90,0,55,0,68,0,0,0,0,0,0,0,0,0,0,3,47,0,104,0,100,0,0,0,61,0,0,0,63,36,5,0,27,0,16,0,28,9,4,0,0,0,5,0,0,0,40,0,21,0,0,0,115,0,0,0,0,0,0,0,172,0,23,119,0,135,0,0,0,114,100,344,86,1,0,0
34,11,256,7,338,61,0,0,0,0,166,13,48,47,389,19,668,1,277,43,0,18,413,5,103,0,231,44,54,0,52,0,14,0,60,0,3,0,22,0,0,0,70,0,79,0,0,12,4,0,136,0,24,0,27,0,0,0,0,0,0,0,141,0,0,0,0,0,0,0,32,0,0,0,0,0,0,0,0,0,39,0,0,0,229,0,24,0,0,0,0,0,0,0,0,0,529,0,67,0,0,0,0,0,0,0,0,0,0,0,0,0,0,0,0,0,0,0,0,0,0,0,0,0,0,0,0,0,0,0,0,0,0,0,62,0,0,0,41,0,0,0,282,0,7,0,0,0,4,0,0,0,2,0,6,0,0,0,0,0,0,0,0,0,31,0,66,0,57,0,6,0,29,0,0,0,45,35,44,0,0,0,23,0,0,0,14,0,0,0,0,0,0,0,0,0,0,0,0,0,184,0,0,0,0,0,0,0,0,0,165,181,193,47,72,0,0,0,0,0,0,0,0,0,0
0,0,0,62,126,101,0,0,0,0,0,78,90,86,100,315,0,108,104,681,18,0,14,416,0,100,0,456,0,115,0,273,11,261,0,196,7,48,0,18,0,0,0,84,0,87,0,0,0,12,0,153,0,35,0,29,0,0,0,0,0,9,0,141,0,0,0,0,0,0,0,0,0,0,0,0,0,0,0,0,0,201,0,0,0,637,0,0,0,0,0,0,0,0,0,0,0,0,0,124,0,0,0,0,0,9,0,0,0,0,0,0,0,5,0,0,0,0,0,0,0,0,0,0,0,0,0,0,0,169,0,0,0,0,0,543,0,438,0,402,0,194,0,772,0,31,0,0,0,0,0,0,0,0,0,24,0,6,0,0,0,0,0,0,0,39,0,61,0,49,0,4,0,32,0,0,0,49,15,16,0,0,0,0,0,0,0,11,0,0,0,0,0,0,0,0,0,0,0,0,0,60,0,0,0,0,0,0,0,0,0,0,32,0,35,0,0,0,58,57,84,13,0,0,0
30,243,240,75,67,72,55,20,0,0,30,118,0,0,519,153,169,19,632,4,413,14,0,158,112,48,373,0,156,0,104,0,63,14,0,2,23,0,118,10,1,0,0,0,33,0,57,0,7,0,0,0,1,0,67,0,0,0,0,0,0,0,9,0,0,0,0,0,0,0,0,0,0,0,0,0,0,0,0,0,0,0,0,0,7,0,0,0,0,0,0,0,0,0,0,0,0,0,0,0,0,0,0,0,0,0,0,0,0,0,0,0,0,0,0,0,0,0,0,0,0,0,0,0,0,0,0,0,9,0,37,0,0,0,54,0,89,0,10,0,0,0,220,0,0,0,2,0,0,0,0,0,0,0,4,0,0,0,0,0,0,0,0,0,0,0,14,0,0,0,9,0,118,0,0,0,4,75,8,0,0,0,13,0,0,0,0,0,0,0,0,0,0,0,0,0,0,0,0,0,92,0,0,0,0,0,6,0,0,0,53,223,45,47,78,0,0,0,8,2,0,0,0,0,0
77,75,127,250,61,59,0,18,0,1,78,60,0,0,26,288,15,122,0,219,5,416,158,0,12,75,0,47,2,78,0,79,7,138,0,15,2,4,0,13,0,0,0,0,0,0,0,0,0,0,0,0,0,63,0,50,0,9,0,0,0,0,0,101,0,0,0,0,0,0,0,0,0,0,0,0,0,0,0,0,0,0,0,0,0,130,0,0,0,0,0,0,0,0,0,0,0,0,0,37,0,0,0,0,0,0,0,0,0,0,0,0,0,0,0,0,0,0,0,0,0,0,0,0,1,0,0,0,0,62,0,0,0,0,0,375,0,226,0,37,0,0,0,73,0,0,0,0,0,0,0,0,0,2,0,0,0,0,0,0,0,0,0,0,0,0,0,17,0,0,0,0,3,8,0,0,0,116,3,12,0,0,3,0,0,0,0,0,0,0,0,0,0,0,0,0,0,0,0,0,0,0,0,0,0,0,0,0,0,63,7,0,0,0,7,0,0,0,9,15,4,0,0,0,0
12,141,141,0,8,0,212,148,1,191,2,0,3,0,75,0,249,6,0,0,103,0,112,12,0,107,0,0,162,0,0,0,0,0,0,0,0,0,153,7,0,0,0,0,27,0,20,0,22,0,0,0,77,8,167,13,25,0,14,0,266,14,216,0,0,0,0,0,0,0,0,0,0,0,0,0,0,0,0,0,0,0,0,0,0,0,0,0,0,0,0,0,0,0,0,0,0,0,0,0,0,0,1,0,0,0,0,0,0,0,0,0,0,0,0,0,0,0,0,0,0,0,4,0,0,0,3,0,51,0,64,0,11,0,65,0,210,0,43,0,0,0,386,0,0,0,4,0,0,0,0,0,0,0,29,0,2,0,11,0,9,0,3,0,10,0,0,0,12,0,53,0,250,0,0,0,0,83,0,0,0,0,0,7,0,0,0,0,0,0,0,0,0,0,0,0,0,0,0,0,91,0,0,0,0,0,0,0,4,0,164,82,132,190,335,0,18,1,9,1,15,8,0,2,0
211,7,109,104,0,0,53,21,65,0,0,0,0,1,0,99,21,224,0,54,0,100,48,75,107,0,1,0,0,256,0,21,0,38,0,0,0,0,0,123,0,0,0,0,0,0,0,0,0,0,0,0,0,34,0,172,0,24,0,1,0,37,2,22,4,0,0,0,0,0,0,0,0,0,0,0,0,0,0,0,0,0,0,0,0,0,0,0,0,0,0,0,0,0,0,0,0,0,0,0,0,0,0,0,0,0,0,0,0,0,0,0,0,0,0,0,0,0,0,0,0,0,0,0,0,0,0,0,0,87,0,0,0,116,0,203,0,201,0,46,0,0,0,0,0,0,0,0,0,0,0,0,0,0,0,10,0,0,0,0,0,0,0,0,0,0,0,6,0,0,0,0,0,45,0,0,0,103,0,0,0,0,15,4,0,0,0,0,0,0,0,0,0,0,0,0,0,10,0,0,0,0,0,0,0,0,0,0,0,82,4,0,0,0,51,0,0,0,37,18,68,20,0,5,0
40,0,140,0,272,0,31,0,0,0,63,0,353,269,176,0,232,0,301,18,231,0,373,0,0,1,0,284,32,0,17,0,8,0,14,0,15,0,0,0,102,95,188,44,212,21,272,260,41,14,146,0,0,0,0,0,0,0,0,0,0,0,109,0,0,0,0,0,0,0,39,0,0,0,0,0,0,0,0,0,0,0,0,0,0,0,0,0,6,0,0,0,0,0,0,0,0,0,0,0,0,0,0,0,0,0,0,0,0,0,0,0,0,0,0,0,0,0,0,0,0,0,0,0,0,0,0,0,0,0,0,0,0,0,0,0,0,0,0,0,0,0,0,0,0,0,0,0,20,0,0,0,22,0,0,0,0,0,0,0,0,0,12,0,87,0,41,0,0,0,0,0,22,0,0,0,52,35,15,0,0,0,18,0,20,0,37,4,0,0,0,0,0,0,0,0,0,0,0,0,0,0,0,0,0,0,0,0,0,0,85,358,455,73,60,0,0,6,0,0,18,0,0,0,0
3,213,0,33,48,484,0,34,0,13,0,221,489,202,10,36,0,0,244,767,44,456,0,47,0,0,284,0,0,0,0,0,0,0,0,0,0,11,0,0,280,38,101,350,11,413,53,323,0,70,93,216,0,0,0,16,0,0,0,2,0,0,0,0,0,19,0,0,0,0,0,0,0,0,0,0,0,13,0,0,0,0,0,14,0,0,1,0,0,0,0,0,0,0,0,28,0,0,0,0,0,0,0,33,0,0,0,0,0,0,0,0,0,0,0,0,0,0,0,0,0,0,0,0,0,0,0,0,0,0,0,0,0,0,0,145,0,0,0,0,0,0,0,0,0,0,0,0,0,90,0,0,0,0,0,0,0,0,0,0,0,0,0,0,0,70,0,0,0,0,0,0,0,0,0,0,0,108,7,25,0,37,0,16,0,27,35,50,0,0,0,0,0,0,0,0,0,0,0,0,0,0,0,27,0,0,0,0,0,0,0,0,0,0,71,0,0,0,46,431,587,48,0,0,13
188,0,497,0,44,0,31,0,0,0,0,0,0,0,0,0,334,0,5,0,54,0,156,2,162,0,32,0,0,0,14,0,23,0,13,0,48,0,30,0,0,0,15,0,20,0,0,0,0,0,0,0,22,0,15,0,9,0,0,0,31,0,93,0,0,0,0,0,0,0,40,0,5,0,31,0,0,0,0,0,33,0,0,0,158,0,30,0,0,0,44,0,0,0,0,0,305,0,34,0,0,0,0,0,0,0,0,0,0,0,0,0,0,0,0,0,0,0,0,0,51,0,35,0,0,0,0,0,20,0,0,0,0,0,47,0,49,0,89,0,47,0,194,0,13,0,0,0,0,0,0,0,0,0,21,0,2,0,18,0,0,0,0,0,6,0,0,0,8,0,1,0,0,0,0,0,53,9,0,0,3,0,43,0,0,0,0,0,0,0,0,0,0,0,0,0,0,0,0,0,101,0,0,0,0,0,0,0,4,0,0,42,0,0,0,0,0,0,0,0,0,0,0,0,0
0,85,0,99,0,6,0,496,1,28,0,2,0,0,0,0,2,168,0,0,0,115,0,78,0,256,0,0,0,0,0,66,0,59,0,30,0,7,0,21,0,0,0,4,0,0,0,0,0,0,0,3,0,16,0,122,0,6,0,2,0,50,0,28,0,0,0,0,0,0,0,0,0,0,0,0,0,0,0,0,0,0,0,0,0,22,0,0,0,0,0,0,0,0,0,0,0,8,0,0,0,0,0,0,0,0,0,0,0,0,0,0,0,0,0,0,0,0,0,0,0,0,0,0,0,0,0,0,0,34,0,0,0,0,0,52,0,54,0,120,0,18,0,49,0,14,0,0,0,0,0,0,0,0,0,28,0,6,0,25,0,0,0,0,0,0,0,0,0,0,0,0,0,0,0,0,0,32,0,0,0,0,1,0,0,0,0,0,0,0,0,0,0,0,0,0,0,0,0,0,0,0,0,0,0,0,0,0,0,0,0,0,0,0,0,0,0,0,1,5,0,0,0,0,0
28,0,214,0,324,32,0,0,0,0,147,6,0,0,204,13,68,0,30,0,52,0,104,0,0,0,17,0,14,0,0,0,7,0,31,2,12,0,3,0,0,0,0,0,0,0,0,0,1,0,8,0,3,0,0,0,0,0,0,0,1,0,15,0,0,0,0,0,0,0,3,0,0,0,0,0,0,0,0,0,0,0,0,0,0,0,0,0,0,0,0,0,0,0,0,0,98,0,0,0,0,0,0,0,0,0,0,0,0,0,0,0,0,0,0,0,0,0,0,0,0,0,5,0,0,0,0,0,0,0,0,0,0,0,0,0,0,0,0,0,0,0,0,0,3,0,0,0,0,0,0,0,0,0,1,0,0,0,0,0,0,0,0,0,0,0,33,0,8,0,0,0,0,0,0,0,46,0,28,0,0,0,0,0,0,0,0,0,0,0,0,0,0,0,0,0,0,0,0,0,0,0,0,0,0,0,0,0,0,0,0,26,32,0,0,0,0,0,0,0,0,0,0,0,0
0,17,0,77,0,106,0,0,0,0,0,19,2,0,0,174,0,67,0,81,0,273,0,79,0,21,0,0,0,66,0,0,0,20,0,18,0,17,0,19,0,0,0,10,0,0,0,0,0,0,0,6,0,0,0,0,0,0,0,0,0,0,0,8,0,0,0,0,0,0,0,0,0,0,0,0,0,0,0,0,0,0,0,0,0,0,0,0,0,0,0,0,0,0,0,0,0,0,0,0,0,0,0,0,0,0,0,0,0,0,0,0,0,0,0,0,0,0,0,0,0,0,0,0,0,0,0,0,0,0,0,0,0,0,0,0,0,72,0,181,0,59,0,0,0,17,0,0,0,0,0,0,0,0,0,14,0,0,0,13,0,0,0,0,0,0,0,4,0,0,0,0,0,0,0,0,0,5,0,2,0,0,0,0,0,0,0,0,0,0,0,0,0,0,0,0,0,0,0,0,0,0,0,0,0,0,0,0,0,0,0,0,0,0,0,0,0,0,0,1,0,0,0,0,0
28,0,119,0,414,0,16,0,0,0,394,17,0,0,153,45,24,0,4,0,14,11,63,7,0,0,8,0,23,0,7,0,0,0,6,0,77,0,3,0,0,0,0,0,9,0,0,0,1,0,4,0,0,0,3,0,0,0,0,0,15,0,4,0,0,0,0,0,0,0,4,0,0,0,0,0,0,0,0,0,0,0,0,0,12,0,0,0,0,0,0,0,0,0,0,0,0,0,0,0,0,0,0,0,0,0,0,0,0,0,0,0,0,0,0,0,0,0,0,0,0,0,0,0,0,0,0,0,0,0,0,0,0,0,0,0,0,0,0,0,0,0,0,0,16,0,0,0,0,0,0,0,0,0,10,0,7,0,16,0,0,0,0,0,0,0,69,0,7,0,7,0,4,0,0,0,92,68,79,0,0,0,25,0,0,0,0,0,0,0,0,0,0,0,0,0,0,0,0,0,0,0,0,0,0,0,0,0,0,0,0,19,33,0,0,0,0,0,0,0,0,0,0,0,0
0,232,13,388,12,229,0,88,0,0,0,144,0,0,10,233,3,46,0,0,0,261,14,138,0,38,0,0,0,59,0,20,0,0,0,33,0,91,0,1,0,0,0,8,0,0,0,0,0,0,0,14,0,0,0,37,0,0,0,0,0,22,0,0,0,0,0,0,0,0,0,0,0,0,0,0,0,0,0,0,0,0,0,0,0,0,0,0,0,0,0,0,0,0,0,0,0,0,0,0,0,0,0,0,0,0,0,0,0,0,0,0,0,0,0,0,0,0,0,0,0,0,0,0,0,0,0,0,0,0,0,0,0,0,0,0,0,0,0,64,0,0,0,0,0,24,0,0,0,0,0,0,0,0,0,11,0,35,0,0,0,0,0,0,0,0,0,55,0,2,0,0,2,13,0,0,0,95,0,9,0,0,0,0,0,0,0,0,0,0,0,0,0,0,0,0,0,0,0,0,0,0,0,0,0,0,0,0,0,0,0,0,0,0,2,0,0,0,0,88,0,2,0,0,0
0,0,0,0,198,0,0,0,0,0,0,0,97,22,110,2,36,0,425,30,60,0,0,0,0,0,14,0,13,0,31,0,6,0,0,1,59,0,0,0,0,0,6,0,1,0,0,6,0,0,16,0,0,0,0,0,0,0,0,0,0,0,0,0,0,0,0,0,0,0,15,0,0,0,16,0,0,0,0,0,0,0,4,0,82,0,0,0,0,0,0,0,0,0,0,0,0,0,0,0,0,0,0,0,0,0,0,0,0,0,0,0,0,0,0,0,0,0,0,0,23,0,0,0,0,0,0,0,0,0,0,0,0,0,0,0,0,0,6,0,0,0,0,0,5,0,5,0,0,0,0,0,0,0,0,0,2,0,0,0,0,0,0,0,17,0,78,0,0,0,4,0,0,0,0,0,39,14,19,0,0,0,0,0,7,0,8,0,0,0,0,0,0,0,0,0,0,0,0,0,0,0,0,0,0,0,0,0,0,0,47,69,115,0,22,0,0,1,0,0,0,0,0,0,0
0,0,0,0,9,218,1,0,0,0,0,34,13,21,6,100,0,8,16,377,0,196,2,15,0,0,0,0,0,30,2,18,0,33,1,0,0,380,0,5,0,0,0,11,0,0,0,0,0,0,0,16,0,0,0,0,0,0,0,0,0,19,0,0,0,0,0,0,0,0,0,0,0,0,0,0,0,0,0,0,0,63,0,0,0,227,0,0,0,0,0,0,0,0,0,0,0,0,0,36,0,0,0,0,0,0,0,0,0,0,0,0,0,0,0,0,0,0,0,0,0,36,0,0,0,0,0,0,0,0,0,0,0,0,0,78,0,86,0,236,0,129,0,347,0,33,0,0,0,0,0,0,0,0,0,12,0,0,0,5,0,0,0,0,0,0,0,29,0,0,0,0,0,6,0,0,0,0,0,4,0,0,0,0,0,0,0,1,0,0,0,0,0,0,0,3,0,0,0,0,0,0,0,0,0,0,0,0,0,0,0,0,4,0,0,0,0,0,9,8,41,10,0,0,0
35,0,48,0,254,0,10,0,0,0,208,0,68,0,78,0,16,0,56,21,3,7,23,2,0,0,15,0,48,0,12,0,77,0,59,0,0,0,254,0,0,0,32,0,38,0,1,0,2,0,74,0,0,0,0,0,0,0,0,0,30,0,29,0,0,0,0,0,0,0,133,0,0,0,102,0,0,0,0,0,65,0,0,0,233,0,0,0,0,0,0,0,0,0,0,0,197,0,116,0,0,0,0,0,0,0,0,0,0,0,0,0,0,0,0,0,0,0,0,0,125,0,46,0,0,0,0,0,0,0,0,0,0,0,0,0,36,0,114,0,149,0,96,0,138,0,0,0,11,0,0,0,12,0,53,0,37,0,65,0,0,0,47,0,12,0,99,3,48,0,31,0,16,0,0,0,0,36,75,0,0,0,35,0,6,0,2,0,0,0,0,0,0,0,0,0,0,0,0,0,0,0,0,0,0,0,0,0,0,0,0,19,85,0,0,0,0,0,0,4,0,0,0,0,0
0,145,0,66,3,151,0,53,0,15,0,86,0,5,6,117,0,4,0,39,0,48,0,4,0,0,0,11,0,7,0,17,0,91,0,380,0,0,0,2,0,0,0,68,0,31,0,0,0,0,0,89,0,0,0,0,0,0,0,0,0,43,0,0,0,0,0,0,0,0,0,8,0,0,0,0,0,0,0,0,0,30,0,0,0,93,0,9,0,0,0,0,0,0,0,0,0,0,0,10,0,0,0,0,0,0,0,0,0,0,0,0,0,0,0,0,0,0,0,0,0,16,0,11,0,0,0,0,0,20,0,0,0,0,0,0,0,25,0,116,0,74,0,114,0,72,0,0,0,0,0,0,0,0,0,7,0,53,0,9,0,0,0,0,0,2,0,58,0,7,0,15,0,53,0,0,0,72,0,8,0,0,0,0,0,2,0,0,0,0,0,0,0,0,0,0,0,0,0,0,0,0,0,1,0,0,0,0,0,0,0,0,0,0,2,0,0,0,0,95,5,1,0,0,0
478,0,572,6,136,0,47,0,9,0,144,0,0,0,10,0,82,0,0,0,22,0,118,0,153,0,0,0,30,0,3,0,3,0,0,0,254,0,0,0,0,0,0,0,0,0,0,0,0,0,0,0,5,0,6,0,0,0,0,0,9,0,18,0,0,0,0,0,0,0,0,0,0,0,0,0,0,0,0,0,0,0,0,0,0,0,0,0,0,0,0,0,0,0,0,0,0,0,0,0,0,0,0,0,0,0,0,0,0,0,0,0,0,0,0,0,0,0,0,0,0,0,0,0,0,0,0,0,0,0,0,0,0,0,0,0,0,0,0,0,0,0,0,0,19,0,0,0,0,0,0,0,0,0,17,0,35,0,0,0,0,0,0,0,0,0,39,0,0,0,6,0,60,0,0,0,76,21,45,0,0,0,118,0,0,0,0,0,0,0,0,0,0,0,0,0,0,0,0,0,29,0,0,0,0,0,0,0,0,0,2,54,9,6,0,0,0,0,0,0,0,0,0,0,0
0,333,20,166,0,11,2,614,0,62,0,7,0,0,0,12,0,39,0,3,0,18,10,13,7,123,0,0,0,21,0,19,0,1,0,5,0,2,0,0,0,0,0,0,0,0,0,0,0,0,0,0,0,8,0,57,0,0,0,0,0,29,0,6,0,0,0,0,0,0,0,0,0,0,0,0,0,0,0,0,0,0,0,0,0,0,0,0,0,0,0,0,0,0,0,0,0,0,0,0,0,0,0,0,0,0,0,0,0,0,0,0,0,0,0,0,0,0,0,0,0,0,0,0,0,0,0,0,0,0,0,0,0,0,0,10,0,0,0,28,0,5,0,0,0,20,0,0,0,0,0,0,0,0,0,6,0,63,0,11,0,0,0,0,0,0,0,2,0,0,0,0,0,41,0,0,0,125,0,0,0,0,1,36,0,2,0,0,0,0,0,0,0,0,0,0,0,0,0,0,0,0,0,0,0,0,0,0,0,0,0,0,0,0,0,0,0,0,0,64,0,0,0,0,0
24,0,0,0,96,0,0,0,0,0,65,0,373,210,0,0,0,0,40,12,0,0,1,0,0,0,102,280,0,0,0,0,0,0,0,0,0,0,0,0,0,182,56,38,22,66,254,507,199,130,0,0,0,0,0,0,0,0,0,0,0,0,0,0,0,0,0,0,0,0,0,0,0,0,0,0,0,0,0,0,0,0,0,0,0,0,0,0,0,0,0,0,0,0,0,0,0,0,0,0,0,0,0,0,0,0,0,0,0,0,0,0,0,0,0,0,0,0,0,0,0,0,0,0,0,0,0,0,0,0,0,0,0,0,0,0,0,0,0,0,0,0,2,0,0,0,0,0,0,0,0,0,21,0,0,0,0,0,0,0,0,0,0,0,0,0,0,0,0,0,0,0,0,0,12,0,108,105,29,0,52,0,0,0,6,0,131,0,0,0,0,0,0,0,0,0,0,0,0,0,0,0,0,0,0,0,0,0,0,0,0,280,41,0,0,0,0,28,0,6,5,0,0,0,7
0,50,0,2,4,88,0,0,0,0,0,98,60,319,0,0,0,0,12,3,0,0,0,0,0,0,95,38,0,0,0,0,0,0,0,0,0,0,0,0,182,0,19,5,8,4,144,281,9,211,10,0,0,0,0,0,0,0,0,0,0,0,0,0,0,0,0,0,0,0,0,0,0,0,0,0,0,0,0,0,0,0,0,0,0,0,0,0,0,0,0,0,0,0,0,0,0,0,0,0,0,0,0,0,0,0,0,0,0,0,0,0,0,0,0,0,0,0,0,0,0,0,0,0,0,0,0,0,0,0,0,0,0,0,0,0,0,0,0,0,0,0,0,0,0,0,0,0,0,6,0,8,0,0,0,0,0,0,0,0,0,0,0,0,0,0,0,0,0,0,0,0,0,0,0,0,0,243,0,32,0,35,0,0,0,0,23,24,0,0,0,0,0,0,0,0,0,0,0,0,0,0,0,0,0,0,0,0,0,0,0,7,0,0,0,0,0,1,0,42,11,0,0,0,39
0,0,0,0,19,7,8,0,0,0,5,0,290,67,12,0,0,0,166,0,70,0,0,0,0,0,188,101,15,0,0,0,0,0,6,0,32,0,0,0,56,19,0,0,103,8,32,86,11,4,57,1,0,0,0,0,0,0,0,0,0,0,0,0,0,0,0,0,0,0,46,0,0,0,38,0,2,0,0,0,44,0,0,0,116,0,0,0,0,0,0,0,0,0,0,0,107,0,60,0,0,0,0,0,0,0,0,0,0,0,0,0,0,0,0,0,0,0,0,0,0,0,0,0,0,0,0,0,0,0,0,0,0,0,0,0,0,0,0,0,0,0,0,0,14,0,0,0,0,0,0,0,0,0,4,0,0,0,0,0,0,0,10,0,23,0,22,0,12,0,7,0,6,0,0,0,26,9,21,0,0,0,0,0,0,0,91,2,0,0,0,0,0,0,0,0,0,0,0,0,0,0,5,0,0,0,0,0,0,0,28,56,43,15,17,0,0,2,0,0,0,0,0,0,0
0,0,0,0,0,33,0,0,0,0,0,2,63,256,2,0,0,0,27,155,0,84,0,0,0,0,44,350,0,4,0,10,0,8,0,11,0,68,0,0,38,5,0,0,0,333,13,21,0,48,0,76,0,0,0,0,0,0,0,0,0,7,0,0,0,0,0,0,0,0,0,28,0,6,0,38,0,0,0,6,0,86,0,0,0,146,0,37,0,10,0,0,0,5,0,0,0,0,0,24,0,32,0,14,0,0,0,0,0,0,0,0,0,0,0,0,0,0,0,0,0,41,0,29,0,0,0,0,0,0,0,0,0,0,0,0,0,38,0,80,0,107,0,160,0,56,0,0,0,0,0,0,0,0,0,6,0,0,0,1,0,0,0,4,0,66,0,42,0,36,0,10,0,13,0,0,0,40,0,1,0,0,0,0,0,0,7,100,0,0,0,0,0,0,0,0,0,0,0,0,0,0,0,0,0,0,0,0,0,0,0,0,0,0,12,0,0,0,49,56,124,11,0,0,1
19,0,18,0,0,0,0,0,4,0,5,0,33,7,0,0,116,0,0,0,79,0,33,0,27,0,212,11,20,0,0,0,9,0,1,0,38,0,0,0,22,8,103,0,0,0,295,0,204,0,76,0,0,0,0,0,13,0,9,0,0,0,89,0,0,0,0,0,2,0,127,0,14,0,117,0,0,0,0,0,132,0,0,0,485,0,95,0,0,0,0,0,12,0,0,0,893,0,202,0,0,0,0,0,0,0,0,0,1,0,0,0,0,0,0,0,0,0,0,0,155,0,56,0,0,0,0,0,14,0,0,0,4,0,0,0,0,0,31,0,0,0,167,0,41,0,0,0,0,0,0,0,0,0,7,0,0,0,0,0,6,0,0,0,213,0,26,0,37,0,0,0,28,0,0,0,15,0,9,0,0,0,0,0,0,0,21,0,0,0,0,0,0,0,0,0,0,0,0,0,71,0,0,0,0,0,0,0,0,0,67,120,361,45,39,0,0,55,0,0,0,0,0,0,0
0,3,0,0,0,14,0,3,0,0,0,9,21,35,1,0,0,0,18,52,0,87,0,0,0,0,21,413,0,0,0,0,0,0,0,0,0,31,0,0,66,4,8,333,0,0,36,231,11,368,0,93,0,0,0,0,0,0,0,0,0,3,0,0,0,0,0,0,0,17,0,44,0,5,0,41,0,0,0,0,0,179,0,51,0,349,0,74,0,44,0,0,0,53,0,108,0,0,0,44,0,76,0,40,0,0,0,23,0,0,0,0,0,18,0,0,0,0,0,0,0,70,0,27,0,0,0,0,0,0,0,2,0,0,0,71,1,38,0,0,0,85,0,216,0,56,0,0,0,0,0,0,0,0,0,0,0,12,0,0,0,0,0,9,0,264,0,25,0,60,0,13,0,11,0,0,0,22,1,0,0,0,0,0,0,0,3,0,0,34,0,1,0,0,0,59,0,2,0,0,0,12,0,0,0,0,0,0,0,0,0,6,0,0,25,0,0,0,75,171,364,11,0,1,125
12,0,41,0,34,0,0,0,3,0,55,0,282,0,0,0,0,0,16,0,0,0,57,0,20,0,272,53,0,0,0,0,0,0,0,0,1,0,0,0,254,144,32,13,295,36,0,324,267,124,10,2,0,0,0,0,0,0,0,0,0,0,12,0,0,0,0,0,0,0,0,0,0,0,0,0,0,0,0,0,0,0,0,0,0,0,0,0,0,0,0,0,0,0,0,0,0,0,0,0,0,0,0,0,0,0,0,0,0,0,0,0,0,0,0,0,0,0,0,0,0,0,0,0,0,0,0,0,0,0,0,0,0,0,0,0,0,0,0,0,0,0,0,0,0,0,0,0,0,0,0,0,0,0,0,0,0,0,0,0,0,0,0,0,58,0,3,0,0,0,0,0,2,0,0,0,53,72,61,0,0,0,0,0,0,0,140,6,0,0,0,0,0,0,0,0,0,0,0,0,0,0,0,0,0,0,0,0,0,0,23,504,237,0,16,0,0,197,0,8,0,0,0,0,0
0,69,0,0,0,101,0,0,0,5,0,109,173,180,1,0,0,0,50,68,12,0,0,0,0,0,260,323,0,0,0,0,0,0,6,0,0,0,0,0,507,281,86,21,0,231,324,0,54,242,45,0,0,0,0,0,0,0,0,0,0,0,0,0,0,9,0,0,0,0,0,0,0,0,0,0,0,0,0,0,0,0,0,0,0,0,0,0,0,0,0,0,0,0,0,0,0,0,0,0,0,0,0,0,0,1,0,0,0,0,0,0,0,0,0,0,0,0,0,0,0,0,0,0,0,0,0,0,0,0,0,0,0,0,0,0,0,0,0,0,0,0,0,0,0,0,0,0,0,13,0,0,0,0,0,0,0,0,0,0,0,0,0,0,0,0,0,0,0,2,0,0,0,0,0,0,0,141,0,19,0,0,0,5,0,0,66,16,0,0,0,0,0,0,0,0,0,0,0,0,0,0,0,0,0,0,0,0,0,0,0,14,0,0,0,0,0,4,0,390,86,0,0,0,121
24,0,48,0,29,0,108,0,25,0,0,0,59,2,0,0,7,0,9,0,4,0,7,0,22,0,41,0,0,0,1,0,1,0,0,0,2,0,0,0,199,9,11,0,204,11,267,54,0,69,30,0,5,0,28,0,43,0,38,0,1,0,0,0,1,0,10,0,2,0,0,0,0,0,1,0,0,0,4,0,7,0,4,0,0,0,0,0,18,0,3,0,20,0,22,0,14,0,0,0,12,0,20,0,10,0,2,0,0,0,0,0,0,0,0,0,0,0,1,0,2,0,0,0,7,0,3,0,2,0,16,0,5,0,8,0,0,0,2,0,0,0,9,0,0,0,1,0,0,0,0,1,0,0,0,0,0,0,0,0,42,0,7,0,22,0,8,0,4,0,3,0,7,0,0,0,179,15,30,0,27,0,0,0,0,0,274,0,11,0,4,0,6,0,12,0,0,0,4,0,4,0,0,0,0,0,6,0,3,0,170,159,301,38,97,2,5,56,0,8,0,1,0,0,6
0,0,0,0,0,0,0,0,0,0,0,33,20,113,0,0,0,0,6,0,0,12,0,0,0,0,14,70,0,0,0,0,0,0,0,0,0,0,0,0,130,211,4,48,0,368,124,242,69,0,0,4,0,0,0,0,0,0,0,0,0,0,0,0,0,0,0,0,0,1,0,0,0,0,0,0,0,0,0,0,0,4,0,4,0,0,0,5,0,2,0,0,0,4,0,3,0,0,0,0,0,0,0,0,0,1,0,0,0,0,0,0,0,2,0,0,0,0,0,0,0,0,0,0,0,0,0,0,0,0,0,0,0,0,0,18,0,12,0,0,0,0,0,6,0,0,0,0,0,0,0,12,0,17,0,0,0,0,0,0,0,0,0,0,0,2,0,0,0,0,0,0,0,1,0,14,0,212,0,16,0,38,0,7,0,13,60,43,0,0,0,0,0,0,0,0,0,0,0,0,0,0,0,0,0,0,0,0,0,0,0,21,12,0,8,0,0,0,16,102,21,0,0,0,67
0,0,0,0,118,0,0,0,0,0,0,0,461,70,15,0,48,0,363,24,136,0,0,0,0,0,146,93,0,0,8,0,4,0,16,0,74,0,0,0,0,10,57,0,76,0,10,45,30,0,0,0,0,0,0,0,0,0,18,0,0,0,0,0,0,0,0,0,0,0,53,0,0,0,0,0,16,0,0,0,37,0,0,0,94,0,48,0,0,0,0,0,0,0,45,0,188,0,55,0,14,0,0,0,0,0,0,0,0,0,0,0,0,0,0,0,0,0,0,0,46,0,0,0,0,0,0,0,0,0,0,0,0,0,0,0,0,0,0,0,0,0,0,0,16,0,0,0,0,0,0,0,0,0,0,0,0,0,0,0,0,0,16,0,75,0,80,0,124,0,18,0,26,0,4,1,53,9,20,0,0,0,3,0,0,0,67,1,0,0,0,0,0,0,0,0,0,0,0,0,0,0,0,0,0,0,0,0,0,0,46,82,132,53,41,0,0,3,0,0,0,0,0,0,0
0,7,0,0,0,162,0,0,0,0,0,0,29,180,0,12,0,0,24,392,0,153,0,0,0,0,0,216,0,3,0,6,0,14,0,16,0,89,0,0,0,0,1,76,0,93,2,0,0,4,0,0,0,0,0,0,0,0,0,0,0,0,0,0,0,0,0,0,0,3,0,26,0,8,0,0,0,20,0,0,0,77,0,13,0,141,0,59,0,0,0,0,0,0,0,0,0,0,0,23,0,27,0,12,0,0,0,0,0,0,0,0,0,0,0,0,0,0,0,0,0,41,0,0,0,0,0,0,0,0,0,0,0,0,0,27,0,0,0,64,0,82,0,143,0,46,0,0,0,0,0,0,0,0,0,0,0,0,0,0,0,0,0,13,0,26,0,28,0,121,0,17,0,24,0,0,0,15,0,2,0,7,1,2,0,0,0,37,0,0,0,1,0,0,0,42,0,1,0,0,0,0,0,30,0,38,0,0,0,0,0,0,9,0,0,0,0,0,31,11,70,12,0,1,2
9,0,3,0,1,0,124,6,98,73,0,0,0,0,4,0,168,0,0,0,24,0,1,0,77,0,0,0,22,0,3,0,0,0,0,0,0,0,5,0,0,0,0,0,0,0,0,0,5,0,0,0,0,3,175,29,158,5,78,26,16,0,245,1,0,3,12,42,0,0,0,0,3,0,0,0,0,0,0,0,5,0,0,0,29,0,0,0,0,0,9,0,0,0,0,0,52,0,0,0,0,0,0,0,0,0,0,0,0,0,0,0,0,0,0,0,0,0,0,0,0,0,11,0,0,0,2,0,82,0,22,1,0,0,6,0,95,0,236,1,31,0,170,0,11,0,0,0,0,0,0,0,0,0,166,0,84,0,54,0,8,0,0,0,1,0,0,0,0,0,116,0,5,0,0,3,3,5,1,0,0,0,0,0,11,0,0,0,0,0,0,0,0,0,0,0,0,0,2,0,19,0,0,0,0,0,0,0,0,0,61,117,84,40,54,0,5,0,0,0,3,1,0,0,0
0,41,0,3,0,7,26,0,50,87,0,0,0,0,0,14,0,164,0,60,0,35,0,63,8,34,0,0,0,16,0,0,0,0,0,0,0,0,0,8,0,0,0,0,0,0,0,0,0,0,0,0,3,0,19,113,0,135,15,56,0,59,0,162,0,0,14,32,0,0,0,0,0,0,0,0,0,0,0,0,0,0,0,0,0,0,0,0,0,0,0,0,0,0,0,0,0,0,0,0,0,0,0,0,0,0,0,5,0,0,0,0,0,0,0,0,0,0,0,0,0,0,0,0,0,0,0,0,0,125,0,5,0,71,0,31,0,67,0,257,0,19,0,0,0,17,0,0,0,0,0,0,0,0,0,151,0,53,0,127,0,9,0,0,0,0,0,0,0,0,0,0,0,0,0,0,0,90,0,0,0,0,0,43,0,42,0,0,0,0,0,0,0,0,0,0,0,0,0,0,0,0,0,0,0,0,0,2,0,12,0,0,0,0,0,0,0,0,0,0,0,0,0,0,0
0,0,37,0,0,0,141,8,16,245,0,0,0,0,33,0,34,0,0,0,27,0,67,0,167,0,0,0,15,0,0,0,3,0,0,0,0,0,6,0,0,0,0,0,0,0,0,0,28,0,0,0,175,19,0,89,112,5,146,46,49,3,96,4,0,0,4,77,0,0,0,0,2,0,0,0,0,0,0,0,0,0,0,0,0,0,0,0,0,0,0,0,0,0,0,0,0,0,0,0,0,0,0,0,0,0,0,0,0,0,0,0,0,0,0,0,0,0,0,0,0,0,0,0,2,0,0,0,46,0,118,0,14,0,0,0,136,0,16,0,0,0,98,0,0,0,0,0,6,0,0,0,0,0,56,0,27,1,24,0,27,0,0,0,2,0,0,0,0,0,219,0,22,0,1,0,11,14,0,0,0,0,0,2,0,0,0,0,0,0,0,0,0,0,0,0,0,0,0,0,0,0,0,0,0,0,0,0,0,0,188,70,305,218,288,0,52,0,7,5,0,0,0,0,0
17,7,0,55,0,11,49,81,219,90,0,0,0,0,0,134,2,147,0,69,0,29,0,50,13,172,0,16,0,122,0,0,0,37,0,0,0,0,0,57,0,0,0,0,0,0,0,0,0,0,0,0,29,113,89,0,0,222,29,36,2,408,17,668,0,0,69,48,0,4,0,0,0,0,0,0,0,4,0,0,0,0,0,0,0,0,0,0,0,0,0,0,0,0,0,0,1,0,0,0,0,0,0,0,0,0,0,0,0,0,0,0,0,0,0,0,0,0,0,0,0,0,0,0,0,67,0,0,0,156,0,111,0,111,0,93,0,148,0,66,0,1,0,0,0,0,0,0,0,0,0,20,0,0,3,99,2,41,0,33,0,81,0,0,0,11,0,13,0,44,0,361,0,230,0,0,3,45,0,1,0,0,0,14,1,11,0,0,0,0,0,0,0,6,0,0,0,11,0,41,0,0,0,0,0,0,0,6,0,88,0,0,0,0,511,0,0,0,261,27,614,416,11,101,0
0,0,0,0,6,0,128,0,18,0,0,0,0,0,0,0,8,0,0,0,0,0,0,0,25,0,0,0,9,0,0,0,0,0,0,0,0,0,0,0,0,0,0,0,13,0,0,0,43,0,0,0,158,0,112,0,0,4,276,44,0,0,26,0,32,0,108,60,1,0,0,0,0,0,0,0,0,0,0,0,0,0,0,0,1,0,0,0,0,0,0,0,0,0,0,0,0,0,0,0,0,0,0,0,0,0,0,0,0,0,0,0,0,0,0,0,0,0,0,0,0,0,0,0,9,0,0,0,24,0,109,0,0,0,14,0,48,0,21,3,0,0,24,0,14,0,0,0,6,0,0,0,0,0,215,9,114,0,85,13,219,15,25,0,4,0,16,0,10,0,354,0,18,0,0,0,8,0,0,0,0,39,0,0,8,0,0,0,0,0,0,0,0,0,0,0,0,0,0,0,0,0,0,0,0,0,0,0,0,0,489,133,736,423,794,31,86,8,0,0,0,0,0,0,0
0,0,0,30,0,0,0,60,9,36,0,0,0,0,0,0,0,30,0,0,0,0,0,9,0,24,0,0,0,6,0,0,0,0,0,0,0,0,0,0,0,0,0,0,0,0,0,0,0,0,0,0,5,135,5,222,4,0,24,327,0,34,0,26,6,5,26,44,0,14,0,0,0,0,0,0,0,4,0,0,0,0,0,0,0,0,0,0,0,0,0,0,0,0,0,0,0,0,0,2,0,0,0,0,0,0,0,0,0,0,0,0,0,0,0,0,0,0,0,0,0,0,0,0,0,35,0,0,0,114,0,81,0,60,0,26,0,56,0,115,0,0,0,0,0,21,0,0,0,3,0,4,0,0,4,279,0,81,0,118,0,145,0,0,0,5,0,0,0,41,0,579,0,43,0,0,0,3,0,0,0,0,0,0,6,4,0,0,0,0,0,1,0,0,0,0,0,0,0,0,0,0,0,0,0,0,0,1,0,24,0,0,0,0,846,0,0,0,487,55,1153,668,31,71,6
0,0,11,0,0,0,52,0,200,27,0,0,0,0,0,0,6,0,0,0,0,0,0,0,14,0,0,0,0,0,0,0,0,0,0,0,0,0,0,0,0,0,0,0,9,0,0,0,38,0,18,0,78,15,146,29,276,24,0,213,25,0,11,0,276,22,193,258,0,0,0,0,0,0,0,0,0,0,0,0,0,0,0,0,0,0,0,0,2,0,0,0,0,0,0,0,0,0,0,0,0,0,0,0,0,0,0,0,0,0,0,0,0,0,0,0,0,0,0,0,0,0,0,0,6,0,5,0,0,0,53,0,0,0,0,0,0,0,0,0,0,0,0,0,8,0,0,0,12,0,0,0,0,0,69,16,160,0,7,6,129,6,0,1,6,0,0,0,9,0,153,0,22,0,1,61,81,0,0,0,10,45,0,0,148,10,0,0,0,0,0,0,0,0,0,0,0,0,0,0,0,0,0,0,0,0,0,0,0,0,626,169,493,551,950,16,106,7,17,4,16,11,0,0,0
0,7,0,8,0,0,10,41,49,73,0,0,0,0,0,0,0,0,0,0,0,0,0,0,0,1,0,2,0,2,0,0,0,0,0,0,0,0,0,0,0,0,0,0,0,0,0,0,0,0,0,0,26,56,46,36,44,327,213,0,0,77,0,21,28,284,319,252,0,3,0,0,0,0,0,0,0,0,0,0,0,0,0,3,0,0,0,0,0,0,0,0,0,0,0,0,0,0,0,0,0,0,0,0,0,1,0,0,0,0,0,0,0,1,0,0,0,0,0,0,0,0,0,0,0,21,0,0,0,0,0,85,0,2,0,1,0,0,0,9,0,0,0,0,0,60,0,0,0,4,0,0,0,0,24,143,3,131,4,113,0,66,0,0,0,0,0,0,0,9,0,58,0,0,0,70,14,3,0,0,3,36,0,0,25,52,0,0,0,0,0,0,0,0,0,0,0,0,0,0,0,0,0,0,0,0,0,3,0,3,0,1,0,0,880,0,0,0,641,168,544,520,23,48,0
265,0,130,0,0,0,361,0,294,0,0,0,0,0,0,0,148,0,0,0,0,0,0,0,266,0,0,0,31,0,1,0,15,0,0,0,30,0,9,0,0,0,0,0,0,0,0,0,1,0,0,0,16,0,49,2,0,0,25,0,0,0,40,0,0,0,16,2,0,0,14,0,0,0,10,0,0,0,0,0,0,0,0,0,0,0,0,0,0,0,0,0,0,0,0,0,0,0,0,0,0,0,0,0,0,0,0,0,0,0,0,0,0,0,0,0,0,0,0,0,0,0,13,0,0,0,0,0,0,0,0,0,0,0,0,0,0,0,79,0,93,0,19,0,215,0,0,0,3,0,0,0,0,0,62,0,160,0,51,0,0,0,20,0,0,0,0,0,0,0,132,0,145,0,0,0,0,0,0,0,0,0,14,0,3,0,0,0,0,0,0,0,0,0,0,0,0,0,0,0,0,0,0,0,0,0,0,0,0,0,0,83,6,9,9,0,2,1,0,1,0,0,0,0,0
11,135,0,0,0,0,11,416,13,651,0,0,0,0,0,0,0,0,0,0,0,9,0,0,14,37,0,0,0,50,0,0,0,22,0,19,0,43,0,29,0,0,0,7,0,3,0,0,0,0,0,0,0,59,3,408,0,34,0,77,0,0,0,26,0,0,0,0,0,0,0,0,0,0,0,0,0,0,0,0,0,0,0,0,0,0,0,0,0,0,0,0,0,0,0,0,0,0,0,0,0,0,0,0,0,0,0,0,0,0,0,0,0,0,0,0,0,0,0,0,0,0,0,0,0,0,0,0,0,0,0,0,0,0,0,0,1,12,0,179,0,84,0,0,0,207,0,0,0,0,0,0,0,0,0,37,0,225,0,47,0,0,0,6,0,0,0,0,0,1,0,17,0,142,0,2,0,152,0,0,0,0,0,119,0,13,0,0,0,0,0,0,0,0,0,0,0,0,0,1,0,0,0,0,0,0,0,0,0,0,0,0,0,0,19,0,0,0,29,53,0,0,0,0,0
72,2,62,0,0,0,217,15,110,70,3,0,0,0,13,0,568,0,49,0,141,0,9,0,216,2,109,0,93,0,15,0,4,0,0,0,29,0,18,0,0,0,0,0,89,0,12,0,0,0,0,0,245,0,96,17,26,0,11,0,40,0,0,4,0,0,3,2,0,0,14,0,0,0,32,0,0,0,0,0,0,1,0,0,181,0,0,0,0,0,0,0,0,0,0,0,184,0,0,0,0,0,0,0,0,0,0,0,0,0,0,0,0,0,0,0,0,0,0,0,44,0,64,0,0,0,0,0,53,0,0,0,0,0,0,0,81,0,228,0,52,0,203,0,13,0,1,0,0,0,2,0,0,0,136,0,25,0,70,0,0,0,0,0,0,0,2,0,0,0,4,0,20,3,0,0,0,10,0,0,0,0,0,0,0,0,0,0,0,0,0,0,0,0,0,0,0,0,0,0,18,0,0,0,0,0,0,0,0,0,17,53,32,6,0,0,0,0,2,0,2,0,0,0,0
0,31,0,3,0,5,15,122,27,252,0,0,0,0,0,14,0,179,0,93,0,141,0,101,0,22,0,0,0,28,0,8,0,0,0,0,0,0,0,6,0,0,0,0,0,0,0,0,0,0,0,0,1,162,4,668,0,26,0,21,0,26,4,0,0,0,0,0,0,0,0,0,0,0,0,0,0,0,0,0,0,0,0,0,0,0,0,0,0,0,0,0,0,0,0,0,0,0,0,0,0,0,0,0,0,0,0,0,0,0,0,0,0,0,0,0,0,0,0,0,0,0,0,0,0,0,0,0,0,0,0,0,0,0,0,0,0,14,0,74,0,6,0,0,0,10,0,0,0,0,0,0,0,0,0,48,0,13,0,23,0,0,0,0,0,0,0,0,0,0,0,0,0,5,0,0,1,85,0,0,0,0,0,62,0,3,0,0,0,0,0,0,0,0,0,0,0,0,0,0,0,0,0,0,0,0,0,0,0,4,0,0,0,0,0,0,0,0,0,6,0,0,0,0,0
15,0,9,0,10,0,35,0,178,0,6,0,0,0,3,0,0,0,0,0,0,0,0,0,0,4,0,0,0,0,0,0,0,0,0,0,0,0,0,0,0,0,0,0,0,0,0,0,1,0,0,0,0,0,0,0,32,6,276,28,0,0,0,0,0,51,265,18,0,0,0,0,0,0,0,0,0,0,0,0,0,1,0,0,0,0,0,0,0,0,0,0,0,0,0,0,0,0,0,0,0,0,0,0,0,0,0,0,0,0,0,0,0,0,0,0,0,0,0,0,0,0,0,0,18,0,0,0,0,0,69,0,2,0,0,0,0,0,7,17,0,0,0,0,44,41,5,0,102,21,1,0,2,0,13,18,2,0,8,0,539,148,13,0,0,0,0,0,0,0,1,0,2,0,8,9,6,0,0,0,161,191,5,0,115,0,0,0,0,0,1,0,0,0,0,0,0,0,0,0,0,0,0,0,0,0,0,0,0,0,59,0,0,0,86,0,4,0,0,0,0,23,0,0,0
0,62,0,0,2,17,0,9,0,154,1,11,0,5,0,0,0,0,0,33,0,0,0,0,0,0,0,19,0,0,0,0,0,0,0,0,0,0,0,0,0,0,0,0,0,0,0,9,0,0,0,0,3,0,0,0,0,5,22,284,0,0,0,0,51,0,28,947,0,0,0,0,0,0,0,0,0,0,0,0,0,0,0,0,0,0,0,0,0,0,0,0,0,0,0,0,0,0,0,0,0,0,0,0,0,0,0,0,0,0,0,0,0,0,0,0,0,0,0,0,0,0,0,0,0,29,0,13,0,0,0,76,0,0,0,0,0,0,22,22,0,12,0,0,24,59,10,35,41,216,0,10,0,24,39,5,0,0,59,0,141,601,0,0,0,0,0,0,0,0,1,7,0,1,0,82,0,2,0,0,16,247,0,3,0,138,0,0,0,0,0,0,0,0,0,0,0,0,0,1,1,0,0,0,0,0,0,0,0,1,0,0,0,0,123,0,0,0,95,23,57,0,2,0,0
20,0,0,0,0,0,97,0,131,47,0,0,0,0,0,0,0,0,2,0,0,0,0,0,0,0,0,0,0,0,0,0,0,0,0,0,0,0,0,0,0,0,0,0,0,0,0,0,10,0,0,0,12,14,4,69,108,26,193,319,16,0,3,0,265,28,0,187,0,0,0,0,0,0,0,0,0,0,0,0,0,0,0,0,0,0,0,0,0,0,0,0,0,0,0,0,0,0,0,0,0,0,0,0,0,0,0,0,0,0,0,0,0,0,0,0,0,0,0,0,0,0,0,0,12,0,4,0,0,0,27,0,0,0,8,0,3,0,0,3,0,0,8,0,11,0,18,0,54,0,8,0,6,0,16,26,54,1,1,9,200,0,0,0,0,0,0,0,1,0,30,0,0,0,0,69,336,0,0,0,43,99,8,0,774,14,0,0,0,0,0,0,0,0,0,0,0,0,0,0,0,0,0,0,0,0,0,0,0,0,258,53,108,131,272,0,22,2,11,19,7,11,0,0,0
0,9,0,0,0,0,20,2,77,94,0,2,0,0,0,0,0,0,0,3,0,0,0,0,0,0,0,0,0,0,0,0,0,0,0,0,0,0,0,0,0,0,0,0,0,0,0,0,0,0,0,0,42,32,77,48,60,44,258,252,2,0,2,0,18,947,187,0,0,0,0,0,0,0,0,0,0,0,0,0,0,0,0,0,0,0,0,0,0,0,0,0,0,1,0,0,0,0,0,0,0,0,0,0,0,0,0,0,0,0,0,0,0,0,0,0,0,0,0,0,0,0,0,0,0,21,0,5,0,0,0,96,0,0,0,0,0,0,0,2,0,0,0,0,0,37,0,12,0,97,0,9,0,7,24,23,4,61,0,29,0,79,0,0,0,0,0,0,0,0,0,0,0,0,0,204,24,27,0,0,0,58,0,0,23,300,0,0,0,0,0,0,0,0,0,1,0,0,0,4,0,2,0,0,0,0,0,1,0,5,1,0,0,0,201,0,0,0,243,67,102,85,0,4,0
1,0,0,0,2,0,0,0,0,0,0,0,0,0,0,0,0,0,0,0,0,0,0,0,0,0,0,0,0,0,0,0,0,0,0,0,0,0,0,0,0,0,0,0,2,0,0,0,2,0,0,0,0,0,0,0,1,0,0,0,0,0,0,0,0,0,0,0,0,0,0,0,1,0,0,0,52,0,28,0,0,0,20,0,0,0,4,0,22,0,3,0,16,0,14,0,0,0,0,0,6,0,70,0,0,0,10,0,29,0,4,0,10,0,3,0,0,0,1,0,0,0,0,0,0,0,0,0,0,0,0,0,1,0,0,0,0,0,0,0,0,0,0,0,0,0,0,0,0,0,0,0,0,0,0,0,0,0,0,0,0,0,2,0,37,0,0,0,77,0,4,0,0,0,0,0,0,0,0,0,0,0,0,0,0,0,0,0,0,0,0,0,15,0,12,0,0,0,0,0,0,0,14,0,0,0,0,0,0,0,56,0,44,0,4,16,12,0,0,0,0,0,0,0,0
0,0,0,0,0,0,0,0,0,0,0,0,0,0,0,0,0,0,0,0,0,0,0,0,0,0,0,0,0,0,0,0,0,0,0,0,0,0,0,0,0,0,0,0,0,17,0,0,0,1,0,3,0,0,0,4,0,14,0,3,0,0,0,0,0,0,0,0,0,0,0,0,0,0,0,0,0,95,0,0,0,0,0,37,0,0,0,10,0,31,1,0,0,10,0,26,0,0,0,0,0,16,0,49,0,0,0,0,0,7,0,0,0,7,0,2,0,15,0,2,0,0,0,0,0,2,0,0,0,0,0,0,1,0,0,0,0,0,0,0,0,0,0,0,0,0,0,0,0,0,0,4,0,0,0,0,0,0,0,2,0,0,0,2,0,68,0,0,0,95,0,13,0,1,0,0,0,0,0,0,0,0,0,0,0,0,0,0,0,0,0,0,0,0,0,16,0,0,0,0,0,0,0,0,0,0,0,0,2,0,0,0,0,0,0,0,0,0,19,0,97,0,8,8,0
0,0,0,0,0,0,0,0,0,0,0,0,0,0,0,0,9,0,0,0,32,0,0,0,0,0,39,0,40,0,3,0,4,0,15,0,133,0,0,0,0,0,46,0,127,0,0,0,0,0,53,0,0,0,0,0,0,0,0,0,14,0,14,0,0,0,0,0,0,0,0,0,379,0,241,0,6,0,137,0,0,0,0,0,6,0,21,0,0,0,0,0,0,0,1,0,0,0,0,3,0,0,0,0,0,0,0,0,0,0,0,0,0,0,0,0,0,0,0,0,27,0,3,0,0,31,40,0,50,3,78,0,0,6,25,0,88,8,33,13,168,0,105,0,225,0,45,0,32,0,104,0,53,2,0,0,23,0,0,0,2,0,66,27,0,0,42,0,6,0,80,0,70,0,29,0,0,0,0,0,75,40,0,0,0,0,0,0,0,0,0,0,0,0,0,0,0,0,0,0,0,0,0,0,0,0,0,0,0,0,9,0,15,0,14,0,0,0,20,0,0,0,0,2,0
0,2,0,0,0,5,0,0,0,0,0,0,0,0,0,0,0,0,0,0,0,0,0,0,0,0,0,0,0,0,0,0,0,0,0,0,0,8,0,0,0,0,0,28,0,44,0,0,0,0,0,26,0,0,0,0,0,0,0,0,0,0,0,0,0,0,0,0,0,0,0,0,0,58,0,288,0,3,0,11,0,4,0,0,0,0,0,25,0,0,0,0,0,0,0,0,0,0,0,0,0,0,0,0,0,0,0,0,0,0,0,0,0,0,0,0,0,0,0,0,0,4,0,8,0,49,0,57,0,0,0,16,7,86,0,0,0,10,0,0,0,48,0,0,5,128,0,0,0,13,0,0,0,0,0,1,0,3,0,1,16,5,0,25,0,0,0,25,0,3,0,26,0,29,0,37,0,0,0,0,0,88,0,0,0,2,0,0,0,0,0,0,0,0,0,0,0,0,0,0,0,0,0,0,0,0,0,0,0,0,0,0,0,0,0,0,0,0,7,7,3,0,0,0,0
0,0,0,0,0,0,0,0,0,0,0,0,0,0,0,0,0,0,0,0,0,0,0,0,0,0,0,0,5,0,0,0,0,0,0,0,0,0,0,0,0,0,0,0,14,0,0,0,0,0,0,0,3,0,2,0,0,0,0,0,0,0,0,0,0,0,0,0,1,0,379,0,0,0,182,0,32,0,195,0,0,0,38,0,7,0,7,0,0,0,0,0,2,0,2,0,0,0,0,0,0,0,6,0,0,0,0,0,0,0,0,0,0,0,0,0,0,0,0,0,31,0,6,0,24,0,0,0,23,0,27,0,32,0,84,0,108,0,25,1,72,0,116,1,111,0,52,0,0,0,115,0,26,1,0,0,0,0,0,0,1,0,37,0,0,0,0,0,11,0,0,0,0,0,0,0,0,0,0,0,33,0,0,0,0,0,0,0,0,0,0,0,0,0,1,0,0,0,0,0,62,0,0,0,10,0,0,0,34,0,199,5,11,0,14,0,0,0,0,0,0,0,0,1,0
0,0,0,0,0,0,0,0,0,0,0,0,0,0,0,0,0,0,0,0,0,0,0,0,0,0,0,0,0,0,0,0,0,0,0,0,0,0,0,0,0,0,0,6,0,5,0,0,0,0,0,8,0,0,0,0,0,0,0,0,0,0,0,0,0,0,0,0,0,0,0,58,0,0,0,217,0,48,0,15,0,23,0,11,0,0,0,98,0,0,0,0,0,0,0,8,0,0,0,0,0,0,0,5,0,0,0,0,0,0,0,0,0,2,0,0,0,0,0,0,0,17,0,59,0,46,0,0,0,13,0,0,10,54,0,56,0,0,0,0,0,31,0,4,0,21,0,0,0,0,0,45,0,0,0,0,0,0,0,0,0,0,0,32,0,0,0,0,0,18,0,9,0,7,0,9,0,0,0,0,0,62,0,0,0,0,0,0,0,14,0,0,0,0,0,6,0,0,0,31,0,19,0,42,0,28,0,0,0,41,7,0,0,0,0,0,0,0,77,0,17,0,0,0,0
0,0,0,0,0,0,0,0,0,0,0,0,0,0,0,0,16,0,0,0,0,0,0,0,0,0,0,0,31,0,0,0,0,0,16,0,102,0,0,0,0,0,38,0,117,0,0,0,1,0,0,0,0,0,0,0,0,0,0,0,10,0,32,0,0,0,0,0,0,0,241,0,182,0,0,0,10,0,131,0,25,0,3,0,60,0,66,0,0,0,0,0,0,0,0,0,6,0,17,1,0,0,0,0,0,0,0,0,0,0,0,0,0,0,0,0,0,0,0,0,97,0,74,0,20,20,0,0,12,0,33,0,27,2,118,0,60,0,22,0,262,0,343,0,91,0,0,0,9,0,81,0,41,0,0,0,0,0,0,0,0,0,31,0,0,0,16,0,4,12,28,0,31,0,23,0,0,0,0,0,83,28,0,0,0,0,0,0,0,0,0,0,0,0,0,0,0,0,60,0,51,0,0,0,0,0,0,0,0,0,152,0,8,0,0,0,2,0,0,0,32,0,0,0,0
0,5,0,0,0,0,0,0,0,0,0,0,0,0,0,0,0,0,0,0,0,0,0,0,0,0,0,0,0,0,0,0,0,0,0,0,0,0,0,0,0,0,0,38,0,41,0,0,0,0,0,0,0,0,0,0,0,0,0,0,0,0,0,0,0,0,0,0,0,0,0,288,0,217,0,0,0,0,0,32,0,11,0,0,0,3,0,78,0,0,0,0,0,0,0,0,58,0,21,0,0,0,0,0,0,0,0,0,0,0,0,0,0,1,0,0,0,0,0,0,0,63,0,79,32,91,0,239,24,0,28,18,54,154,3,74,31,71,17,9,0,73,0,24,0,229,0,76,0,0,0,165,38,64,0,0,0,9,0,0,0,0,0,45,0,0,0,23,0,6,0,28,0,24,1,58,0,0,0,0,42,253,0,0,0,0,0,0,0,0,0,0,0,0,0,2,0,0,0,0,0,20,2,0,1,0,0,0,44,124,0,0,0,0,0,0,0,0,82,11,3,0,0,0,0
0,0,0,0,0,0,0,0,0,0,0,0,0,0,0,0,0,0,0,0,0,0,0,0,0,0,0,0,0,0,0,0,0,0,0,0,0,0,0,0,0,0,2,0,0,0,0,0,0,0,16,0,0,0,0,0,0,0,0,0,0,0,0,0,0,0,0,0,52,0,6,0,32,0,10,0,0,0,57,0,19,0,50,0,17,1,35,0,0,0,0,0,11,0,25,0,0,0,5,0,15,0,99,0,0,0,37,0,17,0,0,0,0,0,2,0,10,0,0,0,8,0,0,0,4,0,0,0,0,0,3,0,0,0,0,0,0,0,0,0,0,0,0,0,0,0,0,0,0,0,8,0,0,0,0,0,0,0,0,0,0,0,0,0,23,0,4,0,87,0,4,0,0,0,0,0,0,0,0,0,0,0,0,0,0,0,0,0,73,0,0,0,83,0,65,0,0,0,37,0,47,0,0,0,0,0,0,0,0,0,63,1,31,0,0,6,2,0,0,0,0,0,0,0,0
0,0,0,0,0,0,0,0,0,0,0,0,0,0,0,0,0,4,0,0,0,0,0,0,0,0,0,13,0,0,0,0,0,0,0,0,0,0,0,0,0,0,0,0,0,0,0,0,0,0,0,20,0,0,0,4,0,4,0,0,0,0,0,0,0,0,0,0,0,95,0,3,0,48,0,0,0,0,0,4,0,52,0,142,0,10,0,127,0,34,0,0,0,21,0,74,0,0,0,11,0,24,0,79,0,0,0,0,0,26,0,1,0,6,0,9,0,73,0,0,0,9,0,6,0,0,0,0,0,0,0,2,3,0,0,33,0,12,0,0,0,0,0,3,0,2,0,0,0,0,0,0,0,3,0,0,0,0,0,0,0,0,0,8,0,29,0,4,0,98,0,3,0,0,0,0,0,0,0,0,3,11,0,0,0,0,0,0,0,38,0,0,0,0,0,33,0,0,0,0,0,11,0,59,0,61,0,0,0,0,0,0,0,0,0,0,0,0,23,0,53,0,3,4,0
0,0,0,0,0,0,0,0,0,0,0,0,0,0,0,0,0,0,0,0,0,0,0,0,0,0,0,0,0,0,0,0,0,0,0,0,0,0,0,0,0,0,0,0,0,0,0,0,4,0,0,0,0,0,0,0,0,0,0,0,0,0,0,0,0,0,0,0,28,0,137,0,195,0,131,0,57,0,0,0,82,0,92,0,40,0,69,0,0,0,0,0,28,0,24,0,0,0,8,0,0,0,60,0,0,0,11,0,14,0,0,0,0,0,4,0,22,0,0,0,60,0,19,0,12,0,0,0,0,0,0,0,0,0,107,0,32,0,0,0,36,0,127,0,26,0,0,0,0,0,0,0,0,0,3,0,0,0,0,0,0,0,9,0,28,0,0,0,32,0,0,0,0,0,0,0,0,0,0,0,0,0,0,0,0,0,0,0,58,0,0,0,0,0,0,0,0,0,0,0,104,0,135,0,53,0,0,0,0,0,172,0,40,1,13,0,3,0,0,0,0,0,0,0,0
