0,211,39,102,29,57,2,44,129,5,101,33,64,0,2,83,18,28,0,0,4,0,6,94,21,91,0,0,82,0,0,0,76,0,0,0,26,8,287,40,0,0,0,0,0,0,0,0,24,0,0,0,10,0,0,1,0,0,1,0,87,14,124,42,15,0,26,0,0,0,0,0,0,0,0,0,0,0,0,0,0,0,1,0,0,0,0,0,0,0,0,0,0,0,0,0,2,0,3,0,0,0,0,0,0,0,0,0,0,0,0,0,0,0,0,0,0,0,0,0,0,0,0,0,0,0,0,0,0,0,0,0,0,0,0,0,0,1,0,0,0,0,0,0,0,0,0,0,15,0,11,0,10,0,0,0,0,0,0,0,0,0,0,0,5,0,0,0,39,2,78,0,275,7,0,0,279,64,8,1,0,0,106,0,28,0,0,0,0,0,0,0,0,0,0,0,0,0,0,0,0,0,0,0,0,0,0,0,12,0,360,93,145,158,216,0,0,0,17,0,9,0,0,0,0
211,0,135,57,16,95,92,89,73,93,0,113,0,97,0,23,35,26,0,82,0,21,55,29,188,20,0,90,0,53,0,0,0,92,0,0,0,127,0,487,0,19,0,0,0,7,0,60,0,9,0,0,9,0,2,19,0,0,0,15,13,210,53,135,0,18,0,5,0,0,0,0,0,0,0,0,0,0,0,0,0,0,0,0,0,0,0,0,0,0,0,0,0,0,0,0,0,0,0,0,0,0,0,0,0,0,0,0,0,0,0,0,0,2,0,0,0,0,0,5,0,0,0,0,0,14,0,65,0,0,0,25,0,7,0,46,0,34,0,3,0,6,0,7,0,0,0,59,0,32,0,57,0,90,0,0,0,0,0,0,0,0,0,9,0,13,0,0,0,30,14,35,40,220,0,17,108,423,0,5,0,26,0,18,0,31,0,1,0,0,0,5,0,0,0,0,0,0,0,16,0,0,0,0,0,0,0,0,0,101,21,0,0,0,638,0,0,0,868,116,263,417,2,18,1
39,135,0,68,197,72,26,0,13,0,52,77,132,0,100,75,108,21,156,0,68,0,174,109,77,45,58,0,281,0,167,0,229,17,0,0,37,8,396,34,0,0,0,0,0,0,0,0,64,0,0,1,11,0,77,0,0,0,8,0,21,7,170,10,73,0,0,0,0,0,0,0,0,0,0,0,0,0,0,0,0,0,0,0,0,0,0,0,0,0,0,0,0,0,0,0,0,0,0,0,0,0,0,0,0,0,0,0,0,0,0,0,0,0,0,0,0,0,0,0,0,0,0,0,24,0,84,0,0,0,81,0,0,0,268,0,19,0,0,0,0,0,48,7,0,0,32,0,140,0,250,0,37,0,0,0,0,0,0,0,0,0,6,0,6,0,0,0,93,0,65,0,373,4,0,0,112,46,0,3,0,0,11,0,32,0,0,0,0,0,0,0,0,0,3,0,4,0,0,0,81,0,0,0,0,0,0,0,404,0,489,62,311,244,388,2,0,0,17,5,0,0,0,0,0
102,57,68,0,0,88,12,54,8,4,0,4,0,0,0,133,13,22,0,120,0,41,54,199,38,72,0,34,0,115,0,0,0,61,0,0,0,21,0,290,0,0,0,0,0,5,0,15,3,0,0,0,0,0,0,28,0,0,0,5,0,18,10,18,0,8,0,0,0,0,0,0,0,0,0,0,0,2,0,1,0,0,0,0,0,0,0,0,0,0,0,0,0,0,0,0,0,0,0,0,0,0,0,0,0,0,0,0,0,0,0,0,0,0,0,0,0,0,0,0,0,0,0,0,0,7,0,19,0,9,0,16,0,0,0,174,0,47,0,18,0,0,0,0,0,0,0,16,0,10,0,20,0,0,0,0,0,0,0,0,0,0,0,0,0,9,0,18,0,22,0,15,0,130,0,0,24,64,0,0,0,0,16,1,0,0,0,0,0,0,0,0,0,0,0,0,0,1,0,34,0,24,0,0,0,0,0,22,0,91,0,0,0,0,161,0,0,0,207,40,214,155,0,0,0
29,16,197,0,0,168,11,0,20,0,63,138,529,73,283,124,28,0,192,218,281,103,61,78,0,0,176,36,0,0,273,41,253,0,65,0,159,5,32,0,137,0,6,0,23,0,76,0,0,0,59,0,13,0,17,0,0,0,0,0,0,0,0,0,55,0,3,0,0,0,0,0,0,0,0,0,0,0,0,0,0,0,0,0,0,0,0,0,0,0,0,0,0,0,0,0,0,0,0,0,0,0,0,0,0,0,0,0,0,0,0,0,0,0,0,0,0,0,0,0,0,1,0,0,0,0,0,0,0,0,8,0,0,0,59,0,10,0,0,0,0,0,0,0,0,0,27,0,82,0,162,0,137,0,0,0,0,0,0,0,0,0,0,0,0,0,154,0,161,0,13,0,231,0,0,0,291,144,130,5,72,0,0,0,150,0,0,0,0,0,0,0,0,0,2,0,0,0,0,0,0,0,0,0,0,0,0,0,89,0,352,168,376,0,223,2,0,0,0,7,0,0,0,0,0
57,95,72,88,168,0,0,39,0,0,63,183,24,119,112,126,23,11,45,325,78,227,138,224,5,16,0,219,0,0,15,66,22,103,0,51,0,64,0,31,0,27,0,0,1,0,0,109,0,10,0,0,0,0,0,0,0,4,0,0,0,0,0,0,0,0,0,0,0,0,0,0,0,0,0,0,0,0,0,0,0,0,0,0,0,0,0,0,0,0,0,0,0,0,0,0,0,0,0,0,0,0,0,0,0,6,0,0,0,0,0,0,0,0,0,0,0,0,0,0,0,0,0,0,0,0,0,0,0,0,0,13,0,0,0,75,0,40,0,0,0,0,0,0,0,0,0,0,0,53,0,71,0,0,0,3,0,0,0,0,0,0,0,2,0,0,0,120,0,100,2,10,0,79,0,0,74,318,0,57,0,0,0,6,0,0,0,0,0,0,0,0,0,0,0,0,0,0,0,0,0,0,0,8,0,0,0,0,0,113,0,11,0,0,208,0,0,0,317,154,442,117,0,0,0
2,92,26,12,11,0,0,27,45,85,24,3,0,0,0,3,20,13,0,0,8,0,8,0,304,96,0,0,0,0,0,0,0,0,0,0,0,0,56,8,0,0,0,0,0,0,0,0,84,0,0,0,140,26,238,19,6,0,30,0,164,0,375,64,32,0,19,0,0,0,0,0,0,0,0,0,0,0,0,0,0,0,3,0,0,2,0,0,0,0,0,0,0,0,0,0,0,0,0,0,0,0,0,0,0,0,0,0,0,0,0,0,0,0,0,0,0,0,0,0,0,0,0,0,30,0,70,0,6,0,91,0,0,0,46,0,31,0,0,0,0,0,0,0,0,0,1,0,67,0,31,0,0,0,4,0,0,0,2,0,11,0,0,0,12,0,3,0,34,0,303,0,196,0,1,0,36,0,0,0,0,0,0,0,0,0,0,0,0,0,0,0,0,0,0,0,2,0,0,0,13,0,0,0,0,0,0,0,171,0,801,69,306,531,966,0,0,7,0,0,0,0,0,0,0
44,89,0,54,0,39,27,0,65,133,0,20,0,12,0,12,0,6,0,15,0,0,0,0,63,205,0,0,0,32,0,0,0,0,0,0,0,0,10,155,0,0,0,0,0,8,0,0,0,4,0,0,0,45,9,288,0,27,0,11,0,142,70,223,0,0,0,6,0,0,0,0,0,0,0,0,0,0,0,0,0,0,0,0,0,0,0,0,0,0,0,0,0,0,0,0,0,0,0,0,0,0,0,0,0,0,0,0,0,0,0,0,0,0,0,0,0,0,0,0,0,0,0,0,0,0,0,0,0,0,0,13,0,3,0,13,0,9,0,0,0,0,0,0,0,0,0,0,0,0,0,0,0,0,0,0,0,0,0,0,0,5,0,0,0,16,0,6,0,36,0,70,0,201,0,0,21,0,0,0,0,0,6,0,0,0,0,0,0,0,0,0,0,0,0,1,0,0,0,0,0,0,0,0,0,0,0,3,0,13,0,4,0,4,603,0,0,0,373,21,280,430,0,52,0
129,73,13,8,20,0,45,65,0,228,16,0,61,0,0,0,6,16,7,0,0,0,2,0,21,163,0,0,0,0,1,0,0,0,0,0,0,0,0,0,9,0,0,0,0,0,10,0,20,0,0,0,245,69,89,109,14,5,91,0,227,0,242,72,108,2,131,33,1,0,0,0,0,0,0,0,0,0,0,0,0,0,0,0,0,0,0,0,0,0,0,0,0,0,0,0,0,0,0,0,0,0,0,0,0,0,0,0,0,0,0,0,0,0,0,0,0,0,0,0,0,0,0,0,11,0,27,0,0,0,43,0,0,0,0,0,0,0,0,0,0,0,0,0,0,0,6,0,68,0,39,0,10,0,0,0,0,0,0,0,10,0,0,0,0,0,0,0,22,1,142,0,43,0,1,0,150,16,7,0,0,0,21,0,268,15,0,0,0,0,0,0,0,0,0,0,0,0,0,0,0,0,1,0,0,0,2,0,47,0,477,104,136,147,376,0,0,3,28,5,0,0,0,0,0
5,93,0,4,0,0,85,133,228,0,0,85,0,31,0,0,0,15,0,43,0,0,0,0,40,34,0,14,0,0,0,0,0,2,0,0,0,0,0,13,0,0,0,0,0,0,0,0,2,0,0,0,86,104,118,287,3,89,0,175,0,249,46,225,0,173,0,154,0,2,0,0,0,0,0,0,0,0,0,0,0,0,0,0,0,0,0,0,0,0,0,0,0,0,0,0,0,0,0,0,0,0,0,0,0,0,0,0,0,0,0,0,0,0,0,0,0,0,0,0,0,0,0,0,0,47,0,120,0,0,0,95,0,0,0,18,0,13,0,2,0,0,0,0,0,0,0,84,0,157,0,111,0,102,4,0,0,61,0,1,0,18,0,0,0,7,0,0,0,35,0,81,0,41,0,10,50,63,0,8,0,0,0,48,22,183,0,0,0,0,0,7,0,2,0,0,0,5,0,14,0,0,0,0,0,0,0,19,0,119,22,13,0,0,1133,0,0,0,1010,65,225,443,0,39,2
101,0,52,0,63,63,24,0,16,0,0,28,301,0,28,62,18,4,30,25,95,20,7,26,0,0,44,0,13,0,112,0,163,5,10,0,78,3,11,0,38,0,0,0,9,0,35,0,3,0,3,0,5,0,0,0,0,0,0,0,0,0,0,0,11,0,0,0,0,0,0,0,0,0,0,0,0,0,0,0,0,0,0,0,0,0,0,0,0,0,0,0,0,0,0,0,0,0,8,0,0,0,0,0,0,0,0,0,0,0,0,0,0,0,0,0,0,0,0,0,0,0,0,0,0,0,0,0,0,0,0,0,0,0,0,0,1,0,0,0,0,0,0,0,0,0,3,0,19,0,27,0,21,0,0,0,1,0,0,0,0,0,0,0,0,0,27,0,43,0,2,0,54,0,0,0,182,34,189,0,56,0,70,0,86,0,3,0,0,0,0,0,0,0,0,0,0,0,0,0,0,0,0,0,0,0,0,0,0,0,171,90,157,0,65,0,0,0,0,0,0,0,0,0,0
33,113,77,4,138,183,3,20,0,85,28,0,0,353,128,14,24,10,0,82,73,129,143,59,0,0,0,157,0,56,21,60,18,117,0,26,0,28,0,36,0,117,0,0,0,10,0,203,0,10,0,0,0,0,0,4,0,0,0,0,0,0,0,0,0,35,0,0,0,0,0,0,0,0,0,3,0,0,0,0,0,0,0,0,0,0,0,0,0,0,0,0,0,0,0,0,0,0,0,0,0,0,0,0,0,0,0,0,0,0,0,0,0,0,0,0,0,0,0,0,0,0,0,0,0,6,0,0,0,0,0,0,0,0,0,44,0,15,0,0,0,6,0,0,0,2,0,33,0,53,0,77,0,95,0,0,0,1,0,0,0,0,0,7,0,0,0,51,0,46,0,0,0,29,0,28,83,402,0,62,0,0,4,46,0,53,0,5,0,0,0,0,0,0,0,0,0,0,0,0,0,18,0,0,0,0,0,15,0,79,0,0,29,7,133,0,0,0,329,112,244,79,0,0,0
64,0,132,0,529,24,0,0,61,0,301,0,0,379,41,9,0,0,96,290,180,84,7,0,0,0,140,332,1,0,12,0,12,0,75,27,41,7,0,0,354,57,64,59,94,26,242,84,58,3,225,108,11,0,7,0,0,0,0,0,0,0,0,0,64,0,0,0,0,0,8,0,0,0,0,0,0,0,0,0,0,0,0,0,0,0,0,0,0,0,0,0,0,0,0,0,0,0,0,0,6,0,0,0,0,0,0,0,0,0,0,0,0,0,0,0,0,0,0,0,0,0,0,0,0,0,0,0,0,0,0,0,0,0,0,0,5,0,0,0,0,0,0,0,0,0,0,0,83,0,143,0,0,0,0,0,0,0,0,0,2,0,0,0,57,0,0,0,44,0,0,0,0,0,0,0,193,191,164,0,135,0,136,0,207,0,115,0,0,0,0,0,0,0,0,0,0,0,0,0,0,0,0,0,0,0,0,0,0,0,111,138,234,0,49,0,1,0,0,0,0,0,0,0,0
0,97,0,0,73,119,0,12,0,31,0,353,379,0,69,8,0,0,387,87,109,30,0,0,0,0,335,86,0,0,0,0,0,0,0,49,0,28,0,0,57,237,15,51,0,19,44,273,0,47,44,86,0,2,0,0,0,0,0,0,0,0,0,0,0,0,0,0,0,0,0,0,0,0,0,0,0,0,0,0,0,0,0,0,0,0,0,0,0,0,0,0,0,0,0,0,0,0,0,0,0,0,0,0,0,0,0,0,0,0,0,0,0,0,0,0,0,0,0,0,0,0,0,0,0,0,0,0,0,0,0,0,0,0,0,0,0,0,0,0,0,0,0,0,0,0,0,0,0,0,0,56,0,0,0,0,0,0,0,0,0,0,0,0,0,63,0,0,0,80,0,1,0,0,0,30,27,421,0,144,0,137,0,48,0,38,24,40,0,0,0,0,0,0,0,0,0,0,0,0,0,0,0,0,0,0,0,0,0,0,10,12,0,0,28,0,0,0,55,77,278,0,0,1,0
2,0,100,0,283,112,0,0,0,0,28,128,41,69,0,103,108,2,357,133,290,83,174,30,21,0,128,17,8,0,136,25,49,7,32,33,37,4,0,0,0,0,1,0,8,0,0,9,3,0,16,0,11,0,120,0,0,0,0,0,0,0,27,0,33,0,0,0,0,0,0,0,0,0,0,0,0,0,0,0,0,0,0,0,71,0,0,0,0,0,22,0,0,0,0,0,0,0,0,0,0,0,0,0,131,0,123,0,0,0,0,0,0,0,0,0,0,0,0,0,0,0,0,0,0,0,0,0,0,0,0,0,0,0,421,0,0,0,0,0,0,0,151,0,0,1,23,0,67,0,180,0,133,0,5,0,0,0,0,0,0,0,0,0,0,0,67,0,58,0,6,0,60,0,0,0,113,57,30,5,22,0,9,0,43,0,0,0,0,0,0,0,0,0,0,0,4,0,0,0,217,0,0,0,0,0,0,0,256,0,92,111,65,0,47,0,2,0,10,6,0,0,0,0,0
83,23,75,133,124,126,3,12,0,0,62,14,9,8,103,0,25,155,0,484,91,588,129,532,26,102,0,102,0,80,13,118,0,65,6,22,0,41,0,68,0,0,0,0,1,15,0,0,0,4,0,0,0,0,0,68,0,0,0,8,0,4,0,27,0,10,0,2,0,0,0,0,0,0,0,0,0,0,0,0,0,122,0,0,0,183,0,0,0,0,0,0,0,0,0,0,0,166,0,240,0,91,0,0,0,0,0,0,0,0,0,0,0,0,0,0,0,0,0,0,0,0,0,0,0,0,0,21,0,28,0,0,0,0,0,775,0,157,0,111,0,18,0,195,0,0,0,0,2,24,0,36,0,22,0,0,0,0,0,14,0,0,0,0,0,0,0,117,0,67,0,10,19,80,0,0,19,99,8,4,0,0,13,0,0,2,0,0,0,0,0,0,0,0,0,0,0,0,0,129,0,339,0,0,0,0,0,62,0,118,17,8,18,0,101,0,0,0,181,72,287,55,0,0,0
18,35,108,13,28,23,20,0,6,0,18,24,0,0,108,25,0,10,150,0,235,0,142,22,85,9,85,0,217,0,141,0,53,0,0,0,6,0,74,0,0,0,0,0,15,0,0,0,9,0,0,0,43,0,52,0,9,0,0,0,2,0,185,0,1,0,0,0,0,0,0,0,0,0,0,0,0,0,0,0,49,0,0,0,517,0,21,0,0,0,114,0,0,0,0,0,580,0,0,0,35,0,0,0,118,0,244,0,0,0,0,0,0,0,0,0,0,0,0,0,0,0,49,0,0,0,0,0,76,0,0,0,0,0,198,0,289,0,106,0,62,0,651,0,0,0,0,0,0,0,0,0,0,0,19,0,0,0,25,0,0,0,1,0,0,0,6,0,0,0,12,0,35,0,0,0,37,10,2,0,0,0,39,0,0,0,0,0,0,0,0,0,0,0,1,0,0,0,0,0,211,0,0,0,0,0,0,0,57,0,29,17,25,0,18,0,0,0,0,0,0,0,0,0,0
28,26,21,22,0,11,13,6,16,15,4,10,0,0,2,155,10,0,0,115,0,165,20,172,22,38,0,46,0,148,0,29,0,10,0,22,0,0,0,109,0,0,0,6,0,5,0,0,0,0,0,13,0,18,0,6,0,0,0,0,0,20,0,223,0,0,0,0,0,0,0,0,0,0,0,0,0,0,0,0,0,88,0,0,0,218,0,0,0,7,0,0,0,0,0,0,0,83,0,197,0,66,0,0,0,0,0,0,0,0,0,0,0,0,0,0,0,0,0,0,0,0,0,0,0,0,0,0,0,55,0,0,0,0,0,291,0,155,0,144,0,65,0,441,0,0,0,0,0,0,0,0,0,0,0,38,0,0,0,60,0,0,0,0,0,0,0,3,2,10,0,7,0,30,0,0,10,28,0,0,0,0,7,4,0,0,1,0,0,0,0,0,0,0,0,0,0,0,0,0,0,76,0,0,0,0,0,0,0,0,2,0,0,0,0,0,0,0,14,12,26,0,0,0,0
0,0,156,0,192,45,0,0,7,0,30,0,96,387,357,0,150,0,0,349,529,105,96,0,13,0,478,258,60,0,78,0,5,2,122,41,18,6,0,0,32,19,27,55,35,10,80,48,3,3,189,75,8,0,40,0,0,0,0,0,0,0,82,0,18,0,0,0,0,0,0,0,0,0,0,0,0,0,0,0,144,0,0,0,0,0,0,0,0,0,0,0,0,0,0,0,0,0,0,0,0,0,0,0,0,0,0,0,0,0,0,0,0,0,0,0,0,0,0,0,0,0,0,0,0,0,0,0,0,0,0,0,0,0,0,0,0,0,0,0,0,0,0,0,16,0,22,0,39,0,0,0,75,0,0,0,0,0,0,0,0,0,0,0,29,0,10,1,54,0,2,0,21,0,0,0,30,82,13,1,0,0,22,0,77,0,0,0,0,0,0,0,0,0,0,0,0,0,0,0,0,0,0,0,0,0,0,0,0,0,133,118,78,21,37,0,0,1,0,0,0,0,0,0,0
0,82,0,120,218,325,0,15,0,43,25,82,290,87,133,484,0,115,349,0,116,454,4,153,0,43,19,494,0,0,29,84,8,0,20,165,5,126,0,0,8,0,0,61,3,55,0,144,0,4,0,129,0,4,0,18,0,0,0,0,0,0,0,67,0,79,0,0,0,0,0,0,0,0,0,21,0,0,0,0,0,256,0,0,0,364,0,0,0,0,0,0,0,0,0,0,0,99,0,303,0,0,0,0,0,0,0,0,0,0,0,0,0,0,0,0,0,0,0,0,0,0,0,0,0,0,0,62,0,0,0,0,0,0,0,457,0,121,0,0,0,68,0,241,0,15,0,112,0,109,0,169,0,121,0,0,0,4,0,0,0,6,0,8,0,61,0,44,0,85,0,5,0,9,0,13,37,137,17,42,0,0,0,0,1,41,0,3,0,0,0,0,0,0,0,0,0,0,0,0,0,180,0,0,0,0,0,0,0,190,17,0,0,0,68,0,0,0,86,59,180,23,0,0,2
4,0,68,0,281,78,8,0,0,0,95,73,180,109,290,91,235,0,529,116,0,65,68,10,23,0,234,60,85,0,173,20,33,4,33,19,9,3,0,0,0,0,33,0,32,0,5,16,8,0,58,6,0,0,29,0,0,0,0,0,0,0,148,0,0,0,0,0,0,0,0,0,0,0,26,0,0,0,0,0,110,0,0,0,268,1,61,0,0,0,0,0,0,0,0,0,350,0,0,0,20,0,0,0,0,0,0,0,0,0,0,0,0,0,0,0,0,0,0,0,18,0,0,0,0,0,0,0,0,0,0,0,0,0,75,0,35,0,0,0,38,0,153,0,14,0,0,0,0,0,24,0,0,0,0,0,0,0,0,0,0,0,0,0,0,0,44,0,57,0,0,1,40,0,0,0,121,64,107,0,0,0,14,0,0,0,0,0,0,0,0,0,0,0,2,0,0,0,0,0,0,0,0,0,0,0,0,0,46,0,172,211,141,0,55,0,0,0,5,3,0,2,0,0,0
0,21,0,41,103,227,0,0,0,0,20,129,84,30,83,588,0,165,105,454,65,0,14,139,0,0,0,245,0,137,0,31,0,11,10,82,0,14,0,5,0,0,0,79,0,21,0,0,0,0,0,67,0,0,0,0,0,0,0,0,0,14,0,89,0,0,0,0,0,0,0,0,0,0,0,11,0,0,0,0,0,219,0,0,0,210,0,0,0,0,0,0,0,0,0,0,0,0,0,168,0,0,0,0,0,0,0,0,0,0,0,0,0,0,0,0,0,0,0,0,0,0,0,0,0,0,0,0,0,0,0,0,0,0,0,0,0,0,0,35,0,138,0,215,0,34,0,0,0,0,0,0,0,0,0,1,0,0,0,0,0,0,0,8,0,12,0,28,0,38,0,0,0,6,0,0,27,169,0,101,0,0,0,0,0,0,0,2,0,0,0,0,0,0,0,0,0,0,0,0,0,0,0,0,0,0,0,0,0,0,0,0,19,6,43,0,0,0,92,149,98,0,0,0,0
6,55,174,54,61,138,8,0,2,0,7,143,7,0,174,129,142,20,96,4,68,14,0,147,45,0,49,0,127,23,97,0,88,34,3,0,24,0,102,16,0,0,0,2,2,0,0,0,18,0,0,0,0,0,185,0,0,0,0,0,0,0,11,0,0,0,0,0,0,0,0,0,0,0,0,0,0,0,0,0,0,0,0,0,38,1,0,0,0,0,0,0,0,0,0,0,77,0,0,0,0,0,0,0,0,0,97,0,0,0,0,0,0,0,0,0,0,0,0,0,0,0,0,0,0,0,0,0,0,0,6,0,0,0,250,0,66,0,0,0,2,0,195,0,0,0,0,0,0,0,31,0,3,0,0,0,0,0,0,0,0,0,0,0,0,0,22,0,43,0,10,0,148,0,0,0,93,24,5,4,0,0,11,0,1,0,0,0,0,0,0,0,0,0,0,0,0,0,0,0,182,0,0,0,0,0,0,0,124,0,104,62,119,72,89,0,0,7,23,7,11,0,0,0,0
94,29,109,199,78,224,0,0,0,0,26,59,0,0,30,532,22,172,0,153,10,139,147,0,23,40,0,40,3,189,1,27,0,52,0,15,0,6,13,104,0,0,0,6,0,0,0,0,0,0,0,4,0,1,0,17,0,0,0,2,0,1,0,119,0,0,0,0,0,0,0,0,0,0,0,8,0,0,0,0,0,118,0,0,0,246,0,20,0,0,0,117,0,0,0,0,0,74,0,197,0,51,0,0,0,0,0,0,0,0,0,0,0,0,0,0,0,0,0,0,0,0,0,0,0,0,0,0,0,0,0,0,0,22,0,297,0,87,0,68,0,42,0,269,0,0,0,0,0,0,0,0,0,0,0,0,0,0,0,0,0,0,0,0,0,0,4,21,3,29,0,0,26,55,0,0,17,86,0,68,0,0,11,0,1,0,0,0,0,0,0,0,0,0,0,0,0,0,0,0,0,95,0,0,0,0,0,0,0,0,0,0,0,0,46,0,0,0,73,75,74,31,0,0,0
21,188,77,38,0,5,304,63,21,40,0,0,0,0,21,26,85,22,13,0,23,0,45,23,0,108,0,0,45,0,14,0,0,5,0,0,0,0,47,22,0,0,0,0,0,0,0,0,8,0,0,0,45,2,277,0,15,0,0,0,4,20,129,54,1,0,0,0,0,0,0,0,0,0,0,0,0,0,0,0,0,0,0,0,33,0,0,0,0,0,0,0,0,0,0,0,43,1,0,0,0,0,0,0,47,0,0,0,0,0,0,0,0,0,0,0,0,0,0,0,0,0,0,0,0,0,2,0,36,0,0,0,0,0,196,0,133,0,13,0,16,0,264,0,0,0,0,0,0,0,0,0,0,0,17,0,0,0,20,0,0,6,0,0,0,0,0,0,12,1,26,3,25,9,0,0,55,24,0,0,0,0,55,0,0,0,0,0,0,0,0,0,0,0,0,0,0,0,0,0,119,0,0,0,0,0,0,0,54,0,47,13,34,48,62,0,0,0,25,2,0,7,0,0,0
91,20,45,72,0,16,96,205,163,34,0,0,0,0,0,102,9,38,0,43,0,0,0,40,108,0,0,0,0,35,0,0,0,5,0,0,0,0,0,134,0,0,0,0,0,0,0,0,0,2,0,0,32,41,30,246,0,43,0,14,19,108,82,230,0,0,1,0,0,0,0,0,0,0,0,0,0,0,0,0,0,0,0,0,0,0,0,0,0,0,0,0,0,0,0,0,0,22,0,0,0,0,0,0,0,0,0,0,0,0,0,0,0,0,0,0,0,0,0,0,0,0,0,0,0,0,0,16,0,82,0,0,0,0,0,553,0,234,0,147,0,12,0,72,0,1,0,0,0,0,0,0,0,0,0,102,0,2,0,45,0,16,0,0,0,4,0,0,3,26,9,35,21,94,0,0,22,33,0,0,0,0,12,0,0,4,0,0,0,0,0,0,0,0,0,0,0,0,0,46,0,117,0,0,0,0,0,0,0,69,20,12,0,15,146,0,0,0,180,50,66,111,1,7,0
0,0,58,0,176,0,0,0,0,0,44,0,140,335,128,0,85,0,478,19,234,0,49,0,0,0,0,540,69,0,94,0,0,0,111,0,32,0,0,0,39,205,196,69,307,143,153,406,36,17,194,54,0,0,0,0,0,0,0,0,0,0,88,0,0,0,0,0,0,0,79,0,0,0,0,0,0,0,0,0,250,0,0,0,360,0,134,0,0,0,0,0,0,0,0,0,478,0,0,0,50,0,0,0,0,0,0,0,0,0,0,0,0,0,0,0,0,0,0,0,0,0,61,0,0,0,0,0,0,0,0,0,0,0,0,0,0,0,0,0,63,0,125,0,55,0,9,0,0,0,0,0,18,0,5,0,1,0,0,0,0,0,14,0,97,0,19,0,0,0,0,0,17,0,0,0,0,75,23,0,0,0,32,0,64,0,40,0,0,0,0,0,0,0,0,0,0,0,0,0,0,0,0,0,0,0,0,0,0,0,86,266,362,13,23,0,0,0,0,0,0,1,0,0,0
0,90,0,34,36,219,0,0,0,14,0,157,332,86,17,102,0,46,258,494,60,245,0,40,0,0,540,0,0,34,0,21,0,7,13,55,0,92,0,0,221,14,39,219,51,478,142,322,0,20,58,215,0,0,0,0,0,0,0,0,0,0,0,65,0,30,0,0,0,0,0,0,0,0,0,13,0,0,0,0,0,0,0,0,0,295,0,0,0,0,0,0,0,0,0,0,0,0,0,0,0,0,0,0,0,0,0,0,0,0,0,0,0,0,0,0,0,0,0,0,0,0,0,0,0,0,0,0,0,0,0,0,0,0,0,0,0,0,0,0,0,207,0,287,0,46,0,0,0,56,0,101,0,0,0,0,0,0,0,7,0,0,0,0,0,135,0,0,0,0,0,0,0,0,0,0,0,95,0,57,0,0,0,14,0,32,26,7,0,0,0,0,0,0,0,0,0,7,0,0,0,0,0,0,0,0,0,0,0,65,6,0,7,0,23,0,0,0,53,454,439,13,0,0,19
82,0,281,0,0,0,0,0,0,0,13,0,1,0,8,0,217,0,60,0,85,0,127,3,45,0,69,0,0,0,54,0,24,0,83,0,55,0,9,0,0,0,76,0,18,0,0,0,0,0,46,0,1,0,3,0,0,0,0,0,10,0,196,0,0,0,0,0,0,0,20,0,0,0,16,0,0,0,0,0,59,0,0,0,198,0,25,0,0,0,18,0,0,0,0,0,166,0,160,0,13,0,0,0,0,0,0,0,0,0,0,0,0,0,0,0,0,0,0,0,28,0,54,0,0,0,0,0,0,0,0,0,0,0,0,0,35,0,43,0,108,0,94,0,11,0,0,0,0,0,0,0,0,0,0,0,2,0,12,0,0,0,0,0,0,0,0,0,0,0,0,0,0,0,0,0,55,0,2,0,0,0,34,0,0,0,0,0,0,0,0,0,0,0,0,0,0,0,0,0,0,0,0,0,0,0,0,0,0,0,9,6,0,0,0,0,0,0,0,0,0,0,0,0,0
0,53,0,115,0,0,0,32,0,0,0,56,0,0,0,80,0,148,0,0,0,137,23,189,0,35,0,34,0,0,2,63,0,20,0,138,0,21,0,5,0,0,0,38,0,0,0,0,0,0,0,36,0,4,0,0,0,0,0,0,0,30,0,137,0,0,0,0,0,0,0,0,0,0,0,0,0,0,0,0,0,37,0,0,0,115,0,0,0,0,0,0,0,0,0,0,0,0,0,41,0,11,0,0,0,0,0,0,0,0,0,0,0,0,0,0,0,0,0,0,0,0,0,3,0,0,0,0,0,0,0,0,0,0,0,0,0,64,0,90,0,220,0,272,0,25,0,0,0,0,0,0,0,0,0,2,0,3,0,16,0,0,0,0,0,0,0,0,0,0,0,2,3,0,0,0,7,42,0,16,0,0,0,3,0,0,0,0,0,0,0,0,0,0,0,0,0,0,0,0,0,0,0,0,0,0,0,0,0,0,0,0,4,0,0,0,0,0,0,2,3,0,0,0,0
0,0,167,0,273,15,0,0,1,0,112,21,12,0,136,13,141,0,78,29,173,0,97,1,14,0,94,0,54,2,0,0,13,0,90,0,81,0,0,0,0,0,59,0,27,0,0,0,2,0,69,0,0,0,0,0,0,0,0,0,0,0,86,0,0,0,0,0,0,0,25,0,0,0,23,0,0,0,0,0,64,0,0,0,140,0,14,0,0,0,0,0,0,0,0,0,0,0,0,0,12,0,0,0,0,0,0,0,0,0,0,0,0,0,0,0,0,0,0,0,0,0,23,0,0,0,0,0,0,0,0,0,0,0,0,0,0,0,0,0,44,0,69,0,0,0,0,0,0,0,0,0,0,0,0,0,0,0,0,0,0,0,0,0,17,0,63,0,39,0,0,0,44,0,0,0,82,16,46,0,0,0,18,0,0,0,1,0,0,0,0,0,0,0,0,0,0,0,0,0,0,0,0,0,0,0,0,0,0,0,72,106,75,13,35,0,0,1,0,0,5,0,0,0,0
0,0,0,0,41,66,0,0,0,0,0,60,0,0,25,118,0,29,0,84,20,31,0,27,0,0,0,21,0,63,0,0,0,5,2,16,0,0,0,9,0,0,0,20,0,0,0,0,0,1,0,22,0,0,0,0,0,0,0,0,0,0,0,42,0,0,0,0,0,0,0,2,0,0,0,0,0,0,0,0,0,0,0,0,0,38,0,0,0,0,0,0,0,0,0,0,0,0,0,0,0,0,0,0,0,0,0,0,0,0,0,0,0,0,0,0,0,0,0,0,0,0,0,0,0,0,0,0,0,0,0,0,0,0,0,0,0,0,0,29,0,88,0,0,0,16,0,0,0,0,0,0,0,0,0,0,0,4,0,0,0,0,0,0,0,0,0,81,1,36,0,3,0,8,0,0,15,85,0,36,0,0,0,0,0,0,0,0,0,0,0,0,0,0,0,0,0,0,0,0,0,0,0,0,0,0,0,0,0,0,0,0,0,0,20,0,0,0,24,26,63,0,0,0,0
76,0,229,0,253,22,0,0,0,0,163,18,12,0,49,0,53,0,5,8,33,0,88,0,0,0,0,0,24,0,13,0,0,0,63,0,347,0,4,0,2,0,39,0,7,0,1,0,2,0,18,0,0,0,0,0,0,0,0,0,20,0,36,0,0,0,0,0,0,0,18,0,0,0,0,0,0,0,0,0,31,0,0,0,0,0,18,0,0,0,0,0,0,0,0,0,39,0,0,0,0,0,0,0,0,0,0,0,0,0,0,0,0,0,0,0,0,0,0,0,0,0,12,0,0,0,0,0,0,0,0,0,0,0,0,0,0,0,108,0,97,0,25,0,26,0,0,0,0,0,0,0,0,0,23,0,27,0,32,0,0,0,0,0,0,0,48,0,13,0,8,0,36,0,0,0,85,0,21,0,0,0,39,0,0,0,0,0,0,0,0,0,0,0,0,0,0,0,0,0,0,0,0,0,0,0,0,0,0,0,48,132,74,0,18,0,0,0,0,0,0,0,0,0,0
0,92,17,61,0,103,0,0,0,2,5,117,0,0,7,65,0,10,2,0,4,11,34,52,5,5,0,7,0,20,0,5,0,0,0,27,0,230,0,2,0,0,0,9,0,1,0,0,0,0,0,12,0,0,0,0,0,0,0,0,0,6,0,26,0,0,0,1,0,0,0,1,0,0,0,0,0,0,0,0,0,0,0,0,0,0,0,0,0,0,0,0,0,0,0,0,0,0,0,8,0,0,0,0,0,0,0,0,0,0,0,0,0,0,0,0,0,0,0,0,0,0,0,0,0,0,0,0,0,0,0,0,0,0,0,0,0,0,0,35,0,89,0,89,0,24,0,0,0,0,0,0,0,0,0,0,0,15,0,0,0,0,0,0,0,1,0,113,0,20,0,7,0,32,0,0,10,92,0,93,0,0,0,2,0,0,0,0,0,0,0,0,0,0,0,0,0,0,0,0,0,0,0,0,0,0,0,0,0,0,0,0,0,0,0,0,0,0,0,6,32,0,0,0,1
0,0,0,0,65,0,0,0,0,0,10,0,75,0,32,6,0,0,122,20,33,10,3,0,0,0,111,13,83,0,90,2,63,0,0,0,207,0,2,0,0,6,43,0,31,0,2,5,5,0,124,0,0,0,0,0,0,0,0,0,0,0,7,0,0,0,0,0,0,0,0,0,0,0,0,0,0,0,0,0,0,0,0,0,0,0,0,0,0,0,0,0,0,0,0,0,0,0,37,0,0,0,0,0,0,0,0,0,0,0,0,0,0,0,0,0,0,0,0,0,0,0,0,0,0,0,0,0,0,0,0,0,0,0,0,0,0,0,0,0,0,0,0,0,0,0,0,0,0,0,3,0,0,0,0,0,0,0,0,0,0,0,1,0,44,0,38,0,56,0,3,0,28,0,0,0,0,0,22,0,0,0,0,0,0,0,4,0,0,0,0,0,0,0,0,0,0,0,0,0,0,0,0,0,0,0,0,0,0,0,0,118,222,34,41,0,0,0,1,0,0,0,0,0,0
0,0,0,0,0,51,0,0,0,0,0,26,27,49,33,22,0,22,41,165,19,82,0,15,0,0,0,55,0,138,0,16,0,27,0,0,0,243,0,13,0,0,0,24,0,6,0,0,0,1,0,41,0,3,0,0,0,0,0,0,0,10,0,24,0,0,0,0,0,0,0,0,0,0,0,0,0,0,0,0,0,0,0,0,0,0,0,0,0,0,0,0,0,0,0,0,0,0,0,0,0,0,0,0,0,0,0,0,0,0,0,0,0,0,0,0,0,0,0,0,0,0,0,0,0,0,0,0,0,0,0,0,0,0,0,0,0,0,0,0,0,67,0,0,0,28,0,0,0,0,0,0,0,0,0,0,0,16,0,0,0,0,0,0,0,52,0,140,0,74,0,8,0,11,0,0,7,37,0,19,0,0,0,0,0,0,1,5,0,0,0,0,0,0,0,0,0,0,0,8,0,0,0,0,0,0,0,0,0,0,0,0,0,0,36,0,0,0,60,183,257,57,0,0,0
26,0,37,0,159,0,0,0,0,0,78,0,41,0,37,0,6,0,18,5,9,0,24,0,0,0,32,0,55,0,81,0,347,0,207,0,0,1,66,0,0,0,90,0,38,0,4,0,0,0,51,0,0,0,0,0,0,0,0,0,25,0,31,0,0,0,0,0,0,0,103,0,14,0,38,0,0,0,0,0,113,0,0,0,0,0,64,0,0,0,0,0,0,0,0,0,0,0,176,0,8,0,0,0,0,0,0,0,0,0,0,0,0,0,0,0,0,0,0,0,0,0,42,0,0,0,0,0,0,0,0,0,0,0,0,0,23,0,80,0,174,1,0,0,130,0,0,0,0,0,0,0,0,0,0,0,13,0,0,0,0,0,17,0,49,0,38,0,60,0,15,0,80,0,0,0,44,7,14,0,0,0,17,0,0,0,1,0,0,0,0,0,0,0,0,0,0,0,0,0,0,0,0,0,0,0,0,0,0,0,24,91,121,0,18,0,0,0,0,0,0,0,0,0,0
8,127,8,21,5,64,0,0,0,0,3,28,7,28,4,41,0,0,6,126,3,14,0,6,0,0,0,92,0,21,0,0,0,230,0,243,1,0,1,27,0,0,0,74,0,17,0,0,0,0,0,78,0,0,0,0,0,0,0,1,0,34,0,53,0,0,0,0,0,0,0,8,0,0,0,8,0,0,0,0,0,0,0,0,0,93,0,17,0,0,0,0,0,0,0,13,0,0,0,0,0,0,0,0,0,0,0,0,0,0,0,0,0,0,0,0,0,0,0,0,0,35,0,11,0,0,0,0,0,0,0,0,0,0,0,0,0,12,0,57,0,172,0,101,0,96,0,0,0,0,0,0,0,0,0,0,0,46,0,19,0,0,0,3,0,33,0,55,3,105,0,14,0,83,0,0,9,55,0,19,0,0,0,9,0,0,0,3,0,0,0,0,0,0,0,0,0,2,0,0,0,0,0,0,0,0,0,0,0,7,0,0,0,0,8,0,0,0,13,14,121,11,0,0,1
287,0,396,0,32,0,56,10,0,0,11,0,0,0,0,0,74,0,0,0,0,0,102,13,47,0,0,0,9,0,0,0,4,0,2,0,66,1,0,11,0,0,0,0,3,0,0,0,4,0,1,0,2,0,0,0,1,0,0,0,10,0,23,0,0,0,0,0,0,0,5,0,1,0,10,0,0,0,0,0,12,0,0,0,0,0,0,0,4,0,0,0,0,0,0,0,19,0,24,0,0,0,0,0,0,0,0,0,0,0,0,0,0,0,0,0,0,0,0,0,0,0,15,0,0,0,0,0,0,0,0,0,0,0,0,0,13,0,56,0,47,0,12,0,17,0,0,0,0,0,0,0,0,0,22,0,29,0,15,0,0,0,0,0,0,0,2,0,0,0,0,0,129,0,0,0,269,21,0,0,0,0,152,0,9,0,0,0,0,0,0,0,0,0,0,0,0,0,0,0,3,0,0,0,0,0,0,0,0,0,24,61,12,23,22,0,0,0,6,0,0,0,0,0,0
40,487,34,290,0,31,8,155,0,13,0,36,0,0,0,68,0,109,0,0,0,5,16,104,22,134,0,0,0,5,0,9,0,2,0,13,0,27,11,0,0,0,0,0,0,0,0,0,0,0,0,0,0,4,1,0,0,0,0,0,0,12,0,124,0,0,0,0,0,0,0,0,0,0,0,0,0,0,0,0,0,0,0,0,0,25,0,4,0,0,0,0,0,0,0,0,0,0,0,0,0,0,0,0,0,0,0,0,0,0,0,0,0,0,0,0,0,0,0,0,0,0,0,0,0,0,0,0,0,0,0,0,0,8,0,0,0,13,0,59,0,99,0,66,0,63,0,0,0,0,0,0,0,0,0,5,0,14,0,18,0,0,0,0,0,0,0,12,0,0,0,0,0,81,0,0,33,154,0,0,0,0,7,53,0,0,0,0,0,0,0,0,0,0,0,0,0,0,0,0,0,0,0,0,0,0,0,0,0,0,2,0,0,0,5,0,0,0,0,0,5,4,0,0,0
0,0,0,0,137,0,0,0,9,0,38,0,354,57,0,0,0,0,32,8,0,0,0,0,0,0,39,221,0,0,0,0,2,0,0,0,0,0,0,0,0,109,16,17,43,74,137,245,98,21,0,19,4,0,0,0,0,0,0,0,0,0,2,0,0,0,0,0,0,0,0,0,0,0,0,0,0,0,0,0,0,0,0,0,0,0,0,0,0,0,0,0,0,0,0,0,0,0,20,0,0,0,1,0,0,0,0,0,0,0,0,0,0,0,0,0,0,0,0,0,0,0,0,0,0,0,0,0,0,0,0,0,0,0,0,0,0,0,0,0,0,0,0,0,0,0,0,0,14,0,0,0,0,0,0,0,0,0,0,0,0,0,0,0,0,0,0,0,0,0,0,0,0,0,0,0,59,86,111,0,0,0,15,0,0,0,101,0,0,0,0,0,0,0,0,0,0,0,0,0,0,0,0,0,0,0,0,0,0,0,0,93,53,0,3,0,0,5,0,0,0,0,0,0,0
0,19,0,0,0,27,0,0,0,0,0,117,57,237,0,0,0,0,19,0,0,0,0,0,0,0,205,14,0,0,0,0,0,0,6,0,0,0,0,0,109,0,20,6,58,5,83,145,8,129,10,2,0,0,0,0,0,0,0,1,0,0,0,0,0,0,0,0,0,0,0,0,0,0,0,0,0,0,0,0,0,0,0,0,0,0,0,0,0,0,0,0,0,0,0,0,0,0,0,0,0,0,0,0,0,0,0,0,0,0,0,0,0,0,0,0,0,0,0,0,0,0,0,0,0,0,0,0,0,0,0,0,0,0,0,0,0,0,0,0,0,0,0,0,0,0,0,0,0,0,0,0,0,0,0,0,0,0,0,0,0,0,0,0,0,6,0,0,0,0,0,0,0,0,0,0,0,175,0,19,0,22,0,8,0,0,19,23,0,0,0,0,0,0,0,0,0,0,0,0,0,0,0,0,0,0,0,0,0,0,0,0,0,0,0,0,0,0,0,12,0,0,0,0,23
0,0,0,0,6,0,0,0,0,0,0,0,64,15,1,0,0,0,27,0,33,0,0,0,0,0,196,39,76,0,59,0,39,0,43,0,90,0,0,0,16,20,0,0,154,9,32,43,12,0,70,0,2,0,0,0,0,0,0,0,0,0,19,0,0,0,0,0,0,0,30,0,5,0,17,0,0,0,0,0,0,0,0,0,43,0,28,0,0,0,0,0,0,0,0,0,0,0,98,0,0,0,0,0,0,0,0,0,0,0,0,0,0,0,0,0,0,0,0,0,0,0,0,0,0,0,0,0,0,0,0,0,0,0,0,0,0,0,0,0,0,0,17,0,25,0,0,0,0,0,0,0,0,0,0,0,0,0,0,0,0,0,12,0,50,0,48,0,0,0,11,0,17,0,0,0,2,0,3,0,0,0,0,0,0,0,17,0,0,0,0,0,0,0,0,0,0,0,0,0,0,0,0,0,0,0,0,0,0,0,14,151,107,0,7,0,0,27,0,0,0,0,0,0,0
0,0,0,0,0,0,0,0,0,0,0,0,59,51,0,0,0,6,55,61,0,79,2,6,0,0,69,219,0,38,0,20,0,9,0,24,0,74,0,0,17,6,0,0,0,202,0,31,0,14,8,60,0,0,0,0,0,0,0,0,0,9,0,14,0,0,0,0,0,0,0,0,0,0,0,5,0,0,0,8,0,43,0,0,0,63,0,0,0,0,0,0,0,0,0,0,0,0,0,0,0,0,0,0,0,0,0,0,0,0,0,0,0,0,0,0,0,0,0,0,0,20,0,0,0,0,0,0,0,0,0,0,0,0,0,0,0,0,0,0,0,94,0,96,0,31,0,0,0,0,0,0,0,0,0,0,0,10,0,0,0,0,0,5,0,57,0,8,0,0,0,10,0,9,0,0,0,30,0,0,0,0,0,0,0,0,3,56,0,0,0,0,0,0,0,0,0,3,0,0,0,0,0,0,0,0,0,0,0,0,0,0,0,0,12,0,0,0,21,107,124,0,0,0,0
0,0,0,0,23,1,0,0,0,0,9,0,94,0,8,1,15,0,35,3,32,0,2,0,0,0,307,51,18,0,27,0,7,0,31,0,38,0,3,0,43,58,154,0,0,79,177,133,154,66,93,3,0,0,9,0,0,0,0,0,0,0,38,0,0,0,0,0,7,0,80,0,22,0,55,0,0,0,0,0,185,0,0,0,182,0,93,0,0,0,24,0,0,0,0,0,184,0,344,0,0,0,0,0,0,0,38,0,0,0,0,0,0,0,0,0,0,0,0,0,33,0,49,0,0,0,1,0,2,0,0,0,0,0,0,0,0,0,0,0,51,0,0,0,45,0,0,0,0,0,14,0,0,0,0,0,0,0,0,0,0,0,19,0,180,5,57,0,71,0,23,0,34,0,0,0,21,36,32,0,26,0,13,0,17,0,28,0,0,0,0,0,0,0,0,0,0,0,0,0,0,1,0,0,0,0,0,0,10,0,125,109,233,17,43,0,1,86,0,7,0,0,0,0,1
0,7,0,5,0,0,0,8,0,0,0,10,26,19,0,15,0,5,10,55,0,21,0,0,0,0,143,478,0,0,0,0,0,1,0,6,0,17,0,0,74,5,9,202,79,0,109,110,40,190,0,123,0,0,0,0,0,0,0,0,0,0,0,11,0,0,0,0,0,25,0,43,0,0,0,36,0,10,0,29,0,228,0,55,0,222,0,83,0,0,0,0,0,25,0,152,0,8,0,134,0,54,0,39,0,0,0,0,0,0,0,0,0,0,0,0,0,0,0,0,0,110,0,12,0,3,0,0,0,0,0,0,0,0,0,0,0,0,0,0,0,81,0,139,0,82,0,0,0,0,0,0,0,0,0,5,0,5,0,0,0,0,0,20,0,236,0,22,0,90,0,36,0,64,0,0,0,52,0,7,0,11,0,0,0,0,25,17,0,0,0,0,0,0,0,42,0,0,0,0,0,0,0,0,0,0,0,0,0,0,0,0,0,0,40,0,0,0,79,247,281,25,0,1,103
0,0,0,0,76,0,0,0,10,0,35,0,242,44,0,0,0,0,80,0,5,0,0,0,0,0,153,142,0,0,0,0,1,0,2,0,4,0,0,0,137,83,32,0,177,109,0,248,179,52,18,0,4,0,6,0,0,0,0,0,0,0,10,0,0,0,0,0,0,0,15,0,0,0,0,0,0,0,0,0,24,0,0,0,0,0,0,0,0,0,0,0,0,0,0,0,0,0,0,0,0,0,0,0,0,0,0,0,0,0,0,0,0,0,0,0,0,0,0,0,0,0,0,0,0,0,0,0,0,0,0,0,0,0,0,0,0,0,0,0,0,0,10,0,0,0,0,0,0,0,0,0,27,0,0,0,0,0,0,0,0,0,0,0,64,0,2,0,15,0,5,0,3,0,12,0,47,83,99,0,46,0,33,0,57,0,117,0,0,0,0,0,0,0,0,0,0,0,0,0,0,0,0,0,0,0,0,0,0,0,38,363,199,0,6,0,0,27,0,2,0,0,0,0,0
0,60,0,15,0,109,0,0,0,0,0,203,84,273,9,0,0,0,48,144,16,0,0,0,0,0,406,322,0,0,0,0,0,0,5,0,0,0,0,0,245,145,43,31,133,110,248,0,23,147,42,16,0,3,0,0,0,0,0,0,0,0,0,6,0,0,0,0,0,0,0,0,0,0,0,0,0,0,0,0,0,0,0,0,0,0,0,0,0,0,0,0,0,0,0,0,0,0,0,15,0,0,0,0,0,0,0,0,0,0,0,0,0,0,0,0,0,0,0,0,0,0,0,0,0,0,0,0,0,0,0,0,0,0,0,0,0,0,0,3,0,0,0,0,0,0,0,0,0,0,0,49,0,0,0,0,0,0,0,0,0,0,0,0,0,17,0,0,0,0,0,0,1,0,0,0,0,151,0,31,0,0,0,0,0,0,49,12,0,0,0,0,0,0,0,0,0,0,0,0,0,0,0,0,0,0,0,0,0,48,0,0,0,0,0,0,0,0,0,152,61,0,0,0,87
24,0,64,3,0,0,84,0,20,2,3,0,58,0,3,0,9,0,3,0,8,0,18,0,8,0,36,0,0,0,2,0,2,0,5,0,0,0,4,0,98,8,12,0,154,40,179,23,0,43,16,0,1,0,30,0,38,0,44,0,10,0,0,0,0,0,4,0,24,0,5,0,6,0,3,0,13,0,9,0,15,0,72,0,17,0,10,0,9,0,0,0,37,0,35,3,23,0,21,0,19,0,43,0,0,0,0,1,0,0,0,0,2,0,0,0,0,0,0,0,0,0,0,0,6,0,0,0,0,0,14,0,0,0,14,0,0,1,0,0,0,0,15,0,2,0,3,0,0,0,8,0,0,0,8,0,7,0,0,0,28,0,14,0,47,0,13,0,82,0,18,0,36,0,0,0,28,34,12,0,16,0,1,0,9,0,97,0,52,0,15,0,38,0,20,0,6,0,18,0,35,0,28,0,33,0,7,0,14,0,63,85,208,10,27,1,2,12,1,9,6,0,0,0,0
0,9,0,0,0,10,0,4,0,0,0,10,3,47,0,4,0,0,3,4,0,0,0,0,0,2,17,20,0,0,0,1,0,0,0,1,0,0,0,0,21,129,0,14,66,190,52,147,43,0,0,2,0,0,0,0,0,0,0,0,0,1,0,0,0,0,0,0,0,14,0,9,0,0,0,0,0,1,0,3,0,38,0,24,0,52,0,0,0,13,0,0,0,16,0,51,0,0,0,27,0,0,0,25,0,9,0,7,0,0,0,0,0,0,0,0,0,0,0,2,0,16,0,2,0,0,0,0,0,0,0,0,0,0,0,9,0,0,0,0,0,0,0,0,0,8,0,0,0,0,0,0,0,19,0,0,0,0,0,0,0,0,0,2,0,32,0,8,0,9,0,5,0,4,0,5,0,238,0,16,0,19,0,10,0,2,32,69,0,21,0,0,0,0,0,7,0,1,0,2,0,9,0,0,0,6,0,0,0,0,0,0,0,0,10,0,0,0,17,46,34,15,0,2,30
0,0,0,0,59,0,0,0,0,0,3,0,225,44,16,0,0,0,189,0,58,0,0,0,0,0,194,58,46,0,69,0,18,0,124,0,51,0,1,0,0,10,70,8,93,0,18,42,16,0,0,0,0,0,0,0,0,0,0,0,0,0,0,0,0,0,2,0,3,0,20,0,0,0,0,0,9,0,0,0,0,0,0,0,0,0,0,0,0,0,0,0,0,0,0,0,40,0,58,0,0,0,0,0,0,0,0,0,0,0,0,0,0,0,0,0,0,0,0,0,0,0,0,1,0,0,0,0,0,0,0,0,0,0,0,0,0,0,0,0,19,0,0,0,11,0,0,0,0,0,0,0,0,0,0,0,0,0,1,0,0,0,18,0,87,0,23,0,89,0,9,0,45,0,0,0,4,5,11,0,0,0,0,0,0,0,21,0,0,0,0,0,0,0,0,0,0,0,0,0,0,0,0,0,0,0,0,0,0,0,31,94,208,0,11,0,0,2,0,0,0,0,0,0,0
0,0,1,0,0,0,0,0,0,0,0,0,108,86,0,0,0,13,75,129,6,67,0,4,0,0,54,215,0,36,0,22,0,12,0,41,0,78,0,0,19,2,0,60,3,123,0,16,0,2,0,0,0,0,0,1,0,0,0,0,0,9,0,19,0,0,0,0,0,0,0,14,0,3,0,10,0,0,0,0,0,63,0,18,0,99,0,0,0,0,0,0,0,0,0,0,0,0,1,48,0,0,0,0,0,0,0,0,0,0,0,0,0,0,0,0,0,0,0,0,0,29,0,6,0,0,0,0,0,0,0,0,0,0,0,0,0,0,0,0,0,109,0,87,0,52,0,0,0,0,0,0,0,0,0,0,0,8,0,0,0,5,0,6,0,62,0,13,0,85,0,8,0,27,0,0,0,46,0,0,0,2,0,0,0,0,7,63,0,0,0,0,0,0,0,0,0,2,0,0,0,0,0,0,0,0,0,0,0,0,0,0,0,0,24,0,0,0,0,107,125,29,0,1,1
10,9,11,0,13,0,140,0,245,86,5,0,11,0,11,0,43,0,8,0,0,0,0,0,45,32,0,0,1,0,0,0,0,0,0,0,0,0,2,0,4,0,2,0,0,0,4,0,1,0,0,0,0,23,128,39,61,8,53,22,87,14,79,19,0,0,8,55,0,0,0,0,0,0,0,0,0,0,0,0,0,0,0,0,141,0,0,0,0,0,12,0,0,0,0,0,80,0,38,0,5,0,0,0,0,0,11,0,0,0,0,0,0,0,0,0,0,0,0,0,0,0,35,0,0,0,0,0,70,0,14,0,1,0,0,0,177,0,173,0,105,0,192,0,14,0,0,0,0,0,0,0,0,0,218,3,144,3,106,0,14,0,0,0,0,0,0,0,0,0,22,0,0,0,2,12,98,0,0,0,0,7,25,0,68,1,0,0,0,0,0,0,0,0,0,0,0,0,0,0,0,0,0,0,0,0,0,0,0,0,78,81,33,60,67,0,0,1,10,0,0,0,0,0,0
0,0,0,0,0,0,26,45,69,104,0,0,0,2,0,0,0,18,0,4,0,0,0,1,2,41,0,0,0,4,0,0,0,0,0,3,0,0,0,4,0,0,0,0,0,0,0,3,0,0,0,0,23,0,36,31,1,55,19,3,0,52,6,90,0,0,18,9,0,0,0,0,0,0,0,0,0,0,0,0,0,0,0,0,0,2,0,0,0,0,0,0,0,0,0,0,0,0,0,0,0,0,0,1,0,0,0,0,0,0,0,0,0,0,0,0,0,0,0,0,0,0,0,0,0,0,0,0,0,35,0,9,0,31,0,61,0,68,0,96,0,17,0,59,0,24,0,0,0,0,0,0,0,0,4,101,0,125,0,271,0,11,0,0,0,0,0,0,0,2,9,33,0,8,0,0,8,30,0,0,0,0,0,0,15,67,0,0,0,0,0,0,0,0,0,0,0,0,0,0,0,7,0,0,0,0,0,0,0,0,0,1,0,0,13,0,0,0,4,4,14,19,0,1,0
0,2,77,0,17,0,238,9,89,118,0,0,7,0,120,0,52,0,40,0,29,0,185,0,277,30,0,0,3,0,0,0,0,0,0,0,0,0,0,1,0,0,0,0,9,0,6,0,30,0,0,0,128,36,0,66,22,13,36,10,15,9,13,16,1,0,11,52,4,0,0,0,0,0,0,0,3,0,0,0,0,0,0,0,12,0,0,0,0,0,0,0,0,0,0,0,19,0,0,0,0,0,0,0,0,0,0,0,0,0,0,0,0,0,0,0,0,0,0,0,0,0,0,0,10,0,22,0,31,0,119,0,0,0,223,0,168,0,21,6,6,0,167,0,0,0,0,0,8,0,0,0,0,0,86,0,0,5,14,7,9,0,0,0,6,0,3,0,87,0,153,0,0,0,0,0,6,0,0,0,0,0,9,0,35,0,0,0,0,0,0,0,0,0,0,0,0,0,0,0,130,0,0,0,0,0,0,0,102,0,222,56,371,370,433,0,9,0,14,2,0,0,0,0,0
1,19,0,28,0,0,19,288,109,287,0,4,0,0,0,68,0,6,0,18,0,0,0,17,0,246,0,0,0,0,0,0,0,0,0,0,0,0,0,0,0,0,0,0,0,0,0,0,0,0,0,1,39,31,66,0,2,115,46,34,3,10,4,29,1,2,43,41,0,0,0,0,0,0,0,0,0,1,0,0,0,0,0,0,0,0,0,0,0,0,0,0,0,1,0,0,0,0,0,0,0,2,0,0,0,0,0,0,0,0,0,0,0,0,0,0,0,0,0,0,0,0,0,0,0,50,0,27,0,25,0,130,0,29,2,98,0,91,0,20,0,4,0,4,0,0,0,4,0,0,0,0,0,0,8,67,0,12,0,68,0,20,0,0,0,1,0,0,0,30,0,136,0,15,0,9,7,1,0,0,0,0,0,0,13,4,0,0,0,0,0,0,0,0,0,0,0,0,0,0,0,0,0,1,0,0,0,0,0,54,17,3,4,13,369,0,0,0,165,30,293,333,0,31,0
0,0,0,0,0,0,6,0,14,3,0,0,0,0,0,0,9,0,0,0,0,0,0,0,15,0,0,0,0,0,0,0,0,0,0,0,0,0,1,0,0,0,0,0,0,0,0,0,38,0,0,0,61,1,22,2,0,0,205,0,0,0,19,0,14,12,17,51,0,0,0,0,1,0,0,0,0,0,0,0,0,0,0,0,0,0,0,0,0,0,0,0,0,0,0,0,0,0,0,0,0,0,0,0,0,0,0,0,0,0,0,0,0,0,0,0,0,0,0,0,0,0,0,0,6,0,0,0,29,0,90,0,14,0,45,0,45,0,43,0,2,0,49,0,13,0,0,0,4,0,0,0,0,0,137,17,13,0,80,13,55,9,59,0,11,0,0,0,91,0,95,0,0,0,21,3,0,0,0,0,13,17,0,0,18,0,0,0,0,0,0,0,0,0,0,0,0,0,0,0,25,0,0,0,2,0,0,0,17,0,200,79,435,386,483,2,24,7,0,0,0,0,0,0,0
0,0,0,0,0,4,0,27,5,89,0,0,0,0,0,0,0,0,0,0,0,0,0,0,0,43,0,0,0,0,0,0,0,0,0,0,0,0,0,0,0,0,0,0,0,0,0,0,0,0,0,0,8,55,13,115,0,0,54,170,0,0,0,14,0,0,28,87,0,3,0,0,0,0,0,0,0,0,0,0,0,0,0,0,0,0,0,0,0,0,0,0,0,0,0,0,0,0,0,0,0,0,0,0,0,0,0,0,0,0,0,0,0,0,0,0,0,0,0,0,0,0,0,0,0,19,0,8,0,20,0,51,0,18,0,37,0,32,8,11,0,6,0,0,0,0,0,0,1,0,0,0,0,0,23,206,0,1,0,207,0,44,0,48,0,0,0,2,0,45,0,219,0,5,0,13,0,0,0,0,5,21,0,0,6,0,0,0,0,0,0,0,0,0,0,0,0,0,0,0,0,0,0,0,0,0,0,0,0,8,2,0,0,3,240,0,0,0,78,30,326,0,0,25,0
1,0,8,0,0,0,30,0,91,0,0,0,0,0,0,0,0,0,0,0,0,0,0,0,0,0,0,0,0,0,0,0,0,0,0,0,0,0,0,0,0,0,0,0,0,0,0,0,44,0,0,0,53,19,36,46,205,54,0,62,0,0,3,6,49,15,68,139,0,0,0,0,0,0,0,0,0,0,3,0,0,0,0,0,0,0,0,0,0,0,0,0,0,0,0,0,0,0,0,0,0,0,0,0,0,0,0,0,0,0,0,0,0,0,0,0,0,0,0,0,0,0,0,0,10,0,0,0,0,0,47,0,0,0,9,0,6,0,6,0,0,0,5,0,10,1,0,0,20,0,0,0,0,0,54,24,65,4,4,14,21,0,0,0,7,0,2,0,64,0,76,0,7,0,55,28,0,0,0,0,0,28,0,0,123,0,0,0,0,0,0,0,0,0,0,0,0,0,0,0,0,0,0,0,0,0,0,0,10,0,753,353,397,715,1272,0,28,6,0,0,0,0,0,0,0
0,15,0,5,0,0,0,11,0,175,0,0,0,0,0,8,0,0,0,0,0,0,0,2,0,14,0,0,0,0,0,0,0,0,0,0,0,1,0,0,0,1,0,0,0,0,0,0,0,0,0,0,22,3,10,34,0,170,62,0,0,3,0,1,0,31,0,161,0,6,0,0,0,0,0,0,0,0,0,0,0,0,1,0,0,0,0,0,0,0,0,0,0,0,0,0,0,0,0,0,0,0,0,3,0,0,0,0,0,0,0,0,0,0,0,0,0,0,0,0,0,0,0,0,0,10,0,10,0,0,0,31,0,9,0,0,0,4,19,0,0,0,0,0,0,7,0,0,0,6,0,0,0,0,40,6,0,0,0,9,0,16,0,0,0,0,0,3,0,57,0,129,0,9,0,19,0,0,0,0,20,46,0,0,12,2,0,0,0,0,0,0,0,0,0,0,0,0,0,0,0,0,0,0,0,0,0,0,0,10,0,0,1,0,1352,0,0,0,423,106,594,665,0,56,0
87,13,21,0,0,0,164,0,227,0,0,0,0,0,0,0,2,0,0,0,0,0,0,0,4,19,0,0,10,0,0,0,20,0,0,0,25,0,10,0,0,0,0,0,0,0,0,0,10,0,0,0,87,0,15,3,0,0,0,0,0,0,76,6,0,0,6,0,0,0,0,0,0,0,0,0,0,0,0,0,0,0,0,0,0,0,0,0,0,0,0,0,0,0,0,0,0,0,0,0,0,0,0,0,0,0,0,0,0,0,0,0,0,0,0,0,0,0,0,0,0,0,14,0,0,0,0,0,0,0,1,0,0,0,0,0,9,0,100,0,173,0,11,0,117,0,0,0,0,0,0,0,0,0,21,0,138,0,18,0,0,0,8,0,3,0,0,0,11,1,192,0,125,0,0,0,193,7,0,0,0,0,46,0,10,0,0,0,0,0,0,0,0,0,0,0,0,0,0,0,0,0,0,0,0,0,0,0,0,0,80,72,81,120,104,0,0,0,0,0,0,0,0,0,0
14,210,7,18,0,0,0,142,0,249,0,0,0,0,0,4,0,20,0,0,0,14,0,1,20,108,0,0,0,30,0,0,0,6,0,10,0,34,0,12,0,0,0,9,0,0,0,0,0,1,0,9,14,52,9,10,0,0,0,3,0,0,22,111,0,0,0,8,0,0,0,0,0,0,0,0,0,0,0,0,0,0,0,0,0,0,0,0,0,0,0,0,0,0,0,0,0,0,0,0,0,0,0,0,0,0,0,0,0,0,0,0,0,0,0,0,0,0,0,0,0,0,0,0,0,0,0,0,0,0,0,0,0,0,0,0,0,5,0,34,0,43,0,9,0,94,0,0,0,0,0,0,0,0,0,12,0,262,0,23,0,0,0,0,0,2,0,1,0,7,2,78,0,70,0,0,26,165,0,0,0,0,0,52,0,74,0,0,0,0,0,0,0,0,0,0,0,0,0,0,0,0,0,0,0,0,0,0,0,0,0,0,0,0,12,0,0,0,0,3,28,35,0,3,0
124,53,170,10,0,0,375,70,242,46,0,0,0,0,27,0,185,0,82,0,148,0,11,0,129,82,88,0,196,0,86,0,36,0,7,0,31,0,23,0,2,0,19,0,38,0,10,0,0,0,0,0,79,6,13,4,19,0,3,0,76,22,0,29,0,0,0,0,0,0,18,0,0,0,22,0,0,0,13,0,80,0,0,0,265,0,32,0,0,0,0,0,0,0,0,0,177,0,139,0,9,0,0,0,0,0,0,0,0,0,0,0,0,0,0,0,0,0,0,0,0,0,104,0,0,0,0,0,20,0,0,0,0,0,0,0,95,0,122,0,156,0,192,0,24,0,0,0,0,0,0,0,0,0,79,0,83,0,52,0,3,0,0,0,0,0,0,0,0,0,11,0,12,0,0,0,232,19,0,0,0,0,114,1,14,3,0,0,0,0,0,0,0,0,0,0,0,0,0,0,0,0,0,0,0,0,0,0,0,0,27,20,5,9,18,0,0,0,14,0,0,0,0,0,0
42,135,10,18,0,0,64,223,72,225,0,0,0,0,0,27,0,223,0,67,0,89,0,119,54,230,0,65,0,137,0,42,0,26,0,24,0,53,0,124,0,0,0,14,0,11,0,6,0,0,0,19,19,90,16,29,0,14,6,1,6,111,29,0,0,0,5,8,0,0,0,0,0,0,0,0,0,0,0,0,0,0,0,0,0,62,0,0,0,0,0,0,0,0,0,0,0,0,0,0,0,0,0,0,0,0,0,0,0,0,0,0,0,0,0,0,0,0,0,0,0,0,0,0,0,0,0,0,0,40,0,0,0,51,0,91,0,176,0,289,0,150,0,343,0,44,0,0,0,0,0,0,0,0,0,110,0,76,0,231,0,0,0,0,0,0,0,0,0,0,0,20,14,20,0,0,35,139,0,0,0,0,0,42,0,58,0,0,0,0,0,0,0,0,0,0,0,0,0,0,0,0,0,0,0,0,0,0,0,0,0,6,4,0,20,0,0,0,27,30,13,15,0,1,0
15,0,73,0,55,0,32,0,108,0,11,0,64,0,33,0,1,0,18,0,0,0,0,0,1,0,0,0,0,0,0,0,0,0,0,0,0,0,0,0,0,0,0,0,0,0,0,0,0,0,0,0,0,0,1,1,14,0,49,0,0,0,0,0,0,41,144,0,0,0,21,0,6,0,0,0,0,0,0,0,0,0,0,0,0,0,0,0,0,0,0,0,0,0,0,0,0,0,0,2,0,0,0,0,0,0,0,0,0,0,0,0,0,0,0,0,0,0,0,0,0,0,0,0,4,0,28,0,0,0,11,14,0,0,7,3,1,0,50,38,17,0,0,0,71,6,7,0,51,49,50,0,6,8,3,9,5,0,2,62,151,89,0,2,0,0,0,0,0,0,0,0,0,0,38,10,0,0,0,0,89,77,8,0,53,0,0,0,0,0,0,0,0,0,0,0,0,0,0,0,0,0,0,0,0,0,0,0,42,0,58,8,16,0,83,0,0,0,1,0,3,0,0,0,0
0,18,0,8,0,0,0,0,2,173,0,35,0,0,0,10,0,0,0,79,0,0,0,0,0,0,0,30,0,0,0,0,0,0,0,0,0,0,0,0,0,0,0,0,0,0,0,0,0,0,0,0,0,0,0,2,12,0,15,31,0,0,0,0,41,0,0,333,0,0,0,5,6,0,0,3,0,0,0,6,0,0,0,0,0,0,7,4,0,0,0,0,0,0,0,2,0,0,4,0,0,0,0,0,0,0,0,0,0,0,0,0,0,0,0,0,0,0,0,0,0,0,0,3,0,11,0,27,0,0,11,20,0,0,0,0,3,0,0,13,0,8,0,0,0,31,0,44,0,124,0,28,0,0,0,6,0,0,11,6,63,144,0,0,0,0,0,0,0,7,0,0,0,0,6,33,1,0,0,3,34,118,0,0,0,26,0,0,0,0,0,0,0,0,0,0,0,5,0,5,0,2,0,0,0,3,0,0,0,31,5,0,0,0,149,0,0,0,80,5,37,0,0,1,0
26,0,0,0,3,0,19,0,131,0,0,0,0,0,0,0,0,0,0,0,0,0,0,0,0,1,0,0,0,0,0,0,0,0,0,0,0,0,0,0,0,0,0,0,0,0,0,0,4,0,2,0,8,18,11,43,17,28,68,0,6,0,0,5,144,0,0,68,0,0,0,0,0,0,0,0,0,0,0,0,0,0,0,0,0,0,0,0,0,0,0,0,0,0,0,0,0,0,0,0,0,0,0,0,0,0,0,0,0,0,0,0,0,0,0,0,0,0,0,0,0,0,0,0,4,0,0,0,0,0,4,0,0,0,0,0,0,0,0,0,0,0,0,0,18,1,0,0,18,0,0,0,3,0,18,11,18,0,1,6,21,0,2,0,0,0,0,0,0,0,14,0,0,0,35,20,0,0,2,0,50,29,4,0,488,0,0,0,0,0,0,0,0,0,0,0,0,0,0,0,0,0,0,0,0,0,0,0,0,0,142,118,26,0,135,0,0,1,4,0,0,0,0,0,0
0,5,0,0,0,0,0,6,33,154,0,0,0,0,0,2,0,0,0,0,0,0,0,0,0,0,0,0,0,0,0,0,0,1,0,0,0,0,0,0,0,0,0,0,0,0,0,0,0,0,0,0,55,9,52,41,51,87,139,161,0,8,0,8,0,333,68,0,0,0,0,1,0,0,0,0,0,1,0,0,0,0,0,0,0,0,0,0,0,0,0,0,0,0,0,1,0,0,0,0,0,1,0,0,0,0,0,0,0,0,0,0,0,0,0,0,0,0,0,0,0,0,0,0,0,7,0,21,0,0,0,39,0,2,0,1,0,0,0,4,0,0,0,0,8,8,0,5,0,24,0,5,0,2,71,7,5,28,0,2,27,32,0,0,0,1,0,0,0,6,0,0,0,0,18,133,0,0,0,0,12,109,0,0,41,69,0,0,0,0,0,0,0,1,0,0,0,0,0,0,0,0,0,0,0,0,0,0,0,14,0,4,0,0,704,0,0,0,366,76,138,259,1,18,1
0,0,0,0,0,0,0,0,1,0,0,0,0,0,0,0,0,0,0,0,0,0,0,0,0,0,0,0,0,0,0,0,0,0,0,0,0,0,0,0,0,0,0,0,7,0,0,0,24,0,3,0,0,0,4,0,0,0,0,0,0,0,0,0,0,0,0,0,0,0,0,0,3,0,0,0,129,0,8,0,0,0,28,0,0,0,9,0,10,0,0,0,20,0,9,0,0,0,0,0,4,0,126,0,0,0,0,0,58,0,21,0,5,0,19,0,6,0,0,0,0,0,0,0,0,0,3,0,0,0,0,0,0,0,0,0,0,0,0,0,0,0,0,0,0,0,0,0,0,0,0,0,0,0,0,0,0,0,0,0,0,0,0,0,18,0,0,0,110,0,0,0,0,0,0,0,0,0,0,0,0,0,0,0,0,0,0,0,0,0,0,0,0,0,0,0,0,0,0,0,0,0,0,0,22,0,0,0,0,0,58,7,100,0,0,27,80,7,0,0,0,0,0,0,0
0,0,0,0,0,0,0,0,0,2,0,0,0,0,0,0,0,0,0,0,0,0,0,0,0,0,0,0,0,0,0,0,0,0,0,0,0,0,0,0,0,0,0,0,0,25,0,0,0,14,0,0,0,0,0,0,0,3,0,6,0,0,0,0,0,0,0,0,0,0,0,0,0,7,0,0,0,88,0,0,0,7,0,26,0,0,0,0,0,6,0,0,0,70,0,14,0,0,0,0,0,7,0,101,0,0,0,5,0,48,0,6,0,0,0,2,0,12,0,0,0,0,0,0,0,0,0,0,0,0,0,0,0,0,0,13,0,0,0,0,0,0,0,0,0,0,0,0,0,0,0,0,0,0,0,0,0,1,0,0,0,0,0,0,0,49,0,0,0,92,0,9,0,0,0,0,0,0,0,0,0,0,0,0,0,0,0,0,0,0,0,6,0,0,0,0,0,0,0,0,0,0,0,0,0,0,0,11,0,0,0,0,0,0,13,0,0,0,63,16,94,0,17,77,4
0,0,0,0,0,0,0,0,0,0,0,0,8,0,0,0,0,0,0,0,0,0,0,0,0,0,79,0,20,0,25,0,18,0,0,0,103,0,5,0,0,0,30,0,80,0,15,0,5,0,20,0,0,0,0,0,0,0,0,0,0,0,18,0,21,0,0,0,0,0,0,0,231,0,129,0,13,0,134,0,8,0,0,0,0,0,23,0,0,0,0,0,0,0,2,0,0,0,5,0,0,0,0,0,0,0,0,0,0,0,0,0,0,0,0,0,0,0,0,0,24,0,41,0,0,0,43,0,6,0,0,0,0,0,55,0,13,0,22,6,113,4,98,0,112,0,15,0,0,0,44,0,0,0,0,0,13,0,0,0,26,26,46,0,0,0,15,0,37,0,30,0,87,0,12,0,0,0,0,0,58,22,6,0,45,0,0,0,0,0,0,0,0,0,0,0,2,0,0,0,0,0,0,0,0,0,0,0,49,0,0,0,6,0,0,0,0,0,0,0,0,0,0,0,0
0,0,0,0,0,0,0,0,0,0,0,0,0,0,0,0,0,0,0,0,0,0,0,0,0,0,0,0,0,0,0,2,0,1,0,0,0,8,0,0,0,0,0,0,0,43,0,0,0,9,0,14,0,0,0,0,0,0,0,0,0,0,0,0,0,5,0,1,0,0,0,0,0,139,0,192,0,5,0,5,0,0,0,0,0,4,0,31,0,0,0,0,0,0,0,0,0,0,0,0,0,0,0,0,0,0,0,0,0,0,0,0,0,0,0,0,0,0,0,0,0,2,0,14,0,107,0,26,0,54,0,81,0,0,0,0,0,40,0,7,3,22,0,0,0,107,0,0,0,39,0,40,0,27,0,0,0,4,0,4,0,14,0,40,0,0,0,0,0,19,0,4,0,29,0,13,0,4,0,0,0,0,0,0,0,2,0,0,0,0,0,0,0,0,0,0,0,0,0,0,0,0,0,0,0,0,0,0,0,31,0,0,0,0,3,0,0,0,19,0,4,0,0,0,0
0,0,0,0,0,0,0,0,0,0,0,0,0,0,0,0,0,0,0,0,0,0,0,0,0,0,0,0,0,0,0,0,0,0,0,0,14,0,1,0,0,0,5,0,22,0,0,0,6,0,0,0,0,0,0,0,1,0,0,0,0,0,0,0,6,6,0,0,3,0,231,0,0,0,136,0,30,0,164,0,5,1,28,0,0,0,14,0,0,0,0,0,3,0,0,0,0,0,3,0,0,0,0,0,0,0,0,0,0,0,0,0,0,0,0,0,0,0,0,0,27,0,30,0,34,0,63,0,21,0,44,0,12,0,122,0,18,0,4,0,56,0,161,0,96,0,22,0,0,3,77,0,0,0,0,0,5,0,0,0,12,0,136,0,1,0,9,0,22,0,15,0,23,0,9,0,0,0,0,0,52,9,0,0,16,0,0,0,7,0,0,0,0,0,1,0,0,0,57,0,73,0,0,0,0,0,0,0,109,0,56,1,28,0,10,0,0,1,0,0,0,0,0,0,0
0,0,0,0,0,0,0,0,0,0,0,0,0,0,0,0,0,0,0,0,0,0,0,0,0,0,0,0,0,0,0,0,0,0,0,0,0,0,0,0,0,0,0,0,0,0,0,0,0,0,0,3,0,0,0,0,0,0,0,0,0,0,0,0,0,0,0,0,0,7,0,139,0,0,0,311,0,39,0,55,0,15,0,30,0,36,0,77,0,0,0,0,0,0,0,5,0,0,1,5,0,0,0,5,0,0,0,0,0,2,0,0,0,0,0,0,0,0,0,0,0,39,0,49,0,92,0,0,1,42,0,87,0,0,0,113,0,75,0,5,1,17,0,40,0,39,0,28,0,0,0,60,0,36,0,0,0,3,0,0,0,14,0,71,0,0,0,0,0,17,0,5,0,9,0,0,0,0,0,0,0,0,0,0,0,0,0,0,0,0,0,4,0,0,0,0,0,0,0,0,0,27,0,61,0,16,0,0,0,79,0,0,0,0,6,0,0,0,69,0,12,0,0,0,0
0,0,0,0,0,0,0,0,0,0,0,0,0,0,0,0,0,0,0,0,26,0,0,0,0,0,0,0,16,0,23,0,0,0,0,0,38,0,10,0,0,0,17,0,55,0,0,0,3,0,0,0,0,0,0,0,0,0,0,0,0,0,22,0,0,0,0,0,0,0,129,0,136,0,0,0,12,0,189,0,0,0,28,0,89,0,34,0,0,0,0,0,0,0,0,0,0,0,8,0,4,0,0,0,0,0,0,0,0,0,0,0,0,0,0,0,0,0,0,0,72,0,176,0,0,0,15,0,0,0,0,0,0,0,57,2,14,0,13,0,121,0,240,0,51,0,0,0,0,8,21,0,0,0,1,0,0,0,0,0,0,0,5,0,0,0,0,0,8,0,11,0,24,0,0,0,0,0,0,0,0,2,0,0,13,0,0,0,0,0,0,0,0,0,0,0,1,0,0,0,46,0,0,0,0,0,0,0,28,0,4,0,0,0,0,0,0,0,0,0,0,0,0,0,0
0,0,0,0,0,0,0,0,0,0,0,3,0,0,0,0,0,0,0,21,0,11,0,8,0,0,0,13,0,0,0,0,0,0,0,0,0,8,0,0,0,0,0,5,0,36,0,0,0,0,0,10,0,0,0,0,0,0,0,0,0,0,0,0,0,3,0,0,0,0,0,192,0,311,0,0,0,21,0,92,0,6,0,7,0,21,0,90,0,0,0,0,0,0,0,0,0,0,0,0,0,0,0,1,0,0,0,0,0,0,0,0,0,0,0,0,0,0,0,0,0,104,0,47,0,65,1,58,0,18,0,48,0,37,0,116,0,86,0,0,0,28,0,54,0,120,3,0,0,34,0,0,0,39,0,2,0,0,0,0,0,0,0,43,0,0,0,9,0,12,0,9,0,0,0,13,0,0,0,0,0,0,0,0,0,2,0,0,0,0,0,0,0,0,0,3,0,0,0,0,0,18,0,0,0,0,0,0,0,65,0,0,0,1,3,0,0,0,40,0,6,0,0,0,0
0,0,0,0,0,0,0,0,0,0,0,0,0,0,0,0,0,0,0,0,0,0,0,0,0,0,0,0,0,0,0,0,0,0,0,0,0,0,0,0,0,0,0,0,0,0,0,0,13,0,9,0,0,0,3,0,0,0,0,0,0,0,0,0,0,0,0,0,129,0,13,0,30,0,12,0,0,0,41,0,0,0,80,0,50,0,36,0,6,0,0,0,60,0,4,0,0,0,0,0,2,0,62,0,0,0,22,0,22,0,1,0,4,0,8,0,5,0,0,0,10,0,8,0,0,0,0,0,0,0,0,0,0,0,0,0,0,0,0,0,0,0,20,0,0,0,0,0,0,0,0,0,0,1,0,0,0,0,0,0,0,0,2,0,20,0,0,0,49,0,1,0,3,0,0,0,0,0,0,0,0,0,0,0,0,0,0,0,75,0,0,0,44,0,15,0,7,0,0,0,73,0,0,0,0,0,0,0,0,0,38,4,46,0,0,0,3,1,1,0,0,0,0,0,0
0,0,0,2,0,0,0,0,0,0,0,0,0,0,0,0,0,0,0,0,0,0,0,0,0,0,0,0,0,0,0,0,0,0,0,0,0,0,0,0,0,0,0,0,0,10,0,0,0,1,0,0,0,0,0,1,0,0,0,0,0,0,0,0,0,0,0,1,0,88,0,5,0,39,0,21,0,0,0,17,0,35,0,125,0,26,0,77,0,22,0,0,0,56,0,53,0,12,0,26,0,11,0,176,0,19,0,0,0,39,0,6,0,5,0,0,0,31,0,0,0,20,0,0,0,0,0,0,0,0,0,3,0,0,0,26,0,8,0,0,0,0,0,0,0,4,0,7,0,5,3,7,0,0,0,0,0,0,0,0,0,0,0,7,0,12,0,5,0,86,0,4,0,0,0,0,0,0,0,1,3,0,0,0,0,0,0,0,0,0,0,0,0,0,0,0,0,6,0,0,0,48,0,0,0,0,0,0,0,12,0,1,0,0,13,0,0,0,42,0,72,0,10,16,0
0,0,0,0,0,0,0,0,0,0,0,0,0,0,0,0,0,0,0,0,0,0,0,0,0,0,0,0,0,0,0,0,0,0,0,0,0,0,0,0,0,0,0,0,0,0,0,0,9,0,0,0,0,0,0,0,0,0,3,0,0,0,13,0,0,0,0,0,8,0,134,0,164,0,189,0,41,0,0,0,13,0,108,0,114,0,63,0,1,0,5,0,14,0,3,0,0,0,0,0,2,0,22,0,48,0,28,0,6,0,0,0,0,0,0,0,0,0,0,0,111,0,67,0,0,0,0,0,0,0,0,0,0,0,74,0,0,2,0,0,50,0,187,0,18,0,5,0,0,0,0,0,0,0,0,0,4,0,0,0,8,0,25,0,6,0,6,0,48,0,4,0,11,0,0,0,1,0,0,0,13,0,0,0,0,0,0,0,0,0,0,0,79,0,16,0,5,0,0,0,172,0,0,0,0,0,0,0,62,0,98,0,60,4,18,0,0,0,0,0,0,0,0,0,0
