0,219,47,89,50,10,21,27,46,5,83,46,163,0,15,58,20,57,20,0,6,1,11,97,29,74,15,0,141,28,4,0,54,6,0,0,42,14,280,11,15,0,0,0,0,0,13,0,0,0,0,0,16,0,5,0,2,1,0,1,66,5,100,32,16,0,1,0,0,0,0,0,0,0,0,0,0,0,0,0,0,0,0,0,0,4,0,0,0,0,0,0,0,0,0,0,0,0,5,0,0,0,0,0,0,0,0,0,0,0,0,0,0,0,0,0,0,0,0,0,0,0,0,0,5,0,7,0,0,0,4,0,1,0,15,0,0,0,0,0,0,0,0,0,0,0,0,1,27,0,18,0,29,0,0,0,0,0,0,0,3,0,0,0,0,0,5,0,7,0,2,0,100,0,0,0,75,40,9,3,7,0,12,3,29,0,0,0,0,0,0,0,0,0,0,0,0,0,0,0,2,0,0,0,0,0,0,0,39,0,6,0,0,0,29,4,2,0,0,0,77,9,6,2,14,2,61,10,113,0,61,0,119,15,10,1,6,0,68,0,29,1,31,0,220,10,0,0,0
219,0,94,62,7,159,72,71,62,25,2,220,0,156,5,64,58,17,0,83,3,0,77,26,212,39,0,83,26,95,0,0,0,70,0,0,0,208,51,338,0,66,0,0,1,3,0,66,0,4,0,0,6,3,11,13,0,3,0,0,9,216,56,126,0,69,0,5,0,0,0,0,0,11,0,0,0,0,0,0,0,0,0,0,0,0,0,0,0,0,0,0,0,0,0,0,0,0,0,0,0,0,0,0,0,5,2,0,0,0,0,0,0,0,0,0,0,0,0,0,0,0,0,0,0,11,0,37,0,0,0,6,0,0,0,13,0,25,0,0,0,4,1,0,0,2,0,59,0,43,0,50,0,33,0,1,0,5,0,0,0,0,0,0,0,0,0,5,0,12,0,10,20,65,1,9,7,271,0,4,1,26,6,32,0,41,0,0,0,0,0,0,0,0,0,1,0,4,0,4,0,7,0,0,0,0,0,11,0,39,0,0,0,0,0,80,0,0,0,0,13,279,0,22,0,32,10,183,16,272,10,104,17,538,0,28,0,43,0,88,2,17,4,9,31,408,0,0,0
47,94,0,43,146,40,29,0,9,0,16,88,145,0,281,37,90,18,122,0,75,0,187,56,55,17,76,0,258,27,34,6,183,13,1,0,36,12,259,15,33,0,0,0,0,0,26,0,0,0,0,0,17,1,71,0,0,0,0,0,16,1,26,7,41,0,5,0,0,0,0,0,0,0,3,0,0,0,0,0,0,0,0,0,10,0,0,0,0,0,10,0,2,0,0,0,0,0,0,0,0,0,4,0,0,0,24,0,0,0,0,0,0,0,0,0,0,0,0,0,0,0,0,0,41,0,48,2,4,0,31,0,15,0,246,0,47,0,0,1,0,0,62,0,0,0,28,0,104,0,146,0,55,0,2,0,4,0,0,0,0,0,0,0,0,0,15,0,14,0,1,0,117,0,6,0,30,10,0,10,5,0,3,0,16,0,0,0,0,0,0,0,0,0,0,0,4,0,29,0,38,0,0,0,0,0,14,0,272,0,0,0,0,0,17,0,0,0,4,0,140,16,0,0,21,0,45,18,207,0,69,0,120,0,11,0,16,5,42,0,21,0,26,0,226,0,0,0,0
89,62,43,0,0,96,9,29,1,11,39,13,0,28,29,164,29,11,0,199,10,93,68,69,24,37,0,50,16,176,0,49,0,156,0,0,0,38,25,134,0,7,0,3,0,0,0,25,0,0,0,0,0,0,0,84,0,6,0,7,0,6,2,4,0,5,0,0,0,0,0,0,0,0,0,0,0,0,0,0,0,4,0,0,0,0,0,0,0,0,0,0,0,0,0,0,0,0,0,5,0,0,0,0,0,0,0,0,0,0,0,0,0,0,0,0,0,0,0,0,0,0,0,0,0,6,0,25,0,0,0,7,0,11,0,185,0,141,0,24,0,0,0,13,0,0,0,9,0,0,0,28,0,2,0,3,0,0,0,0,0,0,0,1,0,0,0,8,0,0,2,5,7,70,0,0,0,22,0,3,0,0,0,0,0,0,0,0,0,0,0,0,0,0,0,0,0,0,0,21,0,43,0,0,0,0,0,23,0,69,0,14,0,0,0,26,0,0,0,0,9,178,0,8,0,15,0,71,8,178,0,38,5,214,0,8,0,12,0,19,0,8,0,0,15,89,0,0,0
50,7,146,0,0,71,7,0,22,0,52,74,208,93,79,76,10,0,43,129,213,57,10,19,0,0,78,25,17,3,133,23,119,9,39,20,109,0,30,0,59,0,2,0,3,0,29,3,1,0,7,0,7,0,0,0,0,0,0,0,16,0,0,0,11,0,1,0,0,0,0,0,0,0,0,0,0,0,0,0,0,0,1,0,0,0,0,0,0,0,0,0,0,0,0,0,0,0,0,0,0,0,0,0,0,0,0,0,0,0,0,0,0,0,0,0,0,0,0,0,0,0,0,0,0,0,0,0,0,0,4,0,0,0,0,0,0,0,0,0,0,0,0,0,3,0,0,0,16,0,65,0,32,0,0,0,0,0,0,0,0,0,1,0,5,0,26,0,10,0,0,0,27,1,16,0,49,29,7,0,27,0,23,0,23,0,0,0,0,0,0,0,0,0,0,0,0,0,0,0,0,0,0,0,0,0,0,0,26,0,0,0,0,0,9,0,0,0,0,0,68,0,0,0,14,0,74,5,89,0,31,0,0,0,0,0,11,1,22,0,9,0,16,0,90,0,0,0,0
10,159,40,96,71,0,0,17,0,0,84,177,36,59,129,33,22,0,28,112,120,88,44,5,0,2,0,72,4,40,37,88,34,89,0,13,12,46,10,28,0,49,0,0,0,3,0,53,0,1,0,5,0,2,0,0,0,2,0,3,0,0,0,0,0,28,0,0,0,0,0,4,0,0,0,0,0,0,0,0,0,0,0,0,0,0,0,0,0,0,0,0,0,0,0,0,0,0,0,2,0,0,0,0,0,7,0,0,0,0,0,0,0,0,0,0,0,0,0,0,0,0,0,0,0,8,0,28,0,0,0,1,0,2,0,26,0,17,0,0,0,0,0,0,0,2,0,39,0,37,0,37,0,28,0,0,0,2,0,0,0,0,0,0,0,0,4,8,0,1,0,0,0,11,0,0,19,106,4,36,0,17,0,0,0,36,2,1,0,0,0,0,0,0,0,1,0,0,0,5,0,13,0,0,0,0,0,0,0,35,0,0,0,0,0,13,0,0,0,0,9,144,0,7,0,26,4,116,13,103,0,36,0,127,0,7,0,9,0,0,1,1,0,3,13,33,0,0,0
21,72,29,9,7,0,0,16,37,47,10,0,15,0,9,5,23,24,6,0,4,0,4,4,102,61,0,0,48,0,1,0,4,1,0,0,7,3,115,0,3,0,0,0,0,0,1,0,16,0,0,0,139,7,191,19,17,3,5,0,108,6,420,45,9,0,21,0,0,0,0,0,0,0,0,0,0,0,0,0,0,0,0,0,0,0,0,0,0,0,0,0,0,0,0,0,0,0,0,0,0,0,0,0,0,0,0,0,0,0,0,0,0,0,0,0,0,0,0,0,0,0,0,0,40,0,39,0,3,0,56,0,12,0,70,0,0,0,0,0,0,0,29,0,0,0,0,0,35,0,17,0,0,0,5,0,2,0,0,0,4,0,0,0,0,0,0,0,6,0,82,0,104,0,2,0,8,13,0,0,0,0,0,0,0,0,0,0,0,0,0,0,0,0,0,0,0,0,2,0,11,0,0,0,0,0,0,0,121,0,25,0,0,0,140,0,0,0,16,0,224,0,55,0,109,2,74,0,251,0,38,0,381,0,20,5,9,0,141,0,50,0,17,0,521,0,0,0,0
27,71,0,29,0,17,16,0,56,17,0,11,0,15,0,22,3,0,0,20,0,0,3,1,51,186,0,0,0,33,0,0,0,8,0,0,0,58,5,154,0,7,0,0,0,0,0,4,0,0,0,0,9,11,9,198,0,6,1,0,4,145,24,109,0,0,0,1,0,0,0,0,0,0,0,0,0,0,0,0,0,0,0,0,0,0,0,0,0,0,0,0,0,0,0,0,0,0,0,0,0,0,0,0,0,0,0,0,0,0,0,0,0,0,0,0,0,0,0,0,0,0,0,0,0,4,0,8,0,0,0,3,0,8,0,6,0,11,0,0,0,0,0,0,0,0,0,0,0,0,0,2,0,0,0,0,0,0,0,0,0,0,0,0,0,4,0,0,0,3,0,12,3,58,0,0,0,5,0,0,0,0,5,6,0,0,0,0,0,0,0,0,0,0,0,0,0,1,0,0,0,0,0,0,0,0,0,0,0,18,0,32,0,2,0,101,0,0,0,3,2,182,0,11,0,38,2,25,6,295,0,18,0,371,0,21,0,10,0,26,0,3,0,2,8,186,0,0,0
46,62,9,1,22,0,37,56,0,214,21,0,51,1,6,0,0,26,0,0,0,0,0,2,10,77,27,0,7,0,2,0,0,0,0,0,3,0,19,3,0,0,0,0,0,0,7,0,4,0,0,0,181,58,104,184,34,30,78,0,245,24,321,77,100,0,120,29,0,0,0,0,0,0,0,0,0,0,0,0,0,0,0,0,0,0,0,0,0,0,0,0,0,0,1,0,0,0,0,0,1,0,0,0,0,0,0,0,0,0,0,0,0,0,0,0,0,0,0,0,0,0,0,0,19,0,18,0,1,0,47,0,20,0,11,0,2,1,0,0,0,0,0,1,2,0,9,0,68,0,29,0,27,0,8,6,0,8,0,0,30,0,0,0,0,0,0,0,0,0,44,0,34,1,15,0,98,40,2,0,0,0,19,15,35,0,0,0,0,0,0,0,0,0,0,0,0,0,0,0,0,0,0,0,0,0,2,0,33,0,0,0,0,0,127,0,0,0,7,0,109,0,0,0,51,0,53,5,134,0,22,0,255,13,33,8,6,0,214,4,65,0,30,1,461,0,0,0,0
5,25,0,11,0,0,47,17,214,0,0,39,0,0,0,5,0,10,0,0,0,0,0,1,50,26,1,0,0,0,0,0,0,0,0,0,0,4,0,0,0,0,0,0,0,0,0,0,0,0,0,0,144,79,69,243,0,64,0,51,25,226,80,201,0,178,0,85,0,0,0,0,0,10,0,0,0,2,0,0,0,0,0,0,0,0,0,0,0,0,0,0,0,0,0,0,0,0,0,0,0,0,0,0,0,0,0,1,0,0,0,0,0,0,0,0,0,0,0,0,0,0,0,0,0,47,0,101,0,0,0,15,0,1,0,0,0,6,0,0,0,0,0,0,0,0,0,58,0,98,0,42,0,19,3,0,0,33,0,0,0,2,0,3,0,7,0,0,0,10,8,34,0,41,2,0,14,245,0,0,0,0,0,18,0,42,0,0,0,0,0,1,0,0,0,0,0,2,0,5,0,0,0,4,0,0,0,9,0,59,0,43,0,2,0,307,0,0,0,9,12,265,0,47,0,61,8,31,0,427,1,22,8,869,3,88,0,12,9,97,2,6,2,7,17,473,0,0,0
83,2,16,39,52,84,10,0,21,0,0,67,193,16,44,69,14,0,15,28,173,17,9,17,0,0,22,1,32,12,107,10,188,18,0,0,58,7,49,0,23,0,0,0,7,0,15,0,1,0,1,0,10,0,0,0,0,0,0,0,8,0,1,0,0,0,1,0,0,0,0,0,0,0,2,0,0,0,0,0,0,0,0,0,1,0,0,0,0,0,0,0,0,0,0,0,0,0,0,0,0,0,0,0,0,0,0,0,0,0,0,0,0,0,0,0,0,0,0,0,0,0,0,0,0,0,0,0,0,0,0,0,1,0,3,0,0,0,0,0,2,0,0,0,0,0,0,0,8,0,25,0,18,0,0,0,1,0,1,0,0,0,1,0,0,0,29,0,9,0,2,0,22,0,18,0,64,20,16,6,29,0,45,0,17,0,2,0,1,0,0,0,0,0,0,0,0,0,0,0,2,0,0,0,0,0,0,0,0,0,0,0,0,0,6,0,0,0,0,0,149,17,7,0,6,0,68,14,145,7,84,1,56,10,5,0,12,0,18,0,11,0,19,0,207,0,0,0,0
46,220,88,13,74,177,0,11,0,39,67,0,9,330,149,10,34,0,0,72,125,42,97,5,2,0,0,92,0,37,29,53,26,111,0,17,0,48,8,55,1,159,0,0,0,4,0,82,0,2,0,2,0,0,0,1,0,1,0,1,0,3,0,0,0,37,0,0,0,0,0,0,0,0,0,0,0,0,0,0,0,0,0,0,0,0,0,0,0,0,0,0,0,0,0,0,0,0,0,0,0,0,0,0,0,3,0,0,0,0,0,0,0,0,0,0,0,0,0,0,0,0,0,3,0,6,0,23,0,0,0,0,0,0,0,13,0,8,0,0,0,0,0,0,0,3,0,42,0,54,0,57,0,62,0,0,0,0,0,0,0,2,1,2,0,0,0,9,0,0,0,0,4,6,0,18,18,204,0,58,0,55,0,2,1,75,1,1,0,0,0,6,0,0,0,1,0,11,0,5,0,7,0,0,0,0,0,0,0,26,0,0,0,0,0,10,0,0,0,0,19,119,0,0,0,23,7,115,18,63,8,30,5,162,0,12,0,14,0,11,0,0,0,3,0,73,0,0,0
163,0,145,0,208,36,15,0,51,0,193,9,0,291,34,31,0,0,44,201,107,77,2,2,0,1,63,184,0,0,67,16,31,1,135,40,46,12,0,0,219,40,11,21,19,5,109,42,15,0,59,27,4,0,0,0,0,0,1,0,0,0,5,0,23,0,0,0,0,0,4,0,0,0,0,0,0,0,0,0,0,0,0,0,0,0,0,1,0,0,0,0,0,0,0,0,0,0,0,0,1,0,0,0,0,0,0,0,0,0,0,0,0,0,0,0,0,0,0,0,0,0,0,0,0,0,0,0,0,0,0,0,0,0,14,0,0,0,3,0,0,0,0,0,4,0,8,0,35,0,59,0,38,0,0,0,0,0,0,0,0,0,0,0,10,0,6,0,18,0,0,0,5,0,47,0,125,109,30,0,77,0,67,0,46,0,33,2,0,0,0,0,0,0,0,0,0,0,0,0,0,0,0,0,0,0,0,0,34,0,0,0,0,0,4,0,0,0,17,7,49,0,4,2,110,0,58,0,71,5,17,0,0,0,0,0,9,0,11,0,0,0,5,0,64,1,0,0,0
0,156,0,28,93,59,0,15,1,0,16,330,291,0,61,9,0,0,297,52,125,46,0,0,0,0,209,40,0,0,53,13,5,0,58,18,10,51,0,0,57,243,10,8,0,1,29,111,0,5,12,32,0,0,0,0,0,0,0,0,0,0,0,3,0,21,0,0,0,0,0,0,0,0,0,0,0,0,0,1,0,0,0,0,0,0,0,0,0,0,0,0,0,0,0,0,0,0,0,2,0,0,0,0,0,6,0,0,0,0,0,0,0,0,0,0,0,0,0,0,0,0,0,0,0,0,0,16,0,0,0,0,0,0,0,0,0,0,0,0,0,0,0,0,0,1,0,23,0,0,0,36,0,55,0,0,0,0,0,0,0,0,0,0,0,4,0,1,0,8,0,0,0,1,0,20,22,348,3,70,0,87,0,8,0,39,8,29,0,0,0,0,0,0,0,0,0,6,0,0,0,0,0,0,0,0,0,0,0,23,0,0,0,0,0,0,0,0,0,22,4,21,0,0,0,99,0,19,9,71,0,0,0,25,0,3,0,0,0,0,0,0,0,0,0,19,0,0,0
15,5,281,29,79,129,9,0,6,0,44,149,34,61,0,107,81,2,154,75,371,41,121,7,31,0,77,13,21,15,145,38,83,35,39,12,45,17,12,0,13,0,0,0,6,0,17,0,0,0,5,3,41,0,72,0,0,0,0,0,22,0,26,0,18,0,0,0,0,0,0,0,0,0,0,0,0,0,0,0,0,0,0,0,54,0,0,1,0,0,77,0,0,0,0,0,47,0,0,0,0,0,0,0,0,0,93,0,0,0,0,0,0,0,0,0,0,0,0,0,0,0,0,0,0,0,6,0,0,0,0,0,0,0,207,0,35,0,0,0,10,0,176,0,0,0,10,1,39,0,115,0,44,0,3,0,8,0,0,0,0,0,0,0,0,0,28,0,13,0,2,0,11,0,8,0,33,26,5,12,12,0,12,0,17,0,0,0,0,0,0,0,0,0,0,0,2,0,15,0,131,0,0,0,0,0,9,0,100,0,1,0,0,0,0,0,0,0,2,0,51,11,0,0,7,0,40,13,51,9,17,0,36,0,0,0,4,3,24,0,11,0,15,0,63,0,0,0,0
58,64,37,164,76,33,5,22,0,5,69,10,31,9,107,0,13,56,13,253,128,343,53,46,12,53,0,43,0,74,30,222,24,173,1,9,0,52,20,30,0,0,0,2,0,0,1,9,0,1,0,7,0,0,0,56,0,11,0,0,0,3,3,14,0,0,0,0,0,0,0,0,0,0,0,0,0,0,0,0,0,19,0,0,0,81,0,11,0,11,0,11,0,0,0,0,0,175,0,22,0,0,0,10,0,0,0,54,0,0,0,0,0,0,0,0,0,0,0,0,0,0,0,6,0,4,0,18,0,12,1,4,0,26,0,322,0,228,0,54,3,21,0,63,0,0,0,0,0,17,0,34,0,0,0,8,0,0,0,0,0,5,0,0,0,0,6,0,0,11,0,0,6,13,0,0,10,46,4,20,0,0,1,1,0,0,0,0,0,0,0,0,0,0,0,0,0,0,0,17,0,67,0,0,0,0,0,17,0,75,0,2,0,0,0,0,0,0,0,0,13,110,0,0,0,0,5,109,17,114,0,11,0,63,0,5,0,8,1,7,0,0,0,0,15,28,0,0,0
20,58,90,29,10,22,23,3,0,0,14,34,0,0,81,13,0,9,76,0,337,0,107,28,75,11,113,0,346,13,32,0,29,6,0,0,4,0,69,0,0,0,25,0,12,0,0,0,0,0,9,0,78,0,11,0,6,0,0,0,9,0,85,5,0,0,0,0,0,0,6,0,0,0,0,0,0,0,0,0,49,0,0,0,221,0,38,0,83,0,134,0,15,0,43,0,183,0,158,0,21,0,33,0,30,0,151,0,0,0,0,0,0,0,0,0,0,0,0,0,0,0,29,0,0,0,0,0,9,0,0,0,0,0,50,0,88,0,46,0,22,0,320,0,8,0,0,0,0,0,3,0,0,0,16,0,0,0,5,0,0,0,0,0,0,0,0,0,0,0,1,0,17,0,0,0,6,2,3,4,0,0,24,0,0,0,0,0,0,0,0,0,0,0,0,0,0,0,0,0,115,0,0,0,1,0,0,0,12,0,0,0,0,0,0,0,0,0,0,0,22,2,13,0,9,0,14,0,31,0,3,0,20,3,0,0,0,0,0,0,3,0,0,0,19,0,0,0,0
57,17,18,11,0,0,24,0,26,10,0,0,0,0,2,56,9,0,0,85,0,153,29,52,55,20,0,12,0,153,0,65,0,15,0,27,3,12,13,124,0,0,0,0,0,0,0,0,0,0,0,8,4,6,9,3,0,3,1,0,0,22,21,159,0,0,0,0,0,0,0,0,0,0,0,0,0,0,0,0,0,50,0,0,0,166,0,0,0,0,0,14,0,0,0,0,0,134,0,44,0,20,0,0,0,0,0,0,0,0,0,0,0,0,0,0,0,0,0,0,0,0,0,0,0,0,0,0,0,32,0,8,0,51,0,281,0,258,0,106,0,92,0,275,0,3,0,0,0,0,0,0,0,0,0,23,0,0,0,23,0,0,0,0,0,0,0,0,0,0,0,1,4,9,0,0,0,9,0,3,0,0,2,5,0,0,0,0,0,0,0,0,0,0,0,0,0,0,0,0,0,24,0,0,0,0,0,0,0,15,0,0,0,0,0,6,0,0,0,0,1,11,0,0,0,3,3,27,4,21,0,1,0,10,0,0,0,0,0,2,0,0,1,0,13,6,0,0,0
20,0,122,0,43,28,6,0,0,0,15,0,44,297,154,13,76,0,0,224,223,78,70,0,17,0,157,167,21,0,100,29,7,0,176,29,34,13,4,0,23,29,4,18,21,5,31,18,0,1,55,28,15,0,19,0,0,0,2,0,17,0,39,0,13,0,0,0,0,0,0,0,5,0,8,0,0,0,0,0,0,0,0,0,18,0,0,0,0,0,74,0,0,0,0,0,54,0,68,0,12,0,0,0,0,0,0,0,0,0,0,0,0,0,0,0,0,0,0,0,0,0,0,0,0,0,0,0,0,0,0,0,1,0,66,0,6,0,0,0,11,0,69,0,10,0,0,0,0,0,54,0,30,0,3,0,0,0,0,0,0,0,0,0,5,0,5,0,15,0,8,0,8,0,9,0,33,55,3,0,16,0,7,0,22,0,2,3,0,0,0,0,0,0,0,0,0,0,0,0,53,0,0,0,0,0,8,0,0,0,0,0,0,0,3,0,0,0,6,0,34,0,5,0,48,0,76,2,49,0,17,0,0,0,0,0,0,0,13,0,18,0,10,0,78,0,0,0,0
0,83,0,199,129,112,0,20,0,0,28,72,201,52,75,253,0,85,224,0,116,268,0,43,2,20,59,198,0,22,42,123,17,10,27,76,20,90,1,0,9,36,0,17,3,16,0,80,0,0,5,80,0,0,0,0,0,0,0,0,0,3,0,30,0,39,0,0,0,0,0,10,0,0,0,0,0,0,0,0,0,110,0,0,0,166,0,44,0,0,0,0,0,0,0,0,0,108,0,78,0,49,0,0,0,0,0,0,0,0,0,0,0,0,0,0,0,0,0,0,0,0,0,16,0,2,0,25,0,0,0,0,0,0,0,171,0,72,0,0,0,0,0,98,0,16,0,34,0,40,0,50,0,48,0,0,0,4,0,0,0,0,0,0,0,3,0,0,0,7,0,2,0,2,0,6,15,76,10,14,0,19,0,2,0,31,2,9,0,0,0,0,0,0,0,0,0,12,0,15,0,0,0,0,0,0,0,22,0,65,0,0,0,0,0,0,0,0,0,17,4,37,0,16,0,105,4,50,8,89,0,7,3,57,0,0,0,0,0,6,0,3,0,1,0,39,0,0,0
6,3,75,10,213,120,4,0,0,0,173,125,107,125,371,128,337,0,223,116,0,71,68,11,29,0,178,53,162,0,72,35,17,23,17,14,15,16,4,0,0,4,6,4,10,5,2,14,0,0,15,9,0,0,14,0,1,0,0,0,0,0,119,1,0,0,1,0,0,0,30,0,4,0,27,0,0,0,0,0,91,1,0,0,136,0,31,1,0,0,110,0,0,0,0,0,138,0,209,0,33,0,0,0,0,0,103,0,0,0,0,0,0,0,0,0,0,0,0,0,23,0,35,0,1,0,0,0,0,0,0,0,0,0,47,0,0,0,9,0,23,0,109,0,43,0,0,0,0,0,0,0,0,0,0,0,0,0,0,0,0,0,0,0,0,0,26,0,23,0,0,1,11,0,0,0,47,20,11,9,8,0,0,0,0,0,0,0,0,0,0,0,0,0,0,0,0,0,0,0,63,0,0,0,0,0,0,0,0,1,0,0,0,0,0,0,0,0,5,0,41,0,0,0,38,0,104,18,67,5,36,0,32,13,2,0,0,0,11,0,0,0,5,0,76,2,0,0,0
1,0,0,93,57,88,0,0,0,0,17,42,77,46,41,343,0,153,78,268,71,0,3,46,0,11,28,201,1,144,33,178,12,31,14,39,0,24,0,4,0,0,0,14,2,18,0,8,0,2,6,44,0,0,0,0,0,0,0,0,0,0,0,55,0,4,0,0,0,0,0,18,0,7,0,0,0,0,0,0,0,85,0,0,0,112,0,49,0,0,0,0,0,0,0,11,0,83,0,48,0,32,0,0,0,0,0,0,0,0,0,0,0,0,0,0,0,0,0,0,0,39,0,16,0,0,0,0,0,0,0,0,0,0,0,81,0,53,0,7,0,30,0,119,0,28,0,0,0,0,0,14,0,0,0,0,0,0,0,0,0,0,0,0,0,0,4,0,0,0,0,0,0,2,0,0,0,24,3,29,0,3,0,0,0,7,2,3,0,0,0,0,0,0,0,0,0,0,0,6,0,0,0,0,0,0,0,0,0,12,0,0,0,0,1,0,0,0,0,27,0,20,0,7,0,60,0,114,0,31,0,21,0,64,0,5,1,0,0,0,0,0,0,5,0,27,0,0,0
11,77,187,68,10,44,4,3,0,0,9,97,2,0,121,53,107,29,70,0,68,3,0,91,26,4,22,0,154,28,14,3,40,19,0,0,12,8,76,27,1,0,0,0,0,0,0,0,0,0,0,0,37,0,64,0,3,0,1,0,0,0,15,2,0,0,0,1,0,0,0,0,0,0,0,1,0,0,0,0,0,0,0,0,42,0,0,0,0,0,33,0,0,0,0,0,24,0,14,0,0,0,0,0,30,0,60,0,0,0,0,0,0,0,0,0,0,0,0,0,0,0,0,0,0,0,0,0,0,0,0,0,0,0,121,0,30,0,0,0,4,0,136,0,0,0,0,0,9,0,16,0,3,0,1,0,0,0,1,0,0,0,0,0,0,0,8,0,3,0,2,0,32,0,0,0,4,11,0,7,0,0,17,0,1,0,0,0,0,0,0,0,0,0,0,0,0,0,0,0,87,0,1,0,0,0,6,0,45,0,0,0,0,0,4,0,0,0,0,0,50,0,0,0,0,2,55,22,63,0,23,0,44,0,0,0,0,3,10,1,12,0,3,0,56,0,0,0,0
97,26,56,69,19,5,4,1,2,1,17,5,2,0,7,46,28,52,0,43,11,46,91,0,22,19,0,9,22,73,0,0,9,16,0,0,13,10,19,41,0,0,0,0,0,0,0,0,0,0,0,0,0,0,0,8,0,0,0,0,0,2,0,34,0,0,0,0,0,0,0,0,0,0,0,0,0,0,0,0,0,26,0,0,0,39,0,0,0,7,0,0,0,0,0,0,0,31,0,17,0,13,0,0,0,2,0,12,0,0,0,0,0,0,0,0,0,0,0,0,0,0,0,0,0,0,0,0,0,0,0,0,0,8,0,66,0,59,0,16,0,6,0,40,0,1,0,0,0,0,0,1,0,0,0,0,0,0,0,0,0,0,0,0,0,0,0,1,0,0,0,0,6,9,0,0,0,15,0,0,0,0,1,0,0,0,0,0,0,0,0,0,0,0,0,0,0,0,0,0,0,0,0,0,0,0,0,0,0,5,0,3,0,0,0,0,0,0,0,0,0,29,0,2,0,4,0,69,7,38,4,2,0,30,0,0,1,0,0,5,0,0,5,0,0,15,0,0,0
29,212,55,24,0,0,102,51,10,50,0,2,0,0,31,12,75,55,17,2,29,0,26,22,0,153,8,0,102,3,0,0,0,1,0,0,0,8,64,9,0,0,0,0,0,0,0,0,0,0,0,0,78,2,92,9,2,0,3,0,16,27,147,70,0,0,1,0,0,0,0,0,0,2,0,0,0,0,0,0,0,0,0,0,30,0,0,0,0,0,18,0,0,0,0,0,22,0,0,0,0,0,0,0,19,0,27,0,0,0,0,0,0,0,0,0,0,0,0,0,0,0,0,0,1,0,0,0,13,0,2,0,0,0,98,3,66,0,10,0,3,0,140,0,0,0,0,0,0,0,5,0,0,0,9,0,0,0,3,0,0,0,0,0,0,0,0,0,0,0,3,0,28,0,0,0,3,8,0,0,0,0,10,8,0,0,0,0,0,0,0,0,0,0,0,0,0,0,0,0,59,0,0,0,0,0,0,0,28,0,0,0,0,0,11,0,0,0,0,0,23,0,0,0,7,0,14,4,39,0,0,0,46,5,0,0,2,0,8,4,6,0,1,0,36,12,0,0,0
74,39,17,37,0,2,61,186,77,26,0,0,1,0,0,53,11,20,0,20,0,11,4,19,153,0,0,0,6,35,0,6,0,0,0,0,0,23,28,74,0,0,0,0,0,0,0,0,0,0,0,0,27,17,16,114,0,26,0,0,22,58,87,151,0,1,0,2,0,0,0,0,0,0,0,0,0,0,0,0,1,0,0,0,0,0,0,0,0,0,0,5,0,0,0,0,0,22,0,0,0,0,0,0,0,0,0,0,0,0,0,0,0,0,0,0,0,0,0,0,0,0,0,0,0,0,0,9,0,36,0,9,0,67,0,161,0,225,0,70,0,14,0,20,0,0,0,0,0,0,0,0,0,0,0,55,0,0,0,29,0,14,0,0,0,2,0,0,0,0,3,2,9,31,0,0,0,26,0,0,0,0,11,14,0,0,0,0,0,0,0,0,0,0,0,0,0,0,0,6,0,22,0,0,0,0,0,0,0,36,0,0,0,0,3,22,0,0,0,2,2,85,0,7,2,18,0,39,9,91,4,6,0,111,0,4,1,0,10,14,0,1,0,1,29,56,0,0,0
15,0,76,0,78,0,0,0,27,1,22,0,63,209,77,0,113,0,157,59,178,28,22,0,8,0,0,433,84,0,74,0,14,0,121,9,64,0,6,0,66,185,64,19,104,24,90,208,7,1,230,35,15,0,0,0,1,0,4,0,24,0,57,0,15,0,1,0,0,0,81,0,0,0,51,0,0,0,0,0,0,0,32,0,122,0,70,0,94,0,137,0,0,0,0,0,115,0,321,2,59,0,0,0,0,0,97,0,0,0,0,0,0,0,0,0,0,0,0,0,0,1,41,0,0,0,5,0,0,0,0,0,0,0,0,0,0,0,0,0,0,0,66,0,65,0,0,0,13,0,42,0,20,0,0,0,0,0,0,0,1,0,0,0,34,0,14,0,0,0,0,0,11,0,14,0,30,28,3,0,0,0,23,0,18,0,6,1,0,0,0,0,0,0,0,0,0,0,0,0,23,0,0,0,0,0,0,0,20,0,0,0,0,0,0,0,0,0,224,44,41,0,12,6,344,0,46,0,56,0,20,0,0,0,4,0,7,1,6,0,3,0,0,0,62,0,0,0,0
0,83,0,50,25,72,0,0,0,0,1,92,184,40,13,43,0,12,167,198,53,201,0,9,0,0,433,0,0,21,19,57,0,5,45,94,6,35,0,0,240,38,24,87,32,138,158,133,2,15,40,212,0,0,0,6,0,0,0,2,0,0,0,0,0,0,0,1,0,5,0,10,0,0,0,3,0,3,0,0,0,70,0,0,0,68,0,0,0,0,0,0,0,0,0,22,0,0,0,27,0,0,0,0,0,0,0,0,0,0,0,0,0,0,0,0,0,0,0,0,0,0,0,14,0,4,0,0,0,0,0,1,0,0,0,58,0,0,0,0,0,0,0,85,0,14,0,16,0,0,0,36,0,28,0,0,0,5,0,0,0,0,0,1,0,19,1,0,0,19,0,0,0,0,0,0,7,68,0,0,0,0,0,0,0,19,33,6,0,0,0,0,0,0,0,0,0,0,0,0,0,0,0,0,0,0,0,0,0,19,0,0,0,0,0,0,0,0,25,593,0,29,1,155,0,260,3,56,0,59,0,0,0,32,0,0,0,2,0,0,0,0,0,2,0,0,0,0,0
141,26,258,16,17,4,48,0,7,0,32,0,0,0,21,0,346,0,21,0,162,1,154,22,102,6,84,0,0,9,120,1,41,0,73,0,72,0,40,0,0,0,73,0,9,0,0,0,1,0,89,0,4,0,22,0,0,0,0,0,0,0,273,0,0,0,0,0,0,0,38,0,0,0,20,0,0,0,0,0,73,0,9,0,109,0,37,0,0,0,73,0,0,0,37,0,83,0,156,0,19,0,0,0,0,0,50,0,0,0,0,0,0,0,0,0,0,0,0,0,26,0,42,0,0,0,0,0,0,0,0,0,0,0,0,0,13,0,51,0,63,0,109,0,35,0,0,0,0,0,0,0,0,0,0,0,3,0,8,0,0,0,0,0,0,0,0,0,2,0,0,0,1,0,0,0,51,7,2,0,0,0,20,0,0,0,0,0,0,0,0,0,0,0,0,0,0,0,0,0,33,0,0,0,0,0,0,0,0,0,0,0,0,0,0,0,0,0,0,0,11,0,0,0,0,0,16,6,8,2,9,0,13,0,0,0,1,0,0,0,3,0,3,0,30,0,0,0,0
28,95,27,176,3,40,0,33,0,0,12,37,0,0,15,74,13,153,0,22,0,144,28,73,3,35,0,21,9,0,1,130,0,46,0,147,0,65,6,18,0,0,0,0,0,0,0,0,0,0,0,29,0,0,0,0,0,0,0,0,0,2,0,91,0,0,0,0,0,0,0,7,0,0,0,5,0,0,0,7,0,68,0,0,0,120,0,22,0,0,0,0,0,0,0,0,0,0,0,49,0,0,0,0,0,0,0,0,0,0,0,0,0,0,0,0,0,0,0,0,0,20,0,0,0,0,0,0,0,8,0,1,0,0,0,105,0,81,0,15,0,55,0,246,0,17,0,0,0,0,0,5,0,0,0,2,0,0,0,0,0,2,0,0,0,0,0,0,0,0,0,1,0,0,0,1,1,22,0,28,0,0,1,0,0,0,0,0,0,0,0,0,0,0,0,0,0,0,0,0,0,0,0,0,0,0,0,1,0,0,0,0,0,0,0,0,0,0,0,0,0,6,0,2,0,0,0,66,5,4,0,0,5,0,0,0,0,0,0,0,0,0,2,0,0,0,0,0,0
4,0,34,0,133,37,1,0,2,0,107,29,67,53,145,30,32,0,100,42,72,33,14,0,0,0,74,19,120,1,0,16,10,0,37,12,13,0,2,0,0,0,21,3,0,0,2,0,0,0,77,0,0,0,0,0,0,0,0,0,0,0,5,0,0,0,0,0,0,0,3,0,0,0,0,0,0,0,0,0,0,0,0,0,0,0,0,1,0,0,0,0,0,0,0,0,8,0,0,0,0,0,0,0,0,0,0,0,0,0,0,0,0,0,0,0,0,0,0,0,3,0,0,0,0,0,0,0,0,0,0,0,0,0,0,0,4,0,3,0,6,0,10,0,5,0,0,0,0,0,0,0,0,0,0,0,0,0,0,0,1,0,3,0,0,0,79,0,19,0,1,0,0,0,4,0,30,9,10,0,2,0,0,0,0,0,0,0,0,0,0,0,0,0,0,0,0,0,0,0,5,0,0,0,0,0,0,0,0,0,0,0,0,0,3,0,0,0,0,0,55,6,0,0,0,0,54,3,83,0,0,0,23,0,2,0,8,3,4,0,0,0,0,0,52,0,0,0,0
0,0,6,49,23,88,0,0,0,0,10,53,16,13,38,222,0,65,29,123,35,178,3,0,0,6,0,57,1,130,16,0,0,16,2,70,0,11,0,5,0,0,0,34,1,6,0,0,0,0,1,49,0,0,0,0,0,0,0,1,0,3,0,16,0,0,0,0,0,0,0,9,0,0,0,0,0,0,0,8,0,0,0,0,0,30,0,14,0,0,0,6,0,0,0,0,0,22,0,0,0,0,0,0,0,0,0,0,0,0,0,0,0,0,0,0,0,0,0,0,0,0,0,4,0,0,0,2,0,0,0,0,0,0,0,0,0,0,0,4,0,9,0,50,0,10,0,0,0,0,0,0,0,0,0,0,0,0,0,0,0,0,0,3,0,0,0,8,0,0,0,1,0,3,0,0,0,47,0,52,0,0,0,0,0,0,0,1,0,0,0,0,0,0,0,0,0,0,0,0,0,7,0,0,0,0,0,3,0,0,0,0,0,0,0,0,0,0,0,21,0,49,0,0,0,64,0,95,0,49,0,0,0,52,0,5,0,7,0,0,0,0,0,4,0,0,0,0,0
54,0,183,0,119,34,4,0,0,0,188,26,31,5,83,24,29,0,7,17,17,12,40,9,0,0,14,0,41,0,10,0,0,9,54,3,119,0,2,0,0,0,30,0,0,0,0,0,1,0,30,0,0,0,0,0,0,0,0,0,0,0,14,0,0,0,0,0,0,0,17,0,0,0,0,0,0,0,0,0,0,0,0,0,20,0,8,0,0,0,0,0,0,0,0,0,0,0,30,0,0,0,0,0,0,0,0,0,0,0,0,0,0,0,0,0,0,0,0,0,0,0,0,0,0,0,0,0,0,0,0,0,0,0,0,0,0,0,0,0,17,0,20,0,18,0,0,0,0,0,0,0,0,0,0,0,4,0,0,0,0,0,0,0,0,0,106,0,15,0,3,0,32,0,4,0,52,0,16,1,0,0,14,0,0,0,0,0,0,0,0,0,0,0,0,0,0,0,0,0,13,0,0,0,0,0,0,0,0,0,0,0,0,0,0,0,0,0,0,0,77,0,5,0,0,2,130,4,105,1,24,0,26,0,0,0,0,0,6,0,3,0,2,0,39,0,0,0,0
6,70,13,156,9,89,1,8,0,0,18,111,1,0,35,173,6,15,0,10,23,31,19,16,1,0,0,5,0,46,0,16,9,0,0,61,0,124,0,7,0,1,0,4,0,0,0,0,0,0,0,15,0,0,0,0,0,0,0,0,0,15,0,40,0,0,0,0,0,0,0,8,0,4,0,0,0,0,0,11,0,0,0,0,0,39,0,0,0,0,0,0,0,0,0,4,0,0,0,12,0,6,0,0,0,0,0,0,0,0,0,0,0,0,0,0,0,0,0,0,0,0,0,0,0,0,0,0,0,0,0,0,0,0,0,13,0,20,0,10,0,28,0,110,0,37,0,0,0,0,0,8,0,0,0,0,0,8,0,0,0,1,0,0,0,0,0,11,0,0,0,0,0,13,0,0,0,59,0,113,0,0,0,0,0,0,0,0,0,0,0,0,0,0,0,0,0,0,0,0,0,0,0,0,0,0,0,0,0,0,0,0,0,0,0,6,0,0,0,2,0,70,0,0,0,13,0,149,0,84,0,6,0,38,0,1,0,0,0,0,0,0,0,0,0,9,0,0,0
0,0,1,0,39,0,0,0,0,0,0,0,135,58,39,1,0,0,176,27,17,14,0,0,0,0,121,45,73,0,37,2,54,0,0,13,74,0,6,0,11,12,17,7,27,0,10,15,0,0,62,10,0,0,0,0,1,0,0,0,0,0,0,0,0,0,0,0,0,0,0,0,1,0,0,0,0,0,0,0,0,0,0,0,0,0,0,0,0,0,0,0,0,0,0,0,0,0,0,0,0,0,0,0,0,0,0,0,0,0,0,0,0,0,0,0,0,0,0,0,0,0,0,0,0,0,0,0,0,0,0,0,0,0,0,0,0,0,0,0,0,0,0,0,0,0,0,0,0,0,0,0,0,0,0,0,0,0,0,0,0,0,3,0,24,0,27,0,16,0,1,0,9,0,0,0,15,9,13,0,0,0,6,0,0,0,17,0,0,0,0,0,0,0,0,0,0,0,0,0,0,0,0,0,0,0,0,0,0,0,0,0,0,0,0,0,0,0,14,0,31,0,0,0,131,0,76,0,73,0,11,0,0,0,0,0,8,2,0,0,1,0,2,0,33,0,0,0,0
0,0,0,0,20,13,0,0,0,0,0,17,40,18,12,9,0,27,29,76,14,39,0,0,0,0,9,94,0,147,12,70,3,61,13,0,0,117,0,29,3,0,0,36,0,30,0,5,0,0,3,81,0,0,0,0,0,0,0,0,0,0,0,10,0,0,0,2,0,0,0,13,0,0,0,0,0,0,0,0,0,25,0,0,0,38,0,0,0,0,0,0,0,0,0,0,0,0,0,14,0,0,0,0,0,0,0,0,0,0,0,0,0,0,0,0,0,0,0,0,0,0,0,0,0,0,0,0,0,3,0,0,0,0,0,0,0,0,0,0,0,14,0,69,0,32,0,0,0,0,0,0,0,0,0,0,0,7,0,0,0,0,0,0,0,12,0,27,0,0,0,0,0,1,0,0,0,17,5,5,0,0,0,0,0,0,0,4,0,0,0,0,0,0,0,0,0,0,0,0,0,0,0,0,0,0,0,0,0,0,0,0,0,0,0,2,0,0,0,64,0,39,0,9,0,158,0,96,0,83,2,12,0,0,0,3,0,5,0,0,0,0,0,0,0,0,0,0,0
42,0,36,0,109,12,7,0,3,0,58,0,46,10,45,0,4,3,34,20,15,0,12,13,0,0,64,6,72,0,13,0,119,0,74,0,0,0,126,0,0,1,87,1,33,0,3,0,1,0,74,0,1,0,2,0,0,0,0,0,24,0,17,0,0,0,0,0,0,0,68,0,6,0,23,0,0,0,6,0,63,0,0,0,32,0,27,0,17,0,6,0,6,0,16,0,22,0,100,0,9,0,0,0,0,0,0,0,0,0,0,0,0,0,0,0,0,0,0,0,14,0,28,0,0,0,0,0,5,0,0,0,0,0,0,0,13,0,45,0,77,0,14,0,104,0,0,0,0,0,0,0,0,0,2,0,23,0,10,0,0,0,9,0,16,0,35,0,41,0,12,0,38,0,3,0,21,6,3,2,0,0,10,0,0,0,0,0,0,0,0,0,0,0,0,0,0,0,0,0,0,0,0,0,0,0,0,0,0,0,0,0,0,0,3,0,0,0,2,0,43,0,2,0,57,0,50,4,96,0,10,0,8,0,0,0,6,0,0,0,0,0,0,0,28,0,0,0,0
14,208,12,38,0,46,3,58,0,4,7,48,12,51,17,52,0,12,13,90,16,24,8,10,8,23,0,35,0,65,0,11,0,124,0,117,0,0,5,49,0,0,0,86,0,21,0,0,0,1,0,61,1,0,0,0,0,0,0,0,0,63,0,51,0,0,0,0,0,0,0,28,0,0,0,9,0,0,0,12,0,30,0,0,0,26,0,16,0,0,0,0,0,0,0,7,0,0,0,12,0,5,0,0,0,0,0,0,0,0,0,0,0,0,0,0,0,0,0,0,0,32,0,22,0,0,0,0,0,5,0,0,0,4,0,0,0,0,0,26,0,48,0,96,0,145,0,3,0,0,0,0,0,0,0,2,0,38,0,0,0,0,0,0,0,8,0,21,0,9,0,9,2,9,0,0,0,57,1,26,0,0,0,5,0,0,0,23,0,0,0,0,0,0,0,0,0,0,0,0,0,1,0,0,0,0,0,0,0,0,0,0,0,0,0,6,0,0,0,7,0,117,0,8,0,103,0,243,0,235,2,0,0,62,0,3,0,6,0,0,0,0,0,0,0,11,0,0,0
280,51,259,25,30,10,115,5,19,0,49,8,0,0,12,20,69,13,4,1,4,0,76,19,64,28,6,0,40,6,2,0,2,0,6,0,126,5,0,8,0,0,3,0,0,0,0,0,0,0,3,0,5,0,3,0,1,0,0,0,7,0,21,8,0,0,0,0,0,0,13,0,4,0,12,0,0,0,0,0,20,0,0,0,17,0,14,0,0,0,0,0,0,0,0,0,15,0,35,0,0,0,0,0,0,0,0,0,0,0,0,0,0,0,0,0,0,0,0,0,5,0,10,0,0,0,1,0,0,0,0,0,0,0,0,0,0,0,25,0,31,1,23,0,64,0,0,0,0,0,0,0,0,0,11,0,18,0,7,0,0,0,2,0,0,0,21,0,2,0,3,0,25,0,0,0,119,12,1,1,0,0,43,0,0,0,0,0,0,0,0,0,0,0,0,0,0,0,0,0,0,0,0,0,0,0,0,1,0,0,0,1,0,0,0,0,0,0,0,0,35,0,4,0,0,0,77,0,36,1,10,0,15,8,0,0,1,2,4,0,0,0,2,0,31,0,0,0,0
11,338,15,134,0,28,0,154,3,0,0,55,0,0,0,30,0,124,0,0,0,4,27,41,9,74,0,0,0,18,0,5,0,7,0,29,0,49,8,0,0,0,0,4,0,0,0,0,0,0,0,3,0,14,0,8,0,1,0,0,0,16,2,88,0,1,0,0,0,0,0,9,0,0,0,0,0,0,0,6,0,31,0,0,0,34,0,10,0,0,0,0,0,0,0,0,0,0,0,9,0,1,0,0,0,0,0,0,0,0,0,0,0,0,0,0,0,0,0,0,0,20,0,10,0,0,0,0,0,3,0,0,0,7,0,21,0,23,0,32,0,40,0,131,0,56,0,0,0,0,0,0,0,1,0,1,0,9,0,6,0,0,0,0,0,0,0,1,0,0,0,0,5,11,0,0,1,57,0,8,0,0,0,13,0,1,0,0,0,0,0,0,0,0,0,0,0,0,0,0,0,0,0,0,0,0,0,0,0,0,0,0,0,0,0,0,0,0,0,1,0,22,0,0,0,1,2,128,0,19,0,3,0,10,0,0,0,0,0,0,0,0,0,0,0,0,0,0,0
15,0,33,0,59,0,3,0,0,0,23,1,219,57,13,0,0,0,23,9,0,0,1,0,0,0,66,240,0,0,0,0,0,0,11,3,0,0,0,0,0,170,17,0,13,33,63,148,75,6,15,13,0,0,0,0,0,0,0,0,0,0,0,0,0,0,0,0,0,0,0,0,0,0,0,0,1,0,0,0,0,0,0,0,0,0,0,0,0,0,0,0,0,0,0,0,0,0,0,0,0,0,0,0,0,0,0,0,0,0,0,0,0,0,0,0,0,0,0,0,0,0,0,0,0,0,0,0,0,0,0,0,0,0,0,0,0,0,0,0,0,0,0,0,0,0,0,0,0,0,0,0,0,0,0,0,0,0,0,0,0,0,0,0,27,0,0,0,0,0,0,0,0,0,9,0,37,92,23,0,18,0,15,0,7,0,36,0,0,0,0,0,0,0,0,0,0,0,0,0,0,0,0,0,0,0,0,0,0,0,0,0,0,0,0,0,0,0,251,44,0,0,83,89,54,0,7,0,16,0,4,0,0,0,0,0,0,0,0,0,0,0,0,0,0,0,0,0,0
0,66,0,7,0,49,0,7,0,0,0,159,40,243,0,0,0,0,29,36,4,0,0,0,0,0,185,38,0,0,0,0,0,1,12,0,1,0,0,0,170,0,18,0,96,4,117,150,2,55,6,2,0,0,0,0,0,0,0,0,0,0,0,0,0,9,0,0,0,0,0,2,0,0,0,0,0,0,0,0,0,0,0,0,0,2,0,2,0,0,0,0,0,0,0,0,0,0,0,0,0,0,0,0,0,0,0,0,0,0,0,0,0,0,0,0,0,0,0,0,0,0,0,0,0,3,0,6,0,0,0,2,0,0,0,0,0,0,0,0,0,0,0,0,0,0,0,7,0,0,0,15,0,0,0,0,0,0,0,0,0,0,0,0,1,2,0,0,0,0,0,0,0,0,0,10,0,186,0,17,0,28,0,1,0,9,23,27,0,0,0,0,0,0,0,0,0,1,0,0,0,0,0,0,0,0,0,0,0,11,0,0,0,0,0,0,0,0,58,72,0,0,9,209,0,0,0,1,0,0,0,0,0,0,0,0,0,0,0,0,0,0,0,0,0,0,0,0,0
0,0,0,0,2,0,0,0,0,0,0,0,11,10,0,0,25,0,4,0,6,0,0,0,0,0,64,24,73,0,21,0,30,0,17,0,87,0,3,0,17,18,0,4,120,3,37,11,3,0,85,0,0,0,0,0,2,0,2,0,4,0,10,0,1,0,0,0,0,0,70,0,0,0,27,0,0,0,0,0,0,0,0,0,0,0,31,0,0,0,0,0,0,0,25,0,29,0,122,0,0,0,0,0,0,0,0,0,0,0,0,0,0,0,0,0,0,0,0,0,18,0,0,0,0,0,0,0,0,0,0,0,0,0,0,0,0,0,0,0,14,0,0,0,41,0,0,0,0,0,0,0,0,0,1,0,0,0,0,0,0,0,13,0,31,0,16,0,6,0,4,0,2,0,0,0,3,2,0,0,0,0,0,0,0,0,12,0,0,0,0,0,0,0,0,0,0,0,0,0,0,0,0,0,0,0,0,0,0,0,0,0,0,0,0,0,0,0,88,5,7,0,13,2,133,0,6,0,10,0,7,0,0,0,1,0,0,0,0,0,0,0,0,0,5,0,0,0,0
0,0,0,3,0,0,0,0,0,0,0,0,21,8,0,2,0,0,18,17,4,14,0,0,0,0,19,87,0,0,3,34,0,4,7,36,1,86,0,4,0,0,4,0,5,90,5,5,1,18,0,77,0,0,0,0,0,0,0,0,0,0,0,8,0,0,0,0,0,0,0,12,0,0,0,0,0,0,0,0,0,29,0,0,0,0,0,15,0,0,0,0,0,0,0,6,0,0,0,17,0,0,0,0,0,0,0,0,0,0,0,0,0,0,0,0,0,0,0,0,0,27,0,14,0,0,0,0,0,0,0,0,0,0,0,0,0,0,0,4,0,0,0,44,0,27,0,0,0,0,0,0,0,0,0,0,0,4,0,0,0,0,0,2,1,12,0,0,0,8,0,2,0,0,0,0,1,11,0,0,0,0,0,0,0,0,0,26,0,0,0,0,0,0,0,0,0,0,0,0,0,0,0,0,0,0,0,0,0,0,0,0,0,0,0,0,0,0,0,103,0,5,0,21,6,166,0,24,0,27,0,0,0,0,0,0,0,3,0,2,0,0,0,1,0,0,0,0,0
0,1,0,0,3,0,0,0,0,0,7,0,19,0,6,0,12,0,21,3,10,2,0,0,0,0,104,32,9,0,0,1,0,0,27,0,33,0,0,0,13,96,120,5,0,24,41,90,43,6,116,4,3,0,2,0,0,0,0,0,3,0,13,0,0,0,1,0,6,0,44,0,0,0,0,0,0,0,0,0,48,0,0,0,30,0,0,0,28,0,42,0,0,0,0,1,28,0,104,0,14,0,13,0,0,0,26,0,0,0,0,0,0,0,0,0,0,0,0,0,10,0,15,0,0,0,0,0,2,0,0,0,0,0,0,0,0,0,0,0,5,0,19,0,20,0,0,0,0,0,0,0,0,0,0,0,0,0,2,0,0,0,5,0,94,0,14,0,29,0,6,0,8,0,7,0,3,21,3,0,7,0,6,0,3,0,11,5,0,0,0,1,0,0,0,0,1,0,0,0,0,0,0,0,0,0,0,0,0,0,0,0,0,0,0,0,3,0,284,29,15,0,147,69,195,0,31,0,30,0,10,0,8,0,0,0,4,0,0,0,5,0,3,0,18,0,0,0,0
0,3,0,0,0,3,0,0,0,0,0,4,5,1,0,0,0,0,5,16,5,18,0,0,0,0,24,138,0,0,0,6,0,0,0,30,0,21,0,0,33,4,3,90,24,0,35,16,5,57,0,81,0,0,0,0,0,0,0,0,0,2,0,3,0,2,0,0,0,4,0,14,0,3,0,2,0,3,0,7,0,26,0,15,0,24,0,29,0,0,0,2,0,0,0,34,0,0,0,11,0,0,0,0,0,0,0,0,0,0,0,0,0,0,0,0,0,0,0,0,0,17,0,3,0,0,0,0,0,0,0,0,0,0,0,0,0,0,0,3,0,5,0,17,0,15,0,0,0,0,0,0,0,3,0,0,0,2,0,0,0,0,0,3,0,43,0,0,0,22,0,3,0,2,0,2,0,18,0,0,0,4,0,0,0,0,2,17,0,0,0,0,0,0,0,0,0,5,0,0,0,4,0,0,0,0,0,4,0,0,0,0,0,2,0,0,0,6,16,101,0,3,4,261,0,68,0,9,0,52,0,0,0,0,0,3,0,0,0,0,0,0,0,0,0,6,0,0,0
13,0,26,0,29,0,1,0,7,0,15,0,109,29,17,1,0,0,31,0,2,0,0,0,0,0,90,158,0,0,2,0,0,0,10,0,3,0,0,0,63,117,37,5,41,35,0,118,36,7,50,2,0,0,0,0,0,0,0,0,0,0,0,0,0,0,0,0,0,0,4,0,0,0,0,0,0,0,0,0,0,0,0,0,0,0,4,0,0,0,9,0,0,0,0,0,0,0,0,0,5,0,0,0,0,0,5,0,0,0,0,0,0,0,0,0,0,0,0,0,3,0,0,0,0,0,0,0,0,0,0,0,0,0,0,0,0,0,0,0,0,0,4,0,0,0,0,0,0,0,11,0,6,0,0,0,0,0,0,0,0,0,0,0,23,0,0,0,5,0,1,0,0,0,9,0,19,47,5,0,8,0,15,0,11,0,11,4,0,0,0,0,0,0,0,0,0,0,0,0,0,0,0,0,0,0,0,0,0,0,0,0,0,0,0,1,0,0,257,42,7,0,56,44,80,4,3,0,4,0,7,0,0,1,0,0,0,0,0,0,0,0,0,0,9,0,0,0,0
0,66,0,25,3,53,0,4,0,0,0,82,42,111,0,9,0,0,18,80,14,8,0,0,0,0,208,133,0,0,0,0,0,0,15,5,0,0,0,0,148,150,11,5,90,16,118,0,4,16,0,11,0,0,0,0,0,0,0,0,0,0,0,1,0,0,0,1,0,1,0,0,0,0,0,0,0,0,0,0,0,0,0,0,0,0,0,0,0,0,0,0,0,0,0,2,0,0,0,0,0,1,0,0,0,0,0,0,0,0,0,0,0,0,0,0,0,0,0,0,0,0,0,0,0,1,0,13,0,1,0,2,0,2,0,0,0,0,0,0,0,0,0,7,0,2,0,6,0,0,0,21,0,6,0,0,0,0,0,0,0,0,0,0,0,3,0,0,0,0,0,0,0,1,0,0,0,82,0,5,0,5,0,0,0,0,21,10,0,0,0,0,0,0,0,0,0,0,0,2,0,0,0,0,0,0,0,0,0,8,0,0,0,0,0,0,0,0,65,187,0,6,5,288,0,16,0,4,0,6,1,0,0,0,0,0,0,0,0,0,0,1,0,0,0,2,0,0,0
0,0,0,0,1,0,16,0,4,0,1,0,15,0,0,0,0,0,0,0,0,0,0,0,0,0,7,2,1,0,0,0,1,0,0,0,1,0,0,0,75,2,3,1,43,5,36,4,0,1,8,0,0,0,3,0,0,0,4,0,1,1,0,0,0,0,0,0,5,0,1,0,1,0,0,0,3,0,1,0,6,0,19,0,4,0,5,0,0,0,0,0,5,0,4,0,0,0,3,0,0,0,4,0,0,0,3,0,0,0,0,0,0,0,0,0,0,0,0,0,0,0,0,0,0,0,0,0,0,0,1,0,0,0,0,0,0,0,0,0,0,0,0,0,1,0,0,1,1,0,1,0,1,0,0,0,0,0,2,0,0,0,4,0,3,0,8,0,15,0,3,0,0,0,2,0,1,4,3,0,6,0,0,0,1,0,23,0,0,0,0,0,0,0,3,0,0,0,0,0,4,0,9,0,0,0,2,0,0,0,0,0,2,0,4,0,9,0,38,5,32,0,42,18,24,0,8,0,19,0,1,0,1,0,0,0,1,0,4,0,0,0,0,0,0,0,0,0,0
0,4,0,0,0,1,0,0,0,0,0,2,0,5,0,1,0,0,1,0,0,2,0,0,0,0,1,15,0,0,0,0,0,0,0,0,0,1,0,0,6,55,0,18,6,57,7,16,1,0,0,30,0,0,0,0,0,0,0,0,0,0,0,0,0,1,0,0,0,5,0,1,0,0,0,0,0,3,0,0,0,0,0,0,0,7,0,2,0,0,0,0,0,0,0,7,0,0,0,3,0,0,0,0,0,0,0,0,0,0,0,0,0,0,0,0,0,0,0,0,0,3,0,0,0,0,0,1,0,0,0,0,0,0,0,2,0,0,0,0,0,0,0,2,0,0,0,2,0,0,0,3,0,0,0,0,0,0,0,0,0,0,0,0,0,1,0,0,0,3,0,0,0,0,0,0,0,20,0,0,0,3,0,0,0,0,1,19,0,2,0,2,0,1,0,1,0,0,0,0,0,0,0,0,0,0,0,0,0,0,0,1,0,0,0,1,0,4,7,14,0,6,8,45,0,2,0,2,0,12,0,1,0,0,0,0,0,0,0,0,0,0,0,0,0,0,0,0,0
0,0,0,0,7,0,0,0,0,0,1,0,59,12,5,0,9,0,55,5,15,6,0,0,0,0,230,40,89,0,77,1,30,0,62,3,74,0,3,0,15,6,85,0,116,0,50,0,8,0,0,0,0,0,0,0,2,0,6,0,0,0,4,0,0,0,1,0,0,0,41,0,11,0,16,0,0,0,0,0,28,0,0,0,0,0,16,0,19,0,22,0,0,0,13,0,0,0,63,0,9,0,4,0,0,0,0,0,0,0,0,0,0,0,0,0,0,0,0,0,7,0,0,0,0,0,0,0,0,0,0,0,0,0,0,0,0,0,0,0,11,0,0,0,17,0,0,0,0,0,0,0,0,0,0,0,0,0,0,0,0,0,17,0,21,0,32,0,30,0,9,0,13,0,0,0,6,3,3,0,0,0,1,0,0,0,15,0,0,0,5,0,2,0,0,0,0,0,0,0,0,0,0,0,0,0,0,0,0,0,2,0,0,0,4,1,1,0,39,5,25,0,9,0,131,0,30,0,45,0,6,0,16,0,2,0,0,0,6,0,0,0,0,0,40,0,0,0,0
0,0,0,0,0,5,0,0,0,0,0,2,27,32,3,7,0,8,28,80,9,44,0,0,0,0,35,212,0,29,0,49,0,15,10,81,0,61,0,3,13,2,0,77,4,81,2,11,0,30,0,0,0,1,0,0,0,1,0,0,0,4,0,5,0,0,0,0,0,0,0,17,0,7,0,12,0,5,0,17,0,45,0,0,0,29,0,37,0,0,0,0,0,0,0,6,0,0,0,11,0,6,0,0,0,0,0,0,0,0,0,0,0,0,0,0,0,0,0,0,0,40,0,13,0,0,0,0,0,0,0,0,0,0,0,0,0,0,0,3,0,11,0,52,0,35,0,0,0,0,0,0,0,1,0,0,0,4,0,0,0,0,0,2,0,7,0,3,0,10,0,3,0,7,0,0,0,13,2,0,0,2,0,0,0,0,2,44,0,0,0,0,0,0,0,0,0,2,0,0,0,0,0,2,0,0,0,0,0,2,0,0,0,1,0,0,0,9,0,61,0,13,0,7,6,88,0,38,1,36,0,0,0,10,0,3,0,0,0,0,0,0,0,0,0,9,0,0,0
16,6,17,0,7,0,139,9,181,144,10,0,4,0,41,0,78,4,15,0,0,0,37,0,78,27,15,0,4,0,0,0,0,0,0,0,1,1,5,0,0,0,0,0,3,0,0,0,0,0,0,0,0,27,94,112,37,16,18,23,146,9,57,30,0,2,6,85,0,0,1,0,0,0,5,0,0,0,0,0,24,0,0,0,107,0,0,0,11,0,34,0,0,0,0,0,57,0,58,0,14,0,0,0,0,0,20,0,0,0,0,0,0,0,0,0,0,0,0,0,0,0,29,0,2,0,3,0,17,0,7,0,7,0,17,0,120,0,187,0,86,0,275,0,25,0,0,0,0,0,0,0,0,0,103,4,92,7,97,0,0,0,13,0,0,0,0,0,5,0,21,1,2,0,6,0,76,17,0,0,2,0,11,4,6,15,0,0,0,0,0,0,0,0,0,0,0,0,0,0,25,0,0,0,0,0,0,0,2,1,0,0,6,0,56,4,0,0,0,0,61,4,18,0,14,0,8,0,96,6,0,0,26,12,5,0,0,0,5,2,0,0,2,0,28,9,0,0,0
0,3,1,0,0,2,7,11,58,79,0,0,0,0,0,0,0,6,0,0,0,0,0,0,2,17,0,0,0,0,0,0,0,0,0,0,0,0,0,14,0,0,0,0,0,0,0,0,0,0,0,1,27,0,32,72,4,43,18,6,8,35,5,53,3,0,35,24,0,0,0,0,0,0,0,0,0,0,0,0,0,0,0,0,0,0,0,2,0,0,0,0,0,0,0,0,0,13,0,0,0,0,0,0,0,3,0,0,0,0,0,0,0,0,0,0,0,0,0,0,0,0,0,0,0,0,0,7,0,51,0,12,0,31,0,47,0,115,0,138,0,42,0,37,0,19,0,0,0,1,0,0,0,0,1,99,0,80,0,164,0,7,0,0,0,0,0,0,0,1,2,3,0,2,0,0,7,59,0,0,0,0,0,0,4,26,0,0,0,0,0,0,0,0,0,0,0,0,0,0,0,3,0,0,0,0,0,0,0,6,0,1,0,0,0,20,0,0,0,1,0,16,0,0,0,0,0,9,3,11,1,0,2,11,0,11,0,0,1,2,0,0,0,0,0,9,0,0,0
5,11,71,0,0,0,191,9,104,69,0,0,0,0,72,0,11,9,19,0,14,0,64,0,92,16,0,0,22,0,0,0,0,0,0,0,2,0,3,0,0,0,0,0,2,0,0,0,3,0,0,0,94,32,0,33,62,17,17,0,25,10,36,15,0,0,6,33,0,0,0,0,0,0,0,0,0,0,0,0,0,0,0,0,9,0,0,0,0,0,0,0,0,0,0,0,3,0,0,0,0,0,0,0,0,0,0,0,0,0,0,0,0,0,0,0,0,0,0,0,0,0,0,0,10,0,0,0,45,0,20,0,19,0,155,0,141,0,11,0,2,0,116,1,3,0,2,0,0,0,4,0,0,1,31,6,10,7,10,0,3,2,0,0,1,0,2,0,14,0,32,0,11,0,1,0,3,2,0,0,0,0,2,1,0,5,0,0,0,0,0,0,0,0,0,0,0,0,0,0,28,0,0,0,0,0,4,0,48,0,26,0,0,0,233,1,2,0,0,0,197,1,69,0,55,0,24,0,206,6,0,0,180,5,44,0,8,0,45,1,2,0,9,0,209,4,0,0,0
0,13,0,84,0,0,19,198,184,243,0,1,0,0,0,56,0,3,0,0,0,0,0,8,9,114,0,6,0,0,0,0,0,0,0,0,0,0,0,8,0,0,0,0,0,0,0,0,0,0,0,0,112,72,33,0,3,132,7,22,28,29,44,97,0,3,35,33,0,0,0,0,0,0,0,0,0,0,0,0,0,0,0,0,0,0,0,0,0,0,0,0,0,0,0,0,0,0,0,0,0,0,0,0,0,0,0,0,0,0,0,0,0,0,0,0,0,0,0,0,0,0,0,0,0,24,0,19,0,8,0,21,1,13,0,18,0,40,0,17,0,5,0,0,0,0,0,1,0,5,0,7,0,0,0,41,0,18,0,20,0,13,0,0,0,0,0,0,0,9,0,39,2,16,0,0,6,9,0,0,0,0,3,0,5,0,0,0,0,0,0,0,0,0,0,0,0,0,0,8,0,0,0,0,0,0,0,3,0,26,0,0,0,0,2,215,0,0,0,23,0,231,1,29,0,34,3,10,0,323,0,0,4,255,2,38,0,2,3,19,1,0,0,0,15,82,0,0,0
2,0,0,0,0,0,17,0,34,0,0,0,0,0,0,0,6,0,0,0,1,0,3,0,2,0,1,0,0,0,0,0,0,0,1,0,0,0,1,0,0,0,2,0,0,0,0,0,0,0,2,0,37,4,62,3,0,10,139,15,0,0,10,0,7,3,34,40,0,0,0,0,0,0,0,0,0,0,0,0,0,0,0,0,0,0,0,0,0,0,0,0,0,0,0,0,0,0,0,0,0,0,0,0,0,0,0,0,0,0,0,0,0,0,0,0,0,0,0,0,0,0,0,0,7,0,5,0,28,0,40,0,8,0,29,0,29,0,7,3,0,0,17,0,33,0,0,0,2,0,0,0,0,0,73,9,48,1,48,16,21,0,29,0,0,0,2,0,8,0,23,0,6,0,3,0,5,0,0,0,8,0,0,0,8,8,0,0,0,0,0,0,0,0,0,0,0,0,0,0,3,0,0,0,0,0,0,0,16,0,32,0,5,0,379,0,0,0,6,0,146,2,99,0,55,0,14,0,262,0,0,0,157,1,209,0,0,0,54,0,6,0,11,0,133,0,0,0,0
1,3,0,6,0,2,3,6,30,64,0,1,0,0,0,11,0,3,0,0,0,0,0,0,0,26,0,0,0,0,0,0,0,0,0,0,0,0,0,1,0,0,0,0,0,0,0,0,0,0,0,1,16,43,17,132,10,0,28,51,2,1,0,15,1,0,37,74,0,0,0,0,0,0,0,0,0,0,0,0,0,0,0,0,0,0,0,6,0,0,0,0,0,0,0,0,0,0,0,0,0,0,0,0,0,0,0,0,0,0,0,0,0,0,0,0,0,0,0,0,0,0,0,0,0,14,0,23,1,11,0,16,0,21,0,35,0,54,2,32,0,3,0,0,0,5,0,1,0,0,0,1,0,0,11,204,4,11,0,211,4,32,0,0,0,2,0,0,0,15,0,41,0,0,0,0,2,3,0,0,0,0,0,0,3,36,0,0,0,0,0,0,0,0,0,0,0,0,0,0,0,4,0,1,0,0,0,0,0,38,0,6,0,0,2,177,0,0,0,16,0,204,0,35,0,47,0,9,0,325,0,0,0,98,0,55,0,2,0,1,0,0,0,2,1,29,0,0,0
0,0,0,0,0,0,5,1,78,0,0,0,1,0,0,0,0,1,2,0,0,0,1,0,3,0,4,0,0,0,0,0,0,0,0,0,0,0,0,0,0,0,2,0,0,0,0,0,4,0,6,0,18,18,17,7,139,28,0,42,29,0,0,3,73,5,123,86,0,0,0,0,0,0,0,0,0,0,0,0,0,0,0,0,0,0,0,0,0,0,0,0,0,0,0,0,0,0,0,0,0,0,0,0,0,0,0,0,0,0,0,0,0,0,0,0,0,0,0,0,0,0,0,0,2,0,0,0,0,0,10,0,3,0,0,0,2,0,7,1,0,0,0,0,41,0,0,0,7,0,0,0,0,0,30,35,114,3,0,24,7,0,4,0,0,0,0,0,8,0,13,0,0,0,0,0,37,3,0,0,12,9,0,0,11,44,0,0,0,0,0,0,0,0,0,0,0,0,0,0,0,0,0,0,0,0,0,0,8,0,31,0,6,0,422,0,0,0,5,0,212,0,65,0,44,0,45,0,168,0,0,0,300,2,291,0,4,0,154,0,13,0,32,0,348,1,0,0,0
1,0,0,7,0,3,0,0,0,51,0,1,0,0,0,0,0,0,0,0,0,0,0,0,0,0,0,2,0,0,0,1,0,0,0,0,0,0,0,0,0,0,0,0,0,0,0,0,0,0,0,0,23,6,0,22,15,51,42,0,0,0,0,1,10,38,42,126,0,0,0,2,0,0,0,0,0,0,0,0,0,0,0,0,0,0,0,0,0,0,0,0,0,0,0,0,0,0,0,0,0,0,0,0,0,0,0,0,0,0,0,0,0,0,0,0,0,0,0,0,0,0,0,0,0,17,0,14,0,0,0,6,0,0,0,0,0,1,12,2,0,0,0,0,17,14,0,2,0,6,0,0,0,0,55,7,9,21,39,4,18,3,0,0,0,0,0,0,0,10,0,15,0,3,1,6,3,0,0,0,0,23,0,0,5,41,0,0,0,0,0,0,0,0,0,0,0,0,0,0,0,0,0,3,0,0,0,0,1,19,0,0,0,0,0,463,0,0,0,23,0,455,0,64,0,69,0,30,2,400,0,0,5,377,2,567,0,7,4,21,1,1,2,0,0,146,0,0,0
66,9,16,0,16,0,108,4,245,25,8,0,0,0,22,0,9,0,17,0,0,0,0,0,16,22,24,0,0,0,0,0,0,0,0,0,24,0,7,0,0,0,4,0,3,0,0,0,1,0,0,0,146,8,25,28,0,2,29,0,0,0,69,11,1,0,16,4,0,0,16,0,0,0,0,0,0,0,0,0,0,0,0,0,7,0,0,0,4,0,0,0,0,0,0,0,0,0,0,0,0,0,0,0,0,0,0,0,0,0,0,0,0,0,0,0,0,0,0,0,0,0,0,0,0,0,0,0,1,0,0,0,0,0,0,0,0,0,57,0,59,0,10,0,210,0,0,0,0,0,0,0,0,0,27,0,182,1,7,0,0,0,5,0,0,0,0,0,4,0,178,0,60,0,8,0,104,9,0,0,0,0,12,0,5,1,0,0,0,0,0,0,0,0,0,0,0,0,0,0,0,0,0,0,0,0,0,0,0,0,6,0,0,0,16,0,0,0,0,0,25,0,0,0,9,0,26,1,80,0,0,0,14,0,0,0,1,1,2,0,1,0,0,0,27,4,0,0,0
5,216,1,6,0,0,6,145,24,226,0,3,0,0,0,3,0,22,0,3,0,0,0,2,27,58,0,0,0,2,0,3,0,15,0,0,0,63,0,16,0,0,0,0,0,2,0,0,1,0,0,4,9,35,10,29,0,1,0,0,0,0,9,65,0,0,0,10,0,0,0,4,0,3,0,2,0,1,0,0,0,1,0,0,0,0,0,0,0,0,0,0,0,0,0,0,0,0,0,0,0,0,0,0,0,0,0,0,0,0,0,0,0,0,0,0,0,0,0,0,0,0,0,2,0,0,0,0,0,6,0,0,0,0,1,0,0,0,0,45,0,46,0,17,0,125,0,0,0,0,0,0,0,0,0,12,0,80,0,34,0,0,0,1,0,0,0,0,0,2,0,40,0,19,0,0,1,128,0,0,0,0,0,60,0,14,0,0,0,0,0,0,0,0,0,0,0,0,0,0,0,0,0,0,0,0,0,0,0,0,0,0,0,0,0,6,0,0,0,0,0,18,0,2,0,0,0,71,0,57,1,0,0,0,0,0,0,0,0,4,4,0,1,0,0,0,0,0,0
100,56,26,2,0,0,420,24,321,80,1,0,5,0,26,3,85,21,39,0,119,0,15,0,147,87,57,0,273,0,5,0,14,0,0,0,17,0,21,2,0,0,10,0,13,0,0,0,0,0,4,0,57,5,36,44,10,0,0,0,69,9,0,21,0,0,0,0,0,0,11,0,0,0,17,0,0,0,0,0,55,0,0,0,100,0,34,0,37,0,22,0,0,0,23,0,56,0,97,0,17,0,0,0,0,0,0,0,0,0,0,0,0,0,0,0,0,0,0,0,20,0,49,0,0,0,2,0,7,0,3,0,0,0,3,0,34,0,100,0,99,0,122,0,35,0,0,0,0,0,0,0,0,0,49,0,49,0,19,0,0,0,0,0,0,0,0,0,4,0,9,0,6,0,18,0,132,16,0,0,0,0,29,11,1,0,0,0,0,0,0,0,0,0,0,0,0,0,0,0,0,2,0,0,0,0,0,0,0,0,1,0,0,0,0,0,0,0,0,0,2,0,4,0,5,0,15,0,16,5,0,0,4,0,0,0,0,0,0,0,0,0,0,0,5,12,0,0,0
32,126,7,4,0,0,45,109,77,201,0,0,0,3,0,14,5,159,0,30,1,55,2,34,70,151,0,0,0,91,0,16,0,40,0,10,0,51,8,88,0,0,0,8,0,3,0,1,0,0,0,5,30,53,15,97,0,15,3,1,11,65,21,0,0,0,0,21,0,0,0,3,0,0,0,0,0,0,0,0,0,21,0,0,0,52,0,0,0,0,0,0,0,0,0,0,0,12,0,10,0,0,0,0,0,0,0,0,0,0,0,0,0,0,0,0,0,0,0,0,0,0,0,6,0,0,0,17,0,27,0,10,0,51,1,100,0,187,0,162,0,171,0,233,0,77,0,0,1,0,0,0,0,0,1,60,1,94,0,98,0,0,0,0,0,2,0,0,0,0,1,0,0,2,0,0,2,113,0,0,0,0,2,45,3,4,0,0,0,0,0,0,0,0,0,0,0,0,0,0,0,7,0,0,0,0,0,0,0,4,0,0,0,0,1,7,0,0,0,0,1,7,0,0,2,0,5,49,0,13,3,0,6,7,0,0,0,0,0,1,0,0,2,1,18,1,0,0,0
16,0,41,0,11,0,9,0,100,0,0,0,23,0,18,0,0,0,13,0,0,0,0,0,0,0,15,0,0,0,0,0,0,0,0,0,0,0,0,0,0,0,1,0,0,0,0,0,0,0,0,0,0,3,0,0,7,1,73,10,1,0,0,0,0,10,86,12,0,0,22,0,15,0,7,0,0,0,0,0,0,0,0,0,0,0,2,0,0,0,0,0,0,0,0,0,0,0,0,0,0,0,0,0,0,0,0,0,0,0,0,0,0,0,0,0,0,0,0,0,2,0,0,0,2,0,11,0,0,0,19,0,1,0,4,0,0,1,18,17,6,3,0,0,65,4,20,0,56,0,31,0,9,0,5,3,0,0,3,26,27,22,4,0,0,0,0,0,4,0,0,0,0,0,19,20,3,0,1,0,34,3,14,0,47,0,0,0,0,0,0,0,0,0,0,0,0,0,0,0,1,0,0,0,0,0,0,0,20,0,0,0,0,0,0,0,1,0,1,0,0,0,0,0,0,1,3,0,16,0,0,0,0,0,66,0,0,0,26,0,0,0,0,0,7,0,0,0,0
0,69,0,5,0,28,0,0,0,178,0,37,0,21,0,0,0,0,0,39,0,4,0,0,0,1,0,0,0,0,0,0,0,0,0,0,0,0,0,1,0,9,0,0,0,2,0,0,0,1,0,0,2,0,0,3,3,0,5,38,0,0,0,0,10,0,0,350,0,0,0,23,0,0,0,0,0,0,0,3,0,6,0,0,0,0,0,4,0,0,0,0,0,0,0,0,0,0,0,0,0,0,0,0,0,0,0,0,0,0,0,0,0,0,0,0,0,0,0,0,0,0,0,0,0,26,0,76,20,0,0,2,0,0,0,0,0,0,27,17,9,0,0,0,29,49,0,53,17,249,0,31,8,12,12,0,0,0,13,11,38,107,0,11,0,0,0,0,0,0,0,0,0,0,0,47,0,4,0,0,3,36,0,1,4,34,0,0,0,0,0,3,0,0,0,2,0,0,0,0,0,0,0,0,0,0,0,9,0,33,0,0,0,4,0,21,1,0,0,0,0,16,2,0,0,6,0,23,0,47,0,0,0,19,0,137,0,0,0,6,0,1,0,0,0,23,0,0,0
1,0,5,0,1,0,21,0,120,0,1,0,0,0,0,0,0,0,0,0,1,0,0,0,1,0,1,0,0,0,0,0,0,0,0,0,0,0,0,0,0,0,0,0,1,0,0,0,0,0,1,0,6,35,6,35,34,37,123,42,16,0,0,0,86,0,0,58,0,0,0,0,0,0,1,0,0,0,0,0,0,0,0,0,0,0,0,0,0,0,0,0,0,0,0,0,0,0,0,0,0,0,0,0,0,0,0,0,0,0,0,0,0,0,0,0,0,0,0,0,0,0,0,0,4,0,0,0,0,0,8,0,1,0,0,0,1,0,5,1,0,0,0,0,23,0,3,0,20,0,11,0,1,0,4,12,18,4,0,6,18,0,1,0,0,0,0,0,0,0,2,0,0,0,3,0,108,8,0,0,9,5,12,0,48,55,0,0,0,0,0,0,0,0,0,0,0,0,0,0,0,0,0,0,0,0,0,0,5,0,0,0,1,0,73,3,0,0,2,0,29,0,0,0,3,0,11,2,26,0,0,0,42,8,45,4,0,0,26,0,0,0,6,0,59,0,0,0,0
0,5,0,0,0,0,0,1,29,85,0,0,0,0,0,0,0,0,0,0,0,0,1,0,0,2,0,1,0,0,0,0,0,0,0,2,0,0,0,0,0,0,0,0,0,0,0,1,0,0,0,0,85,24,33,33,40,74,86,126,4,10,0,21,12,350,58,0,0,0,0,5,0,4,0,1,0,0,0,0,0,0,0,0,0,0,0,0,0,0,0,0,0,0,0,0,0,0,0,0,0,0,0,0,0,0,1,0,0,0,0,0,0,0,0,0,0,0,0,0,0,0,0,0,0,16,0,24,2,0,0,18,0,0,0,0,0,0,24,4,0,0,0,0,34,12,0,12,0,132,0,7,0,0,59,13,7,32,42,6,20,32,0,0,0,0,0,0,0,0,0,0,0,0,2,22,13,74,0,0,5,84,0,1,8,417,0,0,0,0,0,0,0,0,0,0,0,0,0,0,0,0,0,0,0,0,0,0,0,6,0,0,0,0,0,184,0,0,0,0,5,150,0,0,0,18,0,43,0,118,0,4,0,252,0,393,0,0,0,27,0,0,1,1,5,159,0,0,0
0,0,0,0,0,0,0,0,0,0,0,0,0,0,0,0,0,0,0,0,0,0,0,0,0,0,0,0,0,0,0,0,0,0,0,0,0,0,0,0,0,0,0,0,6,0,0,0,5,0,0,0,0,0,0,0,0,0,0,0,0,0,0,0,0,0,0,0,0,0,0,0,0,0,0,0,78,0,2,0,0,0,3,0,0,0,6,0,0,0,4,0,4,0,7,0,0,0,0,0,0,0,60,0,9,0,0,0,10,0,7,0,0,0,0,0,3,0,1,0,0,0,0,0,0,0,0,0,0,0,0,0,0,0,0,0,0,0,0,0,0,0,0,1,0,0,0,0,0,1,0,0,0,0,0,0,0,0,0,0,0,0,0,0,16,0,0,0,123,0,4,0,0,0,3,0,0,0,0,0,0,0,1,0,0,0,0,0,31,0,0,0,16,0,8,0,0,0,0,0,0,0,0,0,0,0,0,0,0,0,0,0,166,0,125,0,74,0,10,0,0,0,127,0,34,0,5,0,73,0,1,0,0,0,0,0,0,0,19,0,12,0,0,0,0,0,0,0,0
0,0,0,0,0,0,0,0,0,0,0,0,0,0,0,0,0,0,0,0,0,0,0,0,0,0,0,5,0,0,0,0,0,0,0,0,0,0,0,0,0,0,0,0,0,4,0,1,0,5,0,0,0,0,0,0,0,0,0,0,0,0,0,0,0,0,0,0,0,0,0,0,0,2,0,0,0,70,0,1,0,0,0,54,0,0,0,4,0,5,0,0,0,30,0,9,0,5,0,1,0,3,0,97,0,0,0,0,0,13,0,7,0,6,0,0,0,2,0,0,0,0,0,0,0,0,0,0,0,0,0,0,0,0,0,0,0,0,0,0,0,0,0,0,0,0,0,0,0,0,0,0,0,0,0,0,0,0,0,0,0,0,0,0,0,12,0,0,0,33,0,0,0,0,0,0,0,0,0,0,0,0,0,0,0,0,0,0,0,0,2,1,0,0,0,0,0,0,0,0,0,0,0,0,0,5,0,0,0,0,0,0,0,148,0,9,0,53,0,8,0,0,0,103,0,9,0,1,1,52,0,1,0,0,0,0,0,2,0,0,0,0,0,0,0,1,0,0,0
0,0,0,0,0,0,0,0,0,0,0,0,4,0,0,0,6,0,0,0,30,0,0,0,0,0,81,0,38,0,3,0,17,0,0,0,68,0,13,0,0,0,70,0,44,0,4,0,1,0,41,0,1,0,0,0,0,0,0,0,16,0,11,0,22,0,0,0,0,0,0,0,160,0,233,0,8,0,173,0,16,0,10,0,0,0,40,0,0,0,0,0,0,0,0,0,0,0,0,0,0,0,0,0,0,0,0,0,0,0,0,0,0,0,0,0,0,0,0,0,51,0,77,0,18,0,23,0,12,0,38,0,28,0,37,0,22,0,0,10,72,0,74,0,195,3,4,0,61,0,24,0,7,0,2,0,36,0,2,9,29,0,36,0,2,0,10,0,9,0,35,0,26,0,39,0,0,0,0,0,29,15,0,0,8,0,1,0,0,0,0,0,0,0,0,0,0,0,0,0,0,0,0,0,0,0,0,0,25,0,0,0,1,0,0,0,0,1,0,0,0,0,8,0,0,0,2,0,16,0,0,0,0,0,0,0,0,0,10,0,0,0,1,0,0,0,0,0,0
0,0,0,0,0,4,0,0,0,0,0,0,0,0,0,0,0,0,0,10,0,18,0,0,0,0,0,10,0,7,0,9,0,8,0,13,0,28,0,9,0,2,0,12,0,14,0,0,0,1,0,17,0,0,0,0,0,0,0,2,0,4,0,3,0,23,0,5,0,0,0,0,0,199,0,170,0,0,0,75,0,0,0,0,0,0,0,17,0,0,0,0,0,0,0,0,0,0,0,0,0,0,0,0,2,0,0,0,0,0,0,0,0,0,0,0,0,0,0,0,0,16,0,85,0,100,0,41,4,23,8,35,0,46,0,0,1,34,3,4,0,15,0,22,0,207,0,21,2,88,0,35,1,23,0,2,0,15,0,0,0,15,0,31,0,0,0,0,0,2,0,15,0,3,0,27,0,0,0,0,0,29,0,0,0,18,0,0,0,0,0,0,0,0,0,0,0,9,0,0,0,0,0,0,0,0,0,11,0,27,0,0,0,0,0,0,0,0,0,0,0,0,0,4,0,0,0,8,0,43,0,0,0,3,0,8,0,0,0,4,0,0,0,0,0,6,0,0,0
