0,112,21,98,53,0,18,55,59,5,77,0,56,0,0,107,138,46,5,0,31,0,81,179,9,131,0,0,42,10,11,0,324,0,0,0,111,0,266,0,9,0,0,0,7,0,0,0,0,0,3,0,0,0,4,0,0,0,0,0,26,1,8,1,32,0,15,0,0,0,2,0,0,0,5,0,0,0,0,0,0,0,0,0,0,0,0,0,0,0,0,0,0,0,0,0,0,0,0,0,0,0,0,0,0,0,2,0,0,0,0,0,0,0,0,0,0,0,0,0,0,0,0,0,8,0,44,0,0,0,22,0,0,0,6,0,0,0,0,0,0,0,0,0,0,0,6,0,18,0,28,0,2,0,0,0,0,0,0,0,0,0,1,0,6,0,16,0,25,0,33,0,329,0,0,0,418,59,10,0,0,0,23,5,53,0,0,0,0,0,0,0,0,0,0,0,0,0,0,0,0,0,0,0,0,0,0,0,27,0,636,87,527,110,302,1,0,0,0,0,0,0,0,0,0
112,0,150,41,0,135,84,19,74,105,0,183,0,57,0,29,76,50,0,31,0,0,267,161,260,28,0,54,0,190,0,52,0,93,0,0,0,124,0,229,0,9,0,0,0,10,0,30,0,0,0,0,0,0,0,0,0,0,0,5,0,41,8,12,0,70,0,45,0,0,0,0,0,0,0,0,0,0,0,0,0,0,0,0,0,0,0,0,0,0,0,1,0,0,0,0,0,4,0,0,0,0,0,0,0,0,0,0,0,0,0,0,0,0,0,0,0,0,0,0,0,0,0,0,0,0,0,12,0,0,0,10,0,0,0,30,0,17,0,0,0,0,0,0,0,0,0,6,0,20,0,20,0,0,0,3,0,2,0,0,0,3,0,0,0,4,0,0,0,36,0,32,0,148,0,0,89,431,0,1,0,0,17,3,0,120,0,0,0,0,0,0,0,0,0,0,0,0,0,0,0,0,0,0,0,0,0,10,0,25,3,0,0,1,437,0,0,0,777,65,478,105,0,21,0
21,150,0,103,216,0,86,0,15,4,72,85,76,0,147,235,189,30,47,7,49,0,343,191,211,78,30,0,180,16,0,0,291,0,0,0,52,0,364,0,14,0,0,0,2,0,7,0,4,0,0,0,0,0,56,0,0,0,3,0,0,0,13,0,0,0,0,0,0,0,0,0,0,0,0,0,0,0,0,0,0,0,0,0,0,0,0,0,0,0,0,0,0,0,0,0,0,0,0,0,0,0,0,0,0,0,0,0,0,0,0,0,0,0,0,0,0,0,0,0,0,0,0,0,4,0,54,0,4,0,14,0,0,0,57,0,80,0,0,0,0,0,66,0,0,0,40,0,46,0,27,0,10,0,0,0,1,0,0,0,0,0,0,0,6,0,0,0,29,0,29,0,346,0,0,0,210,39,3,0,15,0,15,4,83,0,0,0,0,0,0,0,0,0,0,0,0,0,7,0,11,0,0,0,0,0,4,0,22,0,373,34,369,0,286,0,0,0,5,0,0,0,0,0,0
98,41,103,0,0,146,0,59,4,10,0,18,0,16,7,260,36,6,0,117,0,99,170,215,62,44,1,17,0,35,0,63,0,92,0,39,0,44,0,27,0,0,0,0,0,2,0,9,0,0,0,3,0,3,0,47,0,0,0,6,0,0,0,1,0,3,0,0,0,1,0,0,0,0,0,0,0,0,0,0,0,0,0,0,0,14,0,0,0,0,0,0,0,0,0,0,0,19,0,0,0,0,0,0,0,0,0,0,0,0,0,0,0,0,0,0,0,0,0,0,0,0,0,0,0,0,1,12,0,0,0,9,0,12,0,163,0,159,0,0,0,0,0,0,0,0,0,8,0,5,0,5,0,0,0,2,0,0,0,0,0,3,0,1,0,7,0,0,0,38,0,20,0,165,0,0,38,108,0,0,0,0,0,0,0,4,0,0,0,0,0,0,0,0,0,0,0,0,0,0,0,0,0,0,0,0,0,11,0,46,0,0,0,0,155,0,0,0,161,10,335,0,1,0,0
53,0,216,0,0,314,30,0,80,0,96,125,200,113,175,323,13,0,100,340,237,34,128,10,4,0,120,45,0,0,207,0,277,0,120,23,251,0,0,0,63,0,0,0,5,0,35,0,5,0,37,0,0,0,0,0,3,0,0,0,1,0,0,0,7,0,0,0,0,0,0,0,0,0,0,0,0,0,0,0,0,0,0,0,0,0,0,0,0,0,0,0,0,0,0,0,0,0,0,0,0,0,0,0,0,0,0,0,0,0,0,0,0,0,0,0,0,0,0,0,0,0,0,0,7,1,0,0,0,0,7,0,3,0,20,0,18,0,1,0,0,0,0,0,0,0,45,0,38,0,55,0,58,0,0,0,0,0,1,0,0,0,1,0,16,3,177,0,70,6,8,0,150,0,0,0,292,141,81,2,35,0,122,0,143,0,0,0,0,0,0,0,0,0,0,0,0,0,0,0,0,0,0,0,0,0,0,0,18,0,374,266,517,91,181,1,0,0,0,0,0,0,0,0,0
0,135,0,146,314,0,0,51,0,48,89,155,103,165,434,242,0,0,150,124,86,308,150,113,0,9,0,108,0,0,12,113,0,92,0,229,0,122,0,4,0,16,0,0,0,7,0,98,0,0,0,32,0,0,0,10,0,0,0,8,0,0,0,5,0,67,0,16,0,0,0,0,0,0,0,0,0,0,0,0,0,8,0,0,0,0,0,0,0,0,0,0,0,0,0,0,0,0,0,0,0,0,0,0,0,0,0,0,0,0,0,0,0,0,0,0,0,0,0,2,0,0,0,0,0,14,0,26,0,0,0,0,0,0,0,71,0,61,0,0,0,0,0,0,0,0,0,36,0,53,0,86,0,73,0,0,0,0,0,4,0,0,0,0,0,0,0,239,0,93,0,0,0,79,0,0,84,359,21,23,0,34,0,0,0,209,3,25,0,0,0,0,0,0,0,0,0,0,0,0,0,18,0,0,0,0,0,0,0,47,0,0,0,0,212,0,0,0,334,199,471,87,0,0,0
18,84,86,0,30,0,0,72,36,125,13,0,19,0,28,0,49,28,0,0,0,0,33,0,343,196,0,0,53,0,0,0,0,0,0,0,0,0,237,0,0,0,0,0,0,0,0,0,4,0,5,0,148,21,353,45,16,0,14,0,292,0,462,45,18,0,31,0,0,0,0,0,0,0,0,0,0,0,0,0,0,0,0,0,0,0,0,0,0,0,0,0,0,0,0,1,0,0,0,0,0,0,0,0,0,0,0,0,0,0,0,0,0,0,0,0,0,0,0,0,0,0,0,0,22,0,73,0,0,0,122,0,11,0,40,0,62,0,0,0,0,0,0,0,0,0,17,0,32,0,35,0,2,0,12,0,4,0,0,0,18,0,0,0,5,0,0,0,51,0,276,0,328,0,0,0,85,0,0,0,0,0,1,0,5,0,0,0,0,0,1,0,0,0,0,0,0,0,0,0,4,0,0,0,0,0,0,0,64,0,805,95,784,209,845,0,28,0,0,0,0,0,0,0,0
55,19,0,59,0,51,72,0,196,16,0,25,0,12,1,38,44,17,0,29,2,0,21,21,256,128,0,13,0,156,0,7,0,54,0,0,0,54,1,376,0,0,0,0,0,0,0,0,0,0,0,0,1,22,0,158,1,3,0,18,0,173,25,139,0,0,1,12,0,0,0,0,0,0,0,0,0,0,0,0,0,0,0,0,0,0,0,0,0,0,0,0,0,0,0,0,0,4,0,0,0,0,0,0,0,0,0,0,0,0,0,0,0,0,0,0,0,0,0,0,0,0,0,0,0,13,0,24,0,8,0,26,0,10,0,31,0,54,0,0,0,0,0,0,0,2,0,8,0,4,0,0,0,0,0,0,0,0,0,0,0,6,0,0,0,10,0,9,0,41,0,94,0,255,0,0,43,133,0,0,0,0,0,0,0,1,0,0,0,0,0,0,0,0,0,0,0,1,0,0,0,6,0,0,0,0,0,9,0,38,0,0,0,0,609,0,0,0,756,46,617,177,0,55,0
59,74,15,4,80,0,36,196,0,298,95,0,30,0,6,0,7,53,0,0,0,0,0,0,8,303,22,0,0,0,0,0,3,0,0,0,0,0,27,0,9,0,0,0,5,0,0,0,2,0,0,0,60,61,59,161,16,0,16,0,141,0,92,88,128,0,93,50,0,0,0,0,0,0,0,0,0,0,0,0,0,0,0,0,0,0,0,0,0,0,0,0,0,0,0,0,0,0,0,0,0,0,0,0,0,0,0,0,0,0,0,0,0,0,0,0,0,0,0,0,0,0,0,0,12,0,53,0,0,0,66,0,0,0,5,0,1,0,0,0,0,0,0,0,0,0,21,0,63,0,45,0,3,0,4,0,0,0,0,0,0,0,1,0,2,0,0,0,18,0,136,0,108,0,0,0,617,54,8,0,2,0,20,6,155,15,0,0,0,0,0,0,0,0,0,0,0,0,0,0,6,0,0,0,0,0,0,0,41,0,604,130,342,110,455,0,23,0,0,0,0,0,0,0,0
5,105,4,10,0,48,125,16,298,0,0,49,0,10,0,0,9,10,0,6,0,0,0,0,110,12,0,0,0,0,0,0,0,0,0,0,0,0,0,50,0,0,0,0,0,4,0,0,0,1,0,2,83,138,140,95,0,21,25,26,0,186,100,199,0,83,0,90,0,0,0,0,0,0,0,0,0,0,0,0,0,0,0,0,0,0,0,0,0,0,0,0,0,0,0,0,0,0,0,0,0,0,0,0,0,0,0,0,0,0,0,0,0,0,0,0,0,0,0,0,0,0,0,0,0,87,0,77,0,7,0,54,0,0,0,3,0,12,0,0,0,0,0,0,0,0,0,26,0,17,0,10,0,1,0,7,0,21,0,0,0,11,0,0,0,4,0,0,0,6,0,58,0,34,0,0,104,267,0,4,0,0,0,10,3,99,0,0,0,0,0,0,0,0,0,0,0,0,0,0,0,0,0,0,0,0,0,28,0,36,0,0,0,0,425,0,0,0,616,96,278,173,4,59,0
77,0,72,0,96,89,13,0,95,0,0,37,165,0,29,200,33,0,0,52,197,0,37,9,0,0,23,0,0,0,153,0,284,0,49,0,276,0,3,0,29,0,0,0,0,0,14,0,0,0,13,1,0,0,0,0,0,0,0,0,0,0,0,0,3,0,0,0,0,0,0,0,0,0,0,0,0,0,0,0,0,0,0,0,0,0,0,0,0,0,0,0,0,0,0,0,0,0,0,0,0,0,0,0,0,0,0,0,0,0,0,0,0,0,0,0,0,0,0,0,2,0,0,0,0,0,0,0,0,0,0,0,0,0,3,0,0,0,0,0,0,0,0,0,0,0,0,0,0,0,27,0,0,0,0,0,0,0,0,0,0,0,0,0,0,0,66,0,20,0,5,0,74,0,0,0,213,38,77,0,31,0,98,0,48,0,4,0,0,0,0,0,0,0,0,0,0,0,0,0,0,0,0,0,0,0,0,0,0,0,225,177,249,0,98,0,3,0,3,0,0,0,0,0,0
0,183,85,18,125,155,0,25,0,49,37,0,20,252,263,46,0,0,25,58,28,184,148,86,0,0,0,110,0,14,0,92,0,137,0,177,0,193,0,9,0,50,0,0,1,8,0,104,0,2,0,10,0,0,0,0,0,0,0,0,0,0,0,0,0,43,0,15,0,0,0,0,0,0,0,0,0,0,0,0,0,6,0,0,0,0,0,0,0,0,0,0,0,0,0,0,0,0,0,0,0,0,0,0,0,0,0,0,0,0,0,0,0,0,0,0,0,0,0,8,0,0,0,0,0,0,0,5,0,0,0,26,0,0,0,0,0,0,0,0,0,0,0,0,0,0,0,0,0,46,0,135,0,103,0,0,0,0,0,2,0,4,0,0,0,8,0,69,0,35,0,0,0,55,0,0,53,341,10,12,0,118,0,137,0,218,0,0,0,0,0,0,0,0,0,0,0,0,0,2,0,0,0,0,0,0,0,8,0,10,0,0,0,0,126,0,0,0,289,117,262,39,0,0,0
56,0,76,0,200,103,19,0,30,0,165,20,0,353,42,0,0,0,114,588,62,17,0,0,0,0,214,407,0,0,0,0,0,0,191,14,71,0,0,0,204,43,161,0,32,42,123,60,18,0,231,40,0,0,0,0,0,0,0,0,0,0,0,0,4,0,0,1,0,0,0,0,0,0,0,0,5,0,0,0,0,0,0,0,0,0,0,0,0,0,0,0,0,0,0,0,0,0,0,0,0,0,0,0,0,0,0,0,0,0,0,0,0,0,0,0,0,0,0,0,0,0,0,0,0,0,14,0,0,0,6,0,0,0,0,0,0,0,0,0,0,0,0,0,0,0,0,0,12,0,0,0,0,0,0,0,0,0,0,0,0,0,0,0,37,6,25,0,39,0,0,0,5,0,0,0,363,161,202,0,18,0,53,0,38,0,299,25,0,0,0,0,0,0,0,0,0,0,0,0,0,0,0,0,0,0,0,0,0,0,33,206,184,19,17,0,0,0,0,19,20,0,0,0,0
0,57,0,16,113,165,0,12,0,10,0,252,353,0,46,0,0,0,400,48,31,50,0,0,0,0,321,50,0,0,0,8,0,0,11,133,0,24,0,0,46,183,41,147,0,21,43,210,0,16,67,273,0,0,0,0,0,0,0,2,0,0,0,0,0,8,0,0,0,3,0,0,0,0,0,0,0,0,0,0,0,0,0,0,0,0,0,0,0,0,0,0,0,0,0,0,0,0,0,0,0,0,0,0,0,0,0,0,0,0,0,0,0,0,0,0,0,0,0,0,0,0,0,2,0,0,0,0,0,0,0,0,0,0,0,0,0,2,0,0,0,0,0,0,0,0,0,0,0,9,0,0,0,22,0,0,0,0,0,0,0,0,0,0,0,56,0,0,0,53,0,0,0,0,0,0,60,489,12,9,0,54,0,30,0,30,14,76,0,0,0,0,0,0,0,0,0,0,0,0,0,0,0,0,0,0,0,0,0,0,0,10,7,0,23,0,0,0,42,319,215,0,0,0,3
0,0,147,7,175,434,28,1,6,0,29,263,42,46,0,595,36,0,235,214,386,45,459,15,103,1,175,0,1,0,208,13,121,7,40,34,150,25,0,0,0,0,0,0,4,0,6,0,0,0,21,0,0,0,77,0,0,0,0,0,0,0,0,0,3,0,0,0,0,0,0,0,0,0,0,0,0,0,0,0,0,0,0,0,0,0,0,0,0,0,0,0,0,0,0,0,0,0,0,0,0,0,0,0,0,0,0,0,0,0,0,0,0,0,0,0,0,0,0,0,0,0,0,0,3,0,0,0,0,0,0,0,0,0,0,0,153,0,0,0,0,2,144,0,0,0,9,0,14,0,8,0,0,0,0,0,0,0,0,0,0,0,0,0,0,0,141,0,25,7,2,0,58,2,0,0,70,113,6,0,6,0,7,0,35,0,0,0,0,0,0,0,0,0,0,0,0,0,0,0,0,0,0,0,0,0,0,0,4,0,97,154,152,0,55,0,0,0,0,0,0,0,0,0,0
107,29,235,260,323,242,0,38,0,0,200,46,0,0,595,0,26,60,12,337,42,274,552,350,0,82,0,47,0,4,8,39,13,44,7,85,9,47,0,0,0,0,0,18,0,0,0,0,0,0,0,4,0,7,0,37,0,0,0,3,0,0,0,40,0,0,0,0,0,0,0,0,0,0,0,0,0,0,0,0,0,82,0,0,0,136,0,0,0,0,0,0,0,0,0,0,0,0,0,74,0,74,0,0,0,0,0,0,0,0,0,0,0,0,0,0,0,0,0,0,0,17,0,0,0,0,0,0,0,10,0,0,0,0,0,232,0,274,0,4,0,0,0,73,0,0,0,0,0,0,0,22,0,9,0,14,0,0,0,0,0,0,0,0,0,0,0,90,0,32,0,6,0,42,0,0,73,124,16,35,0,0,0,0,0,45,0,0,0,0,0,0,0,0,0,0,0,0,0,0,0,0,0,0,0,0,0,0,0,56,0,3,11,0,74,0,0,0,155,136,142,20,0,0,0
138,76,189,36,13,0,49,44,7,9,33,0,0,0,36,26,0,51,122,0,389,0,108,119,70,139,159,0,85,6,101,1,246,0,42,0,23,0,188,0,0,0,0,0,0,0,0,0,0,0,25,0,103,0,16,1,0,0,0,0,34,0,454,5,0,0,0,0,0,0,104,0,0,0,161,0,0,0,0,0,104,0,0,0,326,0,61,0,0,0,200,0,0,0,0,0,629,0,272,1,76,0,0,0,0,0,103,0,0,0,0,0,0,0,0,0,0,0,0,0,128,0,112,0,0,0,0,0,0,0,0,0,0,0,21,0,52,0,59,0,154,0,113,0,28,0,0,0,0,0,0,0,0,0,19,0,0,0,0,0,2,0,0,0,2,0,0,0,0,0,5,0,63,0,0,0,16,10,0,0,0,0,7,2,0,0,0,0,0,0,0,0,0,0,0,0,0,0,0,0,28,0,0,0,0,0,0,0,0,0,24,28,63,16,25,0,0,0,0,0,0,0,0,0,0
46,50,30,6,0,0,28,17,53,10,0,0,0,0,0,60,51,0,0,64,0,197,67,175,136,135,0,4,0,173,0,23,0,19,0,6,0,5,0,87,0,0,0,0,0,2,0,0,0,0,0,5,0,61,0,46,0,33,0,0,0,9,7,137,0,0,0,0,0,0,0,0,0,0,0,0,0,0,0,0,0,97,0,0,0,205,0,13,0,0,0,0,0,0,0,29,0,62,0,104,0,82,0,0,0,0,0,0,0,0,0,0,0,0,0,0,0,0,0,0,0,12,0,0,0,0,0,0,0,105,0,0,0,112,0,262,0,406,0,120,0,67,0,186,0,9,0,0,0,0,0,0,0,0,0,37,0,0,0,26,0,7,0,0,0,0,0,0,0,0,0,11,0,31,0,0,0,10,0,0,0,0,0,29,0,0,1,0,0,0,0,0,0,0,0,0,0,0,0,0,0,16,0,0,0,0,0,0,0,0,3,0,0,0,19,0,0,0,20,14,23,4,0,0,0
5,0,47,0,100,150,0,0,0,0,0,25,114,400,235,12,122,0,0,552,121,21,304,0,57,0,140,272,9,0,13,4,3,0,118,36,44,0,0,0,0,19,34,29,5,18,0,17,0,1,163,41,0,0,0,0,0,0,0,0,0,0,0,0,0,0,0,0,0,0,0,0,0,0,19,0,0,0,0,0,0,0,0,0,0,0,0,0,0,0,0,0,0,0,0,0,0,0,0,0,0,0,0,0,0,0,0,0,0,0,0,0,0,0,0,0,0,0,0,0,0,0,0,0,0,0,0,0,0,0,0,0,0,0,0,0,0,0,0,0,0,0,0,0,0,0,0,0,0,0,0,0,0,0,0,0,0,0,0,0,0,0,1,0,59,5,83,0,35,0,0,0,12,0,0,0,67,78,37,1,0,0,27,0,14,0,0,21,0,0,5,0,0,0,0,0,0,0,0,0,0,0,0,0,0,0,0,0,5,0,86,179,198,28,36,0,0,0,0,0,24,0,0,0,0
0,31,7,117,340,124,0,29,0,6,52,58,588,48,214,337,0,64,552,0,110,419,0,465,0,33,224,340,0,0,0,24,3,0,32,199,11,50,0,2,19,0,24,166,6,7,12,4,0,0,30,215,0,0,0,0,0,0,0,0,0,0,0,67,0,26,0,0,0,3,0,4,0,0,0,0,0,0,0,0,0,318,0,0,0,285,0,0,0,0,0,0,0,0,0,0,0,0,0,185,0,149,0,0,0,0,0,0,0,0,0,0,0,0,0,0,0,0,0,0,0,50,0,0,0,0,0,0,0,0,0,10,0,0,0,0,0,0,0,0,0,0,0,93,0,0,0,0,0,31,0,70,0,50,0,0,0,0,0,4,0,0,0,0,0,158,0,114,0,146,0,0,0,17,0,0,54,115,26,19,0,26,0,0,0,126,5,28,0,0,0,0,0,5,0,0,0,0,0,0,0,0,0,0,0,0,0,0,0,41,0,0,20,2,57,0,0,0,179,289,291,50,0,0,0
31,0,49,0,237,86,0,2,0,0,197,28,62,31,386,42,389,0,121,110,0,11,254,6,56,0,213,0,30,0,66,0,7,0,56,0,11,4,0,0,0,0,62,0,18,0,0,0,0,0,55,0,0,0,0,0,0,0,0,2,0,0,49,0,0,0,2,0,0,0,51,0,4,0,62,0,0,0,0,0,0,0,0,0,0,0,43,0,0,0,46,0,0,0,0,0,123,0,138,0,0,0,0,0,0,0,0,0,0,0,0,0,0,0,0,0,0,0,0,0,45,0,19,0,0,0,0,0,0,0,0,0,0,0,11,0,12,0,0,0,15,0,0,0,0,0,0,0,0,0,0,0,2,0,0,0,0,0,0,0,0,0,0,0,18,0,96,0,42,0,1,0,45,0,0,0,10,7,69,0,0,0,4,0,4,0,0,3,2,0,0,0,0,0,0,0,0,0,0,0,0,0,0,0,0,0,0,0,0,0,192,295,196,39,103,0,0,0,4,0,0,0,0,0,0
0,0,0,99,34,308,0,0,0,0,0,184,17,50,45,274,0,197,21,419,11,0,11,314,0,55,0,182,0,8,0,43,0,24,0,74,0,15,0,6,0,0,0,107,0,11,0,0,0,0,0,89,0,23,0,0,0,0,0,0,0,10,0,148,0,0,0,0,0,0,0,6,0,0,0,0,0,0,0,0,0,320,0,0,0,387,0,69,0,0,0,0,0,5,0,0,0,0,0,151,0,59,0,0,0,0,0,0,0,0,0,0,0,0,0,0,0,0,0,0,0,104,0,24,0,0,0,0,0,0,0,0,0,0,0,156,0,220,0,141,0,317,0,374,0,19,0,0,0,0,0,0,0,0,0,3,0,7,0,0,0,0,0,0,0,59,0,45,0,62,0,3,0,41,0,0,5,115,0,48,0,0,0,10,0,0,0,13,0,0,0,0,0,0,0,0,0,0,0,0,0,0,0,0,0,0,0,0,0,0,0,1,0,0,54,0,0,0,142,254,171,21,0,0,0
81,267,343,170,128,150,33,21,0,0,37,148,0,0,459,552,108,67,304,0,254,11,0,484,205,102,123,0,34,25,40,0,121,0,14,0,45,0,48,7,0,0,0,0,0,0,0,0,1,0,8,0,4,0,88,0,9,0,0,0,0,0,20,0,0,0,0,0,0,0,11,0,0,0,0,0,0,0,0,0,0,0,0,0,64,0,8,0,0,0,52,0,0,0,0,0,121,0,35,0,0,0,0,0,0,0,0,0,0,0,0,0,0,0,0,0,0,0,0,0,14,0,0,0,0,0,10,0,0,0,0,0,0,0,70,0,154,0,0,0,30,0,135,0,0,0,0,0,5,0,0,0,4,0,0,0,0,0,0,0,0,0,0,0,0,0,21,0,10,0,11,0,88,0,0,0,90,29,0,0,0,0,12,4,8,0,0,0,0,0,0,0,0,0,0,0,0,0,0,0,39,0,0,0,0,0,0,0,7,0,119,50,109,31,56,0,0,0,8,0,14,0,0,0,0
179,161,191,215,10,113,0,21,0,0,9,86,0,0,15,350,119,175,0,465,6,314,484,0,166,212,0,28,0,55,0,37,0,73,0,27,0,33,0,25,0,0,0,14,0,0,0,0,0,0,0,10,0,13,0,25,0,9,0,0,0,7,0,81,0,0,0,0,0,0,0,0,0,0,0,2,0,0,0,0,0,78,0,0,0,122,0,0,0,0,0,24,0,0,0,0,0,32,0,61,0,58,0,0,0,0,0,0,0,0,0,0,0,0,0,0,0,0,0,0,0,19,0,0,0,0,0,0,0,0,0,0,0,19,0,135,0,169,0,31,0,35,0,83,0,1,0,0,0,0,0,0,0,0,0,0,0,0,0,0,0,0,0,0,0,0,0,16,0,16,0,2,0,56,0,0,18,79,0,11,0,0,0,33,0,0,0,0,0,0,0,0,0,0,0,0,0,0,0,0,0,0,0,0,0,0,0,0,0,9,0,1,0,0,42,0,0,0,136,237,92,0,0,1,0
9,260,211,62,4,0,343,256,8,110,0,0,0,0,103,0,70,136,57,0,56,0,205,166,0,490,51,0,18,6,8,0,15,0,0,0,0,0,25,0,0,0,0,0,0,0,0,0,0,0,5,0,63,4,197,16,11,0,0,1,9,6,100,20,0,0,0,0,0,0,0,0,0,0,16,0,0,0,0,0,0,0,0,0,152,0,0,0,0,0,110,0,0,0,0,0,208,0,0,0,0,0,0,0,0,0,0,0,0,0,0,0,0,0,0,0,0,0,0,0,0,0,33,0,0,0,0,0,6,0,0,0,20,0,121,0,207,0,33,0,98,0,278,0,0,0,0,0,0,0,0,0,0,0,18,0,0,0,18,0,3,0,0,0,0,0,1,0,0,0,13,0,22,0,0,0,77,36,0,0,0,0,0,21,0,0,0,0,0,0,0,0,0,0,0,0,0,0,0,0,54,0,0,0,0,0,1,0,6,0,54,7,57,12,38,0,0,0,0,0,9,0,0,0,0
131,28,78,44,0,9,196,128,303,12,0,0,0,0,1,82,139,135,0,33,0,55,102,212,490,0,0,0,0,127,0,23,0,40,0,0,0,28,0,151,0,0,0,0,0,0,0,0,0,0,0,0,10,18,33,83,0,13,0,0,0,40,68,36,0,0,0,0,0,0,0,0,0,0,0,0,0,0,0,0,0,0,0,0,0,25,0,0,0,0,0,20,0,0,0,0,0,0,0,0,0,9,0,0,0,0,0,10,0,0,0,0,0,0,0,0,0,0,0,0,0,0,0,0,0,0,0,18,0,22,0,4,0,42,0,142,0,245,0,8,0,0,0,26,0,0,0,0,0,0,0,0,0,0,0,7,0,0,0,0,0,3,0,0,0,0,0,0,0,20,0,33,0,130,0,0,30,59,0,0,0,0,0,2,0,0,0,0,0,0,0,0,0,0,0,0,0,0,0,7,0,0,0,0,0,0,0,0,0,55,0,0,0,0,136,0,0,0,225,26,195,37,0,18,0
0,0,30,1,120,0,0,0,22,0,23,0,214,321,175,0,159,0,140,224,213,0,123,0,51,0,0,386,58,0,27,0,0,0,39,0,64,0,2,0,4,93,405,52,118,78,35,161,7,5,285,30,0,0,0,0,0,0,0,0,0,0,0,0,0,1,0,0,0,0,0,0,0,0,0,0,0,0,0,0,0,0,76,0,0,0,0,0,0,0,0,0,0,0,0,0,0,0,0,0,0,0,0,0,0,0,0,0,0,0,0,0,0,0,0,0,0,0,0,0,0,0,0,0,0,0,0,0,0,0,0,0,0,0,0,0,0,0,0,0,0,0,0,0,0,0,0,0,0,0,26,0,8,0,0,0,0,0,0,0,0,0,0,0,129,0,31,0,43,0,0,0,20,0,0,0,92,101,82,0,0,0,36,0,25,0,109,12,0,0,0,0,0,0,0,0,2,0,0,0,0,0,0,0,0,0,0,0,0,0,41,542,302,0,20,0,0,3,1,17,0,0,0,0,0
0,54,0,17,45,108,0,13,0,0,0,110,407,50,0,47,0,4,272,340,0,182,0,28,0,0,386,0,0,0,0,8,0,0,0,83,0,9,0,0,112,22,80,510,42,236,75,76,0,11,61,344,0,0,0,0,0,0,0,0,0,0,0,0,0,27,0,4,0,12,0,0,0,0,0,0,0,14,0,0,0,0,0,40,0,0,0,0,0,0,0,0,0,0,0,58,0,0,0,0,0,0,0,4,0,0,0,0,0,0,0,0,0,0,0,0,0,0,0,0,0,0,0,0,1,0,0,16,0,0,0,0,0,0,0,0,0,28,0,0,0,33,0,0,0,0,0,12,0,9,0,40,0,0,0,0,0,0,0,0,0,0,0,0,3,183,0,0,0,154,0,0,0,2,0,0,20,186,11,6,0,27,0,21,0,83,27,57,0,0,0,0,0,0,0,0,0,0,0,0,0,21,0,0,0,0,0,10,0,22,0,0,0,0,31,0,0,0,50,490,350,21,0,0,5
42,0,180,0,0,0,53,0,0,0,0,0,0,0,1,0,85,0,9,0,30,0,34,0,18,0,58,0,0,0,15,0,8,0,47,0,14,0,7,0,0,0,65,0,0,0,0,0,0,0,32,0,2,0,0,0,0,0,0,0,5,0,6,0,0,0,0,0,0,0,22,0,0,0,23,0,0,0,0,0,0,0,0,0,24,0,16,0,0,0,9,0,0,0,0,0,62,0,68,0,0,0,0,0,0,0,0,0,0,0,0,0,0,0,0,0,0,0,0,0,33,0,0,0,0,0,0,0,0,0,0,0,0,0,0,0,0,0,20,0,29,0,0,0,36,0,0,0,0,0,0,0,0,0,0,0,5,0,0,0,0,0,0,0,0,0,0,0,0,0,0,0,0,0,0,0,0,0,0,0,0,0,0,0,0,0,0,0,0,0,0,0,0,0,0,0,0,0,0,0,0,0,0,0,0,0,0,0,0,0,2,1,0,0,0,0,0,0,0,0,0,0,0,0,0
10,190,16,35,0,0,0,156,0,0,0,14,0,0,0,4,6,173,0,0,0,8,25,55,6,127,0,0,0,0,0,3,0,8,0,3,0,3,0,14,0,0,0,0,0,0,0,0,0,0,0,3,0,15,0,27,0,15,0,3,0,11,0,79,0,0,0,0,0,0,0,0,0,0,0,1,0,0,0,0,0,0,0,0,0,39,0,1,0,0,0,0,0,0,0,0,0,0,0,11,0,6,0,0,0,0,0,0,0,0,0,0,0,0,0,0,0,0,0,0,0,7,0,0,0,0,0,2,0,0,0,8,0,27,0,49,0,83,0,202,0,129,0,69,0,28,0,0,0,0,0,0,0,0,0,20,0,13,0,13,0,0,0,0,0,0,0,0,0,0,0,0,0,4,0,0,0,37,0,2,0,0,0,45,0,0,0,0,0,0,0,0,0,0,0,0,0,0,0,0,0,0,0,0,0,0,0,0,0,0,0,0,0,0,0,0,0,0,0,55,4,0,0,0,0
11,0,0,0,207,12,0,0,0,0,153,0,0,0,208,8,101,0,13,0,66,0,40,0,8,0,27,0,15,0,0,1,2,0,21,0,22,0,4,0,0,0,30,0,0,0,0,0,1,0,37,0,0,0,0,0,0,0,0,0,0,0,11,0,0,0,0,0,0,0,0,0,0,0,38,0,0,0,0,0,0,0,0,0,0,0,29,0,2,0,0,0,0,0,0,0,0,0,50,0,0,0,0,0,0,0,0,0,0,0,0,0,0,0,0,0,0,0,0,0,32,0,0,0,0,0,0,0,0,0,0,0,0,0,0,0,0,0,0,0,7,0,0,0,18,0,0,0,0,0,0,0,0,0,0,0,0,0,0,0,0,0,0,0,0,0,72,0,17,0,0,0,20,0,0,0,10,0,30,0,0,0,0,0,0,0,0,0,0,0,0,0,0,0,0,0,0,0,0,0,0,0,0,0,0,0,0,0,0,0,43,45,61,0,26,0,0,0,0,0,0,0,0,0,0
0,52,0,63,0,113,0,7,0,0,0,92,0,8,13,39,1,23,4,24,0,43,0,37,0,23,0,8,0,3,1,0,0,0,0,15,1,10,0,3,0,0,0,15,0,0,0,0,0,0,0,28,0,6,0,9,0,0,0,0,0,0,0,11,0,0,0,0,0,0,0,0,0,0,0,0,0,0,0,0,0,28,0,0,0,0,0,0,0,0,0,0,0,0,0,0,0,0,0,13,0,0,0,0,0,0,0,0,0,0,0,0,0,0,0,0,0,0,0,0,0,12,0,0,0,3,0,0,0,0,0,0,0,0,0,0,0,0,0,119,0,161,0,0,0,23,0,1,0,0,0,0,0,2,0,6,0,4,0,2,0,0,0,0,0,0,0,0,0,0,0,0,0,5,0,0,0,46,0,24,0,0,0,0,0,0,0,0,0,0,0,0,0,0,0,0,0,0,0,0,0,0,0,0,0,0,0,0,0,0,0,0,0,0,8,0,0,0,8,41,7,0,0,0,0
324,0,291,0,277,0,0,0,3,0,284,0,0,0,121,13,246,0,3,3,7,0,121,0,15,0,0,0,8,0,2,0,0,0,14,0,65,0,0,0,0,0,15,0,2,0,0,0,0,0,7,0,6,0,0,0,0,0,0,0,3,0,23,0,0,0,0,0,0,0,28,0,0,0,31,0,0,0,0,0,0,0,0,0,15,0,29,0,0,0,0,0,0,0,0,0,48,0,76,0,0,0,0,0,0,0,0,0,0,0,0,0,0,0,0,0,0,0,0,0,38,0,0,0,0,0,0,0,0,0,0,0,0,0,0,0,0,0,26,0,0,0,4,0,23,0,0,0,0,0,0,0,0,0,0,0,6,0,0,0,0,0,0,0,0,0,72,0,4,0,0,0,21,0,0,0,27,0,16,0,0,0,43,0,0,0,0,0,0,0,0,0,0,0,0,0,0,0,0,0,0,0,0,0,0,0,0,0,0,0,33,48,70,0,19,0,0,0,0,0,0,0,0,0,0
0,93,0,92,0,92,0,54,0,0,0,137,0,0,7,44,0,19,0,0,0,24,0,73,0,40,0,0,0,8,0,0,0,0,0,0,0,0,0,4,0,0,0,2,0,0,0,0,0,0,0,3,0,3,0,5,0,0,0,0,0,5,0,0,0,0,0,0,0,0,0,0,0,0,0,0,0,0,0,0,0,0,0,0,0,0,0,0,0,0,0,0,0,0,0,0,0,0,0,0,0,0,0,0,0,0,0,0,0,0,0,0,0,0,0,0,0,0,0,0,0,0,0,0,0,0,0,0,0,0,0,0,0,0,0,0,0,0,0,40,0,44,0,0,0,11,0,0,0,0,0,0,0,0,0,0,0,6,0,0,0,0,0,0,0,0,0,3,0,0,0,0,0,7,0,0,0,55,0,28,0,0,0,15,0,0,0,0,0,0,0,0,0,0,0,0,0,0,0,0,0,0,0,0,0,0,0,0,0,0,0,0,0,0,0,0,0,0,7,98,5,0,0,0,0
0,0,0,0,120,0,0,0,0,0,49,0,191,11,40,7,42,0,118,32,56,0,14,0,0,0,39,0,47,0,21,0,14,0,0,3,143,0,0,0,0,0,50,0,6,0,0,0,0,0,127,0,0,0,0,0,0,0,0,0,1,0,0,0,0,0,0,0,0,0,26,0,0,0,21,0,0,0,0,0,0,0,0,0,0,0,0,0,0,0,0,0,0,0,0,0,0,0,0,0,0,0,0,0,0,0,0,0,0,0,0,0,0,0,0,0,0,0,0,0,0,0,0,0,0,0,0,0,0,0,0,0,0,0,0,0,0,0,0,0,0,0,0,0,19,0,0,0,0,0,0,0,0,0,0,0,0,0,0,0,0,0,0,0,51,0,95,0,25,0,0,0,18,0,0,0,24,0,97,0,0,0,0,0,0,0,0,0,0,0,0,0,0,0,0,0,0,0,0,0,0,0,0,0,0,0,0,0,0,0,25,142,149,15,25,0,0,0,0,2,0,0,0,0,0
0,0,0,39,23,229,0,0,0,0,0,177,14,133,34,85,0,6,36,199,0,74,0,27,0,0,0,83,0,3,0,15,0,0,3,0,0,339,0,0,0,0,0,49,0,4,0,0,0,0,0,47,0,2,0,0,0,0,0,0,0,0,0,3,0,0,0,0,0,0,0,1,0,0,0,0,0,0,0,0,0,73,0,0,0,73,0,0,0,0,0,0,0,0,0,0,0,0,0,0,0,0,0,0,0,0,0,0,0,0,0,0,0,0,0,0,0,0,0,0,0,41,0,8,0,0,0,0,0,0,0,0,0,0,0,30,0,0,0,25,0,98,0,107,0,21,0,0,0,0,0,0,0,0,0,0,0,0,0,0,0,0,0,0,1,15,0,56,0,22,0,0,0,6,0,0,0,128,0,72,0,0,0,0,0,0,0,38,0,0,0,0,0,0,0,0,0,0,0,0,0,0,0,0,0,0,0,0,0,0,0,0,0,0,13,0,0,0,34,72,64,7,0,0,0
111,0,52,0,251,0,0,0,0,0,276,0,71,0,150,9,23,0,44,11,11,0,45,0,0,0,64,0,14,0,22,1,65,0,143,0,0,0,56,0,0,0,59,0,20,0,0,0,0,0,75,0,0,0,0,0,0,0,0,0,12,0,11,0,0,0,0,0,0,0,117,0,0,0,79,0,0,0,0,0,0,0,0,0,43,0,45,0,0,0,0,0,0,0,0,0,0,0,141,0,0,0,0,0,0,0,0,0,0,0,0,0,0,0,0,0,0,0,0,0,92,0,0,0,0,0,0,0,0,0,0,0,0,0,0,0,0,0,57,1,56,0,0,0,121,0,0,0,0,0,0,0,0,0,0,0,10,0,3,0,3,0,40,0,11,0,49,0,16,0,21,0,35,0,0,0,20,1,59,0,0,0,7,0,0,0,0,0,0,0,0,0,0,0,0,0,0,0,0,0,0,0,0,0,0,0,0,0,0,0,88,44,89,0,0,0,0,0,0,0,0,0,0,0,0
0,124,0,44,0,122,0,54,0,0,0,193,0,24,25,47,0,5,0,50,4,15,0,33,0,28,0,9,0,3,0,10,0,0,0,339,0,0,0,9,0,0,0,14,0,0,0,0,0,0,0,41,0,0,0,0,0,0,0,5,0,40,0,0,0,0,0,0,0,0,0,6,0,0,0,0,0,0,0,0,0,91,0,0,0,0,0,23,0,0,0,0,0,0,0,0,0,0,0,0,0,20,0,0,0,0,0,0,0,0,0,0,0,0,0,0,0,0,0,0,0,76,0,19,0,0,0,0,0,0,0,0,0,0,0,0,0,0,0,43,0,200,0,150,0,53,0,0,0,0,0,0,0,0,0,0,0,41,0,0,0,0,0,0,0,8,0,28,0,25,0,13,0,33,0,0,0,64,0,61,0,0,0,11,0,0,0,5,0,1,0,0,0,0,0,0,0,0,0,0,0,0,0,0,0,0,0,0,0,0,0,0,0,0,5,0,0,0,7,305,50,0,0,0,0
266,0,364,0,0,0,237,1,27,0,3,0,0,0,0,0,188,0,0,0,0,0,48,0,25,0,2,0,7,0,4,0,0,0,0,0,56,0,0,0,0,0,0,0,0,0,0,0,0,0,0,0,14,0,2,0,0,0,0,0,4,0,23,0,0,0,0,0,0,0,24,0,0,0,19,0,0,0,0,0,16,0,0,0,0,0,0,0,0,0,0,0,0,0,0,0,0,0,42,0,12,0,0,0,0,0,0,0,0,0,0,0,0,0,0,0,0,0,0,0,13,0,9,0,0,0,0,0,0,0,2,0,0,0,0,0,0,0,47,0,29,0,5,0,46,0,0,0,0,0,0,0,0,0,0,0,11,0,0,0,0,0,2,0,0,0,6,0,0,0,0,0,35,0,0,0,8,0,0,0,0,0,5,0,0,0,0,0,0,0,0,0,0,0,0,0,0,0,0,0,0,0,0,0,0,0,0,0,0,0,35,47,4,6,13,0,0,0,0,0,0,0,0,0,0
0,229,0,27,0,4,0,376,0,50,0,9,0,0,0,0,0,87,0,2,0,6,7,25,0,151,0,0,0,14,0,3,0,4,0,0,0,9,0,0,0,0,0,0,0,0,0,0,0,0,0,0,0,6,0,10,0,0,0,0,0,30,0,21,0,0,0,0,0,0,0,0,0,0,0,0,0,0,0,0,0,0,0,0,0,0,0,0,0,0,0,0,0,0,0,0,0,0,0,0,0,0,0,0,0,0,0,0,0,0,0,0,0,0,0,0,0,0,0,0,0,0,0,0,0,0,0,0,0,0,0,0,0,0,0,0,0,0,0,58,0,25,0,0,0,33,0,0,0,0,0,0,0,0,0,0,0,23,0,16,0,0,0,2,0,0,0,0,0,0,0,2,0,15,0,0,0,58,0,3,0,0,0,27,0,0,0,0,0,0,0,0,0,0,0,0,0,0,0,0,0,0,0,0,0,0,0,0,0,0,0,0,0,0,0,0,0,0,11,226,0,0,0,0,0
9,0,14,0,63,0,0,0,9,0,29,0,204,46,0,0,0,0,0,19,0,0,0,0,0,0,4,112,0,0,0,0,0,0,0,0,0,0,0,0,0,55,31,9,50,63,105,151,57,25,0,0,0,0,0,0,0,0,0,0,0,0,0,0,0,0,0,0,0,0,0,0,0,0,0,0,0,0,0,0,0,0,0,0,0,0,0,0,0,0,0,0,0,0,0,0,0,0,0,0,0,0,0,0,0,0,0,0,0,0,0,0,0,0,0,0,0,0,0,0,0,0,0,0,0,0,0,0,0,0,0,0,0,0,0,0,0,0,0,0,0,0,0,0,0,0,0,0,0,0,0,0,0,0,0,0,0,0,0,0,0,0,0,0,18,0,0,0,0,0,0,0,0,0,0,0,25,50,24,0,0,0,0,0,7,0,170,0,0,0,0,0,0,0,0,0,0,0,0,0,0,0,0,0,0,0,0,0,0,0,0,140,13,0,0,0,0,5,0,48,0,0,0,0,1
0,9,0,0,0,16,0,0,0,0,0,50,43,183,0,0,0,0,19,0,0,0,0,0,0,0,93,22,0,0,0,0,0,0,0,0,0,0,0,0,55,0,28,89,35,51,72,95,6,101,0,38,0,0,0,0,0,0,0,0,0,0,0,0,0,0,0,0,0,4,0,0,0,0,0,0,0,0,0,0,0,0,0,0,0,1,0,0,0,0,0,0,0,0,0,4,0,0,0,0,0,0,0,0,0,0,0,0,0,0,0,0,0,0,0,0,0,0,0,0,0,0,0,0,0,0,0,0,0,0,0,0,0,0,0,0,0,0,0,0,0,0,0,0,0,0,0,0,0,0,0,0,0,0,0,0,0,0,0,0,0,0,0,0,0,33,0,0,0,0,0,0,0,0,0,7,2,234,0,2,0,26,0,7,0,0,19,7,0,0,0,0,0,0,0,0,0,0,0,0,0,0,0,0,0,0,0,0,0,0,0,13,0,0,0,0,0,0,0,115,22,0,0,0,30
0,0,0,0,0,0,0,0,0,0,0,0,161,41,0,0,0,0,34,24,62,0,0,0,0,0,405,80,65,0,30,0,15,0,50,0,59,0,0,0,31,28,0,13,134,13,38,38,9,0,94,0,0,0,0,0,0,0,0,0,0,0,8,0,0,0,0,0,0,0,18,0,0,0,0,0,0,0,0,0,0,0,0,0,0,0,0,0,0,0,0,0,0,0,0,0,17,0,0,0,0,0,0,0,0,0,0,0,0,0,0,0,0,0,0,0,0,0,0,0,11,0,0,0,0,0,0,0,0,0,0,0,0,0,0,0,0,0,0,0,0,0,0,0,0,0,0,0,0,0,0,0,0,0,0,0,0,0,0,0,0,0,2,0,23,0,8,0,9,0,0,0,0,0,0,0,0,13,65,0,0,0,0,0,0,0,88,0,0,0,0,0,0,0,0,0,0,0,0,0,0,0,0,0,0,0,0,0,0,0,34,159,75,14,13,0,0,3,0,0,0,0,0,0,0
0,0,0,0,0,0,0,0,0,0,0,0,0,147,0,18,0,0,29,166,0,107,0,14,0,0,52,510,0,0,0,15,0,2,0,49,0,14,0,0,9,89,13,0,6,105,9,47,0,0,11,140,0,0,0,0,0,0,0,0,0,4,0,0,0,0,0,0,0,5,0,0,0,0,0,0,0,0,0,0,0,119,0,0,0,0,0,0,0,0,0,0,0,0,0,39,0,0,0,0,0,0,0,0,0,0,0,0,0,0,0,0,0,0,0,0,0,0,0,0,0,56,0,0,0,0,0,0,0,0,0,0,0,0,0,0,0,0,0,0,0,66,0,0,0,0,0,0,0,0,0,0,0,0,0,0,0,0,0,0,0,0,0,0,0,98,0,1,0,62,0,6,0,0,0,0,0,34,0,0,0,0,0,0,0,0,0,67,0,0,0,0,0,0,0,0,0,0,0,0,0,0,0,0,0,0,0,0,0,0,0,0,0,0,0,0,0,0,34,89,59,0,1,0,1
7,0,2,0,5,0,0,0,5,0,0,1,32,0,4,0,0,0,5,6,18,0,0,0,0,0,118,42,0,0,0,0,2,0,6,0,20,0,0,0,50,35,134,6,0,30,214,0,101,24,26,0,0,0,0,0,4,0,0,0,0,0,0,0,0,0,0,0,6,0,30,0,0,0,0,0,0,0,0,0,0,0,15,0,0,0,0,0,0,0,5,0,13,0,16,0,0,0,0,0,10,0,1,0,0,0,11,0,0,0,0,0,0,0,0,0,0,0,0,0,0,0,8,0,0,0,0,0,0,0,0,0,0,0,0,0,0,0,0,0,0,0,0,0,0,0,0,0,0,0,0,0,0,0,0,0,0,0,0,0,0,0,4,0,192,0,9,0,11,0,6,0,10,0,0,0,16,14,15,0,0,0,0,0,0,0,81,0,0,0,0,0,0,0,0,0,0,0,0,0,0,0,0,0,0,0,0,0,0,0,9,145,143,0,0,0,1,53,0,19,0,0,0,0,0
0,10,0,2,0,7,0,0,0,4,0,8,42,21,0,0,0,2,18,7,0,11,0,0,0,0,78,236,0,0,0,0,0,0,0,4,0,0,0,0,63,51,13,105,30,0,72,401,0,34,7,80,0,0,0,0,0,0,0,1,0,0,0,0,0,3,0,0,0,17,0,0,0,0,0,0,0,20,0,0,0,27,0,39,0,0,0,0,0,1,0,0,0,8,0,48,0,0,0,0,0,0,0,3,0,0,0,0,0,0,0,0,0,0,0,0,0,0,0,0,0,0,0,2,0,0,0,5,0,0,0,0,0,0,0,0,0,0,0,0,0,0,0,0,0,0,0,3,0,0,0,0,0,0,0,0,0,0,0,0,0,0,0,0,0,158,0,0,0,112,0,2,0,1,0,0,0,32,0,0,0,0,0,0,0,0,20,4,0,0,0,0,0,0,0,0,0,0,0,0,0,0,0,0,0,4,0,0,0,0,0,7,0,0,0,0,0,0,7,134,89,0,0,0,9
0,0,7,0,35,0,0,0,0,0,14,0,123,43,6,0,0,0,0,12,0,0,0,0,0,0,35,75,0,0,0,0,0,0,0,0,0,0,0,0,105,72,38,9,214,72,0,117,121,38,0,0,0,0,0,0,0,0,0,0,0,0,0,0,1,0,0,0,0,0,0,0,0,0,0,0,0,0,0,0,0,0,0,0,0,0,0,0,0,0,0,0,3,0,0,0,0,0,0,0,0,0,0,0,0,0,0,0,0,0,0,0,0,0,0,0,0,0,0,0,0,0,0,0,0,0,0,0,0,0,0,0,0,0,0,0,0,0,0,0,0,0,0,0,0,0,0,0,0,0,0,0,6,0,0,0,0,0,0,0,0,0,0,0,57,0,0,0,3,0,0,0,0,0,0,0,10,21,35,0,0,0,0,0,5,0,141,2,0,0,0,0,0,0,0,0,0,0,0,0,0,0,0,0,0,0,0,0,0,0,3,280,39,0,0,0,0,52,0,27,0,0,0,0,0
0,30,0,9,0,98,0,0,0,0,0,104,60,210,0,0,0,0,17,4,0,0,0,0,0,0,161,76,0,0,0,0,0,0,0,0,0,0,0,0,151,95,38,47,0,401,117,0,8,114,19,22,0,0,0,0,0,0,0,0,0,0,0,0,0,10,0,0,0,15,0,0,0,0,0,0,0,0,0,0,0,0,0,23,0,0,0,0,0,0,0,0,0,2,0,0,0,0,0,0,0,0,0,0,0,0,0,0,0,0,0,0,0,0,0,0,0,0,0,0,0,0,0,0,0,3,0,3,0,0,0,0,0,0,0,0,0,5,0,0,0,0,0,0,0,0,0,0,0,0,0,0,0,0,0,0,0,0,0,0,0,0,0,0,0,140,0,0,0,23,0,0,0,0,0,0,0,169,0,0,0,0,0,1,0,4,53,9,0,0,0,0,0,0,0,0,0,0,0,0,0,0,0,0,0,0,0,0,0,0,0,27,0,0,0,0,0,0,0,385,110,0,0,0,23
0,0,4,0,5,0,4,0,2,0,0,0,18,0,0,0,0,0,0,0,0,0,1,0,0,0,7,0,0,0,1,0,0,0,0,0,0,0,0,0,57,6,9,0,101,0,121,8,0,8,0,0,2,0,4,0,14,0,11,0,2,0,0,0,1,0,2,0,4,0,0,0,1,0,0,0,3,0,0,0,0,0,12,0,0,0,0,0,1,0,0,0,21,0,10,0,0,0,2,0,8,0,6,0,0,0,4,0,0,0,0,0,0,0,0,0,0,0,0,0,0,0,0,0,0,0,4,0,0,0,1,0,0,0,4,0,0,0,0,0,0,0,0,0,0,0,0,0,0,0,0,0,1,0,0,0,1,0,0,0,0,0,2,0,5,0,1,0,0,0,1,0,0,0,0,0,47,3,27,0,0,0,1,0,4,0,117,0,0,0,6,0,5,0,0,0,4,0,0,0,0,0,8,0,0,0,3,0,10,0,26,52,94,3,41,10,18,4,0,3,2,0,0,0,0
0,0,0,0,0,0,0,0,0,1,0,2,0,16,0,0,0,0,1,0,0,0,0,0,0,0,5,11,0,0,0,0,0,0,0,0,0,0,0,0,25,101,0,0,24,34,38,114,8,0,0,1,0,0,0,0,0,2,0,1,0,1,0,0,0,0,0,1,0,1,0,0,0,0,0,0,0,0,0,0,0,0,0,1,0,0,0,1,0,0,0,0,0,0,0,4,0,0,0,0,0,0,0,0,0,0,0,0,0,0,0,0,0,0,0,0,0,0,0,0,0,0,0,0,0,0,0,0,0,0,0,0,0,0,0,0,0,0,0,0,0,0,0,0,0,0,0,0,0,1,0,4,0,0,0,1,0,0,0,0,0,0,0,0,0,30,0,0,0,2,0,0,0,2,0,0,0,47,0,0,0,7,0,0,0,2,24,7,0,0,0,0,0,0,0,0,0,0,0,0,0,0,0,0,0,0,0,0,0,0,0,9,1,0,0,0,0,0,0,8,10,0,0,0,4
3,0,0,0,37,0,5,0,0,0,13,0,231,67,21,0,25,0,163,30,55,0,8,0,5,0,285,61,32,0,37,0,7,0,127,0,75,0,0,0,0,0,94,11,26,7,0,19,0,0,0,0,0,0,0,0,9,0,6,0,2,0,9,0,0,0,0,0,12,0,16,0,3,0,0,0,0,0,0,0,0,0,83,0,0,0,31,0,0,0,0,0,26,0,0,0,0,0,0,0,0,0,4,0,0,0,0,0,0,0,0,0,0,0,0,0,0,0,0,0,17,0,0,0,0,0,0,0,0,0,0,0,0,0,0,0,0,0,0,0,0,0,0,0,0,0,4,0,1,0,0,0,10,0,0,0,0,0,0,0,0,0,0,0,56,0,12,0,48,0,10,0,35,0,0,0,14,14,104,0,0,0,0,0,0,0,31,2,0,0,13,0,0,0,0,0,0,0,0,0,0,0,0,0,0,0,0,0,0,0,123,229,163,41,58,0,0,0,0,0,0,0,0,0,0
0,0,0,3,0,32,0,0,0,2,1,10,40,273,0,4,0,5,41,215,0,89,0,10,0,0,30,344,0,3,0,28,0,3,0,47,0,41,0,0,0,38,0,140,0,80,0,22,0,1,0,0,0,0,0,19,0,9,0,0,0,6,0,0,0,0,0,12,0,2,0,6,0,0,0,30,0,0,0,0,0,281,0,30,0,191,0,66,0,0,0,0,0,0,0,47,0,0,0,92,0,42,0,5,0,0,0,0,0,0,0,0,0,0,0,0,0,0,0,0,0,168,0,31,0,0,0,0,0,0,0,0,0,0,0,0,0,0,0,0,0,104,0,187,0,69,0,0,0,0,0,0,0,0,0,0,0,0,0,0,0,0,0,11,0,18,0,17,0,46,0,33,0,40,0,0,0,58,0,0,0,0,0,0,0,0,0,84,0,16,0,0,0,0,0,0,0,0,0,0,0,0,0,5,0,0,0,0,0,0,0,0,2,0,52,0,0,0,135,71,30,17,0,0,0
0,0,0,0,0,0,148,1,60,83,0,0,0,0,0,0,103,0,0,0,0,0,4,0,63,10,0,0,2,0,0,0,6,0,0,0,0,0,14,0,0,0,0,0,0,0,0,0,2,0,0,0,0,12,148,58,232,2,84,34,39,0,100,3,0,0,24,67,0,0,10,0,0,0,18,0,0,0,0,0,10,0,0,0,75,0,0,0,0,0,34,0,0,0,0,0,132,0,25,0,0,0,0,0,0,0,22,0,0,0,0,0,0,0,0,0,0,0,0,0,14,0,38,0,0,0,0,0,16,0,7,0,6,0,0,0,71,0,332,0,118,0,76,0,23,0,0,0,0,0,0,0,0,0,267,1,139,0,108,2,9,0,0,0,0,0,0,0,0,0,37,0,6,0,0,2,2,0,0,0,0,0,0,0,5,2,0,0,0,0,0,0,0,0,0,0,0,0,0,0,0,0,0,0,0,0,0,0,0,0,31,86,92,36,24,0,11,0,0,0,0,0,0,0,0
0,0,0,3,0,0,21,22,61,138,0,0,0,0,0,7,0,61,0,0,0,23,0,13,4,18,0,0,0,15,0,6,0,3,0,2,0,0,0,6,0,0,0,0,0,0,0,0,0,0,0,0,12,0,27,102,10,118,19,34,0,45,4,52,0,0,28,117,0,0,0,0,0,0,0,0,0,0,0,0,0,0,0,0,0,0,0,0,0,0,0,0,0,0,0,0,0,0,0,0,0,0,0,0,0,0,0,0,0,0,0,0,0,0,0,0,0,0,0,0,0,0,0,0,0,0,0,1,0,55,0,0,0,37,0,27,0,91,0,100,0,24,0,21,0,13,0,0,0,0,0,0,0,0,0,50,0,62,0,56,0,9,0,0,0,0,0,0,0,0,0,8,0,0,0,0,0,0,0,0,0,0,0,0,3,10,0,0,0,0,0,0,0,0,0,0,0,0,0,0,0,0,0,0,0,0,0,0,0,0,0,0,0,0,28,0,0,0,25,59,11,0,0,0,0
4,0,56,0,0,0,353,0,59,140,0,0,0,0,77,0,16,0,0,0,0,0,88,0,197,33,0,0,0,0,0,0,0,0,0,0,0,0,2,0,0,0,0,0,0,0,0,0,4,0,0,0,148,27,0,82,92,4,75,15,36,0,48,19,0,2,26,65,0,0,0,0,0,0,3,0,0,0,0,0,0,0,0,0,16,0,0,0,0,0,0,0,0,0,0,0,0,0,0,0,0,0,0,0,0,0,0,0,0,0,0,0,0,0,0,0,0,0,0,0,0,0,0,0,0,0,30,0,80,1,37,0,47,0,67,0,354,0,49,0,56,1,113,0,2,0,0,0,0,0,0,0,0,0,40,0,3,0,33,0,58,0,0,0,0,0,0,0,8,0,151,0,16,0,0,0,13,2,0,0,0,1,0,0,1,0,0,0,0,0,0,0,0,0,0,0,0,0,0,0,0,0,0,0,0,0,0,0,17,0,158,29,234,121,266,0,38,0,0,0,0,0,0,0,0
0,0,0,47,0,10,45,158,161,95,0,0,0,0,0,37,1,46,0,0,0,0,0,25,16,83,0,0,0,27,0,9,0,5,0,0,0,0,0,10,0,0,0,0,0,0,0,0,0,0,0,19,58,102,82,0,14,154,45,116,0,43,44,113,0,0,96,9,0,1,0,0,0,0,0,0,0,0,0,0,0,0,0,0,0,0,0,0,0,0,0,0,0,0,0,0,0,0,0,0,0,0,0,0,0,0,0,0,0,0,0,0,0,0,0,0,0,0,0,0,0,0,0,0,0,41,0,76,0,48,0,33,0,74,0,46,0,155,0,11,0,0,4,0,0,0,0,7,0,7,0,2,0,0,0,47,0,9,0,14,0,12,0,0,0,3,0,0,0,32,0,250,0,83,0,0,7,2,0,0,0,0,0,0,0,3,0,0,0,0,0,0,0,0,0,0,0,0,0,4,0,0,0,0,0,0,0,14,0,90,0,0,0,0,523,0,0,0,307,58,510,318,0,103,0
0,0,0,0,3,0,16,1,16,0,0,0,0,0,0,0,0,0,0,0,0,0,9,0,11,0,0,0,0,0,0,0,0,0,0,0,0,0,0,0,0,0,0,0,4,0,0,0,14,0,9,0,232,10,92,14,0,3,153,35,25,0,6,0,31,12,57,66,0,0,0,0,0,0,0,0,0,0,0,0,0,0,0,0,0,0,0,0,0,0,0,0,0,0,0,0,0,0,0,0,0,0,0,0,0,0,0,0,0,0,0,0,0,0,0,0,0,0,0,0,0,0,0,0,9,0,19,0,70,0,69,0,11,0,14,0,0,0,13,0,0,0,0,0,8,0,0,0,8,0,3,0,0,0,184,0,73,0,54,6,49,7,29,0,0,0,4,0,10,0,239,0,11,0,5,5,0,0,0,0,0,13,0,0,14,1,0,0,0,0,0,0,0,0,0,0,0,0,0,0,0,0,0,0,0,0,2,0,13,0,513,122,558,571,858,0,202,0,0,0,0,0,0,0,0
0,0,0,0,0,0,0,3,0,21,0,0,0,0,0,0,0,33,0,0,0,0,0,9,0,13,0,0,0,15,0,0,0,0,0,0,0,0,0,0,0,0,0,0,0,0,0,0,0,2,0,9,2,118,4,154,3,0,14,344,0,6,1,22,2,0,22,4,0,0,0,0,0,0,0,0,0,0,0,0,0,0,0,2,0,0,0,0,0,0,0,0,0,0,0,0,0,0,0,0,0,0,0,0,0,0,0,0,0,0,0,0,0,0,0,0,0,0,0,0,0,0,0,0,0,15,0,15,0,35,0,17,0,37,0,6,0,36,0,26,0,0,0,0,0,3,0,0,0,0,0,3,0,0,0,193,0,17,0,76,0,28,0,0,0,2,0,0,0,10,0,254,0,0,0,0,0,0,0,0,0,0,0,0,0,0,0,0,0,0,0,0,0,0,0,0,0,0,0,0,0,0,0,0,0,0,0,0,0,34,0,0,0,0,436,0,0,0,158,36,414,332,52,53,0
0,0,3,0,0,0,14,0,16,25,0,0,0,0,0,0,0,0,0,0,0,0,0,0,0,0,0,0,0,0,0,0,0,0,0,0,0,0,0,0,0,0,0,0,0,0,0,0,11,0,6,0,84,19,75,45,153,14,0,124,61,0,0,0,167,17,233,255,0,0,0,0,0,0,0,0,0,0,0,0,0,0,0,0,0,0,0,0,0,0,0,0,0,0,0,0,0,0,0,0,0,0,0,0,0,0,0,0,0,0,0,0,0,0,0,0,0,0,0,0,0,0,0,0,7,0,12,0,2,0,85,0,0,0,0,0,1,0,0,0,0,0,0,0,0,0,1,0,18,0,0,0,0,0,47,10,111,0,0,4,18,10,10,0,6,0,6,0,13,0,184,0,11,0,7,9,2,0,0,0,20,7,0,0,91,14,0,0,0,0,0,0,0,0,0,0,0,0,0,0,0,0,0,0,0,0,0,0,5,0,631,236,439,545,1282,2,222,0,0,0,0,0,0,0,0
0,5,0,6,0,8,0,18,0,26,0,0,0,2,0,3,0,0,0,0,2,0,0,0,1,0,0,0,0,3,0,0,0,0,0,0,0,5,0,0,0,0,0,0,0,1,0,0,0,1,0,0,34,34,15,116,35,344,124,0,0,0,2,11,8,61,198,49,0,0,0,0,0,2,0,0,0,0,0,0,0,0,0,0,0,0,0,0,0,0,0,0,0,2,0,0,0,0,0,0,0,0,0,0,0,0,0,0,0,0,0,0,0,0,0,0,0,0,0,0,0,0,0,0,0,6,0,8,0,7,0,24,0,5,0,2,0,4,0,5,0,0,0,0,0,10,0,0,0,2,0,0,0,0,0,48,0,39,5,13,0,31,0,0,0,6,0,0,0,16,0,140,0,15,0,32,0,0,0,0,3,13,0,0,22,57,0,0,0,0,0,0,0,0,0,0,0,0,0,0,0,0,0,0,0,0,0,0,0,11,1,0,0,0,2123,0,0,0,1088,276,655,820,121,149,0
26,0,0,0,1,0,292,0,141,0,0,0,0,0,0,0,34,0,0,0,0,0,0,0,9,0,0,0,5,0,0,0,3,0,1,0,12,0,4,0,0,0,0,0,0,0,0,0,2,0,2,0,39,0,36,0,25,0,61,0,0,0,47,0,0,0,0,0,0,0,0,0,0,0,8,0,0,0,0,0,0,0,0,0,0,0,0,0,0,0,0,0,0,0,0,0,0,0,0,0,0,0,0,0,0,0,0,0,0,0,0,0,0,0,0,0,0,0,0,0,0,0,0,0,0,0,0,0,3,0,0,0,0,0,0,0,7,0,187,0,46,0,5,0,125,0,0,0,0,0,0,0,0,0,14,0,74,0,3,0,3,0,9,0,0,0,0,0,0,0,64,0,13,0,0,0,3,0,0,0,0,0,0,0,0,0,0,0,0,0,0,0,0,0,0,0,0,0,0,0,0,0,0,0,0,0,0,0,0,0,78,169,23,10,22,0,0,0,0,0,0,0,0,0,0
1,41,0,0,0,0,0,173,0,186,0,0,0,0,0,0,0,9,0,0,0,10,0,7,6,40,0,0,0,11,0,0,0,5,0,0,0,40,0,30,0,0,0,4,0,0,0,0,0,1,0,6,0,45,0,43,0,6,0,0,0,0,0,22,0,0,0,5,0,0,0,0,0,0,0,0,0,0,0,1,0,0,0,0,0,6,0,0,0,0,0,0,0,0,0,0,0,0,0,0,0,0,0,0,0,0,0,0,0,0,0,0,0,0,0,0,0,0,0,0,0,0,0,0,0,0,0,0,0,0,0,0,0,0,0,0,0,0,0,69,0,75,0,0,0,84,0,0,0,0,0,0,0,0,0,7,0,46,0,23,0,0,0,4,0,0,0,3,0,0,0,77,0,23,0,0,5,39,0,0,0,0,0,0,0,7,0,0,0,0,0,0,0,0,0,0,0,0,0,0,0,0,0,0,0,0,0,0,0,0,0,0,0,0,62,0,0,0,64,231,33,23,1,8,0
8,8,13,0,0,0,462,25,92,100,0,0,0,0,0,0,454,7,0,0,49,0,20,0,100,68,0,0,6,0,11,0,23,0,0,0,11,0,23,0,0,0,8,0,0,0,0,0,0,0,9,0,100,4,48,44,6,1,0,2,47,0,0,21,0,0,0,11,0,0,65,0,0,0,98,0,0,0,0,0,0,0,0,0,62,0,0,0,0,0,0,0,0,0,0,0,77,0,0,0,0,0,0,0,0,0,0,0,0,0,0,0,0,0,0,0,0,0,0,0,69,0,57,0,0,0,0,0,0,0,0,0,0,0,0,0,0,0,168,0,151,0,32,0,59,0,0,0,0,0,0,0,0,0,40,0,25,0,37,0,0,0,0,0,0,0,0,0,0,0,10,0,11,0,0,0,2,0,0,0,0,0,1,1,0,0,0,0,0,0,0,0,0,0,0,0,0,0,0,0,0,0,0,0,0,0,0,0,1,0,17,69,19,5,5,0,0,0,3,0,0,0,0,0,0
1,12,0,1,0,5,45,139,88,199,0,0,0,0,0,40,5,137,0,67,0,148,0,81,20,36,0,0,0,79,0,11,0,0,0,3,0,0,0,21,0,0,0,0,0,0,0,0,0,0,0,0,3,52,19,113,0,22,0,11,0,22,21,0,0,0,2,12,0,0,0,0,0,0,0,0,0,0,0,0,0,2,0,0,0,0,0,0,0,0,0,0,0,0,0,0,0,0,0,0,0,0,0,0,0,0,0,0,0,0,0,0,0,0,0,0,0,0,0,0,0,0,0,0,0,0,0,0,0,0,0,0,0,6,0,0,0,0,0,82,0,35,0,8,0,16,0,0,0,0,0,0,0,0,0,19,0,15,0,24,0,0,0,0,0,0,0,0,0,0,0,7,0,6,0,0,9,10,0,0,0,0,0,5,0,5,0,0,0,0,0,0,0,0,0,0,0,0,0,0,0,0,0,0,0,0,0,0,0,0,0,0,0,0,29,0,0,0,41,76,9,0,0,3,0
32,0,0,0,7,0,18,0,128,0,3,0,4,0,3,0,0,0,0,0,0,0,0,0,0,0,0,0,0,0,0,0,0,0,0,0,0,0,0,0,0,0,0,0,0,0,1,0,1,0,0,0,0,0,0,0,31,2,167,8,0,0,0,0,0,27,57,14,0,0,4,0,0,0,0,0,0,0,0,0,0,2,0,0,0,3,0,1,0,0,0,0,0,0,0,0,0,0,0,0,0,2,0,0,0,0,0,0,0,0,0,0,0,0,0,0,0,0,0,0,0,0,0,0,20,0,31,0,0,0,27,38,0,0,0,0,0,0,7,33,0,9,0,0,48,0,12,0,41,0,23,0,0,0,0,2,10,0,2,0,228,90,0,0,0,0,0,0,3,0,0,0,0,0,38,9,0,0,0,0,274,36,0,0,74,0,0,0,0,0,0,0,0,0,0,0,0,0,0,0,0,0,0,0,0,0,0,0,7,0,129,19,31,0,139,0,0,0,0,0,0,0,0,0,0
0,70,0,3,0,67,0,0,0,83,0,43,0,8,0,0,0,0,0,26,0,0,0,0,0,0,1,27,0,0,0,0,0,0,0,0,0,0,0,0,0,0,0,0,0,3,0,10,0,0,0,0,0,0,2,0,12,0,17,61,0,0,0,0,27,0,19,279,0,0,0,20,0,0,0,22,0,0,0,3,0,0,0,0,0,0,0,8,0,0,0,0,0,0,0,0,0,0,0,7,0,0,0,0,0,0,0,0,0,0,0,0,0,0,0,0,0,0,0,0,0,0,0,0,0,25,0,22,12,0,0,50,0,0,0,2,0,4,0,32,0,50,0,1,0,64,0,37,16,163,0,22,0,0,0,0,0,0,19,0,54,237,0,0,0,0,0,0,0,0,0,0,0,0,2,60,0,0,0,0,25,191,0,13,0,114,0,0,0,0,0,0,0,0,0,0,0,2,0,0,0,0,0,0,0,0,0,26,0,26,0,0,0,0,77,0,0,0,85,7,0,0,0,0,0
15,0,0,0,0,0,31,1,93,0,0,0,0,0,0,0,0,0,0,0,2,0,0,0,0,0,0,0,0,0,0,0,0,0,0,0,0,0,0,0,0,0,0,0,0,0,0,0,2,0,0,0,24,28,26,96,57,22,233,198,0,0,0,2,57,19,0,199,0,0,0,0,0,0,0,0,0,0,0,0,0,0,0,0,0,0,0,0,0,0,0,0,0,0,0,0,0,0,0,0,0,0,0,0,0,0,0,0,0,0,0,0,0,0,0,0,0,0,0,0,0,0,0,0,0,0,0,0,0,0,4,0,0,0,0,0,0,0,0,5,0,0,0,0,2,0,0,0,4,0,0,0,0,0,0,7,0,0,0,5,12,8,0,0,0,0,0,0,0,0,34,0,0,0,25,5,14,0,0,0,32,18,0,0,511,30,0,0,0,0,0,0,0,0,0,0,0,0,0,0,0,0,0,0,0,0,0,0,0,0,168,89,61,123,284,0,28,0,0,1,0,0,0,0,0
0,45,0,0,0,16,0,12,50,90,0,15,1,0,0,0,0,0,0,0,0,0,0,0,0,0,0,4,0,0,0,0,0,0,0,0,0,0,0,0,0,0,0,0,0,0,0,0,0,1,0,12,67,117,65,9,66,4,255,49,0,5,11,12,14,279,199,0,0,0,0,2,0,0,0,0,0,0,0,0,0,1,0,1,0,0,0,0,0,0,0,0,0,0,0,0,0,0,0,0,0,0,0,0,0,0,0,0,0,0,0,0,0,0,0,0,0,0,0,0,0,0,0,0,0,15,0,4,0,0,0,51,0,3,0,0,0,0,2,2,0,0,0,0,0,15,0,0,0,12,0,0,0,0,7,21,0,21,5,4,0,97,0,0,0,0,0,0,0,0,0,18,0,0,0,119,5,0,0,1,8,53,0,11,38,442,0,0,0,0,0,0,0,0,0,0,0,0,0,0,0,0,0,0,0,0,0,0,0,3,0,0,0,0,450,0,0,0,358,234,68,0,0,25,0
0,0,0,0,0,0,0,0,0,0,0,0,0,0,0,0,0,0,0,0,0,0,0,0,0,0,0,0,0,0,0,0,0,0,0,0,0,0,0,0,0,0,0,0,6,0,0,0,4,0,12,0,0,0,0,0,0,0,0,0,0,0,0,0,0,0,0,0,0,0,0,0,0,0,0,0,106,0,49,0,0,0,61,0,0,0,9,0,0,0,0,0,27,0,44,0,0,0,4,0,52,0,175,0,0,0,95,0,19,0,11,0,5,0,21,0,9,0,0,0,0,0,0,0,0,0,0,0,0,0,0,0,0,0,0,0,0,0,0,0,0,0,9,0,0,0,0,0,0,0,0,0,0,0,0,0,0,0,0,0,0,0,0,0,43,0,0,0,98,0,0,0,0,0,0,0,0,0,0,0,0,0,0,0,0,0,0,0,0,0,0,0,0,0,27,0,0,0,0,0,0,0,0,0,0,0,0,0,0,0,24,30,131,0,7,55,70,0,0,0,0,0,0,0,0
0,0,0,1,0,0,0,0,0,0,0,0,0,3,0,0,0,0,0,3,0,0,0,0,0,0,0,12,0,0,0,0,0,0,0,0,0,0,0,0,0,4,0,5,0,17,0,15,0,1,0,2,0,0,0,1,0,0,0,0,0,0,0,0,0,0,0,0,0,0,0,0,0,0,0,0,0,72,0,0,0,0,0,34,0,0,0,9,0,16,2,0,0,6,0,13,0,0,0,0,0,1,0,63,0,0,0,0,0,11,0,1,0,11,0,0,0,30,0,0,0,0,0,0,0,0,0,0,0,0,0,0,0,0,0,0,0,0,0,0,0,0,0,0,0,0,0,0,0,0,0,0,0,0,0,0,0,0,0,0,0,0,0,0,0,40,0,0,0,59,0,11,0,0,0,0,0,0,0,0,0,0,0,0,0,0,0,0,0,0,0,0,0,0,0,0,0,0,0,0,0,0,0,4,0,0,0,1,0,0,0,0,0,0,0,0,0,0,0,33,77,0,15,31,3
2,0,0,0,0,0,0,0,0,0,0,0,0,0,0,0,104,0,0,0,51,0,11,0,0,0,0,0,22,0,0,0,28,0,26,0,117,0,24,0,0,0,18,0,30,0,0,0,0,0,16,0,10,0,0,0,0,0,0,0,0,0,65,0,4,0,0,0,0,0,0,0,207,0,253,1,18,0,203,0,7,0,0,0,0,0,42,0,0,0,0,0,0,0,0,0,0,0,0,0,0,0,0,0,0,0,0,0,0,0,0,0,0,0,0,0,0,0,0,0,12,0,7,0,63,0,90,0,0,0,36,0,19,0,90,0,62,0,18,0,89,0,31,0,112,0,45,0,22,0,16,0,0,0,0,0,21,0,0,0,0,0,48,2,0,0,6,0,18,0,51,0,24,0,46,0,0,0,0,0,24,2,0,0,8,0,0,0,0,0,0,0,0,0,0,0,0,0,0,0,0,0,0,0,0,0,0,0,49,0,19,0,0,0,3,0,0,0,0,0,0,0,0,0,0
0,0,0,0,0,0,0,0,0,0,0,0,0,0,0,0,0,0,0,4,0,6,0,0,0,0,0,0,0,0,0,0,0,0,0,1,0,6,0,0,0,0,0,0,0,0,0,0,0,0,0,6,0,0,0,0,0,0,0,0,0,0,0,0,0,20,0,2,0,0,0,0,0,119,0,202,0,12,0,20,0,0,0,0,0,0,0,27,0,0,0,0,0,0,0,0,0,0,0,0,0,0,0,0,0,0,0,0,0,0,0,0,0,0,0,0,0,0,0,0,0,5,0,3,0,81,0,0,8,0,0,41,0,66,0,15,0,0,0,0,0,19,0,11,0,101,9,47,10,19,0,0,6,14,0,0,0,0,0,0,3,7,0,22,0,0,0,0,0,10,0,4,0,10,0,9,0,0,0,0,5,31,0,0,0,2,0,0,0,0,0,0,0,0,0,0,0,0,0,0,0,0,0,0,0,0,0,0,0,0,0,0,2,0,0,0,0,0,38,0,0,0,0,0,0
0,0,0,0,0,0,0,0,0,0,0,0,0,0,0,0,0,0,0,0,4,0,0,0,0,0,0,0,0,0,0,0,0,0,0,0,0,0,0,0,0,0,0,0,0,0,0,0,1,0,3,0,0,0,0,0,0,0,0,0,0,0,0,0,0,0,0,0,0,0,207,0,0,0,45,0,31,0,187,0,0,0,3,0,7,0,2,0,0,0,0,0,5,0,0,0,2,0,0,0,0,0,0,0,0,0,0,0,0,0,0,0,0,0,0,0,0,0,0,0,13,0,14,0,0,0,82,0,15,0,32,0,16,0,137,0,45,0,0,0,67,0,55,0,46,0,39,0,3,0,28,0,0,0,0,0,0,0,0,0,1,0,42,0,0,0,2,0,33,0,9,0,1,0,5,0,0,0,0,0,0,0,0,0,0,0,0,0,3,0,0,0,0,0,0,0,1,0,0,0,22,0,40,0,0,0,0,0,87,0,219,0,15,0,13,0,0,0,1,0,0,0,0,0,0
0,0,0,0,0,0,0,0,0,0,0,0,0,0,0,0,0,0,0,0,0,0,0,0,0,0,0,0,0,0,0,0,0,0,0,0,0,0,0,0,0,0,0,0,0,0,0,0,0,0,0,0,0,0,0,0,0,0,0,2,0,0,0,0,0,0,0,0,0,0,0,119,0,0,1,163,0,53,0,67,0,8,0,4,0,15,0,78,0,0,0,0,0,0,0,0,0,0,0,0,0,0,0,0,0,0,0,0,0,0,0,0,0,0,0,0,0,0,0,0,0,28,0,18,0,42,12,0,4,23,0,34,0,42,0,0,0,0,0,0,0,10,0,16,0,37,12,42,0,0,0,0,10,18,0,0,0,0,0,0,0,0,0,18,0,0,0,0,0,11,0,0,0,0,0,0,0,0,0,0,0,0,0,0,0,0,0,0,0,34,0,0,0,0,0,0,0,0,0,63,0,68,0,0,0,0,0,0,5,133,0,0,0,0,9,0,0,0,141,0,4,0,0,0,0
5,0,0,0,0,0,0,0,0,0,0,0,0,0,0,0,161,0,19,0,62,0,0,0,16,0,0,0,23,0,38,0,31,0,21,0,79,0,19,0,0,0,0,0,0,0,0,0,0,0,0,0,18,0,3,0,0,0,0,0,8,0,98,0,0,0,0,0,0,0,253,0,45,1,0,0,0,0,99,0,26,0,17,0,23,0,49,0,0,0,0,0,0,0,4,0,7,0,16,0,2,0,0,0,0,0,0,0,0,0,0,0,0,0,0,0,0,0,0,0,77,0,37,0,26,0,20,0,5,0,0,0,0,0,53,0,18,0,12,0,74,0,45,0,159,0,30,0,23,0,3,0,20,0,0,0,15,0,0,0,0,0,38,0,0,0,0,0,10,0,27,0,13,0,72,0,0,0,0,0,24,1,0,0,9,0,0,0,0,0,0,0,0,0,0,0,0,0,18,0,10,0,0,0,0,0,23,0,41,0,31,0,16,0,0,0,0,0,0,0,0,0,0,0,0
0,0,0,0,0,0,0,0,0,0,0,0,0,0,0,0,0,0,0,0,0,0,0,2,0,0,0,0,0,1,0,0,0,0,0,0,0,0,0,0,0,0,0,0,0,0,0,0,0,0,0,30,0,0,0,0,0,0,0,0,0,0,0,0,0,22,0,0,0,0,1,202,0,163,0,0,0,12,0,16,0,3,0,0,0,1,0,53,0,0,0,0,0,0,0,0,0,0,0,0,0,0,0,0,0,0,0,0,0,0,0,0,0,0,0,0,0,0,0,0,0,140,0,20,0,68,0,74,0,0,20,36,0,69,0,98,0,37,0,0,2,44,0,28,0,219,0,59,0,0,0,23,0,31,0,0,0,4,0,0,0,7,0,56,0,0,0,0,0,10,0,6,0,18,0,15,0,0,0,0,8,50,0,0,0,0,0,0,0,0,0,0,0,0,0,0,0,0,0,0,0,14,0,5,0,0,0,24,0,84,0,0,0,0,5,0,0,0,121,0,11,0,0,0,0
0,0,0,0,0,0,0,0,0,0,0,0,5,0,0,0,0,0,0,0,0,0,0,0,0,0,0,0,0,0,0,0,0,0,0,0,0,0,0,0,0,0,0,0,0,0,0,0,3,0,0,0,0,0,0,0,0,0,0,0,0,0,0,0,0,0,0,0,106,0,18,0,31,0,0,0,0,0,39,0,8,0,45,0,0,0,22,0,0,0,0,0,17,0,5,0,0,0,8,0,0,0,20,0,0,0,27,0,0,0,0,0,0,0,0,0,6,0,1,0,10,0,0,0,0,0,0,0,0,0,0,0,0,0,0,0,0,0,0,0,0,0,0,0,0,0,0,0,0,0,0,0,6,0,0,0,0,0,0,0,1,0,0,0,28,0,1,0,22,0,0,0,0,0,0,0,0,0,0,0,0,0,0,0,0,0,1,0,29,0,0,0,33,0,5,0,0,0,24,0,48,0,43,0,0,0,0,0,0,0,53,13,69,4,6,38,17,0,0,0,0,1,0,0,0
0,0,0,0,0,0,0,0,0,0,0,0,0,0,0,0,0,0,0,0,0,0,0,0,0,0,0,14,0,0,0,0,0,0,0,0,0,0,0,0,0,0,0,0,0,20,0,0,0,0,0,0,0,0,0,0,0,0,0,0,0,0,0,0,0,0,0,0,0,72,0,12,0,53,0,12,0,0,0,11,0,90,0,118,1,20,0,159,0,47,1,0,0,19,0,35,0,0,0,0,0,0,0,67,0,0,0,0,0,6,0,0,0,0,0,1,0,36,0,0,0,16,0,0,0,0,0,8,0,0,0,0,0,0,0,0,0,0,0,0,0,0,0,6,0,0,0,0,0,1,0,0,0,6,0,0,0,0,0,0,0,0,0,1,0,8,0,0,0,36,0,0,0,0,0,0,0,0,0,0,0,10,0,0,0,0,0,0,0,49,0,10,0,0,0,19,0,0,0,0,0,35,0,40,0,28,0,10,0,27,0,0,0,0,10,0,0,0,37,14,54,1,0,1,0
0,0,0,0,0,0,0,0,0,0,0,0,0,0,0,0,0,0,0,0,0,0,0,0,0,0,0,0,0,0,0,0,0,0,0,0,0,0,0,0,0,0,0,0,0,0,0,0,0,0,0,0,0,0,0,0,0,0,0,0,0,0,0,0,0,0,0,0,49,0,203,0,187,0,99,0,39,0,0,0,24,0,124,0,43,0,69,0,0,0,0,0,25,0,0,0,0,0,12,0,0,0,4,0,15,0,0,0,0,0,0,0,0,0,0,0,1,0,0,0,70,0,55,0,0,0,0,0,0,0,0,0,0,0,112,0,0,0,14,0,79,0,93,0,14,0,0,0,0,0,0,0,0,0,0,0,0,0,0,0,0,0,10,0,0,0,0,0,46,0,0,0,0,0,22,0,0,0,0,0,0,0,0,0,0,0,0,0,24,0,0,0,32,0,10,0,0,0,0,0,105,0,148,0,57,0,0,0,0,0,292,0,71,0,27,20,8,0,0,0,0,0,0,0,0
0,0,0,0,0,0,0,0,0,0,0,0,0,0,0,0,0,0,0,0,0,0,0,0,0,0,0,0,0,0,0,0,0,0,0,0,0,0,0,0,0,0,0,0,0,0,0,0,0,0,0,0,0,0,0,0,0,0,0,0,0,1,0,0,0,3,0,0,0,0,0,20,0,67,0,16,0,11,0,0,0,0,0,0,0,6,0,39,0,0,0,0,0,0,0,0,0,0,0,0,0,0,0,0,0,0,0,0,0,0,0,0,0,0,0,0,0,0,0,0,0,8,0,12,5,0,0,0,0,0,0,0,0,0,0,47,0,0,0,0,0,7,0,5,0,18,0,18,0,0,1,0,5,11,0,0,0,0,0,0,0,1,0,2,0,0,0,0,0,8,0,1,0,1,0,0,0,0,0,0,0,0,0,1,0,0,0,0,0,3,0,0,0,0,0,0,0,0,0,21,0,16,0,0,0,0,0,0,0,43,0,0,0,0,3,0,0,0,37,0,3,0,0,0,0
