0,274,57,184,31,53,26,65,103,0,90,46,85,0,0,77,66,44,10,0,22,10,44,179,23,85,0,0,294,27,0,0,24,39,0,0,12,15,508,38,25,0,0,0,0,0,0,0,6,0,0,0,3,0,0,0,0,0,3,0,114,0,32,0,2,0,8,0,1,0,0,0,0,0,0,0,0,0,0,0,1,0,0,0,0,0,0,0,0,0,0,0,0,0,0,0,0,0,0,0,0,0,0,0,0,0,0,0,0,0,0,0,0,0,0,0,0,0,0,0,0,0,0,0,0,0,0,0,0,0,0,0,0,0,0,0,0,0,0,0,0,0,0,0,0,0,8,0,4,0,4,0,5,0,0,0,0,0,0,0,0,0,0,0,1,0,0,0,0,0,21,0,283,0,0,0,305,176,5,0,2,0,5,0,19,0,1,0,0,0,0,0,0,0,0,0,0,0,0,0,0,0,0,0,0,0,0,0,5,0,341,95,262,134,281,0,0,0,12,0,0,0,0,0,0
274,0,185,94,0,174,195,57,72,68,0,283,0,138,0,18,105,34,0,75,7,0,126,40,302,11,0,271,0,148,1,0,0,192,0,0,0,183,0,344,0,105,0,0,0,0,5,266,0,7,0,0,40,0,49,12,0,0,0,52,0,160,47,20,0,73,0,41,0,0,0,0,0,0,0,0,0,0,0,0,0,0,0,0,0,0,0,0,0,0,0,0,0,0,0,0,0,0,0,0,0,0,0,0,0,0,0,3,0,0,0,1,0,0,0,0,0,0,0,0,0,0,0,0,0,61,0,27,0,2,0,32,0,5,0,64,0,38,0,0,0,0,1,5,0,0,0,67,0,83,0,73,0,0,0,0,0,0,0,0,0,9,0,2,0,11,0,0,0,16,3,21,0,132,0,0,154,527,0,9,0,0,42,19,0,74,0,0,0,0,0,0,0,0,0,0,0,2,0,0,0,0,0,0,0,0,0,27,0,89,0,0,0,0,287,0,0,0,542,163,256,143,1,0,0
57,185,0,107,197,76,14,0,45,0,117,101,137,0,254,119,248,0,200,0,244,26,202,122,30,0,0,0,263,9,19,0,52,87,0,0,8,0,292,0,38,0,0,0,0,0,35,0,4,0,0,0,0,0,14,0,0,0,12,3,0,0,15,0,0,0,0,0,0,0,0,0,0,0,0,0,0,0,0,0,0,0,0,0,0,0,0,0,0,0,0,0,0,0,0,0,0,0,0,0,0,0,0,0,0,0,0,0,0,0,0,0,0,0,0,0,0,0,0,0,0,0,0,0,7,0,14,0,0,0,0,0,0,0,116,0,40,0,0,0,0,0,70,0,0,0,37,0,13,0,50,0,26,0,12,0,0,0,0,0,6,0,0,0,0,0,0,0,17,1,0,0,181,0,1,0,97,74,1,0,5,0,0,0,15,0,0,0,0,0,0,0,0,0,0,0,2,0,0,0,0,0,0,0,0,0,0,0,41,0,221,38,327,126,273,0,0,0,12,0,0,0,0,0,0
184,94,107,0,0,147,0,131,0,9,0,13,0,17,0,303,45,64,0,101,0,51,67,190,99,18,0,80,13,0,0,0,0,155,0,0,0,44,0,130,0,15,0,0,0,0,0,51,0,3,0,0,0,0,0,39,0,3,0,10,2,0,0,0,0,0,0,0,0,0,0,0,0,0,0,0,0,0,0,0,0,0,0,0,0,0,0,0,0,0,0,0,0,0,0,0,0,0,0,0,0,0,0,0,0,0,0,40,0,0,0,0,0,0,0,0,0,0,0,0,0,0,0,0,0,9,0,11,0,0,0,0,0,10,0,160,0,88,0,0,0,0,0,33,0,0,0,6,0,0,0,0,0,0,0,0,0,0,0,0,0,0,0,0,0,0,0,0,0,20,0,0,0,86,0,0,30,31,0,0,0,0,37,0,0,0,0,0,0,0,0,0,0,0,0,0,0,1,0,0,0,11,0,0,0,0,0,13,0,43,0,0,0,0,182,0,0,0,285,41,214,102,0,0,0
31,0,197,0,0,306,10,0,49,0,109,232,388,131,202,188,32,0,185,229,370,139,40,65,0,0,81,0,0,0,180,0,376,96,135,0,252,18,53,0,157,0,0,0,16,0,100,0,13,0,103,0,0,0,1,0,0,0,0,0,0,0,0,0,0,0,11,0,0,0,4,0,0,0,0,0,0,0,0,0,0,0,0,0,0,0,0,0,0,0,0,0,0,0,0,0,0,0,0,0,0,0,0,0,0,0,0,0,0,0,0,0,0,0,0,0,0,0,2,0,0,0,0,0,0,0,0,0,0,0,4,0,0,0,30,0,0,0,0,0,0,0,0,0,0,0,19,0,4,0,37,0,75,0,0,0,0,0,0,0,0,0,0,0,21,0,147,0,116,0,6,0,148,0,0,0,252,128,53,0,0,0,16,0,70,0,16,0,0,0,0,0,0,0,0,0,0,0,0,0,0,0,0,0,0,0,0,0,21,0,264,119,533,150,179,0,2,1,0,0,0,0,0,0,0
53,174,76,147,306,0,0,36,0,11,237,188,115,197,445,291,0,0,78,311,194,172,165,99,0,8,0,267,0,0,0,165,51,438,9,177,0,147,0,0,0,28,0,0,0,0,0,156,0,8,0,0,0,0,0,15,0,1,0,0,0,0,0,0,0,19,0,0,0,0,0,0,0,0,0,0,0,0,0,0,0,0,0,0,0,0,0,0,0,0,0,0,0,0,0,0,0,0,0,0,0,0,0,0,0,0,0,0,0,0,0,0,0,0,0,0,0,0,0,0,0,0,0,0,0,0,0,0,0,0,0,0,0,0,0,83,0,34,0,0,0,0,0,0,0,0,0,0,0,14,0,60,0,35,0,0,0,0,1,0,0,0,0,0,0,76,0,160,0,108,0,7,0,90,0,0,123,256,27,39,0,70,7,0,0,0,0,51,0,0,0,0,0,0,0,0,0,0,0,0,0,0,0,0,0,0,0,16,0,45,4,0,0,0,264,0,0,0,629,301,594,114,0,0,0
26,195,14,0,10,0,0,126,119,96,19,0,0,0,0,0,9,0,0,0,0,0,13,19,199,160,0,0,59,41,0,0,0,0,0,0,0,0,0,36,6,0,0,0,0,0,0,0,20,0,2,0,14,15,167,0,8,0,32,0,144,30,73,43,12,0,15,0,0,0,0,0,0,0,0,0,0,0,0,0,0,3,0,0,0,0,0,0,0,0,1,0,0,0,0,0,0,0,0,0,0,0,0,0,0,0,0,0,0,0,0,0,0,0,0,0,0,0,0,0,0,0,0,0,24,0,26,0,0,0,91,0,12,0,8,0,12,0,0,0,0,0,0,0,0,0,33,0,22,0,16,0,8,0,4,0,0,0,3,0,3,0,0,0,0,0,4,0,11,0,67,0,106,0,0,0,107,75,0,0,0,1,3,0,3,0,0,0,0,0,0,0,0,0,0,0,0,0,3,0,0,0,0,0,0,0,1,0,56,0,311,47,177,176,338,0,0,5,22,0,7,0,0,0,0
65,57,0,131,0,36,126,0,179,70,0,11,0,0,0,26,0,0,0,14,0,0,0,10,64,78,0,26,0,123,0,0,0,0,0,0,0,40,0,194,0,8,0,0,0,4,0,27,0,0,0,0,57,6,76,143,9,4,0,27,0,303,57,90,0,10,0,1,0,0,0,0,0,0,0,0,0,0,0,0,0,0,0,0,0,0,0,0,0,0,0,0,0,0,0,0,0,0,0,0,0,0,0,0,1,0,0,0,0,0,0,0,0,0,0,0,0,0,0,0,0,0,0,0,0,34,0,18,0,11,0,37,0,0,0,27,0,29,0,0,0,3,0,7,0,0,0,12,0,4,0,0,0,0,0,1,0,5,0,0,0,8,0,0,0,3,0,0,0,25,0,60,0,120,0,0,52,65,0,2,0,0,0,12,0,0,0,0,0,0,0,0,0,0,0,0,0,0,0,0,0,0,0,0,0,0,0,0,0,21,0,0,0,0,314,0,0,0,391,37,213,183,0,0,0
103,72,45,0,49,0,119,179,0,288,87,0,112,0,16,0,2,0,51,0,4,0,0,0,6,183,0,0,0,29,0,0,0,0,0,0,0,0,0,14,63,0,0,0,0,0,46,0,8,0,0,0,102,51,87,162,34,0,176,8,225,0,87,143,46,0,471,36,0,0,0,0,0,0,0,0,0,0,0,0,0,0,0,0,0,0,0,0,0,0,0,0,0,0,0,0,0,0,0,2,0,0,0,0,0,0,0,0,0,0,0,0,0,0,0,0,0,0,0,0,0,0,0,0,0,0,4,0,0,0,50,0,0,0,14,0,0,0,0,0,0,0,0,0,0,0,46,0,78,0,31,0,52,0,15,0,68,0,0,0,9,0,0,0,3,0,3,0,0,0,97,12,49,5,0,0,530,119,24,0,1,0,17,3,35,29,0,0,0,0,0,0,0,0,0,0,0,0,0,0,0,0,0,0,2,0,0,0,18,0,288,47,97,81,206,0,19,0,17,10,0,0,0,0,0
0,68,0,9,0,11,96,70,288,0,0,21,0,0,0,0,0,0,0,26,0,0,0,0,14,4,0,23,0,0,0,0,0,3,0,0,0,0,0,16,0,0,0,0,0,0,0,31,0,0,0,0,115,90,128,109,95,5,104,105,0,357,38,202,0,148,87,108,0,0,0,0,0,0,0,0,0,0,0,0,0,0,0,0,0,1,0,0,0,0,0,0,0,0,0,0,0,0,0,0,0,0,0,0,0,4,0,0,0,0,0,0,0,0,0,0,0,0,0,0,0,0,0,0,0,48,0,31,0,0,0,33,0,8,0,23,0,18,0,0,0,0,0,0,0,0,0,38,0,46,0,22,0,0,2,4,0,28,0,0,0,17,0,0,0,4,0,0,0,19,0,146,0,60,0,0,109,277,0,4,0,0,0,20,0,63,0,0,0,0,0,0,0,0,0,0,0,0,0,0,0,0,0,0,0,0,0,9,0,73,3,0,0,0,199,0,0,0,319,54,118,141,0,15,0
90,0,117,0,109,237,19,0,87,0,0,185,165,0,53,217,25,0,24,115,206,92,35,63,0,0,0,0,26,0,88,0,334,59,0,0,72,10,89,0,105,0,0,0,0,2,103,0,11,0,7,0,0,0,0,0,0,0,8,0,0,0,2,0,5,0,18,0,0,0,0,0,0,0,0,0,0,0,0,0,0,0,0,0,0,0,0,0,0,0,2,0,0,0,0,0,0,0,0,0,0,0,0,0,0,0,0,0,0,0,0,0,0,0,0,0,0,0,0,0,0,0,0,0,0,0,0,0,0,0,3,0,0,0,3,0,0,0,0,0,0,0,0,0,0,0,10,0,10,0,35,0,61,0,6,0,0,0,0,0,0,0,0,0,7,0,63,0,0,1,0,0,102,0,0,0,457,116,68,0,59,0,14,0,90,0,8,0,0,0,0,0,0,0,0,0,0,0,0,0,0,0,0,0,0,0,0,0,0,0,328,103,309,125,128,0,0,0,0,0,23,0,0,0,0
46,283,101,13,232,188,0,11,0,21,185,0,0,321,334,20,14,0,0,23,107,56,187,23,0,0,0,149,0,0,16,59,0,287,0,26,0,75,0,0,0,151,0,0,0,4,0,220,0,25,0,9,0,0,0,0,0,0,0,13,0,0,0,0,0,15,0,0,0,0,0,0,0,0,0,0,0,0,0,0,0,0,0,0,0,0,0,0,0,0,0,0,0,0,0,0,0,0,0,0,0,0,0,0,0,0,0,0,0,0,0,0,0,0,0,0,0,0,0,0,0,0,0,0,0,0,0,4,0,0,0,8,0,0,0,9,0,6,0,0,0,0,0,0,0,0,0,14,0,0,0,138,0,120,0,0,0,0,0,0,0,0,0,0,0,0,0,16,0,17,0,0,0,0,0,29,100,639,12,79,0,183,0,21,0,91,0,22,0,0,0,0,0,0,0,0,0,0,0,0,0,0,0,0,0,0,0,0,0,17,7,0,0,4,92,0,0,0,291,160,162,0,0,3,0
85,0,137,0,388,115,0,0,112,0,165,0,0,483,9,0,0,0,128,312,39,64,9,0,0,0,103,482,0,0,19,0,36,0,160,0,126,0,0,0,396,0,79,66,40,56,254,168,83,5,208,104,0,0,0,0,0,0,2,0,0,0,0,0,14,0,10,0,0,0,0,0,0,0,0,0,0,0,0,0,0,0,0,0,0,0,5,0,0,0,0,0,0,0,0,0,0,0,0,0,0,0,0,0,0,0,0,0,0,0,0,0,0,0,0,0,0,0,0,0,0,0,0,0,0,0,0,0,0,0,0,0,0,0,24,0,0,0,0,0,0,0,0,0,0,0,29,0,16,0,0,0,97,0,0,0,3,0,0,0,0,0,0,0,71,0,21,0,96,0,0,0,0,0,0,0,272,92,94,0,114,0,88,0,147,0,238,14,0,0,0,0,0,0,0,0,0,0,0,0,0,0,0,0,0,0,0,0,17,0,62,167,362,32,32,6,0,0,0,0,0,0,0,0,0
0,138,0,17,131,197,0,0,0,0,0,321,483,0,95,2,0,0,618,57,144,41,0,0,0,0,162,131,0,0,10,6,0,0,0,71,0,22,0,0,100,181,24,46,0,28,56,311,0,24,18,163,0,0,0,0,0,0,0,0,0,0,0,0,0,0,0,0,0,0,0,0,0,0,0,0,0,0,0,0,0,0,0,0,0,0,0,0,0,0,0,0,0,0,0,0,0,0,0,0,0,2,0,0,0,0,0,0,0,0,0,0,0,0,0,0,0,0,0,0,0,0,0,0,0,0,0,7,0,0,0,0,0,0,0,0,0,0,0,0,0,0,0,0,0,0,0,0,0,0,0,0,0,0,0,0,0,0,0,0,0,0,0,0,0,100,0,23,0,98,0,1,0,0,0,0,82,644,14,80,0,49,0,18,0,56,64,143,0,0,0,0,0,0,0,0,0,0,0,0,0,0,0,0,0,0,0,0,0,0,0,0,0,0,17,0,0,0,46,290,368,12,0,0,0
0,0,254,0,202,445,0,0,16,0,53,334,9,95,0,228,102,0,151,297,569,216,169,0,48,0,150,0,18,0,290,45,297,86,188,37,96,37,0,0,0,0,7,4,23,0,30,4,2,0,20,0,0,0,0,0,0,0,0,0,0,0,42,0,9,0,10,0,0,0,0,0,0,0,17,0,0,0,0,0,18,0,0,0,0,0,0,0,0,0,0,0,0,0,0,0,37,0,0,0,0,0,0,0,0,0,0,0,0,0,0,0,0,0,0,0,0,0,0,0,0,0,0,0,0,0,0,0,0,0,1,0,0,0,60,0,5,0,0,0,0,0,0,0,0,0,16,0,15,0,55,0,51,0,0,0,0,0,0,0,0,0,0,0,0,0,67,0,47,0,0,1,0,0,0,0,123,84,33,5,0,0,3,0,37,0,1,0,0,0,0,0,0,0,0,0,0,0,6,0,19,0,0,0,0,0,0,0,33,0,108,72,154,22,39,0,0,0,0,0,0,0,0,0,0
77,18,119,303,188,291,0,26,0,0,217,20,0,2,228,0,32,119,8,393,70,468,235,470,40,38,0,79,10,65,0,154,33,314,0,35,4,20,22,43,0,0,0,3,0,5,0,0,2,0,0,0,0,27,0,53,0,0,0,0,0,0,0,102,0,0,0,0,0,0,0,1,0,3,0,0,0,0,0,0,0,58,0,0,0,50,0,0,0,0,0,19,0,0,0,0,0,87,0,15,0,0,0,0,0,0,0,162,0,0,0,0,0,0,0,0,0,0,0,0,0,0,0,0,0,0,0,0,0,0,0,5,0,0,0,229,0,136,0,2,0,22,0,107,0,8,0,0,0,0,0,15,0,1,0,0,0,0,0,0,0,0,0,0,0,27,0,123,0,43,0,6,0,75,0,0,67,62,4,17,0,0,14,0,0,3,0,0,0,0,0,0,0,0,0,0,0,0,0,0,0,16,0,0,0,0,0,0,0,44,0,0,0,0,89,0,0,0,223,151,317,48,0,0,2
66,105,248,45,32,0,9,0,2,0,25,14,0,0,102,32,0,20,43,0,150,4,268,61,95,12,47,0,356,7,25,2,8,14,9,0,0,11,59,16,0,0,0,0,19,0,23,0,0,0,7,0,91,0,9,0,12,0,0,0,32,4,348,0,0,0,0,0,0,0,26,0,21,0,68,0,0,0,0,0,63,0,0,0,64,0,108,0,0,0,88,0,0,0,120,0,84,0,285,0,158,0,50,0,0,0,293,0,0,0,0,0,0,0,0,0,0,0,0,0,56,0,50,0,0,0,15,0,0,0,0,0,0,0,46,0,74,0,38,0,87,0,218,0,0,0,0,0,0,0,0,0,0,0,125,0,0,0,67,0,63,0,6,0,0,0,1,0,0,1,16,0,21,0,0,0,44,11,12,0,0,0,67,0,0,0,0,0,0,0,0,0,0,0,0,0,0,0,0,0,13,0,0,0,0,0,0,0,12,0,18,11,42,21,27,0,0,0,0,0,0,0,0,0,0
44,34,0,64,0,0,0,0,0,0,0,0,0,0,0,119,20,0,0,50,1,115,0,210,42,185,0,0,0,280,0,33,0,11,0,3,0,8,6,66,0,0,0,0,0,0,0,0,0,2,0,0,4,18,10,21,0,0,0,0,0,13,0,133,0,0,0,0,0,0,0,0,0,0,0,1,0,0,0,0,0,84,0,0,0,131,0,18,0,0,0,18,0,0,0,0,0,87,0,15,0,29,0,0,0,0,0,0,0,0,0,0,0,2,0,0,0,0,0,0,0,8,0,11,0,0,0,0,0,67,0,0,0,63,0,57,0,191,0,65,0,46,0,267,0,5,0,0,0,0,0,0,0,0,0,25,0,0,0,10,0,5,0,0,0,0,0,5,0,14,0,0,6,41,0,0,8,25,0,9,0,0,6,9,0,0,0,0,0,0,0,0,0,0,0,0,0,0,0,0,0,0,0,0,0,0,0,0,0,0,3,0,2,1,21,0,0,0,30,19,89,39,0,3,0
10,0,200,0,185,78,0,0,51,0,24,0,128,618,151,8,43,0,0,273,140,60,109,0,0,0,314,357,11,0,54,0,35,0,365,14,103,0,1,0,66,31,55,75,93,22,167,106,8,0,231,100,25,0,0,0,0,0,0,0,0,0,29,0,18,0,13,0,0,0,43,0,0,0,37,0,0,0,0,0,32,0,0,0,0,0,0,0,0,0,0,0,0,0,0,0,0,0,0,0,127,0,0,0,0,0,0,0,0,0,0,0,0,0,0,0,0,0,0,0,0,0,0,0,0,0,14,0,0,0,0,0,0,0,73,0,0,0,0,0,0,0,0,0,23,0,39,0,18,0,89,0,98,0,21,0,8,0,16,0,0,0,0,0,74,0,0,0,91,0,6,0,13,0,0,0,130,39,43,0,28,0,5,0,102,0,33,16,0,0,0,0,0,0,0,0,0,0,0,0,0,0,0,0,0,0,0,0,41,0,78,183,303,56,43,0,0,0,0,0,0,0,0,0,0
0,75,0,101,229,311,0,14,0,26,115,23,312,57,297,393,0,50,273,0,156,424,12,177,0,21,20,625,0,15,0,156,29,40,0,330,0,177,0,0,0,4,0,104,0,108,0,176,0,4,0,219,0,52,0,30,0,0,0,0,0,0,0,152,0,20,0,0,0,0,0,0,0,0,0,0,0,0,0,0,0,0,0,0,0,137,0,0,0,0,0,0,0,0,0,0,0,148,0,37,0,72,0,0,0,0,0,184,0,0,0,0,0,0,0,0,0,0,0,0,0,30,0,17,0,0,0,0,0,0,0,0,0,0,0,142,0,0,0,0,0,0,0,203,0,31,0,0,0,16,0,43,0,24,0,0,0,6,0,0,0,0,0,0,0,111,0,111,0,116,0,0,0,0,0,0,74,86,33,19,0,15,0,0,0,37,17,54,0,0,0,0,0,0,0,0,0,0,0,0,0,0,0,0,0,0,0,28,0,60,0,0,0,0,44,0,0,0,176,347,364,34,0,0,0
22,7,244,0,370,194,0,0,4,0,206,107,39,144,569,70,150,1,140,156,0,74,188,20,15,0,277,46,118,0,90,13,47,15,136,23,30,0,8,0,0,9,75,0,144,0,21,14,0,0,131,20,44,0,0,0,0,0,0,0,6,0,106,0,0,0,0,0,0,0,100,0,45,0,133,0,0,0,0,0,105,0,0,0,28,0,171,0,0,0,113,0,0,0,238,0,89,0,450,0,263,0,0,0,0,0,316,0,0,0,0,0,0,0,0,0,0,0,0,0,110,0,41,0,0,0,0,0,0,0,0,0,0,0,25,0,34,0,94,0,165,0,157,0,52,0,0,0,0,0,0,0,0,0,26,0,0,0,59,0,39,0,0,0,34,0,50,0,91,0,15,0,31,0,0,0,75,14,57,0,0,0,24,0,0,1,0,0,0,0,0,0,0,0,0,0,0,0,0,0,0,0,0,0,0,0,0,0,18,0,166,215,276,98,80,0,1,0,0,0,0,2,0,0,0
10,0,26,51,139,172,0,0,0,0,92,56,64,41,216,468,4,115,60,424,74,0,57,324,0,30,0,248,0,119,19,72,0,54,0,122,0,48,0,14,0,0,0,193,0,199,0,12,0,0,0,146,0,36,0,32,0,0,0,0,0,6,0,123,0,0,0,0,0,0,0,18,0,6,0,0,0,0,0,0,0,183,0,0,0,173,0,50,0,0,0,39,0,4,0,54,0,0,0,38,0,57,0,0,0,0,0,107,0,0,0,0,0,0,0,0,0,0,0,0,0,57,0,26,0,0,0,0,0,0,0,0,0,0,0,0,0,318,0,193,0,343,0,419,0,110,0,0,0,0,0,0,0,0,0,0,0,19,0,4,0,0,0,0,0,59,0,74,0,82,0,0,0,30,0,0,22,134,0,32,0,0,0,0,0,4,0,19,0,0,0,0,0,0,0,0,0,0,0,0,0,0,0,0,0,0,0,0,0,0,7,0,9,0,62,0,0,0,245,395,213,23,0,0,0
44,126,202,67,40,165,13,0,0,0,35,187,9,0,169,235,268,0,109,12,188,57,0,203,275,0,40,0,73,5,9,24,11,119,0,0,3,28,57,11,0,0,0,0,14,0,0,0,6,0,0,0,39,0,13,0,0,0,0,0,0,0,76,0,1,0,0,0,0,0,7,0,0,0,15,0,0,0,0,0,21,0,0,0,35,0,23,0,0,0,113,0,0,0,0,0,104,0,0,0,0,0,68,0,118,0,327,0,0,0,0,0,0,0,0,0,0,0,0,0,0,0,30,0,9,0,39,0,0,0,0,0,0,0,312,0,93,0,0,0,0,5,296,0,0,0,26,0,7,0,84,0,33,0,110,0,0,0,32,0,13,0,0,0,0,0,13,0,0,0,7,0,45,0,2,0,96,47,27,0,10,2,27,0,15,0,0,0,0,0,0,0,0,0,0,0,9,0,39,0,102,0,0,0,8,0,12,0,89,0,38,16,93,36,40,0,0,0,0,0,0,0,0,0,0
179,40,122,190,65,99,19,10,0,0,63,23,0,0,0,470,61,210,0,177,20,324,203,0,54,33,0,59,14,154,0,55,10,132,0,6,2,11,0,59,0,0,0,7,0,0,5,0,0,0,0,0,0,30,0,78,0,2,0,0,1,0,2,124,0,0,0,1,0,0,0,0,0,0,0,0,0,0,0,0,0,54,0,0,0,39,0,11,0,0,0,0,0,0,0,44,0,124,0,10,0,23,0,0,0,0,0,152,0,0,0,0,0,0,0,0,0,0,0,0,0,0,0,0,0,0,0,0,0,0,0,0,0,0,0,147,0,151,0,0,0,21,0,152,0,0,0,0,0,0,0,0,1,0,0,0,0,0,0,0,0,0,0,0,0,13,0,26,0,15,0,1,0,32,0,0,37,73,0,9,0,0,30,0,0,0,0,0,0,0,0,0,0,0,0,0,0,1,0,0,0,9,0,0,0,0,0,0,0,0,0,0,0,0,36,0,0,0,70,147,98,17,0,0,0
23,302,30,99,0,0,199,64,6,14,0,0,0,0,48,40,95,42,0,0,15,0,275,54,0,97,0,0,171,31,4,1,0,0,0,0,0,20,75,45,0,0,0,0,0,0,35,0,0,0,0,0,23,4,109,0,4,0,9,0,38,10,37,8,6,0,1,0,0,0,0,0,0,0,0,0,0,0,0,0,5,2,0,0,11,0,0,0,0,0,37,0,0,0,0,1,0,0,0,0,0,0,0,0,0,0,0,0,0,0,0,0,0,0,0,0,0,0,0,0,0,0,0,0,10,0,63,0,24,0,62,0,61,4,222,0,132,0,7,0,15,5,221,0,2,0,34,0,3,0,38,0,8,0,70,0,0,0,27,0,10,0,1,0,0,0,0,0,0,0,17,0,54,8,0,0,26,44,0,0,0,0,14,0,0,0,0,0,0,0,0,0,0,0,0,0,0,0,13,0,34,0,0,0,0,0,0,0,152,0,73,25,133,81,97,0,0,1,0,2,0,0,0,0,0
85,11,0,18,0,8,160,78,183,4,0,0,0,0,0,38,12,185,0,21,0,30,0,33,97,0,0,0,0,360,0,0,0,0,0,0,0,24,0,197,0,0,0,0,0,0,0,0,0,0,0,0,46,5,63,65,8,2,17,0,0,126,36,88,0,0,0,0,0,0,0,0,0,0,0,0,0,0,0,0,0,0,0,0,0,14,0,4,0,0,1,0,0,1,0,0,0,45,0,0,0,4,0,0,0,0,0,63,0,0,0,0,0,0,0,0,0,0,0,0,0,0,0,0,0,0,0,0,0,34,0,0,0,38,0,267,0,227,0,58,0,15,0,143,0,0,0,0,0,0,0,0,0,0,0,5,0,1,0,20,0,0,0,0,0,0,0,0,0,20,0,10,0,61,0,0,27,25,0,0,0,0,0,5,0,0,0,0,0,0,0,0,0,1,0,0,0,0,0,0,0,15,0,0,0,0,0,0,0,35,0,0,0,0,216,0,0,0,205,21,190,156,0,8,0
0,0,0,0,81,0,0,0,0,0,0,0,103,162,150,0,47,0,314,20,277,0,40,0,0,0,0,218,0,0,20,0,6,0,57,0,28,0,0,0,58,49,269,11,342,50,346,175,46,9,223,26,0,0,0,0,0,0,0,0,0,0,42,0,0,0,0,0,0,0,52,0,0,0,41,0,0,0,0,0,0,0,0,0,0,0,61,0,0,0,0,0,0,0,0,0,0,0,0,0,0,0,0,0,0,0,0,0,0,0,0,0,0,0,0,0,0,0,0,0,0,0,0,0,0,0,0,0,0,0,0,0,0,0,0,0,0,0,0,0,0,0,0,0,0,0,0,0,0,0,20,0,0,0,0,0,0,0,0,0,42,0,0,0,148,0,0,0,128,0,0,0,21,0,0,0,19,22,7,0,0,4,10,0,32,0,67,9,0,0,0,0,0,0,0,0,4,0,0,0,0,0,0,0,0,0,0,0,0,0,15,169,442,12,0,0,0,14,0,0,0,0,0,0,0
0,271,0,80,0,267,0,26,0,23,0,149,482,131,0,79,0,0,357,625,46,248,0,59,0,0,218,0,0,0,0,0,0,0,20,17,0,33,0,0,186,20,49,181,16,382,70,215,0,71,33,149,0,0,0,31,0,0,0,0,0,0,0,74,0,26,0,0,0,6,0,0,0,0,0,0,0,0,0,3,0,0,0,0,0,80,0,0,0,0,0,0,0,0,0,77,0,0,0,21,0,0,0,0,0,0,0,98,0,0,0,0,0,0,0,0,0,0,0,0,0,0,0,0,0,0,0,0,0,0,0,0,0,0,0,117,0,134,0,0,0,0,0,205,0,43,0,0,0,36,0,96,0,43,0,0,0,0,0,0,0,0,0,0,0,223,0,10,0,0,0,0,0,0,0,0,15,187,0,21,0,0,0,1,0,37,56,55,0,0,0,0,0,0,0,0,0,0,0,0,0,0,0,0,0,0,0,0,0,86,0,0,0,0,0,0,0,0,69,581,435,15,12,0,51
294,0,263,13,0,0,59,0,0,0,26,0,0,0,18,10,356,0,11,0,118,0,73,14,171,0,0,0,0,0,27,0,19,0,27,0,4,0,41,0,0,0,0,0,0,0,0,0,0,0,11,0,23,0,36,0,0,0,1,0,6,0,77,0,0,0,0,0,0,0,10,0,0,0,20,0,0,0,0,0,13,0,0,0,0,0,0,0,0,0,0,0,0,0,0,0,0,0,53,0,23,0,0,0,0,0,28,0,0,0,0,0,0,0,0,0,0,0,0,0,22,0,7,0,0,0,0,0,0,0,0,0,0,0,0,0,13,0,36,0,30,0,30,0,2,0,0,0,0,0,0,0,0,0,18,0,0,0,37,0,4,0,0,0,0,0,0,0,8,0,0,0,0,0,0,0,130,8,3,0,0,0,108,0,0,0,0,0,0,0,0,0,0,0,0,0,0,0,0,0,0,0,0,0,0,0,0,0,0,0,0,41,0,3,6,0,0,0,0,0,1,0,0,0,0
27,148,9,0,0,0,41,123,29,0,0,0,0,0,0,65,7,280,0,15,0,119,5,154,31,360,0,0,0,0,0,46,0,27,0,54,0,5,0,45,0,0,0,0,0,0,0,0,0,0,0,6,0,15,4,17,0,1,0,1,0,53,0,72,0,0,0,0,0,0,0,0,0,0,2,0,0,0,0,0,0,0,0,0,0,29,0,0,0,0,0,0,0,0,0,0,0,0,0,5,0,0,0,0,0,0,0,0,0,0,0,0,0,0,0,0,0,0,0,0,0,8,0,0,0,0,0,17,0,36,0,0,0,51,0,5,0,146,0,187,0,99,0,107,0,35,0,0,0,0,0,0,0,0,0,3,0,0,0,0,0,1,0,0,0,0,0,0,0,3,0,0,0,13,0,0,5,52,0,0,0,0,5,61,0,0,0,0,0,0,0,0,0,0,0,0,0,0,0,0,0,0,0,0,0,0,0,0,0,0,0,0,0,1,0,0,0,0,18,21,12,9,0,0,0
0,1,19,0,180,0,0,0,0,0,88,16,19,10,290,0,25,0,54,0,90,19,9,0,4,0,20,0,27,0,0,0,19,0,39,0,24,0,5,0,0,0,13,0,14,0,0,0,0,0,22,0,18,0,13,0,0,0,2,0,0,0,41,0,0,0,0,0,0,0,34,0,0,0,36,0,0,0,0,0,19,0,0,0,9,0,39,0,0,0,15,0,0,0,0,0,0,0,87,0,55,0,0,0,0,0,0,0,0,0,0,0,0,0,0,0,0,0,0,0,41,0,11,0,0,0,0,0,0,0,0,0,0,0,0,0,0,0,81,0,77,0,31,0,32,0,0,0,0,0,0,0,0,0,10,0,0,0,67,0,16,0,4,0,0,0,59,0,30,0,0,0,9,0,0,0,32,0,46,0,0,0,0,0,0,0,0,0,0,0,0,0,0,0,0,0,0,0,0,0,0,0,0,0,0,0,0,0,0,0,43,37,93,23,11,0,0,0,3,0,0,0,0,0,0
0,0,0,0,0,165,0,0,0,0,0,59,0,6,45,154,2,33,0,156,13,72,24,55,1,0,0,0,0,46,0,0,0,12,0,26,0,14,0,3,0,0,0,18,0,30,0,0,0,0,0,19,0,0,0,0,0,0,0,1,0,6,0,3,0,0,0,0,0,0,0,0,0,2,0,0,0,0,0,0,0,0,0,0,0,0,0,0,0,0,0,0,0,0,0,0,0,0,0,0,0,0,0,0,0,0,0,0,0,0,0,0,0,0,0,0,0,0,0,0,0,0,0,0,0,0,0,0,0,0,0,0,0,0,0,0,0,72,0,65,0,92,0,67,0,44,0,0,0,0,0,0,0,0,0,0,0,11,0,0,0,0,0,0,0,0,0,23,0,9,0,0,0,6,0,0,0,54,0,15,0,0,0,0,0,0,0,3,0,0,0,0,0,0,0,0,0,0,0,0,0,0,0,0,0,0,0,0,0,0,0,0,0,0,0,0,0,0,23,37,38,0,0,0,0
24,0,52,0,376,51,0,0,0,0,334,0,36,0,297,33,8,0,35,29,47,0,11,10,0,0,6,0,19,0,19,0,0,0,32,0,321,0,3,0,0,0,7,0,28,0,0,0,0,0,16,0,22,0,0,0,0,0,0,0,25,0,32,0,0,0,0,0,0,0,24,0,0,0,18,0,0,0,0,0,0,0,0,0,0,0,34,0,0,0,0,0,0,0,52,0,9,0,58,0,38,0,11,0,0,0,30,0,0,0,0,0,0,0,0,0,0,0,0,0,0,0,8,0,0,0,0,0,0,0,0,0,0,0,2,0,0,0,89,0,0,0,0,0,58,0,0,0,0,0,0,0,30,0,42,0,30,0,71,0,4,0,10,0,0,0,183,0,41,0,0,0,38,0,0,0,128,0,137,1,0,0,18,0,0,0,0,0,0,0,0,0,0,0,0,0,0,0,0,0,0,0,0,0,0,0,0,0,0,0,53,57,146,21,13,0,0,0,0,0,0,0,0,0,0
39,192,87,155,96,438,0,0,0,3,59,287,0,0,86,314,14,11,0,40,15,54,119,132,0,0,0,0,0,27,0,12,0,0,0,55,0,153,0,11,0,0,0,27,0,18,0,0,0,0,0,23,0,0,0,0,0,0,0,0,0,7,0,3,0,0,0,0,0,0,0,2,0,0,0,0,0,0,0,0,0,0,0,0,0,12,0,0,0,0,0,0,0,0,0,0,0,0,0,0,0,0,0,0,0,2,0,0,0,0,0,0,0,0,0,0,0,0,0,0,0,0,0,0,0,0,0,0,0,0,0,0,0,0,0,0,0,53,0,39,0,73,0,25,0,44,0,0,0,0,0,10,0,0,0,0,0,8,0,0,0,0,0,0,0,0,0,59,0,6,0,0,0,10,0,0,52,221,0,94,0,0,1,24,0,0,0,0,0,0,0,0,0,0,0,0,0,0,0,0,0,0,0,0,0,0,0,0,0,0,0,2,10,0,5,0,0,0,23,111,17,0,0,0,0
0,0,0,0,135,9,0,0,0,0,0,0,160,0,188,0,9,0,365,0,136,0,0,0,0,0,57,20,27,0,39,0,32,0,0,0,97,0,0,0,0,0,17,0,26,0,0,15,8,0,92,0,4,0,0,0,0,0,0,0,0,0,15,0,0,0,0,0,0,0,0,0,0,0,20,0,0,0,0,0,0,0,0,0,0,0,0,0,0,0,0,0,0,0,0,0,0,0,0,0,0,0,0,0,0,0,0,0,0,0,0,0,0,0,0,0,0,0,0,0,0,0,0,0,0,0,0,0,0,0,0,0,0,0,0,0,3,0,54,0,0,0,0,0,0,0,0,0,0,0,0,0,0,0,0,0,0,0,0,0,0,0,0,0,41,0,34,0,80,0,2,0,14,0,0,0,10,0,9,0,0,0,0,0,0,0,23,0,0,0,0,0,0,0,0,0,0,0,0,0,0,0,0,0,0,0,0,0,0,0,44,99,225,33,17,0,0,0,0,0,0,0,0,0,0
0,0,0,0,0,177,0,0,0,0,0,26,0,71,37,35,0,3,14,330,23,122,0,6,0,0,0,17,0,54,0,26,0,55,0,0,2,159,0,17,0,0,0,32,0,37,0,0,0,0,0,26,0,0,0,0,0,0,0,0,0,21,0,6,0,0,0,0,0,0,0,0,0,0,0,0,0,0,0,0,0,0,0,0,0,38,0,0,0,0,0,0,0,0,0,0,0,0,0,0,0,0,0,0,0,0,0,0,0,0,0,0,0,0,0,0,0,0,0,0,0,0,0,0,0,0,0,8,0,0,0,0,0,11,0,0,0,0,0,140,0,187,0,68,0,122,0,0,0,0,0,0,0,0,0,1,0,34,0,2,0,0,0,0,0,21,0,51,0,28,0,2,0,0,0,0,0,50,3,17,0,0,0,0,0,0,0,16,0,0,0,0,0,0,0,4,0,0,0,0,0,0,0,0,0,0,0,0,0,0,0,0,0,0,8,0,0,0,25,80,81,0,0,0,0
12,0,8,0,252,0,0,0,0,0,72,0,126,0,96,4,0,0,103,0,30,0,3,2,0,0,28,0,4,0,24,0,321,0,97,2,0,0,81,0,0,0,30,0,46,0,0,0,4,0,113,0,0,0,3,0,0,0,0,0,30,0,8,0,0,0,3,0,0,0,44,0,0,0,28,0,0,0,0,0,20,0,0,0,0,0,24,0,0,0,0,0,0,0,0,0,0,0,53,0,34,0,0,0,0,0,0,0,0,0,0,0,0,0,0,0,0,0,0,0,28,0,0,0,0,1,0,0,0,0,0,0,0,0,0,0,0,0,204,0,150,0,0,0,81,0,0,0,0,0,0,0,0,0,0,0,29,0,96,0,13,0,13,0,29,0,51,0,89,0,20,0,69,0,0,0,32,4,58,0,0,0,0,0,0,0,5,0,0,0,0,0,0,0,0,0,0,0,0,0,0,0,0,0,0,0,0,0,0,0,13,50,84,0,3,0,0,0,0,0,0,0,0,0,0
15,183,0,44,18,147,0,40,0,0,10,75,0,22,37,20,11,8,0,177,0,48,28,11,20,24,0,33,0,5,0,14,0,153,0,159,0,0,0,42,0,0,0,61,0,52,0,0,0,0,0,118,1,0,0,0,0,0,0,0,0,55,0,7,0,6,0,0,0,0,0,17,0,0,0,0,0,0,0,0,0,75,0,0,0,48,0,0,0,0,0,0,0,0,0,0,0,0,0,8,0,0,0,0,0,0,0,0,0,0,0,0,0,0,0,0,0,0,0,0,0,0,0,7,0,0,0,0,0,0,0,0,0,0,0,2,0,51,0,84,0,175,0,78,0,214,0,0,0,0,0,0,0,0,0,0,0,82,0,0,0,0,0,0,0,27,0,90,0,34,0,14,0,94,0,0,11,71,0,58,0,0,0,56,0,0,0,6,0,0,0,0,0,0,0,0,0,0,0,0,0,0,0,0,0,0,0,0,0,0,0,0,0,0,4,0,0,0,12,131,52,0,0,0,0
508,0,292,0,53,0,0,0,0,0,89,0,0,0,0,22,59,6,1,0,8,0,57,0,75,0,0,0,41,0,5,0,3,0,0,0,81,0,0,0,0,0,0,0,0,0,0,0,0,0,0,0,39,0,17,0,0,0,0,0,4,0,34,0,0,0,0,0,0,0,0,0,1,0,0,0,0,0,0,0,0,0,0,0,0,0,0,0,0,0,0,0,0,0,0,0,0,0,0,0,0,0,0,0,0,0,0,0,0,0,0,0,0,0,0,0,0,0,0,0,0,0,0,0,0,0,0,0,0,0,0,0,0,0,0,0,0,0,37,0,0,0,0,0,15,0,0,0,0,0,0,0,0,0,20,0,55,0,25,0,0,0,0,0,0,0,33,0,0,0,0,0,189,0,0,0,237,10,9,0,0,0,193,0,0,0,0,0,0,0,0,0,0,0,0,0,0,0,0,0,0,0,0,0,0,0,0,0,0,0,67,316,48,32,38,0,0,0,0,0,0,1,0,0,0
38,344,0,130,0,0,36,194,14,16,0,0,0,0,0,43,16,66,0,0,0,14,11,59,45,197,0,0,0,45,0,3,0,11,0,17,0,42,0,0,0,0,0,0,0,0,0,0,0,0,0,1,3,7,5,18,0,1,0,0,0,22,7,23,0,0,0,0,0,0,0,0,0,0,0,0,0,0,0,0,0,1,0,0,0,2,0,0,0,0,0,0,0,0,0,0,0,4,0,0,0,0,0,0,0,0,0,0,0,0,0,0,0,0,0,0,0,0,0,0,0,0,0,0,0,0,0,1,0,0,0,0,0,0,0,0,0,16,0,53,0,22,0,0,0,102,0,0,0,0,0,5,0,0,0,8,0,44,0,10,0,0,0,0,0,0,0,0,0,2,0,0,0,20,0,0,0,162,0,0,0,0,3,126,0,0,0,0,0,0,0,0,0,0,0,0,0,0,0,0,0,0,0,0,0,0,0,0,0,0,0,0,0,0,7,0,0,0,6,56,12,8,0,0,0
25,0,38,0,157,0,6,0,63,0,105,0,396,100,0,0,0,0,66,0,0,0,0,0,0,0,58,186,0,0,0,0,0,0,0,0,0,0,0,0,0,65,53,14,50,98,257,274,180,37,12,11,0,0,0,0,0,0,0,0,0,0,0,0,23,0,6,0,0,0,0,0,0,0,0,0,0,0,0,0,0,0,0,0,0,0,0,0,0,0,0,0,0,0,0,0,0,0,0,0,0,0,0,0,0,0,0,0,0,0,0,0,0,0,0,0,0,0,0,0,0,0,0,0,0,0,0,0,0,0,0,0,0,0,15,0,0,0,0,0,0,0,0,0,0,0,0,0,12,0,33,0,0,0,0,0,0,0,0,0,0,0,0,0,10,0,0,0,0,0,0,0,0,0,0,0,38,50,163,0,53,0,35,0,94,0,136,0,0,0,0,0,0,0,0,0,0,0,0,0,0,0,0,0,0,0,0,0,0,0,0,68,85,4,0,0,0,27,0,0,0,0,0,0,0
0,105,0,15,0,28,0,8,0,0,0,151,0,181,0,0,0,0,31,4,9,0,0,0,0,0,49,20,0,0,0,0,0,0,0,0,0,0,0,0,65,0,12,0,31,22,66,518,8,155,4,0,0,0,0,0,0,1,0,0,0,0,0,0,0,0,0,0,0,0,0,0,0,0,0,0,0,0,0,0,0,0,0,0,0,0,0,0,0,0,0,0,0,1,0,0,0,0,0,0,0,0,0,0,0,0,0,0,0,0,0,0,0,0,0,0,0,0,0,0,0,0,0,0,0,0,0,5,0,0,0,0,0,0,0,6,0,5,0,0,0,0,0,0,0,0,0,0,0,0,0,0,0,0,0,0,0,0,0,0,0,0,0,0,0,12,0,0,0,0,0,0,0,0,0,0,0,153,0,58,0,28,0,0,0,13,17,19,0,0,0,0,0,0,0,0,0,0,0,0,0,0,0,0,0,0,0,0,0,7,0,0,0,0,0,0,0,0,0,9,9,0,0,0,14
0,0,0,0,0,0,0,0,0,0,0,0,79,24,7,0,0,0,55,0,75,0,0,0,0,0,269,49,0,0,13,0,7,0,17,0,30,0,0,0,53,12,0,0,125,23,74,58,14,0,53,0,0,0,0,0,0,0,3,0,0,0,18,0,0,0,0,0,0,0,18,0,0,0,15,0,0,0,0,0,0,0,0,0,0,0,0,0,0,0,0,0,0,0,0,0,0,0,0,0,0,0,0,0,0,0,0,0,0,0,0,0,0,0,0,0,0,0,0,0,0,0,0,0,0,0,0,0,0,0,0,0,0,0,0,0,0,0,0,0,0,0,0,0,0,0,0,0,0,0,0,0,4,0,3,0,0,0,61,0,8,0,6,0,30,0,18,0,13,0,10,0,32,0,0,0,0,0,0,0,1,3,0,0,0,0,47,0,0,0,0,0,0,0,0,0,0,0,0,0,0,0,0,0,0,0,0,0,0,0,33,65,106,5,6,0,0,0,1,0,0,0,0,0,0
0,0,0,0,0,0,0,0,0,0,0,0,66,46,4,3,0,0,75,104,0,193,0,7,0,0,11,181,0,0,0,18,0,27,0,32,0,61,0,0,14,0,0,0,1,203,0,13,0,21,4,64,0,0,0,0,0,0,0,4,0,0,0,0,0,0,0,0,0,0,0,6,0,7,0,18,0,0,0,0,0,0,0,0,0,66,0,0,0,3,0,0,0,0,0,0,0,0,0,7,0,16,0,0,0,0,0,0,0,0,0,0,0,0,0,0,0,0,0,0,0,28,0,0,0,0,0,0,0,0,0,0,0,0,0,0,0,0,0,0,0,86,0,0,0,75,0,0,0,0,0,0,0,0,0,0,0,0,0,0,0,0,0,3,0,96,0,20,0,45,0,13,0,8,0,0,0,60,0,3,0,0,0,0,0,0,0,11,0,0,0,0,0,0,0,0,0,0,0,7,0,0,0,0,0,0,0,0,0,0,0,0,0,0,12,0,0,0,35,84,113,10,0,0,0
0,0,0,0,16,0,0,0,0,0,0,0,40,0,23,0,19,0,93,0,144,0,14,0,0,0,342,16,0,0,14,0,28,0,26,0,46,0,0,0,50,31,125,1,0,33,332,94,216,54,70,0,0,0,0,0,0,0,0,0,11,0,24,0,0,0,7,0,0,0,122,0,0,0,112,0,0,0,0,0,0,0,109,0,0,0,116,0,0,0,0,0,0,0,0,0,0,0,0,0,209,0,0,0,0,0,0,0,0,0,0,0,0,0,0,0,0,0,0,0,0,0,28,0,0,0,0,0,0,0,0,0,0,0,0,0,0,1,58,0,0,0,0,0,72,0,0,0,2,0,0,0,18,0,0,0,0,0,0,0,54,0,43,0,212,0,53,0,135,0,34,0,126,0,0,0,7,13,8,0,14,0,0,0,0,0,37,0,0,0,0,0,0,0,0,0,7,0,0,0,0,0,0,0,0,0,0,0,0,0,28,65,177,24,11,0,0,29,1,0,0,0,0,0,0
0,0,0,0,0,0,0,4,0,0,2,4,56,28,0,5,0,0,22,108,0,199,0,0,0,0,50,382,0,0,0,30,0,18,0,37,0,52,0,0,98,22,23,203,33,0,77,251,23,231,0,70,0,0,0,0,0,0,0,9,0,4,0,0,0,0,0,0,0,10,0,7,0,12,0,0,0,26,0,0,0,134,0,0,0,117,0,53,0,8,0,17,0,0,0,57,0,0,0,19,0,29,0,34,0,0,0,49,0,0,0,0,0,0,0,0,0,1,0,0,0,0,0,12,0,0,0,0,0,0,0,0,0,0,0,0,0,0,0,0,0,94,0,108,0,82,0,0,0,0,0,0,0,5,0,0,0,0,0,0,0,0,0,7,0,164,0,34,0,68,0,25,0,23,0,0,0,26,0,0,2,0,0,0,0,0,26,6,0,0,0,0,0,0,0,29,0,1,0,0,0,0,0,0,0,0,0,0,0,0,0,0,0,0,24,0,0,0,55,124,208,8,11,0,159
0,5,35,0,100,0,0,0,46,0,103,0,254,56,30,0,23,0,167,0,21,0,0,5,35,0,346,70,0,0,0,0,0,0,0,0,0,0,0,0,257,66,74,0,332,77,0,193,317,62,28,0,12,0,0,0,0,0,6,0,0,0,17,0,0,0,0,0,0,0,0,0,0,0,0,0,0,0,0,0,0,0,0,0,0,0,0,0,0,0,0,0,0,0,0,0,0,0,50,0,0,0,0,0,0,0,0,0,0,0,0,0,0,0,0,0,0,0,0,0,0,0,0,0,0,0,0,0,0,0,0,0,0,0,0,0,0,0,0,0,0,0,0,0,0,0,14,0,17,0,75,0,163,0,13,0,0,0,0,0,0,0,0,0,79,0,0,0,0,0,0,0,14,0,0,0,69,44,105,0,137,0,48,0,219,0,136,0,0,0,22,0,0,0,0,0,0,0,0,0,0,0,0,0,0,0,0,0,0,0,47,173,245,15,26,2,0,82,0,0,2,0,0,0,0
0,266,0,51,0,156,0,27,0,31,0,220,168,311,4,0,0,0,106,176,14,12,0,0,0,0,175,215,0,0,0,0,0,0,15,0,0,0,0,0,274,518,58,13,94,251,193,0,42,233,35,2,0,0,0,8,0,0,0,0,0,0,0,0,1,26,0,0,0,2,0,0,0,0,0,0,0,0,0,0,0,0,0,0,0,0,0,0,0,1,0,0,0,0,0,0,0,0,0,0,0,0,0,0,0,0,0,0,0,0,0,0,0,0,0,0,0,0,0,0,0,0,0,0,0,0,0,0,0,0,0,0,0,0,0,78,0,30,0,0,0,0,0,0,0,0,0,0,0,0,0,54,0,14,0,0,0,0,0,0,0,0,0,0,0,46,0,0,0,0,0,0,0,0,0,4,0,154,0,0,0,13,0,0,0,0,84,19,0,0,0,0,0,0,0,0,0,0,0,0,0,0,0,0,0,0,0,0,0,43,0,1,1,0,0,0,0,0,0,158,71,0,0,0,110
6,0,4,0,13,0,20,0,8,0,11,0,83,0,2,2,0,0,8,0,0,0,6,0,0,0,46,0,0,0,0,0,0,0,8,0,4,0,0,0,180,8,14,0,216,23,317,42,0,62,20,0,3,0,18,0,43,0,6,0,9,0,2,0,2,0,4,0,5,0,0,0,2,0,0,0,6,0,3,0,1,0,25,0,0,0,6,0,5,0,3,0,3,0,17,0,0,0,0,0,0,0,15,0,38,0,21,0,0,0,0,0,0,0,0,0,0,0,0,0,0,0,0,0,0,0,0,2,2,1,0,0,0,0,21,0,0,1,0,0,11,2,16,0,0,0,4,0,2,0,24,2,38,0,0,0,0,0,0,0,23,0,16,0,44,0,25,0,37,0,17,0,25,0,0,0,43,25,33,0,45,4,8,0,23,0,386,1,54,1,51,0,37,0,38,0,8,0,38,0,29,1,52,0,45,0,28,0,11,0,53,78,311,19,33,28,2,16,0,0,10,2,1,0,1
0,7,0,3,0,8,0,0,0,0,0,25,5,24,0,0,0,2,0,4,0,0,0,0,0,0,9,71,0,0,0,0,0,0,0,0,0,0,0,0,37,155,0,21,54,231,62,233,62,0,0,6,0,0,0,0,0,0,0,4,0,0,0,7,0,0,0,0,0,3,0,0,0,0,0,0,0,0,0,0,0,0,0,13,0,0,0,2,0,0,0,0,0,3,0,12,0,0,0,0,0,0,0,6,0,7,0,6,0,0,0,0,0,0,0,0,0,0,0,0,0,0,0,0,0,1,0,0,0,0,0,1,0,0,0,0,0,0,0,0,0,0,0,0,0,0,0,0,0,0,0,4,0,0,0,0,0,0,0,0,0,0,0,3,2,36,0,9,0,9,0,7,0,3,0,0,0,166,0,11,0,0,0,2,0,6,46,60,0,8,0,6,0,0,0,8,0,0,0,3,0,5,0,0,0,7,0,1,0,0,0,2,0,0,3,0,0,0,10,30,40,2,3,0,16
0,0,0,0,103,0,2,0,0,0,7,0,208,18,20,0,7,0,231,0,131,0,0,0,0,0,223,33,11,0,22,0,16,0,92,0,113,0,0,0,12,4,53,4,70,0,28,35,20,0,0,0,2,0,3,0,4,0,7,0,0,0,6,0,0,0,9,0,0,0,0,0,0,0,0,0,7,0,0,0,10,1,0,0,0,0,21,0,0,0,0,0,8,0,0,0,18,0,39,0,28,0,0,0,0,0,0,0,0,0,0,0,0,0,0,0,0,0,0,0,0,0,0,0,0,0,0,0,0,0,0,0,0,0,0,0,0,0,49,0,47,0,0,0,17,0,0,0,0,0,0,0,0,0,0,0,0,0,37,0,12,0,13,0,71,0,23,0,156,0,17,0,90,0,0,0,14,0,0,0,0,0,0,0,0,0,66,0,8,0,0,0,0,0,0,0,0,0,0,0,0,0,0,0,0,0,0,0,0,0,28,82,196,15,0,0,0,0,0,0,0,0,0,0,0
0,0,0,0,0,0,0,0,0,0,0,9,104,163,0,0,0,0,100,219,20,146,0,0,0,0,26,149,0,6,0,19,0,23,0,26,0,118,0,1,11,0,0,64,0,70,0,2,0,6,0,0,0,0,0,0,0,0,0,0,0,0,0,0,0,0,0,0,0,0,0,19,0,9,0,0,0,0,0,0,0,112,0,0,0,84,0,0,0,0,0,19,0,0,0,0,0,0,0,13,0,0,0,0,0,0,0,0,0,0,0,0,0,0,0,0,0,0,0,0,0,38,0,0,0,0,0,0,0,0,0,0,0,0,0,0,0,0,0,0,0,113,0,85,0,136,0,1,0,0,0,0,0,0,0,0,0,18,0,0,0,36,0,7,0,83,0,60,0,108,0,40,0,39,0,0,11,75,1,2,0,0,0,0,0,0,7,11,0,26,0,0,0,0,0,10,0,0,0,0,0,0,0,16,0,14,0,0,0,0,0,0,0,0,17,0,0,0,34,56,152,14,3,0,0
3,40,0,0,0,0,14,57,102,115,0,0,0,0,0,0,91,4,25,0,44,0,39,0,23,46,0,0,23,0,18,0,22,0,4,0,0,1,39,3,0,0,0,0,0,0,12,0,3,0,2,0,0,16,82,35,204,4,36,10,43,9,97,44,0,0,1,45,0,0,0,0,0,0,0,0,0,0,0,0,11,1,0,0,8,0,18,0,0,0,0,0,0,0,0,0,0,0,41,0,0,0,0,0,12,0,53,0,0,0,0,0,0,0,0,0,0,0,0,0,0,0,15,0,0,0,0,0,85,0,24,0,14,0,36,0,134,0,49,0,74,0,152,0,0,0,9,0,0,0,0,0,0,0,320,0,44,0,239,0,71,0,0,0,0,0,0,0,7,0,35,2,0,0,0,0,69,6,0,0,0,0,109,1,16,0,0,0,0,0,0,0,0,0,0,0,0,0,7,0,12,0,0,0,0,0,0,0,0,0,79,35,42,36,42,0,10,0,5,0,1,0,0,0,0
0,0,0,0,0,0,15,6,51,90,0,0,0,0,0,27,0,18,0,52,0,36,0,30,4,5,0,0,0,15,0,0,0,0,0,0,0,0,0,7,0,0,0,0,0,0,0,0,0,0,0,0,16,0,19,37,23,86,75,30,0,36,5,90,0,0,93,17,0,0,0,0,0,0,0,1,0,0,0,0,0,7,0,0,0,16,0,2,0,0,0,0,0,0,0,5,0,27,0,3,0,6,0,0,0,0,0,16,0,0,0,0,0,0,0,0,0,0,0,0,0,0,0,0,0,22,0,13,0,86,0,24,0,48,0,40,0,107,0,148,0,24,0,83,0,46,0,0,1,0,0,0,0,0,5,114,0,23,0,83,0,14,0,0,0,0,0,0,0,3,0,0,0,0,0,0,15,10,0,0,0,0,0,2,7,149,0,0,0,0,0,0,0,0,0,0,0,0,0,0,0,0,0,0,0,0,0,0,0,8,0,0,0,0,11,0,0,0,11,15,8,15,0,2,0
0,49,14,0,1,0,167,76,87,128,0,0,0,0,0,0,9,10,0,0,0,0,13,0,109,63,0,0,36,4,13,0,0,0,0,0,3,0,17,5,0,0,0,0,0,0,0,0,18,0,3,0,82,19,0,35,11,0,59,0,34,15,49,39,1,0,6,0,0,0,0,0,4,0,0,0,0,0,0,0,0,0,0,0,9,0,0,0,0,0,0,0,0,0,0,0,0,0,0,0,0,0,0,0,0,0,0,2,0,0,0,0,0,0,0,0,0,0,0,0,0,0,0,0,0,0,28,0,39,0,105,0,0,0,79,0,130,0,0,4,0,0,143,0,0,0,5,0,0,0,0,0,0,0,67,0,14,0,53,0,20,0,0,0,0,0,1,0,0,0,100,0,12,0,0,0,12,16,1,0,0,0,0,0,0,1,0,0,0,0,0,0,0,0,0,0,0,0,10,0,30,0,0,0,0,0,0,0,58,0,172,8,97,200,259,0,37,1,13,0,7,0,0,0,0
0,12,0,39,0,15,0,143,162,109,0,0,0,0,0,53,0,21,0,30,0,32,0,78,0,65,0,31,0,17,0,0,0,0,0,0,0,0,0,18,0,0,0,0,0,0,0,8,0,0,0,0,35,37,35,0,40,59,115,36,0,121,7,100,0,0,161,13,0,0,0,0,0,0,0,0,0,0,0,0,0,0,0,0,0,0,0,0,0,0,0,0,0,0,0,0,0,27,0,0,0,0,0,0,0,0,0,29,0,0,0,0,0,0,0,0,0,0,0,0,0,0,0,0,0,0,0,23,0,82,0,40,0,69,0,173,0,240,0,68,0,27,0,106,0,2,0,0,0,0,0,5,0,0,7,29,0,13,0,35,1,8,0,0,0,2,0,0,0,23,0,136,0,53,0,0,30,15,0,0,0,0,0,0,13,44,0,0,0,0,0,0,0,0,0,0,0,0,0,0,0,0,0,0,0,0,0,0,0,34,0,3,0,0,248,0,0,0,159,11,250,309,0,48,2
0,0,0,0,0,0,8,9,34,95,0,0,0,0,0,0,12,0,0,0,0,0,0,0,4,8,0,0,0,0,0,0,0,0,0,0,0,0,0,0,0,0,0,0,0,0,0,0,43,0,4,0,204,23,11,40,0,9,191,23,0,0,6,25,91,23,82,96,0,0,0,0,0,0,0,0,0,0,0,0,0,0,0,0,2,0,0,0,0,0,0,0,0,0,0,0,0,0,0,0,0,0,0,0,0,0,0,0,0,0,0,0,0,0,0,0,0,0,0,0,0,0,1,0,13,0,18,0,59,0,194,0,57,0,14,0,35,0,4,5,0,0,36,0,0,0,5,0,2,5,4,0,0,0,103,23,54,2,99,8,72,0,19,0,2,0,5,0,25,0,163,0,14,0,0,0,9,8,0,0,0,0,0,0,6,0,0,0,0,0,0,0,0,0,0,0,0,0,0,0,0,0,0,0,0,0,0,0,35,0,291,84,400,477,706,23,90,0,15,5,0,0,0,0,0
0,0,0,3,0,1,0,4,0,5,0,0,0,0,0,0,0,0,0,0,0,0,0,2,0,2,0,0,0,1,0,0,0,0,0,0,0,0,0,1,0,1,0,0,0,0,0,0,0,0,0,0,4,86,0,59,9,0,49,188,0,7,0,16,5,0,73,16,0,0,0,1,0,0,0,0,0,0,0,0,0,0,0,0,0,0,0,0,0,0,0,0,0,1,0,0,0,0,0,0,0,0,0,0,0,0,0,0,0,0,0,0,0,0,0,0,0,0,0,0,0,0,0,0,0,27,0,8,0,82,0,41,0,48,0,43,0,87,0,57,0,0,0,21,0,3,0,0,0,0,0,0,0,0,10,93,0,4,0,132,9,21,0,0,0,5,0,2,0,28,0,157,0,9,0,0,0,0,0,0,0,0,0,0,5,9,0,0,0,0,0,0,0,0,0,0,0,0,0,0,0,0,0,0,0,0,0,0,0,0,0,1,0,0,159,0,0,0,53,16,156,157,0,10,0
3,0,12,0,0,0,32,0,176,104,8,0,2,0,0,0,0,0,0,0,0,0,0,0,9,17,0,0,1,0,2,0,0,0,0,0,0,0,0,0,0,0,3,0,0,0,6,0,6,0,7,0,36,75,59,115,191,49,0,79,34,0,0,48,26,31,67,308,0,0,0,0,0,0,0,0,0,0,0,0,0,0,0,0,0,0,0,0,0,0,0,0,0,0,0,0,0,0,0,0,0,0,0,0,0,0,0,0,0,0,0,0,0,0,0,0,0,0,0,0,0,0,0,0,21,0,4,0,0,0,130,0,0,0,5,0,0,0,4,0,0,0,0,0,0,0,0,0,24,0,3,0,0,0,95,27,109,0,5,21,48,0,6,0,0,0,3,0,9,0,60,0,5,0,0,0,63,9,0,0,0,0,0,1,50,30,0,0,0,0,0,0,0,0,0,0,0,0,0,0,0,0,0,0,0,0,0,0,11,0,457,212,173,355,788,17,67,0,23,0,0,0,0,0,0
0,52,3,10,0,0,0,27,8,105,0,13,0,0,0,0,0,0,0,0,0,0,0,0,0,0,0,0,0,1,0,1,0,0,0,0,0,0,0,0,0,0,0,4,0,9,0,0,0,4,0,0,10,30,0,36,23,188,79,0,0,19,0,9,34,60,180,256,0,0,0,0,0,0,0,0,0,0,0,0,0,0,0,0,0,0,0,0,0,0,0,0,0,0,0,0,0,0,0,0,0,1,0,0,0,0,0,0,0,0,0,0,0,0,0,0,0,0,0,0,0,0,0,0,0,24,0,0,0,8,0,68,0,8,0,13,0,28,0,15,0,0,0,5,0,35,0,5,0,9,0,0,0,0,28,62,0,101,0,31,11,67,0,0,0,7,0,6,0,94,0,244,0,20,0,0,5,0,0,0,0,2,0,0,15,11,0,0,0,0,0,0,0,0,0,0,0,0,0,0,0,0,0,0,0,0,0,0,0,16,0,5,0,0,1384,0,0,0,494,92,628,782,56,71,0
114,0,0,2,0,0,144,0,225,0,0,0,0,0,0,0,32,0,0,0,6,0,0,1,38,0,0,0,6,0,0,0,25,0,0,0,30,0,4,0,0,0,0,0,11,0,0,0,9,0,0,0,43,0,34,0,0,0,34,0,0,0,34,0,0,0,0,0,0,0,16,0,0,0,19,0,0,0,0,0,7,0,0,0,0,0,9,0,0,0,0,0,0,0,0,0,0,0,0,0,8,0,0,0,0,0,0,0,0,0,0,0,0,0,0,0,0,0,0,0,0,0,0,0,0,0,0,0,0,0,0,0,0,0,0,0,0,0,209,0,121,0,0,0,207,0,0,0,0,0,0,0,0,0,35,0,153,0,60,0,0,0,7,0,0,0,0,0,2,0,138,0,173,1,0,0,165,10,0,0,0,0,151,0,4,3,0,0,0,0,0,0,0,0,0,0,0,0,0,0,0,0,0,0,0,0,0,0,0,0,73,96,56,49,46,0,4,1,0,0,3,0,0,0,0
0,160,0,0,0,0,30,303,0,357,0,0,0,0,0,0,4,13,0,0,0,6,0,0,10,126,0,0,0,53,0,6,0,7,0,21,0,55,0,22,0,0,0,0,0,4,0,0,0,0,0,0,9,36,15,121,0,7,0,19,0,0,5,48,0,0,0,42,0,0,0,0,0,0,0,0,0,0,0,0,0,0,0,0,0,0,0,0,0,0,0,0,0,0,0,0,0,0,0,0,0,0,0,0,0,0,0,0,0,0,0,0,0,0,0,0,0,0,0,0,0,0,0,0,0,0,0,0,0,0,0,0,0,0,0,0,0,0,0,78,0,76,0,7,0,357,0,0,0,0,0,0,0,0,0,5,0,122,0,10,0,4,0,0,0,1,0,0,0,5,0,78,0,93,0,0,16,240,0,0,0,0,0,126,0,51,0,0,0,0,0,0,0,0,0,0,0,0,0,0,0,0,0,0,0,0,0,0,0,0,2,0,0,0,15,0,0,0,35,96,20,13,0,1,0
32,47,15,0,0,0,73,57,87,38,2,0,0,0,42,0,348,0,29,0,106,0,76,2,37,36,42,0,77,0,41,0,32,0,15,0,8,0,34,7,0,0,18,0,24,0,17,0,2,0,6,0,97,5,49,7,6,0,0,0,34,5,0,12,0,0,0,0,0,0,0,0,0,0,5,0,0,0,0,0,6,0,11,0,13,0,0,0,0,0,15,0,0,0,0,0,12,0,39,0,16,0,0,0,0,0,34,0,0,0,0,0,0,0,0,0,0,0,0,0,0,0,0,0,0,0,0,0,0,0,0,0,0,0,0,0,48,0,30,0,32,0,101,0,1,0,0,0,0,0,2,0,0,0,81,0,23,0,74,0,20,0,0,0,0,0,0,0,0,0,5,0,14,0,0,0,60,10,0,0,0,0,147,0,0,0,0,0,0,0,0,0,0,0,0,0,0,0,0,0,6,0,0,0,0,0,0,0,0,0,27,23,15,11,21,0,0,0,0,2,0,0,0,0,0
0,20,0,0,0,0,43,90,143,202,0,0,0,0,0,102,0,133,0,152,0,123,0,124,8,88,0,74,0,72,0,3,0,3,0,6,0,7,0,23,0,0,0,0,0,0,0,0,0,7,0,0,44,90,39,100,25,16,48,9,0,48,12,0,0,0,34,13,0,0,0,0,0,0,0,0,0,0,0,0,0,0,0,0,0,8,0,0,0,0,0,0,0,0,0,0,0,9,0,0,0,0,0,0,0,0,0,0,0,0,0,0,0,0,0,0,0,0,0,0,0,0,0,0,0,0,0,0,0,25,0,7,0,34,0,9,0,63,0,104,0,26,0,37,0,67,1,0,0,0,0,0,0,0,0,16,0,12,0,15,0,0,0,0,0,0,0,0,0,0,0,4,0,0,0,0,27,72,0,0,0,0,0,27,0,68,0,0,0,0,0,0,0,0,0,0,0,0,0,0,0,0,0,0,0,0,0,0,0,0,0,0,0,0,6,0,0,0,0,3,4,5,0,0,0
2,0,0,0,0,0,12,0,46,0,5,0,14,0,9,0,0,0,18,0,0,0,1,0,6,0,0,0,0,0,0,0,0,0,0,0,0,0,0,0,23,0,0,0,0,0,0,1,2,0,0,0,0,0,1,0,91,5,26,34,0,0,0,0,0,71,63,27,0,0,0,0,0,0,0,0,0,0,0,0,0,0,0,0,0,0,0,0,0,0,0,0,0,0,0,0,0,0,0,0,0,0,0,0,0,0,0,0,0,0,0,0,0,0,0,0,0,0,0,0,0,0,0,0,9,0,0,0,0,50,20,25,0,0,3,0,0,0,11,77,0,0,0,0,30,15,35,0,19,0,13,0,10,0,29,38,42,0,0,51,140,172,0,0,0,0,2,0,0,0,0,0,10,0,113,32,50,0,0,0,68,48,11,0,192,0,0,0,0,0,0,0,0,0,0,0,0,0,0,0,0,0,0,0,0,0,0,0,4,0,95,36,0,0,133,0,0,2,6,0,0,0,0,0,0
0,73,0,0,0,19,0,10,0,148,0,15,0,0,0,0,0,0,0,20,0,0,0,0,0,0,0,26,0,0,0,0,0,0,0,0,0,6,0,0,0,0,0,0,0,0,0,26,0,0,0,0,0,0,0,0,23,0,31,60,0,0,0,0,71,0,32,246,0,0,0,0,0,0,0,0,0,0,0,0,0,0,0,0,0,0,0,0,0,0,0,0,0,0,0,0,0,0,0,0,0,0,0,0,0,0,0,0,0,0,0,0,0,0,0,0,0,0,0,0,0,0,0,0,0,12,0,10,19,3,0,96,0,0,0,13,0,9,0,21,1,0,2,0,6,54,0,66,0,173,0,40,0,8,27,2,0,8,52,0,99,212,0,0,0,0,0,0,0,0,0,0,0,0,5,95,11,0,0,0,14,43,0,8,0,130,0,0,0,0,0,0,0,0,0,0,0,0,0,0,0,0,0,0,0,0,0,22,0,35,0,0,0,0,170,0,0,0,112,57,27,0,0,0,0
8,0,0,0,11,0,15,0,471,87,18,0,10,0,10,0,0,0,13,0,0,0,0,0,1,0,0,0,0,0,0,0,0,0,0,0,3,0,0,0,6,0,0,0,7,0,0,0,4,0,9,0,1,93,6,161,82,73,67,180,0,0,0,34,63,32,0,299,0,0,1,0,0,0,0,0,0,0,0,0,0,0,0,0,0,0,0,0,0,0,0,0,0,0,0,0,0,0,0,0,0,0,0,0,0,0,0,0,0,0,0,0,0,0,0,0,0,0,0,0,0,0,0,0,2,0,0,0,0,0,10,0,0,0,0,0,0,0,4,12,0,0,0,1,7,0,10,0,19,0,1,0,4,0,74,56,33,7,0,41,7,36,3,0,0,0,0,0,0,2,13,0,6,0,7,10,228,0,0,0,0,0,27,2,406,42,0,0,0,0,0,0,0,0,0,0,0,0,0,0,0,0,0,0,0,0,0,0,0,0,152,135,35,92,256,6,0,0,9,8,0,0,0,0,0
0,41,0,0,0,0,0,1,36,108,0,0,0,0,0,0,0,0,0,0,0,0,0,1,0,0,0,0,0,0,0,0,0,0,0,0,0,0,0,0,0,0,0,0,0,0,0,0,0,0,0,0,45,17,0,13,96,16,308,256,0,42,0,13,27,246,299,0,0,0,0,0,0,0,0,0,0,0,0,0,0,0,0,0,0,0,0,0,0,0,0,0,0,0,0,0,0,0,0,0,0,0,0,0,0,0,0,0,0,0,0,0,0,0,0,0,0,0,0,0,0,0,0,0,0,23,0,3,0,0,0,14,0,0,0,0,0,0,0,4,0,0,0,0,0,33,0,7,0,32,0,3,0,0,68,26,2,106,0,31,55,12,0,0,0,0,0,0,0,12,0,66,0,12,0,15,29,7,0,0,0,0,0,0,46,371,0,0,0,0,0,0,0,0,0,0,0,0,0,0,0,0,0,0,0,0,0,1,0,3,3,5,0,0,815,0,0,0,412,142,184,371,23,19,0
1,0,0,0,0,0,0,0,0,0,0,0,0,0,0,0,0,0,0,0,0,0,0,0,0,0,0,0,0,0,0,0,0,0,0,0,0,0,0,0,0,0,0,0,0,0,0,0,5,0,0,0,0,0,0,0,0,0,0,0,0,0,0,0,0,0,0,0,0,0,0,0,11,0,1,0,109,0,26,0,0,0,64,0,0,0,3,0,16,0,0,0,45,0,32,0,26,0,0,0,2,0,271,0,0,0,31,0,80,0,19,0,9,0,3,0,1,0,1,0,0,0,3,0,0,0,0,0,0,0,0,0,0,0,0,0,0,0,0,0,0,1,0,0,0,0,0,0,0,0,0,0,1,0,0,0,0,0,0,0,3,0,0,0,8,0,0,0,116,0,7,0,0,0,0,0,0,0,0,0,6,0,0,0,0,0,0,0,47,0,0,0,35,0,53,0,0,0,0,0,43,0,56,0,0,0,0,0,0,0,85,0,82,2,20,159,100,4,0,0,0,0,0,0,0
0,0,0,0,0,0,0,0,0,0,0,0,0,0,0,0,0,0,0,0,0,0,0,0,0,0,0,6,0,0,0,0,0,0,0,0,0,0,0,0,0,0,0,0,0,10,0,2,0,3,0,0,0,0,0,0,0,0,0,0,0,0,0,0,0,0,0,0,0,0,0,0,0,0,0,0,0,76,0,0,0,10,0,43,0,3,0,8,0,8,0,0,0,64,0,30,1,0,0,4,0,0,0,179,0,0,0,20,0,15,0,8,0,13,0,0,0,9,0,0,0,0,0,0,0,2,1,6,0,0,0,0,0,0,0,0,0,0,0,0,0,2,0,2,0,0,0,0,0,0,0,0,0,0,0,0,0,0,0,0,0,4,0,0,0,34,0,0,0,111,0,0,0,0,0,0,0,0,0,0,0,5,0,0,0,0,0,0,0,32,0,0,0,0,0,19,0,0,0,0,0,0,0,13,0,0,0,0,0,7,0,0,1,0,6,0,0,0,51,0,134,2,58,6,4
0,0,0,0,4,0,0,0,0,0,0,0,0,0,0,0,26,0,43,0,100,0,7,0,0,0,52,0,10,0,34,0,24,0,0,0,44,0,0,0,0,0,18,0,122,0,0,0,0,0,0,0,0,0,0,0,0,0,0,0,16,0,0,0,0,0,1,0,0,0,0,0,297,0,327,0,0,0,118,0,0,0,0,0,2,0,5,0,0,0,0,0,0,0,0,0,0,0,0,0,0,0,0,0,0,0,0,0,0,0,0,0,0,0,0,0,0,0,0,0,17,0,18,0,20,8,21,0,9,0,18,0,5,0,52,0,10,0,31,6,167,9,59,0,135,0,0,0,33,0,74,0,29,0,0,0,23,0,1,1,8,5,59,0,0,0,7,0,36,0,24,0,43,0,8,1,0,0,0,0,60,24,0,0,0,0,0,0,0,0,0,0,0,0,0,0,2,0,0,0,0,0,0,0,0,0,14,0,28,0,24,0,34,0,0,0,0,3,0,0,10,0,0,0,0
0,0,0,0,0,0,0,0,0,0,0,0,0,0,0,1,0,0,0,0,0,18,0,0,0,0,0,0,0,0,0,0,0,2,0,0,0,17,0,0,0,0,0,6,0,7,0,0,0,0,0,19,0,0,0,0,0,1,0,0,0,0,0,0,0,0,0,0,0,0,0,0,0,170,0,402,0,35,0,17,0,0,0,0,0,4,0,56,0,0,0,0,0,0,0,0,0,0,0,0,0,0,0,0,0,0,0,0,0,0,0,0,0,0,0,0,0,0,0,0,0,16,0,29,0,0,0,59,0,0,6,4,0,27,0,0,2,32,0,0,0,57,0,0,0,242,0,0,0,25,0,22,0,13,0,0,0,0,0,0,0,0,0,32,0,0,0,0,0,27,0,24,0,13,0,46,0,0,0,0,6,74,0,0,0,0,0,0,0,0,0,0,0,0,0,0,0,0,0,0,0,0,0,0,0,0,0,0,0,0,0,0,0,0,0,0,0,0,86,7,22,0,0,0,0
0,0,0,0,0,0,0,0,0,0,0,0,0,0,0,0,21,0,0,0,45,0,0,0,0,0,0,0,0,0,0,0,0,0,0,0,0,0,1,0,0,0,0,0,0,0,0,0,2,0,0,0,0,0,4,0,0,0,0,0,0,0,0,0,0,0,0,0,11,0,297,0,0,0,194,0,36,0,88,0,3,0,16,3,24,0,12,0,0,0,0,0,5,0,0,0,25,0,0,0,0,0,2,0,0,0,0,0,4,0,0,0,0,0,0,0,0,0,0,0,26,0,28,0,42,0,0,0,0,0,5,0,23,0,107,0,15,0,26,3,124,0,110,0,100,0,37,9,14,0,104,0,31,0,0,0,0,0,0,0,0,0,75,0,9,0,0,0,27,0,0,0,18,0,29,0,0,0,0,0,55,19,0,0,0,0,0,0,0,0,0,0,0,0,0,0,0,0,57,0,29,0,0,0,0,0,56,0,53,0,234,4,16,0,17,1,1,0,9,0,0,0,0,0,0
0,0,0,0,0,0,0,0,0,0,0,0,0,0,0,3,0,0,0,0,0,6,0,0,0,0,0,0,0,0,0,2,0,0,0,0,0,0,0,0,0,0,0,7,0,12,0,0,0,0,0,9,0,0,0,0,0,0,0,0,0,0,0,0,0,0,0,0,0,0,0,170,0,0,0,215,0,83,0,82,0,21,0,13,0,26,0,82,0,0,0,0,0,4,0,0,0,2,0,0,3,0,0,7,0,0,0,0,0,0,0,0,0,0,0,0,0,2,0,0,0,36,0,10,0,31,0,72,0,0,0,0,0,0,0,130,0,56,0,4,0,43,0,21,0,185,0,0,0,0,0,61,5,0,0,0,0,0,0,0,0,0,0,53,0,17,0,0,0,16,0,8,0,0,0,26,0,0,0,0,0,58,0,0,0,0,0,0,0,0,0,2,0,0,0,0,0,0,0,0,0,122,0,0,0,0,0,0,0,57,0,0,0,1,14,0,0,0,186,10,24,0,2,1,0
0,0,0,0,0,0,0,0,0,0,0,0,0,0,17,0,68,0,37,0,133,0,15,0,0,0,41,0,20,2,36,0,18,0,20,0,28,0,0,0,0,0,15,0,112,0,0,0,0,0,0,0,0,0,0,0,0,0,0,0,19,0,5,0,0,0,0,0,1,0,327,0,194,0,0,0,20,0,142,0,8,0,22,0,11,0,16,3,0,0,0,0,0,0,3,0,7,0,0,0,0,0,0,0,0,0,0,0,0,0,0,0,0,0,0,0,0,0,0,0,14,0,31,0,23,9,0,0,0,0,10,0,0,0,44,0,10,0,26,0,135,0,83,0,98,0,0,3,46,0,44,0,0,0,0,0,18,0,0,0,0,0,23,0,0,0,0,0,23,0,18,0,30,0,29,0,0,0,0,0,72,18,0,0,0,0,0,0,0,0,0,0,0,0,0,0,0,0,0,0,0,0,0,0,0,0,13,0,20,0,47,0,16,0,9,0,0,0,10,0,0,0,0,0,0
0,0,0,0,0,0,0,0,0,0,0,0,0,0,0,0,0,1,0,0,0,0,0,0,0,0,0,0,0,0,0,0,0,0,0,0,0,0,0,0,0,0,0,18,0,0,0,0,0,0,0,0,0,1,0,0,0,0,0,0,0,0,0,0,0,0,0,0,0,0,0,402,0,215,0,0,0,18,0,50,0,9,0,0,0,30,0,142,0,0,0,1,0,0,0,0,0,0,2,2,0,1,0,0,0,1,0,0,0,0,0,0,0,0,0,0,0,0,0,0,0,96,0,92,0,0,0,0,0,0,12,0,19,0,0,34,0,28,4,0,0,71,0,30,0,325,0,0,0,23,0,19,3,32,0,0,0,0,0,0,0,2,0,34,0,0,0,0,0,18,0,15,0,0,0,81,0,0,0,0,12,158,0,0,0,0,0,0,0,0,0,0,0,0,0,0,0,0,1,0,0,18,0,0,0,0,1,0,0,0,0,0,5,0,6,0,0,0,84,0,15,0,0,0,0
0,0,0,0,0,0,0,0,0,0,0,0,0,0,0,0,0,0,0,0,0,0,0,0,0,0,0,0,0,0,0,0,0,0,0,0,0,0,0,0,0,0,0,0,0,0,0,0,6,0,7,0,0,0,0,0,0,0,0,0,0,0,0,0,0,0,0,0,109,0,0,0,36,0,20,0,0,0,59,0,12,0,40,0,23,0,18,0,0,0,0,0,17,0,17,0,77,0,15,0,0,0,46,0,53,0,37,0,8,0,1,0,1,0,2,0,4,0,0,0,0,0,10,0,0,0,0,0,0,0,0,0,0,0,0,0,0,0,0,0,0,4,0,0,0,0,0,0,0,0,0,0,5,0,2,0,0,0,0,0,0,0,0,0,11,0,0,0,52,0,0,0,0,0,0,0,0,0,0,0,0,0,0,0,0,0,0,0,0,0,0,0,52,0,42,0,0,0,0,0,0,0,83,0,107,0,0,0,0,0,80,3,40,0,0,30,10,2,0,0,0,0,0,0,0
0,0,0,0,0,0,0,0,0,0,0,0,0,0,0,0,0,0,0,0,0,0,0,0,0,0,0,0,0,0,0,0,0,0,0,0,0,0,0,0,0,0,0,0,0,26,0,0,0,0,0,0,0,0,0,0,0,0,0,0,0,0,0,0,0,0,0,0,0,76,0,35,0,83,0,18,0,0,0,16,0,65,0,96,0,25,0,192,0,0,0,0,0,75,0,25,0,0,1,11,0,0,0,102,0,0,0,0,0,8,0,2,0,0,0,0,0,5,0,0,0,15,0,0,0,0,0,22,0,0,0,0,0,0,0,0,0,0,0,0,0,9,0,9,0,8,0,0,0,0,0,0,0,5,0,0,0,0,0,0,0,0,0,3,0,28,0,0,0,63,0,2,0,0,0,0,0,0,0,0,0,0,0,0,0,0,0,0,0,95,0,22,0,0,0,77,0,0,0,0,0,104,0,76,0,0,0,0,0,0,0,0,0,0,10,0,0,0,72,0,107,2,25,1,1
0,0,0,0,0,0,0,0,0,0,0,0,0,0,0,0,0,0,0,0,0,0,0,0,0,0,0,0,0,0,0,0,0,0,0,0,0,0,0,0,0,0,0,0,0,0,0,0,3,0,0,0,0,0,0,0,0,0,0,0,0,0,0,0,0,0,0,0,26,0,118,0,88,0,142,0,59,0,0,0,14,0,68,0,38,0,63,0,2,0,0,0,18,0,18,0,30,0,8,0,0,0,0,0,0,0,0,0,17,0,0,0,0,0,11,0,3,0,0,0,63,0,84,0,0,0,0,0,2,0,0,0,0,0,52,0,14,0,0,0,96,0,31,0,82,0,0,0,0,0,27,0,0,0,0,0,0,0,0,0,3,0,19,0,9,0,0,0,17,0,12,0,0,0,0,0,0,0,0,0,27,0,0,0,0,0,0,0,0,0,0,0,0,0,0,0,7,0,0,0,49,0,0,0,0,0,0,0,29,0,338,0,10,0,14,10,7,0,0,0,0,0,0,0,0
