0,129,47,50,70,0,12,12,39,5,101,9,96,0,50,77,128,56,8,0,11,0,170,78,34,15,12,0,59,4,18,0,128,0,0,0,56,0,397,5,44,0,0,0,0,0,11,0,27,0,3,0,2,0,0,2,2,0,3,0,65,5,77,4,6,0,7,0,1,0,4,0,2,0,0,0,0,0,0,0,2,0,0,0,0,0,2,0,0,0,0,0,0,0,2,0,0,0,10,0,0,0,0,0,0,0,0,0,0,0,0,0,0,0,0,0,0,0,0,0,3,0,2,0,1,0,1,0,0,0,7,0,0,0,0,0,0,0,0,0,0,0,0,0,0,0,11,0,7,0,5,0,2,0,1,0,0,0,0,0,8,0,3,0,3,0,15,0,47,1,29,0,321,0,0,0,77,33,5,0,3,0,5,0,33,0,0,0,0,0,0,0,0,0,0,0,0,0,0,0,0,0,0,0,0,0,1,0,2,0,0,0,0,0,67,0,0,0,9,0,183,5,6,0,23,0,175,12,324,6,210,0,158,4,29,0,33,2,105,0,76,0,93,0,243,2,0,0,0
129,0,73,50,0,133,54,41,57,51,15,299,0,142,27,69,103,41,0,62,10,20,240,36,143,8,0,75,0,218,1,29,0,175,0,4,0,89,0,316,0,95,0,0,0,5,0,42,0,7,0,0,1,3,1,11,0,4,0,5,0,216,12,122,0,22,0,4,0,0,0,0,0,8,0,0,0,0,0,0,0,0,0,0,0,0,0,4,0,0,0,0,0,0,0,0,0,0,0,0,0,0,0,0,0,0,0,0,0,0,0,0,0,1,0,0,0,0,0,0,0,0,0,0,0,4,0,0,0,0,0,29,0,3,0,0,0,0,0,0,0,0,0,0,0,4,0,7,0,29,0,11,0,5,0,0,0,0,0,0,0,11,0,0,0,9,0,12,1,0,0,26,0,130,0,0,13,293,0,13,0,8,5,62,1,36,0,0,0,0,0,1,0,0,0,0,0,0,0,0,0,0,0,1,0,0,0,0,0,3,0,0,0,2,0,49,0,0,0,7,3,394,0,35,0,20,0,116,0,281,0,216,0,426,2,32,0,16,0,79,0,19,0,19,2,262,0,0,0
47,73,0,24,160,0,78,0,10,0,12,18,82,0,180,58,146,40,22,0,37,0,721,74,97,6,26,0,115,0,76,0,198,7,0,0,71,6,283,5,39,0,0,0,7,0,0,0,10,0,4,0,2,0,14,0,4,0,4,0,35,0,64,1,2,0,0,0,0,0,5,0,0,0,0,0,0,0,0,0,0,0,0,0,0,0,0,0,0,0,0,0,0,0,0,0,0,0,0,0,0,0,0,0,0,0,0,0,0,0,0,0,0,0,0,0,0,0,0,0,0,0,0,0,9,0,3,0,0,0,7,0,6,0,5,0,7,0,0,0,0,0,12,0,0,0,9,0,10,0,0,0,0,0,0,0,0,0,0,0,5,0,0,0,0,1,25,0,18,0,7,0,159,0,0,0,33,23,0,0,0,0,0,2,2,0,0,0,0,0,0,0,0,0,0,0,0,0,0,0,0,0,0,0,0,0,0,0,6,0,0,0,0,0,27,0,0,0,7,0,182,5,0,0,12,0,75,1,127,0,119,0,130,0,6,0,15,1,30,0,31,0,48,0,163,0,0,0,0
50,50,24,0,0,70,16,32,22,0,15,15,0,9,34,168,50,115,2,36,13,52,70,149,49,72,0,31,0,262,0,68,0,186,0,9,0,27,0,166,0,4,0,3,0,0,0,6,0,0,0,0,0,0,0,52,2,0,0,5,0,55,6,28,0,4,0,0,0,0,0,1,0,0,0,0,0,0,0,0,0,0,0,0,0,0,0,8,0,0,1,0,0,0,0,0,0,11,0,0,0,0,0,0,0,0,0,0,0,0,0,0,0,0,0,0,0,0,0,0,0,0,0,0,0,11,0,0,0,0,0,14,0,36,0,25,0,49,0,11,0,0,0,0,0,0,0,0,0,8,0,14,0,4,0,5,0,0,0,1,0,9,0,0,0,3,0,8,0,4,0,14,0,33,1,0,5,57,0,7,0,1,0,2,0,0,0,0,0,0,0,0,0,0,0,0,0,0,0,0,0,0,0,0,0,0,0,0,0,16,0,0,0,0,0,14,0,0,0,4,0,188,0,6,0,5,2,12,0,123,0,48,0,102,0,3,0,4,0,11,0,5,0,0,0,51,0,0,0
70,0,160,0,0,71,34,0,21,0,66,91,237,51,191,139,27,10,94,56,104,22,105,43,11,0,44,28,31,0,123,0,231,13,44,10,235,13,23,0,96,0,11,0,5,0,55,0,15,0,49,0,5,0,0,0,0,0,1,0,5,0,7,0,5,1,4,0,0,0,0,0,0,0,0,0,0,0,0,0,0,0,0,0,0,1,0,0,0,0,0,0,0,0,0,0,0,0,0,0,0,0,0,0,0,0,0,0,0,0,0,0,0,0,0,0,0,0,2,0,0,0,0,0,7,0,0,0,0,0,10,0,0,0,0,0,0,0,0,0,0,0,0,0,0,0,7,0,24,0,3,0,6,0,0,0,0,0,0,0,0,0,0,0,0,0,103,0,62,0,0,0,89,0,0,0,124,73,16,0,11,0,5,0,14,0,4,0,0,0,0,0,0,0,0,0,0,0,0,0,0,0,0,0,0,0,0,0,0,0,0,0,0,0,7,0,0,0,0,0,219,0,7,0,50,0,106,9,215,0,137,0,145,0,0,0,38,7,21,0,16,0,45,0,195,1,0,0,0
0,133,0,70,71,0,0,10,0,12,51,99,52,139,245,103,9,10,41,121,132,80,19,46,1,0,0,159,0,21,12,142,0,217,0,58,15,183,0,17,0,61,0,17,0,0,0,49,0,0,10,8,0,0,0,2,1,6,0,0,0,2,0,5,0,4,0,0,0,0,0,0,0,2,0,0,0,0,0,0,0,0,0,0,0,0,0,0,0,0,0,0,0,0,0,0,0,9,0,0,0,0,0,0,0,0,0,0,0,0,0,0,0,0,0,0,0,0,0,1,0,0,0,0,0,2,0,0,0,0,0,4,0,0,0,9,0,10,0,10,0,0,0,0,0,4,0,3,0,13,0,6,0,6,1,0,0,0,0,0,0,0,0,0,0,0,4,67,0,6,0,0,0,36,0,4,7,140,0,17,0,14,0,5,0,14,0,0,0,0,0,0,0,0,0,0,0,1,0,0,0,4,0,0,0,0,0,1,0,6,0,1,0,0,0,6,0,0,0,0,0,181,1,0,0,35,2,62,0,171,0,104,0,137,0,8,0,18,0,17,0,10,0,10,0,63,0,0,0
12,54,78,16,34,0,0,60,7,85,13,0,24,0,41,7,26,31,6,0,0,0,44,5,196,100,0,0,17,0,0,0,0,0,0,0,0,0,33,0,11,0,0,0,7,0,4,0,0,0,9,0,53,13,180,47,7,0,13,0,179,0,372,39,0,0,8,22,0,0,0,0,0,0,0,0,0,0,0,0,0,0,0,0,0,0,0,0,0,0,0,0,0,0,0,0,0,0,0,0,0,0,0,0,0,0,0,0,0,0,0,0,0,0,0,0,0,0,0,0,0,0,0,0,4,0,0,0,3,0,0,0,0,0,0,0,5,0,0,0,0,0,7,0,0,0,7,0,5,0,3,0,0,0,5,1,4,0,4,0,0,0,5,0,0,0,0,0,24,0,85,0,93,3,0,0,19,36,0,0,0,0,0,12,3,2,0,0,0,0,0,0,0,0,0,0,0,0,0,0,0,0,0,0,0,0,0,0,0,0,0,0,26,0,248,0,0,0,15,0,191,0,69,0,79,0,82,3,251,0,94,1,202,0,48,0,18,1,164,0,112,1,82,0,309,0,0,0,0
12,41,0,32,0,10,60,0,136,11,0,4,0,0,0,23,19,31,0,7,0,12,10,8,89,225,0,9,0,48,0,0,0,0,0,3,0,0,1,67,0,2,0,12,0,11,0,0,0,0,0,2,11,4,0,118,0,20,0,18,4,153,44,193,0,7,0,6,0,0,0,0,0,0,0,0,0,0,0,0,0,0,0,0,0,0,0,0,0,0,0,0,0,0,0,0,0,3,0,0,0,0,0,0,0,0,0,0,0,0,0,0,0,0,0,0,0,0,0,0,0,0,0,0,0,7,0,0,0,7,0,19,0,23,0,17,0,21,0,0,0,0,0,0,0,0,0,0,0,5,0,13,0,0,0,4,0,2,0,0,0,14,0,0,0,4,0,5,0,0,0,27,0,63,0,0,0,31,0,0,0,0,0,16,6,1,0,0,0,0,0,0,0,0,0,0,0,0,0,0,0,0,0,0,0,0,0,0,0,8,0,0,0,1,0,79,0,0,0,18,0,255,0,26,0,31,2,18,0,241,0,22,0,241,0,16,0,0,2,37,0,7,0,3,0,133,0,0,0
39,57,10,22,21,0,7,136,0,145,33,0,22,0,16,10,31,25,3,0,0,0,3,9,35,203,0,0,0,0,2,0,0,0,0,0,0,0,0,0,8,0,0,0,0,0,0,0,0,0,0,0,46,22,26,160,1,11,40,37,149,0,162,51,28,0,87,39,0,0,0,0,0,0,0,0,1,0,0,0,0,0,0,0,0,0,0,0,0,0,0,0,0,0,0,0,2,0,0,0,0,0,0,0,0,0,0,0,0,0,0,0,0,0,0,0,0,0,0,0,0,0,0,0,21,0,3,0,0,0,25,0,3,0,1,0,0,0,0,0,0,0,0,0,0,0,27,0,34,0,9,0,4,0,0,0,7,0,0,0,16,0,4,0,0,0,0,0,16,0,55,0,53,5,0,0,252,94,1,0,1,0,18,27,22,13,0,0,0,0,0,0,0,0,0,0,0,0,0,0,0,0,0,0,0,0,0,0,4,0,0,0,0,0,174,4,0,0,4,0,107,9,39,0,38,0,85,7,190,0,66,0,133,0,24,0,14,0,161,3,97,0,72,0,224,4,0,0,0
5,51,0,0,0,12,85,11,145,0,0,34,0,13,0,12,10,4,0,0,0,0,3,1,113,32,0,15,0,0,0,5,0,4,0,0,0,0,0,12,0,16,0,0,0,2,0,0,0,0,0,0,35,38,79,64,0,21,17,48,0,135,45,216,0,119,13,79,0,0,0,0,0,1,0,0,0,0,0,0,0,0,0,0,0,0,0,0,0,0,0,0,0,0,0,0,0,0,0,0,0,0,0,0,0,0,0,0,0,0,0,0,0,0,0,0,0,0,0,0,0,0,0,0,0,2,0,3,0,0,0,46,0,1,0,0,1,0,0,0,0,0,0,0,0,0,0,12,0,43,0,10,0,5,0,8,0,19,0,0,0,35,0,2,0,2,0,3,0,5,0,25,0,46,0,1,10,286,0,0,0,0,0,49,0,39,0,0,0,0,0,0,0,0,0,0,0,1,0,0,0,0,0,0,0,0,0,0,0,5,0,0,0,0,0,108,0,0,0,10,0,166,0,22,0,15,0,59,0,245,0,35,1,212,0,19,0,0,0,61,0,2,0,6,3,189,0,0,0
101,15,12,15,66,51,13,0,33,0,0,44,204,7,106,102,7,6,10,7,59,4,27,39,2,0,6,3,0,1,83,4,171,7,6,1,177,0,3,0,52,0,0,0,0,0,18,2,29,0,0,0,2,0,0,0,2,0,0,0,0,2,0,0,1,0,5,0,0,0,0,0,0,0,0,0,0,0,0,0,0,0,0,0,0,0,0,0,0,0,0,0,0,0,0,0,0,0,0,0,0,0,0,0,0,0,0,0,0,0,0,0,0,0,0,0,0,0,0,0,0,0,0,0,3,0,0,0,0,0,2,0,1,0,1,0,0,0,0,0,1,0,0,0,0,0,7,0,3,0,2,0,0,0,0,0,0,0,0,0,0,0,0,0,0,0,64,0,12,0,0,0,46,1,1,0,115,36,25,0,9,0,1,0,3,0,7,0,0,0,0,0,0,0,0,0,0,0,0,0,2,0,0,0,0,0,0,0,0,0,0,0,0,0,4,0,0,0,4,0,92,9,0,0,0,1,72,7,113,0,70,0,69,0,0,0,16,3,19,0,14,0,18,0,79,0,0,0,0
9,299,18,15,91,99,0,4,0,34,44,0,38,313,255,17,11,3,51,50,137,93,72,36,0,0,6,113,0,26,5,131,0,302,6,57,0,160,0,25,0,228,0,5,0,0,0,66,0,9,11,0,0,0,0,0,1,0,0,0,0,15,0,4,0,14,0,0,0,0,0,0,0,0,0,0,0,0,0,0,0,0,0,0,0,0,0,0,0,0,0,0,0,0,0,0,0,0,0,0,0,0,0,0,0,0,0,0,0,0,0,0,0,0,0,0,0,0,0,0,0,0,0,0,0,2,0,0,0,0,0,5,0,2,0,0,0,0,0,0,0,0,0,2,0,0,0,5,0,17,0,17,0,7,0,0,0,0,0,0,0,3,0,3,0,0,0,66,0,10,0,0,0,34,0,10,17,337,4,33,0,26,0,9,0,38,0,20,0,0,0,0,0,0,0,0,0,0,0,1,0,0,0,0,0,0,0,0,0,7,0,0,0,0,0,0,0,0,0,16,10,260,0,14,0,45,0,150,8,226,4,191,1,203,0,21,0,36,0,25,0,25,0,10,0,108,0,0,0
96,0,82,0,237,52,24,0,22,0,204,38,0,301,77,63,0,0,157,138,38,42,6,0,3,0,77,326,0,0,10,7,6,0,65,18,47,17,0,0,175,56,26,31,13,31,59,51,91,7,153,21,0,0,0,0,0,0,0,0,0,0,0,0,1,0,2,0,0,0,0,0,0,0,0,0,0,0,0,0,0,0,0,0,0,0,0,0,0,0,0,0,0,0,0,0,0,0,0,0,0,0,0,0,0,0,0,0,0,0,0,0,0,0,0,0,0,0,0,0,0,0,0,0,1,0,1,0,2,0,1,0,0,0,0,0,5,0,1,0,0,0,0,0,0,0,8,0,8,0,4,0,0,0,0,0,0,0,0,0,1,0,0,0,18,0,20,1,0,1,0,0,0,1,3,0,103,51,62,0,7,0,1,0,9,0,37,13,0,0,0,0,0,0,0,0,0,0,0,0,0,0,0,0,0,0,0,0,0,0,1,0,0,0,0,0,0,0,31,30,54,0,11,5,131,10,34,0,68,3,22,0,0,4,0,0,11,2,0,0,0,0,9,0,22,2,0,0,0
0,142,0,9,51,139,0,0,0,13,7,313,301,0,37,5,0,0,257,136,96,102,0,0,0,0,260,205,0,0,0,27,0,4,25,136,21,118,0,0,65,351,61,205,10,29,28,129,0,20,93,118,0,0,0,0,0,0,0,0,0,0,0,1,0,6,0,0,0,0,0,0,0,0,0,0,0,0,0,0,0,0,0,1,0,0,0,0,0,0,0,0,0,0,0,2,0,0,0,0,0,0,0,0,0,0,0,0,0,0,0,0,0,0,0,0,0,0,0,0,0,0,0,0,0,0,0,2,0,0,0,0,0,0,0,0,0,0,0,1,0,0,0,0,0,0,0,2,0,5,0,13,0,10,0,0,0,0,0,0,0,1,0,0,0,21,1,9,0,15,0,2,0,15,0,11,21,357,6,8,0,26,0,4,0,11,4,111,0,0,0,0,0,0,0,0,0,0,0,0,0,0,0,0,0,0,0,0,0,0,0,0,0,1,0,0,0,0,36,140,0,0,0,18,0,226,0,23,6,73,0,0,0,0,0,0,0,0,0,0,0,0,0,0,0,0,0,0,0
50,27,180,34,191,245,41,0,16,0,106,255,77,37,0,391,32,14,246,41,186,38,263,115,75,0,170,15,0,2,32,22,27,34,35,0,82,13,1,0,43,0,4,0,6,0,31,0,15,0,21,2,12,0,6,0,0,0,3,0,7,0,9,0,0,0,3,0,0,0,0,0,0,0,0,0,0,0,0,0,0,0,0,0,22,0,0,0,0,0,0,0,0,0,0,0,0,0,0,0,0,0,0,0,0,0,0,0,0,0,0,0,0,0,0,0,0,0,0,0,0,0,0,0,10,0,0,0,0,0,10,0,4,0,17,0,34,0,0,0,12,0,53,0,0,0,31,0,64,0,12,0,8,0,0,0,0,0,1,0,7,0,0,0,0,0,51,0,22,0,0,0,18,0,0,0,142,106,10,0,8,0,2,0,25,0,0,0,0,0,0,0,0,0,1,0,0,0,4,0,0,0,0,0,0,0,1,0,0,0,0,0,0,0,8,0,0,0,0,0,39,33,0,0,9,3,69,13,62,0,36,0,38,20,0,0,20,4,0,0,0,0,0,0,51,0,0,0,0
77,69,58,168,139,103,7,23,10,12,102,17,63,5,391,0,62,63,38,137,195,134,166,151,30,21,0,124,0,30,22,34,25,74,8,12,21,38,5,47,0,0,1,21,0,0,0,0,0,0,5,0,0,0,0,44,2,14,1,0,0,0,0,22,0,10,0,0,0,0,2,3,0,0,0,3,0,0,0,0,0,15,0,0,0,38,0,17,0,0,0,23,0,0,0,0,0,51,0,57,0,16,0,0,0,0,1,25,0,0,0,0,0,0,0,0,0,0,0,0,0,19,0,0,1,10,0,8,0,0,0,10,0,61,0,69,0,102,1,25,0,0,0,16,0,2,0,7,4,33,0,17,0,5,0,3,1,0,0,0,0,4,0,0,0,0,0,11,0,3,0,0,3,9,0,0,15,60,5,1,0,4,0,8,0,17,0,1,0,0,0,0,0,0,0,0,0,0,1,12,0,24,0,0,0,0,0,8,0,25,0,1,0,2,1,5,0,0,0,0,7,67,0,0,0,8,5,111,17,39,0,51,4,67,0,3,0,11,0,8,4,0,0,8,0,42,0,0,0
128,103,146,50,27,9,26,19,31,10,7,11,0,0,32,62,0,30,73,0,351,1,93,94,83,14,60,0,170,0,84,0,133,0,29,0,23,0,199,6,0,0,7,0,14,0,0,0,3,0,12,0,77,0,3,0,0,0,1,0,33,8,265,0,0,0,0,0,0,0,119,0,9,0,22,0,0,0,0,0,99,0,0,0,253,0,76,0,0,0,217,0,0,0,0,0,430,0,376,0,9,0,0,0,11,0,280,0,0,0,0,0,0,0,0,0,0,0,0,0,90,0,82,0,0,0,0,0,0,0,0,0,10,0,11,0,86,0,52,0,46,0,277,0,59,0,0,0,0,0,0,0,0,0,17,0,0,0,21,0,0,0,0,0,0,0,2,0,13,0,4,0,44,0,0,0,9,7,0,0,0,0,2,0,1,0,0,0,0,0,0,0,0,0,0,0,1,0,0,0,91,0,0,0,0,0,0,0,7,0,2,0,0,0,8,0,0,0,0,0,33,5,4,0,10,0,138,12,52,0,34,0,0,4,0,1,0,0,7,1,3,0,8,0,0,6,0,0,0
56,41,40,115,10,10,31,31,25,4,6,3,0,0,14,63,30,0,0,22,6,126,97,138,47,61,0,23,0,263,0,33,9,32,0,13,0,14,0,113,0,0,0,11,0,3,0,0,0,0,0,0,1,18,0,35,0,20,0,0,0,18,7,173,9,0,0,0,0,0,0,0,0,0,0,1,0,0,0,0,0,21,0,0,0,101,0,29,0,3,0,47,0,0,0,10,0,89,0,103,1,18,0,0,0,0,0,0,0,0,0,0,0,0,0,0,0,0,0,0,0,12,0,2,0,5,0,0,0,15,0,4,0,45,0,122,0,115,0,72,0,40,0,40,0,4,0,0,0,2,0,3,0,0,0,22,0,2,0,12,13,6,0,0,0,0,0,3,0,0,1,0,0,3,0,0,3,31,0,0,0,0,1,1,0,2,0,0,0,0,0,0,0,0,0,0,0,0,0,0,0,36,0,4,0,0,0,0,0,15,0,0,0,0,0,1,0,0,0,0,0,34,0,0,0,0,0,15,0,26,2,9,0,19,0,0,0,2,2,2,0,2,1,0,0,9,0,0,0
8,0,22,2,94,41,6,0,3,0,10,51,157,257,246,38,73,0,0,150,198,37,140,0,25,0,163,179,8,0,11,4,13,1,85,0,73,27,0,0,20,0,26,28,17,8,26,11,8,0,175,9,0,0,0,0,1,0,0,0,2,0,32,0,0,0,0,0,0,0,20,0,0,0,0,0,0,0,0,0,0,0,0,0,0,0,0,0,0,0,0,0,0,0,0,0,46,0,0,0,0,0,0,0,0,0,49,0,0,0,0,0,0,0,0,0,0,0,0,0,0,0,0,0,0,0,0,0,0,0,1,0,3,0,0,0,23,0,0,0,0,0,0,0,23,0,5,0,0,0,0,0,0,0,0,0,0,0,0,0,2,0,0,0,17,0,11,0,28,0,0,0,27,1,0,0,46,30,82,0,0,0,0,0,1,0,4,4,0,0,0,0,0,0,0,0,0,0,0,0,0,0,0,0,0,0,0,0,0,0,2,0,0,0,0,0,0,0,12,4,37,0,2,0,114,0,24,2,33,0,0,0,0,0,1,0,5,1,0,0,0,0,0,0,17,0,0,0,0
0,62,0,36,56,121,0,7,0,0,7,50,138,136,41,137,0,22,150,0,65,208,0,71,0,2,77,179,0,5,0,60,0,17,18,199,0,117,0,0,12,26,15,58,2,17,0,40,0,0,22,97,0,0,0,3,0,2,0,0,0,0,0,16,0,7,0,0,0,0,0,0,0,0,0,0,0,0,0,0,0,12,0,0,0,6,0,12,0,0,0,0,0,0,0,0,0,0,0,28,0,0,0,0,0,0,0,0,0,0,0,0,0,0,0,0,0,0,0,0,0,8,0,0,0,0,0,0,0,0,0,0,0,9,0,0,0,8,0,0,0,5,0,0,0,4,0,3,0,9,0,9,0,0,0,0,0,2,0,0,0,0,0,0,0,9,0,31,0,8,0,0,0,9,0,0,14,51,5,1,0,0,0,0,0,0,0,12,0,0,0,0,0,0,0,0,0,0,0,0,0,0,0,0,0,0,0,0,0,1,0,2,0,1,0,0,0,0,0,38,0,21,0,0,0,96,0,31,6,58,0,0,0,23,0,0,0,0,0,0,0,2,0,0,0,0,0,0,0
11,10,37,13,104,132,0,0,0,0,59,137,38,96,186,195,351,6,198,65,0,35,156,36,38,0,205,49,37,0,150,5,42,12,191,14,78,13,8,0,0,0,25,0,31,2,0,5,0,0,43,5,4,0,0,0,6,0,2,0,0,0,166,0,0,0,1,0,0,0,145,0,12,0,25,0,0,0,0,0,62,0,0,0,0,0,41,0,0,0,108,0,0,0,0,0,164,0,297,0,0,0,0,0,0,0,145,0,0,0,0,0,0,0,0,0,0,0,0,0,63,0,0,0,5,0,0,0,3,0,0,0,0,0,0,0,24,0,21,0,29,0,65,0,81,0,0,0,0,1,0,0,0,0,8,0,0,0,0,0,5,0,0,0,5,0,36,1,0,0,0,0,31,1,0,0,45,28,59,0,0,0,1,0,0,0,3,3,0,0,0,0,0,0,0,0,0,0,0,0,0,0,0,0,0,0,0,0,0,0,0,0,0,0,8,0,0,0,0,0,99,9,5,0,30,4,138,7,77,9,92,0,88,0,4,1,31,6,0,1,6,0,28,0,105,0,0,0,0
0,20,0,52,22,80,0,12,0,0,4,93,42,102,38,134,1,126,37,208,35,0,0,203,0,18,23,158,0,42,1,59,0,52,10,109,0,104,0,24,0,6,0,45,0,15,1,3,0,0,0,24,0,0,0,11,0,5,0,0,0,24,0,88,1,0,0,0,0,0,0,12,0,0,0,0,0,0,0,4,0,80,0,0,0,98,0,75,0,0,0,0,0,0,0,0,0,0,0,118,0,28,0,0,0,0,0,0,0,0,0,0,0,0,0,0,0,0,0,0,0,91,0,19,0,0,0,0,0,4,0,0,0,40,0,53,0,42,0,79,0,76,0,100,0,66,0,0,0,0,0,0,0,2,3,20,0,2,0,21,0,0,0,0,0,0,0,45,0,3,0,5,0,16,0,0,0,26,2,0,0,3,0,1,0,0,0,5,0,0,0,0,0,0,0,0,0,0,0,0,0,0,0,0,0,0,0,0,0,0,0,0,0,0,0,0,0,0,0,26,0,91,0,0,0,52,0,109,1,87,0,47,0,72,0,0,0,21,0,0,0,6,0,0,0,37,0,0,0
170,240,721,70,105,19,44,10,3,3,27,72,6,0,263,166,93,97,140,0,156,0,0,225,116,8,81,0,67,6,44,0,35,0,7,0,12,6,27,10,4,0,7,0,9,0,2,0,8,0,8,0,17,0,24,0,3,0,0,0,7,4,47,3,0,0,0,0,0,0,5,0,0,0,0,0,0,0,0,0,11,0,0,0,77,0,10,0,0,0,46,0,0,0,0,0,149,0,43,0,0,0,0,0,0,0,135,0,0,0,0,0,0,0,0,0,0,0,0,0,0,0,25,0,23,0,0,0,0,0,0,0,22,0,46,0,178,0,0,0,15,0,205,0,0,0,15,0,24,0,11,0,0,0,16,0,0,0,0,0,5,1,0,0,0,0,12,0,0,0,1,0,25,4,3,0,39,32,0,0,3,0,6,0,6,0,0,0,0,0,0,0,0,0,0,0,1,0,0,0,120,0,0,0,0,0,0,0,14,0,0,0,0,0,0,3,0,0,0,0,28,0,0,0,0,0,100,15,30,0,35,0,0,11,0,0,2,0,10,0,7,1,5,0,32,0,0,0,0
78,36,74,149,43,46,5,8,9,1,39,36,0,0,115,151,94,138,0,71,36,203,225,0,22,38,0,27,0,56,0,59,16,57,2,31,9,16,8,13,0,0,0,13,0,0,0,0,0,0,0,7,0,6,0,53,0,15,0,0,0,6,2,46,0,0,0,0,0,0,0,4,0,0,0,0,0,1,0,0,0,31,0,0,0,77,0,0,0,6,0,44,0,0,0,0,0,78,0,75,0,16,0,0,0,0,0,0,0,0,0,0,0,0,0,0,0,0,0,0,0,28,0,8,0,5,0,0,0,0,0,0,0,59,0,100,2,103,0,28,0,16,0,28,0,4,0,5,0,4,0,12,0,1,2,6,0,0,0,3,0,0,0,0,0,1,0,5,0,0,0,0,3,11,0,0,10,37,0,2,0,3,1,2,0,2,0,0,0,0,0,0,0,0,0,0,0,0,0,14,0,43,0,0,0,0,0,0,0,17,0,1,0,0,1,4,0,0,0,2,2,51,0,4,0,0,0,106,0,52,0,32,2,59,0,6,0,5,0,12,0,0,0,6,4,23,0,0,0
34,143,97,49,11,1,196,89,35,113,2,0,3,0,75,30,83,47,25,0,38,0,116,22,0,110,19,0,20,0,4,0,0,0,0,0,0,0,20,0,0,0,0,0,9,0,0,0,0,0,0,1,106,7,119,29,30,0,6,0,77,17,342,52,1,2,1,6,0,0,0,0,0,0,0,0,0,0,0,0,0,0,0,0,47,0,0,0,0,0,11,0,0,0,0,0,88,2,0,1,0,0,0,0,0,0,63,0,0,0,0,0,0,0,0,0,0,0,0,0,0,0,0,0,25,0,16,0,14,0,0,0,46,0,65,0,158,0,0,0,10,0,282,0,0,0,36,0,13,0,20,0,0,0,32,0,0,1,17,0,15,0,5,0,5,0,0,1,5,0,24,3,54,5,3,0,12,35,0,0,0,0,0,8,0,0,0,0,0,0,0,0,0,0,0,0,0,0,0,0,112,0,0,0,0,0,5,0,15,0,0,0,7,0,60,0,0,0,5,0,73,3,15,0,18,0,42,4,87,0,33,0,67,13,14,0,3,0,53,2,31,0,21,0,88,0,0,0,0
15,8,6,72,0,0,100,225,203,32,0,0,0,0,0,21,14,61,0,2,0,18,8,38,110,0,0,0,0,16,0,0,0,5,0,0,0,0,2,12,0,0,0,0,0,0,0,0,0,0,0,1,19,6,54,88,0,29,9,14,6,14,92,157,0,0,0,0,0,0,0,0,0,0,0,0,0,0,0,0,0,0,0,0,0,0,0,0,0,0,0,0,0,0,0,0,0,0,0,3,0,0,0,0,0,0,0,12,0,0,0,0,0,0,0,0,0,0,0,0,0,0,0,0,0,8,0,3,0,7,0,4,0,49,0,38,1,76,0,11,0,0,0,4,0,0,0,0,0,0,0,0,0,1,0,8,0,7,0,8,0,5,0,0,0,0,0,0,0,1,0,0,0,5,0,0,0,27,0,0,0,0,0,0,15,0,0,0,0,0,0,0,0,0,0,0,0,0,0,0,0,23,0,0,0,0,0,0,0,6,0,0,0,0,0,3,0,0,0,2,5,21,0,0,1,2,3,4,3,18,0,0,1,0,0,0,0,0,3,0,0,0,0,0,0,0,0,0,0
12,0,26,0,44,0,0,0,0,0,6,6,77,260,170,0,60,0,163,77,205,23,81,0,19,0,0,297,14,0,12,0,16,0,39,0,33,11,11,0,89,92,230,26,230,23,89,83,60,4,203,0,0,0,4,0,3,0,1,0,3,0,38,0,0,0,3,0,0,0,40,0,0,0,10,0,0,0,0,0,0,0,0,0,0,0,0,0,0,0,0,0,0,0,0,0,0,0,0,0,0,0,0,0,0,0,0,0,0,0,0,0,0,0,0,0,0,0,0,0,0,0,0,0,0,0,0,0,0,0,0,0,0,0,0,0,0,0,0,0,0,0,0,0,0,0,0,0,16,0,2,0,0,0,0,0,0,0,0,0,0,0,0,0,54,0,0,0,0,1,0,0,20,0,0,0,18,32,10,0,0,0,0,0,0,0,20,13,0,0,0,0,0,0,0,0,0,0,0,0,0,0,0,0,0,0,0,0,0,0,0,0,2,0,6,0,4,0,211,32,25,0,33,12,264,0,19,0,28,0,10,0,0,1,0,0,9,0,0,0,0,0,0,0,18,0,0,0,0
0,75,0,31,28,159,0,9,0,15,3,113,326,205,15,124,0,23,179,179,49,158,0,27,0,0,297,0,0,0,0,38,0,0,24,140,0,72,0,0,129,77,78,267,13,172,51,133,0,22,83,171,0,0,0,0,0,1,0,0,0,0,0,0,0,0,0,0,0,0,0,0,0,0,0,0,0,3,0,0,0,0,0,0,0,0,0,0,0,0,0,0,0,0,0,7,0,0,0,0,0,0,0,0,0,0,0,0,0,0,0,0,0,0,0,0,0,1,0,1,0,0,0,0,0,3,0,0,0,0,0,0,0,2,0,0,0,0,0,0,0,0,0,0,0,0,0,0,0,6,0,9,0,0,0,0,0,0,0,0,0,4,1,0,0,45,0,11,0,35,0,0,0,7,0,2,7,102,9,1,0,0,0,4,0,13,3,46,0,0,0,0,0,0,0,0,0,0,0,0,0,0,0,0,0,0,0,0,0,0,0,1,0,0,0,0,0,0,47,307,0,18,0,76,0,177,0,21,0,60,0,0,0,14,0,0,0,0,0,0,0,0,0,0,0,13,0,0,0
59,0,115,0,31,0,17,0,0,0,0,0,0,0,0,0,170,0,8,0,37,0,67,0,20,0,14,0,0,0,36,0,24,0,10,0,13,0,6,0,0,0,13,0,0,0,0,0,0,0,5,0,0,0,0,0,0,0,0,0,3,0,14,0,0,0,0,0,0,0,23,0,0,0,6,0,0,0,0,0,6,0,0,0,0,0,9,0,0,0,11,0,0,0,0,0,0,0,56,0,0,0,0,0,0,0,0,0,0,0,0,0,0,0,0,0,0,0,0,0,0,0,2,0,0,0,0,0,0,0,0,0,3,0,1,0,0,0,8,0,7,0,9,0,13,0,0,0,0,0,0,0,0,0,3,0,0,0,4,0,0,0,0,0,0,0,0,0,0,0,0,0,0,0,0,0,0,0,0,0,0,0,0,0,1,0,0,0,0,0,0,0,0,0,0,0,0,0,0,0,0,0,0,0,0,0,0,0,0,0,0,0,0,0,0,0,0,0,0,0,0,0,0,0,0,0,7,0,2,0,0,0,0,0,0,0,0,0,0,0,0,0,0,0,0,0,0,0,0
4,218,0,262,0,21,0,48,0,0,1,26,0,0,2,30,0,263,0,5,0,42,6,56,0,16,0,0,0,0,0,24,0,33,0,16,0,13,0,15,0,0,0,4,0,2,0,0,0,0,0,4,0,5,0,0,0,0,0,0,0,10,0,12,0,0,0,2,0,0,0,0,0,0,0,0,0,0,0,0,0,4,0,0,0,22,0,5,0,0,0,0,0,0,0,0,0,13,0,23,0,2,0,0,0,0,0,0,0,0,0,0,0,0,0,0,0,0,0,0,0,0,0,0,0,0,0,0,0,2,0,0,0,0,0,20,0,14,0,21,0,17,0,26,0,11,0,0,0,7,0,0,0,0,0,8,0,1,0,8,0,0,0,0,0,0,0,0,0,0,0,0,0,1,0,0,0,19,0,3,0,0,0,8,0,0,0,0,0,0,0,0,0,0,0,0,0,0,0,0,0,6,0,0,0,0,0,0,0,4,0,0,0,0,0,0,0,0,0,0,0,7,0,0,0,0,0,20,0,0,0,0,0,0,0,0,0,0,0,2,0,0,0,0,0,0,0,0,0
18,1,76,0,123,12,0,0,2,0,83,5,10,0,32,22,84,0,11,0,150,1,44,0,4,0,12,0,36,0,0,0,33,0,9,0,79,0,4,0,0,0,22,0,8,0,0,0,0,0,14,0,0,0,0,0,5,0,1,0,0,0,39,0,1,0,0,0,0,0,48,0,4,0,9,0,0,0,0,0,0,0,0,0,0,0,9,0,0,0,15,0,0,0,4,0,23,0,84,0,0,0,0,0,0,0,22,0,0,0,0,0,0,0,0,0,0,0,0,0,21,0,0,0,0,0,0,0,0,0,0,0,2,0,0,0,3,0,7,0,9,0,0,0,40,0,1,0,0,0,0,0,1,0,2,0,0,0,5,0,0,0,0,0,0,0,17,0,5,0,4,0,12,0,0,0,9,4,0,0,0,0,0,0,0,0,0,0,0,0,0,0,0,0,0,0,0,0,0,0,0,0,0,0,0,0,0,0,0,0,0,0,0,0,0,0,0,0,0,0,70,0,0,0,0,0,58,0,45,0,38,0,24,3,0,0,10,0,0,0,4,0,7,0,28,0,0,0,0
0,29,0,68,0,142,0,0,0,5,4,131,7,27,22,34,0,33,4,60,5,59,0,59,0,0,0,38,0,24,0,0,0,6,0,21,0,31,0,17,0,0,0,8,0,5,0,1,0,0,0,13,0,0,0,5,0,0,0,1,0,16,0,15,0,0,0,0,0,0,0,5,0,0,0,0,0,0,0,0,0,0,0,0,0,0,0,0,0,0,0,0,0,0,0,0,0,0,0,25,0,5,0,0,0,0,0,0,0,0,0,0,0,0,0,0,0,0,0,0,0,10,0,6,0,0,0,0,0,0,0,0,0,0,0,0,0,17,0,0,0,21,0,27,0,10,0,1,0,0,0,4,0,0,0,4,0,0,0,0,0,0,0,0,0,0,0,13,0,0,0,1,0,0,0,1,1,24,0,0,0,0,0,0,0,0,0,0,0,0,0,0,0,0,0,0,0,0,0,2,0,4,0,0,0,0,0,0,0,0,0,0,0,0,0,0,0,0,0,7,0,33,0,0,0,0,0,17,0,15,0,16,0,14,0,0,0,4,0,0,0,0,0,0,0,3,0,0,0
128,0,198,0,231,0,0,0,0,0,171,0,6,0,27,25,133,9,13,0,42,0,35,16,0,0,16,0,24,0,33,0,0,0,19,0,116,0,4,0,1,0,8,0,5,0,0,0,2,0,18,0,0,0,3,0,0,0,0,0,2,1,12,0,0,0,0,0,0,0,6,0,1,0,0,0,0,0,0,0,0,0,0,0,0,0,2,0,0,0,0,0,0,0,0,0,0,0,0,0,0,0,0,0,0,0,0,0,0,0,0,0,0,0,0,0,0,0,0,0,0,0,0,0,0,0,0,0,0,0,0,0,0,0,0,0,0,0,0,0,4,0,0,0,9,0,4,0,0,0,0,0,0,0,3,0,3,0,2,0,0,0,0,0,0,0,13,0,0,0,0,0,8,0,0,0,23,3,0,0,3,0,2,0,0,0,0,0,0,0,0,0,0,0,0,0,1,0,0,0,0,0,0,0,0,0,0,0,0,0,0,0,0,0,3,0,0,0,0,0,40,0,0,0,0,0,68,0,7,0,9,0,0,0,0,0,0,1,0,0,0,0,0,0,0,0,0,0,0
0,175,7,186,13,217,0,0,0,4,7,302,0,4,34,74,0,32,1,17,12,52,0,57,0,5,0,0,0,33,0,6,0,0,0,14,0,85,0,9,0,0,0,6,0,7,0,0,0,0,1,7,0,0,0,0,0,0,0,0,0,26,0,10,0,0,0,0,0,0,0,0,0,0,0,0,0,0,0,0,0,5,0,0,0,20,0,0,0,0,0,0,0,0,0,0,0,0,0,0,0,6,0,0,0,0,0,0,0,0,0,0,0,0,0,0,0,0,0,0,0,16,0,0,0,0,0,0,0,0,0,0,0,0,0,12,0,0,0,11,0,4,0,12,0,7,0,0,0,0,0,0,0,0,0,3,0,8,0,5,0,0,0,0,0,0,0,11,0,0,0,0,0,0,0,0,2,61,0,17,0,0,0,0,0,10,0,0,0,0,0,0,0,0,0,0,0,0,0,0,0,0,0,0,0,0,0,2,0,5,0,0,0,0,0,0,0,0,0,0,2,9,0,0,0,0,0,59,0,13,0,4,0,0,0,0,0,1,0,0,0,0,0,0,0,0,0,0,0
0,0,0,0,44,0,0,0,0,0,6,6,65,25,35,8,29,0,85,18,191,10,7,2,0,0,39,24,10,0,9,0,19,0,0,0,108,0,0,0,2,0,9,3,5,3,0,0,0,0,10,0,0,0,0,0,4,0,4,0,0,0,9,0,0,0,1,0,0,0,83,0,0,0,0,0,0,0,0,0,0,0,0,0,0,0,0,0,0,0,0,0,0,0,0,0,0,0,0,0,0,0,0,0,0,0,0,0,0,0,0,0,0,0,0,0,0,0,0,0,0,0,0,0,0,0,0,0,0,0,0,0,0,0,0,0,0,0,0,0,0,0,0,0,41,0,0,0,0,0,0,0,0,0,0,0,1,0,0,0,0,3,0,0,10,0,37,0,0,0,0,0,0,0,0,0,16,6,44,0,2,0,0,0,0,0,9,0,0,0,0,0,0,0,0,0,0,0,0,0,0,0,0,0,0,0,0,0,0,0,0,0,1,0,1,0,0,0,2,0,66,0,0,0,59,0,71,0,63,0,30,0,0,0,2,0,0,2,0,0,0,0,9,0,33,0,0,0,0
0,4,0,9,10,58,0,3,0,0,1,57,18,136,0,12,0,13,0,199,14,109,0,31,0,0,0,140,0,16,0,21,0,14,0,0,0,61,0,11,2,0,0,10,0,23,0,0,0,3,0,17,0,0,0,0,0,0,0,0,0,11,0,9,0,0,0,0,0,0,0,0,0,0,0,6,0,0,0,0,0,0,0,0,0,11,0,0,0,0,0,0,0,0,0,0,0,0,0,0,0,0,0,0,0,0,0,0,0,0,0,0,0,0,0,0,0,0,0,0,0,13,0,0,0,0,0,0,0,0,0,1,0,0,0,0,0,0,0,10,0,12,0,8,0,19,0,0,0,0,0,0,0,0,0,4,0,5,0,0,0,0,0,0,0,0,0,20,0,0,0,0,0,6,0,0,0,19,0,1,0,0,0,0,0,0,0,13,0,0,0,0,0,0,0,0,0,0,0,2,0,0,0,0,0,0,0,0,0,0,0,1,0,0,0,0,0,0,0,25,0,19,0,0,0,25,0,8,0,41,0,0,0,14,0,0,0,0,0,0,0,0,0,1,0,7,0,0,0
56,0,71,0,235,15,0,0,0,0,177,0,47,21,82,21,23,0,73,0,78,0,12,9,0,0,33,0,13,0,79,0,116,0,108,0,0,0,22,0,0,0,33,0,25,1,0,0,2,0,67,0,1,0,0,0,0,0,0,0,4,0,13,0,2,0,0,0,0,0,55,0,0,0,0,0,0,0,0,0,0,0,0,0,0,0,10,0,0,0,0,0,0,0,0,0,0,0,0,0,0,0,0,0,0,0,0,0,0,0,0,0,0,0,0,0,0,0,0,0,0,0,0,0,0,0,0,0,0,0,0,0,0,0,0,0,7,0,24,0,9,0,0,0,66,0,0,0,2,0,0,0,0,0,11,0,8,0,11,0,0,0,7,0,21,0,51,0,45,0,13,0,43,0,0,0,35,0,30,0,0,0,0,0,0,0,3,0,0,0,0,0,0,0,0,0,0,0,0,0,0,0,0,0,0,0,0,0,0,0,1,0,0,0,2,0,0,0,0,0,117,0,5,0,40,0,56,2,102,0,26,0,34,0,8,0,0,0,5,0,4,0,7,0,49,0,0,0,0
0,89,6,27,13,183,0,0,0,0,0,160,17,118,13,38,0,14,27,117,13,104,6,16,0,0,11,72,0,13,0,31,0,85,0,61,0,0,0,13,0,0,3,68,1,20,0,0,0,2,0,29,0,0,0,0,0,4,0,0,0,8,0,9,0,0,0,0,0,0,0,0,0,3,0,0,0,0,0,1,0,0,0,0,0,17,0,28,0,0,0,0,0,0,0,0,0,9,0,0,0,7,0,0,0,0,0,0,0,0,0,0,0,0,0,0,0,0,0,0,0,34,0,9,0,0,0,0,0,0,1,0,0,0,0,0,0,0,0,32,0,26,0,37,0,66,0,0,0,0,0,1,0,0,0,10,0,14,0,4,0,0,0,1,0,1,0,38,0,6,0,4,0,14,0,0,0,50,0,5,0,2,0,3,0,3,0,5,0,0,0,0,0,0,0,0,0,0,0,0,0,0,0,0,0,0,0,0,0,0,0,1,0,0,0,1,0,0,0,15,0,51,0,0,0,77,0,96,0,100,0,10,0,20,0,0,0,0,0,0,0,0,0,0,0,6,0,0,0
397,0,283,0,23,0,33,1,0,0,3,0,0,0,1,5,199,0,0,0,8,0,27,8,20,2,11,0,6,0,4,0,4,0,0,0,22,0,0,0,0,0,4,0,0,0,0,0,0,0,3,0,1,0,2,0,0,0,0,0,0,0,28,0,2,0,0,0,0,0,14,0,0,0,3,0,0,0,0,0,0,0,0,0,0,0,6,0,0,0,0,0,0,0,0,0,12,0,29,0,2,0,0,0,1,0,0,0,0,0,0,0,0,0,0,0,0,0,0,0,0,0,0,0,0,0,0,0,0,0,0,0,0,0,0,0,3,0,11,0,4,0,0,0,31,0,0,0,4,0,0,0,0,0,0,0,0,0,4,0,0,0,0,0,0,0,0,0,2,0,3,0,59,0,0,0,12,0,0,0,4,0,4,2,9,0,0,0,0,0,0,0,0,0,0,0,0,0,0,0,5,0,0,0,0,0,0,0,0,0,0,0,0,0,16,0,0,0,0,0,50,0,3,0,2,0,63,2,15,0,31,0,33,0,5,0,0,0,16,0,16,0,26,0,51,1,0,0,0
5,316,5,166,0,17,0,67,0,12,0,25,0,0,0,47,6,113,0,0,0,24,10,13,0,12,0,0,0,15,0,17,0,9,0,11,0,13,0,0,0,0,0,2,0,0,0,0,0,0,0,3,0,0,0,4,0,6,0,0,0,25,0,18,0,0,0,0,0,0,0,0,0,0,0,0,0,0,0,1,0,0,0,0,0,0,0,0,0,0,0,0,0,0,0,0,0,0,0,0,0,0,0,0,0,0,0,0,0,0,0,0,0,0,0,0,0,0,0,0,0,6,0,0,0,0,0,0,0,0,0,0,0,5,0,0,0,0,0,14,0,0,0,0,0,9,0,5,0,7,0,0,0,4,0,15,0,10,0,15,0,1,0,0,0,0,0,1,0,0,0,0,0,12,0,4,0,56,0,6,0,0,0,37,0,12,0,0,0,0,0,0,0,0,0,0,0,0,0,0,0,0,0,0,0,0,0,0,0,0,0,0,0,0,0,0,0,0,0,0,0,12,0,3,0,0,0,75,0,0,0,0,0,0,0,0,0,0,0,6,0,0,0,1,0,0,0,0,0
44,0,39,0,96,0,11,0,8,0,52,0,175,65,43,0,0,0,20,12,0,0,4,0,0,0,89,129,0,0,0,0,1,0,2,2,0,0,0,0,0,194,13,17,36,16,39,155,260,16,8,0,3,0,0,0,0,0,0,0,0,0,0,0,0,0,2,0,1,0,0,0,0,0,0,0,0,0,0,0,0,0,0,0,0,0,0,0,0,0,0,0,0,0,0,0,0,0,0,0,0,0,0,0,0,0,0,0,0,0,0,0,0,0,0,0,0,0,0,0,0,0,0,0,1,0,0,0,0,0,0,0,1,0,0,0,0,0,0,0,0,0,0,0,0,0,6,0,6,0,3,0,0,0,0,0,0,0,0,0,3,0,0,0,6,2,0,0,0,0,0,0,0,0,0,0,11,15,10,0,9,0,2,0,2,0,53,17,0,0,0,0,3,0,0,0,0,0,0,0,0,0,0,0,0,0,0,0,0,0,0,0,0,0,0,0,0,1,325,119,0,0,56,79,11,0,0,0,4,2,0,0,0,0,0,0,0,0,3,0,0,0,0,0,0,0,0,0,0
0,95,0,4,0,61,0,2,0,16,0,228,56,351,0,0,0,0,0,26,0,6,0,0,0,0,92,77,0,0,0,0,0,0,0,0,0,0,0,0,194,0,19,34,27,43,87,105,30,128,9,5,0,0,0,0,0,0,0,0,0,0,0,0,0,5,0,0,0,0,0,0,0,0,0,0,0,0,0,0,0,0,0,0,0,0,0,0,0,3,0,0,0,4,0,0,0,0,0,1,0,0,0,0,0,0,0,0,0,1,0,0,0,0,0,0,0,0,0,0,0,0,0,0,0,0,0,0,0,0,0,0,0,0,0,0,0,0,0,0,0,0,0,0,0,0,0,0,0,8,0,0,0,0,0,0,0,0,0,0,0,0,0,0,3,27,0,0,0,9,0,0,0,0,0,0,0,123,2,8,0,8,0,0,0,5,1,19,0,0,0,0,0,0,0,0,0,0,0,0,0,0,0,0,0,0,0,0,0,0,0,0,0,1,0,0,0,0,113,99,0,0,15,393,0,0,0,0,0,0,0,0,0,0,0,0,0,0,0,1,0,0,0,0,0,0,0,0,0
0,0,0,0,11,0,0,0,0,0,0,0,26,61,4,1,7,0,26,15,25,0,7,0,0,0,230,78,13,0,22,0,8,0,9,0,33,3,4,0,13,19,0,11,160,8,18,23,46,2,74,2,0,0,0,0,0,0,0,0,2,0,10,0,0,0,0,0,0,0,32,0,0,0,3,0,0,0,0,0,8,0,0,0,0,0,4,0,0,0,0,0,0,0,0,0,0,0,24,0,0,0,0,0,0,0,0,0,0,0,0,0,0,0,0,0,0,0,0,0,5,0,0,0,0,0,0,0,0,0,0,0,0,0,0,0,0,0,0,0,8,0,0,0,18,0,0,0,0,0,0,0,0,0,0,0,1,0,0,0,0,0,4,0,19,0,48,0,20,0,2,0,17,0,0,0,6,8,24,0,0,0,0,0,0,0,14,5,0,0,0,0,0,0,0,0,0,0,0,0,0,0,0,0,0,0,0,0,0,0,0,0,0,0,0,0,0,0,58,0,17,0,32,0,82,0,7,0,32,0,0,0,0,0,1,0,2,0,2,0,0,0,0,0,18,0,0,0,0
0,0,0,3,0,17,0,12,0,0,0,5,31,205,0,21,0,11,28,58,0,45,0,13,0,0,26,267,0,4,0,8,0,6,3,10,0,68,0,2,17,34,11,0,0,80,10,35,0,24,12,35,0,0,0,2,0,0,0,4,0,0,0,0,0,0,0,0,0,0,0,4,0,1,0,0,0,2,0,0,0,22,0,0,0,0,0,19,0,0,0,4,0,0,0,0,0,0,0,0,0,6,0,0,0,0,0,0,0,0,0,0,0,0,0,0,0,0,0,0,0,11,0,0,0,0,0,0,0,0,0,0,0,0,0,0,0,0,0,0,0,5,0,0,0,5,0,0,0,0,0,0,0,0,0,0,0,0,0,0,0,0,0,0,0,16,0,8,0,5,0,0,0,5,0,0,0,17,0,0,0,0,0,0,0,0,0,50,0,0,0,0,0,0,0,0,0,0,0,0,0,0,0,0,0,0,0,0,0,0,0,0,0,0,0,0,0,0,4,80,0,10,0,20,0,83,0,17,0,47,0,0,1,0,0,0,0,0,0,0,0,1,0,0,0,0,0,0,0
0,0,7,0,5,0,7,0,0,0,0,0,13,10,6,0,14,0,17,2,31,0,9,0,9,0,230,13,0,0,8,0,5,0,5,0,25,1,0,0,36,27,160,0,0,3,47,12,109,3,122,0,0,0,0,0,2,0,0,0,0,0,12,0,0,0,0,0,8,0,47,0,7,0,0,0,10,0,0,0,0,0,0,0,8,0,14,0,0,0,0,0,0,0,16,0,0,0,0,0,4,0,4,0,0,0,0,0,0,0,0,0,0,0,0,0,0,0,0,0,0,0,0,0,0,0,0,0,0,0,0,0,0,0,0,0,0,0,9,0,0,0,9,0,29,0,0,0,0,0,0,0,0,0,2,0,0,0,0,0,0,0,9,0,50,0,67,0,44,0,4,0,20,0,0,0,2,0,3,0,0,0,0,0,0,0,11,0,0,0,0,0,0,0,0,0,0,0,0,0,0,0,0,0,0,0,0,0,0,0,0,0,2,0,0,0,0,0,186,6,17,0,85,13,120,0,7,0,33,2,0,0,0,0,0,0,0,0,6,0,7,0,4,0,10,0,0,0,0
0,5,0,0,0,0,0,11,0,2,0,0,31,29,0,0,0,3,8,17,2,15,0,0,0,0,23,172,0,2,0,5,0,7,3,23,1,20,0,0,16,43,8,80,3,0,0,101,0,18,5,36,0,0,0,0,0,0,1,0,0,0,0,5,0,0,0,0,0,4,0,11,0,0,0,0,0,0,0,3,0,29,0,6,0,14,0,48,0,7,0,0,0,0,0,13,0,0,0,22,0,0,0,0,0,0,0,0,0,0,0,0,0,0,0,0,0,0,0,0,0,29,0,0,0,0,0,1,0,0,0,0,0,1,0,0,0,0,0,0,0,7,0,11,0,12,0,0,0,0,0,0,0,0,0,0,0,0,0,0,1,0,0,0,0,36,0,4,0,23,0,0,0,3,0,0,1,22,0,0,0,0,0,0,0,0,0,38,0,12,0,0,0,0,0,0,0,0,0,0,0,0,0,0,0,0,0,0,0,0,0,0,0,0,0,8,0,0,8,142,0,51,1,120,0,79,0,25,0,63,0,25,0,42,0,7,0,0,0,2,0,1,0,0,0,15,0,0,0
11,0,0,0,55,0,4,0,0,0,18,0,59,28,31,0,0,0,26,0,0,1,2,0,0,0,89,51,0,0,0,0,0,0,0,0,0,0,0,0,39,87,18,10,47,0,0,68,56,0,8,0,0,0,0,0,0,0,0,0,0,0,1,0,0,0,0,0,0,0,0,0,0,0,0,0,0,0,0,0,1,0,0,0,0,0,0,0,0,0,0,0,2,0,0,2,0,0,0,0,0,0,0,0,0,0,0,0,0,0,0,0,0,0,0,0,0,0,0,0,0,0,0,0,0,0,0,0,0,0,0,0,0,0,0,0,0,0,0,0,0,0,0,0,0,0,0,0,3,0,1,0,0,0,0,0,0,0,0,0,0,0,0,0,11,0,0,0,0,0,1,0,0,0,0,0,0,3,0,0,0,0,0,0,0,0,4,7,0,0,0,0,0,0,0,0,0,0,0,0,0,0,0,0,0,0,0,0,0,0,0,0,0,0,0,0,0,0,253,29,0,0,15,12,0,0,0,0,0,0,0,0,0,0,0,0,0,0,0,0,0,0,0,0,0,0,0,0,0
0,42,0,6,0,49,0,0,0,0,2,66,51,129,0,0,0,0,11,40,5,3,0,0,0,0,83,133,0,0,0,1,0,0,0,0,0,0,0,0,155,105,23,35,12,101,68,0,0,56,16,16,0,0,0,2,0,0,0,0,0,0,0,0,0,0,0,0,0,7,0,0,0,0,0,0,0,0,0,0,0,0,0,0,0,0,0,0,0,0,0,0,0,4,0,0,0,0,0,0,0,0,0,0,0,0,0,0,0,0,0,0,0,0,0,0,0,0,0,0,0,0,0,0,0,0,0,0,0,0,0,5,0,0,0,0,0,0,0,0,0,0,0,0,0,0,0,2,0,0,0,9,0,0,0,0,0,0,0,0,0,0,0,0,0,34,0,0,0,9,0,0,0,0,0,0,0,51,0,0,0,0,0,0,0,0,3,9,0,0,0,0,0,0,0,0,0,3,0,0,0,0,0,0,0,0,0,0,0,0,0,0,0,0,0,0,0,0,0,217,0,0,0,171,0,13,0,0,0,0,0,0,0,0,0,0,0,0,0,0,0,0,0,0,0,0,0,0,0
27,0,10,0,15,0,0,0,0,0,29,0,91,0,15,0,3,0,8,0,0,0,8,0,0,0,60,0,0,0,0,0,2,0,0,0,2,0,0,0,260,30,46,0,109,0,56,0,0,38,23,0,14,0,0,0,0,0,0,0,9,0,0,0,2,0,0,0,15,0,2,0,1,0,0,0,24,0,4,0,7,0,17,0,3,0,11,0,18,0,6,0,11,0,29,0,0,0,12,0,3,0,7,0,0,0,14,0,2,0,0,0,0,0,0,0,0,0,0,0,2,0,0,0,6,0,0,0,0,0,0,0,0,0,0,0,8,0,0,0,0,0,0,1,15,0,0,2,5,0,4,0,9,0,0,0,0,0,0,0,32,0,10,0,16,0,15,0,32,0,3,0,19,0,0,0,17,5,21,0,8,0,0,0,4,0,44,1,15,0,12,1,9,0,0,0,0,0,9,0,17,0,0,0,18,0,10,0,0,0,0,0,1,0,6,0,14,1,206,22,25,0,131,83,56,0,23,0,41,0,7,0,8,0,7,0,2,0,0,0,7,0,0,0,10,0,0,0,0
0,7,0,0,0,0,0,0,0,0,0,9,7,20,0,0,0,0,0,0,0,0,0,0,0,0,4,22,0,0,0,0,0,0,0,3,0,2,0,0,16,128,2,24,3,18,0,56,38,0,0,6,0,0,0,0,0,1,0,0,0,0,0,1,0,0,0,0,0,5,0,0,0,0,0,0,0,1,0,0,0,3,0,0,0,0,0,1,0,4,0,1,0,4,0,12,0,0,0,0,0,0,0,4,0,0,0,3,0,1,0,0,0,0,0,0,0,5,0,0,0,0,0,0,0,1,0,0,0,0,0,0,0,1,0,0,0,0,0,0,0,0,0,0,0,0,0,0,0,1,0,0,0,0,0,0,0,0,0,1,0,0,0,0,0,4,0,0,0,1,0,2,0,1,1,0,0,38,0,3,0,0,0,0,0,2,0,62,0,1,0,0,0,0,0,0,0,0,0,0,0,0,0,0,0,0,0,0,0,0,0,0,0,0,0,0,0,1,17,21,0,7,20,171,0,13,0,0,0,15,0,0,0,1,0,0,0,0,0,0,0,0,0,0,0,0,0,0,0
3,0,4,0,49,10,9,0,0,0,0,11,153,93,21,5,12,0,175,22,43,0,8,0,0,0,203,83,5,0,14,0,18,1,10,0,67,0,3,0,8,9,74,12,122,5,8,16,23,0,0,0,0,0,0,0,0,0,4,0,1,0,0,0,0,0,1,0,0,0,27,0,6,0,0,0,4,0,0,0,0,0,6,0,0,0,14,0,0,0,14,0,4,0,6,0,0,0,37,0,0,0,0,0,0,0,0,0,0,0,0,0,0,0,0,0,0,0,0,0,15,0,0,0,0,0,0,0,0,0,0,0,0,0,0,0,0,0,0,0,9,0,0,0,12,0,0,0,0,0,0,0,0,0,0,0,0,0,2,0,0,0,8,0,25,0,35,0,77,0,5,0,29,0,0,0,19,8,87,0,0,0,0,0,1,0,35,0,0,0,0,0,0,0,0,0,0,0,0,0,0,0,0,0,0,0,0,0,0,0,0,0,0,0,2,0,0,0,34,0,45,0,17,0,183,0,19,0,59,0,9,0,16,0,0,0,0,0,0,0,0,0,0,0,0,0,0,0,0
0,0,0,0,0,8,0,2,0,0,0,0,21,118,2,0,0,0,9,97,5,24,0,7,1,1,0,171,0,4,0,13,0,7,0,17,0,29,0,3,0,5,2,35,0,36,0,16,0,6,0,0,0,0,0,4,0,6,0,6,0,11,0,8,0,0,0,0,0,0,0,5,0,0,0,2,0,0,0,0,0,11,0,0,0,19,0,26,0,0,0,3,0,0,0,2,0,3,0,15,0,11,0,0,0,0,0,0,0,0,0,0,0,0,0,0,0,1,0,0,0,5,0,5,0,0,0,0,0,0,0,0,0,0,0,4,0,4,0,0,0,6,0,7,0,1,0,0,0,0,0,0,0,0,0,0,0,0,0,0,0,2,0,0,0,8,0,7,0,5,0,1,0,8,0,0,0,10,0,0,0,0,0,0,0,1,1,5,0,0,0,0,0,0,0,0,0,0,0,0,0,0,0,0,0,0,0,0,0,0,0,2,0,0,0,0,0,1,1,17,0,23,0,3,0,23,0,9,0,36,0,9,0,12,0,1,0,0,0,3,0,0,0,1,1,0,0,0,0
2,1,2,0,5,0,53,11,46,35,2,0,0,0,12,0,77,1,0,0,4,0,17,0,106,19,0,0,0,0,0,0,0,0,0,0,1,0,1,0,3,0,0,0,0,0,0,0,14,0,0,0,0,9,170,77,39,27,58,56,55,0,133,7,5,4,47,76,0,0,20,0,0,0,6,0,3,0,0,0,0,0,0,0,42,0,8,0,0,0,22,0,0,0,0,0,47,0,34,0,0,0,0,0,0,0,24,0,0,0,0,0,0,0,0,0,0,0,0,0,18,0,28,0,3,2,0,0,30,0,4,0,15,0,7,0,90,0,122,0,49,0,161,0,46,0,0,0,3,0,0,0,1,0,350,3,91,0,173,0,28,0,14,0,4,0,0,0,16,0,62,0,5,0,0,3,8,6,0,0,0,0,0,0,0,10,0,0,0,0,0,0,0,0,0,0,1,0,0,0,20,0,0,0,0,0,0,0,4,0,0,0,21,0,123,0,0,0,4,0,95,0,51,2,21,1,158,0,194,6,5,0,75,5,17,2,4,0,47,0,10,0,12,0,134,0,0,0,0
0,3,0,0,0,0,13,4,22,38,0,0,0,0,0,0,0,18,0,0,0,0,0,6,7,6,0,0,0,5,0,0,0,0,0,0,0,0,0,0,0,0,0,0,0,0,0,0,0,0,0,0,9,0,15,47,3,53,14,33,0,20,4,17,0,1,13,24,0,0,0,0,0,0,0,0,0,0,0,0,0,6,0,0,0,38,0,0,0,0,0,12,0,0,0,0,0,22,0,19,0,0,0,0,0,0,0,5,0,0,0,0,0,0,0,0,0,0,0,0,0,4,0,0,0,8,0,0,0,12,0,12,0,44,0,61,0,79,0,85,0,41,0,41,1,15,0,0,0,0,0,0,0,0,0,118,0,57,0,96,1,22,0,0,0,1,0,0,0,0,0,27,0,4,0,0,1,32,0,0,0,0,0,7,0,16,0,0,0,0,0,0,0,0,0,0,0,0,0,0,0,14,0,0,0,0,0,0,0,2,0,0,0,1,0,51,0,0,0,2,0,112,0,0,0,0,0,18,0,63,0,5,0,132,0,15,0,2,1,21,0,1,0,0,2,66,0,0,0
0,1,14,0,0,0,180,0,26,79,0,0,0,0,6,0,3,0,0,0,0,0,24,0,119,54,4,0,0,0,0,0,3,0,0,0,0,0,2,0,0,0,0,0,0,0,0,0,0,0,0,0,170,15,0,150,30,29,66,46,17,0,17,22,5,0,40,123,0,0,0,0,0,0,0,0,0,0,0,0,0,0,0,0,6,0,0,0,0,0,0,0,0,0,0,0,7,0,0,0,0,0,0,0,0,0,6,0,0,0,0,0,0,0,0,0,0,0,0,0,0,0,2,0,5,0,0,0,10,0,13,0,19,0,11,0,32,0,3,0,0,0,43,0,0,0,3,0,3,0,3,0,0,0,68,1,12,0,22,0,48,0,5,0,0,0,1,0,15,0,43,0,0,1,0,0,5,9,0,0,0,0,0,0,0,11,0,0,0,0,0,0,1,0,0,0,0,0,0,0,0,0,0,0,0,0,0,0,0,0,6,0,21,0,227,6,0,0,9,0,155,5,71,1,31,0,66,0,158,4,5,0,82,2,13,0,0,0,66,1,14,0,18,0,200,0,0,0,0
2,11,0,52,0,2,47,118,160,64,0,0,0,0,0,44,0,35,0,3,0,11,0,53,29,88,0,0,0,0,0,5,0,0,0,0,0,0,0,4,0,0,0,2,0,0,0,2,0,0,0,4,77,47,150,0,0,105,100,79,2,28,49,84,0,3,124,17,0,0,0,1,0,0,0,0,0,0,0,0,0,0,0,0,0,0,0,0,0,0,0,1,0,0,0,0,0,3,0,0,0,0,0,0,0,0,0,0,0,0,0,0,0,0,0,0,0,0,0,0,0,0,0,0,0,15,0,0,0,15,0,31,0,41,0,16,0,32,0,9,0,0,0,2,0,2,0,2,0,0,0,6,0,0,0,38,0,31,0,8,0,20,0,0,0,4,0,2,0,9,0,44,0,29,0,0,4,38,0,0,0,0,0,2,21,15,0,0,0,0,0,0,0,0,0,0,0,0,0,1,0,3,0,0,0,0,0,1,1,2,0,0,0,0,0,121,0,4,1,5,0,248,0,28,0,21,3,18,2,295,0,5,0,157,2,31,0,0,0,6,0,0,0,0,0,65,0,0,0
2,0,4,2,0,1,7,0,1,0,2,1,0,0,0,2,0,0,1,0,6,0,3,0,30,0,3,0,0,0,5,0,0,0,4,0,0,0,0,0,0,0,0,0,2,0,0,0,0,0,0,0,39,3,30,0,0,17,203,0,5,0,3,0,81,23,57,57,0,0,0,0,0,0,0,0,0,0,0,0,0,0,0,0,0,0,0,0,0,0,0,0,0,0,0,0,0,0,0,0,0,0,0,0,0,0,0,0,0,0,0,0,0,0,0,0,0,0,0,0,0,0,0,0,15,0,11,0,20,0,62,0,24,0,0,0,12,0,0,4,0,0,0,0,3,5,14,0,5,0,5,0,0,0,155,20,9,0,92,9,312,0,10,0,0,0,0,0,34,0,17,0,6,0,6,5,9,1,0,0,0,8,0,0,4,13,0,0,0,0,0,0,0,0,0,0,0,0,0,0,0,0,0,0,0,0,0,0,0,0,0,0,54,0,384,0,0,0,28,0,312,0,184,0,65,0,137,0,337,0,10,0,352,6,206,0,11,0,103,0,13,0,14,0,436,0,0,0,0
0,4,0,0,0,6,0,20,11,21,0,0,0,0,0,14,0,20,0,2,0,5,0,15,0,29,0,1,0,0,0,0,0,0,0,0,0,4,0,6,0,0,0,0,0,0,0,0,0,1,0,6,27,53,29,105,17,0,74,114,0,20,2,9,0,17,108,39,0,0,0,0,0,0,0,0,0,0,0,0,0,0,0,0,0,2,0,0,0,0,0,1,0,0,0,0,0,0,0,0,0,0,0,0,0,0,0,2,0,0,0,0,0,0,0,0,0,0,0,0,0,0,0,0,0,23,0,0,0,43,0,79,0,56,0,16,0,53,0,16,0,1,0,4,1,0,0,0,0,4,0,11,0,0,20,230,0,42,0,99,3,84,0,13,0,3,0,0,0,36,0,58,0,13,0,0,0,1,0,0,0,1,0,0,2,18,0,0,0,0,0,0,0,0,0,0,0,0,0,1,0,6,0,0,0,0,0,0,0,6,0,9,0,8,0,245,0,0,0,18,0,347,0,90,0,44,0,70,0,433,0,15,0,313,0,286,0,4,0,11,0,0,0,0,0,98,0,0,0
3,0,4,0,1,0,13,0,40,17,0,0,0,0,3,1,1,0,0,0,2,0,0,0,6,9,1,0,0,0,1,0,0,0,4,0,0,0,0,0,0,0,0,0,0,1,0,0,0,0,4,0,58,14,66,100,203,74,0,116,17,0,7,11,142,22,337,241,0,0,0,0,0,0,0,0,0,0,0,0,0,0,0,0,0,0,0,0,0,0,0,0,0,0,0,0,0,0,0,0,0,0,0,0,0,0,0,0,0,0,0,0,0,0,0,0,0,0,0,0,0,0,0,0,9,0,2,0,8,0,34,0,4,0,0,0,0,0,0,0,0,0,2,0,0,0,6,0,19,0,3,0,1,0,11,24,25,0,0,13,76,0,0,0,0,0,6,0,0,0,10,0,0,0,0,0,83,13,0,0,8,5,0,0,31,70,0,0,0,0,0,0,0,0,0,0,0,0,0,0,0,0,0,0,0,0,0,0,0,0,0,0,10,0,324,0,0,0,4,0,203,3,74,0,29,0,182,3,96,0,23,0,250,0,109,0,0,0,129,0,27,0,46,0,427,4,0,0,0
0,5,0,5,0,0,0,18,37,48,0,0,0,0,0,0,0,0,0,0,0,0,0,0,0,14,0,0,0,0,0,1,0,0,0,0,0,0,0,0,0,0,0,4,0,0,0,0,0,0,0,6,56,33,46,79,0,114,116,0,0,0,0,16,11,157,156,100,0,1,0,0,0,0,0,0,0,0,0,0,0,0,0,0,0,0,0,0,0,0,0,0,0,0,0,0,0,0,0,0,0,0,0,0,0,1,0,1,0,0,0,0,0,0,0,0,0,0,0,0,0,0,0,0,0,6,0,3,0,0,0,97,0,3,0,0,0,0,0,1,0,0,0,0,0,0,0,8,0,17,0,3,0,0,30,84,0,85,2,17,0,45,0,0,0,3,0,0,0,7,0,0,0,8,0,3,2,22,0,0,0,0,0,0,5,87,0,0,0,0,0,0,0,0,0,0,0,0,0,0,0,0,0,0,0,0,0,2,0,10,0,0,0,0,0,272,0,0,0,13,0,392,0,59,1,28,0,150,0,245,0,19,0,520,3,306,1,17,0,40,0,0,0,4,1,235,0,0,0
65,0,35,0,5,0,179,4,149,0,0,0,0,0,7,0,33,0,2,0,0,0,7,0,77,6,3,0,3,0,0,0,2,0,0,0,4,0,0,0,0,0,2,0,0,0,0,0,9,0,1,0,55,0,17,2,5,0,17,0,0,0,47,0,2,0,6,0,0,0,20,0,0,0,0,0,0,0,0,0,0,0,0,0,0,0,2,0,0,0,0,0,0,0,0,0,0,0,0,0,0,0,0,0,0,0,0,0,0,0,0,0,0,0,0,0,0,0,0,0,0,0,0,0,0,0,0,0,0,0,0,0,0,0,0,0,0,0,74,0,16,0,5,0,174,2,0,0,0,0,0,0,0,0,66,0,88,0,53,0,0,0,8,0,0,0,0,0,4,0,62,0,70,0,0,0,15,3,0,0,0,0,1,0,0,0,0,0,0,0,0,0,0,0,0,0,0,0,0,0,0,0,0,0,0,0,0,0,0,0,6,0,0,0,75,0,0,0,0,0,63,0,22,0,17,0,65,0,69,1,15,0,48,0,6,0,4,0,37,0,13,0,18,0,53,0,0,0,0
5,216,0,55,0,2,0,153,0,135,2,15,0,0,0,0,8,18,0,0,0,24,4,6,17,14,0,0,0,10,0,16,1,26,0,11,0,8,0,25,0,0,0,0,0,0,0,0,0,0,0,11,0,20,0,28,0,20,0,0,0,0,0,59,0,0,0,19,0,0,0,0,0,1,0,0,0,0,0,1,0,0,0,0,0,0,0,0,0,0,0,0,0,0,0,0,0,0,0,1,0,1,0,0,0,0,0,0,0,0,0,0,0,0,0,0,0,0,0,0,0,17,0,8,0,0,0,0,0,0,0,0,0,5,0,4,0,0,0,81,0,22,0,23,0,126,0,0,0,5,0,0,0,2,0,57,0,64,0,55,0,3,0,2,0,0,0,0,0,2,0,21,0,45,0,0,0,82,0,0,0,0,0,68,0,14,0,0,0,0,0,0,0,0,0,0,0,0,0,1,0,0,0,0,0,0,0,0,0,0,0,11,0,0,0,41,0,0,0,0,0,83,0,9,0,6,0,96,0,110,0,9,0,76,0,8,0,0,0,13,0,4,0,1,0,30,0,0,0
77,12,64,6,7,0,372,44,162,45,0,0,0,0,9,0,265,7,32,0,166,0,47,2,342,92,38,0,14,0,39,0,12,0,9,0,13,0,28,0,0,0,10,0,12,0,1,0,0,0,0,0,133,4,17,49,3,2,7,0,47,0,0,19,0,0,2,8,0,0,50,0,0,0,0,0,0,0,0,0,11,0,0,0,28,0,0,0,0,0,22,0,0,0,0,0,72,0,51,0,0,0,0,0,0,0,23,0,0,0,0,0,0,0,0,0,0,0,0,0,44,0,14,0,0,0,0,0,0,0,0,0,8,0,2,0,27,0,55,0,28,0,68,0,64,0,1,0,3,0,0,0,0,0,41,0,17,0,27,0,4,0,3,0,0,0,4,0,5,0,22,0,13,0,0,0,10,6,0,0,0,0,1,3,1,0,0,0,0,0,0,0,0,0,0,0,0,0,0,0,5,0,0,0,0,0,0,0,0,0,0,0,0,0,60,0,0,0,4,0,21,6,12,0,15,0,91,1,47,8,9,0,23,0,3,1,0,0,30,0,13,0,11,0,38,0,0,0,0
4,122,1,28,0,5,39,193,51,216,0,4,0,1,0,22,0,173,0,16,0,88,3,46,52,157,0,0,0,12,0,15,0,10,0,9,0,9,0,18,0,0,0,0,0,5,0,0,0,1,0,8,7,17,22,84,0,9,11,16,0,59,19,0,0,1,2,15,0,0,0,0,0,1,0,0,0,0,0,0,0,5,0,0,0,15,0,4,0,0,0,0,0,0,0,0,0,6,0,14,0,0,0,0,0,0,0,1,0,0,0,0,0,0,0,0,0,0,0,0,0,0,0,1,0,0,0,0,0,5,0,0,0,9,0,22,0,11,0,29,0,13,0,13,0,8,0,0,0,2,0,0,0,0,0,22,0,39,0,21,0,0,0,0,0,1,0,0,0,0,0,8,0,6,0,0,1,115,0,0,0,0,0,72,0,16,0,0,0,0,0,0,0,0,0,0,0,0,0,0,0,0,0,0,0,0,0,0,0,0,0,0,0,0,0,41,0,0,0,3,0,65,0,8,0,2,1,35,0,47,0,3,0,118,0,10,0,0,0,17,0,0,0,0,0,84,0,0,0
6,0,2,0,5,0,0,0,28,0,1,0,1,0,0,0,0,9,0,0,0,1,0,0,1,0,0,0,0,0,1,0,0,0,0,0,2,0,2,0,0,0,0,0,0,0,0,0,2,0,0,0,5,0,5,0,81,0,142,11,2,0,0,0,0,44,292,36,0,0,9,0,9,0,0,0,0,0,0,0,0,0,0,0,0,0,1,0,0,0,0,0,0,0,0,0,0,0,1,0,0,0,0,0,0,0,0,0,0,0,0,0,0,0,0,0,0,0,0,0,0,4,0,0,9,0,0,0,0,0,81,28,0,0,0,0,0,0,0,28,0,4,0,0,11,27,13,0,71,0,1,0,0,0,0,33,4,0,0,33,338,71,3,0,0,0,0,0,1,0,0,0,4,0,80,45,12,0,4,0,111,23,1,0,36,9,0,0,0,0,0,0,0,0,0,0,0,0,0,0,0,0,0,0,0,0,0,0,0,0,0,0,0,0,0,0,0,0,0,0,0,0,0,0,4,0,89,10,0,0,6,0,0,0,0,20,0,0,18,2,0,0,4,0,49,0,0,0,0
0,22,0,4,1,4,0,7,0,119,0,14,0,6,0,10,0,0,0,7,0,0,0,0,2,0,0,0,0,0,0,0,0,0,0,0,0,0,0,0,0,5,0,0,0,0,0,0,0,0,0,0,4,1,0,3,23,17,22,157,0,0,0,1,44,0,18,608,0,0,7,14,0,0,5,0,0,0,0,5,0,0,0,0,0,0,0,11,0,0,0,0,0,0,0,0,0,0,2,0,0,0,0,0,0,0,0,0,0,0,0,0,0,0,0,0,0,0,0,0,0,5,0,6,6,3,0,2,10,2,23,149,0,0,1,0,0,0,23,30,0,8,0,0,49,84,0,21,0,126,0,9,1,6,48,4,0,0,23,3,57,489,0,0,0,0,0,0,0,0,0,5,0,0,0,170,0,6,0,0,0,103,0,8,0,93,0,0,0,0,0,0,0,0,0,0,0,0,0,0,1,0,0,0,0,0,0,0,0,3,0,0,0,1,0,28,0,0,0,0,0,0,2,0,0,1,0,87,0,66,0,0,0,0,0,218,0,2,0,28,0,0,0,3,0,34,0,0,0
7,0,0,0,4,0,8,0,87,13,5,0,2,0,3,0,0,0,0,0,1,0,0,0,1,0,3,0,0,0,0,0,0,0,1,0,0,0,0,0,2,0,0,0,0,0,0,0,0,0,1,0,47,13,40,124,57,108,337,156,6,0,2,2,292,18,0,144,0,0,0,0,0,0,0,0,0,0,0,0,0,0,0,0,0,0,0,0,0,0,0,0,0,0,0,0,0,0,0,0,0,0,0,0,0,0,0,0,0,0,0,0,0,0,1,0,0,0,0,0,0,0,0,0,16,0,0,0,0,0,27,0,0,0,0,0,0,0,0,0,0,0,0,0,2,6,20,0,41,3,0,0,0,0,5,18,0,3,0,9,149,17,0,0,0,0,2,0,0,0,4,0,2,1,3,0,187,12,0,0,36,5,2,0,79,104,0,0,0,0,0,0,0,0,0,0,0,0,0,0,0,0,0,0,0,0,0,0,0,0,0,0,5,0,70,0,0,0,3,0,49,0,22,0,10,1,87,3,17,0,3,0,71,0,0,6,0,0,51,0,8,0,19,0,131,0,0,0,0
0,4,0,0,0,0,22,6,39,79,0,0,0,0,0,0,0,0,0,0,0,0,0,0,6,0,0,0,0,2,0,0,0,0,0,0,0,0,0,0,0,0,0,0,0,0,0,0,0,0,0,0,76,24,123,17,57,39,241,100,0,19,8,15,36,608,144,0,0,0,0,0,0,0,0,0,0,0,0,0,0,0,0,0,0,0,0,0,0,0,0,0,0,0,0,0,0,0,0,0,0,0,0,0,0,0,0,0,0,0,0,0,0,0,0,0,0,0,0,0,0,0,0,0,0,0,0,0,0,2,0,38,0,0,0,0,0,0,0,0,0,0,0,0,7,10,0,1,0,27,0,1,0,2,90,35,11,28,10,15,0,98,0,0,0,0,0,0,0,0,0,13,0,0,0,49,4,118,0,0,1,36,0,6,0,592,0,0,0,0,0,0,0,0,0,0,0,1,0,0,0,0,0,0,0,0,0,0,1,1,0,0,0,3,0,106,0,0,0,1,0,148,0,16,0,9,0,188,0,118,0,13,0,286,1,229,0,7,0,32,0,4,0,10,2,171,0,0,0
1,0,0,0,0,0,0,0,0,0,0,0,0,0,0,0,0,0,0,0,0,0,0,0,0,0,0,0,0,0,0,0,0,0,0,0,0,0,0,0,1,0,0,0,8,0,0,0,15,0,0,0,0,0,0,0,0,0,0,0,0,0,0,0,0,0,0,0,0,0,0,0,8,0,1,0,65,1,21,0,0,0,19,0,0,0,14,0,14,0,4,0,7,0,0,0,0,0,17,0,6,0,66,0,0,0,16,0,80,0,0,0,28,0,1,0,4,0,0,0,0,0,0,0,0,0,0,0,0,0,0,0,0,1,0,0,0,0,0,0,0,0,4,0,0,0,0,0,0,0,0,0,0,0,0,0,0,0,0,0,0,0,0,0,49,0,0,0,66,0,2,0,0,0,0,0,0,0,0,0,0,0,0,0,0,0,0,0,0,0,0,0,0,0,11,0,0,0,0,0,0,0,0,0,0,0,0,0,0,0,3,0,114,0,124,0,47,0,6,0,3,0,75,0,48,0,0,0,118,0,0,0,0,0,0,0,0,0,0,0,0,0,0,0,1,0,0,0,0
0,0,0,0,0,0,0,0,0,0,0,0,0,0,0,0,0,0,0,0,0,0,0,0,0,0,0,0,0,0,0,0,0,0,0,0,0,0,0,0,0,0,0,0,0,4,0,7,0,5,0,0,0,0,0,0,0,0,0,1,0,0,0,0,0,0,0,0,0,0,0,0,0,1,0,0,0,35,0,0,0,0,0,51,0,0,0,9,0,25,0,0,0,29,0,80,0,0,0,8,0,3,0,54,0,5,0,6,0,62,0,6,0,11,0,0,0,17,0,0,0,0,0,0,1,0,0,0,0,0,0,0,0,0,0,0,0,0,0,0,0,0,0,0,0,0,0,0,0,0,0,2,0,0,0,0,0,0,0,0,0,0,0,0,0,26,0,0,0,11,0,3,0,1,0,0,0,0,0,0,0,0,0,0,0,0,0,0,0,0,0,0,0,0,0,7,1,0,0,0,0,0,0,0,0,0,0,0,0,0,0,5,0,234,0,93,0,56,0,11,0,0,0,84,0,9,0,0,0,45,0,0,0,0,0,3,0,0,0,0,0,0,0,0,0,4,0,0,0
4,0,5,0,0,0,0,0,0,0,0,0,0,0,0,2,119,0,20,0,145,0,5,0,0,0,40,0,23,0,48,0,6,0,83,0,55,0,14,0,0,0,32,0,47,0,0,0,2,0,27,0,20,0,0,0,0,0,0,0,20,0,50,0,9,7,0,0,0,0,0,0,162,8,259,0,25,0,104,0,11,13,0,0,0,0,66,0,0,0,0,8,0,0,0,0,0,0,22,0,2,0,0,0,0,0,0,0,0,0,0,0,0,0,0,0,0,0,0,0,55,3,0,8,10,26,26,5,0,9,31,28,26,16,14,6,8,18,9,0,79,15,38,0,131,9,48,14,22,5,30,0,34,7,4,2,53,0,6,0,18,10,38,0,1,0,22,0,21,0,51,0,96,0,84,38,1,0,0,0,32,30,4,0,20,0,0,0,0,0,0,0,0,0,0,0,0,0,18,0,4,0,0,0,0,0,24,0,43,0,0,0,6,2,0,0,0,0,0,0,5,11,14,0,13,0,5,0,31,40,0,0,0,0,2,0,0,0,13,8,13,0,4,0,0,11,0,0,0
0,0,0,1,0,0,0,0,0,0,0,0,0,0,0,3,0,0,0,0,0,12,0,4,0,0,0,0,0,0,0,5,0,0,0,0,0,0,0,0,0,0,0,4,0,11,0,0,0,0,0,5,0,0,0,1,0,0,0,0,0,0,0,0,0,14,0,0,0,0,0,0,0,198,3,188,0,13,1,159,0,1,0,0,0,0,0,37,0,0,0,0,0,0,0,0,0,0,0,0,0,0,0,0,0,0,0,0,0,0,0,0,0,0,0,0,0,0,0,1,0,21,0,52,0,90,0,28,0,10,0,19,0,62,0,8,0,12,17,7,0,8,6,14,0,121,0,30,0,23,0,36,0,18,0,0,0,0,0,0,0,9,0,5,0,0,0,4,0,5,0,5,0,4,0,0,0,0,0,0,9,0,0,0,0,0,0,0,0,0,0,0,0,2,0,0,0,0,0,7,0,0,0,0,0,0,0,11,0,12,0,0,0,1,0,0,0,0,0,1,0,2,0,8,0,0,0,41,0,28,0,0,0,0,0,19,0,0,0,13,0,0,0,0,0,13,0,0,0
