0,1127,75,424,91,51,47,342,78,92,147,67,138,0,8,144,6,54,0,0,0,0,0,416,5,423,0,0,14,0,0,0,31,0,0,0,32,0,204,9,17,0,0,0,0,0,29,0,5,0,0,0,41,7,18,9,0,0,27,0,150,18,95,83,78,0,36,0,0,0,0,0,0,0,0,0,0,0,0,0,0,0,0,0,0,0,0,0,0,0,0,0,0,0,0,0,0,0,0,0,0,0,0,0,0,0,0,0,0,0,0,0,0,0,0,0,0,0,0,0,0,0,0,0,41,0,26,0,0,0,26,0,0,0,6,0,0,0,0,0,0,0,0,0,0,0,67,0,97,5,86,0,17,0,0,0,0,0,0,0,0,0,0,0,3,0,5,0,25,0,51,0,144,0,7,0,481,259,17,7,7,0,76,0,37,0,0,0,0,0,0,0,0,0,0,0,0,0,0,0,0,0,0,0,2,0,0,0,13,0,543,76,194,80,220,0,0,0,0,0,3,0,0,0,0
1127,0,422,72,79,296,345,51,180,96,36,262,0,137,9,55,133,12,0,117,0,13,319,11,494,26,0,179,0,75,0,0,0,92,0,5,0,191,6,338,0,58,1,0,0,16,0,96,0,5,0,0,9,22,49,4,0,0,0,20,7,285,33,238,0,100,1,23,0,0,0,0,0,0,0,0,0,0,0,0,0,0,0,0,0,7,0,0,0,0,0,0,0,0,0,0,0,0,0,0,0,0,0,2,0,6,0,0,0,0,0,0,0,0,0,0,0,0,0,0,0,0,0,0,0,53,0,0,0,0,0,71,0,0,0,19,0,0,0,0,0,0,0,0,0,0,0,33,0,101,0,49,0,103,0,0,0,5,0,0,0,0,0,0,0,5,0,0,0,14,0,18,0,86,0,24,141,656,0,17,0,31,26,19,0,115,0,0,0,0,0,0,0,0,0,0,0,0,0,1,0,2,0,1,0,0,0,12,4,15,0,0,5,0,350,0,0,0,954,185,274,88,5,0,0
75,422,0,187,181,0,161,25,3,0,25,115,91,0,199,166,16,0,92,0,0,0,400,206,101,70,51,0,202,0,54,0,248,0,0,0,95,14,596,0,25,0,0,0,0,0,30,0,10,0,0,0,7,2,193,0,0,0,17,0,79,11,28,26,0,0,1,0,0,0,0,0,4,0,2,0,0,0,0,0,0,1,0,0,0,0,0,0,0,0,0,0,0,0,0,0,0,0,0,0,0,0,0,0,67,0,0,0,0,0,0,0,0,0,0,0,0,0,0,0,0,0,0,0,42,0,95,0,0,0,64,1,0,0,146,0,0,1,0,0,0,0,0,0,0,0,80,0,49,0,212,0,0,0,0,0,0,0,0,0,11,0,5,0,10,0,0,0,55,0,68,0,353,0,0,0,50,86,0,11,0,0,0,0,0,0,0,0,0,0,0,0,0,0,0,0,2,0,0,0,29,0,0,0,5,0,0,0,140,0,783,80,340,141,355,0,28,4,0,0,0,0,0,0,0
424,72,187,0,81,132,0,121,0,11,68,17,0,5,0,265,64,48,0,265,0,49,236,230,76,237,0,46,0,203,0,21,0,230,0,0,0,175,1,634,0,0,0,0,0,0,0,0,0,0,0,0,0,0,0,51,0,9,0,0,2,134,0,62,0,42,0,15,0,0,0,2,0,0,0,0,0,0,0,0,0,0,0,0,0,0,0,5,0,0,0,0,0,0,0,0,0,0,0,0,0,0,0,0,0,0,0,0,0,0,0,0,0,0,0,0,0,0,0,0,0,0,0,4,0,125,0,27,0,0,0,141,0,0,0,78,0,31,0,0,0,0,0,0,0,0,0,32,0,95,0,46,0,7,0,0,0,0,0,0,0,48,0,0,0,0,0,19,0,24,0,13,0,119,0,0,35,43,0,0,0,0,12,0,0,0,0,0,0,0,0,0,0,0,0,0,0,0,0,7,0,23,0,0,0,0,0,42,0,93,0,0,0,0,281,0,0,0,564,42,244,89,0,0,0
91,79,181,81,0,587,28,0,17,0,94,364,291,276,133,452,0,6,43,224,40,84,116,86,11,0,121,0,113,0,176,0,508,20,139,0,509,20,103,0,100,0,0,7,15,0,139,9,10,0,68,0,9,1,23,0,0,0,0,0,0,0,9,0,38,0,0,0,0,0,0,0,3,0,0,0,0,0,0,0,0,0,0,0,20,0,0,0,0,0,0,0,0,0,0,0,0,0,40,0,0,0,0,0,62,0,33,0,0,0,0,0,0,0,0,0,0,0,0,0,0,0,0,0,27,0,34,0,0,0,28,0,0,0,80,0,0,0,0,0,0,0,0,0,0,0,80,0,134,0,150,0,37,0,0,0,0,0,0,0,0,0,0,0,38,0,290,0,240,0,28,0,286,0,0,0,244,177,46,10,59,0,53,0,43,0,0,0,19,0,0,0,9,0,0,0,0,0,5,0,18,0,5,0,0,0,3,0,58,0,1508,361,830,0,499,0,11,3,59,39,0,0,0,0,0
51,296,0,132,587,0,0,28,0,28,370,254,344,221,560,190,20,19,119,213,232,100,169,135,4,26,0,208,0,39,0,67,0,425,0,162,13,240,0,0,0,96,0,0,0,10,0,143,0,1,0,51,0,0,0,11,0,22,0,0,0,19,0,4,0,46,0,0,0,0,0,0,0,0,0,11,0,0,0,0,0,0,0,0,0,64,0,0,0,0,0,0,0,0,0,0,0,0,0,82,0,0,0,0,0,0,0,0,0,0,0,0,0,0,0,0,0,0,0,0,0,0,0,0,0,53,0,0,0,0,0,47,0,0,0,0,0,14,0,0,0,0,0,0,0,0,0,22,0,88,0,21,0,0,0,0,0,0,0,0,0,27,0,5,0,37,9,190,0,151,0,22,0,137,0,0,138,322,54,34,0,41,0,0,0,29,5,0,0,0,0,1,0,0,0,6,0,0,0,0,0,0,0,0,0,14,0,0,0,22,31,25,0,0,344,0,0,0,1187,315,575,0,0,4,0
47,345,161,0,28,0,0,0,61,435,19,1,11,0,0,4,17,10,0,0,0,0,20,0,229,167,0,0,4,0,0,0,0,0,0,0,0,0,41,1,3,0,0,0,0,0,0,0,17,0,3,0,87,52,199,134,18,0,65,0,380,8,194,136,34,0,15,0,0,0,0,0,0,0,0,0,0,0,0,0,0,0,0,0,0,0,0,0,0,0,0,0,0,0,0,0,0,0,0,0,0,0,2,0,3,0,0,0,0,0,0,0,0,0,0,0,0,0,0,0,0,0,0,0,128,3,79,0,0,0,140,0,0,0,0,0,0,0,0,0,0,0,0,0,0,0,63,0,65,2,78,0,0,0,4,0,14,5,0,0,22,0,0,0,12,0,6,0,37,0,200,0,50,0,0,0,0,34,0,0,0,0,0,0,0,3,0,0,0,0,0,0,0,0,0,0,0,0,0,0,0,0,4,0,0,0,1,0,34,0,986,207,556,450,638,16,212,0,0,0,0,0,0,0,0
342,51,25,121,0,28,0,0,439,64,0,6,0,0,0,20,11,16,0,26,0,0,0,13,126,307,0,0,0,0,0,0,0,0,0,0,0,0,0,55,0,0,0,0,0,0,0,0,0,1,0,0,27,62,71,421,0,90,0,46,0,130,35,185,0,51,0,94,0,0,0,0,0,0,0,0,0,0,0,0,0,0,0,0,0,0,0,0,0,0,0,0,0,0,0,0,0,0,0,0,0,0,0,0,0,0,0,0,0,0,0,0,0,0,0,0,0,0,0,0,0,0,0,0,0,176,0,13,0,0,0,213,0,0,0,0,0,0,0,0,0,0,0,0,0,0,0,0,0,54,0,22,0,0,0,14,0,29,0,0,0,63,0,0,0,27,0,0,0,42,0,0,0,42,0,0,15,34,0,0,0,0,0,5,1,2,0,0,0,0,0,0,0,0,0,1,0,0,0,0,0,0,0,0,0,0,0,9,0,14,0,0,0,0,1027,0,0,0,1391,239,871,449,33,0,0
78,180,3,0,17,0,61,439,0,1371,15,0,18,0,0,0,0,17,7,0,0,0,0,0,3,242,0,0,0,0,0,0,0,0,0,0,3,0,4,0,0,0,0,0,0,0,7,0,1,0,0,0,18,110,30,448,11,42,414,233,97,9,47,114,423,6,326,161,0,0,0,0,0,0,0,0,0,0,0,0,0,0,0,0,0,0,0,0,0,0,0,0,0,0,0,0,0,0,0,0,0,0,0,0,0,0,1,0,0,0,0,0,0,0,0,0,0,0,0,0,0,0,0,0,34,0,28,0,0,0,53,0,0,0,3,0,0,0,0,0,0,0,0,0,0,0,68,0,238,0,105,0,8,0,3,7,16,3,0,1,14,0,0,0,3,0,0,0,0,0,36,0,0,0,0,0,48,164,2,0,2,0,43,0,204,20,0,0,0,0,0,0,0,0,0,0,0,0,0,0,0,0,0,0,0,0,0,0,9,0,242,146,114,115,144,8,52,0,0,0,0,0,0,0,0
92,96,0,11,0,28,435,64,1371,0,0,72,0,4,0,9,0,0,0,24,0,0,0,1,57,4,0,29,0,0,0,0,0,0,0,0,0,0,0,0,0,0,0,0,0,0,0,9,0,0,0,0,102,69,283,30,29,27,135,219,0,2,6,14,0,434,22,318,0,2,0,0,0,0,0,0,0,0,0,0,0,1,0,0,0,1,0,0,0,0,0,0,0,0,0,0,0,0,0,0,0,0,0,0,0,0,0,0,0,0,0,0,0,0,0,0,0,0,0,0,0,0,0,0,0,56,0,0,0,0,0,134,0,0,0,0,0,0,0,0,0,0,0,0,0,0,0,20,0,147,0,10,0,18,0,15,3,10,0,6,0,75,0,0,0,2,0,0,0,5,0,0,0,10,0,0,0,280,0,2,0,2,7,12,19,203,0,0,0,0,0,0,0,0,0,1,0,0,0,0,0,0,0,0,0,0,0,5,0,3,0,1,0,0,287,0,0,0,445,205,150,156,10,3,0
147,36,25,68,94,370,19,0,15,0,0,188,207,33,0,402,10,4,7,0,36,29,6,92,1,0,14,0,33,0,79,3,380,0,15,0,377,3,32,0,45,0,0,0,4,0,22,0,0,0,0,0,7,0,5,0,0,0,0,0,4,0,9,0,32,0,0,0,0,0,0,0,0,0,0,0,0,0,0,0,0,0,0,0,0,0,0,0,0,0,0,0,0,0,0,0,0,0,0,0,0,0,0,0,0,0,0,0,0,0,0,0,0,0,0,0,0,0,0,0,3,0,0,0,0,0,13,0,0,0,13,0,0,0,0,0,0,0,0,0,0,0,0,0,0,0,38,0,68,0,46,0,62,0,0,0,0,0,0,0,2,0,2,0,0,0,70,0,55,0,15,0,99,5,64,0,331,108,129,0,75,0,77,0,59,0,2,0,6,0,0,0,0,0,5,0,0,0,0,0,0,0,0,0,0,0,0,0,5,0,576,187,239,0,136,0,6,0,0,0,0,0,0,0,0
67,262,115,17,364,254,1,6,0,72,188,0,70,270,398,11,31,22,34,37,148,64,268,83,0,0,0,179,0,45,0,0,0,309,0,9,0,246,0,177,4,201,0,0,0,15,0,210,0,6,0,2,0,1,0,0,0,0,0,8,0,31,0,0,0,13,0,2,0,0,0,0,0,0,0,0,0,0,0,0,0,31,0,0,0,0,0,0,0,0,0,0,0,0,0,0,0,0,0,0,0,0,0,0,0,0,0,0,0,0,0,0,0,0,0,0,0,0,0,0,0,0,0,0,0,8,0,0,0,0,0,0,0,0,0,0,0,0,0,0,0,0,0,0,0,0,0,12,0,20,0,0,0,0,0,0,0,0,0,0,0,0,0,0,0,0,0,44,0,27,0,0,0,105,0,88,93,519,31,99,0,138,0,50,0,72,0,5,0,0,0,0,0,0,0,0,0,0,0,0,0,0,0,0,0,0,0,0,0,0,12,0,0,1,210,0,1,0,843,170,189,81,0,0,0
138,0,91,0,291,344,11,0,18,0,207,70,0,687,21,55,0,0,22,429,20,75,0,0,0,0,86,473,0,0,17,0,0,0,82,13,106,0,0,0,297,42,39,39,13,0,283,111,18,0,310,31,0,0,12,0,0,0,6,0,0,0,0,0,0,0,0,0,0,0,0,0,0,0,0,0,0,0,0,0,0,0,17,0,0,0,0,0,0,0,0,0,0,0,0,0,0,0,0,0,0,0,0,0,0,0,0,0,0,0,0,0,0,0,0,0,0,0,0,0,0,0,0,0,0,0,25,0,0,0,19,0,0,0,0,0,0,0,0,0,0,0,0,0,1,0,40,0,65,0,78,0,38,0,0,0,0,0,0,0,0,0,0,0,139,0,112,0,103,0,0,0,0,0,81,0,358,106,239,0,75,0,26,0,36,0,93,18,23,0,0,0,0,0,0,0,4,0,0,0,0,0,0,0,9,0,0,0,0,0,247,524,477,51,95,0,0,0,97,57,87,0,0,0,0
0,137,0,5,276,221,0,0,0,4,33,270,687,0,74,5,0,0,434,85,205,32,0,0,0,0,369,71,0,0,0,0,0,36,19,98,5,168,0,0,151,285,61,135,0,13,83,71,0,15,108,284,0,0,0,0,0,0,0,5,0,0,0,0,0,0,0,0,0,0,0,0,0,1,0,0,0,0,0,0,0,0,2,0,0,0,0,0,0,0,0,0,0,0,0,0,0,0,0,0,0,0,0,0,0,1,0,0,0,0,0,0,0,0,0,0,0,0,0,0,0,0,0,0,0,0,0,0,0,0,0,0,0,2,0,0,0,0,0,0,0,0,0,0,0,0,0,0,0,0,0,0,0,94,0,0,0,0,0,0,0,0,0,0,0,86,0,17,0,89,0,0,0,0,0,66,60,472,19,99,0,141,0,7,0,0,35,38,0,0,0,0,0,0,0,0,0,0,0,0,0,0,0,15,0,31,0,0,0,0,0,0,29,0,86,0,0,0,401,527,365,0,5,0,0
8,9,199,0,133,560,0,0,0,0,0,398,21,74,0,350,27,0,417,104,165,42,458,49,100,0,258,0,10,0,268,0,359,43,154,8,235,0,4,0,3,0,1,0,13,0,24,0,5,0,22,2,0,0,68,0,0,0,0,0,0,0,0,0,0,0,0,0,0,0,0,0,3,0,12,0,0,0,0,0,0,0,0,0,0,0,0,0,0,0,0,0,0,0,0,0,55,0,0,0,0,0,0,0,153,0,190,0,0,0,0,0,0,0,0,0,0,0,0,0,0,0,0,0,0,0,0,0,0,0,0,0,0,0,231,0,109,0,0,0,0,0,0,0,16,0,0,0,37,0,69,0,0,0,0,0,0,0,0,0,4,1,0,0,0,0,185,0,102,0,10,0,91,0,18,0,22,45,2,0,0,0,7,0,11,0,0,0,0,0,0,0,0,0,0,0,0,0,0,0,111,0,0,0,0,0,0,0,130,0,235,133,293,0,77,0,0,0,32,12,0,0,0,0,0
144,55,166,265,452,190,4,20,0,9,402,11,55,5,350,0,54,22,11,659,132,155,359,181,0,124,6,62,0,0,0,60,9,196,0,22,10,102,0,15,0,0,0,2,0,0,0,0,0,0,0,0,0,0,0,31,0,0,1,0,0,9,0,21,0,11,0,0,0,0,0,0,0,0,0,0,0,0,0,0,0,0,0,0,0,0,0,9,0,0,0,0,0,0,0,0,0,0,0,0,0,0,0,0,0,0,0,102,0,0,0,0,0,0,0,0,0,0,0,0,0,0,0,0,0,45,0,0,0,15,0,23,0,0,0,308,0,142,0,0,0,0,0,0,0,0,0,8,0,52,0,15,0,11,0,0,0,0,0,0,0,10,0,0,0,3,0,71,0,22,0,0,0,24,1,0,28,49,34,10,0,0,4,0,0,12,0,0,0,1,0,0,0,0,0,0,0,0,0,0,0,67,0,0,0,0,0,27,0,137,14,0,20,0,48,0,0,0,174,211,68,18,0,0,0
6,133,16,64,0,20,17,11,0,0,10,31,0,0,27,54,0,6,36,5,270,0,31,98,85,18,29,3,243,0,25,0,133,0,0,0,17,2,463,0,0,0,0,0,0,0,0,0,2,0,0,0,138,0,55,0,5,0,0,0,36,4,571,6,0,0,0,0,0,0,4,0,0,0,0,0,0,0,0,0,27,0,0,0,85,0,20,0,66,0,174,0,36,0,0,0,345,0,121,0,130,0,0,0,137,0,620,0,0,0,0,0,0,0,0,0,0,0,0,0,17,0,5,0,0,0,0,0,244,0,31,0,26,0,113,0,722,0,60,0,42,0,331,0,0,0,0,0,0,0,7,0,0,0,26,0,0,0,37,0,7,0,3,0,0,0,2,0,22,0,7,0,68,0,0,0,0,2,0,5,0,0,2,0,0,0,0,0,0,0,0,0,0,0,0,0,0,0,0,0,305,0,0,0,0,0,0,0,30,0,44,226,67,0,26,0,5,0,0,0,0,1,0,0,0
54,12,0,48,6,19,10,16,17,0,4,22,0,0,0,22,6,0,0,93,2,299,36,187,29,91,0,53,0,130,0,17,0,104,0,5,0,7,0,124,0,0,0,0,0,0,0,0,0,0,0,7,0,15,3,69,0,113,0,12,0,18,6,486,0,0,0,0,0,0,0,0,0,0,0,0,0,0,0,0,0,31,0,0,0,50,0,10,0,6,0,54,0,0,0,0,0,36,0,84,0,32,0,0,0,0,0,145,0,0,0,0,0,0,0,0,0,0,0,0,0,2,0,0,0,114,0,0,0,112,0,24,0,265,0,511,0,479,0,122,0,11,0,100,0,0,0,0,0,0,0,0,0,0,0,33,0,0,0,30,0,16,0,0,0,0,0,0,0,16,0,5,1,0,0,0,0,4,0,12,0,0,0,0,0,0,0,0,0,0,0,0,0,0,0,0,0,0,0,0,0,53,0,0,0,0,0,0,0,82,0,0,0,0,26,0,0,0,13,166,43,13,0,0,0
0,0,92,0,43,119,0,0,7,0,7,34,22,434,417,11,36,0,0,191,252,38,266,0,0,0,206,226,0,0,46,0,9,0,309,14,143,13,0,0,2,12,26,23,25,6,29,47,0,0,288,16,11,0,0,0,0,0,0,0,0,0,0,0,0,0,0,0,0,0,0,0,0,0,0,0,0,0,0,0,0,0,0,0,0,0,0,0,0,0,0,0,0,0,0,0,0,0,0,0,0,0,0,0,0,0,0,0,0,0,0,0,0,0,0,0,0,0,0,0,0,0,0,0,0,0,0,0,0,0,0,0,0,0,139,0,0,0,0,0,0,0,0,0,0,0,0,0,29,0,43,0,0,0,0,0,0,0,0,0,0,0,0,0,36,0,61,0,44,0,0,0,0,0,0,0,25,28,0,0,0,0,0,0,10,0,1,13,0,0,0,0,0,0,0,0,0,0,0,0,0,0,0,0,0,0,0,0,90,0,120,236,150,12,0,0,0,0,41,36,37,0,0,0,0
0,117,0,265,224,213,0,26,0,24,0,37,429,85,104,659,5,93,191,0,121,391,0,372,0,110,0,592,0,0,0,156,0,65,21,625,9,278,0,0,19,15,0,166,0,26,0,129,0,0,26,245,0,0,0,0,0,26,0,0,0,0,0,49,0,38,0,0,0,0,0,0,0,0,0,0,0,0,0,0,0,0,0,0,0,66,0,0,0,0,0,0,0,0,0,0,0,0,0,0,0,0,0,0,0,0,0,0,0,0,0,0,0,0,0,0,0,0,0,0,0,0,0,0,0,0,0,0,0,0,0,0,0,0,0,409,0,0,0,0,0,0,0,0,0,0,0,0,0,65,0,15,0,30,0,0,0,0,0,0,0,18,0,0,5,52,0,86,0,107,0,10,0,24,0,0,0,0,23,0,0,0,0,9,0,35,12,0,0,0,0,0,0,0,0,0,0,0,0,0,0,0,0,0,0,0,0,0,0,0,23,19,27,0,94,0,0,0,340,348,259,0,0,0,0
0,0,0,0,40,232,0,0,0,0,36,148,20,205,165,132,270,2,252,121,0,43,233,15,111,0,299,116,34,0,251,0,144,18,200,6,37,8,8,0,0,0,32,13,22,0,0,21,0,0,72,18,22,0,30,0,0,0,0,0,0,0,113,0,0,0,0,0,0,0,60,0,0,0,46,0,0,0,59,0,204,0,133,0,188,0,107,0,169,0,296,0,0,0,167,0,541,0,540,0,359,0,0,0,198,0,816,0,0,0,0,0,0,0,0,0,0,0,0,0,117,0,20,0,0,0,0,0,0,0,0,0,0,0,102,0,339,0,42,0,81,0,280,0,42,0,0,0,0,0,0,0,0,0,4,0,0,0,0,0,0,0,0,0,38,0,54,1,75,0,0,0,22,0,0,0,2,12,11,6,6,0,3,0,0,0,0,0,0,0,0,0,2,0,0,1,0,0,0,0,255,0,0,0,0,0,0,0,45,0,242,359,142,19,37,0,3,0,26,0,0,0,0,0,0
0,13,0,49,84,100,0,0,0,0,29,64,75,32,42,155,0,299,38,391,43,0,0,354,0,60,0,225,0,49,0,23,0,58,0,91,0,17,0,9,2,0,0,100,0,52,0,5,0,0,0,68,0,3,0,0,0,61,0,11,0,4,0,80,0,0,0,0,0,0,0,0,0,3,0,7,0,12,0,0,0,192,0,0,0,194,0,55,0,22,0,0,0,0,0,0,0,0,0,293,0,82,0,0,0,0,0,129,0,0,0,0,0,0,0,0,0,0,0,0,0,29,0,0,0,0,0,0,0,0,0,0,0,247,0,308,0,452,0,351,0,149,0,477,0,22,0,0,0,0,0,0,0,0,0,17,0,0,0,18,0,0,0,3,0,28,0,15,0,58,0,0,0,19,0,0,0,0,4,20,0,0,0,0,0,0,0,1,0,0,0,0,0,0,0,0,0,0,0,0,0,0,0,0,0,0,0,0,0,0,0,6,6,1,50,0,0,0,236,411,88,23,0,0,0
0,319,400,236,116,169,20,0,0,0,6,268,0,0,458,359,31,36,266,0,233,0,0,354,170,0,165,0,123,1,12,0,55,0,0,0,43,0,238,15,0,0,0,0,49,0,43,0,12,0,0,0,0,1,337,1,10,0,0,0,15,0,19,6,0,0,0,0,0,0,0,0,0,0,0,0,0,0,0,0,2,0,0,0,0,0,0,0,0,0,0,0,0,0,0,0,38,0,0,0,14,0,21,0,188,0,253,1,0,0,0,0,0,0,0,0,0,0,0,0,0,0,0,0,0,0,30,0,0,0,35,0,0,0,322,0,294,0,0,0,0,0,227,0,0,0,0,0,0,0,40,0,7,0,10,0,0,0,0,0,0,0,6,0,7,0,10,0,19,1,37,0,198,0,0,0,7,30,0,39,0,0,3,0,0,0,0,0,0,0,0,0,0,0,0,0,0,0,0,0,153,0,0,0,0,0,9,0,137,0,309,227,176,57,119,0,0,0,17,3,3,0,0,0,0
416,11,206,230,86,135,0,13,0,1,92,83,0,0,49,181,98,187,0,372,15,354,354,0,55,177,0,103,0,86,1,25,0,115,0,20,0,24,12,99,0,0,0,15,0,0,0,0,0,0,0,6,0,2,0,55,0,49,0,0,2,25,0,112,0,0,0,0,0,0,0,0,0,0,0,0,0,8,0,0,0,49,0,0,0,65,0,23,0,0,0,81,0,0,0,0,0,25,0,108,0,43,0,0,0,0,0,231,0,0,0,0,0,0,0,0,0,0,0,0,0,7,0,0,0,81,0,0,0,0,0,25,0,101,0,632,0,351,0,38,0,0,0,88,0,0,0,0,0,0,0,0,0,0,0,19,0,0,0,0,0,17,0,0,0,7,0,12,0,24,0,0,0,18,0,0,7,12,0,75,0,0,11,1,0,0,0,0,0,0,0,0,0,0,0,0,0,0,0,0,0,81,0,0,0,0,0,0,0,204,0,0,0,0,41,0,0,0,141,477,46,24,0,0,0
5,494,101,76,11,4,229,126,3,57,1,0,0,0,100,0,85,29,0,0,111,0,170,55,0,245,0,0,41,0,8,0,0,0,0,0,17,2,206,0,0,0,0,0,0,0,3,0,9,0,0,0,41,22,425,11,17,0,7,0,241,31,303,110,0,0,0,0,2,0,0,0,0,0,0,0,0,0,0,0,5,0,0,0,0,0,0,0,0,0,0,0,0,0,0,0,0,0,0,0,0,0,0,0,42,0,53,0,0,0,0,0,0,0,0,0,0,0,0,0,0,0,0,0,6,0,36,0,72,0,55,0,32,0,126,0,182,0,0,0,0,0,117,0,0,0,6,0,3,0,29,0,0,0,11,1,0,0,4,0,9,0,0,0,9,0,0,0,30,0,114,0,117,0,0,0,0,0,0,1,0,0,0,0,0,0,0,0,0,0,0,0,0,0,0,0,0,0,0,0,85,0,0,0,0,0,0,0,76,0,541,189,336,182,313,0,48,0,0,0,0,0,0,0,0
423,26,70,237,0,26,167,307,242,4,0,0,0,0,0,124,18,91,0,110,0,60,0,177,245,0,0,0,0,75,0,14,0,33,0,0,0,0,1,149,0,0,1,10,0,0,0,0,0,0,0,0,6,21,26,549,0,166,0,59,18,144,52,377,0,0,0,0,0,0,0,0,0,0,0,0,0,0,0,0,0,0,0,0,0,0,0,8,0,0,0,0,0,0,0,0,0,0,0,0,0,0,0,0,0,0,0,0,0,0,0,0,0,0,0,0,0,0,0,0,0,0,0,0,0,342,0,111,0,80,0,146,0,125,0,446,0,278,0,25,0,0,0,20,0,0,0,0,0,40,0,66,0,0,0,47,0,0,0,24,0,51,0,0,0,8,0,4,0,26,0,17,0,49,0,0,5,0,0,0,0,1,5,0,0,0,0,0,0,0,0,0,0,0,0,5,0,0,0,0,0,87,0,0,0,0,0,173,0,639,0,0,0,0,300,0,0,0,315,335,343,137,5,0,0
0,0,51,0,121,0,0,0,0,0,14,0,86,369,258,6,29,0,206,0,299,0,165,0,0,0,0,338,20,0,36,0,0,0,146,0,53,0,2,0,9,143,236,59,132,33,117,252,6,0,511,26,6,0,0,0,0,0,0,0,11,0,30,0,0,0,0,0,0,0,0,0,0,0,24,0,0,0,0,0,78,0,27,0,0,0,0,0,0,0,0,0,0,0,0,0,0,0,0,0,0,0,0,0,0,0,0,0,0,0,0,0,0,0,0,0,0,0,0,0,0,0,0,0,0,0,0,0,0,0,0,0,0,0,0,0,0,0,47,0,0,0,0,0,0,0,0,0,35,0,52,0,0,0,0,0,0,0,0,0,0,0,0,0,192,0,25,0,48,0,0,0,18,0,22,0,26,35,5,0,0,0,14,0,19,0,22,17,0,0,0,0,0,0,0,0,0,0,0,0,0,0,0,0,0,0,0,0,0,0,66,415,485,15,27,0,0,8,0,26,28,0,0,0,0
0,179,0,46,0,208,0,0,0,29,0,179,473,71,0,62,3,53,226,592,116,225,0,103,0,0,338,0,0,0,0,11,1,18,17,91,9,20,0,0,274,36,117,570,37,268,137,278,15,44,194,489,0,0,0,0,0,0,0,0,0,0,0,0,0,29,0,0,0,0,0,0,0,0,0,0,0,0,0,0,0,0,0,0,0,0,0,23,0,13,0,0,0,5,0,59,0,0,0,0,0,0,0,28,0,0,0,0,0,0,0,0,0,0,0,0,0,0,0,0,0,0,0,0,0,0,0,0,0,0,0,0,0,0,0,0,0,0,0,0,0,0,0,0,0,0,0,0,0,39,0,0,0,20,0,0,0,0,0,0,0,0,0,0,0,192,0,22,0,121,0,0,0,18,0,0,0,33,0,10,0,0,0,0,1,0,50,2,0,67,0,4,0,0,0,37,0,0,0,0,0,0,0,27,0,84,0,17,0,0,0,0,0,0,86,0,0,0,278,836,571,0,4,0,2
14,0,202,0,113,0,4,0,0,0,33,0,0,0,10,0,243,0,0,0,34,0,123,0,41,0,20,0,0,0,49,0,11,0,27,0,39,0,17,0,0,0,61,0,0,0,0,0,0,0,18,0,14,0,0,0,0,0,0,0,0,0,26,0,0,0,0,0,0,0,7,0,0,0,0,0,0,0,0,0,47,0,0,0,91,0,33,0,0,0,0,0,31,0,0,0,164,0,0,0,70,0,0,0,0,0,110,0,0,0,0,0,0,0,0,0,0,0,0,0,35,0,8,0,0,0,0,0,0,0,6,0,0,0,0,0,191,0,116,0,66,0,94,0,0,0,0,0,0,0,0,0,0,0,4,0,1,0,0,0,0,0,0,0,0,0,0,0,0,0,0,0,1,0,0,0,0,0,0,0,0,0,12,0,0,0,0,0,0,0,0,0,0,0,0,0,0,0,0,0,0,0,0,0,0,0,0,0,0,0,0,9,0,0,0,0,0,0,0,0,0,0,0,0,0
0,75,0,203,0,39,0,0,0,0,0,45,0,0,0,0,0,130,0,0,0,49,1,86,0,75,0,0,0,0,0,24,0,32,0,29,0,18,0,31,0,0,0,0,0,0,0,0,0,0,0,1,0,10,0,14,0,29,0,0,0,1,0,41,0,0,0,0,0,0,0,0,0,0,0,0,0,0,0,0,0,0,0,0,0,49,0,0,0,9,0,27,0,2,0,17,0,0,0,75,0,19,0,0,0,9,0,56,0,0,0,0,0,0,0,0,0,0,0,0,0,0,0,0,0,0,0,0,0,0,0,0,0,159,0,192,0,287,0,153,0,26,0,135,0,0,0,0,0,0,0,0,0,0,0,3,0,0,0,12,0,0,0,0,0,0,0,0,0,0,0,0,0,0,0,0,0,13,0,24,0,0,0,0,0,0,0,0,0,0,0,0,0,0,0,0,0,0,0,0,0,0,0,0,0,0,0,0,0,17,0,0,0,0,0,0,0,0,6,13,3,0,0,0,0
0,0,54,0,176,0,0,0,0,0,79,0,17,0,268,0,25,0,46,0,251,0,12,1,8,0,36,0,49,0,0,0,18,0,68,0,29,0,25,0,0,0,54,0,6,0,0,0,0,0,27,0,0,0,0,0,0,0,0,0,0,0,52,0,0,0,0,0,0,0,17,0,0,0,17,0,0,0,0,0,45,0,0,0,96,0,0,0,0,0,0,0,0,0,0,0,0,0,158,0,104,0,0,0,0,0,0,0,0,0,0,0,0,0,0,0,0,0,0,0,38,0,23,0,0,0,0,0,0,0,0,0,0,0,0,0,118,0,61,0,77,0,51,0,21,0,0,0,0,0,0,0,0,0,0,0,0,0,2,0,0,0,4,0,0,0,12,0,0,0,0,0,3,0,0,0,12,0,14,0,0,0,1,0,0,0,0,0,0,0,0,0,0,0,0,0,0,0,0,0,0,0,0,0,0,0,0,0,0,0,16,34,14,0,0,0,0,0,0,0,0,0,0,0,0
0,0,0,21,0,67,0,0,0,0,3,0,0,0,0,60,0,17,0,156,0,23,0,25,0,14,0,11,0,24,0,0,0,9,0,16,0,8,0,23,0,0,0,9,0,0,0,0,0,0,0,0,0,0,0,5,0,13,0,0,0,4,0,23,0,0,0,0,0,0,0,1,0,4,0,0,0,0,0,0,0,17,0,0,0,0,0,0,0,0,0,0,0,0,0,0,0,0,0,0,0,4,0,3,0,0,0,7,0,0,0,0,0,0,0,0,0,0,0,0,0,0,0,0,0,0,0,0,0,0,0,0,0,32,0,0,0,44,0,76,0,32,0,56,0,6,0,0,0,0,0,0,0,0,0,5,0,2,0,0,0,0,0,0,0,0,0,10,0,5,0,0,0,0,0,0,0,0,0,10,0,0,0,0,0,0,0,0,0,0,0,0,0,0,0,0,0,0,0,0,0,0,0,0,0,0,0,0,0,0,0,0,0,0,0,0,0,0,24,36,11,0,0,0,0
31,0,248,0,508,0,0,0,0,0,380,0,0,0,359,9,133,0,9,0,144,0,55,0,0,0,0,1,11,0,18,0,0,2,56,0,96,0,29,0,0,0,122,0,3,0,0,0,0,0,51,0,3,0,0,0,0,0,0,0,24,0,47,0,0,0,0,0,0,0,0,0,0,0,4,0,0,0,0,0,0,0,0,0,0,0,0,0,0,0,0,0,0,0,0,0,0,0,0,0,0,0,0,0,0,0,0,0,0,0,0,0,0,0,0,0,0,0,0,0,0,0,0,0,0,0,0,0,0,0,0,0,0,0,0,0,0,0,129,0,26,0,14,0,19,0,0,0,0,0,0,0,0,0,18,0,12,0,0,0,0,0,0,0,0,0,9,0,2,0,1,0,9,0,0,0,47,0,52,0,0,0,45,0,0,0,0,0,0,0,0,0,0,0,0,0,0,0,0,0,0,0,0,0,0,0,0,0,0,0,6,104,0,0,3,0,0,0,0,0,0,0,0,0,0
0,92,0,230,20,425,0,0,0,0,0,309,0,36,43,196,0,104,0,65,18,58,0,115,0,33,0,18,0,32,0,9,2,0,0,157,0,41,0,14,0,0,0,27,0,0,0,0,0,0,0,23,0,6,0,9,0,17,0,0,0,22,0,50,0,12,0,0,0,0,0,0,0,0,0,0,0,0,0,0,0,0,0,0,0,41,0,0,0,0,0,0,0,0,0,0,0,10,0,54,0,10,0,0,0,0,0,0,0,0,0,0,0,0,0,0,0,0,0,0,0,0,0,0,0,0,0,0,0,0,0,0,0,0,0,0,0,0,0,145,0,64,0,55,0,24,0,0,0,0,0,0,0,0,0,5,0,47,0,0,0,0,0,0,0,2,0,38,0,15,0,3,0,12,0,0,0,67,0,201,0,0,0,0,0,0,0,0,0,0,0,0,0,0,0,0,0,0,0,0,0,0,0,0,0,2,0,0,0,0,0,0,0,0,16,0,0,0,53,181,39,0,0,0,0
0,0,0,0,139,0,0,0,0,0,15,0,82,19,154,0,0,0,309,21,200,0,0,0,0,0,146,17,27,0,68,0,56,0,0,0,69,0,0,0,0,1,27,0,11,2,0,0,0,0,39,0,0,0,0,0,0,0,0,0,0,0,2,0,0,0,0,0,0,0,18,0,0,0,13,0,0,0,0,0,28,0,0,0,0,0,0,0,0,0,0,0,0,0,0,0,0,0,97,0,0,0,0,0,0,0,0,0,0,0,0,0,0,0,0,0,0,0,0,0,30,0,4,0,0,0,0,0,0,0,0,0,0,0,0,0,0,0,0,0,10,0,0,0,13,0,2,0,3,0,0,0,0,0,0,0,0,0,0,0,0,0,0,0,20,0,53,0,24,0,0,0,11,0,0,0,0,0,10,0,0,0,0,0,0,0,0,0,0,0,0,0,3,0,0,0,0,0,0,0,0,0,0,0,0,0,0,0,0,0,76,86,69,9,23,0,0,0,6,0,0,0,0,0,0
0,5,0,0,0,162,0,0,0,0,0,9,13,98,8,22,0,5,14,625,6,91,0,20,0,0,0,91,0,29,0,16,0,157,0,0,0,143,0,19,0,0,0,5,0,0,0,0,0,0,0,8,0,0,0,4,0,8,0,0,0,0,0,8,0,0,0,0,0,0,0,0,0,0,0,0,0,0,0,0,0,0,0,0,0,34,0,0,0,0,0,0,0,0,0,0,0,0,0,0,0,12,0,0,0,0,0,0,0,0,0,0,0,0,0,0,0,0,0,0,0,0,0,0,0,1,0,0,0,0,0,0,0,62,0,0,0,97,0,126,0,70,0,119,0,0,0,0,0,0,0,0,0,0,0,0,0,10,0,0,0,0,0,0,0,11,0,32,0,20,0,0,0,20,0,0,1,14,0,8,0,0,0,0,0,0,0,7,0,4,0,0,0,0,0,0,0,0,0,0,0,0,0,4,0,0,0,0,0,0,0,0,0,0,19,0,0,0,83,144,72,0,0,0,0
32,0,95,0,509,13,0,0,3,0,377,0,106,5,235,10,17,0,143,9,37,0,43,0,17,0,53,9,39,0,29,0,96,0,69,0,0,0,42,0,0,0,77,0,43,0,5,5,2,0,38,0,8,0,0,0,0,0,1,0,56,0,23,0,0,0,0,0,0,0,38,0,0,0,29,0,0,0,14,0,61,0,0,0,75,0,0,0,33,0,0,0,0,0,46,0,88,0,171,0,48,0,0,0,0,0,0,0,0,0,0,0,0,0,0,0,0,0,0,0,55,0,0,0,0,0,0,0,34,0,0,1,0,0,0,0,86,0,193,0,98,0,41,0,118,0,0,0,0,0,0,0,0,0,26,0,50,0,0,0,0,0,27,0,25,0,48,0,47,0,38,0,79,0,0,0,33,0,88,0,0,0,35,0,0,0,0,0,0,0,0,0,0,0,0,0,0,0,0,0,0,0,0,0,0,0,0,0,0,0,49,98,73,0,0,0,0,0,0,0,0,0,0,0,0
0,191,14,175,20,240,0,0,0,0,3,246,0,168,0,102,2,7,13,278,8,17,0,24,2,0,0,20,0,18,0,8,0,41,0,143,0,0,0,14,0,0,0,17,0,9,0,0,0,0,2,70,0,0,0,5,0,4,0,0,0,18,0,13,0,0,0,0,0,0,0,0,0,0,0,0,0,0,0,0,0,0,0,0,0,33,0,0,0,0,0,0,0,0,0,14,0,0,0,0,0,7,0,0,0,0,0,0,0,0,0,0,0,0,0,0,0,0,0,0,0,0,0,0,0,0,0,0,0,0,0,0,0,60,0,0,0,106,0,202,0,134,0,135,0,42,0,0,0,12,0,0,0,0,0,5,0,42,0,0,0,0,0,5,0,4,0,37,0,63,0,12,0,71,0,0,0,58,3,152,0,0,0,0,0,0,0,6,0,2,0,0,0,0,0,0,0,0,0,0,0,0,0,0,0,0,0,0,0,0,0,0,0,0,10,0,0,0,15,186,60,8,0,0,0
204,6,596,1,103,0,41,0,4,0,32,0,0,0,4,0,463,0,0,0,8,0,238,12,206,1,2,0,17,0,25,0,29,0,0,0,42,0,0,0,0,0,35,0,0,0,0,0,0,0,5,0,7,0,0,0,0,0,0,0,20,0,51,1,0,0,0,0,0,0,9,0,0,0,8,0,0,0,0,0,0,0,0,0,58,0,16,0,13,0,0,0,0,0,0,0,85,0,60,0,34,0,0,0,0,0,0,0,0,0,0,0,0,0,0,0,0,0,0,0,28,0,14,0,0,0,0,0,0,0,0,0,0,0,0,0,83,0,150,0,69,0,36,0,33,0,0,0,0,0,0,0,0,0,14,0,28,0,0,0,0,0,3,0,0,0,0,0,7,0,17,0,37,0,0,0,7,1,0,0,0,0,53,0,0,0,0,0,0,0,0,0,0,0,0,0,0,0,0,0,0,0,0,0,0,0,0,0,0,0,7,105,12,0,1,0,0,0,0,0,0,0,0,0,0
9,338,0,634,0,0,1,55,0,0,0,177,0,0,0,15,0,124,0,0,0,9,15,99,0,149,0,0,0,31,0,23,0,14,0,19,0,14,0,0,0,0,0,0,0,0,0,0,0,0,0,1,0,15,0,23,0,15,0,0,0,20,0,50,0,8,0,0,0,0,0,0,0,0,0,0,0,0,0,0,0,0,0,0,0,0,0,0,0,0,0,0,0,0,0,0,0,0,0,0,0,0,0,0,0,0,0,0,0,0,0,0,0,0,0,0,0,0,0,0,0,0,0,0,0,0,0,0,0,0,0,0,0,98,0,0,0,97,0,270,0,92,0,32,0,48,0,0,0,12,0,0,0,0,0,12,0,41,0,17,0,0,0,1,0,0,0,3,0,0,0,0,0,6,0,0,0,68,0,114,0,0,0,0,0,7,0,0,0,0,0,0,0,0,0,0,0,0,0,0,0,0,0,0,0,0,0,0,0,0,0,0,0,0,0,0,0,0,0,61,4,0,0,0,0
17,0,25,0,100,0,3,0,0,0,45,4,297,151,3,0,0,0,2,19,0,2,0,0,0,0,9,274,0,0,0,0,0,0,0,0,0,0,0,0,0,334,40,58,36,117,132,528,106,52,52,14,0,0,0,0,0,0,0,0,0,0,1,0,0,0,0,0,0,0,0,0,0,0,0,0,0,0,0,0,0,0,0,0,0,0,0,0,0,0,0,0,0,0,0,0,0,0,0,0,0,0,0,0,0,0,0,0,0,0,0,0,0,0,0,0,0,0,0,0,0,0,0,0,0,0,0,0,0,0,0,0,0,0,0,0,0,0,0,0,0,0,0,0,0,0,0,0,12,0,0,0,0,0,0,0,0,0,0,0,0,0,0,0,27,0,0,0,0,0,0,0,1,0,0,0,93,42,20,0,33,0,5,0,14,0,126,12,0,0,0,0,0,0,0,0,0,0,0,0,0,0,0,0,0,0,0,0,0,0,0,171,90,0,0,0,0,16,0,39,12,0,0,0,0
0,58,0,0,0,96,0,0,0,0,0,201,42,285,0,0,0,0,12,15,0,0,0,0,0,0,143,36,0,0,0,0,0,0,1,0,0,0,0,0,334,0,39,16,67,66,276,129,51,112,16,8,0,0,0,0,0,0,0,0,0,0,0,0,0,0,0,0,0,2,0,0,0,0,0,0,0,0,0,0,0,0,0,3,0,0,0,0,0,1,0,0,0,0,0,2,0,0,0,0,0,0,0,0,0,0,0,0,0,0,0,0,0,0,0,0,0,0,0,0,0,0,0,0,0,0,0,0,0,0,0,0,0,0,0,1,0,0,0,0,0,0,0,0,0,0,0,0,0,0,0,0,0,9,0,0,0,0,0,0,0,0,0,0,0,28,0,0,0,0,0,0,0,0,0,0,0,114,0,14,0,15,0,0,0,0,53,18,0,0,0,0,0,0,0,3,0,0,0,0,0,0,0,0,0,0,0,0,0,0,0,0,0,0,0,0,0,1,0,131,33,0,0,0,47
0,1,0,0,0,0,0,0,0,0,0,0,39,61,1,0,0,0,26,0,32,0,0,0,0,1,236,117,61,0,54,0,122,0,27,0,77,0,35,0,40,39,0,9,154,0,63,129,12,0,38,0,0,0,0,0,1,0,0,0,0,0,22,0,0,0,0,0,0,0,21,0,0,0,19,0,0,0,0,0,54,0,0,0,70,0,0,0,0,0,0,0,0,0,0,0,0,0,0,0,0,0,0,0,0,0,0,0,0,0,0,0,0,0,0,0,0,0,0,0,0,0,14,0,0,0,0,0,0,0,0,0,0,0,0,0,0,0,91,0,73,0,0,0,48,0,0,0,0,0,0,0,0,0,0,0,0,0,0,0,0,0,4,0,36,0,12,0,0,0,7,0,15,0,0,0,1,0,0,0,0,0,0,0,0,0,53,0,0,0,0,0,0,0,0,0,0,0,0,0,0,0,0,0,0,0,0,0,0,0,12,27,33,2,3,0,0,1,0,0,0,0,0,0,0
0,0,0,0,7,0,0,0,0,0,0,0,39,135,0,2,0,0,23,166,13,100,0,15,0,10,59,570,0,0,0,9,0,27,0,5,0,17,0,0,58,16,9,0,8,191,33,114,0,38,8,132,0,0,0,0,0,14,0,0,0,0,0,4,0,0,0,0,0,0,0,6,0,0,0,5,0,0,0,0,0,129,0,27,0,106,0,20,0,0,0,0,0,0,0,56,0,0,0,152,0,0,0,0,0,0,0,0,0,0,0,0,0,0,0,0,0,0,0,0,0,0,0,7,0,0,0,0,0,0,0,0,0,0,0,51,0,0,0,67,0,78,0,201,0,32,0,0,0,0,0,0,0,0,0,7,0,0,0,0,0,0,0,0,0,86,0,25,0,56,0,0,0,23,0,0,0,9,0,0,0,0,0,0,0,0,6,56,0,0,0,0,0,0,0,0,0,0,0,0,0,0,0,9,0,17,0,0,0,0,0,0,1,0,23,0,0,0,38,197,130,22,0,0,0
0,0,0,0,15,0,0,0,0,0,4,0,13,0,13,0,0,0,25,0,22,0,49,0,0,0,132,37,0,0,6,0,3,0,11,0,43,0,0,0,36,67,154,8,0,18,216,70,148,24,89,3,0,0,0,0,0,0,0,0,0,0,7,0,0,0,1,0,0,0,41,0,8,0,27,0,0,0,0,0,55,0,0,0,0,0,0,0,34,0,0,0,0,0,52,0,113,0,208,0,91,0,0,0,0,0,165,0,0,0,0,0,0,0,0,0,0,0,0,0,54,0,12,0,0,0,0,0,0,0,0,0,0,0,0,0,59,0,0,0,0,0,0,0,52,0,0,0,0,0,0,0,5,0,0,0,0,0,0,0,0,0,15,0,203,0,18,0,20,0,0,0,26,0,0,0,0,8,3,0,0,0,0,0,0,0,29,0,10,0,0,0,0,0,0,0,0,0,0,0,0,0,0,0,0,0,0,0,17,0,36,109,219,9,9,2,0,34,0,4,0,0,0,0,0
0,16,0,0,0,10,0,0,0,0,0,15,0,13,0,0,0,0,6,26,0,52,0,0,0,0,33,268,0,0,0,0,0,0,2,0,0,9,0,0,117,66,0,191,18,0,103,156,70,176,6,78,0,0,0,3,0,0,0,0,0,0,0,0,0,0,0,0,0,10,0,0,0,0,0,0,0,0,0,0,0,0,0,35,0,0,0,0,0,28,0,0,0,34,0,69,0,0,0,0,0,20,0,24,0,0,0,0,0,0,0,0,0,0,0,0,0,0,0,0,0,0,0,5,0,0,0,8,0,0,0,0,0,0,0,18,0,0,0,0,0,0,0,0,0,0,0,0,0,4,0,0,0,0,0,4,0,0,0,0,0,0,0,1,2,251,0,7,0,56,0,0,0,0,0,0,0,31,0,0,0,0,0,0,0,0,14,7,0,49,0,0,0,7,0,25,0,0,0,0,0,0,0,0,0,0,0,0,0,0,0,4,0,0,13,0,0,1,21,376,542,15,0,0,73
29,0,30,0,139,0,0,0,7,0,22,0,283,83,24,0,0,0,29,0,0,0,43,0,3,0,117,137,0,0,0,0,0,0,0,0,5,0,0,0,132,276,63,33,216,103,0,446,148,100,38,0,5,0,16,0,0,0,0,0,2,0,4,0,0,0,0,0,0,0,0,0,0,0,0,0,0,0,0,0,0,0,0,0,0,0,0,0,0,0,0,0,3,0,0,0,0,0,0,0,0,0,0,0,0,0,0,0,0,0,0,0,0,0,0,0,0,0,0,0,0,0,0,0,0,0,0,0,0,0,6,0,0,0,0,0,0,0,0,0,0,0,0,0,0,0,0,0,34,0,46,0,0,0,0,0,0,0,0,0,0,0,0,0,49,0,0,0,0,0,0,0,0,0,0,0,31,25,28,0,20,0,10,0,10,0,55,5,0,0,1,0,0,0,0,0,0,0,0,0,0,0,0,0,0,0,0,0,17,0,0,346,238,0,0,0,0,94,0,25,6,0,0,0,0
0,96,0,0,9,143,0,0,0,9,0,210,111,71,0,0,0,0,47,129,21,5,0,0,0,0,252,278,0,0,0,0,0,0,0,0,5,0,0,0,528,129,129,114,70,156,446,0,93,119,99,76,0,0,0,0,0,0,0,0,0,0,0,0,0,0,0,0,0,0,0,0,0,0,0,0,0,0,0,0,0,0,0,0,0,0,0,0,0,4,0,0,0,0,0,0,0,0,0,0,0,0,0,3,0,0,0,0,0,0,0,0,0,0,0,0,0,0,0,0,0,0,0,0,0,0,0,0,0,0,0,0,0,1,0,0,0,0,0,0,0,0,0,0,0,0,0,6,0,7,0,0,0,0,0,0,0,0,0,0,0,0,0,0,2,49,0,0,0,0,0,0,0,0,0,0,0,57,0,8,0,0,0,0,0,0,76,20,0,0,0,0,0,0,0,0,0,0,0,0,0,0,0,0,0,0,0,0,0,0,0,0,0,0,8,0,0,0,0,581,127,0,0,0,79
5,0,10,0,10,0,17,0,1,0,0,0,18,0,5,0,2,0,0,0,0,0,12,0,9,0,6,15,0,0,0,0,0,0,0,0,2,0,0,0,106,51,12,0,148,70,148,93,0,182,2,0,4,0,12,0,18,0,16,0,0,0,0,0,0,0,0,0,4,0,2,0,1,0,0,0,0,0,2,0,0,0,19,0,4,0,5,0,12,0,4,0,22,0,16,0,6,0,5,0,7,0,39,0,29,0,37,0,0,0,0,0,0,0,0,0,0,0,0,0,4,0,0,0,6,0,0,2,0,1,6,0,3,0,9,0,6,0,0,1,0,0,13,0,0,0,6,2,3,0,5,0,4,0,4,0,0,0,1,0,7,0,1,0,4,5,5,0,0,0,0,0,3,0,0,0,63,48,7,0,13,0,1,0,0,0,177,0,51,0,7,0,14,0,24,0,0,0,8,0,13,0,6,0,14,0,2,0,3,0,66,69,119,9,48,10,2,14,0,15,4,3,1,0,7
0,5,0,0,0,1,0,1,0,0,0,6,0,15,0,0,0,0,0,0,0,0,0,0,0,0,0,44,0,0,0,0,0,0,0,0,0,0,0,0,52,112,0,38,24,176,100,119,182,0,0,2,0,0,0,0,0,0,0,0,0,0,0,0,0,0,0,0,0,0,0,0,0,0,0,0,0,0,0,0,0,0,0,4,0,0,0,0,0,1,0,0,0,2,0,6,0,0,0,0,0,0,0,2,0,0,0,0,0,0,0,0,0,0,0,0,0,0,0,0,0,0,0,0,0,0,0,0,0,0,0,0,0,0,0,0,0,0,0,0,0,0,0,0,0,0,0,0,0,0,0,1,0,0,0,0,0,0,0,1,0,0,0,0,0,28,0,0,0,1,0,0,0,1,0,0,0,74,0,5,0,7,0,0,0,4,28,26,0,0,0,0,0,0,0,0,0,0,0,0,0,0,0,0,0,0,0,0,0,0,0,3,0,0,0,0,0,1,1,15,10,0,0,0,69
0,0,0,0,68,0,3,0,0,0,0,0,310,108,22,0,0,0,288,26,72,0,0,0,0,0,511,194,18,0,27,0,51,0,39,0,38,2,5,0,52,16,38,8,89,6,38,99,2,0,0,4,0,0,0,0,4,0,0,0,0,0,3,0,0,1,0,0,3,0,36,0,0,0,16,0,0,0,4,0,0,0,33,0,11,0,0,0,13,0,0,0,24,0,18,0,0,0,70,0,0,0,10,0,0,0,0,0,0,0,0,0,0,0,0,0,0,0,0,0,24,1,0,0,0,0,0,0,0,0,0,0,0,0,0,0,0,0,0,0,0,0,0,0,23,0,0,0,0,0,0,0,0,0,1,0,0,0,0,0,3,0,24,0,94,1,42,0,31,0,24,0,25,0,0,0,5,4,0,0,0,0,0,0,1,0,46,0,22,0,0,0,0,0,0,0,0,0,0,0,0,0,0,0,0,0,0,0,0,0,75,132,170,16,27,1,1,1,0,10,0,0,0,0,0
0,0,0,0,0,51,0,0,0,0,0,2,31,284,2,0,0,7,16,245,18,68,0,6,0,0,26,489,0,1,0,0,0,23,0,8,0,70,0,1,14,8,0,132,3,78,0,76,0,2,4,0,0,0,0,3,0,0,0,3,0,6,0,0,0,0,0,0,0,0,0,4,0,4,0,11,0,0,0,0,0,121,0,0,0,93,0,16,0,0,0,27,0,10,0,62,0,0,0,175,0,37,0,16,0,0,0,0,0,0,0,0,0,0,0,0,0,0,0,0,0,30,0,0,0,0,0,0,0,0,0,0,0,37,0,0,0,0,0,76,0,90,0,223,0,47,0,0,0,0,0,0,0,0,0,13,0,9,0,0,0,0,0,12,0,44,0,45,0,87,0,22,0,58,0,0,0,9,0,0,0,0,0,0,0,0,0,13,0,0,0,4,0,0,0,18,0,0,0,0,0,12,0,0,0,0,0,0,0,0,0,0,0,0,28,0,0,0,58,65,85,20,0,0,0
41,9,7,0,9,0,87,27,18,102,7,0,0,0,0,0,138,0,11,0,22,0,0,0,41,6,6,0,14,0,0,0,3,0,0,0,8,0,7,0,0,0,0,0,0,0,5,0,4,0,0,0,0,3,155,46,90,0,13,15,65,0,173,7,0,0,0,7,0,0,0,0,0,0,0,0,0,0,0,0,0,0,0,0,0,0,0,0,0,0,0,0,0,0,0,0,18,0,0,0,5,0,0,0,0,0,0,0,0,0,0,0,0,0,0,0,0,0,0,0,0,0,0,0,0,0,0,0,131,0,29,0,20,0,0,0,191,0,247,0,19,0,46,0,12,0,0,0,0,0,0,0,0,0,274,0,74,0,144,0,29,0,0,0,4,0,4,0,3,0,82,0,2,0,0,0,0,0,0,0,0,0,35,0,0,0,0,0,0,0,0,0,0,0,0,0,0,0,0,0,13,0,0,0,0,0,0,0,4,0,36,97,257,79,51,4,25,0,0,0,0,0,0,0,0
7,22,2,0,1,0,52,62,110,69,0,1,0,0,0,0,0,15,0,0,0,3,1,2,22,21,0,0,0,10,0,0,0,6,0,0,0,0,0,15,0,0,0,0,0,0,0,0,0,0,0,0,3,0,47,66,2,135,21,27,0,76,5,82,0,0,4,0,0,0,0,0,0,0,0,0,0,0,0,0,0,0,0,0,0,0,0,0,0,0,0,0,0,0,0,0,0,0,0,0,0,0,0,0,0,0,0,0,0,0,0,0,0,0,0,0,0,0,0,0,0,0,0,0,0,37,0,0,0,137,0,26,0,181,0,30,0,159,0,435,0,44,0,27,0,57,0,0,0,0,0,0,0,0,0,274,0,49,0,206,0,21,0,0,0,0,0,0,0,2,0,0,0,0,0,0,0,3,0,1,0,0,0,0,0,0,0,0,0,0,0,0,0,0,0,0,0,0,0,0,0,0,0,0,0,0,0,0,0,0,0,0,0,0,45,0,0,0,18,26,16,37,0,0,0
18,49,193,0,23,0,199,71,30,283,5,0,12,0,68,0,55,3,0,0,30,0,337,0,425,26,0,0,0,0,0,0,0,0,0,0,0,0,0,0,0,0,0,0,0,0,16,0,12,0,0,0,155,47,0,106,94,2,5,11,59,0,85,30,6,0,1,8,0,0,0,0,0,0,0,0,0,0,0,0,0,0,0,0,0,0,0,0,0,0,0,0,0,0,0,0,0,0,0,0,0,0,0,0,0,0,6,0,0,0,0,0,0,0,0,0,0,0,0,0,0,0,0,0,53,0,99,0,35,0,214,0,17,0,63,0,47,0,5,0,3,0,30,0,0,0,22,0,15,0,47,0,0,0,29,3,21,0,6,0,70,0,0,0,0,0,0,0,17,0,120,0,0,0,0,0,0,0,0,0,0,0,0,0,0,0,0,0,0,0,0,0,3,0,0,0,0,0,0,0,17,0,0,0,0,0,2,0,86,0,419,148,550,297,352,0,157,0,0,0,0,0,0,0,0
9,4,0,51,0,11,134,421,448,30,0,0,0,0,0,31,0,69,0,0,0,0,1,55,11,549,0,0,0,14,0,5,0,9,0,4,0,5,0,23,0,0,0,0,0,3,0,0,0,0,0,3,46,66,106,0,6,221,73,163,0,16,2,65,0,10,15,7,0,1,0,0,0,0,0,0,0,0,0,0,0,1,0,0,0,0,0,0,0,0,0,0,0,0,0,0,0,0,0,0,0,0,0,5,2,0,0,0,0,0,0,0,0,0,0,0,0,0,0,0,0,0,0,0,0,175,0,0,0,16,0,109,0,13,0,12,0,21,0,13,0,0,0,0,0,1,0,0,0,15,0,16,0,0,0,23,0,8,0,25,0,27,0,0,0,11,0,2,0,20,0,34,0,0,0,0,0,0,0,0,0,0,0,0,3,0,0,0,0,0,0,0,0,0,0,0,0,0,0,0,0,0,0,0,0,0,0,25,2,69,0,0,0,0,388,0,1,0,366,127,368,323,35,0,0
0,0,0,0,0,0,18,0,11,29,0,0,0,0,0,0,5,0,0,0,0,0,10,0,17,0,0,0,0,0,0,0,0,0,0,0,0,0,0,0,0,0,1,0,0,0,0,0,18,0,4,0,90,2,94,6,0,9,106,53,0,0,28,0,10,45,2,123,1,0,0,0,0,0,0,0,0,0,1,0,0,0,0,0,0,0,0,0,0,0,0,0,0,0,0,0,0,0,0,0,0,0,0,0,0,0,2,0,0,0,0,0,0,0,0,0,0,0,0,0,0,0,0,0,8,0,25,0,52,0,85,2,14,0,5,0,13,0,13,19,0,0,0,0,4,4,5,0,3,0,0,0,0,0,113,28,33,0,34,17,80,0,0,0,2,0,7,0,5,0,60,0,0,0,0,0,5,0,0,0,0,0,0,0,0,0,0,0,0,0,0,0,0,0,0,0,0,0,0,0,0,0,0,0,0,0,0,0,20,0,529,227,769,598,1025,57,213,0,0,0,1,0,0,0,0
0,0,0,9,0,22,0,90,42,27,0,0,0,0,0,0,0,113,0,26,0,61,0,49,0,166,0,0,0,29,0,13,0,17,0,8,0,4,0,15,0,0,0,14,0,0,0,0,0,0,0,0,0,135,2,221,9,0,57,214,0,7,0,85,0,5,25,8,0,0,0,0,0,0,0,0,0,0,0,0,0,0,0,0,0,0,0,0,0,0,0,0,0,0,0,0,0,0,0,0,0,0,0,0,0,0,0,0,0,0,0,0,0,0,0,0,0,0,0,0,0,0,0,0,0,90,0,11,0,33,0,89,0,18,0,0,0,0,0,5,0,0,0,0,0,0,0,0,0,0,0,3,0,0,0,217,0,18,2,81,0,105,0,0,0,20,0,0,0,48,0,141,0,17,0,0,0,0,0,0,0,0,0,0,0,1,0,0,0,0,0,0,0,0,0,0,0,0,0,0,0,0,0,0,0,0,1,0,0,15,0,0,0,0,751,0,0,0,397,82,580,679,75,0,0
27,0,17,0,0,0,65,0,414,135,0,0,6,0,0,1,0,0,0,0,0,0,0,0,7,0,0,0,0,0,0,0,0,0,0,0,1,0,0,0,0,0,0,0,0,0,0,0,16,0,0,0,13,21,5,73,106,57,0,455,13,0,1,0,42,77,296,482,0,0,0,0,0,0,0,0,0,0,0,0,0,0,0,0,0,0,0,1,0,0,0,0,0,0,0,0,0,0,0,0,0,1,0,0,0,0,0,0,0,0,0,0,0,0,0,0,0,0,0,0,0,0,0,0,0,0,0,0,0,0,14,0,0,0,0,0,0,0,3,8,0,0,0,0,2,5,0,0,12,0,0,0,0,0,22,87,45,0,0,37,8,3,2,0,0,0,3,0,0,0,0,0,3,0,0,0,45,0,0,0,0,0,1,0,53,30,0,0,0,0,0,0,0,0,0,0,0,0,0,0,0,0,0,0,0,0,0,0,0,0,933,889,347,557,1394,85,214,4,0,0,0,0,0,0,0
0,20,0,0,0,0,0,46,233,219,0,8,0,5,0,0,0,12,0,0,0,11,0,0,0,59,0,0,0,0,0,0,0,0,0,0,0,0,0,0,0,0,0,0,0,0,0,0,0,0,0,3,15,27,11,163,53,214,455,0,0,0,0,2,77,43,352,342,0,1,0,0,0,0,0,1,0,0,0,0,0,0,0,0,0,0,0,0,0,0,0,0,0,0,0,0,0,0,0,0,0,0,0,0,0,0,0,0,0,0,0,0,0,0,0,0,0,0,0,0,0,0,0,0,0,8,0,0,0,1,0,17,0,0,0,0,0,0,26,1,0,0,0,0,19,15,0,0,0,3,0,0,0,0,28,17,1,8,20,11,31,42,0,0,0,0,0,4,0,17,0,23,0,0,0,1,7,0,0,0,0,0,0,0,58,13,0,0,0,0,0,0,0,0,0,0,0,0,0,0,0,0,0,0,0,0,0,0,0,2,0,0,0,0,1609,0,0,0,1527,791,621,668,129,0,0
150,7,79,2,0,0,380,0,97,0,4,0,0,0,0,0,36,0,0,0,0,0,15,2,241,18,11,0,0,0,0,0,24,0,0,0,56,0,20,0,0,0,0,0,0,0,2,0,0,0,0,0,65,0,59,0,0,0,13,0,0,0,41,2,0,0,0,0,0,0,1,0,0,0,2,0,0,0,0,0,2,0,0,0,0,0,0,0,0,0,0,0,0,0,0,0,0,0,0,0,0,0,0,0,0,0,0,0,0,0,0,0,0,0,0,0,0,0,0,0,0,0,0,0,0,0,0,0,48,1,3,0,0,0,5,0,86,0,378,0,91,0,0,0,106,0,0,0,0,0,0,0,0,0,70,0,171,0,27,0,1,0,6,0,0,0,6,0,8,0,204,0,55,0,0,0,1,0,0,0,0,0,36,0,0,0,0,0,0,0,0,0,0,0,0,0,0,0,0,0,0,0,0,0,0,0,0,0,4,0,7,169,55,11,0,0,5,0,0,0,0,0,0,0,0
18,285,11,134,0,19,8,130,9,2,0,31,0,0,0,9,4,18,0,0,0,4,0,25,31,144,0,0,0,1,0,4,0,22,0,0,0,18,0,20,0,0,0,0,0,0,0,0,0,0,0,6,0,76,0,16,0,7,0,0,0,0,0,69,0,0,0,0,0,0,0,0,0,0,0,0,0,0,0,0,0,0,0,0,0,0,0,0,0,0,0,0,0,0,0,0,0,0,0,0,0,0,0,0,0,0,0,0,0,0,0,0,0,0,0,0,0,0,0,0,0,0,0,1,0,0,0,0,0,0,0,0,0,34,0,0,0,33,0,203,0,78,0,14,0,109,0,0,0,1,0,0,0,0,0,8,0,66,0,17,0,0,0,1,0,16,0,4,0,34,0,107,0,148,0,0,2,29,0,21,0,0,0,27,0,0,0,0,0,0,0,0,0,0,0,0,0,0,0,0,0,0,0,0,0,0,0,0,0,0,1,0,0,0,21,0,0,0,15,256,146,44,0,0,0
95,33,28,0,9,0,194,35,47,6,9,0,0,0,0,0,571,6,0,0,113,0,19,0,303,52,30,0,26,0,52,0,47,0,2,0,23,0,51,0,1,0,22,0,7,0,4,0,0,0,3,0,173,5,85,2,28,0,1,0,41,0,0,12,0,0,0,0,0,0,0,0,0,0,0,0,0,0,0,0,11,0,0,0,0,0,7,0,0,0,0,0,0,0,0,0,84,0,0,0,25,0,0,0,0,0,0,0,0,0,0,0,0,0,0,0,0,0,0,0,0,0,0,0,0,0,0,0,106,0,20,0,0,0,0,0,244,0,206,0,55,0,93,0,7,0,0,0,0,0,0,0,0,0,80,0,53,0,53,0,13,0,0,0,0,0,0,0,0,0,8,0,0,0,0,0,2,0,0,0,0,0,78,0,0,0,0,0,0,0,0,0,0,0,0,0,0,0,0,0,0,0,0,0,0,0,0,0,0,0,10,118,12,0,4,0,0,0,0,0,0,0,0,0,0
83,238,26,62,0,4,136,185,114,14,0,0,0,0,0,21,6,486,0,49,0,80,6,112,110,377,0,0,0,41,0,23,0,50,0,8,0,13,1,50,0,0,0,4,0,0,0,0,0,0,0,0,7,82,30,65,0,85,0,2,2,69,12,0,0,0,0,0,0,0,0,0,0,0,0,0,0,0,0,0,0,0,0,0,0,0,0,0,0,0,0,0,0,0,0,0,0,0,0,0,0,3,0,0,0,0,0,0,0,0,0,0,0,0,0,0,0,0,0,0,0,0,0,0,0,0,0,0,0,104,0,0,0,248,0,63,0,237,0,374,0,52,0,84,0,38,0,0,0,3,0,0,0,0,0,84,0,48,0,64,0,8,0,0,0,0,0,0,0,3,1,0,0,5,0,0,0,25,0,0,0,0,0,19,0,0,0,0,0,0,0,0,0,0,0,0,0,0,0,0,0,0,0,0,0,0,0,0,0,0,0,0,0,0,9,0,0,0,10,224,25,15,0,0,0
78,0,0,0,38,0,34,0,423,0,32,0,0,0,0,0,0,0,0,0,0,0,0,0,0,0,0,0,0,0,0,0,0,0,0,0,0,0,0,0,0,0,0,0,0,0,0,0,0,0,0,0,0,0,6,0,10,0,42,77,0,0,0,0,0,230,109,85,0,0,23,3,6,4,0,4,0,0,0,0,0,0,0,0,0,1,0,0,0,2,0,0,0,0,0,2,0,0,0,12,0,0,0,0,0,0,0,0,0,0,0,0,0,0,0,0,0,0,0,0,0,2,0,0,3,12,0,0,0,0,50,0,0,0,0,0,0,0,32,92,14,42,0,0,44,28,37,0,84,46,27,0,0,0,4,62,6,0,0,61,285,264,4,3,0,0,0,0,0,0,0,0,0,0,1,7,12,0,11,0,143,50,14,0,205,14,0,0,0,0,0,0,0,0,0,0,0,0,0,0,0,0,0,0,0,0,0,0,0,0,64,14,10,0,62,0,0,0,9,0,0,0,0,0,0
0,100,0,42,0,46,0,51,6,434,0,13,0,0,0,11,0,0,0,38,0,0,0,0,0,0,0,29,0,0,0,0,0,12,0,0,0,0,0,8,0,0,0,0,0,0,0,0,0,0,1,0,0,0,0,10,45,5,77,43,0,0,0,0,230,0,40,160,0,0,0,21,0,0,0,20,0,0,0,0,0,13,0,0,0,3,0,14,0,0,0,0,0,0,0,0,0,0,0,6,0,3,0,2,0,0,0,0,0,0,0,0,0,0,0,0,0,0,0,0,0,7,0,2,0,34,0,0,0,0,44,78,0,0,0,0,0,0,89,23,0,18,0,0,43,33,0,39,24,288,0,7,0,25,11,0,0,0,18,0,178,340,3,13,0,0,0,0,0,0,0,0,0,0,0,23,0,0,0,0,19,153,0,0,32,122,0,0,0,0,0,0,0,0,0,0,0,1,0,0,0,0,0,0,0,0,0,0,0,0,5,0,3,0,79,0,0,0,106,46,64,36,0,0,0
36,1,1,0,0,0,15,0,326,22,0,0,0,0,0,0,0,0,0,0,0,0,0,0,0,0,0,0,0,0,0,0,0,0,0,0,0,0,0,0,0,0,0,0,1,0,0,0,0,0,0,0,0,4,1,15,2,25,296,352,0,0,0,0,109,40,0,207,0,0,0,0,0,0,0,0,0,0,0,0,0,0,0,0,0,0,0,0,0,0,0,2,0,0,0,0,0,0,0,0,0,0,0,1,0,0,0,0,0,0,0,0,0,0,0,0,0,0,0,0,0,0,0,0,0,0,0,0,0,0,2,0,0,0,0,0,0,0,2,11,0,0,0,0,4,0,0,0,0,0,0,0,0,0,0,33,0,0,0,14,32,13,0,0,0,0,0,0,0,0,1,0,0,0,0,2,107,0,0,0,0,2,0,0,254,0,0,0,0,0,0,0,0,0,0,0,0,0,0,0,0,0,0,0,0,0,0,0,0,0,22,50,0,0,20,1,0,0,0,0,0,0,0,0,0
0,23,0,15,0,0,0,94,161,318,0,2,0,0,0,0,0,0,0,0,0,0,0,0,0,0,0,0,0,0,0,0,0,0,0,0,0,0,0,0,0,0,0,0,0,0,0,0,0,0,0,0,7,0,8,7,123,8,482,342,0,0,0,0,85,160,207,0,0,0,0,0,0,0,0,0,0,0,0,0,0,0,0,0,0,0,0,0,0,0,0,0,0,0,0,0,0,0,0,0,0,0,0,0,0,0,0,0,0,0,0,0,0,0,0,0,0,0,0,0,0,0,0,0,0,7,0,0,0,0,0,23,0,0,0,0,0,0,25,1,0,0,0,0,16,0,0,0,0,17,0,0,0,0,21,0,1,0,13,0,26,42,0,0,0,0,0,0,0,0,0,0,0,0,0,17,4,1,0,0,0,0,0,1,42,270,0,0,0,0,0,0,0,0,0,0,0,0,0,0,0,0,0,0,0,0,0,0,0,0,0,0,0,0,38,0,0,0,116,139,13,18,0,0,0
0,0,0,0,0,0,0,0,0,0,0,0,0,0,0,0,0,0,0,0,0,0,0,0,2,0,0,0,0,0,0,0,0,0,0,0,0,0,0,0,0,0,0,0,0,0,0,0,4,0,3,0,0,0,0,0,1,0,0,0,0,0,0,0,0,0,0,0,0,0,0,0,13,0,0,0,42,0,21,0,0,0,43,0,17,0,5,0,22,0,0,0,77,0,16,0,0,0,0,0,17,0,220,0,0,0,26,0,75,0,3,0,17,0,12,0,10,0,0,0,0,0,0,0,0,0,0,0,0,0,0,0,0,0,0,0,0,0,0,0,0,0,0,1,0,0,0,0,0,0,0,0,0,0,0,0,0,0,0,0,0,0,0,0,58,0,0,0,111,0,3,0,0,0,0,0,0,0,0,0,0,0,0,0,0,0,0,0,23,0,0,0,0,0,16,0,0,0,0,0,0,0,0,0,0,0,0,0,0,0,50,6,45,0,3,191,108,1,0,0,2,0,0,0,1
0,0,0,0,0,0,0,0,0,2,0,0,0,0,0,0,0,0,0,0,0,0,0,0,0,0,0,0,0,0,0,0,0,0,0,0,0,0,0,0,0,2,0,0,0,10,0,0,0,0,0,0,0,0,0,1,0,0,0,1,0,0,0,0,0,0,0,0,0,0,0,0,0,1,0,0,0,21,0,0,0,9,1,36,0,0,0,6,0,31,0,0,0,38,0,29,0,0,0,0,0,5,0,250,0,0,0,9,0,15,0,2,0,15,0,0,0,0,0,0,0,0,0,0,0,3,0,7,0,0,0,0,0,0,0,0,0,8,0,0,0,0,0,0,0,0,0,0,0,0,0,0,0,0,0,0,0,0,0,1,0,0,0,0,0,43,0,0,0,41,0,0,0,0,0,0,0,0,0,0,0,0,0,0,0,0,0,0,0,15,0,0,0,0,0,10,0,0,0,0,0,0,0,7,0,15,0,0,0,0,0,0,0,0,4,0,0,0,59,16,58,2,16,0,2
0,0,0,0,0,0,0,0,0,0,0,0,0,0,0,0,4,0,0,0,60,0,0,0,0,0,0,0,7,0,17,0,0,0,18,0,38,0,9,0,0,0,21,0,41,0,0,0,2,0,36,0,0,0,0,0,0,0,0,0,1,0,0,0,23,0,0,0,0,0,0,0,186,0,205,0,10,0,205,0,4,1,0,0,3,0,21,0,0,0,0,0,0,0,0,0,0,0,6,0,0,0,0,0,0,0,0,0,0,0,0,0,0,0,0,0,0,0,0,0,21,0,11,0,27,0,5,0,0,0,77,0,17,0,0,0,105,0,15,12,84,15,67,0,99,0,16,0,62,0,0,0,0,0,0,0,5,0,0,0,40,28,59,0,0,0,30,0,15,0,31,0,29,0,16,0,0,0,0,0,0,12,0,0,18,0,0,0,0,0,0,0,0,0,0,0,0,0,0,0,0,0,0,0,0,0,0,0,0,0,18,2,11,0,0,1,0,0,0,0,0,0,0,0,0
0,0,0,2,0,0,0,0,0,0,0,0,0,0,0,0,0,0,0,0,0,0,0,0,0,0,0,0,0,0,0,1,0,0,0,0,0,0,0,0,0,0,0,6,0,0,0,0,0,0,0,4,0,0,0,0,0,0,0,0,0,0,0,0,3,21,0,0,0,0,0,0,0,120,0,81,0,7,0,0,0,4,0,2,0,0,0,17,0,0,0,0,0,0,1,0,0,0,0,1,0,0,0,0,0,0,0,0,0,0,0,0,0,0,0,0,0,0,0,0,0,5,0,8,0,77,0,106,0,20,0,34,0,93,0,0,0,68,0,76,0,154,0,63,0,95,0,17,0,46,0,18,0,0,0,0,0,0,0,0,0,31,0,16,0,0,0,6,0,14,0,25,0,13,0,0,0,0,0,0,0,62,0,0,0,2,0,0,0,0,0,0,0,0,0,0,0,0,0,0,0,0,3,0,0,0,0,0,0,0,0,0,0,0,0,0,0,0,25,0,10,0,0,0,0
0,0,4,0,3,0,0,0,0,0,0,0,0,0,3,0,0,0,0,0,0,0,0,0,0,0,0,0,0,0,0,0,0,0,0,0,0,0,0,0,0,0,0,0,8,0,0,0,1,0,0,0,0,0,0,0,0,0,0,0,0,0,0,0,6,0,0,0,13,0,186,0,0,0,160,0,37,0,322,0,3,0,20,0,0,0,14,0,0,0,0,0,8,0,0,0,0,0,0,0,0,0,3,0,0,0,0,0,0,0,0,0,0,0,0,0,0,0,0,0,31,0,8,0,54,0,17,0,15,0,35,0,68,0,110,0,222,0,10,4,39,0,90,0,61,0,13,0,15,0,71,0,25,3,0,0,0,0,1,0,4,0,37,0,0,0,5,0,18,0,13,0,4,0,0,0,0,0,0,0,71,21,0,0,10,0,0,0,0,0,0,0,0,0,3,0,0,0,0,0,19,0,0,0,15,0,0,0,71,0,61,2,23,0,4,0,1,0,0,0,0,0,0,0,0
0,0,0,0,0,0,0,0,0,0,0,0,0,1,0,0,0,0,0,0,0,3,0,0,0,0,0,0,0,0,0,4,0,0,0,0,0,0,0,0,0,0,0,0,0,0,0,0,0,0,0,4,0,0,0,0,0,0,0,0,0,0,0,0,4,0,0,0,0,1,0,120,0,0,0,328,0,147,0,63,0,16,0,30,0,22,0,172,0,0,0,0,0,0,0,11,0,1,0,0,0,1,0,0,0,0,0,15,0,0,0,0,0,0,0,0,0,0,0,0,0,131,0,43,0,66,2,98,0,30,0,15,0,80,0,147,0,173,0,87,0,95,0,158,0,47,0,0,0,30,5,25,0,0,0,0,0,0,0,8,0,11,0,29,0,1,0,0,0,13,0,8,0,4,0,4,0,0,0,0,0,0,0,0,0,2,0,0,0,0,0,0,0,0,0,0,0,8,0,0,0,54,0,94,0,0,0,0,0,87,0,0,0,0,0,0,0,0,31,0,9,0,0,0,0
0,0,2,0,0,0,0,0,0,0,0,0,0,0,12,0,0,0,0,0,46,0,0,0,0,0,24,0,0,0,17,0,4,0,13,0,29,0,8,0,0,0,19,0,27,0,0,0,0,0,16,0,0,0,0,0,0,0,0,0,2,0,0,0,0,0,0,0,0,0,205,0,160,0,0,0,12,0,184,0,25,0,22,0,53,0,62,0,0,0,0,0,8,0,3,0,12,0,12,0,0,0,0,0,0,0,4,0,0,0,0,0,0,0,0,0,0,0,0,0,56,0,50,0,25,0,0,0,10,6,46,0,0,1,115,0,139,0,18,8,124,11,213,0,69,0,18,0,50,0,19,0,0,0,0,0,5,0,0,0,9,0,28,0,0,0,6,0,7,0,15,0,25,0,22,0,0,0,0,0,46,13,0,0,0,0,0,0,0,0,0,0,0,0,0,0,0,0,0,0,57,0,0,0,7,0,0,0,58,0,66,0,0,0,0,0,0,0,0,0,0,0,0,0,0
0,0,0,0,0,11,0,0,0,0,0,0,0,0,0,0,0,0,0,0,0,7,0,0,0,0,0,0,0,0,0,0,0,0,0,0,0,0,0,0,0,0,0,5,0,0,0,0,0,0,0,11,0,0,0,0,0,0,0,1,0,0,0,0,4,20,0,0,0,0,0,81,0,328,0,0,0,11,0,156,0,28,0,0,0,36,0,112,0,0,0,0,0,0,0,6,0,0,0,0,0,0,0,0,0,0,0,0,0,0,0,0,0,0,0,0,0,0,0,0,0,149,0,56,0,73,0,86,6,0,12,46,0,64,0,149,0,232,0,55,0,134,0,280,0,100,0,40,6,58,0,28,0,29,0,0,0,0,0,3,1,0,0,39,0,0,0,4,0,26,0,26,0,15,0,0,0,0,0,0,7,61,0,0,0,0,0,0,0,5,0,0,0,0,0,0,0,0,0,13,0,19,0,0,0,0,0,0,0,120,0,0,0,0,0,0,0,0,41,0,0,0,0,0,0
0,0,0,0,0,0,0,0,0,0,0,0,0,0,0,0,0,0,0,0,0,0,0,0,0,0,0,0,0,0,0,0,0,0,0,0,0,0,0,0,0,0,0,0,0,0,0,0,0,0,0,0,0,0,0,0,0,0,0,0,0,0,0,0,0,0,0,0,42,0,10,0,37,0,12,0,0,0,63,0,14,0,52,0,32,0,26,0,0,0,0,0,94,0,19,0,0,0,0,0,28,0,34,0,59,0,53,0,0,0,0,0,0,0,13,0,13,0,0,0,0,0,0,0,10,0,0,0,0,0,0,0,0,2,0,0,0,0,0,0,0,0,0,0,0,0,0,0,0,0,0,0,9,0,1,0,0,0,0,0,0,0,2,0,0,0,0,0,30,0,0,0,0,0,0,0,0,0,0,0,17,0,0,0,0,0,0,0,111,0,0,0,0,0,44,0,0,0,0,0,0,0,0,0,0,0,0,0,0,0,100,0,50,0,8,80,10,0,2,0,0,0,0,0,0
0,0,0,0,0,0,0,0,0,0,0,0,0,0,0,0,0,0,0,0,0,12,0,8,0,0,0,0,0,0,0,0,0,0,0,0,0,0,0,0,0,0,0,0,0,0,0,0,0,0,0,0,0,0,0,0,0,0,0,0,0,0,0,0,0,0,0,0,0,21,0,7,0,147,0,11,0,0,0,13,0,63,0,187,0,27,0,191,0,5,0,0,0,34,0,58,0,0,0,0,0,15,0,44,0,0,0,6,0,2,0,0,0,0,0,0,0,0,0,0,0,31,0,10,0,0,0,0,0,0,0,0,0,0,0,0,0,0,0,0,0,8,0,0,0,0,0,0,0,0,0,0,2,0,0,0,0,0,0,0,0,2,0,0,0,9,0,0,0,74,0,0,0,0,0,0,0,0,0,0,0,0,0,0,0,0,0,0,0,0,0,0,0,0,0,38,1,0,0,0,0,0,0,33,0,0,0,0,0,0,0,0,0,0,5,0,0,0,52,7,139,3,10,0,0
0,0,0,0,0,0,0,0,0,0,0,0,0,0,0,0,0,0,0,0,59,0,0,0,0,0,0,0,0,0,0,0,0,0,0,0,14,0,0,0,0,0,0,0,0,0,0,0,2,0,4,0,0,0,0,0,1,0,0,0,0,0,0,0,0,0,0,0,21,0,205,0,322,0,184,0,63,0,0,0,16,0,81,0,62,0,137,0,0,0,0,0,42,0,14,0,40,0,0,0,6,0,10,1,61,0,42,0,0,0,0,0,0,0,1,0,0,0,0,0,76,0,20,0,19,0,10,0,0,0,0,0,0,0,0,0,74,0,11,6,58,0,189,0,40,0,11,0,0,0,17,0,0,0,0,0,0,0,0,0,0,0,15,0,4,0,0,0,36,0,3,0,0,0,0,2,0,0,0,0,0,0,0,0,0,0,0,0,159,0,0,0,32,0,37,0,0,0,0,0,154,0,0,0,65,0,0,0,0,0,181,0,29,0,12,20,1,0,0,0,0,0,0,0,0
