0,164,27,29,113,6,10,103,31,29,124,3,99,0,9,19,47,42,10,0,8,0,9,37,27,122,30,0,32,0,0,0,0,0,0,0,5,0,118,8,20,0,0,0,0,0,6,0,6,0,6,0,22,3,13,30,0,0,0,0,297,26,359,14,7,0,5,0,0,0,0,0,0,0,0,0,0,0,0,0,0,2,0,0,0,0,0,0,0,0,0,0,0,0,0,0,0,0,3,2,0,0,0,0,0,0,0,0,0,0,0,0,0,0,0,0,0,0,0,0,0,0,0,0,1,0,1,0,0,0,7,0,0,0,2,0,8,0,0,0,0,0,6,0,0,0,2,0,14,0,12,0,9,0,0,0,0,0,3,0,0,0,0,3,4,0,0,0,67,0,65,7,314,12,0,0,161,34,8,0,0,0,75,10,35,0,0,0,0,0,2,0,0,0,0,0,0,0,0,0,7,0,0,0,0,0,0,0,0,0,0,0,0,1,43,10,0,0,27,0,66,12,32,0,34,6,197,9,147,0,197,0,174,28,24,12,44,4,70,0,35,0,30,1,350,11,0,0,0
164,0,188,59,34,262,26,58,13,64,11,212,0,154,0,70,128,77,0,72,0,12,154,43,145,40,0,108,0,226,0,0,0,89,0,4,0,51,11,413,0,38,0,0,0,12,0,23,0,5,0,9,0,16,6,23,2,3,1,0,9,465,28,158,0,40,0,12,0,0,0,2,0,0,0,0,0,0,0,0,0,16,0,1,0,0,0,0,0,0,0,0,0,0,0,16,1,6,0,10,0,0,0,3,0,1,0,4,0,0,0,0,0,0,0,0,0,0,0,0,0,4,0,0,0,24,0,10,0,0,1,13,0,0,0,24,0,17,0,0,1,0,2,10,0,0,0,7,0,16,0,18,0,13,0,5,0,16,0,0,0,12,0,13,0,16,0,5,0,31,0,88,22,165,0,0,11,223,0,10,0,3,3,52,0,13,0,0,0,0,0,0,0,0,0,0,0,0,0,0,0,0,0,0,0,0,0,0,0,24,0,44,0,0,3,176,0,0,0,29,0,314,0,69,0,44,0,157,0,259,0,156,2,538,2,73,1,69,0,40,0,13,0,52,7,318,0,0,0
27,188,0,50,367,24,32,47,36,13,51,53,104,0,294,113,230,94,73,0,30,0,277,128,282,107,47,0,224,0,34,0,70,0,2,0,11,0,383,6,25,0,0,0,0,0,6,1,0,0,0,0,0,4,67,6,12,0,0,0,143,37,399,0,6,0,9,0,0,0,36,0,0,0,0,0,0,0,0,0,0,0,0,0,0,0,0,0,0,0,0,0,0,0,0,0,58,0,113,0,0,0,0,0,0,0,11,0,0,0,0,0,0,0,0,0,0,0,0,0,0,1,0,0,22,0,15,0,10,0,38,0,0,0,12,0,72,0,0,0,0,0,119,2,0,0,16,0,9,0,23,0,0,0,0,0,0,0,4,0,24,0,0,2,0,0,0,0,0,6,24,0,199,16,3,0,73,47,3,0,3,0,13,3,5,0,0,0,0,0,0,0,0,0,0,0,0,0,0,0,46,0,0,0,0,0,0,0,15,0,0,0,4,0,49,0,0,0,30,0,132,0,62,6,37,0,59,22,93,23,152,12,292,0,40,11,46,12,53,0,0,0,12,0,299,0,0,0,0
29,59,50,0,38,201,0,44,0,0,26,16,0,47,12,152,27,186,0,133,9,24,58,249,0,82,0,47,0,171,0,22,0,111,0,3,0,0,0,194,0,13,0,0,0,3,0,11,0,0,0,0,0,0,0,21,3,3,0,0,0,77,0,15,0,6,0,0,0,0,0,0,0,0,0,0,0,0,0,0,0,0,0,0,0,0,0,0,0,0,0,0,0,0,0,0,0,0,0,0,0,0,0,0,0,0,0,0,0,0,0,0,0,0,0,0,0,0,0,0,0,0,0,0,0,13,0,12,0,5,0,12,0,15,0,0,0,59,0,0,0,0,0,0,0,0,0,3,0,17,0,0,0,0,0,0,0,0,0,0,0,0,0,4,0,0,0,0,0,0,0,11,0,44,0,0,4,33,0,0,0,0,0,0,0,0,0,0,0,0,0,0,0,0,0,0,0,0,0,0,0,0,0,0,0,0,0,0,0,13,0,0,0,0,0,24,0,0,0,11,0,0,0,10,0,6,0,19,0,66,0,17,0,99,1,20,0,0,0,0,0,0,0,0,5,0,0,0,0
113,34,367,38,0,114,29,0,45,0,144,73,211,73,282,104,10,52,71,70,109,20,62,83,16,22,95,0,85,2,102,0,212,20,44,0,165,20,454,0,50,0,7,0,8,0,10,0,21,0,40,0,0,0,8,0,10,0,2,0,33,0,17,0,20,0,6,0,0,0,34,0,0,0,0,0,0,0,0,0,0,0,0,0,0,0,23,0,0,0,0,0,0,0,0,0,0,0,79,0,0,0,0,0,0,0,0,0,0,0,0,0,0,0,1,0,0,0,0,0,0,0,0,0,6,0,9,0,4,0,11,0,0,0,6,0,27,0,0,0,0,0,63,0,0,0,22,0,28,0,37,0,14,0,0,0,0,0,0,0,0,0,0,0,0,0,135,4,167,0,9,4,238,0,0,0,194,56,40,0,28,0,36,0,37,0,7,0,0,0,0,0,0,0,0,0,0,0,0,0,0,0,0,0,0,0,0,0,8,0,0,4,0,0,21,6,0,0,32,0,314,0,47,0,71,0,241,22,305,24,287,0,0,24,54,2,139,16,78,0,19,0,13,0,466,10,0,0,0
6,262,24,201,114,0,0,76,0,34,29,171,49,247,344,155,16,25,55,136,105,145,38,180,0,10,0,164,3,56,6,189,0,447,0,121,0,388,0,98,0,69,0,3,0,4,0,49,0,0,1,20,0,4,0,34,0,0,4,15,0,13,0,11,0,24,0,4,0,0,0,4,0,0,0,0,0,0,0,0,0,13,0,0,0,0,0,0,0,0,0,0,0,0,0,0,0,0,0,0,0,5,0,0,0,0,0,0,0,0,0,0,0,0,0,0,0,0,0,0,0,0,0,0,0,17,0,8,0,0,0,13,0,10,0,0,0,54,0,0,0,0,0,0,0,11,0,10,0,23,0,15,0,7,0,0,0,0,0,2,0,9,0,17,0,19,0,104,0,68,0,38,6,138,0,0,13,137,0,9,0,0,0,0,0,6,0,0,0,0,0,0,0,0,0,0,0,0,0,0,0,0,0,4,0,0,0,0,0,21,1,0,0,10,1,97,0,0,0,26,0,531,0,50,4,76,9,197,16,363,0,0,4,307,0,73,2,37,0,0,0,7,0,46,15,154,0,0,0
10,26,32,0,29,0,0,37,23,82,15,1,20,2,14,0,12,0,0,0,0,0,11,0,59,29,0,0,0,0,0,0,0,0,0,0,0,0,0,0,3,0,0,0,0,0,0,0,4,0,0,0,40,0,81,51,11,4,0,3,108,0,164,7,6,0,5,1,0,0,0,0,0,0,0,0,1,0,0,0,0,1,0,0,3,1,1,0,0,0,1,0,0,0,0,0,0,0,0,0,0,0,0,0,0,0,0,0,0,0,0,0,0,0,1,0,0,0,0,0,0,0,0,0,7,0,8,0,4,0,20,0,0,0,0,0,13,0,0,0,0,0,10,0,0,0,6,0,11,1,0,0,0,0,2,0,15,0,0,0,7,0,0,0,0,0,0,0,14,0,29,0,32,0,4,0,20,14,0,0,0,0,1,5,0,3,0,0,0,0,0,0,0,0,0,0,0,0,0,0,0,0,0,0,0,0,0,0,0,0,12,0,5,0,125,0,0,0,28,0,125,3,45,2,66,0,82,6,154,0,97,0,199,0,22,5,15,0,97,3,22,0,0,0,397,3,0,0,0
103,58,47,44,0,76,37,0,28,25,2,13,0,28,0,85,53,59,0,32,0,6,30,64,182,396,0,18,0,127,0,9,0,11,0,0,0,12,0,95,0,3,0,0,0,0,0,6,0,0,0,0,0,23,26,175,0,19,0,16,0,213,39,281,0,2,0,6,0,2,0,0,0,0,0,0,0,0,0,0,0,0,0,0,0,0,0,0,0,0,0,0,0,0,0,0,0,0,0,0,0,0,0,0,0,0,0,0,0,0,0,0,0,0,0,0,0,0,0,0,0,0,0,0,0,21,0,7,0,27,0,30,0,24,0,44,0,42,0,4,0,0,0,0,0,3,0,4,0,11,0,12,0,0,1,5,0,12,0,0,0,28,0,0,0,9,0,7,1,0,1,12,5,0,0,1,0,24,0,1,0,0,0,11,0,0,0,0,0,0,0,0,0,0,0,0,0,0,0,0,0,0,0,0,0,0,0,0,0,29,1,44,0,15,0,129,0,0,0,33,0,99,1,59,0,31,5,30,0,138,0,51,0,261,0,30,0,24,0,10,0,0,0,14,0,132,0,0,0
31,13,36,0,45,0,23,28,0,247,43,0,18,0,8,0,7,0,7,0,0,0,0,0,34,21,21,0,2,0,0,0,0,0,0,0,0,0,4,0,10,0,4,0,0,0,4,0,13,0,0,0,260,20,159,245,6,94,12,17,131,0,217,6,49,0,93,52,0,0,0,0,0,0,0,0,0,0,4,0,1,0,0,0,6,0,0,0,1,0,1,0,0,0,0,0,0,0,3,0,0,0,2,0,0,0,0,0,0,0,0,0,0,0,0,0,0,0,0,0,0,0,0,0,4,0,0,0,0,0,13,0,0,0,0,0,0,0,0,0,0,0,5,0,0,0,7,0,25,0,2,0,3,0,30,13,51,0,0,0,4,0,5,0,0,0,0,0,15,0,77,1,19,0,10,0,178,15,3,0,0,0,0,3,55,45,1,0,0,0,1,0,0,0,0,0,0,0,0,0,0,0,0,0,0,0,0,0,1,0,8,0,17,0,259,0,2,0,30,0,206,0,89,0,108,1,225,4,267,0,77,0,341,9,35,0,16,0,188,0,55,0,40,0,639,4,0,0,0
29,64,13,0,0,34,82,25,247,0,0,56,0,31,0,5,12,1,0,11,0,0,5,0,265,6,0,21,0,0,0,0,0,0,0,0,0,0,0,0,0,0,0,0,0,6,0,0,0,5,0,0,55,176,279,516,11,130,18,67,0,133,20,315,0,127,14,87,0,0,0,0,0,0,0,0,0,0,0,0,0,0,0,0,0,2,0,4,0,0,0,3,0,0,0,0,0,0,0,0,0,1,0,1,0,0,0,0,0,0,0,0,0,0,0,0,0,0,0,0,0,3,0,0,0,46,0,8,0,7,0,37,0,9,0,15,0,22,0,1,0,0,0,0,0,0,0,21,0,48,0,17,0,6,0,43,2,98,0,5,0,56,1,6,0,6,0,0,0,0,0,0,0,0,2,0,10,309,0,0,0,0,0,52,0,104,0,1,0,0,0,0,0,0,0,0,0,0,0,0,0,0,0,0,0,0,0,1,0,27,0,0,0,33,0,321,0,0,0,26,0,233,0,115,3,48,7,125,6,197,0,50,12,596,0,72,0,16,0,54,0,0,0,4,14,348,0,0,0
124,11,51,26,144,29,15,2,43,0,0,28,287,0,28,58,54,28,7,2,49,0,23,61,3,3,28,0,26,0,27,0,74,12,6,0,83,0,316,0,45,0,0,0,6,0,4,0,13,0,0,0,0,0,4,0,3,0,0,0,12,1,0,0,6,0,6,0,0,0,0,0,0,0,4,0,0,0,0,0,0,0,0,0,0,0,0,0,0,0,0,0,0,0,0,0,0,0,0,0,0,0,0,0,0,0,0,0,0,0,0,0,0,0,0,0,0,0,0,0,0,0,0,0,0,0,2,0,0,0,2,0,0,0,0,0,0,0,1,0,0,0,11,0,0,0,0,0,21,1,29,0,27,0,0,0,0,0,3,0,0,0,3,0,0,0,46,0,56,0,0,0,134,0,9,0,92,13,13,0,59,0,79,0,67,0,16,0,0,0,0,0,0,0,0,0,0,0,0,0,0,0,0,0,0,0,0,0,0,0,0,0,0,0,0,0,0,0,13,0,113,14,17,2,28,0,146,7,147,0,160,2,112,0,17,0,74,10,41,3,10,0,21,0,258,0,0,0,0
3,212,53,16,73,171,1,13,0,56,28,0,18,339,185,23,21,85,13,41,71,124,75,128,0,0,0,121,0,47,3,105,0,435,0,58,5,476,4,139,0,211,1,6,0,4,0,94,0,20,0,11,0,0,0,0,0,0,3,8,0,34,0,6,0,12,0,0,0,0,0,0,0,0,0,0,0,0,0,0,0,0,0,0,0,0,0,2,0,0,0,0,0,0,0,0,0,3,1,7,0,0,0,0,0,0,0,0,0,0,0,0,0,0,0,0,0,0,0,0,0,0,0,2,0,4,0,6,0,0,1,3,0,0,0,0,0,12,0,0,0,0,0,12,0,7,0,4,0,6,0,41,0,45,0,4,0,4,0,3,0,4,0,4,1,8,0,34,0,0,0,36,7,77,0,14,8,296,0,21,0,78,1,8,0,17,0,18,0,0,0,0,0,0,0,0,0,4,0,0,0,0,0,0,0,0,0,1,0,9,0,16,0,0,0,76,0,0,9,30,0,346,0,42,0,58,0,292,13,158,5,131,7,347,2,54,0,37,0,28,0,7,0,36,12,194,0,0,0
99,0,104,0,211,49,20,0,18,0,287,18,0,475,79,19,0,1,93,118,53,31,5,0,0,0,120,355,0,0,35,0,28,4,154,13,135,16,0,0,279,86,116,41,85,24,50,97,56,1,180,19,0,0,0,0,4,0,0,0,3,0,0,0,8,0,1,0,0,0,0,0,0,0,0,0,0,0,0,0,0,0,0,0,0,0,0,0,0,0,5,0,0,0,0,0,0,0,0,0,0,0,0,0,0,0,0,0,0,0,0,0,0,0,0,0,0,0,5,0,0,0,0,0,5,0,0,0,0,0,1,0,0,0,0,0,0,0,0,0,0,0,0,0,0,0,6,0,16,0,27,0,16,0,0,0,0,0,0,0,0,0,0,0,82,0,33,3,57,5,0,0,18,0,7,0,223,76,91,0,65,0,32,0,26,0,129,0,0,0,0,0,0,0,0,0,0,0,0,0,0,0,0,0,0,0,0,0,0,0,0,0,0,0,2,0,0,0,145,26,90,17,24,5,274,0,174,0,88,30,98,3,19,7,11,0,59,16,27,0,11,0,0,0,190,5,0,0,0
0,154,0,47,73,247,2,28,0,31,0,339,475,0,84,21,0,0,454,172,46,62,0,0,0,0,283,86,0,0,0,20,0,0,23,113,22,133,0,0,55,450,54,164,24,38,10,171,2,14,41,217,0,0,0,14,0,0,1,6,0,0,0,0,0,7,1,4,0,0,0,0,0,0,0,0,0,0,0,0,0,0,0,0,0,0,0,0,0,0,0,0,0,0,0,0,0,0,0,0,0,0,0,0,0,0,0,0,0,0,0,0,0,0,0,0,0,0,0,0,0,0,0,0,0,0,0,2,0,0,0,0,0,0,0,0,0,0,0,0,0,0,0,0,0,0,0,0,0,9,0,0,0,6,0,0,0,0,0,0,0,6,0,7,5,51,0,53,0,0,0,0,0,29,0,0,17,289,0,3,1,0,0,0,0,5,37,90,0,0,0,0,0,0,0,0,0,0,0,0,0,0,0,0,0,0,0,0,0,0,0,4,0,0,0,4,0,0,40,132,0,116,0,46,0,400,0,155,0,273,0,0,2,135,0,22,0,0,0,0,0,0,0,0,2,87,0,0,0
9,0,294,12,282,344,14,0,8,0,28,185,79,84,0,165,69,6,192,70,118,68,229,96,99,0,152,10,12,3,161,33,172,102,30,17,116,94,56,0,10,0,0,0,11,0,8,2,3,0,9,2,0,0,17,2,0,0,0,0,0,0,0,0,12,0,0,0,0,0,0,0,0,0,0,0,0,0,0,0,12,0,0,0,83,0,0,0,0,0,0,0,0,0,0,0,43,0,0,0,0,0,0,0,0,0,35,0,0,0,0,0,0,0,0,0,0,0,0,0,0,0,0,0,22,0,17,0,13,0,35,0,0,0,0,0,118,0,0,0,24,0,175,0,0,0,44,0,44,0,44,0,9,0,4,0,0,0,0,0,16,0,0,0,0,0,60,9,0,0,2,14,40,13,0,0,97,53,10,1,5,0,4,0,3,0,0,2,0,0,0,0,0,0,0,0,0,0,0,0,82,0,0,0,0,0,24,0,56,0,0,0,3,0,0,0,0,0,0,0,86,147,0,9,19,11,56,27,70,68,42,22,33,53,11,9,29,12,10,0,0,0,4,0,85,25,0,0,0
19,70,113,152,104,155,0,85,0,5,58,23,19,21,165,0,36,100,14,306,62,198,113,521,0,33,2,118,2,21,1,139,7,201,0,58,8,120,16,28,0,2,0,4,0,0,0,4,0,0,1,6,0,3,0,49,1,8,0,4,0,15,0,17,0,7,0,2,0,0,0,0,0,0,0,0,0,0,0,0,0,6,0,0,0,9,0,5,0,0,0,12,0,0,0,2,0,24,0,0,0,0,0,0,0,0,0,0,0,0,0,0,0,0,0,0,0,0,0,0,0,0,0,0,0,23,0,18,0,17,0,0,0,44,0,158,0,130,0,0,0,9,0,27,0,0,0,0,0,21,0,0,0,2,0,7,0,0,0,0,0,10,0,3,0,0,2,40,3,0,0,0,11,42,0,0,9,46,0,0,0,0,0,0,0,5,0,1,0,0,0,0,0,0,0,0,0,0,0,0,0,29,0,0,0,0,0,0,0,15,0,0,0,0,0,0,0,0,0,5,0,119,2,13,0,0,4,42,6,129,0,23,0,102,0,0,3,4,0,4,0,0,0,0,13,34,0,0,0
47,128,230,27,10,16,12,53,7,12,54,21,0,0,69,36,0,56,211,0,484,0,175,63,71,124,141,0,145,1,78,0,88,3,43,0,0,3,137,0,0,0,8,0,64,0,6,0,4,0,0,0,145,0,22,6,2,0,0,0,59,18,670,0,0,0,0,0,0,0,26,0,6,0,14,0,22,0,0,0,69,0,0,0,396,0,33,0,0,0,83,1,0,0,0,0,221,0,152,0,18,0,0,0,0,0,67,0,0,0,0,0,0,0,0,0,0,0,0,0,44,0,124,0,2,0,0,0,17,0,3,0,30,0,0,0,336,3,117,0,163,0,220,0,17,0,0,0,0,0,0,0,0,0,98,0,0,0,45,0,0,0,0,0,0,0,5,0,39,0,0,0,56,7,0,0,5,4,0,0,0,0,79,1,0,0,0,0,0,0,0,0,0,0,0,0,0,0,0,0,97,0,0,0,0,0,3,0,7,0,0,0,3,0,22,6,0,0,18,0,36,0,29,3,41,0,68,15,52,20,14,0,67,41,6,0,0,0,0,0,0,0,0,0,42,19,0,0,0
42,77,94,186,52,25,0,59,0,1,28,85,1,0,6,100,56,0,0,112,5,204,90,80,16,52,0,53,2,133,0,67,0,44,0,9,0,0,6,153,0,4,0,0,0,0,0,0,0,0,0,5,0,37,0,59,0,7,0,0,0,74,4,245,0,0,0,2,0,0,0,0,0,0,0,0,0,8,0,0,0,20,0,10,0,25,0,13,0,6,0,16,0,0,0,13,0,32,0,30,0,10,0,0,0,0,0,10,0,0,0,0,0,1,0,0,0,0,0,0,1,0,0,1,0,5,0,10,0,43,0,7,0,24,0,99,0,163,0,92,0,32,0,76,0,0,0,0,0,0,0,0,0,1,0,25,0,0,0,14,0,3,0,0,0,0,0,1,0,0,0,4,7,4,0,0,2,24,0,1,0,0,0,1,0,1,0,0,0,0,0,0,0,0,0,0,0,0,0,0,0,13,0,0,0,0,0,0,0,0,0,0,0,0,0,0,0,0,0,0,0,10,0,0,0,4,0,54,0,17,0,3,0,15,0,0,0,2,0,0,0,1,0,0,0,9,0,0,0
10,0,73,0,71,55,0,0,7,0,7,13,93,454,192,14,211,0,0,131,242,30,258,2,62,0,191,171,11,0,69,0,12,0,267,31,127,13,0,0,14,21,27,21,32,8,8,16,10,2,225,21,0,0,0,0,8,0,0,0,5,0,18,0,10,0,2,0,0,0,0,0,0,0,0,0,0,0,0,0,0,0,0,0,102,0,0,1,0,0,27,0,0,0,0,0,60,0,28,0,0,0,0,0,0,0,36,0,0,0,0,0,0,0,0,0,0,0,0,0,0,0,0,0,9,0,5,0,0,0,0,0,0,0,0,0,139,0,0,0,31,0,140,0,0,0,10,0,17,0,20,0,8,0,0,0,0,0,9,0,0,0,1,0,134,0,41,4,77,5,0,0,36,3,0,0,45,53,2,0,0,0,6,0,12,0,4,6,0,0,0,0,0,0,0,0,1,0,0,0,91,0,0,0,0,0,0,0,24,0,0,0,0,0,0,0,0,0,48,10,38,15,13,0,191,34,114,3,52,43,53,0,0,0,12,0,35,0,12,0,5,0,0,0,138,0,0,0,0
0,72,0,133,70,136,0,32,0,11,2,41,118,172,70,306,0,112,131,0,23,263,0,219,0,31,43,321,0,18,2,91,0,26,15,228,15,163,0,0,6,16,6,64,0,26,0,46,0,2,11,118,0,9,0,46,0,0,1,2,0,9,0,70,0,20,0,0,0,0,0,0,0,0,0,0,0,0,0,0,0,18,0,0,0,17,0,0,0,0,0,0,0,0,0,0,0,43,0,25,0,10,0,6,0,0,0,17,0,0,0,0,0,0,0,0,0,0,0,0,0,0,0,0,0,17,0,0,0,17,0,0,0,0,0,129,0,126,0,0,0,0,0,68,0,0,0,0,0,19,0,0,0,12,0,9,0,6,0,5,0,3,0,0,0,0,1,27,0,0,0,3,0,18,0,0,2,19,1,1,0,0,0,0,0,11,0,30,0,0,0,0,0,0,0,0,0,0,0,0,0,28,0,0,0,0,0,0,0,0,0,2,0,0,0,0,0,3,4,34,0,50,0,16,0,101,0,41,0,113,0,0,0,63,0,18,1,0,0,0,0,2,0,0,0,31,0,0,0
8,0,30,9,109,105,0,0,0,0,49,71,53,46,118,62,484,5,242,23,0,19,165,40,24,0,245,19,114,0,96,8,80,36,60,12,39,26,40,0,4,0,27,3,67,0,0,0,3,0,64,0,19,0,9,0,0,0,0,0,0,0,57,0,0,0,0,1,0,0,23,0,0,0,14,0,0,0,0,0,66,0,0,0,146,0,28,0,0,0,16,0,0,0,10,0,80,0,122,0,0,0,0,0,0,0,0,0,0,0,0,0,0,0,0,0,0,0,0,0,35,0,50,0,0,0,0,0,7,0,0,0,0,0,0,0,63,0,0,0,46,1,62,0,47,0,0,0,0,0,0,0,0,0,15,0,5,0,8,0,0,0,0,0,30,2,52,0,60,5,0,4,35,0,0,0,10,7,3,0,0,0,3,0,2,0,0,0,0,0,0,0,0,0,0,0,0,0,0,0,31,0,0,0,0,0,0,0,5,0,0,0,0,0,0,0,0,0,12,0,55,37,18,6,44,0,69,18,51,20,35,0,20,0,0,0,31,8,0,0,5,0,0,0,115,9,0,0,0
0,12,0,24,20,145,0,6,0,0,0,124,31,62,68,198,0,204,30,263,19,0,0,171,0,24,10,224,0,79,0,89,0,65,4,59,2,36,0,11,0,2,3,35,0,20,0,4,0,0,1,37,0,13,0,20,0,0,0,0,0,17,0,109,0,0,0,0,0,0,0,0,0,0,0,4,0,0,0,0,0,63,0,24,0,43,0,0,0,26,0,0,0,0,0,0,0,0,0,40,0,18,0,0,0,0,0,0,0,0,0,0,0,0,0,0,0,0,0,0,0,21,0,16,0,0,0,5,0,16,0,0,0,18,0,0,0,122,0,119,0,92,0,150,0,28,0,0,0,0,0,0,0,1,0,6,0,5,0,5,0,5,0,4,0,17,0,56,0,30,0,9,0,24,0,0,0,37,0,10,0,0,0,0,0,0,0,28,0,0,0,0,0,0,0,0,0,0,0,0,0,0,0,0,0,0,0,0,0,0,0,0,0,0,0,5,0,0,1,35,0,78,0,15,0,85,0,48,0,129,0,31,0,54,0,9,0,11,0,8,1,0,0,0,0,31,0,0,0
9,154,277,58,62,38,11,30,0,5,23,75,5,0,229,113,175,90,258,0,165,0,0,145,88,88,92,0,65,5,17,0,14,9,9,0,3,0,103,7,0,0,0,0,14,0,0,0,3,0,3,0,8,0,20,0,0,0,0,0,14,19,68,4,0,0,0,0,0,0,0,0,0,0,0,0,0,0,0,0,12,0,0,0,66,0,0,0,0,0,12,0,0,0,0,0,35,1,14,0,0,0,0,0,0,0,23,0,0,0,0,0,0,0,0,0,0,0,0,0,0,0,0,0,6,0,3,0,19,0,10,0,25,0,0,0,103,0,0,0,25,0,59,2,0,0,0,0,5,0,0,0,0,0,9,0,0,2,0,0,12,0,0,0,0,2,0,1,22,3,7,4,55,13,0,0,10,18,0,0,0,0,3,1,0,0,0,0,0,0,0,0,0,0,0,0,0,0,3,0,36,0,0,0,0,0,5,0,13,0,0,2,0,0,6,8,0,0,3,0,0,28,7,0,8,0,38,17,29,19,27,6,0,51,4,9,6,0,0,6,0,0,2,3,24,19,0,0,0
37,43,128,249,83,180,0,64,0,0,61,128,0,0,96,521,63,80,2,219,40,171,145,0,0,24,0,90,2,44,0,30,2,21,0,7,3,17,0,23,0,0,0,3,0,6,0,0,0,1,0,0,0,10,0,30,0,0,0,0,0,15,0,53,0,1,0,0,0,0,0,0,0,0,0,0,0,0,0,0,0,15,0,6,0,23,0,0,0,0,0,0,0,0,0,0,0,8,0,23,0,9,0,0,0,0,0,8,0,0,0,0,0,0,0,0,0,0,0,0,0,0,0,0,0,5,0,8,0,10,0,5,0,29,0,100,0,119,0,22,0,0,0,49,0,0,0,0,0,0,0,0,0,1,0,12,0,0,0,3,0,3,0,0,0,0,0,10,0,0,0,3,17,6,0,0,10,49,0,9,0,0,0,1,0,1,0,0,0,0,0,0,0,0,0,0,0,0,0,0,0,18,0,0,0,0,0,0,0,0,0,0,0,0,0,3,0,0,0,0,0,14,0,7,1,0,0,44,0,24,0,10,0,27,1,3,2,4,0,2,0,0,0,0,8,13,0,0,0
27,145,282,0,16,0,59,182,34,265,3,0,0,0,99,0,71,16,62,0,24,0,88,0,0,154,23,0,27,0,0,0,0,0,0,0,4,0,3,0,0,0,0,0,8,0,0,0,7,1,0,0,116,10,181,174,49,0,2,0,58,39,192,50,1,0,0,1,0,0,0,0,0,0,0,0,0,0,0,0,0,0,0,0,34,0,0,0,0,0,0,1,0,0,0,0,15,5,4,0,0,0,0,0,0,0,0,0,0,0,0,0,0,0,0,0,0,0,0,0,0,0,3,0,15,0,10,0,50,0,31,3,54,0,0,0,158,0,22,0,37,0,101,4,0,0,10,0,0,0,11,0,0,0,42,0,3,14,37,0,61,0,0,0,0,0,0,0,0,0,34,0,24,3,7,0,23,26,0,0,0,0,7,14,0,0,0,0,0,0,0,0,0,0,0,0,0,0,0,0,29,0,0,0,0,0,3,0,5,0,14,0,0,0,73,19,0,0,15,2,70,0,32,0,58,0,96,20,88,22,49,0,117,52,0,0,0,0,53,0,12,0,22,0,255,36,0,0,0
122,40,107,82,22,10,29,396,21,6,3,0,0,0,0,33,124,52,0,31,0,24,88,24,154,0,0,19,0,38,0,7,0,6,0,0,0,2,0,26,0,0,0,3,0,4,0,0,0,0,0,0,2,12,4,57,0,22,0,0,10,34,35,125,0,0,0,0,0,0,1,0,0,0,0,0,0,0,0,0,0,0,0,0,0,0,0,2,0,0,0,0,0,0,0,0,0,16,0,5,0,0,0,0,0,0,0,12,0,0,0,0,0,0,0,0,0,0,0,0,0,0,0,0,0,20,0,24,0,41,0,21,0,55,0,98,0,104,0,19,0,0,0,16,0,0,0,0,0,14,0,0,0,0,0,31,0,0,0,6,0,17,0,0,0,3,0,0,0,0,0,2,11,13,0,0,2,13,0,0,0,0,1,5,0,0,0,0,0,0,0,0,0,0,0,0,0,0,0,0,0,0,0,0,0,0,0,0,0,4,0,4,0,0,0,10,0,0,0,0,0,0,0,15,0,0,5,15,0,0,4,11,0,40,0,1,0,2,0,2,0,0,0,4,0,26,0,0,0
30,0,47,0,95,0,0,0,21,0,28,0,120,283,152,2,141,0,191,43,245,10,92,0,23,0,0,340,25,0,33,0,13,0,43,16,48,0,13,0,85,214,169,47,170,35,31,178,44,6,146,10,8,0,0,0,0,0,0,0,4,0,36,0,5,0,4,0,0,0,0,0,0,0,0,0,0,0,0,0,0,0,0,0,0,0,0,0,0,0,19,0,0,0,0,0,0,0,38,0,0,0,0,0,0,0,0,0,0,0,0,0,0,0,0,0,0,0,0,0,0,0,0,0,0,0,0,0,7,0,7,0,0,0,11,0,78,0,0,0,38,0,78,0,0,0,0,0,14,0,9,0,3,0,0,0,0,0,0,0,0,0,0,0,114,0,28,0,0,0,0,0,9,0,3,0,4,48,8,0,0,0,0,0,10,0,18,6,0,0,0,0,0,0,0,0,0,0,0,0,45,0,0,0,0,0,0,0,16,0,0,0,0,0,0,0,0,0,336,56,24,0,59,6,347,0,47,3,31,2,0,0,0,0,2,0,31,0,3,0,0,0,0,0,73,0,0,0,0
0,108,0,47,0,164,0,18,0,21,0,121,355,86,10,118,0,53,171,321,19,224,0,90,0,19,340,0,0,18,0,45,0,30,18,106,10,91,0,0,110,34,56,153,33,176,34,80,0,16,38,141,0,22,0,41,0,0,0,1,0,13,0,76,0,17,0,0,0,0,0,0,0,0,0,0,0,0,0,5,0,53,0,0,0,48,0,0,0,0,0,0,0,0,0,0,0,54,0,52,0,0,0,0,0,0,0,0,0,0,0,0,0,0,0,0,0,0,0,1,0,0,0,0,0,0,0,0,0,0,0,0,0,30,0,0,0,138,0,68,0,51,0,131,0,21,0,0,0,27,0,0,0,19,0,13,0,11,0,8,0,0,0,2,0,62,0,26,0,60,0,0,0,19,0,0,0,42,0,4,0,0,0,0,0,5,39,41,0,0,0,0,0,0,0,0,0,0,0,0,0,0,0,0,0,0,0,0,0,0,0,0,0,0,0,0,0,0,48,367,0,48,0,68,0,338,0,49,0,153,0,0,0,0,0,13,0,15,0,0,0,0,0,0,0,34,0,0,0
32,0,224,0,85,3,0,0,2,0,26,0,0,0,12,2,145,2,11,0,114,0,65,2,27,0,25,0,0,0,64,0,17,0,16,0,21,0,12,0,0,0,10,0,13,0,1,0,0,0,7,0,33,0,12,0,0,0,0,0,4,0,60,0,0,0,0,0,0,0,29,0,0,0,38,0,0,0,0,0,66,0,0,0,117,0,34,0,0,0,13,0,0,0,0,0,56,0,118,0,12,0,0,0,0,0,10,0,0,0,0,0,0,0,0,0,0,0,0,0,35,0,76,0,0,0,0,0,0,0,0,0,0,0,0,0,0,0,86,0,83,0,89,0,73,0,0,0,0,0,1,0,0,0,25,0,0,0,20,0,0,0,0,0,0,0,1,0,6,0,0,0,0,0,0,0,0,0,0,0,0,0,0,0,0,0,0,0,0,0,0,0,0,0,0,0,0,0,0,0,9,0,0,0,0,0,0,0,0,0,0,0,0,0,0,0,0,0,0,0,0,0,0,0,0,0,3,0,0,0,0,0,0,1,0,0,0,0,3,0,0,0,0,0,0,0,0,0,0
0,226,0,171,2,56,0,127,0,0,0,47,0,0,3,21,1,133,0,18,0,79,5,44,0,38,0,18,0,0,0,40,0,25,0,50,0,59,0,10,0,2,0,5,0,0,0,0,0,0,0,0,0,7,0,38,0,1,0,2,0,13,0,55,0,0,0,0,0,0,0,0,0,0,0,0,0,0,0,1,0,6,0,0,0,7,0,0,0,0,0,2,0,0,0,5,0,5,0,10,0,6,0,0,0,0,0,0,0,0,0,0,0,0,0,0,0,0,0,0,0,0,0,4,0,5,0,3,0,12,0,4,0,11,0,44,0,83,0,104,0,42,0,51,0,17,0,0,0,8,0,0,0,0,0,13,0,0,0,5,0,0,0,0,0,0,0,0,0,0,0,0,0,1,0,0,0,0,0,0,0,0,0,0,0,0,0,0,0,0,0,0,0,0,0,0,0,0,0,0,0,0,0,0,0,0,0,0,0,0,0,0,0,0,0,0,0,0,0,0,0,0,0,0,0,0,0,2,0,0,0,0,0,0,0,0,0,0,0,0,0,0,0,0,1,0,0,0,0
0,0,34,0,102,6,0,0,0,0,27,3,35,0,161,1,78,0,69,2,96,0,17,0,0,0,33,0,64,0,0,0,7,0,8,1,18,1,25,0,0,0,10,0,9,0,1,0,0,0,9,0,0,0,0,0,0,0,0,1,9,0,22,0,0,0,0,0,0,0,6,0,0,0,7,0,0,0,0,0,0,0,0,0,31,0,11,0,0,0,0,0,0,0,0,0,0,0,30,0,4,0,0,0,0,0,0,0,0,0,0,0,0,0,0,0,0,0,0,0,0,0,17,0,0,0,0,0,0,0,2,0,0,0,0,0,0,0,11,0,13,0,15,0,10,0,0,0,0,0,0,0,0,0,0,0,0,0,0,0,0,0,0,0,4,0,44,0,27,0,0,0,8,0,0,0,0,0,0,0,0,0,1,0,0,0,0,0,0,0,0,0,0,0,0,0,0,0,0,0,0,0,0,0,0,0,0,0,0,0,0,0,0,0,0,0,0,0,0,0,42,0,0,0,12,0,21,0,38,0,20,0,0,2,0,0,9,2,0,0,0,0,0,0,27,0,0,0,0
0,0,0,22,0,189,0,9,0,0,0,105,0,20,33,139,0,67,0,91,8,89,0,30,0,7,0,45,0,40,0,0,1,18,0,8,0,14,0,4,0,0,0,5,0,0,0,0,0,0,0,0,0,4,0,13,0,1,0,0,0,6,0,44,0,0,0,0,0,0,0,2,0,0,0,3,0,0,0,0,0,23,0,0,0,20,0,12,0,8,0,0,0,0,0,13,0,7,0,19,0,0,0,0,0,0,0,0,0,0,0,0,0,0,0,0,0,0,0,0,0,0,0,4,0,0,0,0,0,0,0,0,0,5,0,13,0,31,0,56,0,29,0,74,0,9,0,0,0,0,0,0,0,0,0,0,0,0,0,0,0,0,0,0,0,3,0,9,0,0,0,0,0,7,0,0,0,28,0,2,0,0,0,0,0,0,0,0,0,0,0,0,0,0,0,0,0,0,0,0,0,0,0,0,0,0,0,0,0,0,0,0,0,0,0,0,0,0,0,0,0,16,0,0,0,11,0,0,0,23,0,0,0,4,0,2,0,0,0,0,0,0,0,2,0,0,0,0,0
0,0,70,0,212,0,0,0,0,0,74,0,28,0,172,7,88,0,12,0,80,0,14,2,0,0,13,0,17,0,7,1,0,0,9,0,66,4,5,0,0,0,4,0,12,0,0,0,0,0,9,0,0,0,0,0,0,0,0,0,9,0,11,0,0,0,0,0,0,0,6,0,0,0,7,0,0,0,0,0,0,0,2,0,25,0,0,0,0,0,0,0,2,0,0,0,14,0,0,0,0,0,0,0,0,0,0,0,0,0,0,0,0,0,0,0,0,0,0,0,0,0,0,0,0,0,0,0,0,0,1,0,0,0,0,0,0,0,0,0,0,0,0,0,0,0,0,0,0,0,3,0,0,0,2,0,5,0,2,0,0,0,0,0,0,0,35,0,14,0,0,0,0,0,0,0,22,3,6,0,0,0,3,0,0,0,0,0,0,0,0,0,0,0,0,0,0,0,0,0,0,0,0,0,0,0,0,0,0,0,0,0,1,0,0,0,0,0,0,0,24,0,0,0,0,0,23,0,33,0,0,0,0,0,0,0,4,0,7,0,0,0,0,0,19,0,0,0,0
0,89,0,111,20,447,0,11,0,0,12,435,4,0,102,201,3,44,0,26,36,65,9,21,0,6,0,30,0,25,0,18,0,0,1,54,4,44,0,0,0,0,0,15,0,5,0,2,0,0,0,15,0,2,0,8,0,0,0,0,0,8,0,28,0,2,0,0,0,0,0,0,0,0,0,2,0,0,0,0,0,20,0,0,0,17,0,0,0,0,0,0,0,0,0,17,0,0,0,20,0,0,0,0,0,0,0,0,0,0,0,0,0,0,0,0,0,0,0,0,0,0,0,0,0,0,0,1,0,0,0,0,0,7,0,0,0,0,0,38,0,22,0,59,0,8,0,0,0,0,0,0,0,0,0,0,0,1,0,2,0,0,0,0,0,0,0,1,0,0,2,0,3,5,0,0,1,104,0,39,0,0,0,0,0,0,0,1,0,0,0,0,0,0,0,0,0,0,0,0,0,1,0,0,0,0,0,0,0,0,0,0,0,0,0,0,0,0,0,0,0,7,0,0,0,0,0,23,0,0,0,0,0,0,0,0,0,0,0,0,0,0,0,0,0,0,0,0,0
0,0,2,0,44,0,0,0,0,0,6,0,154,23,30,0,43,0,267,15,60,4,9,0,0,0,43,18,16,0,8,0,9,1,0,0,23,0,20,0,0,0,9,0,23,1,0,0,2,0,51,0,0,0,0,0,0,0,0,0,0,0,15,0,0,0,0,0,0,0,0,0,0,0,0,0,0,0,0,0,22,0,0,0,0,0,6,0,0,0,0,0,0,0,0,0,0,0,42,0,0,0,0,0,0,0,0,0,0,0,0,0,0,0,0,0,0,0,0,0,18,0,0,0,0,0,0,0,0,0,0,0,0,0,0,0,0,0,0,0,0,0,0,0,28,0,0,0,0,0,0,0,0,0,0,0,2,0,3,0,0,0,0,0,61,0,62,0,0,0,4,0,12,0,0,0,6,0,3,0,0,0,0,0,0,0,9,0,0,0,0,0,0,0,0,0,0,0,0,0,0,0,0,0,0,0,0,0,0,0,0,0,0,0,0,0,0,0,14,0,24,3,8,0,56,0,14,0,21,0,0,0,4,7,0,0,0,0,0,0,0,0,0,0,35,2,0,0,0
0,4,0,3,0,121,0,0,0,0,0,58,13,113,17,58,0,9,31,228,12,59,0,7,0,0,16,106,0,50,1,8,0,54,0,0,0,51,0,5,0,0,3,17,0,14,0,0,0,6,1,27,0,0,0,0,1,2,0,0,0,10,0,22,0,0,0,0,0,0,0,0,0,0,0,2,0,0,0,0,0,0,0,0,0,0,0,0,0,0,0,0,0,0,0,0,0,0,0,0,0,4,0,0,0,0,0,0,0,0,0,0,0,0,0,0,0,0,0,0,0,0,0,0,0,0,0,0,0,0,0,0,0,0,0,0,0,0,0,25,0,30,0,25,0,16,0,0,0,0,0,1,0,0,0,1,0,2,0,0,0,0,0,0,0,3,0,13,0,4,0,4,0,5,0,0,0,34,0,2,0,2,0,0,0,2,0,39,0,0,0,0,0,0,0,0,0,0,0,0,0,0,0,0,0,0,0,0,0,0,0,0,0,0,0,0,0,0,0,10,0,21,0,13,0,41,1,7,0,48,0,0,0,13,0,0,0,0,0,0,0,0,0,0,1,8,0,0,0
5,0,11,0,165,0,0,0,0,0,83,5,135,22,116,8,0,0,127,15,39,2,3,3,4,0,48,10,21,0,18,0,66,4,23,0,0,7,53,0,0,0,40,0,68,1,3,0,0,0,65,1,3,0,0,0,0,0,0,0,63,0,18,0,0,0,0,0,0,0,27,0,0,0,24,0,0,0,0,0,30,0,0,0,40,0,22,0,7,0,0,0,0,0,0,0,18,0,65,0,0,0,2,0,0,0,0,0,0,0,0,0,0,0,0,0,0,0,0,0,0,0,36,0,0,0,0,0,0,0,0,0,0,0,0,0,0,0,108,0,71,0,32,0,108,0,1,0,0,0,0,0,0,0,29,0,47,0,19,0,0,0,7,0,21,0,48,0,57,0,18,0,42,0,0,0,11,3,16,0,3,0,0,0,1,0,4,0,0,0,0,0,0,0,0,0,0,0,0,0,0,0,0,0,0,0,0,0,0,0,0,0,0,0,0,0,0,0,4,0,24,5,5,0,35,0,13,1,45,0,4,0,0,0,4,0,3,0,3,0,0,0,0,0,22,0,0,0,0
0,51,0,0,20,388,0,12,0,0,0,476,16,133,94,120,3,0,13,163,26,36,0,17,0,2,0,91,0,59,1,14,4,44,0,51,7,0,0,29,0,0,0,95,0,23,0,0,0,0,1,88,0,2,0,8,0,0,0,0,0,108,0,63,0,0,0,0,0,0,0,0,0,0,0,0,0,0,0,0,0,11,0,0,0,5,0,0,0,0,0,0,0,1,0,7,0,0,0,7,0,0,0,0,0,0,0,0,0,0,0,0,0,0,0,0,0,0,0,0,0,5,0,0,0,3,0,0,0,0,0,0,0,0,0,0,0,0,0,110,0,78,0,68,0,66,0,0,0,0,0,0,0,0,0,3,0,34,0,5,0,0,0,0,0,2,0,17,0,9,0,2,0,4,0,0,4,103,0,17,0,0,0,0,0,0,0,21,0,0,0,0,0,0,0,0,0,0,0,0,0,0,0,0,0,0,0,0,0,0,0,1,0,0,0,0,0,0,0,0,0,16,0,0,0,8,0,109,0,36,0,0,0,0,0,0,0,0,0,0,0,0,0,0,0,0,0,0,0
118,11,383,0,454,0,0,0,4,0,316,4,0,0,56,16,137,6,0,0,40,0,103,0,3,0,13,0,12,0,25,0,5,0,20,0,53,0,0,0,0,0,23,0,5,0,0,0,3,0,38,0,6,0,0,0,0,0,0,0,7,0,34,0,0,0,0,0,0,0,5,0,2,0,0,0,0,0,0,0,0,0,0,0,33,0,11,0,0,0,3,0,0,0,0,0,0,0,19,0,0,0,0,0,0,0,0,0,0,0,0,0,0,0,0,0,0,0,0,0,7,0,15,0,0,0,0,0,0,0,0,0,0,0,0,0,0,0,27,0,0,0,0,0,9,0,0,0,0,0,0,0,0,0,9,0,16,0,8,0,0,0,2,0,0,0,27,0,6,0,0,0,11,0,0,0,114,9,6,0,0,0,60,0,10,0,0,0,0,0,0,0,0,0,0,0,0,0,0,0,0,0,0,0,0,0,0,0,0,0,0,0,0,0,2,0,0,0,0,0,12,0,0,0,2,0,43,0,11,0,0,0,0,0,0,0,3,0,0,0,0,0,0,0,10,0,0,0,0
8,413,6,194,0,98,0,95,0,0,0,139,0,0,0,28,0,153,0,0,0,11,7,23,0,26,0,0,0,10,0,4,0,0,0,5,0,29,0,0,0,0,0,0,0,0,0,0,0,0,0,1,0,2,0,12,0,0,0,0,0,11,0,35,0,3,0,0,0,0,0,0,0,0,0,0,0,0,0,0,0,0,0,0,0,0,0,0,0,0,0,2,0,0,0,0,0,0,0,0,0,0,0,0,0,0,0,0,0,0,0,0,0,0,0,0,0,0,0,0,0,0,0,0,0,0,0,0,0,0,0,0,0,0,0,0,0,0,0,37,0,0,0,8,0,16,0,0,0,0,0,0,0,0,0,4,0,4,0,3,0,0,0,0,0,0,0,0,0,0,0,5,0,4,0,0,0,64,0,12,0,0,0,13,0,0,0,0,0,0,0,0,0,0,0,0,0,0,0,0,0,0,0,0,0,0,0,0,0,0,0,4,0,0,0,12,0,0,0,0,0,38,0,0,1,2,0,23,0,0,0,0,0,0,0,0,0,0,0,0,0,0,0,0,0,0,0,0,0
20,0,25,0,50,0,3,0,10,0,45,0,279,55,10,0,0,0,14,6,4,0,0,0,0,0,85,110,0,0,0,0,0,0,0,0,0,0,0,0,0,146,27,10,40,47,32,161,84,13,8,2,0,0,0,0,0,0,0,0,0,0,0,0,0,0,0,0,0,0,0,0,0,0,0,0,0,0,0,0,0,0,0,0,0,0,0,0,0,0,0,0,0,0,0,0,0,0,0,0,0,0,0,0,0,0,0,0,0,0,0,0,0,0,0,0,0,0,0,0,0,0,0,0,0,0,0,0,0,0,0,0,0,0,0,0,0,0,0,0,0,0,0,0,0,0,3,0,4,0,7,0,1,0,0,0,0,0,0,0,0,0,0,0,6,0,0,0,0,0,1,0,2,0,0,0,13,50,12,0,7,0,0,0,3,0,65,2,0,0,0,0,0,0,0,0,0,0,0,0,0,0,0,0,0,0,0,0,2,0,0,0,0,0,0,0,0,0,320,83,0,2,60,114,22,0,4,0,0,0,0,0,0,0,0,0,3,0,0,0,0,0,0,0,7,0,0,0,0
0,38,0,13,0,69,0,3,0,0,0,211,86,450,0,2,0,4,21,16,0,2,0,0,0,0,214,34,0,2,0,0,0,0,0,0,0,0,0,0,146,0,30,6,96,12,84,118,5,103,10,2,0,0,0,0,0,0,0,0,0,0,0,0,0,0,0,0,0,0,0,0,0,0,0,0,0,0,0,0,0,0,0,5,0,0,0,0,0,0,0,0,0,0,0,0,0,0,0,0,0,0,0,0,0,0,0,0,0,0,0,0,0,0,0,0,0,0,0,0,0,0,0,0,0,0,0,0,0,0,0,0,0,0,0,0,0,0,0,0,0,0,0,0,0,0,0,0,0,1,0,0,0,6,0,0,0,0,0,0,0,0,0,0,0,4,0,0,0,0,0,0,0,0,0,3,1,104,0,1,0,0,0,0,0,1,11,33,0,0,0,0,0,0,0,0,0,0,0,0,0,0,0,0,0,0,0,0,0,0,0,0,0,0,0,0,0,0,79,105,0,7,0,226,0,10,0,3,0,0,0,0,0,4,0,0,0,0,0,1,0,0,0,0,0,0,0,0,0
0,0,0,0,7,0,0,0,4,0,0,1,116,54,0,0,8,0,27,6,27,3,0,0,0,0,169,56,10,0,10,0,4,0,9,3,40,0,23,0,27,30,0,8,140,4,35,38,2,1,17,0,1,0,0,0,1,0,0,0,0,0,8,0,1,0,0,0,0,0,13,0,0,0,0,0,0,0,4,0,11,0,0,0,14,0,12,0,0,0,3,0,0,0,0,0,0,0,19,0,0,0,0,0,0,0,1,0,0,0,0,0,0,0,0,0,0,0,0,0,0,0,5,0,0,0,0,0,0,0,0,0,0,0,0,0,0,0,0,0,0,0,0,0,10,0,1,0,0,0,0,0,0,0,0,0,6,0,0,0,0,0,5,0,33,0,37,0,5,0,2,0,5,0,0,0,0,0,2,0,0,0,0,0,0,0,39,1,0,0,0,0,0,0,0,0,0,0,0,0,4,0,0,0,0,0,0,0,0,0,0,0,0,0,4,0,0,0,102,6,10,0,14,1,54,0,6,0,23,0,3,0,5,0,0,0,2,1,0,0,0,0,0,0,16,0,0,0,0
0,0,0,0,0,3,0,0,0,0,0,6,41,164,0,4,0,0,21,64,3,35,0,3,0,3,47,153,0,5,0,5,0,15,0,17,0,95,0,0,10,6,8,0,5,21,4,24,1,10,5,18,0,0,0,8,0,6,0,0,0,12,0,8,0,0,0,0,0,0,0,2,0,2,0,0,0,1,0,1,0,12,0,0,0,0,0,0,0,0,0,2,0,0,0,0,0,0,0,7,0,0,0,1,0,0,0,0,0,0,0,0,0,0,0,0,0,0,0,0,0,7,0,0,0,0,0,0,0,0,0,0,0,0,0,0,0,19,0,41,0,25,0,51,0,22,0,0,0,1,0,0,0,0,0,7,0,3,0,0,0,0,0,0,0,11,0,12,0,6,0,4,1,6,0,0,0,14,0,0,0,0,0,0,0,1,0,98,0,0,0,0,0,0,0,0,0,0,0,0,0,0,0,0,0,0,0,0,0,0,0,0,0,1,0,0,0,0,4,30,0,4,0,9,0,39,0,6,0,28,0,0,0,8,0,3,0,0,0,0,0,0,0,0,0,6,0,0,0
0,0,0,0,8,0,0,0,0,0,6,0,85,24,11,0,64,0,32,0,67,0,14,0,8,0,170,33,13,0,9,0,12,0,23,0,68,0,5,0,40,96,140,5,0,12,88,90,32,9,39,1,3,0,0,0,1,0,0,0,8,0,19,0,0,0,0,0,1,0,14,0,0,0,0,0,5,0,0,0,44,0,0,0,52,0,11,0,0,0,0,0,0,0,0,0,32,0,50,0,0,0,0,0,3,0,9,0,0,0,0,0,0,0,0,0,0,0,0,0,20,0,27,0,1,0,0,0,0,0,0,0,2,0,0,0,28,0,0,0,30,0,46,0,0,0,0,0,2,0,2,0,0,0,0,0,0,0,6,0,0,0,6,0,117,0,32,0,23,0,13,0,12,0,0,0,6,4,2,0,4,0,9,0,2,0,36,2,6,0,0,0,0,0,1,0,0,0,0,0,13,0,0,0,0,0,0,0,0,0,1,0,0,0,5,0,0,0,223,41,17,0,178,39,63,0,18,0,28,0,11,0,0,0,0,0,7,0,5,0,3,0,3,0,21,0,0,0,0
0,12,0,3,0,4,0,0,0,6,0,4,24,38,0,0,0,0,8,26,0,20,0,6,0,4,35,176,0,0,0,0,0,5,1,14,1,23,0,0,47,12,4,21,12,0,14,82,0,79,3,36,0,2,0,0,0,7,0,0,0,0,0,0,0,0,0,0,0,0,0,0,0,2,0,0,0,7,0,0,0,26,0,7,0,0,0,21,0,0,0,0,0,0,0,0,0,3,0,23,0,0,0,0,0,0,0,3,0,0,0,0,0,0,0,0,0,0,0,0,0,0,0,9,0,0,0,0,0,0,0,1,0,0,0,0,0,9,0,7,0,17,0,32,0,19,0,0,0,0,0,0,0,0,0,0,0,2,0,0,0,3,0,4,0,103,0,10,0,67,0,9,0,14,0,0,0,21,0,1,0,3,0,0,0,0,4,30,0,0,0,6,0,2,0,2,0,2,0,0,0,2,0,0,0,7,0,0,0,1,0,2,0,1,0,5,0,0,16,208,0,21,0,209,0,78,0,16,0,71,0,12,0,22,0,7,0,0,0,3,0,0,0,2,0,0,0,0,0
6,0,6,0,10,0,0,0,4,0,4,0,50,10,8,0,6,0,8,0,0,0,0,0,0,0,31,34,1,0,1,0,0,0,0,0,3,0,0,0,32,84,35,4,88,14,0,70,22,7,7,0,0,0,0,0,0,0,0,0,0,0,0,0,1,0,0,0,0,0,0,0,0,0,0,0,0,0,0,0,0,0,0,0,0,0,0,0,0,0,0,0,0,0,0,0,0,0,0,0,0,0,0,0,0,0,0,0,0,0,0,0,0,0,0,0,0,0,0,0,0,0,0,0,0,0,0,0,1,0,0,0,0,0,0,0,5,0,0,0,0,0,0,0,0,0,0,0,0,0,2,0,0,0,0,0,0,0,0,0,0,0,0,0,13,0,0,0,0,0,0,0,3,0,0,0,0,12,0,0,3,0,0,0,1,0,17,0,0,0,0,0,0,0,0,0,0,0,0,0,3,0,0,0,0,0,0,0,0,0,0,0,0,0,0,0,0,0,284,37,0,0,54,25,23,0,0,0,0,1,2,0,0,0,0,0,1,0,0,0,0,0,0,0,0,0,0,0,0
0,23,1,11,0,49,0,6,0,0,0,94,97,171,2,4,0,0,16,46,0,4,0,0,0,0,178,80,0,0,0,0,0,2,0,0,0,0,0,0,161,118,38,24,90,82,70,0,3,46,15,18,0,0,0,0,0,0,0,0,0,0,0,0,0,0,0,0,0,0,0,0,0,0,0,0,0,0,0,0,0,0,0,2,0,0,0,0,0,0,0,0,0,0,0,0,0,0,0,0,0,0,0,0,0,0,0,0,0,0,0,0,0,0,0,0,0,0,0,0,0,0,0,0,0,0,0,0,0,0,0,3,0,0,0,0,0,0,0,1,0,0,0,0,0,0,0,0,0,0,1,0,0,0,0,2,0,0,0,0,0,0,0,0,1,22,0,0,0,6,0,0,0,0,0,0,0,64,0,0,0,0,0,0,0,0,12,14,0,0,0,0,0,0,0,0,0,0,0,0,0,0,0,0,0,0,0,0,0,0,0,0,0,0,0,0,0,0,47,274,0,0,0,178,0,18,0,5,0,0,0,0,0,0,0,2,0,2,0,0,0,0,0,0,0,0,0,0,0
6,0,0,0,21,0,4,0,13,0,13,0,56,2,3,0,4,0,10,0,3,0,3,0,7,0,44,0,0,0,0,0,0,0,2,0,0,0,3,0,84,5,2,1,32,0,22,3,0,2,3,0,5,0,10,0,13,0,6,0,4,0,0,0,0,0,0,0,5,0,0,0,1,0,1,0,7,0,0,0,0,0,6,0,8,0,16,0,1,1,0,0,0,0,13,0,5,0,0,0,0,0,10,0,0,0,0,0,0,0,0,0,0,0,0,0,0,0,1,0,4,0,2,0,5,0,3,0,0,0,0,0,0,0,6,0,0,0,2,0,0,0,0,0,0,0,0,0,0,0,4,0,0,0,4,0,0,0,7,0,0,0,6,0,6,0,7,0,38,0,4,0,6,0,0,0,4,3,4,0,8,0,3,0,0,0,59,0,18,0,0,0,11,0,4,0,6,0,0,0,10,0,17,0,20,0,0,0,0,0,1,0,2,0,5,0,18,0,109,12,36,0,135,59,51,0,30,0,94,0,0,0,1,0,5,3,2,0,10,0,5,0,6,0,13,0,0,0,0
0,5,0,0,0,0,0,0,0,5,0,20,1,14,0,0,0,0,2,2,0,0,0,1,1,0,6,16,0,0,0,0,0,0,0,6,0,0,0,0,13,103,1,10,9,79,7,46,2,0,0,0,0,0,0,0,0,4,0,0,0,0,0,2,0,0,0,0,0,3,0,1,0,0,1,0,0,8,0,0,0,5,0,21,0,2,0,11,0,7,0,2,0,4,0,10,0,2,0,11,0,4,0,4,0,0,0,3,0,0,0,0,0,0,0,0,0,0,0,0,0,0,0,3,0,1,0,1,0,0,0,0,0,0,0,0,0,2,0,0,0,0,0,9,0,3,0,0,0,2,0,0,0,0,0,4,0,2,0,0,0,0,0,5,0,14,0,1,0,12,0,0,0,1,0,0,0,32,0,0,0,0,0,0,0,0,2,46,0,0,0,2,0,0,0,2,0,1,0,0,0,0,0,0,0,0,0,0,0,0,0,0,0,2,0,0,0,5,27,22,0,10,12,125,0,6,0,22,0,25,0,3,0,9,0,3,0,0,0,1,0,0,0,2,0,11,0,0,0
6,0,0,0,40,1,0,0,0,0,0,0,180,41,9,1,0,0,225,11,64,1,3,0,0,0,146,38,7,0,9,0,9,0,51,1,65,1,38,0,8,10,17,5,39,3,7,15,3,0,0,2,0,0,0,0,1,0,0,0,3,0,2,0,0,0,0,0,0,0,24,0,0,0,5,0,3,0,0,0,24,0,0,0,22,0,0,0,0,0,0,0,0,0,8,0,15,0,29,0,0,0,0,0,2,0,0,0,0,0,0,0,0,0,0,0,0,0,0,0,12,0,9,0,0,0,0,0,0,0,0,0,0,0,0,0,0,0,5,0,0,0,0,0,10,0,0,0,0,0,0,0,0,0,0,0,0,0,0,0,1,0,10,0,46,0,38,0,47,0,12,0,41,0,0,0,4,1,8,0,0,0,1,0,0,0,40,0,2,0,0,0,0,0,2,0,0,0,0,0,0,0,0,0,0,0,0,0,0,0,0,0,0,0,11,0,0,0,31,5,36,0,12,0,59,0,17,0,44,3,9,0,13,0,13,0,0,2,5,0,0,0,0,0,31,0,0,0,0
0,9,0,0,0,20,0,0,0,0,0,11,19,217,2,6,0,5,21,118,0,37,0,0,0,0,10,141,0,0,0,0,0,15,0,27,1,88,0,1,2,2,0,18,1,36,0,18,0,0,2,0,0,1,0,0,0,5,0,0,0,7,0,0,0,0,0,0,0,0,0,0,0,0,0,0,0,0,0,0,0,14,0,4,0,3,0,6,0,0,0,0,0,0,0,0,0,5,0,0,0,0,0,0,0,0,0,0,0,0,0,0,0,0,0,0,0,0,0,0,0,12,0,0,0,0,0,0,0,0,0,0,0,2,0,4,0,17,0,25,0,37,0,79,0,31,0,0,0,0,0,0,0,0,0,6,0,4,0,0,0,0,0,4,0,2,0,6,0,20,0,1,0,10,0,0,1,22,0,0,0,2,0,0,0,0,2,37,0,0,0,0,0,0,0,0,0,1,0,0,0,0,0,0,0,0,0,0,0,0,0,0,0,0,0,2,0,0,0,10,0,13,0,11,0,16,0,1,0,29,0,1,0,0,0,3,0,2,0,0,0,0,0,0,0,0,0,0,0
22,0,0,0,0,0,40,0,260,55,0,0,0,0,0,0,145,0,0,0,19,0,8,0,116,2,8,0,33,0,0,0,0,0,0,0,3,0,6,0,0,0,1,0,3,0,0,0,5,0,0,0,0,4,151,50,35,26,5,10,41,0,86,8,2,0,10,30,0,0,4,1,0,0,15,0,0,0,0,0,15,0,0,0,46,0,0,1,0,0,0,0,0,0,0,0,21,0,0,0,0,0,0,0,0,0,0,0,0,0,0,0,0,0,0,0,0,0,0,0,0,0,33,0,2,0,0,0,18,0,21,0,10,0,0,0,105,0,170,0,99,0,54,0,28,0,0,0,9,0,1,0,0,0,367,2,79,0,143,0,6,0,10,0,0,0,0,0,16,0,75,0,5,0,1,0,15,0,0,0,0,0,7,0,83,2,0,0,0,0,0,0,0,0,0,0,0,0,0,0,0,0,0,0,0,0,0,0,0,0,0,0,0,0,57,3,0,0,6,0,63,0,22,0,44,0,86,0,156,0,0,1,27,0,0,0,0,0,8,0,0,0,0,0,27,0,0,0,0
3,16,4,0,0,4,0,23,20,176,0,0,0,0,0,3,0,37,0,9,0,13,0,10,10,12,0,22,0,7,0,4,0,2,0,0,0,2,0,2,0,0,0,0,0,2,0,0,0,0,0,1,4,0,31,60,1,59,1,17,0,10,0,38,0,0,0,17,0,0,0,0,0,0,0,0,0,0,0,0,0,0,0,0,0,2,0,0,0,0,0,0,0,0,0,0,1,0,0,0,0,2,0,0,0,0,0,0,0,0,0,0,0,0,0,0,0,0,0,0,0,0,0,0,0,0,0,0,0,24,0,5,0,5,0,8,0,22,0,75,0,10,0,3,0,13,0,0,0,0,0,0,0,0,0,81,0,19,0,15,0,9,0,0,0,0,0,0,0,0,0,9,0,4,0,0,2,71,0,0,0,0,0,5,0,14,0,0,0,0,0,0,0,0,0,0,0,0,0,0,0,0,0,0,0,0,0,1,0,0,0,0,0,0,0,19,0,0,0,0,0,42,2,15,0,4,0,1,2,28,0,0,0,11,0,3,0,0,1,0,0,0,0,0,0,0,0,0,0
13,6,67,0,8,0,81,26,159,279,4,0,0,0,17,0,22,0,0,0,9,0,20,0,181,4,0,0,12,0,0,0,0,0,0,0,0,0,0,0,0,0,0,0,0,0,0,0,10,0,0,0,151,31,0,179,43,56,6,13,13,0,45,16,26,0,55,44,0,0,0,0,0,0,0,0,0,0,0,0,0,0,0,0,4,0,0,0,0,0,0,0,0,0,0,0,6,0,0,0,0,0,0,0,0,0,3,0,0,0,0,0,0,0,0,0,0,0,0,0,0,0,0,0,17,0,1,0,19,0,60,0,17,0,0,0,48,0,15,0,3,0,0,1,0,0,1,0,34,0,0,0,3,0,65,11,40,0,16,0,29,0,9,0,2,0,4,0,18,0,63,0,5,0,0,0,10,15,0,0,2,0,2,0,28,15,0,0,0,0,0,0,0,0,0,0,0,0,0,0,7,0,0,0,0,0,0,0,0,0,0,0,13,0,261,8,2,0,21,0,177,0,54,0,67,0,77,5,257,0,20,0,220,24,33,10,0,0,65,0,19,1,7,0,301,0,0,0,0
30,23,6,21,0,34,51,175,245,516,0,0,0,14,2,49,6,59,0,46,0,20,0,30,174,57,0,41,0,38,0,13,0,8,0,0,0,8,0,12,0,0,0,8,0,0,0,0,0,0,0,0,50,60,179,0,9,53,9,38,0,26,26,197,0,0,22,8,0,0,0,0,0,0,0,0,0,0,0,0,0,0,0,0,0,3,0,0,0,0,0,3,0,0,0,0,0,7,0,0,0,0,0,0,0,0,0,5,0,0,0,0,0,0,0,0,0,0,0,0,0,0,0,0,0,13,0,11,0,52,0,26,0,22,0,56,0,70,0,12,0,5,0,5,0,6,2,4,0,3,0,0,0,0,1,43,0,28,0,4,0,20,0,0,0,9,0,5,0,17,0,32,0,10,0,0,1,27,0,0,0,0,0,2,4,6,0,0,0,0,0,0,0,0,0,0,0,0,0,0,0,0,0,0,0,0,0,0,0,17,0,41,0,37,0,196,0,0,0,22,0,205,0,94,0,52,0,36,0,194,0,6,6,264,1,35,0,6,0,13,0,1,0,0,0,93,0,0,0
0,2,12,3,10,0,11,0,6,11,3,0,4,0,0,1,2,0,8,0,0,0,0,0,49,0,0,0,0,0,0,0,0,0,0,1,0,0,0,0,0,0,1,0,1,0,0,0,13,0,1,0,35,1,43,9,0,6,28,17,4,0,4,1,15,13,33,80,0,0,0,0,1,0,0,0,3,0,1,0,0,0,0,0,3,0,0,0,0,0,0,0,0,0,0,0,0,0,0,0,0,0,0,0,0,0,1,0,0,0,0,0,0,0,0,0,0,0,0,0,0,0,0,0,10,0,2,0,15,0,37,0,26,0,3,0,22,0,3,0,1,0,13,0,25,2,0,0,6,1,0,0,0,0,57,28,16,0,57,13,76,10,21,0,5,0,0,0,31,0,38,0,4,0,9,12,4,0,0,0,16,5,0,0,1,25,0,0,0,0,0,0,0,0,0,0,0,0,0,0,0,0,0,0,0,0,0,0,0,0,0,0,24,0,296,0,0,0,31,0,249,4,125,0,85,0,86,2,353,0,6,0,374,4,368,0,13,0,91,0,10,0,11,0,381,0,0,0,0
0,3,0,3,0,0,4,19,94,130,0,0,0,0,0,8,0,7,0,0,0,0,0,0,0,22,0,0,0,1,0,1,0,0,0,2,0,0,0,0,0,0,0,6,0,7,0,0,0,4,0,5,26,59,56,53,6,0,16,153,0,0,0,11,0,0,22,8,0,6,0,0,0,0,0,0,0,0,0,1,0,0,0,0,0,0,1,0,0,0,0,0,0,0,0,0,0,8,0,0,0,0,0,0,0,0,0,0,0,0,0,0,0,1,0,0,0,0,0,0,0,0,0,0,0,6,1,10,0,49,0,22,0,31,0,44,0,61,0,13,0,0,0,6,0,2,0,0,0,1,0,3,0,0,3,148,0,7,2,26,2,23,0,9,0,0,0,3,0,23,0,34,0,1,0,0,2,0,0,0,0,0,0,0,2,16,0,1,0,0,0,0,0,0,0,0,0,0,0,0,0,6,0,0,0,0,0,0,0,0,0,21,0,16,3,137,0,3,1,0,0,182,1,68,0,28,0,28,0,285,0,2,0,90,0,56,0,0,0,3,2,0,0,2,4,23,0,0,0
0,1,0,0,2,4,0,0,12,18,0,3,0,1,0,0,0,0,0,1,0,0,0,0,2,0,0,0,0,0,0,0,0,0,0,0,0,0,0,0,0,0,0,0,0,0,0,0,6,0,0,0,5,1,6,9,28,16,0,22,3,0,0,0,135,10,201,108,0,0,0,0,0,0,0,0,0,0,0,0,0,0,0,0,0,0,0,0,0,0,0,0,0,0,0,0,0,0,0,0,0,0,0,0,0,0,0,0,0,0,0,0,0,0,0,0,0,0,0,0,0,0,0,0,3,0,0,0,0,0,17,0,0,0,0,0,0,0,0,4,0,0,0,0,14,0,0,0,16,0,0,0,0,0,26,13,33,0,7,15,16,6,3,0,0,0,1,0,7,0,0,0,1,0,3,10,14,0,0,0,25,9,0,0,31,29,0,0,0,0,0,0,0,0,0,0,0,0,0,0,0,0,0,0,0,0,0,0,0,0,0,0,11,0,169,0,0,0,11,4,116,6,48,0,24,0,76,1,83,2,10,0,261,5,258,7,11,0,114,0,13,0,13,0,366,3,0,0,0
0,0,0,0,0,15,3,16,17,67,0,8,0,6,0,4,0,0,0,2,0,0,0,0,0,0,0,1,0,2,1,0,0,0,0,0,0,0,0,0,0,0,0,0,0,0,0,0,0,0,0,0,10,17,13,38,17,153,22,0,0,0,0,4,0,18,40,33,0,0,0,0,0,0,0,0,0,0,0,0,0,0,0,0,0,0,0,0,0,0,0,0,0,0,0,0,1,0,0,0,0,0,0,0,0,0,0,0,0,0,0,0,0,0,0,0,0,0,0,0,0,0,0,0,0,9,0,1,0,3,0,7,0,4,0,4,0,1,0,2,0,0,0,0,0,5,0,0,0,0,0,0,0,0,3,105,0,19,6,14,4,21,0,5,0,2,0,2,0,12,0,15,0,4,0,4,0,0,0,0,2,0,0,0,2,39,0,0,0,0,0,0,0,0,0,0,0,0,0,0,0,0,0,0,0,0,0,0,0,2,0,14,0,16,0,299,0,0,0,15,1,367,0,73,0,36,4,34,0,281,0,6,0,326,0,383,0,6,3,9,0,0,0,0,0,71,0,0,0
297,9,143,0,33,0,108,0,131,0,12,0,3,0,0,0,59,0,5,0,0,0,14,0,58,10,4,0,4,0,9,0,9,0,0,0,63,0,7,0,0,0,0,0,8,0,0,0,4,0,3,0,41,0,13,0,4,0,3,0,0,4,40,2,0,0,0,0,0,0,0,0,0,0,14,0,0,0,0,0,0,0,0,0,0,0,0,0,0,0,0,0,0,0,0,0,0,0,0,0,0,0,0,0,0,0,0,0,0,0,0,0,0,0,0,0,0,0,0,0,8,0,20,0,0,0,0,0,0,0,0,0,0,0,0,0,0,0,146,0,70,0,20,0,150,0,0,0,0,0,0,0,0,0,61,0,66,0,54,0,0,0,0,0,0,0,1,0,9,0,59,0,28,0,0,0,66,6,0,0,0,0,55,1,0,0,0,0,0,0,0,0,1,0,0,0,0,0,0,0,0,0,0,0,0,0,0,0,0,0,0,0,0,0,46,0,0,0,10,0,73,0,18,1,28,0,18,0,77,0,3,0,69,4,5,1,3,0,3,0,0,0,0,0,30,0,0,0,0
26,465,37,77,0,13,0,213,0,133,1,34,0,0,0,15,18,74,0,9,0,17,19,15,39,34,0,13,0,13,0,6,0,8,0,10,0,108,0,11,0,0,0,12,0,0,0,0,0,0,0,7,0,10,0,26,0,0,0,0,4,0,9,60,0,0,0,0,0,0,0,4,0,1,0,0,0,0,0,0,0,1,0,0,0,0,0,0,0,0,0,0,0,0,0,0,0,0,0,0,0,0,0,0,0,0,0,0,0,0,0,0,0,0,0,0,0,0,0,0,0,0,0,4,0,0,0,0,0,0,0,0,0,0,0,0,0,20,0,131,0,109,0,50,0,173,0,0,0,5,0,0,0,0,0,10,0,62,0,10,0,0,0,3,0,4,0,9,0,15,0,52,3,31,0,0,6,160,0,7,0,0,0,72,0,10,0,0,0,0,0,0,0,0,0,0,0,0,0,0,0,0,0,0,0,0,0,0,0,3,0,13,0,0,0,36,0,0,0,0,0,49,0,32,0,20,0,48,0,104,0,0,0,24,0,0,0,1,0,0,0,0,0,3,0,0,0,0,0
359,28,399,0,17,0,164,39,217,20,0,0,0,0,0,0,670,4,18,0,57,0,68,0,192,35,36,0,60,0,22,0,11,0,15,0,18,0,34,0,0,0,8,0,19,0,0,0,0,0,2,0,86,0,45,26,4,0,0,0,40,9,0,5,0,0,0,0,0,0,6,0,0,0,7,0,0,0,0,0,17,0,0,0,31,0,6,0,0,0,6,0,0,0,0,0,23,0,16,0,0,1,0,0,0,0,0,0,0,0,0,0,0,0,0,0,0,0,0,0,0,0,32,0,0,0,0,0,3,0,0,0,0,0,0,0,41,2,107,0,53,0,44,2,43,0,0,0,0,0,0,0,0,0,117,0,61,0,45,0,0,0,0,0,0,0,1,0,0,0,16,0,16,0,4,0,60,6,0,0,0,0,76,9,2,0,0,0,0,0,0,0,0,0,0,0,0,0,0,0,12,0,0,0,0,0,0,0,0,0,2,0,0,0,24,0,0,0,11,0,37,4,15,0,13,0,41,1,31,11,6,2,41,9,0,4,0,0,1,0,0,0,0,2,15,0,0,0,0
14,158,0,15,0,11,7,281,6,315,0,6,0,0,0,17,0,245,0,70,0,109,4,53,50,125,0,76,0,55,0,44,0,28,0,22,0,63,0,35,0,0,0,8,0,0,0,0,0,2,0,0,8,38,16,197,1,11,0,4,2,60,5,0,0,0,0,0,0,0,0,0,0,0,0,0,0,0,0,0,0,0,0,0,0,3,0,0,0,0,0,0,0,0,0,0,0,0,0,0,0,0,0,0,0,0,0,0,0,0,0,0,0,0,0,0,0,0,0,0,0,0,0,0,0,0,0,0,0,11,0,0,0,0,0,0,0,0,0,151,0,24,1,12,0,53,0,0,0,0,0,0,0,0,0,38,0,67,0,19,0,3,0,0,0,0,0,0,0,0,0,5,2,5,1,0,0,136,0,0,0,0,0,65,0,8,0,0,0,0,0,0,0,0,0,0,0,0,0,0,0,0,0,0,0,0,0,0,0,2,0,7,0,6,0,29,0,0,0,6,0,0,0,13,0,5,1,4,0,25,0,0,0,14,0,0,0,0,0,0,0,0,1,0,0,1,0,0,0
7,0,6,0,20,0,6,0,49,0,6,0,8,0,12,0,0,0,10,0,0,0,0,0,1,0,5,0,0,0,0,0,0,0,0,0,0,0,0,0,0,0,1,0,0,0,1,0,0,0,0,0,2,0,26,0,15,0,135,0,0,0,0,0,0,0,185,6,0,0,15,0,0,1,5,0,0,0,0,0,2,0,0,0,0,0,0,0,0,0,0,0,0,0,0,3,0,0,0,0,0,0,0,0,0,0,0,0,0,0,0,0,0,0,0,0,0,0,0,0,0,0,0,0,1,0,5,0,0,0,6,1,0,0,3,2,0,1,23,0,0,0,2,1,22,0,18,0,32,0,5,0,2,1,8,7,4,0,4,5,89,9,9,0,0,0,1,0,0,0,0,0,0,0,44,23,2,0,0,0,43,2,3,0,21,1,0,0,0,0,0,0,0,0,0,0,0,0,0,0,0,0,0,0,0,0,0,0,2,0,0,0,0,0,11,2,0,0,1,0,5,5,0,0,0,0,0,0,0,0,0,0,0,0,49,12,0,0,44,0,0,0,5,0,23,0,0,0,0
0,40,0,6,0,24,0,2,0,127,0,12,0,7,0,7,0,0,0,20,0,0,0,1,0,0,0,17,0,0,0,0,0,2,0,0,0,0,0,3,0,0,0,0,0,0,0,0,0,0,0,0,0,0,0,0,13,0,10,18,0,0,0,0,0,0,9,134,0,0,0,0,1,0,1,4,0,0,0,0,0,0,0,0,0,0,0,0,0,0,0,0,0,0,0,0,0,0,0,0,0,0,0,0,0,0,0,0,0,0,0,0,0,0,0,0,0,0,0,0,2,0,0,4,0,27,0,10,0,1,11,70,0,1,1,0,0,5,5,29,0,0,0,2,6,61,0,42,0,104,1,24,0,16,9,3,0,0,39,3,9,148,0,4,0,0,0,0,0,0,0,0,0,0,8,93,0,7,0,0,1,51,0,0,0,64,0,0,0,0,0,0,0,0,0,0,0,0,0,0,0,0,0,0,0,0,0,0,0,21,0,0,0,0,0,0,0,0,0,0,0,34,0,0,0,11,3,30,1,55,0,0,0,28,7,179,1,0,7,4,0,0,0,0,1,20,0,0,0
5,0,9,0,6,0,5,0,93,14,6,0,1,1,0,0,0,0,2,0,0,0,0,0,0,0,4,0,0,0,0,0,0,0,0,0,0,0,0,0,0,0,0,0,0,0,0,0,0,0,0,0,10,0,55,22,33,22,201,40,0,0,0,0,185,9,0,100,0,0,0,0,0,0,0,0,0,0,0,0,0,0,0,0,0,0,0,0,0,0,0,0,0,0,0,0,0,0,0,0,1,0,0,0,0,0,0,0,0,0,0,0,0,0,0,0,0,0,0,0,0,0,0,0,1,0,0,0,0,0,12,0,1,0,0,0,0,0,1,0,0,0,0,0,10,0,0,0,31,0,0,0,0,0,14,19,21,0,0,11,5,9,3,0,0,0,2,0,0,0,0,0,0,0,7,4,40,1,0,0,29,4,2,0,56,23,0,0,0,0,0,0,0,0,0,0,0,0,0,0,0,0,0,0,0,0,0,0,0,0,0,0,0,0,39,4,0,0,0,0,22,0,0,0,3,1,39,0,11,0,4,0,54,6,109,8,5,0,49,0,3,0,7,0,131,0,0,0,0
0,12,0,0,0,4,1,6,52,87,0,0,0,4,0,2,0,2,0,0,1,0,0,0,1,0,0,0,0,0,0,0,0,0,0,0,0,0,0,0,0,0,0,0,0,0,0,0,0,0,0,0,30,17,44,8,80,8,108,33,0,0,0,0,6,134,100,0,0,0,0,1,0,0,0,0,0,0,0,0,0,0,0,0,0,0,0,0,0,0,0,0,0,0,0,0,0,0,0,0,0,0,0,0,0,0,0,0,0,0,0,0,0,0,0,0,0,0,0,0,0,0,0,0,0,11,0,4,0,1,0,11,0,0,0,1,0,0,0,0,0,0,0,0,0,25,0,5,0,15,0,0,0,0,16,82,0,59,8,22,3,64,0,10,0,0,0,1,0,15,0,3,0,0,0,35,1,53,0,0,0,58,0,0,3,368,0,0,0,0,0,0,0,0,0,0,0,0,0,0,0,0,0,0,0,0,0,0,0,5,0,0,0,0,4,219,0,0,0,21,0,201,2,36,1,25,5,103,0,159,0,6,0,496,2,744,0,3,0,23,0,2,0,0,7,160,0,0,0
0,0,0,0,0,0,0,0,0,0,0,0,0,0,0,0,0,0,0,0,0,0,0,0,0,0,0,0,0,0,0,0,0,0,0,0,0,0,0,0,0,0,0,0,1,0,0,0,5,0,0,0,0,0,0,0,0,0,0,0,0,0,0,0,0,0,0,0,0,0,0,0,1,0,0,0,118,0,14,0,0,0,10,0,0,0,11,0,0,0,0,0,45,0,6,0,0,0,7,0,0,0,162,0,0,0,11,0,11,0,0,0,13,0,0,0,0,0,0,0,0,0,0,0,0,0,0,0,0,0,0,0,0,0,0,0,0,0,0,0,0,0,0,0,0,0,0,0,0,0,0,0,0,0,0,0,0,0,0,0,0,0,0,0,21,0,0,0,51,0,1,0,0,0,0,0,0,0,0,0,0,0,0,0,0,0,0,0,0,0,0,0,0,0,4,0,0,0,0,0,7,0,6,0,0,0,0,0,0,0,0,0,245,0,120,0,71,0,0,0,2,0,118,0,16,0,0,0,42,0,0,0,2,0,0,0,0,0,13,0,0,0,0,0,6,0,0,0,0
0,0,0,0,0,0,0,2,0,0,0,0,0,0,0,0,0,0,0,0,0,0,0,0,0,0,0,0,0,0,0,0,0,0,0,0,0,0,0,0,0,0,0,0,0,0,0,0,0,3,0,0,0,0,0,0,0,6,0,0,0,0,0,0,0,0,0,0,0,0,0,1,0,0,0,0,0,60,0,11,0,9,0,34,0,0,0,31,0,19,0,0,0,20,0,22,0,0,0,13,0,9,0,75,0,8,0,0,0,11,0,4,0,7,0,0,0,7,0,0,0,0,0,0,0,0,1,0,0,0,0,0,2,0,0,0,0,0,0,0,0,0,0,0,0,0,0,0,0,0,0,3,0,0,0,0,0,0,0,0,0,0,0,1,0,6,0,0,0,104,0,11,0,3,0,0,0,0,0,0,1,0,0,0,0,0,0,0,0,13,0,0,0,0,0,10,0,0,0,0,0,5,0,0,0,0,0,0,0,0,0,3,0,173,0,34,0,92,0,0,0,8,0,121,0,0,0,0,0,171,0,0,0,0,0,11,0,0,0,10,0,0,0,0,0,4,0,0,0
0,0,36,0,34,0,0,0,0,0,0,0,0,0,0,0,26,0,0,0,23,0,0,0,0,1,0,0,29,0,6,0,6,0,0,0,27,0,5,0,0,0,13,0,14,0,0,0,0,0,24,0,4,0,0,0,0,0,0,0,0,0,6,0,15,0,0,0,0,0,0,0,330,0,266,0,36,2,297,0,14,0,0,0,13,1,67,0,0,0,1,0,0,0,0,0,1,3,2,2,0,0,0,0,0,0,0,0,0,0,0,0,0,0,0,0,0,0,0,0,63,0,34,2,20,0,0,2,42,0,7,3,51,0,0,0,43,29,6,10,34,0,69,13,138,0,0,9,8,4,41,11,41,0,0,1,21,0,0,3,16,8,37,3,0,0,26,0,63,0,27,1,37,0,41,16,0,0,0,0,59,22,5,0,2,0,0,0,0,0,0,0,0,0,0,0,0,0,0,0,0,0,6,0,0,0,0,0,24,0,0,0,0,0,3,0,0,0,0,0,0,0,0,0,0,0,21,0,34,0,0,0,0,3,0,14,0,1,67,0,16,1,0,0,8,4,0,0,0
0,2,0,0,0,4,0,0,0,0,0,0,0,0,0,0,0,0,0,0,0,0,0,0,0,0,0,0,0,0,0,2,0,0,0,0,0,0,0,0,0,0,0,2,0,0,0,0,0,1,0,0,1,0,0,0,0,0,0,0,0,4,0,0,0,0,0,1,0,1,0,0,0,237,0,117,0,0,0,54,0,0,0,1,0,6,0,27,0,0,0,0,0,0,0,0,0,0,3,0,1,0,0,0,0,0,0,0,0,0,0,0,0,0,0,0,0,0,0,0,0,11,0,32,0,9,0,27,0,0,6,0,0,9,2,7,0,5,0,0,3,36,0,21,2,103,0,25,3,5,0,13,0,6,0,0,0,7,0,0,0,0,0,20,0,0,0,0,0,13,0,3,0,1,0,19,0,0,0,0,0,0,0,0,0,0,0,0,0,0,0,1,0,0,0,0,0,0,0,0,0,0,0,1,0,0,0,13,0,3,0,0,0,0,4,0,0,0,0,0,0,2,7,0,0,0,0,5,0,28,0,0,0,0,0,0,0,0,3,0,0,0,0,0,1,4,0,0,0
