0,126,13,114,56,0,13,46,33,0,84,18,37,0,17,76,169,45,10,0,32,0,66,204,29,135,23,0,48,0,9,0,231,0,0,0,73,0,269,0,16,0,0,0,6,0,9,0,10,0,0,0,1,0,1,0,0,0,0,0,12,0,11,0,95,0,22,0,0,0,0,0,0,0,4,0,0,0,0,0,0,0,0,0,0,0,0,0,0,0,0,0,0,0,0,0,0,0,0,0,0,0,0,0,0,0,0,0,0,0,0,0,0,0,0,0,0,0,0,0,3,0,0,0,16,0,41,0,0,0,20,0,0,0,5,0,0,0,0,0,0,0,0,0,0,0,44,0,27,0,38,0,16,0,0,0,0,0,0,0,0,0,0,0,8,0,16,0,21,0,40,0,262,0,0,0,476,53,9,0,16,0,22,0,76,0,0,0,0,0,0,0,0,0,0,0,0,0,0,0,0,0,0,0,0,0,0,0,19,0,635,110,391,87,328,0,3,0,0,0,0,0,0,0,0
126,0,129,75,0,141,109,21,78,82,0,164,0,59,0,31,112,78,0,10,0,30,233,135,287,22,0,48,0,182,0,31,4,170,0,0,0,158,0,235,0,8,0,3,0,0,0,0,0,1,0,0,0,2,0,2,0,2,0,9,1,32,0,16,0,81,0,16,0,0,0,0,0,0,0,0,0,0,0,0,0,0,0,0,0,0,0,0,0,0,0,6,0,0,0,0,0,0,0,0,0,0,0,0,0,0,0,0,0,0,0,0,0,0,0,0,0,0,0,0,0,0,0,0,0,10,0,11,0,5,0,25,0,0,0,37,0,40,0,8,0,0,0,0,0,2,0,11,0,14,0,45,0,12,0,8,0,0,0,5,0,6,0,0,0,5,0,0,0,22,0,52,8,156,0,0,105,417,0,8,0,0,9,4,0,144,0,0,0,0,0,0,0,0,0,0,0,0,0,8,0,0,0,0,0,0,0,21,0,23,0,0,0,0,465,0,0,0,839,107,411,108,0,6,0
13,129,0,112,211,0,41,23,30,0,100,61,115,0,209,207,305,42,59,0,73,0,308,176,155,61,50,0,166,0,0,0,216,0,0,0,53,0,375,0,17,0,0,0,0,0,14,0,12,0,3,0,2,0,61,0,0,0,2,0,11,0,16,1,14,0,0,0,0,0,0,0,0,0,0,0,0,0,2,0,0,0,0,0,0,0,0,0,0,0,0,0,0,0,0,0,0,0,0,0,0,0,0,0,0,0,0,0,0,0,0,0,0,0,0,0,0,0,0,0,0,0,0,0,32,1,79,0,0,0,36,0,12,0,86,0,90,0,0,0,0,0,72,0,0,0,80,0,35,0,38,0,0,0,0,0,0,0,0,0,0,0,0,0,9,0,52,0,40,0,50,0,366,0,0,0,224,41,0,1,0,1,22,10,77,0,0,0,0,0,0,0,0,0,0,0,0,0,0,1,0,0,0,0,0,0,0,0,32,0,454,56,366,74,372,0,0,0,0,0,0,0,0,0,0
114,75,112,0,0,216,0,13,0,6,0,36,0,37,9,295,51,11,0,219,0,83,199,322,50,37,0,37,0,57,0,77,2,204,0,34,0,83,0,61,0,0,0,0,0,0,0,0,0,0,0,0,0,0,0,18,0,3,0,3,0,0,0,0,0,4,0,1,0,0,0,0,0,0,0,0,0,0,0,0,0,0,0,0,0,0,0,0,0,0,0,0,0,0,0,0,0,2,0,0,0,0,0,0,0,0,0,0,0,0,0,0,0,0,0,0,0,0,0,0,0,0,0,0,0,0,0,14,0,5,0,0,0,7,0,21,0,36,0,0,0,2,0,0,0,0,0,0,0,0,0,0,0,0,0,1,0,0,0,1,0,2,0,0,0,1,0,72,0,21,0,12,0,83,0,0,46,103,0,3,0,0,0,3,0,1,0,0,0,0,0,1,0,0,0,0,0,0,0,10,0,0,0,0,0,0,0,0,0,12,0,0,0,0,172,0,0,0,195,25,219,31,0,0,0
56,0,211,0,0,425,28,0,115,0,212,121,261,106,180,341,54,0,82,345,188,64,112,17,0,0,154,0,0,0,245,0,274,0,246,0,214,26,8,0,66,0,0,0,0,2,46,0,0,0,57,0,0,0,0,0,0,0,2,0,1,0,0,0,22,0,0,0,2,0,0,0,0,0,0,0,0,0,0,0,0,0,0,0,0,0,0,0,0,0,0,0,0,0,0,0,0,0,0,0,0,0,0,0,0,0,0,0,0,0,0,0,0,0,0,0,0,0,0,0,0,0,0,0,12,0,0,0,0,0,0,0,0,0,24,0,11,0,0,0,0,0,0,0,0,0,62,0,31,0,37,0,42,0,0,0,0,0,0,0,0,0,0,0,34,0,240,0,100,7,23,0,223,0,0,0,406,149,79,0,0,0,141,0,114,0,0,9,0,0,0,0,0,0,0,0,0,0,0,0,0,0,0,0,0,0,0,0,15,0,477,317,553,50,257,0,0,0,0,0,0,0,0,0,0
0,141,0,216,425,0,0,50,0,22,136,229,102,257,550,222,0,0,218,179,86,350,139,123,0,19,32,103,0,0,0,110,14,103,21,291,11,236,0,0,0,21,0,0,0,13,0,59,0,0,0,35,0,2,0,10,0,0,0,0,0,0,0,0,0,45,0,0,0,0,0,0,0,0,0,0,0,0,0,0,0,0,0,0,0,0,0,0,0,0,0,0,0,0,0,0,0,0,0,0,0,0,0,2,0,0,0,0,0,0,0,0,0,0,0,0,0,0,0,0,0,0,0,0,0,0,0,24,0,9,0,16,0,0,0,58,0,70,0,6,0,0,0,0,0,4,0,25,0,47,0,112,0,75,0,0,0,2,0,0,1,0,0,0,0,25,0,232,0,107,0,10,0,89,0,0,106,522,44,21,0,48,0,52,0,152,0,9,0,13,0,2,0,0,0,0,0,0,0,0,0,0,0,0,0,0,0,0,0,45,0,0,0,0,249,0,0,0,432,183,540,74,0,3,0
13,109,41,0,28,0,0,0,52,150,10,0,26,0,29,0,41,43,0,0,0,0,29,0,437,193,19,0,39,0,0,0,0,0,0,0,0,0,287,0,4,0,0,0,0,0,0,0,31,0,0,0,116,14,282,0,3,0,21,0,387,0,432,55,27,0,30,0,0,0,0,0,0,0,0,0,0,0,0,0,0,0,0,0,0,0,0,0,0,0,0,0,0,0,0,0,0,0,10,0,0,0,0,0,2,0,0,0,0,0,0,0,0,0,0,0,0,0,0,0,0,0,0,0,69,0,165,0,0,0,102,0,14,0,46,0,27,0,0,0,6,0,0,0,0,0,52,0,25,0,33,0,0,0,14,0,5,0,0,0,8,0,0,0,11,0,0,0,13,0,251,0,349,0,0,0,143,36,0,0,0,0,0,0,4,0,0,0,0,0,0,0,0,0,0,0,0,0,0,0,0,0,0,0,0,0,0,0,65,0,823,100,625,333,834,0,24,1,0,2,0,0,0,0,0
46,21,23,13,0,50,0,0,152,42,0,27,0,19,0,53,44,28,0,39,0,14,0,25,213,140,0,8,0,242,0,17,0,120,0,0,0,68,0,407,0,4,0,0,0,0,0,0,0,2,0,0,19,13,0,107,0,13,0,17,0,228,57,122,0,0,0,2,0,0,0,0,0,0,0,0,0,0,0,0,0,0,0,0,0,0,0,0,0,0,0,0,0,0,0,0,0,0,0,0,0,0,0,0,0,0,0,0,0,0,0,0,0,0,0,0,0,0,0,0,0,0,0,0,0,23,0,28,0,12,0,11,0,16,0,28,0,43,0,0,0,0,0,0,0,0,0,8,0,0,0,0,0,0,0,0,0,0,0,0,0,4,0,0,0,4,0,10,0,23,0,155,0,197,0,0,62,70,0,0,0,0,0,0,0,0,0,0,0,0,0,0,0,0,0,0,0,1,0,8,0,11,0,0,0,0,0,14,0,39,0,6,0,0,589,0,0,0,777,58,516,175,0,33,0
33,78,30,0,115,0,52,152,0,341,71,0,15,0,14,0,46,35,0,0,0,0,6,0,18,291,20,0,1,0,0,0,0,0,0,0,0,0,59,0,0,0,0,0,0,0,0,0,11,0,0,0,78,73,74,172,17,0,19,0,133,0,239,93,91,0,104,69,1,0,0,0,0,0,0,0,0,0,0,0,0,0,0,0,0,0,0,0,1,0,0,0,0,0,0,0,0,0,0,0,1,0,0,0,0,0,0,0,0,0,0,0,0,0,0,0,0,0,0,0,0,0,0,0,20,0,0,0,0,0,32,0,0,0,8,0,0,0,0,0,0,0,0,0,0,0,28,0,67,0,40,0,9,0,0,0,0,0,0,0,1,0,1,0,7,0,0,0,8,0,158,0,135,0,0,0,658,25,0,0,0,0,3,0,94,26,0,0,0,0,0,0,0,0,0,0,0,0,1,0,0,0,0,0,0,0,0,0,15,0,595,219,253,160,503,0,16,0,0,0,0,0,0,0,0
0,82,0,6,0,22,150,42,341,0,0,39,0,3,0,0,32,6,0,4,0,0,0,0,148,46,0,12,0,0,0,0,0,2,0,0,0,0,0,0,0,0,0,0,0,7,0,6,0,0,0,0,134,61,135,67,0,28,33,44,0,145,120,138,0,116,43,75,0,0,0,0,0,0,0,0,0,1,0,0,0,0,0,0,0,0,0,0,0,0,0,0,0,0,0,0,0,0,0,0,0,0,0,0,0,0,0,0,0,0,0,0,0,0,0,0,0,0,0,0,0,0,0,0,0,79,0,103,0,30,0,68,0,0,0,12,0,20,0,0,0,0,0,0,0,0,0,24,0,17,0,26,0,5,0,4,0,25,0,0,0,0,0,1,0,0,0,0,0,13,0,129,0,43,0,1,101,224,0,6,0,0,0,13,0,130,0,0,0,0,0,0,0,2,0,0,0,0,0,1,1,8,0,0,0,0,0,27,0,66,3,0,0,0,352,0,0,0,500,99,258,105,0,32,1
84,0,100,0,212,136,10,0,71,0,0,44,137,0,39,229,14,0,7,40,125,0,22,9,0,1,37,0,0,0,156,4,303,0,92,0,259,0,0,0,22,0,0,0,0,0,16,0,3,0,0,0,0,0,0,0,0,0,0,0,0,0,0,0,5,0,0,0,0,0,0,0,0,0,0,0,0,0,0,0,0,0,0,0,0,0,0,0,0,0,0,0,0,0,0,0,0,0,0,0,0,0,0,0,0,0,0,0,0,0,0,0,0,0,0,0,0,0,0,0,0,0,0,0,4,0,0,0,0,0,0,0,0,0,0,0,0,0,0,0,0,0,0,0,0,0,18,0,0,0,25,0,20,0,0,0,0,0,0,0,0,0,0,0,0,0,57,0,30,0,0,0,52,0,0,0,270,34,71,0,36,0,61,0,45,0,3,0,0,0,0,0,0,0,0,0,0,0,0,0,0,0,0,0,0,0,0,0,3,0,221,146,198,0,90,2,0,0,0,0,0,0,0,0,0
18,164,61,36,121,229,0,27,0,39,44,0,7,268,224,52,10,0,30,45,26,187,159,97,0,2,0,87,0,9,0,85,0,107,0,132,0,193,0,6,0,49,0,11,0,16,0,66,0,3,0,13,0,0,0,1,0,0,0,0,0,3,0,0,0,37,0,7,0,0,0,0,0,0,0,0,0,0,0,0,0,0,0,0,0,0,0,0,0,0,0,0,0,0,0,0,0,0,0,0,0,0,0,0,0,0,0,0,0,0,0,0,0,0,0,0,0,0,0,0,0,0,0,0,0,0,0,18,0,0,0,11,0,3,0,0,0,0,0,0,0,0,0,0,0,2,0,0,0,27,0,80,0,91,0,0,0,0,0,2,0,0,0,0,0,5,0,74,0,52,0,0,0,69,0,0,56,504,0,23,0,65,4,149,0,192,0,0,0,0,0,0,0,2,0,0,0,0,0,4,0,7,0,0,0,0,0,0,0,19,0,0,0,0,166,0,0,0,320,90,242,26,0,1,0
37,0,115,0,261,102,26,0,15,0,137,7,0,279,29,0,13,0,57,357,27,0,10,0,0,0,177,428,0,0,0,0,0,0,144,10,67,0,0,0,142,41,190,0,36,47,120,100,14,0,263,0,0,0,0,0,0,0,0,0,0,0,0,0,0,0,0,0,0,0,0,0,0,0,0,0,0,0,0,0,0,0,0,0,0,0,0,0,0,0,0,0,0,0,0,0,0,0,0,0,0,0,0,0,0,0,0,0,0,0,0,0,0,0,0,0,0,0,0,0,0,0,0,0,0,0,0,0,0,0,0,0,0,0,0,0,0,0,0,0,0,0,0,0,0,0,0,0,0,0,0,0,0,0,0,0,0,0,0,0,0,0,0,0,93,0,21,0,0,0,0,0,0,0,0,0,355,145,197,0,0,0,27,0,19,0,212,18,5,0,0,0,0,0,0,0,0,0,0,0,0,0,0,0,0,0,0,0,6,0,70,340,177,9,16,0,0,3,0,0,0,0,0,0,0
0,59,0,37,106,257,0,19,0,3,0,268,279,0,36,0,0,0,417,40,46,66,0,0,0,0,407,95,0,0,0,0,0,0,0,159,0,42,0,0,68,230,0,208,45,50,48,175,2,28,21,265,0,0,0,0,0,0,0,0,0,0,0,0,0,13,0,0,0,0,0,0,0,0,0,0,0,13,0,0,0,0,0,0,0,0,0,0,0,0,0,0,0,0,0,0,0,0,0,0,0,1,0,0,0,0,0,0,0,0,0,0,0,0,0,0,0,0,0,0,0,0,0,0,0,7,0,0,0,0,0,0,0,0,0,0,0,0,0,0,0,0,0,0,0,0,0,0,0,0,0,0,0,45,0,0,0,0,0,0,0,0,0,0,0,67,0,0,0,51,0,0,0,0,0,0,43,487,16,4,0,56,0,47,0,0,12,60,0,0,0,0,0,0,0,0,0,0,0,0,0,0,0,0,0,0,0,0,0,4,0,0,0,0,41,0,0,0,63,269,272,0,0,0,1
17,0,209,9,180,550,29,0,14,0,39,224,29,36,0,616,26,0,298,182,380,81,448,18,100,0,149,23,0,0,259,24,109,0,102,0,133,29,0,0,2,0,0,0,9,0,0,0,1,0,9,0,0,0,48,0,0,0,0,0,0,0,0,0,5,0,0,0,0,0,0,0,0,0,0,0,0,0,0,0,0,0,0,0,0,0,0,0,0,0,0,0,0,0,0,0,0,0,0,0,0,0,0,0,0,0,0,0,0,0,0,0,0,0,0,0,0,0,0,0,0,0,0,0,0,0,0,0,0,0,0,0,0,0,0,0,118,0,0,0,0,0,0,0,0,0,0,0,15,0,16,0,0,0,2,0,0,0,0,0,0,0,0,0,5,0,137,0,41,0,0,0,90,0,0,0,102,74,15,0,9,0,12,0,32,0,0,1,0,0,0,0,0,0,0,0,0,0,0,0,0,0,0,0,2,0,0,0,0,0,172,131,146,38,75,0,0,0,0,0,28,0,0,0,0
76,31,207,295,341,222,0,53,0,0,229,52,0,0,616,0,58,38,22,445,117,376,602,271,0,93,0,76,0,10,35,46,30,87,0,122,0,103,0,0,3,0,0,0,0,0,0,0,0,0,0,0,0,16,0,31,0,0,0,0,0,0,0,62,0,2,0,0,0,0,0,0,0,0,0,0,0,0,0,0,0,88,0,0,0,133,0,0,0,0,0,37,0,0,0,64,0,0,0,108,0,83,0,0,0,0,0,0,0,0,0,0,0,0,0,0,0,0,0,0,0,12,0,0,0,0,0,0,0,0,0,0,0,0,0,249,0,259,0,0,0,3,0,71,0,0,0,0,0,0,0,0,0,0,0,23,0,0,0,0,0,0,0,0,0,0,0,104,0,44,0,6,0,35,0,0,116,208,20,83,0,0,0,0,1,13,0,0,0,0,0,0,0,0,0,0,0,0,0,0,0,62,0,0,0,0,0,0,0,26,0,0,0,0,67,0,0,0,149,216,166,0,0,1,0
169,112,305,51,54,0,41,44,46,32,14,10,13,0,26,58,0,50,103,0,369,0,148,136,115,158,154,0,74,10,93,0,195,4,33,0,12,0,162,0,0,0,0,0,32,0,0,0,0,0,17,0,90,2,12,0,7,0,0,0,21,0,442,12,0,0,0,0,0,0,95,0,0,0,140,0,0,0,0,0,89,0,0,0,403,0,72,0,0,0,222,0,0,0,17,0,498,0,479,0,79,0,0,0,0,0,0,0,0,0,0,0,0,0,0,0,0,0,0,0,117,0,109,0,0,0,0,0,0,0,0,0,0,0,0,0,0,0,96,0,162,0,176,1,33,0,0,0,0,0,0,0,0,0,18,0,0,0,19,0,3,0,3,0,0,0,0,0,0,0,9,0,34,0,0,0,27,8,0,0,0,0,37,7,0,0,0,0,0,0,0,0,0,0,0,0,0,0,0,0,23,0,0,0,0,0,0,0,0,0,38,37,58,0,26,0,0,0,0,0,0,0,0,0,0
45,78,42,11,0,0,43,28,35,6,0,0,0,0,0,38,50,0,0,25,1,224,66,179,115,119,0,23,0,183,0,26,0,23,0,9,0,7,0,84,0,0,0,0,0,0,0,0,0,0,0,0,8,77,0,31,0,24,0,3,0,9,15,155,0,0,0,0,0,0,0,1,0,0,0,0,0,0,0,0,0,69,0,0,0,168,0,0,0,6,0,25,0,0,0,29,0,69,0,88,0,58,0,0,0,0,0,0,0,0,0,0,0,0,0,0,0,0,0,0,0,11,0,6,0,0,0,0,0,89,0,28,0,96,0,226,0,356,0,148,0,87,0,145,0,0,0,0,0,0,0,0,0,0,0,44,0,1,0,20,0,0,0,0,0,0,0,0,0,15,0,8,0,36,0,0,10,11,0,0,0,0,0,30,0,0,0,0,0,0,0,0,0,0,0,0,0,0,0,0,0,0,0,0,0,0,0,0,0,0,0,1,0,0,0,0,0,0,12,27,50,8,0,0,0
10,0,59,0,82,218,0,0,0,0,7,30,57,417,298,22,103,0,0,574,126,39,330,0,68,0,141,326,17,0,41,0,0,0,151,56,41,17,0,0,0,29,30,63,4,0,0,0,0,0,282,50,0,0,30,0,0,0,0,0,0,0,12,0,0,0,0,0,0,0,15,0,0,0,0,0,0,0,0,0,0,0,0,0,0,0,0,0,0,0,0,0,0,0,0,0,0,0,0,0,0,0,0,0,0,0,0,0,0,0,0,0,0,0,0,0,0,0,0,0,0,0,0,0,0,0,0,0,0,0,0,0,0,0,0,0,0,0,0,0,0,0,0,0,0,0,0,0,0,0,16,0,12,0,0,0,0,0,0,0,0,0,0,0,41,0,33,0,21,6,0,0,15,0,0,0,91,88,21,0,0,0,34,0,25,0,0,34,0,0,0,0,0,0,3,0,0,0,0,0,0,0,0,0,0,0,0,0,0,0,60,134,118,0,21,0,0,0,0,0,0,1,0,0,0
0,10,0,219,345,179,0,39,0,4,40,45,357,40,182,445,0,25,574,0,87,508,0,302,0,48,210,396,0,0,0,33,0,0,28,281,0,56,0,0,0,0,6,148,0,22,0,2,1,0,30,270,0,0,0,0,0,0,0,0,0,0,0,91,0,14,0,0,0,0,0,0,0,0,0,0,0,0,0,0,0,274,0,0,0,246,0,104,0,0,0,0,0,0,0,152,0,0,0,0,0,0,0,0,0,0,0,0,0,0,0,0,0,0,0,0,0,0,0,0,0,0,0,0,0,0,0,0,0,0,0,0,0,0,0,0,0,0,0,0,0,0,0,0,0,0,0,0,0,24,0,0,0,0,0,13,0,0,0,7,0,0,0,0,0,151,0,46,0,113,0,10,0,4,0,0,44,118,34,22,0,0,0,0,0,124,2,31,0,0,0,0,0,0,0,0,0,0,0,0,0,0,0,0,0,0,0,15,0,0,0,0,0,0,59,0,0,0,153,217,300,38,0,0,1
32,0,73,0,188,86,0,0,0,0,125,26,27,46,380,117,369,1,126,87,0,21,390,15,70,0,135,26,66,0,49,0,10,0,60,0,19,0,5,0,0,0,98,0,13,0,0,0,4,0,73,0,0,0,0,0,0,0,0,0,0,0,58,0,0,0,0,0,0,0,51,0,0,0,62,0,0,0,0,0,0,0,0,0,0,0,39,0,0,0,0,0,0,0,0,0,141,0,0,0,0,0,0,0,0,0,0,0,0,0,0,0,0,0,0,0,0,0,0,0,52,0,0,0,0,0,0,1,0,0,0,0,0,0,0,0,0,0,0,0,0,0,0,0,26,0,0,0,0,0,0,0,0,0,1,0,0,0,0,0,0,0,0,0,14,0,107,0,47,0,4,0,61,0,0,0,28,0,43,0,0,0,2,0,2,0,0,0,0,0,0,0,0,0,0,0,0,0,0,0,0,0,0,0,0,0,0,0,1,0,281,335,211,0,117,0,0,0,0,0,0,0,0,0,0
0,30,0,83,64,350,0,14,0,0,0,187,0,66,81,376,0,224,39,508,21,0,26,228,0,37,12,256,0,10,0,49,2,17,0,64,4,14,0,3,0,0,0,186,0,27,0,0,0,0,0,122,0,35,0,31,0,14,0,0,0,0,0,123,0,0,0,0,0,3,0,0,0,0,0,0,0,0,0,0,0,346,0,0,0,480,0,84,0,0,0,19,0,0,0,0,0,0,0,262,0,0,0,0,0,0,0,0,0,0,0,0,0,0,0,0,0,0,0,0,0,0,0,37,0,0,0,0,0,0,0,0,0,0,0,200,0,306,0,151,0,255,0,337,0,0,0,0,0,0,0,0,0,0,0,0,0,0,0,0,0,2,0,0,0,44,0,55,0,64,0,2,0,28,0,0,0,111,0,84,0,0,0,5,0,0,0,11,0,0,0,0,0,0,0,0,0,0,0,0,0,0,0,0,0,0,0,0,0,7,0,0,0,0,66,0,0,0,188,252,167,0,0,0,0
66,233,308,199,112,139,29,0,6,0,22,159,10,0,448,602,148,66,330,0,390,26,0,485,157,71,147,0,41,13,25,0,101,0,14,6,38,0,37,3,0,0,0,0,18,0,0,0,0,0,8,0,0,0,92,0,0,0,0,0,0,0,31,0,0,0,0,0,0,0,0,0,0,0,30,0,0,0,0,0,0,0,0,0,146,0,0,0,0,0,0,0,0,0,0,0,180,0,0,0,30,0,0,0,0,0,0,0,0,0,0,0,0,0,0,0,0,0,0,0,16,1,24,0,0,0,8,0,0,0,0,0,10,0,59,0,143,0,0,0,49,0,253,0,1,0,0,0,3,0,0,0,0,0,0,0,0,0,0,0,0,0,0,0,0,0,33,0,0,0,8,1,98,0,0,0,175,49,5,0,0,0,24,9,7,0,0,0,0,0,0,0,0,0,0,0,0,0,0,0,0,0,0,0,0,0,0,0,6,1,144,90,116,0,58,0,0,0,0,0,0,0,0,0,0
204,135,176,322,17,123,0,25,0,0,9,97,0,0,18,271,136,179,0,302,15,228,485,0,92,286,0,53,1,45,0,60,10,130,0,16,0,39,0,40,0,0,0,25,0,0,0,0,0,0,0,15,0,25,0,17,0,7,0,0,0,0,0,69,0,0,0,0,0,0,0,0,0,0,0,0,0,0,0,0,0,45,0,22,0,92,0,28,0,0,0,30,0,6,0,26,0,46,0,75,0,54,0,0,0,0,0,0,0,0,0,0,0,0,0,0,0,0,0,0,0,6,0,0,0,0,0,0,0,0,0,0,0,0,0,131,0,99,0,0,0,0,0,47,0,0,0,0,0,0,0,1,0,0,0,14,0,0,0,0,0,0,0,0,0,0,0,20,0,21,0,9,0,63,0,0,35,76,1,44,0,0,9,24,0,0,0,0,0,0,0,0,0,0,0,0,0,0,0,0,0,28,0,0,0,1,0,0,0,0,0,0,0,0,45,0,0,0,80,162,125,0,0,1,0
29,287,155,50,0,0,437,213,18,148,0,0,0,0,100,0,115,115,68,0,70,0,157,92,0,481,0,0,9,10,0,0,7,0,4,0,0,0,28,3,0,0,0,0,0,0,0,0,0,0,0,0,60,4,168,7,7,0,0,0,11,0,64,32,0,0,0,0,0,0,0,0,0,0,17,0,0,0,0,0,0,0,0,0,205,0,0,0,0,0,95,0,0,0,0,0,176,0,0,0,0,0,0,0,4,0,0,0,0,0,0,0,0,0,0,0,0,0,0,0,0,0,33,0,0,0,25,0,0,0,0,0,19,0,70,0,248,0,50,0,145,0,365,0,3,0,0,0,3,0,0,0,0,0,40,0,0,0,19,0,2,0,0,0,0,0,2,0,0,0,0,0,23,1,0,0,64,23,0,0,0,0,0,47,6,0,0,0,0,0,0,0,0,0,0,0,0,0,0,0,48,0,0,0,0,0,0,0,15,0,50,29,42,0,40,0,0,1,0,0,0,0,0,0,0
135,22,61,37,0,19,193,140,291,46,1,2,0,0,0,93,158,119,0,48,0,37,71,286,481,0,0,0,0,137,0,19,0,45,0,0,0,40,0,160,0,0,0,0,0,0,0,0,0,0,0,0,28,19,32,104,0,0,0,7,0,36,124,43,0,1,0,0,0,0,1,0,0,0,0,0,0,0,0,1,0,3,0,0,0,0,0,2,0,0,0,12,0,0,0,0,0,0,0,7,0,0,0,0,0,0,0,0,0,0,0,0,0,0,0,0,0,0,0,0,0,0,0,0,0,0,0,0,0,6,0,0,0,38,0,150,0,215,0,12,0,0,0,14,0,0,0,0,0,0,0,0,0,0,0,13,0,0,0,5,0,0,0,0,0,0,0,0,0,15,2,34,0,73,0,0,59,53,0,0,0,0,0,2,0,1,0,0,0,0,0,0,0,0,0,0,0,0,0,23,0,43,0,0,0,0,0,3,0,18,0,0,0,0,170,0,0,0,218,64,197,44,0,9,0
23,0,50,0,154,32,19,0,20,0,37,0,177,407,149,0,154,0,141,210,135,12,147,0,0,0,0,573,39,0,27,0,0,0,38,0,64,0,0,0,10,126,333,103,84,74,48,181,8,0,413,50,0,0,0,0,0,0,0,0,0,0,0,0,0,0,0,0,0,0,66,0,0,0,61,0,0,0,0,0,0,0,0,0,0,0,0,0,0,0,0,0,0,0,0,0,0,0,0,0,0,0,4,0,0,0,0,0,0,0,0,0,0,0,0,0,0,0,0,0,0,0,0,0,0,0,0,0,0,0,0,0,0,0,0,0,0,0,0,0,0,0,0,0,39,0,0,0,0,0,0,0,0,0,0,0,0,0,0,0,1,0,0,0,146,0,16,0,0,0,0,0,12,0,0,0,81,134,57,0,0,0,30,0,22,0,84,13,0,0,0,0,0,0,0,0,0,0,0,0,0,0,0,0,0,0,0,0,0,0,54,430,333,13,23,0,0,4,0,9,0,0,0,0,0
0,48,0,37,0,103,0,8,0,12,0,87,428,95,23,76,0,23,326,396,26,256,0,53,0,0,573,0,0,0,0,12,0,0,6,51,1,25,0,0,122,14,19,515,39,241,65,79,0,5,0,304,0,0,0,3,0,0,0,0,0,3,0,0,0,20,0,0,0,11,0,0,0,0,0,0,0,0,0,0,0,0,0,0,0,0,0,0,0,0,0,0,0,0,0,0,0,0,0,0,0,36,0,0,0,0,0,0,0,0,0,0,0,0,0,0,0,0,0,0,0,0,0,0,0,0,0,12,0,0,0,6,0,0,0,0,0,0,0,0,0,63,0,98,0,0,0,0,0,0,0,32,0,26,0,6,0,0,0,0,0,0,0,0,0,187,0,9,0,100,0,0,0,0,0,0,31,236,7,0,0,0,0,0,0,52,22,73,0,0,0,0,0,0,0,0,0,0,0,0,0,0,0,0,0,0,0,0,0,8,0,7,0,0,44,0,0,0,78,458,432,35,3,0,0
48,0,166,0,0,0,39,0,1,0,0,0,0,0,0,0,74,0,17,0,66,0,41,1,9,0,39,0,0,0,14,0,4,0,39,0,13,0,1,0,0,0,57,0,0,0,0,0,0,0,44,0,0,0,0,0,0,0,0,0,1,0,3,0,0,0,0,0,0,0,43,0,0,0,41,0,0,0,0,0,0,0,0,0,60,0,32,0,0,0,0,0,0,0,0,0,82,0,116,0,0,0,0,0,0,0,0,0,0,0,0,0,0,0,0,0,0,0,0,0,34,0,0,0,0,0,0,0,0,0,0,0,1,0,0,0,0,0,39,0,38,0,0,0,49,0,0,0,0,0,0,0,0,0,0,0,4,0,0,0,0,0,0,0,0,0,0,0,0,0,0,0,1,0,0,0,1,0,0,0,0,0,7,0,0,0,0,0,0,0,0,0,0,0,0,0,0,0,0,0,0,0,0,0,0,0,0,0,0,0,0,6,0,0,0,0,0,0,0,0,0,0,0,0,0
0,182,0,57,0,0,0,242,0,0,0,9,0,0,0,10,10,183,0,0,0,10,13,45,10,137,0,0,0,0,0,1,0,0,0,0,0,6,0,9,0,0,0,0,0,0,0,0,0,0,0,4,0,19,0,19,0,23,0,0,0,6,0,51,0,0,0,0,0,0,0,0,0,0,0,0,0,0,0,0,0,0,0,0,0,67,0,0,0,0,0,0,0,0,0,0,0,19,0,0,0,0,0,0,0,0,0,0,0,0,0,0,0,0,0,0,0,0,0,0,0,0,0,0,0,0,0,0,0,50,0,0,0,32,0,39,0,84,0,201,0,124,0,65,0,26,0,0,0,0,0,0,0,0,0,11,0,8,0,20,0,0,0,0,0,0,0,0,0,4,0,2,0,20,0,0,0,23,0,0,0,0,0,27,0,0,0,0,0,0,0,0,0,0,0,0,0,0,0,0,0,0,0,0,0,0,0,0,0,0,0,0,0,0,5,0,0,0,7,30,20,0,0,0,0
9,0,0,0,245,0,0,0,0,0,156,0,0,0,259,35,93,0,41,0,49,0,25,0,0,0,27,0,14,0,0,0,1,0,31,0,6,0,5,0,0,0,27,0,0,0,1,0,0,0,0,0,0,0,1,0,0,0,0,0,4,0,26,0,0,0,0,0,0,0,39,0,1,0,29,0,0,0,0,0,0,0,0,0,0,0,26,0,0,0,0,0,0,0,0,0,0,0,0,0,0,0,0,0,0,0,0,0,0,0,0,0,0,0,0,0,0,0,0,0,28,0,0,0,0,0,0,0,0,0,0,0,0,0,0,0,0,0,0,0,0,0,0,0,19,0,0,0,0,0,3,0,0,0,0,0,0,0,0,0,0,0,0,0,3,0,56,0,0,0,2,0,37,0,0,0,0,0,67,0,0,0,7,0,0,0,0,0,0,0,0,0,0,0,0,0,0,0,0,0,0,0,0,0,0,0,0,0,0,0,59,67,69,0,17,0,0,0,0,0,0,0,0,0,0
0,31,0,77,0,110,0,17,0,0,4,85,0,0,24,46,0,26,0,33,0,49,0,60,0,19,0,12,0,1,0,0,0,0,0,34,0,7,0,3,0,0,0,23,0,4,0,0,0,0,3,71,0,6,0,0,0,0,0,0,0,0,0,11,0,0,0,0,0,0,0,0,0,0,0,0,0,0,0,0,0,0,0,0,0,0,0,0,0,0,0,0,0,0,0,0,0,0,0,0,0,0,0,0,0,0,0,0,0,0,0,0,0,0,0,0,0,0,0,0,0,0,0,0,0,0,0,0,0,0,0,0,0,0,0,0,0,0,0,0,0,147,0,0,0,10,0,0,0,0,0,0,0,0,0,4,0,0,0,0,0,0,0,0,0,4,0,16,0,7,0,1,0,4,0,0,0,36,0,25,0,0,0,7,0,0,0,0,0,0,0,0,0,0,0,0,0,0,0,0,0,0,0,0,0,0,0,0,0,0,0,0,0,0,0,0,0,0,17,22,11,0,0,0,0
231,4,216,2,274,14,0,0,0,0,303,0,0,0,109,30,195,0,0,0,10,2,101,10,7,0,0,0,4,0,1,0,0,0,3,0,86,0,0,0,0,0,5,0,0,0,0,0,0,0,5,0,0,0,2,0,0,0,0,0,2,0,23,0,1,0,0,0,0,0,55,0,0,0,19,0,0,0,0,0,33,0,0,0,0,0,0,0,0,0,0,0,0,0,0,0,0,0,125,0,0,0,0,0,0,0,0,0,0,0,0,0,0,0,0,0,0,0,0,0,36,0,7,0,0,0,0,0,0,0,0,0,0,0,0,0,5,0,35,0,22,0,0,0,23,0,0,0,0,0,0,0,0,0,0,0,6,0,3,0,0,0,4,0,0,0,31,0,0,0,0,0,17,0,0,0,20,0,34,0,0,0,40,0,0,0,0,0,0,0,0,0,0,0,0,0,0,0,0,0,0,0,0,0,0,0,0,0,0,0,40,95,37,10,19,0,0,0,0,0,0,0,0,0,0
0,170,0,204,0,103,0,120,0,2,0,107,0,0,0,87,4,23,0,0,0,17,0,130,0,45,0,0,0,0,0,0,0,0,0,3,0,3,0,2,0,0,0,0,0,0,0,0,0,0,0,6,0,7,0,0,0,0,0,0,0,5,0,5,0,0,0,0,0,0,0,0,0,0,0,3,0,0,0,0,0,0,0,0,0,0,0,0,0,0,0,0,0,0,0,0,0,0,0,0,0,0,0,0,0,0,0,0,0,0,0,0,0,0,0,0,0,0,0,0,0,0,0,1,0,0,0,2,0,0,0,3,0,0,0,0,0,0,0,40,0,38,0,0,0,0,0,0,0,0,0,0,0,0,0,0,0,4,0,8,0,0,0,0,0,0,0,0,0,0,0,0,0,1,0,0,0,54,0,43,0,0,0,14,0,0,0,0,0,0,0,0,0,0,0,0,0,0,0,0,0,0,0,0,0,0,0,0,0,0,0,0,0,0,7,0,0,0,0,83,4,0,0,0,0
0,0,0,0,246,21,0,0,0,0,92,0,144,0,102,0,33,0,151,28,60,0,14,0,4,0,38,6,39,0,31,0,3,0,0,0,162,0,0,0,0,0,44,3,0,0,0,2,0,0,93,0,0,0,0,0,0,0,0,0,0,0,10,0,0,0,0,0,0,0,0,0,0,0,0,0,0,0,0,0,0,0,0,0,0,0,0,0,0,0,7,0,0,0,0,0,0,0,0,0,0,0,0,0,0,0,0,0,0,0,0,0,0,0,0,0,0,0,0,0,0,0,0,0,0,0,0,0,0,0,0,0,0,0,0,0,0,0,0,0,0,0,0,0,0,0,0,0,0,0,0,0,0,0,0,0,0,0,0,0,0,0,0,0,56,0,64,0,50,0,2,0,15,0,0,0,0,0,92,0,0,0,0,0,0,0,0,0,0,0,0,0,0,0,0,0,0,0,0,0,0,0,0,0,0,0,0,0,0,0,58,186,174,0,25,0,0,0,0,0,0,0,0,0,0
0,0,0,34,0,291,0,0,0,0,0,132,10,159,0,122,0,9,56,281,0,64,6,16,0,0,0,51,0,0,0,34,0,3,0,0,0,201,0,0,0,0,0,21,0,5,0,0,0,0,0,70,0,0,0,0,0,0,0,0,0,0,0,6,0,0,0,0,0,0,0,0,0,0,0,0,0,0,0,0,0,120,0,0,0,152,0,32,0,0,0,0,0,0,0,0,0,0,0,0,0,0,0,0,0,0,0,0,0,0,0,0,0,0,0,0,0,0,0,0,0,34,0,16,0,0,0,0,0,0,0,0,0,0,0,0,0,0,0,0,0,72,0,110,0,10,0,0,0,0,0,0,0,9,0,0,0,0,0,0,0,0,0,0,0,22,0,99,0,20,0,1,0,4,0,0,0,147,0,62,0,0,0,0,0,0,0,38,0,0,0,0,0,0,0,1,0,0,0,0,0,0,0,2,0,0,0,0,0,0,0,0,0,0,14,0,0,0,24,90,100,0,0,1,0
73,0,53,0,214,11,0,0,0,0,259,0,67,0,133,0,12,0,41,0,19,4,38,0,0,0,64,1,13,0,6,0,86,0,162,0,0,0,24,0,0,0,66,0,23,0,0,0,3,0,73,0,2,0,0,0,0,0,0,0,11,0,12,0,2,0,0,0,0,0,120,0,0,0,75,0,0,0,0,0,0,0,0,0,0,0,47,0,0,0,0,0,0,0,0,0,0,0,0,0,0,0,0,0,0,0,0,0,0,0,0,0,0,0,0,0,0,0,0,0,57,0,9,0,0,0,0,0,0,0,0,0,0,0,0,0,0,0,68,0,51,0,0,0,131,0,0,0,0,0,0,0,0,0,0,0,13,0,8,0,0,0,45,0,21,0,29,0,25,0,22,0,52,0,0,0,14,0,72,0,0,0,17,0,0,0,0,0,0,0,0,0,0,0,0,0,0,0,0,0,0,0,0,0,0,0,0,0,0,0,60,83,58,7,21,0,0,0,0,0,1,0,0,0,0
0,158,0,83,26,236,0,68,0,0,0,193,0,42,29,103,0,7,17,56,0,14,0,39,0,40,0,25,0,6,0,7,0,3,0,201,0,0,0,11,0,0,0,36,0,8,0,0,0,0,0,47,0,0,0,0,0,0,0,0,0,24,0,0,0,0,0,0,0,0,0,0,0,0,0,0,0,0,0,0,0,151,0,0,0,145,0,55,0,0,0,0,0,0,0,0,0,0,0,81,0,0,0,0,0,0,0,0,0,0,0,0,0,0,0,0,0,0,0,0,0,78,0,31,0,0,0,0,0,0,0,0,0,0,0,0,0,0,0,110,0,287,0,211,0,81,0,0,0,0,0,0,0,0,0,5,0,38,0,0,0,0,0,0,0,17,0,40,0,43,0,21,0,49,0,0,6,79,0,105,0,0,0,17,0,0,0,5,0,0,0,0,0,0,0,0,0,0,0,0,0,0,0,0,0,0,0,0,0,0,0,0,0,0,9,0,0,0,17,262,129,4,0,0,0
269,0,375,0,8,0,287,0,59,0,0,0,0,0,0,0,162,0,0,0,5,0,37,0,28,0,0,0,1,0,5,0,0,0,0,0,24,0,0,0,0,0,0,0,0,0,0,0,0,0,2,0,8,0,6,0,0,0,0,0,6,0,21,1,0,0,0,0,0,0,41,0,0,0,27,0,0,0,0,0,0,0,0,0,0,0,24,0,0,0,0,0,0,0,0,0,0,0,80,0,7,0,0,0,0,0,0,0,0,0,0,0,0,0,0,0,0,0,0,0,32,0,15,0,0,0,0,0,0,0,0,0,0,0,0,0,0,0,76,0,42,0,0,0,68,0,0,0,0,0,0,0,0,0,0,0,11,0,6,0,0,0,0,0,0,0,19,0,0,0,0,0,38,0,0,0,14,0,0,0,3,0,6,0,12,0,0,0,0,0,0,0,0,0,0,0,0,0,0,0,0,0,0,0,0,0,0,0,0,0,35,130,3,1,15,0,0,0,0,0,0,0,0,0,0
0,235,0,61,0,0,0,407,0,0,0,6,0,0,0,0,0,84,0,0,0,3,3,40,3,160,0,0,0,9,0,3,0,2,0,0,0,11,0,0,0,0,0,0,0,0,0,0,0,0,0,0,0,3,0,10,0,0,0,0,0,17,0,17,0,0,0,0,0,0,0,0,0,0,0,0,0,0,0,0,0,0,0,0,0,0,0,0,0,0,0,0,0,0,0,0,0,0,0,0,0,0,0,0,0,0,0,0,0,0,0,0,0,0,0,0,0,0,0,0,0,0,0,0,0,0,0,0,0,0,0,0,0,0,0,0,0,0,0,63,0,32,0,0,0,27,0,0,0,0,0,0,0,0,0,6,0,15,0,0,0,1,0,0,0,0,0,0,0,0,0,6,0,27,0,0,0,46,0,0,0,0,1,45,0,0,0,0,0,0,0,0,0,0,0,0,0,0,0,0,0,0,0,0,0,0,0,0,0,0,0,0,0,0,9,0,0,0,42,199,15,0,0,0,0
16,0,17,0,66,0,4,0,0,0,22,0,142,68,2,3,0,0,0,0,0,0,0,0,0,0,10,122,0,0,0,0,0,0,0,0,0,0,0,0,0,96,55,15,68,31,70,179,49,13,7,0,0,0,0,0,0,0,0,0,0,0,0,0,1,0,0,0,0,0,0,0,0,0,0,0,1,0,0,0,0,0,0,0,0,0,0,0,1,0,0,0,2,0,0,0,0,0,0,0,0,0,0,0,0,0,0,0,0,0,0,0,0,0,0,0,0,0,0,0,0,0,0,0,0,0,0,0,0,0,0,0,0,0,0,0,0,0,0,0,0,0,0,0,0,0,0,0,0,0,0,0,0,0,0,0,0,0,0,0,0,0,0,0,32,0,0,0,0,0,0,0,0,0,0,0,15,89,16,0,0,0,0,0,0,0,154,0,0,0,0,0,0,0,0,0,0,0,0,0,0,0,0,0,0,0,0,0,0,0,0,171,36,0,0,0,0,18,0,39,0,0,0,0,0
0,8,0,0,0,21,0,4,0,0,0,49,41,230,0,0,0,0,29,0,0,0,0,0,0,0,126,14,0,0,0,0,0,0,0,0,0,0,0,0,96,0,6,62,66,97,54,82,7,79,0,0,0,0,0,0,0,0,0,0,0,0,0,0,0,2,0,0,0,5,0,0,0,0,0,0,0,0,0,0,0,0,0,10,0,0,0,0,0,4,0,0,0,0,0,0,0,0,0,0,0,0,0,4,0,0,0,0,0,0,0,0,0,0,0,0,0,0,0,0,0,0,0,0,0,0,0,3,0,0,0,0,0,0,0,0,0,0,0,0,0,0,0,0,0,0,0,0,0,0,0,0,0,0,0,0,0,0,0,0,0,0,0,0,0,35,0,0,0,0,0,0,0,0,0,0,0,206,0,2,0,6,0,0,0,3,33,3,0,0,0,0,0,0,0,0,0,0,0,0,0,0,0,0,0,0,0,0,0,0,0,6,1,0,0,0,0,0,1,114,20,0,0,0,15
0,0,0,0,0,0,0,0,0,0,0,0,190,0,0,0,0,0,30,6,98,0,0,0,0,0,333,19,57,0,27,0,5,0,44,0,66,0,0,0,55,6,0,6,162,6,30,13,4,0,51,0,0,0,0,0,0,0,0,0,0,0,7,0,0,0,0,0,0,0,41,0,0,0,39,0,0,0,0,0,0,0,0,0,0,0,24,0,0,0,0,0,0,0,0,0,0,0,0,0,0,0,0,0,0,0,0,0,0,0,0,0,0,0,0,0,0,0,0,0,0,0,0,0,0,0,0,0,0,0,0,0,0,0,0,0,0,0,0,0,0,0,0,0,0,0,0,0,0,0,0,0,0,0,0,0,0,0,0,0,0,0,0,0,29,0,9,0,0,0,0,0,17,0,0,0,4,0,32,0,0,0,0,0,0,0,30,0,0,0,0,0,0,0,0,0,1,0,0,0,0,0,0,0,0,0,0,0,0,0,26,144,81,0,0,0,0,2,0,1,0,0,0,0,0
0,3,0,0,0,0,0,0,0,0,0,11,0,208,0,0,0,0,63,148,0,186,0,25,0,0,103,515,0,0,0,23,0,0,3,21,0,36,0,0,15,62,6,0,7,79,0,58,0,0,8,110,0,0,0,3,0,0,0,0,0,0,0,0,0,0,0,0,0,0,0,0,0,0,0,0,0,0,0,0,0,0,0,0,0,0,0,0,0,0,0,0,0,0,0,0,0,0,0,0,0,0,0,0,0,0,0,0,0,0,0,0,0,0,0,0,0,0,0,0,0,0,0,0,0,0,0,0,0,0,0,0,0,0,0,0,0,0,0,0,0,0,0,86,0,0,0,0,0,0,0,0,0,0,0,0,0,0,0,0,0,0,0,0,0,50,0,10,0,30,0,0,0,0,0,0,0,24,0,0,0,0,0,0,0,0,0,34,0,0,0,0,0,0,0,0,0,0,0,0,0,0,0,0,0,0,0,0,0,0,0,0,0,0,8,0,0,0,39,175,39,0,0,0,0
6,0,0,0,0,0,0,0,0,0,0,0,36,45,9,0,32,0,4,0,13,0,18,0,0,0,84,39,0,0,0,0,0,0,0,0,23,0,0,0,68,66,162,7,0,28,213,87,53,6,29,0,0,0,0,0,0,0,0,0,0,0,6,0,0,0,0,0,7,0,33,0,0,0,0,0,0,0,0,0,0,0,22,0,0,0,0,0,0,0,0,0,13,0,0,0,0,0,0,0,9,0,0,0,0,0,0,0,1,0,0,0,0,0,0,0,0,0,0,0,0,0,0,0,0,0,0,0,0,0,0,0,0,0,0,0,0,0,0,0,0,0,0,0,0,0,0,0,0,0,0,0,0,0,0,0,0,0,1,0,2,0,0,0,218,0,12,0,16,0,0,0,18,0,0,0,19,23,35,0,0,0,9,0,0,0,61,0,0,0,0,0,0,0,0,0,0,0,0,0,0,0,0,0,0,0,0,0,0,0,24,111,127,8,20,0,1,42,0,26,0,0,0,0,1
0,0,0,0,2,13,0,0,0,7,0,16,47,50,0,0,0,0,0,22,0,27,0,0,0,0,74,241,0,0,0,4,0,0,0,5,0,8,0,0,31,97,6,79,28,0,25,356,0,54,0,56,0,0,0,0,0,2,0,0,0,0,0,0,0,10,0,0,0,29,0,0,0,0,0,0,0,61,0,0,0,0,0,35,0,0,0,0,0,14,0,0,0,12,0,33,0,0,0,0,0,0,0,5,0,0,0,0,0,0,0,0,0,0,0,0,0,1,0,0,0,0,0,0,0,0,0,0,0,0,0,0,0,0,0,0,0,0,0,0,0,0,0,0,0,5,0,1,0,4,0,14,0,0,0,0,0,0,0,0,0,0,0,0,0,201,0,2,0,91,0,0,0,4,0,0,0,23,0,0,0,0,0,0,0,28,7,17,0,0,0,0,0,0,0,0,0,0,0,0,0,9,0,0,0,0,0,0,0,0,0,4,0,0,6,0,0,0,27,138,94,0,0,0,22
9,0,14,0,46,0,0,0,0,0,16,0,120,48,0,0,0,0,0,0,0,0,0,0,0,0,48,65,0,0,1,0,0,0,0,0,0,0,0,0,70,54,30,0,213,25,0,96,93,0,6,0,0,0,0,0,0,0,0,0,0,0,0,0,0,0,0,0,0,0,0,0,0,0,0,0,0,0,0,0,0,0,0,0,0,0,0,0,0,0,0,0,0,0,0,0,0,0,0,0,0,0,0,0,0,0,0,0,0,0,0,0,0,0,0,0,0,0,0,0,0,0,0,0,0,0,3,0,0,0,0,0,0,0,0,0,0,0,0,0,0,0,0,0,0,0,0,0,0,0,0,0,0,0,0,0,0,0,0,0,0,0,0,0,100,0,0,0,0,0,0,0,0,0,0,0,8,36,20,0,3,0,6,0,3,0,95,0,0,0,0,0,0,0,0,0,0,0,0,0,0,0,0,0,0,0,0,0,0,0,0,218,77,0,5,0,0,34,0,24,0,0,0,0,0
0,0,0,0,0,59,0,0,0,6,0,66,100,175,0,0,0,0,0,2,0,0,0,0,0,0,181,79,0,0,0,0,0,0,2,0,0,0,0,0,179,82,13,58,87,356,96,0,11,168,0,30,0,0,0,0,0,0,0,0,0,0,0,0,0,0,0,0,0,6,0,0,0,0,0,0,0,0,0,0,0,0,0,8,0,0,0,0,0,0,0,0,0,0,0,0,0,0,0,0,0,0,0,0,0,0,0,0,0,0,0,0,0,0,0,0,0,0,0,0,0,0,0,0,0,0,0,1,0,2,0,0,0,0,0,0,0,0,0,0,0,0,0,0,0,0,0,0,0,0,0,6,0,0,0,0,0,0,0,0,0,0,0,0,0,45,0,0,0,0,0,0,0,0,0,0,0,192,0,0,0,0,0,3,0,0,54,10,0,0,0,0,0,0,0,0,0,0,0,0,0,0,0,0,0,0,0,0,0,0,0,13,0,0,0,0,0,0,0,499,86,2,0,0,42
10,0,12,0,0,0,31,0,11,0,3,0,14,2,1,0,0,0,0,1,4,0,0,0,0,0,8,0,0,0,0,0,0,0,0,0,3,0,0,0,49,7,4,0,53,0,93,11,0,3,0,0,0,0,0,0,34,0,22,0,3,0,2,0,0,0,0,0,22,1,0,0,0,0,0,0,2,0,0,0,0,0,19,0,0,0,3,0,2,0,0,0,63,0,8,0,0,0,3,0,5,0,14,0,0,0,8,0,0,0,0,0,0,0,0,0,0,0,0,0,0,0,0,0,0,0,7,0,0,0,5,0,0,0,7,0,2,1,0,0,0,0,2,0,0,0,2,0,0,0,1,0,0,0,1,0,0,0,6,0,11,0,0,0,18,0,1,0,2,0,5,0,2,0,3,0,21,0,21,0,0,0,0,0,2,0,59,0,10,0,11,0,22,0,5,0,0,0,9,0,10,0,31,0,22,0,0,0,8,0,41,39,177,8,59,32,12,2,0,6,7,0,0,0,0
0,1,0,0,0,0,0,2,0,0,0,3,0,28,0,0,0,0,0,0,0,0,0,0,0,0,0,5,0,0,0,0,0,0,0,0,0,0,0,0,13,79,0,0,6,54,0,168,3,0,0,0,0,0,0,5,0,1,0,1,0,0,0,0,0,0,0,0,0,5,0,0,0,0,0,0,0,0,0,0,0,0,0,3,0,0,0,0,0,0,0,0,0,1,0,2,0,0,0,0,0,0,0,0,0,0,0,0,0,0,0,0,0,0,0,0,0,0,0,0,0,0,0,0,0,0,0,0,0,0,0,0,0,0,0,0,0,0,0,0,0,0,0,0,0,0,0,0,0,0,0,5,0,6,0,0,0,0,0,0,0,0,0,0,0,21,0,0,0,0,0,0,0,2,0,0,0,45,0,0,0,12,0,0,0,0,9,26,0,1,0,0,0,0,0,0,0,0,0,0,0,0,0,0,0,0,0,0,0,0,0,1,0,0,3,0,0,0,14,11,9,0,0,0,4
0,0,3,0,57,0,0,0,0,0,0,0,263,21,9,0,17,0,282,30,73,0,8,0,0,0,413,0,44,0,0,3,5,0,93,0,73,0,2,0,7,0,51,8,29,0,6,0,0,0,0,0,0,0,1,0,0,0,0,0,3,0,0,0,0,0,0,0,20,0,0,0,0,0,22,0,30,0,8,0,0,0,99,0,0,0,31,0,0,0,0,0,33,0,21,0,0,0,70,0,0,0,6,0,0,0,0,0,0,0,0,0,0,0,0,0,0,0,0,0,0,0,0,0,0,0,0,0,0,0,0,0,0,0,0,0,0,0,0,0,0,0,0,0,0,0,0,0,0,0,0,0,0,0,1,0,0,0,0,0,0,0,6,0,55,0,36,0,61,0,10,0,41,0,0,0,13,2,39,0,0,0,4,0,0,0,6,3,0,0,0,0,0,0,0,0,0,0,0,0,0,0,0,0,0,0,0,0,0,0,107,169,171,29,42,0,4,0,0,0,0,0,0,0,0
0,0,0,0,0,35,0,0,0,0,0,13,0,265,0,0,0,0,50,270,0,122,0,15,0,0,50,304,0,4,0,71,0,6,0,70,0,47,0,0,0,0,0,110,0,56,0,30,0,0,0,0,0,0,0,0,0,0,0,0,0,3,0,0,0,0,0,0,0,0,0,17,0,0,0,30,0,39,0,0,0,394,0,48,0,302,0,116,0,0,0,0,0,0,0,85,0,0,0,164,0,0,0,0,0,9,0,0,0,0,0,0,0,0,0,0,0,0,0,0,0,232,0,77,0,0,0,0,0,11,0,0,0,0,0,34,0,0,0,0,0,101,0,214,0,60,0,0,0,0,0,0,0,0,0,0,0,0,0,0,0,0,0,8,0,25,0,21,0,68,0,36,0,36,0,0,8,66,0,0,0,0,0,0,0,0,0,41,0,33,0,5,0,0,0,0,0,0,0,0,0,17,0,0,0,0,0,0,0,0,0,0,0,0,39,0,0,0,123,123,58,10,0,0,0
1,0,2,0,0,0,116,19,78,134,0,0,0,0,0,0,90,8,0,0,0,0,0,0,60,28,0,0,0,0,0,0,0,0,0,0,2,0,8,0,0,0,0,0,0,0,0,0,0,0,0,0,0,35,93,81,188,6,99,29,45,0,67,12,0,0,9,80,0,0,10,0,0,0,12,0,0,0,0,0,0,0,0,0,68,0,3,0,0,0,20,0,0,0,0,0,99,0,39,0,6,0,0,0,0,0,7,0,0,0,0,0,0,0,0,0,0,0,0,0,17,0,35,0,1,0,0,0,27,0,3,0,0,0,4,1,47,0,280,1,132,0,37,0,22,0,5,0,0,0,2,0,0,0,196,1,120,0,127,1,12,0,0,0,3,0,0,0,4,0,71,0,5,0,0,0,4,0,0,0,2,0,0,0,2,3,0,0,0,0,0,0,0,0,0,0,0,0,0,0,0,0,0,0,0,0,0,0,0,0,82,119,67,0,89,0,7,0,1,0,0,0,0,0,0
0,2,0,0,0,2,14,13,73,61,0,0,0,0,0,16,2,77,0,0,0,35,0,25,4,19,0,0,0,19,0,6,0,7,0,0,0,0,0,3,0,0,0,0,0,0,0,0,0,0,0,0,35,0,61,117,19,102,65,21,0,50,9,51,0,0,53,9,0,0,0,0,0,0,0,0,0,0,0,0,0,0,0,0,0,4,0,1,0,0,0,0,0,0,0,0,0,6,0,1,0,1,0,0,0,0,0,0,0,0,0,0,0,0,0,0,0,0,0,0,0,0,0,0,0,0,0,0,0,53,0,0,1,51,0,33,0,83,0,105,0,16,0,22,0,6,0,0,0,0,0,0,0,0,1,71,0,66,0,49,0,7,0,0,0,0,0,0,0,0,0,0,0,0,0,0,0,0,0,0,0,0,0,0,0,8,0,0,0,0,0,0,0,0,0,0,0,0,0,0,0,6,0,0,0,0,0,0,0,0,0,0,0,0,21,0,0,0,25,26,11,11,0,0,0
1,0,61,0,0,0,282,0,74,135,0,0,0,0,48,0,12,0,30,0,0,0,92,0,168,32,0,0,0,0,1,0,2,0,0,0,0,0,6,0,0,0,0,0,0,0,0,0,0,0,1,0,93,61,0,100,92,10,76,19,64,0,47,31,0,0,6,82,0,0,3,0,0,0,0,0,0,0,0,0,0,0,0,0,19,0,0,0,0,0,0,0,0,0,0,0,0,0,0,0,0,0,0,0,0,0,7,0,0,0,0,0,0,0,0,0,0,0,0,0,0,0,6,0,10,0,75,0,84,0,54,0,60,0,80,0,344,0,38,0,97,0,167,0,1,0,0,0,6,0,0,0,0,0,77,0,9,0,40,0,46,3,0,0,0,0,0,0,8,0,214,0,29,0,0,0,13,0,0,0,0,0,0,0,0,4,0,0,0,0,0,0,0,0,0,0,0,0,2,0,9,0,0,0,0,0,0,0,38,0,170,48,229,196,234,0,32,0,0,0,0,0,0,0,0
0,2,0,18,0,10,0,107,172,67,0,1,0,0,0,31,0,31,0,0,0,31,0,17,7,104,0,3,0,19,0,0,0,0,0,0,0,0,0,10,0,0,0,3,0,0,0,0,0,5,0,0,81,117,100,0,25,149,78,88,0,65,32,161,0,0,94,7,0,0,0,0,0,0,0,0,0,0,0,0,0,0,0,0,0,0,0,0,0,0,0,0,0,0,0,0,0,0,0,0,0,0,0,0,0,0,0,0,0,0,0,0,0,0,0,0,0,0,0,0,0,0,0,0,0,45,0,48,0,35,0,33,0,87,0,56,0,141,0,14,0,0,0,0,0,0,0,0,0,4,0,0,0,0,0,81,0,16,0,14,0,8,0,0,0,3,0,3,0,23,0,266,0,103,0,0,4,2,0,0,0,0,0,0,0,9,0,0,0,0,0,0,0,0,0,0,0,0,0,0,0,0,0,0,0,0,0,14,0,41,3,0,0,0,478,0,0,0,289,35,427,257,0,77,0
0,0,0,0,0,0,3,0,17,0,0,0,0,0,0,0,7,0,0,0,0,0,0,0,7,0,0,0,0,0,0,0,0,0,0,0,0,0,0,0,0,0,0,0,0,0,0,0,34,0,0,0,188,19,92,25,0,10,172,52,0,0,12,0,22,12,31,91,1,0,0,0,0,0,0,0,3,0,0,0,1,0,0,0,0,0,0,0,0,0,0,0,0,0,0,0,0,0,0,0,0,0,0,0,0,0,0,0,0,0,0,0,0,0,0,0,0,0,0,0,0,0,0,0,9,0,24,0,56,0,90,0,9,0,0,0,6,0,29,2,0,1,3,0,7,0,3,0,12,0,0,0,0,0,233,6,37,0,93,1,66,21,26,0,11,0,4,0,29,0,270,0,7,0,13,5,0,0,0,0,16,0,0,0,4,9,0,0,0,0,0,0,0,0,0,0,0,0,0,0,0,0,0,0,0,0,0,0,8,0,387,128,625,583,832,0,258,3,0,0,0,0,0,0,0
0,2,0,3,0,0,0,13,0,28,0,0,0,0,0,0,0,24,0,0,0,14,0,7,0,0,0,0,0,23,0,0,0,0,0,0,0,0,0,0,0,0,0,0,0,2,0,0,0,1,0,0,6,102,10,149,10,0,29,358,0,3,0,23,0,0,34,3,0,3,0,0,0,0,0,0,0,0,0,0,0,0,0,1,0,0,0,0,0,0,0,0,0,0,0,0,0,0,0,0,0,0,0,0,0,0,0,0,0,0,0,0,0,0,0,0,0,0,0,0,0,0,0,0,0,10,0,16,0,33,0,26,0,56,0,19,0,56,0,45,0,0,0,0,0,0,0,0,0,0,0,0,0,0,0,236,0,13,1,83,0,52,0,0,0,2,0,3,0,50,0,279,0,0,0,0,0,0,0,0,0,0,0,0,3,5,0,0,0,0,0,0,0,1,0,0,0,0,0,0,0,0,0,0,0,0,0,2,0,24,0,0,0,0,396,0,0,0,200,30,394,337,10,102,0
0,0,2,0,2,0,21,0,19,33,0,0,0,0,0,0,0,0,0,0,0,0,0,0,0,0,0,0,0,0,0,0,0,0,0,0,0,0,0,0,0,0,0,0,0,0,0,0,22,0,0,0,99,65,76,78,172,29,0,145,44,0,13,0,165,22,285,270,0,0,0,0,0,0,0,0,1,0,0,0,0,1,0,0,0,0,0,0,0,0,0,0,0,0,0,0,0,0,0,2,0,0,0,0,0,0,0,0,0,0,0,0,0,0,0,0,0,0,0,0,0,0,0,0,11,0,0,0,0,0,85,0,0,0,0,0,0,0,0,8,0,0,2,0,0,2,5,0,21,0,3,0,0,0,65,6,52,1,4,2,43,13,0,0,8,0,1,0,39,0,206,0,14,0,22,8,26,0,0,0,24,2,0,0,0,27,0,0,0,0,0,0,0,0,0,0,0,0,0,0,0,0,0,0,0,0,0,0,0,0,573,199,457,627,1401,0,270,2,2,0,0,0,0,0,0
0,9,0,3,0,0,0,17,0,44,0,0,0,0,0,0,0,3,0,0,0,0,0,0,0,7,0,0,0,0,0,0,0,0,0,0,0,0,0,0,0,0,0,0,0,0,0,0,0,1,0,0,29,21,19,88,52,358,145,0,0,0,0,0,23,56,261,54,0,0,0,0,0,0,0,0,0,2,0,0,0,0,0,0,0,0,0,0,0,0,0,0,0,0,0,0,0,0,0,0,0,0,0,3,0,0,0,0,0,0,0,0,0,0,0,0,0,0,0,0,0,0,0,0,0,7,0,6,0,5,0,39,0,6,0,5,0,4,1,6,0,0,0,0,0,8,0,0,0,2,0,0,0,0,13,26,0,15,13,4,7,24,0,0,0,4,0,0,0,51,0,178,0,0,0,27,0,0,0,0,0,0,0,0,11,69,0,0,0,0,0,0,0,0,0,1,0,0,0,0,0,0,0,0,0,0,0,0,0,0,8,0,0,0,1792,0,0,0,1126,264,739,758,49,204,1
12,1,11,0,1,0,387,0,133,0,0,0,0,0,0,0,21,0,0,0,0,0,0,0,11,0,0,0,1,0,4,0,2,0,0,0,11,0,6,0,0,0,0,0,0,0,0,0,3,0,3,0,45,0,64,0,0,0,44,0,0,0,80,0,0,0,0,0,0,0,0,0,0,0,0,0,0,0,0,0,0,0,0,0,0,0,0,0,0,0,0,0,0,0,0,0,0,0,0,0,0,0,0,0,0,0,0,0,0,0,0,0,0,0,0,0,0,0,0,0,0,0,0,0,0,0,0,0,0,0,0,0,0,0,0,0,0,0,184,0,27,0,0,0,77,0,0,0,0,0,3,0,0,0,7,0,71,0,1,0,0,0,13,0,0,0,2,0,0,0,89,0,20,0,0,0,8,0,0,0,0,0,0,0,0,0,0,0,0,0,0,0,0,0,0,0,0,0,0,0,0,0,0,0,0,0,0,0,0,0,119,122,69,41,77,0,10,0,0,0,0,0,0,0,0
0,32,0,0,0,0,0,228,0,145,0,3,0,0,0,0,0,9,0,0,0,0,0,0,0,36,0,3,0,6,0,0,0,5,0,0,0,24,0,17,0,0,0,0,0,0,0,0,0,0,0,3,0,50,0,65,0,3,0,0,0,0,1,34,0,0,0,0,0,0,0,0,0,0,0,1,0,1,0,0,0,0,0,0,0,2,0,0,0,0,0,0,0,0,0,0,0,0,0,0,0,0,0,0,0,0,0,0,0,0,0,0,0,0,0,0,0,0,0,0,0,0,0,0,0,1,0,0,0,4,0,0,0,0,0,0,0,0,0,76,0,90,0,13,0,105,0,0,0,0,0,0,0,0,0,10,0,51,0,58,0,0,0,0,0,0,0,0,0,3,0,90,0,24,0,0,0,20,0,0,0,0,0,0,0,0,0,0,0,0,0,0,0,0,0,0,0,0,0,0,0,0,0,0,0,0,0,0,0,0,1,1,0,0,43,0,0,0,78,180,75,19,0,0,0
11,0,16,0,0,0,432,57,239,120,0,0,0,0,0,0,442,15,12,0,58,0,31,0,64,124,0,0,3,0,26,0,23,0,10,0,12,0,21,0,0,0,7,0,6,0,0,0,2,0,0,0,67,9,47,32,12,0,13,0,80,1,0,40,1,0,3,4,0,0,56,0,0,0,74,0,0,0,0,0,0,0,0,0,0,0,21,0,0,0,0,1,0,0,0,0,0,0,0,0,0,0,0,0,0,0,0,0,0,0,0,0,0,0,0,0,0,0,0,0,44,0,45,0,0,0,0,0,11,0,0,0,0,0,0,0,0,0,154,0,135,0,25,0,87,0,1,0,0,0,0,0,0,0,51,0,35,0,28,0,0,0,3,0,0,0,0,0,0,0,15,0,8,0,0,0,33,1,0,0,0,0,0,0,0,0,0,0,0,0,0,0,0,0,0,0,0,0,0,0,0,0,0,0,0,0,1,0,0,0,48,88,34,29,26,0,0,0,0,0,0,0,0,0,0
0,16,1,0,0,0,55,122,93,138,0,0,0,0,0,62,12,155,0,91,0,123,0,69,32,43,0,0,0,51,0,11,0,5,0,6,0,0,1,17,0,0,0,0,0,0,0,0,0,0,0,0,12,51,31,161,0,23,0,0,0,34,40,0,0,0,0,0,0,0,0,0,0,0,0,0,0,0,0,0,0,0,0,0,0,0,0,0,0,0,0,0,0,0,0,0,0,0,0,0,0,0,0,0,0,0,0,0,0,0,0,0,0,0,0,0,0,0,0,0,0,1,0,0,0,0,0,0,0,16,0,0,0,0,0,0,0,42,0,55,0,21,0,0,0,12,0,0,0,0,0,0,0,0,0,16,0,31,0,28,0,2,0,0,0,0,0,0,0,0,0,7,0,8,0,0,5,16,0,0,0,0,0,6,0,0,0,0,0,0,0,0,0,0,0,0,0,0,0,0,0,0,0,0,0,0,0,0,0,0,0,0,0,0,44,0,0,0,73,108,8,15,0,0,0
95,0,14,0,22,0,27,0,91,0,5,0,0,0,5,0,0,0,0,0,0,0,0,0,0,0,0,0,0,0,0,0,1,0,0,0,2,0,0,0,1,0,0,0,0,0,0,0,0,0,0,0,0,0,0,0,22,0,165,23,0,0,1,0,0,30,44,0,0,0,0,0,0,0,0,0,0,0,0,0,0,0,0,0,0,0,0,0,0,0,0,0,0,0,0,0,0,0,0,0,0,0,0,0,0,0,0,0,0,0,0,0,0,0,0,0,0,0,0,0,0,0,0,0,23,0,18,1,0,0,36,0,0,0,0,3,0,0,7,44,0,16,0,0,52,13,28,0,40,0,13,0,2,0,3,1,8,0,4,3,142,61,5,0,0,0,0,0,1,0,5,0,0,0,87,13,0,0,0,0,224,35,0,0,34,0,0,0,0,0,0,0,0,0,0,0,0,0,0,0,0,0,0,0,0,0,0,0,0,0,202,19,0,0,210,0,0,0,0,0,0,0,0,0,0
0,81,0,4,0,45,0,0,0,116,0,37,0,13,0,2,0,0,0,14,0,0,0,0,0,1,0,20,0,0,0,0,0,0,0,0,0,0,0,0,0,2,0,0,0,10,0,0,0,0,0,0,0,0,0,0,12,0,22,56,0,0,0,0,30,0,23,279,0,0,0,0,0,0,0,7,0,0,0,0,0,16,0,0,0,0,0,0,0,0,0,0,0,0,0,0,0,0,0,0,0,0,0,0,0,0,0,0,0,0,0,0,0,0,0,0,0,0,0,0,0,17,0,0,0,29,0,54,0,0,23,45,0,0,0,0,0,0,14,48,0,56,0,0,0,102,0,61,0,154,0,38,0,22,9,0,0,0,27,0,66,214,0,0,0,0,0,0,0,0,0,0,0,0,6,104,0,0,0,0,61,158,0,10,0,106,0,0,0,0,0,0,0,0,0,0,0,0,0,0,0,0,0,0,0,0,0,24,0,17,0,0,0,0,107,0,0,0,141,8,0,0,0,0,0
22,0,0,0,0,0,30,0,104,43,0,0,0,0,0,0,0,0,0,0,0,0,0,0,0,0,0,0,0,0,0,0,0,0,0,0,0,0,0,0,0,0,0,0,0,0,0,0,0,0,0,0,9,53,6,94,31,34,285,261,0,0,3,0,44,23,0,303,0,0,0,0,0,0,0,0,0,0,0,0,0,1,0,0,0,1,0,0,0,0,0,0,0,0,0,0,0,1,0,0,0,0,0,0,0,0,0,0,0,0,0,0,0,0,0,0,0,0,0,0,0,0,0,0,0,0,1,0,0,0,10,0,0,0,0,0,0,0,0,4,0,0,0,0,0,1,0,0,6,0,0,0,0,0,9,6,10,0,0,7,20,17,0,0,0,0,0,0,4,0,0,0,0,0,53,11,122,0,0,0,36,1,0,0,194,44,0,0,0,0,0,0,0,0,0,0,0,0,0,0,0,0,0,0,0,0,0,0,0,0,121,49,35,63,225,0,25,0,0,0,0,0,0,0,0
0,16,0,1,0,0,0,2,69,75,0,7,0,0,0,0,0,0,0,0,0,0,0,0,0,0,0,0,0,0,0,0,0,0,0,0,0,0,0,0,0,0,0,0,0,0,0,0,0,0,0,0,80,9,82,7,91,3,270,54,0,0,4,0,0,279,303,0,0,0,0,0,0,0,0,0,0,0,0,0,0,0,0,0,0,0,0,0,0,0,0,0,0,0,0,0,0,0,0,2,0,0,0,0,0,0,0,0,0,0,0,0,0,0,0,0,0,0,0,0,0,0,0,0,0,21,0,0,0,0,0,81,0,0,0,0,0,1,1,13,0,0,0,0,0,24,0,7,0,14,0,0,0,0,20,7,3,14,12,12,0,104,0,0,0,0,0,0,0,9,0,0,0,0,0,119,0,3,0,0,8,0,0,12,6,590,0,0,0,0,0,0,0,0,0,0,0,0,0,0,0,0,0,0,0,0,0,0,0,5,0,0,0,0,463,0,0,0,485,228,88,227,8,51,0
0,0,0,0,2,0,0,0,1,0,0,0,0,0,0,0,0,0,0,0,0,0,0,0,0,0,0,0,0,0,0,0,0,0,0,0,0,0,0,0,0,0,0,0,7,0,0,0,22,0,20,0,0,0,0,0,1,0,0,0,0,0,0,0,0,0,0,0,0,0,0,0,7,0,0,0,147,0,92,0,0,0,50,0,0,0,11,0,16,0,0,0,48,0,12,0,0,0,0,0,30,0,134,0,31,0,80,0,17,0,14,0,2,0,9,0,0,0,0,0,0,0,0,0,0,0,0,0,0,0,0,0,0,0,0,0,0,0,0,0,0,0,0,0,0,0,0,0,0,0,1,0,0,0,0,0,0,0,0,0,0,0,0,0,74,0,0,0,123,0,1,0,0,0,0,0,0,0,0,0,0,0,0,0,0,0,0,0,33,0,0,0,0,0,30,0,0,0,0,0,0,0,55,0,0,0,0,0,0,0,47,20,160,0,0,46,49,0,0,0,0,0,0,0,0
0,0,0,0,0,0,0,0,0,0,0,0,0,0,0,0,0,0,0,0,0,3,0,0,0,0,0,11,0,0,0,0,0,0,0,0,0,0,0,0,0,5,0,0,0,29,0,6,1,5,0,0,0,0,0,0,0,3,0,0,0,0,0,0,0,0,0,0,0,0,0,0,0,0,0,0,0,140,0,0,0,0,0,40,0,0,0,10,0,35,0,1,0,36,0,40,0,0,0,0,0,6,0,110,0,0,0,31,0,7,0,3,0,20,0,1,0,5,0,0,0,0,0,0,0,0,0,0,0,0,0,0,0,0,0,0,0,0,0,0,0,0,0,0,0,0,0,0,0,0,0,0,0,0,0,0,0,0,0,0,0,0,0,1,0,57,0,0,0,43,0,1,0,0,0,0,0,0,0,0,0,0,0,0,0,0,0,0,0,0,0,0,0,3,0,22,0,0,0,0,0,0,0,12,0,0,0,0,0,0,0,0,0,0,0,0,0,0,43,40,138,12,26,16,9
0,0,0,0,0,0,0,0,0,0,0,0,0,0,0,0,95,0,15,0,51,0,0,0,0,1,66,0,43,0,39,0,55,0,0,0,120,0,41,0,0,0,41,0,33,0,0,0,0,0,0,0,10,0,3,0,0,0,0,0,0,0,56,0,0,0,0,0,0,0,0,0,158,0,356,0,15,0,269,0,0,0,9,0,0,0,24,0,0,0,0,0,0,0,0,0,2,0,0,0,0,0,0,0,0,0,0,0,0,0,0,0,0,0,0,0,0,0,0,0,25,0,13,0,24,0,88,0,21,0,23,0,0,0,85,0,74,0,23,0,117,0,39,0,127,0,24,0,15,0,0,0,15,0,2,0,13,0,0,0,0,0,46,0,0,0,0,0,13,0,35,0,26,0,50,0,0,0,0,0,21,0,0,0,0,0,0,0,0,0,1,0,0,0,0,0,0,0,0,0,0,0,0,0,0,0,0,0,49,0,40,0,0,0,0,0,0,0,0,0,0,0,0,0,0
0,0,0,0,0,0,0,0,0,0,0,0,0,0,0,0,0,1,0,0,0,0,0,0,0,0,0,0,0,0,0,0,0,0,0,0,0,0,0,0,0,0,0,0,0,0,0,0,0,0,0,17,0,0,0,0,0,0,0,0,0,0,0,0,0,0,0,0,0,0,0,0,0,93,0,175,0,15,0,14,0,0,0,0,0,0,0,42,0,0,0,0,0,0,0,0,0,0,0,0,3,0,0,0,0,0,0,0,0,0,0,0,0,0,0,0,0,0,0,0,0,4,1,0,0,71,0,0,0,27,0,0,0,53,0,0,0,13,0,0,0,6,0,0,0,92,0,0,0,0,0,0,0,0,0,0,0,0,0,0,0,0,0,20,0,0,0,0,0,4,0,13,0,10,0,0,0,0,0,0,0,25,0,0,0,1,0,0,0,0,0,0,0,0,0,0,0,0,0,0,0,0,0,0,0,0,0,0,0,0,0,0,0,0,0,0,0,0,19,0,0,0,0,0,0
0,0,0,0,0,0,0,0,0,0,0,0,0,0,0,0,0,0,0,0,0,0,0,0,0,0,0,0,0,0,1,0,0,0,0,0,0,0,0,0,0,0,0,0,0,0,0,0,0,0,0,0,0,0,0,0,0,0,0,0,0,0,0,0,0,0,0,0,7,0,158,0,0,0,49,0,45,0,205,0,0,0,4,0,0,0,2,0,0,0,0,0,0,0,0,0,0,0,3,0,0,0,1,0,0,0,0,0,0,0,0,0,0,0,0,0,0,0,0,0,9,0,9,0,37,0,112,0,21,0,12,0,27,0,141,0,63,0,15,0,61,1,51,0,65,0,24,0,0,0,18,0,0,1,0,0,2,0,0,0,0,0,43,0,0,0,2,0,19,0,6,0,0,0,15,0,0,0,0,0,0,0,0,0,0,0,0,0,0,0,0,0,0,0,0,0,4,0,0,0,39,0,0,0,14,0,0,0,99,0,263,0,17,0,12,0,0,0,0,0,0,0,0,0,0
0,0,0,0,0,0,0,0,0,0,0,0,0,0,0,0,0,0,0,0,0,0,0,0,0,0,0,0,0,0,0,0,0,0,0,0,0,0,0,0,0,0,0,0,0,0,0,0,0,0,0,0,0,0,0,0,0,0,0,0,0,0,0,0,0,0,0,0,0,0,0,93,0,0,0,227,0,116,0,54,0,0,0,4,0,13,0,81,0,0,0,0,0,0,0,0,0,0,0,0,0,0,0,0,0,0,0,0,0,0,0,0,0,0,0,0,0,0,0,0,0,17,0,6,0,55,11,69,0,0,0,12,0,0,0,79,0,0,2,0,0,0,0,17,0,24,0,42,0,6,0,0,0,0,0,0,0,0,0,0,0,0,0,22,0,0,0,0,0,0,0,6,0,0,1,0,0,0,0,0,0,0,0,0,0,0,0,1,0,0,0,0,0,0,0,2,0,0,0,0,0,57,0,0,0,0,0,0,0,133,0,0,0,0,12,0,0,0,102,1,18,0,0,0,0
4,0,0,0,0,0,0,0,0,0,0,0,0,0,0,0,140,0,0,0,62,0,30,0,17,0,61,0,41,0,29,0,19,0,0,0,75,0,27,0,0,0,39,0,0,0,0,0,0,0,22,0,12,0,0,0,0,0,0,0,0,0,74,0,0,0,0,0,0,0,356,0,49,0,0,0,8,0,122,0,13,0,19,0,35,0,51,0,0,0,0,0,0,0,4,0,7,0,19,0,0,0,0,0,0,0,0,0,0,0,0,0,0,0,0,0,0,0,0,0,61,0,46,0,37,0,0,0,0,0,31,0,0,0,83,0,42,0,10,0,94,0,40,0,123,0,32,0,17,0,0,0,28,0,1,0,5,0,0,0,0,0,27,0,0,0,0,0,21,0,19,0,6,0,61,0,0,0,0,0,39,0,0,0,0,0,0,0,1,0,0,0,4,0,0,0,0,0,35,0,34,0,45,0,4,0,0,0,0,0,65,0,0,0,4,0,0,0,0,0,0,0,0,0,0
0,0,0,0,0,0,0,0,0,0,0,0,0,0,0,0,0,0,0,0,0,0,0,0,0,0,0,0,0,0,0,0,0,3,0,0,0,0,0,0,0,0,0,0,0,0,0,0,0,0,0,30,0,0,0,0,0,0,0,0,0,1,0,0,0,7,0,0,0,0,0,175,0,227,0,0,0,27,0,41,0,0,0,0,0,3,0,66,0,0,0,0,0,0,0,0,0,0,0,0,0,0,0,0,0,0,0,0,0,0,0,0,0,0,0,0,0,0,0,0,0,118,0,11,0,123,0,127,0,0,0,0,0,81,0,74,0,96,0,6,0,28,0,34,0,286,11,93,0,19,0,58,18,26,0,0,0,7,1,0,0,4,0,62,0,0,0,0,3,16,0,8,0,11,2,0,0,0,0,0,10,67,0,0,0,0,0,0,0,0,0,3,0,0,0,0,0,0,0,0,0,20,0,0,0,0,0,51,0,140,0,0,0,0,0,0,0,0,71,0,17,0,0,0,0
0,0,0,0,0,0,0,0,0,0,0,0,0,0,0,0,0,0,0,0,0,0,0,0,0,0,0,0,0,0,0,0,0,0,0,0,0,0,0,0,1,0,0,0,0,0,0,0,2,0,30,0,0,0,0,0,3,0,1,0,0,0,0,0,0,0,0,0,147,0,15,0,45,0,8,0,0,0,36,0,7,0,41,0,0,0,11,3,0,0,0,0,7,0,18,0,0,0,0,0,0,0,35,0,24,0,0,0,4,0,0,0,0,0,1,0,4,0,0,0,0,0,0,0,0,0,0,0,2,0,0,0,0,0,0,0,0,0,0,0,0,0,0,0,0,0,0,0,0,0,0,2,0,0,0,0,0,0,0,0,0,0,0,0,39,0,5,0,44,0,0,0,0,0,0,0,0,0,0,0,0,0,0,0,0,0,0,0,53,0,0,0,0,0,13,0,0,0,0,0,57,0,122,0,0,0,0,0,0,0,66,16,77,2,18,10,7,0,0,0,0,0,0,0,0
0,0,0,0,0,0,0,0,0,1,0,0,0,13,0,0,0,0,0,0,0,0,0,0,0,0,0,0,0,0,0,0,0,0,0,0,0,0,0,0,0,0,0,0,0,61,0,0,0,0,0,39,0,0,0,0,0,0,0,2,0,1,0,0,0,0,0,0,0,140,0,15,0,116,0,27,0,0,0,6,0,59,0,216,0,18,0,174,0,3,0,0,0,24,0,19,0,0,0,6,0,1,0,42,0,0,0,0,0,0,0,0,0,1,0,0,0,28,0,0,0,7,0,5,1,0,0,0,0,0,0,0,0,0,0,0,0,0,0,0,0,0,0,0,0,0,0,0,0,0,0,0,0,0,0,0,0,0,0,0,0,0,0,4,0,31,0,0,0,34,0,2,0,0,0,0,0,0,0,0,0,0,0,0,0,0,0,0,0,45,0,16,0,0,0,43,0,0,0,0,0,54,0,42,0,42,0,0,0,0,0,0,0,0,6,0,0,0,45,41,79,0,0,0,0
0,0,2,0,0,0,0,0,0,0,0,0,0,0,0,0,0,0,0,0,0,0,0,0,0,0,0,0,0,0,0,0,0,0,0,0,0,0,0,0,0,0,0,0,0,0,0,0,0,0,8,0,0,0,0,0,0,0,0,0,0,0,0,0,0,0,0,0,92,0,269,0,205,0,122,0,36,0,0,0,32,0,123,0,92,0,49,0,0,0,0,0,18,0,0,0,0,0,0,0,0,0,3,0,0,0,28,1,0,0,0,0,0,0,2,0,0,0,0,0,86,0,43,0,0,0,0,0,0,0,0,0,0,0,122,0,0,0,0,0,66,0,53,0,48,0,0,0,0,0,0,0,0,0,0,0,0,0,0,0,0,0,11,2,4,0,3,0,25,0,0,0,0,0,0,0,0,0,0,0,0,0,0,0,0,0,0,0,0,0,35,0,69,0,0,0,7,0,109,0,122,0,185,0,0,0,0,0,0,0,283,0,55,0,18,0,2,0,0,0,0,0,0,0,0
0,0,0,0,0,0,0,0,0,0,0,0,0,0,0,0,0,0,0,0,0,0,0,0,0,1,0,0,0,0,0,0,0,0,0,0,0,0,0,0,0,0,0,0,0,0,0,0,0,0,0,0,0,0,0,0,0,0,0,0,0,0,0,0,0,0,0,0,0,0,0,14,0,54,0,41,0,6,0,0,0,0,0,0,0,9,0,28,0,0,0,0,0,0,0,0,0,0,0,0,0,0,0,0,0,0,0,0,0,0,0,0,0,0,0,0,0,0,0,0,0,11,0,7,0,0,0,55,0,0,0,0,0,0,0,0,0,31,0,0,0,7,0,25,0,29,0,0,0,4,0,0,0,0,0,0,0,0,0,0,0,2,0,4,0,0,0,0,0,2,0,0,0,0,0,0,0,0,0,0,0,0,0,0,0,0,0,0,0,0,0,0,0,0,0,0,0,0,0,0,0,0,0,0,0,0,0,0,0,56,0,0,0,0,0,0,0,0,14,0,4,0,0,0,0
