0,361,75,132,55,0,14,186,116,0,162,0,133,0,0,9,51,37,10,0,0,0,76,53,9,381,36,1,64,0,0,0,22,0,0,0,39,0,360,0,21,0,0,0,5,0,22,0,3,0,7,0,8,0,0,56,0,0,3,0,36,0,20,27,14,0,0,0,0,0,0,0,2,0,0,0,0,0,0,0,0,0,0,0,0,0,0,0,0,0,0,0,0,0,0,0,0,0,0,0,0,0,0,0,0,0,0,0,0,0,0,0,0,0,0,0,0,0,0,0,0,0,0,0,0,0,0,0,0,0,0,0,0,0,0,0,0,0,0,0,0,0,0,0,0,0,0,0,30,0,0,0,44,0,0,0,0,0,0,0,0,0,0,0,0,0,0,0,10,0,0,0,303,0,0,0,505,53,8,0,53,0,55,0,58,0,0,0,0,0,0,0,0,0,0,0,0,0,0,0,0,0,0,0,0,0,0,0,0,0,952,254,262,90,328,0,0,0,14,0,0,0,0,0,0
361,0,609,61,60,210,54,70,76,63,37,191,0,64,15,171,81,9,0,361,0,0,335,9,208,7,0,136,0,62,0,12,0,69,0,0,0,119,3,205,0,0,0,0,0,11,0,27,0,4,0,0,0,36,0,33,0,7,0,16,0,243,0,94,0,62,0,16,0,0,0,0,0,0,0,0,0,0,0,0,0,0,0,0,0,0,0,0,0,0,0,0,0,0,0,0,0,0,0,0,0,0,0,0,0,0,0,0,0,0,0,0,0,0,0,0,0,0,0,0,0,0,0,0,0,45,0,63,0,0,0,58,0,22,0,74,0,109,0,0,0,0,0,0,0,0,0,0,0,79,0,76,0,91,0,6,0,22,0,0,0,0,0,4,0,0,0,0,0,38,0,55,0,272,0,0,133,406,0,6,0,41,0,32,0,107,0,1,0,0,0,0,0,0,0,0,0,0,0,0,0,0,0,0,0,0,0,0,0,21,0,0,0,0,354,0,0,0,836,166,341,0,4,8,0
75,609,0,232,172,0,63,0,42,23,31,50,127,0,184,59,61,73,117,0,42,0,587,139,79,356,154,0,276,0,58,0,226,0,5,0,130,0,774,0,55,0,5,0,0,0,59,0,8,0,0,0,0,0,137,34,0,0,25,0,38,19,63,0,41,0,9,0,0,0,0,0,0,0,0,0,0,0,0,0,0,0,0,0,0,0,0,1,0,0,0,0,0,0,0,0,65,0,0,0,0,1,0,0,0,0,82,0,0,0,0,0,0,0,0,0,0,0,0,0,0,0,0,0,71,0,119,0,9,0,76,0,9,0,81,0,85,0,0,0,5,0,187,0,0,0,103,0,62,0,47,0,20,0,0,0,0,0,0,0,4,0,9,0,0,0,67,0,13,0,9,0,328,0,9,0,156,56,3,5,0,0,4,0,11,0,0,0,0,0,0,0,0,0,0,0,0,0,0,0,42,0,0,0,0,0,8,0,41,0,805,128,564,131,508,0,5,0,0,0,0,0,0,0,0
132,61,232,0,93,59,0,89,0,2,75,5,0,0,57,273,0,30,0,145,0,241,128,272,7,52,0,38,2,221,0,30,0,275,0,18,0,71,0,356,0,0,0,0,0,46,0,0,0,0,0,0,0,0,0,57,0,6,0,0,0,22,0,5,0,0,0,0,0,0,0,0,0,0,0,0,0,0,0,0,0,0,0,0,0,0,0,0,0,0,0,0,0,0,0,0,0,0,0,0,0,0,0,0,0,0,0,0,0,0,0,0,0,0,0,0,0,0,0,0,0,0,0,1,0,0,0,9,0,7,0,14,1,8,0,0,0,85,0,0,0,0,0,54,0,0,0,1,0,12,0,0,0,0,0,0,0,2,0,0,0,8,0,0,0,0,0,106,0,39,0,11,0,164,0,0,50,59,0,1,0,0,7,0,0,0,0,0,0,0,0,0,0,0,0,0,0,0,0,0,0,0,0,0,0,0,0,0,0,0,0,0,0,0,144,0,0,0,292,38,485,32,0,0,0
55,60,172,93,0,470,7,0,50,0,93,191,478,63,133,471,0,0,98,185,80,91,69,257,13,0,223,0,0,8,91,0,172,63,113,0,244,0,73,0,129,0,19,0,7,0,110,0,0,0,73,0,0,0,0,1,0,0,0,0,0,0,0,0,13,0,0,0,0,0,0,0,0,0,0,0,0,0,0,0,0,0,0,0,0,0,0,0,0,0,0,0,0,0,0,0,0,0,0,0,0,0,0,0,0,0,0,0,0,0,0,0,0,0,0,0,0,0,0,0,1,0,0,0,0,0,0,0,0,0,5,0,0,0,0,0,0,0,0,0,0,0,0,0,0,0,0,0,9,0,0,0,0,0,0,0,0,0,0,0,0,0,0,0,84,0,199,0,18,0,0,0,62,0,0,0,527,139,137,16,23,0,27,0,20,0,5,0,0,0,0,0,0,0,0,0,0,0,0,0,0,0,0,0,0,0,0,0,0,0,528,431,429,98,246,2,0,0,0,0,0,0,0,0,0
0,210,0,59,470,0,0,34,0,0,71,200,389,103,237,226,0,2,493,201,114,102,0,68,0,1,0,246,0,17,8,66,0,368,0,211,0,235,0,0,0,44,38,27,0,0,0,93,0,0,54,0,0,0,0,0,0,0,0,4,0,0,0,0,0,11,0,0,0,0,0,0,0,0,0,0,0,0,0,0,0,0,0,0,0,0,0,0,0,0,0,0,0,0,0,0,0,0,0,0,0,13,0,0,0,2,0,0,0,0,0,0,0,0,0,0,0,0,0,3,0,0,0,0,0,0,0,0,0,0,0,0,0,0,0,0,0,0,0,0,0,0,0,0,0,0,0,0,0,29,0,0,0,0,0,0,0,0,0,0,0,7,0,0,0,111,0,298,0,219,0,20,0,56,0,0,105,311,23,40,0,67,0,0,0,36,0,22,0,0,0,0,0,0,0,0,0,0,0,0,0,0,0,0,0,0,0,0,0,0,0,0,0,0,218,0,0,0,454,218,673,0,0,0,1
14,54,63,0,7,0,0,0,179,181,13,0,16,0,0,0,9,0,0,0,0,0,21,0,259,49,0,0,34,0,0,0,0,0,0,0,0,0,0,0,2,0,0,0,0,0,0,0,20,0,0,0,16,15,120,134,14,0,5,0,86,0,82,20,71,0,91,0,0,0,0,0,0,0,0,0,0,0,0,0,0,0,0,0,0,0,0,0,0,0,1,0,0,0,0,0,0,0,0,0,0,0,0,0,0,0,0,0,0,0,0,0,0,0,0,0,0,0,0,0,0,0,0,0,100,0,84,0,0,0,105,0,11,0,0,0,14,0,0,0,1,0,0,0,0,0,49,0,53,0,28,0,2,0,1,0,0,0,2,0,8,0,0,0,8,0,0,0,23,0,87,0,327,0,0,0,40,22,0,0,0,0,0,0,5,0,0,0,0,0,0,0,0,0,0,0,0,0,0,0,0,0,0,0,0,0,0,0,22,0,549,32,398,170,520,6,0,13,0,0,0,0,0,0,0
186,70,0,89,0,34,0,0,195,63,0,24,0,3,0,74,38,69,0,57,0,42,68,55,233,199,0,18,0,117,0,0,0,21,0,0,0,39,0,292,0,0,0,0,0,9,0,0,0,0,0,0,0,24,0,377,0,26,0,31,4,324,10,188,0,0,0,6,0,0,0,0,0,5,0,1,0,0,0,0,0,0,0,0,0,0,0,0,0,0,0,0,0,0,0,0,0,1,0,0,0,0,0,0,0,0,0,0,0,0,0,0,0,0,0,0,0,0,0,0,0,0,0,0,0,62,0,72,0,10,0,89,0,30,0,0,0,109,0,0,0,0,0,46,0,0,0,16,0,18,0,0,0,9,0,0,0,0,0,0,0,17,0,6,0,0,0,4,0,56,0,77,0,327,0,0,33,30,0,0,0,0,0,44,0,0,0,0,0,0,0,0,0,0,0,0,0,0,0,2,0,6,0,0,0,0,0,0,0,0,5,0,0,0,616,0,0,0,801,45,467,257,1,45,6
116,76,42,0,50,0,179,195,0,379,54,0,64,0,20,0,31,0,15,0,0,0,11,0,51,48,35,0,8,0,0,0,0,0,0,0,0,0,39,0,0,0,0,0,0,0,0,0,12,0,9,0,68,33,30,454,5,26,123,126,169,0,117,36,135,0,200,61,0,0,0,0,0,0,0,0,0,0,0,0,0,0,0,0,0,0,0,0,0,0,0,0,0,0,0,0,0,0,0,0,0,0,0,0,0,0,0,0,0,0,0,0,0,0,0,0,0,0,0,0,0,0,0,0,45,0,49,0,0,0,52,0,0,0,0,0,0,0,0,0,0,0,0,0,8,0,38,0,141,0,22,0,27,0,0,0,1,1,0,0,8,0,7,0,0,0,0,0,30,0,65,0,162,0,2,0,384,70,0,0,0,0,1,0,83,14,0,0,0,0,0,0,0,0,0,0,0,0,0,0,0,0,0,0,0,0,0,0,8,0,726,63,240,172,497,5,0,0,0,0,0,0,0,0,0
0,63,23,2,0,0,181,63,379,0,0,29,0,1,0,20,23,0,0,31,0,0,0,0,349,0,0,6,0,0,0,0,0,0,0,0,0,5,0,0,0,0,0,0,0,0,0,0,0,0,0,0,18,43,144,74,0,18,0,120,0,126,31,81,0,171,11,197,0,0,0,0,0,0,0,0,0,0,0,0,0,0,0,0,0,0,0,1,0,0,0,0,0,0,0,0,0,0,0,0,0,0,0,0,0,0,0,0,0,0,0,0,0,0,0,0,0,0,0,0,0,0,0,0,0,77,0,55,0,0,0,82,0,15,0,50,0,70,0,0,0,0,0,11,0,0,0,26,0,94,0,0,0,16,0,32,0,39,0,0,0,0,0,0,0,0,0,0,0,0,0,64,0,85,0,2,54,277,0,2,0,0,3,100,0,102,0,0,0,0,0,0,0,0,0,0,0,0,0,0,0,0,0,0,0,0,0,1,0,21,0,0,0,0,278,0,0,0,677,46,156,0,0,16,0
162,37,31,75,93,71,13,0,54,0,0,59,233,0,15,179,0,0,8,0,21,0,0,158,0,8,27,0,4,0,0,0,69,0,0,3,103,0,46,0,34,0,0,0,0,0,24,0,0,0,2,0,0,0,3,1,5,0,0,0,0,0,0,0,8,0,0,0,0,0,0,0,0,0,0,0,0,0,0,0,0,0,0,0,0,0,0,0,0,0,0,0,0,0,0,0,0,0,0,0,0,0,0,0,0,0,0,0,0,0,0,0,0,0,0,0,0,0,0,0,0,0,0,0,0,0,0,0,0,0,0,0,0,0,0,0,0,0,0,0,0,0,0,0,0,0,0,0,8,0,18,0,0,0,0,0,0,0,0,0,0,0,0,0,14,0,44,0,6,0,0,0,26,0,5,0,479,36,95,0,49,0,39,0,9,0,13,0,0,0,0,0,0,0,0,0,0,0,0,0,0,0,0,0,0,0,0,0,0,0,210,155,119,33,78,0,1,0,0,0,0,0,0,0,0
0,191,50,5,191,200,0,24,0,29,59,0,48,370,126,35,0,11,135,205,32,66,46,90,0,0,0,306,0,41,5,26,0,301,0,36,0,121,0,101,0,104,5,0,0,34,0,182,0,11,0,30,0,0,0,0,0,0,0,0,0,0,0,0,0,24,0,1,0,0,0,0,0,0,0,0,0,0,0,0,0,0,0,0,0,0,0,0,0,0,0,0,0,0,0,0,0,0,0,0,0,0,0,0,0,0,0,0,0,0,0,0,0,0,0,0,0,0,0,0,0,0,0,0,0,0,0,0,0,0,0,0,0,0,0,0,0,44,0,0,0,0,0,0,0,0,0,12,0,21,0,0,0,119,0,0,0,0,0,0,0,0,0,2,0,29,0,56,0,60,0,0,0,0,0,0,77,262,13,38,0,122,0,35,0,40,0,23,0,0,0,0,0,0,0,0,0,0,0,0,0,0,0,0,0,0,0,0,0,0,0,0,0,0,141,0,0,0,529,211,287,0,0,0,0
133,0,127,0,478,389,16,0,64,0,233,48,0,546,16,109,0,0,11,602,0,137,0,14,0,0,123,319,0,0,0,0,0,0,60,60,13,0,0,0,183,60,84,27,52,0,163,40,66,0,196,46,0,0,3,0,0,0,0,0,0,0,2,0,0,0,0,0,0,0,0,0,0,0,0,0,0,0,0,0,0,0,0,0,0,0,0,0,0,0,0,0,0,0,0,0,0,0,0,0,0,0,0,0,0,0,0,0,0,0,0,0,0,0,0,0,0,0,0,0,0,0,0,0,0,0,0,0,0,0,0,0,0,0,0,0,0,0,0,0,0,0,0,0,0,0,9,0,0,0,0,0,0,0,0,0,0,0,0,0,0,0,0,0,39,0,6,0,0,0,0,0,0,0,0,0,389,135,230,0,0,0,43,0,16,0,206,32,0,0,0,0,0,0,0,0,0,0,0,0,0,0,0,0,0,0,0,0,0,0,0,145,104,0,0,0,0,0,0,12,16,0,0,0,0
0,64,0,0,63,103,0,3,0,1,0,370,546,0,6,0,0,0,287,49,0,51,0,0,0,0,430,135,0,0,0,0,0,0,6,69,0,11,0,0,142,180,75,208,55,70,74,179,16,31,57,343,0,0,0,0,0,0,0,0,0,0,0,0,1,0,0,0,0,0,0,0,0,0,0,0,0,0,0,0,0,0,0,0,0,0,0,0,0,0,0,0,0,0,0,0,0,0,0,0,0,0,0,0,0,0,0,0,0,0,0,0,0,0,0,0,0,0,0,0,0,0,0,0,0,0,0,0,0,0,0,0,0,0,0,0,0,0,0,0,0,0,0,0,0,0,0,0,0,2,0,0,0,0,0,1,0,0,0,0,0,0,0,0,0,71,0,0,0,0,0,0,0,3,0,0,74,181,0,23,0,0,0,7,0,8,80,34,0,0,0,0,0,0,0,0,0,0,0,0,0,0,0,0,0,0,0,0,0,0,0,0,0,0,34,0,0,0,43,131,257,0,0,0,0
0,15,184,57,133,237,0,0,20,0,15,126,16,6,0,254,46,0,284,19,120,38,298,200,141,0,127,0,0,6,77,5,49,51,80,0,92,12,0,0,5,0,0,0,0,0,0,0,1,0,25,0,0,0,0,0,0,0,0,0,2,0,17,0,1,0,0,0,0,0,0,0,0,0,0,0,0,0,0,0,0,0,0,0,74,0,0,0,0,0,0,0,0,0,0,0,0,0,117,0,0,0,0,0,0,0,0,0,0,0,0,0,0,0,0,0,0,0,0,0,0,0,0,0,0,0,0,0,0,0,0,0,0,0,0,0,0,0,0,0,49,0,119,0,0,0,0,0,0,0,10,0,6,0,0,0,0,0,0,0,0,0,7,0,51,1,98,0,21,0,0,0,27,0,0,0,63,39,18,8,0,0,25,0,13,0,0,0,0,0,0,0,0,0,0,0,0,0,0,0,0,0,0,0,0,0,0,0,0,0,336,469,160,43,110,0,0,0,0,0,0,0,0,0,0
9,171,59,273,471,226,0,74,0,20,179,35,109,0,254,0,3,8,147,238,90,282,48,140,0,87,0,81,0,0,0,49,0,61,0,22,0,57,0,12,0,0,0,10,0,16,0,3,0,1,8,4,0,31,0,75,0,0,0,0,0,14,0,0,0,13,0,0,0,0,0,0,0,0,0,0,0,0,0,0,0,0,0,0,0,0,0,0,0,0,0,9,0,0,0,0,0,0,0,0,0,0,0,0,0,0,0,0,0,0,0,0,0,0,0,0,0,0,0,0,0,0,0,0,0,0,0,12,1,11,0,0,0,0,0,0,0,138,0,0,0,0,0,0,0,0,0,0,0,23,0,0,0,0,0,0,0,21,0,0,0,0,0,0,0,13,0,44,0,39,0,0,0,7,0,4,61,35,28,28,0,13,0,6,0,47,0,0,0,0,0,0,0,0,0,0,0,0,0,0,0,0,0,0,0,0,0,0,0,0,0,0,0,0,61,0,0,0,178,173,75,0,0,0,0
51,81,61,0,0,0,9,38,31,23,0,0,0,0,46,3,0,0,18,0,268,0,195,0,51,75,0,0,93,0,28,0,66,0,0,0,14,0,236,0,0,0,0,0,24,0,0,0,0,0,36,0,97,0,17,21,17,0,0,0,36,0,198,11,0,0,0,0,0,0,32,0,0,0,60,0,0,0,0,0,285,0,0,0,251,0,208,0,0,0,118,0,0,0,0,0,411,0,637,0,466,0,0,0,0,0,180,0,0,0,0,0,0,0,0,0,0,0,0,0,137,0,87,0,0,0,0,0,97,0,0,0,7,0,6,0,115,0,176,0,336,0,306,0,13,0,0,0,0,0,0,0,0,0,48,0,0,0,35,0,0,0,6,0,0,0,0,0,0,0,0,0,48,0,0,0,6,0,0,0,0,0,14,0,0,0,0,0,0,0,0,0,0,0,0,0,0,0,0,0,0,0,0,0,0,0,0,0,0,0,55,259,50,6,17,3,3,0,0,0,0,0,0,0,0
37,9,73,30,0,2,0,69,0,0,0,11,0,0,0,8,0,0,0,1,0,124,63,74,7,127,0,6,0,109,0,27,0,22,0,15,0,14,0,124,0,0,0,0,0,0,0,0,0,0,0,0,0,33,0,55,0,102,0,0,0,29,0,128,0,0,0,0,0,0,0,0,0,0,0,7,0,0,0,0,0,153,0,0,0,80,0,41,0,0,0,0,0,0,0,0,0,0,0,142,0,254,0,0,0,0,0,0,0,0,0,0,0,0,0,0,0,0,0,0,0,30,0,0,0,0,0,0,0,89,0,11,0,21,0,0,0,76,0,158,0,171,0,391,0,8,0,0,0,0,0,0,0,0,0,94,0,0,0,119,0,0,0,0,0,4,0,14,0,0,0,0,1,13,0,0,0,21,0,12,0,0,0,8,0,0,0,0,0,0,0,0,0,0,0,0,0,0,0,0,0,0,0,0,0,0,0,0,0,0,0,0,0,0,13,0,0,0,27,150,53,0,0,0,0
10,0,117,0,98,493,0,0,15,0,8,135,11,287,284,147,18,0,0,383,128,120,211,14,33,0,197,70,5,0,38,0,12,12,289,58,60,46,0,0,1,4,83,0,14,0,20,0,0,3,447,24,0,0,0,0,0,0,0,0,0,0,0,0,0,0,0,0,0,0,0,0,0,0,0,0,0,0,0,0,0,0,0,0,0,0,0,0,0,0,0,0,0,0,0,0,0,0,0,0,0,0,0,0,0,0,0,0,0,0,0,0,0,0,0,0,0,0,0,0,0,0,0,0,0,0,0,0,0,0,0,0,0,0,0,0,14,0,0,0,23,0,0,0,10,0,0,0,0,0,0,0,0,0,0,0,0,0,0,0,0,0,0,0,131,0,45,0,0,0,3,0,0,0,0,0,29,44,7,0,0,0,30,0,0,0,0,8,0,0,0,0,0,0,0,0,0,0,0,0,0,0,0,0,0,0,0,0,0,0,131,437,288,0,54,0,0,0,0,0,0,0,0,0,0
0,361,0,145,185,201,0,57,0,31,0,205,602,49,19,238,0,1,383,0,42,151,0,0,0,0,193,241,0,0,0,27,0,0,20,227,0,98,0,0,51,5,83,90,10,54,23,42,0,5,84,243,0,15,0,0,0,0,0,0,0,0,0,10,0,28,0,3,0,0,0,0,0,0,0,0,0,0,0,0,0,0,0,0,0,0,0,0,0,0,0,0,0,0,0,0,0,0,0,0,0,0,0,0,0,0,0,0,0,0,0,0,0,0,0,0,0,0,0,0,0,0,0,0,0,0,0,0,0,0,0,3,0,0,0,0,0,72,0,0,0,0,0,0,0,0,0,0,0,47,0,0,0,74,0,0,0,0,0,0,0,0,0,3,2,57,0,33,0,60,0,0,0,9,0,0,44,53,0,42,0,62,0,10,0,60,29,12,0,0,0,0,0,0,0,0,0,0,0,0,0,0,0,0,0,0,0,0,0,0,0,0,0,0,54,0,0,0,113,235,167,0,6,0,0
0,0,42,0,80,114,0,0,0,0,21,32,0,0,120,90,268,0,128,42,0,19,215,43,33,0,166,0,32,0,85,0,84,10,179,0,117,0,28,0,0,0,16,0,20,0,0,0,2,0,158,0,0,0,0,0,0,0,0,0,0,0,66,0,0,0,0,0,0,0,71,0,0,0,95,0,0,0,0,0,161,0,0,0,80,0,133,0,0,0,0,0,0,0,0,0,0,0,520,0,397,0,0,0,0,0,0,0,0,0,0,0,0,0,0,0,0,0,0,0,0,0,0,0,0,0,0,0,0,0,0,0,0,0,0,0,0,0,0,0,106,0,71,0,58,0,0,0,0,0,0,0,0,0,3,0,1,0,0,0,0,0,0,0,70,0,138,0,37,0,8,0,59,0,0,0,0,6,13,1,0,0,7,0,6,0,0,0,0,0,0,0,0,0,0,0,0,0,0,0,0,0,0,0,0,0,0,0,0,0,217,505,245,45,137,0,0,0,0,0,0,0,0,0,0
0,0,0,241,91,102,0,42,0,0,0,66,137,51,38,282,0,124,120,151,19,0,2,421,0,125,51,219,0,62,0,56,0,52,13,118,0,56,0,11,0,0,15,131,0,150,0,0,0,0,27,96,0,0,0,61,0,64,0,0,0,0,0,66,0,0,0,0,0,0,0,0,0,0,0,0,0,0,0,0,0,0,0,0,0,47,0,0,0,0,0,0,0,0,0,0,0,0,0,0,0,0,0,0,0,0,0,0,0,0,0,0,0,0,0,0,0,0,0,0,0,46,0,0,0,0,0,0,1,0,0,0,0,0,0,0,0,0,0,114,0,231,0,406,0,0,0,0,0,0,0,0,0,0,0,25,0,4,0,0,0,0,0,0,0,42,0,46,0,73,0,5,0,27,0,0,0,15,0,35,0,0,0,0,0,0,0,14,0,0,0,0,0,0,0,0,0,0,0,0,0,0,0,0,0,0,0,0,0,0,0,0,0,0,72,0,0,0,191,441,170,0,0,0,0
76,335,587,128,69,0,21,68,11,0,0,46,0,0,298,48,195,63,211,0,215,2,0,162,114,248,129,0,52,0,54,0,16,0,27,0,12,0,53,24,0,0,17,0,0,0,0,0,4,0,42,0,13,0,33,12,0,2,0,0,3,0,18,14,0,0,0,0,0,0,0,0,0,0,0,0,0,0,0,0,0,0,0,0,178,0,38,0,0,0,0,0,0,0,0,0,392,0,0,0,0,0,0,0,0,0,0,0,0,0,0,0,0,0,0,0,0,0,0,0,0,0,66,0,3,0,0,0,0,0,0,0,0,0,49,0,191,0,28,0,130,0,455,0,0,0,0,0,0,0,0,0,0,0,5,0,0,0,0,0,0,0,0,0,0,0,17,0,0,0,0,0,30,0,0,0,42,0,2,0,0,0,15,0,0,0,0,0,0,0,0,0,0,0,0,0,0,0,0,0,0,0,0,0,0,0,0,0,0,0,74,594,38,0,53,0,0,0,0,0,0,0,0,0,0
53,9,139,272,257,68,0,55,0,0,158,90,14,0,200,140,0,74,14,0,43,421,162,0,0,101,0,11,0,56,2,38,10,44,0,5,0,15,3,17,0,0,0,8,0,7,3,0,0,0,0,0,0,0,0,73,0,34,0,0,0,0,0,44,0,0,0,0,0,0,0,0,0,0,0,0,0,0,0,0,0,51,0,0,0,18,0,15,0,0,0,48,0,0,0,0,0,0,0,61,0,0,0,0,0,0,0,0,0,0,0,0,0,0,0,0,0,0,0,0,0,11,0,4,0,0,0,0,0,19,0,0,0,0,0,0,0,28,0,23,0,53,0,161,0,0,0,0,0,0,0,0,0,0,0,24,0,0,0,0,0,0,0,0,0,0,0,94,0,21,0,2,0,27,0,0,39,66,0,70,0,0,0,0,0,0,0,0,0,0,0,0,0,0,0,0,0,0,0,0,0,0,0,0,0,0,0,0,0,0,0,0,0,0,38,0,0,0,118,416,130,0,0,0,0
9,208,79,7,13,0,259,233,51,349,0,0,0,0,141,0,51,7,33,0,33,0,114,0,0,126,22,0,22,0,0,0,4,0,0,0,0,0,17,0,0,0,0,0,17,0,4,0,3,0,0,0,64,13,135,327,30,0,21,0,29,0,152,78,0,0,0,0,0,0,0,0,0,0,0,0,0,0,0,0,10,0,0,0,0,0,0,0,0,0,0,0,0,0,0,0,0,0,0,0,0,0,6,0,0,0,103,0,0,0,0,0,0,0,0,0,0,0,0,0,3,0,0,0,0,0,21,0,146,0,0,0,8,0,48,0,229,0,0,0,56,0,291,0,0,0,18,0,4,0,0,0,2,0,14,0,0,0,18,0,4,0,0,0,0,0,0,0,5,0,15,0,93,0,0,0,17,20,0,0,0,0,4,10,0,0,0,0,0,0,0,0,0,0,0,0,0,0,0,0,13,0,0,0,1,0,0,0,0,0,47,111,72,31,87,0,0,0,0,0,0,0,0,0,0
381,7,356,52,0,1,49,199,48,0,8,0,0,0,0,87,75,127,0,0,0,125,248,101,126,0,0,0,0,99,0,0,0,7,0,0,0,4,0,93,0,0,0,0,0,0,0,0,0,0,0,0,0,9,0,224,0,75,0,12,0,30,0,38,0,0,0,0,0,0,0,0,0,0,0,0,0,0,0,0,0,0,0,0,0,14,0,0,0,0,0,0,0,0,0,0,0,0,0,0,0,63,0,0,0,0,0,0,0,0,0,0,0,0,0,0,0,0,0,0,0,0,0,0,0,0,0,4,0,42,0,0,0,15,0,0,0,0,0,0,1,25,0,159,0,0,0,0,0,0,0,0,0,0,0,59,0,0,0,39,0,17,0,0,0,0,0,0,0,4,0,9,0,60,0,0,27,33,0,0,0,0,10,0,0,0,0,0,0,0,0,0,0,0,0,0,0,0,0,0,0,0,0,0,0,0,0,0,0,0,0,0,0,0,26,0,0,0,60,229,44,17,0,0,0
36,0,154,0,223,0,0,0,35,0,27,0,123,430,127,0,0,0,197,193,166,51,129,0,22,0,0,276,12,0,36,0,31,0,34,0,74,0,0,0,7,152,298,44,352,38,140,101,48,7,222,42,0,0,0,0,0,0,0,0,0,0,17,0,0,0,0,0,0,0,0,0,0,0,0,0,0,0,0,0,0,0,0,0,0,0,0,0,0,0,0,0,0,0,0,0,0,0,0,0,0,0,0,0,0,0,0,0,0,0,0,0,0,0,0,0,1,0,0,0,0,0,0,0,0,0,0,0,0,0,0,0,0,0,0,0,0,0,0,0,0,0,0,0,0,0,0,0,8,0,0,0,0,0,2,0,0,0,0,0,0,0,0,0,133,0,23,0,0,0,0,0,0,0,0,0,20,24,17,0,0,0,20,0,0,0,5,47,0,0,0,0,0,0,0,0,0,0,0,0,0,0,0,0,0,0,0,0,0,0,50,668,375,27,29,0,0,27,1,0,0,0,0,0,0
1,136,0,38,0,246,0,18,0,6,0,306,319,135,0,81,0,6,70,241,0,219,0,11,0,0,276,0,0,0,0,7,0,0,0,24,0,9,0,0,164,26,48,238,54,272,117,225,18,30,21,245,0,1,0,0,0,0,0,0,0,0,0,0,0,0,0,1,0,0,0,0,0,0,0,0,0,0,0,0,0,0,0,0,0,0,0,0,0,0,0,0,0,0,0,0,0,0,0,0,0,0,0,0,0,0,0,0,0,0,0,0,0,0,0,0,0,0,0,0,0,0,0,0,0,0,0,0,0,0,0,0,0,0,0,0,0,0,0,0,0,0,0,0,0,0,0,0,0,0,0,0,0,0,0,0,0,0,0,0,0,0,0,0,0,89,0,0,0,0,0,0,0,0,0,0,13,33,0,32,0,0,0,0,0,0,58,10,0,0,0,0,0,0,0,0,0,0,0,0,0,0,0,0,0,0,0,0,0,0,0,0,0,0,24,0,0,0,0,438,315,0,0,0,20
64,0,276,2,0,0,34,0,8,0,4,0,0,0,0,0,93,0,5,0,32,0,52,0,22,0,12,0,0,0,41,0,5,0,17,0,11,0,0,0,0,0,23,0,0,0,0,0,0,0,10,0,2,0,0,0,0,0,0,0,16,0,8,0,0,0,0,0,0,0,17,0,0,0,0,0,0,0,6,0,44,0,0,0,0,0,31,0,0,0,18,0,0,0,0,0,0,0,111,0,0,0,0,0,0,0,0,0,0,0,0,0,0,0,0,0,0,0,0,0,25,0,0,0,0,0,0,0,0,0,0,0,0,0,0,0,5,0,22,0,71,0,0,0,21,0,0,0,0,0,0,0,0,0,1,0,0,0,7,0,0,0,0,0,0,0,0,0,0,0,0,0,0,0,0,0,5,0,0,0,0,0,5,0,0,0,0,0,0,0,0,0,0,0,0,0,0,0,0,0,0,0,0,0,0,0,0,0,0,0,8,42,4,0,0,0,0,0,0,0,0,0,0,0,0
0,62,0,221,8,17,0,117,0,0,0,41,0,0,6,0,0,109,0,0,0,62,0,56,0,99,0,0,0,0,0,33,0,14,0,12,0,5,0,5,0,0,0,23,0,0,0,0,0,0,0,8,0,7,0,46,0,0,0,6,0,8,0,55,0,0,0,0,0,0,0,0,0,0,0,4,0,0,0,0,0,38,0,0,0,28,0,0,0,0,0,0,0,0,0,0,0,0,0,0,0,49,0,4,0,0,0,0,0,0,0,0,0,0,0,0,0,0,0,0,0,19,0,3,0,0,0,0,0,0,0,0,0,0,0,0,0,36,0,212,0,245,0,253,0,35,0,0,0,0,0,0,0,0,0,17,0,2,0,65,0,0,0,2,0,0,0,2,0,0,0,0,0,0,0,0,0,23,0,31,0,1,2,1,0,0,0,0,0,0,0,0,0,0,0,0,0,0,0,0,0,0,0,0,0,0,0,0,0,0,0,0,0,0,3,0,0,0,6,101,0,0,0,0,0
0,0,58,0,91,8,0,0,0,0,0,5,0,0,77,0,28,0,38,0,85,0,54,2,0,0,36,0,41,0,0,0,4,0,32,0,16,0,1,0,0,0,45,0,5,0,0,0,0,0,45,0,1,0,0,0,0,0,0,0,3,0,32,0,0,0,0,0,0,0,9,0,0,0,12,0,0,0,0,0,37,0,0,0,14,0,20,0,0,0,0,0,0,0,0,0,0,0,84,0,52,0,0,0,4,0,0,0,0,0,0,0,0,0,0,0,0,0,0,0,0,0,0,0,0,0,0,0,0,0,0,0,0,0,0,0,0,0,17,0,50,0,0,0,34,0,0,0,0,0,0,0,0,0,0,0,0,0,4,0,2,0,0,0,0,0,18,0,0,0,0,0,2,0,0,0,19,3,20,0,0,0,0,0,0,0,0,0,0,0,0,0,0,0,0,0,0,0,0,0,0,0,0,0,0,0,0,0,0,0,46,142,38,10,25,0,0,0,0,0,0,0,0,0,0
0,12,0,30,0,66,0,0,0,0,0,26,0,0,5,49,0,27,0,27,0,56,0,38,0,0,0,7,0,33,0,0,0,17,0,12,0,5,0,8,0,0,0,78,0,0,0,0,0,0,0,33,0,0,0,0,0,0,0,0,0,11,0,15,0,0,0,0,0,0,0,0,0,0,0,0,0,0,0,0,0,0,0,0,0,0,0,0,0,0,0,0,0,0,0,0,0,0,0,0,0,0,0,0,0,0,0,0,0,0,0,0,0,0,0,0,0,0,0,0,0,0,0,0,0,0,0,0,0,0,0,0,0,0,0,0,0,0,0,116,0,215,0,152,0,0,0,0,0,0,0,0,0,0,0,2,0,19,0,0,0,0,0,0,0,0,0,17,0,0,0,0,0,6,0,0,0,7,2,18,0,0,0,0,0,0,0,0,0,0,0,0,0,0,0,0,0,0,0,0,0,0,0,0,0,0,0,0,0,0,0,0,0,0,13,0,0,0,0,59,55,0,0,0,0
22,0,226,0,172,0,0,0,0,0,69,0,0,0,49,0,66,0,12,0,84,0,16,10,4,0,31,0,5,0,4,0,0,0,36,0,68,0,0,0,0,0,67,0,4,0,0,0,2,0,71,0,0,0,0,0,0,0,0,0,2,0,3,0,0,0,0,0,0,0,0,0,0,0,0,0,0,0,0,0,0,0,0,0,0,0,0,0,0,0,0,0,0,0,0,0,0,0,0,0,0,0,0,0,0,0,0,0,0,0,0,0,0,0,0,0,0,0,0,0,0,0,0,0,0,0,0,0,0,0,0,0,0,0,0,0,0,0,6,0,0,0,0,0,0,0,0,0,0,0,0,0,0,0,0,0,0,0,0,0,0,0,0,0,0,0,9,0,0,0,0,0,4,0,0,0,24,1,13,0,0,0,0,0,0,0,0,0,0,0,0,0,0,0,0,0,0,0,0,0,0,0,0,0,0,0,0,0,0,0,49,143,32,0,16,0,0,1,0,0,0,0,0,0,0
0,69,0,275,63,368,0,21,0,0,0,301,0,0,51,61,0,22,12,0,10,52,0,44,0,7,0,0,0,14,0,17,0,0,0,23,3,132,0,9,0,0,0,38,0,15,0,0,0,0,0,25,0,3,0,0,0,4,0,0,0,27,0,17,0,0,0,0,0,0,0,0,0,0,0,0,0,0,0,0,0,0,0,0,0,0,0,0,0,0,0,0,0,0,0,0,0,0,0,0,0,0,0,0,0,0,0,0,0,0,0,0,0,0,0,0,0,0,0,0,0,0,0,0,0,0,0,0,0,0,0,0,0,0,0,0,0,0,0,46,0,75,0,0,0,0,0,0,0,0,0,0,0,0,0,3,0,21,0,0,0,0,0,0,0,0,0,54,0,20,0,0,0,5,0,0,0,81,0,144,0,0,0,4,0,0,0,0,0,0,0,0,0,0,0,0,0,0,0,0,0,0,0,0,0,0,0,0,0,0,0,0,0,0,15,0,0,0,28,156,65,8,0,0,1
0,0,5,0,113,0,0,0,0,0,0,0,60,6,80,0,0,0,289,20,179,13,27,0,0,0,34,0,17,0,32,0,36,0,0,0,140,0,0,0,0,0,70,0,9,0,0,0,0,0,73,0,0,0,0,0,0,0,0,0,0,0,0,0,0,0,0,0,0,0,0,0,0,0,0,0,0,0,0,0,0,0,0,0,0,0,0,0,0,0,0,0,0,0,0,0,0,0,0,0,0,0,0,0,0,0,0,0,0,0,0,0,0,0,0,0,0,0,0,0,0,0,0,0,0,0,0,0,0,0,0,0,0,0,0,0,0,0,0,0,0,0,0,0,0,0,0,0,0,0,0,0,0,0,0,0,0,0,0,0,0,0,0,0,19,0,24,0,0,0,0,0,0,0,0,0,0,0,52,0,0,0,3,0,0,0,0,0,0,0,0,0,0,0,0,0,0,0,0,0,0,0,0,0,0,0,0,0,0,0,42,201,60,0,0,0,0,0,0,0,0,0,0,0,0
0,0,0,18,0,211,0,0,0,0,3,36,60,69,0,22,0,15,58,227,0,118,0,5,0,0,0,24,0,12,0,12,0,23,0,0,0,57,0,7,0,0,0,44,0,9,0,0,0,0,12,36,0,0,0,0,0,0,0,0,0,14,0,17,0,0,0,0,0,1,0,0,0,0,0,0,0,0,0,0,0,0,0,0,0,0,0,0,0,13,0,0,0,0,0,0,0,0,0,0,0,27,0,0,0,0,0,0,0,0,0,0,0,0,0,0,0,0,0,0,0,0,0,0,0,0,0,0,0,0,0,0,0,0,0,0,0,0,0,47,0,115,0,127,0,0,0,0,0,0,0,0,0,0,0,7,0,10,0,12,0,0,0,0,0,26,0,21,0,33,0,2,0,6,0,0,0,20,0,28,0,0,0,0,0,0,0,58,0,0,0,0,0,0,0,0,0,0,0,0,0,0,0,0,0,0,0,0,0,0,0,0,0,0,0,0,0,0,70,214,120,0,0,0,0
39,0,130,0,244,0,0,0,0,0,103,0,13,0,92,0,14,0,60,0,117,0,12,0,0,0,74,0,11,0,16,0,68,3,140,0,0,0,34,0,0,0,129,0,44,0,0,0,3,0,49,0,5,0,0,0,0,0,21,0,5,0,7,0,0,0,0,0,0,0,69,0,0,0,75,0,0,0,0,0,66,0,0,0,0,0,67,0,0,0,0,0,0,0,0,0,0,0,173,0,133,0,0,0,0,0,0,0,0,0,0,0,0,0,0,0,0,0,0,0,0,0,0,0,0,0,0,0,0,0,0,0,0,0,0,0,0,0,88,0,127,0,0,0,156,0,0,0,0,0,0,0,0,0,7,0,26,0,19,0,0,0,21,0,28,0,11,0,0,0,25,0,16,0,0,0,26,2,62,0,0,0,17,0,0,0,0,0,1,0,0,0,0,0,0,0,0,0,0,0,0,0,0,0,0,0,0,0,0,0,43,117,57,23,30,0,0,3,0,0,0,0,0,0,0
0,119,0,71,0,235,0,39,0,5,0,121,0,11,12,57,0,14,46,98,0,56,0,15,0,4,0,9,0,5,0,5,0,132,0,57,0,0,0,25,0,1,0,107,0,38,0,0,0,0,0,79,0,0,0,0,0,0,0,0,0,29,0,14,0,0,0,0,0,0,0,0,0,0,0,0,0,0,0,0,0,0,0,0,0,17,0,13,0,0,0,0,0,0,0,0,0,0,0,0,0,0,0,0,0,0,0,0,0,0,0,0,0,0,0,0,0,0,0,0,0,30,0,0,0,0,0,0,0,0,0,0,0,0,0,0,0,0,0,141,0,309,0,186,0,137,0,0,0,0,0,0,0,0,0,11,0,65,0,0,0,0,0,0,0,24,0,17,0,69,0,10,0,33,0,0,7,33,0,88,0,0,0,13,0,0,0,27,0,0,0,0,0,0,0,0,0,0,0,0,0,0,0,0,0,0,0,0,0,0,0,0,0,0,14,0,0,0,59,166,50,0,0,0,0
360,3,774,0,73,0,0,0,39,0,46,0,0,0,0,0,236,0,0,0,28,0,53,3,17,0,0,0,0,0,1,0,0,0,0,0,34,0,0,0,0,0,6,0,1,0,0,0,1,0,3,0,4,0,0,2,0,0,0,0,5,0,9,0,0,0,0,0,0,0,7,0,0,0,0,0,0,0,0,0,0,0,0,0,0,0,0,0,0,0,0,0,0,0,0,0,0,0,0,0,0,0,0,0,0,0,0,0,0,0,0,0,0,0,0,0,0,0,0,0,0,0,0,0,0,0,0,0,0,0,0,0,0,0,0,0,0,0,64,0,56,0,0,0,42,0,0,0,0,0,0,0,0,0,3,0,29,0,0,0,0,0,4,0,0,0,12,0,0,0,0,0,22,0,0,0,26,0,0,0,0,0,54,0,0,0,0,0,0,0,0,0,0,0,0,0,0,0,0,0,0,0,0,0,0,0,0,0,0,0,92,170,33,22,55,0,0,0,0,0,0,0,0,0,0
0,205,0,356,0,0,0,292,0,0,0,101,0,0,0,12,0,124,0,0,0,11,24,17,0,93,0,0,0,5,0,8,0,9,0,7,0,25,0,0,0,0,0,3,0,0,0,0,0,0,0,1,0,2,0,0,0,0,0,0,0,10,0,18,0,0,0,0,0,0,0,0,0,0,0,0,0,0,0,0,0,0,0,0,0,0,0,0,0,0,0,0,0,0,0,0,0,0,0,0,0,0,0,0,0,0,0,0,0,0,0,0,0,0,0,0,0,0,0,0,0,0,0,0,0,0,0,0,0,0,0,0,0,0,0,0,0,0,0,107,0,98,0,0,0,38,0,0,0,0,0,0,0,0,0,0,0,22,0,24,0,0,0,0,0,2,0,0,0,0,0,0,0,10,0,0,0,73,0,99,0,0,0,17,0,0,0,0,0,0,0,0,0,0,0,0,0,0,0,0,0,0,0,0,0,0,0,0,0,0,0,0,0,0,0,0,0,0,0,199,11,0,0,0,0
21,0,55,0,129,0,2,0,0,0,34,0,183,142,5,0,0,0,1,51,0,0,0,0,0,0,7,164,0,0,0,0,0,0,0,0,0,0,0,0,0,190,0,32,35,52,130,126,102,8,0,0,0,0,0,0,0,0,0,0,0,0,0,0,0,0,0,0,0,0,0,0,0,0,0,0,0,0,0,0,0,0,0,0,0,0,0,0,0,0,0,0,0,0,0,0,0,0,0,0,0,0,0,0,0,0,0,0,0,0,0,0,0,0,0,0,0,0,0,0,0,0,0,0,0,0,0,0,0,0,0,0,0,0,0,0,0,0,0,0,0,0,0,0,0,0,0,0,0,0,0,0,0,0,0,0,0,0,0,0,0,0,0,0,0,0,0,0,0,0,0,0,0,0,0,0,52,41,44,0,0,0,15,0,4,0,39,21,0,0,0,0,0,0,0,0,0,0,0,0,0,0,0,0,0,0,0,0,0,0,0,59,0,0,0,0,0,6,0,0,0,0,0,0,0
0,0,0,0,0,44,0,0,0,0,0,104,60,180,0,0,0,0,4,5,0,0,0,0,0,0,152,26,0,0,0,0,0,0,0,0,0,1,0,0,190,0,0,35,104,39,218,203,85,144,0,11,0,0,0,0,0,0,0,0,0,0,0,0,0,2,0,0,0,0,0,0,0,0,0,0,0,0,0,0,0,0,0,0,0,0,0,0,0,0,0,0,0,0,0,0,0,0,0,0,0,0,0,0,0,0,0,0,0,0,0,0,0,0,0,0,0,0,0,0,0,0,0,0,0,0,0,0,0,0,0,0,0,0,0,0,0,0,0,0,0,0,0,0,0,0,0,0,0,0,0,0,0,0,0,0,0,0,0,0,0,0,0,0,0,0,0,0,0,0,0,0,0,0,0,0,0,125,0,8,0,13,0,4,0,5,57,8,0,0,0,0,0,0,0,0,0,0,0,0,0,0,0,0,0,0,0,0,0,0,0,14,0,0,0,0,0,8,2,144,0,0,0,0,30
0,0,5,0,19,38,0,0,0,0,0,5,84,75,0,0,0,0,83,83,16,15,17,0,0,0,298,48,23,0,45,0,67,0,70,0,129,0,6,0,0,0,0,0,185,0,37,0,23,0,58,0,0,0,1,0,0,0,0,0,0,0,0,0,0,0,4,0,0,0,11,0,0,0,38,0,0,0,0,0,34,0,0,0,0,0,0,0,0,0,0,0,0,0,0,0,0,0,85,0,71,0,0,0,0,0,0,0,0,0,0,0,0,0,0,0,0,0,0,0,0,0,0,0,0,0,0,0,0,0,0,0,0,0,0,0,0,0,0,0,0,0,0,0,0,0,0,0,0,0,0,0,0,0,0,0,0,0,0,1,3,0,0,0,43,0,28,0,0,0,0,0,11,0,0,0,0,0,30,0,8,0,0,0,0,0,2,3,0,0,0,0,0,0,0,0,0,0,0,0,0,0,0,0,0,0,0,0,0,0,22,188,86,7,13,0,0,15,0,0,0,0,0,0,0
0,0,0,0,0,27,0,0,0,0,0,0,27,208,0,10,0,0,0,90,0,131,0,8,0,0,44,238,0,23,0,78,0,38,0,44,0,107,0,3,32,35,0,0,0,141,13,49,3,44,2,64,0,0,0,0,0,55,1,0,0,0,0,21,0,0,0,0,0,0,0,9,0,0,0,0,0,0,0,0,0,0,0,0,0,0,0,0,0,0,0,0,0,0,0,0,0,0,0,0,0,100,0,0,0,0,0,0,0,0,0,0,0,0,0,0,0,0,0,0,0,23,0,0,0,0,0,0,0,0,0,0,0,0,0,0,0,0,0,0,0,0,0,242,0,0,0,0,0,0,0,0,0,0,0,11,0,0,0,0,0,0,0,0,0,45,0,20,0,32,0,12,0,17,0,0,0,35,0,0,0,0,0,0,0,1,0,133,0,0,0,0,0,0,0,0,0,0,0,0,0,0,0,0,0,0,0,0,0,0,0,0,0,0,0,0,0,0,97,170,124,13,0,0,2
5,0,0,0,7,0,0,0,0,0,0,0,52,55,0,0,24,0,14,10,20,0,0,0,17,0,352,54,0,0,5,0,4,0,9,0,44,0,1,0,35,104,185,0,0,28,142,124,272,15,85,0,1,0,0,0,0,0,6,0,0,0,0,0,0,0,0,0,0,0,19,0,0,0,0,0,0,0,0,0,0,0,0,0,0,0,0,0,0,0,0,0,0,0,0,0,0,0,0,0,0,0,0,0,0,0,0,0,2,0,0,0,0,0,0,0,0,0,0,0,0,0,0,0,0,0,0,0,0,0,0,0,0,0,0,0,0,0,0,0,0,0,0,0,0,0,0,0,0,0,0,0,0,0,0,0,0,0,0,0,0,0,5,0,126,0,14,0,70,0,5,0,15,0,0,0,38,13,34,0,4,0,0,0,0,0,25,15,0,0,0,0,22,0,0,0,0,0,0,0,0,0,0,0,0,0,0,0,0,0,34,215,189,0,15,5,0,110,0,0,0,0,0,0,0
0,11,0,46,0,0,0,9,0,0,0,34,0,70,0,16,0,0,0,54,0,150,0,7,0,0,38,272,0,0,0,0,0,15,0,9,0,38,0,0,52,39,0,141,28,0,59,242,40,245,0,85,0,0,0,0,0,40,0,0,0,0,0,0,0,0,0,0,0,0,0,4,0,8,0,0,0,7,0,0,0,0,0,0,0,0,0,0,0,0,0,0,0,6,0,62,0,0,0,0,0,0,0,0,0,0,0,0,0,0,0,0,0,0,0,0,0,0,0,0,0,0,0,0,0,0,0,0,0,0,0,0,0,0,0,0,0,0,0,0,0,0,0,237,0,0,0,0,0,0,0,0,0,0,0,0,0,0,0,0,0,0,0,5,0,161,0,13,1,121,0,17,0,31,0,0,0,22,0,8,0,0,0,0,0,0,17,44,0,0,0,0,0,0,0,8,0,0,0,0,0,0,0,0,0,0,0,0,0,0,0,0,0,0,23,0,0,0,28,268,293,12,0,0,122
22,0,59,0,110,0,0,0,0,0,24,0,163,74,0,0,0,0,20,23,0,0,0,3,4,0,140,117,0,0,0,0,0,0,0,0,0,0,0,0,130,218,37,13,142,59,0,202,257,26,13,7,0,0,0,0,0,0,0,0,0,0,0,0,0,0,0,0,0,0,0,0,0,0,0,0,0,0,0,0,0,0,0,0,0,0,0,0,0,0,0,0,0,0,0,0,0,0,0,0,0,0,0,0,0,0,0,0,0,0,0,0,0,0,0,0,0,0,0,0,0,0,0,0,0,0,0,0,0,0,0,0,0,0,0,0,0,0,0,0,0,0,0,0,0,0,0,0,0,0,0,0,0,0,0,0,0,0,0,0,0,0,0,0,0,0,0,0,0,0,0,0,0,0,0,0,20,44,17,0,0,0,14,0,0,0,51,28,0,0,0,0,0,0,0,0,0,0,0,0,0,0,0,0,0,0,0,0,0,0,0,315,50,0,0,0,0,132,0,4,0,0,0,0,0
0,27,0,0,0,93,0,0,0,0,0,182,40,179,0,3,0,0,0,42,0,0,0,0,0,0,101,225,0,0,0,0,0,0,0,0,0,0,0,0,126,203,0,49,124,242,202,0,142,186,0,7,0,0,0,0,0,0,0,0,0,0,0,0,0,0,0,0,0,0,0,0,0,0,0,0,0,0,0,0,0,0,0,0,0,0,0,0,0,0,0,0,0,0,0,0,0,0,0,0,0,0,0,0,0,0,0,0,0,0,0,0,0,0,0,0,0,0,0,0,0,0,0,0,0,0,0,0,0,0,0,0,0,0,0,0,0,0,0,0,0,0,0,0,0,0,0,0,0,0,0,0,0,0,0,0,0,0,0,0,0,0,0,0,0,25,0,0,0,0,0,0,0,0,0,0,0,80,0,0,0,0,0,0,0,0,73,13,0,0,0,0,0,0,0,0,0,1,0,0,0,0,0,0,0,0,0,0,0,0,0,27,0,0,0,0,0,10,0,366,82,0,0,0,128
3,0,8,0,0,0,20,0,12,0,0,0,66,16,1,0,0,0,0,0,2,0,4,0,3,0,48,18,0,0,0,0,2,0,0,0,3,0,1,0,102,85,23,3,272,40,257,142,0,94,11,0,6,0,7,0,12,0,16,0,1,0,1,0,0,0,0,0,16,0,3,0,0,0,0,0,0,0,3,0,6,0,30,0,3,0,9,0,1,0,0,0,16,0,17,0,0,0,4,0,0,0,20,0,11,0,8,0,0,0,0,0,0,0,0,0,0,0,0,0,0,0,0,0,0,0,2,0,1,0,3,0,2,0,22,0,3,0,0,0,8,0,0,0,0,0,0,0,0,0,3,0,1,0,0,0,0,0,2,0,16,0,4,0,20,0,8,0,32,0,5,0,23,0,0,0,75,46,22,0,4,0,2,0,0,0,109,4,16,0,8,0,34,0,33,0,0,0,0,0,19,0,36,0,28,0,0,0,9,0,33,54,127,3,13,14,3,29,0,8,0,0,0,0,19
0,4,0,0,0,0,0,0,0,0,0,11,0,31,0,1,0,0,3,5,0,0,0,0,0,0,7,30,0,0,0,0,0,0,0,0,0,0,0,0,8,144,0,44,15,245,26,186,94,0,0,16,0,0,0,0,0,9,0,5,0,1,0,0,0,0,0,0,0,6,0,0,0,0,0,0,0,7,0,0,0,6,0,17,0,0,0,7,0,10,0,0,0,13,0,42,0,0,0,0,0,4,0,14,0,7,0,3,0,0,0,0,0,0,0,0,0,0,0,0,0,0,0,0,0,1,0,6,0,0,0,5,0,0,0,10,0,0,0,0,0,5,0,6,0,0,0,0,0,0,0,2,0,0,0,3,0,2,0,0,0,6,0,5,2,35,0,0,0,64,0,10,0,10,0,0,2,138,0,12,0,0,0,0,0,0,27,105,0,11,0,1,0,0,0,0,0,0,0,0,0,0,0,12,0,0,0,0,0,0,0,5,0,0,9,0,0,18,23,52,66,1,0,0,60
7,0,0,0,73,54,0,0,9,0,2,0,196,57,25,8,36,0,447,84,158,27,42,0,0,0,222,21,10,0,45,0,71,0,73,12,49,0,3,0,0,0,58,2,85,0,13,0,11,0,0,0,0,0,0,0,0,0,0,0,0,0,12,0,0,0,2,1,0,0,27,0,0,0,21,0,0,0,0,0,16,0,0,0,0,0,0,0,0,0,11,0,0,0,0,0,0,0,0,0,0,0,0,0,0,0,0,0,0,0,0,0,0,0,0,0,0,0,0,0,0,0,0,0,0,0,0,0,0,0,0,0,0,0,0,0,0,0,0,0,0,0,18,0,0,0,1,0,0,0,0,0,0,0,0,0,0,0,0,0,0,0,10,0,97,0,25,0,33,0,7,0,12,0,0,0,0,2,18,0,0,0,0,0,0,0,4,1,0,0,0,0,0,0,0,0,0,0,0,0,0,0,0,0,0,0,0,0,0,0,16,187,131,12,12,0,0,10,0,0,0,0,0,0,0
0,0,0,0,0,0,0,0,0,0,0,30,46,343,0,4,0,0,24,243,0,96,0,0,0,0,42,245,0,8,0,33,0,25,0,36,0,79,0,1,0,11,0,64,0,85,7,7,0,16,0,0,0,0,0,0,0,66,0,0,0,0,0,0,0,0,0,0,0,0,0,12,0,21,0,0,0,2,0,0,0,109,0,0,0,0,0,0,0,0,0,0,0,0,0,0,0,0,0,0,0,0,0,0,0,0,0,0,0,0,0,0,0,0,0,0,0,0,0,0,0,52,0,15,0,0,0,0,0,0,0,0,0,0,0,0,0,0,0,34,0,0,0,237,0,67,0,0,0,0,0,0,0,0,0,0,0,12,0,0,0,25,0,16,0,79,0,19,0,65,0,27,0,60,0,0,0,43,0,0,0,0,0,0,0,0,0,130,0,0,0,0,0,0,0,0,0,0,0,0,0,0,0,0,0,0,0,0,0,1,0,0,0,0,27,0,0,0,61,84,89,10,0,0,0
8,0,0,0,0,0,16,0,68,18,0,0,0,0,0,0,97,0,0,0,0,0,13,0,64,0,0,0,2,0,1,0,0,0,0,0,5,0,4,0,0,0,0,0,1,0,0,0,6,0,0,0,0,8,79,27,136,11,91,96,34,0,80,0,0,5,5,50,0,0,0,0,0,0,0,0,0,0,0,0,11,0,0,0,22,0,0,0,0,0,4,0,0,0,0,0,30,0,19,0,8,0,0,0,0,0,0,0,0,0,0,0,0,0,0,0,0,0,0,0,0,0,0,0,2,0,0,0,120,0,0,0,0,0,0,0,50,0,200,0,102,0,57,0,6,0,0,0,0,0,0,0,0,0,205,5,61,0,207,3,0,0,3,0,1,0,0,0,5,0,236,0,28,0,0,0,24,0,0,0,0,0,2,0,0,4,0,0,0,0,0,0,0,0,0,0,0,0,0,0,0,0,0,0,0,0,0,0,1,0,136,344,131,120,136,0,31,7,0,0,0,0,0,0,0
0,36,0,0,0,0,15,24,33,43,0,0,0,0,0,31,0,33,0,15,0,0,0,0,13,9,0,1,0,7,0,0,0,3,0,0,0,0,0,2,0,0,0,0,0,0,0,0,0,0,0,0,8,0,22,82,0,81,11,4,0,43,0,98,0,0,4,0,0,0,0,0,0,0,0,0,0,0,0,0,0,0,0,0,0,0,0,0,0,0,0,0,0,0,0,0,0,0,0,0,0,0,0,0,0,0,0,0,0,0,0,0,0,0,0,0,0,0,0,0,0,0,0,0,0,0,0,0,0,56,0,5,0,3,0,0,0,0,0,119,0,27,0,46,0,52,0,0,0,0,0,0,0,0,0,143,0,96,0,221,0,12,0,1,0,0,0,6,0,0,0,27,0,5,0,0,0,16,0,5,0,0,0,15,0,0,0,0,0,0,0,0,0,0,0,0,0,0,0,0,0,0,0,0,0,0,0,0,0,0,0,0,0,0,63,0,0,0,126,333,52,40,0,5,0
0,0,137,0,0,0,120,0,30,144,3,0,3,0,0,0,17,0,0,0,0,0,33,0,135,0,0,0,0,0,0,0,0,0,0,0,0,0,0,0,0,0,1,0,0,0,0,0,7,0,0,0,79,22,0,136,27,23,159,127,6,0,19,8,5,0,5,91,0,0,0,0,0,0,0,0,0,0,0,0,0,0,0,0,8,0,0,0,0,0,0,0,0,0,0,0,0,0,0,0,0,0,0,0,0,0,0,0,0,0,0,0,0,0,0,0,0,0,0,0,0,0,0,0,19,0,34,0,92,0,24,0,12,0,23,0,110,0,18,0,0,0,96,0,0,0,21,0,4,0,0,0,0,1,16,7,0,0,19,1,9,0,6,0,0,0,0,0,12,0,156,0,43,0,0,0,3,0,0,0,0,0,0,0,1,6,0,0,0,0,0,0,0,0,0,0,0,0,0,0,0,0,0,0,0,0,0,0,12,0,252,57,241,215,346,0,53,0,0,0,0,0,0,0,0
56,33,34,57,1,0,134,377,454,74,1,0,0,0,0,75,21,55,0,0,0,61,12,73,327,224,0,0,0,46,0,0,0,0,0,0,0,0,2,0,0,0,0,0,0,0,0,0,0,0,0,0,27,82,136,0,0,136,72,139,0,18,41,59,0,1,71,7,0,2,0,0,0,0,0,0,0,0,0,0,0,8,0,0,0,0,0,0,0,0,0,0,0,0,0,0,0,0,0,11,0,0,0,0,0,0,0,0,0,0,0,0,0,0,0,0,0,0,0,0,0,0,0,0,0,20,0,14,0,75,0,50,0,33,0,27,0,113,0,49,0,0,0,155,0,0,0,0,0,0,0,0,0,0,1,85,0,13,0,45,0,45,0,0,0,10,0,0,0,29,0,94,0,44,0,0,7,46,0,0,0,0,5,17,6,4,0,0,0,0,0,0,0,0,0,0,0,0,0,0,0,0,0,0,0,0,0,0,0,0,0,0,0,0,355,0,0,0,390,316,277,228,0,59,0
0,0,0,0,0,0,14,0,5,0,5,0,0,0,0,0,17,0,0,0,0,0,0,0,30,0,0,0,0,0,0,0,0,0,0,0,0,0,0,0,0,0,0,0,0,0,0,0,12,0,0,0,136,0,27,0,0,0,303,107,0,0,4,0,23,27,44,80,0,0,0,0,0,0,0,0,0,0,0,0,0,0,0,0,0,0,0,0,0,0,0,0,0,0,0,0,0,0,0,0,0,0,2,0,0,0,0,0,0,0,0,0,0,0,0,0,0,0,0,0,0,0,0,0,40,0,32,0,193,0,102,0,28,0,0,0,25,0,42,7,0,0,43,0,9,7,4,0,2,0,10,0,0,0,84,25,16,9,91,16,22,0,9,0,2,0,9,0,14,0,142,0,13,0,1,0,0,0,0,0,35,3,0,0,9,9,0,0,0,0,0,0,0,0,0,0,1,0,0,0,2,0,0,0,0,0,0,0,9,0,489,119,351,417,862,0,143,4,0,0,0,0,0,0,0
0,7,0,6,0,0,0,26,26,18,0,0,0,0,0,0,0,102,0,0,0,64,2,34,0,75,0,0,0,0,0,0,0,4,0,0,0,0,0,0,0,0,0,55,0,40,0,0,0,9,0,66,11,81,23,136,0,0,34,325,0,0,0,13,0,0,42,16,0,6,0,0,0,0,0,0,0,0,0,0,0,0,0,0,0,3,0,0,0,0,0,0,0,0,0,0,0,0,0,0,0,0,0,0,0,0,0,0,0,0,0,0,0,0,0,0,0,0,0,0,0,0,0,0,1,28,0,16,0,162,0,138,0,35,0,0,0,0,2,13,0,0,0,27,0,0,0,0,0,0,0,0,0,1,0,170,0,11,0,117,0,79,0,0,0,13,0,0,0,43,0,174,0,22,0,0,0,0,0,0,0,0,0,0,5,3,0,0,0,0,0,0,0,0,0,0,0,0,0,0,0,0,0,0,0,1,0,0,0,0,0,0,0,0,599,0,0,0,482,215,480,363,0,50,0
3,0,25,0,0,0,5,0,123,0,0,0,0,0,0,0,0,0,0,0,0,0,0,0,21,0,0,0,0,0,0,0,0,0,0,0,21,0,0,0,0,0,0,1,6,0,0,0,16,0,0,0,91,11,159,72,303,34,0,460,18,0,0,0,119,25,118,172,0,0,0,0,0,0,0,0,1,0,0,0,0,0,0,0,0,0,0,0,0,0,0,0,0,0,0,0,0,0,0,0,0,0,0,0,0,0,0,0,0,0,0,0,0,0,0,0,0,0,0,0,0,0,0,0,35,0,34,0,29,0,44,0,9,0,0,0,0,0,0,2,0,0,0,0,0,7,7,0,9,0,12,0,0,0,14,65,48,20,6,26,8,0,0,0,6,0,15,0,20,0,217,0,81,0,0,2,28,0,0,0,80,0,0,0,157,25,0,0,0,0,0,0,0,0,0,0,0,0,0,0,0,0,0,0,0,0,0,0,13,0,1126,234,417,432,1233,0,144,13,0,0,0,0,0,0,0
0,16,0,0,0,4,0,31,126,120,0,0,0,0,0,0,0,0,0,0,0,0,0,0,0,12,0,0,0,6,0,0,0,0,0,0,0,0,0,0,0,0,0,0,0,0,0,0,0,5,0,0,96,4,127,139,107,325,460,0,0,6,3,7,37,156,354,142,0,0,0,0,0,0,0,0,0,0,0,0,0,0,0,0,0,0,0,2,0,0,0,0,0,0,0,0,0,0,0,0,0,0,0,5,0,1,0,0,0,0,0,0,0,0,0,0,0,0,0,0,0,0,0,0,0,33,0,24,0,29,0,169,0,18,0,15,0,42,0,0,0,6,0,0,0,16,0,0,0,11,0,0,0,0,38,51,13,46,0,18,18,79,0,0,0,0,0,0,0,27,0,0,0,13,0,21,3,0,0,0,27,16,0,3,40,238,0,0,0,0,0,0,0,0,0,0,0,0,0,0,0,0,0,0,0,0,0,0,0,0,0,1,0,0,1202,0,0,0,1170,444,458,532,0,43,0
36,0,38,0,0,0,86,4,169,0,0,0,0,0,2,0,36,0,0,0,0,0,3,0,29,0,0,0,16,0,3,0,2,0,0,0,5,0,5,0,0,0,0,0,0,0,0,0,1,0,0,0,34,0,6,0,0,0,18,0,0,0,66,0,0,0,0,0,0,0,14,0,0,0,13,0,0,0,0,0,0,0,0,0,0,0,12,0,0,0,0,0,0,0,0,0,0,0,0,0,0,0,0,0,0,0,0,0,0,0,0,0,0,0,0,0,0,0,0,0,15,0,0,0,0,0,0,0,8,0,0,0,0,0,0,0,0,0,133,0,110,0,0,0,94,0,0,0,0,0,0,0,0,0,27,0,200,0,15,0,0,0,0,0,0,0,0,0,0,0,91,0,63,0,0,0,72,0,0,0,0,0,28,0,24,0,0,0,0,0,0,0,0,0,0,0,0,0,0,0,0,0,0,0,0,0,0,0,0,0,57,147,15,0,15,0,2,0,0,0,0,0,0,0,0
0,243,19,22,0,0,0,324,0,126,0,0,0,0,0,14,0,29,0,0,0,0,0,0,0,30,0,0,0,8,0,11,0,27,0,14,0,29,0,10,0,0,0,0,0,0,0,0,0,1,0,0,0,43,0,18,0,0,0,6,0,0,0,49,0,0,0,0,0,0,0,0,0,0,0,1,0,0,0,0,0,8,0,0,0,0,0,3,0,0,0,0,0,0,0,0,0,0,0,0,0,0,0,0,0,0,0,0,0,0,0,0,0,0,0,0,0,0,0,0,0,0,0,0,0,0,0,0,0,0,0,0,0,0,0,0,0,0,0,116,0,96,0,22,0,116,0,0,0,0,0,0,0,0,0,22,0,162,0,44,0,0,0,0,0,0,0,0,0,2,0,35,0,42,0,0,9,93,0,7,0,0,0,85,0,0,0,0,0,0,0,0,0,0,0,0,0,0,0,0,0,0,0,0,0,0,0,0,0,0,0,0,0,0,51,0,0,0,56,272,46,38,0,3,0
20,0,63,0,0,0,82,10,117,31,0,0,2,0,17,0,198,0,0,0,66,0,18,0,152,0,17,0,8,0,32,0,3,0,0,0,7,0,9,0,0,0,0,0,0,0,0,0,1,0,12,0,80,0,19,41,4,0,0,3,66,0,0,5,0,0,0,0,0,0,27,0,0,0,26,0,0,0,13,0,80,0,0,0,0,0,56,0,0,0,0,0,0,0,0,0,0,0,0,0,0,0,0,0,0,0,0,0,0,0,0,0,0,0,0,0,0,0,0,0,0,0,9,0,0,0,0,0,17,0,0,0,0,0,0,0,17,0,146,0,192,0,24,0,35,0,0,0,0,0,0,0,0,0,35,0,26,0,40,0,0,0,0,0,0,0,0,0,0,0,53,0,23,0,0,0,50,0,0,0,0,0,11,0,0,1,0,0,0,0,0,0,0,0,0,0,0,0,0,0,0,0,0,0,0,0,0,0,0,0,32,190,34,32,40,0,2,0,0,0,0,0,0,0,0
27,94,0,5,0,0,20,188,36,81,0,0,0,0,0,0,11,128,0,10,0,66,14,44,78,38,0,0,0,55,0,15,0,17,0,17,0,14,0,18,0,0,0,21,0,0,0,0,0,0,0,0,0,98,8,59,0,13,0,7,0,49,5,0,0,0,0,0,0,0,0,0,0,0,0,0,0,0,0,0,0,0,0,0,0,0,0,0,0,0,0,0,0,0,0,0,0,0,0,0,0,0,0,0,0,0,0,0,0,0,0,0,0,0,0,0,0,0,0,0,0,0,0,0,0,0,0,0,0,44,0,0,0,0,0,0,0,0,0,264,0,115,0,73,0,43,0,0,0,0,0,0,0,0,0,103,0,70,0,208,0,3,0,0,0,0,0,0,0,0,0,0,0,0,0,0,8,77,0,2,0,0,0,46,0,0,0,0,0,0,0,0,0,0,0,0,0,0,0,0,0,0,0,0,0,0,0,0,0,0,0,0,0,0,34,0,0,0,94,352,13,0,0,0,0
14,0,41,0,13,0,71,0,135,0,8,0,0,1,1,0,0,0,0,0,0,0,0,0,0,0,0,0,0,0,0,0,0,0,0,0,0,0,0,0,0,0,0,0,0,0,0,0,0,0,0,0,0,0,5,0,23,0,119,37,0,0,0,0,0,0,225,13,0,0,5,0,2,0,0,0,0,0,0,0,0,0,0,0,0,0,0,0,0,0,0,0,0,0,0,0,0,0,0,0,0,0,0,0,0,0,0,0,0,0,0,0,0,0,0,0,0,0,0,0,0,0,0,0,6,0,0,0,0,0,12,0,0,0,0,0,0,0,0,57,0,23,0,0,31,0,0,0,20,0,0,0,0,0,6,19,0,0,0,59,457,0,6,0,0,0,0,0,0,0,0,0,0,0,20,0,0,0,0,0,216,37,4,0,217,0,0,0,0,0,0,0,0,0,0,0,0,0,0,0,0,0,0,0,0,0,0,0,0,0,66,57,0,0,58,0,0,1,1,0,0,0,0,0,0
0,62,0,0,0,11,0,0,0,171,0,24,0,0,0,13,0,0,0,28,0,0,0,0,0,0,0,0,0,0,0,0,0,0,0,0,0,0,0,0,0,2,0,0,0,0,0,0,0,0,0,0,5,0,0,1,27,0,25,156,0,0,0,0,0,0,19,693,0,0,0,27,0,0,0,0,0,0,0,0,0,0,0,0,0,0,0,0,0,0,0,0,0,0,0,4,0,0,0,0,0,0,0,0,0,0,0,0,0,0,0,0,0,0,0,0,0,0,0,0,0,0,0,6,0,52,0,29,39,0,89,103,0,0,0,17,0,0,0,17,0,35,0,0,38,63,0,28,0,147,0,0,15,12,11,0,0,0,0,0,107,372,0,0,0,0,0,0,0,0,0,0,0,0,0,60,0,0,0,0,65,137,0,0,0,88,0,0,0,0,0,0,0,0,0,0,0,0,0,0,0,1,0,0,0,0,0,0,0,0,0,0,0,0,71,0,0,0,56,10,0,0,0,0,0
0,0,9,0,0,0,91,0,200,11,0,0,0,0,0,0,0,0,0,0,0,0,0,0,0,0,0,0,0,0,0,0,0,0,0,0,0,0,0,0,0,0,4,0,0,0,0,0,0,0,2,0,5,4,5,71,44,42,118,354,0,0,0,0,225,19,0,77,0,0,0,0,0,0,0,0,0,0,0,0,0,0,0,0,0,0,0,0,0,0,0,0,0,0,0,0,0,0,0,0,0,0,0,0,0,0,0,0,0,0,0,0,0,0,0,0,0,0,0,0,0,0,0,0,0,0,0,0,0,0,0,0,0,0,0,0,0,0,0,0,0,0,0,0,1,0,0,0,13,0,0,0,0,0,5,28,6,6,0,17,21,0,0,0,0,0,0,0,2,0,32,0,16,0,1,0,69,0,0,0,70,0,0,0,495,18,0,0,0,0,0,0,0,0,0,0,0,0,0,0,0,0,0,0,0,0,0,0,0,0,178,86,33,53,105,0,0,1,0,0,0,0,0,0,0
0,16,0,0,0,0,0,6,61,197,0,1,0,0,0,0,0,0,0,3,0,0,0,0,0,0,0,1,0,0,0,0,0,0,0,0,0,0,0,0,0,0,0,0,0,0,0,0,0,0,1,0,50,0,91,7,80,16,172,142,0,0,0,0,13,693,77,0,0,0,0,0,0,0,0,0,0,0,0,0,0,0,0,0,0,0,0,0,0,0,0,0,0,0,0,0,0,0,0,0,0,0,0,0,0,0,0,0,0,0,0,0,0,0,0,0,0,0,0,0,0,0,0,0,0,52,0,0,0,1,0,154,0,0,0,5,0,0,0,0,0,0,0,0,0,6,0,18,0,36,0,0,0,5,21,1,6,7,0,2,16,65,0,2,0,0,0,0,0,0,0,0,0,0,0,53,0,8,0,0,18,22,0,0,20,407,0,0,0,0,0,0,0,0,0,0,0,0,0,0,0,0,0,0,0,0,0,0,0,0,1,0,0,0,117,0,0,0,187,96,0,0,0,1,0
0,0,0,0,0,0,0,0,0,0,0,0,0,0,0,0,0,0,0,0,0,0,0,0,0,0,0,0,0,0,0,0,0,0,0,0,0,0,0,0,0,0,0,0,0,0,0,0,16,0,0,0,0,0,0,0,0,0,0,0,0,0,0,0,0,0,0,0,0,0,0,0,11,0,0,0,141,0,43,0,17,0,43,0,0,0,31,0,12,0,0,0,38,0,11,0,0,0,43,0,25,0,240,0,0,0,67,0,62,0,10,0,25,0,6,0,14,0,0,0,0,0,0,0,0,0,0,0,0,0,0,0,0,0,0,0,0,0,0,0,0,0,0,0,0,0,0,1,0,0,0,0,0,0,0,0,0,0,0,0,0,0,0,0,11,0,0,0,137,0,4,0,0,0,0,0,0,0,0,0,0,0,1,0,0,0,0,0,0,0,0,0,106,0,88,0,0,0,0,0,58,0,0,0,102,0,0,0,0,0,127,5,77,0,19,139,81,0,0,0,0,0,0,0,0
0,0,0,0,0,0,0,0,0,0,0,0,0,0,0,0,0,0,0,0,0,0,0,0,0,0,0,0,0,0,0,0,0,0,0,1,0,0,0,0,0,0,0,0,0,0,0,0,0,6,0,0,0,0,0,2,0,6,0,0,0,0,0,0,0,0,0,0,0,0,0,0,0,2,0,0,0,66,0,0,0,6,0,181,0,0,0,23,0,12,0,0,0,126,0,23,0,0,0,3,0,0,0,195,0,6,0,0,0,44,0,7,0,0,0,0,0,14,0,0,0,0,0,0,0,0,0,0,0,0,0,0,0,0,0,17,1,0,0,0,0,0,0,0,0,0,0,0,0,0,0,3,0,0,0,0,0,0,0,0,0,0,0,0,0,16,0,0,0,127,0,6,0,0,0,0,0,1,0,0,0,0,0,0,0,0,0,0,0,0,0,1,0,0,0,10,0,0,0,0,0,0,0,29,0,0,0,0,0,0,0,0,0,0,0,0,0,0,27,15,97,1,38,46,3
0,0,0,0,0,0,0,0,0,0,0,0,0,0,0,0,32,0,0,0,71,0,0,0,0,0,0,0,17,0,9,0,0,0,0,0,69,0,7,0,0,0,11,0,19,0,0,0,3,0,27,0,0,0,0,0,0,0,0,0,14,0,27,0,5,0,0,0,0,0,0,0,157,0,370,0,11,0,184,0,0,0,0,0,0,0,0,0,0,0,0,0,0,0,0,0,0,2,0,0,0,0,0,0,0,0,0,0,0,0,0,0,0,0,0,0,0,0,0,0,12,0,4,0,22,25,0,0,8,0,41,18,8,0,0,0,16,0,19,0,141,7,24,0,60,0,0,0,30,13,30,2,15,0,0,0,10,0,0,0,9,8,49,0,0,0,7,0,15,0,41,0,25,0,7,0,0,0,0,0,35,2,8,0,17,0,0,0,0,0,0,0,0,0,0,0,0,0,0,0,0,0,0,0,0,0,0,0,0,0,12,1,19,0,2,0,0,0,0,0,0,0,0,0,0
0,0,0,0,0,0,0,0,0,0,0,0,0,0,0,0,0,0,0,0,0,0,0,0,0,0,0,0,0,0,0,0,0,0,0,0,0,0,0,0,0,0,0,9,0,4,0,0,0,0,0,12,0,0,0,0,0,0,0,0,0,0,0,0,0,27,0,0,0,0,0,0,0,330,0,377,0,16,0,10,0,0,0,0,0,0,0,125,0,0,0,0,0,0,0,0,0,0,0,0,0,0,0,0,0,0,0,0,0,0,0,0,0,0,0,0,0,0,0,0,0,3,0,11,0,103,0,43,0,0,13,37,0,21,0,14,0,0,0,3,0,45,0,18,0,111,0,0,0,62,0,0,0,0,0,0,0,0,0,0,0,24,0,35,0,0,0,0,0,12,0,13,0,11,0,11,0,0,0,0,7,46,0,0,0,7,0,0,0,0,0,0,0,0,0,0,0,0,0,0,0,0,0,0,0,0,0,0,0,0,0,0,0,0,15,0,0,0,17,2,43,0,0,0,0
2,0,0,0,0,0,0,0,0,0,0,0,0,0,0,0,0,0,0,0,0,0,0,0,0,0,0,0,0,0,0,0,0,0,0,0,0,0,0,0,0,0,0,0,0,0,0,0,0,0,0,0,0,0,0,0,0,0,0,0,0,0,0,0,2,0,0,0,11,0,157,0,0,0,110,0,36,0,166,0,0,0,4,0,7,0,8,0,0,0,0,0,2,0,0,0,0,0,0,0,0,0,0,0,0,0,0,0,0,0,0,0,0,0,0,0,0,0,0,0,15,0,6,0,25,0,0,0,7,0,12,0,25,0,92,0,45,0,0,0,107,0,103,0,66,0,0,0,9,5,64,0,10,0,0,0,3,0,0,0,2,0,59,0,0,0,0,0,16,0,4,0,0,0,4,0,0,0,0,0,25,0,0,0,6,0,0,0,0,0,0,0,0,0,0,0,0,0,0,0,0,0,0,0,0,0,0,0,62,0,301,8,11,0,6,0,1,0,0,0,0,0,0,0,0
0,0,0,0,0,0,0,5,0,0,0,0,0,0,0,0,0,0,0,0,0,0,0,0,0,0,0,0,0,0,0,0,0,0,0,0,0,0,0,0,0,0,0,0,0,8,0,0,0,0,0,21,0,0,0,0,0,0,0,0,0,0,0,0,0,0,0,0,0,2,0,330,0,0,0,250,0,70,0,58,0,23,0,16,0,168,0,134,0,0,0,0,0,0,0,0,0,0,0,6,0,0,0,0,0,0,0,0,0,0,0,0,0,0,0,0,0,0,0,0,0,45,0,60,0,89,0,61,6,0,11,0,0,15,0,0,0,58,0,0,0,62,0,150,0,91,0,20,0,24,0,0,0,13,0,0,0,0,0,0,0,7,0,20,0,0,0,0,0,4,0,8,0,14,0,0,0,0,0,0,0,36,0,0,0,2,0,0,0,63,0,10,0,0,0,12,0,0,0,0,0,63,0,212,0,0,0,0,0,0,0,0,0,0,52,0,0,0,188,4,0,0,0,0,0
0,0,0,0,0,0,0,0,0,0,0,0,0,0,0,0,60,0,0,0,95,0,0,0,0,0,0,0,0,0,12,0,0,0,0,0,75,0,0,0,0,0,38,0,0,0,0,0,0,0,21,0,0,0,0,0,0,0,0,0,13,0,26,0,0,0,0,0,0,0,370,0,110,0,0,1,15,0,210,0,7,0,28,0,10,0,52,0,0,0,0,0,0,0,0,3,0,0,2,0,2,0,0,0,0,0,0,3,0,0,0,0,0,0,0,0,0,0,0,0,83,0,47,0,17,46,0,0,14,0,36,0,0,0,89,0,58,0,17,10,250,20,168,8,122,0,0,0,0,0,58,0,23,10,0,0,9,0,0,0,0,0,73,0,0,0,8,0,0,0,22,0,0,0,13,0,0,0,4,0,60,10,23,0,31,0,0,0,0,0,0,0,0,0,0,0,1,0,0,0,23,0,0,0,0,0,0,0,54,0,41,0,14,0,0,0,0,0,0,0,0,0,0,0,0
0,0,0,0,0,0,0,1,0,0,0,0,0,0,0,0,0,7,0,0,0,0,0,0,0,0,0,0,0,4,0,0,0,0,0,0,0,0,0,0,0,0,0,0,0,0,0,0,0,0,0,0,0,0,0,0,0,0,0,0,0,1,0,0,0,0,0,0,0,0,0,377,0,250,1,0,0,18,0,53,0,0,0,0,0,26,0,129,0,0,0,0,0,0,0,0,0,0,0,1,0,0,0,0,0,0,0,0,0,0,0,0,0,0,0,0,0,0,0,0,0,80,0,38,0,68,0,0,0,0,0,14,0,14,0,49,0,0,0,0,0,81,0,62,0,105,0,0,0,64,0,19,0,12,0,0,0,0,0,0,0,11,0,28,0,0,0,0,0,9,0,9,0,5,0,16,0,0,0,0,6,33,0,0,0,0,0,0,0,0,0,0,0,0,0,0,0,0,0,0,0,0,0,0,0,2,0,0,0,33,0,0,0,0,21,0,0,0,80,0,0,0,0,2,0
0,0,0,0,0,0,0,0,0,0,0,0,0,0,0,0,0,0,0,0,0,0,0,0,0,0,0,0,0,0,0,0,0,0,0,0,0,0,0,0,0,0,0,0,0,0,0,0,0,0,0,0,0,0,0,0,0,0,1,0,0,0,0,0,0,0,0,0,141,0,11,0,36,0,15,0,0,0,30,0,8,0,49,0,23,0,24,0,0,0,0,0,119,0,14,0,0,0,13,0,8,0,83,0,0,0,31,0,4,0,0,0,0,0,2,0,0,0,0,0,12,0,0,0,0,0,0,0,1,0,0,0,1,0,0,0,7,0,0,0,0,0,21,0,0,0,0,0,0,0,7,0,2,0,0,0,0,0,0,0,0,0,2,0,1,0,0,0,29,0,0,0,0,0,0,0,0,0,0,0,0,0,0,0,0,0,0,0,45,0,0,0,73,0,53,0,0,0,0,0,0,0,0,0,69,0,0,0,25,0,51,0,20,0,0,11,5,0,0,0,0,0,0,0,0
0,0,0,0,0,0,0,0,0,0,0,0,0,0,0,0,0,0,0,0,0,0,0,0,0,0,0,0,0,0,0,0,0,0,0,0,0,0,0,0,0,0,0,0,0,7,0,0,0,7,0,2,0,0,0,0,0,0,0,0,0,0,0,0,0,0,0,0,0,66,0,16,0,70,0,18,0,0,0,7,0,46,0,131,0,35,0,137,0,7,0,1,0,68,0,36,0,20,0,8,0,0,0,128,0,56,0,0,0,3,0,0,0,3,0,0,0,10,0,0,0,12,0,0,3,0,0,0,0,0,0,0,0,0,0,65,0,0,0,0,0,0,0,0,0,7,0,6,0,0,0,0,0,0,0,0,0,0,0,0,0,0,0,2,0,12,0,0,0,46,0,2,0,2,0,0,0,0,0,0,0,0,0,0,0,0,0,0,0,84,0,0,0,0,0,47,0,0,0,0,0,67,0,75,0,173,0,0,0,0,0,0,0,0,22,0,0,0,25,5,52,0,10,2,0
0,0,0,0,0,0,0,0,0,0,0,0,0,0,0,0,0,0,0,0,0,0,0,0,0,0,0,0,6,0,0,0,0,0,0,0,0,0,0,0,0,0,0,0,0,0,0,0,3,0,0,0,0,0,0,0,0,0,0,0,0,0,13,0,0,0,0,0,43,0,184,0,166,0,210,0,30,0,0,0,21,0,123,0,43,0,36,0,0,0,0,0,99,0,10,0,26,0,0,0,0,0,16,0,0,0,0,0,0,0,0,0,0,0,0,0,0,0,0,0,74,0,18,0,0,0,0,0,3,0,0,0,0,0,120,0,0,0,0,3,106,5,154,0,21,0,0,0,0,0,0,0,0,0,0,0,0,0,0,0,0,0,12,0,6,0,0,0,41,0,0,0,0,0,0,0,0,0,0,0,0,0,0,0,0,0,0,0,0,0,0,0,78,0,0,0,0,0,87,0,76,0,53,0,0,0,0,0,63,0,406,0,29,4,0,0,3,0,0,0,0,0,0,0,0
0,0,0,0,0,0,0,0,0,0,0,0,0,0,0,0,0,0,0,0,0,0,0,0,0,0,0,0,0,0,0,0,0,0,0,0,0,0,0,0,0,0,0,0,0,0,0,0,0,0,0,0,0,0,0,0,0,0,0,0,0,0,0,0,0,0,0,0,0,0,0,10,0,58,0,53,0,7,0,0,0,0,0,0,0,17,0,44,0,0,0,0,0,0,0,0,0,1,0,0,0,0,0,0,0,0,0,0,0,0,0,0,0,0,0,0,0,0,0,0,0,7,0,20,0,0,0,0,0,0,1,4,0,0,0,18,0,0,0,0,0,29,0,48,0,22,0,0,0,0,0,0,0,0,0,0,0,0,0,0,0,0,0,0,0,0,0,0,0,0,0,2,0,1,0,0,0,0,0,0,0,0,0,0,0,0,0,0,0,0,0,0,0,0,0,0,0,0,0,0,0,0,0,0,0,0,0,0,0,0,0,0,0,0,7,0,0,0,59,0,0,0,0,0,0
