0,110,20,155,4,16,172,102,31,32,113,0,44,0,0,21,29,81,0,0,0,0,0,118,39,233,0,0,30,0,0,0,33,0,0,0,21,0,308,0,0,0,0,0,0,0,2,0,0,0,0,0,4,0,7,0,0,0,15,2,153,0,153,25,0,0,32,1,0,0,0,0,0,0,0,0,0,0,0,0,0,4,0,0,0,0,0,0,0,0,0,0,0,0,0,0,0,0,0,0,0,0,0,0,0,0,0,0,0,0,0,0,0,0,0,0,0,0,0,0,0,0,0,0,9,0,0,0,0,0,24,0,0,0,0,0,0,4,0,0,0,0,0,0,0,0,7,0,50,0,0,0,0,0,0,0,0,0,0,0,0,0,0,0,0,0,5,0,0,0,15,0,152,0,0,0,221,52,7,0,0,0,55,7,0,0,0,0,0,0,0,0,0,0,0,0,0,0,0,0,0,0,0,0,0,0,0,0,0,0,424,128,0,0,152,0,0,0,0,0,0,0,0,0,0
110,0,157,28,0,315,90,48,0,82,12,189,0,96,0,129,52,18,0,197,0,62,164,42,237,77,0,196,0,0,0,0,0,80,0,0,0,206,0,149,0,0,0,0,0,47,0,0,0,0,0,0,0,47,0,72,0,9,0,18,0,358,10,237,0,105,0,37,0,0,0,14,0,0,0,38,0,3,0,0,0,57,0,0,0,40,0,41,0,0,0,0,0,0,0,0,0,0,0,15,0,25,0,0,0,0,0,0,0,0,0,0,0,0,0,0,0,0,0,0,0,43,0,18,0,37,0,20,0,0,0,29,0,8,0,51,0,81,0,5,0,16,0,0,0,17,0,37,0,85,0,30,0,66,0,22,0,53,0,4,0,0,0,5,0,0,0,0,1,18,0,128,0,304,0,9,61,249,0,15,0,25,9,24,0,174,0,0,0,0,0,0,0,0,0,0,0,0,0,0,0,0,0,0,0,0,0,0,0,52,0,0,0,0,238,0,0,0,739,247,225,151,0,41,3
20,157,0,195,180,100,189,45,22,12,79,79,521,0,76,143,62,68,53,0,35,0,122,200,81,241,136,0,176,0,41,0,163,0,0,0,35,0,348,0,176,1,0,0,143,0,177,0,69,0,0,0,0,3,46,0,19,0,15,0,39,0,29,23,12,0,0,0,0,0,0,0,0,0,0,0,0,0,0,0,0,0,0,0,0,0,0,0,0,0,0,0,0,0,0,0,0,0,0,0,0,0,0,0,0,0,0,0,0,0,0,0,0,0,0,0,0,0,2,0,0,0,0,0,82,0,0,0,0,0,125,0,0,0,104,0,93,0,0,0,0,0,0,0,0,0,53,0,199,0,15,0,0,0,0,0,0,0,0,0,41,0,0,0,0,0,107,0,84,0,0,0,184,4,0,0,142,57,34,0,0,0,21,7,62,0,22,0,0,0,0,0,0,0,0,0,2,0,0,0,0,0,0,0,0,0,0,0,18,0,773,133,211,0,392,0,0,7,0,12,0,0,0,0,0
155,28,195,0,79,227,0,240,0,39,90,11,0,0,0,113,33,16,0,231,6,97,274,132,175,51,0,94,1,94,0,17,0,339,0,0,0,165,0,282,0,0,0,0,0,26,0,0,0,0,0,0,0,8,0,186,0,21,0,86,5,106,9,97,0,5,0,33,0,0,0,9,0,3,0,18,0,0,0,0,0,0,0,0,0,99,0,0,0,0,0,35,0,0,0,0,0,0,0,0,0,0,0,0,0,0,0,0,0,0,0,0,0,0,0,0,0,0,0,0,0,0,0,0,0,0,0,0,0,0,0,0,0,0,0,96,0,102,0,43,0,62,0,102,0,0,0,0,0,10,0,3,0,8,0,0,0,0,0,0,0,0,0,3,0,11,0,46,0,12,0,22,0,135,0,0,45,130,0,0,0,0,0,0,0,13,0,0,0,0,0,0,0,0,0,0,0,0,0,0,0,20,0,0,0,0,0,0,0,0,2,0,0,0,194,0,0,0,797,102,352,151,0,0,2
4,0,180,79,0,279,15,0,11,0,82,158,242,53,131,318,10,0,50,208,107,163,64,156,16,0,84,52,22,2,107,0,148,0,86,0,79,0,27,0,72,0,0,0,16,0,65,0,25,0,46,0,0,0,0,0,5,0,0,0,0,0,0,0,0,0,2,0,0,0,0,0,0,0,0,0,5,0,0,0,0,0,0,0,0,0,0,0,0,0,0,0,0,0,0,1,0,0,0,0,0,0,0,0,0,0,0,0,0,0,0,0,0,0,0,0,0,0,0,0,0,0,0,0,0,0,0,0,0,0,0,0,0,0,0,0,0,0,0,0,1,0,0,0,0,0,0,0,39,0,0,0,0,0,0,0,0,0,0,0,0,0,0,0,16,0,115,0,0,0,0,0,61,0,2,0,244,87,121,0,0,0,35,0,29,0,41,0,0,0,0,0,0,0,0,0,0,0,0,0,0,0,0,0,0,0,0,0,0,0,528,212,257,0,203,0,3,0,0,48,0,0,0,0,0
16,315,100,227,279,0,0,104,0,14,185,163,141,91,298,179,0,0,101,365,235,276,146,78,0,5,0,406,0,0,46,55,0,202,0,129,0,150,0,0,0,30,0,26,0,123,0,75,0,59,0,60,0,2,0,0,0,0,0,0,0,0,0,8,0,7,0,0,0,0,0,0,0,0,0,0,0,0,0,0,0,0,0,0,0,0,0,0,0,0,0,0,0,0,0,0,0,0,0,0,0,0,0,0,0,0,0,0,0,0,0,0,0,0,0,0,0,0,0,0,0,0,0,0,0,0,0,0,0,0,0,0,0,0,0,0,0,25,0,0,0,0,0,0,0,0,0,0,0,0,0,2,0,35,0,0,0,0,0,0,0,0,0,0,0,18,0,105,0,0,0,21,1,37,0,0,65,416,31,43,0,7,0,12,0,22,0,2,0,0,0,0,0,0,0,0,0,0,0,0,0,0,0,0,0,0,0,0,0,0,0,0,0,0,185,0,0,0,758,340,333,0,0,0,0
172,90,189,0,15,0,0,0,75,117,98,2,30,0,3,0,23,0,0,0,0,0,5,0,231,200,0,0,0,0,0,0,0,0,0,0,0,0,133,0,0,0,0,0,0,0,8,0,63,0,0,0,78,0,173,0,98,0,123,0,164,0,460,0,91,0,237,0,0,0,0,0,0,0,0,0,0,0,0,0,0,0,0,0,0,0,0,0,0,0,0,0,0,0,0,0,3,0,0,0,0,0,0,0,0,0,0,0,0,0,0,0,0,0,0,0,0,0,1,0,0,0,0,0,162,0,12,0,2,0,549,0,0,0,50,0,84,5,0,0,0,0,0,0,0,0,0,0,185,0,0,0,0,0,3,0,0,0,0,0,74,0,0,0,0,0,0,0,54,0,0,0,155,0,0,0,48,0,7,0,0,0,6,14,11,0,0,0,0,0,0,0,0,0,0,0,0,0,0,0,0,0,0,0,0,0,0,0,26,0,943,213,270,255,452,0,34,45,0,0,0,0,0,0,0
102,48,45,240,0,104,0,0,111,125,0,0,0,0,0,88,0,36,0,81,0,0,50,34,283,99,0,0,0,16,0,0,0,41,0,0,0,0,0,0,0,0,0,0,0,6,0,0,0,4,0,0,6,26,20,328,0,31,0,187,0,186,60,230,0,8,0,29,0,0,0,0,0,0,0,0,0,0,0,0,0,0,0,1,0,0,0,0,0,0,0,0,0,0,0,0,0,0,0,0,0,0,0,0,0,0,0,0,0,0,0,0,0,0,0,0,0,0,0,0,0,0,0,0,0,8,0,0,0,0,0,12,0,0,0,0,0,90,0,15,0,0,0,0,0,0,0,0,0,22,0,0,0,8,0,3,0,0,0,0,0,0,0,0,0,10,0,0,0,0,0,72,0,174,0,4,36,77,0,0,0,0,0,14,0,0,0,0,0,0,0,0,0,0,0,0,0,0,0,0,0,0,0,0,0,0,0,0,0,11,0,6,0,0,357,0,0,0,789,69,306,0,0,0,0
31,0,22,0,11,0,75,111,0,341,34,2,14,0,2,0,28,5,4,0,0,0,0,0,49,125,0,0,0,0,0,0,0,0,0,0,0,0,0,0,0,0,0,0,0,0,6,0,37,0,0,0,223,158,169,653,279,78,609,122,347,0,579,121,51,0,163,158,0,0,0,0,0,0,0,0,0,0,0,0,0,0,0,0,0,0,0,0,0,0,0,0,0,0,0,0,0,0,0,0,0,0,0,0,0,0,0,0,0,0,0,0,0,0,0,0,0,0,0,0,0,0,0,0,34,0,0,0,0,0,80,0,3,0,0,0,0,5,0,0,0,0,0,0,0,0,16,2,138,0,6,0,19,0,0,0,0,0,0,0,16,0,0,0,21,0,0,0,61,0,146,0,139,0,0,0,486,34,5,0,0,0,57,7,103,0,6,0,0,0,0,0,0,0,0,0,0,0,0,0,0,2,0,0,0,0,1,0,3,0,784,286,188,0,381,0,37,0,0,0,0,0,0,0,0
32,82,12,39,0,14,117,125,341,0,1,6,0,0,0,27,11,6,0,17,0,12,0,10,207,120,0,0,0,4,0,0,0,0,0,0,0,0,4,0,0,0,0,3,0,0,0,0,0,0,0,0,50,121,276,240,20,26,88,102,5,97,101,197,0,192,25,186,0,0,0,0,0,2,0,0,0,0,0,0,0,0,0,0,0,0,0,0,0,0,0,0,0,0,0,0,0,7,0,0,0,0,0,0,0,0,0,0,0,0,0,0,0,0,0,0,0,0,0,0,0,0,0,0,0,80,0,27,0,1,3,60,0,9,0,0,0,95,0,0,0,0,0,0,0,0,0,25,0,96,0,16,0,6,0,0,0,74,0,0,0,0,0,6,0,6,0,4,0,22,0,214,0,93,0,8,47,125,0,0,0,0,0,7,0,16,0,0,0,0,0,0,0,0,0,0,0,0,0,0,0,0,0,0,0,0,0,11,0,42,6,0,0,6,381,0,0,0,701,366,281,387,0,143,0
113,12,79,90,82,185,98,0,34,1,0,62,121,0,30,265,2,24,1,65,17,38,66,124,49,7,0,0,25,0,22,0,129,0,0,0,16,12,31,1,52,0,0,0,2,0,29,0,16,0,0,0,0,0,0,0,0,0,0,0,0,0,4,0,17,0,17,0,0,0,0,0,0,0,0,0,0,0,0,0,0,0,0,0,0,0,0,0,0,0,0,0,0,0,0,0,0,0,0,0,0,0,0,0,0,0,0,0,0,0,0,0,0,0,0,0,0,0,0,0,0,0,0,0,62,0,3,0,0,0,95,0,0,0,24,0,0,0,0,0,0,1,0,0,0,0,0,0,176,0,5,0,17,0,0,0,0,0,0,0,12,0,0,0,0,0,31,0,40,0,0,0,19,0,0,0,341,53,108,0,6,0,29,0,39,0,73,0,0,0,0,0,0,0,0,0,0,0,3,0,0,0,0,0,0,0,0,0,8,0,279,103,82,0,67,0,0,0,0,26,0,0,0,0,0
0,189,79,11,158,163,2,0,2,6,62,0,15,138,177,79,13,0,0,110,73,97,141,44,0,1,3,159,0,4,18,24,14,136,4,59,0,133,0,0,0,66,0,0,0,59,0,116,0,117,0,31,0,1,0,5,0,2,0,4,0,11,0,0,0,9,0,0,0,0,0,0,0,0,0,21,0,0,0,2,0,0,0,0,0,0,0,0,0,0,0,0,0,0,0,0,0,0,0,0,0,3,0,1,0,0,0,0,0,0,0,0,0,0,0,0,0,0,0,0,0,0,0,0,0,0,0,0,0,0,0,0,0,0,0,5,0,0,0,0,0,0,0,0,0,0,0,0,0,0,0,0,0,45,0,0,0,0,0,0,0,0,0,0,0,0,0,29,0,0,0,0,0,14,0,31,36,252,0,33,0,22,0,5,0,88,2,4,0,0,0,0,0,0,0,0,0,0,0,0,0,0,0,0,0,0,0,0,0,0,0,0,0,0,39,0,0,0,282,202,81,0,0,0,0
44,0,521,0,242,141,30,0,14,0,121,15,0,194,47,68,20,0,145,297,58,135,55,4,0,0,155,507,0,0,0,13,4,0,274,54,0,0,0,0,47,37,107,17,8,38,39,71,28,0,274,40,0,0,0,0,0,0,0,0,0,0,0,0,0,0,0,0,0,0,0,0,0,0,0,0,0,0,0,0,0,0,0,0,0,0,0,0,0,0,8,0,0,0,0,0,0,0,16,0,13,0,0,0,0,0,0,0,0,0,0,0,0,0,0,0,0,0,1,0,0,0,0,0,0,0,0,0,0,0,37,0,0,0,0,0,0,0,0,0,0,0,0,0,0,0,0,0,52,0,0,0,0,0,0,0,0,0,1,0,0,0,0,0,22,0,8,0,0,0,0,0,10,0,1,0,101,67,55,0,0,0,19,0,16,0,77,9,0,0,0,0,0,0,0,0,0,0,0,0,0,0,0,0,0,0,0,0,0,0,55,172,98,0,20,0,0,5,0,24,0,0,0,0,0
0,96,0,0,53,91,0,0,0,0,0,138,194,0,46,2,0,0,304,71,186,163,0,0,0,0,115,97,0,0,0,0,1,1,54,211,19,18,0,0,32,55,0,146,7,21,0,123,0,27,50,383,0,0,0,0,0,0,0,0,0,0,0,0,0,0,0,0,0,0,0,0,0,2,0,0,0,0,0,0,0,0,0,0,0,0,0,0,0,0,0,0,0,0,0,0,0,0,0,0,0,0,0,0,0,0,0,0,0,0,0,0,0,0,0,0,0,0,0,0,0,0,0,0,0,0,0,0,0,0,0,0,0,0,0,0,0,0,0,0,0,2,0,0,0,0,0,0,0,0,0,0,0,0,0,0,0,0,0,0,0,0,0,0,0,8,0,69,0,19,0,2,0,8,0,0,11,279,10,27,0,10,0,0,0,9,22,36,0,0,0,0,0,0,0,0,0,0,0,0,0,0,0,0,0,0,0,0,0,0,0,6,0,0,0,0,0,0,70,199,77,0,0,0,1
0,0,76,0,131,298,3,0,2,0,30,177,47,46,0,373,10,2,117,157,78,157,202,128,26,0,116,45,7,0,58,59,36,51,35,0,45,45,0,0,24,0,0,0,38,0,57,0,0,1,37,0,0,0,0,0,0,0,0,0,0,0,0,0,0,0,0,0,0,0,0,0,5,0,0,0,0,0,0,0,0,0,0,0,0,0,0,0,0,0,0,0,0,0,0,0,0,0,0,0,0,0,0,0,0,0,0,0,0,0,0,0,0,0,0,0,0,0,0,0,0,0,0,0,0,0,0,0,0,0,0,0,0,0,0,0,0,0,0,0,0,0,0,0,0,0,0,0,0,0,0,0,3,0,0,0,0,0,0,0,0,0,0,0,0,0,56,6,42,0,0,0,13,0,0,0,58,34,63,1,0,0,5,0,11,0,0,0,0,0,0,0,0,0,0,0,0,0,0,0,0,0,0,0,0,0,0,0,1,0,203,263,94,0,68,0,0,2,0,30,0,0,0,0,0
21,129,143,113,318,179,0,88,0,27,265,79,68,2,373,0,30,9,23,214,209,194,212,64,22,88,0,83,2,2,72,11,49,53,0,11,0,75,0,25,0,0,0,5,0,28,0,0,0,0,0,10,0,0,0,40,0,14,0,27,0,9,0,0,0,0,0,0,0,0,0,5,0,0,0,0,0,0,0,2,0,0,0,0,0,135,0,0,0,0,0,0,0,0,0,0,0,0,0,75,0,0,0,0,0,0,0,0,0,0,0,0,0,0,0,0,0,0,0,0,0,21,0,0,0,0,0,0,0,0,0,0,0,0,0,66,0,46,0,43,0,70,0,144,0,0,0,0,0,13,0,0,0,0,0,0,0,6,0,0,0,2,0,0,0,7,0,50,0,9,0,0,0,28,0,0,50,146,26,8,0,0,0,0,0,27,0,0,0,0,0,0,0,0,0,0,0,0,0,0,0,0,0,0,0,0,0,0,0,6,0,0,0,0,53,0,0,0,213,362,128,41,0,0,0
29,52,62,33,10,0,23,0,28,11,2,13,20,0,10,30,0,22,84,0,137,0,126,37,127,117,100,0,87,0,36,0,112,0,0,0,16,0,109,0,0,0,4,0,198,0,15,0,39,0,14,0,89,3,0,12,38,1,8,0,29,0,305,16,0,0,0,0,0,0,62,0,0,0,167,0,0,0,0,0,255,0,0,0,399,0,264,0,0,0,275,0,0,0,0,0,173,0,571,0,269,0,0,0,0,0,0,0,0,0,0,0,0,0,0,0,0,0,0,0,176,0,61,0,0,0,0,0,16,0,0,0,12,0,4,0,77,0,53,0,136,0,189,0,21,0,0,0,0,0,0,0,0,0,39,0,0,0,36,0,0,0,0,0,19,0,33,0,32,0,8,0,121,0,0,0,0,0,0,0,0,0,18,1,0,0,14,0,0,0,0,0,0,0,0,0,0,0,0,0,0,0,0,0,0,0,0,0,0,0,307,272,97,75,162,0,6,6,0,0,0,0,0,0,0
81,18,68,16,0,0,0,36,5,6,24,0,0,0,2,9,22,0,0,0,0,141,76,109,108,93,0,15,0,30,0,20,2,30,0,0,0,17,0,104,0,0,0,12,0,11,0,0,0,1,0,5,0,46,0,21,0,26,0,12,3,24,11,226,0,0,0,0,0,0,0,0,0,1,0,16,0,0,0,0,0,230,0,0,0,229,0,45,0,0,0,0,0,0,0,67,0,0,0,81,0,131,0,0,0,0,0,0,0,0,0,0,0,0,0,0,0,0,0,0,0,46,0,39,1,0,0,0,0,0,0,0,0,0,0,27,0,22,0,103,0,101,0,268,0,2,2,0,0,0,0,0,0,0,0,13,0,0,0,14,0,0,0,0,0,0,0,0,0,0,0,0,0,19,0,0,6,7,0,0,0,0,0,0,0,0,0,0,0,0,0,0,0,0,0,0,0,0,0,0,0,0,0,0,0,0,0,0,0,1,0,0,0,0,27,0,0,0,46,159,45,25,0,0,0
0,0,53,0,50,101,0,0,4,0,1,0,145,304,117,23,84,0,0,360,86,158,292,0,24,0,73,608,10,0,19,0,0,0,266,72,15,0,0,0,7,34,63,39,18,30,22,84,0,0,118,70,0,0,0,0,0,0,0,0,0,0,0,0,0,0,0,0,0,0,6,0,0,0,19,0,0,0,0,0,0,0,0,0,0,0,0,0,0,0,0,0,0,0,0,0,0,0,0,0,0,0,0,0,0,0,0,0,0,0,0,0,0,0,0,0,0,0,0,0,0,0,0,0,0,0,0,0,0,0,0,0,0,0,0,0,0,0,0,0,0,0,0,0,0,0,0,0,0,0,0,0,0,0,0,0,0,0,0,0,0,0,0,0,0,2,0,0,0,0,0,0,0,0,0,0,28,60,29,0,0,0,0,0,1,0,44,16,0,0,0,0,0,0,0,0,0,0,0,0,0,0,0,0,0,0,0,0,0,0,85,140,67,0,0,0,0,0,0,33,0,0,0,0,0
0,197,0,231,208,365,0,81,0,17,65,110,297,71,157,214,0,0,360,0,280,174,0,10,0,53,84,148,0,6,25,20,0,0,89,136,0,39,0,3,0,12,0,33,0,80,0,14,0,3,51,108,0,0,0,0,0,0,0,0,0,0,0,0,0,0,0,0,0,0,0,22,0,0,0,0,0,0,0,0,0,0,0,0,0,0,0,0,0,0,0,0,0,0,0,0,0,0,0,0,0,0,0,0,0,0,0,0,0,0,0,0,0,0,0,0,0,0,0,0,0,0,0,0,0,0,0,0,0,0,0,0,0,0,0,0,0,0,0,0,0,0,0,0,0,0,0,0,0,0,0,0,0,0,0,0,0,0,0,0,0,0,0,0,0,16,0,68,0,34,0,0,0,20,0,10,21,136,15,17,0,0,0,0,0,0,0,15,0,0,0,0,0,0,0,0,0,0,0,0,0,0,0,0,0,0,0,0,0,0,0,0,0,0,78,0,0,0,234,357,205,62,0,0,0
0,0,35,6,107,235,0,0,0,0,17,73,58,186,78,209,137,0,86,280,0,188,230,60,31,0,70,268,30,0,59,0,68,32,68,82,31,35,0,0,3,15,36,24,65,15,5,45,14,0,190,44,0,0,0,0,0,0,0,0,0,0,21,0,0,0,0,0,0,0,19,0,0,0,27,0,0,0,0,0,49,0,0,0,0,0,0,0,0,0,0,0,0,0,0,0,0,0,0,0,0,0,0,0,0,0,0,0,0,0,0,0,0,0,0,0,0,0,0,0,23,0,9,0,0,0,0,0,0,0,0,0,0,0,0,0,0,0,0,0,0,0,32,0,21,0,0,0,0,0,0,0,0,0,0,0,1,0,0,0,4,0,0,0,27,4,93,0,82,0,0,0,38,0,0,0,42,19,83,0,0,0,0,0,1,0,0,2,0,0,0,0,0,0,0,0,0,0,0,0,0,0,0,0,0,0,0,0,0,0,486,415,220,68,180,0,0,6,0,40,0,0,0,0,0
0,62,0,97,163,276,0,0,0,12,38,97,135,163,157,194,0,141,158,174,188,0,0,110,0,266,0,194,0,29,29,3,0,4,33,27,10,6,0,13,0,0,0,79,0,279,0,3,0,3,26,56,0,0,0,0,0,0,0,0,0,5,0,24,0,0,0,0,0,0,0,41,0,7,0,0,0,0,0,0,0,0,0,0,0,140,0,72,0,0,0,0,0,0,0,0,0,0,0,0,0,0,0,0,0,0,0,0,0,0,0,0,0,0,0,0,0,0,0,0,0,101,0,44,0,0,0,0,0,0,0,0,0,0,0,0,0,0,0,0,0,102,0,143,0,60,0,0,0,0,0,0,0,0,0,0,0,0,0,0,0,0,0,0,0,14,0,33,0,19,0,16,0,14,0,0,17,114,0,6,0,0,0,0,0,0,2,12,0,0,0,0,0,0,0,0,0,0,0,0,0,0,0,0,0,0,0,0,0,0,0,0,0,1,52,0,0,0,234,425,120,40,0,0,1
0,164,122,274,64,146,5,50,0,0,66,141,55,0,202,212,126,76,292,0,230,0,0,320,112,134,144,0,42,0,23,0,51,0,0,0,8,7,46,0,33,0,0,0,233,0,107,0,46,0,0,1,18,0,125,0,41,0,21,0,0,0,90,19,0,0,0,0,0,0,0,0,0,0,0,3,0,0,0,0,0,0,0,0,210,0,0,1,0,0,255,0,0,0,0,0,211,1,0,0,0,0,0,0,0,0,0,0,0,0,0,0,0,0,0,0,0,0,0,0,0,0,0,0,30,0,0,0,23,0,23,0,0,0,39,0,128,0,0,0,47,0,186,0,0,0,18,0,44,0,0,0,10,0,30,0,0,0,0,0,40,0,0,0,0,0,10,0,19,0,0,0,45,3,0,0,43,32,9,0,0,0,8,0,13,0,31,0,0,0,0,0,0,0,0,0,0,0,0,0,105,0,0,0,0,0,0,0,0,0,276,261,49,0,107,0,0,0,0,16,0,0,0,0,0
118,42,200,132,156,78,0,34,0,10,124,44,4,0,128,64,37,109,0,10,60,110,320,0,115,106,0,9,2,88,19,3,27,31,0,0,2,29,0,47,0,0,0,5,0,2,0,0,0,0,0,6,0,7,0,9,0,13,0,0,0,15,0,106,0,0,0,0,0,0,0,0,0,5,0,41,0,0,0,0,0,241,0,0,0,279,0,63,0,0,0,42,0,0,0,0,0,66,0,108,0,186,0,0,0,0,0,0,0,0,0,0,0,0,0,0,0,0,0,0,0,81,0,48,0,0,0,0,0,0,0,0,0,6,0,45,0,26,0,40,0,74,0,192,0,10,0,0,0,0,0,0,0,0,0,0,0,1,0,0,1,0,0,0,0,1,2,12,0,0,0,8,0,42,0,0,0,37,0,0,0,2,0,1,0,0,0,0,0,0,0,0,0,0,0,0,0,0,0,0,0,0,0,0,0,0,0,0,0,0,0,0,0,0,35,0,0,0,178,889,99,23,0,0,0
39,237,81,175,16,0,231,283,49,207,49,0,0,0,26,22,127,108,24,0,31,0,112,115,0,638,0,0,20,0,4,0,10,2,0,0,0,0,45,0,7,0,1,0,42,4,20,0,14,0,0,0,63,30,257,165,88,0,41,0,19,0,77,150,4,0,0,9,0,0,0,0,0,0,0,0,0,0,0,0,0,0,0,0,137,0,0,0,0,0,214,0,0,0,0,0,181,0,0,0,0,0,0,0,0,0,0,0,0,0,0,0,0,0,0,0,0,0,0,0,0,0,0,0,61,0,0,0,60,0,116,0,0,0,96,0,220,0,0,0,62,0,380,0,0,0,14,0,46,0,0,0,0,0,84,0,0,0,74,0,143,0,0,0,5,0,4,0,16,0,0,0,58,0,0,0,65,42,0,0,0,0,46,33,6,0,5,0,0,0,0,0,0,0,0,0,0,0,0,0,183,0,0,0,0,0,0,0,23,0,161,116,57,0,89,0,6,5,11,0,0,0,0,0,0
233,77,241,51,0,5,200,99,125,120,7,1,0,0,0,88,117,93,0,53,0,266,134,106,638,0,0,48,6,65,0,32,0,27,0,10,0,13,34,36,0,0,0,20,0,15,0,0,3,0,0,0,3,14,25,123,0,51,0,78,14,49,123,123,0,0,0,27,0,0,0,0,0,0,0,0,0,0,0,0,0,55,0,0,0,91,0,0,0,0,0,0,0,0,0,0,0,53,0,70,0,0,0,0,0,0,0,0,0,0,0,0,0,0,0,0,0,0,0,0,0,0,1,0,0,0,0,0,0,9,0,0,0,12,0,50,0,44,0,87,0,83,0,129,0,0,0,2,1,4,0,0,0,2,0,5,0,0,0,18,0,4,0,0,0,0,0,0,2,6,0,14,12,43,0,0,33,43,0,1,0,0,16,30,0,6,0,0,0,0,0,0,0,0,0,0,0,0,0,0,0,0,0,0,0,0,0,0,0,0,15,0,0,0,81,0,0,0,204,83,87,72,0,0,0
0,0,136,0,84,0,0,0,0,0,0,3,155,115,116,0,100,0,73,84,70,0,144,0,0,0,0,581,19,0,8,3,0,0,67,0,10,0,0,0,75,162,243,0,260,94,67,248,55,11,220,45,0,0,0,0,0,0,0,0,0,0,0,0,0,0,0,0,0,0,19,0,0,0,32,0,0,0,0,0,0,0,0,0,0,0,0,0,0,0,0,0,0,0,0,0,0,0,0,0,0,0,0,0,0,0,0,0,0,0,0,0,0,0,0,0,0,0,0,0,0,0,0,0,0,0,0,0,0,0,0,0,0,0,0,0,0,0,0,0,0,0,0,0,0,0,0,0,0,0,0,0,0,0,0,0,0,0,0,0,0,0,0,0,27,0,0,2,0,0,0,0,0,0,0,0,0,50,2,0,0,0,0,0,0,0,224,7,0,0,0,0,0,0,0,0,0,0,0,0,0,0,0,0,0,0,0,0,0,0,0,218,124,0,14,0,0,27,0,23,0,0,0,0,0
0,196,0,94,52,406,0,0,0,0,0,159,507,97,45,83,0,15,608,148,268,194,0,9,0,48,581,0,0,0,9,3,0,0,98,75,0,21,0,0,206,74,78,180,42,244,54,281,0,62,145,206,0,0,0,0,0,0,0,0,0,5,0,0,0,0,0,0,0,0,0,0,0,0,0,0,0,0,0,0,0,0,0,0,0,0,0,0,0,0,0,0,0,0,0,0,0,0,0,0,0,0,0,0,0,0,1,0,0,0,0,0,0,0,0,0,0,0,0,0,0,0,0,0,0,0,0,0,0,0,0,0,0,0,0,0,0,0,0,0,0,0,0,0,0,9,0,0,0,0,0,0,0,0,0,0,0,0,0,0,0,0,0,0,0,0,1,14,0,0,0,0,0,0,0,0,0,188,0,12,0,0,0,0,0,0,50,20,0,0,0,0,0,0,0,0,0,0,0,0,0,0,0,0,0,0,0,0,0,0,0,0,0,0,37,0,0,0,75,610,186,29,0,2,9
30,0,176,1,22,0,0,0,0,0,25,0,0,0,7,2,87,0,10,0,30,0,42,2,20,6,19,0,0,0,26,0,30,0,105,0,26,0,13,0,0,0,25,0,62,0,0,0,0,0,17,0,0,0,1,0,5,0,0,0,3,0,2,0,0,0,0,0,0,0,44,0,0,0,91,0,0,0,0,0,77,0,0,0,48,0,104,0,0,0,17,0,0,0,0,0,0,0,0,0,0,0,0,0,0,0,0,0,0,0,0,0,0,0,0,0,0,0,0,0,55,0,10,0,0,0,0,0,0,0,0,0,0,0,0,0,26,0,0,0,52,0,53,0,48,0,0,0,0,0,0,0,0,0,7,0,0,0,13,0,0,0,0,0,0,0,0,0,3,0,0,0,0,0,0,0,12,0,0,0,0,0,18,0,1,0,0,0,0,0,0,0,0,0,0,0,0,0,0,0,0,0,0,0,0,0,0,0,0,0,28,46,0,0,0,0,0,0,0,0,0,0,0,0,0
0,0,0,94,2,0,0,16,0,4,0,4,0,0,0,2,0,30,0,6,0,29,0,88,0,65,0,0,0,0,0,17,0,93,0,14,0,2,0,5,0,0,0,30,0,0,0,0,0,1,0,19,0,2,0,9,0,4,0,8,0,6,0,25,0,0,0,0,0,0,0,18,0,0,0,15,0,0,0,0,0,97,0,0,0,96,0,40,0,0,0,0,0,0,0,0,0,0,0,0,0,0,0,0,0,0,0,0,0,0,0,0,0,0,0,0,0,0,0,0,0,85,0,32,0,0,0,0,0,5,0,0,0,19,0,0,0,21,0,166,0,280,0,243,0,48,0,0,0,0,0,0,0,0,0,16,0,8,0,28,0,0,0,0,0,0,0,2,0,0,0,1,0,2,0,0,0,0,0,0,0,0,0,0,0,0,0,0,0,0,0,0,0,0,0,0,0,0,0,0,0,0,0,0,0,0,0,0,0,0,0,0,0,0,0,0,0,0,6,27,0,0,0,0,0
0,0,41,0,107,46,0,0,0,0,22,18,0,0,58,72,36,0,19,25,59,29,23,19,4,0,8,9,26,0,0,9,11,13,99,0,12,0,4,0,0,0,30,0,8,0,0,0,4,0,42,0,0,0,0,0,0,0,0,0,0,0,1,0,0,0,0,0,0,0,3,0,0,0,11,0,0,0,0,0,0,0,0,0,0,0,18,0,0,0,1,0,0,0,0,0,0,0,0,0,0,0,0,0,0,0,2,0,0,0,0,0,0,0,0,0,0,0,0,0,0,0,2,0,0,0,0,0,4,0,0,0,0,0,0,0,0,0,32,0,8,0,0,0,12,0,0,0,0,0,0,0,0,0,1,0,0,0,2,0,0,0,0,0,1,0,33,0,0,0,0,0,12,0,0,0,17,0,43,0,0,0,0,0,0,0,0,0,0,0,0,0,0,0,0,0,0,0,0,0,0,0,0,0,0,0,0,0,0,0,97,96,51,0,22,0,0,0,0,0,0,0,0,0,0
0,0,0,17,0,55,0,0,0,0,0,24,13,0,59,11,0,20,0,20,0,3,0,3,0,32,3,3,0,17,9,0,0,0,0,1,0,9,0,1,0,0,0,4,0,0,0,0,0,0,3,6,0,1,0,6,0,0,0,0,0,0,0,10,0,0,0,0,0,0,0,11,0,0,0,22,0,0,0,0,0,0,0,0,0,44,0,0,0,0,0,0,0,0,0,0,0,0,0,0,0,0,0,0,0,0,0,0,0,0,0,0,0,0,0,0,0,0,0,0,0,48,0,30,0,0,0,0,0,0,0,0,0,0,0,0,0,0,0,0,0,50,0,64,0,29,0,0,0,0,0,0,0,2,0,0,0,0,0,0,0,0,0,1,0,0,0,23,0,0,0,5,0,6,0,0,0,22,0,0,0,0,0,0,0,0,0,0,0,0,0,0,0,0,0,0,0,0,0,0,0,0,0,0,0,0,0,0,0,0,0,0,0,0,17,0,0,0,69,181,29,0,0,0,0
33,0,163,0,148,0,0,0,0,0,129,14,4,1,36,49,112,2,0,0,68,0,51,27,10,0,0,0,30,0,11,0,0,0,23,0,171,0,0,0,0,0,8,0,10,0,0,0,0,0,7,0,0,0,0,0,0,0,0,0,4,0,2,0,0,0,0,0,0,0,10,0,0,0,12,0,1,0,0,0,0,0,0,0,0,0,0,0,0,0,0,0,0,0,0,0,0,0,0,0,0,0,0,0,0,0,0,0,0,0,0,0,0,0,0,0,0,0,0,0,0,0,0,0,0,0,0,0,0,0,0,0,1,0,0,0,0,0,15,0,0,0,4,0,0,0,0,0,0,0,0,0,0,0,0,0,1,0,0,0,0,0,0,0,0,0,79,0,39,0,0,0,27,0,0,0,0,0,30,0,0,0,0,0,0,0,0,0,0,0,0,0,0,0,0,0,0,0,0,0,0,0,0,0,0,0,0,0,0,0,152,257,98,23,42,0,1,0,0,0,0,0,0,0,0
0,80,0,339,0,202,0,41,0,0,0,136,0,1,51,53,0,30,0,0,32,4,0,31,2,27,0,0,0,93,13,0,0,0,0,0,0,50,0,0,0,0,0,1,0,0,0,0,0,0,0,2,0,0,0,0,0,5,0,0,0,3,0,22,0,0,0,0,0,0,0,0,0,0,0,25,0,0,0,0,0,0,0,0,0,86,0,40,0,0,0,0,0,0,0,0,0,0,0,0,0,57,0,0,0,0,0,0,0,0,0,0,0,0,0,0,0,0,0,0,0,69,0,27,0,0,0,0,0,0,0,0,0,0,0,0,0,0,0,10,0,45,0,131,0,18,0,0,0,0,0,0,0,0,0,0,0,2,0,2,0,0,0,0,0,0,0,49,0,0,0,8,0,11,0,0,0,15,0,2,0,0,0,1,0,0,0,0,0,0,0,0,0,0,0,0,0,0,0,0,0,0,0,0,0,0,0,0,0,0,0,0,0,0,13,0,0,0,32,337,82,18,0,0,0
0,0,0,0,86,0,0,0,0,0,0,4,274,54,35,0,0,0,266,89,68,33,0,0,0,0,67,98,105,0,99,0,23,0,0,0,44,0,6,0,0,0,24,0,11,0,0,0,10,0,47,0,0,0,2,0,1,0,0,0,0,0,0,0,0,0,0,0,0,0,0,0,0,0,0,0,0,0,0,0,0,0,0,0,0,0,0,0,0,0,0,0,0,0,0,0,0,0,0,0,0,0,0,0,0,0,0,0,0,0,0,0,0,0,0,0,0,0,0,0,0,0,0,0,0,0,0,0,0,0,0,0,0,0,0,0,0,0,0,0,0,0,0,0,10,0,0,0,0,0,0,0,0,0,1,0,0,0,0,0,0,0,2,0,24,0,33,0,36,0,0,0,0,0,0,0,53,18,91,0,0,0,0,0,0,0,28,0,0,0,0,0,0,0,0,0,0,0,0,0,0,0,0,0,0,0,0,0,0,0,97,253,129,0,56,0,3,0,0,10,0,0,0,0,0
0,0,0,0,0,129,0,0,0,0,0,59,54,211,0,11,0,0,72,136,82,27,0,0,0,10,0,75,0,14,0,1,0,0,0,0,0,65,0,2,0,0,0,2,0,5,0,3,0,0,0,9,0,0,0,0,0,0,0,0,0,7,0,0,0,0,0,0,0,0,0,0,0,0,0,29,0,0,0,0,0,69,0,0,0,0,0,27,0,0,0,0,0,0,0,0,0,0,0,0,0,0,0,0,0,0,0,0,0,0,0,0,0,0,0,0,0,0,0,0,0,62,0,0,0,0,0,0,0,0,0,0,0,0,0,0,0,0,0,19,0,49,0,49,0,25,0,0,0,0,0,0,0,0,0,0,0,12,0,0,0,0,0,3,0,11,0,62,0,11,0,0,0,18,0,0,0,61,0,6,0,0,0,0,0,0,0,0,0,0,0,0,0,0,0,0,0,0,0,0,0,0,0,0,0,0,0,0,0,0,0,0,0,0,63,0,0,0,204,325,186,43,0,0,0
21,0,35,0,79,0,0,0,0,0,16,0,0,19,45,0,16,0,15,0,31,10,8,2,0,0,10,0,26,0,12,0,171,0,44,0,0,0,28,0,0,1,26,0,27,0,0,0,0,0,34,0,0,0,4,0,0,0,0,0,16,0,16,0,3,0,0,0,0,0,97,0,17,0,103,0,0,0,41,0,107,0,0,0,0,0,166,0,0,0,0,0,0,0,0,0,0,0,126,0,54,0,0,0,0,0,0,0,0,0,0,0,0,0,0,0,0,0,0,0,69,0,17,0,0,0,0,0,0,0,0,0,6,0,0,0,22,0,115,0,110,0,53,0,177,0,0,0,0,0,0,0,0,0,7,0,14,0,14,0,0,0,21,0,14,0,31,0,101,0,13,0,54,0,0,0,7,0,17,0,0,0,14,0,2,0,4,1,0,0,0,0,0,0,0,0,0,0,0,0,0,0,0,0,0,0,0,0,0,0,84,105,147,44,73,0,4,2,0,3,0,0,0,0,0
0,206,0,165,0,150,0,0,0,0,12,133,0,18,45,75,0,17,0,39,35,6,7,29,0,13,0,21,0,2,0,9,0,50,0,65,0,0,0,2,0,0,0,11,0,13,0,0,0,2,0,21,0,0,0,0,0,4,0,0,0,42,0,19,0,0,0,0,0,0,0,14,0,0,0,29,0,0,0,3,0,184,0,0,0,72,0,0,0,0,0,0,0,0,0,0,0,0,0,0,0,0,0,0,0,0,0,0,0,0,0,0,0,0,0,0,0,0,0,0,0,70,0,0,0,0,0,0,0,0,0,0,0,0,0,0,0,11,0,14,0,44,0,56,0,49,0,0,0,0,0,0,0,0,0,0,0,39,0,0,0,3,0,0,0,4,0,75,0,19,0,16,0,50,0,0,2,18,0,0,0,0,0,0,0,0,0,0,0,0,0,0,0,0,0,0,0,0,0,0,0,0,0,0,0,0,0,0,0,0,0,0,0,0,0,0,0,0,39,196,143,19,0,0,0
308,0,348,0,27,0,133,0,0,4,31,0,0,0,0,0,109,0,0,0,0,0,46,0,45,34,0,0,13,0,4,0,0,0,6,0,28,0,0,0,0,0,4,0,2,0,0,0,2,0,1,0,9,0,4,0,0,0,0,0,4,2,7,2,0,0,0,0,0,0,0,0,0,0,0,0,0,0,0,0,0,0,4,0,0,0,0,0,0,0,0,0,0,0,0,0,0,0,0,0,0,0,0,0,0,0,0,0,0,0,0,0,0,0,0,0,0,0,0,0,0,0,2,0,0,0,0,0,0,0,0,0,0,0,0,0,0,0,47,0,26,0,7,0,15,0,0,0,0,0,0,0,0,0,5,0,10,0,4,0,0,0,0,0,0,0,5,0,2,0,3,0,23,0,0,0,41,4,1,0,0,0,219,0,0,0,0,0,0,0,0,0,0,0,0,0,0,0,0,0,0,0,0,0,0,0,0,0,0,0,14,107,6,0,5,0,0,0,0,0,0,0,0,0,0
0,149,0,282,0,0,0,0,0,0,1,0,0,0,0,25,0,104,0,3,0,13,0,47,0,36,0,0,0,5,0,1,0,0,0,2,0,2,0,0,0,0,0,9,0,0,0,0,1,0,0,7,0,0,0,13,0,0,0,0,0,2,0,13,0,0,0,0,0,0,0,0,0,0,0,0,0,0,0,0,0,0,0,0,0,0,0,0,0,0,0,0,0,0,0,0,0,0,0,0,0,0,0,0,0,0,0,0,0,0,0,0,0,0,0,0,0,0,0,0,0,0,0,0,0,0,0,0,0,0,0,0,0,0,0,0,0,0,0,32,0,28,0,0,0,42,0,0,0,0,0,0,0,0,0,7,0,0,0,7,0,0,0,1,0,0,0,1,0,0,0,0,0,4,0,0,0,0,0,0,0,0,0,6,0,0,0,0,0,0,0,0,0,0,0,0,0,0,0,0,0,0,0,0,0,0,0,0,0,10,0,0,0,0,16,0,0,0,0,110,28,0,0,0,0
0,0,176,0,72,0,0,0,0,0,52,0,47,32,24,0,0,0,7,0,3,0,33,0,7,0,75,206,0,0,0,0,0,0,0,0,0,0,0,0,0,114,124,7,99,150,98,253,143,84,79,15,0,0,0,0,0,0,0,0,0,0,0,0,0,0,0,0,0,0,0,0,0,0,0,0,0,0,0,0,0,0,0,0,0,0,0,0,0,0,0,0,0,0,0,0,0,0,0,0,0,0,0,0,0,0,0,0,0,0,0,0,0,0,0,0,0,0,0,0,0,0,0,0,0,0,0,0,0,0,0,0,0,0,0,0,0,0,0,0,0,0,0,0,0,0,0,0,0,0,0,0,0,0,0,0,0,0,0,0,0,0,0,0,8,0,0,0,0,0,0,0,0,0,0,0,16,59,6,0,0,0,13,0,0,0,90,0,0,0,0,0,0,0,0,0,0,0,0,0,0,0,0,0,0,0,0,0,0,0,0,132,23,0,0,0,0,31,0,50,3,0,0,0,0
0,0,1,0,0,30,0,0,0,0,0,66,37,55,0,0,0,0,34,12,15,0,0,0,0,0,162,74,0,0,0,0,0,0,0,0,1,0,0,0,114,0,0,59,34,67,36,217,6,84,28,101,0,0,0,0,0,0,0,0,0,0,0,0,0,0,0,0,0,6,0,0,0,0,0,0,0,0,0,0,0,0,0,0,0,0,0,0,0,0,0,0,0,0,0,0,0,0,0,0,1,0,0,0,0,0,0,0,0,0,0,0,0,0,0,0,0,0,0,0,0,0,0,0,0,0,0,0,0,0,0,0,0,0,0,0,0,0,0,0,0,0,0,0,0,0,0,0,0,0,0,0,0,0,0,0,0,0,0,0,0,0,0,0,0,72,0,1,0,0,0,0,0,0,0,0,0,75,0,20,0,0,0,0,0,0,19,3,0,0,0,0,0,0,0,0,0,0,0,0,0,0,0,0,0,0,0,0,0,0,0,16,0,0,0,0,0,0,0,53,19,0,0,0,7
0,0,0,0,0,0,0,0,0,0,0,0,107,0,0,0,4,0,63,0,36,0,0,0,1,0,243,78,25,0,30,0,8,0,24,0,26,0,4,0,124,0,0,0,85,0,50,56,37,0,47,9,0,0,0,0,4,0,13,0,0,0,0,0,0,0,5,0,0,0,23,0,8,0,15,0,0,0,0,0,0,0,0,0,0,0,0,0,0,0,0,0,0,0,0,0,0,0,0,0,0,0,0,0,0,0,0,0,0,0,0,0,0,0,0,0,0,0,0,0,0,0,0,0,0,0,0,0,0,0,0,0,0,0,0,0,0,0,0,0,0,0,0,0,0,0,0,0,0,0,0,0,0,0,0,0,0,0,0,0,0,0,7,0,16,0,40,0,0,0,0,0,30,0,0,0,0,0,0,0,1,0,1,0,0,0,111,0,0,0,0,0,0,0,0,0,0,0,0,0,0,0,0,0,0,0,0,0,0,0,33,95,40,5,10,0,0,9,0,0,0,0,0,0,0
0,0,0,0,0,26,0,0,0,3,0,0,17,146,0,5,0,12,39,33,24,79,0,5,0,20,0,180,0,30,0,4,0,1,0,2,0,11,0,9,7,59,0,0,4,151,0,69,0,33,0,21,0,1,0,0,0,0,0,0,0,2,0,0,0,0,0,0,0,0,0,0,0,2,0,23,0,0,0,0,0,85,0,0,0,0,0,24,0,0,0,0,0,0,0,0,0,0,0,0,0,0,0,0,0,0,0,0,0,0,0,0,0,0,0,0,0,0,0,0,0,35,0,0,0,0,0,0,0,0,0,0,0,0,0,0,0,0,0,11,0,0,0,28,0,27,0,0,0,0,0,0,0,0,0,0,0,6,0,0,0,0,0,0,0,11,0,3,0,0,0,15,0,24,0,0,0,15,0,0,0,0,0,0,0,0,0,12,0,0,0,0,0,0,0,0,0,0,0,0,0,0,0,0,0,0,0,0,0,0,0,0,0,0,13,0,0,0,35,228,94,16,0,1,3
0,0,143,0,16,0,0,0,0,0,2,0,8,7,38,0,198,0,18,0,65,0,233,0,42,0,260,42,62,0,8,0,10,0,11,0,27,0,2,0,99,34,85,4,0,38,263,62,163,50,64,0,0,0,0,0,0,0,0,0,7,0,20,0,0,0,6,0,28,0,107,0,23,0,128,0,0,0,0,0,0,0,59,0,0,0,194,0,0,0,0,0,0,0,0,0,0,1,0,0,0,0,0,0,0,0,0,0,0,0,0,0,0,0,0,0,0,0,0,0,92,0,0,0,0,0,0,0,0,0,0,0,0,0,0,0,0,0,32,0,0,0,0,0,68,0,0,0,0,0,0,0,0,0,6,0,0,0,0,0,0,0,17,0,55,0,51,0,64,0,15,0,41,0,0,0,0,8,0,0,6,0,0,0,8,0,58,0,0,0,0,0,0,0,10,0,0,0,0,0,0,0,0,0,0,0,0,0,0,0,110,176,79,50,74,0,9,56,0,9,0,0,0,0,0
0,47,0,26,0,123,0,6,0,0,0,59,38,21,0,28,0,11,30,80,15,279,0,2,4,15,94,244,0,0,0,0,0,0,0,5,0,13,0,0,150,67,0,151,38,0,71,358,16,264,21,64,0,2,0,0,0,0,0,0,0,13,0,0,0,0,0,0,0,13,0,36,0,0,0,0,0,9,0,0,0,0,0,28,0,0,0,0,0,0,0,0,0,10,0,64,0,0,0,0,0,0,0,0,0,2,0,0,0,0,0,0,0,0,0,0,0,0,0,0,0,0,0,0,0,0,0,0,0,0,0,0,0,0,0,0,0,0,0,0,0,42,0,0,0,52,0,0,0,0,0,0,0,0,0,0,0,0,0,0,0,0,0,5,0,77,0,25,0,44,0,0,0,25,0,0,0,49,0,2,0,0,0,0,0,0,11,32,0,0,0,0,0,0,0,0,0,0,0,0,0,0,0,0,0,0,0,0,0,0,0,16,0,0,22,0,0,2,40,453,118,12,0,3,76
2,0,177,0,65,0,8,0,6,0,29,0,39,0,57,0,15,0,22,0,5,0,107,0,20,0,67,54,0,0,0,0,0,0,0,0,0,0,0,0,98,36,50,0,263,71,0,97,182,71,21,4,0,0,0,0,0,0,0,0,0,0,0,0,0,0,0,0,0,0,0,0,0,0,0,0,0,0,0,0,0,0,0,0,0,0,0,0,0,0,0,0,0,0,0,0,0,0,0,0,0,0,0,0,0,0,0,0,0,0,0,0,0,0,0,0,0,0,0,0,0,0,0,0,0,0,0,0,0,0,0,0,0,0,0,0,0,0,0,0,4,0,0,0,0,0,0,0,0,0,0,0,0,0,0,0,0,0,0,0,0,0,0,0,12,5,4,0,0,0,0,0,0,0,0,0,10,23,8,0,0,0,9,0,12,0,64,0,0,0,0,0,0,0,0,0,0,0,0,0,0,0,0,0,0,0,0,0,0,0,8,149,52,0,0,0,0,52,0,22,0,0,0,0,0
0,0,0,0,0,75,0,0,0,0,0,116,71,123,0,0,0,0,84,14,45,3,0,0,0,0,248,281,0,0,0,0,0,0,0,3,0,0,0,0,253,217,56,69,62,358,97,0,21,127,38,70,0,0,0,0,0,0,0,0,0,0,0,0,0,0,0,0,0,2,0,0,0,0,1,0,0,0,0,0,0,0,0,0,0,0,0,0,0,0,0,0,0,0,0,0,0,0,0,0,4,0,0,0,0,0,0,0,0,0,0,0,0,0,0,0,0,0,0,0,0,0,0,0,0,0,0,0,0,0,0,0,0,0,0,0,0,0,0,0,0,0,0,0,0,0,0,0,0,0,0,0,0,0,0,0,0,0,0,0,0,0,0,0,0,36,0,0,0,0,0,0,0,0,0,0,0,144,0,7,0,0,0,0,0,0,42,7,0,0,0,0,0,0,0,0,0,0,0,0,0,0,0,0,0,0,0,0,0,0,0,43,0,0,0,0,0,0,0,235,49,0,0,0,18
0,0,69,0,25,0,63,0,37,0,16,0,28,0,0,0,39,0,0,0,14,0,46,0,14,3,55,0,0,0,4,0,0,0,10,0,0,0,2,1,143,6,37,0,163,16,182,21,0,66,31,0,66,0,79,0,234,0,155,0,22,0,16,2,0,0,55,0,47,0,12,0,11,0,20,0,15,0,19,0,12,0,75,0,0,0,58,0,0,0,23,0,62,0,53,5,19,0,0,0,43,0,59,0,0,0,22,0,0,0,0,0,0,0,0,0,2,0,1,0,0,0,0,0,0,0,0,0,0,0,86,0,0,0,43,0,16,0,6,0,0,0,31,0,14,0,0,0,0,0,16,0,21,0,0,0,29,0,24,0,133,0,24,0,13,15,10,0,57,5,31,0,26,0,21,0,33,5,17,0,31,0,16,0,8,0,138,0,0,0,96,0,185,0,33,0,0,0,25,0,0,1,79,1,72,0,0,0,42,0,154,239,186,23,113,51,67,19,0,30,7,0,0,0,3
0,0,0,0,0,59,0,4,0,0,0,117,0,27,1,0,0,1,0,3,0,3,0,0,0,0,11,62,0,1,0,0,0,0,0,0,0,2,0,0,84,84,0,33,50,264,71,127,66,0,1,13,0,0,0,1,0,0,0,0,0,0,0,1,0,1,0,0,0,34,0,0,0,0,0,0,0,2,0,0,0,13,0,28,0,0,0,0,0,0,0,0,0,45,0,29,0,0,0,0,0,4,0,15,0,0,0,1,0,0,0,0,0,0,0,0,0,0,0,0,0,0,0,0,0,0,0,0,0,0,0,0,0,0,0,0,0,0,0,0,0,0,0,0,0,5,0,0,0,0,0,0,0,0,0,0,0,0,0,0,0,0,0,0,0,94,0,12,0,22,0,0,0,0,0,5,0,108,0,18,0,5,0,9,0,3,10,28,0,5,0,3,0,2,0,0,0,0,0,0,0,0,0,0,0,0,0,0,0,0,0,16,0,0,5,0,0,4,21,74,33,2,8,11,29
0,0,0,0,46,0,0,0,0,0,0,0,274,50,37,0,14,0,118,51,190,26,0,0,0,0,220,145,17,0,42,3,7,0,47,0,34,0,1,0,79,28,47,0,64,21,21,38,31,1,0,0,0,0,0,0,4,0,9,0,0,0,5,0,0,0,4,0,0,0,12,0,12,0,18,0,12,0,0,0,17,0,27,0,0,0,38,0,0,0,0,0,0,0,0,0,0,0,25,0,24,0,12,0,0,0,0,0,0,0,0,0,0,0,0,0,1,0,0,0,0,0,0,0,0,0,0,0,0,0,0,0,0,0,0,0,0,0,0,0,8,0,0,0,15,0,0,1,0,0,0,0,0,0,0,0,0,0,0,0,3,0,0,0,23,0,19,1,159,0,5,0,33,0,0,0,14,13,26,0,0,0,0,0,0,0,133,0,0,0,0,0,0,0,0,0,0,0,0,0,6,0,0,0,0,0,0,0,0,0,64,165,137,33,56,0,3,5,0,0,0,0,0,0,0
0,0,0,0,0,60,0,0,0,0,0,31,40,383,0,10,0,5,70,108,44,56,1,6,0,0,45,206,0,19,0,6,0,2,0,9,0,21,0,7,15,101,9,21,0,64,4,70,0,13,0,0,0,0,0,0,0,0,0,0,0,13,0,2,0,0,0,0,0,0,0,50,0,11,0,58,0,0,0,0,0,181,0,0,0,55,0,53,0,0,0,0,0,0,0,55,0,0,0,0,0,33,0,0,0,0,0,0,0,0,0,0,0,0,0,0,0,0,0,0,0,114,0,38,0,0,0,0,0,0,0,0,0,0,0,0,0,0,0,0,0,28,0,55,0,52,0,0,0,0,0,0,0,0,0,0,0,14,0,0,0,0,0,0,0,10,0,33,0,67,0,27,0,60,0,0,0,30,0,0,0,0,0,0,0,0,5,35,0,0,0,0,0,0,0,0,0,0,0,0,0,0,0,0,0,0,0,0,0,0,0,0,0,0,35,0,0,0,89,164,180,19,0,0,3
4,0,0,0,0,0,78,6,223,50,0,0,0,0,0,0,89,0,0,0,0,0,18,0,63,3,0,0,0,0,0,0,0,0,0,0,0,0,9,0,0,0,0,0,0,0,0,0,66,0,0,0,0,70,256,163,181,78,211,100,39,0,63,0,0,10,84,176,0,0,0,0,0,0,5,0,0,0,0,0,0,0,0,0,113,0,24,0,0,0,50,0,0,0,0,0,63,0,77,0,27,0,0,0,0,0,35,0,0,0,0,0,0,0,0,0,0,0,0,0,20,0,15,0,0,0,0,0,59,0,0,0,15,0,3,0,110,0,180,0,99,0,123,0,14,0,2,0,12,0,0,0,0,0,192,7,71,0,246,5,46,5,26,0,14,0,0,0,77,0,70,0,14,0,0,0,26,0,0,0,0,0,7,0,173,1,0,0,0,0,1,0,0,0,0,0,0,0,0,0,35,0,0,0,0,0,0,0,0,0,178,340,200,203,186,3,82,12,7,0,0,0,0,0,0
0,47,3,8,0,2,0,26,158,121,0,1,0,0,0,0,3,46,0,0,0,0,0,7,30,14,0,0,0,2,0,1,0,0,0,0,0,0,0,0,0,0,0,1,0,2,0,0,0,0,0,0,70,0,145,58,0,66,96,93,1,33,42,46,2,2,45,39,0,0,0,0,0,0,0,0,0,0,0,0,0,0,0,0,0,55,0,0,0,0,0,0,0,0,0,0,0,0,0,43,0,34,0,0,0,0,0,0,0,0,0,0,0,0,0,0,0,0,0,0,0,0,0,0,0,0,0,0,0,0,0,5,0,0,0,19,0,0,0,249,0,119,0,158,0,25,0,0,0,0,0,0,0,1,0,85,0,140,0,75,0,10,0,3,0,1,0,0,0,6,0,58,0,12,0,0,6,23,0,0,0,0,0,2,3,3,0,0,0,0,0,0,0,0,0,0,0,0,0,0,0,0,0,0,0,0,0,0,0,0,6,4,0,0,173,0,0,0,195,703,58,152,0,48,0
7,0,46,0,0,0,173,20,169,276,0,0,0,0,0,0,0,0,0,0,0,0,125,0,257,25,0,0,1,0,0,0,0,0,2,0,4,0,4,0,0,0,0,0,0,0,0,0,79,0,0,0,256,145,0,458,97,47,108,87,37,0,85,92,9,0,16,202,0,0,0,0,0,0,0,0,0,0,0,0,0,0,0,0,0,0,0,0,0,0,0,0,0,0,0,0,0,0,0,0,0,0,0,0,0,0,0,0,0,0,0,0,0,0,0,0,0,0,0,0,0,0,0,0,0,0,0,0,0,0,50,0,0,0,42,0,119,0,0,0,0,0,100,0,0,0,0,0,0,0,1,0,0,0,68,0,11,0,42,0,145,0,0,0,0,0,0,0,68,0,90,0,34,0,0,0,0,0,0,0,0,0,5,1,35,0,0,0,0,0,0,0,0,0,0,0,0,0,0,0,0,0,0,0,0,0,0,0,0,0,562,126,274,332,331,0,99,26,0,0,0,0,0,0,0
0,72,0,186,0,0,0,328,653,240,0,5,0,0,0,40,12,21,0,0,0,0,0,9,165,123,0,0,0,9,0,6,0,0,0,0,0,0,0,13,0,0,0,0,0,0,0,0,0,1,0,0,163,58,458,0,0,246,242,383,0,9,184,32,0,32,122,265,0,0,0,0,0,0,0,0,0,0,0,0,0,0,0,0,0,47,0,0,0,0,0,0,0,0,0,0,0,0,0,0,0,0,0,0,0,0,0,0,0,0,0,0,0,0,0,0,0,0,0,0,0,0,0,0,0,2,0,0,0,20,0,11,0,0,0,52,0,108,0,154,0,77,0,102,0,0,0,0,0,4,0,0,0,0,3,30,0,16,0,45,0,31,0,0,0,3,0,0,0,0,0,90,0,13,0,0,22,84,0,0,0,0,1,0,8,25,0,0,0,0,0,0,0,0,0,0,0,0,0,0,0,0,0,0,0,0,0,0,0,1,35,5,0,0,201,0,0,0,219,264,127,224,0,107,0
0,0,19,0,5,0,98,0,279,20,0,0,0,0,0,0,38,0,0,0,0,0,41,0,88,0,0,0,5,0,0,0,0,0,1,0,0,0,0,0,0,0,4,0,0,0,0,0,234,0,4,0,181,0,97,0,0,57,310,40,0,0,11,0,27,47,109,148,0,0,0,0,0,0,0,0,0,0,0,0,0,0,0,0,0,0,0,0,0,0,0,0,0,0,0,1,0,0,1,0,0,0,0,0,0,0,0,0,0,0,0,0,0,0,0,0,0,0,0,0,0,0,0,0,16,0,3,0,34,0,174,0,0,0,16,0,72,0,3,5,14,1,54,0,0,4,1,0,13,9,0,2,0,0,314,45,63,0,129,26,320,52,131,0,0,0,14,0,216,0,88,0,37,0,2,0,13,0,0,0,0,0,0,0,25,4,0,0,0,0,0,0,0,0,0,0,0,0,0,0,0,0,0,0,0,0,0,0,0,0,633,258,550,659,777,42,379,0,0,0,0,0,0,0,0
0,9,0,21,0,0,0,31,78,26,0,2,0,0,0,14,1,26,0,0,0,0,0,13,0,51,0,0,0,4,0,0,0,5,0,0,0,4,0,0,0,0,0,0,0,0,0,0,0,0,0,0,78,66,47,246,57,0,146,457,0,0,0,17,29,17,121,207,0,0,0,0,0,0,0,0,0,0,0,0,0,0,0,0,0,14,0,0,0,0,0,0,0,0,0,0,0,0,0,0,0,0,0,0,0,0,0,0,0,0,0,0,0,0,0,0,0,0,0,0,0,0,0,0,0,5,0,0,0,40,0,37,0,47,0,29,0,82,0,140,0,48,0,52,0,0,0,0,4,0,0,0,0,0,28,379,0,29,0,72,15,125,0,0,0,9,0,0,0,33,0,205,0,10,0,7,8,7,0,0,0,0,0,0,8,71,0,0,0,0,0,0,0,0,0,0,0,0,0,0,0,0,0,0,0,0,0,0,0,2,4,0,0,0,311,0,0,0,192,135,190,317,0,81,0
15,0,15,0,0,0,123,0,609,88,0,0,0,0,0,0,8,0,0,0,0,0,21,0,41,0,0,0,0,0,0,0,0,0,0,0,0,0,0,0,0,0,13,0,0,0,0,0,155,0,9,0,211,96,108,242,310,146,0,142,0,0,28,0,158,20,315,435,0,0,0,0,0,0,0,0,0,0,0,0,0,0,0,0,0,1,0,0,0,0,0,0,0,0,0,0,0,0,0,0,0,0,0,0,0,0,0,0,0,0,0,0,0,0,0,0,0,0,0,0,0,0,0,0,13,0,0,0,0,0,79,0,0,0,0,0,11,0,0,0,0,0,0,0,0,0,0,0,4,0,0,0,0,0,147,37,93,0,0,0,38,0,0,0,22,0,0,0,133,0,82,0,38,0,0,0,44,0,0,0,2,0,0,0,66,0,2,0,0,0,0,0,0,0,0,0,0,0,0,0,0,0,0,0,0,0,0,0,4,0,763,321,356,0,677,40,285,0,7,0,0,0,0,0,0
2,18,0,86,0,0,0,187,122,102,0,4,0,0,0,27,0,12,0,0,0,0,0,0,0,78,0,0,0,8,0,0,0,0,0,0,0,0,0,0,0,0,0,0,0,0,0,0,0,0,0,0,100,93,87,383,40,457,142,0,0,0,31,0,7,282,135,385,0,9,0,0,0,0,0,0,0,0,0,0,0,0,0,0,0,0,0,0,0,0,0,0,0,0,0,0,0,0,0,1,0,0,0,0,0,0,0,0,0,0,0,0,0,0,0,0,0,0,0,0,0,0,0,0,0,10,0,0,0,5,0,100,0,9,0,0,0,22,0,3,0,0,0,5,0,0,0,0,0,12,0,0,0,0,0,128,1,127,0,16,0,42,0,0,0,8,0,0,0,65,0,324,0,36,0,0,10,9,0,0,0,0,0,0,8,20,0,0,0,0,0,0,0,0,0,0,0,0,0,0,0,0,0,0,0,0,0,0,0,4,0,0,0,0,935,0,0,0,718,185,420,884,0,266,0
153,0,39,5,0,0,164,0,347,5,0,0,0,0,0,0,29,3,0,0,0,0,0,0,19,14,0,0,3,0,0,0,4,0,0,0,16,0,4,0,0,0,0,0,7,0,0,0,22,0,0,0,39,1,37,0,0,0,0,0,0,0,34,0,0,0,0,0,0,0,10,0,0,0,14,0,0,0,0,0,0,0,0,0,0,0,0,0,0,0,0,0,0,0,0,0,0,0,0,0,0,0,0,0,0,0,0,0,0,0,0,0,0,0,0,0,0,0,0,0,0,0,9,0,0,0,0,0,0,0,0,0,0,0,0,0,0,0,99,0,63,0,0,0,100,0,0,0,0,0,0,0,5,0,30,0,82,0,10,0,0,0,8,0,0,0,0,0,27,0,97,0,67,0,0,0,0,0,0,0,0,0,93,0,0,0,0,0,0,0,0,0,0,0,0,0,0,0,0,0,0,0,0,0,0,0,0,0,0,0,38,273,72,63,38,0,10,10,0,0,0,0,0,0,0
0,358,0,106,0,0,0,186,0,97,0,11,0,0,0,9,0,24,0,0,0,5,0,15,0,49,0,5,0,6,0,0,0,3,0,7,0,42,2,2,0,0,0,2,0,13,0,0,0,0,0,13,0,33,0,9,0,0,0,0,0,0,1,24,0,0,0,0,0,0,0,0,0,0,0,0,0,0,0,0,0,0,0,0,0,2,0,0,0,0,0,0,0,0,0,0,0,0,0,0,0,0,0,0,0,0,0,0,0,0,0,0,0,0,0,0,0,0,0,0,0,0,0,0,0,0,0,0,0,0,0,0,0,0,0,0,0,7,0,20,0,0,0,0,0,30,0,0,0,4,0,0,0,0,0,0,0,92,0,2,0,0,0,1,0,1,0,2,0,5,0,34,0,71,0,0,0,13,0,2,1,0,0,19,0,0,0,0,0,0,0,0,0,0,0,0,0,0,0,0,0,0,0,0,0,0,0,0,0,0,0,0,0,0,89,0,0,0,214,254,177,132,0,52,0
153,10,29,9,0,0,460,60,579,101,4,0,0,0,0,0,305,11,0,0,21,0,90,0,77,123,0,0,2,0,1,0,2,0,0,0,16,0,7,0,0,0,0,0,20,0,0,0,16,0,5,0,63,42,85,184,11,0,28,31,34,1,0,78,0,0,0,25,0,0,34,0,0,0,60,0,0,0,0,0,56,0,0,0,61,0,83,0,0,0,21,0,0,0,0,0,0,0,97,0,34,0,0,0,0,0,0,0,0,0,0,0,0,0,0,0,0,0,0,0,0,0,18,0,0,0,0,0,0,0,0,0,8,0,0,0,33,0,99,0,91,0,94,3,20,0,0,0,0,0,0,0,0,0,40,0,6,0,40,0,0,0,0,0,0,0,0,0,15,0,25,0,23,0,0,0,103,10,0,0,0,0,85,2,54,0,0,0,0,0,0,0,0,0,0,0,0,0,0,0,5,0,0,0,0,0,0,0,0,1,65,226,54,53,47,0,0,10,0,1,0,0,0,0,0
25,237,23,97,0,8,0,230,121,197,0,0,0,0,0,0,16,226,0,0,0,24,19,106,150,123,0,0,0,25,0,10,0,22,0,0,0,19,2,13,0,0,0,0,0,0,0,0,2,1,0,2,0,46,92,32,0,17,0,0,0,24,78,0,0,0,0,0,0,0,0,0,0,1,0,0,0,0,0,0,0,0,0,0,0,0,0,0,0,0,0,0,0,0,0,0,0,0,0,0,0,0,0,0,0,0,0,0,0,0,0,0,0,0,0,0,0,0,0,0,0,0,0,0,0,0,0,0,0,0,0,0,0,6,0,16,0,0,0,69,0,39,0,50,0,16,0,0,0,0,0,0,0,0,0,21,0,7,0,23,0,0,0,1,0,0,0,0,0,3,0,18,0,7,0,0,0,25,0,0,0,0,0,24,0,0,0,0,0,0,0,0,0,0,0,0,0,0,0,0,0,0,0,0,0,0,0,4,0,0,10,0,0,0,90,0,0,0,215,799,60,74,0,28,0
0,0,12,0,0,0,91,0,51,0,17,0,0,0,0,0,0,0,0,0,0,0,0,0,4,0,0,0,0,0,0,0,0,0,0,0,3,0,0,0,0,0,0,0,0,0,0,0,0,0,0,0,0,2,9,0,27,29,158,7,0,0,0,0,0,32,112,16,0,0,0,0,0,2,0,0,0,0,0,0,0,0,0,0,0,0,0,0,0,0,0,0,0,0,0,0,0,0,0,0,0,0,0,0,0,0,0,0,0,0,0,0,0,0,0,0,0,0,0,0,0,0,0,0,6,0,0,0,0,0,39,0,0,0,0,0,0,0,0,0,0,0,0,0,17,0,0,0,69,0,0,0,0,0,53,29,16,0,14,0,221,26,0,0,0,0,2,0,0,0,0,0,0,0,15,2,32,0,6,0,45,0,4,0,91,0,4,0,0,0,0,0,0,0,0,0,0,0,0,0,0,0,0,0,0,0,0,0,0,0,68,27,18,0,92,0,24,0,0,0,0,0,0,0,0
0,105,0,5,0,7,0,8,0,192,0,9,0,0,0,0,0,0,0,0,0,0,0,0,0,0,0,0,0,0,0,0,0,0,0,0,0,0,0,0,0,0,0,0,0,0,0,0,0,1,0,0,10,2,0,32,47,17,20,282,0,0,0,0,32,0,24,197,0,0,0,39,0,24,0,27,0,0,0,0,0,0,0,0,0,0,0,0,0,0,0,0,0,0,0,0,0,0,0,0,0,0,0,0,0,0,0,0,0,0,0,0,0,0,0,0,0,0,0,0,0,0,0,0,0,30,0,21,0,0,50,79,0,0,0,0,0,5,22,43,0,0,0,0,11,150,0,18,0,221,0,38,0,15,59,110,0,32,44,76,80,152,0,89,0,2,0,0,0,41,0,0,0,0,5,131,1,0,0,0,15,26,0,15,7,115,0,0,0,0,0,0,0,0,0,0,0,0,0,5,0,0,0,0,0,0,0,10,0,35,1,0,0,0,178,0,0,0,145,59,120,0,0,0,0
32,0,0,0,2,0,237,0,163,25,17,0,0,0,0,0,0,0,0,0,0,0,0,0,0,0,0,0,0,0,0,0,0,0,0,0,0,0,0,0,0,0,5,0,6,0,0,0,55,0,4,0,84,45,16,122,109,121,315,135,0,0,0,0,112,24,0,165,0,0,0,0,0,0,0,0,0,0,0,0,0,0,0,0,0,0,0,0,0,0,0,0,1,0,0,0,0,0,0,0,0,0,0,0,0,0,0,0,0,0,0,0,0,0,0,0,0,0,0,0,0,0,0,0,54,0,20,0,0,0,190,0,0,0,1,0,0,0,0,0,0,0,1,1,1,0,14,0,241,0,0,0,1,0,86,38,61,0,0,7,80,20,0,0,0,0,4,0,30,2,0,0,8,0,1,0,154,0,0,0,0,0,2,0,323,0,0,0,0,0,0,0,0,0,0,0,1,0,0,0,0,0,0,0,0,0,3,0,11,0,267,109,95,274,248,13,123,0,2,0,0,0,0,0,0
1,37,0,33,0,0,0,29,158,186,0,0,0,0,0,0,0,0,0,0,0,0,0,0,9,27,0,0,0,0,0,0,0,0,0,0,0,0,0,0,0,0,0,0,0,0,0,0,0,0,0,0,176,39,202,265,148,207,435,385,0,0,25,0,16,197,165,0,0,0,0,0,0,0,0,0,0,0,0,0,0,0,0,0,0,0,0,0,0,0,0,0,0,0,0,0,0,0,0,0,0,0,0,0,0,0,0,0,0,0,0,0,0,0,0,0,0,0,0,0,0,0,0,0,0,50,0,13,0,0,0,84,0,1,1,0,0,19,0,0,0,0,0,0,0,34,0,10,4,64,0,0,0,3,30,222,0,146,0,51,18,83,0,83,0,9,0,0,0,75,0,279,0,25,0,25,16,39,0,0,1,0,0,15,22,238,0,0,0,0,0,0,0,0,0,0,0,0,0,0,0,0,0,0,0,0,0,0,0,19,0,0,0,0,1002,0,0,0,739,238,372,920,0,165,0
0,0,0,0,0,0,0,0,0,0,0,0,0,0,0,0,0,0,0,0,0,0,0,0,0,0,0,0,0,0,0,0,0,0,0,0,0,0,0,0,0,0,0,0,28,0,0,0,47,0,0,0,0,0,0,0,0,0,0,0,0,0,0,0,0,0,0,0,0,0,0,0,19,0,0,0,121,0,24,0,0,3,64,0,0,0,19,1,8,0,0,0,39,0,20,0,43,0,0,0,20,0,137,0,0,0,0,0,16,0,0,0,21,0,79,0,17,0,0,0,0,0,0,0,0,0,0,0,0,0,0,0,0,0,0,0,0,0,0,0,0,0,0,0,0,0,0,3,0,0,0,0,0,0,0,0,0,0,0,0,0,0,3,0,40,0,0,0,46,0,0,0,0,0,5,0,0,0,0,0,0,0,0,0,0,0,0,0,0,0,0,0,0,0,49,0,0,0,0,0,0,0,0,0,0,0,0,0,0,0,166,10,56,0,26,158,147,5,0,0,0,0,0,1,0
0,0,0,0,0,0,0,0,0,0,0,0,0,0,0,0,0,0,0,0,0,0,0,0,0,0,0,0,0,0,0,0,0,0,0,0,0,0,0,0,0,6,0,0,0,13,0,2,0,34,0,0,0,0,0,0,0,0,0,9,0,0,0,0,0,0,0,0,0,0,0,0,0,7,0,0,0,37,0,0,0,12,0,132,0,1,0,16,0,14,0,0,0,35,0,169,0,0,0,0,0,22,0,342,0,0,0,13,0,49,0,46,0,15,0,10,0,5,0,0,0,0,0,0,0,0,0,0,0,0,0,0,0,0,0,0,0,0,0,0,0,0,0,3,0,0,0,0,0,0,0,0,2,2,0,0,0,0,0,0,0,0,0,1,0,30,0,0,0,27,0,6,0,0,0,0,0,12,0,0,0,0,0,0,0,0,0,0,0,0,0,0,0,0,0,0,0,0,0,0,0,0,0,0,0,0,0,0,0,0,0,0,0,0,13,0,0,0,54,32,112,6,98,110,19
0,0,0,0,0,0,0,0,0,0,0,0,0,0,0,0,62,0,6,0,19,0,0,0,0,0,19,0,44,0,3,0,10,0,0,0,97,0,0,0,0,0,23,0,107,0,0,0,12,0,12,0,0,0,0,0,0,0,0,0,10,0,34,0,0,0,0,0,0,0,0,0,133,0,179,0,18,0,197,0,0,0,0,5,3,0,43,0,0,0,0,0,0,0,0,0,0,0,0,0,0,0,0,0,0,0,0,0,0,0,0,0,0,0,0,0,0,0,0,0,6,0,8,0,14,0,0,0,0,0,7,9,9,0,36,0,36,0,2,0,55,0,54,3,68,0,0,13,0,1,47,0,0,0,0,0,18,0,0,0,0,0,64,0,0,0,23,0,17,2,28,0,44,0,12,0,0,0,0,0,28,6,0,0,0,0,7,0,0,0,0,0,0,0,0,0,15,0,0,0,9,0,0,0,0,0,0,0,61,0,11,11,8,0,3,0,0,0,0,0,0,0,0,0,0
0,14,0,9,0,0,0,0,0,0,0,0,0,0,0,5,0,0,0,22,0,41,0,0,0,0,0,0,0,18,0,11,0,0,0,0,0,14,0,0,0,0,0,0,0,36,0,0,0,0,0,50,0,0,0,0,0,0,0,0,0,0,0,0,0,39,0,0,0,0,0,0,0,63,0,211,0,36,0,4,5,0,0,0,0,0,0,33,0,0,0,0,0,0,0,0,0,0,0,0,0,0,0,0,0,0,0,0,0,0,0,0,0,0,0,0,0,0,0,0,2,0,0,2,36,160,0,0,0,20,0,124,0,0,0,0,0,6,0,0,0,26,0,0,12,61,0,57,0,80,0,17,8,13,0,0,0,0,13,0,11,0,0,62,0,0,0,8,0,3,0,14,0,26,0,41,0,6,0,0,24,0,0,0,0,0,0,0,0,1,0,0,0,0,0,0,2,0,0,0,0,0,0,0,0,0,0,0,0,0,0,0,0,0,0,0,0,0,34,14,16,3,0,0,0
0,0,0,0,0,0,0,0,0,0,0,0,0,0,5,0,0,0,0,0,0,0,0,0,0,0,0,0,0,0,0,0,0,0,0,0,17,0,0,0,0,0,8,0,23,0,0,0,11,0,12,0,0,0,0,0,0,0,0,0,0,0,0,0,0,0,0,0,19,0,133,0,0,0,41,9,58,0,130,1,0,23,17,0,13,0,29,0,0,0,0,0,2,0,4,0,13,0,0,0,0,0,0,0,0,0,0,0,0,0,0,0,0,0,0,0,0,0,0,0,20,0,19,0,17,10,23,0,0,0,5,0,41,0,0,0,43,0,3,0,31,0,112,0,37,6,0,0,0,0,117,3,29,4,0,0,2,0,0,0,0,0,104,0,0,0,7,0,10,0,19,0,22,0,8,0,0,0,0,0,0,0,0,0,0,0,0,0,0,0,0,0,0,0,0,0,33,5,80,0,82,0,0,0,47,0,111,0,186,0,388,0,27,0,49,3,9,0,0,0,0,0,0,0,0
0,0,0,3,0,0,0,0,0,2,0,0,0,2,0,0,0,1,0,0,0,7,0,5,0,0,0,0,0,0,0,0,0,0,0,0,0,0,0,0,0,0,0,2,0,0,0,0,0,0,0,11,0,0,0,0,0,0,0,0,0,0,0,1,2,24,0,0,0,7,0,63,0,0,2,213,0,136,0,21,0,14,0,15,4,0,0,78,0,0,0,0,0,0,0,0,0,0,0,0,0,0,0,0,0,0,0,0,0,0,0,0,0,0,0,0,0,0,0,0,0,10,3,4,0,112,0,0,0,11,0,75,0,0,0,54,0,33,6,0,24,23,0,34,19,48,53,64,0,108,0,45,0,23,0,1,0,2,0,0,11,0,0,43,0,5,0,4,10,13,0,20,0,7,0,30,0,0,0,0,19,72,0,0,0,8,0,0,0,0,0,0,0,0,0,0,2,0,0,74,0,51,1,108,0,0,6,0,0,0,0,0,0,0,38,0,0,0,152,7,16,18,0,0,0
0,0,0,0,0,0,0,0,0,0,0,0,0,0,0,0,167,0,19,0,27,0,0,0,0,0,32,0,91,0,11,0,12,0,0,0,103,0,0,0,0,0,15,0,128,0,0,1,20,0,18,0,5,0,0,0,0,0,0,0,14,0,60,0,0,0,0,0,0,0,179,0,41,2,0,0,19,0,94,0,0,4,39,0,31,0,42,0,0,0,0,0,0,0,0,0,1,0,0,0,0,0,0,0,0,0,0,0,0,0,0,0,0,0,0,0,0,0,0,0,15,0,101,0,3,0,6,0,0,0,0,0,7,2,6,0,15,0,0,12,60,0,100,0,93,0,8,3,0,0,14,0,14,0,0,0,17,0,0,2,0,0,51,0,0,0,0,0,14,0,23,0,23,0,24,0,0,0,0,0,27,0,0,0,0,0,11,0,0,0,3,0,0,0,0,0,0,0,0,0,0,0,0,0,0,0,0,0,0,0,16,0,12,0,0,0,0,0,0,0,0,0,0,0,0
0,38,0,18,0,0,0,0,0,0,0,21,0,0,0,0,0,16,0,0,0,0,3,41,0,0,0,0,0,15,0,22,0,25,0,29,0,29,0,0,0,0,0,23,0,0,0,0,0,0,0,58,0,0,0,0,0,0,0,0,0,0,0,0,0,27,0,0,0,0,0,211,9,213,0,0,0,19,0,71,4,10,0,3,0,3,3,77,2,0,0,0,0,0,0,0,0,0,0,0,0,0,0,0,0,0,0,0,0,0,0,0,0,0,0,0,0,0,0,0,0,86,0,36,74,278,28,0,0,0,51,83,30,0,0,37,0,0,0,0,0,51,0,47,0,125,56,136,0,124,16,46,0,0,0,2,0,8,10,0,0,0,0,135,0,0,0,0,12,17,0,31,0,30,2,90,0,3,0,0,51,86,0,0,0,10,0,0,0,0,0,0,4,0,0,0,0,0,0,0,0,9,0,0,0,2,0,0,0,73,12,0,0,0,29,0,0,2,54,23,27,0,0,6,0
0,0,0,0,5,0,0,0,0,0,0,0,0,0,0,0,0,0,0,0,0,0,0,0,0,0,0,0,0,0,0,0,1,0,0,0,0,0,0,0,0,0,0,0,0,0,0,0,15,0,12,0,0,0,0,0,0,0,0,0,0,0,0,0,0,0,0,0,121,0,18,0,58,0,19,0,0,0,18,0,0,0,39,0,0,0,28,0,0,0,0,0,5,0,10,0,0,0,0,0,0,0,28,0,0,0,0,0,10,0,1,0,1,0,21,0,40,0,0,0,6,0,0,0,0,0,0,1,0,0,0,0,0,0,28,0,0,0,0,0,0,0,0,0,4,0,0,0,0,0,0,0,0,0,0,0,0,0,0,0,0,0,0,0,27,0,0,0,21,0,0,0,0,0,2,0,0,0,0,0,8,0,0,0,0,0,5,0,50,0,66,0,108,0,16,0,0,0,17,0,30,0,0,0,39,0,19,0,0,0,135,16,45,5,47,45,21,0,0,0,2,0,0,0,0
0,3,0,0,0,0,0,0,0,0,0,0,0,0,0,0,0,0,0,0,0,0,0,0,0,0,0,0,0,0,0,0,0,0,0,0,0,0,0,0,0,0,0,0,0,9,0,0,0,2,0,0,0,0,0,0,0,0,0,0,0,0,0,0,0,0,0,0,0,37,0,36,0,136,0,19,0,0,0,13,0,53,0,56,0,0,0,122,0,0,4,0,0,40,0,146,0,0,0,12,0,14,0,61,0,0,0,3,0,7,0,0,0,0,0,0,0,6,0,0,0,3,0,4,0,0,0,0,0,0,0,0,0,0,0,0,0,0,0,0,0,5,0,0,3,0,0,32,0,0,0,0,0,0,0,0,0,0,0,0,0,7,0,0,0,14,0,2,0,98,0,8,0,0,0,0,0,0,0,0,0,0,0,0,0,0,0,0,0,0,0,0,0,0,0,0,0,20,0,0,0,0,0,0,0,0,0,0,0,0,0,0,0,0,45,0,0,0,156,33,123,0,80,20,0
0,0,0,0,0,0,0,0,0,0,0,0,0,0,0,0,0,0,0,0,0,0,0,0,0,0,0,0,0,0,0,0,0,0,0,0,41,0,0,0,0,0,0,0,0,0,0,0,19,0,0,0,0,0,0,0,0,0,0,0,0,0,0,0,0,0,0,0,24,0,197,0,130,0,94,0,18,0,0,0,3,0,97,0,19,0,11,0,0,0,0,0,10,0,4,0,0,0,3,0,1,0,6,0,0,0,0,0,0,0,0,0,0,0,1,0,0,0,0,0,112,0,63,0,0,0,0,0,0,0,2,4,0,0,0,0,0,0,0,0,31,0,111,0,26,0,0,6,1,2,0,0,0,0,0,0,5,0,0,0,0,0,21,5,11,0,0,0,37,0,6,0,15,0,6,0,0,0,0,0,0,0,0,0,0,0,0,0,0,0,0,0,140,0,0,0,23,0,0,0,59,0,0,0,0,0,0,0,75,0,272,9,30,3,30,19,0,0,0,0,0,0,0,0,0
