0,269,111,101,67,0,41,79,86,0,138,0,107,0,0,52,57,34,17,0,21,0,16,143,14,130,0,0,255,22,0,0,0,9,0,0,0,13,431,21,38,0,0,0,0,0,0,0,0,0,0,0,2,0,0,0,0,0,3,0,140,8,51,0,8,0,9,0,0,0,0,0,0,0,0,0,0,0,0,0,0,0,0,0,0,0,0,0,0,0,0,0,0,0,0,0,0,0,0,0,0,0,0,0,0,0,0,0,0,0,0,0,0,0,0,0,0,0,0,0,0,0,0,0,0,0,0,0,0,0,0,0,0,0,2,0,0,0,0,0,0,0,0,0,0,0,11,0,6,0,0,0,10,0,1,0,0,0,0,0,1,0,0,0,1,0,4,0,15,0,25,0,293,0,0,0,367,136,7,0,0,0,10,0,0,0,0,0,0,0,0,0,0,0,0,0,0,0,0,0,0,0,0,0,0,0,0,0,4,0,395,60,267,106,262,0,0,0,0,0,0,0,0,0,0
269,0,201,38,0,203,181,30,75,70,0,336,0,140,0,16,51,45,0,101,0,0,108,57,276,91,0,234,9,209,0,0,0,139,0,5,0,164,12,363,0,70,0,0,0,13,0,163,0,10,0,15,29,2,42,5,0,3,0,64,0,131,91,16,0,92,0,41,0,0,0,0,0,0,0,0,0,0,0,0,0,0,0,0,0,0,0,0,0,1,0,0,0,0,0,0,0,0,0,0,0,0,0,0,0,0,0,0,0,0,0,0,0,0,0,0,0,0,0,0,0,0,0,0,0,96,0,20,0,0,0,43,0,0,0,112,0,66,0,0,0,0,0,6,0,0,0,41,0,80,0,51,0,59,0,0,0,0,0,0,0,8,0,1,0,20,0,0,0,32,0,34,0,151,0,0,172,654,0,2,0,0,24,17,0,85,0,0,0,0,0,0,0,0,0,0,0,0,0,0,0,23,0,0,0,0,0,37,0,121,2,0,5,0,176,0,0,0,495,124,252,0,0,1,0
111,201,0,87,167,67,25,0,8,0,121,68,133,0,214,103,203,26,129,7,199,0,196,126,45,33,0,0,386,13,37,0,72,25,0,0,6,0,365,0,41,0,0,0,4,0,0,0,7,0,0,0,0,0,41,0,4,0,9,0,29,0,21,0,0,0,9,0,0,0,0,0,0,0,6,0,0,0,0,0,0,0,0,0,0,0,0,0,0,0,0,0,0,0,0,0,0,0,0,0,0,0,0,0,0,0,0,0,0,0,0,0,0,0,0,0,0,0,0,0,0,0,0,0,12,0,24,0,0,0,19,0,0,3,103,0,35,0,0,7,0,0,111,0,2,0,36,0,10,0,30,0,31,0,16,0,0,0,0,0,0,0,2,0,0,0,0,0,24,0,8,0,206,0,0,0,133,80,0,0,7,0,0,0,12,0,0,0,0,0,0,0,0,0,0,0,0,0,0,0,43,0,0,0,4,0,0,0,38,0,336,36,276,120,320,0,4,0,0,0,0,0,0,0,0
101,38,87,0,0,175,0,34,0,4,0,17,0,25,0,231,16,100,0,75,0,0,42,202,82,30,0,94,0,76,0,22,0,0,0,0,0,0,0,106,0,0,0,0,0,0,0,31,0,0,0,0,0,4,0,39,0,0,0,11,0,15,13,4,0,0,0,1,0,0,0,0,0,2,0,0,0,0,0,0,0,0,0,0,0,0,0,0,0,0,0,0,0,0,0,0,0,0,0,2,0,0,0,0,0,0,0,0,0,0,0,0,0,0,0,0,0,0,0,0,0,0,0,0,0,13,0,19,0,0,0,10,0,0,0,174,0,95,0,0,0,0,0,24,0,0,0,8,0,0,0,5,0,0,0,0,0,0,0,0,0,3,0,1,0,0,0,0,0,0,0,0,0,45,0,0,24,45,0,0,0,0,12,2,0,0,0,0,0,0,0,0,0,0,0,0,0,0,0,0,0,17,0,0,0,0,0,10,0,40,0,0,0,0,126,0,0,0,205,24,216,42,0,0,0
67,0,167,0,0,238,11,0,51,0,89,164,436,161,128,126,0,0,238,205,349,91,39,42,2,0,44,0,61,0,199,0,412,15,116,0,219,0,78,0,148,0,19,0,0,0,94,0,11,0,68,0,0,0,0,0,0,0,0,0,0,0,0,0,20,0,18,0,0,0,0,0,0,0,0,0,0,0,0,0,0,0,0,0,0,0,0,0,0,0,0,0,0,0,0,0,0,0,0,0,0,0,0,0,0,0,0,0,0,0,0,0,0,0,0,0,0,0,0,0,0,0,0,0,6,0,0,0,0,0,9,0,2,0,24,0,0,0,0,0,0,0,0,0,3,0,24,0,10,0,55,0,101,0,2,0,0,0,0,0,3,0,0,0,18,0,103,0,77,0,16,0,149,4,0,0,289,128,70,0,86,0,0,0,89,0,3,0,0,0,0,0,0,0,0,0,0,0,0,0,0,0,0,0,0,0,0,0,17,0,324,121,501,131,217,0,0,1,0,0,0,0,0,0,0
0,203,67,175,238,0,0,44,0,15,184,190,75,137,368,314,7,0,114,336,128,202,211,154,12,15,0,423,0,0,0,97,40,281,8,111,0,214,10,0,0,19,0,21,0,8,0,128,0,3,0,97,0,0,0,10,0,0,0,0,0,0,0,0,0,0,0,3,0,0,0,0,0,0,0,0,0,0,0,0,0,0,0,0,0,0,0,0,0,0,0,0,0,0,0,0,0,0,0,0,0,0,0,0,0,0,0,28,0,0,0,0,0,0,0,0,0,0,0,0,0,0,0,0,0,11,0,8,0,0,0,9,0,0,0,115,0,42,0,0,0,0,0,0,0,0,0,7,0,17,0,29,0,0,0,0,0,0,0,0,0,2,0,6,0,0,0,186,0,181,0,17,0,77,0,3,185,408,23,18,0,0,7,0,0,0,0,9,0,0,0,0,0,0,0,0,0,0,0,0,0,0,0,0,0,0,0,0,0,57,0,0,0,0,270,0,0,0,684,189,588,165,0,0,0
41,181,25,0,11,0,0,146,131,125,23,0,0,0,2,0,1,23,0,0,0,0,8,12,237,139,0,0,40,0,0,0,0,0,0,0,0,0,23,0,6,0,0,0,0,0,0,0,4,0,0,0,11,5,215,0,2,0,12,0,168,0,131,45,18,0,32,0,0,0,0,0,0,0,0,0,0,0,0,0,0,0,0,0,0,0,0,0,0,0,0,0,0,0,0,0,0,0,0,0,0,0,0,0,0,0,0,0,0,0,0,0,0,0,0,0,0,0,0,0,0,0,0,0,12,0,22,0,0,0,61,0,9,0,15,0,0,0,0,0,0,0,31,0,0,0,24,0,19,0,4,0,4,0,0,0,3,0,0,0,4,0,0,0,0,0,0,0,12,0,94,0,98,0,0,0,71,73,0,0,0,0,0,0,1,0,0,0,0,0,0,0,0,0,0,0,0,0,3,0,0,0,0,0,0,0,0,0,33,0,386,47,135,117,313,0,0,0,7,0,0,0,0,0,0
79,30,0,34,0,44,146,0,190,41,1,15,0,0,0,28,0,18,0,18,0,8,0,20,74,244,0,33,0,122,0,0,0,7,0,0,0,0,3,221,0,0,0,0,0,0,0,0,0,1,0,0,62,10,71,182,0,6,0,29,0,248,77,131,0,4,0,2,0,0,0,0,0,0,0,0,0,0,0,0,0,0,0,0,0,0,0,0,0,0,0,0,0,0,0,0,0,0,0,0,0,0,0,0,0,0,0,0,0,0,0,0,0,0,0,0,0,0,0,0,0,0,0,0,0,33,0,10,0,7,0,25,0,12,0,51,0,33,0,8,0,5,0,7,0,0,0,4,0,4,0,8,0,0,0,1,0,0,0,8,0,5,0,0,0,8,0,5,0,24,0,92,0,120,0,0,49,89,0,0,0,0,0,4,0,0,0,0,0,0,0,0,0,0,0,0,0,0,0,0,0,5,0,0,0,0,0,0,0,22,0,0,0,0,336,0,0,0,434,19,177,179,0,0,0
86,75,8,0,51,0,131,190,0,328,70,0,92,0,14,0,0,11,65,0,0,0,0,0,7,149,0,0,0,12,0,0,0,0,0,0,4,0,3,4,25,0,0,0,0,0,51,0,5,1,0,0,225,64,59,158,24,3,220,0,191,33,97,163,62,0,362,46,0,0,0,0,0,0,0,0,0,0,0,0,0,0,0,0,0,0,0,0,0,0,0,0,0,0,0,0,0,0,0,0,0,0,0,0,0,0,0,0,0,0,0,0,0,0,0,0,0,0,0,0,0,0,0,0,26,0,0,0,0,0,40,0,0,0,0,0,0,0,0,0,0,0,0,0,0,0,37,0,71,0,13,0,32,0,5,0,47,0,0,0,4,0,0,0,0,1,0,0,14,0,127,14,23,5,0,0,498,97,26,0,4,0,15,6,53,26,0,0,0,0,0,0,0,0,0,0,0,0,0,0,1,0,0,0,0,0,0,0,0,0,268,45,75,0,147,0,0,3,16,6,0,0,0,0,0
0,70,0,4,0,15,125,41,328,0,0,15,0,6,0,0,0,0,0,10,0,0,0,0,17,13,0,21,0,12,0,0,0,0,0,0,0,8,0,47,0,0,0,0,0,0,0,15,0,0,0,0,129,82,190,120,86,11,114,125,3,372,55,212,0,183,113,103,0,0,0,0,0,0,0,0,0,1,0,0,0,0,0,0,0,0,0,0,0,0,0,0,0,0,0,0,0,0,0,0,0,0,0,0,0,1,0,0,0,0,0,0,0,0,0,0,0,0,0,0,0,0,0,0,0,72,0,0,0,0,0,44,0,4,0,14,0,12,0,0,0,0,0,0,0,0,0,16,0,49,0,26,0,0,2,6,0,28,0,4,0,19,0,0,0,7,0,11,0,25,0,142,0,46,0,0,109,240,0,5,0,3,0,18,15,84,0,0,0,0,0,0,0,0,0,0,0,0,0,0,0,0,0,0,0,0,0,18,0,56,3,0,2,0,398,0,0,0,491,37,131,139,0,8,0
138,0,121,0,89,184,23,1,70,0,0,100,271,0,48,170,60,0,39,107,247,67,49,49,0,0,18,10,84,0,86,0,477,0,0,0,80,4,179,0,96,0,0,0,4,0,65,0,7,0,9,0,0,0,0,0,0,0,0,0,0,0,0,0,0,0,23,0,0,0,2,0,0,0,0,0,0,0,0,0,0,0,0,0,0,0,0,0,0,0,0,0,0,0,0,0,0,0,0,0,0,0,0,0,0,0,0,0,0,0,0,0,0,0,0,0,0,0,0,0,0,0,0,0,0,1,0,0,0,0,7,0,0,0,4,0,1,1,1,0,0,0,0,0,0,0,9,0,13,0,29,0,0,0,0,0,0,0,0,0,0,0,0,0,0,0,56,0,22,0,1,0,95,0,0,0,421,97,121,0,45,0,13,0,71,0,3,0,0,0,0,0,0,0,0,0,0,0,0,0,0,0,1,0,0,0,0,0,3,0,304,77,238,67,149,0,0,0,0,0,19,0,0,0,0
0,336,68,17,164,190,0,15,0,15,100,0,0,362,236,0,9,5,23,40,51,97,192,75,8,0,6,206,0,3,6,71,0,251,0,47,0,100,0,0,0,117,0,0,0,22,0,229,0,19,0,19,0,0,0,0,0,0,0,3,0,2,0,0,0,24,0,4,0,0,0,0,0,0,0,0,0,0,0,0,0,0,0,0,0,0,0,0,0,0,0,0,0,0,0,0,0,0,0,0,0,0,0,0,0,0,0,0,0,0,0,0,0,0,0,0,0,0,0,0,0,0,0,0,0,0,0,12,0,0,0,0,0,0,0,23,0,17,0,0,0,0,0,0,0,0,0,19,0,22,0,94,0,71,0,0,0,3,0,0,0,0,0,2,0,19,0,61,0,0,0,0,0,30,0,0,136,742,0,29,0,136,0,11,0,53,0,8,0,3,0,0,0,0,0,0,0,0,0,0,0,3,0,0,0,0,0,0,0,29,0,0,0,0,122,0,0,0,374,98,194,67,0,0,0
107,0,133,0,436,75,0,0,92,0,271,0,0,672,15,5,0,0,139,281,44,83,0,0,0,0,56,539,0,0,50,0,47,0,185,0,127,0,0,0,334,37,145,62,42,38,243,210,39,8,220,42,0,0,6,0,0,0,0,0,0,0,0,0,0,0,12,0,0,0,0,0,0,0,0,0,0,0,0,0,0,0,0,0,0,0,0,0,0,0,0,0,0,0,0,0,0,0,0,0,0,0,0,0,0,0,0,0,0,0,0,0,0,0,0,0,0,0,0,0,0,0,0,0,0,0,0,0,0,0,0,0,0,0,0,0,0,0,0,0,0,0,0,0,0,0,0,0,17,0,0,0,118,0,4,0,3,0,0,0,3,0,0,0,101,3,25,0,70,0,2,0,10,0,0,0,284,79,133,0,162,0,133,0,204,0,203,0,0,0,0,0,0,0,0,0,0,0,0,0,0,0,0,0,0,0,0,0,10,0,56,182,292,47,38,1,0,0,0,0,0,0,0,0,0
0,140,0,25,161,137,0,0,0,6,0,362,672,0,126,0,0,0,612,41,154,28,0,0,0,0,142,157,0,0,0,0,0,0,47,38,0,21,0,0,167,182,0,102,0,39,73,286,0,66,11,265,0,0,0,0,0,0,0,0,0,0,0,0,0,0,0,0,0,0,0,0,0,0,0,0,0,0,0,0,0,0,0,0,0,0,0,0,0,0,0,0,0,0,0,0,0,0,0,0,0,0,0,0,0,0,0,0,0,0,0,0,0,0,0,0,0,0,0,1,0,0,0,0,0,0,0,0,0,0,0,0,0,0,0,0,0,0,0,0,0,0,0,0,0,0,0,0,0,0,0,44,0,36,0,0,0,0,0,0,0,0,0,0,0,122,0,0,0,176,0,0,0,5,0,0,95,626,15,69,0,82,0,0,0,0,78,66,0,0,0,11,0,0,0,0,0,0,0,0,0,0,0,33,0,0,0,0,0,0,0,0,0,0,13,0,0,0,78,221,463,53,0,0,2
0,0,214,0,128,368,2,0,14,0,48,236,15,126,0,188,112,0,262,225,560,182,229,10,49,0,98,0,11,0,228,0,234,16,92,29,51,9,0,0,4,0,0,0,0,0,15,0,0,0,0,0,23,0,0,0,0,0,0,0,0,0,40,0,8,0,8,0,0,0,9,0,0,0,0,0,0,0,0,0,0,0,0,0,0,0,0,0,0,0,43,0,0,0,0,0,0,0,0,0,0,0,0,0,0,0,104,0,0,0,0,0,0,0,0,0,0,0,0,0,0,0,15,0,0,0,16,0,0,0,0,0,0,0,98,0,0,0,0,0,0,0,88,0,0,0,42,0,14,0,88,0,89,1,0,0,0,0,0,0,0,0,0,0,0,0,88,0,43,0,7,0,33,0,13,0,138,72,42,1,0,2,5,0,50,0,0,0,0,0,0,0,0,0,0,0,0,0,8,0,0,0,0,0,0,0,0,0,54,0,98,79,146,28,35,0,0,0,0,0,22,0,0,0,0
52,16,103,231,126,314,0,28,0,0,170,0,5,0,188,0,13,96,8,369,47,530,209,439,12,110,0,91,0,54,0,94,39,345,0,47,0,56,0,51,0,0,0,3,0,0,0,0,0,3,0,4,0,23,0,35,0,0,0,0,1,9,2,117,0,0,0,1,0,0,0,0,0,0,0,0,0,0,0,0,0,63,0,0,0,67,0,0,0,0,0,33,0,5,0,0,0,97,0,21,0,0,0,0,0,0,0,239,0,0,0,0,0,0,0,0,0,0,0,0,0,0,0,0,0,0,0,0,0,0,0,5,0,0,0,226,0,204,0,0,0,27,0,169,0,0,0,0,0,10,0,7,0,0,0,0,0,0,0,0,0,0,0,8,0,27,0,81,0,44,0,0,0,57,0,1,53,114,0,3,0,0,8,0,0,0,0,0,0,0,0,0,0,0,0,0,0,2,0,2,0,24,0,0,0,0,0,0,0,68,0,0,0,0,95,0,0,0,235,50,312,65,0,0,0
57,51,203,16,0,7,1,0,0,0,60,9,0,0,112,13,0,5,41,0,266,0,296,22,89,20,0,0,322,2,12,0,7,3,0,0,0,0,86,0,0,0,2,0,0,0,0,0,0,0,8,0,78,0,9,0,8,0,2,0,25,0,287,0,0,0,1,0,0,0,25,0,21,0,30,0,0,0,0,0,61,0,0,0,79,0,46,0,0,0,85,0,0,0,0,0,56,0,196,0,140,0,0,0,0,0,279,0,0,0,0,0,0,0,0,0,0,0,0,0,59,0,79,0,0,0,12,0,0,0,6,0,0,0,0,0,74,0,10,0,98,0,206,0,3,0,0,0,1,0,0,0,0,0,147,0,0,0,82,0,40,0,5,0,0,0,0,0,0,0,16,0,17,0,0,0,26,8,5,0,0,0,66,0,0,0,0,0,0,0,0,0,0,0,0,0,0,0,0,0,18,0,0,0,0,0,0,0,5,0,11,5,61,27,28,0,0,0,0,0,0,0,0,0,0
34,45,26,100,0,0,23,18,11,0,0,5,0,0,0,96,5,0,0,0,1,98,0,184,31,229,0,0,0,265,0,38,0,62,0,0,0,0,0,82,0,0,0,0,0,0,0,0,0,0,0,0,6,18,4,13,0,0,0,0,0,0,12,99,0,0,0,0,0,0,0,0,0,0,0,0,0,0,0,0,0,58,0,0,0,78,0,25,0,0,0,24,0,0,0,0,0,69,0,16,0,58,0,0,0,0,0,94,0,0,0,0,0,0,0,0,0,0,0,0,0,12,0,0,0,0,0,0,0,109,0,27,0,53,0,0,0,274,0,109,0,75,0,202,0,0,0,0,0,0,0,0,0,0,0,16,0,1,0,10,0,0,0,0,0,0,0,0,0,0,0,0,0,7,0,0,5,22,0,10,0,0,0,2,0,0,0,0,0,0,0,0,0,0,0,0,0,0,0,0,0,0,0,0,0,0,0,0,0,0,0,0,1,0,0,0,0,0,13,23,21,0,0,1,0
17,0,129,0,238,114,0,0,65,0,39,23,139,612,262,8,41,0,0,276,179,45,68,9,0,0,229,364,10,0,61,0,26,0,263,0,108,0,1,0,86,28,45,45,43,9,182,129,3,3,175,43,25,0,0,0,0,0,0,0,0,0,0,0,15,0,28,0,0,0,44,0,0,0,50,0,0,0,0,0,47,0,0,0,0,0,41,0,0,0,0,0,0,0,0,0,0,0,0,0,185,0,0,0,0,0,0,0,0,0,0,0,0,0,0,0,0,0,0,0,48,0,43,0,12,0,0,0,0,0,9,0,0,0,71,0,11,0,17,0,0,0,0,0,21,0,59,0,35,0,114,0,139,0,22,0,0,0,24,0,0,0,0,0,45,0,26,0,66,0,9,0,0,0,0,0,114,30,29,0,0,0,24,0,178,0,38,0,0,0,0,0,0,0,0,0,0,0,0,0,0,0,0,0,0,0,0,0,28,0,65,152,217,40,26,0,0,0,0,0,0,0,0,0,0
0,101,7,75,205,336,0,18,0,10,107,40,281,41,225,369,0,0,276,0,121,368,10,167,1,20,13,510,0,0,0,144,30,45,25,332,0,252,0,8,13,7,0,100,0,109,0,163,0,6,10,384,0,18,0,0,0,0,0,0,0,0,0,64,0,21,0,0,0,0,0,0,0,0,0,0,0,0,0,0,0,0,0,0,0,74,0,0,0,0,0,0,0,0,0,0,0,94,0,27,0,0,0,0,0,0,0,187,0,0,0,0,0,0,0,0,0,0,0,0,0,0,0,0,0,0,0,10,0,0,0,0,0,0,0,192,0,142,0,0,0,0,0,156,0,0,0,0,0,37,0,36,0,12,0,0,0,0,0,2,0,0,0,3,0,53,0,108,0,117,0,0,0,28,0,0,50,84,21,13,0,0,0,0,0,0,14,22,0,0,0,0,0,0,0,0,0,0,0,0,0,28,0,0,0,0,0,36,0,81,0,0,0,0,47,0,0,0,139,233,206,35,0,0,0
21,0,199,0,349,128,0,0,0,0,247,51,44,154,560,47,266,1,179,121,0,39,164,6,0,0,340,54,81,0,129,3,26,0,58,6,14,0,10,0,0,0,39,11,107,0,19,21,6,0,54,0,44,0,20,0,0,0,4,0,0,0,147,0,0,0,0,0,0,0,117,0,0,0,141,0,0,0,0,0,121,0,0,0,71,0,118,0,0,0,115,0,0,0,190,0,0,0,379,0,327,0,0,0,0,0,381,0,0,0,0,0,0,0,0,0,0,0,0,0,122,0,72,0,0,0,0,0,0,0,0,0,0,0,19,0,37,0,109,0,226,0,247,0,63,0,10,0,2,0,0,0,25,0,48,0,3,0,88,0,49,0,0,0,48,0,59,0,137,2,15,0,33,0,0,0,106,21,113,0,0,1,11,0,0,0,0,0,0,0,0,0,0,0,0,0,0,0,0,0,0,0,0,0,0,0,0,0,0,0,129,135,229,87,55,0,0,2,0,0,0,0,0,0,0
0,0,0,0,91,202,0,8,0,0,67,97,83,28,182,530,0,98,45,368,39,0,33,289,0,42,0,309,0,65,0,104,13,70,0,126,0,19,0,6,0,0,0,93,0,157,0,0,0,16,0,56,0,17,1,35,0,0,0,0,0,16,0,63,0,0,0,0,0,0,0,14,0,0,0,0,0,0,0,0,0,198,0,0,0,197,0,0,0,0,0,55,0,0,0,0,0,119,0,40,0,94,0,0,0,0,0,125,0,0,0,0,0,0,0,0,0,0,0,0,0,70,0,18,0,0,0,0,0,0,0,0,0,0,0,0,0,386,0,164,0,351,0,424,0,82,0,0,0,0,0,0,0,0,0,0,0,0,0,0,0,0,0,7,0,0,0,53,0,97,0,4,1,13,0,0,16,78,0,29,0,0,0,2,0,0,0,43,0,0,0,0,0,0,0,0,0,0,0,0,0,0,0,0,0,0,0,0,0,0,0,2,7,0,54,0,0,0,249,263,192,52,0,0,0
16,108,196,42,39,211,8,0,0,0,49,192,0,0,229,209,296,0,68,10,164,33,0,154,188,0,11,0,148,0,19,9,48,33,0,0,9,2,114,0,0,0,0,0,0,0,0,0,6,0,0,0,12,0,24,0,0,0,1,0,0,0,29,0,3,0,0,0,0,0,6,0,0,0,6,0,0,0,0,0,0,0,0,0,56,0,0,0,0,0,113,0,0,0,0,0,0,0,0,0,86,0,18,0,0,0,336,0,0,0,0,0,0,0,0,0,0,0,0,0,0,0,38,0,10,0,44,0,0,0,19,0,0,1,250,0,77,1,0,0,22,6,359,0,1,0,40,1,7,0,59,0,33,0,136,0,0,0,33,0,16,0,0,0,0,0,10,0,0,0,15,0,38,0,10,0,182,51,5,0,0,0,9,0,10,0,0,0,0,0,0,0,0,0,0,0,0,0,8,0,148,0,0,0,0,0,0,0,94,0,80,15,105,42,78,0,0,0,18,0,0,0,0,0,0
143,57,126,202,42,154,12,20,0,0,49,75,0,0,10,439,22,184,9,167,6,289,154,0,47,44,0,93,7,143,0,32,8,88,0,19,0,12,18,43,0,0,0,7,0,0,4,0,0,4,0,6,1,15,3,34,0,0,0,0,4,0,4,84,0,0,0,0,0,0,0,1,0,0,0,0,0,0,0,0,0,45,0,0,0,60,0,21,0,3,0,0,0,0,0,30,0,115,0,0,0,59,0,0,1,0,0,200,0,0,0,0,0,0,0,0,0,0,0,0,0,0,0,0,0,0,0,15,0,0,0,0,0,35,0,146,0,219,0,29,0,46,0,227,0,0,0,0,0,0,0,0,0,0,0,0,0,0,0,6,0,0,0,0,0,0,0,3,0,0,0,0,0,14,0,0,36,62,0,30,0,0,23,7,0,0,0,0,0,0,0,0,0,0,0,0,0,0,0,0,0,0,0,0,0,0,0,0,0,17,0,0,0,0,20,0,0,0,64,70,58,11,0,0,0
14,276,45,82,2,12,237,74,7,17,0,8,0,0,49,12,89,31,0,1,0,0,188,47,0,82,0,0,131,26,4,0,0,9,0,0,0,9,74,24,0,0,0,0,0,0,0,0,4,0,0,0,14,1,79,4,0,0,6,0,69,11,71,5,8,0,1,0,0,0,0,0,0,0,0,0,0,0,0,0,4,0,0,0,23,0,0,0,0,0,0,0,0,0,0,0,22,0,0,0,0,0,0,0,23,0,0,3,0,0,0,0,0,0,0,0,0,0,0,0,0,0,11,0,10,0,62,0,16,0,64,0,34,0,138,0,61,0,0,0,0,0,149,0,0,0,34,0,5,0,10,0,10,0,66,0,0,0,0,0,9,0,0,0,0,0,1,0,0,0,18,2,88,2,0,0,25,34,0,0,3,6,26,0,1,0,0,0,0,0,0,0,0,0,0,0,0,0,6,0,44,0,0,0,0,0,0,0,81,0,109,20,100,72,123,0,7,0,0,0,7,0,0,0,0
130,91,33,30,0,15,139,244,149,13,0,0,0,0,0,110,20,229,0,20,0,42,0,44,82,0,0,0,0,369,0,0,0,0,0,0,0,0,0,231,0,0,0,0,0,0,0,0,0,0,0,0,33,10,69,72,5,9,0,0,0,107,84,51,0,0,0,0,0,0,0,0,0,0,0,0,0,0,0,0,0,0,0,0,0,0,0,0,0,0,0,0,0,0,0,0,0,58,0,0,0,0,0,0,0,0,0,111,0,0,0,0,0,0,0,0,0,0,0,0,0,0,0,1,0,10,0,25,0,41,0,0,0,51,0,313,0,252,0,67,0,35,0,132,0,1,0,0,0,0,0,6,0,0,0,20,0,0,0,0,0,0,0,0,0,0,0,0,0,17,0,28,0,69,0,0,34,25,0,0,0,0,17,0,0,0,0,0,0,0,0,0,0,0,0,0,0,0,0,0,0,30,0,0,0,0,0,0,0,37,2,3,0,0,162,0,0,0,219,16,188,102,0,0,0
0,0,0,0,44,0,0,0,0,0,18,6,56,142,98,0,0,0,229,13,340,0,11,0,0,0,0,160,6,0,16,0,6,0,50,0,56,0,0,0,69,47,296,14,272,22,294,219,34,7,143,13,0,0,0,0,0,0,0,0,0,0,0,0,0,0,0,0,0,0,51,0,0,0,45,0,0,0,0,0,53,0,0,0,0,0,0,0,0,0,0,0,0,0,0,0,0,0,0,0,179,0,0,0,0,0,0,0,0,0,0,0,0,0,0,0,0,0,0,0,0,0,0,0,0,0,0,0,0,0,0,0,0,0,0,0,0,0,35,0,73,0,0,0,0,0,8,0,2,0,24,0,0,0,0,0,2,0,0,0,0,0,0,0,119,0,20,0,131,0,0,0,32,0,0,0,11,9,7,0,0,0,0,0,0,0,30,0,0,0,0,0,0,0,0,0,0,0,0,0,0,0,0,0,0,0,0,0,0,0,0,136,358,0,0,0,0,11,0,0,0,0,0,0,0
0,234,0,94,0,423,0,33,0,21,10,206,539,157,0,91,0,0,364,510,54,309,0,93,0,0,160,0,0,0,0,15,0,20,0,38,0,35,0,0,272,33,0,300,0,340,100,216,6,77,19,407,0,0,0,0,0,0,0,0,0,0,0,33,0,31,0,6,0,0,0,0,0,0,0,0,0,0,0,0,0,162,0,0,0,118,0,0,0,0,0,0,0,0,0,0,0,0,0,0,0,92,0,0,0,0,0,0,0,0,0,0,0,0,0,0,0,0,0,0,0,0,0,0,0,0,0,18,0,0,0,0,0,0,0,100,0,135,0,0,0,0,0,159,0,0,0,15,0,28,0,42,0,0,0,0,0,0,0,0,0,0,0,0,0,278,0,21,0,283,0,0,0,0,0,0,31,123,0,5,0,24,0,0,0,0,63,45,0,151,0,0,0,0,0,0,0,0,0,0,0,0,0,0,0,0,0,0,0,87,0,0,0,0,35,0,0,0,70,450,579,45,0,0,25
255,9,386,0,61,0,40,0,0,0,84,0,0,0,11,0,322,0,10,0,81,0,148,7,131,0,6,0,0,0,29,0,4,0,20,0,4,0,20,0,0,0,6,0,0,0,0,0,0,0,3,0,44,0,19,0,0,0,1,0,2,0,74,0,0,0,0,0,0,0,14,0,5,0,22,0,0,0,0,0,0,0,0,0,12,0,19,0,0,0,0,0,0,0,18,0,5,0,35,0,25,0,0,0,0,0,34,0,0,0,0,0,0,0,0,0,0,0,0,0,19,0,14,0,0,0,0,0,0,0,0,0,0,0,0,0,0,0,59,0,32,0,65,0,14,0,0,0,0,0,0,0,0,0,27,0,21,0,70,0,9,0,0,0,0,0,0,0,0,0,0,0,0,0,0,0,92,0,3,0,0,0,69,0,0,0,0,0,0,0,0,0,0,0,0,0,0,0,0,0,0,0,0,0,0,0,0,0,0,0,8,10,7,0,0,0,0,0,0,0,0,0,0,0,0
22,209,13,76,0,0,0,122,12,12,0,3,0,0,0,54,2,265,0,0,0,65,0,143,26,369,0,0,0,0,0,55,0,56,0,41,0,7,0,79,0,0,0,0,0,0,0,0,0,0,0,0,0,11,0,41,0,2,0,0,0,81,9,65,0,0,0,0,0,0,0,0,0,0,0,0,0,0,0,0,0,9,0,0,0,18,0,4,0,0,0,0,0,0,0,0,0,0,0,0,0,5,0,0,0,0,0,0,0,0,0,0,0,0,0,0,0,0,0,0,0,0,0,0,0,0,0,0,0,0,0,0,0,32,0,0,0,116,0,230,0,184,0,63,0,29,0,0,0,0,0,0,0,0,0,4,0,0,0,10,0,0,0,0,0,0,0,0,0,0,0,0,2,0,0,0,6,45,0,13,0,0,0,29,0,0,0,0,0,0,0,0,0,0,0,0,0,0,0,0,0,0,0,0,0,0,0,0,0,0,0,0,0,0,14,0,0,0,23,48,8,6,0,0,0
0,0,37,0,199,0,0,0,0,0,86,6,50,0,228,0,12,0,61,0,129,0,19,0,4,0,16,0,29,0,0,0,9,0,32,0,10,0,1,0,0,0,9,0,0,0,0,0,2,0,15,0,24,0,16,0,0,0,0,0,0,0,43,0,0,0,0,0,0,0,25,0,0,0,14,0,0,0,0,0,20,0,0,0,0,0,16,0,0,0,0,0,0,0,0,0,5,0,54,0,38,0,0,0,0,0,0,0,0,0,0,0,0,0,0,0,0,0,0,0,0,0,0,0,0,0,3,0,0,0,0,0,0,0,0,0,0,0,74,0,77,0,0,0,22,0,0,0,0,0,0,0,0,0,19,0,0,0,52,0,0,0,0,0,0,0,56,0,0,0,0,0,27,0,0,0,48,8,72,0,0,0,0,0,0,0,0,0,0,0,0,0,0,0,0,0,0,0,0,0,0,0,0,0,0,0,0,0,0,0,26,21,78,26,0,0,0,0,0,0,0,0,0,0,0
0,0,0,22,0,97,0,0,0,0,0,71,0,0,0,94,0,38,0,144,3,104,9,32,0,0,0,15,0,55,0,0,0,12,0,44,0,14,0,6,0,0,0,17,0,6,0,0,0,0,0,8,0,0,0,0,0,0,0,0,0,5,0,7,0,0,0,0,0,0,0,0,0,0,0,0,0,0,0,0,0,0,0,0,0,0,0,6,0,0,0,0,0,0,0,0,0,0,0,5,0,0,0,0,0,0,0,0,0,0,0,0,0,0,0,0,0,0,0,0,0,0,0,0,0,0,0,0,0,0,0,0,0,5,0,0,0,0,0,54,0,86,0,58,0,34,0,0,0,0,0,0,0,0,0,0,0,15,0,0,0,0,0,0,0,9,0,46,0,12,0,2,0,10,0,0,0,24,0,7,0,0,0,0,0,0,0,0,0,0,0,0,0,0,0,0,0,0,0,0,0,0,0,1,0,0,0,0,0,0,0,0,0,0,18,0,0,0,0,17,48,0,0,0,0
0,0,72,0,412,40,0,0,0,0,477,0,47,0,234,39,7,0,26,30,26,13,48,8,0,0,6,0,4,0,9,0,0,5,41,0,291,0,0,0,0,0,14,0,15,0,0,0,0,0,7,0,0,0,3,0,0,0,0,0,18,0,8,0,0,0,2,0,0,0,7,0,3,0,13,0,0,0,0,0,12,0,0,0,0,0,11,0,0,0,11,0,0,0,0,0,0,0,28,0,28,0,0,0,0,0,26,0,0,0,0,0,0,0,0,0,0,0,0,0,10,0,5,0,0,0,0,0,0,0,0,0,0,0,0,0,0,0,62,0,0,0,0,0,32,0,0,0,0,0,0,0,0,0,29,0,37,0,33,0,0,0,0,0,7,0,111,0,28,0,5,0,39,0,0,0,122,17,198,0,0,0,0,0,0,0,0,0,0,0,0,0,0,0,0,0,0,0,0,0,0,0,0,0,0,0,0,0,0,0,37,38,135,31,19,0,0,0,0,0,0,0,0,0,0
9,139,25,0,15,281,0,7,0,0,0,251,0,0,16,345,3,62,0,45,0,70,33,88,9,0,0,20,0,56,0,12,5,0,0,57,0,195,0,7,0,0,0,26,0,15,0,0,0,0,0,19,0,0,0,0,0,0,0,0,0,8,0,5,0,0,0,1,0,0,0,0,0,0,0,0,0,0,0,0,0,0,0,0,0,16,0,0,0,0,0,0,0,0,0,0,0,0,0,0,0,0,0,0,0,0,0,0,0,0,0,0,0,0,0,0,0,0,0,0,0,0,0,0,0,0,0,0,0,0,0,0,0,0,0,0,0,59,0,48,0,106,0,56,0,52,0,0,0,0,0,0,0,0,0,0,0,14,0,0,0,0,0,0,0,11,0,99,0,19,0,4,0,47,0,0,22,114,0,68,0,0,0,0,0,0,0,1,0,0,0,0,0,0,0,0,0,0,0,0,0,0,0,0,0,0,0,0,0,9,0,0,0,0,28,0,0,0,61,130,99,26,0,0,0
0,0,0,0,116,8,0,0,0,0,0,0,185,47,92,0,0,0,263,25,58,0,0,0,0,0,50,0,20,0,32,0,41,0,0,0,59,0,0,0,0,0,34,0,14,0,2,6,5,0,118,0,9,0,0,0,0,0,0,0,10,0,11,0,0,0,0,0,0,0,0,0,0,0,9,0,0,0,0,0,0,0,0,0,0,0,11,0,0,0,0,0,0,0,0,0,0,0,0,0,0,0,0,0,0,0,0,0,0,0,0,0,0,0,0,0,0,0,0,0,0,0,0,0,0,0,0,0,0,0,0,0,0,0,0,0,0,0,62,0,33,0,0,0,0,0,0,0,0,0,0,0,0,0,0,0,0,0,24,0,0,0,5,0,79,0,55,0,85,0,0,0,18,0,0,0,7,0,10,0,0,0,0,0,0,0,26,0,0,0,0,0,0,0,0,0,0,0,0,0,0,0,0,0,0,0,0,0,0,0,45,105,246,63,32,0,0,0,0,0,0,0,0,0,0
0,5,0,0,0,111,0,0,0,0,0,47,0,38,29,47,0,0,0,332,6,126,0,19,0,0,0,38,0,41,0,44,0,57,0,0,0,148,0,21,0,0,0,6,1,31,0,0,0,0,0,20,0,0,0,0,0,0,0,0,0,12,0,6,0,0,0,0,0,0,0,0,0,0,0,0,0,0,0,2,0,42,0,0,0,48,0,0,0,0,0,0,0,0,0,0,0,0,0,0,0,20,0,0,0,0,0,0,0,0,0,0,0,0,0,0,0,0,0,0,0,17,0,0,0,0,0,0,0,0,0,0,0,0,0,0,0,85,0,90,0,185,0,111,0,99,0,0,0,0,0,0,0,0,0,0,0,12,0,2,0,0,0,0,0,14,0,77,0,56,0,0,0,0,0,0,0,38,0,11,0,0,0,0,0,0,0,40,0,0,0,0,0,0,0,0,0,0,0,0,0,0,0,0,0,0,0,0,0,0,0,0,0,0,0,0,0,0,38,85,80,18,0,0,0
0,0,6,0,219,0,0,0,4,0,80,0,127,0,51,0,0,0,108,0,14,0,9,0,0,0,56,0,4,0,10,0,291,0,59,0,0,0,67,0,0,0,54,0,74,0,0,0,4,0,88,0,5,0,0,0,0,0,3,0,37,0,0,0,0,0,0,0,0,0,30,0,0,0,22,0,0,0,0,0,0,0,0,0,0,0,16,0,0,0,0,0,0,0,0,0,4,0,0,0,39,0,0,0,0,0,0,0,0,0,0,0,0,0,0,0,0,0,0,0,20,0,0,0,0,0,0,0,0,0,0,0,1,0,0,0,11,0,129,0,133,0,54,0,77,0,0,0,0,0,0,0,0,0,0,0,27,0,33,0,0,0,4,0,31,0,64,0,63,0,19,0,61,0,0,0,38,0,57,0,0,0,1,0,0,0,8,0,0,0,0,0,0,0,0,0,0,0,0,0,0,0,0,0,0,0,0,0,0,0,0,63,112,15,0,0,0,0,0,0,0,0,0,0,0
13,164,0,0,0,214,0,0,0,8,4,100,0,21,9,56,0,0,0,252,0,19,2,12,9,0,0,35,0,7,0,14,0,195,0,148,0,0,0,35,0,0,0,77,0,31,0,0,0,0,0,91,0,0,0,0,0,0,0,0,0,38,0,0,0,0,0,0,0,0,0,13,0,3,0,10,0,0,0,0,0,87,0,0,0,55,0,0,0,0,0,14,0,0,0,0,0,15,0,0,0,28,0,0,0,0,0,24,0,0,0,0,0,0,0,0,0,0,0,0,0,26,0,0,0,0,0,0,0,0,0,0,0,0,0,0,0,43,0,61,0,205,0,85,0,153,0,0,0,0,0,0,0,0,0,0,0,51,0,0,0,0,0,5,0,20,0,103,0,56,0,11,0,101,0,0,0,76,0,27,0,3,0,25,0,0,0,26,0,2,0,0,0,0,0,0,0,0,0,0,0,2,0,0,0,0,0,0,0,0,0,0,0,0,0,0,0,0,29,128,83,0,1,0,0
431,12,365,0,78,10,23,3,3,0,179,0,0,0,0,0,86,0,1,0,10,0,114,18,74,0,0,0,20,0,1,0,0,0,0,0,67,0,0,0,0,0,0,0,1,0,0,0,0,0,0,0,44,0,4,0,0,0,0,0,30,0,29,0,0,0,0,0,0,0,1,0,0,0,0,0,0,0,0,0,2,0,0,0,0,0,0,0,0,0,0,0,0,0,0,0,0,0,0,0,8,0,0,0,0,0,0,0,0,0,0,0,0,0,0,0,0,0,0,0,0,0,0,0,0,0,0,0,0,0,0,0,0,0,0,0,0,0,18,0,0,0,0,0,19,0,0,0,0,0,0,0,0,0,32,1,71,0,7,0,0,0,0,0,0,0,38,0,1,0,1,0,198,0,0,0,184,0,17,0,0,0,227,0,0,0,0,0,0,0,0,0,0,0,0,0,0,0,0,0,0,0,0,0,0,0,0,0,0,0,59,270,56,32,41,0,0,0,0,0,0,0,0,0,0
21,363,0,106,0,0,0,221,4,47,0,0,0,0,0,51,0,82,0,8,0,6,0,43,24,231,0,0,0,79,0,6,0,7,0,21,0,35,0,0,0,0,0,0,0,0,0,0,0,0,0,2,5,4,4,10,0,6,0,4,0,26,6,47,0,0,0,0,0,0,0,0,0,0,0,0,0,0,0,0,0,0,0,0,0,8,0,0,0,0,0,0,0,0,0,0,0,0,0,0,0,0,0,0,0,0,0,0,0,0,0,0,0,0,0,0,0,0,0,0,0,0,0,0,0,0,0,0,0,0,0,0,0,0,0,0,0,21,0,65,0,31,0,8,0,147,0,0,0,0,0,0,0,0,0,0,0,85,0,12,0,0,0,0,0,0,0,1,0,0,0,4,0,24,0,0,0,124,0,18,0,0,4,63,0,0,0,0,0,0,0,0,0,0,0,0,0,0,0,0,0,0,0,0,0,0,0,0,0,0,0,0,0,0,0,0,0,0,29,99,9,8,0,0,0
38,0,41,0,148,0,6,0,25,0,96,0,334,167,4,0,0,0,86,13,0,0,0,0,0,0,69,272,0,0,0,0,0,0,0,0,0,0,0,0,0,76,26,32,60,52,259,339,149,44,0,19,0,0,0,0,0,0,0,0,0,0,0,0,14,0,0,0,0,0,0,0,0,0,0,0,0,0,0,0,0,0,0,0,0,0,0,0,0,0,0,0,0,0,0,0,0,0,0,0,0,0,0,0,0,0,0,0,0,0,0,0,0,0,0,0,0,0,0,0,0,0,0,0,0,0,4,0,0,0,0,0,0,0,0,0,0,0,0,0,0,0,0,0,0,0,8,0,10,0,0,0,44,0,2,0,1,0,0,0,0,0,0,0,23,0,0,0,12,0,0,0,0,0,0,0,30,20,128,0,91,0,53,0,91,0,190,2,0,0,0,0,0,0,0,0,0,0,0,0,0,0,0,0,0,0,0,0,0,0,1,70,87,0,0,0,0,21,0,0,0,0,0,0,1
0,70,0,0,0,19,0,0,0,0,0,117,37,182,0,0,0,0,28,7,0,0,0,0,0,0,47,33,0,0,0,0,0,0,0,0,0,0,0,0,76,0,0,0,28,26,99,351,22,217,0,2,0,0,0,0,0,0,0,0,0,0,0,0,0,5,0,0,0,2,0,0,0,0,0,0,0,0,0,0,0,0,0,0,0,0,0,0,0,0,0,0,0,0,0,0,0,0,0,0,0,0,0,3,0,2,0,0,0,0,0,0,0,0,0,0,0,0,0,0,0,0,0,0,0,0,0,0,0,0,0,0,0,0,0,0,0,0,0,0,0,0,0,0,0,0,0,0,0,0,0,0,0,0,0,0,0,0,0,0,0,0,0,0,0,31,0,0,0,0,0,0,0,0,0,0,0,127,0,49,0,0,0,0,0,12,20,24,0,0,0,0,0,0,0,2,0,0,0,0,0,0,0,0,0,0,0,0,0,0,0,0,0,0,1,0,0,0,0,21,25,0,0,0,16
0,0,0,0,19,0,0,0,0,0,0,0,145,0,0,0,2,0,45,0,39,0,0,0,0,0,296,0,6,0,9,0,14,0,34,0,54,0,0,0,26,0,0,0,140,2,47,10,24,1,95,0,0,0,0,0,0,0,1,0,0,0,6,0,0,0,1,0,0,0,23,0,0,0,22,0,0,0,0,0,0,0,0,0,0,0,0,0,0,0,0,0,0,0,0,0,0,0,0,0,35,0,0,0,0,0,0,0,0,0,0,0,0,0,0,0,0,0,0,0,0,0,0,0,0,0,0,0,0,0,0,0,0,0,0,0,0,0,0,0,0,0,0,0,25,0,0,0,0,0,0,0,0,0,0,0,5,0,0,0,0,0,5,0,43,0,21,0,34,0,0,0,41,0,0,0,8,0,0,0,0,0,0,0,0,0,90,0,0,0,0,0,0,0,0,0,0,0,0,0,0,0,0,0,0,0,0,0,0,0,61,61,87,15,15,0,0,0,0,0,0,0,0,0,0
0,0,0,0,0,21,0,0,0,0,0,0,62,102,0,3,0,0,45,100,11,93,0,7,0,0,14,300,0,0,0,17,0,26,0,6,0,77,0,0,32,0,0,0,0,191,0,27,0,45,0,47,0,0,0,0,0,0,0,0,0,5,0,4,0,0,0,12,0,0,0,20,0,0,0,18,0,10,0,5,0,143,0,0,0,77,0,53,0,0,0,0,0,0,0,29,0,33,0,21,0,0,0,0,0,0,0,0,0,0,0,0,0,0,0,0,0,0,0,0,0,0,0,16,0,0,0,0,0,0,0,0,0,0,0,0,0,0,0,0,0,116,0,77,0,74,0,0,0,0,0,0,0,0,0,3,0,0,0,0,0,0,0,0,0,65,0,34,0,51,0,14,0,37,0,0,0,23,0,0,0,0,0,0,0,0,3,120,0,0,0,0,0,0,0,0,0,0,0,0,0,0,0,0,0,0,0,0,0,0,0,0,0,0,11,0,0,0,23,51,86,0,3,0,0
0,0,4,0,0,0,0,0,0,0,4,0,42,0,0,0,0,0,43,0,107,0,0,0,0,0,272,0,0,0,0,0,15,0,14,1,74,0,1,0,60,28,140,0,0,19,198,110,194,40,53,0,0,0,0,0,0,0,0,0,0,0,0,0,0,0,0,1,0,0,76,0,51,0,80,0,37,0,0,0,62,0,103,0,0,0,0,0,0,0,0,0,0,0,129,0,33,0,0,0,171,0,19,0,0,0,0,0,0,0,0,0,0,0,0,0,1,0,0,0,0,0,33,0,0,0,0,0,0,0,0,0,0,0,0,0,0,0,0,0,0,0,0,0,82,0,0,0,0,0,0,0,17,0,5,0,4,0,0,0,0,0,33,0,177,0,37,0,195,0,27,0,53,0,9,0,10,4,10,0,22,0,0,0,13,0,42,0,31,0,0,0,0,0,0,0,0,0,0,0,0,0,0,0,0,0,0,0,0,0,51,64,221,7,16,0,0,38,0,0,2,0,0,0,0
0,13,0,0,0,8,0,0,0,0,0,22,38,39,0,0,0,0,9,109,0,157,0,0,0,0,22,340,0,0,0,6,0,15,0,31,0,31,0,0,52,26,2,191,19,0,87,165,22,275,3,65,0,0,0,0,0,0,0,10,0,0,0,0,0,0,0,0,0,0,0,22,0,0,0,18,0,39,0,0,0,201,0,43,0,132,0,73,0,13,0,0,0,18,0,80,0,0,0,42,0,0,0,37,0,0,0,0,0,0,0,0,0,0,0,0,0,1,0,0,0,74,0,0,0,0,0,6,0,0,0,0,0,0,0,0,0,0,0,0,0,55,0,146,0,51,1,2,0,7,0,12,0,0,0,0,0,0,0,0,0,0,0,12,1,258,0,23,0,152,0,23,0,29,0,0,0,37,1,6,0,0,0,0,0,0,30,34,0,0,0,0,0,0,0,0,0,0,0,0,0,0,0,0,0,0,0,0,0,0,0,1,0,0,22,0,0,0,55,96,202,22,9,0,84
0,0,0,0,94,0,0,0,51,0,65,0,243,73,15,0,0,0,182,0,19,0,0,4,0,0,294,100,0,0,0,0,0,0,2,0,0,0,0,0,259,99,47,0,198,87,0,314,229,67,0,0,0,0,0,0,0,0,0,0,0,0,0,0,14,0,11,0,3,0,0,0,0,0,0,0,0,0,0,0,0,0,20,0,0,0,0,0,0,0,0,0,0,0,0,0,0,0,0,0,0,0,0,0,0,0,0,0,0,0,0,0,0,0,0,0,0,0,0,0,0,0,0,0,0,0,0,0,0,0,8,0,0,0,0,0,0,0,0,0,0,0,0,0,0,0,0,0,0,0,114,0,185,0,8,0,0,0,0,0,0,0,0,0,90,0,0,0,40,0,0,0,12,0,0,0,40,23,79,0,190,0,63,0,221,0,171,0,0,0,0,0,0,0,0,0,0,0,0,0,0,0,0,0,0,0,0,0,10,0,22,153,212,0,11,0,0,64,0,0,0,0,0,0,0
0,163,0,31,0,128,0,0,0,15,0,229,210,286,0,0,0,0,129,163,21,0,0,0,0,0,219,216,0,0,0,0,0,0,6,0,0,0,0,0,339,351,10,27,110,165,314,0,36,198,0,0,0,0,0,0,0,0,0,0,0,0,0,0,0,18,0,4,0,0,0,0,0,5,0,0,0,0,0,0,0,0,0,0,0,0,0,0,0,0,0,0,0,0,0,0,0,0,0,0,0,0,0,0,0,0,0,0,0,0,0,0,0,0,0,0,0,0,0,0,0,0,0,0,0,0,0,0,0,0,0,0,0,0,0,0,0,0,0,0,0,0,0,0,0,0,0,0,0,15,0,0,0,10,0,0,0,0,0,0,0,0,0,0,0,48,0,0,0,19,0,0,0,0,0,0,0,98,0,11,0,0,0,0,0,9,83,6,0,0,0,0,0,0,0,0,0,0,0,0,0,0,0,0,0,0,0,0,0,37,0,0,0,0,6,0,0,0,10,201,107,0,0,0,83
0,0,7,0,11,0,4,0,5,0,7,0,39,0,0,0,0,0,3,0,6,0,6,0,4,0,34,6,0,0,2,0,0,0,5,0,4,0,0,0,149,22,24,0,194,22,229,36,0,76,11,0,0,0,29,0,55,0,37,0,10,0,0,0,0,0,11,0,4,0,5,0,2,0,0,0,5,0,7,0,0,0,47,0,0,0,4,0,0,0,0,0,6,0,26,3,7,0,0,0,0,0,16,3,25,1,20,0,0,0,0,0,0,0,0,0,0,0,0,0,0,0,0,0,0,0,0,0,0,1,0,0,0,0,18,0,0,0,3,2,3,0,7,0,0,0,3,1,0,0,10,0,0,0,8,0,2,0,4,0,32,0,19,0,22,3,7,0,37,0,7,0,17,0,0,0,55,6,29,0,25,3,6,0,13,0,402,0,50,0,32,0,48,0,37,0,0,0,42,0,35,0,41,0,75,0,16,0,5,0,82,61,229,11,81,21,1,18,0,5,12,2,0,0,0
0,10,0,0,0,3,0,1,1,0,0,19,8,66,0,3,0,0,3,6,0,16,0,4,0,0,7,77,0,0,0,0,0,0,0,0,0,0,0,0,44,217,1,45,40,275,67,198,76,0,0,10,0,0,0,0,0,0,0,0,0,0,0,1,0,0,0,0,0,2,0,0,0,0,0,0,0,6,0,0,0,0,0,15,0,9,0,6,0,0,0,0,0,4,0,16,0,0,0,0,0,7,0,10,0,0,0,0,0,0,0,0,0,1,0,0,0,0,0,0,0,0,0,0,0,0,0,0,0,0,0,1,0,0,0,0,0,0,0,0,0,0,0,9,0,0,0,0,0,0,0,12,0,6,0,0,0,0,0,0,0,0,0,6,0,47,0,13,0,9,0,5,0,9,0,0,0,160,0,11,0,30,0,5,0,0,82,75,0,11,0,0,0,0,0,6,0,0,0,0,0,5,0,0,0,10,0,1,0,3,0,4,0,1,23,0,0,0,17,43,60,2,3,0,14
0,0,0,0,68,0,0,0,0,0,9,0,220,11,0,0,8,0,175,10,54,0,0,0,0,0,143,19,3,0,15,0,7,0,118,0,88,0,0,0,0,0,95,0,53,3,0,0,11,0,0,0,0,0,0,0,0,0,0,0,0,0,0,0,0,0,0,0,0,0,18,0,0,0,13,0,0,0,0,0,14,0,0,0,0,0,10,0,0,0,0,0,0,0,0,0,0,0,0,0,0,0,0,0,0,0,0,0,0,0,0,0,0,0,0,0,0,0,0,0,0,0,0,0,0,0,0,0,0,0,0,0,0,0,0,0,0,0,20,0,0,0,0,0,21,0,0,0,0,0,0,0,0,0,0,0,6,0,0,0,4,0,18,0,70,0,44,0,95,0,23,0,77,0,0,0,0,0,10,0,4,0,0,0,0,0,66,0,0,0,0,0,0,0,0,0,0,0,0,0,11,0,0,0,0,0,0,0,0,0,43,60,114,19,18,0,0,0,0,0,0,0,0,0,0
0,15,0,0,0,97,0,0,0,0,0,19,42,265,0,4,0,0,43,384,0,56,0,6,0,0,13,407,0,0,0,8,0,19,0,20,0,91,0,2,19,2,0,47,0,65,0,0,0,10,0,0,0,0,0,2,0,0,0,15,0,0,0,0,0,0,0,0,0,0,0,24,0,0,0,9,0,18,0,0,0,122,0,0,0,73,0,54,0,0,0,0,0,0,0,0,0,0,0,0,0,35,0,0,0,0,0,0,0,0,0,0,0,0,0,0,0,0,0,0,0,50,0,0,0,0,0,1,0,0,0,0,0,0,0,0,0,0,0,17,1,94,0,86,0,62,1,0,0,0,0,0,0,0,0,0,0,0,0,0,0,0,0,11,0,89,0,73,0,98,0,25,0,68,0,0,7,64,0,0,0,0,0,0,0,0,0,285,0,28,0,6,0,0,0,0,0,0,0,0,0,0,0,0,0,0,0,0,0,0,0,0,0,0,15,0,0,0,23,47,106,0,0,0,0
2,29,0,0,0,0,11,62,225,129,0,0,0,0,23,0,78,6,25,0,44,0,12,1,14,33,0,0,44,0,24,0,0,0,9,0,5,0,44,5,0,0,0,0,0,0,0,0,0,0,0,0,0,14,130,41,215,6,34,11,26,15,120,39,1,0,6,53,0,0,0,0,3,0,0,0,0,0,0,0,5,0,0,0,16,0,0,0,0,0,24,0,0,0,0,0,0,1,0,0,0,0,0,0,18,0,44,0,0,0,0,0,0,0,0,0,0,0,0,0,13,0,22,0,4,0,16,0,84,0,45,0,12,0,17,0,91,0,38,0,62,0,151,0,0,0,0,0,0,0,2,0,0,0,259,0,18,1,196,0,61,0,0,0,0,0,0,0,6,0,39,3,0,1,0,0,25,0,0,0,0,0,125,1,26,5,0,0,0,0,0,0,0,0,0,0,0,0,0,0,15,0,0,0,0,0,0,0,15,0,70,26,32,78,46,0,8,0,8,1,0,0,0,0,0
0,2,0,4,0,0,5,10,64,82,0,0,0,0,0,23,0,18,0,18,0,17,0,15,1,10,0,0,0,11,0,0,0,0,0,0,0,0,0,4,0,0,0,0,0,0,0,0,0,0,0,0,14,0,20,48,29,103,85,59,0,59,0,73,0,0,99,103,0,0,0,0,0,0,0,0,0,0,0,0,0,0,0,0,0,12,0,0,0,0,0,0,0,0,0,0,0,15,0,0,0,7,0,0,0,0,0,17,0,0,0,0,0,0,0,0,0,0,0,0,0,0,0,0,0,0,0,4,0,90,0,21,0,27,0,20,0,131,0,180,0,35,0,61,0,35,0,0,0,0,0,0,0,0,2,108,4,29,0,83,1,6,0,0,0,0,0,0,0,0,0,3,1,0,0,0,12,15,0,0,0,0,0,4,12,94,0,0,0,0,0,0,0,0,0,0,0,0,0,0,0,0,0,0,0,0,0,0,0,0,6,4,0,0,39,0,0,0,20,32,23,37,0,0,0
0,42,41,0,0,0,215,71,59,190,0,0,6,0,0,0,9,4,0,0,20,1,24,3,79,69,0,0,19,0,16,0,3,0,0,0,0,0,4,4,0,0,0,0,0,0,0,0,29,0,0,0,130,20,0,45,15,0,46,0,49,21,45,87,0,0,8,24,0,0,0,0,0,0,0,0,0,0,0,0,0,0,0,0,0,0,0,0,0,0,24,0,0,0,0,0,0,0,0,0,0,0,0,0,0,0,0,0,0,0,0,0,0,0,0,0,0,0,0,0,0,0,9,0,9,0,48,0,68,0,143,0,35,0,84,0,105,0,0,0,21,0,192,0,0,0,0,0,16,16,10,0,0,0,59,1,21,0,56,0,35,0,0,0,0,0,0,0,21,0,116,8,11,0,0,0,6,12,0,0,0,8,0,8,0,6,0,0,0,0,0,0,0,0,0,0,0,0,2,0,56,0,0,0,0,0,0,0,62,0,270,14,102,162,261,0,0,0,0,0,11,0,0,0,0
0,5,0,39,0,10,0,182,158,120,0,0,0,0,0,35,0,13,0,0,0,35,0,34,4,72,0,0,0,41,0,0,0,0,0,0,0,0,0,10,0,0,0,0,0,0,0,0,0,0,0,2,41,48,45,0,45,64,104,58,0,82,6,114,0,0,201,47,0,0,0,0,0,0,0,0,0,0,0,0,0,0,0,0,0,4,0,0,0,0,0,0,0,1,0,0,0,0,0,0,0,0,0,0,0,0,0,0,0,0,0,0,0,0,0,0,0,0,0,0,0,0,0,0,0,26,0,27,0,82,0,40,0,54,0,130,0,198,0,94,0,14,0,45,0,0,0,4,0,0,0,1,0,0,10,36,0,14,0,33,0,7,0,0,0,3,0,0,0,14,0,190,0,38,0,0,14,12,0,0,0,0,0,0,18,40,0,0,0,0,0,0,0,0,0,0,0,0,0,0,0,18,0,0,0,0,0,2,0,30,0,0,2,0,280,0,0,0,145,21,138,247,0,19,0
0,0,4,0,0,0,2,0,24,86,0,0,0,0,0,0,8,0,0,0,0,0,0,0,0,5,0,0,0,0,0,0,0,0,0,0,0,0,0,0,0,0,0,0,0,0,0,0,55,0,0,0,215,29,15,45,0,11,202,22,20,6,9,26,95,49,55,128,0,0,0,0,0,0,0,0,0,0,0,0,0,0,0,0,0,0,0,0,0,0,0,0,0,0,0,0,0,0,0,0,0,0,0,0,0,0,0,0,0,0,0,0,0,0,0,0,0,0,0,0,0,0,0,0,6,0,19,0,55,0,141,0,40,0,17,0,19,0,0,9,0,0,45,0,1,0,0,0,0,0,2,0,0,0,69,0,42,0,72,8,189,0,30,0,0,0,3,0,39,0,176,3,0,0,0,0,13,0,0,0,0,3,0,0,0,0,0,0,0,0,0,0,0,0,0,0,0,0,0,0,11,0,0,0,0,0,0,0,19,0,319,106,373,361,560,0,57,19,0,0,8,0,0,0,0
0,3,0,0,0,0,0,6,3,11,0,0,0,0,0,0,0,0,0,0,0,0,0,0,0,9,0,0,0,2,0,0,0,0,0,0,0,0,0,6,0,0,0,0,0,0,0,0,0,0,0,0,6,103,0,64,11,0,30,206,0,17,0,15,5,1,75,11,0,0,0,0,0,0,0,0,0,4,0,0,0,0,0,0,0,0,0,0,0,0,0,0,0,0,0,0,0,0,0,0,0,0,0,0,0,0,0,0,0,0,0,0,0,0,0,0,0,0,0,0,0,0,0,0,0,24,0,7,0,160,0,45,0,74,0,65,0,101,0,97,0,11,0,31,0,0,0,0,0,0,0,0,0,0,6,99,0,7,0,87,0,9,0,0,0,1,0,0,0,25,0,146,0,3,0,0,0,0,0,0,0,0,0,0,10,4,0,0,0,0,0,0,0,0,0,0,0,0,0,0,0,0,0,0,0,0,0,0,0,10,0,0,0,1,127,0,0,0,53,25,135,110,0,6,0
3,0,9,0,0,0,12,0,220,114,0,0,0,0,0,0,2,0,0,0,4,0,1,0,6,0,0,0,1,0,0,0,0,0,0,0,3,0,0,0,0,0,1,0,0,0,0,0,37,0,0,0,34,85,46,104,202,30,0,96,56,0,0,50,34,41,65,388,0,0,0,0,0,0,0,0,0,0,0,0,0,0,2,0,0,0,0,0,0,0,0,0,0,0,0,0,0,0,0,0,0,0,0,0,0,0,0,0,0,0,0,0,0,0,0,0,0,0,0,0,0,0,0,0,18,0,0,0,4,0,118,0,0,0,0,0,0,0,1,3,0,0,0,0,1,0,0,0,7,0,0,0,0,0,59,20,105,0,0,10,85,0,0,0,0,0,0,0,15,0,61,0,3,0,0,0,72,0,0,0,0,0,0,0,18,12,0,0,0,0,0,0,0,0,0,0,0,0,0,0,0,0,0,0,0,0,0,0,0,0,622,221,192,343,786,0,60,0,0,0,5,0,0,0,0
0,64,0,11,0,0,0,29,0,125,0,3,0,0,0,0,0,0,0,0,0,0,0,0,0,0,0,0,0,0,0,0,0,0,0,0,0,0,0,4,0,0,0,0,0,10,0,0,0,0,0,15,11,59,0,58,22,206,96,0,0,12,0,13,37,57,221,205,0,0,0,0,0,0,0,0,0,4,0,0,0,0,0,0,0,0,0,0,0,0,0,0,0,0,0,0,0,0,0,0,0,0,0,0,0,0,0,0,0,0,0,0,0,0,0,0,0,2,0,0,0,0,0,0,0,17,0,8,0,9,0,30,0,20,0,13,0,35,1,11,0,6,0,0,0,25,0,0,0,2,0,0,0,0,23,59,0,85,13,62,30,34,0,42,0,7,1,7,0,64,0,305,0,0,0,12,7,0,0,0,0,0,0,0,23,0,0,0,0,0,0,0,0,0,0,0,0,0,0,0,1,0,0,0,0,0,0,0,0,12,2,4,0,0,1258,0,0,0,436,79,763,618,46,29,0
140,0,29,0,0,0,168,0,191,3,0,0,0,0,0,1,25,0,0,0,0,0,0,4,69,0,0,0,2,0,0,0,18,0,10,0,37,0,30,0,0,0,0,0,0,0,0,0,10,0,0,0,26,0,49,0,20,0,56,0,0,0,21,0,0,0,16,0,0,0,13,0,0,0,12,0,0,0,0,0,0,0,0,0,0,0,0,0,0,0,0,0,0,0,0,0,0,0,0,0,0,0,0,0,0,0,0,0,0,0,0,0,0,0,0,0,0,0,0,0,0,0,0,0,0,0,0,0,0,0,0,0,0,0,0,0,7,0,216,0,152,0,44,0,141,0,0,0,0,0,0,0,0,0,32,0,218,0,45,0,0,0,17,0,0,0,0,0,6,0,119,0,161,0,0,0,124,0,0,0,0,0,172,0,0,0,0,0,0,0,0,0,0,0,0,0,0,0,0,0,0,0,0,0,0,0,0,0,0,0,97,54,169,136,127,0,17,5,0,0,0,0,0,0,0
8,131,0,15,0,0,0,248,33,372,0,2,0,0,0,9,0,0,0,0,0,16,0,0,11,107,0,0,0,81,0,5,0,8,0,12,0,38,0,26,0,0,0,5,0,0,0,0,0,0,0,0,15,59,21,82,6,17,0,12,0,0,16,58,0,0,0,36,0,1,0,0,0,0,0,0,0,0,0,0,0,0,0,0,0,2,0,0,0,0,0,0,0,0,0,0,0,0,0,0,0,0,0,0,0,0,0,0,0,0,0,0,0,0,0,0,0,0,0,0,0,0,0,0,0,0,0,0,0,3,0,0,0,0,0,0,0,18,0,99,0,111,0,11,0,285,0,0,0,0,0,0,0,0,0,0,0,75,0,0,0,0,0,0,0,0,0,5,0,3,0,102,0,62,0,0,20,193,0,0,0,0,0,123,0,54,0,0,0,0,0,0,0,0,0,0,0,0,0,0,0,0,0,0,0,0,0,0,0,0,0,0,0,0,63,0,0,0,37,77,85,116,0,8,0
51,91,21,13,0,0,131,77,97,55,0,0,0,0,40,2,287,12,0,0,147,0,29,4,71,84,0,0,74,9,43,0,8,0,11,0,0,0,29,6,0,0,6,0,0,0,0,0,0,0,0,0,120,0,45,6,9,0,0,0,21,16,0,18,0,0,0,0,0,0,0,0,0,0,8,0,0,0,0,0,10,0,0,0,11,0,20,0,0,0,34,0,0,0,0,0,24,0,0,0,0,0,0,0,0,0,0,0,0,0,0,0,0,0,0,0,0,0,0,0,18,0,29,0,0,0,0,0,34,0,0,0,0,0,24,0,60,0,30,0,54,0,137,0,2,0,0,0,0,0,0,0,0,0,89,0,32,0,47,0,34,0,0,0,0,0,0,0,0,2,6,0,12,0,0,0,40,10,0,0,0,0,177,0,0,0,0,0,0,0,0,0,0,0,0,0,0,0,2,0,14,0,0,0,0,0,0,0,4,1,18,13,18,13,29,0,0,0,0,0,0,1,0,0,0
0,16,0,4,0,0,45,131,163,212,0,0,0,0,0,117,0,99,0,64,0,63,0,84,5,51,0,33,0,65,0,7,0,5,0,6,0,0,0,47,0,0,0,4,0,0,0,0,0,1,0,0,39,73,87,114,26,15,50,13,0,58,18,0,0,0,59,19,0,0,0,0,0,0,0,0,0,0,0,0,0,0,0,0,0,0,0,0,0,0,0,1,0,0,0,0,0,0,0,0,0,0,0,0,0,0,0,0,0,0,0,0,0,0,0,0,0,0,0,0,0,0,0,0,0,3,0,0,0,11,0,0,0,0,0,0,0,24,0,139,0,0,0,10,0,68,0,0,0,0,0,0,0,0,0,19,0,5,0,17,0,0,0,0,0,0,0,0,0,0,0,7,0,0,0,0,19,69,0,0,0,0,1,29,0,66,0,0,0,0,0,0,0,0,0,0,0,0,0,0,0,0,0,0,0,0,0,0,0,0,0,1,0,0,6,0,0,0,0,2,5,2,0,0,0
8,0,0,0,20,0,18,0,62,0,0,0,0,0,8,0,0,0,15,0,0,0,3,0,8,0,0,0,0,0,0,0,0,0,0,0,0,0,0,0,14,0,0,0,0,0,14,0,0,0,0,0,1,0,0,0,95,5,34,37,0,0,0,0,0,51,41,48,0,0,0,0,0,0,0,0,0,0,0,0,0,0,0,0,0,0,0,0,0,0,0,0,0,0,0,0,0,0,0,0,0,0,0,0,0,0,0,0,0,0,0,0,0,0,0,0,0,0,0,0,0,0,0,0,10,0,8,0,0,25,27,23,0,0,3,0,0,0,4,60,0,4,0,0,5,13,36,0,13,9,4,0,12,0,2,33,0,0,0,55,207,133,0,0,0,0,0,0,0,0,3,0,1,0,55,26,123,0,0,0,0,6,10,0,205,0,0,0,0,0,0,0,0,0,0,0,0,0,0,0,0,0,0,0,0,0,0,0,1,0,100,13,9,0,124,0,0,0,0,0,0,0,0,0,0
0,92,0,0,0,0,0,4,0,183,0,24,0,0,0,0,0,0,0,21,0,0,0,0,0,0,0,31,0,0,0,0,0,0,0,0,0,0,0,0,0,5,0,0,0,0,0,18,0,0,0,0,0,0,0,0,49,1,41,57,0,0,0,0,51,0,43,315,0,0,0,0,0,0,0,0,0,0,0,0,0,0,0,0,0,0,0,0,0,0,0,0,0,0,0,0,0,0,0,1,0,0,0,0,0,0,0,0,0,0,0,0,0,0,0,0,0,0,0,0,0,0,0,0,0,26,0,11,8,0,0,66,0,0,0,18,0,6,14,14,0,0,0,0,8,36,0,61,0,136,0,29,0,9,11,0,0,0,31,18,90,192,0,0,0,0,0,0,0,0,0,0,1,0,0,143,21,0,0,0,0,43,0,5,6,136,0,0,0,0,0,0,0,0,0,0,0,0,0,0,0,6,0,0,0,0,0,14,0,53,0,0,0,0,229,0,0,0,156,33,0,0,0,0,0
9,0,9,0,18,0,32,0,362,113,23,0,12,0,8,0,1,0,28,0,0,0,0,0,1,0,0,0,0,0,0,0,2,0,0,0,0,0,0,0,0,0,1,0,0,0,11,0,11,0,0,0,6,99,8,201,55,75,65,221,16,0,0,59,41,43,0,363,0,0,0,0,0,0,0,0,0,0,0,0,0,0,0,0,0,0,0,0,0,0,0,0,0,0,0,0,0,0,0,0,0,0,0,0,0,0,0,0,0,0,0,0,0,0,0,0,0,0,0,0,0,0,0,0,5,0,0,0,0,0,7,0,0,0,0,0,0,0,0,0,0,0,0,0,0,0,13,0,8,0,1,0,0,0,28,35,39,0,1,23,2,34,0,0,0,0,0,0,0,1,22,0,4,0,0,0,249,0,2,0,0,0,16,0,261,18,0,0,0,0,0,0,0,0,0,0,0,0,0,0,0,0,0,0,0,0,0,0,0,0,238,132,61,0,310,0,0,0,17,12,0,0,0,0,0
0,41,0,1,0,3,0,2,46,103,0,4,0,0,0,1,0,0,0,0,0,0,0,0,0,0,0,6,0,0,0,0,0,1,0,0,0,0,0,0,0,0,0,12,1,0,0,4,0,0,0,0,53,103,24,47,128,11,388,205,0,36,0,19,48,315,363,0,0,1,0,0,0,0,0,0,0,0,0,0,0,0,0,0,0,0,0,0,0,0,0,0,0,1,0,0,0,0,0,0,0,0,0,0,0,0,0,0,0,0,0,0,0,0,0,0,0,0,0,0,0,0,0,0,0,18,0,1,0,0,0,28,0,0,0,0,0,0,0,0,0,0,1,0,0,20,0,5,0,45,0,3,0,2,37,35,7,110,19,13,60,30,0,0,0,5,0,8,0,8,0,50,0,0,0,26,45,2,0,0,0,2,0,3,58,244,0,0,0,1,0,0,0,0,0,0,0,0,0,0,0,0,0,0,0,0,0,2,0,7,2,10,0,0,1058,0,0,0,590,107,318,392,23,7,0
0,0,0,0,0,0,0,0,0,0,0,0,0,0,0,0,0,0,0,0,0,0,0,0,0,0,0,0,0,0,0,0,0,0,0,0,0,0,0,0,0,0,0,0,0,0,3,0,4,0,0,0,0,0,0,0,0,0,0,0,0,0,0,0,0,0,0,0,0,0,0,0,8,0,0,0,124,0,23,0,0,0,48,0,0,0,7,0,14,0,0,0,53,0,30,0,0,0,10,0,6,0,242,0,79,0,86,0,62,0,3,0,5,0,1,0,1,0,2,0,0,0,0,0,0,0,0,0,0,0,0,0,0,0,0,0,0,0,0,0,0,0,0,0,0,0,0,0,0,0,0,0,0,0,0,0,0,0,0,0,0,0,0,0,4,0,0,0,108,0,4,0,0,0,7,0,0,0,0,0,7,5,0,0,0,0,0,0,60,0,32,0,69,0,48,0,0,0,38,0,44,0,50,0,112,0,0,0,0,0,96,0,51,6,17,143,23,0,0,0,0,0,0,0,0
0,0,0,0,0,0,0,0,0,0,0,0,0,0,0,0,0,0,0,0,0,0,0,0,0,0,0,0,0,0,0,0,0,0,0,0,0,0,0,0,0,2,0,0,0,0,0,0,0,2,0,0,0,0,0,0,0,0,0,0,0,1,0,0,0,0,0,1,0,0,0,0,0,0,0,0,0,112,0,0,0,0,0,27,0,0,0,0,0,11,0,0,0,49,0,7,0,0,0,0,0,0,0,208,0,0,0,12,0,11,0,8,0,3,0,0,0,10,0,0,0,0,0,0,0,0,0,1,0,0,0,0,0,0,0,0,0,0,0,0,0,0,0,0,0,0,0,0,0,0,0,0,0,0,0,0,0,0,0,0,0,2,0,1,0,29,0,0,0,82,0,0,0,0,0,0,0,1,0,0,0,0,0,0,0,0,0,0,0,14,0,4,0,8,0,0,0,0,0,0,0,0,0,17,0,0,0,0,0,0,0,0,0,1,6,0,0,0,68,3,64,2,59,5,5
0,0,0,0,0,0,0,0,0,0,2,0,0,0,9,0,25,0,44,0,117,0,6,0,0,0,51,0,14,0,25,0,7,0,0,0,30,0,1,0,0,0,23,0,76,0,0,0,5,0,18,0,0,0,0,0,0,0,0,0,13,0,0,0,0,0,0,0,0,0,0,0,356,0,290,1,11,0,205,0,0,0,0,0,0,0,10,0,0,0,0,0,0,0,0,2,0,0,0,0,0,0,0,0,0,0,0,2,0,0,0,0,0,0,0,0,0,0,0,0,25,0,29,0,0,0,17,0,0,9,11,13,2,0,46,0,17,0,18,12,85,0,72,0,171,7,13,0,23,11,26,0,21,2,0,0,8,0,0,0,0,0,71,0,0,0,3,0,67,6,34,0,54,0,54,0,0,0,0,0,0,28,0,0,0,0,0,0,0,0,0,0,0,0,0,0,0,0,0,0,0,0,0,0,0,0,0,0,27,0,6,3,39,0,0,0,4,0,0,0,0,0,0,0,0
0,0,0,0,0,0,0,0,0,0,0,0,0,0,0,0,0,0,0,0,0,14,0,1,0,0,0,0,0,0,0,0,0,0,0,0,0,13,0,0,0,0,0,20,0,22,0,0,0,0,0,24,0,0,0,0,0,0,0,0,0,0,0,0,0,0,0,0,0,0,0,0,0,187,0,316,0,40,0,14,0,0,0,0,0,7,0,37,0,0,0,0,0,0,0,0,0,0,0,0,0,0,0,0,0,0,0,0,0,0,0,0,0,0,0,0,0,0,0,0,0,8,0,30,8,66,0,75,0,0,16,5,16,41,0,0,0,30,0,1,0,56,0,6,6,221,0,36,0,27,11,34,0,32,0,0,0,7,0,0,0,0,0,38,0,0,0,23,0,8,0,23,0,35,0,34,0,0,0,0,10,81,0,0,0,0,0,0,0,0,0,0,0,0,0,0,0,0,0,0,0,0,0,0,0,0,0,0,0,16,0,0,0,0,0,0,0,0,53,3,8,1,0,0,0
0,0,0,0,0,0,0,0,0,0,0,0,0,0,0,0,21,0,0,0,0,0,0,0,0,0,0,0,5,0,0,0,3,0,0,0,0,0,0,0,0,0,0,0,51,0,0,0,2,0,0,0,3,0,0,0,0,0,0,0,0,0,0,0,0,0,0,0,8,0,356,0,0,0,97,0,53,0,123,0,0,0,5,0,5,0,5,0,0,0,0,0,0,0,0,0,6,0,0,0,0,0,0,0,0,0,0,0,0,0,0,0,0,0,0,0,0,0,0,0,18,0,27,0,46,0,42,0,0,0,0,0,29,0,65,0,22,0,28,0,94,10,101,0,99,0,30,9,9,0,62,12,43,0,0,0,0,0,0,0,0,0,73,0,0,0,0,0,16,0,10,0,11,0,39,0,0,0,0,0,0,26,0,0,0,0,0,0,0,0,0,0,5,0,0,0,0,0,0,0,16,0,0,0,6,0,0,0,37,0,212,2,19,0,24,0,0,0,0,0,0,0,2,0,0
0,0,0,2,0,0,0,0,0,0,0,0,0,0,0,0,0,0,0,0,0,0,0,0,0,0,0,0,0,0,0,0,0,0,0,0,0,3,0,0,0,0,0,0,0,0,0,5,0,0,0,0,0,0,0,0,0,0,0,0,0,0,0,0,0,0,0,0,0,0,0,187,0,0,0,213,0,50,0,91,0,17,0,18,0,60,0,101,0,0,0,0,0,4,0,0,0,0,0,2,0,0,0,2,0,5,0,0,0,0,0,0,0,0,0,0,0,3,0,0,0,61,0,21,4,36,0,44,1,3,0,0,0,0,0,61,0,45,0,0,0,28,0,19,0,138,0,24,0,13,0,30,0,0,0,0,0,0,0,0,0,0,0,46,0,0,0,8,0,5,0,10,0,8,0,14,0,0,0,0,0,47,0,0,0,0,0,0,0,0,0,0,0,0,0,0,0,0,0,92,0,148,0,102,0,0,0,0,0,22,0,0,0,0,16,0,0,0,232,3,7,0,0,0,0
0,0,6,0,0,0,0,0,0,0,0,0,0,0,0,0,30,0,50,0,141,0,6,0,0,0,45,0,22,0,14,0,13,0,9,0,22,0,0,0,0,0,22,0,80,0,0,0,0,0,13,0,0,0,0,0,0,0,0,0,12,0,8,0,0,0,0,0,0,0,290,0,97,0,0,0,26,0,153,0,12,0,26,0,2,0,21,2,0,0,0,0,0,0,3,0,2,0,0,0,0,0,0,0,0,0,0,0,0,0,0,0,0,0,0,0,0,0,0,0,29,0,27,0,0,25,0,0,0,12,4,0,1,0,22,0,5,0,14,7,111,0,101,0,90,4,0,2,0,11,0,0,0,1,0,0,14,0,0,0,0,0,28,0,0,0,2,0,31,0,17,0,33,0,64,0,0,0,0,0,36,26,0,0,0,0,0,0,0,0,0,0,0,0,0,0,0,0,23,0,9,0,0,0,0,0,0,0,7,0,11,1,14,1,9,0,2,0,13,0,0,0,0,0,0
0,0,0,0,0,0,0,0,0,0,0,0,0,0,0,0,0,0,0,0,0,0,0,0,0,0,0,0,0,0,0,0,0,0,0,0,0,10,0,0,0,0,0,18,0,18,0,0,0,0,0,9,0,0,0,0,0,0,0,0,0,0,0,0,0,0,0,0,0,0,1,316,0,213,0,0,0,13,0,48,0,25,0,0,0,46,0,169,0,0,0,0,0,0,0,6,0,0,0,0,0,0,0,0,0,0,0,0,0,0,0,0,0,0,0,0,0,0,0,0,0,121,0,101,0,17,0,29,0,0,0,0,0,5,0,0,0,19,8,0,0,63,0,17,0,242,8,39,0,43,0,22,6,34,0,0,1,8,0,0,0,0,0,33,0,0,0,11,4,0,0,10,0,0,0,37,0,0,0,0,10,126,0,0,0,0,0,0,0,0,0,0,0,0,0,0,0,0,0,10,0,35,0,9,0,0,0,0,0,0,0,0,0,0,0,0,0,0,49,4,0,0,0,0,0
0,0,0,0,0,0,0,0,0,0,0,0,0,0,0,0,0,0,0,0,0,0,0,0,0,0,0,0,0,0,0,0,0,0,0,0,0,0,0,0,0,0,0,0,37,0,0,0,5,0,0,0,0,0,0,0,0,0,0,0,0,0,0,0,0,0,0,0,124,0,11,0,53,0,26,0,0,0,75,0,0,0,36,0,19,0,11,0,4,0,12,0,8,0,26,0,36,0,11,0,8,0,29,0,49,0,53,0,0,0,0,0,1,0,0,0,4,0,0,0,20,0,12,1,0,0,0,0,0,0,0,0,0,0,0,0,0,0,0,0,0,0,0,0,14,0,6,2,0,0,0,0,0,0,0,0,0,0,0,0,0,0,0,0,21,0,0,0,28,0,2,0,0,0,0,0,0,0,0,0,0,0,0,0,0,0,0,0,0,0,0,0,0,0,33,0,0,0,0,0,67,0,63,0,99,0,0,0,0,0,84,4,13,0,9,14,8,2,0,0,0,0,0,0,0
0,0,0,0,0,0,0,0,0,1,0,0,0,0,0,0,0,0,0,0,0,0,0,0,0,0,0,0,0,0,0,0,0,0,0,0,0,0,0,0,0,0,0,10,0,39,0,0,0,6,0,18,0,0,0,0,0,4,0,4,0,0,0,0,0,0,0,0,0,112,0,40,0,50,0,13,0,0,0,20,0,83,0,154,0,0,0,125,0,11,0,0,0,76,0,19,0,0,0,18,0,21,0,133,0,40,3,77,0,4,0,0,0,0,0,0,0,36,0,0,0,15,0,0,0,0,0,0,0,0,0,0,0,0,0,0,0,0,0,0,0,6,0,0,0,5,0,0,0,0,0,0,0,0,0,0,0,0,0,1,0,9,0,0,0,53,0,0,0,62,0,0,0,0,0,0,0,0,0,0,0,0,0,0,0,0,0,0,0,127,0,0,0,0,0,76,0,0,0,0,0,115,0,70,0,0,0,0,0,0,0,0,1,0,25,0,0,0,98,6,98,0,21,0,2
0,0,0,0,0,0,0,0,0,0,0,0,0,0,0,0,0,0,0,0,0,0,0,0,0,0,0,0,0,0,0,0,0,0,0,0,0,0,0,0,0,0,0,0,0,0,0,0,7,0,0,0,0,0,0,0,0,0,0,0,0,0,0,0,0,0,0,0,23,0,205,0,123,0,153,0,75,0,0,0,11,0,60,0,23,0,51,0,1,0,0,0,4,0,17,0,25,0,0,0,2,0,5,1,0,0,10,0,0,0,0,0,0,0,0,0,3,0,0,0,53,0,45,0,0,0,0,0,1,0,6,0,0,0,89,0,0,0,0,0,112,0,106,0,79,7,0,10,0,0,31,0,0,0,0,0,0,0,0,0,0,0,32,0,12,0,0,0,25,0,0,0,0,0,23,0,0,0,0,0,0,0,0,0,0,0,2,0,0,0,0,0,0,0,0,0,6,0,98,0,47,0,0,0,0,0,58,0,36,0,171,7,24,0,29,9,11,0,0,0,0,0,0,0,0
