0,260,22,110,68,75,22,0,94,0,235,59,128,0,0,54,99,60,58,0,14,0,27,114,99,92,34,1,34,0,17,0,56,0,0,0,73,1,543,0,0,0,1,0,0,0,0,0,6,0,3,0,8,0,3,0,0,0,4,0,92,0,86,0,76,0,21,0,0,0,0,0,0,0,0,0,0,0,0,0,0,0,0,0,0,0,0,0,0,0,0,0,0,0,0,0,0,0,0,0,0,0,0,0,0,0,0,0,0,0,0,0,0,0,0,0,0,0,0,0,0,0,0,0,40,0,65,0,0,0,56,0,0,0,51,0,17,0,0,0,0,0,0,0,0,0,49,0,102,0,50,0,38,0,0,0,0,0,0,0,0,0,3,0,6,0,30,0,18,0,25,0,473,0,0,0,382,64,33,5,29,0,99,0,85,0,0,0,0,0,0,0,0,0,0,0,0,0,0,0,0,0,0,0,0,0,0,0,54,0,676,83,234,113,199,1,0,0,0,0,0,0,0,0,0
260,0,175,49,0,214,248,13,141,114,0,89,0,79,9,72,48,54,0,112,0,34,133,74,381,83,0,57,0,0,0,10,0,47,0,0,0,94,0,150,0,37,0,0,0,20,0,50,0,8,0,0,11,84,37,58,0,0,0,0,0,473,46,442,0,105,0,52,0,0,0,0,0,0,0,0,0,0,0,0,0,0,0,0,0,41,0,0,0,0,0,0,0,0,0,0,0,0,0,0,0,0,0,0,0,0,0,0,0,0,0,0,0,0,0,0,0,0,0,0,0,0,0,0,0,44,0,132,0,0,0,84,0,0,0,133,0,186,0,0,0,0,0,0,0,19,0,20,0,83,0,33,0,57,0,64,0,0,0,14,0,26,0,0,0,9,0,0,0,38,0,47,0,133,0,3,146,357,0,16,0,38,30,33,0,64,0,20,0,0,0,0,0,0,0,0,0,0,0,0,0,0,0,0,0,0,0,0,0,94,6,0,0,0,418,0,0,0,1343,153,470,0,4,0,0
22,175,0,83,281,204,117,0,23,0,145,103,239,0,267,160,210,55,122,0,90,0,484,104,373,38,0,0,357,0,238,0,372,0,0,0,118,0,985,0,0,0,0,0,0,0,0,0,11,0,0,0,3,0,45,0,0,0,16,0,92,0,66,0,22,0,0,0,0,0,0,0,0,0,0,0,0,0,0,0,0,0,0,0,0,0,0,0,0,0,0,0,0,0,0,0,0,0,0,0,0,0,0,0,0,0,0,0,0,0,0,0,0,0,0,0,0,0,0,0,0,0,0,0,223,0,333,0,0,0,175,0,0,0,361,0,194,0,0,0,0,0,0,0,0,0,158,0,152,0,153,0,64,0,17,0,8,0,0,0,11,0,0,0,0,0,0,0,44,0,0,0,495,0,0,0,184,83,17,7,0,0,22,0,54,0,0,0,0,0,0,0,0,0,0,0,0,0,0,0,0,0,0,0,0,0,0,0,243,0,982,104,677,222,495,0,0,0,0,0,7,0,0,0,0
110,49,83,0,0,95,0,42,0,7,0,4,0,0,8,328,22,52,0,94,3,22,68,202,68,113,0,33,2,56,0,20,0,51,0,0,0,63,0,296,0,0,0,0,0,12,0,0,0,0,0,0,1,7,0,56,0,12,0,12,2,159,7,118,0,19,0,0,0,0,0,0,0,0,0,0,0,0,0,0,0,0,0,0,0,0,0,0,0,0,0,0,0,0,0,0,0,0,0,0,0,0,0,0,0,0,0,0,0,0,0,0,0,0,0,0,0,0,0,0,0,0,0,0,0,0,0,151,0,40,0,0,0,0,0,0,0,198,0,0,0,0,0,48,0,0,0,0,0,36,0,26,0,0,0,0,0,0,0,0,0,9,0,0,0,4,0,0,0,0,0,26,0,128,0,1,23,43,0,0,0,0,17,0,0,0,0,0,0,0,0,0,0,0,0,4,0,0,0,0,0,0,0,0,0,0,0,0,0,159,0,0,0,0,148,0,0,0,434,17,322,0,2,0,0
68,0,281,0,0,438,65,0,43,0,153,130,624,253,196,274,0,0,405,560,134,302,91,40,0,0,236,293,0,0,377,0,627,0,313,0,398,0,122,0,25,31,68,0,59,25,0,63,0,0,242,0,3,0,0,0,0,0,0,0,0,0,0,0,23,0,12,0,0,0,0,0,0,0,0,0,0,0,0,0,0,0,0,0,0,0,0,0,0,0,0,0,0,0,0,0,0,0,0,0,0,0,0,0,0,0,0,0,0,0,0,0,0,0,0,0,0,0,0,0,0,0,0,0,45,0,0,0,0,0,0,0,0,0,0,0,0,0,0,0,0,0,0,0,0,0,0,0,0,0,0,0,0,0,0,0,0,0,0,0,0,0,0,0,0,0,237,0,185,0,0,0,250,0,43,0,472,193,138,4,102,0,58,0,53,0,17,20,0,0,0,0,0,0,0,0,0,0,0,0,0,0,0,0,0,0,0,0,0,0,683,187,789,0,276,0,0,0,0,0,0,0,0,0,0
75,214,204,95,438,0,0,63,0,7,126,268,0,287,616,214,9,9,136,467,0,217,179,79,9,8,0,317,0,94,0,138,0,420,0,151,0,393,0,129,0,145,0,0,0,39,0,196,0,0,0,80,0,0,0,8,0,10,0,0,0,50,0,0,0,19,0,0,0,0,0,0,0,0,0,0,0,0,0,0,0,0,0,0,0,0,0,0,0,0,0,0,0,0,0,0,0,0,0,0,0,0,0,0,0,0,0,0,0,0,0,0,0,0,0,0,0,0,0,0,0,0,0,0,0,0,0,0,0,0,0,0,0,0,0,0,0,0,0,0,0,0,0,404,0,0,0,0,5,0,0,0,19,0,0,0,2,0,0,0,0,0,0,5,0,0,0,234,0,106,0,57,0,246,0,0,122,431,0,18,0,71,10,10,0,0,2,32,0,0,0,0,0,0,0,0,0,0,0,0,0,0,0,0,0,0,0,0,0,18,0,0,0,0,362,0,0,0,944,271,779,0,10,0,1
22,248,117,0,65,0,0,0,15,99,31,0,40,0,6,0,11,76,0,0,0,0,17,66,419,163,11,0,20,0,0,0,0,0,0,0,4,1,185,0,0,0,0,0,0,0,0,0,27,0,2,0,145,24,247,32,7,0,2,0,452,0,397,51,16,0,8,0,0,0,1,0,0,0,0,0,0,0,0,0,0,0,0,0,3,0,2,0,0,0,0,0,0,0,0,0,0,0,0,0,0,0,0,0,0,0,0,0,0,0,0,0,0,0,0,0,0,0,0,0,0,0,0,0,53,0,70,0,0,0,100,0,4,0,29,0,17,0,0,0,0,0,0,0,0,0,20,0,29,0,0,0,0,0,0,0,5,0,0,0,6,0,8,0,14,0,4,0,24,0,191,0,305,0,0,0,76,40,0,3,0,0,0,0,3,0,0,0,0,0,0,0,0,0,0,0,0,0,0,0,0,0,0,0,0,0,0,0,29,0,839,40,426,522,773,0,77,0,0,0,0,0,0,0,0
0,13,0,42,0,63,0,0,146,7,0,13,0,10,0,22,0,131,0,19,0,0,0,13,62,240,0,0,0,0,0,2,0,0,0,0,0,0,0,0,0,0,0,0,0,0,0,0,0,0,0,0,46,238,85,551,0,28,0,11,0,235,17,277,0,21,0,10,0,0,0,0,0,0,0,0,0,0,0,0,0,0,0,0,0,60,0,0,0,0,0,0,0,0,0,0,0,0,0,0,0,0,0,0,0,0,0,0,0,0,0,0,0,0,0,0,0,0,0,0,0,0,0,1,0,69,0,161,0,44,0,73,0,0,0,86,0,94,0,0,0,0,0,79,0,0,0,0,0,0,0,9,0,0,0,0,0,41,0,0,0,12,0,0,0,17,0,0,0,36,0,97,0,171,0,0,46,37,0,0,0,0,0,0,0,0,0,0,0,0,0,0,0,0,0,0,0,0,0,0,0,0,0,0,0,0,0,0,0,139,5,0,0,3,461,0,0,0,711,51,375,293,0,51,1
94,141,23,0,43,0,15,146,0,396,59,0,44,0,33,0,0,41,53,0,0,0,3,0,44,159,0,0,0,0,0,0,0,0,0,0,0,0,32,0,0,0,0,0,0,0,0,0,0,0,0,0,404,70,101,224,11,0,32,29,283,0,407,54,94,0,127,27,0,0,0,0,4,0,0,0,0,0,0,0,0,0,0,0,1,0,0,0,0,0,0,0,0,0,1,0,0,0,0,0,0,0,0,0,0,0,1,0,0,0,0,0,0,0,0,0,0,0,0,0,0,0,0,0,50,0,59,0,0,0,95,0,0,0,31,0,10,0,0,0,10,0,10,0,0,0,37,0,147,0,37,0,33,0,52,0,47,0,0,0,10,0,0,0,0,0,0,0,10,0,243,0,156,0,14,0,540,101,15,0,0,0,18,0,78,0,0,0,0,0,0,0,0,0,0,0,0,0,0,0,0,0,0,0,0,0,0,0,29,0,696,41,190,210,434,0,34,0,0,0,0,0,0,0,0
0,114,0,7,0,7,99,7,396,0,0,14,0,4,0,0,0,3,0,22,0,2,0,5,51,28,0,0,0,0,0,4,0,0,0,0,0,0,0,0,0,4,0,0,0,0,0,0,0,2,0,0,140,329,300,214,7,30,154,36,0,102,14,104,0,235,128,150,0,0,0,0,0,0,0,0,0,0,0,0,0,0,0,0,0,57,0,0,0,0,0,0,0,0,0,0,0,0,0,0,0,0,0,0,0,0,0,0,0,0,0,0,0,0,0,0,0,0,0,0,0,15,0,0,0,42,0,87,0,14,0,91,0,0,0,92,0,115,0,2,0,0,0,51,0,12,0,19,0,80,0,27,0,34,3,87,1,122,0,15,0,39,0,0,0,8,0,4,0,9,0,101,0,56,0,0,123,250,0,2,0,0,1,5,0,54,0,0,0,0,0,2,0,0,0,0,0,0,0,0,0,0,0,0,0,0,0,13,0,68,0,0,0,2,331,0,0,0,634,91,264,375,0,34,0
235,0,145,0,153,126,31,0,59,0,0,32,400,0,28,98,14,0,94,84,113,51,33,13,0,0,51,0,9,0,117,0,296,0,81,4,205,0,29,0,15,0,0,0,0,0,0,0,3,0,31,0,0,0,4,0,0,0,0,0,0,0,0,0,0,1,2,0,0,0,0,0,0,0,0,0,0,0,0,0,0,0,0,0,0,0,0,0,0,0,0,0,0,0,0,0,0,0,0,0,0,0,0,0,0,0,0,0,0,0,0,0,0,0,0,0,0,0,0,0,0,0,0,0,11,0,0,0,0,0,0,0,0,0,0,0,0,0,0,0,0,0,0,0,0,0,8,0,0,0,0,0,51,0,3,0,0,0,0,0,0,0,1,0,0,0,0,0,0,0,0,0,56,0,60,0,233,64,195,0,107,0,91,0,36,0,7,0,0,0,0,0,0,0,0,0,0,0,0,0,0,0,0,0,0,0,0,0,0,0,259,91,226,0,82,0,0,0,0,0,0,0,0,0,0
59,89,103,4,130,268,0,13,0,14,32,0,0,128,159,11,8,67,0,67,0,43,97,94,29,8,0,89,0,30,0,25,0,111,0,15,0,180,0,127,0,172,0,0,0,30,1,76,0,42,0,0,0,9,0,7,0,4,0,0,0,78,0,36,0,0,0,2,0,0,0,0,0,0,0,0,0,0,0,0,0,0,0,0,0,0,0,0,0,0,0,0,0,0,0,0,0,0,0,0,0,0,0,0,0,0,0,0,0,0,0,0,0,0,0,0,0,0,0,0,0,0,0,0,0,2,0,4,0,0,0,0,0,0,0,0,0,37,0,0,0,44,0,87,0,0,0,0,0,0,0,66,0,132,0,23,0,0,0,0,0,0,0,0,0,0,0,19,0,0,0,19,0,70,0,75,36,349,4,34,0,156,7,48,0,51,0,91,0,0,0,0,0,0,0,0,0,0,0,0,0,1,0,0,0,0,0,0,0,12,5,0,0,0,119,0,0,0,540,128,184,36,7,0,0
128,0,239,0,624,0,40,0,44,0,400,0,0,273,63,0,11,0,64,280,40,117,0,2,0,0,230,518,0,0,22,0,0,0,118,0,86,0,0,0,272,128,209,0,252,146,401,456,82,0,271,0,0,0,0,0,0,0,0,0,0,0,0,0,0,0,0,0,0,0,0,0,0,0,0,0,0,0,0,0,0,0,0,0,0,0,0,0,0,0,0,0,0,0,0,0,0,0,0,0,0,0,0,0,0,0,0,0,0,0,0,0,0,0,0,0,0,0,0,0,0,0,0,0,0,0,0,0,0,0,0,0,0,0,0,0,0,0,0,0,0,0,0,0,0,0,0,0,0,0,0,0,0,0,0,0,0,0,0,0,0,0,0,0,71,0,0,0,0,0,0,0,0,0,0,0,287,132,231,0,0,0,40,0,0,0,270,9,0,0,0,0,0,0,0,0,0,0,0,0,0,0,0,0,0,0,0,0,0,0,0,80,239,0,13,0,0,3,0,0,0,0,0,0,0
0,79,0,0,253,287,0,10,0,4,0,128,273,0,163,9,0,2,517,72,24,64,2,0,0,0,136,183,0,0,0,0,0,0,0,103,0,94,0,0,24,243,0,170,24,91,12,171,0,70,0,318,0,0,0,0,0,0,0,0,0,0,0,0,0,0,0,0,0,0,0,0,0,0,0,0,0,0,0,0,0,0,0,0,0,0,0,0,0,0,0,0,0,0,0,0,0,0,0,0,0,0,0,0,0,0,0,0,0,0,0,0,0,0,0,0,0,0,0,0,0,0,0,0,0,0,0,0,0,0,0,0,0,0,0,0,0,0,0,0,0,0,0,0,0,0,0,0,0,0,0,0,0,0,0,0,0,0,0,0,0,0,0,0,0,37,0,19,0,0,0,5,0,0,0,0,55,530,5,92,0,0,0,0,0,0,16,52,0,0,0,0,0,0,0,0,0,0,0,0,0,0,0,0,0,0,0,0,0,0,0,0,0,0,40,0,0,0,96,169,492,0,0,0,0
0,9,267,8,196,616,6,0,33,0,28,159,63,163,0,340,84,0,348,557,210,415,217,47,33,0,79,65,21,0,345,11,279,7,194,34,169,0,0,0,14,0,0,0,0,0,13,0,4,0,46,0,0,0,0,0,0,0,0,1,0,0,0,0,26,0,0,0,0,0,0,0,0,0,0,0,0,0,0,0,0,0,0,0,0,0,0,0,0,0,0,0,0,0,0,0,0,0,0,0,0,0,0,0,0,0,0,0,0,0,0,0,0,0,0,0,0,0,0,0,0,0,0,0,65,0,0,0,0,0,0,0,0,0,255,0,151,0,0,0,74,0,0,0,0,0,0,0,140,0,168,0,134,0,75,0,24,0,0,0,0,0,0,0,13,0,123,0,104,0,0,0,73,0,25,0,101,98,45,8,0,0,47,0,105,0,2,47,0,0,0,0,0,0,0,0,0,0,0,0,0,0,0,0,0,0,0,0,133,0,191,86,290,21,61,0,0,0,15,0,0,0,0,0,0
54,72,160,328,274,214,0,22,0,0,98,11,0,9,340,0,13,56,15,132,27,262,114,359,28,96,0,71,0,119,14,157,0,261,0,20,0,69,0,117,0,0,0,0,0,19,0,0,0,22,0,0,0,0,0,72,0,0,0,0,0,25,0,11,0,10,0,1,0,0,0,0,0,0,0,0,0,0,0,0,0,0,0,0,0,0,0,0,0,0,0,0,0,0,0,6,0,0,0,0,0,0,0,0,0,0,0,0,0,0,0,0,0,0,0,0,0,0,0,0,0,0,0,0,0,0,0,98,0,0,0,0,0,0,0,179,0,308,0,0,0,0,0,194,0,0,0,4,0,0,0,11,6,0,0,6,0,17,0,0,0,0,0,0,0,5,0,35,0,20,0,0,0,72,0,0,38,54,10,19,3,0,7,0,0,0,0,0,0,0,0,0,0,0,0,0,0,0,0,0,0,0,0,0,0,0,0,0,0,0,0,0,0,0,78,0,0,0,214,35,140,0,0,0,0
99,48,210,22,0,9,11,0,0,0,14,8,11,0,84,13,0,10,80,0,334,0,148,21,166,17,0,0,194,0,91,0,46,0,35,0,0,0,275,0,0,0,0,0,27,0,18,0,0,0,0,0,56,0,28,0,24,0,0,0,8,0,197,2,0,0,0,0,0,0,29,0,0,0,21,0,0,0,19,0,0,0,0,0,310,0,44,0,0,0,71,0,0,0,0,0,316,0,115,0,0,0,0,0,0,0,0,0,0,0,0,0,0,0,0,0,0,0,0,0,0,0,84,0,0,0,0,0,95,0,0,0,171,0,166,0,596,0,47,0,106,0,972,0,12,0,0,0,14,0,0,0,35,0,58,0,2,0,27,0,14,0,2,0,2,0,0,0,31,0,0,0,67,0,0,0,7,7,0,1,0,0,36,0,0,0,0,0,0,0,0,0,0,0,0,0,0,0,0,0,127,0,0,0,0,0,0,0,0,0,80,13,108,31,33,0,2,0,0,0,0,0,0,0,0
60,54,55,52,0,9,76,131,41,3,0,67,0,2,0,56,10,0,0,39,0,151,23,113,82,74,0,25,0,162,0,34,0,33,0,0,0,8,0,195,0,0,0,0,0,0,0,0,0,0,0,0,4,87,8,128,0,123,0,0,0,147,11,569,0,0,0,0,0,0,0,0,0,0,0,0,0,0,0,0,0,0,0,0,0,26,0,0,0,0,0,0,0,0,0,0,0,0,0,0,0,0,0,0,0,0,0,0,0,0,0,0,0,0,0,0,0,0,0,0,0,0,0,0,0,0,0,184,0,435,0,0,0,132,0,303,0,807,0,241,0,0,0,268,0,0,0,0,0,0,0,0,0,0,0,91,0,0,0,66,0,22,0,2,0,2,0,2,0,10,0,5,1,66,0,0,13,21,0,18,0,0,4,9,0,0,0,0,0,0,0,0,0,0,0,0,0,0,0,0,0,0,0,0,0,0,0,0,1,222,0,0,0,0,31,0,0,0,100,88,118,0,0,0,0
58,0,122,0,405,136,0,0,53,0,94,0,64,517,348,15,80,0,0,481,233,248,174,0,47,0,159,601,0,0,43,0,18,0,152,40,61,11,0,0,7,108,216,19,92,115,19,341,10,0,414,0,0,0,0,0,0,0,0,0,0,0,0,0,0,0,0,0,0,0,0,0,0,0,0,0,0,0,0,0,0,0,0,0,0,0,0,0,0,0,0,0,0,0,0,0,0,0,0,0,0,0,0,0,0,0,0,0,0,0,0,0,0,0,0,0,0,0,0,0,0,0,0,0,0,0,0,0,0,0,0,0,0,0,0,0,0,0,0,0,0,1,0,0,0,0,0,0,0,0,0,0,0,0,0,0,3,0,0,0,0,0,0,0,80,0,21,0,94,0,0,0,0,0,0,0,76,58,65,3,0,0,75,0,0,0,22,47,0,0,0,0,0,0,0,0,0,0,0,0,0,0,0,0,0,0,0,0,0,0,47,108,355,0,33,0,0,0,0,0,0,0,0,0,0
0,112,0,94,560,467,0,19,0,22,84,67,280,72,557,132,0,39,481,0,0,470,0,134,0,37,82,355,0,0,0,206,0,194,0,305,0,491,0,0,0,14,0,52,0,83,1,162,0,37,0,190,0,0,0,0,0,0,0,0,0,0,0,0,0,35,0,0,0,0,0,0,0,0,0,0,0,0,0,0,0,0,0,0,0,0,0,0,0,0,0,0,0,0,0,0,0,0,0,0,0,0,0,0,0,2,0,0,0,0,0,0,0,0,0,0,0,0,0,0,0,0,0,0,0,0,0,102,0,0,0,0,0,0,0,0,0,0,0,0,0,0,0,139,0,22,0,18,0,23,0,0,0,0,0,0,1,0,0,0,0,0,0,0,0,12,0,127,0,28,0,0,1,56,0,0,60,256,24,25,0,0,0,21,0,0,0,29,0,0,0,0,0,0,0,0,0,0,0,0,0,0,0,0,0,0,0,0,0,0,0,3,0,0,0,0,0,0,122,61,178,0,0,4,0
14,0,90,3,134,0,0,0,0,0,113,0,40,24,210,27,334,0,233,0,0,60,154,0,43,0,228,20,65,0,155,0,79,0,143,0,85,0,20,0,0,0,48,0,52,1,32,0,0,0,207,0,0,0,0,0,0,0,8,0,0,0,121,0,0,0,0,0,0,0,153,0,12,0,84,0,0,0,0,0,0,0,0,0,529,0,0,0,0,0,168,0,0,0,0,0,554,0,360,0,0,0,0,0,0,0,0,0,0,0,0,0,0,0,0,0,0,0,0,0,197,0,186,0,0,0,0,0,0,0,0,0,0,0,0,0,0,0,38,0,118,0,715,0,0,0,0,0,0,0,0,0,0,0,17,0,0,0,0,0,0,0,0,0,62,0,277,0,178,0,14,0,135,0,0,0,0,0,34,0,0,0,0,0,0,0,0,9,0,0,0,0,0,0,0,0,0,0,0,0,0,0,0,0,0,0,0,0,0,0,165,125,438,32,99,0,0,0,2,0,0,0,0,0,0
0,34,0,22,302,217,0,0,0,2,51,43,117,64,415,262,0,151,248,470,60,0,0,303,0,50,33,239,0,59,0,64,0,32,0,56,0,12,0,6,0,0,5,13,0,113,0,4,0,61,0,64,0,17,0,30,0,0,0,3,0,0,0,115,0,0,0,0,0,0,0,0,0,0,0,0,0,0,0,0,0,0,0,0,0,96,0,15,0,0,0,0,0,0,0,0,0,0,0,0,0,0,0,0,0,0,0,0,0,0,0,0,0,0,0,0,0,0,0,0,0,25,0,3,0,0,0,0,0,0,0,0,0,0,0,0,0,525,0,165,0,320,0,676,0,36,0,0,0,0,0,0,1,0,0,0,0,0,0,0,0,0,0,6,0,5,0,37,0,55,0,0,0,51,0,0,8,58,4,33,0,0,0,0,0,0,1,13,0,0,0,0,0,0,0,0,0,0,0,0,0,0,0,0,0,0,0,0,0,0,0,0,0,0,139,0,0,0,355,197,201,0,0,0,0
27,133,484,68,91,179,17,0,3,0,33,97,0,2,217,114,148,23,174,0,154,0,0,63,169,6,110,0,36,2,71,0,29,5,12,0,8,0,43,7,0,0,0,0,0,0,16,0,0,0,0,0,12,0,100,0,16,0,0,0,0,0,20,1,9,0,0,0,0,0,31,0,0,0,0,0,0,0,0,0,0,0,0,0,137,0,0,0,0,0,0,0,0,0,0,0,0,0,76,0,0,0,0,0,0,0,0,0,0,0,0,0,0,0,0,0,0,0,0,0,0,0,0,0,65,0,0,0,0,0,0,0,106,0,307,0,448,0,0,0,34,0,439,0,4,0,0,0,32,0,76,0,91,0,48,0,6,0,0,0,0,0,0,0,0,0,11,0,17,0,0,0,37,0,15,0,71,43,1,8,0,0,17,0,18,0,0,0,0,0,0,0,0,0,0,0,0,0,0,0,0,0,0,0,0,0,0,0,119,0,109,13,85,11,19,0,0,0,0,0,0,0,0,0,0
114,74,104,202,40,79,66,13,0,5,13,94,2,0,47,359,21,113,0,134,0,303,63,0,88,89,0,64,0,152,0,80,0,88,0,10,0,8,0,59,0,3,0,0,0,21,0,0,0,22,0,5,0,12,0,69,0,33,0,0,0,16,6,115,0,4,0,0,0,0,0,0,0,0,0,0,0,0,0,0,0,0,0,0,0,41,0,4,0,0,0,0,0,0,0,0,0,0,0,0,0,0,0,0,0,0,0,0,0,0,0,0,0,0,0,0,0,0,0,0,0,7,0,1,0,0,0,0,0,155,0,38,0,0,0,308,0,559,0,52,0,38,0,255,0,0,0,0,0,0,0,0,0,0,0,14,0,0,0,0,0,0,0,0,0,0,0,8,0,0,0,0,0,18,0,0,10,30,0,56,0,0,8,0,0,0,0,2,0,0,0,0,0,0,0,0,0,0,0,0,0,0,0,0,0,0,0,0,0,0,2,0,0,0,34,0,0,0,194,71,69,0,0,0,0
99,381,373,68,0,9,419,62,44,51,0,29,0,0,33,28,166,82,47,0,43,0,169,88,0,164,50,0,51,1,9,0,0,0,7,0,1,0,81,0,0,0,0,0,0,0,0,0,0,0,0,0,59,19,180,16,50,0,0,0,0,8,27,61,0,0,0,1,0,0,0,0,0,0,4,0,0,0,0,0,0,0,0,0,0,0,0,0,0,0,0,0,0,0,0,0,0,0,0,0,0,0,0,0,0,0,0,0,0,0,0,0,0,0,0,0,0,0,0,0,0,0,0,0,77,0,61,0,0,0,27,0,160,0,275,0,422,0,0,0,13,0,276,0,1,0,19,0,0,0,0,0,32,0,32,0,3,0,0,1,15,0,0,0,1,0,0,0,0,0,0,0,58,0,0,0,51,19,0,2,0,0,36,1,0,0,0,0,0,0,0,0,0,0,0,0,0,0,0,0,0,0,0,0,0,0,0,0,131,0,73,7,88,0,67,0,0,0,2,0,0,3,0,0,0
92,83,38,113,0,8,163,240,159,28,0,8,0,0,0,96,17,74,0,37,0,50,6,89,164,0,0,0,0,31,0,0,0,0,0,3,0,0,2,65,0,0,0,0,0,0,0,0,0,0,0,0,29,58,60,365,0,96,0,26,0,150,35,363,0,11,0,0,0,0,0,0,0,0,0,0,0,0,0,0,0,0,0,0,0,23,0,0,0,0,0,0,0,0,0,12,0,0,0,0,0,0,0,0,0,0,0,0,0,0,0,0,0,0,0,0,0,0,0,0,0,0,0,0,0,0,0,292,0,139,0,113,0,76,0,186,0,373,0,42,0,9,0,51,0,2,0,0,0,29,0,0,0,0,0,18,0,3,0,21,0,0,0,5,0,9,0,0,0,20,0,18,6,91,0,0,37,69,0,0,0,0,0,10,0,0,0,0,0,0,0,0,0,0,0,0,0,0,0,0,0,0,0,0,0,0,0,0,0,334,0,0,0,0,141,0,0,0,300,67,200,101,0,0,0
34,0,0,0,236,0,11,0,0,0,51,0,230,136,79,0,0,0,159,82,228,33,110,0,50,0,0,206,0,0,63,0,23,0,72,0,41,0,0,0,10,104,128,0,230,92,39,306,18,24,129,0,0,0,0,0,0,0,0,0,0,0,18,0,0,0,0,0,0,0,74,0,0,0,50,0,0,0,0,0,0,0,0,0,0,0,0,0,0,0,0,0,0,0,0,0,0,0,0,0,0,0,0,0,0,0,0,0,0,0,0,0,0,0,0,0,0,0,0,0,0,0,0,0,0,0,0,0,0,0,0,0,0,0,0,0,0,0,0,0,0,0,0,0,0,0,0,0,0,0,0,0,0,0,0,0,0,0,0,0,0,0,0,0,73,0,0,0,0,0,0,0,0,0,0,0,67,27,87,0,0,0,27,0,0,0,44,6,0,0,0,0,0,0,0,0,0,0,0,0,0,0,0,0,0,0,0,0,0,0,0,119,218,0,0,0,0,2,0,0,0,0,0,0,0
1,57,0,33,293,317,0,0,0,0,0,89,518,183,65,71,0,25,601,355,20,239,0,64,0,0,206,0,0,0,0,18,0,0,0,41,0,34,0,8,0,48,0,183,41,257,0,129,0,8,0,304,0,0,0,0,0,0,0,0,0,0,0,0,0,0,0,0,0,0,0,0,0,0,0,0,0,0,0,0,0,0,0,0,0,0,0,7,0,0,0,0,0,0,0,0,0,0,0,0,0,0,0,4,0,0,0,0,0,0,0,0,0,0,0,0,0,0,0,0,0,0,0,0,0,0,0,0,0,0,0,0,0,0,0,0,0,0,0,0,0,0,0,0,0,0,0,0,0,0,0,0,0,0,0,0,0,0,0,0,0,0,0,0,0,65,0,11,0,56,0,0,0,0,0,0,47,219,0,24,0,0,0,8,0,0,15,30,0,0,0,0,0,0,0,0,0,0,0,0,0,0,0,0,0,0,0,0,0,0,0,0,0,0,38,0,0,0,0,242,414,0,0,2,3
34,0,357,2,0,0,20,0,0,0,9,0,0,0,21,0,194,0,0,0,65,0,36,0,51,0,0,0,0,0,64,0,25,0,22,0,34,0,6,0,0,0,12,0,0,0,8,0,0,0,0,0,10,0,0,0,0,0,0,0,4,0,73,0,0,0,0,0,0,0,31,0,0,0,12,0,0,0,0,0,0,0,0,0,108,0,0,0,0,0,0,0,7,0,0,0,0,0,0,0,0,0,0,0,0,0,0,0,0,0,0,0,0,0,0,0,0,0,0,0,0,0,46,0,0,0,0,0,0,0,0,0,0,0,0,0,129,0,132,0,143,0,334,0,41,0,0,0,0,0,0,0,0,0,23,0,9,0,13,0,0,0,0,0,0,0,0,0,0,0,0,0,0,0,0,0,0,0,0,0,0,0,6,0,0,0,0,0,0,0,0,0,0,0,0,0,0,0,0,0,0,0,0,0,0,0,0,0,0,0,13,8,9,0,0,0,0,0,0,0,0,0,0,0,0
0,0,0,56,0,94,0,0,0,0,0,30,0,0,0,119,0,162,0,0,0,59,2,152,1,31,0,0,0,0,0,18,0,25,0,40,0,0,0,8,0,0,0,0,0,5,0,0,0,2,0,0,0,45,0,43,0,0,0,0,0,9,0,229,0,0,0,0,0,0,0,0,0,0,0,0,0,0,0,0,0,20,0,0,0,26,0,0,0,0,0,0,0,0,0,0,0,0,0,0,0,0,0,0,0,0,0,0,0,0,0,0,0,0,0,0,0,0,0,0,0,0,0,0,0,0,0,0,0,228,0,0,0,0,0,218,0,499,0,211,0,213,0,477,0,0,0,0,0,0,0,0,0,0,0,26,0,3,0,0,0,0,0,0,0,0,0,1,0,0,0,0,0,0,0,0,0,4,0,17,0,0,0,0,0,0,0,0,0,0,0,0,0,0,0,0,0,0,0,0,0,0,0,0,0,0,0,0,0,0,0,0,0,0,0,0,0,0,39,10,15,0,0,0,0
17,0,238,0,377,0,0,0,0,0,117,0,22,0,345,14,91,0,43,0,155,0,71,0,9,0,63,0,64,0,0,0,17,0,73,0,19,0,0,0,0,0,41,0,46,0,7,0,0,0,29,0,0,0,0,0,0,0,0,0,0,0,34,0,0,0,0,0,0,0,21,0,0,0,0,0,0,0,0,0,0,0,0,0,0,0,0,0,0,0,0,0,0,0,0,0,78,0,54,0,0,0,0,0,0,0,0,0,0,0,0,0,0,0,0,0,0,0,0,0,0,0,0,0,0,0,0,0,0,0,0,0,0,0,0,0,0,0,0,0,0,0,181,0,26,0,0,0,0,0,0,0,0,0,6,0,0,0,0,0,0,0,0,0,0,0,6,0,0,0,0,0,13,0,0,0,10,0,24,0,0,0,0,0,0,0,0,0,0,0,0,0,0,0,0,0,0,0,0,0,0,0,0,0,0,0,0,0,0,0,0,0,41,0,0,0,0,0,0,0,0,0,0,0,0
0,10,0,20,0,138,0,2,0,4,0,25,0,0,11,157,0,34,0,206,0,64,0,80,0,0,0,18,0,18,0,0,1,3,0,36,0,14,0,30,0,0,0,8,0,4,0,0,0,0,0,16,0,13,0,0,0,0,0,0,0,10,0,49,0,0,0,0,0,0,0,0,0,0,0,0,0,0,0,0,0,0,0,0,0,0,0,0,0,0,0,0,0,0,0,5,0,0,0,0,0,0,0,0,0,0,0,0,0,0,0,0,0,0,0,0,0,0,0,0,0,0,0,0,0,0,0,0,0,0,0,0,0,0,0,0,0,110,0,73,0,153,0,229,0,0,0,0,0,0,0,0,0,0,0,0,0,11,0,9,0,0,0,2,0,0,0,56,0,0,0,10,0,39,0,0,0,0,0,17,0,0,0,0,0,0,0,1,0,0,0,0,0,0,0,0,0,0,0,0,0,0,0,0,0,0,0,0,0,0,0,0,0,0,0,0,0,0,0,42,87,0,0,2,0
56,0,372,0,627,0,0,0,0,0,296,0,0,0,279,0,46,0,18,0,79,0,29,0,0,0,23,0,25,0,17,1,0,0,53,0,123,0,2,0,0,0,34,0,44,0,9,0,0,0,29,0,2,0,0,0,0,0,0,0,16,0,10,0,0,0,0,0,0,0,15,0,0,0,0,0,0,0,0,0,0,0,0,0,49,0,0,0,0,0,15,0,0,0,0,0,36,0,0,0,0,0,0,0,0,0,0,0,0,0,0,0,0,0,0,0,0,0,0,0,0,0,18,0,0,0,0,0,0,0,0,0,0,0,0,0,0,0,0,0,0,0,94,0,27,0,0,0,0,0,0,0,0,0,5,0,11,0,0,0,3,0,0,0,0,0,20,0,6,0,0,0,13,0,0,0,0,0,49,0,0,0,10,0,0,0,0,0,0,0,0,0,0,0,0,0,0,0,0,0,0,0,0,0,0,0,0,0,0,0,0,0,50,2,6,0,0,0,0,0,0,0,0,0,0
0,47,0,51,0,420,0,0,0,0,0,111,0,0,7,261,0,33,0,194,0,32,5,88,0,0,0,0,0,25,0,3,0,0,0,64,0,271,0,11,1,0,0,12,0,11,0,0,0,4,0,18,0,10,0,10,0,0,0,0,0,22,0,25,0,0,0,0,0,0,0,0,0,0,0,0,0,0,0,0,0,0,0,0,0,13,0,0,0,0,0,0,0,0,0,0,0,0,0,0,0,0,0,0,0,0,0,0,0,0,0,0,0,0,0,0,0,0,0,0,0,0,0,0,0,0,0,0,0,0,0,0,0,0,0,0,0,0,0,85,0,126,0,166,0,37,0,0,0,0,0,0,0,0,0,0,0,27,0,14,0,0,0,0,0,0,0,68,0,9,0,5,0,25,0,0,0,28,0,120,0,0,0,0,0,0,0,0,0,0,0,0,0,0,0,0,0,0,0,0,0,0,0,0,0,0,0,0,0,0,0,0,0,0,0,0,0,0,64,57,95,0,0,1,0
0,0,0,0,313,0,0,0,0,0,81,0,118,0,194,0,35,0,152,0,143,0,12,0,7,0,72,0,22,0,73,0,53,0,0,0,128,0,3,0,0,0,35,0,51,0,14,0,0,0,34,0,0,0,0,0,0,0,0,0,1,0,12,0,0,0,0,0,0,0,26,0,0,0,0,0,0,0,0,0,0,0,0,0,0,0,0,0,0,0,0,0,0,0,0,0,0,0,0,0,0,0,0,0,0,0,0,0,0,0,0,0,0,0,0,0,0,0,0,0,23,0,35,0,0,0,0,0,0,0,0,0,0,0,0,0,0,0,0,0,0,0,140,0,43,0,0,0,0,0,0,0,0,0,0,0,0,0,0,0,0,0,0,0,8,0,16,0,0,0,0,0,9,0,0,0,0,0,119,0,0,0,0,0,0,0,0,0,0,0,0,0,0,0,0,0,0,0,0,0,0,0,0,0,0,0,0,0,0,0,24,11,45,0,0,0,0,0,0,0,0,0,0,0,0
0,0,0,0,0,151,0,0,0,0,4,15,0,103,34,20,0,0,40,305,0,56,0,10,0,3,0,41,0,40,0,36,0,64,0,0,0,249,0,56,0,0,0,18,0,25,0,0,0,0,0,25,0,0,0,0,0,0,0,0,0,26,0,8,0,0,0,0,0,0,0,0,0,0,0,0,0,0,0,0,0,0,0,0,0,0,0,0,0,0,0,0,0,0,0,0,0,0,0,0,0,0,0,0,0,0,0,0,0,0,0,0,0,0,0,0,0,0,0,0,0,0,0,0,0,0,0,0,0,0,0,0,0,0,0,0,0,0,0,56,0,92,0,55,0,0,0,0,0,0,0,0,0,0,0,0,0,8,0,0,0,0,0,0,0,10,0,45,0,56,0,9,0,37,0,0,0,0,0,6,0,0,0,0,0,0,0,35,0,0,0,0,0,0,0,0,0,0,0,0,0,0,0,0,0,0,0,0,0,0,0,0,0,0,15,0,0,0,89,87,228,0,0,0,0
73,0,118,0,398,0,4,0,0,0,205,0,86,0,169,0,0,0,61,0,85,0,8,0,1,0,41,0,34,0,19,0,123,0,128,0,0,0,36,0,0,0,41,0,114,0,12,0,4,0,97,0,5,0,0,0,0,0,0,0,64,0,30,0,0,0,0,0,0,0,110,0,10,0,68,0,0,0,0,0,0,0,0,0,135,0,0,0,0,0,0,0,0,0,0,0,177,0,168,0,0,0,0,0,0,0,0,0,0,0,0,0,0,0,0,0,0,0,0,0,103,0,99,0,0,0,0,0,0,0,0,0,0,0,0,0,0,0,179,0,145,0,329,0,161,0,0,0,0,0,0,0,0,0,15,0,52,0,17,0,13,0,24,0,11,0,23,0,46,0,37,0,53,0,0,0,10,0,111,0,0,0,10,0,0,0,5,1,0,0,0,0,0,0,0,0,0,0,0,0,0,0,0,0,0,0,0,0,0,0,0,12,51,0,0,0,1,0,0,0,0,0,0,0,0
1,94,0,63,0,393,1,0,0,0,0,180,0,94,0,69,0,8,11,491,0,12,0,8,0,0,0,34,0,0,0,14,0,271,0,249,0,0,0,15,0,0,0,29,0,35,0,0,0,9,0,79,0,10,0,0,0,0,0,1,0,48,0,33,0,0,0,0,0,0,0,0,0,0,0,0,0,0,0,0,0,0,0,0,0,0,0,0,0,0,0,0,0,0,0,0,0,0,0,1,0,0,0,0,0,0,0,0,0,0,0,0,0,0,0,0,0,0,0,0,0,0,0,0,0,0,0,0,0,0,0,0,0,0,0,0,0,0,0,135,0,207,0,95,0,73,0,0,0,0,0,0,0,0,0,13,0,48,0,0,0,0,0,0,0,12,0,43,0,73,0,10,0,100,0,0,5,69,0,72,0,0,0,0,1,0,0,21,0,0,0,0,0,0,0,0,0,0,0,0,0,0,0,0,0,0,0,0,0,0,0,0,0,0,17,0,0,0,67,180,106,0,3,0,0
543,0,985,0,122,0,185,0,32,0,29,0,0,0,0,0,275,0,0,0,20,0,43,0,81,2,0,0,6,0,0,0,2,0,3,0,36,0,0,0,0,0,0,0,8,0,0,0,0,0,3,0,10,0,0,0,0,0,0,0,34,0,90,0,0,0,0,0,0,0,8,0,0,0,6,0,0,0,0,0,9,0,0,0,0,0,0,0,0,0,0,0,0,0,0,0,0,0,0,0,0,0,0,0,0,0,0,0,0,0,0,0,0,0,0,0,0,0,0,0,0,0,0,0,0,0,0,0,0,0,0,0,0,0,0,0,32,0,92,0,65,0,137,0,39,0,0,0,0,0,0,0,0,0,20,0,81,0,17,0,0,0,0,0,0,0,34,0,0,0,4,0,75,0,0,0,17,1,8,0,0,0,50,0,0,0,0,0,0,0,0,0,0,0,0,0,0,0,0,0,0,0,0,0,0,0,0,0,0,0,114,66,23,0,19,0,0,0,0,0,0,0,0,0,0
0,150,0,296,0,129,0,0,0,0,0,127,0,0,0,117,0,195,0,0,0,6,7,59,0,65,0,8,0,8,0,30,0,11,0,56,0,15,0,0,0,0,0,0,0,0,0,0,0,0,0,22,0,26,0,16,0,0,0,0,0,12,0,85,0,0,0,0,0,0,0,0,0,0,0,0,0,0,0,0,0,0,0,0,0,12,0,0,0,0,0,0,0,0,0,0,0,0,0,0,0,0,0,0,0,0,0,0,0,0,0,0,0,0,0,0,0,0,0,0,0,0,0,0,0,0,0,0,0,0,0,0,0,0,0,0,0,0,0,109,0,80,0,59,0,38,0,0,0,0,0,0,0,0,0,29,0,60,0,0,0,0,0,3,0,0,0,0,0,0,0,0,0,11,0,0,0,0,0,31,0,0,0,0,0,0,0,0,0,0,0,0,0,0,0,0,0,0,0,0,0,0,0,0,0,0,0,0,0,0,0,0,0,0,0,0,0,0,0,79,6,0,0,0,0
0,0,0,0,25,0,0,0,0,0,15,0,272,24,14,0,0,0,7,0,0,0,0,0,0,0,10,0,0,0,0,0,0,1,0,0,0,0,0,0,0,52,40,0,29,58,118,142,82,33,25,0,0,0,0,0,0,0,0,0,0,0,0,0,0,0,0,0,0,0,0,0,0,0,0,0,0,0,0,0,0,0,0,0,0,0,0,0,0,0,0,0,0,0,0,0,0,0,0,0,0,0,0,0,0,0,0,0,0,0,0,0,0,0,0,0,0,0,0,0,0,0,0,0,0,0,0,0,0,0,0,0,2,0,0,0,0,0,0,0,0,0,0,0,0,0,0,0,0,0,0,0,0,0,0,0,0,0,0,0,0,0,0,0,26,0,0,0,4,0,0,0,0,0,0,0,45,41,53,0,0,0,0,0,0,0,214,0,0,0,0,0,0,0,0,0,0,0,0,0,0,0,0,0,0,0,0,0,0,0,0,91,39,0,0,0,0,5,0,0,0,0,0,0,0
0,37,0,0,31,145,0,0,0,4,0,172,128,243,0,0,0,0,108,14,0,0,0,3,0,0,104,48,0,0,0,0,0,0,0,0,0,0,0,0,52,0,0,78,32,130,40,128,0,186,0,28,0,0,0,0,0,0,0,0,0,0,0,0,0,0,0,0,0,1,0,0,0,0,0,0,0,0,0,0,0,0,0,0,0,0,0,2,0,0,0,0,0,0,0,9,0,0,0,0,0,0,0,0,0,0,0,0,0,0,0,0,0,0,0,0,0,0,0,0,0,0,0,0,0,0,0,0,0,0,0,0,0,0,0,0,0,4,0,0,0,0,0,0,0,0,0,0,0,0,0,0,0,0,0,0,0,0,0,0,0,0,0,0,0,15,0,0,0,0,0,0,0,0,0,0,8,357,0,55,0,38,0,27,0,6,24,30,0,0,0,0,0,0,0,0,0,0,0,0,0,0,0,0,0,0,0,0,0,0,0,0,0,0,0,0,0,0,0,109,38,0,0,0,10
1,0,0,0,68,0,0,0,0,0,0,0,209,0,0,0,0,0,216,0,48,5,0,0,0,0,128,0,12,0,41,0,34,0,35,0,41,0,0,0,40,0,0,0,212,0,99,0,25,0,52,0,3,0,0,0,0,0,0,0,2,0,0,0,0,0,0,0,0,0,0,0,0,0,0,0,0,0,0,0,0,0,0,0,0,0,0,0,0,0,0,0,0,0,0,0,0,0,0,0,0,0,0,0,0,0,0,0,0,0,0,0,0,0,0,0,0,0,0,0,0,0,0,0,0,0,0,0,0,0,0,0,0,0,0,0,0,0,0,0,0,0,0,0,0,0,0,0,0,0,0,0,0,0,0,0,0,0,0,0,0,0,0,0,52,0,7,0,0,0,4,0,0,0,0,0,0,0,82,0,0,0,4,0,0,0,42,0,0,0,0,0,0,0,0,0,2,0,0,0,0,0,0,0,0,0,0,0,0,0,0,39,89,7,0,0,0,1,0,0,0,0,0,0,0
0,0,0,0,0,0,0,0,0,0,0,0,0,170,0,0,0,0,19,52,0,13,0,0,0,0,0,183,0,0,0,8,0,12,0,18,0,29,0,0,0,78,0,0,0,119,0,24,0,6,0,43,0,0,0,0,0,0,0,0,0,0,0,0,0,0,0,0,0,0,0,0,0,0,0,0,0,0,0,0,0,0,0,0,0,0,0,0,0,0,0,0,0,0,0,0,0,0,0,0,0,0,0,0,0,0,0,0,0,0,0,0,0,0,0,0,0,0,0,0,0,0,0,0,0,0,0,0,0,0,0,0,0,0,0,0,0,0,0,43,0,52,0,0,0,0,0,0,0,0,0,0,0,0,0,2,0,2,0,0,0,0,0,0,0,24,0,0,0,28,0,0,0,0,0,0,0,0,0,0,0,0,0,0,0,0,0,72,0,0,0,0,0,0,0,0,0,0,0,0,0,0,0,0,0,0,0,0,0,0,0,0,0,0,7,0,0,0,23,69,159,0,0,0,0
0,0,0,0,59,0,0,0,0,0,0,0,252,24,0,0,27,0,92,0,52,0,0,0,0,0,230,41,0,0,46,0,44,0,51,0,114,0,8,0,29,32,212,0,0,43,102,102,219,39,135,0,0,0,0,0,1,0,0,0,0,0,20,0,0,0,1,0,0,0,48,0,0,0,0,0,0,0,0,0,0,0,8,0,0,0,0,0,0,0,0,0,23,0,0,0,0,0,0,0,0,0,6,0,0,0,0,0,0,0,0,0,0,0,0,0,1,0,0,0,0,0,60,0,0,0,0,0,0,0,0,0,0,0,0,0,0,0,0,0,0,0,0,0,89,0,0,0,0,0,0,0,0,0,0,0,0,0,0,0,0,0,10,0,167,0,0,0,19,0,12,0,22,0,0,0,106,13,159,0,0,0,25,0,10,0,113,0,3,0,0,0,5,0,0,0,0,0,0,0,0,0,0,0,0,0,0,0,0,0,15,146,207,0,8,0,0,77,0,2,0,0,0,0,0
0,20,0,12,25,39,0,0,0,0,0,30,146,91,0,19,0,0,115,83,1,113,0,21,0,0,92,257,0,5,0,4,0,11,0,25,0,35,0,0,58,130,0,119,43,0,82,414,5,91,0,97,0,0,0,3,0,0,0,0,0,8,0,0,0,0,0,0,0,4,0,0,0,0,0,6,0,23,0,0,0,0,0,45,0,22,0,0,0,0,0,0,0,51,0,125,0,0,0,0,0,0,0,7,0,0,0,0,0,0,0,0,0,0,0,0,0,0,0,0,0,0,0,0,0,0,0,0,0,0,0,0,0,0,0,0,0,0,0,0,0,233,0,283,0,52,0,0,0,0,0,1,0,0,0,0,0,39,0,0,0,0,0,0,0,177,0,25,0,141,0,20,0,34,0,0,0,80,0,21,0,0,0,0,0,0,33,57,0,0,0,0,0,0,0,0,0,0,0,0,0,0,0,0,0,0,0,0,0,0,0,0,0,0,16,0,0,0,42,285,276,21,8,0,71
0,0,0,0,0,0,0,0,0,0,0,1,401,12,13,0,18,0,19,1,32,0,16,0,0,0,39,0,8,0,7,0,9,0,14,0,12,0,0,0,118,40,99,0,102,82,0,132,89,56,50,0,0,0,0,0,0,0,0,0,0,0,0,0,0,0,0,0,0,0,0,0,0,0,0,0,0,0,0,0,0,0,0,0,0,0,0,0,0,0,0,0,5,0,0,0,0,0,0,0,0,0,0,0,0,0,0,0,0,0,0,0,0,0,0,0,0,0,0,0,0,0,0,0,0,0,0,0,0,0,0,0,0,0,0,0,0,0,0,0,0,0,0,0,0,0,0,0,0,0,0,0,0,0,2,0,0,0,0,0,0,0,0,0,42,0,0,0,0,0,0,0,0,0,0,0,17,17,47,0,0,0,0,0,0,0,240,1,0,0,0,0,0,0,0,0,0,0,0,0,0,0,0,0,0,0,0,0,0,0,0,145,53,2,0,0,0,31,0,3,0,0,0,0,0
0,50,0,0,63,196,0,0,0,0,0,76,456,171,0,0,0,0,341,162,0,4,0,0,0,0,306,129,0,0,0,0,0,0,0,0,0,0,0,0,142,128,0,24,102,414,132,0,13,66,0,40,0,0,0,4,0,3,0,0,0,0,0,0,0,0,0,0,0,0,0,0,0,0,0,0,0,0,0,0,0,0,0,0,0,0,0,0,0,0,0,0,0,0,0,0,0,0,0,0,0,0,0,0,0,0,0,0,0,0,0,0,0,0,0,0,0,0,0,0,0,0,0,0,0,0,0,0,0,0,0,5,0,0,0,0,0,0,0,0,0,0,0,0,0,0,0,0,0,0,0,0,0,0,0,0,0,0,0,0,0,0,0,0,0,27,0,0,0,0,0,0,0,0,0,0,0,274,0,8,0,0,0,0,0,0,66,19,0,0,0,0,0,0,0,0,0,0,0,0,0,0,0,0,0,0,0,0,0,0,0,0,0,0,0,0,0,0,3,216,107,0,0,0,0
6,0,11,0,0,0,27,0,0,0,3,0,82,0,4,0,0,0,10,0,0,0,0,0,0,0,18,0,0,0,0,0,0,0,0,0,4,0,0,0,82,0,25,0,219,5,89,13,0,16,11,0,0,0,1,0,4,0,0,0,2,0,0,0,0,0,0,0,20,0,0,0,0,0,0,0,1,0,0,0,0,0,7,0,0,0,0,0,0,0,0,0,24,0,33,0,2,0,0,0,0,0,6,0,3,0,1,0,0,0,0,0,0,0,0,0,0,0,0,0,0,0,0,0,0,0,0,0,0,0,0,0,0,0,3,0,0,0,2,0,0,0,3,0,2,0,0,0,0,0,0,0,0,0,0,0,1,0,0,0,2,0,2,0,53,0,1,0,9,0,4,0,8,0,0,0,283,3,115,0,0,0,0,0,0,0,187,0,0,0,0,0,2,0,1,0,2,0,0,0,2,0,0,0,4,0,0,0,0,0,20,76,87,8,67,7,2,36,1,2,0,1,0,0,0
0,8,0,0,0,0,0,0,0,2,0,42,0,70,0,22,0,0,0,37,0,61,0,22,0,0,24,8,0,2,0,0,0,4,0,0,0,9,0,0,33,186,0,6,39,91,56,66,16,0,0,3,0,0,0,5,0,0,0,5,0,0,0,24,0,0,0,0,0,15,0,0,0,0,0,0,0,17,0,0,0,32,0,52,0,23,0,7,0,0,0,0,0,88,0,93,0,0,0,11,0,0,0,7,0,0,0,0,0,0,0,0,0,0,0,0,0,0,0,0,0,0,0,0,0,0,0,0,0,0,0,1,0,0,0,0,0,0,0,0,0,116,0,252,0,25,0,0,0,0,0,0,0,0,0,3,0,0,0,0,0,4,0,0,1,67,0,18,0,21,0,9,0,14,0,0,0,241,0,31,0,0,0,0,0,0,28,68,0,0,0,0,0,0,0,0,0,0,0,0,0,0,0,0,0,12,0,0,0,0,0,0,0,0,12,0,0,0,33,53,73,0,2,0,35
3,0,0,0,242,0,2,0,0,0,31,0,271,0,46,0,0,0,414,0,207,0,0,0,0,0,129,0,0,0,29,0,29,0,34,0,97,0,3,0,25,0,52,0,135,0,50,0,11,0,0,0,0,0,0,0,0,0,12,0,0,0,5,0,0,0,0,0,0,0,57,0,0,0,0,0,2,0,0,0,0,0,13,0,0,0,0,0,0,0,0,0,0,0,35,0,90,0,0,0,13,0,3,0,0,0,0,0,0,0,0,0,0,0,0,0,0,0,0,0,52,0,0,0,0,0,0,0,0,0,0,0,0,0,0,0,0,0,0,0,0,0,112,0,23,0,0,0,0,0,0,0,0,0,0,0,0,0,0,0,0,0,22,0,71,0,26,0,120,0,35,0,35,0,0,0,0,0,187,0,0,0,0,0,0,0,31,0,0,0,0,0,0,0,0,0,0,0,0,0,0,0,0,0,0,0,0,0,0,0,103,47,148,19,60,3,1,0,0,0,0,0,0,0,0
0,0,0,0,0,80,0,0,0,0,0,0,0,318,0,0,0,0,0,190,0,64,0,5,0,0,0,304,0,0,0,16,0,18,0,25,0,79,0,22,0,28,0,43,0,97,0,40,0,3,0,0,0,0,0,0,0,0,0,0,0,16,0,10,0,0,0,0,0,0,0,5,0,0,0,0,0,0,0,0,0,0,0,0,0,0,0,0,0,0,0,0,0,0,0,0,0,0,0,0,0,0,0,0,0,0,0,0,0,0,0,0,0,0,0,0,0,0,0,0,0,0,0,0,0,0,0,0,0,0,0,0,0,0,0,0,0,0,0,75,0,141,0,158,0,0,0,0,0,0,0,0,0,0,0,0,0,22,0,0,0,0,0,7,0,30,0,26,0,126,0,10,0,71,0,0,3,0,0,0,0,0,0,0,0,0,0,75,0,0,0,0,0,0,0,0,0,0,0,0,0,0,0,0,0,0,0,0,0,0,0,0,0,0,26,0,0,0,0,25,124,0,0,0,0
8,11,3,1,3,0,145,46,404,140,0,0,0,0,0,0,56,4,0,0,0,0,12,0,59,29,0,0,10,0,0,0,2,0,0,0,5,0,10,0,0,0,3,0,0,0,0,0,0,0,0,0,0,14,263,76,243,0,67,25,51,0,200,4,0,0,0,13,0,0,0,0,0,0,0,0,0,0,0,0,0,0,0,0,24,0,0,0,0,0,0,0,0,0,0,0,0,0,0,0,0,0,0,0,0,0,0,0,0,0,0,0,0,0,0,0,0,0,0,0,0,0,0,0,0,0,14,0,107,0,12,0,124,0,29,0,245,0,141,0,67,0,188,0,0,0,0,0,0,0,0,0,0,0,209,2,107,0,125,0,14,0,10,0,0,0,0,0,0,0,81,0,7,0,0,0,52,7,0,0,0,0,5,0,11,0,0,0,0,0,0,0,0,0,0,0,0,0,0,0,12,0,0,0,0,0,0,0,0,0,147,62,125,179,192,0,21,0,0,0,3,0,0,0,0
0,84,0,7,0,0,24,238,70,329,0,9,0,0,0,0,0,87,0,0,0,17,0,12,19,58,0,0,0,45,0,13,0,10,0,0,0,10,0,26,0,0,0,0,0,0,0,0,0,0,0,0,14,0,43,54,0,112,23,16,1,51,0,71,0,0,13,0,0,0,0,0,0,0,0,0,0,0,0,0,0,0,0,0,0,0,0,0,0,0,0,0,0,0,0,0,0,0,0,0,0,0,0,0,0,0,0,0,0,0,0,0,0,0,0,0,0,0,0,0,0,0,0,0,0,11,0,32,0,207,0,10,0,47,0,47,0,228,0,221,0,49,0,38,0,35,0,0,0,0,0,0,0,0,0,204,1,89,0,125,0,0,0,0,0,2,0,0,0,1,0,19,0,8,0,0,7,90,0,0,0,0,0,58,1,0,0,0,0,0,0,0,0,0,0,0,0,0,0,0,0,0,0,0,0,0,0,0,0,18,0,0,0,0,72,0,0,0,108,465,57,102,2,11,0
3,37,45,0,0,0,247,85,101,300,4,0,0,0,0,0,28,8,0,0,0,0,100,0,180,60,0,0,0,0,0,0,0,0,0,0,0,0,0,0,0,0,0,0,0,0,0,0,1,0,0,0,263,43,0,116,83,4,264,19,34,0,45,13,0,0,0,28,1,0,0,0,0,0,0,0,0,0,0,0,0,1,0,0,0,0,0,0,0,0,0,0,0,0,0,0,0,0,0,0,0,0,0,0,0,0,0,0,0,0,0,0,0,0,0,0,0,0,0,0,0,0,0,0,112,0,128,0,50,0,98,0,50,0,144,0,118,0,0,0,0,0,55,0,0,0,29,0,18,0,0,0,0,0,66,0,20,0,5,0,42,0,12,0,0,0,0,0,12,1,220,0,13,0,0,0,36,12,0,0,0,0,1,0,0,0,0,0,0,0,0,0,0,0,0,0,0,0,0,0,0,0,0,0,0,0,0,0,115,0,232,37,246,408,393,0,100,0,0,0,0,0,0,0,0
0,58,0,56,0,8,32,551,224,214,0,7,0,0,0,72,0,128,0,0,0,30,0,69,16,365,0,0,0,43,0,0,0,10,0,0,0,0,0,16,0,0,0,0,0,3,0,4,0,5,0,0,76,54,116,0,0,196,118,41,7,15,10,107,0,4,116,0,0,0,0,0,0,0,0,0,0,0,0,0,0,0,0,0,0,0,0,0,0,0,0,0,0,0,0,0,0,0,0,0,0,0,0,0,0,0,0,0,0,0,0,0,0,0,0,0,0,0,0,0,0,0,0,0,0,47,0,86,0,86,0,88,0,43,0,0,0,39,0,49,0,8,0,0,0,5,0,9,0,12,0,0,0,0,0,107,0,39,0,53,0,27,0,5,0,4,0,0,0,15,0,207,1,41,0,0,28,52,0,0,0,0,0,13,7,2,0,0,0,0,0,0,0,0,0,0,0,0,0,0,0,0,0,0,0,0,0,4,0,82,1,0,0,0,186,0,0,0,270,162,282,309,0,21,0
0,0,0,0,0,0,7,0,11,7,0,0,0,0,0,0,24,0,0,0,0,0,16,0,50,0,0,0,0,0,0,0,0,0,0,0,0,0,0,0,0,0,0,0,1,0,0,0,4,0,0,0,243,0,83,0,0,3,414,23,0,0,30,0,68,9,22,34,0,0,0,0,0,0,0,0,0,0,0,0,0,0,0,0,0,0,0,0,0,0,0,0,0,0,0,0,0,0,0,0,0,0,0,0,0,0,0,0,0,0,0,0,0,0,0,0,0,0,0,0,0,0,0,0,33,0,25,0,24,0,77,0,16,0,0,0,28,0,7,0,0,0,0,0,0,0,0,0,3,0,0,0,0,0,209,0,55,0,86,0,95,14,88,0,9,0,3,0,11,0,105,0,5,0,1,1,0,0,0,0,0,1,0,0,11,6,0,0,0,0,0,0,0,0,0,0,0,0,0,0,0,0,0,0,0,0,0,0,14,0,369,54,591,418,683,11,0,0,0,0,0,0,0,0,0
0,0,0,12,0,10,0,28,0,30,0,4,0,0,0,0,0,123,0,0,0,0,0,33,0,96,0,0,0,0,0,0,0,0,0,0,0,0,0,0,0,0,0,0,0,0,0,3,0,0,0,0,0,112,4,196,3,0,0,370,0,0,0,0,2,0,41,15,0,0,0,0,0,0,0,0,0,0,0,0,0,0,0,0,0,0,0,0,0,0,0,0,0,0,0,0,0,0,0,0,0,0,0,0,0,0,0,0,0,0,0,0,0,0,0,0,0,0,0,0,0,1,0,0,0,60,0,41,0,81,0,116,0,19,0,0,0,0,0,31,0,0,0,0,0,9,0,0,0,12,0,0,0,0,0,319,0,0,0,130,2,80,0,57,0,9,0,0,0,22,0,320,0,22,0,0,0,3,0,0,0,0,0,0,5,1,0,0,0,0,0,0,0,0,0,0,0,1,0,0,0,0,0,0,0,0,0,0,0,30,0,0,0,0,487,0,0,0,500,83,685,631,13,53,0
4,0,16,0,0,0,2,0,32,154,0,0,0,0,0,0,0,0,0,0,8,0,0,0,0,0,0,0,0,0,0,0,0,0,0,0,0,0,0,0,0,0,0,0,0,0,0,0,0,0,12,0,67,23,264,118,414,0,0,226,0,1,4,0,0,14,136,271,0,0,0,0,0,0,0,0,0,0,0,0,0,0,0,0,0,0,0,0,0,0,0,0,0,0,0,0,0,0,0,0,0,0,0,0,0,0,0,0,0,0,0,0,0,0,0,0,0,0,0,0,0,0,0,0,8,0,20,0,0,0,8,0,0,0,6,0,0,0,0,0,0,0,0,0,0,2,0,0,0,0,1,0,0,0,137,6,153,0,7,2,21,10,0,0,1,0,11,0,4,0,94,0,15,0,0,0,44,7,0,0,7,1,2,0,75,34,0,0,0,0,0,0,0,0,0,0,0,0,0,0,0,0,0,0,0,0,0,0,19,0,807,263,430,672,878,0,129,0,2,0,0,0,0,0,0
0,0,0,12,0,0,0,11,29,36,0,0,0,0,1,0,0,0,0,0,0,3,0,0,0,26,0,0,0,0,0,0,0,0,0,0,0,1,0,0,0,0,0,0,0,0,0,0,0,5,0,0,25,16,19,41,23,370,226,0,0,0,0,3,40,65,308,235,0,4,0,0,0,0,0,3,0,0,0,0,0,0,0,0,0,0,0,0,0,0,0,0,0,0,0,0,0,0,0,0,0,0,0,0,0,0,0,0,0,0,0,0,0,0,0,0,0,0,0,0,0,0,0,0,0,25,0,32,0,12,1,75,0,0,0,0,0,4,1,3,0,3,0,5,0,33,0,6,0,14,0,0,0,0,11,74,0,34,0,41,12,93,0,17,0,12,0,0,0,8,0,139,0,12,0,6,14,6,0,0,2,5,0,0,41,115,0,0,0,0,0,0,0,0,0,0,0,0,0,0,0,0,0,0,0,0,0,0,0,18,0,0,0,0,685,0,0,0,1019,297,548,753,28,73,0
92,0,92,2,0,0,452,0,283,0,0,0,0,0,0,0,8,0,0,0,0,0,0,0,0,0,0,0,4,0,0,0,16,0,1,0,64,0,34,0,0,0,2,0,0,0,0,0,2,0,0,0,51,1,34,7,0,0,0,0,0,0,42,1,0,0,0,0,0,0,0,0,0,0,0,0,0,0,0,0,0,0,0,0,0,0,0,0,0,0,0,0,0,0,0,0,0,0,0,0,0,0,0,0,0,0,0,0,0,0,0,0,0,0,0,0,0,0,0,0,0,0,0,0,0,0,0,0,0,0,0,0,0,0,0,0,0,0,194,0,114,0,95,0,138,0,0,0,0,0,0,0,0,0,51,0,120,0,9,0,0,0,5,0,0,0,0,0,5,0,84,0,82,0,0,0,23,0,0,0,0,0,0,0,0,0,0,0,0,0,0,0,0,0,0,0,0,0,0,0,0,0,0,0,0,0,0,0,0,0,48,123,96,106,57,0,24,0,1,0,0,0,0,0,0
0,473,0,159,0,50,0,235,0,102,0,78,0,0,0,25,0,147,0,0,0,0,0,16,8,150,0,0,0,9,0,10,0,22,0,26,0,48,0,12,0,0,0,0,0,8,0,0,0,0,0,16,0,51,0,15,0,0,1,0,0,0,0,28,0,0,0,0,0,0,0,0,0,0,0,0,0,0,0,0,0,0,0,0,0,0,0,0,0,0,0,0,0,0,0,0,0,0,0,0,0,0,0,0,0,0,0,0,0,0,0,0,0,0,0,0,0,0,0,0,0,0,0,0,0,0,0,0,0,0,0,0,0,0,0,0,0,0,0,60,0,39,0,0,0,124,0,0,0,0,0,0,0,0,0,48,0,185,0,25,0,0,0,2,0,0,0,3,0,2,0,17,0,85,0,0,0,82,0,12,0,0,0,47,0,0,0,0,0,0,0,0,0,0,0,0,0,0,0,0,0,0,0,0,0,0,0,1,0,0,0,0,0,0,69,0,0,0,98,553,133,79,0,6,0
86,46,66,7,0,0,397,17,407,14,0,0,0,0,0,0,197,11,0,0,121,0,20,6,27,35,18,0,73,0,34,0,10,0,12,0,30,0,90,0,0,0,0,0,20,0,0,0,0,0,5,0,200,0,45,10,30,0,4,0,42,0,0,7,0,0,0,0,0,0,23,0,0,0,11,0,0,0,0,0,0,0,0,0,118,0,0,0,0,0,0,0,0,0,0,0,0,0,0,0,0,0,0,0,0,0,0,0,0,0,0,0,0,0,0,0,0,0,0,0,0,0,59,0,0,0,0,0,0,0,0,0,0,0,53,0,412,0,309,0,270,0,581,0,55,0,0,0,0,0,0,0,0,0,187,0,94,0,97,0,6,0,1,0,3,0,0,0,0,0,10,0,23,0,0,0,52,3,0,0,0,0,14,0,0,0,0,0,0,0,0,0,0,0,0,0,0,0,0,0,0,0,0,0,0,0,0,0,0,0,55,41,45,62,47,0,0,0,2,0,2,0,0,0,0
0,442,0,118,0,0,51,277,54,104,0,36,0,0,0,11,2,569,0,0,0,115,1,115,61,363,0,0,0,229,0,49,0,25,0,8,0,33,0,85,0,0,0,0,0,0,0,0,0,24,0,10,4,71,13,107,0,0,0,3,1,28,7,0,0,0,0,0,0,0,0,0,0,0,0,0,0,0,0,0,0,0,0,0,0,0,0,0,0,0,0,0,0,0,0,0,0,0,0,0,0,0,0,0,0,0,0,0,0,0,0,0,0,0,0,0,0,0,0,0,0,2,0,0,0,0,0,0,0,103,0,0,0,0,0,0,0,132,0,85,0,25,0,59,0,19,0,0,0,0,0,0,0,0,0,49,0,36,0,32,0,0,0,0,0,0,0,0,0,0,0,3,2,0,0,0,8,83,0,0,0,0,0,48,0,0,0,0,0,0,0,0,0,0,0,0,0,0,0,0,0,0,0,0,0,0,0,0,0,0,0,0,0,0,15,0,0,0,18,276,12,0,0,0,0
76,0,22,0,23,0,16,0,94,0,0,0,0,0,26,0,0,0,0,0,0,0,9,0,0,0,0,0,0,0,0,0,0,0,0,0,0,0,0,0,0,0,0,0,0,0,0,0,0,0,0,0,0,0,0,0,68,2,0,40,0,0,0,0,0,21,131,22,0,0,0,0,0,0,0,0,0,0,0,0,0,0,0,0,0,0,0,0,0,0,0,0,0,0,0,0,0,0,0,0,0,0,0,0,0,0,0,0,0,0,0,0,0,0,0,0,0,0,0,0,0,0,0,0,29,0,42,0,0,0,44,13,0,0,17,0,0,0,0,3,0,1,0,0,0,0,42,0,90,0,45,0,10,0,10,0,25,0,0,0,247,51,0,0,0,0,0,0,0,0,0,0,0,0,9,2,6,0,1,0,48,12,0,0,229,7,2,0,0,0,0,0,0,0,0,0,0,0,0,0,0,0,0,0,0,0,0,0,19,0,43,3,0,0,0,0,0,0,0,0,0,0,0,0,0
0,105,0,19,0,19,0,21,0,235,1,0,0,0,0,10,0,0,0,35,0,0,0,4,0,11,0,0,0,0,0,0,0,0,0,0,0,0,0,0,0,0,0,0,0,0,0,0,0,0,0,0,0,0,0,4,9,0,14,65,0,0,0,0,21,0,20,348,0,0,0,5,0,0,0,0,0,0,0,0,0,0,0,0,0,0,0,0,0,0,0,0,0,0,0,0,0,0,0,0,0,0,0,0,0,0,0,0,0,0,0,0,0,0,0,0,0,0,0,0,0,0,0,0,0,48,0,71,6,0,94,120,0,0,0,0,0,6,18,5,0,0,0,0,9,21,0,41,0,206,0,51,0,16,3,1,0,0,0,0,73,382,1,0,0,0,0,0,0,0,0,0,0,0,0,15,0,2,0,0,30,149,0,0,23,101,0,0,0,0,0,0,0,0,0,0,0,0,0,0,0,0,0,0,0,0,0,0,2,44,0,0,0,0,40,0,0,0,63,0,43,0,0,0,0
21,0,0,0,12,0,8,0,127,128,2,0,0,0,0,0,0,0,0,0,0,0,0,0,0,0,0,0,0,0,0,0,0,0,0,0,0,0,0,0,0,0,0,0,1,0,0,0,0,0,0,0,0,13,0,116,22,41,136,308,0,0,0,0,131,20,0,196,0,0,0,0,0,0,0,0,0,0,0,0,0,0,0,0,0,0,0,0,0,0,0,0,0,0,0,0,0,0,0,0,0,0,0,0,0,0,0,0,0,0,0,0,0,0,0,0,0,0,0,0,0,0,0,0,9,0,0,0,0,0,34,0,0,0,0,0,0,0,0,0,0,0,0,0,0,0,3,0,52,0,0,0,0,0,33,0,42,0,0,2,23,0,0,0,0,0,0,0,1,0,14,0,3,0,0,0,169,12,0,0,0,0,5,0,333,39,0,0,0,0,0,0,0,0,0,0,0,0,0,0,0,0,0,0,0,0,0,0,0,0,120,55,30,0,101,0,0,0,0,0,0,0,0,0,0
0,52,0,0,0,0,0,10,27,150,0,2,0,0,0,1,0,0,0,0,0,0,0,0,1,0,0,0,0,0,0,0,0,0,0,0,0,0,0,0,0,0,0,0,0,0,0,0,0,0,0,0,13,0,28,0,34,15,271,235,0,0,0,0,22,348,196,0,0,0,0,1,0,0,0,0,0,0,0,0,0,2,0,0,0,4,0,0,0,0,0,0,0,0,0,0,0,0,0,0,0,0,0,0,0,0,0,0,0,0,0,0,0,0,0,0,0,0,0,0,0,0,0,1,0,22,0,0,0,0,0,72,0,0,0,4,0,0,0,2,0,0,0,0,0,10,0,0,0,34,0,2,0,0,9,21,2,16,0,0,8,187,0,4,0,0,0,1,0,0,0,21,0,0,0,10,19,24,0,0,1,6,0,0,32,378,0,1,0,0,0,0,0,0,0,0,0,0,0,0,0,0,0,0,0,0,0,0,0,0,0,0,0,0,74,0,0,0,171,124,69,0,0,5,0
0,0,0,0,0,0,0,0,0,0,0,0,0,0,0,0,0,0,0,0,0,0,0,0,0,0,0,0,0,0,0,0,0,0,0,0,0,0,0,0,0,0,0,0,0,0,0,0,20,0,0,0,0,0,1,0,0,0,0,0,0,0,0,0,0,0,0,0,0,0,0,0,15,0,0,0,120,0,19,0,0,0,25,0,12,0,9,0,6,0,12,0,28,0,31,0,16,0,0,0,0,0,112,0,0,0,26,0,15,0,0,0,0,0,1,0,8,0,0,0,0,0,8,0,0,0,0,0,0,0,0,0,0,0,16,0,1,1,0,0,0,0,0,0,0,0,0,0,0,0,0,0,0,0,0,0,0,0,0,0,0,0,0,0,58,0,0,0,206,0,3,0,0,0,0,0,0,0,0,0,0,0,0,0,0,0,1,0,0,0,7,0,55,0,13,0,0,0,0,0,52,0,0,0,46,0,0,0,0,0,26,20,158,0,5,32,62,0,0,0,0,0,0,0,0
0,0,0,0,0,0,0,0,0,0,0,0,0,0,0,0,0,0,0,0,0,0,0,0,0,0,0,0,0,0,0,0,0,0,0,0,0,0,0,0,0,1,0,0,0,4,0,0,0,15,0,0,0,0,0,0,0,0,0,4,0,0,0,0,0,0,0,0,0,0,0,0,0,6,0,0,0,76,0,0,0,4,0,8,0,0,0,18,0,0,0,0,0,9,0,6,0,0,0,1,0,0,0,6,0,6,0,3,0,0,0,0,0,1,0,0,0,4,0,0,0,2,0,0,0,0,0,0,0,1,0,1,0,0,0,3,0,0,0,0,0,0,0,4,0,0,0,0,0,0,0,0,0,0,0,0,0,1,0,0,0,1,0,0,0,23,0,0,0,19,0,0,0,0,0,0,0,0,0,0,1,0,0,0,0,0,0,2,0,9,0,0,0,0,0,0,0,0,0,0,0,5,0,0,0,0,0,0,0,0,0,0,0,0,0,0,0,0,9,4,31,1,10,11,1
0,0,0,0,0,0,1,0,0,0,0,0,0,0,0,0,29,0,0,0,153,0,31,0,0,0,74,0,31,0,21,0,15,0,26,0,110,0,8,0,0,0,0,0,48,0,0,0,0,0,57,0,0,0,0,0,0,0,0,0,0,0,23,0,0,0,0,0,0,0,0,0,297,0,489,0,14,0,452,0,27,0,9,0,0,0,90,0,0,0,0,0,0,0,0,0,0,0,0,0,0,0,0,0,0,0,0,0,0,0,0,0,0,0,0,0,0,0,0,0,15,0,7,0,22,0,0,0,3,0,0,7,0,0,0,0,43,5,3,0,121,2,60,0,82,0,0,0,19,1,14,0,24,0,0,0,10,0,0,0,2,0,73,0,0,0,35,0,20,0,55,0,76,0,49,0,0,0,0,0,4,4,0,0,4,0,0,0,0,0,0,0,0,0,0,0,0,0,0,0,2,0,0,0,0,0,0,0,0,0,7,0,8,0,0,0,0,0,0,0,0,0,0,0,0
0,0,0,0,0,0,0,0,0,0,0,0,0,0,0,0,0,0,0,0,0,0,0,0,0,0,0,0,0,0,0,0,0,0,0,0,0,0,0,0,0,0,0,0,0,0,0,0,0,0,0,5,0,0,0,0,0,0,0,0,0,0,0,0,0,5,0,1,0,0,0,0,0,153,0,431,0,30,0,7,0,0,0,5,0,0,0,129,0,0,0,0,0,0,0,0,0,0,0,0,0,0,0,0,0,0,0,0,0,0,0,0,0,0,0,0,0,0,0,0,0,11,0,25,0,99,0,0,0,178,3,64,0,130,0,79,0,79,0,34,0,83,0,50,0,130,0,0,0,25,0,0,0,0,0,0,0,0,0,6,0,0,0,36,0,0,0,0,0,0,0,4,0,6,0,13,0,0,0,0,4,0,0,0,0,4,0,0,0,0,0,0,0,0,0,0,0,0,0,0,0,4,0,0,0,0,0,0,0,0,0,0,0,0,0,0,0,0,32,0,0,0,0,0,0
0,0,0,0,0,0,0,0,4,0,0,0,0,0,0,0,0,0,0,0,12,0,0,0,0,0,0,0,0,0,0,0,0,0,0,0,10,0,0,0,0,0,0,0,0,0,0,0,0,0,0,0,0,0,0,0,0,0,0,0,0,0,0,0,0,0,0,0,15,0,297,0,0,0,243,0,112,0,491,0,0,0,63,0,39,0,6,0,0,0,0,0,25,0,3,0,0,1,0,0,0,0,0,0,0,0,0,0,0,0,0,0,0,0,0,0,0,0,0,0,38,0,14,0,0,0,32,0,12,0,0,0,67,0,75,0,96,0,14,0,88,0,157,0,113,0,0,0,2,0,33,4,10,0,0,0,1,0,0,0,0,0,36,0,0,0,12,0,20,0,16,0,0,0,4,0,0,0,0,0,0,0,0,0,0,0,0,0,0,0,0,0,0,0,0,0,0,0,0,0,0,0,0,0,15,0,0,0,0,0,267,9,23,0,30,0,2,0,0,0,0,0,0,0,0
0,0,0,0,0,0,0,0,0,0,0,0,0,0,0,0,0,0,0,0,0,0,0,0,0,0,0,0,0,0,0,0,0,0,0,0,0,0,0,0,0,0,0,0,0,0,0,0,0,0,0,0,0,0,0,0,0,0,0,0,0,0,0,0,0,0,0,0,0,6,0,153,0,0,0,367,0,225,0,28,0,16,0,118,0,0,0,223,0,0,0,0,0,4,0,13,0,10,0,7,0,0,0,6,0,0,0,0,0,0,0,0,0,0,0,0,0,2,0,1,0,23,0,45,0,40,0,0,0,44,0,18,0,29,0,139,0,0,0,11,0,30,0,43,0,22,2,0,0,0,0,23,0,0,0,0,0,0,0,3,0,0,0,40,0,0,0,0,0,38,0,0,0,0,0,2,0,0,0,0,0,0,0,0,0,0,0,0,0,72,0,0,0,0,0,0,0,0,0,0,0,0,0,131,0,0,0,0,0,0,0,0,0,0,0,0,0,0,54,0,17,0,0,1,0
0,0,0,0,0,0,0,0,0,0,0,0,0,0,0,0,21,0,0,0,84,0,0,0,4,0,50,0,12,0,0,0,0,0,0,0,68,0,6,0,0,0,0,0,0,0,0,0,0,0,0,0,0,0,0,0,0,0,0,0,0,0,11,0,0,0,0,0,0,0,489,0,243,0,0,0,13,0,264,0,19,0,0,0,21,0,62,0,1,0,3,0,2,0,0,0,0,0,13,0,0,0,0,0,0,0,0,0,0,0,0,0,0,0,0,0,0,0,0,0,89,0,33,0,37,13,22,0,0,0,6,8,28,0,106,5,90,0,0,0,147,0,278,0,72,0,22,0,35,13,38,0,29,0,0,0,6,0,0,0,1,0,58,0,0,0,0,0,4,0,17,0,0,0,43,0,0,0,0,0,0,5,0,0,0,0,0,0,0,0,0,0,0,0,0,0,0,0,0,0,0,0,29,0,0,0,0,0,96,0,16,0,14,2,0,0,0,0,0,0,0,0,0,0,0
0,0,0,0,0,0,0,0,0,0,0,0,0,0,0,0,0,0,0,0,0,0,0,0,0,0,0,0,0,0,0,0,0,0,0,0,0,0,0,0,0,0,0,0,0,6,0,0,0,0,0,0,0,0,0,0,0,0,0,3,0,0,0,0,0,0,0,0,0,0,0,431,0,367,0,0,0,15,0,212,0,0,0,0,0,0,0,100,0,0,0,0,0,0,0,3,0,0,0,17,0,0,0,0,0,0,0,0,0,0,0,0,0,0,0,0,0,0,0,0,0,126,0,71,0,108,2,116,0,98,0,61,0,163,0,258,0,158,0,30,0,80,0,115,0,156,3,0,0,50,0,0,0,25,0,0,0,0,0,0,0,0,0,86,0,0,0,4,0,2,0,14,0,0,0,28,0,0,0,0,0,41,0,0,0,0,0,0,0,0,0,0,0,0,0,0,0,0,0,0,0,20,0,74,0,0,0,0,0,0,0,0,0,0,0,0,0,0,90,0,0,0,0,0,0
0,0,0,0,0,0,0,0,0,0,0,0,0,0,0,0,0,0,0,0,0,0,0,0,0,0,0,0,0,0,0,0,0,0,0,0,0,0,0,0,0,0,0,0,0,0,0,0,1,0,2,0,0,0,0,0,0,0,0,0,0,0,0,0,0,0,0,0,120,0,14,0,112,0,13,0,0,0,156,0,9,0,78,0,31,0,50,0,0,0,7,0,41,0,15,0,16,0,0,0,0,0,14,0,16,0,13,0,23,0,0,0,0,0,5,0,42,0,0,0,15,0,0,0,0,0,0,0,0,0,0,0,0,0,0,0,0,0,0,0,0,0,0,0,2,0,0,0,0,0,0,0,0,0,0,0,0,0,0,0,0,0,0,0,0,0,0,0,33,0,0,0,0,0,0,0,0,0,0,0,0,1,0,0,0,0,0,0,38,0,14,0,58,0,9,0,32,0,0,0,63,0,0,0,0,0,0,0,0,0,41,0,28,0,6,8,0,0,0,0,0,0,0,0,0
0,0,0,0,0,0,0,0,0,0,0,0,0,0,0,0,0,0,0,0,0,0,0,0,0,0,0,0,0,0,0,0,0,0,0,0,0,0,0,0,0,0,0,0,0,23,0,0,0,17,0,0,0,0,0,0,0,0,0,0,0,0,0,0,0,0,0,0,0,76,0,30,0,225,0,15,0,0,0,11,0,53,0,121,0,19,0,146,0,22,0,0,0,91,0,43,0,0,0,0,0,0,0,221,0,0,0,27,0,26,0,0,0,12,0,0,0,48,0,0,0,0,0,0,0,0,0,0,0,0,0,0,0,0,0,0,0,0,0,0,0,0,0,35,0,0,0,0,0,0,0,0,0,0,0,0,0,0,0,0,0,0,0,0,0,21,0,0,0,129,0,0,0,0,0,0,0,0,0,0,0,0,0,0,0,0,0,0,0,0,0,0,0,0,0,0,0,0,0,0,0,0,0,0,0,0,0,0,0,0,0,0,0,0,4,0,0,0,45,0,94,0,23,3,0
0,0,0,0,0,0,0,0,0,0,0,0,0,0,0,0,19,0,0,0,0,0,0,0,0,0,0,0,0,0,0,0,0,0,0,0,0,0,0,0,0,0,0,0,0,0,0,0,0,0,0,0,0,0,0,0,0,0,0,0,0,0,0,0,0,0,0,0,19,0,452,0,491,0,264,0,156,0,0,0,7,0,135,0,99,0,89,0,0,0,0,0,43,0,21,0,0,0,0,0,0,0,10,0,0,0,0,0,6,0,0,0,0,0,4,0,13,0,0,0,74,0,34,0,0,0,0,0,0,0,0,0,0,0,0,0,0,0,0,0,35,0,189,0,21,0,0,0,0,0,14,0,0,1,0,0,0,0,0,0,0,0,0,0,0,0,0,0,43,0,4,0,0,0,0,0,0,0,0,0,0,0,0,0,0,0,0,0,0,0,0,0,73,0,0,0,0,0,0,0,87,0,238,0,0,0,0,0,97,0,209,5,54,1,30,0,0,0,0,0,0,0,0,0,0
0,0,0,0,0,0,0,0,0,0,0,0,0,0,0,0,0,0,0,0,0,0,0,0,0,0,0,0,0,0,0,0,0,0,0,0,0,0,0,0,0,0,0,0,0,0,0,0,0,0,0,0,0,0,0,0,0,0,0,0,0,0,0,0,0,0,0,0,0,0,0,7,0,28,0,212,0,11,0,0,0,0,0,0,0,13,0,30,0,0,0,0,0,0,0,0,0,0,0,0,0,0,0,0,0,0,0,0,0,0,0,0,0,0,0,0,0,0,0,0,0,8,0,19,0,0,0,0,0,0,0,0,0,0,0,65,0,0,0,5,0,32,0,43,0,10,0,0,0,0,0,6,0,0,0,0,0,0,0,0,0,0,0,0,0,0,0,0,0,2,0,0,0,0,0,0,0,0,0,0,0,0,0,0,0,0,0,0,0,0,0,0,0,0,0,0,0,0,0,0,0,10,0,0,0,0,0,0,0,0,0,0,0,0,2,0,0,0,52,0,0,0,0,0,0
