0,392,78,276,43,38,58,171,74,26,100,49,81,0,7,133,123,107,12,0,0,0,73,110,14,436,23,0,86,0,0,0,19,0,0,0,62,7,408,14,8,0,0,0,0,0,36,0,1,0,0,0,5,4,0,26,0,0,0,0,53,21,57,24,4,0,0,0,0,0,0,0,0,0,0,0,0,0,0,0,0,0,0,0,0,0,0,0,0,0,0,0,0,0,0,0,0,0,0,0,0,0,0,0,0,0,0,0,0,0,0,0,0,0,0,0,0,0,0,0,0,0,0,0,0,0,9,0,0,0,0,0,0,0,0,0,0,0,0,0,1,0,0,0,0,0,12,0,15,0,7,0,0,0,1,0,0,0,0,0,2,0,2,0,0,0,0,0,26,0,11,7,255,0,0,0,209,138,17,0,0,0,19,0,7,0,0,0,0,0,0,0,1,0,0,0,3,0,0,0,0,0,0,0,0,0,0,0,0,0,413,280,206,0,180,0,0,0,0,18,60,0,0,0,0
392,0,310,75,0,109,226,36,159,27,0,174,0,67,28,65,85,142,0,131,0,47,234,38,320,62,0,181,16,60,0,0,0,119,0,24,0,139,34,362,0,0,0,0,0,0,0,0,0,1,0,0,0,32,31,9,0,3,0,3,0,449,21,292,0,43,0,9,0,1,0,0,0,0,0,0,0,2,0,0,0,0,0,0,0,2,0,0,0,0,0,0,0,0,0,0,0,0,0,0,0,0,0,0,0,0,0,0,0,0,0,0,0,0,0,0,0,0,0,0,0,0,0,0,0,22,0,52,0,0,0,15,0,0,0,0,0,9,0,0,0,0,0,0,0,0,0,10,0,55,0,0,0,17,0,0,0,11,0,0,0,1,0,0,0,13,0,33,0,31,0,126,0,219,0,0,190,220,0,0,0,0,9,21,0,39,0,0,0,0,0,0,0,0,0,0,0,0,0,0,0,0,0,0,0,0,0,0,0,41,0,8,0,0,379,0,0,0,1197,268,473,167,3,0,0
78,310,0,158,168,95,145,0,11,20,57,144,66,0,179,208,163,65,65,0,52,0,476,139,72,215,0,0,168,0,0,0,78,0,0,0,45,0,342,0,0,0,0,0,0,0,0,0,8,0,0,0,7,0,38,0,10,0,6,0,0,0,57,20,6,0,0,0,0,0,0,0,0,0,0,0,0,0,0,0,0,0,0,0,0,0,0,0,0,0,0,0,0,0,0,0,0,0,0,0,0,0,0,0,0,0,0,0,0,0,0,0,0,0,0,0,0,0,0,0,0,0,0,0,54,0,45,0,0,0,14,0,21,0,17,0,0,0,0,0,0,0,18,0,0,0,0,0,23,0,0,0,9,0,0,0,0,0,0,0,21,0,0,0,15,0,0,0,47,0,24,5,324,0,0,0,64,107,0,0,0,0,0,0,5,0,0,0,0,0,0,0,0,0,0,0,2,0,0,0,0,0,0,0,0,0,0,1,41,0,808,145,564,389,596,0,11,0,0,33,0,0,0,0,0
276,75,158,0,0,45,41,64,0,12,16,12,0,0,23,262,70,39,0,89,0,82,174,223,113,227,0,19,12,114,0,26,0,249,0,13,0,137,26,369,0,0,0,0,0,0,0,0,0,0,0,0,0,0,0,42,0,1,0,0,0,86,0,0,0,0,0,0,0,1,0,0,0,0,0,0,0,0,0,0,0,0,0,0,0,0,0,0,0,0,0,0,0,0,0,0,0,0,0,2,0,0,0,0,0,0,0,0,0,0,0,0,0,0,0,0,0,0,0,0,0,0,0,0,0,20,0,33,0,0,0,13,0,0,0,15,0,30,0,0,0,0,0,0,0,0,0,0,0,10,0,0,0,0,0,0,0,0,0,0,0,2,0,2,0,2,0,14,0,14,0,32,0,142,0,0,40,20,0,0,0,0,11,0,1,0,0,0,0,0,0,0,0,0,0,0,0,0,0,0,0,0,0,0,0,0,0,11,0,44,9,0,0,0,107,0,0,0,243,63,225,51,0,0,0
43,0,168,0,0,280,40,0,17,0,134,203,394,39,380,390,35,0,119,212,230,84,67,128,0,0,141,21,0,0,97,0,158,0,167,0,196,0,0,0,40,0,0,0,41,0,80,0,7,0,0,0,0,0,0,0,0,0,0,0,0,0,0,0,10,0,0,0,0,0,0,0,0,0,0,0,0,0,0,0,0,0,0,0,0,0,0,0,0,0,0,0,0,0,0,0,0,0,0,0,0,0,0,0,0,0,0,0,0,0,0,0,0,0,0,0,0,0,0,0,0,0,0,0,28,0,24,0,0,0,7,0,0,0,22,0,0,0,0,0,0,0,0,0,0,0,28,0,44,0,26,0,29,0,0,0,1,0,0,0,12,0,2,0,0,0,165,0,158,0,7,0,157,0,0,0,307,166,72,0,35,0,13,0,31,0,10,0,0,0,0,0,0,0,0,0,0,0,0,0,0,0,0,0,0,0,0,0,20,3,600,479,614,113,222,0,0,0,0,28,0,0,0,0,0
38,109,95,45,280,0,0,23,0,0,108,156,65,98,445,259,20,2,127,349,130,197,140,84,0,4,0,306,0,68,17,186,16,455,0,206,0,231,0,0,0,8,0,0,0,0,0,35,0,0,0,68,0,5,0,0,0,0,0,8,0,0,0,0,1,5,0,0,0,0,0,0,0,0,0,0,0,0,0,0,0,0,0,0,0,0,0,0,0,0,0,0,0,0,0,0,0,0,0,0,0,0,0,0,0,0,0,0,0,0,0,0,0,0,0,0,0,0,0,0,0,0,0,0,0,0,0,0,0,0,0,0,0,0,0,0,0,0,0,0,0,24,0,0,0,0,0,0,0,0,0,0,0,0,0,0,0,0,0,0,2,0,0,0,0,0,0,277,0,130,0,75,0,259,0,0,179,131,18,0,0,0,18,0,0,0,3,4,0,0,0,0,0,0,0,0,0,0,0,0,0,0,0,0,0,0,0,4,0,11,0,0,0,0,114,0,0,0,587,556,462,94,0,0,0
58,226,145,41,40,0,0,165,39,446,36,0,0,0,20,0,24,70,0,0,6,0,26,0,47,227,0,0,15,0,0,0,0,0,0,0,0,0,0,0,0,0,0,0,0,0,0,0,13,0,0,0,196,32,245,156,26,0,29,0,178,0,427,87,3,0,2,32,0,0,0,0,0,0,0,0,0,0,0,0,0,0,0,0,0,0,0,0,0,0,0,0,0,0,0,0,0,0,0,0,0,0,0,0,0,0,0,0,0,0,0,0,0,0,0,0,0,0,0,0,0,0,0,0,28,0,24,0,0,0,8,0,17,0,0,0,0,0,0,0,0,0,0,0,0,0,10,0,0,0,6,0,0,0,0,0,0,0,0,0,18,0,0,0,3,0,0,0,42,0,183,0,157,0,0,0,22,30,2,0,0,0,0,0,0,0,0,0,0,0,0,0,0,0,0,0,0,0,0,0,0,0,0,0,0,0,0,0,18,0,927,193,370,589,926,0,50,0,0,0,0,1,0,0,0
171,36,0,64,0,23,165,0,208,27,0,10,0,0,0,79,0,50,0,57,0,0,0,9,0,366,0,45,0,0,0,12,0,0,0,0,0,0,0,154,0,0,0,0,0,0,0,0,0,2,0,0,15,51,41,284,0,14,0,3,0,346,0,213,0,5,0,1,0,0,0,0,0,0,0,0,0,0,0,0,0,0,0,0,0,0,0,0,0,0,0,0,0,0,0,0,0,0,0,0,0,0,0,0,0,0,0,0,0,0,0,0,0,0,0,0,0,0,0,0,0,0,0,0,0,18,0,45,0,0,0,25,1,4,0,0,0,20,0,0,0,0,0,0,0,0,0,0,0,9,0,0,0,0,0,0,0,0,0,0,0,3,0,0,0,0,0,17,1,20,0,116,0,144,0,0,32,0,0,0,0,0,0,0,0,0,0,0,0,0,0,0,0,2,0,0,0,0,0,0,0,0,0,0,0,0,0,0,0,39,0,0,0,1,540,0,0,0,772,30,476,350,0,0,0
74,159,11,0,17,0,39,208,0,913,12,0,16,0,14,0,24,46,15,0,0,0,2,0,19,159,0,0,3,0,0,0,0,0,0,0,0,0,19,0,0,0,0,0,0,0,15,0,2,0,0,0,71,47,22,337,23,45,64,46,89,0,143,43,95,0,107,91,0,0,0,0,0,0,0,0,0,0,0,0,0,0,0,0,0,0,0,0,0,0,0,0,0,0,0,0,0,0,0,0,0,0,0,0,0,0,2,0,0,0,0,0,0,0,0,0,0,0,0,0,0,0,0,0,55,0,17,0,0,0,41,0,0,0,6,0,5,0,0,0,0,0,0,0,0,0,26,0,106,0,17,0,23,0,8,7,17,4,0,0,36,0,0,0,0,0,6,0,15,0,71,0,36,0,0,0,251,48,14,0,0,0,5,3,96,11,0,0,0,0,0,0,0,0,0,0,4,0,0,0,0,0,0,0,0,0,0,0,15,0,377,107,106,0,242,0,7,0,0,0,0,0,0,0,0
26,27,20,12,0,0,446,27,913,0,0,13,0,0,0,0,0,0,0,19,0,0,8,0,43,11,0,34,0,0,0,0,0,0,0,1,0,0,0,0,0,1,0,0,0,0,0,0,0,2,0,0,124,138,352,108,19,8,89,5,0,283,38,170,0,123,102,83,0,0,0,0,0,0,0,0,0,3,0,0,0,0,0,0,0,0,0,0,0,0,0,0,0,0,0,0,0,0,0,0,0,0,0,0,0,0,0,0,0,0,0,0,0,0,0,0,0,0,0,0,0,0,0,0,0,25,0,45,0,0,0,31,0,0,0,1,0,2,0,0,0,0,0,0,0,0,0,0,0,51,0,4,0,11,0,3,0,48,0,0,0,13,0,0,0,0,0,0,0,21,0,118,0,41,0,0,70,130,0,0,0,0,0,10,39,151,0,0,0,0,0,1,0,1,0,0,0,0,0,0,0,0,0,0,0,0,0,10,0,19,2,0,0,0,604,0,0,0,912,52,194,0,2,0,0
100,0,57,16,134,108,36,0,12,0,0,54,281,0,44,183,20,0,22,0,67,12,40,69,0,0,0,0,0,0,47,0,314,0,0,0,118,0,0,0,39,0,0,0,0,0,54,0,6,0,14,0,1,0,0,0,0,0,0,0,1,0,0,0,0,0,0,0,0,0,0,0,0,0,0,0,0,0,0,0,0,0,0,0,0,0,0,0,0,0,0,0,0,0,0,0,0,0,0,0,0,0,0,0,0,0,0,0,0,0,0,0,0,0,0,0,0,0,0,0,0,0,0,0,0,0,0,0,0,0,3,0,0,0,0,0,0,0,0,0,0,0,0,0,0,0,0,0,21,0,0,0,55,0,2,0,0,0,0,0,0,0,0,0,0,0,88,0,36,0,0,0,95,0,0,0,221,49,41,0,50,0,11,0,40,0,9,0,0,0,3,0,0,0,0,0,0,0,0,0,0,0,0,0,0,0,0,0,0,0,253,310,310,0,72,0,0,0,8,0,0,0,0,0,0
49,174,144,12,203,156,0,10,0,13,54,0,29,506,386,39,13,15,74,111,112,88,144,89,0,0,0,423,0,0,10,81,13,317,0,97,15,230,0,0,0,55,0,0,0,0,0,92,1,14,0,54,0,0,0,0,0,4,0,6,0,0,0,0,0,28,0,5,0,0,0,0,0,0,0,0,0,0,0,0,0,0,0,0,0,0,0,0,0,0,0,0,0,0,0,0,0,0,0,0,0,7,0,0,0,0,0,0,0,0,0,0,0,0,0,0,0,0,0,0,0,0,0,0,0,0,0,24,0,0,0,0,0,0,0,0,0,1,0,0,0,0,0,0,0,0,0,0,0,36,0,0,0,31,0,0,0,0,0,0,0,0,0,0,0,0,0,95,0,66,0,53,0,132,0,28,142,208,5,18,0,177,12,30,0,62,0,4,0,0,0,0,0,0,0,0,0,3,0,0,0,0,0,0,0,0,0,0,0,30,8,0,0,0,68,0,0,0,424,474,291,37,16,0,0
81,0,66,0,394,65,0,0,16,0,281,29,0,100,77,97,0,0,133,370,161,203,34,0,0,0,146,281,0,0,0,0,10,21,245,39,58,13,0,0,75,0,81,19,43,11,207,0,7,0,182,33,4,0,0,0,0,0,0,0,0,0,0,0,15,0,0,0,0,0,0,0,0,0,0,0,11,0,0,0,0,0,53,0,0,0,0,0,0,0,0,0,0,0,0,0,0,0,0,0,13,0,0,0,0,0,0,0,0,0,0,0,0,0,0,0,0,0,0,0,0,0,0,0,31,0,13,0,0,0,0,0,0,0,0,0,0,0,0,0,0,0,0,0,0,0,0,0,28,0,0,0,33,0,0,0,0,0,0,1,0,0,0,0,130,0,47,0,176,0,0,0,12,0,0,0,247,78,121,0,41,0,21,0,45,0,116,0,0,0,0,0,0,0,0,0,0,0,0,0,0,0,0,0,0,0,0,0,15,0,37,437,221,16,0,0,0,0,0,16,20,0,0,0,0
0,67,0,0,39,98,0,0,0,0,0,506,100,0,23,0,0,0,287,22,104,24,0,0,0,0,261,277,0,0,0,0,0,0,29,197,0,110,0,0,80,142,61,145,0,58,41,266,0,101,45,378,0,0,0,0,0,0,0,0,0,0,0,0,0,0,0,0,0,7,0,0,0,0,0,0,0,0,0,0,0,49,0,0,0,0,0,0,0,0,0,0,0,0,0,0,0,0,0,0,0,0,0,0,0,0,0,0,0,0,0,0,0,0,0,0,0,0,0,0,0,0,0,0,0,0,0,0,0,0,0,0,0,0,0,0,0,0,0,0,0,0,0,0,0,0,0,0,0,0,0,6,0,0,0,0,0,0,0,0,0,0,0,0,0,37,0,33,0,88,0,5,0,26,0,0,46,207,0,5,0,16,0,3,0,0,39,57,0,0,0,0,0,0,0,34,0,0,0,0,0,0,0,0,0,0,0,0,0,0,0,0,10,0,0,0,0,0,32,284,205,0,0,0,0
7,28,179,23,380,445,20,0,14,0,44,386,77,23,0,621,6,12,447,150,249,102,308,226,109,0,242,0,1,0,81,31,50,94,34,27,164,65,0,20,7,0,0,0,15,1,46,0,0,0,0,0,5,0,18,0,0,0,0,0,0,0,0,0,4,3,0,0,0,0,5,0,0,0,0,0,0,0,0,0,0,0,0,0,0,0,0,0,0,0,0,0,0,0,0,0,0,0,0,0,0,0,0,0,0,0,0,0,0,0,0,0,0,0,0,0,0,0,0,0,0,0,0,0,67,0,54,0,0,0,20,0,0,0,49,0,0,0,0,0,0,0,0,0,0,0,37,2,44,0,25,0,13,0,1,0,0,0,0,0,19,0,0,0,0,0,109,0,45,0,7,0,33,26,0,0,70,100,10,0,0,0,6,0,13,0,0,0,0,0,0,0,0,0,0,0,6,0,0,0,0,0,0,0,0,0,0,0,58,0,122,238,224,17,48,0,0,0,13,36,60,3,0,0,0
133,65,208,262,390,259,0,79,0,0,183,39,97,0,621,0,53,25,153,265,157,284,319,146,53,58,7,33,0,34,25,84,35,76,18,12,30,33,17,10,0,0,0,0,0,0,0,0,0,0,0,13,0,8,0,154,1,17,0,22,0,18,0,0,0,4,0,0,0,0,0,4,0,0,0,0,0,0,0,0,0,83,0,15,0,36,0,30,0,0,0,0,0,0,0,62,0,0,0,81,0,127,0,0,0,0,0,0,0,0,0,0,0,0,0,0,0,0,0,0,0,12,0,0,0,12,0,87,0,0,0,0,0,0,0,170,0,350,0,25,0,8,0,56,2,0,0,0,0,19,0,9,0,0,0,17,0,6,0,9,0,0,0,2,0,0,0,58,0,20,0,9,14,38,0,0,73,37,9,0,1,0,20,0,0,7,1,0,0,0,0,0,0,0,0,0,0,0,0,20,0,0,0,0,0,0,0,19,0,46,0,0,49,0,35,0,0,0,83,317,58,16,0,0,0
123,85,163,70,35,20,24,0,24,0,20,13,0,0,6,53,0,17,41,0,174,0,40,60,104,76,149,0,73,0,68,0,66,0,9,0,32,0,156,0,0,0,36,0,40,0,3,0,3,0,10,0,190,0,27,0,14,0,0,0,5,0,111,6,0,1,0,0,0,0,5,0,0,0,20,0,0,0,0,0,100,0,0,0,133,0,29,0,0,0,0,0,0,0,0,0,176,0,173,0,0,0,0,0,0,0,0,0,0,0,0,0,0,0,0,0,0,0,0,0,19,0,16,0,0,0,15,0,92,0,0,0,0,0,0,0,156,0,87,0,122,0,300,0,10,0,0,0,0,0,0,0,0,0,51,0,1,0,121,0,20,0,0,0,2,0,11,0,0,0,3,1,27,0,0,0,61,14,0,0,0,0,50,0,0,0,0,0,0,0,0,0,0,0,0,0,0,0,0,0,0,0,0,0,0,0,0,0,19,0,0,332,48,19,0,0,4,0,9,0,11,1,0,0,0
107,142,65,39,0,2,70,50,46,0,0,15,0,0,12,25,17,0,0,3,0,99,49,110,78,51,0,0,0,58,0,16,0,45,0,8,0,12,0,213,0,0,0,0,0,0,0,0,0,1,0,0,0,88,5,55,0,91,0,10,0,42,7,77,0,0,0,0,0,0,0,0,0,0,0,0,0,0,0,0,0,90,0,0,0,71,0,23,0,0,0,11,0,0,0,46,0,0,0,115,0,0,0,0,0,0,0,0,0,0,0,0,0,0,0,0,0,0,0,0,0,0,0,3,0,35,0,95,0,162,0,50,0,90,0,129,0,341,0,149,0,41,0,162,0,0,0,0,0,0,0,0,0,0,1,86,0,0,0,135,0,14,0,0,0,5,0,0,0,0,0,2,0,7,0,0,6,38,0,0,0,0,0,0,0,0,0,0,0,0,0,0,0,0,0,0,0,0,0,0,1,0,0,0,0,0,0,0,0,0,2,0,0,0,0,0,0,0,7,379,14,2,0,0,0
12,0,65,0,119,127,0,0,15,0,22,74,133,287,447,153,41,0,0,762,512,365,288,4,106,0,171,312,7,0,82,15,3,0,138,142,54,41,0,1,4,11,11,13,8,0,9,0,0,0,116,0,0,0,15,0,0,0,0,0,0,0,11,0,7,0,0,0,0,0,18,0,0,0,0,0,0,0,0,0,0,0,0,0,0,0,0,0,0,0,0,0,0,0,0,0,0,0,0,0,0,0,0,0,0,0,0,0,0,0,0,0,0,0,0,0,0,0,0,0,0,0,0,0,0,0,0,0,0,0,0,0,0,0,51,0,0,0,0,0,0,0,0,0,2,0,11,0,0,0,0,0,0,0,0,0,0,0,0,0,0,0,6,0,55,0,76,0,113,0,0,0,0,5,0,0,108,91,23,0,0,0,16,0,21,0,28,0,0,0,0,0,0,0,0,0,0,0,0,0,0,1,0,0,0,0,0,0,0,0,73,257,130,34,28,0,0,0,0,0,0,0,0,0,0
0,131,0,89,212,349,0,57,0,19,0,111,370,22,150,265,0,3,762,0,274,515,0,37,0,11,267,179,0,9,22,52,0,60,137,403,0,119,0,0,56,4,59,78,22,21,26,15,0,34,105,281,0,18,0,0,0,0,0,0,0,23,0,15,0,0,0,0,0,0,0,0,0,0,0,0,0,0,0,0,0,237,0,0,0,33,0,57,0,0,0,14,0,0,0,0,0,0,0,116,0,182,0,0,0,0,0,0,0,0,0,0,0,0,0,0,0,0,0,0,0,0,0,0,0,27,0,0,0,0,0,0,0,0,0,0,0,130,0,0,0,0,0,31,0,0,0,0,0,35,0,0,0,0,0,0,0,0,0,0,0,5,0,0,0,29,0,108,0,113,0,37,0,32,0,0,107,148,7,3,0,0,1,21,0,58,54,19,0,0,0,0,0,0,0,0,0,0,0,0,0,0,0,0,0,0,0,0,0,66,0,0,0,0,22,0,0,0,115,244,176,29,10,0,0
0,0,52,0,230,130,6,0,0,0,67,112,161,104,249,157,174,0,512,274,0,173,158,57,114,0,232,228,28,0,73,0,43,29,43,42,25,17,0,0,0,0,55,0,8,8,0,0,0,0,28,0,28,0,14,0,9,0,0,0,0,0,27,0,0,0,0,0,0,0,0,0,0,0,15,0,0,0,0,0,0,0,0,0,188,0,0,0,0,0,187,0,0,0,0,0,256,0,219,0,0,0,0,0,0,0,147,0,0,0,0,0,0,0,0,0,0,0,0,0,0,0,0,0,0,0,0,0,44,0,3,0,0,0,10,0,109,0,47,0,72,0,294,0,10,0,0,0,0,0,0,0,0,0,0,0,0,0,48,0,0,0,0,0,26,0,97,0,71,0,0,0,16,0,0,0,96,28,80,0,0,0,0,0,0,0,10,0,0,0,0,0,0,0,0,0,0,0,0,0,0,0,0,0,0,0,0,0,33,0,120,545,126,44,12,0,0,0,0,18,0,0,0,0,0
0,47,0,82,84,197,0,0,0,0,12,88,203,24,102,284,0,99,365,515,173,0,0,74,0,31,144,139,0,114,9,82,0,69,54,74,0,26,0,30,29,0,0,46,0,90,0,6,1,35,43,58,0,30,0,47,0,0,0,0,0,0,0,55,0,0,0,0,0,0,0,11,0,0,0,0,0,0,0,0,0,627,0,62,0,245,0,220,0,0,0,25,0,0,0,194,0,0,0,435,0,447,0,0,0,0,0,0,0,0,0,0,0,0,0,0,0,0,0,0,0,0,0,25,0,0,0,0,0,100,0,0,0,94,0,198,1,425,0,213,0,110,0,437,0,0,0,0,0,0,0,0,0,0,0,46,0,0,0,94,4,7,0,0,0,40,0,105,0,110,0,25,0,27,0,0,25,45,0,5,0,0,0,0,0,0,21,0,0,0,0,0,0,0,0,0,0,0,0,0,0,0,0,0,0,0,0,0,0,0,0,3,0,0,15,0,0,0,202,379,160,24,0,0,0
73,234,476,174,67,140,26,0,2,8,40,144,34,0,308,319,40,49,288,0,158,0,0,246,156,175,195,0,49,0,13,0,20,0,0,0,17,43,93,34,0,0,0,0,27,0,56,0,3,1,3,0,8,1,81,0,17,0,0,0,5,0,11,0,0,1,0,0,0,0,6,0,0,0,0,0,0,0,0,0,0,0,0,0,24,0,0,0,0,0,47,0,0,0,0,0,43,0,0,0,0,0,0,0,0,0,0,0,0,0,0,0,0,0,0,0,0,0,0,0,0,0,0,0,8,0,0,0,0,0,0,0,0,0,79,0,192,0,10,0,17,0,203,0,0,2,5,0,0,0,11,0,0,0,9,0,0,0,0,0,11,0,0,0,4,0,19,0,0,0,0,7,55,0,0,0,38,37,0,0,0,0,12,0,0,0,1,0,0,0,0,0,0,0,0,0,4,0,0,0,19,0,0,0,0,0,0,0,48,0,50,340,103,58,55,1,0,1,40,26,57,0,0,0,0
110,38,139,223,128,84,0,9,0,0,69,89,0,0,226,146,60,110,4,37,57,74,246,0,82,55,3,5,0,14,7,11,14,21,0,4,0,4,0,23,0,0,0,0,0,4,0,0,0,0,0,0,0,7,0,30,0,11,0,0,0,0,0,4,0,0,0,0,0,0,0,0,0,0,0,1,0,0,0,0,0,43,0,0,0,24,0,0,0,0,0,0,0,0,0,30,0,0,0,48,0,76,0,0,0,0,0,0,0,0,0,0,0,0,0,0,0,0,0,0,0,0,1,0,0,0,0,0,0,0,0,0,0,0,0,85,0,117,0,18,0,0,0,38,0,3,0,0,0,0,0,0,0,0,0,15,0,0,0,0,0,0,0,0,0,0,0,0,0,0,0,0,6,0,0,0,14,21,0,6,0,0,0,2,0,0,0,0,0,0,0,0,0,0,0,0,0,0,0,0,0,3,0,0,0,0,0,0,0,0,0,0,0,0,0,0,0,0,7,784,0,0,0,0,0
14,320,72,113,0,0,47,0,19,43,0,0,0,0,109,53,104,78,106,0,114,0,156,82,0,341,0,0,64,0,0,0,0,0,0,0,0,0,59,0,0,0,0,0,20,0,0,0,6,0,0,0,139,0,243,12,60,0,8,0,27,0,240,53,0,0,0,0,0,0,0,0,0,0,1,0,0,0,0,0,0,0,0,0,0,0,0,0,0,0,0,0,0,0,0,0,0,0,0,0,0,0,0,0,0,0,0,0,0,0,0,0,0,0,0,0,0,0,0,0,0,1,0,0,15,0,34,0,54,0,0,0,24,0,143,0,331,0,16,2,21,3,386,0,0,0,7,0,3,0,0,0,0,0,0,0,0,0,20,0,34,0,0,0,0,0,0,0,0,0,26,0,85,0,0,0,0,16,0,0,0,0,0,0,0,0,0,0,0,0,0,0,0,0,0,0,0,0,4,0,65,0,0,0,0,0,0,0,134,0,117,140,129,229,228,0,22,0,0,9,0,0,0,0,0
436,62,215,227,0,4,227,366,159,11,0,0,0,0,0,58,76,51,0,11,0,31,175,55,341,0,0,0,16,17,0,0,0,2,0,0,0,1,25,28,0,0,0,0,0,0,0,0,0,0,0,0,4,3,16,97,0,35,0,21,3,36,45,38,0,0,0,0,0,0,0,0,0,0,0,0,0,0,0,0,0,0,0,0,0,0,0,0,0,0,0,0,0,0,0,0,0,0,0,0,0,0,0,0,0,0,0,0,0,0,0,0,0,0,0,0,0,0,0,0,0,0,0,0,0,0,0,37,0,39,0,0,0,0,0,99,0,206,0,10,0,5,0,21,0,0,0,0,0,0,0,0,0,0,0,18,0,2,0,5,0,4,0,0,0,0,0,0,0,3,0,0,0,9,0,0,30,16,0,2,0,0,0,4,0,0,0,0,0,0,0,0,0,0,0,0,0,0,0,5,0,0,0,0,0,0,0,0,0,30,0,0,0,0,0,0,0,0,10,175,9,4,0,0,0
23,0,0,0,141,0,0,0,0,0,0,0,146,261,242,7,149,0,171,267,232,144,195,3,0,0,0,747,44,0,8,0,4,0,36,14,46,6,0,0,18,163,127,35,79,43,48,92,37,0,228,39,0,0,15,0,0,0,0,0,2,0,62,0,10,0,0,0,0,0,0,0,0,0,54,0,0,0,0,0,0,0,0,0,0,0,0,0,0,0,0,0,0,0,0,0,0,0,521,0,0,0,0,0,0,0,0,0,0,0,0,0,0,0,0,0,0,0,0,0,0,0,0,0,31,0,0,0,0,0,0,0,0,0,0,0,193,0,107,0,0,0,549,0,0,0,0,0,0,0,0,0,0,0,0,0,1,0,0,0,0,0,0,0,173,0,15,0,64,2,0,0,0,0,0,0,36,68,26,0,0,0,22,0,33,0,130,0,0,0,0,0,0,0,0,0,0,0,0,0,0,0,0,0,0,0,0,0,80,0,34,399,195,0,0,0,0,0,0,0,0,0,0,0,0
0,181,0,19,21,306,0,45,0,34,0,423,281,277,0,33,0,0,312,179,228,139,0,5,0,0,747,0,0,0,0,0,0,0,67,89,0,29,0,0,339,7,293,303,171,167,229,103,7,61,224,255,0,0,0,0,0,0,0,0,0,0,0,0,0,42,0,2,0,7,0,0,0,0,0,0,0,0,0,0,0,0,0,31,0,0,0,0,0,0,0,0,0,0,1,0,0,0,0,0,0,87,0,0,0,0,0,0,0,0,0,0,0,0,0,0,0,1,0,0,0,0,0,0,0,0,0,0,0,0,0,0,0,0,0,0,0,0,0,0,0,0,0,0,0,4,0,0,0,52,0,0,0,0,0,0,0,0,0,0,0,0,0,0,0,52,0,16,0,52,0,0,0,6,0,0,34,144,3,3,0,0,0,0,0,36,120,76,0,0,0,0,0,0,0,21,0,0,0,0,0,0,0,0,0,0,0,0,0,66,0,16,0,0,0,0,0,0,33,377,202,14,0,0,1
86,16,168,12,0,0,15,0,3,0,0,0,0,0,1,0,73,0,7,0,28,0,49,0,64,16,44,0,0,0,6,0,7,0,8,0,13,0,19,0,0,0,71,0,26,0,0,0,0,0,12,0,0,0,1,0,0,0,0,0,0,0,5,0,0,0,0,0,0,0,0,0,0,0,0,0,0,0,0,0,0,0,0,0,0,0,0,0,0,0,0,0,0,0,0,0,0,0,0,0,0,0,0,0,0,0,0,0,0,0,0,0,0,0,0,0,0,0,0,0,0,0,0,0,0,0,0,0,0,0,0,0,0,0,0,0,1,0,36,0,8,0,11,0,6,0,0,0,0,0,0,0,0,0,6,0,0,0,9,0,1,0,0,0,0,0,0,0,0,0,0,0,0,0,0,0,37,6,0,0,0,0,14,0,0,0,0,0,0,0,0,0,0,0,0,0,0,0,0,0,0,0,0,0,0,0,0,0,0,0,20,124,0,0,0,0,0,0,0,1,0,0,0,0,0
0,60,0,114,0,68,0,0,0,0,0,0,0,0,0,34,0,58,0,9,0,114,0,14,0,17,0,0,0,0,0,40,0,64,0,116,0,20,0,44,0,0,0,3,0,0,0,0,0,0,0,18,0,6,0,20,0,0,0,0,0,8,0,59,0,0,0,0,0,0,0,0,0,0,0,0,0,0,0,0,0,29,0,0,0,26,0,0,0,0,0,0,0,0,0,0,0,0,0,0,0,34,0,0,0,0,0,0,0,0,0,0,0,0,0,0,0,0,0,0,0,0,0,0,0,0,0,0,0,17,0,5,0,22,0,0,0,105,0,72,0,19,0,79,0,0,0,0,0,6,0,0,0,0,0,12,0,0,0,26,0,0,0,0,0,0,0,0,0,0,0,0,0,0,0,0,0,6,0,0,0,1,0,0,0,3,0,0,0,0,0,0,0,0,0,0,0,0,0,0,0,0,0,0,0,0,0,0,0,0,0,0,0,0,0,0,0,0,11,10,3,0,0,0,0
0,0,0,0,97,17,0,0,0,0,47,10,0,0,81,25,68,0,82,22,73,9,13,7,0,0,8,0,6,0,0,0,0,0,30,0,21,0,2,0,0,0,72,0,0,0,0,0,0,0,4,0,0,0,0,0,0,0,0,0,0,0,10,0,0,0,0,0,0,0,4,0,0,0,0,0,0,0,0,0,23,0,0,0,43,0,0,0,0,0,0,0,0,0,0,0,51,0,64,0,20,0,0,0,0,0,0,0,0,0,0,0,0,0,0,0,0,0,0,0,0,0,2,0,0,0,0,0,0,0,0,0,0,0,0,0,19,0,0,0,0,0,77,0,0,0,0,0,0,0,0,0,0,0,4,0,0,0,13,0,0,0,0,0,0,0,31,0,21,0,2,0,0,0,0,0,32,0,32,0,0,0,3,0,0,0,0,0,0,0,0,0,0,0,0,0,0,0,0,0,0,0,0,0,0,0,0,0,0,0,40,138,52,8,0,0,0,0,1,0,0,0,0,0,0
0,0,0,26,0,186,0,12,0,0,0,81,0,0,31,84,0,16,15,52,0,82,0,11,0,0,0,0,0,40,0,0,0,2,0,49,0,0,0,10,0,0,0,10,0,3,0,0,0,0,0,10,0,0,0,0,0,0,0,0,0,5,0,16,0,0,0,0,0,0,0,0,0,0,0,0,0,0,0,0,0,88,0,0,0,32,0,25,0,0,0,0,0,0,0,0,0,0,0,45,0,0,0,0,0,0,0,0,0,0,0,0,0,0,0,0,0,0,0,0,0,19,0,0,0,0,0,0,0,0,0,0,0,0,0,0,0,70,0,32,0,0,0,104,0,0,0,0,0,3,0,0,0,0,0,0,0,0,0,0,0,0,0,0,0,0,0,8,0,0,0,3,0,0,0,0,0,26,0,0,0,0,0,0,0,0,0,0,0,0,0,0,0,0,0,0,0,0,0,0,0,0,0,0,0,0,0,0,0,0,0,0,0,0,0,0,0,0,30,46,15,6,0,0,0
19,0,78,0,158,16,0,0,0,0,314,13,10,0,50,35,66,0,3,0,43,0,20,14,0,0,4,0,7,0,0,0,0,0,3,0,94,0,3,0,0,0,6,0,4,0,0,0,0,0,1,0,0,0,0,0,1,0,0,0,2,0,37,0,0,0,0,0,0,0,21,0,0,0,23,0,0,0,0,0,104,0,0,0,117,0,27,0,0,0,69,0,0,0,0,0,87,0,169,0,51,0,0,0,0,0,0,0,0,0,0,0,0,0,0,0,0,0,0,0,0,0,0,0,0,0,0,0,0,0,0,0,0,0,0,0,35,0,44,0,85,0,143,0,27,0,0,0,0,0,0,0,0,0,0,0,0,0,0,1,0,0,0,0,0,0,53,0,0,0,0,0,5,0,0,0,59,0,51,0,0,0,30,0,0,0,0,0,0,0,0,0,0,0,0,0,0,0,0,0,0,0,0,0,0,0,0,0,3,0,38,264,63,5,8,0,0,0,0,0,0,0,0,0,0
0,119,0,249,0,455,0,0,0,0,0,317,21,0,94,76,0,45,0,60,29,69,0,21,0,2,0,0,0,64,0,2,0,0,5,78,0,141,0,30,0,0,0,15,0,7,0,0,0,0,0,57,0,23,0,16,0,0,0,0,0,16,0,28,0,12,0,0,0,0,0,0,0,0,0,0,0,0,0,0,0,0,0,0,0,29,0,0,0,0,0,0,0,0,0,0,0,0,0,0,0,0,0,0,0,0,0,0,0,0,0,0,0,0,0,0,0,0,0,0,0,0,0,0,0,0,0,0,0,8,0,0,0,0,0,15,0,0,1,0,0,0,0,83,0,0,0,0,0,0,0,0,0,8,0,18,0,8,0,0,0,0,0,0,0,0,0,68,0,8,0,0,0,21,0,0,0,146,0,22,0,0,0,0,0,13,0,0,0,0,0,0,0,0,0,0,0,0,0,0,0,0,0,0,0,0,0,0,0,0,0,0,0,0,26,0,0,0,143,236,78,25,0,0,0
0,0,0,0,167,0,0,0,0,0,0,0,245,29,34,18,9,0,138,137,43,54,0,0,0,0,36,67,8,0,30,0,3,5,0,15,98,0,0,0,0,0,25,0,3,1,0,0,0,0,46,14,0,0,0,0,0,0,0,0,0,0,4,0,0,0,0,0,0,0,0,0,1,0,0,0,0,0,0,0,0,0,0,0,0,0,0,0,0,0,0,0,0,0,0,0,0,0,0,0,0,0,3,0,0,0,7,0,0,0,0,0,0,0,0,0,0,0,0,0,0,0,0,0,0,0,0,0,0,0,0,0,0,0,0,0,0,0,0,0,8,0,0,0,0,0,0,0,0,0,0,0,0,0,0,0,0,0,0,0,0,0,0,0,38,0,36,0,48,0,2,0,4,0,0,0,64,0,39,0,0,0,0,0,0,0,18,0,0,0,0,0,0,0,0,0,0,0,0,0,0,0,0,0,0,0,0,0,0,0,28,185,121,21,0,0,0,0,0,0,0,0,0,0,0
0,24,0,13,0,206,0,0,0,1,0,97,39,197,27,12,0,8,142,403,42,74,0,4,0,0,14,89,0,116,0,49,0,78,15,0,7,49,0,21,0,0,0,13,0,16,0,0,0,0,0,31,0,0,0,6,0,3,0,0,0,0,0,20,0,0,0,0,0,1,0,0,0,0,0,0,0,0,0,0,0,0,0,0,0,0,0,0,0,0,0,0,0,0,0,0,0,0,0,0,0,27,0,0,0,0,0,2,0,0,0,0,0,0,0,0,0,0,0,0,0,0,0,6,0,0,0,0,0,0,0,0,0,5,0,0,0,0,0,69,0,0,0,78,0,0,0,0,0,0,0,0,0,0,0,16,0,2,0,0,0,0,0,0,0,8,0,46,0,31,0,11,0,14,0,0,0,95,0,0,0,0,0,0,0,0,4,0,0,0,0,0,0,0,0,0,0,0,0,0,0,0,0,0,0,0,0,0,0,0,0,0,0,0,3,0,0,0,31,89,73,15,0,0,0
62,0,45,0,196,0,0,0,0,0,118,15,58,0,164,30,32,0,54,0,25,0,17,0,0,0,46,0,13,0,21,0,94,0,98,7,0,0,48,0,0,0,85,0,112,0,0,0,0,0,10,0,14,0,4,0,0,0,0,0,6,0,37,0,0,0,0,0,0,0,44,0,0,0,38,0,0,0,0,0,0,0,0,0,0,0,0,0,0,0,0,0,0,0,0,0,52,0,163,0,0,0,0,0,0,0,0,0,0,0,0,0,0,0,0,0,0,0,0,0,15,0,0,0,0,0,0,0,0,0,0,0,0,0,0,0,18,0,180,0,127,0,54,0,97,0,0,0,1,0,0,0,0,0,43,0,0,0,47,0,6,0,0,0,0,0,33,0,77,0,0,0,21,0,0,0,47,0,57,0,0,0,17,0,0,0,0,0,0,0,0,0,0,0,0,0,0,0,0,0,0,0,0,0,0,0,0,0,0,0,43,98,43,18,0,0,0,0,0,0,0,0,0,0,0
7,139,0,137,0,231,0,0,0,0,0,230,13,110,65,33,0,12,41,119,17,26,43,4,0,1,6,29,0,20,0,0,0,141,0,49,0,0,0,45,0,5,0,45,0,0,0,0,0,0,1,28,0,11,0,8,0,0,0,0,0,13,0,25,0,0,0,0,0,0,0,0,0,0,0,0,0,0,0,0,0,33,0,0,0,14,0,16,0,0,0,0,0,0,0,0,0,0,0,16,0,0,0,0,0,0,0,0,0,0,0,0,0,0,0,0,0,0,0,0,0,0,0,0,0,0,0,0,0,10,0,0,0,0,0,0,0,42,0,92,0,36,0,77,0,31,0,0,0,0,0,0,0,0,0,35,0,15,0,49,0,0,0,0,0,3,0,12,0,34,0,12,0,24,0,0,12,77,0,0,0,0,3,17,0,11,0,0,0,5,0,0,0,0,0,0,0,0,0,0,0,0,0,0,0,0,0,0,0,6,0,0,0,0,19,0,0,0,49,263,53,9,0,0,0
408,34,342,26,0,0,0,0,19,0,0,0,0,0,0,17,156,0,0,0,0,0,93,0,59,25,0,0,19,0,2,0,3,0,0,0,48,0,0,0,0,0,0,0,0,0,0,0,0,0,0,0,2,0,0,0,0,0,0,0,0,0,9,0,0,0,0,0,0,0,0,0,0,0,0,0,0,0,0,0,0,0,0,0,0,0,0,0,0,0,0,0,0,0,0,0,0,0,0,0,0,0,0,0,0,0,0,0,0,0,0,0,0,0,0,0,0,0,0,0,0,0,0,0,0,0,0,0,0,0,0,0,0,0,0,0,0,0,17,0,3,0,8,0,6,0,0,0,0,0,0,0,0,0,10,0,0,0,11,0,0,0,0,0,0,0,20,0,0,0,0,0,45,0,0,0,93,0,0,0,0,0,73,0,0,0,0,0,0,0,0,0,0,0,0,0,0,0,0,0,0,0,0,0,0,0,0,0,0,0,53,369,11,13,0,0,1,0,0,0,0,0,0,0,0
14,362,0,369,0,0,0,154,0,0,0,0,0,0,20,10,0,213,1,0,0,30,34,23,0,28,0,0,0,44,0,10,0,30,0,21,0,45,0,0,0,0,0,12,0,0,0,0,0,0,0,16,0,26,0,31,0,0,0,0,0,3,0,80,0,0,0,0,0,0,0,1,0,0,0,0,0,0,0,0,0,0,0,0,0,0,0,0,0,0,0,0,0,0,0,0,0,0,0,0,0,0,0,0,0,0,0,0,0,0,0,0,0,0,0,0,0,0,0,0,0,0,0,0,0,0,0,0,0,0,0,0,0,0,0,0,0,55,0,44,0,12,0,44,0,0,0,0,0,4,0,0,0,0,0,21,0,5,0,37,0,0,0,0,0,0,0,1,0,0,0,0,0,5,0,0,13,59,0,0,0,0,0,0,0,0,0,0,0,0,0,0,0,0,0,0,0,0,0,0,0,0,0,0,0,0,0,0,0,0,0,0,0,0,0,0,0,0,31,90,3,7,0,1,0
8,0,0,0,40,0,0,0,0,0,39,0,75,80,7,0,0,0,4,56,0,29,0,0,0,0,18,339,0,0,0,0,0,0,0,0,0,0,0,0,0,144,54,25,18,59,80,133,93,8,23,0,0,0,0,0,0,0,0,0,0,0,0,0,0,0,0,0,5,0,7,0,0,0,4,0,0,0,0,0,0,0,0,0,0,0,0,0,0,0,0,0,0,0,0,0,24,0,55,0,0,0,0,0,0,0,0,0,0,0,0,0,0,0,0,0,0,0,0,0,6,0,0,0,0,0,0,0,0,0,0,0,0,0,0,0,0,0,0,0,0,0,0,0,0,0,0,0,0,0,0,0,0,0,0,0,0,0,0,0,0,0,2,0,32,0,0,0,0,0,0,0,0,0,0,0,52,27,24,0,31,0,0,0,17,0,132,5,0,0,0,0,0,0,0,0,0,0,0,0,0,0,0,0,0,0,0,0,0,0,0,226,13,0,0,0,0,8,0,0,4,0,0,0,0
0,0,0,0,0,8,0,0,0,1,0,55,0,142,0,0,0,0,11,4,0,0,0,0,0,0,163,7,0,0,0,0,0,0,0,0,0,5,0,0,144,0,65,60,135,40,156,113,35,130,18,61,0,0,0,0,0,0,0,0,0,0,0,0,0,0,0,0,0,2,0,0,0,0,0,0,0,0,0,0,0,0,0,3,0,0,0,0,0,0,0,0,0,0,0,0,0,0,0,1,0,0,0,0,0,0,0,0,0,0,0,0,0,0,0,0,0,0,0,0,0,0,0,0,0,0,0,0,0,0,0,0,0,0,0,0,0,0,0,0,0,0,0,0,0,0,0,0,0,0,0,0,0,0,0,0,0,0,0,0,0,1,0,0,0,5,0,0,0,0,0,0,0,0,0,0,0,86,0,0,0,16,0,0,0,0,76,8,0,0,0,0,0,0,0,0,0,0,0,0,0,0,0,0,0,0,0,0,0,0,0,3,1,0,0,0,0,0,0,26,19,0,0,0,2
0,0,0,0,0,0,0,0,0,0,0,0,81,61,0,0,36,0,11,59,55,0,0,0,0,0,127,293,71,0,72,0,6,0,25,0,85,0,0,0,54,65,0,23,77,31,46,52,61,0,56,11,0,0,0,0,4,0,0,0,0,0,39,0,0,0,0,0,0,0,16,0,0,0,0,0,0,0,0,0,0,0,0,0,0,0,0,0,0,0,0,0,0,0,0,0,0,0,0,0,0,0,0,0,0,0,0,0,0,0,0,0,0,0,0,0,0,0,0,0,0,0,0,0,0,0,0,0,0,0,0,0,0,0,0,0,0,0,0,0,0,0,68,0,0,0,0,0,0,0,0,0,0,0,14,0,0,0,0,0,0,0,8,0,110,0,36,0,0,0,9,0,23,0,0,0,9,10,14,0,0,0,0,0,7,0,51,0,0,0,0,0,0,0,0,0,0,0,0,0,0,0,0,0,3,0,0,0,0,0,0,244,108,4,0,0,0,27,0,0,0,0,0,0,0
0,0,0,0,0,0,0,0,0,0,0,0,19,145,0,0,0,0,13,78,0,46,0,0,0,0,35,303,0,3,0,10,0,15,0,13,0,45,0,12,25,60,23,0,15,87,15,69,2,33,24,34,0,0,0,0,0,0,0,0,0,7,0,17,0,0,0,0,0,0,0,12,0,0,0,0,0,0,0,0,0,137,0,30,0,51,0,44,0,3,0,0,0,0,0,0,0,0,0,53,0,38,0,0,0,0,0,0,0,0,0,0,0,3,0,0,0,0,0,0,0,49,0,0,0,0,0,0,0,0,0,0,0,0,0,0,0,75,0,73,0,52,0,175,0,0,0,11,0,0,0,0,0,0,0,0,0,0,0,40,0,0,0,3,0,41,0,28,0,56,0,29,0,17,0,0,0,0,0,0,0,0,0,0,0,0,3,0,0,0,0,0,0,0,0,0,0,0,0,0,0,0,0,0,0,0,0,0,0,0,0,0,0,0,0,0,0,0,50,141,142,11,0,0,0
0,0,0,0,41,0,0,0,0,0,0,0,43,0,15,0,40,0,8,22,8,0,27,0,20,0,79,171,26,0,0,0,4,0,3,0,112,0,0,0,18,135,77,15,0,72,124,173,84,8,51,0,0,0,0,0,0,0,0,0,0,0,54,0,1,0,1,0,0,0,73,0,0,0,60,0,0,0,20,0,295,0,54,0,178,0,55,0,0,0,172,0,0,0,0,0,0,0,457,0,144,0,0,0,0,0,118,0,0,0,0,0,0,0,0,0,0,0,0,0,0,0,0,0,0,0,0,0,0,0,5,0,4,0,0,0,55,0,0,0,105,0,195,0,0,0,0,0,0,0,0,0,0,0,20,0,0,0,0,0,0,0,14,0,199,0,48,0,27,0,0,0,20,0,0,0,0,15,7,0,0,0,6,0,0,0,45,0,0,0,0,0,0,0,2,0,0,0,0,0,0,0,0,0,0,0,0,0,0,0,23,138,86,19,0,0,0,57,0,0,0,0,0,0,0
0,0,0,0,0,0,0,0,0,0,0,0,11,58,1,0,0,0,0,21,8,90,0,4,0,0,43,167,0,0,0,3,0,7,1,16,0,0,0,0,59,40,31,87,72,0,72,360,10,193,13,18,0,0,0,0,0,0,0,0,0,0,0,0,0,0,0,0,0,25,0,10,0,0,0,0,0,31,0,0,0,110,0,182,0,15,0,48,0,6,0,0,0,0,0,83,0,0,0,27,0,50,0,60,0,27,0,0,0,0,0,0,0,0,0,0,0,0,0,0,0,0,0,0,0,0,0,0,0,0,0,0,0,0,0,0,0,0,0,0,0,35,0,103,0,0,0,0,0,0,0,0,0,0,0,4,0,0,0,0,0,0,0,5,0,112,0,20,0,59,0,17,0,9,0,0,0,21,0,0,0,0,0,0,0,0,16,11,0,0,0,0,0,0,0,31,0,0,0,0,0,0,0,0,0,0,0,0,0,0,0,2,0,0,0,0,0,0,51,199,142,4,0,0,39
36,0,0,0,80,0,0,0,15,0,54,0,207,41,46,0,3,0,9,26,0,0,56,0,0,0,48,229,0,0,0,0,0,0,0,0,0,0,0,0,80,156,46,15,124,72,0,211,207,12,21,0,1,0,4,0,0,0,0,0,0,0,0,0,5,0,0,0,0,0,10,0,0,0,0,0,0,0,0,0,0,0,0,0,0,0,0,0,0,0,0,0,0,0,0,0,55,0,54,0,0,0,8,0,0,0,0,0,0,0,0,0,0,0,0,0,0,0,0,0,0,0,0,0,11,0,0,0,0,0,0,0,0,0,0,0,0,0,7,0,0,0,0,0,0,0,0,0,14,0,0,0,0,0,0,0,0,0,0,0,0,0,0,0,78,0,6,0,10,0,0,0,0,0,15,0,54,28,46,0,59,0,14,0,38,0,161,0,0,0,0,0,0,0,0,0,0,0,0,0,0,0,0,0,0,0,0,0,0,0,10,279,55,0,0,0,0,39,0,0,0,0,0,0,0
0,0,0,0,0,35,0,0,0,0,0,92,0,266,0,0,0,0,0,15,0,6,0,0,0,0,92,103,0,0,0,0,0,0,0,0,0,0,0,0,133,113,52,69,173,360,211,0,60,114,0,30,0,0,0,0,0,0,0,1,0,0,0,0,0,0,0,0,0,6,0,0,0,0,0,0,0,0,0,0,0,0,0,0,0,0,0,0,0,0,0,0,0,0,0,0,0,0,0,0,0,0,0,0,0,0,0,0,0,0,0,0,0,0,0,0,0,0,0,0,0,0,0,0,0,0,0,0,0,0,0,0,0,0,0,0,0,0,0,0,0,0,0,0,0,0,0,0,0,0,0,0,0,0,0,0,0,0,0,0,0,0,0,0,0,0,0,1,0,5,0,0,0,0,0,0,0,129,0,0,0,0,0,0,0,0,99,20,0,0,0,0,0,0,0,0,0,0,0,0,0,0,0,0,0,0,0,0,0,0,0,9,0,0,0,0,0,0,0,196,55,1,0,0,27
1,0,8,0,7,0,13,0,2,0,6,1,7,0,0,0,3,0,0,0,0,1,3,0,6,0,37,7,0,0,0,0,0,0,0,0,0,0,0,0,93,35,61,2,84,10,207,60,0,8,8,2,0,0,3,0,12,0,7,0,0,0,0,0,0,0,0,0,2,0,10,0,0,0,0,0,1,0,2,0,16,0,6,0,11,0,7,0,1,0,13,0,0,0,6,0,0,0,40,0,0,0,5,0,8,0,0,0,0,0,0,0,0,0,0,0,0,0,0,0,0,0,0,0,0,0,0,0,0,0,0,0,0,0,2,1,3,0,1,0,0,0,13,0,2,0,3,0,2,0,11,0,10,0,2,0,0,0,4,0,7,0,6,0,14,0,3,0,6,0,10,0,15,0,5,0,56,0,12,0,20,0,3,0,3,0,46,0,33,0,12,0,30,0,6,0,4,0,0,0,14,0,20,0,15,0,4,0,6,0,19,57,53,9,5,0,2,1,0,0,1,0,0,0,0
0,1,0,0,0,0,0,2,0,2,0,14,0,101,0,0,0,1,0,34,0,35,1,0,0,0,0,61,0,0,0,0,0,0,0,0,0,0,0,0,8,130,0,33,8,193,12,114,8,0,0,11,0,0,0,3,0,0,0,2,0,0,0,0,0,0,0,0,0,14,0,0,0,0,0,0,0,2,0,0,0,5,0,25,0,0,0,0,0,1,0,0,0,10,0,4,0,0,0,2,0,4,0,2,0,1,0,0,0,0,0,0,0,3,0,0,0,0,0,0,0,0,0,0,0,0,0,0,0,0,0,0,0,0,0,2,0,0,0,0,0,0,0,0,0,0,0,0,0,0,0,0,0,0,0,0,0,0,0,0,0,0,0,0,0,12,0,1,0,2,0,0,0,0,0,0,0,37,0,7,0,0,0,0,0,0,6,34,0,5,0,0,0,0,0,0,0,0,0,0,0,0,0,0,0,0,0,0,0,0,0,1,0,0,2,0,0,0,13,39,14,2,0,0,6
0,0,0,0,0,0,0,0,0,0,14,0,182,45,0,0,10,0,116,105,28,43,3,0,0,0,228,224,12,0,4,0,1,0,46,0,10,1,0,0,23,18,56,24,51,13,21,0,8,0,0,15,0,0,0,0,0,0,0,0,0,0,8,0,0,0,0,0,5,0,0,0,3,0,0,0,3,0,0,0,0,0,0,0,0,0,0,0,0,0,0,0,0,0,0,0,12,0,0,0,0,0,0,0,0,0,0,0,0,0,0,0,0,0,0,0,0,0,0,0,0,0,0,0,0,0,0,0,0,0,0,0,0,0,0,0,0,0,0,0,0,0,0,0,0,0,0,0,0,0,0,0,0,0,2,0,0,0,0,0,0,0,0,0,86,0,11,0,49,0,8,0,26,0,0,0,27,0,18,0,5,0,0,0,0,0,55,3,0,0,0,0,0,0,0,0,0,0,0,0,0,0,0,0,0,0,0,0,0,0,2,211,103,2,2,0,0,5,0,8,0,0,0,0,0
0,0,0,0,0,68,0,0,0,0,0,54,33,378,0,13,0,0,0,281,0,58,0,0,0,0,39,255,0,18,0,10,0,57,14,31,0,28,0,16,0,61,11,34,0,18,0,30,2,11,15,0,0,0,0,0,0,0,0,0,0,11,0,19,0,0,0,0,0,0,0,7,0,0,0,0,0,12,0,0,0,140,0,32,0,34,0,61,0,0,0,0,0,0,0,39,0,0,0,48,0,37,0,19,0,0,0,0,0,0,0,0,0,0,0,0,0,0,0,0,0,0,0,0,3,0,0,0,0,0,2,0,0,0,0,0,0,0,0,0,0,0,0,131,0,0,0,0,0,9,0,0,0,0,0,15,0,0,0,0,0,0,0,10,0,27,0,23,0,64,0,32,0,33,0,0,0,54,0,2,0,0,0,0,0,0,9,32,0,0,0,0,0,0,0,17,0,0,0,0,0,0,0,0,0,0,0,0,0,0,0,0,0,0,0,0,0,0,23,89,96,9,0,0,0
5,0,7,0,0,0,196,15,71,124,1,0,4,0,5,0,190,0,0,0,28,0,8,0,139,4,0,0,0,0,0,0,0,0,0,0,14,0,2,0,0,0,0,0,0,0,1,0,0,0,0,0,0,7,73,59,108,25,29,39,31,0,48,3,0,5,4,79,0,0,0,0,0,0,5,0,0,0,0,0,4,0,0,0,36,0,4,0,0,0,0,0,0,0,0,0,0,0,0,0,0,0,0,0,0,0,0,0,0,0,0,0,0,0,0,0,0,0,0,0,0,0,0,0,0,0,0,0,25,0,4,0,11,0,0,0,118,0,123,0,62,0,106,0,9,0,0,0,0,1,0,0,0,0,86,6,54,0,106,5,16,0,6,0,0,0,2,0,0,0,50,0,4,0,0,0,1,1,0,0,0,0,6,0,0,0,0,0,0,0,0,0,0,0,0,0,0,0,0,0,0,0,0,0,0,0,0,0,0,0,208,218,111,162,190,0,17,0,0,0,0,0,0,0,0
4,32,0,0,0,5,32,51,47,138,0,0,0,0,0,8,0,88,0,18,0,30,1,7,0,3,0,0,0,6,0,0,0,23,0,0,0,11,0,26,0,0,0,0,0,0,0,0,0,0,0,0,7,0,21,112,4,29,44,77,0,93,1,70,0,0,45,25,0,0,0,0,0,0,0,0,0,0,0,0,0,4,0,2,0,12,0,0,0,0,0,0,0,1,0,0,0,3,0,8,0,0,0,0,0,0,0,0,0,0,0,0,0,0,0,0,0,0,0,0,0,0,0,0,0,13,0,10,0,45,0,25,0,10,0,16,0,45,1,62,0,5,0,17,0,6,0,0,0,0,0,0,0,0,0,95,0,68,0,139,1,10,0,0,0,1,0,0,0,2,0,36,0,4,0,0,1,4,0,0,0,0,0,11,6,22,0,0,0,0,0,0,0,0,0,0,0,0,0,0,0,0,0,0,0,0,0,0,0,3,0,0,0,0,76,0,0,0,43,93,50,72,0,0,0
0,31,38,0,0,0,245,41,22,352,0,0,0,0,18,0,27,5,15,0,14,0,81,0,243,16,15,0,1,0,0,0,0,0,0,0,4,0,0,0,0,0,0,0,0,0,4,0,3,0,0,0,73,21,0,141,121,18,53,36,19,0,38,13,3,0,18,115,0,0,0,0,0,0,0,0,0,0,0,0,0,0,0,0,0,0,0,0,0,0,0,0,0,0,0,0,0,0,0,0,0,0,0,0,0,0,0,0,0,0,0,0,0,0,0,0,0,0,0,0,0,0,0,0,16,0,23,0,0,0,0,0,36,0,31,0,92,0,6,2,0,0,76,0,0,0,0,0,0,0,0,0,1,0,17,7,5,0,11,0,80,0,9,0,0,0,3,0,7,0,105,0,7,0,0,0,1,0,0,0,0,0,0,0,2,0,0,0,0,0,0,0,0,0,0,0,0,0,0,0,0,0,0,0,0,0,0,0,31,0,205,108,249,348,425,0,32,2,0,0,0,0,0,0,0
26,9,0,42,0,0,156,284,337,108,0,0,0,0,0,154,0,55,0,0,0,47,0,30,12,97,0,0,0,20,0,0,0,16,0,6,0,8,0,31,0,0,0,0,0,0,0,0,0,3,0,0,59,112,141,0,0,152,47,57,0,92,33,184,0,2,74,4,0,0,0,0,0,0,0,0,0,0,0,0,0,0,0,0,0,2,0,0,0,0,0,0,0,0,0,0,0,5,0,4,0,0,0,0,0,0,0,0,0,0,0,0,0,0,0,0,0,0,0,0,0,0,0,0,0,21,0,28,0,25,0,33,0,26,0,28,0,75,0,5,0,0,0,2,0,1,0,0,0,0,0,0,0,0,0,19,0,28,0,0,0,8,0,3,0,0,0,0,0,12,0,139,0,18,0,0,10,4,0,0,0,0,0,16,17,5,0,0,0,0,0,0,0,0,0,0,0,0,0,5,0,0,0,0,0,0,0,0,0,46,4,2,0,0,325,0,0,0,253,100,252,270,0,17,0
0,0,10,0,0,0,26,0,23,19,0,0,0,0,0,1,14,0,0,0,9,0,17,0,60,0,0,0,0,0,0,0,1,0,0,0,0,0,0,0,0,0,4,0,0,0,0,0,12,0,0,0,108,4,121,0,0,48,178,64,2,0,5,0,31,60,56,131,1,0,0,0,0,0,0,0,0,0,0,0,0,0,0,0,0,0,0,0,0,0,0,0,0,0,0,0,0,0,0,0,0,0,0,0,0,0,0,0,0,0,0,0,0,0,0,0,0,0,0,0,0,0,0,0,25,0,29,0,20,0,28,0,20,0,0,0,10,0,7,8,0,0,0,0,6,5,0,0,7,0,0,0,0,0,71,48,9,1,97,32,164,0,71,0,0,0,3,0,38,0,141,0,8,0,0,5,0,0,0,0,0,0,0,0,21,6,0,0,0,0,0,0,0,0,0,0,0,0,0,0,0,0,0,0,0,0,0,0,13,0,379,103,471,464,877,0,61,3,0,0,0,0,0,0,0
0,3,0,1,0,0,0,14,45,8,0,4,0,0,0,17,0,91,0,0,0,0,0,11,0,35,0,0,0,0,0,0,0,0,0,3,0,0,0,0,0,0,0,0,0,0,0,0,0,0,0,0,25,29,18,152,48,0,170,116,0,9,0,6,0,6,127,2,0,0,0,0,0,0,0,0,0,3,0,0,0,0,0,5,0,0,0,0,0,1,0,0,0,1,0,0,0,0,0,0,0,0,0,1,0,0,0,0,0,0,0,0,0,0,0,0,0,0,0,0,0,1,0,0,0,26,0,56,0,52,10,64,0,24,0,18,0,91,0,14,0,0,0,4,9,2,0,0,0,13,0,1,0,2,30,176,0,19,18,91,27,55,0,18,0,0,0,5,0,51,0,311,0,0,0,0,0,0,0,0,1,5,0,0,26,0,0,0,0,0,0,1,0,0,0,0,0,0,0,0,0,0,0,0,0,0,0,0,0,31,0,0,0,3,515,0,0,0,222,81,415,412,0,14,1
0,0,6,0,0,0,29,0,64,89,0,0,0,0,0,0,0,0,0,0,0,0,0,0,8,0,0,0,0,0,0,0,0,0,0,0,0,0,0,0,0,0,0,0,0,0,0,0,7,0,0,0,29,44,53,47,178,170,0,271,26,0,5,0,154,60,318,442,0,0,0,0,0,0,0,0,0,0,0,0,0,0,0,0,0,0,0,0,0,0,0,0,0,0,0,0,0,0,0,0,0,0,0,0,0,0,0,0,0,0,0,0,0,0,0,0,0,0,0,0,0,0,0,0,0,0,5,0,0,0,4,0,0,0,1,0,0,0,0,0,0,1,0,0,2,4,2,0,0,0,0,0,0,0,12,110,11,7,1,74,31,41,7,0,0,0,13,0,16,0,48,0,9,0,0,5,9,0,0,0,22,27,0,0,58,29,0,0,0,0,0,0,0,0,0,0,0,0,0,0,0,0,0,0,0,0,0,0,4,0,628,200,252,469,1212,0,23,0,1,0,0,0,0,0,0
0,3,0,0,0,8,0,3,46,5,0,6,0,0,0,22,0,10,0,0,0,0,0,0,0,21,0,0,0,0,0,0,0,0,0,0,0,0,0,0,0,0,0,0,0,0,0,1,0,2,0,0,39,77,36,57,64,116,271,0,0,63,0,25,0,126,204,58,0,3,0,0,0,0,0,0,0,9,0,0,0,0,0,4,0,0,0,0,0,0,0,0,0,0,0,0,0,0,0,0,0,0,0,0,0,0,0,0,0,0,0,0,0,0,0,0,0,0,0,0,0,0,0,0,0,19,0,9,0,0,0,23,0,0,0,0,0,0,0,3,0,0,0,0,0,21,0,0,0,6,1,3,0,0,40,48,5,110,30,6,0,20,0,19,0,0,0,0,0,60,0,240,0,27,0,7,2,0,0,0,11,28,0,0,63,31,0,0,0,0,0,0,0,0,0,0,0,0,0,0,0,0,0,0,0,0,0,0,0,0,5,0,0,0,1432,0,0,0,834,162,554,664,0,0,0
53,0,0,0,0,0,178,0,89,0,1,0,0,0,0,0,5,0,0,0,0,0,5,0,27,3,2,0,0,0,0,0,2,0,0,0,6,0,0,0,0,0,0,0,0,0,0,0,0,0,0,0,31,0,19,0,2,0,26,0,0,0,5,0,0,0,0,0,0,0,3,0,0,0,0,0,0,0,0,0,0,0,0,0,0,0,0,0,0,0,0,0,0,0,0,0,0,0,0,0,0,0,0,0,0,0,0,0,0,0,0,0,0,0,0,0,0,0,0,0,2,0,0,0,0,0,0,0,0,0,0,0,0,0,0,0,0,0,153,0,25,0,3,0,124,0,0,0,0,0,0,0,0,0,63,0,27,0,36,0,0,0,2,0,0,0,0,0,0,0,35,0,6,0,0,0,0,2,0,0,0,0,14,0,1,0,0,0,0,0,0,0,0,0,0,0,0,0,0,0,0,0,0,0,0,0,0,0,0,0,129,163,20,79,43,0,3,1,1,0,0,0,0,0,0
21,449,0,86,0,0,0,346,0,283,0,0,0,0,0,18,0,42,0,23,0,0,0,0,0,36,0,0,0,8,0,5,0,16,0,0,0,13,0,3,0,0,0,7,0,0,0,0,0,0,0,11,0,93,0,92,0,9,0,63,0,0,5,61,0,0,2,0,0,1,0,0,0,0,0,0,0,0,0,0,0,3,0,0,0,0,0,3,0,0,0,0,0,0,0,0,0,0,0,0,0,0,0,0,0,0,0,0,0,0,0,0,0,0,0,0,0,0,0,0,0,0,0,0,0,0,0,0,0,0,0,0,0,0,0,0,0,14,0,94,0,23,0,22,0,109,0,0,0,0,0,0,0,0,0,55,0,52,0,77,0,1,0,0,0,0,0,0,0,3,0,51,0,21,0,0,15,75,0,3,0,0,0,34,0,0,0,0,0,0,0,0,0,0,0,0,0,0,0,0,0,0,0,0,0,0,0,0,0,0,0,0,0,0,82,0,0,0,119,294,129,76,0,8,0
57,21,57,0,0,0,427,0,143,38,0,0,0,0,0,0,111,7,11,0,27,0,11,0,240,45,62,0,5,0,10,0,37,0,4,0,37,0,9,0,0,0,39,0,54,0,0,0,0,0,8,0,48,1,38,33,5,0,5,0,5,5,0,3,0,0,0,0,0,0,1,0,0,0,0,0,0,0,0,0,0,0,0,0,0,0,0,0,0,0,0,0,0,0,0,0,0,0,0,0,0,0,0,0,0,0,0,0,0,0,0,0,0,0,0,0,0,0,0,0,0,0,1,0,0,0,0,0,2,0,0,1,0,0,0,0,0,0,52,1,0,0,5,0,0,0,0,0,0,0,0,0,0,0,34,0,14,0,0,0,2,0,0,0,1,0,0,0,4,0,12,0,3,0,0,0,0,0,0,0,0,0,65,0,0,0,0,0,0,0,0,0,0,0,0,0,0,0,0,0,0,0,0,0,0,0,0,0,0,0,174,274,18,51,88,0,5,0,0,0,0,0,0,0,0
24,292,20,0,0,0,87,213,43,170,0,0,0,0,0,0,6,77,0,15,0,55,0,4,53,38,0,0,0,59,0,16,0,28,0,20,0,25,0,80,0,0,0,17,0,0,0,0,0,0,0,19,3,70,13,184,0,6,0,25,0,61,3,0,0,0,0,8,0,0,0,0,0,0,0,0,0,0,0,0,0,0,0,0,0,0,0,0,0,0,0,0,0,0,0,0,0,0,0,0,0,0,0,0,0,0,0,0,0,0,0,0,0,0,0,0,0,0,0,0,0,0,0,0,0,0,0,6,0,10,0,4,0,4,0,0,0,17,0,34,0,3,0,10,0,19,0,0,0,0,0,0,0,0,0,12,0,3,0,15,0,0,0,0,0,0,0,2,0,0,0,4,0,6,0,0,10,29,0,0,0,0,0,60,0,6,0,0,0,0,0,0,0,0,0,0,0,0,0,0,0,0,0,0,0,0,0,0,0,5,0,0,0,0,37,0,0,0,47,225,9,12,0,0,0
4,0,6,0,10,1,3,0,95,0,0,0,15,0,4,0,0,0,7,0,0,0,0,0,0,0,10,0,0,0,0,0,0,0,0,0,0,0,0,0,0,0,0,0,1,0,5,0,0,0,0,0,0,0,3,0,31,0,154,0,0,0,0,0,0,111,78,57,0,0,8,3,3,0,0,0,0,0,0,0,0,0,0,0,0,0,0,0,0,0,0,0,0,0,0,0,0,0,0,0,0,0,0,0,0,0,0,0,0,0,0,0,0,0,0,0,0,0,0,0,1,3,0,0,14,0,3,0,1,0,53,57,0,0,0,0,0,0,18,15,0,9,0,0,36,5,11,0,22,0,0,0,0,0,0,71,4,1,3,56,154,125,6,0,0,0,0,0,0,4,0,0,0,0,15,8,0,0,0,0,57,46,0,0,121,6,0,0,0,0,0,0,0,0,0,0,0,0,0,0,0,0,0,0,0,0,0,0,0,0,36,0,0,0,0,0,0,0,0,0,0,0,0,0,0
0,43,0,0,0,5,0,5,0,123,0,28,0,0,3,4,1,0,0,0,0,0,1,0,0,0,0,42,0,0,0,0,0,12,0,0,0,0,0,0,0,0,0,0,0,0,0,0,0,0,0,0,5,0,0,2,60,6,60,126,0,0,0,0,111,0,30,221,0,0,17,44,4,21,18,28,0,2,0,0,10,9,0,0,0,0,3,20,0,0,0,0,0,0,0,0,2,0,0,2,0,0,0,0,0,0,0,0,0,0,0,0,0,0,0,0,0,0,0,0,0,0,0,10,0,16,0,53,0,0,157,41,0,0,9,0,2,0,43,30,0,39,0,0,38,56,0,20,68,172,0,14,0,9,12,6,4,1,21,7,200,237,9,31,0,0,0,0,0,11,0,5,0,12,4,35,0,0,0,0,36,90,0,12,30,67,0,0,0,0,0,0,0,0,0,0,0,2,0,0,0,0,0,0,0,0,0,27,0,41,0,0,0,0,112,0,0,0,105,12,88,80,0,0,0
0,0,0,0,0,0,2,0,107,102,0,0,0,0,0,0,0,0,0,0,0,0,0,0,0,0,0,0,0,0,0,0,0,0,0,0,0,0,0,0,0,0,0,0,1,0,0,0,0,0,0,0,4,45,18,74,56,127,318,204,0,2,0,0,78,30,0,242,0,0,0,0,0,0,0,0,0,0,0,0,0,0,0,0,0,0,0,0,0,0,0,0,0,0,0,0,0,0,0,0,0,0,0,0,0,0,0,0,0,0,0,0,0,0,0,0,0,0,0,0,0,0,0,0,0,0,0,0,0,0,11,0,0,0,0,0,0,0,0,10,0,0,0,0,0,0,0,0,13,0,0,0,0,0,4,68,8,0,0,39,59,0,0,0,0,0,1,0,0,0,6,0,0,0,10,17,33,0,0,0,37,19,0,0,429,19,0,0,0,0,0,0,0,0,0,0,0,0,0,0,0,0,0,0,0,0,0,0,0,0,101,25,11,0,75,0,4,0,0,0,0,0,0,0,0
0,9,0,0,0,0,32,1,91,83,0,5,0,0,0,0,0,0,0,0,0,0,0,0,0,0,0,2,0,0,0,0,0,0,0,0,0,0,0,0,0,0,0,0,0,0,0,0,0,0,0,0,79,25,115,4,131,2,442,58,0,0,0,8,57,221,242,0,0,1,0,0,0,0,0,1,0,3,0,0,0,0,0,0,0,0,0,0,0,0,0,0,0,0,0,0,0,0,0,0,0,0,0,0,0,0,0,1,0,0,0,0,0,0,0,0,0,0,0,0,0,0,0,0,0,12,0,12,0,0,0,16,0,0,0,0,0,0,0,6,0,0,0,0,0,22,0,0,0,12,0,0,0,0,54,21,0,45,41,16,0,45,0,9,0,0,0,0,0,17,0,60,0,9,0,52,2,0,0,0,16,62,0,0,87,236,0,0,0,0,0,0,0,0,0,0,0,0,0,0,0,0,0,0,0,0,0,1,0,8,0,0,0,0,352,0,0,0,277,83,162,140,0,0,0
0,0,0,0,0,0,0,0,0,0,0,0,0,0,0,0,0,0,0,0,0,0,0,0,0,0,0,0,0,0,0,0,0,0,0,0,0,0,0,0,5,0,0,0,0,0,0,0,2,0,5,0,0,0,0,0,1,0,0,0,0,0,0,0,0,0,0,0,0,0,0,0,2,0,0,0,45,0,16,0,0,0,45,0,22,0,9,0,3,0,0,0,63,0,34,0,0,0,0,0,18,0,157,0,52,0,10,0,37,0,1,0,0,0,0,0,2,0,1,0,0,0,0,0,0,0,0,0,0,0,0,0,0,0,0,0,0,0,0,0,0,0,30,0,0,0,0,0,0,0,0,0,0,0,0,0,0,0,0,0,0,0,0,0,23,0,0,0,116,0,1,0,0,0,0,0,0,0,0,0,0,0,0,0,0,0,0,0,0,0,19,0,37,0,21,0,2,0,0,0,0,0,0,0,0,0,0,0,0,0,36,0,78,4,0,11,81,0,0,0,0,0,0,0,0
0,1,0,1,0,0,0,0,0,0,0,0,0,7,0,0,0,0,0,0,0,0,0,0,0,0,0,7,0,0,0,0,0,0,0,1,0,0,0,0,0,2,0,0,0,25,0,6,0,14,0,0,0,0,0,0,0,0,0,3,0,1,0,0,0,0,0,1,0,0,0,0,0,7,0,0,0,84,0,0,0,0,0,7,0,0,0,9,0,6,0,0,0,17,0,6,0,0,0,0,0,0,0,109,0,0,0,0,0,29,0,2,0,1,0,1,0,7,0,0,0,0,0,0,0,0,0,0,0,0,0,0,0,0,0,2,0,0,0,0,0,0,0,0,0,0,0,0,0,0,0,0,0,0,0,0,0,0,0,2,0,2,0,0,0,51,0,0,0,20,0,3,0,0,0,0,0,0,0,0,0,0,0,0,0,0,0,0,0,8,0,2,0,0,0,2,0,0,0,0,0,0,0,0,0,0,0,0,0,0,0,0,0,0,1,0,0,0,7,8,38,0,6,0,0
0,0,0,0,0,0,0,0,0,0,0,0,0,0,5,0,5,0,18,0,0,0,6,0,0,0,0,0,0,0,4,0,21,0,0,0,44,0,0,0,7,0,16,0,73,0,10,0,10,0,0,0,0,0,0,0,0,0,0,0,3,0,1,0,8,17,0,0,0,0,0,0,118,0,231,0,0,0,157,0,26,3,0,0,0,0,72,0,0,0,0,0,0,0,0,0,2,0,0,2,0,0,0,0,0,0,0,0,0,0,0,0,0,0,0,0,0,0,0,0,26,1,0,0,30,0,0,0,6,0,23,0,25,2,21,0,10,0,9,0,88,4,38,0,26,3,33,0,21,19,0,0,0,5,0,0,9,0,0,0,37,20,92,0,0,0,60,0,38,0,39,0,21,0,14,0,0,0,0,0,47,10,0,0,48,0,0,0,0,0,0,0,0,0,0,0,7,0,0,0,3,0,0,0,0,0,0,0,0,0,37,4,66,24,15,0,5,0,0,0,0,0,1,0,0
0,0,0,0,0,0,0,0,0,0,0,0,0,0,0,4,0,0,0,0,0,11,0,0,0,0,0,0,0,0,0,0,0,0,0,0,0,0,0,1,0,0,0,12,0,10,0,0,0,0,0,7,0,0,0,0,0,0,0,0,0,0,0,0,3,44,0,0,0,0,0,0,2,65,0,106,0,4,0,10,0,0,0,0,0,0,0,54,0,0,0,0,0,0,0,0,0,0,0,0,0,0,0,0,0,0,0,0,0,0,0,0,0,0,0,0,0,0,0,0,0,18,0,16,0,72,0,45,0,6,0,59,7,0,0,0,0,11,0,0,0,39,0,8,0,32,19,0,5,88,0,0,0,0,0,0,0,3,0,0,0,13,2,37,0,0,0,0,0,0,0,14,0,16,0,18,0,0,0,0,2,0,0,0,0,19,0,0,0,0,0,0,0,0,0,0,0,0,0,0,0,0,0,0,0,0,0,0,0,0,0,0,0,5,21,0,0,0,87,2,24,0,0,0,0
0,0,0,0,0,0,0,0,0,0,0,0,0,0,0,0,0,0,0,0,0,0,0,0,0,0,0,0,0,0,0,0,0,0,1,0,0,0,0,0,0,0,0,0,0,0,0,0,0,0,3,0,0,0,0,0,0,0,0,0,0,0,0,0,3,4,0,0,2,0,118,2,0,0,218,0,40,0,174,0,4,0,25,0,0,0,6,0,0,0,0,0,0,0,9,0,0,0,0,0,0,0,0,0,0,0,0,0,0,0,0,0,0,0,0,0,0,0,0,0,35,0,15,0,35,9,48,0,1,1,20,8,36,0,47,0,33,0,0,0,82,0,112,0,26,0,24,0,6,9,38,0,0,4,0,0,2,0,1,0,0,0,66,0,0,0,4,0,10,0,5,0,3,0,10,0,0,0,0,0,27,0,0,0,10,0,0,0,7,0,0,0,14,1,0,0,0,0,0,0,24,0,59,0,0,0,40,0,167,0,123,0,27,17,29,0,2,0,0,0,0,0,0,0,0
0,0,0,0,0,0,0,0,0,0,0,0,0,0,0,0,0,0,0,0,0,0,0,0,0,0,0,0,0,0,0,0,0,0,0,0,0,0,0,0,0,0,0,0,0,0,0,0,0,0,0,0,0,0,0,0,0,0,0,0,0,0,0,0,0,21,0,0,0,7,0,65,0,0,1,174,0,81,0,30,0,4,0,7,0,28,0,101,0,0,0,0,0,0,0,2,0,0,0,0,4,0,0,0,0,0,0,0,0,0,0,0,0,0,0,2,0,0,0,0,1,26,0,26,0,59,0,0,0,2,0,25,0,0,0,116,0,40,0,0,0,26,0,36,0,34,0,28,0,32,0,23,0,15,1,0,0,0,0,2,0,0,0,52,0,2,0,0,1,20,0,4,0,5,0,0,0,0,0,0,0,0,0,0,0,7,0,0,0,37,0,0,0,0,0,0,0,0,0,63,0,43,0,0,0,33,0,0,5,79,0,0,0,10,32,0,0,0,64,0,32,14,0,0,1
0,0,0,0,0,0,0,0,0,0,0,0,0,0,0,0,20,0,0,0,15,0,0,0,1,0,54,0,0,0,0,0,23,0,0,0,38,0,0,0,4,0,0,0,60,0,0,0,0,0,0,0,5,0,0,0,0,0,0,0,0,0,0,0,0,18,0,0,0,0,231,0,218,1,0,0,4,0,159,0,49,0,22,0,31,0,78,5,0,0,0,0,0,0,0,0,0,0,18,1,0,0,0,0,0,0,0,0,0,0,0,0,0,0,0,0,0,0,0,0,100,0,28,0,30,20,0,0,3,0,0,0,12,0,0,3,0,0,12,0,75,5,123,0,59,0,41,12,23,26,11,1,21,0,1,4,0,0,0,0,6,0,58,0,0,0,31,0,30,4,23,0,21,0,29,1,0,0,0,0,47,6,0,0,47,0,0,0,0,0,0,0,0,0,0,0,0,0,0,0,21,0,57,0,0,0,0,0,0,0,42,0,44,18,21,0,0,0,5,0,0,0,0,0,0
0,0,0,0,0,0,0,0,0,0,0,0,0,0,0,0,0,0,0,0,0,0,0,1,0,0,0,0,0,0,0,0,0,0,0,0,0,0,0,0,0,0,0,0,0,0,0,0,0,0,0,0,0,0,0,0,0,0,0,0,0,0,0,0,0,28,0,1,0,0,0,106,0,174,0,0,0,4,0,16,0,0,0,0,0,8,0,48,0,0,0,0,0,1,0,0,0,0,0,0,0,0,0,0,0,0,4,0,0,0,0,0,0,0,0,0,0,0,0,0,0,101,0,27,6,0,0,64,0,1,0,0,0,0,0,16,0,0,1,1,0,18,0,21,0,67,0,18,0,60,0,0,0,0,0,1,0,5,0,0,14,0,0,46,0,0,0,0,0,0,0,4,0,0,1,14,0,0,0,0,0,30,0,0,0,8,0,0,0,0,0,0,0,0,0,0,0,0,0,0,0,2,0,0,0,0,0,0,0,0,0,0,0,0,11,0,0,0,34,0,13,5,0,0,0
0,0,0,0,0,0,0,0,0,0,0,0,11,0,0,0,0,0,0,0,0,0,0,0,0,0,0,0,0,0,0,0,0,0,0,0,0,0,0,0,0,0,0,0,0,0,0,0,1,0,3,0,0,0,0,0,0,0,0,0,0,0,0,0,0,0,0,0,45,0,0,0,40,0,4,0,0,0,43,0,12,0,48,0,0,0,18,0,0,0,0,0,11,0,34,0,0,0,0,0,0,0,49,0,0,0,0,0,18,0,0,0,0,0,2,0,8,0,0,0,9,0,0,0,0,0,0,0,0,0,0,0,0,0,0,1,0,0,0,0,0,0,0,0,0,0,0,0,0,0,0,0,0,0,0,0,0,0,0,0,0,0,0,3,12,0,0,0,47,0,1,0,0,0,0,0,0,0,0,0,0,0,0,0,0,0,0,0,43,0,0,0,0,0,0,0,0,0,0,0,30,0,0,0,0,0,0,0,0,0,16,0,57,4,0,0,14,0,0,0,0,0,0,0,0
0,2,0,0,0,0,0,0,0,3,0,0,0,0,0,0,0,0,0,0,0,0,0,0,0,0,0,0,0,0,0,0,0,0,0,0,0,0,0,0,0,0,0,0,0,31,0,0,0,2,0,12,0,0,0,0,0,3,0,9,0,0,0,0,0,2,0,3,0,84,0,4,0,81,0,4,0,0,0,5,0,60,0,137,0,9,0,98,0,13,0,1,0,86,0,32,0,0,0,6,0,4,0,92,0,0,0,0,0,21,0,2,0,0,0,11,0,50,0,0,0,2,0,3,0,0,0,0,0,0,0,3,0,0,0,0,0,0,0,0,0,3,0,0,0,1,6,0,0,0,0,0,0,0,0,1,0,2,1,0,1,0,3,13,0,31,0,0,0,99,0,1,0,0,0,0,0,0,0,0,0,0,0,0,0,0,0,0,0,0,0,11,0,0,0,0,0,2,0,0,0,0,0,0,0,0,0,0,0,0,0,0,0,0,0,0,0,0,65,5,97,9,3,1,0
0,0,0,0,0,0,0,0,0,0,0,0,0,0,0,0,0,0,0,0,0,0,0,0,0,0,0,0,0,0,0,0,0,0,0,0,0,0,0,0,0,0,0,0,20,0,0,0,2,0,0,0,0,0,0,0,0,0,0,0,0,0,0,0,0,0,0,0,16,0,157,0,174,0,159,0,43,0,0,0,12,0,67,0,72,0,56,0,0,0,0,0,2,0,32,0,0,0,6,0,0,0,11,0,0,0,2,0,8,0,0,0,0,0,1,0,5,0,0,0,66,0,15,0,0,6,0,0,0,1,0,0,0,0,0,0,0,0,0,0,33,0,55,0,0,0,0,0,0,0,0,0,0,0,0,0,0,0,0,0,0,0,25,0,18,0,0,0,77,0,0,0,0,0,8,0,0,0,0,0,0,3,0,0,9,0,7,0,0,0,0,0,0,0,0,0,0,0,0,0,71,0,93,0,0,0,0,0,0,0,172,8,67,13,38,5,16,0,0,0,0,0,0,0,0
0,0,0,0,0,0,0,0,0,0,0,0,0,0,0,0,0,0,0,0,0,0,0,0,0,0,0,0,0,0,0,0,0,0,0,0,0,0,0,0,0,0,0,0,0,0,0,0,0,0,0,0,0,0,0,0,0,0,0,0,0,0,0,0,0,0,0,0,0,0,0,10,0,30,0,16,0,5,0,0,0,1,0,0,0,5,0,24,0,0,0,0,0,0,0,0,0,0,0,0,0,0,0,0,0,0,0,0,0,0,0,0,0,0,0,0,0,0,0,0,0,28,0,29,0,0,0,0,0,0,0,0,2,0,0,15,0,20,0,0,0,10,0,11,0,22,0,0,0,28,0,0,0,0,0,0,0,0,0,0,0,0,0,7,0,0,0,0,0,0,0,0,0,7,0,3,0,0,0,0,1,9,0,0,0,0,0,0,0,0,0,0,0,0,0,0,0,0,0,0,0,0,0,0,0,0,0,0,0,16,0,0,0,0,0,0,0,0,20,0,0,4,0,0,0
