0,629,51,153,120,0,13,251,51,52,175,24,169,0,21,61,14,90,0,0,8,0,16,171,8,174,0,0,55,0,0,0,98,0,0,0,77,0,380,0,0,0,0,0,0,0,30,0,7,0,0,0,0,0,2,0,0,0,8,0,97,0,38,0,9,0,6,0,0,0,0,0,0,0,0,0,0,0,0,0,0,0,0,0,0,0,0,0,0,0,0,0,0,0,0,0,0,0,0,0,0,0,0,0,0,0,0,0,0,0,0,0,0,0,0,0,0,0,0,0,0,0,0,0,7,0,15,0,0,0,1,0,0,0,0,0,0,0,0,0,0,0,0,0,0,0,19,0,15,0,24,3,0,0,0,0,0,0,0,0,0,0,0,0,0,0,0,0,0,0,51,0,241,0,0,0,326,139,18,0,0,0,93,0,52,0,0,0,0,0,0,0,0,0,0,0,0,0,0,0,0,0,0,0,0,0,0,0,15,0,933,87,312,0,316,0,0,0,0,0,15,0,0,0,0
629,0,266,50,0,179,134,20,113,58,48,193,0,86,28,50,112,12,0,91,8,25,316,36,297,3,0,303,0,42,0,0,0,239,0,0,2,301,17,355,0,62,1,0,0,0,0,115,0,10,0,0,0,0,0,5,0,0,0,43,0,68,13,50,0,67,0,11,0,0,0,0,0,0,0,0,0,0,0,0,0,0,0,0,0,0,0,0,0,0,0,0,0,0,0,0,0,0,0,0,0,0,0,0,0,0,0,19,0,0,0,0,0,0,0,0,0,0,0,0,0,0,0,0,0,8,0,11,0,0,0,18,0,0,0,27,0,25,0,0,0,0,0,0,0,0,0,14,0,65,0,167,0,73,0,0,0,0,0,0,0,4,0,5,0,23,0,0,0,0,0,33,0,344,0,20,230,337,0,2,0,99,0,14,0,145,0,0,0,0,0,0,0,0,0,5,0,0,0,0,0,14,0,0,0,0,0,16,0,41,0,9,0,0,283,0,0,0,926,99,456,124,11,31,0
51,266,0,84,347,0,63,45,5,0,54,51,108,0,185,107,33,24,102,0,36,0,285,107,57,24,104,0,120,0,0,0,230,0,0,0,78,0,256,0,0,0,0,0,37,0,53,0,15,0,0,0,3,0,75,0,8,0,0,2,13,0,15,2,15,0,0,1,0,0,0,0,1,0,0,0,0,0,0,0,0,0,0,0,0,0,0,0,0,0,0,0,0,0,0,0,0,0,0,0,0,0,0,0,0,0,0,0,0,0,0,0,0,0,0,0,0,0,0,0,0,0,0,0,16,0,47,0,22,0,0,0,0,0,217,0,54,0,0,0,0,0,156,0,0,0,71,0,36,0,135,0,37,0,4,0,5,0,0,0,0,0,0,0,0,0,151,0,46,0,0,0,240,0,0,0,53,57,2,1,12,0,0,0,24,0,0,0,0,0,0,0,0,0,0,0,1,0,66,0,47,0,0,0,0,0,0,0,176,0,546,38,469,93,203,0,3,0,12,0,0,0,0,0,0
153,50,84,0,0,224,0,135,6,0,90,14,0,0,0,517,21,18,0,345,0,126,168,494,0,99,0,129,0,183,0,42,0,374,0,0,0,198,0,346,0,0,0,0,0,0,0,0,0,0,0,0,0,0,0,82,0,0,0,0,0,5,0,0,0,0,0,0,0,0,0,0,0,0,0,0,0,0,0,0,0,0,0,0,0,72,0,0,0,0,0,0,0,0,0,0,0,131,0,0,0,0,0,0,0,0,0,95,0,0,0,0,0,0,0,0,0,0,0,0,0,0,0,0,0,0,0,0,0,6,0,19,0,0,0,231,0,131,0,0,0,0,0,87,0,0,0,0,0,0,0,0,0,0,0,0,0,0,0,0,0,2,0,0,0,18,0,110,0,0,0,0,0,182,0,0,43,34,0,0,0,0,0,0,0,0,0,0,0,0,0,0,0,0,0,0,0,0,0,0,0,73,0,0,0,0,0,0,0,0,0,0,0,0,110,0,0,0,239,18,269,0,0,0,0
120,0,347,0,0,428,17,0,29,0,140,220,207,73,141,414,3,0,203,164,116,61,78,101,0,0,247,0,0,0,125,0,240,24,222,0,127,22,33,0,102,0,0,9,40,0,159,0,12,0,56,0,3,0,5,0,0,0,4,0,0,0,0,0,18,0,0,0,0,0,0,0,0,0,0,0,0,0,0,0,0,0,0,0,0,0,0,0,0,0,0,0,0,0,0,0,0,0,0,0,0,0,0,0,0,0,0,0,0,0,0,0,0,0,0,0,0,0,0,0,0,0,0,0,0,0,30,0,0,0,0,0,0,0,55,0,0,0,0,0,0,0,0,0,0,0,34,0,44,0,138,0,91,0,3,0,5,0,0,0,0,0,0,0,77,0,399,0,287,0,0,0,279,0,0,0,180,114,49,2,140,0,31,0,79,0,0,0,0,0,0,0,0,0,0,0,0,0,0,0,0,0,0,0,0,0,0,0,44,0,647,260,990,174,269,4,4,0,0,0,0,0,0,0,0
0,179,0,224,428,0,0,176,0,15,186,202,220,120,469,256,4,2,235,332,156,396,49,115,0,17,0,496,0,13,22,112,0,174,0,229,0,247,0,0,0,41,0,0,0,0,0,133,0,3,10,77,0,0,0,12,0,0,0,0,0,0,0,0,0,49,0,0,0,1,0,0,0,0,0,0,0,0,0,0,0,0,0,0,0,0,1,0,0,0,0,0,0,0,0,0,0,0,0,0,0,0,0,19,0,0,0,0,0,0,0,0,0,0,0,0,0,0,0,0,0,0,0,0,0,0,0,0,0,0,0,0,0,0,0,215,0,94,0,0,0,0,0,0,0,0,0,0,0,66,0,156,0,46,0,0,0,0,0,0,0,0,0,6,0,53,0,325,0,0,0,0,0,166,0,0,52,313,43,30,0,68,0,1,0,59,0,0,0,0,0,0,0,0,0,0,0,0,0,0,0,93,0,0,0,0,0,0,0,58,0,0,0,0,101,0,0,0,272,105,392,0,11,8,0
13,134,63,0,17,0,0,135,98,310,2,0,7,0,3,1,0,0,0,0,0,0,7,11,263,105,0,0,44,0,0,0,0,0,0,0,0,0,87,0,0,0,0,0,0,0,0,0,0,0,0,0,68,8,60,0,8,0,5,0,218,0,301,41,25,0,29,7,0,0,0,0,0,0,0,0,0,0,0,0,0,0,0,0,0,0,0,0,0,0,0,0,0,0,0,0,0,0,0,0,0,0,0,0,0,0,0,0,0,0,0,0,0,0,0,0,0,0,0,0,0,0,0,0,43,0,58,0,21,0,38,0,14,0,71,0,16,0,2,0,0,0,0,0,0,0,24,0,21,0,29,0,0,0,3,0,0,0,0,0,2,0,0,0,2,0,0,0,21,0,204,0,149,0,0,0,32,35,0,0,0,0,2,0,0,0,0,0,0,0,0,0,0,0,0,0,0,0,0,0,0,0,0,0,0,0,0,0,73,0,653,74,256,243,472,0,22,0,0,0,7,0,0,0,0
251,20,45,135,0,176,135,0,271,31,0,35,0,11,0,47,46,11,0,105,2,28,37,51,212,165,0,125,0,107,0,0,0,54,0,0,0,195,0,505,0,18,0,0,0,0,0,0,0,0,0,0,40,21,20,132,0,22,0,28,0,293,54,222,0,9,0,12,0,0,0,1,0,0,1,0,0,0,0,0,0,0,0,0,0,9,0,0,0,0,0,0,0,0,0,0,0,0,0,6,0,0,0,0,0,0,0,35,0,0,0,0,0,0,0,0,0,0,0,0,0,0,0,0,0,23,0,29,0,2,0,109,0,12,0,90,0,90,0,0,0,0,0,0,0,0,0,17,0,24,0,21,0,8,0,2,0,0,0,0,0,15,0,0,0,15,0,9,0,0,0,39,0,349,0,0,47,25,0,0,0,0,0,4,0,2,0,0,0,0,0,0,0,0,0,0,0,2,0,11,0,38,0,0,0,3,0,0,0,92,0,0,0,2,454,0,0,0,848,43,370,240,0,78,0
51,113,5,6,29,0,98,271,0,694,62,0,74,0,0,0,5,26,14,0,0,0,0,8,32,209,0,0,4,0,0,0,0,0,0,0,0,2,27,0,0,0,0,0,15,0,50,0,3,0,0,0,50,23,26,142,0,0,177,50,171,0,148,106,206,0,159,42,0,0,0,0,0,0,0,0,0,0,0,0,0,0,0,0,0,0,0,0,0,0,0,0,0,0,0,0,0,0,0,0,0,0,0,0,0,0,0,0,0,0,0,0,0,0,0,0,0,0,0,0,0,0,0,0,82,0,66,0,1,0,28,0,8,0,11,0,0,0,0,0,0,0,0,0,0,0,54,0,133,0,100,0,69,0,0,0,0,0,0,0,4,0,0,0,4,0,0,0,16,0,145,0,58,0,4,0,450,90,11,0,38,0,13,9,112,15,0,0,0,0,0,0,0,0,0,0,0,0,4,0,0,0,0,0,0,0,0,0,19,0,335,64,114,72,143,0,0,0,0,0,0,0,0,0,0
52,58,0,0,0,15,310,31,694,0,0,25,1,0,0,0,0,1,0,5,0,0,0,0,250,11,0,0,0,0,0,0,0,0,0,0,0,0,0,0,0,0,0,0,0,2,0,0,0,0,0,0,163,80,170,28,9,2,0,102,0,155,123,180,0,190,94,97,0,0,0,0,0,0,0,0,0,0,0,0,0,0,0,0,0,0,0,0,0,0,0,0,0,0,0,0,0,0,0,0,0,0,0,0,0,0,0,0,0,0,0,0,0,0,0,0,0,0,0,0,0,0,0,0,0,31,0,43,0,0,0,91,0,0,0,56,0,37,0,0,0,3,0,0,0,0,0,49,0,127,0,96,0,23,0,2,0,12,0,0,0,14,0,0,0,0,0,0,1,15,0,26,0,103,0,0,159,238,0,0,0,0,0,8,7,92,0,0,0,0,0,0,0,0,0,0,0,0,0,0,0,0,0,0,0,0,0,0,0,141,0,0,0,0,155,0,0,0,443,51,126,0,0,42,0
175,48,54,90,140,186,2,0,62,0,0,93,456,0,22,284,0,5,27,31,58,23,4,95,0,0,54,0,0,0,49,0,201,16,36,0,91,0,0,0,101,0,7,0,50,0,176,0,0,0,23,0,0,0,6,0,0,0,0,0,0,0,0,0,9,0,0,0,0,0,0,0,1,0,0,0,0,0,0,0,0,0,0,0,0,0,0,0,0,0,0,0,0,0,0,0,0,0,0,0,0,0,0,0,0,0,0,0,0,0,0,0,0,0,0,0,0,0,0,0,0,0,0,0,0,0,0,0,0,0,0,0,0,0,0,0,0,0,0,0,0,0,0,0,0,0,7,0,15,0,50,0,0,0,0,0,0,0,0,0,0,0,0,0,0,0,69,9,0,0,0,0,70,0,32,0,194,56,191,0,153,0,35,0,30,0,62,0,0,0,0,0,0,0,0,0,0,0,0,0,0,0,0,0,0,0,0,0,8,0,431,209,307,0,104,0,0,0,0,0,27,0,0,0,0
24,193,51,14,220,202,0,35,0,25,93,0,33,325,280,25,0,16,39,67,76,100,86,47,0,0,0,417,0,16,0,54,0,207,0,102,0,130,0,31,0,308,0,14,0,65,0,314,0,35,0,0,0,4,0,0,0,0,0,7,0,0,0,0,0,22,0,3,0,0,0,0,0,0,0,0,0,0,0,0,0,0,0,0,0,0,0,0,0,0,0,0,0,0,0,0,0,0,0,0,0,0,0,0,0,0,0,0,0,0,0,3,0,0,0,0,0,0,0,11,0,0,0,0,0,0,0,0,0,0,0,0,0,0,0,0,0,15,0,0,0,0,0,0,0,0,0,0,0,34,0,141,0,83,0,0,0,0,0,0,0,0,0,1,0,15,0,124,0,0,0,0,0,110,0,0,29,229,11,27,0,134,0,0,0,85,0,2,0,0,0,0,0,0,0,0,0,0,0,0,0,21,0,0,0,0,0,17,0,30,0,0,0,0,61,0,0,0,288,100,342,0,7,0,0
169,0,108,0,207,220,7,0,74,1,456,33,0,676,31,58,0,0,85,332,75,68,41,0,0,0,170,641,0,0,10,0,0,0,158,34,0,0,0,0,242,29,211,25,50,21,291,68,7,1,303,23,0,0,10,0,0,0,0,0,0,0,0,0,18,0,0,0,0,0,0,0,0,0,6,0,0,0,0,0,0,0,0,0,0,0,0,0,0,0,0,0,0,0,0,0,0,0,0,0,0,0,0,0,0,0,0,0,0,0,0,0,0,0,0,0,0,0,0,0,0,0,0,0,0,0,0,0,0,0,4,0,0,0,0,0,0,0,0,0,0,0,0,0,0,0,21,0,38,0,96,0,47,0,0,0,0,0,0,0,0,0,0,0,167,0,32,0,105,0,0,0,0,0,0,0,230,75,102,0,107,0,66,0,59,0,114,0,0,0,0,0,0,0,0,0,0,0,0,0,0,0,0,0,0,0,0,0,24,0,39,201,341,41,19,0,0,4,0,0,30,0,0,0,0
0,86,0,0,73,120,0,11,0,0,0,325,676,0,29,4,0,0,289,90,61,147,0,0,0,0,480,110,0,0,0,11,0,0,0,302,0,67,0,0,228,264,22,218,0,27,68,180,0,25,0,433,0,0,0,1,0,0,0,0,0,0,0,0,0,0,0,0,0,0,0,0,0,0,0,0,0,0,0,0,0,0,0,0,0,0,0,0,3,0,0,0,0,0,0,0,0,0,0,0,0,0,0,0,0,0,0,0,0,0,0,0,0,0,0,0,0,0,0,0,0,0,0,0,0,0,0,0,0,0,0,0,0,0,0,0,0,0,0,0,0,0,0,0,0,0,0,0,0,14,0,0,0,0,0,0,0,0,0,0,0,0,0,0,0,99,0,33,0,166,0,0,0,0,0,0,37,509,0,68,0,215,0,0,0,0,61,61,0,0,0,0,0,0,0,0,0,0,0,0,0,0,0,0,0,0,0,0,0,0,0,19,32,0,0,0,0,0,0,199,289,0,0,0,0
21,28,185,0,141,469,3,0,0,0,22,280,31,29,0,539,15,0,255,104,175,60,258,120,41,0,174,0,0,0,228,0,181,26,122,25,112,0,0,0,0,0,0,0,34,0,0,0,0,0,24,0,0,0,0,0,0,0,0,0,0,0,5,0,2,0,0,0,0,0,0,0,0,0,0,0,0,0,0,0,0,0,0,0,0,0,0,0,0,0,0,0,0,0,0,0,58,0,0,0,0,0,0,0,0,0,0,0,0,0,0,0,0,0,0,0,0,0,1,0,0,0,0,0,0,0,11,0,0,0,0,0,0,0,108,0,0,0,0,0,0,0,0,0,0,0,0,0,29,0,96,0,0,0,3,0,3,0,0,0,0,0,0,0,0,0,110,0,33,0,0,0,0,0,11,0,38,47,19,6,36,0,9,0,25,0,0,0,0,0,0,0,0,0,0,0,0,0,0,0,33,0,0,0,0,0,0,0,111,0,80,61,121,16,34,0,0,0,0,0,0,0,0,0,0
61,50,107,517,414,256,1,47,0,0,284,25,58,4,539,0,8,8,40,328,147,239,128,82,6,72,0,136,0,4,29,31,0,42,8,19,5,98,0,0,0,0,0,0,0,25,0,0,0,0,0,5,0,0,0,16,0,23,0,0,0,0,0,13,0,5,0,0,0,0,0,0,0,0,0,0,0,0,0,0,0,271,0,0,0,204,0,0,0,0,0,145,0,0,0,0,0,266,0,350,0,346,0,0,0,0,0,0,0,0,0,0,0,0,0,0,0,0,0,0,0,16,0,0,0,0,0,0,0,0,0,0,0,0,0,129,0,139,0,0,0,48,0,207,0,0,0,0,0,0,0,17,0,3,0,0,0,0,0,0,0,0,0,0,0,4,6,63,0,37,0,2,0,31,1,2,19,73,41,19,0,6,0,0,0,0,0,0,0,0,0,0,0,0,0,0,0,0,0,0,0,0,0,0,0,0,0,0,0,22,11,0,24,0,9,0,0,0,118,64,50,11,0,0,0
14,112,33,21,3,4,0,46,5,0,0,0,0,0,15,8,0,7,59,0,252,0,53,27,115,42,165,0,230,0,84,0,224,0,32,0,21,0,213,3,0,0,0,0,0,0,0,0,5,0,0,0,171,0,0,0,0,0,0,0,29,1,378,0,0,0,0,0,0,0,24,0,0,0,40,0,0,0,0,0,110,0,0,0,526,0,93,0,0,0,109,0,0,0,0,0,393,0,485,0,0,0,0,0,12,0,248,0,0,0,0,0,0,0,0,0,0,0,0,0,118,0,111,0,0,0,0,0,58,0,0,0,0,0,13,0,79,0,87,0,50,0,318,0,22,0,0,0,0,0,0,0,0,0,23,0,0,0,0,0,4,0,0,0,0,0,7,0,0,0,13,0,86,0,0,0,0,0,0,0,5,0,23,0,0,0,0,0,0,0,0,0,0,0,0,0,0,0,0,0,43,0,0,0,0,0,0,0,9,0,80,28,96,0,46,0,0,0,0,0,0,0,0,1,0
90,12,24,18,0,2,0,11,26,1,5,16,0,0,0,8,7,0,0,0,0,117,36,93,41,67,1,0,0,137,0,7,0,97,0,0,0,33,0,271,0,0,0,0,0,0,0,0,0,0,0,5,0,74,0,8,0,40,0,0,0,18,0,264,0,0,0,0,0,0,0,3,0,0,0,0,0,0,0,0,0,0,0,0,0,85,0,0,0,0,0,22,0,0,0,0,0,54,0,77,0,80,0,0,0,0,0,0,0,0,0,0,0,0,0,0,0,0,0,0,0,26,0,0,0,0,0,0,0,0,0,0,0,15,0,28,0,187,0,107,0,137,0,360,0,0,0,0,0,0,0,0,0,0,0,43,0,1,0,93,0,0,0,0,0,0,0,4,0,0,0,0,0,23,0,0,0,8,0,25,0,1,2,22,0,0,0,0,0,0,0,0,0,0,0,0,0,0,0,0,0,0,0,0,0,0,0,0,0,0,0,0,0,0,0,0,0,0,17,13,35,0,0,0,0
0,0,102,0,203,235,0,0,14,0,27,39,85,289,255,40,59,0,0,247,220,69,326,3,40,0,219,161,8,0,20,0,0,0,286,36,39,7,0,0,0,3,64,11,52,10,37,11,0,1,246,0,21,0,0,0,0,0,0,0,1,0,0,0,0,0,0,0,0,0,0,0,0,0,0,0,0,0,0,0,0,0,0,0,0,0,0,0,0,0,0,0,0,0,0,0,0,0,0,0,0,0,0,0,0,0,0,0,0,0,0,0,0,0,0,0,0,0,0,0,0,0,0,0,0,0,0,0,0,0,0,0,0,0,75,0,0,0,0,0,12,0,0,0,11,0,0,0,21,0,66,0,0,0,5,0,0,0,0,0,0,0,0,0,64,0,19,0,95,0,3,1,12,0,0,0,31,16,20,0,0,0,0,0,34,0,18,0,0,0,0,0,0,0,0,0,0,0,0,0,0,0,0,0,0,0,0,0,0,0,24,126,145,32,0,0,0,0,13,0,0,0,0,0,0
0,91,0,345,164,332,0,105,0,5,31,67,332,90,104,328,0,0,247,0,70,377,0,81,0,52,37,514,0,2,0,78,0,11,19,313,0,75,0,0,13,0,0,55,0,92,0,29,0,0,0,95,0,13,0,0,0,0,0,0,0,0,0,32,0,0,0,0,0,0,0,0,0,0,0,0,0,0,0,0,0,0,0,0,0,0,0,0,0,0,0,0,0,0,0,0,0,260,0,0,0,320,0,0,0,0,0,0,0,0,0,0,0,0,0,0,0,0,0,0,0,0,0,0,0,0,0,0,0,0,0,0,0,0,0,196,0,98,0,0,0,52,0,0,0,0,0,0,0,32,0,117,0,0,0,0,0,0,0,0,0,0,0,0,0,22,0,36,0,74,0,0,0,11,0,0,16,27,0,5,0,0,0,0,0,0,3,0,0,0,0,0,0,0,0,0,0,0,0,0,0,103,0,0,0,0,0,39,0,0,0,0,0,0,15,0,0,0,82,113,96,0,0,0,0
8,8,36,0,116,156,0,2,0,0,58,76,75,61,175,147,252,0,220,70,0,26,166,0,22,0,202,33,53,0,49,6,25,8,63,13,31,0,10,0,0,0,28,0,90,3,0,0,0,0,111,0,14,0,0,0,0,0,0,0,1,0,70,0,0,0,0,0,0,0,74,0,0,0,76,0,0,0,0,0,0,0,0,0,247,0,131,0,0,0,56,0,0,0,0,0,165,0,401,0,0,0,0,0,0,0,112,0,0,0,0,0,0,0,0,0,0,0,0,0,101,0,0,0,0,0,0,0,0,0,0,0,0,0,0,0,0,0,0,0,47,0,0,0,58,0,0,0,0,0,0,0,0,0,0,0,0,0,0,0,0,0,0,0,69,0,45,0,88,0,0,0,34,0,0,0,7,7,88,0,0,0,3,0,0,0,20,0,0,0,0,0,0,0,0,0,0,0,0,0,23,0,0,0,0,0,0,0,0,0,151,133,202,53,36,0,0,0,0,0,0,0,0,0,0
0,25,0,126,61,396,0,28,0,0,23,100,68,147,60,239,0,117,69,377,26,0,5,257,0,55,0,259,0,73,0,5,0,25,0,38,0,8,0,9,3,0,0,121,0,92,0,0,0,4,0,57,0,36,0,6,0,0,0,0,0,10,0,142,0,0,0,0,0,0,0,33,0,0,0,98,0,0,0,0,0,842,0,0,0,237,0,244,0,0,0,0,0,0,0,0,0,0,0,343,0,0,0,0,0,0,0,0,0,0,0,0,0,0,0,0,0,0,0,0,0,140,0,0,0,0,0,0,1,0,0,0,0,0,0,0,0,0,0,94,0,370,0,570,0,84,0,0,0,0,0,0,0,0,0,22,0,0,0,0,0,0,0,0,2,18,0,79,0,105,0,7,0,27,0,6,0,25,0,34,0,0,0,0,0,0,0,6,0,0,0,0,0,0,0,0,0,0,0,0,0,0,0,0,0,0,0,0,0,0,0,0,0,0,31,0,0,0,122,200,174,0,0,0,0
16,316,285,168,78,49,7,37,0,0,4,86,41,0,258,128,53,36,326,0,166,5,0,182,78,21,379,0,58,0,19,0,45,14,25,0,23,7,121,16,0,0,0,0,128,0,0,0,9,0,9,0,39,0,41,0,0,0,0,0,0,0,69,1,0,0,0,0,0,0,0,0,0,0,0,0,0,0,0,0,0,0,0,0,74,0,0,0,0,0,75,0,0,0,0,0,233,0,0,0,0,0,0,0,0,0,177,0,0,0,0,0,0,0,0,0,0,0,0,0,7,0,0,0,2,0,6,0,0,0,3,0,0,0,197,0,59,0,0,0,12,0,258,0,0,0,0,0,0,0,47,0,26,0,9,0,2,0,0,0,0,0,0,0,0,0,37,0,29,0,20,0,102,0,6,0,78,30,7,0,31,1,8,0,3,0,0,0,0,0,0,0,0,0,1,0,0,0,99,0,110,0,0,0,0,0,17,0,94,0,242,93,138,0,92,1,4,0,15,0,19,0,0,0,0
171,36,107,494,101,115,11,51,8,0,95,47,0,0,120,82,27,93,3,81,0,257,182,0,29,97,0,26,0,92,0,12,5,42,0,0,0,36,4,34,0,0,0,24,1,0,0,0,0,0,1,8,0,19,0,6,0,33,0,0,0,0,0,65,0,0,0,0,0,0,0,6,0,0,0,0,0,0,0,0,0,267,0,0,0,116,0,0,0,0,0,75,0,0,0,0,0,113,0,189,0,214,0,0,0,0,0,0,0,0,0,0,0,0,0,0,0,0,0,0,0,34,0,5,0,0,0,11,0,0,0,0,0,0,0,0,0,0,0,46,0,58,0,247,0,0,0,0,0,2,0,0,0,0,0,18,0,0,0,20,0,0,0,0,0,0,0,17,0,17,0,2,0,29,0,0,21,22,3,51,0,0,8,19,0,0,0,0,0,0,0,0,0,0,0,0,0,0,0,0,0,12,0,0,0,0,0,0,0,0,7,0,0,0,14,0,0,0,95,65,55,8,0,0,0
8,297,57,0,0,0,263,212,32,250,0,0,0,0,41,6,115,41,40,0,22,0,78,29,0,182,94,0,87,0,0,0,0,0,0,0,0,0,139,0,0,0,1,0,22,0,0,0,3,0,4,0,72,0,109,0,10,0,0,0,124,0,238,30,0,0,0,0,0,0,0,0,0,0,0,0,0,0,0,0,0,0,0,0,0,0,0,0,0,0,0,0,0,0,0,0,91,0,0,0,0,0,0,0,0,0,69,0,0,0,0,0,0,0,0,0,0,0,0,0,0,0,0,0,0,0,2,0,83,0,0,0,0,0,147,0,113,0,37,0,20,0,300,0,3,0,0,0,2,0,14,0,0,0,23,0,10,0,25,0,5,0,0,0,4,0,0,0,29,0,89,0,146,0,0,0,0,18,0,0,0,0,6,4,0,0,0,0,0,0,0,0,0,0,0,0,0,0,47,0,67,0,0,0,0,0,0,0,76,0,471,54,228,228,336,0,5,0,0,0,0,0,0,0,0
174,3,24,99,0,17,105,165,209,11,0,0,0,0,0,72,42,67,0,52,0,55,21,97,182,0,0,0,0,35,0,0,0,0,0,2,0,33,0,133,0,0,0,8,0,0,0,0,0,0,0,0,20,22,18,94,0,110,3,13,0,131,39,206,0,0,9,0,0,0,0,0,0,0,0,0,0,0,0,0,0,0,0,0,0,162,0,0,0,0,0,138,0,0,0,0,0,218,0,0,0,0,0,0,0,0,0,0,0,0,0,0,0,0,0,0,0,0,0,0,0,0,0,0,0,0,0,0,0,14,0,0,0,0,0,224,0,254,3,64,0,39,0,326,5,0,0,0,0,0,0,0,0,0,0,23,0,3,0,22,0,0,0,0,0,7,0,4,0,22,0,11,0,127,0,0,9,2,0,0,0,0,0,19,0,0,0,0,0,0,0,0,0,0,0,0,0,0,0,0,0,0,0,0,0,0,0,0,0,0,0,0,0,0,112,0,0,0,271,64,124,65,0,25,0
0,0,104,0,247,0,0,0,0,0,54,0,170,480,174,0,165,1,219,37,202,0,379,0,94,0,0,563,47,0,17,0,4,0,49,0,94,0,15,0,12,171,580,30,261,0,68,328,19,2,313,18,57,0,0,0,0,0,0,0,0,0,68,0,0,0,0,0,0,0,0,0,0,0,0,0,0,0,0,0,0,0,0,0,0,0,0,0,0,0,0,0,0,0,0,0,0,0,0,0,0,0,0,0,0,0,0,0,0,0,0,0,0,0,0,0,0,0,0,0,118,0,0,0,0,0,0,0,0,0,0,0,0,0,0,0,0,0,0,0,0,0,0,0,82,0,0,0,0,0,0,0,0,0,0,0,0,0,0,0,0,0,0,0,148,0,6,0,0,0,0,0,0,0,0,0,0,0,0,0,0,0,32,0,42,0,53,0,0,0,0,0,0,0,0,0,0,0,0,0,100,0,0,0,0,0,0,0,0,0,0,257,236,28,10,6,0,31,0,0,7,0,0,0,0
0,303,0,129,0,496,0,125,0,0,0,417,641,110,0,136,0,0,161,514,33,259,0,26,0,0,563,0,0,0,0,0,0,6,0,182,0,36,0,0,379,18,33,358,38,237,200,285,0,27,31,443,0,0,0,0,0,0,0,0,0,0,0,0,0,84,0,0,0,0,0,0,0,0,0,0,0,0,0,0,0,331,0,0,0,0,0,136,0,0,0,0,0,0,0,0,0,0,0,0,0,0,0,0,0,0,0,0,0,0,0,0,0,0,0,0,0,0,0,0,0,0,0,0,0,0,0,0,0,0,0,0,0,0,0,203,0,133,0,0,0,0,0,0,0,0,0,0,0,120,0,327,1,0,0,0,0,0,0,0,0,0,0,0,9,101,0,13,0,102,0,0,0,0,0,0,0,86,0,0,0,215,0,0,0,142,45,9,0,0,0,7,0,0,0,0,0,0,0,55,0,134,0,0,0,0,0,0,0,110,0,0,14,0,0,0,0,0,92,395,288,49,20,0,0
55,0,120,0,0,0,44,0,4,0,0,0,0,0,0,0,230,0,8,0,53,0,58,0,87,0,47,0,0,0,20,0,7,0,17,0,20,0,74,0,0,0,29,0,38,0,0,0,0,0,32,0,11,0,0,0,0,0,0,0,14,0,18,0,0,0,0,0,0,0,45,0,7,0,49,0,0,0,0,0,0,0,0,0,172,0,70,0,0,0,6,0,0,0,0,0,23,0,155,0,0,0,0,0,0,0,0,0,0,0,0,0,0,0,0,0,0,0,0,0,81,0,56,0,0,0,0,0,0,0,0,0,0,0,0,0,22,0,129,0,105,0,0,0,72,0,0,0,1,0,0,0,0,0,2,0,0,0,6,0,0,0,0,0,0,0,0,0,0,0,0,0,0,0,0,0,0,0,0,0,0,0,21,0,0,0,0,0,0,0,0,0,0,0,0,0,0,0,0,0,0,0,0,0,0,0,0,0,1,0,0,9,0,0,0,0,0,0,0,0,0,0,0,0,0
0,42,0,183,0,13,0,107,0,0,0,16,0,0,0,4,0,137,0,2,0,73,0,92,0,35,0,0,0,0,0,17,0,36,0,13,0,9,0,0,0,0,0,32,0,0,0,2,0,0,0,8,0,11,0,0,0,0,0,0,0,6,0,67,0,0,1,0,0,0,0,9,0,0,0,21,0,0,0,0,0,197,0,0,0,0,0,0,0,0,0,0,0,0,0,0,0,0,0,72,0,91,0,0,0,0,0,0,0,0,0,0,0,0,0,0,0,0,0,0,0,48,0,0,0,0,0,0,0,0,0,0,0,0,0,0,0,135,0,105,0,274,0,269,0,41,0,0,0,0,0,0,0,0,0,0,0,0,0,81,0,0,0,0,0,0,0,0,0,0,0,0,0,0,0,0,0,0,0,15,0,0,0,0,0,0,0,0,0,0,0,0,0,0,0,0,0,0,0,0,0,0,0,0,0,0,0,0,0,0,0,0,0,0,0,0,0,0,0,0,0,0,0,0,0
0,0,0,0,125,22,0,0,0,0,49,0,10,0,228,29,84,0,20,0,49,0,19,0,0,0,17,0,20,0,0,0,3,0,8,0,38,0,4,0,0,0,30,0,0,0,0,0,0,0,18,0,0,0,0,0,0,0,0,0,0,0,7,0,0,0,0,0,0,0,27,0,0,0,28,0,0,0,0,0,47,0,0,0,0,0,0,0,0,0,0,0,0,0,43,0,32,0,109,0,0,0,0,0,0,0,0,0,0,0,0,0,0,0,0,0,0,0,0,0,31,0,0,0,0,0,0,0,5,0,0,0,0,0,0,0,0,0,0,0,28,0,0,0,43,0,0,0,0,0,0,0,0,0,0,0,0,0,0,0,0,0,0,0,0,0,47,0,0,0,0,0,18,0,0,0,3,0,58,0,0,0,8,0,0,0,0,0,0,0,0,0,0,0,0,0,0,0,0,0,0,0,0,0,0,0,0,0,0,0,36,28,60,0,10,0,0,0,0,0,0,0,0,0,0
0,0,0,42,0,112,0,0,0,0,0,54,0,11,0,31,0,7,0,78,6,5,0,12,0,0,0,0,0,17,0,0,0,0,0,3,0,21,0,3,0,0,0,14,0,0,0,0,0,0,0,10,0,0,0,0,0,0,0,0,0,5,0,13,0,0,0,0,0,0,0,8,0,0,0,0,0,0,0,0,0,0,0,0,0,0,0,0,0,0,0,7,0,0,0,0,0,0,0,0,0,39,0,0,0,0,0,0,0,0,0,0,0,0,0,0,0,0,0,0,0,0,0,0,0,0,0,0,0,0,0,0,0,0,0,0,0,0,0,0,0,76,0,92,0,31,0,0,0,0,0,0,0,0,0,0,0,0,0,0,0,0,0,0,0,0,0,0,0,0,0,3,0,0,0,0,0,0,0,18,0,0,0,0,0,8,0,1,0,0,0,0,0,0,0,0,0,0,0,0,0,0,0,0,0,0,0,0,0,0,0,0,0,0,3,0,0,0,25,22,23,5,0,0,0
98,0,230,0,240,0,0,0,0,0,201,0,0,0,181,0,224,0,0,0,25,0,45,5,0,0,4,0,7,0,3,0,0,0,3,0,143,0,2,0,0,0,14,0,5,0,0,0,0,0,0,0,0,0,0,0,0,0,2,0,1,0,7,0,0,0,0,0,0,0,13,0,0,0,17,0,0,0,0,0,26,0,0,0,0,0,10,0,0,0,0,0,0,0,0,0,0,0,85,0,0,0,0,0,0,0,0,0,0,0,0,0,0,0,0,0,0,0,0,0,20,0,0,0,0,0,0,0,0,0,0,0,0,0,0,0,4,0,0,0,0,0,0,0,11,0,0,0,0,0,0,0,0,0,0,0,3,0,0,0,0,0,0,0,0,0,78,0,11,0,0,0,30,0,0,0,0,0,94,0,0,0,39,0,0,0,0,0,0,0,0,0,0,0,0,0,0,0,0,0,0,0,0,0,0,0,0,0,7,0,48,34,60,0,0,0,0,0,0,0,0,0,0,0,0
0,239,0,374,24,174,0,54,0,0,16,207,0,0,26,42,0,97,0,11,8,25,14,42,0,0,0,6,0,36,0,0,0,0,0,13,0,123,0,3,0,0,0,18,0,8,0,0,0,0,0,8,0,2,0,0,0,0,0,0,0,1,0,20,0,0,0,0,0,0,0,5,0,0,0,0,0,0,0,0,0,146,0,0,0,0,0,0,0,0,0,0,0,0,0,0,0,0,0,56,0,0,0,0,0,0,0,0,0,0,0,0,0,0,0,0,0,0,0,0,0,31,0,0,0,0,0,0,0,0,0,0,0,0,0,0,0,0,0,0,0,78,0,131,0,16,0,0,0,0,0,9,0,0,0,0,0,0,0,0,0,0,0,0,0,0,0,23,0,0,0,0,0,3,0,0,8,77,2,63,0,0,0,0,0,0,0,0,0,0,0,0,0,0,0,0,0,0,0,0,0,4,0,0,0,0,0,0,0,0,0,0,0,0,0,0,0,0,16,42,8,0,0,0,0
0,0,0,0,222,0,0,0,0,0,36,0,158,0,122,8,32,0,286,19,63,0,25,0,0,0,49,0,17,0,8,0,3,0,0,0,194,0,4,0,0,0,29,0,7,0,0,0,0,0,55,0,0,0,0,0,0,0,0,0,0,0,4,0,0,0,0,0,0,0,15,0,0,0,0,0,0,0,0,0,0,0,0,0,0,0,0,0,0,0,0,0,0,0,0,0,0,0,0,0,0,0,0,0,0,0,0,0,0,0,0,0,0,0,0,0,0,0,0,0,0,0,0,0,0,0,0,0,0,0,0,0,0,0,0,0,0,0,0,0,0,0,0,0,0,0,0,0,0,0,0,0,0,0,0,0,0,0,0,0,0,0,3,0,28,0,33,0,0,0,0,0,0,0,0,0,12,0,76,0,0,0,0,0,0,0,2,0,0,0,0,0,0,0,0,0,0,0,0,0,0,0,0,0,0,0,0,0,0,0,0,48,76,0,0,0,0,1,0,0,0,0,0,0,0
0,0,0,0,0,229,0,0,0,0,0,102,34,302,25,19,0,0,36,313,13,38,0,0,0,2,0,182,0,13,0,3,0,13,0,0,0,229,0,3,0,0,0,36,0,17,0,0,0,0,0,31,0,0,0,0,0,0,0,0,0,3,0,0,0,0,0,0,0,0,0,10,0,0,0,0,0,0,0,0,0,0,0,0,0,0,0,0,0,0,0,0,0,0,0,0,0,9,0,0,0,0,0,0,0,0,0,0,0,0,0,0,0,0,0,0,0,0,0,0,0,0,0,0,0,0,0,0,0,0,0,0,0,0,0,0,0,0,0,0,0,138,0,111,0,41,0,0,0,0,0,0,0,0,0,0,0,1,0,0,0,0,0,0,0,17,0,33,0,0,0,0,0,25,0,0,3,52,0,24,0,0,0,0,0,0,0,36,0,0,0,0,0,0,0,0,0,0,0,0,0,0,0,0,0,0,0,0,0,0,0,0,0,0,0,0,0,0,43,110,80,0,0,0,0
77,2,78,0,127,0,0,0,0,0,91,0,0,0,112,5,21,0,39,0,31,0,23,0,0,0,94,0,20,0,38,0,143,0,194,0,0,0,9,0,0,0,25,0,80,0,0,0,0,0,46,0,5,0,0,0,0,0,0,0,16,0,19,0,0,0,0,0,0,0,101,0,7,0,71,0,0,0,11,0,0,0,0,0,43,0,0,0,0,0,0,0,0,0,0,0,0,0,135,0,0,0,0,0,0,0,0,0,0,0,0,0,0,0,0,0,0,0,0,0,54,0,0,0,0,0,0,0,16,0,0,0,0,0,0,0,7,0,142,0,98,0,0,0,195,0,0,0,0,0,0,0,0,0,15,0,18,0,3,0,0,0,0,0,26,0,62,0,47,0,12,0,37,0,0,0,0,3,53,0,0,0,35,0,0,0,0,0,0,0,0,0,0,0,0,0,0,0,0,0,0,0,0,0,0,0,0,0,0,0,10,17,91,0,0,0,0,0,0,0,0,0,0,0,0
0,301,0,198,22,247,0,195,2,0,0,130,0,67,0,98,0,33,7,75,0,8,7,36,0,33,0,36,0,9,0,21,0,123,0,229,0,0,0,15,0,0,0,89,0,38,0,0,0,0,0,65,0,0,0,0,0,0,0,0,0,55,0,28,0,0,0,0,0,0,0,35,0,0,0,58,0,0,0,0,0,202,0,0,0,31,0,0,0,0,0,0,0,0,0,0,0,0,0,0,0,0,0,0,0,0,0,0,0,0,0,0,0,0,0,0,0,0,0,0,0,74,0,26,0,0,0,0,0,0,0,0,0,0,0,0,0,0,0,0,0,287,0,195,0,173,0,0,0,0,0,0,0,0,0,10,0,23,0,33,0,0,0,0,0,1,0,26,0,52,0,18,0,50,0,0,0,74,0,80,0,0,0,59,0,0,0,7,0,0,0,0,0,0,0,0,0,0,0,0,0,0,0,0,0,0,0,0,0,0,0,0,0,0,0,0,0,0,33,97,80,18,0,6,0
380,17,256,0,33,0,87,0,27,0,0,0,0,0,0,0,213,0,0,0,10,0,121,4,139,0,15,0,74,0,4,0,2,0,4,0,9,0,0,0,0,0,15,0,0,0,0,0,1,0,7,0,0,0,0,0,0,0,0,0,0,0,5,0,0,0,0,0,0,0,2,0,0,0,2,0,0,0,0,0,0,0,0,0,0,0,0,0,0,0,0,0,0,0,0,0,0,0,0,0,0,0,0,0,0,0,0,0,0,0,0,0,0,0,0,0,0,0,0,0,0,0,0,0,0,0,0,0,0,0,0,0,0,0,0,0,0,0,59,0,15,0,0,0,22,0,0,0,0,0,0,0,0,0,7,0,8,0,0,0,0,0,0,0,0,0,38,0,2,0,1,0,34,0,0,0,83,7,0,0,0,0,153,0,0,0,0,0,0,0,0,0,0,0,0,0,0,0,0,0,0,0,0,0,0,0,0,0,0,0,2,51,7,0,0,0,0,0,0,0,0,0,0,0,0
0,355,0,346,0,0,0,505,0,0,0,31,0,0,0,0,3,271,0,0,0,9,16,34,0,133,0,0,0,0,0,3,0,3,0,3,0,15,0,0,0,0,0,3,0,0,0,0,0,0,0,1,0,0,0,2,0,0,0,0,0,12,0,20,0,0,0,0,0,0,0,2,0,0,0,0,0,0,0,0,0,0,0,0,0,0,0,6,0,0,0,0,0,0,0,0,0,0,0,0,0,0,0,0,0,0,0,0,0,0,0,0,0,0,0,0,0,0,0,0,0,0,0,0,0,0,0,0,0,0,0,0,0,0,0,0,0,0,0,43,0,56,0,0,0,84,0,0,0,0,0,0,0,0,0,0,0,5,0,12,0,0,0,0,0,0,0,7,0,0,0,0,0,8,0,0,0,71,0,55,0,0,0,48,0,0,0,0,0,0,0,0,0,0,0,0,0,0,0,0,0,0,0,0,0,0,0,0,0,0,0,0,0,0,4,0,0,0,0,44,35,0,0,0,0
0,0,0,0,102,0,0,0,0,0,101,0,242,228,0,0,0,0,0,13,0,3,0,0,0,0,12,379,0,0,0,0,0,0,0,0,0,0,0,0,0,195,133,20,59,45,120,340,111,0,31,12,0,0,0,0,0,0,0,0,0,0,0,0,4,0,0,0,0,0,0,0,0,0,0,0,0,0,0,0,0,0,0,0,0,0,0,0,0,0,0,0,0,0,0,0,0,0,0,0,0,0,0,0,0,0,0,0,0,0,0,0,0,0,0,0,0,0,0,0,0,0,0,0,0,0,0,0,0,0,0,0,0,0,0,0,0,0,0,0,0,0,0,0,0,0,0,0,0,0,0,0,0,0,0,0,0,0,0,0,0,0,0,0,44,0,0,0,0,0,0,0,0,0,0,0,66,25,54,0,54,0,37,0,20,0,178,0,0,0,0,0,0,0,0,0,0,0,0,0,0,0,0,0,0,0,0,0,3,0,6,98,48,0,0,0,0,27,0,0,0,0,0,0,0
0,62,0,0,0,41,0,18,0,0,0,308,29,264,0,0,0,0,3,0,0,0,0,0,0,0,171,18,0,0,0,0,0,0,0,0,0,0,0,0,195,0,10,112,85,31,326,129,32,162,5,65,0,0,0,0,0,0,0,0,0,0,0,0,0,6,0,0,0,0,0,0,0,0,0,0,0,0,0,0,0,0,0,0,0,0,0,0,0,0,0,0,0,0,0,0,0,0,0,0,0,0,0,0,0,0,0,0,0,0,0,0,0,0,0,0,0,0,0,0,0,0,0,0,0,0,0,0,0,0,0,0,0,0,0,0,0,0,0,0,0,0,0,0,0,0,0,0,0,0,0,0,0,0,0,0,0,0,0,0,0,0,0,0,0,16,0,0,0,0,0,0,0,0,0,0,0,140,0,34,0,111,0,0,0,0,34,7,0,0,0,0,0,0,0,0,0,0,0,0,0,0,0,0,0,0,0,0,0,0,0,0,0,0,0,0,0,0,0,60,10,0,0,0,16
0,1,0,0,0,0,0,0,0,0,7,0,211,22,0,0,0,0,64,0,28,0,0,0,1,0,580,33,29,0,30,0,14,0,29,0,25,0,15,0,133,10,0,0,139,3,104,0,28,0,49,0,0,0,0,0,5,0,6,0,2,0,0,0,0,0,1,0,0,0,31,0,0,0,32,0,0,0,0,0,0,0,0,0,0,0,0,0,0,0,0,0,0,0,0,0,0,0,91,0,0,0,0,0,0,0,0,0,0,0,0,0,0,0,0,0,0,0,0,0,29,0,0,0,0,0,0,0,0,0,0,0,0,0,0,0,0,0,10,0,0,0,0,0,0,0,0,0,0,0,0,0,0,0,0,0,0,0,0,0,0,0,11,0,81,0,48,0,23,0,0,0,20,0,0,0,8,0,6,0,0,0,4,0,0,0,111,0,0,0,0,0,0,0,0,0,0,0,0,0,0,0,0,0,0,0,0,0,0,0,33,71,141,29,8,0,0,42,0,0,0,0,0,0,0
0,0,0,0,9,0,0,0,0,0,0,14,25,218,0,0,0,0,11,55,0,121,0,24,0,8,30,358,0,32,0,14,0,18,0,36,0,89,0,3,20,112,0,0,0,101,7,124,0,19,0,59,0,0,0,0,0,0,0,0,0,0,0,0,0,0,0,0,0,0,0,0,0,0,0,59,0,0,0,0,0,0,0,0,0,0,0,0,0,0,0,0,0,0,0,0,0,0,0,0,0,0,0,17,0,0,0,0,0,0,0,0,0,0,0,0,0,0,0,0,0,102,0,0,0,0,0,0,0,0,0,0,0,0,0,0,0,0,0,0,0,213,0,205,0,91,0,0,0,0,0,0,0,0,0,0,0,0,0,0,0,0,0,16,0,42,0,11,0,43,0,0,0,29,0,0,0,17,0,13,0,0,0,0,0,0,3,66,0,0,0,0,0,0,0,0,0,0,0,0,0,0,0,0,0,0,0,0,0,0,0,0,0,0,23,0,0,0,81,138,157,0,0,0,0
0,0,37,0,40,0,0,0,15,0,50,0,50,0,34,0,0,0,52,0,90,0,128,1,22,0,261,38,38,0,0,0,5,0,7,0,80,0,0,0,59,85,139,0,0,27,230,113,117,37,50,0,29,0,0,0,0,0,0,0,0,0,71,0,0,0,0,0,4,0,122,0,0,0,128,0,22,0,0,0,0,0,0,0,0,0,142,0,0,0,0,0,0,0,0,0,0,0,465,0,0,0,0,0,0,0,173,0,0,0,0,0,0,0,0,0,0,0,2,0,174,0,0,0,0,0,0,0,0,0,3,0,0,0,0,0,13,0,0,0,57,0,0,0,111,0,0,0,17,0,55,0,29,0,0,0,0,0,0,0,0,0,0,0,138,0,24,0,68,0,8,0,28,0,0,0,26,8,12,0,82,0,34,0,29,0,18,0,0,0,0,0,0,0,0,0,0,0,0,0,23,0,0,0,0,0,0,0,0,0,20,69,111,29,15,0,0,82,0,4,0,0,0,0,0
0,0,0,0,0,0,0,0,0,2,0,65,21,27,0,25,0,0,10,92,3,92,0,0,0,0,0,237,0,0,0,0,0,8,0,17,0,38,0,0,45,31,3,101,27,0,72,297,24,160,0,69,0,0,0,0,0,0,0,0,0,0,0,17,0,0,0,0,0,18,0,53,0,0,0,98,0,0,0,0,0,527,0,75,0,88,0,223,0,0,0,0,0,51,0,72,0,0,0,0,0,0,0,30,0,0,0,0,0,0,0,0,0,0,0,0,0,3,0,0,0,155,0,0,0,0,0,0,0,0,0,0,0,0,0,0,0,0,0,0,0,246,0,334,0,83,0,0,0,0,0,0,0,0,0,0,0,0,0,0,0,0,0,0,0,169,0,0,0,83,0,10,0,18,0,0,0,16,0,0,0,0,0,0,0,0,3,9,0,11,0,0,0,0,0,10,0,0,0,0,0,0,0,0,0,0,0,0,0,0,0,0,0,0,14,0,0,0,72,170,217,9,0,0,140
30,0,53,0,159,0,0,0,50,0,176,0,291,68,0,0,0,0,37,0,0,0,0,0,0,0,68,200,0,0,0,0,0,0,0,0,0,0,0,0,120,326,104,7,230,72,0,499,221,32,0,0,4,0,0,0,0,0,0,0,0,0,19,0,13,0,0,0,0,0,0,0,0,0,0,0,0,0,0,0,0,0,0,0,0,0,0,0,9,0,0,0,0,0,0,0,0,0,0,0,0,0,0,0,0,0,0,0,0,0,0,0,0,0,0,0,0,0,8,0,0,0,0,0,0,0,0,0,0,0,0,0,0,0,0,0,3,0,0,0,0,0,0,0,0,0,0,0,30,0,108,0,0,0,2,0,0,0,0,0,0,0,0,0,109,0,0,0,0,0,0,0,0,0,0,0,81,14,56,0,157,0,61,0,76,0,76,0,0,0,0,0,0,0,0,0,0,0,0,0,0,0,0,0,0,0,0,0,24,0,0,178,40,0,0,0,0,84,0,0,0,0,0,0,0
0,115,0,0,0,133,0,0,0,0,0,314,68,180,0,0,0,0,11,29,0,0,0,0,0,0,328,285,0,2,0,0,0,0,0,0,0,0,0,0,340,129,0,124,113,297,499,0,47,96,0,31,0,0,0,0,0,0,0,0,0,0,0,0,0,0,0,0,0,0,0,0,0,0,0,0,0,0,0,0,0,0,0,0,0,0,0,0,0,0,0,0,0,0,0,0,0,0,0,0,0,0,0,0,0,0,0,0,0,0,0,0,0,0,0,0,0,0,0,0,0,0,0,0,0,0,0,0,0,0,0,0,0,0,0,0,0,0,0,0,0,0,0,0,0,0,0,0,0,0,0,0,0,0,0,0,0,0,0,0,0,0,0,0,0,0,0,0,0,0,0,0,0,0,0,0,0,83,0,0,0,0,0,0,0,0,65,6,0,0,0,0,0,0,0,0,0,0,0,0,0,0,0,0,0,0,0,0,0,0,0,6,0,0,0,0,0,1,0,238,24,0,0,0,65
7,0,15,0,12,0,0,0,3,0,0,0,7,0,0,0,5,0,0,0,0,0,9,0,3,0,19,0,0,0,0,0,0,0,0,0,0,0,1,0,111,32,28,0,117,24,221,47,0,64,8,0,6,0,14,0,22,0,11,0,0,0,0,0,0,0,0,0,21,0,0,0,0,0,0,0,7,0,4,0,0,0,25,0,0,0,0,0,34,0,0,0,27,0,0,0,0,0,6,0,13,0,98,0,0,0,17,0,3,0,0,0,0,0,0,0,0,0,0,0,0,0,0,0,4,0,0,0,5,0,8,0,0,0,0,0,0,0,0,0,0,0,0,0,0,0,1,1,0,0,12,2,0,0,4,0,4,0,0,0,20,0,0,0,16,0,0,0,20,0,3,0,8,0,0,0,180,11,48,0,49,0,8,0,0,0,178,0,0,0,0,0,0,0,26,0,5,0,14,0,0,0,0,0,0,0,6,0,5,0,39,83,137,5,23,3,0,24,0,8,4,0,0,1,0
0,10,0,0,0,3,0,0,0,0,0,35,1,25,0,0,0,0,1,0,0,4,0,0,0,0,2,27,0,0,0,0,0,0,0,0,0,0,0,0,0,162,0,19,37,160,32,96,64,0,0,8,0,0,0,0,0,0,0,0,0,0,0,0,0,0,0,0,0,8,0,0,0,0,0,0,0,2,0,0,0,14,0,8,0,1,0,8,0,1,0,0,0,18,0,0,0,0,0,3,0,0,0,7,0,0,0,0,0,0,0,0,0,0,0,0,0,0,0,0,0,0,0,0,0,0,0,0,0,0,0,0,0,0,0,0,0,0,0,0,0,3,0,0,0,2,0,1,0,0,0,32,0,18,0,0,0,0,0,0,0,0,0,1,0,14,0,1,0,0,0,0,0,0,0,15,0,49,0,9,0,32,0,3,0,0,10,46,0,0,0,0,0,0,0,0,0,0,0,0,0,0,0,0,0,0,0,0,0,0,0,1,0,0,6,0,0,0,16,17,27,0,0,0,25
0,0,0,0,56,10,0,0,0,0,23,0,303,0,24,0,0,0,246,0,111,0,9,1,4,0,313,31,32,0,18,0,0,0,55,0,46,0,7,0,31,5,49,0,50,0,0,0,8,0,0,0,0,0,0,0,15,0,21,0,5,0,0,0,0,0,0,0,0,0,87,0,0,0,53,0,0,0,0,0,0,0,0,0,0,0,0,0,0,0,0,0,0,0,0,0,0,0,145,0,46,0,0,0,0,0,0,0,0,0,0,0,0,0,0,0,0,0,0,0,62,0,0,0,0,0,0,0,0,0,0,0,0,0,0,0,0,0,0,0,0,0,0,0,29,0,0,0,0,0,0,0,11,0,2,0,0,0,0,0,0,0,16,0,94,0,58,0,99,0,22,0,68,0,0,0,24,0,26,0,0,0,13,0,0,0,69,0,0,0,0,0,0,0,0,0,0,0,0,0,0,0,0,0,0,0,0,0,0,0,52,75,142,39,0,0,0,3,0,0,0,0,0,0,0
0,0,0,0,0,77,0,0,0,0,0,0,23,433,0,5,0,5,0,95,0,57,0,8,0,0,18,443,0,8,0,10,0,8,0,31,0,65,0,1,12,65,0,59,0,69,0,31,0,8,0,0,0,0,0,0,0,0,0,9,0,15,0,8,0,0,0,3,0,19,0,44,0,0,0,60,0,0,0,0,0,215,0,73,0,0,0,96,0,0,0,0,0,0,0,0,0,16,0,27,0,36,0,29,0,0,0,0,0,0,0,0,0,0,0,0,0,2,0,0,0,59,0,0,0,0,0,0,0,0,1,0,0,0,0,0,0,0,0,0,0,115,0,103,0,77,0,0,0,0,0,0,0,0,0,16,0,7,0,0,0,0,0,16,0,23,0,27,0,153,0,31,0,68,1,0,0,0,0,0,0,0,0,0,0,0,1,63,0,0,0,0,0,0,0,0,0,1,0,0,0,0,0,0,0,0,0,0,0,0,0,0,0,0,13,0,0,0,55,92,89,0,0,0,0
0,0,3,0,3,0,68,40,50,163,0,0,0,0,0,0,171,0,21,0,14,0,39,0,72,20,57,0,11,0,0,0,0,0,0,0,5,0,0,0,0,0,0,0,29,0,4,0,6,0,0,0,0,9,110,88,84,0,159,73,28,0,104,14,9,3,16,61,0,0,0,0,0,0,0,0,0,0,0,0,0,0,0,0,74,0,0,0,3,0,11,0,0,0,0,0,59,0,0,0,0,0,0,0,0,0,19,0,0,0,0,0,0,0,0,0,0,0,0,0,4,0,0,0,4,0,0,1,131,0,6,0,3,0,0,0,83,0,197,0,34,0,117,0,22,0,1,0,2,0,0,0,0,0,167,1,100,0,87,0,12,0,0,0,0,0,0,0,6,0,74,0,6,0,0,0,10,0,0,0,0,0,0,0,52,4,0,0,0,0,0,0,0,0,0,0,0,0,0,0,22,0,0,0,0,0,0,0,15,0,78,73,127,141,77,0,10,0,1,0,0,0,0,0,0
0,0,0,0,0,0,8,21,23,80,0,4,0,0,0,0,0,74,0,13,0,36,0,19,0,22,0,0,0,11,0,0,0,2,0,0,0,0,0,0,0,0,0,0,0,0,0,0,0,0,0,0,9,0,13,61,9,99,68,163,0,6,6,29,0,0,70,35,0,0,0,0,0,0,0,0,0,0,0,0,0,6,0,0,0,16,0,0,0,1,0,0,0,0,0,0,0,20,0,0,0,11,0,0,0,0,0,0,0,0,0,0,0,0,0,0,0,0,0,0,0,0,0,0,0,0,0,0,0,7,0,0,0,0,0,11,0,61,0,51,0,32,0,80,0,45,0,0,0,0,0,0,0,0,6,79,1,88,0,84,2,0,0,0,0,0,0,2,0,0,0,19,0,4,0,0,0,0,0,0,0,0,0,8,4,14,0,0,0,0,0,0,0,0,0,0,0,0,0,0,0,0,0,0,0,0,0,0,0,0,0,0,0,0,21,0,0,0,40,175,16,17,0,14,0
2,0,75,0,5,0,60,20,26,170,6,0,10,0,0,0,0,0,0,0,0,0,41,0,109,18,0,0,0,0,0,0,0,0,0,0,0,0,0,0,0,0,0,0,0,0,0,0,14,0,0,0,110,13,0,67,41,0,19,29,98,0,51,20,25,0,23,57,0,0,0,0,0,0,0,0,0,0,0,0,0,0,0,0,0,0,0,0,0,0,0,0,0,0,0,0,0,0,0,0,0,0,0,0,0,0,0,0,0,0,0,0,0,0,0,0,0,0,0,0,0,0,0,0,0,0,0,0,66,0,10,0,0,0,59,0,49,0,9,0,4,0,85,0,0,0,0,0,0,0,0,0,1,0,29,0,46,0,11,0,5,0,10,0,2,0,0,0,31,0,222,0,0,0,0,0,3,0,0,0,0,0,0,2,3,6,0,0,0,0,0,0,0,0,0,0,0,0,0,0,10,0,0,0,0,0,0,0,0,0,372,88,240,345,264,0,63,0,5,0,0,0,0,0,0
0,5,0,82,0,12,0,132,142,28,0,0,0,1,0,16,0,8,0,0,0,6,0,6,0,94,0,0,0,0,0,0,0,0,0,0,0,0,0,2,0,0,0,0,0,0,0,0,0,0,0,0,88,61,67,0,0,34,119,146,0,74,30,121,0,2,142,2,0,1,0,0,0,0,0,0,0,0,0,0,0,0,0,0,0,13,0,0,0,0,0,0,0,0,0,0,0,0,0,0,0,0,0,0,0,0,0,0,0,0,0,0,0,0,0,0,0,0,0,0,0,0,0,0,0,0,0,0,4,0,0,31,0,0,0,93,0,118,0,19,0,6,0,30,1,0,0,0,0,0,0,0,0,0,0,19,2,20,0,16,0,2,0,0,0,0,0,0,0,13,0,98,0,63,0,0,8,0,0,0,1,1,0,8,0,3,0,0,0,0,0,0,0,0,0,0,0,0,0,0,0,22,0,0,0,0,0,0,0,0,0,0,0,0,176,0,0,0,329,116,259,178,0,85,0
0,0,8,0,0,0,8,0,0,9,0,0,0,0,0,0,0,0,0,0,0,0,0,0,10,0,0,0,0,0,0,0,0,0,0,0,0,0,0,0,0,0,5,0,0,0,0,0,22,0,15,0,84,9,41,0,0,14,109,60,23,0,3,0,14,22,17,88,0,0,0,0,0,0,0,0,0,0,0,0,0,0,0,0,0,0,0,0,0,0,0,0,0,0,0,0,0,0,0,0,0,0,0,0,0,0,0,0,0,0,0,0,0,0,0,0,0,0,0,0,0,0,0,0,19,0,49,0,136,0,85,0,22,0,40,0,19,0,22,0,0,0,35,0,4,0,0,0,3,0,19,0,0,0,145,25,197,3,73,13,20,22,19,0,0,0,0,0,45,0,101,0,15,0,0,5,0,0,0,0,0,0,0,0,12,0,0,0,0,0,0,0,0,0,0,0,0,0,0,0,0,0,0,0,0,0,0,0,31,0,436,150,401,678,609,0,135,0,3,0,2,0,0,0,0
0,0,0,0,0,0,0,22,0,2,0,0,0,0,0,23,0,40,0,0,0,0,0,33,0,110,0,0,0,0,0,0,0,0,0,0,0,0,0,0,0,0,0,0,0,0,0,0,0,0,0,0,0,99,0,34,14,0,41,155,0,15,0,13,17,0,34,0,0,8,0,0,0,0,0,0,0,0,0,0,0,0,0,0,0,14,0,0,0,0,0,0,0,5,0,0,0,18,0,0,0,0,0,0,0,0,0,0,0,0,0,0,0,0,0,0,0,0,0,0,0,0,0,0,0,5,0,0,0,27,0,36,0,14,0,51,0,109,1,47,0,8,0,0,2,2,0,0,0,2,0,0,0,0,19,114,0,32,3,80,4,16,0,0,0,5,0,0,0,41,0,263,0,0,0,0,5,0,0,0,0,0,0,0,0,0,0,0,0,0,0,0,0,0,0,0,0,0,0,0,0,0,0,0,0,0,0,0,0,16,1,0,0,0,258,0,0,0,336,69,493,371,5,105,0
8,0,0,0,4,0,5,0,177,0,0,0,0,0,0,0,0,0,0,0,0,0,0,0,0,3,0,0,0,0,0,0,2,0,0,0,0,0,0,0,0,0,6,0,0,0,0,0,11,0,21,0,159,68,19,119,109,41,0,245,153,0,23,0,157,27,146,241,0,0,0,0,0,0,0,0,0,0,0,0,0,0,0,0,0,0,0,0,0,0,0,0,0,0,0,0,0,0,0,0,0,0,0,0,0,0,0,0,0,0,0,0,0,0,0,0,0,0,0,0,0,0,0,0,45,0,64,0,27,0,70,0,12,0,0,0,6,0,2,1,0,0,0,0,2,1,6,0,18,0,18,0,2,0,36,11,229,0,0,11,16,0,0,0,2,0,0,0,13,0,111,2,0,0,0,2,106,0,0,0,0,0,0,0,69,15,0,0,0,0,0,0,0,0,0,0,0,0,0,0,0,0,0,0,0,0,0,0,17,0,577,186,229,482,440,0,0,0,2,0,0,0,0,0,0
0,43,2,0,0,0,0,28,50,102,0,7,0,0,0,0,0,0,0,0,0,0,0,0,0,13,0,0,0,0,0,0,0,0,0,0,0,0,0,0,0,0,0,0,0,0,0,0,0,0,0,9,73,163,29,146,60,155,245,0,0,0,11,37,54,44,263,178,0,8,0,0,0,0,0,0,0,0,0,0,0,0,0,0,0,0,0,3,0,0,0,0,0,8,0,0,0,0,0,0,0,0,0,0,0,0,0,0,0,0,0,0,0,0,0,0,0,0,0,0,0,0,0,0,0,16,0,0,0,0,0,36,0,6,0,0,0,15,0,6,0,0,0,0,5,22,0,0,0,35,0,0,0,0,75,70,11,269,8,29,19,26,0,0,0,0,0,0,0,34,0,230,0,0,1,19,26,0,0,0,0,9,0,0,28,50,0,0,0,0,0,0,0,0,0,0,0,0,0,0,0,2,0,0,0,0,0,0,0,8,0,0,3,0,853,0,0,0,1330,321,768,870,10,221,0
97,0,13,0,0,0,218,0,171,0,0,0,0,0,0,0,29,0,1,0,1,0,0,0,124,0,0,0,14,0,0,0,1,0,0,0,16,0,0,0,0,0,2,0,0,0,0,0,0,0,5,0,28,0,98,0,23,0,153,0,0,0,28,1,0,0,26,0,0,0,8,0,0,0,0,0,0,0,0,0,0,0,0,0,0,0,0,0,0,0,0,0,0,0,0,0,0,0,6,0,0,0,0,0,0,0,0,0,0,0,0,0,0,0,0,0,0,0,0,0,0,0,0,0,0,0,0,0,8,0,0,0,0,0,0,0,0,0,121,0,42,0,3,0,178,0,0,0,0,0,0,0,0,0,54,0,47,0,2,0,0,0,5,0,0,0,2,0,2,0,156,0,67,0,0,0,48,0,0,0,0,0,57,0,0,0,0,0,0,0,0,0,0,0,0,0,0,0,0,0,0,0,0,0,0,0,0,0,0,0,49,85,37,32,28,0,0,0,0,0,0,0,0,0,0
0,68,0,5,0,0,0,293,0,155,0,0,0,0,0,0,1,18,0,0,0,10,0,0,0,131,0,0,0,6,0,5,0,1,0,3,0,55,0,12,0,0,0,0,0,0,0,0,0,0,0,15,0,6,0,74,0,15,0,0,0,0,3,59,0,0,0,0,0,0,0,2,0,0,0,0,0,0,0,0,0,0,0,0,0,0,0,0,0,0,0,0,0,0,0,0,0,0,0,0,0,0,0,0,0,0,0,0,0,0,0,0,0,0,0,0,0,0,0,0,0,0,0,0,0,0,0,0,0,2,0,0,0,0,0,0,0,0,0,28,0,65,0,0,0,110,0,0,0,0,0,0,0,0,0,0,0,142,0,10,0,0,0,0,0,0,0,6,0,5,0,93,0,55,0,0,16,129,0,0,0,0,0,104,0,0,0,0,0,0,0,0,0,0,0,0,0,0,0,0,0,0,0,0,0,0,0,0,0,0,0,0,0,0,38,0,0,0,47,173,131,59,0,27,0
38,13,15,0,0,0,301,54,148,123,0,0,0,0,5,0,378,0,0,0,70,0,69,0,238,39,68,0,18,0,7,0,7,0,4,0,19,0,5,0,0,0,0,0,71,0,19,0,0,0,0,0,104,6,51,30,3,0,23,11,28,3,0,13,0,0,0,3,0,0,18,0,0,0,25,0,0,0,0,0,0,0,0,0,144,0,0,0,0,0,0,0,0,0,0,0,38,0,63,0,0,0,0,0,0,0,19,0,0,0,0,0,0,0,0,0,0,0,0,0,48,0,0,0,0,0,0,0,37,0,4,0,0,0,0,0,42,0,227,0,67,0,103,0,48,0,0,0,0,0,0,0,0,0,55,0,27,0,28,0,5,0,0,0,0,1,0,0,0,0,50,0,30,3,0,0,29,0,0,0,0,0,55,0,0,0,0,0,0,0,0,0,0,0,0,0,0,0,0,0,0,0,0,0,0,0,0,0,0,0,68,64,94,130,90,0,7,0,0,0,0,0,0,0,0
0,50,2,0,0,0,41,222,106,180,0,0,0,0,0,13,0,264,0,32,0,142,1,65,30,206,0,0,0,67,0,13,0,20,0,0,0,28,0,20,0,0,0,0,0,17,0,0,0,0,0,8,14,29,20,121,0,13,0,37,1,59,13,0,0,0,16,15,0,0,0,0,0,0,0,0,0,0,0,0,0,0,0,0,0,2,0,0,0,0,0,0,0,0,0,0,0,2,0,0,0,0,0,0,0,0,0,0,0,0,0,0,0,0,0,0,0,0,0,0,0,0,0,0,0,0,0,2,0,0,0,0,0,0,0,0,0,25,0,103,0,76,0,0,0,158,0,0,0,0,0,0,0,0,0,28,0,94,0,91,0,0,0,0,0,0,0,0,0,4,0,4,0,11,0,0,14,115,0,2,0,0,0,111,0,19,0,0,0,0,0,0,0,0,0,0,0,0,0,0,0,0,0,0,0,0,0,0,0,0,0,0,0,0,15,0,0,0,29,175,29,18,0,5,0
9,0,15,0,18,0,25,0,206,0,9,0,18,0,2,0,0,0,0,0,0,0,0,0,0,0,0,0,0,0,0,0,0,0,0,0,0,0,0,0,4,0,0,0,0,0,13,0,0,0,0,0,9,0,25,0,14,17,157,54,0,0,0,0,0,0,107,39,0,0,0,0,0,0,0,0,0,0,0,0,0,0,0,0,0,0,0,0,0,0,0,0,0,0,0,0,0,0,0,0,0,0,0,0,0,0,0,0,0,0,0,0,0,0,0,0,0,0,0,0,0,0,0,0,7,0,0,0,0,0,13,0,0,0,4,0,1,0,13,59,0,6,0,0,25,21,6,0,38,0,15,0,4,5,4,33,12,0,0,63,230,129,4,0,0,0,0,0,0,0,6,0,0,0,18,0,50,0,0,0,168,26,0,0,267,13,0,0,0,0,0,0,0,0,0,0,0,0,0,0,0,0,0,0,0,0,0,0,0,0,72,23,11,0,0,0,0,0,5,0,0,0,0,0,0
0,67,0,0,0,49,0,9,0,190,0,22,0,0,0,5,0,0,0,0,0,0,0,0,0,0,0,84,0,0,0,0,0,0,0,0,0,0,0,0,0,6,0,0,0,0,0,0,0,0,0,0,3,0,0,2,22,0,27,44,0,0,0,0,0,0,21,517,0,0,0,10,0,5,0,0,0,0,0,0,0,0,0,0,0,0,0,0,0,0,0,0,0,0,0,0,0,0,0,0,0,0,0,0,0,0,0,0,0,0,0,0,0,0,0,0,0,0,0,0,0,0,0,0,0,4,0,0,0,0,66,101,0,0,0,0,0,0,43,11,0,9,0,1,32,63,0,24,55,235,0,43,0,21,25,8,0,9,17,5,119,274,0,4,0,0,0,0,0,0,0,4,0,9,0,25,4,0,0,0,39,138,0,6,0,117,0,0,0,0,0,0,0,0,0,0,0,1,0,0,0,0,0,0,0,0,0,0,0,17,0,0,0,0,0,0,0,0,65,23,0,0,1,0,0
6,0,0,0,0,0,29,0,159,94,0,0,0,0,0,0,0,0,0,0,0,0,0,0,0,9,0,0,0,1,0,0,0,0,0,0,0,0,0,0,0,0,1,0,0,0,0,0,0,0,0,0,16,70,23,142,17,34,146,263,26,0,0,16,107,21,0,136,0,0,0,0,0,0,0,0,0,0,0,0,0,0,0,0,0,0,0,0,0,0,0,0,0,0,0,0,0,0,0,0,0,0,0,0,0,0,0,0,0,0,0,0,0,0,0,0,0,0,0,0,0,0,0,0,3,0,0,0,0,0,4,0,0,0,0,0,0,0,2,0,0,0,0,0,6,0,0,0,12,0,6,0,2,0,7,25,39,0,0,0,25,0,0,0,0,0,4,0,0,0,0,0,5,0,0,0,227,0,0,0,0,0,0,0,488,22,0,0,0,0,0,0,0,0,0,0,0,0,0,0,0,0,0,0,0,0,0,0,1,0,102,47,32,0,68,0,0,0,0,0,0,0,0,0,0
0,11,1,0,0,0,7,12,42,97,0,3,0,0,0,0,0,0,0,0,0,0,0,0,0,0,0,0,0,0,0,0,0,0,0,0,0,0,0,0,0,0,0,0,0,0,0,0,0,0,0,3,61,35,57,2,88,0,241,178,0,0,3,15,39,517,136,0,0,0,0,0,0,0,0,0,0,0,0,0,0,0,0,0,0,0,0,0,0,0,0,0,0,0,0,0,0,0,0,0,0,0,0,0,0,0,0,0,0,0,0,0,0,0,0,0,0,0,0,0,0,0,0,0,0,16,0,2,0,0,0,39,0,0,0,0,0,1,8,0,0,0,0,0,5,13,0,17,0,92,0,0,0,12,75,22,15,42,19,15,26,30,0,0,0,0,0,0,0,0,0,11,0,0,2,37,45,16,0,0,5,21,0,0,23,303,0,0,0,0,0,0,0,0,0,0,0,0,0,0,0,0,0,0,0,0,0,0,0,0,0,0,1,0,109,0,0,0,117,108,47,0,0,0,0
0,0,0,0,0,0,0,0,0,0,0,0,0,0,0,0,0,0,0,0,0,0,0,0,0,0,0,0,0,0,0,0,0,0,0,0,0,0,0,0,0,0,0,0,4,0,0,0,21,0,0,0,0,0,0,0,0,0,0,0,0,0,0,0,0,0,0,0,0,0,0,0,8,0,0,0,128,0,7,0,0,0,12,0,0,0,0,0,0,0,0,0,13,0,30,0,0,0,0,0,0,0,175,0,0,0,0,0,50,0,64,0,8,0,0,0,3,0,0,0,0,0,0,0,0,0,0,0,0,0,0,0,0,0,0,0,0,0,0,0,0,0,0,0,0,0,0,0,0,0,0,0,0,0,0,0,0,0,1,0,0,0,0,0,32,0,0,0,164,0,0,0,0,0,1,0,0,0,0,0,0,0,0,0,0,0,0,0,0,0,0,0,0,0,0,0,0,0,0,0,0,0,0,0,0,0,0,0,0,0,39,15,87,0,13,60,86,7,0,0,0,0,0,0,0
0,0,0,0,0,1,0,0,0,0,0,0,0,0,0,0,0,0,0,0,0,0,0,0,0,0,0,0,0,0,0,0,0,0,0,0,0,0,0,0,0,0,0,0,0,18,0,0,0,8,0,19,0,0,0,1,0,8,0,8,0,0,0,0,0,0,0,0,0,0,0,0,0,0,0,3,0,62,0,0,0,0,0,59,0,0,0,40,0,15,0,0,0,25,0,22,0,0,0,0,0,0,0,104,0,0,0,0,0,31,0,6,0,5,0,0,0,2,0,0,0,0,0,0,0,0,0,0,0,0,0,0,0,0,0,0,0,0,0,0,0,0,0,0,0,0,0,0,0,0,0,0,0,0,0,0,0,0,0,0,0,3,0,0,0,101,0,0,0,53,0,2,0,0,0,0,0,4,0,0,0,0,0,0,0,0,0,0,0,48,0,0,0,0,0,14,0,0,0,0,0,0,0,0,0,0,0,0,0,9,0,0,0,0,10,0,0,0,23,30,82,0,34,116,2
0,0,0,0,0,0,0,0,0,0,0,0,0,0,0,0,24,0,0,0,74,0,0,0,0,0,0,0,45,0,27,0,13,0,15,0,101,0,2,0,0,0,31,0,122,0,0,0,0,0,87,0,0,0,0,0,0,0,0,0,8,0,18,0,0,0,0,0,0,0,0,0,255,0,159,0,10,0,267,0,6,0,21,0,0,0,26,0,0,0,0,2,0,0,0,0,0,0,5,0,0,0,0,0,0,0,0,0,0,0,0,0,0,0,0,0,0,0,0,0,49,0,1,0,59,0,17,0,29,0,99,55,0,0,25,0,0,0,25,22,27,9,30,0,60,0,0,0,101,0,82,0,46,6,0,0,9,0,0,14,3,0,55,0,0,0,38,0,56,0,37,0,51,0,69,3,0,0,0,0,63,22,0,0,71,0,0,0,0,0,0,0,2,0,0,0,0,0,25,0,0,0,0,0,0,0,0,0,49,0,17,0,57,0,0,0,1,0,2,0,0,0,0,0,0
0,0,0,0,0,0,0,1,0,0,0,0,0,0,0,0,0,3,0,0,0,33,0,6,0,0,0,0,0,9,0,8,0,5,0,10,0,35,0,2,0,0,0,0,0,53,0,0,0,0,0,44,0,0,0,0,0,0,0,0,0,2,0,0,0,10,0,0,0,0,0,0,0,170,0,184,0,83,0,5,0,0,0,0,0,0,0,88,0,0,0,0,0,0,0,0,0,0,0,0,0,0,0,0,0,0,0,0,0,0,0,0,0,0,0,0,0,0,0,0,0,0,0,8,0,82,0,114,3,27,0,82,0,55,0,0,1,0,1,33,0,45,0,7,0,151,0,0,13,84,0,52,0,0,0,0,0,7,0,5,0,12,0,27,0,1,0,0,0,38,0,14,0,32,0,36,0,0,0,0,5,101,0,0,0,2,0,0,0,0,0,0,0,0,0,0,0,0,0,0,0,0,0,0,0,0,0,0,0,0,0,0,0,0,9,0,0,0,55,7,18,0,0,0,0
0,0,1,0,0,0,0,0,0,0,1,0,0,0,0,0,0,0,0,0,0,0,0,0,0,0,0,0,7,0,0,0,0,0,0,0,7,0,0,0,0,0,0,0,0,0,0,0,0,0,0,0,0,0,0,0,0,0,0,0,0,0,0,0,0,0,0,0,8,0,255,0,0,0,135,0,82,0,145,0,4,0,69,0,0,0,26,0,1,0,0,0,26,0,5,0,6,0,3,0,1,0,0,0,0,0,0,0,0,0,0,0,0,0,0,0,0,0,0,0,61,0,8,0,0,5,0,9,23,0,39,13,7,0,70,0,7,0,15,3,22,0,45,0,33,0,0,0,31,0,143,0,13,0,0,0,2,0,0,4,0,0,89,0,2,0,0,0,46,0,12,0,0,0,18,0,0,0,0,0,46,17,0,0,46,0,0,0,0,0,0,0,0,0,0,0,0,0,129,0,28,0,0,0,0,0,0,0,125,0,435,6,37,2,19,0,0,0,0,0,0,0,0,0,0
0,0,0,0,0,0,0,0,0,0,0,0,0,0,0,0,0,0,0,0,0,0,0,0,0,0,0,0,0,0,0,0,0,0,0,0,0,0,0,0,0,0,0,0,0,0,0,0,0,0,0,0,0,0,0,0,0,0,0,0,0,0,0,0,0,5,0,0,0,0,0,170,0,0,2,220,0,145,0,41,0,16,0,61,0,43,0,68,0,20,0,0,0,0,0,11,0,0,0,0,0,0,0,4,0,0,0,0,0,1,0,0,0,0,0,0,0,0,0,0,0,12,0,11,0,0,0,0,0,51,0,76,0,0,0,134,0,67,0,14,0,27,0,9,0,78,0,0,0,0,0,0,0,29,0,0,0,0,0,7,0,0,0,43,0,0,0,0,0,24,0,8,0,1,0,31,0,0,0,0,0,49,0,0,0,0,0,0,0,55,0,0,0,0,0,0,0,0,0,70,0,68,0,0,0,29,0,0,0,0,0,0,0,0,15,0,0,0,174,7,25,3,0,0,0
0,0,0,0,0,0,0,1,0,0,0,0,6,0,0,0,40,0,0,0,76,0,0,0,0,0,0,0,49,0,28,0,17,0,0,0,71,0,2,0,0,0,32,0,128,0,0,0,0,0,53,0,0,0,0,0,0,0,0,0,0,0,25,0,0,0,0,0,0,0,159,0,135,2,0,0,0,0,200,0,16,3,32,0,69,0,45,0,0,0,1,0,9,0,0,2,3,0,0,0,0,0,0,0,0,0,0,0,0,0,0,0,0,0,0,0,0,0,0,0,73,0,25,0,51,0,0,0,40,9,59,47,0,0,101,0,16,0,33,0,59,8,113,5,79,7,27,0,88,60,99,0,62,0,0,0,6,0,0,0,0,0,22,0,0,0,0,0,16,0,22,0,0,0,84,0,0,0,0,0,84,18,0,0,55,0,0,0,0,0,0,0,0,0,0,0,0,0,154,0,104,0,125,0,0,0,0,0,89,0,20,0,12,0,0,0,0,0,0,0,0,1,0,0,0
0,0,0,0,0,0,0,0,0,0,0,0,0,0,0,0,0,0,0,0,0,98,0,0,0,0,0,0,0,21,0,0,0,0,0,0,0,58,0,0,0,0,0,59,0,98,0,0,0,0,0,60,0,0,0,0,0,0,0,0,0,0,0,0,0,0,0,0,0,3,0,184,0,220,0,0,0,121,0,32,0,12,0,19,0,46,0,140,0,0,0,0,0,0,3,0,0,0,2,0,2,0,0,0,0,0,0,0,0,0,0,0,0,0,0,0,0,0,0,0,0,75,0,30,0,100,0,219,0,0,0,91,0,0,0,232,0,172,4,56,0,115,0,70,0,269,0,0,0,116,0,95,0,92,0,0,0,13,0,0,0,0,0,60,0,2,0,0,0,32,0,27,0,47,0,65,0,0,0,0,15,143,0,0,0,0,0,0,0,0,0,0,0,0,0,0,0,0,0,0,0,55,0,0,0,0,0,0,0,178,0,0,4,0,0,0,0,0,135,7,27,4,0,1,0
0,0,0,0,0,0,0,0,0,0,0,0,0,0,0,0,0,0,0,0,0,0,0,0,0,0,0,0,0,0,0,0,0,0,0,0,0,0,0,0,0,0,0,0,22,0,0,0,7,0,0,0,0,0,0,0,0,0,0,0,0,0,0,0,0,0,0,0,128,0,10,0,82,0,0,0,0,0,40,0,17,0,48,0,0,0,33,0,18,0,1,0,60,0,65,0,0,0,21,0,0,0,87,0,0,0,26,0,14,0,0,0,0,0,9,0,21,0,0,0,0,0,0,0,0,0,0,0,2,0,0,0,0,0,0,0,0,0,0,0,0,0,11,0,0,0,0,0,0,0,0,0,0,0,0,0,0,0,0,0,0,0,0,0,18,0,0,0,27,0,0,0,0,0,0,0,0,0,0,0,0,0,0,0,0,0,0,0,0,0,0,0,0,0,0,0,0,0,0,0,0,0,0,0,34,0,0,0,0,0,58,0,76,0,14,5,26,0,0,0,0,0,0,0,0
0,0,0,0,0,0,0,0,0,0,0,0,0,0,0,0,0,0,0,0,0,0,0,0,0,0,0,0,0,0,0,0,0,0,0,0,0,0,0,0,0,0,0,0,0,0,0,0,0,2,0,0,0,0,0,0,0,0,0,0,0,0,0,0,0,0,0,0,0,62,0,83,0,145,0,121,0,0,0,35,0,61,0,57,0,0,0,101,0,87,0,11,0,68,0,21,0,0,0,26,0,17,0,93,0,31,0,0,0,48,0,0,0,0,0,1,0,5,0,0,0,17,0,10,0,0,0,0,0,0,0,1,0,0,0,0,0,0,0,0,0,0,0,0,0,0,0,0,0,0,0,0,0,0,0,0,0,0,0,0,0,0,0,4,0,12,0,0,0,77,0,0,0,0,0,4,0,0,0,0,0,0,0,0,0,0,0,0,0,138,0,0,0,0,0,0,0,14,0,0,0,0,0,105,0,69,0,0,0,0,0,0,0,0,0,0,0,0,40,7,51,0,15,0,0
0,0,0,0,0,0,0,0,0,0,0,0,0,0,0,0,0,0,0,0,0,0,0,0,0,0,0,0,0,0,0,0,0,0,0,0,11,0,0,0,0,0,0,0,0,0,0,0,4,0,0,0,0,0,0,0,0,0,0,0,0,0,0,0,0,0,0,0,7,0,267,0,145,0,200,0,40,0,0,0,25,0,105,0,29,0,59,0,7,0,0,0,32,0,39,0,38,0,12,0,4,0,14,0,0,0,0,0,2,0,0,0,0,0,0,0,1,0,0,0,138,0,22,0,0,0,0,1,0,0,0,0,0,0,66,0,0,0,0,0,23,0,50,1,9,0,0,0,0,0,0,0,0,2,0,0,0,0,0,0,0,0,8,0,0,0,0,0,35,0,0,0,0,0,0,0,0,0,0,0,0,0,0,0,0,0,0,0,0,0,0,0,0,0,0,0,25,0,0,0,121,0,0,0,105,0,0,0,88,0,325,0,74,2,22,3,4,0,0,0,0,0,0,0,0
