0,206,31,58,18,0,24,111,43,36,84,0,63,0,5,37,62,75,0,0,0,0,22,93,0,200,0,0,32,0,6,1,34,0,0,0,0,4,203,0,5,0,0,0,0,0,0,0,10,0,7,0,3,0,18,0,0,0,13,0,67,0,78,21,16,0,14,0,0,0,0,0,0,0,0,0,0,0,0,0,0,0,0,0,0,0,0,0,0,0,0,0,0,0,0,0,0,0,0,0,0,0,0,0,0,0,0,0,0,0,0,0,0,0,0,0,0,0,0,0,0,0,0,0,12,0,6,0,0,0,39,2,3,0,5,0,0,0,0,0,0,0,2,0,0,0,12,0,73,0,35,0,0,0,0,0,0,0,3,0,22,0,0,0,0,0,0,0,10,0,0,0,118,0,0,0,399,82,9,0,9,0,20,0,54,0,1,0,0,0,0,0,0,0,0,0,0,0,0,0,0,0,0,0,0,0,0,0,7,0,478,154,221,0,202,0,0,0,0,0,0,0,0,0,0
206,0,159,27,0,181,68,52,12,30,27,214,0,114,11,51,103,15,0,86,0,0,107,25,70,29,0,76,4,115,0,0,0,159,0,0,0,207,0,373,0,15,0,0,0,19,0,62,0,26,0,0,0,0,0,20,1,0,0,12,0,178,0,0,0,71,0,35,0,0,0,0,0,0,0,0,0,0,0,0,0,0,0,0,1,21,0,0,0,0,0,0,0,3,0,0,0,0,0,23,0,4,0,2,0,0,0,0,0,0,0,1,0,0,0,0,0,0,0,0,0,0,0,0,0,38,0,10,0,0,0,19,0,5,0,40,0,36,0,0,0,0,0,0,0,0,0,0,0,73,0,0,0,42,0,2,0,0,0,0,0,0,0,0,0,5,0,0,1,47,0,17,0,173,0,0,123,430,0,6,0,24,7,1,0,49,0,0,0,0,0,0,0,0,0,0,0,0,0,0,0,0,0,0,0,0,0,21,0,59,0,0,0,0,221,0,0,0,753,271,364,116,18,22,0
31,159,0,37,226,14,62,0,4,25,116,15,197,0,174,33,247,54,64,0,107,5,240,90,46,106,35,0,71,0,18,0,87,0,0,0,54,0,242,0,23,0,0,0,0,0,59,0,53,0,6,0,24,0,20,0,6,0,7,0,55,0,90,14,0,0,0,0,0,0,0,0,0,0,0,0,0,0,0,0,0,0,0,0,0,0,0,0,0,0,0,0,0,0,0,0,42,0,0,0,7,0,0,0,0,0,0,0,0,0,0,0,0,0,0,0,0,0,0,0,0,0,0,0,17,0,17,0,0,0,13,0,2,0,36,0,0,0,3,0,0,0,0,0,0,0,19,1,24,0,33,0,3,0,2,0,0,0,3,0,0,0,0,0,0,0,68,0,58,0,40,0,242,3,1,0,91,44,6,0,3,0,4,0,4,0,1,0,0,0,0,0,0,0,0,0,0,0,0,0,0,0,0,0,0,0,0,0,51,0,473,105,465,193,241,0,0,3,0,0,0,0,0,0,0
58,27,37,0,15,105,0,62,0,7,32,16,0,9,0,189,40,28,0,127,0,83,41,76,6,91,0,0,0,163,0,84,0,221,0,0,0,110,0,218,0,0,0,0,0,0,0,0,0,13,0,0,0,5,0,78,0,19,0,0,0,32,0,0,0,9,0,1,0,0,0,0,0,0,0,0,0,0,0,0,0,0,0,0,0,0,0,0,0,0,0,0,0,0,0,0,0,0,0,0,0,0,0,0,0,0,0,0,0,0,0,0,0,0,0,0,0,0,0,0,0,0,0,0,0,17,0,10,0,0,0,0,0,14,0,172,0,155,0,35,0,0,0,46,0,0,1,0,0,17,0,0,0,0,0,5,0,0,0,0,0,0,0,0,0,21,0,0,0,0,0,24,0,101,0,1,19,87,0,0,0,0,5,0,0,1,0,0,0,0,0,0,0,0,0,0,0,0,0,0,0,0,0,0,0,0,0,0,0,82,1,0,0,0,140,0,0,0,371,53,334,70,7,10,0
18,0,226,15,0,100,7,0,0,0,43,69,482,0,254,134,103,0,122,202,173,70,157,70,12,0,113,0,0,0,240,0,205,0,124,0,218,0,83,0,146,0,0,0,26,0,91,0,43,0,64,0,0,0,6,0,0,0,0,0,0,0,0,0,0,0,0,0,0,0,0,0,0,0,0,0,0,0,0,0,0,0,0,0,0,0,0,0,0,0,0,0,0,0,0,0,0,0,0,0,0,0,0,0,0,0,0,0,0,0,0,0,0,0,0,0,0,0,0,0,0,0,0,0,11,0,11,0,0,0,8,0,0,0,24,0,0,0,0,0,0,0,0,0,0,0,21,0,37,0,33,0,0,0,0,0,0,0,0,0,0,0,0,0,42,0,254,0,151,1,27,0,279,0,6,0,363,137,55,0,0,0,12,0,20,0,11,0,0,0,0,0,0,0,0,0,0,0,0,0,0,0,0,0,0,0,0,0,0,0,658,210,601,227,239,0,9,0,0,0,0,0,0,0,0
0,181,14,105,100,0,0,66,0,25,55,107,43,215,226,286,15,13,46,281,79,207,24,54,0,29,0,298,0,54,22,228,0,179,0,211,0,301,0,0,0,54,0,35,0,50,0,141,0,33,0,89,0,11,0,0,0,0,0,0,0,0,1,0,0,39,0,0,0,1,0,0,0,0,0,0,0,0,0,0,0,28,0,0,0,0,0,0,0,0,0,0,0,0,0,0,0,0,0,0,0,0,0,0,0,0,0,0,0,0,0,0,0,0,0,0,0,0,0,0,0,0,0,0,0,0,0,0,0,0,0,0,0,0,0,0,0,43,0,47,1,0,0,0,0,0,0,0,0,53,0,0,0,0,0,0,0,0,0,0,0,0,0,1,0,46,0,135,0,75,0,45,0,104,0,0,82,319,14,23,0,10,0,10,4,39,0,3,0,0,0,0,0,0,0,0,0,0,0,0,0,0,0,0,0,0,0,0,0,74,0,0,0,0,192,0,0,0,620,231,485,83,0,0,0
24,68,62,0,7,0,0,146,87,337,54,2,14,0,11,0,13,38,0,0,7,0,20,0,17,214,0,0,17,0,0,0,0,0,0,0,4,0,0,0,0,0,0,0,0,0,0,0,34,0,0,0,112,66,106,135,8,0,29,0,307,0,357,118,6,0,3,42,0,0,0,0,0,0,0,0,1,0,0,0,0,0,0,0,0,0,0,0,0,0,0,0,0,0,0,0,0,0,0,0,0,0,0,0,0,0,0,0,0,0,0,0,0,0,0,0,0,0,0,0,0,0,0,0,6,0,7,0,2,0,22,0,1,0,16,0,0,0,0,0,0,0,0,0,0,0,4,0,17,0,0,0,0,0,0,0,0,0,0,0,22,0,0,0,7,0,0,0,22,0,96,0,116,0,0,0,260,52,0,0,0,0,21,0,8,0,0,0,0,0,0,0,0,0,0,0,0,0,1,0,0,0,0,0,0,0,0,0,14,0,1071,173,358,495,642,0,108,0,0,0,0,0,0,0,0
111,52,0,62,0,66,146,0,90,26,0,17,0,0,0,70,42,51,0,34,0,0,0,17,107,298,0,16,0,188,0,0,0,34,0,0,0,67,0,300,0,0,0,0,0,0,0,0,0,0,0,0,0,35,0,111,0,14,0,22,5,398,36,133,0,5,0,7,0,5,0,0,0,0,0,0,0,0,0,0,0,0,0,3,0,0,0,0,0,0,0,0,0,0,0,0,0,8,0,0,0,0,0,0,0,0,0,0,0,0,0,0,0,0,0,0,0,0,0,0,0,0,0,0,0,13,0,9,0,7,0,15,0,16,0,20,0,40,0,0,0,0,0,24,0,0,0,2,2,4,0,0,0,0,0,3,0,0,0,0,0,0,0,2,0,9,0,5,0,62,0,81,0,322,0,0,115,51,0,0,0,0,9,0,0,0,0,0,0,0,0,0,0,0,0,0,0,0,0,0,0,0,0,0,0,0,0,0,0,16,0,2,0,0,354,0,0,0,632,53,572,224,48,84,0
43,12,4,0,0,0,87,90,0,230,25,0,47,0,3,0,16,0,0,0,0,0,1,0,11,112,0,0,0,0,0,0,0,0,3,0,0,0,11,0,11,0,0,0,4,0,0,0,20,0,2,0,65,45,52,205,12,0,222,0,122,0,114,60,128,0,96,29,0,0,0,0,0,0,1,0,0,0,0,0,0,0,0,0,0,0,0,0,0,0,0,0,0,0,0,0,0,0,0,0,0,0,0,0,0,0,0,0,0,0,0,0,0,0,0,0,0,0,0,0,0,0,0,0,16,0,5,0,0,0,39,0,0,0,4,0,0,0,0,0,0,0,5,0,0,0,23,0,88,0,60,0,30,0,0,2,0,0,0,0,71,0,2,0,0,0,0,0,3,0,11,0,35,0,0,0,601,49,23,0,13,0,20,0,100,14,0,0,0,0,0,0,0,0,0,0,0,0,0,0,0,0,0,0,0,0,0,0,7,0,293,78,86,134,144,0,39,0,0,0,0,0,0,0,0
36,30,25,7,0,25,337,26,230,0,0,65,0,38,0,5,29,3,0,19,0,0,17,0,178,12,0,0,0,0,0,0,0,0,0,0,0,5,0,0,0,0,0,0,0,0,0,0,0,0,0,0,77,89,110,84,0,23,35,89,0,164,89,235,0,195,0,241,0,0,0,0,0,0,0,0,0,0,0,0,0,0,0,0,0,0,0,0,0,0,0,0,0,5,0,0,0,0,0,0,0,0,0,3,0,0,0,0,0,0,0,0,0,0,0,0,0,0,0,0,0,0,0,0,1,60,0,24,0,23,0,80,0,21,0,0,0,17,0,0,0,3,0,0,0,0,0,23,0,92,0,26,0,5,0,0,0,12,0,0,0,15,0,0,0,0,0,0,0,23,0,112,0,0,0,0,195,258,0,1,0,0,0,9,0,89,0,0,0,0,0,0,0,0,0,0,0,3,0,0,0,0,0,0,0,0,0,0,0,44,0,0,0,0,325,0,0,0,670,143,336,164,47,81,0
84,27,116,32,43,55,54,0,25,0,0,30,180,0,63,103,58,0,14,38,50,18,29,88,0,0,0,0,23,0,75,0,126,0,15,0,70,0,46,0,0,0,18,0,9,0,14,0,29,0,25,0,0,0,0,0,0,0,0,0,0,0,0,0,0,0,0,0,0,0,0,0,0,0,0,0,0,0,0,0,0,0,0,0,0,0,0,0,0,0,0,0,0,0,0,0,0,0,0,0,0,0,0,0,0,0,0,0,0,0,0,0,0,0,0,0,0,0,0,0,0,0,0,0,0,0,4,0,0,0,0,0,0,0,0,0,0,0,0,0,0,0,0,0,0,0,10,0,14,0,19,0,0,0,0,0,0,0,0,0,0,0,5,0,0,0,74,0,57,0,20,0,92,0,17,0,362,100,122,0,22,0,9,0,25,0,15,0,0,0,0,0,0,0,0,0,0,0,0,0,0,0,0,0,0,0,0,0,0,0,503,190,355,0,166,0,0,0,0,0,0,0,0,0,0
0,214,15,16,69,107,2,17,0,65,30,0,9,424,195,41,10,0,19,78,43,95,24,18,0,0,0,174,0,61,0,113,0,190,0,80,0,191,0,33,0,128,0,29,0,24,0,171,0,62,0,0,0,4,0,0,0,0,0,0,0,7,0,0,0,26,0,0,0,0,0,0,0,0,0,0,0,0,0,0,0,0,0,0,0,0,0,3,0,1,0,0,0,0,0,0,0,0,0,0,0,0,0,0,0,0,0,0,0,0,0,0,0,0,0,0,0,0,0,0,0,0,0,0,0,0,0,0,0,1,0,0,0,0,0,0,0,17,0,0,0,0,0,0,0,0,0,0,0,32,0,55,0,43,0,0,0,0,0,0,0,0,0,0,0,13,0,49,0,0,0,15,0,54,0,25,63,535,4,31,0,63,0,34,0,92,0,10,0,0,0,0,0,0,0,0,0,0,0,0,0,0,0,0,0,0,0,0,0,33,0,0,0,0,98,0,0,0,442,225,182,0,13,0,0
63,0,197,0,482,43,14,0,47,0,180,9,0,186,65,16,0,0,101,292,59,59,38,0,0,0,239,460,0,0,37,0,12,0,256,0,42,0,0,0,243,33,107,62,46,50,173,108,97,5,360,0,11,0,5,0,0,0,0,0,0,0,0,0,0,0,0,0,0,0,0,0,0,0,0,0,0,0,0,0,0,0,0,0,0,0,0,0,0,0,0,0,0,0,0,0,0,0,0,0,0,0,0,0,0,0,0,0,0,0,0,0,0,0,0,0,0,0,0,0,0,0,0,0,13,0,0,0,0,0,8,0,0,0,0,0,0,0,0,0,0,0,0,0,0,0,31,0,41,0,103,0,55,0,0,0,0,0,0,0,4,0,0,0,33,0,0,0,0,0,0,0,0,0,0,0,197,121,109,0,85,0,65,0,90,0,233,0,0,0,0,0,0,0,0,0,0,0,0,0,0,0,0,0,0,0,0,0,28,0,213,344,213,64,67,0,0,0,0,3,0,0,0,0,0
0,114,0,9,0,215,0,0,0,38,0,424,186,0,44,0,0,0,250,82,77,123,0,0,0,0,211,165,0,0,0,21,0,17,204,234,0,74,0,0,26,281,0,168,17,53,0,270,0,52,53,125,0,0,0,0,0,0,0,0,0,0,0,0,0,15,0,0,0,0,0,1,0,0,0,0,0,0,0,0,0,0,0,0,0,0,0,0,0,0,0,0,0,0,0,0,0,0,0,0,0,0,0,0,0,0,0,0,0,0,0,0,0,0,0,0,0,0,0,0,0,0,0,0,0,0,0,0,0,0,0,0,0,0,0,0,0,0,0,0,0,0,0,0,0,0,0,0,1,0,0,43,0,56,0,0,0,0,0,0,0,0,0,3,0,18,0,0,0,58,0,11,0,0,0,0,42,439,0,85,0,84,0,26,0,80,29,107,0,0,0,0,0,0,0,0,0,0,0,0,0,0,0,0,0,0,0,0,0,0,0,0,0,0,54,0,0,0,190,265,293,53,0,3,0
5,11,174,0,254,226,11,0,3,0,63,195,65,44,0,191,48,0,483,202,198,75,246,30,54,0,235,0,0,0,126,31,26,29,49,0,60,0,4,0,25,0,0,0,48,0,69,0,33,0,0,4,7,0,9,0,0,0,0,0,0,0,6,0,0,0,0,0,0,0,4,0,0,0,0,0,0,0,0,0,0,0,0,0,0,0,0,0,0,0,0,0,0,0,0,0,0,0,0,0,0,0,0,0,0,0,0,0,0,0,0,0,0,0,0,0,0,0,0,0,0,0,0,0,0,0,0,0,0,0,14,0,0,0,0,0,0,0,0,0,0,0,0,0,0,0,0,0,20,0,39,0,8,0,0,0,0,0,0,0,0,0,4,0,0,0,90,0,44,0,7,0,54,0,0,0,254,130,15,0,0,0,7,0,18,0,0,0,0,0,0,0,0,0,0,0,0,0,0,0,0,0,0,0,0,0,0,0,34,0,136,159,123,35,54,0,0,0,7,0,0,0,0,0,0
37,51,33,189,134,286,0,70,0,5,103,41,16,0,191,0,40,24,22,403,35,264,46,152,0,46,0,125,0,50,18,124,11,99,0,47,0,114,0,49,0,0,0,31,2,43,0,0,0,18,0,28,0,5,0,102,0,0,0,11,0,11,0,12,0,16,0,0,0,0,0,0,0,0,0,0,0,0,0,0,0,125,0,0,0,186,0,0,0,0,0,0,0,0,0,0,0,0,0,0,0,48,0,0,0,0,0,0,0,0,0,0,0,0,0,0,0,0,0,0,0,0,0,0,0,6,0,12,0,0,0,0,0,0,0,299,0,150,0,0,0,0,0,0,0,0,1,0,0,15,0,9,0,0,0,0,0,0,0,0,0,0,0,0,0,0,0,75,0,0,0,13,0,33,0,0,58,204,17,40,0,0,0,0,0,7,0,0,0,0,0,0,0,0,0,0,0,0,0,46,0,0,0,0,0,0,0,0,0,58,6,0,13,0,0,0,0,0,167,205,146,35,1,5,0
62,103,247,40,103,15,13,42,16,29,58,10,0,0,48,40,0,28,134,0,350,0,110,87,122,82,129,0,212,7,152,0,70,0,117,0,23,0,102,6,0,0,11,0,138,0,21,0,40,0,25,0,96,0,45,2,0,0,0,0,29,0,321,9,0,0,0,0,0,0,10,0,0,0,13,0,0,0,0,0,118,0,0,0,285,0,67,0,0,0,73,0,0,0,0,0,308,0,172,0,63,0,0,0,88,0,421,0,0,0,0,0,0,0,0,0,0,0,0,0,0,0,0,0,0,0,0,0,0,0,0,0,0,0,130,0,129,0,79,0,63,0,352,0,0,0,0,0,4,0,0,0,0,0,17,0,0,0,26,0,5,0,0,0,0,0,0,0,0,0,11,0,66,4,0,0,73,25,36,0,0,0,31,0,0,0,0,0,0,0,0,0,0,0,0,0,0,0,0,0,221,0,0,0,0,0,0,0,83,0,40,171,81,0,19,0,0,0,12,2,7,0,0,0,0
75,15,54,28,0,13,38,51,0,3,0,0,0,0,0,24,28,0,0,84,0,158,38,71,37,92,0,0,3,146,0,32,4,71,0,59,0,16,2,185,0,0,0,0,0,0,0,0,0,9,0,0,0,74,0,33,0,34,0,7,0,87,0,127,0,0,0,0,0,0,0,0,0,1,0,0,0,0,0,0,0,226,0,0,0,430,0,31,0,0,0,0,0,0,0,0,0,85,0,238,0,0,0,0,0,0,0,0,0,0,0,0,0,0,0,0,0,0,0,0,0,39,0,7,0,0,0,0,0,0,0,0,0,0,0,80,0,0,0,147,0,267,0,320,0,0,0,0,0,1,0,0,0,0,0,36,0,0,0,52,0,10,0,0,0,0,0,0,0,18,1,0,0,35,0,0,14,12,0,0,0,0,9,0,0,0,0,0,0,0,0,0,0,0,0,0,0,0,0,0,0,0,0,0,0,0,0,0,0,0,4,0,0,0,20,0,0,0,41,131,37,11,2,2,0
0,0,64,0,122,46,0,0,0,0,14,19,101,250,483,22,134,0,0,299,225,54,222,0,0,0,311,120,7,0,57,0,0,0,139,0,63,0,1,0,58,0,0,25,92,0,88,0,16,0,98,0,0,0,0,0,0,0,0,0,0,0,0,0,0,0,0,0,0,0,0,0,0,0,5,0,0,0,0,0,0,0,0,0,0,0,0,0,0,0,8,0,0,0,0,0,0,0,0,0,20,0,0,0,0,0,0,0,0,0,0,0,0,0,0,0,0,0,0,0,0,0,0,0,0,0,0,0,0,0,0,0,0,0,0,0,0,0,0,0,0,0,0,0,0,0,0,0,0,0,0,0,0,0,0,0,0,0,0,0,0,0,0,0,41,0,42,0,50,0,0,0,28,0,0,0,63,57,32,0,0,0,4,0,15,0,33,0,0,0,0,0,0,0,0,0,0,0,0,0,0,0,0,0,0,0,0,0,0,0,138,138,149,53,56,0,0,0,0,1,0,0,0,0,0
0,86,0,127,202,281,0,34,0,19,38,78,292,82,202,403,0,84,299,0,95,353,0,268,0,0,82,427,0,0,44,46,0,20,230,81,19,82,0,0,0,0,0,173,0,139,0,70,0,45,45,180,0,27,0,27,0,0,0,0,0,0,0,31,0,35,0,0,0,0,0,0,0,0,0,0,0,0,0,0,0,0,0,0,0,109,0,0,0,0,0,0,0,0,0,0,0,0,0,0,0,0,0,0,0,0,0,0,0,0,0,0,0,0,0,0,0,0,0,0,0,0,0,0,0,0,0,0,0,0,0,0,0,0,0,0,0,0,0,0,0,0,0,0,0,0,0,0,0,42,0,0,0,24,0,0,0,0,0,0,0,0,0,0,0,42,4,39,0,63,0,20,0,21,0,0,74,209,0,13,0,0,0,16,0,0,12,12,0,0,0,0,0,0,0,0,0,0,0,0,0,0,0,0,0,0,0,0,0,82,18,0,0,0,101,0,0,0,199,216,190,67,7,0,0
0,0,107,0,173,79,7,0,0,0,50,43,59,77,198,35,350,0,225,95,0,0,158,6,41,0,363,0,51,0,137,0,46,9,124,14,39,0,10,0,18,0,42,7,176,0,27,0,13,0,91,0,33,0,0,0,0,0,0,0,0,0,85,0,0,0,0,0,0,0,0,0,5,0,0,0,0,0,0,0,0,0,0,0,0,0,0,0,0,0,13,0,0,0,0,0,0,0,0,0,0,0,0,0,25,0,0,0,0,0,0,0,0,0,0,0,0,0,0,0,0,0,0,0,0,0,0,0,0,0,0,0,0,0,0,0,0,0,0,0,0,0,0,0,0,0,0,0,0,0,0,0,0,0,5,0,0,0,0,0,0,0,10,0,0,0,44,0,48,0,6,0,39,0,0,0,60,26,64,0,0,0,0,0,0,0,0,0,0,0,0,0,0,0,0,0,0,0,0,0,0,0,0,0,0,0,0,0,0,0,238,198,95,55,83,0,0,0,0,0,2,0,0,0,0
0,0,5,83,70,207,0,0,0,0,18,95,59,123,75,264,0,158,54,353,0,0,0,216,0,31,17,143,0,90,14,72,5,39,46,169,0,49,0,7,1,0,0,105,0,175,0,10,0,31,0,69,0,0,0,0,0,0,0,0,0,5,0,40,0,0,0,0,0,0,0,0,0,0,0,0,0,0,0,0,0,92,0,0,0,0,0,0,0,0,0,0,0,0,0,0,0,0,0,0,0,0,0,0,0,0,0,0,0,0,0,0,0,0,0,0,0,0,0,0,0,0,0,0,0,0,0,0,0,0,0,0,0,0,0,0,0,0,0,0,0,68,0,0,0,0,0,0,0,0,0,0,0,0,0,3,0,0,0,0,0,0,0,0,0,18,0,46,0,0,0,31,0,53,0,0,29,92,0,39,0,0,0,0,0,0,1,11,0,0,0,0,0,0,0,0,0,0,0,0,0,0,0,0,0,0,0,0,0,0,6,0,0,0,132,0,0,0,357,424,195,0,0,2,0
22,107,240,41,157,24,20,0,1,17,29,24,38,0,246,46,110,38,222,0,158,0,0,113,81,68,164,0,102,0,31,0,48,12,0,0,0,9,175,0,0,0,0,0,72,0,76,0,107,0,0,0,12,0,64,0,7,0,8,0,0,0,69,0,0,0,0,0,0,0,0,0,0,0,0,0,0,0,0,0,0,0,0,0,35,0,9,0,0,0,0,0,0,0,0,0,0,0,0,0,0,0,0,0,0,0,94,0,0,0,0,0,0,0,0,0,0,0,0,0,0,0,0,0,12,0,20,0,12,0,14,0,2,0,138,0,71,0,19,0,8,0,118,0,0,0,7,0,13,0,35,0,0,0,6,0,0,0,0,0,5,0,2,0,0,0,0,0,25,0,0,0,156,0,0,0,92,39,15,0,3,0,4,0,0,0,1,0,0,0,0,0,0,0,0,0,0,0,0,0,0,0,0,0,0,0,0,0,90,0,246,140,241,0,125,1,8,2,0,0,0,0,0,1,0
93,25,90,76,70,54,0,17,0,0,88,18,0,0,30,152,87,71,0,268,6,216,113,0,6,12,0,58,8,68,0,54,12,96,0,29,0,48,8,70,0,0,0,26,0,40,0,4,0,24,0,9,0,10,0,19,0,0,0,0,0,0,0,31,0,0,0,0,0,0,0,0,0,0,0,10,0,0,0,0,0,135,0,0,0,176,0,28,0,0,0,34,0,0,0,0,0,0,0,147,0,0,0,5,0,0,0,0,0,0,0,0,0,0,0,0,0,0,0,0,0,31,0,0,0,0,0,0,0,0,0,0,0,0,0,70,0,30,0,20,0,67,0,124,0,0,0,0,0,0,3,0,0,0,0,0,0,0,0,0,0,0,0,5,0,8,0,47,0,10,0,8,0,55,0,0,33,204,0,7,0,0,5,0,0,0,0,0,0,0,0,0,0,0,0,0,0,0,0,0,0,0,0,1,0,0,0,0,0,0,5,0,0,1,54,0,0,0,230,515,136,23,0,0,0
0,70,46,6,12,0,17,107,11,178,0,0,0,0,54,0,122,37,0,0,41,0,81,6,0,155,64,0,129,0,0,0,21,0,0,0,0,0,107,0,0,0,0,0,29,0,0,0,41,0,0,0,79,0,159,25,35,0,4,0,118,0,288,75,0,0,0,0,0,0,0,0,0,0,2,0,0,0,0,0,0,0,0,0,34,0,0,0,0,0,14,0,0,0,0,0,0,0,0,0,8,0,0,0,52,0,99,0,0,0,0,0,0,0,0,0,0,0,0,0,0,2,0,0,16,0,20,0,37,0,19,0,0,0,221,0,138,0,17,0,19,0,144,0,0,0,0,0,12,0,43,0,0,0,10,0,0,0,5,0,22,0,0,0,0,0,0,0,20,0,60,0,168,0,0,0,32,19,0,0,0,0,9,0,0,0,0,0,0,0,0,0,0,0,0,0,0,0,0,0,136,0,0,0,0,0,0,0,152,0,392,118,355,220,321,0,40,2,0,0,0,0,0,0,0
200,29,106,91,0,29,214,298,112,12,0,0,0,0,0,46,82,92,0,0,0,31,68,12,155,0,0,0,0,77,0,10,0,0,0,0,0,0,0,78,0,0,0,0,0,0,0,0,0,0,0,4,12,26,12,109,0,36,0,15,0,58,47,99,0,0,0,0,0,0,0,0,0,0,0,0,0,0,0,0,0,30,0,3,0,63,0,0,0,0,0,0,0,0,0,0,0,41,0,108,0,8,0,0,0,0,0,0,0,0,0,0,0,0,0,0,0,0,0,0,0,0,0,1,0,0,0,0,0,3,0,3,0,0,0,175,0,56,0,75,0,39,0,98,0,5,0,0,0,1,0,0,0,0,0,26,0,2,0,23,0,0,0,0,0,0,0,0,0,0,0,14,0,48,0,0,76,40,0,0,0,0,19,2,0,0,0,0,0,0,0,0,0,0,0,0,0,0,0,19,0,0,0,0,0,0,0,0,0,24,6,0,0,0,55,0,0,0,119,295,77,28,0,10,0
0,0,35,0,113,0,0,0,0,0,0,0,239,211,235,0,129,0,311,82,363,17,164,0,64,0,0,809,0,0,25,0,0,0,126,0,40,0,0,0,96,133,159,95,171,204,148,379,99,16,289,0,0,0,0,0,0,0,0,0,0,0,0,0,0,0,0,0,0,0,0,0,0,0,0,0,0,0,0,0,0,0,0,0,0,0,0,0,0,0,0,0,0,0,0,0,0,0,0,0,0,0,9,0,0,0,0,0,0,0,0,0,0,0,0,0,0,0,0,0,0,0,0,0,0,0,0,0,0,0,0,0,0,0,0,0,0,0,0,0,0,0,0,0,0,0,0,0,0,0,0,0,0,0,0,0,0,0,0,0,0,0,0,0,52,0,0,0,0,0,0,0,0,0,5,0,0,47,0,0,0,0,0,0,0,0,150,0,0,0,0,0,0,0,7,0,0,0,0,0,0,0,0,0,0,0,0,0,0,0,140,500,425,156,78,0,0,7,0,9,0,0,0,0,1
0,76,0,0,0,298,0,16,0,0,0,174,460,165,0,125,0,0,120,427,0,143,0,58,0,0,809,0,0,14,0,12,0,0,175,69,0,50,0,0,279,41,75,260,76,247,68,179,11,37,104,277,0,29,0,0,0,0,0,3,0,0,0,0,0,0,0,0,0,2,0,0,0,0,0,0,0,0,0,0,0,0,0,0,0,0,0,0,0,0,0,0,0,0,0,0,0,0,0,0,0,0,0,0,0,0,0,0,0,0,0,0,0,0,0,0,0,0,0,0,0,0,0,0,0,0,0,0,0,0,0,0,0,0,0,0,0,29,0,0,0,0,0,0,0,7,1,0,0,26,0,0,1,0,0,0,0,0,0,0,0,0,0,0,0,81,0,14,0,95,0,11,0,10,0,0,19,164,0,7,0,0,0,0,0,71,78,28,0,0,0,0,0,0,0,0,0,0,0,0,0,0,0,0,0,0,0,0,0,0,0,0,0,0,64,0,0,0,167,368,409,92,0,3,4
32,4,71,0,0,0,17,0,0,0,23,0,0,0,0,0,212,3,7,0,51,0,102,8,129,0,0,0,0,0,71,0,39,0,71,0,78,0,53,0,0,0,0,0,0,0,0,0,0,0,11,0,23,0,5,0,0,0,0,0,10,0,62,0,0,0,0,0,0,0,5,0,0,0,0,0,0,0,0,0,28,0,0,0,53,0,25,0,0,0,6,0,0,0,1,0,74,0,44,0,12,0,0,0,0,0,0,0,0,0,0,0,0,0,0,0,0,0,0,0,15,0,0,0,0,0,0,0,0,0,0,0,0,0,0,0,17,0,66,0,22,0,83,0,38,0,0,0,0,0,0,0,0,0,10,0,3,0,24,0,0,0,0,0,0,0,0,0,3,0,0,0,5,0,0,0,0,0,7,0,0,0,16,0,0,0,0,0,0,0,0,0,0,0,0,0,0,0,0,0,0,0,0,0,0,0,0,0,0,0,8,24,3,0,0,0,0,0,1,0,0,0,0,0,0
0,115,0,163,0,54,0,188,0,0,0,61,0,0,0,50,7,146,0,0,0,90,0,68,0,77,0,14,0,0,1,17,0,53,0,72,0,18,0,5,0,0,0,31,0,0,0,0,0,0,0,15,0,17,0,8,0,0,0,0,0,44,0,56,0,0,0,0,0,0,0,0,0,0,0,0,0,0,0,0,0,130,0,0,0,173,0,0,0,0,0,0,0,0,0,0,0,0,0,51,0,0,0,0,0,0,0,0,0,0,0,0,0,0,0,0,0,0,0,0,0,47,0,14,0,0,0,0,0,0,0,0,0,12,0,0,0,24,0,106,0,141,0,183,0,25,0,0,0,0,0,0,0,0,0,6,0,0,0,23,0,0,0,0,0,0,0,0,0,0,0,0,0,0,0,0,6,55,0,17,0,0,0,0,0,0,0,0,0,0,0,0,0,0,0,0,0,0,0,0,0,0,0,0,0,0,0,0,0,0,0,0,0,0,5,0,0,0,37,98,17,0,0,0,0
6,0,18,0,240,22,0,0,0,0,75,0,37,0,126,18,152,0,57,44,137,14,31,0,0,0,25,0,71,1,0,3,18,0,50,0,29,4,6,0,0,0,63,0,29,0,0,1,0,0,35,0,17,0,0,0,0,0,0,0,0,0,68,0,0,0,0,0,0,0,0,0,0,0,0,0,0,0,0,0,84,0,0,0,0,0,40,0,0,0,0,0,0,0,0,0,0,0,0,0,0,0,0,0,0,0,0,0,0,0,0,0,0,0,0,0,0,0,0,0,0,0,0,0,0,0,0,0,0,0,0,0,0,0,0,0,0,0,0,0,0,0,0,0,0,0,0,0,0,0,0,0,0,0,0,0,0,0,1,0,0,0,0,0,0,0,54,0,48,0,0,0,29,0,0,0,62,14,114,0,0,0,0,0,0,0,0,0,0,0,0,0,0,0,0,0,0,0,0,0,0,0,0,0,0,0,0,0,0,0,124,137,54,0,47,0,0,0,0,0,0,0,0,0,0
1,0,0,84,0,228,0,0,0,0,0,113,0,21,31,124,0,32,0,46,0,72,0,54,0,10,0,12,0,17,3,0,0,20,0,75,0,8,0,7,0,0,0,25,0,23,0,0,0,0,0,26,0,7,0,9,0,0,0,0,0,0,0,13,0,0,0,0,0,0,0,0,0,0,0,0,0,0,0,0,0,0,0,0,0,0,0,0,0,0,0,0,0,0,0,0,0,0,0,0,0,0,0,0,0,0,0,0,0,0,0,0,0,0,0,0,0,0,0,0,0,0,0,0,0,0,0,0,0,0,0,0,0,0,0,0,0,0,0,0,0,0,0,58,0,8,0,0,0,0,0,0,0,0,0,0,0,0,0,5,0,0,0,0,0,0,0,20,0,0,0,7,0,20,0,0,9,82,0,65,0,0,0,0,0,0,0,0,0,0,0,0,0,0,0,0,0,0,0,0,0,0,0,0,0,0,0,0,0,0,0,0,0,0,27,0,0,0,125,129,82,0,0,1,0
34,0,87,0,205,0,0,0,0,0,126,0,12,0,26,11,70,4,0,0,46,5,48,12,21,0,0,0,39,0,18,0,0,0,27,0,75,0,8,0,0,0,22,0,7,0,0,0,0,0,14,0,15,0,0,0,0,0,0,0,6,0,38,0,0,0,0,0,0,0,18,0,0,0,0,0,0,0,0,0,106,0,0,0,72,0,53,0,0,0,5,0,0,0,0,0,148,0,109,0,21,0,0,0,0,0,0,0,0,0,0,0,0,0,0,0,0,0,0,0,20,0,0,0,0,0,0,0,0,0,0,0,0,0,0,0,15,0,22,0,0,0,60,0,42,0,0,0,0,0,0,0,0,0,6,0,0,0,19,0,0,0,8,0,0,0,81,0,46,0,0,0,43,0,0,0,70,14,82,0,0,0,15,0,0,0,0,0,0,0,0,0,0,0,0,0,0,0,0,0,0,0,0,0,0,0,0,0,0,0,62,190,71,13,25,0,0,0,2,0,0,0,0,0,0
0,159,0,221,0,179,0,34,0,0,0,190,0,17,29,99,0,71,0,20,9,39,12,96,0,0,0,0,0,53,0,20,0,0,0,87,0,110,0,3,0,0,0,32,0,41,0,0,0,0,0,46,0,0,0,0,0,0,0,0,0,18,0,12,0,0,0,0,0,0,0,0,0,0,0,0,0,0,0,0,0,0,0,0,0,0,0,0,0,0,0,0,0,0,0,0,0,0,0,0,0,4,0,0,0,0,0,0,0,0,0,0,0,0,0,0,0,0,0,0,0,0,0,0,0,0,0,0,0,0,0,0,0,0,0,0,0,0,0,30,0,35,0,0,0,29,0,0,0,0,0,0,0,0,0,5,0,9,0,8,0,0,0,0,0,0,0,41,0,6,0,0,0,21,0,0,11,95,0,102,0,0,0,1,0,0,0,5,0,0,0,0,0,0,0,0,0,0,0,0,0,0,0,0,0,0,0,0,0,0,0,0,0,0,0,0,0,0,69,160,63,0,0,0,0
0,0,0,0,124,0,0,0,3,0,15,0,256,204,49,0,117,0,139,230,124,46,0,0,0,0,126,175,71,0,50,0,27,0,0,0,58,0,10,0,19,0,29,31,36,0,10,0,5,2,109,0,14,0,0,0,0,0,0,0,0,0,0,0,0,0,0,0,0,0,0,0,0,0,0,0,0,0,0,0,0,0,0,0,0,0,0,0,0,0,11,0,0,0,0,0,0,0,0,0,0,0,0,0,0,0,0,0,0,0,0,0,0,0,0,0,0,0,0,0,0,0,0,0,0,0,0,0,0,0,0,0,0,0,0,0,0,0,0,0,0,0,0,0,16,0,0,0,0,0,0,0,0,0,0,0,0,0,0,0,0,0,0,0,57,0,34,0,73,0,0,1,0,0,0,0,50,22,91,0,0,0,0,0,0,0,97,0,0,0,0,0,0,0,0,0,0,0,0,0,0,0,0,0,0,0,0,0,0,0,140,155,196,59,60,0,0,0,0,1,0,0,0,0,0
0,0,0,0,0,211,0,0,0,0,0,80,0,234,0,47,0,59,0,81,14,169,0,29,0,0,0,69,0,72,0,75,0,87,0,0,0,95,0,14,2,0,0,41,0,87,0,0,0,0,0,99,0,0,0,0,0,0,0,0,0,5,0,0,0,0,0,0,0,0,0,0,0,0,0,0,0,0,0,0,0,72,0,0,0,0,0,13,0,0,0,0,0,0,0,0,0,0,0,0,0,0,0,0,0,0,0,0,0,0,0,0,0,0,0,0,0,0,0,0,0,0,0,0,0,0,0,0,0,0,0,0,0,0,0,0,0,0,0,97,0,106,0,140,0,58,0,0,0,0,0,0,0,0,0,0,0,0,0,0,0,0,0,1,0,44,1,101,0,72,0,20,0,43,0,0,12,78,0,23,0,0,0,0,0,0,0,18,0,0,0,0,0,0,0,0,0,0,0,0,0,0,0,0,0,0,0,0,0,0,3,0,0,0,48,0,0,0,182,231,218,0,0,0,0
0,0,54,0,218,0,4,0,0,0,70,0,42,0,60,0,23,0,63,19,39,0,0,0,0,0,40,0,78,0,29,0,75,0,58,0,0,0,58,0,0,0,48,0,51,0,0,0,10,0,42,0,22,0,0,0,0,0,0,0,17,0,30,0,0,0,0,0,0,0,80,0,0,0,44,0,0,0,0,0,251,0,0,0,133,0,138,0,0,0,19,0,0,0,0,0,231,0,338,0,58,0,0,0,0,0,91,0,0,0,0,0,0,0,0,0,0,0,0,0,39,0,18,0,0,0,0,0,0,0,0,0,0,0,0,0,33,0,69,0,29,0,95,0,148,0,0,0,10,0,0,0,0,0,16,0,20,0,53,0,0,0,47,0,22,0,37,0,50,0,9,0,39,0,0,0,0,0,29,0,0,0,4,0,0,0,0,0,0,0,0,0,0,0,0,0,0,0,0,0,0,0,0,0,0,0,0,0,0,0,36,75,87,9,0,0,0,0,0,0,0,0,0,0,0
4,207,0,110,0,301,0,67,0,5,0,191,0,74,0,114,0,16,0,82,0,49,9,48,0,0,0,50,0,18,4,8,0,110,0,95,0,0,0,10,0,0,1,55,0,41,0,0,0,3,0,90,0,13,0,6,0,0,0,0,0,25,0,33,0,0,0,0,0,0,0,0,0,3,0,25,0,0,0,0,0,67,0,0,0,90,0,0,0,0,0,0,0,0,0,0,0,0,0,0,0,0,0,0,0,0,0,1,0,0,0,0,0,0,0,0,0,0,0,0,0,43,0,0,0,0,0,0,0,0,0,0,0,0,0,0,0,0,0,109,0,133,0,92,0,187,0,0,0,0,0,0,0,0,0,8,0,83,0,53,0,0,0,0,0,14,0,36,1,47,0,0,0,45,0,6,0,0,0,73,0,9,0,0,0,0,0,7,0,0,0,0,0,0,0,1,0,0,0,0,0,1,0,0,0,0,0,0,0,0,0,0,0,0,18,0,0,0,40,293,88,11,0,0,0
203,0,242,0,83,0,0,0,11,0,46,0,0,0,4,0,102,2,1,0,10,0,175,8,107,0,0,0,53,0,6,0,8,0,10,0,58,0,0,0,0,0,9,0,14,0,0,0,1,0,8,0,13,0,0,0,0,0,0,0,0,0,12,0,0,0,0,0,0,0,5,0,0,0,0,0,0,0,0,0,0,0,0,0,0,0,0,0,0,0,5,0,0,0,0,0,0,0,28,0,0,0,0,0,0,0,0,0,0,0,0,0,0,0,0,0,0,0,0,0,12,0,0,0,0,0,0,0,0,0,0,0,0,0,0,0,21,0,52,0,14,0,29,0,46,0,0,0,0,0,0,0,0,0,21,0,5,0,27,0,0,0,0,0,0,0,9,0,4,0,0,0,7,0,0,0,20,0,7,0,0,0,101,0,0,0,0,0,0,0,0,0,0,0,0,0,0,0,0,0,0,0,0,0,0,0,0,0,0,0,35,478,25,0,0,0,0,0,0,0,0,0,0,0,0
0,373,0,218,0,0,0,300,0,0,0,33,0,0,0,49,6,185,0,0,0,7,0,70,0,78,0,0,0,5,0,7,0,3,0,14,0,10,0,0,0,0,0,0,0,5,0,0,0,0,0,8,0,0,0,0,0,0,0,0,0,9,0,26,0,0,0,0,0,0,0,0,0,0,0,0,0,0,0,0,0,0,0,0,0,0,0,0,0,0,0,0,0,0,0,0,0,0,0,0,0,0,0,0,0,0,0,0,0,0,0,0,0,0,0,0,0,0,0,0,0,0,0,0,0,0,0,0,0,0,0,0,0,0,0,0,0,0,0,11,0,9,0,0,0,20,0,0,0,0,0,0,0,0,0,1,0,26,0,10,0,0,0,0,0,0,0,0,1,0,0,0,0,3,0,0,0,0,0,9,0,0,0,0,0,0,0,0,0,0,0,0,0,0,0,0,0,0,0,0,0,0,0,0,0,0,0,0,0,0,0,0,0,0,0,0,0,0,26,146,13,0,0,0,0
5,0,23,0,146,0,0,0,11,0,0,0,243,26,25,0,0,0,58,0,18,1,0,0,0,0,96,279,0,0,0,0,0,0,19,2,0,0,0,0,0,51,130,27,78,137,99,247,116,35,114,0,0,0,0,0,0,0,0,0,0,0,0,0,0,0,0,0,0,0,0,0,0,0,0,0,0,0,0,0,0,0,0,0,0,0,0,0,0,0,0,0,0,0,0,0,0,0,0,0,9,0,0,0,0,0,0,0,0,0,0,0,0,0,0,0,0,0,0,0,0,0,0,0,0,0,0,0,0,0,0,0,0,0,0,0,0,0,0,0,0,0,0,0,0,0,0,0,17,0,0,0,0,0,0,0,0,0,0,0,1,0,0,0,12,0,0,0,0,0,0,0,0,0,0,0,56,25,73,0,45,0,24,0,17,0,216,4,0,0,0,0,0,0,0,0,2,0,0,0,0,0,0,0,0,0,0,0,0,0,0,222,66,0,0,0,0,27,0,9,0,0,0,0,9
0,15,0,0,0,54,0,0,0,0,0,128,33,281,0,0,0,0,0,0,0,0,0,0,0,0,133,41,0,0,0,0,0,0,0,0,0,0,0,0,51,0,0,113,34,124,20,237,19,86,0,28,0,0,0,0,0,0,0,0,0,0,0,0,0,0,0,0,0,6,0,0,0,0,0,0,0,1,0,0,0,0,0,6,0,0,0,0,0,0,0,0,0,0,0,0,0,0,0,0,0,2,0,0,0,0,0,0,0,0,0,0,0,0,0,0,0,0,0,0,0,0,0,0,0,0,0,0,0,0,0,0,0,0,0,0,0,0,0,0,0,0,0,0,0,0,0,0,0,0,0,0,0,0,0,0,0,0,0,0,0,0,0,0,1,15,0,0,0,0,0,0,0,0,0,0,0,136,0,27,0,20,0,0,0,0,22,47,0,0,0,0,0,0,0,0,0,0,0,0,0,0,0,0,0,0,0,0,0,0,0,0,0,0,0,0,0,0,3,124,82,6,0,0,30
0,0,0,0,0,0,0,0,0,0,18,0,107,0,0,0,11,0,0,0,42,0,0,0,0,0,159,75,0,0,63,0,22,0,29,0,48,1,9,0,130,0,0,0,87,27,36,49,48,0,46,0,0,0,0,0,0,0,0,0,0,0,0,0,0,0,0,0,0,0,0,0,0,0,0,0,0,0,0,0,0,0,0,0,0,0,0,0,0,0,0,0,0,0,5,0,0,0,0,0,18,0,0,0,0,0,0,0,0,0,0,0,0,0,0,0,0,0,0,0,0,0,0,0,0,0,0,0,0,0,0,0,0,0,0,0,0,0,0,0,0,0,0,0,0,0,0,0,0,0,0,0,0,0,0,0,0,0,0,0,0,0,0,0,21,0,24,0,10,0,2,0,4,0,0,0,0,0,15,0,3,0,4,0,0,0,87,0,0,0,0,0,0,0,0,0,0,0,0,0,0,0,0,0,0,0,0,0,0,0,0,64,111,15,13,0,0,6,0,0,0,0,0,0,1
0,0,0,0,0,35,0,0,0,0,0,29,62,168,0,31,0,0,25,173,7,105,0,26,0,0,95,260,0,31,0,25,0,32,31,41,0,55,0,0,27,113,0,0,0,65,8,60,0,19,15,44,0,0,0,0,0,5,0,0,0,0,0,18,0,0,0,0,0,0,0,0,0,1,0,17,0,0,0,2,0,0,0,0,0,0,0,9,0,0,0,0,0,0,0,0,0,0,0,0,0,0,0,0,0,0,0,0,0,0,0,0,0,0,0,0,0,0,0,1,0,47,0,0,0,0,0,0,0,0,0,0,0,0,0,0,0,0,0,0,0,85,0,0,0,63,0,0,0,0,0,0,0,0,0,0,0,0,0,0,0,0,0,4,0,34,0,17,0,52,0,6,0,14,0,0,0,37,0,0,0,0,0,0,0,0,3,103,0,0,0,0,0,0,0,0,0,0,0,0,0,0,0,0,0,0,0,0,1,0,0,0,2,0,25,0,0,0,91,266,193,30,0,0,0
0,0,0,0,26,0,0,0,4,0,9,0,46,17,48,2,138,0,92,0,176,0,72,0,29,0,171,76,0,0,29,0,7,0,36,0,51,0,14,0,78,34,87,0,0,86,198,170,213,64,73,0,0,0,0,0,3,0,0,0,0,0,89,0,0,0,0,0,9,0,0,0,0,0,0,0,0,0,0,0,174,0,23,0,0,0,81,0,41,0,0,0,24,0,0,0,0,0,278,0,72,0,0,0,0,0,0,0,0,0,0,0,0,0,0,0,0,0,0,0,0,0,0,0,0,0,0,0,0,0,0,0,5,0,0,0,0,0,0,0,17,0,0,0,32,0,0,0,13,0,0,0,21,0,5,0,0,0,0,0,0,0,0,0,140,0,58,0,65,0,8,0,44,0,0,0,33,2,23,0,40,1,16,0,0,0,89,0,0,0,0,0,0,0,0,0,0,0,0,0,0,0,0,0,0,0,0,0,0,0,50,269,288,39,0,3,0,107,0,0,0,0,0,0,5
0,19,0,0,0,50,0,0,0,0,0,24,50,53,0,43,0,0,0,139,0,175,0,40,0,0,204,247,0,0,0,23,0,41,0,87,0,41,0,5,137,124,27,65,86,0,59,168,68,159,0,34,0,0,0,1,0,0,0,0,0,3,0,0,0,0,0,0,0,15,0,12,0,0,0,44,0,9,0,0,0,263,0,42,0,0,0,46,0,0,0,0,0,15,0,26,0,0,0,0,0,12,0,13,0,0,0,0,0,0,0,0,0,0,0,1,0,2,0,0,0,147,0,0,0,0,0,0,0,0,0,0,0,0,0,0,0,0,0,107,0,180,0,0,0,0,0,0,0,0,0,0,0,0,0,0,0,0,0,0,0,0,0,0,0,66,0,30,0,104,0,9,0,17,0,0,0,60,0,0,0,0,0,0,0,13,35,84,0,16,0,0,0,0,0,0,0,0,0,0,0,0,0,0,0,0,0,0,0,0,0,1,0,0,21,0,0,0,76,296,300,26,8,0,72
0,0,59,0,91,0,0,0,0,0,14,0,173,0,69,0,21,0,88,0,27,0,76,0,0,0,148,68,0,0,0,0,0,0,10,0,0,0,0,0,99,20,36,8,198,59,0,106,153,28,51,0,13,0,0,0,0,0,0,0,0,0,0,0,0,0,0,0,0,0,0,0,0,0,0,0,0,0,0,0,0,0,0,0,0,0,0,0,1,0,0,0,0,0,0,0,0,0,0,0,0,0,0,0,0,0,0,0,0,0,0,0,0,0,0,0,0,0,0,0,0,0,0,0,0,0,0,0,0,0,0,0,0,0,0,0,0,0,0,0,0,0,0,0,0,0,0,0,41,0,0,0,0,0,0,0,0,0,0,0,0,0,0,0,15,0,0,0,0,0,0,0,4,0,0,0,0,0,30,0,0,0,16,0,41,0,77,0,0,0,0,0,0,0,0,0,1,0,0,0,0,0,0,0,0,0,0,0,0,0,13,289,70,6,5,0,0,54,0,0,0,0,0,0,0
0,62,0,0,0,141,0,0,0,0,0,171,108,270,0,0,0,0,0,70,0,10,0,4,0,0,379,179,0,0,1,0,0,0,0,0,0,0,0,0,247,237,49,60,170,168,106,0,97,82,0,28,0,0,0,0,0,0,0,0,0,0,0,0,0,9,0,0,0,0,0,0,0,0,0,0,0,0,0,0,0,0,0,0,0,0,0,0,0,0,0,0,0,0,0,0,0,0,0,0,0,0,0,0,0,0,0,0,0,0,0,0,0,0,0,0,0,0,0,0,0,0,0,0,0,0,0,3,0,0,0,0,0,0,0,0,0,0,0,0,0,0,0,0,0,0,0,0,0,0,0,0,0,0,0,0,0,0,0,0,0,0,0,0,4,7,0,0,0,0,0,0,0,0,0,0,0,230,0,13,0,0,0,0,0,0,61,38,0,0,0,0,0,0,0,0,0,0,0,0,0,0,0,0,0,0,0,0,0,0,2,0,0,0,0,0,0,1,0,185,91,0,0,0,54
10,0,53,0,43,0,34,0,20,0,29,0,97,0,33,0,40,0,16,0,13,0,107,0,41,0,99,11,0,0,0,0,0,0,5,0,10,0,1,0,116,19,48,0,213,68,153,97,0,97,27,0,19,0,28,0,31,0,30,0,0,0,16,0,0,0,0,0,22,0,9,0,0,0,13,0,6,0,8,0,21,0,13,0,25,0,18,0,51,0,3,0,52,0,18,0,29,0,47,0,30,1,28,0,27,0,50,0,2,0,0,0,0,0,0,0,0,0,0,0,5,0,0,0,0,0,0,0,5,0,0,0,0,0,58,0,20,0,0,0,7,0,35,0,0,0,0,0,0,0,62,0,37,0,0,0,2,0,0,0,12,0,9,0,23,0,17,0,6,0,5,0,23,0,0,0,64,4,49,0,51,0,27,0,36,0,136,0,0,0,0,0,20,0,12,0,0,0,0,0,37,0,30,0,14,0,22,0,39,0,77,55,120,6,53,10,13,13,0,8,3,0,0,0,5
0,26,0,13,0,33,0,0,0,0,0,62,5,52,0,18,0,9,0,45,0,31,0,24,0,0,16,37,0,0,0,0,0,0,2,0,0,3,0,0,35,86,0,19,64,159,28,82,97,0,0,6,0,11,0,0,0,0,0,0,0,5,0,10,0,0,0,0,0,14,0,0,0,0,0,0,0,0,0,0,0,0,0,35,0,38,0,0,0,12,0,0,0,31,0,28,0,10,0,0,0,6,0,10,0,4,0,0,0,0,0,0,0,5,0,0,0,0,0,1,0,6,0,0,0,1,0,8,0,0,0,0,0,0,0,13,0,0,0,9,0,21,0,0,0,0,0,0,0,10,0,24,0,28,0,0,0,0,0,0,0,0,0,1,0,24,0,1,0,14,0,0,0,1,0,22,0,168,0,28,0,43,0,6,0,35,21,62,0,0,0,0,0,0,0,0,0,0,0,5,0,0,0,0,0,1,0,0,0,0,0,0,0,0,12,0,0,0,26,24,11,0,9,0,48
7,0,6,0,64,0,0,0,2,0,25,0,360,53,0,0,25,0,98,45,91,0,0,0,0,0,289,104,11,0,35,0,14,0,109,0,42,0,8,0,114,0,46,15,73,0,51,0,27,0,0,0,20,0,0,0,0,0,0,0,0,0,26,0,0,0,0,0,0,0,15,0,3,0,0,0,0,0,0,0,46,0,0,0,0,0,38,0,0,0,11,0,23,0,20,0,71,0,94,0,0,0,0,0,0,0,54,0,0,0,0,0,0,0,0,0,0,0,0,0,0,0,0,0,0,0,0,0,0,0,0,0,0,0,0,0,0,0,0,0,0,0,0,0,0,0,0,0,0,0,0,0,0,0,0,0,0,0,0,0,6,0,0,0,43,0,16,0,85,0,10,0,24,0,0,0,0,0,40,0,0,0,5,0,0,0,80,0,0,0,0,0,0,0,0,0,0,0,0,0,0,0,0,0,0,0,0,0,0,0,52,89,152,65,34,0,0,0,0,0,0,0,0,0,0
0,0,0,0,0,89,0,0,0,0,0,0,0,125,4,28,0,0,0,180,0,69,0,9,0,4,0,277,0,15,0,26,0,46,0,99,0,90,0,8,0,28,0,44,0,34,0,28,0,6,0,0,0,0,0,0,0,3,0,0,0,0,0,18,0,0,0,0,0,0,0,15,0,0,0,38,0,0,0,0,0,122,0,15,0,159,0,26,0,2,0,0,0,0,0,0,0,0,0,0,0,9,0,3,0,0,0,0,0,0,0,0,0,0,0,0,0,0,0,0,0,74,0,20,0,0,0,0,0,0,0,0,0,0,0,0,0,0,0,0,0,0,0,0,0,116,0,0,0,0,0,0,0,0,0,0,0,0,0,0,0,0,0,12,0,42,0,24,0,101,0,15,0,32,0,0,0,0,0,0,0,0,0,1,0,0,0,26,0,0,0,0,0,0,0,0,0,0,0,0,0,0,0,0,0,0,0,0,0,0,0,0,0,0,31,0,0,0,78,120,132,17,0,2,0
3,0,24,0,0,0,112,0,65,77,0,0,11,0,7,0,96,0,0,0,33,0,12,0,79,12,0,0,23,0,17,0,15,0,14,0,22,0,13,0,0,0,0,0,0,0,13,0,19,0,20,0,0,44,179,164,103,20,67,137,76,0,156,11,7,0,7,132,0,0,1,0,0,0,0,0,0,0,0,0,7,0,0,0,59,0,0,0,0,0,6,0,0,0,0,0,0,0,0,0,7,0,0,0,16,0,55,0,0,0,0,0,0,0,0,0,0,0,0,0,0,0,6,0,9,0,4,0,40,2,13,0,7,0,17,0,120,0,104,0,24,0,99,0,7,0,0,0,2,0,0,0,0,0,132,1,28,0,89,1,28,0,0,0,0,0,3,0,5,0,77,0,13,0,0,0,74,5,3,0,0,0,5,0,0,5,0,0,0,0,0,0,0,0,0,0,0,0,0,0,65,0,0,0,0,0,0,0,14,0,29,225,87,61,29,0,30,1,0,0,1,0,0,0,0
0,0,0,5,0,11,66,35,45,89,0,4,0,0,0,5,0,74,0,27,0,0,0,10,0,26,0,29,0,17,0,7,0,0,0,0,0,13,0,0,0,0,0,0,0,0,0,0,0,11,0,0,44,0,46,81,0,142,52,92,0,15,18,43,2,0,5,33,0,0,0,0,0,0,0,0,0,0,0,0,0,41,0,0,0,114,0,4,0,0,0,10,0,0,0,0,0,18,0,47,0,0,0,0,0,0,0,0,0,0,0,0,0,0,0,0,0,0,0,0,0,0,0,0,0,0,0,0,0,22,0,0,0,10,0,35,0,31,0,145,0,88,0,132,0,49,0,0,0,0,0,0,0,0,0,91,0,51,0,108,0,9,0,0,0,0,0,0,0,0,0,16,0,0,0,0,11,36,0,0,0,0,0,0,0,12,0,0,0,0,0,0,0,0,0,0,0,0,0,0,0,0,0,0,0,0,0,0,0,0,0,0,0,0,16,0,0,0,40,371,42,0,0,4,0
18,0,20,0,6,0,106,0,52,110,0,0,5,0,9,0,45,0,0,0,0,0,64,0,159,12,0,0,5,0,0,0,0,0,0,0,0,0,0,0,0,0,0,0,0,0,0,0,28,0,0,0,179,46,0,86,84,0,53,50,19,0,26,17,5,1,12,83,0,0,0,0,0,0,0,0,0,0,0,0,0,0,0,0,0,0,0,0,0,0,0,0,0,0,0,0,0,0,0,0,0,0,0,0,0,0,0,0,0,0,0,0,0,0,0,0,0,0,1,0,0,0,0,0,0,0,0,0,46,0,21,0,5,0,0,0,154,0,10,0,3,0,104,0,0,0,0,0,8,0,8,0,0,0,31,0,0,0,12,0,82,0,0,0,9,0,0,0,10,0,104,0,24,0,0,0,23,4,0,0,0,0,0,0,0,0,0,0,0,0,0,0,0,0,0,0,0,0,0,0,94,0,0,0,0,0,0,0,35,0,225,104,363,495,424,0,237,0,0,0,2,0,0,0,0
0,20,0,78,0,0,135,111,205,84,0,0,0,0,0,102,2,33,0,27,0,0,0,19,25,109,0,0,0,8,0,9,0,0,0,0,0,6,0,0,0,0,0,0,0,1,0,0,0,0,0,0,164,81,86,0,0,140,148,196,0,0,50,53,0,3,47,8,0,3,0,0,0,0,0,0,0,6,0,0,0,14,0,4,0,40,0,0,0,0,0,8,0,0,0,0,0,0,0,55,0,0,0,0,0,0,0,0,0,0,0,0,0,0,0,0,0,0,0,0,0,0,0,0,0,0,0,0,0,22,0,14,0,11,0,130,0,106,0,112,0,52,0,87,1,3,0,0,0,0,0,0,0,0,3,74,4,13,0,34,0,7,0,0,0,0,0,0,0,24,0,135,0,67,0,0,28,18,0,0,0,0,0,1,9,22,0,0,0,0,0,0,0,0,0,0,0,0,0,17,0,0,0,0,0,0,0,0,0,0,0,0,0,0,173,0,0,0,156,200,334,178,41,0,0
0,1,6,0,0,0,8,0,12,0,0,0,0,0,0,0,0,0,0,0,0,0,7,0,35,0,0,0,0,0,0,0,0,0,0,0,0,0,0,0,0,0,0,0,3,0,0,0,31,0,0,0,103,0,84,0,0,6,155,17,0,0,4,0,79,4,18,29,0,0,0,0,0,0,0,0,0,0,0,0,0,0,0,0,0,0,0,0,0,0,0,0,0,0,0,0,0,0,0,0,1,0,0,0,0,0,0,0,0,0,0,0,0,0,0,0,0,0,0,0,0,0,0,0,1,0,5,0,120,0,10,0,0,0,0,0,28,0,11,0,0,0,0,0,21,0,0,0,3,0,4,0,0,0,120,5,18,0,70,0,127,3,0,0,0,0,6,0,37,0,115,0,10,0,0,0,10,0,0,0,0,0,0,0,0,0,0,0,0,0,0,0,0,0,0,0,0,0,0,0,0,0,0,0,0,0,0,0,0,0,360,82,569,599,1071,0,358,6,3,0,0,0,0,0,0
0,0,0,19,0,0,0,14,0,23,0,0,0,0,0,0,0,34,0,0,0,0,0,0,0,36,0,0,0,0,0,0,0,0,0,0,0,0,0,0,0,0,0,5,0,0,0,0,0,0,0,3,20,142,0,140,6,0,38,74,0,5,0,15,8,2,10,36,0,2,0,0,0,1,0,0,0,0,0,0,0,0,0,0,0,0,0,0,0,0,0,0,0,0,0,0,0,0,0,0,0,0,0,3,0,0,0,0,0,0,0,0,0,0,0,0,0,0,0,0,0,0,0,0,0,0,0,0,0,54,0,17,0,14,0,44,0,49,0,90,0,26,0,49,0,4,0,0,0,0,0,0,0,0,5,248,0,0,0,93,0,52,0,29,0,0,0,0,0,71,0,198,0,0,0,0,1,0,0,0,0,0,0,0,0,8,0,0,0,0,0,0,0,0,0,0,0,0,0,0,0,8,0,0,0,0,0,0,0,0,0,0,0,0,237,0,0,0,127,59,362,240,88,0,0
13,0,7,0,0,0,29,0,222,35,0,0,0,0,0,0,0,0,0,0,0,0,8,0,4,0,0,0,0,0,0,0,0,0,0,0,0,0,0,0,0,0,0,0,0,0,0,0,30,0,0,0,67,52,53,148,155,38,0,165,0,0,0,0,156,9,251,190,1,0,0,0,0,0,0,0,0,0,0,0,0,0,0,0,0,0,0,0,0,0,0,0,0,0,0,0,0,0,0,1,0,0,0,0,0,0,0,0,0,0,0,0,0,0,0,0,0,0,0,0,0,0,0,0,0,0,0,0,0,0,14,0,0,0,0,0,1,0,0,0,0,0,0,1,3,0,0,0,0,0,0,0,0,0,35,14,38,0,3,6,46,2,0,0,0,0,2,0,6,0,0,0,0,0,0,0,197,5,0,0,0,0,0,0,110,0,0,0,0,0,0,0,0,0,0,0,0,0,0,0,0,0,0,0,0,0,0,0,0,0,804,251,171,731,1412,0,339,0,2,0,0,0,0,0,0
0,12,0,0,0,0,0,22,0,89,0,0,0,0,0,11,0,7,0,0,0,0,0,0,0,15,0,3,0,0,0,0,0,0,0,0,0,0,0,0,0,0,0,0,0,0,0,0,0,0,0,0,137,92,50,196,17,74,165,0,0,0,17,24,31,195,71,114,0,0,0,0,0,0,0,0,0,18,0,0,0,0,0,33,0,0,0,0,0,0,0,0,0,0,0,0,0,0,0,0,0,0,0,4,0,0,0,0,0,0,0,0,0,0,0,0,0,0,0,0,0,0,0,0,0,8,0,0,0,10,2,39,0,7,0,9,0,21,0,3,0,0,0,4,0,20,0,0,0,14,0,0,0,0,10,45,0,30,2,23,7,79,0,30,0,0,0,0,0,159,0,315,0,0,0,0,26,3,0,0,0,0,0,0,11,65,0,0,0,0,0,0,0,0,0,0,0,0,0,0,0,0,0,0,0,0,0,0,0,4,0,0,0,0,1665,0,0,0,908,277,1066,981,354,0,0
67,0,55,0,0,0,307,5,122,0,0,0,0,0,0,0,29,0,0,0,0,0,0,0,118,0,0,0,10,0,0,0,6,0,0,0,17,0,0,0,0,0,0,0,0,0,0,0,0,0,0,0,76,0,19,0,0,0,0,0,0,0,42,1,0,0,0,0,0,0,12,0,0,0,4,0,0,0,0,0,0,0,0,0,0,0,6,0,0,0,0,0,0,0,0,0,0,0,6,0,0,0,0,0,0,0,1,0,0,0,0,0,0,0,0,0,0,0,0,0,0,0,4,0,0,0,0,0,0,0,0,0,0,0,0,0,13,0,81,0,0,0,12,0,156,0,0,0,0,0,0,0,0,0,42,0,80,0,89,0,0,0,9,0,0,0,4,0,0,0,53,0,36,0,0,0,38,0,0,0,0,0,50,0,0,0,0,0,0,0,0,0,0,0,0,0,0,0,0,0,0,0,0,0,0,0,0,0,0,0,72,483,49,34,25,0,9,0,0,0,0,0,0,0,0
0,178,0,32,0,0,0,398,0,164,0,7,0,0,0,11,0,87,0,0,0,5,0,0,0,58,0,0,0,44,0,0,0,18,0,5,0,25,0,9,0,0,0,0,0,3,0,0,0,5,0,0,0,15,0,0,0,5,0,0,0,0,0,53,0,2,0,0,0,0,0,0,0,0,0,2,0,1,0,0,0,0,0,0,0,0,0,0,0,0,0,0,0,0,0,0,0,0,0,0,0,0,0,0,0,0,0,0,0,0,0,0,0,0,0,0,0,0,0,0,0,0,0,0,0,0,0,0,0,0,0,0,0,0,0,0,0,0,0,45,0,22,0,0,0,168,0,0,0,0,0,0,0,0,0,7,0,93,0,31,0,0,0,0,0,0,0,0,0,13,0,122,0,29,0,0,0,108,0,0,0,0,0,7,0,0,0,0,0,0,0,0,0,0,0,0,0,0,0,0,0,0,0,0,0,0,0,0,0,2,0,2,0,0,51,0,0,0,269,534,145,63,0,27,0
78,0,90,0,0,1,357,36,114,89,0,0,0,0,6,0,321,0,0,0,85,0,69,0,288,47,0,0,62,0,68,0,38,0,0,0,30,0,12,0,0,0,0,0,89,0,0,0,16,0,26,0,156,18,26,50,4,0,0,17,42,0,0,22,0,0,0,17,0,0,10,0,0,0,0,0,0,0,0,0,0,0,0,0,140,0,38,0,0,0,20,0,0,0,0,0,122,0,0,0,0,0,0,0,0,0,68,0,0,0,0,0,0,0,0,0,0,0,0,0,24,0,18,0,17,0,0,0,24,0,0,0,9,0,30,0,68,0,138,0,56,0,171,0,0,0,2,0,0,0,0,0,0,0,95,2,45,0,110,0,4,0,0,0,0,0,0,0,0,0,10,0,25,0,0,0,58,5,0,0,0,0,56,0,0,0,0,0,0,0,0,0,0,0,0,0,0,0,0,0,52,0,0,0,0,0,0,0,7,0,14,176,15,0,0,0,0,0,0,0,0,0,0,0,0
21,0,14,0,0,0,118,133,60,235,0,0,0,0,0,12,9,127,0,31,0,40,0,31,75,99,0,0,0,56,0,13,0,12,0,0,0,33,0,26,0,0,0,18,0,0,0,0,0,10,0,18,11,43,17,53,0,15,0,24,1,53,22,0,0,0,0,0,0,0,0,0,0,0,0,0,0,0,0,0,0,19,0,0,0,59,0,0,0,0,0,0,0,0,0,0,0,6,0,30,0,0,0,0,0,0,0,0,0,0,0,0,0,0,0,0,0,0,0,0,0,6,0,3,0,0,0,0,0,0,0,0,0,0,0,19,0,0,0,0,0,65,0,39,0,35,0,0,0,0,0,0,0,0,0,24,0,22,0,47,0,2,0,0,0,0,0,2,0,0,0,3,0,28,0,0,27,103,0,4,0,0,2,3,0,3,0,0,0,0,0,0,0,0,0,0,0,0,0,0,0,0,0,0,0,0,0,0,0,0,0,0,0,0,11,0,0,0,63,511,34,0,0,0,0
16,0,0,0,0,0,6,0,128,0,0,0,0,0,0,0,0,0,0,0,0,0,0,0,0,0,0,0,0,0,0,0,0,0,0,0,0,0,0,0,0,0,0,0,0,0,0,0,0,0,0,0,7,2,5,0,79,8,156,31,0,0,0,0,0,32,105,30,0,0,0,0,0,0,0,0,0,0,0,0,0,0,0,0,0,0,0,0,0,0,0,0,0,0,0,0,0,0,0,0,0,0,0,0,0,0,0,0,0,0,0,0,0,0,0,0,0,0,0,0,0,0,0,0,1,0,5,0,0,11,74,38,0,0,0,0,0,0,0,0,0,1,0,0,46,4,5,0,35,0,0,0,2,0,4,29,6,0,5,35,359,0,0,0,0,0,0,0,0,0,7,0,5,0,24,0,59,0,0,0,334,47,0,0,318,3,0,0,0,0,0,0,0,0,0,0,0,0,0,0,0,0,0,0,0,0,0,0,0,0,108,13,0,0,183,0,0,0,5,0,0,0,0,0,0
0,71,0,9,0,39,0,5,0,195,0,26,0,15,0,16,0,0,0,35,0,0,0,0,0,0,0,0,0,0,0,0,0,0,0,0,0,0,0,0,0,0,0,0,0,0,0,9,0,0,0,0,0,0,1,3,4,2,9,195,0,2,0,0,32,0,6,257,0,0,5,36,0,0,0,31,0,0,0,0,0,3,0,0,0,0,0,0,0,0,0,0,0,0,0,0,0,0,0,2,0,0,0,0,0,0,0,0,0,0,0,0,0,0,0,0,0,0,0,0,0,0,0,4,0,75,0,17,23,0,75,90,0,0,0,0,0,0,18,18,12,17,0,0,30,60,0,8,64,188,0,9,0,10,1,7,0,0,9,7,60,151,0,0,0,0,0,0,0,0,0,0,0,0,0,63,0,0,0,0,70,236,0,1,0,108,0,0,0,0,0,0,0,0,0,0,0,0,0,0,0,0,0,1,0,0,0,3,0,12,0,0,0,0,167,0,0,0,149,17,0,0,18,0,0
14,0,0,0,0,0,3,0,96,0,0,0,0,0,0,0,0,0,0,0,0,0,0,0,0,0,0,0,0,0,0,0,0,0,0,0,0,0,0,0,0,0,0,0,0,0,0,0,0,0,0,0,7,5,12,47,18,10,251,71,0,0,0,0,105,6,0,65,0,0,0,0,0,0,0,0,0,0,0,0,0,0,0,0,0,0,0,0,0,0,0,0,0,0,0,0,0,0,0,0,0,0,0,0,0,0,0,0,0,0,0,0,0,0,0,0,0,0,0,0,0,0,0,0,2,0,4,0,0,0,51,0,0,0,0,0,0,0,0,0,0,0,0,0,0,0,0,0,26,0,0,0,0,0,5,3,0,0,7,6,200,0,0,0,0,0,0,0,0,0,0,0,0,0,6,0,231,0,0,0,12,2,0,0,266,0,0,0,0,0,0,0,0,0,0,0,0,0,0,0,0,0,0,0,0,0,0,0,0,0,61,31,0,0,77,0,0,0,0,0,0,0,0,0,0
0,35,0,1,0,0,42,7,29,241,0,0,0,0,0,0,0,0,0,0,0,0,0,0,0,0,0,0,0,0,0,0,0,0,0,0,0,0,0,0,0,0,0,0,0,0,0,0,0,0,0,0,132,33,83,8,29,36,190,114,0,0,17,0,30,257,65,0,0,0,0,0,0,0,0,0,0,2,0,0,0,0,0,0,0,1,0,0,0,0,0,0,0,0,0,0,0,0,0,0,0,0,0,0,0,0,0,0,0,0,0,0,0,0,0,0,0,0,0,0,0,0,0,0,0,20,0,0,0,0,0,92,0,7,0,0,0,0,0,0,0,0,0,0,2,19,0,0,0,33,0,0,0,0,17,28,0,0,2,13,13,152,0,0,0,0,0,0,0,0,0,0,0,0,0,14,47,29,0,0,0,26,0,0,9,334,0,0,0,0,0,0,0,0,0,0,0,0,0,0,0,0,0,0,0,0,0,0,0,0,0,0,0,0,472,0,0,0,249,215,160,0,89,13,0
0,0,0,0,0,0,0,0,0,0,0,0,0,0,0,0,0,0,0,0,0,0,0,0,0,0,0,0,0,0,0,0,0,0,0,0,0,0,0,0,0,0,0,0,9,0,0,0,22,0,0,0,0,0,0,0,0,0,1,0,0,0,0,0,0,0,0,0,0,0,0,0,11,0,3,0,81,0,15,0,0,0,49,0,0,0,7,0,72,0,11,0,115,0,16,0,0,0,17,0,21,0,156,0,55,0,35,0,38,0,1,0,4,0,1,0,2,0,0,0,0,0,0,0,0,0,0,0,0,0,0,0,0,0,0,0,0,0,0,0,0,0,0,0,0,0,0,0,0,0,0,0,0,0,0,0,0,0,0,0,0,0,0,0,49,0,0,0,119,0,4,0,0,0,0,0,0,0,0,0,0,0,0,0,0,0,0,0,0,0,0,0,0,0,29,0,0,0,0,0,0,0,0,0,0,0,0,0,3,0,20,36,38,0,11,56,149,0,0,0,0,0,0,0,0
0,0,0,0,0,1,0,5,0,0,0,0,0,0,0,0,0,0,0,0,0,0,0,0,0,0,0,2,0,0,0,0,0,0,0,0,0,0,0,0,0,6,0,0,0,15,0,0,0,14,0,0,0,0,0,3,0,2,0,0,0,0,0,0,0,0,0,0,0,0,0,0,0,7,0,0,0,39,0,0,0,16,0,21,0,58,0,18,0,52,0,0,0,56,0,23,0,8,0,8,0,10,0,55,0,15,0,16,0,1,0,1,0,17,0,6,0,12,0,1,0,0,0,2,0,10,0,0,0,0,0,0,0,0,0,0,0,0,0,0,0,0,2,0,0,0,0,0,0,0,0,0,0,0,0,0,0,0,0,0,0,0,0,0,0,51,0,0,0,55,0,4,0,0,0,0,0,1,0,0,0,0,0,0,0,0,0,2,0,31,0,0,0,0,0,40,0,0,0,0,0,0,0,0,0,11,0,0,0,4,0,0,0,0,7,0,0,0,21,23,78,6,27,79,0
0,0,0,0,0,0,0,0,0,0,0,0,0,0,4,0,10,0,0,0,0,0,0,0,0,0,0,0,5,0,0,0,18,0,0,0,80,0,5,0,0,0,0,0,0,0,0,0,9,0,15,0,1,0,0,0,0,0,0,0,12,0,10,0,0,5,0,0,0,0,0,0,264,0,274,0,16,0,116,0,9,0,0,0,5,0,39,0,0,0,0,0,0,0,0,0,0,0,0,0,1,0,0,0,0,0,0,0,0,0,0,0,0,0,0,0,0,0,1,0,34,0,12,0,34,8,0,4,13,0,7,17,22,0,33,3,53,0,2,4,38,0,17,0,52,4,43,0,5,19,80,0,10,0,0,0,2,0,0,0,0,0,54,2,1,0,34,0,32,0,31,0,33,0,18,0,0,0,0,0,61,11,0,0,0,0,0,0,0,0,0,0,0,0,0,0,1,0,0,0,0,0,0,0,0,0,0,0,42,1,9,0,38,0,6,0,0,0,0,0,0,0,0,0,0
0,0,0,0,0,0,0,0,0,0,0,0,0,1,0,0,0,0,0,0,0,0,0,0,0,0,0,0,0,0,0,0,0,0,0,0,0,0,0,0,0,0,0,0,0,12,0,0,0,0,0,15,0,0,0,0,0,0,0,0,0,0,0,0,0,36,0,0,0,0,0,0,0,78,0,258,0,14,0,4,0,3,0,0,0,0,0,30,0,0,0,0,0,0,0,0,0,0,0,0,0,0,0,0,0,0,0,0,0,0,0,0,0,0,0,0,0,0,0,0,0,2,0,25,0,86,0,0,0,13,8,68,0,45,0,0,0,0,0,2,0,37,0,11,0,99,14,0,0,64,0,0,0,20,0,0,0,6,0,4,0,11,0,25,0,0,0,0,0,6,0,10,0,9,0,30,0,0,0,0,5,80,0,0,0,0,0,0,0,0,0,6,0,0,0,0,0,0,0,0,0,0,0,0,0,0,0,0,0,0,2,0,0,0,0,0,0,0,30,9,9,0,0,0,0
0,0,0,0,0,0,0,0,0,0,0,0,0,0,0,0,0,0,0,0,5,0,0,0,0,0,0,0,0,0,0,0,0,0,0,0,0,0,0,0,0,0,0,0,0,0,0,0,0,0,3,0,0,0,0,0,0,0,0,0,0,0,0,0,0,0,0,0,11,0,264,0,0,0,308,0,20,0,129,0,6,0,26,0,9,0,13,0,0,0,0,0,0,0,2,0,2,0,0,0,0,0,0,0,0,0,0,0,0,0,0,0,0,0,0,0,0,0,0,0,74,0,24,0,26,0,32,0,16,0,3,0,14,0,71,0,27,0,2,0,37,0,76,0,61,0,41,0,0,0,78,0,0,0,0,0,0,0,3,0,0,0,99,0,0,0,8,0,13,0,22,0,6,0,7,0,0,0,0,0,19,0,0,0,0,0,0,0,0,0,0,0,0,0,3,0,0,0,0,0,0,0,0,0,0,0,0,0,0,0,196,0,13,4,16,2,0,0,0,0,0,0,0,0,0
0,0,0,0,0,0,0,0,0,0,0,0,0,0,0,0,0,1,0,0,0,0,0,0,0,0,0,0,0,0,0,0,0,0,0,0,0,3,0,0,0,0,0,1,0,0,0,0,0,0,0,0,0,0,0,0,0,1,0,0,0,0,0,0,0,0,0,0,0,7,0,78,0,0,0,322,0,62,0,32,0,7,0,15,0,22,0,59,0,0,0,0,0,3,0,2,0,5,0,0,0,0,0,0,0,0,0,0,0,0,0,0,0,0,0,0,0,0,0,0,0,16,0,82,0,0,0,33,0,3,0,14,0,28,0,41,0,0,0,0,0,66,0,13,0,15,0,0,0,27,0,0,0,0,0,0,0,1,0,0,0,0,0,49,0,0,0,0,0,16,0,0,0,0,0,0,0,0,0,0,0,44,0,0,0,0,0,0,0,0,0,0,0,0,0,0,0,0,0,0,0,0,0,0,0,0,0,0,0,0,0,0,0,0,5,0,0,0,70,0,23,0,1,0,0
0,0,0,0,0,0,0,0,1,0,0,0,0,0,0,0,13,0,5,0,0,0,0,0,2,0,0,0,0,0,0,0,0,0,0,0,44,0,0,0,0,0,0,0,0,0,0,0,13,0,0,0,0,0,0,0,0,0,0,0,4,0,0,0,0,0,0,0,3,0,274,0,308,0,0,0,19,0,167,0,27,0,6,0,79,0,35,0,0,0,1,0,1,0,0,0,17,0,8,0,3,0,0,0,0,0,0,0,0,0,0,0,0,0,0,0,0,0,0,0,134,0,46,0,15,9,8,3,0,0,0,0,6,10,0,0,45,0,5,0,42,3,69,6,97,1,21,0,2,10,85,1,7,0,0,0,0,0,0,1,0,0,27,0,0,0,0,0,21,0,0,0,10,0,15,0,0,0,0,0,49,6,3,0,6,0,0,0,0,0,0,0,3,0,0,0,3,0,15,0,0,0,0,0,2,0,60,0,74,0,29,0,11,0,0,0,0,0,0,0,0,0,0,0,0
0,0,0,0,0,0,0,0,0,0,0,0,0,0,0,0,0,0,0,0,0,0,0,10,0,0,0,0,0,0,0,0,0,0,0,0,0,25,0,0,0,0,0,17,0,44,0,0,0,0,0,38,0,0,0,0,0,0,0,0,0,2,0,0,0,31,0,0,0,0,0,258,0,322,0,0,0,29,0,60,0,5,0,3,0,0,0,87,0,0,0,0,0,0,0,0,0,0,0,0,0,0,0,0,0,0,0,0,0,0,0,0,0,0,0,0,0,0,0,0,0,168,0,49,67,152,0,139,19,0,0,68,27,0,0,91,39,54,0,13,0,108,0,28,0,239,59,203,0,151,9,113,0,83,0,0,0,6,0,5,3,0,0,82,0,0,0,0,0,18,0,20,0,27,0,50,0,0,0,2,0,255,0,0,0,2,0,0,0,0,0,0,0,0,0,0,0,0,0,82,0,0,0,0,4,0,0,140,0,51,0,0,0,0,21,0,2,0,96,16,15,2,0,0,0
0,0,0,0,0,0,1,0,0,0,0,0,0,0,0,0,0,0,0,0,0,0,0,0,0,0,0,0,0,0,0,0,0,0,0,0,0,0,0,0,0,0,0,0,0,0,0,0,6,0,0,0,0,0,0,0,0,0,0,0,0,0,0,0,0,0,0,0,81,0,16,0,20,0,19,0,0,0,26,0,21,0,40,0,0,0,70,0,42,0,14,0,55,0,30,0,0,0,11,0,26,0,83,0,0,0,0,0,15,0,1,0,0,0,0,0,2,0,0,0,17,0,0,0,0,0,0,0,0,0,0,0,0,0,0,0,0,0,0,0,0,0,0,0,0,0,0,0,0,0,0,0,0,0,0,0,0,0,0,0,0,0,0,0,10,0,0,0,47,0,2,0,4,0,0,0,0,0,0,0,0,0,0,0,0,0,0,0,0,0,0,0,0,0,45,0,2,0,0,0,0,0,0,0,0,0,0,0,0,0,31,0,32,0,17,25,15,0,0,0,0,0,0,0,0
0,0,0,0,0,0,0,0,0,0,0,0,0,0,0,0,0,0,0,0,0,0,0,0,0,0,0,0,0,0,0,0,0,0,0,0,0,0,0,0,0,1,0,0,0,9,0,0,0,0,0,0,0,0,0,6,0,0,0,18,0,1,0,0,0,0,0,2,0,39,0,14,0,62,0,29,0,0,0,18,0,72,0,69,0,87,0,163,0,54,0,0,0,56,0,62,0,0,0,0,0,36,0,23,0,0,0,0,0,1,0,0,0,0,0,3,0,8,0,0,0,15,0,0,0,0,0,0,0,0,0,0,4,0,0,0,0,0,0,0,0,6,0,0,0,0,0,0,0,0,0,0,0,0,0,3,0,0,0,0,0,7,0,11,0,11,0,0,0,99,0,2,0,0,0,0,0,1,0,0,0,0,0,0,0,0,0,0,0,21,0,0,0,0,0,0,0,0,0,0,0,0,0,0,0,0,0,0,0,0,0,0,0,0,0,0,0,0,12,7,111,0,12,30,1
0,0,0,0,0,0,0,0,0,0,0,0,0,0,0,0,0,0,0,0,0,0,0,0,0,0,0,0,0,0,0,0,0,0,0,0,0,0,0,0,0,0,0,0,0,0,0,0,8,0,0,0,0,0,0,0,0,0,0,0,0,0,0,0,0,0,0,0,15,0,116,0,129,0,167,0,26,0,0,0,17,0,48,0,57,0,52,0,7,0,3,0,11,0,13,0,0,0,0,0,11,0,0,0,0,0,0,0,0,0,0,0,0,0,0,0,0,0,0,0,88,0,20,0,0,0,0,0,0,0,0,0,0,0,89,0,9,0,1,0,27,0,69,0,14,0,0,0,0,0,42,0,0,0,0,0,1,0,0,0,0,0,20,0,8,0,0,0,61,0,7,0,7,0,0,0,0,0,0,0,0,0,0,0,0,0,0,0,33,0,11,0,49,0,22,0,0,0,0,0,78,0,0,1,0,0,0,0,0,0,261,0,56,3,35,22,0,2,0,0,0,0,0,0,0
