0,1190,112,459,85,56,49,381,99,111,166,70,148,0,9,170,0,59,4,0,0,0,0,420,4,453,0,0,0,0,0,0,24,0,0,0,29,0,222,11,24,0,0,0,0,0,25,0,5,0,0,0,43,8,19,13,0,0,33,0,183,23,88,90,90,0,34,0,0,0,0,0,0,0,0,0,0,0,0,0,0,0,0,0,0,0,0,0,0,0,0,0,0,0,0,0,0,0,0,0,0,0,0,0,0,0,0,0,0,0,0,0,0,0,0,0,0,0,0,0,0,0,0,0,36,0,0,0,0,0,31,0,0,0,0,0,0,0,0,0,0,0,0,0,0,0,86,0,101,7,93,0,18,0,0,0,0,1,0,0,13,0,0,0,7,0,3,0,31,0,53,0,179,0,0,0,460,323,19,0,9,0,102,0,38,0,1,0,0,0,0,0,0,0,0,0,0,0,0,0,0,0,0,0,1,0,0,0,14,0,581,65,170,90,236,0,19,1,0,0,3,0,0,0,0
1190,0,396,91,38,284,324,46,164,116,20,267,0,148,0,58,111,9,0,127,7,15,278,6,507,24,0,189,0,56,0,0,0,90,0,4,0,186,7,311,0,46,1,0,0,15,0,97,0,6,0,0,5,21,43,6,0,0,0,17,7,303,39,241,0,96,1,24,0,0,0,0,0,0,0,0,0,0,0,0,0,0,0,0,0,6,0,0,0,0,0,0,0,0,0,0,0,0,0,0,0,0,0,4,0,6,0,0,0,0,0,0,0,0,0,0,0,0,0,0,0,0,0,0,0,67,0,11,0,0,0,75,0,0,0,14,0,0,0,0,0,0,0,0,0,0,0,28,0,116,0,61,0,120,0,0,0,0,0,0,0,0,0,0,0,6,0,0,0,0,0,18,0,103,0,29,123,696,0,11,0,46,15,19,0,122,0,0,0,0,0,0,0,0,0,0,0,0,0,0,0,3,0,1,0,1,0,17,0,10,0,0,4,0,345,0,0,0,862,188,266,95,5,0,0
112,396,0,207,217,0,201,0,8,0,27,134,99,0,208,195,18,0,97,0,15,0,415,225,113,65,55,0,229,0,65,0,258,0,0,0,90,0,565,0,20,0,0,0,0,0,33,0,12,0,0,0,10,3,168,0,8,0,12,0,69,11,0,26,0,0,1,0,0,0,0,0,0,0,4,0,0,0,0,0,0,0,0,0,0,0,0,0,0,0,0,0,0,0,0,0,0,0,0,0,0,0,0,0,81,0,0,0,0,0,0,0,0,0,0,0,0,0,0,0,0,0,0,0,43,0,79,0,0,0,73,0,2,0,178,0,0,0,0,0,0,0,0,0,0,0,104,0,56,0,213,0,19,0,0,0,0,0,0,0,12,0,0,0,8,0,0,0,65,0,61,0,364,0,0,0,43,92,0,12,0,0,0,0,0,0,0,0,0,0,0,0,0,0,0,0,2,0,0,0,38,0,0,0,6,0,0,0,127,0,828,81,310,155,354,0,27,3,0,0,0,0,0,0,0
459,91,207,0,0,157,0,136,0,13,69,26,0,7,0,282,77,53,0,275,0,50,232,228,66,217,0,37,0,203,0,18,0,239,0,0,0,190,6,627,0,0,0,0,0,0,0,0,0,0,0,0,0,0,0,57,0,10,0,20,0,139,0,64,0,55,0,0,0,0,0,1,0,0,0,0,0,0,0,0,0,0,0,0,0,0,0,6,0,0,0,0,0,0,0,0,0,0,0,0,0,0,0,0,0,0,0,0,0,0,0,0,0,0,0,0,0,0,0,0,0,0,0,3,0,144,0,33,0,0,0,172,0,0,0,112,0,35,0,0,0,0,0,0,0,0,0,27,0,95,0,51,0,8,0,0,0,0,0,0,0,46,0,0,0,0,0,21,0,19,0,17,0,146,0,1,30,49,0,0,0,0,11,0,0,0,0,0,0,0,0,0,0,0,0,0,0,0,0,10,0,23,0,0,0,0,0,47,0,113,0,0,0,0,305,0,0,0,559,54,241,87,0,0,0
85,38,217,0,0,587,27,0,23,0,112,369,250,292,137,462,0,0,45,236,38,90,116,83,11,0,141,0,132,0,190,0,518,0,156,0,485,25,0,0,102,10,0,10,20,0,135,0,11,0,0,0,7,0,20,0,0,0,0,0,0,0,0,0,39,0,0,0,0,0,0,0,0,0,0,0,0,0,0,0,0,0,0,0,18,0,0,0,0,0,0,0,0,0,0,0,0,0,0,0,0,0,0,0,0,0,0,0,0,0,0,0,0,0,0,0,0,0,0,0,0,0,0,0,0,0,30,0,0,0,38,0,0,0,93,0,0,0,0,0,0,0,0,0,0,0,82,0,127,0,152,0,0,0,0,0,0,0,0,0,0,0,0,0,56,0,292,0,248,0,29,0,334,0,33,0,229,158,114,15,30,1,23,0,45,0,0,0,0,0,0,0,11,0,0,0,0,0,7,0,20,0,0,0,0,0,0,0,56,0,1639,363,835,0,448,0,10,3,62,0,0,0,0,0,0
56,284,0,157,587,0,1,31,0,31,335,238,367,179,569,235,36,20,109,229,246,108,191,125,0,22,0,215,0,45,0,71,0,424,0,156,0,256,0,0,0,98,0,0,0,10,0,150,0,3,0,50,0,2,0,9,0,0,0,0,0,19,0,0,0,48,0,0,0,0,0,0,0,0,0,14,0,0,0,0,0,0,0,0,0,0,0,0,0,0,0,0,0,0,0,0,0,0,0,113,0,0,0,0,0,0,0,0,0,0,0,0,0,0,0,0,0,0,0,0,0,0,0,0,0,44,0,0,0,0,0,57,0,0,0,37,0,0,0,0,0,0,0,0,0,0,0,17,0,80,0,18,0,0,0,0,0,3,0,0,0,26,0,0,0,41,0,237,0,192,0,21,0,168,0,0,156,360,90,39,0,40,0,0,0,24,6,0,0,0,0,1,0,0,0,10,0,0,0,0,0,0,0,0,0,13,0,0,0,28,0,0,31,0,363,0,0,0,1219,320,554,0,0,5,0
49,324,201,0,27,1,0,0,77,486,17,1,15,0,0,0,16,12,0,0,0,0,22,9,279,175,0,0,3,0,0,0,7,0,0,0,0,0,43,1,0,0,0,0,0,0,0,0,20,0,0,0,101,55,235,155,21,0,72,0,423,12,174,129,28,0,15,0,0,0,0,0,0,0,0,0,1,0,0,0,0,0,0,0,0,0,0,0,0,0,0,0,0,0,0,0,0,0,0,0,0,0,1,0,0,0,0,0,0,0,0,0,0,0,1,0,0,0,0,0,0,0,0,0,135,0,77,0,0,0,143,0,0,0,5,0,0,0,0,0,0,0,0,0,0,0,83,0,64,3,94,0,0,0,0,0,15,4,0,0,22,0,0,0,12,0,7,0,50,0,210,0,56,0,0,0,24,38,0,0,0,0,0,0,1,0,0,0,0,0,0,0,0,0,0,0,0,0,0,0,0,0,3,0,0,0,1,0,37,0,1019,191,566,492,646,18,252,1,0,0,0,0,0,0,0
381,46,0,136,0,31,0,0,403,58,0,6,0,6,0,19,8,6,0,24,0,0,0,20,137,324,0,0,0,0,0,0,0,0,0,0,0,0,0,63,0,0,0,0,0,0,0,0,0,1,0,0,35,71,78,353,0,91,0,49,0,141,43,196,0,47,0,105,0,0,0,0,0,0,0,0,0,0,0,0,0,0,0,0,0,0,0,0,0,0,0,0,0,0,0,0,0,0,0,0,0,0,0,0,0,0,0,0,0,0,0,0,0,0,0,0,0,0,0,0,0,0,0,0,0,184,0,12,0,0,0,235,0,0,0,0,0,0,0,0,0,0,0,0,0,0,0,0,0,49,0,21,0,0,0,16,0,22,0,0,0,55,0,0,0,25,0,0,0,45,0,0,0,0,0,0,17,51,0,0,0,0,3,6,2,0,0,0,0,0,0,0,0,0,0,1,0,0,0,0,0,4,0,0,0,0,0,12,0,21,0,0,0,0,1095,0,0,0,1388,240,880,523,26,0,0
99,164,8,0,23,0,77,403,0,1265,15,0,20,0,0,4,0,0,8,0,0,0,0,0,0,243,9,0,0,0,0,0,0,0,0,0,4,0,2,0,1,0,0,0,0,0,9,0,0,0,0,0,29,108,35,418,10,43,409,228,107,12,42,139,455,4,352,131,0,0,0,0,0,0,0,0,0,0,0,0,0,0,0,0,0,0,0,0,0,0,0,0,0,0,0,0,0,0,0,0,0,0,0,0,0,0,1,0,0,0,0,0,0,0,0,0,0,0,0,0,0,0,0,0,37,0,23,0,0,0,62,0,0,0,2,0,0,0,0,0,0,0,0,0,0,0,70,0,226,0,96,0,7,0,6,8,14,3,0,1,14,0,0,0,0,0,0,0,0,0,39,0,0,0,0,0,217,178,4,0,3,0,74,0,302,85,0,0,0,0,0,0,0,0,0,0,0,0,0,0,0,0,0,0,0,0,0,0,7,0,229,133,103,109,126,9,54,0,0,0,0,0,0,0,0
111,116,0,13,0,31,486,58,1265,0,0,72,0,0,0,11,0,0,0,25,0,0,1,1,80,2,0,33,0,0,0,0,0,0,0,0,0,0,0,0,0,0,0,0,0,0,0,0,0,0,0,0,102,68,295,40,38,25,157,219,6,5,8,14,0,444,26,293,0,2,0,0,0,0,0,0,0,0,0,0,0,0,0,0,0,0,0,0,0,0,0,0,0,0,0,0,0,0,0,0,0,0,0,0,0,0,0,0,0,0,0,0,0,0,0,0,0,0,0,0,0,0,0,0,0,64,0,0,0,0,0,138,0,0,0,0,0,0,0,0,0,0,0,0,0,0,0,17,0,147,0,13,0,14,0,19,3,12,0,6,0,71,0,0,0,0,0,0,0,7,0,0,0,0,0,0,40,305,0,2,0,3,5,14,22,318,0,0,0,0,0,0,0,0,0,0,0,0,0,2,0,0,0,0,0,0,0,4,0,0,0,0,0,0,307,0,0,0,488,214,149,212,5,2,0
166,20,27,69,112,335,17,0,15,0,0,174,221,0,0,404,9,5,5,0,33,19,6,102,1,0,14,0,40,0,76,0,356,0,9,0,372,2,31,0,38,0,0,0,0,0,21,0,0,0,0,0,11,0,5,0,0,0,0,0,5,0,9,0,34,0,0,0,0,0,0,0,0,0,0,0,0,0,0,0,0,0,0,0,0,0,0,0,0,0,0,0,0,0,0,0,0,0,0,0,0,0,0,0,0,0,0,0,0,0,0,0,0,0,0,0,0,0,0,0,2,0,0,0,0,0,0,0,0,0,11,0,0,0,0,0,0,0,0,0,0,0,0,0,0,0,39,0,56,0,48,0,58,0,0,0,0,0,0,0,0,0,0,0,0,0,63,0,58,0,15,0,116,0,60,0,329,101,113,0,70,0,74,0,64,0,3,0,4,0,0,0,0,0,0,0,0,0,0,0,0,0,0,0,0,0,0,0,0,0,661,194,219,0,132,0,5,0,8,0,0,0,0,0,0
70,267,134,26,369,238,1,6,0,72,174,0,66,277,400,17,32,20,27,28,149,55,278,84,0,0,0,175,0,47,0,0,0,311,0,0,0,235,0,186,5,205,0,0,0,15,7,201,0,6,0,2,0,0,0,0,0,0,0,5,0,32,0,0,0,18,0,3,0,0,0,0,0,0,0,0,0,0,0,0,0,0,0,0,0,0,0,0,0,0,0,0,0,0,0,0,0,0,0,0,0,0,0,0,0,0,0,0,0,0,0,0,0,0,0,0,0,0,0,0,0,0,0,0,0,0,0,0,0,0,0,0,0,0,0,0,0,0,0,0,0,0,0,0,0,0,0,12,0,23,0,0,0,0,0,0,0,0,0,0,0,0,0,0,0,0,0,49,0,0,0,0,0,120,0,0,103,534,41,100,0,142,0,41,0,69,0,2,0,0,0,0,0,0,0,0,0,0,0,0,0,0,0,0,0,0,0,0,0,0,0,0,0,1,223,0,0,0,874,161,185,73,0,0,0
148,0,99,0,250,367,15,0,20,0,221,66,0,709,26,63,0,0,32,463,25,88,0,0,0,0,92,487,0,0,19,0,13,0,95,0,124,0,0,0,319,45,46,43,14,0,298,129,24,0,312,35,0,0,0,0,0,0,8,0,0,0,0,0,26,0,0,0,0,0,0,0,0,0,0,0,0,0,0,0,0,0,0,0,0,0,0,0,0,0,0,0,0,0,0,0,0,0,0,0,0,0,0,0,0,0,0,0,0,0,0,0,0,0,0,0,0,0,0,0,0,0,0,0,0,0,16,0,0,0,20,0,0,0,0,0,0,0,0,0,0,0,0,0,1,0,0,0,77,0,79,0,0,0,0,0,0,0,0,0,0,0,0,0,178,0,124,11,138,0,0,0,23,0,107,0,374,109,265,0,101,0,38,0,36,0,165,7,16,0,0,0,0,0,0,0,0,0,0,0,0,0,0,0,0,0,0,0,0,0,278,494,511,58,79,0,0,0,97,61,90,0,0,0,0
0,148,0,7,292,179,0,6,0,0,0,277,709,0,88,6,0,0,475,107,199,30,0,0,0,0,387,86,0,0,0,0,0,33,23,105,8,201,0,0,139,316,70,153,0,18,75,66,0,18,112,323,0,0,0,0,0,0,0,4,0,0,0,0,0,0,0,0,0,0,0,0,0,1,0,0,0,0,0,0,0,0,2,0,0,0,0,0,0,0,0,0,0,0,0,0,0,0,0,0,0,0,0,0,0,3,0,0,0,0,0,0,0,0,0,0,0,0,0,0,0,9,0,0,0,0,0,0,0,0,0,0,0,2,0,0,0,0,0,0,0,0,0,0,0,0,0,0,0,0,0,0,0,93,0,0,0,0,0,0,0,0,0,0,0,111,0,41,0,116,0,0,0,6,0,75,61,477,51,104,0,146,0,0,0,0,57,42,0,0,0,0,0,0,0,0,0,0,0,0,0,0,0,15,0,34,0,0,0,0,0,0,26,0,90,0,0,0,419,539,368,0,7,0,0
9,0,208,0,137,569,0,0,0,0,0,400,26,88,0,352,30,0,409,113,125,42,437,48,103,0,233,0,12,0,275,0,362,45,150,7,255,9,5,0,0,0,0,0,19,0,25,0,7,0,21,2,0,0,64,0,0,0,0,0,0,0,0,0,0,0,0,0,0,0,0,0,0,0,13,0,0,0,0,0,0,0,0,0,0,0,0,0,0,0,0,0,0,0,0,0,73,0,0,0,43,0,0,0,175,0,218,0,0,0,0,0,0,0,0,0,0,0,0,0,0,0,0,0,0,0,0,0,0,0,0,0,0,0,250,0,119,0,0,0,0,0,0,0,20,0,0,0,41,0,77,0,10,0,0,0,0,0,0,0,3,1,0,0,0,0,178,0,115,0,0,0,115,3,24,0,27,35,1,0,0,0,10,0,11,0,0,0,0,0,0,0,0,0,0,0,0,0,0,0,120,0,0,0,0,0,0,0,130,0,245,125,286,0,75,0,0,0,36,13,0,0,0,0,0
170,58,195,282,462,235,0,19,4,11,404,17,63,6,352,0,55,29,12,623,126,179,375,185,0,119,7,79,0,0,0,57,7,203,0,26,9,114,0,21,0,0,0,2,0,0,0,0,0,0,0,0,0,0,0,24,0,0,0,0,0,14,0,21,0,15,0,0,0,0,0,0,0,0,0,0,0,0,0,0,0,0,0,0,0,0,0,0,0,0,0,0,0,0,0,0,0,0,0,0,0,0,0,0,0,0,0,98,0,0,0,0,0,0,0,0,0,0,0,0,0,0,0,0,0,59,0,0,0,0,0,30,0,0,0,327,0,127,0,0,0,0,0,0,0,0,0,7,0,51,0,16,0,9,0,0,0,0,0,0,0,10,0,0,0,5,0,86,0,32,0,0,0,27,1,0,32,58,31,12,0,0,5,0,0,11,0,0,0,1,0,0,0,0,0,0,0,0,0,0,0,69,0,0,0,0,0,37,0,135,14,0,17,0,48,0,0,0,205,174,87,15,0,0,0
0,111,18,77,0,36,16,8,0,0,9,32,0,0,30,55,0,0,32,5,265,0,34,102,82,20,27,0,253,1,26,0,129,0,0,0,18,3,492,0,0,0,0,0,0,0,0,0,3,0,0,0,142,0,43,0,5,0,0,0,35,0,572,7,0,0,0,0,0,0,4,0,0,0,0,0,0,0,0,0,32,0,0,0,89,0,35,0,64,0,201,0,0,0,0,0,384,0,115,0,148,0,0,0,156,0,670,0,0,0,0,0,0,0,0,0,0,0,0,0,16,0,10,0,0,0,0,0,262,0,0,0,30,0,109,0,776,0,59,0,35,0,358,0,0,0,0,0,0,0,5,0,0,0,26,0,0,0,33,0,13,0,3,0,0,0,2,0,35,0,0,0,68,0,0,0,0,2,0,8,0,0,5,0,0,0,0,0,0,0,0,0,0,0,0,0,0,0,0,0,354,0,0,0,0,0,0,0,34,0,43,207,68,0,21,0,6,0,0,0,0,1,0,0,0
59,9,0,53,0,20,12,6,0,0,5,20,0,0,0,29,0,0,0,95,0,278,32,209,31,90,0,61,0,154,0,17,0,107,0,8,0,6,0,108,0,0,0,24,0,0,0,0,0,0,0,6,0,21,2,67,0,109,0,18,0,17,6,473,0,0,0,0,0,0,0,0,0,0,0,0,0,8,0,0,0,0,0,0,0,53,0,0,0,7,0,51,0,0,0,0,0,40,0,77,0,38,0,0,0,0,0,156,0,0,0,0,0,0,0,0,0,0,0,0,0,3,0,0,0,98,0,0,0,129,0,0,0,239,0,520,0,424,0,108,0,10,0,106,0,0,0,0,0,0,0,0,0,0,0,30,0,0,0,31,0,17,0,0,0,4,0,0,0,25,0,5,1,0,0,0,0,4,0,11,0,0,0,0,0,0,0,0,0,0,0,0,0,0,0,0,0,0,0,0,0,61,0,0,0,0,0,0,0,75,0,0,0,0,26,0,0,0,15,143,43,14,0,0,0
4,0,97,0,45,109,0,0,8,0,5,27,32,475,409,12,32,0,0,200,269,44,250,0,29,0,210,250,0,0,52,0,12,0,358,0,127,12,0,0,0,15,30,26,26,8,27,53,0,0,284,26,11,0,0,0,0,0,0,0,0,0,10,0,0,0,0,0,0,0,0,0,2,0,0,0,0,0,0,0,7,0,0,0,0,0,0,0,0,0,0,0,0,0,0,0,0,0,0,0,0,0,0,0,0,0,0,0,0,0,0,0,0,0,0,0,0,0,0,0,0,0,0,0,0,0,0,0,0,0,0,0,0,0,0,0,0,0,0,0,0,0,0,0,0,0,0,0,23,0,38,0,0,0,0,0,0,0,0,0,0,0,0,0,47,0,65,0,48,0,0,0,0,0,0,0,10,30,5,0,0,0,19,0,10,0,8,15,0,0,0,0,0,0,0,0,0,0,0,0,0,0,0,0,0,0,0,0,80,0,111,227,142,14,0,0,0,0,43,42,38,0,0,0,0
0,127,0,275,236,229,0,24,0,25,0,28,463,107,113,623,5,95,200,0,116,417,0,354,0,109,0,617,0,0,0,163,0,52,20,578,9,309,0,0,0,20,0,168,0,27,0,112,0,0,24,259,0,0,0,0,0,23,0,0,0,0,0,55,0,38,0,0,0,0,0,0,0,0,0,0,0,0,0,0,0,0,0,0,0,0,0,0,0,0,0,0,0,0,0,0,0,0,0,0,0,0,0,0,0,0,0,0,0,0,0,0,0,0,0,0,0,0,0,0,0,0,0,0,0,0,0,0,0,0,0,0,0,0,0,458,0,0,0,0,0,0,0,0,0,0,0,0,0,66,0,33,0,24,0,0,0,0,0,0,0,0,0,0,0,64,6,106,0,141,0,0,0,19,0,0,0,26,20,0,0,0,0,6,0,35,12,0,0,0,0,0,0,0,0,0,0,0,0,0,0,0,0,0,0,0,0,0,0,0,20,14,24,2,86,0,0,0,342,332,260,0,0,0,0
0,7,15,0,38,246,0,0,0,0,33,149,25,199,125,126,265,0,269,116,0,47,249,16,111,0,294,120,31,0,274,0,162,16,186,0,43,7,6,0,0,0,39,16,29,0,0,24,13,0,74,15,22,0,26,0,0,0,0,0,0,0,108,0,0,0,0,0,0,0,61,0,0,0,43,0,0,0,65,0,225,0,132,0,217,0,119,0,171,0,349,0,0,0,198,0,661,0,542,0,420,0,0,0,228,0,905,0,0,0,0,0,0,0,0,0,0,0,0,0,124,0,0,0,0,0,0,0,0,0,0,0,0,0,112,0,359,0,45,0,83,0,311,0,45,0,0,0,0,0,0,0,0,0,0,0,0,0,0,0,0,0,0,0,47,1,58,1,137,0,0,0,31,0,0,0,0,0,10,4,7,0,0,0,0,0,0,0,0,0,0,0,0,0,0,0,0,0,0,0,287,0,0,0,0,0,0,0,49,0,268,327,142,19,37,0,0,0,24,11,0,0,0,0,0
0,15,0,50,90,108,0,0,0,0,19,55,88,30,42,179,0,278,44,417,47,0,0,316,0,65,16,253,0,55,0,28,0,52,4,112,0,17,0,6,0,0,0,109,0,51,0,3,0,0,0,71,0,2,0,0,0,57,0,12,0,0,0,74,0,0,0,0,0,0,0,0,0,7,0,7,0,11,0,0,0,194,0,0,0,216,0,62,0,0,0,0,0,0,0,0,0,80,0,338,0,0,0,0,0,0,0,139,0,0,0,0,0,0,0,0,0,0,0,0,0,32,0,0,0,0,0,0,0,0,0,0,0,256,0,333,0,502,0,353,0,150,0,494,0,27,0,0,0,0,0,0,0,0,0,13,0,5,0,17,0,0,0,2,0,20,0,25,0,73,0,0,0,22,0,0,0,10,6,22,0,0,0,0,0,0,0,1,0,14,0,0,0,0,0,0,0,0,0,0,0,0,0,0,0,0,0,0,0,0,0,6,6,0,52,0,0,0,262,422,84,29,0,0,0
0,278,415,232,116,191,22,0,0,1,6,278,0,0,437,375,34,32,250,0,249,0,0,366,191,0,172,11,127,0,16,0,57,13,0,0,42,0,229,0,0,0,0,0,45,0,39,0,12,0,0,0,0,1,301,0,9,0,0,0,10,0,19,6,0,0,0,0,0,0,0,0,0,0,0,0,0,0,0,0,2,0,0,0,0,0,0,0,0,0,0,0,0,0,0,0,43,0,0,0,0,0,0,0,208,0,259,1,0,0,0,0,0,0,0,0,0,0,0,0,0,0,0,0,0,0,0,0,0,0,27,0,0,0,322,0,299,0,0,0,0,0,248,0,0,0,0,0,0,0,45,0,3,0,4,0,0,0,0,0,7,0,6,0,9,0,13,0,28,0,38,0,212,0,0,0,11,27,0,44,0,0,4,0,0,0,0,0,0,0,0,0,0,0,0,0,0,0,0,0,162,0,0,0,0,0,9,0,141,0,296,231,167,59,118,0,0,0,17,0,0,0,0,0,0
420,6,225,228,83,125,9,20,0,1,102,84,0,0,48,185,102,209,0,354,16,316,366,0,63,185,0,115,0,95,1,27,0,140,0,19,0,33,16,82,0,0,0,20,0,0,0,0,0,0,0,5,0,1,0,53,0,53,0,0,2,22,0,120,0,0,0,0,0,0,0,0,0,0,0,0,0,9,0,0,0,60,0,0,0,81,0,28,0,0,0,96,0,0,0,0,0,44,0,131,0,54,0,0,0,0,0,243,0,0,0,0,0,0,0,0,0,0,0,0,0,10,0,0,0,97,0,0,0,0,0,25,0,113,0,700,0,350,0,41,0,0,0,108,0,0,0,0,0,0,0,0,0,0,0,22,0,0,0,0,0,19,0,0,0,0,0,14,0,35,0,0,0,28,0,0,7,21,0,80,0,0,0,0,0,0,0,0,0,0,0,0,0,0,0,0,0,0,0,0,0,86,0,0,0,0,0,0,0,198,0,3,0,0,43,0,0,0,141,426,36,25,0,2,0
4,507,113,66,11,0,279,137,0,80,1,0,0,0,103,0,82,31,29,0,111,0,191,63,0,270,0,0,57,0,8,0,0,0,0,0,14,0,223,0,0,0,0,0,0,0,0,0,12,0,0,0,43,24,451,12,21,0,0,0,239,37,281,117,0,0,0,0,3,0,0,0,0,0,0,0,0,0,0,0,4,0,0,0,0,0,0,0,0,0,0,0,0,0,0,0,0,0,0,0,0,0,10,0,67,0,81,0,0,0,0,0,0,0,0,0,0,0,0,0,0,0,0,0,7,0,25,0,71,0,60,0,0,0,154,0,221,0,0,0,0,0,139,0,0,0,5,0,4,0,28,0,0,0,9,0,0,0,2,0,8,0,0,0,11,0,0,0,38,0,138,0,142,0,0,0,0,0,0,0,0,0,0,0,0,0,0,0,0,0,0,0,0,0,0,0,0,0,0,0,117,0,0,0,0,0,0,0,84,0,555,174,332,222,323,0,67,1,0,0,3,0,0,0,0
453,24,65,217,0,22,175,324,243,2,0,0,0,0,0,119,20,90,0,109,0,65,0,185,270,0,0,0,0,74,0,14,0,39,0,0,0,0,1,147,0,0,1,13,0,0,0,0,0,0,0,0,7,21,31,477,0,174,0,54,16,146,61,392,0,0,0,0,0,0,0,0,0,0,0,0,0,0,0,0,0,0,0,0,0,0,0,6,0,0,0,0,0,0,0,0,0,0,0,0,0,0,0,0,0,0,0,0,0,0,0,0,0,0,0,0,0,0,0,0,0,0,0,0,0,325,0,130,0,81,0,168,0,136,0,499,0,266,0,23,0,0,0,23,0,0,0,0,0,36,0,87,0,0,0,45,0,5,0,23,0,53,0,0,0,4,0,4,0,40,0,23,0,49,0,0,6,8,0,0,0,1,3,0,0,0,0,0,0,0,0,0,0,0,0,7,0,0,0,0,0,92,0,0,0,0,0,163,0,693,0,0,0,0,327,0,0,0,323,320,339,139,0,0,0
0,0,55,0,141,0,0,0,9,0,14,0,92,387,233,7,27,0,210,0,294,16,172,0,0,0,0,346,13,0,44,0,0,0,154,0,52,0,7,0,6,157,249,67,141,32,104,263,11,0,512,25,0,0,0,0,0,0,0,0,8,0,0,0,0,0,0,0,0,0,0,0,0,0,28,0,0,0,0,0,0,0,0,0,0,0,0,0,0,0,0,0,0,0,0,0,0,0,0,0,0,0,0,0,0,0,0,0,0,0,0,0,0,0,0,0,0,0,0,0,0,0,0,0,0,0,0,0,0,0,0,0,0,0,0,0,0,0,43,0,0,0,0,0,0,0,0,0,40,0,61,0,0,0,0,0,0,0,0,0,0,0,0,0,253,0,25,0,50,0,0,0,23,0,22,0,23,43,8,0,0,0,10,0,19,0,77,15,0,0,0,0,0,0,0,0,0,0,0,0,0,0,0,0,0,0,0,0,0,0,65,392,516,21,25,0,0,6,0,32,26,0,0,0,0
0,189,0,37,0,215,0,0,0,33,0,175,487,86,0,79,0,61,250,617,120,253,11,115,0,0,346,0,0,0,0,15,1,12,22,89,6,0,0,0,265,37,137,605,43,299,135,286,16,49,209,521,0,0,0,0,0,0,0,0,0,0,0,0,0,23,0,0,0,0,0,0,0,0,0,0,0,0,0,0,0,0,0,14,0,0,0,0,0,8,0,0,0,5,0,59,0,0,0,0,0,0,0,30,0,0,0,0,0,0,0,0,0,0,0,0,0,0,0,0,0,0,0,0,0,0,0,0,0,0,0,0,0,0,0,0,0,0,0,0,0,0,0,0,0,0,0,0,0,46,0,0,0,0,0,0,0,0,0,0,0,0,0,0,0,216,0,27,0,173,0,0,0,17,0,0,7,31,0,22,0,0,0,0,1,0,58,0,0,65,0,6,0,0,0,0,0,0,0,0,0,0,0,0,0,0,0,0,0,0,0,0,0,0,81,0,0,0,274,839,579,0,7,0,2
0,0,229,0,132,0,3,0,0,0,40,0,0,0,12,0,253,0,0,0,31,0,127,0,57,0,13,0,0,0,51,0,18,0,21,0,41,0,18,0,0,0,61,0,0,0,0,0,0,0,15,0,16,0,0,0,0,0,0,0,0,0,28,0,0,0,0,0,0,0,6,0,0,0,0,0,0,0,0,0,51,0,0,0,95,0,39,0,0,0,0,0,43,0,0,0,175,0,0,0,80,0,0,0,0,0,110,0,0,0,0,0,0,0,0,0,0,0,0,0,31,0,12,0,0,0,0,0,29,0,6,0,0,0,0,0,214,0,124,0,75,0,94,0,5,0,0,0,0,0,0,0,0,0,3,0,1,0,0,0,0,0,0,0,0,0,0,0,0,0,0,0,1,0,0,0,0,0,0,0,0,0,20,0,0,0,0,0,0,0,0,0,0,0,0,0,0,0,0,0,0,0,0,0,0,0,0,0,0,0,0,12,0,0,0,0,0,0,0,0,0,0,0,0,0
0,56,0,203,0,45,0,0,0,0,0,47,0,0,0,0,1,154,0,0,0,55,0,95,0,74,0,0,0,0,0,21,0,40,0,20,0,21,0,36,0,0,0,0,0,0,0,0,0,0,0,4,0,7,0,11,0,38,0,0,0,1,0,45,0,0,0,0,0,0,0,0,0,0,0,0,0,0,0,0,0,0,0,0,0,60,0,0,0,13,0,40,0,2,0,18,0,26,0,76,0,27,0,0,0,7,0,56,0,0,0,0,0,0,0,0,0,0,0,0,0,0,0,0,0,0,0,0,0,0,0,0,0,168,0,218,0,292,0,157,0,31,0,158,0,0,0,0,0,0,0,0,0,0,0,6,0,0,0,13,0,0,0,0,0,0,0,0,0,0,0,0,0,0,0,0,0,13,0,28,0,0,0,0,0,0,0,0,0,0,0,0,0,0,0,0,0,0,0,0,0,17,0,0,0,0,0,0,0,20,0,0,0,0,0,0,0,0,10,12,3,0,0,0,0
0,0,65,0,190,0,0,0,0,0,76,0,19,0,275,0,26,0,52,0,274,0,16,1,8,0,44,0,51,0,0,0,23,0,67,0,32,0,24,0,0,0,53,0,8,0,0,0,0,0,28,0,0,0,0,0,0,0,0,0,0,0,50,0,0,0,0,0,0,0,19,0,0,0,23,0,0,0,0,0,53,0,0,0,105,0,0,0,0,0,0,0,0,0,0,0,0,0,157,0,112,0,0,0,0,0,0,0,0,0,0,0,0,0,0,0,0,0,0,0,33,0,30,0,0,0,0,0,0,0,0,0,0,0,0,0,150,0,68,0,76,0,57,0,19,0,0,0,0,0,0,0,0,0,0,0,0,0,0,0,0,0,0,0,0,0,16,0,0,0,0,0,6,0,0,0,13,0,17,0,0,0,2,0,0,0,0,0,0,0,0,0,0,0,0,0,0,0,0,0,0,0,0,0,0,0,0,0,0,0,24,40,16,0,0,0,0,0,0,0,0,0,0,0,0
0,0,0,18,0,71,0,0,0,0,0,0,0,0,0,57,0,17,0,163,0,28,0,27,0,14,0,15,0,21,0,0,0,9,0,11,0,14,0,24,0,0,0,6,0,0,0,0,0,0,0,0,0,0,0,0,0,12,0,0,0,2,0,25,0,0,0,0,0,0,0,0,0,2,0,0,0,0,0,0,0,13,0,0,0,0,0,0,0,0,0,0,0,0,0,0,0,0,0,0,0,4,0,2,0,0,0,6,0,0,0,0,0,0,0,0,0,0,0,0,0,0,0,0,0,0,0,0,0,0,0,0,0,37,0,0,0,39,0,89,0,38,0,58,0,0,0,0,0,0,0,0,0,0,0,5,0,0,0,0,0,0,0,0,0,0,0,10,0,5,0,0,0,0,0,0,0,0,0,6,0,0,0,0,0,0,0,0,0,0,0,0,0,0,0,0,0,0,0,0,0,0,0,0,0,0,0,0,0,0,0,0,0,0,0,0,0,0,19,35,9,0,0,0,0
24,0,258,0,518,0,7,0,0,0,356,0,13,0,362,7,129,0,12,0,162,0,57,0,0,0,0,1,18,0,23,0,0,0,47,1,138,0,28,0,0,0,132,0,0,0,0,0,0,0,55,0,0,0,0,0,0,0,0,0,20,0,51,0,0,0,0,0,0,0,0,0,0,0,4,0,0,0,0,0,0,0,0,0,0,0,0,0,0,0,0,0,0,0,0,0,0,0,0,0,0,0,0,0,0,0,0,0,0,0,0,0,0,0,0,0,0,0,0,0,0,0,0,0,0,0,0,0,0,0,0,1,0,0,0,0,0,0,118,0,32,0,11,0,17,0,0,0,0,0,0,0,0,0,16,0,0,0,7,0,0,0,0,0,0,0,9,0,0,0,2,0,6,0,0,0,47,0,55,0,0,0,71,0,0,0,0,0,0,0,0,0,0,0,0,0,0,0,0,0,0,0,0,0,0,0,0,0,0,0,11,95,0,0,0,0,0,0,0,0,0,0,0,0,0
0,90,0,239,0,424,0,0,0,0,0,311,0,33,45,203,0,107,0,52,16,52,13,140,0,39,0,12,0,40,0,9,0,0,0,171,0,99,0,15,0,0,0,27,0,0,0,0,0,0,0,19,0,9,0,9,0,16,0,0,0,24,0,53,0,10,0,0,0,0,0,0,0,0,0,0,0,0,0,0,0,0,0,0,0,35,0,0,0,0,0,0,0,0,0,0,0,0,0,59,0,0,0,0,0,0,0,0,0,0,0,0,0,0,0,0,0,0,0,0,0,0,0,0,0,0,0,0,0,0,0,0,0,0,0,0,0,0,0,149,0,0,0,72,0,24,0,0,0,0,0,0,0,0,0,0,0,46,0,0,0,0,0,2,0,2,0,44,0,18,0,5,0,12,0,0,0,70,0,228,0,0,0,0,0,0,0,0,0,0,0,0,0,0,0,0,0,0,0,0,0,0,0,0,0,2,0,0,0,0,0,0,0,0,16,0,0,0,42,179,34,0,0,0,0
0,0,0,0,156,0,0,0,0,0,9,0,95,23,150,0,0,0,358,20,186,4,0,0,0,0,154,22,21,0,67,0,47,0,0,0,112,0,0,0,0,0,36,0,10,2,0,0,0,0,40,0,0,0,0,0,0,0,0,0,0,0,0,0,0,0,0,0,0,0,20,0,0,0,17,0,0,0,0,0,35,0,0,0,0,0,0,0,0,0,0,0,0,0,0,0,0,0,0,0,0,0,0,0,0,0,0,0,0,0,0,0,0,0,0,0,0,0,0,0,0,0,4,0,0,0,0,0,0,0,0,0,0,0,0,0,0,0,0,0,0,0,0,0,0,0,0,0,3,0,0,0,0,0,0,0,0,0,0,0,0,0,0,0,25,0,55,0,41,0,0,0,15,0,0,0,0,0,13,0,0,0,0,0,0,0,0,0,0,0,0,0,2,0,4,0,0,0,0,0,0,0,0,0,0,0,0,0,0,0,86,95,72,12,20,0,0,0,0,0,0,0,0,0,0
0,4,0,0,0,156,0,0,0,0,0,0,0,105,7,26,0,8,0,578,0,112,0,19,0,0,0,89,0,20,0,11,1,171,0,0,0,209,0,24,0,0,0,6,0,0,0,0,0,0,0,6,0,0,0,3,0,9,0,0,0,0,0,11,0,0,0,0,0,0,0,0,0,0,0,0,0,0,0,0,0,0,0,0,0,40,0,0,0,0,0,0,0,0,0,0,0,0,0,0,0,15,0,0,0,0,0,0,0,0,0,0,0,0,0,0,0,0,0,0,0,0,0,0,0,0,0,0,0,0,0,0,0,69,0,0,0,0,0,163,0,80,0,122,0,0,0,0,0,0,0,0,0,0,0,0,0,11,0,5,0,0,0,0,0,13,0,44,0,38,0,0,0,14,0,0,4,10,0,10,0,0,0,0,0,0,0,5,0,3,0,0,0,0,0,0,0,0,0,0,0,0,0,0,0,0,0,0,0,0,0,0,0,0,18,0,0,0,78,132,63,0,0,0,0
29,0,90,0,485,0,0,0,4,0,372,0,124,8,255,9,18,0,127,9,43,0,42,0,14,0,52,6,41,0,32,0,138,0,112,0,0,0,46,0,0,0,69,0,40,0,6,0,0,0,37,0,8,0,0,0,0,0,0,0,55,0,17,0,0,0,0,0,0,0,45,0,8,0,34,0,0,0,14,0,64,0,40,0,88,0,62,0,0,0,0,0,0,0,55,0,118,0,183,0,0,0,0,0,0,0,0,0,0,0,0,0,0,0,0,0,0,0,0,0,72,0,12,0,0,0,0,0,41,0,0,0,0,0,0,0,101,0,213,0,95,0,29,0,123,0,0,0,0,0,0,0,0,0,19,0,46,0,0,0,0,0,23,0,28,0,42,0,67,0,54,0,84,0,0,0,26,3,95,0,0,0,61,0,5,0,0,0,0,0,0,0,0,0,0,0,0,0,0,0,0,0,0,0,0,0,0,0,0,0,48,95,67,0,0,0,0,0,0,0,0,0,0,0,0
0,186,0,190,25,256,0,0,0,0,2,235,0,201,9,114,3,6,12,309,7,17,0,33,0,0,0,0,0,21,0,14,0,99,0,209,0,0,0,22,0,0,0,18,0,8,0,0,0,0,2,87,0,0,0,6,0,0,0,0,0,21,0,15,0,0,0,0,0,0,0,0,0,0,0,0,0,0,0,0,0,0,0,0,0,0,0,0,0,0,0,15,0,0,0,0,0,0,0,0,0,10,0,0,0,0,0,0,0,0,0,0,0,0,0,0,0,0,0,0,0,0,0,0,0,0,0,0,0,0,0,0,0,73,0,0,0,126,0,211,0,161,0,147,0,47,0,0,0,10,0,0,0,0,0,0,0,38,0,0,0,0,0,2,0,2,0,46,0,65,0,16,0,62,0,0,0,56,0,167,0,0,0,0,0,0,0,8,0,4,0,0,0,0,0,0,0,0,0,0,0,0,0,0,0,0,0,0,0,0,0,0,0,0,0,0,0,0,17,164,60,7,0,0,0
222,7,565,6,0,0,43,0,2,0,31,0,0,0,5,0,492,0,0,0,6,0,229,16,223,1,7,0,18,0,24,0,28,0,0,0,46,0,0,0,0,0,37,0,1,0,0,0,0,0,7,0,12,0,0,0,0,0,0,0,27,0,56,1,0,0,0,0,0,0,6,0,0,0,9,0,0,0,0,0,0,0,0,0,61,0,20,0,17,0,0,0,0,0,0,0,99,0,59,0,36,0,0,0,0,0,0,0,0,0,0,0,0,0,0,0,0,0,0,0,25,0,15,0,0,0,0,0,0,0,0,0,0,0,0,0,84,0,167,0,72,0,0,0,32,0,0,0,0,0,0,0,0,0,16,0,28,0,11,0,0,0,4,0,0,0,1,0,13,0,16,0,50,0,0,0,9,1,0,0,0,0,69,0,0,0,0,0,0,0,0,0,0,0,0,0,0,0,0,0,0,0,0,0,0,0,0,0,0,0,8,98,12,0,3,0,0,0,0,0,0,0,0,0,0
11,311,0,627,0,0,1,63,0,0,0,186,0,0,0,21,0,108,0,0,0,6,0,82,0,147,0,0,0,36,0,24,0,15,0,24,0,22,0,0,0,0,0,0,0,0,0,0,0,0,0,0,0,18,0,19,0,16,0,0,0,19,0,51,0,5,0,0,0,0,0,0,0,0,0,0,0,0,0,0,0,0,0,0,0,0,0,0,0,0,0,0,0,0,0,0,0,0,0,0,0,0,0,0,0,0,0,0,0,0,0,0,0,0,0,0,0,0,0,0,0,0,0,0,0,0,0,0,0,0,0,0,0,88,0,76,0,97,0,263,0,86,0,0,0,41,0,0,0,13,0,0,0,0,0,13,0,33,0,18,0,0,0,0,0,0,0,3,0,0,0,0,0,7,0,0,0,73,0,112,0,0,0,0,0,0,0,0,0,0,0,0,0,0,0,0,0,0,0,0,0,0,0,0,0,0,0,0,0,0,0,0,0,0,0,0,0,0,0,47,3,0,0,0,0
24,0,20,0,102,0,0,0,1,0,38,5,319,139,0,0,0,0,0,0,0,0,0,0,0,0,6,265,0,0,0,0,0,0,0,0,0,0,0,0,0,320,39,57,30,120,139,506,107,42,47,12,0,0,0,0,0,0,0,0,0,0,0,0,0,0,0,0,0,0,0,0,0,0,0,0,0,0,0,0,0,0,0,0,0,0,0,0,0,0,0,0,0,0,0,0,0,0,0,0,0,0,0,0,0,0,0,0,0,0,0,0,0,0,0,0,0,0,0,0,0,0,0,0,0,0,0,0,0,0,0,0,0,0,0,0,0,0,0,0,0,0,0,0,0,0,0,0,11,0,10,0,0,0,0,0,0,0,0,0,0,0,0,0,25,0,0,0,0,0,0,0,0,0,0,0,71,32,27,0,26,0,4,0,0,0,163,8,0,0,0,0,0,0,0,0,0,0,0,0,0,0,0,0,0,0,0,0,0,0,0,151,83,0,0,0,0,20,3,39,12,0,0,0,0
0,46,0,0,10,98,0,0,0,0,0,205,45,316,0,0,0,0,15,20,0,0,0,0,0,0,157,37,0,0,0,0,0,0,0,0,0,0,0,0,320,0,54,20,65,65,285,127,51,109,26,0,0,0,0,0,0,0,0,0,0,0,0,0,0,0,0,0,0,1,0,0,0,0,0,0,0,0,0,0,0,0,0,0,0,0,0,0,0,0,0,0,0,0,0,1,0,0,0,0,0,0,0,0,0,0,0,0,0,0,0,0,0,0,0,0,0,0,0,0,0,0,0,0,0,0,0,0,0,0,0,0,0,0,0,0,0,0,0,0,0,0,0,0,0,0,0,0,0,0,0,0,0,7,0,0,0,0,0,0,0,0,0,0,0,28,0,1,0,0,0,0,0,0,0,0,0,138,2,16,0,12,0,0,0,0,58,17,0,0,0,0,0,0,0,0,0,0,0,0,0,0,0,0,0,0,0,0,0,0,0,3,0,0,0,0,0,0,0,116,25,0,0,0,32
0,1,0,0,0,0,0,0,0,0,0,0,46,70,0,0,0,0,30,0,39,0,0,0,0,1,249,137,61,0,53,0,132,0,36,0,69,0,37,0,39,54,0,11,165,0,79,146,16,0,40,0,0,0,0,0,1,0,0,0,10,0,28,0,0,0,0,0,0,0,28,0,0,0,25,0,0,0,0,0,61,0,0,0,89,0,0,0,0,0,0,0,0,0,0,0,0,0,145,0,0,0,0,0,0,0,0,0,0,0,0,0,0,0,0,0,0,0,0,0,0,0,19,0,0,0,0,0,0,0,0,0,0,0,0,0,114,0,107,0,75,0,0,0,69,0,0,0,0,0,0,0,0,0,0,0,13,0,0,0,0,0,10,0,46,0,10,0,0,0,0,0,22,0,0,0,1,0,0,0,0,0,0,0,0,0,76,0,0,0,0,0,0,0,0,0,0,0,0,0,0,0,0,0,0,0,0,0,0,0,12,23,35,0,4,0,0,3,0,0,0,0,0,0,0
0,0,0,0,10,0,0,0,0,0,0,0,43,153,0,2,0,24,26,168,16,109,0,20,0,13,67,605,0,0,0,6,0,27,0,6,0,18,0,0,57,20,11,0,10,197,32,116,0,38,10,143,0,0,0,0,0,14,0,0,0,0,0,5,0,0,0,0,0,0,0,5,0,0,0,8,0,0,0,0,0,92,0,0,0,125,0,30,0,0,0,0,0,0,0,62,0,0,0,176,0,0,0,0,0,0,0,0,0,0,0,0,0,0,0,0,0,0,0,0,0,0,0,5,0,0,0,0,0,0,0,0,0,0,0,0,0,0,0,77,0,82,0,254,0,43,0,0,0,0,0,0,0,5,0,9,0,0,0,0,0,0,0,0,2,95,0,30,0,75,0,0,0,20,0,0,0,9,0,0,0,0,0,0,0,0,7,58,0,0,0,0,0,0,0,0,0,0,0,0,0,0,0,0,0,10,0,0,0,0,0,0,1,0,26,0,0,0,44,207,141,26,0,0,0
0,0,0,0,20,0,0,0,0,0,0,0,14,0,19,0,0,0,26,0,29,0,45,0,0,0,141,43,0,0,8,0,0,0,10,0,40,0,1,0,30,65,165,10,0,19,247,81,197,20,101,3,0,0,0,0,0,0,0,0,0,0,0,0,0,0,1,0,0,0,48,0,0,0,31,0,0,0,0,0,74,0,0,0,0,0,0,0,48,0,0,0,24,0,45,0,149,0,192,0,99,0,0,0,0,0,181,0,0,0,0,0,0,0,0,0,0,0,0,0,72,0,11,0,0,0,0,0,0,0,0,0,0,0,0,0,64,0,0,0,0,0,0,0,54,0,0,0,0,0,0,0,0,0,0,0,0,0,0,0,0,0,11,0,218,0,28,0,29,0,0,0,24,0,0,0,0,5,7,0,0,0,4,0,0,0,33,0,0,0,0,0,0,0,0,0,0,0,0,0,0,0,0,0,0,0,0,0,0,0,36,101,239,12,0,0,0,43,0,6,0,0,0,0,0
0,15,0,0,0,10,0,0,0,0,0,15,0,18,0,0,0,0,8,27,0,51,0,0,0,0,32,299,0,0,0,0,0,0,2,0,0,8,0,0,120,65,0,197,19,0,112,194,72,217,6,83,0,0,0,3,0,0,0,0,0,0,0,0,0,0,0,0,0,16,0,0,0,0,0,0,0,0,0,0,0,0,0,35,0,0,0,0,0,23,0,0,0,30,0,80,0,0,0,0,0,28,0,28,0,0,0,11,0,0,0,0,0,0,0,0,0,0,0,0,0,0,0,0,0,0,0,0,0,0,0,0,0,0,0,0,0,0,0,0,0,0,0,0,0,0,0,0,0,0,0,0,0,0,0,3,0,0,0,0,0,0,0,1,1,271,0,13,0,91,0,0,0,0,0,0,0,39,0,0,0,0,0,0,0,0,14,8,0,53,0,0,0,0,0,30,0,0,0,0,0,0,0,0,0,0,0,0,0,0,0,2,0,0,19,0,0,0,24,360,551,0,0,0,76
25,0,33,0,135,0,0,0,9,0,21,7,298,75,25,0,0,0,27,0,0,0,39,0,0,0,104,135,0,0,0,0,0,0,0,0,6,0,0,0,139,285,79,32,247,112,0,459,164,99,27,0,5,0,0,0,0,0,0,0,2,0,7,0,0,0,0,0,0,0,0,0,0,0,0,0,0,0,0,0,0,0,0,0,0,0,0,0,0,0,0,0,0,0,0,0,0,0,0,0,0,0,0,0,0,0,0,0,0,0,0,0,0,0,0,0,0,0,0,0,0,0,0,0,0,0,0,0,0,0,4,0,0,0,0,0,0,0,0,0,0,0,0,0,0,0,0,0,37,0,44,0,11,0,0,0,0,0,0,0,0,0,0,0,62,0,0,0,0,0,0,0,0,0,0,0,29,25,39,0,18,0,9,0,11,0,56,0,0,0,0,0,0,0,0,0,0,0,0,0,0,0,0,0,0,0,0,0,0,0,10,293,233,0,0,0,1,74,0,27,7,0,0,0,0
0,97,0,0,0,150,0,0,0,0,0,201,129,66,0,0,0,0,53,112,24,3,0,0,0,0,263,286,0,0,0,0,0,0,0,0,0,0,0,0,506,127,146,116,81,194,459,0,94,71,107,62,0,0,0,0,0,0,0,0,0,0,0,0,0,0,0,0,0,0,0,0,0,0,0,0,0,0,0,0,0,0,0,0,0,0,0,0,0,2,0,0,0,0,0,0,0,0,0,0,0,0,0,4,0,0,0,0,0,0,0,0,0,0,0,0,0,0,0,0,0,0,0,0,0,0,0,0,0,0,0,0,0,0,0,0,0,0,0,0,0,0,0,0,0,0,0,6,0,0,0,0,0,0,0,0,0,0,0,0,0,0,0,0,0,50,0,0,0,0,0,0,0,0,0,0,0,62,0,9,0,0,0,0,0,0,84,29,0,0,0,0,0,0,0,0,0,2,0,0,0,0,0,0,0,0,0,0,0,0,0,0,0,0,7,0,0,0,0,587,131,0,0,0,88
5,0,12,0,11,0,20,0,0,0,0,0,24,0,7,0,3,0,0,0,13,0,12,0,12,0,11,16,0,0,0,0,0,0,0,0,0,0,0,0,107,51,16,0,197,72,164,94,0,193,4,0,5,0,15,0,26,0,20,0,1,0,0,0,0,0,0,0,6,0,2,0,0,0,0,0,0,0,3,0,0,0,20,0,7,0,3,0,21,0,6,0,26,0,37,1,9,0,8,0,11,0,73,0,38,0,46,0,0,0,0,0,0,0,0,0,0,0,0,0,7,0,0,0,11,0,0,0,0,0,8,0,7,0,14,0,4,0,0,0,0,0,15,0,0,0,7,1,4,0,0,0,0,0,2,0,0,0,3,0,10,0,1,0,5,5,4,0,2,0,0,0,0,0,0,0,71,55,11,0,15,0,1,0,0,0,219,0,72,0,8,0,22,0,43,0,0,0,11,0,17,0,18,0,22,0,4,0,6,0,86,77,131,8,58,13,7,15,0,14,9,8,1,0,7
0,6,0,0,0,3,0,1,0,0,0,6,0,18,0,0,0,0,0,0,0,0,0,0,0,0,0,49,0,0,0,0,0,0,0,0,0,0,0,0,42,109,0,38,20,217,99,71,193,0,0,4,0,0,0,0,0,1,0,0,0,0,0,0,0,1,0,0,0,0,0,0,0,0,0,0,0,0,0,0,0,0,0,0,0,0,0,0,0,2,0,0,0,0,0,4,0,0,0,0,0,0,0,2,0,0,0,0,0,0,0,0,0,0,0,0,0,0,0,0,0,0,0,0,0,0,0,0,0,0,0,0,0,0,0,0,0,0,0,0,0,0,0,0,0,0,0,0,0,0,0,2,0,4,0,0,0,0,0,1,0,0,0,0,0,28,0,0,0,6,0,0,0,1,0,3,0,92,0,7,0,9,0,2,0,3,34,40,0,0,0,0,0,0,0,0,0,0,0,0,0,0,0,0,0,1,0,0,0,0,0,0,0,0,0,0,0,0,3,14,7,0,0,0,54
0,0,0,0,0,0,0,0,0,0,0,0,312,112,21,0,0,0,284,24,74,0,0,0,0,0,512,209,15,0,28,0,55,0,40,0,37,2,7,0,47,26,40,10,101,6,27,107,4,0,0,5,0,0,0,0,5,0,3,0,0,0,7,0,0,1,0,0,0,0,38,0,7,0,14,0,0,0,0,0,0,0,24,0,19,0,29,0,15,0,0,0,22,0,17,0,0,0,78,0,0,0,12,0,0,0,32,0,0,0,0,0,0,0,0,0,0,0,0,0,18,1,0,0,0,0,0,0,0,0,0,0,0,0,0,0,0,0,0,1,0,0,0,0,27,0,0,0,0,0,0,0,0,0,1,0,0,0,0,0,4,0,29,0,120,0,38,0,43,0,21,0,43,0,0,0,0,0,4,0,0,0,0,0,1,0,43,2,22,0,0,0,0,0,0,0,0,0,0,0,0,0,0,0,0,0,0,0,0,0,64,110,153,20,32,0,0,0,0,10,0,1,0,0,0
0,0,0,0,0,50,0,0,0,0,0,2,35,323,2,0,0,6,26,259,15,71,0,5,0,0,25,521,0,4,0,0,0,19,0,6,0,87,0,0,12,0,0,143,3,83,0,62,0,4,5,0,0,0,0,0,0,0,0,4,0,5,0,0,0,0,0,0,0,0,0,7,0,4,0,10,0,0,0,0,0,133,0,0,0,102,0,22,0,0,0,27,0,0,0,77,0,0,0,181,0,36,0,15,0,0,0,0,0,0,0,0,0,0,0,0,0,0,0,0,0,40,0,0,0,0,0,0,0,0,0,0,0,41,0,57,0,115,0,86,0,93,0,236,0,46,0,0,0,0,0,0,0,2,0,14,0,6,0,0,0,0,0,0,0,33,0,57,0,125,0,22,0,55,0,0,0,10,0,0,0,0,0,0,0,0,0,21,0,0,0,0,0,0,0,28,0,0,0,0,0,0,0,0,0,0,0,0,0,0,0,0,0,0,35,0,0,0,53,55,82,20,0,0,0
43,5,10,0,7,0,101,35,29,102,11,0,0,0,0,0,142,0,11,0,22,0,0,0,43,7,0,0,16,0,0,0,0,0,0,0,8,0,12,0,0,0,0,0,0,0,5,0,5,0,0,0,0,7,169,41,118,0,14,16,77,0,186,7,0,0,0,8,0,0,0,0,0,0,0,0,0,0,0,0,0,0,0,0,0,0,0,0,0,0,0,0,0,0,0,0,0,0,0,0,4,0,0,0,0,0,0,0,0,0,0,0,0,0,0,0,0,0,0,0,0,0,0,0,0,0,0,0,131,0,34,0,22,0,0,0,213,0,244,0,21,0,53,0,16,0,0,0,0,0,0,0,0,0,283,0,77,0,155,0,28,0,7,0,3,0,4,0,8,0,83,0,6,0,0,0,0,0,0,0,0,0,38,0,0,0,0,0,0,0,0,0,0,0,0,0,0,0,0,0,0,0,0,0,0,0,0,0,5,0,32,85,201,61,39,3,18,0,0,0,0,0,0,0,0
8,21,3,0,0,2,55,71,108,68,0,0,0,0,0,0,0,21,0,0,0,2,1,1,24,21,0,0,0,7,0,0,0,9,0,0,0,0,0,18,0,0,0,0,0,0,0,0,0,0,0,0,7,0,43,62,6,115,25,31,0,79,4,77,0,0,8,0,0,0,0,0,0,0,0,0,0,0,0,0,0,0,0,0,0,0,0,0,0,0,0,0,0,0,0,0,0,0,0,0,0,0,0,0,0,0,0,0,0,0,0,0,0,0,0,0,0,0,0,0,0,0,0,0,0,37,0,0,0,123,0,24,0,173,0,36,0,164,0,455,0,44,0,20,0,42,0,0,0,0,0,0,0,0,0,245,0,48,1,198,0,21,0,0,0,0,0,0,0,0,0,0,0,0,0,0,0,4,0,1,0,0,0,0,0,1,0,0,0,0,0,0,0,0,0,0,0,0,0,0,0,0,0,0,0,0,0,1,0,0,0,0,0,0,47,0,0,0,16,28,13,35,0,0,0
19,43,168,0,20,0,235,78,35,295,5,0,0,0,64,0,43,2,0,0,26,0,301,0,451,31,0,0,0,0,0,0,0,0,0,0,0,0,0,0,0,0,0,0,0,0,0,0,15,0,0,0,169,43,0,111,95,3,6,14,71,0,82,37,5,0,1,10,0,0,0,0,0,0,0,0,1,0,0,0,0,0,0,0,0,0,0,0,0,0,0,0,0,0,0,0,0,0,0,0,0,0,0,0,0,0,7,0,0,0,0,0,0,0,0,0,0,0,0,0,0,0,0,0,54,0,97,0,39,0,227,0,15,0,82,0,54,0,5,0,3,0,33,0,0,0,28,0,14,0,50,0,0,0,37,1,17,2,0,0,67,0,0,0,0,0,0,0,18,0,101,0,0,0,0,0,0,0,0,0,0,0,0,0,0,0,0,0,0,0,0,0,3,0,0,0,0,0,0,0,29,0,0,0,0,0,1,0,110,0,423,141,515,342,339,0,179,0,0,0,0,0,0,0,0
13,6,0,57,0,9,155,353,418,40,0,0,0,0,0,24,0,67,0,0,0,0,0,53,12,477,0,0,0,11,0,0,0,9,0,3,0,6,0,19,0,0,0,0,0,3,0,0,0,0,0,0,41,62,111,0,14,239,78,160,0,21,3,70,0,8,18,3,0,0,0,0,0,0,0,0,0,0,0,0,0,1,0,0,0,0,0,0,0,0,0,0,0,0,0,0,0,0,0,0,0,0,0,0,2,0,0,0,0,0,0,0,0,0,0,0,0,0,0,0,0,0,0,0,0,161,0,30,0,17,0,120,0,8,0,0,0,23,0,11,0,0,0,3,0,2,0,0,0,14,0,16,0,0,0,26,0,7,0,21,0,30,0,0,0,0,0,3,0,22,0,41,0,0,0,0,2,0,0,0,0,0,0,0,5,2,0,0,0,0,0,0,0,0,0,0,0,0,0,0,0,0,0,0,0,0,0,23,1,71,0,0,0,0,409,0,0,0,327,109,360,340,26,2,0
0,0,8,0,0,0,21,0,10,38,0,0,0,0,0,0,5,0,0,0,0,0,9,0,21,0,0,0,0,0,0,0,0,0,0,0,0,0,0,0,0,0,1,0,0,0,0,0,26,0,5,0,118,6,95,14,0,8,175,64,0,0,30,0,26,56,2,110,0,0,0,0,0,0,0,0,0,0,0,0,0,0,0,0,0,0,0,0,0,0,0,0,0,0,0,0,0,0,0,2,0,0,0,0,0,0,3,0,0,0,0,0,0,0,5,0,0,0,0,0,0,0,0,0,6,0,23,0,49,0,101,2,13,0,9,0,12,0,11,19,0,0,0,0,5,3,5,0,3,2,4,0,0,0,97,17,31,0,37,14,104,0,0,0,5,0,7,0,10,0,68,0,0,0,0,0,0,0,0,0,0,0,0,0,0,0,0,0,0,0,0,0,0,0,0,0,0,0,0,0,0,0,0,0,0,0,0,0,21,0,582,202,802,609,1087,67,235,0,0,0,1,0,0,0,0
0,0,0,10,0,0,0,91,43,25,0,0,0,0,0,0,0,109,0,23,0,57,0,53,0,174,0,0,0,38,0,12,0,16,0,9,0,0,0,16,0,0,0,14,0,0,0,0,0,1,0,0,0,115,3,239,8,0,61,270,0,8,0,87,0,5,32,10,0,0,0,0,0,0,0,0,0,6,0,0,0,0,0,0,0,0,0,0,0,0,0,0,0,0,0,0,0,0,0,0,0,0,0,0,0,0,0,0,0,0,0,0,0,0,0,0,0,0,0,0,0,0,0,0,0,90,0,10,0,47,0,86,0,22,0,0,0,0,0,4,0,0,0,0,4,0,0,0,0,0,0,3,0,0,0,216,0,18,2,79,0,116,0,0,0,19,0,0,0,58,0,139,0,17,0,0,1,0,0,0,0,0,0,0,0,2,0,0,0,0,0,0,0,0,0,0,0,0,0,0,0,1,0,0,0,0,1,0,0,11,0,0,0,0,794,0,0,0,412,85,544,717,72,0,0
33,0,12,0,0,0,72,0,409,157,0,0,8,0,0,0,0,0,0,0,0,0,0,0,0,0,0,0,0,0,0,0,0,0,0,0,0,0,0,0,0,0,0,0,0,0,0,0,20,0,3,0,14,25,6,78,175,61,0,551,0,0,1,0,46,85,376,463,0,0,0,0,0,0,0,0,0,0,1,0,0,0,0,0,0,0,0,1,0,0,0,0,0,0,0,1,0,0,0,0,0,1,0,0,0,0,0,0,0,0,0,0,0,0,0,0,0,0,0,0,0,1,0,0,0,0,0,0,0,0,14,0,0,0,0,0,0,0,2,11,0,0,0,0,3,3,0,0,0,0,0,0,0,0,36,94,31,0,0,33,6,3,3,0,0,0,0,0,0,0,19,0,3,0,0,2,102,0,0,0,0,0,0,0,92,31,0,0,0,0,0,0,0,0,0,0,0,0,0,0,0,0,0,0,0,0,0,0,0,0,943,863,325,547,1374,94,234,4,0,0,0,0,0,0,0
0,17,0,20,0,0,0,49,228,219,0,5,0,4,0,0,0,18,0,0,0,12,0,0,0,54,0,0,0,0,0,0,0,0,0,0,0,0,0,0,0,0,0,0,0,0,0,0,0,0,0,4,16,31,14,160,64,270,551,0,0,0,0,3,63,54,357,399,0,0,0,0,0,0,0,2,0,2,0,0,0,0,0,0,0,0,0,0,0,0,0,0,0,0,0,0,0,0,0,0,0,0,0,0,0,0,0,0,0,0,0,0,0,0,0,0,0,0,0,0,0,0,0,0,0,12,0,0,0,1,0,18,0,0,0,0,0,0,34,1,0,0,0,0,19,15,0,0,0,2,0,1,0,0,27,17,1,7,19,11,29,65,0,0,0,0,0,5,0,42,0,0,0,0,0,0,42,0,0,0,0,0,0,0,70,41,0,0,0,0,0,0,0,0,0,0,0,0,0,0,0,0,0,0,0,0,0,0,0,1,0,1,0,0,1678,0,0,0,1563,793,649,675,124,0,0
183,7,69,0,0,0,423,0,107,6,5,0,0,0,0,0,35,0,0,0,0,0,10,2,239,16,8,0,0,0,0,0,20,0,0,0,55,0,27,0,0,0,10,0,0,0,2,0,1,0,0,0,77,0,71,0,0,0,0,0,0,0,42,2,0,0,0,0,0,0,0,0,0,0,3,0,0,0,0,0,0,0,0,0,0,0,0,0,0,0,0,0,0,0,0,0,0,0,0,0,0,0,0,0,0,0,0,0,0,0,0,0,0,0,0,0,0,0,0,0,0,0,0,0,0,0,0,0,50,1,5,0,0,0,0,0,83,0,365,0,98,0,0,0,117,0,0,0,0,0,0,0,0,0,80,0,174,0,21,0,0,0,4,0,0,0,4,0,17,0,224,0,80,0,0,0,1,0,0,0,0,0,40,0,0,0,0,0,0,0,0,0,0,0,0,0,0,0,0,0,0,0,0,0,0,0,0,0,4,0,6,124,46,7,0,0,5,0,0,0,0,0,0,0,0
23,303,11,139,0,19,12,141,12,5,0,32,0,0,0,14,0,17,0,0,0,0,0,22,37,146,0,0,0,1,0,2,0,24,0,0,0,21,0,19,0,0,0,0,0,0,0,0,0,0,0,5,0,79,0,21,0,8,0,0,0,0,0,71,0,0,0,0,0,1,0,0,0,0,0,0,0,0,0,0,0,0,0,0,0,0,0,0,0,0,0,1,0,0,0,0,0,0,0,0,0,0,0,0,0,0,0,0,0,0,0,0,0,0,0,0,0,0,0,0,0,0,0,1,0,0,0,0,0,0,0,0,0,40,0,0,0,0,0,209,0,85,0,19,0,106,0,0,0,2,0,0,0,0,0,14,0,74,0,20,0,0,0,0,0,13,0,8,0,42,0,97,0,167,0,0,3,38,0,25,0,0,0,13,0,0,0,0,0,0,0,0,0,0,0,0,0,0,0,0,0,0,0,0,0,0,0,0,0,0,0,0,0,0,26,0,0,0,15,227,140,54,0,0,0
88,39,0,0,0,0,174,43,42,8,9,0,0,0,0,0,572,6,10,0,108,0,19,0,281,61,0,0,28,0,50,0,51,0,0,0,17,0,56,0,0,0,28,0,0,0,7,0,0,0,7,0,186,4,82,3,30,0,1,0,42,0,0,12,0,0,0,0,0,0,0,0,0,0,0,0,0,0,0,0,10,0,0,0,0,0,8,0,0,0,0,0,0,0,0,0,102,0,0,0,34,0,0,0,0,0,0,0,0,0,0,0,0,0,0,0,0,0,0,0,0,0,0,0,0,0,0,0,102,0,17,0,0,0,0,0,271,0,225,0,44,0,106,0,7,0,0,0,0,0,4,0,0,0,92,0,40,0,69,0,13,0,0,0,0,0,0,0,0,0,7,0,0,0,0,0,2,0,0,0,0,0,84,0,0,0,0,0,0,0,0,0,0,0,0,0,0,0,0,0,0,0,0,0,0,0,0,0,0,0,10,74,6,0,3,0,2,0,0,0,0,0,0,0,0
90,241,26,64,0,0,129,196,139,14,0,0,0,0,0,21,7,473,0,55,0,74,6,120,117,392,0,0,0,45,0,25,0,53,0,11,0,15,1,51,0,0,0,5,0,0,0,0,0,0,0,0,7,77,37,70,0,87,0,3,2,71,12,0,0,0,0,0,0,0,0,0,0,0,0,0,0,0,0,0,0,0,0,0,0,0,0,0,0,0,0,0,0,0,0,0,0,0,0,0,0,0,0,0,0,0,0,0,0,0,0,0,0,0,0,0,0,0,0,0,0,0,0,0,0,0,2,0,0,102,0,12,0,285,0,0,0,272,0,422,0,53,0,90,0,40,0,0,0,2,0,0,0,0,0,77,0,46,0,62,0,7,0,0,0,0,0,0,0,0,0,0,0,5,0,0,0,30,0,0,0,0,0,6,0,0,0,0,0,0,0,0,0,0,0,0,0,0,0,0,0,0,0,0,0,0,0,0,0,12,0,0,0,0,7,0,0,0,12,214,25,12,0,0,0
90,0,0,0,39,0,28,0,455,0,34,0,26,0,0,0,0,0,0,0,0,0,0,0,0,0,0,0,0,0,0,0,0,0,0,0,0,0,0,0,0,0,0,0,0,0,0,0,0,0,0,0,0,0,5,0,26,0,46,63,0,0,0,0,0,195,121,55,0,0,19,3,0,5,0,5,0,0,0,0,2,0,0,0,0,0,0,0,0,0,0,0,0,0,0,5,0,0,0,9,0,0,0,0,0,0,0,0,0,0,0,0,0,0,0,0,0,0,0,0,0,1,0,0,10,15,4,0,0,0,43,62,0,0,0,0,0,0,32,103,12,34,0,0,39,22,28,0,74,44,14,0,0,0,4,49,6,0,0,58,243,239,4,0,0,0,0,0,0,0,0,0,0,0,45,10,58,0,12,0,135,50,0,0,258,15,0,0,0,0,0,0,0,0,0,0,0,0,0,0,0,0,0,0,0,0,0,0,0,0,70,7,10,0,60,0,0,0,11,0,0,0,0,0,0
0,96,0,55,0,48,0,47,4,444,0,18,0,0,0,15,0,0,0,38,0,0,0,0,0,0,0,23,0,0,0,0,0,10,0,0,0,0,0,5,0,0,0,0,0,0,0,0,0,1,1,0,0,0,0,8,56,5,85,54,0,0,0,0,195,0,21,160,0,0,10,19,0,0,0,28,0,0,0,0,0,14,0,0,0,3,0,13,0,0,0,0,0,0,0,4,0,0,0,6,0,0,0,2,0,0,0,0,0,0,0,0,0,0,0,0,0,0,0,0,0,0,0,0,0,56,0,0,0,0,40,93,0,0,0,0,0,0,106,25,0,9,0,0,41,29,0,57,29,251,0,7,0,26,12,0,0,0,19,0,216,383,4,13,0,0,0,0,0,0,0,0,0,0,8,34,27,2,0,0,17,146,0,8,35,146,0,0,0,0,0,0,0,0,0,0,0,1,0,0,0,0,0,0,0,0,0,0,0,0,6,0,3,2,82,0,0,0,116,45,65,32,0,0,0
34,1,1,0,0,0,15,0,352,26,0,0,0,0,0,0,0,0,0,0,0,0,0,0,0,0,0,0,0,0,0,0,0,0,0,0,0,0,0,0,0,0,0,0,1,0,0,0,0,0,0,0,0,8,1,18,2,32,376,357,0,0,0,0,121,21,0,165,0,0,0,0,0,0,0,0,0,0,0,0,0,0,0,0,0,0,0,0,0,0,0,2,0,0,0,0,0,0,0,0,0,0,0,0,0,0,0,0,0,0,0,0,0,0,0,0,0,0,0,0,0,0,0,0,0,0,0,0,0,0,2,0,0,0,0,0,0,0,2,7,0,0,0,0,4,0,0,0,0,0,0,0,0,0,0,22,0,0,0,18,40,0,1,0,0,0,0,0,0,0,0,0,0,0,0,0,190,0,0,0,0,0,0,0,391,0,0,0,0,0,0,0,0,0,0,0,0,0,0,0,0,0,0,0,0,0,0,0,0,0,19,53,0,0,0,2,0,0,0,0,0,0,0,0,0
0,24,0,0,0,0,0,105,131,293,0,3,0,0,0,0,0,0,0,0,0,0,0,0,0,0,0,0,0,0,0,0,0,0,0,0,0,0,0,0,0,0,0,0,0,0,0,0,0,0,0,0,8,0,10,3,110,10,463,399,0,0,0,0,55,160,165,0,0,0,0,0,0,0,0,0,0,0,0,0,0,0,0,0,0,0,0,0,0,0,0,0,0,0,0,0,0,0,0,0,0,0,0,0,0,0,0,0,0,0,0,0,0,0,0,0,0,0,0,0,0,1,0,0,0,6,0,0,0,0,0,18,0,0,0,0,0,0,26,1,0,0,0,0,14,0,0,0,0,17,0,0,0,1,19,0,1,0,17,2,0,40,0,0,0,0,0,0,0,3,0,0,0,0,0,18,64,3,0,1,0,0,0,1,30,480,0,0,0,0,0,0,0,0,0,0,0,0,0,0,0,0,0,0,0,0,0,0,0,0,0,1,0,0,45,0,0,0,110,133,15,0,0,0,0
0,0,0,0,0,0,0,0,0,0,0,0,0,0,0,0,0,0,0,0,0,0,0,0,3,0,0,0,0,0,0,0,0,0,0,0,0,0,0,0,0,0,0,0,0,0,0,0,6,0,0,0,0,0,0,0,0,0,0,0,0,0,0,0,0,0,0,0,0,0,0,0,8,0,0,0,54,0,14,0,0,0,44,0,20,0,5,0,0,0,0,0,88,0,12,0,0,0,0,0,18,0,221,0,0,0,35,0,105,0,1,0,27,0,13,0,5,0,0,0,0,0,0,0,0,0,0,0,0,0,0,0,0,0,0,0,0,0,0,0,0,0,0,1,0,0,0,0,0,0,0,0,0,0,0,0,0,0,0,0,0,0,0,0,47,0,0,0,124,0,5,0,0,0,0,0,0,0,0,0,0,0,0,0,0,0,0,0,0,0,0,0,0,0,0,0,2,0,0,0,0,0,0,0,0,0,0,0,0,0,48,3,47,4,2,167,119,0,0,0,2,0,0,0,1
0,0,0,0,0,0,0,0,0,2,0,0,0,0,0,0,0,0,0,0,0,0,0,0,0,0,0,0,0,0,0,0,0,0,0,0,0,0,0,0,0,1,0,0,0,16,0,0,0,0,0,0,0,0,0,0,0,0,0,0,0,1,0,0,0,0,0,0,0,0,0,0,0,2,0,0,0,35,0,0,0,8,1,33,0,0,0,3,0,28,0,0,0,38,0,28,0,0,0,3,0,7,0,255,0,0,0,7,0,20,0,2,0,16,0,0,0,0,0,0,0,0,0,0,0,0,0,11,0,0,0,0,0,0,0,0,0,5,0,0,0,0,0,0,0,0,0,0,2,0,0,0,0,0,0,0,0,0,0,1,0,0,0,0,0,44,0,0,0,55,0,0,0,0,0,0,0,0,0,0,0,0,0,0,0,0,0,0,0,18,0,0,0,0,0,11,0,0,0,0,0,0,0,0,0,0,0,0,0,0,0,0,0,0,3,0,0,0,63,17,59,2,13,0,1
0,0,0,0,0,0,0,0,0,0,0,0,0,0,0,0,4,0,0,0,61,0,0,0,0,0,0,0,6,0,19,0,0,0,20,0,45,0,6,0,0,0,28,0,48,0,0,0,2,0,38,0,0,0,0,0,0,0,0,0,0,0,0,0,19,10,0,0,0,0,0,0,166,0,217,0,5,0,197,0,9,1,0,0,5,0,23,0,0,0,0,0,0,0,0,0,0,0,0,0,0,0,0,0,0,0,0,0,0,0,0,0,0,0,0,0,0,0,0,0,30,0,8,0,25,0,4,0,0,0,65,0,15,0,0,0,114,0,12,8,86,15,65,0,96,0,19,0,65,0,27,0,0,0,0,0,5,0,0,0,43,30,61,0,0,0,28,0,19,0,37,0,50,0,22,0,0,0,0,0,0,18,0,0,0,0,0,0,0,0,0,0,0,0,0,0,0,0,0,0,0,0,0,0,0,0,0,0,0,0,17,2,11,0,0,0,0,0,0,0,0,0,0,0,0
0,0,0,1,0,0,0,0,0,0,0,0,0,0,0,0,0,0,0,0,0,0,0,0,0,0,0,0,0,0,0,0,0,0,0,0,0,0,0,0,0,0,0,5,0,0,0,0,0,0,0,7,0,0,0,0,0,0,0,0,0,0,0,0,3,19,0,0,0,0,0,0,0,94,0,82,0,12,0,3,0,0,0,3,0,0,0,40,0,0,0,0,0,0,1,0,0,0,0,0,0,0,0,0,0,0,0,0,0,0,0,0,0,0,0,0,0,0,0,0,0,7,0,5,0,74,0,106,0,23,0,40,0,83,0,0,0,69,0,77,0,134,0,62,0,113,0,0,10,52,0,21,0,0,0,0,0,0,0,3,0,35,0,19,0,0,0,0,0,13,0,29,0,13,0,7,0,0,0,0,0,66,0,0,0,5,0,0,0,0,0,0,0,0,0,0,0,0,0,0,0,0,0,0,0,0,0,0,0,0,0,0,0,0,0,0,0,0,26,0,0,0,0,0,0
0,0,0,0,0,0,0,0,0,0,0,0,0,0,0,0,0,0,2,0,0,0,0,0,0,0,0,0,0,0,0,0,0,0,0,0,8,0,0,0,0,0,0,0,0,0,0,0,0,0,7,0,0,0,0,0,0,0,0,0,0,0,0,0,0,0,0,0,8,0,166,0,0,0,174,0,23,0,229,0,0,0,25,0,10,0,10,0,0,0,0,0,9,0,0,0,0,0,0,0,0,0,0,0,0,0,0,0,0,0,0,0,0,0,0,0,0,0,0,0,26,0,7,0,55,0,10,0,14,0,36,0,70,0,96,0,228,0,9,3,41,0,100,0,55,0,10,0,16,0,79,0,27,2,0,0,0,0,0,0,6,0,54,0,0,0,0,0,19,0,10,0,5,0,0,2,0,0,0,0,77,18,0,0,11,0,0,0,0,0,0,0,37,0,4,0,0,0,27,0,41,0,0,0,17,0,0,0,72,0,66,2,20,0,4,0,1,0,0,0,0,0,0,0,0
0,0,0,0,0,0,0,0,0,0,0,0,0,1,0,0,0,0,0,0,0,7,0,0,0,0,0,0,0,0,0,2,0,0,0,0,0,0,0,0,0,0,0,0,0,0,0,0,0,0,0,4,0,0,0,0,0,0,0,0,0,0,0,0,5,0,0,0,0,2,0,94,0,0,0,303,0,78,0,67,0,15,0,32,0,17,0,129,0,0,0,0,0,2,0,11,0,2,0,0,0,0,0,0,0,0,0,0,0,0,0,0,0,0,0,0,0,0,0,0,0,109,0,51,0,64,4,98,0,24,0,0,0,63,0,135,0,145,0,77,0,80,0,128,0,41,0,0,0,29,0,30,0,0,0,0,0,0,0,8,0,8,0,35,0,1,0,0,0,9,0,8,0,4,0,5,0,0,0,0,0,0,0,0,0,4,0,0,0,0,0,0,0,0,0,0,0,11,0,0,0,39,0,86,0,0,0,48,0,71,0,0,0,0,0,0,0,0,32,0,13,0,0,0,0
0,0,4,0,0,0,0,0,0,0,0,0,0,0,13,0,0,0,0,0,43,0,0,0,0,0,28,0,0,0,23,0,4,0,17,0,34,0,9,0,0,0,25,0,31,0,0,0,0,0,14,0,0,0,0,0,0,0,0,0,3,0,0,0,0,0,0,0,0,0,217,0,174,0,0,0,13,0,191,0,43,0,35,0,61,0,83,0,0,0,0,0,9,0,8,0,23,0,16,0,0,0,0,0,0,0,6,0,0,0,0,0,0,0,0,0,0,0,0,0,74,0,50,0,29,0,6,0,0,6,52,0,0,0,105,0,147,0,25,13,137,14,252,0,75,0,20,0,41,0,24,0,0,0,0,0,5,0,0,0,8,0,31,0,0,0,12,0,6,0,16,0,34,0,36,0,0,0,0,0,52,16,0,0,0,0,0,0,0,0,0,0,0,0,0,0,0,0,0,0,64,0,0,0,9,0,9,0,0,0,69,0,5,0,5,0,0,0,0,0,0,0,0,0,0
0,0,0,0,0,14,0,0,0,0,0,0,0,0,0,0,0,0,0,0,0,7,0,0,0,0,0,0,0,0,0,0,0,0,0,0,0,0,0,0,0,0,0,8,0,0,0,0,0,0,0,10,0,0,0,0,0,0,0,2,0,0,0,0,5,28,0,0,0,0,0,82,0,303,0,0,0,13,0,143,0,34,0,0,0,39,0,71,0,0,0,0,0,0,0,18,0,0,0,0,0,0,0,0,0,0,0,0,0,0,0,0,0,0,1,0,0,0,0,0,0,186,0,55,0,73,0,115,7,0,0,51,0,71,0,155,0,232,0,52,0,136,0,317,0,153,0,45,0,72,0,30,0,31,0,0,0,0,0,2,3,18,0,65,0,0,0,12,0,27,0,26,0,13,0,0,0,0,0,0,13,68,0,0,0,0,0,0,0,0,0,0,0,0,0,0,0,0,0,0,0,20,0,0,0,0,0,0,0,112,0,0,0,0,0,0,0,0,40,0,0,0,0,0,0
0,0,0,0,0,0,1,0,0,0,0,0,0,0,0,0,0,0,0,0,0,0,0,0,0,0,0,0,0,0,0,0,0,0,0,0,0,0,0,0,0,0,0,0,0,0,0,0,0,0,0,0,0,0,1,0,0,0,0,0,0,0,0,0,0,0,0,0,54,0,5,0,23,0,13,0,0,0,46,0,6,0,52,0,29,0,26,0,0,0,0,0,110,0,20,0,28,0,0,0,29,0,36,0,0,0,61,0,7,0,0,0,0,0,14,0,7,0,0,0,22,0,0,0,0,0,0,0,0,0,0,0,0,0,0,0,0,0,0,0,0,0,0,0,2,0,0,0,0,0,0,5,0,0,1,0,0,0,0,0,0,0,3,0,5,0,0,0,40,0,4,0,0,0,5,0,0,0,0,0,0,0,0,0,0,0,0,0,132,0,0,0,0,0,0,0,0,0,0,0,0,0,0,0,0,0,0,0,0,0,110,0,48,0,0,80,10,0,2,0,0,0,0,0,0
0,0,0,0,0,0,0,0,0,0,0,0,0,0,0,0,0,8,0,0,0,11,0,9,0,0,0,0,0,0,0,0,0,0,0,0,0,0,0,0,0,0,0,0,0,0,0,0,0,0,0,0,0,0,0,0,0,6,0,2,0,0,0,0,0,0,0,0,0,35,0,12,0,78,0,13,0,0,0,14,0,62,0,190,0,31,0,164,0,9,0,0,0,35,0,59,0,0,0,7,0,14,0,47,0,0,0,8,0,2,0,0,0,0,0,0,0,0,0,0,0,34,0,13,0,9,0,0,0,0,0,0,0,0,0,0,0,0,0,0,0,5,0,0,0,0,0,0,0,0,0,0,0,0,0,0,0,0,0,0,0,0,0,9,0,8,0,0,0,81,0,0,0,0,0,0,0,0,0,0,0,0,0,0,0,0,0,0,0,0,0,7,0,0,0,40,0,0,0,0,0,0,0,0,0,67,0,0,0,0,0,0,0,0,5,0,0,0,47,5,135,2,9,0,0
0,0,0,0,0,0,0,0,0,0,0,0,0,0,0,0,0,0,0,0,65,0,0,0,0,0,0,0,0,0,0,0,0,0,0,0,14,0,0,0,0,0,0,0,0,0,0,0,3,0,0,0,0,0,0,0,0,0,1,0,0,0,0,0,0,0,0,0,14,0,197,0,229,0,191,0,46,0,0,0,15,0,85,1,61,0,128,0,0,0,0,0,42,0,7,0,44,0,0,0,8,0,9,0,0,0,37,0,0,0,0,0,0,0,0,0,0,0,0,0,115,0,22,0,20,0,13,0,0,0,0,0,0,0,117,0,84,0,12,5,69,0,173,0,30,0,7,0,0,0,18,0,0,0,0,0,0,0,0,0,0,0,24,0,3,0,0,0,34,0,6,0,0,0,0,2,0,0,0,0,0,0,0,0,0,0,0,0,155,0,0,0,0,0,62,0,0,0,0,0,164,0,0,0,63,0,0,0,0,0,175,0,27,0,11,17,1,0,0,0,0,0,0,0,0
