0,462,69,87,74,0,5,217,18,185,125,23,159,0,20,75,39,20,27,2,13,0,106,33,12,178,24,0,83,0,6,0,0,0,6,0,107,0,421,2,22,0,0,0,4,0,5,0,0,0,0,0,0,0,5,2,0,0,1,0,169,0,138,21,13,0,7,0,0,0,0,0,0,0,0,0,0,0,2,0,0,0,0,0,0,0,0,0,0,0,0,0,0,0,0,0,0,0,0,0,0,0,0,0,0,0,3,0,0,0,0,0,0,0,0,0,0,0,0,0,0,0,0,0,5,0,18,0,0,0,12,0,0,0,27,0,17,0,0,0,0,0,21,0,0,0,20,0,44,0,0,0,47,0,0,0,0,0,0,0,5,0,1,0,0,0,0,0,0,0,4,0,172,0,6,0,262,69,15,3,0,0,45,20,22,0,0,0,0,0,0,0,0,0,1,0,0,0,3,0,8,0,0,0,0,0,0,0,5,0,0,0,0,0,20,0,0,0,0,0,202,0,19,0,14,0,274,25,173,0,170,0,189,0,31,0,28,1,128,0,85,0,144,0,364,0,0,0,0
462,0,203,56,49,214,28,27,6,29,20,298,0,85,29,49,97,57,0,89,8,54,222,47,114,15,0,96,0,107,0,22,0,71,0,43,0,88,5,117,0,20,0,0,1,0,0,28,0,2,0,9,0,8,0,6,0,3,0,6,0,71,5,167,0,57,0,10,0,0,0,0,0,0,0,0,0,0,0,0,0,0,0,0,0,0,0,0,0,0,0,0,0,0,0,0,0,0,0,0,0,0,0,0,0,2,0,0,0,0,0,0,0,0,0,0,0,0,0,0,0,0,0,0,0,0,0,3,0,0,0,4,0,0,0,15,0,14,0,7,0,8,2,0,0,0,0,8,0,20,0,28,0,31,0,15,0,5,0,8,0,0,0,0,0,0,0,5,0,0,0,18,0,30,0,4,29,339,0,16,0,13,4,30,0,36,0,7,0,0,0,0,0,0,0,0,0,0,0,0,0,0,0,0,0,0,0,0,0,0,0,0,0,0,0,53,0,0,0,12,7,231,0,0,0,21,0,228,4,183,0,180,0,336,0,34,0,45,0,154,0,56,0,37,0,310,0,0,0
69,203,0,40,213,23,58,30,12,20,29,44,78,0,142,83,38,11,120,0,76,1,260,29,91,40,81,0,177,2,74,0,217,0,15,0,100,1,457,1,14,0,16,0,7,0,10,0,10,0,30,0,2,0,80,2,16,0,11,0,65,1,54,5,16,0,2,0,0,0,0,0,0,0,9,0,0,0,0,0,0,0,11,0,0,0,0,0,0,0,95,0,0,0,0,0,0,0,23,0,0,0,0,0,0,0,130,0,0,0,0,0,0,0,0,0,0,0,0,0,0,0,8,0,18,0,57,0,0,0,24,0,11,0,75,0,196,0,0,0,0,0,88,0,0,0,47,0,48,0,11,0,54,0,0,0,0,0,0,0,10,0,0,0,0,0,28,0,0,0,0,0,117,0,3,0,25,33,3,6,0,0,8,3,5,0,0,0,0,0,0,0,0,0,2,0,0,0,0,0,38,0,0,0,0,0,0,0,11,0,0,0,0,0,17,1,0,0,5,0,315,0,14,0,16,0,149,8,179,0,119,0,172,0,22,0,28,0,71,0,43,0,72,0,256,0,0,0,0
87,56,40,0,18,30,0,30,0,5,17,0,0,0,19,78,13,25,0,42,1,69,53,67,0,11,0,27,0,66,0,27,0,56,0,13,0,50,0,49,0,0,0,0,0,0,0,0,0,0,0,0,0,0,0,37,0,0,0,2,0,11,0,36,0,5,0,0,0,0,0,0,0,0,0,0,0,0,0,0,0,0,0,0,0,15,0,0,0,0,0,0,0,0,0,0,0,22,0,3,0,0,0,0,0,0,0,11,0,0,0,0,0,0,0,0,0,0,0,0,0,0,0,1,0,0,0,4,0,0,0,2,0,7,1,34,0,41,0,13,0,10,0,14,0,0,0,6,0,9,0,8,0,8,0,4,0,1,0,1,0,2,0,0,0,0,0,3,0,0,0,3,0,18,0,2,3,46,0,0,0,0,0,0,0,2,0,0,0,0,0,0,0,0,0,0,0,0,0,0,0,0,0,1,0,0,0,0,0,43,0,1,0,0,0,10,0,1,0,4,0,110,0,3,0,4,0,76,0,99,0,42,0,109,0,8,0,0,0,27,0,5,0,9,0,94,0,0,0
74,49,213,18,0,131,4,0,9,0,54,110,172,56,85,111,0,2,86,72,78,7,20,26,0,1,131,14,36,0,124,5,190,8,94,0,213,4,166,2,60,5,16,0,10,0,26,0,3,0,70,0,1,0,5,0,3,0,0,0,0,0,2,0,8,0,10,0,0,0,0,0,0,0,0,0,0,0,0,0,0,0,0,0,0,0,0,0,0,0,0,0,0,0,0,0,0,0,0,0,0,0,0,0,0,0,0,0,0,0,0,0,0,0,0,0,0,0,2,0,0,0,0,0,7,0,0,0,0,0,6,0,0,0,17,0,19,0,0,0,0,0,19,0,0,0,15,0,17,0,0,0,39,0,0,0,0,0,0,0,0,0,0,0,5,0,54,0,0,0,3,0,48,0,0,0,138,33,24,13,0,0,29,1,20,0,6,5,0,0,0,0,0,0,0,0,0,0,0,0,7,0,0,0,0,0,0,0,4,0,0,0,0,0,18,0,2,0,12,0,140,0,7,0,0,0,194,0,141,0,72,0,100,0,7,0,23,4,27,0,11,0,45,0,158,0,0,0,0
0,214,23,30,131,0,0,13,1,33,106,163,58,140,169,61,0,0,85,159,56,178,49,57,0,0,5,183,0,0,1,91,2,118,0,96,3,174,0,18,0,34,0,10,0,9,0,58,0,0,0,16,0,3,0,5,0,0,0,0,0,0,0,0,0,14,0,2,0,0,0,0,0,0,0,0,0,0,0,0,0,0,0,0,0,0,0,0,0,0,0,0,0,0,0,0,0,0,0,0,0,0,0,0,0,3,0,0,0,0,0,0,0,0,0,0,0,0,0,0,0,0,0,0,0,0,0,0,0,0,0,2,0,0,0,16,0,9,0,6,0,3,0,0,0,5,0,8,0,16,0,22,0,26,0,12,0,0,0,5,0,0,0,0,0,0,0,28,0,2,0,0,0,9,0,7,14,116,5,10,0,9,0,4,0,19,0,8,0,0,0,0,0,0,0,0,0,4,0,0,0,0,0,0,0,0,0,0,0,16,0,0,0,0,0,11,0,0,0,10,0,120,0,5,0,17,1,144,1,111,0,76,0,99,0,10,0,12,0,39,0,14,0,0,1,0,0,0,0
5,28,58,0,4,0,0,40,46,180,0,0,1,0,0,0,75,0,2,0,3,0,25,0,194,41,0,0,19,0,2,0,0,0,0,0,0,0,41,0,0,0,0,0,0,0,0,0,5,0,0,0,73,7,219,14,14,0,27,0,320,0,454,21,9,0,5,10,0,0,0,0,0,0,0,0,0,0,0,0,0,0,0,0,26,0,0,0,0,0,53,0,0,0,0,0,50,0,21,0,0,0,0,0,9,0,51,0,0,0,0,0,0,0,0,0,0,0,0,0,0,0,0,0,27,1,50,0,6,0,25,0,16,0,41,0,92,0,6,0,0,0,60,0,2,0,18,0,21,0,3,0,4,0,4,0,0,0,0,0,14,0,0,0,2,0,1,0,7,0,68,0,147,0,0,0,9,0,0,0,0,0,0,6,0,0,0,0,0,0,0,0,0,0,0,0,0,0,0,0,19,0,0,0,0,0,0,0,0,0,0,0,0,0,91,0,0,0,14,0,302,0,52,0,28,0,111,0,293,0,92,0,123,0,59,0,8,0,185,0,110,0,98,0,310,0,0,0,0
217,27,30,30,0,13,40,0,111,17,0,1,0,0,0,49,48,26,2,7,0,12,25,30,130,219,0,0,0,78,0,3,0,6,0,0,0,18,1,49,0,0,0,0,0,0,0,0,0,2,0,0,12,8,0,144,0,17,0,12,0,83,45,270,0,0,0,0,0,0,0,1,0,0,0,0,0,0,0,2,0,0,0,0,0,20,0,4,0,0,0,0,0,0,0,0,0,20,0,0,0,0,0,0,0,0,0,0,0,0,0,0,0,0,0,0,0,0,0,0,0,0,0,0,0,25,0,1,0,6,0,7,0,35,0,46,0,47,0,23,0,10,0,7,0,0,0,4,0,0,0,5,0,0,0,4,0,11,0,7,0,0,0,4,0,0,0,3,0,0,0,17,0,23,0,0,10,28,0,0,0,1,0,2,0,0,0,0,0,0,0,0,0,0,0,0,0,0,0,0,0,0,0,0,0,0,0,0,0,52,0,20,0,2,0,43,0,0,0,16,0,378,0,17,0,24,0,91,0,135,0,81,0,350,0,35,0,14,0,142,0,23,0,12,2,243,0,0,0
18,6,12,0,9,1,46,111,0,528,0,0,11,0,5,0,23,0,7,0,0,0,0,0,14,86,3,0,2,0,1,0,0,0,0,0,1,0,15,0,0,0,2,0,0,0,1,0,0,0,4,0,115,26,16,134,12,3,19,73,300,0,308,42,91,0,99,97,0,0,0,0,0,0,0,0,0,0,0,0,0,0,0,0,0,0,0,0,0,0,0,0,0,0,0,0,0,0,0,0,0,0,0,0,3,0,0,0,0,0,0,0,0,0,0,0,0,0,0,0,0,0,0,0,7,0,6,0,0,0,9,0,0,0,10,0,0,0,0,0,0,0,7,0,2,0,15,0,58,0,13,0,45,0,10,0,7,0,0,1,22,3,0,0,2,0,0,0,4,0,75,0,95,0,0,0,228,52,2,0,4,0,33,10,26,12,0,0,0,0,0,0,0,0,0,0,0,0,0,0,0,0,0,0,0,0,0,0,0,0,0,0,0,0,101,0,0,0,3,0,147,0,30,0,16,0,161,0,271,0,45,0,113,0,35,0,0,0,169,0,94,0,81,0,260,0,0,0,0
185,29,20,5,0,33,180,17,528,0,0,138,0,17,2,14,62,3,1,25,0,9,15,0,270,41,0,19,0,4,0,0,0,7,0,9,0,11,0,7,0,8,0,0,0,0,0,3,0,0,0,0,71,30,90,81,0,15,0,28,14,40,183,99,0,127,11,59,0,0,0,0,0,0,0,0,0,0,0,0,0,0,0,0,0,0,0,0,0,0,0,0,0,0,0,0,0,0,0,0,0,0,0,0,0,0,0,0,0,0,0,0,0,0,0,0,0,0,0,0,0,0,0,0,0,27,0,24,0,5,0,11,0,34,0,89,0,45,0,9,0,0,0,0,0,0,0,34,0,77,0,56,0,42,0,32,0,25,0,0,2,8,0,0,0,0,0,0,0,1,0,0,0,0,0,2,35,417,0,3,0,3,10,92,0,42,0,2,0,0,0,0,0,0,0,0,0,3,0,3,2,8,0,0,0,0,0,7,0,54,0,25,0,0,0,75,0,0,0,14,0,206,0,10,0,12,8,79,11,106,0,52,0,307,0,22,0,0,0,138,0,25,2,14,0,268,0,0,0
125,20,29,17,54,106,0,0,0,0,0,55,182,0,45,93,3,0,40,9,32,7,12,27,0,2,41,0,22,1,41,2,124,0,22,0,134,6,77,3,28,0,11,0,11,0,22,0,4,0,47,0,0,0,0,0,0,0,3,0,0,0,0,1,9,0,0,0,0,0,0,0,0,0,0,0,0,0,0,0,0,0,0,0,0,0,0,0,0,0,0,0,0,0,0,0,1,0,0,0,0,0,0,0,0,0,0,0,0,0,1,0,0,0,0,0,0,0,0,0,0,0,0,0,2,0,3,0,0,0,6,0,0,0,4,0,6,0,0,0,0,0,5,0,0,0,4,0,21,0,5,0,19,0,0,0,0,0,0,0,3,0,0,0,0,0,22,0,3,0,0,0,15,0,5,0,155,18,63,2,37,0,28,0,6,0,18,0,0,0,0,0,0,0,0,0,0,0,0,0,0,0,0,0,0,0,0,0,0,0,0,0,0,0,3,0,0,0,0,0,54,2,0,0,0,0,108,1,72,0,27,0,0,0,0,0,12,0,8,0,0,0,15,0,69,0,0,0,0
23,298,44,0,110,163,0,1,0,138,55,0,34,294,157,56,2,30,60,83,36,129,74,168,0,0,5,232,0,24,3,55,0,149,0,85,1,174,0,52,0,93,0,17,0,8,0,54,0,10,0,26,0,5,0,0,0,3,0,0,0,20,0,12,0,32,0,0,0,0,0,0,0,0,0,0,0,0,0,0,0,0,0,0,0,0,0,0,0,0,0,0,0,0,0,0,0,0,0,0,0,0,0,0,0,0,0,0,0,0,0,0,0,0,0,0,0,0,0,2,0,3,0,0,0,0,0,0,0,0,0,1,0,1,0,10,0,4,0,0,0,4,0,0,0,0,0,0,0,9,0,26,0,43,0,24,0,3,0,8,0,1,0,0,0,0,0,1,0,0,0,0,0,7,0,16,11,213,0,24,0,35,0,14,0,42,0,17,0,0,0,0,0,0,0,0,0,0,0,0,0,0,0,0,0,0,0,0,0,5,0,0,0,0,0,11,0,0,0,0,0,122,0,8,0,0,0,231,0,100,0,91,0,119,0,9,0,12,0,62,0,35,0,24,0,131,0,0,0
159,0,78,0,172,58,1,0,11,0,182,34,0,199,22,25,5,0,76,133,65,12,0,2,0,0,153,235,0,0,27,3,22,0,119,0,45,4,0,0,258,31,90,9,44,0,61,29,53,0,208,4,0,0,0,0,0,0,0,0,0,0,0,0,14,0,4,0,0,0,0,0,0,0,0,0,0,0,0,0,0,0,0,0,0,0,0,0,0,0,0,0,0,0,0,0,0,0,0,0,0,0,0,0,0,0,0,0,0,0,0,0,0,0,0,0,0,0,0,0,0,0,0,0,0,0,0,0,0,0,0,0,0,0,10,0,13,0,0,0,0,0,9,0,0,0,14,0,19,0,7,0,40,0,0,0,0,0,0,0,0,0,0,0,37,0,11,0,0,0,0,0,0,0,20,0,171,35,84,2,54,0,15,0,18,0,112,13,0,0,0,0,0,0,0,0,0,0,0,0,4,0,0,0,0,0,0,0,0,0,0,0,0,0,0,0,0,0,98,31,29,0,5,8,237,0,90,0,45,0,10,0,0,0,1,0,23,0,4,0,4,0,7,0,25,0,0,0,0
0,85,0,0,56,140,0,0,0,17,0,294,199,0,22,3,0,0,326,41,88,116,0,0,0,2,94,178,0,1,1,15,0,2,36,117,0,42,0,0,35,435,0,287,0,58,10,167,3,16,53,223,0,0,0,0,0,0,0,0,0,0,0,0,0,3,0,0,0,0,0,0,0,0,0,0,0,0,0,0,0,0,0,0,0,0,0,0,0,0,0,0,0,0,0,0,0,0,0,0,0,0,0,0,0,0,0,0,0,0,0,0,0,0,0,0,0,0,0,0,0,0,0,0,0,1,0,0,0,0,0,0,0,0,0,0,0,0,0,0,0,0,0,0,0,0,0,0,0,0,0,8,0,5,0,0,0,0,0,0,0,0,0,0,0,0,0,0,0,0,0,0,0,0,0,16,4,344,4,28,0,18,0,0,0,9,6,102,0,0,0,0,0,0,0,0,0,0,0,0,0,0,0,0,0,0,0,0,0,0,0,0,0,0,0,0,0,0,7,131,0,16,0,8,0,165,0,46,0,44,0,0,0,0,0,0,0,0,0,0,0,0,0,0,0,0,0,0,0
20,29,142,19,85,169,0,0,5,2,45,157,22,22,0,132,21,0,130,31,113,18,139,40,14,0,47,6,13,0,127,4,161,11,31,0,133,7,15,1,2,0,7,0,3,0,0,0,1,0,19,0,7,0,10,0,0,0,4,0,0,0,12,0,0,0,0,0,0,0,0,0,0,0,2,0,0,0,3,0,0,0,0,0,21,0,0,0,0,0,0,0,0,0,0,0,36,0,24,0,0,0,0,0,0,0,33,0,0,0,0,0,0,0,0,0,0,0,0,0,18,0,6,0,2,0,7,0,0,0,0,0,0,0,10,0,33,0,0,0,2,0,8,0,3,0,0,0,7,0,3,0,9,0,0,0,0,0,0,0,0,0,0,0,0,0,13,0,0,0,1,0,6,0,0,0,44,16,5,13,6,0,5,0,2,0,0,1,0,0,0,0,0,0,0,0,0,0,0,0,0,0,0,0,2,0,0,0,0,0,0,0,0,0,5,0,0,0,0,0,40,2,3,0,0,0,121,3,47,0,21,0,30,0,4,0,11,1,5,0,0,0,21,0,52,0,0,0,0
75,49,83,78,111,61,0,49,0,14,93,56,25,3,132,0,7,21,15,167,31,129,88,63,0,33,1,87,0,8,1,47,0,28,0,25,0,76,5,21,0,0,0,2,0,0,0,0,0,0,0,5,0,9,0,89,0,5,0,5,0,23,0,23,0,9,0,0,0,0,0,0,0,0,0,0,0,0,0,0,1,15,0,0,0,163,0,21,0,0,0,0,0,0,0,0,0,89,0,39,0,0,0,0,0,0,0,0,0,0,0,0,0,0,0,0,0,0,0,0,0,0,0,8,0,0,0,0,0,5,0,0,0,17,0,76,0,54,0,31,0,17,0,0,0,4,0,2,0,0,0,0,0,9,0,10,0,0,0,0,2,1,0,0,0,0,0,8,0,0,0,2,1,6,0,0,6,44,1,7,0,0,0,0,0,2,0,0,0,0,0,0,0,0,0,0,0,2,0,0,0,0,0,0,0,0,0,0,0,39,0,0,0,0,0,5,0,0,0,2,0,83,0,0,0,8,0,192,0,90,0,68,0,108,0,5,0,14,0,36,0,4,0,5,0,96,0,0,0
39,97,38,13,0,0,75,48,23,62,3,2,5,0,21,7,0,9,22,0,142,0,73,0,98,65,20,0,269,1,55,0,45,0,24,0,0,0,178,0,0,0,9,0,0,0,0,0,0,0,29,0,47,0,0,0,2,0,0,0,55,0,292,12,0,0,0,0,0,0,161,0,11,0,117,0,0,0,27,0,158,0,0,0,244,1,49,0,0,0,76,0,0,0,104,0,215,0,220,0,106,0,0,0,0,0,32,0,0,0,0,0,0,0,0,0,0,0,0,0,286,0,179,0,0,0,3,0,0,0,0,0,0,0,0,0,55,0,120,0,90,0,118,0,47,0,0,0,0,0,0,0,0,0,8,1,0,0,16,0,0,0,5,0,0,0,0,0,0,0,1,0,33,0,0,0,0,4,0,0,0,0,9,2,0,0,0,0,0,0,0,0,0,0,0,0,0,0,0,0,3,0,0,0,0,0,0,0,0,0,0,0,0,0,4,0,0,0,3,0,78,0,7,0,0,0,62,3,54,1,22,0,43,0,0,0,0,0,19,0,11,0,14,0,49,0,0,0,0
20,57,11,25,2,0,0,26,0,3,0,30,0,0,0,21,9,0,0,0,0,70,5,66,14,132,0,4,0,128,0,12,0,14,0,7,0,28,0,28,0,0,0,0,0,0,0,0,0,0,0,0,0,47,0,6,0,4,0,0,0,20,0,343,0,0,0,0,0,0,0,0,0,0,0,0,0,0,0,1,0,17,0,0,0,158,0,9,0,0,0,3,0,0,0,0,0,43,0,26,0,0,0,4,0,0,0,10,0,0,0,0,0,0,0,0,0,0,0,0,0,16,0,20,0,0,0,1,0,0,0,0,0,35,0,48,0,177,0,60,0,70,0,214,0,10,0,0,0,0,0,0,0,0,0,11,0,0,0,4,0,0,0,1,0,0,0,0,0,2,0,8,1,21,0,1,1,0,0,40,0,0,0,2,0,1,0,0,0,0,0,0,0,0,0,0,0,0,0,0,0,5,0,0,0,0,0,0,0,0,0,4,0,0,0,4,0,0,0,3,0,183,0,4,0,8,0,89,0,126,0,27,0,79,0,7,0,2,0,22,0,10,0,4,0,68,0,0,0
27,0,120,0,86,85,2,2,7,1,40,60,76,326,130,15,22,0,0,225,74,19,187,0,13,0,93,216,0,0,30,3,20,2,211,14,40,8,0,0,46,37,34,13,13,14,36,21,11,0,261,10,4,0,5,0,0,0,2,0,0,0,10,0,0,0,0,0,0,0,24,0,0,0,13,0,0,0,0,0,0,0,0,0,0,0,0,0,0,0,0,0,0,0,0,0,0,0,12,0,0,0,0,0,0,0,0,0,0,0,0,0,0,0,0,0,0,0,0,0,0,0,0,0,0,0,0,0,0,0,2,0,0,0,10,0,0,0,0,0,0,0,0,0,10,0,0,0,11,0,2,1,23,0,0,0,0,0,0,0,1,0,0,0,91,0,13,0,16,0,0,0,9,0,4,0,42,28,18,4,7,0,15,0,7,0,14,21,0,0,0,0,0,0,0,0,0,0,0,0,0,0,0,0,0,0,0,0,0,0,0,0,0,0,0,0,0,0,40,20,36,0,0,0,243,0,105,0,49,0,0,0,0,0,0,0,14,0,4,0,2,0,0,0,42,0,0,0,0
2,89,0,42,72,159,0,7,0,25,9,83,133,41,31,167,0,0,225,0,59,128,0,37,0,16,33,195,0,1,0,38,0,9,14,110,0,64,0,0,7,21,0,18,0,14,6,38,1,0,24,59,0,0,0,8,0,0,0,0,0,1,0,2,0,10,0,0,0,0,0,0,0,0,0,0,0,1,0,0,0,0,0,0,0,0,0,0,0,0,0,0,0,0,0,0,0,0,0,0,0,0,0,0,0,0,0,0,0,0,0,0,0,0,0,0,0,0,0,0,0,9,0,0,0,1,0,0,0,0,0,0,0,0,0,4,0,7,0,0,0,0,0,3,0,0,0,0,0,8,0,11,0,17,0,10,0,3,0,6,0,0,0,0,0,0,0,33,0,0,0,0,0,3,0,7,5,45,4,4,0,7,0,0,0,16,0,12,0,0,0,0,0,0,0,0,0,0,0,0,0,0,0,0,0,0,0,0,0,13,0,0,0,0,0,0,0,0,0,64,0,63,0,0,0,128,0,153,0,78,0,47,0,63,0,2,0,12,0,16,0,3,0,5,0,37,0,0,0
13,8,76,1,78,56,3,0,0,0,32,36,65,88,113,31,142,0,74,59,0,11,245,0,25,1,34,30,77,0,31,0,45,0,44,9,22,3,11,0,0,0,14,0,5,4,0,0,2,0,74,0,0,0,0,0,0,0,0,0,0,0,56,0,0,0,1,0,0,0,110,0,0,0,34,0,0,0,0,0,63,0,0,0,40,0,26,0,0,0,0,0,0,0,68,0,47,0,51,0,0,0,0,0,0,0,0,0,0,0,0,0,0,0,0,0,0,0,0,0,132,0,0,0,0,0,0,0,0,0,0,0,0,0,0,0,0,0,0,0,20,0,0,0,32,0,0,0,4,0,0,1,0,0,0,0,0,0,0,0,0,0,9,0,29,0,65,0,11,0,0,0,39,0,0,0,11,7,3,4,0,0,3,0,0,0,1,8,0,0,0,0,0,0,0,0,0,0,0,0,0,0,0,0,0,0,0,0,0,0,0,0,0,0,5,0,0,0,16,0,96,0,0,1,86,0,245,0,130,0,73,0,85,0,0,0,32,0,13,0,14,0,28,0,110,0,0,0,0
0,54,1,69,7,178,0,12,0,9,7,129,12,116,18,129,0,70,19,128,11,0,0,149,0,90,4,164,0,10,0,29,0,5,2,42,0,28,0,0,0,0,0,54,0,13,0,0,0,4,0,67,0,0,0,15,0,0,0,0,0,0,0,33,0,0,0,0,0,0,0,13,0,0,0,0,0,0,0,0,0,0,0,0,0,178,0,33,0,0,0,0,0,0,0,0,0,0,0,48,0,0,0,0,0,0,0,0,0,0,0,0,0,0,0,0,0,0,0,0,0,59,0,58,0,0,0,0,0,0,0,0,0,0,0,0,0,45,0,38,0,66,0,194,0,83,0,4,0,4,0,0,0,8,0,8,0,2,0,0,2,0,0,0,0,8,0,32,0,12,0,0,0,4,0,3,0,16,0,21,0,9,0,1,0,8,0,2,0,0,0,0,0,0,0,1,0,0,0,0,0,0,0,0,0,0,0,0,0,0,0,0,0,0,0,0,0,0,0,58,0,59,0,5,0,71,0,94,0,77,0,52,0,42,0,0,0,12,0,14,0,0,0,3,0,41,0,0,0
106,222,260,53,20,49,25,25,0,15,12,74,0,0,139,88,73,5,187,0,245,0,0,41,27,34,50,0,111,2,44,0,27,0,32,0,20,4,145,3,0,0,34,0,25,0,0,0,8,0,75,0,0,0,52,0,0,0,0,0,10,2,50,4,1,0,0,0,0,0,12,0,0,0,12,0,0,0,0,0,26,0,0,0,97,0,12,0,31,0,105,0,0,0,0,0,155,0,54,0,0,0,0,0,0,0,63,0,0,0,0,0,0,0,0,0,0,0,0,0,55,0,48,0,0,0,0,0,0,0,0,0,0,0,0,0,36,0,0,0,13,0,34,0,1,0,0,0,2,0,6,0,0,0,0,0,1,0,0,0,0,0,0,0,0,0,0,0,4,0,0,0,19,0,0,0,16,15,0,6,0,0,5,0,2,0,0,0,0,0,0,0,0,0,0,0,0,0,0,0,0,0,0,0,0,0,0,0,0,1,0,0,0,0,0,0,0,0,5,0,63,0,0,0,12,0,118,18,55,0,24,0,52,0,0,0,8,0,0,0,7,0,14,0,74,1,0,0,0
33,47,29,67,26,57,0,30,0,0,27,168,2,0,40,63,0,66,0,37,0,149,41,0,0,13,0,36,0,38,1,53,0,40,0,9,0,58,0,23,0,0,0,0,0,0,0,0,0,1,0,7,0,36,0,28,0,5,0,0,0,3,0,117,2,3,0,0,0,0,0,4,0,0,0,2,0,0,0,0,0,32,0,0,0,290,0,32,0,14,0,3,0,0,0,0,0,138,0,61,0,1,0,0,0,0,1,34,0,0,0,0,0,0,0,0,0,0,0,0,0,51,0,20,0,0,0,0,0,0,0,0,0,29,0,74,0,103,0,51,0,35,1,158,2,8,0,0,0,0,0,4,0,2,0,9,0,2,0,3,0,0,0,1,0,0,0,19,0,0,0,7,0,20,0,0,0,7,0,72,0,0,0,0,0,0,0,0,0,0,0,0,0,0,0,0,0,0,0,0,0,10,0,0,0,0,0,0,0,0,0,0,0,0,0,0,0,0,0,0,0,139,0,0,0,0,0,307,1,99,0,66,0,142,0,11,0,17,0,57,0,15,0,18,0,135,0,0,0
12,114,91,0,0,0,194,130,14,270,0,0,0,0,14,0,98,14,13,0,25,0,27,0,0,127,0,0,81,2,7,0,0,0,0,0,1,0,34,0,2,0,7,0,0,0,0,0,0,0,0,0,68,5,109,10,4,0,0,0,36,0,114,40,0,0,0,1,0,0,0,0,0,0,20,0,0,0,0,0,43,0,0,0,253,0,0,0,74,0,253,0,0,0,0,0,361,0,95,0,0,0,0,0,25,0,177,0,0,0,0,0,0,0,0,0,0,0,0,0,53,0,128,0,0,2,12,0,9,0,0,2,14,0,20,0,149,0,69,0,51,1,123,2,0,0,7,0,0,0,0,0,0,0,18,0,0,0,30,0,0,0,0,0,2,0,1,0,0,0,3,0,32,0,0,0,4,7,0,0,0,0,2,9,0,0,0,0,0,0,0,0,0,0,0,0,0,0,0,0,17,0,0,0,0,0,0,0,0,0,0,0,0,0,11,0,0,0,0,0,46,0,14,0,0,0,39,3,56,0,21,0,49,0,0,0,2,0,23,0,15,0,22,0,63,0,0,0,0
178,15,40,11,1,0,41,219,86,41,2,0,0,2,0,33,65,132,0,16,1,90,34,13,127,0,0,0,0,148,0,10,0,27,0,7,0,14,4,75,0,0,0,0,0,1,0,0,0,0,0,0,0,28,0,114,0,40,0,0,7,54,18,215,0,0,0,0,0,0,0,0,0,0,0,0,0,0,0,0,0,0,0,0,0,99,0,8,0,0,0,0,0,1,0,0,0,104,0,17,0,0,0,0,0,0,0,36,0,0,0,0,0,0,0,0,0,0,0,0,0,4,0,0,0,0,0,3,0,12,0,0,0,46,0,98,0,66,0,52,0,19,0,52,0,0,0,2,0,0,0,0,0,2,0,16,0,17,0,7,0,5,0,0,0,0,0,0,0,5,0,14,0,28,0,0,6,0,0,2,0,0,0,7,0,0,0,0,0,0,0,0,0,0,0,0,0,0,0,0,0,0,0,0,0,0,0,0,0,25,0,15,0,0,0,57,0,0,0,13,0,307,0,13,0,13,0,219,0,150,0,84,0,261,0,24,0,0,0,103,0,21,0,14,0,230,0,0,0
24,0,81,0,131,5,0,0,3,0,41,5,153,94,47,1,20,0,93,33,34,4,50,0,0,0,0,172,19,0,20,0,12,0,51,0,14,0,6,0,55,76,227,9,99,24,44,35,30,0,300,12,0,0,3,0,0,0,0,0,0,0,12,0,6,0,0,0,0,0,16,0,0,0,0,0,0,0,0,0,0,0,0,0,0,0,0,0,0,0,0,0,7,0,0,0,0,0,0,0,0,0,0,0,0,0,0,0,0,0,0,0,0,0,0,0,0,0,0,0,39,0,0,0,0,0,0,0,0,0,0,0,0,0,0,0,0,0,5,0,8,0,0,0,10,0,0,0,0,0,0,0,8,0,0,0,0,0,0,0,7,0,5,0,89,0,0,0,14,0,0,0,0,0,0,0,28,21,20,0,6,0,5,0,4,0,34,4,0,0,0,0,0,0,0,0,0,0,0,0,0,0,0,0,0,0,0,0,1,0,0,0,0,0,0,0,0,0,200,37,0,0,19,12,226,0,16,0,12,0,0,0,0,0,0,0,0,0,0,0,0,0,0,0,0,0,0,0,0
0,96,0,27,14,183,0,0,0,19,0,232,235,178,6,87,0,4,216,195,30,164,0,36,0,0,172,0,0,0,0,9,0,2,48,36,0,17,0,0,124,56,72,266,20,97,0,39,0,12,117,128,0,0,0,7,0,0,0,0,0,2,0,0,0,13,0,2,0,2,0,11,0,0,0,0,0,0,0,0,0,0,0,0,0,78,0,17,0,0,0,0,0,0,0,0,0,15,0,0,0,0,0,0,0,0,0,4,0,0,0,0,0,0,0,0,0,0,0,0,0,37,0,0,0,5,0,0,0,0,0,0,0,0,0,0,0,0,0,10,0,12,0,34,0,0,0,3,0,10,0,17,0,19,0,0,0,0,0,4,0,0,0,0,0,38,0,7,0,10,0,0,0,5,0,17,1,174,4,11,0,25,0,0,0,20,8,59,0,0,0,0,0,0,0,0,0,0,0,0,0,0,0,0,0,0,0,0,0,0,0,0,0,0,0,0,0,0,5,469,0,9,0,23,0,292,0,42,0,60,0,12,0,26,0,3,0,7,0,0,0,0,0,2,0,0,0,0,0
83,0,177,0,36,0,19,0,2,0,22,0,0,0,13,0,269,0,0,0,77,0,111,0,81,0,19,0,0,0,39,0,49,0,39,0,89,0,18,0,0,0,55,0,0,0,0,0,1,0,75,0,9,0,2,0,2,0,0,0,10,0,64,0,0,0,0,0,1,0,136,0,0,0,33,0,0,0,5,0,58,0,0,0,0,0,0,0,40,0,0,0,0,0,66,0,30,0,50,0,34,0,0,0,0,0,0,0,0,0,0,0,0,0,0,0,0,0,0,0,161,0,34,0,0,0,0,0,0,0,0,0,0,0,0,0,0,0,96,0,112,0,43,0,113,0,2,0,1,0,0,0,0,0,19,0,0,0,7,0,3,0,0,0,2,0,4,0,0,0,0,0,11,0,0,0,3,0,0,0,0,0,2,0,0,0,0,0,0,0,0,0,0,0,0,0,0,0,0,0,0,0,0,0,0,0,0,0,0,0,0,0,0,0,0,0,0,0,0,0,32,0,0,0,3,0,47,0,28,0,0,0,29,0,0,0,0,0,0,0,0,0,6,0,26,0,0,0,0
0,107,2,66,0,0,0,78,0,4,1,24,0,1,0,8,1,128,0,1,0,10,2,38,2,148,0,0,0,0,0,2,0,7,0,2,0,1,0,11,0,0,0,2,0,0,0,0,0,0,0,1,0,0,0,0,0,0,0,0,0,1,0,53,0,0,0,0,0,0,0,8,0,0,0,0,0,0,0,0,0,3,0,0,0,36,0,0,0,0,0,0,0,0,0,0,0,0,0,11,0,0,0,0,0,0,0,0,0,0,0,0,0,0,0,0,0,0,0,0,0,0,0,17,0,0,0,0,0,0,0,0,0,16,0,9,0,136,0,166,0,186,0,208,0,105,0,0,0,2,0,3,0,0,0,12,0,10,0,5,0,0,0,0,0,0,0,0,0,0,0,0,0,8,0,0,0,0,0,21,0,0,0,10,0,0,0,0,0,0,0,0,0,0,0,0,0,0,0,0,0,0,0,0,0,0,0,0,0,6,0,0,0,0,0,0,0,0,0,3,0,14,0,0,0,0,0,12,0,8,0,3,0,12,0,0,0,0,0,0,0,0,0,0,0,7,0,0,0
6,0,74,0,124,1,2,0,1,0,41,3,27,1,127,1,55,0,30,0,31,0,44,1,7,0,20,0,39,0,0,1,16,0,42,0,26,0,6,0,0,0,82,0,4,0,0,0,0,0,80,0,2,0,0,0,0,0,0,0,0,0,16,0,1,0,1,0,0,0,19,0,0,0,0,0,0,0,0,0,10,0,0,0,0,0,6,0,0,0,0,0,0,0,0,0,0,0,0,0,0,0,0,0,0,0,0,0,0,0,0,0,0,0,0,0,0,0,0,0,40,0,0,0,0,0,0,0,0,0,0,0,0,0,0,0,0,0,0,0,0,0,6,0,5,0,0,0,0,0,0,0,0,0,0,0,0,0,0,0,0,0,0,0,5,0,57,0,0,0,0,0,17,0,0,0,4,0,2,0,0,0,2,0,0,0,0,0,0,0,0,0,0,0,0,0,0,0,0,0,0,0,0,0,0,0,0,0,0,0,0,0,0,0,0,0,0,0,0,0,47,0,0,0,11,0,60,0,64,0,0,0,0,0,0,0,9,0,7,0,0,0,14,0,43,0,0,0,0
0,22,0,27,5,91,0,3,0,0,2,55,3,15,4,47,0,12,3,38,0,29,0,53,0,10,0,9,0,2,1,0,0,1,1,16,0,8,0,0,0,0,0,42,0,11,0,0,0,3,0,31,0,3,0,0,0,0,0,0,0,2,0,8,0,3,0,0,0,0,0,6,0,4,0,0,0,0,0,0,0,0,0,0,0,62,0,0,0,0,0,0,0,0,0,0,0,13,0,22,0,0,0,0,0,0,0,0,0,0,0,0,0,0,0,0,0,0,0,0,0,21,0,17,0,0,0,0,0,0,0,0,0,0,0,0,0,16,0,12,0,27,0,61,0,28,0,0,0,1,0,3,0,3,0,0,0,0,0,0,0,0,0,0,0,2,0,17,0,0,0,0,0,0,0,0,0,2,0,19,0,0,0,0,0,3,0,0,0,0,0,0,0,0,0,0,0,0,0,0,0,0,0,0,0,0,0,0,0,0,0,0,0,0,0,0,0,0,0,0,0,29,0,0,0,12,0,48,0,30,0,0,0,22,0,1,0,6,0,2,0,0,0,0,0,0,0,0,0
0,0,217,0,190,2,0,0,0,0,124,0,22,0,161,0,45,0,20,0,45,0,27,0,0,0,12,0,49,0,16,0,0,0,38,0,128,0,1,0,0,0,26,0,5,0,0,0,0,0,38,0,0,0,0,0,0,0,0,0,4,0,5,0,0,0,1,0,0,0,30,0,0,0,0,0,0,0,0,0,16,0,0,0,0,0,0,0,0,0,0,0,0,0,0,0,0,0,0,0,0,0,0,0,0,0,0,0,0,0,0,0,0,0,0,0,0,0,0,0,0,0,0,0,0,0,0,0,0,0,0,0,0,0,0,0,0,0,19,0,20,0,0,0,33,0,6,0,3,0,0,0,0,0,1,0,0,0,1,0,3,0,0,0,0,0,90,0,0,0,0,0,13,0,0,0,6,0,0,0,0,0,4,0,0,0,0,0,0,0,0,0,0,0,0,0,0,0,0,0,0,0,0,0,0,0,0,0,0,0,0,0,0,0,0,0,0,0,0,0,64,0,2,0,0,0,62,0,83,0,28,0,0,0,5,0,0,0,0,0,2,0,18,0,46,0,0,0,0
0,71,0,56,8,118,0,6,0,7,0,149,0,2,11,28,0,14,2,9,0,5,0,40,0,27,0,2,0,7,0,1,0,0,0,9,0,29,0,0,0,0,0,1,0,0,0,0,0,0,0,1,0,1,0,8,0,0,0,0,0,1,0,0,0,5,0,0,0,0,0,0,0,0,0,0,0,0,0,0,0,16,0,0,0,57,0,0,0,0,0,0,0,0,0,0,0,0,0,15,0,0,0,0,0,0,0,0,0,0,0,0,0,0,0,0,0,0,0,0,0,25,0,29,0,0,0,0,0,0,0,0,0,0,0,8,0,11,0,10,0,20,0,70,0,30,0,0,0,3,0,0,0,0,0,2,0,0,0,0,0,0,0,0,0,0,0,11,0,0,0,0,0,5,0,0,0,4,0,50,0,0,0,0,0,0,0,0,0,0,0,0,0,0,0,0,0,0,0,0,0,0,0,0,0,0,0,0,0,0,0,0,0,0,0,0,0,0,0,0,0,48,0,0,0,0,0,61,0,37,0,22,0,24,0,0,0,0,0,11,0,0,0,6,0,25,0,0,0
6,0,15,0,94,0,0,0,0,0,22,0,119,36,31,0,24,0,211,14,44,2,32,0,0,0,51,48,39,0,42,1,38,0,0,0,58,0,9,0,6,6,21,2,16,0,0,8,0,0,89,0,0,0,0,0,3,0,0,0,1,0,0,0,0,0,0,0,0,0,34,0,0,0,16,0,0,0,0,0,10,0,0,0,0,0,16,0,0,0,0,0,0,0,0,0,0,0,16,0,0,0,0,0,0,0,0,0,0,0,0,0,0,0,0,0,0,0,0,0,0,0,0,0,0,0,0,0,0,0,0,0,0,0,0,0,0,0,0,0,0,0,0,0,16,0,0,0,1,0,0,0,0,0,0,0,0,0,0,0,0,0,0,0,27,0,17,0,0,0,9,0,8,0,0,0,0,2,0,0,0,0,0,0,0,0,9,3,0,0,0,0,0,0,0,0,0,0,0,0,0,0,0,0,1,0,0,0,0,0,0,0,0,0,2,0,0,0,21,18,13,0,0,0,81,0,56,0,38,0,0,0,10,0,0,0,12,0,2,0,0,0,0,0,0,0,0,0,0
0,43,0,13,0,96,0,0,0,9,0,85,0,117,0,25,0,7,14,110,9,42,0,9,0,7,0,36,0,2,0,16,0,9,0,0,0,111,0,4,0,0,0,30,0,21,0,2,0,3,0,57,0,4,0,4,0,0,0,0,0,7,0,0,0,0,0,0,0,0,0,19,0,0,0,0,0,0,0,0,0,20,0,0,0,61,0,0,0,0,0,0,0,0,0,0,0,0,0,24,0,0,0,0,0,0,0,0,0,0,0,0,0,0,0,0,0,0,0,1,0,45,0,47,0,0,0,0,0,0,0,0,0,0,0,0,0,0,0,0,0,33,0,55,0,56,0,0,0,0,0,10,0,0,0,0,0,0,0,0,0,0,0,1,0,14,0,34,0,0,0,1,0,4,0,7,0,33,0,20,0,21,0,0,0,2,0,10,0,0,0,0,0,0,0,0,0,0,0,0,0,0,0,0,0,0,0,0,0,0,0,0,0,0,0,0,0,1,0,39,0,61,0,3,0,109,0,59,0,92,0,38,0,0,0,2,0,0,0,10,0,4,0,0,0,0,0,0,0
107,0,100,0,213,3,0,0,1,0,134,1,45,0,133,0,0,0,40,0,22,0,20,0,1,0,14,0,89,0,26,0,128,0,58,0,0,0,9,0,5,0,54,0,24,0,1,0,0,0,151,0,1,0,0,0,7,0,0,0,16,0,0,0,0,0,0,0,0,0,79,0,5,0,20,0,0,0,0,0,0,0,0,0,0,0,13,0,0,0,0,0,0,0,46,0,12,0,0,0,0,0,0,0,0,0,0,0,0,0,0,0,0,0,0,0,0,0,0,0,75,0,11,0,0,0,0,0,0,0,0,0,0,0,10,0,18,0,39,0,41,0,20,0,104,0,0,0,10,0,0,0,8,0,0,0,11,0,0,0,8,0,34,0,17,0,52,0,0,0,29,0,46,0,0,0,6,0,3,0,2,0,19,0,0,0,1,0,0,0,0,0,0,0,0,0,0,0,0,0,0,0,0,0,0,0,0,0,2,0,0,0,0,0,3,0,0,0,10,0,81,0,0,0,36,0,49,0,119,0,10,0,25,0,4,0,11,2,2,0,0,0,8,0,26,0,0,0,0
0,88,1,50,4,174,0,18,0,11,6,174,4,42,7,76,0,28,8,64,3,28,4,58,0,14,0,17,0,1,0,8,0,29,0,111,0,0,0,4,0,0,0,17,0,12,0,0,0,6,0,39,0,0,0,0,0,0,0,0,0,16,0,8,0,0,0,0,0,0,0,24,0,5,0,8,0,8,0,2,0,32,0,0,0,77,0,35,0,0,0,0,0,0,0,0,0,0,0,31,0,0,0,0,0,0,0,0,0,0,0,0,0,0,0,0,0,0,0,0,0,53,0,59,0,0,0,0,0,0,0,2,0,0,0,0,0,19,0,27,0,72,0,114,0,133,0,4,0,0,0,0,0,0,0,5,0,11,0,12,0,0,0,2,0,2,0,25,0,4,0,4,0,9,0,0,0,11,0,100,0,0,0,0,0,0,0,17,0,0,0,0,0,0,0,0,0,0,0,0,0,0,0,0,0,0,0,0,0,0,0,0,0,0,0,0,0,1,0,21,0,94,0,3,0,73,0,82,0,104,0,36,0,47,0,2,0,0,0,0,0,0,0,0,0,42,0,0,0
421,5,457,0,166,0,41,1,15,0,77,0,0,0,15,5,178,0,0,0,11,0,145,0,34,4,6,0,18,0,6,0,1,0,9,0,9,0,0,0,0,0,0,0,2,0,0,0,0,0,21,0,2,0,0,2,0,0,0,0,14,0,10,0,4,0,0,0,0,0,39,0,0,0,7,0,0,0,0,0,17,0,0,0,0,0,11,0,0,0,0,0,0,0,0,0,0,0,15,0,16,0,0,0,0,0,0,0,0,0,0,0,0,0,0,0,0,0,0,0,41,0,0,0,0,0,0,0,0,0,0,0,0,0,0,0,0,0,31,0,41,0,0,0,50,0,0,0,0,0,0,0,2,0,3,0,6,0,3,0,0,0,0,0,0,0,15,0,0,0,6,0,38,0,0,0,28,2,3,0,0,0,52,0,3,0,0,0,0,0,0,0,0,0,0,0,0,0,0,0,0,0,0,0,0,0,0,0,2,0,0,0,0,0,2,0,0,0,0,0,62,0,2,0,0,0,31,0,40,0,0,0,0,0,0,0,0,0,3,0,5,0,0,0,25,0,0,0,0
2,117,1,49,2,18,0,49,0,7,3,52,0,0,1,21,0,28,0,0,0,0,3,23,0,75,0,0,0,11,0,0,0,0,0,4,0,4,0,0,0,0,0,0,0,0,0,0,0,0,0,0,0,2,0,0,0,0,0,0,0,7,0,9,0,0,0,0,0,0,0,0,0,0,0,0,0,0,0,0,0,0,0,0,0,0,0,0,0,0,0,0,0,0,0,0,0,0,0,0,0,0,0,0,0,0,0,0,0,0,0,0,0,0,0,0,0,0,0,0,0,4,0,2,0,0,0,0,0,0,0,0,0,0,0,3,0,10,0,19,0,28,0,10,0,11,0,0,0,0,0,0,0,2,0,1,0,21,0,0,0,0,0,0,0,0,0,0,0,0,0,0,0,10,0,1,0,3,0,31,0,0,0,4,0,0,0,0,0,0,0,0,0,0,0,0,0,0,0,0,0,0,0,0,0,0,0,0,0,0,0,2,0,0,0,0,0,0,0,0,0,5,0,1,0,0,0,63,0,9,0,0,0,3,0,0,0,0,0,0,0,0,0,0,0,4,0,0,0
22,0,14,0,60,0,0,0,0,0,28,0,258,35,2,0,0,0,46,7,0,0,0,0,2,0,55,124,0,0,0,0,0,0,6,0,5,0,0,0,0,81,100,8,63,32,24,70,74,2,35,13,0,0,0,0,0,0,0,0,0,0,0,0,0,0,0,0,0,0,0,0,0,0,0,0,0,0,0,0,0,0,0,0,0,0,1,0,0,0,0,0,0,0,0,0,0,0,0,0,0,0,0,0,0,0,0,0,0,0,0,0,0,0,0,0,0,0,0,0,0,0,0,0,0,0,0,0,0,0,0,0,0,0,0,0,0,0,0,0,0,0,2,0,0,0,3,0,0,0,0,0,0,0,0,0,0,0,0,0,0,0,0,0,21,0,0,0,0,0,0,0,0,0,2,0,17,39,11,0,10,0,4,0,0,0,148,4,0,0,0,0,0,0,0,0,0,0,0,0,1,0,0,0,0,0,0,0,0,0,0,0,0,0,0,0,0,0,392,73,0,0,107,76,67,0,0,0,0,0,0,0,0,0,1,0,0,0,0,0,0,0,0,0,0,0,0,0,0
0,20,0,0,5,34,0,0,0,8,0,93,31,435,0,0,0,0,37,21,0,0,0,0,0,0,76,56,0,0,0,0,0,0,6,0,0,0,0,0,81,0,44,81,25,133,32,130,3,64,21,69,0,0,0,0,0,0,0,0,0,0,0,0,0,1,0,0,0,2,0,0,0,0,0,0,0,0,0,0,0,2,0,4,0,0,0,0,0,0,0,0,0,0,0,0,0,0,0,0,0,0,0,0,0,0,0,0,0,0,0,0,0,0,0,0,0,0,0,0,0,0,0,0,0,0,0,0,0,0,0,0,0,0,0,1,0,0,0,0,0,0,0,0,0,0,0,0,0,0,0,0,0,3,0,0,0,0,0,0,0,0,0,0,0,36,0,0,0,13,0,0,0,0,0,8,0,123,0,7,0,20,0,2,0,9,11,20,0,0,0,0,0,0,0,0,0,0,0,0,0,0,0,0,0,0,0,0,0,0,0,0,0,0,0,0,0,1,59,180,0,0,2,317,1,4,0,0,0,0,0,0,0,0,0,1,0,0,0,0,0,0,0,0,0,0,0,0,0
0,0,16,0,16,0,0,0,2,0,11,0,90,0,7,0,9,0,34,0,14,0,34,0,7,0,227,72,55,0,82,0,26,0,21,0,54,0,0,0,100,44,0,4,144,11,63,0,32,0,171,3,0,0,0,0,0,0,0,0,0,0,9,0,0,0,0,0,0,0,23,0,0,0,0,0,0,0,0,0,0,0,0,0,0,0,0,0,0,0,0,0,0,0,23,0,0,0,0,0,0,0,0,0,0,0,0,0,0,0,0,0,0,0,0,0,0,0,0,0,0,0,0,0,0,0,0,0,0,0,0,0,0,0,0,0,3,0,0,0,0,0,0,0,0,0,0,0,0,0,1,0,0,0,0,0,2,0,0,0,0,0,6,0,53,0,10,0,0,1,2,0,0,0,0,0,12,0,27,0,0,0,0,0,0,0,164,0,0,0,0,0,0,0,0,0,0,0,0,0,0,0,0,0,0,0,0,0,0,0,0,0,0,0,0,0,0,0,209,26,15,0,26,11,82,0,13,0,22,0,0,0,0,0,0,0,0,0,1,0,0,0,0,0,12,0,0,0,0
0,0,0,0,0,10,0,0,0,0,0,17,9,287,0,2,0,0,13,18,0,54,0,0,0,0,9,266,0,2,0,42,0,1,2,30,0,17,0,0,8,81,4,0,1,61,0,29,0,15,6,49,0,0,0,0,0,0,0,0,0,2,0,0,0,0,0,0,0,0,0,6,0,0,0,0,0,0,0,0,0,0,0,0,0,0,0,4,0,0,0,0,0,0,0,1,0,0,0,0,0,0,0,0,0,0,0,0,0,0,0,0,0,0,0,0,0,0,0,0,0,0,0,0,0,0,0,0,0,0,0,0,0,0,0,0,0,0,0,3,0,6,0,0,0,0,0,0,0,0,0,0,0,0,0,0,0,0,0,0,0,0,0,0,0,14,0,6,0,4,0,0,0,2,0,0,0,43,0,5,0,0,0,0,0,3,0,42,0,0,0,0,0,0,0,0,0,0,0,0,0,0,0,0,0,0,0,0,0,0,0,0,0,0,0,0,0,0,0,160,0,7,0,13,0,110,0,15,0,26,0,0,0,0,0,2,0,0,0,0,0,0,0,0,0,0,0,0,0
4,1,7,0,10,0,0,0,0,0,11,0,44,0,3,0,0,0,13,0,5,0,25,0,0,0,99,20,0,0,4,0,5,0,16,0,24,0,2,0,63,25,144,1,0,6,108,16,118,6,88,5,0,0,0,0,0,0,0,0,2,0,0,0,0,0,1,0,0,0,18,0,0,0,6,0,1,0,0,0,7,0,9,0,0,0,5,0,0,0,0,0,0,0,22,0,0,0,16,0,0,0,12,0,13,0,0,0,0,0,0,0,0,0,0,0,0,0,0,0,15,0,0,0,0,0,0,0,0,0,0,0,0,0,0,0,0,0,1,0,4,0,0,0,0,0,0,0,0,0,0,0,0,0,0,0,0,0,0,0,2,0,0,0,105,0,0,0,10,0,0,0,0,0,2,0,16,16,18,0,2,0,0,0,2,0,97,0,0,0,0,0,0,0,9,0,0,0,0,0,0,0,0,0,0,0,0,0,1,0,0,0,0,0,0,0,9,0,234,0,3,0,165,30,93,0,3,0,26,0,0,0,4,0,2,0,0,0,0,0,0,0,1,0,0,0,0,0,0
0,0,0,0,0,9,0,0,0,0,0,8,0,58,0,0,0,0,14,14,4,13,0,0,0,1,24,97,0,0,0,11,0,0,0,21,0,12,0,0,32,133,11,61,6,0,18,145,0,39,17,45,0,0,0,0,0,0,0,0,0,0,0,0,0,0,0,0,0,2,0,4,0,0,0,1,0,0,0,0,0,12,0,0,0,0,0,0,0,0,0,0,0,0,0,9,0,0,0,0,0,0,0,0,0,0,0,0,0,0,0,0,0,0,0,0,0,0,0,0,0,7,0,0,0,0,0,0,0,0,0,0,0,0,0,0,0,0,0,0,0,6,0,5,0,4,0,0,0,0,0,0,0,1,0,0,0,0,0,0,0,1,0,0,0,85,0,4,0,25,0,1,0,1,0,0,0,93,0,2,0,2,0,0,0,0,2,52,0,0,0,0,0,0,0,3,0,0,0,0,0,0,0,0,0,0,0,0,0,0,0,0,0,0,0,0,0,0,14,314,0,19,0,201,0,43,0,7,0,31,0,0,0,0,0,0,0,1,0,3,0,0,0,0,0,3,0,0,0
5,0,10,0,26,0,0,0,1,0,22,0,61,10,0,0,0,0,36,6,0,0,0,0,0,0,44,0,0,0,0,0,0,0,0,0,1,0,0,0,24,32,63,0,108,18,0,36,38,1,13,4,0,0,3,0,0,0,0,0,0,0,0,0,0,0,0,0,0,0,0,0,0,0,0,0,0,0,1,0,0,0,0,0,0,0,0,0,0,0,0,0,0,0,0,0,0,0,0,0,0,0,0,0,0,0,0,0,0,0,0,0,0,0,0,0,0,0,0,0,1,0,0,0,0,0,0,0,0,0,0,0,1,0,0,0,0,0,0,0,0,0,0,0,0,0,0,0,0,0,0,0,0,0,0,0,0,0,0,0,0,0,0,0,31,0,0,0,0,0,0,0,0,0,0,0,5,16,5,0,3,0,0,0,0,0,21,0,0,0,0,0,0,0,0,0,0,0,0,0,0,0,0,0,0,0,0,0,0,0,0,0,0,0,0,0,0,0,296,17,0,0,65,24,55,0,1,0,0,0,0,0,0,0,0,0,0,0,0,0,0,0,0,0,0,0,0,0,0
0,28,0,0,0,58,0,0,0,3,0,54,29,167,0,0,0,0,21,38,0,0,0,0,0,0,35,39,0,0,0,0,0,0,8,2,0,0,0,0,70,130,0,29,16,145,36,0,1,23,0,15,0,0,0,0,0,0,0,0,0,0,0,0,0,0,0,0,0,2,0,0,0,0,0,0,0,0,0,0,0,0,0,0,0,0,0,0,0,0,0,0,0,0,0,0,0,0,0,0,0,0,0,0,0,0,0,0,0,0,0,0,0,0,0,0,0,0,0,0,0,0,0,0,0,0,0,0,0,0,0,0,0,1,0,0,0,0,0,0,0,0,0,0,0,0,0,0,0,0,0,2,0,0,0,0,0,0,0,0,0,0,0,0,0,17,0,0,0,4,0,0,0,0,0,0,0,56,0,0,0,0,0,0,0,2,8,10,0,0,0,0,0,0,0,0,0,0,0,0,0,0,0,0,0,0,0,0,0,0,0,0,0,0,0,0,0,0,24,198,0,0,2,157,0,11,0,0,0,0,0,0,0,0,0,0,0,0,0,0,0,0,0,0,0,0,0,0,0
0,0,10,0,3,0,5,0,0,0,4,0,53,3,1,0,0,0,11,1,2,0,8,0,0,0,30,0,1,0,0,0,0,0,0,0,0,0,0,0,74,3,32,0,118,0,38,1,0,1,11,0,0,0,0,0,0,0,0,0,0,0,2,0,1,0,0,0,1,0,0,0,0,0,0,0,0,0,0,0,0,0,6,0,2,0,2,0,0,0,2,0,1,0,2,0,0,0,0,0,0,0,1,0,0,0,3,0,0,0,0,0,0,0,0,0,0,0,0,0,0,0,0,0,0,0,0,0,0,0,0,0,0,0,0,0,0,0,0,0,0,0,0,0,0,0,0,0,0,0,0,0,0,0,0,0,0,0,0,0,2,0,0,0,18,0,5,0,4,0,2,0,1,0,3,0,13,2,41,0,0,0,1,0,3,0,95,0,2,0,0,0,0,0,0,0,0,0,0,0,0,0,0,0,0,0,0,0,0,0,0,0,0,0,0,0,0,0,48,0,6,0,85,5,10,0,9,0,49,0,1,0,3,0,0,0,0,0,0,0,0,0,0,0,2,0,0,0,0
0,2,0,0,0,0,0,2,0,0,0,10,0,16,0,0,0,0,0,0,0,4,0,1,0,0,0,12,0,0,0,3,0,0,0,3,0,6,0,0,2,64,0,15,6,39,1,23,1,0,0,0,0,0,0,0,0,0,0,0,0,0,0,0,0,0,0,0,0,7,0,0,0,0,0,0,0,0,0,1,0,0,0,5,0,10,0,0,0,3,0,0,0,2,0,2,0,0,0,0,0,0,0,3,0,0,0,0,0,0,0,0,0,0,0,0,0,0,0,0,0,3,0,2,0,0,0,0,0,0,0,0,0,0,0,0,0,0,0,0,0,1,0,1,0,4,0,0,0,0,0,0,0,3,0,0,0,0,0,0,0,0,0,0,0,0,0,5,0,4,0,0,0,1,0,0,0,51,0,1,0,4,0,0,0,3,0,8,0,0,0,0,0,0,0,0,0,0,0,0,0,0,0,0,0,0,0,0,0,0,0,0,0,0,0,0,0,0,11,56,0,7,2,80,0,2,0,11,0,9,0,2,0,2,0,0,0,0,0,1,0,0,0,0,0,2,0,0,0
0,0,30,0,70,0,0,0,4,0,47,0,208,53,19,0,29,0,261,24,74,0,75,0,0,0,300,117,75,0,80,0,38,0,89,0,151,0,21,0,35,21,171,6,88,17,13,0,11,0,0,9,4,0,0,0,15,0,7,0,3,0,0,0,0,0,9,0,0,0,57,0,5,0,0,0,0,0,0,0,18,0,0,0,0,0,15,0,0,0,0,0,0,0,0,0,0,0,0,0,0,0,0,0,0,0,0,0,0,0,0,0,0,0,0,0,0,0,0,0,0,0,0,0,0,0,0,0,0,0,0,0,0,0,0,0,0,0,3,0,8,0,0,0,24,0,0,0,0,0,0,0,0,0,0,0,0,0,0,0,5,0,9,0,94,0,28,0,15,0,9,0,27,0,1,0,15,0,37,0,0,1,0,0,0,0,70,5,0,0,0,0,0,0,5,0,0,0,0,0,0,0,0,0,0,0,0,0,0,0,0,0,0,0,3,0,0,0,92,39,54,0,7,14,189,0,82,0,76,0,22,0,22,0,8,0,0,0,5,0,0,0,11,0,28,0,0,0,0
0,9,0,0,0,16,0,0,0,0,0,26,4,223,0,5,0,0,10,59,0,67,0,7,0,0,12,128,0,1,0,31,0,1,0,57,0,39,0,0,13,69,3,49,5,45,4,15,0,0,9,0,0,0,0,5,0,0,0,2,0,4,0,0,0,2,0,0,0,0,0,14,0,2,0,0,0,0,0,0,0,18,0,0,0,39,0,15,0,0,0,0,0,0,0,0,0,0,0,16,0,0,0,0,0,0,0,3,0,0,0,0,0,0,0,0,0,0,0,0,0,31,0,17,0,1,0,0,0,0,0,0,0,0,0,0,0,0,0,0,0,12,0,12,0,34,0,0,0,0,0,3,0,0,0,6,0,0,0,9,0,8,0,2,0,22,0,13,0,15,0,0,0,4,0,4,0,50,0,8,0,8,0,2,0,0,0,153,0,0,0,0,0,0,0,1,0,0,0,0,0,0,0,0,0,2,0,0,0,0,0,0,0,0,0,0,0,0,0,77,0,24,0,10,0,136,0,28,0,94,0,11,0,36,0,2,0,2,0,6,0,2,0,0,0,26,0,0,0
0,0,2,0,1,0,73,12,115,71,0,0,0,0,7,0,47,0,4,0,0,0,0,0,68,0,0,0,9,0,2,0,0,0,0,0,1,0,2,0,0,0,0,0,0,0,0,0,0,0,4,0,0,14,338,59,87,6,57,90,26,0,35,6,4,0,18,92,0,0,0,0,0,0,7,0,0,0,0,0,11,0,0,0,73,0,0,0,7,0,42,0,0,0,0,0,84,0,24,0,0,0,0,0,0,0,0,0,0,0,0,0,0,0,0,0,0,0,0,0,0,0,43,0,6,0,0,0,32,0,6,0,13,0,9,1,82,0,195,0,64,0,62,0,33,0,0,0,2,0,0,0,0,0,179,4,63,0,126,3,19,4,6,0,0,0,0,0,0,0,83,0,6,0,0,0,11,5,0,0,0,0,2,0,2,9,0,0,0,0,0,0,0,0,0,0,0,0,0,0,0,0,0,0,0,0,0,0,0,0,0,0,0,0,79,0,0,0,0,0,87,0,23,0,12,0,81,0,137,0,0,0,60,0,4,0,1,0,32,0,8,0,9,0,105,0,0,0,0
0,8,0,0,0,3,7,8,26,30,0,5,0,0,0,9,0,47,0,0,0,0,0,36,5,28,0,0,0,0,0,3,0,1,0,4,0,0,0,2,0,0,0,0,0,0,0,0,0,0,0,0,14,0,24,44,1,81,12,6,1,44,12,98,0,0,9,4,0,0,0,0,0,0,0,0,0,0,0,0,0,0,0,0,0,19,0,2,0,0,0,0,0,0,0,0,0,15,0,1,0,0,0,0,0,0,0,0,0,0,0,0,0,0,0,0,0,0,0,0,0,1,0,0,0,0,0,2,0,43,0,0,0,37,0,19,0,86,0,198,0,65,0,45,0,79,0,0,0,0,0,0,0,0,0,198,0,86,0,73,0,0,0,0,0,0,0,0,0,1,0,7,0,4,0,0,1,13,0,0,0,0,0,0,2,2,0,0,0,0,0,0,0,0,0,0,0,0,0,0,0,0,0,0,0,0,0,0,0,14,0,10,0,0,0,60,0,0,0,0,0,89,0,6,0,4,3,147,0,73,1,2,0,115,0,8,0,0,0,57,0,3,0,9,0,90,0,0,0
5,0,80,0,5,0,219,0,16,90,0,0,0,0,10,0,0,0,5,0,0,0,52,0,109,0,3,0,2,0,0,0,0,0,0,0,0,0,0,0,0,0,0,0,0,0,3,0,0,0,0,0,338,24,0,77,148,15,86,110,90,0,25,4,21,5,6,127,0,0,0,0,3,1,0,0,0,0,0,0,0,0,0,0,56,0,7,3,0,0,96,0,0,0,0,0,109,0,10,0,10,0,0,0,0,0,67,0,0,0,0,0,0,0,0,0,0,0,0,0,0,1,18,3,0,8,25,0,91,1,51,0,38,1,23,0,182,0,23,0,19,6,82,0,8,8,7,0,1,0,0,0,0,0,214,16,35,0,28,0,106,3,8,0,1,0,0,0,28,0,182,0,12,0,0,9,12,10,0,0,0,0,0,0,3,8,0,0,0,0,0,0,0,0,0,0,0,0,0,0,13,0,0,0,0,0,0,0,4,0,2,0,0,0,167,0,0,0,8,0,238,0,42,0,35,0,88,0,312,0,10,0,115,0,27,0,0,0,90,0,27,0,19,0,201,0,0,0,0
2,6,2,37,0,5,14,144,134,81,0,0,0,0,0,89,0,6,0,8,0,15,0,28,10,114,0,7,0,0,0,0,0,8,0,4,0,0,2,0,0,0,0,0,0,0,0,0,0,0,0,5,59,44,77,0,0,268,13,58,0,12,61,17,0,0,28,6,0,0,0,0,0,0,0,0,0,0,0,0,0,0,0,0,0,17,0,0,0,0,0,0,0,0,0,0,0,23,0,1,0,0,0,0,0,0,0,0,0,0,0,0,0,0,0,0,0,0,0,0,0,2,0,0,0,22,0,9,0,56,0,10,0,95,0,81,0,62,0,79,0,29,0,26,0,7,0,2,0,3,0,0,0,0,0,111,0,26,0,28,2,10,0,0,0,2,0,0,0,4,0,26,0,10,0,0,4,0,0,0,0,0,0,0,0,0,0,0,0,0,0,0,0,0,0,0,0,0,0,0,0,0,0,0,0,0,0,0,0,50,0,40,0,21,0,225,0,0,0,12,0,418,0,55,0,52,0,119,0,484,0,9,0,315,0,26,0,2,0,97,0,13,1,8,0,213,0,0,0
0,0,16,0,3,0,14,0,12,0,0,0,0,0,0,0,2,0,0,0,0,0,0,0,4,0,0,0,2,0,0,0,0,0,3,0,7,0,0,0,0,0,0,0,0,0,0,0,0,0,15,0,87,1,148,0,0,0,149,31,38,0,0,0,61,17,43,45,0,0,0,0,0,0,0,0,0,0,0,0,0,0,0,0,0,0,0,0,0,0,0,0,0,0,0,0,3,0,0,0,0,0,0,0,0,0,0,0,0,0,0,0,0,0,0,0,0,0,0,0,0,0,0,0,22,2,13,0,62,0,69,0,19,0,17,0,15,0,7,0,0,0,11,0,50,7,6,0,0,0,3,0,0,1,212,0,154,0,58,9,51,22,74,0,0,0,1,0,33,0,146,0,0,0,0,0,5,0,0,0,6,5,0,0,5,8,0,0,0,0,0,0,0,0,0,0,0,0,0,0,0,0,0,0,0,0,0,0,0,2,0,0,0,0,367,0,0,0,0,0,363,0,98,0,48,0,78,0,720,0,11,0,158,0,84,0,0,0,175,0,37,0,45,0,389,0,0,0,0
0,3,0,0,0,0,0,17,3,15,0,3,0,0,0,5,0,4,0,0,0,0,0,5,0,40,0,0,0,0,0,0,0,0,0,0,0,0,0,0,0,0,0,0,0,0,0,0,0,0,0,0,6,81,15,268,0,0,14,136,0,0,2,25,7,0,27,10,0,0,0,0,0,0,0,0,0,0,0,0,0,0,0,0,0,12,0,0,0,0,0,0,0,0,0,0,0,0,0,0,0,0,0,0,0,0,0,0,0,0,0,0,0,0,0,0,0,0,0,0,0,0,0,0,0,20,0,3,0,128,0,25,0,64,0,28,0,29,0,42,0,12,0,18,7,27,0,4,0,0,0,0,0,0,4,188,0,24,5,83,4,65,0,6,0,0,0,1,0,15,0,41,0,7,0,1,0,0,0,0,0,0,0,0,0,0,0,0,0,0,0,0,0,0,0,0,0,0,0,0,0,0,0,0,0,0,0,0,0,20,0,0,0,20,0,323,0,0,0,7,0,387,0,80,0,42,0,89,0,758,0,1,0,269,0,134,0,0,0,101,0,17,0,12,0,266,0,0,0
1,0,11,0,0,0,27,0,19,0,3,0,0,0,4,0,0,0,2,0,0,0,0,0,0,0,0,0,0,0,0,0,0,0,0,0,0,0,0,0,0,0,0,0,0,0,0,0,0,0,7,0,57,12,86,13,149,14,0,109,117,0,19,0,121,0,100,97,0,0,0,0,0,0,0,0,0,0,0,0,0,0,0,0,0,0,0,0,0,0,0,0,0,0,0,0,0,0,0,0,0,0,0,0,0,0,0,0,0,0,0,0,0,0,0,0,0,0,0,0,0,0,0,0,25,0,12,0,0,0,28,0,0,0,9,0,6,0,4,0,0,0,0,0,5,11,14,0,8,0,3,0,1,1,70,11,101,0,0,12,46,10,0,0,0,0,0,0,22,0,126,0,10,0,0,0,48,0,0,0,0,2,0,0,19,10,0,0,0,0,0,0,0,0,0,0,0,0,0,0,0,0,0,0,0,0,0,0,0,0,0,0,1,0,352,0,0,0,3,0,320,0,62,0,35,0,150,0,501,0,24,0,221,0,45,0,5,0,223,0,52,0,40,0,336,0,0,0,0
0,6,0,2,0,0,0,12,73,28,0,0,0,0,0,5,0,0,0,0,0,0,0,0,0,0,0,0,0,0,0,0,0,0,0,0,0,0,0,0,0,0,0,0,0,0,0,0,0,0,0,2,90,6,110,58,31,136,109,0,0,0,27,0,14,261,196,335,0,0,0,0,0,0,0,0,0,0,0,0,0,0,0,0,0,0,0,0,0,0,0,0,0,0,0,0,0,0,0,0,0,0,0,0,0,0,0,0,0,0,0,0,0,0,0,0,0,0,0,0,0,0,0,0,0,66,0,24,0,13,0,28,0,43,0,22,0,16,0,9,0,0,0,1,9,46,0,8,0,28,0,7,1,2,17,53,5,52,7,35,0,51,0,0,0,0,0,0,0,6,0,6,0,2,0,0,16,51,0,1,0,0,0,0,12,198,0,0,0,0,0,0,0,0,0,0,0,0,0,0,0,0,0,0,0,0,0,0,0,12,0,25,0,18,0,309,0,0,0,6,0,354,0,85,0,15,0,187,0,296,0,10,0,351,0,182,0,5,0,155,0,43,0,14,0,378,0,0,0
169,0,65,0,0,0,320,0,300,14,0,0,0,0,0,0,55,0,0,0,0,0,10,0,36,7,0,0,10,0,0,0,4,0,1,0,16,0,14,0,0,0,0,0,2,0,0,0,0,0,3,0,26,1,90,0,38,0,117,0,0,0,36,1,0,0,16,0,0,0,8,0,0,0,3,0,1,0,0,0,0,0,0,0,0,0,0,0,0,0,0,0,0,0,0,0,0,0,0,0,0,0,0,0,0,0,0,0,0,0,0,0,0,0,0,0,0,0,0,0,0,0,0,0,0,0,0,0,0,0,0,0,0,0,0,0,10,0,101,0,80,0,15,0,173,0,2,0,0,0,0,0,0,0,64,1,89,0,30,0,8,0,0,0,0,0,0,0,4,0,140,0,30,0,0,0,21,3,0,0,0,0,27,0,0,0,0,0,0,0,0,0,0,0,0,0,0,0,0,0,0,0,0,0,0,0,0,0,0,0,2,0,0,0,23,0,0,0,0,0,66,0,0,0,0,0,73,0,64,0,4,0,26,0,8,0,0,0,32,0,6,0,9,0,31,0,0,0,0
0,71,1,11,0,0,0,83,0,40,0,20,0,0,0,23,0,20,0,1,0,0,2,3,0,54,0,2,0,1,0,2,0,1,0,7,0,16,0,7,0,0,0,2,0,0,0,0,0,0,0,4,0,44,0,12,0,0,0,0,0,0,0,41,0,0,0,0,0,0,0,0,0,0,0,0,0,0,0,0,0,0,0,0,0,0,0,0,0,0,0,0,0,0,0,0,0,0,0,0,0,0,0,0,0,0,0,0,0,0,0,0,0,0,0,0,0,0,0,0,0,0,0,0,0,1,0,0,0,2,0,0,0,0,0,0,0,16,0,67,0,66,0,21,0,170,0,0,0,0,0,0,0,0,0,39,0,72,0,14,1,0,0,0,0,2,0,0,0,0,0,27,0,28,0,0,0,1,0,13,0,0,0,13,0,0,0,0,0,0,0,0,0,0,0,0,0,0,0,0,0,0,0,0,0,0,0,0,0,2,0,9,0,0,0,8,0,0,0,0,0,104,0,4,0,0,0,207,0,137,0,0,0,23,0,3,0,0,0,3,0,0,0,0,0,8,0,0,0
138,5,54,0,2,0,454,45,308,183,0,0,0,0,12,0,292,0,10,0,56,0,50,0,114,18,12,0,64,0,16,0,5,0,0,0,0,0,10,0,0,0,9,0,0,0,0,0,2,0,0,0,35,12,25,61,0,2,19,27,36,0,0,11,0,0,2,36,0,0,47,0,3,0,24,0,0,0,0,0,22,0,0,0,25,0,0,0,0,0,5,0,0,0,0,0,12,0,14,0,6,0,0,0,0,0,2,0,0,0,0,0,0,0,0,0,0,0,0,0,0,0,32,0,0,0,0,0,3,0,0,0,0,0,0,0,26,0,155,0,77,0,55,0,90,1,0,0,0,0,0,0,1,0,122,4,47,0,37,0,0,0,0,0,0,0,0,0,0,0,9,0,18,0,0,0,30,4,0,0,0,0,26,0,0,2,0,0,0,0,0,0,0,0,0,0,0,0,0,0,0,0,0,0,0,0,0,0,0,0,0,0,0,0,18,0,0,0,1,0,38,0,0,0,6,0,68,0,47,0,0,0,35,0,0,0,0,0,12,1,9,0,0,0,39,0,0,0,0
21,167,5,36,0,0,21,270,42,99,1,12,0,0,0,23,12,343,0,2,0,33,4,117,40,215,0,0,0,53,0,8,0,0,0,0,0,8,0,9,0,0,0,0,0,0,0,0,0,0,0,0,6,98,4,17,0,25,0,0,1,41,11,0,0,0,0,0,0,0,0,0,0,0,0,0,0,0,0,1,0,2,0,0,0,21,0,0,0,0,0,0,0,0,0,0,0,7,0,3,0,0,0,0,0,0,0,6,0,0,0,0,0,0,0,0,0,0,0,0,0,0,0,0,0,0,0,0,0,15,0,0,0,14,0,17,0,109,0,249,0,94,0,90,0,137,0,0,0,0,0,0,0,0,0,101,0,145,0,27,0,2,0,1,0,1,0,0,0,0,0,8,1,7,0,0,0,0,0,10,0,0,2,39,0,0,0,0,0,0,0,0,0,0,0,0,0,0,0,0,0,0,0,0,0,0,0,0,0,7,0,9,0,3,0,24,0,0,0,4,0,150,0,7,0,7,0,263,0,97,0,8,0,75,0,5,0,0,0,40,0,2,1,4,4,47,0,0,0
13,0,16,0,8,0,9,0,91,0,9,0,14,0,0,0,0,0,0,0,0,0,1,2,0,0,6,0,0,0,1,0,0,0,0,0,0,0,4,0,0,0,0,0,0,0,0,0,1,0,0,0,4,0,21,0,61,7,121,14,0,0,0,0,0,58,181,11,0,0,0,0,0,0,0,0,0,0,0,0,0,0,0,0,0,0,0,1,0,0,0,0,0,0,0,0,0,0,0,0,0,0,0,0,0,0,0,0,0,0,0,0,0,0,0,0,0,0,0,0,0,0,0,0,1,0,5,0,0,5,19,20,1,0,0,0,5,0,0,24,1,0,0,0,13,19,23,0,46,20,0,0,36,0,5,6,6,0,6,10,140,79,0,0,0,0,0,0,0,0,0,0,0,0,24,37,8,1,0,0,100,18,11,0,45,9,0,0,1,0,0,0,0,0,0,0,1,0,0,0,0,0,0,0,0,0,0,0,2,1,0,0,0,0,35,0,0,0,0,0,34,0,0,0,3,0,12,0,11,0,0,0,0,0,44,0,0,0,19,0,4,0,10,0,35,0,0,0,0
0,57,0,5,0,14,0,0,0,127,0,32,0,3,0,9,0,0,0,10,0,0,0,3,0,0,0,13,0,0,0,3,0,5,0,0,0,0,0,0,0,1,0,0,0,0,0,0,0,0,0,2,0,0,5,0,17,0,0,261,0,0,0,0,58,0,41,293,0,0,0,6,0,2,0,7,0,0,0,0,0,2,0,0,0,0,0,0,0,0,0,0,0,0,0,0,0,0,0,0,0,0,0,0,0,0,0,0,0,0,0,0,0,0,0,0,0,0,0,0,0,0,0,0,0,25,0,24,0,0,0,103,0,3,0,0,0,6,14,24,4,0,0,0,41,67,0,70,0,131,0,40,0,22,13,0,0,0,16,3,67,149,0,0,0,0,0,0,0,0,0,0,0,0,5,80,1,8,0,8,0,111,0,10,0,92,0,0,0,0,0,0,0,0,0,0,0,0,0,0,0,3,0,0,0,0,0,0,0,17,0,0,0,0,0,13,0,0,0,1,0,0,0,9,0,4,0,22,0,18,0,0,0,0,0,68,0,2,0,17,0,0,0,2,0,44,0,0,0
7,0,2,0,10,0,5,0,99,11,0,0,4,0,0,0,0,0,0,0,1,0,0,0,0,0,0,0,0,0,1,0,1,0,0,0,0,0,0,0,0,0,0,0,1,0,0,0,0,0,9,0,18,9,6,28,43,27,100,196,16,0,2,0,181,41,0,109,0,0,0,0,0,0,0,0,0,0,0,0,0,0,0,0,0,0,0,0,0,0,0,0,0,0,0,0,0,0,0,0,0,0,0,0,0,0,0,0,0,0,0,0,0,0,0,0,0,0,0,0,0,0,0,0,10,0,0,0,0,0,17,0,0,0,2,0,0,0,1,4,0,0,0,0,11,11,8,0,19,2,0,0,0,1,12,22,57,0,0,20,80,46,0,0,0,0,0,0,0,0,20,0,0,0,3,0,214,1,0,0,35,6,1,0,147,38,0,0,0,0,0,0,0,0,0,0,0,0,0,0,0,0,0,0,0,0,0,0,0,0,0,0,0,0,124,0,0,0,1,0,130,0,22,0,4,0,22,0,110,0,6,0,69,0,14,0,3,0,51,0,11,0,17,0,104,0,0,0,0
0,10,0,0,0,2,10,0,97,59,0,0,0,0,0,0,0,0,0,0,0,0,0,0,1,0,0,2,0,0,0,0,0,0,0,0,0,0,0,0,0,0,0,0,0,0,0,0,0,0,0,0,92,4,127,6,45,10,97,335,0,0,36,0,11,293,109,0,0,0,0,0,1,0,0,0,0,0,0,0,0,0,0,0,0,0,0,0,0,0,0,0,0,0,0,0,0,0,0,0,0,0,0,0,0,0,0,0,0,0,0,0,0,0,0,0,0,0,0,0,0,0,0,0,0,30,0,6,0,1,0,45,0,8,0,13,0,4,2,1,0,0,0,1,12,18,0,16,2,50,0,10,0,1,13,17,2,18,9,6,13,87,0,0,0,0,0,0,0,0,0,0,0,0,0,12,33,117,0,1,1,36,0,5,12,539,0,0,0,0,0,0,0,0,0,0,0,0,0,0,0,0,0,0,0,0,0,0,0,7,0,0,0,3,0,54,0,0,0,0,0,58,0,0,0,3,0,71,0,39,0,0,0,49,0,84,0,1,1,30,0,3,0,5,0,56,0,0,0
0,0,0,0,0,0,0,0,0,0,0,0,0,0,0,0,0,0,0,0,0,0,0,0,0,0,0,0,1,0,0,0,0,0,0,0,0,0,0,0,0,0,0,0,0,0,0,0,1,0,0,0,0,0,0,0,0,0,0,0,0,0,0,0,0,0,0,0,0,0,0,0,1,0,0,0,103,0,3,0,0,0,23,0,0,0,9,0,13,0,0,0,42,0,14,0,0,0,0,0,4,0,199,0,0,0,0,0,31,0,2,0,23,0,0,0,2,0,0,0,0,0,0,0,0,0,0,0,0,0,0,0,0,0,0,0,0,0,0,0,0,0,0,0,0,0,0,0,0,0,0,0,0,0,0,0,0,0,0,0,0,0,0,0,31,0,0,0,44,0,1,0,0,0,0,0,0,0,0,0,0,0,0,0,0,0,0,0,0,0,0,0,0,0,0,0,0,0,0,0,0,0,0,0,0,0,0,0,0,0,0,0,125,0,96,0,43,0,9,0,0,0,94,0,52,0,0,0,65,0,0,0,0,0,0,0,0,0,6,0,0,0,0,0,0,0,0,0,0
0,0,0,0,0,0,0,0,0,0,0,0,0,0,0,0,0,0,0,0,0,0,0,0,0,0,0,2,0,0,0,0,0,0,0,0,0,0,0,0,0,2,0,0,0,2,0,2,0,7,0,0,0,0,0,0,0,0,0,0,0,0,0,0,0,0,0,0,0,0,0,0,0,0,0,0,0,33,0,0,0,1,0,95,0,0,0,8,0,39,0,0,0,14,0,12,0,1,0,0,0,0,0,174,0,0,0,0,0,52,0,7,0,5,0,1,0,1,0,0,0,0,0,0,0,0,0,0,0,0,0,0,0,0,0,0,0,0,0,0,0,0,0,0,0,0,0,0,0,0,0,0,0,0,0,0,0,0,0,0,0,0,0,0,0,25,0,0,0,18,0,0,0,0,0,0,0,1,0,0,0,0,0,0,0,0,0,0,0,0,0,0,0,0,0,0,0,0,0,0,0,0,0,0,0,0,0,0,0,0,0,2,0,227,0,0,0,55,0,14,0,1,0,100,0,22,0,0,0,35,0,0,0,0,0,0,0,0,0,0,0,0,0,0,0,0,0,0,0
0,0,0,0,0,0,0,0,0,0,0,0,0,0,0,0,161,0,24,0,110,0,12,0,0,0,16,0,136,0,19,0,30,0,34,0,79,0,39,0,0,0,23,0,18,0,0,0,0,0,57,0,0,0,0,0,0,0,0,0,8,0,47,0,0,0,0,0,0,0,0,0,252,0,256,0,12,0,266,0,27,0,0,0,5,0,41,0,0,0,1,0,0,0,0,0,0,0,5,0,0,0,0,0,0,0,0,0,0,0,0,0,0,0,0,0,0,0,0,0,74,0,15,1,16,0,20,0,0,0,2,1,6,0,36,0,38,1,0,1,37,0,76,4,105,0,11,0,7,0,29,0,15,0,0,0,9,0,0,0,0,0,49,0,0,0,0,0,11,0,60,0,9,0,16,0,0,0,0,0,14,0,0,0,2,0,0,0,0,0,0,0,0,1,0,0,3,0,0,0,0,0,0,0,0,0,19,0,33,0,0,0,0,0,0,0,0,0,0,0,1,0,0,0,0,0,0,0,0,0,0,0,0,0,0,0,0,0,9,0,6,0,4,0,0,0,0,0,0
0,0,0,0,0,0,0,1,0,0,0,0,0,0,0,0,0,0,0,0,0,13,0,4,0,0,0,11,0,8,0,6,0,0,0,19,0,24,0,0,0,0,0,6,0,4,0,0,0,0,0,14,0,0,0,0,0,0,0,0,0,0,0,0,0,6,0,0,0,0,0,0,0,255,0,236,0,10,0,126,0,7,0,0,0,0,0,33,0,0,0,0,0,0,0,0,0,0,0,2,0,0,0,0,0,0,0,0,0,0,0,0,0,0,0,0,0,0,0,0,0,33,0,59,0,11,1,13,7,0,5,0,2,0,0,31,0,0,0,0,0,13,0,52,0,92,4,7,3,41,0,20,0,22,0,0,0,3,0,2,5,3,0,59,0,0,0,0,0,3,0,4,0,7,0,8,0,0,0,0,0,17,0,0,0,0,0,0,0,0,0,0,0,0,0,0,0,0,0,3,0,0,0,0,0,0,0,0,0,47,0,0,0,0,0,0,0,0,0,2,0,0,0,0,0,1,0,47,0,35,0,0,0,0,0,6,0,0,0,31,0,2,0,3,0,12,0,0,0
