0,0,172,84,84,0,49,97,111,0,97,0,65,0,29,39,21,0,26,0,0,0,0,0,8,133,83,0,68,7,18,0,0,0,7,0,17,0,364,0,11,0,0,0,0,0,23,0,9,0,5,0,29,0,0,0,5,0,4,0,95,0,270,0,0,0,8,0,0,0,0,0,0,0,0,0,0,0,0,0,0,0,0,0,0,0,0,0,0,0,0,0,0,0,0,0,0,0,0,0,0,0,0,0,0,0,0,0,0,0,0,0,0,0,0,0,0,0,0,0,0,0,0,0,0,0,0,0,0,0,0,0,0,0,0,0,0,0,0,0,0,0,0,0,0,0,0,0,7,0,6,0,0,0,0,0,0,1,0,0,0,0,0,0,0,0,0,0,6,0,19,0,279,6,0,0,582,143,0,0,9,0,77,0,29,0,0,0,0,0,0,0,0,0,0,0,0,0,0,0,0,0,0,0,0,0,0,0,0,0,516,84,110,0,324,0,12,0,0,0,0,0,0,0,0
0,0,91,87,0,238,0,84,0,68,0,145,0,227,0,62,92,70,0,144,0,15,136,46,142,28,0,150,0,102,0,27,0,0,0,0,1,69,9,260,0,150,0,0,0,20,0,237,0,0,0,0,0,12,0,10,0,3,0,12,0,181,21,149,0,55,0,37,0,0,0,0,0,0,0,0,0,0,0,2,0,0,0,0,0,0,0,0,0,0,0,0,0,0,0,0,0,0,0,0,0,0,0,0,0,0,0,0,0,0,0,0,0,0,0,0,0,0,0,0,0,0,0,0,0,7,0,5,0,0,0,10,0,2,0,0,0,0,0,0,0,5,0,0,0,0,0,6,0,22,0,15,0,20,0,5,0,0,0,0,0,0,0,6,0,0,0,0,0,21,0,0,0,191,0,7,185,595,0,15,0,22,0,57,0,41,0,1,0,0,0,0,0,0,0,0,0,0,0,0,0,0,0,0,0,0,0,0,0,0,5,0,0,0,364,0,0,0,756,250,229,0,1,7,0
172,91,0,92,292,0,83,60,32,0,101,0,83,0,179,74,33,31,93,0,61,0,150,54,54,78,124,0,166,18,48,0,0,0,0,0,18,0,285,0,0,0,0,0,0,0,0,0,27,0,0,0,6,0,9,0,0,0,0,0,0,0,129,0,0,0,0,0,0,0,0,0,0,0,0,0,0,0,0,0,0,0,0,0,0,0,5,0,0,0,0,0,0,0,0,0,0,0,0,0,0,0,0,0,0,0,0,0,0,0,0,0,0,0,0,0,0,0,0,0,0,0,0,0,0,0,0,0,0,0,0,0,0,0,0,0,0,0,0,0,0,1,0,0,0,0,18,0,21,0,47,0,20,0,0,0,0,0,0,0,0,0,0,0,0,0,0,0,0,0,8,0,174,0,0,0,280,106,0,0,10,0,14,2,30,0,0,0,0,0,0,0,0,0,0,0,0,0,0,0,0,0,0,0,0,0,0,0,28,0,459,53,157,75,476,2,0,0,0,0,0,0,0,0,0
84,87,92,0,45,150,0,136,0,16,0,10,0,42,41,213,56,28,0,136,0,26,135,238,20,90,0,47,5,239,0,65,0,40,0,5,0,33,16,134,0,0,0,0,0,0,0,33,0,8,0,0,0,0,0,40,0,0,0,0,0,0,0,2,0,28,0,0,0,0,0,0,0,0,0,0,0,0,0,0,0,0,0,0,0,0,0,0,0,0,0,0,0,0,0,0,0,0,0,0,0,0,0,0,0,0,0,0,0,0,0,0,0,0,0,0,0,0,0,0,0,0,0,0,0,19,0,15,0,7,0,0,0,0,0,0,0,0,0,0,0,0,0,0,0,0,0,0,0,19,0,15,0,0,0,0,0,0,0,0,0,0,0,0,0,0,0,0,0,4,0,0,0,112,0,0,72,132,0,1,1,0,2,2,0,0,0,0,0,0,0,0,0,0,0,0,0,0,0,0,0,0,0,0,0,0,0,0,0,7,0,0,0,0,167,0,0,0,265,77,251,0,0,0,0
84,0,292,45,0,446,18,0,102,0,177,148,190,173,556,203,14,0,137,132,350,71,58,84,14,0,175,0,86,0,332,36,444,54,229,0,281,0,94,0,35,0,0,0,0,0,46,0,7,0,0,0,0,0,0,0,0,0,0,0,3,0,0,0,8,0,0,0,0,0,0,0,0,0,0,0,0,0,0,0,0,0,0,0,0,0,0,0,0,0,0,0,0,0,0,0,0,0,0,0,0,0,0,0,0,0,0,0,0,0,0,0,0,0,0,0,0,0,0,0,0,0,0,0,9,0,10,0,0,0,0,0,0,0,0,0,0,0,0,0,0,0,0,0,0,0,0,0,29,0,43,0,0,0,0,0,0,0,0,0,12,0,0,0,0,0,145,0,0,0,0,0,120,5,0,0,304,125,157,0,0,0,99,0,97,0,0,0,0,0,0,0,0,0,0,0,0,0,0,0,0,0,0,0,0,0,0,0,0,0,564,168,424,0,254,3,0,0,0,0,0,0,0,0,0
0,238,0,150,446,0,0,92,0,37,166,471,356,405,639,220,7,0,291,206,252,154,94,192,0,8,58,158,0,108,74,272,102,340,0,118,0,246,0,82,0,78,0,8,0,11,0,109,0,0,0,0,0,2,0,0,0,0,0,0,0,0,0,0,0,29,0,12,0,0,0,0,0,0,0,0,0,0,0,0,0,0,0,0,0,0,0,0,0,0,0,13,0,0,0,0,0,0,0,0,0,0,0,0,0,0,0,0,0,0,0,0,0,0,0,0,0,0,0,0,0,0,0,0,0,0,0,0,0,0,0,4,0,0,0,0,0,0,0,0,0,0,1,0,0,0,0,14,0,19,0,0,0,0,0,0,0,0,0,0,0,10,0,0,0,0,0,114,0,51,0,10,0,73,0,0,202,288,76,11,0,15,0,17,0,17,5,2,0,0,0,0,0,0,0,0,0,0,0,0,0,0,0,0,0,0,0,0,0,12,0,0,0,0,422,0,0,0,620,313,406,0,0,0,0
49,0,83,0,18,0,0,0,67,133,10,0,0,0,28,0,42,0,0,0,0,0,13,0,228,104,0,0,0,0,0,0,0,0,0,0,0,0,30,1,0,0,0,0,0,0,0,0,38,0,0,0,185,0,147,60,61,0,161,0,116,0,351,58,31,0,27,0,0,0,0,0,0,0,0,0,0,0,0,0,0,0,0,0,0,0,0,0,0,0,0,0,0,0,0,0,0,0,0,0,0,0,0,0,0,0,0,0,0,0,0,0,0,0,0,0,0,0,0,0,0,0,0,0,140,0,56,0,39,0,89,0,19,0,0,0,0,0,0,0,0,0,0,0,0,0,72,0,42,0,56,0,0,0,4,0,0,0,5,0,34,0,0,0,0,0,0,0,0,0,99,0,157,0,0,0,144,92,0,0,0,0,2,0,0,2,0,0,0,0,0,0,0,0,0,0,0,0,0,0,0,0,0,0,0,0,0,0,21,0,513,58,244,180,643,2,45,0,0,0,2,0,0,0,0
97,84,60,136,0,92,0,0,110,52,0,20,0,49,0,75,44,54,0,68,0,0,0,37,179,258,0,54,0,97,0,0,0,0,0,0,0,0,0,231,0,0,0,0,0,0,0,86,0,13,0,0,0,71,0,212,0,39,0,14,0,317,61,498,0,30,0,26,0,0,0,0,0,0,0,0,0,0,0,0,0,1,0,0,0,0,0,0,0,0,0,2,0,0,0,0,0,0,0,0,0,0,0,0,0,0,0,0,0,0,0,0,0,0,0,0,0,0,0,0,0,0,0,0,0,24,0,30,0,10,0,38,0,53,0,29,0,66,0,0,0,0,0,0,0,0,0,14,0,22,0,28,0,13,0,0,0,0,0,0,0,22,0,0,0,7,0,7,0,10,0,81,0,312,0,0,118,168,0,0,0,0,0,0,0,0,0,0,0,0,0,0,0,0,0,0,0,0,0,0,0,0,0,0,0,0,0,11,0,35,8,0,0,0,882,0,0,0,918,116,225,411,4,55,0
111,0,32,0,102,0,67,110,0,243,31,0,15,0,64,0,8,0,55,0,5,0,5,0,11,61,32,0,0,0,4,0,1,0,6,0,0,0,11,0,0,0,2,0,0,0,0,0,19,0,0,0,295,61,284,322,48,0,61,69,226,0,223,44,187,0,42,45,0,0,0,0,0,0,0,0,0,0,0,0,0,0,0,0,0,0,0,0,0,0,0,0,0,0,0,0,0,0,0,0,0,0,0,0,0,0,0,0,0,0,0,0,0,0,0,0,0,0,0,0,0,0,0,0,59,0,33,0,7,0,66,0,9,0,0,0,0,0,0,0,0,0,0,0,0,0,43,0,36,0,22,0,0,0,0,0,30,0,0,0,14,0,0,0,0,0,0,0,12,0,197,0,126,0,1,0,538,108,0,0,0,0,24,0,112,27,1,0,0,0,0,0,0,0,0,0,0,0,0,0,0,0,0,0,0,0,0,0,4,0,446,117,175,94,352,4,51,0,0,3,0,0,0,0,0
0,68,0,16,0,37,133,52,243,0,0,22,0,10,0,48,0,0,0,78,0,8,0,0,178,17,0,31,0,0,0,10,0,4,0,7,0,10,0,0,0,12,0,0,0,7,0,0,0,0,0,0,89,177,205,104,0,86,17,63,0,122,67,179,0,221,0,282,0,0,0,0,0,0,0,0,0,0,0,0,0,0,0,0,0,0,0,0,0,0,0,0,0,0,0,0,0,0,0,0,0,0,0,0,0,0,0,0,0,0,0,0,0,0,0,0,0,0,0,0,0,0,0,0,0,25,0,28,0,5,0,43,0,0,0,12,0,14,0,0,0,0,0,0,0,0,0,11,0,79,0,12,0,19,1,15,0,87,0,0,0,28,0,0,0,0,0,4,0,16,0,134,0,77,0,9,168,430,0,3,0,0,0,19,0,202,0,1,0,0,0,0,0,0,0,0,0,0,0,0,0,0,0,0,0,1,0,6,0,16,0,0,0,0,237,0,0,0,461,173,77,142,0,12,0
97,0,101,0,177,166,10,0,31,0,0,40,364,0,79,108,20,4,107,31,186,19,4,39,0,0,336,0,92,0,122,0,418,29,39,0,193,0,172,0,94,0,16,0,0,0,123,0,22,0,32,0,1,0,0,0,0,0,0,0,0,0,0,0,0,0,0,0,0,0,0,0,0,0,0,0,0,0,0,0,0,0,0,0,0,0,0,0,0,0,0,0,0,0,0,0,0,0,0,0,0,0,0,0,0,0,0,0,0,0,0,0,0,0,0,0,0,0,0,0,2,0,0,0,0,0,0,0,0,0,0,0,0,0,0,0,0,0,0,0,0,0,0,0,0,0,0,0,0,0,0,0,0,0,0,0,0,0,0,0,0,0,0,0,0,0,40,0,0,0,14,0,64,0,0,0,315,78,194,0,49,0,123,0,53,0,16,0,0,0,0,0,0,0,0,0,2,0,0,0,0,0,0,0,0,0,0,0,0,0,298,104,176,16,123,1,0,0,0,0,12,0,0,0,0
0,145,0,10,148,471,0,20,0,22,40,0,55,525,274,8,0,0,47,75,93,33,63,30,0,0,0,75,2,32,15,82,0,135,0,35,0,83,0,29,0,170,0,0,0,30,0,145,0,53,0,7,0,0,0,0,0,2,0,0,0,0,0,0,0,0,0,8,0,0,0,0,0,0,0,0,0,0,0,0,0,0,0,0,0,0,0,0,0,0,0,0,0,0,0,0,0,0,0,0,0,0,0,0,0,0,0,0,0,0,0,0,0,0,0,0,0,0,0,0,0,0,0,0,0,0,0,0,0,0,0,0,0,0,0,0,0,0,0,0,0,0,0,0,0,0,0,0,1,0,0,0,0,0,0,0,0,0,0,0,0,0,0,0,0,0,0,26,0,18,0,0,0,19,0,14,100,273,13,12,0,57,0,98,0,40,0,2,0,0,0,0,0,0,0,0,0,0,0,0,0,0,0,0,0,0,0,0,0,0,8,0,0,0,79,0,0,0,163,87,89,0,0,0,0
65,0,83,0,190,356,0,0,15,0,364,55,0,965,41,30,0,0,175,434,122,112,0,1,0,0,120,530,0,0,87,7,44,0,474,0,163,0,0,0,324,0,29,0,8,20,263,155,115,0,184,0,0,0,0,0,0,0,0,0,0,0,0,0,0,0,0,0,0,0,0,0,0,0,0,0,0,0,0,0,0,0,0,0,0,0,0,0,0,0,0,0,0,0,0,0,0,0,0,0,0,0,0,0,0,0,0,0,0,0,0,0,0,0,0,0,0,0,0,0,0,0,0,0,0,0,0,0,0,0,0,0,0,0,0,0,0,0,0,0,0,0,0,0,0,0,0,0,3,0,0,0,0,0,0,0,0,0,0,0,0,0,0,0,67,0,58,0,0,0,0,0,32,0,0,0,201,96,254,0,6,0,48,0,0,0,296,6,0,0,0,0,0,0,0,0,0,0,0,0,0,0,0,0,0,0,0,0,0,0,102,151,221,0,63,1,0,0,4,0,0,0,0,0,0
0,227,0,42,173,405,0,49,0,10,0,525,965,0,75,11,0,0,557,89,54,9,0,0,0,0,622,126,0,0,0,0,0,0,54,40,0,0,0,0,154,499,35,0,0,10,0,233,0,98,0,88,0,0,0,0,0,0,0,0,0,0,0,0,0,0,0,3,0,0,0,0,0,0,0,0,0,0,0,0,0,0,0,0,0,0,0,0,0,0,0,0,0,0,0,1,0,0,0,0,0,0,0,0,0,0,0,0,0,0,0,0,0,0,0,0,0,0,0,0,0,0,0,0,0,0,0,0,0,0,0,0,0,0,0,0,0,0,0,0,0,0,0,0,0,0,0,0,0,0,0,0,0,0,0,0,0,0,0,0,0,0,0,0,0,0,0,0,0,0,0,0,0,0,0,0,100,538,54,10,0,0,0,24,0,0,156,45,0,0,0,0,0,0,0,0,0,0,0,0,0,0,0,0,0,0,0,0,0,0,0,0,0,0,81,0,0,0,131,140,175,0,0,0,0
29,0,179,41,556,639,28,0,64,0,79,274,41,75,0,264,61,0,269,152,281,85,378,97,91,0,111,0,0,8,119,52,90,95,23,0,29,17,0,11,0,0,0,0,0,5,0,0,0,0,0,0,12,0,50,0,0,0,0,0,0,0,26,0,0,0,0,0,0,0,0,0,0,0,0,0,0,0,0,0,0,0,0,0,0,0,0,0,0,0,0,0,0,0,0,0,53,0,0,0,0,0,0,0,0,0,0,0,0,0,0,0,0,0,0,0,0,0,0,0,0,0,0,0,0,0,74,0,0,0,0,0,0,0,0,0,0,0,0,0,6,0,0,0,0,0,52,0,80,0,129,0,62,0,0,0,0,0,0,0,12,0,0,0,0,0,42,0,19,0,9,0,60,0,0,0,88,73,19,0,20,0,62,0,161,0,0,0,0,0,0,0,0,0,0,0,0,0,0,0,0,0,0,0,0,0,0,0,136,0,207,130,139,0,117,0,0,0,44,13,28,0,0,0,0
39,62,74,213,203,220,0,75,0,48,108,8,30,11,264,0,25,68,26,413,119,144,154,375,0,126,0,77,0,80,0,151,70,87,0,31,19,68,17,26,0,0,0,0,0,0,0,0,0,0,0,0,0,19,0,79,0,0,0,0,0,0,0,13,0,53,0,0,0,0,0,0,0,0,0,0,0,0,0,0,0,0,0,0,0,0,0,10,0,0,0,0,0,0,0,0,0,13,0,24,0,0,0,0,0,0,0,0,0,0,0,0,0,0,0,0,0,0,0,0,0,2,0,6,0,20,0,26,0,0,0,14,0,11,0,124,0,126,0,16,0,8,0,39,0,0,0,18,0,47,0,33,0,10,0,6,0,0,0,0,0,0,0,4,0,0,0,51,0,14,0,21,0,46,0,3,59,90,0,0,0,0,0,24,0,15,1,0,0,0,0,0,0,0,0,0,0,0,0,0,0,16,0,0,0,0,0,0,0,38,14,3,8,0,96,0,0,0,185,140,120,0,0,0,0
21,92,33,56,14,7,42,44,8,0,20,0,0,0,61,25,0,18,101,0,399,0,119,31,233,44,0,0,154,7,67,0,14,0,6,0,0,0,85,7,0,0,0,0,0,0,0,0,0,0,0,0,127,0,98,0,43,0,0,2,0,1,168,3,0,0,0,0,0,0,10,0,0,0,5,0,0,0,0,0,0,0,0,0,199,0,0,0,0,0,0,0,0,0,0,0,0,0,0,0,0,0,0,0,0,0,0,0,0,0,0,0,0,0,0,0,0,0,0,0,0,0,33,0,0,0,0,0,0,0,0,0,19,0,125,0,116,0,100,0,52,0,228,0,7,0,0,0,4,0,34,0,0,0,117,0,0,0,91,0,0,0,0,0,0,0,0,0,0,0,8,0,27,0,0,0,100,44,4,0,0,0,14,0,0,0,0,0,0,0,0,0,0,0,0,0,2,0,0,0,191,0,0,0,0,0,14,0,126,0,21,67,31,0,26,0,3,0,15,0,0,0,0,0,0
0,70,31,28,0,0,0,54,0,0,4,0,0,0,0,68,18,0,0,54,8,239,47,74,53,75,0,0,0,113,0,3,0,0,0,0,0,0,0,41,0,0,0,0,0,0,0,0,0,0,0,0,0,53,0,79,0,54,0,5,1,0,8,278,0,0,0,0,0,0,0,0,0,0,0,1,0,0,0,0,0,0,0,0,0,71,0,17,0,0,0,26,0,0,0,27,0,0,0,0,0,41,0,0,0,0,0,24,0,0,0,0,0,0,0,0,0,0,0,0,0,0,0,11,0,0,0,0,0,54,0,0,0,80,0,292,0,354,0,215,0,23,0,160,0,9,0,0,0,0,0,0,0,0,0,23,0,0,0,18,0,0,0,0,0,0,0,0,0,0,0,0,0,0,0,0,26,152,0,23,0,0,0,18,0,0,0,0,0,0,0,0,0,0,0,0,0,0,0,0,0,0,0,0,0,0,0,0,0,45,0,1,0,0,0,0,0,0,18,83,26,0,0,1,0
26,0,93,0,137,291,0,0,55,0,107,47,175,557,269,26,101,0,0,253,332,78,196,0,0,0,270,132,17,0,42,0,25,0,257,17,43,14,0,0,38,0,6,0,22,0,66,38,0,5,120,0,0,0,0,0,0,0,0,0,0,0,0,0,0,0,0,0,0,0,0,0,0,0,0,0,0,0,10,0,0,0,0,0,156,0,0,0,0,0,0,0,0,0,0,0,0,0,0,0,0,0,0,0,0,0,0,0,0,0,0,0,0,0,0,0,0,0,0,0,0,0,0,0,0,0,0,0,0,0,3,0,0,0,0,0,0,0,0,0,0,0,0,0,0,0,0,0,0,0,61,0,0,0,0,0,2,0,0,0,0,0,0,0,38,0,38,0,89,0,15,0,39,0,0,0,35,24,35,0,0,0,85,0,66,0,12,0,0,0,0,0,0,0,0,0,0,0,0,0,0,0,0,0,0,0,0,0,117,0,378,477,292,46,159,0,0,0,0,0,0,0,0,0,0
0,144,0,136,132,206,0,68,0,78,31,75,434,89,152,413,0,54,253,0,74,181,0,196,0,0,159,404,0,0,0,59,0,17,52,251,27,197,0,0,30,0,0,77,0,91,19,143,3,42,24,202,0,0,0,0,0,0,0,0,0,0,0,0,0,43,0,11,0,0,0,0,0,0,0,0,0,0,0,0,0,0,0,0,0,0,0,0,0,0,0,0,0,0,0,0,0,0,0,0,0,0,0,0,0,0,0,0,0,0,0,0,0,0,0,0,0,0,0,0,0,0,0,41,0,9,0,18,0,0,0,0,0,0,0,0,0,0,0,0,0,0,0,112,0,0,0,0,0,30,0,0,0,0,0,0,0,0,0,0,0,0,0,0,1,68,0,105,0,120,0,0,0,0,0,0,31,32,34,0,0,0,0,24,0,0,39,1,0,0,0,0,0,0,0,0,0,0,0,0,0,0,0,0,0,0,0,0,0,0,0,0,0,0,217,0,0,0,349,236,317,0,0,0,0
0,0,61,0,350,252,0,0,5,0,186,93,122,54,281,119,399,8,332,74,0,43,170,51,55,0,203,0,213,15,168,0,38,0,59,0,36,0,5,0,0,0,0,0,0,0,6,0,0,0,63,0,0,0,0,0,0,0,0,0,0,0,103,0,0,0,0,0,0,0,23,1,0,0,27,0,0,0,0,0,49,0,0,0,557,0,0,0,0,0,0,0,0,0,0,0,535,0,0,0,0,0,0,0,194,0,311,0,0,0,0,0,0,0,0,0,0,0,0,0,0,0,0,0,0,0,46,0,0,0,0,0,19,0,0,0,123,0,76,0,99,0,360,0,159,0,0,0,0,0,58,0,0,0,0,0,22,0,0,0,0,0,15,0,24,0,93,0,95,0,35,0,78,0,0,0,84,28,66,0,0,0,6,0,0,0,0,0,0,0,0,0,0,0,0,0,0,0,0,0,329,0,0,0,0,0,25,0,136,0,216,229,239,0,154,1,0,0,0,0,0,0,0,0,0
0,15,0,26,71,154,0,0,0,8,19,33,112,9,85,144,0,239,78,181,43,0,0,490,0,103,31,103,0,63,0,37,0,15,0,266,0,161,0,0,0,2,2,93,2,61,0,0,0,24,0,69,0,0,0,78,0,41,0,0,0,10,0,57,0,0,0,0,0,0,0,3,0,0,0,9,0,0,0,0,0,0,0,0,0,164,0,0,0,0,0,0,0,0,0,0,0,54,0,0,0,0,0,0,0,0,0,0,0,0,0,0,0,0,0,0,0,0,0,0,0,0,0,93,0,0,0,0,0,0,0,0,0,0,0,359,0,384,0,281,0,327,0,340,0,107,0,0,0,5,0,0,0,0,0,0,0,0,0,0,0,0,0,5,0,26,0,135,0,63,0,0,0,34,0,0,9,39,0,23,0,0,0,0,0,0,2,0,0,0,0,0,0,0,0,0,0,2,0,0,0,0,0,0,0,0,0,0,0,0,3,0,0,0,209,0,0,0,357,195,308,70,0,0,0
0,136,150,135,58,94,13,0,5,0,4,63,0,0,378,154,119,47,196,0,170,0,0,144,131,28,56,0,190,57,69,0,57,28,0,0,22,0,149,0,0,0,0,0,0,0,0,0,6,0,1,0,4,0,38,0,0,0,0,0,3,0,24,0,0,0,0,1,0,0,0,0,0,0,0,0,0,0,0,0,0,0,0,0,0,0,1,0,0,0,0,0,0,0,0,0,0,0,0,0,0,0,0,0,0,0,0,0,0,0,0,0,0,0,0,0,0,0,0,0,0,0,0,0,0,0,21,0,19,0,0,0,0,0,32,0,19,0,0,0,0,0,0,0,0,0,0,0,10,0,53,0,14,0,0,0,0,0,0,0,0,0,0,0,0,0,0,1,2,0,3,0,81,0,0,0,182,116,0,0,6,0,0,0,8,0,0,0,0,0,0,0,0,0,0,0,0,0,0,0,19,0,0,0,0,0,0,0,52,0,119,48,74,0,158,0,0,0,22,0,0,0,0,0,0
0,46,54,238,84,192,0,37,0,0,39,30,1,0,97,375,31,74,0,196,51,490,144,0,0,150,0,26,3,71,0,14,0,6,1,0,0,13,0,13,0,0,0,0,0,0,0,0,0,0,0,0,0,18,0,94,0,19,0,0,0,0,0,64,0,3,0,0,0,0,0,0,0,0,0,0,0,0,0,0,0,50,0,0,0,73,0,0,0,0,0,0,0,0,0,28,0,31,0,67,0,19,0,0,0,0,0,33,0,0,0,0,0,0,0,0,0,0,0,0,0,0,0,22,0,0,0,0,0,17,0,0,0,0,0,278,0,237,0,82,0,34,0,102,0,11,0,0,0,0,0,0,0,0,0,0,0,0,0,9,0,0,0,0,0,0,0,21,0,0,0,0,1,26,0,0,41,235,0,63,0,0,0,12,0,4,0,0,0,0,0,0,0,0,0,0,0,0,0,0,0,0,0,0,0,0,0,10,0,0,3,0,0,0,83,0,0,0,112,190,60,0,0,0,0
8,142,54,20,14,0,228,179,11,178,0,0,0,0,91,0,233,53,0,0,55,0,131,0,0,207,0,0,121,0,0,0,0,0,0,0,0,0,125,0,0,0,0,0,0,0,0,0,19,0,0,0,37,27,71,54,7,0,4,0,15,0,376,70,0,0,0,0,0,0,0,0,0,0,0,0,0,0,0,0,0,0,0,0,0,0,0,0,0,0,0,0,0,0,0,0,0,0,0,0,0,0,0,0,0,0,0,0,0,0,0,0,0,0,0,0,0,0,0,0,0,0,0,0,29,0,15,0,26,0,0,0,9,0,30,0,16,0,0,0,8,0,0,0,0,0,23,1,13,1,38,0,8,0,0,0,0,0,0,0,17,0,0,0,0,2,0,0,0,0,15,0,77,0,0,0,214,97,0,0,2,0,0,4,8,0,0,0,0,0,0,0,0,0,0,0,0,0,0,0,0,0,0,0,0,0,0,0,53,0,121,12,94,97,261,0,0,0,0,0,0,0,0,0,0
133,28,78,90,0,8,104,258,61,17,0,0,0,0,0,126,44,75,0,0,0,103,28,150,207,0,0,0,0,60,0,0,0,0,0,0,0,0,9,16,0,0,0,0,0,0,0,0,0,0,0,0,7,8,9,151,0,16,0,4,3,12,60,130,0,0,0,0,0,0,0,0,0,0,0,0,0,0,0,0,0,4,0,0,0,0,0,0,0,0,0,4,0,0,0,0,0,0,0,0,0,0,0,0,0,0,0,8,0,0,0,0,0,0,0,0,0,0,0,0,0,0,0,0,0,0,0,17,0,0,0,0,0,64,0,91,0,111,0,0,0,0,0,11,0,0,0,0,0,0,0,19,0,0,0,10,0,0,0,0,0,0,0,0,0,0,0,0,0,5,0,3,7,17,0,0,79,184,0,4,0,0,0,12,0,0,0,0,0,0,0,0,0,0,0,0,0,0,0,0,0,9,0,0,0,0,0,0,0,46,4,0,0,0,0,0,0,0,64,92,0,0,0,0,0
83,0,124,0,175,58,0,0,32,0,336,0,120,622,111,0,0,0,270,159,203,31,56,0,0,0,0,676,0,0,55,0,37,0,120,0,104,0,9,0,50,107,179,0,181,44,208,459,42,0,343,0,0,0,0,0,0,0,0,0,0,0,0,0,0,0,0,0,0,0,0,0,0,0,20,0,0,0,0,0,0,0,0,0,0,0,0,0,0,0,0,0,0,0,0,0,0,0,0,0,0,0,0,0,0,0,0,0,0,0,0,0,0,0,0,0,0,0,0,0,0,0,0,0,0,0,0,0,0,0,0,0,0,0,0,0,0,0,0,0,0,0,0,0,107,0,0,0,0,0,0,0,0,0,0,0,0,0,0,0,0,0,0,0,173,0,52,0,158,0,0,0,38,0,0,0,0,26,56,0,0,0,39,0,0,0,54,29,0,0,0,0,0,0,0,0,0,0,0,0,0,0,0,0,0,0,0,0,0,0,133,335,638,0,98,0,0,0,0,0,0,0,0,0,0
0,150,0,47,0,158,0,54,0,31,0,75,530,126,0,77,0,0,132,404,0,103,0,26,0,0,676,0,0,0,0,10,0,0,35,66,12,51,0,0,320,26,134,442,91,370,408,183,0,33,74,308,0,0,0,0,0,0,0,0,0,0,0,0,0,0,0,0,0,0,0,0,0,0,0,0,0,0,0,0,0,0,0,0,0,0,0,0,0,0,0,0,0,0,0,0,0,0,0,0,0,0,0,0,0,0,0,0,0,0,0,0,0,0,0,0,0,0,0,0,0,0,0,0,0,0,0,0,0,0,0,0,0,0,0,0,0,0,0,0,0,0,0,0,0,0,0,0,0,0,0,0,0,0,0,0,0,0,0,0,0,0,0,0,0,156,0,0,0,160,0,0,0,13,0,0,0,37,0,0,0,0,0,0,0,0,112,0,0,0,0,0,0,0,0,0,0,0,0,0,0,0,0,0,0,0,0,0,0,0,0,0,0,0,110,0,0,0,227,333,539,0,0,0,0
68,0,166,5,86,0,0,0,0,0,92,2,0,0,0,0,154,0,17,0,213,0,190,3,121,0,0,0,0,0,37,0,11,0,9,0,13,0,21,0,0,0,0,0,11,0,0,0,0,0,8,0,4,0,0,0,4,0,2,0,0,0,47,0,0,0,0,0,0,0,3,0,0,0,4,0,0,0,0,0,0,0,0,0,79,0,0,0,0,0,0,0,0,0,0,0,65,0,0,0,0,0,0,0,0,0,0,0,0,0,0,0,0,0,0,0,0,0,0,0,0,0,26,0,0,0,0,0,0,0,0,0,3,0,28,0,32,0,59,0,44,0,73,0,39,0,0,0,3,0,5,0,0,0,10,0,4,0,19,0,0,0,0,0,0,0,0,0,6,0,0,0,0,0,0,0,53,0,10,0,0,0,21,0,0,0,0,0,0,0,0,0,0,0,0,0,0,0,0,0,49,0,0,0,0,0,0,0,0,0,5,13,0,0,4,0,0,0,0,0,0,0,0,0,0
7,102,18,239,0,108,0,97,0,0,0,32,0,0,8,80,7,113,0,0,15,63,57,71,0,60,0,0,0,0,0,1,0,0,0,10,0,0,0,19,0,0,0,10,0,0,0,0,0,0,0,3,0,20,0,32,0,19,0,6,0,7,0,38,0,0,0,0,0,0,0,0,0,0,0,0,0,0,0,0,0,0,0,0,0,27,0,0,0,0,0,0,0,0,0,0,0,0,0,0,0,0,0,0,0,0,0,0,0,0,0,0,0,0,0,0,0,0,0,0,0,0,0,6,0,0,0,0,0,0,0,3,0,17,0,104,0,131,0,208,0,67,0,91,0,12,0,0,0,0,0,0,0,0,0,11,0,0,0,21,0,0,0,0,0,0,0,0,0,0,0,4,0,0,0,0,16,103,1,25,0,2,0,12,0,0,0,0,0,0,0,0,0,0,0,0,0,0,0,0,0,0,0,0,0,0,0,0,0,0,1,0,0,0,0,0,0,0,0,61,0,5,0,0,0
18,0,48,0,332,74,0,0,4,0,122,15,87,0,119,0,67,0,42,0,168,0,69,0,0,0,55,0,37,0,0,0,11,0,50,0,41,0,5,0,0,0,22,0,0,0,0,0,5,0,97,0,0,0,0,0,0,0,0,0,0,0,20,0,0,0,0,0,0,0,5,0,0,0,0,0,0,0,0,0,0,0,0,0,49,0,0,0,0,0,0,0,0,0,0,0,0,0,0,0,0,0,0,0,0,0,0,0,0,0,0,0,0,0,0,0,0,0,0,0,0,0,0,0,0,0,0,0,0,0,0,0,0,0,0,0,0,0,40,0,0,0,0,0,53,0,0,0,0,0,0,0,0,0,0,0,11,0,0,0,0,0,0,0,5,0,72,0,0,0,4,0,18,0,0,0,41,0,33,0,0,0,0,0,0,0,0,0,0,0,0,0,0,0,0,0,0,0,0,0,32,0,0,0,0,0,0,0,0,0,35,22,64,0,0,0,0,0,0,0,0,0,0,0,0
0,27,0,65,36,272,0,0,0,10,0,82,7,0,52,151,0,3,0,59,0,37,0,14,0,0,0,10,0,1,0,0,0,5,0,52,0,28,0,7,0,0,0,93,0,0,0,0,0,1,0,51,0,0,0,0,0,0,0,0,0,0,0,20,0,0,0,0,0,0,0,0,0,0,0,0,0,0,0,0,0,7,0,0,0,0,0,1,0,0,0,0,0,0,0,0,0,0,0,4,0,0,0,0,0,0,0,0,0,0,0,0,0,0,0,0,0,0,0,0,0,0,0,2,0,0,0,0,0,0,0,0,0,0,0,17,0,0,0,108,0,68,0,0,0,40,0,0,0,0,0,0,0,0,0,3,0,6,0,0,0,0,0,0,0,0,0,24,0,8,0,0,0,8,0,0,26,91,0,16,0,0,0,9,0,0,0,0,0,0,0,0,0,0,0,0,0,0,0,0,0,0,0,0,0,0,0,0,0,0,0,0,0,0,27,0,0,0,57,40,36,0,0,0,0
0,0,0,0,444,102,0,0,1,0,418,0,44,0,90,70,14,0,25,0,38,0,57,0,0,0,37,0,11,0,11,0,0,0,22,0,140,0,5,0,0,0,22,0,21,0,0,0,2,0,37,0,0,0,0,0,0,0,0,0,5,0,5,0,0,0,0,0,0,0,0,0,0,0,0,0,0,0,0,0,0,0,0,0,14,0,0,0,0,0,0,0,0,0,0,0,15,0,0,0,0,0,0,0,0,0,0,0,0,0,0,0,0,0,0,0,0,0,0,0,0,0,0,0,0,1,0,0,0,0,0,0,0,0,0,0,0,0,11,0,0,0,0,0,0,0,0,0,0,0,3,0,0,0,4,0,13,0,0,0,0,0,0,0,0,0,58,0,7,0,2,0,19,0,0,0,116,21,90,0,0,0,20,0,0,0,0,0,0,0,0,0,0,0,0,0,0,0,0,0,0,0,0,0,0,0,0,0,0,0,25,19,68,7,13,0,0,0,0,0,0,0,0,0,0
0,0,0,40,54,340,0,0,0,4,29,135,0,0,95,87,0,0,0,17,0,15,28,6,0,0,0,0,0,0,0,5,0,0,0,9,0,160,0,0,0,0,0,9,0,3,0,0,0,0,0,13,0,0,0,0,0,0,0,0,0,5,0,4,0,0,0,0,0,0,0,0,0,0,0,0,0,0,0,0,0,0,0,0,0,0,0,0,0,0,0,0,0,0,0,0,0,0,0,0,0,0,0,0,0,0,0,0,0,0,0,0,0,0,0,0,0,0,0,0,0,0,0,0,0,0,0,0,0,0,0,0,0,0,0,0,0,0,0,0,0,9,0,3,0,10,0,0,0,0,0,0,0,0,0,0,0,20,0,0,0,0,0,0,0,0,0,52,0,0,0,0,0,19,0,0,27,130,0,46,0,0,0,0,0,0,0,0,0,0,0,0,0,0,0,0,0,0,0,0,0,0,0,0,0,0,0,0,0,0,5,0,0,0,0,0,0,0,0,110,0,0,0,0,0
7,0,0,0,229,0,0,0,6,0,39,0,474,54,23,0,6,0,257,52,59,0,0,1,0,0,120,35,9,0,50,0,22,0,0,0,306,0,0,0,0,0,41,0,15,0,6,0,11,0,127,0,0,0,0,0,0,0,0,0,0,0,0,0,0,0,0,0,0,0,0,0,0,0,0,0,0,0,0,0,0,0,0,0,0,0,0,0,0,0,0,0,0,0,0,0,0,0,0,0,0,0,0,0,0,0,0,0,0,0,0,0,0,0,0,0,0,0,0,0,0,0,0,0,0,0,0,0,0,0,0,0,0,0,0,0,0,0,0,0,0,0,0,0,0,0,0,0,0,0,0,0,0,0,0,0,0,0,0,0,0,0,0,0,73,0,78,0,85,0,1,0,21,0,0,0,13,0,61,0,0,0,8,0,5,0,4,0,0,0,0,0,0,0,0,0,0,0,0,0,0,0,0,0,0,0,0,0,0,0,64,89,255,0,42,0,0,0,0,0,0,0,0,0,0
0,0,0,5,0,118,0,0,0,7,0,35,0,40,0,31,0,0,17,251,0,266,0,0,0,0,0,66,0,10,0,52,0,9,0,0,0,438,0,0,0,0,0,115,0,28,0,0,0,0,0,67,0,0,0,0,0,0,0,0,0,8,0,0,0,0,0,0,0,0,0,2,0,0,0,0,0,0,0,0,0,0,0,0,0,0,0,0,0,0,0,0,0,0,0,0,0,0,0,0,0,0,0,0,0,0,0,0,0,0,0,0,0,0,0,0,0,0,0,0,0,0,0,12,0,0,0,0,0,0,0,1,0,0,0,0,0,0,0,63,0,103,0,0,0,0,0,0,0,0,0,0,0,0,0,0,0,0,0,0,0,0,0,0,0,0,0,53,0,23,0,0,0,29,0,0,0,23,0,0,0,0,0,0,0,0,0,0,0,0,0,0,0,0,0,0,0,0,0,0,0,0,0,0,0,0,0,0,0,0,0,0,0,0,75,0,0,0,142,123,144,29,0,0,0
17,1,18,0,281,0,0,0,0,0,193,0,163,0,29,19,0,0,43,27,36,0,22,0,0,0,104,12,13,0,41,0,140,0,306,0,0,0,89,1,2,0,59,0,53,0,0,0,5,0,118,0,0,0,0,0,0,0,0,0,33,0,34,0,0,0,0,0,0,0,8,0,0,0,0,0,0,0,0,0,0,0,0,0,92,0,0,0,0,0,0,0,0,0,0,0,0,0,34,0,0,0,0,0,0,0,0,0,0,0,0,0,0,0,0,0,0,0,0,0,9,0,0,0,0,0,1,0,0,0,0,0,0,0,0,0,29,0,112,0,78,0,47,0,165,0,0,0,0,0,0,0,0,0,0,0,64,0,0,0,0,0,0,0,34,0,41,0,58,0,24,0,85,0,0,0,34,0,42,0,0,0,0,0,0,0,0,0,0,0,0,0,0,0,0,0,0,0,0,0,0,0,0,0,0,0,0,0,0,0,19,52,94,3,10,0,0,0,0,0,0,0,0,0,0
0,69,0,33,0,246,0,0,0,10,0,83,0,0,17,68,0,0,14,197,0,161,0,13,0,0,0,51,0,0,0,28,0,160,0,438,0,0,0,56,0,0,0,92,0,18,0,0,0,2,0,80,0,0,0,0,0,0,0,0,0,21,0,19,0,0,0,0,0,0,0,0,0,0,0,2,0,0,0,0,0,19,0,0,0,0,0,0,0,0,0,0,0,0,0,0,0,0,0,0,0,0,0,0,0,0,0,0,0,0,0,0,0,0,1,0,0,0,0,0,0,0,0,11,0,0,0,0,0,0,0,0,0,0,0,0,0,0,0,146,0,190,0,47,0,184,0,0,0,0,0,0,0,0,0,0,0,84,0,7,0,0,0,3,0,15,0,68,0,56,0,9,0,71,0,0,0,46,0,23,0,0,0,0,0,0,0,3,0,0,0,0,0,0,0,0,0,0,0,0,0,0,0,0,0,0,0,0,0,0,0,0,0,0,20,0,0,0,20,177,70,10,0,0,0
364,9,285,16,94,0,30,0,11,0,172,0,0,0,0,17,85,0,0,0,5,0,149,0,125,9,9,0,21,0,5,0,5,0,0,0,89,0,0,0,0,0,0,0,0,0,0,0,0,0,0,0,1,0,0,0,0,0,0,0,19,0,73,0,0,0,0,0,0,0,4,0,0,0,3,0,0,0,0,0,0,0,0,0,39,0,0,0,0,0,0,0,0,0,0,0,0,0,0,0,0,0,0,0,0,0,0,0,0,0,0,0,0,0,0,0,0,0,0,0,0,0,0,0,0,0,0,0,0,0,0,0,0,0,0,0,9,0,76,0,30,0,35,0,68,0,0,0,0,0,0,0,0,0,11,0,41,0,0,0,0,0,0,0,0,0,17,0,2,0,8,0,197,0,0,0,189,20,5,0,0,0,151,0,22,0,0,0,0,0,0,0,0,0,0,0,0,0,0,0,0,0,0,0,0,0,0,0,0,0,15,168,18,0,0,0,0,0,0,0,0,0,0,0,0
0,260,0,134,0,82,1,231,0,0,0,29,0,0,11,26,7,41,0,0,0,0,0,13,0,16,0,0,0,19,0,7,0,0,0,0,1,56,0,0,0,0,0,1,0,0,0,0,0,0,0,2,0,4,0,6,0,0,0,0,0,15,0,16,0,0,0,0,0,0,0,0,0,0,0,0,0,0,0,0,0,0,0,0,0,0,0,0,0,0,0,0,0,0,0,0,0,0,0,0,0,0,0,0,0,0,0,0,0,0,0,0,0,0,0,0,0,0,0,0,0,0,0,0,0,0,0,0,0,0,0,0,0,0,0,0,0,0,0,95,0,45,0,0,0,48,0,0,0,0,0,0,0,0,0,5,0,12,0,3,0,0,0,0,0,0,0,0,0,0,0,0,0,56,0,0,12,135,0,49,0,0,0,32,0,0,0,0,0,0,0,0,0,0,0,0,0,0,0,0,0,0,0,0,0,0,0,0,0,0,1,0,0,1,16,0,0,0,0,208,7,0,0,0,0
11,0,0,0,35,0,0,0,0,0,94,0,324,154,0,0,0,0,38,30,0,0,0,0,0,0,50,320,0,0,0,0,0,0,0,0,2,0,0,0,0,81,37,0,18,84,167,385,218,34,12,0,0,0,0,0,0,0,0,0,0,0,0,0,0,0,0,0,0,0,0,0,0,0,0,0,0,0,0,0,0,0,0,0,0,0,0,0,0,0,0,0,0,0,0,0,0,0,0,0,0,0,0,0,0,0,0,0,0,0,0,0,0,0,0,0,0,0,0,0,0,0,0,0,0,0,0,0,0,0,0,0,0,0,0,0,0,0,0,0,0,0,0,0,0,0,0,0,0,0,0,0,0,0,0,0,0,0,0,0,0,0,0,0,0,0,0,0,0,0,0,0,0,0,0,0,6,51,29,0,0,0,0,0,0,0,234,3,0,0,0,0,0,0,0,0,0,0,0,0,0,0,0,0,0,0,0,0,0,0,0,44,18,0,0,0,0,3,0,1,0,0,0,0,1
0,150,0,0,0,78,0,0,0,12,0,170,0,499,0,0,0,0,0,0,0,2,0,0,0,0,107,26,0,0,0,0,0,0,0,0,0,0,0,0,81,0,0,40,48,69,301,304,29,220,3,19,0,0,0,0,0,0,0,0,0,0,0,0,0,0,0,0,0,1,0,0,0,0,0,0,0,0,0,0,0,0,0,0,0,0,0,0,0,0,0,0,0,0,0,0,0,0,0,0,0,0,0,0,0,0,0,0,0,0,0,0,0,0,0,0,0,0,0,0,0,0,0,0,0,0,0,0,0,0,0,0,0,0,0,0,0,0,0,0,0,0,0,0,0,0,0,0,0,0,0,0,0,0,0,0,0,0,0,0,0,0,0,0,0,0,0,0,0,0,0,0,0,0,0,0,0,185,0,0,0,19,0,15,0,10,70,0,0,0,0,0,0,0,0,0,0,0,0,0,0,0,0,0,0,0,0,0,0,0,0,5,0,0,0,0,0,0,0,22,13,0,1,0,4
0,0,0,0,0,0,0,0,2,0,16,0,29,35,0,0,0,0,6,0,0,2,0,0,0,0,179,134,0,0,22,0,22,0,41,0,59,0,0,0,37,0,0,0,193,12,81,70,30,0,172,0,0,0,0,0,18,0,0,0,0,0,0,0,0,0,3,0,0,0,0,0,0,0,0,0,0,0,0,0,0,0,18,0,41,0,13,0,0,0,0,0,0,0,0,0,50,0,0,0,0,0,0,0,0,0,0,0,0,0,0,0,0,0,0,0,0,0,0,0,0,0,0,0,0,0,0,0,0,0,0,0,0,0,0,0,0,0,0,0,0,0,13,0,0,0,0,0,0,0,0,0,0,0,0,0,0,0,0,0,5,0,5,0,36,0,32,0,37,0,5,0,22,0,0,0,0,0,11,0,0,0,0,0,0,0,72,0,0,0,0,0,0,0,0,0,0,0,0,0,0,0,0,0,0,0,0,0,0,0,17,34,111,7,10,0,0,2,0,0,0,0,0,0,0
0,0,0,0,0,8,0,0,0,0,0,0,0,0,0,0,0,0,0,77,0,93,0,0,0,0,0,442,0,10,0,93,0,9,0,115,0,92,0,1,0,40,0,0,0,332,0,76,0,112,0,140,0,3,0,0,0,0,0,0,0,0,0,0,0,0,0,0,0,0,0,0,0,0,0,0,0,0,0,0,0,44,0,0,0,0,0,0,0,0,0,0,0,0,0,0,0,0,0,0,0,0,0,0,0,0,0,0,0,0,0,0,0,0,0,0,0,0,0,0,0,0,0,0,0,0,0,0,0,4,0,0,0,0,0,0,0,0,0,0,0,171,0,86,0,84,0,0,0,0,0,0,0,0,0,3,0,0,0,0,0,0,0,1,0,179,0,54,0,134,0,0,0,0,0,0,0,5,0,0,0,0,0,0,0,0,0,30,0,0,0,0,0,0,0,0,0,0,0,0,0,0,0,0,0,0,0,0,0,0,0,0,0,0,40,0,0,0,76,101,257,0,2,0,5
0,0,0,0,0,0,0,0,0,0,0,0,8,0,0,0,0,0,22,0,0,2,0,0,0,0,181,91,11,0,0,0,21,0,15,0,53,0,0,0,18,48,193,0,0,46,265,177,322,27,164,0,0,0,0,0,0,0,0,0,12,0,0,0,0,0,0,0,0,0,14,0,0,0,0,0,0,0,0,0,0,0,0,0,205,0,26,0,0,0,0,0,0,0,0,0,197,0,0,0,0,0,11,0,0,0,0,0,0,0,0,0,0,0,0,0,0,0,0,0,6,0,0,0,0,0,0,0,0,0,0,0,0,0,0,0,0,0,0,0,0,0,67,0,51,0,0,0,0,0,5,0,0,0,9,0,0,0,0,0,0,0,12,0,272,0,37,0,70,0,30,0,62,0,0,0,0,12,6,0,0,0,0,0,0,0,46,0,0,0,0,0,0,0,4,0,2,0,0,0,0,0,0,0,0,0,0,0,0,0,53,196,251,9,31,0,0,39,0,1,0,0,0,0,0
0,20,0,0,0,11,0,0,0,7,0,30,20,10,5,0,0,0,0,91,0,61,0,0,0,0,44,370,0,0,0,0,0,3,0,28,0,18,0,0,84,69,12,332,46,0,177,189,41,228,5,141,0,0,0,0,0,0,0,0,0,0,0,0,0,0,0,0,0,12,0,0,0,0,0,0,0,0,0,0,0,0,0,0,0,0,0,0,0,0,0,0,0,0,0,0,0,0,0,0,0,0,0,0,0,0,0,0,0,0,0,0,0,0,0,0,0,0,0,0,0,0,0,0,0,0,0,0,0,0,0,0,0,0,0,0,0,0,0,0,0,20,0,15,0,0,0,0,0,0,0,0,0,0,0,0,0,0,0,0,0,0,0,0,0,396,0,19,0,110,0,0,0,14,0,0,0,69,0,0,0,0,0,0,0,0,21,37,0,0,0,0,0,0,0,0,0,0,0,0,0,0,0,0,0,0,0,0,0,0,0,3,0,0,25,0,0,0,34,269,313,21,0,0,66
23,0,0,0,46,0,0,0,0,0,123,0,263,0,0,0,0,0,66,19,6,0,0,0,0,0,208,408,0,0,0,0,0,0,6,0,0,0,0,0,167,301,81,0,265,177,0,775,199,113,37,0,0,0,0,0,11,0,0,0,0,0,0,0,0,0,0,0,0,0,0,0,0,0,0,0,0,0,0,0,0,0,0,0,0,0,0,0,0,0,0,0,0,0,0,0,0,0,0,0,0,0,0,0,0,0,0,0,0,0,0,0,0,0,0,0,0,0,0,0,0,0,0,0,0,0,0,0,0,0,0,0,0,0,0,0,0,0,0,0,0,0,0,0,0,0,0,0,0,0,0,0,0,0,0,0,0,0,0,0,0,0,0,0,41,0,5,0,0,0,0,0,0,0,0,0,0,79,40,0,0,0,0,0,0,0,167,15,0,0,0,0,0,0,0,0,0,0,0,0,0,0,0,0,0,0,0,0,0,0,0,256,105,0,12,0,0,20,0,7,0,0,0,0,0
0,237,0,33,0,109,0,86,0,0,0,145,155,233,0,0,0,0,38,143,0,0,0,0,0,0,459,183,0,0,0,0,0,0,0,0,0,0,0,0,385,304,70,76,177,189,775,0,68,182,0,45,0,0,0,0,0,0,0,0,0,0,0,0,0,0,0,7,0,0,0,0,0,0,0,0,0,0,0,0,0,0,0,0,0,0,0,0,0,0,0,0,0,0,0,0,0,0,0,0,0,0,0,0,0,0,0,0,0,0,0,0,0,0,0,0,0,0,0,0,0,0,0,0,0,0,0,0,0,0,0,0,0,0,0,0,0,0,0,0,0,0,0,0,0,0,0,0,0,0,0,0,0,0,0,0,0,0,0,0,0,0,0,0,0,0,0,0,0,0,0,0,0,0,0,0,0,156,0,0,0,0,0,0,0,0,108,0,0,0,0,0,0,0,0,0,0,0,0,0,0,0,0,0,0,0,0,1,0,0,0,5,0,0,16,0,0,0,0,130,58,0,0,0,0
9,0,27,0,7,0,38,0,19,0,22,0,115,0,0,0,0,0,0,3,0,0,6,0,19,0,42,0,0,0,5,0,2,0,11,0,5,0,0,0,218,29,30,0,322,41,199,68,0,80,18,1,6,0,35,0,50,0,23,0,7,0,0,0,5,0,7,0,20,1,0,0,0,0,0,0,7,0,10,0,9,0,68,0,0,0,19,1,0,0,0,0,47,2,27,0,0,0,4,0,0,0,77,0,0,0,0,0,6,0,0,0,0,0,0,0,0,0,0,0,0,0,0,0,1,0,0,0,0,0,6,0,0,0,16,0,0,0,8,0,10,0,14,0,8,0,0,0,0,0,0,0,0,0,3,0,3,0,0,0,29,0,7,0,4,0,9,0,21,0,11,0,16,0,2,0,11,26,42,0,0,0,0,0,0,0,237,1,0,0,11,0,33,0,0,0,0,0,0,0,21,0,0,0,0,0,0,0,7,1,45,170,124,8,47,7,1,24,2,10,16,9,0,0,0
0,0,0,8,0,0,0,13,0,0,0,53,0,98,0,0,0,0,5,42,0,24,0,0,0,0,0,33,0,0,0,1,0,0,0,0,0,2,0,0,34,220,0,112,27,228,113,182,80,0,0,33,0,0,0,0,0,5,0,0,0,0,0,0,0,4,0,0,0,10,0,0,0,0,0,0,0,11,0,0,0,20,0,25,0,0,0,5,0,0,0,0,0,21,0,4,0,0,0,0,0,10,0,12,0,1,0,0,0,0,0,0,0,5,0,0,0,0,0,0,0,0,0,0,0,0,0,1,0,0,0,0,0,0,0,0,0,0,0,0,0,8,0,30,0,0,1,0,0,0,0,0,0,2,0,0,0,0,0,2,0,0,0,0,0,24,0,9,0,8,0,0,0,5,0,0,1,187,1,0,0,0,0,0,0,0,53,98,0,7,0,0,0,0,0,8,0,0,0,0,0,6,0,0,0,0,0,0,0,4,0,18,0,0,16,0,0,2,36,148,44,11,2,2,40
5,0,0,0,0,0,0,0,0,0,32,0,184,0,0,0,0,0,120,24,63,0,1,0,0,0,343,74,8,0,97,0,37,0,127,0,118,0,0,0,12,3,172,0,164,5,37,0,18,0,0,0,0,0,0,0,13,0,0,0,0,0,7,0,0,0,0,0,1,0,2,0,0,0,0,0,0,0,0,0,14,0,0,0,0,0,7,0,0,0,0,0,0,0,0,0,0,0,0,0,0,0,0,0,0,0,0,0,0,0,0,0,0,0,0,0,0,0,0,0,4,0,0,0,0,0,0,0,0,0,0,0,0,0,0,0,0,0,0,0,0,0,27,0,22,0,0,0,0,0,0,0,0,0,0,0,0,0,0,0,0,0,5,0,70,0,14,0,121,0,0,0,43,0,0,0,0,0,0,0,0,0,0,0,0,0,17,0,0,0,0,0,0,0,0,0,0,0,0,0,0,0,0,0,0,0,0,0,0,0,17,66,103,0,0,2,0,0,0,0,0,0,0,0,0
0,0,0,0,0,0,0,0,0,0,0,7,0,88,0,0,0,0,0,202,0,69,0,0,0,0,0,308,0,3,0,51,0,13,0,67,0,80,0,2,0,19,0,140,0,141,0,45,1,33,0,0,0,0,0,0,0,12,0,0,0,0,0,0,0,0,0,0,0,9,0,0,0,0,0,0,0,9,0,0,0,31,0,0,0,43,0,0,0,0,0,0,0,0,0,0,0,0,0,0,0,0,0,3,0,0,0,0,0,0,0,0,0,5,0,0,0,0,0,0,0,0,0,16,0,0,0,0,0,0,0,0,0,0,0,0,0,0,0,0,0,68,0,43,0,47,0,0,0,0,0,0,0,0,0,6,0,0,0,0,0,0,0,3,0,80,0,43,0,159,0,0,0,32,0,0,0,2,0,0,0,0,0,0,0,0,0,62,0,0,0,0,0,0,0,0,0,0,0,0,0,3,0,0,0,0,0,0,0,0,0,0,0,0,42,0,0,0,80,48,150,0,1,0,0
29,0,6,0,0,0,185,0,295,89,1,0,0,0,12,0,127,0,0,0,0,0,4,0,37,7,0,0,4,0,0,0,0,0,0,0,0,0,1,0,0,0,0,0,0,0,0,0,6,0,0,0,0,21,427,118,196,10,14,55,27,0,83,9,0,0,10,73,0,0,0,0,0,0,0,0,0,0,0,0,0,0,0,0,61,0,0,0,0,0,2,0,2,0,0,0,54,0,0,0,0,0,0,0,24,0,32,0,0,0,0,0,0,0,0,0,0,0,0,0,1,0,6,0,0,0,0,0,66,0,10,0,8,0,58,0,88,0,200,0,46,0,110,0,27,0,0,0,0,0,0,0,0,0,278,5,80,0,202,0,24,0,0,0,0,0,1,0,0,0,77,0,3,0,0,0,85,10,1,0,0,0,0,0,5,2,0,0,0,0,0,0,0,0,0,0,0,0,0,0,100,0,0,0,0,0,0,0,49,0,154,520,55,47,101,0,9,1,1,0,0,2,0,0,0
0,12,0,0,0,2,0,71,61,177,0,0,0,0,0,19,0,53,0,0,0,0,0,18,27,8,0,0,0,20,0,0,0,0,0,0,0,0,0,4,0,0,0,3,0,0,0,0,0,0,0,0,21,0,72,83,4,68,8,10,0,24,10,63,0,0,39,0,0,0,0,0,0,0,0,0,0,0,0,0,0,0,0,0,0,1,0,0,0,0,0,0,0,0,0,0,0,0,0,0,0,0,0,0,0,0,0,0,0,0,0,0,0,0,0,0,0,0,0,0,0,0,0,0,0,0,0,0,0,35,0,0,0,26,0,0,0,42,0,144,0,0,0,7,0,9,0,0,0,0,0,0,0,0,0,98,0,115,0,30,0,10,0,0,0,0,0,0,0,0,1,31,0,12,0,0,9,58,0,0,0,0,0,14,0,0,0,0,0,0,0,0,0,0,0,0,0,0,0,0,0,0,0,0,0,0,0,0,0,0,0,0,0,0,82,0,0,0,100,164,36,70,0,0,0
0,0,9,0,0,0,147,0,284,205,0,0,0,0,50,0,98,0,0,0,0,0,38,0,71,9,0,0,0,0,0,0,0,0,0,0,0,0,0,0,0,0,0,0,0,0,0,0,35,0,0,0,427,72,0,224,165,12,120,80,0,0,56,48,1,0,238,94,0,0,0,0,0,0,0,0,0,0,0,0,0,0,0,0,3,0,1,0,0,0,0,0,0,0,0,0,0,0,0,0,0,0,0,0,0,0,0,0,0,0,0,0,0,0,0,0,0,0,0,0,0,0,0,0,46,0,20,0,87,0,41,0,20,0,34,0,24,0,8,0,2,0,0,0,1,0,0,0,0,1,26,0,0,0,115,4,24,0,54,0,117,0,0,0,0,0,0,0,24,0,159,0,17,0,0,0,87,23,0,0,0,0,0,0,0,19,0,0,0,0,0,0,0,0,0,0,0,1,0,0,0,0,0,0,0,0,0,0,52,0,284,95,233,0,375,9,75,0,0,0,0,0,0,0,0
0,10,0,40,0,0,60,212,322,104,0,0,0,0,0,79,0,79,0,0,0,78,0,94,54,151,0,0,0,32,0,0,0,0,0,0,0,0,0,6,0,0,0,0,0,0,0,0,0,0,0,0,118,83,224,0,44,278,27,47,0,21,25,56,0,10,95,29,0,0,0,0,0,0,0,0,0,0,0,0,0,0,0,0,0,0,0,0,0,0,0,0,0,0,0,0,0,0,0,0,0,0,0,0,0,0,0,0,0,0,0,0,0,1,0,0,0,0,0,0,0,0,0,0,0,11,0,0,0,77,0,23,0,161,0,42,2,139,0,15,0,0,0,6,0,0,0,3,0,0,0,0,0,0,2,99,0,26,0,23,0,35,0,0,0,0,0,0,0,27,0,183,0,56,0,0,52,59,0,0,0,0,0,11,11,9,0,0,0,0,0,0,0,0,0,0,0,0,0,0,0,0,0,0,0,0,0,0,0,47,0,0,0,0,430,1,0,0,451,217,262,438,12,0,0
5,0,0,0,0,0,61,0,48,0,0,0,0,0,0,0,43,0,0,0,0,0,0,0,7,0,0,0,4,0,0,0,0,0,0,0,0,0,0,0,0,0,18,0,0,0,11,0,50,0,13,0,196,4,165,44,0,12,394,68,0,0,8,0,193,6,107,129,0,0,0,0,0,0,0,0,0,0,0,0,0,0,0,0,0,0,0,0,0,0,0,0,0,0,1,0,0,0,0,0,0,0,0,0,0,0,0,0,0,0,0,0,0,0,0,0,0,0,0,0,0,0,0,0,14,0,0,0,58,0,60,0,2,0,0,0,4,0,7,0,0,0,0,0,4,0,4,0,21,0,0,0,0,0,199,8,64,0,132,0,214,0,0,0,0,0,0,0,47,0,283,0,47,0,1,7,6,0,0,0,0,0,0,0,1,12,0,0,0,0,0,0,0,0,0,0,0,0,0,0,0,0,0,0,0,0,0,0,0,0,582,247,562,408,732,40,105,0,0,2,0,0,0,0,0
0,3,0,0,0,0,0,39,0,86,0,2,0,0,0,0,0,54,0,0,0,41,0,19,0,16,0,0,0,19,0,0,0,0,0,0,0,0,0,0,0,0,0,0,0,0,0,0,0,5,0,12,10,68,12,278,12,0,59,422,0,1,0,22,31,12,73,111,0,0,0,0,0,0,0,0,0,0,0,0,0,0,0,0,0,0,0,0,0,0,0,0,0,0,0,0,0,0,0,0,0,0,0,0,0,0,0,0,0,0,0,0,0,0,0,0,0,0,0,0,0,0,0,0,0,9,0,22,0,90,0,30,0,56,0,0,0,0,0,20,0,1,0,0,0,0,0,9,0,9,0,34,0,0,10,358,0,6,0,119,0,105,0,0,0,4,0,0,0,43,0,373,0,30,0,3,0,0,0,0,0,0,0,1,6,1,0,0,0,0,0,0,0,0,0,0,0,0,0,0,0,0,0,0,0,0,0,17,0,19,0,0,2,0,443,0,0,0,463,205,394,419,21,0,0
4,0,0,0,0,0,161,0,61,17,0,0,0,0,0,0,0,0,0,0,0,0,0,0,4,0,0,0,2,0,0,0,0,0,0,0,0,0,0,0,0,0,0,0,0,0,0,0,23,0,0,0,14,8,120,27,394,59,0,177,0,0,0,0,565,0,167,301,0,0,0,0,0,0,0,0,0,0,0,0,0,0,0,0,0,0,0,0,0,0,0,0,0,0,0,0,0,0,0,0,0,0,0,0,0,0,0,0,0,0,0,0,0,0,0,0,0,0,0,0,0,0,0,0,0,0,0,0,0,0,78,0,0,0,0,0,0,0,0,3,0,0,0,0,0,0,0,0,25,0,0,0,0,0,62,64,72,6,8,0,186,0,0,0,0,0,0,0,19,0,86,0,0,0,12,32,10,0,0,0,0,6,0,0,89,17,0,0,0,0,0,0,0,0,0,0,0,0,0,0,0,0,0,0,0,0,0,0,0,0,495,292,313,260,468,0,0,0,0,0,0,0,0,0,0
0,12,0,0,0,0,0,14,69,63,0,0,0,0,0,0,2,5,0,0,0,0,0,0,0,4,0,0,0,6,0,0,0,0,0,0,0,0,0,0,0,0,0,0,0,0,0,0,0,0,0,0,55,10,80,47,68,422,177,0,0,0,0,0,78,165,310,546,0,0,0,0,0,0,0,0,0,0,0,0,0,0,0,0,0,0,0,0,0,0,0,0,0,0,0,0,0,0,0,0,0,0,0,0,0,0,0,0,0,0,0,0,0,0,0,0,0,0,0,0,0,0,0,0,0,20,0,27,0,14,0,76,0,12,0,0,0,0,0,3,0,0,0,0,2,6,0,0,0,58,0,18,0,3,28,47,6,31,0,12,32,86,0,0,0,0,0,0,0,46,0,195,0,21,0,45,22,0,0,0,16,53,0,0,39,123,0,0,0,0,0,0,0,0,0,2,0,1,0,0,0,0,0,0,0,0,0,3,0,16,4,0,0,0,724,0,0,0,863,413,433,442,35,0,0
95,0,0,0,3,0,116,0,226,0,0,0,0,0,0,0,0,1,0,0,0,0,3,0,15,3,0,0,0,0,0,0,5,0,0,0,33,0,19,0,0,0,0,0,12,0,0,0,7,0,0,0,27,0,0,0,0,0,0,0,0,0,13,0,0,0,0,0,0,0,0,0,0,0,6,0,0,0,0,0,0,0,0,0,8,0,0,0,0,0,0,0,0,0,0,0,0,0,0,0,0,0,0,0,1,0,0,0,0,0,0,0,0,0,0,0,0,0,0,0,0,0,0,0,0,0,1,0,0,0,0,0,0,0,3,0,13,0,115,0,50,0,0,0,206,0,0,0,0,0,0,0,0,0,21,0,156,0,0,0,0,0,4,0,0,0,0,0,0,0,79,0,49,0,0,0,73,0,0,0,0,0,0,0,0,0,0,0,0,0,0,0,0,0,0,0,0,0,0,0,0,0,0,0,0,0,0,0,0,0,155,141,41,0,81,0,8,0,2,0,0,0,0,0,0
0,181,0,0,0,0,0,317,0,122,0,0,0,0,0,0,1,0,0,0,0,10,0,0,0,12,0,0,0,7,0,0,0,5,0,8,0,21,0,15,0,0,0,0,0,0,0,0,0,0,0,0,0,24,0,21,0,1,0,0,0,0,3,40,0,0,0,0,0,0,0,0,0,0,0,0,0,0,0,0,0,0,0,0,0,0,0,0,0,0,0,0,0,0,0,0,0,0,0,0,0,0,0,0,0,0,0,0,0,0,0,0,0,0,0,0,0,0,0,0,0,0,0,1,0,0,0,0,0,0,0,0,0,0,0,0,0,0,0,41,0,43,0,0,0,151,0,0,0,0,0,0,0,0,0,22,0,104,0,14,0,0,0,4,0,1,0,0,0,1,0,54,0,108,0,0,11,131,0,6,0,0,0,79,0,11,0,0,0,0,0,0,0,0,0,0,0,0,0,0,0,0,0,0,0,0,0,0,0,0,0,0,0,0,120,0,0,0,86,278,56,114,0,19,0
270,21,129,0,0,0,351,61,223,67,0,0,0,0,26,0,168,8,0,0,103,0,24,0,376,60,0,0,47,0,20,0,5,0,0,0,34,0,73,0,0,0,0,0,0,0,0,0,0,0,7,0,83,10,56,25,8,0,0,0,13,3,0,26,0,0,2,0,0,0,0,0,0,0,9,0,0,0,0,0,0,0,0,0,100,0,0,0,0,0,0,0,0,0,0,0,0,0,0,0,0,0,0,0,0,0,0,0,0,0,0,0,0,0,0,0,0,0,0,0,0,0,0,0,0,0,0,0,0,0,0,0,0,0,0,0,94,0,301,0,157,0,126,0,153,0,0,0,0,0,0,0,0,0,129,0,54,0,51,0,0,0,0,0,0,0,0,0,0,0,9,0,12,0,0,0,218,0,0,0,0,0,48,1,0,0,0,0,0,0,0,0,0,0,0,0,0,0,0,0,37,0,0,0,0,0,0,0,0,0,65,224,12,0,28,0,2,0,2,0,0,0,0,0,0
0,149,0,2,0,0,58,498,44,179,0,0,0,0,0,13,3,278,0,0,0,57,0,64,70,130,0,0,0,38,0,20,0,4,0,0,0,19,0,16,0,0,0,0,0,0,0,0,0,0,0,0,9,63,48,56,0,22,0,0,0,40,26,0,0,0,0,0,0,0,0,0,0,0,0,0,0,0,0,0,0,0,0,0,0,0,0,0,0,0,0,0,0,0,0,0,0,0,0,0,0,0,0,0,0,0,0,1,0,0,0,0,0,0,0,0,0,0,0,0,0,0,0,0,0,0,0,2,0,8,0,0,0,0,0,0,0,35,0,160,0,33,0,0,0,49,0,0,0,0,0,0,0,0,0,17,0,33,0,24,0,0,0,0,0,0,0,0,0,0,0,9,0,6,0,0,33,196,0,0,0,0,0,114,0,0,0,0,0,0,0,0,0,0,0,0,0,0,0,0,0,0,0,0,0,0,0,0,0,0,0,0,0,0,28,0,0,0,39,163,8,20,0,0,0
0,0,0,0,8,0,31,0,187,0,0,0,0,0,0,0,0,0,0,0,0,0,0,0,0,0,0,0,0,0,0,0,0,0,0,0,0,0,0,0,0,0,0,0,0,0,0,0,5,0,0,0,0,0,1,0,193,31,565,78,0,0,0,0,0,0,139,75,0,0,1,0,0,0,0,0,0,0,0,0,0,0,0,0,0,0,0,0,0,0,0,0,0,0,0,0,0,0,0,0,0,0,0,0,0,0,0,0,0,0,0,0,0,0,0,0,0,0,0,0,0,0,0,0,14,0,0,0,0,0,80,0,0,0,0,0,0,0,8,27,0,0,0,1,13,12,20,0,136,0,0,0,6,0,12,38,12,2,0,28,106,56,0,0,0,0,0,0,0,0,5,0,0,0,48,22,0,0,0,0,292,70,0,0,194,0,0,0,0,0,0,0,0,0,0,0,0,0,0,0,1,0,0,0,0,0,0,0,0,0,158,52,106,0,139,0,0,0,0,0,0,0,0,0,0
0,55,0,28,0,29,0,30,0,221,0,0,0,0,0,53,0,0,0,43,0,0,0,3,0,0,0,0,0,0,0,0,0,0,0,0,0,0,0,0,0,0,0,0,0,0,0,0,0,4,0,0,0,0,0,10,6,12,0,165,0,0,0,0,0,0,3,239,0,0,0,15,0,3,0,4,0,0,0,0,0,0,0,0,0,0,0,0,0,0,0,0,0,0,0,0,0,0,0,0,0,0,0,0,0,0,0,0,0,0,0,0,0,0,0,0,0,0,0,0,0,0,0,0,0,75,0,43,27,0,61,153,0,0,0,0,0,0,40,8,0,0,0,1,0,22,0,41,0,132,0,21,0,21,0,3,0,0,27,2,0,340,0,12,0,0,0,0,0,0,0,0,0,0,0,63,0,0,0,0,63,337,0,2,0,86,0,0,0,0,0,0,0,0,0,0,0,0,0,0,0,0,0,0,0,0,0,4,0,5,0,0,0,0,100,0,0,0,77,16,0,0,0,0,0
8,0,0,0,0,0,27,0,42,0,0,0,0,0,0,0,0,0,0,0,0,0,0,0,0,0,0,0,0,0,0,0,0,0,0,0,0,0,0,0,0,0,3,0,0,0,0,0,7,0,0,0,10,39,238,95,107,73,167,310,0,0,2,0,139,3,0,188,0,0,0,0,0,0,0,0,0,0,0,0,0,0,0,0,0,0,0,0,0,0,0,0,0,0,0,0,0,0,0,0,0,0,0,0,0,0,0,0,0,0,0,0,0,0,0,0,0,0,0,0,0,0,0,0,2,0,0,0,0,0,16,0,0,0,0,0,0,0,0,2,0,0,0,0,0,0,1,0,15,0,0,0,0,0,21,39,30,0,2,0,34,13,0,0,0,0,0,0,0,0,22,0,9,0,26,27,123,4,0,0,69,7,0,0,974,52,0,0,0,0,0,0,0,0,0,0,0,0,0,0,0,0,0,0,0,0,0,0,0,0,173,153,75,0,124,0,0,0,0,0,0,0,0,0,0
0,37,0,0,0,12,0,26,45,282,0,8,0,3,0,0,0,0,0,11,0,0,1,0,0,0,0,0,0,0,0,0,0,0,0,0,0,0,0,0,0,0,0,0,0,0,0,7,0,0,0,0,73,0,94,29,129,111,301,546,0,0,0,0,75,239,188,0,0,0,0,0,0,0,0,0,0,0,0,0,0,2,0,0,0,0,0,0,0,0,0,0,0,0,0,0,0,0,0,0,0,0,0,0,0,0,0,0,0,0,0,0,0,0,0,0,0,0,0,0,0,0,0,0,0,17,0,2,0,0,0,76,0,0,0,0,0,5,6,0,0,0,0,0,0,16,0,6,0,127,0,9,0,0,44,8,0,7,25,0,33,99,0,24,0,0,0,0,0,12,0,0,0,0,12,213,18,11,0,0,22,0,0,1,37,841,1,0,0,0,0,0,0,0,0,0,0,0,0,0,0,0,0,0,0,0,0,0,0,0,3,0,0,0,221,0,0,0,317,265,0,0,0,0,0
0,0,0,0,0,0,0,0,0,0,0,0,0,0,0,0,0,0,0,0,0,0,0,0,0,0,0,0,0,0,0,0,0,0,0,0,0,0,0,0,0,0,0,0,0,0,0,0,20,0,1,0,0,0,0,0,0,0,0,0,0,0,0,0,0,0,0,0,0,0,0,0,4,0,0,0,126,0,23,0,0,0,37,0,0,0,15,0,4,0,0,0,21,0,9,0,0,0,0,0,10,0,185,0,0,0,6,0,43,0,0,0,0,0,0,0,15,0,0,0,0,0,0,0,0,0,0,0,0,0,0,0,0,0,0,0,0,0,0,0,0,0,0,0,0,0,0,0,0,0,0,0,0,0,0,0,0,0,0,0,0,0,0,0,11,0,0,0,94,0,0,0,0,0,0,0,0,0,0,0,0,0,0,0,0,0,0,0,0,0,0,0,0,0,0,0,0,0,0,0,0,0,0,0,0,0,1,0,0,0,20,1,20,2,0,7,17,6,0,0,0,0,0,0,0
0,0,0,0,0,0,0,0,0,0,0,0,0,0,0,0,0,0,0,0,0,0,0,0,0,0,0,0,0,0,0,0,0,0,0,0,0,0,0,0,0,1,0,0,0,12,0,0,1,10,0,9,0,0,0,0,0,0,0,0,0,0,0,0,0,0,0,0,0,0,0,0,0,1,0,0,0,126,0,0,0,0,0,165,0,0,0,13,0,26,0,0,0,54,0,68,0,0,0,0,0,12,0,136,0,0,0,0,0,26,0,3,0,34,0,1,0,65,0,0,0,0,0,0,0,0,1,0,0,0,0,0,0,0,0,0,0,0,0,0,0,0,0,0,0,0,0,0,0,0,0,0,0,0,0,0,0,0,0,0,0,0,0,0,0,87,0,0,0,62,0,0,0,0,0,0,0,1,0,0,0,0,0,0,0,0,0,0,0,0,0,0,0,0,0,0,0,0,0,0,0,0,0,3,0,0,0,0,0,0,0,0,0,0,0,0,0,0,12,17,34,0,1,14,0
0,0,0,0,0,0,0,0,0,0,0,0,0,0,0,0,10,0,0,0,23,0,0,0,0,0,0,0,3,0,5,0,0,0,0,0,8,0,4,0,0,0,0,0,14,0,0,0,0,0,2,0,0,0,0,0,0,0,0,0,0,0,0,0,1,0,0,0,0,0,0,0,173,0,293,0,15,0,102,0,10,0,0,0,10,0,12,0,0,0,0,0,0,0,0,0,0,0,0,0,0,0,0,0,0,0,0,0,0,0,0,0,0,0,0,0,0,0,0,0,87,0,0,0,15,0,13,0,23,6,22,0,0,0,75,0,24,0,11,20,80,0,137,0,72,0,8,0,11,10,42,0,17,0,0,0,1,0,1,0,5,0,35,0,0,0,0,0,66,1,21,0,32,0,35,0,0,0,0,0,36,6,0,0,61,0,0,0,0,0,0,0,0,0,0,0,0,0,37,0,16,0,0,0,0,0,58,0,84,0,23,3,102,13,24,0,0,0,0,0,0,0,0,0,0
0,0,0,0,0,0,0,0,0,0,0,0,0,0,0,0,0,0,0,0,1,3,0,0,0,0,0,0,0,0,0,0,0,0,0,2,0,0,0,0,0,0,0,0,0,0,0,0,0,0,0,0,0,0,0,0,0,0,0,0,0,0,0,0,0,15,0,0,0,0,0,0,0,138,0,232,0,5,0,24,0,0,0,8,0,0,0,33,0,0,1,0,0,0,0,0,0,0,0,0,0,0,0,0,0,0,0,0,0,0,0,0,0,0,0,0,0,0,0,0,0,15,0,48,0,20,0,0,0,10,9,11,0,23,0,57,0,28,12,29,0,25,0,38,0,69,0,0,0,87,0,31,0,64,0,0,0,0,0,0,0,7,0,42,0,0,0,1,0,21,0,6,0,0,0,15,0,0,0,0,6,53,0,0,0,36,0,0,0,0,0,0,0,0,0,0,0,0,0,0,0,0,0,0,0,0,0,0,0,45,0,0,0,0,12,0,0,0,43,0,43,0,0,1,0
0,0,0,0,0,0,0,0,0,0,0,0,0,0,0,0,0,0,0,0,0,0,0,0,0,0,0,0,0,0,0,0,0,0,0,0,0,0,0,0,0,0,0,0,0,0,0,0,0,0,0,0,0,0,0,0,0,0,0,0,0,0,0,0,0,0,0,0,4,0,173,0,0,0,87,0,24,0,76,0,12,0,21,0,25,0,13,0,0,0,2,0,1,0,2,0,0,0,2,0,1,0,6,0,0,0,0,0,0,0,0,0,0,0,0,0,0,0,0,0,28,0,14,0,0,0,12,0,15,0,0,0,3,3,60,0,19,0,14,0,78,0,77,1,60,0,0,0,0,0,47,0,11,0,0,0,0,0,0,0,0,0,67,0,0,0,0,0,21,0,16,0,0,0,15,1,0,0,0,0,0,0,2,0,10,0,0,0,16,0,0,0,64,0,0,0,0,0,83,0,108,0,0,0,73,0,43,0,53,0,195,4,27,3,0,0,0,0,0,0,0,0,0,0,0
0,0,0,0,0,0,0,0,0,0,0,0,0,0,0,0,0,0,0,0,0,0,0,0,0,0,0,0,0,0,0,0,0,0,0,0,0,0,0,0,0,0,0,0,0,0,0,0,0,0,0,0,0,0,0,0,0,0,0,0,0,0,0,0,0,3,0,0,0,1,0,138,0,0,0,288,0,49,0,21,0,15,0,51,0,12,0,57,0,0,0,0,0,0,0,5,0,0,0,1,0,0,0,0,0,4,0,0,0,0,0,0,0,0,0,0,0,0,0,0,0,38,0,68,0,17,0,0,0,0,0,6,0,11,1,122,0,0,0,15,0,23,0,19,0,71,0,0,0,35,0,20,2,28,0,0,0,0,0,0,0,3,0,39,0,0,0,0,0,17,0,0,0,0,0,15,0,0,0,0,0,12,0,0,0,12,0,0,0,25,0,0,0,0,0,7,0,12,0,60,0,91,0,0,0,30,0,0,0,40,0,0,0,0,21,0,0,0,202,2,15,3,0,0,0
0,0,0,0,0,0,0,0,0,0,0,0,0,0,0,0,5,0,0,0,27,0,0,0,0,0,20,0,4,0,0,0,0,0,0,0,0,0,3,0,0,0,0,0,0,0,0,0,0,0,0,0,0,0,0,0,0,0,0,0,6,0,9,0,0,0,0,0,0,0,293,0,87,0,0,0,19,0,124,0,20,0,0,0,26,0,102,0,0,0,0,0,0,1,11,0,11,0,15,0,0,0,1,0,0,0,0,0,0,0,0,0,0,0,0,0,0,0,0,0,131,0,43,1,9,2,0,0,7,9,0,0,0,6,23,0,17,1,0,17,39,0,97,0,78,0,11,0,8,4,0,0,16,0,0,0,5,0,0,0,0,0,16,0,0,0,1,0,16,0,12,0,6,0,19,0,0,0,0,0,28,0,0,0,44,0,0,0,0,0,0,0,6,0,0,0,6,0,29,0,23,0,0,0,0,0,17,0,18,0,72,0,30,5,6,3,0,0,0,0,0,0,0,0,0
0,0,0,0,0,0,0,0,0,0,0,0,0,0,0,0,0,1,0,0,0,9,0,0,0,0,0,0,0,0,0,0,0,0,0,0,0,2,0,0,0,0,0,0,0,0,0,0,0,0,0,0,0,0,0,0,0,0,0,0,0,0,0,0,0,4,0,0,0,0,0,232,0,288,0,0,0,12,0,104,0,7,0,0,0,0,0,172,0,0,0,0,0,0,0,1,0,0,0,0,0,0,0,0,0,0,0,0,0,0,0,0,0,0,0,0,0,0,0,0,0,47,0,81,0,20,0,19,0,0,0,0,0,23,0,32,6,0,0,0,0,36,0,15,0,78,0,0,3,74,0,12,0,92,0,0,0,0,0,0,0,0,0,12,0,0,0,0,0,10,0,3,0,4,0,15,0,0,0,0,7,46,0,0,0,12,0,0,0,0,0,0,0,0,0,1,0,0,0,0,0,14,0,0,0,0,0,0,0,23,0,0,1,0,0,0,0,0,49,0,0,0,0,0,0
0,0,0,0,0,0,0,0,0,0,0,0,0,0,0,0,0,0,0,0,0,0,0,0,0,0,0,0,0,0,0,0,0,0,0,0,0,0,0,0,0,0,0,0,0,0,0,0,7,0,0,0,0,0,0,0,0,0,0,0,0,0,0,0,0,0,0,0,126,0,15,0,24,0,19,0,0,0,34,0,26,0,139,0,18,0,63,0,0,0,0,0,66,0,32,0,0,0,4,0,19,0,121,0,0,0,0,0,35,0,0,0,0,0,0,0,17,0,0,0,5,0,0,0,0,0,3,0,0,0,0,0,0,0,0,0,0,2,0,0,0,0,17,0,0,0,0,0,0,0,0,0,6,0,0,0,0,0,0,0,0,0,0,0,22,0,0,0,40,0,0,0,0,0,0,0,0,0,0,0,0,0,0,0,0,0,0,0,0,0,0,0,0,0,7,0,0,0,0,0,48,0,0,0,52,0,0,0,0,0,28,0,33,0,0,4,12,0,0,0,0,0,0,0,0
0,0,0,0,0,0,0,0,0,0,0,0,0,0,0,0,0,0,0,0,0,0,0,0,0,0,0,0,0,0,0,0,0,0,0,0,0,0,0,0,0,0,0,0,0,0,0,0,0,11,0,9,0,0,0,0,0,0,0,0,0,0,0,0,0,0,0,0,0,126,0,5,0,49,0,12,0,0,0,8,0,102,0,222,0,0,0,112,0,16,0,0,0,59,0,120,0,0,0,0,0,41,0,51,0,0,0,0,0,17,0,0,0,41,0,1,0,47,0,0,0,7,0,8,0,0,0,0,0,0,0,0,0,0,0,21,0,0,0,0,0,0,0,0,0,0,0,0,0,0,0,0,2,0,0,0,0,0,0,0,0,0,0,0,0,62,0,0,0,95,0,1,0,0,0,0,0,0,0,0,0,0,0,0,0,0,0,0,0,0,0,0,0,0,0,0,0,0,0,0,0,0,0,0,0,0,0,0,0,0,0,0,0,0,13,0,0,0,120,8,109,0,10,0,5
0,0,0,0,0,0,0,0,0,0,0,0,0,0,0,0,0,0,10,0,0,0,0,0,0,0,0,0,0,0,0,0,0,0,0,0,0,0,0,0,0,0,0,0,0,0,0,0,10,0,0,0,0,0,0,0,0,0,0,0,0,0,0,0,0,0,0,0,23,0,102,0,76,0,124,0,34,0,0,0,35,0,70,0,19,0,104,0,0,0,6,0,13,0,23,0,10,0,5,0,3,0,50,0,0,0,5,0,0,0,0,0,0,0,0,0,3,0,0,0,50,0,19,0,0,0,0,0,0,0,0,0,0,0,19,0,0,0,0,0,0,5,22,0,22,0,5,0,0,3,0,0,0,0,0,0,0,0,0,0,0,0,6,0,16,0,0,0,32,0,0,0,0,0,0,0,0,0,0,0,0,1,0,0,0,0,0,0,60,0,0,0,0,0,15,0,0,0,0,0,63,0,0,0,53,0,0,0,0,0,115,3,30,0,4,7,3,0,0,0,2,0,0,0,0
0,2,0,0,0,0,0,0,0,0,0,0,0,0,0,0,0,0,0,0,0,0,0,0,0,0,0,0,0,0,0,0,0,0,0,0,0,0,0,0,0,0,0,0,0,0,0,0,0,0,0,0,0,0,0,0,0,0,0,0,0,0,0,0,0,0,0,0,0,0,0,24,0,21,0,104,0,8,0,0,0,0,0,0,0,3,0,25,0,0,0,0,0,0,0,0,0,0,0,0,0,0,0,0,0,0,0,0,0,0,0,0,0,0,0,0,0,0,0,0,1,21,0,32,0,6,0,0,7,0,0,0,2,9,0,0,0,11,1,0,4,20,0,6,0,32,0,0,0,0,0,0,0,0,0,0,0,0,0,0,0,0,0,2,0,0,0,0,0,0,0,0,0,2,0,9,0,0,0,0,0,0,0,0,0,0,0,0,0,0,0,0,0,0,0,0,0,0,0,0,1,0,0,0,0,0,0,3,0,6,0,0,0,0,0,0,0,0,12,0,0,0,0,0,0
