0,80,83,32,96,4,15,29,36,18,172,3,117,0,41,10,95,8,58,0,54,0,88,12,12,80,30,0,177,1,45,1,178,0,8,0,126,0,484,0,27,0,5,0,3,0,5,0,17,0,11,0,0,0,0,0,0,0,3,0,84,0,65,10,0,0,0,0,0,0,0,0,0,0,0,0,0,0,0,0,0,0,0,0,0,2,3,0,0,0,0,0,0,0,0,0,0,0,0,0,0,0,0,0,0,0,0,0,0,0,0,0,0,0,0,0,0,0,0,0,9,0,0,0,0,0,0,0,0,0,0,0,0,0,1,0,2,0,0,0,0,0,4,0,0,0,0,0,1,0,2,0,3,0,0,0,0,0,0,0,0,0,0,0,0,0,19,0,19,0,18,0,191,0,1,0,129,14,53,0,0,0,8,15,6,0,9,0,0,0,0,0,0,0,0,0,0,0,0,0,0,0,0,0,0,0,0,0,0,0,6,0,3,0,103,0,0,0,4,0,94,0,16,0,29,0,140,10,100,0,98,0,153,1,12,0,16,0,50,0,44,0,80,0,223,0,0,0,0
80,0,94,28,19,187,34,61,23,106,2,224,0,101,20,80,38,116,0,102,5,23,214,107,151,60,0,243,0,53,0,0,0,54,0,9,0,104,0,486,0,42,0,0,0,8,0,19,1,7,0,0,0,40,2,15,0,3,0,5,0,293,8,303,0,48,0,15,0,0,0,0,0,17,0,0,0,0,0,0,0,0,0,0,0,12,0,9,0,0,0,0,0,0,0,0,0,6,0,6,0,0,0,0,0,0,0,2,0,0,0,0,0,0,0,0,0,0,0,0,0,0,0,0,0,4,0,6,0,0,0,0,0,0,0,18,0,12,0,0,0,6,0,14,0,0,0,10,0,20,0,26,0,61,0,2,0,39,0,0,0,0,0,0,0,9,0,6,0,11,0,36,0,83,0,9,17,312,0,37,0,36,0,49,0,111,0,0,0,0,0,0,0,0,0,0,0,2,0,0,0,3,0,0,0,0,0,0,0,8,0,21,0,3,0,75,0,0,0,10,1,236,1,37,1,16,0,224,1,169,0,93,0,474,1,46,0,14,1,129,0,48,0,69,2,326,0,0,0
83,94,0,69,66,52,111,13,72,5,8,28,50,0,197,53,100,8,78,0,130,0,327,16,41,87,46,0,218,0,99,0,169,0,0,0,80,4,328,8,9,0,0,0,7,0,7,0,14,0,0,0,0,0,14,0,0,0,6,2,27,0,24,5,6,0,4,0,0,0,0,0,3,0,0,0,0,0,0,0,25,0,0,0,0,0,0,0,0,0,7,0,0,0,0,0,11,0,0,0,0,0,0,0,0,0,0,0,0,0,0,0,0,0,0,0,0,0,0,0,0,0,0,0,0,0,0,0,0,0,0,0,6,0,13,0,39,0,0,0,10,0,17,1,5,0,13,0,25,0,8,0,4,0,0,0,0,0,0,0,0,0,5,0,0,0,17,0,0,0,13,0,138,0,0,0,77,38,0,0,0,0,4,22,18,0,0,0,0,0,0,0,0,0,0,0,0,0,0,0,14,0,0,0,0,0,5,0,3,0,0,0,0,0,163,0,6,0,7,0,166,0,11,0,26,0,108,12,91,0,117,0,196,0,18,1,24,4,72,0,52,0,81,0,235,2,0,0,0
32,28,69,0,22,68,2,121,4,28,9,4,0,5,13,208,17,15,0,83,9,65,148,146,15,43,0,54,3,61,4,25,5,67,0,0,0,51,2,390,0,0,0,0,0,0,0,0,0,4,0,0,0,1,0,53,0,0,0,2,0,39,0,26,1,10,0,0,0,0,0,0,0,0,0,0,0,0,0,0,0,0,0,0,0,8,0,0,0,0,0,0,0,0,0,0,0,10,0,0,0,0,0,0,0,0,0,0,0,0,0,0,0,0,0,0,0,0,0,0,0,2,0,2,0,1,0,0,0,0,0,6,0,6,0,63,0,84,0,2,0,7,0,31,0,2,0,9,0,6,0,0,0,4,0,0,0,0,0,0,0,6,0,0,0,1,0,6,0,7,0,25,0,56,0,0,9,83,0,7,0,1,1,9,0,2,0,0,0,0,0,0,0,0,0,0,0,0,0,7,0,0,0,0,0,0,0,2,0,27,0,14,0,1,0,17,0,0,0,5,0,184,0,20,0,6,0,99,0,119,0,35,0,148,0,7,0,3,0,44,0,10,0,16,1,83,0,0,0
96,19,66,22,0,184,16,0,20,0,87,79,201,144,168,111,34,0,177,114,213,41,72,15,0,1,83,48,0,0,239,2,256,17,98,0,245,4,27,0,53,7,26,0,7,0,19,3,10,0,74,0,0,0,8,0,0,0,0,0,0,0,0,0,7,0,0,0,0,0,0,0,0,0,0,0,1,0,0,0,0,0,0,0,0,0,0,0,0,0,3,0,0,0,0,0,0,0,0,0,0,0,0,0,0,0,0,0,0,0,0,0,0,0,0,0,0,0,0,0,11,0,0,0,2,0,0,0,0,0,2,0,0,0,0,0,11,0,5,0,7,0,0,0,0,0,5,0,14,0,7,0,13,0,4,0,0,0,0,0,0,0,0,0,18,0,101,0,19,0,0,0,71,0,0,0,141,37,29,0,6,0,0,0,21,0,8,0,0,0,0,0,0,0,0,0,1,0,0,0,5,0,0,0,0,0,0,0,0,0,4,0,0,0,54,1,0,0,0,4,172,0,6,1,45,0,187,6,107,0,168,0,0,0,11,0,43,2,51,0,35,0,65,0,208,0,0,0,0
4,187,52,68,184,0,0,43,0,30,64,250,163,134,230,121,10,3,77,181,89,81,74,105,0,31,22,212,1,11,13,58,0,206,6,45,2,67,0,96,0,36,0,0,0,8,2,19,0,2,0,13,0,3,0,23,0,5,0,0,0,0,0,0,0,21,0,0,0,0,0,0,0,0,0,1,0,0,0,0,0,0,0,0,0,0,0,5,0,0,0,0,0,0,0,0,0,0,0,0,0,0,0,0,0,1,0,0,0,0,0,0,0,0,0,0,0,0,0,0,0,1,0,0,0,2,0,6,0,0,0,0,0,2,0,45,0,82,0,0,0,5,0,30,0,0,0,13,0,17,0,0,0,0,0,0,0,3,0,0,0,0,0,0,0,0,0,52,0,0,0,0,0,45,0,8,19,295,37,101,0,24,0,6,0,6,8,3,0,0,0,0,0,0,0,0,0,0,0,0,0,0,0,1,0,0,0,0,0,41,0,0,0,0,0,18,0,3,0,14,0,257,0,0,0,29,0,318,0,126,0,142,0,279,0,14,0,17,0,59,0,18,0,35,0,202,0,0,0
15,34,111,2,16,0,0,26,18,102,9,0,0,0,9,0,78,0,9,0,0,0,11,0,118,60,0,0,33,0,0,0,3,0,0,0,0,0,86,0,0,0,0,0,5,0,0,0,22,0,12,0,52,18,149,28,0,0,2,0,259,2,399,20,0,0,0,0,0,0,0,0,0,0,2,0,0,0,0,0,0,0,0,0,30,0,5,0,0,0,13,0,0,0,0,0,0,0,0,0,0,0,0,0,0,0,0,0,0,0,0,0,0,0,0,0,0,0,0,0,0,0,0,0,13,0,1,0,0,0,10,0,4,0,0,0,16,0,6,0,12,0,15,0,0,0,3,0,15,0,0,0,3,0,0,0,15,0,0,0,5,0,0,0,7,0,10,0,27,0,145,0,290,0,0,0,67,23,0,0,0,0,3,13,0,0,0,0,0,0,0,0,0,0,0,0,0,0,0,0,0,0,0,0,0,0,0,0,0,0,0,0,9,0,334,0,3,0,43,0,194,0,60,2,86,0,172,0,216,0,66,0,268,2,25,4,15,0,106,0,70,0,84,0,281,0,0,0,0
29,61,13,121,0,43,26,0,29,31,0,13,1,16,0,108,9,41,0,38,0,25,13,29,56,66,0,38,0,29,0,9,0,11,0,0,0,8,1,146,0,4,0,0,0,5,0,2,0,0,0,8,6,73,7,232,0,18,0,12,0,179,12,454,0,4,0,0,0,1,0,0,0,0,0,0,0,0,0,0,1,0,0,0,0,0,0,2,0,0,0,0,0,0,0,0,0,4,0,0,0,0,0,0,0,0,0,0,0,0,0,0,0,0,0,0,0,0,0,0,0,0,0,0,0,5,0,9,0,0,0,5,0,0,0,62,0,86,0,8,0,3,0,22,0,0,0,9,0,0,0,0,0,3,0,0,0,25,0,0,0,29,0,7,0,0,0,0,0,10,0,51,0,61,0,0,4,15,0,1,0,0,0,8,0,3,0,0,0,0,0,0,0,0,0,0,0,0,0,0,0,6,0,1,0,0,0,0,0,35,0,60,0,0,0,143,0,0,0,22,0,462,0,88,0,44,0,73,1,244,0,31,0,452,2,67,0,8,0,99,0,26,0,46,2,264,0,0,0
36,23,72,4,20,0,18,29,0,176,42,0,31,0,7,1,2,2,16,0,0,0,0,0,7,46,11,0,4,0,3,0,10,0,0,0,6,0,20,0,5,0,3,0,0,0,0,0,12,0,5,0,53,18,61,56,4,8,60,13,147,1,197,12,44,0,36,18,0,0,0,0,4,0,0,0,0,0,0,0,2,0,0,0,0,0,0,0,0,0,0,0,0,0,0,0,0,0,2,0,0,0,0,0,0,0,1,0,0,0,0,0,0,0,0,0,0,0,0,0,0,0,0,0,31,0,3,0,0,0,27,0,3,0,5,0,7,2,0,0,0,0,3,0,0,0,17,0,48,0,3,0,5,0,0,1,7,0,0,0,6,0,0,0,0,0,9,0,20,0,126,0,126,0,0,0,277,37,14,0,1,0,15,0,28,27,0,0,0,0,0,0,0,0,0,0,0,0,0,0,0,0,0,0,0,0,0,0,2,0,0,0,0,0,206,0,0,0,18,0,88,0,32,0,45,0,128,0,161,0,32,0,147,5,16,2,6,0,69,0,39,0,43,0,196,0,0,0,0
18,106,5,28,0,30,102,31,176,0,0,31,0,12,0,15,17,6,0,27,0,0,3,11,117,8,0,35,1,7,0,0,0,0,0,0,0,0,0,0,0,0,0,0,0,0,0,2,0,1,0,0,36,131,105,78,0,4,24,12,0,120,49,251,0,188,6,127,0,0,0,0,0,0,0,0,0,0,0,0,0,0,0,0,0,0,0,0,0,0,0,0,0,0,0,0,0,0,0,0,0,0,0,0,0,0,0,2,0,0,0,0,0,0,0,0,0,0,0,1,0,0,0,0,0,32,0,31,0,2,0,13,0,8,0,12,2,31,0,3,0,0,0,0,0,0,0,55,0,21,0,6,0,14,1,29,0,102,0,0,0,14,0,0,0,0,0,0,0,5,0,44,0,23,0,2,52,401,0,17,0,5,0,17,4,161,0,0,0,0,0,0,0,0,0,0,0,1,0,0,0,1,0,0,0,0,0,8,0,46,0,78,0,0,0,222,0,0,1,19,0,371,0,57,0,53,0,98,0,238,0,57,1,382,1,51,0,8,0,132,0,38,0,60,3,259,0,0,0
172,2,8,9,87,64,9,0,42,0,0,31,265,0,58,66,3,0,37,22,95,16,16,6,0,0,18,4,7,0,91,0,155,6,38,2,185,0,0,0,27,0,7,0,3,0,4,0,5,0,12,0,0,0,0,0,0,1,0,1,0,0,0,0,10,0,0,0,0,0,0,0,0,0,1,0,0,0,0,0,0,0,0,0,0,0,0,0,0,0,0,0,0,0,0,0,1,0,0,0,0,0,0,0,0,0,0,0,0,0,0,0,0,0,0,0,0,0,0,0,0,0,0,0,3,0,0,0,0,0,0,0,0,1,0,0,0,0,0,0,9,0,0,0,0,0,4,0,2,0,0,0,3,0,0,0,0,0,0,0,1,0,0,0,0,0,45,0,0,0,0,0,25,0,0,0,67,5,23,0,2,0,1,0,9,0,16,0,0,0,0,0,0,0,0,0,0,0,0,0,0,0,0,0,0,0,0,0,2,0,0,0,0,0,11,0,0,0,0,0,91,3,4,0,11,0,58,5,64,0,54,0,0,0,6,0,12,0,13,0,16,0,32,0,54,0,0,0,0
3,224,28,4,79,250,0,13,0,31,31,0,31,364,121,14,3,10,28,80,40,40,46,55,0,0,0,326,0,10,3,19,0,95,2,43,0,62,0,80,0,122,0,0,1,9,0,40,0,35,1,7,0,0,0,4,0,0,0,0,0,5,0,0,0,0,0,0,0,0,0,0,0,0,0,0,0,0,0,0,0,0,0,0,0,0,0,0,0,0,0,0,0,0,0,0,0,0,0,0,0,0,0,0,0,0,0,0,0,0,0,0,0,0,0,0,0,0,0,0,0,0,0,0,0,0,0,0,0,0,0,0,0,0,0,0,0,3,0,2,0,3,0,0,0,0,0,0,0,0,0,0,0,25,0,0,0,0,0,0,0,0,0,0,0,0,0,0,0,0,0,2,0,12,0,18,2,304,3,109,0,33,0,14,0,9,0,12,0,0,0,0,0,0,0,0,0,0,0,0,0,1,0,0,0,0,0,0,0,0,0,0,0,0,0,8,0,0,0,0,0,101,0,6,0,15,0,114,0,49,0,61,0,125,0,0,0,7,0,50,0,18,0,29,0,96,0,0,0
117,0,50,0,201,163,0,1,31,0,265,31,0,345,46,44,0,0,98,217,78,36,4,0,4,1,120,268,1,0,62,0,22,0,93,0,94,2,0,0,185,39,72,8,42,0,75,17,35,0,142,8,0,0,0,0,0,0,0,0,0,0,0,0,2,0,0,0,0,0,0,0,0,0,0,0,0,0,0,0,0,0,0,0,0,0,0,0,0,0,0,0,0,0,0,0,0,0,0,0,0,0,0,0,0,0,0,0,0,0,0,0,0,0,0,0,0,0,0,0,0,0,0,0,0,0,0,0,0,0,0,0,0,0,0,0,0,0,0,0,0,0,5,0,0,0,8,0,9,0,5,0,11,0,2,0,0,0,0,0,0,0,0,0,21,0,29,1,0,0,0,0,9,0,4,0,174,73,62,0,12,0,8,0,12,0,132,0,0,0,0,0,0,0,0,0,0,0,0,0,0,0,0,0,0,0,0,0,0,0,0,0,0,0,0,0,2,0,35,27,54,0,0,1,74,0,68,1,34,0,42,0,0,0,0,0,0,0,0,0,9,0,15,0,53,0,0,0,0
0,101,0,5,144,134,0,16,0,12,0,364,345,0,44,3,0,0,427,18,67,41,0,0,0,0,347,170,0,0,2,20,0,2,16,114,2,31,0,0,128,247,57,110,14,9,52,66,0,12,21,193,0,0,0,0,0,0,0,0,0,0,0,0,0,2,0,0,0,0,0,0,0,0,0,0,0,0,0,0,0,0,0,0,0,0,0,0,0,0,0,0,0,0,0,0,0,0,0,0,0,0,0,0,0,0,0,0,0,0,0,1,0,0,0,0,0,0,0,0,0,0,0,0,0,0,0,0,0,0,0,0,0,1,0,0,0,0,0,0,0,0,0,0,0,0,0,0,0,3,0,0,0,21,0,0,0,0,0,0,0,0,0,0,0,8,0,10,0,13,0,0,0,0,0,15,31,507,15,53,0,57,0,4,0,11,40,24,0,0,0,0,0,0,0,0,0,0,0,0,0,0,0,0,0,0,0,0,0,0,0,0,0,0,0,0,0,0,0,96,0,30,1,5,0,86,0,81,0,33,0,0,0,23,0,0,0,10,0,0,0,0,0,0,0,0,0,0,0
41,20,197,13,168,230,9,0,7,0,58,121,46,44,0,134,27,0,196,66,368,43,404,19,68,0,132,20,11,1,183,0,147,26,59,0,154,7,2,8,16,0,16,0,8,0,4,0,0,0,24,0,0,0,31,0,0,1,0,0,0,0,0,0,24,0,5,0,0,0,0,0,0,0,0,0,0,0,0,0,0,0,0,0,25,0,0,0,0,0,0,0,0,0,0,0,0,0,0,0,0,0,0,0,0,0,15,0,0,0,0,0,0,0,0,0,0,0,0,0,0,0,0,0,7,0,0,0,0,0,1,0,9,0,22,0,118,0,0,0,28,0,75,0,9,0,39,0,62,0,8,0,22,0,4,0,0,0,3,0,4,0,0,0,6,0,106,0,0,0,0,0,46,0,0,0,71,16,31,0,0,0,1,0,49,0,0,1,0,0,0,0,0,0,0,0,0,0,0,0,32,0,0,0,0,0,0,0,0,0,0,0,0,0,24,0,0,0,0,0,104,0,7,0,16,0,109,10,62,0,72,0,0,1,9,0,14,0,0,1,29,1,25,0,122,0,0,0,0
10,80,53,208,111,121,0,108,1,15,66,14,44,3,134,0,13,31,15,227,51,180,134,325,4,229,0,120,4,7,9,73,2,124,0,17,0,37,0,55,0,0,0,17,0,6,0,0,0,0,0,18,0,0,0,58,0,0,0,0,0,3,0,9,0,25,0,0,0,0,0,0,0,0,0,0,0,0,0,0,0,0,0,0,0,40,2,0,0,0,0,0,0,0,0,0,0,0,0,0,0,0,0,0,0,0,0,0,0,0,0,0,0,0,0,0,0,0,0,0,0,0,0,0,0,5,0,0,0,0,0,0,0,0,0,99,0,119,0,0,0,22,0,132,0,0,0,8,0,10,0,0,0,11,0,6,0,4,0,0,0,0,0,2,0,4,0,60,0,12,0,0,0,42,0,2,5,52,4,37,0,0,0,0,0,0,0,0,0,0,0,0,0,0,0,0,0,0,0,0,0,0,0,0,0,0,0,0,0,47,1,6,0,0,0,7,0,0,0,8,0,129,0,0,0,20,0,379,0,105,0,81,0,145,0,4,0,0,0,46,0,14,0,24,0,87,0,0,0
95,38,100,17,34,10,78,9,2,17,3,3,0,0,27,13,0,0,0,0,426,0,120,0,171,38,67,0,395,0,275,0,92,0,57,0,15,0,113,0,0,0,0,0,0,0,0,0,12,0,27,0,60,0,36,1,11,0,0,0,31,0,321,6,0,0,0,0,0,0,0,0,0,0,12,0,0,0,0,0,160,0,0,0,301,0,46,0,0,0,98,0,0,0,5,0,88,1,143,0,0,0,0,0,0,0,37,0,0,0,0,0,0,0,0,0,0,0,0,0,46,0,103,0,0,0,0,0,0,0,0,0,0,0,0,0,169,0,42,0,239,0,124,0,11,0,0,0,0,0,0,0,0,0,145,0,2,0,30,0,0,0,1,0,0,0,4,0,5,0,6,0,43,0,0,0,6,7,0,0,0,0,0,6,1,0,0,0,0,0,0,0,0,0,0,0,0,0,0,0,25,0,0,0,0,0,0,0,11,0,5,0,0,0,53,0,0,0,0,0,52,0,13,0,0,0,76,1,25,0,22,0,53,0,4,0,0,0,14,0,0,0,13,0,61,0,0,0,0
8,116,8,15,0,3,0,41,2,6,0,10,0,0,0,31,0,0,0,18,0,127,22,104,17,156,0,0,0,133,0,72,0,55,0,24,0,4,0,113,0,2,0,18,0,3,0,0,0,2,0,0,0,9,0,34,0,18,0,0,0,14,0,420,0,0,0,0,0,0,0,0,0,0,0,0,0,0,0,0,0,44,0,0,0,169,0,62,0,0,0,0,0,0,0,0,0,26,0,89,0,0,0,0,0,0,0,3,0,0,0,0,0,0,0,0,0,0,0,0,0,44,0,31,0,0,0,0,0,11,0,0,0,11,0,22,0,37,0,76,0,91,0,347,0,16,0,0,0,0,0,0,0,2,0,29,0,2,0,21,0,0,0,1,0,2,0,0,0,0,0,8,0,6,0,0,0,15,0,27,0,0,0,17,0,2,0,0,0,0,0,0,0,0,0,0,0,0,0,0,0,2,0,0,0,0,0,0,0,0,0,0,0,0,0,8,0,0,0,0,0,37,0,4,0,3,0,199,0,28,0,19,0,47,0,4,0,1,0,22,0,10,0,11,0,39,0,0,0
58,0,78,0,177,77,9,0,16,0,37,28,98,427,196,15,0,0,0,164,276,20,168,0,27,0,106,199,19,0,73,0,14,0,202,0,69,0,4,0,34,49,89,9,29,16,27,22,8,0,250,4,0,0,0,0,0,1,6,0,0,0,0,0,13,0,2,0,0,0,4,0,0,0,0,0,0,0,0,0,0,0,0,0,0,0,18,0,0,0,0,0,0,0,0,0,0,0,0,0,0,0,0,0,0,0,0,0,0,0,0,0,0,0,0,0,0,0,0,0,0,0,0,0,0,0,0,0,0,0,0,0,0,0,0,0,75,0,0,0,26,0,0,0,10,0,23,0,24,0,4,0,11,0,0,0,0,0,1,0,0,0,0,0,41,0,37,0,0,0,0,0,0,0,0,0,41,45,3,1,2,0,3,0,42,0,11,5,0,0,0,0,0,0,0,0,0,0,0,0,23,0,0,0,0,0,0,0,0,0,0,0,0,0,8,0,3,0,60,20,74,0,14,0,165,0,139,0,45,0,58,0,17,0,7,0,21,0,22,0,0,0,28,0,90,0,0,0,0
0,102,0,83,114,181,0,38,0,27,22,80,217,18,66,227,0,18,164,0,51,182,0,138,0,35,65,325,0,2,0,79,0,26,20,147,0,29,0,0,16,39,15,102,0,10,5,31,0,3,9,142,0,0,0,11,0,0,0,0,0,0,0,9,0,15,0,1,0,0,0,0,0,0,0,0,0,0,0,0,0,0,0,0,0,0,0,0,0,0,0,0,0,0,0,0,0,0,0,10,0,0,0,0,0,0,0,0,0,0,0,0,0,0,0,0,0,0,0,0,0,0,0,0,0,4,0,0,0,0,0,0,0,0,0,18,0,38,0,0,0,0,0,39,0,0,0,0,0,0,0,3,0,5,0,0,0,3,0,0,0,0,0,0,0,25,0,27,0,17,0,4,0,17,0,0,7,48,14,11,0,0,0,3,0,3,8,3,0,0,0,0,0,0,0,0,0,0,0,0,0,0,0,0,0,0,0,0,0,23,0,0,0,0,1,4,0,3,0,56,0,104,0,0,0,193,0,162,0,95,0,72,0,123,1,0,0,9,1,19,0,9,0,16,0,70,0,0,0
54,5,130,9,213,89,0,0,0,0,95,40,78,67,368,51,426,0,276,51,0,21,330,8,135,0,146,26,70,1,254,0,97,7,159,0,64,0,0,2,0,0,26,1,8,0,0,4,0,0,131,2,13,0,14,0,5,0,0,0,0,0,49,0,3,0,0,0,0,0,0,0,0,0,7,0,0,0,0,0,88,0,0,0,128,0,36,0,0,0,0,0,0,0,0,0,54,0,74,0,0,0,0,0,0,0,0,0,0,0,0,0,0,0,0,0,0,0,0,0,33,0,29,0,0,1,0,0,0,0,0,0,0,0,0,0,0,0,0,0,81,0,88,0,0,0,0,0,12,0,0,0,5,0,0,0,0,0,4,0,5,1,2,0,19,0,107,0,23,0,0,0,46,0,0,0,13,7,50,0,0,0,1,0,10,0,1,0,1,0,0,0,0,0,0,0,0,0,0,0,20,0,0,0,0,0,1,0,0,1,0,0,0,0,29,0,0,0,12,0,171,0,12,0,71,0,161,3,87,0,117,0,0,0,13,0,22,1,57,0,40,0,59,0,165,0,0,0,0
0,23,0,65,41,81,0,25,0,0,16,40,36,41,43,180,0,127,20,182,21,0,0,221,0,82,7,229,0,22,0,103,0,45,3,124,0,4,0,29,4,17,1,186,2,34,0,5,0,13,0,107,0,0,0,22,0,0,0,0,0,0,0,74,0,4,0,0,0,0,0,2,0,0,0,1,0,0,0,0,0,0,0,0,0,44,0,0,0,0,0,0,0,0,0,0,0,0,0,0,0,0,0,0,0,0,0,0,0,0,0,0,0,0,0,0,0,0,0,0,0,25,0,13,0,0,0,0,0,0,0,0,0,0,0,0,0,0,0,36,0,43,0,143,0,18,0,0,0,0,0,0,0,1,0,0,0,3,0,8,0,4,0,0,0,5,0,10,0,5,0,0,0,17,0,1,0,34,3,27,0,2,0,0,0,2,2,2,0,0,0,0,0,0,0,0,0,0,0,0,0,0,0,0,0,0,0,0,0,0,0,6,0,0,0,6,0,0,0,14,0,58,0,0,1,39,0,332,0,54,0,66,0,94,0,5,0,7,0,0,0,10,0,18,0,73,0,0,0
88,214,327,148,72,74,11,13,0,3,16,46,4,0,404,134,120,22,168,0,330,0,0,48,131,114,93,0,77,0,35,0,44,0,0,0,25,0,93,0,3,0,11,0,19,0,9,0,28,0,13,0,0,0,105,5,9,0,0,0,9,0,27,7,6,0,2,0,1,0,0,0,0,0,0,0,0,0,0,0,0,0,0,0,86,0,7,0,0,0,40,0,0,0,0,0,35,2,23,0,0,0,0,0,0,0,0,0,0,0,0,0,0,0,0,0,0,0,0,0,9,0,20,0,7,1,3,0,0,0,2,0,12,0,34,0,232,0,0,0,93,0,127,0,4,0,25,0,24,0,0,0,9,0,43,0,0,0,0,0,0,0,0,0,0,0,4,0,7,0,0,0,53,0,2,0,69,59,0,0,0,0,1,48,17,0,1,0,0,0,0,0,0,0,0,0,0,0,0,0,48,0,0,0,0,0,0,0,0,0,0,0,0,0,85,0,0,0,3,0,56,0,0,0,14,0,116,26,30,3,44,0,79,0,6,0,7,1,30,1,23,0,30,0,91,0,0,0,0
12,107,16,146,15,105,0,29,0,11,6,55,0,0,19,325,0,104,0,138,8,221,48,0,3,122,0,64,0,31,2,120,0,18,0,46,0,15,0,26,0,5,0,48,0,12,0,0,0,4,0,0,0,0,0,40,0,16,0,0,0,6,0,52,0,0,0,0,0,0,0,1,0,2,0,0,0,0,0,0,0,32,0,2,0,76,0,0,0,0,0,0,0,0,0,0,0,0,0,38,0,0,0,0,0,0,0,0,0,0,0,0,0,0,0,0,0,0,0,0,0,0,0,0,0,0,0,0,0,0,0,0,0,0,0,39,0,33,0,0,0,21,0,129,0,4,0,0,0,0,0,0,0,6,0,8,0,1,0,0,0,2,0,0,0,1,0,11,0,0,0,5,0,17,0,0,0,34,0,55,0,2,0,8,0,4,0,0,0,0,0,0,0,0,0,0,0,0,0,0,0,0,0,0,0,0,0,0,0,4,1,0,0,0,0,0,0,0,0,0,0,55,0,5,0,7,0,477,0,49,0,48,0,121,0,7,0,6,0,45,0,18,0,25,1,113,0,0,0
12,151,41,15,0,0,118,56,7,117,0,0,4,0,68,4,171,17,27,0,135,0,131,3,0,164,27,0,75,0,14,0,0,0,0,0,5,0,96,0,1,0,0,0,7,0,3,0,7,0,7,0,60,6,212,20,13,0,7,0,53,6,107,28,0,0,1,2,0,0,0,0,0,0,2,0,0,0,0,0,0,0,0,0,48,0,0,0,0,0,25,0,0,0,0,0,22,0,24,0,0,0,0,0,0,0,0,0,0,0,0,0,0,0,0,0,0,0,0,0,0,0,0,0,0,0,7,0,40,0,4,0,22,0,42,0,325,0,9,0,62,0,210,0,0,0,10,1,7,1,5,0,0,0,76,0,3,0,14,0,11,1,0,0,0,0,0,0,6,0,11,0,63,0,0,0,19,15,0,0,0,0,0,31,0,0,0,0,0,0,0,0,0,0,0,0,0,0,0,0,43,0,0,0,0,0,0,0,25,0,4,0,2,0,64,0,0,0,5,0,62,2,6,0,16,1,80,3,59,0,22,0,86,0,0,0,7,0,16,0,14,0,12,0,87,0,0,0,0
80,60,87,43,1,31,60,66,46,8,0,0,1,0,0,229,38,156,0,35,0,82,114,122,164,0,0,13,0,67,0,35,0,13,0,0,0,4,3,83,0,0,0,0,0,0,0,0,0,3,0,0,0,9,4,277,0,66,0,11,0,51,12,179,0,1,0,0,0,0,0,0,0,0,0,0,0,0,0,0,0,0,0,0,0,55,0,7,0,0,0,0,0,0,0,0,0,0,0,0,0,0,0,0,0,0,0,0,0,0,0,0,0,0,0,0,0,0,0,0,0,7,0,6,0,0,0,0,0,10,0,3,0,30,0,77,0,73,0,41,0,46,0,158,0,0,0,1,0,0,0,0,0,0,0,39,0,15,0,9,1,16,0,0,0,0,0,0,0,0,0,13,0,18,0,0,7,58,0,4,0,0,0,21,0,3,0,0,0,0,0,0,0,0,0,0,0,0,0,0,0,0,0,0,0,0,0,0,0,6,0,10,0,2,0,24,0,0,0,4,0,83,1,7,0,5,0,179,0,41,0,4,0,100,0,0,0,4,0,20,0,9,0,11,0,46,0,0,0
30,0,46,0,83,22,0,0,11,0,18,0,120,347,132,0,67,0,106,65,146,7,93,0,27,0,0,292,0,0,45,0,0,0,39,3,43,0,1,0,33,133,226,17,101,28,46,62,35,3,169,12,0,0,0,0,0,0,4,0,0,0,26,0,5,0,0,0,0,0,18,0,0,0,0,0,0,0,0,0,0,0,0,0,69,0,0,0,0,0,0,0,0,0,0,0,19,0,0,0,0,0,0,0,0,0,0,0,0,0,0,0,0,0,0,0,1,0,0,0,51,0,27,0,0,0,0,0,0,0,0,0,0,0,0,0,0,0,0,0,0,0,0,0,0,0,0,0,12,0,2,0,0,0,0,0,0,0,0,0,0,0,0,0,48,0,11,0,13,0,0,0,5,0,2,0,20,56,12,0,2,0,1,0,12,0,37,0,0,0,0,0,0,0,0,0,0,0,0,0,0,0,0,0,0,0,0,0,7,0,1,0,0,0,0,0,0,0,241,40,37,0,24,0,197,0,78,0,20,0,35,0,23,1,0,0,14,0,9,0,10,0,20,0,60,0,0,0,0
0,243,0,54,48,212,0,38,0,35,4,326,268,170,20,120,0,0,199,325,26,229,0,64,0,13,292,0,0,0,0,37,1,0,26,68,5,15,0,0,203,88,50,213,21,130,93,187,0,30,36,234,0,0,0,27,0,0,0,0,0,0,0,25,0,0,0,0,0,2,0,0,0,0,0,0,0,0,0,0,0,0,0,2,0,0,0,0,0,0,0,0,0,0,0,0,0,0,0,0,0,0,0,0,0,0,0,2,0,0,0,0,0,0,0,0,0,0,0,0,0,0,0,0,0,7,0,12,0,0,0,0,0,0,0,0,0,20,0,0,0,12,0,0,0,12,0,0,0,0,0,0,0,0,0,0,0,0,0,0,0,3,0,0,0,37,0,10,0,19,0,0,0,3,0,0,2,51,13,0,2,0,0,0,0,0,44,13,0,0,0,0,0,0,0,0,0,0,0,0,0,0,0,0,0,0,0,0,0,0,0,0,0,0,0,3,0,0,0,493,0,0,0,53,0,228,0,266,0,46,0,0,0,48,0,3,0,0,0,0,0,0,0,11,0,0,0,0,0
177,0,218,3,0,1,33,0,4,1,7,0,1,0,11,4,395,0,19,0,70,0,77,0,75,0,0,0,0,0,140,0,81,0,29,0,23,0,27,0,0,0,50,0,0,0,0,0,2,0,44,0,21,0,0,0,0,0,0,0,3,0,204,0,0,0,0,0,0,0,0,0,0,0,14,0,0,0,0,0,106,0,0,0,58,0,43,0,0,0,26,0,0,0,5,0,12,0,82,0,0,0,0,0,0,0,0,0,0,0,0,0,0,0,0,0,0,0,0,0,44,0,87,0,0,0,0,0,0,0,0,0,0,0,0,0,21,0,116,0,154,0,34,0,41,0,0,0,5,0,0,0,1,0,12,0,6,0,9,0,0,0,0,0,1,0,1,0,0,0,1,0,0,0,0,0,6,0,0,0,0,0,0,0,2,0,0,0,0,0,0,0,0,0,0,0,0,0,0,0,0,0,0,0,0,0,0,0,0,0,0,0,0,0,6,0,0,0,0,0,0,0,0,0,0,0,17,0,0,0,0,0,0,0,0,0,0,0,0,0,5,0,2,0,0,0,0,0,0
1,53,0,61,0,11,0,29,0,7,0,10,0,0,1,7,0,133,0,2,1,22,0,31,0,67,0,0,0,0,0,33,0,16,0,29,0,7,0,30,0,0,0,48,0,3,0,0,0,0,0,7,0,0,0,12,0,17,0,0,0,7,0,143,0,1,0,0,0,0,0,0,0,0,0,0,0,0,0,0,0,12,0,1,0,46,0,0,0,0,0,0,0,0,0,0,0,0,0,24,0,0,0,0,0,0,0,0,0,0,0,0,0,0,0,0,0,0,0,0,0,0,0,11,0,0,0,1,0,0,0,0,0,3,0,0,0,0,0,75,0,47,0,150,0,22,0,0,0,0,0,0,0,0,0,16,0,6,0,7,1,4,0,0,0,0,0,0,0,0,0,4,0,0,0,0,0,6,0,19,0,0,0,0,0,0,0,2,0,0,0,0,0,0,0,0,0,0,0,0,0,0,0,0,0,0,0,0,0,0,0,0,0,0,0,0,0,0,0,1,0,11,0,0,0,1,0,40,0,3,0,14,0,37,0,3,0,0,0,13,0,0,0,2,0,31,0,0,0
45,0,99,4,239,13,0,0,3,0,91,3,62,2,183,9,275,0,73,0,254,0,35,2,14,0,45,0,140,0,0,1,16,0,95,0,26,0,3,2,0,0,48,0,0,0,0,0,0,0,75,0,7,0,0,0,0,0,0,0,0,0,37,0,1,0,0,0,0,0,0,0,0,0,15,0,0,0,0,0,95,0,0,0,43,0,28,0,1,0,19,0,0,0,0,0,10,0,65,0,0,0,0,0,0,0,0,0,0,0,0,0,0,0,0,0,0,0,0,0,48,0,64,0,0,0,0,0,5,0,0,0,0,0,0,0,12,0,0,0,61,0,12,0,0,0,0,0,0,0,0,0,0,0,0,0,2,0,0,0,0,0,0,0,2,0,33,0,0,0,0,0,8,0,0,0,3,0,40,0,0,0,0,0,3,0,0,0,0,0,0,0,0,0,0,0,0,0,0,0,0,0,0,0,0,0,0,0,0,0,0,0,0,0,12,0,0,0,0,0,48,0,3,0,0,0,70,0,23,0,34,0,14,0,0,0,9,0,0,0,0,0,19,0,44,0,0,0,0
1,0,0,25,2,58,0,9,0,0,0,19,0,20,0,73,0,72,0,79,0,103,0,120,0,35,0,37,0,33,1,0,0,6,0,22,0,1,0,5,0,0,0,27,0,6,0,0,0,4,0,24,0,0,0,13,0,0,0,0,0,0,0,16,0,0,0,0,0,0,0,1,0,0,0,0,0,0,0,0,0,0,0,0,0,0,0,0,0,0,0,0,0,0,0,0,0,0,0,0,0,0,0,0,0,0,0,0,0,0,0,0,0,0,0,0,0,0,0,0,0,0,0,0,0,0,0,0,0,0,0,0,0,0,0,0,0,0,0,9,0,10,0,53,0,8,0,0,0,0,0,0,0,0,0,0,0,0,0,3,1,0,0,1,0,1,0,13,0,0,0,1,0,14,0,0,0,0,0,18,0,0,0,0,0,0,0,15,0,0,0,0,0,0,0,0,0,0,0,0,0,0,0,0,0,0,0,0,0,0,0,0,0,0,0,0,0,0,0,7,0,33,0,0,0,0,0,142,0,27,0,34,0,73,0,1,0,7,0,15,0,7,0,12,0,36,0,0,0
178,0,169,5,256,0,3,0,10,0,155,0,22,0,147,2,92,0,14,0,97,0,44,0,0,0,0,1,81,0,16,0,0,0,45,0,84,0,0,0,0,0,33,0,0,0,0,0,3,0,34,0,0,0,2,0,0,0,0,0,12,0,39,0,3,0,0,0,0,0,0,0,0,0,11,0,0,0,0,0,63,0,0,0,30,0,26,0,0,0,0,0,0,0,0,0,7,0,0,0,0,0,0,0,0,0,2,0,0,0,0,0,0,0,0,0,0,0,0,0,36,0,34,0,2,0,0,0,0,0,0,0,2,0,0,0,0,0,33,0,40,0,0,0,39,0,0,0,0,0,0,0,0,0,5,0,18,0,0,0,0,0,0,0,0,0,48,0,0,0,8,0,29,0,0,0,6,0,45,0,0,0,3,0,0,0,0,0,0,0,0,0,0,0,0,0,0,0,0,0,2,0,0,0,0,0,0,0,0,0,0,0,0,0,14,0,2,0,0,0,42,0,0,0,0,0,45,0,24,0,25,0,20,0,0,0,6,0,16,0,9,0,0,0,47,0,0,0,0
0,54,0,67,17,206,0,11,0,0,6,95,0,2,26,124,0,55,0,26,7,45,0,18,0,13,0,0,0,16,0,6,0,0,0,15,0,69,0,4,0,0,0,20,0,2,0,0,0,7,0,6,0,0,0,7,0,0,0,0,0,0,0,42,0,0,0,0,0,0,0,0,0,0,0,0,0,0,0,0,0,18,0,0,0,0,0,0,0,0,0,0,0,0,0,0,0,0,0,0,0,0,0,0,0,0,0,0,0,0,0,0,0,0,0,0,0,0,0,0,0,34,0,16,0,0,0,0,0,0,0,0,0,0,0,0,0,0,0,16,0,26,0,129,0,12,0,0,0,0,0,2,0,0,0,6,0,0,0,0,0,0,0,0,0,0,0,26,0,0,0,2,0,32,0,0,0,43,1,192,0,0,0,3,0,0,0,11,0,0,0,0,0,0,0,0,0,0,0,0,0,0,0,0,0,0,0,0,0,0,0,3,0,0,0,5,0,0,0,0,1,114,0,0,0,0,0,100,0,41,0,0,1,81,0,0,0,2,0,0,0,9,0,6,0,0,0,0,0
8,0,0,0,98,6,0,0,0,0,38,2,93,16,59,0,57,0,202,20,159,3,0,0,0,0,39,26,29,0,95,0,45,0,0,0,141,0,3,0,3,0,18,0,5,0,3,0,2,0,77,0,0,0,5,0,0,0,0,0,3,0,18,0,0,0,0,0,0,0,0,0,0,0,0,0,0,0,0,0,63,0,0,0,0,0,27,0,0,0,10,0,0,0,4,0,7,0,49,0,0,0,0,0,0,0,3,0,0,0,0,0,0,0,0,0,0,0,0,0,37,0,0,0,0,0,1,0,0,0,0,0,0,0,0,0,0,0,23,0,37,0,9,0,12,0,0,0,0,0,0,0,0,0,0,0,0,0,0,0,0,0,0,0,17,0,57,0,11,0,0,0,10,0,0,0,0,2,23,0,0,0,0,0,0,0,19,0,0,0,0,0,0,0,0,0,0,0,0,0,0,0,0,0,0,0,0,0,0,0,0,0,0,0,6,0,0,0,7,0,58,0,0,0,49,0,70,0,28,0,20,0,11,0,7,0,11,2,11,0,0,0,25,0,55,0,0,0,0
0,9,0,0,0,45,0,0,0,0,2,43,0,114,0,17,0,24,0,147,0,124,0,46,0,0,3,68,0,29,0,22,0,15,0,0,0,87,0,26,0,0,0,8,0,12,0,2,0,1,0,31,0,0,0,0,0,0,0,0,0,14,0,0,0,0,0,0,0,0,0,0,0,0,0,0,0,0,0,0,0,0,0,0,0,0,0,0,0,0,0,0,0,0,0,0,0,0,0,0,0,0,0,0,0,0,0,0,0,0,0,0,0,0,0,0,0,0,0,0,0,0,0,0,0,0,0,0,0,0,0,0,0,0,0,0,0,0,0,28,0,29,0,54,0,16,0,0,0,0,0,0,0,0,0,2,0,9,0,0,0,1,0,0,0,4,0,10,0,0,0,3,0,6,0,0,0,3,0,8,0,0,0,0,0,0,2,15,0,0,0,0,0,0,0,0,0,0,0,0,0,0,0,0,0,0,0,0,0,0,0,3,0,0,0,0,0,0,0,15,0,22,0,2,0,36,0,111,0,12,0,19,0,0,0,0,0,0,0,5,0,0,0,0,0,20,0,0,0
126,0,80,0,245,2,0,0,6,0,185,0,94,2,154,0,15,0,69,0,64,0,25,0,5,0,43,5,23,0,26,0,84,0,141,0,0,0,37,0,0,0,74,0,19,0,11,0,5,0,201,0,0,0,0,0,0,0,4,0,14,0,26,0,2,0,0,0,0,0,18,0,0,0,17,0,0,0,0,0,80,0,0,0,19,0,39,0,0,0,0,0,0,0,0,0,10,0,52,0,0,0,0,0,0,0,0,0,0,0,0,0,0,0,0,0,0,0,0,0,51,0,64,0,1,0,1,0,0,0,0,1,0,0,0,0,0,0,55,0,79,0,12,0,107,0,0,0,0,0,0,0,0,0,9,0,31,0,0,0,3,0,0,0,15,1,90,0,15,0,21,0,48,0,0,0,2,0,54,0,0,0,1,0,0,0,8,0,0,0,0,0,0,0,0,0,0,0,0,0,0,0,0,0,0,0,0,0,0,0,1,0,0,0,13,0,0,0,8,0,84,0,9,0,19,0,55,1,64,0,39,0,24,1,0,0,6,0,12,0,12,0,17,0,65,0,0,0,0
0,104,4,51,4,67,0,8,0,0,0,62,2,31,7,37,0,4,0,29,0,4,0,15,0,4,0,15,0,7,0,1,0,69,0,87,0,0,0,29,0,2,0,49,0,12,0,0,0,0,0,43,0,3,0,0,0,0,0,0,0,33,0,13,0,1,0,0,0,0,0,0,0,2,0,0,0,0,0,0,0,11,0,0,0,18,0,17,0,0,0,0,0,0,0,0,0,0,0,6,0,0,0,0,0,0,0,2,0,0,0,0,0,0,0,0,0,0,0,0,0,0,0,6,0,0,0,0,0,0,0,0,0,2,0,0,0,0,0,81,0,63,0,92,0,82,0,0,0,0,0,0,0,0,0,8,0,88,0,0,0,4,0,0,0,4,0,25,0,8,0,4,0,21,0,0,0,11,1,189,0,0,0,6,0,4,0,43,0,0,0,1,0,0,0,0,0,0,0,0,0,0,0,0,0,0,0,0,0,0,0,1,0,0,0,0,0,0,0,0,0,43,0,3,0,26,1,183,0,50,0,0,0,20,0,4,0,3,0,0,0,1,0,0,0,17,0,0,0
484,0,328,2,27,0,86,1,20,0,0,0,0,0,2,0,113,0,4,0,0,0,93,0,96,3,1,0,27,0,3,0,0,0,3,0,37,0,0,0,0,0,0,0,0,0,0,0,0,0,3,0,3,0,0,0,0,0,5,0,50,0,51,0,2,0,1,0,0,0,7,0,0,0,4,0,0,0,0,0,0,0,0,0,23,0,12,0,0,0,0,0,0,0,0,0,0,0,15,0,0,0,0,0,0,0,0,0,0,0,0,0,0,0,0,0,0,0,0,0,23,0,31,0,0,0,0,0,0,0,0,0,0,0,0,0,9,0,60,0,56,0,12,0,56,0,0,0,0,0,0,0,0,0,5,0,35,0,0,0,0,0,3,0,0,0,0,0,0,0,12,0,81,0,0,0,0,0,0,0,0,0,4,0,6,0,0,0,0,0,0,0,0,0,0,0,0,0,0,0,2,0,0,0,0,0,0,0,0,0,0,0,0,0,17,0,0,0,0,0,3,0,1,0,5,0,52,0,5,0,0,0,14,0,0,0,0,0,3,0,5,0,4,0,13,0,0,0,0
0,486,8,390,0,96,0,146,0,0,0,80,0,0,8,55,0,113,0,0,2,29,0,26,0,83,0,0,0,30,2,5,0,4,0,26,0,29,0,0,0,0,0,8,0,1,0,0,0,0,0,2,0,8,0,15,0,12,0,0,0,18,0,67,0,11,0,0,0,0,0,4,0,0,0,0,0,0,0,0,0,0,0,0,0,59,0,0,0,0,0,0,0,0,0,0,0,0,0,0,0,0,0,0,0,0,0,0,0,0,0,0,0,0,0,0,0,0,0,0,0,17,0,0,0,0,0,0,0,0,0,0,0,0,0,0,0,0,0,54,0,52,0,119,0,47,0,10,0,8,0,0,0,0,0,12,0,34,0,13,0,0,0,0,0,0,0,0,0,0,0,4,0,11,0,0,1,35,0,227,0,3,0,29,0,0,0,0,0,0,0,0,0,0,0,0,0,0,0,0,0,0,0,0,0,0,0,0,0,0,0,3,0,0,0,0,0,0,0,0,0,25,0,7,0,0,0,137,0,11,0,0,0,37,0,0,0,0,0,13,0,0,0,0,0,23,0,0,0
27,0,9,0,53,0,0,0,5,0,27,0,185,128,16,0,0,0,34,16,0,4,3,0,1,0,33,203,0,0,0,0,0,0,3,0,0,0,0,0,0,171,30,0,73,29,47,102,168,1,15,0,0,0,0,0,0,0,0,0,0,0,1,0,2,0,0,0,0,0,1,0,0,0,0,0,0,0,0,0,0,0,5,0,0,0,0,0,0,0,0,0,0,0,0,0,0,0,0,0,0,0,0,0,0,0,0,0,0,0,0,0,0,0,0,0,0,0,0,0,0,0,0,0,0,0,1,0,0,0,0,0,0,0,0,0,0,0,0,0,4,0,0,0,0,0,2,0,0,0,0,0,2,0,0,0,0,0,0,0,0,0,0,0,13,1,0,0,0,0,0,0,0,0,0,0,29,35,11,0,3,0,0,0,0,0,105,7,0,0,0,0,1,0,0,0,0,0,0,0,0,0,0,0,0,0,0,0,0,0,0,0,1,0,0,0,0,0,221,81,0,0,82,37,0,0,1,0,0,0,0,0,0,0,1,0,0,0,0,0,3,0,0,0,4,0,0,0,0
0,42,0,0,7,36,0,4,0,0,0,122,39,247,0,0,0,2,49,39,0,17,0,5,0,0,133,88,0,0,0,0,0,0,0,0,0,2,0,0,171,0,17,12,42,32,78,75,5,186,0,15,0,0,0,0,0,0,0,0,0,0,0,2,0,0,0,0,0,0,0,0,0,0,0,0,0,0,0,0,0,1,0,0,0,0,0,0,0,0,0,0,0,0,0,0,0,0,0,0,0,0,0,1,0,0,0,0,0,0,0,0,0,0,0,0,0,0,0,0,0,0,0,0,0,0,0,0,0,0,0,0,0,0,0,0,0,0,0,1,0,0,0,0,0,0,0,0,0,0,0,0,0,3,0,0,0,0,0,0,0,0,0,0,0,15,0,0,0,0,0,0,0,0,0,6,0,238,1,10,0,10,0,1,0,0,11,13,0,0,0,0,0,0,0,0,0,0,0,0,0,0,0,0,0,0,0,0,0,1,0,0,0,1,0,0,0,0,79,148,0,0,8,276,0,5,0,6,0,2,0,0,0,2,0,1,0,0,0,0,0,0,0,0,0,0,0,0,0
5,0,0,0,26,0,0,0,3,0,7,0,72,57,16,0,0,0,89,15,26,1,11,0,0,0,226,50,50,0,48,0,33,0,18,0,74,0,0,0,30,17,0,0,209,0,70,14,35,0,81,0,0,0,2,0,0,0,0,0,0,0,0,0,0,0,2,0,0,0,0,0,0,0,0,0,0,0,0,0,60,0,0,0,0,0,39,0,0,0,0,0,0,0,0,0,0,0,0,0,0,0,2,0,0,0,0,0,0,0,0,0,0,0,0,0,0,0,0,0,26,0,0,0,0,0,0,0,0,0,0,0,0,0,1,0,0,0,0,0,0,0,0,0,31,0,0,0,0,0,0,0,0,0,1,0,0,0,0,0,0,0,0,0,54,0,5,0,19,0,0,0,1,0,0,0,0,5,16,0,0,0,0,0,0,0,60,2,0,0,0,0,0,0,0,0,0,0,0,0,0,0,0,0,0,0,0,0,0,0,2,0,0,0,8,0,0,0,169,9,19,0,53,2,176,0,20,0,44,0,18,0,0,0,2,0,0,0,0,0,5,0,0,0,29,0,0,0,0
0,0,0,0,0,0,0,0,0,0,0,0,8,110,0,17,0,18,9,102,1,186,0,48,0,0,17,213,0,48,0,27,0,20,0,8,0,49,0,8,0,12,0,0,0,34,0,5,0,9,0,70,0,0,0,0,0,8,0,0,0,17,0,0,0,0,0,0,0,0,0,4,0,0,0,0,0,0,0,0,0,12,0,0,0,36,0,15,0,1,0,0,0,0,0,5,0,0,0,0,0,0,0,0,0,0,0,0,0,0,0,0,0,0,0,0,0,0,0,0,0,21,0,19,0,0,0,0,0,0,0,1,0,0,0,0,0,0,0,44,0,44,0,81,0,30,0,0,0,0,0,0,0,0,0,7,0,18,0,0,0,5,0,0,0,13,0,0,0,4,0,0,0,5,0,0,0,0,1,0,0,0,0,0,0,0,3,79,0,0,0,0,0,0,0,1,0,0,0,0,0,0,0,0,0,0,0,0,0,0,0,0,0,0,0,2,0,0,0,122,0,9,0,15,0,99,0,88,0,21,0,15,0,29,0,3,0,0,0,0,0,3,0,4,0,18,0,0,0
3,0,7,0,7,0,5,0,0,0,3,1,42,14,8,0,0,0,29,0,8,2,19,0,7,0,101,21,0,0,0,0,0,0,5,0,19,0,0,0,73,42,209,0,0,6,94,20,140,0,55,0,0,0,0,0,0,0,1,0,0,0,0,0,2,0,0,0,4,0,0,0,0,0,3,0,4,0,7,0,18,0,0,0,0,0,14,0,0,0,0,0,3,0,0,0,5,0,15,0,0,0,0,0,0,0,2,0,0,0,0,0,0,0,0,0,0,0,0,0,8,0,0,0,0,0,0,0,0,0,0,0,0,0,3,0,0,0,1,0,8,0,0,0,3,0,0,0,0,0,0,0,0,0,0,0,0,0,0,0,0,0,2,0,60,1,0,0,24,0,5,0,5,0,0,0,3,9,5,0,0,0,0,0,0,0,132,0,0,0,0,0,0,0,0,0,0,0,0,0,0,0,0,0,0,0,0,0,0,0,1,0,0,0,2,0,2,0,172,23,11,0,259,27,137,0,13,0,36,0,7,0,9,0,2,0,4,0,5,0,0,0,0,0,21,0,0,0,0
0,8,0,0,0,8,0,5,0,0,0,9,0,9,0,6,0,3,16,10,0,34,0,12,0,0,28,130,0,3,0,6,0,2,0,12,0,12,0,1,29,32,0,34,6,0,14,118,0,51,0,48,0,0,0,0,0,8,0,5,0,0,0,8,0,0,0,0,0,6,0,7,0,0,0,0,0,0,0,6,0,9,0,0,0,30,0,22,0,0,0,0,0,0,0,12,0,0,0,9,0,0,0,0,0,5,0,0,0,0,0,0,0,0,0,0,0,0,0,0,0,29,0,22,0,1,0,1,0,0,0,0,0,0,0,0,0,0,0,5,0,13,0,64,0,17,0,0,0,0,0,0,0,0,0,3,0,0,0,0,0,7,0,0,0,18,0,2,0,34,0,6,0,2,0,0,0,56,0,3,0,0,0,0,0,0,0,66,0,0,0,0,0,0,0,3,0,0,0,0,0,0,0,0,0,0,0,0,0,0,0,2,0,1,0,0,0,4,10,303,0,25,0,177,0,90,0,50,0,31,0,0,0,20,0,3,0,0,0,0,0,0,0,0,0,8,0,0,0
5,0,7,0,19,2,0,0,0,0,4,0,75,52,4,0,0,0,27,5,0,0,9,0,3,0,46,93,0,0,0,0,0,0,3,0,11,0,0,0,47,78,70,0,94,14,0,42,54,0,28,4,0,0,0,0,0,0,0,0,0,0,0,0,1,0,0,0,0,0,1,0,0,0,0,0,0,0,1,0,0,0,0,0,0,0,0,0,0,0,0,0,0,0,0,0,0,0,0,0,0,0,0,0,0,0,2,0,0,0,0,0,0,0,0,0,0,0,0,0,0,0,0,0,0,0,0,0,0,0,0,0,0,0,0,0,0,0,0,0,0,0,0,0,0,0,0,0,3,0,0,0,0,0,0,0,0,0,0,0,0,0,0,0,0,0,0,0,0,0,0,0,0,0,0,0,5,12,0,0,0,0,0,0,0,0,17,5,0,0,0,0,0,0,0,0,0,0,0,0,0,0,0,0,0,0,0,0,0,0,0,0,0,0,0,0,0,0,267,18,3,0,65,0,49,0,2,0,4,0,0,0,0,0,0,0,0,0,0,0,0,0,0,0,0,0,0,0,0
0,19,0,0,3,19,0,2,0,2,0,40,17,66,0,0,0,0,22,31,4,5,0,0,0,0,62,187,0,0,0,0,0,0,0,2,0,0,0,0,102,75,14,5,20,118,42,0,3,75,0,9,0,0,0,2,0,0,0,0,0,0,0,0,0,0,0,0,0,0,0,0,0,0,0,0,0,0,0,0,0,1,0,0,0,0,0,4,0,0,0,0,0,0,0,3,0,0,0,0,0,0,0,0,0,0,0,0,0,0,0,0,0,0,0,0,0,0,0,0,0,0,0,0,0,0,0,0,0,0,0,0,0,0,0,0,0,0,0,0,0,0,0,0,0,0,0,0,0,0,0,0,0,0,0,0,0,0,0,0,0,0,0,0,0,15,0,1,0,8,0,0,0,0,0,0,0,55,0,0,0,0,0,0,0,0,13,5,0,0,0,0,0,0,0,0,0,0,0,0,0,0,0,0,0,0,0,0,0,0,0,0,0,1,0,0,0,0,34,297,0,0,3,217,0,17,0,7,0,0,0,0,0,0,0,0,0,0,0,0,0,0,0,0,0,1,0,0,0
17,1,14,0,10,0,22,0,12,0,5,0,35,0,0,0,12,0,8,0,0,0,28,0,7,0,35,0,2,0,0,0,3,0,2,0,5,0,0,0,168,5,35,0,140,0,54,3,0,0,12,0,0,0,14,0,24,0,0,1,0,0,10,0,3,0,0,0,10,0,0,0,0,0,3,0,7,0,12,0,9,0,25,0,19,0,26,0,0,0,0,0,12,0,33,0,1,0,9,0,0,0,0,0,0,0,6,0,0,0,0,0,0,0,0,0,1,0,0,0,5,0,2,0,0,0,2,0,0,0,0,0,5,0,0,0,16,0,0,0,16,0,15,0,0,0,5,0,3,0,8,0,3,0,20,0,6,0,0,0,12,0,4,0,21,0,1,0,24,0,3,0,0,0,3,0,22,2,10,0,7,0,2,0,5,0,235,0,0,0,9,0,13,0,0,0,0,0,0,0,4,0,0,0,0,0,0,0,7,0,1,0,10,0,13,0,9,0,121,0,72,0,140,13,55,0,38,0,70,0,4,0,8,0,15,0,2,0,15,0,10,0,6,0,43,0,0,0,0
0,7,0,4,0,2,0,0,0,1,0,35,0,12,0,0,0,2,0,3,0,13,0,4,0,3,3,30,0,0,0,4,0,7,0,1,0,0,0,0,1,186,0,9,0,51,0,75,0,0,0,1,0,0,0,0,0,5,0,1,0,0,0,6,0,0,0,0,0,8,0,2,0,0,0,0,0,7,0,2,0,8,0,0,0,15,0,11,0,8,0,0,0,0,0,13,0,2,0,8,0,0,0,2,0,0,0,0,0,0,0,0,0,0,0,0,0,0,0,0,0,4,0,6,0,0,0,0,0,0,0,0,0,0,0,0,0,0,0,1,0,3,0,14,0,2,0,0,0,0,0,3,0,0,0,0,0,0,0,2,0,6,0,4,0,35,0,0,0,30,0,2,0,1,0,3,0,99,0,8,0,8,0,0,0,0,0,42,0,0,0,0,0,0,0,0,0,0,0,0,0,0,0,0,0,0,0,0,0,0,0,2,0,2,0,1,0,3,4,21,0,17,0,121,0,4,0,11,0,15,0,2,0,12,0,5,0,0,0,3,0,0,0,0,0,4,0,0,0
11,0,0,0,74,0,12,0,5,0,12,1,142,21,24,0,27,0,250,9,131,0,13,0,7,0,169,36,44,0,75,0,34,0,77,0,201,0,3,0,15,0,81,0,55,0,28,0,12,0,0,1,5,0,3,0,16,0,6,0,0,0,20,0,0,0,3,0,0,0,15,0,6,0,18,0,0,0,7,0,87,0,0,0,0,0,43,0,0,0,0,0,7,0,0,0,10,0,66,0,0,0,1,0,0,0,0,0,1,0,0,0,0,0,0,0,0,0,1,0,57,0,0,0,0,0,0,0,1,0,0,0,0,0,0,0,0,0,0,0,31,0,15,0,26,0,0,0,2,0,0,0,2,0,5,0,3,0,0,0,0,0,7,0,30,0,27,0,60,0,15,0,19,0,0,0,0,2,14,0,0,0,0,0,0,0,50,0,0,0,0,0,0,0,0,0,0,0,0,0,0,0,0,0,0,0,0,0,0,0,5,0,2,0,0,0,0,0,28,7,54,0,14,0,92,0,38,0,44,0,33,0,18,0,7,0,0,0,0,0,0,0,11,0,50,0,0,0,0
0,0,0,0,0,13,0,8,0,0,0,7,8,193,0,18,0,0,4,142,2,107,0,0,0,0,12,234,0,7,0,24,0,6,0,31,0,43,0,2,0,15,0,70,0,48,4,9,0,1,1,0,0,1,0,7,0,7,0,12,0,8,0,0,0,0,0,0,0,0,0,6,0,0,0,0,0,2,0,0,0,18,0,1,0,35,0,33,0,1,0,0,0,0,0,7,0,0,0,0,0,0,0,0,0,0,1,0,0,0,0,0,0,0,0,0,0,0,0,0,0,27,0,11,0,0,0,0,0,0,0,2,0,0,0,0,1,0,0,10,0,0,0,52,0,10,0,2,0,0,0,0,0,0,0,0,0,7,0,0,1,9,0,1,0,9,0,9,0,26,0,7,0,14,0,0,0,0,0,0,0,0,0,0,0,1,0,150,0,0,0,0,0,0,0,0,0,0,0,0,0,0,0,0,0,0,0,0,0,0,0,3,0,2,0,4,0,0,1,38,0,36,0,18,0,84,0,62,0,39,0,0,0,32,0,7,0,3,0,5,0,1,0,0,0,17,0,0,0
0,0,0,0,0,0,52,6,53,36,0,0,0,0,0,0,60,0,0,0,13,0,0,0,60,0,0,0,21,0,7,0,0,0,0,0,0,0,3,0,0,0,0,0,0,0,0,0,0,0,5,0,0,1,280,4,72,1,40,5,53,0,129,0,0,1,8,8,0,0,0,0,0,0,0,0,0,0,0,0,8,0,0,0,35,0,0,0,0,0,8,0,0,0,0,0,5,0,6,0,0,0,0,0,0,0,0,0,0,0,0,0,0,0,0,0,0,0,0,0,0,0,26,0,2,1,4,0,71,0,9,1,11,0,0,0,93,0,235,0,143,0,30,0,43,0,5,0,10,0,0,0,4,0,354,0,56,1,132,0,17,0,12,0,2,0,2,0,0,0,70,0,7,0,1,0,24,1,0,0,0,0,0,0,26,4,0,0,0,0,0,0,0,0,0,0,0,0,0,0,0,0,0,0,0,0,0,0,5,0,26,0,0,0,107,0,0,0,18,0,71,0,0,0,36,0,108,1,107,0,0,0,64,0,12,0,4,0,35,0,11,0,40,0,77,0,0,0,0
0,40,0,1,0,3,18,73,18,131,0,0,0,0,0,0,0,9,0,0,0,0,0,0,6,9,0,0,0,0,0,0,0,0,0,0,0,3,0,8,0,0,0,0,0,0,0,0,0,0,0,1,1,0,5,81,0,109,1,33,0,17,3,116,0,0,0,0,0,0,0,0,0,0,0,0,0,0,0,0,0,5,0,0,0,38,0,0,0,0,0,4,0,0,0,0,0,8,0,22,0,0,0,0,0,0,0,0,0,0,0,0,0,0,0,0,0,0,0,0,0,1,0,5,0,0,0,5,0,35,0,8,0,16,0,14,0,51,0,114,0,60,0,147,0,52,0,0,0,0,0,0,0,0,0,251,0,35,0,116,0,5,0,0,0,0,0,0,0,0,0,3,0,0,0,0,1,3,0,2,0,0,0,0,0,1,0,0,0,0,0,0,0,0,0,0,0,0,0,0,0,0,0,0,0,0,0,0,0,3,0,7,0,0,0,37,0,0,0,1,0,34,0,0,0,0,0,36,0,8,0,3,0,25,0,6,0,0,0,4,0,2,0,0,0,21,0,0,0
0,2,14,0,8,0,149,7,61,105,0,0,0,0,31,0,36,0,0,0,14,0,105,0,212,4,0,0,0,0,0,0,2,0,5,0,0,0,0,0,0,0,2,0,0,0,0,0,14,0,3,0,280,5,0,27,103,3,58,18,34,0,38,0,19,0,7,46,0,0,0,0,0,0,0,0,0,0,0,0,0,0,0,0,4,0,0,0,0,0,5,0,0,0,0,0,2,0,2,0,0,0,0,0,0,0,0,0,0,0,0,0,0,0,0,0,0,0,0,0,0,0,0,0,31,0,15,0,93,0,22,0,40,0,18,0,187,0,17,0,26,0,50,0,3,0,16,0,11,0,5,0,0,0,159,0,25,1,20,0,180,0,17,0,3,0,3,0,21,0,158,0,18,0,0,3,21,13,0,0,0,1,0,0,13,27,0,0,0,0,0,0,0,0,0,0,0,0,0,0,24,0,0,0,0,0,0,0,6,0,82,0,0,0,222,0,0,0,25,0,159,0,101,0,74,0,81,1,264,0,8,0,92,0,0,0,0,0,72,0,19,0,36,0,181,0,0,0,0
0,15,0,53,0,23,28,232,56,78,0,4,0,0,0,58,1,34,0,11,0,22,5,40,20,277,0,27,0,12,0,13,0,7,0,0,0,0,0,15,0,0,0,0,0,0,0,2,0,0,0,7,4,81,27,0,1,298,29,14,0,21,10,133,0,1,16,3,0,0,0,0,0,0,0,0,0,0,0,0,0,1,0,0,0,11,0,0,0,0,0,6,0,0,0,0,0,0,0,0,0,0,0,0,0,0,0,0,0,0,0,0,0,0,0,0,0,0,0,0,0,0,0,0,0,1,0,6,0,9,0,12,0,28,0,50,0,83,0,47,0,29,0,92,0,5,0,0,0,0,0,0,0,2,0,182,0,40,0,29,0,69,0,0,0,5,0,0,0,4,1,93,0,24,0,0,15,8,0,1,0,0,0,2,5,21,0,0,0,0,0,0,0,0,0,0,0,0,0,0,0,0,0,0,0,0,0,0,0,0,0,38,0,0,0,146,0,0,0,11,0,221,0,60,0,25,0,55,2,217,0,0,0,182,0,41,0,0,0,33,0,7,0,10,0,82,0,0,0
0,0,0,0,0,0,0,0,4,0,0,0,0,0,0,0,11,0,0,0,5,0,9,0,13,0,0,0,0,0,0,0,0,0,0,0,0,0,0,0,0,0,0,0,0,0,0,0,24,0,16,0,72,0,103,1,0,0,287,17,4,0,14,0,26,25,2,27,0,0,0,0,0,0,0,0,0,0,0,0,0,0,0,0,0,0,0,0,0,0,0,0,0,0,0,0,0,0,1,0,0,0,0,0,0,0,0,0,0,0,0,0,0,0,0,0,0,0,0,0,0,0,0,0,26,0,7,0,33,0,46,1,11,0,6,0,13,0,5,0,0,0,19,0,21,0,10,0,10,0,2,0,0,0,176,2,36,0,60,6,196,7,51,0,0,0,0,0,41,0,68,0,11,0,7,21,0,0,0,0,8,4,0,0,3,4,0,0,0,0,0,0,0,0,0,0,0,0,0,0,2,0,0,0,0,0,0,0,0,0,83,0,39,0,432,0,0,0,51,1,210,0,260,0,70,0,135,0,303,1,0,0,292,0,161,1,12,0,117,0,19,0,32,0,230,0,0,0,0
0,3,0,0,0,5,0,18,8,4,1,0,0,0,1,0,0,18,1,0,0,0,0,16,0,66,0,0,0,17,0,0,0,0,0,0,0,0,0,12,0,0,0,8,0,8,0,0,0,5,0,7,1,109,3,298,0,0,12,214,0,0,1,75,0,1,2,1,0,0,0,0,0,0,0,0,0,0,0,0,0,0,0,0,0,0,0,0,0,0,0,0,0,0,0,0,0,0,0,0,0,0,0,0,0,0,0,0,0,0,0,0,0,0,0,0,0,0,0,0,0,0,0,0,0,4,0,11,0,25,0,29,0,50,0,35,0,100,0,70,0,15,0,36,0,6,0,5,0,1,0,0,0,0,0,217,0,17,1,83,0,99,0,0,0,7,0,0,0,16,0,99,0,6,0,0,0,0,0,0,0,0,0,0,0,11,0,0,0,0,0,0,0,0,0,0,0,0,0,6,0,1,0,0,0,0,0,0,0,10,0,24,0,5,0,206,0,0,0,23,0,355,0,129,0,65,1,77,0,388,0,3,3,135,1,232,0,1,0,40,0,3,0,5,2,93,0,0,0
3,0,6,0,0,0,2,0,60,24,0,0,0,0,0,0,0,0,6,0,0,0,0,0,7,0,4,0,0,0,0,0,0,0,0,0,4,0,5,0,0,0,0,0,1,0,0,0,0,0,6,0,40,1,58,29,287,12,0,134,17,0,13,0,247,28,217,177,0,0,0,0,0,0,0,0,2,0,0,0,0,0,0,0,0,0,1,0,0,0,0,0,0,0,0,0,0,0,0,0,0,0,0,0,0,0,0,0,0,0,0,0,0,0,0,0,0,0,0,0,0,0,0,0,2,0,0,0,0,0,6,0,0,0,3,0,0,0,0,1,0,0,0,0,7,3,0,0,5,3,0,0,0,0,41,10,29,0,0,7,17,17,10,0,1,0,0,0,19,0,61,0,7,0,11,33,101,0,0,0,32,20,0,0,113,67,0,0,0,0,0,0,0,0,0,0,0,0,0,0,0,0,0,0,0,0,0,0,0,0,79,0,21,0,447,1,0,0,22,0,216,0,102,0,54,0,178,0,196,0,7,0,308,0,97,1,10,0,167,0,30,0,78,0,304,1,0,0,0
0,5,2,2,0,0,0,12,13,12,1,0,0,0,0,0,0,0,0,0,0,0,0,0,0,11,0,0,0,0,0,0,0,0,0,0,0,0,0,0,0,0,0,0,0,5,0,0,1,1,0,12,5,33,18,14,17,214,134,0,0,0,0,8,19,96,52,67,0,1,0,0,0,0,0,0,0,0,0,0,0,0,0,0,0,0,0,0,0,0,0,0,0,0,0,0,0,0,0,0,0,0,0,0,0,0,0,0,0,0,0,0,0,0,0,0,0,0,0,0,0,0,0,0,1,25,0,16,0,1,0,22,0,7,0,15,0,31,0,5,0,0,0,1,0,11,0,8,0,33,0,0,0,0,4,211,0,73,0,21,8,51,0,5,0,5,0,0,0,0,0,29,0,2,0,16,0,0,0,0,0,68,0,0,10,99,0,1,0,0,0,0,0,0,0,0,0,0,0,0,0,0,0,0,0,0,0,1,0,10,0,30,0,5,0,387,0,13,0,19,0,466,0,116,1,48,3,218,2,336,0,11,2,369,0,546,0,0,0,135,0,14,0,31,3,300,0,0,0
84,0,27,0,0,0,259,0,147,0,0,0,0,0,0,0,31,0,0,0,0,0,9,0,53,0,0,0,3,0,0,0,12,0,3,0,14,0,50,0,0,0,0,0,0,0,0,0,0,0,0,0,53,0,34,0,4,0,17,0,0,0,160,0,0,0,3,0,0,0,0,0,0,0,0,0,0,0,0,0,0,0,0,0,0,0,0,0,0,0,0,0,0,0,0,0,0,0,0,0,0,0,0,0,0,0,0,0,0,0,0,0,0,0,0,0,0,0,0,0,0,0,3,0,0,0,0,0,0,0,0,0,0,0,1,0,0,0,149,0,47,0,0,0,137,0,0,0,0,0,0,0,0,0,61,0,190,0,22,0,0,0,0,0,0,0,1,0,3,0,98,0,70,0,0,0,19,0,0,0,0,0,0,0,18,0,0,0,0,0,0,0,0,0,0,0,0,0,0,0,0,0,0,0,0,0,0,0,2,0,14,0,11,0,81,0,0,0,8,0,46,0,18,0,24,0,174,0,51,0,3,0,49,0,0,0,0,0,28,0,10,0,16,0,69,0,0,0,0
0,293,0,39,0,0,2,179,1,120,0,5,0,0,0,3,0,14,0,0,0,0,0,6,6,51,0,0,0,7,0,0,0,0,0,14,0,33,0,18,0,0,0,17,0,0,0,0,0,0,0,8,0,17,0,21,0,0,0,0,0,0,0,90,0,0,0,0,0,0,0,0,0,13,0,1,0,0,0,3,0,1,0,0,0,0,0,0,0,0,0,0,0,0,0,0,0,0,0,0,0,0,0,0,0,0,0,0,0,0,0,0,0,0,0,0,0,0,0,0,0,2,0,2,0,0,0,0,0,0,0,0,0,0,0,0,1,0,0,40,0,34,0,29,0,130,0,2,0,0,0,0,0,0,0,23,0,149,0,22,0,0,0,0,0,1,0,2,0,0,0,15,0,10,0,0,0,21,0,12,0,0,0,26,0,5,0,0,0,0,0,0,0,0,0,0,0,0,0,0,0,0,0,0,0,0,0,0,0,0,0,0,0,0,0,4,0,0,0,0,0,11,0,2,0,2,0,258,0,21,0,10,1,15,0,7,0,1,0,12,0,7,0,4,0,19,0,0,0
65,8,24,0,0,0,399,12,197,49,0,0,0,0,0,0,321,0,0,0,49,0,27,0,107,12,26,0,204,0,37,0,39,0,18,0,26,0,51,0,1,0,0,0,0,0,0,0,10,0,20,0,129,3,38,10,14,1,13,0,160,0,0,4,0,0,1,2,0,0,0,0,1,0,0,0,0,0,0,0,32,0,0,0,45,0,0,0,0,0,10,0,0,0,0,0,8,0,25,0,0,0,0,0,0,0,0,0,0,0,0,0,0,0,0,0,0,0,0,0,14,0,35,0,0,0,0,0,17,0,4,0,8,0,7,0,73,0,267,0,144,0,44,0,52,0,3,0,0,0,3,0,0,0,202,0,64,0,49,0,0,0,3,0,3,0,1,0,3,0,21,0,30,0,0,0,24,5,0,0,0,0,0,2,19,0,0,0,0,0,0,0,0,0,0,0,0,0,0,0,6,0,0,0,0,0,0,0,0,0,11,0,3,0,79,0,0,0,0,0,55,0,18,0,17,0,193,0,51,0,14,0,90,0,0,0,3,0,31,0,19,0,18,0,92,1,0,0,0
10,303,5,26,0,0,20,454,12,251,0,0,0,0,0,9,6,420,0,9,0,74,7,52,28,179,0,25,0,143,0,16,0,42,0,0,0,13,0,67,0,2,0,0,0,8,0,0,0,6,0,0,0,116,0,133,0,75,0,8,0,90,4,0,0,0,1,0,0,0,0,0,0,2,0,0,0,0,0,0,0,0,0,0,0,37,0,0,0,1,0,0,0,0,0,0,0,7,0,6,0,0,0,0,0,0,0,0,0,0,0,0,0,0,0,0,0,0,0,0,0,0,0,0,0,0,0,0,0,0,0,5,0,14,0,18,0,26,0,125,0,76,0,141,0,46,0,0,0,0,0,0,0,5,0,189,0,86,0,56,0,4,0,0,0,0,0,0,0,0,0,9,0,8,0,0,2,28,0,2,0,0,0,46,0,2,0,0,0,0,0,0,0,0,0,0,0,0,0,0,0,0,0,0,0,0,0,0,0,2,0,2,0,0,0,13,0,0,0,1,0,25,0,0,0,4,0,188,0,25,0,0,0,21,0,0,0,0,0,15,0,2,0,4,0,20,0,0,0
0,0,6,1,7,0,0,0,44,0,10,0,2,0,24,0,0,0,13,0,3,0,6,0,0,0,5,0,0,0,1,0,3,0,0,0,2,0,2,0,2,0,0,0,2,0,1,0,3,0,0,0,0,0,19,0,26,0,247,19,0,0,0,0,0,62,157,22,0,0,0,0,0,0,0,0,0,0,0,0,0,0,0,0,0,0,3,0,0,0,0,0,0,0,0,0,0,0,0,0,0,0,0,0,0,0,0,1,0,0,0,0,0,0,0,0,0,0,0,0,0,0,0,0,12,10,0,0,0,0,61,16,0,0,0,0,3,0,12,5,0,2,0,0,36,3,10,0,82,20,1,0,1,10,5,3,15,0,6,5,287,33,2,0,0,0,0,0,0,0,0,0,0,0,76,67,4,0,0,0,77,6,0,0,31,5,2,0,0,0,0,0,0,0,0,0,0,0,0,0,1,0,0,0,0,0,0,0,0,5,0,0,0,0,11,0,0,0,0,0,0,0,0,0,0,0,9,0,16,0,3,0,20,0,93,1,0,0,22,0,2,0,6,0,31,0,0,0,0
0,48,0,10,0,21,0,4,0,188,0,0,0,2,0,25,0,0,0,15,0,4,0,0,0,1,0,0,0,1,0,0,0,0,0,0,0,1,0,11,0,0,0,0,0,0,0,0,0,0,0,0,1,0,0,1,25,1,28,96,0,0,0,0,62,0,10,447,0,0,0,32,0,5,0,0,0,0,0,2,0,0,0,0,0,0,0,0,0,0,0,0,0,0,0,0,0,0,0,0,0,0,0,0,0,0,0,0,0,0,0,0,0,0,0,0,0,0,0,0,0,0,0,0,0,46,0,10,0,0,10,52,1,0,0,0,0,32,14,18,0,18,0,0,0,85,2,44,0,192,0,10,0,24,14,0,0,0,35,0,43,177,0,8,0,0,0,0,0,0,0,0,0,2,2,87,1,8,0,3,0,108,0,19,3,28,0,0,0,0,0,1,0,3,0,0,0,3,0,5,0,0,0,0,0,0,0,12,0,64,0,0,0,0,0,0,0,0,0,0,0,40,0,0,0,0,0,54,0,42,0,0,0,29,0,67,0,0,0,32,0,5,0,0,0,46,0,0,0
0,0,4,0,0,0,0,0,36,6,0,0,0,0,5,0,0,0,2,0,0,0,2,0,1,0,0,0,0,0,0,0,0,0,0,0,0,0,1,0,0,0,2,0,0,0,0,0,0,0,3,0,8,0,7,16,2,2,217,52,3,0,1,1,157,10,0,48,0,0,0,0,0,0,0,0,0,0,0,0,0,0,0,0,0,0,0,0,0,0,0,0,0,0,0,0,0,0,0,0,0,0,0,0,0,0,0,0,0,0,0,0,0,0,0,0,0,0,0,0,0,0,0,0,13,0,1,1,0,0,12,0,0,0,0,0,0,0,0,0,0,1,0,0,0,0,0,0,16,0,0,0,0,0,0,5,4,0,0,4,32,3,0,0,0,0,0,0,0,0,6,0,0,0,15,11,56,0,0,0,20,10,0,0,55,28,0,0,0,0,0,0,1,0,0,0,0,0,0,0,1,0,0,0,0,0,0,0,0,0,0,0,4,0,24,0,0,0,3,0,16,0,4,0,0,0,9,0,10,0,0,0,27,0,9,0,0,0,5,0,2,0,1,0,15,0,0,0,0
0,15,0,0,0,0,0,0,18,127,0,0,0,0,0,0,0,0,0,1,0,0,0,0,2,0,0,0,0,0,0,0,0,0,0,0,0,0,0,0,0,0,0,0,0,0,0,0,0,0,0,0,8,0,46,3,27,1,177,67,0,0,2,0,22,447,48,0,0,0,0,0,0,0,0,0,0,0,0,0,0,0,0,0,0,0,0,0,0,0,0,0,0,0,0,0,0,0,0,0,0,0,0,0,0,0,0,0,0,0,0,0,0,0,0,0,0,0,0,0,0,0,0,0,0,61,0,6,0,0,0,35,0,0,0,0,0,0,0,4,0,0,0,0,0,7,0,6,0,125,0,2,0,0,10,66,0,18,7,13,8,77,0,0,0,0,0,1,0,0,0,0,0,0,0,36,0,24,0,0,0,138,0,0,14,411,0,1,0,0,0,0,0,0,0,0,0,0,0,0,0,0,0,0,0,0,0,2,0,5,0,0,0,0,0,77,0,0,0,4,0,81,0,13,0,0,2,123,0,63,0,3,0,111,0,166,0,0,0,52,0,0,0,12,1,124,0,0,0
0,0,0,0,0,0,0,0,0,0,0,0,0,0,0,0,0,0,0,0,0,0,1,0,0,0,0,0,0,0,0,0,0,0,0,0,0,0,0,0,0,0,0,0,4,0,0,0,10,0,0,0,0,0,0,0,0,0,0,0,0,0,0,0,0,0,0,0,0,0,0,0,0,0,0,0,63,0,18,0,3,0,27,0,0,0,9,0,5,0,0,0,18,0,6,0,1,0,3,0,1,0,64,0,0,0,14,0,19,0,0,0,0,0,0,0,10,0,0,0,0,0,1,0,0,0,0,0,0,0,0,0,0,0,0,0,0,0,0,0,0,0,0,0,0,0,0,0,0,0,0,0,0,0,0,0,0,0,0,0,4,0,0,0,28,0,0,0,78,0,0,0,0,0,0,0,0,0,0,0,0,0,0,0,0,0,0,0,0,0,17,0,38,0,14,0,3,0,0,0,10,0,0,0,0,0,13,0,0,0,14,0,142,0,127,0,68,0,13,0,4,0,155,0,43,0,0,0,50,0,0,0,0,0,0,0,0,0,25,0,42,0,8,0,1,0,0,0,0
0,0,0,0,0,0,0,1,0,0,0,0,0,0,0,0,0,0,0,0,0,0,0,0,0,0,0,2,0,0,0,0,0,0,0,0,0,0,0,0,0,0,0,0,0,6,0,0,0,8,0,0,0,0,0,0,0,0,0,1,0,0,0,0,0,0,0,0,0,0,0,0,0,0,0,0,0,55,0,0,0,0,0,2,0,0,0,6,0,6,0,0,0,12,0,0,0,1,0,1,0,1,0,35,0,17,0,0,0,5,0,2,0,0,0,5,0,1,0,0,0,0,0,2,0,0,1,3,0,0,0,0,0,0,0,0,0,0,0,0,0,0,0,0,0,0,0,0,0,0,0,0,0,2,0,0,0,0,0,0,0,0,0,0,0,9,0,0,0,41,0,2,0,0,0,1,0,0,0,0,0,3,0,0,0,0,0,0,0,18,0,5,0,0,0,12,0,0,0,0,0,0,0,0,0,16,0,0,0,0,0,7,0,208,0,93,0,63,0,13,0,0,0,103,0,30,0,0,0,68,0,0,0,0,0,6,0,0,0,11,0,0,0,0,0,0,0,0,0
0,0,0,0,0,0,0,0,0,0,0,0,0,0,0,0,0,0,4,0,0,0,0,0,0,0,18,0,0,0,0,0,0,0,0,0,18,0,7,0,1,0,0,0,0,0,1,0,0,0,15,0,0,0,0,0,0,0,0,0,0,0,0,0,0,0,0,0,0,0,0,0,190,0,231,0,12,0,222,0,10,0,0,0,0,2,47,0,0,0,0,0,0,0,0,0,0,0,1,0,0,0,0,0,0,0,0,0,0,0,0,0,0,0,0,0,0,0,0,0,82,0,23,0,24,0,47,3,14,0,9,0,46,0,28,0,61,5,0,0,29,0,55,0,98,0,32,0,16,0,0,0,22,3,0,0,6,0,0,0,3,0,28,0,0,0,0,0,15,0,18,0,5,0,22,4,0,0,0,0,0,0,0,0,4,0,0,0,0,0,0,0,0,0,0,0,0,1,0,0,0,0,0,0,0,0,0,0,0,0,0,0,0,0,2,0,0,0,0,0,5,0,13,0,0,0,9,0,34,0,0,0,0,0,4,0,0,0,29,0,18,0,22,0,2,0,0,0,0
0,0,0,0,0,0,0,0,0,0,0,0,0,0,0,0,0,0,0,0,0,2,0,1,0,0,0,0,0,0,0,1,0,0,0,0,0,0,0,4,0,0,0,4,0,7,0,0,0,2,0,6,0,0,0,0,0,0,0,0,0,0,0,0,0,32,0,0,0,0,0,0,0,154,0,147,0,10,0,92,0,0,0,0,0,2,0,46,0,0,0,0,0,0,0,0,0,0,0,1,0,0,0,0,0,0,0,0,0,0,0,0,0,0,0,0,0,0,0,0,0,27,0,28,0,40,0,48,0,0,0,34,1,65,0,0,0,62,0,25,0,43,0,39,0,170,0,0,0,27,0,0,1,0,0,0,0,0,0,0,0,12,0,23,0,0,0,0,0,6,0,9,0,0,0,23,0,0,0,0,0,0,0,0,0,7,0,0,0,1,0,0,0,0,0,0,0,0,0,0,0,0,0,0,0,0,0,0,0,28,0,0,0,0,0,4,0,0,0,0,0,0,0,0,0,0,0,33,0,18,0,0,0,0,0,17,0,0,0,67,0,12,0,7,0,24,0,0,0
