0,223,42,177,158,65,32,80,114,0,152,0,265,0,15,203,10,47,32,0,0,3,32,250,0,180,54,0,38,24,0,0,0,0,0,0,3,8,254,0,0,0,0,0,0,0,93,0,0,0,6,0,2,0,0,0,0,0,16,0,21,0,5,0,15,0,9,0,0,0,1,0,0,0,0,0,0,0,0,0,0,0,0,0,0,0,0,0,0,0,0,0,0,0,0,0,0,0,0,0,0,0,0,0,0,0,0,0,0,0,0,0,0,0,0,0,0,0,0,0,0,0,0,0,20,0,27,0,0,0,12,0,0,0,6,0,0,0,0,0,0,0,0,0,0,0,32,0,47,0,23,0,0,0,1,0,0,0,0,0,0,0,2,0,0,0,0,0,9,0,24,0,124,0,0,0,472,98,38,0,0,0,79,0,96,0,0,0,0,0,0,0,0,0,0,0,0,0,0,0,0,0,0,0,0,0,0,0,18,0,492,48,187,0,143,0,14,0,0,1,0,0,0,0,0
223,0,236,59,0,386,269,58,164,77,0,354,0,186,0,17,100,0,0,82,0,0,253,0,276,4,0,167,0,0,0,0,0,127,0,0,0,133,33,320,0,60,0,0,0,43,0,164,0,16,0,0,0,0,58,28,0,0,3,17,0,145,45,27,0,102,0,3,0,0,0,0,0,0,0,0,0,0,0,0,0,0,0,0,0,3,0,2,0,0,0,0,0,0,0,0,0,9,0,0,0,9,0,0,0,0,0,0,0,0,0,0,0,0,0,0,0,0,0,0,0,0,0,0,0,63,0,58,0,0,0,40,0,0,0,84,0,19,0,0,0,0,0,0,0,0,0,76,0,116,0,70,0,69,0,0,0,0,0,0,0,4,0,3,0,0,0,14,0,20,0,0,0,88,0,0,188,809,0,4,0,31,7,27,0,88,0,1,0,1,0,0,0,0,0,0,0,0,0,0,0,22,0,0,0,0,0,0,0,105,5,0,0,0,382,0,0,0,818,120,323,0,0,19,0
42,236,0,0,206,0,56,0,16,0,60,0,245,0,151,217,69,0,62,0,35,0,408,191,35,75,119,0,186,0,79,0,163,0,0,0,0,0,466,22,0,0,0,0,0,0,84,0,25,0,0,0,0,0,26,0,0,0,33,0,29,0,12,0,22,0,4,0,0,0,0,0,0,0,0,0,0,0,0,0,0,0,0,0,0,0,0,0,0,0,0,0,0,0,0,0,0,0,0,0,0,0,0,0,0,0,0,0,0,0,0,0,0,0,0,0,0,0,0,0,0,0,0,0,52,0,133,0,0,0,39,0,6,0,318,0,52,0,0,0,0,0,0,0,0,0,134,0,156,0,144,0,0,0,0,0,0,0,0,0,16,0,3,0,0,0,0,0,23,0,24,0,243,0,0,0,175,95,0,0,0,0,19,0,83,0,0,0,0,0,0,0,0,0,0,0,0,0,84,0,0,0,0,0,0,0,0,0,203,0,635,46,316,0,309,0,0,0,0,0,0,0,0,0,0
177,59,0,0,0,161,0,102,0,8,0,6,0,0,0,199,41,37,0,160,0,31,171,136,71,60,0,112,0,246,0,81,0,189,0,1,0,0,0,266,0,0,0,0,0,0,0,0,3,0,0,0,0,0,0,103,0,0,0,10,0,0,4,0,1,0,0,0,0,0,0,0,0,0,0,0,0,0,0,0,0,0,0,0,0,0,0,0,0,0,0,0,0,0,0,0,0,5,0,0,0,0,0,0,0,0,0,0,0,0,0,0,0,0,0,0,0,0,0,0,0,0,0,0,0,0,0,47,0,0,0,74,0,0,0,298,0,124,0,0,0,0,0,0,0,1,0,0,0,0,0,32,0,0,0,0,0,0,0,0,0,0,0,0,0,6,0,0,0,0,0,0,7,70,0,0,40,110,0,0,0,0,0,2,0,0,0,0,0,0,0,0,0,0,0,0,0,0,0,0,0,64,0,0,0,0,0,0,0,189,4,0,0,0,249,0,0,0,290,43,327,0,0,0,0
158,0,206,0,0,645,19,0,68,0,212,260,487,0,303,428,41,0,230,0,315,0,154,38,0,0,230,0,0,0,151,0,224,0,160,0,130,0,182,0,62,0,0,0,0,13,228,0,0,0,0,0,0,0,0,0,0,0,9,0,0,0,0,0,41,0,4,0,0,0,0,0,0,0,0,0,0,0,0,0,0,0,0,0,0,0,0,0,0,0,0,0,0,0,0,0,0,0,0,0,0,0,0,0,0,0,0,0,0,0,0,0,0,0,0,0,0,0,0,0,0,0,0,0,0,0,0,0,0,0,0,0,0,0,74,0,0,0,0,0,0,0,0,0,0,0,106,0,153,0,111,0,0,0,0,0,0,0,0,0,0,0,0,0,24,0,158,0,70,0,0,0,182,0,0,0,479,186,22,0,21,0,142,0,110,0,0,0,0,0,0,0,0,0,0,0,0,0,0,0,0,0,0,0,0,0,0,0,0,0,833,332,663,0,321,0,0,0,0,24,0,0,0,0,0
65,386,0,161,645,0,0,115,0,44,401,363,322,247,710,165,0,0,130,232,305,208,312,136,0,38,0,300,0,62,0,194,41,223,72,332,0,208,32,0,0,56,0,0,0,0,0,264,0,0,0,0,0,0,0,43,0,0,0,0,0,0,0,0,0,54,0,0,0,0,0,0,0,0,0,0,0,0,0,0,0,0,0,0,0,0,0,0,0,0,0,0,0,0,0,0,0,0,0,0,0,0,0,0,0,0,0,0,0,0,0,0,0,0,0,0,0,0,0,0,0,21,0,0,0,0,0,0,0,0,0,0,0,0,0,0,0,113,0,0,0,0,0,0,0,0,0,0,0,111,0,0,0,0,0,0,0,0,0,0,0,9,0,0,0,0,0,220,0,111,0,9,0,0,0,0,231,497,31,0,0,0,0,0,0,12,0,0,0,0,0,0,0,0,0,0,0,0,0,0,0,0,0,0,0,0,0,0,0,150,0,0,0,0,339,0,0,0,658,369,577,80,0,0,0
32,269,56,0,19,0,0,0,40,0,4,0,31,0,76,0,36,0,47,0,22,0,66,0,119,235,0,0,155,0,0,0,5,0,0,0,0,0,144,36,0,0,0,0,0,0,0,0,42,0,0,0,13,0,221,13,18,0,89,0,178,0,191,64,16,0,26,0,0,0,0,0,0,0,0,0,0,0,0,0,0,0,0,0,0,0,0,0,0,0,0,0,0,0,0,0,0,0,0,0,0,0,0,0,0,0,0,0,0,0,0,0,0,0,0,0,0,0,0,0,0,0,0,0,116,0,204,0,73,0,125,0,22,0,238,0,96,0,0,0,0,0,0,0,0,0,70,0,58,0,74,0,0,0,0,0,0,0,8,0,48,0,0,0,0,0,0,0,0,0,118,0,208,0,0,0,126,78,0,0,0,0,0,0,0,0,0,0,0,0,0,0,0,0,0,0,0,0,44,0,0,0,0,0,0,0,27,0,226,0,721,93,500,134,644,0,154,0,6,0,0,0,0,0,0
80,58,0,102,0,115,0,0,299,15,0,20,0,17,0,73,25,49,0,59,0,0,0,25,125,47,0,79,0,133,0,0,0,0,0,0,0,0,0,222,0,0,0,0,0,0,0,0,0,0,0,0,0,38,86,423,0,51,0,69,0,199,63,270,0,17,0,0,0,0,0,0,0,0,0,0,0,0,0,0,0,0,0,0,0,0,0,0,0,0,0,0,0,0,0,0,0,0,0,0,0,0,0,0,0,0,0,0,0,0,0,0,0,0,0,0,0,0,0,0,0,0,0,0,0,79,0,110,0,13,0,131,0,0,0,118,0,79,0,0,0,0,0,0,0,0,0,60,0,38,0,55,0,0,0,2,0,0,0,0,0,4,0,0,0,0,0,6,0,39,0,22,0,133,0,0,47,109,0,0,0,0,10,6,0,0,0,0,0,0,0,0,0,0,0,0,0,0,0,0,0,0,0,0,0,0,0,0,0,236,0,0,0,0,766,0,0,0,1042,104,625,394,43,78,0
114,164,16,0,68,0,40,299,0,346,22,0,80,0,0,3,3,35,0,0,0,0,2,0,0,160,0,0,0,12,1,0,0,3,0,0,0,0,0,17,0,0,0,0,0,0,0,0,7,0,0,0,19,56,19,151,5,0,212,32,93,0,44,122,134,0,194,0,0,0,0,0,0,0,0,0,0,0,0,0,0,0,0,0,0,0,0,0,0,0,0,0,0,0,0,0,0,0,0,0,0,0,0,0,0,0,0,0,0,0,0,0,0,0,0,0,0,0,0,0,0,0,0,0,55,0,63,0,0,0,71,0,0,0,0,0,1,0,0,0,0,0,0,0,0,0,52,0,134,0,44,0,0,0,0,0,3,0,0,0,48,0,0,0,0,0,0,0,15,0,62,0,40,0,0,0,642,270,6,0,0,0,13,0,203,2,0,0,0,0,1,0,0,0,0,0,0,0,14,0,0,0,0,0,0,0,0,0,22,0,219,68,102,59,144,0,53,0,0,0,0,0,0,0,0
0,77,0,8,0,44,0,15,346,0,0,100,0,19,0,2,8,0,0,35,0,0,0,0,30,0,0,54,0,0,0,0,0,0,0,0,0,0,0,30,0,0,0,0,0,0,0,42,0,0,0,0,55,39,358,61,21,29,187,159,0,105,49,77,0,417,55,313,0,0,0,0,0,0,0,0,0,0,0,0,0,0,0,0,0,3,0,0,0,0,0,0,0,0,0,6,0,4,0,0,0,0,0,0,0,0,0,0,0,0,0,0,0,0,0,0,0,0,0,0,0,0,0,1,0,155,0,76,0,0,0,79,0,0,0,24,0,8,0,2,0,1,0,0,0,0,0,87,0,101,0,0,0,12,0,0,0,0,0,0,0,16,0,0,0,0,0,3,0,0,0,18,0,0,0,0,78,983,0,0,0,0,4,9,0,75,0,0,0,0,0,0,0,0,0,0,0,0,0,14,0,0,0,0,0,0,0,0,0,63,0,0,0,0,323,0,0,0,482,171,190,286,27,11,0
152,0,60,0,212,401,4,0,22,0,0,99,404,0,38,370,0,0,36,68,101,0,14,0,0,0,0,0,0,0,84,0,94,0,28,0,45,3,46,0,86,0,0,0,0,0,130,0,22,0,0,0,0,0,0,0,0,0,2,0,0,0,1,0,10,0,0,0,0,0,0,0,0,0,0,0,0,0,0,0,0,0,0,0,0,0,0,0,0,0,0,0,0,0,0,0,0,0,0,0,0,0,0,0,0,0,0,0,0,0,0,0,0,0,0,0,0,0,0,0,0,0,0,0,0,0,23,0,0,0,0,0,0,0,0,0,0,0,0,0,0,0,0,0,0,0,0,0,14,0,33,0,0,0,0,0,0,0,0,0,0,0,0,0,0,0,32,0,12,0,0,0,45,0,0,0,579,133,142,0,62,0,78,0,20,0,6,0,0,0,0,0,0,0,0,0,0,0,0,0,0,0,0,0,0,0,0,0,0,0,405,122,180,0,139,0,0,0,0,0,0,0,0,0,0
0,354,0,6,260,363,0,20,0,100,99,0,69,322,330,4,0,0,30,23,119,27,217,0,0,0,0,107,0,0,36,57,0,112,22,147,0,78,0,0,0,227,0,0,0,47,0,196,0,44,0,6,0,0,0,0,0,0,0,7,0,2,0,0,0,34,0,0,0,0,0,2,0,0,0,0,0,0,0,0,0,18,0,0,0,0,0,0,0,0,0,0,0,0,0,0,0,0,0,8,0,0,0,0,0,0,0,0,0,0,0,0,0,0,0,0,0,0,0,0,0,0,0,0,0,0,0,25,0,0,0,0,0,0,0,0,0,8,0,0,0,0,0,0,0,0,0,43,0,55,0,0,0,137,0,0,0,0,0,0,0,0,0,0,0,0,0,34,0,0,0,0,0,19,0,0,133,756,0,70,0,118,0,79,0,125,0,8,0,0,0,0,0,0,0,0,0,0,0,0,0,0,0,0,0,0,0,0,0,0,0,0,0,0,112,0,0,0,351,137,134,0,0,0,0
265,0,245,0,487,322,31,0,80,0,404,69,0,722,56,49,0,0,234,331,170,48,39,0,0,0,226,563,0,0,0,0,0,0,290,60,61,0,0,0,336,143,84,0,52,168,432,483,103,0,400,0,0,0,0,0,0,0,0,0,0,0,0,0,0,0,0,0,0,0,0,0,0,0,0,0,0,0,0,0,0,0,0,0,0,0,0,0,0,0,0,0,0,0,0,0,0,0,0,0,0,0,0,0,0,0,0,0,1,0,0,0,0,0,0,0,0,0,0,0,0,0,0,0,0,0,0,0,0,0,0,0,0,0,0,0,0,0,0,0,0,0,0,0,0,0,0,0,0,0,75,0,0,0,0,0,0,0,0,0,0,0,0,0,82,10,66,0,83,0,0,0,28,0,0,0,415,153,126,0,69,0,70,0,0,0,276,0,0,0,0,0,0,0,0,0,0,0,0,0,0,0,0,0,0,0,0,0,0,0,223,392,257,0,55,0,0,1,0,10,0,0,0,0,0
0,186,0,0,0,247,0,17,0,19,0,322,722,0,69,0,0,0,453,75,309,44,0,0,0,0,487,85,0,0,0,0,0,0,116,316,0,86,0,0,82,429,0,115,0,57,108,295,0,75,84,313,0,0,0,0,0,0,0,0,0,0,0,0,0,0,0,0,0,2,0,0,0,0,0,0,0,0,0,0,0,0,0,0,0,0,0,0,0,0,0,0,0,0,0,0,0,0,0,0,0,0,0,0,0,0,0,0,0,0,0,0,0,0,0,0,0,0,0,0,0,0,0,0,0,0,0,0,0,0,0,0,0,0,0,0,0,0,0,0,0,0,0,0,0,0,0,0,0,0,0,49,0,59,0,0,0,0,0,0,0,0,0,0,0,121,0,34,0,93,0,0,0,0,0,0,72,463,15,28,0,38,0,28,0,35,110,135,0,0,0,0,0,0,0,0,0,0,0,0,0,0,0,0,0,0,0,0,0,0,0,0,0,0,54,0,0,0,131,370,291,0,0,0,0
15,0,151,0,303,710,76,0,0,0,38,330,56,69,0,318,36,0,416,202,408,68,308,0,66,0,306,0,0,0,187,30,124,0,32,107,88,0,13,0,0,0,0,0,0,6,31,0,0,0,19,0,0,0,108,0,0,0,0,0,0,0,0,0,12,0,0,0,0,0,0,0,0,0,0,0,0,0,0,0,0,0,0,0,0,0,0,0,0,0,0,0,0,0,0,0,0,0,0,0,0,0,0,0,0,0,0,0,0,0,0,0,0,0,0,0,0,0,0,0,0,0,0,0,0,0,0,0,20,0,0,0,0,0,474,0,0,0,0,0,0,0,0,0,0,0,87,0,163,0,76,0,0,0,0,0,0,0,0,0,0,1,0,0,6,0,61,0,0,5,0,0,57,3,0,0,138,91,0,0,0,0,15,0,53,0,0,0,0,0,0,0,0,0,0,0,0,0,0,0,0,0,0,0,0,0,0,0,125,0,226,173,288,0,97,0,4,0,0,20,0,0,0,0,0
203,17,217,199,428,165,0,73,3,2,370,4,49,0,318,0,99,40,0,437,128,257,479,301,29,115,0,111,0,26,47,104,42,134,0,0,16,144,71,9,0,0,0,0,0,6,0,0,0,0,0,0,0,0,0,111,0,0,0,0,0,0,0,7,0,0,0,0,0,0,0,0,0,0,0,0,0,0,0,0,0,0,0,0,0,93,0,0,0,0,0,0,0,0,0,0,0,56,0,0,0,0,0,0,0,0,0,0,0,0,0,0,0,0,0,0,0,0,0,0,0,0,0,5,0,0,0,0,0,43,0,0,0,0,0,739,0,299,1,34,0,0,0,44,0,0,0,0,0,0,0,0,0,0,0,1,0,0,0,0,0,6,0,0,0,15,0,148,0,38,0,1,0,52,0,0,66,86,0,0,0,0,0,0,0,0,0,0,0,0,0,0,0,0,0,0,0,0,0,0,0,0,0,0,0,0,0,0,0,0,0,0,0,0,55,0,0,0,135,460,195,19,0,0,0
10,100,69,41,41,0,36,25,3,8,0,0,0,0,36,99,0,0,108,0,172,0,55,88,124,47,234,0,376,0,132,0,38,0,4,0,3,10,85,0,0,0,3,0,0,0,0,0,4,0,0,0,142,0,78,1,19,0,16,0,0,2,175,2,3,0,1,0,0,0,0,0,0,0,0,0,0,0,0,0,0,0,0,0,165,0,42,0,0,0,194,0,0,0,0,0,828,0,175,0,0,0,0,0,0,0,299,0,0,0,0,0,0,0,0,0,0,0,0,0,22,0,0,0,0,0,0,0,104,0,8,0,30,0,220,0,498,0,194,0,132,0,413,0,1,0,0,0,0,0,0,0,0,0,113,0,0,0,77,0,0,0,0,0,0,0,0,0,0,0,1,0,0,0,0,0,46,13,0,0,0,1,0,0,0,0,0,0,0,0,0,0,0,0,0,0,0,0,100,0,509,0,0,0,0,0,0,0,22,0,54,182,35,9,0,0,0,0,0,0,0,0,0,0,0
47,0,0,37,0,0,0,49,35,0,0,0,0,0,0,40,0,0,0,53,0,145,20,104,38,126,0,115,0,229,0,53,0,27,0,24,0,9,0,24,0,0,0,30,0,0,0,0,0,0,0,0,0,18,4,47,0,132,0,0,0,2,0,36,0,0,0,0,0,0,0,0,0,0,0,0,0,0,0,0,0,63,0,0,0,67,0,0,0,0,0,16,0,0,0,0,0,59,0,78,0,50,0,0,0,0,0,0,0,0,0,0,0,0,0,0,0,0,0,0,0,0,0,0,0,0,0,0,0,174,0,0,0,137,0,584,0,420,0,215,0,60,0,64,0,0,0,0,0,0,0,0,0,0,0,42,0,0,0,78,0,5,0,0,0,0,0,0,0,0,0,0,0,0,0,0,6,0,0,0,0,0,0,0,0,0,0,0,0,0,0,0,0,0,0,0,0,0,0,0,0,0,0,0,0,0,0,0,0,0,0,0,0,0,1,0,0,0,0,71,7,0,0,0,0
32,0,62,0,230,130,47,0,0,0,36,30,234,453,416,0,108,0,0,183,382,34,221,0,72,0,334,295,18,0,57,0,0,0,146,0,38,0,0,0,0,21,45,4,12,0,27,106,0,0,259,0,0,0,81,0,0,0,0,0,0,0,17,0,9,0,0,0,0,0,9,0,0,0,0,0,0,0,0,0,0,0,0,0,0,0,0,0,0,0,0,0,0,0,0,0,0,0,0,0,0,0,0,0,0,0,0,0,0,0,0,0,0,0,0,0,0,0,0,0,0,0,0,0,0,0,0,0,0,0,0,0,0,0,0,0,0,0,0,0,0,0,0,0,0,0,0,0,0,0,0,0,0,0,0,0,0,0,0,0,0,0,0,0,32,0,57,0,48,0,0,0,0,0,0,0,89,55,12,0,0,0,25,0,0,0,113,0,0,0,0,0,0,0,0,0,0,0,0,0,0,0,0,0,0,0,0,0,0,0,129,213,154,0,41,0,0,1,0,5,0,0,0,0,0
0,82,0,160,0,232,0,59,0,35,68,23,331,75,202,437,0,53,183,0,165,387,0,174,0,76,0,469,0,0,22,141,0,11,96,479,9,105,0,0,0,0,0,54,0,67,0,60,0,0,15,184,0,0,0,0,0,0,0,0,0,0,0,16,0,0,0,0,0,0,0,0,0,0,0,0,0,0,0,0,0,0,0,0,0,211,0,0,0,0,0,0,0,0,0,196,0,0,0,0,0,0,0,0,0,0,0,0,0,0,0,0,0,0,0,0,0,0,0,0,0,78,0,22,0,0,0,0,0,0,0,0,0,0,0,1304,0,403,0,0,0,48,0,0,0,0,0,0,0,119,0,33,0,0,0,0,0,0,0,0,0,13,0,0,0,0,0,110,0,84,0,0,0,13,0,0,33,43,19,0,0,0,0,0,0,27,0,4,0,0,0,0,0,0,0,0,0,0,0,0,0,351,0,0,0,0,0,0,0,0,0,0,0,0,86,0,0,0,234,478,168,0,0,0,0
0,0,35,0,315,305,22,0,0,0,101,119,170,309,408,128,172,0,382,165,0,30,174,14,78,0,591,124,109,0,122,0,57,3,53,78,41,11,8,0,0,25,6,0,35,17,0,84,3,0,17,0,0,0,42,0,0,0,0,0,5,0,82,0,0,0,0,0,0,0,16,0,0,0,45,0,0,0,0,0,0,0,0,0,185,0,65,0,0,0,119,0,0,0,0,0,629,0,263,0,0,0,0,0,0,0,0,0,0,0,0,0,0,0,0,0,0,0,0,0,60,0,0,0,0,0,0,0,0,0,0,0,0,0,0,0,147,0,72,0,0,0,213,0,0,0,0,0,0,0,0,0,0,0,0,0,0,0,0,0,0,0,0,0,16,0,49,6,0,0,0,0,60,0,0,0,44,16,0,0,0,0,0,0,0,0,11,0,0,0,0,0,0,0,0,0,0,0,53,0,0,0,0,0,0,0,0,0,0,0,350,324,136,70,127,0,0,0,0,0,0,0,0,0,0
3,0,0,31,0,208,0,0,0,0,0,27,48,44,68,257,0,145,34,387,30,0,0,320,0,53,0,260,0,72,0,185,0,56,4,80,0,38,0,5,0,0,0,41,0,80,0,0,0,0,0,126,0,4,0,0,0,38,0,0,0,0,0,35,0,0,0,0,0,0,0,0,0,0,0,0,0,0,0,9,0,0,0,0,0,116,0,0,0,0,0,0,0,0,0,0,0,52,0,0,0,0,0,0,0,2,0,0,0,0,0,0,0,0,0,0,0,0,0,0,0,56,0,0,0,0,0,0,0,36,0,0,0,0,0,583,0,513,0,259,0,114,0,246,0,26,0,0,0,0,0,0,0,0,0,3,0,0,0,0,0,0,0,3,0,0,0,27,0,57,0,0,0,16,0,0,0,64,3,8,0,0,0,0,0,0,0,0,0,0,0,0,0,0,0,0,0,0,0,0,0,0,0,0,0,0,0,0,0,0,0,0,0,0,104,0,0,0,372,579,142,0,0,0,0
32,253,408,171,154,312,66,0,2,0,14,217,39,0,308,479,55,20,221,0,174,0,0,275,53,91,255,0,72,38,43,0,0,41,0,0,0,22,36,0,0,0,0,0,17,0,0,0,9,0,0,0,0,0,84,0,34,0,0,0,0,0,1,0,0,0,0,0,0,0,0,0,0,0,0,0,0,0,0,0,0,0,0,0,0,0,0,0,0,0,0,0,0,0,0,0,0,0,0,0,0,0,0,0,0,0,0,0,0,0,0,0,0,0,0,0,0,0,0,0,0,0,0,0,0,0,11,0,0,0,0,0,2,0,283,0,89,0,5,0,0,0,0,0,0,0,63,0,84,0,41,0,12,0,0,0,0,0,0,0,0,0,0,0,0,0,0,0,0,0,0,0,19,0,0,0,112,75,0,0,0,0,14,0,24,0,5,0,0,0,0,0,0,0,0,0,0,0,89,0,128,0,0,0,0,0,0,0,58,0,53,195,25,0,0,0,0,0,0,11,0,0,0,0,0
250,0,191,136,38,136,0,25,0,0,0,0,0,0,0,301,88,104,0,174,14,320,275,0,90,191,0,0,0,86,0,78,0,32,0,14,0,9,0,14,0,0,0,0,0,3,0,0,0,0,0,0,0,3,0,129,0,77,0,14,0,0,1,31,0,0,0,0,0,0,0,0,0,0,0,0,0,0,0,0,0,0,0,0,0,85,0,0,0,0,0,0,0,0,0,0,0,0,0,0,0,0,0,0,0,0,0,0,0,0,0,0,0,0,0,0,0,0,0,0,0,0,0,0,0,0,0,0,0,119,0,0,0,0,2,654,0,322,0,0,0,0,0,0,0,0,0,0,0,0,0,0,0,0,0,0,0,0,0,0,0,0,0,0,0,0,0,0,0,0,0,0,0,10,0,0,0,28,0,0,0,0,0,0,0,0,0,0,0,0,0,0,0,0,0,0,0,0,0,0,0,0,0,0,0,0,0,0,0,0,0,0,0,0,34,0,0,0,79,318,19,0,0,0,0
0,276,35,71,0,0,119,125,0,30,0,0,0,0,66,29,124,38,72,0,78,0,53,90,0,218,0,0,178,25,18,0,0,0,0,0,0,14,42,33,0,0,0,0,0,0,0,0,0,0,0,0,65,0,163,2,52,0,16,0,0,5,33,0,0,0,0,0,0,0,0,0,0,0,0,0,0,0,0,0,0,0,0,0,0,0,0,0,0,0,26,0,0,0,0,0,0,0,0,0,0,0,0,0,0,0,0,0,0,0,0,0,0,0,0,0,0,0,0,0,0,0,0,0,0,0,0,0,78,0,0,0,0,0,252,0,165,0,0,4,18,0,141,0,0,0,18,0,14,0,12,0,5,0,47,0,0,0,19,0,0,1,0,0,0,0,0,0,0,1,0,0,0,0,0,0,46,20,0,0,0,0,0,0,0,0,0,0,0,0,0,0,0,0,0,0,0,0,45,0,157,0,0,0,0,0,5,0,44,0,27,82,37,0,22,0,11,0,0,0,1,0,0,0,0
180,4,75,60,0,38,235,47,160,0,0,0,0,0,0,115,47,126,0,76,0,53,91,191,218,0,0,0,19,391,1,27,0,20,0,0,0,28,15,195,0,0,0,0,0,0,0,0,0,0,0,0,0,13,17,190,0,80,0,8,0,20,25,185,0,0,0,0,0,0,0,0,0,0,0,0,0,0,0,0,0,0,0,0,0,0,0,0,0,0,0,0,0,0,0,0,0,5,0,0,0,0,0,0,0,0,0,0,0,0,0,0,0,0,0,0,0,0,0,0,0,0,0,0,0,21,0,0,0,43,0,21,0,55,0,328,0,182,0,22,0,9,0,0,0,0,0,0,0,0,0,0,0,0,0,6,0,0,0,20,0,0,0,0,0,0,0,0,0,13,0,0,0,44,0,0,33,50,0,0,0,0,9,0,0,0,0,0,0,0,0,0,0,0,0,0,0,0,0,0,0,68,0,0,0,0,0,0,0,0,3,0,12,0,78,0,0,0,85,124,179,58,0,12,0
54,0,119,0,230,0,0,0,0,0,0,0,226,487,306,0,234,0,334,0,591,0,255,0,0,0,0,294,90,0,120,0,66,0,107,0,229,0,25,0,19,220,265,0,151,170,101,563,39,0,265,0,0,0,0,0,0,0,0,0,0,0,78,0,0,0,1,0,0,0,0,0,0,0,184,0,0,0,0,0,373,0,0,0,521,0,188,0,0,0,480,0,0,0,0,0,2149,0,990,0,0,0,0,0,0,0,0,0,0,0,0,0,0,0,0,0,0,0,1,0,0,0,0,0,0,0,0,0,0,0,0,0,0,0,0,0,233,0,0,0,0,0,0,0,0,0,0,0,0,0,0,0,0,0,0,0,3,0,0,0,0,0,0,0,100,0,0,0,0,0,0,0,37,0,0,0,0,0,9,0,0,0,39,0,0,0,217,4,0,0,0,0,0,0,0,0,0,0,0,0,0,0,0,0,0,0,0,0,0,0,169,548,549,0,83,0,0,18,0,7,0,0,0,0,0
0,167,0,112,0,300,0,79,0,54,0,107,563,85,0,111,0,115,295,469,124,260,0,0,0,0,294,0,0,0,0,117,0,97,92,109,0,82,0,0,79,51,0,347,0,260,88,321,0,13,89,398,0,0,0,0,0,0,0,0,0,0,0,31,0,99,0,0,0,0,0,0,0,0,0,0,0,37,0,0,0,412,0,0,0,336,0,0,0,0,0,0,0,0,0,343,0,199,0,0,0,0,0,0,0,0,0,0,0,0,0,0,0,0,0,0,0,0,0,0,0,0,0,76,0,0,0,0,0,0,0,0,0,0,0,1709,0,1070,0,0,0,0,0,598,0,0,0,0,0,136,0,0,0,0,0,0,0,0,0,0,0,0,0,0,0,140,0,26,0,0,0,0,0,0,0,0,20,87,13,0,0,0,0,0,0,49,45,21,0,0,0,0,0,0,0,0,0,0,0,0,0,0,0,0,0,0,0,0,0,0,0,0,0,0,108,0,0,0,232,767,286,0,39,0,3
38,0,186,0,0,0,155,0,0,0,0,0,0,0,0,0,376,0,18,0,109,0,72,0,178,19,90,0,0,0,105,0,76,0,13,0,91,0,36,0,0,0,0,0,0,0,0,0,0,0,14,0,30,0,14,0,4,0,0,0,14,0,52,0,0,0,3,0,0,0,6,0,0,0,18,0,0,0,0,0,60,0,0,0,66,0,23,0,0,0,35,0,0,0,0,0,167,0,85,0,0,0,0,0,0,0,0,0,0,0,0,0,0,0,0,0,0,0,0,0,22,0,0,0,0,0,0,0,0,0,0,0,0,0,0,0,38,0,98,0,91,0,74,0,0,0,0,0,0,0,0,0,0,0,7,0,0,0,18,0,0,0,0,0,0,0,0,0,0,0,0,0,0,0,0,0,31,0,0,0,0,0,0,0,0,0,0,0,0,0,0,0,0,0,0,0,1,0,0,0,0,0,0,0,0,0,0,0,0,0,22,78,4,0,11,0,0,0,0,0,0,0,0,0,0
24,0,0,246,0,62,0,133,12,0,0,0,0,0,0,26,0,229,0,0,0,72,38,86,25,391,0,0,0,0,0,72,0,70,0,43,0,44,0,55,0,0,0,42,0,2,0,0,0,0,0,0,0,9,0,36,0,28,0,0,0,21,1,22,0,0,0,0,0,0,0,0,0,0,0,0,0,0,0,0,0,20,0,0,0,20,0,0,0,0,0,0,0,0,0,0,0,0,0,0,0,0,0,0,0,0,0,0,0,0,0,0,0,0,0,0,0,0,0,0,0,0,0,0,0,0,0,0,0,27,0,0,0,0,0,181,0,149,0,142,0,34,0,32,0,0,0,0,0,0,0,0,0,0,0,4,0,0,0,21,0,4,0,0,0,0,0,0,0,0,0,0,0,1,0,0,0,26,0,0,0,0,0,4,0,0,0,0,0,0,0,0,0,0,0,0,0,0,0,0,0,0,0,0,0,0,0,0,0,0,0,0,0,0,0,0,0,0,32,168,0,0,0,0,0
0,0,79,0,151,0,0,0,1,0,84,36,0,0,187,47,132,0,57,22,122,0,43,0,18,1,120,0,105,0,0,0,12,0,34,0,52,0,4,0,0,0,0,0,0,0,0,0,0,0,10,0,13,0,11,0,0,0,0,0,0,0,87,0,0,0,0,0,0,0,19,0,0,0,0,0,0,0,0,0,99,0,0,0,98,0,0,0,0,0,0,0,0,0,0,0,0,0,145,0,0,0,0,0,0,0,55,0,0,0,0,0,0,0,0,0,0,0,0,0,57,0,0,0,0,0,0,0,0,0,0,0,0,0,0,0,0,0,0,0,112,0,0,0,19,0,0,0,0,0,0,0,0,0,0,0,0,0,0,0,0,0,0,0,0,0,36,0,0,0,0,0,35,0,0,0,0,0,0,0,0,0,0,0,0,0,0,0,0,0,0,0,0,0,0,0,0,0,0,0,0,0,0,0,0,0,0,0,0,0,195,128,109,0,81,0,0,0,3,0,0,0,0,0,0
0,0,0,81,0,194,0,0,0,0,0,57,0,0,30,104,0,53,0,141,0,185,0,78,0,27,0,117,0,72,0,0,0,36,0,96,1,11,0,6,0,0,0,87,0,0,0,0,0,0,0,21,0,0,0,0,0,0,0,0,0,0,0,26,0,0,0,0,0,0,0,1,0,0,0,0,0,0,0,0,0,0,0,0,0,0,0,0,0,0,0,0,0,0,0,0,0,0,0,0,0,0,0,0,0,0,0,0,0,0,0,0,0,0,0,0,0,0,0,0,0,0,0,0,0,0,0,0,0,11,0,0,0,0,0,0,0,142,0,83,0,0,0,63,0,0,0,0,0,0,0,0,0,0,0,0,0,0,0,10,0,0,0,0,0,0,0,37,0,0,0,0,0,8,0,0,6,65,0,31,0,0,0,0,0,0,0,0,0,0,0,0,0,0,0,0,0,0,0,0,0,0,0,0,0,0,0,0,0,0,0,0,0,0,75,0,0,0,163,291,76,22,0,0,0
0,0,163,0,224,41,5,0,0,0,94,0,0,0,124,42,38,0,0,0,57,0,0,0,0,0,66,0,76,0,12,0,0,1,47,0,178,0,1,0,0,0,19,0,24,0,0,0,0,0,13,0,0,0,0,0,0,0,0,0,15,0,38,0,0,0,0,0,0,0,16,0,0,0,34,0,0,0,0,0,57,0,0,0,57,0,0,0,0,0,0,0,0,0,0,0,0,0,100,0,0,0,0,0,0,0,0,0,0,0,0,0,0,0,0,0,0,0,0,0,37,0,0,0,0,0,0,0,0,0,0,0,0,0,0,0,28,0,75,0,114,0,0,0,68,0,0,0,0,0,0,0,0,0,19,0,7,0,13,0,0,0,0,0,6,0,74,0,12,0,5,0,54,0,0,0,48,0,0,0,0,0,12,0,0,0,0,0,0,0,0,0,0,0,0,0,0,0,0,0,0,0,0,0,0,0,0,0,0,0,129,198,145,0,61,0,0,0,0,4,0,0,0,0,0
0,127,0,189,0,223,0,0,3,0,0,112,0,0,0,134,0,27,0,11,3,56,41,32,0,20,0,97,0,70,0,36,1,0,0,152,0,103,0,4,0,0,0,136,0,22,0,0,0,0,0,38,0,10,0,9,0,0,0,0,0,11,0,29,0,2,0,0,0,0,0,0,0,0,0,0,0,0,0,0,0,0,0,0,0,0,0,0,0,0,0,0,0,0,0,0,0,0,0,0,0,0,0,0,0,0,0,0,0,0,0,0,0,0,0,0,0,0,0,0,0,0,0,0,0,0,0,0,0,0,0,0,0,0,0,0,0,73,0,184,0,67,0,42,0,28,0,0,0,0,0,0,0,0,0,5,0,14,0,28,0,0,0,1,0,0,0,42,0,19,0,0,0,34,0,0,0,66,0,18,0,0,0,0,0,0,0,0,0,0,0,0,0,0,0,0,0,0,0,0,0,0,0,0,0,0,0,0,0,0,0,0,0,0,44,0,0,0,74,418,88,0,0,0,0
0,0,0,0,160,72,0,0,0,0,28,22,290,116,32,0,4,0,146,96,53,4,0,0,0,0,107,92,13,0,34,0,47,0,0,12,124,0,4,0,0,0,39,0,30,0,0,23,0,0,174,5,5,0,0,0,0,0,0,0,0,0,0,0,0,0,0,0,0,0,0,0,0,0,0,0,0,0,0,0,0,0,0,0,0,0,0,0,0,0,0,0,0,0,0,0,0,0,34,0,0,0,0,0,0,0,0,0,0,0,0,0,0,0,0,0,0,0,0,0,8,0,0,0,0,0,0,0,0,0,0,0,0,0,0,0,0,0,0,0,0,0,0,0,0,0,0,0,0,0,0,0,0,0,0,0,0,0,0,0,0,0,0,0,41,0,87,0,52,0,0,0,0,0,0,0,0,0,0,0,0,0,0,0,0,0,3,0,0,0,0,0,0,0,0,0,0,0,0,0,0,0,0,0,0,0,0,0,0,0,191,264,217,49,56,0,0,0,0,0,1,0,0,0,0
0,0,0,1,0,332,0,0,0,0,0,147,60,316,107,0,0,24,0,479,78,80,0,14,0,0,0,109,0,43,0,96,0,152,12,0,0,268,0,7,0,0,0,69,0,0,0,0,0,0,0,39,0,0,0,0,0,0,0,0,0,3,0,8,0,0,0,0,0,0,0,0,0,0,0,0,0,0,0,0,0,0,0,19,0,0,0,0,0,0,0,0,0,0,0,0,0,0,0,0,0,0,0,0,0,0,0,0,0,0,0,0,0,0,0,0,0,0,0,0,0,0,0,22,0,0,0,0,0,0,0,0,0,0,0,176,0,0,0,171,0,0,0,123,0,0,0,0,0,0,0,0,0,0,0,0,0,0,0,13,0,0,0,0,0,23,0,90,0,0,0,0,0,12,0,0,0,194,0,9,0,0,0,0,0,0,0,29,0,0,0,0,0,0,0,0,0,0,0,0,0,0,0,0,0,0,0,0,0,0,0,0,0,0,67,0,0,0,215,399,207,0,0,0,0
3,0,0,0,130,0,0,0,0,0,45,0,61,0,88,16,3,0,38,9,41,0,0,0,0,0,229,0,91,0,52,1,178,0,124,0,0,0,85,0,4,2,136,0,198,0,0,0,4,0,81,0,0,0,6,0,0,0,11,0,45,0,19,0,0,0,0,0,0,0,58,0,0,0,146,0,0,0,71,0,198,0,0,0,155,0,86,0,0,0,102,0,276,0,0,0,402,0,360,0,0,0,0,0,0,0,0,0,0,0,0,0,0,0,0,0,0,0,0,0,138,0,0,0,0,0,0,0,0,0,0,0,0,0,0,0,36,0,92,0,171,0,91,0,214,0,0,0,0,0,0,0,0,0,9,0,25,0,0,0,0,0,0,0,20,0,96,0,66,0,24,0,117,0,0,0,0,0,4,0,0,0,0,0,0,0,0,0,0,0,0,0,0,0,0,0,0,0,0,0,46,0,0,0,0,0,0,0,0,0,107,185,180,20,33,0,0,0,0,0,0,0,0,0,0
8,133,0,0,0,208,0,0,0,0,3,78,0,86,0,144,10,9,0,105,11,38,22,9,14,28,0,82,0,44,0,11,0,103,0,268,0,0,0,19,0,0,0,177,0,82,0,0,0,0,0,99,0,13,0,9,0,0,0,0,0,20,1,29,0,0,0,0,0,0,0,0,0,0,0,0,0,0,0,0,0,0,0,0,0,0,0,0,0,0,0,0,0,0,0,0,0,0,0,0,0,0,0,0,0,0,0,0,0,0,0,0,0,0,0,0,0,0,0,0,0,21,0,30,0,0,0,0,0,0,0,0,0,0,0,181,0,249,0,324,0,300,0,266,0,179,0,0,0,0,0,0,0,0,0,0,0,75,0,37,0,0,0,4,0,33,0,77,0,56,0,0,0,154,0,0,0,67,0,20,0,0,0,0,0,8,0,16,0,0,0,0,0,0,0,0,0,0,0,0,0,0,0,0,0,0,0,0,0,0,0,0,0,0,36,0,0,0,77,423,149,12,0,0,0
254,33,466,0,182,32,144,0,0,0,46,0,0,0,13,71,85,0,0,0,8,0,36,0,42,15,25,0,36,0,4,0,1,0,4,0,85,0,0,0,0,0,3,0,13,0,0,0,0,0,6,0,24,0,6,0,0,0,7,0,33,0,27,0,1,0,0,0,0,0,11,0,0,0,34,0,0,0,0,0,61,0,0,0,0,0,27,0,33,0,27,0,95,0,0,0,145,0,94,0,0,0,0,0,0,0,0,0,0,0,0,0,0,0,0,0,0,0,0,0,42,0,4,0,0,0,0,0,0,0,0,0,0,0,0,0,16,0,38,0,60,0,29,0,63,0,0,0,0,0,0,0,0,0,23,0,47,0,15,0,0,0,0,0,0,0,20,0,11,0,20,0,176,0,0,0,183,0,0,0,0,0,80,0,0,0,0,0,0,0,0,0,0,0,0,0,0,0,0,0,0,0,0,0,0,0,0,0,4,0,93,557,82,0,54,0,0,0,0,0,0,0,0,0,0
0,320,22,266,0,0,36,222,17,30,0,0,0,0,0,9,0,24,0,0,0,5,0,14,33,195,0,0,0,55,0,6,0,4,0,7,0,19,0,0,0,0,0,8,0,0,0,0,0,0,0,4,0,4,5,12,0,3,0,0,0,29,1,18,0,3,0,0,0,0,0,0,0,0,0,0,0,0,0,0,0,0,0,0,0,0,0,0,0,0,0,0,0,0,0,0,0,0,0,0,0,0,0,0,0,0,0,0,0,0,0,0,0,0,0,0,0,0,0,0,0,0,0,0,0,0,0,0,0,0,0,0,0,0,0,0,0,0,0,69,0,0,0,15,0,0,0,0,0,11,0,0,0,0,0,2,0,5,0,18,0,0,0,0,0,1,0,0,0,0,0,0,0,32,0,0,7,61,0,0,0,0,0,0,0,9,0,0,0,0,0,0,0,0,0,0,0,0,0,0,0,0,0,0,0,0,0,0,0,0,0,0,0,0,0,0,0,0,0,193,0,0,0,0,0
0,0,0,0,62,0,0,0,0,0,86,0,336,82,0,0,0,0,0,0,0,0,0,0,0,0,19,79,0,0,0,0,0,0,0,0,4,0,0,0,0,51,53,0,8,0,195,180,118,1,45,0,0,0,0,0,0,0,0,0,0,0,0,0,0,0,0,0,0,0,0,0,0,0,0,0,0,0,0,0,0,0,0,0,0,0,0,0,0,0,0,0,0,0,0,0,0,0,0,0,0,0,0,0,0,0,0,0,0,0,0,0,0,0,0,0,0,0,0,0,0,0,0,0,0,0,0,0,0,0,0,0,0,0,0,0,0,0,0,0,0,0,0,0,0,0,0,0,0,0,0,0,0,0,0,0,0,0,0,0,0,0,0,0,0,0,0,0,0,0,0,0,0,0,0,0,33,27,82,0,7,0,0,0,0,0,308,0,0,0,0,0,0,0,0,0,0,0,0,0,0,0,0,0,0,0,0,0,0,0,0,94,14,0,0,0,0,9,0,0,0,0,0,0,0
0,60,0,0,0,56,0,0,0,0,0,227,143,429,0,0,0,0,21,0,25,0,0,0,0,0,220,51,0,0,0,0,0,0,0,0,2,0,0,0,51,0,51,74,0,27,144,178,0,235,32,19,0,0,0,0,0,0,0,0,0,0,0,0,0,0,0,0,0,0,0,0,0,0,0,0,0,0,0,0,0,0,0,0,0,0,0,0,0,0,0,0,0,0,0,0,0,0,0,0,0,0,0,0,0,0,0,0,0,0,0,0,0,0,0,0,0,0,0,0,0,0,0,0,0,0,0,0,0,0,0,0,0,0,0,0,0,0,0,0,0,0,0,0,0,0,0,0,0,0,0,0,0,0,0,0,0,0,0,0,0,0,0,0,0,10,0,0,0,0,0,0,0,0,0,0,0,165,0,0,0,31,0,0,0,0,172,22,0,0,0,0,0,0,0,0,0,0,0,0,0,0,0,0,0,0,0,0,0,0,0,2,0,0,0,0,0,0,0,33,13,0,0,0,13
0,0,0,0,0,0,0,0,0,0,0,0,84,0,0,0,3,0,45,0,6,0,0,0,0,0,265,0,0,0,0,0,19,0,39,0,136,0,3,0,53,51,0,0,120,48,129,98,98,0,44,0,0,0,0,0,0,0,0,0,0,0,0,0,0,0,0,0,0,0,0,0,0,0,0,0,0,0,0,0,15,0,0,0,16,0,5,0,0,0,0,0,0,0,27,0,0,0,0,0,0,0,0,0,0,0,0,0,0,0,0,0,0,0,0,0,0,0,0,0,0,0,2,0,0,0,0,0,0,0,0,0,0,0,0,0,0,0,0,0,0,0,0,0,0,0,0,0,0,0,0,0,0,0,0,0,0,0,0,0,0,0,1,0,39,0,12,0,15,0,0,0,5,0,0,0,0,6,13,0,2,0,0,0,0,0,215,0,0,0,0,0,0,0,4,0,0,0,0,0,0,0,0,0,0,0,0,0,0,0,31,150,182,0,6,0,0,8,0,0,0,0,0,0,0
0,0,0,0,0,0,0,0,0,0,0,0,0,115,0,0,0,30,4,54,0,41,0,0,0,0,0,347,0,42,0,87,0,136,0,69,0,177,0,8,0,74,0,0,0,239,0,145,0,25,0,56,0,0,0,4,0,8,0,0,0,0,0,15,0,0,0,0,0,0,0,0,0,0,0,0,0,0,0,0,0,0,0,0,0,0,0,0,0,0,0,0,0,0,0,0,0,9,0,0,0,0,0,0,0,0,0,0,0,0,0,0,0,0,0,0,0,0,0,0,0,33,0,21,0,0,0,0,0,0,0,0,0,0,0,257,0,230,0,0,0,0,0,193,0,0,0,0,0,0,0,0,0,0,0,0,0,0,0,0,0,0,0,0,0,54,0,20,0,35,0,0,0,0,0,0,0,5,0,0,0,0,0,0,0,0,0,45,0,0,0,0,0,0,0,0,0,0,0,0,0,0,0,0,0,0,0,0,0,0,0,0,0,0,19,0,0,0,80,199,146,7,5,0,1
0,0,0,0,0,0,0,0,0,0,0,0,52,0,0,0,0,0,12,0,35,0,17,0,0,0,151,0,0,0,0,0,24,0,30,0,198,0,13,0,8,0,120,0,0,0,163,0,203,0,105,0,3,0,20,0,0,0,11,0,0,0,0,0,0,0,0,0,0,0,0,0,0,0,0,0,25,0,0,0,0,0,240,0,0,0,0,0,0,0,152,0,0,0,242,0,600,0,292,0,0,0,0,0,0,0,193,0,0,0,0,0,0,0,0,0,0,0,0,0,0,0,0,0,0,0,0,0,0,0,0,0,0,0,0,0,0,0,0,0,0,0,0,0,0,0,0,0,0,0,0,0,0,0,0,0,0,0,0,0,0,0,3,0,221,0,47,0,169,0,16,0,61,0,0,0,0,12,10,0,0,0,10,0,0,0,118,0,0,0,0,0,0,0,0,0,0,0,42,0,137,0,0,0,0,0,0,0,0,0,57,234,474,16,21,33,2,86,0,0,0,0,0,0,0
0,43,0,0,13,0,0,0,0,0,0,47,168,57,6,6,0,0,0,67,17,80,0,3,0,0,170,260,0,2,0,0,0,22,0,0,0,82,0,0,0,27,48,239,0,0,170,202,0,192,44,84,0,0,0,0,0,0,0,0,0,0,0,0,0,17,0,0,0,15,0,0,0,0,0,35,0,41,0,0,0,166,0,0,0,78,0,0,0,0,0,0,0,20,0,118,0,0,0,0,0,75,0,5,0,4,0,0,0,0,0,0,0,0,0,0,0,4,0,0,0,99,0,50,0,0,0,0,0,0,0,0,0,0,0,326,0,0,0,0,0,0,0,247,0,68,0,0,0,0,0,0,0,0,0,0,0,0,0,4,0,0,0,5,0,258,0,40,0,81,0,0,0,0,0,0,0,54,0,0,0,0,0,0,0,8,127,11,0,0,0,0,0,0,0,0,0,0,0,0,0,0,0,0,0,0,0,0,0,32,0,0,0,0,0,0,0,0,83,428,203,3,0,3,95
93,0,84,0,228,0,0,0,0,0,130,0,432,108,31,0,0,0,27,0,0,0,0,0,0,0,101,88,0,0,0,0,0,0,0,0,0,0,0,0,195,144,129,0,163,170,0,314,229,0,0,0,0,0,5,0,0,0,0,0,0,0,0,0,0,0,0,0,0,0,0,0,0,0,0,0,0,0,0,0,0,0,0,0,0,0,0,0,0,0,0,0,0,0,0,0,0,0,0,0,0,0,0,0,0,0,0,0,0,0,0,0,0,0,0,0,0,0,0,0,0,0,0,0,0,0,0,0,0,0,0,0,0,0,0,0,0,0,0,0,0,0,0,0,0,0,0,0,0,0,0,0,0,0,0,0,0,0,0,0,0,0,0,0,19,0,0,0,0,0,5,0,0,0,0,0,0,48,48,0,0,0,19,0,0,0,515,5,0,0,0,0,0,0,0,0,0,0,0,0,0,0,0,0,0,0,0,0,0,0,0,645,219,0,0,0,0,86,0,10,0,0,0,0,0
0,164,0,0,0,264,0,0,0,42,0,196,483,295,0,0,0,0,106,60,84,0,0,0,0,0,563,321,0,0,0,0,0,0,23,0,0,0,0,0,180,178,98,145,0,202,314,0,0,126,92,0,0,0,0,0,0,0,0,0,0,0,0,0,0,0,0,0,0,0,0,0,0,0,0,0,0,0,0,0,0,0,0,0,0,0,0,0,0,4,0,0,0,0,0,6,0,0,0,0,0,0,0,0,0,0,0,0,0,0,0,0,0,0,0,0,0,0,0,0,0,0,0,0,0,0,0,0,0,0,0,0,0,0,0,0,0,0,0,0,0,0,0,0,0,0,0,0,0,0,0,0,0,0,0,0,0,0,0,0,0,0,0,0,0,0,0,0,0,0,0,0,0,0,0,0,0,170,0,0,0,0,0,0,0,0,248,19,0,0,0,0,0,0,0,0,0,0,0,0,0,0,0,0,0,0,0,0,0,0,0,0,0,0,0,0,0,0,0,348,72,0,0,2,36
0,0,25,3,0,0,42,0,7,0,22,0,103,0,0,0,4,0,0,0,3,0,9,0,0,0,39,0,0,0,0,0,0,0,0,0,4,0,0,0,118,0,98,0,203,0,229,0,0,0,16,0,10,0,31,0,53,0,39,0,14,0,0,0,0,0,0,0,26,0,0,0,0,0,0,0,0,0,0,0,0,0,51,0,0,0,2,0,5,0,12,0,38,0,86,0,37,0,0,0,7,0,20,0,0,0,41,0,0,0,0,0,0,0,0,0,0,0,0,0,0,0,0,0,0,0,0,0,0,0,16,0,4,0,0,0,5,0,0,0,3,0,0,0,2,0,0,0,18,0,0,0,0,0,0,0,10,0,0,0,62,0,9,0,15,0,5,0,44,0,29,0,21,0,0,0,64,4,54,0,0,0,11,0,0,0,116,1,27,0,0,0,0,0,21,0,2,0,24,0,0,0,0,0,0,0,0,0,12,0,116,47,350,25,172,33,26,46,0,1,0,0,0,0,0
0,16,0,0,0,0,0,0,0,0,0,44,0,75,0,0,0,0,0,0,0,0,0,0,0,0,0,13,0,0,0,0,0,0,0,0,0,0,0,0,1,235,0,25,0,192,0,126,0,0,0,6,0,0,0,3,0,0,0,0,0,2,0,0,0,0,0,0,0,0,0,0,0,0,0,0,0,2,0,6,0,0,0,9,0,10,0,8,0,2,0,0,0,2,0,0,0,6,0,10,0,14,0,0,0,0,0,0,0,0,0,0,0,0,0,0,0,0,0,0,0,14,0,0,0,0,0,0,0,0,0,0,0,1,0,0,0,0,0,0,0,1,0,0,0,0,0,0,0,0,0,0,0,0,0,0,0,0,0,0,0,1,0,0,0,42,0,13,0,10,0,0,0,0,0,0,0,70,0,4,0,13,0,0,0,0,42,65,0,1,0,1,0,0,0,0,0,0,0,0,0,0,0,0,0,2,0,0,0,0,0,0,1,0,14,0,0,0,15,48,19,2,3,2,24
6,0,0,0,0,0,0,0,0,0,0,0,400,84,19,0,0,0,259,15,17,0,0,0,0,0,265,89,14,0,10,0,13,0,174,0,81,0,6,0,45,32,44,0,105,44,0,92,16,0,0,0,0,0,0,0,6,0,12,0,3,0,0,0,0,0,0,0,0,0,0,0,0,0,0,0,0,0,0,0,0,0,0,0,12,0,0,0,0,0,20,0,0,0,0,0,0,0,29,0,0,0,0,0,0,0,0,0,0,0,0,0,0,0,0,0,0,0,0,0,0,0,0,0,0,0,0,0,0,0,0,0,0,0,0,0,0,0,0,0,0,0,0,0,0,0,0,0,0,0,0,0,0,0,0,0,0,0,0,0,0,0,6,0,101,0,63,0,81,0,43,0,101,0,0,0,16,7,17,0,0,0,0,0,0,0,135,0,0,0,0,0,0,0,0,0,0,0,0,0,0,0,0,0,0,0,0,0,0,0,61,219,284,33,33,0,0,4,0,0,0,0,0,0,0
0,0,0,0,0,0,0,0,0,0,0,6,0,313,0,0,0,0,0,184,0,126,0,0,0,0,0,398,0,0,0,21,0,38,5,39,0,99,0,4,0,19,0,56,0,84,0,0,0,6,0,0,0,0,0,0,0,0,0,0,0,0,0,0,0,0,0,0,0,9,0,0,0,0,0,20,0,17,0,0,0,0,0,0,0,0,0,22,0,0,0,0,0,0,0,76,0,12,0,39,0,52,0,0,0,0,0,0,0,0,0,0,0,0,0,0,0,2,0,0,0,90,0,51,0,0,0,0,0,0,0,0,0,0,0,161,0,0,0,0,0,0,0,167,0,71,0,0,0,0,0,0,0,0,0,0,0,0,0,0,0,0,0,6,0,106,0,23,0,129,0,19,0,31,0,0,2,11,0,0,0,0,0,0,0,0,2,100,0,0,0,0,0,0,0,0,0,0,0,0,0,0,0,0,0,0,0,0,0,0,0,0,0,0,55,0,0,0,90,250,251,0,0,1,0
2,0,0,0,0,0,13,0,19,55,0,0,0,0,0,0,142,0,0,0,0,0,0,0,65,0,0,0,30,0,13,0,0,0,5,0,0,0,24,0,0,0,0,0,3,0,0,0,10,0,0,0,0,15,72,47,131,14,31,53,34,0,114,6,4,3,19,68,0,0,0,0,0,0,0,0,0,0,0,0,0,0,0,0,0,0,0,0,0,0,13,0,0,0,0,0,39,0,0,0,0,0,0,0,0,0,0,0,0,0,1,0,0,0,0,0,0,0,0,0,0,0,0,0,4,0,2,0,93,0,10,0,8,0,25,0,125,0,125,0,43,0,62,0,6,0,0,0,0,0,0,0,0,0,91,3,59,0,186,0,3,0,0,0,0,0,1,0,9,0,82,0,0,0,0,0,10,10,0,0,3,0,4,0,0,2,2,0,0,0,0,0,0,0,0,0,0,0,0,0,40,0,0,0,0,0,0,0,3,0,129,468,115,116,139,0,65,0,0,0,0,1,0,0,0
0,0,0,0,0,0,0,38,56,39,0,0,0,0,0,0,0,18,0,0,0,4,0,3,0,13,0,0,0,9,0,0,0,10,0,0,0,13,0,4,0,0,0,0,0,0,0,0,0,0,0,0,15,0,38,149,15,121,74,29,0,65,0,57,0,0,25,0,0,0,0,0,0,0,0,0,0,0,0,0,0,0,0,0,0,0,0,0,0,0,0,0,0,0,0,0,0,0,0,0,0,0,0,0,0,0,0,0,0,0,0,0,0,0,0,0,0,0,0,0,0,0,0,0,0,12,0,0,0,68,0,0,0,89,0,72,0,101,0,151,0,20,0,15,0,6,0,0,0,0,0,0,0,0,0,23,0,37,0,167,0,3,0,0,0,0,0,0,0,1,0,4,0,0,0,0,0,40,0,0,0,0,0,0,0,9,0,0,0,0,0,0,0,0,0,0,0,0,0,0,0,0,0,0,0,0,0,0,0,0,0,0,0,0,23,0,0,0,25,732,0,24,0,0,0
0,58,26,0,0,0,221,86,19,358,0,0,0,0,108,0,78,4,81,0,42,0,84,0,163,17,0,0,14,0,11,0,0,0,0,0,6,0,6,5,0,0,0,0,20,0,5,0,31,0,0,0,72,38,0,81,59,9,34,34,62,16,83,69,17,0,18,49,0,0,0,0,0,0,0,0,0,0,0,0,0,0,0,0,0,0,0,0,0,0,0,0,0,0,0,0,10,0,0,0,0,0,0,0,0,0,0,0,0,0,0,0,0,0,0,0,0,0,0,0,0,0,0,0,14,0,0,0,32,0,17,0,0,0,130,0,94,0,12,0,0,0,0,0,0,0,0,0,0,0,0,0,0,0,42,0,5,0,19,0,23,0,0,0,0,1,0,0,17,0,107,0,10,0,0,0,19,66,0,0,0,0,0,0,0,2,0,0,0,0,0,0,0,0,0,0,0,0,0,0,0,0,0,0,0,0,0,0,0,0,234,173,166,247,322,1,195,0,0,1,0,0,0,0,0
0,28,0,103,0,43,13,423,151,61,0,0,0,0,0,111,1,47,0,0,0,0,0,129,2,190,0,0,0,36,0,0,0,9,0,0,0,9,0,12,0,0,0,4,0,0,0,0,0,3,0,0,47,149,81,0,48,188,270,68,0,31,0,127,0,0,123,14,0,0,0,0,0,0,0,0,0,0,0,0,0,0,0,0,0,0,0,0,0,0,0,0,0,0,0,0,0,0,0,0,0,0,0,0,0,0,0,0,0,0,0,0,0,0,0,0,0,0,0,0,0,0,0,0,0,78,0,51,0,108,0,122,0,93,0,141,0,183,0,59,0,0,0,0,0,0,0,0,0,0,0,0,0,0,0,46,0,8,0,40,0,33,0,0,0,14,0,0,0,25,0,0,0,0,0,0,0,71,0,0,0,2,0,0,0,19,0,0,0,0,0,0,0,0,0,0,0,0,0,0,0,21,0,0,0,0,0,0,0,127,0,0,0,0,284,0,0,0,250,571,231,346,41,24,0
0,0,0,0,0,0,18,0,5,21,0,0,0,0,0,0,19,0,0,0,0,0,34,0,52,0,0,0,4,0,0,0,0,0,0,0,0,0,0,0,0,0,0,0,0,0,0,0,53,0,6,0,131,15,59,48,0,29,296,104,8,0,9,0,52,25,5,128,0,0,0,0,0,0,0,0,0,0,0,0,0,0,0,0,0,0,0,0,0,0,0,0,0,0,0,0,0,0,0,0,0,0,0,0,0,0,0,0,0,0,0,0,0,0,0,0,0,0,0,0,0,0,0,0,6,0,9,0,65,0,41,2,13,0,29,0,22,0,12,2,0,0,0,0,0,0,0,0,3,0,3,0,0,0,106,30,42,0,77,0,139,0,0,0,0,0,6,0,35,0,106,0,0,0,0,0,10,0,0,0,0,0,0,0,6,6,0,0,0,0,0,0,0,0,0,0,0,0,0,0,0,0,0,0,0,0,0,0,24,0,658,153,476,502,744,31,178,0,0,0,0,0,0,0,0
0,0,0,0,0,0,0,51,0,29,0,0,0,0,0,0,0,132,0,0,0,38,0,77,0,80,0,0,0,28,0,0,0,0,0,0,0,0,0,3,0,0,0,8,0,0,0,0,0,0,0,0,14,121,9,188,29,0,107,134,0,14,0,26,16,5,64,21,0,0,0,0,0,0,0,0,0,0,0,0,0,0,0,0,0,0,0,0,0,0,0,0,0,0,0,0,0,0,0,0,0,0,0,0,0,0,0,0,0,0,0,0,0,0,0,0,0,0,0,0,0,0,0,0,0,52,0,0,1,64,0,80,0,0,0,0,0,43,0,16,0,0,0,0,0,3,0,7,0,0,0,5,0,0,8,208,1,7,0,93,0,57,0,17,0,20,0,0,0,69,0,124,0,0,0,3,0,5,0,1,0,0,0,0,0,9,0,0,0,0,0,0,0,0,0,0,0,0,0,0,0,0,0,0,0,0,0,0,0,18,2,1,0,0,428,0,0,0,580,229,628,588,57,20,5
16,3,33,0,9,0,89,0,212,187,2,0,0,0,0,0,16,0,0,0,0,0,0,0,16,0,0,0,0,0,0,0,0,0,0,0,11,0,7,0,0,0,0,0,11,0,0,0,39,0,12,0,31,74,34,270,296,107,0,343,47,0,0,20,81,0,152,342,0,0,0,0,0,0,0,0,1,0,0,0,0,0,0,0,0,0,0,0,0,0,0,0,0,0,0,0,0,0,0,0,0,0,0,0,0,0,0,0,0,0,0,0,0,0,0,0,0,0,0,0,0,0,0,0,8,0,0,0,16,0,24,0,0,0,0,0,0,0,5,0,0,0,0,0,0,0,0,0,5,0,0,0,0,0,67,37,68,0,0,0,35,4,0,0,0,0,16,0,17,0,98,0,10,0,0,0,126,25,0,0,67,0,1,0,154,45,0,0,0,0,0,0,0,0,1,0,0,0,0,0,0,0,0,0,0,0,0,0,12,0,873,321,250,428,785,21,140,0,0,0,0,0,0,0,0
0,17,0,10,0,0,0,69,32,159,0,7,0,0,0,0,0,0,0,0,0,0,0,14,0,8,0,0,0,0,0,0,0,0,0,0,0,0,0,0,0,0,0,0,0,0,0,0,0,0,0,0,53,29,34,68,104,134,343,0,0,0,0,16,49,120,156,114,0,0,0,0,0,1,0,0,0,0,0,0,0,0,0,0,0,1,0,0,0,0,0,0,0,0,0,0,0,0,0,0,0,0,0,1,0,0,0,0,0,0,0,0,0,0,0,0,0,0,0,0,0,0,0,0,0,51,0,7,0,4,0,58,0,0,0,0,0,0,0,2,0,0,0,1,0,5,0,0,0,9,0,0,0,1,26,3,6,0,0,2,8,65,0,0,0,15,0,0,0,45,0,45,0,0,0,13,9,0,0,0,15,0,0,0,14,110,0,0,0,0,0,0,0,0,0,0,0,0,0,0,0,0,0,0,0,0,0,0,0,0,0,0,1,0,1066,0,0,0,1126,443,698,0,166,24,5
21,0,29,0,0,0,178,0,93,0,0,0,0,0,0,0,0,0,0,0,5,0,0,0,0,0,0,0,14,0,0,0,15,0,0,0,45,0,33,0,0,0,0,0,0,0,0,0,14,0,3,0,34,0,62,0,8,0,47,0,0,0,38,0,0,0,0,0,0,0,0,0,0,0,0,0,0,0,0,0,0,0,0,0,0,0,0,0,0,0,0,0,0,0,0,0,0,0,0,0,0,0,0,0,0,0,0,0,0,0,0,0,0,0,0,0,0,0,0,0,0,0,0,0,0,0,0,0,0,0,0,0,0,0,0,0,0,0,211,0,103,0,0,0,318,0,0,0,0,0,0,0,0,0,96,0,188,0,36,0,5,0,12,0,1,0,0,0,8,0,222,0,69,0,0,0,84,0,0,0,0,0,22,0,0,0,0,0,0,0,0,0,0,0,0,0,0,0,0,0,0,0,0,0,0,0,0,0,0,0,95,302,65,33,61,0,28,0,0,0,0,0,0,0,0
0,145,0,0,0,0,0,199,0,105,0,2,0,0,0,0,2,2,0,0,0,0,0,0,5,20,0,0,0,21,0,0,0,11,0,3,0,20,0,29,0,0,0,0,0,0,0,0,0,2,0,0,0,65,16,31,0,14,0,0,0,0,4,76,0,0,0,0,0,0,0,0,0,0,0,0,0,0,0,0,0,0,0,0,0,0,0,1,0,0,0,0,0,0,0,0,0,0,0,0,0,0,0,0,0,0,0,0,0,0,0,0,0,0,0,0,0,0,0,0,0,0,0,0,0,0,0,0,0,0,0,0,0,0,0,0,0,0,0,137,0,113,0,0,0,278,0,0,0,0,0,0,0,0,0,14,0,182,0,79,0,0,0,0,0,3,0,0,0,36,0,73,0,189,0,0,0,80,0,0,0,0,0,0,0,46,0,0,0,0,0,0,0,0,0,0,0,0,0,0,0,0,0,0,0,0,0,0,0,0,0,0,0,0,36,0,0,0,27,493,128,60,11,0,0
5,45,12,4,0,0,191,63,44,49,1,0,0,0,0,0,175,0,17,0,82,0,1,1,33,25,78,0,52,1,87,0,38,0,0,0,19,1,27,1,0,0,0,0,0,0,0,0,0,0,0,0,114,0,83,0,9,0,0,0,38,4,0,13,2,0,3,0,0,0,0,0,0,0,0,0,0,0,0,0,0,0,0,0,0,0,0,0,0,0,0,0,0,0,0,0,0,0,0,0,0,0,0,0,0,0,0,0,0,0,0,0,0,0,0,0,0,0,0,0,0,0,0,0,3,0,0,0,10,0,6,0,0,0,5,0,51,0,130,0,85,0,0,0,15,0,0,0,5,0,0,0,0,0,45,0,19,0,59,0,0,0,0,0,0,0,0,0,4,0,0,0,6,0,0,0,38,11,0,0,0,0,7,0,5,0,0,0,0,0,0,0,0,0,0,0,0,0,0,0,0,0,0,0,0,0,0,0,0,0,93,417,21,26,53,0,10,0,0,0,3,0,0,0,0
0,27,0,0,0,0,64,270,122,77,0,0,0,0,0,7,2,36,0,16,0,35,0,31,0,185,0,31,0,22,0,26,0,29,0,8,0,29,0,18,0,0,0,15,0,0,0,0,0,0,0,0,6,57,69,127,0,26,20,16,0,76,13,0,0,2,0,0,0,0,0,0,0,0,0,0,0,0,0,0,0,0,0,0,0,0,0,0,0,0,0,0,0,0,0,0,0,0,0,0,0,0,0,0,0,0,0,0,0,0,0,0,0,0,0,0,0,0,0,0,0,0,0,0,0,5,0,0,0,19,0,5,0,0,0,0,0,49,0,0,0,22,0,2,0,9,0,0,0,0,0,0,0,0,0,20,0,11,0,48,0,5,0,0,0,0,0,0,0,0,0,0,0,7,0,1,0,102,0,0,0,0,0,0,0,0,0,0,0,0,0,0,0,0,0,0,0,0,0,0,0,0,0,0,0,0,0,0,0,2,0,0,3,1,0,0,0,0,13,470,5,0,0,0,0
15,0,22,1,41,0,16,0,134,0,10,0,0,0,12,0,3,0,9,0,0,0,0,0,0,0,0,0,0,0,0,0,0,0,0,0,0,0,1,0,0,0,0,0,0,0,0,0,0,0,0,0,4,0,17,0,52,16,81,49,0,0,2,0,0,0,73,28,0,0,0,0,0,0,0,0,0,0,0,0,0,0,0,0,0,0,0,0,0,0,0,0,0,0,0,0,0,0,0,0,0,0,0,0,0,0,0,0,0,0,0,0,0,0,0,0,0,0,0,0,0,0,0,0,9,3,0,0,0,0,21,0,0,0,0,0,0,0,0,6,0,0,0,0,0,6,18,0,17,0,15,1,1,0,5,38,4,0,0,23,297,45,0,0,0,0,0,0,0,0,0,0,0,0,4,0,45,0,0,0,361,37,4,0,166,0,0,0,0,0,0,0,0,0,0,0,0,0,3,0,0,0,0,0,0,0,0,0,0,0,93,18,0,0,53,0,0,0,0,0,0,0,0,0,0
0,102,0,0,0,54,0,17,0,417,0,34,0,0,0,0,0,0,0,0,0,0,0,0,0,0,0,99,0,0,0,0,0,2,0,0,0,0,0,3,0,0,0,0,0,17,0,0,0,0,0,0,3,0,0,0,25,5,0,120,0,0,0,2,0,0,0,336,0,0,0,3,0,0,0,6,0,0,0,0,0,0,3,0,0,0,0,0,0,0,0,0,0,0,1,0,0,0,0,0,0,0,0,0,0,0,0,0,0,0,0,0,0,0,0,0,0,0,0,0,0,0,0,0,0,31,0,36,0,0,0,91,0,0,0,7,0,0,39,7,0,0,0,0,0,11,0,79,35,312,0,58,0,11,11,2,0,0,30,0,48,221,0,0,0,0,0,0,0,0,0,0,0,0,0,24,0,0,0,0,46,164,0,2,0,99,0,0,0,0,0,0,0,0,0,0,0,0,0,0,0,5,0,0,0,0,0,0,0,43,0,0,0,0,136,0,0,0,155,60,0,0,18,0,0
9,0,4,0,4,0,26,0,194,55,0,0,0,0,0,0,1,0,0,0,0,0,0,0,0,0,1,0,3,0,0,0,0,0,0,0,0,0,0,0,0,0,0,0,0,0,0,0,0,0,0,0,19,25,18,123,5,64,152,156,0,0,3,0,73,0,0,126,0,0,0,0,0,0,0,0,0,0,0,0,0,0,0,0,0,0,0,0,0,0,0,0,0,0,0,0,0,0,0,0,0,0,0,0,0,0,0,0,0,0,0,0,0,0,0,0,0,0,0,0,0,0,0,0,7,0,0,0,1,0,12,0,0,0,0,0,0,0,4,0,0,0,0,0,0,0,0,0,21,0,0,0,0,0,3,6,0,0,0,5,53,0,0,0,0,0,0,0,0,0,3,0,0,0,0,1,155,23,0,0,43,0,0,0,344,37,0,0,0,0,0,0,0,0,0,0,0,0,0,0,0,0,0,0,0,0,0,0,0,0,39,45,0,0,27,0,0,0,0,0,0,0,0,0,0
0,3,0,0,0,0,0,0,0,313,0,0,0,0,0,0,0,0,0,0,0,0,0,0,0,0,0,0,0,0,0,0,0,0,0,0,0,0,0,0,0,0,0,0,0,0,0,0,0,0,0,0,68,0,49,14,128,21,342,114,0,0,0,0,28,336,126,0,0,0,0,0,0,0,0,0,0,0,0,0,0,0,0,3,0,0,0,0,0,0,0,0,0,0,0,0,0,0,0,0,0,0,0,0,0,0,0,0,0,0,0,0,0,0,0,0,0,0,0,0,0,0,0,0,0,35,0,0,0,0,0,44,0,0,0,0,0,0,0,0,0,0,0,0,1,0,0,3,0,23,0,0,0,0,30,0,0,0,0,0,0,61,0,0,0,3,0,0,0,0,0,0,0,0,0,33,21,63,0,0,22,0,0,0,0,601,0,0,0,0,0,0,0,0,0,0,0,0,0,0,0,0,0,0,0,0,0,0,0,0,0,0,0,0,192,0,0,0,258,411,97,0,0,0,0
0,0,0,0,0,0,0,0,0,0,0,0,0,0,0,0,0,0,0,0,0,0,0,0,0,0,0,0,0,0,0,0,0,0,0,0,0,0,0,0,0,0,0,0,0,0,0,0,26,0,0,0,0,0,0,0,0,0,0,0,0,0,0,0,0,0,0,0,0,0,0,0,0,0,0,0,162,0,18,0,3,0,8,0,0,0,0,0,0,0,0,0,35,0,8,0,0,0,4,0,2,0,145,0,36,0,39,0,30,0,5,0,3,0,0,0,1,0,0,0,5,0,0,0,0,1,0,0,0,0,0,0,0,0,0,0,0,0,0,0,0,0,0,0,0,0,0,0,0,0,0,0,0,0,0,0,0,0,0,0,0,0,5,0,10,0,0,0,60,0,0,0,0,0,0,0,0,0,0,0,0,0,0,0,0,0,0,0,0,0,0,0,0,0,25,0,0,0,0,0,0,0,10,0,0,0,0,0,0,0,36,0,78,0,12,66,99,0,0,0,0,0,0,0,0
0,0,0,0,0,0,0,0,0,0,0,0,0,2,0,0,0,0,0,0,0,0,0,0,0,0,0,0,0,0,0,0,0,0,0,0,0,0,0,0,0,0,0,0,0,15,0,0,0,0,0,9,0,0,0,0,0,0,0,0,0,0,0,0,0,0,0,0,0,0,0,0,0,0,0,0,0,81,0,0,0,0,0,40,0,0,0,0,0,14,0,1,0,117,0,37,0,0,1,5,0,27,0,160,0,0,0,0,0,30,0,1,0,13,0,4,0,23,0,0,0,0,0,0,0,0,0,0,0,0,0,0,0,0,0,0,0,0,0,0,0,0,0,0,0,0,0,0,0,0,0,0,0,0,0,0,0,0,0,0,0,2,0,4,0,61,0,0,0,46,0,0,0,0,0,0,0,0,0,0,0,0,0,0,0,0,0,0,0,0,0,0,0,0,0,0,0,0,0,0,0,0,0,0,0,0,0,0,0,0,0,0,0,0,11,0,0,0,88,7,135,0,84,122,0
1,0,0,0,0,0,0,0,0,0,0,0,0,0,0,0,0,0,9,0,16,0,0,0,0,0,0,0,6,0,19,0,16,0,0,0,58,0,11,0,0,0,0,0,0,0,0,0,0,0,0,0,0,0,0,0,0,0,0,0,0,0,0,0,0,0,0,0,0,0,0,0,236,0,283,0,0,0,191,0,0,0,0,0,0,0,7,0,0,0,0,2,0,0,0,0,0,0,0,0,0,0,0,0,0,0,0,0,0,0,0,0,0,0,0,0,0,0,0,0,13,0,7,0,9,0,0,0,0,0,14,45,4,0,31,0,4,5,3,0,120,17,73,0,74,13,21,0,52,0,25,0,0,0,0,0,2,0,2,0,0,0,40,0,1,0,31,0,18,0,61,0,61,0,38,0,0,0,0,0,78,28,0,0,3,0,0,0,0,0,0,0,0,1,0,0,0,0,0,0,0,11,0,0,0,1,0,0,18,0,36,0,35,10,14,1,0,0,0,0,0,0,0,0,0
0,0,0,0,0,0,0,0,0,0,0,2,0,0,0,0,0,0,0,0,0,0,0,0,0,0,0,0,0,0,0,1,0,0,0,0,0,0,0,0,0,0,0,0,0,0,0,0,0,0,0,0,0,0,0,0,0,0,0,0,0,0,0,0,0,3,0,0,0,0,0,0,0,182,0,315,0,37,0,18,1,0,0,0,0,0,0,41,0,0,0,0,0,0,0,1,0,0,0,0,0,0,0,0,0,0,0,0,0,0,0,0,0,0,0,0,0,0,0,0,0,0,0,7,0,69,0,0,0,0,0,0,2,0,0,0,0,0,0,0,0,31,0,0,0,121,0,0,6,34,0,50,0,35,0,0,0,0,3,0,0,2,0,23,0,0,0,20,0,8,0,11,0,21,0,0,0,0,0,2,11,45,0,0,0,0,0,0,0,0,0,0,0,0,0,0,0,0,0,0,0,0,0,0,0,0,0,0,0,0,0,0,0,0,9,0,0,0,18,0,0,0,0,0,0
0,0,0,0,0,0,0,0,0,0,0,0,0,0,0,0,0,0,0,0,0,0,0,0,0,0,0,0,0,0,0,0,0,0,0,0,0,0,0,0,0,0,0,0,0,0,0,0,0,0,0,0,0,0,0,0,0,0,0,0,0,0,0,0,0,0,0,0,0,0,236,0,0,0,142,0,90,0,285,0,0,0,30,0,0,0,10,0,0,0,16,0,0,0,0,0,0,0,0,0,0,0,0,0,0,0,32,0,0,0,0,0,0,0,0,0,0,0,0,0,39,0,0,0,18,0,0,0,0,2,13,27,4,0,130,0,0,0,0,0,51,0,158,0,81,0,0,0,36,0,85,0,26,0,0,0,0,0,0,0,0,0,54,0,0,0,1,0,7,0,18,0,10,0,17,0,0,0,0,0,67,19,0,0,0,0,0,0,0,0,0,0,0,0,0,0,0,0,376,0,78,0,0,0,91,0,0,0,74,0,213,0,14,0,10,3,0,0,0,0,0,0,0,0,0
0,0,0,0,0,0,0,0,0,0,0,0,0,0,0,0,0,0,0,0,0,0,0,0,0,0,0,0,0,0,0,0,0,0,0,0,0,0,0,0,0,0,0,0,0,0,0,0,0,0,0,0,0,0,0,0,0,0,0,1,0,0,0,0,0,0,0,0,0,0,0,182,0,0,7,239,0,87,0,58,0,28,0,10,0,17,0,109,0,0,0,0,0,0,0,2,0,0,2,0,0,0,0,1,0,0,0,0,0,0,0,0,0,0,0,0,0,0,0,0,0,47,0,33,0,85,0,0,0,0,0,0,0,0,0,120,0,0,0,0,0,24,0,18,0,59,0,0,0,20,0,0,4,18,0,0,0,0,0,0,0,0,0,45,0,0,0,0,0,0,0,2,0,0,0,0,0,0,0,0,0,0,0,0,0,0,0,0,0,0,0,0,0,0,0,0,0,3,0,97,0,93,0,0,0,0,0,0,0,0,0,0,0,0,0,0,0,0,126,0,11,0,0,0,0
0,0,0,0,0,0,0,0,0,0,0,0,0,0,0,0,0,0,0,0,45,0,0,0,0,0,184,0,18,0,0,0,34,0,0,0,146,0,34,0,0,0,0,0,0,0,0,0,0,0,0,0,0,0,0,0,0,0,0,0,0,0,0,0,0,0,0,0,0,0,283,0,142,7,0,0,15,0,259,0,20,15,54,0,20,4,56,11,0,0,0,0,12,0,0,24,0,0,5,0,0,0,0,0,0,0,0,0,1,0,0,0,0,0,0,0,0,0,0,0,138,0,45,9,21,59,0,0,0,0,10,87,0,0,37,0,0,0,12,0,124,44,99,0,128,15,0,62,76,47,23,0,120,38,0,0,0,0,1,0,0,5,53,0,0,0,27,0,18,0,32,0,91,0,77,0,0,0,0,0,167,51,0,0,0,0,0,0,0,0,0,0,0,0,0,0,0,0,163,0,63,31,0,0,30,0,0,0,0,0,87,0,33,0,24,0,0,0,0,0,0,0,0,0,0
0,0,0,0,0,0,0,0,0,0,0,0,0,0,0,0,0,0,0,0,0,0,0,0,0,0,0,0,0,0,0,0,0,0,0,0,0,0,0,0,0,0,0,0,0,35,0,0,0,0,0,20,0,0,0,0,0,0,0,0,0,0,0,0,0,6,0,0,0,0,0,315,0,239,0,0,0,29,0,64,0,5,0,0,0,3,0,86,0,0,0,0,0,0,0,0,0,0,0,0,0,0,0,0,0,0,0,0,0,0,0,0,0,0,0,0,0,0,0,2,0,165,0,71,15,0,0,0,0,0,0,0,0,0,0,71,0,0,0,1,0,96,0,33,0,320,0,0,9,71,0,0,6,85,0,0,0,3,0,0,0,0,0,35,0,0,0,0,0,0,0,16,0,0,0,20,0,0,0,0,11,83,0,0,0,26,0,0,0,0,0,0,0,0,0,0,0,0,0,0,0,0,0,0,0,0,0,0,0,95,0,0,0,0,0,0,0,0,63,1,22,0,1,0,0
0,0,0,0,0,0,0,0,0,0,0,0,0,0,0,0,0,0,0,0,0,0,0,0,0,0,0,0,0,0,0,0,0,0,0,0,0,0,0,0,0,0,0,0,25,0,0,0,0,0,0,0,0,0,0,0,0,0,1,0,0,0,0,0,0,0,0,0,162,0,0,0,90,0,15,0,0,0,28,0,8,0,27,1,13,0,27,0,0,0,11,0,48,0,17,0,0,0,0,0,0,0,127,0,44,0,62,0,48,0,0,0,5,0,1,0,0,0,0,0,10,0,0,1,0,0,0,0,0,1,0,0,0,0,0,0,0,0,0,1,0,0,0,0,0,0,0,0,6,0,0,0,4,0,0,0,0,0,0,0,0,0,0,0,24,0,0,0,33,0,10,0,0,0,0,0,0,0,0,0,7,0,0,0,0,0,0,0,0,0,0,0,0,0,52,0,0,0,0,0,62,0,0,0,0,0,0,0,0,0,63,5,38,0,0,33,0,0,0,0,0,0,0,0,0
0,0,0,0,0,0,0,0,0,0,0,0,0,0,0,0,0,0,0,0,0,0,0,0,0,0,0,37,0,0,0,0,0,0,0,0,0,0,0,0,0,0,0,0,0,41,0,0,0,2,0,17,0,0,0,0,0,0,0,0,0,0,0,0,0,0,0,0,0,81,0,37,0,87,0,29,0,0,0,26,0,71,0,103,0,0,0,135,0,0,0,0,0,64,0,18,0,27,3,0,2,24,0,142,0,0,0,0,0,30,0,0,0,2,0,0,0,66,0,0,0,46,0,10,0,0,0,0,0,0,5,0,0,0,0,0,4,0,0,0,0,12,0,0,0,0,0,0,0,0,0,0,3,0,0,0,0,0,0,0,0,0,5,0,0,64,0,0,0,41,0,0,0,0,0,10,0,0,0,0,0,17,0,0,0,0,0,6,0,0,0,0,0,0,0,28,0,0,0,0,0,98,0,137,0,0,0,0,0,0,4,0,0,0,0,0,0,0,152,26,43,0,13,1,0
0,0,0,0,0,0,0,0,0,0,0,0,0,0,0,0,0,0,0,0,0,0,0,0,0,0,0,0,0,0,0,0,0,0,0,0,71,0,0,0,0,0,0,0,0,0,0,0,0,0,0,0,0,0,0,0,0,0,0,0,0,0,0,0,0,0,0,0,18,0,191,0,285,0,259,0,28,0,0,0,9,0,46,0,14,0,56,0,0,0,0,0,0,0,13,0,48,0,3,0,0,0,26,0,0,0,51,0,8,0,0,0,0,0,0,0,0,0,0,0,155,0,18,0,0,0,0,0,0,0,0,0,0,0,0,0,0,0,0,0,68,0,127,1,36,0,0,0,45,0,0,0,33,21,0,0,0,0,0,0,0,0,25,0,7,0,0,0,37,0,0,0,0,0,0,0,0,0,0,0,0,0,0,0,0,0,0,0,0,0,0,0,0,0,0,0,0,0,0,0,163,0,0,0,156,0,0,0,0,0,160,0,30,0,43,24,0,0,0,0,0,0,0,1,0
