0,262,31,0,45,8,11,189,97,78,137,0,67,0,16,12,3,85,17,0,6,0,5,47,3,361,37,0,60,0,6,0,30,0,0,0,30,0,307,0,0,0,0,0,16,0,14,0,6,0,0,0,10,2,19,74,0,0,1,0,109,0,115,54,12,0,4,0,0,0,4,0,0,0,2,0,0,0,0,0,4,0,0,0,0,0,0,0,0,0,0,0,0,0,0,0,0,0,0,0,0,0,0,0,0,0,0,0,0,0,0,0,0,0,0,0,0,0,0,0,0,0,0,0,26,0,5,0,0,0,26,0,0,0,0,0,5,0,2,0,0,0,0,0,0,0,7,0,22,0,0,0,0,0,0,0,0,0,0,0,22,0,0,0,0,0,0,0,22,0,53,0,116,0,3,0,596,114,10,0,13,0,120,0,19,0,0,0,0,0,0,0,0,0,0,0,0,0,0,0,0,0,0,0,0,0,0,0,0,0,412,84,222,119,253,1,3,1,7,0,0,0,0,0,0
262,0,241,35,0,224,25,49,9,109,19,289,5,91,13,49,132,47,0,177,24,0,247,20,138,56,0,173,0,181,0,0,0,84,0,33,0,78,0,428,2,2,0,0,0,0,0,24,0,2,0,0,0,0,0,20,0,0,0,16,0,186,14,300,0,50,0,11,0,0,0,0,0,1,0,1,0,0,0,0,0,0,0,0,0,0,0,0,0,0,0,0,0,0,0,0,0,0,0,0,0,1,0,0,0,0,0,0,0,0,0,0,0,4,0,0,0,0,0,0,0,0,0,0,0,10,0,12,0,0,0,16,0,0,0,0,0,0,0,0,0,0,0,5,0,0,0,0,0,42,0,26,0,32,0,0,0,4,0,0,0,17,0,13,0,19,0,0,0,53,0,12,5,78,0,0,99,677,0,0,0,33,22,6,0,127,0,0,0,0,0,0,0,0,0,0,0,7,0,0,0,0,0,1,0,0,0,0,0,1,0,4,9,0,405,0,0,0,984,125,508,279,6,65,0
31,241,0,0,177,0,95,89,26,33,29,20,61,0,248,37,61,77,86,0,137,0,366,69,64,251,71,0,208,6,51,0,198,0,0,0,53,1,626,0,0,0,0,0,112,0,17,0,24,0,7,0,0,0,69,34,0,0,0,0,158,10,220,47,0,0,0,0,2,0,0,0,0,0,15,0,0,0,0,0,0,0,0,0,0,0,0,0,0,0,0,0,0,0,0,0,0,0,0,0,0,0,0,0,0,0,0,0,0,0,0,0,0,0,0,0,0,0,0,0,3,0,0,0,24,0,30,0,0,0,29,0,17,0,39,0,82,0,0,0,0,0,64,0,0,0,28,0,25,0,26,0,14,0,0,0,0,0,0,0,44,0,9,0,12,0,43,0,111,0,171,0,376,0,0,0,108,83,0,0,5,0,5,0,12,0,0,0,0,0,0,0,0,0,0,0,0,0,0,0,22,0,0,0,0,0,0,0,0,0,598,102,610,311,571,0,10,0,9,0,4,0,0,0,0
0,35,0,0,0,90,0,54,0,5,0,4,2,5,11,270,23,78,0,82,9,35,72,179,0,217,0,0,6,255,0,0,0,96,0,0,0,0,7,207,0,0,0,0,0,0,0,0,0,0,0,0,0,1,0,15,0,0,0,0,0,0,0,34,0,3,0,0,0,1,0,0,0,0,0,0,0,0,0,0,0,0,0,0,0,0,0,0,0,0,0,0,0,0,0,0,0,0,0,0,0,0,0,0,0,0,0,0,0,0,0,0,0,0,0,0,0,0,0,0,0,0,0,0,0,0,0,5,0,0,0,9,0,0,0,0,1,0,0,0,0,0,0,0,0,0,0,0,0,8,0,0,0,0,0,4,0,0,0,0,0,0,0,4,0,10,0,29,0,0,0,6,0,83,0,0,10,45,0,0,0,0,0,0,0,0,0,0,0,0,0,0,0,0,0,0,0,0,0,0,0,0,0,0,0,0,0,0,0,0,0,2,4,0,98,0,0,0,218,12,380,104,0,21,0
45,0,177,0,0,180,16,0,42,0,109,131,424,86,243,147,0,13,151,222,134,83,84,58,0,0,357,74,68,0,290,18,337,18,248,0,206,0,278,0,72,0,0,0,99,10,138,0,24,0,0,0,0,0,8,0,0,0,0,0,0,0,0,0,0,0,0,0,0,0,0,0,0,0,0,0,0,0,0,0,0,0,0,1,12,0,0,0,0,0,0,0,0,0,0,0,0,0,0,0,0,0,0,0,0,0,0,0,0,0,0,0,0,0,0,0,0,0,0,0,0,0,0,0,0,0,12,0,0,0,0,0,0,0,0,0,0,0,0,0,0,0,0,0,0,0,10,0,23,0,19,0,0,0,0,0,0,0,0,0,0,0,0,0,134,0,359,0,341,0,0,0,385,0,0,0,624,83,121,0,0,0,19,0,23,0,6,0,0,0,0,0,0,0,0,0,0,0,0,0,0,0,0,0,0,0,0,0,0,0,768,219,936,0,345,0,0,5,0,0,11,0,0,0,0
8,224,0,90,180,0,0,35,0,27,80,158,52,163,357,200,12,26,0,425,172,175,91,136,0,22,0,467,15,207,22,237,19,491,0,140,16,104,0,83,0,16,0,0,0,0,0,107,0,0,0,148,0,0,0,0,0,0,0,0,0,2,0,0,0,8,0,0,0,1,0,0,0,0,0,0,0,3,0,0,0,0,0,0,0,12,0,7,0,0,0,0,0,0,0,0,0,0,0,0,0,0,0,0,0,0,0,0,0,0,0,0,0,0,0,0,0,0,0,0,0,3,0,0,0,8,0,7,0,0,0,0,0,6,0,13,0,0,0,0,0,0,0,0,0,0,0,4,0,19,0,12,0,0,0,0,0,0,0,0,0,0,0,2,0,61,0,189,0,264,0,11,0,78,0,0,98,432,13,0,0,11,1,8,0,35,0,11,0,0,0,0,0,0,0,0,0,0,0,0,0,7,0,0,0,0,0,0,0,0,0,0,0,0,393,0,0,0,985,135,1006,304,0,38,0
11,25,95,0,16,0,0,83,92,175,2,0,0,0,7,0,9,0,0,0,0,0,13,2,271,28,0,0,0,0,0,0,0,0,2,0,0,0,29,0,0,0,0,0,0,0,0,0,29,0,0,0,81,49,218,208,73,0,19,0,203,0,254,32,38,0,26,15,0,0,2,0,3,0,0,0,0,0,0,0,0,0,0,0,0,0,2,0,0,0,0,0,0,0,0,0,5,0,2,0,0,0,0,0,0,0,0,0,0,0,0,0,0,0,0,0,0,0,0,0,0,0,0,0,117,0,31,0,4,0,145,0,7,0,0,0,36,0,0,0,6,0,0,0,2,0,0,0,58,0,9,0,0,0,3,0,8,1,0,0,265,0,0,0,0,0,3,0,34,0,120,0,38,0,0,0,94,61,0,0,0,0,0,0,7,4,0,0,0,0,0,0,0,0,0,0,3,0,0,0,0,0,0,0,0,0,0,0,0,0,852,120,509,589,769,5,19,4,9,3,0,0,0,0,0
189,49,89,54,0,35,83,0,59,91,0,13,0,0,0,72,0,103,0,48,0,48,23,35,168,254,0,26,0,259,0,0,0,0,0,0,0,15,0,192,0,0,0,0,0,4,0,0,0,2,0,0,7,19,0,911,0,46,0,80,0,118,82,471,0,80,0,59,0,4,1,0,0,0,0,0,0,4,0,0,0,0,0,3,0,0,0,0,0,0,0,0,0,0,0,0,0,0,0,1,0,0,0,0,0,0,0,0,0,0,0,0,0,0,0,0,0,0,0,0,0,0,0,0,0,27,0,0,0,0,0,80,0,8,0,10,0,12,0,0,0,0,0,0,0,0,0,7,0,43,0,8,0,0,0,0,0,3,0,0,0,93,0,27,0,62,0,12,0,72,0,31,0,130,0,0,33,98,0,0,0,0,0,0,0,1,0,0,0,0,0,0,0,0,0,0,0,0,0,0,0,0,0,0,0,0,0,0,0,0,0,0,3,0,444,0,0,0,527,58,630,372,8,74,0
97,9,26,0,42,0,92,59,0,233,20,0,29,0,17,0,1,0,10,0,1,0,1,0,13,0,25,0,0,0,0,0,0,0,0,0,0,0,5,0,3,0,0,0,0,0,10,0,11,0,0,0,147,72,202,329,36,45,46,56,129,0,149,6,222,0,131,96,0,0,1,0,0,0,0,0,0,0,0,0,0,0,0,0,0,0,0,0,0,0,0,0,0,0,0,0,0,0,0,0,0,0,0,0,0,0,0,0,0,0,0,0,0,0,0,0,0,0,0,0,0,0,0,0,67,0,13,0,0,0,62,0,1,0,0,0,0,0,3,0,0,0,0,0,0,0,11,0,86,0,0,0,0,0,0,0,19,0,0,0,104,0,0,0,0,0,4,0,0,0,0,0,0,0,0,0,362,72,4,0,0,0,7,0,141,9,0,0,0,0,0,0,0,0,0,0,0,0,0,0,0,0,0,0,0,0,0,0,0,0,435,121,94,172,298,4,0,0,7,0,0,0,0,0,0
78,109,33,5,0,27,175,91,233,0,0,23,0,4,0,20,15,0,0,43,0,0,4,0,253,16,0,0,0,0,0,3,0,0,0,0,0,6,0,17,0,0,0,0,0,0,0,0,0,3,0,0,93,187,187,391,0,69,12,87,0,134,130,413,0,156,21,179,0,7,0,0,0,0,0,0,0,5,0,0,0,0,0,0,0,0,0,0,0,0,0,0,0,0,0,0,0,0,0,0,0,0,0,0,0,0,0,0,0,0,0,0,0,0,0,0,0,0,0,0,0,0,0,0,0,24,0,14,0,0,0,47,0,0,0,0,0,0,0,0,0,0,0,0,0,0,1,14,0,45,0,15,0,0,0,7,0,21,0,0,1,40,0,0,0,15,0,13,0,53,0,16,0,0,0,0,116,284,0,0,0,1,6,4,5,94,0,0,0,0,0,0,0,0,0,1,0,0,0,0,0,0,0,0,0,0,0,0,0,0,0,2,1,0,694,0,0,0,1034,118,430,527,26,81,0
137,19,29,0,109,80,2,0,20,0,0,43,260,7,15,130,12,13,16,62,45,13,10,49,0,0,43,0,46,0,59,0,172,0,29,0,150,0,156,3,41,0,0,0,25,0,42,0,10,0,11,0,0,0,0,0,0,0,0,0,0,0,0,0,0,0,0,0,0,0,0,0,0,0,0,0,0,0,0,0,0,0,0,0,0,0,0,0,0,0,0,0,0,0,0,0,0,0,0,0,0,0,0,0,0,0,0,0,0,0,0,0,0,0,0,0,0,0,0,0,0,0,0,0,9,0,5,0,0,0,0,0,0,0,0,0,0,0,0,0,0,0,0,0,1,0,6,0,10,0,0,0,25,0,0,0,0,0,0,0,13,0,0,0,17,0,45,0,80,0,0,0,106,0,16,0,394,47,127,0,23,0,19,0,19,0,19,0,0,0,0,0,0,0,0,0,0,0,0,0,0,0,0,0,0,0,0,0,0,0,384,153,334,0,144,0,0,1,0,2,0,0,0,0,0
0,289,20,4,131,158,0,13,0,23,43,0,16,480,308,0,21,22,27,95,180,95,135,52,0,0,0,263,0,141,0,162,22,386,0,44,10,72,0,89,0,63,0,0,0,53,0,177,0,42,0,43,0,0,0,0,0,0,0,0,0,0,0,0,0,7,0,2,0,0,0,0,0,1,0,0,0,0,0,0,0,0,0,0,0,0,0,0,0,0,0,0,0,0,0,0,0,0,0,0,0,0,0,0,0,0,0,0,0,0,0,2,0,0,0,0,0,0,0,0,0,0,0,0,0,0,0,0,0,0,0,8,0,0,0,0,0,0,0,0,0,5,0,0,0,0,0,5,0,0,0,48,0,50,0,0,0,0,0,0,0,3,0,2,0,15,0,14,0,50,0,6,0,11,0,23,88,686,0,31,0,74,0,22,0,25,0,14,0,4,0,0,0,0,0,0,0,0,0,0,0,0,0,0,0,0,0,0,0,0,14,8,23,0,150,0,0,0,539,149,369,118,0,22,0
67,5,61,2,424,52,0,0,29,0,260,16,0,178,7,0,0,0,9,233,85,54,0,0,0,0,145,481,0,0,20,0,0,0,225,0,21,0,0,0,163,168,141,35,162,75,357,149,68,11,405,36,0,0,0,0,0,0,0,0,0,0,0,0,0,0,0,0,0,0,0,0,0,0,0,0,0,0,0,0,0,0,0,0,0,0,0,0,0,0,0,0,0,0,0,0,0,0,0,0,0,0,0,0,0,0,0,0,0,0,0,0,0,0,0,0,0,0,0,0,0,0,0,0,0,0,0,0,0,0,9,0,0,0,0,0,6,0,0,0,0,0,0,0,0,0,6,0,0,0,0,0,0,0,0,0,0,0,0,0,0,0,0,0,148,0,33,0,61,0,0,0,7,0,0,0,351,66,211,0,11,0,9,0,11,0,184,40,0,0,0,0,0,0,0,0,0,0,0,0,0,0,0,0,0,0,0,0,0,0,96,382,406,47,38,0,0,4,0,0,0,0,0,0,0
0,91,0,5,86,163,0,0,0,4,7,480,178,0,125,3,0,1,376,27,160,51,0,0,0,0,135,228,0,0,21,33,0,12,78,115,0,43,0,0,29,168,0,135,0,61,5,370,0,53,30,241,0,0,0,0,0,0,0,0,0,0,0,0,0,2,0,0,0,0,0,0,0,0,0,0,0,0,0,0,0,0,0,0,0,0,0,3,0,0,0,0,0,0,0,0,0,0,0,0,0,4,0,0,0,0,0,0,0,0,0,0,0,0,0,0,0,0,0,0,0,0,0,0,0,0,0,0,0,0,0,0,0,0,0,0,0,0,0,0,0,0,0,0,0,0,0,0,0,1,0,0,0,0,0,0,0,0,0,0,0,0,0,0,0,38,0,12,0,85,0,0,0,0,0,0,61,269,0,13,0,0,0,5,0,0,17,148,0,10,0,0,0,0,0,0,0,0,0,0,0,0,0,0,0,0,0,0,0,0,0,11,0,0,54,0,0,0,201,256,487,73,0,0,0
16,13,248,11,243,357,7,0,17,0,15,308,7,125,0,262,24,5,234,347,219,163,158,78,46,0,160,51,25,14,311,52,81,31,130,40,82,6,3,0,3,0,0,6,48,0,13,0,0,0,15,7,0,0,0,0,0,0,0,0,3,0,6,0,6,0,1,0,0,0,0,0,0,0,0,0,0,0,2,0,0,0,0,0,0,0,3,0,0,0,0,0,0,0,0,0,0,0,0,0,0,0,0,0,0,0,0,0,0,0,0,0,0,0,0,0,0,0,0,0,0,0,0,0,14,0,9,0,0,0,14,0,0,0,9,0,30,0,0,0,0,0,21,0,0,0,24,0,30,0,20,0,18,0,0,0,0,0,0,0,18,0,0,0,21,0,132,2,61,0,0,1,38,0,12,0,225,93,20,0,27,0,36,0,44,0,0,0,0,0,0,0,0,0,0,0,0,0,0,0,0,0,0,0,1,0,0,0,7,0,97,44,113,0,38,0,0,0,0,0,18,1,0,0,0
12,49,37,270,147,200,0,72,0,20,130,0,0,3,262,0,38,51,0,465,130,272,156,264,0,13,0,120,20,174,24,131,30,159,0,38,12,54,17,54,0,0,0,15,0,7,0,0,0,0,0,19,0,0,0,46,0,0,0,0,0,0,0,0,0,12,0,0,0,0,0,0,0,0,0,0,0,0,0,0,0,0,0,0,0,0,0,0,0,0,0,0,0,0,0,0,0,3,0,0,0,0,0,0,0,1,0,0,0,0,0,0,0,0,0,0,0,0,0,0,0,0,0,0,0,5,0,10,0,0,0,0,0,0,0,0,0,34,0,0,0,0,0,18,0,0,0,4,0,22,0,9,0,0,0,8,0,0,0,0,0,0,0,4,0,9,0,173,0,68,0,6,0,43,0,0,33,84,0,0,1,0,0,0,0,20,0,0,0,0,0,0,0,0,0,0,0,0,0,0,0,0,0,0,0,0,0,0,0,0,0,6,0,1,70,0,0,0,195,30,262,69,2,7,0
3,132,61,23,0,12,9,0,1,15,12,21,0,0,24,38,0,21,89,0,304,0,193,46,122,75,65,0,504,3,118,0,76,4,0,0,13,0,201,8,0,0,0,0,158,0,9,0,14,0,0,0,30,0,33,15,10,0,0,0,0,3,365,3,0,0,0,0,2,0,0,0,0,0,0,0,0,0,0,0,0,0,0,0,78,0,6,0,0,0,0,0,0,0,0,0,55,0,38,0,0,0,0,0,0,0,0,0,0,0,0,0,0,0,0,0,0,0,0,0,0,0,33,1,0,0,0,0,56,0,0,0,48,0,21,0,262,0,28,0,66,0,187,0,6,0,0,0,2,0,0,0,0,0,26,0,0,0,0,0,0,0,0,0,0,0,0,0,0,0,34,0,51,0,0,0,11,16,4,0,0,0,2,1,0,0,0,0,0,0,0,0,0,0,0,0,0,0,0,0,0,0,0,0,0,0,0,0,0,0,19,4,79,0,38,0,0,0,3,0,0,0,0,0,0
85,47,77,78,13,26,0,103,0,0,13,22,0,1,5,51,21,0,0,25,5,109,51,82,57,113,0,0,5,340,0,21,0,17,0,0,1,3,7,139,0,0,0,0,0,0,0,0,0,0,0,3,1,25,0,86,0,48,0,2,0,18,4,294,2,0,0,0,0,0,0,0,0,0,0,7,0,0,0,0,0,53,0,0,0,44,0,0,0,0,0,0,0,0,0,0,0,31,0,27,0,10,0,0,0,0,0,0,0,0,0,0,0,0,0,0,0,0,0,0,0,0,0,11,0,0,0,6,0,24,0,0,0,38,0,101,0,171,0,104,0,46,0,182,0,0,0,0,0,0,0,0,0,0,0,78,0,0,0,33,2,14,0,2,0,5,0,4,0,9,0,2,2,14,0,0,5,14,0,0,0,0,7,0,0,0,0,0,0,0,0,0,0,0,0,0,0,0,0,0,0,0,0,0,0,0,0,0,1,0,0,0,1,0,0,0,0,0,11,15,52,0,0,0,0
17,0,86,0,151,0,0,0,10,0,16,27,9,376,234,0,89,0,0,366,407,106,159,0,0,0,210,705,26,0,113,0,0,0,321,33,0,12,0,0,1,81,17,63,27,42,7,125,2,3,288,103,0,0,0,0,0,0,0,0,2,0,37,0,0,0,0,0,0,0,0,0,0,0,0,0,0,0,0,0,0,0,0,0,0,0,0,0,0,0,0,0,0,0,0,0,0,0,0,0,0,0,0,0,0,0,0,0,0,0,0,0,0,0,0,0,0,0,0,0,0,0,0,0,0,0,0,0,0,0,0,0,0,0,0,0,0,0,0,0,0,0,0,0,0,0,0,0,17,0,0,0,0,0,0,0,0,0,0,0,0,0,0,0,107,0,79,0,0,0,0,0,0,0,5,0,114,61,11,0,0,0,9,0,20,0,14,52,0,0,0,0,0,0,0,0,0,0,0,0,0,0,0,0,0,0,0,0,0,0,104,108,200,0,21,0,1,0,0,13,25,0,0,0,0
0,177,0,82,222,425,0,48,0,43,62,95,233,27,347,465,0,25,366,0,205,326,0,212,0,0,26,456,0,32,35,154,0,42,60,378,0,92,0,0,0,4,0,59,0,118,0,97,0,10,7,283,0,0,0,0,0,0,0,0,0,0,0,0,0,12,0,0,0,0,0,0,0,0,0,0,0,0,0,0,0,0,0,0,0,0,0,0,0,0,0,0,0,0,0,0,1,0,0,0,0,0,0,0,0,0,0,0,0,0,0,0,0,0,0,0,0,0,0,0,0,0,0,0,0,0,0,12,0,0,0,11,0,0,0,0,0,0,0,0,0,0,0,0,0,0,0,0,0,33,0,26,0,0,0,0,0,3,0,8,0,0,0,0,0,33,0,69,15,129,0,0,0,12,0,4,73,192,0,3,0,17,0,4,0,57,0,16,0,0,0,0,0,0,0,0,0,0,0,0,0,0,0,0,0,0,0,0,0,0,22,20,44,0,66,0,0,0,205,82,252,52,0,0,0
6,24,137,9,134,172,0,0,1,0,45,180,85,160,219,130,304,5,407,205,0,64,258,53,74,0,344,291,142,6,403,12,103,17,179,17,36,0,5,0,0,27,26,14,63,26,1,51,0,0,48,40,0,0,0,0,0,0,0,0,0,0,193,0,0,0,0,0,0,0,16,0,0,0,0,0,0,0,0,0,0,0,0,0,0,0,0,0,0,0,16,0,0,0,0,0,26,0,40,0,0,0,0,0,0,0,0,0,0,0,0,0,0,0,0,0,0,0,0,0,0,0,28,0,0,0,0,0,0,0,0,0,11,0,0,0,108,0,0,1,91,0,158,0,0,0,0,0,0,0,0,0,0,0,0,0,0,0,0,0,0,0,0,0,15,0,70,0,31,0,0,0,35,0,0,0,63,42,48,0,0,0,5,0,2,0,6,10,0,0,0,0,0,0,0,0,0,0,0,0,17,0,0,0,0,0,0,0,0,0,95,71,98,18,29,0,0,0,0,4,0,0,0,0,0
0,0,0,35,83,175,0,48,0,0,13,95,54,51,163,272,0,109,106,326,64,0,0,293,0,47,10,309,0,181,10,86,0,34,12,106,0,13,0,25,0,0,0,115,4,218,0,9,0,7,2,150,0,0,0,32,0,29,0,0,0,2,0,33,0,0,0,0,0,0,0,4,0,0,0,0,0,0,0,0,0,0,0,0,0,34,0,0,0,0,0,0,0,0,0,0,0,0,0,0,0,0,0,0,0,0,0,0,0,0,0,0,0,0,0,0,0,0,0,0,0,11,0,9,0,0,0,0,0,0,0,0,0,0,0,41,0,112,0,174,0,131,0,206,0,18,0,0,0,0,0,0,0,0,0,28,0,3,0,0,0,0,0,0,0,26,0,28,0,38,0,0,0,6,0,0,12,38,0,0,0,0,0,0,0,0,0,7,0,0,0,0,0,0,0,1,0,0,0,0,0,0,0,0,0,0,0,1,0,0,0,4,13,0,24,0,0,0,114,80,81,32,0,0,0
5,247,366,72,84,91,13,23,1,4,10,135,0,0,158,156,193,51,159,0,258,0,0,191,53,133,112,0,280,8,103,0,98,2,0,0,15,3,180,11,0,0,0,0,186,0,0,0,19,0,6,0,2,0,44,1,0,0,0,0,23,0,55,9,0,1,1,0,0,0,0,0,0,0,6,0,0,0,0,0,7,0,0,0,19,0,0,0,0,0,0,0,0,0,0,0,0,0,15,0,0,0,0,0,4,0,0,0,0,0,0,0,0,0,0,0,0,0,0,0,0,0,0,0,0,0,0,0,0,0,0,0,11,0,0,0,67,0,17,0,23,0,59,0,0,0,0,0,7,0,14,0,0,1,12,0,0,0,0,0,0,0,0,0,4,0,6,0,21,0,57,0,85,0,3,0,94,99,3,1,5,0,0,0,10,0,0,0,0,0,2,0,0,0,0,0,0,0,0,0,0,0,0,0,0,0,0,0,0,0,86,19,114,74,108,0,0,1,0,0,4,1,0,0,0
47,20,69,179,58,136,2,35,0,0,49,52,0,0,78,264,46,82,0,212,53,293,191,0,10,47,0,110,0,154,12,30,24,47,0,13,8,21,13,68,0,0,0,42,0,16,0,0,0,0,0,20,0,0,0,18,0,0,0,0,0,2,0,16,0,0,0,0,0,0,0,0,0,0,0,0,0,0,0,0,0,0,0,0,0,9,0,2,0,0,0,3,0,0,0,0,0,13,0,0,0,7,0,0,0,0,0,0,0,0,0,0,0,0,0,0,0,0,0,0,0,4,0,0,0,1,0,0,0,0,0,0,0,13,0,24,0,48,0,21,0,11,0,58,0,5,0,0,1,0,2,3,0,0,0,9,0,0,0,0,0,0,0,0,0,0,0,28,0,10,0,3,0,34,0,0,24,57,1,0,0,0,7,0,0,0,0,0,0,0,0,0,0,0,0,0,0,0,0,0,0,0,0,0,0,0,0,0,1,0,0,0,8,0,34,0,0,0,143,71,58,0,0,0,0
3,138,64,0,0,0,271,168,13,253,0,0,0,0,46,0,122,57,0,0,74,0,53,10,0,179,27,0,168,2,16,0,0,0,0,0,0,0,189,0,0,0,0,0,50,0,0,0,16,0,17,0,34,20,159,216,24,6,0,0,145,9,299,86,0,0,0,2,2,0,0,0,0,0,0,0,0,0,0,0,0,0,0,0,11,0,0,0,0,0,0,0,0,0,0,0,0,0,0,0,0,0,0,0,0,0,0,0,0,0,0,0,0,0,0,0,0,0,0,0,0,0,0,0,9,0,0,0,28,0,19,0,30,0,28,0,101,0,14,0,0,0,55,0,0,0,0,0,5,0,7,0,0,0,22,0,0,0,0,0,11,0,5,0,11,0,0,0,36,0,91,0,111,0,0,0,33,39,0,0,0,0,0,0,0,0,0,0,0,0,0,0,0,0,0,0,0,0,0,0,18,0,0,0,0,0,0,0,12,0,270,72,273,206,294,0,10,0,0,0,0,0,0,0,0
361,56,251,217,0,22,28,254,0,16,0,0,0,0,0,13,75,113,0,0,0,47,133,47,179,0,0,0,8,171,0,0,0,4,0,0,0,9,20,89,0,0,0,0,0,0,0,0,0,0,0,0,1,10,0,241,0,55,0,30,0,31,21,147,0,0,0,0,0,0,0,1,0,0,0,0,0,0,0,0,0,0,0,0,0,0,0,0,0,0,0,0,0,0,0,1,0,0,0,0,0,2,0,0,0,0,0,5,0,0,0,0,0,0,0,0,0,0,0,0,0,1,0,0,0,8,0,0,0,0,0,27,1,49,0,68,0,203,0,35,0,0,0,52,0,0,0,0,0,0,0,5,0,0,0,81,0,0,0,28,0,91,0,2,0,0,0,0,0,0,0,5,0,21,0,0,36,68,0,0,0,1,16,0,0,0,0,0,0,0,0,0,0,0,0,0,0,1,0,0,0,0,0,0,0,0,0,3,0,11,7,0,0,3,35,0,0,0,145,46,65,0,0,7,0
37,0,71,0,357,0,0,0,25,0,43,0,145,135,160,0,65,0,210,26,344,10,112,0,27,0,0,381,87,0,186,0,44,0,62,0,31,0,0,0,29,268,393,26,227,105,147,285,35,27,520,15,11,0,0,0,0,0,0,0,0,0,64,0,5,0,0,0,0,0,0,0,0,0,0,0,0,0,0,0,0,0,0,0,0,0,0,0,0,0,0,0,0,0,0,0,0,0,0,0,0,0,0,0,0,0,0,0,0,0,0,0,0,0,0,0,0,0,0,0,0,0,0,0,0,0,0,0,0,0,0,0,0,0,0,0,0,0,0,0,0,0,0,0,31,0,0,0,14,0,0,0,9,0,0,0,0,0,0,0,0,0,0,0,122,0,0,0,14,0,0,0,10,0,0,0,21,17,18,0,0,0,15,0,0,0,57,34,0,0,0,0,0,0,0,0,0,0,0,0,0,0,0,0,0,0,0,0,0,0,29,368,236,19,8,0,0,21,0,0,5,0,0,0,0
0,173,0,0,74,467,0,26,0,0,0,263,481,228,51,120,0,0,705,456,291,309,0,110,0,0,381,0,0,40,19,62,0,8,200,128,0,18,0,16,73,25,14,444,0,378,11,228,0,28,152,564,0,0,0,0,0,0,0,0,0,0,0,0,0,16,0,0,0,2,0,0,0,0,0,0,0,0,0,0,0,0,0,8,0,0,0,0,0,0,0,0,0,0,0,0,0,0,0,0,0,0,0,0,0,0,0,0,0,0,0,0,0,0,0,0,0,0,0,0,0,0,0,0,0,0,0,0,0,0,0,0,0,0,0,0,0,0,0,0,0,0,0,60,0,0,0,4,0,0,0,0,0,0,0,14,0,0,0,0,0,0,0,0,0,64,0,10,0,102,0,0,0,0,0,0,45,142,6,0,0,0,0,4,0,21,20,77,0,0,0,0,0,0,0,0,0,0,0,0,0,0,0,0,0,0,0,0,0,0,0,0,0,0,26,0,0,0,151,448,530,56,0,0,0
60,0,208,6,68,15,0,0,0,0,46,0,0,0,25,20,504,5,26,0,142,0,280,0,168,8,87,0,0,0,116,0,83,0,49,0,116,0,50,0,0,0,84,0,67,0,0,0,0,0,34,0,31,0,10,0,0,0,0,0,8,0,312,0,0,0,0,0,0,0,7,0,0,0,10,0,0,0,0,0,0,0,0,0,16,0,5,0,0,0,0,0,0,0,0,0,10,0,16,0,0,0,0,0,0,0,4,0,0,0,0,0,0,0,0,0,0,0,0,0,0,0,16,0,0,0,0,0,0,0,2,0,0,0,0,0,76,0,92,0,74,0,93,0,26,0,0,0,0,0,0,0,0,0,0,0,3,0,9,0,0,0,0,0,0,0,0,0,0,0,0,0,3,0,0,0,28,12,9,0,0,0,15,0,0,0,0,1,0,0,0,0,0,0,0,0,0,0,0,0,0,0,0,0,0,0,0,0,0,0,11,0,15,7,0,0,0,0,0,0,0,0,0,0,0
0,181,6,255,0,207,0,259,0,0,0,141,0,0,14,174,3,340,0,32,6,181,8,154,2,171,0,40,0,0,0,73,3,51,0,116,0,9,0,36,0,0,0,37,0,14,0,0,0,0,0,53,0,15,0,88,0,35,0,0,0,6,0,67,0,0,0,0,0,0,0,0,0,0,0,7,0,0,0,0,0,0,0,0,0,43,0,0,0,0,0,0,0,0,0,0,0,0,0,0,0,0,0,0,0,0,0,5,0,0,0,0,0,0,0,0,0,0,0,0,0,11,0,0,0,0,0,0,0,22,0,0,0,20,0,57,0,152,0,159,0,105,0,189,0,14,0,0,0,11,0,7,0,0,0,40,0,0,0,43,0,13,0,0,0,0,0,0,0,3,0,0,0,5,0,0,0,13,0,0,0,2,0,0,0,3,0,0,0,0,0,0,0,0,0,0,0,0,0,0,0,2,0,0,0,0,0,0,0,0,0,0,0,0,0,0,0,0,27,13,10,9,0,0,0
6,0,51,0,290,22,0,0,0,0,59,0,20,21,311,24,118,0,113,35,403,10,103,12,16,0,186,19,116,0,0,0,24,0,101,0,23,0,3,1,0,0,128,0,129,0,0,2,4,0,60,0,0,0,0,0,0,0,0,0,0,0,53,0,1,0,0,0,0,0,0,0,0,0,0,0,0,0,0,0,6,0,0,0,0,0,0,0,0,0,6,0,0,0,0,0,0,0,0,0,0,0,0,0,0,0,0,0,0,0,0,0,0,0,0,0,0,0,0,0,0,0,0,0,0,0,0,0,0,0,0,0,0,0,0,0,0,0,0,0,0,0,0,0,0,0,6,0,0,0,0,0,1,0,1,0,0,0,0,0,0,0,0,0,11,0,72,0,25,0,0,0,21,0,0,0,23,0,20,0,0,0,5,0,0,0,0,0,0,0,0,0,0,0,0,0,0,0,0,0,0,0,0,0,0,0,0,0,0,0,61,15,67,0,17,0,0,0,0,0,0,0,0,0,0
0,0,0,0,18,237,0,0,0,3,0,162,0,33,52,131,0,21,0,154,12,86,0,30,0,0,0,62,0,73,0,0,0,6,0,93,0,25,0,11,0,0,0,84,0,32,0,0,0,0,0,73,0,2,0,0,0,4,0,0,0,0,0,0,0,0,0,0,0,0,0,0,0,0,0,0,0,0,0,0,0,0,0,0,0,0,0,0,0,0,0,0,0,0,0,0,0,1,0,0,0,0,0,0,0,0,0,0,0,0,0,0,0,0,0,0,0,0,0,0,0,0,0,0,0,0,0,0,0,0,0,0,0,0,0,0,0,0,0,21,0,14,0,0,0,0,0,0,0,0,0,0,0,0,0,0,0,0,0,0,0,0,0,0,0,0,1,45,0,18,0,0,0,8,0,0,7,14,0,0,0,0,0,0,0,0,0,2,0,0,0,0,0,0,0,0,0,0,0,0,0,0,0,0,0,0,0,0,0,0,0,0,0,0,10,0,0,0,52,15,43,6,0,0,0
30,0,198,0,337,19,0,0,0,0,172,22,0,0,81,30,76,0,0,0,103,0,98,24,0,0,44,0,83,3,24,0,0,0,81,0,113,0,1,0,0,0,115,0,86,0,0,0,6,0,44,0,0,0,0,0,0,0,0,0,19,0,43,0,0,0,0,0,0,0,12,0,0,0,0,0,0,0,0,0,0,0,0,0,20,0,0,0,0,0,0,0,0,0,0,0,0,0,0,0,0,0,0,0,0,0,0,0,0,0,0,0,0,0,0,0,0,0,0,0,0,0,0,0,0,0,0,0,0,0,0,0,0,0,0,0,0,0,62,0,55,0,0,0,35,0,0,0,0,0,0,0,0,0,0,0,8,0,14,0,0,0,0,0,3,0,42,0,15,0,0,0,59,0,0,0,61,5,57,0,2,0,11,0,6,0,0,0,0,0,0,0,0,0,0,0,0,0,0,0,0,0,0,0,0,0,0,0,0,0,29,4,50,0,16,0,0,0,1,0,0,0,0,0,0
0,84,0,96,18,491,0,0,0,0,0,386,0,12,31,159,4,17,0,42,17,34,2,47,0,4,0,8,0,51,0,6,0,0,0,25,0,358,0,18,0,0,0,11,0,13,0,0,0,2,0,60,0,3,0,0,0,0,0,1,0,0,0,5,0,5,0,0,0,0,0,0,0,0,0,0,0,0,0,0,0,0,0,0,0,0,0,0,0,0,0,0,0,0,0,0,0,0,0,0,0,0,0,0,0,0,0,0,0,0,0,0,0,0,0,0,0,0,0,0,0,0,0,0,0,0,0,0,0,0,0,0,0,0,0,0,0,0,0,45,0,13,0,0,0,12,0,0,0,0,0,6,0,0,0,7,0,2,0,12,0,0,0,0,0,2,1,118,0,31,0,0,0,38,0,0,0,44,0,0,0,0,0,0,0,7,0,1,0,0,0,0,0,0,0,0,0,0,0,0,0,0,0,0,0,0,0,0,0,0,0,0,0,0,7,0,0,0,28,17,65,11,0,0,0
0,0,0,0,248,0,2,0,0,0,29,0,225,78,130,0,0,0,321,60,179,12,0,0,0,0,62,200,49,0,101,0,81,0,0,3,241,0,1,0,0,16,199,12,20,15,0,35,5,0,163,21,0,0,0,0,0,0,0,0,1,0,0,0,0,0,0,0,0,0,0,0,0,0,10,0,0,0,0,0,0,0,0,0,0,0,0,0,0,0,0,0,0,0,0,0,0,0,22,0,0,0,0,0,0,0,0,0,0,0,0,0,0,0,0,0,0,0,0,0,0,0,0,0,0,0,0,0,0,0,0,0,0,0,0,0,0,0,13,0,0,0,0,0,20,0,0,0,0,0,0,0,0,0,2,0,2,0,0,0,0,0,0,0,78,0,62,0,42,0,0,0,12,0,0,0,37,6,46,0,0,0,0,0,0,0,22,0,0,0,0,0,0,0,0,0,0,0,0,0,0,0,0,0,0,0,2,0,0,0,56,82,112,0,7,0,0,0,0,0,0,0,0,0,0
0,33,0,0,0,140,0,0,0,0,0,44,0,115,40,38,0,0,33,378,17,106,0,13,0,0,0,128,0,116,0,93,0,25,3,0,0,180,0,102,0,0,0,62,0,22,0,0,0,0,0,83,0,5,0,9,0,11,0,0,0,9,0,16,0,0,0,0,0,0,0,0,0,0,0,2,0,0,0,0,0,0,0,0,0,0,0,0,0,0,0,0,0,0,0,0,0,0,0,0,0,0,0,0,0,0,0,0,0,0,0,0,0,1,0,0,0,0,0,0,0,0,0,0,0,0,0,0,0,0,0,0,0,0,0,12,0,42,0,116,0,96,0,91,0,31,0,0,0,0,0,0,0,0,0,0,0,8,0,0,0,0,0,0,0,14,0,41,0,59,0,0,0,6,0,0,0,0,0,0,0,0,0,0,0,0,0,20,0,2,0,0,0,0,0,0,0,0,0,0,0,0,0,0,0,0,0,0,0,0,0,0,0,0,5,0,0,0,63,40,92,0,0,0,0
30,0,53,0,206,16,0,0,0,0,150,10,21,0,82,12,13,1,0,0,36,0,15,8,0,0,31,0,116,0,23,0,113,0,241,0,0,0,91,0,0,0,121,0,83,0,0,0,0,0,118,0,0,0,0,0,0,0,0,0,41,0,20,0,0,0,0,0,0,0,70,0,0,0,61,0,0,0,0,0,73,0,0,0,94,0,18,0,0,0,12,0,0,0,0,0,47,0,96,0,0,0,0,0,0,0,0,0,0,0,0,0,0,0,0,0,0,0,0,0,20,0,80,0,0,0,0,0,0,0,0,0,0,0,0,0,85,0,181,0,170,0,149,0,251,0,4,0,0,0,0,0,0,0,0,0,30,0,16,0,0,0,22,0,14,0,45,0,28,0,13,0,60,0,0,0,51,5,41,0,0,0,16,0,0,0,1,0,0,0,0,0,0,0,0,0,0,0,0,0,0,0,0,0,0,0,0,0,0,0,10,16,36,5,5,0,0,0,0,0,0,0,0,0,0
0,78,1,0,0,104,0,15,0,6,0,72,0,43,6,54,0,3,12,92,0,13,3,21,0,9,0,18,0,9,0,25,0,358,0,180,0,0,0,69,0,0,0,62,0,11,0,0,0,0,0,138,0,3,0,2,0,0,0,1,0,31,0,73,0,0,0,0,0,0,0,0,0,0,0,0,0,0,0,0,0,0,0,0,0,4,0,1,0,0,0,0,0,0,0,0,0,2,0,0,0,0,0,0,0,0,0,0,0,0,0,0,0,0,0,0,0,0,0,0,0,2,0,0,0,0,0,0,0,0,0,0,0,0,0,10,0,70,0,173,0,217,0,123,0,108,0,0,0,0,0,0,0,0,0,15,0,72,0,26,0,0,0,0,0,10,0,52,0,59,0,5,0,29,0,0,0,10,0,1,0,0,0,1,0,0,0,7,0,0,0,0,0,0,0,0,0,0,0,0,0,0,0,0,0,0,0,0,0,0,0,0,0,0,6,0,0,0,13,125,74,0,0,1,0
307,0,626,7,278,0,29,0,5,0,156,0,0,0,3,17,201,7,0,0,5,0,180,13,189,20,0,0,50,0,3,0,1,0,1,0,91,0,0,2,0,0,6,0,3,0,0,0,0,0,0,0,29,0,15,1,0,0,0,0,28,0,159,0,0,0,0,0,0,0,42,0,0,0,36,0,0,0,3,0,14,0,0,0,53,0,0,0,0,0,0,0,0,0,0,0,28,0,48,0,0,0,0,0,0,0,0,0,0,0,0,0,0,0,0,0,0,0,0,0,0,0,55,0,0,0,0,0,14,0,0,0,0,0,0,0,187,0,358,0,253,0,218,0,151,0,0,0,0,0,2,0,0,0,16,0,17,0,35,0,0,0,0,0,0,0,16,0,0,0,0,1,64,0,0,0,98,9,12,0,0,0,97,0,5,0,0,0,0,0,0,0,0,0,0,0,0,0,0,0,0,0,0,0,0,0,0,0,0,0,9,95,12,0,0,0,0,0,0,0,0,0,0,0,0
0,428,0,207,0,83,0,192,0,17,3,89,0,0,0,54,8,139,0,0,0,25,11,68,0,89,0,16,0,36,1,11,0,18,0,102,0,69,2,0,0,0,0,62,0,7,0,0,0,0,0,68,0,41,0,73,0,21,0,0,0,8,0,82,2,0,0,1,0,0,0,0,0,0,0,0,0,1,0,0,0,0,0,0,0,0,0,0,0,0,0,0,0,0,0,0,0,0,0,0,0,0,0,0,0,0,0,0,0,0,0,0,0,0,0,0,0,0,0,0,0,1,0,0,0,0,0,0,0,0,0,0,0,0,0,0,0,49,0,217,0,76,0,39,0,70,0,0,0,0,0,5,0,0,0,107,0,105,0,129,0,0,0,0,0,3,0,8,0,5,0,6,0,36,0,0,5,11,0,0,0,2,0,3,0,0,0,0,0,0,0,0,0,0,0,0,0,0,0,0,0,0,0,0,0,0,0,0,0,0,0,0,0,0,0,0,0,0,12,104,31,0,0,0,0
0,2,0,0,72,0,0,0,3,0,41,0,163,29,3,0,0,0,1,0,0,0,0,0,0,0,29,73,0,0,0,0,0,0,0,0,0,0,0,0,0,185,97,3,145,118,147,206,214,92,44,0,0,0,0,0,0,0,0,0,0,0,0,0,0,0,0,0,0,0,0,0,0,0,0,0,0,0,0,0,0,0,0,0,0,0,0,0,0,0,0,0,0,0,0,0,0,0,0,0,0,0,0,0,0,0,0,0,0,0,0,0,0,0,0,0,0,0,0,0,0,0,0,0,0,0,0,0,0,0,1,0,0,0,0,0,0,0,0,0,0,0,0,0,0,0,0,0,0,0,0,0,0,0,0,0,0,0,0,0,0,0,0,0,41,0,0,0,0,0,0,0,0,0,0,0,25,56,23,0,6,0,6,0,8,0,96,17,0,0,0,0,0,0,0,0,0,0,0,0,0,0,0,0,0,0,0,0,0,0,0,366,81,0,1,0,0,55,0,14,2,0,0,0,5
0,2,0,0,0,16,0,0,0,0,0,63,168,168,0,0,0,0,81,4,27,0,0,0,0,0,268,25,0,0,0,0,0,0,16,0,0,0,0,0,185,0,48,103,60,65,34,87,0,110,59,50,0,0,0,0,0,0,0,0,0,0,0,0,0,0,0,0,0,0,0,0,0,0,0,0,0,0,0,0,0,0,0,0,0,0,0,1,0,0,0,0,0,0,0,0,0,0,0,0,0,0,0,0,0,0,0,0,0,0,0,0,0,0,0,0,0,0,0,0,0,0,0,0,0,0,0,0,0,0,0,0,0,0,0,0,0,0,0,0,0,0,0,0,0,0,0,0,0,0,0,0,0,0,0,0,0,0,0,0,0,0,0,0,0,30,0,0,0,0,0,0,0,0,0,2,5,94,0,3,0,3,0,0,0,0,26,41,0,0,0,0,0,0,0,0,0,0,0,4,0,0,0,1,0,0,0,0,0,0,0,0,0,0,0,0,0,0,0,94,26,4,0,0,20
0,0,0,0,0,0,0,0,0,0,0,0,141,0,0,0,0,0,17,0,26,0,0,0,0,0,393,14,84,0,128,0,115,0,199,0,121,0,6,0,97,48,0,0,162,39,73,53,42,22,129,2,0,0,0,0,0,0,0,0,6,0,0,0,0,0,0,0,0,0,23,0,10,0,0,0,0,0,0,0,39,0,0,0,32,0,0,0,2,0,0,0,0,0,0,0,0,0,0,0,0,0,0,0,0,0,0,0,0,0,0,0,0,0,0,0,0,0,0,0,12,0,0,0,0,0,0,0,0,0,0,0,0,0,0,0,0,0,0,0,0,0,0,0,55,0,0,0,0,0,0,0,0,0,0,0,0,0,0,0,0,0,20,0,36,0,34,0,10,0,21,0,48,0,0,0,4,11,15,0,0,0,0,0,0,0,64,5,0,0,0,0,0,0,0,0,0,0,0,0,0,0,0,0,0,0,0,0,0,0,65,354,94,0,10,0,0,5,0,6,0,0,0,0,1
0,0,0,0,0,0,0,0,0,0,0,0,35,135,6,15,0,0,63,59,14,115,0,42,0,0,26,444,0,37,0,84,0,11,12,62,0,62,0,62,3,103,0,0,0,305,0,99,0,30,12,229,0,0,0,0,0,0,0,0,0,7,0,0,0,0,0,0,0,0,0,11,0,0,0,0,0,0,0,0,0,0,0,0,0,0,0,0,0,0,0,0,0,0,0,0,0,0,0,0,0,0,0,0,0,0,0,0,0,0,0,0,0,0,0,0,0,0,0,0,0,0,0,0,0,0,0,0,0,0,0,0,0,0,0,0,0,0,0,140,0,138,0,136,0,40,0,0,0,0,0,0,0,0,0,0,0,11,0,0,0,0,0,0,0,42,0,9,0,51,0,7,0,10,0,0,0,0,0,0,0,2,0,0,0,0,0,113,0,0,0,0,0,0,0,3,0,0,0,0,0,0,0,0,0,0,0,0,0,0,0,0,0,0,14,0,0,0,63,120,117,0,0,0,1
16,0,112,0,99,0,0,0,0,0,25,0,162,0,48,0,158,0,27,0,63,4,186,0,50,0,227,0,67,0,129,0,86,0,20,0,83,0,3,0,145,60,162,0,0,46,311,51,267,76,99,0,0,0,0,0,0,0,0,0,0,0,135,0,0,0,0,0,16,0,109,0,9,0,95,0,0,0,25,0,125,0,69,0,211,0,50,0,7,0,0,0,26,0,69,0,104,0,0,0,0,0,34,0,0,0,0,0,0,0,0,0,0,0,0,0,0,0,0,0,31,0,111,0,10,6,0,0,0,0,0,0,0,0,0,1,198,1,0,0,244,0,401,0,123,0,4,0,0,0,11,0,0,0,12,0,0,0,0,0,0,0,18,0,103,0,17,0,122,0,16,0,56,0,5,0,35,33,15,0,0,1,0,0,0,0,77,7,28,0,31,0,0,0,0,0,0,0,0,0,0,0,0,0,0,0,0,0,0,0,39,272,225,18,16,0,1,45,0,7,3,0,0,0,2
0,0,0,0,10,0,0,4,0,0,0,53,75,61,0,7,0,0,42,118,26,218,0,16,0,0,105,378,0,14,0,32,0,13,15,22,0,11,0,7,118,65,39,305,46,0,39,270,9,142,47,168,0,0,0,0,0,10,0,0,0,2,0,3,0,0,0,0,0,9,0,16,0,0,0,12,0,4,0,0,0,70,0,35,0,0,0,10,0,15,0,0,0,14,0,53,0,0,0,0,0,22,0,12,0,0,0,0,0,0,0,0,0,0,0,0,0,0,0,0,0,12,0,6,0,0,0,0,0,0,0,0,0,0,0,24,0,66,0,0,0,114,0,160,0,52,0,0,0,0,0,0,0,0,0,0,0,0,0,0,0,9,0,14,0,84,0,7,0,109,0,24,0,25,0,0,0,126,0,0,0,0,0,0,0,1,13,79,0,0,0,0,0,1,0,14,0,0,0,0,0,0,0,0,0,0,0,0,0,0,0,5,0,0,11,0,0,0,103,392,354,27,1,0,38
14,0,17,0,138,0,0,0,10,0,42,0,357,5,13,0,9,0,7,0,1,0,0,0,0,0,147,11,0,0,0,0,0,0,0,0,0,0,0,0,147,34,73,0,311,39,0,42,166,49,0,1,0,0,0,0,0,0,0,0,0,0,0,0,0,0,0,0,0,0,0,0,0,0,0,0,0,0,0,0,0,0,0,0,12,0,0,0,0,0,0,0,0,0,0,0,0,0,0,0,0,0,0,0,0,0,0,0,0,0,0,0,0,0,0,0,0,0,0,0,0,0,6,0,0,0,0,0,0,0,0,0,0,0,0,0,0,0,0,0,0,0,0,0,0,0,0,0,9,0,0,0,0,0,0,0,0,0,0,0,2,0,0,0,33,0,0,0,0,0,0,0,0,0,0,0,12,24,13,0,0,0,16,0,6,0,88,3,0,0,0,0,0,0,0,0,0,0,0,0,0,0,0,0,0,0,0,0,0,0,0,281,72,0,1,0,0,60,0,4,0,0,0,0,0
0,24,0,0,0,107,0,0,0,0,0,177,149,370,0,0,0,0,125,97,51,9,0,0,0,0,285,228,0,0,2,0,0,0,35,0,0,0,0,0,206,87,53,99,51,270,42,0,0,58,123,36,0,0,0,0,0,0,0,0,0,0,0,0,0,0,0,0,0,0,0,0,0,0,0,0,0,0,0,0,0,0,0,0,0,0,0,0,0,0,0,0,0,0,0,0,0,0,0,0,0,0,0,0,0,0,0,0,0,0,0,0,0,0,0,0,0,0,0,0,0,0,0,0,0,0,0,0,0,0,0,0,0,0,0,0,0,0,0,0,0,0,0,0,0,0,0,0,0,0,0,0,0,0,0,0,0,0,0,0,0,0,0,0,0,13,0,0,0,0,0,0,0,1,0,0,0,65,0,0,0,0,0,0,0,0,26,39,0,0,0,0,0,0,0,0,0,0,0,0,0,0,0,0,0,0,0,0,0,0,0,14,0,0,0,0,0,0,0,384,82,0,0,0,33
6,0,24,0,24,0,29,0,11,0,10,0,68,0,0,0,14,0,2,0,0,0,19,0,16,0,35,0,0,0,4,0,6,0,5,0,0,0,0,0,214,0,42,0,267,9,166,0,0,41,5,0,12,0,16,0,22,0,3,0,1,0,26,0,0,0,0,0,59,0,0,0,3,0,0,0,0,0,4,0,23,1,31,0,0,0,14,0,15,0,8,0,43,0,24,1,9,0,11,1,10,0,34,0,17,0,6,0,4,0,0,0,0,0,0,0,1,0,0,0,0,0,0,0,7,3,0,1,4,0,0,0,3,1,0,0,12,0,0,0,0,0,32,0,0,0,0,0,7,0,4,0,5,1,9,0,0,0,5,0,15,0,1,0,21,0,4,0,10,0,4,0,7,0,5,0,39,24,20,0,6,1,3,0,2,0,164,0,15,0,18,0,23,0,8,0,0,0,0,0,0,0,23,0,0,0,0,0,0,0,22,69,82,12,75,0,3,13,2,7,7,5,0,0,4
0,2,0,0,0,0,0,2,0,3,0,42,11,53,0,0,0,0,3,10,0,7,0,0,0,0,27,28,0,0,0,0,0,2,0,0,0,0,0,0,92,110,22,30,76,142,49,58,41,0,0,9,0,0,0,0,0,2,0,0,0,0,0,0,0,0,0,0,0,10,0,0,0,3,0,3,0,6,0,0,0,8,0,32,0,0,0,2,0,10,0,0,0,15,0,34,0,3,0,0,0,6,0,13,0,0,0,0,0,0,0,0,0,0,0,0,0,0,0,0,0,1,0,0,0,0,0,0,0,0,0,0,0,0,0,0,0,0,0,0,0,0,0,0,0,0,0,1,0,0,0,0,0,4,0,0,0,3,0,0,0,1,0,3,0,42,0,0,0,20,0,2,0,1,0,0,0,87,0,4,0,0,0,0,0,0,28,36,0,0,0,0,0,0,0,0,0,0,0,0,0,3,0,0,0,0,0,0,0,0,0,11,1,0,3,0,0,0,19,9,8,0,0,0,11
0,0,7,0,0,0,0,0,0,0,11,0,405,30,15,0,0,0,288,7,48,2,6,0,17,0,520,152,34,0,60,0,44,0,163,0,118,0,0,0,44,59,129,12,99,47,0,123,5,0,0,13,0,0,0,0,2,0,0,0,2,0,18,0,0,0,0,0,0,0,36,0,7,0,35,0,0,0,1,0,36,0,0,0,36,0,14,0,0,0,0,0,0,0,0,0,16,0,0,0,0,0,0,1,3,0,0,0,0,0,0,0,0,0,0,0,0,0,0,0,12,0,0,0,0,0,0,0,0,0,0,0,0,0,0,0,0,0,0,0,33,0,66,0,46,0,0,0,0,0,0,0,0,0,0,0,3,0,0,0,0,0,16,0,80,0,43,0,58,0,28,0,53,0,0,0,0,0,31,0,0,0,6,0,0,0,43,3,0,0,0,0,0,0,0,0,0,0,0,0,0,0,0,0,0,0,0,0,0,0,87,237,120,30,22,0,0,0,1,2,0,0,0,0,0
0,0,0,0,0,148,0,0,0,0,0,43,36,241,7,19,0,3,103,283,40,150,0,20,0,0,15,564,0,53,0,73,0,60,21,83,0,138,0,68,0,50,2,229,0,168,1,36,0,9,13,0,0,4,0,8,0,0,0,3,0,15,0,19,0,0,0,0,0,1,0,32,0,5,0,0,0,0,0,0,0,61,0,8,0,39,0,11,0,0,0,0,0,0,0,0,0,0,0,0,0,0,0,0,0,0,0,0,0,0,0,0,0,0,0,0,0,0,0,0,0,27,0,0,0,0,0,0,0,11,0,0,0,18,0,27,0,73,0,207,0,250,0,280,0,117,0,0,0,0,0,0,0,2,0,15,0,9,0,0,0,6,0,17,0,31,0,39,0,45,0,28,0,38,0,0,9,19,0,0,0,0,0,0,0,0,0,164,0,0,0,0,0,0,0,10,0,1,0,0,0,0,0,0,0,0,0,0,0,3,0,0,0,0,30,0,0,0,109,92,57,8,0,2,0
10,0,0,0,0,0,81,7,147,93,0,0,0,0,0,0,30,1,0,0,0,0,2,0,34,1,11,0,31,0,0,0,0,0,0,0,0,0,29,0,0,0,0,0,0,0,0,0,12,0,0,0,0,22,194,119,102,29,11,42,111,1,94,4,0,0,6,46,0,0,4,0,4,0,6,0,0,0,2,0,10,0,0,0,43,0,7,0,0,0,23,0,0,0,0,0,34,0,15,0,1,0,0,0,0,0,0,0,0,0,0,0,0,0,0,0,0,0,0,0,0,0,11,0,0,0,16,0,228,0,37,0,32,0,18,0,293,0,447,0,133,0,185,0,31,0,0,0,0,0,0,0,0,0,405,0,97,0,312,0,27,0,0,0,3,0,5,0,7,0,73,0,16,0,0,0,18,6,0,0,0,0,2,0,0,6,0,0,0,0,0,0,0,0,0,0,0,0,0,0,0,0,0,0,0,0,0,0,15,0,45,30,189,150,81,3,5,0,5,2,1,0,0,0,0
2,0,0,1,0,0,49,19,72,187,0,0,0,0,0,0,0,25,0,0,0,0,0,0,20,10,0,0,0,15,0,2,0,3,0,5,0,3,0,41,0,0,0,0,0,0,0,0,0,0,0,4,22,0,56,64,1,213,22,13,0,87,8,172,0,0,29,18,0,0,0,0,0,0,0,0,0,1,0,0,0,0,0,1,0,0,0,0,0,0,0,0,0,0,0,0,0,0,0,0,0,0,0,0,0,0,0,0,0,0,0,0,0,0,0,0,0,0,0,0,0,0,0,0,0,19,0,10,0,72,0,38,0,32,0,7,0,67,0,205,0,25,0,12,0,55,0,0,0,0,0,4,0,0,0,301,1,130,0,259,0,51,0,2,0,2,0,0,0,2,0,26,0,0,0,0,6,15,0,0,0,0,0,2,2,21,0,0,0,0,0,1,0,2,0,0,0,0,0,1,0,0,0,0,0,0,0,0,0,6,0,0,0,0,23,0,0,0,17,32,59,83,0,4,0
19,0,69,0,8,0,218,0,202,187,0,0,0,0,0,0,33,0,0,0,0,0,44,0,159,0,0,0,10,0,0,0,0,0,0,0,0,0,15,0,0,0,0,0,0,0,0,0,16,0,0,0,194,56,0,198,116,41,37,55,12,2,30,10,0,0,50,96,0,0,0,0,4,0,0,0,0,0,0,0,0,0,1,0,0,0,0,0,0,0,1,0,0,0,0,1,0,0,0,0,0,0,0,0,0,0,0,0,0,0,0,0,0,0,0,0,0,0,0,0,0,0,0,0,38,0,63,0,55,0,80,0,20,0,33,0,94,0,27,0,7,0,54,0,3,0,0,0,16,0,0,0,0,0,85,1,5,1,39,0,98,0,6,0,12,0,2,0,17,0,68,0,8,0,0,0,10,6,0,0,0,0,0,0,2,27,0,0,0,0,0,0,0,0,0,0,0,0,0,0,0,0,0,0,0,0,0,0,26,0,599,154,406,527,596,14,32,0,14,8,0,8,0,0,0
74,20,34,15,0,0,208,911,329,391,0,0,0,0,0,46,15,86,0,0,0,32,1,18,216,241,0,0,0,88,0,0,0,0,0,9,0,2,1,73,0,0,0,0,0,0,0,0,0,0,0,8,119,64,198,0,0,149,25,79,6,30,97,202,0,19,57,41,0,13,0,0,0,0,0,0,0,0,0,0,0,0,0,0,2,0,0,0,0,0,0,0,0,0,0,0,0,0,0,0,0,0,0,0,0,0,0,0,0,0,0,0,0,0,0,0,0,0,0,0,0,0,0,0,0,16,0,8,0,7,0,45,0,8,0,0,3,0,0,4,0,0,2,0,0,2,0,0,0,4,0,9,0,1,2,46,1,13,0,0,0,130,0,0,0,21,0,0,0,24,0,65,0,28,0,0,60,50,0,0,0,0,9,9,0,7,0,0,0,0,0,0,0,0,0,0,0,0,0,0,0,0,0,0,0,0,0,0,0,0,7,5,4,0,347,0,0,0,284,54,416,522,26,64,0
0,0,0,0,0,0,73,0,36,0,0,0,0,0,0,0,10,0,0,0,0,0,0,0,24,0,0,0,0,0,0,0,0,0,0,0,0,0,0,0,0,0,0,0,0,0,0,0,22,0,2,0,102,1,116,0,0,0,170,51,0,0,3,0,33,11,45,35,0,0,0,0,0,0,0,0,0,0,0,0,0,0,0,0,0,0,0,0,0,0,0,0,0,0,0,0,0,0,0,0,0,0,0,0,0,0,0,0,0,0,0,0,0,0,0,0,0,0,0,0,0,0,0,0,21,0,7,0,33,0,46,7,0,0,0,0,5,0,0,0,0,0,0,0,3,3,0,0,2,0,0,0,0,0,150,6,7,0,100,8,356,0,0,0,6,0,0,0,22,0,66,0,17,0,4,0,0,0,0,0,0,6,0,0,6,4,0,0,0,0,0,0,0,0,0,0,0,0,0,0,0,0,0,0,0,0,0,0,0,0,615,139,578,499,1027,45,24,4,0,0,0,0,0,0,0
0,0,0,0,0,0,0,46,45,69,0,0,0,0,0,0,0,48,0,0,0,29,0,0,6,55,0,0,0,35,0,4,0,0,0,11,0,0,0,21,0,0,0,0,0,10,0,0,0,2,0,0,29,213,41,149,0,0,72,162,0,4,3,101,0,6,75,39,0,10,0,0,0,0,0,0,0,0,0,1,0,0,0,6,0,0,0,0,0,0,0,0,0,0,0,0,0,0,0,0,0,0,0,3,0,2,0,0,0,0,0,0,0,0,0,0,0,0,0,0,0,0,0,0,0,10,0,0,0,6,0,38,0,0,0,0,0,9,0,3,0,0,0,0,0,0,0,1,0,4,0,0,0,0,5,260,3,21,0,93,0,192,0,34,0,13,0,9,0,47,0,183,0,17,0,0,5,0,0,0,0,0,0,0,6,4,0,0,0,0,0,0,0,0,0,0,0,0,0,0,0,0,0,0,0,0,0,0,0,0,0,0,0,0,543,0,0,0,369,63,653,622,39,60,0
1,0,0,0,0,0,19,0,46,12,0,0,0,0,0,0,0,0,0,0,0,0,0,0,0,0,0,0,0,0,0,0,0,0,0,0,0,0,0,0,0,0,0,0,0,0,0,0,3,0,0,0,11,22,37,25,170,72,0,258,2,0,0,0,269,25,160,282,2,0,0,0,0,0,0,0,0,0,0,0,0,0,0,0,0,0,0,0,0,0,0,0,0,0,0,0,0,0,0,0,0,0,0,0,0,0,0,0,0,0,0,0,0,0,0,0,0,0,0,0,0,0,0,0,12,0,0,0,0,0,12,0,0,0,0,0,0,0,0,0,0,0,0,0,0,0,0,0,7,0,0,0,0,0,6,17,0,1,3,10,48,0,0,0,0,0,0,0,0,0,0,0,0,0,45,0,0,0,0,0,40,2,0,0,77,25,0,0,0,0,0,0,0,0,0,0,0,0,0,0,0,0,0,0,0,0,0,0,0,0,836,456,113,278,751,18,0,2,2,0,0,0,0,0,0
0,16,0,0,0,0,0,80,56,87,0,0,0,0,0,0,0,2,0,0,0,0,0,0,0,30,0,0,0,0,0,0,0,1,0,0,0,1,0,0,0,0,0,0,0,0,0,0,0,0,0,3,42,13,55,79,51,162,258,0,0,0,1,0,33,182,240,754,0,10,0,0,0,0,0,0,0,3,0,0,0,0,0,0,0,0,0,0,0,0,0,0,0,0,0,0,0,0,0,0,0,0,0,0,0,0,0,0,0,0,0,0,0,0,0,0,0,0,0,0,0,0,0,0,2,4,0,0,0,0,0,43,0,0,0,0,0,0,8,0,0,0,0,0,6,0,0,0,0,9,0,0,0,0,49,6,0,29,0,3,32,132,0,0,0,11,0,0,0,9,0,15,0,0,13,30,4,0,0,0,19,44,0,0,39,28,0,0,0,0,0,0,0,0,0,0,0,0,0,0,0,0,0,0,0,0,0,0,0,0,0,2,0,0,1346,0,0,0,1196,309,477,744,59,65,0
109,0,158,0,0,0,203,0,129,0,0,0,0,0,3,0,0,0,2,0,0,0,23,0,145,0,0,0,8,0,0,0,19,0,1,0,41,0,28,0,0,0,6,0,0,0,0,0,1,0,2,0,111,0,12,6,0,0,2,0,0,0,32,0,0,0,0,1,0,0,8,0,0,0,0,0,0,0,0,0,3,0,0,0,0,0,0,0,0,0,0,0,0,0,0,0,0,0,0,0,0,0,0,0,0,0,0,0,0,0,0,0,0,0,0,0,0,0,0,0,0,0,0,0,0,0,0,0,0,0,0,0,0,0,0,0,24,0,214,0,55,0,13,0,337,0,0,0,0,0,0,0,0,0,80,0,170,0,64,0,0,0,7,0,5,0,0,0,14,0,184,0,85,0,1,0,48,5,0,0,0,0,21,0,4,0,0,0,0,0,0,0,0,0,0,0,0,0,0,0,0,0,0,0,0,0,0,0,0,0,8,53,84,45,7,0,0,0,0,0,0,0,0,0,0
0,186,10,0,0,2,0,118,0,134,0,0,0,0,0,0,3,18,0,0,0,2,0,2,9,31,0,0,0,6,0,0,0,0,0,9,0,31,0,8,0,0,0,7,0,2,0,0,0,0,0,15,1,87,2,30,0,4,0,0,0,0,2,91,0,0,0,0,0,0,0,3,0,0,0,0,0,3,0,0,0,0,0,0,0,0,0,0,0,0,0,0,0,0,0,0,0,0,0,0,0,0,0,0,0,0,0,0,0,0,0,0,0,0,0,0,0,0,0,0,0,0,0,0,0,0,0,0,0,0,0,0,0,0,0,3,0,0,0,109,0,37,0,17,0,127,0,0,0,0,0,0,0,0,0,52,0,233,0,63,0,0,0,6,0,10,0,4,0,34,0,76,0,125,0,0,0,68,0,0,0,0,0,13,0,4,0,0,0,0,0,0,0,0,0,0,0,0,0,0,0,0,0,0,0,0,0,0,0,0,0,0,0,0,0,0,0,0,11,580,161,24,1,2,0
115,14,220,0,0,0,254,82,149,130,0,0,0,0,6,0,365,4,37,0,193,0,55,0,299,21,64,0,312,0,53,0,43,0,0,0,20,0,159,0,0,0,0,0,135,0,0,0,26,0,18,0,94,8,30,97,3,3,0,1,32,2,0,19,0,0,1,2,0,0,4,0,0,0,0,0,0,0,0,0,0,0,0,0,19,0,0,0,0,0,0,0,0,0,0,0,0,0,0,0,0,0,0,0,0,0,0,0,0,0,0,0,0,0,0,0,0,0,0,0,3,0,9,0,4,0,0,0,22,0,0,0,0,0,0,0,86,0,151,0,97,0,74,0,40,0,0,0,0,0,0,0,0,0,83,0,8,0,79,0,8,0,0,0,0,0,0,0,4,0,39,0,16,0,0,0,57,18,1,0,2,0,11,0,3,0,0,0,0,0,0,0,0,0,0,0,0,0,0,0,0,0,0,0,0,0,0,0,0,0,5,4,31,24,24,0,1,0,8,1,3,0,0,0,0
54,300,47,34,0,0,32,471,6,413,0,0,0,0,0,0,3,294,0,0,0,33,9,16,86,147,0,0,0,67,0,0,0,5,0,16,0,73,0,82,0,0,0,0,0,3,0,0,0,0,0,19,4,172,10,202,0,101,0,0,0,91,19,0,0,3,0,2,0,0,0,0,0,0,0,0,0,0,0,0,0,0,0,0,0,0,0,0,0,0,0,0,0,0,0,0,0,0,0,0,0,0,0,0,0,0,0,0,0,0,0,0,0,0,0,0,0,0,0,0,0,0,0,0,0,5,1,0,0,0,0,9,0,25,0,13,0,60,0,156,0,50,0,37,0,31,0,0,0,0,0,4,0,3,0,87,0,22,0,89,5,16,0,0,0,2,0,0,0,6,0,10,0,9,0,2,0,102,0,0,0,0,0,32,0,12,0,0,0,0,0,0,0,0,0,0,0,0,0,0,0,0,0,0,0,0,0,0,0,0,0,0,0,0,16,0,0,0,6,138,22,19,0,4,0
12,0,0,0,0,0,38,0,222,0,0,0,0,0,6,0,0,2,0,0,0,0,0,0,0,0,5,0,0,0,1,0,0,0,0,0,0,0,0,2,0,0,0,0,0,0,0,0,0,0,0,0,0,0,0,0,33,0,269,33,0,0,0,0,0,23,339,31,0,0,0,0,0,0,0,0,0,0,0,0,0,0,0,0,0,0,0,0,0,0,0,0,0,0,0,0,0,0,0,1,0,0,0,0,0,0,0,0,0,0,0,0,0,0,0,0,0,0,0,0,0,1,0,0,22,0,3,0,0,0,64,35,0,0,0,0,0,0,3,17,0,1,1,1,3,7,6,0,74,0,0,0,0,0,5,16,0,0,1,29,199,33,0,0,0,0,0,0,0,0,0,0,0,0,30,0,0,0,0,0,211,34,1,0,107,1,0,0,0,0,0,0,0,0,0,0,0,0,0,0,0,0,0,0,0,0,0,0,0,0,58,6,0,0,41,0,0,0,0,0,0,0,0,0,0
0,50,0,3,0,8,0,80,0,156,0,7,0,2,0,12,0,0,0,12,0,0,1,0,0,0,0,16,0,0,0,0,0,5,0,0,0,0,0,0,0,0,0,0,0,0,0,0,0,0,0,0,0,0,0,19,11,6,25,182,0,0,0,3,23,0,19,202,0,0,4,35,0,11,0,37,0,0,0,7,0,0,0,0,0,0,0,14,0,0,0,0,0,0,0,0,2,0,0,0,0,0,0,0,0,0,0,0,0,0,0,0,0,0,0,0,0,0,0,0,0,0,0,3,0,60,0,48,0,1,19,145,0,0,0,0,0,0,7,2,0,3,0,1,0,10,0,24,0,274,0,21,0,0,4,0,0,0,10,0,78,290,0,8,0,3,0,0,0,7,0,0,0,2,1,37,0,2,0,0,28,188,0,0,0,67,0,0,0,0,0,0,0,0,0,0,0,0,0,0,0,0,0,0,0,0,0,1,0,0,0,0,0,0,105,0,0,0,93,4,61,0,0,0,0
4,0,0,0,0,0,26,0,131,21,0,0,0,0,1,0,0,0,0,0,0,0,1,0,0,0,0,0,0,0,0,0,0,0,0,0,0,0,0,0,0,0,0,0,0,0,0,0,0,0,0,0,6,29,50,57,45,75,160,240,0,0,1,0,339,19,0,226,0,0,0,0,0,0,0,0,0,0,0,0,0,0,0,0,0,0,0,0,0,0,0,0,0,0,0,0,0,0,0,0,0,0,0,0,0,0,0,0,0,0,0,0,0,0,0,0,0,0,0,0,0,0,0,0,0,0,0,0,0,0,62,0,0,0,0,0,0,0,0,0,0,0,0,0,0,0,0,0,36,0,0,0,0,0,4,25,0,0,0,10,115,6,0,0,0,0,0,0,0,0,0,0,0,0,119,1,13,0,0,0,100,0,0,0,488,38,0,0,0,0,0,0,0,0,0,0,0,0,0,0,0,0,0,0,0,0,0,0,0,0,127,95,0,0,78,3,0,0,0,0,0,0,0,0,0
0,11,0,0,0,0,15,59,96,179,0,2,0,0,0,0,0,0,0,0,0,0,0,0,2,0,0,0,0,0,0,0,0,0,0,0,0,0,0,1,0,0,0,0,0,0,0,0,0,0,0,0,46,18,96,41,35,39,282,754,1,0,2,2,31,202,226,0,0,0,1,0,0,0,0,0,0,0,0,0,0,0,0,0,1,0,0,0,0,0,0,0,0,2,0,0,0,0,0,0,0,0,0,0,0,0,0,0,0,0,0,0,0,0,0,0,0,0,0,0,0,0,0,0,0,23,0,0,0,0,0,140,0,0,0,0,0,0,0,0,0,0,0,0,6,0,0,0,0,62,0,0,0,0,39,2,6,0,6,0,14,185,0,0,0,0,0,1,0,0,0,0,0,0,17,92,8,0,0,0,14,71,0,0,44,208,0,0,0,0,0,0,0,0,0,0,0,0,0,0,0,0,0,0,0,0,0,0,0,0,1,3,0,0,166,0,0,0,226,74,0,0,0,2,0
0,0,2,0,0,0,0,0,0,0,0,0,0,0,0,0,2,0,0,0,0,0,0,0,2,0,0,0,0,0,0,0,0,0,0,0,0,0,0,0,0,0,0,0,16,0,0,0,59,0,0,0,0,0,0,0,0,0,2,0,0,0,0,0,0,0,0,0,0,0,0,0,21,0,2,0,140,0,56,0,10,0,63,0,9,0,20,0,16,0,0,0,36,0,23,0,16,0,6,0,8,0,254,0,38,0,0,0,83,0,21,0,9,0,6,0,7,0,2,0,0,0,0,0,3,0,0,0,0,0,3,0,0,0,0,0,0,0,0,0,7,0,0,0,0,0,5,4,0,3,9,0,0,0,0,0,0,0,0,0,0,0,0,0,17,0,0,0,170,0,2,0,0,0,2,0,0,1,0,0,0,0,0,0,1,0,0,0,59,0,33,0,38,0,25,0,0,0,0,0,0,0,0,0,49,0,0,0,0,0,75,36,133,0,8,42,221,14,0,0,0,0,0,0,0
0,0,0,1,0,1,0,4,0,7,0,0,0,0,0,0,0,0,0,0,0,0,0,0,0,0,0,2,0,0,0,0,0,0,0,0,0,0,0,0,0,0,0,0,0,9,0,0,0,10,0,1,0,0,0,13,0,10,0,10,0,0,0,0,0,0,0,0,0,0,0,0,0,0,0,0,0,37,0,0,0,14,0,17,0,0,0,16,0,3,0,0,0,7,0,35,0,0,0,0,0,0,0,42,0,0,0,0,0,32,0,0,0,2,0,0,0,20,0,0,0,0,0,0,0,0,0,2,0,0,0,4,0,0,0,0,0,0,0,0,0,0,0,0,0,0,0,0,0,0,0,7,0,1,0,0,0,1,0,5,0,6,0,0,0,17,0,0,0,38,0,2,0,1,0,0,0,7,0,0,0,2,0,0,0,0,0,2,0,28,0,0,0,0,0,14,0,0,0,9,0,0,0,0,0,8,0,0,0,0,0,0,0,0,4,0,0,0,16,26,80,10,2,127,1
4,0,0,0,0,0,2,1,1,0,0,0,0,0,0,0,0,0,0,0,16,0,0,0,0,0,0,0,7,0,0,0,12,0,0,0,70,0,42,0,0,0,23,0,109,0,0,0,0,0,36,0,4,0,0,0,0,0,0,0,8,0,4,0,0,4,0,1,0,0,0,1,345,0,294,0,0,0,305,0,62,0,0,0,9,0,138,7,0,0,0,0,0,0,0,3,0,0,16,1,0,2,0,0,0,0,0,0,0,0,0,0,0,0,0,0,0,0,0,0,75,0,6,0,52,0,59,0,15,0,68,12,69,0,20,0,39,0,28,0,105,0,21,4,200,0,37,15,48,16,63,0,36,0,0,1,0,0,6,0,30,3,44,0,0,0,25,0,75,0,38,0,36,0,30,0,0,0,0,0,52,6,4,0,23,0,0,0,0,0,0,0,0,0,0,0,0,0,0,0,0,0,0,0,0,0,0,0,70,0,36,0,32,0,15,0,0,0,0,0,0,0,0,0,0
0,0,0,0,0,0,0,0,0,0,0,0,0,0,0,0,0,0,0,0,0,4,0,0,0,1,0,0,0,0,0,0,0,0,0,0,0,0,0,0,0,0,0,11,0,16,0,0,0,0,0,32,0,0,0,0,0,0,0,0,0,3,0,0,0,35,0,0,0,0,1,0,0,144,0,332,0,5,0,22,1,7,0,0,0,0,0,107,0,0,0,0,0,0,0,0,0,0,0,2,0,0,0,0,0,0,0,0,0,0,0,0,0,0,0,0,0,0,0,0,0,13,0,8,0,87,0,37,0,39,10,88,0,47,0,0,1,0,0,18,6,31,0,0,0,155,0,0,4,91,8,0,0,16,0,0,0,0,0,0,0,0,0,55,0,0,0,0,0,12,0,20,0,14,0,0,0,0,0,0,10,45,0,0,0,18,0,0,0,0,0,0,0,0,0,0,0,0,0,0,3,0,0,0,0,0,0,0,0,0,3,0,0,0,6,0,0,0,43,7,19,1,0,0,0
0,0,0,0,0,0,3,0,0,0,0,0,0,0,0,0,0,0,0,0,0,0,0,0,0,0,0,0,0,0,0,0,0,0,0,0,0,0,0,0,0,0,10,0,9,0,0,0,3,0,7,0,4,0,4,0,0,0,0,0,0,0,0,0,0,0,0,0,21,0,345,0,0,0,124,0,50,0,282,0,9,0,25,1,0,0,17,0,0,0,0,0,0,0,2,0,0,0,0,0,0,0,2,0,0,0,0,2,3,0,0,0,0,0,0,0,0,0,0,0,25,0,3,0,81,0,88,0,13,0,25,0,85,0,81,0,54,5,39,0,96,0,48,0,114,0,35,0,0,0,85,1,0,0,0,0,2,0,0,0,5,0,112,0,7,0,0,0,65,0,25,0,7,0,0,0,0,0,0,0,13,0,0,0,0,0,0,0,0,0,0,0,0,0,0,0,0,0,0,1,0,0,0,0,0,0,0,0,149,0,111,8,80,0,26,0,5,0,5,0,0,0,0,0,0
0,1,0,0,0,0,0,0,0,0,0,1,0,0,0,0,0,0,0,0,0,0,0,0,0,0,0,0,0,0,0,0,0,0,0,0,0,0,0,0,0,0,0,0,0,0,0,0,0,3,0,5,0,0,0,0,0,0,0,0,0,0,0,0,0,11,0,0,0,0,0,144,0,0,0,254,0,101,0,33,0,5,0,7,0,0,0,162,0,3,0,0,0,0,0,0,1,0,0,0,0,0,0,2,0,0,0,0,0,4,0,0,0,0,0,0,0,3,0,0,0,11,0,4,0,40,16,0,2,0,0,54,0,34,0,69,5,0,0,7,0,18,6,0,0,58,0,20,0,41,0,0,0,0,0,0,0,0,0,0,0,6,0,63,0,0,0,0,0,24,0,10,0,4,0,2,0,0,0,0,11,0,0,0,0,0,0,0,0,0,0,0,0,0,0,0,0,0,0,0,0,0,0,0,0,0,0,0,0,71,0,0,0,0,18,0,0,0,128,1,11,0,1,1,0
2,0,15,0,0,0,0,0,0,0,0,0,0,0,0,0,0,0,0,0,0,0,6,0,0,0,0,0,10,0,0,0,0,0,10,0,61,0,36,0,0,0,0,0,95,0,0,0,0,0,35,0,6,0,0,0,0,0,0,0,0,0,0,0,0,0,0,0,2,0,294,0,124,0,0,0,0,0,251,0,71,9,21,0,22,0,109,0,0,0,0,1,0,0,13,0,5,0,26,0,0,4,0,0,0,0,0,0,0,0,0,0,0,0,0,0,0,0,0,0,92,0,35,0,98,46,0,0,20,0,72,25,34,0,73,0,27,33,17,0,84,0,80,4,183,0,56,23,53,36,37,0,68,12,1,0,0,0,3,0,13,0,33,0,0,0,15,0,42,0,15,0,18,0,28,0,0,0,0,0,75,15,0,0,0,0,0,0,0,0,0,0,0,0,0,0,0,0,0,0,13,0,52,0,0,0,0,0,97,0,17,3,0,6,7,0,1,0,8,0,21,0,0,0,0
0,1,0,0,0,0,0,0,0,0,0,0,0,0,0,0,0,7,0,0,0,0,0,0,0,0,0,0,0,7,0,0,0,0,0,2,0,0,0,0,0,0,0,0,0,12,0,0,0,3,0,0,0,0,0,0,0,0,0,0,0,0,0,0,0,37,0,0,0,0,0,332,0,254,0,0,0,12,0,59,0,21,0,0,0,30,0,191,0,0,0,0,0,0,0,0,3,0,0,6,0,2,0,0,0,0,0,0,0,0,0,0,0,0,0,0,0,0,0,0,0,168,0,26,21,108,0,82,11,0,0,62,6,58,0,70,0,19,4,11,0,58,0,59,1,221,0,58,0,158,0,55,6,40,0,0,0,0,0,2,3,0,0,46,0,0,0,5,3,18,0,13,0,14,1,8,0,0,0,0,20,97,0,0,0,14,0,0,0,0,0,0,0,0,0,0,0,0,0,47,0,39,0,50,0,4,0,17,0,61,0,0,0,0,7,0,0,0,76,3,8,0,0,1,0
0,0,0,0,0,0,0,0,0,0,0,0,0,0,0,0,0,0,0,0,0,0,0,0,0,0,0,0,0,0,0,0,0,0,0,0,0,0,0,0,0,0,0,0,0,0,0,0,0,0,0,0,0,0,0,0,0,0,0,0,0,0,0,0,0,0,0,0,140,0,0,0,50,0,0,0,0,0,132,0,0,0,46,0,15,0,20,0,0,0,5,0,62,0,14,0,0,0,2,0,4,0,69,0,0,0,0,0,27,0,4,0,0,0,3,0,8,0,0,0,6,0,0,0,0,0,0,0,0,0,0,2,3,0,0,0,0,0,4,0,8,0,0,0,0,0,0,5,0,0,4,0,2,0,0,0,0,0,0,0,0,0,0,0,3,0,0,0,29,0,0,0,0,0,0,0,0,0,0,0,0,0,0,0,0,0,0,0,28,0,15,0,0,0,0,0,0,0,0,0,0,0,48,0,28,0,0,0,0,0,48,0,78,0,8,11,25,0,0,0,0,0,0,0,0
0,0,0,0,0,3,0,4,0,5,0,0,0,0,0,0,0,0,0,0,0,0,0,0,0,0,0,0,0,0,0,0,0,0,0,0,0,0,0,1,0,0,0,0,0,4,0,0,0,6,0,0,0,1,0,0,0,0,0,3,0,3,0,0,0,0,0,0,0,37,0,5,0,101,0,12,0,0,0,2,0,59,0,82,0,0,0,159,0,3,0,0,0,24,0,66,0,0,0,0,0,8,0,63,0,0,0,0,0,59,0,0,0,4,0,2,0,65,0,0,0,0,0,2,0,0,0,0,0,0,0,10,0,0,0,0,0,0,0,0,0,0,4,0,0,4,0,0,0,0,0,0,0,0,0,2,0,0,0,1,0,0,0,14,0,9,0,0,0,131,0,0,0,3,0,0,0,0,0,0,0,8,0,0,0,0,0,1,0,32,0,0,0,0,0,0,0,0,0,0,0,0,0,25,0,15,0,0,3,0,0,0,0,0,18,0,0,0,53,9,93,0,8,13,0
0,0,0,0,0,0,0,0,0,0,0,0,0,0,2,0,0,0,0,0,0,0,0,0,0,0,0,0,0,0,0,0,0,0,0,0,0,0,3,0,0,0,0,0,25,0,0,0,4,0,1,0,2,0,0,0,0,0,0,0,0,0,0,0,0,0,0,0,56,0,305,0,282,0,251,0,132,0,0,0,24,0,135,0,14,0,83,0,2,0,7,0,46,0,18,0,8,0,7,0,5,0,42,0,21,0,10,0,9,0,0,0,0,0,2,0,0,0,1,0,75,0,0,0,0,0,0,0,17,0,18,0,0,0,78,0,0,5,0,0,63,0,99,0,28,1,0,0,0,0,66,0,0,3,0,0,0,0,0,0,0,0,13,6,0,0,0,0,27,0,4,0,4,0,0,0,0,0,0,0,0,0,0,0,6,0,0,0,20,0,24,0,64,0,5,0,0,0,25,0,0,0,175,0,60,0,0,0,135,1,217,7,89,5,49,15,10,0,0,0,0,0,0,0,0
