0,253,77,92,30,0,7,25,38,0,96,4,112,0,17,47,66,19,26,0,20,0,74,65,34,86,18,0,45,3,19,0,83,0,0,0,80,2,319,5,27,0,1,0,0,0,2,0,7,0,5,0,0,0,2,3,3,0,0,0,61,3,44,8,7,0,7,0,0,0,0,0,0,0,0,0,0,0,0,0,0,0,0,0,0,0,0,0,1,0,0,0,0,0,0,0,0,0,0,0,0,0,0,0,0,0,0,0,0,0,0,0,0,0,0,0,0,0,0,0,0,0,0,0,0,0,3,0,0,0,4,0,2,0,0,0,0,0,0,0,0,0,0,0,0,0,8,0,8,0,8,0,7,0,2,0,0,0,0,0,0,0,2,0,9,0,0,0,0,0,18,0,156,0,9,0,140,55,5,0,22,0,1,2,36,0,1,0,0,0,0,0,0,0,0,0,0,0,0,0,0,0,0,0,0,0,0,0,0,0,18,0,0,0,43,0,2,0,12,0,65,4,27,0,33,0,139,6,194,3,127,0,169,6,17,2,52,12,74,0,21,0,66,0,492,0,0,0,0
253,0,189,165,7,198,91,25,68,30,9,160,5,93,10,107,105,87,0,88,0,13,349,111,175,42,0,61,0,174,0,27,0,17,0,0,0,60,6,275,1,27,0,0,0,5,0,10,0,5,0,1,0,34,0,25,0,0,0,0,0,219,19,351,0,7,0,12,0,0,0,0,0,0,0,0,0,0,0,0,0,0,0,0,0,0,0,0,0,0,0,2,0,0,0,0,0,0,0,0,0,0,0,0,0,0,0,0,0,0,0,0,0,0,0,0,0,0,0,0,0,0,0,4,0,8,0,0,0,0,0,9,0,0,0,0,0,8,0,0,0,0,0,0,0,1,0,0,0,27,0,0,0,35,0,4,0,5,0,0,0,6,0,3,2,8,0,0,0,4,0,25,5,20,0,2,30,320,0,15,2,24,0,118,0,51,0,4,0,0,0,0,0,0,0,0,0,3,0,0,0,0,0,0,0,0,0,2,0,7,1,46,0,14,5,89,0,0,0,18,0,305,1,70,1,45,3,150,6,217,4,238,5,623,3,45,3,69,5,96,1,27,2,0,6,432,0,0,0
77,189,0,65,148,53,27,9,14,0,44,57,102,0,260,45,62,12,66,0,80,0,423,51,49,49,26,0,69,0,60,0,211,5,1,0,82,0,262,11,19,0,0,0,0,0,0,0,14,0,13,0,0,0,45,0,10,0,8,0,32,0,36,12,17,0,27,0,0,0,0,0,0,0,0,0,0,0,0,0,0,0,0,0,0,0,0,0,0,0,0,0,0,0,0,0,0,0,0,0,0,0,0,0,0,0,0,0,0,0,0,0,0,0,2,0,0,0,0,0,0,0,0,0,41,0,14,0,5,0,55,0,11,0,63,0,19,0,0,0,0,0,0,0,0,0,64,0,73,0,28,0,40,0,0,0,0,0,0,0,20,0,0,0,13,0,52,0,3,0,13,0,122,0,0,0,69,46,0,3,11,0,4,2,44,0,0,0,0,0,0,0,0,0,0,0,5,0,7,0,0,0,0,0,5,0,0,0,30,0,20,0,0,0,50,0,3,0,0,0,85,4,35,0,44,0,78,8,265,0,89,0,177,0,11,0,29,0,51,0,19,0,40,0,409,0,0,0,0
92,165,65,0,14,68,10,73,19,32,8,6,0,12,7,240,40,37,0,110,0,53,141,177,25,155,0,16,0,139,0,39,0,81,0,1,0,31,0,198,0,4,0,0,0,0,0,0,0,0,0,2,0,0,0,44,0,0,0,0,1,66,7,63,0,0,0,3,0,0,0,2,0,0,0,0,0,0,0,0,0,0,0,0,0,2,1,0,0,0,0,0,0,0,0,0,0,0,0,0,0,0,0,1,0,0,0,0,0,0,0,0,0,0,0,0,0,0,0,0,0,0,0,0,0,37,0,9,0,2,0,39,0,4,0,31,0,29,0,0,0,0,0,0,0,0,0,10,0,32,0,26,3,0,0,11,0,0,0,0,0,13,0,0,0,6,0,3,0,6,0,14,0,23,0,0,5,33,0,8,0,0,0,9,0,0,0,0,0,0,0,0,0,0,0,0,0,0,0,4,0,12,0,0,0,0,0,0,0,34,0,13,0,9,0,31,0,0,0,0,0,155,0,0,1,18,0,44,0,124,0,35,0,221,0,19,0,23,0,11,0,0,0,0,0,77,0,0,0
30,7,148,14,0,139,0,0,27,0,61,84,141,66,185,52,18,0,117,55,185,12,81,5,0,3,26,24,5,0,140,0,124,0,83,10,139,3,12,5,7,0,8,0,0,0,0,0,9,0,59,0,7,0,0,0,5,0,0,0,0,0,0,0,3,0,3,0,0,0,0,0,0,0,0,0,0,0,0,0,0,0,0,0,0,0,0,0,0,0,0,0,0,0,0,0,0,0,0,0,0,0,0,0,0,0,0,0,0,0,0,0,0,0,0,0,0,0,0,0,0,0,0,0,0,0,0,0,0,0,2,0,0,0,0,0,0,0,0,0,0,0,0,0,0,0,11,0,23,0,0,0,19,0,0,0,0,0,0,0,5,0,0,0,63,0,34,0,10,0,5,0,11,0,0,0,61,22,14,5,11,0,9,1,28,0,0,6,0,0,0,0,0,0,0,0,0,0,0,0,0,0,0,0,0,0,0,0,2,0,0,0,0,0,4,0,0,0,10,0,24,0,20,0,85,0,147,3,164,0,54,3,0,0,14,0,38,6,27,0,10,0,24,0,168,0,0,0,0
0,198,53,68,139,0,0,4,0,20,96,196,46,182,357,195,6,3,10,204,80,151,159,59,0,5,0,105,0,12,10,147,15,143,3,59,22,140,0,45,1,50,0,0,0,2,0,13,0,2,0,5,0,0,0,8,0,6,0,0,0,0,0,5,0,0,0,8,0,0,0,2,0,0,0,1,0,0,0,0,0,0,0,0,0,0,0,10,0,4,0,2,0,0,0,0,0,0,0,0,0,0,0,0,0,0,0,0,0,0,0,0,0,0,0,0,0,0,0,0,0,11,0,0,0,7,0,0,0,0,0,0,0,0,0,0,0,0,0,0,0,0,0,6,0,0,0,0,0,13,0,16,0,19,0,0,0,0,0,0,1,3,0,0,0,0,0,13,0,14,0,10,0,16,0,16,25,203,1,37,0,77,2,16,0,26,0,0,0,0,0,0,0,1,0,0,0,0,0,0,0,0,0,0,0,0,0,0,0,0,2,0,0,0,0,4,0,0,0,19,0,166,0,29,0,64,14,136,0,181,0,74,0,208,0,9,0,47,0,11,0,6,0,0,0,88,0,0,0
7,91,27,10,0,0,0,58,62,58,2,0,3,0,1,0,8,23,0,0,0,0,13,0,230,83,0,0,14,0,0,0,0,0,0,0,6,0,40,0,0,0,0,0,0,1,0,0,2,0,0,0,44,7,134,31,9,0,16,0,190,7,325,19,5,0,16,0,0,0,0,0,0,0,0,0,0,0,1,0,0,0,0,0,0,0,0,0,0,0,0,0,0,0,1,0,0,0,0,0,0,0,0,0,0,0,0,0,0,0,0,0,0,0,0,0,0,0,0,0,0,0,5,0,30,0,0,0,5,0,53,0,15,0,13,0,2,0,3,0,0,0,0,0,0,0,21,0,31,0,26,0,0,0,0,0,2,0,0,0,18,0,0,0,0,0,2,1,10,0,83,0,149,0,0,0,10,36,0,1,0,0,0,2,4,0,0,0,0,0,0,0,0,0,0,0,0,0,0,0,3,0,0,0,3,0,2,0,21,0,0,0,16,0,179,0,0,0,13,1,112,0,27,0,48,0,96,0,139,0,80,0,174,2,0,0,29,0,100,0,46,0,28,0,453,2,0,0,0
25,25,9,73,0,4,58,0,200,59,0,4,1,1,0,21,15,24,0,0,0,5,13,10,153,178,0,0,0,41,0,0,0,0,0,0,0,0,0,17,0,0,0,0,0,0,0,0,0,3,0,0,31,85,46,357,0,23,0,17,0,114,123,343,0,14,10,9,0,0,0,0,0,0,0,0,0,0,0,0,0,0,0,0,0,0,0,0,0,0,0,0,0,0,0,0,0,0,0,0,0,0,0,0,0,0,0,0,0,0,0,0,0,0,0,0,0,0,0,0,0,0,0,0,0,56,0,0,0,0,0,77,0,8,0,7,1,20,0,4,0,0,0,0,0,0,0,0,0,22,0,13,0,0,0,33,0,12,0,9,0,54,0,0,0,0,0,0,0,4,0,16,0,6,0,0,10,60,0,0,0,0,0,18,0,4,0,0,0,0,0,0,0,0,0,0,0,0,0,3,0,0,0,0,0,0,0,12,0,19,2,41,0,20,0,199,0,5,0,10,0,260,0,95,0,58,10,24,0,217,2,59,0,441,0,54,0,15,7,47,0,12,2,0,0,232,0,0,0
38,68,14,19,27,0,62,200,0,302,43,0,46,0,29,4,51,29,29,0,0,0,9,1,147,141,10,0,0,0,0,0,0,0,0,0,12,0,17,0,19,0,3,0,0,0,0,0,6,0,0,0,193,51,190,291,9,47,20,0,178,0,530,26,29,0,114,25,0,0,0,0,0,0,0,0,0,0,0,0,0,0,1,0,0,0,0,0,0,0,0,0,0,0,0,0,0,0,0,0,0,0,0,0,0,0,0,0,0,0,0,0,0,0,0,0,0,0,2,0,2,0,0,0,15,0,6,0,0,0,25,0,0,0,0,0,1,0,0,0,0,0,0,0,0,0,24,0,44,0,19,0,20,0,28,5,22,2,0,0,13,0,0,0,0,0,0,0,20,0,173,0,95,0,4,0,95,94,0,0,10,0,7,15,78,29,0,0,0,0,0,0,0,0,2,0,0,0,2,0,0,0,0,0,0,0,0,0,2,0,16,0,7,0,202,0,0,0,15,0,85,5,38,0,66,0,225,2,201,6,70,0,151,9,43,0,15,0,92,0,61,0,58,0,464,8,0,0,0
0,30,0,32,0,20,58,59,302,0,0,3,0,13,1,26,1,22,0,35,0,0,3,0,89,16,0,21,0,0,0,0,0,0,0,0,0,0,0,0,0,2,0,0,0,0,0,0,0,0,0,0,81,190,166,206,0,83,60,90,13,32,90,292,2,55,87,167,0,0,0,0,0,0,0,0,0,0,0,0,0,0,0,0,0,1,0,0,0,0,0,0,0,0,0,0,0,0,0,0,0,0,0,0,0,0,0,0,0,0,0,0,0,0,0,0,0,0,0,0,0,0,0,0,0,97,0,12,0,1,0,59,0,0,0,0,0,4,0,0,0,0,0,0,0,0,0,75,0,112,0,67,0,27,3,50,0,37,0,13,0,32,0,0,0,0,0,0,0,0,14,0,4,0,0,2,53,242,0,0,0,0,0,34,6,187,0,0,0,0,0,0,0,0,0,0,0,2,0,4,0,4,0,0,0,0,0,8,0,33,0,6,0,4,10,185,0,0,0,8,4,270,0,31,3,26,12,17,9,140,2,31,0,283,0,77,1,7,0,58,2,20,0,4,13,256,0,0,0
96,9,44,8,61,96,2,0,43,0,0,48,305,11,71,53,22,0,24,21,99,1,25,5,0,0,23,4,2,2,98,3,153,5,16,0,147,7,24,0,46,0,6,0,0,0,0,0,13,0,6,0,0,0,2,0,0,0,0,0,0,0,3,0,1,0,0,0,0,0,0,0,0,0,0,0,0,0,0,0,0,0,0,0,0,0,0,0,0,0,0,0,0,0,0,0,0,0,1,0,2,0,0,0,0,0,0,0,0,0,0,0,0,0,0,0,0,0,0,0,0,0,0,0,1,0,0,0,0,0,0,0,0,0,0,0,0,0,0,0,0,0,0,0,3,0,0,0,5,0,2,0,12,0,1,0,0,0,1,0,1,0,0,0,23,0,20,0,0,0,0,0,8,0,34,0,62,10,11,0,33,0,10,0,24,0,4,0,0,0,0,0,0,0,0,0,0,0,0,0,0,0,0,0,0,0,0,0,0,0,0,0,0,0,0,0,0,0,5,0,20,4,15,0,28,0,124,0,149,4,55,0,31,0,0,0,25,10,22,0,8,0,22,1,198,0,0,0,0
4,160,57,6,84,196,0,4,0,3,48,0,13,220,199,70,9,15,0,87,45,75,212,53,0,1,0,99,0,18,11,81,0,92,0,27,11,68,3,63,2,114,0,4,0,0,0,15,0,0,0,10,0,3,0,1,0,0,0,0,0,12,0,5,0,0,0,3,0,0,0,5,0,0,0,0,0,0,0,0,0,0,0,0,0,0,0,0,0,0,0,2,0,0,0,0,0,0,0,0,0,0,0,0,0,0,0,0,0,0,0,0,0,0,0,0,0,0,0,0,0,0,0,3,0,0,0,0,0,0,0,0,0,0,0,0,0,0,0,0,0,0,0,11,0,7,0,0,0,0,0,19,0,45,0,0,0,0,0,0,0,0,0,0,0,0,4,0,0,0,0,4,0,6,0,17,16,258,0,116,0,116,0,54,0,32,0,27,0,0,0,0,0,0,0,0,0,0,0,0,0,0,0,0,0,0,0,0,0,0,0,0,0,3,0,0,0,1,0,22,0,96,0,11,0,49,0,86,15,70,2,67,2,133,0,8,0,0,0,9,0,0,0,0,15,49,0,0,0
112,5,102,0,141,46,3,1,46,0,305,13,0,206,54,7,0,0,172,196,145,54,27,3,0,0,149,304,0,0,39,4,11,5,128,27,64,16,3,1,195,80,170,39,18,4,6,39,28,0,276,28,0,0,0,0,2,0,0,0,1,0,0,0,4,0,3,0,0,0,0,0,0,0,0,0,1,0,0,0,0,0,0,0,0,0,0,0,0,0,0,0,0,0,0,0,0,0,0,0,0,0,0,0,0,0,0,0,0,0,0,0,0,0,0,0,0,0,0,0,0,0,0,0,1,0,0,0,0,0,2,0,0,0,0,0,0,0,0,0,8,0,0,0,0,0,2,0,0,0,0,0,18,0,0,0,0,0,0,0,4,0,0,0,88,0,9,0,0,0,3,0,0,0,36,0,105,64,48,0,43,0,11,0,33,0,37,16,0,0,0,0,0,0,0,0,0,0,0,0,0,0,0,0,0,0,0,0,0,0,0,0,1,0,0,0,0,0,76,13,12,0,17,11,240,0,125,0,96,4,26,2,0,2,0,0,0,0,17,0,0,0,11,0,38,0,0,0,0
0,93,0,12,66,182,0,1,0,13,11,220,206,0,183,14,0,0,176,237,183,186,0,0,0,0,69,233,0,0,14,48,0,38,52,165,19,171,0,0,8,286,16,37,2,8,2,65,0,7,44,88,0,0,0,0,0,0,0,0,0,0,0,0,0,0,0,5,0,0,0,3,0,0,0,0,0,0,0,0,0,0,0,0,0,0,0,0,0,0,0,0,0,0,0,0,0,0,0,0,0,0,0,0,0,0,0,0,0,0,0,0,0,0,0,0,0,0,0,0,0,0,0,0,0,0,0,0,0,0,0,0,0,0,0,0,0,0,0,0,0,2,0,3,0,3,0,0,0,0,0,0,0,11,0,0,0,0,0,0,0,0,0,1,0,12,0,3,0,0,0,0,0,0,0,4,8,229,2,91,0,30,0,14,0,15,3,69,0,0,0,0,0,0,0,0,0,0,0,0,0,0,0,0,0,1,0,0,0,0,0,6,0,0,0,1,0,0,6,69,0,41,0,25,25,133,0,55,0,108,0,38,0,76,0,0,0,19,0,0,1,5,0,0,0,20,0,0,0
17,10,260,7,185,357,1,0,29,1,71,199,54,183,0,113,16,1,300,185,180,37,239,4,4,0,71,35,0,0,145,52,80,29,52,33,152,24,0,0,0,0,6,0,8,0,0,0,9,1,20,0,2,0,0,0,0,0,0,0,0,0,0,0,5,0,0,0,0,0,3,0,0,0,0,0,0,0,0,0,0,0,0,0,0,0,0,2,0,0,0,0,0,0,2,0,0,0,0,0,0,0,0,0,0,0,0,0,0,0,0,0,0,0,0,0,0,0,0,0,0,0,9,0,0,0,0,0,0,0,0,0,0,0,25,0,21,0,0,0,0,0,0,0,0,0,8,0,27,0,12,0,31,0,6,0,0,0,0,0,0,0,0,0,0,0,38,0,0,0,0,0,6,0,0,0,49,53,16,14,19,0,3,0,56,0,0,6,0,0,0,0,0,0,0,0,0,0,0,0,0,0,0,0,0,0,3,0,0,0,0,0,0,0,4,0,0,0,0,0,22,0,0,0,39,0,142,0,89,0,24,0,17,0,0,0,15,0,9,0,6,0,10,0,90,0,0,0,0
47,107,45,240,52,195,0,21,4,26,53,70,7,14,113,0,28,20,0,309,16,158,125,156,4,45,0,59,0,17,0,94,0,113,0,13,4,76,1,79,0,0,0,3,0,4,0,0,0,0,0,3,0,3,0,21,0,4,0,0,0,7,0,17,0,25,0,26,0,0,0,0,0,0,0,1,0,0,0,0,0,5,0,0,0,0,0,0,0,0,0,0,0,0,0,0,0,9,0,0,0,1,0,0,0,0,0,0,0,0,0,0,0,0,0,0,0,0,0,0,0,0,0,3,0,35,0,6,0,0,0,31,0,0,0,55,0,76,0,9,0,4,0,6,0,0,0,0,0,49,0,35,2,19,0,19,0,0,0,0,0,12,0,0,0,0,0,8,0,11,0,5,0,18,0,0,6,38,1,85,0,34,0,5,0,71,0,2,0,0,0,0,0,0,0,0,0,6,0,4,0,21,0,0,0,0,0,13,0,37,0,0,0,0,1,0,0,0,0,4,0,122,0,24,0,49,2,101,9,160,3,55,0,157,0,8,0,16,0,0,0,8,0,5,0,56,0,0,0
66,105,62,40,18,6,8,15,51,1,22,9,0,0,16,28,0,11,57,0,228,0,112,45,63,36,20,0,246,1,128,0,100,0,10,0,19,0,281,6,0,0,0,0,0,0,0,0,0,0,14,0,54,0,33,0,39,0,3,0,34,7,490,12,4,0,0,0,0,0,28,0,8,0,11,0,0,0,0,0,94,0,0,0,77,0,69,0,0,0,128,0,0,0,0,0,46,0,203,0,42,0,0,0,0,0,93,0,0,0,0,0,0,0,0,0,0,0,0,0,89,0,161,0,2,0,0,0,29,0,4,0,12,0,37,0,233,0,118,0,182,0,298,0,18,0,0,0,0,0,0,0,2,0,180,0,0,0,90,0,44,0,0,0,0,0,3,0,0,0,15,0,73,0,0,0,15,7,1,0,6,0,2,0,2,0,0,0,0,0,0,0,0,0,0,0,0,0,0,0,17,0,0,0,0,0,0,0,15,0,0,0,7,0,39,0,0,0,14,0,44,6,18,0,28,1,73,5,106,0,22,0,0,0,16,0,5,0,24,0,12,0,11,0,128,5,0,0,0
19,87,12,37,0,3,23,24,29,22,0,15,0,0,1,20,11,0,0,14,0,63,22,64,40,25,0,7,0,100,0,51,0,30,0,10,0,5,0,85,0,0,0,2,0,2,0,0,0,0,0,0,0,23,1,56,0,24,0,0,0,43,11,291,0,0,0,0,0,0,0,7,0,0,0,0,0,0,0,0,0,36,0,0,0,47,0,17,0,3,0,25,0,2,0,11,0,22,0,43,0,0,0,0,0,0,0,43,0,0,0,0,0,0,0,0,0,0,0,0,0,13,0,9,0,0,0,0,0,17,0,0,0,19,0,109,0,129,0,30,0,20,0,43,0,1,0,0,0,0,0,0,0,0,0,44,0,0,0,24,0,18,0,0,0,0,0,0,0,1,0,1,0,2,0,0,0,27,0,26,0,0,0,0,0,0,0,0,0,0,0,0,0,0,0,0,0,0,0,0,0,28,0,0,0,0,0,6,0,7,0,7,0,0,1,1,0,1,0,2,0,24,1,0,0,5,0,20,2,32,0,0,1,36,0,3,0,0,0,4,0,1,0,0,0,20,0,0,0
26,0,66,0,117,10,0,0,29,0,24,0,172,176,300,0,57,0,0,92,326,42,201,0,6,0,159,188,15,0,30,0,4,0,154,16,45,16,3,0,7,41,50,22,18,3,11,15,0,0,243,27,0,0,0,0,0,0,0,0,0,0,0,0,0,0,0,0,0,0,16,0,0,0,6,0,0,0,0,0,0,0,0,0,0,0,0,0,0,0,0,0,0,0,0,0,0,0,0,0,0,0,0,0,0,0,0,0,0,0,0,0,0,0,0,0,0,0,0,0,0,0,0,0,0,0,0,0,0,0,0,0,0,0,0,0,0,0,0,0,0,0,0,0,8,0,0,0,9,0,0,0,17,0,0,0,0,0,0,0,0,0,0,0,85,0,0,0,0,0,5,0,5,0,5,0,40,14,5,0,12,0,7,0,24,0,1,19,0,0,0,0,0,0,0,0,0,0,0,0,0,0,0,0,0,0,0,0,0,0,0,0,0,0,2,0,0,0,46,0,0,1,12,3,144,0,53,0,64,0,0,0,0,0,0,0,0,3,0,0,0,0,0,0,0,0,0,0,0
0,88,0,110,55,204,0,0,0,35,21,87,196,237,185,309,0,14,92,0,119,324,3,84,0,29,26,175,0,9,15,58,5,13,41,144,15,55,0,0,0,37,9,20,0,17,0,15,0,4,33,85,0,0,0,10,2,0,1,0,0,0,0,0,0,21,0,20,0,0,0,0,0,0,0,0,0,0,0,0,0,0,0,0,0,0,0,0,0,0,0,0,0,0,0,0,0,6,0,0,0,4,0,0,0,0,0,0,0,0,0,0,0,0,0,0,0,0,0,0,0,0,0,14,0,0,0,0,1,0,0,0,0,0,0,41,0,0,0,12,0,0,1,38,0,18,0,13,0,33,0,0,0,0,0,0,0,0,0,0,0,0,0,0,0,0,0,3,0,10,0,1,0,8,0,0,8,57,0,15,0,0,0,0,0,33,0,16,0,0,0,0,0,0,0,0,0,0,0,0,0,0,0,0,0,0,0,0,0,29,0,0,0,0,0,0,0,0,0,42,3,51,1,15,0,93,0,60,0,90,0,25,0,56,0,0,0,18,0,6,0,0,0,2,0,27,0,0,0
20,0,80,0,185,80,0,0,0,0,99,45,145,183,180,16,228,0,326,119,0,37,141,0,8,0,95,133,54,0,79,0,37,5,52,22,64,0,5,0,0,42,40,12,24,0,0,0,10,0,86,6,0,0,18,0,17,0,0,0,0,0,74,0,3,0,0,0,0,0,32,0,0,0,14,0,0,0,0,0,69,0,0,0,42,0,52,0,0,0,0,0,0,0,0,0,0,0,144,0,0,0,0,0,0,0,0,0,0,0,0,0,0,0,0,0,0,0,0,0,98,0,115,0,0,0,0,0,0,0,0,0,3,0,17,0,71,0,51,0,87,0,102,0,32,0,4,0,0,0,0,0,0,0,33,0,0,0,0,0,17,0,4,0,85,1,65,0,17,0,0,0,21,0,0,0,40,16,8,0,0,0,4,0,0,0,1,24,0,0,0,0,0,0,0,0,0,0,0,0,0,0,0,0,0,0,0,0,0,0,8,0,0,0,0,0,3,0,32,0,32,0,21,0,88,0,132,0,173,0,39,0,25,0,10,0,24,0,17,0,10,0,19,0,132,0,0,0,0
0,13,0,53,12,151,0,5,0,0,1,75,54,186,37,158,0,63,42,324,37,0,2,88,0,32,0,129,0,33,0,27,0,29,0,61,0,71,0,25,3,14,0,63,0,46,0,1,0,2,5,34,0,0,0,22,0,19,0,9,0,0,0,33,0,3,0,2,0,0,0,26,0,0,0,0,0,0,0,0,0,44,0,0,0,71,0,35,0,0,0,0,0,0,0,5,0,13,0,0,0,0,0,0,0,0,0,0,0,0,0,0,0,0,0,0,0,0,0,0,0,0,0,33,0,0,0,0,0,0,0,0,0,0,0,77,0,87,0,42,0,38,0,88,0,34,0,0,0,0,0,0,0,8,0,34,0,0,0,16,0,0,0,0,0,8,0,6,0,0,0,3,0,11,0,2,3,28,0,48,0,0,0,0,0,0,0,23,0,0,0,0,0,0,0,0,0,0,0,0,0,0,0,0,0,0,0,0,0,0,0,0,0,0,0,0,0,0,0,33,0,33,0,18,0,66,3,80,4,89,0,38,1,91,0,7,0,20,0,4,0,2,0,0,0,28,0,0,0
74,349,423,141,81,159,13,13,9,3,25,212,27,0,239,125,112,22,201,3,141,2,0,113,66,63,31,0,60,13,68,4,176,12,0,0,57,9,123,27,15,0,0,0,7,0,2,0,5,0,4,0,8,0,81,0,12,0,0,0,6,0,32,7,0,0,3,0,0,0,4,0,0,0,5,0,0,0,0,0,15,0,0,0,0,0,0,0,0,0,0,0,0,0,0,0,0,0,0,0,0,0,0,0,7,0,34,0,0,0,0,0,0,0,0,0,0,0,0,0,0,0,17,0,0,0,0,0,0,0,9,0,7,0,123,0,170,0,0,0,31,0,149,0,0,0,40,0,22,0,17,0,25,0,66,0,0,0,17,0,35,0,0,0,4,0,36,0,0,1,0,0,48,0,6,0,49,61,0,2,10,0,4,0,8,0,1,0,0,0,0,0,0,0,0,0,0,0,0,0,35,0,0,0,2,0,8,0,19,0,9,0,0,1,20,4,0,0,3,0,37,16,19,0,14,3,103,28,104,9,57,10,52,18,10,0,17,7,30,0,10,0,24,0,158,9,0,0,0
65,111,51,177,5,59,0,10,1,0,5,53,3,0,4,156,45,64,0,84,0,88,113,0,20,66,0,19,0,55,0,28,0,20,0,4,0,8,3,60,0,0,0,0,0,2,0,0,0,0,0,0,0,1,0,41,0,14,1,0,0,11,0,69,0,0,0,0,0,0,1,8,0,0,0,0,0,1,0,0,0,49,0,0,0,75,0,0,0,0,0,34,0,0,0,0,0,20,0,47,0,5,0,0,0,0,0,38,0,0,0,0,0,0,0,0,0,0,0,0,0,20,0,0,0,0,0,0,0,8,0,11,0,18,0,140,0,126,0,14,0,12,0,32,0,0,0,0,0,0,0,6,0,5,0,25,0,3,0,6,0,9,0,0,0,0,0,0,0,8,0,2,0,9,0,2,0,64,0,183,0,14,0,9,0,3,0,0,0,0,0,0,0,0,0,0,0,0,0,11,0,54,0,0,0,0,0,0,0,26,0,4,0,0,0,3,0,0,0,0,0,61,0,15,0,8,0,118,0,61,0,33,2,96,0,4,0,13,0,11,0,0,0,2,5,53,0,0,0
34,175,49,25,0,0,230,153,147,89,0,0,0,0,4,4,63,40,6,0,8,0,66,20,0,217,0,0,3,1,0,0,0,0,0,0,0,0,19,0,0,0,0,0,0,0,0,0,0,0,0,0,31,9,124,43,26,0,6,0,18,6,85,25,0,0,0,0,0,0,0,0,0,0,0,0,0,0,0,0,3,0,0,0,0,0,0,0,0,0,19,0,0,0,0,0,0,0,12,0,0,0,0,0,2,0,0,0,0,0,0,0,0,0,0,0,0,0,0,0,0,0,12,0,7,0,6,0,14,0,9,0,9,0,70,0,103,0,7,0,20,0,81,0,0,0,16,0,5,0,12,0,8,0,77,0,0,0,41,0,56,0,0,0,0,0,0,0,0,0,7,0,22,0,0,0,8,40,0,0,0,0,1,1,4,0,0,0,0,0,0,0,0,0,0,0,1,0,9,0,22,0,0,0,3,0,2,0,14,1,9,1,3,0,17,0,0,0,6,0,23,5,7,0,15,0,33,1,48,6,15,0,27,0,4,0,7,0,5,0,1,0,5,0,67,6,0,0,0
86,42,49,155,3,5,83,178,141,16,0,1,0,0,0,45,36,25,0,29,0,32,63,66,217,0,0,4,0,79,0,7,1,4,0,0,0,0,4,51,0,0,0,0,0,0,0,0,0,0,0,0,0,0,0,186,0,20,0,3,0,60,57,106,0,2,0,0,0,0,0,0,0,0,0,0,0,2,0,0,0,0,0,0,0,4,0,0,0,0,0,0,0,0,0,0,0,4,0,5,0,0,0,0,0,0,0,20,0,0,0,0,0,0,0,0,0,0,0,0,0,0,0,0,0,43,0,0,0,0,0,54,0,0,0,108,0,113,0,13,0,0,0,5,0,0,0,0,0,17,0,14,0,0,0,64,0,0,0,6,0,26,0,0,0,0,0,0,0,0,1,8,0,7,0,0,0,18,0,1,0,0,2,5,0,0,0,0,0,0,0,0,0,0,0,0,0,0,0,0,0,38,0,0,0,4,0,27,0,52,0,10,0,5,4,12,0,0,0,0,0,69,0,20,0,0,5,14,0,61,0,20,0,115,1,0,0,5,2,10,0,2,0,0,9,48,0,0,0
18,0,26,0,26,0,0,0,10,0,23,0,149,69,71,0,20,0,159,26,95,0,31,0,0,0,0,179,14,0,26,0,9,0,45,11,28,0,2,0,105,157,452,33,139,12,52,72,68,2,325,20,0,0,0,0,0,0,0,0,0,0,11,0,0,0,3,0,0,0,0,0,0,0,0,0,0,0,0,0,0,0,0,0,0,0,0,0,0,0,0,0,0,0,0,0,0,0,0,0,0,0,0,0,0,0,0,0,0,0,0,0,0,0,0,0,0,0,0,0,0,0,0,0,0,0,0,0,0,0,0,0,0,0,0,0,0,0,0,0,0,0,0,0,0,0,1,0,1,0,0,0,0,0,0,0,0,0,0,0,0,0,0,0,180,0,4,0,0,0,0,0,0,0,0,0,11,14,0,0,0,0,6,0,6,0,30,17,0,0,0,0,0,0,0,0,0,0,0,0,0,0,0,0,0,0,0,0,0,0,1,0,0,0,2,0,0,0,294,24,0,0,92,12,236,0,23,0,0,0,0,0,0,0,0,0,0,0,0,0,0,0,0,0,0,1,0,0,0
0,61,0,16,24,105,0,0,0,21,4,99,304,233,35,59,0,7,188,175,133,129,0,19,0,4,179,0,0,0,4,11,0,6,52,41,13,48,0,4,59,171,44,134,24,69,0,87,3,26,103,181,0,0,0,0,0,0,0,0,0,0,0,0,0,5,0,8,0,0,0,6,0,0,0,0,0,0,0,0,0,0,0,0,0,0,0,19,0,0,0,0,0,0,0,0,0,0,0,0,0,0,0,0,0,0,0,0,0,0,0,0,0,0,0,0,0,0,0,0,0,18,0,0,0,0,0,0,0,0,0,0,0,0,0,0,0,0,0,0,0,0,0,9,0,8,0,0,0,0,0,0,0,7,0,0,0,0,0,0,0,0,0,0,0,25,0,3,0,0,0,0,0,1,0,0,4,89,1,19,0,0,1,0,1,0,6,22,0,0,0,0,0,0,0,0,0,4,0,0,0,0,0,0,0,0,0,0,0,0,0,2,0,6,0,0,0,0,11,314,0,23,0,138,0,140,0,17,0,57,0,12,0,28,0,0,0,6,0,0,0,2,0,0,2,8,0,0,0
45,0,69,0,5,0,14,0,0,0,2,0,0,0,0,0,246,0,15,0,54,0,60,0,3,0,14,0,0,0,65,0,34,0,30,0,30,0,23,0,0,0,6,0,0,0,0,0,0,0,28,0,2,0,4,0,0,0,0,0,4,0,16,0,0,0,0,0,0,0,6,0,0,0,5,0,0,0,0,0,20,0,0,0,0,0,12,0,0,0,14,0,0,0,0,0,0,0,38,0,0,0,0,0,0,0,20,0,0,0,0,0,0,0,0,0,0,0,0,0,27,0,27,0,0,0,0,0,0,0,0,0,1,0,0,0,24,0,53,0,38,0,47,0,16,0,0,0,0,0,0,0,0,0,0,0,0,0,27,0,0,0,0,0,0,0,0,0,0,0,0,0,0,0,0,0,0,0,0,0,0,0,0,0,0,0,0,0,0,0,0,0,0,0,0,0,0,0,0,0,0,0,0,0,0,0,0,0,0,0,0,0,0,0,0,0,0,0,0,0,0,0,0,0,0,0,8,0,0,0,3,0,0,0,0,0,0,0,0,0,0,0,0,0,0,0,0,0,0
3,174,0,139,0,12,0,41,0,0,2,18,0,0,0,17,1,100,0,9,0,33,13,55,1,79,0,0,0,0,0,40,0,35,0,14,0,4,0,26,0,0,0,2,0,0,0,0,0,0,0,5,0,17,1,34,0,4,0,0,0,1,0,48,0,0,0,0,0,0,0,2,0,0,0,1,0,0,0,0,0,18,0,0,0,14,0,10,0,0,0,0,0,0,0,0,0,6,0,12,0,0,0,0,0,0,0,11,0,0,0,0,0,0,0,0,0,0,0,0,0,12,0,4,0,0,0,0,0,14,0,0,0,7,0,42,0,57,0,34,0,17,0,22,0,7,0,0,0,0,0,0,0,0,0,14,0,0,0,16,0,3,0,0,0,0,0,0,0,2,0,1,0,1,0,0,0,36,0,27,0,0,0,8,0,0,0,0,0,0,0,0,0,0,0,0,0,0,0,0,0,7,0,0,0,0,0,1,0,0,0,2,0,1,0,0,0,0,0,0,0,10,0,0,0,0,0,6,0,8,0,0,0,18,0,0,0,0,0,0,0,1,0,0,0,5,0,0,0
19,0,60,0,140,10,0,0,0,0,98,11,39,14,145,0,128,0,30,15,79,0,68,0,0,0,26,4,65,0,0,2,6,0,22,0,38,0,5,0,0,0,26,0,4,0,0,0,2,0,50,0,2,0,0,0,0,0,0,0,0,1,36,0,0,0,0,0,0,0,14,0,0,0,5,0,0,0,0,0,19,0,0,0,0,0,18,0,0,0,0,0,0,0,0,0,0,0,0,0,0,0,0,0,0,0,0,0,0,0,0,0,0,0,0,0,0,0,0,0,52,0,54,0,0,0,0,0,0,0,0,0,0,0,0,0,0,0,49,0,74,0,59,0,34,0,0,0,0,0,0,0,3,0,0,0,3,0,0,0,9,0,0,0,11,0,8,0,3,0,12,0,3,0,0,0,14,0,3,1,3,0,1,0,0,0,0,0,0,0,0,0,0,0,0,0,0,0,0,0,0,0,0,0,0,0,0,0,0,0,0,0,1,0,0,0,0,0,0,0,0,0,3,0,12,0,23,0,21,0,0,0,0,0,0,0,0,3,6,0,0,0,0,0,0,0,0,0,0
0,27,0,39,0,147,0,0,0,0,3,81,4,48,52,94,0,51,0,58,0,27,4,28,0,7,0,11,0,40,2,0,2,28,0,11,0,80,0,5,0,0,0,5,0,2,0,0,0,0,0,13,0,0,0,13,0,13,0,0,0,0,0,29,0,0,0,0,0,0,0,9,0,0,0,3,0,0,0,6,0,17,0,0,0,36,0,0,0,0,0,0,0,0,0,0,0,8,0,0,0,0,0,0,0,0,0,0,0,0,0,0,0,0,0,0,0,0,0,0,0,0,0,16,0,0,0,0,0,0,0,0,0,13,0,49,0,121,0,60,0,62,0,77,0,52,0,0,0,0,0,0,0,0,0,25,0,0,0,18,0,0,0,0,0,3,0,11,0,4,0,2,0,9,0,0,0,36,0,71,0,7,0,4,0,0,0,2,0,0,0,0,0,0,0,0,0,0,0,0,0,9,0,0,0,0,0,0,0,0,0,0,0,0,0,0,0,0,0,4,0,18,0,0,0,0,0,22,0,60,0,13,0,30,0,0,0,4,0,0,0,0,0,0,0,5,0,0,0
83,0,211,0,124,15,0,0,0,0,153,0,11,0,80,0,100,0,4,5,37,0,176,0,0,1,9,0,34,0,6,2,0,0,6,0,130,0,2,0,0,0,0,0,0,0,0,0,0,0,21,0,0,0,0,0,0,0,0,0,21,0,39,0,0,0,0,0,0,0,14,0,0,0,0,0,0,0,0,0,0,0,0,0,0,0,0,0,0,0,0,0,0,0,0,0,0,0,0,0,0,0,0,0,0,0,0,0,0,0,0,0,0,0,0,0,0,0,0,0,0,0,0,0,0,0,0,0,0,0,0,0,0,0,0,0,23,0,21,0,36,0,39,0,25,0,0,0,0,0,0,0,0,0,0,0,21,0,6,0,0,0,0,0,4,0,7,0,0,0,0,0,9,0,5,0,15,3,1,0,0,0,6,0,6,0,0,0,0,0,0,0,0,0,0,0,0,0,0,0,0,0,0,0,0,0,0,0,0,0,0,0,0,0,0,0,0,0,0,1,0,0,0,0,0,0,21,0,12,0,0,0,0,0,0,0,2,0,0,0,4,0,0,0,17,0,0,0,0
0,17,5,81,0,143,0,0,0,0,5,92,5,38,29,113,0,30,0,13,5,29,12,20,0,4,0,6,0,35,0,28,0,0,0,2,0,142,0,15,0,0,0,8,0,0,0,0,0,0,0,18,0,8,0,17,0,0,0,0,0,44,0,43,0,0,0,0,0,0,0,0,0,1,0,0,0,0,0,0,0,0,0,0,0,28,0,0,0,0,0,0,0,0,0,0,0,4,0,0,0,0,0,0,0,0,0,0,0,0,0,0,0,0,0,0,0,0,0,0,0,8,0,0,0,0,0,0,0,0,0,0,0,12,0,30,0,0,0,75,0,80,0,63,0,66,0,0,0,5,0,0,0,0,0,41,0,17,0,35,0,0,0,0,0,4,0,3,0,3,0,0,0,5,0,0,0,31,0,137,0,17,0,0,0,0,0,6,0,0,0,0,0,0,0,0,0,0,0,0,0,0,0,0,0,0,0,0,0,0,0,0,0,0,0,0,0,0,0,7,0,23,0,8,0,9,0,26,0,28,0,0,0,19,0,3,0,5,0,3,0,0,0,0,0,7,0,0,0
0,0,1,0,83,3,0,0,0,0,16,0,128,52,52,0,10,0,154,41,52,0,0,0,0,0,45,52,30,0,22,0,6,0,0,0,86,0,10,0,0,14,55,9,15,0,0,5,12,0,155,0,0,0,0,0,0,0,0,0,3,0,0,0,0,0,0,0,2,0,16,0,0,0,0,0,0,0,0,0,11,0,0,0,0,0,10,0,0,0,0,0,0,0,0,0,0,0,0,0,0,0,0,0,0,0,0,0,0,0,0,0,0,0,0,0,0,0,0,0,0,0,34,0,0,0,0,0,0,0,0,0,0,0,0,0,0,0,14,0,0,0,0,0,0,0,0,0,0,0,0,0,0,0,0,0,0,0,0,0,0,0,3,0,62,0,6,0,0,0,5,0,17,0,0,0,14,8,8,0,0,0,0,0,0,0,0,9,0,0,0,0,0,0,0,0,0,0,0,0,0,0,0,0,0,0,0,0,0,0,0,0,0,0,0,0,0,0,17,0,0,0,5,0,56,0,28,0,31,0,0,0,0,0,0,0,0,0,0,0,0,0,0,0,0,0,0,0,0
0,0,0,1,10,59,0,0,0,0,0,27,27,165,33,13,0,10,16,144,22,61,0,4,0,0,11,41,0,14,0,11,0,2,0,0,0,46,0,4,0,3,0,5,0,8,0,1,0,1,0,27,0,0,0,0,0,0,0,0,0,0,0,0,0,0,0,0,0,0,0,10,0,0,0,0,0,0,0,0,0,0,0,0,0,0,0,15,0,0,0,0,0,0,0,0,0,0,0,0,0,0,0,0,0,0,0,0,0,0,0,0,0,0,0,0,0,0,0,0,0,12,0,0,0,0,0,0,0,0,0,0,0,0,0,16,0,0,0,0,0,0,0,35,0,11,0,0,0,0,0,0,0,0,0,0,0,0,0,0,0,0,0,0,0,7,0,4,0,8,0,0,0,10,0,0,0,17,0,13,0,0,0,0,0,0,0,23,0,0,0,0,0,0,0,0,0,0,0,0,0,0,0,0,0,0,0,0,0,0,0,2,0,0,0,0,0,0,0,21,0,0,0,0,0,36,0,10,0,36,0,0,0,16,0,0,0,0,0,0,0,0,0,0,0,0,0,0,0
80,0,82,0,139,22,6,0,12,0,147,11,64,19,152,4,19,0,45,15,64,0,57,0,0,0,28,13,30,0,38,0,130,0,86,0,0,0,70,0,2,0,31,0,4,0,3,0,0,0,158,0,0,0,0,0,0,0,0,0,49,0,42,0,0,0,0,0,0,0,21,0,0,0,13,0,0,0,0,0,40,0,0,0,15,0,0,0,0,0,0,0,0,0,0,0,0,0,61,0,11,0,0,0,0,0,0,0,0,0,0,0,0,0,0,0,0,0,0,0,44,0,41,0,0,0,0,0,2,0,0,0,4,0,0,0,0,0,151,0,96,0,64,0,120,0,0,0,0,0,0,0,0,0,14,0,52,0,43,0,0,0,0,0,85,0,36,0,11,0,18,0,46,0,0,0,17,12,4,0,0,0,6,0,7,0,2,0,0,0,0,0,0,0,0,0,0,0,0,0,0,0,0,0,0,0,0,0,0,0,1,0,1,0,0,0,0,0,6,0,11,0,15,0,22,0,39,0,80,0,0,0,12,0,0,0,0,0,0,0,0,0,0,0,36,0,0,0,0
2,60,0,31,3,140,0,0,0,0,7,68,16,171,24,76,0,5,16,55,0,71,9,8,0,0,0,48,0,4,0,80,0,142,0,46,0,0,0,55,0,4,0,32,0,7,0,0,0,2,4,87,0,0,0,0,0,14,0,4,0,54,0,21,0,0,1,0,0,0,0,21,0,0,0,0,0,0,0,0,0,25,0,0,0,21,0,21,0,0,0,0,0,0,0,0,0,0,0,0,0,4,0,0,0,0,0,0,0,0,0,0,0,0,0,0,0,0,0,0,0,27,0,33,0,0,0,0,0,0,0,0,0,13,0,0,0,102,0,51,0,75,0,107,0,127,0,0,0,0,0,0,0,0,0,0,0,52,0,19,0,0,0,0,0,19,0,8,0,22,0,2,0,15,0,0,0,47,0,108,0,0,0,0,0,0,0,18,0,0,0,0,0,0,0,0,0,0,0,0,0,3,0,0,0,0,0,0,0,4,0,0,0,0,0,0,0,0,0,23,0,20,0,9,2,46,0,93,0,85,0,0,0,0,0,2,0,0,0,3,0,0,0,0,0,7,0,0,0
319,6,262,0,12,0,40,0,17,0,24,3,3,0,0,1,281,0,3,0,5,0,123,3,19,4,2,0,23,0,5,0,2,0,10,0,70,0,0,1,0,0,0,0,0,0,0,0,3,0,8,0,5,0,0,0,7,0,0,0,30,0,19,0,0,0,0,0,0,0,7,0,0,0,0,0,0,0,0,0,16,0,0,0,0,0,12,0,0,0,0,0,1,0,0,0,0,0,0,0,6,0,0,0,0,0,0,0,0,0,0,0,0,0,0,0,0,0,0,0,22,0,27,0,0,0,0,0,1,0,0,0,0,0,0,0,0,0,51,0,29,0,34,0,29,0,0,0,0,0,0,0,7,0,9,0,33,0,11,0,0,0,0,0,0,0,5,0,0,0,0,0,62,0,0,0,27,0,0,0,0,0,8,0,0,0,0,0,0,0,0,0,0,0,0,0,0,0,0,0,0,0,0,0,2,0,0,0,0,0,0,0,2,0,0,0,0,0,2,0,8,0,4,0,0,0,71,1,22,0,10,0,7,0,5,0,0,0,7,0,0,0,4,0,31,0,0,0,0
5,275,11,198,5,45,0,17,0,0,0,63,1,0,0,79,6,85,0,0,0,25,27,60,0,51,0,4,0,26,0,5,0,15,0,4,0,55,1,0,0,0,0,5,0,0,0,0,0,0,0,3,0,5,0,5,0,1,0,0,0,95,1,40,0,0,0,0,0,0,0,0,0,0,0,0,0,0,0,0,0,0,0,0,0,10,0,0,0,0,0,0,0,0,0,0,0,0,0,0,0,0,0,0,0,0,0,0,0,0,0,0,0,0,0,0,0,0,0,0,0,1,0,0,0,0,0,0,0,0,0,0,0,0,0,8,0,28,0,17,0,0,0,14,0,10,0,0,0,0,0,0,0,0,0,19,0,20,0,8,0,0,0,0,0,0,0,0,0,0,0,0,0,7,0,0,0,63,0,77,0,0,0,0,0,3,0,1,0,0,0,0,0,0,0,0,0,0,0,0,0,0,0,0,0,0,0,0,0,0,0,1,0,0,0,1,0,0,0,0,0,7,0,0,0,0,0,105,0,3,0,0,0,0,0,0,0,0,0,0,0,0,0,0,0,0,0,0,0
27,1,19,0,7,1,0,0,19,0,46,2,195,8,0,0,0,0,7,0,0,3,15,0,0,0,105,59,0,0,0,0,0,0,0,0,2,0,0,0,0,60,134,7,88,11,23,48,199,7,20,3,0,0,7,0,0,0,0,0,0,0,0,0,0,0,0,0,0,0,5,0,0,0,0,0,0,0,0,0,0,0,0,0,0,0,1,0,1,0,0,0,0,0,0,0,0,0,6,0,0,0,0,0,0,0,0,0,0,0,0,0,0,0,0,0,0,0,0,0,0,0,0,0,0,0,0,0,0,0,0,0,0,0,0,0,8,0,1,0,0,0,5,0,0,0,0,0,5,0,0,0,0,0,0,0,0,0,0,0,0,0,0,0,53,0,1,0,0,0,0,0,2,1,4,0,17,20,5,0,3,0,4,0,10,0,96,5,0,0,0,0,0,0,0,0,0,0,0,0,0,0,0,0,0,0,0,0,0,0,0,0,0,0,1,0,0,0,323,12,0,0,177,60,43,0,2,0,12,0,0,0,0,0,0,0,0,0,0,0,0,0,2,0,7,0,0,0,0
0,27,0,4,0,50,0,0,0,2,0,114,80,286,0,0,0,0,41,37,42,14,0,0,0,0,157,171,0,0,0,0,0,0,14,3,0,4,0,0,60,0,42,87,16,72,22,108,4,136,34,46,0,0,0,0,0,0,0,0,0,0,0,0,0,0,0,0,0,0,0,0,0,0,0,0,0,0,0,0,0,0,0,0,0,0,0,0,0,0,0,0,0,0,0,0,0,0,0,0,0,0,0,0,0,0,0,0,0,0,0,0,0,0,0,0,0,0,0,0,0,0,0,0,0,0,0,0,0,0,0,0,0,0,0,0,0,0,0,0,0,0,0,0,0,0,0,0,0,0,0,0,0,5,0,0,0,0,0,0,0,0,0,0,0,17,0,0,0,0,0,0,0,0,0,0,0,107,0,48,0,19,0,0,0,0,2,22,0,0,0,0,0,0,0,0,0,0,0,0,0,0,0,0,0,0,0,0,0,0,0,1,0,0,0,0,0,0,82,59,0,0,2,204,0,7,0,0,0,4,0,0,0,0,0,0,0,0,0,0,0,0,0,0,0,0,0,0,0
1,0,0,0,8,0,0,0,3,0,6,0,170,16,6,0,0,0,50,9,40,0,0,0,0,0,452,44,6,0,26,0,0,0,55,0,31,0,0,0,134,42,0,6,162,4,64,28,39,0,102,9,0,0,0,0,0,0,0,0,5,0,0,0,0,0,2,0,0,0,25,0,2,0,5,0,0,0,4,0,0,0,0,0,0,0,20,0,0,0,0,0,0,0,0,0,0,0,0,0,0,0,0,0,0,0,0,0,0,0,0,0,0,0,0,0,0,0,0,0,27,0,0,0,0,0,0,0,5,0,0,0,0,0,0,0,0,0,0,0,14,0,0,0,0,0,0,0,0,0,0,0,0,0,10,0,0,0,0,0,0,0,13,0,100,0,45,0,8,0,25,0,14,0,0,0,3,0,0,0,0,0,0,0,0,0,1,0,0,0,0,0,0,0,0,0,0,0,0,0,0,0,0,0,0,0,0,0,0,0,0,0,0,0,0,0,0,0,170,11,11,0,42,17,69,0,67,0,31,0,13,0,5,0,0,0,3,0,15,0,5,0,0,0,30,0,0,0,0
0,0,0,0,0,0,0,0,0,0,0,4,39,37,0,3,0,2,22,20,12,63,0,0,0,0,33,134,0,2,0,5,0,8,9,5,0,32,0,5,7,87,6,0,1,74,2,34,0,43,5,12,0,0,0,0,0,6,0,5,0,0,0,0,0,0,0,0,0,1,0,3,0,0,0,0,0,0,0,0,0,6,0,0,0,4,0,5,0,0,0,0,0,0,0,0,0,3,0,0,0,0,0,0,0,0,0,2,0,0,0,0,0,0,0,0,0,0,0,0,0,10,0,6,0,0,0,2,0,0,0,0,0,0,0,4,0,0,0,0,0,3,0,14,0,10,0,0,0,0,0,0,0,0,0,0,0,0,0,0,0,0,0,0,0,22,0,3,0,6,0,1,0,0,0,0,0,18,0,0,0,0,0,1,0,0,0,47,0,0,0,0,0,0,0,0,0,0,0,0,0,0,0,0,0,0,0,0,0,0,0,0,0,0,0,0,0,0,0,150,0,6,0,88,0,58,0,3,0,26,0,5,0,8,0,0,0,2,0,0,0,0,0,0,0,4,0,0,0
0,0,0,0,0,0,0,0,0,0,0,0,18,2,8,0,0,0,18,0,24,0,7,0,0,0,139,24,0,0,4,0,0,0,15,0,4,0,0,0,88,16,162,1,0,0,46,15,119,7,50,2,0,0,0,0,0,0,0,0,0,0,4,0,0,0,0,0,0,0,0,0,0,0,0,0,0,0,0,0,0,0,0,0,0,0,0,0,0,0,6,0,0,0,0,0,0,0,0,0,0,0,0,0,0,0,0,0,0,0,0,0,0,0,0,0,0,0,0,0,0,0,0,0,0,0,0,0,0,0,0,0,0,0,0,0,0,0,0,0,0,0,0,0,0,0,0,0,0,0,0,0,0,0,3,0,0,0,0,0,0,0,3,0,149,0,16,0,0,0,0,0,6,0,0,0,1,8,0,0,0,0,0,0,0,0,12,0,0,0,0,0,0,0,0,0,0,0,0,0,0,0,0,0,0,0,0,0,0,0,0,0,1,0,0,0,0,0,44,2,3,0,135,58,58,0,6,0,15,0,0,0,2,0,0,0,0,0,0,0,0,0,0,0,12,0,0,0,0
0,5,0,0,0,2,1,0,0,0,0,0,4,8,0,4,0,2,3,17,0,46,0,2,0,0,12,69,0,0,0,2,0,0,0,8,0,7,0,0,11,72,4,74,0,0,0,59,1,68,3,43,0,0,0,0,0,11,0,15,0,1,0,0,0,0,0,4,0,0,0,5,0,0,0,1,0,0,0,1,0,10,0,2,0,0,0,0,0,0,0,0,0,0,0,0,0,0,0,0,0,0,0,0,0,0,0,0,0,0,0,0,0,0,0,0,0,0,0,0,0,12,0,3,0,0,0,0,0,1,0,0,0,0,0,0,0,19,0,0,0,0,0,13,0,14,0,0,0,0,0,0,0,0,0,5,0,1,0,0,0,5,0,0,0,37,0,7,0,7,0,5,0,3,0,0,0,10,0,2,0,0,0,0,0,0,0,12,0,0,0,0,0,0,0,2,0,0,0,0,0,0,0,0,0,0,0,0,0,0,0,0,0,1,0,0,0,2,22,108,0,32,8,99,0,28,0,15,0,50,0,5,0,21,0,4,0,3,0,0,0,0,0,0,0,7,0,0,0
2,0,0,0,0,0,0,0,0,0,0,0,6,2,0,0,0,0,11,0,0,0,2,0,0,0,52,0,0,0,0,0,0,0,0,0,3,0,0,0,23,22,64,2,46,0,0,13,43,2,23,0,0,0,0,0,0,0,0,0,0,0,0,0,0,0,0,0,0,0,0,0,0,0,0,0,0,0,0,0,0,0,1,0,0,0,0,0,0,0,0,0,0,0,0,0,0,0,3,0,0,0,0,0,0,0,0,0,0,0,0,0,0,0,0,0,0,0,0,0,0,0,0,0,0,0,0,0,0,0,0,0,0,0,0,0,0,0,0,0,0,0,0,0,0,0,0,0,0,0,0,0,0,0,0,0,0,0,0,0,0,0,0,0,37,0,0,0,0,0,0,0,0,0,0,0,1,2,1,0,0,0,0,0,0,0,12,1,0,0,0,0,0,0,0,0,0,0,0,0,0,0,0,0,0,0,0,0,0,0,0,0,0,0,0,0,0,0,107,1,0,0,70,10,22,0,2,0,0,0,0,0,0,0,0,0,0,0,0,0,0,0,0,0,0,0,0,0,0
0,10,0,0,0,13,0,0,0,0,0,15,39,65,0,0,0,0,15,15,0,1,0,0,0,0,72,87,0,0,0,0,0,0,5,1,0,0,0,0,48,108,28,34,15,59,13,0,7,49,23,26,0,0,0,0,0,0,0,0,0,0,0,0,0,0,0,0,0,0,0,0,0,0,0,0,0,0,0,0,0,0,0,0,0,0,0,0,0,0,0,0,0,0,0,0,0,0,0,0,0,0,0,0,0,0,0,0,0,0,0,0,0,0,0,0,0,0,0,0,0,0,0,0,0,0,0,0,0,0,0,0,0,0,0,0,0,0,0,0,0,0,0,0,0,0,0,0,0,0,0,0,0,0,0,0,0,0,0,0,0,0,0,0,0,16,0,0,0,1,0,0,0,0,0,0,0,39,0,6,1,0,0,2,0,0,0,13,0,0,0,0,0,0,0,0,0,0,0,0,0,0,0,0,0,1,0,0,0,0,0,0,0,0,0,0,0,1,42,118,0,0,0,205,0,3,0,0,0,0,0,1,0,0,0,0,0,0,0,0,0,0,0,0,0,0,0,0,0
7,0,14,0,9,0,2,0,6,0,13,0,28,0,9,0,0,0,0,0,10,0,5,0,0,0,68,3,0,0,2,0,0,0,12,0,0,0,3,0,199,4,39,0,119,1,43,7,0,2,21,0,0,0,0,0,6,0,2,0,2,0,4,0,1,0,0,0,2,0,0,1,0,0,1,0,2,0,0,0,3,0,2,0,0,0,8,0,1,0,0,0,0,0,0,0,4,0,7,0,0,0,0,0,6,0,4,0,0,0,0,0,0,0,0,0,0,0,0,0,0,0,0,0,0,0,1,0,1,0,0,0,0,0,6,0,6,0,0,0,3,0,7,0,1,0,0,0,0,0,0,0,0,0,0,0,1,0,4,0,0,0,0,0,39,0,24,0,35,0,3,0,13,0,1,0,18,5,19,0,3,0,2,0,2,0,58,0,9,0,3,0,14,0,0,0,0,0,0,0,12,0,12,0,12,0,2,0,3,0,0,0,3,0,7,0,14,0,116,1,43,0,164,47,29,0,50,0,117,0,8,0,6,1,4,0,5,0,14,0,5,0,18,0,21,0,0,0,0
0,5,0,0,0,2,0,3,0,0,0,0,0,7,1,0,0,0,0,4,0,2,0,0,0,0,2,26,0,0,0,0,0,0,0,1,0,2,0,0,7,136,0,43,7,68,2,49,2,0,0,18,0,0,0,0,0,0,0,0,0,1,0,0,0,0,0,2,0,3,0,0,0,0,0,0,0,4,0,2,0,0,0,2,0,0,0,3,0,0,0,0,0,1,0,1,0,0,0,0,0,0,0,0,0,0,0,1,0,0,0,0,0,0,0,0,0,0,0,0,0,1,0,0,0,0,0,0,0,0,0,0,0,0,0,0,0,0,0,0,0,0,0,0,0,0,0,0,0,0,0,0,0,0,0,0,0,0,0,0,0,0,0,0,0,9,0,7,0,14,0,2,0,1,0,0,0,57,0,2,0,2,0,0,0,0,0,17,0,2,0,0,0,1,0,0,0,0,0,0,0,0,0,0,0,0,0,0,0,0,0,0,0,0,0,0,0,1,27,15,0,13,17,205,0,16,0,4,0,20,0,2,0,7,0,5,0,0,0,4,0,1,0,1,0,3,0,0,0
5,0,13,0,59,0,0,0,0,0,6,0,276,44,20,0,14,0,243,33,86,5,4,0,0,0,325,103,28,0,50,0,21,0,155,0,158,4,8,0,20,34,102,5,50,3,23,23,21,0,0,11,0,0,0,0,0,0,4,0,0,0,16,0,0,0,2,0,0,0,23,0,0,0,0,0,0,0,0,0,0,0,0,0,19,0,34,0,12,0,39,0,0,0,0,0,0,0,86,0,0,0,0,0,0,0,0,0,0,0,0,0,0,0,0,0,0,0,0,0,64,0,62,0,0,0,0,0,0,0,0,0,0,0,0,0,3,0,25,0,0,0,37,0,52,0,0,0,0,0,0,0,0,0,0,0,0,0,20,0,25,0,11,0,118,0,58,0,20,0,38,0,33,0,0,0,20,10,6,0,0,0,0,0,0,0,6,11,0,0,0,0,0,0,0,0,0,0,0,0,0,0,0,0,0,0,0,0,0,0,0,0,0,0,4,0,0,0,58,7,23,0,13,0,95,0,33,0,89,0,8,0,18,0,7,0,0,0,6,0,4,0,0,0,44,0,0,0,0
0,1,0,2,0,5,0,0,0,0,0,10,28,88,0,3,0,0,27,85,6,34,0,0,0,0,20,181,0,5,0,13,0,18,0,27,0,87,0,3,3,46,9,12,2,43,0,26,0,18,11,0,0,0,0,0,0,0,0,5,0,0,0,0,0,0,0,0,0,0,0,6,0,0,0,1,0,0,0,2,0,14,0,0,0,0,0,16,0,0,0,0,0,0,0,1,0,0,0,7,0,0,0,0,0,0,0,0,0,0,0,0,0,0,0,0,0,0,0,0,0,12,0,6,0,0,0,2,0,0,0,0,0,0,0,13,0,19,0,0,0,10,0,16,0,22,0,0,0,0,0,0,0,0,0,0,0,0,0,0,0,0,0,0,0,20,0,5,0,29,0,0,0,5,0,0,0,13,0,0,0,0,0,0,0,0,0,40,0,0,0,0,0,0,0,0,0,0,0,0,0,0,0,0,0,0,0,0,0,0,0,0,0,2,0,0,0,0,0,76,0,6,0,44,0,107,0,12,0,64,0,17,0,31,0,0,0,7,0,0,0,1,0,1,0,3,0,0,0
0,0,0,0,7,0,44,31,193,81,0,0,0,0,2,0,54,0,0,0,0,0,8,0,31,0,0,0,2,0,2,0,0,0,0,0,0,0,5,0,0,0,0,0,0,0,0,0,0,0,0,0,0,8,381,123,212,22,34,20,13,0,85,1,11,0,64,25,0,0,0,0,2,0,1,0,0,0,0,0,5,0,0,0,5,0,3,0,0,0,0,0,0,0,0,0,0,0,3,0,0,0,0,0,0,0,6,0,0,0,0,0,0,0,0,0,0,0,0,0,0,0,11,0,6,0,5,0,25,0,25,0,6,0,12,0,41,0,51,0,24,0,22,0,17,0,0,0,6,0,4,0,0,0,313,5,59,0,212,0,77,0,5,0,0,0,0,0,12,0,104,0,8,0,2,0,21,6,0,0,0,0,0,0,78,15,0,0,0,0,0,0,0,0,0,0,1,0,0,0,0,0,0,0,0,0,0,0,12,0,19,0,8,0,156,5,0,0,6,0,95,0,46,0,42,0,66,0,140,0,0,0,71,6,30,0,0,0,38,0,10,0,16,0,144,2,0,0,0
0,34,0,0,0,0,7,85,51,190,0,3,0,0,0,3,0,23,0,0,0,0,0,1,9,0,0,0,0,17,0,0,0,8,0,0,0,0,0,5,0,0,0,0,0,0,0,0,0,0,0,0,8,0,17,86,0,80,0,5,0,32,9,71,0,0,0,6,0,0,0,0,0,0,0,0,0,0,0,0,0,6,0,0,0,14,0,0,0,0,0,0,0,0,0,0,0,0,0,5,0,0,0,0,0,0,0,12,0,0,0,0,0,0,0,0,0,0,0,0,0,0,0,0,0,8,0,6,0,63,0,14,0,35,1,63,0,167,0,129,0,39,0,28,0,38,0,0,0,0,0,0,0,0,0,96,0,92,0,162,0,57,0,0,0,0,0,0,0,0,0,24,0,0,0,0,2,42,0,0,0,1,0,7,0,29,0,0,0,0,0,0,0,0,0,0,0,0,0,2,0,17,0,0,0,0,0,0,0,2,0,3,0,0,3,65,0,0,0,0,2,91,0,10,0,8,3,5,0,77,0,0,0,48,0,16,0,0,0,3,0,0,0,0,0,12,0,0,0
2,0,45,0,0,0,134,46,190,166,2,0,0,0,0,0,33,1,0,0,18,0,81,0,124,0,0,0,4,1,0,0,0,0,0,0,0,0,0,0,7,0,0,0,0,0,0,0,0,0,0,0,381,17,0,181,124,43,39,24,11,0,20,4,17,0,81,30,0,0,0,0,0,0,0,0,0,0,0,0,0,0,0,0,0,0,0,0,0,0,0,0,0,0,0,0,0,0,0,0,0,0,0,0,0,0,3,0,0,0,0,0,0,0,0,0,0,0,0,0,0,0,0,0,19,0,0,0,20,0,42,0,23,0,43,0,49,0,0,0,2,0,0,0,0,0,18,0,4,0,13,0,0,0,222,9,0,2,52,0,121,0,0,0,0,0,0,0,14,0,134,0,4,0,1,0,49,11,0,0,0,0,0,0,60,27,0,0,0,0,0,0,0,0,0,0,0,0,0,0,0,0,0,0,0,0,0,0,29,0,0,0,16,0,224,0,1,0,21,0,143,0,59,0,62,0,75,2,188,0,0,2,110,0,20,0,4,0,60,2,10,1,28,0,166,3,0,0,0
3,25,0,44,0,8,31,357,291,206,0,1,0,0,0,21,0,56,0,10,0,22,0,41,43,186,0,0,0,34,0,13,0,17,0,0,0,0,0,5,0,0,0,0,0,0,0,0,0,0,0,0,123,86,181,0,17,189,42,66,12,20,75,110,0,11,113,54,0,0,0,0,0,0,0,0,0,0,0,1,0,0,0,0,0,3,0,0,0,0,0,0,0,0,0,0,0,4,0,0,0,0,0,0,0,0,0,14,0,0,0,0,0,0,0,0,0,0,0,0,0,2,0,0,0,40,0,4,0,21,0,53,0,28,0,37,0,76,0,17,0,0,0,6,0,0,0,7,0,13,0,0,0,0,3,276,0,26,0,30,0,117,0,0,0,3,0,0,0,4,0,28,0,5,0,0,17,35,0,0,0,3,0,5,0,24,0,0,0,0,0,0,0,0,0,0,0,0,0,0,0,15,0,0,0,2,0,0,0,7,0,0,0,8,15,168,0,0,0,0,0,229,0,53,0,29,0,16,0,206,1,14,0,127,3,91,0,0,0,22,4,11,3,1,26,54,0,0,0
3,0,10,0,5,0,9,0,9,0,0,0,2,0,0,0,39,0,0,2,17,0,12,0,26,0,0,0,0,0,0,0,0,0,0,0,0,0,7,0,0,0,0,0,0,0,0,0,6,0,0,0,212,0,124,17,0,14,72,29,0,0,9,0,111,7,95,45,0,0,0,0,0,0,0,0,0,0,0,0,0,0,0,0,0,0,0,0,0,0,0,0,0,0,0,0,0,0,0,0,0,0,0,0,0,0,0,0,0,0,0,0,0,0,0,0,0,0,0,0,0,0,0,0,22,0,0,0,25,0,58,0,15,0,9,0,15,0,7,0,0,0,0,0,6,0,9,0,6,0,13,0,0,0,193,4,0,0,31,0,127,2,9,0,0,0,0,0,19,0,64,0,7,0,4,0,7,0,0,0,0,3,0,0,14,16,0,0,0,0,0,0,0,0,0,0,0,0,0,0,2,0,0,0,2,0,0,0,7,0,24,0,26,0,361,0,0,0,20,0,260,0,127,0,81,0,114,0,290,0,10,0,283,4,289,0,19,0,88,0,20,0,34,0,277,0,0,0,0
0,0,0,0,0,6,0,23,47,83,0,0,0,0,0,4,0,24,0,0,0,19,0,14,0,20,0,0,0,4,0,13,0,0,0,0,0,14,0,1,0,0,0,6,0,11,0,0,0,0,0,0,22,80,43,189,14,0,45,70,0,8,6,9,1,11,60,138,0,0,0,0,0,0,0,0,0,0,0,0,0,0,0,0,0,0,0,2,0,0,0,0,0,0,0,0,0,0,0,0,0,0,0,0,0,0,0,0,0,0,0,0,0,0,0,0,0,0,0,0,0,0,0,0,0,27,0,0,0,27,0,66,0,36,0,36,0,72,0,12,0,3,0,0,0,3,0,0,1,3,0,0,0,0,9,472,0,39,3,184,0,153,0,4,0,8,0,6,0,11,0,30,0,4,0,1,4,6,0,0,0,6,0,0,4,40,0,0,0,0,0,0,0,0,0,0,0,0,0,4,0,10,0,0,0,2,0,0,0,8,0,3,0,0,0,149,0,0,1,7,0,205,0,50,0,34,1,25,0,323,0,4,0,103,0,203,0,1,0,39,0,24,0,0,0,68,0,0,0
0,0,8,0,0,0,16,0,20,60,0,0,0,0,0,0,3,0,0,1,0,0,0,1,6,0,0,0,0,0,0,0,0,0,0,0,0,0,0,0,0,0,0,0,0,0,0,0,2,0,4,0,34,0,39,42,72,45,0,58,8,0,8,0,179,0,489,89,0,0,0,0,0,0,0,0,0,0,0,0,0,1,0,0,0,0,0,0,0,0,0,0,0,0,0,0,0,0,0,0,0,0,0,0,0,0,0,0,0,0,0,0,0,0,0,0,0,0,0,0,0,0,0,0,12,0,0,0,0,0,11,0,0,0,0,0,0,0,0,0,0,0,0,0,0,0,10,0,11,0,0,0,2,0,56,7,13,0,0,1,26,0,0,0,0,0,0,0,0,0,27,0,0,0,0,0,21,3,0,0,2,3,0,0,24,52,0,0,0,0,0,0,0,0,1,0,0,0,0,0,0,0,0,0,0,0,0,0,2,0,14,0,12,0,229,0,0,0,13,0,119,0,38,0,32,0,93,0,103,2,6,0,184,1,135,2,11,0,56,0,15,2,23,0,217,0,0,0,0
0,0,0,0,0,0,0,17,0,90,0,0,0,0,0,0,0,0,0,0,0,9,0,0,0,3,0,0,0,0,0,0,0,0,0,0,0,4,0,0,0,0,0,5,0,15,0,0,0,0,0,5,20,5,24,66,29,70,58,0,0,3,0,0,32,98,110,202,0,0,0,1,0,0,0,0,0,0,0,0,0,0,0,0,0,0,0,0,0,0,0,0,0,0,0,0,0,0,0,0,0,0,0,0,0,0,0,0,0,0,0,0,0,0,0,0,0,0,0,1,0,0,0,0,0,0,0,0,0,0,0,18,0,0,0,3,0,0,0,5,0,0,0,0,0,13,0,0,4,10,0,0,0,0,36,86,0,12,9,38,0,79,0,6,0,7,0,3,0,3,0,8,0,0,0,18,4,0,0,0,0,0,0,0,0,100,0,0,0,0,0,0,0,0,0,0,0,0,0,0,0,0,0,0,0,0,0,0,0,0,0,0,0,20,0,307,0,0,0,19,0,280,0,85,0,24,0,84,0,396,0,14,0,208,0,647,0,5,0,86,0,65,0,10,0,219,0,0,0
61,0,32,1,0,0,190,0,178,13,0,0,1,0,0,0,34,0,0,0,0,0,6,0,18,0,0,0,4,0,0,0,21,0,3,0,49,0,30,0,0,0,5,0,0,0,0,0,2,0,0,0,13,0,11,12,0,0,8,0,0,0,128,0,1,0,0,1,0,0,5,0,0,0,7,0,0,0,0,0,0,0,0,0,0,0,0,0,1,0,0,0,0,0,0,0,0,0,0,0,0,0,0,0,0,0,0,0,0,0,0,0,0,0,0,0,0,0,0,0,0,0,4,0,0,0,0,0,0,0,0,0,0,0,0,0,0,0,130,0,81,0,15,0,152,0,0,0,0,0,0,0,0,0,41,0,167,0,49,0,0,0,10,1,1,0,0,0,3,0,58,0,39,0,0,0,17,7,0,0,0,0,0,0,23,0,0,0,0,0,0,0,0,0,0,0,0,0,0,0,0,0,0,0,0,0,0,0,0,0,19,0,7,0,50,0,0,0,3,0,52,0,18,0,23,0,54,0,75,0,0,0,0,0,0,0,2,0,9,0,1,0,1,0,40,0,0,0,0
3,219,0,66,0,0,7,114,0,32,0,12,0,0,0,7,7,43,0,0,0,0,0,11,6,60,0,0,0,1,1,0,0,44,0,0,0,54,0,95,0,0,0,0,0,1,0,0,0,1,0,0,0,32,0,20,0,8,0,3,0,0,2,29,0,0,0,0,0,0,0,0,0,0,0,0,0,0,0,0,0,0,0,0,0,0,0,1,0,0,0,0,0,0,0,0,0,0,0,0,0,0,0,0,0,0,0,0,0,0,0,0,0,0,0,0,0,0,0,0,0,0,0,0,0,0,0,0,0,0,0,0,0,0,0,0,0,13,0,65,0,54,0,16,0,92,0,0,0,0,0,0,0,0,0,52,0,191,0,21,0,0,0,0,0,0,0,0,0,0,0,30,0,16,0,0,0,31,0,0,0,0,1,24,0,0,0,0,0,0,0,0,0,0,0,0,0,0,0,0,0,0,0,0,0,0,0,0,0,0,0,12,0,8,0,38,0,0,0,0,0,103,0,29,0,13,1,132,0,103,0,0,0,44,0,6,0,0,0,3,0,0,0,0,0,9,0,0,0
44,19,36,7,0,0,325,123,530,90,3,0,0,0,0,0,490,11,0,0,74,0,32,0,85,57,11,0,16,0,36,0,39,0,0,0,42,0,19,1,0,0,0,0,4,0,0,0,4,0,16,0,85,9,20,75,9,6,8,0,128,2,0,12,0,0,8,0,0,0,5,0,3,0,0,0,0,0,0,0,0,0,0,0,0,0,4,0,0,0,0,0,0,0,0,0,0,0,0,0,0,0,0,0,0,0,0,0,0,0,0,0,0,0,0,0,0,0,0,0,0,0,0,0,0,0,0,0,0,0,4,0,0,0,0,0,17,0,151,0,58,0,39,0,58,0,0,0,0,0,0,0,0,0,215,0,75,0,145,0,5,0,0,0,0,0,1,0,3,0,32,0,12,0,3,0,22,20,0,0,0,0,0,0,17,0,0,0,0,0,0,0,0,0,0,0,0,0,0,0,0,0,0,0,0,0,0,0,0,0,11,0,9,0,79,3,0,0,5,0,27,1,21,0,20,0,74,0,55,0,17,0,49,0,15,0,2,2,40,0,5,0,10,0,116,3,0,0,0
8,351,12,63,0,5,19,343,26,292,0,5,0,0,0,17,12,291,0,0,0,33,7,69,25,106,0,0,0,48,0,29,0,43,0,0,0,21,0,40,0,0,0,0,0,0,0,0,0,0,0,0,1,71,4,110,0,9,0,0,0,29,12,0,0,1,0,0,0,0,0,0,0,0,0,0,0,0,0,0,0,2,0,0,0,0,0,0,0,0,0,0,0,0,0,0,0,0,0,0,0,0,0,0,0,0,0,0,0,0,0,0,0,0,0,0,0,0,0,0,0,3,0,4,0,1,0,0,0,14,0,0,0,0,0,22,0,54,0,60,0,27,0,13,0,26,0,0,0,0,0,0,0,0,0,100,0,84,0,45,0,6,0,0,0,3,0,0,0,1,0,18,3,5,0,0,0,77,0,0,0,0,0,36,0,8,0,0,0,0,0,0,0,0,0,0,0,1,0,0,0,0,0,0,0,0,0,0,0,8,0,8,0,8,0,35,0,0,0,5,0,93,0,23,0,13,3,26,0,66,0,0,0,72,0,11,0,0,0,4,0,0,0,0,1,24,0,0,0
7,0,17,0,3,0,5,0,29,2,1,0,4,0,5,0,4,0,0,0,3,0,0,0,0,0,0,0,0,0,0,0,0,0,0,0,0,0,0,0,0,0,0,0,0,0,0,0,1,0,0,0,11,0,17,0,111,1,179,32,1,0,0,0,0,0,66,36,0,0,2,0,5,0,0,0,0,0,0,0,0,0,0,0,0,0,0,0,0,0,0,0,0,0,0,0,0,0,0,0,0,0,0,0,0,0,0,0,0,0,0,0,0,0,0,0,0,0,0,0,0,0,0,0,0,0,0,0,1,0,38,0,0,0,0,0,0,0,19,0,0,0,0,0,53,3,4,0,54,5,4,0,4,0,40,18,17,0,19,23,228,27,19,0,0,0,0,0,0,0,7,0,0,0,47,27,17,0,0,0,80,3,0,0,41,10,0,0,0,0,0,0,0,0,0,0,0,0,0,0,0,0,0,0,0,0,0,0,0,0,0,0,0,0,27,0,0,0,0,0,0,0,0,0,0,0,39,1,0,0,0,0,0,0,89,0,0,0,57,0,2,0,9,0,34,1,0,0,0
0,7,0,0,0,0,0,14,0,55,0,0,0,0,0,25,0,0,0,21,0,3,0,0,0,2,0,5,0,0,0,0,0,0,0,0,0,0,0,0,0,0,0,0,0,0,0,0,0,0,0,0,0,0,0,11,7,11,0,98,0,0,0,1,0,0,5,283,0,0,2,3,0,1,0,0,0,0,0,0,0,0,0,0,0,1,0,1,0,0,0,0,0,0,0,0,0,0,0,0,0,0,0,0,0,0,0,0,0,0,0,0,0,0,0,0,0,0,0,0,0,3,0,4,0,21,0,6,9,0,42,17,0,0,0,2,0,0,0,5,0,0,0,0,2,32,0,56,28,285,0,34,2,16,3,12,0,0,16,4,33,311,0,4,0,0,0,0,0,0,0,0,0,0,5,164,0,3,0,0,1,94,0,0,2,123,0,0,0,0,0,0,0,0,0,0,0,0,0,0,0,0,0,0,0,0,0,0,0,20,0,0,0,0,0,0,0,0,0,0,0,0,0,12,0,0,0,36,0,26,0,0,0,14,0,76,0,0,0,25,0,0,0,1,0,21,0,0,0
7,0,27,0,3,0,16,10,114,87,0,0,3,0,0,0,0,0,0,0,0,0,3,0,0,0,3,0,0,0,0,0,0,0,0,0,0,1,0,0,0,0,2,0,0,0,0,0,0,0,2,0,64,0,81,113,95,60,489,110,0,0,8,0,66,5,0,75,0,0,0,0,0,0,0,0,0,0,0,0,0,0,0,0,0,0,0,0,0,0,0,0,0,0,0,0,0,0,0,0,0,0,0,0,0,0,0,0,0,0,0,0,0,0,0,0,0,0,0,0,0,0,0,0,4,0,0,0,0,0,27,0,0,0,0,0,0,0,1,0,0,0,0,0,13,0,8,0,20,0,0,0,0,0,70,13,29,0,7,3,108,6,6,0,0,0,1,0,0,0,19,0,4,0,11,3,156,6,1,0,14,8,2,0,113,88,0,0,0,0,0,0,0,0,0,0,0,0,0,0,0,0,0,0,0,0,0,0,0,1,0,0,0,0,85,2,0,0,6,0,31,0,17,0,19,0,62,0,36,0,4,0,69,0,92,2,4,0,50,0,6,0,12,0,117,0,0,0,0
0,12,0,3,0,8,0,9,25,167,0,3,0,5,0,26,0,0,0,20,0,2,0,0,0,0,0,8,0,0,0,0,0,0,0,0,0,0,0,0,0,0,0,0,0,4,0,0,0,2,0,0,25,6,30,54,45,138,89,202,1,0,0,0,36,283,75,0,0,0,0,0,0,0,0,0,0,0,0,0,0,0,0,0,0,0,0,0,0,0,0,0,0,0,0,0,0,1,0,0,0,0,0,0,0,0,0,0,0,0,0,0,0,0,0,0,0,0,0,0,0,1,0,0,1,8,0,2,0,0,0,8,0,0,0,10,0,0,4,3,0,0,0,0,0,32,0,9,0,83,0,7,0,17,33,65,0,12,10,32,25,100,0,0,0,1,0,0,0,3,0,0,0,0,1,65,11,30,0,0,0,121,0,0,2,407,0,0,0,0,0,0,0,0,0,0,0,2,0,2,0,0,0,0,0,0,0,3,0,2,0,0,0,0,0,145,0,0,0,10,0,112,0,0,0,13,0,145,0,119,0,14,0,127,0,469,0,4,0,84,0,37,0,11,0,163,0,0,0
0,0,0,0,0,0,0,0,0,0,0,0,0,0,0,0,0,0,0,0,0,0,0,0,0,0,0,0,0,0,0,0,0,0,2,0,0,0,0,0,0,0,0,0,0,0,0,0,2,0,0,0,0,0,0,0,0,0,0,0,0,0,0,0,0,0,0,0,0,0,0,0,11,0,3,0,109,0,36,0,11,0,22,0,0,0,83,0,28,0,0,0,17,0,18,0,0,0,13,0,11,0,192,0,66,0,73,0,60,0,1,0,0,0,16,0,11,0,0,0,8,0,0,0,0,0,0,0,0,0,0,0,0,0,0,0,0,0,0,0,0,0,0,0,0,0,0,0,0,0,0,0,0,0,0,0,0,0,0,0,1,0,0,0,0,0,0,0,59,0,3,0,0,0,0,0,0,0,0,0,0,0,0,0,0,0,0,0,0,0,0,0,0,0,19,0,11,0,0,0,0,0,0,0,0,0,0,0,0,0,0,0,84,0,162,0,146,0,0,0,0,0,70,0,12,0,2,0,69,0,0,0,0,0,0,0,0,0,0,0,0,0,0,0,0,0,0,0,0
0,0,0,0,0,0,0,0,0,0,0,0,0,0,0,0,0,0,0,0,0,0,0,0,0,0,0,0,0,0,0,0,0,0,0,0,0,0,0,0,0,0,0,1,0,0,0,0,0,3,0,0,0,0,0,0,0,0,0,0,0,0,0,0,0,0,0,0,0,0,0,0,0,6,0,0,0,69,0,11,0,14,0,43,0,0,0,34,0,14,0,0,0,6,0,8,0,14,0,11,0,0,0,152,0,28,0,29,0,26,0,0,0,3,0,23,0,15,0,0,0,4,0,0,0,0,0,0,0,0,0,0,0,0,0,0,0,0,0,0,0,0,0,0,0,0,0,0,0,0,0,7,0,0,0,0,0,0,0,0,0,0,0,0,0,33,0,0,0,58,0,11,0,2,0,0,0,0,0,0,0,5,0,0,0,0,0,0,0,0,0,0,0,0,0,0,0,0,0,0,0,16,0,0,0,12,0,0,0,3,0,18,0,129,0,70,0,63,0,0,0,3,0,56,0,5,0,0,0,68,0,0,0,0,0,0,0,0,0,19,0,0,0,0,0,0,0,0,0
0,0,0,0,0,0,0,0,0,0,0,0,0,0,3,0,28,0,16,0,32,0,4,1,0,0,0,0,6,0,14,0,14,0,16,0,21,0,7,0,5,0,25,0,0,0,0,0,0,0,23,0,0,0,0,0,0,0,0,0,5,0,5,0,2,2,0,0,0,0,0,0,319,0,129,0,6,0,59,0,6,0,0,0,0,0,32,0,0,0,0,0,0,0,0,0,0,0,0,0,0,0,0,0,0,0,0,0,0,0,0,0,0,0,0,0,0,0,0,0,52,0,14,0,19,0,0,2,0,0,29,0,9,0,26,1,0,0,9,0,79,0,29,0,86,0,11,0,84,0,14,0,25,3,0,0,13,0,3,0,10,2,47,0,0,0,5,0,24,0,46,0,23,0,58,7,0,0,0,0,12,0,0,0,24,0,0,0,0,0,0,0,0,1,0,0,0,0,5,0,0,0,0,0,0,0,7,0,32,0,4,0,3,0,11,0,0,0,0,0,8,1,29,1,8,0,10,0,74,0,0,0,0,0,10,0,0,0,17,0,4,0,6,0,4,0,0,0,0
0,0,0,2,0,2,0,0,0,0,0,5,0,3,0,0,0,7,0,0,0,26,0,8,0,0,0,6,0,2,0,9,0,0,0,10,0,21,0,0,0,0,0,3,0,5,0,0,1,0,0,6,0,0,0,0,0,0,0,1,0,0,0,0,0,3,0,0,0,0,0,0,0,163,0,199,0,22,0,65,2,0,0,2,0,8,0,49,0,0,0,0,0,0,0,0,0,0,0,0,0,0,0,0,0,0,0,0,0,0,0,0,0,0,0,0,0,0,0,0,0,38,1,115,0,46,0,21,2,0,0,12,0,28,0,35,0,0,0,0,0,14,0,33,0,261,18,62,2,19,0,40,5,22,0,0,0,0,0,0,0,2,0,41,0,0,0,1,0,2,0,1,0,0,1,19,0,0,0,6,3,23,0,0,0,0,0,2,0,0,0,0,0,0,0,0,0,3,0,0,0,0,0,0,0,0,0,20,0,18,0,0,0,0,0,2,0,0,0,0,0,0,0,3,0,0,0,9,0,48,0,0,0,0,0,7,0,0,0,22,0,0,0,0,0,12,0,0,0
