0,282,89,141,60,0,6,0,57,29,70,6,119,0,11,0,42,129,0,0,8,0,16,138,10,310,20,0,104,0,0,0,62,19,0,0,0,0,368,57,34,0,2,0,0,0,28,0,8,0,2,0,0,0,4,12,4,0,4,0,25,0,19,34,37,0,8,0,0,0,0,0,0,0,0,1,0,0,0,0,0,0,0,0,0,0,0,0,0,0,0,0,0,0,0,0,0,0,0,0,0,0,0,0,0,0,0,0,0,0,0,0,0,0,0,0,1,0,0,0,0,0,0,0,6,0,9,0,0,0,23,0,0,0,16,0,0,0,0,0,0,0,0,0,0,0,27,0,48,0,19,0,9,0,0,0,0,0,0,0,2,0,0,0,0,0,19,0,42,0,36,0,265,0,0,0,339,107,15,0,4,0,69,10,82,0,0,0,0,0,0,0,0,0,0,0,0,0,0,0,0,0,0,0,0,0,0,0,33,0,660,161,176,0,256,0,0,0,0,0,7,2,0,0,0
282,0,308,45,108,220,109,85,43,51,76,125,0,81,0,42,180,40,0,119,19,14,440,18,307,95,0,155,12,162,0,10,28,147,0,0,0,93,22,358,0,0,0,0,0,49,0,47,0,0,0,0,0,11,0,31,0,16,0,13,0,120,27,69,0,96,0,21,0,2,0,0,0,0,0,0,0,0,0,0,0,22,0,7,0,0,0,0,0,0,0,0,0,5,0,0,0,0,0,0,0,0,0,0,0,0,0,0,0,0,0,0,0,0,0,0,0,0,0,0,0,0,0,0,0,18,0,27,0,0,0,58,0,10,2,50,0,53,0,0,0,0,0,0,0,0,0,19,0,55,0,84,0,0,0,0,0,0,0,0,0,9,0,0,0,6,0,18,0,16,0,32,0,122,0,0,167,350,0,0,0,32,0,5,0,71,0,0,0,0,0,0,0,0,0,0,0,0,0,28,0,0,0,0,0,6,0,0,0,99,0,0,0,0,448,0,0,0,945,204,341,181,0,0,0
89,308,0,219,148,137,62,29,16,15,24,136,203,0,113,142,0,93,38,0,0,0,257,203,87,173,27,0,184,39,74,0,308,0,0,0,57,0,284,70,23,0,0,0,0,0,23,2,16,0,0,0,0,0,41,0,0,0,6,0,0,0,0,0,18,0,0,0,0,0,0,0,0,0,0,0,0,0,0,0,0,0,0,0,0,0,0,0,0,0,0,0,0,0,0,0,0,0,0,0,0,0,0,0,0,0,55,0,0,0,0,0,0,0,0,0,0,0,0,0,0,0,0,0,0,0,33,0,0,0,39,0,0,0,397,0,0,0,0,0,0,0,0,0,0,0,56,3,95,0,64,0,0,0,0,0,0,0,0,0,0,0,0,0,0,0,99,0,63,0,0,0,213,0,0,0,159,105,0,0,0,0,0,18,45,0,0,0,0,0,0,0,0,0,0,0,0,0,37,0,74,0,0,0,0,0,0,0,167,0,559,60,314,0,328,1,0,0,0,12,0,0,0,0,0
141,45,219,0,150,120,0,64,0,5,87,2,0,0,0,131,105,51,0,199,24,28,338,256,50,185,0,29,0,145,0,20,0,218,0,0,0,92,0,100,0,0,0,0,0,11,0,2,0,2,0,0,0,0,0,63,0,5,0,7,0,0,0,0,0,0,0,0,0,0,0,0,0,0,0,0,0,0,0,0,0,0,0,0,0,0,0,0,0,0,0,0,0,0,0,0,0,0,0,0,0,0,0,0,0,0,0,20,0,0,0,0,0,0,0,0,0,0,0,0,0,0,0,0,0,0,0,0,0,0,0,5,0,16,0,0,0,42,0,0,0,0,0,0,0,0,0,0,0,0,0,0,0,0,2,0,0,2,0,0,0,2,0,0,0,0,0,78,0,0,0,9,0,33,0,0,53,49,0,0,0,0,3,0,0,0,0,0,0,0,0,0,0,0,0,0,0,2,0,0,0,0,0,0,0,0,0,0,0,39,0,2,0,0,76,0,0,0,174,36,154,0,0,0,1
60,108,148,150,0,452,28,0,65,0,32,253,610,104,76,486,0,0,26,505,46,110,108,206,0,16,103,113,0,0,130,0,313,69,80,0,244,28,0,0,67,0,39,0,0,13,81,0,15,0,132,12,0,0,9,0,0,0,0,0,0,0,0,0,0,0,0,0,0,0,0,0,0,0,0,0,0,0,0,0,0,0,0,0,0,0,0,0,0,0,0,0,0,0,0,0,0,0,0,0,0,0,0,0,0,0,0,0,0,0,0,0,0,0,0,0,0,0,0,0,0,0,0,0,0,0,0,0,0,0,19,0,0,0,0,0,0,0,0,0,0,0,0,0,0,0,0,0,65,0,45,0,0,1,0,0,0,0,0,0,0,0,4,0,141,0,359,8,127,0,20,0,130,0,0,0,346,190,141,0,0,0,54,0,53,0,0,0,0,0,0,0,0,0,0,0,0,0,0,0,0,0,0,0,0,0,0,0,0,0,780,295,823,148,296,2,0,0,0,43,0,0,0,0,0
0,220,137,120,452,0,0,60,0,34,125,170,98,67,447,108,19,0,171,381,115,145,195,46,0,0,0,263,0,0,38,140,29,234,21,160,10,280,0,0,0,9,0,0,0,64,0,98,0,15,0,71,0,0,0,39,0,9,0,0,0,0,0,0,0,23,0,0,0,0,0,0,0,0,0,0,0,0,0,0,0,0,0,0,0,0,0,0,0,0,0,0,0,0,0,0,0,0,0,0,0,0,0,0,0,0,0,0,0,0,0,0,0,0,0,0,0,0,0,0,0,0,0,0,0,7,0,0,0,0,0,22,0,0,0,100,0,72,0,0,0,0,0,0,0,0,0,0,0,0,0,0,0,0,0,0,0,0,0,0,0,0,0,10,0,0,0,335,0,68,0,27,0,49,0,0,110,250,21,3,0,0,0,0,0,25,0,4,0,0,0,0,0,0,0,0,0,4,0,0,0,0,0,0,0,0,0,0,0,74,14,0,0,0,271,0,0,0,836,462,765,156,0,3,0
6,109,62,0,28,0,0,0,19,211,21,0,58,0,0,0,11,30,0,0,0,0,2,0,209,162,0,0,70,0,0,0,0,0,0,0,0,0,203,0,0,0,0,0,0,0,0,0,28,0,0,0,58,30,167,117,4,0,1,0,159,0,207,91,1,0,4,20,0,0,0,0,0,0,0,0,0,0,0,0,0,0,1,0,0,0,0,0,0,0,0,0,0,0,0,0,0,0,0,0,0,0,0,0,0,0,0,0,0,0,0,0,0,0,0,0,0,0,0,0,0,0,0,0,0,0,29,0,1,0,36,0,0,0,73,0,27,0,2,0,0,0,0,0,0,0,0,0,6,0,7,0,0,0,0,0,5,0,0,0,3,0,0,0,0,0,0,0,17,0,147,0,180,0,0,0,60,57,1,0,0,0,0,7,1,0,0,0,0,0,0,0,0,0,0,0,0,0,0,0,0,0,0,0,0,0,0,0,106,0,656,71,149,0,597,0,0,0,0,0,0,2,0,0,0
0,85,29,64,0,60,0,0,114,18,0,27,0,0,0,20,60,48,0,48,0,0,20,8,216,410,0,0,0,120,0,2,0,0,0,0,0,0,0,252,0,0,0,0,0,0,0,0,0,1,0,3,17,27,0,267,0,31,0,13,0,195,60,134,0,4,0,3,0,0,0,0,0,0,0,0,0,0,0,0,0,0,0,0,0,0,0,0,0,0,0,0,0,0,0,0,0,0,0,0,0,0,0,0,0,0,0,0,0,0,0,0,0,0,0,0,0,0,0,0,0,0,0,0,0,0,0,0,0,7,0,23,0,8,0,9,0,16,0,0,0,0,0,0,0,0,0,0,0,3,0,0,0,0,0,3,0,0,0,0,0,0,0,0,0,0,0,0,0,24,0,76,0,127,0,0,50,41,0,0,0,0,0,0,0,0,0,0,0,0,0,0,0,0,0,0,0,0,0,0,0,0,0,0,0,0,0,0,0,26,0,0,0,0,503,0,0,0,630,127,386,302,7,40,0
57,43,16,0,65,0,19,114,0,427,12,0,76,0,45,0,0,0,0,0,0,0,0,0,0,151,39,0,0,0,0,1,0,0,0,0,0,0,77,0,27,0,0,0,0,2,48,0,9,0,0,0,54,110,84,434,35,12,16,88,186,0,119,117,39,0,41,56,0,0,0,0,0,0,0,0,0,0,0,0,0,0,0,0,0,0,0,0,0,0,0,0,0,0,0,0,0,0,0,0,0,0,0,0,0,0,0,0,0,0,0,0,0,0,0,0,0,0,0,0,0,0,0,0,24,0,42,0,4,0,78,0,0,0,29,0,0,0,1,0,0,0,0,0,0,0,87,1,124,0,79,0,33,0,0,0,16,0,0,0,4,0,0,0,0,0,0,0,12,0,107,5,63,0,0,0,463,91,11,0,0,0,5,0,68,36,0,0,0,0,0,0,0,0,0,0,4,0,0,0,0,0,3,0,0,0,30,0,129,0,450,87,76,0,209,0,0,4,0,0,0,3,0,1,0
29,51,15,5,0,34,211,18,427,0,2,22,0,7,0,9,22,8,0,22,0,0,0,0,197,64,0,17,0,0,0,0,0,0,0,0,0,0,2,0,0,0,0,0,0,0,0,0,0,0,0,0,66,37,362,138,0,43,50,34,0,308,115,110,0,192,0,80,0,2,0,0,0,0,0,0,0,0,0,0,0,0,0,0,0,0,0,3,0,0,0,0,0,0,0,0,0,0,0,0,0,0,0,0,0,0,0,0,0,0,0,0,0,0,0,0,0,0,0,0,0,0,0,0,0,50,0,61,0,0,0,121,0,16,0,14,0,27,0,0,0,5,0,0,0,0,0,20,0,73,0,58,0,0,0,5,0,20,0,0,0,0,0,0,0,3,0,0,0,15,4,109,0,67,0,0,125,230,0,0,0,0,0,34,0,133,0,0,0,0,0,0,0,0,0,0,0,0,0,12,0,0,0,0,0,0,0,17,0,200,0,0,6,0,310,0,0,0,510,176,231,166,5,25,0
70,76,24,87,32,125,21,0,12,2,0,59,140,0,10,168,11,0,0,27,19,0,26,164,0,0,16,0,0,0,43,0,253,19,0,0,123,13,3,0,31,0,0,0,7,0,30,0,0,0,0,0,0,0,0,0,0,0,0,0,0,0,0,0,7,0,0,0,0,0,0,0,0,0,0,0,0,0,0,0,0,0,0,0,0,0,0,0,0,0,0,0,0,0,0,0,0,0,0,0,0,0,0,0,0,0,0,0,0,0,0,0,0,0,0,0,0,0,0,0,0,0,0,0,0,0,0,0,0,0,0,0,0,0,0,0,0,0,0,0,0,0,0,0,0,0,0,0,0,0,11,0,0,0,0,0,0,0,0,0,0,0,0,0,0,0,84,0,43,0,0,0,0,4,0,0,190,67,31,0,0,0,8,0,5,0,4,0,0,0,0,0,0,0,0,0,0,0,0,0,0,0,0,0,0,0,0,0,0,0,304,116,196,42,104,0,0,0,0,0,0,0,0,0,0
6,125,136,2,253,170,0,27,0,22,59,0,24,139,347,16,19,0,115,96,82,29,158,28,0,0,10,285,0,0,29,45,19,137,7,105,0,136,0,33,0,151,0,0,0,84,0,226,0,114,0,0,0,0,0,8,0,0,0,0,0,10,0,3,0,13,0,0,0,0,0,1,0,0,0,0,0,0,0,0,0,0,0,0,0,0,0,0,0,0,0,0,0,0,0,0,0,0,0,0,0,0,0,0,0,0,0,0,0,0,0,0,0,0,0,0,0,0,0,0,0,0,0,0,0,0,0,0,0,0,0,0,0,0,0,11,0,5,0,0,0,4,0,0,0,0,0,0,0,53,0,100,0,159,0,0,0,8,0,1,0,0,0,0,0,0,0,90,0,14,0,11,0,23,0,0,74,220,9,10,0,148,0,19,0,87,0,11,0,0,0,5,0,0,0,0,0,0,0,5,0,0,0,0,0,0,0,0,0,17,16,0,23,0,114,0,0,0,416,250,243,0,0,2,0
119,0,203,0,610,98,58,0,76,0,140,24,0,424,188,25,0,0,59,318,22,27,0,0,0,0,101,467,0,0,10,0,8,0,34,0,24,0,0,0,172,71,56,105,88,209,207,194,38,22,150,76,0,0,0,0,0,0,0,0,0,0,0,1,14,0,0,0,0,0,0,0,0,0,0,0,0,0,0,0,0,0,0,0,0,0,0,0,0,0,0,0,0,0,0,0,0,0,0,0,0,0,0,0,0,0,0,0,0,0,0,0,0,0,0,0,0,0,0,0,0,0,0,0,0,0,0,0,0,0,27,0,0,0,0,0,0,0,0,0,0,0,0,0,2,0,0,0,40,0,0,0,0,0,0,0,0,0,0,0,0,0,0,0,70,0,0,0,0,0,8,0,10,0,0,0,218,87,82,0,121,0,83,0,61,0,140,6,0,0,0,0,0,0,0,0,0,0,0,0,0,0,0,0,0,0,0,0,46,0,125,179,220,36,27,0,0,1,0,28,0,0,0,0,0
0,81,0,0,104,67,0,0,0,7,0,139,424,0,79,0,0,0,455,8,36,15,0,0,0,0,334,88,0,0,0,0,0,0,0,65,5,17,0,0,102,163,77,51,28,74,13,259,0,129,49,104,0,1,0,0,0,0,0,0,0,0,0,0,0,0,0,0,0,0,0,0,0,0,0,0,0,0,0,0,0,0,0,0,0,0,0,0,0,0,0,0,0,0,0,0,0,0,0,0,0,0,0,0,0,0,0,0,0,0,0,0,0,0,0,0,0,0,0,0,0,0,0,0,0,0,0,0,0,0,0,0,0,0,0,0,0,5,0,0,0,0,0,0,0,0,0,0,0,0,0,17,0,18,0,0,0,0,0,0,0,0,0,0,0,27,0,17,0,12,0,0,0,0,0,0,36,257,6,24,0,27,0,0,0,0,42,35,0,0,0,0,0,0,0,0,0,0,0,0,0,0,0,0,0,0,0,0,0,0,0,0,12,0,24,0,0,0,178,331,278,52,0,1,0
11,0,113,0,76,447,0,0,45,0,10,347,188,79,0,755,38,0,223,409,28,164,229,196,44,0,186,59,0,0,20,82,33,120,75,151,83,68,0,4,37,0,36,0,56,11,75,0,4,0,33,0,14,0,45,0,0,0,0,0,0,0,55,0,18,0,0,0,0,0,0,0,0,0,0,0,0,0,0,0,0,0,0,0,0,0,0,0,0,0,0,0,0,0,0,0,0,0,0,0,0,0,0,0,0,0,381,0,0,0,0,0,0,0,0,0,0,0,0,0,0,0,0,0,0,0,0,0,0,0,40,0,0,0,394,0,33,0,0,0,0,0,143,0,0,0,0,0,112,0,92,0,33,0,0,0,21,0,0,0,0,0,0,0,15,0,49,13,30,2,19,0,0,0,0,0,120,70,30,0,0,0,11,0,57,0,0,0,0,0,0,0,0,0,0,0,0,0,0,0,0,0,0,0,0,0,0,0,128,0,125,155,90,0,0,0,0,0,15,67,0,0,0,0,0
0,42,142,131,486,108,0,20,0,9,168,16,25,0,755,0,24,37,46,287,206,165,221,56,0,45,0,58,0,12,63,70,53,47,20,43,28,84,0,0,0,0,0,43,0,44,0,0,0,0,2,22,0,5,0,125,0,18,0,0,0,0,0,33,0,8,0,0,0,0,0,0,0,0,0,0,0,0,0,0,0,0,0,0,0,259,0,0,0,0,0,6,0,0,0,0,0,277,0,0,0,0,0,0,0,0,0,0,0,0,0,0,0,0,0,0,0,0,0,0,0,0,0,7,0,0,0,65,0,0,0,6,0,68,0,448,0,246,0,0,0,56,0,177,0,0,0,0,3,4,0,34,0,0,0,12,0,4,4,0,17,0,0,0,0,24,0,122,0,44,0,13,0,0,0,0,71,57,19,0,0,0,1,1,0,9,0,0,0,0,0,0,0,0,0,0,0,0,0,0,0,329,0,0,0,0,0,0,0,125,0,0,0,0,34,0,0,0,119,298,132,42,0,0,0
42,180,0,105,0,19,11,60,0,22,11,19,0,0,38,24,0,83,55,0,163,0,44,112,33,155,47,0,329,0,73,0,213,16,9,0,17,0,230,62,0,0,3,0,12,0,0,0,0,0,11,0,23,0,2,0,0,0,0,1,0,0,240,35,0,0,0,0,0,0,7,0,0,0,17,0,0,0,0,0,138,0,0,0,275,0,61,0,0,0,173,0,0,0,0,0,408,0,294,0,0,0,0,0,0,0,381,0,0,0,0,0,0,0,0,0,0,0,0,0,53,0,74,2,0,0,0,0,38,0,1,0,0,0,63,0,64,0,57,0,0,0,156,0,0,0,0,0,0,0,0,0,0,0,0,0,0,0,0,0,0,0,0,0,7,0,20,0,34,0,13,0,75,0,0,0,9,8,0,0,0,0,0,6,0,0,0,0,0,0,0,0,0,0,0,0,0,0,0,0,54,0,0,0,0,0,0,0,17,0,47,165,65,36,83,0,0,0,0,0,4,0,0,0,0
129,40,93,51,0,0,30,48,0,8,0,0,0,0,0,37,83,0,0,31,3,153,165,122,142,36,0,11,0,127,0,12,0,67,0,0,2,20,16,166,0,0,0,0,0,8,0,0,0,0,0,0,0,14,3,15,0,6,0,2,0,6,0,217,0,0,0,0,0,0,0,0,0,0,0,6,0,0,0,0,0,84,0,0,0,209,0,34,0,0,0,5,0,0,0,0,0,143,0,67,0,21,0,0,0,0,0,49,0,0,0,0,0,0,0,0,0,0,0,0,0,39,0,17,0,0,0,62,0,47,0,0,0,64,0,232,0,144,0,59,0,93,0,292,0,0,0,0,0,0,0,0,0,0,0,10,0,0,0,0,0,9,0,0,0,0,0,10,0,0,0,2,0,20,0,0,0,0,0,0,0,0,0,8,0,0,0,0,0,0,0,0,0,0,0,0,0,0,0,0,0,0,0,0,0,0,0,0,0,27,0,0,0,0,48,0,0,0,57,188,106,25,1,0,0
0,0,38,0,26,171,0,0,0,0,0,115,59,455,223,46,55,0,0,626,121,62,212,0,20,0,271,363,0,0,0,0,0,0,77,0,19,7,0,0,12,17,102,71,113,42,81,46,3,0,189,50,17,0,0,0,0,0,0,0,0,0,132,0,9,0,0,1,0,0,0,0,0,0,0,0,0,0,0,0,0,0,0,0,0,0,0,0,0,0,121,0,0,0,0,0,0,0,0,0,0,0,0,0,0,0,0,0,0,0,0,0,0,0,0,0,0,0,0,0,0,0,0,0,0,0,0,0,0,0,0,0,0,0,235,0,0,0,0,0,0,0,0,0,0,0,0,0,0,0,0,0,0,0,0,0,0,0,0,0,0,0,0,0,115,0,20,0,39,0,0,0,0,0,0,0,58,37,46,2,0,0,14,0,0,0,31,0,0,0,0,0,0,0,0,0,0,0,0,0,0,0,0,0,0,0,0,0,0,0,106,233,245,25,39,0,0,0,0,13,0,0,0,0,0
0,119,0,199,505,381,0,48,0,22,27,96,318,8,409,287,0,31,626,0,99,118,7,119,0,28,69,187,0,0,44,32,0,8,33,255,0,93,0,0,0,0,0,74,0,96,0,18,0,5,36,176,0,16,0,169,0,0,0,0,0,0,0,72,0,0,0,4,0,0,0,0,0,0,0,0,0,0,0,0,0,222,0,0,0,452,0,0,0,0,0,0,0,0,0,0,0,451,0,0,0,0,0,0,0,0,0,0,0,0,0,0,0,3,0,0,0,0,0,0,0,0,0,0,0,0,0,91,0,0,0,0,0,71,0,690,0,336,0,0,0,0,0,218,0,0,0,0,0,0,0,69,0,0,0,0,0,0,0,0,6,0,0,0,0,0,0,18,0,60,0,14,0,9,0,0,65,145,23,6,0,0,0,0,0,0,0,22,0,0,0,0,0,0,0,0,0,0,0,0,0,0,0,0,0,0,0,0,0,286,0,0,0,0,0,0,0,0,179,260,209,80,3,0,0
8,19,0,24,46,115,0,0,0,0,19,82,22,36,28,206,163,3,121,99,0,34,53,93,6,0,149,23,60,0,43,0,146,0,47,7,27,0,0,5,0,0,51,0,43,0,0,4,11,0,134,0,8,0,0,0,0,0,6,0,4,0,241,0,0,0,0,0,0,0,111,0,21,0,97,0,0,0,0,0,319,0,0,0,237,0,156,0,0,0,186,0,0,0,0,0,214,0,569,0,169,0,0,0,37,0,285,0,0,0,0,0,0,0,0,0,0,0,0,0,165,0,84,0,0,1,0,0,18,0,0,0,1,0,0,0,64,0,68,0,0,0,234,0,59,0,0,0,0,0,0,0,0,0,0,0,0,0,0,0,0,0,0,0,59,0,69,0,0,0,5,0,23,0,0,0,15,0,35,0,0,0,0,0,0,0,0,0,0,0,0,0,0,0,0,0,0,0,0,0,22,0,0,0,0,0,0,0,6,0,122,241,135,14,0,0,0,3,0,14,4,0,0,0,0
0,14,0,28,110,145,0,0,0,0,0,29,27,15,164,165,0,153,62,118,34,0,0,110,0,9,9,67,0,140,15,26,0,48,8,37,0,44,0,13,0,0,0,53,0,48,0,0,0,1,0,50,0,17,0,16,0,0,0,0,0,0,0,174,0,0,0,0,0,0,0,5,0,0,0,0,0,0,0,0,0,162,0,0,0,0,0,0,0,0,0,0,0,0,0,0,0,0,0,0,0,37,0,0,0,0,0,0,0,0,0,0,0,0,0,0,0,0,0,0,0,0,0,29,0,0,0,0,0,0,0,0,0,0,0,193,0,0,0,184,0,276,0,533,0,155,0,0,0,0,0,4,0,0,0,0,0,0,0,29,0,0,0,0,0,0,0,34,0,22,0,0,0,0,0,0,0,31,6,1,0,0,0,0,0,0,0,23,0,0,0,0,0,0,0,0,0,0,0,0,0,0,0,0,0,0,0,0,0,24,0,0,0,0,40,0,0,0,167,423,110,21,2,0,0
16,440,257,338,108,195,2,20,0,0,26,158,0,0,229,221,44,165,212,7,53,0,0,501,127,217,101,0,49,47,64,0,65,106,10,0,24,59,63,123,0,0,15,0,24,0,0,0,0,0,6,0,8,0,92,0,0,1,0,0,0,0,57,0,0,0,0,0,0,0,0,0,0,0,0,0,0,0,0,0,0,0,0,0,100,0,0,0,0,0,0,0,0,1,0,0,285,0,0,0,0,0,0,0,0,0,530,0,0,0,0,0,0,0,0,0,0,0,0,0,0,0,0,0,0,0,0,0,36,0,12,0,0,0,380,0,87,0,39,0,0,0,234,0,0,0,0,0,10,0,27,0,0,0,6,0,0,0,0,0,0,0,0,0,0,0,31,0,35,0,24,0,85,0,0,0,78,56,7,0,0,0,9,9,0,0,0,0,0,0,0,0,0,0,0,0,0,0,0,0,219,0,0,0,0,0,0,0,80,0,76,136,105,42,73,0,0,0,19,14,0,0,0,0,0
138,18,203,256,206,46,0,8,0,0,164,28,0,0,196,56,112,122,0,119,93,110,501,0,44,41,0,36,0,121,0,21,0,59,0,0,0,57,0,35,0,0,0,16,0,0,0,0,0,0,0,3,0,16,0,45,1,13,0,0,0,0,0,137,0,0,0,0,0,0,0,0,0,0,0,0,0,0,0,0,0,105,0,0,0,227,0,37,0,0,0,0,0,0,0,0,0,144,0,82,0,46,0,0,0,0,0,127,0,0,0,0,0,0,0,0,0,0,0,0,0,52,0,14,0,0,0,32,0,0,0,0,0,0,0,205,0,103,0,40,0,41,0,201,0,0,0,0,0,0,0,0,0,0,0,0,0,0,0,8,0,0,0,0,0,0,0,37,0,23,0,5,0,13,0,0,0,24,0,0,0,0,0,2,0,0,0,0,0,0,0,0,0,0,0,0,0,0,0,0,0,0,0,0,0,0,0,0,0,0,0,0,0,0,43,0,0,0,83,564,90,16,0,0,0
10,307,87,50,0,0,209,216,0,197,0,0,0,0,44,0,33,142,20,0,6,0,127,44,0,561,0,0,53,13,0,0,0,0,0,0,7,0,82,72,0,0,0,0,0,0,4,0,0,0,0,0,12,18,40,86,0,0,0,0,15,57,42,171,0,0,0,0,0,0,0,0,0,0,0,0,0,0,0,0,0,0,0,0,73,0,0,0,0,0,60,0,0,0,0,0,169,0,37,6,0,0,18,0,0,0,180,0,0,0,0,0,0,0,0,0,0,0,0,0,0,4,0,0,0,0,0,0,65,0,8,0,0,0,187,0,107,0,65,0,15,0,161,0,0,2,0,0,0,0,0,0,0,0,9,0,0,0,8,0,0,0,1,0,0,1,0,0,0,0,23,6,71,9,0,0,38,55,0,0,0,0,0,26,0,0,0,0,0,0,0,0,0,0,0,0,0,0,0,0,80,0,0,0,0,0,0,0,37,0,164,123,42,58,148,0,0,0,34,0,12,0,0,1,0
310,95,173,185,16,0,162,410,151,64,0,0,0,0,0,45,155,36,0,28,0,9,217,41,561,0,0,0,21,30,0,0,0,0,0,0,0,0,66,51,0,0,0,0,0,0,0,0,0,0,0,0,8,7,25,83,0,38,0,7,9,14,73,20,0,0,0,0,0,0,0,0,0,0,0,0,0,0,0,0,0,10,0,0,0,71,0,0,0,0,0,4,0,0,0,0,0,88,0,17,0,0,0,7,0,0,0,93,0,0,0,0,0,0,0,0,0,0,0,0,0,0,0,0,0,7,0,32,0,0,0,0,0,73,0,225,0,161,8,47,0,25,0,65,0,0,0,0,0,0,0,0,0,0,0,31,0,0,0,5,25,0,0,0,0,0,0,2,0,0,0,7,0,17,0,0,54,66,0,0,2,0,2,9,0,0,0,0,0,0,0,0,0,0,0,0,0,0,0,0,0,141,0,0,0,0,0,0,0,44,0,0,0,0,25,0,0,0,126,156,33,19,0,0,0
20,0,27,0,103,0,0,0,39,0,16,10,101,334,186,0,47,0,271,69,149,9,101,0,0,0,0,341,60,0,49,0,18,0,10,0,65,0,3,0,32,135,143,108,151,229,142,268,62,39,114,45,15,0,0,0,0,0,0,0,0,0,127,0,0,0,0,0,0,0,41,0,0,0,49,0,0,0,0,0,0,0,0,0,0,0,0,0,0,0,0,0,0,0,0,0,0,0,0,0,0,0,0,0,0,0,0,0,0,0,0,0,0,0,0,0,0,0,0,0,0,0,0,0,0,0,0,0,0,0,0,0,0,0,133,0,0,0,0,0,0,0,131,0,0,0,0,0,0,0,0,0,0,0,3,0,0,0,0,0,0,0,0,0,83,0,0,0,0,0,0,0,0,0,0,0,0,19,10,0,0,0,31,0,35,0,23,5,0,0,0,0,0,0,0,0,0,0,0,0,0,0,0,0,0,0,0,0,0,0,77,323,360,62,39,0,0,0,0,41,0,0,0,0,0
0,155,0,29,113,263,0,0,0,17,0,285,467,88,59,58,0,11,363,187,23,67,0,36,0,0,341,0,0,0,0,4,0,5,11,102,0,42,0,0,88,5,64,178,20,282,18,72,2,46,41,231,0,0,0,0,0,0,0,0,0,0,0,0,0,0,0,0,0,0,0,0,0,0,0,0,0,0,0,0,0,0,0,18,0,0,0,0,0,0,0,0,0,0,0,0,0,0,0,0,0,0,0,0,0,0,0,0,0,0,0,0,0,0,0,0,0,0,0,0,0,0,0,0,0,0,0,0,0,0,0,0,0,0,0,0,0,0,0,0,0,0,0,0,0,0,0,0,0,0,0,0,0,0,0,0,0,0,0,0,0,0,0,0,0,55,0,18,0,30,0,11,0,8,0,0,16,134,4,0,0,0,0,0,0,0,36,31,0,0,0,0,0,0,0,0,0,0,0,0,0,0,0,0,0,0,0,0,0,0,0,0,0,0,55,0,0,0,176,500,456,0,0,0,8
104,12,184,0,0,0,70,0,0,0,0,0,0,0,0,0,329,0,0,0,60,0,49,0,53,21,60,0,0,0,67,0,3,0,20,0,42,0,0,0,0,0,26,0,29,0,0,0,0,0,11,0,0,0,0,0,0,0,0,0,0,0,18,3,0,0,0,0,0,0,5,0,0,0,0,0,0,0,0,0,18,0,0,0,0,0,0,0,0,0,0,0,0,0,0,0,0,0,42,0,0,0,1,0,0,0,0,0,0,0,0,0,0,0,0,0,0,0,0,0,13,0,17,0,0,0,0,0,10,0,0,0,0,0,7,0,18,0,31,0,23,0,36,0,11,0,0,0,7,0,0,0,0,0,0,0,0,0,1,0,0,0,0,0,0,0,0,0,0,0,0,0,1,0,0,0,0,0,0,0,0,0,0,0,0,0,0,0,0,0,0,0,0,0,0,0,0,0,0,0,0,0,0,0,0,0,0,0,0,0,0,26,0,0,0,0,0,0,0,0,0,0,0,0,0
0,162,39,145,0,0,0,120,0,0,0,0,0,0,0,12,0,127,0,0,0,140,47,121,13,30,0,0,0,0,0,39,0,76,0,70,0,16,0,13,0,0,0,20,0,0,0,0,0,0,0,20,0,6,0,8,0,2,0,0,0,10,0,154,0,0,0,0,0,0,0,0,0,0,0,0,0,0,0,0,0,35,0,0,0,51,0,0,0,0,0,0,0,0,0,0,0,0,0,34,0,0,0,0,0,0,0,0,0,0,0,0,0,0,0,0,0,0,0,0,0,0,0,9,0,0,0,0,0,0,0,0,0,31,0,76,0,84,0,89,0,81,0,148,0,14,0,0,0,0,0,0,0,0,0,4,0,6,0,17,0,0,0,0,0,0,0,0,0,0,0,0,0,0,0,0,0,0,0,0,0,0,0,0,0,0,0,0,0,0,0,0,0,0,0,0,0,0,0,0,0,0,0,0,0,0,0,0,0,0,3,0,0,0,0,0,0,0,0,38,0,0,0,0,0
0,0,74,0,130,38,0,0,0,0,43,29,10,0,20,63,73,0,0,44,43,15,64,0,0,0,49,0,67,0,0,0,7,0,20,0,14,0,1,2,0,0,10,0,13,0,0,1,0,0,11,0,3,0,1,0,0,0,0,0,0,0,45,0,0,0,0,0,0,0,0,0,0,0,26,0,0,0,0,0,23,0,0,0,41,0,0,0,0,0,0,0,0,0,0,0,0,0,66,0,32,0,0,0,0,0,0,0,0,0,0,0,0,0,0,0,0,0,0,0,38,0,16,0,0,0,0,0,0,0,0,0,0,0,0,0,39,0,0,0,49,0,77,0,0,0,0,0,0,0,0,0,0,0,0,0,0,0,0,0,0,0,0,0,0,0,11,0,0,0,0,0,0,0,0,0,0,0,19,0,0,0,0,0,0,0,0,0,0,0,0,0,0,0,0,0,0,0,0,0,0,0,0,0,0,0,0,0,0,0,34,65,28,0,0,0,0,0,0,3,0,0,0,0,0
0,10,0,20,0,140,0,2,1,0,0,45,0,0,82,70,0,12,0,32,0,26,0,21,0,0,0,4,0,39,0,0,0,0,0,13,0,6,0,3,0,0,0,4,0,0,0,0,0,0,1,7,0,0,0,0,0,0,0,0,0,0,0,17,0,0,0,0,0,0,0,0,0,0,0,0,0,0,0,0,0,0,0,0,0,0,0,0,0,0,0,0,0,0,0,0,0,0,0,0,0,0,0,0,0,0,0,0,0,0,0,0,0,0,0,0,0,0,0,0,0,0,0,0,0,0,0,0,0,0,0,0,0,0,0,0,0,0,0,0,0,39,0,94,0,0,0,0,0,0,0,0,0,0,0,0,0,0,0,0,0,0,0,0,0,0,0,13,0,0,0,0,0,0,0,0,0,23,0,0,0,0,0,0,0,0,0,0,0,0,0,0,0,0,0,0,0,0,0,0,0,0,0,0,0,0,0,0,0,0,0,0,0,0,0,0,0,0,23,76,28,0,0,0,0
62,28,308,0,313,29,0,0,0,0,253,19,8,0,33,53,213,0,0,0,146,0,65,0,0,0,18,0,3,0,7,0,0,9,80,0,44,0,0,9,0,0,7,0,12,0,0,0,0,0,10,0,0,0,0,0,0,0,0,0,1,0,15,0,0,0,0,1,0,0,0,0,0,0,0,0,0,0,0,0,0,0,0,0,0,0,1,0,0,0,0,0,0,0,0,0,0,0,0,0,0,0,0,0,0,0,0,0,0,0,0,0,0,0,0,0,0,0,0,0,0,0,0,0,0,0,0,0,0,0,0,0,0,0,0,0,9,0,45,0,0,0,0,0,18,0,0,0,0,0,0,0,0,0,3,0,11,0,1,0,0,0,0,0,6,0,32,2,0,0,0,0,16,0,0,0,84,6,51,0,0,0,28,0,0,0,0,0,0,0,0,0,0,0,0,0,0,0,0,0,0,0,0,0,0,0,0,0,0,0,13,128,28,0,0,0,0,0,0,0,0,0,0,0,0
19,147,0,218,69,234,0,0,0,0,19,137,0,0,120,47,16,67,0,8,0,48,106,59,0,0,0,5,0,76,0,0,9,0,0,33,0,57,0,1,0,0,0,9,0,5,0,0,0,0,0,16,0,2,0,11,0,0,0,0,0,0,0,22,0,0,0,0,0,0,0,0,0,0,0,0,0,0,0,0,0,0,0,0,0,0,0,0,0,0,0,0,0,0,0,0,0,0,0,0,0,6,0,0,0,0,0,0,0,0,0,0,0,0,0,0,0,0,0,0,0,0,0,0,0,0,0,0,0,0,0,0,0,0,0,0,0,0,0,12,0,0,0,53,0,0,0,0,0,0,0,7,0,0,0,4,0,8,0,11,0,0,0,0,0,0,0,66,0,4,0,0,0,12,0,0,12,81,0,20,0,0,0,0,0,0,0,0,0,0,0,0,0,0,0,0,0,0,0,0,0,0,0,0,0,0,0,0,0,0,3,0,0,0,15,0,0,0,44,223,68,12,0,0,0
0,0,0,0,80,21,0,0,0,0,0,7,34,0,75,20,9,0,77,33,47,8,10,0,0,0,10,11,20,0,20,0,80,0,0,0,39,1,0,0,0,0,7,0,2,0,1,0,0,0,23,0,0,0,0,0,0,0,0,0,0,0,15,0,0,0,0,0,0,0,35,0,0,0,0,0,0,0,0,0,55,0,0,0,48,0,40,0,0,0,25,0,0,0,0,0,38,0,122,0,0,0,0,0,0,0,0,0,0,0,0,0,0,0,0,0,0,0,0,0,30,0,0,0,0,0,0,0,0,0,0,0,0,0,0,0,0,0,0,0,16,0,25,0,21,0,0,0,0,0,0,0,0,0,0,0,0,0,0,0,0,0,0,0,41,0,30,0,0,0,0,0,11,0,0,0,11,0,38,0,0,0,0,0,0,0,0,0,0,0,0,0,0,0,0,0,0,0,0,0,0,0,0,0,0,0,0,0,0,0,71,100,76,11,0,1,0,0,0,2,0,0,0,0,0
0,0,0,0,0,160,0,0,0,0,0,105,0,65,151,43,0,0,0,255,7,37,0,0,0,0,0,102,0,70,0,13,0,33,0,0,0,167,0,9,0,0,0,24,0,18,0,2,0,0,0,31,0,3,0,0,0,0,0,0,0,0,0,15,0,0,0,0,0,0,0,0,0,0,0,0,0,0,0,0,0,0,0,0,0,0,0,0,0,0,0,0,0,0,0,0,0,0,0,0,0,0,0,0,0,0,0,0,0,0,0,0,0,0,0,0,0,0,0,0,0,0,0,0,0,0,0,0,0,0,0,0,0,0,0,0,0,0,0,30,0,66,0,0,0,48,0,0,0,0,0,0,0,0,0,0,0,0,0,0,0,0,0,0,0,19,1,76,0,17,0,0,0,4,0,0,0,80,0,74,0,0,0,0,0,0,0,62,0,0,0,0,0,0,0,0,0,0,0,0,0,0,0,0,0,0,0,0,0,0,2,0,0,0,0,0,0,0,52,97,109,0,0,0,0
0,0,57,0,244,10,0,0,0,0,123,0,24,5,83,28,17,2,19,0,27,0,24,0,7,0,65,0,42,0,14,0,44,0,39,0,0,0,32,0,4,0,36,0,103,0,0,0,2,0,43,0,0,0,0,0,0,0,7,0,15,0,46,0,0,0,0,0,0,0,71,0,0,0,57,0,0,0,0,0,70,0,0,0,55,0,52,0,0,0,0,0,0,0,0,0,0,0,145,0,0,0,0,0,0,0,0,0,0,0,0,0,0,0,0,0,0,0,0,0,48,0,27,0,0,0,0,0,0,0,0,0,0,0,0,0,83,0,171,0,127,0,129,0,103,0,0,0,0,0,0,0,0,0,4,0,24,0,0,0,0,0,19,0,64,0,40,0,23,0,23,0,24,0,0,0,45,0,79,0,0,0,12,1,0,0,4,0,0,0,0,0,0,0,0,0,0,0,0,0,0,0,0,0,0,0,0,0,0,0,38,77,116,16,7,0,1,0,0,0,0,0,0,0,0
0,93,0,92,28,280,0,0,0,0,13,136,0,17,68,84,0,20,7,93,0,44,59,57,0,0,0,42,0,16,0,6,0,57,1,167,0,0,0,41,0,0,0,68,0,16,0,0,0,0,0,99,0,8,0,0,0,0,0,4,0,5,0,34,0,0,0,0,0,0,0,0,0,0,0,13,0,0,0,4,0,0,0,0,0,0,0,13,0,0,0,0,0,0,0,0,0,0,0,0,0,0,0,0,0,0,0,0,0,0,0,0,0,0,0,0,0,0,0,0,0,0,0,0,0,0,0,0,0,0,0,0,0,0,0,0,0,0,0,183,0,212,1,204,0,385,0,0,0,0,0,0,0,0,0,29,0,114,0,56,0,0,0,8,0,7,0,71,0,30,0,13,0,16,0,0,12,108,0,53,0,0,0,21,0,0,0,7,0,0,0,0,0,0,0,0,0,0,0,0,0,0,0,0,0,0,0,0,0,0,0,0,0,0,14,0,0,0,13,150,47,0,1,0,0
368,22,284,0,0,0,203,0,77,2,3,0,0,0,0,0,230,16,0,0,0,0,63,0,82,66,3,0,0,0,1,0,0,0,0,0,32,0,0,7,0,0,2,0,7,0,0,0,0,0,0,0,2,0,3,7,0,0,0,0,1,1,14,11,0,0,0,0,0,0,0,0,0,0,0,0,0,0,0,0,0,0,0,0,0,0,0,0,0,0,0,0,0,0,0,0,0,0,0,0,0,0,0,0,0,0,0,0,0,0,0,0,0,0,0,0,0,0,0,0,0,0,0,0,0,0,0,0,0,0,0,0,0,0,0,0,0,0,15,0,0,0,16,1,11,0,0,0,0,0,0,0,0,0,4,0,7,0,0,0,0,0,0,0,0,0,13,0,5,0,3,0,41,0,0,0,91,10,0,0,0,0,34,0,0,0,0,0,0,0,0,0,0,0,0,0,0,0,0,0,0,0,0,0,0,0,0,0,0,0,69,230,24,0,55,0,0,0,0,0,0,0,0,0,0
57,358,70,100,0,0,0,252,0,0,0,33,0,0,4,0,62,166,0,0,5,13,123,35,72,51,0,0,0,13,2,3,9,1,0,9,0,41,7,0,0,0,0,4,0,0,0,0,0,0,0,10,0,0,0,0,0,0,0,0,0,19,3,16,0,0,0,0,0,0,0,0,0,0,0,0,0,0,0,0,0,0,0,0,0,0,0,0,0,0,0,0,0,0,0,0,0,0,0,0,0,0,0,0,0,0,0,0,0,0,0,0,0,0,0,0,0,0,0,0,0,0,0,0,0,0,0,0,0,0,0,0,0,0,0,6,0,0,0,16,0,0,0,3,0,10,0,0,0,0,0,0,0,0,0,7,0,10,0,15,0,0,0,0,0,0,0,19,0,3,0,0,0,27,0,0,17,196,0,0,0,0,1,75,0,0,0,0,0,0,0,0,0,0,0,0,0,0,0,0,0,0,0,0,0,1,0,0,0,0,0,0,0,0,0,0,0,0,0,297,3,0,0,0,0
34,0,23,0,67,0,0,0,27,0,31,0,172,102,37,0,0,0,12,0,0,0,0,0,0,0,32,88,0,0,0,0,0,0,0,0,4,0,0,0,0,142,25,39,42,205,157,291,81,98,15,11,0,0,6,0,0,0,0,0,0,0,0,0,10,0,0,0,0,0,0,0,0,0,0,0,0,0,0,0,0,0,0,0,0,0,0,0,0,0,0,0,0,0,0,0,0,0,0,0,0,0,0,0,0,0,0,1,0,0,0,0,0,0,0,0,0,0,0,0,0,0,0,0,0,0,0,0,0,0,0,0,0,0,0,0,0,0,0,0,0,0,0,0,0,0,0,0,24,0,0,0,0,0,0,0,0,0,0,0,0,0,0,0,0,6,0,0,0,0,0,0,0,0,0,0,68,67,54,0,55,0,27,0,0,0,107,4,0,0,0,0,0,0,0,0,0,0,0,0,0,0,0,0,0,0,0,0,0,0,0,60,0,6,0,0,0,0,0,54,0,0,0,0,7
0,0,0,0,0,9,0,0,0,0,0,151,71,163,0,0,0,0,17,0,0,0,0,0,0,0,135,5,0,0,0,0,0,0,0,0,0,0,0,0,142,0,29,6,45,33,61,103,10,80,14,0,0,0,0,0,0,0,0,0,0,0,0,0,0,0,0,0,0,0,0,0,0,0,0,0,0,3,0,0,0,0,0,0,0,0,0,0,0,0,0,0,0,0,0,0,0,0,0,0,0,0,0,0,0,0,0,0,0,0,0,0,0,0,0,0,0,1,0,0,0,0,0,0,0,0,0,0,0,0,0,0,0,0,0,0,0,0,0,0,0,0,0,0,0,0,0,0,0,0,0,0,0,0,0,0,0,0,0,0,0,0,0,0,0,31,0,0,0,0,0,0,0,0,0,0,0,90,1,9,0,0,0,0,0,0,9,8,0,0,0,0,0,0,0,0,0,0,0,0,0,0,0,0,0,0,0,0,0,0,0,2,0,0,0,0,0,0,0,72,13,0,0,0,5
2,0,0,0,39,0,0,0,0,0,0,0,56,77,36,0,3,0,102,0,51,0,15,0,0,0,143,64,26,0,10,0,7,0,7,0,36,0,2,0,25,29,0,13,142,62,30,74,75,28,27,14,0,0,0,0,0,0,11,0,0,0,26,0,0,0,0,0,0,0,38,0,0,0,36,0,0,0,0,0,0,0,0,0,33,0,41,0,9,0,0,0,0,0,0,0,0,0,122,0,0,0,0,0,0,0,0,0,0,0,0,0,0,0,0,0,0,0,0,0,0,0,11,0,0,0,0,0,0,0,0,0,0,0,0,0,0,0,18,0,0,0,0,0,0,0,0,0,0,0,0,0,0,0,1,0,0,0,0,0,0,0,0,0,26,0,48,0,21,0,14,0,11,0,0,0,0,14,14,0,0,0,0,0,1,0,49,4,0,0,0,0,0,0,0,0,0,0,0,0,0,0,0,0,0,0,0,0,3,0,55,155,68,17,0,0,1,14,0,14,0,0,0,0,1
0,0,0,0,0,0,0,0,0,0,0,0,105,51,0,43,0,0,71,74,0,53,0,16,0,0,108,178,0,20,0,4,0,9,0,24,0,68,0,4,39,6,13,0,0,118,4,19,2,10,16,90,0,0,0,0,0,0,0,0,0,0,0,28,0,0,0,1,0,0,0,9,0,0,0,0,0,0,0,0,0,0,0,0,1,0,0,49,0,0,0,0,0,0,0,0,0,0,0,0,0,0,0,0,0,0,0,0,0,0,0,0,0,0,0,0,0,0,0,0,0,97,0,25,0,0,0,0,0,0,0,0,0,0,0,0,0,0,0,56,0,0,0,248,0,94,0,0,0,0,0,0,0,0,0,0,0,3,0,5,0,0,0,0,0,37,0,50,0,20,0,0,0,13,0,0,0,48,1,0,0,0,0,0,0,0,3,39,0,0,0,0,0,0,0,0,0,0,0,0,0,0,0,0,0,0,0,0,0,0,2,0,0,0,0,0,0,0,73,125,154,13,0,0,0
0,0,0,0,0,0,0,0,0,0,7,0,88,28,56,0,12,0,113,0,43,0,24,0,0,0,151,20,29,0,13,0,12,0,2,0,103,0,7,0,42,45,142,0,0,52,98,72,186,37,108,0,8,0,0,0,0,0,0,0,0,0,91,0,0,0,0,0,34,0,56,0,0,0,44,0,0,0,0,0,0,0,0,0,0,0,0,0,24,0,0,0,67,0,0,0,0,0,0,0,0,0,26,0,0,0,0,0,0,0,0,0,0,0,0,0,0,0,0,0,0,0,0,0,0,0,0,0,0,0,0,0,0,0,113,0,0,0,0,0,0,0,0,0,0,0,0,0,0,0,0,0,0,0,0,0,0,0,2,0,0,0,0,0,136,0,26,0,82,0,12,0,23,0,4,0,45,16,5,0,0,0,21,0,0,0,56,0,0,0,0,0,0,0,0,0,0,0,0,0,0,0,0,0,0,0,0,0,0,0,29,169,254,30,20,1,0,59,0,12,0,0,0,0,6
0,49,0,11,13,64,0,0,2,0,0,84,209,74,11,44,0,8,42,96,0,48,0,0,0,0,229,282,0,0,0,0,0,5,0,18,0,16,0,0,205,33,62,118,52,0,88,224,0,124,20,83,0,12,0,11,0,12,0,0,0,1,0,89,0,0,0,0,0,7,0,0,0,0,0,42,0,22,0,0,0,195,0,59,0,204,0,75,0,0,0,0,0,57,0,92,0,0,0,98,0,26,0,20,0,0,0,0,0,0,0,0,0,0,0,0,0,0,0,0,0,139,0,42,0,0,0,0,0,0,0,0,0,0,0,0,1,0,0,0,0,0,0,325,0,104,0,0,0,0,0,0,0,0,0,0,0,0,0,0,0,0,0,12,0,82,0,39,0,87,0,24,0,17,0,0,0,57,0,0,0,6,0,0,0,0,18,19,0,0,0,0,0,0,0,0,0,0,0,0,0,0,0,0,0,0,0,0,0,0,0,0,3,0,15,0,0,0,39,267,307,14,0,0,81
28,0,23,0,81,0,0,0,48,0,30,0,207,13,75,0,0,0,81,0,0,0,0,0,4,0,142,18,0,0,0,0,0,0,1,0,0,0,0,0,157,61,30,4,98,88,0,111,73,109,6,3,0,0,9,0,0,0,0,0,5,0,29,0,0,0,0,0,0,0,0,0,0,0,0,0,0,0,0,0,0,0,0,0,0,0,2,0,0,0,0,0,0,0,0,0,0,0,0,0,0,0,0,0,0,0,48,0,0,0,0,0,0,0,0,0,0,0,0,0,0,0,0,0,0,0,0,0,0,0,0,0,0,0,0,0,0,0,0,0,0,0,0,0,0,0,0,0,60,0,92,0,73,0,0,0,0,0,0,0,0,0,0,0,25,0,0,0,0,0,0,0,0,0,0,0,72,39,41,0,73,0,66,0,0,0,162,0,0,0,0,0,0,0,0,0,2,0,0,0,0,0,0,0,0,0,0,0,22,0,0,275,67,0,0,0,0,50,0,32,0,0,0,0,26
0,47,2,2,0,98,0,0,0,0,0,226,194,259,0,0,0,0,46,18,4,0,0,0,0,0,268,72,0,0,1,0,0,0,0,2,0,0,0,0,291,103,74,19,72,224,111,0,16,82,0,16,0,0,0,0,0,0,0,0,0,0,0,0,0,0,0,0,0,0,0,0,0,0,0,0,0,0,0,0,0,0,0,0,0,0,0,0,0,0,0,0,0,0,0,0,0,0,0,0,0,0,0,0,0,0,0,0,0,0,0,0,0,0,0,0,0,0,0,0,0,0,0,0,0,0,0,0,0,0,0,0,0,0,0,0,0,0,0,0,0,0,0,0,0,0,0,0,0,0,0,0,0,0,0,0,0,0,0,0,0,0,0,0,0,0,0,0,0,0,0,0,0,0,0,0,0,106,0,0,0,0,0,0,0,0,29,10,0,0,0,0,0,0,0,0,0,0,0,0,0,0,0,0,0,0,0,0,0,0,0,5,0,0,0,0,0,0,0,363,91,10,0,0,51
8,0,16,0,15,0,28,0,9,0,0,0,38,0,4,0,0,0,3,0,11,0,0,0,0,0,62,2,0,0,0,0,0,0,0,0,2,0,0,0,81,10,75,2,186,0,73,16,0,23,13,0,2,0,7,1,9,0,0,0,6,0,3,0,0,0,0,0,10,0,3,0,1,0,0,0,3,0,1,0,0,0,15,0,0,0,3,0,4,0,4,0,12,0,4,0,5,0,0,0,5,0,29,0,11,0,0,0,0,0,0,0,0,0,0,0,0,0,0,0,0,0,0,0,0,0,0,0,0,1,5,0,0,0,16,0,0,0,4,0,0,0,15,0,0,0,0,0,0,0,19,0,7,0,0,0,2,0,0,0,0,0,16,0,19,0,2,0,41,0,11,0,6,0,0,0,56,5,15,0,9,0,3,0,5,0,56,0,25,0,0,0,36,0,17,0,0,0,35,0,16,0,71,0,27,0,19,0,33,0,59,97,202,17,74,1,0,4,0,4,0,0,0,0,14
0,0,0,2,0,15,0,1,0,0,0,114,22,129,0,0,0,0,0,5,0,1,0,0,0,0,39,46,0,0,0,0,0,0,0,0,0,0,0,0,98,80,28,10,37,124,109,82,23,0,0,6,0,2,1,7,0,3,0,6,0,0,0,20,0,0,0,0,0,3,0,0,0,0,0,0,0,2,0,0,0,0,0,9,0,0,0,5,0,0,0,0,0,21,0,17,0,0,0,0,0,7,0,8,0,1,0,0,0,0,0,0,0,0,0,0,0,0,0,0,0,12,0,0,0,2,0,0,0,0,0,0,0,0,0,0,0,0,0,0,0,0,0,6,0,0,0,5,0,0,0,0,0,35,0,0,0,1,0,0,0,10,0,1,0,20,0,7,0,6,0,2,0,0,0,0,0,103,0,14,0,30,0,4,0,0,24,32,0,9,0,2,0,0,0,0,0,0,0,7,0,7,0,0,0,0,0,0,0,0,0,8,0,0,11,0,0,3,17,46,5,7,0,0,31
2,0,0,0,132,0,0,0,0,0,0,0,150,49,33,2,11,0,189,36,134,0,6,0,0,0,114,41,11,0,11,1,10,0,23,0,43,0,0,0,15,14,27,16,108,20,6,0,13,0,0,0,0,0,0,0,0,0,21,0,1,0,0,0,0,0,0,2,0,0,63,0,14,0,54,0,0,0,0,0,73,0,0,0,0,0,58,0,0,0,25,0,0,0,0,0,0,0,110,0,0,0,0,0,0,0,0,0,0,0,0,0,0,0,0,0,0,0,0,0,0,0,0,0,0,0,0,0,0,0,0,0,0,0,0,0,0,0,8,0,0,0,0,0,20,0,0,0,0,0,0,0,0,0,1,0,0,0,0,0,0,0,0,0,64,0,57,0,58,0,36,0,38,0,0,0,0,9,66,0,0,0,0,0,0,0,53,0,0,0,0,0,0,0,0,0,0,0,0,0,0,0,0,0,0,0,0,0,0,0,69,157,133,45,33,0,5,1,0,0,0,0,0,0,0
0,0,0,0,12,71,0,3,0,0,0,0,76,104,0,22,0,0,50,176,0,50,0,3,0,0,45,231,0,20,0,7,0,16,0,31,0,99,0,10,11,0,14,90,0,83,3,16,0,6,0,0,0,0,0,0,0,0,0,0,0,0,0,13,0,0,0,0,0,3,0,13,0,10,0,0,0,6,0,0,0,95,0,0,0,107,0,0,0,1,0,0,0,0,0,0,0,0,0,55,0,0,0,7,0,0,0,0,0,0,0,0,0,0,0,0,0,0,0,0,0,82,0,16,0,0,0,0,0,0,0,0,0,0,0,0,0,0,0,28,0,0,1,209,0,128,0,0,0,0,0,0,0,0,0,0,0,5,0,0,0,12,0,10,0,31,0,43,0,80,0,38,0,30,0,0,8,70,0,4,0,0,0,0,0,0,1,66,0,0,0,0,0,0,0,0,0,0,0,0,0,0,0,0,0,0,0,0,0,0,0,0,0,0,22,0,0,0,61,28,127,31,0,0,1
0,0,0,0,0,0,58,17,54,66,0,0,0,0,14,0,23,0,17,0,8,0,8,0,12,8,15,0,0,0,3,0,0,0,0,0,0,0,2,0,0,0,0,0,8,0,0,0,2,0,0,0,0,78,47,133,90,38,7,173,13,2,14,24,0,6,8,114,0,0,0,0,0,0,1,0,0,0,0,0,18,0,0,0,97,0,3,0,6,0,33,0,0,0,15,0,157,0,50,0,0,0,11,0,13,0,112,0,0,0,0,0,0,0,0,0,0,0,0,0,5,0,10,0,3,0,0,0,181,0,14,0,0,0,26,0,167,0,201,0,27,0,121,0,39,0,0,0,0,0,0,0,0,0,70,17,96,0,51,0,7,0,4,0,0,0,0,0,7,0,32,0,0,0,0,0,31,0,0,0,0,0,2,0,3,6,0,0,0,0,0,0,0,0,0,0,0,0,1,0,25,0,0,0,0,0,0,0,13,0,57,185,34,53,63,0,5,0,0,0,0,0,0,0,0
0,11,0,0,0,0,30,27,110,37,0,0,0,1,0,5,0,14,0,16,0,17,0,16,18,7,0,0,0,6,0,0,0,2,0,3,0,8,0,0,0,0,0,0,0,12,0,0,0,2,0,0,78,0,219,44,14,92,86,35,0,22,56,27,0,0,72,0,0,0,0,0,0,0,0,0,0,0,0,0,0,0,0,0,0,56,0,0,0,0,0,0,0,0,0,0,0,58,0,0,0,9,0,0,0,0,0,23,0,0,0,0,0,0,0,0,0,0,0,0,0,3,0,1,0,12,0,48,0,74,0,26,0,64,0,161,0,131,0,230,0,53,0,118,0,2,0,0,0,0,0,0,0,0,0,162,0,57,0,121,0,44,0,2,0,0,0,0,0,0,0,0,0,2,1,0,3,0,0,0,0,2,0,0,0,0,0,0,0,0,0,0,0,0,0,0,0,0,0,0,0,37,0,0,0,0,0,0,0,15,0,0,0,0,46,0,0,0,82,152,20,0,0,3,0
4,0,41,0,9,0,167,0,84,362,0,0,0,0,45,0,2,3,0,0,0,0,92,0,40,25,0,0,0,0,1,0,0,0,0,0,0,0,3,0,6,0,0,0,0,0,9,0,7,1,0,0,47,219,0,304,29,25,22,156,57,0,22,117,0,0,19,154,0,0,0,0,0,0,0,0,0,0,0,0,0,0,0,0,27,0,0,0,0,0,0,0,0,0,0,0,0,0,0,0,0,0,0,0,0,0,0,0,0,0,0,0,0,0,0,0,0,0,0,0,0,0,0,0,0,0,18,0,85,0,98,0,0,0,269,0,254,0,38,0,0,0,193,0,0,0,7,0,0,0,0,0,0,0,43,5,14,0,21,0,24,0,0,0,0,0,0,0,0,0,186,0,12,0,0,0,12,8,0,0,0,0,0,0,0,22,0,0,0,0,0,0,0,0,0,0,0,0,0,0,105,0,0,0,0,0,0,0,103,4,252,62,124,161,283,12,19,0,4,0,0,0,0,0,0
12,31,0,63,0,39,117,267,434,138,0,8,0,0,0,125,0,15,0,169,0,16,0,45,86,83,0,0,0,8,0,0,0,11,0,0,0,0,7,0,0,0,0,0,0,11,0,0,1,7,0,0,133,44,304,0,16,99,133,103,21,40,154,54,0,0,91,4,0,0,0,0,0,0,0,0,0,0,0,0,0,0,0,0,0,0,0,0,0,0,0,0,0,0,0,0,0,40,0,0,0,0,0,0,0,0,0,32,0,0,0,0,0,0,0,0,0,0,0,0,0,0,0,1,0,6,0,27,0,39,0,0,0,89,0,155,0,172,0,103,0,35,0,56,0,0,0,0,0,0,0,0,0,0,6,98,9,19,0,30,0,24,0,0,0,0,0,0,0,18,12,91,0,27,0,0,21,26,0,0,1,0,0,0,4,0,0,0,0,0,0,0,0,0,0,0,0,0,0,0,0,0,0,0,0,0,0,0,0,93,14,0,0,0,179,0,0,0,160,100,213,164,0,12,3
4,0,0,0,0,0,4,0,35,0,0,0,0,0,0,0,0,0,0,0,0,0,0,1,0,0,0,0,0,0,0,0,0,0,0,0,0,0,0,0,0,0,0,0,0,0,0,0,9,0,0,0,90,14,29,16,0,5,131,58,0,0,2,0,36,0,59,83,0,0,0,0,0,0,0,0,0,0,1,0,1,0,0,0,0,0,0,0,0,0,0,0,0,0,1,0,0,0,0,0,0,0,0,0,0,0,0,0,0,0,0,0,0,0,0,0,0,0,0,0,0,0,0,0,13,0,6,0,47,0,89,0,0,0,36,0,75,0,21,0,4,0,25,0,0,0,7,0,13,0,0,0,0,0,178,56,87,2,100,43,33,0,43,0,2,0,0,0,20,0,171,0,10,0,2,0,0,0,0,0,0,0,0,0,4,0,0,0,0,0,0,0,0,0,0,0,0,0,0,0,0,0,0,0,0,0,0,0,16,0,415,131,407,327,926,38,22,0,0,0,0,0,0,0,0
0,16,0,5,0,9,0,31,12,43,0,0,0,0,0,18,0,6,0,0,0,0,1,13,0,38,0,0,0,2,0,0,0,0,0,0,0,0,0,0,0,0,0,0,0,12,0,0,0,3,0,0,38,92,25,99,5,0,58,87,0,0,4,21,0,35,75,50,0,3,0,0,0,0,0,0,0,0,0,0,0,0,0,0,0,0,0,0,0,0,0,0,0,2,0,0,0,0,0,0,0,0,0,0,0,0,0,0,0,0,0,0,0,0,0,0,0,0,0,0,0,0,0,0,0,15,0,25,0,147,0,138,0,88,0,0,0,102,0,63,0,8,0,0,0,0,0,0,0,5,0,0,0,0,25,221,14,36,6,105,0,97,0,0,0,2,0,10,0,28,0,218,0,25,0,0,3,0,0,0,2,0,0,0,3,1,0,0,0,0,0,0,0,0,0,0,0,0,0,0,0,18,0,0,0,0,0,0,0,58,0,0,0,0,461,0,0,0,301,133,441,285,17,33,2
4,0,6,0,0,0,1,0,16,50,0,0,0,0,0,0,0,0,0,0,6,0,0,0,0,0,0,0,0,0,0,0,0,0,0,0,7,0,0,0,0,0,11,0,0,0,0,0,0,0,21,0,7,86,22,133,131,58,0,312,26,1,0,0,150,31,52,350,0,0,0,0,0,0,0,0,0,0,0,0,0,0,0,0,0,0,0,0,0,0,0,0,0,0,0,0,0,0,0,0,0,0,0,0,0,0,0,0,0,0,0,0,0,0,0,0,0,0,0,0,0,0,0,0,0,0,4,0,0,0,23,0,0,0,13,0,0,0,0,0,0,0,0,0,8,0,0,0,30,0,0,0,0,0,19,93,126,0,1,34,20,17,6,0,0,0,0,0,0,0,71,0,0,0,9,0,81,0,0,0,23,0,0,0,75,34,0,0,0,0,0,0,0,0,0,0,0,0,0,0,0,0,0,0,0,0,0,0,23,0,388,178,152,166,560,22,10,0,0,0,0,0,0,0,0
0,13,0,7,0,0,0,13,88,34,0,0,0,0,0,0,1,2,0,0,0,0,0,0,0,7,0,0,0,0,0,0,0,0,0,0,0,4,0,0,0,0,0,0,0,0,0,0,0,6,0,0,173,35,156,103,58,87,312,0,0,177,25,19,31,81,257,104,0,1,0,0,0,0,0,0,0,0,0,0,0,0,0,3,0,0,0,0,0,0,0,0,0,0,0,0,0,0,0,0,0,0,0,0,0,0,0,0,0,0,0,0,0,0,0,0,0,0,0,0,0,0,0,0,0,8,0,11,0,14,0,67,0,10,0,0,0,0,0,4,0,0,0,3,0,4,0,0,0,3,0,0,0,0,57,112,35,150,0,45,7,50,0,0,0,9,0,10,0,35,0,158,0,0,3,3,31,0,0,0,4,0,0,0,15,88,0,0,0,0,0,0,0,0,0,0,0,0,0,0,0,0,0,0,0,0,0,0,0,47,4,0,0,0,1002,0,0,0,880,326,605,555,27,40,0
25,0,0,0,0,0,159,0,186,0,0,0,0,0,0,0,0,0,0,0,4,0,0,0,15,9,0,0,0,0,0,0,1,0,0,0,15,0,1,0,0,0,0,0,0,0,5,0,6,0,1,0,13,0,57,21,0,0,26,0,0,0,51,6,0,0,5,0,0,0,5,0,0,0,2,0,0,0,0,0,0,0,0,0,0,0,0,0,0,0,0,0,0,0,0,0,0,0,0,0,0,0,0,0,0,0,0,0,0,0,0,0,0,0,0,0,0,0,0,0,0,0,0,0,0,0,0,0,0,0,0,0,0,0,0,0,8,0,115,0,59,0,0,0,154,0,0,0,0,0,0,0,0,0,15,0,37,0,0,0,0,0,1,0,0,0,1,0,0,0,89,0,99,0,0,0,49,0,0,0,0,0,0,0,3,0,0,0,0,0,0,0,0,0,0,0,0,0,0,0,0,0,0,0,0,0,0,0,0,0,57,162,49,110,82,0,14,0,0,0,0,0,0,0,0
0,120,0,0,0,0,0,195,0,308,0,10,0,0,0,0,0,6,0,0,0,0,0,0,57,14,0,0,0,10,0,0,0,0,0,0,0,5,1,19,0,0,0,0,0,1,0,0,0,0,0,0,2,22,0,40,0,0,1,177,0,0,10,80,0,0,0,21,0,0,0,0,0,0,0,0,0,0,0,1,0,0,0,0,0,0,0,0,0,0,0,0,0,0,0,0,0,0,0,0,0,0,0,0,0,0,0,0,0,0,0,0,0,0,0,0,0,0,0,0,0,0,0,0,0,0,0,0,0,0,0,0,0,0,0,0,0,7,0,43,0,0,0,0,0,83,0,0,0,0,0,0,0,0,0,4,0,133,0,11,0,3,0,0,0,1,0,1,0,0,0,48,0,58,0,0,0,248,0,0,0,0,0,38,0,0,0,0,0,0,0,0,0,0,0,0,0,0,0,0,0,0,0,0,0,0,0,0,0,0,0,0,0,0,54,0,0,0,195,402,69,49,0,5,0
19,27,0,0,0,0,207,60,119,115,0,0,0,0,55,0,240,0,132,0,241,0,57,0,42,73,127,0,18,0,45,0,15,0,15,0,46,0,14,3,0,0,26,0,91,0,29,0,3,0,0,0,14,56,22,154,2,4,0,25,51,10,0,91,0,0,4,9,0,0,14,0,0,0,28,0,0,0,0,0,119,0,0,0,204,0,0,0,0,0,38,0,0,0,0,0,0,0,0,0,0,0,0,0,0,0,36,0,0,0,0,0,0,0,0,0,0,0,0,0,69,0,95,0,0,0,0,0,106,0,4,0,0,0,0,0,184,0,294,0,84,0,196,0,71,0,0,0,0,1,0,0,0,0,26,0,21,0,9,0,0,0,0,0,0,0,0,0,0,0,8,3,9,0,0,0,20,3,0,0,0,0,0,0,1,0,0,0,0,0,0,0,0,0,0,0,0,0,1,0,0,0,0,0,0,0,0,0,0,0,37,128,15,26,35,0,2,0,4,0,0,0,0,0,0
34,69,0,0,0,0,91,134,117,110,0,3,1,0,0,33,35,217,0,72,0,174,0,137,171,20,0,0,3,154,0,17,0,22,0,15,0,34,11,16,0,0,0,28,0,89,0,0,0,20,0,13,24,27,117,54,0,21,0,19,6,80,91,0,0,0,0,0,0,0,0,0,0,0,0,0,0,0,0,0,0,0,0,0,0,0,0,0,0,0,0,0,0,0,0,0,0,0,0,0,0,0,0,0,0,0,0,6,0,0,0,0,0,0,0,0,0,0,0,0,0,4,0,0,0,0,0,0,0,0,0,0,0,0,0,31,0,0,0,113,0,31,0,38,0,11,0,0,0,0,0,0,0,0,0,50,0,42,0,56,0,7,0,0,0,0,0,0,0,0,0,0,4,4,0,0,0,54,0,0,0,0,0,27,0,0,0,0,0,0,0,0,0,0,0,0,0,0,0,0,0,10,0,0,0,0,0,0,0,11,0,0,0,0,15,0,0,0,81,298,12,13,0,0,0
37,0,18,0,0,0,1,0,39,0,7,0,14,0,18,0,0,0,9,0,0,0,0,0,0,0,0,0,0,0,0,0,0,0,0,0,0,0,0,0,10,0,0,0,0,0,0,0,0,0,0,0,0,0,0,0,36,0,150,31,0,0,0,0,0,35,117,0,0,0,0,0,0,0,0,0,0,0,0,0,0,0,0,0,0,0,0,0,0,0,0,0,0,0,0,0,0,0,0,0,0,0,0,0,0,0,0,0,0,0,0,0,0,0,0,0,0,0,0,0,0,0,0,0,8,0,6,0,1,0,26,40,0,2,0,0,0,0,0,35,0,4,0,0,0,14,17,0,38,0,0,0,0,0,7,41,7,0,15,54,182,104,0,0,0,0,0,0,0,0,0,0,0,0,27,0,13,0,0,0,146,68,1,0,83,0,1,0,0,0,0,0,0,0,0,0,0,0,0,0,0,0,0,0,0,0,1,0,3,0,44,27,0,0,64,0,0,0,0,2,0,0,0,0,0
0,96,0,0,0,23,0,4,0,192,0,13,0,0,0,8,0,0,0,0,0,0,0,0,0,0,0,0,0,0,0,0,0,0,0,0,0,0,0,0,0,0,0,0,0,0,0,0,0,0,0,0,6,0,0,0,0,35,31,81,0,0,0,0,35,0,0,376,0,0,0,21,0,6,0,39,0,0,0,0,0,0,0,0,0,0,0,0,0,0,0,0,0,0,0,0,0,0,0,0,0,2,0,0,0,0,0,0,0,0,0,0,0,0,0,0,0,0,0,0,0,6,0,0,0,21,0,39,9,0,0,79,0,0,0,0,0,5,25,55,0,7,0,0,36,113,0,32,0,223,0,99,0,35,39,0,0,0,47,12,96,159,0,17,0,0,0,0,0,0,0,0,0,0,8,20,5,0,0,0,42,213,0,8,0,54,0,0,0,0,0,17,0,0,0,0,0,12,0,12,0,0,0,0,0,0,0,20,0,96,0,0,0,0,81,0,0,0,67,29,0,0,2,0,0
8,0,0,0,0,0,4,0,41,0,0,0,0,0,0,0,0,0,0,0,0,0,0,0,0,0,0,0,0,0,0,0,0,0,0,0,0,0,0,0,0,0,0,0,0,0,0,0,0,0,0,0,8,72,19,91,59,75,52,257,5,0,4,0,117,0,0,213,0,0,0,0,0,0,0,0,0,0,0,0,0,0,0,0,0,0,0,0,0,0,0,0,0,0,0,0,0,0,0,0,0,0,0,0,0,0,0,0,0,0,0,0,0,0,0,0,0,0,0,0,0,0,0,0,2,0,16,0,2,0,68,0,0,0,2,0,0,0,0,0,0,0,0,0,0,0,44,0,98,0,26,1,6,0,4,58,13,4,0,35,8,0,0,0,0,0,0,0,0,0,0,0,0,0,11,0,190,0,0,0,53,7,0,0,359,56,0,0,0,0,0,0,0,0,0,0,0,0,0,0,0,0,0,0,0,0,14,0,54,0,76,62,22,0,71,0,1,0,0,0,0,0,0,0,0
0,21,0,0,0,0,20,3,56,80,0,0,0,0,0,0,0,0,1,4,0,0,0,0,0,0,0,0,0,0,0,0,1,0,0,0,0,0,0,0,0,0,0,1,0,0,0,0,0,0,2,0,114,0,154,4,83,50,350,104,0,21,9,0,0,376,213,0,0,0,0,0,0,0,0,0,0,0,0,0,0,0,0,0,0,0,0,0,0,0,0,0,0,0,0,0,0,0,0,1,0,0,0,0,0,0,0,0,0,0,0,0,0,0,0,0,0,0,0,0,0,0,0,0,0,9,0,14,0,0,0,32,0,3,0,0,0,5,3,0,0,0,0,0,0,18,0,0,0,12,0,0,0,0,74,10,28,0,0,20,0,31,0,0,0,0,0,0,0,2,0,0,0,0,8,22,55,0,0,0,0,0,0,4,19,539,0,0,0,0,0,0,0,0,0,0,0,0,0,2,0,0,0,0,0,0,0,0,0,33,0,0,0,0,268,0,0,0,225,158,106,0,0,0,0
0,0,0,0,0,0,0,0,0,0,0,0,0,0,0,0,0,0,0,0,0,0,0,0,0,0,0,0,0,0,0,0,0,0,0,0,0,0,0,0,0,0,0,0,34,0,0,0,10,0,0,0,0,0,0,0,0,0,0,0,0,0,0,0,0,0,0,0,0,0,0,0,43,0,4,0,94,0,46,0,2,1,18,0,0,0,14,0,64,0,0,0,89,0,0,0,86,0,0,0,19,0,353,0,162,0,68,0,28,0,4,0,0,0,1,0,3,0,0,0,8,0,0,0,0,0,0,0,0,0,0,0,0,0,0,0,0,0,0,0,0,0,0,0,0,0,0,0,0,0,0,0,0,0,0,0,0,0,0,0,0,0,0,0,41,0,0,0,168,0,7,0,0,0,0,0,0,0,0,0,0,0,0,0,0,0,0,0,109,0,0,0,0,0,131,0,0,0,0,0,54,0,0,0,0,0,0,0,0,0,69,5,56,4,8,22,17,0,0,0,0,0,0,0,0
0,2,0,0,0,0,0,0,0,2,0,0,0,0,0,0,0,0,0,0,0,0,0,0,0,0,0,0,0,0,0,0,0,0,0,0,0,0,0,0,0,0,0,0,0,7,0,0,0,3,0,3,0,0,0,0,0,3,0,1,0,0,0,0,0,0,0,0,0,0,0,0,0,8,0,0,0,45,0,0,0,22,0,51,0,8,0,25,0,0,0,0,0,9,0,40,0,1,0,3,0,4,0,60,0,0,0,13,0,0,0,0,0,33,0,0,0,3,0,1,0,0,0,0,0,0,0,0,0,0,0,0,0,0,1,8,0,0,0,0,0,0,0,0,0,0,0,0,0,0,0,0,0,0,0,1,0,0,0,0,0,0,0,0,0,18,0,0,0,55,0,4,0,0,0,0,0,0,0,0,0,0,0,0,0,0,0,1,0,50,0,0,0,0,0,33,0,0,0,6,0,18,0,0,0,19,0,0,0,0,0,0,0,0,0,0,0,0,18,6,31,0,4,14,0
0,0,0,0,0,0,0,0,0,0,0,0,0,0,0,0,7,0,0,0,111,0,0,0,0,0,41,0,5,0,0,0,0,0,35,0,71,0,0,0,0,0,38,0,56,0,0,0,3,0,63,0,0,0,0,0,0,0,0,0,5,0,14,0,0,0,0,0,0,0,0,0,188,0,122,0,1,0,123,0,3,0,0,0,16,0,4,0,0,0,0,0,0,0,0,0,0,0,3,0,0,0,0,0,0,0,0,0,0,0,0,0,0,0,0,0,0,0,0,0,16,0,14,0,0,15,0,0,3,6,4,0,0,9,0,0,6,0,2,8,39,0,38,0,29,0,7,0,8,0,0,0,16,0,0,0,9,0,0,0,0,0,127,0,0,0,33,0,40,0,46,0,52,0,8,1,0,0,0,0,25,6,0,0,2,0,0,0,0,0,0,0,0,0,0,0,0,0,0,0,0,0,2,0,0,0,0,0,0,0,0,0,28,0,0,1,0,0,0,0,0,0,0,0,0
0,0,0,0,0,0,0,0,0,0,0,1,0,0,0,0,0,0,0,0,0,5,0,0,0,0,0,0,0,0,0,0,0,0,0,0,0,0,0,0,0,0,0,9,0,0,0,0,0,0,0,13,0,0,0,0,0,0,0,0,0,0,0,0,0,21,0,0,0,0,0,0,0,142,0,186,0,22,0,3,0,0,0,0,0,0,0,32,0,0,0,0,0,0,0,1,0,0,0,0,0,0,0,0,0,0,0,0,0,0,0,0,0,0,0,0,0,0,0,0,0,6,0,23,0,21,0,0,0,0,9,17,0,0,0,0,0,10,0,4,0,20,0,0,0,142,0,23,0,64,0,0,0,11,0,0,0,0,1,1,5,0,0,78,0,0,0,26,0,6,0,21,0,27,1,0,0,0,0,0,0,30,0,0,0,0,0,0,0,0,0,0,0,1,0,0,0,0,0,0,0,0,0,0,0,0,0,0,0,0,0,0,0,0,0,0,0,0,14,18,0,0,0,0,0
0,0,0,0,0,0,0,0,0,0,0,0,0,0,0,0,0,0,0,0,21,0,0,0,0,0,0,0,0,0,0,0,0,0,0,0,0,0,0,0,0,0,0,0,0,0,0,0,1,0,14,0,0,0,0,0,0,0,0,0,0,0,0,0,0,0,0,0,43,0,188,0,0,0,124,0,23,0,199,0,0,0,19,0,34,0,0,0,0,0,0,0,9,0,0,0,25,0,5,0,0,0,0,0,0,0,0,0,1,0,0,0,0,0,0,0,0,0,0,0,39,0,12,0,0,0,15,0,0,0,0,0,0,0,64,0,9,0,0,0,14,0,91,0,29,0,15,0,0,0,71,0,0,0,0,0,0,0,0,0,0,0,88,0,0,0,7,0,5,0,20,0,23,0,4,0,0,0,0,0,16,0,0,0,0,0,0,0,23,0,0,0,0,0,0,0,11,0,85,0,72,0,0,0,0,0,97,1,135,0,142,4,12,2,14,1,0,0,0,0,0,0,0,0,0
0,0,0,0,0,0,0,0,0,0,0,0,0,0,0,0,0,0,0,0,0,0,0,0,0,0,0,0,0,0,0,0,0,0,0,0,0,0,0,0,0,0,0,0,0,0,0,0,0,0,0,10,0,0,0,0,0,0,0,0,0,0,0,0,0,6,0,0,0,8,0,142,0,0,0,199,0,120,0,50,0,15,0,54,0,0,0,122,0,0,0,0,0,0,0,0,0,0,0,0,0,0,0,0,0,0,0,0,0,1,0,0,0,0,0,0,0,0,0,0,0,52,0,66,0,38,0,42,0,0,0,10,0,0,0,0,0,44,0,4,0,19,0,45,0,138,0,0,0,0,0,0,0,0,0,0,0,1,0,0,0,9,0,91,0,0,0,0,0,18,0,13,0,0,0,0,0,0,0,0,0,0,0,0,0,0,0,0,0,0,0,0,0,0,0,0,0,0,0,0,0,0,0,0,0,0,0,0,0,0,0,0,0,0,16,0,0,0,210,8,14,2,0,0,0
0,0,0,0,0,0,0,0,0,0,0,0,0,0,0,0,17,0,0,0,97,0,0,0,0,0,49,0,0,0,26,0,0,0,0,0,57,0,0,0,0,0,36,0,44,0,0,0,0,0,54,0,1,0,0,0,0,0,0,0,2,0,28,0,0,0,0,0,4,0,122,0,124,0,0,0,9,0,129,0,10,0,4,0,57,0,7,0,0,0,0,0,0,0,2,0,12,0,2,0,0,0,0,0,0,0,0,5,0,0,0,0,0,0,0,0,0,0,0,0,74,0,44,0,0,29,3,0,0,7,2,9,0,15,54,0,9,0,2,0,44,0,88,0,27,0,8,0,0,7,30,0,30,3,0,0,11,0,0,0,0,0,80,0,0,0,20,0,20,0,10,0,22,0,20,0,0,0,0,0,53,12,0,0,0,0,0,0,0,0,0,0,0,0,0,0,0,0,0,0,23,0,0,0,0,0,48,0,50,0,18,0,20,0,2,0,0,0,0,0,1,0,0,0,0
1,0,0,0,0,0,0,0,0,0,0,0,0,0,0,0,0,6,0,0,0,0,0,0,0,0,0,0,0,0,0,0,0,0,0,0,0,13,0,0,0,0,0,0,0,42,0,0,0,0,0,0,0,0,0,0,0,0,0,0,0,0,0,0,0,39,0,0,0,0,0,186,0,199,0,0,0,33,0,98,0,0,0,7,0,15,0,292,0,0,0,0,0,0,0,0,0,0,0,0,0,0,0,0,0,0,0,0,0,0,0,0,0,0,0,0,0,0,0,0,0,63,0,38,0,66,0,63,0,5,0,35,7,0,0,83,9,56,11,6,0,34,0,44,0,322,0,87,0,102,0,0,0,38,0,0,0,0,3,0,6,6,0,167,0,0,0,50,0,34,0,41,0,0,0,43,0,2,0,0,18,46,0,0,0,9,0,0,0,0,0,0,0,0,0,0,0,0,0,0,0,17,0,16,0,0,0,0,0,52,0,0,0,0,15,0,0,0,67,0,41,0,0,0,0
0,0,0,0,0,0,0,0,0,0,0,0,0,0,0,0,0,0,0,0,0,0,0,0,0,0,0,0,0,0,0,0,0,0,0,0,0,0,0,0,0,0,0,0,0,0,0,0,3,0,0,0,0,0,0,0,0,0,0,0,0,0,0,0,0,0,0,0,94,0,1,0,23,0,9,0,0,0,18,0,6,0,23,0,15,0,24,0,5,0,12,0,25,0,0,0,41,0,13,0,0,0,40,0,42,0,9,1,0,0,0,0,0,0,0,0,0,0,0,0,8,0,0,0,0,0,0,0,0,0,0,0,0,0,5,0,0,0,0,0,0,0,6,0,0,0,0,0,0,0,0,0,0,0,0,0,0,0,0,0,0,0,0,0,13,0,0,0,26,0,2,0,0,0,0,0,0,0,0,0,0,0,0,0,0,0,0,0,42,0,0,0,0,0,60,0,4,0,0,0,23,0,0,0,0,0,0,0,0,0,49,0,19,0,7,3,2,0,0,0,0,0,0,0,0
0,0,0,0,0,0,0,0,0,0,0,0,0,0,0,0,0,0,0,0,0,0,0,0,0,0,0,0,0,0,0,0,0,0,0,0,0,0,0,0,0,3,0,0,0,22,0,0,0,2,0,6,0,0,0,0,0,0,0,0,0,0,0,0,0,0,0,0,0,45,0,22,0,120,0,33,0,0,0,18,0,40,0,84,0,14,0,137,0,0,0,0,0,9,0,13,0,0,0,0,0,0,0,40,0,0,0,0,0,15,0,0,0,0,0,1,0,27,0,0,0,17,0,0,0,0,0,0,0,0,0,0,0,0,0,0,0,0,0,0,0,2,0,0,0,0,0,0,0,0,0,0,0,0,0,0,0,0,0,0,0,0,0,11,0,46,0,0,0,62,0,3,0,0,0,0,0,1,0,0,0,0,0,0,0,0,0,0,0,0,0,0,0,0,0,0,0,0,0,0,0,0,0,0,0,0,0,0,0,0,0,0,0,0,0,0,0,0,36,8,27,0,4,4,0
0,0,0,0,0,0,0,0,0,0,0,0,0,0,0,0,0,0,0,0,0,0,0,0,0,0,0,0,0,0,0,0,0,0,0,0,0,0,0,0,0,0,0,0,0,0,0,0,1,0,0,0,0,0,0,0,1,0,0,0,0,0,0,0,0,0,0,0,46,0,123,0,199,0,129,0,18,0,0,0,22,0,74,0,98,0,58,0,0,0,0,0,40,0,0,0,98,0,21,0,2,0,10,0,0,0,12,0,0,0,0,0,1,0,1,0,0,0,0,0,96,0,24,0,0,0,0,5,0,0,0,0,0,0,97,0,15,10,0,0,4,0,84,0,10,0,0,0,0,0,0,0,0,0,0,0,0,0,0,0,0,0,28,0,0,0,0,0,45,0,0,0,0,0,13,0,0,0,0,0,0,0,0,0,0,0,0,0,41,0,0,0,0,0,0,0,0,0,0,0,135,0,0,0,0,0,0,0,0,0,241,3,35,0,25,5,0,0,0,0,0,0,0,0,0
