0,138,41,70,36,0,6,26,146,10,164,28,113,0,2,66,16,68,8,0,0,0,14,114,20,86,0,0,116,10,29,0,88,6,0,0,31,0,298,19,0,0,0,0,0,0,0,0,27,0,0,0,11,0,0,0,0,0,3,0,43,0,91,40,14,0,11,0,0,0,0,0,0,0,0,0,0,0,0,0,0,0,1,0,0,0,0,0,0,0,0,0,0,0,0,0,0,0,0,0,0,3,0,0,0,0,0,0,0,0,0,0,0,0,0,0,0,0,0,0,0,0,0,0,4,0,0,0,0,0,5,0,0,0,15,0,0,0,0,0,0,0,0,0,0,0,11,0,16,0,38,1,9,0,0,0,0,0,0,0,3,0,0,0,0,0,0,0,36,0,47,0,276,0,0,0,263,89,14,0,0,0,146,0,33,0,0,0,0,0,0,0,0,0,0,0,0,0,0,0,0,0,0,0,0,0,0,0,41,0,426,80,164,196,321,0,0,0,13,8,3,0,0,0,0
138,0,112,64,0,141,82,73,58,62,0,182,0,149,0,16,69,6,0,60,0,0,86,0,232,31,0,37,9,115,0,0,5,81,0,0,0,109,22,372,0,16,0,0,0,6,0,47,0,12,0,0,12,8,0,19,0,7,0,0,0,138,81,115,0,41,0,2,0,0,0,0,0,0,0,0,0,0,0,0,0,0,0,0,0,0,0,0,0,0,0,0,0,0,0,0,0,2,0,0,0,0,0,0,0,5,0,0,0,0,0,0,0,0,0,0,0,0,0,0,0,0,0,0,0,44,0,117,0,0,0,46,0,18,0,0,0,16,0,0,0,0,0,0,0,0,0,66,0,44,0,68,0,42,0,0,0,3,0,0,0,5,0,0,0,23,0,8,0,16,0,37,31,197,0,12,93,482,0,0,0,49,27,13,0,25,0,2,0,0,0,0,0,8,0,0,0,0,0,0,0,0,0,0,0,0,0,0,0,73,0,17,0,0,524,1,0,0,993,153,253,253,0,0,1
41,112,0,65,212,61,30,0,5,3,33,94,93,0,150,91,91,47,78,0,58,4,306,170,105,28,50,0,297,25,158,0,234,8,0,0,42,0,271,19,0,0,0,0,0,0,0,0,67,0,0,0,12,0,65,1,0,0,0,0,0,0,97,17,20,0,0,0,0,0,0,0,0,0,0,0,0,0,0,0,0,0,0,0,0,0,0,0,0,0,0,0,0,0,0,0,0,0,0,0,0,0,0,0,0,0,0,0,0,0,0,0,0,0,0,0,0,0,0,0,0,0,0,0,29,0,68,0,0,0,73,0,0,0,301,0,29,0,0,0,0,0,76,0,0,0,27,0,80,0,150,0,30,0,0,0,0,0,0,0,0,0,0,0,0,0,0,0,72,0,53,0,351,0,0,0,151,66,0,2,0,0,13,0,23,0,0,0,0,0,0,0,0,0,5,0,7,0,0,0,0,0,0,0,0,0,26,0,393,0,510,74,276,259,446,1,4,0,0,0,0,0,0,0,0
70,64,65,0,0,108,0,53,9,8,0,18,0,23,0,150,33,42,0,75,0,29,35,89,42,75,0,40,0,163,0,0,0,63,0,0,0,0,8,296,0,8,0,0,0,0,0,0,0,7,0,0,0,0,0,27,0,5,0,0,0,0,0,0,0,0,0,0,0,0,0,0,0,0,0,0,0,0,0,0,0,0,0,0,0,0,0,0,0,0,0,0,0,0,0,0,0,0,0,0,0,0,0,0,0,0,0,0,0,0,0,0,0,0,0,0,0,0,0,0,0,0,0,0,0,17,0,43,0,0,0,18,0,0,0,0,0,39,0,0,0,3,0,0,0,0,0,0,0,0,0,28,0,0,0,0,0,0,0,0,0,8,0,0,0,0,0,0,0,19,0,23,0,114,0,0,23,61,0,0,0,0,15,0,0,0,0,0,0,0,0,0,0,0,0,0,0,0,0,0,0,0,0,0,0,0,0,13,1,159,0,0,0,0,277,0,0,0,338,45,294,200,0,0,1
36,0,212,0,0,133,15,0,30,0,110,93,528,69,270,133,0,0,182,171,334,74,60,103,0,0,108,0,24,0,234,31,148,0,104,0,148,0,0,0,101,0,0,0,21,0,91,0,24,3,55,0,6,0,0,0,0,0,0,0,0,0,0,0,21,0,1,0,0,0,0,0,0,0,0,0,0,0,0,0,0,0,0,0,0,0,0,0,0,0,0,0,0,0,0,0,0,0,12,0,0,0,0,0,0,0,0,0,0,0,0,0,0,0,0,0,0,0,0,0,0,0,4,0,0,0,0,0,0,0,0,0,0,0,78,0,0,0,8,0,23,0,0,0,0,0,29,0,75,0,145,0,109,0,3,0,0,0,0,0,0,0,10,0,66,0,91,0,160,0,17,0,201,0,0,0,199,104,109,3,23,0,22,0,138,0,0,0,0,0,0,0,0,0,0,0,0,0,0,0,0,0,0,0,0,0,0,0,141,0,371,178,356,0,234,0,0,0,0,0,0,0,0,0,0
0,141,61,108,133,0,0,49,0,33,76,172,27,247,93,136,32,17,86,179,133,226,85,112,0,61,0,178,0,67,39,84,0,73,0,0,20,87,0,46,0,40,0,0,6,7,0,128,0,7,0,0,0,1,0,0,0,0,0,0,0,1,0,0,0,37,0,0,0,0,0,0,0,0,0,0,0,0,0,1,0,16,0,0,0,0,0,0,0,0,0,0,0,0,0,0,1,0,0,0,0,0,0,0,0,0,0,0,0,0,0,0,0,0,0,0,0,0,0,0,0,0,0,0,0,26,0,80,0,0,0,27,0,17,0,0,0,24,0,0,1,0,0,0,0,0,0,0,0,75,1,136,0,0,0,0,0,0,0,0,0,0,0,7,0,16,0,114,0,0,0,23,0,80,0,0,73,312,11,52,0,0,2,13,0,41,0,2,0,0,0,0,0,0,0,0,0,0,0,0,0,0,0,0,0,0,0,0,0,116,10,0,0,0,154,0,0,0,348,154,431,0,1,1,0
6,82,30,0,15,0,0,0,88,80,21,0,16,0,2,0,12,0,0,0,0,0,0,0,248,130,0,0,47,1,0,0,0,0,0,0,0,0,87,0,0,0,0,0,8,0,0,0,104,0,0,0,141,17,146,0,12,0,22,0,90,0,324,77,0,0,14,0,1,0,0,0,0,0,0,0,0,0,0,0,0,0,0,0,0,0,0,0,2,0,0,0,0,0,0,0,0,0,0,0,0,0,0,0,0,0,0,0,0,0,0,0,0,0,0,0,0,0,0,0,0,0,0,0,41,0,75,0,0,0,123,0,0,0,54,0,0,0,0,0,0,0,0,0,0,0,2,0,39,0,9,0,0,0,5,1,0,0,0,0,23,0,0,0,7,0,0,0,20,1,256,0,250,0,0,0,0,40,0,0,0,0,3,0,1,0,0,0,0,0,0,0,0,0,0,0,0,0,0,0,0,0,0,0,0,0,0,0,130,0,701,56,442,651,896,0,34,0,0,0,4,0,0,0,0
26,73,0,53,0,49,0,0,0,129,0,31,0,18,0,8,0,0,0,12,0,0,0,0,82,355,0,0,0,27,0,0,0,0,0,0,0,0,0,164,0,5,0,0,0,0,0,0,0,0,0,0,25,30,0,295,0,16,0,11,8,75,67,105,0,0,0,3,0,2,0,0,0,0,0,0,0,0,0,0,0,0,0,0,0,0,0,0,0,0,0,0,0,0,0,0,0,0,0,0,0,0,0,0,0,0,0,0,0,0,0,0,0,0,0,0,0,0,0,0,0,0,0,0,0,12,0,10,0,0,0,17,0,10,0,0,0,9,0,0,0,0,0,0,0,0,0,0,0,0,0,2,0,0,0,0,0,0,0,0,0,2,0,0,0,14,0,0,0,27,0,39,0,134,0,0,26,0,0,0,0,0,0,4,0,11,0,0,0,0,0,0,0,0,0,0,0,0,0,0,0,0,0,0,0,0,0,0,0,0,0,0,0,0,667,0,0,0,526,53,348,463,0,48,5
146,58,5,9,30,0,88,0,0,187,16,0,28,0,0,0,0,29,9,2,0,0,0,0,17,184,0,0,5,2,0,0,2,0,0,0,1,0,13,0,0,0,0,0,4,0,7,0,13,0,0,0,215,90,62,166,20,0,66,0,155,0,223,80,144,0,166,23,0,0,0,0,0,0,0,0,2,0,0,0,0,0,0,0,0,0,0,0,0,0,0,0,0,0,0,0,0,0,0,0,0,0,0,0,0,0,0,0,0,0,0,0,0,0,0,0,0,0,0,0,0,0,0,0,41,0,42,0,0,0,69,0,0,0,13,0,0,0,0,0,0,0,0,0,0,0,15,0,108,0,56,0,14,0,8,0,0,0,0,0,12,0,0,0,0,0,0,0,11,0,161,0,50,0,0,1,170,53,4,0,0,0,26,0,231,25,0,0,0,0,0,0,0,0,0,0,5,0,5,0,0,0,0,0,0,0,0,0,71,0,606,99,176,245,449,0,45,0,0,0,0,0,0,0,0
10,62,3,8,0,33,80,129,187,0,0,137,0,0,0,5,5,0,0,0,0,0,0,0,42,35,0,18,0,0,0,0,0,0,0,0,0,0,0,0,0,0,0,0,0,0,0,20,0,0,0,0,163,128,119,249,0,83,0,97,0,218,88,191,0,172,0,125,0,1,0,0,0,0,0,0,0,1,0,0,0,0,0,0,0,0,0,2,0,0,0,0,0,0,0,0,0,0,0,0,0,1,0,0,0,3,0,0,0,0,0,0,0,0,0,0,0,0,0,0,0,0,0,0,0,65,0,196,0,0,0,94,0,15,0,8,0,7,0,0,0,0,0,0,0,0,0,89,0,105,0,87,0,122,1,0,0,71,0,0,0,0,0,0,0,11,0,0,2,17,12,91,0,105,0,25,61,175,0,3,0,41,0,23,25,135,0,0,0,0,0,0,0,0,0,0,0,0,0,0,0,0,0,2,0,0,0,11,0,66,40,0,0,0,1118,0,0,0,864,71,259,524,0,49,1
164,0,33,0,110,76,21,0,16,0,0,59,253,0,82,87,0,0,31,41,100,0,5,69,0,0,32,0,10,0,110,5,123,0,0,0,76,0,0,0,14,0,0,0,18,0,11,0,7,1,3,0,2,0,0,0,0,0,0,0,0,0,0,0,4,0,0,0,0,0,0,0,0,0,0,0,0,0,0,0,0,0,0,0,0,0,0,0,0,0,0,0,0,0,0,0,0,0,0,0,0,0,0,0,0,0,0,0,0,0,0,0,0,0,0,0,0,0,0,0,0,0,0,0,0,0,0,0,0,0,3,0,0,0,0,0,0,0,0,0,0,0,0,0,0,0,0,0,10,0,34,0,35,0,0,0,1,0,0,0,0,0,2,0,0,0,49,0,59,0,6,0,76,0,13,0,163,53,145,0,34,0,32,0,68,0,1,0,0,0,0,0,0,0,0,0,0,0,0,0,0,0,0,0,0,0,0,0,0,0,201,84,161,0,97,0,0,0,0,7,15,0,0,0,0
28,182,94,18,93,172,0,31,0,137,59,0,0,264,65,11,38,20,0,48,82,93,86,68,6,5,0,88,0,88,29,45,0,104,0,23,0,30,0,43,0,66,0,0,0,10,0,152,0,16,0,0,0,1,0,2,1,0,0,0,0,0,0,0,0,54,0,0,0,0,0,0,0,4,0,0,0,0,0,0,0,0,0,0,0,0,0,0,0,0,0,0,0,0,0,0,0,0,0,0,0,0,0,0,0,0,0,0,0,0,0,0,0,0,0,0,0,0,0,0,0,0,0,0,0,8,0,72,0,0,0,12,0,7,1,0,0,4,0,0,0,3,0,0,0,0,0,0,0,72,0,125,0,88,0,0,0,0,0,2,0,0,0,0,0,0,0,0,6,7,0,0,0,23,0,0,68,479,0,48,0,69,3,46,0,70,0,4,0,0,0,0,0,0,0,0,0,2,0,0,0,0,0,0,0,0,0,11,0,65,0,9,0,0,110,0,0,0,279,141,204,43,0,0,0
113,0,93,0,528,27,16,0,28,0,253,0,0,294,28,7,0,0,114,301,62,103,0,0,0,0,122,319,0,0,35,9,0,0,78,29,33,0,0,0,213,25,42,33,40,0,239,62,20,0,216,0,0,0,0,0,0,0,0,0,0,0,0,0,0,0,0,0,0,0,0,0,0,0,0,0,0,0,0,0,0,0,0,0,0,0,0,0,0,0,0,0,0,0,0,0,0,0,0,0,0,0,0,0,0,0,0,0,0,0,0,0,0,0,0,0,0,0,0,0,0,0,0,0,0,0,0,0,0,0,0,0,0,0,0,0,0,0,0,0,0,0,0,0,0,0,11,0,36,0,0,0,0,0,0,0,0,0,0,0,0,0,4,0,83,0,9,0,37,0,0,0,0,0,0,0,133,185,208,0,58,0,96,0,132,0,138,0,0,0,0,0,0,0,0,0,0,0,0,0,0,0,0,0,0,0,0,0,68,0,107,182,271,28,42,0,0,0,0,4,11,0,0,0,0
0,149,0,23,69,247,0,18,0,0,0,264,294,0,48,23,0,2,378,57,127,59,0,0,0,4,292,62,0,0,0,26,0,0,45,54,4,92,0,0,67,231,17,49,14,11,35,261,0,39,67,80,0,0,0,0,0,0,0,0,0,0,0,0,0,31,0,1,0,0,0,0,0,0,0,0,0,0,0,0,0,0,0,3,0,6,0,0,0,0,0,0,0,0,0,0,0,0,0,0,0,0,0,0,0,0,0,0,0,0,0,0,0,0,0,0,0,0,0,0,0,0,0,0,0,0,0,0,0,0,0,7,0,0,0,0,0,0,0,0,0,0,0,0,0,0,0,0,0,46,0,0,0,74,0,0,0,0,0,0,0,0,0,3,0,0,0,0,0,51,0,0,0,0,0,0,19,578,10,86,0,129,0,37,0,40,16,79,0,0,0,0,0,0,0,0,0,0,0,0,0,0,0,0,0,0,0,0,0,39,0,0,0,0,34,0,0,0,66,113,227,0,0,0,0
2,0,150,0,270,93,2,0,0,0,82,65,28,48,0,100,110,0,219,128,306,63,227,31,29,0,71,0,12,0,126,24,36,3,92,0,48,0,0,0,0,0,0,0,0,0,4,0,0,0,0,0,9,0,139,0,0,0,0,0,0,0,38,0,13,0,0,0,0,0,0,0,0,0,0,0,0,0,0,0,0,0,0,0,60,0,0,0,0,0,24,0,0,0,0,0,0,0,0,0,10,0,0,0,0,0,167,0,0,0,0,0,0,0,0,0,0,0,0,0,0,0,0,0,0,0,0,0,8,0,0,0,0,0,326,0,28,0,11,0,41,0,146,0,12,0,29,0,58,0,214,0,107,0,3,0,0,0,0,0,4,0,0,0,8,0,56,0,59,0,4,0,41,0,9,0,120,67,18,6,24,0,23,0,92,0,0,0,0,0,0,0,0,0,4,0,16,0,0,0,114,0,0,0,0,0,0,0,256,0,84,52,62,0,32,0,2,0,0,0,0,0,0,0,0
66,16,91,150,133,136,0,8,0,5,87,11,7,23,100,0,44,141,19,428,141,627,92,357,22,137,4,108,5,62,41,120,18,67,0,32,0,19,0,40,0,0,0,0,2,11,0,0,0,0,0,0,0,0,0,69,0,29,0,10,0,1,7,61,0,0,0,0,0,0,0,5,0,0,0,11,0,0,0,0,0,135,0,0,0,127,0,0,0,0,0,0,0,0,0,0,0,82,0,0,0,0,0,0,0,0,0,437,0,0,0,0,0,0,0,0,0,0,0,0,0,25,0,0,0,0,0,47,0,23,0,15,0,0,0,516,0,0,0,64,0,0,0,101,0,8,0,0,0,16,0,93,1,0,0,0,0,1,0,0,0,0,0,2,0,0,0,182,0,46,0,21,19,104,0,0,52,157,5,44,0,0,9,0,0,0,0,0,0,0,0,0,0,0,0,0,0,0,0,0,0,296,0,16,0,0,0,44,0,260,0,0,0,0,98,0,0,0,235,102,299,61,0,0,0
16,69,91,33,0,32,12,0,0,5,0,38,0,0,110,44,0,33,183,0,206,0,135,75,88,31,78,0,257,8,130,6,78,0,2,0,0,0,101,5,0,0,6,0,0,0,0,0,0,0,0,0,60,0,64,0,17,0,0,0,2,0,151,13,0,0,0,0,0,0,0,0,0,0,0,0,0,0,0,0,52,0,0,0,432,0,37,0,0,0,132,0,0,0,0,0,552,0,0,0,49,0,0,0,0,0,415,0,0,0,0,0,0,0,0,0,0,0,0,0,16,0,20,0,0,0,0,0,22,0,3,0,0,0,182,0,195,0,46,0,73,0,544,0,7,0,0,0,0,0,0,0,0,0,26,0,0,0,10,0,0,0,0,0,0,0,0,0,55,0,3,0,44,0,0,0,48,17,4,0,0,0,20,0,0,0,0,0,0,0,0,0,0,0,0,0,0,0,0,0,209,0,0,0,0,0,0,0,49,0,0,14,54,28,30,0,0,0,18,0,0,0,0,0,0
68,6,47,42,0,17,0,0,29,0,0,20,0,2,0,141,33,0,0,106,0,115,34,216,67,22,0,45,6,123,0,24,0,15,0,30,4,5,0,116,0,0,0,0,0,0,0,0,0,0,0,0,8,19,0,6,0,11,0,0,0,37,45,235,0,0,0,0,0,0,0,0,0,0,0,0,0,0,0,0,0,109,0,0,0,168,0,0,0,0,0,286,0,0,0,0,0,93,0,167,0,202,0,0,0,0,0,234,0,0,0,0,0,0,0,0,0,0,0,0,0,0,0,1,0,0,0,0,0,80,0,0,0,0,0,470,0,190,0,220,0,74,0,284,0,0,0,0,0,0,0,0,0,0,0,41,0,0,0,27,0,7,0,0,0,0,0,0,0,0,0,0,0,15,0,0,9,51,0,12,0,0,12,9,0,0,0,0,0,0,0,0,0,0,0,0,0,0,0,12,0,137,0,0,0,0,0,0,0,0,15,0,0,0,12,0,0,0,11,15,19,0,0,0,0
8,0,78,0,182,86,0,0,9,0,31,0,114,378,219,19,183,0,0,499,378,155,101,0,0,0,346,295,46,0,87,0,0,0,142,48,32,0,1,0,30,21,21,23,10,0,38,0,0,0,203,43,10,0,0,0,0,0,0,0,0,0,87,0,0,0,0,0,0,0,44,0,0,0,0,0,0,0,0,0,0,0,0,0,0,0,0,0,0,0,0,0,0,0,0,0,0,0,290,0,0,0,0,0,0,0,0,0,0,0,0,0,0,0,0,0,0,0,0,0,0,0,0,0,0,0,0,0,0,0,0,0,0,0,0,0,18,0,0,0,67,0,0,0,28,0,11,0,36,0,77,0,62,0,0,0,0,0,0,0,0,0,0,0,61,0,6,0,0,0,0,0,0,0,0,0,92,145,31,0,35,0,42,0,87,0,16,0,0,0,0,0,0,0,0,0,0,0,0,0,0,0,0,0,0,0,0,0,68,0,125,153,115,0,47,0,0,1,0,0,0,0,0,0,0
0,60,0,75,171,179,0,12,2,0,41,48,301,57,128,428,0,106,499,0,257,524,0,199,0,48,53,356,1,24,49,82,0,6,49,107,16,157,0,7,0,10,5,45,0,67,8,159,1,0,40,149,0,0,0,0,0,0,0,0,0,0,1,53,0,26,0,0,0,0,0,9,0,0,0,0,0,0,0,0,0,0,0,0,0,216,0,0,0,0,0,0,0,0,0,0,0,0,0,0,0,0,0,0,0,0,0,0,0,0,0,0,0,0,0,0,0,0,0,0,0,0,0,0,0,0,0,65,0,0,0,0,0,0,0,240,0,0,0,0,0,73,0,176,0,12,0,0,0,42,0,154,0,0,0,0,0,0,0,0,0,0,0,0,0,27,0,30,0,43,0,5,0,4,0,0,54,154,11,51,1,58,1,21,0,14,2,10,0,0,0,0,0,0,0,8,0,0,0,0,0,0,0,0,0,0,0,0,0,163,0,5,0,0,18,0,0,0,69,79,152,0,0,0,0
0,0,58,0,334,133,0,0,0,0,100,82,62,127,306,141,206,0,378,257,0,118,66,48,19,0,200,77,72,3,106,22,44,0,69,26,15,4,2,0,0,0,25,6,23,0,0,0,12,0,48,0,0,0,30,0,0,0,0,0,0,0,154,0,0,0,0,0,3,0,35,0,0,0,28,0,0,0,19,0,114,0,0,0,224,0,132,0,0,0,84,0,0,0,0,0,301,0,386,0,49,0,0,0,0,0,0,0,0,0,0,0,0,0,0,0,0,0,0,0,0,0,0,0,0,0,0,0,0,0,0,0,0,0,91,0,31,0,21,0,74,0,189,0,30,0,0,0,0,0,0,0,0,0,0,0,0,0,0,0,0,0,0,0,24,0,46,0,71,0,0,0,56,0,0,0,196,86,85,6,0,0,11,0,0,0,3,0,0,0,0,0,0,0,0,0,0,0,0,0,0,0,0,0,0,0,0,0,44,0,129,175,115,31,52,0,0,0,0,0,0,2,0,0,0
0,0,4,29,74,226,0,0,0,0,0,93,103,59,63,627,0,115,155,524,118,0,0,132,0,0,17,245,0,93,20,30,7,5,0,44,8,26,1,2,0,0,5,125,0,28,0,18,0,5,11,104,0,0,0,0,0,0,0,0,0,8,0,69,0,0,0,0,0,0,0,17,0,0,0,20,0,0,0,22,0,285,0,0,0,237,0,75,0,0,0,0,0,0,0,0,0,0,0,175,0,174,0,0,0,0,0,0,0,0,0,0,0,0,0,0,0,0,0,0,0,72,0,15,0,0,0,0,0,0,0,0,0,0,0,0,0,0,0,0,0,83,0,196,0,24,0,0,0,0,0,0,0,0,0,0,0,0,0,0,0,0,0,0,0,0,0,27,0,29,0,15,0,10,0,0,25,118,4,63,0,0,0,0,0,0,0,2,0,0,0,0,0,0,0,0,0,0,0,0,0,0,0,0,0,0,0,0,0,0,0,6,0,0,80,0,0,0,147,232,208,54,0,0,0
14,86,306,35,60,85,0,0,0,0,5,86,0,0,227,92,135,34,101,0,66,0,0,147,59,0,25,0,105,9,96,0,97,16,0,0,20,3,52,0,0,0,0,0,0,1,3,0,0,0,0,0,0,0,186,0,0,0,0,0,0,0,13,4,0,0,0,0,0,0,0,0,0,0,0,0,0,0,0,0,0,0,0,0,54,0,0,0,0,0,20,0,0,0,0,0,36,0,0,0,0,0,0,0,0,0,90,0,0,0,0,0,0,0,0,0,0,0,0,0,0,0,0,0,0,0,0,0,0,0,3,0,2,0,271,0,50,0,0,0,0,0,185,0,0,1,0,0,0,0,38,0,0,0,2,0,0,0,0,0,0,0,0,0,0,0,26,0,36,0,13,0,99,0,0,0,86,46,1,4,0,0,17,0,0,0,1,0,0,0,0,0,0,0,0,0,0,0,0,0,0,0,0,0,0,0,15,0,122,0,90,31,95,59,98,0,0,0,19,0,10,0,0,0,0
114,0,170,89,103,112,0,0,0,0,69,68,0,0,31,357,75,216,0,199,48,132,147,0,55,100,0,71,11,172,24,40,22,36,0,31,0,24,11,63,0,0,0,11,0,4,0,0,0,3,0,6,0,0,0,49,0,25,0,0,0,0,0,84,0,0,0,0,0,0,0,0,0,0,0,0,0,0,0,0,0,107,0,0,0,128,0,0,0,0,0,183,0,0,0,0,0,45,0,115,0,115,0,0,0,0,0,265,0,0,0,0,0,0,0,0,0,0,0,0,0,0,0,0,0,0,0,0,0,24,0,0,0,0,0,370,0,74,0,92,0,42,0,153,0,2,0,0,0,0,0,0,0,0,0,14,0,0,0,0,0,0,0,0,0,7,3,23,0,17,2,7,24,39,0,0,33,157,0,64,0,0,6,5,0,0,0,0,0,0,0,0,0,0,0,0,0,0,0,0,0,152,0,9,0,0,0,0,0,76,28,7,0,0,51,0,0,0,86,64,85,0,2,1,0
20,232,105,42,0,0,248,82,17,42,0,6,0,0,29,22,88,67,0,0,19,0,59,55,0,247,0,0,43,6,0,0,5,2,0,1,0,5,25,17,0,0,0,0,0,0,0,0,3,0,0,0,41,7,180,11,8,0,12,0,4,0,110,102,0,0,0,0,0,0,0,0,0,0,0,0,0,0,0,0,0,0,0,0,49,0,0,0,0,0,0,0,0,0,0,0,62,0,0,0,0,0,0,0,0,0,76,0,0,0,0,0,0,0,0,0,0,0,0,0,0,0,0,0,0,0,0,0,9,0,11,0,0,0,206,0,116,0,12,0,12,0,267,0,0,0,0,0,0,0,18,0,0,0,4,0,0,0,0,0,1,0,2,0,0,0,0,0,0,0,10,0,29,0,0,0,53,43,0,0,0,0,16,0,0,0,0,0,0,0,0,0,0,0,0,0,1,0,0,0,94,0,0,0,0,0,0,0,72,0,13,7,27,35,32,0,2,0,16,2,0,0,0,0,0
86,31,28,75,0,61,130,355,184,35,0,5,0,4,0,137,31,22,0,48,0,0,0,100,247,0,0,0,0,22,0,0,0,4,0,1,0,0,0,84,0,0,0,0,0,0,0,0,0,0,0,0,64,19,35,124,0,40,0,0,11,54,160,186,0,0,0,0,0,0,0,0,0,0,0,0,0,0,0,1,0,0,0,0,0,0,0,0,0,0,0,0,0,0,0,0,0,13,0,0,0,0,0,0,0,0,0,0,0,0,0,0,0,0,0,0,0,0,0,0,0,0,0,0,0,0,0,21,0,49,0,0,0,0,0,277,0,107,0,83,0,5,0,0,0,0,0,0,0,0,0,0,0,0,0,30,0,0,0,15,0,5,0,0,0,4,0,6,0,6,12,9,14,52,0,0,36,80,0,0,0,0,38,7,0,0,0,0,0,0,0,0,0,1,0,0,0,0,0,0,0,0,0,0,0,0,0,0,0,140,0,12,0,0,133,0,0,0,149,22,67,88,0,0,0
0,0,50,0,108,0,0,0,0,0,32,0,122,292,71,4,78,0,346,53,200,17,25,0,0,0,0,597,47,0,110,0,16,0,88,15,34,0,0,0,53,190,227,58,352,56,147,402,12,27,188,51,1,0,0,0,0,0,0,0,0,0,116,0,0,0,0,0,0,0,66,0,0,0,0,0,0,0,0,0,192,0,0,0,209,0,198,0,0,0,0,0,0,0,0,0,387,0,0,0,0,0,0,0,0,0,0,0,0,0,0,0,0,0,0,0,0,0,0,0,0,0,22,0,0,0,0,0,0,0,0,0,0,0,0,0,0,0,23,0,81,0,125,0,0,0,0,0,0,0,0,0,0,0,2,0,0,0,0,0,0,0,0,0,119,0,8,0,68,2,6,0,16,0,0,0,8,119,33,0,0,0,27,0,0,0,85,2,0,0,0,0,0,0,0,0,0,0,0,0,0,0,0,0,0,0,0,0,34,0,45,223,369,0,0,0,1,5,0,0,0,0,0,0,0
0,37,0,40,0,178,0,0,0,18,0,88,319,62,0,108,0,45,295,356,77,245,0,71,0,0,597,0,0,68,0,65,0,12,20,112,0,39,0,0,234,7,55,218,54,432,115,181,2,47,105,220,0,0,0,0,0,0,0,0,0,11,0,41,0,29,0,0,0,0,0,0,0,0,0,0,0,0,0,0,0,326,0,0,0,276,0,0,0,0,0,0,0,0,0,107,0,0,0,0,0,0,0,0,0,0,0,0,0,0,0,0,0,0,0,0,0,1,0,0,0,0,0,19,0,8,0,0,0,0,0,0,0,0,0,0,0,0,0,0,0,184,0,287,0,38,0,0,0,0,0,78,0,0,0,0,0,5,0,0,0,0,0,0,0,72,0,6,0,0,0,0,0,0,0,0,0,92,2,22,0,0,0,0,0,0,24,16,0,0,0,0,0,0,0,0,0,0,0,0,0,0,0,0,0,0,0,0,0,54,0,0,2,0,12,0,0,0,38,433,416,0,0,0,12
116,9,297,0,24,0,47,0,5,0,10,0,0,0,12,5,257,6,46,1,72,0,105,11,43,0,47,0,0,0,49,0,13,0,45,0,38,0,18,0,0,0,47,0,0,0,0,0,0,0,41,0,5,0,0,0,2,0,0,0,0,0,245,0,0,0,0,0,0,0,12,0,0,0,0,0,0,0,0,0,99,0,0,0,154,0,78,0,0,0,70,0,0,0,0,0,231,0,227,0,39,0,0,0,0,0,0,0,0,0,0,0,0,0,0,0,0,0,0,0,41,0,17,0,0,0,0,0,0,0,0,0,0,0,0,0,29,0,46,0,89,0,138,0,25,0,1,0,0,0,0,0,0,0,3,0,0,0,7,0,1,0,2,0,0,0,0,0,0,0,0,0,5,0,0,0,60,5,4,0,0,0,51,0,0,0,0,0,0,0,0,0,0,0,0,0,0,0,0,0,0,0,0,0,0,0,0,0,0,0,0,7,0,0,1,0,0,0,0,0,0,0,0,0,0
10,115,25,163,0,67,1,27,2,0,0,88,0,0,0,62,8,123,0,24,3,93,9,172,6,22,0,68,0,0,2,77,3,38,0,136,0,18,0,13,0,0,0,60,0,0,0,0,0,0,0,29,0,0,0,0,0,0,0,0,0,25,0,94,0,0,0,0,0,0,0,0,0,0,0,3,0,0,0,0,0,92,0,0,0,148,0,12,0,8,0,68,0,0,0,0,0,0,0,0,0,80,0,0,0,0,0,0,0,0,0,0,0,0,0,0,0,0,0,0,0,11,0,7,0,0,0,0,0,23,0,0,0,0,0,68,0,85,0,106,0,269,0,342,0,23,0,0,0,0,0,0,0,0,0,3,0,2,0,26,0,5,0,0,0,0,0,0,0,0,0,0,0,0,0,0,0,37,0,41,0,0,1,4,0,0,0,0,0,0,0,0,0,0,0,0,0,0,0,0,0,0,0,0,0,0,0,0,0,0,0,0,2,0,0,0,0,0,5,7,0,0,0,0,0
29,0,158,0,234,39,0,0,0,0,110,29,35,0,126,41,130,0,87,49,106,20,96,24,0,0,110,0,49,2,0,0,8,0,52,0,69,0,1,0,1,0,51,0,28,0,0,0,0,0,78,0,4,0,0,0,0,0,0,0,0,0,87,0,0,0,0,0,0,0,0,0,0,0,13,0,0,0,0,0,48,0,0,0,81,0,0,0,0,0,0,0,0,0,0,0,125,0,0,0,0,0,0,0,0,0,0,0,0,0,0,0,0,0,0,0,0,0,0,0,0,0,13,0,0,0,0,0,0,0,0,0,0,0,0,0,0,0,0,0,45,0,66,0,15,0,0,0,0,0,0,0,0,0,0,0,0,0,0,0,0,0,0,0,0,0,81,0,48,0,0,0,59,0,0,0,159,32,58,0,0,0,27,0,0,0,0,0,0,0,0,0,0,0,0,0,0,0,0,0,0,0,0,0,0,0,0,0,0,0,55,76,80,0,33,0,0,0,0,0,0,0,0,0,1
0,0,0,0,31,84,0,0,0,0,5,45,9,26,24,120,6,24,0,82,22,30,0,40,0,0,0,65,0,77,0,0,2,2,0,37,0,18,0,12,0,0,0,50,0,0,0,0,0,1,0,25,0,0,0,0,0,0,0,0,0,0,0,37,0,0,0,0,0,0,0,0,0,0,0,0,0,0,0,0,0,0,0,0,0,46,0,0,0,0,0,0,0,0,0,0,0,3,0,0,0,0,0,0,0,0,0,0,0,0,0,0,0,0,0,0,0,0,0,0,0,0,0,7,0,0,0,0,0,0,0,0,0,0,0,0,0,0,0,46,0,85,0,0,0,22,0,0,0,0,0,0,0,0,0,0,0,0,0,0,0,0,0,4,0,10,0,77,0,34,0,0,0,16,0,0,0,55,3,41,0,0,0,0,0,0,0,1,0,0,0,0,0,0,0,0,0,3,0,0,0,0,0,0,0,0,0,0,0,0,0,0,0,0,0,0,0,0,50,56,91,0,0,1,0
88,5,234,0,148,0,0,0,2,0,123,0,0,0,36,18,78,0,0,0,44,7,97,22,5,0,16,0,13,3,8,2,0,0,64,0,448,0,4,0,0,0,32,0,4,0,0,0,3,0,26,0,3,0,0,0,0,0,0,0,8,0,32,0,0,0,0,0,0,0,10,0,0,0,0,0,0,0,0,0,0,0,0,0,25,0,24,0,0,0,0,0,0,0,0,0,0,0,111,0,0,0,0,0,0,0,0,0,0,0,0,0,0,0,0,0,0,0,0,0,17,0,0,0,0,0,0,0,0,0,0,0,0,0,0,0,0,0,61,0,76,0,56,0,30,0,0,0,0,0,0,0,0,0,17,0,9,0,16,0,0,0,0,0,2,0,55,0,0,0,0,0,22,0,0,0,151,20,43,0,0,0,82,0,0,0,0,0,0,0,0,0,0,0,0,0,0,0,0,0,0,0,0,0,0,0,0,0,0,0,36,84,51,0,21,0,0,0,0,0,0,0,0,0,0
6,81,8,63,0,73,0,0,0,0,0,104,0,0,3,67,0,15,0,6,0,5,16,36,2,4,0,12,0,38,0,2,0,0,0,12,0,369,0,2,0,0,0,27,0,6,0,0,0,3,0,14,0,0,0,0,0,0,0,0,0,3,0,20,0,0,0,1,0,0,0,1,0,0,0,0,0,0,0,0,0,34,0,0,0,28,0,9,0,0,0,0,0,0,0,0,0,0,0,0,0,0,0,0,0,0,0,0,0,0,0,0,0,0,0,0,0,0,0,0,0,0,0,4,0,0,0,0,0,0,0,0,0,0,0,0,0,0,0,25,0,69,0,64,0,20,0,0,0,0,0,0,0,0,0,0,0,9,0,0,0,0,0,0,0,0,0,93,0,0,0,7,0,33,0,0,8,50,0,41,0,0,0,8,0,0,0,0,0,0,0,0,0,0,0,0,0,0,0,0,0,0,0,0,0,0,0,0,0,0,0,1,1,0,0,0,0,0,0,62,67,0,0,0,0
0,0,0,0,104,0,0,0,0,0,0,0,78,45,92,0,2,0,142,49,69,0,0,0,0,0,88,20,45,0,52,0,64,0,0,0,285,0,3,0,0,0,37,0,7,0,0,0,0,0,135,0,0,0,0,0,0,0,0,0,0,0,6,0,2,0,0,0,0,0,0,0,0,0,5,0,0,0,0,0,0,0,0,0,0,0,0,0,0,0,0,0,0,0,0,0,0,0,0,0,0,0,0,0,0,0,0,0,0,0,0,0,0,0,0,0,0,0,0,0,0,0,0,0,0,0,0,0,0,0,0,0,0,0,0,0,0,0,0,0,0,0,0,0,0,0,0,0,0,0,0,0,0,0,0,0,0,0,0,0,0,0,4,0,94,0,39,0,72,0,0,0,40,0,0,0,16,7,25,0,0,0,6,0,0,0,12,0,0,0,0,0,0,0,0,0,0,0,0,0,0,0,0,0,0,0,0,0,0,0,0,125,177,0,29,0,0,1,0,0,0,0,0,0,0
0,0,0,0,0,0,0,0,0,0,0,23,29,54,0,32,0,30,48,107,26,44,0,31,1,1,15,112,0,136,0,37,0,12,0,0,0,227,0,20,6,0,0,51,0,26,0,11,0,4,0,52,0,0,0,0,0,0,0,0,0,10,0,18,0,0,0,0,0,0,0,4,0,2,0,0,0,0,0,0,0,62,0,0,0,46,0,0,0,1,0,0,0,0,0,0,0,0,0,0,0,0,0,3,0,0,0,0,0,0,0,0,0,0,0,0,0,0,0,0,0,0,0,0,0,0,0,0,0,0,0,0,0,0,0,0,0,0,0,30,0,78,0,80,0,19,0,0,0,0,0,0,0,0,0,0,0,8,0,0,0,0,0,0,0,59,0,127,0,84,0,12,0,7,0,0,18,57,2,23,0,0,0,0,0,2,0,4,0,0,0,0,0,0,0,0,0,0,0,0,0,0,0,0,0,0,0,0,0,0,0,0,0,0,46,0,0,0,92,181,276,32,0,0,0
31,0,42,0,148,20,0,0,1,0,76,0,33,4,48,0,0,4,32,16,15,8,20,0,0,0,34,0,38,0,69,0,448,0,285,0,0,0,27,0,0,0,65,0,18,0,2,0,5,0,53,0,3,0,0,0,1,0,0,0,25,0,18,0,0,0,0,0,0,0,65,0,0,0,40,0,0,0,0,0,119,0,0,0,33,0,85,0,0,0,0,0,0,0,0,0,39,0,222,0,0,0,0,0,0,0,0,0,0,0,0,0,0,0,0,0,0,0,0,0,0,0,0,0,0,0,0,0,0,0,1,0,0,0,0,0,24,0,77,0,119,0,69,0,107,0,0,0,0,0,0,0,0,0,15,0,15,0,15,0,0,0,23,0,52,0,32,0,69,0,16,0,85,0,0,0,82,16,43,0,0,0,24,0,0,0,4,0,0,0,0,0,0,0,0,0,0,0,0,0,0,0,0,0,0,0,0,0,0,0,27,67,95,11,22,0,0,0,0,1,0,0,0,0,0
0,109,0,0,0,87,0,0,0,0,0,30,0,92,0,19,0,5,0,157,4,26,3,24,5,0,0,39,0,18,0,18,0,369,0,227,0,0,0,24,0,2,0,56,0,21,0,0,0,0,0,91,0,0,0,0,0,0,0,0,0,50,0,74,0,0,0,0,0,0,0,13,0,4,0,10,0,0,0,0,0,75,0,0,0,0,0,25,0,0,0,0,0,0,0,0,0,0,0,0,0,0,0,0,0,0,0,0,0,0,0,0,0,0,0,0,0,0,0,0,0,47,0,12,0,0,0,0,0,0,0,0,0,0,0,0,0,0,0,107,0,199,0,127,0,112,0,0,0,0,0,0,0,0,0,0,0,56,0,16,0,0,0,0,0,29,0,44,0,70,0,22,0,53,0,0,5,53,0,11,0,0,0,15,0,0,0,4,0,0,0,0,0,0,0,5,0,0,0,0,0,0,0,0,0,0,0,0,0,0,0,0,0,0,0,0,0,0,22,101,130,7,0,0,0
298,22,271,8,0,0,87,0,13,0,0,0,0,0,0,0,101,0,1,0,2,1,52,11,25,0,0,0,18,0,1,0,4,0,3,0,27,0,0,0,0,0,8,0,2,0,0,0,1,0,3,0,2,0,0,0,0,0,0,0,6,0,9,0,0,0,0,0,0,0,4,0,0,0,0,0,0,0,0,0,26,0,0,0,21,0,23,0,17,0,0,0,0,0,0,0,29,0,58,0,0,0,0,0,0,0,0,0,0,0,0,0,0,0,0,0,0,0,0,0,9,0,4,0,0,0,0,0,0,0,0,0,0,0,0,0,14,0,50,0,58,0,45,0,40,0,0,0,0,0,0,0,0,0,14,0,19,0,15,0,0,0,0,0,0,0,4,0,0,0,6,0,157,0,0,0,179,11,2,0,0,0,98,0,0,0,0,0,0,0,0,0,0,0,0,0,0,0,0,0,0,0,0,0,0,0,0,0,0,0,11,49,11,0,5,0,0,0,0,0,0,0,0,0,0
19,372,19,296,0,46,0,164,0,0,0,43,0,0,0,40,5,116,0,7,0,2,0,63,17,84,0,0,0,13,0,12,0,2,0,20,0,24,0,0,0,0,0,0,0,0,0,0,0,0,0,6,0,2,0,3,0,0,0,0,0,18,0,151,0,0,0,0,0,0,0,0,0,0,0,0,0,0,0,0,0,0,0,0,0,0,0,0,0,0,0,0,0,0,0,0,0,0,0,0,0,0,0,0,0,0,0,0,0,0,0,0,0,0,0,0,0,0,0,0,0,0,0,0,0,0,0,0,0,0,0,0,0,0,0,0,0,0,0,55,0,72,0,56,0,57,0,0,0,0,0,0,0,0,0,6,0,29,0,23,0,0,0,1,0,0,0,6,0,0,0,0,0,36,0,0,0,100,0,11,0,0,0,51,0,0,0,0,0,0,0,0,0,0,0,0,0,0,0,0,0,0,0,0,0,0,0,0,0,0,0,0,0,0,0,0,0,0,0,40,8,1,0,1,0
0,0,0,0,101,0,0,0,0,0,14,0,213,67,0,0,0,0,30,0,0,0,0,0,0,0,53,234,0,0,1,0,0,0,0,6,0,0,0,0,0,95,49,15,88,55,113,250,47,33,16,0,0,0,0,0,0,0,0,0,0,0,0,0,0,0,0,0,0,0,0,0,0,0,0,0,5,0,0,0,0,0,0,0,0,0,0,0,0,0,0,0,0,0,0,0,0,0,0,0,0,0,0,0,0,0,0,0,0,0,0,0,0,0,0,0,0,0,0,0,0,0,0,0,0,0,0,0,0,0,0,0,0,0,0,0,0,0,0,0,0,0,0,0,0,0,0,0,0,0,0,0,0,0,0,0,0,0,0,0,0,0,0,0,20,0,0,0,0,0,0,0,0,0,0,0,33,97,89,0,0,0,6,0,0,0,143,0,0,0,0,0,0,0,0,0,0,0,0,0,0,0,0,0,0,0,0,0,0,0,0,94,57,0,0,0,0,11,0,10,0,0,0,0,0
0,16,0,8,0,40,0,5,0,0,0,66,25,231,0,0,0,0,21,10,0,0,0,0,0,0,190,7,0,0,0,0,0,0,0,0,0,2,0,0,95,0,20,5,112,31,101,115,0,76,14,2,0,0,0,0,0,0,0,0,0,0,0,0,0,2,0,0,0,0,0,0,0,0,0,0,0,0,0,0,0,0,0,1,0,0,0,0,0,0,0,0,0,0,0,0,0,0,0,0,0,0,0,0,0,0,0,0,0,0,0,0,0,0,0,0,0,0,0,0,0,0,0,0,0,0,0,0,0,0,0,0,0,0,0,0,0,0,0,0,0,0,0,0,0,0,0,0,0,0,0,0,0,0,0,0,0,0,0,0,0,0,0,0,0,0,0,0,0,0,0,0,0,0,0,0,0,219,0,9,0,13,0,0,0,0,10,26,0,0,0,0,0,0,0,0,0,0,0,0,0,0,0,0,0,0,0,0,0,0,0,2,0,0,0,0,0,0,0,13,13,0,2,0,4
0,0,0,0,0,0,0,0,0,0,0,0,42,17,0,0,6,0,21,5,25,5,0,0,0,0,227,55,47,0,51,0,32,0,37,0,65,0,8,0,49,20,0,0,155,8,48,67,36,0,63,2,0,0,0,0,0,0,0,0,12,0,13,0,0,0,0,0,0,0,37,0,0,0,20,0,0,0,0,0,81,0,0,0,0,0,0,0,22,0,0,0,0,0,0,0,77,0,183,0,23,0,0,0,0,0,0,0,0,0,0,0,0,0,0,0,0,0,0,0,0,0,5,0,0,0,0,0,0,0,0,0,0,0,0,0,0,0,0,0,52,0,64,0,45,0,0,0,0,0,0,0,0,0,0,0,0,0,0,0,0,0,0,0,55,0,26,0,13,0,8,0,28,0,0,0,0,0,3,0,0,0,1,0,0,0,88,0,0,0,0,0,0,0,0,0,0,0,0,0,0,0,0,0,0,0,0,0,0,0,0,137,90,0,3,0,0,39,0,0,0,0,0,0,0
0,0,0,0,0,0,0,0,0,0,0,0,33,49,0,0,0,0,23,45,6,125,0,11,0,0,58,218,0,60,0,50,0,27,0,51,0,56,0,0,15,5,0,0,0,212,0,55,0,45,0,44,0,0,0,0,0,0,0,0,0,0,0,15,0,0,0,0,0,0,0,11,0,0,0,0,0,0,0,0,0,99,0,0,0,76,0,28,0,6,0,0,0,0,0,0,0,0,0,0,0,0,0,0,0,0,0,0,0,0,0,0,0,0,0,0,0,0,0,0,0,40,0,0,0,0,0,0,0,0,0,0,0,0,0,0,0,0,0,0,0,65,0,101,0,35,0,0,0,0,0,0,0,0,0,0,0,0,0,0,0,0,0,10,0,32,0,22,0,13,0,9,0,12,0,0,0,46,0,4,0,0,0,0,0,1,3,85,0,0,0,0,0,0,0,0,0,0,0,0,0,0,0,0,0,0,0,0,0,0,0,0,0,0,8,0,0,0,24,136,151,0,0,0,0
0,0,0,0,21,6,8,0,4,0,18,0,40,14,0,2,0,0,10,0,23,0,0,0,0,0,352,54,0,0,28,0,4,0,7,0,18,0,2,0,88,112,155,0,0,58,212,233,142,103,98,0,0,0,0,0,0,0,0,0,0,0,16,0,0,0,0,0,0,0,60,0,12,0,47,0,5,0,0,0,140,0,0,0,87,0,116,0,0,0,32,0,0,1,70,0,122,0,326,0,50,0,0,0,0,0,0,0,0,0,0,0,0,0,0,0,0,0,0,0,27,0,0,0,0,0,0,0,0,0,0,0,0,0,0,0,0,0,0,0,44,0,0,0,41,0,0,0,0,0,0,0,15,0,4,0,0,0,0,0,0,0,21,0,236,0,63,0,101,0,27,0,45,0,0,0,21,51,44,0,19,0,6,0,20,0,123,0,0,0,0,0,0,0,0,0,0,0,0,0,0,0,0,0,0,0,0,0,0,0,99,89,218,39,30,0,0,27,0,17,0,0,0,0,3
0,6,0,0,0,7,0,0,0,0,0,10,0,11,0,11,0,0,0,67,0,28,1,4,0,0,56,432,0,0,0,0,0,6,0,26,0,21,0,0,55,31,8,212,58,0,67,88,0,169,0,125,0,0,0,0,0,1,0,0,0,0,0,0,0,0,0,0,0,19,0,26,0,0,0,0,0,0,0,20,0,207,0,58,0,114,0,69,0,15,0,0,0,39,0,149,0,0,0,76,0,74,0,26,0,0,0,0,0,0,0,0,0,0,0,0,0,1,0,0,0,70,0,22,0,4,0,0,0,0,0,0,0,0,0,0,0,0,0,0,0,0,0,94,0,65,0,0,0,0,0,0,0,0,0,0,0,0,0,0,0,0,0,14,0,233,0,25,0,152,0,31,0,32,0,5,0,106,0,0,0,21,0,0,0,0,8,76,0,0,0,0,0,0,0,69,0,7,0,0,0,0,0,0,0,0,0,0,0,0,0,1,0,0,16,0,0,0,40,224,235,16,0,0,93
0,0,0,0,91,0,0,0,7,0,11,0,239,35,4,0,0,0,38,8,0,0,3,0,0,0,147,115,0,0,0,0,0,0,0,0,2,0,0,0,113,101,48,0,212,67,0,247,145,62,0,0,0,0,0,0,0,0,0,0,0,0,0,0,2,0,0,0,0,0,0,0,0,0,0,0,0,0,1,0,0,0,0,0,11,0,0,1,0,0,0,0,0,0,0,0,0,0,0,0,0,0,0,0,0,0,0,0,0,0,0,0,0,0,0,0,0,0,0,0,0,0,0,0,0,0,0,0,0,0,0,0,0,0,0,0,0,0,0,0,0,0,0,0,0,0,2,0,7,0,0,0,0,0,0,0,0,0,0,0,0,0,0,0,63,0,0,0,0,0,2,1,0,0,19,0,31,94,69,0,26,0,16,0,25,0,208,0,0,0,0,0,0,0,0,0,0,0,0,0,0,0,0,0,0,0,0,0,0,0,18,184,176,0,4,0,0,50,0,0,0,0,0,0,0
0,47,0,0,0,128,0,0,0,20,0,152,62,261,0,0,0,0,0,159,0,18,0,0,0,0,402,181,0,0,0,0,0,0,0,11,0,0,0,0,250,115,67,55,233,88,247,0,18,73,16,28,0,0,0,2,0,0,0,0,0,0,0,0,0,0,0,0,0,0,0,0,0,0,0,0,0,0,0,0,0,0,0,0,0,0,0,0,0,0,0,0,0,0,0,0,0,0,0,0,0,0,0,0,0,0,0,0,0,0,0,0,0,0,0,0,0,0,0,0,0,0,0,0,0,0,0,0,0,0,0,0,0,0,0,0,0,0,0,0,0,0,0,0,0,0,0,0,0,0,0,0,0,31,0,0,0,2,0,0,0,0,0,0,0,16,0,0,0,0,0,0,0,0,0,0,0,210,2,18,0,0,0,7,0,18,33,8,0,0,0,0,0,0,0,0,0,1,0,0,0,0,0,0,0,0,0,0,0,0,0,3,0,0,0,0,0,0,0,184,45,0,0,0,45
27,0,67,0,24,0,104,0,13,0,7,0,20,0,0,0,0,0,0,1,12,0,0,0,3,0,12,2,0,0,0,0,3,0,0,0,5,0,1,0,47,0,36,0,142,0,145,18,0,15,22,0,0,0,19,0,13,0,25,0,3,0,0,0,1,0,0,0,6,0,0,0,0,0,0,0,4,0,2,0,0,0,48,0,0,0,4,0,2,0,0,0,22,0,43,0,1,0,0,0,15,0,14,0,0,0,7,0,0,0,0,0,0,0,0,0,0,0,0,0,0,0,2,0,7,0,8,0,0,0,6,0,0,0,17,0,1,0,0,0,3,0,3,0,1,0,1,0,0,1,0,0,3,0,0,0,0,0,0,0,8,0,12,0,43,0,19,0,52,0,8,0,29,0,2,0,23,8,0,0,0,0,5,0,2,0,121,0,23,0,5,0,21,0,7,0,2,0,12,0,13,0,10,0,11,0,11,0,6,0,59,150,233,7,14,4,3,15,0,2,1,0,0,0,1
0,12,0,7,3,7,0,0,0,0,1,16,0,39,0,0,0,0,0,0,0,5,0,3,0,0,27,47,0,0,0,1,0,3,0,4,0,0,0,0,33,76,0,45,103,169,62,73,15,0,0,26,0,0,0,0,0,1,0,1,0,0,0,0,0,0,0,0,0,9,0,7,0,0,0,13,0,0,0,0,0,84,0,11,0,40,0,32,0,0,0,0,0,27,0,62,0,0,0,20,0,0,0,19,0,8,0,0,0,0,0,0,0,1,0,0,0,0,0,1,0,0,0,17,0,0,0,3,0,1,0,0,0,0,0,3,0,0,0,0,0,13,0,0,0,15,0,0,0,0,0,0,0,6,0,0,0,0,0,0,0,2,0,4,0,48,0,26,0,26,0,6,0,18,0,7,0,161,1,19,1,11,0,5,0,3,43,40,0,16,0,1,0,2,0,8,0,0,0,0,0,0,0,0,0,3,0,0,0,0,0,0,1,0,5,0,0,0,32,34,52,9,0,5,19
0,0,0,0,55,0,0,0,0,0,3,0,216,67,0,0,0,0,203,40,48,11,0,0,0,0,188,105,41,0,78,0,26,0,135,0,53,0,3,0,16,14,63,0,98,0,0,16,22,0,0,0,0,0,0,0,0,0,1,0,0,0,0,0,0,0,0,0,0,0,15,0,0,0,0,0,2,0,0,0,0,0,0,0,0,0,19,0,0,0,16,0,0,0,0,0,33,0,79,0,9,0,0,0,0,0,0,0,0,0,0,0,0,0,0,0,0,0,0,0,0,0,0,0,0,0,0,0,0,0,0,0,0,0,0,0,0,0,0,0,15,0,0,0,12,0,0,0,0,0,0,0,0,0,0,0,0,0,0,0,0,0,12,0,87,0,19,0,85,0,18,0,33,0,0,0,7,13,13,0,2,0,0,0,0,0,72,0,0,0,0,0,0,0,0,0,0,0,0,0,0,0,0,0,0,0,0,0,0,0,23,94,149,37,12,0,2,9,0,0,0,0,0,0,0
0,0,0,0,0,0,0,0,0,0,0,0,0,80,0,0,0,0,43,149,0,104,0,6,0,0,51,220,0,29,0,25,0,14,0,52,0,91,0,6,0,2,2,44,0,125,0,28,0,26,0,0,0,0,0,0,0,0,0,0,0,0,0,9,0,0,0,0,0,0,0,20,0,3,0,21,0,0,0,0,0,134,0,0,0,72,0,52,0,0,0,0,0,0,0,57,0,0,0,0,0,34,0,0,0,0,0,0,0,0,0,0,0,0,0,0,0,1,0,0,0,64,0,0,0,0,0,0,0,0,0,0,0,0,0,0,0,0,0,15,0,0,0,100,0,35,0,0,0,0,0,0,0,0,0,0,0,3,0,0,0,0,0,0,0,56,0,20,0,84,0,8,0,11,0,0,0,23,0,0,0,0,0,0,0,0,3,28,0,83,0,0,0,0,0,0,0,0,0,6,0,0,0,25,0,16,0,0,0,0,0,0,0,0,0,0,0,0,19,110,189,0,0,0,0
11,12,12,0,6,0,141,25,215,163,2,0,0,0,9,0,60,8,10,0,0,0,0,0,41,64,1,0,5,0,4,0,3,0,0,0,3,0,2,0,0,0,0,0,0,0,0,0,0,0,0,0,0,75,84,141,86,54,47,54,98,0,67,39,0,0,20,143,0,0,0,0,0,0,0,0,0,0,0,0,0,0,0,0,139,0,0,0,0,0,25,0,0,0,7,0,117,0,63,0,0,0,0,0,0,0,37,0,0,0,0,0,0,0,0,0,0,0,0,0,0,0,12,0,0,0,0,0,61,0,0,0,0,0,16,0,181,0,230,2,136,0,190,0,28,0,0,0,0,0,0,0,0,0,275,12,103,11,63,17,11,0,2,0,0,0,0,0,0,0,35,2,2,0,7,3,85,0,1,0,0,0,5,0,48,11,0,0,0,0,0,0,0,0,0,0,0,0,1,0,17,0,0,0,0,0,0,0,0,1,10,15,44,26,16,0,10,0,0,4,0,0,0,0,0
0,8,0,0,0,1,17,30,90,128,0,1,0,0,0,0,0,19,0,0,0,0,0,0,7,19,0,0,0,0,0,0,0,0,0,0,0,0,0,2,0,0,0,0,0,0,0,0,0,0,0,0,75,0,80,26,15,43,52,12,0,72,16,71,0,1,83,44,0,0,0,0,0,0,0,0,0,0,0,0,0,7,0,0,0,9,0,0,0,0,0,10,0,0,0,0,0,6,0,0,0,4,0,0,0,0,0,14,0,0,0,0,0,0,0,0,0,0,0,0,0,0,0,0,0,0,0,0,0,49,0,2,0,39,0,107,0,101,0,177,0,40,0,47,0,45,0,1,1,0,0,0,0,0,10,116,0,119,0,189,0,13,0,1,0,0,0,0,0,0,0,3,0,1,2,5,3,25,0,0,0,0,0,0,15,129,0,0,0,0,0,0,0,0,0,0,0,0,0,0,0,16,0,1,0,0,0,0,0,0,18,0,5,0,18,0,0,0,9,12,1,6,0,0,0
0,0,65,0,0,0,146,0,62,119,0,0,0,0,139,0,64,0,0,0,30,0,186,0,180,35,0,0,0,0,0,0,0,0,0,0,0,0,0,0,0,0,0,0,0,0,0,0,19,0,0,0,84,80,0,136,44,27,54,23,0,0,5,17,1,0,7,88,0,0,0,0,0,0,0,0,0,0,0,0,0,0,0,0,0,0,0,0,0,0,0,0,0,0,0,0,12,0,0,0,0,0,0,0,0,0,0,0,0,0,0,0,0,0,0,0,0,0,0,0,0,0,0,0,7,0,19,0,28,0,92,0,23,0,255,0,169,0,4,0,4,0,198,0,0,0,0,0,0,0,0,0,0,0,48,0,0,0,10,0,17,0,0,0,0,0,0,0,36,0,145,0,7,0,0,4,9,4,0,0,0,0,0,0,9,11,0,0,0,0,0,0,0,0,0,0,0,0,0,0,0,0,0,0,0,0,0,0,69,0,198,39,298,295,298,1,96,1,0,0,0,6,0,0,0
0,19,1,27,0,0,0,295,166,249,0,2,0,0,0,69,0,6,0,0,0,0,0,49,11,124,0,0,0,0,0,0,0,0,0,0,0,0,0,3,0,0,0,0,0,0,0,2,0,0,0,0,141,26,136,0,21,103,41,14,0,11,17,29,0,0,85,61,0,0,0,0,0,0,0,0,0,0,0,0,0,2,0,0,0,1,0,0,0,0,0,0,0,2,0,0,0,1,0,0,0,0,0,0,0,0,0,8,0,0,0,0,0,0,0,0,0,0,0,0,0,0,0,0,0,53,0,34,0,64,0,72,0,40,0,97,0,97,0,23,0,1,0,0,0,1,0,0,0,5,0,0,0,1,10,47,0,12,0,29,1,12,0,0,0,11,0,0,0,13,0,86,2,32,0,6,10,3,0,0,0,0,0,0,17,25,0,0,0,0,0,0,0,0,0,0,0,0,0,0,0,0,0,0,0,0,0,0,0,79,0,12,7,0,324,0,0,0,129,32,145,298,0,32,0
0,0,0,0,0,0,12,0,20,0,0,1,0,0,0,0,17,0,0,0,0,0,0,0,8,0,0,0,2,0,0,0,0,0,0,0,1,0,0,0,0,0,0,0,0,0,0,0,13,0,0,0,86,15,44,21,0,46,308,0,1,0,16,0,19,0,11,95,2,0,0,0,0,0,0,0,0,0,0,0,0,0,0,0,0,0,0,0,0,0,0,0,0,0,0,0,0,0,0,0,0,0,0,0,0,0,0,0,0,0,0,0,0,0,0,0,0,0,0,0,0,0,0,0,0,0,10,0,32,0,73,0,0,0,30,0,20,0,17,0,2,0,0,0,14,4,0,0,0,0,0,0,0,0,112,38,25,0,56,26,110,0,41,0,3,0,0,0,25,0,106,0,11,0,0,5,0,0,0,0,0,16,0,0,21,3,0,0,0,0,0,0,0,0,0,0,0,0,0,0,0,0,0,0,0,0,0,0,15,0,201,113,515,347,598,8,223,0,0,0,0,0,0,0,0
0,7,0,5,0,0,0,16,0,83,0,0,0,0,0,29,0,11,0,0,0,0,0,25,0,40,0,0,0,0,0,0,0,0,0,0,0,0,0,0,0,0,0,0,0,1,0,0,0,1,0,0,54,43,27,103,46,0,118,122,0,0,0,14,0,3,121,100,0,0,0,0,0,0,0,0,0,4,0,0,0,0,0,0,0,0,0,0,0,0,0,2,0,0,0,0,0,0,0,0,0,0,0,0,0,0,0,0,0,0,0,0,0,0,0,0,0,0,0,0,0,0,0,0,0,19,0,14,0,52,0,22,0,18,0,51,0,64,0,31,0,1,0,0,0,3,0,0,0,0,0,1,0,0,90,126,7,8,0,137,0,63,0,0,0,4,0,0,0,41,0,201,0,19,0,19,0,0,0,0,17,0,0,0,16,9,0,0,0,0,0,0,0,0,0,0,0,0,0,0,0,20,0,0,0,0,0,0,0,46,0,0,0,0,357,0,1,0,122,97,359,289,0,36,0
3,0,0,0,0,0,22,0,66,0,0,0,0,0,0,0,0,0,0,0,0,0,0,0,12,0,0,0,0,0,0,0,0,0,0,0,0,0,0,0,0,0,0,0,0,0,0,0,25,0,1,0,47,52,54,41,308,118,0,105,16,0,1,2,72,0,95,189,0,0,0,0,0,0,0,0,0,0,0,0,0,0,0,0,0,0,0,0,0,0,0,0,0,0,0,0,0,0,0,0,0,0,0,0,0,0,0,0,0,0,0,0,0,0,0,0,0,0,0,0,0,0,0,0,0,0,0,0,0,0,44,0,0,0,17,0,0,0,6,0,0,0,0,0,0,4,0,0,17,0,0,0,0,0,58,72,49,0,9,32,32,0,0,0,3,0,0,0,22,0,73,0,13,0,45,42,0,0,0,0,0,12,0,0,100,0,0,0,0,0,0,0,0,0,0,0,0,0,0,0,0,0,0,0,0,0,0,0,6,0,557,272,414,552,1007,14,316,2,0,0,0,0,0,0,0
0,0,0,0,0,0,0,11,0,97,0,0,0,0,0,10,0,0,0,0,0,0,0,0,0,0,0,0,0,0,0,0,0,0,0,0,0,0,0,0,0,0,0,0,0,0,0,0,0,1,0,0,54,12,23,14,0,122,105,0,0,0,0,4,0,45,121,346,0,0,0,0,0,0,0,0,0,3,2,0,0,0,0,0,0,0,0,0,0,0,0,0,0,0,0,0,0,0,0,0,0,0,0,2,0,0,0,0,0,0,0,0,0,0,0,0,0,0,0,0,0,0,0,0,0,14,0,17,0,0,0,14,0,7,0,0,0,0,0,0,0,0,0,0,0,13,0,0,0,4,0,2,0,0,100,36,0,49,33,9,0,71,1,0,0,4,0,1,0,43,0,148,0,22,6,49,0,0,0,0,18,42,0,0,20,19,0,0,0,0,0,0,0,0,0,0,0,0,0,0,0,0,0,0,0,0,0,0,0,6,0,0,0,0,1343,0,0,0,519,149,471,683,0,81,0
43,0,0,0,0,0,90,8,155,0,0,0,0,0,0,0,2,0,0,0,0,0,0,0,4,11,0,0,0,0,0,0,8,0,0,0,25,0,6,0,0,0,12,0,0,0,0,0,3,0,0,0,98,0,0,0,1,0,16,0,0,0,44,7,0,0,6,0,0,0,0,0,0,0,0,0,0,0,0,0,0,0,0,0,0,0,7,0,0,0,0,0,0,0,0,0,0,0,0,0,0,0,0,0,0,0,0,0,0,0,0,0,0,0,0,0,0,0,0,0,0,0,0,0,0,0,0,0,0,0,0,0,0,0,0,0,0,0,62,0,90,0,34,0,204,0,0,0,0,0,0,0,0,0,36,0,141,0,14,0,2,0,6,0,0,0,0,0,0,0,133,0,145,0,0,0,136,13,0,0,0,0,12,0,37,0,0,0,0,0,0,0,0,0,0,0,0,0,0,0,0,0,0,0,0,0,0,0,0,0,10,120,33,30,36,0,0,0,0,0,0,0,0,0,0
0,138,0,0,0,1,0,75,0,218,0,0,0,0,0,1,0,37,0,0,0,8,0,0,0,54,0,11,0,25,0,0,0,3,0,10,0,50,0,18,0,0,0,0,0,0,0,0,0,0,0,0,0,72,0,11,0,0,0,0,0,0,0,108,0,0,0,15,0,0,0,1,0,0,0,0,0,0,0,0,0,0,0,0,0,5,0,0,0,0,0,0,0,0,0,0,0,0,0,0,0,0,0,0,0,0,0,0,0,0,0,0,0,0,0,0,0,0,0,0,0,0,0,0,0,0,0,0,0,0,0,0,0,0,0,0,0,0,0,79,0,56,0,14,0,168,0,0,0,0,0,0,0,0,0,13,0,253,0,28,0,0,0,0,0,2,0,0,0,2,0,82,0,61,0,0,9,115,0,0,0,0,0,48,0,86,0,0,0,0,0,0,0,0,0,0,0,0,0,0,0,0,0,0,0,0,0,0,0,0,5,0,0,0,0,0,0,0,0,117,16,15,1,1,0
91,81,97,0,0,0,324,67,223,88,0,0,0,0,38,7,151,45,87,1,154,0,13,0,110,160,116,0,245,0,87,0,32,0,6,0,18,0,9,0,0,0,13,0,16,0,0,0,0,0,0,0,67,16,5,17,16,0,1,0,44,0,0,70,0,0,0,3,0,0,0,0,0,0,0,0,0,0,0,0,0,0,0,0,118,0,46,0,0,0,23,0,0,0,0,0,105,0,0,0,0,0,0,0,0,0,0,0,0,0,0,0,0,0,0,0,0,0,0,0,26,0,0,0,0,0,0,0,0,0,3,0,0,0,7,0,70,0,114,0,111,0,141,0,26,0,0,0,0,0,0,0,0,0,44,0,38,0,32,0,2,0,0,0,0,0,0,0,0,0,5,0,6,0,0,0,269,48,0,0,0,0,48,0,11,3,0,0,0,0,0,0,0,0,0,0,0,0,0,0,0,0,0,0,0,0,0,0,0,0,0,11,3,3,4,0,0,0,0,0,0,0,0,0,0
40,115,17,0,0,0,77,105,80,191,0,0,0,0,0,61,13,235,0,53,0,69,4,84,102,186,0,41,0,94,0,37,0,20,0,18,0,74,0,151,0,0,0,15,0,0,0,0,0,0,0,9,39,71,17,29,0,14,2,4,7,108,70,0,0,0,0,5,0,0,0,0,0,0,0,0,0,0,0,0,0,28,0,0,0,66,0,5,0,2,0,78,0,0,0,0,0,24,0,0,0,0,0,0,0,0,0,0,0,0,0,0,0,0,0,0,0,0,0,0,0,0,0,0,0,10,0,0,0,59,0,0,0,60,0,206,0,199,0,270,0,133,0,330,0,35,0,0,0,0,0,0,0,0,0,48,0,93,0,124,0,0,0,0,0,0,0,0,0,0,7,3,0,4,0,0,6,156,0,0,0,0,23,39,0,53,0,0,0,0,0,0,0,0,0,0,0,0,0,0,0,31,0,0,0,0,0,2,0,0,0,0,3,0,11,0,0,0,10,19,0,2,0,0,0
14,0,20,0,21,0,0,0,144,0,4,0,0,0,13,0,0,0,0,0,0,0,0,0,0,0,0,0,0,0,0,0,0,0,2,0,0,0,0,0,0,0,0,0,0,0,2,0,1,0,0,0,0,0,1,0,19,0,72,0,0,0,0,0,0,0,174,0,0,0,21,0,7,0,6,0,0,0,0,0,0,0,0,0,0,0,5,0,0,0,0,0,0,0,0,0,0,0,0,0,0,0,0,0,0,0,0,0,0,0,0,0,0,0,0,0,0,0,0,0,0,0,0,0,15,0,25,0,0,0,7,0,0,0,0,0,0,0,23,61,9,0,0,0,33,0,11,0,42,0,14,0,6,0,19,33,6,0,11,96,178,92,4,0,0,0,0,0,3,0,0,0,0,0,59,23,0,0,0,0,95,47,5,0,87,0,0,0,0,0,0,0,0,0,0,0,0,0,0,0,0,0,0,0,0,0,0,0,36,0,58,1,8,0,87,0,0,0,3,0,0,0,0,0,0
0,41,0,0,0,37,0,0,0,172,0,54,0,31,0,0,0,0,0,26,0,0,0,0,0,0,0,29,0,0,0,0,0,0,0,0,0,0,0,0,0,2,0,0,0,0,0,0,0,0,0,0,0,1,0,0,0,3,0,45,0,0,0,0,0,0,0,407,0,0,0,0,2,0,0,0,0,0,0,0,0,0,0,0,0,0,0,0,0,0,0,0,0,0,0,0,0,0,0,0,0,0,0,0,0,0,0,0,0,0,0,0,0,0,0,0,0,0,0,0,0,0,0,0,0,7,0,25,0,0,0,38,0,0,0,0,1,2,0,15,0,0,0,0,37,57,0,55,0,122,0,33,2,4,0,17,0,3,0,13,0,210,0,0,0,0,0,0,0,0,0,0,0,0,6,66,0,0,0,0,42,110,0,2,0,41,0,0,0,0,0,0,0,0,0,0,0,0,0,0,0,0,0,0,0,0,0,3,0,0,0,0,0,0,129,0,0,0,74,26,0,0,0,0,0
11,0,0,0,1,0,14,0,166,0,0,0,0,0,0,0,0,0,0,0,0,0,0,0,0,0,0,0,0,0,0,0,0,0,0,0,0,0,0,0,0,0,0,0,0,0,0,0,0,0,0,0,20,83,7,85,11,121,95,121,6,0,0,0,174,0,0,51,0,0,0,0,0,0,0,0,0,0,0,0,0,0,0,0,0,0,0,0,0,0,0,0,0,0,0,0,0,0,0,0,0,0,0,0,0,0,0,0,0,0,0,0,0,0,0,0,0,0,0,0,0,0,0,0,7,0,0,0,0,0,15,0,0,0,0,0,0,0,0,1,0,0,0,0,10,0,0,0,31,0,0,0,0,0,40,31,16,0,0,24,34,0,3,0,0,0,0,0,0,0,15,0,0,0,59,45,0,0,0,0,0,4,1,0,413,21,0,0,0,0,0,0,0,0,0,0,0,0,0,0,0,0,0,0,0,0,0,0,0,0,101,89,43,100,164,0,39,0,4,0,0,0,0,0,0
0,2,0,0,0,0,0,3,23,125,0,0,0,1,0,0,0,0,0,0,0,0,0,0,0,0,0,0,0,0,0,0,0,1,0,0,0,0,0,0,0,0,0,0,0,0,0,0,0,0,0,0,143,44,88,61,95,100,189,346,0,15,3,5,0,407,51,0,0,0,0,0,0,0,0,0,0,0,0,0,0,0,0,0,0,0,0,0,0,0,0,0,0,0,0,0,0,0,0,0,0,0,0,0,0,0,0,0,0,0,0,0,0,0,0,0,0,0,0,0,0,0,0,0,0,12,0,45,0,0,0,68,0,0,0,0,0,0,0,1,0,0,0,0,0,10,0,0,0,36,0,6,0,0,82,54,7,75,0,14,0,43,0,0,0,0,0,0,0,0,0,24,0,0,6,155,2,0,0,0,22,69,0,0,29,265,0,0,0,0,0,0,0,0,0,0,0,0,0,0,0,0,0,0,0,0,0,0,0,12,0,8,0,0,603,0,0,0,298,127,98,209,0,10,0
0,0,0,0,0,0,1,0,0,0,0,0,0,0,0,0,0,0,0,0,3,0,0,0,0,0,0,0,0,0,0,0,0,0,0,0,0,0,0,0,0,0,0,0,0,0,0,0,6,0,0,0,0,0,0,0,2,0,0,0,0,0,0,0,0,0,0,0,0,0,0,0,4,0,0,0,143,0,16,0,7,0,38,0,12,0,0,0,3,0,0,0,25,0,0,0,0,0,3,0,0,0,185,0,22,0,13,0,14,0,5,0,8,0,26,0,19,0,0,0,0,0,0,0,0,0,0,0,1,0,2,0,0,0,0,0,0,0,0,0,0,0,0,0,0,0,2,0,0,0,0,0,0,0,0,0,0,0,0,0,0,0,0,0,20,0,0,0,176,0,1,0,0,0,0,0,0,0,0,0,0,1,0,0,0,0,0,0,0,0,0,0,0,0,23,0,0,0,0,0,0,0,0,0,0,0,0,0,0,0,56,0,84,0,0,39,84,1,0,0,0,0,0,0,0
0,0,0,0,0,0,0,2,0,1,0,0,0,0,0,0,0,0,0,0,0,0,0,0,0,0,0,0,0,0,0,0,0,0,0,0,0,0,0,0,0,0,0,0,0,19,0,0,0,9,0,0,0,0,0,0,0,0,0,0,0,0,0,0,0,0,0,0,0,0,0,0,0,0,0,0,0,90,0,0,0,0,0,61,0,0,0,4,0,14,0,0,0,54,0,24,0,0,0,0,0,0,0,189,0,0,0,0,0,26,0,12,0,0,0,0,0,22,0,0,0,0,0,0,0,0,0,0,0,0,0,0,0,0,0,0,0,0,0,1,0,0,0,0,0,0,0,0,0,0,0,0,0,0,0,0,0,0,0,0,0,2,0,1,0,14,0,0,0,89,0,5,0,2,0,0,0,6,0,0,0,0,0,0,0,0,0,0,0,0,0,0,0,0,0,0,0,0,0,0,0,0,0,12,0,0,0,0,0,3,0,0,0,0,1,0,0,0,32,5,71,2,18,19,2
0,0,0,0,0,0,0,0,0,0,0,0,0,0,0,0,0,0,44,0,35,0,0,0,0,0,66,0,12,0,0,0,10,0,0,0,65,0,4,0,0,0,37,0,60,0,0,0,0,0,15,0,0,0,0,0,0,0,0,0,0,0,0,0,21,0,0,0,0,0,0,0,261,0,176,0,0,0,129,0,0,0,6,0,8,0,10,0,0,0,0,0,0,0,0,0,0,0,0,0,0,0,0,0,0,0,0,0,0,0,0,0,0,0,0,0,0,0,0,0,29,0,59,0,0,0,34,0,4,0,21,0,0,0,32,0,25,0,13,24,124,0,113,0,65,0,0,2,46,6,23,0,17,0,0,0,23,0,0,31,21,0,64,0,0,0,14,0,39,0,34,0,61,0,9,0,0,0,0,0,49,19,11,0,27,0,0,0,0,0,0,0,0,0,0,0,0,0,0,0,14,0,0,0,0,0,0,0,0,0,18,7,29,0,4,0,0,0,0,0,0,0,0,0,0
0,0,0,0,0,0,0,0,0,0,0,0,0,0,0,5,0,0,0,9,0,17,0,0,0,0,0,0,0,0,0,0,0,1,0,4,0,13,0,0,0,0,0,11,0,26,0,0,0,7,0,20,0,0,0,0,0,0,0,0,0,1,0,0,0,0,0,0,0,0,0,0,0,109,0,188,0,8,0,10,0,3,0,0,0,0,0,19,0,0,0,0,0,0,0,0,0,0,0,0,0,0,0,0,0,0,0,0,0,0,0,0,0,0,0,0,0,0,0,0,0,0,0,23,0,83,0,0,0,68,0,58,0,48,0,0,0,55,0,0,0,45,0,27,0,108,0,0,0,48,0,49,0,0,0,0,0,0,0,8,0,29,0,45,0,0,0,18,0,8,0,9,0,23,0,18,0,2,0,5,0,0,0,0,0,0,0,0,0,0,0,0,0,0,0,0,0,0,0,0,0,0,0,0,0,0,0,0,0,0,0,0,0,0,4,0,0,0,15,2,19,0,0,0,0
0,0,0,0,0,0,0,0,0,0,0,0,0,0,0,0,0,0,0,0,0,0,0,0,0,0,0,0,0,0,0,0,0,0,0,0,0,0,0,0,0,0,0,0,12,0,0,0,0,0,0,0,0,0,0,0,0,0,0,0,0,0,0,0,7,2,0,0,4,0,261,0,0,0,188,0,18,0,218,0,0,0,19,0,35,0,8,0,0,0,0,0,0,0,0,0,0,0,0,0,0,0,0,0,0,0,0,0,1,0,0,0,0,0,0,0,0,0,0,0,62,0,35,0,39,0,63,0,6,0,32,0,15,0,138,0,46,0,0,4,38,0,196,0,58,0,20,0,22,0,49,0,11,2,0,0,5,0,0,0,7,0,87,0,0,0,0,0,26,0,11,0,15,0,0,0,0,0,0,0,36,9,0,0,7,0,0,0,0,0,0,0,31,0,4,0,0,0,0,0,71,0,0,0,0,0,0,0,97,0,91,12,41,8,31,0,0,0,0,0,0,0,0,0,0
0,0,0,0,0,0,0,0,0,0,0,4,0,0,0,0,0,0,0,0,0,0,0,0,0,0,0,0,0,0,0,0,0,0,0,2,0,4,0,0,0,0,0,0,0,0,0,0,0,0,0,3,0,0,0,0,0,0,0,0,0,0,0,0,0,0,0,0,0,0,0,109,0,0,0,327,0,19,0,53,0,24,0,36,0,73,0,102,0,0,0,0,0,3,0,10,0,4,0,0,0,0,0,4,0,0,0,0,0,0,0,0,0,0,0,0,0,0,0,0,0,53,0,51,0,75,0,0,4,42,0,27,0,45,1,123,0,79,0,18,0,27,0,74,0,34,0,0,0,28,0,59,0,0,0,0,0,0,0,0,4,5,0,100,0,0,0,0,0,30,0,0,0,0,0,0,0,0,0,2,7,0,0,0,0,0,0,0,0,42,0,0,0,0,0,8,0,8,0,0,0,49,0,0,0,18,0,0,0,62,0,0,0,0,0,0,0,0,45,0,11,1,0,0,0
0,0,0,0,0,0,0,0,0,0,0,0,0,0,0,0,0,0,0,0,28,0,0,0,0,0,0,0,0,0,13,0,0,0,5,0,40,0,0,0,0,0,20,0,47,0,0,0,0,0,0,0,0,0,0,0,0,0,0,0,0,0,0,0,6,0,0,0,0,0,176,0,188,0,0,0,8,0,177,0,12,0,22,0,101,0,34,0,0,0,0,0,0,0,2,0,11,0,16,0,0,0,0,0,0,0,0,0,0,0,0,0,0,0,0,0,0,0,0,0,103,0,173,0,0,10,14,0,4,1,0,0,0,0,0,0,24,1,0,0,115,0,225,0,45,0,0,0,37,0,18,0,13,0,0,0,0,0,0,23,0,0,25,0,0,0,6,0,20,0,0,0,15,0,3,0,0,0,0,0,43,9,0,0,0,0,0,0,0,0,0,0,0,0,0,0,0,0,0,0,41,0,0,0,0,0,0,0,42,0,10,0,0,0,0,0,0,0,0,0,0,0,0,0,0
0,0,0,0,0,0,0,0,0,0,0,0,0,0,0,11,0,0,0,0,0,20,0,0,0,0,0,0,0,3,0,0,0,0,0,0,0,10,0,0,0,0,0,0,0,0,0,0,0,13,0,21,0,0,0,0,0,0,0,0,0,0,0,0,0,0,0,0,0,0,0,188,0,327,0,0,0,16,0,60,0,7,0,0,0,25,0,97,0,0,0,0,0,0,0,0,0,0,0,0,0,0,0,0,0,0,0,0,0,0,0,0,0,0,0,0,0,0,0,0,0,68,0,36,4,84,0,0,0,28,0,32,2,0,0,83,0,61,0,0,0,34,0,98,0,127,0,0,0,0,0,51,0,0,0,0,0,5,0,0,0,0,0,87,0,0,0,0,0,24,0,7,0,15,0,12,0,0,0,3,0,0,0,0,0,0,0,0,0,0,0,0,0,0,0,0,0,0,0,16,0,0,0,24,0,0,0,33,0,74,0,0,0,0,9,0,0,0,10,0,18,0,0,0,0
0,0,0,0,0,0,0,0,2,0,0,0,0,0,0,0,0,0,0,0,0,0,0,0,0,0,0,0,0,0,0,0,0,0,0,0,0,0,0,0,5,0,0,0,5,0,0,0,4,0,2,0,0,0,0,0,0,0,0,0,0,0,0,0,0,0,0,0,143,0,0,0,18,0,8,0,0,0,29,0,8,0,68,0,0,0,26,0,0,0,0,0,34,0,10,0,0,0,1,0,0,0,38,0,0,0,0,0,35,0,0,0,1,0,14,0,28,0,0,0,0,0,0,0,0,0,0,0,2,0,0,0,0,0,0,0,0,0,0,0,0,0,0,0,0,0,0,0,1,2,0,0,2,0,0,0,0,0,0,0,0,0,0,0,4,0,0,0,53,0,0,0,0,0,0,0,0,0,0,0,0,0,0,0,0,0,1,0,43,0,0,0,0,0,12,0,0,0,0,0,18,0,0,0,0,0,0,0,0,0,18,5,28,0,0,0,9,0,0,0,0,0,0,0,0
0,0,0,0,0,0,0,0,0,1,0,0,0,0,0,0,0,0,0,0,0,0,0,0,0,0,0,0,0,0,0,0,0,0,0,0,0,0,0,0,0,0,0,0,0,0,0,0,0,0,0,0,0,0,0,0,0,4,0,3,0,0,0,0,0,0,0,0,0,90,0,8,0,19,0,16,0,0,0,9,0,46,0,103,0,18,0,68,0,21,0,0,0,64,0,101,0,0,0,7,0,0,0,217,0,0,0,11,0,35,0,5,0,8,0,0,0,14,0,0,0,9,0,4,0,0,0,0,0,0,0,0,0,0,0,26,0,0,0,0,0,0,0,0,0,0,0,0,0,0,0,0,0,0,0,0,0,0,0,0,0,0,0,5,0,4,0,0,0,62,0,2,0,0,0,0,0,0,0,0,0,0,0,0,0,0,0,0,0,0,0,0,0,0,0,44,0,19,0,0,0,32,0,0,0,32,0,0,0,0,0,0,0,0,9,0,0,0,72,2,51,1,17,1,0
0,0,0,0,0,0,0,0,0,0,0,0,0,0,0,0,0,0,0,0,19,0,0,0,0,0,0,0,0,0,0,0,0,0,0,0,0,0,0,0,0,0,0,0,0,0,1,0,2,0,0,0,0,0,0,0,0,0,0,2,0,0,0,0,0,0,0,0,16,0,129,0,218,0,177,0,29,0,0,0,9,0,145,0,109,0,29,0,0,0,0,0,6,0,7,0,0,0,0,0,1,0,25,0,29,0,11,0,19,0,0,0,0,0,0,0,0,0,0,0,137,0,81,0,0,0,0,0,0,0,0,0,0,0,86,0,0,0,0,0,42,0,255,0,12,0,0,0,13,0,0,0,0,0,0,0,0,0,0,0,0,0,12,0,0,0,0,0,56,0,0,0,0,0,0,0,0,0,0,0,0,0,0,0,0,0,0,0,134,0,0,0,104,0,41,0,5,0,52,0,150,0,59,0,81,0,0,0,43,0,93,3,42,0,21,10,5,0,0,0,0,0,0,0,0
