0,39,57,32,70,0,53,0,56,0,148,0,104,0,12,0,13,30,9,0,0,0,30,98,32,26,0,0,53,0,0,0,0,0,0,0,5,0,383,0,24,0,0,0,0,0,0,0,40,0,0,0,0,0,6,0,0,0,4,0,204,0,57,0,6,0,7,0,0,0,0,0,0,0,0,0,0,0,0,0,0,0,0,0,0,0,0,0,0,0,0,0,0,0,0,0,0,0,0,0,0,0,0,0,0,0,0,0,0,0,0,0,0,0,0,0,0,0,0,0,0,0,0,0,0,0,0,0,0,0,12,0,0,0,0,0,0,0,0,0,0,0,0,0,0,0,9,0,23,0,0,0,4,0,0,0,0,0,0,0,0,0,7,0,0,0,4,0,37,0,55,0,566,0,0,0,55,214,3,0,0,0,26,0,9,0,2,0,0,0,0,0,0,0,0,0,0,0,0,0,0,0,0,0,1,0,0,0,0,0,660,71,181,133,395,0,0,4,0,0,0,0,0,0,0
39,0,41,78,0,77,0,9,22,69,0,95,0,70,0,53,23,43,0,155,0,10,23,63,131,134,0,135,0,240,0,0,0,117,0,0,0,167,0,648,0,4,0,0,0,0,0,30,1,3,1,0,0,0,3,30,0,3,0,7,0,272,9,43,0,109,0,26,0,0,0,0,0,0,0,0,0,0,0,0,0,0,0,0,0,0,0,0,0,0,0,2,0,0,0,0,0,0,0,7,0,0,0,0,0,0,0,0,0,0,0,0,0,7,0,0,0,0,0,8,0,0,0,0,0,66,0,0,0,0,0,73,0,4,0,121,0,69,0,0,0,0,0,0,0,0,0,97,0,255,0,101,0,115,0,0,0,0,0,2,0,10,0,11,0,0,0,15,0,65,0,27,8,376,0,0,0,386,0,5,0,84,10,8,0,138,0,0,0,0,0,0,0,0,0,0,0,0,0,0,0,13,0,0,0,0,0,0,0,86,6,0,4,10,630,0,0,0,986,76,204,229,0,38,9
57,41,0,0,216,0,67,0,31,0,62,0,117,0,85,0,14,25,72,0,0,0,565,143,258,0,47,0,220,0,30,0,130,0,3,0,0,0,466,0,51,0,0,0,0,0,0,0,39,0,0,0,1,0,86,0,22,0,38,0,104,0,37,0,8,0,0,0,0,0,0,0,0,0,0,0,0,0,0,0,0,0,0,0,0,0,0,0,0,0,0,0,0,0,0,0,0,0,0,0,0,0,0,0,0,0,0,0,0,0,0,0,0,0,0,0,0,0,0,0,0,0,0,0,104,0,41,0,0,0,52,0,39,0,190,0,91,0,0,0,0,0,106,0,0,0,56,0,130,0,89,0,11,0,0,0,0,0,0,0,11,0,0,0,0,0,0,0,23,0,0,0,294,0,0,0,87,190,2,0,0,0,9,0,13,0,0,0,0,0,0,0,0,0,0,0,0,0,0,0,0,0,0,0,0,0,0,0,74,0,390,35,155,0,285,0,0,0,7,1,0,0,0,0,0
32,78,0,0,0,48,0,16,0,20,0,53,0,8,0,226,16,43,0,85,0,23,49,398,71,140,0,34,0,225,0,0,0,162,0,0,0,45,0,305,0,0,0,1,0,0,0,0,0,0,0,0,0,0,0,87,0,0,0,0,0,28,0,1,0,0,0,0,0,0,0,0,0,0,0,0,0,0,0,0,0,0,0,0,0,0,0,0,0,0,0,0,0,0,0,0,0,9,0,0,0,0,0,0,0,0,0,0,0,0,0,0,0,0,0,0,0,0,0,0,0,0,0,0,0,0,0,0,0,0,0,0,0,0,0,430,0,159,0,0,0,16,0,0,0,0,0,0,0,28,0,0,0,0,0,0,0,0,0,0,0,0,0,0,0,0,0,11,0,0,0,0,0,107,0,0,0,141,0,1,0,0,3,0,0,0,0,0,0,0,0,0,0,0,0,0,0,0,0,0,0,87,0,0,0,0,0,0,0,80,0,0,0,0,115,0,0,0,133,6,49,52,0,7,0
70,0,216,0,0,0,31,0,40,0,68,44,297,68,110,128,0,0,84,191,33,211,129,0,0,0,95,0,79,0,116,0,356,0,101,0,111,0,236,0,90,0,0,0,25,0,84,0,26,0,0,0,0,0,0,0,0,1,5,0,0,0,0,0,16,0,9,0,0,0,0,0,0,0,0,0,0,0,0,0,0,0,0,0,0,0,0,0,0,0,0,0,0,0,0,0,0,0,0,0,0,0,0,0,0,0,0,0,0,0,0,0,2,0,0,0,0,0,0,0,0,0,0,0,47,0,14,0,3,0,0,0,0,0,0,0,0,0,0,0,0,0,0,0,0,0,51,0,104,0,53,0,0,0,0,0,0,0,0,0,0,0,0,0,0,0,199,0,159,0,0,0,353,0,0,0,253,189,128,0,54,0,47,0,104,0,8,0,0,0,0,0,0,0,0,0,0,0,0,0,0,0,0,0,0,0,0,0,0,0,661,178,369,162,304,0,0,1,0,0,0,0,0,0,0
0,77,0,48,0,0,0,15,0,0,45,104,55,54,151,498,26,0,0,347,126,217,157,315,0,10,0,210,0,164,20,124,0,432,0,85,0,158,0,90,0,0,0,0,0,0,0,33,0,6,0,0,0,5,0,0,0,7,0,0,0,7,0,0,0,0,0,0,0,0,0,6,0,0,0,20,0,0,1,0,0,0,0,0,0,0,0,0,0,0,0,0,0,0,0,0,0,0,0,0,0,0,0,0,0,0,0,0,0,0,0,0,0,0,0,0,0,0,0,0,0,37,0,0,0,0,0,0,0,0,0,0,0,0,0,0,0,0,0,0,0,0,0,0,0,0,0,0,0,0,0,0,0,0,0,0,0,0,0,0,0,0,0,3,0,64,0,224,0,0,0,38,0,231,0,0,52,471,0,12,0,0,0,0,0,13,0,1,0,0,0,0,0,0,0,0,0,0,0,0,0,0,0,0,0,0,0,0,0,23,0,5,0,0,299,0,0,0,497,107,584,127,0,0,0
53,0,67,0,31,0,0,0,12,0,25,0,0,0,11,0,6,0,0,0,0,0,0,0,401,91,0,0,0,0,0,0,0,0,0,0,8,0,0,0,0,0,0,0,20,0,0,0,62,0,4,0,23,2,148,0,8,0,30,0,225,0,243,0,7,0,8,0,0,0,0,0,0,0,0,0,0,0,0,0,0,0,0,0,0,0,0,0,0,0,0,0,0,0,0,0,0,0,0,0,0,0,0,0,0,0,0,0,0,0,0,0,0,0,0,0,0,0,0,0,0,0,0,0,30,0,3,0,0,0,23,0,9,0,0,0,0,0,0,0,0,0,0,0,0,0,5,0,10,0,7,0,0,0,1,0,0,0,0,0,9,0,0,0,0,0,0,0,0,0,153,0,260,0,0,0,2,77,0,0,0,0,1,0,0,1,0,0,0,0,0,0,0,0,0,0,0,0,0,0,0,0,0,0,0,0,0,0,13,0,589,88,369,345,525,0,88,7,0,0,0,0,0,0,0
0,9,0,16,0,15,0,0,50,22,0,10,0,0,0,22,0,0,0,27,0,0,0,0,64,271,0,33,0,108,0,0,0,0,0,0,0,0,0,239,0,0,0,0,0,0,0,0,0,4,0,0,0,10,26,128,0,4,0,6,0,245,22,146,0,0,2,9,0,0,0,0,0,0,0,0,0,0,0,0,0,0,0,0,0,0,0,0,0,0,0,0,0,0,0,0,0,0,0,0,0,0,0,0,0,0,0,0,0,0,0,0,0,0,0,0,0,0,0,0,0,0,0,0,0,19,2,0,0,0,0,27,0,5,0,0,0,33,0,4,0,0,0,0,0,0,0,0,0,20,0,0,0,0,0,0,0,4,0,1,0,12,0,0,0,0,0,6,0,0,0,0,11,213,0,0,0,84,0,0,0,0,0,1,1,0,0,0,0,0,0,0,0,0,0,0,0,0,0,0,0,4,0,0,0,0,0,0,0,18,0,5,0,0,527,0,0,0,482,51,152,219,10,68,11
56,22,31,0,40,0,12,50,0,53,15,0,33,0,10,0,21,24,23,1,0,0,0,0,21,132,35,0,0,0,0,0,0,0,0,0,0,0,12,0,22,0,0,0,0,0,23,0,27,0,0,0,215,19,103,122,5,0,13,0,228,0,363,24,139,0,96,6,0,0,0,0,0,0,0,0,0,0,0,0,0,0,0,0,0,0,0,0,0,0,2,0,0,0,0,0,0,0,0,0,0,0,0,0,0,0,0,0,0,0,0,0,0,0,0,0,0,0,0,0,0,0,0,0,43,0,11,0,0,0,56,0,4,0,0,0,0,0,0,0,0,0,0,0,0,0,13,0,94,0,19,0,8,0,0,0,9,1,0,0,20,0,0,0,0,0,0,0,12,0,206,0,124,0,0,0,13,144,20,0,0,0,15,0,137,6,4,0,0,0,0,0,0,0,0,0,0,0,0,0,0,0,0,0,0,0,0,0,6,0,563,91,197,251,409,44,93,0,0,0,0,0,0,0,0
0,69,0,20,0,0,0,22,53,0,0,18,0,0,1,0,5,1,0,0,0,0,0,0,35,47,0,18,0,0,0,0,0,0,0,0,0,0,0,0,0,0,0,0,0,0,0,0,0,0,0,0,27,136,127,149,12,36,0,17,0,279,30,296,0,197,51,118,0,14,0,0,0,0,0,0,0,0,0,0,0,0,0,0,0,0,0,0,0,0,0,0,0,0,0,1,0,0,0,0,0,0,0,0,0,0,0,0,0,0,0,0,0,1,0,0,0,0,0,0,0,0,0,0,2,48,0,0,0,0,0,87,0,0,0,0,2,5,0,0,0,0,0,9,0,0,0,48,0,141,0,30,0,27,0,0,0,53,0,0,0,18,0,0,0,0,0,0,0,35,0,90,0,72,0,2,0,193,0,0,0,0,0,1,1,112,0,0,0,0,0,0,0,0,0,0,0,0,0,11,0,0,0,0,0,0,0,0,0,38,20,0,7,0,654,0,0,0,805,117,264,0,20,110,0
148,0,62,0,68,45,25,0,15,0,0,0,157,0,5,70,13,0,0,0,0,66,22,58,0,0,16,0,24,0,0,0,198,0,4,0,78,0,198,0,15,0,0,2,0,0,20,0,24,0,0,0,0,0,0,0,0,0,3,0,3,0,0,0,0,0,0,0,0,0,0,0,0,0,0,0,0,0,0,0,0,0,0,0,0,0,0,0,0,0,0,0,0,0,0,0,0,0,0,0,0,0,0,0,0,0,0,0,0,0,0,0,0,0,0,0,0,0,0,0,0,0,0,0,0,0,1,0,0,0,0,0,0,0,0,0,0,0,0,0,0,0,0,0,0,0,0,0,0,0,22,0,0,0,0,0,0,0,0,0,0,0,3,0,0,0,68,0,40,0,20,0,224,0,0,0,315,156,89,0,14,0,41,0,46,0,5,0,0,0,0,0,0,0,0,0,0,0,0,0,0,0,0,0,0,0,0,0,0,0,292,62,125,0,122,0,4,1,0,0,0,0,0,0,0
0,95,0,53,44,104,0,10,0,18,0,0,0,149,93,72,12,6,0,175,59,75,123,93,0,0,0,314,0,116,0,43,0,441,0,24,0,191,0,174,0,59,0,0,0,24,0,62,0,31,0,9,0,0,0,0,0,0,0,0,0,10,0,8,0,24,0,3,0,0,0,0,0,0,0,0,0,0,0,0,0,0,0,0,0,0,0,0,0,0,0,0,0,0,0,0,0,0,0,0,0,0,0,0,0,0,0,0,0,0,0,0,0,2,0,0,0,0,0,5,0,17,0,0,0,0,0,0,0,0,0,0,0,1,0,0,0,11,0,5,0,0,0,0,0,0,0,0,0,0,0,51,0,81,0,0,0,0,0,0,0,0,0,4,0,37,0,85,0,104,0,0,0,193,0,39,49,473,0,19,0,151,0,61,0,42,0,16,0,0,0,0,0,0,0,2,0,0,0,0,0,0,0,0,0,0,0,0,0,0,0,2,0,0,332,0,0,0,746,136,352,131,0,4,0
104,0,117,0,297,55,0,0,33,0,157,0,0,164,24,0,0,0,57,297,15,187,6,0,0,0,119,358,0,0,0,3,0,0,143,16,16,0,0,0,71,104,61,53,33,0,143,108,14,0,279,0,4,0,0,0,0,0,0,0,0,0,0,0,0,0,0,0,0,0,0,0,0,0,0,0,0,0,0,0,0,0,0,0,0,0,0,0,0,0,0,0,0,0,0,0,0,0,0,0,0,0,0,0,0,0,0,0,0,0,0,0,0,0,0,0,0,0,4,0,0,0,0,0,0,0,8,0,0,0,0,0,0,0,0,0,0,0,0,0,0,0,0,0,0,0,0,0,58,0,55,0,94,0,0,0,0,0,0,0,0,0,0,0,115,0,0,0,0,0,0,0,0,0,0,0,80,145,105,0,126,0,58,0,60,0,142,0,0,0,0,0,0,0,0,0,0,0,0,0,0,0,0,0,0,0,0,0,0,0,121,219,239,0,26,4,0,0,0,0,0,0,0,0,0
0,70,0,8,68,54,0,0,0,0,0,149,164,0,105,13,0,1,274,87,142,71,0,0,0,0,202,220,0,0,24,16,0,0,72,172,0,56,0,0,0,162,0,149,0,36,0,174,0,49,0,307,0,0,0,0,0,0,0,0,0,0,0,0,0,6,0,0,0,0,0,0,0,0,0,6,0,0,0,0,0,0,0,0,0,0,0,0,0,0,0,0,0,0,0,0,0,0,0,0,0,0,0,0,0,0,0,0,0,0,0,0,0,0,0,0,0,0,0,0,0,0,0,0,0,0,0,0,0,0,0,0,0,0,0,0,0,0,0,0,0,0,0,0,0,0,0,0,0,0,0,0,0,0,0,0,0,0,0,0,0,0,0,0,0,0,0,25,0,0,0,4,1,9,0,0,0,345,0,11,0,41,0,14,0,6,0,34,0,0,0,0,0,0,0,0,0,0,0,0,0,0,0,0,0,0,0,0,0,0,0,0,0,0,48,0,0,0,158,206,332,33,0,0,0
12,0,85,0,110,151,11,0,10,1,5,93,24,105,0,165,29,0,265,180,158,272,206,0,31,0,182,0,0,0,210,0,176,0,118,45,98,0,0,0,19,0,0,0,14,0,26,0,0,0,30,0,7,0,59,0,34,0,0,0,5,0,22,0,34,0,0,0,0,0,13,0,0,0,11,0,0,0,0,0,0,0,0,0,0,0,0,0,0,0,0,0,0,0,0,0,0,0,0,0,0,0,0,0,0,0,0,0,0,0,0,0,0,0,0,0,0,0,0,0,0,0,0,0,118,0,0,0,0,0,0,0,67,0,482,0,303,0,0,0,0,0,485,0,0,0,132,0,224,0,142,0,0,0,0,0,0,0,0,0,0,0,0,0,80,0,215,0,0,0,0,0,125,0,0,0,101,166,12,0,0,0,0,0,86,0,0,0,0,0,0,0,0,0,0,0,0,0,0,0,180,0,0,0,0,0,0,0,135,0,284,112,217,49,81,0,0,0,0,0,0,0,0,0,0
0,53,0,226,128,498,0,22,0,0,70,72,0,13,165,0,27,0,0,291,93,205,201,141,16,59,0,59,0,0,0,23,0,30,0,9,0,14,0,14,0,0,0,12,0,4,0,6,0,0,0,0,0,5,0,87,0,0,0,0,0,4,0,27,0,0,0,0,0,0,0,0,0,0,0,0,0,0,0,0,0,55,0,0,0,90,0,0,0,0,0,0,0,0,0,0,0,42,0,78,0,0,0,0,0,0,0,0,0,0,0,0,0,0,0,0,0,0,0,0,0,11,0,0,0,0,0,0,0,0,0,0,0,0,0,854,0,305,0,0,0,80,0,194,0,0,0,0,0,0,0,0,0,0,0,6,0,0,0,0,0,0,0,0,0,0,0,0,0,0,0,0,0,9,0,0,61,334,0,0,0,0,0,1,0,8,0,0,0,0,0,0,0,0,0,0,0,0,0,0,0,232,0,0,0,0,0,0,0,116,0,0,0,0,17,0,0,0,71,23,54,0,0,0,0
13,23,14,16,0,26,6,0,21,5,13,12,0,0,29,27,0,17,69,0,308,0,165,73,72,49,100,0,322,0,39,0,166,4,0,0,18,0,451,0,1,0,0,0,28,0,0,0,14,0,12,0,130,1,15,4,15,0,0,0,66,0,467,0,0,0,0,0,0,0,33,0,0,0,36,0,0,0,0,0,0,0,0,0,583,0,41,0,0,0,137,0,0,0,0,0,537,0,100,0,0,0,0,0,0,0,0,0,0,0,0,0,0,0,0,0,0,0,0,0,41,0,101,0,0,0,0,0,0,0,0,0,29,0,93,0,294,0,58,0,169,0,900,1,9,0,0,0,0,0,0,0,2,0,35,0,4,0,22,0,0,0,0,0,0,0,17,0,0,0,13,0,145,0,0,0,7,101,1,0,0,0,57,0,0,0,0,0,0,0,0,0,0,0,0,0,0,0,0,0,108,0,0,0,0,0,0,0,34,0,62,8,88,70,96,0,0,1,0,0,0,0,0,0,0
30,43,25,43,0,0,0,0,24,1,0,6,0,1,0,0,17,0,0,0,0,92,36,138,108,28,0,0,0,430,0,18,0,79,0,10,0,0,0,309,0,0,0,0,0,0,0,0,0,0,0,0,0,70,0,8,0,41,0,0,2,33,5,210,0,0,0,0,0,0,0,0,0,0,0,0,0,0,0,3,0,0,0,0,0,152,0,0,0,0,0,0,0,0,0,0,0,14,0,0,0,0,0,0,0,0,0,0,0,0,0,0,0,0,0,0,0,0,0,0,0,15,0,0,0,0,0,0,0,12,0,0,0,0,0,322,0,113,0,104,0,221,0,468,0,0,0,0,0,0,0,0,0,0,0,50,0,1,0,0,1,0,0,0,0,0,0,0,0,0,0,4,0,20,0,0,0,92,0,0,0,0,5,0,0,0,0,0,0,0,0,0,0,0,0,0,0,0,0,0,0,119,0,0,0,0,0,0,0,0,5,0,0,0,46,0,0,0,30,0,0,0,1,0,1
9,0,72,0,84,0,0,0,23,0,0,0,57,274,265,0,69,0,0,375,160,187,161,0,0,0,363,419,4,0,32,0,0,0,196,20,37,0,1,0,15,73,13,82,31,18,25,66,0,0,225,23,0,0,0,0,0,0,0,0,0,0,57,0,19,0,0,0,0,0,0,0,0,0,0,0,0,0,0,0,0,0,0,0,0,0,0,0,0,0,0,0,0,0,0,0,0,0,0,0,0,0,0,0,0,0,0,0,0,0,0,0,0,0,0,0,0,0,0,0,30,0,0,0,65,0,0,0,0,0,27,0,0,0,375,0,0,0,0,0,0,0,0,0,0,0,0,0,0,0,0,0,0,0,0,0,0,0,0,0,0,0,0,0,98,0,26,0,0,0,0,0,15,0,0,0,17,84,13,0,0,0,40,0,45,0,14,0,0,0,0,0,0,0,0,0,0,0,0,0,191,0,0,0,0,0,0,0,109,0,162,138,143,38,39,2,4,0,0,0,0,0,0,0,0
0,155,0,85,191,347,0,27,1,0,0,175,297,87,180,291,0,0,375,0,220,209,0,59,0,32,97,89,0,16,52,64,5,25,168,132,0,62,0,3,0,0,0,56,0,22,0,22,0,7,48,193,0,9,0,28,0,0,0,0,0,0,0,54,0,62,0,0,0,0,0,0,0,0,0,0,0,0,0,0,0,0,0,0,0,133,0,0,0,0,0,0,0,0,0,0,0,55,0,0,0,187,0,0,0,0,0,0,0,0,0,0,0,0,0,0,0,0,0,0,0,22,0,0,0,0,0,0,0,0,0,0,0,0,0,570,0,172,0,0,0,100,0,167,0,0,0,0,0,179,0,0,0,0,0,0,0,0,0,0,0,0,0,0,0,38,0,36,0,131,0,0,0,0,0,0,0,221,9,12,0,0,0,10,0,57,0,6,0,0,0,0,0,0,0,7,0,0,0,0,0,212,0,0,0,0,0,0,0,148,0,0,0,0,25,0,0,0,96,72,239,20,0,0,0
0,0,0,0,33,126,0,0,0,0,0,59,15,142,158,93,308,0,160,220,0,214,175,27,30,0,153,154,43,0,132,0,177,0,95,37,76,12,5,0,0,0,2,40,22,0,3,0,0,2,66,0,45,0,29,0,0,0,0,0,15,0,186,0,0,0,0,0,0,0,114,0,0,0,147,0,0,0,0,0,0,0,0,0,714,0,112,0,0,0,198,0,0,0,0,0,836,0,399,0,0,0,0,0,0,0,0,0,0,0,0,0,0,0,0,0,0,0,0,0,134,0,121,0,0,0,0,0,0,0,0,0,18,0,114,0,109,0,0,0,175,0,497,0,0,0,0,0,10,0,0,0,0,0,0,0,0,0,0,0,0,0,0,0,69,0,71,0,36,0,0,0,46,0,0,0,31,98,13,0,0,0,0,0,0,0,11,0,0,0,0,0,0,0,0,0,0,0,0,0,115,0,0,0,0,0,0,0,55,0,70,61,92,25,0,0,0,0,0,0,0,0,0,0,0
0,10,0,23,211,217,0,0,0,0,66,75,187,71,272,205,0,92,187,209,214,0,0,238,0,86,28,282,0,198,48,45,6,63,106,54,8,18,0,13,0,0,0,99,0,58,0,0,1,0,0,75,0,47,0,34,0,10,0,0,0,6,0,189,0,0,0,0,0,0,0,0,0,0,0,53,0,0,0,0,0,295,0,0,0,329,0,0,0,0,0,0,0,0,0,0,0,0,0,0,0,0,0,0,0,0,0,0,0,0,0,0,0,0,0,0,0,0,0,0,0,0,0,0,0,0,0,0,0,0,0,0,0,0,0,0,0,0,0,171,0,351,0,493,0,70,0,0,0,0,0,0,0,0,0,20,0,0,0,0,0,0,0,0,0,0,0,47,0,0,0,0,0,27,0,0,0,117,0,3,0,0,0,2,0,0,0,2,0,0,0,0,0,0,0,0,0,0,0,0,0,0,0,0,0,0,0,0,0,0,0,0,0,0,54,0,0,0,246,180,184,0,0,0,0
30,23,565,49,129,157,0,0,0,0,22,123,6,0,206,201,165,36,161,0,175,0,0,350,85,8,0,0,94,0,22,0,84,26,0,2,14,12,120,24,0,0,0,0,0,0,0,0,14,0,0,0,0,0,133,0,37,0,0,0,0,0,38,0,1,0,0,0,0,0,0,0,0,0,0,0,0,0,0,0,0,0,0,0,142,0,0,0,0,0,0,0,0,0,0,0,117,0,0,0,0,0,0,0,0,0,0,0,0,0,0,0,0,0,0,0,0,0,0,0,0,0,0,0,34,0,37,0,0,0,0,0,83,0,286,0,432,0,0,0,0,0,698,0,0,0,19,0,18,0,32,0,0,0,7,0,0,0,0,0,19,0,5,0,6,0,19,0,0,0,0,0,132,0,0,0,118,424,4,0,0,0,38,0,0,0,0,0,0,0,0,0,0,0,0,0,0,0,0,0,162,0,0,0,0,0,0,0,88,0,129,26,81,31,119,0,0,1,0,0,6,0,0,0,0
98,63,143,398,0,315,0,0,0,0,58,93,0,0,0,141,73,138,0,59,27,238,350,0,131,85,0,25,0,174,0,31,0,67,0,11,0,18,0,41,0,0,0,19,0,0,0,0,0,0,0,10,0,73,0,16,0,8,0,0,0,0,2,272,0,0,0,0,0,0,0,0,0,0,0,0,0,0,0,15,0,238,0,0,0,326,0,97,0,0,0,72,0,0,0,0,0,91,0,269,0,397,0,0,0,0,0,0,0,0,0,0,0,0,0,0,0,0,0,0,0,42,0,0,0,0,0,6,0,0,0,0,0,0,0,548,0,146,0,43,0,105,0,409,0,0,0,0,0,0,0,0,0,0,0,0,0,0,0,0,0,0,0,0,0,0,0,10,0,0,0,0,0,20,0,0,46,412,0,5,0,0,14,0,0,0,0,0,0,0,0,0,0,0,0,0,0,0,0,0,0,297,0,0,0,0,0,0,0,0,0,0,0,0,12,0,0,0,53,16,38,0,0,0,0
32,131,258,71,0,0,401,64,21,35,0,0,0,0,31,16,72,108,0,0,30,0,85,131,0,251,0,0,43,0,0,0,1,0,0,0,0,0,44,28,0,0,1,0,4,0,0,0,0,0,0,0,56,0,114,29,53,0,20,0,24,8,82,4,0,0,0,0,0,0,0,0,0,0,0,0,0,0,0,0,0,0,0,0,0,0,0,0,0,0,0,0,0,0,0,0,0,0,0,0,0,0,0,0,0,0,0,0,0,0,0,0,0,0,0,0,0,0,0,0,0,0,0,0,13,0,15,0,143,0,0,5,66,0,138,0,316,0,0,0,0,0,352,0,0,0,0,0,0,0,0,0,0,0,36,0,4,0,32,0,79,0,0,0,0,0,1,0,0,0,17,0,85,0,0,0,1,267,0,0,0,0,18,0,0,0,0,0,0,0,0,0,0,0,0,0,0,0,0,0,58,3,0,0,0,0,3,0,60,0,88,3,47,70,112,0,0,0,0,1,0,0,0,0,0
26,134,0,140,0,10,91,271,132,47,0,0,0,0,0,59,49,28,0,32,0,86,8,85,251,0,0,9,0,28,0,6,0,6,0,0,1,6,0,43,0,0,0,0,0,0,0,0,0,0,0,0,0,5,38,115,0,29,0,8,0,55,36,40,0,0,0,0,0,0,0,0,0,0,0,0,0,0,0,0,0,0,0,0,0,0,0,0,0,0,0,0,0,0,0,0,0,11,0,3,0,0,0,0,0,0,0,0,0,0,0,0,0,0,0,0,0,0,0,0,0,0,0,0,0,0,0,0,0,0,0,5,0,60,0,452,0,326,0,36,0,44,0,101,0,0,0,0,0,4,0,0,0,0,0,33,0,2,0,0,0,55,0,0,0,0,0,0,0,0,0,15,30,72,0,0,0,292,0,0,0,0,19,3,0,0,0,0,0,0,0,0,0,0,0,0,0,1,0,0,0,79,0,0,0,0,0,0,0,38,22,4,0,0,97,0,0,0,116,17,39,0,0,0,0
0,0,47,0,95,0,0,0,35,0,16,0,119,202,182,0,100,0,363,97,153,28,0,0,0,0,0,526,41,0,35,0,25,0,45,0,106,0,5,0,62,365,139,90,159,96,110,310,18,0,335,0,22,0,32,0,0,0,0,0,30,0,74,0,0,0,0,0,0,0,171,0,0,0,153,0,0,0,0,0,0,0,0,0,556,0,0,0,0,0,0,0,0,0,0,0,628,0,0,0,0,0,0,0,0,0,0,0,0,0,0,0,0,0,0,0,0,0,0,0,0,0,0,0,79,0,0,0,0,0,0,0,33,0,0,0,0,0,0,0,138,0,393,0,0,0,0,0,0,0,150,0,0,0,0,0,0,0,5,0,0,0,0,0,136,0,0,0,0,0,0,0,40,0,0,0,25,100,17,0,0,0,0,0,103,0,87,0,0,0,0,0,0,0,0,0,0,0,0,0,0,0,0,0,0,0,0,0,0,0,113,322,295,79,44,0,0,0,0,0,0,0,0,0,0
0,135,0,34,0,210,0,33,0,18,0,314,358,220,0,59,0,0,419,89,154,282,0,25,0,9,526,0,0,0,0,19,0,12,121,84,0,22,0,7,144,35,27,272,27,187,50,246,0,54,149,249,0,0,0,0,0,0,0,2,0,0,0,0,0,0,0,0,0,0,0,0,0,0,0,0,0,0,0,0,0,0,0,0,0,0,0,0,0,0,0,0,0,0,0,0,0,0,0,112,0,0,0,0,0,0,0,0,0,0,0,0,0,0,0,0,0,0,0,0,0,0,0,0,0,0,0,0,0,0,0,0,0,0,0,0,0,0,0,0,0,0,0,218,0,0,0,0,0,0,0,0,0,0,0,0,0,0,0,0,0,0,0,0,0,56,0,15,0,0,0,0,0,0,0,0,0,180,0,11,0,0,0,0,0,0,26,21,0,0,0,0,0,0,0,0,0,0,0,0,0,0,0,0,0,0,0,0,0,0,0,0,0,0,18,0,0,0,50,211,332,0,0,0,4
53,0,220,0,79,0,0,0,0,0,24,0,0,0,0,0,322,0,4,0,43,0,94,0,43,0,41,0,0,0,47,0,28,0,20,1,37,0,25,0,0,0,17,0,6,0,0,0,0,0,15,0,13,0,13,0,0,0,0,0,8,0,32,0,0,0,0,0,0,0,16,0,0,0,14,0,0,0,0,0,0,0,0,0,72,0,0,0,0,0,0,0,0,0,0,0,0,0,0,0,0,0,0,0,0,0,0,0,0,0,0,0,0,0,0,0,0,0,0,0,26,0,24,0,0,0,0,0,0,0,0,0,0,0,0,0,0,0,24,0,0,0,76,0,0,0,0,0,0,0,0,0,0,0,4,0,5,0,0,0,0,0,0,0,0,0,0,0,0,0,0,0,0,0,0,0,0,0,4,0,0,0,7,0,0,0,0,0,0,0,0,0,0,0,0,0,0,0,0,0,0,0,0,0,0,0,0,0,0,0,3,4,0,0,0,0,0,0,0,0,0,0,0,0,0
0,240,0,225,0,164,0,108,0,0,0,116,0,0,0,0,0,430,0,16,0,198,0,174,0,28,0,0,0,0,0,30,0,29,0,33,0,3,0,27,0,0,0,0,0,0,0,0,0,0,0,13,0,26,0,17,0,12,0,3,0,33,0,64,0,0,0,0,0,0,0,0,0,0,0,0,0,0,0,0,0,0,0,0,0,52,0,0,0,0,0,0,0,0,0,0,0,0,0,29,0,0,0,0,0,0,0,0,0,0,0,0,0,0,0,0,0,0,0,0,0,0,0,0,0,0,0,0,0,0,0,0,0,0,0,157,0,0,0,104,0,172,0,173,0,45,0,0,0,0,0,0,0,0,0,21,0,10,0,30,0,3,0,0,0,0,0,4,0,0,0,0,0,0,0,0,0,24,0,14,0,0,0,0,0,0,0,0,0,0,0,0,0,0,0,0,0,0,0,0,0,0,0,0,0,0,0,0,0,0,1,0,0,0,0,0,0,0,0,0,0,0,0,0,0
0,0,30,0,116,20,0,0,0,0,0,0,0,24,210,0,39,0,32,52,132,48,22,0,0,0,35,0,47,0,0,0,2,0,23,5,25,2,28,0,0,0,18,0,5,0,0,0,0,0,19,0,0,0,0,0,0,0,0,0,3,0,49,0,0,0,0,0,0,0,33,0,0,0,36,0,0,0,0,0,0,0,0,0,0,0,0,0,0,0,7,0,0,0,0,0,60,0,75,0,0,0,0,0,1,0,0,0,0,0,0,0,0,0,0,0,0,0,0,0,0,0,0,0,0,0,0,0,3,0,0,0,0,0,0,0,0,0,0,0,92,0,0,0,0,0,0,0,0,0,0,0,0,0,0,0,0,0,10,0,0,0,0,0,3,0,1,0,0,0,0,0,5,0,0,0,12,15,18,0,0,0,0,0,0,0,0,0,0,0,0,0,0,0,0,0,0,0,0,0,0,0,0,0,0,0,0,0,0,0,14,5,8,3,0,0,0,0,0,0,0,0,0,0,0
0,0,0,0,0,124,0,0,0,0,0,43,3,16,0,23,0,18,0,64,0,45,0,31,0,6,0,19,0,30,0,0,0,8,6,11,0,12,0,1,0,0,0,15,0,1,0,0,0,0,0,11,0,3,0,0,0,0,0,0,0,1,0,0,0,0,0,0,0,0,0,0,0,0,0,0,0,0,0,0,0,0,0,0,0,24,0,0,0,0,0,0,0,0,0,0,0,0,0,0,0,0,0,0,0,0,0,0,0,0,0,0,0,0,0,0,0,0,0,0,0,0,0,0,0,0,0,0,0,3,0,0,0,1,0,0,0,0,0,0,0,54,0,61,0,9,0,0,0,0,0,0,0,7,0,0,0,4,0,0,0,0,0,0,0,0,0,18,0,43,0,0,0,0,0,0,0,21,0,0,0,0,0,0,0,2,0,0,0,0,0,0,0,0,0,0,0,1,0,0,0,0,0,0,0,0,0,0,0,0,0,0,0,0,29,0,0,0,0,47,84,19,0,0,0
0,0,130,0,356,0,0,0,0,0,198,0,0,0,176,0,166,0,0,5,177,6,84,0,1,0,25,0,28,0,2,0,0,0,49,0,96,0,6,0,0,0,9,0,5,0,0,0,0,0,12,0,0,0,0,0,0,0,0,0,0,0,16,0,0,0,0,0,0,0,0,0,0,0,0,0,0,0,0,0,0,0,0,0,0,0,0,0,0,0,0,0,0,0,0,0,17,0,0,0,0,0,0,0,0,0,0,0,0,0,0,0,0,0,0,0,0,0,0,0,0,0,0,0,0,0,0,0,0,0,0,0,0,0,0,0,0,0,0,0,0,1,0,0,0,0,0,0,0,0,0,0,0,0,7,0,6,0,0,0,0,0,0,0,0,0,12,0,0,0,0,0,0,0,0,0,88,10,56,0,3,0,8,0,0,0,0,0,0,0,0,0,0,0,0,0,0,0,0,0,0,0,0,0,0,0,0,0,0,0,27,14,0,0,0,0,1,0,0,0,0,0,0,0,0
0,117,0,162,0,432,0,0,0,0,0,441,0,0,0,30,4,79,0,25,0,63,26,67,0,6,0,12,0,29,0,8,0,0,0,44,0,91,0,5,0,0,0,25,0,12,0,0,0,0,0,44,0,9,0,0,0,0,0,0,0,15,0,24,0,0,0,0,0,0,0,0,0,8,0,0,0,0,0,0,0,34,0,0,0,31,0,0,0,0,0,0,0,0,0,0,0,0,0,0,0,0,0,0,0,0,0,0,0,0,0,0,0,0,0,0,0,0,0,0,0,0,0,0,0,0,0,0,0,0,0,0,0,0,0,0,0,0,0,0,0,48,0,46,0,25,0,0,0,0,0,0,0,0,0,4,0,21,0,13,0,1,0,0,0,4,0,68,0,0,0,0,0,15,0,0,0,110,0,40,0,9,0,0,0,0,0,0,0,0,0,0,0,0,0,0,0,0,0,0,0,0,0,0,0,0,0,0,0,0,0,0,0,0,0,0,0,0,0,33,52,6,0,0,0
0,0,3,0,101,0,0,0,0,0,4,0,143,72,118,0,0,0,196,168,95,106,0,0,0,0,45,121,20,0,23,6,49,0,0,15,313,0,2,0,0,0,7,0,11,4,0,0,1,0,46,0,3,0,0,0,0,0,0,0,0,0,0,0,0,0,0,0,0,0,17,0,0,0,15,0,0,0,0,0,0,0,0,0,0,0,0,0,0,0,0,0,0,0,0,0,0,0,0,0,0,0,0,0,0,0,0,0,0,0,0,0,0,0,0,0,0,0,0,0,0,0,0,0,0,0,0,0,0,0,0,0,0,0,0,0,0,0,0,0,0,0,0,0,0,0,0,0,0,0,0,0,0,0,0,0,0,0,2,0,0,1,0,0,54,0,24,0,0,0,0,0,0,0,1,0,29,0,42,0,0,0,0,0,0,0,57,0,0,0,0,0,0,0,0,0,0,0,0,0,0,0,0,0,0,0,0,0,0,0,60,56,93,0,17,0,0,0,0,0,0,0,0,0,0
0,0,0,0,0,85,0,0,0,0,0,24,16,172,45,9,0,10,20,132,37,54,2,11,0,0,0,84,1,33,5,11,0,44,15,0,0,259,0,9,0,0,0,22,0,19,0,7,0,2,0,42,0,0,0,0,0,0,0,0,0,12,0,27,0,0,0,0,0,0,0,0,0,0,0,0,0,0,0,0,0,0,0,0,0,80,0,0,0,0,0,0,0,0,0,0,0,0,0,0,0,0,0,0,0,0,0,0,0,0,0,0,0,0,0,0,0,0,0,0,0,0,0,0,0,0,0,0,0,0,0,0,0,0,0,0,0,0,0,85,0,178,0,206,0,61,0,0,0,0,0,0,0,2,0,0,0,13,0,0,0,0,0,0,0,33,0,74,0,0,0,0,0,21,0,0,1,31,0,0,0,3,0,0,0,0,0,0,0,0,0,0,0,0,0,0,0,0,0,0,0,0,0,0,0,0,0,0,0,0,0,0,0,0,48,0,0,0,115,162,243,0,0,0,0
5,0,0,0,111,0,8,0,0,0,78,0,16,0,98,0,18,0,37,0,76,8,14,0,0,1,106,0,37,0,25,0,96,0,313,0,0,0,31,0,0,0,29,0,76,0,0,0,0,0,71,0,16,0,8,0,11,0,9,0,29,0,27,0,0,0,5,0,0,0,119,0,0,0,66,0,0,0,0,0,92,0,0,0,116,0,0,0,0,0,20,0,0,0,0,0,117,0,219,0,0,0,0,0,0,0,0,0,0,0,0,0,0,0,0,0,0,0,0,0,0,0,0,0,0,0,0,0,0,0,0,0,0,0,0,0,0,0,94,0,149,0,78,0,131,0,0,0,0,0,0,0,0,0,22,0,51,0,0,0,7,0,0,0,44,0,12,0,23,0,0,0,35,0,0,0,47,0,27,0,0,0,0,0,0,0,5,0,0,0,0,0,0,0,0,0,0,0,0,0,0,0,0,0,0,0,0,0,0,0,24,16,47,10,7,0,0,0,0,0,0,0,0,0,0
0,167,0,45,0,158,0,0,0,0,0,191,0,56,0,14,0,0,0,62,12,18,12,18,0,6,0,22,0,3,2,12,0,91,0,259,0,0,0,20,0,0,0,83,0,32,0,0,0,3,0,137,0,0,0,3,0,0,0,0,0,48,0,11,0,0,0,0,0,0,0,4,0,0,0,13,0,0,0,0,0,0,0,0,0,50,0,0,0,0,0,0,0,0,0,0,0,0,0,0,0,0,0,0,0,0,0,0,0,0,0,0,0,0,0,0,0,0,0,0,0,29,0,13,0,0,0,0,0,0,0,0,0,0,0,0,0,0,0,60,0,105,0,143,0,96,0,0,0,8,0,0,0,0,0,0,0,30,0,0,0,5,0,0,0,24,0,56,0,96,0,0,0,93,0,0,0,110,0,38,0,0,0,0,0,0,0,5,0,0,0,0,0,0,0,0,0,0,0,0,0,0,0,0,0,0,0,0,0,0,0,0,0,0,24,0,0,0,37,137,124,12,0,0,0
383,0,466,0,236,0,0,0,12,0,198,0,0,0,0,0,451,0,1,0,5,0,120,0,44,0,5,0,25,0,28,0,6,0,2,0,31,0,0,0,0,0,0,0,13,0,0,0,0,0,8,0,11,0,4,0,0,0,0,0,11,0,34,0,0,0,0,0,0,0,0,0,0,0,0,0,0,0,0,0,0,0,0,0,0,0,8,0,0,0,0,0,0,0,0,0,0,0,0,0,0,0,0,0,0,0,0,0,0,0,0,0,0,0,0,0,0,0,0,0,0,0,0,0,0,0,0,0,0,0,0,0,0,0,0,0,0,0,0,0,39,0,26,0,24,0,0,0,0,0,0,0,0,0,5,0,12,0,0,0,0,0,0,0,0,0,22,0,0,0,8,0,60,0,0,0,101,23,28,0,0,0,64,0,0,0,0,0,0,0,0,0,0,0,0,0,0,0,0,0,0,0,0,0,0,0,0,0,0,0,71,49,0,3,24,0,0,0,0,0,0,0,0,0,0
0,648,0,305,0,90,0,239,0,0,0,174,0,0,0,14,0,309,0,3,0,13,24,41,28,43,0,7,0,27,0,1,0,5,0,9,0,20,0,0,0,0,0,6,0,3,0,0,0,0,0,5,0,26,1,0,0,0,0,0,0,29,0,17,0,0,0,0,0,0,0,0,0,0,0,0,0,0,0,0,0,0,0,0,0,7,0,0,0,0,0,0,0,0,0,0,0,0,0,0,0,0,0,0,0,0,0,0,0,0,0,0,0,0,0,0,0,0,0,0,0,0,0,0,0,0,0,0,0,0,0,0,0,0,0,0,0,0,0,56,0,54,0,21,0,44,0,0,0,0,0,0,0,0,0,20,0,25,0,36,0,0,0,0,0,0,0,12,0,0,0,0,0,22,0,0,0,170,0,39,0,0,0,69,0,0,0,0,0,0,0,0,0,0,0,0,0,0,0,0,0,0,0,0,0,0,0,0,0,0,0,0,0,0,0,0,0,0,24,61,0,9,0,0,0
24,0,51,0,90,0,0,0,22,0,15,0,71,0,19,0,1,0,15,0,0,0,0,0,0,0,62,144,0,0,0,0,0,0,0,0,0,0,0,0,0,312,39,10,88,93,155,252,92,51,35,0,2,0,0,0,0,0,0,0,0,0,0,0,0,0,0,0,0,0,4,0,0,0,0,0,0,0,0,0,0,0,0,0,0,0,0,0,0,0,0,0,0,0,0,0,0,0,0,0,0,0,0,0,0,0,0,0,0,0,0,0,0,0,0,0,0,0,0,0,0,0,0,0,0,0,0,0,0,0,0,0,0,0,0,0,0,0,0,0,0,0,0,0,0,0,0,0,42,0,35,0,97,0,0,0,0,0,1,0,0,0,0,0,0,0,0,0,0,0,0,0,0,0,0,0,151,87,33,0,139,0,34,0,37,0,186,0,0,0,0,0,0,0,0,0,0,0,0,0,0,0,0,0,0,0,0,0,0,0,0,123,39,0,0,2,0,24,0,1,0,0,0,0,0
0,4,0,0,0,0,0,0,0,0,0,59,104,162,0,0,0,0,73,0,0,0,0,0,0,0,365,35,0,0,0,0,0,0,0,0,0,0,0,0,312,0,19,64,63,73,194,120,0,92,0,52,0,0,0,0,0,0,0,0,0,0,0,0,0,0,0,0,0,5,0,0,0,0,0,0,0,0,0,0,0,0,0,0,0,0,0,0,0,0,0,0,0,15,0,0,0,0,0,0,0,0,0,0,0,0,0,0,0,0,0,0,0,0,0,0,0,0,0,0,0,0,0,0,0,0,0,0,0,0,0,0,0,0,0,0,0,0,0,0,0,0,0,0,0,0,0,0,0,0,0,0,0,0,0,0,0,0,0,0,0,0,0,0,0,19,0,0,0,0,0,0,0,0,0,0,0,263,0,23,0,59,0,6,0,0,59,9,0,0,0,0,0,0,0,0,0,0,0,0,0,0,0,0,0,0,0,0,0,0,0,0,0,0,0,0,0,0,0,92,94,4,0,2,33
0,0,0,0,0,0,0,0,0,0,0,0,61,0,0,0,0,0,13,0,2,0,0,0,1,0,139,27,17,0,18,0,9,0,7,0,29,0,0,0,39,19,0,5,159,0,45,0,27,0,37,0,0,0,0,0,0,0,0,0,6,0,0,0,0,0,0,0,0,0,13,0,0,0,0,0,0,0,0,0,0,0,0,0,0,0,10,0,0,0,0,0,0,0,3,0,0,0,0,0,0,0,0,0,0,0,0,0,0,0,0,0,0,0,0,0,0,0,0,0,0,0,0,0,0,0,0,0,0,0,0,0,0,0,0,0,0,0,0,0,0,0,0,0,0,0,0,0,0,0,0,0,0,0,0,0,0,0,0,0,0,0,0,0,37,0,9,0,33,0,0,0,5,0,0,0,0,0,7,0,0,0,0,0,0,0,138,0,0,0,0,0,0,0,0,0,0,0,0,0,0,0,1,0,0,0,0,0,0,0,7,36,43,6,0,0,0,3,0,0,0,0,0,0,0
0,0,0,1,0,0,0,0,0,0,2,0,53,149,0,12,0,0,82,56,40,99,0,19,0,0,90,272,0,0,0,15,0,25,0,22,0,83,0,6,10,64,5,0,0,254,0,138,0,137,39,69,0,0,0,23,0,0,0,8,0,14,0,41,0,0,0,0,0,0,0,9,0,0,0,25,0,0,0,0,0,0,0,0,0,135,0,0,0,0,0,0,0,0,0,0,0,0,0,0,0,0,0,0,0,0,0,0,0,0,0,0,0,0,0,0,0,0,0,0,0,0,0,0,0,0,0,0,0,0,0,0,0,0,0,0,0,0,0,0,0,0,0,261,0,0,0,0,0,0,0,0,0,0,0,0,0,0,0,0,0,3,0,3,0,32,0,22,0,0,0,0,0,30,0,0,0,0,0,0,0,0,0,0,0,0,1,59,0,0,0,0,0,0,0,0,0,0,0,0,0,0,0,0,0,0,0,0,0,0,0,0,0,0,23,0,0,0,0,175,236,0,0,0,0
0,0,0,0,25,0,20,0,0,0,0,0,33,0,14,0,28,0,31,0,22,0,0,0,4,0,159,27,6,0,5,0,5,0,11,0,76,0,13,0,88,63,159,0,0,25,177,65,115,16,99,3,5,0,14,0,17,0,0,0,0,0,27,0,0,0,0,0,0,0,55,0,0,0,55,0,9,0,0,0,0,0,53,0,146,0,50,0,0,0,52,0,0,0,31,0,171,0,0,0,6,0,17,0,0,0,0,0,3,0,0,0,0,0,0,0,0,0,1,0,45,0,0,0,18,0,12,0,0,0,0,0,0,0,58,0,0,0,0,0,0,0,0,0,0,0,22,0,26,0,0,0,28,0,0,0,0,0,0,0,0,0,11,0,173,0,36,0,318,0,6,0,38,0,0,0,14,13,1,0,18,0,8,0,15,0,77,0,0,0,0,0,0,0,0,0,0,0,0,1,0,0,0,0,0,0,0,0,20,0,90,163,278,63,29,0,8,79,0,0,1,0,0,0,0
0,0,0,0,0,0,0,0,0,0,0,24,0,36,0,4,0,0,18,22,0,58,0,0,0,0,96,187,0,0,0,1,0,12,4,19,0,32,0,3,93,73,0,254,25,0,45,310,2,159,0,140,0,0,0,22,0,0,0,13,0,9,0,30,0,0,0,0,0,30,0,0,0,5,0,23,0,27,0,18,0,233,0,120,0,0,0,110,0,0,0,0,0,31,0,60,0,0,0,84,0,0,0,35,0,0,0,14,0,0,0,0,0,0,0,0,0,0,0,0,0,51,0,17,0,0,0,0,0,0,0,0,0,0,0,0,0,0,0,0,0,0,2,111,0,30,0,0,0,0,0,0,0,0,0,0,0,0,0,0,0,0,0,0,0,139,0,43,0,276,0,10,0,37,0,0,0,23,0,0,0,0,0,0,0,0,5,28,0,151,0,0,0,0,0,66,0,0,0,0,0,0,0,0,0,0,0,0,0,0,0,0,0,0,0,0,0,0,29,156,307,30,0,2,38
0,0,0,0,84,0,0,0,23,0,20,0,143,0,26,0,0,0,25,0,3,0,0,0,0,0,110,50,0,0,0,0,0,0,0,0,0,0,0,0,155,194,45,0,177,45,0,144,122,59,8,0,1,0,6,0,0,0,0,0,5,0,0,0,0,0,0,0,0,0,7,0,0,0,0,0,0,0,0,0,0,0,0,0,0,0,0,0,0,0,0,0,0,0,0,0,41,0,0,0,0,0,0,0,0,0,0,0,0,0,0,0,0,0,0,0,0,0,4,0,0,0,0,0,0,0,9,0,0,0,0,0,0,0,58,0,0,0,0,0,0,0,0,0,0,0,66,0,93,0,70,0,62,0,0,0,0,0,0,0,0,0,0,0,29,0,0,0,0,0,0,0,0,0,60,0,43,55,25,0,63,0,42,0,72,0,128,0,0,0,0,0,0,0,0,0,0,0,0,0,26,0,0,0,0,0,0,0,0,0,0,249,74,0,0,0,3,78,0,0,0,0,0,0,2
0,30,0,0,0,33,0,0,0,0,0,62,108,174,0,6,0,0,66,22,0,0,0,0,0,0,310,246,0,0,0,0,0,0,0,7,0,0,0,0,252,120,0,138,65,310,144,0,0,110,51,49,0,0,0,0,0,0,0,0,0,0,0,0,0,0,0,0,0,7,0,0,0,0,0,0,0,0,0,0,0,0,0,0,0,0,0,0,0,0,0,0,0,0,0,0,0,0,0,0,0,0,0,0,0,0,0,0,0,0,0,0,0,0,0,0,0,0,0,0,0,0,0,0,0,0,0,0,0,0,0,0,0,0,0,0,0,0,0,0,0,0,0,0,0,0,0,0,0,0,0,0,0,0,0,0,0,0,0,0,0,0,0,0,0,24,0,0,0,0,0,0,0,0,0,0,0,113,0,0,0,0,0,0,0,0,59,15,0,0,0,0,0,0,0,0,0,0,0,0,0,0,0,0,0,0,0,0,0,0,0,0,0,0,0,0,0,0,0,191,100,0,0,1,47
40,1,39,0,26,0,62,0,27,0,24,0,14,0,0,0,14,0,0,0,0,1,14,0,0,0,18,0,0,0,0,0,0,0,1,0,0,0,0,0,92,0,27,0,115,2,122,0,0,9,16,0,7,0,37,0,28,0,15,0,3,0,5,0,0,0,0,0,29,0,0,0,3,0,0,0,4,0,8,0,9,0,73,0,0,0,7,0,6,0,0,0,24,0,54,0,0,0,6,0,13,0,16,0,0,0,13,0,3,0,0,0,0,0,0,0,0,0,0,0,0,0,0,0,6,0,0,0,5,0,0,0,4,0,3,0,0,0,0,0,0,0,4,0,0,0,0,0,0,0,0,0,0,0,0,0,0,0,0,0,11,0,5,0,25,0,17,0,70,0,13,0,48,0,5,0,50,7,7,0,0,4,14,0,4,0,184,0,0,0,0,0,32,0,11,0,25,0,17,0,0,0,0,0,0,0,16,0,19,0,77,147,144,16,68,3,14,7,0,0,0,0,0,0,0
0,3,0,0,0,6,0,4,0,0,0,31,0,49,0,0,0,0,0,7,2,0,0,0,0,0,0,54,0,0,0,0,0,0,0,2,0,3,0,0,51,92,0,137,16,159,59,110,9,0,0,14,0,0,0,0,0,0,0,0,0,0,0,11,0,0,0,0,0,26,0,0,0,0,0,8,0,12,0,0,0,46,0,73,0,15,0,21,0,13,0,0,0,37,0,27,0,0,0,0,0,0,0,31,0,0,0,3,0,0,0,0,0,0,0,0,0,2,0,0,0,10,0,4,1,0,0,0,0,0,0,0,0,0,0,0,0,0,0,0,0,0,0,0,1,0,0,11,0,0,0,13,0,0,0,0,0,0,0,0,0,0,0,9,0,37,0,11,0,52,0,9,0,17,0,11,1,70,0,3,0,8,0,3,0,3,38,48,0,0,0,0,0,9,0,0,0,0,0,0,0,0,0,0,0,0,0,0,0,0,0,1,0,0,16,0,0,1,23,17,160,12,0,5,11
0,1,0,0,0,0,4,0,0,0,0,0,279,0,30,0,12,0,225,48,66,0,0,0,0,0,335,149,15,0,19,0,12,0,46,0,71,0,8,0,35,0,37,39,99,0,8,51,16,0,0,0,2,0,5,0,0,0,0,0,0,0,4,0,2,0,0,0,0,0,25,0,0,0,21,0,0,0,0,0,0,0,0,0,0,0,0,0,0,0,0,0,0,0,0,0,61,0,0,0,0,0,0,0,0,0,0,0,0,0,0,0,0,0,0,0,0,0,0,0,0,0,0,0,0,0,0,0,0,0,0,0,0,0,0,0,0,0,0,0,0,0,23,0,0,0,0,0,0,0,0,0,0,0,0,0,0,0,0,0,4,0,6,0,93,0,22,0,55,0,0,0,23,0,3,0,9,10,41,0,0,0,0,0,0,0,275,0,0,0,0,0,0,0,0,0,0,0,0,0,0,0,0,0,0,0,0,0,0,0,96,70,200,49,21,0,3,6,0,0,0,0,0,0,0
0,0,0,0,0,0,0,0,0,0,0,9,0,307,0,0,0,0,23,193,0,75,0,10,0,0,0,249,0,13,0,11,0,44,0,42,0,137,0,5,0,52,0,69,3,140,0,49,0,14,0,0,0,0,0,0,0,0,1,10,0,8,0,27,0,0,0,0,0,0,0,18,0,0,0,32,0,0,0,0,0,177,0,0,0,0,0,74,0,0,0,0,0,0,0,8,0,0,0,0,0,0,0,0,0,0,0,0,0,0,0,0,0,0,0,0,0,0,0,0,0,67,0,0,0,0,0,0,0,0,0,0,0,0,0,0,0,0,0,0,0,0,0,185,0,69,0,0,0,0,0,0,0,0,0,0,0,0,0,0,0,0,0,4,0,40,0,31,0,125,0,20,0,54,0,0,0,16,0,0,0,0,0,0,0,0,0,47,0,0,0,0,0,0,0,0,0,0,0,0,0,0,0,0,0,0,0,0,0,0,0,0,0,0,21,0,0,0,48,106,128,23,0,2,1
0,0,1,0,0,0,23,0,215,27,0,0,4,0,7,0,130,0,0,0,45,0,0,0,56,0,22,0,13,0,0,0,0,0,3,0,16,0,11,0,2,0,0,0,5,0,1,0,7,0,2,0,0,11,111,75,50,10,49,10,71,1,51,3,0,2,42,39,0,0,0,0,0,0,5,0,1,0,0,0,0,0,0,0,33,0,0,0,0,0,0,0,0,0,1,0,7,0,6,0,0,0,0,0,0,0,0,0,0,0,0,0,0,0,0,0,0,0,0,0,4,0,0,0,11,0,0,0,36,0,5,0,10,0,5,0,121,0,174,0,130,0,144,1,19,0,7,0,3,0,4,0,2,0,218,0,115,1,166,0,32,0,0,0,4,0,0,0,0,0,139,0,22,0,0,0,22,14,0,0,0,0,8,0,63,6,0,0,0,0,0,0,0,0,0,0,0,0,2,0,0,0,0,0,0,0,0,0,5,0,35,21,90,98,66,9,34,0,0,0,0,2,0,0,0
0,0,0,0,0,5,2,10,19,136,0,0,0,0,0,5,1,70,0,9,0,47,0,73,0,5,0,0,0,26,0,3,0,9,0,0,0,0,0,26,0,0,0,0,0,0,0,0,0,0,0,0,11,0,19,50,13,89,41,24,0,90,0,104,0,0,42,69,0,0,0,0,0,0,0,0,0,0,0,0,0,0,0,0,0,0,0,0,0,0,0,0,0,0,0,0,0,0,0,0,0,0,0,0,0,0,0,0,0,0,0,0,0,0,0,0,0,0,0,0,0,0,0,0,0,4,0,0,0,21,0,12,0,13,0,58,0,34,0,86,0,56,0,73,0,7,0,0,0,0,0,2,0,0,0,86,2,95,0,77,0,15,0,0,0,0,0,0,0,3,0,19,0,13,0,3,0,0,0,0,0,0,0,0,0,45,0,0,0,0,0,0,0,0,0,0,0,0,0,3,0,0,0,1,0,0,0,0,1,7,1,0,0,1,18,0,0,0,0,1,16,26,0,0,0
6,3,86,0,0,0,148,26,103,127,0,0,0,0,59,0,15,0,0,0,29,0,133,0,114,38,32,0,13,0,0,0,0,0,0,0,8,0,4,1,0,0,0,0,14,0,6,0,37,0,5,0,111,19,0,172,79,6,153,0,38,0,49,17,26,0,146,34,0,0,0,0,0,0,0,0,0,0,0,0,0,0,0,0,0,0,0,0,0,0,0,0,0,0,0,0,0,0,0,0,0,0,0,0,0,0,0,0,0,0,0,0,0,0,0,1,0,0,0,0,0,0,0,0,30,0,0,0,28,0,30,0,36,0,0,0,57,0,8,0,11,0,0,0,1,0,0,0,11,0,0,0,0,0,78,0,37,0,19,0,95,0,2,0,11,0,0,0,9,0,252,0,35,0,0,0,4,36,0,0,0,0,0,0,13,6,0,0,0,0,0,0,0,0,0,0,0,0,0,0,0,0,0,0,0,0,2,0,30,0,144,37,197,220,188,38,82,0,0,4,0,0,0,0,0
0,30,0,87,0,0,0,128,122,149,0,0,0,0,0,87,4,8,0,28,0,34,0,16,29,115,0,0,0,17,0,0,0,0,0,0,0,3,0,0,0,0,0,23,0,22,0,0,0,0,0,0,75,50,172,0,36,77,112,18,6,96,37,76,0,0,121,74,0,0,0,0,0,0,0,0,0,0,0,0,0,0,0,0,0,0,0,0,0,0,0,0,0,0,0,0,0,0,0,0,0,0,0,0,0,0,0,0,0,0,0,0,0,0,0,0,0,0,0,0,0,0,0,0,0,50,0,26,0,0,0,51,0,41,0,85,0,119,0,0,0,15,0,21,0,1,0,17,0,48,0,15,0,0,5,57,0,19,0,8,0,74,0,0,2,0,0,18,0,39,10,169,0,131,0,6,0,60,0,0,0,0,0,0,7,57,0,0,0,0,0,0,0,0,0,0,0,0,0,0,0,7,0,0,0,0,0,0,0,54,27,5,0,12,475,2,0,0,303,47,243,356,21,128,4
0,0,22,0,0,0,8,0,5,12,0,0,0,0,34,0,15,0,0,0,0,0,37,0,53,0,0,0,0,0,0,0,0,0,0,0,11,0,0,0,0,0,0,0,17,0,0,0,28,0,0,0,50,13,79,36,0,15,178,0,8,0,18,0,60,0,72,42,0,0,0,0,0,0,0,0,0,0,0,0,1,0,0,0,0,0,0,0,0,0,0,0,0,0,0,0,0,0,0,0,0,0,0,0,0,0,0,0,0,0,0,0,0,0,0,0,0,0,0,0,0,0,0,0,0,0,0,0,64,0,17,0,15,0,0,0,8,0,30,0,0,0,0,0,22,0,0,0,4,0,0,0,0,0,121,3,69,0,88,0,199,0,118,0,0,0,15,0,22,0,384,0,44,0,0,4,0,0,0,0,0,20,0,0,0,2,0,0,0,0,0,0,0,0,0,0,0,0,0,0,0,0,0,0,0,0,0,0,9,0,391,144,458,611,987,190,120,0,5,0,0,0,0,0,0
0,3,0,0,1,7,0,4,0,36,0,0,0,0,0,0,0,41,0,0,0,10,0,8,0,29,0,0,0,12,0,0,0,0,0,0,0,0,0,0,0,0,0,0,0,0,0,0,0,0,0,0,10,89,6,77,15,0,48,98,0,26,0,28,0,2,58,86,0,7,0,0,0,0,0,0,0,0,0,0,0,0,0,0,0,0,0,0,0,0,0,0,0,0,0,0,0,0,0,0,0,0,0,0,0,0,0,0,0,0,0,0,0,0,0,0,0,0,0,0,0,0,0,0,0,28,0,0,0,34,0,45,0,49,0,54,0,65,0,25,0,18,0,25,0,7,0,8,0,1,0,10,0,0,0,219,0,33,0,74,0,125,0,0,0,0,0,0,0,47,2,355,0,0,0,21,0,0,0,0,0,0,0,0,2,4,0,0,0,0,0,0,0,0,0,0,0,0,0,0,0,4,0,0,0,0,0,0,0,19,0,0,0,0,399,0,0,0,219,62,304,378,37,57,1
4,0,38,0,5,0,30,0,13,0,3,0,0,0,0,0,0,0,0,0,0,0,0,0,20,0,0,0,0,0,0,0,0,0,0,0,9,0,0,0,0,0,0,0,0,0,0,0,15,0,0,1,49,41,153,112,178,48,0,62,0,0,27,6,48,0,169,159,0,0,0,0,0,0,0,0,0,0,0,0,0,0,0,0,0,0,0,0,0,0,0,0,0,0,0,0,0,0,0,0,0,0,0,0,0,0,0,0,0,0,0,0,0,0,0,0,0,0,0,0,0,0,0,0,0,0,0,0,4,0,0,0,1,0,1,0,0,0,8,0,0,0,0,0,0,0,0,0,0,0,0,0,0,0,90,8,143,3,0,0,20,0,9,0,0,0,8,0,0,0,161,0,21,0,6,13,16,0,0,0,57,21,0,0,0,15,0,0,0,0,0,0,0,0,0,0,0,0,0,0,0,0,0,0,0,0,0,0,0,0,537,210,311,486,947,164,132,0,0,0,0,0,0,0,0
0,7,0,0,0,0,0,6,0,17,0,0,0,0,0,0,0,0,0,0,0,0,0,0,0,8,0,2,0,3,0,0,0,0,0,0,0,0,0,0,0,0,0,8,0,13,0,0,0,0,0,10,10,24,0,18,0,98,62,0,0,0,0,19,8,37,87,246,0,0,0,0,0,0,0,0,0,0,0,0,0,0,0,0,0,0,0,0,0,0,0,0,0,0,0,0,0,0,0,0,0,0,0,0,0,0,0,0,0,0,0,0,0,0,0,0,0,0,0,0,0,0,0,0,0,8,0,3,0,2,0,44,0,4,0,0,0,5,0,0,0,0,0,0,0,14,0,4,0,2,0,0,0,0,21,122,0,191,0,25,0,20,0,0,0,0,0,0,0,77,0,269,0,54,0,34,1,0,0,0,0,0,0,0,0,10,0,0,0,0,0,0,0,0,0,0,0,0,0,0,0,0,0,0,0,0,0,0,0,2,3,3,3,0,1084,0,0,0,585,152,556,656,90,0,0
204,0,104,0,0,0,225,0,228,0,3,0,0,0,5,0,66,2,0,0,15,0,0,0,24,0,30,0,8,0,3,0,0,0,0,0,29,0,11,0,0,0,6,0,0,0,5,0,3,0,0,0,71,0,38,6,8,0,0,0,0,0,55,0,0,0,0,0,0,0,17,0,0,0,18,0,0,0,0,0,12,0,0,0,0,0,0,0,0,0,0,0,0,0,0,0,0,0,0,0,0,0,0,0,0,0,0,0,0,0,0,0,0,0,0,0,0,0,0,0,0,0,0,0,7,0,0,0,0,0,4,0,2,0,0,0,0,0,155,0,151,0,43,0,214,0,0,0,0,0,0,0,0,0,49,0,167,0,19,0,3,0,6,0,0,0,1,0,1,0,87,0,48,0,0,0,19,14,0,0,0,1,13,0,0,0,0,0,0,0,0,0,0,0,0,0,0,0,0,0,0,0,0,0,0,0,0,0,0,0,54,34,28,39,0,10,0,0,0,0,0,0,0,0,0
0,272,0,28,0,7,0,245,0,279,0,10,0,0,0,4,0,33,0,0,0,6,0,0,8,55,0,0,0,33,0,1,0,15,0,12,0,48,0,29,0,0,0,14,0,9,0,0,0,0,0,8,1,90,0,96,0,26,0,0,0,0,0,130,0,0,0,0,0,0,0,0,0,0,0,0,0,0,0,0,0,9,0,0,0,0,0,7,0,0,0,0,0,0,0,0,0,0,0,0,0,0,0,0,0,0,0,0,0,0,0,0,0,0,0,0,0,0,0,0,0,0,0,0,0,0,0,0,0,0,0,0,0,0,0,0,0,2,0,68,0,131,0,0,0,258,0,1,0,0,0,0,0,0,0,11,0,71,0,43,0,0,0,4,0,0,0,2,0,4,0,98,0,31,0,4,0,109,0,0,0,0,0,106,0,27,0,0,0,0,0,0,0,0,0,0,0,0,0,0,0,0,0,0,0,0,0,1,0,0,0,0,0,0,60,0,0,0,105,44,37,29,2,12,0
57,9,37,0,0,0,243,22,363,30,0,0,0,0,22,0,467,5,57,0,186,0,38,2,82,36,74,0,32,0,49,0,16,0,0,0,27,0,34,0,0,0,0,0,27,0,0,0,5,0,4,0,51,0,49,37,18,0,27,0,55,0,0,7,0,0,0,0,0,0,32,0,0,0,34,0,0,0,0,0,38,0,0,0,0,0,29,0,0,0,0,0,0,0,0,0,0,0,0,0,0,0,2,0,0,0,0,0,0,0,0,0,0,0,0,0,0,0,0,0,40,0,0,0,0,0,0,0,0,0,0,0,7,0,0,0,79,0,103,0,178,0,221,1,25,0,0,0,0,0,0,0,0,0,124,0,82,0,63,0,12,0,0,0,0,0,0,0,0,0,22,0,27,0,0,0,12,41,0,0,0,0,18,0,19,1,0,0,0,0,0,0,0,0,0,0,0,0,0,0,0,0,0,0,0,0,0,0,0,0,31,18,33,48,35,2,9,0,7,0,0,0,0,0,0
0,43,0,1,0,0,0,146,24,296,0,8,0,0,0,27,0,210,0,54,0,189,0,272,4,40,0,0,0,64,0,0,0,24,0,27,0,11,0,17,0,0,0,41,0,30,0,0,0,11,0,27,3,104,17,76,0,28,6,19,0,130,7,0,0,0,0,23,0,0,0,0,0,0,0,0,0,0,0,0,0,0,0,0,0,0,0,0,0,0,0,0,0,0,0,0,0,0,0,0,0,0,0,0,0,0,0,0,0,0,0,0,0,0,0,0,0,0,0,0,0,0,0,0,0,0,0,0,0,0,0,0,0,0,0,0,0,7,0,112,0,125,0,75,0,45,0,0,0,0,0,0,0,0,0,45,0,55,0,48,0,7,0,2,0,2,0,0,0,3,1,18,0,34,0,0,0,70,0,0,0,0,0,34,0,27,0,0,0,0,0,0,0,0,0,0,0,0,0,0,0,0,0,0,0,0,0,0,0,0,0,0,0,3,45,0,0,0,25,8,21,36,1,6,0
6,0,8,0,16,0,7,0,139,0,0,0,0,0,34,0,0,0,19,0,0,0,1,0,0,0,0,0,0,0,0,0,0,0,0,0,0,0,0,0,0,0,0,0,0,0,0,0,0,0,2,0,0,0,26,0,60,0,48,8,0,0,0,0,0,22,70,0,0,0,0,0,0,0,0,0,0,0,0,0,0,0,0,0,0,0,0,0,0,0,0,0,0,0,0,0,0,0,0,0,0,0,0,0,0,0,0,0,0,0,0,0,0,0,0,0,0,0,0,0,0,0,0,0,2,0,0,0,0,0,12,0,0,0,0,0,0,0,18,0,0,0,0,0,44,0,2,0,35,0,0,0,0,0,11,28,19,0,3,0,92,0,11,0,0,0,6,0,0,0,17,0,0,0,27,10,11,0,0,0,139,97,8,0,118,0,0,0,0,0,0,0,0,0,0,0,0,0,0,0,0,0,0,0,0,0,0,0,0,0,91,16,0,0,106,0,0,0,6,0,0,0,0,0,0
0,109,0,0,0,0,0,0,0,197,0,24,0,6,0,0,0,0,0,62,0,0,0,0,0,0,0,0,0,0,0,0,0,0,0,0,0,0,0,0,0,0,0,0,0,0,0,0,0,0,0,0,2,0,0,0,0,2,0,37,0,0,0,0,22,0,0,297,0,0,0,0,1,0,0,9,0,0,0,0,0,0,0,0,0,0,0,0,0,0,0,0,0,0,0,0,0,0,0,0,0,0,0,0,0,0,0,0,0,0,0,0,0,0,0,0,0,0,0,0,0,0,0,0,0,11,0,0,0,0,0,12,0,0,0,0,0,0,35,25,0,0,0,0,24,138,0,31,0,105,0,0,0,3,0,11,0,0,0,9,0,120,0,0,0,0,0,0,0,0,0,0,0,0,2,102,0,0,0,0,40,286,0,5,0,67,0,0,0,0,0,0,0,0,0,0,0,0,0,0,0,0,0,0,0,0,0,0,0,4,0,0,0,0,183,0,0,0,159,26,83,0,0,0,0
7,0,0,0,9,0,8,2,96,51,0,0,0,0,0,0,0,0,0,0,0,0,0,0,0,0,0,0,0,0,0,0,0,0,0,0,5,0,0,0,0,0,0,0,0,0,0,0,0,0,0,0,42,42,146,121,72,58,169,87,0,0,0,0,70,0,0,108,0,0,0,0,0,0,0,0,0,0,0,0,0,0,0,0,0,0,0,0,0,0,0,0,0,0,0,0,0,0,0,0,0,0,0,0,0,0,0,0,0,0,0,0,0,0,0,0,0,0,0,0,0,0,0,0,0,0,1,0,0,0,8,0,0,0,0,0,0,0,5,0,0,0,0,0,12,0,0,0,6,0,0,0,0,0,40,0,72,0,2,0,62,0,0,0,7,0,3,0,2,0,43,4,0,0,34,20,84,0,0,0,171,73,0,0,379,18,0,0,0,0,0,0,0,0,0,0,0,0,0,0,0,0,0,0,0,0,0,0,0,0,184,50,41,0,220,0,0,0,7,12,0,0,0,0,0
0,26,0,0,0,0,0,9,6,118,0,3,0,0,0,0,0,0,0,0,0,0,0,0,0,0,0,0,0,0,0,0,0,0,0,0,0,0,0,0,0,0,0,0,0,0,0,0,0,0,0,0,39,69,34,74,42,86,159,246,0,0,0,23,0,297,108,0,0,0,0,0,0,0,0,0,0,0,0,0,0,0,0,0,0,0,0,0,0,0,0,0,0,0,0,0,0,0,0,0,0,0,0,0,0,0,0,0,0,0,0,0,0,0,0,0,0,0,0,0,0,0,0,0,0,0,0,0,0,0,0,29,0,0,0,0,0,0,0,0,0,0,0,0,0,17,0,5,0,16,0,0,0,0,19,63,3,94,0,10,0,52,0,0,0,0,0,0,0,14,1,82,0,0,0,123,0,0,0,0,0,168,0,0,0,201,0,0,0,0,0,0,0,0,0,0,0,0,0,0,0,0,0,0,0,0,0,0,0,0,8,0,0,0,577,0,0,0,361,148,219,311,0,30,0
0,0,0,0,0,0,0,0,0,0,0,0,0,0,0,0,0,0,0,0,0,0,0,0,0,0,0,0,0,0,0,0,0,0,0,0,0,0,0,0,0,0,0,0,0,0,0,0,29,0,0,0,0,0,0,0,0,0,0,0,0,0,0,0,0,0,0,0,0,0,3,0,11,0,0,0,50,0,18,0,0,0,46,0,0,0,13,0,6,0,15,0,42,0,13,0,0,0,13,0,7,0,173,0,38,0,78,0,23,0,2,0,10,0,3,0,7,0,0,0,0,0,0,0,0,7,0,0,0,3,0,0,0,1,0,0,0,0,0,2,0,0,0,0,0,0,0,0,0,0,0,0,11,0,0,0,0,0,0,0,2,0,0,0,11,0,0,0,309,0,45,0,0,0,0,0,0,0,0,0,8,5,0,0,0,0,0,0,117,0,0,0,103,0,78,0,78,0,0,0,0,0,0,0,0,0,0,0,0,0,90,6,90,2,8,32,85,4,0,0,0,0,0,0,0
0,0,0,0,0,0,0,0,0,14,0,0,0,0,0,0,0,0,0,0,0,0,0,0,0,0,0,0,0,0,0,0,0,0,0,0,0,0,0,0,0,5,0,0,0,30,0,7,0,26,0,0,0,0,0,0,0,7,0,0,0,0,0,0,0,0,0,0,0,0,0,0,0,0,0,0,0,6,0,0,0,7,0,54,0,0,0,2,0,20,0,0,0,62,0,10,0,0,0,0,0,8,0,99,0,0,0,0,0,9,0,10,0,4,0,7,0,3,0,3,0,0,0,0,0,0,0,0,0,0,0,0,0,0,0,0,0,0,0,0,0,0,0,0,0,0,0,0,0,0,0,3,0,0,0,0,0,0,0,0,0,0,0,0,0,16,0,0,1,68,0,18,0,8,0,0,0,1,0,0,0,0,0,0,0,0,0,0,0,0,0,0,0,0,0,0,0,0,0,0,0,0,0,4,0,0,0,0,0,0,0,0,0,0,2,0,0,0,27,16,80,2,10,51,0
0,0,0,0,0,0,0,0,0,0,0,0,0,0,13,0,33,0,0,0,114,0,0,0,0,0,171,0,16,0,33,0,0,0,17,0,119,0,0,0,4,0,13,0,55,0,7,0,0,0,25,0,0,0,0,0,0,0,0,0,17,0,32,0,0,0,0,0,3,0,0,0,264,0,282,0,11,0,214,0,0,0,0,0,11,0,29,0,0,0,0,0,0,0,0,0,0,0,0,1,0,0,0,0,0,0,0,0,0,0,0,0,0,0,0,0,0,0,0,0,15,0,19,0,0,0,49,0,0,7,27,0,30,0,38,0,0,0,10,0,216,8,214,0,111,8,51,0,29,0,96,0,19,0,0,0,7,0,0,0,14,13,71,5,2,0,33,0,71,0,78,0,92,0,53,0,0,0,0,0,80,29,0,0,0,0,0,0,0,0,0,0,0,0,0,0,0,0,0,0,22,0,0,0,0,0,0,0,129,0,40,0,30,0,0,0,2,0,3,0,0,0,0,0,0
0,0,0,0,0,6,0,0,0,0,0,0,0,0,0,0,0,0,0,0,0,0,0,0,0,0,0,0,0,0,0,0,0,0,0,0,0,4,0,0,0,0,0,9,0,0,0,0,0,0,0,18,0,0,0,0,0,0,0,0,0,0,0,0,0,0,0,0,0,0,0,0,0,101,0,241,0,3,0,22,3,8,0,0,3,0,0,26,0,0,0,0,1,0,0,0,0,0,1,0,0,0,0,0,0,0,0,0,0,0,0,0,0,0,0,0,0,0,0,0,0,8,0,26,0,0,0,110,0,0,0,23,0,56,0,46,0,74,0,7,0,69,0,28,0,111,0,84,0,13,0,78,0,37,0,0,0,6,0,0,0,3,0,33,0,0,0,0,0,12,0,24,0,32,0,17,0,1,0,0,16,54,0,0,0,0,0,0,0,0,0,0,0,0,0,0,0,0,0,0,0,0,0,0,0,0,0,0,0,57,0,0,0,0,0,0,0,0,57,0,29,0,0,0,0
0,0,0,0,0,0,0,0,0,0,0,0,0,0,0,0,0,0,0,0,0,0,0,0,0,0,0,0,0,0,0,0,0,0,0,0,0,0,0,0,0,0,0,0,0,0,0,0,3,0,0,0,0,0,0,0,0,0,0,0,0,0,0,0,0,1,0,0,11,0,264,0,0,0,143,0,26,0,127,0,22,0,18,0,13,0,27,0,0,0,0,0,9,0,0,0,0,0,13,0,0,0,0,0,0,0,0,0,0,0,0,0,0,0,0,0,0,0,0,0,29,0,17,0,54,0,81,0,4,0,20,0,60,0,0,0,0,0,16,0,97,0,98,0,67,0,59,0,0,0,188,0,0,0,0,0,0,0,0,0,0,0,50,0,0,0,0,0,11,0,6,0,0,0,0,0,0,0,0,0,0,0,0,0,0,0,0,0,0,0,0,0,36,0,0,0,7,0,71,0,47,0,0,0,0,0,142,0,221,0,251,5,13,0,16,0,6,0,0,0,0,0,1,0,0
0,0,0,0,0,0,0,0,0,0,0,0,0,0,0,0,0,0,0,0,0,0,0,0,0,0,0,0,0,0,0,0,0,8,0,0,0,0,0,0,0,0,0,0,0,5,0,0,0,0,0,0,0,0,0,0,0,0,0,0,0,0,0,0,0,0,0,0,0,0,0,101,0,0,0,223,0,76,0,116,0,24,0,13,0,38,0,78,0,0,0,0,0,7,0,1,18,0,0,0,0,0,0,0,0,2,0,0,0,0,0,0,0,0,0,0,0,0,0,1,0,27,0,17,0,128,0,120,0,7,0,44,0,37,0,147,0,99,0,0,1,26,0,56,0,48,20,110,0,0,0,118,11,57,0,0,0,0,0,0,0,0,0,59,0,0,0,0,0,28,0,3,0,7,0,23,0,0,0,0,10,74,0,1,0,0,0,0,0,83,0,0,0,0,0,0,0,0,0,141,0,86,4,142,0,0,0,0,0,138,0,0,0,0,0,0,0,0,91,0,24,7,1,0,0
0,0,0,0,0,0,0,0,0,0,0,0,0,0,11,0,36,0,0,0,147,0,0,0,0,0,153,0,14,0,36,0,0,0,15,0,66,0,0,0,0,0,0,0,55,0,0,0,0,0,21,0,5,0,0,0,0,0,0,0,18,0,34,0,0,0,0,0,0,0,282,0,143,0,0,2,13,0,201,0,8,0,5,0,58,0,40,0,0,0,0,0,0,0,0,0,4,0,0,0,0,0,0,0,0,0,0,0,0,0,0,0,0,0,0,0,0,0,0,0,50,0,85,0,0,0,0,0,0,0,0,0,0,4,27,0,23,0,6,9,129,0,264,0,91,0,30,0,0,0,47,0,41,0,0,0,0,0,0,0,0,0,29,0,0,0,13,0,18,0,28,0,39,0,61,0,0,0,0,0,72,19,0,0,0,0,0,0,0,0,0,0,0,0,0,0,5,0,67,0,42,0,60,0,0,0,68,0,0,0,19,0,0,0,0,0,0,0,0,0,0,9,0,0,0
0,0,0,0,0,20,0,0,0,0,0,0,0,6,0,0,0,0,0,0,0,53,0,0,0,0,0,0,0,0,0,0,0,0,0,0,0,13,0,0,0,0,0,25,0,23,0,0,0,8,0,32,0,0,0,0,0,0,0,0,0,0,0,0,0,9,0,0,0,0,0,241,0,223,2,0,0,46,0,100,0,36,0,0,0,54,0,85,0,0,0,0,3,0,0,0,0,0,0,0,0,5,0,0,0,0,0,0,0,0,0,0,0,0,0,0,0,0,0,0,0,127,0,67,0,0,0,146,0,0,0,0,0,39,0,191,6,126,0,4,0,95,4,111,0,227,0,87,0,19,0,114,0,56,0,0,0,11,0,0,0,0,0,66,0,0,0,31,4,17,0,30,0,34,0,18,0,2,0,0,0,72,0,0,0,0,0,0,0,0,0,0,0,0,0,0,0,0,0,0,0,0,0,0,0,0,0,0,0,119,0,0,0,0,12,0,0,0,94,0,55,0,0,4,0
0,0,0,0,0,0,0,0,0,0,0,0,0,0,0,0,0,0,0,0,0,0,0,0,0,0,0,0,0,0,0,0,0,0,0,0,0,0,0,0,0,0,0,0,9,0,0,0,4,0,0,0,1,0,0,0,0,0,0,0,0,0,0,0,0,0,0,0,50,0,11,0,26,0,13,0,0,0,30,0,0,0,16,0,0,0,10,0,1,0,0,0,32,0,2,0,0,0,0,0,0,0,43,0,0,0,13,0,8,0,0,0,0,0,7,0,11,0,0,0,0,0,3,0,0,0,0,0,0,0,0,0,0,0,4,0,1,0,0,0,0,0,0,0,0,0,0,0,0,0,0,0,0,0,0,0,0,0,0,0,2,0,1,0,4,0,0,0,35,0,2,0,0,0,0,0,0,0,0,0,0,0,0,0,0,0,0,0,0,0,0,0,37,0,0,0,28,0,0,0,0,0,0,0,0,0,0,0,0,0,15,0,20,0,0,0,16,0,0,0,0,0,0,0,0
0,0,0,0,0,0,0,0,0,0,0,0,0,0,0,0,0,0,0,0,0,0,0,0,0,0,0,0,0,0,0,0,0,0,0,0,0,0,0,0,0,0,0,0,0,27,0,0,0,12,0,0,0,0,0,0,0,0,0,0,0,0,0,0,0,0,0,0,0,6,0,3,0,76,0,46,0,0,0,65,0,41,0,95,0,0,0,112,0,12,0,0,0,174,0,21,3,0,0,17,0,9,0,95,0,29,0,6,0,6,0,2,0,0,0,3,0,11,0,0,0,12,0,6,1,0,0,0,0,0,0,0,0,1,0,0,1,0,0,0,0,0,0,0,0,0,0,0,0,1,0,0,0,0,0,0,0,0,0,0,0,0,0,4,0,4,0,0,0,85,0,3,0,4,0,0,0,0,0,0,0,8,0,0,0,0,0,0,0,124,0,0,0,0,0,42,0,0,0,0,0,26,0,0,0,0,0,0,0,0,0,0,0,0,0,0,0,0,16,0,67,5,3,3,0
0,0,0,0,0,1,0,0,0,0,0,0,0,0,0,0,0,0,0,0,0,0,0,0,0,0,0,0,0,0,0,0,0,0,0,0,0,0,0,0,0,0,0,0,0,0,0,0,8,0,0,0,0,0,0,0,0,0,0,0,0,0,0,0,0,0,0,0,18,0,214,0,127,0,201,0,30,0,0,0,3,0,44,1,41,0,33,0,1,0,0,0,23,0,0,0,0,0,8,1,1,3,7,0,0,0,8,0,0,0,0,0,0,0,0,0,0,0,0,0,66,0,39,0,0,8,0,0,0,0,0,0,0,3,0,0,0,0,0,1,37,0,139,0,0,0,0,0,0,0,0,0,0,0,0,0,0,0,0,0,0,0,10,0,0,0,0,0,40,0,0,0,0,0,13,0,0,0,0,0,0,0,0,0,0,0,3,0,0,0,0,0,112,0,0,0,33,0,0,0,98,0,268,0,0,0,0,0,0,0,266,7,34,6,42,6,13,0,0,0,0,0,0,0,0
0,0,0,0,0,0,0,0,0,0,0,0,0,0,0,0,0,3,0,0,0,0,0,15,0,0,0,0,0,0,0,0,0,0,0,0,0,0,0,0,0,0,0,0,0,18,0,0,0,0,0,0,0,0,0,0,0,0,0,0,0,0,0,0,0,0,0,0,0,0,0,22,0,116,0,100,0,65,0,0,1,16,0,2,0,43,0,75,0,0,0,0,0,0,0,0,0,0,0,0,0,0,1,0,0,0,0,0,0,0,0,0,0,0,0,0,0,0,0,0,0,45,0,29,0,16,0,0,0,0,0,0,0,0,0,76,0,50,0,0,0,28,0,42,0,47,0,24,0,0,0,0,0,19,0,0,0,0,0,0,0,0,0,4,0,0,0,0,0,5,0,0,0,0,0,0,0,0,0,0,3,23,0,0,0,0,0,0,0,0,0,0,0,0,0,0,0,0,0,0,0,22,0,0,0,0,0,0,0,0,0,0,0,0,0,0,0,0,21,0,14,0,0,0,0
