0,598,26,216,62,0,60,231,102,31,54,13,24,0,9,77,93,60,29,2,12,7,0,130,0,273,53,0,144,59,1,0,22,0,0,0,18,2,218,55,25,0,0,0,0,0,0,0,15,0,0,0,4,0,0,3,0,0,8,0,250,0,137,3,39,0,38,0,0,0,0,0,0,0,0,0,0,0,0,0,0,0,0,0,0,0,0,0,0,0,0,0,0,0,0,0,0,0,0,0,0,0,0,0,0,0,0,0,0,0,0,0,0,0,0,0,0,0,0,0,0,0,0,0,0,0,28,0,0,0,20,0,0,0,4,0,0,0,0,0,0,0,0,0,0,0,26,0,42,0,22,0,15,0,0,0,0,0,0,0,13,1,0,0,5,0,0,0,4,0,8,0,289,0,0,0,305,216,9,0,7,0,33,0,42,0,0,0,0,0,0,0,0,0,0,0,0,0,0,0,0,0,0,0,0,0,0,0,12,0,761,100,250,98,290,0,0,3,11,12,13,0,0,0,0
598,0,303,114,76,92,306,25,92,88,41,294,0,142,21,37,34,22,0,51,0,43,290,68,359,6,0,46,0,120,0,19,1,87,0,0,0,45,10,141,0,34,0,0,0,0,0,73,0,0,0,12,0,1,46,6,0,1,0,15,0,121,114,33,0,40,0,7,0,0,0,0,0,3,0,0,0,0,0,0,0,10,0,0,0,14,0,0,0,0,0,0,0,0,0,0,0,47,0,0,0,0,0,0,0,0,0,42,0,0,0,0,0,0,0,0,0,0,0,0,1,0,0,0,0,72,0,47,5,0,0,38,0,24,0,98,0,32,0,0,0,0,0,0,0,0,0,40,0,70,0,72,0,95,0,3,0,0,0,0,0,11,0,0,0,0,0,0,0,15,0,9,6,121,0,0,94,429,9,1,0,22,30,8,0,43,0,1,0,0,0,0,0,0,0,0,0,3,0,0,0,47,0,0,0,0,0,43,0,84,5,0,0,0,550,0,0,0,917,206,415,169,13,0,0
26,303,0,150,101,121,50,0,83,5,44,60,34,0,337,179,96,19,93,0,64,20,380,178,72,62,36,0,349,40,101,0,252,0,0,0,56,0,284,54,0,0,0,0,0,0,0,0,12,0,0,0,4,0,87,0,3,0,9,0,192,0,154,0,34,0,23,0,0,0,0,0,2,0,0,0,0,0,0,0,0,0,0,0,0,0,0,0,0,0,0,0,0,0,0,0,0,0,0,0,1,0,0,0,0,0,0,0,0,0,0,0,0,0,0,0,0,0,0,0,0,0,0,0,103,0,167,0,0,0,138,0,81,0,313,0,149,0,0,0,0,1,122,0,0,0,110,0,163,0,102,0,38,0,0,0,0,0,0,0,16,0,0,0,0,0,150,0,21,0,8,0,302,5,0,0,0,69,0,0,16,0,0,0,24,0,0,0,0,0,0,0,0,0,3,0,0,0,76,0,119,0,6,0,0,0,0,0,147,0,680,83,528,140,399,0,0,2,0,0,26,0,0,0,0
216,114,150,0,113,112,16,80,0,5,78,16,0,51,22,276,31,47,0,98,0,123,150,260,42,20,0,0,0,80,0,89,0,194,0,3,0,29,0,79,0,12,0,0,0,0,0,0,0,0,0,0,0,0,0,65,0,1,0,9,0,0,6,0,0,0,0,0,0,0,0,0,0,0,0,0,0,0,0,0,0,0,0,0,0,52,0,0,0,0,0,0,0,0,0,0,0,133,0,0,0,0,0,0,0,0,0,104,0,0,0,0,0,0,0,0,0,0,0,0,0,0,0,0,0,42,0,37,0,0,0,13,0,50,0,343,0,207,0,28,0,23,0,17,0,0,0,0,0,0,1,38,0,0,0,0,0,0,0,0,0,0,0,0,0,0,0,83,0,0,0,0,0,94,0,0,25,19,6,0,0,0,8,0,0,0,0,0,0,0,0,1,0,0,0,0,0,0,0,0,0,188,0,0,0,0,0,53,0,153,9,0,12,0,160,0,0,0,205,43,343,0,0,0,0
62,76,101,113,0,551,10,0,32,0,159,140,274,109,170,506,29,0,278,265,119,134,72,169,1,0,380,95,0,10,77,0,245,57,119,45,248,0,129,5,159,0,9,14,4,0,58,35,8,0,134,32,1,0,0,1,0,0,0,0,2,0,6,0,0,0,0,0,0,0,0,0,0,0,0,0,0,0,0,0,0,0,0,0,0,0,0,0,0,0,0,0,0,0,0,0,0,0,0,0,0,0,0,0,0,0,0,0,0,0,0,0,0,0,0,0,0,0,0,0,0,0,0,0,0,0,0,0,0,0,0,0,0,0,27,0,0,0,0,0,0,0,0,0,0,0,0,0,37,0,0,0,41,0,0,0,0,0,0,0,3,0,0,0,31,0,346,0,81,0,6,0,166,0,0,0,143,268,28,0,0,0,34,0,54,0,3,0,0,0,0,0,0,0,0,0,0,0,0,0,0,0,0,0,0,0,0,0,0,0,888,232,635,0,391,0,0,0,0,0,88,3,0,0,0
0,92,121,112,551,0,0,42,0,10,173,219,255,121,476,237,8,4,265,428,111,303,154,159,0,0,0,293,0,0,0,113,24,485,0,156,47,259,0,0,0,104,24,42,0,0,0,183,0,0,65,97,0,0,0,0,0,0,0,0,0,3,0,0,0,8,0,0,0,0,0,0,0,0,0,0,0,8,0,0,0,0,0,0,0,105,0,0,0,0,0,0,0,0,0,0,0,104,0,0,0,0,0,0,0,0,0,0,0,0,0,0,0,0,0,0,0,0,0,4,0,29,0,0,0,28,0,0,0,0,0,5,0,0,0,148,0,70,0,11,0,0,0,0,0,0,0,0,0,0,0,37,0,51,0,0,0,0,0,0,0,0,0,4,0,30,0,362,0,69,0,9,0,93,0,31,29,190,22,8,0,33,0,0,0,7,6,9,0,0,0,0,0,0,0,0,0,0,0,0,0,87,0,0,0,0,0,0,0,81,0,18,0,0,418,0,0,0,884,544,731,165,21,5,0
60,306,50,16,10,0,0,190,72,202,7,0,0,0,0,0,12,0,0,0,0,0,14,0,279,116,0,0,20,14,0,0,0,0,0,0,0,0,0,21,0,0,1,0,0,0,0,0,50,0,0,0,53,5,153,38,35,0,16,0,175,16,322,32,93,0,34,0,0,0,0,0,0,0,0,0,0,0,0,0,0,0,0,0,0,0,0,0,0,0,0,0,0,0,0,0,0,0,0,1,0,0,0,0,0,0,0,0,0,0,0,0,0,0,0,0,0,0,0,0,0,0,0,0,115,0,90,0,0,0,247,0,35,0,76,0,45,0,0,0,0,0,29,0,0,0,44,0,81,0,36,0,0,0,2,0,0,1,0,0,57,0,4,0,0,0,6,0,16,0,100,0,363,3,0,0,30,74,0,0,0,0,1,0,0,0,0,0,0,0,0,0,0,0,0,0,0,0,0,0,0,0,0,0,0,0,12,0,55,0,833,107,458,410,751,0,64,5,0,4,0,0,0,0,0
231,25,0,80,0,42,190,0,284,84,0,26,0,9,0,59,13,32,0,16,0,17,0,21,123,319,0,0,3,163,0,0,0,0,0,0,0,6,0,105,0,0,0,0,0,0,0,0,0,0,0,0,0,0,75,120,0,13,0,91,41,182,203,135,0,0,0,10,0,0,0,1,0,0,0,0,0,0,0,0,0,0,0,0,0,0,0,0,0,0,0,0,0,0,0,1,0,0,0,0,0,0,0,0,0,0,0,0,0,0,0,0,0,0,0,0,0,0,0,0,0,0,0,0,0,54,0,58,0,86,0,81,0,75,0,72,0,70,0,7,0,0,0,0,0,0,0,0,0,0,0,36,0,5,0,18,0,0,0,30,1,16,0,0,0,13,0,0,0,27,0,37,0,200,0,0,23,73,0,0,0,0,10,3,0,1,0,0,0,0,0,0,0,0,0,0,0,0,0,0,0,0,0,0,0,0,0,29,0,128,0,0,0,0,826,0,0,0,798,157,472,296,0,0,5
102,92,83,0,32,0,72,284,0,647,37,0,13,0,15,0,0,32,27,0,0,0,0,0,0,111,30,0,0,7,0,0,0,0,0,0,0,0,0,0,0,0,0,0,0,0,4,0,9,0,0,0,16,29,10,324,14,0,72,0,49,0,50,61,103,0,117,137,0,0,0,0,0,0,0,0,0,0,0,0,0,0,0,0,0,0,0,0,0,0,0,0,0,0,0,0,0,0,0,0,0,0,0,0,0,0,0,0,0,0,0,0,0,0,0,0,0,0,0,0,0,0,0,0,16,0,0,0,0,0,20,0,3,0,5,0,0,0,0,0,0,0,0,0,0,0,12,0,50,0,16,0,15,0,0,0,0,0,0,0,22,0,0,0,0,0,0,0,0,0,45,0,79,0,0,0,609,137,0,0,0,0,24,0,117,0,0,0,0,0,0,0,0,0,0,0,0,0,0,0,4,0,0,0,0,0,4,0,0,0,412,98,94,153,216,0,0,0,0,0,0,0,0,0,0
31,88,5,5,0,10,202,84,647,0,0,44,0,13,0,0,0,0,0,9,0,3,1,0,30,5,0,0,0,0,0,0,0,0,0,0,0,0,0,9,0,0,0,1,0,0,0,0,0,1,0,0,79,47,339,60,12,6,127,68,0,184,143,120,0,275,27,39,0,0,0,0,0,0,0,0,0,0,0,0,0,0,0,0,0,0,0,0,0,0,0,0,0,0,0,2,0,0,0,0,0,0,0,0,0,0,0,0,0,0,0,0,0,0,0,0,0,0,0,0,0,0,0,0,0,152,0,43,0,14,0,158,0,45,0,0,0,15,0,2,0,1,0,0,0,0,0,61,0,125,0,104,0,49,2,9,0,48,0,13,0,46,0,0,0,7,0,0,0,16,0,53,3,74,0,11,81,486,0,6,0,12,0,24,0,82,0,0,0,0,0,0,0,0,0,0,0,1,0,0,0,0,0,0,0,0,0,40,0,103,0,2,0,0,341,0,0,0,597,92,184,151,0,0,7
54,41,44,78,159,173,7,0,37,0,0,46,193,13,31,270,60,0,58,58,85,51,9,94,0,0,147,7,18,0,0,7,173,0,21,0,137,0,152,0,128,0,0,0,9,0,62,0,5,0,65,0,0,0,0,0,0,0,2,0,0,0,0,0,0,0,1,0,0,0,0,0,0,0,0,0,0,0,0,0,0,0,0,0,0,0,0,0,0,0,0,0,0,0,0,0,0,0,0,0,0,0,0,0,0,0,0,0,0,0,2,0,0,0,0,0,0,0,0,0,0,1,0,0,0,0,0,0,0,0,0,0,0,0,8,0,0,0,0,0,0,0,0,0,0,0,0,0,22,0,13,0,29,0,0,0,0,0,0,0,0,0,0,0,0,0,94,25,31,0,1,0,48,0,0,0,123,87,62,0,25,0,51,0,44,0,21,0,0,0,0,0,0,0,0,0,0,0,0,0,0,0,0,0,0,0,0,0,6,0,462,162,212,74,135,0,0,0,0,0,0,0,0,0,0
13,294,60,16,140,219,0,26,0,44,46,0,21,304,136,7,0,8,29,83,19,72,60,71,1,0,0,132,0,14,0,43,0,146,0,40,0,95,0,0,0,129,0,11,0,0,0,122,0,15,0,33,0,6,0,12,0,2,0,2,0,0,0,0,0,24,0,0,0,0,0,0,0,0,0,0,0,0,0,0,0,0,0,4,0,0,0,0,0,0,0,0,0,0,0,0,0,0,0,0,0,0,0,0,0,0,0,0,0,0,0,0,0,0,0,0,0,0,0,0,0,5,0,0,0,79,0,29,0,0,0,24,0,18,0,73,0,33,0,0,0,0,0,0,0,0,0,42,0,64,0,145,0,253,0,0,0,0,0,0,0,0,1,0,0,0,0,70,0,21,0,0,0,20,0,142,11,126,3,19,1,113,0,33,0,58,0,7,0,0,0,0,0,0,0,0,0,0,0,0,0,34,0,0,0,0,0,0,0,84,0,0,0,0,100,0,0,0,277,215,159,58,10,0,0
24,0,34,0,274,255,0,0,13,0,193,21,0,379,29,95,10,0,45,428,28,74,0,3,0,0,240,517,0,0,4,0,0,0,87,38,36,90,0,0,340,48,78,47,103,67,130,178,49,0,199,56,0,0,0,0,0,0,2,0,0,0,3,0,0,0,0,0,0,0,0,0,0,0,1,0,0,0,0,0,0,0,0,0,0,0,0,0,0,0,0,0,0,0,0,0,49,0,0,0,0,0,0,0,0,0,0,0,0,0,0,0,0,0,0,0,0,0,0,0,0,0,0,0,0,0,0,0,0,0,0,0,0,0,0,0,0,0,0,0,0,0,17,0,0,0,0,0,12,0,0,0,0,0,0,0,0,0,0,0,4,0,0,0,77,0,25,27,44,7,0,0,0,0,30,0,172,288,141,0,50,0,51,0,18,0,52,6,0,0,0,0,0,0,0,0,0,0,0,0,0,0,0,0,0,0,0,0,0,0,57,150,171,13,22,0,0,7,0,29,58,0,1,0,0
0,142,0,51,109,121,0,9,0,13,13,304,379,0,106,12,0,0,340,76,38,42,0,3,0,0,407,147,0,0,0,3,3,3,43,44,14,41,0,0,261,250,32,123,112,70,189,275,0,73,86,239,0,0,0,4,0,0,0,0,0,3,0,2,0,5,0,0,0,3,0,0,0,0,0,0,0,0,0,0,0,0,0,17,0,52,0,0,0,0,0,0,0,0,0,0,0,0,0,0,0,0,0,0,0,0,0,0,0,0,0,0,0,0,0,0,0,0,0,0,0,11,0,0,0,46,0,0,0,0,0,0,0,0,0,0,0,34,0,0,0,0,0,0,0,11,0,0,0,41,0,35,0,0,0,0,0,3,0,0,0,0,0,0,0,27,0,6,0,0,0,0,0,2,0,25,0,312,0,18,0,28,0,17,0,0,36,60,0,0,0,0,0,0,0,0,0,0,0,0,0,22,0,0,0,0,0,0,0,80,0,0,0,0,25,0,0,0,49,373,294,21,0,0,20
9,21,337,22,170,476,0,0,15,0,31,136,29,106,0,542,30,0,408,238,201,174,470,155,22,2,158,43,0,0,54,0,82,70,65,48,167,95,4,0,7,0,2,12,0,0,6,0,0,0,24,19,0,0,55,0,0,0,0,0,0,0,22,0,6,0,1,0,0,0,0,0,0,0,0,0,0,0,0,0,0,0,0,0,79,0,0,4,0,0,0,0,0,0,0,0,0,0,0,0,0,0,0,0,0,0,0,0,0,0,0,0,0,0,0,0,0,0,0,0,0,2,0,0,14,0,36,0,0,0,0,0,0,0,177,0,226,0,0,0,11,0,274,0,0,0,26,0,78,0,71,0,75,0,0,0,0,0,0,0,0,0,0,0,5,0,97,60,0,0,1,0,26,0,0,0,18,58,6,0,20,0,22,0,78,0,0,5,0,0,0,0,0,0,0,0,0,0,0,0,198,0,0,0,0,0,0,0,122,0,229,233,101,0,63,0,0,0,71,18,90,0,0,0,0
77,37,179,276,506,237,0,59,0,0,270,7,95,12,542,0,29,39,56,314,137,287,222,110,24,36,0,181,0,7,0,83,34,102,0,81,51,86,7,0,0,0,0,8,0,20,0,47,0,0,0,8,0,3,0,56,0,0,0,0,0,0,0,15,0,0,0,0,0,0,0,0,0,0,0,7,0,0,0,0,0,127,0,0,0,449,0,0,0,0,0,0,0,0,0,0,0,475,0,194,0,83,0,0,0,0,0,0,0,0,0,0,0,0,0,0,0,0,0,0,0,0,0,0,0,21,0,0,0,14,0,0,0,40,0,516,0,218,0,49,0,72,0,201,0,0,0,0,0,0,0,15,0,10,0,0,0,0,0,0,0,0,0,0,0,0,0,71,0,32,1,0,0,13,0,11,21,45,24,7,0,12,0,0,0,3,4,0,0,0,0,0,0,0,0,0,0,0,0,0,0,218,0,0,0,0,0,0,0,62,69,19,42,0,52,0,0,0,153,230,70,17,0,0,0
93,34,96,31,29,8,12,13,0,0,60,0,10,0,30,29,0,0,77,0,332,4,132,25,171,13,102,0,141,7,88,0,75,4,45,0,11,0,32,2,0,0,13,0,40,0,0,0,0,0,5,0,16,0,26,0,0,0,4,0,25,0,307,0,0,0,0,0,0,0,66,0,0,0,120,0,0,0,0,0,274,0,0,0,661,0,195,0,0,0,178,0,0,0,0,0,1073,0,376,0,32,0,0,0,0,0,125,0,0,0,0,0,0,0,0,0,0,0,0,0,170,0,135,0,0,0,0,0,0,0,0,0,0,0,24,0,108,0,96,0,80,0,457,1,27,0,0,0,0,0,0,0,0,0,3,0,0,0,15,0,2,0,0,0,0,0,0,0,0,0,0,0,35,0,3,0,2,0,2,0,6,0,0,0,0,0,0,0,0,0,0,0,0,0,0,0,0,0,0,0,77,0,0,0,0,0,0,0,36,0,70,169,35,14,15,0,0,0,0,0,0,0,0,0,0
60,22,19,47,0,4,0,32,32,0,0,8,0,0,0,39,0,0,0,0,0,129,32,204,40,104,0,0,0,247,0,78,0,56,0,8,0,0,0,126,0,0,0,1,0,0,0,0,0,0,0,0,0,15,6,18,2,34,1,0,0,11,7,95,0,0,0,0,0,0,0,0,0,0,0,0,0,0,0,0,0,59,0,0,0,215,0,18,0,0,0,0,0,0,0,0,0,53,0,95,0,0,0,0,0,0,0,0,0,0,0,0,0,0,0,0,0,0,0,0,0,15,0,0,0,0,0,0,0,85,0,0,0,101,0,322,0,333,0,222,0,207,0,420,0,3,0,0,0,0,0,0,0,0,0,25,0,0,0,14,0,0,0,0,0,0,0,0,0,0,0,0,0,21,0,0,5,5,0,16,0,0,0,19,0,0,0,0,0,0,0,0,0,0,0,0,0,0,0,0,0,0,0,0,0,0,0,0,0,0,0,0,0,0,0,0,0,0,24,171,34,0,0,0,0
29,0,93,0,278,265,0,0,27,0,58,29,45,340,408,56,77,0,0,416,346,96,302,0,0,0,170,296,0,0,9,0,4,0,147,58,125,109,0,0,49,47,41,45,0,44,10,139,3,0,368,64,0,0,0,0,0,0,0,0,0,0,0,0,13,0,4,0,0,0,0,0,0,0,0,0,0,0,0,2,0,0,0,0,0,0,0,0,0,0,0,0,0,0,0,0,0,0,0,0,0,0,0,0,0,0,0,0,0,0,0,0,0,0,0,0,0,0,0,0,0,0,0,0,0,0,0,0,0,0,0,0,0,0,0,0,0,0,0,0,0,0,0,0,0,0,0,0,59,0,56,0,82,0,0,0,0,0,0,0,0,0,0,0,129,0,53,0,122,7,2,0,14,0,0,0,26,88,19,0,24,0,72,0,75,0,0,3,0,0,0,0,0,0,0,0,0,0,0,0,0,0,0,0,0,0,0,0,56,0,113,180,229,30,27,0,0,3,14,21,46,0,0,0,0
2,51,0,98,265,428,0,16,0,9,58,83,428,76,238,314,0,0,416,0,85,257,0,94,0,0,216,403,0,0,0,12,9,5,62,185,21,191,0,0,0,26,36,157,0,65,24,178,0,0,100,361,0,0,0,0,0,0,0,0,0,0,0,34,0,0,0,0,0,0,0,0,0,0,0,0,0,0,0,0,0,160,0,0,0,394,0,56,0,0,0,0,0,0,0,0,0,274,0,264,0,79,0,0,0,0,0,0,0,0,0,0,0,0,0,0,0,0,0,0,0,0,0,0,0,15,0,0,0,0,0,0,0,0,0,274,0,0,0,0,0,0,0,0,0,14,0,0,0,0,0,0,0,45,0,8,0,0,0,0,0,0,0,0,0,24,0,28,0,0,0,7,2,0,0,0,0,49,6,0,0,0,0,0,0,12,0,5,0,0,0,5,0,0,0,0,0,0,0,0,0,0,0,0,0,0,0,0,0,0,14,0,0,0,34,0,0,0,139,256,133,47,0,0,0
12,0,64,0,119,111,0,0,0,0,85,19,28,38,201,137,332,0,346,85,0,55,144,35,14,0,364,36,45,0,102,0,49,17,89,0,16,0,0,0,0,5,31,2,49,4,8,18,6,0,41,8,8,0,0,0,0,0,35,0,8,0,98,0,0,0,0,0,0,0,90,0,0,0,149,0,0,0,0,0,313,0,0,0,319,0,246,0,0,0,0,0,0,0,0,0,833,0,482,0,42,0,0,0,0,0,0,0,0,0,0,0,0,0,0,0,0,0,0,0,138,0,0,0,0,0,0,0,0,0,0,0,0,0,0,0,0,0,0,0,0,0,95,0,50,0,0,0,0,0,0,0,0,0,0,0,0,0,0,0,0,0,15,0,28,0,56,0,62,0,9,0,30,0,0,0,12,0,16,0,7,0,0,0,0,0,7,0,0,0,0,0,4,0,0,0,0,0,0,0,0,0,0,0,0,0,0,0,0,0,304,342,147,45,81,0,0,1,0,4,17,0,0,0,0
7,43,20,123,134,303,0,17,0,3,51,72,74,42,174,287,4,129,96,257,55,0,29,213,0,13,22,313,0,47,5,68,0,48,0,152,12,46,0,2,0,0,0,51,0,88,0,9,0,0,11,30,0,1,0,14,0,0,0,0,0,0,0,33,0,0,0,0,0,0,0,20,0,0,0,0,0,0,0,0,0,281,0,0,0,439,0,69,0,0,0,0,0,3,0,0,0,0,0,306,0,64,0,0,0,0,0,0,0,0,0,0,0,0,0,0,0,0,0,0,0,139,0,0,0,0,0,0,0,0,0,0,0,0,0,0,0,205,0,145,0,471,0,747,0,133,0,0,0,0,0,0,0,0,0,0,0,0,0,0,0,1,0,5,0,26,0,48,0,54,0,0,0,0,0,0,0,35,0,25,0,0,0,0,0,0,0,8,0,0,0,0,0,0,0,0,0,0,0,0,0,0,0,0,0,0,0,0,0,0,0,0,0,0,73,0,0,0,289,452,119,55,0,0,0
0,290,380,150,72,154,14,0,0,1,9,60,0,0,470,222,132,32,302,0,144,29,0,238,34,47,84,0,86,24,51,19,50,41,0,0,8,14,74,23,0,0,0,0,24,0,0,0,3,0,0,0,0,0,188,0,1,0,0,0,22,0,69,0,0,0,0,0,0,0,0,0,0,0,0,0,0,0,0,0,0,0,0,0,180,0,0,0,0,0,0,0,0,0,0,0,429,0,0,0,0,0,0,0,0,0,0,0,0,0,0,0,0,0,0,0,0,0,0,0,0,0,0,0,12,0,32,0,0,0,0,0,49,0,224,0,427,0,0,0,17,0,561,0,0,0,4,0,7,0,36,0,10,0,1,0,0,0,0,0,0,0,0,0,0,0,10,0,0,1,0,0,60,0,2,0,6,27,0,0,0,0,0,0,3,0,0,1,0,0,0,0,0,0,0,0,0,0,61,0,264,0,0,0,0,0,0,0,135,0,107,174,66,0,35,0,0,1,30,0,21,0,0,0,0
130,68,178,260,169,159,0,21,0,0,94,71,3,3,155,110,25,204,0,94,35,213,238,0,32,64,0,79,0,73,0,43,0,48,0,36,0,19,0,47,0,1,0,0,0,0,0,16,0,0,0,0,0,5,0,19,0,0,0,0,0,0,4,60,0,0,0,0,0,0,0,0,0,0,0,0,0,0,0,0,0,125,0,0,0,445,0,0,0,0,0,0,0,0,0,54,0,250,0,240,0,67,0,0,0,0,0,79,0,0,0,0,0,0,0,0,0,0,0,0,0,0,0,0,0,0,0,38,0,0,0,0,0,0,0,443,0,211,0,64,0,123,0,387,0,5,0,0,0,0,0,0,0,0,0,1,0,0,0,0,0,0,0,1,0,0,0,5,0,0,0,0,0,11,0,0,6,20,0,44,0,0,0,4,0,0,0,0,0,0,0,0,0,0,0,0,0,0,0,0,0,41,0,0,0,0,0,0,0,0,0,3,0,0,16,0,0,0,77,516,43,0,0,0,0
0,359,72,42,1,0,279,123,0,30,0,1,0,0,22,24,171,40,0,0,14,0,34,32,0,149,0,0,98,35,0,0,0,0,0,0,0,6,26,57,0,0,0,0,0,0,0,0,6,0,0,0,43,1,374,2,12,0,0,0,78,17,156,0,0,0,0,0,0,0,0,0,0,0,0,0,0,0,0,0,0,0,0,0,195,0,11,0,0,0,0,0,0,0,0,0,312,0,0,0,0,0,0,0,0,0,0,0,0,0,0,0,0,0,0,0,0,0,0,0,0,0,0,0,0,0,40,0,49,0,0,0,54,0,173,0,463,0,87,0,40,0,659,0,0,0,0,0,0,0,0,0,0,0,13,0,0,0,14,0,0,0,0,0,0,0,0,0,0,0,2,0,103,0,0,0,6,16,0,0,0,0,0,2,0,0,0,0,0,0,0,0,0,0,0,0,0,0,0,0,148,0,0,0,0,0,0,0,84,0,122,168,88,0,92,0,0,0,7,0,0,0,0,0,0
273,6,62,20,0,0,116,319,111,5,0,0,0,0,2,36,13,104,0,0,0,13,47,64,149,0,0,7,0,209,0,4,1,0,0,0,0,0,9,75,0,0,0,0,0,0,0,0,0,0,0,0,6,10,28,100,0,25,0,0,36,60,92,32,0,0,0,0,0,0,0,0,0,0,0,0,0,0,0,0,0,0,0,0,0,130,0,0,0,0,0,0,0,0,0,0,0,202,0,0,0,0,0,0,0,0,0,0,0,0,0,0,0,0,0,0,0,0,0,0,0,0,0,0,0,4,0,0,0,28,0,0,0,113,0,422,0,373,0,133,0,48,0,135,0,1,0,0,0,0,0,0,0,0,0,13,0,0,0,0,0,0,0,0,0,0,0,0,0,7,0,9,0,59,0,0,11,12,0,0,0,0,19,12,0,0,0,0,0,0,0,0,0,0,0,0,0,0,0,0,0,106,0,0,0,0,0,0,0,0,0,0,0,0,179,0,0,0,279,372,208,42,0,2,0
53,0,36,0,380,0,0,0,30,0,147,0,240,407,158,0,102,0,170,216,364,22,84,0,0,0,0,619,14,0,43,0,16,0,31,5,28,0,0,0,32,126,230,43,287,135,114,346,78,66,280,0,0,0,0,1,0,0,0,1,0,0,0,0,0,0,0,0,0,0,0,0,0,0,0,0,0,0,0,0,0,1,0,0,0,0,0,0,0,0,0,0,0,0,0,0,0,0,0,2,16,0,0,0,0,0,0,0,0,0,0,0,0,0,0,0,0,0,0,0,0,0,0,0,0,0,0,0,0,0,0,0,0,0,57,0,0,0,0,0,0,0,0,0,0,0,0,0,78,0,44,0,40,0,0,0,0,0,0,0,6,0,0,0,137,0,0,3,87,0,0,0,10,2,0,0,23,56,28,0,0,0,53,0,74,0,18,11,0,0,0,0,0,0,0,0,0,0,0,0,0,0,0,0,0,0,0,0,0,0,65,301,271,0,21,0,0,34,0,29,0,0,0,0,0
0,46,0,0,95,293,0,0,0,0,7,132,517,147,43,181,0,0,296,403,36,313,0,79,0,7,619,0,0,4,0,6,0,0,35,16,0,29,0,0,412,9,47,199,167,326,303,137,19,33,91,292,0,0,0,0,0,0,0,0,0,0,0,0,0,0,0,0,0,10,0,7,0,0,0,0,0,0,0,0,0,241,0,0,0,0,0,0,0,0,0,0,0,0,1,0,0,0,0,0,0,0,0,0,0,0,0,0,0,0,0,0,0,0,0,0,0,0,0,0,0,94,0,0,0,0,0,0,0,0,0,0,0,0,0,0,0,107,0,0,0,0,0,0,0,0,0,0,0,0,0,33,0,0,0,0,0,0,0,0,0,0,0,0,0,39,0,10,0,0,0,6,0,0,0,0,0,90,0,12,0,0,0,0,0,0,46,15,0,0,0,0,0,0,0,0,0,0,0,0,0,0,0,0,0,0,0,0,0,0,0,0,0,0,0,0,0,0,0,368,256,0,0,0,25
144,0,349,0,0,0,20,3,0,0,18,0,0,0,0,0,141,0,0,0,45,0,86,0,98,0,14,0,0,0,14,0,15,0,7,0,5,1,3,0,0,0,4,0,7,0,0,0,0,0,0,0,0,0,0,0,0,0,0,0,8,0,14,0,0,0,0,0,0,0,93,0,13,0,83,0,0,0,0,0,162,0,0,0,118,0,0,0,0,0,0,0,0,0,0,0,0,0,0,0,0,0,0,0,0,0,0,0,0,0,0,0,0,0,0,0,0,0,0,0,139,0,40,0,0,0,0,0,0,0,0,0,0,0,0,0,0,0,57,0,141,0,127,0,105,0,0,0,0,0,5,0,0,0,0,0,11,0,0,0,0,0,0,0,0,0,0,0,0,0,0,0,0,0,0,0,4,1,0,0,0,0,0,0,0,0,0,0,0,0,0,0,0,0,0,0,0,0,0,0,0,0,0,0,0,0,0,0,0,0,31,25,4,0,0,0,0,0,0,1,2,0,0,0,0
59,120,40,80,10,0,14,163,7,0,0,14,0,0,0,7,7,247,0,0,0,47,24,73,35,209,0,4,0,0,0,13,0,25,0,5,0,4,0,55,0,0,0,0,0,0,0,0,0,0,0,0,0,2,0,19,0,0,0,5,1,56,6,28,0,0,0,1,0,0,0,0,0,0,0,0,0,0,0,0,0,0,0,0,0,21,0,0,0,0,0,0,0,0,0,0,0,0,0,0,0,0,0,0,0,0,0,0,0,0,0,0,0,0,0,0,0,0,0,0,0,0,0,3,0,0,0,0,0,0,0,0,0,0,0,61,0,91,0,189,0,223,0,116,0,26,0,0,0,0,0,0,0,0,0,8,0,12,0,10,0,2,0,0,0,0,0,0,0,0,0,0,0,1,0,0,4,22,0,21,0,0,0,25,0,0,0,0,0,0,0,0,0,0,0,0,0,0,0,0,0,0,0,0,0,0,0,0,0,0,0,0,0,0,0,0,0,0,6,126,5,0,0,0,0
1,0,101,0,77,0,0,0,0,0,0,0,4,0,54,0,88,0,9,0,102,5,51,0,0,0,43,0,14,0,0,0,20,0,18,0,14,0,3,0,0,0,41,0,18,3,0,0,0,0,63,0,0,0,0,0,0,0,0,0,3,0,4,0,0,0,0,0,0,0,40,0,0,0,0,0,0,0,0,0,0,0,0,0,0,0,41,0,0,0,0,0,0,0,0,0,0,0,0,0,0,0,0,0,0,0,0,0,0,0,0,0,0,0,0,0,0,0,0,0,0,0,0,0,0,0,0,0,0,0,0,0,0,0,0,0,12,0,0,0,0,0,0,0,27,0,0,0,0,0,0,0,0,0,0,0,1,0,0,0,0,0,19,0,7,0,18,0,0,0,0,0,0,0,0,0,0,0,7,0,0,0,0,0,0,0,0,1,0,0,0,0,0,0,0,0,0,0,0,0,0,0,0,0,0,0,0,0,0,0,0,35,21,0,0,0,0,0,0,0,3,0,0,0,0
0,19,0,89,0,113,0,0,0,0,7,43,0,3,0,83,0,78,0,12,0,68,19,43,0,4,0,6,0,13,0,0,0,3,0,39,0,4,0,2,0,0,0,20,0,0,0,0,0,0,0,24,0,0,0,0,0,0,0,0,0,0,0,8,0,0,0,0,0,0,0,2,0,0,0,0,0,0,0,0,0,0,0,0,0,0,0,0,0,0,0,0,0,0,0,0,0,0,0,0,0,0,0,1,0,0,0,0,0,0,0,0,0,0,0,0,0,0,0,0,0,0,0,4,0,0,0,0,0,3,0,0,0,0,0,0,0,0,0,43,0,107,0,0,0,0,0,0,0,0,0,0,0,0,0,0,0,7,0,0,0,0,0,2,0,0,0,9,0,0,0,3,0,3,0,0,0,9,1,12,0,0,0,0,0,0,0,0,0,0,0,0,0,0,0,0,0,0,0,0,0,0,0,0,0,0,0,0,0,0,0,0,0,0,9,0,0,0,52,64,0,0,0,0,0
22,1,252,0,245,24,0,0,0,0,173,0,0,3,82,34,75,0,4,9,49,0,50,0,0,1,16,0,15,0,20,0,0,0,18,0,37,0,0,0,0,0,11,0,23,0,0,0,0,0,25,0,0,0,0,0,3,0,0,0,7,0,0,0,0,0,0,0,0,0,25,0,0,0,0,0,0,0,0,0,31,0,0,0,33,0,0,0,0,0,0,0,0,0,0,0,0,0,54,0,0,0,0,0,0,0,0,0,1,0,0,0,0,0,0,0,0,0,0,0,0,0,0,0,0,0,0,0,1,0,0,0,0,0,0,0,0,0,0,0,8,0,37,0,7,0,0,0,0,0,0,0,0,0,0,0,1,0,0,0,0,0,5,0,0,0,8,0,0,0,0,0,5,0,0,0,4,6,4,0,0,0,0,0,6,0,0,0,0,0,0,0,0,0,0,0,0,0,0,0,0,0,0,0,0,0,0,0,0,0,44,84,19,7,0,0,0,0,0,0,0,0,0,0,0
0,87,0,194,57,485,0,0,0,0,0,146,0,3,70,102,4,56,0,5,17,48,41,48,0,0,0,0,0,25,0,3,0,0,0,8,0,212,0,1,0,0,0,0,0,2,0,0,0,0,0,6,0,3,0,0,0,0,0,2,0,4,0,0,0,0,0,0,0,0,0,0,0,0,0,0,0,0,0,0,0,8,0,0,0,0,0,0,0,0,0,0,0,0,0,0,0,0,0,0,0,0,0,0,0,0,0,0,0,0,0,0,0,0,0,0,0,0,0,0,0,0,0,0,0,0,0,0,0,0,0,0,0,0,0,35,0,0,0,0,0,44,0,24,0,0,0,0,0,0,0,0,0,0,0,0,0,7,0,0,0,0,0,0,0,0,0,71,0,5,0,0,0,16,0,0,2,56,0,80,0,0,0,0,0,3,0,0,0,0,0,0,0,0,0,0,0,0,0,0,0,0,0,0,0,0,0,0,0,0,0,0,0,0,0,0,0,0,75,203,23,7,0,0,0
0,0,0,0,119,0,0,0,0,0,21,0,87,43,65,0,45,0,147,62,89,0,0,0,0,0,31,35,7,0,18,0,18,0,0,0,139,0,0,0,0,0,11,3,5,9,0,0,0,0,56,0,0,0,0,0,0,0,0,0,3,0,0,0,0,1,0,0,0,0,57,0,0,0,0,1,0,0,0,0,0,0,0,0,0,0,0,0,0,0,0,0,0,0,0,0,0,0,0,0,0,0,0,0,0,0,0,0,0,0,0,0,0,0,0,0,0,0,0,0,0,0,0,0,0,0,0,0,0,0,0,0,0,0,0,0,0,0,0,0,0,0,0,0,0,0,0,0,0,0,0,0,10,0,1,0,0,0,0,0,0,0,8,0,38,0,56,0,65,0,0,0,28,0,0,0,0,15,21,0,0,0,0,0,0,0,0,0,0,0,0,0,0,0,0,0,0,0,0,0,0,0,0,0,0,0,0,0,0,0,88,162,104,0,25,0,1,0,0,0,0,0,0,0,0
0,0,0,3,45,156,0,0,0,0,0,40,38,44,48,81,0,8,58,185,0,152,0,36,0,0,5,16,0,5,0,39,0,8,0,0,5,229,0,1,0,0,0,17,0,10,0,0,0,0,0,28,0,0,0,0,0,0,0,0,0,3,0,0,0,0,0,0,0,0,0,0,0,0,0,0,0,0,0,0,0,143,0,0,0,136,0,0,0,0,0,0,0,0,0,0,0,0,0,116,0,0,0,0,0,0,0,0,0,0,0,0,0,0,0,0,0,0,0,0,0,0,0,0,0,0,0,0,0,0,0,0,0,0,0,0,0,0,0,40,0,148,0,180,0,83,0,0,0,0,0,0,0,0,0,1,0,10,0,0,0,0,0,0,0,10,0,50,0,38,0,0,0,0,0,0,0,47,0,7,0,0,0,0,0,0,0,20,0,0,0,0,0,0,0,0,0,0,0,0,0,0,0,0,0,0,0,0,0,0,0,0,0,0,17,0,0,0,59,100,91,18,0,0,0
18,0,56,0,248,47,0,0,0,0,137,0,36,14,167,51,11,0,125,21,16,12,8,0,0,0,28,0,5,0,14,0,37,0,139,5,0,0,26,0,0,0,19,0,48,0,0,3,1,0,50,0,0,0,0,0,4,0,7,0,52,0,3,0,0,0,2,0,0,0,112,0,17,0,97,0,0,0,0,0,100,0,0,0,0,0,77,0,0,0,0,0,0,0,0,0,0,0,101,0,10,0,0,0,0,0,0,0,0,0,0,0,0,0,0,0,0,0,0,0,76,0,23,0,0,0,0,0,0,0,0,0,0,0,0,0,0,0,50,0,94,0,47,0,127,0,0,0,0,0,0,0,0,0,0,0,29,0,0,0,3,0,54,0,13,0,48,0,39,0,40,0,48,0,0,0,8,0,10,0,8,0,0,0,19,0,0,0,1,0,0,0,0,0,0,0,0,0,0,0,0,0,0,0,0,0,0,0,0,0,46,118,61,16,26,0,0,0,0,0,12,0,0,0,0
2,45,0,29,0,259,0,6,0,0,0,95,90,41,95,86,0,0,109,191,0,46,14,19,6,0,0,29,1,4,0,4,0,212,0,229,0,0,0,7,0,0,8,38,0,21,0,0,0,0,0,125,0,3,0,4,0,0,0,0,0,15,0,0,0,0,0,0,0,0,0,0,0,0,0,0,0,0,0,0,0,0,0,0,0,137,0,0,0,0,0,0,0,0,0,0,0,0,0,93,0,17,0,0,0,0,0,0,0,0,0,0,0,0,0,0,0,0,0,0,0,91,0,22,0,0,0,0,0,0,0,0,0,0,0,0,0,48,0,118,0,331,0,192,0,227,0,0,0,0,0,0,0,87,0,0,0,71,0,0,0,0,0,0,0,8,0,30,0,45,0,20,0,33,0,0,4,113,0,30,0,0,0,8,0,0,0,7,0,0,0,0,0,0,0,13,0,0,0,0,0,0,0,0,0,0,0,0,0,0,0,0,0,0,0,0,0,0,0,108,41,14,9,0,0
218,10,284,0,129,0,0,0,0,0,152,0,0,0,4,7,32,0,0,0,0,0,74,0,26,9,0,0,3,0,3,0,0,0,0,0,26,0,0,0,0,0,1,0,3,0,0,0,0,0,1,0,11,0,0,0,0,0,0,0,19,0,2,0,0,0,0,0,0,0,0,0,0,0,0,0,0,0,0,0,0,0,0,0,0,0,0,0,0,0,0,0,0,0,0,0,0,0,4,0,0,0,0,0,0,0,0,0,0,0,0,0,0,0,0,0,0,0,0,0,0,0,0,0,0,0,2,0,0,0,0,0,0,0,0,0,0,0,57,0,0,0,0,0,0,0,0,0,0,0,0,0,0,0,18,0,79,0,0,0,0,0,0,0,0,0,11,0,0,0,13,0,46,0,0,0,7,7,6,0,0,0,0,0,0,0,0,0,0,0,0,0,0,0,0,0,0,0,0,0,0,0,0,0,0,0,0,0,0,0,54,89,10,7,7,0,0,0,0,0,0,0,0,0,0
55,141,54,79,5,0,21,105,0,9,0,0,0,0,0,0,2,126,0,0,0,2,23,47,57,75,0,0,0,55,0,2,0,1,0,1,0,7,0,0,0,0,0,0,0,0,0,0,0,0,0,0,0,0,0,0,0,0,0,0,0,4,3,28,0,0,0,1,0,0,0,0,0,0,0,0,0,0,0,0,0,0,0,0,0,0,0,0,0,0,0,0,0,0,0,0,0,0,0,0,0,0,0,0,0,0,0,0,0,0,0,0,0,0,0,0,0,0,0,0,0,0,0,0,0,0,0,0,0,0,0,0,0,0,0,0,0,0,0,0,0,0,0,0,0,24,0,0,0,0,0,0,0,6,0,0,0,40,0,0,0,0,0,0,0,0,0,0,0,0,0,0,1,25,0,0,0,34,0,27,0,0,2,30,0,0,0,0,0,0,0,0,0,0,0,0,0,0,0,0,0,0,0,0,0,0,0,0,0,0,0,0,0,0,0,0,0,0,16,237,0,2,0,0,0
25,0,0,0,159,0,0,0,0,0,128,0,340,261,7,0,0,0,49,0,0,0,0,0,0,0,32,412,0,0,0,0,0,0,0,0,0,0,0,0,0,111,79,0,82,78,146,254,125,39,27,0,0,0,0,0,0,0,0,0,0,0,0,0,0,0,0,0,0,0,0,0,0,0,0,0,0,0,0,0,0,1,0,0,0,0,5,0,0,0,0,0,0,0,15,0,0,0,0,0,0,0,0,0,0,0,0,0,0,0,0,0,0,0,0,0,0,0,0,0,0,0,0,0,0,0,0,0,0,0,0,0,0,0,0,0,0,0,0,0,0,0,0,0,0,0,0,0,0,0,0,0,26,0,0,0,0,0,0,0,0,0,0,0,0,0,0,0,0,0,0,0,0,0,0,0,87,99,67,0,20,0,16,0,17,0,35,4,0,0,0,0,0,0,0,0,0,0,0,0,0,0,0,0,0,0,0,0,5,0,0,94,48,6,0,0,0,13,0,12,0,0,0,0,0
0,34,0,12,0,104,0,0,0,0,0,129,48,250,0,0,0,0,47,26,5,0,0,1,0,0,126,9,0,0,0,0,0,0,0,0,0,0,0,0,111,0,14,7,114,10,171,85,40,214,12,0,0,0,0,0,0,0,0,1,0,0,0,0,0,0,0,0,0,0,0,0,0,0,0,0,0,0,0,0,0,0,0,0,0,0,0,0,0,0,0,0,0,0,0,0,0,0,0,0,0,0,0,1,0,0,0,0,0,0,0,0,0,0,0,0,0,0,0,0,0,0,0,0,0,0,0,0,0,0,0,0,0,0,0,0,0,0,0,0,0,0,0,0,0,0,0,0,0,0,0,0,0,0,0,0,0,0,0,0,0,0,0,0,2,0,0,0,0,0,0,0,0,0,0,0,0,137,0,16,0,4,0,0,0,0,32,28,0,0,0,0,0,0,0,0,0,0,0,0,0,0,0,0,0,0,0,0,0,0,0,0,0,0,0,0,0,0,0,105,20,0,0,0,12
0,0,0,0,9,24,1,0,0,0,0,0,78,32,2,0,13,0,41,36,31,0,0,0,0,0,230,47,4,0,41,0,11,0,11,0,19,8,1,0,79,14,0,0,171,0,80,28,36,0,54,6,0,0,0,0,0,0,2,0,0,0,0,0,0,0,0,0,0,0,14,0,0,0,0,0,0,0,0,0,0,0,0,0,0,0,0,0,0,0,0,0,4,0,0,0,0,0,0,0,0,0,0,0,0,0,0,0,0,0,0,0,0,0,0,0,0,0,0,0,0,0,0,0,0,0,0,0,0,0,0,0,0,0,0,0,0,0,0,0,0,0,0,0,0,0,0,0,0,0,0,0,0,0,0,0,0,0,0,0,0,0,0,0,37,2,6,0,0,0,0,0,7,0,0,0,0,8,14,0,0,0,0,0,0,0,47,2,0,0,0,0,0,0,0,0,0,0,0,0,0,0,0,0,0,0,0,0,0,0,0,91,85,5,9,0,2,16,0,0,0,0,0,0,0
0,0,0,0,14,42,0,0,0,1,0,11,47,123,12,8,0,1,45,157,2,51,0,0,0,0,43,199,0,0,0,20,0,0,3,17,0,38,0,0,0,7,0,0,0,211,0,40,0,25,0,107,0,0,0,0,0,0,0,1,0,0,0,0,0,0,0,0,0,3,0,0,0,0,0,0,0,0,0,0,0,0,0,19,0,49,0,0,0,0,0,0,0,0,0,17,0,0,0,0,0,4,0,7,0,0,0,0,0,0,0,0,0,0,0,0,0,0,0,0,0,24,0,0,0,0,0,0,0,0,0,0,0,0,0,0,0,0,0,34,0,66,0,0,0,34,0,0,0,0,0,0,0,0,0,0,0,7,0,0,0,0,0,0,0,38,0,5,0,16,0,4,0,0,0,0,0,11,0,0,0,0,0,0,0,0,0,46,0,0,0,0,0,0,0,0,0,0,0,0,0,0,0,0,0,0,0,0,0,0,0,0,0,0,0,0,0,0,12,201,111,0,2,0,15
0,0,0,0,4,0,0,0,0,0,9,0,103,112,0,0,40,0,0,0,49,0,24,0,0,0,287,167,7,0,18,0,23,0,5,0,48,0,3,0,82,114,171,0,0,77,178,204,231,73,107,2,0,0,0,0,0,0,3,0,0,0,0,0,0,0,0,0,9,0,34,0,0,0,0,0,2,0,0,0,69,0,0,0,36,0,0,0,0,0,0,0,43,0,0,0,0,0,0,0,0,0,13,0,0,0,0,0,1,0,0,0,0,0,0,0,0,0,0,0,0,0,0,0,0,0,0,0,2,0,1,0,0,0,0,0,0,0,0,0,0,0,0,0,0,0,0,0,0,0,0,0,0,0,0,0,0,0,0,0,4,0,0,0,180,0,11,0,40,0,0,0,0,0,0,0,38,52,51,0,13,0,12,0,6,0,27,0,0,0,0,0,0,0,13,0,0,0,13,0,0,0,0,0,0,0,0,0,0,0,0,117,105,7,16,0,0,143,0,8,0,0,0,0,0
0,0,0,0,0,0,0,0,0,0,0,0,67,70,0,20,0,0,44,65,4,88,0,0,0,0,135,326,0,0,3,0,0,2,9,10,0,21,0,0,78,10,0,211,77,0,111,290,45,163,0,141,0,0,0,0,0,0,0,0,0,0,0,0,0,0,0,0,0,3,0,0,0,0,0,0,0,15,0,0,0,0,0,85,0,0,0,0,0,0,0,0,0,11,0,51,0,0,0,0,0,23,0,0,0,0,0,0,0,0,0,0,0,0,0,0,0,0,0,0,0,21,0,0,0,0,0,0,0,0,0,0,0,0,0,0,0,0,0,0,0,0,0,0,0,39,2,0,0,0,0,0,0,0,0,0,0,0,0,0,0,0,0,0,1,122,0,0,0,72,0,0,0,5,0,0,0,22,0,0,0,0,0,0,0,0,8,6,0,0,0,0,0,0,0,0,0,0,0,0,0,14,0,0,0,0,0,0,0,0,0,0,0,0,0,0,0,0,0,233,133,0,0,0,109
0,0,0,0,58,0,0,0,4,0,62,0,130,189,6,0,0,0,10,24,8,0,0,0,0,0,114,303,0,0,0,0,0,0,0,0,0,0,0,0,146,171,80,0,178,111,0,353,182,88,32,0,0,0,0,0,0,0,0,0,0,0,0,0,0,0,0,0,0,0,0,0,0,0,0,0,0,0,0,0,0,0,6,0,0,0,0,0,0,0,0,0,0,0,15,0,53,0,0,0,0,0,0,0,0,0,0,0,0,0,0,0,0,0,0,0,0,0,0,0,0,0,0,0,0,0,0,0,0,0,0,0,0,0,0,0,0,0,0,0,0,0,0,0,0,0,0,0,0,0,0,0,0,1,0,0,0,0,0,0,0,0,0,0,99,0,3,0,32,0,0,0,0,0,0,0,34,95,51,0,0,0,17,0,0,0,116,6,0,0,0,0,0,0,17,0,1,0,0,0,26,0,0,0,0,0,0,0,0,0,0,128,97,0,0,0,0,82,0,28,0,0,0,0,2
0,73,0,0,35,183,0,0,0,0,0,122,178,275,0,47,0,0,139,178,18,9,0,16,0,0,346,137,0,0,0,0,0,0,0,0,3,0,0,0,254,85,28,40,204,290,353,0,56,177,45,48,0,1,0,0,0,0,0,0,0,0,0,0,0,11,0,0,0,0,0,0,0,0,0,0,0,11,0,0,0,0,0,0,0,0,0,0,0,0,0,0,0,17,0,0,0,0,0,0,0,0,0,0,0,0,0,0,0,1,0,0,0,0,0,0,0,0,0,0,0,0,0,0,0,0,0,0,0,0,0,0,0,0,0,0,0,0,0,0,0,0,0,101,0,0,0,0,0,0,0,0,0,0,0,0,0,7,0,0,0,0,0,0,0,100,0,0,0,0,0,0,0,0,0,0,0,162,0,7,0,0,0,0,0,0,47,49,0,0,0,0,0,0,0,0,0,0,0,0,0,0,0,0,0,0,0,0,0,82,0,0,0,0,0,0,0,1,0,342,115,0,0,2,68
15,0,12,0,8,0,50,0,9,0,5,0,49,0,0,0,0,0,3,0,6,0,3,0,6,0,78,19,0,0,0,0,0,0,0,0,1,0,0,0,125,40,36,0,231,45,182,56,0,106,5,0,11,0,31,0,18,0,23,0,0,0,1,0,0,0,0,0,15,0,0,0,0,0,0,0,1,0,10,0,0,0,30,0,10,0,10,0,12,0,17,0,94,0,24,0,0,0,0,0,8,0,26,0,0,0,32,0,0,0,0,0,0,0,0,0,0,0,0,0,0,0,0,0,3,0,0,0,0,0,0,0,0,0,0,0,0,0,2,0,3,0,0,0,0,0,0,0,0,0,0,0,0,2,2,0,0,0,0,0,16,0,1,0,83,0,2,0,8,0,6,1,5,0,2,0,63,30,12,0,0,0,3,0,0,0,140,0,23,0,0,0,0,0,11,0,0,0,0,0,32,0,0,0,85,0,0,0,0,0,29,77,98,6,92,4,13,19,0,16,2,0,0,0,2
0,0,0,0,0,0,0,0,0,1,0,15,0,73,0,0,0,0,0,0,0,0,0,0,0,0,66,33,0,0,0,0,0,0,0,0,0,0,0,0,39,214,0,25,73,163,88,177,106,0,0,9,0,0,0,2,0,3,0,0,0,0,0,0,0,0,0,1,0,0,0,0,0,0,1,0,0,3,0,0,0,26,0,18,0,42,0,0,0,0,0,1,0,14,0,0,0,0,0,28,0,0,0,6,0,0,0,0,0,0,0,1,0,2,0,0,0,0,0,0,0,8,0,0,0,2,0,0,0,1,0,0,0,6,0,0,0,5,0,0,0,3,0,0,0,0,0,0,0,0,0,0,0,0,0,2,0,0,0,1,0,5,0,2,1,101,0,1,0,0,0,3,0,0,0,0,0,130,0,3,0,0,0,0,0,0,15,58,0,0,0,0,0,0,0,3,0,0,0,0,0,2,0,4,0,0,0,0,0,0,0,0,0,0,3,0,0,4,4,48,52,2,0,0,25
0,0,0,0,134,65,0,0,0,0,65,0,199,86,24,0,5,0,368,100,41,11,0,0,0,0,280,91,0,0,63,0,25,0,56,0,50,0,1,0,27,12,54,0,107,0,32,45,5,0,0,0,0,0,0,0,0,0,0,0,0,0,2,0,0,0,0,0,0,0,9,0,0,0,0,0,0,0,0,0,8,0,2,0,23,0,0,0,0,0,0,0,4,0,18,0,0,0,0,0,0,0,0,0,0,0,0,0,0,0,0,0,0,0,0,0,0,0,0,0,0,0,0,0,0,0,0,0,0,0,0,0,0,0,0,0,0,0,0,0,0,0,0,0,2,0,0,0,0,0,0,0,0,0,0,0,0,0,0,0,0,0,0,0,81,0,21,7,77,0,0,0,10,0,0,0,28,29,30,0,0,0,56,0,20,0,81,0,0,0,0,0,2,0,5,0,0,0,0,0,0,0,0,0,0,0,0,0,0,0,116,146,151,45,35,0,2,4,0,10,0,0,0,0,0
0,12,0,0,32,97,0,0,0,0,0,33,56,239,19,8,0,0,64,361,8,30,0,0,0,0,0,292,0,0,0,24,0,6,0,28,0,125,0,0,0,0,6,107,2,141,0,48,0,9,0,0,0,0,0,0,0,0,0,0,0,0,0,0,0,0,0,0,0,2,0,30,0,0,0,0,0,0,0,12,0,146,0,53,0,0,0,43,0,0,0,0,0,0,0,45,0,0,0,104,0,0,0,13,0,21,0,0,0,0,0,0,0,3,0,0,0,0,0,0,0,61,0,15,0,0,0,0,0,0,0,0,0,0,0,43,0,0,0,0,0,47,0,0,0,60,0,0,0,0,0,0,0,0,0,0,0,0,0,0,0,0,0,5,0,21,0,24,0,85,0,11,0,46,0,0,0,49,0,6,0,19,0,0,0,0,0,78,0,24,0,0,0,0,0,39,0,0,0,0,0,0,0,0,0,0,0,0,0,0,0,0,0,0,43,0,0,0,64,151,114,44,14,3,5
4,0,4,0,1,0,53,0,16,79,0,0,0,0,0,0,16,0,0,0,8,0,0,0,43,6,0,0,0,0,0,0,0,0,0,0,0,0,11,0,0,0,0,0,0,0,0,0,11,0,0,0,0,6,116,80,102,0,32,38,23,0,23,7,5,3,4,81,0,0,0,0,0,0,0,0,0,0,0,0,0,0,0,0,104,1,0,0,0,0,0,0,0,0,0,0,121,0,25,0,0,0,0,0,0,0,0,0,0,0,0,0,0,0,0,0,0,0,0,0,0,0,35,0,0,0,8,0,86,0,39,0,0,0,0,0,181,0,420,0,118,0,202,0,29,0,0,0,0,0,0,0,0,0,188,0,97,0,181,0,26,0,18,0,4,0,2,0,10,0,150,0,4,0,0,0,46,0,0,0,0,0,5,0,4,0,0,0,0,0,0,0,0,0,0,0,0,0,0,0,9,0,0,0,0,0,0,0,9,0,133,368,177,141,118,0,13,0,0,0,0,0,0,0,0
0,1,0,0,0,0,5,0,29,47,0,6,0,0,0,3,0,15,0,0,0,1,0,5,1,10,0,0,0,2,0,0,0,3,0,0,0,3,0,0,0,0,0,0,0,0,0,1,0,0,0,0,6,0,24,81,0,35,33,15,0,17,2,46,0,0,18,3,0,0,0,0,0,1,0,0,0,0,0,0,0,0,0,0,0,11,0,0,0,0,0,0,0,0,0,0,0,12,0,6,0,0,0,0,0,0,0,0,0,0,0,0,0,0,0,0,0,0,0,0,0,0,0,0,0,0,0,25,0,49,0,0,0,36,0,76,0,132,0,208,0,85,0,41,0,60,0,0,0,0,0,0,0,0,1,108,0,58,0,148,0,18,0,0,0,0,0,0,0,0,0,23,0,6,0,0,2,18,0,0,0,0,0,2,0,24,0,0,0,0,0,0,0,0,0,0,0,0,0,0,0,8,0,0,0,0,0,0,0,0,0,0,0,0,67,0,0,0,61,34,25,74,18,14,0
0,46,87,0,0,0,153,75,10,339,0,0,0,0,55,0,26,6,0,0,0,0,188,0,374,28,0,0,0,0,0,0,0,0,0,0,0,0,0,0,0,0,0,0,0,0,0,0,31,0,0,0,116,24,0,152,71,0,59,30,17,0,58,34,24,0,7,130,0,0,0,0,0,0,0,0,0,0,0,0,0,0,0,0,27,0,0,0,0,0,0,0,0,0,0,0,46,0,0,0,0,0,0,0,0,0,0,0,0,0,0,0,0,0,0,0,0,0,0,0,0,0,0,0,16,0,0,0,83,0,100,0,60,0,87,0,368,0,21,0,16,0,209,0,0,0,0,0,15,0,0,0,0,0,29,0,10,0,17,0,33,0,0,0,3,0,6,0,15,0,153,0,41,0,0,0,19,9,0,0,0,0,0,0,0,0,0,0,0,0,0,0,0,0,2,0,0,0,0,0,0,0,0,0,0,0,0,0,0,0,425,300,357,419,392,0,56,0,0,0,0,0,0,0,0
3,6,0,65,1,0,38,120,324,60,0,12,0,4,0,56,0,18,0,0,0,14,0,19,2,100,1,0,0,19,0,0,0,0,0,0,0,4,0,0,0,0,0,0,0,0,0,0,0,2,0,0,80,81,152,0,0,65,118,29,5,79,48,188,0,2,75,4,0,0,0,0,0,0,0,0,0,1,0,0,0,0,0,0,0,6,0,0,0,0,0,0,0,0,0,0,0,0,0,0,0,0,0,0,0,0,0,0,0,0,0,0,0,0,0,0,0,0,0,0,0,0,0,0,0,17,0,34,0,92,0,26,0,78,0,155,0,167,0,98,0,25,5,16,0,8,0,0,0,0,1,7,0,0,6,79,0,39,0,39,0,14,0,0,0,8,0,0,0,42,0,320,2,135,0,0,15,11,0,0,0,0,0,10,0,4,0,0,0,0,0,0,0,0,0,0,0,0,0,0,0,0,0,0,0,0,0,0,0,59,0,0,0,0,766,0,0,1,810,168,452,629,155,126,12
0,0,3,0,0,0,35,0,14,12,0,0,0,0,0,0,0,2,0,0,0,0,1,0,12,0,0,0,0,0,0,0,3,0,0,0,4,0,0,0,0,0,0,0,0,0,0,0,18,0,0,0,102,0,71,0,0,0,139,19,4,0,0,2,11,32,13,50,0,0,0,0,0,0,0,0,0,0,0,0,0,0,0,0,1,0,0,0,0,0,0,0,0,0,0,0,0,0,0,0,0,0,0,0,0,0,0,0,0,0,0,0,0,0,0,0,0,0,0,0,0,0,0,0,22,0,8,0,43,0,126,0,16,0,0,0,51,0,13,2,3,0,0,0,1,3,0,0,7,0,5,0,0,0,61,19,0,0,59,10,96,0,110,0,0,0,5,0,19,0,123,0,3,0,0,0,6,0,0,0,0,0,0,0,0,10,0,0,0,0,0,0,0,0,0,0,0,0,0,0,0,0,0,0,0,0,0,0,10,0,283,131,504,732,503,5,50,1,0,0,0,0,0,0,0
0,1,0,1,0,0,0,13,0,6,0,2,0,0,0,0,0,34,0,0,0,0,0,0,0,25,0,0,0,0,0,0,0,0,0,0,0,0,0,0,0,0,0,0,0,0,0,0,0,3,0,0,0,35,0,65,0,0,26,72,0,6,0,11,4,0,20,5,0,0,0,0,0,0,0,0,0,0,0,0,0,0,0,0,0,0,0,0,0,1,1,0,0,0,0,0,0,0,0,0,0,0,0,0,0,0,0,6,0,0,0,0,0,0,0,0,0,0,0,0,0,0,0,0,0,2,0,0,0,95,0,18,0,43,0,49,0,69,0,67,0,0,0,10,0,7,0,0,0,0,0,0,0,0,8,72,0,14,2,102,0,25,0,27,0,5,0,0,0,35,0,321,0,12,0,1,1,1,0,0,0,0,0,0,0,4,0,0,0,0,0,0,0,0,0,0,0,0,0,0,0,0,0,0,0,0,0,0,0,11,0,0,1,0,161,0,0,0,254,51,267,271,80,0,0
8,0,9,0,0,0,16,0,72,127,2,0,2,0,0,0,4,1,0,0,35,0,0,0,0,0,0,0,0,0,0,0,0,0,0,0,7,0,0,0,0,0,2,0,3,0,0,0,23,0,0,0,32,33,59,118,139,26,0,217,5,0,0,17,215,76,49,503,3,0,0,0,0,0,0,0,2,0,0,0,0,0,0,0,0,0,0,0,0,0,0,0,0,0,0,0,0,0,0,0,0,0,0,0,0,0,0,0,0,0,0,0,0,0,0,0,0,0,0,0,0,0,0,0,40,0,26,0,22,0,160,0,23,0,30,0,61,0,0,0,0,0,0,0,1,1,0,0,27,0,0,0,0,0,20,36,22,2,8,11,83,0,34,0,2,0,0,0,21,0,73,0,0,0,0,0,112,3,0,0,0,0,0,0,45,28,0,0,0,0,0,0,0,0,0,0,0,0,0,0,0,0,0,0,0,0,0,0,7,0,971,447,441,1192,1111,3,58,3,0,0,0,0,0,0,0
0,15,0,9,0,0,0,91,0,68,0,2,0,0,0,0,0,0,0,0,0,0,0,0,0,0,1,0,0,5,0,0,0,2,0,0,0,0,0,0,0,1,0,1,0,0,0,0,0,0,0,0,38,15,30,29,19,72,217,0,0,0,0,7,28,145,277,44,0,0,0,1,0,2,0,0,0,0,0,0,0,0,0,0,0,0,0,0,0,0,0,0,0,0,0,0,0,0,0,0,0,0,0,0,0,2,0,0,0,0,0,0,0,0,0,0,0,0,0,0,0,0,0,0,0,19,0,0,0,33,0,85,0,17,0,0,0,7,4,8,0,0,0,1,0,4,0,0,0,31,0,0,0,0,50,74,9,68,0,76,0,47,0,0,0,5,0,0,0,36,0,200,0,10,0,7,12,0,0,0,0,0,0,0,18,16,0,0,0,0,0,0,0,0,0,0,0,0,0,0,0,0,0,0,0,0,0,4,0,5,0,0,2,0,720,0,0,1,1186,331,472,1030,348,78,5
250,0,192,0,2,0,175,41,49,0,0,0,0,0,0,0,25,0,0,0,8,0,22,0,78,36,0,0,8,1,3,0,7,0,3,0,52,0,19,0,0,0,0,0,0,0,0,0,0,0,0,0,23,0,17,5,4,0,5,0,0,0,12,1,0,0,0,0,0,0,16,0,0,0,0,0,0,0,0,0,0,0,0,0,0,0,0,0,0,0,0,0,0,0,0,0,0,0,0,0,0,0,0,0,0,0,0,0,0,0,0,0,0,0,0,0,0,0,0,0,0,0,0,0,0,0,0,0,0,1,0,0,0,0,0,0,14,0,257,0,170,0,45,0,193,0,0,0,0,0,0,0,0,0,57,0,114,0,13,0,0,0,9,0,0,0,0,0,1,0,79,0,99,0,0,0,15,8,0,0,0,0,0,0,0,0,0,0,0,0,0,0,0,0,0,0,0,0,0,0,0,0,0,0,0,0,0,0,0,0,143,176,43,60,73,0,6,0,0,0,0,0,0,0,0
0,121,0,0,0,3,16,182,0,184,0,0,0,3,0,0,0,11,0,0,0,0,0,0,17,60,0,0,0,56,0,0,0,4,0,3,0,15,0,4,0,0,0,0,0,0,0,0,0,0,0,0,0,17,0,79,0,6,0,0,0,0,0,106,0,0,0,6,0,0,0,0,0,0,0,0,0,0,0,0,0,0,0,0,0,0,0,0,0,0,0,0,0,0,0,0,0,0,0,0,0,0,0,0,0,0,0,0,0,0,0,0,0,0,0,0,0,0,0,0,0,0,0,0,0,0,0,0,0,0,0,0,0,0,0,0,0,0,0,91,0,119,0,0,0,209,0,0,0,0,0,0,0,0,0,33,0,202,0,25,0,0,0,0,0,2,0,0,0,2,0,75,0,70,0,0,0,93,0,0,0,0,0,45,0,3,0,0,0,0,0,0,0,0,0,0,0,0,0,0,0,0,0,0,0,0,0,0,0,0,0,0,0,0,48,0,0,0,93,418,37,0,13,0,3
137,114,154,6,6,0,322,203,50,143,0,0,3,0,22,0,307,7,0,0,98,0,69,4,156,92,0,0,14,6,4,0,0,0,0,0,3,0,2,3,0,0,0,0,0,0,0,0,1,0,2,0,23,2,58,48,0,0,0,0,12,0,0,9,0,0,0,0,0,0,58,0,4,0,81,0,0,0,0,0,0,0,0,0,239,0,84,0,0,0,0,0,0,0,0,0,0,0,0,0,9,0,0,0,0,0,0,0,0,0,0,0,0,0,0,0,0,0,0,0,125,0,136,0,0,0,0,0,0,0,0,0,0,0,0,0,60,0,238,0,160,0,224,0,51,0,0,0,0,0,0,0,0,0,46,0,41,0,32,0,0,0,1,0,0,0,1,0,6,0,11,0,11,0,0,0,41,25,0,0,0,0,0,1,3,0,0,0,0,0,0,0,0,0,0,0,0,0,0,0,2,0,0,0,0,0,0,0,0,0,120,547,27,21,32,1,3,1,4,0,0,0,0,0,0
3,33,0,0,0,0,32,135,61,120,0,0,0,2,0,15,0,95,0,34,0,33,0,60,0,32,0,0,0,28,0,8,0,0,0,0,0,0,0,28,0,0,0,0,0,0,0,0,0,0,0,0,7,46,34,188,2,11,17,7,1,106,9,0,0,0,5,0,0,0,0,0,0,0,0,0,0,0,0,0,0,0,0,0,0,0,0,0,0,0,0,0,0,0,0,0,0,4,0,0,0,0,0,0,0,0,0,0,0,0,0,0,0,0,0,0,0,0,0,0,0,0,0,0,0,0,0,0,0,0,0,0,0,0,0,35,0,51,0,198,0,81,0,37,0,30,0,0,0,0,0,0,0,0,0,62,0,53,0,39,0,5,0,0,0,0,0,0,0,0,0,13,0,13,0,0,1,44,0,0,0,0,0,23,0,3,0,0,0,0,0,0,0,0,0,0,0,0,0,0,0,0,0,0,0,0,0,0,0,0,0,0,0,0,31,0,0,0,37,116,14,36,7,0,0
39,0,34,0,0,0,93,0,103,0,0,0,0,0,6,0,0,0,13,0,0,0,0,0,0,0,0,0,0,0,0,0,0,0,0,0,0,0,0,0,0,0,0,0,0,0,0,0,0,0,0,0,5,0,24,0,11,4,215,28,0,0,0,0,0,59,244,32,0,0,0,2,0,0,0,0,0,0,0,0,0,0,0,0,0,0,0,0,0,0,0,0,0,0,0,0,0,0,0,0,0,0,0,0,0,0,0,0,0,0,0,0,0,0,0,0,0,0,0,0,0,0,0,0,35,0,5,2,0,0,33,0,0,0,1,0,0,0,2,30,0,3,0,0,8,12,29,0,88,32,10,0,0,6,7,36,0,0,1,16,357,102,0,0,0,0,0,0,0,0,1,0,0,0,0,0,27,0,0,0,167,28,5,0,97,11,0,0,0,0,0,0,0,0,0,0,0,0,3,0,0,0,0,0,0,0,0,0,9,1,89,41,0,0,49,0,0,1,0,1,0,0,0,0,0
0,40,0,0,0,8,0,0,0,275,0,24,0,5,0,0,0,0,0,0,0,0,0,0,0,0,0,0,0,0,0,0,0,0,1,0,0,0,0,0,0,0,0,0,0,0,0,11,0,0,0,0,3,0,0,2,32,0,76,145,0,0,0,0,59,0,88,350,0,0,0,0,0,0,0,0,0,0,0,2,0,0,0,0,0,0,0,0,0,0,0,0,0,1,0,0,0,0,0,0,0,0,0,0,0,0,0,0,0,0,0,0,0,0,0,0,0,0,0,0,0,0,0,0,0,184,0,31,0,0,0,109,0,33,0,0,0,0,26,10,0,0,0,0,11,27,0,67,0,199,0,30,0,29,34,3,0,4,24,8,101,312,0,0,0,0,0,0,0,0,0,0,0,1,1,21,1,0,0,0,9,147,0,5,12,37,0,0,0,0,0,0,0,0,0,0,0,0,0,0,0,0,0,0,0,0,0,14,0,17,0,0,0,0,49,0,0,0,79,78,0,0,0,0,0
38,0,23,0,0,0,34,0,117,27,1,0,0,0,1,0,0,0,4,0,0,0,0,0,0,0,0,0,0,0,0,0,0,0,0,0,2,0,0,0,0,0,0,0,0,0,0,0,0,0,0,0,4,18,7,75,13,20,49,277,0,0,0,5,244,88,0,380,0,0,0,0,0,0,0,0,0,0,0,0,0,0,0,0,0,0,0,0,0,0,0,0,0,0,0,0,0,0,0,0,0,0,0,0,0,0,0,0,0,0,0,0,0,0,0,0,0,0,0,0,0,0,0,0,19,0,0,0,0,0,27,0,0,0,0,0,0,0,0,0,0,0,0,0,2,1,0,0,38,0,0,0,0,0,1,39,5,1,0,20,56,21,0,0,0,0,0,0,0,0,0,0,0,0,0,0,230,0,0,0,14,0,7,0,309,18,0,0,0,0,0,0,0,0,0,0,0,0,0,0,0,0,0,0,0,0,0,0,0,0,154,168,29,0,122,0,7,0,0,0,0,0,0,0,0
0,7,0,0,0,0,0,10,137,39,0,0,0,0,0,0,0,0,0,0,0,0,0,0,0,0,0,0,0,1,0,0,0,0,0,0,0,0,0,1,0,0,0,0,0,0,0,0,0,1,0,0,81,3,130,4,50,5,503,44,0,6,0,0,32,350,380,0,0,0,0,0,0,0,0,0,0,0,0,0,0,0,0,0,0,0,0,0,0,0,0,0,0,0,0,0,0,0,0,0,0,0,0,0,0,0,0,1,0,0,0,0,0,0,0,0,0,0,0,0,0,0,0,0,0,27,0,0,0,0,0,63,0,8,0,3,0,0,2,0,0,0,0,0,7,9,0,5,0,35,0,4,0,11,74,15,18,17,7,3,0,22,0,0,0,0,0,0,0,1,0,15,0,4,0,28,53,41,0,0,0,38,0,1,40,245,0,0,0,0,0,0,0,0,0,0,0,0,0,0,0,3,0,2,0,0,0,0,0,0,0,0,0,0,162,0,0,0,325,225,36,213,58,0,0
0,0,0,0,0,0,0,0,0,0,0,0,0,0,0,0,0,0,0,0,0,0,0,0,0,0,0,0,0,0,0,0,0,0,0,0,0,0,0,0,0,0,0,0,9,0,0,0,15,0,0,0,0,0,0,0,0,0,3,0,0,0,0,0,0,0,0,0,0,0,0,0,10,0,0,0,71,0,23,0,0,0,15,0,0,0,7,0,22,0,21,0,68,0,14,0,0,0,0,0,27,0,190,0,0,0,99,0,172,0,2,0,3,0,7,0,5,0,0,0,0,0,0,0,0,0,0,0,0,0,0,0,0,0,0,0,0,0,0,0,0,0,0,0,0,0,0,0,0,0,0,0,0,0,0,0,0,0,0,0,0,0,0,0,49,0,0,0,99,0,2,0,1,0,0,0,0,0,0,0,0,0,0,0,0,0,0,0,0,0,0,0,13,0,26,0,0,0,0,0,41,0,0,0,0,0,0,0,0,0,84,8,109,9,18,35,193,7,0,0,0,0,0,0,0
0,0,0,0,0,0,0,0,0,0,0,0,0,3,0,0,0,0,0,0,0,0,0,0,0,0,0,10,0,0,0,0,0,0,0,0,0,0,0,0,0,0,0,3,0,3,0,0,0,0,0,2,0,0,0,0,0,0,0,0,0,0,0,0,0,0,0,0,0,0,0,0,0,0,0,0,0,13,0,0,0,0,0,41,0,5,0,5,0,14,0,0,0,17,0,10,0,0,0,4,0,2,0,112,0,0,0,0,0,22,0,19,0,5,0,0,0,12,0,0,0,0,0,1,0,0,0,0,0,1,0,1,0,0,0,0,0,0,0,0,0,0,0,0,0,0,0,0,0,0,0,0,0,0,0,1,0,0,0,0,0,0,0,0,0,32,0,0,0,17,0,0,0,0,0,0,0,0,0,0,0,0,0,0,0,0,0,0,0,0,0,0,0,0,0,10,0,0,0,0,0,2,0,0,0,0,0,0,0,0,0,0,0,0,1,0,0,0,0,12,60,2,13,60,3
0,0,0,0,0,0,0,0,0,0,0,0,0,0,0,0,66,0,0,0,90,0,0,0,0,0,0,0,93,0,40,0,25,0,57,0,112,0,0,0,0,0,14,0,34,0,0,0,0,0,9,0,0,0,0,0,0,0,0,0,16,0,58,0,0,0,0,0,0,0,0,0,242,0,302,0,16,0,172,0,4,0,30,0,0,0,24,0,0,0,0,0,0,0,2,2,0,0,1,0,0,0,0,0,0,0,0,0,0,0,0,0,0,0,0,0,0,0,0,0,70,0,14,0,0,0,0,0,5,9,7,0,12,0,0,0,11,0,14,0,97,0,70,0,151,0,0,0,21,0,0,0,19,0,0,0,4,0,0,0,2,0,102,0,0,0,2,0,27,0,45,0,33,0,11,0,0,0,0,0,31,10,0,0,9,0,0,0,0,0,0,0,0,0,0,0,0,0,0,0,0,0,0,0,0,0,0,0,56,0,56,2,15,0,4,0,0,0,0,0,0,0,0,0,0
0,0,0,0,0,0,0,1,0,0,0,0,0,0,0,0,0,0,0,0,0,20,0,0,0,0,0,7,0,0,0,2,0,0,0,0,0,0,0,0,0,0,0,0,0,0,0,0,0,0,0,30,0,0,0,0,0,0,0,1,0,0,0,0,2,0,0,0,0,0,0,0,0,219,0,248,0,28,0,0,0,0,0,0,0,3,0,148,0,0,0,0,0,0,0,0,0,0,0,0,0,0,0,0,0,0,0,0,0,0,0,0,0,0,0,0,0,0,0,0,0,11,0,23,0,31,0,20,5,5,0,26,0,0,0,13,0,0,6,11,0,35,0,8,0,161,0,10,0,59,0,18,0,10,0,0,0,0,0,0,0,0,0,18,0,0,0,0,0,4,0,32,0,28,0,0,0,0,0,0,7,34,0,0,0,0,0,0,0,0,0,0,0,0,0,0,0,0,0,3,0,0,0,0,0,0,0,15,0,28,0,0,0,0,0,0,0,0,15,1,9,0,0,0,0
0,0,2,0,0,0,0,0,0,0,0,0,0,0,0,0,0,0,0,0,0,0,0,0,0,0,0,0,13,0,0,0,0,0,0,0,17,0,0,0,0,0,0,0,0,0,0,0,0,0,0,0,0,0,0,0,0,0,0,0,0,0,4,0,0,0,0,0,10,0,242,0,0,0,79,0,69,0,170,0,0,0,42,0,7,0,18,0,0,0,0,0,12,0,3,0,0,0,0,0,0,0,1,0,0,0,0,0,0,0,0,0,0,0,0,0,1,0,0,0,55,0,12,0,0,0,0,0,3,0,4,0,24,0,104,0,0,0,8,0,70,0,177,0,52,0,15,0,12,0,75,0,22,7,0,0,0,0,0,0,0,1,52,0,4,0,0,0,24,0,5,0,0,0,7,0,0,0,0,0,25,0,0,0,0,0,0,0,11,0,0,0,0,0,0,0,0,0,223,0,110,0,0,0,105,0,0,0,158,0,265,0,30,0,27,0,1,0,0,0,0,0,0,0,0
0,3,0,0,0,0,0,0,0,0,0,0,0,0,0,0,0,0,0,0,0,0,0,0,0,0,0,0,0,0,0,0,0,0,0,0,0,0,0,0,0,0,0,0,0,0,0,0,0,0,0,0,0,1,0,0,0,0,0,2,0,0,0,0,0,0,0,0,0,0,0,219,0,0,0,90,0,152,0,42,0,5,0,27,0,54,0,211,0,0,0,0,0,0,0,6,0,0,0,4,0,1,0,3,0,0,0,0,0,0,0,0,0,2,0,0,0,0,0,0,0,21,0,29,0,0,0,0,0,0,0,14,0,0,0,149,0,0,0,0,0,28,2,0,0,94,0,0,0,0,0,0,0,0,0,0,0,0,0,2,2,0,0,40,0,0,0,0,0,7,0,40,0,0,0,4,0,0,0,0,10,20,0,0,0,0,0,0,0,0,0,0,0,0,0,0,0,0,0,0,0,0,0,0,0,0,0,0,0,131,0,0,0,0,10,0,0,0,243,0,19,0,0,0,0
0,0,0,0,0,0,0,0,0,0,0,0,1,0,0,0,120,0,0,0,149,0,0,0,0,0,0,0,83,0,0,0,0,0,0,0,97,0,0,0,0,0,0,0,0,0,0,0,0,1,0,0,0,0,0,0,0,0,0,0,0,0,81,0,0,0,0,0,0,0,302,0,79,0,0,0,4,0,101,0,36,0,54,0,21,0,58,0,0,0,0,0,0,0,15,0,9,0,15,0,0,0,0,0,0,0,0,0,0,0,0,0,0,0,0,0,0,0,0,0,121,0,75,0,0,39,26,11,10,0,27,0,8,0,52,0,0,0,10,18,108,16,122,0,145,0,23,0,43,11,0,0,75,16,0,0,0,0,0,0,0,0,58,0,0,0,0,0,31,0,18,0,0,0,33,0,0,0,0,0,70,21,0,0,0,0,0,0,0,0,0,0,0,0,0,0,0,0,0,0,38,0,0,0,0,0,0,0,55,0,30,0,21,0,5,0,1,0,0,0,0,0,0,0,0
0,0,0,0,0,0,0,0,0,0,0,0,0,0,0,7,0,0,0,0,0,0,0,0,0,0,0,0,0,0,0,0,0,0,1,0,0,0,0,0,0,0,0,0,0,0,0,0,0,0,0,0,0,0,0,0,0,0,0,0,0,0,0,0,0,0,0,0,0,0,0,248,0,90,0,0,0,25,0,99,0,5,0,0,0,0,0,144,0,0,0,0,0,0,0,0,0,0,0,0,0,0,0,0,0,0,0,0,0,0,0,0,0,0,0,0,0,0,0,0,0,78,0,35,16,76,0,0,0,0,0,39,0,0,0,57,6,8,0,11,0,89,0,58,0,244,0,40,0,85,0,0,3,47,0,0,0,3,0,0,0,0,0,35,0,0,0,0,0,2,0,20,0,32,1,0,0,0,0,0,0,62,0,0,0,0,0,0,0,0,0,0,0,0,0,0,0,0,0,0,0,0,0,0,0,0,0,0,0,0,0,0,0,0,4,0,0,0,30,2,0,0,0,0,0
0,0,0,0,0,0,0,0,0,0,0,0,0,0,0,0,0,0,0,0,0,0,0,0,0,0,0,0,0,0,0,0,0,0,0,0,0,0,0,0,0,0,0,0,2,0,0,0,1,0,0,0,0,0,0,0,0,0,2,0,0,0,0,0,0,0,0,0,71,0,16,0,69,0,4,0,0,0,19,0,0,0,54,0,0,0,48,0,0,0,16,0,80,0,16,0,43,0,0,0,11,0,25,0,0,0,25,0,15,0,0,0,0,0,0,0,10,0,0,0,0,0,0,0,0,0,0,0,0,0,0,0,0,0,0,0,0,0,0,0,0,0,25,0,0,0,0,0,0,0,0,0,0,0,0,0,0,0,0,0,0,0,0,0,14,0,0,0,36,0,0,0,0,0,0,0,0,0,0,0,0,0,0,0,0,0,0,0,28,0,0,0,9,0,9,0,0,0,0,0,0,0,0,0,0,0,0,0,0,0,49,2,82,6,11,0,4,2,0,0,0,0,0,0,0
0,0,0,0,0,8,0,0,0,0,0,0,0,0,0,0,0,0,0,0,0,0,0,0,0,0,0,0,0,0,0,0,0,0,0,0,0,0,0,0,0,0,0,0,0,15,0,11,0,3,0,0,0,0,0,1,0,0,0,0,0,0,0,0,0,0,0,0,0,13,0,28,0,152,0,25,0,0,0,10,0,90,0,243,0,56,0,249,0,79,0,14,0,79,0,183,0,28,5,55,0,25,0,209,0,56,0,48,0,5,0,0,0,21,0,0,0,19,0,1,0,11,0,0,0,0,0,0,0,0,0,0,0,0,0,0,0,9,0,0,0,0,0,0,0,0,0,0,5,0,0,21,0,0,0,0,0,0,0,1,0,0,0,7,0,31,0,2,0,68,0,4,0,0,0,7,0,0,0,0,0,0,0,0,0,0,0,0,0,80,0,0,0,0,0,116,0,0,0,0,0,54,0,0,0,0,0,0,0,0,0,0,0,0,25,0,0,0,108,11,149,0,20,1,3
0,0,0,0,0,0,0,0,0,0,0,0,0,0,0,0,0,0,0,0,0,0,0,0,0,0,0,0,0,0,0,0,0,0,0,0,0,0,0,0,0,0,0,0,0,0,0,0,10,0,0,0,0,0,0,0,0,0,0,0,0,0,0,0,0,0,0,0,23,0,172,0,170,0,101,0,19,0,0,0,12,0,128,0,24,0,37,0,0,0,11,0,112,0,23,0,42,0,8,0,1,0,5,0,0,0,0,0,4,0,0,0,0,0,0,0,0,0,0,0,113,0,23,0,0,0,0,0,4,0,13,0,0,0,0,0,0,0,0,0,38,0,153,0,52,0,0,0,0,0,0,0,0,0,0,0,0,0,0,0,0,0,10,0,19,0,0,0,48,0,0,0,0,0,0,0,0,0,0,0,0,0,0,0,0,0,0,0,0,0,0,0,15,0,8,0,0,0,0,0,150,0,94,0,197,0,0,0,0,0,267,13,124,4,22,0,0,3,0,0,0,0,0,0,0
