0,306,75,228,22,0,36,357,74,76,90,0,46,0,14,44,60,110,7,0,15,0,29,127,0,218,18,0,51,0,28,0,154,0,0,0,52,0,175,0,20,0,0,0,0,0,15,0,9,0,3,0,0,0,0,0,0,0,1,0,0,8,0,25,33,0,12,0,0,0,0,0,0,0,0,0,0,0,0,0,0,0,0,0,0,0,0,0,0,0,0,0,0,0,0,0,0,0,0,0,0,0,0,0,0,0,0,0,0,0,0,0,0,0,0,0,0,0,0,0,0,0,0,0,0,0,12,0,0,0,12,0,0,0,22,0,0,0,0,0,0,0,0,0,0,0,43,0,67,0,70,0,25,0,0,0,0,0,0,0,9,0,2,0,0,0,0,0,5,0,9,1,175,0,0,0,500,170,12,0,19,0,309,13,16,0,0,0,0,0,0,0,0,0,0,0,0,0,0,0,0,0,0,0,0,0,0,0,29,0,491,216,308,184,178,0,0,0,5,0,0,0,0,0,0
306,0,340,57,74,133,155,87,51,76,24,117,0,62,45,18,151,58,0,124,26,14,518,53,75,3,0,66,0,0,5,0,0,72,1,32,0,207,0,351,0,58,0,2,0,0,0,89,0,12,0,0,0,38,0,8,0,0,0,0,0,238,5,50,0,26,0,2,0,0,0,0,0,1,0,0,0,0,0,0,0,0,0,0,0,0,0,0,0,0,0,0,0,0,0,4,0,0,0,0,0,0,0,0,0,9,0,0,0,0,0,0,0,0,0,0,0,0,0,0,0,0,0,0,0,0,0,7,0,0,0,0,0,0,0,76,0,24,0,0,0,0,0,0,0,13,0,0,0,46,0,54,0,149,1,14,0,16,0,0,0,0,0,2,0,2,0,20,0,5,0,25,0,233,0,64,216,568,2,15,0,138,15,14,0,105,0,0,0,0,0,0,0,0,0,0,0,0,0,18,0,13,0,0,0,5,0,10,0,26,0,0,0,0,516,0,0,0,940,169,299,182,0,5,0
75,340,0,204,267,0,25,0,8,0,69,48,141,0,326,80,29,96,73,0,45,0,520,118,58,147,99,0,221,0,155,0,374,0,0,0,58,0,359,0,79,0,0,0,0,0,68,0,19,0,0,0,3,0,58,0,8,0,7,0,0,8,0,15,9,0,0,0,0,0,0,0,0,0,0,0,0,0,0,0,0,0,0,0,0,0,0,0,0,0,0,0,0,0,0,0,0,0,0,0,0,0,0,0,73,0,0,0,0,0,0,0,0,0,0,0,0,0,0,0,0,0,0,0,23,0,50,0,0,0,22,0,24,0,322,0,35,0,0,0,0,0,82,0,0,0,104,0,46,0,99,0,0,0,0,0,0,0,0,0,19,0,0,0,6,0,0,0,17,0,25,0,475,0,0,0,113,138,2,0,12,0,17,19,0,0,0,0,0,0,0,0,0,0,0,0,3,0,0,0,125,0,0,0,0,0,0,0,147,0,649,125,526,257,353,0,0,0,0,0,0,1,0,0,0
228,57,204,0,129,206,0,62,0,0,0,3,0,0,86,251,74,44,0,140,49,34,460,252,0,135,0,32,0,91,5,11,0,188,0,0,0,192,0,542,0,0,0,0,0,0,0,0,0,9,0,0,0,3,0,135,0,0,0,0,0,75,0,0,0,8,0,0,0,0,0,0,0,0,0,0,0,0,0,0,0,0,0,0,0,0,0,13,0,0,0,0,0,0,0,0,1,0,0,0,0,0,0,0,0,0,0,202,0,0,0,0,0,0,0,0,0,0,0,0,0,0,0,0,0,6,0,0,0,0,0,0,0,5,0,246,0,62,0,0,0,18,0,48,0,0,0,0,0,0,0,23,0,0,0,0,0,0,0,0,0,0,0,0,0,4,0,72,0,0,1,13,0,229,0,0,95,121,0,0,0,0,0,0,0,0,0,0,0,0,0,0,0,0,0,0,0,0,0,29,0,0,0,0,0,0,0,0,0,0,0,0,0,0,266,0,0,0,428,43,392,77,0,0,0
22,74,267,129,0,505,5,0,5,0,32,335,391,0,455,378,7,0,105,158,88,92,76,115,0,0,232,0,18,0,192,0,390,0,72,0,283,0,0,0,242,0,0,0,0,0,167,0,3,0,20,0,0,0,0,0,0,0,0,0,0,0,0,0,6,0,0,0,0,0,0,0,0,0,0,0,0,0,0,0,0,0,0,0,0,0,0,0,0,0,0,0,0,0,0,0,0,0,0,0,0,0,0,0,0,0,0,0,0,0,0,0,0,0,0,0,0,0,0,0,0,0,0,0,0,0,0,0,0,0,5,0,0,0,24,0,0,0,0,0,0,0,0,0,0,0,21,0,0,0,37,0,0,0,0,0,0,0,0,0,0,0,0,0,8,0,245,0,44,0,8,0,369,0,0,0,438,201,14,15,44,0,0,0,17,0,0,0,0,0,0,0,0,0,0,0,0,0,0,0,9,0,0,0,0,0,0,0,8,0,872,301,801,250,321,0,1,0,0,0,0,0,0,0,0
0,133,0,206,505,0,0,12,0,4,266,247,527,225,761,120,0,2,262,297,263,42,109,101,0,15,106,123,0,14,0,77,0,298,0,151,0,365,0,33,0,83,32,0,0,0,0,136,0,5,0,0,0,21,0,0,0,0,0,0,0,41,0,9,0,6,0,0,0,0,0,0,0,0,0,0,0,0,0,0,0,0,0,0,0,0,0,7,0,0,0,0,0,0,0,0,0,0,0,0,0,0,0,0,0,0,0,0,0,0,0,0,0,0,0,0,0,0,0,0,0,0,0,0,0,0,0,0,0,0,0,0,0,0,0,41,0,0,0,0,0,0,0,0,0,0,0,0,0,16,0,0,0,0,0,7,0,0,0,0,0,0,0,0,0,12,0,289,1,19,0,17,0,143,0,0,210,260,31,4,0,28,1,3,0,0,0,2,0,1,0,0,0,0,0,0,0,0,0,0,0,21,0,0,0,3,0,6,0,14,0,0,0,1,301,0,0,0,688,262,849,114,4,0,0
36,155,25,0,5,0,0,0,135,397,5,0,4,0,2,0,0,91,0,0,0,0,0,7,375,300,0,0,49,0,0,0,0,0,0,0,0,0,216,0,4,0,0,0,0,0,0,0,8,0,0,0,9,64,305,178,26,0,21,0,223,8,39,185,5,0,4,0,0,0,0,0,0,0,0,0,1,0,0,0,0,0,0,0,0,0,0,0,0,0,0,0,0,0,0,0,0,0,0,0,0,0,0,0,0,0,0,0,0,0,0,0,0,0,0,0,0,0,0,0,0,0,0,0,12,0,19,0,6,0,30,0,15,0,26,0,0,0,2,0,0,0,10,0,0,0,28,0,15,0,37,0,0,0,0,2,0,0,0,0,30,0,0,0,1,0,0,0,4,0,76,0,294,0,0,0,118,103,0,0,0,0,6,36,4,8,0,0,0,0,0,0,0,0,0,0,0,0,0,0,6,0,0,0,0,0,3,0,40,0,645,168,492,125,289,0,41,0,0,0,0,0,0,0,0
357,87,0,62,0,12,0,0,115,71,0,13,0,4,0,12,113,13,0,17,0,0,160,15,0,381,0,0,0,108,0,0,0,0,0,0,2,83,16,674,0,0,0,0,0,0,0,0,0,0,0,0,0,25,0,294,0,40,0,6,0,427,30,142,0,16,0,2,0,0,0,0,0,0,0,0,0,0,0,0,0,0,0,0,0,0,0,0,0,0,0,0,0,0,0,0,0,0,0,0,0,0,0,0,0,0,0,219,0,0,0,0,0,0,0,0,0,0,0,0,0,0,0,0,0,37,0,52,0,7,0,66,0,22,0,370,0,112,0,40,0,0,0,20,0,0,0,0,0,8,0,56,0,13,0,0,0,7,0,0,0,0,0,0,0,2,0,0,1,15,0,83,0,350,0,0,123,89,0,0,0,0,0,6,0,0,0,0,0,0,0,0,0,0,0,0,0,8,0,55,0,159,0,0,0,15,0,32,0,151,0,0,0,0,641,0,0,0,670,133,471,393,56,31,0
74,51,8,0,5,0,135,115,0,538,13,0,8,0,9,0,3,63,0,0,0,0,0,0,11,225,0,0,0,0,0,0,0,0,0,0,1,0,22,0,0,0,0,0,0,0,0,0,0,0,0,0,16,102,43,433,23,0,57,219,72,0,40,163,102,0,87,0,0,0,0,0,0,0,0,0,0,0,0,0,0,0,0,0,0,0,0,0,0,0,0,0,0,0,0,0,0,0,0,0,1,0,0,0,0,0,0,0,0,0,0,0,0,0,0,0,0,0,0,0,0,0,0,0,18,0,0,0,0,0,23,0,1,0,19,0,0,0,0,0,0,0,0,0,0,0,42,0,112,0,40,0,14,0,3,7,0,3,0,0,49,0,0,0,0,0,1,0,1,0,29,2,39,0,0,0,709,128,1,0,3,0,22,16,140,11,0,0,0,0,0,0,0,0,0,0,2,0,0,0,2,0,0,0,0,0,0,0,26,0,171,96,130,0,71,0,0,0,0,0,0,0,1,0,0
76,76,0,0,0,4,397,71,538,0,0,27,0,7,0,0,98,12,0,19,0,0,34,4,138,50,0,0,0,0,0,0,0,0,0,0,0,0,0,0,0,0,0,0,0,0,0,5,0,3,0,5,135,94,204,106,0,14,0,131,16,269,139,197,0,319,0,160,0,0,0,0,0,0,0,0,0,0,0,0,0,0,0,0,0,2,0,0,0,0,0,0,0,0,0,0,0,0,0,0,0,0,0,0,0,10,0,73,0,0,0,0,0,0,0,0,0,0,0,0,0,0,0,0,0,41,0,52,0,0,0,53,0,6,0,121,0,60,0,0,0,6,0,4,0,3,0,67,1,64,0,98,0,74,0,15,0,39,0,8,0,30,0,1,0,1,0,0,0,0,0,97,1,107,0,6,177,497,0,0,0,14,0,4,0,81,0,3,0,0,0,0,0,2,0,0,0,2,0,32,0,20,0,0,0,0,0,34,0,148,0,0,0,0,411,0,0,0,499,208,251,239,33,16,1
90,24,69,0,32,266,5,0,13,0,0,117,270,0,26,243,26,0,16,0,72,23,19,77,0,6,30,0,0,0,80,0,182,0,0,0,88,0,0,0,110,0,0,0,2,0,72,0,8,0,0,0,0,0,0,0,0,0,0,0,0,0,0,0,12,0,1,0,0,0,0,0,0,0,0,0,0,0,0,0,0,0,0,0,0,0,0,0,0,0,0,0,0,0,0,0,0,0,0,0,0,0,0,0,0,0,0,0,0,0,0,0,0,0,0,0,0,0,0,0,0,0,0,0,6,0,7,0,0,0,0,0,0,0,12,0,0,0,0,0,0,0,0,0,0,0,0,0,26,0,44,0,0,0,0,0,0,0,0,0,0,0,2,0,0,0,31,0,5,0,0,0,64,0,0,0,433,91,86,0,0,0,33,0,11,0,8,0,0,0,0,0,0,0,0,0,0,0,0,0,0,0,0,0,0,0,0,0,14,0,480,240,262,107,140,0,0,0,0,0,0,0,0,0,0
0,117,48,3,335,247,0,13,0,27,117,0,109,333,555,0,0,14,44,40,114,35,109,35,0,0,0,41,0,0,3,25,0,133,0,37,0,117,0,34,0,160,0,0,0,3,0,148,0,40,0,13,0,2,0,0,0,0,0,0,0,6,0,1,0,10,0,0,0,0,0,1,0,0,0,0,0,0,0,0,0,0,0,0,0,0,0,0,0,0,0,0,0,0,0,0,0,0,0,0,0,0,0,0,0,0,0,59,0,0,0,0,0,0,0,0,0,0,0,0,0,0,0,0,0,0,0,0,0,0,0,0,0,0,0,70,0,36,0,0,0,0,0,0,0,0,0,0,0,15,0,39,0,43,0,0,0,0,0,0,0,0,0,0,0,0,0,45,0,7,0,6,0,36,0,36,158,407,12,30,0,93,0,14,0,26,0,35,0,0,0,0,0,1,0,0,0,0,0,28,0,0,0,0,0,0,0,0,0,29,0,0,0,0,117,0,0,0,406,115,226,0,0,0,0
46,0,141,0,391,527,4,0,8,0,270,109,0,731,135,96,0,0,76,698,35,207,14,10,0,0,98,370,0,0,0,0,0,0,85,34,136,0,0,0,347,0,111,0,8,5,153,109,12,0,215,0,0,0,0,0,0,0,0,0,0,0,0,0,6,0,0,0,0,0,0,0,0,0,0,0,0,0,0,0,0,0,0,0,0,0,0,0,0,0,0,0,0,0,0,0,0,0,0,0,0,0,0,0,0,0,0,0,0,0,0,0,0,0,0,0,0,0,0,0,0,0,0,0,0,0,0,0,0,0,0,0,0,0,0,0,0,0,0,0,0,0,0,0,0,0,0,0,0,0,0,0,0,0,0,0,0,0,0,0,0,0,0,0,51,0,92,0,78,0,0,0,0,0,0,0,580,265,163,15,77,0,28,0,12,0,194,22,0,0,0,0,0,0,0,0,0,0,0,0,0,0,0,0,0,0,0,0,15,0,84,201,493,60,39,0,0,0,0,0,89,0,0,0,0
0,62,0,0,0,225,0,4,0,7,0,333,731,0,59,10,0,0,364,118,70,0,1,0,0,0,540,55,0,0,0,7,0,4,0,59,0,58,0,0,191,463,197,31,114,0,258,200,0,7,0,148,0,0,0,0,0,0,0,0,0,0,0,0,0,0,0,0,0,0,0,0,0,0,0,0,0,0,0,0,0,0,0,2,0,0,0,0,0,0,0,0,0,0,0,0,0,0,0,6,0,0,0,0,0,0,0,0,0,0,0,0,0,0,0,0,0,0,0,0,0,0,0,0,0,0,0,0,0,0,0,5,0,0,0,20,0,0,0,0,0,0,0,0,0,0,0,0,0,0,0,7,0,0,0,0,0,0,0,0,0,0,0,0,0,0,0,39,0,24,0,0,0,5,0,0,61,425,0,39,0,48,0,0,0,0,76,22,0,0,0,0,0,0,0,0,0,0,0,8,0,4,0,1,0,0,0,3,0,7,0,0,0,0,34,0,0,0,81,201,416,0,0,0,2
14,45,326,86,455,761,2,0,9,0,26,555,135,59,0,559,11,10,431,200,169,166,295,173,41,0,106,0,0,0,160,31,111,81,110,0,139,33,0,0,0,0,0,0,17,0,63,2,2,0,15,0,3,0,0,0,0,0,0,0,0,0,2,0,0,0,0,0,0,0,0,0,0,0,0,0,0,0,0,0,0,0,0,0,50,0,0,0,0,0,0,0,0,0,0,0,0,0,0,0,0,0,0,0,0,0,0,0,0,0,0,0,0,0,0,0,0,0,0,0,0,0,0,0,0,0,0,0,0,0,2,0,0,0,98,0,0,0,0,0,0,0,22,0,0,0,35,0,30,0,56,0,22,0,0,0,0,0,0,0,0,0,0,0,0,0,84,0,12,1,0,0,47,0,0,0,85,119,3,13,27,0,31,0,14,0,0,10,0,0,0,0,0,0,0,0,0,0,20,0,68,0,0,0,0,0,0,0,56,0,125,157,154,0,49,0,0,0,37,22,31,0,0,0,0
44,18,80,251,378,120,0,12,0,0,243,0,96,10,559,0,22,41,23,571,150,138,224,201,0,107,0,90,0,6,6,92,9,254,0,51,0,241,0,26,0,9,0,0,0,11,0,30,1,15,0,16,0,2,0,55,0,0,2,0,0,0,0,8,0,0,0,0,0,0,0,0,0,0,0,0,0,0,0,0,0,55,0,0,0,87,0,0,0,0,0,17,0,0,0,42,0,0,0,68,0,49,0,0,0,0,0,133,0,0,0,0,0,0,0,0,0,0,0,0,0,0,0,0,0,0,0,0,0,0,0,0,0,1,0,67,0,0,0,0,0,0,0,75,0,0,0,0,0,2,0,4,0,0,0,0,0,0,0,0,0,0,0,0,0,0,0,79,1,0,0,6,3,24,0,0,56,35,16,33,0,0,0,1,0,0,0,0,0,0,0,0,0,0,0,0,0,0,0,0,0,35,0,0,0,0,0,0,0,0,0,0,0,0,37,0,0,0,158,118,90,15,0,0,0
60,151,29,74,7,0,0,113,3,98,26,0,0,0,11,22,0,58,64,0,258,2,71,37,47,159,0,0,435,0,134,0,173,0,56,0,18,0,175,0,0,0,0,0,0,0,0,0,0,0,19,0,239,4,33,0,7,0,0,0,15,2,325,46,0,0,0,0,0,0,120,0,0,0,153,0,0,0,0,0,309,3,0,0,999,0,248,0,0,0,369,0,0,0,217,0,1199,0,831,3,63,0,0,0,204,0,352,0,0,0,0,0,0,0,0,0,0,0,0,0,111,0,113,0,0,0,0,0,33,0,0,0,14,0,27,0,33,0,58,0,104,0,231,0,29,0,0,0,0,0,0,0,0,0,30,0,0,0,34,0,3,0,0,0,0,0,3,0,0,0,6,0,84,4,0,0,11,15,0,0,0,0,66,10,0,0,0,0,0,0,0,0,0,0,0,0,0,0,0,0,164,0,0,0,0,0,0,0,0,0,29,178,49,28,17,0,2,0,0,0,0,0,1,0,0
110,58,96,44,0,2,91,13,63,12,0,14,0,0,10,41,58,0,0,76,5,118,102,247,40,88,0,18,2,126,0,40,0,82,0,34,0,23,0,160,0,0,0,53,0,0,0,0,0,0,0,0,0,123,0,9,0,0,1,0,0,35,12,466,0,0,0,0,0,0,0,0,0,0,0,0,0,0,0,0,0,364,0,0,0,506,0,92,0,81,0,44,0,0,0,0,0,0,0,366,0,133,0,0,0,0,0,0,0,0,0,0,0,0,0,0,0,0,0,0,0,87,0,28,0,0,0,0,0,46,0,0,0,0,0,110,0,161,0,230,0,289,0,801,0,27,0,0,0,0,0,0,0,0,0,11,0,0,1,42,0,0,0,0,0,0,0,0,0,0,0,1,3,25,0,0,17,9,0,1,0,0,4,33,0,0,0,0,0,0,0,0,0,0,0,0,0,0,0,0,0,0,0,0,0,0,0,0,0,53,0,0,0,0,7,0,0,0,31,89,19,11,0,0,0
7,0,73,0,105,262,0,0,0,0,16,44,76,364,431,23,64,0,0,341,249,96,392,0,78,0,351,190,0,0,13,3,10,0,95,14,157,16,0,0,17,0,106,0,79,0,96,57,0,0,212,0,9,0,0,0,0,0,0,0,0,0,0,0,0,0,0,0,0,0,0,0,0,0,0,0,0,0,0,0,0,0,11,0,0,0,0,0,0,0,0,0,0,0,0,0,0,0,0,0,0,0,0,0,0,0,0,0,0,0,0,0,0,0,0,0,0,0,0,0,0,0,0,0,0,0,0,0,0,0,0,0,0,0,0,0,0,0,0,0,0,0,0,0,0,0,0,0,0,0,0,0,9,0,0,0,0,0,0,0,0,0,0,0,24,0,62,0,28,0,0,0,16,0,0,0,21,51,24,11,2,0,14,0,0,0,10,13,0,0,0,0,0,0,0,0,0,0,0,0,51,0,0,0,0,0,0,0,0,0,101,257,257,37,29,0,0,0,0,13,36,0,0,0,0
0,124,0,140,158,297,0,17,0,19,0,40,698,118,200,571,0,76,341,0,139,347,0,421,0,55,230,678,0,0,0,37,0,12,0,205,0,115,0,0,113,25,78,76,45,48,103,293,1,26,0,236,0,0,0,0,0,0,0,0,0,0,0,58,0,0,0,0,0,0,0,0,0,0,0,0,0,0,0,0,0,0,0,0,0,0,0,0,0,0,0,0,0,0,0,0,0,0,0,0,0,0,0,0,0,0,0,0,0,0,0,0,0,0,0,0,0,0,0,0,0,0,0,0,0,0,0,0,0,0,0,0,0,0,0,58,0,12,2,8,0,0,0,0,0,0,0,7,0,0,0,19,0,0,0,0,0,0,0,0,0,2,0,0,0,26,0,63,0,34,0,12,0,7,0,15,36,67,0,10,0,52,0,0,0,39,26,15,0,0,0,0,0,0,0,1,0,0,0,10,0,0,0,0,0,0,0,0,0,10,0,0,0,0,0,0,0,0,90,161,222,0,0,1,0
15,26,45,49,88,263,0,0,0,0,72,114,35,70,169,150,258,5,249,139,0,104,381,60,29,0,278,22,12,0,345,16,131,19,226,0,67,11,0,0,0,0,38,0,44,0,11,0,0,0,51,0,25,0,0,0,0,0,0,0,0,0,112,0,0,0,0,0,0,0,216,0,25,0,134,0,0,0,0,0,145,0,0,0,199,0,165,0,0,0,154,0,0,0,0,0,381,0,461,0,0,0,0,0,82,0,0,0,0,0,0,0,0,0,0,0,0,0,0,0,49,0,0,0,0,0,0,0,0,0,0,0,0,0,0,0,6,0,0,0,0,0,0,1,51,0,0,0,0,0,0,0,0,0,0,0,1,0,0,0,0,0,0,0,0,0,75,2,0,0,0,0,42,0,0,0,11,9,30,5,0,0,9,0,6,0,10,0,1,0,0,0,0,0,0,0,0,0,0,0,0,0,0,0,0,0,0,0,0,0,209,429,213,61,51,0,0,0,0,0,15,0,0,0,0
0,14,0,34,92,42,0,0,0,0,23,35,207,0,166,138,2,118,96,347,104,0,0,418,0,0,57,254,0,25,0,120,0,64,8,236,0,71,0,15,0,0,15,162,0,17,11,18,0,51,0,89,0,24,0,0,0,1,0,0,0,18,0,106,0,0,0,0,0,0,0,11,0,0,0,0,0,0,0,0,0,0,0,0,0,0,0,0,0,0,0,0,0,0,0,0,0,0,0,98,0,30,0,0,0,0,0,0,0,0,0,0,0,0,0,0,0,0,0,0,0,0,0,19,0,0,0,0,0,0,0,0,0,0,0,0,0,0,0,0,0,0,0,175,0,56,0,0,0,0,0,0,0,0,0,1,0,4,0,0,0,0,0,0,0,0,0,30,0,0,0,2,0,21,0,0,0,69,0,69,0,0,0,0,0,0,4,39,0,0,0,0,0,0,0,0,0,0,0,0,0,0,0,0,0,0,0,0,0,0,0,0,0,0,36,0,0,0,101,156,64,23,0,0,0
29,518,520,460,76,109,0,160,0,34,19,109,14,1,295,224,71,102,392,0,381,0,0,307,151,142,75,7,147,2,118,0,82,0,48,0,29,0,121,0,0,1,0,0,37,0,11,0,0,0,13,0,16,0,83,0,0,0,0,0,4,8,29,0,0,0,0,0,0,0,0,0,2,0,0,0,0,0,0,0,0,0,0,0,269,0,0,0,0,0,0,0,0,0,0,0,0,0,0,1,0,0,0,0,257,0,227,2,0,0,0,0,0,0,0,0,0,0,0,0,0,0,18,0,0,0,0,0,0,1,0,0,13,1,127,0,39,0,0,0,0,0,127,0,0,0,27,0,0,0,0,0,0,0,0,0,0,0,0,0,0,0,0,0,0,0,0,0,0,0,6,0,128,0,0,0,60,110,0,0,2,0,9,9,0,0,0,0,0,0,0,0,0,0,0,0,0,0,0,0,222,0,0,0,0,0,0,0,78,0,94,299,170,52,36,0,0,0,0,0,0,0,0,0,0
127,53,118,252,115,101,7,15,0,4,77,35,10,0,173,201,37,247,0,421,60,418,307,0,12,62,0,142,2,76,9,63,0,68,2,78,4,23,0,36,0,0,0,92,0,34,0,0,0,28,0,25,0,23,0,11,0,11,0,0,0,15,0,156,0,0,0,0,0,0,0,0,0,0,0,0,0,0,0,0,0,179,0,0,0,172,0,71,0,0,0,27,0,0,0,93,0,64,0,187,0,87,0,0,0,0,0,108,0,0,0,0,0,0,0,0,0,0,0,0,0,39,0,8,0,0,0,0,0,0,0,0,0,0,0,54,0,26,0,41,0,63,0,189,0,24,0,0,0,0,0,0,0,0,0,0,0,0,0,0,0,0,0,0,0,0,0,23,0,0,0,1,0,17,0,0,27,27,0,65,0,0,9,17,0,1,0,0,0,0,0,0,0,0,0,0,0,0,0,0,0,0,0,0,0,0,0,0,1,0,0,0,0,0,24,0,0,0,98,131,21,12,0,0,0
0,75,58,0,0,0,375,0,11,138,0,0,0,0,41,0,47,40,78,0,29,0,151,12,0,133,0,0,177,0,0,0,0,0,0,0,0,0,239,0,0,0,0,0,0,0,0,0,18,0,0,0,22,12,135,14,8,0,15,0,187,0,90,90,0,0,0,0,0,0,0,0,0,0,0,0,0,0,0,0,0,0,0,0,93,0,0,0,0,0,0,0,0,0,0,0,59,0,0,0,0,0,11,0,187,0,111,0,0,0,0,0,0,0,0,0,0,0,0,0,0,0,0,0,5,0,13,0,53,0,17,0,56,0,334,0,112,0,0,0,40,0,209,0,0,0,18,0,0,0,31,0,3,0,0,0,0,0,4,0,17,0,7,0,3,0,2,0,8,0,57,2,273,2,0,0,5,11,0,0,0,0,2,15,0,0,0,0,0,0,0,0,0,0,0,0,0,0,38,0,239,0,0,0,0,0,0,0,136,0,395,43,271,0,272,0,0,0,0,0,0,0,0,0,0
218,3,147,135,0,15,300,381,225,50,6,0,0,0,0,107,159,88,0,55,0,0,142,62,133,0,0,0,4,30,0,4,0,0,0,0,0,10,12,82,0,0,0,0,0,0,0,0,0,3,0,0,0,55,21,130,0,94,0,2,6,65,43,85,0,0,0,1,0,0,0,0,0,0,0,0,0,0,0,0,0,66,0,0,0,202,0,0,0,0,0,43,0,0,0,77,0,0,0,122,0,0,0,0,0,0,0,0,0,0,0,0,0,0,0,0,0,0,0,0,0,0,0,0,0,0,0,8,0,25,0,7,0,0,0,306,0,73,5,138,0,116,0,329,0,3,0,0,0,0,0,0,0,0,0,14,1,0,0,10,0,0,0,0,0,0,0,0,0,0,0,7,6,47,0,0,49,39,0,0,0,0,13,7,0,0,0,0,0,0,0,0,0,0,0,0,0,0,0,0,0,128,0,0,0,0,0,4,0,6,0,0,0,0,34,0,0,0,65,102,66,28,2,1,0
18,0,99,0,232,106,0,0,0,0,30,0,98,540,106,0,0,0,351,230,278,57,75,0,0,0,0,412,0,0,75,0,5,0,54,0,149,0,1,0,72,62,301,22,272,0,218,225,28,7,230,0,0,0,0,0,0,0,0,0,2,0,0,0,0,0,0,0,0,0,57,0,0,0,0,0,7,0,0,0,0,0,0,0,0,0,0,0,0,0,0,0,34,0,0,0,0,0,0,0,0,0,0,0,0,0,0,0,0,0,0,0,0,0,0,0,0,0,0,0,0,0,0,0,0,0,0,0,0,0,0,0,0,0,0,0,0,0,0,0,0,0,0,0,0,0,0,0,0,0,0,0,0,0,0,0,0,0,0,0,0,0,0,0,156,0,11,0,102,0,0,0,0,0,0,0,36,43,10,0,0,0,7,0,0,0,60,15,0,0,0,0,0,0,7,0,0,0,0,0,0,0,0,0,0,0,0,0,0,0,38,581,553,31,11,0,0,25,0,0,23,0,0,0,0
0,66,0,32,0,123,0,0,0,0,0,41,370,55,0,90,0,18,190,678,22,254,7,142,0,0,412,0,0,11,0,14,0,9,5,53,0,31,0,0,401,66,154,176,160,185,544,258,26,76,19,245,0,0,0,0,0,0,0,0,0,0,0,50,0,0,0,0,0,18,0,0,0,0,0,0,0,0,0,0,0,0,0,21,0,0,0,0,0,0,0,0,0,2,0,26,0,0,0,0,0,0,0,0,0,0,0,0,0,0,0,0,0,0,0,0,0,0,0,0,0,0,0,0,0,0,0,0,0,0,0,0,0,0,0,0,0,0,0,0,0,0,0,0,0,0,0,0,0,0,0,0,0,0,0,0,0,0,0,0,0,0,0,0,0,80,0,34,0,80,0,0,0,7,0,0,0,99,0,0,0,17,0,0,0,0,49,29,0,17,0,0,0,1,0,16,0,0,0,3,0,0,0,11,0,0,0,0,0,4,0,0,0,0,0,0,0,0,42,459,658,0,1,0,7
51,0,221,0,18,0,49,0,0,0,0,0,0,0,0,0,435,2,0,0,12,0,147,2,177,4,0,0,0,0,14,0,31,0,7,0,51,0,4,0,0,0,4,0,0,0,0,0,0,0,0,0,9,0,3,0,0,0,1,0,19,0,17,0,0,0,0,0,0,0,39,0,2,0,38,0,0,0,6,0,40,0,0,0,12,0,51,0,0,0,0,0,0,0,0,0,0,0,108,0,0,0,0,0,0,0,0,0,0,0,0,0,0,0,0,0,0,0,0,0,12,0,6,0,0,0,0,0,0,0,0,0,0,0,0,0,0,0,51,0,0,0,9,0,33,0,0,0,0,0,0,0,0,0,9,0,0,0,0,0,0,0,3,0,0,0,0,0,0,0,0,0,0,0,0,0,15,0,0,0,0,0,28,0,0,0,0,0,0,0,0,0,0,0,0,0,0,0,0,0,0,0,0,0,0,0,0,0,0,0,0,32,0,0,0,0,0,0,0,0,0,0,0,0,0
0,0,0,91,0,14,0,108,0,0,0,0,0,0,0,6,0,126,0,0,0,25,2,76,0,30,0,11,0,0,0,12,0,140,0,19,0,12,0,87,0,0,0,0,0,4,0,0,0,0,0,0,0,25,0,8,0,0,0,2,0,37,0,121,0,0,0,0,0,0,0,5,0,0,0,0,0,0,0,0,0,95,0,0,0,73,0,0,0,13,0,3,0,0,0,0,0,0,0,67,0,0,0,0,0,0,0,0,0,0,0,0,0,0,0,0,0,0,0,0,0,0,0,0,0,0,0,0,0,10,0,0,0,8,0,0,0,87,0,225,0,310,0,381,0,116,0,0,0,0,0,0,0,0,1,5,0,0,0,0,0,0,0,0,0,0,0,0,0,0,0,0,0,5,0,0,0,0,0,0,0,0,0,4,0,0,0,0,0,0,0,0,0,0,0,0,0,0,0,0,0,0,0,0,0,0,0,0,0,0,0,0,0,0,7,0,0,0,0,0,4,0,0,0,0
28,5,155,5,192,0,0,0,0,0,80,3,0,0,160,6,134,0,13,0,345,0,118,9,0,0,75,0,14,0,0,0,9,0,114,0,25,0,0,0,0,0,58,0,16,0,0,0,0,0,17,0,5,0,0,0,0,0,2,0,0,0,24,0,1,0,0,0,0,0,73,0,13,0,35,0,0,0,0,0,60,0,0,0,0,0,62,0,0,0,0,0,0,0,0,0,0,0,134,0,0,0,0,0,0,0,0,0,0,0,0,0,0,0,0,0,0,0,0,0,15,0,0,0,0,0,0,0,0,0,0,0,1,0,0,0,2,0,0,0,24,0,0,0,57,0,0,0,0,0,0,0,0,0,0,0,0,0,0,0,0,0,0,0,0,0,0,0,0,0,0,0,7,0,0,0,5,2,7,0,0,0,9,0,0,0,0,0,0,0,0,0,0,0,0,0,0,0,0,0,0,0,1,0,0,0,0,0,0,0,27,63,25,6,0,0,0,0,0,0,0,0,0,0,0
0,0,0,11,0,77,0,0,0,0,0,25,0,7,31,92,0,40,3,37,16,120,0,63,0,4,0,14,0,12,0,0,0,9,0,69,0,21,0,0,0,0,0,108,0,1,0,0,0,0,0,23,0,0,0,0,0,0,0,0,0,2,0,20,0,0,0,0,0,0,0,0,0,0,0,0,0,0,0,0,0,32,0,0,0,0,0,0,0,0,0,0,0,0,0,0,0,0,0,27,0,0,0,0,0,0,0,0,0,0,0,0,0,0,0,0,0,0,0,0,0,18,0,0,0,0,0,0,0,0,0,0,0,0,0,0,0,0,0,0,0,13,0,50,0,0,0,0,0,0,0,0,0,0,0,0,0,1,0,0,0,0,0,0,0,0,0,0,0,0,0,0,0,0,0,0,0,17,0,59,0,0,0,0,0,0,0,0,0,0,0,0,0,0,0,0,0,0,0,0,0,0,0,0,0,0,0,0,0,2,0,0,0,0,0,0,0,0,13,22,13,0,0,0,0
154,0,374,0,390,0,0,0,0,0,182,0,0,0,111,9,173,0,10,0,131,0,82,0,0,0,5,0,31,0,9,0,0,0,11,0,163,0,3,0,0,0,8,0,0,0,0,0,0,0,0,0,9,0,0,0,0,0,0,0,6,0,12,0,0,0,0,0,0,0,11,0,0,0,0,0,0,0,0,0,0,0,0,0,0,0,0,0,0,0,0,0,0,0,0,0,0,0,0,0,0,0,0,0,0,0,0,0,0,0,0,0,0,0,0,0,0,0,0,0,0,0,0,0,0,0,0,0,3,0,0,0,0,0,0,0,0,0,130,0,0,0,0,0,38,0,0,0,0,0,0,0,0,0,19,0,28,0,0,0,0,0,0,0,0,0,57,0,0,0,4,0,21,0,0,0,47,0,23,0,0,0,70,0,0,0,0,0,0,0,0,0,0,0,0,0,0,0,0,0,0,0,0,0,0,0,0,0,0,0,18,186,32,0,0,0,0,0,0,0,0,0,0,0,0
0,72,0,188,0,298,0,0,0,0,0,133,0,4,81,254,0,82,0,12,19,64,0,68,0,0,0,9,0,140,0,9,0,0,0,58,0,158,0,6,0,0,0,38,0,10,0,0,0,0,0,19,0,0,0,2,0,0,0,0,0,45,0,19,0,0,0,0,0,0,0,5,0,0,0,6,0,0,0,0,0,72,0,0,0,0,0,0,0,0,0,0,0,0,0,0,0,0,0,0,0,0,0,0,0,0,0,0,0,0,0,0,0,0,0,0,0,0,0,0,0,0,0,0,0,0,0,0,0,0,0,0,0,0,0,0,0,0,0,73,0,202,0,182,0,109,0,0,0,0,0,0,0,0,0,0,0,21,0,0,0,0,0,0,0,0,0,35,0,0,0,2,0,9,0,0,0,41,0,161,0,0,0,1,0,0,0,0,0,0,0,0,0,0,0,0,0,0,0,0,0,0,0,0,0,0,0,0,0,0,0,0,0,0,17,0,0,0,34,29,51,0,0,0,0
0,1,0,0,72,0,0,0,0,0,0,0,85,0,110,0,56,0,95,0,226,8,48,2,0,0,54,5,7,0,114,0,11,0,0,0,193,0,0,0,0,0,19,0,11,0,0,0,0,0,13,0,0,0,0,0,4,0,0,1,3,0,18,0,0,0,0,0,0,0,75,0,23,0,50,0,0,0,0,0,0,0,0,0,0,0,0,0,0,0,0,0,0,0,0,0,0,0,158,0,0,0,0,0,0,0,0,0,0,0,0,0,0,0,0,0,0,0,0,0,0,0,0,0,0,0,0,0,0,0,0,0,0,0,0,0,0,0,0,0,0,0,0,0,25,0,0,0,0,0,0,0,0,0,0,0,0,0,0,0,0,0,0,0,0,0,52,0,15,0,8,0,32,0,0,0,0,0,78,0,0,0,12,0,0,0,17,0,2,0,0,0,0,0,0,0,0,0,0,0,0,0,0,0,0,0,0,0,0,0,73,129,109,20,16,0,0,0,0,0,0,0,0,0,0
0,32,0,0,0,151,0,0,0,0,0,37,34,59,0,51,0,34,14,205,0,236,0,78,0,0,0,53,0,19,0,69,0,58,0,0,0,134,0,16,0,0,0,110,0,3,0,0,0,0,0,54,0,0,0,0,0,0,0,0,0,9,0,9,0,0,0,1,0,0,0,0,0,0,0,0,0,0,0,0,0,0,0,0,0,0,0,0,0,0,0,0,0,0,0,0,0,0,0,0,0,0,0,3,0,0,0,0,0,0,0,0,0,0,0,0,0,0,0,0,0,0,0,0,0,0,0,0,0,0,0,0,0,0,0,0,0,0,0,36,0,64,0,72,0,64,0,0,0,0,0,0,0,0,0,0,0,0,0,0,0,0,0,0,0,0,0,22,0,4,0,0,0,0,0,0,4,83,0,23,0,0,0,0,0,0,0,33,0,0,0,0,0,0,0,1,0,0,0,0,0,0,0,0,0,0,0,0,0,0,0,0,0,0,15,0,0,0,26,29,42,0,0,0,0
52,0,58,0,283,0,0,2,1,0,88,0,136,0,139,0,18,0,157,0,67,0,29,4,0,0,149,0,51,0,25,0,163,0,193,0,0,0,20,0,0,0,25,0,15,0,2,0,0,0,88,0,3,0,0,0,5,0,7,0,30,0,26,0,0,0,0,0,0,0,207,0,51,0,127,0,0,0,0,0,0,0,0,0,0,0,149,0,0,0,0,0,0,0,0,0,0,0,232,0,0,0,0,0,0,0,0,0,0,0,0,0,0,0,0,0,0,0,1,0,35,0,0,0,0,0,0,0,0,0,0,0,0,0,4,0,0,0,176,0,124,0,0,0,218,0,0,0,0,0,0,0,0,0,14,0,25,0,0,2,2,0,33,0,8,0,49,0,18,0,45,0,95,0,0,0,46,12,96,0,0,0,50,0,3,0,0,0,0,0,0,0,0,0,0,0,0,0,0,0,0,0,0,0,0,0,0,0,0,0,22,94,79,1,9,0,0,0,0,0,0,0,0,0,0
0,207,0,192,0,365,0,83,0,0,0,117,0,58,33,241,0,23,16,115,11,71,0,23,0,10,0,31,0,12,0,21,0,158,0,134,0,0,0,7,3,0,0,120,0,13,0,0,0,0,0,131,0,0,0,0,0,0,0,0,0,46,0,6,0,0,0,0,0,0,0,0,0,0,0,8,0,0,0,0,0,58,0,0,0,25,0,0,0,0,0,0,0,0,0,0,0,0,0,29,0,0,0,0,0,0,0,0,0,0,0,0,0,0,0,0,0,0,0,0,0,59,0,18,0,0,0,0,0,0,0,0,0,0,0,0,0,0,0,99,0,175,0,136,0,150,0,0,0,0,0,0,0,0,0,0,0,16,0,0,0,0,0,0,0,0,0,31,0,7,0,8,0,49,0,0,21,74,0,82,0,0,0,8,0,4,0,17,0,0,0,0,0,0,0,0,0,0,0,0,0,0,0,0,0,0,0,0,0,0,0,0,1,0,0,0,0,0,14,80,41,0,0,0,0
175,0,359,0,0,0,216,16,22,0,0,0,0,0,0,0,175,0,0,0,0,0,121,0,239,12,1,0,4,0,0,0,3,0,0,0,20,0,0,0,0,0,0,0,0,0,0,0,0,0,0,0,3,0,0,0,0,0,0,0,20,0,4,2,0,0,0,0,0,0,25,0,1,0,11,0,0,0,0,0,17,0,0,0,0,0,0,0,0,0,0,0,0,0,0,0,0,0,0,0,0,0,0,0,0,0,0,0,0,0,0,0,0,0,0,0,0,0,0,0,0,0,0,0,0,0,0,0,2,0,0,0,0,0,0,0,0,0,27,0,12,0,0,0,32,0,0,0,0,0,0,0,0,0,4,0,44,0,0,0,0,0,0,0,0,0,0,0,0,0,5,0,107,0,0,0,84,0,0,0,0,0,85,0,0,0,0,0,0,0,0,0,0,0,0,0,0,0,0,0,0,0,0,0,0,0,0,0,0,0,28,100,17,21,13,0,0,0,1,0,0,0,0,0,0
0,351,0,542,0,33,0,674,0,0,0,34,0,0,0,26,0,160,0,0,0,15,0,36,0,82,0,0,0,87,0,0,0,6,0,16,0,7,0,0,0,0,0,15,0,1,0,0,0,0,0,4,0,12,0,9,0,4,0,0,0,23,0,32,0,0,0,0,0,0,0,0,0,0,0,0,0,0,0,0,0,0,0,0,0,0,0,0,0,0,0,0,0,0,0,0,0,0,0,0,0,0,0,0,0,0,0,0,0,0,0,0,0,0,0,0,0,0,0,0,0,0,0,0,0,0,0,0,0,0,0,0,0,0,0,0,0,0,0,164,0,91,0,0,0,97,0,0,0,0,0,0,0,0,0,13,0,50,0,17,0,0,0,0,0,0,0,3,0,0,0,5,0,12,0,0,2,74,0,5,0,0,0,31,0,0,0,0,0,0,0,0,0,0,0,0,0,0,0,0,0,0,0,0,0,0,0,0,0,0,0,0,0,0,0,0,0,0,0,29,0,0,0,0,0
20,0,79,0,242,0,4,0,0,0,110,0,347,191,0,0,0,0,17,113,0,0,0,0,0,0,72,401,0,0,0,0,0,0,0,0,0,3,0,0,0,91,0,7,0,46,81,411,99,24,0,0,0,0,0,0,0,0,0,0,0,0,0,0,5,0,0,0,0,0,0,0,0,0,0,0,0,0,0,0,0,0,0,1,0,0,0,0,0,0,0,0,0,0,0,0,0,0,0,0,0,0,0,0,0,0,0,0,0,0,0,0,0,0,0,0,0,0,0,0,0,0,0,0,0,0,0,0,0,0,0,0,0,0,0,0,0,0,0,0,0,0,0,0,0,0,0,0,7,0,11,0,0,0,0,0,0,0,0,0,0,0,0,0,0,0,0,0,4,0,0,0,0,0,0,0,51,60,13,0,0,0,1,0,0,0,290,8,0,0,0,0,0,0,0,0,0,0,0,0,1,0,0,0,0,0,0,0,0,0,0,61,0,0,0,0,0,21,0,24,0,0,0,0,0
0,58,0,0,0,83,0,0,0,0,0,160,0,463,0,9,0,0,0,25,0,0,1,0,0,0,62,66,0,0,0,0,0,0,0,0,0,0,0,0,91,0,13,22,102,20,301,336,63,124,0,17,0,0,0,0,0,0,0,0,0,0,0,0,0,0,0,0,0,0,0,0,0,0,0,0,0,0,0,0,0,0,0,3,0,0,0,0,0,0,0,0,0,0,0,0,0,0,0,0,0,0,0,0,0,0,0,0,0,0,0,0,0,0,0,0,0,0,0,0,0,0,0,0,0,0,0,0,0,0,0,0,0,0,0,0,0,0,0,0,0,0,0,0,0,0,0,0,0,0,0,4,0,11,0,0,0,0,0,0,0,0,0,0,7,24,0,0,0,0,0,0,0,0,0,0,1,232,0,65,0,37,0,0,0,0,78,8,0,0,0,0,0,0,0,0,0,0,0,0,0,0,0,0,0,0,0,0,0,0,0,18,0,0,0,0,0,0,0,46,24,0,0,0,31
0,0,0,0,0,32,0,0,0,0,0,0,111,197,0,0,0,0,106,78,38,15,0,0,0,0,301,154,4,0,58,0,8,0,19,0,25,0,0,0,0,13,0,0,110,5,104,76,20,0,68,14,0,0,0,0,0,0,0,0,0,0,0,0,0,0,0,0,0,0,24,0,0,0,0,0,0,0,0,0,0,0,16,0,0,0,0,0,0,0,0,0,0,0,36,0,0,0,46,0,0,0,0,0,0,0,0,0,0,0,0,0,0,0,0,0,0,0,0,0,0,0,0,0,0,0,0,0,0,0,0,0,0,0,0,0,0,0,0,0,0,0,0,0,0,0,0,0,0,0,0,0,0,0,0,0,0,0,0,0,0,0,0,0,115,0,19,0,44,0,0,0,15,0,0,0,49,24,24,0,0,0,0,0,0,0,243,5,0,0,0,0,0,0,0,0,0,0,0,0,0,0,0,0,0,0,0,0,0,0,20,116,155,0,8,0,0,2,0,0,0,0,0,0,0
0,2,0,0,0,0,0,0,0,0,0,0,0,31,0,0,0,53,0,76,0,162,0,92,0,0,22,176,0,0,0,108,0,38,0,110,0,120,0,15,7,22,0,0,0,161,0,35,0,24,0,76,0,0,0,1,0,0,0,0,0,7,0,16,0,0,0,0,0,3,0,10,0,0,0,0,0,0,0,0,0,0,0,0,0,33,0,0,0,0,0,0,0,0,0,0,0,0,0,0,0,0,0,0,0,3,0,0,0,0,0,0,0,0,0,0,0,0,0,0,0,86,0,30,0,0,0,0,0,0,0,0,0,0,0,0,0,0,0,0,0,100,0,121,0,0,0,0,0,0,0,1,0,0,0,0,0,0,0,0,0,1,0,0,0,31,0,43,0,23,0,8,0,18,0,0,1,114,0,6,0,0,0,1,0,0,8,53,0,0,0,0,0,0,0,1,0,0,0,0,0,4,0,0,0,6,0,0,0,0,0,0,0,0,0,0,0,0,41,73,111,9,0,0,0
0,0,0,0,0,0,0,0,0,0,2,0,8,114,17,0,0,0,79,45,44,0,37,0,0,0,272,160,0,0,16,0,0,0,11,0,15,0,0,0,0,102,110,0,0,25,191,186,177,40,141,0,0,0,0,0,5,0,9,0,0,0,0,0,0,0,0,0,0,0,50,0,10,0,0,0,6,0,0,0,0,0,26,0,0,0,0,0,0,0,0,0,20,0,50,0,0,0,0,0,0,0,0,0,0,0,0,0,0,0,0,0,0,0,0,0,0,0,0,0,0,0,0,0,0,0,0,0,0,0,0,0,0,0,0,0,0,0,0,0,14,0,0,0,38,0,0,0,0,0,0,0,0,0,0,0,0,0,0,0,0,0,0,0,286,0,18,0,46,0,16,0,27,0,0,0,23,47,5,0,0,0,0,0,0,0,75,8,0,0,2,0,0,0,0,0,0,0,0,0,0,0,0,0,0,0,0,0,0,0,22,165,232,5,0,1,0,84,0,0,0,0,0,0,4
0,0,0,0,0,0,0,0,0,0,0,3,5,0,0,11,0,0,0,48,0,17,0,34,0,0,0,185,0,4,0,1,0,10,0,3,0,13,0,1,46,20,5,161,25,0,91,113,26,298,0,105,0,0,0,0,0,0,0,0,0,0,0,5,0,0,0,1,0,37,0,21,0,0,0,0,0,17,0,0,0,68,0,55,0,0,0,13,0,0,0,0,0,21,0,47,0,0,0,0,0,9,0,11,0,0,0,0,0,0,0,0,0,0,0,0,0,0,0,0,0,93,0,0,0,0,0,0,0,0,0,0,0,0,0,5,0,0,0,0,0,36,0,77,0,101,0,0,0,0,0,0,0,0,0,0,0,0,0,0,0,0,0,0,0,284,0,31,0,375,0,25,0,55,0,0,0,27,0,0,0,0,0,0,0,0,15,9,0,27,0,0,0,0,0,13,0,0,0,0,0,11,0,0,0,0,0,0,0,0,0,3,0,0,11,0,0,0,20,193,460,7,1,0,50
15,0,68,0,167,0,0,0,0,0,72,0,153,258,63,0,0,0,96,103,11,11,11,0,0,0,218,544,0,0,0,0,0,0,0,0,2,0,0,0,81,301,104,0,191,91,0,872,186,73,28,0,0,0,0,0,0,0,0,0,0,0,0,0,0,0,0,0,1,0,0,0,0,0,0,0,0,0,3,0,0,0,0,1,0,0,0,0,0,0,0,0,0,0,0,0,0,0,0,0,0,0,0,0,0,0,0,0,0,0,0,0,0,0,0,0,0,0,0,0,0,0,0,0,0,0,0,0,0,0,0,0,0,0,0,0,0,0,0,0,0,0,0,0,0,0,0,0,14,0,15,0,0,0,0,0,0,0,0,0,0,0,0,0,73,0,0,0,21,0,0,0,0,0,0,0,42,118,11,1,0,0,0,0,4,0,229,16,0,0,0,0,0,0,0,0,0,0,0,0,0,0,0,0,0,0,0,0,0,0,0,409,177,0,0,0,0,94,0,46,0,0,0,0,11
0,89,0,0,0,136,0,0,0,5,0,148,109,200,2,30,0,0,57,293,0,18,0,0,0,0,225,258,0,0,0,0,0,0,0,0,0,0,0,0,411,336,76,35,186,113,872,0,90,182,8,26,0,5,0,0,0,0,0,0,0,0,0,8,0,6,0,0,0,9,0,0,0,0,0,0,0,0,0,0,0,0,0,0,0,0,0,0,0,0,0,0,0,7,0,0,0,0,0,0,0,4,0,0,0,0,0,0,0,0,0,0,0,0,0,0,0,0,0,0,0,0,0,0,0,0,0,0,0,0,0,0,0,0,0,0,0,0,0,0,0,0,0,0,0,0,0,2,0,0,0,0,0,0,0,0,0,0,0,0,0,0,0,0,0,46,0,0,0,0,0,0,0,0,0,0,0,176,0,0,0,21,0,8,0,0,119,5,0,0,0,0,0,0,0,0,0,0,0,1,0,1,0,0,0,0,0,0,0,0,0,11,0,0,4,0,0,1,0,400,159,3,0,0,90
9,0,19,0,3,0,8,0,0,0,8,0,12,0,2,1,0,0,0,1,0,0,0,0,18,0,28,26,0,0,0,0,0,0,0,0,0,0,0,0,99,63,20,0,177,26,186,90,0,52,0,0,5,0,14,0,12,0,6,0,1,0,0,0,0,0,0,0,18,0,4,0,1,0,0,0,3,0,0,0,6,0,29,0,0,0,15,0,14,0,0,0,57,2,78,0,0,0,0,0,8,0,29,1,20,0,20,0,2,0,0,0,0,0,0,0,0,0,0,0,0,0,0,0,0,0,1,0,0,0,0,0,0,0,12,0,14,0,0,0,9,0,39,0,0,0,0,0,0,0,10,0,0,0,0,0,1,0,15,0,12,0,3,0,6,0,3,0,9,0,0,0,3,0,8,0,16,42,14,0,0,0,0,0,0,0,93,0,57,2,34,0,0,0,43,2,10,0,38,0,0,1,39,0,52,0,7,0,0,0,34,47,54,5,22,3,0,11,0,7,33,23,0,0,7
0,12,0,9,0,5,0,0,0,3,0,40,0,7,0,15,0,0,0,26,0,51,0,28,0,3,7,76,0,0,0,0,0,0,0,0,0,0,0,0,24,124,0,24,40,298,73,182,52,0,0,11,0,3,0,0,0,0,0,1,0,0,0,21,0,0,0,0,0,6,0,0,0,0,0,3,0,2,0,0,0,0,0,10,0,0,0,0,0,0,0,0,0,7,0,12,0,0,0,0,0,0,0,0,0,1,0,2,0,0,0,0,0,0,0,0,0,0,0,0,0,0,0,7,0,0,0,0,0,0,0,0,0,0,0,0,0,0,0,0,0,0,0,0,0,0,0,0,0,0,0,0,0,0,0,0,0,0,0,0,0,0,0,0,14,24,0,0,0,10,0,1,0,5,0,14,0,117,0,21,0,34,0,3,0,0,23,23,0,1,0,0,0,0,0,0,0,0,0,0,0,0,0,0,0,0,0,0,0,2,0,14,3,0,0,0,0,6,4,18,15,1,0,0,36
3,0,0,0,20,0,0,0,0,0,0,0,215,0,15,0,19,0,212,0,51,0,13,0,0,0,230,19,0,0,17,0,0,0,13,0,88,0,0,0,0,0,68,0,141,0,28,8,0,0,0,0,0,0,4,0,0,0,10,0,0,0,8,0,0,3,0,0,0,0,43,0,4,0,18,0,3,0,0,0,0,0,0,0,11,0,0,0,0,0,0,0,0,0,0,0,43,0,65,0,0,0,0,0,0,0,0,0,0,0,0,0,0,0,0,0,0,0,0,0,0,0,2,0,0,0,0,0,0,0,0,0,0,0,3,0,0,0,0,0,0,0,0,0,0,0,0,0,0,0,0,0,0,0,0,0,0,0,0,1,2,4,0,0,72,0,38,0,76,0,0,0,49,0,0,0,22,0,62,0,0,0,0,0,6,0,114,0,0,0,3,0,0,0,0,0,0,0,0,0,0,0,0,0,0,0,0,0,0,0,0,167,176,15,8,0,0,0,1,0,0,0,0,0,0
0,0,0,0,0,0,0,0,0,5,0,13,0,148,0,16,0,0,0,236,0,89,0,25,0,0,0,245,0,0,0,23,0,19,0,54,0,131,0,4,0,17,14,76,0,105,0,26,0,11,0,0,0,0,0,0,0,0,0,0,0,9,0,3,0,0,0,0,0,1,0,7,0,0,0,14,0,2,0,0,0,0,0,0,0,0,0,16,0,0,0,0,0,0,0,0,0,0,0,27,0,0,0,0,0,0,0,0,0,0,0,0,0,0,0,0,0,0,0,0,0,67,0,29,0,0,0,0,0,0,0,0,0,0,0,0,0,0,0,0,0,60,0,91,0,71,1,0,0,0,0,0,0,0,0,0,0,0,0,0,0,0,0,0,0,12,0,37,0,22,0,12,0,18,0,2,0,112,0,4,0,0,0,0,0,0,0,72,0,3,0,0,0,0,0,0,0,0,0,0,0,4,0,0,0,2,0,0,0,4,0,0,0,0,7,0,0,0,21,22,54,5,0,0,0
0,0,3,0,0,0,9,0,16,135,0,0,0,0,3,0,239,0,9,0,25,0,16,0,22,0,0,0,9,0,5,0,9,0,0,0,3,0,3,0,0,0,0,0,0,0,0,0,5,0,0,0,0,104,200,335,105,52,36,259,52,0,75,20,0,14,1,116,0,0,0,0,0,0,12,0,0,0,0,0,27,0,0,0,239,0,16,0,0,0,0,0,0,0,0,0,152,0,0,0,0,0,0,0,0,0,35,0,0,0,0,0,0,0,0,0,0,0,0,0,20,0,55,0,2,0,8,0,65,0,11,0,21,0,6,0,36,0,196,0,86,0,131,0,29,0,4,0,0,0,4,0,0,1,287,17,69,1,202,9,25,3,2,0,0,0,0,0,0,0,153,0,2,0,0,0,4,2,0,0,0,0,3,0,1,0,0,0,0,0,0,0,0,0,0,0,0,0,0,0,61,0,0,0,0,0,0,0,7,0,86,182,174,80,71,0,18,0,0,0,2,0,0,0,0
0,38,0,3,0,21,64,25,102,94,0,2,0,0,0,2,4,123,0,0,0,24,0,23,12,55,0,0,0,25,0,0,0,0,0,0,0,0,0,12,0,0,0,0,0,0,0,5,0,3,0,0,104,0,99,117,13,101,128,65,5,25,27,102,8,2,51,0,0,0,0,0,0,0,0,0,0,0,0,0,0,5,0,0,0,34,0,0,0,0,0,0,0,0,0,0,1,13,0,0,0,0,0,0,0,0,0,0,0,0,0,0,0,0,0,0,0,0,0,0,0,0,0,0,0,0,0,0,0,49,0,5,0,0,0,33,0,65,0,483,0,111,0,164,0,45,0,0,0,0,0,0,0,0,35,353,7,118,3,384,7,15,0,1,0,0,0,0,0,0,0,11,1,0,0,0,4,41,0,0,0,0,0,0,0,2,0,0,0,0,0,0,0,0,0,0,0,0,0,0,0,0,0,0,0,0,0,0,0,13,0,0,0,0,23,0,0,0,19,103,16,11,2,0,0
0,0,58,0,0,0,305,0,43,204,0,0,0,0,0,0,33,0,0,0,0,0,83,0,135,21,0,0,3,0,0,0,0,0,0,0,0,0,0,0,0,0,0,0,0,0,0,0,14,0,4,0,200,99,0,232,78,0,105,151,114,0,26,35,0,0,0,60,0,0,0,0,0,0,0,0,0,0,0,0,2,0,0,0,112,0,0,0,0,0,0,0,0,0,0,0,0,0,0,0,0,0,0,0,166,0,0,0,0,0,0,0,0,0,0,0,0,0,0,0,0,0,0,0,0,0,11,0,139,0,41,0,39,0,135,0,119,0,17,0,91,0,247,0,0,0,5,0,0,0,0,0,0,0,12,14,0,0,15,0,93,0,0,0,0,0,0,0,0,0,325,0,47,0,0,0,14,0,0,0,0,0,0,2,0,0,0,0,0,0,0,0,0,0,0,0,0,0,0,0,200,0,0,0,0,0,0,0,68,0,755,122,506,523,360,17,186,0,1,0,2,0,0,0,0
0,8,0,135,0,0,178,294,433,106,0,0,0,0,0,55,0,9,0,0,0,0,0,11,14,130,0,0,0,8,0,0,0,2,0,0,0,0,0,9,0,0,0,1,0,0,0,0,0,0,0,0,335,117,232,0,0,177,212,267,34,54,147,67,3,0,85,3,0,0,0,0,0,0,0,0,0,0,0,0,0,0,0,0,0,7,0,0,0,0,0,0,0,0,0,0,0,0,0,0,0,0,0,0,0,0,0,0,0,0,0,0,0,0,0,0,0,0,0,0,0,0,0,0,0,0,0,0,0,34,3,83,0,0,0,353,0,123,2,163,0,69,0,44,1,8,0,0,0,0,0,0,0,0,10,39,9,31,0,25,0,10,0,0,0,0,0,0,0,0,0,133,0,40,0,0,10,8,0,0,0,0,0,0,0,0,0,0,0,0,0,0,0,0,0,0,0,1,0,0,0,91,0,0,0,0,0,0,0,19,0,0,0,0,276,0,0,0,242,90,258,198,39,0,0
0,0,8,0,0,0,26,0,23,0,0,0,0,0,0,0,7,0,0,0,0,0,0,0,8,0,0,0,0,0,0,0,0,0,4,0,5,0,0,0,0,0,0,0,5,0,0,0,12,0,0,0,105,13,78,0,0,9,200,111,16,0,4,0,10,64,6,92,0,0,0,0,0,0,0,0,0,0,0,0,0,0,0,0,0,0,0,0,0,0,0,0,0,0,0,0,0,0,0,0,0,0,0,0,0,0,0,0,0,0,0,0,0,0,0,0,0,0,0,0,0,0,0,0,0,0,8,0,133,0,63,0,36,0,39,0,27,0,21,0,7,0,0,0,5,4,8,0,5,0,15,0,0,0,43,39,21,0,41,25,155,0,0,0,0,0,0,0,0,0,122,0,5,0,2,0,8,0,0,0,0,7,0,0,14,6,0,0,0,0,0,0,0,0,0,0,0,0,2,0,0,0,0,0,0,0,0,0,31,0,517,187,369,457,455,31,82,0,0,0,0,0,0,0,0
0,0,0,0,0,0,0,40,0,14,0,0,0,0,0,0,0,0,0,0,0,1,0,11,0,94,0,0,0,0,0,0,0,0,0,0,0,0,0,4,0,0,0,0,0,0,0,0,0,0,0,0,52,101,0,177,9,0,103,202,0,0,0,17,0,0,38,4,0,0,0,0,0,0,0,0,0,0,0,0,0,0,0,0,0,0,0,0,0,0,0,0,0,0,0,0,0,0,0,0,0,0,0,0,0,0,0,0,0,0,0,0,0,0,0,0,0,0,0,0,0,0,0,0,0,7,0,0,0,34,0,42,0,11,0,106,0,52,1,106,0,51,0,0,6,6,0,0,0,2,0,0,0,0,29,131,7,61,0,173,0,90,0,0,0,1,0,0,0,5,0,345,0,20,0,1,0,1,0,0,0,0,0,0,0,1,0,0,0,0,0,0,0,0,0,0,0,0,0,4,0,0,0,0,0,0,0,0,0,10,0,0,0,0,520,0,0,0,546,90,571,387,100,17,0
1,0,7,0,0,0,21,0,57,0,0,0,0,0,0,2,0,1,0,0,0,0,0,0,15,0,0,0,1,0,2,0,0,0,0,0,7,0,0,0,0,0,0,0,9,0,0,0,6,0,10,0,36,128,105,212,200,103,0,603,87,1,12,0,58,95,257,350,0,0,0,0,0,0,0,0,0,0,0,0,0,0,0,0,0,0,0,0,0,0,0,0,0,0,0,0,0,0,0,0,0,0,0,1,0,0,0,0,0,0,0,0,0,0,0,0,0,0,0,0,0,0,0,0,6,0,4,0,0,0,56,0,0,0,0,0,0,0,0,0,0,0,0,0,0,0,0,0,10,0,13,0,0,0,11,88,46,0,5,51,30,44,0,0,2,0,0,0,0,0,101,0,25,0,0,7,135,1,0,0,0,4,0,0,197,32,0,0,0,0,0,0,0,0,0,0,0,0,0,0,0,0,0,0,0,0,0,0,12,0,575,510,229,355,377,19,80,0,0,0,0,0,0,0,0
0,0,0,0,0,0,0,6,219,131,0,0,0,0,0,0,0,0,0,0,0,0,0,0,0,2,0,0,0,2,0,0,0,0,1,0,0,0,0,0,0,0,0,0,0,0,0,0,0,1,0,0,259,65,151,267,111,202,603,0,18,105,28,22,82,61,213,302,0,0,0,0,0,0,0,0,0,0,0,0,0,0,0,0,0,0,0,0,0,0,0,0,0,0,0,0,0,0,0,0,0,0,0,0,0,0,0,0,0,0,0,0,0,0,0,0,0,0,0,0,0,0,0,0,0,17,0,7,0,0,0,55,0,0,0,36,0,13,11,9,0,0,0,0,13,23,0,2,0,9,0,0,0,0,164,141,41,151,20,73,0,95,0,0,0,0,0,0,0,0,0,181,0,0,0,45,67,24,0,0,0,0,0,0,74,174,0,0,0,0,0,0,0,0,0,0,0,0,0,3,0,0,0,0,0,0,0,0,0,14,0,0,0,0,722,0,0,0,795,615,474,416,126,0,0
0,0,0,0,0,0,223,0,72,16,0,0,0,0,0,0,15,0,0,0,0,0,4,0,187,6,2,0,19,0,0,0,6,0,3,0,30,0,20,0,0,0,0,0,0,0,0,0,1,0,0,0,52,5,114,34,16,0,87,18,0,0,61,1,0,0,3,0,0,0,11,0,0,0,13,0,0,0,0,0,0,0,0,0,0,0,0,0,0,0,0,0,0,0,0,0,0,0,0,0,0,0,0,0,0,0,0,0,0,0,0,0,0,0,0,0,0,0,0,0,0,0,0,0,0,0,0,0,6,0,0,1,9,0,0,0,0,0,248,0,177,0,9,0,410,0,0,0,0,0,0,0,0,0,67,0,224,0,3,0,0,0,11,0,0,0,0,0,4,0,156,0,52,0,0,0,4,0,0,0,0,0,26,0,0,0,0,0,0,0,0,0,0,0,0,0,0,0,0,0,0,0,0,0,0,0,0,0,2,0,82,43,40,48,33,0,15,0,0,0,0,0,0,0,0
8,238,8,75,0,41,8,427,0,269,0,6,0,0,0,0,2,35,0,0,0,18,8,15,0,65,0,0,0,37,0,2,0,45,0,9,0,46,0,23,0,0,0,7,0,0,0,0,0,0,0,9,0,25,0,54,0,0,1,105,0,0,0,29,0,0,0,0,0,0,0,1,0,0,0,0,0,0,0,0,0,0,0,0,0,0,0,0,0,0,0,0,0,0,0,0,0,0,0,0,0,0,0,0,0,0,0,0,0,0,0,0,0,0,0,0,0,0,0,0,0,0,0,0,0,0,0,0,0,0,0,0,0,2,0,0,0,33,0,214,0,176,0,49,0,168,0,0,0,0,0,1,0,0,0,13,0,270,0,73,0,3,0,0,0,0,0,0,0,0,0,96,0,55,0,0,5,197,0,0,0,0,0,43,0,1,0,0,0,0,0,0,0,0,0,0,0,0,0,0,0,0,0,0,0,0,0,0,0,2,0,0,0,0,0,0,0,0,14,172,43,0,1,0,0
0,5,0,0,0,0,39,30,40,139,0,0,0,0,2,0,325,12,0,0,112,0,29,0,90,43,0,0,17,0,24,0,12,0,18,0,26,0,4,0,0,0,0,0,0,0,0,0,0,0,8,0,75,27,26,147,4,0,12,28,61,0,0,45,0,0,0,0,0,0,99,0,0,0,129,0,0,0,0,0,191,0,0,0,206,0,161,0,0,0,0,0,0,0,0,0,123,0,338,0,17,0,0,0,0,0,0,0,0,0,0,0,0,0,0,0,0,0,0,0,69,0,60,0,0,0,0,0,21,0,0,0,28,0,1,0,26,0,173,0,125,0,66,0,87,0,0,0,0,0,0,0,0,0,68,0,56,0,27,0,1,0,11,0,0,0,0,0,0,0,3,2,7,0,0,0,5,6,0,0,0,0,42,4,0,0,0,0,0,0,0,0,0,0,0,0,0,0,0,0,0,0,0,0,0,0,0,0,0,0,13,52,11,11,0,0,0,0,2,0,0,0,0,0,0
25,50,15,0,0,9,185,142,163,197,0,1,0,0,0,8,46,466,0,58,0,106,0,156,90,85,0,50,0,121,0,20,0,19,0,9,0,6,2,32,0,0,0,16,0,5,0,8,0,21,0,3,20,102,35,67,0,17,0,22,1,29,45,0,0,0,0,0,0,0,0,0,0,0,0,0,0,0,0,0,0,0,0,0,0,17,0,0,0,0,0,0,0,0,0,0,0,0,0,0,0,0,0,0,0,0,0,4,0,0,0,0,0,0,0,0,0,0,0,0,0,0,0,0,0,0,0,0,0,22,0,0,0,0,0,21,0,0,0,276,0,180,0,85,0,72,0,0,0,0,0,0,0,0,0,53,0,58,0,42,0,3,0,0,0,0,0,0,0,0,0,2,0,5,0,0,10,73,0,0,0,0,0,23,0,0,0,0,0,0,0,0,0,0,0,0,0,0,0,0,1,4,0,0,0,0,0,0,0,20,0,0,0,0,8,0,0,0,9,96,3,2,0,1,0
33,0,9,0,6,0,5,0,102,0,12,0,6,0,0,0,0,0,0,0,0,0,0,0,0,0,0,0,0,0,1,0,0,0,0,0,0,0,0,0,5,0,0,0,0,0,0,0,0,0,0,0,0,8,0,3,10,0,58,82,0,0,0,0,0,87,157,21,0,0,0,0,0,0,0,0,0,0,0,0,0,0,0,0,0,0,0,0,0,0,0,0,0,0,0,0,0,0,0,0,0,0,0,0,0,0,0,0,0,0,0,0,0,0,0,0,0,0,0,0,0,0,0,0,0,0,0,0,0,0,19,22,0,0,10,0,0,0,1,0,0,0,0,0,4,8,21,0,42,0,23,0,0,0,8,35,5,0,4,45,285,155,0,0,0,0,0,0,0,0,0,0,1,0,43,0,16,0,0,0,75,26,0,0,221,5,0,0,0,0,0,0,0,0,0,0,0,0,0,0,0,0,0,0,0,0,0,0,8,0,32,37,5,0,19,0,0,0,0,0,0,0,0,0,0
0,26,0,8,0,6,0,16,0,319,0,10,0,0,0,0,0,0,0,0,0,0,0,0,0,0,0,0,0,0,0,0,0,0,0,0,0,0,0,0,0,0,0,0,0,0,0,6,0,0,3,0,14,2,0,0,64,0,95,61,0,0,0,0,87,0,41,267,0,0,0,2,0,0,0,0,0,0,0,0,0,0,0,0,0,0,0,0,0,0,0,0,0,0,0,0,0,0,0,0,0,0,0,0,0,0,0,10,0,0,0,0,0,0,0,0,0,0,0,0,0,0,0,0,0,13,0,21,0,0,90,39,0,0,0,0,0,7,49,0,2,0,0,0,47,33,0,21,51,134,0,38,0,24,44,3,4,0,57,5,255,317,1,0,0,0,0,0,0,2,0,0,0,0,3,45,8,0,0,0,23,233,0,0,43,152,0,0,0,0,0,0,0,0,0,0,0,0,0,9,0,0,0,0,0,0,0,0,0,35,0,0,0,0,38,0,0,0,25,13,0,0,0,0,0
12,0,0,0,0,0,4,0,87,0,1,0,0,0,0,0,0,0,0,0,0,0,0,0,0,0,0,0,0,0,0,0,0,0,0,0,0,0,0,0,0,0,0,0,0,0,0,0,0,0,0,0,1,51,0,85,6,38,257,213,3,0,0,0,157,41,0,85,0,0,0,0,0,0,0,0,0,0,0,0,0,0,0,0,0,0,0,0,0,0,0,0,0,0,0,0,0,0,0,0,0,0,0,0,0,0,0,0,0,0,0,0,0,0,0,0,0,0,0,0,0,0,0,0,0,0,0,0,0,0,7,0,0,0,0,0,0,0,0,2,0,0,0,0,0,3,0,0,22,0,0,0,0,0,4,30,8,0,0,20,60,24,0,0,0,0,0,0,0,0,1,0,4,0,4,8,188,0,0,0,0,0,0,0,389,0,0,0,0,0,0,0,0,0,0,0,0,0,0,0,0,0,0,0,0,0,0,0,1,0,13,27,0,0,0,0,0,0,0,0,0,0,0,0,0
0,2,0,0,0,0,0,2,0,160,0,0,0,0,0,0,0,0,0,0,0,0,0,0,0,1,0,0,0,0,0,0,0,0,0,1,0,0,0,0,0,0,0,0,0,1,0,0,0,0,0,0,116,0,60,3,92,4,350,302,0,0,0,0,21,267,85,0,0,0,0,0,0,0,0,0,0,0,0,0,0,0,0,0,0,0,0,0,0,0,0,0,0,0,0,0,0,0,0,0,0,0,0,0,0,0,0,0,0,0,0,0,0,0,0,0,0,0,0,0,0,0,0,0,0,7,0,14,0,0,0,33,0,0,0,0,0,4,0,1,0,0,0,0,6,7,0,8,2,17,0,8,0,7,68,2,0,6,18,8,13,112,0,2,0,0,0,0,0,0,0,6,0,0,0,86,49,33,0,0,0,22,0,0,33,457,0,0,0,0,0,0,0,0,0,0,0,0,0,0,0,0,0,0,0,0,0,0,0,0,0,0,0,0,0,0,0,0,43,64,18,0,0,0,0
0,0,0,0,0,0,0,0,0,0,0,0,0,0,0,0,0,0,0,0,0,0,0,0,0,0,0,0,0,0,0,0,0,0,0,0,0,0,0,0,0,0,0,0,0,0,1,0,18,0,0,0,0,0,0,0,0,0,0,0,0,0,0,0,0,0,0,0,0,0,0,0,0,0,0,0,207,0,2,0,0,0,44,0,0,0,0,0,4,0,0,0,58,0,0,0,0,0,0,0,0,0,103,0,0,0,0,0,106,0,4,0,0,0,2,0,1,0,0,0,0,0,0,0,0,2,1,0,0,0,0,0,1,0,4,0,6,0,0,0,0,0,0,0,0,0,0,0,0,0,0,0,0,0,0,0,0,0,0,0,0,0,0,0,48,0,0,0,71,0,0,0,0,0,4,0,0,0,0,0,0,0,0,0,0,0,0,0,0,0,0,0,11,0,23,0,0,0,0,0,0,0,0,0,0,0,0,0,0,0,65,0,95,0,0,21,103,1,0,0,0,0,0,0,0
0,0,0,0,0,0,0,0,0,0,0,0,0,0,0,0,0,0,0,0,0,0,0,0,0,0,0,18,0,0,0,0,0,0,0,0,0,0,0,0,0,0,0,3,0,37,0,9,0,6,0,1,0,0,0,0,0,0,0,0,0,0,0,0,0,0,0,0,0,0,0,0,0,2,0,0,0,61,0,0,0,0,0,47,0,0,0,0,0,34,0,0,0,71,0,42,0,0,0,0,0,15,0,150,0,17,0,12,0,56,0,4,0,9,0,1,0,12,0,0,0,0,0,0,0,0,0,0,0,1,0,0,0,0,0,0,0,6,0,0,0,0,0,0,0,0,0,0,0,0,0,0,0,0,0,0,0,0,0,0,0,0,0,0,0,26,0,0,0,58,0,1,0,0,0,0,0,2,0,0,0,0,0,0,0,0,0,0,0,41,0,0,0,0,0,30,0,0,0,0,0,28,0,0,0,0,0,0,0,0,0,0,0,0,0,0,0,0,45,6,51,2,7,16,0
0,0,0,0,0,0,0,0,0,0,0,0,0,0,0,0,120,0,0,0,216,0,0,0,0,0,57,0,39,0,73,0,11,0,75,0,207,0,25,0,0,0,24,0,50,0,0,0,4,0,43,0,0,0,0,0,0,0,0,0,11,0,99,0,0,0,0,0,0,0,0,0,178,0,240,0,0,0,194,0,13,0,0,0,1,0,26,0,0,0,0,0,0,0,0,0,0,0,0,0,0,0,0,0,0,0,0,0,0,0,0,0,0,0,0,0,0,0,0,0,15,0,12,0,0,0,0,5,5,5,0,3,5,0,0,0,25,0,0,5,115,0,43,0,157,0,0,0,0,0,24,0,11,0,0,0,13,0,0,0,0,0,31,0,0,0,6,0,24,0,42,0,79,0,39,0,0,0,0,0,10,0,0,0,0,0,0,0,0,0,0,0,0,0,0,0,0,0,0,0,0,0,0,0,0,0,0,0,0,0,8,0,9,0,2,0,0,0,0,0,1,0,0,0,0
0,0,0,0,0,0,0,0,0,0,0,1,0,0,0,0,0,0,0,0,0,11,0,0,0,0,0,0,0,5,0,0,0,5,0,0,0,0,0,0,0,0,0,10,0,21,0,0,0,0,0,7,0,0,0,0,0,0,0,0,0,1,0,0,0,2,0,0,0,0,0,0,0,126,0,286,0,8,0,13,0,0,0,0,0,0,0,50,0,0,0,0,0,0,0,0,0,0,0,0,0,0,0,0,0,0,0,0,0,0,0,0,0,0,0,0,0,0,0,0,0,5,0,22,0,14,0,0,0,15,0,20,0,10,0,0,0,65,0,0,0,70,0,0,0,123,0,0,5,23,0,30,0,11,0,0,0,0,0,0,0,0,0,19,0,0,0,10,0,1,0,21,0,10,0,6,0,0,0,0,0,24,0,0,0,0,0,0,0,0,0,0,0,0,0,0,0,0,0,0,0,0,0,0,0,0,0,0,0,0,0,0,0,0,2,0,0,0,39,7,0,0,0,0,0
0,0,0,0,0,0,0,0,0,0,0,0,0,0,0,0,0,0,0,0,25,0,2,0,0,0,0,0,2,0,13,0,0,0,23,0,51,0,1,0,0,0,0,0,10,0,0,0,1,0,4,0,0,0,0,0,0,0,0,0,0,0,0,0,0,0,0,0,0,0,178,0,0,0,128,0,48,0,313,0,0,0,49,0,0,0,14,0,0,0,0,0,0,0,0,0,0,0,0,0,0,0,0,0,0,0,0,0,0,0,0,0,0,0,0,0,0,0,1,0,33,0,5,0,0,0,0,0,7,0,3,2,9,0,106,0,85,0,2,0,99,0,150,0,75,0,21,0,8,0,88,0,0,0,0,0,0,0,0,0,0,0,71,0,0,0,0,0,28,0,32,0,44,0,12,0,0,0,0,0,9,0,0,0,1,0,0,0,0,0,0,0,0,0,0,0,1,0,104,0,0,0,0,0,0,0,0,0,62,0,236,1,13,0,14,0,0,0,0,0,0,0,0,0,0
0,1,0,0,0,0,0,0,0,0,0,0,0,0,0,0,0,0,0,0,0,0,0,0,0,0,0,0,0,0,0,0,0,0,0,0,0,0,0,0,0,0,0,0,0,0,0,0,0,0,0,0,0,0,0,0,0,0,0,0,0,0,0,0,0,0,0,0,0,2,0,126,0,0,0,237,0,65,0,49,0,0,0,26,0,27,0,105,0,0,0,0,0,1,0,3,0,0,0,0,0,0,0,0,0,0,0,0,0,0,0,0,0,0,0,0,0,0,0,0,0,24,0,32,0,0,0,0,0,7,0,3,0,0,0,238,0,133,0,17,0,53,0,71,0,83,0,0,0,8,0,32,0,20,0,0,0,0,0,0,0,0,0,32,0,0,0,2,0,13,0,6,0,0,0,0,0,0,0,0,0,0,0,0,0,0,0,0,0,0,0,0,0,0,0,0,0,0,0,0,0,58,0,0,0,0,0,0,0,0,0,0,0,0,0,0,0,0,107,2,4,1,0,0,0
0,0,0,0,0,0,0,0,0,0,0,0,0,0,0,0,153,0,0,0,134,0,0,0,0,0,0,0,38,0,35,0,0,0,50,0,127,0,11,0,0,0,0,0,0,0,0,0,0,0,18,0,12,0,0,0,0,0,0,0,13,0,129,0,0,0,0,0,0,0,240,0,128,0,0,0,7,0,246,0,26,0,59,0,9,0,100,0,1,0,0,0,0,0,20,0,5,0,17,0,2,0,2,0,0,0,0,0,0,0,0,0,0,0,0,0,0,0,0,0,101,0,17,1,0,37,0,0,6,0,0,12,26,36,0,0,51,14,0,0,178,9,133,0,153,0,13,0,11,3,23,0,25,0,2,0,0,0,3,0,0,0,12,0,1,0,0,0,22,0,15,0,18,0,114,0,0,0,0,0,39,16,0,0,0,0,0,0,0,0,0,0,0,0,0,0,0,0,18,0,7,0,0,0,0,0,0,0,12,2,7,0,7,0,0,0,0,0,0,0,0,0,0,0,0
0,0,0,0,0,0,0,0,0,0,0,0,0,0,0,0,0,0,0,0,0,0,0,0,0,0,0,0,0,0,0,0,0,6,0,0,0,8,0,0,0,0,0,0,0,0,0,0,0,3,0,14,0,0,0,0,0,0,0,0,0,0,0,0,0,0,0,0,0,0,0,286,0,237,0,0,0,24,0,40,0,2,0,0,0,9,0,117,0,0,0,0,0,0,0,0,0,0,0,0,0,0,0,0,0,0,0,0,0,0,0,0,0,0,0,0,0,0,0,0,0,108,0,40,12,0,1,0,0,0,0,10,0,20,0,78,0,0,2,0,0,59,0,29,0,220,0,0,4,15,0,0,0,24,0,0,0,5,0,0,0,0,0,34,0,0,0,0,0,11,0,16,0,15,0,10,0,0,0,1,6,37,0,0,0,0,0,0,0,0,0,0,0,0,0,0,0,0,0,0,0,0,0,0,0,0,0,0,0,0,0,0,0,0,8,0,1,0,32,0,6,0,0,0,0
0,0,0,0,0,0,1,0,0,0,0,0,0,0,0,0,0,0,0,0,0,0,0,0,0,0,7,0,0,0,0,0,0,0,0,0,0,0,0,0,0,0,0,0,6,0,0,0,3,0,3,0,0,0,0,0,0,0,0,0,0,0,0,0,0,0,0,0,207,0,0,0,48,0,7,0,0,0,28,0,7,0,103,0,0,0,34,0,7,0,1,0,75,0,45,0,0,0,0,0,3,0,18,0,0,0,0,0,10,0,0,0,0,0,0,0,0,0,0,0,0,0,6,0,0,0,0,0,0,0,0,0,0,0,0,0,12,3,0,0,0,0,0,0,0,0,0,0,0,0,0,0,0,0,0,0,0,0,0,0,0,0,0,0,16,0,0,0,48,0,0,0,0,0,4,0,0,0,0,0,0,0,0,0,0,0,0,0,0,0,0,0,0,0,33,0,0,0,0,0,0,0,40,0,42,0,0,0,0,0,53,3,78,1,3,6,17,0,0,0,0,0,0,0,0
0,0,0,0,0,0,0,0,0,0,0,0,0,0,0,0,0,0,0,0,0,0,0,0,0,0,0,0,0,0,0,0,0,0,0,0,0,0,0,0,0,0,0,0,0,17,0,0,0,2,0,2,0,0,0,0,0,0,0,0,0,0,0,0,0,0,0,0,0,61,0,8,0,65,0,24,0,0,0,11,0,62,0,269,0,0,0,219,0,29,0,0,0,94,0,70,0,0,0,10,0,18,0,83,1,42,0,0,0,7,0,0,0,0,0,0,0,5,0,0,0,14,0,0,0,0,2,0,0,0,0,0,0,0,0,58,0,0,0,0,0,0,0,0,0,0,0,0,0,0,0,0,0,7,0,0,0,0,0,0,0,0,0,0,0,4,0,0,0,86,0,0,0,0,0,0,0,0,0,0,0,7,0,0,0,0,0,0,0,125,0,0,0,4,0,0,0,0,0,0,0,73,0,0,0,0,0,0,0,8,0,0,0,0,0,0,0,0,49,4,52,0,9,5,0
0,0,0,0,0,0,0,0,0,0,0,0,0,0,0,0,0,0,0,0,0,0,0,0,0,0,0,0,6,0,0,0,0,0,0,0,0,0,0,0,0,0,0,0,0,0,3,0,0,0,0,0,0,0,0,0,0,0,0,0,0,0,0,0,0,0,0,0,2,0,194,0,313,0,246,0,28,0,0,0,11,0,147,0,0,0,35,0,0,0,0,0,21,0,18,0,0,0,5,0,0,0,0,0,0,0,0,0,0,0,0,0,0,0,0,0,0,0,0,0,84,0,20,0,0,0,0,0,0,0,0,0,0,0,103,0,40,0,0,0,54,0,208,0,42,0,0,0,0,0,0,0,0,0,0,0,0,0,0,0,0,0,0,0,7,0,0,0,62,0,0,0,0,0,0,0,0,0,0,0,0,0,0,0,1,0,0,0,0,0,0,0,0,0,18,0,0,0,122,0,97,0,0,0,0,0,0,0,0,0,134,0,47,0,10,0,8,0,0,0,0,0,0,0,0
