0,121,65,117,87,4,40,62,47,27,296,0,152,0,59,39,112,62,42,0,35,0,71,88,11,164,116,0,197,0,34,0,229,0,0,0,65,0,375,0,47,0,8,0,16,0,27,0,31,0,7,0,0,0,2,4,4,0,0,0,25,3,33,12,7,1,0,0,0,0,0,0,0,0,0,0,0,0,0,0,0,0,0,0,0,0,0,0,0,0,0,0,0,0,0,0,0,0,0,0,0,0,0,0,0,0,0,0,0,0,0,0,0,0,0,0,0,0,0,0,0,0,0,0,8,0,0,0,0,0,9,0,0,0,11,0,6,0,0,0,0,0,4,0,0,0,3,0,12,0,4,0,2,0,0,0,0,0,0,0,0,0,3,0,0,0,7,0,29,0,38,0,254,0,0,0,119,113,22,0,0,0,107,11,13,0,5,0,0,0,0,0,0,0,0,0,0,0,0,0,0,0,0,0,0,0,0,0,6,0,543,140,216,137,274,2,5,4,3,0,2,0,0,0,0
121,0,111,47,12,191,28,45,9,70,9,181,1,119,0,42,63,77,0,94,10,0,132,37,107,33,0,247,0,61,1,14,0,74,0,0,0,63,0,355,0,59,0,0,0,0,0,118,0,52,0,0,0,30,0,4,0,0,0,6,0,164,9,221,0,26,0,12,0,0,0,1,0,0,0,0,0,0,0,0,0,0,0,0,0,0,0,0,0,0,0,0,0,0,0,0,0,0,0,0,0,0,0,0,0,0,0,1,0,0,0,0,0,0,0,0,0,0,0,0,0,0,0,0,0,8,0,1,0,0,0,0,0,1,0,0,0,14,0,0,0,0,0,6,0,0,0,2,0,16,0,0,0,13,0,1,0,0,0,0,0,0,0,2,0,7,0,18,0,10,0,6,0,168,0,3,15,509,4,11,0,8,12,44,0,47,0,0,0,0,0,0,0,0,0,0,0,0,0,0,0,0,0,0,0,0,0,2,0,0,0,0,0,0,402,0,0,0,767,233,274,102,1,3,3
65,111,0,106,143,0,87,15,11,3,40,0,81,0,219,49,60,24,75,0,85,0,297,80,60,77,141,0,271,0,40,0,201,0,0,0,55,0,265,0,14,0,0,0,0,0,8,0,57,0,0,0,0,0,20,4,6,0,0,0,0,0,46,9,5,0,0,0,0,0,0,0,0,0,4,0,0,0,0,0,0,0,0,0,22,0,0,0,0,0,0,0,0,0,0,0,0,0,0,0,0,0,0,0,0,0,0,0,0,0,0,0,0,0,0,0,0,0,1,0,0,0,0,0,10,1,0,0,0,0,9,0,19,0,70,0,162,2,0,0,5,0,64,0,0,0,12,0,39,0,3,0,0,0,0,0,0,0,0,0,8,0,3,0,0,0,54,0,25,0,29,0,291,0,2,0,102,53,0,0,0,0,22,17,39,0,0,0,0,0,0,0,0,0,0,0,0,0,0,0,30,0,0,0,2,0,0,0,29,0,538,104,216,205,367,0,8,12,0,0,0,0,0,0,0
117,47,106,0,0,109,0,276,0,17,33,7,0,0,0,274,72,33,0,262,24,66,179,111,26,93,0,155,0,70,0,27,6,163,0,0,0,22,0,225,0,9,0,0,0,30,0,0,0,39,0,0,0,6,0,124,0,0,1,0,0,0,0,29,3,18,0,4,0,0,0,0,0,0,0,0,0,0,0,0,0,0,0,0,0,30,0,0,0,0,0,0,0,0,0,0,0,0,0,0,0,0,0,0,0,0,0,0,0,0,0,0,0,0,0,0,0,0,0,0,0,0,0,0,0,0,0,0,0,0,2,0,0,0,0,186,0,244,0,14,0,10,0,54,0,0,0,0,0,16,0,8,0,0,0,0,0,0,0,0,0,0,0,0,0,9,0,0,0,9,0,8,0,81,0,0,17,224,0,10,0,9,17,17,0,11,0,0,0,0,0,0,0,0,0,0,0,0,0,0,0,14,0,0,0,0,0,18,0,71,0,0,0,0,244,0,0,0,296,84,154,75,0,2,3
87,12,143,0,0,214,11,0,38,0,170,45,285,143,244,158,36,2,126,186,350,77,90,30,9,4,253,67,0,0,240,0,334,21,312,0,168,12,0,0,66,0,17,0,13,0,49,0,46,0,58,0,0,0,0,0,0,0,0,0,0,0,0,0,1,0,0,0,0,0,0,0,0,0,0,0,0,0,0,0,0,0,0,0,0,0,8,0,0,0,7,0,0,0,0,0,0,0,0,0,0,0,0,0,0,0,0,0,0,0,0,0,0,0,0,0,0,0,2,0,0,0,0,0,0,0,0,0,0,0,0,0,0,0,19,0,34,0,0,0,0,0,21,0,0,0,0,0,24,0,0,0,0,0,0,0,0,0,0,0,0,0,0,0,22,0,263,0,72,0,9,0,221,0,2,0,294,224,117,0,2,0,40,0,46,0,3,0,0,0,0,0,0,0,0,0,0,0,0,0,11,0,0,0,0,0,0,0,0,0,852,365,488,0,415,10,0,7,2,0,0,0,0,0,0
4,191,0,109,214,0,0,103,0,34,71,275,211,212,220,136,19,9,129,154,187,167,67,116,0,11,0,196,0,58,0,203,5,305,0,96,0,133,0,33,0,55,0,0,0,0,0,174,0,16,0,0,0,10,0,18,0,0,0,0,0,0,0,22,0,21,0,0,0,0,0,0,0,0,0,0,0,0,0,0,0,0,0,0,0,0,0,0,0,0,0,0,0,0,0,0,0,0,0,0,0,0,0,0,0,0,0,0,0,0,0,0,0,0,0,0,0,0,0,1,0,0,0,2,0,0,0,0,0,0,0,0,0,0,0,33,0,58,0,0,0,0,0,0,0,0,0,0,0,14,0,0,0,15,0,0,0,5,0,0,0,0,0,0,0,13,0,202,0,45,0,0,0,69,0,0,16,1053,36,105,0,0,0,31,0,24,7,18,0,0,0,0,0,0,0,0,0,0,0,0,0,0,0,0,0,0,0,0,0,18,3,0,0,0,310,0,0,0,637,365,397,0,0,0,9
40,28,87,0,11,0,0,46,69,94,7,0,8,0,14,1,12,0,4,0,0,0,15,0,237,102,0,0,0,0,0,0,0,0,0,0,0,0,85,0,0,0,0,0,0,0,0,0,67,0,3,0,91,6,124,29,4,4,0,0,139,0,345,8,0,0,0,0,0,0,0,0,0,0,0,0,3,0,0,0,0,0,0,0,0,0,0,0,0,0,0,0,0,0,0,0,0,0,0,0,0,0,0,0,0,0,0,0,0,0,0,0,0,0,0,0,0,0,0,0,0,0,0,0,14,0,0,0,0,0,9,0,0,0,5,0,13,0,0,0,0,0,0,0,0,0,0,0,2,0,1,0,0,0,5,0,0,0,0,0,5,0,0,0,6,0,0,0,51,0,208,0,266,0,0,0,12,69,0,0,0,0,43,0,0,0,0,0,0,0,0,0,0,0,0,0,0,0,0,0,0,0,0,0,0,0,0,0,0,0,737,141,348,352,542,9,61,7,0,0,0,0,0,0,0
62,45,15,276,0,103,46,0,54,24,0,34,0,25,0,84,11,39,0,79,0,42,5,38,85,142,0,102,0,50,0,17,0,0,0,0,0,21,0,145,0,13,0,0,2,0,0,31,0,23,0,0,7,59,0,246,0,25,0,9,0,133,24,333,0,3,0,0,0,1,0,0,0,0,0,0,0,0,0,0,0,0,0,0,0,7,0,8,0,0,0,0,0,0,0,0,0,0,0,0,0,0,0,0,0,0,0,0,0,0,0,0,0,0,0,0,0,0,0,0,0,0,0,0,0,9,0,6,0,0,0,24,0,28,0,74,0,107,0,10,0,0,0,18,0,0,0,0,0,13,0,0,0,0,0,3,0,0,0,0,1,12,0,0,0,33,0,0,0,20,0,35,0,306,0,0,0,132,0,0,0,0,15,0,0,0,0,0,0,0,0,0,0,0,0,0,0,0,0,0,0,0,0,0,0,0,0,7,0,36,0,0,0,0,865,0,0,0,816,116,769,286,0,7,7
47,9,11,0,38,0,69,54,0,228,88,0,20,0,11,0,0,0,23,0,0,0,0,0,14,72,0,0,0,0,0,0,5,0,0,0,0,0,0,0,0,0,4,0,5,0,0,0,33,0,9,0,191,15,106,98,3,4,77,64,171,0,180,4,81,0,76,28,0,0,0,0,0,0,0,0,0,0,2,0,0,0,0,0,0,0,0,0,0,0,0,0,0,0,0,0,0,0,0,0,0,0,0,0,0,0,0,0,1,0,0,0,0,0,0,0,0,0,0,0,0,0,0,0,32,0,3,0,0,0,63,0,2,0,20,0,14,2,0,0,0,0,3,0,0,0,1,0,95,0,0,0,5,0,7,0,20,0,0,0,24,0,0,0,5,0,0,0,23,0,145,0,82,0,0,0,199,101,7,0,0,0,130,0,97,0,0,0,0,0,0,0,0,0,0,0,0,0,4,0,0,0,0,0,0,0,0,0,8,0,608,145,253,191,388,0,47,0,3,0,0,0,0,0,0
27,70,3,17,0,34,94,24,228,0,0,47,0,16,0,9,14,2,0,22,0,0,0,4,169,5,0,64,0,0,0,0,0,0,0,0,0,0,0,0,0,9,0,0,0,0,0,13,0,10,0,5,47,62,124,39,0,6,15,96,0,0,95,114,1,116,2,165,0,0,0,0,0,0,0,0,0,1,0,0,0,0,0,0,0,0,0,0,0,0,0,0,0,0,0,0,0,0,0,0,0,0,0,0,0,2,0,0,0,0,0,0,0,0,0,0,0,0,0,0,0,0,0,0,0,50,0,12,0,0,0,15,0,13,0,20,0,39,0,2,0,0,0,2,0,0,0,20,0,60,0,13,0,14,0,0,0,0,0,3,0,0,0,0,0,13,0,6,0,6,0,21,0,54,0,2,14,662,0,6,0,6,9,10,0,109,0,2,0,0,0,0,0,0,0,0,0,0,0,5,0,0,0,0,0,0,0,24,0,63,0,0,0,0,725,0,1,0,811,126,519,361,0,6,8
296,9,40,33,170,71,7,0,88,0,0,0,340,0,106,93,26,0,37,59,287,0,63,27,0,0,75,6,10,0,132,7,380,0,129,0,199,0,17,0,95,0,12,0,0,0,22,0,16,0,24,0,0,0,0,1,3,0,0,0,0,0,0,0,0,0,0,0,0,0,0,0,0,0,0,0,0,0,0,0,0,0,0,0,0,0,0,0,0,0,0,0,0,0,0,0,0,0,0,0,0,0,0,0,0,0,0,0,0,0,0,0,0,0,0,0,0,0,1,0,0,0,0,0,5,0,0,0,0,0,0,0,0,0,5,0,2,0,0,0,0,0,0,0,0,0,0,0,9,0,0,0,8,0,0,0,0,0,0,0,0,0,0,0,0,0,62,0,13,0,4,0,71,0,0,0,245,140,116,0,0,0,62,1,31,0,29,0,0,0,0,0,0,0,0,0,0,0,0,0,0,0,0,0,0,0,0,0,3,0,306,171,143,0,106,5,0,6,0,0,0,0,0,0,0
0,181,0,7,45,275,0,34,0,47,0,0,17,306,71,10,8,27,0,19,43,20,28,58,0,1,0,152,0,25,1,41,0,181,0,11,0,79,0,56,0,152,0,0,0,12,0,118,0,26,0,0,0,0,0,0,0,0,0,0,0,0,0,0,0,0,0,4,0,0,0,0,0,0,0,0,0,0,0,0,0,0,0,0,0,0,0,0,0,0,0,0,0,0,0,0,0,0,0,0,0,0,0,0,0,1,0,0,0,0,0,0,0,0,0,0,0,0,0,0,0,0,0,0,0,0,0,1,0,0,0,0,0,0,0,0,0,2,0,0,0,0,0,0,0,0,0,0,0,6,0,18,0,0,0,0,0,0,0,0,0,0,0,0,0,2,0,32,0,15,0,3,0,15,0,0,7,622,0,48,0,34,0,94,0,44,2,9,0,0,0,0,0,0,0,0,0,0,0,0,0,0,0,0,0,0,0,0,0,6,0,0,0,0,71,0,0,0,153,77,64,19,0,0,0
152,1,81,0,285,211,8,0,20,0,340,17,0,526,55,19,0,0,69,361,31,98,0,0,0,0,220,455,0,0,48,29,2,5,143,45,46,0,0,0,234,38,151,0,42,0,168,99,30,0,222,0,0,0,0,0,3,0,0,0,0,0,0,0,0,0,0,0,0,0,0,0,0,0,0,0,0,0,0,0,0,0,0,0,18,0,4,0,0,0,0,0,0,0,0,0,0,0,0,0,0,0,0,0,0,0,2,0,0,0,0,0,0,0,0,0,0,0,0,0,0,0,0,0,0,0,0,0,0,0,0,0,0,0,17,0,0,0,0,0,0,0,0,0,0,0,0,0,0,0,0,0,0,0,0,0,0,0,0,0,0,0,0,0,23,0,18,0,12,0,1,0,24,0,0,0,122,211,179,0,0,0,33,0,28,0,95,0,0,0,0,0,0,0,0,0,0,0,0,0,0,0,0,0,0,0,0,0,0,0,91,159,118,0,27,0,0,0,0,0,0,0,0,0,0
0,119,0,0,143,212,0,25,0,16,0,306,526,0,54,0,0,0,317,19,121,59,0,0,0,0,544,86,0,0,11,8,0,2,20,79,0,14,0,0,157,210,57,64,29,22,49,167,0,13,29,94,0,0,0,4,0,0,0,0,0,0,0,0,0,0,0,3,0,0,0,0,0,0,0,0,0,0,0,0,0,0,0,0,0,0,0,0,0,0,0,0,0,0,0,0,0,0,0,0,0,0,0,0,0,0,0,0,0,0,0,0,0,0,0,0,0,0,0,0,0,0,0,0,0,0,0,0,0,0,0,0,0,0,0,0,0,0,0,0,0,0,0,0,0,0,0,0,0,0,0,28,0,26,0,1,0,2,0,0,0,0,0,0,0,11,0,8,0,18,0,0,0,0,0,23,0,626,13,9,0,124,0,63,0,18,34,102,0,0,0,0,0,0,0,0,0,1,0,0,0,0,0,0,0,0,0,0,0,0,1,0,0,0,0,0,0,0,66,179,61,0,0,0,0
59,0,219,0,244,220,14,0,11,0,106,71,55,54,0,158,45,0,228,136,250,49,432,22,134,0,232,23,9,3,165,26,143,0,91,30,133,10,0,0,0,0,9,0,13,0,9,0,0,0,14,0,0,0,45,0,0,0,0,0,0,0,0,0,0,0,0,0,0,0,0,0,0,0,0,0,0,0,0,0,0,0,0,0,52,0,0,0,0,0,0,0,0,0,0,0,56,0,9,0,0,0,0,0,0,0,0,0,0,0,0,0,0,0,0,0,0,0,0,0,0,0,0,0,0,0,0,0,0,0,6,0,13,0,82,0,223,0,0,0,35,0,139,0,4,0,13,0,52,0,0,0,7,0,0,0,0,0,0,0,0,0,0,0,0,0,93,0,0,0,0,0,50,0,0,0,147,177,68,0,0,0,11,0,53,0,0,0,0,0,0,0,0,0,0,0,0,0,0,0,53,0,0,0,0,0,0,0,27,0,154,91,107,0,86,0,0,0,0,0,0,0,0,0,0
39,42,49,274,158,136,1,84,0,9,93,10,19,0,158,0,48,33,0,450,131,250,154,362,0,184,0,129,2,27,0,121,11,141,0,15,0,103,1,20,0,0,0,17,0,11,0,0,0,3,0,0,0,0,0,56,0,0,0,0,0,0,0,7,0,16,1,0,0,0,0,0,0,0,0,0,0,0,0,0,0,36,0,0,0,91,0,0,0,0,0,0,0,0,0,0,0,0,0,0,0,8,0,0,0,0,0,0,0,0,0,0,0,0,0,0,0,0,0,0,0,0,0,0,0,0,0,0,0,0,0,6,0,0,0,105,0,115,0,26,0,21,0,82,0,0,0,8,0,14,0,6,0,0,0,6,0,0,0,0,0,0,0,0,0,3,0,78,0,14,0,0,0,31,0,0,6,368,24,13,0,5,3,3,0,13,0,0,0,0,0,0,0,0,0,0,0,0,0,0,0,0,0,0,0,0,0,0,0,25,0,0,2,0,85,0,0,0,295,365,117,25,0,0,0
112,63,60,72,36,19,12,11,0,14,26,8,0,0,45,48,0,23,172,0,483,0,43,57,132,40,233,0,317,1,147,0,62,0,47,0,0,0,77,5,0,0,15,0,20,0,0,0,19,0,45,0,121,0,28,0,11,0,0,0,0,0,298,5,0,0,0,0,0,0,3,0,0,0,6,0,0,0,10,0,47,0,0,0,379,0,30,0,0,0,52,0,0,0,0,0,323,0,135,0,0,0,0,0,0,0,0,0,0,0,0,0,0,0,0,0,0,0,0,0,55,0,72,0,0,0,0,0,18,0,0,0,13,0,0,0,279,0,102,0,188,0,389,0,9,0,0,0,0,0,0,0,0,0,127,0,0,0,46,0,0,0,0,0,0,0,0,0,5,0,11,0,69,1,0,0,6,22,3,4,0,0,12,8,0,0,0,0,0,0,0,0,0,0,0,0,0,0,0,0,18,0,0,0,0,0,0,0,0,0,40,58,40,0,51,0,1,2,3,0,0,0,0,0,0
62,77,24,33,2,9,0,39,0,2,0,27,0,0,0,33,23,0,0,14,2,207,35,114,29,151,0,28,0,154,0,77,2,33,0,42,0,8,0,71,0,0,0,41,0,7,0,0,0,0,0,19,0,52,0,43,0,16,0,0,0,6,1,398,0,2,0,0,0,1,0,0,0,0,0,0,0,0,0,0,0,191,0,0,0,268,0,73,0,0,0,0,0,0,0,0,0,0,0,101,0,0,0,0,0,0,0,0,0,0,0,0,0,0,0,0,0,0,0,0,0,51,0,0,0,0,0,1,0,21,0,0,0,0,0,71,0,127,0,339,0,95,0,362,0,0,0,0,0,0,0,0,0,0,0,63,0,0,0,78,0,12,0,0,0,0,0,12,0,0,0,2,0,28,0,0,0,47,0,32,0,0,0,4,0,0,0,0,0,1,0,0,0,0,0,0,0,0,0,0,0,0,0,0,0,0,0,0,0,0,0,0,0,0,66,0,0,0,100,274,62,39,1,0,0
42,0,75,0,126,129,4,0,23,0,37,0,69,317,228,0,172,0,0,197,251,56,313,0,115,0,198,164,17,0,110,0,3,0,262,0,34,0,0,0,3,27,58,0,18,0,0,50,0,0,147,20,5,0,0,0,0,0,0,0,0,0,25,0,0,0,0,0,0,0,0,0,0,0,0,0,0,0,0,0,0,0,0,0,0,0,0,0,0,0,0,0,0,0,0,0,0,0,0,0,0,0,0,0,0,0,0,0,0,0,0,0,0,0,0,0,0,0,0,0,0,0,24,0,0,0,0,0,0,0,0,0,0,0,0,0,126,0,0,0,0,0,150,0,0,0,0,0,31,0,0,0,0,0,0,0,0,0,0,0,0,0,9,0,47,0,45,0,35,0,6,0,41,0,0,0,13,45,8,0,0,0,19,0,34,0,0,0,0,0,0,0,0,0,0,0,0,0,0,0,0,0,0,0,0,0,0,0,0,0,214,228,327,0,103,3,0,0,1,0,1,0,0,0,0
0,94,0,262,186,154,0,79,0,22,59,19,361,19,136,450,0,14,197,0,120,499,0,175,0,60,91,637,0,2,14,116,0,21,16,164,0,59,0,0,0,16,0,131,0,38,0,80,0,2,0,214,0,0,0,30,0,0,0,0,0,0,0,0,1,28,0,0,0,0,0,0,0,0,0,0,0,0,0,0,0,0,0,0,0,0,0,0,0,0,0,0,0,0,0,0,0,0,0,0,0,0,0,0,0,0,0,0,0,0,0,0,0,0,0,0,0,0,0,0,0,0,0,0,0,0,0,0,0,0,0,0,0,0,0,0,0,145,0,0,0,21,0,0,0,0,0,0,0,0,0,0,0,5,0,3,0,0,0,0,0,0,0,0,0,14,0,43,0,33,0,7,0,8,0,0,0,122,34,12,0,0,0,0,0,0,19,5,0,0,0,0,0,0,0,0,0,1,0,0,0,0,0,0,0,0,0,0,0,55,0,0,0,0,105,0,0,0,284,438,304,37,0,0,2
35,10,85,24,350,187,0,0,0,0,287,43,31,121,250,131,483,2,251,120,0,50,155,28,89,0,340,58,113,0,172,31,101,12,64,31,25,0,5,0,0,0,16,0,10,3,0,11,6,0,38,0,17,0,0,0,0,0,0,0,7,0,108,0,0,0,0,0,0,0,0,0,0,0,0,0,0,0,0,0,33,0,0,0,155,0,0,0,0,0,17,0,0,0,0,0,118,0,77,0,0,0,0,0,0,0,21,0,0,0,0,0,0,0,0,0,0,0,0,0,55,0,56,0,0,0,0,0,0,0,0,0,0,0,0,0,75,0,0,0,86,0,144,0,39,0,0,0,0,2,0,0,0,0,10,0,14,0,12,0,0,0,0,0,12,0,37,0,8,0,5,0,33,0,0,0,60,87,31,0,0,2,9,2,0,0,0,0,0,0,0,0,0,0,0,0,0,0,0,0,0,0,0,0,0,0,0,0,0,0,360,327,72,39,107,0,3,0,2,0,0,0,0,0,0
0,0,0,66,77,167,0,42,0,0,0,20,98,59,49,250,0,207,56,499,50,0,0,460,0,88,32,390,0,40,0,53,0,5,0,119,0,26,0,0,0,1,0,279,0,123,0,0,0,10,3,87,0,0,0,0,1,0,0,0,0,0,0,49,0,0,0,0,0,0,0,0,0,0,0,0,0,0,0,0,0,0,0,0,0,0,0,0,0,0,0,0,0,0,0,0,0,0,0,0,0,0,0,0,0,0,0,0,0,0,0,0,0,0,0,0,0,0,0,0,0,0,0,0,0,0,0,0,0,0,0,0,0,0,0,0,0,0,0,153,0,123,0,175,0,46,0,0,0,0,0,0,0,0,0,0,0,21,0,0,0,0,0,0,0,16,0,91,0,55,0,0,0,20,0,0,0,38,12,0,0,0,0,0,0,0,9,6,0,0,0,0,0,0,0,0,0,0,0,0,0,0,0,0,0,0,0,0,0,0,0,0,0,0,133,0,0,0,379,437,202,46,0,0,0
71,132,297,179,90,67,15,5,0,0,63,28,0,0,432,154,43,35,313,0,155,0,0,184,135,36,177,0,50,0,19,0,53,0,0,0,16,0,57,0,0,0,6,0,0,0,3,0,10,0,0,0,0,0,58,0,0,0,0,0,0,0,9,4,1,0,0,0,0,0,0,0,0,0,0,0,0,0,0,0,0,0,0,0,70,0,6,0,0,0,0,0,0,0,0,0,62,0,0,0,0,0,0,0,0,0,0,0,0,0,0,0,0,0,0,0,0,0,0,0,5,0,5,0,4,0,0,0,0,0,0,0,0,0,35,0,189,0,0,0,35,0,148,0,0,0,0,0,0,0,0,0,0,0,16,0,0,0,0,0,0,0,4,0,4,0,7,0,8,0,4,0,62,3,0,0,66,75,0,14,2,0,28,21,5,1,0,0,0,0,0,0,0,0,0,0,0,0,0,0,14,0,0,0,0,0,0,0,0,0,141,37,53,39,76,2,0,0,0,0,0,0,0,0,0
88,37,80,111,30,116,0,38,0,4,27,58,0,0,22,362,57,114,0,175,28,460,184,0,12,134,0,76,3,34,4,94,0,24,0,68,0,17,2,42,0,0,0,55,0,0,0,0,0,8,0,23,0,6,0,40,0,0,0,0,0,0,0,63,1,0,0,0,0,0,0,4,0,0,0,3,0,0,0,0,0,99,0,0,0,145,0,35,0,0,0,0,0,0,0,0,0,0,0,45,0,0,0,2,0,0,0,0,0,0,0,0,0,0,0,0,0,0,0,0,0,24,0,3,0,0,0,0,0,0,0,0,0,0,0,28,0,0,1,63,0,39,0,99,0,10,0,0,0,0,0,0,0,2,0,8,0,0,0,0,0,0,0,0,0,1,0,27,0,8,0,2,0,43,0,0,11,157,0,36,0,0,6,7,0,3,0,0,0,0,0,0,0,0,0,0,0,0,0,0,0,0,0,0,0,0,0,0,0,0,0,0,0,0,176,0,0,0,307,426,125,66,0,0,0
11,107,60,26,9,0,237,85,14,169,0,0,0,0,134,0,132,29,115,0,89,0,135,12,0,181,93,0,55,0,15,0,5,0,0,0,2,0,84,1,0,0,0,0,0,0,0,0,20,0,5,0,98,7,238,15,36,0,0,1,46,0,234,31,0,0,0,0,0,0,0,0,0,0,0,0,0,0,0,0,2,0,0,0,46,0,0,0,0,0,0,0,0,0,0,0,66,0,0,0,0,0,0,0,0,0,29,0,0,0,0,0,0,0,0,0,0,0,0,0,0,0,9,0,10,0,0,0,38,0,10,0,0,0,65,0,380,0,57,0,36,1,210,0,0,0,4,0,10,0,0,0,0,0,55,0,0,0,20,0,18,0,0,0,2,0,4,0,14,0,52,0,120,0,0,0,2,85,0,0,0,0,10,9,1,0,0,0,0,0,0,0,0,0,0,0,0,0,0,0,23,0,0,0,0,0,0,0,24,0,265,104,138,132,177,0,12,0,0,0,0,0,0,0,0
164,33,77,93,4,11,102,142,72,5,0,1,0,0,0,184,40,151,0,60,0,88,36,134,181,0,1,34,0,88,0,21,0,31,0,8,0,0,0,68,0,0,0,0,0,5,0,0,0,13,0,7,4,33,0,355,0,103,0,22,0,40,23,160,4,0,0,0,0,0,0,0,0,0,0,0,0,0,0,0,0,19,0,0,0,65,0,12,0,0,0,0,0,0,0,0,0,0,0,16,0,0,0,2,0,0,0,0,0,0,0,0,0,0,0,0,0,0,0,0,0,0,0,0,0,0,0,1,0,12,0,0,0,0,0,124,0,174,0,58,0,27,0,171,0,0,0,0,0,0,0,0,0,0,0,24,0,0,0,0,3,6,0,0,0,3,0,0,0,0,0,3,0,61,0,0,3,116,0,0,0,0,23,4,0,0,0,0,0,0,0,0,0,0,0,0,0,0,0,0,0,0,0,0,0,0,0,0,0,0,0,0,0,0,188,0,0,0,255,278,123,86,0,0,0
116,0,141,0,253,0,0,0,0,0,75,0,220,544,232,0,233,0,198,91,340,32,177,0,93,1,0,460,58,0,39,0,0,0,42,0,155,0,0,0,89,173,309,0,223,0,170,219,27,0,205,53,24,0,0,0,0,0,0,0,0,0,107,0,5,0,0,0,0,0,0,0,0,0,13,0,0,0,0,0,89,0,0,0,354,0,0,0,0,0,0,0,0,0,0,0,286,0,191,0,0,0,0,0,0,0,0,0,0,0,0,0,0,0,0,0,0,0,2,0,125,0,119,0,0,0,0,0,0,0,0,0,0,0,0,0,175,0,0,0,75,0,234,0,0,0,7,0,33,0,0,0,0,0,10,0,0,0,0,0,0,0,0,0,77,4,15,0,0,0,0,0,0,0,0,0,13,124,15,0,0,0,17,0,45,0,29,7,0,0,0,0,0,0,0,0,0,0,0,0,15,0,0,0,0,0,0,0,0,0,168,674,412,0,90,0,0,0,0,25,0,0,0,0,0
0,247,0,155,67,196,0,102,0,64,6,152,455,86,23,129,0,28,164,637,58,390,0,76,0,34,460,0,0,0,5,14,0,5,29,48,0,0,0,0,211,42,58,457,45,358,61,361,3,53,51,477,0,0,0,0,0,0,0,0,0,0,0,33,0,38,0,0,0,0,0,0,0,0,0,0,0,0,0,0,0,0,0,0,0,0,0,0,0,0,0,0,0,0,0,0,0,0,0,0,0,0,0,0,0,0,0,0,0,0,0,0,0,0,0,0,0,0,0,0,0,25,0,0,0,0,0,5,0,0,0,0,0,0,0,99,0,141,0,0,0,11,0,55,0,0,0,0,0,0,0,0,0,0,0,3,0,0,0,0,0,0,0,0,0,49,0,19,0,0,0,0,0,2,0,0,0,110,0,3,0,0,0,18,0,25,56,41,0,0,0,0,0,0,0,0,0,0,0,0,0,0,0,0,0,0,0,0,0,0,0,2,0,0,60,0,0,0,205,947,235,51,0,0,0
197,0,271,0,0,0,0,0,0,0,10,0,0,0,9,2,317,0,17,0,113,0,50,3,55,0,58,0,0,0,86,0,31,0,41,0,23,0,6,0,0,0,44,0,13,0,0,0,0,0,28,0,40,0,3,0,0,0,0,0,0,0,158,1,0,0,0,0,0,0,5,0,0,0,7,0,0,0,0,0,28,0,0,0,98,0,18,0,0,0,0,0,0,0,0,0,69,0,36,0,0,0,0,0,0,0,0,0,0,0,0,0,0,0,0,0,0,0,0,0,46,0,60,0,0,0,0,0,2,0,0,0,0,0,0,0,31,0,99,0,54,0,80,0,13,0,0,0,0,0,0,0,0,0,13,0,10,0,7,0,0,0,2,0,0,0,0,0,0,0,0,0,3,0,0,0,0,0,0,0,0,0,26,0,0,0,0,0,0,0,0,0,0,0,0,0,0,0,0,0,0,0,0,0,0,0,0,0,0,0,0,37,4,0,0,0,0,0,0,0,0,0,0,0,0
0,61,0,70,0,58,0,50,0,0,0,25,0,0,3,27,1,154,0,2,0,40,0,34,0,88,0,0,0,0,0,59,0,62,0,73,0,6,0,15,0,0,0,37,0,2,0,0,0,0,0,40,0,10,0,21,0,34,0,0,0,0,0,160,0,0,1,0,0,1,0,0,0,0,0,0,0,0,0,0,0,80,0,0,0,89,0,0,0,0,0,0,0,0,0,0,0,0,0,26,0,0,0,0,0,0,0,0,0,0,0,0,0,0,0,0,0,0,0,0,0,0,0,0,0,0,0,0,0,0,0,0,0,0,0,0,0,0,0,243,0,82,0,166,0,20,0,0,0,0,0,0,0,0,0,12,0,9,0,16,0,0,0,0,0,2,0,0,0,0,0,0,0,6,0,0,0,35,0,0,0,0,0,5,0,4,0,0,0,0,0,0,0,0,0,0,0,0,0,0,0,0,0,0,0,0,0,0,0,0,0,0,0,0,14,0,0,0,0,92,9,4,0,0,0
34,1,40,0,240,0,0,0,0,0,132,1,48,11,165,0,147,0,110,14,172,0,19,4,15,0,39,5,86,0,0,0,18,0,36,1,21,0,6,0,0,0,122,0,0,0,0,0,3,0,43,0,2,0,2,0,0,0,0,0,5,0,48,0,0,0,0,0,0,0,0,0,0,0,0,0,0,0,0,0,0,0,0,0,66,0,0,0,0,0,0,0,0,0,0,0,0,0,0,0,0,0,1,0,0,0,0,0,0,0,0,0,0,0,0,0,0,0,0,0,34,0,0,0,0,0,0,0,0,0,0,0,0,0,0,0,21,0,0,0,48,0,32,0,33,0,0,0,0,0,0,0,0,0,0,0,0,0,0,0,0,0,0,0,0,0,43,0,0,0,0,0,23,0,0,0,0,8,27,0,0,0,0,0,0,0,0,0,0,0,0,0,0,0,0,0,0,0,0,0,0,0,0,0,0,0,0,0,0,0,72,79,0,0,8,0,0,0,0,0,0,0,0,0,0
0,14,0,27,0,203,0,17,0,0,7,41,29,8,26,121,0,77,0,116,31,53,0,94,0,21,0,14,0,59,0,0,0,5,0,23,0,16,0,8,0,0,0,29,0,0,0,0,0,0,0,22,0,6,0,8,0,5,0,0,0,5,0,37,0,0,0,0,0,0,0,0,0,0,0,0,0,0,0,0,0,0,0,0,0,0,0,0,0,0,0,0,0,2,0,0,0,0,0,10,0,0,0,0,0,0,0,0,0,0,0,0,0,0,0,0,0,0,0,0,0,21,0,0,0,0,0,0,0,0,0,0,0,0,0,0,0,0,0,73,0,0,0,71,0,14,0,0,0,0,0,0,0,0,0,7,0,11,0,0,0,0,0,0,0,2,0,35,0,11,0,0,0,8,0,0,0,62,0,3,0,0,0,0,0,0,0,0,0,0,0,0,0,0,0,0,0,0,0,0,0,0,0,1,0,0,0,0,0,0,0,0,0,0,73,0,0,0,168,256,59,0,0,0,0
229,0,201,6,334,5,0,0,5,0,380,0,2,0,143,11,62,2,3,0,101,0,53,0,5,0,0,0,31,0,18,0,0,0,33,0,79,0,0,0,0,0,26,0,2,0,0,0,2,0,13,0,0,0,0,0,0,0,0,0,14,0,20,0,0,0,0,0,0,0,0,0,0,0,0,0,0,0,0,0,0,0,0,0,20,0,0,0,0,0,0,0,0,0,0,0,0,0,0,0,0,0,0,0,0,0,0,0,0,0,0,0,0,0,0,0,0,0,0,0,0,0,0,0,0,0,0,0,0,0,0,0,0,0,0,0,0,0,33,0,21,0,0,0,20,0,2,0,0,0,0,0,0,0,0,0,33,0,2,0,0,0,5,0,0,0,56,0,0,0,6,0,25,0,2,0,0,7,31,0,0,0,33,0,0,0,0,0,0,0,0,0,0,0,0,0,0,0,0,0,0,0,0,0,0,0,0,0,0,0,63,54,44,17,24,1,1,0,0,0,0,0,0,0,0
0,74,0,163,21,305,0,0,0,0,0,181,5,2,0,141,0,33,0,21,12,5,0,24,0,31,0,5,0,62,0,5,0,0,0,15,0,80,0,5,0,0,0,16,0,0,0,0,0,0,0,5,0,3,0,0,1,7,0,0,0,1,0,35,0,6,0,0,0,0,0,0,0,0,0,0,0,0,0,2,0,0,0,0,0,0,0,0,0,0,0,0,0,0,0,0,0,0,0,0,0,11,0,0,0,0,0,0,0,0,0,0,0,0,0,0,0,0,0,0,0,27,0,0,0,0,0,0,0,0,0,0,0,0,0,0,0,23,0,55,0,43,0,76,0,0,0,0,0,0,0,3,0,0,0,0,0,6,0,4,0,0,0,0,0,0,0,36,0,0,0,0,0,7,0,0,0,164,0,74,0,0,0,11,0,7,0,1,0,0,0,0,0,0,0,0,0,0,0,0,0,0,0,0,0,0,0,0,0,0,0,0,0,0,45,0,0,0,152,355,58,0,0,0,0
0,0,0,0,312,0,0,0,0,0,129,0,143,20,91,0,47,0,262,16,64,0,0,0,0,0,42,29,41,0,36,0,33,0,0,0,132,0,3,0,6,0,6,0,0,0,0,6,9,0,78,0,4,0,0,0,0,0,0,0,0,0,0,0,0,0,0,0,0,0,0,0,0,0,13,0,0,0,0,0,0,0,0,0,80,0,0,0,0,0,0,0,0,0,0,0,0,0,0,0,0,0,0,0,0,0,0,0,0,0,0,0,0,0,0,0,0,0,0,0,52,0,0,0,0,0,0,0,0,0,0,0,0,0,0,0,0,0,0,0,0,0,24,0,33,0,0,0,0,0,0,0,0,0,0,0,0,0,0,0,0,0,0,0,32,0,75,0,0,0,10,0,51,0,0,0,7,0,37,0,0,0,0,0,0,0,2,2,0,0,0,0,0,0,0,0,0,0,0,0,0,0,0,0,2,0,0,0,0,0,131,142,152,0,67,0,3,0,0,2,0,0,0,0,0
0,0,0,0,0,96,0,0,0,0,0,11,45,79,30,15,0,42,0,164,31,119,0,68,0,8,0,48,0,73,1,23,0,15,0,0,0,198,0,35,7,0,0,40,0,22,0,0,0,0,0,43,0,2,0,0,0,6,0,0,0,8,0,23,0,0,0,0,0,0,0,0,0,0,0,0,0,0,0,0,0,0,0,0,0,0,0,0,0,0,0,0,0,0,0,0,0,0,0,0,0,0,0,0,0,0,0,0,0,0,0,0,0,0,0,0,0,0,0,0,0,0,0,0,0,0,0,0,0,0,0,0,0,0,0,0,0,0,0,100,0,84,0,70,0,31,0,0,0,0,0,0,0,0,0,1,0,30,0,3,0,1,0,0,0,7,0,77,0,38,0,2,0,0,0,0,0,0,0,2,0,0,0,0,0,0,2,10,0,0,0,0,0,0,0,0,0,0,0,0,0,0,0,0,0,0,0,0,0,0,0,0,0,0,44,0,0,0,128,199,129,31,0,0,0
65,0,55,0,168,0,0,0,0,0,199,0,46,0,133,0,0,0,34,0,25,0,16,0,2,0,155,0,23,0,21,0,79,0,132,0,0,0,43,0,0,0,107,0,67,0,3,0,12,0,80,0,2,0,0,0,0,0,0,0,32,0,35,0,0,0,0,0,0,0,12,0,0,0,0,0,0,0,0,0,23,0,0,0,71,0,16,0,0,0,0,0,0,0,0,0,0,0,66,0,0,0,0,0,0,0,0,0,0,0,0,0,0,0,0,0,0,0,0,0,54,0,37,0,0,0,0,0,0,0,0,0,0,0,0,0,0,0,61,0,56,0,45,0,96,0,0,0,0,0,0,0,0,0,0,0,83,0,5,0,0,0,27,0,23,0,62,0,20,0,19,0,82,0,0,0,0,0,31,0,0,0,9,0,0,0,4,0,0,0,0,0,0,0,0,0,0,0,0,0,0,0,0,0,0,0,0,0,0,0,69,86,119,14,33,0,0,6,0,0,0,0,0,0,0
0,63,0,22,12,133,0,21,0,0,0,79,0,14,10,103,0,8,0,59,0,26,0,17,0,0,0,0,0,6,0,16,0,80,0,198,0,0,0,9,0,0,0,84,0,17,0,0,0,0,0,62,0,0,0,0,0,5,0,0,0,14,0,6,0,0,0,0,0,0,0,0,0,0,0,0,0,0,0,0,0,66,0,0,0,49,0,15,0,0,0,0,0,0,0,0,0,0,0,0,0,0,0,0,0,0,0,0,0,0,0,0,0,0,0,0,0,0,0,0,0,29,0,9,0,0,0,0,0,0,0,0,0,0,0,0,0,14,0,100,0,95,0,116,0,59,0,1,0,0,0,0,0,0,0,0,0,81,0,0,0,0,0,0,0,6,0,47,0,73,0,13,0,48,0,0,0,38,0,58,0,0,0,0,0,2,0,19,0,0,0,0,0,0,0,0,0,0,0,0,0,0,0,0,0,0,0,0,0,0,0,0,0,0,0,0,0,0,60,125,76,6,0,0,0
375,0,265,0,0,0,85,0,0,0,17,0,0,0,0,1,77,0,0,0,5,0,57,2,84,0,0,0,6,0,6,0,0,0,3,0,43,0,0,0,0,0,0,0,0,0,0,0,0,0,1,0,11,0,3,0,0,0,0,0,25,0,55,0,0,0,0,0,0,0,2,0,0,0,0,0,0,0,4,0,14,0,0,0,43,0,0,0,0,0,0,0,0,0,0,0,22,0,14,0,0,0,0,0,0,0,0,0,0,0,0,0,0,0,0,0,0,0,0,0,26,0,0,0,0,0,0,0,0,0,0,0,0,0,0,0,0,0,60,0,42,0,31,0,33,0,0,0,0,0,0,0,2,0,10,0,34,0,0,0,0,0,2,0,0,0,18,0,0,0,10,0,190,0,2,0,0,0,0,0,0,0,77,0,0,0,0,0,0,0,0,0,0,0,0,0,0,0,0,0,0,0,0,0,0,0,0,0,2,0,82,284,14,35,34,0,0,0,0,0,0,0,0,0,0
0,355,0,225,0,33,0,145,0,0,0,56,0,0,0,20,5,71,0,0,0,0,0,42,1,68,0,0,0,15,0,8,0,5,0,35,0,9,0,0,0,0,0,6,0,0,0,0,0,0,0,5,0,4,0,17,0,0,0,0,0,9,0,45,0,7,0,0,0,0,0,0,0,0,0,0,0,0,0,0,0,0,0,0,0,0,0,0,0,0,0,0,0,0,0,0,0,0,0,12,0,0,0,0,0,0,0,0,0,0,0,0,0,0,0,0,0,0,0,0,0,0,0,0,0,0,0,0,0,0,0,0,0,0,0,0,0,0,1,113,0,72,0,43,0,34,0,0,0,0,0,0,0,5,0,8,0,30,0,23,0,0,0,0,0,0,0,0,0,0,0,1,0,31,0,0,0,61,0,76,0,0,0,30,0,13,0,0,0,0,0,0,0,0,0,0,0,0,0,0,0,0,0,0,0,0,0,0,0,0,0,0,0,0,0,0,0,0,6,189,13,0,0,0,0
47,0,14,0,66,0,0,0,0,0,95,0,234,157,0,0,0,0,3,0,0,0,0,0,0,0,89,211,0,0,0,0,0,0,6,7,0,0,0,0,0,140,46,11,88,72,240,225,205,10,14,10,0,0,0,0,0,0,0,0,0,0,0,0,0,0,0,0,0,0,0,0,0,0,0,0,0,0,0,0,0,0,0,0,0,0,0,0,0,0,3,0,0,0,0,0,0,0,0,0,0,0,0,0,0,0,0,0,0,0,0,0,0,0,0,0,0,0,0,0,0,0,0,0,0,0,0,0,0,0,0,0,0,0,0,0,0,0,0,0,4,0,0,0,0,0,0,0,0,0,0,0,6,0,0,0,0,0,0,0,0,0,0,0,0,0,0,0,0,0,0,0,0,0,2,0,19,77,29,0,4,0,14,0,13,0,107,0,0,0,0,0,0,0,0,0,0,0,0,0,0,0,0,0,0,0,0,0,0,0,0,202,29,0,0,0,0,44,0,42,0,0,0,0,0
0,59,0,9,0,55,0,13,0,9,0,152,38,210,0,0,0,0,27,16,0,1,0,0,0,0,173,42,0,0,0,0,0,0,0,0,0,0,0,0,140,0,16,26,79,126,92,237,12,160,8,16,0,0,0,0,0,0,0,0,0,0,0,0,0,2,0,0,0,1,0,0,0,0,0,0,0,0,0,0,0,0,0,0,0,0,0,0,0,0,0,0,0,0,0,0,0,0,0,2,0,0,0,0,0,0,0,0,0,0,0,0,0,0,0,0,0,0,0,0,0,0,0,0,0,3,0,0,0,0,0,0,0,0,0,0,0,0,0,0,0,0,0,0,0,0,0,0,0,0,0,9,0,0,0,0,0,0,0,0,0,0,0,0,0,11,0,0,0,0,0,0,0,0,0,13,0,387,0,6,0,47,0,14,0,13,17,4,0,0,0,0,0,0,0,0,0,0,0,0,0,0,0,0,0,0,0,1,0,1,0,6,0,0,0,0,0,0,0,142,55,0,0,0,74
8,0,0,0,17,0,0,0,4,0,12,0,151,57,9,0,15,0,58,0,16,0,6,0,0,0,309,58,44,0,122,0,26,0,6,0,107,0,0,0,46,16,0,0,160,0,48,24,32,0,43,0,0,0,0,0,0,0,1,0,0,0,19,0,0,0,0,0,0,0,9,0,0,0,5,0,0,0,0,0,25,0,0,0,50,0,0,0,0,0,0,0,0,0,0,0,0,0,40,0,0,0,0,0,0,0,7,0,0,0,0,0,0,0,0,0,0,0,0,0,0,0,0,0,0,0,0,0,0,0,2,0,0,0,0,0,0,0,0,0,28,0,0,0,0,0,0,0,0,0,0,0,0,0,0,0,9,0,0,0,0,0,9,0,24,0,14,0,12,0,0,0,12,0,0,0,0,32,50,0,0,0,0,0,0,0,290,0,0,0,0,0,0,0,0,0,0,0,0,0,0,0,0,0,0,0,0,0,0,0,19,152,87,0,9,0,1,4,0,4,1,0,0,0,0
0,0,0,0,0,0,0,0,0,0,0,0,0,64,0,17,0,41,0,131,0,279,0,55,0,0,0,457,0,37,0,29,0,16,0,40,0,84,0,6,11,26,0,0,0,141,0,37,0,39,0,31,0,0,0,0,0,0,0,0,0,13,0,17,0,0,0,0,0,0,0,0,0,0,0,5,0,0,0,0,0,0,0,0,0,0,0,0,0,0,0,0,0,2,0,0,0,0,0,0,0,0,0,0,0,0,0,0,0,0,0,0,0,0,0,0,0,0,0,0,0,0,0,0,0,0,0,0,0,0,0,0,0,0,0,0,0,0,0,0,0,74,0,116,0,38,0,0,0,0,0,0,0,0,0,0,0,38,0,0,0,0,0,2,0,19,0,27,0,13,0,8,0,19,0,0,0,22,0,2,0,0,0,0,0,1,0,106,0,0,0,0,0,0,0,2,0,0,0,0,0,0,0,0,0,0,0,0,0,0,0,0,0,0,27,0,0,0,68,112,101,14,0,0,0
16,0,0,0,13,0,0,2,5,0,0,0,42,29,13,0,20,0,18,0,10,0,0,0,0,0,223,45,13,0,0,0,2,0,0,0,67,0,0,0,88,79,160,0,0,43,205,109,241,15,60,0,0,0,0,0,5,0,0,0,0,0,0,0,1,0,1,0,2,0,0,0,0,0,0,0,0,0,0,0,47,0,22,1,0,0,0,0,8,0,0,0,12,0,29,0,69,0,88,0,7,0,5,0,0,0,0,0,0,0,0,0,0,0,0,0,0,0,0,0,70,0,38,0,0,0,0,0,0,0,0,0,0,0,0,0,0,0,0,0,0,0,34,0,40,0,0,0,0,0,1,0,0,0,0,0,0,0,0,0,0,0,22,0,96,0,19,0,81,0,17,0,36,0,0,0,0,30,7,0,0,0,0,0,0,0,124,0,0,0,0,0,0,0,0,0,0,0,0,0,0,0,0,0,0,0,0,0,0,0,43,323,467,17,23,0,0,111,0,25,0,0,0,0,2
0,0,0,30,0,0,0,0,0,0,0,12,0,22,0,11,0,7,0,38,3,123,0,0,0,5,0,358,0,2,0,0,0,0,0,22,0,17,0,0,72,126,0,141,43,0,49,390,23,251,0,67,0,0,0,0,0,8,0,5,0,0,0,11,0,0,0,0,0,0,0,0,0,0,0,15,0,25,0,0,0,100,0,43,0,77,0,41,0,0,0,0,0,0,0,71,0,0,0,22,0,15,0,0,0,0,0,5,0,0,0,0,0,0,0,0,0,1,0,0,0,60,0,0,0,4,0,0,0,0,0,0,0,0,0,0,0,23,0,0,0,21,0,81,0,24,0,0,0,0,0,0,0,0,0,0,0,0,0,5,0,0,0,5,0,167,0,25,0,146,0,14,0,16,0,0,0,82,1,0,0,1,0,0,0,1,17,117,0,0,0,0,0,0,0,22,0,0,0,0,0,0,0,0,0,0,0,0,0,0,0,7,1,0,75,0,0,0,155,526,399,31,0,0,63
27,0,8,0,49,0,0,0,0,0,22,0,168,49,9,0,0,0,0,0,0,0,3,0,0,0,170,61,0,0,0,0,0,0,0,0,3,0,0,0,240,92,48,0,205,49,0,92,205,12,7,0,0,0,0,0,0,0,0,0,0,0,6,0,0,0,0,0,0,0,0,0,0,0,0,0,0,0,0,0,5,0,0,0,0,0,0,0,0,0,0,0,0,0,0,0,0,0,0,0,0,0,0,0,0,0,0,0,0,0,0,0,0,0,0,0,0,0,0,0,5,0,0,0,0,0,0,0,0,0,0,0,0,0,0,0,0,0,0,0,0,0,11,0,0,0,0,0,5,0,0,0,2,0,0,0,0,0,0,0,0,0,0,0,0,3,0,0,0,0,0,0,2,0,0,0,0,40,7,0,0,0,11,0,0,0,142,0,0,0,0,0,0,0,0,0,0,0,0,0,0,0,0,0,0,0,0,0,0,0,0,419,77,0,0,0,0,164,0,23,0,0,0,0,0
0,118,0,0,0,174,0,31,0,13,0,118,99,167,0,0,0,0,50,80,11,0,0,0,0,0,219,361,0,0,0,0,0,0,6,0,0,0,0,0,225,237,24,37,109,390,92,0,26,160,18,19,0,0,0,0,0,0,0,0,0,0,0,0,0,5,0,0,0,0,0,0,0,1,0,0,0,2,0,0,0,0,0,0,0,0,0,0,0,0,0,0,0,0,0,0,0,0,0,0,0,0,0,0,0,0,0,0,0,0,0,0,0,0,0,0,0,0,0,0,0,0,0,0,0,0,0,0,0,0,0,0,0,0,0,0,0,0,0,0,0,0,0,0,0,0,0,0,0,0,0,0,0,3,0,0,0,0,0,0,0,0,0,0,0,25,0,4,0,0,0,0,0,0,0,0,0,229,2,0,0,0,0,9,0,0,25,6,0,0,0,0,0,0,0,0,0,0,0,0,0,0,0,0,0,0,0,0,0,6,0,15,0,0,0,0,0,0,0,392,98,0,0,0,128
31,0,57,0,46,0,67,0,33,0,16,0,30,0,0,0,19,0,0,0,6,0,10,0,20,0,27,3,0,0,3,0,2,0,9,0,12,0,0,0,205,12,32,0,241,23,205,26,0,13,23,0,6,0,36,0,50,0,32,0,5,0,8,0,2,0,0,0,1,0,0,0,0,0,0,0,2,0,8,0,4,0,21,0,20,0,15,0,7,0,0,0,21,0,47,0,0,0,0,0,0,0,11,0,5,0,9,0,0,0,0,0,0,0,0,0,0,0,0,0,4,0,0,0,0,1,0,0,12,0,12,0,0,0,6,0,8,0,0,0,0,0,0,0,0,0,0,0,0,0,3,0,0,0,15,0,3,0,10,0,17,0,7,0,33,0,17,0,57,0,8,0,30,0,0,0,18,5,24,0,0,0,11,0,6,0,243,0,5,0,5,0,0,0,0,0,3,0,20,0,0,0,16,0,0,0,10,0,7,0,123,91,210,14,93,5,2,74,0,8,2,0,0,0,12
0,52,0,39,0,16,0,23,0,10,0,26,0,13,0,3,0,0,0,2,0,10,0,8,0,13,0,53,0,0,0,0,0,0,0,0,0,0,0,0,10,160,0,39,15,251,12,160,13,0,0,35,0,5,0,9,0,7,0,7,0,0,0,9,0,5,0,0,0,1,0,0,0,0,0,0,0,10,0,0,0,21,0,30,0,36,0,13,0,0,0,0,0,6,0,29,0,5,0,0,0,6,0,0,0,1,0,0,0,1,0,0,0,0,0,0,0,0,0,0,0,0,0,0,0,2,0,0,0,0,0,0,0,0,0,16,1,30,0,7,0,8,0,32,0,0,0,1,0,4,0,0,0,7,0,0,0,1,0,0,0,0,0,1,0,58,0,24,0,39,0,6,0,5,0,0,0,97,0,1,0,17,0,19,0,13,5,64,0,0,0,0,0,0,0,4,0,1,0,0,0,0,0,6,0,0,0,4,0,0,0,4,0,0,36,0,0,3,63,69,117,11,0,0,33
7,0,0,0,58,0,3,0,9,0,24,0,222,29,14,0,45,0,147,0,38,3,0,0,5,0,205,51,28,0,43,0,13,0,78,0,80,0,1,0,14,8,43,0,60,0,7,18,23,0,0,0,13,0,0,0,8,0,1,0,3,0,36,0,0,0,0,0,0,0,15,0,7,0,17,0,0,0,0,0,34,0,0,0,104,0,32,0,0,0,0,0,6,0,0,0,80,0,74,0,4,0,0,0,0,0,0,0,0,0,0,0,0,0,0,0,0,0,0,0,44,0,0,0,0,0,0,0,0,0,0,0,0,0,0,0,0,0,0,0,21,0,30,0,18,0,0,0,0,0,0,0,0,0,5,0,4,0,0,0,0,0,21,0,25,0,26,0,42,0,34,0,50,0,0,0,0,0,43,0,0,0,4,0,0,0,72,0,0,0,0,0,0,0,0,0,0,0,0,0,0,0,0,0,0,0,0,0,4,0,72,110,134,32,48,0,2,3,0,0,0,0,0,0,0
0,0,0,0,0,0,0,0,0,5,0,0,0,94,0,0,0,19,20,214,0,87,0,23,0,7,53,477,0,40,0,22,0,5,0,43,0,62,0,5,10,16,0,31,0,67,0,19,0,35,0,0,0,0,0,6,0,13,0,0,0,9,0,0,0,2,0,0,0,0,0,0,0,0,0,0,0,0,0,0,0,58,0,0,0,0,0,0,0,0,0,4,0,2,0,0,0,0,0,0,0,0,0,0,0,0,0,0,0,0,0,0,0,2,0,0,0,0,0,0,0,37,0,0,0,0,0,0,0,0,0,0,0,0,0,0,0,0,0,0,0,0,0,89,0,32,0,0,0,0,0,0,0,0,0,0,0,26,0,0,0,5,0,6,0,17,0,34,0,74,0,15,0,74,0,0,0,44,0,2,0,0,0,0,0,0,4,177,0,2,0,0,0,0,0,1,0,0,0,0,0,0,0,0,0,0,0,0,0,0,0,0,0,0,50,0,0,0,40,68,116,27,0,0,5
0,0,0,0,0,0,91,7,191,47,0,0,0,0,0,0,121,0,5,0,17,0,0,0,98,4,24,0,40,0,2,0,0,0,4,0,2,0,11,0,0,0,0,0,0,0,0,0,6,0,13,0,0,0,188,24,90,7,38,37,54,0,157,0,2,0,5,15,0,0,3,0,0,0,0,0,0,0,0,0,6,0,0,0,26,0,0,0,1,0,6,0,0,0,0,0,33,0,14,0,1,0,0,0,2,0,0,0,0,0,0,0,0,0,0,0,0,0,0,0,1,0,16,0,0,0,1,0,38,0,6,0,8,0,0,0,73,0,375,0,86,0,105,1,17,0,5,0,7,0,2,0,3,0,347,0,48,0,213,0,9,0,20,0,0,0,0,0,15,0,158,0,12,0,0,0,50,3,0,0,0,0,4,0,4,0,0,0,0,0,0,0,0,0,0,0,0,0,1,0,0,0,0,0,0,0,0,0,2,0,92,105,149,82,99,0,29,0,0,0,0,0,0,0,0
0,30,0,6,0,10,6,59,15,62,0,0,0,0,0,0,0,52,0,0,0,0,0,6,7,33,0,0,0,10,0,6,0,3,0,2,0,0,0,4,0,0,0,0,0,0,0,0,0,5,0,0,0,0,11,40,0,171,7,0,0,17,7,103,0,0,2,1,0,0,0,0,0,0,0,0,0,0,0,0,0,0,0,0,0,35,0,4,0,0,0,2,0,0,0,0,0,0,0,11,0,0,0,0,0,0,0,0,0,0,0,0,0,0,0,0,0,0,0,0,0,2,0,0,0,0,0,2,0,30,0,12,0,19,0,10,0,45,0,345,0,40,0,108,0,41,0,0,0,0,0,0,0,0,0,257,0,81,0,162,0,14,0,0,0,0,0,0,0,0,0,25,0,0,0,0,0,12,0,0,0,0,0,14,0,0,0,0,0,0,0,0,0,0,0,0,0,0,0,0,0,0,0,0,0,0,0,0,0,0,0,0,0,0,40,0,0,0,26,755,27,18,0,0,0
2,0,20,0,0,0,124,0,106,124,0,0,0,0,45,0,28,0,0,0,0,0,58,0,238,0,0,0,3,0,2,0,0,0,0,0,0,0,3,0,0,0,0,0,0,0,0,0,36,0,0,0,188,11,0,55,152,5,156,63,29,0,14,0,10,0,2,24,4,0,0,0,0,0,0,0,1,0,0,0,0,0,0,0,0,0,0,0,0,0,0,0,2,0,0,0,0,0,0,0,0,0,0,0,0,0,0,0,0,0,0,0,0,0,0,0,0,0,0,0,0,0,0,0,32,0,0,0,110,0,73,0,81,0,42,0,232,0,44,0,8,0,58,0,2,0,5,0,13,0,2,0,3,0,102,2,42,0,48,0,202,0,19,0,0,0,0,0,34,0,185,0,17,0,0,0,41,12,0,0,0,0,2,0,1,0,0,0,0,0,0,0,0,0,0,0,0,0,3,0,0,0,0,0,0,0,0,0,0,0,284,127,409,298,406,0,105,0,1,0,0,0,0,0,0
4,4,4,124,0,18,29,246,98,39,1,0,0,4,0,56,0,43,0,30,0,0,0,40,15,355,0,0,0,21,0,8,0,0,0,0,0,0,0,17,0,0,0,0,0,0,0,0,0,9,0,6,24,40,55,0,0,276,28,64,0,0,18,39,0,0,9,1,0,2,0,0,0,0,0,0,0,0,0,0,0,8,0,0,0,0,0,0,0,0,0,0,0,1,0,0,0,0,0,4,0,1,0,0,0,0,0,0,0,0,0,0,0,0,0,0,0,0,0,0,0,0,0,0,0,10,0,0,0,34,0,28,0,37,0,97,0,185,0,98,0,20,0,80,0,0,0,3,0,7,0,0,0,0,0,80,0,9,0,27,0,73,0,0,0,9,0,6,0,7,0,116,0,70,0,0,4,39,0,0,0,0,0,0,4,0,0,0,0,0,0,0,0,0,0,0,0,0,0,0,0,0,0,0,0,0,0,0,0,19,0,0,0,0,573,0,0,0,382,403,456,320,0,6,13
4,0,6,0,0,0,4,0,3,0,3,0,3,0,0,0,11,0,0,0,0,1,0,0,36,0,0,0,0,0,0,0,0,1,0,0,0,0,0,0,0,0,0,0,5,0,0,0,50,0,8,0,90,0,152,0,0,0,405,15,0,0,6,0,27,13,34,15,0,0,0,0,0,0,0,0,0,0,0,0,2,0,0,0,0,0,0,0,0,0,0,0,0,0,0,0,0,0,0,0,0,0,0,0,0,0,0,0,0,0,0,0,0,0,0,0,0,0,0,1,0,0,0,0,10,0,5,0,76,0,75,5,22,0,13,0,18,2,16,0,0,0,0,0,20,0,0,0,12,0,0,0,0,0,192,0,52,0,96,1,167,17,62,0,6,0,5,0,53,0,100,0,24,0,0,0,1,0,0,0,0,30,0,0,4,2,0,0,0,0,0,0,0,0,0,0,0,0,0,0,0,0,0,0,0,0,0,0,3,0,441,113,655,556,1193,1,192,16,5,2,0,0,0,0,0
0,0,0,0,0,0,4,25,4,6,0,0,0,0,0,0,0,16,0,0,0,0,0,0,0,103,0,0,0,34,0,5,0,7,0,6,0,5,0,0,0,0,0,0,0,8,0,0,0,7,0,13,7,171,5,276,0,0,20,256,0,2,0,34,0,4,6,0,0,0,0,0,0,0,0,0,0,0,0,0,0,3,0,0,0,0,0,0,0,0,0,0,0,0,0,0,0,0,0,0,0,0,0,0,0,0,0,0,0,1,0,0,0,0,0,0,0,0,0,0,0,0,0,0,0,17,0,9,0,74,0,86,0,67,0,43,0,72,0,89,0,10,0,33,0,5,0,0,0,2,0,0,0,0,1,296,0,7,0,84,0,133,0,0,0,13,0,0,0,8,0,241,0,27,0,0,0,0,0,1,1,0,0,0,1,0,0,0,0,0,0,0,0,0,0,0,0,2,0,0,0,0,0,0,0,0,0,4,0,16,0,0,0,0,811,0,0,0,448,185,799,536,9,2,8
0,0,0,1,0,0,0,0,77,15,0,0,0,0,0,0,0,0,0,0,0,0,0,0,0,0,0,0,0,0,0,0,0,0,0,0,0,0,0,0,0,0,1,0,0,0,0,0,32,0,1,0,38,7,156,28,405,20,0,188,0,0,0,0,50,11,235,90,2,0,0,0,0,0,0,0,0,0,0,0,0,0,0,0,0,0,0,0,0,0,0,0,0,0,0,0,0,0,0,0,0,0,0,0,0,0,0,0,1,0,0,0,0,0,0,0,0,0,0,0,0,0,0,0,0,0,0,0,3,0,14,7,0,0,2,0,0,0,0,1,0,0,0,0,9,0,0,0,0,0,0,0,0,0,64,5,90,0,0,2,4,0,19,0,0,0,4,0,19,0,51,0,12,0,4,6,81,3,0,0,42,57,1,0,192,6,0,0,0,0,0,0,0,0,0,0,0,0,0,0,0,0,0,0,0,0,0,0,0,0,619,294,262,394,952,0,114,0,4,0,1,0,0,0,0
0,6,0,0,0,0,0,9,64,96,0,0,0,0,0,0,0,0,0,0,0,0,0,0,1,22,0,0,0,0,0,0,0,0,0,0,0,0,0,0,0,0,0,0,0,5,0,0,0,7,0,0,37,0,63,64,15,256,188,0,0,0,0,0,5,137,93,474,0,0,0,0,0,0,0,2,0,0,0,0,0,0,0,2,0,0,0,0,0,0,0,0,0,0,0,1,0,0,0,0,0,0,0,0,0,0,0,0,0,0,0,0,0,0,0,0,0,0,0,0,0,0,0,0,0,44,0,5,0,2,0,60,0,14,0,0,0,11,0,7,0,0,0,0,0,24,0,1,0,37,0,4,0,0,3,39,0,23,0,11,0,118,0,4,0,6,0,0,0,7,0,39,0,16,0,45,8,0,0,0,0,86,1,0,27,154,0,0,0,0,0,0,0,0,0,0,0,0,0,0,0,0,0,0,0,0,0,2,0,15,3,7,0,1,1592,0,0,0,1139,659,551,585,22,1,8
25,0,0,0,0,0,139,0,171,0,0,0,0,0,0,0,0,0,0,0,7,0,0,0,46,0,0,0,0,0,5,0,14,0,0,0,32,0,25,0,0,0,0,0,0,0,0,0,5,0,3,0,54,0,29,0,0,0,0,0,0,0,82,0,0,0,0,0,0,0,0,0,0,0,4,0,0,0,0,0,0,0,0,0,12,0,1,0,0,0,0,0,0,0,0,0,1,0,3,0,0,0,0,0,0,0,0,0,0,0,0,0,0,0,0,0,0,0,0,0,7,0,9,0,0,0,0,0,0,0,0,0,0,0,0,0,0,0,171,0,61,0,14,0,97,0,0,0,0,0,0,0,0,0,38,0,142,0,9,0,0,0,3,0,0,0,3,0,2,0,77,0,69,0,0,0,0,0,0,0,0,0,6,0,6,0,0,0,0,0,0,0,0,0,0,0,0,0,0,0,0,0,0,0,0,0,0,0,0,0,56,234,41,48,32,1,0,3,0,0,0,0,0,0,0
3,164,0,0,0,0,0,133,0,0,0,0,0,0,0,0,0,6,0,0,0,0,0,0,0,40,0,0,0,0,0,5,0,1,0,8,0,14,0,9,0,0,0,13,0,0,0,0,0,0,0,9,0,17,0,0,0,2,0,0,0,0,0,42,1,0,0,0,0,0,0,0,0,1,0,0,0,0,0,0,0,4,0,0,0,0,0,0,0,0,0,0,0,0,0,0,0,0,0,0,0,0,0,0,0,0,0,0,0,0,0,0,0,0,0,0,0,0,0,0,0,0,0,0,0,0,0,0,0,0,0,0,0,0,0,2,0,0,0,52,0,44,0,28,0,96,0,0,0,0,0,0,0,0,0,16,0,223,0,12,0,0,0,3,0,1,0,0,0,2,0,25,0,107,0,0,0,27,0,8,0,1,0,22,0,3,0,0,0,0,0,0,0,0,0,0,0,0,0,0,0,0,0,0,0,0,0,0,0,0,0,0,0,0,20,0,0,0,13,693,28,0,3,0,0
33,9,46,0,0,0,345,24,180,95,0,0,0,0,0,0,298,1,25,0,108,0,9,0,234,23,107,0,158,0,48,0,20,0,0,0,35,0,55,0,0,0,19,0,0,0,6,0,8,0,36,0,157,7,14,18,6,0,0,0,82,0,0,2,0,0,0,0,0,0,5,0,0,0,0,0,0,0,0,0,0,0,0,0,37,0,0,0,0,0,0,0,0,0,0,0,0,0,0,0,0,0,0,0,0,0,0,0,0,0,0,0,0,0,0,0,0,0,0,0,0,0,25,0,0,0,0,0,0,0,2,0,7,0,0,0,29,0,206,0,74,0,56,0,28,0,0,0,6,0,0,0,2,0,104,0,54,0,68,0,0,0,0,0,0,0,0,0,3,0,18,0,45,0,0,0,11,22,0,0,0,0,4,3,4,0,0,0,0,0,0,0,0,0,0,0,0,0,0,0,0,0,0,0,0,0,0,0,0,0,67,145,58,42,43,0,5,0,1,0,0,0,0,0,0
12,221,9,29,0,22,8,333,4,114,0,0,0,0,0,7,5,398,0,0,0,49,4,63,31,160,0,33,1,160,0,37,0,35,0,23,0,6,0,45,0,0,0,17,0,11,0,0,0,9,0,0,0,103,0,39,0,34,0,0,0,42,2,0,0,0,0,0,0,0,0,0,0,0,0,0,0,0,0,0,0,0,0,0,0,22,0,0,0,0,0,0,0,0,0,0,0,0,0,3,0,0,0,0,0,0,0,0,0,0,0,0,0,0,0,0,0,0,0,0,0,3,0,0,0,0,0,0,0,0,0,0,0,0,0,9,0,0,0,170,0,26,0,40,0,65,0,1,0,0,0,0,0,0,0,85,0,89,0,60,0,4,0,0,0,0,0,0,0,0,0,0,0,6,0,0,0,26,0,0,0,0,0,64,0,0,0,0,0,0,0,0,0,0,0,0,0,0,0,0,0,0,0,0,0,0,0,0,0,0,0,0,0,0,27,0,0,0,23,818,18,0,0,0,0
7,0,5,3,1,0,0,0,81,1,0,0,0,0,0,0,0,0,0,1,0,0,1,1,0,4,5,0,0,0,0,0,0,0,0,0,0,0,0,0,0,0,0,0,1,0,0,0,2,0,0,0,2,0,10,0,27,0,50,5,0,1,0,0,0,30,107,3,0,0,0,0,0,0,0,0,0,0,0,0,0,0,0,0,0,0,0,0,0,0,0,0,0,0,0,0,0,0,0,0,0,0,0,0,0,0,0,0,0,0,0,0,0,0,0,0,0,0,0,0,0,0,0,0,8,0,0,0,0,5,33,43,0,0,9,6,2,0,18,0,1,0,0,3,26,0,0,0,19,51,0,0,0,0,10,0,3,0,0,0,370,26,7,0,0,0,0,0,0,0,0,1,2,0,8,0,0,0,0,0,227,86,0,0,52,11,0,0,0,0,0,0,0,0,0,0,0,0,0,0,0,0,0,0,0,0,0,1,0,2,53,0,0,0,41,0,0,1,0,0,0,0,0,0,0
1,26,0,18,0,21,0,3,0,116,0,0,0,0,0,16,0,2,0,28,0,0,0,0,0,0,0,38,0,0,0,0,0,6,0,0,0,0,0,7,0,2,0,0,0,0,0,5,0,5,0,2,0,0,0,0,13,4,11,137,0,0,0,0,30,0,12,246,0,0,0,12,0,0,0,0,0,0,0,6,0,6,0,0,0,0,0,7,0,0,0,0,0,0,0,0,0,0,0,0,0,0,0,0,0,0,0,0,0,0,0,0,0,0,0,0,0,0,0,0,0,3,0,0,0,15,0,6,3,0,14,34,0,0,0,21,0,29,6,17,0,38,0,1,0,73,0,8,11,19,0,7,0,13,2,0,0,0,7,1,27,326,0,6,0,0,0,5,0,0,0,0,0,0,0,101,0,0,0,0,21,278,0,8,0,77,0,0,0,0,0,0,0,0,0,0,0,0,0,0,0,0,0,0,0,0,0,8,0,38,0,0,0,0,49,0,0,0,124,27,33,0,3,0,0
0,0,0,0,0,0,0,0,76,2,0,0,0,0,0,1,0,0,0,0,0,0,0,0,0,0,0,0,0,1,0,0,0,0,0,0,0,0,0,0,0,0,0,0,1,0,0,0,0,0,0,0,5,2,2,9,34,6,235,93,0,0,0,0,107,12,0,38,0,0,0,0,0,0,0,0,0,0,0,0,0,0,0,0,0,0,0,0,0,0,0,0,0,0,0,0,0,0,0,0,0,0,0,0,0,0,0,0,0,0,0,0,0,0,0,0,0,0,0,0,0,0,0,0,4,0,0,0,0,0,23,0,0,0,2,0,0,0,1,0,0,0,0,0,5,0,5,0,22,3,0,0,0,0,18,6,4,0,3,5,28,8,0,0,0,0,0,0,0,0,3,0,0,0,10,6,84,0,0,0,89,53,1,0,368,8,0,0,0,0,0,0,0,0,0,0,0,0,0,0,0,0,0,0,0,0,0,0,0,0,88,40,0,0,156,0,0,0,0,0,0,0,0,0,0
0,12,0,4,0,0,0,0,28,165,0,4,0,3,0,0,0,0,0,0,0,0,0,0,0,0,0,0,0,0,0,0,0,0,0,0,0,0,0,0,0,0,0,0,0,0,0,0,0,0,0,0,15,1,24,1,15,0,90,474,0,0,0,0,3,246,38,0,0,0,0,0,0,0,0,0,0,0,0,0,0,0,0,0,0,0,0,0,0,0,0,0,0,0,0,0,0,0,0,0,0,0,0,0,0,0,0,1,0,0,0,0,0,0,0,0,0,0,0,0,0,0,0,0,0,12,0,3,0,0,0,37,0,0,0,0,0,4,0,3,0,0,0,0,0,13,0,0,0,23,0,4,0,0,0,2,1,4,1,0,3,202,0,0,0,0,0,0,0,0,0,2,0,0,0,85,0,4,0,0,0,130,0,0,4,315,0,0,0,0,0,0,0,0,0,0,0,0,0,0,0,0,0,0,0,0,0,4,0,6,2,1,0,0,96,0,0,0,107,125,0,0,0,0,0
0,0,0,0,0,0,0,0,0,0,0,0,0,0,0,0,0,0,0,0,0,0,0,0,0,0,0,0,0,0,0,0,0,0,0,0,0,0,0,0,0,0,0,0,2,0,0,0,1,0,0,0,0,0,4,0,0,0,2,0,0,0,0,0,0,0,0,0,0,0,0,0,3,0,0,0,44,0,3,0,0,0,9,0,0,0,6,0,2,0,0,0,3,0,0,0,2,0,0,0,1,0,76,0,0,0,15,0,11,0,1,0,0,0,0,0,0,0,0,0,0,0,0,0,0,0,0,0,0,0,0,0,0,0,0,0,1,0,0,0,0,0,0,0,0,0,0,0,0,0,0,0,0,0,0,0,0,0,0,0,0,0,0,0,12,0,0,0,66,0,2,0,1,0,0,0,0,0,0,0,0,0,0,0,0,0,0,0,0,0,4,0,5,0,7,0,0,0,0,0,0,0,6,0,0,0,0,0,0,0,7,2,27,0,0,2,0,0,0,0,0,0,0,0,0
0,0,0,0,0,0,0,1,0,0,0,0,0,0,0,0,0,1,0,0,0,0,0,0,0,0,0,0,0,1,0,0,0,0,0,0,0,0,0,0,0,1,0,0,0,0,0,0,0,1,0,0,0,0,0,2,0,0,0,0,0,0,0,0,0,0,0,0,0,0,0,0,0,0,0,0,0,18,0,0,0,0,0,18,0,0,0,2,0,23,0,0,0,22,0,14,0,0,0,0,0,3,0,71,0,0,0,0,0,82,0,5,0,11,0,2,0,11,0,0,0,0,0,0,0,2,0,1,0,0,0,0,0,0,0,0,0,0,0,0,0,0,0,0,0,0,0,0,0,1,0,0,0,0,0,1,0,0,0,0,0,0,0,0,0,6,0,0,0,53,0,0,0,0,0,0,0,0,0,0,0,0,0,0,0,0,0,0,0,0,0,0,0,0,0,16,0,2,0,4,0,8,0,0,0,15,0,0,0,0,0,0,0,0,11,0,0,0,79,7,100,0,16,12,3
0,0,0,0,0,0,0,0,0,0,0,0,0,0,0,0,3,0,0,0,0,0,0,0,0,0,0,0,5,0,0,0,0,0,0,0,12,0,2,0,0,0,9,0,0,0,0,0,0,0,15,0,3,0,0,0,0,0,0,0,0,0,5,0,0,0,0,0,0,0,0,0,203,0,200,0,2,0,101,0,2,0,0,0,0,0,6,0,0,0,0,0,0,0,0,0,0,0,0,0,0,0,0,0,0,0,0,0,0,0,0,0,0,0,0,0,0,0,0,0,37,0,3,0,44,0,17,2,38,0,24,0,20,0,0,0,34,0,2,0,24,0,10,0,67,0,24,0,45,0,0,0,0,0,0,0,1,0,0,0,0,0,20,0,0,0,1,0,8,0,18,0,8,0,11,0,0,0,0,0,8,0,0,0,21,0,0,0,0,0,0,0,0,0,0,0,0,0,0,0,0,0,0,0,0,0,0,0,20,0,60,2,0,0,7,0,0,0,0,0,0,0,0,0,0
0,1,0,0,0,0,0,0,0,0,0,0,0,0,0,0,0,0,0,0,0,0,0,4,0,0,0,0,0,0,0,0,0,0,0,0,0,0,0,0,0,0,0,0,0,0,0,0,0,0,0,0,0,0,0,0,0,0,0,0,0,0,0,0,0,12,0,0,0,0,0,0,0,155,0,209,0,14,0,4,0,10,0,2,0,0,0,76,0,0,0,0,0,0,0,0,0,0,0,0,0,0,0,0,0,0,0,0,0,0,0,0,0,0,0,0,0,0,0,0,0,12,0,8,0,28,0,13,0,15,0,59,0,23,0,24,0,0,0,19,0,48,0,28,0,99,0,0,0,46,0,0,0,0,0,0,0,3,0,0,2,5,0,21,0,0,0,0,0,6,0,12,0,15,0,4,0,0,0,0,0,11,0,0,0,1,0,0,0,0,0,0,0,0,0,0,0,0,0,0,0,0,0,0,0,0,0,0,1,0,0,0,0,0,9,0,0,0,89,1,5,0,0,0,0
0,0,0,0,0,0,0,0,0,0,0,0,0,0,0,0,0,0,0,0,0,0,0,0,0,0,0,0,0,0,0,0,0,0,0,0,0,0,0,0,0,0,0,0,0,0,0,0,0,0,7,0,0,0,0,0,0,0,0,0,0,0,0,0,0,0,0,0,3,0,203,0,0,0,108,0,26,0,212,0,1,0,30,0,0,0,15,0,0,0,5,0,18,0,0,0,0,0,0,0,0,0,0,0,6,0,0,0,1,0,0,0,0,0,0,0,0,0,0,0,50,0,8,0,28,0,0,0,51,0,22,0,37,0,135,0,70,0,0,0,65,0,116,0,89,0,18,0,0,0,17,0,0,0,0,0,0,0,0,0,0,0,39,0,0,0,0,0,16,0,0,0,0,0,6,0,0,0,0,0,0,0,0,0,0,0,0,0,17,0,0,1,0,0,0,0,0,0,119,0,47,0,105,0,0,0,0,0,89,0,310,4,17,0,29,0,0,0,0,0,0,0,0,0,0
0,0,0,0,0,0,0,0,0,0,0,0,0,0,0,0,0,0,0,0,0,0,0,0,0,0,0,0,0,0,0,0,0,0,0,0,0,0,0,0,0,0,0,0,0,0,0,1,0,0,0,0,0,0,0,0,0,0,0,0,0,1,0,0,0,0,0,0,0,0,0,155,0,0,0,421,1,119,0,27,0,4,0,11,0,20,0,173,0,0,0,0,0,3,0,0,0,0,0,0,0,0,0,1,0,0,0,0,0,0,0,0,0,0,0,0,0,0,0,0,0,48,0,18,0,12,0,0,0,27,0,31,0,0,0,274,0,207,0,46,0,22,0,68,0,60,0,0,0,0,0,0,0,0,0,0,0,0,0,0,0,0,0,34,0,2,0,0,0,15,0,0,0,0,0,0,0,0,0,0,0,0,0,0,0,0,0,0,0,27,0,0,0,0,0,13,0,0,0,0,0,83,0,121,0,42,0,75,0,85,0,0,0,0,16,0,0,0,167,4,21,0,0,0,0
0,0,4,0,0,0,0,0,0,0,0,0,0,0,0,0,6,0,0,0,0,0,0,0,0,0,13,0,7,0,0,0,0,0,13,0,0,0,0,0,0,0,5,0,0,0,0,0,0,0,17,0,0,0,0,0,0,0,0,0,4,0,0,0,0,0,0,0,0,0,200,0,108,0,0,0,10,0,185,0,14,2,15,0,10,1,14,0,0,0,0,0,0,0,1,0,4,0,14,0,0,0,0,0,0,0,0,0,0,0,0,0,0,0,0,0,0,0,0,0,188,0,28,0,67,3,37,1,15,0,0,5,27,0,90,0,43,0,0,0,67,0,63,4,119,0,32,4,53,11,0,0,66,0,0,0,6,0,0,0,1,0,9,0,0,0,3,0,0,0,8,0,0,0,56,0,0,0,0,0,10,4,0,0,33,0,0,0,1,0,0,0,0,0,0,0,0,0,43,0,9,0,23,0,0,0,39,0,49,0,132,0,0,0,9,1,0,0,0,0,0,0,0,0,0
0,0,0,0,0,0,0,0,0,0,0,0,0,0,0,0,0,0,0,0,0,0,0,3,0,0,0,0,0,0,0,0,0,0,0,0,0,0,0,0,0,0,0,5,0,15,0,0,0,0,0,0,0,0,0,0,0,0,0,2,0,0,0,0,0,0,0,0,0,0,0,209,0,421,0,0,0,8,0,44,0,12,0,0,0,0,0,84,0,0,0,0,0,0,0,0,0,0,0,0,0,0,0,0,0,0,0,0,0,0,0,0,0,0,0,0,0,0,0,0,0,174,0,52,0,0,0,0,0,14,0,35,0,0,0,122,0,86,0,0,0,69,0,67,0,152,0,0,0,51,0,0,0,0,0,0,0,3,0,0,0,0,0,39,0,0,0,0,0,0,0,18,0,9,0,0,0,0,0,0,0,0,0,0,0,0,0,0,0,0,0,0,0,0,0,0,0,0,0,0,0,0,0,0,0,0,0,0,0,38,0,0,0,0,16,0,0,0,119,0,11,0,0,0,1
0,0,0,0,0,0,3,0,0,0,0,0,0,0,0,0,0,0,0,0,0,0,0,0,0,0,0,0,0,0,0,0,0,0,0,0,0,0,0,0,0,0,0,0,0,0,0,0,2,0,0,0,0,0,1,0,0,0,0,0,0,0,0,0,0,0,0,0,44,0,2,0,26,1,10,0,0,0,9,0,5,0,11,0,0,0,17,0,5,0,0,0,39,0,6,0,0,0,1,0,0,0,32,0,0,0,35,0,23,0,1,0,0,0,8,0,5,0,0,0,3,0,0,0,2,0,0,0,1,0,0,0,0,0,0,0,0,0,0,0,0,0,0,0,0,0,0,0,0,0,0,0,0,0,0,0,0,0,0,0,0,0,1,0,9,0,0,0,13,0,3,0,0,0,3,0,0,0,0,0,0,0,0,0,0,0,0,0,36,0,20,0,27,0,40,0,0,0,0,0,20,0,51,0,67,0,0,0,0,0,36,3,20,0,6,1,7,0,0,0,2,0,0,0,0
0,0,0,0,0,0,0,0,0,1,0,0,0,0,0,0,0,0,0,0,0,0,0,0,0,0,0,0,0,0,0,0,0,0,0,0,0,0,0,0,0,0,0,0,0,25,0,2,0,10,0,0,0,0,0,0,0,0,0,0,0,0,0,0,0,0,0,0,0,18,0,14,0,119,0,8,0,0,0,8,0,0,0,43,0,5,0,172,0,16,0,0,0,49,0,23,0,0,0,0,0,0,0,69,0,67,0,11,0,32,0,3,0,3,0,1,0,27,0,2,0,19,0,0,0,5,0,0,0,0,1,4,6,0,0,0,0,0,0,0,0,2,0,0,0,2,0,0,0,7,0,0,0,0,0,0,0,0,0,0,0,0,0,4,0,18,0,0,0,92,0,1,0,0,0,0,0,0,0,0,0,0,0,0,0,0,0,0,0,125,0,17,0,0,0,80,0,15,0,0,0,35,0,106,0,101,0,0,0,0,0,0,0,0,0,0,0,0,54,5,65,4,11,3,2
0,0,0,0,0,0,0,0,2,0,0,0,0,0,0,0,10,0,0,0,0,0,0,0,0,0,0,0,0,0,0,0,0,0,0,0,0,0,4,0,0,0,0,0,0,0,0,0,8,0,0,0,0,0,0,0,0,0,0,0,0,0,0,0,0,0,0,0,3,0,101,0,212,0,185,0,9,0,0,0,0,0,33,0,10,0,103,0,0,0,5,0,57,0,1,0,25,0,2,0,0,0,25,0,22,0,32,0,33,0,0,0,0,0,5,0,4,0,0,0,82,0,6,0,0,0,11,0,0,0,0,0,0,0,72,0,12,0,0,0,37,0,47,0,18,0,0,0,0,0,0,2,0,0,0,0,0,0,0,0,0,0,9,0,0,0,0,0,69,0,0,0,2,0,2,0,0,0,1,0,0,0,0,0,0,0,0,0,44,0,32,0,29,0,15,0,0,0,167,0,70,0,155,0,122,0,0,0,0,0,156,0,87,0,29,2,18,0,0,0,0,0,0,0,0
0,0,0,0,0,0,0,0,0,0,0,0,0,0,0,0,0,0,0,0,0,0,0,0,0,0,0,0,0,0,0,0,0,2,0,0,0,0,0,0,0,0,0,0,0,0,0,0,0,0,0,0,0,0,0,0,0,0,0,0,0,0,0,0,0,6,0,0,0,0,0,4,0,27,0,44,0,8,0,0,0,4,0,0,0,0,0,17,0,0,0,0,0,0,0,0,0,0,0,0,0,0,0,1,0,0,0,0,0,0,0,0,0,0,0,0,0,0,0,0,0,23,0,2,0,0,0,0,0,0,0,0,0,0,0,77,0,34,0,0,0,16,0,15,0,12,0,0,0,0,0,0,0,0,0,0,0,0,0,0,0,0,0,4,0,0,0,1,0,1,0,1,0,8,0,0,0,0,0,0,0,0,0,0,0,0,0,0,0,0,0,0,0,0,0,0,0,0,0,0,0,6,0,0,0,0,0,20,0,0,0,0,0,0,6,0,0,0,35,1,4,0,1,0,0
