0,110,78,103,41,0,31,28,46,8,47,0,51,0,15,26,104,98,0,0,5,0,115,99,51,195,13,0,78,0,0,0,161,0,0,0,137,0,485,0,8,0,0,0,8,0,6,0,9,0,0,0,0,0,3,0,0,0,0,0,70,0,16,18,18,0,10,0,1,0,0,0,0,0,0,0,0,0,0,0,0,0,0,0,0,0,0,0,0,0,0,0,0,0,0,0,0,0,0,0,0,0,0,0,0,0,0,0,0,0,0,0,0,0,0,0,0,0,0,0,0,0,0,0,31,0,0,0,0,0,19,0,0,0,6,0,0,0,0,0,0,0,0,0,0,0,18,0,37,0,0,0,9,0,0,0,0,0,0,0,6,0,0,0,5,0,0,0,61,0,22,0,595,0,0,0,392,146,1,0,0,0,15,0,45,0,0,0,0,0,0,0,0,0,0,0,0,0,0,0,0,0,0,0,0,0,0,0,4,0,728,253,258,0,366,0,4,0,0,20,0,0,0,0,0
110,0,136,88,0,117,56,42,0,31,5,116,0,50,0,53,52,12,0,63,0,0,165,44,174,31,0,98,0,28,0,0,0,50,0,0,0,110,0,258,0,17,0,0,0,5,0,53,0,12,0,0,0,16,21,47,0,22,0,16,4,504,0,327,0,29,0,58,0,0,0,0,0,2,0,0,0,0,0,0,0,0,0,0,0,0,0,0,0,0,0,0,0,0,0,0,0,0,0,0,0,0,0,0,0,0,0,0,0,0,0,0,0,0,0,0,0,0,0,0,0,13,0,0,0,17,0,10,0,7,0,22,0,0,0,0,0,29,0,7,0,0,0,0,0,0,0,0,0,61,0,53,0,0,0,12,0,0,0,3,0,16,0,2,0,0,0,0,0,48,0,31,0,345,0,0,80,467,0,3,0,33,0,4,0,63,0,0,0,0,0,0,0,0,0,0,0,3,0,0,0,0,0,0,0,0,0,0,0,0,0,13,0,0,553,0,0,0,710,192,205,138,0,0,0
78,136,0,190,221,45,20,0,3,0,71,44,114,0,253,70,42,0,39,0,54,0,362,216,149,130,24,0,153,0,42,0,240,0,0,0,103,0,373,0,11,0,0,0,22,0,0,0,10,0,0,0,2,0,28,0,0,0,0,0,0,0,0,0,3,0,0,0,0,0,0,0,0,0,0,0,0,0,0,0,0,0,0,0,0,0,0,0,0,0,0,0,0,0,0,0,0,0,0,0,0,0,0,0,0,0,0,0,0,0,0,0,0,0,0,0,0,0,0,0,0,0,0,0,25,0,0,0,0,0,16,0,0,0,34,0,92,0,0,0,4,0,0,0,0,0,30,0,22,0,3,0,8,0,0,0,0,0,0,0,0,0,0,0,0,0,89,0,24,0,0,0,246,0,0,0,214,134,0,0,0,0,2,0,0,0,0,0,0,0,0,0,0,0,0,0,0,0,0,0,0,0,0,0,0,0,0,0,9,0,605,93,214,0,440,0,10,0,0,27,0,0,0,0,0
103,88,190,0,0,259,0,113,0,7,30,60,0,0,0,138,33,0,0,58,7,21,235,280,57,41,0,62,0,98,0,0,0,64,0,0,0,65,0,332,0,5,0,0,0,0,0,22,0,21,0,0,0,0,0,57,0,0,0,13,0,160,0,151,0,0,0,0,0,0,0,0,0,0,0,0,0,0,0,0,0,0,0,0,0,0,0,0,0,0,0,0,0,0,0,0,0,0,0,0,0,0,0,0,0,0,0,0,0,0,0,0,0,0,0,0,0,0,0,0,0,0,0,0,0,0,0,0,0,0,0,0,0,30,0,201,0,250,0,28,0,69,0,56,0,4,0,0,0,0,0,2,0,0,0,0,0,0,0,0,0,0,0,0,0,0,0,0,0,0,0,0,0,98,0,0,62,166,0,3,0,0,0,0,0,0,0,0,0,0,0,0,0,0,0,0,0,0,0,0,0,48,0,0,0,0,0,0,0,41,0,6,0,0,159,0,0,0,162,94,79,0,0,0,0
41,0,221,0,0,255,12,0,9,0,104,91,388,131,491,358,24,0,79,157,121,161,184,110,5,0,100,50,20,0,194,0,272,0,107,0,186,0,0,0,47,0,0,0,0,0,48,0,5,0,23,0,0,0,1,0,0,0,0,0,0,0,0,0,0,0,0,0,0,0,0,0,0,0,0,0,0,0,0,0,0,0,0,0,0,0,0,0,0,0,0,0,0,0,0,0,0,0,0,0,0,0,0,0,0,0,0,0,0,0,0,0,0,0,0,0,0,0,0,0,0,0,0,0,31,0,8,0,0,0,23,0,0,0,0,0,39,0,0,0,0,0,0,0,0,0,40,0,61,0,0,0,28,0,0,0,0,0,0,0,0,0,0,0,25,0,288,0,45,0,0,0,83,0,0,0,264,88,64,0,15,0,26,0,39,0,1,2,0,0,0,0,0,0,0,0,0,0,0,0,0,0,0,0,0,0,0,0,9,0,325,205,246,0,185,0,0,0,0,13,0,0,0,0,0
0,117,45,259,255,0,0,43,0,7,81,213,102,138,284,232,0,0,112,183,63,78,125,140,0,3,0,213,0,74,0,52,0,438,0,115,0,169,0,150,0,15,0,0,0,0,0,122,0,0,0,19,0,0,0,6,0,0,0,0,0,0,0,0,0,0,0,0,0,0,0,0,0,0,0,0,0,0,0,0,0,0,0,0,0,0,0,0,0,0,0,0,0,0,0,0,0,0,0,0,0,0,0,0,0,0,0,0,0,0,0,0,0,0,0,0,0,0,0,0,0,0,0,0,0,0,0,0,0,2,0,3,0,0,0,0,0,31,0,0,0,0,0,0,0,0,0,0,0,7,0,0,0,0,0,0,0,0,0,0,0,0,0,0,0,29,0,250,0,112,0,0,0,163,0,0,68,330,0,13,0,12,0,0,0,0,0,10,0,0,0,0,0,0,0,0,0,0,0,0,0,0,0,0,0,0,0,0,0,0,11,8,0,0,254,0,0,0,394,241,400,0,0,0,0
31,56,20,0,12,0,0,117,39,119,7,0,6,0,9,0,9,0,0,0,0,0,13,0,320,203,0,0,38,0,0,0,0,0,0,0,3,0,95,0,0,0,0,0,0,0,0,0,20,0,0,0,0,34,152,91,13,0,23,0,240,0,130,81,3,0,17,0,6,0,0,0,0,0,0,0,3,0,0,0,0,0,0,0,0,0,0,0,0,0,0,0,0,0,0,0,0,0,0,0,0,0,0,0,0,0,0,0,0,0,0,0,0,0,0,0,0,0,0,0,0,0,0,0,24,0,13,0,0,0,40,0,8,0,11,0,18,0,0,0,0,0,0,0,0,0,11,0,14,0,3,0,0,0,2,0,0,0,0,0,36,0,0,0,0,0,0,0,57,0,176,0,416,0,2,0,148,108,0,0,0,0,0,0,0,1,0,0,0,0,0,0,0,0,0,0,0,0,3,0,0,0,0,0,0,0,0,0,14,0,762,69,157,313,602,0,51,11,0,1,0,0,0,0,0
28,42,0,113,0,43,117,0,98,58,0,14,0,0,0,17,0,9,0,0,0,0,0,8,116,101,0,18,0,0,0,0,0,0,0,0,0,0,0,23,0,0,0,0,0,0,0,8,0,0,0,0,0,17,0,140,0,11,0,8,0,282,0,205,0,0,0,14,0,0,0,0,0,0,0,0,0,0,0,0,0,0,0,4,0,0,0,0,0,0,0,0,0,0,0,0,0,0,0,0,0,0,0,0,0,0,0,0,0,0,0,0,0,0,0,0,0,0,0,0,0,0,0,0,0,6,0,0,0,0,0,0,0,0,0,19,0,24,0,0,0,0,0,0,0,0,0,0,0,2,0,0,0,0,0,0,0,32,0,0,0,7,0,0,0,0,0,0,0,33,0,83,0,207,0,0,42,128,0,0,0,0,0,1,0,2,0,0,0,0,0,0,0,0,0,0,0,0,0,0,0,0,0,0,0,0,0,0,0,5,2,2,0,0,511,0,0,0,416,68,234,257,42,112,1
46,0,3,0,9,0,39,98,0,144,62,0,14,0,0,0,4,27,1,0,0,0,0,0,8,153,0,0,0,0,0,0,0,0,0,0,0,0,0,0,5,0,0,0,0,0,0,0,5,0,0,0,48,65,56,269,17,0,26,55,205,0,93,53,72,0,46,16,0,0,0,0,0,0,0,0,0,0,1,0,0,0,0,0,0,0,1,0,0,0,0,0,0,0,2,0,0,0,0,0,0,0,0,0,0,0,0,0,0,0,0,0,0,0,0,0,0,0,0,0,0,0,0,0,48,0,5,0,0,0,62,0,0,0,11,0,6,0,0,0,0,0,3,0,0,0,34,0,112,0,0,0,8,0,0,0,7,0,0,0,41,0,0,0,0,0,11,0,74,0,187,3,222,0,0,0,388,151,13,0,0,0,5,0,84,9,0,0,0,0,0,0,0,0,0,0,0,0,0,0,0,0,0,0,0,0,0,0,7,0,376,60,154,128,212,0,39,0,0,0,2,0,0,0,0
8,31,0,7,0,7,119,58,144,0,0,15,0,4,0,0,0,0,0,18,0,0,0,0,81,69,0,17,0,4,0,0,0,12,0,0,0,0,0,0,0,5,0,0,0,0,0,12,0,0,0,0,0,128,348,149,29,77,84,33,0,159,27,273,0,135,0,90,0,2,0,0,0,0,0,0,0,0,0,0,0,0,0,0,0,0,0,0,0,0,0,0,0,0,0,0,0,0,0,0,0,0,0,0,0,0,0,0,0,0,0,0,0,0,0,0,0,0,0,0,0,0,0,0,0,37,0,18,0,0,0,22,0,4,0,35,0,30,0,3,0,4,0,0,0,2,0,16,0,124,0,20,0,22,0,26,0,126,0,0,0,0,0,6,0,0,0,7,0,49,0,201,0,142,0,2,62,344,0,0,0,11,3,7,0,83,0,0,0,0,0,0,0,0,0,0,0,0,0,0,0,0,0,0,0,0,0,0,0,18,1,0,0,0,629,0,0,0,484,146,286,0,50,192,0
47,5,71,30,104,81,7,0,62,0,0,29,232,0,106,140,27,1,10,0,109,34,46,80,0,0,32,0,11,0,138,0,358,0,36,0,229,0,12,0,15,0,0,0,15,0,20,0,5,0,13,0,0,0,0,0,0,0,0,0,0,0,0,0,9,0,0,0,0,0,0,0,0,0,0,0,0,0,0,0,0,0,0,0,0,0,0,0,0,0,0,0,0,0,0,0,0,0,0,0,0,0,0,0,0,0,0,0,0,0,0,0,0,0,0,0,0,0,0,0,0,0,0,0,16,0,0,0,0,0,2,0,0,0,9,0,0,0,0,0,0,0,0,0,2,0,32,0,30,0,0,0,19,0,0,0,0,0,0,0,0,0,0,0,0,0,250,0,0,0,0,0,122,0,2,0,189,60,45,0,12,0,25,0,68,0,2,0,0,0,0,0,0,0,0,0,0,0,0,0,0,0,0,0,0,0,0,0,0,0,280,269,189,0,157,0,0,0,0,3,5,0,0,0,0
0,116,44,60,91,213,0,14,0,15,29,0,19,244,123,77,9,11,37,48,47,42,154,79,0,0,7,153,0,37,0,0,0,437,0,0,0,194,0,177,0,74,0,0,0,0,0,159,0,42,0,0,0,2,0,2,0,0,0,0,0,0,0,11,0,7,0,0,0,0,0,0,0,0,0,0,0,0,0,0,0,0,0,0,0,0,0,0,0,0,0,0,0,0,0,0,0,0,0,0,0,0,0,0,0,0,0,0,0,0,0,0,0,0,0,0,0,0,0,0,0,21,0,0,0,0,0,0,0,0,0,0,0,0,0,0,0,0,0,0,0,0,0,0,0,11,0,0,0,25,0,68,0,65,0,0,0,5,0,2,0,0,0,0,0,12,0,117,0,0,0,18,0,137,1,0,38,305,1,21,0,128,0,36,0,62,1,6,0,0,0,0,0,0,0,0,0,0,0,0,0,0,0,0,0,0,0,0,0,0,0,8,0,0,244,0,0,0,363,266,235,0,0,0,0
51,0,114,0,388,102,6,0,14,0,232,19,0,189,120,25,0,0,72,299,30,188,0,0,0,0,160,461,0,0,24,0,19,6,120,43,68,20,0,0,104,46,29,23,43,44,182,124,17,5,112,32,0,0,0,0,0,0,3,0,0,0,0,0,0,0,0,0,0,0,0,0,0,0,0,0,0,0,0,0,0,0,0,0,0,0,0,0,0,0,0,0,0,0,0,0,0,0,0,0,0,0,0,0,0,0,0,0,0,0,1,0,0,0,0,0,0,0,0,0,0,0,0,0,0,0,0,0,0,0,5,0,0,0,0,0,0,0,0,0,0,0,0,0,0,0,0,0,0,0,0,0,0,0,0,0,0,0,0,0,0,0,0,0,85,0,46,0,0,0,0,0,0,0,0,0,508,71,117,0,37,0,47,0,34,0,185,0,0,0,0,0,0,0,0,0,0,0,0,0,0,0,0,0,0,0,0,0,0,0,28,142,119,0,16,0,0,0,0,18,14,0,1,0,0
0,50,0,0,131,138,0,0,0,4,0,244,189,0,134,6,0,0,317,121,72,63,0,3,0,0,95,137,0,0,0,10,0,17,0,245,0,143,0,0,23,71,0,153,0,15,0,122,0,65,0,223,0,0,0,0,0,0,0,0,0,0,0,0,0,0,0,0,1,0,0,0,0,0,0,0,0,0,0,0,0,0,0,0,0,0,0,0,0,0,0,0,0,0,0,0,0,0,0,0,0,0,0,0,0,0,0,0,0,0,0,0,0,0,0,0,0,0,0,0,0,0,0,0,0,0,0,2,0,0,0,0,0,0,0,0,0,0,0,0,0,0,0,0,0,0,0,0,0,7,0,0,0,0,0,0,0,0,0,0,0,0,0,0,0,49,0,67,0,90,0,10,0,36,0,0,29,407,15,42,0,49,0,31,0,0,0,116,0,0,0,0,0,0,0,0,0,0,0,0,0,0,0,0,0,0,0,0,0,0,0,0,0,0,0,0,0,0,63,219,198,0,0,0,0
15,0,253,0,491,284,9,0,0,0,106,123,120,134,0,409,10,0,133,166,77,183,243,126,18,0,66,53,0,0,123,0,32,68,37,0,33,0,0,0,6,3,0,0,0,1,18,0,0,0,8,0,0,0,0,0,0,0,0,0,0,0,6,0,0,0,0,0,0,0,0,0,0,0,0,0,0,0,0,0,0,0,0,0,0,0,0,0,0,0,0,0,0,0,0,0,69,0,0,0,0,0,0,0,0,0,0,0,0,0,0,0,0,0,0,0,0,0,0,0,0,0,0,0,12,0,0,0,0,0,9,0,15,0,110,0,213,0,0,0,11,0,109,0,0,0,46,0,30,0,0,0,36,0,0,0,0,0,0,0,0,0,0,0,0,0,84,0,0,0,0,0,0,0,0,0,91,80,88,0,0,0,16,0,34,0,0,2,0,0,0,0,0,0,0,0,2,0,0,0,0,0,0,0,0,0,0,0,0,0,64,142,33,0,30,0,0,0,0,4,0,0,0,0,0
26,53,70,138,358,232,0,17,0,0,140,77,25,6,409,0,15,24,52,156,148,156,228,169,0,56,0,85,0,17,40,25,40,118,0,18,0,37,0,8,0,0,0,0,0,0,1,0,0,6,0,0,0,3,0,19,0,0,0,0,0,0,0,8,0,6,0,0,0,0,0,0,0,0,0,0,0,0,0,0,0,0,0,0,0,131,0,41,0,0,0,0,0,0,0,0,0,0,0,0,0,0,0,0,0,0,0,0,0,0,0,0,0,0,0,0,0,0,0,0,0,0,0,0,0,9,0,0,0,0,0,0,0,0,0,209,0,225,0,34,0,76,0,101,0,0,0,7,0,18,0,12,0,8,0,11,0,0,0,0,0,4,0,6,0,0,0,79,0,0,0,0,0,35,0,0,58,195,0,17,0,0,0,0,0,0,0,8,0,0,0,0,0,0,0,0,0,0,0,0,0,0,0,0,0,0,0,0,0,37,0,10,0,0,64,0,0,0,88,270,87,14,0,0,0
104,52,42,33,24,0,9,0,4,0,27,9,0,0,10,15,0,33,77,0,215,0,111,57,63,62,32,0,125,0,22,0,147,0,3,0,29,0,277,2,0,0,2,0,47,0,21,0,11,0,2,0,118,0,3,0,1,0,0,0,32,0,151,15,0,0,0,0,0,0,48,0,0,0,35,0,0,0,0,0,253,0,0,0,200,0,114,0,0,0,115,0,0,0,0,0,378,0,624,0,0,0,0,0,0,0,232,0,0,0,0,0,0,0,0,0,0,0,0,0,196,0,47,0,0,0,0,0,0,0,0,0,0,0,0,0,111,0,41,0,56,0,287,0,3,0,0,0,0,0,0,0,0,0,5,0,0,0,0,0,0,0,0,0,0,0,11,0,0,0,0,0,67,0,0,0,46,16,0,0,0,0,20,0,0,0,0,0,0,0,0,0,0,0,0,0,0,0,0,0,0,0,0,0,0,0,0,0,0,0,92,508,65,53,98,0,0,0,0,4,0,0,0,0,0
98,12,0,0,0,0,0,9,27,0,1,11,0,0,0,24,33,0,0,17,0,198,61,216,66,71,0,70,0,67,0,10,0,37,0,12,0,7,0,56,0,0,0,14,0,0,0,0,0,0,0,0,0,30,0,11,0,12,0,0,0,65,0,305,0,0,0,0,0,0,0,0,0,0,0,0,0,0,0,0,0,138,0,0,0,310,0,39,0,0,0,0,0,0,0,0,0,0,0,67,0,36,0,0,0,4,0,0,0,0,0,0,0,0,0,0,0,0,0,0,0,0,0,0,0,0,0,0,0,9,0,0,0,30,0,212,0,217,0,172,0,146,0,375,0,7,0,0,0,0,0,0,0,0,0,36,0,0,0,38,0,13,0,0,0,0,0,0,0,0,0,6,0,23,0,0,0,0,0,31,0,0,5,3,0,0,0,0,0,0,0,0,0,0,0,0,0,0,0,0,0,0,0,0,0,0,0,0,0,9,0,4,0,0,28,0,0,0,23,321,23,20,0,0,0
0,0,39,0,79,112,0,0,1,0,10,37,72,317,133,52,77,0,0,307,199,287,240,0,0,0,143,529,0,0,40,0,0,0,222,0,49,20,0,0,9,74,15,39,6,46,23,118,3,0,170,44,0,0,0,0,0,0,0,0,0,0,26,0,0,0,0,0,0,0,5,0,0,0,0,0,0,0,0,0,0,0,0,0,0,0,0,0,0,0,0,0,0,0,0,0,0,0,0,0,0,0,0,0,0,0,0,0,0,0,0,0,0,0,0,0,0,0,1,0,0,0,0,0,0,0,0,0,0,0,0,0,0,0,0,0,97,0,0,0,0,0,0,0,0,0,0,0,0,0,0,0,13,0,0,0,0,0,0,0,0,0,0,0,77,0,104,0,33,0,0,0,0,0,0,0,156,59,17,0,0,0,0,0,12,0,12,0,0,0,0,0,0,0,0,0,0,0,0,0,0,0,0,0,0,0,0,0,0,0,57,168,117,0,25,0,0,0,0,14,0,0,0,0,0
0,63,0,58,157,183,0,0,0,18,0,48,299,121,166,156,0,17,307,0,67,193,0,76,0,11,66,165,0,6,0,45,0,52,0,178,0,135,0,0,0,1,0,24,0,12,0,53,0,22,26,37,0,18,0,8,0,0,0,0,0,0,0,0,0,17,0,0,0,0,0,0,0,0,0,0,0,0,0,0,0,0,0,0,0,0,0,0,0,0,0,0,0,0,0,0,0,0,0,0,0,0,0,0,0,0,0,0,0,0,0,0,0,0,0,0,0,0,0,0,0,0,0,0,0,10,0,0,0,0,0,0,0,0,0,142,0,140,0,18,0,0,0,0,0,0,0,0,0,0,0,0,0,0,0,24,0,0,0,0,0,0,0,5,0,24,20,126,0,72,0,0,0,67,0,0,26,160,10,7,0,0,0,0,0,30,6,68,0,0,0,0,0,0,0,0,0,0,0,0,0,0,0,0,0,0,0,0,0,0,0,0,0,0,81,0,0,0,71,170,177,0,6,0,0
5,0,54,7,121,63,0,0,0,0,109,47,30,72,77,148,215,0,199,67,0,76,154,66,6,0,126,77,16,0,64,0,75,22,113,0,34,0,1,0,0,9,4,0,31,8,12,27,6,2,36,6,23,0,0,0,0,1,7,0,0,0,56,0,0,0,3,0,0,0,69,0,4,0,48,0,0,0,0,0,173,0,0,0,61,0,85,0,0,0,0,0,0,0,22,0,198,0,506,0,0,0,0,0,0,0,190,0,0,0,0,0,0,0,0,0,0,0,0,0,141,0,0,0,0,0,0,0,0,0,0,0,0,0,44,0,38,0,14,0,0,0,0,0,25,0,0,0,0,0,0,0,0,0,0,0,0,0,0,0,0,0,0,0,29,0,98,0,21,0,0,0,18,0,0,0,57,19,116,0,0,0,0,0,0,0,0,0,0,0,0,0,0,0,0,0,0,0,0,0,39,0,0,0,0,0,0,0,0,0,238,459,115,38,103,0,0,0,5,4,0,0,0,0,0
0,0,0,21,161,78,0,0,0,0,34,42,188,63,183,156,0,198,287,193,76,0,0,445,0,37,31,214,0,42,0,6,0,59,0,65,27,41,0,8,0,0,0,52,0,88,0,11,0,15,20,41,0,0,0,8,0,0,0,0,0,14,0,92,0,0,0,0,0,0,0,26,0,0,0,32,0,0,0,0,0,295,0,0,0,356,0,0,0,0,0,0,0,0,0,0,0,0,0,0,0,68,0,0,0,0,0,0,0,0,0,0,0,0,0,0,0,0,0,0,0,0,0,64,0,0,0,0,0,0,0,0,0,14,0,139,1,122,0,93,0,230,0,337,0,228,0,0,0,0,0,0,0,0,0,19,0,24,0,22,0,0,0,13,0,48,0,149,0,106,0,31,0,69,0,0,15,89,0,15,0,0,0,0,0,0,2,58,0,0,0,0,0,0,0,0,0,0,0,0,0,0,0,0,0,0,0,0,0,0,0,0,0,0,79,0,0,0,163,271,213,0,0,0,0
115,165,362,235,184,125,13,0,0,0,46,154,0,0,243,228,111,61,240,0,154,0,0,396,66,85,44,0,37,0,10,0,35,18,13,0,0,15,90,0,0,0,0,0,55,0,15,0,0,0,3,0,16,0,64,0,0,0,0,0,0,0,30,10,0,0,0,0,0,0,0,0,0,0,2,0,0,0,0,0,51,0,0,0,86,0,22,0,0,0,0,0,0,0,0,0,210,0,101,0,0,0,0,0,0,0,0,0,0,0,0,0,0,0,0,0,0,0,0,0,0,0,0,0,19,0,14,0,10,0,11,0,19,0,135,0,334,0,0,0,0,0,293,0,0,0,25,0,11,0,4,0,0,0,4,0,0,0,0,0,4,0,0,0,0,0,15,0,0,0,0,0,47,0,5,0,129,110,6,0,0,0,26,0,8,0,0,0,0,0,0,0,0,0,0,0,0,0,45,0,154,0,0,0,0,0,0,0,33,0,111,288,55,0,74,0,0,0,0,39,14,0,0,0,0
99,44,216,280,110,140,0,8,0,0,80,79,0,3,126,169,57,216,0,76,66,445,396,0,47,56,0,67,0,162,0,11,0,50,0,0,10,31,0,50,0,0,0,20,0,0,0,0,0,0,0,7,0,8,0,4,0,0,0,0,0,24,0,197,0,0,0,0,0,0,0,24,0,0,0,44,0,0,0,0,0,370,0,0,0,469,0,168,0,0,0,0,0,0,0,0,0,0,0,198,0,94,0,0,0,0,0,0,0,0,0,0,0,0,0,0,0,0,0,0,0,163,0,50,0,0,0,0,0,0,0,0,0,0,2,232,0,135,0,33,0,94,0,287,0,58,0,0,0,0,0,0,0,0,0,14,0,0,0,0,0,5,0,4,0,0,0,58,0,0,0,9,0,69,0,0,43,125,2,74,0,3,0,0,0,0,0,3,0,0,0,0,0,0,0,0,0,0,0,0,0,0,0,0,0,0,0,0,0,0,0,12,0,0,91,0,0,0,143,662,126,0,0,0,0
51,174,149,57,5,0,320,116,8,81,0,0,0,0,18,0,63,66,0,0,6,0,66,47,0,382,0,0,19,0,4,0,0,0,0,0,0,0,24,0,0,0,0,0,0,0,0,0,0,1,0,0,34,12,106,62,24,0,0,0,18,0,35,87,0,0,0,0,0,0,1,0,0,0,0,0,0,0,0,0,0,0,0,0,46,0,0,1,0,0,62,0,0,0,0,0,133,0,0,0,0,0,0,0,0,0,129,0,0,0,0,0,0,0,0,0,0,0,0,0,12,0,12,0,17,0,25,0,50,0,19,0,41,0,163,0,385,0,0,0,37,0,317,0,0,0,31,0,13,0,6,0,0,0,23,0,0,0,25,0,25,0,0,0,0,0,0,0,25,2,0,0,59,0,0,0,105,95,0,0,0,0,0,0,0,0,0,0,0,0,0,0,0,0,0,0,0,0,44,0,130,0,0,0,4,0,0,0,41,0,91,459,63,0,86,0,10,0,0,15,0,0,0,0,0
195,31,130,41,0,3,203,101,153,69,0,0,0,0,0,56,62,71,0,11,0,37,85,56,382,0,0,0,0,20,0,4,0,0,0,0,0,9,0,8,0,0,0,0,0,0,0,0,0,0,0,0,8,19,93,81,0,46,5,16,0,164,58,178,0,0,0,2,0,0,0,0,0,0,0,4,0,0,0,0,0,0,0,0,0,76,0,15,0,0,0,0,0,0,0,0,0,0,0,0,0,0,0,0,0,0,0,0,0,0,0,0,0,0,0,0,0,0,0,0,0,0,0,0,0,0,0,21,0,0,0,0,0,38,0,192,0,221,0,69,0,75,0,141,0,3,0,0,0,0,0,0,0,0,0,45,0,5,0,27,0,34,0,0,0,0,0,0,0,14,0,12,0,81,0,0,67,208,0,2,0,0,0,1,0,0,0,0,0,0,0,0,0,0,0,0,0,0,0,0,0,0,0,0,0,0,0,0,0,32,0,4,0,0,239,0,0,0,185,199,86,84,6,22,0
13,0,24,0,100,0,0,0,0,0,32,7,160,95,66,0,32,0,143,66,126,31,44,0,0,0,0,536,16,0,43,0,9,0,54,0,66,5,5,0,32,222,96,24,179,92,79,374,42,29,154,0,4,0,0,0,0,0,0,0,0,0,0,0,0,0,0,0,0,0,48,0,0,0,0,0,0,0,0,0,0,0,0,0,0,0,0,0,0,0,0,0,0,0,0,0,0,0,0,0,0,0,0,0,0,0,0,0,0,0,0,0,0,0,0,0,0,0,0,0,69,0,0,0,7,0,0,0,0,0,0,0,0,0,0,0,43,0,0,0,0,0,0,0,0,0,0,0,21,0,0,0,0,0,2,0,0,0,0,0,0,0,0,0,137,0,30,0,0,0,0,0,10,0,3,0,74,37,30,0,0,0,0,0,34,0,127,0,0,0,0,0,0,0,0,0,0,0,0,0,0,0,0,0,0,0,0,0,0,0,45,399,144,8,29,0,0,19,0,18,4,0,0,0,0
0,98,0,62,50,213,0,18,0,17,0,153,461,137,53,85,0,70,529,165,77,214,0,67,0,0,536,0,0,11,0,8,0,14,0,132,0,137,0,0,206,61,90,258,34,231,67,114,0,49,87,293,0,0,0,0,0,0,0,0,0,0,0,41,0,22,0,0,0,0,0,0,0,0,0,0,0,0,0,0,0,0,0,0,0,0,0,85,0,0,0,0,0,2,0,0,0,0,0,0,0,0,0,0,0,0,0,0,0,0,0,0,0,0,0,0,0,0,0,0,0,0,0,0,0,11,0,0,0,0,0,2,0,0,0,0,0,0,0,0,1,54,0,0,0,0,0,0,0,23,0,0,0,49,0,0,0,31,0,0,0,0,0,6,0,103,0,28,0,0,0,0,0,31,0,0,20,237,17,16,0,51,0,0,0,0,50,93,0,0,0,0,0,0,0,0,0,0,0,0,0,0,0,0,0,0,0,0,0,28,0,0,0,0,79,0,0,0,45,333,376,28,5,0,11
78,0,153,0,20,0,38,0,0,0,11,0,0,0,0,0,125,0,0,0,16,0,37,0,19,0,16,0,0,0,16,0,10,0,5,0,6,0,8,0,0,0,21,0,11,0,0,0,0,0,7,0,3,0,3,0,0,0,0,0,0,0,16,0,0,0,0,0,0,0,44,0,4,0,35,0,0,0,14,0,71,0,0,0,45,0,50,0,0,0,0,0,0,0,0,0,53,0,233,0,0,0,0,0,0,0,0,0,0,0,0,0,0,0,0,0,0,0,0,0,113,0,0,0,0,0,6,0,0,0,0,0,5,0,0,0,0,0,38,0,44,0,82,0,34,0,0,0,0,0,0,0,0,0,5,0,2,0,0,0,0,0,0,0,0,0,0,0,0,0,0,0,0,0,0,0,5,0,0,0,0,0,0,0,0,0,0,0,0,0,0,0,0,0,0,0,0,0,0,0,0,0,0,0,0,0,0,0,0,0,0,6,0,0,0,0,0,0,0,0,0,0,0,0,0
0,28,0,98,0,74,0,0,0,4,0,37,0,0,0,17,0,67,0,6,0,42,0,162,0,20,0,11,0,0,0,3,0,45,0,87,0,9,0,29,0,0,0,19,0,0,0,0,0,0,0,11,0,0,0,0,0,0,1,1,0,31,0,104,0,0,0,0,0,0,0,16,0,0,0,15,0,0,0,0,0,111,0,0,0,222,0,0,0,0,0,0,0,0,0,0,0,0,0,0,0,0,0,0,0,0,0,0,0,0,0,0,0,0,0,0,0,0,0,0,0,68,0,40,0,0,0,0,0,0,0,0,0,22,0,108,0,134,0,125,0,232,0,321,0,57,0,0,0,0,0,0,0,0,0,8,0,5,0,0,0,6,0,0,0,0,0,0,0,0,0,0,0,4,0,0,0,0,0,7,0,0,0,0,0,0,0,0,0,0,0,0,0,0,0,0,0,0,0,0,0,0,0,0,0,0,0,0,0,0,0,0,0,0,0,0,0,0,11,7,8,0,0,0,0
0,0,42,0,194,0,0,0,0,0,138,0,24,0,123,40,22,0,40,0,64,0,10,0,4,0,43,0,16,0,0,0,49,0,24,0,23,0,3,0,0,0,19,0,15,0,0,0,0,0,29,0,0,0,0,0,0,0,0,0,1,0,21,0,0,0,0,0,0,0,47,0,0,0,33,0,0,0,0,0,72,0,0,0,0,0,48,0,0,0,15,0,0,0,0,0,30,0,165,0,0,0,0,0,0,0,0,0,0,0,0,0,0,0,0,0,0,0,0,0,78,0,0,0,0,0,0,0,0,0,0,0,0,0,0,0,0,0,45,0,43,0,44,0,45,0,0,0,0,0,0,0,0,0,0,0,0,0,0,0,4,0,0,0,0,0,38,0,0,0,0,0,0,0,0,0,74,9,122,0,0,0,0,0,0,0,0,0,0,0,0,0,0,0,0,0,0,0,0,0,0,0,0,0,0,0,0,0,0,0,49,95,28,0,16,0,0,0,0,0,0,0,0,0,0
0,0,0,0,0,52,0,0,0,0,0,0,0,10,0,25,0,10,0,45,0,6,0,11,0,4,0,8,0,3,0,0,0,1,0,4,0,0,0,4,0,0,0,9,0,0,0,0,0,0,0,6,0,0,0,5,0,0,0,0,0,0,0,19,0,0,0,0,0,0,0,0,0,0,0,0,0,0,0,0,0,0,0,0,0,21,0,0,0,0,0,0,0,0,0,0,0,0,0,0,0,0,0,0,0,0,0,0,0,0,0,0,0,0,0,0,0,0,0,0,0,0,0,0,0,0,0,0,0,0,0,0,0,0,0,0,0,0,0,0,0,34,0,0,0,31,0,0,0,0,0,0,0,0,0,0,0,7,0,15,0,0,0,0,0,1,0,11,0,0,0,0,0,0,0,0,0,0,0,2,0,0,0,0,0,0,0,1,0,0,0,0,0,0,0,0,0,0,0,0,0,0,0,0,0,0,0,0,0,0,0,0,0,0,0,0,0,0,0,21,15,4,1,0,0
161,0,240,0,272,0,0,0,0,0,358,0,19,0,32,40,147,0,0,0,75,0,35,0,0,0,9,0,10,0,49,0,0,0,18,0,229,0,0,0,0,0,33,0,10,0,0,0,0,0,17,0,2,0,0,0,0,0,0,0,0,0,9,0,0,0,0,0,0,0,5,0,0,0,0,0,0,0,0,0,0,0,0,0,0,0,0,0,0,0,0,0,0,0,0,0,0,0,0,0,0,0,0,0,0,0,0,0,0,0,0,0,0,0,0,0,0,0,0,0,0,0,0,0,0,0,0,0,0,0,0,0,0,0,0,0,0,0,7,0,0,0,7,0,0,0,0,0,0,0,0,0,0,0,2,0,4,0,7,0,0,0,0,0,0,0,14,0,0,0,0,0,0,0,0,0,131,10,133,0,0,0,42,0,0,0,0,0,0,0,0,0,0,0,0,0,0,0,0,0,0,0,0,0,0,0,0,0,0,0,28,119,12,5,7,0,0,0,0,0,0,0,0,0,0
0,50,0,64,0,438,0,0,0,12,0,437,6,17,68,118,0,37,0,52,22,59,18,50,0,0,0,14,0,45,0,1,0,0,0,34,0,89,0,4,0,0,0,10,0,0,0,0,0,0,0,6,0,2,0,0,0,0,0,0,0,6,0,17,0,0,0,0,0,0,0,5,0,0,0,0,0,0,0,2,0,39,0,0,0,36,0,0,0,0,0,0,0,0,0,0,0,0,0,0,0,0,0,0,0,0,0,0,0,0,0,0,0,0,0,0,0,0,0,0,0,22,0,9,0,0,0,0,0,0,0,0,0,0,0,34,0,0,0,4,0,13,0,0,0,15,0,1,0,0,0,0,0,0,0,3,0,0,0,0,0,0,0,0,0,1,0,37,0,0,0,0,0,16,0,0,10,126,0,102,0,0,0,2,0,0,0,10,0,0,0,0,0,0,0,0,0,0,0,1,0,0,0,0,0,0,0,0,0,0,0,0,4,0,22,0,0,0,35,56,45,0,0,0,0
0,0,0,0,107,0,0,0,0,0,36,0,120,0,37,0,3,0,222,0,113,0,13,0,0,0,54,0,5,0,24,0,18,0,0,0,98,0,0,0,0,0,21,0,22,0,4,0,6,0,105,0,0,0,0,0,0,0,0,0,0,0,0,0,0,0,0,0,0,0,0,0,2,0,0,0,0,0,0,0,0,0,0,0,0,0,0,0,0,0,0,0,0,0,0,0,0,0,0,0,0,0,0,0,0,0,0,0,0,0,0,0,0,0,0,0,0,0,0,0,0,0,0,0,0,0,0,0,0,0,0,0,0,0,0,0,1,0,0,0,0,0,0,0,0,0,0,0,0,0,0,0,0,0,0,0,0,0,0,0,0,0,0,0,75,0,73,0,0,0,0,0,9,0,0,0,76,0,84,0,0,0,0,0,2,0,0,0,0,0,0,0,0,0,0,0,0,0,0,0,0,0,0,0,0,0,0,0,0,0,64,195,108,0,21,0,0,0,0,0,0,0,0,0,0
0,0,0,0,0,115,0,0,0,0,0,0,43,245,0,18,0,12,0,178,0,65,0,0,0,0,0,132,0,87,0,4,0,34,0,0,0,137,0,20,0,1,0,17,0,7,0,5,0,0,5,21,0,0,0,0,0,0,0,0,0,14,0,24,0,0,0,5,0,0,0,12,0,0,0,21,0,0,0,0,0,0,0,0,0,115,0,45,0,0,0,0,0,0,0,0,0,0,0,0,0,0,0,0,0,0,0,0,0,0,0,0,0,0,0,0,0,0,0,0,0,66,0,0,0,0,0,0,0,0,0,0,0,0,0,0,0,0,0,0,0,0,0,0,0,122,0,0,0,0,0,0,0,0,0,0,0,0,0,0,0,0,0,0,0,24,0,89,0,47,0,24,0,52,0,0,2,43,0,6,0,0,0,0,0,0,0,50,0,0,0,0,0,0,0,0,0,0,0,0,0,0,0,0,0,0,0,0,0,0,0,0,0,0,0,0,0,0,37,86,114,0,0,0,0
137,0,103,0,186,0,3,0,0,0,229,0,68,0,33,0,29,0,49,0,34,27,0,10,0,0,66,0,6,0,23,0,229,0,98,0,0,0,32,0,0,0,20,0,40,0,4,0,0,0,25,0,0,0,1,0,0,0,10,0,5,0,15,0,0,0,0,0,0,0,76,0,9,0,25,0,0,0,0,0,63,0,0,0,0,0,0,0,0,0,0,0,0,0,0,0,0,0,0,0,0,0,0,0,0,0,0,0,0,0,0,0,0,0,0,0,0,0,0,0,68,0,0,0,0,0,0,0,0,0,0,0,0,0,0,0,0,0,77,0,33,0,21,0,101,0,0,0,0,0,0,0,0,0,16,0,9,0,7,0,0,0,16,0,12,0,14,0,0,0,8,0,10,0,0,0,82,19,95,0,0,0,39,0,0,0,1,0,0,0,0,0,0,0,0,0,0,0,0,0,0,0,0,0,0,0,0,0,0,0,39,70,16,6,24,0,0,0,0,0,0,0,0,0,0
0,110,0,65,0,169,0,0,0,0,0,194,20,143,0,37,0,7,20,135,0,41,15,31,0,9,5,137,0,9,0,0,0,89,0,137,0,0,0,6,0,0,0,25,0,3,0,0,0,1,0,26,0,8,0,2,0,0,0,0,0,32,0,49,0,0,0,4,0,0,0,20,0,0,0,20,0,0,0,0,0,0,0,0,0,77,0,0,0,0,0,0,0,0,0,0,0,0,0,27,0,0,0,0,0,0,0,0,0,0,0,0,0,0,0,0,0,0,0,1,0,70,0,31,0,0,0,0,0,0,0,0,0,0,0,0,0,0,0,29,0,60,0,0,0,142,0,0,0,0,0,0,0,0,0,15,0,26,0,0,0,0,0,5,0,11,0,58,0,33,0,28,0,47,0,0,0,105,0,104,0,0,0,0,0,0,1,27,0,0,0,0,0,0,0,3,0,0,0,0,0,0,0,0,0,0,0,0,0,0,0,5,0,0,25,0,0,0,21,74,39,0,0,0,0
485,0,373,0,0,0,95,0,0,0,12,0,0,0,0,0,277,0,0,0,1,0,90,0,24,0,5,0,8,0,3,0,0,0,0,0,32,0,0,0,0,0,3,0,5,0,0,0,1,0,0,0,2,0,0,0,0,0,0,0,3,0,6,0,0,0,0,0,0,0,23,0,0,0,15,0,0,0,0,0,0,0,0,0,0,0,0,0,0,0,0,0,0,0,0,0,0,0,47,0,0,0,0,0,0,0,0,0,0,0,0,0,0,0,0,0,0,0,0,0,21,0,0,0,0,0,0,0,0,0,0,0,0,0,0,0,0,0,27,0,32,0,0,0,33,0,0,0,0,0,0,0,0,0,7,0,12,0,0,0,0,0,0,0,0,0,10,0,0,0,0,0,59,0,0,0,55,0,0,0,0,0,49,0,1,0,0,0,0,0,0,0,0,0,0,0,0,0,0,0,0,0,0,0,0,0,0,0,0,0,21,142,16,18,28,0,0,0,1,0,0,0,0,0,0
0,258,0,332,0,150,0,23,0,0,0,177,0,0,0,8,2,56,0,0,0,8,0,50,0,8,0,0,0,29,0,4,0,4,0,20,0,6,0,0,0,0,0,8,0,0,0,0,0,0,0,0,0,0,0,0,0,0,0,0,0,5,0,19,0,0,0,0,0,0,0,0,0,0,0,0,0,0,0,0,0,0,0,0,0,0,0,0,0,0,0,0,0,0,0,0,0,0,0,0,0,0,0,0,0,0,0,0,0,0,0,0,0,0,0,0,0,0,0,0,0,0,0,0,0,0,0,0,0,0,0,0,0,0,0,0,0,0,0,37,0,50,0,11,0,0,0,0,0,1,0,0,0,0,0,9,0,11,0,20,0,0,0,0,0,0,0,0,0,0,0,0,0,7,0,0,0,120,0,107,0,0,0,14,0,0,0,0,0,0,0,0,0,0,0,0,0,0,0,0,0,0,0,0,0,0,0,0,0,0,0,0,0,0,0,0,0,0,0,28,11,0,0,0,0
8,0,11,0,47,0,0,0,5,0,15,0,104,23,6,0,0,0,9,0,0,0,0,0,0,0,32,206,0,0,0,0,0,0,0,0,0,0,0,0,0,121,60,9,52,84,78,222,76,120,32,0,0,0,0,0,0,0,0,0,0,0,0,0,0,0,0,0,0,0,0,0,0,0,0,0,0,0,0,0,0,0,0,0,0,0,0,0,0,0,0,0,0,0,0,0,0,0,0,0,0,0,0,0,0,0,0,0,0,0,0,0,0,0,0,0,0,0,0,0,0,0,0,0,0,0,0,0,0,0,0,0,0,0,0,0,0,0,0,0,0,0,0,0,0,0,0,0,0,0,0,0,0,0,0,0,0,0,0,0,0,0,0,0,18,0,0,0,0,0,1,0,0,0,0,0,28,34,25,0,5,0,10,0,0,0,317,0,0,0,0,0,0,0,0,0,0,0,0,0,0,0,0,0,0,0,0,0,0,0,0,112,20,0,0,0,0,18,0,20,0,0,0,0,0
0,17,0,5,0,15,0,0,0,5,0,74,46,71,3,0,0,0,74,1,9,0,0,0,0,0,222,61,0,0,0,0,0,0,0,1,0,0,0,0,121,0,38,46,61,51,121,97,9,127,28,12,0,0,0,0,0,0,0,0,0,0,0,0,0,0,0,0,0,6,0,0,0,1,0,0,0,0,0,0,0,0,0,21,0,0,0,0,0,0,0,0,0,0,0,0,0,0,0,0,0,6,0,0,0,0,0,0,0,0,0,0,0,0,0,0,0,0,0,0,0,0,0,0,0,0,0,0,0,0,0,0,0,0,0,0,0,0,0,0,0,0,0,0,0,0,0,0,0,0,0,0,0,0,0,0,0,0,0,0,0,0,0,0,1,33,0,0,0,0,0,0,0,0,0,0,2,195,1,11,0,0,0,0,0,0,40,20,0,0,0,0,0,0,0,0,0,2,0,0,0,0,0,0,0,0,0,0,0,0,0,10,0,0,0,0,0,0,0,113,38,0,0,0,28
0,0,0,0,0,0,0,0,0,0,0,0,29,0,0,0,2,0,15,0,4,0,0,0,0,0,96,90,21,0,19,0,33,0,21,0,20,0,3,0,60,38,0,0,49,29,54,95,17,27,28,0,0,0,0,0,2,0,0,0,0,0,6,0,0,0,0,0,0,0,3,0,0,0,2,0,0,0,0,0,0,0,0,0,0,0,0,0,0,0,0,0,0,0,0,0,0,0,0,0,0,0,0,0,0,0,0,0,0,0,0,0,0,0,0,0,0,0,0,0,0,0,0,0,0,0,0,0,0,0,0,0,0,0,0,0,0,0,0,0,0,0,0,0,0,0,0,0,0,0,0,0,0,0,0,0,0,0,1,0,0,0,1,0,69,0,15,0,0,0,3,0,6,0,0,0,7,8,0,0,0,0,0,0,1,0,47,0,0,0,0,0,0,0,0,0,0,0,0,0,0,0,0,0,0,0,0,0,0,0,34,88,102,10,19,0,0,22,0,3,1,0,0,0,0
0,0,0,0,0,0,0,0,0,0,0,0,23,153,0,0,0,14,39,24,0,52,0,20,0,0,24,258,0,19,0,9,0,10,0,17,0,25,0,8,9,46,0,0,0,134,0,92,0,27,4,66,0,0,0,0,0,0,0,0,0,6,0,0,0,0,0,0,0,0,0,8,0,0,0,0,0,0,0,0,0,0,0,0,0,0,0,0,0,0,0,0,0,0,0,0,0,0,0,0,0,0,0,0,0,0,0,0,0,0,0,0,0,0,0,0,0,0,0,0,0,0,0,0,0,0,0,0,0,0,0,0,0,0,0,0,0,0,0,12,0,0,0,0,0,0,0,0,0,0,0,0,0,0,0,5,0,7,0,0,0,0,0,10,0,51,0,33,0,23,0,12,0,26,0,0,0,24,0,0,0,0,0,0,0,0,2,15,0,0,0,0,0,0,0,0,0,0,0,0,0,0,0,0,0,0,0,0,0,0,0,0,0,0,33,0,0,0,39,95,227,16,0,0,8
8,0,22,0,0,0,0,0,0,0,15,0,43,0,0,0,47,0,6,0,31,0,55,0,0,0,179,34,11,0,15,0,10,0,22,0,40,0,5,0,52,61,49,0,0,40,258,96,131,108,61,0,0,0,0,0,0,0,15,0,4,0,21,0,0,0,0,0,12,0,57,0,0,0,0,0,0,0,0,0,0,0,20,0,0,0,0,0,0,0,0,0,0,0,0,0,0,0,0,0,0,0,7,0,0,0,0,0,0,0,0,0,0,0,0,0,0,0,0,0,89,0,0,0,0,0,0,0,0,0,0,0,0,0,20,0,40,0,55,0,0,0,0,0,85,0,0,0,7,0,0,0,0,0,5,0,0,0,0,0,3,0,0,0,88,1,49,0,14,0,9,0,20,0,0,0,21,11,29,0,10,0,25,0,14,0,66,0,0,0,0,0,0,0,0,0,0,0,0,0,0,0,0,0,0,0,0,0,0,0,58,143,89,23,43,1,0,74,0,19,0,0,0,0,4
0,5,0,0,0,0,0,0,0,0,0,0,44,15,1,0,0,0,46,12,8,88,0,0,0,0,92,231,0,0,0,0,0,0,0,7,0,3,0,0,84,51,29,134,40,0,85,237,22,98,11,66,0,0,0,0,0,0,0,0,0,0,0,18,0,0,0,0,0,16,0,0,0,0,0,0,0,15,0,0,0,0,0,64,0,27,0,27,0,5,0,0,0,11,0,0,0,0,0,0,0,0,0,0,0,0,0,11,0,0,0,0,0,0,0,0,0,0,0,0,0,0,0,0,0,0,0,0,1,0,0,0,0,0,0,0,0,0,0,0,0,0,0,0,0,17,0,0,0,0,0,3,0,0,0,0,0,0,0,0,0,0,0,0,0,106,0,14,0,25,0,0,0,0,0,0,0,27,0,0,0,0,0,0,0,0,7,0,0,0,0,0,0,0,0,0,0,0,0,0,0,0,0,0,0,0,0,0,0,0,0,9,0,0,25,0,0,0,58,193,266,7,0,2,46
6,0,0,0,48,0,0,0,0,0,20,0,182,0,18,1,21,0,23,0,12,0,15,0,0,0,79,67,0,0,0,0,0,0,4,0,4,0,0,0,78,121,54,0,258,85,0,177,121,120,35,1,3,0,0,0,0,0,0,0,0,0,0,0,0,0,0,0,0,0,0,0,0,0,0,0,0,0,0,0,0,0,0,0,0,0,0,0,0,0,0,0,0,0,0,0,0,0,0,0,0,1,0,0,0,0,0,0,0,0,0,0,0,0,0,0,0,0,0,0,0,0,0,0,0,0,0,0,0,0,0,0,0,0,0,0,14,0,0,0,0,0,0,0,0,0,5,0,10,0,0,0,0,0,0,0,0,0,0,0,0,0,0,0,34,0,3,0,0,0,0,0,2,0,0,0,18,17,29,0,15,0,17,0,17,0,153,0,0,0,0,0,0,0,0,0,0,0,0,0,0,0,0,0,0,0,0,0,1,0,0,230,0,0,0,0,0,43,0,23,0,0,0,0,5
0,53,0,22,0,122,0,8,0,12,0,159,124,122,0,0,0,0,118,53,27,11,0,0,0,0,374,114,0,0,0,0,0,0,0,5,0,0,0,0,222,97,95,92,96,237,177,0,0,125,53,39,0,0,0,0,0,0,0,0,0,0,0,0,0,8,0,0,0,0,0,0,0,0,0,0,0,0,0,0,0,0,0,0,0,0,0,0,0,0,0,0,0,0,0,0,0,0,0,0,0,0,0,0,0,0,0,0,0,0,0,0,0,0,0,0,0,0,0,0,0,0,0,0,0,0,0,0,0,0,0,0,0,0,0,0,0,7,0,0,0,0,0,0,0,0,0,0,0,0,0,0,0,0,0,0,0,0,0,0,0,0,0,0,0,23,0,0,0,0,0,0,0,0,0,0,0,139,0,3,0,0,0,0,0,0,67,33,0,0,0,0,0,0,0,0,0,0,0,0,0,0,0,0,0,0,0,0,0,0,0,13,0,0,0,0,0,2,0,218,94,5,0,0,35
9,0,10,0,5,0,20,0,5,0,5,0,17,0,0,0,11,0,3,0,6,0,0,0,0,0,42,0,0,0,0,0,0,0,6,0,0,0,1,0,76,9,17,0,131,22,121,0,0,67,9,0,0,0,8,1,25,0,31,0,6,0,11,0,4,0,0,0,49,0,2,0,2,0,0,0,5,0,8,0,0,0,53,0,3,0,9,0,1,0,3,0,8,0,45,0,16,0,0,0,5,0,38,0,0,0,0,2,0,0,0,0,0,0,0,0,0,0,0,0,0,0,0,0,0,0,0,0,0,0,0,0,0,0,30,0,9,0,0,0,5,0,28,0,7,0,19,0,0,0,12,0,19,0,0,0,9,0,0,0,32,0,12,0,22,1,7,0,28,0,5,0,12,0,11,0,50,11,64,0,39,5,9,0,9,0,114,4,56,0,0,0,47,0,26,0,0,0,27,0,23,0,48,0,24,0,22,0,23,0,69,105,151,8,41,16,5,6,0,19,0,0,0,0,17
0,12,0,21,0,0,0,0,0,0,0,42,5,65,0,6,0,0,0,22,2,15,0,0,1,0,29,49,0,0,0,0,0,0,0,0,0,1,0,0,120,127,27,27,108,98,120,125,67,0,0,18,0,0,0,0,0,0,0,0,0,3,0,22,0,0,0,0,0,4,0,0,0,0,0,0,0,0,0,0,0,53,0,35,0,0,0,29,0,0,0,0,0,5,0,0,0,0,0,0,0,18,0,0,0,0,0,0,0,0,0,0,0,0,0,0,0,0,0,0,0,22,0,0,0,0,0,1,0,0,0,0,0,0,0,0,0,0,0,0,0,0,0,0,0,0,0,0,0,0,0,11,0,0,0,0,0,0,0,0,0,0,0,0,0,14,0,2,0,0,0,0,0,0,0,0,0,100,0,11,0,0,0,0,0,0,34,42,0,0,0,4,0,0,0,0,0,0,0,0,0,0,0,0,0,0,0,0,0,0,0,29,0,0,8,0,0,1,43,58,6,0,0,1,27
0,0,0,0,23,0,0,0,0,0,13,0,112,0,8,0,2,0,170,26,36,20,3,0,0,0,154,87,7,0,29,0,17,0,105,5,25,0,0,0,32,28,28,4,61,11,35,53,9,0,0,2,3,0,0,0,0,0,7,0,0,0,0,0,0,0,0,0,0,0,4,0,0,0,0,0,9,0,13,0,9,0,47,0,0,0,15,0,0,0,0,0,0,0,14,0,0,0,12,0,0,0,0,0,0,0,0,0,0,0,0,0,0,0,0,0,0,0,0,0,0,0,0,0,0,0,0,0,0,0,0,0,0,0,0,0,0,0,0,0,0,0,0,0,7,0,0,0,0,0,0,0,0,0,0,0,0,0,0,0,0,0,5,0,71,0,33,0,50,0,5,0,15,0,0,0,33,7,21,0,0,0,0,0,0,0,34,0,0,0,0,0,0,0,0,0,0,0,0,0,0,0,0,0,0,0,0,0,0,0,82,173,121,33,55,0,5,2,0,2,0,0,0,0,0
0,0,0,0,0,19,0,0,0,0,0,0,32,223,0,0,0,0,44,37,6,41,0,7,0,0,0,293,0,11,0,6,0,6,0,21,0,26,0,0,0,12,0,66,0,66,1,39,0,18,2,0,0,0,0,0,0,0,0,0,0,0,0,0,0,0,0,0,0,6,0,0,0,0,0,21,0,12,0,0,0,94,0,56,0,0,0,0,0,2,0,0,0,0,0,0,0,4,0,0,0,41,0,0,0,0,0,0,0,0,0,0,0,0,0,0,0,0,0,0,0,81,0,0,0,0,0,6,0,0,0,0,0,0,0,0,0,0,0,0,0,0,0,0,0,106,0,0,0,0,0,0,0,0,0,0,0,0,0,0,0,0,0,0,0,40,0,34,0,93,0,0,0,34,0,0,0,0,0,0,0,0,0,0,0,0,0,27,0,0,0,0,0,0,0,18,0,0,0,0,0,0,0,0,0,0,0,0,0,0,0,0,0,0,89,0,0,0,97,97,141,27,4,0,0
0,0,2,0,0,0,0,0,48,0,0,0,0,0,0,0,118,0,0,0,23,0,16,0,34,8,4,0,3,0,0,0,2,0,0,0,0,0,2,0,0,0,0,0,0,0,3,0,0,0,3,0,0,17,137,43,83,0,80,46,54,0,81,8,10,0,5,52,2,0,0,0,0,0,0,0,2,0,0,0,0,0,0,0,11,0,0,0,0,0,0,0,0,0,0,0,0,0,0,0,0,0,0,0,0,0,0,0,0,0,0,0,0,0,0,0,0,0,0,0,4,0,0,0,0,0,0,0,53,0,1,0,13,0,3,0,67,0,91,0,40,0,97,0,9,0,0,0,0,0,0,0,0,0,137,4,98,0,53,2,17,0,21,0,1,0,0,0,12,0,58,0,0,0,0,0,0,0,0,0,0,0,0,0,0,0,0,0,0,0,0,0,0,0,0,0,1,0,0,0,12,0,0,0,0,0,0,0,0,0,311,704,98,145,229,4,29,3,0,0,1,0,0,0,0
0,16,0,0,0,0,34,17,65,128,0,2,0,0,0,3,0,30,0,18,0,0,0,8,12,19,0,0,0,0,0,0,0,2,0,0,0,8,0,0,0,0,0,0,0,0,0,0,0,0,0,0,17,0,125,122,17,53,67,71,0,39,0,55,0,0,24,10,0,0,0,0,0,0,0,0,0,0,0,0,0,15,0,0,0,30,0,0,0,0,0,6,0,0,0,0,0,0,0,0,0,0,0,0,0,0,0,0,0,0,0,0,0,0,0,0,0,0,0,0,0,0,0,0,0,0,0,3,0,15,0,16,0,12,0,56,0,67,0,136,0,64,0,65,0,45,0,0,0,0,0,0,0,0,0,176,0,123,0,164,0,24,0,4,0,0,0,0,0,0,0,40,0,1,0,0,7,60,0,0,0,0,0,27,6,20,0,0,0,0,0,0,0,0,0,0,0,0,0,0,0,0,0,0,0,0,0,0,0,0,0,0,0,0,283,0,0,0,162,328,85,77,15,38,0
3,21,28,0,1,0,152,0,56,348,0,0,0,0,0,0,3,0,0,0,0,0,64,0,106,93,0,0,3,0,0,0,0,0,0,0,1,0,0,0,0,0,0,0,0,0,0,0,8,0,0,0,137,125,0,450,93,17,54,114,20,0,24,103,6,0,36,110,1,0,0,0,0,0,0,0,0,0,0,0,0,0,0,0,0,0,0,0,0,0,0,0,0,0,0,0,0,0,0,0,0,0,0,0,0,0,0,0,0,0,0,0,0,0,0,0,0,0,0,0,0,0,0,0,7,0,27,0,71,0,50,0,27,0,25,0,113,0,9,0,10,0,68,0,0,0,0,0,3,0,3,0,0,0,55,0,19,0,23,0,80,0,34,0,2,0,0,0,28,0,120,0,0,0,0,0,30,39,0,0,0,0,0,0,0,9,0,0,0,0,0,0,0,0,0,0,0,0,0,0,20,0,0,0,0,0,0,0,29,0,170,334,212,287,316,7,78,0,0,0,0,0,0,0,0
0,47,0,57,0,6,91,140,269,149,0,2,0,0,0,19,0,11,0,8,0,8,0,4,62,81,0,0,0,0,0,5,0,0,0,0,0,2,0,0,0,0,0,0,0,0,0,0,1,0,0,0,43,122,450,0,42,170,180,213,0,27,24,89,0,17,91,67,0,7,0,0,0,0,0,0,0,0,0,0,0,6,0,0,0,27,0,4,0,0,0,0,0,0,0,0,0,0,0,0,0,0,0,0,0,0,0,0,0,0,0,0,0,0,0,0,0,0,0,0,0,0,0,0,0,0,0,4,0,29,0,9,0,11,0,83,0,88,0,53,0,28,0,53,0,0,0,3,0,2,0,0,0,0,0,96,0,49,0,47,0,60,0,0,0,3,0,0,0,35,0,174,0,35,0,0,33,105,0,0,0,0,0,4,8,12,0,0,0,0,0,0,0,0,0,0,0,0,0,0,0,16,0,0,0,0,0,0,0,16,0,2,0,0,619,0,0,0,203,231,270,280,39,120,0
0,0,0,0,0,0,13,0,17,29,0,0,0,0,0,0,1,0,0,0,0,0,0,0,24,0,0,0,0,0,0,0,0,0,0,0,0,0,0,0,0,0,2,0,0,0,0,0,25,0,0,0,83,17,93,42,0,0,191,63,0,0,2,6,23,0,30,112,0,0,1,0,0,0,0,0,10,0,0,0,0,0,0,0,0,0,0,0,0,0,0,0,0,0,0,0,0,0,0,0,0,0,0,0,0,0,0,0,1,0,0,0,0,0,0,0,2,0,0,0,0,0,0,0,3,0,8,0,82,0,38,0,20,0,5,0,21,0,14,0,0,0,6,0,8,11,3,0,0,0,0,0,0,0,147,53,47,6,28,32,106,0,190,0,5,0,0,0,67,0,63,0,30,0,5,0,0,0,0,0,0,0,0,0,7,0,0,0,0,0,0,0,0,0,0,0,0,0,0,0,0,0,0,0,0,0,0,0,8,0,426,267,452,419,707,45,114,0,0,0,0,0,0,0,0
0,22,0,0,0,0,0,11,0,77,0,0,0,0,0,0,0,12,0,0,1,0,0,0,0,46,0,0,0,0,0,0,0,0,0,0,0,0,0,0,0,0,0,0,0,0,0,0,0,0,0,0,0,53,17,170,0,0,70,236,0,0,0,9,0,28,47,128,0,0,0,1,0,0,0,0,0,0,0,0,0,0,0,0,0,4,0,0,0,0,0,0,0,0,0,0,0,0,0,0,0,0,0,0,0,0,0,0,0,0,0,0,0,0,0,0,0,0,0,0,0,0,0,0,0,16,0,3,0,34,0,67,0,9,0,25,0,43,5,27,0,0,0,21,0,5,0,0,0,5,0,4,0,0,17,286,0,54,0,70,0,155,0,230,0,3,0,0,0,55,0,145,0,0,0,0,0,0,0,0,0,0,0,0,11,5,0,0,0,0,0,0,0,0,0,0,0,0,0,0,0,0,0,0,0,0,0,0,0,8,0,0,1,0,758,0,0,0,274,188,419,313,73,91,0
0,0,0,0,0,0,23,0,26,84,0,0,3,0,0,0,0,0,0,0,7,0,0,0,0,5,0,0,0,1,0,0,0,0,0,0,10,0,0,0,0,0,0,0,15,0,0,0,31,0,7,0,80,67,54,180,191,70,0,283,0,0,0,9,220,8,260,313,14,0,0,0,0,0,0,0,10,0,4,0,0,0,0,0,0,0,0,0,0,0,0,0,0,0,0,0,0,0,0,0,0,0,0,0,0,0,0,0,0,0,0,0,0,0,0,0,0,0,0,0,0,0,0,0,3,0,2,0,4,0,15,0,7,0,0,0,3,0,6,5,0,0,0,0,0,0,0,0,0,0,0,0,0,0,92,60,87,0,10,41,42,0,82,0,0,0,0,0,67,0,117,0,0,0,9,0,31,10,0,0,5,0,0,0,343,17,0,0,0,0,0,0,0,0,0,0,0,0,0,0,0,0,0,0,0,0,0,0,5,0,714,336,516,665,1028,67,233,18,0,0,0,2,0,0,0
0,16,0,13,0,0,0,8,55,33,0,0,0,0,0,0,0,0,0,0,0,0,0,0,0,16,0,0,0,1,0,0,0,0,0,0,0,0,0,0,0,0,0,0,0,0,0,0,0,0,0,0,46,71,114,213,63,236,283,0,0,0,0,0,7,123,128,227,0,5,0,0,0,0,0,0,0,0,0,0,0,0,0,0,0,0,0,0,0,0,0,0,0,0,0,0,0,0,0,0,0,0,0,0,0,0,0,0,0,0,0,0,0,0,0,0,0,0,0,0,0,0,0,0,0,7,0,0,0,7,0,24,0,0,0,0,0,0,10,0,0,0,0,0,13,10,0,0,0,5,0,0,0,0,25,78,14,143,0,12,0,39,0,138,0,0,0,0,0,51,0,181,0,21,0,5,7,17,0,0,0,0,0,0,18,73,0,0,0,0,0,0,0,0,0,0,0,0,0,0,0,0,0,0,0,0,0,0,0,0,0,0,0,0,1061,0,0,0,430,330,421,0,82,118,0
70,4,0,0,0,0,240,0,205,0,0,0,0,0,0,0,32,0,0,0,0,0,0,0,18,0,0,0,0,0,1,0,0,0,0,0,5,0,3,0,0,0,0,0,4,0,0,0,6,0,0,0,54,0,20,0,0,0,0,0,0,0,36,0,0,0,0,0,0,0,5,0,0,0,9,0,0,0,0,0,0,0,0,0,0,0,0,0,0,0,0,0,0,0,0,0,0,0,0,0,0,0,0,0,0,0,0,0,0,0,0,0,0,0,0,0,0,0,0,0,0,0,0,0,0,0,0,0,2,0,0,0,0,0,0,0,0,0,153,0,41,0,17,0,145,0,0,0,0,0,0,0,0,0,38,0,59,0,22,0,0,0,7,0,0,0,0,0,6,0,80,0,24,0,0,0,26,0,0,0,0,0,0,0,2,0,0,0,0,0,0,0,0,0,0,0,0,0,0,0,0,0,0,0,0,0,0,0,0,0,145,131,34,95,100,2,23,0,0,0,0,0,0,0,0
0,504,0,160,0,0,0,282,0,159,0,0,0,0,0,0,0,65,0,0,0,14,0,24,0,164,0,0,0,31,0,0,0,6,0,14,0,32,0,5,0,0,0,6,0,0,0,0,0,3,0,0,0,39,0,27,0,0,0,0,0,0,0,119,0,0,0,0,0,0,0,0,0,0,0,0,0,0,0,0,0,0,0,0,0,0,0,0,0,1,0,0,0,0,0,0,0,0,0,0,0,0,0,0,0,0,0,0,0,0,0,0,0,0,0,0,0,0,0,0,0,0,0,1,0,0,0,0,0,0,0,0,0,0,0,0,0,0,0,63,0,48,0,0,0,108,0,0,0,0,0,0,0,0,0,23,0,127,0,46,0,0,0,0,0,0,0,0,0,8,0,48,0,88,0,0,0,141,0,31,0,0,0,53,0,0,0,0,0,0,0,0,0,0,0,0,0,0,0,0,0,0,0,0,0,0,0,0,0,0,0,1,0,0,115,0,0,0,85,250,38,69,8,19,0
16,0,0,0,0,0,130,0,93,27,0,0,0,0,6,0,151,0,26,0,56,0,30,0,35,58,0,0,16,0,21,0,9,0,0,0,15,0,6,0,0,0,6,0,21,0,0,0,11,0,0,0,81,0,24,24,2,0,0,0,36,0,0,15,0,0,0,0,0,0,17,0,0,0,27,0,0,0,0,0,23,0,0,0,53,0,0,0,0,0,0,0,0,0,0,0,0,0,0,0,0,0,0,0,0,0,0,0,0,0,0,0,0,0,0,0,0,0,0,0,34,0,0,0,0,0,10,0,14,0,0,0,13,0,0,0,46,0,109,0,68,0,150,0,18,0,0,0,0,0,0,0,0,0,40,0,35,0,27,0,0,0,0,0,0,0,0,0,2,0,25,0,20,0,0,0,51,7,0,0,1,0,1,0,0,0,0,0,1,0,0,0,0,0,0,0,0,0,0,0,0,0,0,0,0,0,0,0,0,0,173,532,53,103,121,0,18,0,0,0,0,0,0,0,0
18,327,0,151,0,0,81,205,53,273,0,11,0,0,0,8,15,305,0,0,0,92,10,197,87,178,0,41,0,104,0,19,0,17,0,24,0,49,0,19,0,0,0,0,0,18,0,0,0,22,0,0,8,55,103,89,6,9,9,0,0,119,15,0,0,0,0,0,0,1,0,0,0,0,0,0,0,0,0,0,0,5,0,0,0,9,0,0,0,0,0,2,0,0,0,0,0,0,0,4,0,0,0,0,0,0,0,0,0,0,0,0,0,0,0,0,0,0,0,0,0,0,0,0,0,0,0,0,0,15,0,0,0,0,0,0,0,72,0,121,0,114,0,64,0,23,0,0,0,0,0,0,0,0,0,48,0,49,0,64,0,5,0,0,0,0,0,0,0,4,0,20,0,10,0,0,8,150,0,0,0,0,0,72,0,0,0,0,0,0,0,0,0,0,0,0,0,0,0,0,0,0,0,0,0,0,0,0,0,0,1,1,0,0,139,0,0,0,140,432,22,54,10,21,0
18,0,3,0,0,0,3,0,72,0,9,0,0,0,0,0,0,0,0,0,0,0,0,0,0,0,0,0,0,0,0,0,0,0,0,0,0,0,0,0,0,0,0,0,0,0,0,0,4,0,0,0,10,0,6,0,23,0,220,7,0,0,0,0,0,0,51,0,0,0,4,0,0,0,0,0,0,0,0,0,0,0,0,0,0,0,0,0,0,0,0,0,0,0,0,0,0,0,0,0,0,0,0,0,0,0,0,0,0,0,0,0,0,0,0,0,0,0,0,0,0,0,0,0,7,0,0,0,0,0,10,0,0,0,0,0,0,0,0,0,0,0,0,0,33,26,0,0,20,0,0,0,0,0,14,0,0,0,9,0,432,0,16,0,0,0,0,0,5,0,0,0,3,0,15,0,0,0,0,0,109,0,10,0,142,0,0,0,0,0,0,0,0,0,0,0,0,0,0,0,0,0,0,0,0,0,0,0,0,0,51,28,0,0,64,0,0,0,0,0,0,0,0,0,0
0,29,0,0,0,0,0,0,0,135,0,7,0,0,0,6,0,0,0,17,0,0,0,0,0,0,0,22,0,0,0,0,0,0,0,0,0,0,0,0,0,0,0,0,0,0,0,8,0,0,0,0,0,0,0,17,0,28,8,123,0,0,0,0,0,0,4,122,0,0,7,12,1,0,0,15,0,0,0,0,0,0,0,0,0,0,0,0,0,0,0,0,0,0,0,0,0,0,0,0,0,0,0,0,0,0,0,0,0,0,0,0,0,0,0,0,0,0,0,0,0,0,0,0,27,15,0,3,0,5,0,48,0,0,0,0,0,2,81,24,0,0,2,0,32,83,0,3,0,124,0,7,0,0,16,6,0,0,0,7,104,186,0,0,0,0,0,0,0,0,0,0,0,0,0,31,0,0,0,1,41,128,0,8,2,73,0,0,0,0,0,0,0,0,0,0,0,0,0,0,0,0,0,0,0,0,0,0,0,0,1,0,0,0,116,0,0,0,81,39,45,0,0,0,0
10,0,0,0,0,0,17,0,46,0,0,0,0,0,0,0,0,0,0,0,3,0,0,0,0,0,0,0,0,0,0,0,0,0,0,0,0,0,0,0,0,0,0,0,0,0,0,0,0,0,0,0,5,24,36,91,30,47,260,128,0,0,0,0,51,4,0,59,0,0,0,0,0,0,0,0,2,0,0,0,0,0,0,0,0,0,0,0,0,0,0,0,0,0,0,0,0,0,0,0,0,0,0,0,0,0,0,0,0,0,0,0,0,0,0,0,0,0,0,0,0,0,0,0,3,0,0,0,0,0,16,0,0,0,0,0,0,0,0,0,0,0,0,0,22,0,0,0,7,0,0,0,0,0,47,66,38,0,7,32,98,0,10,0,0,0,0,0,0,0,0,0,0,0,21,0,51,7,0,0,0,0,2,0,601,15,0,0,0,0,0,0,0,0,0,0,0,0,0,0,0,0,0,0,0,0,0,0,0,0,112,103,75,0,133,10,0,2,0,0,0,0,0,0,0
0,58,0,0,0,0,0,14,16,90,0,0,0,0,0,0,0,0,0,0,0,0,0,0,0,2,0,0,0,0,0,0,0,0,0,5,0,4,0,0,0,0,0,0,0,0,0,0,0,0,0,0,52,10,110,67,112,128,313,227,0,0,0,0,0,122,59,0,0,0,0,0,0,0,0,0,0,0,0,0,0,0,0,0,0,0,0,0,0,0,0,0,0,0,0,0,0,0,0,0,0,0,0,0,0,0,0,0,0,0,0,0,0,0,0,0,0,0,0,0,0,0,0,0,0,21,0,0,0,7,0,70,0,0,0,2,0,0,0,1,0,0,0,0,14,18,0,2,0,34,0,9,0,5,38,60,28,94,0,13,28,54,0,81,0,0,0,0,0,21,0,36,0,0,0,25,7,15,0,0,0,3,0,1,19,459,0,0,0,0,0,0,0,0,0,0,0,0,0,0,0,0,0,0,0,0,0,0,0,7,0,0,0,0,426,0,0,0,185,325,160,0,64,0,0
1,0,0,0,0,0,6,0,0,0,0,0,0,1,0,0,0,0,0,0,0,0,0,0,0,0,0,0,0,0,0,0,0,0,0,0,0,0,0,0,0,0,0,0,12,0,0,0,49,0,0,0,2,0,1,0,0,0,14,0,0,0,0,0,0,0,0,0,0,0,2,0,39,0,0,0,111,0,46,0,0,0,75,0,0,0,15,0,45,0,0,0,121,0,53,0,0,0,0,0,12,0,207,0,0,0,0,0,128,0,18,0,8,0,4,0,0,0,0,0,0,0,0,0,0,0,0,0,0,0,0,0,0,0,0,0,0,0,0,0,5,0,0,0,0,0,0,6,0,0,0,0,0,0,0,0,0,0,0,0,7,0,13,0,122,0,0,0,131,0,2,0,0,0,1,0,0,0,3,0,0,0,0,0,0,0,0,0,0,0,0,0,0,0,0,0,4,0,0,0,0,0,0,0,0,0,0,0,0,0,56,19,104,0,20,70,118,0,0,0,0,0,0,0,0
0,0,0,0,0,0,0,0,0,2,0,0,0,0,0,0,0,0,0,0,0,0,0,0,0,0,0,0,0,0,0,0,0,0,0,0,0,0,0,0,0,6,0,0,0,16,0,0,0,4,0,6,0,0,0,7,0,0,0,5,0,0,0,1,0,0,0,0,0,0,0,0,0,5,0,0,0,51,0,0,0,7,0,32,0,0,0,9,0,8,0,0,0,88,0,17,0,0,0,0,0,16,0,65,0,0,0,0,0,5,0,2,0,11,0,1,0,20,0,0,0,0,0,0,0,0,0,0,0,0,0,0,0,0,0,0,0,0,0,0,0,0,0,0,0,0,0,0,0,0,1,0,0,0,0,0,0,0,0,0,0,0,0,0,0,67,0,0,0,53,0,0,0,1,0,0,0,0,0,0,0,0,0,0,0,0,0,0,0,0,0,0,0,0,0,16,0,0,0,0,0,0,0,0,0,0,0,0,0,0,0,0,0,0,0,0,0,0,0,19,92,0,12,108,0
0,0,0,0,0,0,0,0,0,0,0,0,0,0,0,0,48,0,5,0,69,0,0,0,1,0,48,0,44,0,47,0,5,0,0,0,76,0,23,0,0,0,3,0,57,0,0,0,2,0,4,0,0,0,0,0,1,0,0,0,5,0,17,0,4,7,0,0,2,0,0,0,124,0,220,0,11,0,151,0,0,0,0,0,10,0,31,3,0,0,0,0,0,0,0,0,0,0,0,0,0,0,0,0,0,0,0,0,0,0,0,0,0,0,0,0,0,0,0,0,34,0,2,0,9,18,0,0,10,0,11,0,5,0,13,0,11,0,11,21,42,0,27,0,59,9,11,0,0,0,18,0,6,4,0,0,27,1,2,0,21,20,47,0,0,0,15,0,13,0,32,0,46,0,16,0,0,0,0,0,48,0,0,0,0,0,0,0,0,0,0,0,0,0,0,0,0,0,0,0,4,0,3,0,0,0,0,0,0,0,4,0,21,0,0,0,0,0,0,0,0,0,0,0,0
0,0,0,0,0,0,0,0,0,0,0,0,0,0,0,0,0,0,0,0,0,26,0,24,0,0,0,0,0,16,0,0,0,5,0,12,0,20,0,0,0,0,0,8,0,0,0,0,0,0,0,0,0,0,0,0,0,1,0,0,0,0,0,0,0,12,0,0,0,0,0,0,0,86,0,301,0,30,0,35,0,0,0,2,0,0,0,54,0,0,0,0,0,0,0,0,0,0,0,0,0,0,0,0,0,0,0,0,0,0,0,0,0,0,0,0,0,0,0,0,0,15,0,10,0,31,0,57,10,8,0,6,0,0,0,0,0,24,0,5,0,27,0,6,0,140,0,37,0,23,0,0,0,34,0,0,0,7,0,0,0,4,0,19,0,0,0,10,0,0,0,0,0,7,0,0,0,0,0,0,0,34,0,0,0,0,0,0,0,0,0,0,0,0,0,0,0,0,0,0,0,0,0,0,0,0,0,0,0,30,0,0,0,0,2,0,0,0,9,0,0,0,0,0,0
0,0,0,0,0,0,0,0,0,0,0,0,0,0,0,0,0,0,0,0,4,0,0,0,0,0,0,0,4,0,0,0,0,0,2,0,9,0,0,0,0,0,0,0,0,0,0,0,2,0,0,0,0,0,0,0,0,0,0,0,0,0,0,0,0,1,0,0,39,0,124,0,0,0,135,0,17,0,236,0,0,0,38,0,41,0,6,0,0,0,0,0,0,0,0,0,0,0,0,0,0,0,4,0,0,0,0,4,0,0,0,0,0,0,0,0,0,0,0,0,120,0,12,0,32,0,79,14,0,0,22,0,19,0,87,0,36,0,8,0,48,0,135,0,33,0,79,0,0,0,42,0,0,0,0,0,10,0,1,0,9,0,62,0,0,0,4,0,13,0,11,0,6,0,14,0,0,0,0,0,59,0,0,0,0,0,0,0,0,0,0,0,0,0,0,0,0,0,71,0,53,0,67,0,0,0,0,0,94,0,171,5,11,2,19,0,0,0,0,0,0,0,0,0,0
0,2,0,0,0,0,0,0,0,0,0,0,0,0,0,0,0,0,0,0,0,0,0,0,0,0,0,0,0,0,0,0,0,0,0,0,0,0,0,0,0,1,0,0,0,0,0,0,0,0,0,0,0,0,0,0,0,0,0,0,0,0,0,0,0,0,0,0,0,5,0,86,0,0,0,236,0,119,0,73,0,6,1,8,0,12,0,150,0,0,0,0,0,0,1,0,0,0,0,0,0,3,0,0,0,0,0,3,0,0,0,0,0,0,0,0,0,0,0,0,0,21,0,13,0,43,0,58,0,8,0,14,0,26,0,137,0,58,0,2,0,13,0,0,0,48,24,47,2,20,0,0,0,20,0,0,0,0,0,0,0,5,0,54,0,0,0,0,0,21,0,3,0,6,0,12,0,0,0,0,0,21,0,0,0,0,0,0,0,32,0,0,0,0,0,0,0,0,0,0,0,0,0,65,0,10,0,53,8,100,0,0,0,0,21,0,0,0,161,7,13,0,9,0,0
0,0,0,0,0,0,0,0,0,0,0,0,0,0,0,0,35,0,0,0,48,0,2,0,0,0,0,0,35,0,33,0,0,0,0,0,25,0,15,0,0,0,2,0,0,0,0,0,0,0,0,0,0,0,0,0,0,0,0,0,9,0,27,0,0,0,0,0,0,0,220,0,135,0,0,0,11,0,290,0,27,0,0,0,25,0,28,0,0,0,0,0,0,0,0,0,4,0,5,0,0,0,0,0,0,0,0,0,0,0,0,0,0,0,0,0,0,0,0,0,91,0,18,3,0,0,0,0,0,0,0,0,0,0,33,0,8,0,15,0,80,0,67,1,62,0,23,0,6,10,10,0,14,0,0,0,9,0,0,0,8,0,35,0,0,0,0,0,0,0,14,0,15,0,24,0,0,0,0,0,64,0,0,0,0,0,0,0,0,0,0,0,0,0,0,0,0,0,0,0,15,0,8,0,0,0,0,0,0,0,0,0,0,0,4,0,2,0,0,0,0,0,0,0,0
0,0,0,0,0,0,0,0,0,0,0,0,0,0,0,0,0,0,0,0,0,32,0,44,0,4,0,0,0,15,0,0,0,0,0,21,0,20,0,0,0,0,0,0,0,0,0,0,0,0,0,21,0,0,0,0,0,0,0,0,0,0,0,0,0,15,0,0,0,0,0,301,0,236,0,0,0,43,0,100,0,0,0,0,0,18,0,156,0,0,0,0,0,1,2,0,0,0,0,0,0,0,0,0,0,0,0,0,0,0,0,0,0,0,0,0,0,0,0,0,0,93,0,9,0,0,0,36,20,0,30,5,11,0,0,0,0,0,0,1,0,43,4,0,0,277,0,21,0,35,10,0,0,73,0,0,0,0,0,0,7,0,0,29,0,0,0,4,0,11,0,11,0,12,0,27,0,0,0,0,9,86,0,0,2,0,0,0,0,0,0,0,0,0,0,0,0,0,0,0,0,11,0,8,0,0,0,0,2,0,0,0,0,0,8,2,0,0,36,9,0,0,3,0,0
0,0,0,0,0,0,3,0,0,0,0,0,0,0,0,0,0,0,0,0,0,0,0,0,0,0,0,0,0,0,0,0,0,0,0,0,0,0,0,0,0,0,0,0,0,0,0,0,5,0,9,0,2,0,0,0,10,0,10,0,0,0,0,0,0,0,2,0,111,0,11,0,17,0,11,0,0,0,16,0,7,0,92,0,0,0,34,0,0,0,0,0,29,0,27,0,34,0,11,0,3,0,45,0,14,0,0,0,2,0,0,0,0,0,0,0,4,0,0,0,7,0,0,0,0,0,0,0,0,0,1,0,0,9,0,0,0,0,1,0,0,0,0,0,0,0,0,0,0,0,3,0,0,2,0,0,0,0,0,0,0,0,7,0,33,0,5,0,61,0,0,0,0,0,0,0,0,0,0,0,11,0,1,0,0,0,0,0,0,0,0,0,0,0,0,0,0,0,0,0,0,0,0,0,0,0,0,0,0,0,50,13,32,0,9,21,3,0,0,0,0,0,0,0,0
0,0,0,0,0,0,0,0,0,0,0,0,0,0,0,0,0,0,0,0,0,0,0,0,0,0,0,0,0,0,0,0,0,0,0,0,0,0,0,0,0,0,0,0,0,15,0,0,0,0,0,12,0,0,0,0,0,0,0,0,0,0,0,0,0,0,0,0,0,51,0,30,0,119,0,43,0,0,0,27,0,31,0,145,0,0,0,135,0,0,0,1,0,82,0,34,0,0,0,0,0,20,0,24,0,0,0,4,0,3,0,0,0,0,0,0,0,9,0,0,0,4,0,3,0,0,0,0,0,0,0,0,0,0,0,0,0,0,0,0,0,0,0,0,0,0,0,0,0,0,0,0,0,0,0,0,0,0,0,0,0,0,0,0,0,42,0,0,0,105,0,1,0,0,0,0,0,0,0,0,0,0,0,0,0,0,0,0,0,0,0,0,0,0,0,0,0,0,0,0,0,0,0,0,0,0,0,0,0,0,0,0,0,0,31,1,0,0,62,8,70,0,24,0,0
0,0,0,0,0,0,0,0,1,0,0,0,0,0,0,0,0,0,0,0,0,0,0,0,0,0,0,0,14,0,0,0,0,0,0,0,0,0,0,0,0,0,0,0,0,0,0,0,8,0,13,0,0,0,0,0,0,0,4,0,0,0,0,0,0,0,0,0,46,0,151,0,236,0,290,0,16,0,0,0,15,0,130,0,108,0,66,0,0,0,4,0,13,0,17,0,93,0,14,0,0,0,14,0,0,0,0,0,0,0,0,0,0,0,0,0,5,0,0,0,163,0,26,0,0,0,0,0,0,0,0,0,0,0,72,0,13,8,0,0,26,0,83,0,18,0,0,0,0,0,14,0,11,0,0,0,0,0,0,0,0,0,23,0,46,0,6,0,61,0,0,0,4,0,0,0,0,0,0,0,0,0,0,0,0,0,0,0,0,0,0,0,148,0,8,0,0,0,85,0,131,0,159,0,113,0,0,2,0,0,189,16,42,0,38,17,7,0,2,0,0,0,0,0,0
0,0,0,0,0,0,0,0,0,0,0,0,0,0,0,0,0,0,0,0,0,0,0,0,0,0,0,0,0,0,0,0,0,2,0,0,0,0,0,0,0,0,0,0,0,0,0,0,0,0,0,0,0,0,0,0,0,0,0,0,0,0,0,0,0,0,0,0,0,0,0,35,0,73,0,100,0,27,0,0,0,0,0,4,0,24,0,82,0,0,0,0,0,0,0,0,0,0,2,0,0,0,0,0,0,0,0,0,0,0,0,0,0,0,0,0,0,0,0,0,0,18,0,13,0,0,0,0,0,0,0,0,0,0,0,75,0,28,0,0,0,40,0,18,0,91,0,0,2,0,0,0,0,16,0,0,0,8,0,0,0,0,0,11,0,1,0,0,0,4,0,4,0,0,0,4,0,0,0,0,0,0,0,0,0,0,0,0,0,0,0,0,0,0,0,0,0,0,0,0,0,23,0,29,0,2,0,0,0,39,0,0,0,0,2,0,0,0,6,0,0,0,0,0,0
