0,459,76,174,83,103,91,55,108,0,250,85,119,0,19,107,99,90,20,0,13,0,37,226,35,98,42,0,78,28,14,0,77,39,0,0,20,30,392,59,20,0,0,0,0,0,33,0,31,0,6,0,29,0,11,0,3,0,3,0,165,6,177,30,5,0,4,0,0,0,0,0,0,0,0,0,0,0,0,0,0,0,0,0,0,0,0,0,0,0,0,0,0,0,0,0,0,0,0,0,0,0,0,0,0,0,0,0,0,0,0,0,0,0,0,0,0,0,0,0,0,0,0,0,0,0,3,0,0,0,2,0,0,0,0,0,0,0,0,0,0,0,0,0,0,2,7,0,15,0,0,0,0,0,0,0,1,0,0,0,7,0,4,0,0,0,4,0,15,0,19,0,155,11,0,0,647,139,11,7,0,0,113,0,24,0,0,0,0,0,0,0,0,0,0,0,0,0,0,0,0,0,0,0,0,0,0,0,5,0,668,286,208,0,355,1,8,6,4,2,0,0,0,0,0
459,0,197,37,0,121,155,12,230,66,0,202,0,65,2,14,74,104,0,57,0,0,162,32,550,23,0,124,0,64,0,0,0,80,0,0,0,115,11,375,0,32,0,0,0,11,0,64,0,3,0,0,21,1,44,30,0,0,0,26,0,109,0,178,0,41,0,22,0,0,0,0,0,0,0,0,0,0,0,0,0,0,0,0,0,0,0,0,0,0,0,0,0,0,0,0,0,0,0,0,0,0,0,0,0,0,0,0,0,0,0,0,0,0,0,0,0,0,0,0,0,0,0,0,0,46,0,15,0,2,0,26,0,1,0,34,0,25,0,0,0,0,0,0,0,0,0,51,0,66,0,49,0,47,0,0,0,0,0,0,0,16,0,0,0,0,0,3,0,9,0,15,0,150,0,0,242,794,0,23,0,23,40,70,0,44,0,2,0,0,0,0,0,0,0,0,0,0,0,0,0,7,0,0,0,0,0,10,0,58,5,0,3,0,226,0,0,0,412,136,161,0,0,0,0
76,197,0,0,340,124,76,0,16,0,50,109,125,0,217,97,160,40,229,0,253,18,619,92,143,23,174,0,160,0,105,0,274,0,0,0,43,38,457,0,32,0,19,0,28,0,65,0,39,0,8,0,11,0,85,0,16,0,20,0,43,0,83,11,7,0,0,0,0,0,0,0,0,0,0,0,0,0,0,0,0,0,0,0,0,0,0,0,0,0,5,0,0,0,0,0,30,0,0,0,0,0,0,0,0,0,0,0,0,0,0,0,0,0,0,0,0,0,0,0,0,0,0,0,9,0,18,0,0,0,13,0,7,0,147,0,0,0,0,0,0,0,22,0,0,0,8,0,25,0,27,0,4,0,0,0,0,0,0,0,17,0,0,0,3,0,56,0,71,0,24,0,258,4,0,0,75,33,0,4,0,0,17,0,8,0,0,0,0,0,0,0,0,0,0,0,0,0,56,0,76,0,1,0,3,0,3,0,36,0,623,122,607,128,492,3,16,0,5,0,0,0,0,0,0
174,37,0,0,0,214,19,48,34,0,32,36,0,42,0,267,33,104,0,200,0,36,71,115,79,45,0,124,0,104,0,11,0,139,0,0,0,98,0,223,0,9,0,0,0,26,0,26,0,0,0,0,2,7,0,119,0,0,0,0,0,23,14,135,0,0,0,0,0,0,0,0,0,0,0,0,0,0,0,0,0,0,0,0,0,0,0,0,0,0,0,0,0,0,0,0,0,0,0,0,0,0,0,0,0,0,0,0,0,0,0,0,0,0,0,0,0,0,0,0,0,0,0,0,0,0,0,0,0,0,0,0,0,0,0,90,0,50,0,0,0,0,0,0,0,0,0,0,0,0,0,0,0,0,0,11,0,0,0,0,0,0,0,1,0,0,0,14,0,10,1,8,0,105,0,0,53,44,0,0,0,0,20,0,0,0,0,0,0,0,0,0,0,0,0,0,0,0,0,0,0,0,0,0,0,0,0,0,0,0,0,0,0,0,153,0,0,0,242,75,219,0,0,0,0
83,0,340,0,0,453,11,0,30,0,138,266,654,47,218,306,42,0,134,167,400,129,54,63,6,0,263,28,0,0,298,0,418,65,202,46,392,44,59,0,70,5,24,0,29,2,158,0,12,0,135,0,0,0,0,0,6,0,2,0,0,0,0,0,6,0,0,0,0,0,0,0,0,0,0,0,0,0,0,0,0,0,0,0,0,0,0,0,0,0,0,0,0,0,0,0,0,0,0,0,0,0,0,0,0,0,0,0,0,0,0,0,0,0,0,0,0,0,0,0,0,0,0,0,0,0,8,0,0,0,7,0,0,0,0,0,0,0,0,0,0,0,0,0,0,0,26,0,37,0,36,0,0,0,0,0,0,0,0,0,0,0,5,0,106,0,261,8,66,0,21,0,84,0,10,0,186,114,47,12,0,0,38,0,32,0,0,0,0,0,0,0,0,0,0,0,0,0,0,0,13,0,0,0,0,0,0,0,7,0,569,388,692,65,228,0,2,1,4,0,0,0,0,0,0
103,121,124,214,453,0,0,36,0,0,389,412,174,165,531,129,61,23,146,355,152,151,284,229,20,20,0,446,0,0,34,149,68,284,0,342,14,520,0,0,0,54,0,0,0,18,0,107,0,7,0,105,0,0,0,77,0,14,0,0,0,3,0,0,0,3,0,0,0,0,0,0,0,0,0,0,0,0,0,0,0,0,0,0,0,0,0,0,0,0,0,0,0,0,0,0,0,0,0,0,0,0,0,0,0,0,0,0,0,0,0,0,0,1,0,0,0,0,0,0,0,0,0,0,0,0,0,0,0,0,0,0,0,0,0,107,0,92,0,0,0,0,0,0,0,0,0,0,0,0,1,0,0,0,0,8,0,0,0,0,0,0,0,0,0,216,0,218,0,71,0,0,0,150,0,0,241,424,70,93,0,34,4,8,0,0,0,15,0,0,0,0,0,0,0,0,0,0,0,0,0,0,0,0,0,0,0,0,0,0,0,0,0,0,146,0,0,0,557,334,572,0,0,0,0
91,155,76,19,11,0,0,0,112,104,14,0,3,0,0,0,30,29,0,0,9,0,11,19,241,82,0,0,17,0,0,0,0,0,0,0,50,0,40,0,0,0,0,0,0,0,0,0,101,0,16,0,126,27,499,35,74,0,109,6,128,20,302,48,49,1,52,0,0,0,0,0,0,0,0,0,0,0,0,0,0,0,0,0,0,0,0,0,0,0,0,0,0,0,0,0,0,0,0,0,0,0,0,0,0,0,0,0,0,0,0,0,0,0,0,0,0,0,0,0,0,0,0,0,12,0,13,0,0,0,29,0,0,0,0,0,0,0,0,0,0,0,0,0,0,0,13,0,17,0,14,0,0,0,0,0,10,1,0,0,54,0,6,0,4,0,29,0,34,0,127,0,136,0,0,0,19,24,0,0,0,0,0,9,5,8,0,0,0,0,0,0,0,0,0,0,0,0,0,0,0,0,0,0,0,0,1,0,9,0,769,173,576,446,561,0,41,6,4,0,0,0,0,0,0
55,12,0,48,0,36,0,0,232,118,0,4,0,4,0,34,0,75,0,0,0,0,0,4,103,67,0,0,0,52,0,0,0,0,0,0,0,13,0,152,0,0,0,4,0,0,0,0,0,1,0,0,32,85,83,434,0,31,0,29,0,142,27,440,0,4,0,23,0,0,0,0,0,0,0,0,0,0,0,0,0,0,0,0,0,0,0,0,0,0,0,0,0,0,0,0,0,0,0,0,0,0,0,0,0,0,0,0,0,0,0,0,0,0,0,0,0,0,0,0,0,0,0,0,0,16,0,0,0,0,0,19,0,7,0,22,0,14,0,0,0,0,0,0,0,0,0,0,0,4,0,1,0,0,0,7,0,0,0,0,0,8,0,5,0,0,0,0,0,17,0,18,1,84,0,0,31,43,0,0,0,0,8,3,0,0,0,0,0,0,0,0,0,0,0,0,0,0,0,0,0,0,0,0,0,0,0,0,0,16,0,0,0,0,356,0,0,0,497,78,463,284,0,28,1
108,230,16,34,30,0,112,232,0,550,27,0,15,0,0,0,17,0,15,0,0,0,0,28,27,312,14,0,9,6,0,0,0,0,0,0,0,0,61,0,0,0,8,0,0,0,4,0,65,0,6,0,548,90,194,216,44,10,94,23,364,32,360,132,119,0,191,104,0,0,0,0,0,0,0,0,0,0,0,0,1,0,0,0,0,0,0,0,0,0,0,0,0,0,0,0,0,0,0,0,0,0,0,0,0,0,0,0,0,0,0,0,0,0,0,0,0,0,0,0,0,0,0,0,17,0,35,0,0,0,33,0,0,0,0,0,0,0,0,0,0,0,0,0,0,0,58,0,137,0,71,0,0,0,44,0,120,0,1,0,44,0,5,0,0,0,0,0,13,0,87,0,29,0,1,0,440,162,9,0,0,0,69,15,160,72,0,0,0,0,0,0,0,0,0,0,0,0,0,0,0,0,0,0,1,0,1,0,15,0,749,302,221,0,480,0,45,3,0,23,5,0,0,0,0
0,66,0,0,0,0,104,118,550,0,0,17,0,0,0,7,0,7,0,0,0,0,0,0,82,17,0,5,0,7,0,0,0,0,0,0,0,13,0,31,0,0,0,0,0,0,0,0,0,0,0,0,95,197,220,215,0,11,49,91,0,298,0,314,0,120,35,304,0,0,0,0,0,0,0,0,0,0,0,0,0,0,0,0,0,0,0,0,0,0,0,0,0,0,0,1,0,0,0,0,0,0,0,0,0,0,0,0,0,0,0,0,0,0,0,0,0,0,0,0,0,0,0,0,0,26,0,10,0,0,1,52,0,0,0,40,0,22,0,0,0,0,0,0,0,0,0,35,0,92,0,30,0,29,0,3,0,23,0,0,0,21,0,0,0,0,0,2,0,11,0,0,0,35,0,0,100,266,0,12,0,4,0,56,0,64,0,0,0,0,0,0,0,0,0,0,0,0,0,0,0,5,0,0,0,0,0,15,0,42,5,11,0,0,384,0,0,0,965,208,337,376,0,43,0
250,0,50,32,138,389,14,0,27,0,0,154,219,0,20,316,54,0,20,36,74,78,71,47,1,0,52,0,10,0,82,0,322,23,0,15,166,0,84,0,98,0,15,0,23,0,130,0,13,2,19,0,0,0,0,0,0,0,0,0,4,0,0,0,0,0,0,0,0,0,0,0,0,0,0,0,0,0,0,0,0,0,0,0,0,0,0,0,0,0,0,0,0,0,0,0,0,0,0,0,0,0,0,0,0,0,0,0,0,0,0,0,0,0,0,0,0,0,0,0,0,0,0,0,4,0,5,0,0,0,0,0,0,0,0,0,0,0,0,0,0,0,0,0,0,0,14,0,30,0,42,0,25,0,0,0,0,0,0,0,0,0,0,0,11,0,38,0,13,0,11,0,40,0,24,0,309,77,139,6,41,0,50,0,29,0,46,0,0,0,0,0,0,0,0,0,0,0,0,0,0,0,0,0,0,0,2,0,0,0,228,182,181,30,88,1,1,0,6,0,11,0,1,0,0
85,202,109,36,266,412,0,4,0,17,154,0,45,159,282,10,40,0,57,39,62,76,195,62,8,3,0,156,0,17,10,79,20,182,9,105,0,234,0,27,0,89,0,18,0,13,0,121,0,20,0,16,0,0,0,2,0,0,0,0,1,0,0,0,0,17,0,3,0,0,0,0,0,0,0,0,0,0,0,0,0,0,0,0,0,0,0,0,0,0,0,0,0,0,0,0,0,0,0,0,0,0,0,0,0,0,0,0,0,0,0,0,0,0,0,0,0,0,0,0,0,0,0,0,0,12,0,0,0,0,0,4,0,0,0,31,0,8,0,0,0,6,0,0,0,0,0,40,0,59,0,78,0,77,0,0,0,1,0,0,0,0,0,0,0,24,1,31,0,19,0,10,0,63,0,0,149,468,18,131,0,68,0,51,0,37,0,23,0,0,0,0,0,0,0,0,0,0,0,0,0,0,0,0,0,0,0,0,0,0,0,0,0,0,47,0,0,0,178,139,103,0,0,1,0
119,0,125,0,654,174,3,0,15,0,219,45,0,367,45,74,0,0,70,288,125,64,0,0,0,0,181,438,0,0,19,0,11,0,185,0,106,0,0,0,258,46,373,40,37,17,312,98,25,3,452,0,0,0,0,0,0,0,3,0,1,0,0,0,0,0,0,0,0,0,0,0,0,0,0,0,0,0,0,0,0,0,0,0,0,0,0,0,1,0,0,0,0,0,0,0,0,0,0,0,0,0,0,0,0,0,0,0,0,0,0,0,0,0,0,0,0,0,0,0,0,0,0,0,0,0,7,0,0,0,4,0,0,0,0,0,0,0,0,0,0,0,0,0,0,0,11,0,18,0,15,0,0,0,0,0,0,0,0,0,0,0,0,0,113,0,46,1,38,0,5,0,0,0,0,0,186,110,144,0,19,0,39,0,20,0,220,0,0,0,0,0,0,0,0,0,0,0,0,0,0,0,0,0,0,0,0,0,0,0,189,359,378,0,46,0,0,0,0,0,0,0,0,0,0
0,65,0,42,47,165,0,4,0,0,0,159,367,0,42,1,0,0,499,77,74,23,0,0,0,0,335,115,0,0,5,0,0,0,98,177,0,13,0,0,46,183,72,172,13,55,0,233,0,24,93,247,0,0,0,0,0,0,0,0,0,0,0,1,0,0,0,0,0,0,0,0,0,0,0,0,0,0,0,0,0,0,0,0,0,0,0,0,0,0,0,0,0,0,0,0,0,0,0,0,0,0,0,0,0,0,0,0,0,0,0,0,0,0,0,0,0,0,0,0,0,0,0,0,0,0,0,0,0,0,0,0,0,0,0,9,0,3,0,0,0,0,0,0,0,0,0,0,0,0,0,0,0,0,0,0,0,0,0,0,0,0,0,0,0,161,0,7,0,0,0,1,0,0,0,0,42,406,25,28,0,36,0,27,0,12,102,49,0,0,0,0,0,0,0,0,0,0,0,0,0,0,0,0,0,0,0,0,0,0,0,8,0,0,16,0,0,0,101,242,305,0,0,0,0
19,2,217,0,218,531,0,0,0,0,20,282,45,42,0,263,40,0,279,183,599,191,257,27,63,0,130,24,0,0,324,55,123,25,85,46,129,29,0,0,0,0,0,0,13,0,0,0,0,0,23,0,0,0,46,0,0,0,0,0,0,0,5,0,0,0,0,0,0,0,0,0,1,0,0,0,0,0,0,0,0,0,0,0,5,0,0,0,0,0,13,0,0,0,0,0,0,0,0,0,0,0,0,0,0,0,0,0,0,0,0,0,0,0,0,0,0,0,0,0,0,0,0,0,3,0,0,0,0,0,0,0,0,0,169,0,0,0,0,0,0,0,46,0,0,0,0,0,53,0,18,0,0,0,4,0,3,0,0,0,7,0,0,0,16,0,82,0,14,1,8,0,24,0,3,0,33,48,15,5,0,0,12,0,14,0,0,0,0,0,0,0,0,0,0,0,0,0,65,0,131,0,0,0,0,0,10,0,26,1,117,98,154,0,35,0,0,0,0,0,0,0,0,0,0
107,14,97,267,306,129,0,34,0,7,316,10,74,1,263,0,38,64,43,270,88,387,135,561,35,35,0,69,0,48,46,224,70,518,2,88,15,316,12,142,0,1,0,0,0,0,0,0,0,0,0,0,0,0,3,154,0,12,0,0,0,0,0,29,0,0,0,0,0,0,0,3,0,0,0,7,0,13,0,0,0,84,0,0,0,183,0,0,0,0,0,0,0,0,0,0,0,125,0,106,0,0,0,0,0,0,0,0,0,0,0,0,0,0,0,0,0,0,0,0,0,0,0,21,0,0,0,0,0,0,0,0,0,0,0,219,0,107,0,10,0,34,0,259,0,0,0,0,0,18,0,0,0,13,0,22,0,0,0,0,0,0,0,0,0,36,0,248,0,47,0,0,0,156,0,0,64,30,30,19,0,0,7,3,0,3,0,0,0,0,0,0,0,0,0,0,0,0,0,0,0,0,0,0,0,0,0,0,0,0,0,0,0,0,142,0,0,0,353,97,440,85,0,0,0
99,74,160,33,42,61,30,0,17,0,54,40,0,0,40,38,0,9,91,0,278,0,34,61,175,8,299,0,208,7,221,0,130,6,166,0,51,13,162,11,0,0,58,0,52,0,0,0,0,0,33,0,75,0,22,0,18,0,0,0,15,0,406,6,0,0,0,0,0,0,6,0,0,0,0,0,0,0,0,0,0,0,0,0,78,0,0,1,0,0,48,0,0,0,0,0,211,0,0,0,10,0,0,0,0,0,71,0,0,0,0,0,0,0,0,0,0,0,0,0,0,0,31,0,0,0,0,0,106,0,0,0,26,0,37,0,98,0,29,0,18,0,379,0,0,0,0,0,0,0,0,0,0,0,36,0,0,0,18,0,12,0,0,0,0,0,2,0,0,0,6,0,37,1,0,0,80,0,0,0,0,0,4,0,0,0,0,0,0,0,0,0,0,0,0,0,0,0,16,0,85,0,0,0,0,0,0,0,0,0,12,55,49,0,0,0,0,0,2,0,0,0,0,0,0
90,104,40,104,0,23,29,75,0,7,0,0,0,0,0,64,9,0,0,29,0,74,26,50,92,151,0,27,0,29,0,15,0,19,0,14,0,5,0,27,0,0,0,13,0,0,0,0,0,0,0,7,4,34,10,29,0,38,0,0,0,13,7,202,0,0,0,1,0,0,0,0,0,0,0,0,0,0,0,0,0,23,0,0,0,66,0,0,0,0,0,0,0,0,0,0,0,31,0,26,0,0,0,0,0,0,0,0,0,0,0,0,0,0,0,0,0,0,0,0,0,7,0,0,0,0,0,0,0,12,0,0,0,9,0,0,0,0,0,60,0,48,0,237,0,0,0,0,0,0,0,0,0,0,0,39,0,0,0,7,0,9,0,0,0,0,0,0,0,1,0,2,1,22,0,0,0,37,0,7,0,0,0,6,0,0,0,0,0,0,0,0,0,0,0,0,0,0,0,0,0,5,0,0,0,0,0,0,0,0,0,0,0,0,0,0,0,0,0,29,31,6,0,0,0
20,0,229,0,134,146,0,0,15,0,20,57,70,499,279,43,91,0,0,407,235,66,214,0,83,0,147,300,2,0,23,16,0,0,176,19,24,4,0,0,6,27,89,33,3,0,33,42,0,0,242,0,7,0,0,0,0,0,0,0,3,0,0,0,2,0,0,0,0,0,0,0,0,0,0,0,0,0,0,0,0,0,0,0,0,0,0,0,0,0,71,0,0,0,0,0,0,0,0,0,0,0,0,0,0,0,0,0,0,0,0,0,0,0,0,0,0,0,0,0,0,0,0,0,0,0,0,0,0,0,0,0,0,0,149,0,0,0,0,0,0,0,0,0,0,0,0,0,55,0,27,0,0,0,0,0,0,0,0,0,0,0,0,0,55,0,24,0,42,0,5,0,19,0,0,0,93,73,36,2,0,0,23,0,31,0,32,6,0,0,0,0,0,0,0,0,0,0,0,0,230,0,0,0,0,0,0,0,0,0,114,122,224,19,36,0,0,0,0,0,0,0,0,0,0
0,57,0,200,167,355,0,0,0,0,36,39,288,77,183,270,0,29,407,0,68,219,4,108,0,0,38,265,0,0,6,62,0,7,48,564,0,47,0,0,0,6,0,72,0,17,0,7,0,4,45,231,0,0,0,60,0,0,0,0,0,0,0,0,0,0,0,0,0,0,0,0,0,0,0,0,0,0,0,0,0,0,0,0,0,0,0,0,0,0,0,0,0,0,0,0,0,0,0,0,0,0,0,0,0,0,0,0,0,0,0,0,0,0,0,0,0,0,0,0,0,25,0,0,0,15,0,0,0,0,0,0,0,0,0,210,0,148,0,0,0,21,0,0,0,0,0,83,0,112,0,39,0,0,0,0,0,0,0,0,0,0,0,0,0,179,0,35,0,0,0,23,1,28,0,0,40,96,72,4,0,0,0,0,0,23,2,30,0,0,0,2,0,0,0,0,0,0,0,0,0,0,0,0,0,0,0,0,0,48,0,0,0,0,43,0,0,0,145,132,155,45,0,0,0
13,0,253,0,400,152,9,0,0,0,74,62,125,74,599,88,278,0,235,68,0,57,212,12,80,0,190,62,11,0,34,21,5,7,29,15,7,0,0,0,0,0,47,0,31,2,0,0,2,0,22,0,7,0,0,0,0,0,0,0,0,0,45,0,0,0,0,0,0,0,0,0,0,0,0,0,0,0,0,0,0,0,0,0,0,0,0,0,0,0,0,0,0,0,0,0,0,0,0,0,0,0,0,0,0,0,0,0,0,0,0,0,0,0,0,0,0,0,0,0,0,0,0,0,0,0,0,0,0,0,0,0,0,0,0,0,0,0,0,0,0,0,0,0,0,0,0,0,0,0,0,0,0,0,9,0,0,0,0,0,4,0,1,0,0,0,17,0,17,0,0,0,14,0,0,0,15,6,11,0,0,1,7,0,0,0,9,3,0,0,0,0,0,0,0,0,0,0,0,0,0,0,0,0,0,0,0,0,0,0,144,131,75,9,31,0,0,0,0,0,0,0,0,0,0
0,0,18,36,129,151,0,0,0,0,78,76,64,23,191,387,0,74,66,219,57,0,37,439,0,32,0,224,0,83,12,93,15,52,7,102,5,34,0,3,0,0,0,84,0,16,0,11,0,0,6,65,0,5,0,9,0,42,0,0,0,0,0,47,0,0,0,0,0,0,0,0,0,0,0,18,0,0,0,0,0,0,0,0,0,310,0,0,0,0,0,0,0,0,0,0,0,101,0,103,0,0,0,2,0,0,0,0,0,0,0,0,0,0,0,0,0,0,0,0,0,106,0,53,0,0,0,0,0,0,0,0,0,0,0,0,0,0,0,112,0,159,0,495,0,18,0,0,0,0,0,0,0,0,0,35,0,0,0,0,0,6,0,0,0,26,0,33,0,14,0,32,0,29,0,0,13,37,11,38,0,0,0,0,0,0,1,8,0,0,0,0,0,0,0,0,0,0,0,0,0,0,0,0,0,0,0,0,0,0,0,3,0,0,56,0,0,0,165,147,58,20,0,0,1
37,162,619,71,54,284,11,0,0,0,71,195,0,0,257,135,34,26,214,4,212,37,0,136,96,0,174,0,4,0,39,0,17,72,21,0,0,63,42,21,0,0,8,0,9,0,0,0,0,0,8,0,6,0,26,0,0,0,0,0,5,0,15,3,0,0,0,0,0,0,1,0,0,0,0,0,0,0,0,0,0,0,0,0,0,0,0,0,0,0,0,0,0,0,4,0,44,0,0,0,0,0,0,0,0,0,23,0,0,0,0,0,0,0,0,0,0,0,0,0,0,0,0,0,0,0,0,0,18,0,0,0,4,0,62,0,24,0,0,0,0,0,64,0,0,0,0,0,0,0,5,0,0,0,0,0,0,0,0,0,5,0,0,0,0,0,0,0,4,0,0,0,25,0,0,0,148,16,7,0,0,0,5,0,0,0,0,0,0,0,0,0,0,0,0,0,0,0,19,0,51,0,0,0,0,0,0,0,8,0,29,98,21,0,15,0,0,0,0,0,6,0,0,0,0
226,32,92,115,63,229,19,4,28,0,47,62,0,0,27,561,61,50,0,108,12,439,136,0,122,19,0,53,0,131,0,70,11,180,0,24,0,38,20,159,0,0,0,0,0,0,0,0,0,0,0,0,0,3,0,21,0,15,0,7,3,2,0,91,0,0,0,0,0,0,0,0,0,0,0,0,0,0,0,0,0,75,0,0,0,143,0,0,0,0,0,0,0,0,0,0,0,87,0,76,0,0,0,0,0,0,0,0,0,0,0,0,0,0,0,0,0,0,0,0,0,20,0,20,0,0,0,0,0,0,0,0,0,0,0,66,0,27,0,0,0,0,0,239,0,0,0,0,0,0,2,0,0,0,0,15,0,0,0,0,0,0,0,0,0,6,0,18,0,0,0,4,0,50,0,0,41,72,0,64,0,0,0,0,0,0,0,0,0,0,0,0,0,0,0,0,0,0,0,0,0,0,0,0,0,0,0,0,0,0,0,1,0,0,57,0,0,0,69,41,146,31,0,0,0
35,550,143,79,6,20,241,103,27,82,1,8,0,0,63,35,175,92,83,0,80,0,96,122,0,163,124,0,72,17,20,0,16,16,22,0,28,16,108,63,0,0,0,0,19,0,0,0,0,0,6,0,39,5,213,0,73,0,23,0,52,0,212,61,0,0,0,1,0,0,0,0,0,0,0,0,0,0,0,0,0,0,0,0,0,0,0,0,0,0,0,0,0,0,0,0,0,0,0,0,0,0,0,0,0,0,24,0,0,0,0,0,0,0,0,0,0,0,0,0,0,0,0,0,0,0,0,0,82,0,13,0,21,0,197,0,60,0,0,0,2,0,117,0,0,0,0,0,7,0,25,0,0,0,36,0,0,0,0,0,46,0,0,0,0,0,2,0,0,0,11,0,50,0,0,0,74,25,0,0,0,0,0,3,0,0,0,0,0,0,0,0,0,0,0,0,0,0,50,0,101,0,0,0,0,0,6,0,48,0,110,104,73,37,74,0,5,0,0,3,3,0,0,0,0
98,23,23,45,0,20,82,67,312,17,0,3,0,0,0,35,8,151,0,0,0,32,0,19,163,0,0,0,0,38,0,6,1,17,0,0,0,14,0,120,0,0,0,0,0,0,0,0,0,0,0,0,54,21,99,343,0,74,0,34,11,86,62,339,0,0,0,4,0,0,0,0,0,0,0,1,0,0,0,0,0,0,0,0,0,19,0,0,0,0,0,0,0,0,0,0,0,0,0,0,0,0,0,0,0,4,0,0,0,0,0,0,0,0,0,0,0,0,0,0,0,0,0,0,0,0,0,10,0,9,0,1,0,10,0,169,0,119,0,0,0,19,0,149,0,0,0,8,0,0,1,5,0,0,0,28,0,0,0,0,0,6,0,0,0,0,0,0,0,0,0,20,0,67,0,0,23,22,0,0,0,0,14,6,0,0,0,0,0,0,0,0,0,0,0,0,0,0,0,1,0,14,0,0,0,0,0,5,0,16,0,7,0,0,74,0,0,0,132,58,131,45,0,6,0
42,0,174,0,263,0,0,0,14,0,52,0,181,335,130,0,299,0,147,38,190,0,174,0,124,0,0,440,24,0,7,0,0,0,21,0,100,1,0,0,69,176,381,34,107,64,161,299,34,0,180,0,32,0,0,0,0,0,0,0,2,0,178,0,0,0,0,0,0,0,0,0,0,0,0,0,0,0,0,0,0,0,0,0,216,0,0,0,0,0,0,0,0,0,0,0,606,0,0,0,0,0,0,0,0,0,0,0,0,0,0,0,0,0,0,0,0,0,0,0,0,0,116,0,0,0,0,0,0,0,0,0,26,0,0,0,0,0,0,0,0,0,362,0,0,0,15,0,40,0,0,0,9,0,0,0,0,0,0,0,0,0,0,0,126,0,10,0,42,0,0,0,11,0,0,0,0,43,2,0,0,0,13,0,51,0,116,13,0,0,0,0,0,0,0,0,0,0,0,0,0,0,0,0,0,0,3,0,0,0,105,369,252,25,29,0,0,2,2,0,0,0,0,0,0
0,124,0,124,28,446,0,0,0,5,0,156,438,115,24,69,0,27,300,265,62,224,0,53,0,0,440,0,0,33,4,6,0,0,74,95,3,0,0,0,189,24,171,482,36,256,47,143,0,18,95,298,0,0,0,0,0,0,0,0,0,0,0,8,0,20,0,0,0,0,0,0,0,0,0,0,0,0,0,0,0,0,0,0,0,0,0,0,0,0,0,0,0,0,0,112,0,0,0,0,0,0,0,12,0,0,0,0,0,0,0,0,0,0,0,0,0,0,0,0,0,78,0,45,0,16,0,19,0,0,0,0,0,0,0,134,0,90,0,0,0,86,0,0,0,0,0,50,0,80,0,25,0,0,0,0,0,0,0,0,0,0,0,0,0,281,0,0,0,31,0,4,0,7,0,0,12,93,14,0,0,0,0,7,0,0,75,48,0,0,0,0,0,0,0,0,0,0,0,0,0,0,0,0,0,0,0,0,0,43,0,0,0,0,24,0,0,0,138,540,304,37,0,0,3
78,0,160,0,0,0,17,0,9,0,10,0,0,0,0,0,208,0,2,0,11,0,4,0,72,0,24,0,0,0,25,0,9,0,58,0,24,0,18,0,0,0,59,0,0,0,0,0,0,0,13,0,20,0,7,0,0,0,0,0,0,0,81,0,0,0,0,0,0,0,0,0,0,0,0,0,0,0,0,0,0,0,0,0,30,0,0,0,0,0,0,0,0,0,0,0,73,0,0,0,0,0,0,0,0,0,28,0,0,0,0,0,0,0,0,0,0,0,0,0,0,0,7,0,0,0,0,0,12,0,0,0,0,0,0,0,44,0,0,0,16,0,113,0,7,0,0,0,0,0,0,0,0,0,11,0,4,0,0,0,12,0,0,0,0,0,0,0,0,0,0,0,0,0,0,0,0,0,0,0,0,0,10,0,0,0,0,0,0,0,0,0,0,0,0,0,0,0,0,0,0,0,0,0,0,0,0,0,0,0,0,6,0,0,0,0,0,0,0,0,0,0,0,0,0
28,64,0,104,0,0,0,52,6,7,0,17,0,0,0,48,7,29,0,0,0,83,0,131,17,38,0,33,0,0,0,41,0,81,0,73,0,37,3,31,0,0,0,76,0,6,0,0,0,0,0,28,0,14,0,13,0,6,0,0,0,6,0,25,0,0,0,0,0,0,0,0,0,0,0,0,0,0,0,0,0,0,0,0,0,0,0,0,0,0,0,0,0,0,0,0,0,0,0,0,0,0,0,0,0,0,0,0,0,0,0,0,0,0,0,0,0,0,0,0,0,0,0,0,0,0,0,0,0,0,0,1,0,0,0,0,0,0,0,67,0,60,0,61,0,3,0,0,0,0,0,0,0,0,1,25,0,0,0,5,0,3,0,0,0,3,0,0,0,0,0,0,0,8,0,0,0,0,0,7,0,0,0,0,0,0,0,0,0,0,0,0,0,0,0,0,0,0,0,0,0,0,0,0,0,0,0,0,0,0,0,0,0,0,0,0,0,0,0,5,7,1,0,0,0
14,0,105,0,298,34,0,0,0,0,82,10,19,5,324,46,221,0,23,6,34,12,39,0,20,0,7,4,25,0,0,4,0,0,15,0,135,4,0,0,0,0,17,0,0,0,0,0,1,0,9,0,8,0,0,0,0,0,0,0,0,0,32,0,0,0,0,0,0,0,0,0,0,0,0,0,0,0,0,0,0,0,0,0,0,0,0,0,0,0,0,0,0,0,0,0,0,0,0,0,0,0,0,0,0,0,0,0,0,0,0,0,0,0,0,0,0,0,0,0,0,0,0,0,0,0,0,0,0,0,0,0,0,0,0,0,22,0,9,0,0,0,0,0,0,0,0,0,0,0,0,0,0,0,0,0,1,0,0,0,0,0,0,0,24,0,42,0,8,0,1,0,3,0,0,0,12,0,10,0,0,0,5,0,0,0,0,0,0,0,0,0,0,0,0,0,0,0,0,0,0,0,0,0,0,0,0,0,0,0,70,50,56,0,15,0,0,0,0,0,0,0,0,0,0
0,0,0,11,0,149,0,0,0,0,0,79,0,0,55,224,0,15,16,62,21,93,0,70,0,6,0,6,0,41,4,0,0,0,0,67,0,8,0,0,0,0,0,29,0,6,0,0,0,0,0,31,0,7,0,0,0,0,0,0,0,0,0,16,0,0,0,0,0,0,0,0,0,0,0,0,0,1,0,0,0,0,0,0,0,0,0,0,0,0,0,0,0,0,0,0,0,0,0,0,0,0,0,0,0,0,0,0,0,0,0,0,0,0,0,0,0,0,0,0,0,0,0,0,0,0,0,0,0,0,0,0,0,0,0,0,0,0,0,20,0,39,0,60,0,0,0,0,0,0,0,0,0,0,0,0,0,0,0,3,0,1,0,0,0,6,0,29,0,7,0,0,0,7,0,0,0,32,3,47,0,0,0,1,0,0,0,0,0,0,0,0,0,0,0,0,0,0,0,0,0,0,0,0,0,0,0,0,0,0,0,0,0,0,6,0,0,0,13,12,25,0,0,0,0
77,0,274,0,418,68,0,0,0,0,322,20,11,0,123,70,130,0,0,0,5,15,17,11,16,1,0,0,9,0,0,0,0,0,14,0,308,0,1,0,0,0,26,0,0,0,0,0,0,0,0,0,4,0,9,0,4,0,0,0,1,0,27,0,0,0,0,0,0,0,0,0,0,0,8,0,0,0,0,0,0,0,0,0,39,0,15,0,0,0,0,0,0,0,0,0,0,0,0,0,9,0,0,0,0,0,0,0,0,0,0,0,0,0,0,0,0,0,0,0,13,0,16,0,0,0,0,0,0,0,0,0,0,0,0,0,0,0,26,0,13,0,92,0,0,0,0,0,0,0,0,0,0,0,21,0,6,0,0,0,0,0,2,0,0,0,32,0,0,0,0,0,11,0,0,0,51,5,29,1,0,0,17,0,0,0,0,0,0,0,0,0,0,0,0,0,0,0,0,0,14,0,0,0,0,0,0,0,0,0,22,32,35,0,4,0,0,0,0,0,0,0,0,0,0
39,80,0,139,65,284,0,0,0,0,23,182,0,0,25,518,6,19,0,7,7,52,72,180,16,17,0,0,0,81,0,0,0,0,0,54,0,80,0,2,0,0,0,13,0,3,0,0,0,0,0,24,0,0,0,6,0,4,0,0,0,0,0,20,0,0,0,0,0,0,0,0,0,0,0,0,0,0,0,0,0,0,0,0,0,0,0,0,0,0,0,0,0,0,0,0,0,0,0,0,0,0,0,0,0,0,0,0,0,0,0,0,0,0,0,0,0,0,0,0,0,0,0,0,0,0,0,0,0,0,0,0,0,0,0,0,0,7,0,42,0,50,0,51,0,3,0,0,0,0,0,0,0,0,0,10,0,0,0,0,0,0,0,0,0,0,0,69,0,2,0,0,0,18,0,0,20,83,0,120,0,0,0,0,0,0,0,0,0,0,0,0,0,0,0,0,0,0,0,0,0,0,0,0,0,0,0,0,0,0,0,1,0,0,5,0,0,0,14,14,22,0,0,0,0
0,0,0,0,202,0,0,0,0,0,0,9,185,98,85,2,166,0,176,48,29,7,21,0,22,0,21,74,58,0,15,0,14,0,0,0,82,0,0,0,0,0,41,0,16,0,0,8,5,0,51,0,0,0,0,0,0,0,0,0,0,0,40,0,0,0,0,0,0,0,0,0,0,0,0,0,0,0,0,0,0,0,0,0,0,0,0,0,0,0,0,0,0,0,0,0,0,0,0,0,0,0,0,0,0,0,0,0,0,0,0,0,0,0,0,0,0,0,0,0,0,0,0,0,0,0,0,0,0,0,0,0,0,0,0,0,0,0,17,0,0,0,0,0,0,0,0,0,0,0,0,0,0,0,0,0,3,0,0,0,0,0,0,0,41,0,28,0,19,0,0,0,0,0,0,0,0,0,19,0,0,0,0,0,2,0,15,0,0,0,0,0,0,0,0,0,0,0,0,0,0,0,0,0,0,0,0,0,5,0,47,73,94,0,10,0,0,0,0,0,0,0,0,0,0
0,0,0,0,46,342,0,0,0,0,15,105,0,177,46,88,0,14,19,564,15,102,0,24,0,0,0,95,0,73,0,67,0,54,0,0,0,459,0,15,0,0,0,21,0,26,0,0,0,0,0,59,0,0,0,0,0,0,0,0,0,0,0,18,0,0,0,0,0,0,0,0,0,0,0,0,0,0,0,0,0,0,0,0,0,0,0,0,0,0,0,0,0,0,0,0,0,26,0,0,0,0,0,0,0,0,0,0,0,0,0,0,0,0,0,0,0,0,0,0,0,51,0,0,0,0,0,0,0,0,0,0,0,0,0,0,0,0,0,0,0,82,0,139,0,16,0,0,0,0,0,0,0,0,0,31,0,0,0,0,0,0,0,0,0,70,0,45,0,10,0,0,0,7,0,0,0,31,0,90,0,0,0,0,0,0,0,38,0,0,0,0,0,0,0,0,0,0,0,0,0,0,0,0,0,0,0,0,0,0,0,0,0,0,16,0,0,0,51,90,60,0,0,0,0
20,0,43,0,392,14,50,0,0,0,166,0,106,0,129,15,51,0,24,0,7,5,0,0,28,0,100,3,24,0,135,0,308,0,82,0,0,0,252,0,0,0,69,0,23,0,0,0,5,0,116,0,18,0,11,0,0,0,0,0,12,0,44,0,0,0,0,0,0,0,58,0,0,0,41,0,0,0,0,0,79,0,0,0,121,0,52,0,0,0,0,0,0,0,0,0,129,0,55,0,0,0,0,0,0,0,22,0,0,0,0,0,0,0,0,0,0,0,0,0,66,0,154,0,0,0,0,0,16,0,0,0,0,0,5,0,121,0,281,0,201,0,277,0,104,0,0,0,0,0,0,0,0,0,62,0,10,0,0,0,15,0,5,0,27,0,54,0,26,0,3,0,44,0,0,0,24,5,55,0,0,0,9,0,0,0,1,0,0,0,0,0,0,0,0,0,0,0,0,0,0,0,0,0,0,0,0,0,0,0,32,18,104,7,12,0,2,0,0,0,0,0,0,0,0
30,115,38,98,44,520,0,13,0,13,0,234,0,13,29,316,13,5,4,47,0,34,63,38,16,14,1,0,0,37,4,8,0,80,0,459,0,0,0,11,0,0,0,71,0,12,0,0,0,0,0,132,1,12,0,0,0,22,0,0,0,8,0,39,0,0,0,0,0,0,0,0,0,0,0,13,0,3,0,0,0,0,0,0,0,85,0,0,0,0,0,0,0,0,0,0,0,0,0,15,0,0,0,0,0,0,0,0,0,0,0,0,0,0,0,0,0,0,0,0,0,39,0,0,0,0,0,0,0,0,0,0,0,0,0,0,0,0,0,226,0,347,0,232,0,133,0,0,0,0,0,0,0,0,0,81,0,41,0,64,0,0,0,2,0,55,0,64,0,18,0,0,0,65,0,0,14,73,4,167,0,0,0,2,0,0,0,17,0,0,0,0,0,0,0,0,0,0,0,0,0,0,0,0,0,0,0,0,0,0,0,0,0,0,0,0,0,0,12,56,41,5,0,0,0
392,11,457,0,59,0,40,0,61,0,84,0,0,0,0,12,162,0,0,0,0,0,42,20,108,0,0,0,18,3,0,0,1,0,0,0,252,0,0,0,0,0,1,0,0,0,0,0,0,0,2,0,13,0,14,0,0,0,0,0,8,0,34,0,0,0,0,0,0,0,1,0,0,0,6,0,0,0,0,0,0,0,0,0,23,0,0,0,0,0,0,0,0,0,0,0,0,0,0,0,0,0,0,0,0,0,0,0,0,0,0,0,0,0,0,0,0,0,0,0,0,0,19,0,0,0,0,0,0,0,0,0,7,0,0,0,44,0,95,0,56,0,0,0,23,0,0,0,0,0,0,0,0,0,27,0,17,0,9,0,0,0,1,0,0,0,29,0,6,0,0,0,166,0,0,0,43,0,5,0,0,0,79,0,0,0,0,0,0,0,0,0,0,0,0,0,0,0,8,0,0,0,0,0,0,0,0,0,0,0,8,51,16,0,0,0,0,0,0,0,0,0,0,0,0
59,375,0,223,0,0,0,152,0,31,0,27,0,0,0,142,11,27,0,0,0,3,21,159,63,120,0,0,0,31,0,0,0,2,0,15,0,11,0,0,0,0,0,7,0,0,0,0,0,0,0,10,1,8,0,4,0,2,0,0,0,15,0,27,0,0,0,0,0,0,0,0,0,0,0,0,0,0,0,0,0,0,0,0,0,0,0,0,0,0,0,0,0,0,0,0,0,0,0,0,0,0,0,0,0,0,0,0,0,0,0,0,0,0,0,0,0,0,0,0,0,0,0,0,0,0,0,0,0,0,0,0,0,0,0,0,0,0,0,41,0,20,0,0,0,23,0,0,0,0,0,0,0,0,0,47,0,28,0,27,0,0,0,1,0,2,0,3,0,0,0,0,0,43,0,0,7,73,0,18,0,0,0,0,0,0,0,0,0,0,0,0,0,0,0,0,0,0,0,0,0,0,0,0,0,0,0,0,0,0,0,0,0,0,0,0,0,0,1,22,0,1,0,0,0
20,0,32,0,70,0,0,0,0,0,98,0,258,46,0,0,0,0,6,0,0,0,0,0,0,0,69,189,0,0,0,0,0,0,0,0,0,0,0,0,0,130,63,15,25,128,175,335,80,36,9,0,0,0,0,0,0,0,0,0,0,0,0,0,0,0,0,0,0,0,0,0,0,0,0,0,0,0,0,0,0,0,0,0,0,0,0,0,0,0,0,0,0,0,0,0,0,0,0,0,0,0,0,0,0,0,0,0,0,0,0,0,0,0,0,0,0,0,0,0,0,0,0,0,0,0,0,0,0,0,0,0,0,0,0,0,0,0,0,0,0,0,0,0,0,0,4,0,4,0,5,0,0,0,0,0,0,0,0,0,0,0,0,0,0,0,0,0,0,0,0,0,0,0,0,0,0,61,22,0,2,0,4,0,0,0,234,0,0,0,0,0,0,0,0,0,0,0,0,0,0,0,0,0,0,0,0,0,0,0,0,108,0,0,0,0,0,30,0,0,0,0,0,0,0
0,32,0,9,5,54,0,0,0,0,0,89,46,183,0,1,0,0,27,6,0,0,0,0,0,0,176,24,0,0,0,0,0,0,0,0,0,0,0,0,130,0,44,7,89,100,116,300,0,162,16,0,0,0,0,0,0,0,0,0,0,0,0,0,0,0,0,0,0,0,0,0,0,0,0,0,0,0,0,0,0,0,0,0,0,0,0,0,0,0,0,0,0,0,0,0,0,0,0,0,0,0,0,0,0,0,0,0,0,0,0,0,0,0,0,0,0,0,0,0,0,0,0,0,0,0,0,0,0,0,0,0,0,0,0,0,0,0,0,0,0,0,0,0,0,0,0,0,0,0,0,0,0,29,0,0,0,0,0,0,0,0,0,0,0,10,0,0,0,0,0,0,0,0,0,0,1,224,0,20,0,36,0,0,0,0,68,17,0,0,0,0,0,0,0,0,0,0,0,0,0,0,0,0,0,0,0,0,0,0,0,8,0,0,0,0,0,0,0,22,12,0,0,0,4
0,0,19,0,24,0,0,0,8,0,15,0,373,72,0,0,58,0,89,0,47,0,8,0,0,0,381,171,59,0,17,0,26,0,41,0,69,0,1,0,63,44,0,0,388,26,78,135,78,0,27,0,6,0,0,0,0,0,0,0,0,0,0,0,0,0,0,0,0,0,15,0,0,0,0,0,0,0,0,0,0,0,0,0,0,0,0,0,0,0,0,0,0,0,0,0,0,0,0,0,0,0,0,0,0,0,0,0,0,0,0,0,0,0,0,0,0,0,0,0,15,0,24,0,0,0,0,0,0,0,0,0,0,0,0,0,0,0,29,0,0,0,0,0,12,0,0,0,0,0,0,0,0,0,0,0,0,0,0,0,10,1,10,0,59,0,32,0,24,0,7,0,18,0,0,0,0,17,14,0,5,0,6,0,0,0,235,3,0,0,0,0,0,0,0,0,0,0,0,0,0,0,0,0,3,0,0,0,0,0,72,120,107,0,18,0,0,8,0,0,0,0,0,0,0
0,0,0,0,0,0,0,4,0,0,0,18,40,172,0,0,0,13,33,72,0,84,0,0,0,0,34,482,0,76,0,29,0,13,0,21,0,71,0,7,15,7,0,0,6,160,9,97,0,23,11,124,0,0,0,10,0,0,0,0,0,0,0,27,0,0,0,0,0,0,0,8,0,0,0,14,0,0,0,0,0,0,0,0,0,0,0,0,0,0,0,0,0,0,0,0,0,0,0,0,0,0,0,0,0,0,0,0,0,0,0,0,0,0,0,0,0,0,0,0,0,0,0,49,0,0,0,0,0,0,0,0,0,0,0,0,0,0,0,102,0,203,0,207,0,32,0,0,0,0,0,0,0,0,0,36,0,0,0,0,0,0,0,1,0,101,0,17,0,8,0,12,0,19,0,0,0,179,1,11,0,0,0,0,0,0,13,168,0,0,0,0,0,0,0,0,0,0,0,0,0,0,0,0,0,0,0,0,0,0,0,0,0,0,23,0,0,0,93,147,64,0,0,0,0
0,0,28,0,29,0,0,0,0,0,23,0,37,13,13,0,52,0,3,0,31,0,9,0,19,0,107,36,0,0,0,0,0,0,16,0,23,0,0,0,25,89,388,6,0,42,154,150,266,33,55,0,4,0,5,0,0,0,0,1,0,0,57,0,2,0,0,0,0,0,13,0,6,0,0,0,7,0,0,0,25,0,35,0,96,0,19,0,0,0,0,0,0,0,43,0,145,0,0,0,11,0,6,0,0,0,0,0,0,0,0,0,0,0,0,0,0,0,0,0,0,0,0,0,0,0,0,0,0,0,0,0,0,0,0,0,0,0,0,0,0,0,129,0,4,0,0,0,0,0,0,0,0,0,0,0,0,0,0,0,9,0,16,0,108,0,32,0,75,0,9,0,49,0,0,0,0,45,4,0,0,0,0,0,0,0,105,0,0,0,11,0,0,0,0,0,0,0,0,0,28,0,0,0,0,0,0,0,0,0,79,432,301,21,8,0,0,53,0,0,0,0,0,0,0
0,11,0,26,2,18,0,0,0,0,0,13,17,55,0,0,0,0,0,17,2,16,0,0,0,0,64,256,0,6,0,6,0,3,0,26,0,12,0,0,128,100,26,160,42,0,111,225,0,163,5,86,0,0,0,5,0,14,0,0,0,1,0,3,0,0,0,0,0,0,0,0,0,0,0,3,0,6,0,2,0,16,0,0,0,0,0,0,0,7,0,0,0,1,0,23,0,0,0,0,0,0,0,13,0,0,1,0,0,0,0,0,0,0,0,0,0,0,0,0,0,0,0,0,0,0,0,1,0,0,0,2,0,0,0,0,0,13,0,13,0,0,0,50,0,9,0,0,0,6,0,0,0,0,0,0,0,0,0,0,0,0,0,2,0,264,0,15,0,66,0,12,0,26,0,0,0,90,0,0,0,0,0,0,0,0,51,89,0,0,0,0,0,0,0,0,0,0,0,0,0,0,0,0,0,0,0,0,0,9,0,0,2,0,19,0,0,0,73,356,394,10,0,0,63
33,0,65,0,158,0,0,0,4,0,130,0,312,0,0,0,0,0,33,0,0,0,0,0,0,0,161,47,0,0,0,0,0,0,0,0,0,0,0,0,175,116,78,9,154,111,0,273,166,64,0,0,0,0,0,0,0,0,2,0,0,0,0,0,0,0,0,0,0,0,0,0,0,0,0,0,0,0,0,0,0,0,0,0,0,0,1,0,0,0,0,0,0,0,0,0,0,0,0,0,0,0,0,0,0,0,0,0,0,0,0,0,0,0,0,0,0,0,0,0,0,0,0,0,0,0,0,0,0,0,1,0,0,0,1,0,0,0,0,0,0,0,0,0,0,0,5,0,9,0,0,0,0,0,0,0,0,0,0,0,0,0,0,0,0,0,0,0,0,0,0,0,0,0,0,0,6,81,6,0,5,0,10,0,7,0,204,3,0,0,0,0,0,0,0,0,0,0,0,0,0,0,0,0,0,0,0,0,0,0,0,357,49,0,0,0,0,79,0,0,1,0,0,0,3
0,64,0,26,0,107,0,0,0,0,0,121,98,233,0,0,0,0,42,7,0,11,0,0,0,0,299,143,0,0,0,0,0,0,8,0,0,0,0,0,335,300,135,97,150,225,273,0,15,190,23,0,0,0,0,0,0,0,0,0,0,0,0,0,0,0,0,0,0,1,0,0,0,0,0,0,0,0,0,0,0,0,0,0,0,0,0,0,0,0,0,0,0,0,0,0,0,0,0,0,0,0,0,0,0,0,0,0,0,0,0,0,0,0,0,0,0,0,0,0,0,0,0,0,0,0,0,0,0,0,0,0,0,0,0,13,0,0,0,0,0,0,0,0,0,0,0,0,0,0,0,0,0,0,0,0,0,0,0,0,0,0,0,0,6,12,0,0,0,0,0,0,0,0,0,4,0,175,0,3,0,0,0,1,0,0,129,14,0,0,0,0,0,0,0,0,0,0,0,0,0,4,0,0,0,0,0,0,0,11,0,7,0,0,0,0,0,0,0,193,34,0,0,0,22
31,0,39,0,12,0,101,0,65,0,13,0,25,0,0,0,0,0,0,0,2,0,0,0,0,0,34,0,0,0,1,0,0,0,5,0,5,0,0,0,80,0,78,0,266,0,166,15,0,39,9,0,5,0,20,0,45,0,28,0,0,0,6,0,0,0,5,0,2,0,2,0,0,0,0,0,1,0,0,0,5,0,22,0,8,0,4,0,0,0,0,0,19,0,15,0,15,0,0,0,0,0,47,0,1,0,0,0,0,0,0,0,1,0,0,0,0,0,0,0,0,0,0,0,0,0,0,0,0,0,3,0,1,0,9,0,0,0,0,0,0,0,11,0,0,0,0,0,5,0,0,0,0,0,0,0,0,0,0,0,22,1,6,0,9,0,20,0,19,0,7,0,30,0,0,0,11,16,23,0,8,1,0,0,2,0,215,0,7,0,0,0,13,0,29,1,8,0,22,0,13,0,22,0,11,0,0,0,7,0,89,74,141,12,31,20,4,50,0,2,14,0,0,0,2
0,3,0,0,0,7,0,1,0,0,2,20,3,24,0,0,0,0,0,4,0,0,0,0,0,0,0,18,0,0,0,0,0,0,0,0,0,0,0,0,36,162,0,23,33,163,64,190,39,0,0,4,0,0,0,3,0,0,0,0,0,0,0,0,0,1,0,0,0,1,0,0,0,0,0,0,0,0,0,0,0,0,0,0,0,0,0,0,0,0,0,0,0,0,0,0,0,0,0,0,0,0,0,1,0,0,0,0,0,0,0,0,0,0,0,0,0,0,0,0,0,0,0,0,0,0,0,0,0,0,0,0,0,0,0,0,0,0,0,0,0,0,0,0,0,0,0,2,0,1,0,3,0,0,0,1,0,0,0,0,0,0,0,0,0,16,0,7,0,5,0,2,0,6,0,0,0,240,0,6,0,0,0,0,0,0,56,72,0,0,0,0,0,0,0,0,0,0,0,0,0,0,0,0,0,1,0,0,0,0,0,4,0,0,4,0,0,6,25,45,17,5,0,0,11
6,0,8,0,135,0,16,0,6,0,19,0,452,93,23,0,33,0,242,45,22,6,8,0,6,0,180,95,13,0,9,0,0,0,51,0,116,0,2,0,9,16,27,11,55,5,0,23,9,0,0,0,7,0,0,0,0,0,0,0,0,0,20,0,0,0,0,0,0,0,24,0,4,0,11,0,0,0,0,0,0,0,0,0,60,0,14,0,0,0,0,0,0,0,0,0,107,0,37,0,0,0,0,0,0,0,0,0,0,0,0,0,0,0,0,0,0,0,0,0,29,0,33,0,0,0,0,0,0,0,0,0,0,0,0,0,0,0,4,0,7,0,55,0,17,0,0,0,0,0,0,0,0,0,8,0,0,0,16,0,18,0,0,0,62,0,24,0,76,0,12,0,24,0,0,0,10,0,39,1,0,0,0,0,0,0,96,1,0,0,0,0,0,0,0,0,0,0,6,0,0,0,0,0,0,0,0,0,0,0,38,61,75,0,16,1,0,0,2,0,0,0,0,0,0
0,0,0,0,0,105,0,0,0,0,0,16,0,247,0,0,0,7,0,231,0,65,0,0,0,0,0,298,0,28,0,31,0,24,0,59,0,132,0,10,0,0,0,124,0,86,0,0,0,4,0,0,0,3,0,0,0,27,0,4,0,0,0,11,0,0,0,0,0,0,0,5,0,0,0,7,0,8,0,0,0,0,0,11,0,94,0,34,0,0,0,0,0,2,0,0,0,12,0,0,0,0,0,6,0,0,0,0,0,0,0,0,0,0,0,0,0,0,0,0,0,67,0,38,0,0,0,0,0,0,0,0,0,0,0,0,0,0,0,32,0,74,0,113,0,29,0,0,0,0,0,0,0,0,0,44,0,0,0,0,0,0,0,0,0,27,0,9,0,23,0,13,0,30,0,0,0,64,0,15,0,0,0,0,0,2,2,174,0,0,0,0,0,0,0,0,0,0,0,0,0,0,0,0,0,0,0,0,0,0,0,0,0,0,11,0,0,0,69,55,51,12,2,0,0
29,21,11,2,0,0,126,32,548,95,0,0,0,0,0,0,75,4,7,0,7,0,6,0,39,54,32,0,20,0,8,0,4,0,0,0,18,1,13,1,0,0,6,0,4,0,0,0,5,0,7,0,0,12,307,33,150,3,60,9,188,7,52,11,0,0,12,40,0,0,0,0,0,0,0,0,0,0,0,0,0,0,0,0,29,0,0,0,0,0,9,0,0,0,0,0,57,0,0,0,2,0,2,0,0,0,0,0,0,0,0,0,0,0,0,0,0,0,0,0,0,0,10,0,0,0,0,0,171,0,0,0,24,0,21,0,111,0,158,0,47,0,207,0,11,0,2,0,0,0,3,0,0,0,133,0,184,1,86,0,40,0,2,0,0,0,0,0,10,0,90,0,8,0,0,0,112,6,0,0,0,0,3,0,34,5,0,0,0,0,0,0,0,0,0,0,0,0,4,0,26,0,0,0,0,0,0,0,3,0,11,0,112,31,12,0,12,0,0,2,0,0,0,0,0
0,1,0,7,0,0,27,85,90,197,0,0,0,0,0,0,0,34,0,0,0,5,0,3,5,21,0,0,0,14,0,7,0,0,0,0,0,12,0,8,0,0,0,0,0,0,0,0,0,0,0,3,12,0,33,171,4,61,39,64,0,144,0,72,0,0,30,138,0,0,0,0,0,0,0,0,0,0,0,0,0,6,0,0,0,14,0,0,0,0,0,0,0,0,0,0,0,0,0,0,0,0,0,0,0,0,0,0,0,0,0,0,0,0,0,0,0,0,0,0,0,0,0,1,0,3,0,0,0,12,0,2,0,13,0,13,0,25,0,169,0,83,0,157,0,8,0,0,0,0,0,0,0,0,0,121,2,146,0,73,0,8,0,0,0,0,0,2,0,0,0,17,0,10,0,0,6,76,0,0,0,0,0,17,0,89,0,0,0,0,0,0,0,0,0,0,0,0,0,0,0,0,0,0,0,0,0,0,0,0,0,1,0,0,5,0,0,0,0,2,14,4,0,0,0
11,44,85,0,0,0,499,83,194,220,0,0,0,0,46,3,22,10,0,0,0,0,26,0,213,99,0,0,7,0,0,0,9,0,0,0,11,0,14,0,0,0,0,0,5,0,0,0,20,0,0,0,307,33,0,77,62,5,58,0,38,20,38,37,5,0,0,41,0,0,0,0,0,0,0,0,0,0,0,0,0,0,0,0,4,0,0,0,0,0,0,0,0,0,0,0,9,0,0,0,0,0,0,0,0,0,0,0,0,0,0,0,0,0,0,0,0,0,0,0,0,0,0,0,0,0,0,0,72,0,6,0,0,0,35,1,21,0,16,0,0,0,51,0,1,0,0,0,0,0,0,0,0,0,62,0,4,0,19,0,30,0,0,0,0,0,0,0,11,0,122,0,14,0,0,0,29,15,0,0,0,0,2,1,17,13,0,0,0,0,0,0,0,0,0,0,0,0,0,0,23,0,0,0,0,0,2,0,17,0,116,37,300,221,140,0,27,4,11,4,0,0,0,0,0
0,30,0,119,0,77,35,434,216,215,0,2,0,0,0,154,0,29,0,60,0,9,0,21,0,343,0,0,0,13,0,0,0,6,0,0,0,0,0,4,0,0,0,10,0,5,0,0,0,3,0,0,33,171,77,0,13,212,91,34,0,27,4,111,0,9,60,41,0,0,0,0,0,0,0,0,0,0,0,0,0,0,0,0,0,0,0,0,0,0,0,0,0,0,0,0,0,6,0,1,0,0,0,0,0,0,0,0,0,0,0,0,0,0,0,0,0,0,0,0,0,0,0,0,0,6,0,0,0,11,0,19,0,9,0,33,0,44,0,12,0,13,0,54,0,0,0,0,0,1,0,0,0,0,0,22,0,10,0,5,0,21,0,0,0,7,0,0,0,31,0,90,0,56,0,0,11,17,0,0,0,0,0,13,6,38,0,0,0,0,0,0,0,0,0,0,0,0,0,0,0,0,0,0,0,0,0,0,0,5,0,3,0,0,221,0,0,0,301,35,432,500,11,40,1
3,0,16,0,6,0,74,0,44,0,0,0,0,0,0,0,18,0,0,0,0,0,0,0,73,0,0,0,0,0,0,0,4,0,0,0,0,0,0,0,0,0,0,0,0,0,0,0,45,0,0,0,150,4,62,13,0,0,250,53,6,0,4,0,4,16,40,80,0,0,0,0,0,0,0,0,0,0,0,0,0,0,0,0,0,0,0,0,0,0,0,0,0,0,0,0,0,0,0,0,0,0,0,0,0,0,0,0,0,0,0,0,0,0,0,0,0,0,0,0,0,0,0,0,3,0,27,0,45,0,26,1,1,0,24,0,5,0,8,0,1,0,9,0,9,0,12,0,0,0,13,0,0,0,188,33,20,0,27,0,64,0,29,0,0,0,0,0,53,0,191,0,6,0,0,4,8,0,0,0,41,3,0,0,0,13,0,0,0,0,0,0,0,0,0,0,0,0,0,0,0,0,0,0,0,0,1,0,39,0,303,37,580,369,540,2,80,8,0,0,1,0,0,0,0
0,0,0,0,0,14,0,31,10,11,0,0,0,0,0,12,0,38,0,0,0,42,0,15,0,74,0,0,0,6,0,0,0,4,0,0,0,22,0,2,0,0,0,0,0,14,0,0,0,0,0,27,3,61,5,212,0,0,15,304,0,9,0,36,0,9,11,20,0,0,0,0,0,0,0,0,0,0,0,0,0,0,0,0,0,4,0,0,0,0,0,0,0,1,0,0,0,0,0,0,0,0,0,0,0,0,0,0,0,0,0,0,0,0,0,0,0,0,0,0,0,0,0,0,0,15,0,17,0,44,0,13,0,51,0,71,0,68,0,47,0,24,0,65,0,0,0,0,0,3,0,0,0,0,3,162,0,9,2,31,0,63,0,0,0,9,0,0,0,37,0,266,0,49,0,4,1,0,0,0,4,0,0,0,6,31,0,0,0,0,0,0,0,0,0,0,0,0,0,0,0,0,0,0,0,0,0,0,0,16,0,0,0,0,288,0,0,0,188,25,493,396,21,24,0
3,0,20,0,2,0,109,0,94,49,0,0,3,0,0,0,0,0,0,0,0,0,0,0,23,0,0,0,0,0,0,0,0,0,0,0,0,0,0,0,0,0,0,0,0,0,2,0,28,0,0,0,60,39,58,91,250,15,0,99,0,0,0,0,228,17,79,244,0,0,0,0,0,0,0,0,0,0,0,0,0,0,0,0,0,0,0,0,0,0,0,0,0,0,0,0,0,0,0,0,0,0,0,0,1,0,0,0,0,0,0,0,0,0,0,0,0,0,0,0,0,0,0,0,2,0,3,0,4,0,10,1,0,0,4,0,1,0,3,0,0,0,0,0,5,1,3,0,0,0,6,0,0,0,37,21,117,0,0,0,43,3,0,0,1,0,0,0,18,0,32,0,0,0,0,0,53,0,0,0,58,0,0,2,77,73,0,0,0,0,0,0,0,0,0,0,0,0,0,0,0,0,0,0,0,0,0,0,4,0,721,285,335,515,940,0,106,0,0,0,0,0,0,0,0
0,26,0,0,0,0,6,29,23,91,0,0,0,0,0,0,0,0,0,0,0,0,0,7,0,34,0,0,0,0,0,0,0,0,0,0,0,0,0,0,0,0,0,0,1,0,0,0,0,0,0,4,9,64,0,34,53,304,99,0,0,24,0,18,31,235,84,241,0,0,0,0,0,0,0,0,0,0,0,0,0,0,0,0,0,0,0,0,0,0,0,0,0,0,0,0,0,0,0,0,0,0,0,0,0,0,0,0,0,0,0,0,0,0,0,0,0,0,0,0,0,0,0,0,0,40,0,6,0,9,0,63,0,9,0,12,0,11,0,2,0,1,0,0,7,0,0,7,0,4,0,0,0,0,38,47,0,84,0,5,30,77,0,0,0,0,0,0,0,27,0,91,0,19,0,20,4,0,0,1,21,13,0,0,21,26,0,0,0,0,0,0,0,0,0,0,0,0,0,0,0,0,0,0,0,0,0,0,0,7,6,0,0,0,1063,0,0,0,987,249,555,653,60,61,0
165,0,43,0,0,0,128,0,364,0,4,1,1,0,0,0,15,0,3,0,0,0,5,3,52,11,2,0,0,0,0,0,1,0,0,0,12,0,8,0,0,0,0,0,0,0,0,0,0,0,0,0,188,0,38,0,6,0,0,0,0,0,62,0,0,0,0,0,0,0,0,0,0,0,0,0,0,0,0,0,0,0,0,0,0,0,0,0,0,0,0,0,0,0,0,0,1,0,0,0,0,0,0,0,0,0,0,0,0,0,0,0,0,0,0,0,0,0,0,0,0,0,0,0,0,0,0,0,0,0,0,0,0,0,0,0,15,0,113,0,70,0,23,0,52,0,0,0,0,0,0,0,0,0,66,0,80,0,11,0,0,0,0,0,0,0,4,0,5,0,158,0,134,0,0,0,72,0,0,0,0,0,23,0,0,0,0,0,0,0,0,0,0,0,0,0,0,0,0,0,0,0,0,0,0,0,0,0,0,0,17,4,59,41,18,0,3,0,0,0,0,0,0,0,0
6,109,0,23,0,3,20,142,32,298,0,0,0,0,0,0,0,13,0,0,0,0,0,2,0,86,0,0,0,6,0,0,0,0,0,0,0,8,0,15,0,0,0,0,0,1,0,0,0,0,0,0,7,144,20,27,0,9,0,24,0,0,0,57,0,0,0,46,0,0,0,0,0,0,0,5,0,0,0,0,0,0,0,0,0,0,0,0,0,0,0,0,0,0,0,0,0,0,0,0,0,0,0,0,0,0,0,0,0,0,0,0,0,0,0,0,0,0,0,0,0,0,0,0,0,0,0,0,0,0,0,0,0,0,0,0,0,7,0,60,0,84,0,41,0,97,0,0,0,0,0,1,0,0,0,49,0,315,0,51,0,0,0,0,0,3,0,0,0,5,0,45,0,103,0,0,0,134,0,0,0,0,0,77,0,37,0,0,0,0,0,0,0,0,0,0,0,0,0,0,0,0,0,0,0,0,0,0,0,0,0,0,0,0,8,0,0,0,9,52,58,22,0,0,0
177,0,83,14,0,0,302,27,360,0,0,0,0,0,5,0,406,7,0,0,45,0,15,0,212,62,178,0,81,0,32,0,27,0,40,0,44,0,34,0,0,0,0,0,57,0,0,0,6,0,20,0,52,0,38,4,4,0,0,0,62,0,0,5,0,0,0,0,0,0,0,0,0,0,0,0,0,0,0,0,0,0,0,0,9,0,0,0,0,0,4,0,0,0,0,0,7,0,0,0,0,0,0,0,0,0,0,0,0,0,0,0,0,0,0,0,0,0,0,0,0,0,2,0,0,0,0,0,9,0,0,0,0,0,0,0,20,0,45,0,15,0,42,0,5,0,0,0,0,0,0,0,0,0,38,0,7,0,11,0,3,0,0,0,0,0,0,0,1,0,9,0,0,1,0,0,93,19,0,0,0,0,7,1,0,0,0,0,0,0,0,0,0,0,0,0,0,0,0,0,0,0,0,0,0,0,0,0,2,0,7,13,7,8,5,0,1,0,0,1,0,0,0,0,0
30,178,11,135,0,0,48,440,132,314,0,0,0,1,0,29,6,202,0,0,0,47,3,91,61,339,0,8,0,25,0,16,0,20,0,18,0,39,0,27,0,0,0,27,0,3,0,0,0,0,0,11,11,72,37,111,0,36,0,18,0,57,5,0,0,0,2,16,0,0,0,0,0,0,0,0,0,0,0,0,0,1,0,0,0,14,0,0,0,0,0,0,0,0,0,0,0,0,0,0,0,0,0,0,0,0,0,0,0,0,0,0,0,0,0,0,0,0,0,0,0,0,0,0,0,0,0,0,0,2,0,0,0,0,0,0,0,5,0,39,0,43,0,45,0,0,0,0,0,0,0,2,0,0,0,21,0,18,0,7,0,0,0,0,0,0,0,0,0,2,0,5,0,8,0,0,18,189,0,0,0,0,0,89,0,16,0,0,0,0,0,0,0,0,0,0,0,0,0,0,0,0,0,0,0,0,0,0,0,0,0,0,0,0,6,0,0,0,7,16,21,5,0,0,0
5,0,7,0,6,0,49,0,119,0,0,0,0,0,0,0,0,0,2,0,0,0,0,0,0,0,0,0,0,0,0,0,0,0,0,0,0,0,0,0,0,0,0,0,2,0,0,0,0,0,0,0,0,0,5,0,4,0,228,31,0,0,0,0,0,36,299,21,0,0,15,2,4,0,0,1,0,0,0,0,0,0,0,0,0,0,0,0,0,0,0,0,0,0,0,0,0,0,0,0,0,0,0,0,0,0,0,0,0,0,0,0,0,0,0,0,0,0,0,0,0,0,0,0,6,0,0,0,1,0,11,0,0,0,0,0,0,0,25,0,6,0,0,0,53,22,34,0,19,0,17,0,1,0,12,38,6,1,17,44,380,94,8,0,0,0,0,0,0,0,1,0,0,0,0,16,7,0,0,0,172,42,0,0,115,16,0,0,0,0,0,0,0,0,0,0,0,0,0,0,0,0,0,0,0,0,0,0,2,0,29,3,11,0,54,0,2,0,1,0,0,0,0,0,0
0,41,0,0,0,3,1,4,0,120,0,17,0,0,0,0,0,0,0,0,0,0,0,0,0,0,0,20,0,0,0,0,0,0,0,0,0,0,0,0,0,0,0,0,0,0,0,0,0,1,0,0,0,0,0,9,16,9,17,235,0,0,0,0,36,0,11,486,0,0,0,32,3,0,0,15,0,0,2,0,0,0,0,0,0,0,0,0,0,0,0,0,0,0,1,0,0,0,0,0,0,0,0,0,0,0,0,0,0,0,0,0,0,0,0,0,0,0,0,0,0,0,0,8,0,20,0,5,14,0,0,103,2,0,0,0,0,1,0,16,0,6,0,0,21,71,0,30,84,235,0,14,0,5,24,30,0,0,0,23,112,368,3,11,0,0,0,0,0,0,0,0,0,1,8,36,0,0,0,1,57,85,0,30,28,64,0,0,0,0,0,0,0,0,0,0,0,0,0,0,0,0,0,0,0,0,0,8,0,23,6,0,5,0,51,0,0,0,54,7,0,0,0,0,0
4,0,0,0,0,0,52,0,191,35,0,0,0,0,0,0,0,0,0,0,0,0,0,0,0,0,0,0,0,0,0,0,0,0,0,0,0,0,0,0,0,0,0,0,0,0,0,0,5,0,0,0,12,30,0,60,40,11,79,84,0,0,0,2,299,11,0,92,0,0,0,0,0,0,0,0,0,0,0,0,0,0,0,0,0,0,0,0,0,0,0,0,0,0,0,0,0,0,0,0,0,0,0,0,0,0,0,0,0,0,0,0,0,0,0,0,0,0,0,0,0,0,0,0,3,0,0,0,0,0,0,0,0,0,1,0,0,0,0,0,0,0,0,0,8,0,4,0,18,0,0,0,0,0,12,10,41,0,0,0,154,2,0,0,0,0,0,0,0,0,0,0,0,0,0,0,114,0,0,0,111,0,1,0,618,37,0,0,0,0,0,0,0,0,0,0,0,0,0,0,0,0,0,0,0,0,0,0,1,0,129,73,26,0,136,0,7,0,2,3,0,0,0,0,0
0,22,0,0,0,0,0,23,104,304,0,3,0,0,0,0,0,1,0,0,0,0,0,0,1,4,0,0,0,0,0,0,0,0,0,0,0,0,0,0,0,0,0,0,0,0,0,0,0,0,0,0,40,138,41,41,80,20,244,241,0,46,0,16,21,486,92,0,0,0,0,0,0,0,0,0,0,0,0,0,0,0,0,2,0,0,0,0,0,0,0,0,0,0,0,0,0,0,0,0,0,0,0,0,0,0,0,0,0,0,0,0,0,0,0,0,0,0,0,0,0,0,0,0,0,8,0,0,0,0,0,29,0,0,0,0,0,0,6,0,0,0,0,0,3,0,0,0,0,10,0,0,0,1,32,41,2,46,0,5,31,86,0,0,0,0,0,1,0,0,0,0,0,0,0,52,22,8,0,0,26,12,0,13,43,340,0,0,0,0,0,0,0,0,0,0,0,0,0,0,0,0,0,0,0,0,0,0,0,0,0,7,0,0,163,0,0,0,297,194,52,0,0,6,0
0,0,0,0,0,0,0,0,0,0,0,0,0,0,0,0,0,0,0,0,0,0,0,0,0,0,0,0,0,0,0,0,0,0,0,0,0,0,0,0,0,0,0,0,0,0,0,0,2,0,0,0,0,0,0,0,0,0,0,0,0,0,0,0,0,0,0,0,0,0,0,0,9,0,5,0,129,0,29,0,0,0,12,0,0,0,7,0,1,0,0,0,0,0,11,0,8,0,0,0,0,0,29,0,0,0,13,0,1,0,0,0,0,0,0,0,1,0,0,0,0,0,0,0,0,0,0,0,0,0,0,0,0,0,0,0,0,0,0,0,0,0,0,0,0,0,0,0,0,0,0,0,0,0,0,0,0,0,0,0,0,0,3,0,1,0,0,0,62,0,0,0,0,0,0,0,0,0,0,0,0,0,0,0,0,0,0,0,0,0,0,0,0,0,0,0,0,0,0,0,0,0,0,0,0,0,0,0,0,0,28,0,43,0,0,12,22,0,0,0,0,0,0,0,0
0,0,0,0,0,0,0,0,0,0,0,0,0,0,0,0,0,0,0,0,0,0,0,0,0,0,0,0,0,0,0,0,0,0,0,0,0,0,0,0,0,0,0,0,0,0,0,1,0,1,0,0,0,0,0,0,0,0,0,0,0,0,0,0,0,0,0,0,0,0,0,0,0,2,0,0,0,67,0,0,0,7,0,28,0,0,0,12,0,12,0,0,0,5,0,44,0,2,0,0,0,5,0,69,0,0,0,21,0,8,0,0,0,10,0,0,0,5,0,0,0,0,0,0,0,0,0,0,0,0,0,0,0,0,0,2,0,0,0,0,0,0,0,0,0,0,0,0,1,0,0,0,0,0,0,0,0,0,0,0,0,0,0,1,0,8,0,0,0,70,0,0,0,0,0,0,0,0,0,0,0,0,0,0,0,0,0,0,0,0,0,0,0,0,0,25,0,0,0,0,0,15,0,0,0,15,0,0,0,0,0,0,0,0,4,0,0,0,34,0,66,1,14,13,0
0,0,0,0,0,0,0,0,0,0,0,0,0,0,0,0,6,0,0,0,0,0,1,0,0,0,0,0,0,0,0,0,0,0,0,0,58,0,1,0,0,0,15,0,13,0,0,0,2,0,24,0,0,0,0,0,0,0,0,0,0,0,0,0,15,0,0,0,0,0,0,0,145,0,203,0,7,0,70,0,6,0,0,0,0,0,24,0,0,0,0,0,0,0,0,0,0,0,0,0,0,0,0,0,0,0,0,0,0,0,0,0,0,0,0,0,0,0,0,0,74,0,14,0,63,0,66,0,6,0,36,8,53,0,19,0,54,0,4,0,111,0,72,1,33,3,53,0,57,0,52,0,40,0,0,0,0,0,0,4,27,22,39,0,0,0,33,0,18,0,19,0,26,0,76,0,0,0,0,0,28,16,0,0,36,5,0,0,0,0,0,0,0,0,0,0,0,0,0,0,0,0,0,0,0,0,0,0,0,0,6,0,36,13,17,0,6,0,2,0,0,0,0,0,0
0,0,0,0,0,0,0,0,0,0,0,0,0,0,0,3,0,0,0,0,0,0,0,0,0,0,0,0,0,0,0,0,0,0,0,0,0,0,0,0,0,0,0,8,0,0,0,0,0,0,0,5,0,0,0,0,0,0,0,0,0,0,0,0,2,32,0,0,0,0,0,0,0,83,0,215,0,13,0,37,0,0,0,0,0,0,0,51,0,0,0,0,0,0,0,0,0,0,0,0,0,0,0,0,0,0,0,0,0,0,0,0,0,0,0,0,0,0,0,0,0,28,0,18,4,63,0,62,0,0,0,48,0,43,0,0,0,0,0,0,0,43,0,0,0,92,4,24,0,20,0,0,0,29,0,0,0,12,0,3,0,38,0,22,0,0,0,10,0,2,0,10,0,0,1,27,0,1,0,0,0,28,0,0,0,23,0,0,0,0,0,0,0,0,0,0,0,0,0,0,0,0,0,0,0,0,0,0,0,0,0,0,0,0,0,0,0,0,24,0,23,2,0,0,0
0,0,0,0,0,0,0,0,0,0,0,0,0,0,1,0,0,0,0,0,0,0,0,0,0,0,0,0,0,0,0,0,0,0,0,0,0,0,0,0,0,0,0,0,6,0,0,0,0,0,4,0,0,0,0,0,0,0,0,0,0,0,0,0,4,3,0,0,9,0,145,0,0,0,95,0,31,0,177,0,1,0,10,0,27,0,16,0,0,0,0,0,3,0,0,0,0,0,0,0,0,0,0,0,0,0,0,0,0,0,0,0,0,0,0,0,0,0,0,0,54,0,15,0,70,7,44,0,0,0,64,6,42,0,58,0,52,0,0,0,33,0,93,0,29,0,51,0,32,5,38,0,32,0,0,0,1,0,0,0,0,8,28,0,0,0,0,0,19,0,10,0,0,0,54,0,0,0,0,0,11,13,0,0,11,0,0,0,8,0,0,0,0,0,0,0,0,0,0,0,73,0,0,0,0,0,0,0,0,0,220,1,23,3,24,1,1,0,0,0,0,0,0,0,0
0,0,0,0,0,0,0,0,0,0,0,0,0,0,0,0,0,0,0,0,0,0,0,0,0,0,0,0,0,0,0,0,0,0,0,0,0,0,0,0,0,0,0,0,0,0,0,0,0,0,0,0,0,0,0,0,0,0,0,0,0,0,0,0,0,0,0,0,0,2,0,83,0,0,0,105,0,100,0,10,0,15,0,24,0,7,0,55,0,0,0,0,0,1,0,0,0,3,0,0,0,0,0,1,0,0,0,0,0,0,0,0,0,0,0,0,0,1,0,0,0,13,0,0,0,52,0,73,0,0,0,0,0,33,0,53,0,80,0,9,1,41,0,69,0,65,0,40,0,18,0,40,0,34,0,0,0,0,0,0,0,0,0,33,0,0,0,0,0,6,0,5,0,0,0,31,0,0,0,0,0,20,0,0,0,7,0,0,0,111,0,0,0,0,0,0,0,0,0,96,0,61,0,190,0,0,0,0,0,0,0,0,0,0,12,0,0,0,133,2,7,1,0,0,0
0,0,0,0,0,0,0,0,0,0,0,0,0,0,0,0,0,0,0,0,0,0,0,0,0,0,0,0,0,0,0,0,8,0,0,0,41,0,6,0,0,0,0,0,0,0,0,0,0,0,11,0,0,0,0,0,0,0,0,0,0,0,0,0,0,0,0,0,5,0,203,0,95,0,0,0,10,0,79,0,21,2,25,0,82,0,39,0,0,0,1,0,0,0,0,0,22,0,2,0,0,0,0,0,0,0,0,0,0,0,0,0,0,0,0,0,0,0,0,0,130,0,69,0,19,0,13,0,0,0,0,0,4,1,37,0,38,0,0,9,43,0,125,1,45,0,0,0,40,0,15,0,30,2,0,0,0,0,0,0,0,0,19,0,0,0,23,0,6,0,18,0,14,0,89,0,0,0,0,0,23,6,0,0,17,0,0,0,0,0,0,0,0,0,0,0,0,0,72,0,79,0,0,0,0,0,0,0,0,0,41,1,10,2,7,0,0,0,0,0,0,0,0,0,0
0,0,0,0,0,0,0,0,0,0,0,0,0,0,0,7,0,0,0,0,0,18,0,0,0,1,0,0,0,0,0,0,0,0,0,0,0,13,0,0,0,0,0,14,0,3,0,0,0,0,0,7,0,0,0,0,0,0,0,0,0,5,0,0,1,15,0,0,0,0,0,215,0,105,0,0,0,11,0,12,0,7,0,6,0,7,0,61,0,0,0,0,0,0,0,0,0,0,0,0,0,0,0,0,0,0,0,0,0,0,0,0,0,0,0,0,0,0,0,0,0,87,0,11,4,0,0,46,0,0,0,23,0,24,0,36,0,27,0,7,0,39,0,37,0,124,6,0,0,25,0,15,0,34,0,0,0,2,0,0,0,5,0,32,0,1,0,0,0,0,0,13,0,9,0,43,0,0,0,0,0,23,0,0,0,20,0,0,0,2,0,0,0,0,0,0,0,0,0,31,0,20,0,25,0,0,0,0,0,25,1,0,0,0,0,0,0,0,19,0,18,5,0,0,0
0,0,0,0,0,0,0,0,0,0,0,0,0,0,0,0,0,0,0,0,0,0,0,0,0,0,0,0,0,0,0,0,0,0,0,0,0,0,0,0,0,0,0,0,7,0,0,0,1,0,0,0,0,0,0,0,0,0,0,0,0,0,0,0,0,0,0,0,129,0,7,0,31,0,10,0,0,0,38,0,11,0,34,0,15,0,35,0,6,0,4,0,11,0,6,0,21,0,9,0,0,0,65,0,0,0,10,0,4,0,0,0,0,0,0,0,0,0,1,0,10,1,6,0,0,0,0,0,0,0,0,0,0,0,0,0,0,0,0,0,7,0,0,0,0,0,0,0,0,0,0,0,0,0,0,0,0,0,0,0,0,0,0,0,15,0,0,0,19,0,0,0,0,0,0,0,0,0,0,0,0,0,0,0,0,0,0,0,0,0,0,0,0,0,34,0,0,0,0,0,0,0,0,0,0,0,0,0,0,0,40,5,14,5,0,1,7,0,0,0,0,0,0,0,0
0,0,0,0,0,0,0,0,0,0,0,0,0,0,0,13,0,0,0,0,0,0,0,0,0,0,0,0,0,0,0,1,0,0,0,0,0,3,0,0,0,0,0,0,0,6,0,0,0,0,0,8,0,0,0,0,0,0,0,0,0,0,0,0,0,0,0,0,0,67,0,13,0,100,0,11,0,0,0,10,0,51,0,76,0,6,0,86,0,8,0,0,0,20,0,24,0,4,0,0,0,2,0,48,0,0,0,0,0,4,0,0,0,0,0,0,0,41,0,0,0,14,0,0,0,0,0,0,0,0,0,0,0,0,2,0,0,12,0,0,0,0,0,16,0,0,0,0,0,0,18,11,0,0,0,0,0,0,0,0,0,0,2,2,0,11,0,0,0,34,0,2,0,0,0,0,0,0,0,0,0,16,0,0,0,0,0,0,0,61,0,0,0,0,0,44,0,20,0,45,0,0,0,80,0,43,0,0,3,0,0,0,0,0,9,0,0,0,88,0,42,0,18,2,0
0,0,0,0,0,0,0,0,0,0,0,0,0,0,0,0,0,0,0,0,0,0,0,0,0,0,0,0,0,0,0,0,0,0,0,0,0,0,0,0,0,0,0,0,0,0,0,0,0,0,0,0,0,0,0,0,0,0,0,0,0,0,0,0,0,2,0,0,29,0,70,0,177,0,79,0,38,0,0,0,19,0,62,0,48,0,41,0,0,0,7,0,22,0,6,0,20,0,0,0,5,0,25,0,0,0,0,0,1,0,0,0,0,0,0,0,0,0,0,0,77,0,8,0,0,0,0,0,2,0,0,0,0,0,23,0,12,0,0,0,0,0,34,0,3,0,0,0,0,0,13,0,0,0,0,0,0,0,0,0,0,0,3,0,0,0,0,0,26,0,0,0,0,0,15,0,0,0,0,0,0,0,0,0,0,0,0,0,0,0,0,0,0,0,0,0,0,0,0,0,58,0,0,0,35,0,0,0,0,0,162,0,20,0,8,19,3,0,0,0,0,0,0,0,0
