0,33,68,32,115,0,19,22,63,4,207,0,198,0,25,33,164,25,25,0,33,3,66,32,32,55,0,0,47,5,15,0,0,0,0,0,81,0,278,0,0,0,0,0,0,0,0,0,11,0,13,0,0,0,0,0,0,1,0,0,132,0,47,5,0,0,2,0,0,0,0,0,0,0,4,0,0,0,0,0,0,0,0,0,0,0,0,0,0,0,0,0,0,0,0,0,0,0,0,0,0,0,0,0,0,0,0,0,0,0,0,0,0,0,0,0,0,0,0,0,0,0,0,0,0,0,0,0,0,0,0,0,0,0,0,0,2,0,0,0,0,0,0,0,0,0,0,0,18,0,10,0,11,0,0,0,0,0,0,0,0,0,0,0,0,0,0,0,5,0,7,0,296,0,5,0,285,57,67,0,0,0,103,0,16,0,0,0,0,0,0,0,0,0,0,0,0,0,0,0,0,0,0,0,0,0,0,0,0,0,486,58,177,122,105,0,0,0,0,0,0,0,0,0,0
33,0,34,88,0,215,26,28,0,124,0,400,0,24,0,155,15,194,0,312,0,59,33,139,9,47,0,68,0,173,2,26,0,154,0,0,0,115,0,422,0,0,0,0,0,26,0,0,0,3,0,5,0,28,0,5,0,5,0,4,0,161,0,149,0,112,0,111,0,0,0,6,0,0,0,0,0,0,0,0,0,0,0,0,0,30,0,0,0,0,0,0,0,0,0,0,0,0,0,0,0,0,0,0,0,0,0,0,0,0,0,0,0,0,0,0,0,0,0,0,0,0,0,0,0,0,0,0,0,0,0,17,0,0,0,0,0,7,0,0,0,0,0,0,0,0,0,23,0,39,0,34,0,69,0,0,0,4,0,0,0,0,0,0,0,9,1,43,1,25,0,19,0,230,0,2,74,173,2,11,0,42,0,33,0,54,0,1,0,0,0,0,0,0,0,0,0,0,0,0,0,0,0,0,0,0,0,0,0,0,19,0,9,0,271,0,0,0,841,127,437,235,0,44,2
68,34,0,52,178,22,111,0,37,5,87,9,153,0,258,88,199,39,102,0,109,12,276,51,63,55,78,0,131,0,0,0,159,0,0,0,73,0,404,20,20,0,0,0,0,0,25,0,15,0,0,0,3,0,15,0,5,0,5,0,113,4,0,11,10,0,16,0,0,0,0,0,0,0,0,0,0,0,0,0,0,0,0,0,0,0,0,0,0,0,0,0,0,0,0,0,0,0,0,0,0,0,0,0,0,0,0,0,0,0,0,0,0,0,0,0,0,0,0,0,0,0,0,0,0,0,38,0,0,0,66,0,0,0,0,0,0,0,0,0,0,0,0,0,0,0,37,0,68,0,28,0,20,0,0,0,3,0,0,0,10,0,0,0,9,0,0,0,12,0,20,0,297,0,0,0,264,99,8,0,6,0,24,3,19,0,0,0,0,0,0,0,0,0,0,0,0,0,0,0,8,0,0,0,0,0,0,0,18,0,573,57,299,172,160,2,0,0,0,0,0,0,0,0,0
32,88,52,0,0,82,0,46,0,9,0,29,0,0,0,324,31,112,0,150,0,87,65,289,8,74,0,0,0,167,0,76,0,135,0,0,0,35,0,228,0,0,0,0,0,0,0,0,0,0,0,0,0,0,0,15,0,3,0,6,0,24,0,14,0,34,0,28,0,0,0,0,0,0,0,0,0,0,0,0,0,0,0,0,0,0,0,0,0,0,0,0,0,0,0,0,0,0,0,0,0,0,0,0,0,0,0,0,0,0,0,0,0,0,0,0,0,0,0,0,0,0,0,0,0,56,0,34,0,0,0,26,0,0,0,0,0,0,0,0,0,0,0,0,0,0,0,0,0,75,0,28,0,0,0,0,0,0,0,0,0,5,0,2,0,3,0,11,0,8,0,0,0,107,0,1,34,110,0,6,0,0,3,11,0,12,0,0,0,0,0,0,0,0,0,0,0,0,0,0,0,0,0,0,0,0,0,0,1,12,6,0,0,0,115,0,0,0,249,19,247,100,1,0,2
115,0,178,0,0,178,38,0,48,0,142,0,385,52,214,86,18,0,179,245,280,32,53,0,0,0,299,0,0,0,154,5,294,0,120,0,327,0,27,0,62,0,0,0,30,0,109,0,0,0,74,0,0,0,6,0,0,0,3,0,0,0,0,0,14,0,8,0,0,0,0,0,0,0,0,0,0,0,0,0,0,0,0,0,0,0,0,0,0,0,0,0,0,0,0,0,0,0,0,0,0,0,0,0,0,0,0,0,0,0,0,0,0,0,0,0,0,0,0,0,0,0,0,0,0,0,0,0,0,0,0,0,0,0,0,0,0,0,0,0,0,0,125,0,0,0,30,0,34,0,24,0,0,0,0,0,0,0,0,0,0,0,0,0,0,1,71,0,22,0,9,0,153,0,0,0,461,172,242,0,17,0,59,0,35,0,6,0,0,0,0,0,0,0,0,0,0,0,0,0,0,0,0,0,0,0,0,0,0,0,593,167,334,0,88,0,0,0,0,0,0,0,0,0,0
0,215,22,82,178,0,6,78,0,19,29,656,91,89,177,139,3,10,126,341,34,89,29,54,0,0,0,268,4,45,0,176,7,569,0,116,0,331,0,41,0,32,0,0,0,70,0,44,0,0,0,54,0,0,0,0,0,10,0,0,0,0,1,0,0,0,0,0,0,0,0,0,0,0,0,0,0,0,0,0,0,22,0,0,0,0,0,0,0,0,0,0,0,0,0,0,0,0,0,0,0,0,0,0,0,0,0,0,0,0,0,0,0,0,0,0,0,0,0,0,0,0,0,0,0,0,0,0,0,0,0,0,0,0,0,0,0,0,0,0,0,0,0,0,0,0,0,0,0,13,0,22,0,34,0,1,0,0,0,0,0,0,0,6,2,29,0,232,2,26,0,16,0,91,0,3,87,404,16,56,0,0,0,21,0,0,0,5,0,0,0,0,0,0,0,0,0,0,0,0,0,0,0,0,0,0,0,0,0,0,14,0,0,0,210,0,0,0,815,217,540,101,0,6,3
19,26,111,0,38,6,0,62,50,50,46,0,51,0,48,3,105,32,15,0,15,0,101,13,299,117,0,0,36,0,0,0,0,0,6,0,0,0,102,0,0,0,0,0,0,0,0,0,43,0,0,0,222,14,336,35,16,5,17,0,449,0,701,27,14,0,40,0,0,0,0,0,0,0,0,0,0,0,0,0,0,0,0,0,0,0,0,0,0,0,0,0,0,0,0,0,0,0,0,0,0,0,0,0,0,0,0,0,0,0,0,0,0,0,0,0,0,0,0,0,0,0,3,0,41,0,48,0,12,0,91,0,19,0,12,0,32,0,0,0,0,0,21,0,0,0,33,0,45,1,33,0,0,0,2,0,0,0,0,0,40,0,6,0,9,0,0,0,19,0,160,0,396,0,0,0,94,21,0,0,0,0,3,0,0,0,0,0,0,0,0,0,0,0,0,0,0,0,0,0,0,0,0,0,0,0,0,0,52,0,985,89,293,498,558,10,42,16,0,8,0,0,0,0,0
22,28,0,46,0,78,62,0,60,34,0,48,0,8,0,48,4,155,0,39,0,27,6,47,13,88,0,0,0,79,0,0,0,0,0,0,0,0,0,172,0,0,0,6,0,0,0,0,0,0,0,0,4,96,7,124,0,3,0,10,0,297,4,570,0,13,0,19,0,3,0,0,0,1,0,0,0,0,0,0,0,0,0,0,0,0,0,0,0,0,0,0,0,0,0,0,0,0,0,0,0,0,0,0,0,0,0,0,0,0,0,0,0,0,0,0,0,0,0,0,0,4,0,0,0,26,0,18,0,0,0,44,0,0,0,9,0,0,0,0,0,0,0,0,0,0,0,0,0,34,0,18,0,10,0,0,0,23,0,1,0,6,0,7,0,4,0,31,0,18,0,61,0,261,0,0,56,66,0,0,0,0,0,25,0,0,0,0,0,0,0,0,0,0,0,0,0,0,0,0,0,0,0,0,0,0,0,0,0,16,18,0,0,0,351,0,0,0,663,54,473,324,3,104,0
63,0,37,0,48,0,50,60,0,116,49,0,79,0,14,0,47,22,19,0,16,0,7,0,45,106,17,0,0,0,0,0,0,0,0,0,0,0,41,0,11,0,6,0,14,0,9,0,5,0,0,0,321,41,90,140,3,3,17,29,257,0,335,25,138,0,196,15,0,0,0,0,0,0,0,0,3,1,0,0,0,0,0,0,0,0,0,0,0,0,0,0,0,0,0,0,0,0,0,0,0,0,0,0,0,0,0,0,0,0,0,0,0,0,0,0,0,0,0,0,0,0,0,0,28,0,0,0,0,0,96,0,0,0,0,0,0,0,0,0,0,0,0,0,3,0,38,0,123,0,16,0,17,0,3,0,17,0,0,0,33,0,1,0,3,0,0,0,17,0,241,0,161,0,0,0,340,43,23,0,0,0,56,0,74,5,0,0,0,0,0,0,0,0,0,0,0,0,0,0,0,0,0,0,0,0,1,0,0,0,425,76,113,127,199,0,15,2,0,0,0,0,0,0,0
4,124,5,9,0,19,50,34,116,0,0,25,0,2,0,15,0,20,0,47,0,0,1,3,0,6,0,13,0,0,0,0,0,20,0,0,0,8,0,10,0,0,0,2,0,10,0,0,1,0,0,0,15,190,57,61,0,14,0,65,0,93,0,200,0,237,0,229,0,2,0,0,0,0,0,0,0,4,0,0,0,0,0,0,0,0,0,0,0,0,0,0,0,0,0,6,0,0,0,12,0,0,0,0,0,0,0,0,0,0,0,0,0,0,0,0,0,0,0,0,0,0,0,0,0,39,0,0,0,0,0,75,0,1,0,0,0,0,0,0,0,0,1,3,0,0,0,21,0,82,0,30,0,67,1,17,0,71,0,2,0,0,0,0,0,6,0,22,0,33,0,93,6,99,0,4,116,201,0,3,0,17,0,6,0,177,0,0,0,0,0,0,0,0,0,0,0,0,0,0,0,0,0,0,0,0,0,0,0,0,16,0,0,0,250,0,0,0,538,87,268,272,4,54,0
207,0,87,0,142,29,46,0,49,0,0,0,523,0,38,55,30,0,24,22,87,8,28,0,0,0,51,0,0,0,115,0,254,0,21,0,224,1,15,0,27,0,0,0,16,0,0,0,4,0,0,0,0,0,0,0,0,0,2,0,0,0,0,0,0,0,0,0,0,0,0,0,0,0,0,0,0,0,0,0,0,0,0,0,0,0,0,0,0,0,0,0,0,0,0,0,0,0,0,0,0,0,0,0,0,0,0,0,0,0,0,0,0,0,0,0,0,0,0,0,0,0,0,0,3,0,0,0,0,0,0,0,0,0,0,0,0,0,0,0,0,0,53,0,0,0,0,0,0,0,0,0,0,0,0,0,0,0,0,0,0,0,0,0,0,0,0,0,0,0,4,0,0,0,0,0,332,99,363,0,18,0,77,0,19,0,6,0,0,0,0,0,0,0,0,0,0,0,0,0,0,0,0,0,0,0,0,0,0,0,291,132,83,0,27,0,0,0,0,0,0,0,0,0,0
0,400,9,29,0,656,0,48,0,25,0,0,15,368,69,29,0,14,25,306,15,84,12,75,0,0,0,315,0,55,0,67,0,279,0,58,0,117,1,53,0,76,0,0,0,79,1,76,0,10,0,21,0,2,0,0,0,4,0,4,0,0,0,0,0,0,0,12,0,0,0,0,0,0,0,0,0,0,0,0,0,0,0,0,0,0,0,0,0,0,0,0,0,0,0,0,0,0,0,0,0,0,0,0,0,0,0,0,0,0,0,0,0,0,0,0,0,0,0,1,0,0,0,1,0,0,0,0,0,0,0,0,0,0,0,0,0,0,0,0,0,0,0,0,0,0,0,0,0,7,0,0,0,44,0,0,0,0,0,0,0,0,0,0,0,17,2,57,0,11,0,3,0,33,0,7,41,271,5,34,0,62,0,56,0,49,0,11,0,0,0,0,0,0,0,0,0,0,0,0,0,0,0,0,0,0,0,0,0,0,0,0,0,0,75,0,0,0,367,101,157,48,0,2,1
198,0,153,0,385,91,51,0,79,0,523,15,0,151,53,0,0,0,65,304,120,0,18,0,0,0,196,312,0,0,0,0,0,0,99,0,94,0,0,0,283,41,163,0,312,59,258,0,73,0,265,0,0,0,0,0,0,0,0,0,0,0,0,0,15,0,0,0,0,0,0,0,0,0,0,0,0,0,0,0,0,0,0,0,0,0,0,0,0,0,0,0,0,0,0,0,0,0,0,0,0,0,0,0,0,0,0,0,0,0,0,0,0,0,0,0,0,0,0,0,0,0,0,0,0,0,0,0,0,0,0,0,0,0,0,0,0,0,0,0,0,0,0,0,0,0,0,0,0,0,0,0,0,0,0,0,0,0,0,0,0,0,0,0,0,0,0,0,0,0,0,0,0,0,2,0,200,63,169,0,17,0,64,0,39,0,86,0,0,0,0,0,0,0,0,0,0,0,0,0,0,0,0,0,0,0,0,0,0,0,50,79,146,24,14,0,0,0,0,0,0,0,0,0,0
0,24,0,0,52,89,0,8,0,2,0,368,151,0,64,1,0,0,204,31,37,10,0,0,0,0,114,327,0,0,0,0,0,0,0,35,0,33,0,0,0,258,22,61,19,150,0,152,0,49,39,102,0,0,0,0,0,0,0,0,0,0,0,0,0,0,0,0,0,0,0,0,0,0,0,0,0,0,0,0,0,0,0,0,0,0,0,0,0,0,0,0,0,0,0,0,0,0,0,0,0,0,0,0,0,0,0,0,0,0,0,0,0,0,0,0,0,0,0,0,0,0,0,0,0,0,0,0,0,0,0,0,0,0,0,0,0,0,0,0,0,0,0,0,0,0,0,0,0,0,0,0,0,0,0,0,0,0,0,0,0,0,0,0,2,0,0,10,0,0,0,0,0,0,0,0,23,215,0,53,0,0,0,18,0,6,30,11,0,0,0,0,0,0,0,0,0,0,0,0,0,0,0,0,0,0,0,0,0,0,0,0,0,0,14,0,0,0,50,75,103,0,0,0,0
25,0,258,0,214,177,48,0,14,0,38,69,53,64,0,66,15,0,272,172,309,24,137,2,73,0,203,30,0,0,137,0,301,7,41,0,146,0,9,0,1,0,11,0,0,3,1,0,4,0,16,0,0,0,34,0,0,0,0,0,3,0,0,0,0,0,0,0,0,0,0,0,0,0,0,0,0,0,0,0,0,0,0,0,44,0,0,0,0,0,0,0,0,0,0,0,0,0,0,0,0,0,0,0,0,0,0,0,0,0,0,0,0,0,0,0,0,0,0,0,0,0,26,0,22,0,0,0,0,0,24,0,13,0,45,0,127,0,0,0,0,0,117,0,0,0,44,0,42,0,0,0,13,2,0,0,7,0,0,0,0,0,0,0,10,0,109,0,14,0,3,0,160,0,0,0,183,104,14,0,0,0,13,0,15,0,0,0,0,0,0,0,0,0,0,0,0,0,0,0,0,0,0,0,0,0,0,0,45,0,267,31,191,61,52,2,0,0,11,0,7,0,0,0,0
33,155,88,324,86,139,3,48,0,15,55,29,0,1,66,0,29,42,0,394,13,311,124,305,0,103,0,32,0,32,8,230,22,239,0,29,0,65,0,32,0,0,0,0,0,0,0,0,0,0,0,0,0,2,0,64,0,7,0,0,10,2,0,0,0,53,0,22,0,0,0,0,0,0,0,0,0,0,0,0,0,0,0,0,0,0,0,0,0,0,0,0,0,0,0,0,0,0,0,0,0,0,0,0,0,0,0,0,0,0,0,0,0,0,0,0,0,0,0,0,0,0,0,0,0,45,0,0,0,7,0,34,0,0,0,0,0,38,0,0,0,0,0,0,0,0,0,39,0,109,0,38,0,20,0,12,0,1,0,3,0,0,0,0,0,0,0,76,0,0,0,0,0,37,0,0,116,439,13,37,0,0,0,8,0,8,0,0,0,0,0,0,0,0,0,0,0,0,0,0,0,0,0,0,0,0,0,20,0,0,18,3,0,0,38,1,0,0,147,25,149,0,0,0,0
164,15,199,31,18,3,105,4,47,0,30,0,0,0,15,29,0,0,102,0,145,0,103,25,214,28,95,0,147,0,178,0,97,0,9,0,10,1,133,6,0,0,0,0,12,0,0,0,0,0,11,0,81,0,64,0,0,0,2,0,16,0,187,0,0,0,0,0,0,0,0,0,0,0,7,0,0,0,0,0,0,0,0,0,59,0,4,0,0,0,21,0,0,0,0,0,73,0,0,0,0,0,0,0,0,0,31,0,0,0,0,0,0,0,0,0,0,0,0,0,0,0,30,0,0,0,0,0,100,0,0,0,25,0,0,0,306,0,170,0,81,0,244,0,20,0,17,0,0,0,9,0,8,0,46,0,0,0,24,0,23,0,0,0,0,0,0,0,0,0,0,0,24,0,1,0,173,26,20,0,0,0,54,0,0,0,0,0,0,0,0,0,0,0,0,0,0,0,0,0,9,0,0,0,0,0,2,0,27,0,59,21,15,0,10,0,0,0,0,0,0,0,0,0,0
25,194,39,112,0,10,32,155,22,20,0,14,0,0,0,42,0,0,0,0,0,214,42,201,16,74,0,0,0,143,0,49,0,53,0,8,0,2,11,53,0,0,0,0,0,0,0,0,0,0,0,0,0,61,0,102,0,58,0,9,0,20,0,184,0,0,0,0,0,0,0,0,0,0,0,0,0,0,0,0,0,32,0,0,0,91,0,0,0,0,0,0,0,0,0,0,0,29,0,115,0,0,0,0,0,0,0,0,0,0,0,0,0,0,0,0,0,0,0,0,0,0,0,0,0,29,0,0,0,61,0,44,0,34,0,341,0,310,0,243,0,69,0,176,0,0,0,8,0,0,0,0,0,0,0,55,0,0,0,39,0,46,0,0,0,0,0,0,0,0,0,0,13,19,0,0,48,163,0,33,0,4,0,11,0,0,0,0,0,0,0,0,0,0,0,0,0,0,0,5,0,0,0,0,0,0,1,0,0,131,4,0,0,0,9,0,0,0,30,16,22,0,0,0,1
25,0,102,0,179,126,15,0,19,0,24,25,65,204,272,0,102,0,0,305,256,15,237,0,190,0,368,337,0,0,18,0,12,0,124,0,103,0,0,0,0,36,54,0,11,55,5,0,4,0,168,28,0,0,76,0,0,0,0,0,0,0,25,0,0,0,0,0,0,0,0,0,0,0,28,0,0,0,0,0,0,0,0,0,0,0,0,0,0,0,0,0,0,0,0,0,0,0,0,0,0,0,0,0,0,0,0,0,0,0,0,0,0,0,0,0,0,0,0,0,0,0,0,1,0,0,0,0,0,0,0,0,0,0,0,0,0,0,0,0,0,0,381,0,38,0,0,0,0,0,0,0,0,0,0,0,0,0,0,0,0,0,0,0,40,0,11,0,25,0,9,0,24,0,0,0,52,37,0,0,0,0,12,0,22,0,21,0,0,0,0,0,0,0,0,0,0,0,0,0,0,0,0,0,0,0,0,0,0,0,62,43,145,21,13,0,0,0,0,1,0,0,0,0,0
0,312,0,150,245,341,0,39,0,47,22,306,304,31,172,394,0,0,305,0,66,262,4,162,0,50,56,370,0,0,0,104,0,78,33,371,0,224,0,0,0,15,0,135,0,195,0,77,0,13,70,244,0,2,0,24,0,0,0,9,0,0,0,0,0,67,0,30,0,0,0,0,0,0,0,0,0,0,0,0,0,0,0,0,0,42,0,0,0,0,0,0,0,0,0,0,0,0,0,0,0,0,0,0,0,0,0,0,0,0,0,0,0,0,0,0,0,0,0,0,0,14,0,0,0,0,0,0,0,0,0,0,0,0,0,0,0,0,0,0,0,0,0,0,0,0,0,0,0,104,0,61,0,71,0,0,0,0,0,0,0,0,0,0,0,114,0,194,0,58,0,0,0,24,0,0,91,182,38,36,0,46,0,35,0,31,21,12,0,0,0,0,0,0,0,0,0,0,0,0,0,0,0,0,0,0,0,0,0,0,10,0,0,0,107,0,0,0,223,92,352,56,4,0,1
33,0,109,0,280,34,15,0,16,0,87,15,120,37,309,13,145,0,256,66,0,8,130,0,110,0,191,87,50,0,110,0,124,0,52,1,19,0,0,0,0,12,4,0,25,26,0,0,0,1,48,0,0,0,50,0,0,0,0,0,4,0,56,0,0,0,0,0,0,0,0,0,0,0,20,0,0,0,0,0,0,0,0,0,0,0,0,0,0,0,30,0,0,0,0,0,0,0,0,0,0,0,0,0,0,0,0,0,0,0,0,0,0,0,0,0,0,0,0,0,28,0,0,0,0,0,0,0,0,0,0,0,0,0,0,0,228,0,67,0,97,0,300,0,87,0,0,0,27,0,0,0,0,0,0,0,12,0,0,0,0,0,12,0,22,0,19,0,12,0,0,0,29,0,2,0,92,29,26,0,0,0,22,0,0,0,21,0,0,0,0,0,0,0,0,0,0,0,0,0,11,0,0,0,0,0,0,0,0,0,151,69,90,0,26,0,0,0,0,0,0,0,0,0,0
3,59,12,87,32,89,0,27,0,0,8,84,0,10,24,311,0,214,15,262,8,0,7,432,0,85,0,49,0,25,0,59,0,76,0,202,0,81,0,9,1,1,0,64,0,48,0,0,0,0,0,115,0,29,0,53,0,27,0,7,0,6,0,50,0,0,0,0,0,0,0,8,0,0,0,17,0,0,0,0,0,165,0,0,0,410,0,0,0,0,0,0,0,0,0,0,0,95,0,438,0,62,0,0,0,0,0,0,0,0,0,0,0,0,0,0,0,0,0,0,0,78,0,26,0,0,0,0,0,26,0,0,0,0,0,565,0,409,0,323,0,294,0,836,0,117,0,0,0,0,0,0,0,25,0,0,0,16,0,0,0,0,0,0,0,28,0,67,0,15,0,4,0,22,0,0,12,130,4,19,0,8,0,10,0,9,0,4,0,0,0,0,0,0,0,0,0,0,0,12,0,0,0,0,0,0,0,0,0,0,4,3,3,0,47,1,0,0,161,80,137,11,0,0,0
66,33,276,65,53,29,101,6,7,1,28,12,18,0,137,124,103,42,237,4,130,7,0,70,95,52,53,0,80,0,67,0,135,5,0,0,26,0,168,16,0,0,0,0,22,0,4,0,0,0,0,0,0,0,89,0,0,0,1,0,18,0,5,5,0,0,0,0,0,0,0,0,0,0,0,0,0,0,0,0,0,0,0,0,0,0,0,0,0,0,0,0,0,0,0,0,0,0,0,0,0,0,0,0,0,0,6,0,0,0,0,0,0,0,0,0,0,0,0,0,0,0,0,0,38,0,67,0,43,0,40,0,44,0,53,0,197,0,26,0,25,0,112,0,2,0,42,0,33,0,0,0,21,0,12,0,0,0,0,0,26,0,0,0,0,0,0,0,7,0,4,0,73,0,0,0,154,97,13,0,0,0,36,2,12,0,0,0,0,0,0,0,0,0,0,0,0,0,0,0,0,0,0,0,0,0,0,0,85,0,75,1,73,38,24,0,0,0,0,0,10,6,0,0,0
32,139,51,289,0,54,13,47,0,3,0,75,0,0,2,305,25,201,0,162,0,432,70,0,10,81,0,0,0,43,0,35,0,22,0,6,0,4,0,24,0,0,0,0,0,23,0,0,0,0,0,1,0,12,0,54,0,9,0,0,0,4,0,20,0,8,0,0,0,0,0,0,0,0,0,0,0,0,0,0,0,0,0,0,0,58,0,0,0,0,0,0,0,0,0,0,0,0,0,83,0,0,0,0,0,0,0,4,0,0,0,0,0,0,0,0,0,0,0,0,0,0,0,1,0,0,0,0,0,9,0,0,0,0,0,221,0,167,0,54,0,27,0,75,0,2,0,14,0,0,0,23,0,4,0,8,0,0,0,0,0,0,0,0,0,0,0,1,0,0,0,0,12,7,0,0,41,206,0,32,0,3,0,0,0,0,0,0,0,0,0,0,0,0,0,0,0,0,0,0,0,0,0,0,0,0,0,0,0,0,0,0,0,0,0,0,0,0,13,30,13,3,0,0,0
32,9,63,8,0,0,299,13,45,0,0,0,0,0,73,0,214,16,190,0,110,0,95,10,0,37,0,0,70,0,51,0,0,0,0,0,4,0,96,2,0,0,0,0,0,0,0,0,0,0,9,0,18,0,125,0,0,0,0,0,49,0,105,3,0,0,0,0,0,0,0,0,0,0,0,0,0,0,0,0,0,0,0,0,0,0,0,0,0,0,0,0,0,0,0,0,0,0,0,0,0,0,0,0,0,0,0,0,0,0,0,0,0,0,0,0,0,0,0,0,1,0,0,0,38,0,43,0,19,0,32,0,30,0,0,0,132,0,11,0,7,0,54,0,0,0,43,0,23,0,32,0,0,0,7,0,0,0,4,0,18,0,1,0,0,0,0,0,0,0,7,0,28,0,0,0,39,7,0,0,0,0,12,0,0,0,0,0,0,0,0,0,0,0,0,0,0,0,0,0,0,0,0,0,0,0,0,0,56,0,13,0,34,0,13,0,0,0,0,0,3,0,0,0,0
55,47,55,74,0,0,117,88,106,6,0,0,0,0,0,103,28,74,0,50,0,85,52,81,37,0,0,0,0,36,0,4,0,0,0,0,0,5,0,32,0,0,0,0,0,0,0,0,0,0,0,0,0,10,4,151,0,23,0,15,21,44,13,197,2,10,0,0,0,0,0,0,0,0,0,0,0,0,0,0,0,0,0,0,0,0,0,0,0,0,0,0,0,0,0,0,0,0,0,0,0,0,0,0,0,0,0,0,0,0,0,0,0,0,0,0,0,0,0,0,0,0,0,0,0,34,0,29,0,7,0,38,0,0,0,37,0,56,0,24,0,0,0,0,0,0,0,0,0,74,0,38,0,10,0,32,0,0,0,0,0,28,0,0,0,0,0,0,0,4,3,5,20,25,0,0,92,141,0,0,0,0,0,19,0,0,0,0,0,0,0,0,0,0,0,0,0,0,0,0,0,6,0,0,0,0,0,24,0,62,17,0,12,14,31,0,0,0,88,21,74,58,0,8,0
0,0,78,0,299,0,0,0,17,0,51,0,196,114,203,0,95,0,368,56,191,0,53,0,0,0,0,348,0,0,0,0,72,0,80,0,125,0,0,0,44,116,212,26,212,105,105,0,21,0,329,0,0,0,0,0,0,0,0,0,24,0,44,0,0,0,0,0,0,0,0,0,0,0,0,0,0,0,0,0,0,0,0,0,354,0,0,0,0,0,0,0,0,0,0,0,390,0,0,0,0,0,0,0,0,0,0,0,0,0,0,0,0,0,0,0,0,0,0,0,0,0,188,0,0,0,0,0,0,0,0,0,0,0,0,0,0,0,112,0,203,0,756,0,211,0,0,0,0,0,0,0,0,0,0,0,0,0,0,0,0,0,0,0,43,0,25,0,0,0,0,0,48,0,0,0,0,68,25,0,0,0,37,0,0,0,34,0,0,0,0,0,0,0,0,0,0,0,0,0,0,0,0,0,0,0,0,0,0,0,72,126,146,19,0,0,0,0,0,0,0,0,0,0,0
0,68,0,0,0,268,0,0,0,13,0,315,312,327,30,32,0,0,337,370,87,49,0,0,0,0,348,0,0,0,0,4,0,8,31,63,0,50,0,0,116,65,51,323,105,449,60,131,0,63,116,249,0,0,0,0,0,0,0,0,0,0,0,0,0,0,0,0,0,0,0,0,0,0,0,0,0,0,0,0,0,0,0,0,0,0,0,0,0,0,0,0,0,0,0,0,0,0,0,0,0,0,0,0,0,0,0,0,0,0,0,0,0,0,0,0,0,0,0,0,0,0,0,0,0,0,0,0,0,0,0,0,0,0,0,0,0,0,0,0,0,0,0,0,0,15,0,6,0,0,0,0,0,0,0,0,0,0,0,0,0,0,0,0,0,98,0,16,0,75,0,0,0,0,0,0,45,166,14,52,0,0,0,13,0,15,45,24,0,0,0,0,0,0,0,0,0,0,0,0,0,0,0,0,0,0,0,0,0,0,0,0,0,0,35,0,0,0,66,168,244,45,0,0,16
47,0,131,0,0,4,36,0,0,0,0,0,0,0,0,0,147,0,0,0,50,0,80,0,70,0,0,0,0,0,26,0,10,0,16,0,26,0,0,0,0,0,5,0,0,0,0,0,0,0,8,0,9,0,21,0,0,0,0,0,0,0,23,0,0,0,0,0,0,0,0,0,0,0,0,0,0,0,0,0,0,0,0,0,0,0,0,0,0,0,0,0,0,0,0,0,7,0,0,0,0,0,0,0,0,0,6,0,0,0,0,0,0,0,0,0,0,0,0,0,5,0,0,0,0,0,0,0,6,0,0,0,0,0,0,0,41,0,44,0,0,0,40,0,0,0,0,0,0,0,0,0,0,0,3,0,0,0,0,0,0,0,0,0,0,0,0,0,0,0,0,0,2,0,0,0,22,0,4,0,0,0,15,0,0,0,0,0,0,0,0,0,0,0,0,0,0,0,0,0,0,0,0,0,0,0,0,0,0,0,18,0,0,0,0,0,0,0,0,0,0,0,0,0,0
5,173,0,167,0,45,0,79,0,0,0,55,0,0,0,32,0,143,0,0,0,25,0,43,0,36,0,0,0,0,0,7,0,34,0,17,0,12,0,99,0,0,0,0,0,0,0,0,0,0,0,3,0,25,0,37,0,9,0,0,0,35,0,11,0,9,0,0,0,0,0,0,0,0,0,0,0,0,0,0,0,0,0,0,0,31,0,0,0,0,0,0,0,0,0,0,0,0,0,28,0,0,0,0,0,0,0,0,0,0,0,0,0,0,0,0,0,0,0,0,0,0,0,0,0,0,0,0,0,0,0,0,0,10,0,45,0,47,0,114,0,44,0,95,0,27,0,0,0,0,0,9,0,0,0,20,0,20,0,18,0,4,0,0,0,0,0,0,0,0,0,0,0,0,0,0,0,37,0,21,0,0,0,0,0,0,0,0,0,0,0,0,0,0,0,0,0,0,0,0,0,0,0,0,0,0,0,0,0,0,0,0,0,0,0,0,0,0,18,7,2,0,0,0,0
15,2,0,0,154,0,0,0,0,0,115,0,0,0,137,8,178,0,18,0,110,0,67,0,51,0,0,0,26,0,0,0,15,0,60,0,13,0,4,0,0,0,9,0,0,0,0,0,2,0,18,0,15,0,39,0,0,0,0,0,1,0,42,0,0,0,0,0,0,0,0,0,0,0,12,0,0,0,0,0,0,0,0,0,59,0,3,0,0,0,0,0,0,0,0,0,0,0,0,0,0,0,0,0,0,0,49,0,0,0,0,0,0,0,0,0,0,0,0,0,25,0,0,0,0,0,0,0,0,0,0,0,0,0,0,0,191,0,89,0,51,0,221,0,0,0,0,0,0,0,0,0,0,0,0,0,11,0,0,0,0,0,5,0,2,0,32,0,0,0,0,0,35,0,0,0,56,0,37,0,0,0,0,0,6,0,0,0,0,0,0,0,0,0,0,0,0,0,0,0,0,0,0,0,0,0,0,0,0,0,77,23,34,21,11,0,0,0,0,0,0,0,0,0,0
0,26,0,76,5,176,0,0,0,0,0,67,0,0,0,230,0,49,0,104,0,59,0,35,0,4,0,4,0,7,0,0,0,35,0,146,0,9,0,2,0,0,0,14,0,0,0,0,0,0,0,18,0,0,0,3,0,0,0,0,0,3,0,3,0,0,0,0,0,0,0,1,0,0,0,0,0,0,0,0,0,0,0,0,0,0,0,4,0,0,0,0,0,0,0,0,0,6,0,0,0,0,0,0,0,0,0,0,0,0,0,0,0,0,0,0,0,0,0,0,0,0,0,0,0,0,0,0,0,0,0,0,0,0,0,46,0,34,0,75,0,90,0,77,0,0,0,0,0,0,0,0,0,0,0,17,0,9,0,10,0,0,0,0,0,0,0,11,0,1,0,4,0,0,0,0,0,0,0,14,0,0,0,0,0,0,0,2,0,0,0,0,0,0,0,0,0,0,0,0,0,0,0,0,0,0,0,0,0,0,0,0,0,0,0,0,0,0,24,0,13,0,0,0,0
0,0,159,0,294,7,0,0,0,0,254,0,0,0,301,22,97,0,12,0,124,0,135,0,0,0,72,0,10,0,15,0,0,0,40,0,271,0,10,0,0,0,25,0,22,0,0,0,0,0,33,0,13,0,17,0,0,0,0,0,16,0,36,0,0,0,0,0,0,0,0,0,0,0,0,0,0,0,0,0,0,0,0,0,89,0,11,0,0,0,0,0,0,0,0,0,0,0,0,0,0,0,0,0,0,0,0,0,0,0,0,0,0,0,0,0,0,0,0,0,0,0,0,0,0,0,0,0,0,0,0,0,0,0,0,0,0,0,0,0,52,0,211,0,50,0,0,0,0,0,0,0,6,0,11,0,11,0,0,0,0,0,0,0,0,0,92,0,0,0,0,0,60,0,0,0,103,30,56,0,0,0,40,0,0,0,0,0,0,0,0,0,0,0,0,0,0,0,0,0,0,0,0,0,0,0,0,0,0,0,118,23,69,31,17,0,0,0,0,0,0,0,0,0,0
0,154,0,135,0,569,0,0,0,20,0,279,0,0,7,239,0,53,0,78,0,76,5,22,0,0,0,8,0,34,0,35,0,0,0,47,0,357,0,2,0,0,0,10,0,0,0,0,0,1,0,5,0,8,0,0,0,4,0,0,0,41,0,6,0,0,0,0,0,0,0,0,0,0,0,0,0,0,0,1,0,0,0,0,0,9,0,0,0,0,0,0,0,0,0,0,0,0,0,0,0,0,0,0,0,0,0,0,0,0,0,0,0,0,0,0,0,0,0,0,0,0,0,0,0,0,0,0,0,0,0,0,0,0,0,0,0,0,0,0,0,0,0,24,0,35,0,0,0,0,0,0,0,0,0,0,0,24,0,0,0,0,0,0,0,0,0,88,0,0,0,0,0,14,0,0,9,87,0,52,0,6,0,0,0,17,0,1,0,0,0,0,0,0,0,0,0,0,0,0,0,0,0,0,0,0,0,0,0,0,0,0,0,0,0,0,0,0,29,37,40,0,0,1,0
0,0,0,0,120,0,6,0,0,0,21,0,99,0,41,0,9,0,124,33,52,0,0,0,0,0,80,31,16,0,60,0,40,0,0,0,126,0,0,0,0,0,55,0,13,5,0,0,7,0,117,0,3,0,0,0,3,0,0,0,0,0,6,0,0,0,0,0,0,0,0,0,0,0,0,0,0,0,0,0,0,0,0,0,0,0,0,0,0,0,0,0,0,0,0,0,0,0,0,0,0,0,0,0,0,0,0,0,0,0,0,0,0,0,0,0,0,0,0,0,0,0,0,0,0,0,0,0,0,0,0,0,0,0,0,0,0,0,0,0,0,0,0,0,17,0,0,0,0,0,0,0,0,0,4,0,0,0,0,0,0,0,4,0,21,0,25,0,17,0,0,0,39,0,0,0,25,0,37,0,0,0,0,0,0,0,9,0,0,0,0,0,0,0,0,0,0,0,0,0,0,0,0,0,0,0,0,0,0,0,74,37,118,21,13,0,0,3,0,0,0,0,0,0,0
0,0,0,0,0,116,0,0,0,0,0,58,0,35,0,29,0,8,0,371,1,202,0,6,0,0,0,63,0,17,0,146,0,47,0,0,0,93,0,0,0,0,0,7,0,17,0,0,0,0,0,43,0,5,0,0,0,0,0,0,0,14,0,1,0,0,0,0,0,0,0,0,0,0,0,3,0,0,0,0,0,0,0,0,0,40,0,0,0,0,0,0,0,0,0,0,0,0,0,0,0,0,0,0,0,0,0,0,0,0,0,0,0,0,0,0,0,0,0,0,0,0,0,0,0,0,0,0,0,0,0,0,0,0,0,0,0,0,0,64,0,68,0,110,0,30,0,0,0,0,0,0,0,0,0,15,0,21,0,0,0,0,0,0,0,10,0,24,0,5,0,3,0,5,0,0,0,19,1,0,0,0,0,6,0,0,0,32,0,0,0,0,0,0,0,0,0,0,0,0,0,0,0,0,0,0,0,0,0,0,0,0,0,0,16,0,0,0,54,25,47,11,0,0,0
81,0,73,0,327,0,0,0,0,0,224,0,94,0,146,0,10,0,103,0,19,0,26,0,4,0,125,0,26,0,13,0,271,0,126,0,0,0,112,0,0,0,43,0,79,0,4,0,2,0,98,0,10,0,12,0,0,0,0,0,34,0,15,0,0,0,0,0,0,0,5,0,0,0,0,0,0,0,0,0,8,0,0,0,40,0,0,0,0,0,17,0,0,0,0,0,50,0,0,0,0,0,0,0,0,0,21,0,0,0,0,0,0,0,0,0,0,0,0,0,12,0,0,0,0,0,0,0,0,0,0,0,0,0,0,0,0,0,60,0,46,0,90,0,137,0,0,0,0,0,0,0,0,0,22,0,52,0,3,0,0,0,23,0,26,0,68,0,25,0,14,0,153,0,0,0,74,0,63,0,0,0,18,0,0,0,0,0,0,0,0,0,0,0,0,0,0,0,0,0,0,0,0,0,0,0,0,0,0,0,111,41,130,32,18,0,0,1,3,0,0,0,0,0,0
0,115,0,35,0,331,0,0,0,8,1,117,0,33,0,65,1,2,0,224,0,81,0,4,0,5,0,50,0,12,0,9,0,357,0,93,0,0,0,20,0,0,0,113,0,17,0,0,0,0,0,64,0,4,0,0,0,0,0,0,1,64,0,0,0,0,0,0,0,0,0,0,0,0,0,2,0,0,0,0,0,9,0,0,0,29,0,2,0,0,0,0,0,0,0,0,0,0,0,34,0,0,0,0,0,0,0,0,0,0,0,0,0,0,0,0,0,0,0,0,0,0,0,0,0,0,0,0,0,0,0,0,0,0,0,37,0,0,0,37,0,122,0,147,0,89,0,0,0,0,0,0,0,0,0,6,0,41,0,0,0,0,0,0,0,7,0,55,0,6,0,9,0,67,0,0,0,50,0,18,0,0,0,0,0,2,0,12,0,0,0,0,0,0,0,0,0,0,0,0,0,0,0,0,0,0,0,0,0,0,0,0,0,0,15,0,0,0,42,123,46,8,0,0,0
278,0,404,0,27,0,102,0,41,0,15,1,0,0,9,0,133,11,0,0,0,0,168,0,96,0,0,0,0,0,4,0,10,0,0,0,112,0,0,0,0,0,3,0,1,0,0,0,0,0,0,0,0,0,17,0,0,0,0,0,3,0,27,0,0,0,0,0,0,0,0,0,0,0,7,0,0,0,0,0,0,0,0,0,0,0,0,0,0,0,0,0,0,0,0,0,0,0,0,0,0,0,0,0,0,0,0,0,0,0,0,0,0,0,0,0,0,0,0,0,0,0,0,0,0,0,0,0,0,0,0,0,0,0,0,0,51,0,51,0,41,0,96,0,46,0,0,0,0,0,0,0,0,0,10,0,16,0,2,0,0,0,0,0,0,0,5,0,0,0,0,0,107,2,0,0,142,0,13,0,0,0,81,0,39,0,0,0,0,0,0,0,0,0,0,0,0,0,0,0,0,0,0,0,0,0,0,0,0,0,103,56,44,0,17,0,0,0,0,0,0,0,0,0,0
0,422,20,228,0,41,0,172,0,10,0,53,0,0,0,32,6,53,0,0,0,9,16,24,2,32,0,0,0,99,0,2,0,2,0,0,0,20,0,0,0,0,0,0,0,0,0,0,0,0,0,1,0,23,0,36,0,0,0,0,0,44,0,30,0,0,0,0,0,0,0,0,0,0,0,0,0,0,0,0,0,0,0,0,0,0,0,0,0,0,0,0,0,0,0,0,0,0,0,4,0,0,0,0,0,0,0,0,0,0,0,0,0,0,0,0,0,0,0,0,0,0,0,0,0,0,0,0,0,0,0,0,0,0,0,0,0,0,0,0,0,4,0,0,0,12,0,0,0,0,0,0,0,0,0,0,0,10,0,0,0,0,0,0,0,0,0,0,0,0,0,2,0,30,0,0,15,99,0,58,0,0,0,10,0,4,0,0,0,0,0,0,0,0,0,0,0,0,0,0,0,0,0,0,0,0,0,0,0,0,0,0,0,0,0,0,0,0,19,68,6,4,0,0,0
0,0,20,0,62,0,0,0,11,0,27,0,283,0,1,0,0,0,0,0,0,1,0,0,0,0,44,116,0,0,0,0,0,0,0,0,0,0,0,0,0,85,106,0,127,138,195,64,160,11,64,0,0,0,0,0,0,0,0,0,0,0,0,0,0,0,0,0,2,0,0,0,0,0,0,0,0,0,0,0,0,0,0,0,0,0,0,0,0,0,0,0,0,0,0,0,0,0,0,0,3,0,0,0,0,0,0,0,0,0,0,0,0,0,0,0,0,0,0,0,0,0,0,0,0,0,0,0,0,0,0,0,0,0,0,0,0,0,0,0,0,0,0,0,0,0,0,0,0,0,0,0,0,0,0,0,0,0,0,0,0,0,0,1,59,0,0,0,12,0,0,0,0,0,0,0,108,56,71,0,29,0,21,0,13,0,138,0,0,0,0,0,0,0,0,0,0,0,0,0,0,0,0,0,0,0,0,0,0,0,0,54,45,2,0,0,1,20,0,0,0,0,0,0,0
0,0,0,0,0,32,0,0,0,0,0,76,41,258,0,0,0,0,36,15,12,1,0,0,0,0,116,65,0,0,0,0,0,0,0,0,0,0,0,0,85,0,0,78,82,123,48,169,7,156,0,65,0,0,0,0,0,0,0,0,0,0,0,0,0,0,0,0,0,0,0,0,0,0,0,0,0,0,0,0,0,0,0,0,0,0,0,0,0,0,0,0,0,0,0,0,0,0,0,0,0,0,0,0,0,0,0,0,0,0,0,0,0,0,0,0,0,0,0,0,0,0,0,0,0,0,0,0,0,0,0,0,0,0,0,0,0,0,0,0,0,0,0,0,0,0,0,0,0,0,0,0,0,0,0,0,0,0,0,0,0,0,0,0,0,43,0,0,0,0,0,0,0,1,0,0,0,111,0,71,0,0,0,0,0,0,31,14,0,0,0,0,0,0,0,0,0,0,0,0,0,0,0,0,0,0,0,0,0,0,0,0,0,0,0,0,0,0,2,21,19,0,0,0,15
0,0,0,0,0,0,0,0,6,0,0,0,163,22,11,0,0,0,54,0,4,0,0,0,0,0,212,51,5,0,9,0,25,0,55,0,43,0,3,0,106,0,0,0,192,0,91,0,45,0,116,0,0,0,0,0,0,0,0,0,0,0,0,0,0,0,0,0,0,0,10,0,0,0,0,0,0,0,0,0,0,0,0,0,46,0,0,0,0,0,0,0,0,0,0,0,44,0,0,0,0,0,0,0,0,0,0,0,0,0,0,0,0,0,0,0,0,0,0,0,0,0,0,0,0,0,0,0,0,0,0,0,0,0,0,0,0,0,0,0,0,0,71,0,23,0,0,0,0,0,0,0,0,0,0,0,0,0,0,0,0,0,10,0,22,0,9,0,11,0,0,0,14,0,0,0,0,4,9,0,0,0,9,0,0,0,31,0,0,0,0,0,0,0,0,0,0,0,0,0,0,0,0,0,0,0,0,0,0,0,17,44,70,0,3,0,0,47,0,0,0,0,0,0,0
0,0,0,0,0,0,0,6,0,2,0,0,0,61,0,0,0,0,0,135,0,64,0,0,0,0,26,323,0,0,0,14,0,10,0,7,0,113,0,0,0,78,0,0,0,199,8,29,0,7,0,106,0,0,0,0,0,0,0,0,0,15,0,0,0,0,0,0,0,0,0,9,0,0,0,0,0,0,0,0,0,0,0,0,0,0,0,0,0,0,0,0,0,0,0,0,0,0,0,0,0,0,0,0,0,0,0,0,0,0,0,0,0,0,0,0,0,0,0,0,0,0,0,0,0,0,0,0,0,0,0,0,0,0,0,0,0,0,0,0,0,0,0,120,0,34,0,0,0,0,0,0,0,3,0,7,0,0,0,0,0,0,0,5,0,31,0,26,0,14,0,0,0,0,0,0,0,16,0,0,0,0,0,0,0,0,4,22,0,0,0,0,0,0,0,0,0,0,0,0,0,0,0,0,0,0,0,0,0,0,3,0,0,0,20,0,0,0,79,148,91,12,0,0,1
0,0,0,0,30,0,0,0,14,0,16,0,312,19,0,0,12,0,11,0,25,0,22,0,0,0,212,105,0,0,0,0,22,0,13,0,79,0,1,0,127,82,192,0,0,170,232,84,290,31,142,0,0,0,22,1,0,0,0,0,0,0,0,0,0,0,0,0,3,0,10,0,0,0,22,0,0,0,0,0,19,0,24,0,111,0,0,0,0,0,0,0,0,0,0,0,159,0,0,0,0,0,0,0,0,0,56,0,0,0,0,0,0,0,0,0,0,0,0,0,28,0,0,0,0,0,0,0,0,0,0,0,0,0,0,0,187,0,28,0,36,0,243,0,43,0,0,0,0,0,23,1,0,0,3,0,14,0,0,0,0,0,26,0,171,0,17,0,25,0,6,0,29,0,0,0,57,31,69,0,20,0,31,0,0,0,296,0,0,0,0,0,0,0,0,0,0,0,0,0,29,0,0,0,0,0,0,0,0,0,67,159,135,15,9,0,0,143,0,2,0,0,0,0,1
0,26,0,0,0,70,0,0,0,10,0,79,59,150,3,0,0,0,55,195,26,48,0,23,0,0,105,449,0,0,0,0,0,0,5,17,0,17,0,0,138,123,0,199,170,0,63,343,31,219,27,145,0,0,0,0,0,0,0,0,0,2,0,0,0,0,0,0,0,0,0,0,0,0,0,4,0,12,0,1,0,0,0,0,0,0,0,0,0,0,0,0,0,0,0,0,0,0,0,0,0,0,0,0,0,0,0,0,0,0,0,0,0,0,0,0,0,0,0,0,0,15,0,3,0,0,0,0,0,0,0,0,0,0,0,0,0,0,0,0,0,0,0,91,0,27,0,0,0,13,0,0,0,0,0,0,0,0,0,0,0,0,0,0,0,197,0,28,0,97,0,4,0,10,0,0,0,84,0,22,0,22,0,15,0,0,51,17,0,0,0,0,0,0,0,0,0,0,0,0,0,0,0,0,0,0,0,0,0,0,3,0,0,0,27,0,0,1,130,217,135,13,0,0,100
0,0,25,0,109,0,0,0,9,0,0,1,258,0,1,0,0,0,5,0,0,0,4,0,0,0,105,60,0,0,0,0,0,0,0,0,4,0,0,0,195,48,91,8,232,63,0,34,128,8,63,0,0,0,0,0,0,0,0,0,0,0,0,0,0,0,0,0,0,0,0,0,0,0,0,0,0,0,0,0,0,0,0,0,0,0,0,0,0,0,0,0,0,0,0,0,0,0,0,0,0,0,0,0,0,0,0,0,0,0,0,0,0,0,0,0,0,0,0,0,0,0,0,0,0,0,0,0,0,0,4,0,0,0,0,0,0,0,0,0,0,0,0,0,0,0,0,0,0,0,0,0,0,0,0,0,0,0,0,0,0,0,0,0,117,0,0,0,0,0,0,0,0,0,0,0,21,35,32,0,0,0,0,0,0,0,128,0,0,0,0,0,0,0,0,0,0,0,0,0,0,0,0,0,0,0,0,0,0,0,4,40,63,0,0,0,0,37,0,0,0,0,0,0,0
0,0,0,0,0,44,0,0,0,0,0,76,0,152,0,0,0,0,0,77,0,0,0,0,0,0,0,131,0,0,0,0,0,0,0,0,0,0,0,0,64,169,0,29,84,343,34,0,0,158,0,0,0,0,0,0,0,0,0,0,0,0,0,0,0,0,0,0,0,0,0,0,0,0,0,0,0,0,0,0,0,0,0,0,0,0,0,3,0,0,0,0,0,0,0,0,0,0,0,0,0,0,0,0,0,0,0,0,0,0,0,0,0,0,0,0,0,0,0,0,0,5,0,0,0,0,0,0,0,0,0,0,0,0,0,0,0,0,0,0,0,0,0,0,0,0,0,0,0,0,0,0,0,0,0,0,0,0,0,0,0,0,0,0,0,49,0,0,0,0,0,0,0,0,0,0,0,44,0,10,0,0,0,1,0,0,16,0,0,0,0,0,0,0,0,0,0,0,0,0,0,0,0,0,0,0,0,0,0,0,0,0,0,0,0,0,0,0,0,62,48,0,0,0,32
11,0,15,0,0,0,43,0,5,1,4,0,73,0,4,0,0,0,4,0,0,0,0,0,0,0,21,0,0,0,2,0,0,0,7,0,2,0,0,0,160,7,45,0,290,31,128,0,0,23,18,0,3,0,13,0,17,0,11,0,0,0,0,0,0,0,2,0,6,0,3,0,0,0,0,0,2,0,4,0,7,0,12,0,7,0,0,0,2,0,0,0,3,0,14,0,0,0,0,0,14,0,56,0,0,0,3,0,0,0,0,0,0,0,0,0,0,0,0,0,0,0,0,0,0,0,0,0,0,0,0,0,0,0,0,0,5,1,0,0,0,0,5,0,0,0,0,0,0,0,0,0,0,0,0,0,1,0,0,0,5,0,14,0,63,1,17,0,30,0,9,0,37,0,0,0,65,10,26,0,9,0,6,0,3,0,309,0,0,0,2,0,0,0,0,0,0,0,0,0,4,0,0,0,0,0,0,0,0,0,78,21,259,28,135,2,6,21,0,0,1,0,0,0,0
0,3,0,0,0,0,0,0,0,0,0,10,0,49,0,0,0,0,0,13,1,0,0,0,0,0,0,63,0,0,0,0,0,1,0,0,0,0,0,0,11,156,0,7,31,219,8,158,23,0,0,12,0,0,0,0,0,0,0,0,0,0,0,0,0,0,0,0,0,5,0,2,0,0,0,0,0,18,0,0,0,8,0,25,0,4,0,6,0,0,0,2,0,3,0,14,0,0,0,0,0,0,0,7,0,0,0,10,0,0,0,0,0,3,0,0,0,0,0,0,0,0,0,1,0,0,0,0,0,1,0,0,0,0,0,0,0,0,0,0,0,0,0,0,0,0,0,0,0,0,0,0,0,0,0,1,0,0,0,0,0,0,0,0,0,77,0,9,0,61,0,2,0,0,0,0,0,102,0,11,0,7,0,0,0,0,46,20,0,0,0,0,0,0,0,0,0,0,0,0,0,0,0,0,0,0,0,0,0,0,0,0,0,0,13,0,0,1,41,28,36,2,2,0,18
13,0,0,0,74,0,0,0,0,0,0,0,265,39,16,0,11,0,168,70,48,0,0,0,9,0,329,116,8,0,18,0,33,0,117,0,98,0,0,0,64,0,116,0,142,27,63,0,18,0,0,0,0,0,0,0,0,0,0,0,0,0,0,0,0,0,0,0,1,0,24,0,6,0,32,0,5,0,0,0,0,0,0,0,91,0,15,0,0,0,37,0,0,0,0,0,106,0,50,0,0,0,0,0,0,0,48,0,0,0,0,0,0,0,0,0,0,0,0,0,47,0,44,0,0,0,0,0,0,0,0,0,0,0,0,0,0,0,0,0,0,0,106,0,97,0,4,0,0,0,0,0,0,0,0,0,10,0,0,0,0,0,46,0,48,0,25,0,85,0,31,0,94,0,0,0,11,18,30,0,0,0,8,0,9,0,45,0,0,0,0,0,0,0,0,0,0,0,0,0,0,0,0,0,0,0,0,0,0,0,62,60,157,27,21,2,1,13,0,0,1,0,0,0,0
0,5,0,0,0,54,0,0,0,0,0,21,0,102,0,0,0,0,28,244,0,115,0,1,0,0,0,249,0,3,0,18,0,5,0,43,0,64,0,1,0,65,0,106,0,145,0,0,0,12,0,0,0,0,0,0,0,0,0,0,0,10,0,0,0,0,0,0,0,0,0,4,0,1,0,0,0,5,0,0,0,0,0,0,0,30,0,0,0,0,0,0,0,0,0,5,0,7,0,0,0,0,0,0,0,0,0,0,0,0,0,0,0,0,0,0,0,0,0,0,0,0,0,0,0,0,0,0,0,0,0,0,0,0,0,0,0,0,0,0,0,26,0,80,0,44,0,0,0,0,0,0,0,0,0,2,0,7,0,0,0,0,0,0,0,42,0,32,0,77,0,13,0,20,0,0,0,11,0,0,0,0,0,0,0,0,7,69,0,0,0,0,0,0,0,0,0,0,0,0,0,0,0,0,0,0,0,0,0,0,0,0,0,0,29,0,0,0,128,55,58,28,0,0,0
0,0,3,0,0,0,222,4,321,15,0,0,0,0,0,0,81,0,0,0,0,0,0,0,18,0,0,0,9,0,15,0,13,0,3,0,10,0,0,0,0,0,0,0,0,0,0,0,3,0,0,0,0,2,77,21,183,9,79,35,22,0,73,2,2,1,24,30,0,0,0,0,0,0,0,0,0,0,0,0,0,0,0,0,19,0,0,0,0,0,0,0,0,0,0,0,25,0,0,0,0,0,0,0,0,0,14,0,0,0,0,0,0,0,0,0,0,0,0,0,0,0,14,0,0,0,27,0,85,0,20,0,23,0,18,0,180,0,345,0,76,0,125,0,45,0,6,0,0,0,10,0,0,0,161,3,61,0,92,0,82,0,4,0,1,0,0,0,5,0,109,0,5,0,1,0,74,0,0,0,0,0,24,0,32,6,0,0,0,0,0,0,0,0,0,0,0,0,0,0,4,0,0,0,0,0,0,0,19,0,211,131,68,108,107,0,10,3,1,2,0,2,0,0,0
0,28,0,0,0,0,14,96,41,190,0,2,0,0,0,2,0,61,0,2,0,29,0,12,0,10,0,0,0,25,0,0,0,8,0,5,0,4,0,23,0,0,0,0,0,0,0,0,0,0,0,0,2,0,13,80,0,61,24,40,4,68,0,88,0,0,7,3,0,0,0,0,0,0,0,0,0,0,0,0,0,0,0,0,0,20,0,0,0,0,0,0,0,0,0,0,0,4,0,0,0,0,0,0,0,0,0,0,0,0,0,0,0,0,0,0,0,0,0,0,0,0,0,0,0,0,0,7,0,30,0,22,0,24,0,92,0,118,0,269,0,58,0,76,0,48,0,0,0,0,0,0,0,0,0,216,0,87,0,131,0,55,0,2,0,0,0,0,0,7,6,24,0,7,0,0,27,48,0,0,0,0,0,2,3,3,0,0,0,0,0,0,0,0,0,0,0,0,0,0,0,0,0,0,0,0,0,0,0,40,3,1,0,3,39,0,0,0,63,56,22,42,0,5,0
0,0,15,0,6,0,336,7,90,57,0,0,0,0,34,0,64,0,76,0,50,0,89,0,125,4,0,0,21,0,39,0,17,0,0,0,12,0,17,0,0,0,0,0,22,0,0,0,13,0,0,0,77,13,0,43,160,6,64,36,40,0,78,6,6,0,31,28,0,0,0,0,0,0,0,0,2,0,0,0,0,0,0,0,0,0,0,0,0,0,0,0,0,0,0,0,0,0,0,0,0,0,0,0,0,0,0,0,0,0,0,0,0,0,0,0,0,0,0,0,0,0,0,0,63,0,92,0,27,0,79,0,59,0,51,0,135,0,12,0,9,0,67,0,4,0,43,0,0,0,49,0,0,0,77,3,30,0,23,0,118,0,18,0,9,0,0,0,34,0,334,0,25,0,0,0,67,11,1,0,0,0,8,0,14,5,0,0,0,0,0,0,0,0,0,0,0,0,0,0,0,0,0,0,0,0,0,0,105,0,288,46,279,399,369,11,56,0,2,0,0,0,0,0,0
0,5,0,15,0,0,35,124,140,61,0,0,0,0,0,64,0,102,0,24,0,53,0,54,0,151,0,0,0,37,0,3,0,0,0,0,0,0,0,36,0,0,0,0,1,0,0,0,0,0,0,0,21,80,43,0,4,132,47,136,7,41,0,129,0,8,15,0,0,4,0,0,0,0,0,0,0,0,0,0,0,0,0,3,0,5,0,0,0,0,0,0,0,0,0,0,0,0,0,0,0,1,0,0,0,0,0,0,0,0,0,0,0,0,0,0,0,0,0,0,0,0,0,0,0,85,0,67,0,28,0,64,0,25,0,0,0,51,0,28,0,0,0,0,0,1,0,0,0,67,0,30,0,0,0,148,0,52,0,21,0,98,0,5,0,7,0,9,0,57,0,168,2,145,0,2,74,86,0,0,0,0,0,4,10,30,0,0,0,0,0,0,0,0,0,0,0,0,0,0,0,0,0,0,0,0,0,19,0,83,21,4,0,0,316,0,0,0,273,77,371,388,5,76,0
0,0,5,0,0,0,16,0,3,0,0,0,0,0,0,0,0,0,0,0,0,0,0,0,0,0,0,0,0,0,0,0,0,0,3,0,0,0,0,0,0,0,0,0,0,0,0,0,17,0,0,0,183,0,160,4,0,0,111,14,5,0,5,1,24,8,9,14,0,0,0,0,0,0,0,0,0,0,0,0,0,0,0,0,0,0,0,0,0,0,0,0,0,0,0,0,0,0,0,0,0,0,0,0,0,0,0,0,0,0,0,0,0,0,2,0,0,0,0,0,0,0,0,0,13,0,13,0,32,0,41,0,20,0,10,0,0,0,0,0,0,0,0,0,20,0,0,0,9,0,8,0,0,0,111,1,43,0,63,1,105,0,70,0,10,0,0,0,103,0,294,0,0,0,0,0,0,0,0,0,24,2,0,0,41,0,0,0,0,0,0,0,0,0,0,0,0,0,0,0,0,0,0,0,0,0,0,0,22,0,623,85,768,515,838,68,53,3,4,0,2,0,0,0,0
1,5,0,3,0,10,5,3,3,14,0,4,0,0,0,7,0,58,0,0,0,27,0,9,0,23,0,0,0,9,0,0,0,4,0,0,0,0,0,0,0,0,0,0,0,0,0,0,0,0,0,0,9,61,6,132,0,0,15,308,1,5,0,13,0,14,16,68,0,6,0,0,0,0,0,0,0,6,0,0,0,1,0,0,0,0,0,0,0,0,0,0,0,5,0,0,0,0,0,0,0,0,0,0,0,0,0,0,0,0,0,0,0,0,0,0,0,0,0,0,0,0,0,0,0,23,0,30,0,19,0,61,0,22,0,0,0,15,0,27,0,0,0,0,0,6,0,0,0,21,0,19,0,0,0,109,1,23,0,106,0,213,0,0,0,4,0,8,0,106,0,327,0,47,0,1,2,0,0,0,0,0,0,0,7,32,0,0,0,0,0,0,0,0,0,0,0,0,0,0,0,0,0,0,0,0,0,0,0,33,6,4,0,2,302,0,0,0,297,139,452,452,20,36,0
0,0,5,0,3,0,17,0,17,0,2,0,0,0,0,0,2,0,0,0,0,0,1,0,0,0,0,0,0,0,0,0,0,0,0,0,0,0,0,0,0,0,0,0,0,0,0,0,11,0,0,0,79,24,64,47,111,15,0,75,33,0,0,0,96,11,103,78,0,0,0,0,0,0,0,0,0,0,0,0,0,0,0,0,0,0,0,0,0,0,0,0,0,0,0,0,0,0,0,0,0,0,1,0,0,0,0,0,0,0,0,0,0,0,0,0,0,0,0,0,0,0,0,0,0,0,0,0,3,0,104,0,0,0,0,0,0,0,0,0,0,0,0,0,5,0,0,0,34,0,0,0,0,0,72,4,88,0,2,0,45,0,28,0,12,0,0,0,34,0,150,0,0,0,38,0,0,0,0,0,34,1,0,0,324,17,0,0,0,0,0,0,0,0,0,0,0,0,0,0,0,0,0,0,0,0,0,0,1,0,782,175,321,477,888,69,48,0,7,0,6,0,0,0,0
0,4,0,6,0,0,0,10,29,65,0,4,0,0,0,0,0,9,0,9,0,7,0,0,0,15,0,0,0,0,0,0,0,0,0,0,0,0,0,0,0,0,0,0,0,0,0,0,0,0,0,0,35,40,36,136,14,308,75,0,0,0,0,14,0,29,91,154,0,0,0,0,0,0,0,0,0,9,0,0,0,0,0,3,0,0,0,0,0,0,0,0,0,9,0,3,0,0,0,0,0,0,0,1,0,0,0,0,0,0,0,0,0,0,1,0,0,0,0,0,0,0,0,0,0,10,0,0,0,0,0,25,0,0,0,0,0,0,0,1,0,0,0,0,0,0,0,0,0,27,0,0,0,0,0,96,0,126,0,26,0,22,0,0,0,5,0,7,0,109,0,139,0,36,0,4,0,0,0,0,1,0,0,0,42,84,0,0,0,0,0,0,0,0,0,1,0,0,0,0,0,0,0,0,0,0,0,0,0,0,26,6,4,0,849,0,0,0,837,248,644,704,65,94,0
132,0,113,0,0,0,449,0,257,0,0,0,0,0,3,10,16,0,0,0,4,0,18,0,49,21,24,0,0,0,1,0,16,0,0,0,34,1,3,0,0,0,0,0,0,0,0,0,0,0,0,0,22,4,40,7,5,1,33,0,0,0,32,6,0,0,0,0,0,0,0,0,0,0,0,0,0,0,0,0,0,0,0,0,0,0,0,0,0,0,0,0,0,0,0,0,0,0,0,0,0,0,0,0,0,0,0,0,0,0,0,0,0,0,0,0,0,0,0,0,0,0,0,0,0,0,0,0,0,0,0,0,0,0,0,0,0,0,104,0,39,0,29,0,153,0,0,0,0,0,0,0,0,0,31,0,81,0,3,0,0,0,6,0,1,0,3,0,0,0,49,0,228,0,0,0,101,0,0,0,0,0,42,0,16,0,0,0,0,0,0,0,0,0,0,0,0,0,0,0,0,0,0,0,0,0,0,0,0,0,186,154,26,80,63,1,0,0,4,0,0,0,0,0,0
0,161,4,24,0,0,0,297,0,93,0,0,0,0,0,2,0,20,0,0,0,6,0,4,0,44,0,0,0,35,0,3,0,41,0,14,0,64,0,44,0,0,0,15,0,2,0,0,0,0,0,10,0,68,0,41,0,5,0,0,0,0,0,64,0,0,0,0,0,0,0,0,0,0,0,0,0,0,0,0,0,0,0,0,0,0,0,0,0,0,0,0,0,0,0,0,0,0,0,0,0,0,0,0,0,0,0,0,0,0,0,0,0,0,0,0,0,0,0,0,0,0,0,0,0,0,0,0,0,0,0,0,0,0,0,0,0,16,0,63,0,120,0,39,0,153,0,0,0,0,0,0,0,0,0,28,0,110,0,26,0,0,0,4,0,1,0,8,0,7,0,23,0,66,0,0,0,29,0,0,0,0,0,13,0,0,0,0,0,0,0,0,0,0,0,0,0,0,0,0,0,0,0,0,0,0,0,0,0,0,1,0,0,0,50,0,0,0,90,311,47,42,0,13,0
47,0,0,0,0,1,701,4,335,0,0,0,0,0,0,0,187,0,25,0,56,0,5,0,105,13,44,0,23,0,42,0,36,0,6,0,15,0,27,0,0,0,0,0,0,0,0,0,0,0,0,0,73,0,78,0,5,0,0,0,32,0,0,0,0,0,1,0,1,0,3,0,0,0,0,0,0,0,0,0,0,0,0,0,0,0,0,0,0,0,0,0,0,0,0,0,0,0,0,0,0,0,0,0,0,0,0,0,0,0,0,0,0,0,0,0,0,0,0,0,0,0,0,0,0,0,0,0,0,0,0,0,7,0,0,0,44,0,108,0,43,0,37,0,47,0,0,0,0,0,0,0,0,0,64,0,20,0,9,0,0,0,0,0,0,0,0,0,0,0,6,0,23,0,1,0,44,3,0,0,0,0,44,0,0,0,0,0,0,0,0,0,0,0,0,0,0,0,0,0,0,0,0,0,0,0,0,0,2,0,141,87,0,39,33,0,1,2,0,2,0,0,0,0,0
5,149,11,14,0,0,27,570,25,200,0,0,0,0,0,0,0,184,0,0,0,50,5,20,3,197,0,0,0,11,0,3,0,6,0,1,0,0,0,30,0,0,0,0,0,0,0,0,0,0,0,0,2,88,6,129,1,13,0,14,6,64,0,0,0,0,0,0,0,0,0,0,0,0,0,0,0,0,0,0,0,6,0,0,0,0,0,0,0,0,0,3,0,0,0,0,0,0,0,0,0,0,0,0,0,0,0,0,0,0,0,0,0,0,0,0,0,0,0,0,0,0,0,0,0,0,0,0,0,0,0,0,0,0,0,0,0,44,0,88,0,29,0,41,0,39,0,0,0,0,0,0,0,0,0,57,0,33,0,30,0,6,0,0,0,0,0,0,0,0,0,5,0,5,0,0,28,57,0,0,0,0,0,12,0,0,0,0,0,0,0,0,0,0,0,0,0,0,0,0,0,0,0,0,0,0,0,0,0,0,0,0,3,6,13,0,0,0,77,103,18,22,0,6,0
0,0,10,0,14,0,14,0,138,0,0,0,15,0,0,0,0,0,0,0,0,0,0,0,0,2,0,0,0,0,0,0,0,0,0,0,0,0,0,0,0,0,0,0,0,0,0,0,0,0,0,0,2,0,6,0,24,0,96,0,0,0,0,0,0,4,99,0,0,0,0,1,0,0,0,0,0,0,0,0,0,0,0,0,0,0,0,0,0,0,0,0,0,0,0,0,0,0,0,0,0,0,0,0,0,0,0,0,0,0,0,0,0,0,0,0,0,0,0,0,0,2,0,0,10,0,14,0,0,0,38,8,0,0,0,0,0,0,3,0,0,0,0,0,7,0,18,0,67,4,7,3,0,0,0,0,0,0,2,0,293,0,3,0,0,0,0,0,0,0,0,0,0,0,14,0,0,0,0,0,127,4,5,0,134,2,0,0,0,0,0,0,0,0,0,0,0,0,0,0,0,0,0,0,0,0,0,1,5,1,63,0,0,0,37,0,0,0,0,0,0,1,0,0,0
0,112,0,34,0,0,0,13,0,237,0,0,0,0,0,53,0,0,0,67,0,0,0,8,0,10,0,0,0,9,0,0,0,0,0,0,0,0,0,0,0,0,0,0,0,0,0,0,0,0,0,0,1,0,0,8,8,14,11,29,0,0,0,0,4,0,6,296,0,0,0,13,0,4,0,0,0,0,0,0,0,0,0,0,0,0,0,0,0,0,0,0,0,2,0,0,0,0,0,7,0,0,0,0,0,0,0,0,0,0,0,0,0,0,0,0,0,0,0,0,0,9,0,0,1,31,0,33,1,0,11,52,0,0,0,0,0,0,3,15,0,7,0,0,5,98,0,33,13,248,0,23,0,5,6,5,0,6,1,0,15,195,0,11,0,0,0,0,0,0,0,0,0,0,0,22,0,0,0,0,42,136,0,0,14,56,0,0,0,0,0,0,0,0,0,0,0,0,0,0,0,0,0,0,0,0,0,3,0,6,6,0,0,0,74,0,0,0,201,0,126,0,4,0,0
2,0,16,0,8,0,40,0,196,0,0,0,0,0,0,0,0,0,0,0,0,0,0,0,0,0,0,0,0,0,0,0,0,0,0,0,0,0,0,0,0,0,0,0,0,0,0,0,2,0,0,0,24,7,31,15,9,16,103,91,0,0,1,0,99,6,0,105,0,0,0,0,0,0,0,0,0,0,0,0,0,0,0,0,0,0,0,0,0,0,0,0,0,0,0,0,0,0,0,0,0,0,0,0,0,0,0,0,0,0,0,0,0,0,0,0,0,0,0,0,0,0,0,0,0,0,0,0,0,0,19,0,0,0,0,0,0,0,1,0,0,0,0,0,0,0,1,0,25,0,0,0,0,0,26,7,37,0,0,4,70,0,0,0,2,0,0,0,5,0,45,0,0,0,19,0,10,0,1,0,24,0,1,0,679,10,0,0,0,0,0,0,0,0,0,0,0,0,0,0,0,0,0,0,0,0,0,0,0,0,191,76,60,124,182,17,0,0,1,2,0,0,0,0,0
0,111,0,28,0,0,0,19,15,229,0,12,0,0,0,22,0,0,0,30,0,0,0,0,0,0,0,0,0,0,0,0,0,0,0,0,0,0,0,0,0,0,0,0,0,0,0,0,0,0,0,0,30,3,28,0,14,68,78,154,0,0,0,0,0,296,105,0,0,0,0,0,0,0,0,0,0,0,0,0,0,0,0,0,0,0,0,0,0,0,0,0,0,1,0,0,0,0,0,0,0,0,0,0,0,0,0,0,0,0,0,0,0,0,0,0,0,0,0,0,0,0,0,0,1,6,0,0,0,0,0,17,0,0,0,0,0,0,0,0,0,0,0,0,0,7,0,0,0,50,0,0,0,0,4,14,3,21,0,0,0,13,0,0,0,0,0,0,0,20,0,0,0,2,2,12,6,0,0,0,0,0,0,0,40,493,0,0,0,0,0,0,0,0,0,0,0,0,0,0,0,0,0,0,0,0,0,0,0,0,8,3,0,0,237,0,0,0,293,121,136,148,15,3,0
0,0,0,0,0,0,0,0,0,0,0,0,0,0,0,0,0,0,0,0,0,0,0,0,0,0,0,0,0,0,0,0,0,0,0,0,0,0,0,0,2,0,0,0,3,0,0,0,6,0,1,0,0,0,0,0,0,0,0,0,0,0,1,0,0,0,0,0,0,0,2,0,20,0,0,0,24,0,12,0,3,0,15,0,3,0,5,0,41,0,0,0,37,0,12,0,0,0,0,0,50,0,244,0,15,0,59,0,8,0,2,0,0,0,0,0,5,0,1,0,0,0,0,0,0,0,2,0,0,0,0,0,0,0,0,0,0,0,0,0,0,0,0,0,0,0,0,0,0,0,1,0,0,0,0,0,0,0,0,0,1,0,4,0,34,0,0,0,132,0,10,0,0,0,0,0,1,0,0,0,0,0,0,0,0,0,0,0,0,0,0,0,0,0,0,0,0,0,7,0,0,0,0,0,0,0,0,0,7,1,38,10,59,2,32,24,20,4,0,0,0,0,0,0,0
0,0,0,0,0,0,0,3,0,2,0,0,0,0,0,0,0,0,0,0,0,0,0,0,0,0,0,0,0,0,0,0,0,0,0,0,0,0,0,0,0,0,0,0,0,0,0,0,0,5,0,0,0,0,0,4,0,6,0,0,0,0,0,0,0,0,0,0,0,0,0,0,0,0,0,0,0,49,0,0,0,0,0,84,0,0,0,7,0,40,0,0,0,13,0,14,0,0,0,0,0,1,0,77,0,0,0,20,0,1,0,4,0,8,0,1,0,1,0,1,0,0,0,0,0,0,0,0,0,0,0,0,0,0,0,1,0,0,0,0,0,0,0,0,0,0,0,0,0,0,0,0,0,0,0,2,0,0,0,0,0,0,0,0,0,20,0,0,0,37,0,2,0,0,0,0,0,0,0,0,0,0,0,0,0,0,0,0,0,0,0,0,0,0,0,0,0,0,0,0,0,0,0,0,0,0,0,0,0,0,0,0,0,0,0,0,0,0,7,5,73,2,10,8,0
0,0,0,0,0,0,0,0,0,0,0,0,0,0,0,0,0,0,0,0,0,0,0,0,0,0,0,0,0,0,0,0,0,0,0,0,5,0,0,0,0,0,10,0,10,0,0,0,3,0,24,0,0,0,0,0,0,0,0,0,0,0,3,0,0,0,0,0,2,0,0,0,238,0,432,0,13,0,93,0,9,0,0,0,0,0,12,0,0,0,0,0,0,0,0,0,0,0,0,0,0,0,0,0,0,0,0,0,0,0,0,0,0,0,0,0,0,0,0,0,67,0,40,0,16,0,0,9,18,0,46,3,39,0,49,5,57,0,0,0,41,0,82,0,140,0,0,0,0,0,35,0,13,0,1,0,0,0,1,0,0,0,56,0,0,0,9,0,12,0,11,0,14,0,8,0,0,0,0,0,36,0,0,0,0,0,0,0,0,0,0,0,0,0,0,0,0,0,33,0,15,0,34,0,0,0,0,0,62,6,45,0,30,0,0,0,0,0,0,0,0,0,0,0,0
0,6,0,0,0,0,0,0,0,0,0,0,0,0,0,0,0,0,0,0,0,8,0,0,0,0,0,0,0,0,0,1,0,0,0,0,0,0,0,0,0,0,0,9,0,0,0,0,0,2,0,4,0,0,0,0,0,0,0,0,0,0,0,0,1,13,0,0,0,0,0,0,0,177,0,246,0,8,0,13,0,8,0,0,0,0,0,64,0,0,0,0,0,0,0,0,0,1,0,0,0,0,0,0,0,0,0,0,0,0,0,0,0,0,0,0,0,0,0,0,1,8,0,9,0,0,0,0,0,16,0,25,0,0,0,0,0,0,0,0,0,16,0,13,2,105,0,0,0,17,0,0,8,0,0,1,0,0,0,0,0,0,0,57,0,0,0,10,0,18,0,13,0,0,0,14,0,1,0,0,10,35,0,0,2,4,0,0,0,0,0,0,0,0,0,0,0,0,0,0,0,0,0,0,0,0,0,0,2,0,0,0,0,0,0,0,0,0,32,0,11,0,0,0,0
0,0,0,0,0,0,0,0,0,0,0,0,0,0,0,0,0,0,0,0,0,0,0,0,0,0,0,0,0,0,0,0,0,0,0,0,0,0,0,0,0,0,0,0,0,0,0,0,0,0,6,0,0,0,0,0,0,0,0,0,0,0,0,0,0,0,0,0,20,0,238,0,0,0,75,0,47,0,114,0,24,1,4,0,26,0,29,0,0,0,0,0,36,0,0,0,16,2,8,0,0,3,10,0,0,0,0,0,0,0,0,0,0,0,0,0,0,0,0,0,31,0,30,0,33,0,36,0,30,0,54,0,53,0,59,0,33,0,0,0,30,0,57,0,71,0,45,0,0,0,37,0,8,4,0,0,0,0,0,0,0,0,109,0,0,0,3,0,34,0,16,0,6,0,6,0,0,0,0,0,0,0,0,0,1,0,0,0,39,0,0,0,112,0,6,0,0,0,141,0,78,0,320,0,96,0,0,0,74,0,366,17,64,9,35,2,5,0,0,0,0,0,0,0,0
0,0,0,0,0,0,0,1,0,0,0,0,0,0,0,0,0,0,0,0,0,0,0,0,0,0,0,0,0,0,0,0,0,0,0,0,0,0,0,0,0,0,0,0,0,0,0,0,0,0,0,1,0,0,0,0,0,0,0,0,0,0,0,0,0,4,0,0,0,0,0,177,0,0,0,352,0,27,0,104,0,26,0,10,0,34,0,126,0,0,0,0,0,0,0,0,0,12,0,0,0,0,0,0,0,0,7,0,0,0,0,0,0,1,0,0,0,0,0,0,0,47,0,35,0,43,0,58,0,9,4,14,0,19,0,137,0,0,0,0,0,22,0,18,0,35,0,46,4,5,0,68,0,18,0,0,0,0,0,0,0,0,0,55,0,0,0,0,0,7,0,10,0,0,0,9,0,0,0,0,0,26,0,0,0,1,0,0,0,125,0,0,0,0,0,22,0,0,0,0,0,83,0,0,0,53,0,0,0,80,2,0,0,0,26,0,0,0,225,0,19,0,0,0,0
4,0,0,0,0,0,0,0,0,0,0,0,0,0,0,0,7,0,28,0,20,0,0,0,0,0,0,0,0,0,12,0,0,0,0,0,0,0,7,0,0,0,0,0,22,0,0,0,0,0,32,0,0,0,0,0,0,0,0,0,0,0,0,0,0,0,0,0,0,0,432,0,75,0,0,0,6,0,50,0,4,0,3,0,7,0,6,0,0,0,0,0,0,0,0,0,0,0,0,0,0,0,9,0,0,0,0,0,0,0,0,0,1,0,0,0,0,0,0,0,84,0,41,0,0,4,0,0,0,0,10,0,0,0,30,0,24,0,4,0,49,0,163,0,185,0,27,4,0,0,11,0,8,2,0,0,0,0,0,0,0,0,38,0,0,0,10,0,11,0,5,0,0,0,5,0,0,0,0,0,19,0,0,0,1,0,0,0,0,0,5,0,0,0,0,0,3,0,33,0,32,0,63,0,0,0,0,0,15,5,70,3,0,5,6,1,0,0,0,0,0,0,0,0,0
0,0,0,0,0,0,0,0,0,0,0,0,0,0,0,0,0,0,0,0,0,17,0,0,0,0,0,0,0,0,0,0,0,0,0,3,0,2,0,0,0,0,0,0,0,4,0,0,0,0,0,0,0,0,0,0,0,0,0,0,0,0,0,0,0,0,0,0,0,0,0,246,0,352,0,0,0,6,0,241,0,0,0,0,0,12,0,60,0,0,0,0,0,0,0,0,8,0,0,0,0,0,0,0,0,1,0,0,0,0,0,0,0,0,0,0,0,0,0,0,0,310,0,35,0,0,0,0,0,0,0,0,0,0,0,140,0,19,0,0,0,46,0,71,0,208,0,0,0,22,0,92,17,0,0,0,0,0,1,0,2,0,0,67,0,1,0,0,0,0,0,0,0,0,0,24,0,0,0,0,11,53,0,0,1,0,0,0,0,0,0,0,0,0,0,0,0,38,0,57,0,23,0,0,0,0,0,0,0,120,0,0,0,0,7,0,0,0,92,2,20,0,0,0,0
0,0,0,0,0,0,0,0,3,0,0,0,0,0,0,0,0,0,0,0,0,0,0,0,0,0,0,0,0,0,0,0,0,0,0,0,0,0,0,0,0,0,0,0,0,0,0,0,2,0,5,0,0,0,2,0,0,0,0,0,0,0,0,0,0,0,0,0,24,0,13,0,47,0,6,0,0,0,54,0,9,0,31,0,22,0,13,0,0,0,0,0,21,0,25,0,28,0,10,0,15,0,187,0,0,0,20,0,7,0,0,0,0,0,0,0,8,0,0,0,15,0,0,0,0,0,0,0,0,0,0,0,1,0,0,0,0,0,0,0,0,0,0,0,7,0,0,0,0,0,0,0,0,0,0,0,0,0,0,0,0,0,0,0,33,0,0,0,47,0,0,0,0,0,0,0,0,0,0,0,0,0,0,0,0,0,1,0,0,0,0,0,79,0,0,0,0,0,0,0,93,0,0,0,119,0,0,0,0,0,33,11,27,5,0,10,14,0,0,0,0,0,0,0,0
0,0,0,0,0,0,0,0,1,4,0,0,0,0,0,0,0,0,0,0,0,0,0,0,0,0,0,0,0,0,0,0,0,0,0,0,0,0,0,0,0,0,0,0,0,12,0,0,0,18,0,5,0,0,0,0,0,6,0,9,0,0,0,0,0,0,0,0,0,49,0,8,0,27,0,6,0,0,0,6,0,41,0,58,0,28,0,118,0,55,0,32,0,4,0,84,0,79,0,35,0,16,0,80,0,118,0,133,0,1,0,0,0,33,0,0,0,17,0,1,0,14,0,0,0,0,0,0,0,0,0,0,0,0,0,20,0,0,0,0,0,0,0,0,0,0,0,0,3,0,0,0,0,0,0,0,0,0,0,0,0,0,0,7,0,34,0,0,0,78,0,0,0,0,0,0,0,3,0,0,0,0,0,0,0,0,0,0,0,0,0,0,0,0,0,66,0,19,0,0,0,80,0,0,0,117,0,0,3,0,0,0,0,0,14,0,0,0,39,22,115,0,8,4,2
0,0,0,0,0,0,0,0,0,0,0,0,0,0,0,0,0,0,0,0,0,0,0,0,0,0,0,0,0,0,0,0,0,0,0,0,0,0,0,0,0,0,0,0,0,0,0,0,4,0,0,0,0,0,0,0,0,0,0,0,0,0,0,0,0,0,0,0,12,0,93,0,114,0,50,0,54,0,0,0,25,0,104,0,72,0,35,0,0,0,0,0,38,0,4,0,31,0,11,0,8,0,62,0,0,0,0,0,3,0,0,0,0,0,0,0,0,0,0,0,95,0,63,0,0,0,3,0,0,0,0,0,7,0,0,0,0,0,0,0,19,0,37,0,29,0,0,0,0,0,0,0,0,0,0,0,0,0,0,0,0,0,15,0,9,0,0,0,53,0,0,0,0,0,0,0,0,0,0,0,0,3,0,0,0,0,0,0,0,0,0,0,0,0,0,0,10,0,114,0,126,0,147,0,0,0,0,0,0,0,226,0,17,0,22,7,8,0,0,0,0,0,0,0,0
0,0,0,0,0,0,0,0,0,0,0,0,0,0,0,0,0,0,0,0,0,0,0,0,0,0,0,0,0,0,0,0,0,1,0,0,0,0,0,0,0,0,0,0,0,1,0,0,0,0,0,0,0,0,0,0,0,0,0,0,0,0,0,0,0,0,0,0,0,0,0,13,0,104,0,241,0,6,0,0,0,1,0,0,0,10,0,23,0,0,0,0,0,0,0,0,0,0,0,0,0,0,0,0,0,0,0,0,0,0,0,0,0,0,0,0,0,0,0,0,0,22,0,3,0,0,0,0,0,1,0,0,0,0,0,91,0,0,0,0,0,18,0,32,0,31,0,0,0,0,0,0,0,0,0,0,0,1,0,0,0,0,0,5,0,0,0,0,0,3,0,0,0,0,0,0,0,0,0,0,0,0,0,0,0,0,0,0,0,14,0,0,0,0,0,0,0,24,0,44,0,23,0,80,0,0,0,0,0,44,0,0,0,0,4,0,0,0,21,0,1,0,3,0,0
