0,333,18,104,92,0,8,114,58,32,172,0,154,0,0,53,11,88,3,0,0,4,16,175,5,81,0,0,36,0,0,0,55,0,0,0,97,12,331,25,20,0,0,0,0,1,32,0,5,0,0,0,0,0,3,0,3,0,0,0,48,4,34,3,10,0,0,0,0,0,0,0,0,0,0,0,0,0,0,0,0,0,0,0,0,0,0,0,0,0,0,0,0,0,0,0,0,0,0,0,0,0,0,0,0,0,0,0,0,0,0,0,0,0,0,0,0,0,0,0,1,0,0,0,12,0,13,0,0,0,0,0,0,0,5,0,0,0,0,0,0,0,0,0,0,0,0,0,31,0,0,0,26,0,0,0,0,0,0,0,0,0,0,0,4,0,0,0,20,0,23,0,170,0,2,0,364,100,13,0,38,0,42,4,60,0,0,0,0,0,0,0,0,0,0,0,0,0,0,0,0,0,0,0,0,0,0,0,9,0,735,168,230,0,183,0,2,0,17,0,0,0,0,0,0
333,0,211,69,51,302,108,26,45,34,47,183,0,109,40,36,62,53,0,85,7,14,277,41,263,6,0,333,0,33,0,13,0,144,0,0,0,245,10,310,0,63,0,0,0,23,0,181,0,0,0,0,0,17,2,2,0,0,0,22,0,88,8,38,0,43,0,16,0,0,0,0,0,0,0,0,0,0,0,0,0,7,0,0,0,0,0,0,0,0,0,0,0,0,0,0,0,0,0,0,0,0,0,0,0,0,1,0,0,0,0,3,0,0,0,0,0,0,0,20,0,0,0,0,0,0,0,0,0,0,0,12,0,0,0,11,0,17,0,0,0,0,0,0,0,0,0,8,0,54,0,146,0,96,0,0,0,14,0,0,0,0,0,0,0,9,0,0,0,25,0,32,0,238,0,21,199,371,0,2,0,88,15,6,0,96,0,0,0,0,0,0,0,0,0,0,0,3,0,0,0,10,0,0,0,0,0,7,0,24,0,7,0,0,397,0,0,0,933,191,518,253,0,77,0
18,211,0,82,473,0,33,39,0,0,72,81,192,0,110,87,36,37,127,0,45,0,383,129,29,21,89,0,140,0,22,0,291,0,0,0,79,16,385,14,0,0,0,0,25,0,84,0,7,0,0,0,0,0,40,0,8,0,0,0,10,0,8,0,4,0,0,1,0,0,0,0,0,0,0,0,0,0,0,0,0,0,0,0,0,0,0,0,0,0,0,0,0,0,0,0,0,0,0,0,0,0,0,0,0,0,0,0,0,0,0,0,0,0,0,0,0,0,0,0,0,0,0,0,10,0,31,0,0,0,17,0,0,0,225,0,48,0,13,2,0,0,0,0,0,0,40,0,30,0,72,0,13,0,5,0,0,0,3,0,4,0,0,0,0,0,116,0,34,0,17,0,230,0,0,0,94,52,0,0,19,0,3,0,0,0,0,0,0,0,0,0,0,0,0,0,7,0,0,0,49,0,0,0,0,0,0,0,142,0,665,39,438,212,321,0,8,0,0,0,0,0,0,0,0
104,69,82,0,42,180,0,141,0,0,58,17,0,0,25,520,16,16,0,329,9,46,119,508,25,102,0,122,0,167,0,0,0,245,0,0,0,211,0,293,0,0,0,0,0,0,0,0,0,0,0,4,0,0,0,77,0,0,0,6,0,0,1,0,0,0,0,0,0,0,0,0,0,0,0,0,0,0,0,0,0,0,0,0,0,44,0,0,0,0,0,0,0,0,0,0,0,94,0,0,0,0,0,0,0,0,0,49,0,0,0,0,0,0,0,0,0,0,0,0,0,0,0,0,0,8,0,0,0,0,0,19,0,0,0,132,0,106,0,0,0,0,0,39,0,0,0,0,0,0,0,0,0,0,0,0,0,0,0,0,0,0,0,0,0,0,0,96,0,0,0,5,0,157,0,0,39,20,0,0,0,0,0,0,0,0,0,0,0,0,0,0,0,2,0,0,0,0,0,0,0,0,0,0,0,0,0,0,0,0,0,0,0,0,139,0,0,0,264,34,419,83,0,0,0
92,51,473,42,0,468,7,0,25,0,151,149,386,158,169,433,0,9,138,280,211,112,126,88,0,0,223,55,6,3,115,31,232,0,257,30,156,0,18,0,59,0,0,9,18,0,188,0,17,0,127,0,0,0,0,0,0,0,0,0,0,0,0,0,14,0,0,0,0,0,0,0,0,0,0,0,0,0,0,0,0,0,0,0,0,0,0,2,0,0,0,0,0,0,0,0,0,0,0,0,0,0,0,0,0,0,0,0,0,0,0,0,0,0,0,0,0,0,0,0,0,0,0,0,14,0,34,0,0,0,0,0,0,0,77,0,0,0,0,0,0,0,0,0,0,0,50,0,107,0,147,0,73,0,3,0,5,0,0,0,0,0,0,0,73,5,309,0,209,0,0,0,224,0,0,0,237,129,9,2,77,0,18,0,71,0,0,0,0,0,0,0,0,0,0,0,13,0,0,0,0,0,0,0,0,0,0,0,63,0,490,177,686,275,201,7,0,0,0,0,0,0,0,0,0
0,302,0,180,468,0,0,187,0,15,193,167,196,83,308,181,0,0,123,309,92,342,36,87,0,5,20,506,0,0,14,122,0,168,20,188,0,362,0,0,0,37,0,46,1,31,0,94,2,3,13,0,0,0,0,18,0,4,0,5,0,0,0,13,0,17,0,2,0,0,0,0,0,0,0,0,0,0,0,0,0,29,0,0,0,0,0,0,0,0,0,0,0,0,0,0,0,0,0,0,0,0,0,0,0,35,0,89,0,0,0,0,0,3,0,0,0,0,0,0,0,0,0,0,0,0,0,0,0,0,0,0,0,0,0,109,0,112,0,0,0,0,0,0,0,0,0,0,0,54,0,143,0,77,0,0,0,0,0,0,0,0,0,0,0,64,0,391,0,141,0,15,0,101,0,0,41,319,0,14,0,56,0,0,0,47,5,0,0,0,0,0,0,0,0,0,0,0,0,0,0,93,0,0,0,0,0,0,0,71,0,0,0,1,146,0,0,0,338,139,647,0,0,0,0
8,108,33,0,7,0,0,92,81,313,3,0,11,0,0,0,0,21,0,1,0,0,9,0,189,91,0,0,33,0,0,0,1,0,0,0,0,0,110,0,0,0,0,0,0,0,6,0,7,0,3,0,71,12,74,29,8,0,1,0,183,0,259,42,44,1,35,13,0,0,0,0,0,0,0,0,0,0,0,0,0,0,0,0,0,0,0,0,0,0,0,0,0,0,0,0,0,0,0,0,0,0,0,0,0,0,0,0,0,0,0,0,0,0,0,0,0,0,0,0,0,0,0,0,32,0,43,0,22,0,44,0,6,0,34,0,14,0,0,0,0,0,12,0,0,0,19,0,30,0,22,0,0,0,6,0,4,0,4,0,13,0,0,0,0,0,0,0,24,0,226,0,164,7,0,0,76,42,0,0,0,0,2,0,2,0,0,0,0,0,0,0,0,0,0,0,0,0,10,0,0,0,0,0,0,0,0,0,27,0,870,121,340,322,597,0,38,7,0,0,0,0,0,0,0
114,26,39,141,0,187,92,0,198,24,0,25,0,21,0,81,20,8,0,104,0,35,0,56,202,243,0,148,0,53,0,0,0,51,0,0,0,114,0,428,0,0,0,0,0,0,0,0,0,0,0,0,9,10,0,133,0,9,0,7,0,193,39,198,0,10,0,7,0,0,0,0,0,0,0,0,0,0,0,0,0,0,0,0,0,13,0,0,0,0,0,0,0,0,0,0,0,30,0,19,0,34,0,0,0,0,0,0,0,0,0,0,0,0,0,0,0,0,0,0,0,0,0,0,0,28,0,24,0,0,0,64,0,23,1,83,0,98,0,0,0,0,0,0,0,0,0,9,0,7,0,0,0,0,0,0,0,0,0,0,0,11,0,7,0,0,0,15,0,22,0,26,0,332,0,0,65,40,2,0,0,0,9,0,0,1,0,0,0,0,0,0,0,1,0,0,0,0,0,0,0,0,0,0,0,0,0,18,0,80,0,0,0,0,474,0,0,0,672,96,460,315,0,158,0
58,45,0,0,25,0,81,198,0,725,62,0,52,0,0,0,1,30,6,0,0,2,3,10,15,127,0,0,1,0,0,0,0,0,0,0,0,0,28,0,0,0,0,0,0,1,27,0,6,0,0,0,34,49,19,187,0,0,196,42,160,0,144,100,197,0,115,82,0,0,0,0,0,0,0,0,0,0,0,0,0,0,0,0,0,0,0,0,0,0,1,0,0,0,0,0,3,0,0,0,0,0,0,0,0,0,3,0,0,0,0,0,0,0,0,0,0,0,0,0,1,0,0,0,41,0,39,0,1,0,29,0,0,0,13,0,0,0,0,0,0,0,0,0,0,0,34,0,96,0,70,0,27,0,8,0,10,0,0,0,6,0,0,0,0,0,0,0,12,0,85,0,32,0,0,0,247,43,4,0,0,0,4,0,93,3,0,0,0,0,0,0,0,0,0,0,0,0,0,0,1,0,1,0,4,0,2,0,15,0,341,87,168,0,166,0,0,0,0,0,0,0,0,0,0
32,34,0,0,0,15,313,24,725,0,0,19,0,0,0,3,19,0,0,0,0,0,0,1,267,11,0,37,0,0,0,0,0,1,0,0,0,0,0,0,0,5,0,0,0,0,0,15,0,0,0,0,119,34,176,36,9,10,60,69,0,159,112,185,0,226,88,90,0,0,0,0,0,0,0,0,0,0,0,0,0,0,0,0,2,0,0,0,0,0,0,0,0,0,0,0,0,0,0,0,0,0,0,0,0,19,0,0,0,0,0,0,0,1,0,0,0,0,0,0,0,0,0,0,0,55,0,34,0,0,0,126,0,29,0,43,0,82,0,5,1,1,0,0,0,0,0,68,2,151,0,116,0,30,0,3,0,0,0,5,0,19,0,0,0,2,0,0,0,9,0,18,0,118,0,1,90,242,0,1,0,8,0,10,0,38,0,0,0,0,0,0,0,0,0,0,0,0,0,19,0,45,0,0,0,0,0,40,0,175,2,0,0,0,177,0,0,0,408,55,139,87,14,0,0
172,47,72,58,151,193,3,0,62,0,0,83,318,6,29,284,0,9,7,65,107,40,30,122,0,0,36,0,0,0,56,0,199,16,40,0,89,12,10,0,46,0,3,0,22,0,121,0,7,0,0,0,0,0,0,0,0,0,0,0,0,0,0,0,12,0,0,0,0,0,0,0,0,0,0,0,0,0,0,0,0,0,0,0,0,0,0,0,0,0,0,0,0,0,0,0,0,0,0,0,0,0,0,0,0,0,0,0,0,0,0,0,0,0,0,0,0,0,0,0,0,0,0,0,9,0,10,0,0,0,0,0,0,0,0,0,0,0,0,0,0,0,0,0,0,0,9,0,20,0,36,0,0,0,0,0,0,0,0,0,1,0,3,0,0,0,111,0,0,0,0,0,96,0,16,0,302,54,59,0,83,0,38,0,31,0,45,0,0,0,0,0,0,0,0,0,0,0,0,0,0,0,0,0,0,0,0,0,8,0,389,164,355,161,119,0,0,0,18,0,29,0,0,0,0
0,183,81,17,149,167,0,25,0,19,83,0,21,386,133,29,0,5,18,38,24,66,88,22,0,0,0,283,0,25,0,44,0,161,0,51,0,145,0,41,0,185,0,10,0,0,0,275,0,15,0,0,0,0,0,2,0,0,0,0,0,0,0,4,0,6,0,0,0,0,0,1,0,0,0,0,0,0,0,0,0,0,0,0,0,0,0,0,0,0,0,0,0,0,0,0,0,0,0,0,0,0,0,0,0,5,0,0,0,0,0,0,0,0,0,0,0,0,0,0,0,0,0,0,0,0,0,3,0,0,0,0,0,0,0,0,0,0,0,0,0,0,0,0,0,0,0,0,0,0,0,77,0,51,0,0,0,0,0,0,0,0,0,3,0,14,0,101,0,0,0,0,0,45,0,20,22,192,0,22,0,74,1,11,0,30,0,2,0,0,0,0,0,0,0,0,0,0,0,0,0,0,0,0,0,0,0,7,0,5,0,0,0,0,76,0,0,0,271,83,264,0,0,8,2
154,0,192,0,386,196,11,0,52,0,318,21,0,531,31,17,0,0,97,302,101,64,41,0,0,0,212,648,0,0,9,0,7,0,142,30,18,0,0,0,204,26,165,0,37,18,311,57,21,0,244,0,0,0,0,0,0,0,0,0,0,0,0,0,23,0,0,0,0,0,0,0,0,0,0,0,0,0,0,0,0,0,0,0,0,0,0,0,0,0,0,0,0,0,0,0,0,0,0,0,0,0,0,0,0,0,0,0,0,0,0,0,0,0,0,0,0,0,0,0,0,0,0,0,0,0,17,0,0,0,0,0,0,0,40,0,0,0,0,0,0,0,0,0,0,0,0,0,46,0,98,0,0,0,2,0,0,0,0,0,0,0,0,0,115,0,12,0,106,0,0,0,0,0,36,0,262,75,58,0,143,0,75,0,61,0,85,0,0,0,0,0,0,0,0,0,0,1,0,0,0,0,0,0,0,0,0,0,25,0,0,169,250,38,27,0,0,5,0,0,32,0,0,0,0
0,109,0,0,158,83,0,21,0,0,6,386,531,0,52,0,0,0,257,57,49,82,0,0,0,0,387,93,0,0,0,13,0,2,0,177,0,39,0,0,224,235,46,190,38,56,83,203,15,24,50,335,0,0,0,0,0,0,0,0,0,0,0,0,0,6,0,1,0,0,0,0,0,0,0,0,0,0,0,0,0,0,0,0,0,0,0,0,0,0,0,0,0,0,0,0,0,0,0,0,0,0,0,22,0,0,0,0,0,0,0,0,0,5,0,0,0,0,0,0,0,0,0,0,0,2,0,0,0,0,0,0,0,0,0,0,0,13,0,0,0,4,0,0,0,0,0,0,0,0,0,52,0,41,0,0,0,0,0,0,0,0,0,0,0,62,0,24,4,100,0,0,0,5,0,32,32,399,0,57,0,82,0,15,0,9,26,31,0,0,0,0,0,0,0,25,0,0,0,16,0,0,0,0,0,0,0,0,0,0,0,0,30,0,11,0,0,0,0,143,260,0,6,0,0
0,40,110,25,169,308,0,0,0,0,29,133,31,52,0,341,26,0,249,93,350,66,258,85,11,0,143,8,0,0,140,15,97,19,108,16,96,15,1,0,0,0,0,0,11,0,0,0,0,1,34,0,6,0,0,0,0,0,1,0,0,0,10,0,1,1,0,0,0,0,0,0,0,0,0,0,0,0,0,0,0,0,0,0,0,0,0,0,0,0,0,0,0,0,0,0,132,0,9,0,0,0,0,0,0,0,0,0,0,0,0,0,0,0,0,0,0,0,0,0,0,0,0,0,0,0,0,0,0,0,3,0,0,0,78,0,21,0,0,0,0,0,68,0,0,0,0,0,17,0,37,0,0,0,0,0,0,0,0,0,0,0,0,0,0,0,83,0,0,0,0,0,0,0,1,0,30,35,27,1,4,0,2,0,15,0,0,0,0,0,0,0,0,0,0,0,0,0,49,0,54,0,0,0,0,0,0,0,48,0,59,59,58,15,15,0,0,0,0,7,28,0,0,0,0
53,36,87,520,433,181,0,81,0,3,284,29,17,0,341,0,0,7,20,424,75,339,112,103,0,61,0,155,0,3,21,30,18,51,11,8,0,113,0,2,0,0,0,16,0,0,0,0,0,0,0,10,0,0,0,37,0,14,0,0,0,0,0,17,0,0,0,0,0,0,0,0,0,0,0,0,0,0,0,0,0,0,0,0,0,178,0,0,0,0,0,84,0,0,0,0,0,189,0,209,0,314,0,0,0,0,0,0,0,0,0,0,0,0,0,0,0,0,0,0,0,0,0,0,0,0,0,0,0,0,0,0,0,0,0,164,0,141,0,0,0,67,0,149,0,0,0,0,0,11,0,20,0,0,0,0,0,1,0,9,0,0,0,0,0,4,0,41,1,0,0,1,0,8,0,0,25,70,21,6,0,0,0,0,2,0,0,0,0,0,0,0,0,0,0,0,0,0,0,0,0,50,0,0,0,0,0,0,0,0,0,0,0,0,10,0,0,0,94,70,35,11,1,0,0
11,62,36,16,0,0,0,20,1,19,0,0,0,0,26,0,0,8,67,0,238,0,58,18,68,14,116,0,170,0,111,0,176,0,22,0,35,1,252,0,0,0,0,0,57,0,13,0,5,0,0,0,86,0,4,0,0,0,1,0,12,0,471,0,0,0,0,0,0,0,31,0,0,0,40,0,0,0,0,0,157,0,0,0,483,0,129,0,0,0,77,0,0,0,0,0,389,0,336,0,40,0,19,0,0,0,139,0,0,0,0,0,0,0,0,0,0,0,0,0,121,0,126,0,0,0,0,0,59,0,0,0,0,0,24,0,131,0,149,0,75,0,281,0,24,0,0,0,0,0,0,0,0,0,18,0,0,0,14,0,0,0,0,0,0,0,21,0,9,0,9,0,37,0,0,0,7,0,0,0,0,0,46,0,0,0,0,0,0,0,0,0,0,0,0,0,0,0,0,0,51,0,0,0,0,0,0,0,4,0,47,29,62,0,46,0,0,0,2,0,0,0,0,0,0
88,53,37,16,9,0,21,8,30,0,9,5,0,0,0,7,8,0,0,0,0,174,55,54,69,25,0,0,2,144,0,10,0,85,0,9,0,37,0,147,0,0,0,0,0,0,0,0,0,0,0,0,1,64,0,8,0,26,0,2,0,10,2,266,0,0,0,0,0,0,0,0,0,1,0,0,0,0,0,0,0,197,0,0,0,123,0,49,0,0,0,0,0,0,0,0,0,48,1,77,0,104,0,0,0,0,0,0,0,0,0,0,0,0,0,0,0,0,0,0,0,28,0,0,0,0,0,0,0,0,0,0,0,0,0,31,0,172,0,139,0,141,0,282,0,0,0,0,0,0,0,0,0,0,0,34,0,0,0,37,0,0,0,0,0,0,0,0,0,0,0,0,0,19,0,0,12,3,0,0,0,0,0,13,0,0,0,0,0,0,0,0,0,0,0,0,0,0,0,0,0,0,0,0,0,0,0,0,0,0,0,0,2,0,0,0,0,0,9,28,20,0,0,0,0
3,0,127,0,138,123,0,0,6,0,7,18,97,257,249,20,67,0,0,166,269,47,386,0,21,0,237,167,0,0,13,11,0,0,198,26,40,0,0,0,2,0,39,15,23,7,25,0,4,0,211,0,0,0,0,0,0,0,0,1,0,0,40,0,3,0,0,0,0,0,0,0,0,0,0,0,0,0,0,0,0,0,0,0,0,0,0,0,0,0,0,0,0,0,0,0,0,0,0,0,0,0,0,0,0,0,0,0,0,0,0,0,0,0,0,0,0,0,0,0,0,0,0,0,0,0,0,0,0,0,0,0,0,0,103,0,0,0,0,0,0,0,0,0,0,0,0,0,17,0,0,0,0,0,0,0,0,0,0,0,0,0,0,0,60,0,10,0,54,0,0,0,0,0,0,0,9,0,21,0,9,0,7,0,12,0,4,0,0,0,0,0,0,0,0,0,0,0,0,0,69,0,0,0,0,0,0,0,48,0,31,116,117,31,15,1,0,0,0,9,26,0,0,0,0
0,85,0,329,280,309,1,104,0,0,65,38,302,57,93,424,0,0,166,0,56,419,0,159,0,90,49,494,0,0,0,42,0,4,0,173,0,97,0,0,0,0,3,46,0,109,0,35,0,0,24,141,0,0,0,32,0,0,0,0,0,0,0,47,0,23,0,0,0,0,0,0,0,0,0,0,0,0,0,0,0,0,0,0,0,0,0,0,0,0,0,0,0,0,0,0,0,0,0,260,0,494,0,0,0,0,0,0,0,0,0,0,0,2,0,0,0,0,0,0,0,0,0,9,0,0,0,0,0,0,0,18,0,0,0,253,0,213,0,0,0,0,0,0,0,0,0,0,0,43,0,89,0,0,0,0,0,0,0,0,0,0,0,1,0,41,0,46,0,77,0,0,0,17,0,0,3,38,6,5,0,35,0,0,0,25,0,3,0,35,0,0,0,0,0,11,0,0,0,0,0,0,0,0,0,0,0,0,0,90,0,0,0,0,0,0,0,0,70,118,108,31,0,0,0
0,7,45,9,211,92,0,0,0,0,107,24,101,49,350,75,238,0,269,56,0,20,149,16,8,0,160,26,75,0,55,4,18,3,37,0,25,1,6,0,4,0,20,0,37,0,6,0,7,0,68,0,16,0,0,0,0,0,0,0,5,0,88,0,0,0,0,0,0,0,48,0,0,0,65,0,0,0,0,0,140,0,0,0,193,0,0,0,0,0,66,0,0,0,0,0,163,0,311,0,69,0,0,0,0,0,75,0,0,0,0,0,0,0,0,0,0,0,0,0,125,0,0,0,0,0,0,0,0,0,0,0,0,0,0,0,0,0,32,0,30,0,0,0,58,0,0,0,0,0,0,0,0,0,0,0,0,0,2,0,0,0,0,0,18,0,27,0,50,0,0,0,16,0,0,0,28,6,97,0,0,0,19,0,0,0,8,0,0,0,0,0,0,0,0,0,0,0,0,0,26,0,0,0,0,0,0,0,6,0,88,97,83,39,22,0,0,4,0,2,0,0,0,0,0
4,14,0,46,112,342,0,35,2,0,40,66,64,82,66,339,0,174,47,419,20,0,7,276,0,69,0,232,0,68,0,17,2,12,10,25,0,15,0,6,0,0,0,116,0,125,0,8,0,0,0,46,0,56,0,24,0,0,0,8,0,18,0,172,0,0,0,0,0,0,0,18,0,0,0,58,0,0,0,0,0,753,0,0,0,202,0,213,0,0,0,0,0,0,0,0,0,110,0,255,0,361,0,0,0,0,0,0,0,0,0,0,0,0,0,0,0,0,0,0,0,170,0,0,0,0,0,0,0,0,0,0,0,0,0,0,0,0,0,112,0,335,0,457,0,144,0,0,0,0,0,0,0,0,0,0,0,0,0,0,0,0,0,0,0,22,0,42,0,25,0,0,0,15,0,0,4,23,0,13,0,0,0,0,0,0,0,8,0,0,0,0,0,0,0,0,0,0,0,0,0,0,0,0,0,0,0,0,0,0,0,0,0,0,30,0,0,0,87,136,127,25,0,2,0
16,277,383,119,126,36,9,0,3,0,30,88,41,0,258,112,58,55,386,0,149,7,0,197,78,30,308,0,69,0,35,0,91,10,11,0,29,5,144,17,0,0,0,0,71,0,87,0,3,0,15,0,20,0,31,0,14,0,0,0,0,0,55,0,0,0,0,0,0,0,0,0,0,0,0,0,0,0,0,0,0,0,0,0,101,0,0,0,0,0,59,0,0,0,0,0,253,0,56,0,0,0,0,0,25,0,169,0,0,0,0,0,0,0,0,0,0,0,0,0,0,0,0,0,0,0,0,0,33,0,4,1,0,0,233,0,76,0,62,0,14,0,243,0,0,0,0,0,10,0,38,0,0,0,11,0,0,0,0,0,0,0,0,0,5,0,23,0,12,0,11,0,48,10,0,0,29,28,16,0,12,0,28,0,4,0,0,0,0,0,0,0,0,0,0,0,0,0,90,0,138,0,0,0,0,0,0,0,100,0,168,72,97,0,69,3,0,0,30,0,5,0,0,0,0
175,41,129,508,88,87,0,56,10,1,122,22,0,0,85,103,18,54,0,159,16,276,197,0,70,84,0,81,0,107,0,37,0,76,0,9,3,47,0,25,0,0,0,16,0,0,0,0,0,0,0,0,0,21,0,16,0,28,0,0,0,0,0,64,0,0,0,0,0,0,0,0,0,0,0,4,0,0,0,0,0,253,0,0,0,132,0,0,0,0,0,0,0,0,0,0,0,105,0,175,0,252,0,17,0,0,0,0,0,0,0,0,0,0,0,0,0,0,0,0,0,34,0,0,0,0,0,0,0,0,0,0,0,0,0,53,0,0,0,65,0,69,0,149,0,0,0,0,0,0,0,0,0,0,0,14,0,0,0,0,0,0,0,0,0,0,0,8,0,0,0,1,0,16,0,0,41,36,5,15,0,0,8,3,0,0,0,0,0,0,0,0,0,0,0,0,0,0,0,0,0,0,0,0,0,0,0,0,0,0,0,2,7,1,9,0,0,0,30,63,18,0,0,4,0
5,263,29,25,0,0,189,202,15,267,0,0,0,0,11,0,68,69,21,0,8,0,78,70,0,129,32,0,43,0,0,0,0,1,0,0,0,2,91,9,0,0,0,0,5,0,0,0,3,0,0,0,60,0,119,9,23,0,0,0,90,5,181,34,0,0,0,0,0,0,0,0,2,0,0,0,0,0,0,0,0,0,0,0,0,0,0,0,0,0,21,0,0,0,0,0,97,0,13,0,0,0,0,0,0,0,66,0,0,0,0,0,0,0,0,0,0,0,0,0,0,0,0,0,0,0,16,0,89,0,0,0,0,0,238,0,130,2,88,1,24,0,231,0,0,0,0,0,0,0,7,0,0,0,32,0,1,0,12,0,4,0,2,0,5,1,0,0,13,0,58,0,65,0,0,0,20,24,0,0,0,0,5,3,0,0,0,0,0,0,0,0,0,0,0,0,2,0,58,0,86,0,0,0,0,0,9,0,90,0,281,81,128,134,196,3,10,0,9,0,0,0,0,0,0
81,6,21,102,0,5,91,243,127,11,0,0,0,0,0,61,14,25,0,90,0,69,30,84,129,0,0,29,2,37,0,0,0,6,0,0,0,18,5,120,0,0,0,0,0,0,0,3,0,0,0,0,12,28,17,67,0,74,0,11,0,62,29,280,0,0,0,0,0,0,0,0,0,0,0,0,0,0,0,0,0,66,0,0,0,101,0,0,0,0,0,0,0,0,0,0,1,117,0,108,0,180,0,0,0,0,0,0,0,0,0,0,0,0,0,0,0,0,0,0,0,0,0,0,0,0,0,0,0,0,0,0,0,0,0,155,0,185,0,130,0,70,0,139,0,0,0,0,0,0,0,0,0,0,0,15,0,5,0,18,0,0,0,0,0,8,0,3,0,5,0,3,0,135,0,0,24,16,0,0,0,0,0,0,0,0,0,0,0,0,0,0,0,0,0,0,0,0,0,0,0,0,0,0,0,0,0,0,0,0,0,0,0,0,91,0,0,0,190,106,172,126,0,49,0
0,0,89,0,223,20,0,0,0,0,36,0,212,387,143,0,116,0,237,49,160,0,308,0,32,0,0,571,89,0,29,0,0,0,31,0,95,0,26,0,12,109,444,5,237,11,48,168,23,0,311,0,0,0,0,0,0,0,0,0,5,0,64,0,5,0,0,0,13,0,67,0,0,0,0,0,0,0,0,0,0,0,83,0,0,0,0,0,0,0,0,0,0,0,0,0,0,0,0,0,0,0,0,0,0,0,0,0,0,0,0,0,0,0,0,0,0,0,0,0,124,0,0,0,0,0,0,0,0,0,0,0,0,0,0,0,0,0,0,0,0,0,0,0,0,0,0,0,37,0,0,0,0,0,7,0,0,0,0,0,0,0,0,0,181,0,0,0,57,0,0,0,0,0,9,0,16,18,0,0,53,0,0,0,26,0,38,0,0,0,0,0,0,0,0,0,0,0,0,0,0,0,0,0,0,0,0,0,0,0,0,229,246,27,22,0,0,45,0,0,0,0,0,0,0
0,333,0,122,55,506,0,148,0,37,0,283,648,93,8,155,0,0,167,494,26,232,0,81,0,29,571,0,0,9,0,11,0,0,0,79,0,0,0,0,515,11,46,385,56,400,247,182,12,0,83,447,0,32,0,0,0,0,0,0,0,0,0,73,0,46,0,4,0,0,0,0,0,0,0,0,0,0,0,0,0,546,0,77,0,0,0,0,0,42,0,0,0,0,0,0,0,0,0,0,0,380,0,59,0,0,0,0,0,0,0,0,0,0,0,0,0,0,0,28,0,0,0,0,0,0,0,0,0,0,0,31,0,0,0,195,0,229,0,0,0,117,0,154,0,0,0,0,0,65,0,239,0,0,0,0,0,0,0,0,0,0,0,0,0,119,0,0,0,86,0,0,0,0,0,0,0,102,3,26,0,134,0,13,0,80,40,5,0,0,0,0,0,0,0,0,0,0,0,0,0,147,0,0,0,0,0,58,0,115,0,0,0,0,34,0,0,0,138,431,384,65,0,5,4
36,0,140,0,6,0,33,0,1,0,0,0,0,0,0,0,170,2,0,0,75,0,69,0,43,2,89,0,0,0,38,0,12,0,15,0,20,0,8,0,0,0,23,0,31,0,0,0,0,0,51,0,5,0,0,0,3,0,0,0,5,0,37,0,0,0,0,0,0,0,48,0,0,0,70,0,0,0,0,0,82,0,0,0,86,0,85,0,0,0,0,0,0,0,0,0,0,0,90,0,13,0,0,0,1,0,0,0,0,0,0,0,0,0,0,0,0,0,0,0,99,0,68,0,0,0,0,0,20,0,0,0,0,0,9,0,0,0,123,0,145,0,76,0,81,0,0,0,0,0,0,0,0,0,2,0,0,0,8,0,1,0,0,0,6,0,0,0,0,0,0,0,0,0,0,0,0,0,0,0,0,0,15,0,1,0,0,0,0,0,0,0,0,0,0,0,0,0,2,0,3,0,0,0,0,0,0,0,0,0,0,0,0,0,0,0,0,9,0,0,0,0,0,0,0
0,33,0,167,3,0,0,53,0,0,0,25,0,0,0,3,0,144,0,0,0,68,0,107,0,37,0,9,0,0,0,33,0,43,0,29,0,5,0,12,0,0,0,20,0,0,0,0,0,0,0,19,0,17,0,3,0,0,0,0,0,0,0,67,0,0,0,0,0,0,0,3,0,0,0,0,0,0,0,0,0,110,0,0,0,47,0,29,0,0,0,0,0,0,0,0,0,21,0,0,0,75,0,2,0,0,0,0,0,0,0,0,0,0,0,0,0,0,0,0,0,20,0,5,0,0,0,0,0,0,0,0,0,0,0,0,0,0,0,113,0,233,0,184,0,52,0,0,0,0,0,0,0,0,0,0,0,0,0,0,0,0,0,0,0,0,0,0,0,0,0,0,0,0,0,0,0,0,0,0,0,0,0,0,0,0,0,0,0,0,0,0,0,0,0,1,0,0,0,0,0,0,0,0,0,0,0,0,0,0,0,0,0,0,0,0,0,0,0,8,0,0,0,0,0
0,0,22,0,115,14,0,0,0,0,56,0,9,0,140,21,111,0,13,0,55,0,35,0,0,0,29,0,38,0,0,0,4,0,12,0,6,0,19,0,0,0,22,0,5,0,0,0,0,0,33,0,0,0,2,0,0,0,0,0,6,0,11,0,0,0,0,0,0,0,33,0,0,0,47,0,0,0,0,0,0,0,0,0,35,0,0,0,0,0,18,0,0,0,0,0,0,0,0,0,0,0,0,0,0,0,0,0,0,0,0,0,0,0,0,0,0,0,0,0,44,0,0,0,0,0,0,0,0,0,0,0,0,0,0,0,0,0,14,0,21,0,0,0,34,0,0,0,4,0,0,0,0,0,0,0,0,0,0,0,0,0,0,0,9,0,52,0,17,0,0,0,22,0,0,0,9,0,78,0,0,0,4,0,0,0,0,0,0,0,0,0,0,0,0,0,0,0,0,0,0,0,0,0,0,0,0,0,0,0,18,35,50,0,0,0,0,0,0,0,0,0,0,0,0
0,13,0,0,31,122,0,0,0,0,0,44,0,13,15,30,0,10,11,42,4,17,0,37,0,0,0,11,0,33,0,0,0,2,0,12,0,8,0,5,0,0,0,26,0,9,0,0,0,0,0,8,0,0,0,0,0,3,0,0,0,2,0,7,0,0,0,0,0,0,0,3,0,0,0,10,0,0,0,0,0,0,0,0,0,0,0,0,0,0,0,0,0,0,0,0,0,0,0,0,0,0,0,0,0,0,0,0,0,0,0,0,0,0,0,0,0,0,0,0,0,26,0,0,0,0,0,0,0,0,0,0,0,0,0,0,0,0,0,0,0,65,0,79,0,32,0,0,0,0,0,0,0,0,0,0,0,4,0,0,0,1,0,0,0,2,0,10,1,5,0,0,0,7,0,0,0,20,0,7,0,0,0,0,0,0,0,3,0,2,0,0,0,0,0,0,0,0,0,0,0,0,0,0,0,0,0,0,0,4,0,0,0,0,0,0,0,0,11,42,24,0,0,0,0
55,0,291,0,232,0,1,0,0,0,199,0,7,0,97,18,176,0,0,0,18,2,91,0,0,0,0,0,12,0,4,0,0,0,10,0,55,0,0,0,0,0,11,0,12,0,0,0,0,0,3,0,5,0,0,0,0,0,0,0,5,0,7,0,0,0,0,0,0,0,23,0,0,0,28,0,0,0,0,0,0,0,0,0,36,0,44,0,0,0,0,0,0,0,0,0,0,0,98,0,19,0,0,0,0,0,21,0,0,0,0,0,0,0,0,0,0,0,0,0,43,0,0,0,0,0,0,0,0,0,0,0,0,0,0,0,0,0,0,0,0,0,18,0,40,0,0,0,0,0,0,0,0,0,0,0,0,0,0,0,0,0,4,0,0,0,73,0,16,0,3,0,28,0,0,0,51,0,68,0,0,0,88,0,0,0,0,0,0,0,0,0,0,0,0,0,0,0,0,0,0,0,0,0,0,0,0,0,0,0,32,33,85,32,15,0,0,0,0,0,0,0,0,0,0
0,144,0,245,0,168,0,51,0,1,16,161,0,2,19,51,0,85,0,4,3,12,10,76,1,6,0,0,0,43,0,2,0,0,0,13,0,42,0,2,0,0,0,9,0,2,0,0,0,0,0,3,0,0,0,0,0,0,0,0,0,6,0,15,0,2,0,0,0,0,0,0,0,0,0,0,0,0,0,0,0,0,0,0,0,25,0,0,0,0,0,0,0,0,0,0,0,0,0,0,0,60,0,0,0,0,0,0,0,0,0,0,0,0,0,0,0,0,0,0,0,0,0,6,0,0,0,2,0,0,0,0,0,0,0,23,0,32,0,0,0,38,0,68,0,15,0,0,0,0,0,21,0,0,0,0,0,0,0,0,0,0,0,0,0,0,0,37,0,0,0,0,0,0,0,0,4,43,0,21,0,0,0,0,0,0,0,2,0,0,0,0,0,0,0,0,0,0,0,0,0,0,0,0,0,0,0,0,0,0,0,0,0,0,0,0,0,0,0,24,30,0,0,0,0
0,0,0,0,257,20,0,0,0,0,40,0,142,0,108,11,22,0,198,0,37,10,11,0,0,0,31,0,15,0,12,0,10,0,0,0,49,0,14,0,0,0,11,0,2,0,0,0,0,0,40,0,0,0,0,0,3,0,0,0,1,0,0,0,0,0,0,0,0,0,27,0,0,0,28,0,3,0,0,0,0,0,0,0,0,0,0,0,0,0,0,0,0,0,0,0,0,0,74,0,0,0,0,0,0,0,0,0,0,0,0,0,0,0,0,0,0,0,0,0,26,0,0,0,0,0,0,0,0,0,0,0,0,0,0,0,0,0,5,0,0,0,0,0,34,0,0,0,0,0,0,0,0,0,0,0,1,0,0,0,0,0,0,0,22,0,48,0,56,0,0,0,23,0,0,0,25,0,122,0,0,0,1,0,0,0,13,0,0,0,0,0,0,0,0,0,0,0,0,0,0,0,0,0,0,0,0,0,0,0,0,55,118,16,17,0,0,2,0,0,0,0,0,0,0
0,0,0,0,30,188,0,0,0,0,0,51,30,177,16,8,0,9,26,173,0,25,0,9,0,0,0,79,0,29,0,12,0,13,0,0,0,130,0,6,2,0,0,80,0,32,0,6,0,0,0,26,0,0,0,0,0,0,0,0,0,21,0,8,0,0,0,0,0,0,0,7,0,0,0,21,0,0,0,0,0,104,0,0,0,0,0,0,0,0,0,0,0,0,0,0,0,0,0,0,0,0,0,0,0,0,0,0,0,0,0,0,0,0,0,0,0,0,0,0,0,46,0,0,0,0,0,0,0,0,0,0,0,0,0,0,0,0,0,0,0,137,0,118,0,100,0,0,0,0,0,0,0,0,0,0,0,0,0,0,0,0,0,0,0,0,0,34,0,28,0,0,0,7,0,0,0,34,0,10,0,0,0,0,0,0,0,22,0,0,0,0,0,0,0,0,0,0,0,0,0,0,0,0,0,0,0,0,0,0,0,0,0,0,6,0,0,0,0,100,97,0,0,0,0
97,0,79,0,156,0,0,0,0,0,89,0,18,0,96,0,35,0,40,0,25,0,29,3,0,0,95,0,20,0,6,0,55,0,49,0,0,0,18,0,0,0,49,0,70,0,9,0,2,0,39,0,10,0,0,0,3,0,0,0,14,0,8,0,1,0,0,0,0,0,75,0,12,0,68,0,0,0,0,0,78,0,0,0,24,0,73,0,0,0,0,0,0,0,0,0,0,0,115,0,0,0,0,0,0,0,0,0,1,0,0,0,0,0,0,0,0,0,0,0,63,0,0,0,0,0,0,0,0,0,0,0,0,0,0,0,0,0,104,0,83,0,0,0,190,0,0,0,0,0,5,0,0,0,3,0,10,0,0,0,3,0,12,0,13,0,81,0,58,0,11,0,40,0,0,0,28,2,74,0,0,0,84,0,0,0,0,0,0,0,0,0,0,0,0,0,0,0,0,0,0,0,0,0,0,0,0,0,6,0,16,34,120,20,0,0,0,3,0,0,0,0,0,0,0
12,245,16,211,0,362,0,114,0,0,12,145,0,39,15,113,1,37,0,97,1,15,5,47,2,18,0,0,0,5,0,8,0,42,0,130,0,0,0,11,0,0,0,62,0,34,0,0,0,0,0,75,0,0,0,0,0,0,0,0,0,49,0,18,0,13,0,0,0,0,0,13,0,0,0,0,0,0,0,0,0,0,0,0,0,0,0,0,0,0,0,0,0,0,0,0,0,0,0,0,0,0,0,10,0,0,0,0,0,0,0,0,0,0,0,0,0,0,0,0,0,46,0,0,0,0,0,0,0,0,0,0,0,0,0,0,0,0,0,41,0,157,0,103,0,150,0,0,1,0,0,0,0,0,0,0,0,26,0,0,0,0,0,6,0,6,0,27,0,52,0,0,0,48,0,0,9,64,0,29,0,0,0,5,0,17,0,4,0,0,0,0,0,0,0,5,0,3,0,0,0,0,0,0,0,0,0,0,0,0,0,0,0,0,0,0,0,0,14,64,42,0,0,0,0
331,10,385,0,18,0,110,0,28,0,10,0,0,0,1,0,252,0,0,0,6,0,144,0,91,5,26,0,8,0,19,0,0,0,14,0,18,0,0,0,0,0,11,0,12,0,0,0,0,0,7,0,0,0,0,0,0,0,0,0,2,0,18,0,0,0,0,0,0,0,0,0,0,0,0,0,0,0,0,0,0,0,0,0,0,0,0,0,0,0,0,0,0,0,1,0,0,0,0,0,0,0,0,0,0,0,0,0,0,0,0,0,0,0,0,0,0,0,0,0,0,0,0,0,0,0,0,0,0,0,0,0,0,0,0,0,0,0,61,0,30,0,0,0,31,0,0,0,0,0,0,0,0,0,5,0,4,0,0,0,0,0,0,0,0,0,5,0,0,0,0,0,4,0,0,0,30,0,0,0,11,0,205,0,0,0,0,0,0,0,0,0,0,0,0,0,0,0,0,0,0,0,0,0,0,0,0,0,0,0,0,22,10,14,7,0,1,2,0,0,0,0,0,0,0
25,310,14,293,0,0,0,428,0,0,0,41,0,0,0,2,0,147,0,0,0,6,17,25,9,120,0,0,0,12,0,5,0,2,0,6,0,11,0,0,0,0,0,1,0,0,0,0,0,0,0,0,0,1,0,5,0,0,0,0,0,2,0,13,0,0,0,0,0,0,0,0,0,0,0,0,0,0,0,0,0,0,0,0,0,8,0,0,0,0,0,0,0,0,0,0,0,0,0,0,0,0,0,0,0,0,0,0,0,0,0,0,0,0,0,0,0,0,0,0,0,0,0,0,0,0,0,0,0,0,0,0,0,0,0,0,0,0,0,0,0,29,0,20,0,41,0,0,0,0,0,0,0,0,0,0,0,4,0,0,0,0,0,0,0,0,0,17,0,1,0,0,0,2,0,0,0,40,0,20,0,0,2,7,0,0,0,0,0,0,0,0,0,0,0,0,0,0,0,0,0,0,0,0,0,0,0,0,0,0,0,0,0,0,0,0,0,0,0,39,3,0,0,0,0
20,0,0,0,59,0,0,0,0,0,46,0,204,224,0,0,0,0,2,0,4,0,0,0,0,0,12,515,0,0,0,0,0,0,0,2,0,0,0,0,0,142,71,0,61,0,121,303,56,7,14,0,0,0,1,0,0,0,0,0,0,0,0,0,0,0,0,0,3,0,0,0,0,0,0,0,1,0,0,0,0,0,0,0,0,0,0,0,0,0,0,0,7,0,0,0,0,0,0,0,0,0,0,0,0,0,0,0,0,0,0,0,0,0,0,0,0,0,3,0,0,0,0,0,0,0,0,0,0,0,0,0,0,0,0,0,0,0,0,0,0,0,0,0,0,0,0,0,0,0,18,0,0,0,0,0,0,0,0,0,0,0,0,0,36,0,0,0,0,0,0,0,0,0,0,0,53,28,56,0,60,0,18,0,0,0,138,0,0,0,0,0,0,0,0,0,0,0,0,0,0,0,0,0,0,0,0,0,0,0,0,80,42,0,2,0,0,19,0,1,0,0,0,0,1
0,63,0,0,0,37,0,0,0,5,0,185,26,235,0,0,0,0,0,0,0,0,0,0,0,0,109,11,0,0,0,0,0,0,0,0,0,0,0,0,142,0,6,32,50,31,256,152,91,109,0,13,0,0,0,0,0,0,0,0,0,0,0,0,0,0,0,0,0,0,0,0,0,0,0,0,0,0,0,0,0,0,0,0,0,0,0,0,0,0,0,0,0,0,0,0,0,0,0,0,0,0,0,1,0,0,0,0,0,0,0,0,0,6,0,0,0,0,0,0,0,0,0,0,0,0,0,0,0,0,0,0,0,0,0,0,0,0,0,0,0,0,0,0,0,0,0,0,0,0,0,0,0,0,0,0,0,0,0,0,0,0,0,0,0,10,0,0,0,0,0,0,0,0,0,0,1,107,0,62,0,119,0,0,0,0,20,7,0,0,0,0,0,0,0,0,0,0,0,0,0,0,0,0,0,0,0,0,0,0,0,0,0,0,0,0,0,0,0,20,10,0,0,0,22
0,0,0,0,0,0,0,0,0,0,3,0,165,46,0,0,0,0,39,3,20,0,0,0,0,0,444,46,23,0,22,0,11,0,11,0,49,0,11,0,71,6,0,0,130,0,81,0,27,0,47,0,0,0,0,0,0,0,8,0,2,0,7,0,3,0,0,0,0,0,29,0,0,0,0,0,0,0,0,0,0,0,0,0,0,0,14,0,0,0,0,0,0,0,0,0,0,0,0,0,16,0,0,0,0,0,0,0,0,0,0,0,0,0,0,0,0,0,0,0,0,0,0,0,0,0,0,0,0,0,0,0,0,0,10,0,0,0,0,0,0,0,0,0,22,0,0,1,0,0,0,0,0,0,0,0,0,0,0,0,4,0,13,0,60,0,21,0,0,0,22,0,38,0,0,0,0,0,11,0,0,0,0,0,0,0,84,0,0,0,0,0,0,0,0,0,0,0,0,0,0,0,0,0,0,0,0,0,0,0,41,94,144,34,7,0,3,39,0,0,0,0,0,0,0
0,0,0,0,9,46,0,0,0,0,0,10,0,190,0,16,0,0,15,46,0,116,0,16,0,0,5,385,0,20,0,26,0,9,0,80,0,62,0,1,0,32,0,0,0,119,5,56,0,2,0,98,0,0,0,0,0,0,0,0,0,25,0,0,0,0,0,0,0,0,0,0,0,0,0,0,0,0,0,0,0,0,0,0,0,0,0,0,0,0,0,0,0,0,0,0,0,0,0,0,0,0,0,9,0,0,0,0,0,0,0,0,0,0,0,0,0,0,0,0,0,125,0,0,0,0,0,0,0,0,0,0,0,0,0,0,0,0,0,0,0,197,0,218,0,137,0,0,0,7,0,0,0,0,0,0,0,0,0,0,0,0,0,3,0,58,0,12,0,0,0,9,0,16,0,0,0,15,0,4,0,0,0,0,0,3,0,37,0,0,0,0,0,0,0,0,0,0,0,0,0,0,0,0,0,0,0,0,0,0,0,0,0,0,17,0,0,0,97,146,134,31,0,0,0
0,0,25,0,18,1,0,0,0,0,22,0,37,38,11,0,57,0,23,0,37,0,71,0,5,0,237,56,31,0,5,0,12,0,2,0,70,0,12,0,61,50,130,0,0,0,204,93,81,17,32,0,13,0,0,0,0,0,0,0,4,0,50,0,0,0,0,0,19,0,114,0,0,0,118,0,0,0,0,0,0,0,0,0,169,0,0,0,0,0,0,0,79,0,124,0,155,0,362,0,92,0,0,0,0,0,96,0,0,0,0,0,0,0,0,0,0,0,1,0,172,0,0,0,0,0,0,0,0,0,0,0,0,0,45,0,0,0,24,0,56,0,0,0,157,0,0,0,7,0,0,0,0,0,1,0,0,0,0,0,0,0,0,0,141,0,17,0,52,0,14,0,19,0,0,0,7,1,6,0,27,0,13,0,16,0,22,0,0,0,0,0,0,0,0,0,0,0,0,0,29,0,0,0,0,0,0,0,17,0,17,77,145,11,9,4,2,70,0,0,0,0,0,0,0
1,23,0,0,0,31,0,0,1,0,0,0,18,56,0,0,0,0,7,109,0,125,0,0,0,0,11,400,0,0,0,9,0,2,0,32,0,34,0,0,0,31,0,119,0,0,31,290,26,128,0,82,0,4,0,0,0,0,0,0,0,25,0,0,0,5,0,0,0,13,0,0,0,0,0,55,0,10,0,0,0,241,0,51,0,0,0,0,0,0,0,0,0,36,0,0,0,0,0,45,0,59,0,3,0,0,0,0,0,0,0,0,0,0,0,0,0,0,0,0,0,76,0,0,0,0,0,0,0,0,0,0,0,0,0,0,0,0,0,0,0,122,0,129,0,74,0,0,0,0,0,0,0,0,0,0,0,0,0,0,0,0,0,7,0,135,0,7,0,64,0,12,0,23,0,0,0,26,0,15,0,46,0,0,0,0,0,17,0,0,0,0,0,0,0,8,0,0,0,7,0,0,0,0,0,7,0,0,0,0,0,0,0,0,16,0,0,0,68,233,167,18,6,0,60
32,0,84,0,188,0,6,0,27,0,121,0,311,83,0,0,13,0,25,0,6,0,87,0,0,0,48,247,0,0,0,0,0,0,0,0,9,0,0,0,121,256,81,5,204,31,0,440,109,56,9,0,3,0,0,0,0,0,0,0,0,0,19,0,0,0,0,0,8,0,18,0,0,0,0,0,0,0,0,0,0,0,0,0,33,0,0,0,0,0,0,0,28,0,0,0,68,0,69,0,0,0,0,0,0,0,67,0,0,0,0,0,0,0,0,0,0,0,15,0,25,0,0,0,0,0,0,0,0,0,0,0,0,0,82,0,0,0,0,0,0,0,0,0,0,0,0,0,53,0,81,0,0,0,0,0,0,0,0,0,0,0,0,0,78,0,0,0,18,0,0,0,0,0,0,0,62,18,27,0,123,0,47,0,48,0,101,0,0,0,0,0,0,0,0,0,0,0,0,0,0,0,0,0,0,0,0,0,0,0,0,211,81,0,0,0,0,78,0,0,0,0,0,0,1
0,181,0,0,0,94,0,0,0,15,0,275,57,203,0,0,0,0,0,35,0,8,0,0,0,3,168,182,0,0,0,0,0,0,0,6,0,0,0,0,303,152,0,56,93,290,440,0,129,142,4,31,0,0,0,0,0,0,0,0,0,0,0,0,0,0,0,0,0,2,0,1,0,0,0,0,0,0,0,0,0,0,0,0,0,0,0,5,0,0,0,0,0,4,2,0,0,0,0,0,0,0,0,0,0,0,0,0,0,0,0,0,0,0,0,0,0,0,0,21,0,0,0,0,0,0,0,0,0,0,0,0,0,0,0,29,0,0,0,0,0,0,0,0,0,0,0,0,0,0,0,119,0,0,0,0,0,0,0,0,0,0,0,0,0,31,0,0,0,0,0,0,0,2,0,33,0,59,0,20,0,92,0,10,0,33,38,6,0,0,0,0,0,0,0,1,0,0,0,0,0,0,0,0,0,0,0,0,0,0,0,0,0,0,6,0,0,0,0,166,65,0,0,0,73
5,0,7,0,17,2,7,0,6,0,7,0,21,15,0,0,5,0,4,0,7,0,3,0,3,0,23,12,0,0,0,0,0,0,0,0,2,0,0,0,56,91,27,0,81,26,109,129,0,74,13,0,6,0,17,0,16,0,22,0,0,0,0,0,0,0,0,0,27,0,0,0,2,0,0,0,5,0,3,0,0,0,38,0,0,0,6,0,38,1,0,0,52,0,51,0,0,0,7,0,40,0,40,1,0,1,19,0,1,0,0,0,0,0,0,0,0,0,0,0,0,0,0,0,0,2,0,1,0,1,8,0,0,0,0,1,0,1,0,0,2,0,3,0,2,0,0,0,0,0,0,0,9,0,0,0,4,0,0,0,16,0,3,0,25,1,0,0,10,0,7,0,2,0,0,0,112,21,43,0,18,0,0,0,0,0,118,0,32,0,7,0,32,0,24,0,0,0,0,0,0,0,34,0,0,0,0,1,3,0,75,65,240,10,34,2,2,25,0,3,17,9,1,0,0
0,0,0,0,0,3,0,0,0,0,0,15,0,24,1,0,0,0,0,0,0,0,0,0,0,0,0,0,0,0,0,0,0,0,0,0,0,0,0,0,7,109,0,2,17,128,56,142,74,0,2,2,0,0,0,0,0,0,0,0,0,0,0,1,0,0,0,0,0,7,0,0,0,0,0,0,0,0,0,0,0,0,0,2,0,2,0,0,0,1,0,0,0,10,0,0,0,0,0,0,0,0,0,0,0,0,0,0,0,0,0,0,0,0,0,0,0,0,0,2,0,0,0,0,0,0,0,0,0,0,0,0,0,0,0,0,0,0,0,0,0,0,0,1,0,0,0,0,0,2,0,0,0,12,0,0,0,0,0,0,0,0,0,0,0,18,0,0,0,3,0,2,0,0,0,0,0,32,0,12,0,17,0,2,0,0,17,21,0,0,0,0,0,0,0,0,0,1,0,0,0,0,0,0,0,0,0,0,0,0,0,0,0,0,7,0,0,0,11,5,18,4,0,0,6
0,0,0,0,127,13,3,0,0,0,0,0,244,50,34,0,0,0,211,24,68,0,15,0,0,0,311,83,51,0,33,0,3,0,40,0,39,0,7,0,14,0,47,0,32,0,9,4,13,2,0,0,0,0,0,0,0,0,0,0,4,0,6,0,3,0,0,0,0,0,33,0,4,0,19,0,0,0,0,0,28,0,0,0,0,0,41,0,0,0,0,0,0,0,0,0,0,0,55,0,24,0,0,0,0,0,0,0,0,0,0,0,0,0,0,0,0,0,0,0,0,0,0,0,0,0,0,0,0,0,0,0,0,0,0,0,5,0,0,1,0,0,0,0,21,0,0,0,0,0,0,0,0,0,4,0,0,0,0,0,0,0,12,0,79,0,45,0,102,0,17,1,61,0,0,0,22,0,31,0,0,0,6,0,9,0,60,0,0,0,0,0,0,0,7,0,0,0,0,0,0,0,0,0,0,0,0,0,10,0,41,61,88,47,23,0,0,16,0,0,0,0,0,0,0
0,0,0,4,0,0,0,0,0,0,0,0,0,335,0,10,0,0,0,141,0,46,0,0,0,0,0,447,0,19,0,8,0,3,0,26,0,75,0,0,0,13,0,98,0,82,0,31,0,2,0,0,0,2,0,1,0,0,0,9,0,10,0,4,0,0,0,5,0,5,0,35,0,1,0,55,0,0,0,0,0,219,0,52,0,0,0,113,0,0,0,0,0,14,0,44,0,0,0,0,0,0,0,21,0,0,0,0,0,0,0,0,0,0,0,0,0,0,0,0,0,0,0,0,0,0,0,0,0,0,0,0,0,0,0,0,0,0,0,0,0,104,0,138,0,129,0,0,0,0,0,0,0,0,0,0,0,0,0,0,0,29,0,18,0,19,0,22,0,89,0,36,0,54,0,0,0,17,0,0,0,4,0,0,0,0,0,17,0,0,0,0,0,0,0,29,0,1,0,0,0,0,0,0,0,0,0,0,0,0,0,0,0,0,23,0,0,0,88,85,101,24,0,0,0
0,0,0,0,0,0,71,9,34,119,0,0,0,0,6,0,86,1,0,0,16,0,20,0,60,12,0,0,5,0,0,0,5,0,0,0,10,0,0,0,0,0,0,0,13,0,3,0,6,0,0,0,0,31,87,75,86,7,233,127,30,2,80,23,11,5,22,109,0,0,0,0,0,0,0,0,0,0,0,0,0,0,0,0,50,0,0,0,0,0,9,0,0,0,0,0,55,0,19,0,0,0,0,0,0,0,17,0,0,0,0,0,0,0,0,0,0,0,0,0,6,0,0,0,3,0,0,0,135,0,22,0,0,0,10,0,58,0,218,0,41,0,113,0,49,0,0,0,0,0,0,0,2,0,198,3,87,2,74,1,17,0,7,0,0,0,0,0,6,0,88,0,7,2,0,0,3,0,0,0,0,0,1,0,8,0,0,0,0,0,0,0,0,0,0,0,0,0,2,0,15,0,0,0,0,0,0,0,6,0,51,150,107,103,50,0,11,0,0,0,0,0,0,0,0
0,17,0,0,0,0,12,10,49,34,0,0,0,0,0,0,0,64,0,0,0,56,0,21,0,28,0,32,0,17,0,0,0,0,0,0,0,0,0,1,0,0,0,0,0,4,0,0,0,0,0,2,31,0,33,79,16,103,70,167,0,5,7,16,0,0,61,0,0,0,0,0,0,0,0,0,0,0,0,0,0,12,0,2,0,16,0,0,0,0,0,0,0,0,0,0,0,5,0,6,0,17,0,0,0,0,0,0,0,0,0,0,0,0,0,0,0,0,0,0,0,0,0,0,0,0,0,0,0,0,0,0,0,0,0,7,0,44,0,126,0,41,0,40,0,83,0,0,0,0,0,0,0,0,0,80,0,67,0,101,0,5,0,0,0,0,0,0,0,1,0,31,0,6,0,0,2,15,0,2,1,0,0,0,2,50,0,0,0,0,0,0,0,0,0,0,0,0,0,0,0,0,0,0,0,0,0,0,0,0,0,0,0,0,16,0,0,0,36,131,22,32,8,2,0
3,2,40,0,0,0,74,0,19,176,0,0,0,0,0,0,4,0,0,0,0,0,31,0,119,17,0,0,0,0,2,0,0,0,0,0,0,0,0,0,1,0,0,0,0,0,0,0,17,0,0,0,87,33,0,75,23,0,14,22,52,0,42,30,38,0,15,78,3,0,0,0,0,0,0,0,0,0,0,0,2,0,0,0,0,0,0,0,0,0,0,0,1,0,0,0,0,0,0,0,0,0,0,0,0,0,0,0,0,0,0,0,0,0,0,0,0,0,0,0,0,0,0,0,0,0,0,0,49,0,9,0,0,0,94,0,61,0,20,0,6,0,54,0,4,0,0,0,0,0,2,0,1,0,31,0,47,0,8,0,18,0,10,0,4,0,0,0,29,0,245,0,13,0,0,0,0,0,0,0,0,1,0,0,1,0,0,0,0,0,0,0,0,0,0,0,0,0,0,0,0,0,0,0,0,0,0,0,0,0,375,134,340,303,221,0,27,7,0,0,0,0,0,0,0
0,2,0,77,0,18,29,133,187,36,0,2,0,0,0,37,0,8,0,32,0,24,0,16,9,67,0,0,0,3,0,0,0,0,0,0,0,0,0,5,0,0,0,0,0,0,0,0,0,0,0,1,75,79,75,0,0,31,85,89,0,92,25,92,0,0,135,0,0,0,0,0,0,0,0,0,0,0,0,0,0,0,0,0,0,0,0,0,0,0,0,16,0,0,0,0,0,0,0,6,0,0,0,0,0,0,0,0,0,0,0,0,0,0,0,0,0,0,0,0,0,0,0,0,0,0,0,0,0,16,0,17,0,18,0,74,0,128,0,27,0,24,0,15,0,1,0,0,0,2,0,0,0,0,4,29,0,53,0,17,0,8,0,7,0,3,0,0,0,14,0,93,0,74,0,0,1,0,0,0,0,0,0,9,0,12,0,0,0,0,0,0,0,0,0,0,0,0,0,0,0,0,0,0,0,0,0,4,0,0,0,0,0,0,176,0,0,0,268,78,368,272,24,64,0
3,0,8,0,0,0,8,0,0,9,0,0,0,0,0,0,0,0,0,0,0,0,14,0,23,0,0,0,3,0,0,0,0,0,3,0,3,0,0,0,0,0,0,0,0,0,0,0,16,0,0,0,86,16,23,0,0,10,98,70,16,0,10,0,12,30,5,92,0,0,0,0,0,0,0,0,2,0,0,0,0,0,0,0,0,0,0,0,0,0,0,0,0,0,0,0,0,0,0,0,0,0,0,0,0,0,0,0,0,0,0,0,0,0,0,0,0,0,0,0,0,0,0,0,5,0,55,0,139,0,78,1,0,0,41,0,0,0,26,0,0,0,0,0,35,0,0,0,10,0,14,0,2,0,135,4,142,0,73,11,41,16,40,0,11,0,2,0,21,0,100,0,18,0,3,0,0,0,0,0,4,0,0,0,4,0,0,0,0,0,0,0,0,0,0,0,0,0,0,0,0,0,0,0,0,0,0,0,26,0,378,143,430,575,524,0,54,10,0,0,1,0,0,0,0
0,0,0,0,0,4,0,9,0,10,0,0,0,0,0,14,0,26,0,0,0,0,0,28,0,74,0,0,0,0,0,3,0,0,0,0,0,0,0,0,0,0,0,0,0,0,0,0,0,0,0,0,7,103,0,31,10,0,24,112,0,20,0,11,18,0,40,0,0,1,0,0,0,0,0,0,0,0,0,0,0,0,0,0,0,12,0,0,0,0,0,0,0,3,0,0,0,0,0,0,1,0,0,0,0,0,0,0,0,0,0,0,0,0,0,0,0,0,0,0,0,0,0,0,0,0,0,0,0,29,0,32,0,21,0,59,0,119,0,72,0,20,0,22,0,0,0,0,0,2,0,0,0,0,13,168,0,58,3,97,0,15,0,0,0,2,0,2,0,15,0,215,0,45,0,0,0,0,0,0,0,0,0,0,4,0,0,0,0,0,0,0,0,0,0,0,0,0,0,0,0,0,0,0,0,0,0,0,0,22,0,0,0,0,219,0,0,0,212,48,474,344,57,46,0
0,0,0,0,0,0,1,0,196,60,0,0,0,0,1,0,1,0,0,0,0,0,0,0,0,0,0,0,0,0,0,0,0,0,0,0,0,0,0,0,0,0,8,0,0,0,0,0,22,0,0,0,233,70,14,85,98,24,0,333,77,0,16,11,188,28,180,399,0,0,0,0,0,0,0,0,0,0,0,0,0,0,3,0,0,0,0,0,0,0,0,0,0,0,0,0,0,0,0,0,0,0,1,0,0,0,0,0,0,0,0,0,0,0,0,0,0,0,0,0,0,0,0,0,25,0,63,0,32,0,108,0,9,0,14,0,7,0,4,0,0,0,0,0,9,0,0,0,23,0,20,0,0,0,55,11,218,0,5,5,65,0,6,0,0,0,0,0,15,0,0,0,0,0,25,5,0,0,0,0,0,0,0,0,51,0,0,0,0,0,0,0,0,0,0,0,0,0,0,0,0,0,0,0,0,0,0,0,26,0,651,265,310,577,602,0,42,11,0,0,0,0,0,0,0
0,22,0,6,0,5,0,7,42,69,0,0,0,0,0,0,0,2,1,0,0,8,0,0,0,11,0,0,0,0,0,0,0,0,0,0,0,0,0,0,0,0,0,0,0,0,0,0,0,0,0,9,127,167,22,89,70,112,333,0,0,231,11,99,93,70,295,131,0,0,0,0,0,0,0,0,0,0,0,0,0,0,0,3,0,0,0,0,0,1,0,3,0,4,0,0,0,0,0,0,0,0,0,2,0,0,0,0,0,0,0,0,0,0,0,0,0,0,0,0,0,0,0,0,0,25,0,7,0,8,0,108,0,9,0,16,0,34,0,13,0,0,0,5,7,16,0,0,0,64,0,0,0,0,79,60,17,412,28,34,34,19,1,0,0,8,0,6,0,24,0,96,0,58,0,11,0,4,0,0,0,16,0,0,40,17,0,0,0,0,0,0,0,0,0,0,0,0,0,0,0,3,0,0,0,0,0,0,0,16,1,0,0,0,955,0,0,0,1180,242,743,856,165,104,0
48,0,10,0,0,0,183,0,160,0,0,0,0,0,0,0,12,0,0,0,5,0,0,0,90,0,5,0,5,0,6,0,5,0,1,0,14,0,2,0,0,0,2,0,4,0,0,0,0,0,4,0,30,0,52,0,16,0,77,0,0,0,27,0,0,0,19,0,0,0,0,0,1,0,0,0,0,0,0,0,0,0,0,0,0,0,0,0,0,0,0,0,0,0,0,0,0,0,0,0,0,0,0,0,0,0,0,0,0,0,0,0,0,0,0,0,0,0,0,0,0,0,0,0,0,0,0,0,0,0,0,0,0,0,0,0,0,0,126,0,29,0,0,0,187,0,0,0,0,0,0,0,0,0,26,0,50,0,4,0,0,0,0,0,0,0,0,0,2,0,88,0,63,0,0,0,13,0,0,0,0,0,57,0,2,0,0,0,0,0,0,0,0,0,0,0,0,0,0,0,1,0,0,0,0,0,0,0,0,0,64,81,26,96,66,0,9,1,0,0,0,0,0,0,0
4,88,0,0,0,0,0,193,0,159,0,0,0,0,0,0,0,10,0,0,0,18,0,0,5,62,0,0,0,0,0,2,0,6,0,21,0,49,0,2,0,0,0,25,0,25,0,0,0,0,0,10,2,5,0,92,0,20,0,231,0,0,3,42,0,0,0,0,0,0,0,0,0,0,0,1,0,0,0,0,0,0,0,0,0,0,0,0,0,0,0,0,0,0,0,0,0,0,0,0,0,0,0,0,0,0,0,0,0,0,0,0,0,0,0,0,0,0,0,0,0,0,0,0,0,0,0,0,0,0,0,0,0,0,0,0,0,0,0,19,0,30,0,0,0,100,0,0,0,0,0,0,0,0,0,10,0,89,0,0,0,0,0,1,0,0,0,12,0,2,0,66,0,59,0,0,4,73,0,0,0,0,0,40,0,3,0,0,0,0,0,0,0,0,0,0,0,0,0,0,0,0,0,0,0,0,0,0,0,0,0,0,0,0,0,0,0,0,11,134,23,0,4,2,0
34,8,8,1,0,0,259,39,144,112,0,0,0,0,10,0,471,2,40,0,88,0,55,0,181,29,64,0,37,0,11,0,7,0,0,0,8,0,18,0,0,0,7,0,50,0,19,0,0,0,6,0,80,7,42,25,10,0,16,11,27,3,0,18,0,0,4,5,0,0,24,0,3,0,32,0,0,0,0,0,0,0,0,0,106,0,0,0,0,0,0,0,0,0,0,0,0,0,0,0,0,0,0,0,0,0,0,0,0,0,0,0,0,0,0,0,0,0,0,0,41,1,80,0,0,0,0,0,45,0,0,0,0,0,0,0,43,0,299,0,127,0,91,0,62,0,0,0,0,0,0,0,0,0,54,0,21,0,11,0,0,0,0,0,0,0,0,0,4,0,28,0,22,0,0,0,15,0,0,0,0,0,22,0,0,0,0,0,0,0,0,0,0,0,0,0,0,0,0,0,3,0,0,0,0,0,0,0,0,0,59,97,50,96,74,0,12,0,0,0,0,0,0,0,0
3,38,0,0,0,13,42,198,100,185,0,4,0,0,0,17,0,266,0,47,0,172,0,64,34,280,0,73,0,67,0,7,0,15,0,8,0,18,0,13,0,0,0,0,0,0,0,0,0,1,0,4,23,16,30,92,0,11,11,99,0,42,18,0,0,0,18,6,0,0,0,0,0,0,0,0,0,0,0,0,0,0,0,0,0,4,0,0,0,0,0,0,0,0,0,0,0,0,0,0,0,0,0,0,0,0,0,0,0,0,0,0,0,0,0,0,0,0,0,0,0,0,0,0,0,0,0,0,0,0,0,0,0,0,0,0,0,0,0,102,0,59,0,22,0,108,0,0,0,0,0,0,0,0,0,26,0,34,0,49,0,0,0,0,0,0,0,0,0,2,0,2,0,10,0,0,4,43,0,0,0,0,0,54,0,13,0,0,0,0,0,0,0,0,0,0,0,0,0,0,0,0,0,0,0,0,0,0,0,0,0,0,0,0,8,0,0,0,25,99,10,10,3,7,0
10,0,4,0,14,0,44,0,197,0,12,0,23,0,1,0,0,0,3,0,0,0,0,0,0,0,5,0,0,0,0,0,0,0,0,0,1,0,0,0,0,0,3,0,0,0,0,0,0,0,3,0,11,0,38,0,12,18,188,93,0,0,0,0,0,58,92,48,0,0,0,0,6,0,5,0,0,0,0,0,0,0,0,0,0,0,0,0,0,1,0,0,0,0,0,0,0,0,0,0,0,0,0,0,0,0,0,0,0,0,0,0,0,0,0,0,0,0,0,0,0,0,0,0,10,0,5,0,0,0,18,0,0,0,0,3,0,0,11,31,0,0,0,0,55,7,6,0,42,37,9,0,0,0,4,42,23,0,0,51,288,112,9,0,0,0,0,0,0,0,0,0,0,0,72,0,0,0,0,0,143,23,0,0,149,0,0,0,0,0,0,0,0,0,0,0,0,0,0,0,0,0,0,0,0,0,0,0,0,0,115,10,15,0,112,0,0,0,4,3,0,0,0,0,0
0,43,0,0,0,17,1,10,0,226,0,6,0,6,1,0,0,0,0,23,0,0,0,0,0,0,0,46,0,0,0,0,0,2,0,0,0,13,0,0,0,0,0,0,0,5,0,0,0,0,0,0,5,0,0,0,30,0,28,70,0,0,0,0,58,0,21,326,0,0,0,11,0,1,0,5,0,0,0,0,0,0,0,0,0,0,0,0,0,0,0,0,0,0,0,0,0,0,0,0,0,0,0,0,0,0,0,0,0,0,0,0,0,0,0,0,0,0,0,0,5,3,0,0,0,15,0,0,0,0,73,66,0,0,0,0,0,3,57,34,0,0,0,0,22,61,0,26,68,179,0,34,0,31,34,1,0,4,38,0,127,276,0,0,0,0,0,0,0,0,0,0,0,0,8,19,0,0,0,0,38,161,0,9,10,73,0,0,0,0,0,0,0,0,0,0,0,0,0,6,0,6,0,0,0,0,0,11,0,26,0,0,0,0,34,0,0,0,58,14,0,0,0,0,0
0,0,0,0,0,0,35,0,115,88,0,0,0,0,0,0,0,0,0,0,0,0,0,0,0,0,0,0,0,0,0,0,0,0,0,0,0,0,0,0,0,0,0,0,0,0,0,0,0,0,0,0,22,61,15,135,5,40,180,295,19,0,4,18,92,21,0,189,0,0,0,0,0,0,0,0,0,0,0,0,0,1,0,0,0,0,0,0,0,0,0,0,0,0,0,0,0,0,0,0,0,0,0,0,0,0,0,0,0,0,0,0,0,0,0,0,0,0,0,0,0,0,0,0,0,0,6,0,0,0,5,0,0,0,0,0,0,0,1,0,0,0,0,0,2,0,2,0,17,0,6,0,0,0,4,17,33,0,0,8,38,0,0,0,0,0,0,0,0,0,4,0,2,0,52,1,10,0,0,0,6,0,0,0,219,0,0,0,0,0,0,0,0,0,0,0,0,0,0,0,0,0,0,0,0,0,0,0,1,0,86,54,27,65,67,0,3,0,0,0,0,0,1,0,0
0,16,1,0,0,2,13,7,82,90,0,0,0,1,0,0,0,0,0,0,0,0,0,0,0,0,0,4,0,0,0,0,0,0,0,0,0,0,0,0,0,0,0,0,0,0,0,0,0,0,0,5,109,0,78,0,92,0,399,131,0,0,5,6,48,326,189,0,0,0,0,0,0,0,0,0,0,0,0,0,0,0,0,0,0,0,0,0,0,0,0,0,0,0,0,0,0,0,0,0,0,0,0,0,0,0,0,0,0,0,0,0,0,0,0,0,0,0,0,0,0,0,0,0,0,0,0,0,0,0,0,17,0,0,0,0,0,0,0,1,0,0,0,0,3,12,0,9,0,62,0,8,0,2,78,3,15,28,18,8,50,22,0,0,0,0,0,0,0,0,0,0,0,2,4,34,3,27,0,0,4,31,0,0,29,98,0,0,0,0,0,0,0,0,0,0,0,0,0,0,0,0,0,0,0,0,0,0,0,8,0,0,0,0,114,0,0,0,132,87,38,0,17,0,0
0,0,0,0,0,0,0,0,0,0,0,0,0,0,0,0,0,0,0,0,0,0,0,0,0,0,13,0,0,0,0,0,0,0,0,0,0,0,0,0,3,0,0,0,19,0,8,0,27,0,0,0,0,0,3,0,0,0,0,0,0,0,0,0,0,0,0,0,0,0,0,0,11,0,0,0,100,0,9,0,0,0,21,0,13,0,11,0,18,0,0,0,40,0,0,0,32,0,0,0,6,0,178,0,0,0,38,0,28,0,22,0,12,0,0,0,6,0,0,0,0,0,0,0,0,0,0,0,0,0,0,0,0,0,0,0,0,0,0,0,0,0,0,0,0,0,0,0,0,0,0,0,0,0,0,0,0,0,0,0,1,0,0,0,20,0,0,0,72,0,0,0,0,0,0,0,0,0,0,0,0,0,0,0,0,0,0,0,0,0,0,0,0,0,13,0,0,0,0,0,0,0,0,0,0,0,0,0,0,0,93,20,76,0,4,50,39,6,0,0,0,0,0,0,0
0,0,0,0,0,0,0,0,0,0,0,0,0,0,0,0,0,0,0,0,0,0,0,0,0,0,0,0,0,0,0,0,0,0,0,0,0,0,0,0,0,0,0,0,0,13,0,2,0,7,0,5,0,0,0,0,0,1,0,0,0,0,0,0,0,0,0,0,0,0,0,0,0,4,0,0,0,20,0,0,0,14,0,36,0,0,0,11,0,18,0,0,0,37,0,23,0,0,0,6,0,11,0,82,0,0,0,2,0,21,0,1,0,13,0,0,0,3,0,0,0,0,0,0,0,0,0,0,0,0,0,0,0,0,0,6,0,0,0,0,0,0,0,0,0,0,0,0,1,0,0,0,0,3,0,0,0,0,0,2,0,8,0,0,0,47,0,0,0,42,0,0,0,0,0,0,0,0,0,0,0,0,0,0,0,0,0,0,0,21,0,0,0,0,0,7,0,2,0,0,0,0,0,3,0,3,0,0,0,0,0,0,0,0,5,0,0,0,21,18,75,2,76,82,3
0,0,0,0,0,0,0,0,0,0,0,0,0,0,0,0,31,0,0,0,48,0,0,0,0,0,67,0,48,0,33,0,23,0,27,0,75,0,0,0,0,0,29,0,114,0,18,0,0,0,33,0,0,0,0,0,0,0,0,0,0,0,24,0,0,0,0,0,0,0,0,0,159,0,214,0,22,0,201,0,0,0,20,0,10,0,21,0,0,0,0,0,0,0,0,0,0,6,0,0,0,0,0,0,0,0,0,0,0,0,0,0,0,0,0,0,0,0,0,0,27,0,6,0,0,0,25,0,15,0,77,32,3,0,16,0,20,0,34,0,32,3,45,3,69,0,28,0,87,22,58,3,13,0,1,0,7,0,0,10,8,0,61,0,0,0,23,0,43,0,21,0,34,0,39,0,0,0,0,0,54,15,0,0,50,0,0,0,0,0,0,0,0,0,0,0,0,0,0,0,0,0,0,0,3,0,0,4,60,0,15,0,47,0,3,0,0,0,0,0,0,0,0,0,0
0,0,0,0,0,0,0,0,0,0,0,1,0,0,0,0,0,0,0,0,0,18,0,0,0,0,0,0,0,3,0,3,0,0,0,7,0,13,0,0,0,0,0,0,0,0,0,1,0,0,0,35,0,0,0,0,0,0,0,0,0,0,0,0,0,11,0,0,0,0,0,0,0,133,0,168,0,66,0,8,0,4,0,11,0,0,0,56,0,0,0,0,0,0,0,0,0,0,1,0,0,0,0,0,0,0,0,0,0,0,0,0,0,0,0,0,0,0,0,0,0,0,0,2,0,100,0,101,0,56,11,57,0,46,0,0,0,82,0,45,0,36,0,0,0,121,0,0,0,120,0,43,0,44,0,0,0,2,0,0,2,0,0,35,0,0,0,0,0,9,0,12,0,24,0,32,0,1,0,0,0,40,0,0,0,0,0,0,0,0,0,0,0,0,0,0,0,0,0,8,0,0,0,0,0,0,0,0,0,51,0,0,0,0,6,0,0,0,30,4,24,11,0,0,0
0,0,0,0,0,0,0,0,0,0,0,0,0,0,0,0,0,0,0,0,0,0,0,0,2,0,0,0,0,0,0,0,0,0,0,0,12,0,0,0,0,0,0,0,0,0,0,0,2,0,4,0,0,0,0,0,0,0,0,0,1,0,3,0,6,0,0,0,11,0,159,0,0,0,177,0,82,0,220,0,4,2,44,0,6,0,10,0,0,0,0,0,4,0,2,0,0,0,0,0,0,0,6,0,0,0,0,0,0,0,0,0,0,0,0,0,0,0,0,0,63,0,27,0,67,0,38,0,13,3,68,0,14,0,70,0,21,7,19,0,21,0,49,0,32,0,40,0,30,0,138,0,0,2,0,0,0,0,0,0,12,2,56,1,0,0,2,0,15,0,4,0,0,0,10,0,0,0,0,0,38,14,0,0,19,0,0,0,0,0,0,0,0,0,0,0,9,0,0,0,57,0,83,0,0,0,0,0,102,0,242,5,22,1,19,6,0,0,0,0,0,0,0,0,0
0,0,0,0,0,0,0,0,0,0,0,0,0,0,0,0,0,1,0,0,0,0,0,0,0,0,0,0,0,0,0,0,0,0,0,0,0,0,0,0,0,0,0,0,0,0,0,0,0,0,0,1,0,0,0,0,0,0,0,0,0,0,0,0,0,1,0,0,0,4,0,133,0,0,0,236,0,216,0,28,0,17,0,47,0,32,0,95,0,0,0,0,0,0,0,9,2,7,0,0,0,0,0,0,0,0,0,0,0,0,0,0,0,0,0,0,0,0,0,0,0,9,0,0,0,145,0,0,2,90,0,53,0,43,0,85,0,89,3,36,0,20,0,0,0,55,0,72,0,69,0,30,0,0,0,0,0,2,0,0,0,6,0,36,0,1,0,0,0,24,0,17,0,0,0,27,0,0,0,0,0,0,0,0,0,0,0,0,0,0,0,0,0,0,0,0,0,0,0,0,0,0,0,0,0,0,0,0,0,0,0,0,0,0,11,0,0,0,112,2,30,5,0,0,0
0,0,0,0,0,0,0,0,0,0,0,0,0,0,0,0,40,0,0,0,65,0,0,0,0,0,0,0,70,0,47,0,28,0,28,0,68,0,0,0,0,0,0,0,118,0,0,0,0,0,19,0,0,0,0,0,0,0,0,0,0,0,32,0,5,0,0,0,0,0,214,0,177,0,0,0,16,0,248,0,5,2,41,0,28,0,32,0,2,0,0,0,0,0,0,0,0,0,0,0,0,0,0,0,0,0,0,0,0,0,0,0,0,0,0,0,0,0,0,0,103,0,37,0,0,0,0,0,13,0,34,32,0,0,78,0,29,0,21,0,66,3,140,0,93,0,24,0,76,24,88,0,0,0,0,0,0,0,0,0,0,0,25,0,0,0,0,0,15,0,13,0,23,0,71,0,0,0,0,0,60,0,0,0,0,0,0,0,0,0,0,0,0,0,0,0,0,0,166,0,86,0,101,0,0,0,66,0,80,0,85,0,10,0,0,0,0,0,0,0,0,0,0,0,0
0,0,0,0,0,0,0,0,0,0,0,0,0,0,0,0,0,0,0,0,0,58,0,4,0,0,0,0,0,0,0,10,0,0,0,21,0,0,0,0,0,0,0,0,0,55,0,0,0,0,0,55,0,0,0,0,0,0,0,0,0,1,0,0,0,5,0,0,0,0,0,168,0,236,0,0,0,107,0,20,0,0,0,17,0,70,0,139,0,0,0,0,0,0,0,0,0,0,0,6,0,0,0,0,0,0,0,0,0,0,0,0,0,0,0,0,0,0,0,0,0,77,0,38,18,102,0,148,0,28,0,43,0,0,0,282,0,241,4,17,0,104,0,68,0,232,0,0,18,122,0,60,0,92,0,0,0,0,0,0,0,0,0,41,0,0,0,0,0,35,0,15,0,20,0,41,0,0,0,0,8,68,0,0,0,1,0,0,0,0,0,0,0,0,0,0,0,0,0,82,0,34,0,0,0,0,0,0,0,129,0,0,0,0,11,0,0,0,88,0,45,0,0,0,0
0,0,0,0,0,0,0,0,0,0,0,0,0,0,0,0,0,0,0,0,0,0,0,0,0,0,0,0,0,0,0,0,0,0,3,0,0,0,0,0,1,0,0,0,0,0,0,0,5,0,0,0,0,0,0,0,2,0,0,0,0,0,0,0,0,0,0,0,100,0,22,0,82,0,16,0,0,0,53,0,0,0,35,0,0,0,31,0,5,0,0,0,31,0,35,0,33,0,19,0,7,0,103,0,0,0,15,0,16,0,8,0,0,0,0,0,21,0,0,0,8,0,0,0,0,0,0,0,0,0,0,0,0,0,0,0,0,0,0,0,0,0,0,0,3,0,0,0,0,0,0,0,0,0,0,0,0,0,0,0,0,0,3,0,16,0,2,0,18,0,0,0,0,0,0,0,0,0,0,0,0,0,0,0,0,0,1,0,0,0,0,0,0,0,0,0,0,0,0,0,0,0,0,0,0,0,0,0,0,0,70,0,44,0,0,13,11,0,0,0,0,0,0,0,0
0,0,0,0,0,0,0,0,0,0,0,0,0,0,0,0,0,0,0,0,0,0,0,0,0,0,0,0,0,0,0,0,0,0,0,0,0,0,0,0,0,0,0,0,0,10,0,0,0,0,0,0,0,0,0,0,0,0,0,0,0,0,0,0,0,0,0,0,0,20,0,66,0,216,0,107,0,0,0,36,0,56,0,77,0,30,0,130,0,45,0,0,0,137,0,43,0,7,0,21,0,6,0,85,0,0,0,2,0,7,0,0,0,0,0,0,0,3,0,0,0,8,0,0,0,0,0,0,0,0,0,0,0,0,0,0,0,0,0,0,0,0,0,0,0,0,0,0,0,0,0,0,0,7,0,0,0,0,0,0,0,0,0,7,0,9,0,0,0,36,0,0,0,0,0,0,0,0,0,0,0,0,0,0,0,0,0,0,0,78,0,0,0,0,0,0,0,0,0,0,0,0,0,0,0,0,0,0,0,0,0,0,0,0,8,0,0,0,39,3,55,0,16,0,1
0,0,0,0,0,0,0,0,0,0,0,0,0,0,0,0,0,0,0,0,0,0,0,0,0,0,0,0,0,0,0,0,0,0,0,0,0,0,0,0,0,0,0,0,0,0,0,0,3,0,0,0,0,0,0,0,0,0,0,0,0,0,0,0,0,0,0,0,9,0,201,0,220,0,248,0,53,0,0,0,0,0,125,0,15,0,37,0,3,0,0,0,27,0,8,0,43,0,6,0,3,0,18,0,0,0,7,0,5,0,0,0,0,0,0,0,0,0,0,0,142,0,19,0,0,0,0,0,0,0,0,0,0,0,65,0,0,0,9,2,29,0,47,0,0,0,0,4,0,0,0,0,0,0,0,0,0,0,0,0,0,0,20,0,14,0,0,0,25,0,0,0,0,0,0,0,0,0,0,0,0,0,0,0,0,0,0,0,40,0,0,0,45,0,0,0,8,0,0,0,90,0,0,0,0,0,0,0,54,0,210,10,27,0,11,11,8,0,0,0,0,0,0,0,0
