0,59,100,44,19,9,26,19,103,5,163,8,113,0,33,56,32,0,10,0,48,1,77,1,19,13,24,0,94,0,23,0,193,0,0,0,102,5,407,1,7,0,0,0,16,1,11,0,20,0,41,0,0,0,10,1,9,1,4,0,13,0,15,0,31,0,78,2,0,0,0,0,0,0,0,0,0,0,0,0,3,0,3,0,0,0,0,0,1,0,0,0,0,0,0,0,0,0,0,0,0,0,0,0,2,0,0,0,0,0,0,0,0,0,0,0,0,0,0,0,0,0,0,0,12,0,8,0,0,0,6,0,12,0,8,1,0,1,0,0,0,0,6,0,0,0,11,0,20,0,13,0,12,0,1,0,0,0,0,0,7,0,0,0,10,0,33,0,8,0,4,0,100,0,4,0,49,14,14,0,10,0,1,0,34,0,4,0,0,0,0,0,0,0,0,0,0,0,0,0,0,0,0,0,0,0,0,0,6,0,30,0,9,1,108,2,2,0,5,1,302,18,51,2,86,2,20,1,358,10,111,1,232,22,38,1,0,0,71,0,11,0,9,0,353,2,0,0,0
59,0,27,137,2,143,37,121,15,144,3,210,0,24,2,60,0,34,1,65,3,48,8,45,21,86,0,49,0,133,0,23,4,237,0,42,1,441,13,191,0,0,0,0,0,38,0,0,2,0,0,34,0,0,0,12,0,0,0,30,1,42,0,6,0,140,1,53,0,0,0,0,0,0,0,0,0,0,0,0,0,0,0,0,0,4,0,0,0,0,0,0,0,0,0,0,0,0,0,0,0,0,0,0,0,0,0,5,0,0,0,0,0,0,0,0,0,0,0,3,0,0,0,0,0,13,0,15,0,0,0,13,0,0,0,0,0,24,0,0,0,0,2,15,0,0,0,17,0,109,0,51,0,43,0,0,0,0,0,0,0,7,0,1,0,7,3,22,0,4,0,2,7,71,0,4,15,219,0,0,0,56,0,11,1,67,0,0,0,0,0,0,0,1,0,0,0,0,0,0,0,3,0,0,0,0,0,12,0,23,4,29,0,3,11,115,0,0,0,13,36,571,6,36,1,63,0,19,30,429,3,25,15,589,1,63,0,6,2,7,0,0,0,3,26,348,0,0,0
100,27,0,28,92,17,168,1,20,0,13,9,101,0,350,23,95,1,78,3,252,0,268,1,158,5,89,0,146,0,55,0,205,0,0,0,105,4,281,0,8,0,11,0,51,0,15,0,15,0,45,0,0,0,59,0,12,0,0,0,9,0,26,0,8,0,19,0,0,0,4,0,0,0,0,0,0,0,2,0,0,0,0,0,0,0,6,0,0,0,0,0,0,0,0,0,0,0,0,0,0,0,0,0,0,0,9,0,0,0,1,0,0,0,0,0,0,0,0,0,0,0,0,0,6,0,19,0,0,0,0,0,7,0,31,0,42,0,0,0,0,0,30,0,0,0,8,0,13,0,0,0,6,0,4,0,0,0,2,0,11,0,0,0,0,0,75,0,0,0,5,0,84,0,1,0,13,12,0,0,0,0,1,0,3,0,3,0,0,0,0,0,0,0,0,0,0,0,0,0,4,0,0,0,0,0,3,0,8,0,0,0,0,0,0,0,0,0,5,0,137,8,15,0,45,0,0,0,233,7,31,0,75,8,0,1,0,0,0,0,0,0,0,0,82,0,0,0,0
44,137,28,0,1,63,10,115,0,7,6,5,0,0,2,164,0,109,0,97,0,123,9,140,6,130,0,19,0,76,0,37,11,160,0,36,4,44,13,23,0,0,0,8,0,22,0,0,0,4,0,18,0,0,0,34,0,7,0,0,0,0,0,3,0,2,0,0,0,0,0,0,0,0,0,0,0,0,0,0,0,0,0,0,0,2,0,0,0,0,0,5,0,0,0,0,0,20,0,1,0,0,0,0,0,0,0,0,0,0,0,0,0,0,0,0,0,0,0,0,0,0,0,0,0,12,0,8,0,0,0,9,0,22,0,0,1,53,0,0,0,0,0,33,0,0,0,3,0,12,0,0,0,0,0,8,0,0,0,0,0,10,0,0,4,1,4,18,0,4,0,0,0,17,0,0,15,97,0,0,0,8,0,0,0,0,0,0,0,0,0,0,0,0,0,0,0,0,0,0,0,0,0,0,0,0,0,0,0,28,0,0,1,0,5,0,0,2,1,0,30,72,1,3,0,10,0,0,36,165,5,0,12,45,0,3,0,0,0,0,0,0,0,0,7,21,0,0,0
19,2,92,1,0,21,9,0,5,0,9,15,107,23,105,20,11,0,89,58,215,13,32,0,10,0,133,29,13,0,38,2,44,0,114,0,44,0,11,0,29,0,16,0,45,8,39,0,3,0,191,0,0,0,10,0,0,0,0,0,0,0,0,0,0,0,0,0,0,0,0,0,0,0,0,0,0,0,0,0,0,0,0,0,0,0,0,0,0,0,0,0,0,0,0,0,0,0,0,0,0,0,0,0,4,0,0,0,0,0,0,0,0,0,0,0,0,0,1,0,0,0,0,0,0,0,0,0,0,0,0,0,0,0,0,0,9,0,0,0,0,0,11,0,0,0,6,0,3,1,8,0,16,0,0,0,0,0,0,0,0,0,0,0,0,0,44,0,29,0,1,0,9,0,2,0,15,12,9,0,19,0,0,0,14,0,3,0,0,0,0,0,0,0,0,0,0,0,0,0,0,0,0,0,0,0,0,0,5,0,2,0,0,0,7,0,0,0,2,0,79,1,0,0,115,1,3,0,127,0,10,0,25,2,2,0,0,0,4,0,0,0,0,0,30,0,0,0,0
9,143,17,63,21,0,0,26,0,6,8,73,4,59,29,54,0,5,9,201,22,156,0,30,1,25,0,146,0,10,2,81,5,66,6,123,0,120,0,0,0,37,0,55,8,56,0,31,0,5,6,104,0,0,0,0,0,0,0,0,0,2,0,0,0,16,0,0,0,0,0,0,0,0,0,0,0,0,0,0,0,0,0,0,0,0,0,0,0,0,0,1,0,0,0,0,0,0,0,0,0,0,0,0,0,0,0,0,0,0,0,0,1,0,0,0,0,0,0,0,0,0,0,0,0,5,0,0,0,0,1,8,0,4,0,14,0,21,0,0,0,0,0,9,0,0,0,0,0,35,0,22,0,18,0,0,0,0,0,0,0,0,0,0,0,0,4,37,0,11,0,0,0,8,0,18,14,183,0,7,1,68,0,1,0,18,0,3,0,0,0,0,0,0,0,0,0,0,0,0,0,2,0,0,0,0,0,0,0,10,0,6,0,0,1,0,0,0,0,5,9,155,0,0,2,97,1,11,12,245,3,28,0,124,0,5,0,0,0,1,0,0,0,0,1,59,0,0,0
26,37,168,10,9,0,0,19,38,19,9,0,9,0,23,0,26,0,0,0,19,0,67,0,193,20,20,0,33,0,0,0,16,0,0,0,16,2,159,0,0,0,0,0,0,0,0,0,31,0,0,0,282,0,297,0,35,0,16,0,348,0,710,0,17,0,60,0,0,0,0,0,0,0,0,0,0,0,0,0,0,0,0,1,27,0,0,0,0,0,3,0,0,0,0,0,10,1,0,0,0,0,0,0,12,0,0,0,0,0,0,0,0,0,0,0,0,0,0,0,0,0,0,0,5,0,10,0,0,0,19,0,12,0,29,0,0,0,7,0,0,0,0,0,0,0,6,0,0,0,0,0,0,0,0,0,4,0,0,0,23,1,0,0,0,0,0,0,14,0,36,0,119,0,0,0,7,4,0,0,0,0,0,3,0,0,0,0,0,0,0,0,0,0,0,0,0,0,0,0,0,0,0,0,0,0,1,0,0,0,0,3,0,0,185,1,0,0,9,2,240,10,84,0,119,1,32,0,548,5,16,2,171,16,17,4,0,0,37,1,0,0,0,0,188,0,0,0,0
19,121,1,115,0,26,19,0,27,72,0,7,0,4,1,40,0,44,0,11,0,24,0,14,9,137,0,0,0,151,0,13,0,94,0,14,0,338,3,415,0,0,0,0,0,10,0,0,0,1,0,0,0,7,0,197,0,36,0,67,4,181,0,95,0,9,0,9,0,0,0,0,0,0,0,0,0,0,0,0,0,0,0,0,0,0,0,0,0,0,0,0,0,0,0,0,0,21,0,1,0,7,0,0,0,4,0,0,0,0,0,0,0,0,0,0,0,0,0,0,0,0,0,0,0,35,0,0,0,10,0,30,0,23,0,24,0,68,0,6,0,0,0,26,0,0,0,4,0,20,0,0,0,1,0,25,0,0,0,7,0,55,0,0,0,10,0,9,0,0,0,0,0,48,2,0,4,21,0,0,0,0,0,7,0,0,0,0,0,0,0,0,0,0,0,0,0,0,0,0,0,0,0,1,0,0,0,0,0,50,3,34,0,9,7,91,0,0,0,12,10,377,1,28,3,61,2,0,7,506,0,0,8,291,2,36,0,0,1,7,0,0,0,2,5,148,0,0,0
103,15,20,0,5,0,38,27,0,51,13,0,31,0,4,1,0,0,4,0,4,0,2,0,17,14,0,0,0,0,2,0,1,0,0,0,0,0,15,0,1,0,0,0,1,0,2,0,26,0,0,0,323,0,148,1,12,0,24,0,538,0,437,0,134,0,328,9,0,0,0,0,0,0,0,0,0,0,0,0,0,0,0,0,0,0,0,0,0,0,0,0,0,0,0,0,0,0,0,0,0,0,0,0,5,0,8,0,0,0,0,0,2,0,0,0,0,0,0,0,0,0,0,0,32,0,30,0,0,0,28,0,0,0,0,4,7,0,0,0,0,0,10,2,0,0,47,0,56,0,11,0,29,0,4,0,0,0,0,0,14,0,2,0,6,0,9,0,8,0,47,0,76,0,11,0,88,23,1,0,7,0,5,5,36,2,0,0,0,0,1,0,1,0,1,0,0,0,3,0,0,0,0,0,0,0,0,0,23,0,70,7,0,1,370,16,0,0,15,0,248,20,66,4,102,3,49,2,428,12,26,0,382,27,42,7,0,0,97,0,12,0,1,0,507,7,0,0,0
5,144,0,7,0,6,19,72,51,0,0,20,0,0,1,0,0,0,0,0,0,0,0,0,8,23,0,0,0,0,0,5,0,14,0,0,1,45,0,82,0,0,0,0,1,0,0,0,0,0,0,7,1,9,2,192,2,22,0,44,24,244,6,136,0,359,5,283,0,0,0,0,0,0,0,0,0,0,0,0,0,4,0,3,0,0,0,0,0,0,0,0,0,0,0,0,0,0,0,0,0,0,0,0,0,0,0,0,0,0,0,0,0,0,0,0,0,0,0,0,0,0,0,0,0,50,0,21,0,6,0,65,0,0,0,0,0,13,0,0,0,0,1,0,0,0,0,40,0,125,0,14,0,13,0,0,0,0,0,0,0,25,0,0,0,5,0,0,1,3,0,0,5,26,3,3,9,133,0,0,0,0,0,32,0,46,0,0,0,0,0,0,0,0,0,0,0,0,0,0,0,0,0,0,0,1,0,7,0,41,0,51,5,33,28,360,0,0,3,37,30,414,11,60,5,105,2,11,42,462,0,11,23,608,0,111,0,0,2,14,0,2,0,4,34,328,0,0,0
163,3,13,6,9,8,9,0,13,0,0,6,178,0,73,29,0,0,9,4,171,0,7,0,0,0,16,0,3,0,29,1,37,0,28,0,41,1,0,0,6,0,0,0,14,0,7,0,0,0,33,0,0,0,0,0,0,0,0,0,0,0,0,0,7,0,4,0,0,0,0,0,0,0,0,0,0,0,0,0,0,0,1,0,0,0,0,0,1,0,0,0,0,0,0,0,0,0,0,0,0,0,0,0,0,0,0,0,0,0,0,0,0,0,0,0,0,0,0,0,0,0,0,0,2,0,1,0,0,0,3,0,0,0,0,0,0,0,0,0,0,0,0,0,0,0,0,0,10,0,4,0,0,0,0,0,0,0,0,0,2,0,0,0,0,0,40,0,0,0,1,0,13,0,1,0,32,7,3,0,11,0,2,0,25,0,20,0,0,0,0,0,0,0,0,0,0,0,0,0,0,0,0,0,0,0,0,0,2,0,0,0,0,0,11,0,0,0,0,0,81,7,7,0,33,0,8,0,94,7,27,0,64,0,0,0,0,0,3,0,0,0,0,0,48,0,0,0,0
8,210,9,5,15,73,0,7,0,20,6,0,6,249,11,22,0,0,14,52,22,70,2,12,1,0,0,98,0,9,3,42,0,84,6,75,4,131,0,9,0,198,0,39,9,105,0,44,2,34,7,74,0,0,2,0,0,0,0,0,0,6,0,0,0,18,0,6,0,0,0,0,0,0,0,0,0,0,0,1,0,0,0,0,0,0,0,0,0,1,0,0,0,0,0,0,0,0,0,0,0,0,0,0,0,0,0,0,0,0,0,0,0,0,0,0,0,0,0,0,0,0,0,0,0,0,0,0,0,0,0,0,0,0,0,0,0,0,0,0,0,0,0,0,0,0,0,0,0,21,0,18,0,15,0,0,0,0,0,0,0,0,0,0,0,4,2,15,0,3,0,0,0,0,0,7,4,165,0,6,0,46,0,1,0,17,0,9,0,0,0,0,0,0,0,0,0,0,0,0,0,0,0,0,0,0,0,0,0,5,0,8,0,0,0,34,0,0,0,5,5,180,0,4,4,110,0,12,10,188,0,26,3,215,3,4,0,0,0,0,0,0,0,0,3,111,0,0,0
113,0,101,0,107,4,9,0,31,0,178,6,0,52,42,2,0,0,53,61,45,8,11,0,0,0,127,78,0,0,0,0,0,0,59,0,13,4,0,0,169,66,51,6,91,10,172,16,57,0,340,0,0,0,7,0,0,0,0,0,0,0,0,0,16,0,13,0,0,0,0,0,0,0,0,0,0,0,0,0,0,0,0,0,0,0,0,0,0,0,0,0,0,0,0,0,0,0,0,0,0,0,0,0,6,0,0,0,0,0,0,0,0,0,0,0,0,0,0,0,0,0,0,0,9,0,14,0,2,0,13,0,0,0,19,0,0,0,0,0,0,0,17,0,0,0,42,0,41,0,21,0,44,0,0,0,0,0,0,0,7,0,0,0,17,0,4,0,0,0,0,0,0,0,9,0,7,26,21,0,105,0,23,0,60,0,19,0,2,0,0,0,0,0,0,0,3,0,2,0,4,0,0,0,0,0,9,0,19,0,0,0,0,0,2,0,8,0,11,7,10,0,14,0,263,1,1,0,28,0,5,0,5,0,0,0,0,0,0,0,0,0,0,0,19,0,0,0,0
0,24,0,0,23,59,0,4,0,0,0,249,52,0,15,2,0,0,101,36,15,19,0,0,0,0,73,190,0,2,0,0,0,0,8,21,0,97,0,0,24,278,0,136,7,78,7,145,3,49,20,255,0,0,0,0,0,0,0,0,0,0,0,0,0,0,0,0,0,0,0,0,0,0,0,0,0,0,0,0,0,0,0,0,0,0,0,0,0,0,0,0,0,0,0,0,0,0,0,0,0,0,0,0,0,0,0,0,0,0,0,0,0,1,0,0,0,0,0,0,0,0,0,0,0,0,0,2,0,0,0,0,0,0,0,0,0,0,0,0,0,0,0,0,0,0,0,0,0,0,0,0,0,0,0,0,0,0,0,0,0,0,0,0,0,7,0,2,0,0,0,0,0,0,0,0,0,103,0,9,0,7,0,0,0,5,1,6,0,0,0,0,0,0,0,0,0,0,0,0,0,0,0,0,0,0,0,0,0,0,0,0,0,0,0,1,0,0,0,81,0,3,0,0,14,238,0,0,0,78,0,2,0,6,0,0,0,0,0,0,0,0,0,0,0,0,0,0,0
33,2,350,2,105,29,23,1,4,1,73,11,42,15,0,10,29,0,131,64,267,7,228,0,47,0,202,11,10,0,51,1,55,0,89,6,30,2,0,0,8,2,26,0,58,0,20,0,2,0,68,4,0,0,29,0,0,0,0,0,0,0,0,0,0,0,6,0,0,0,0,0,0,0,0,0,0,0,0,0,1,0,0,0,0,0,0,0,0,0,0,0,0,0,0,0,5,0,0,0,0,0,0,0,9,0,21,0,0,0,0,0,0,0,0,0,0,0,0,0,0,0,0,0,5,0,22,0,0,0,0,0,0,0,24,0,33,0,0,0,0,0,38,0,0,0,13,0,24,0,10,0,14,0,2,0,0,0,0,0,0,0,0,0,0,0,31,0,9,0,0,0,7,0,6,0,16,10,41,0,13,0,8,0,17,0,0,1,0,0,0,0,2,0,0,0,0,0,1,0,0,0,0,0,0,1,3,0,13,0,0,0,0,0,1,0,2,0,0,0,34,1,0,0,27,2,3,0,61,1,0,0,0,0,0,1,0,0,0,0,0,0,0,0,8,0,0,0,0
56,60,23,164,20,54,0,40,1,0,29,22,2,2,10,0,0,15,1,230,25,306,11,132,0,109,0,65,3,21,5,42,14,47,7,61,11,32,14,3,0,0,1,55,0,53,0,0,0,10,5,31,0,0,0,23,0,0,0,0,0,0,0,0,0,0,0,0,0,0,0,0,0,0,0,0,0,0,0,1,0,0,0,0,0,7,2,0,0,5,0,0,0,0,1,3,0,27,0,3,0,3,0,0,0,0,0,0,0,0,0,0,0,0,0,0,0,0,0,0,0,0,0,0,0,8,0,0,0,0,1,0,0,0,0,18,1,35,0,0,0,0,1,0,0,0,0,0,0,12,0,0,0,3,0,5,0,0,0,0,0,0,0,0,0,3,8,10,0,3,0,1,4,4,0,2,21,122,0,1,0,7,0,0,1,0,0,0,0,0,0,0,0,0,0,0,0,0,0,0,0,0,0,0,0,0,0,0,0,18,2,0,0,0,4,0,0,4,0,0,46,51,1,0,4,14,0,1,52,79,5,0,12,15,0,0,0,0,0,0,0,0,0,0,18,9,0,0,0
32,0,95,0,11,0,26,0,0,0,0,0,0,0,29,0,0,0,71,0,257,0,141,0,280,0,97,0,203,0,104,0,109,0,59,0,58,0,206,0,0,0,40,0,106,0,0,0,0,0,66,0,68,0,19,0,17,0,11,0,25,0,353,0,0,0,0,0,0,0,67,0,0,0,41,0,0,0,0,0,153,0,0,0,113,0,176,0,89,0,17,0,0,0,130,0,71,0,102,0,145,0,0,0,34,0,168,0,0,0,0,0,0,0,0,0,0,0,0,0,132,0,173,0,0,0,0,0,12,0,0,0,0,0,32,0,146,0,79,0,96,0,117,0,19,0,0,0,0,0,1,0,0,0,24,0,2,0,39,0,19,0,0,0,0,0,5,0,21,0,0,0,15,0,0,0,4,1,1,0,0,0,0,0,0,0,0,0,0,0,1,0,0,0,0,0,0,0,0,0,11,0,0,0,0,0,0,0,7,0,0,0,0,0,0,0,0,0,0,0,7,0,16,0,0,0,0,0,37,0,0,0,0,0,0,0,0,0,0,0,0,0,0,0,3,0,0,0,0
0,34,1,109,0,5,0,44,0,0,0,0,0,0,0,15,0,0,0,7,0,104,0,88,0,190,0,6,0,575,0,32,0,148,0,20,0,54,0,153,0,0,0,0,0,0,0,0,0,0,0,18,0,9,0,123,0,7,0,0,0,12,0,219,0,0,0,0,0,0,0,0,0,0,0,0,0,10,0,1,0,18,0,6,0,68,0,26,0,32,0,10,0,6,0,16,0,62,0,33,0,17,0,0,0,0,0,8,0,0,0,0,0,0,0,0,0,0,0,0,0,5,0,0,0,16,0,0,0,45,0,0,0,45,0,17,0,54,0,28,0,0,0,95,0,8,0,0,0,1,0,0,0,0,0,21,0,0,0,0,0,0,0,0,0,0,0,0,0,0,0,0,0,2,0,0,0,0,0,0,0,0,0,0,0,0,0,0,0,0,0,0,0,0,0,0,0,0,0,5,0,0,0,0,0,0,0,0,0,0,0,0,0,1,0,0,0,0,0,0,0,13,0,0,0,0,0,0,0,17,0,0,0,0,0,0,0,0,0,3,0,0,0,0,0,0,0,0,0
10,1,78,0,89,9,0,0,4,0,9,14,53,101,131,1,71,0,0,143,169,15,146,0,37,0,233,124,0,0,0,0,0,0,91,0,0,0,0,0,8,55,55,14,52,13,26,0,0,0,190,11,3,0,18,0,0,0,0,0,0,0,0,0,1,0,0,0,0,0,4,0,0,0,0,0,0,0,0,0,0,0,0,0,0,0,0,0,0,0,0,0,0,0,0,0,0,0,0,0,0,0,0,0,0,0,0,0,0,0,0,0,0,0,0,0,0,0,1,0,0,0,0,0,3,0,0,0,0,0,0,0,0,0,0,0,12,0,0,0,0,0,19,1,0,0,6,0,7,0,7,0,9,0,0,0,0,0,0,0,0,0,0,0,14,0,4,0,0,0,0,0,0,0,5,0,36,34,10,0,23,0,6,0,0,0,4,4,0,0,0,0,0,0,0,0,0,0,2,0,0,0,0,0,0,0,0,0,10,0,0,0,0,0,0,0,0,0,3,5,7,0,0,0,65,0,0,0,22,0,2,0,0,0,1,0,0,0,0,0,0,0,0,0,0,0,0,0,0
0,65,3,97,58,201,0,11,0,0,4,52,61,36,64,230,0,7,143,0,32,107,0,42,0,25,29,168,1,0,3,19,0,3,24,83,0,83,0,0,0,8,0,105,16,51,0,11,0,6,54,171,0,0,0,0,0,0,0,0,0,0,0,0,0,9,0,2,0,0,0,0,0,0,0,0,0,0,0,0,0,0,0,0,0,7,0,0,0,6,0,0,0,0,0,0,0,12,0,0,0,0,0,0,1,0,0,0,0,0,0,0,0,3,0,0,0,0,0,0,0,0,0,0,0,0,0,0,0,0,0,0,0,7,0,0,0,0,0,2,0,3,0,0,0,0,0,0,0,18,0,18,0,18,0,0,0,0,0,0,0,7,0,0,0,6,1,8,0,0,0,0,0,0,0,9,10,99,0,8,0,47,0,1,0,12,0,2,0,0,0,0,0,0,0,0,0,0,0,0,0,0,0,2,0,0,0,0,0,0,0,0,0,0,1,3,0,0,0,4,0,21,2,0,16,100,0,0,10,86,0,0,1,0,0,0,0,0,0,0,0,0,0,0,3,0,0,0,0
48,3,252,0,215,22,19,0,4,0,171,22,45,15,267,25,257,0,169,32,0,0,335,1,52,0,197,11,48,0,63,2,26,0,103,3,33,1,8,0,0,7,84,0,93,3,5,0,0,0,115,0,0,0,22,0,8,0,0,0,0,0,26,0,5,0,5,0,0,0,12,0,0,0,0,0,0,0,0,0,13,0,0,0,0,0,0,0,0,0,0,0,0,0,0,0,0,0,0,0,11,0,0,0,10,0,21,0,0,0,0,0,0,0,0,0,0,0,0,0,10,0,8,0,0,0,0,0,0,0,0,0,0,0,31,0,21,0,0,0,5,0,0,0,0,0,0,0,14,0,8,0,14,0,0,0,0,0,0,0,0,0,0,0,13,0,44,0,0,0,0,0,11,0,0,0,66,15,99,0,49,0,0,0,24,0,1,0,0,0,0,0,0,0,0,0,0,0,1,0,0,0,0,0,0,0,0,0,0,0,2,0,0,0,6,0,0,0,1,0,24,3,0,0,74,4,2,0,62,3,5,0,9,0,1,0,0,0,0,0,0,0,0,0,18,0,0,0,0
1,48,0,123,13,156,0,24,0,0,0,70,8,19,7,306,0,104,15,107,0,0,0,251,0,131,7,73,0,35,2,52,0,25,5,83,0,54,0,3,0,0,0,106,0,71,0,8,0,6,8,63,0,4,0,21,0,7,0,0,0,4,0,37,0,0,0,0,0,0,0,7,0,0,0,0,0,0,0,0,0,16,0,0,0,34,0,15,0,0,0,9,0,0,0,9,0,44,0,13,0,0,0,0,0,0,0,0,0,0,0,0,0,0,0,0,0,0,0,0,0,0,0,4,0,0,0,0,0,30,0,6,0,0,0,20,0,60,0,38,0,29,0,110,0,20,0,3,0,0,0,0,0,6,0,0,0,0,0,0,0,0,0,0,0,5,2,35,1,9,0,0,0,0,0,3,1,38,0,0,0,22,0,0,0,10,0,1,0,0,0,0,0,0,0,3,0,1,0,0,0,0,0,1,0,0,0,0,0,0,0,0,0,0,0,0,0,0,1,0,2,27,0,0,0,31,0,0,1,73,0,0,0,10,0,0,0,0,0,0,0,0,0,0,1,6,0,0,0
77,8,268,9,32,0,67,0,2,0,7,2,11,0,228,11,141,0,146,0,335,0,0,0,241,0,165,0,152,0,46,0,98,0,19,0,24,1,111,0,0,0,15,0,105,0,36,0,9,0,38,0,0,0,31,0,7,0,0,0,0,0,47,0,0,0,0,0,0,0,0,0,0,0,0,0,0,0,0,0,0,0,0,0,0,0,0,0,0,0,8,0,0,0,0,0,0,0,0,0,0,0,0,0,0,0,45,0,0,0,0,0,0,0,0,0,0,0,0,0,0,0,0,0,0,0,0,0,6,0,0,0,0,0,28,0,31,0,0,0,0,0,34,0,0,0,0,0,1,0,0,0,0,0,5,0,0,0,0,0,0,0,2,0,0,0,11,0,0,0,1,0,13,0,0,0,8,3,0,0,0,0,0,0,0,0,1,0,0,0,0,0,0,0,0,0,0,0,0,0,0,0,0,0,0,0,0,0,5,0,3,0,0,0,0,0,0,0,0,0,15,3,0,0,16,0,0,0,54,0,0,0,0,2,0,0,0,0,0,0,0,0,0,0,0,0,0,0,0
1,45,1,140,0,30,0,14,0,0,0,12,0,0,0,132,0,88,0,42,1,251,0,0,0,112,0,9,0,86,0,64,0,98,0,36,0,11,0,0,0,0,0,22,0,13,0,0,1,0,0,12,0,0,0,20,0,4,0,3,0,0,0,35,0,0,0,0,0,0,0,0,0,1,0,1,0,0,0,0,0,10,0,0,0,26,0,0,0,8,0,7,0,3,0,0,0,23,0,10,0,6,0,2,0,0,0,3,0,0,0,0,0,0,0,0,0,0,0,0,0,4,0,0,0,2,0,0,0,10,0,0,0,18,0,12,0,22,0,7,0,7,0,36,0,4,0,0,0,0,0,0,0,0,0,4,0,0,0,0,0,5,0,0,0,0,0,3,0,0,0,1,1,2,0,0,0,3,0,0,0,0,0,0,0,0,0,0,0,0,0,0,0,0,0,0,0,0,0,0,0,0,0,0,0,0,0,0,0,0,0,0,0,0,1,0,0,0,0,0,0,0,0,0,0,0,0,0,1,15,0,0,0,1,0,0,0,0,0,0,0,0,0,0,0,0,0,0,0
19,21,158,6,10,1,193,9,17,8,0,1,0,0,47,0,280,0,37,0,52,0,241,0,0,9,0,0,152,0,18,0,13,0,0,0,17,0,128,0,0,0,0,0,38,0,0,0,0,0,19,0,178,0,340,0,54,0,11,0,65,3,545,0,0,0,0,0,0,0,9,0,0,0,0,0,0,0,0,0,50,0,0,0,109,0,46,0,0,0,36,0,23,0,0,0,81,0,35,0,0,0,21,0,70,0,203,0,0,0,0,0,0,0,0,0,0,0,0,0,0,0,76,0,3,0,0,0,40,0,17,0,56,0,237,0,262,0,81,0,8,0,262,0,3,0,0,0,0,0,14,0,0,0,71,0,6,0,44,0,64,0,0,0,0,0,0,0,18,0,3,0,30,0,0,0,5,1,0,0,0,0,0,0,0,0,0,0,0,0,0,0,0,0,0,0,0,0,5,0,19,0,0,0,0,0,0,0,33,0,0,0,0,0,0,0,0,0,0,0,36,7,29,0,29,0,7,0,121,1,0,0,0,3,0,0,0,0,6,0,3,0,0,0,0,0,0,0,0
13,86,5,130,0,25,20,137,14,23,0,0,0,0,0,109,0,190,0,25,0,131,0,112,9,0,0,0,0,301,0,23,0,102,0,23,0,57,4,200,0,0,0,0,0,10,0,0,0,3,0,13,0,25,0,229,0,41,0,0,4,43,0,95,0,0,0,0,0,0,0,0,0,0,0,0,0,0,0,0,0,0,0,0,0,25,0,0,0,24,0,25,0,1,0,0,0,92,0,15,0,13,0,15,0,0,0,33,0,0,0,0,0,0,0,0,0,0,0,0,0,0,0,0,0,45,0,27,0,0,0,0,0,45,1,103,0,112,0,16,0,0,0,132,0,0,0,0,0,0,0,11,0,1,0,72,0,0,0,14,0,87,0,0,0,4,0,0,0,0,0,3,1,11,0,0,0,5,0,0,0,0,0,1,0,0,0,0,0,0,0,0,0,0,0,0,0,0,0,12,0,0,0,0,0,2,0,0,0,0,1,0,0,0,2,0,0,0,0,0,7,73,0,0,1,15,0,0,13,105,0,0,6,33,0,0,0,0,0,0,0,0,0,0,4,11,0,0,0
24,0,89,0,133,0,20,0,0,0,16,0,127,73,202,0,97,0,233,29,197,7,165,0,0,0,0,166,0,0,3,0,2,0,8,0,18,1,0,0,18,131,214,6,187,29,32,37,9,2,231,0,0,0,28,0,0,0,0,0,0,0,0,0,0,0,2,0,0,0,0,0,0,0,0,0,0,0,0,0,0,0,0,0,0,0,0,0,0,0,4,0,0,0,0,0,0,0,0,0,0,0,0,0,0,0,0,0,0,0,0,0,0,0,0,0,0,0,0,0,0,0,0,0,0,0,6,0,0,0,7,0,0,0,34,0,29,0,0,0,0,0,0,0,0,0,12,0,0,0,9,0,17,0,0,0,0,0,0,0,0,0,3,0,44,0,4,0,0,0,0,0,5,0,4,0,9,29,12,0,33,0,7,0,20,0,11,3,0,0,0,0,0,0,0,0,0,0,0,0,0,0,2,0,0,0,0,0,0,0,0,0,0,0,0,0,0,0,31,13,5,0,15,8,266,0,1,0,26,0,2,0,0,0,0,0,0,0,0,0,0,0,0,0,0,0,0,0,0
0,49,0,19,29,146,0,0,0,0,0,98,78,190,11,65,0,6,124,168,11,73,0,9,0,0,166,0,0,0,0,7,0,0,5,10,0,30,0,0,38,63,20,212,10,225,12,63,0,39,26,219,0,0,0,4,0,0,0,0,0,0,0,0,0,1,0,0,0,0,0,0,0,0,0,0,0,0,0,0,0,0,0,0,0,0,0,0,0,0,0,0,0,0,0,0,0,0,0,0,0,0,0,0,0,0,0,3,0,0,0,0,0,0,0,0,0,0,0,0,0,0,0,0,0,0,0,2,0,0,0,0,0,0,0,0,0,0,0,0,0,0,0,0,0,5,0,3,0,7,0,0,0,5,0,0,0,0,0,0,0,0,0,0,0,27,0,0,0,0,0,0,0,0,0,0,2,72,0,0,1,14,0,0,0,8,4,15,0,0,0,0,0,0,0,0,0,0,0,0,0,0,0,0,0,0,0,0,0,0,0,0,0,0,0,0,0,0,0,156,0,0,0,28,14,169,0,0,0,54,0,0,0,0,0,0,0,0,0,0,0,0,0,0,0,0,0,0,0
94,0,146,0,13,0,33,0,0,0,3,0,0,0,10,3,203,0,0,1,48,0,152,0,152,0,0,0,0,0,63,0,62,0,66,0,103,0,42,0,0,0,18,0,0,0,0,0,0,0,32,0,9,0,0,0,8,0,0,0,5,0,70,0,0,0,2,0,0,0,24,0,0,0,9,0,0,0,0,0,17,0,18,0,24,0,45,0,0,0,0,0,0,0,29,0,11,0,17,0,42,0,0,0,13,0,44,0,0,0,0,0,0,0,0,0,0,0,0,0,29,0,40,0,0,0,0,0,0,0,0,0,0,0,0,0,26,0,27,0,35,0,18,0,12,0,0,0,0,0,0,0,0,0,8,0,0,0,8,0,3,0,0,0,0,0,4,0,0,0,0,0,0,0,0,0,4,0,0,0,1,0,0,0,0,0,0,0,0,0,0,0,0,0,0,0,0,0,0,0,0,0,0,0,0,0,0,0,0,0,0,0,0,0,0,0,0,0,0,0,0,0,0,0,0,0,0,0,0,0,0,0,0,0,0,0,0,0,0,0,0,0,0,0,0,0,0,0,0
0,133,0,76,0,10,0,151,0,0,0,9,0,2,0,21,0,575,0,0,0,35,0,86,0,301,0,0,0,0,0,48,0,65,0,101,0,85,0,36,0,0,0,13,0,0,0,0,0,0,0,13,0,7,0,103,0,8,0,6,0,21,0,42,0,0,0,0,0,0,0,0,0,0,0,0,0,0,0,0,0,4,0,0,0,28,0,4,0,14,0,0,0,0,0,0,0,54,0,0,0,9,0,0,0,0,0,8,0,0,0,0,0,0,0,0,0,0,0,0,0,3,0,0,0,7,0,13,0,56,0,0,0,48,0,32,0,58,0,85,0,31,0,118,0,26,0,2,0,0,0,0,0,0,0,19,0,4,0,35,0,0,0,0,0,0,0,2,0,4,0,0,0,0,0,0,0,0,0,0,0,0,0,0,0,2,0,0,0,0,0,0,0,0,0,0,0,0,0,5,0,4,0,0,0,0,0,0,0,0,0,0,0,0,0,0,0,0,0,0,0,0,0,0,0,0,0,0,0,0,0,0,0,0,0,0,0,0,0,0,0,0,0,0,0,1,0,0,0
23,0,55,0,38,2,0,0,2,0,29,3,0,0,51,5,104,0,0,3,63,2,46,0,18,0,3,0,63,0,0,0,14,0,28,0,47,0,2,0,0,0,20,0,0,0,0,0,2,0,13,0,0,0,0,0,0,0,3,0,1,0,0,0,0,0,0,0,0,0,0,0,0,0,0,0,0,0,0,0,0,0,0,0,0,0,16,0,0,0,0,0,0,0,0,0,0,0,0,0,0,0,0,0,0,0,0,0,0,0,0,0,0,0,0,0,0,0,0,0,0,0,2,0,0,0,0,0,1,0,0,0,0,0,6,0,3,0,6,0,0,0,0,0,0,0,0,0,1,0,0,0,0,0,0,0,0,0,0,0,0,0,0,0,2,0,31,0,0,0,0,0,6,0,0,0,15,0,20,0,0,0,0,0,0,0,0,0,0,0,0,0,0,0,0,0,0,0,0,0,0,0,0,0,0,0,0,0,0,0,0,0,0,0,4,0,0,0,0,0,9,0,0,0,8,0,0,0,39,2,2,0,0,0,0,0,0,0,0,0,0,0,0,0,0,1,0,0,0
0,23,0,37,2,81,0,13,0,5,1,42,0,0,1,42,0,32,0,19,2,52,0,64,0,23,0,7,0,48,0,0,0,8,0,49,0,28,0,0,0,0,0,52,1,4,0,0,1,0,2,31,0,1,0,8,0,4,0,4,0,0,0,10,0,0,0,0,0,0,0,6,0,0,0,0,0,0,0,0,0,0,0,0,0,14,0,5,0,4,0,0,0,0,0,5,0,11,0,3,0,7,0,0,0,0,0,4,0,0,0,0,0,0,0,0,0,0,0,0,0,3,0,1,0,0,0,0,0,0,0,0,0,19,0,0,0,22,0,12,0,15,0,57,0,13,0,0,0,0,0,0,0,4,0,0,0,0,0,0,0,0,0,0,0,3,0,5,0,0,0,0,0,0,0,0,0,17,0,0,0,15,0,0,0,8,0,0,0,0,0,0,0,0,0,0,0,0,0,0,0,0,0,0,0,0,0,0,0,0,0,0,0,0,0,0,0,0,0,0,0,16,0,0,0,0,0,2,0,25,0,2,0,0,0,0,0,0,0,0,0,0,0,0,0,1,0,0,0
193,4,205,11,44,5,16,0,1,0,37,0,0,0,55,14,109,0,0,0,26,0,98,0,13,0,2,0,62,0,14,0,0,1,25,0,69,0,5,0,0,0,5,0,20,0,0,0,0,0,27,0,2,0,0,0,4,0,0,0,5,0,13,0,0,0,0,0,0,0,8,0,0,0,4,0,0,0,0,0,11,0,0,0,0,0,0,0,0,0,0,0,0,0,0,0,0,0,0,0,0,0,0,0,0,0,16,0,0,0,0,0,0,0,0,0,0,0,0,0,0,0,0,0,0,0,0,0,0,0,0,0,0,0,0,0,0,0,17,0,0,0,0,0,0,0,2,0,0,0,0,0,0,0,0,0,8,0,0,0,0,0,0,0,0,0,22,0,0,0,3,0,0,0,0,0,41,0,10,0,0,0,0,0,0,0,0,0,0,0,0,0,0,0,0,0,0,0,0,0,0,0,0,0,0,0,0,0,2,0,0,0,0,0,0,0,0,0,0,0,10,0,0,0,0,0,0,0,12,0,3,0,0,0,0,0,0,0,0,0,1,0,0,0,2,0,0,0,0
0,237,0,160,0,66,0,94,0,14,0,84,0,0,0,47,0,148,0,3,0,25,0,98,0,102,0,0,0,65,0,8,1,0,0,39,0,71,0,1,0,0,0,18,0,19,0,0,0,1,0,7,0,0,0,21,0,7,0,10,0,10,0,36,0,8,0,1,0,0,0,11,0,0,0,0,0,0,0,0,0,13,0,0,0,31,0,10,0,10,0,0,0,1,0,0,0,26,0,14,0,0,0,0,0,0,0,7,0,0,0,0,0,0,0,0,0,0,0,1,0,11,0,0,0,0,0,0,0,40,0,0,0,33,0,20,0,63,0,58,0,36,0,113,0,65,0,0,0,17,0,0,0,6,0,12,0,5,0,22,0,6,0,0,0,3,0,11,0,0,0,0,0,3,0,0,0,14,0,0,0,11,0,2,0,10,0,2,0,0,0,0,0,0,0,0,0,1,0,0,0,0,0,0,0,0,0,7,0,19,0,0,0,0,0,0,0,0,0,0,0,18,0,0,0,3,0,0,1,44,0,0,0,8,0,0,0,0,1,0,0,0,0,0,0,3,0,0,0
0,0,0,0,114,6,0,0,0,0,28,6,59,8,89,7,59,0,91,24,103,5,19,0,0,0,8,5,66,0,28,0,25,0,0,0,75,0,3,0,0,0,33,0,0,3,0,0,2,0,127,0,0,0,0,0,5,0,0,0,0,0,6,0,0,0,0,0,0,0,9,0,0,0,5,0,0,0,0,0,0,0,0,0,0,0,0,0,0,0,0,0,0,0,0,0,0,0,5,0,0,0,0,0,0,0,0,0,0,0,0,0,0,0,0,0,0,0,0,0,9,0,0,0,0,0,0,0,0,0,3,0,0,0,0,0,0,0,0,0,0,0,0,0,12,0,6,0,0,0,0,0,0,0,6,0,0,0,0,0,0,0,0,0,27,0,36,0,0,0,0,0,0,0,0,0,21,3,18,0,29,0,0,0,10,0,1,0,0,0,0,0,0,0,0,0,0,0,0,0,0,0,0,0,3,0,0,0,0,0,0,0,0,0,0,0,0,0,0,0,8,0,0,0,54,0,1,0,29,0,0,0,0,0,2,0,0,0,1,0,0,0,0,0,2,0,0,0,0
0,42,0,36,0,123,0,14,0,0,0,75,0,21,6,61,0,20,0,83,3,83,0,36,0,23,0,10,0,101,0,49,0,39,0,0,0,62,0,12,0,0,1,26,0,8,1,0,0,1,0,18,0,0,0,9,0,0,0,0,0,4,0,12,0,1,0,0,0,0,0,11,0,0,0,0,0,0,0,0,0,6,0,0,0,29,0,7,0,0,0,0,0,0,0,9,0,0,0,0,0,0,0,0,0,0,0,0,0,0,0,0,0,0,0,0,0,0,0,0,0,3,0,0,0,0,0,9,0,20,0,0,0,0,0,0,0,30,0,30,0,0,0,81,0,29,0,0,0,0,0,0,0,14,0,0,0,0,0,0,0,7,0,0,0,0,0,5,0,5,0,0,0,0,0,0,0,20,0,0,0,15,0,0,0,7,0,0,0,0,0,0,0,0,0,0,0,2,0,0,0,0,0,0,0,0,0,2,0,0,0,0,0,0,0,0,0,0,0,0,1,13,0,0,1,14,0,0,0,38,0,0,0,0,0,0,0,0,0,0,0,0,0,0,1,5,0,0,0
102,1,105,4,44,0,16,0,0,1,41,4,13,0,30,11,58,0,0,0,33,0,24,0,17,0,18,0,103,0,47,0,69,0,75,0,0,0,76,0,0,0,38,0,52,0,0,0,3,0,157,0,0,0,0,0,12,0,3,0,27,0,23,0,0,0,7,0,0,0,78,0,5,0,19,0,0,0,27,0,49,0,38,0,7,0,78,0,39,0,0,0,13,0,40,0,3,0,25,0,43,0,3,0,0,0,15,0,0,0,0,0,0,0,0,0,0,0,0,0,45,0,47,0,0,0,0,0,0,0,0,0,5,0,0,0,47,0,88,0,84,0,0,0,101,0,0,0,0,0,0,0,0,0,0,0,59,0,18,0,35,0,7,0,9,0,43,0,25,0,17,0,22,0,0,0,39,3,22,0,0,0,4,0,3,0,0,0,0,0,0,0,0,0,0,0,0,0,0,0,0,0,0,0,0,0,0,0,0,0,0,0,0,0,0,0,0,0,0,0,19,0,0,1,24,1,0,0,28,0,2,0,4,0,0,0,0,0,0,0,0,0,0,0,7,0,0,0,0
5,441,4,44,0,120,2,338,0,45,1,131,4,97,2,32,0,54,0,83,1,54,1,11,0,57,1,30,0,85,0,28,0,71,0,62,0,0,1,12,0,1,0,110,0,39,0,0,0,3,0,97,0,3,0,25,0,13,0,23,0,42,0,18,0,0,0,0,0,0,0,32,0,0,0,0,0,0,0,7,0,22,0,4,0,30,0,22,0,0,0,0,0,0,0,13,0,19,0,9,0,9,0,0,0,2,0,0,0,0,0,0,0,0,0,0,0,0,0,0,0,15,0,5,0,0,0,0,0,36,0,4,0,32,0,0,0,51,0,114,0,46,0,146,0,142,0,0,0,16,0,11,0,14,0,10,0,32,0,37,0,0,0,3,0,6,0,35,0,9,0,6,1,7,0,0,0,72,0,4,0,26,0,5,0,20,0,12,0,0,0,0,0,0,0,0,0,0,0,0,0,0,0,0,0,0,0,0,0,12,0,0,0,0,0,0,0,0,0,1,0,21,0,4,0,50,0,0,0,127,0,0,0,17,0,2,0,0,1,0,0,0,0,0,0,4,0,0,0
407,13,281,13,11,0,159,3,15,0,0,0,0,0,0,14,206,0,0,0,8,0,111,0,128,4,0,0,42,0,2,0,5,0,3,0,76,1,0,0,0,0,0,0,4,0,0,0,0,0,3,0,2,0,12,0,17,0,0,0,24,0,58,0,0,0,0,0,0,0,48,0,0,0,22,0,0,0,0,0,38,0,0,0,0,0,55,0,31,0,0,0,0,0,47,0,7,0,17,0,37,0,0,0,7,0,27,0,0,0,0,0,0,0,0,0,0,0,0,0,33,0,46,0,0,0,0,0,0,0,0,0,0,0,0,0,26,0,73,0,57,0,13,0,74,0,0,0,1,0,0,0,0,0,10,0,20,0,0,0,18,0,0,0,0,0,0,0,10,0,6,0,112,0,0,0,58,4,0,0,0,0,4,0,0,0,0,0,0,0,0,0,0,0,0,0,0,0,0,0,0,0,0,0,0,0,0,0,0,0,0,0,0,0,0,0,0,0,0,0,3,0,3,0,0,0,1,0,9,3,0,0,0,5,0,0,0,0,0,0,0,0,0,0,5,0,0,0,0
1,191,0,23,0,0,0,415,0,82,0,9,0,0,0,3,0,153,0,0,0,3,0,0,0,200,0,0,0,36,0,0,0,1,0,12,0,12,0,0,0,0,0,0,0,0,0,0,0,0,0,0,0,0,0,69,0,0,0,6,0,10,0,9,0,1,0,0,0,0,0,2,0,0,0,0,0,0,0,0,0,5,0,0,0,17,0,6,0,0,0,0,0,0,0,0,0,8,0,2,0,4,0,0,0,0,0,0,0,0,0,0,0,0,0,0,0,0,0,0,0,0,0,0,0,0,0,4,0,14,0,4,0,9,0,12,0,34,0,18,0,4,0,38,0,17,0,0,0,5,0,0,0,0,0,5,0,6,0,9,0,0,0,0,0,0,0,0,0,0,0,0,1,0,0,0,0,0,0,0,0,0,0,4,0,0,0,0,0,0,0,0,0,0,0,0,0,2,0,0,0,0,0,0,0,0,0,0,0,0,0,0,0,0,0,0,0,0,0,0,0,1,2,0,0,1,0,0,0,1,0,0,0,0,0,0,0,0,0,0,0,0,0,0,0,0,0,0,0
7,0,8,0,29,0,0,0,1,0,6,0,169,24,8,0,0,0,8,0,0,0,0,0,0,0,18,38,0,0,0,0,0,0,0,0,0,0,0,0,0,174,61,7,48,32,48,52,149,5,31,0,0,0,0,0,0,0,0,0,0,0,0,0,0,0,0,0,0,0,0,0,0,0,0,0,0,0,0,0,0,0,0,0,0,0,0,0,0,0,0,0,0,0,0,0,0,0,0,0,0,0,0,0,0,0,0,0,0,0,0,0,0,0,0,0,0,0,1,0,0,0,0,0,2,0,0,0,0,0,0,0,2,0,0,0,3,0,0,0,0,0,0,0,0,0,4,0,6,0,8,0,7,0,0,0,0,0,0,0,2,0,0,0,15,1,0,0,0,0,0,0,0,0,0,0,8,41,17,0,20,0,9,0,10,0,43,0,0,0,0,0,0,0,0,0,0,0,0,0,0,0,0,0,0,0,0,0,0,0,0,0,1,0,0,0,0,0,112,13,0,0,78,106,95,0,0,0,0,0,0,0,0,0,0,0,0,0,0,0,0,0,0,0,0,0,0,0,0
0,0,0,0,0,37,0,0,0,0,0,198,66,278,2,0,0,0,55,8,7,0,0,0,0,0,131,63,0,0,0,0,0,0,0,0,0,1,0,0,174,0,29,37,45,67,38,75,11,147,30,36,0,0,0,0,0,0,0,0,0,0,0,0,0,0,0,0,0,0,0,0,0,0,0,0,0,0,0,0,0,0,0,0,0,0,0,0,0,0,0,0,0,0,0,0,0,0,0,0,0,7,0,0,0,0,0,0,0,0,0,0,0,0,0,0,0,0,0,0,0,0,0,0,0,0,0,0,0,0,0,0,0,0,0,0,0,0,0,0,0,0,0,0,0,0,0,0,0,2,0,0,0,0,0,0,0,0,0,0,0,0,0,0,0,20,0,0,0,0,0,0,0,0,0,6,0,149,0,5,1,20,1,3,0,4,5,27,0,0,0,0,0,0,0,0,0,0,0,0,0,0,0,0,0,0,0,0,0,0,0,0,0,1,0,0,0,0,45,115,0,0,5,307,16,29,0,0,0,0,0,0,0,0,0,1,0,1,0,0,0,0,0,0,1,0,0,0,0
0,0,11,0,16,0,0,0,0,0,0,0,51,0,26,1,40,0,55,0,84,0,15,0,0,0,214,20,18,0,20,0,5,0,33,1,38,0,0,0,61,29,0,0,193,11,61,7,17,0,76,0,0,0,0,0,5,0,1,0,0,0,0,0,0,0,0,0,0,0,0,0,0,0,0,0,0,0,0,0,0,0,8,0,0,0,0,0,0,0,0,0,0,0,14,0,0,0,0,0,0,0,0,0,0,0,0,0,0,0,0,0,0,0,0,0,0,0,0,0,0,0,0,0,0,0,0,0,0,0,0,0,0,0,0,0,0,0,0,0,0,0,0,0,0,0,0,0,0,0,0,0,0,0,0,0,0,0,0,0,5,0,0,0,6,0,11,0,4,0,2,0,5,0,0,0,5,5,9,0,0,0,0,0,3,0,21,0,0,0,0,0,0,0,0,0,0,0,0,0,0,0,0,0,0,0,0,0,0,0,0,0,0,0,0,0,0,0,12,0,10,1,0,1,25,0,0,0,18,0,2,0,4,0,0,0,0,0,0,0,0,0,0,0,7,0,0,0,0
0,0,0,8,0,55,0,0,0,0,0,39,6,136,0,55,0,0,14,105,0,106,0,22,0,0,6,212,0,13,0,52,0,18,0,26,0,110,0,0,7,37,0,0,0,158,0,16,0,20,1,47,0,0,0,14,0,8,0,10,0,4,0,0,0,0,0,0,0,0,0,7,0,2,0,0,0,0,0,0,0,12,0,0,0,0,0,0,0,0,0,0,0,0,0,0,0,7,0,0,0,8,0,0,0,0,0,0,0,0,0,0,0,0,0,0,0,0,0,0,0,11,0,0,0,0,0,0,0,0,0,0,0,0,0,0,0,0,0,19,0,23,0,51,0,35,0,0,0,0,0,0,0,0,0,0,0,1,0,0,0,0,0,0,0,19,0,5,0,9,0,0,1,0,0,0,0,11,0,2,0,12,0,0,0,0,0,12,0,2,0,0,0,0,0,0,0,0,0,0,0,0,0,0,0,0,0,0,0,0,0,0,0,0,0,0,0,8,0,19,0,4,0,0,0,39,0,1,1,39,0,3,0,3,0,0,0,0,0,0,0,0,0,0,0,0,0,0,0
16,0,51,0,45,8,0,0,1,1,14,9,91,7,58,0,106,0,52,16,93,0,105,0,38,0,187,10,0,0,0,1,20,0,0,0,52,0,4,0,48,45,193,0,0,8,102,10,104,2,70,0,3,0,26,0,18,0,7,0,0,0,0,0,7,0,0,0,5,1,32,0,0,0,0,0,10,0,0,0,27,0,0,0,0,0,51,0,0,0,0,0,19,0,47,0,0,0,14,0,0,0,16,0,7,0,0,0,0,0,2,0,0,0,0,0,0,0,0,0,0,0,0,0,0,0,0,0,0,0,0,0,3,0,11,0,0,0,0,0,0,0,0,0,0,0,4,0,0,0,11,0,18,0,0,0,0,0,0,0,10,0,7,0,103,0,29,0,28,0,0,0,6,0,3,0,23,6,22,0,47,0,7,0,19,0,16,2,0,0,2,0,0,0,0,0,0,0,0,0,4,0,0,0,0,0,0,0,0,0,1,0,0,0,4,0,0,0,63,5,13,2,81,17,177,0,0,0,78,0,0,0,2,2,0,0,0,0,0,0,0,0,0,0,0,0,0,0,0
1,38,0,22,8,56,0,10,0,0,0,105,10,78,0,53,0,0,13,51,3,71,0,13,0,10,29,225,0,0,0,4,0,19,3,8,0,39,0,0,32,67,11,158,8,0,15,67,4,71,11,93,0,0,0,18,0,3,0,21,0,3,0,5,0,0,0,0,0,10,0,8,0,0,0,6,0,24,0,9,0,12,0,23,0,35,0,32,0,43,0,0,0,0,0,33,0,13,0,16,0,15,0,28,0,0,0,0,0,0,0,0,0,0,0,0,0,0,0,0,0,13,0,5,0,4,0,0,0,0,0,0,0,7,0,13,0,0,0,15,0,10,0,89,0,57,0,0,0,7,0,11,0,0,0,2,0,0,0,0,0,0,0,0,0,60,0,2,0,52,0,6,0,2,0,0,0,22,0,0,0,8,0,0,0,3,1,12,0,0,0,4,0,0,0,5,0,0,0,0,0,0,0,0,0,4,0,0,0,0,0,1,0,0,0,0,0,21,4,167,0,18,0,213,0,66,0,22,0,88,0,2,0,4,0,5,0,0,0,0,0,0,0,0,0,1,0,0,0
11,0,15,0,39,0,0,0,2,0,7,0,172,7,20,0,0,0,26,0,5,0,36,0,0,0,32,12,0,0,0,0,0,0,0,1,0,0,0,0,48,38,61,0,102,15,0,10,50,0,20,0,0,0,0,0,0,0,0,0,0,0,1,0,0,0,0,0,0,0,0,0,1,0,0,0,2,0,0,0,0,0,0,0,4,0,5,0,4,0,0,0,0,0,0,0,0,0,0,0,0,0,0,0,0,0,0,0,0,0,0,0,0,0,0,0,0,0,0,0,0,0,0,0,0,0,5,0,0,0,0,0,0,0,0,0,0,0,0,0,0,0,3,0,0,0,4,0,8,0,0,0,8,0,0,0,0,0,0,0,0,0,0,0,33,0,0,0,5,0,1,0,0,0,0,0,4,5,16,0,26,0,7,0,5,0,6,0,0,0,0,0,0,0,0,0,0,0,0,0,0,0,0,0,0,0,0,0,0,0,1,0,2,0,0,0,1,0,66,0,0,0,62,15,83,0,0,0,5,0,2,0,0,0,0,0,0,0,0,0,0,0,0,0,0,0,0,0,0
0,0,0,0,0,31,0,0,0,0,0,44,16,145,0,0,0,0,0,11,0,8,0,0,0,0,37,63,0,0,0,0,0,0,0,0,0,0,0,0,52,75,7,16,10,67,10,0,0,47,8,11,0,0,0,0,0,0,0,0,0,0,0,0,0,0,0,0,0,0,0,0,0,0,0,0,0,0,0,0,0,0,0,0,0,0,0,0,0,0,0,0,0,0,0,0,0,0,0,0,0,0,0,0,0,0,0,0,0,0,0,0,0,0,0,0,0,0,0,0,0,0,0,0,0,0,0,0,0,0,0,0,0,0,0,0,0,0,0,0,0,0,0,0,0,0,0,0,0,0,0,0,0,0,0,0,0,0,0,0,0,0,0,0,0,12,0,0,0,4,0,0,0,0,0,0,0,17,0,0,0,0,0,0,0,0,0,4,0,0,0,0,0,0,0,0,0,0,0,0,0,0,0,0,0,0,0,0,0,0,0,0,0,0,0,0,0,0,5,89,0,0,0,167,0,0,0,0,0,9,0,0,0,0,0,0,0,0,0,0,0,0,0,0,0,0,0,0,0
20,2,15,0,3,0,31,0,26,0,0,2,57,3,2,0,0,0,0,0,0,0,9,1,0,0,9,0,0,0,2,1,0,0,2,0,3,0,0,0,149,11,17,0,104,4,50,0,0,4,5,0,2,0,0,0,5,0,6,0,0,0,0,0,0,0,0,0,0,0,0,0,0,0,0,0,7,0,0,0,1,0,9,0,0,0,6,0,6,0,0,0,11,0,6,0,0,0,0,1,0,0,23,0,0,0,0,0,0,0,0,0,0,0,0,0,0,0,2,0,0,0,0,0,0,0,0,0,0,0,0,0,0,0,0,0,2,0,0,0,0,0,4,0,0,0,0,0,0,0,11,0,16,0,0,0,0,0,0,0,0,0,0,0,16,0,4,0,9,0,0,0,1,0,5,0,25,5,24,0,57,0,18,0,12,0,126,0,0,0,0,0,0,0,0,0,1,0,0,0,0,0,0,0,0,0,0,0,0,0,2,0,14,0,4,0,5,0,82,1,78,1,263,38,38,0,2,0,38,0,0,0,3,0,6,0,0,0,4,0,1,0,0,0,20,0,0,0,0
0,0,0,4,0,5,0,1,0,0,0,34,0,49,0,10,0,0,0,6,0,6,0,0,0,3,2,39,0,0,0,0,0,1,0,1,0,3,0,0,5,147,0,20,2,71,0,47,4,0,0,6,0,0,0,1,0,0,0,0,0,0,0,0,0,0,0,0,0,31,0,1,0,0,0,0,0,18,0,1,0,0,0,15,0,2,0,5,0,21,0,0,0,22,0,11,0,0,0,0,0,9,0,10,0,0,0,0,0,1,0,0,0,0,0,1,0,0,0,0,0,0,0,0,0,0,0,0,0,0,0,0,0,0,0,0,0,0,0,0,0,0,0,4,0,0,0,0,0,1,0,5,0,3,0,0,0,0,0,0,0,1,0,0,0,6,0,1,0,10,0,1,0,0,0,1,0,76,0,0,0,8,0,0,0,2,0,38,0,2,0,0,0,0,0,1,0,1,0,0,0,0,0,0,0,0,0,0,0,0,0,0,0,0,0,0,0,2,9,14,0,6,2,128,0,4,0,0,0,13,0,0,0,0,0,0,0,0,0,0,0,0,0,0,0,2,0,0,0
41,0,45,0,191,6,0,0,0,0,33,7,340,20,68,5,66,0,190,54,115,8,38,0,19,0,231,26,32,0,13,2,27,0,127,0,157,0,3,0,31,30,76,1,70,11,20,8,5,0,0,1,0,0,8,0,10,0,7,0,2,0,8,0,0,0,0,0,6,0,11,0,0,0,3,0,0,0,0,0,8,0,0,0,0,0,33,0,6,0,0,0,0,0,27,0,0,0,0,0,14,0,0,0,0,0,0,0,0,0,0,0,0,0,0,0,0,0,0,0,0,0,0,0,0,0,0,0,0,0,0,0,0,0,0,0,10,0,0,0,0,0,0,0,3,0,9,0,7,0,0,0,0,0,0,0,0,0,0,0,14,0,5,0,45,0,46,0,94,0,7,0,8,0,7,0,50,20,40,0,35,0,13,0,20,0,26,0,0,0,0,0,0,0,0,0,1,0,0,0,0,0,0,0,11,0,0,0,0,0,7,0,0,0,2,0,0,0,3,6,19,0,0,4,89,0,1,0,104,0,2,0,5,0,3,0,0,0,5,0,0,0,0,0,16,0,0,0,0
0,34,0,18,0,104,0,0,0,7,0,74,0,255,4,31,0,18,11,171,0,63,0,12,0,13,0,219,0,13,0,31,0,7,0,18,0,97,0,0,0,36,0,47,0,93,0,11,0,6,1,0,0,0,0,24,0,16,0,20,0,2,0,0,0,4,0,0,0,0,0,18,0,0,0,0,0,6,0,3,0,0,0,0,0,14,0,18,0,0,0,0,0,0,0,11,0,8,0,7,0,0,0,0,0,0,0,0,0,0,0,0,0,0,0,1,0,0,0,0,0,12,0,6,0,5,0,0,0,0,0,3,0,0,0,0,0,20,0,15,0,0,0,42,0,35,0,2,0,13,0,0,0,3,0,4,0,1,0,0,0,0,0,1,0,9,0,6,0,10,0,4,0,0,0,1,0,20,0,0,0,12,0,0,0,0,0,15,0,2,0,0,0,0,0,2,0,0,0,0,0,0,0,0,0,0,0,0,0,7,0,0,0,0,0,0,0,0,0,6,0,13,0,8,0,46,0,1,0,43,0,0,1,0,0,5,0,0,0,0,0,0,0,0,0,0,0,0,0
0,0,0,0,0,0,282,0,323,1,0,0,0,0,0,0,68,0,3,0,0,0,0,0,178,0,0,0,9,0,0,0,2,0,0,0,0,0,2,0,0,0,0,0,3,0,0,0,2,0,0,0,0,0,665,0,221,0,95,0,136,0,111,0,4,0,129,0,0,0,0,0,0,0,6,0,0,0,0,0,15,0,0,0,15,0,14,0,0,0,0,0,0,0,0,0,6,0,0,0,0,0,0,0,0,0,0,0,0,0,0,0,0,0,0,0,0,0,0,0,0,0,0,0,6,0,0,0,27,0,16,0,26,0,45,0,121,0,187,0,31,0,51,0,27,0,0,0,0,0,0,0,0,0,587,0,97,0,174,0,35,0,0,0,0,0,0,0,0,0,52,0,7,0,0,0,13,0,0,0,0,0,0,0,0,0,0,0,0,0,0,0,0,0,0,0,1,0,0,0,0,0,0,0,0,0,0,0,5,0,0,0,0,0,20,0,0,0,0,0,0,0,0,0,21,0,19,0,142,0,0,0,0,1,0,0,0,0,0,0,0,0,0,0,0,0,0,0,0
0,0,0,0,0,0,0,7,0,9,0,0,0,0,0,0,0,9,0,0,0,4,0,0,0,25,0,0,0,7,0,1,0,0,0,0,0,3,0,0,0,0,0,0,0,0,0,0,0,0,0,0,0,0,0,215,0,225,0,102,0,8,0,106,0,0,0,15,0,0,0,0,0,0,0,0,0,0,0,0,0,0,0,0,0,10,0,0,0,0,0,5,0,0,0,0,0,17,0,3,0,2,0,0,0,0,0,0,0,0,0,0,0,0,0,0,0,0,0,0,0,0,0,0,0,20,0,13,0,79,0,30,0,35,0,19,0,28,0,53,0,7,0,53,0,16,0,0,0,0,0,0,0,0,0,192,0,19,0,81,0,71,0,0,0,0,0,0,0,0,0,0,0,0,0,0,0,0,0,0,0,0,0,0,0,0,0,0,0,0,0,0,0,0,0,0,0,0,0,2,0,0,0,0,0,0,0,0,0,7,0,0,0,0,0,0,0,0,0,0,0,0,0,0,0,0,0,0,0,8,0,0,0,0,0,0,0,0,0,0,0,0,0,0,0,0,0,0,0
10,0,59,0,10,0,297,0,148,2,0,2,7,0,29,0,19,0,18,0,22,0,31,0,340,0,28,0,0,0,0,0,0,0,0,0,0,0,12,0,0,0,0,0,26,0,0,0,0,0,8,0,665,0,0,0,423,0,326,0,96,0,165,0,171,0,231,0,1,0,0,0,0,0,0,0,0,0,0,0,0,0,0,0,5,0,0,0,0,0,0,0,0,0,0,0,0,0,0,0,0,0,0,0,7,0,15,0,0,0,0,0,0,0,0,0,0,0,0,0,0,0,0,0,18,0,28,0,38,0,86,0,45,0,53,0,57,0,50,0,5,0,63,0,0,0,15,0,8,0,7,0,0,0,298,0,39,0,110,0,188,0,0,0,0,0,4,0,11,0,131,0,21,0,0,0,3,2,0,0,3,0,0,0,0,0,0,0,0,0,0,0,0,0,0,0,0,0,2,0,0,0,0,0,0,0,4,0,36,0,50,0,0,0,197,1,0,0,12,0,240,0,82,0,57,0,48,0,475,0,0,0,62,3,12,0,0,0,4,0,0,0,0,0,52,1,0,0,0
1,12,0,34,0,0,0,197,1,192,0,0,0,0,0,23,0,123,0,0,0,21,0,20,0,229,0,4,0,103,0,8,0,21,0,9,0,25,0,69,0,0,0,14,0,18,0,0,0,1,0,24,0,215,0,0,0,244,0,251,0,183,0,489,0,47,0,88,0,0,0,0,0,0,0,0,0,0,0,0,0,0,0,0,0,0,0,0,0,0,0,0,0,0,0,0,0,20,0,1,0,0,0,0,0,0,0,7,0,0,0,0,0,0,0,0,0,0,0,0,0,2,0,0,0,68,0,21,0,37,0,62,0,32,0,19,0,47,0,18,0,4,0,36,0,0,0,27,0,25,0,8,0,0,0,216,0,15,0,63,0,126,0,0,0,5,0,1,0,0,0,22,0,23,0,0,1,2,0,0,0,0,0,0,0,1,0,0,0,0,0,0,0,1,0,0,0,0,0,0,0,0,0,0,0,0,0,0,0,36,0,0,0,11,1,78,0,0,0,0,0,196,0,47,0,42,0,0,0,598,0,0,3,41,0,7,0,0,0,0,0,0,0,0,0,0,0,0,0
9,0,12,0,0,0,35,0,12,2,0,0,0,0,0,0,17,0,0,0,8,0,7,0,54,0,0,0,8,0,0,0,4,0,5,0,12,0,17,0,0,0,5,0,18,0,0,0,5,0,10,0,221,0,423,0,0,0,341,0,10,0,7,0,181,0,110,0,0,0,0,0,0,0,1,0,1,0,0,0,0,0,0,0,0,0,0,0,0,0,0,0,0,0,0,0,0,0,0,0,0,0,2,0,0,0,0,0,0,0,0,0,0,0,0,0,0,0,0,0,0,0,0,0,9,0,15,0,92,0,68,0,25,0,0,0,15,0,57,0,0,0,0,0,22,0,7,0,21,0,0,0,0,0,289,0,30,0,179,0,211,0,60,0,0,0,3,0,7,0,59,0,13,0,2,1,0,0,0,0,0,0,0,0,0,0,0,0,0,0,0,0,0,0,0,0,0,0,0,0,0,0,0,0,0,0,0,0,14,0,68,0,48,0,398,0,1,0,20,0,707,2,292,0,119,0,54,0,772,0,0,0,266,5,91,3,0,0,0,0,0,0,0,0,73,0,0,0,0
1,0,0,7,0,0,0,36,0,22,0,0,0,0,0,0,0,7,0,0,0,7,0,4,0,41,0,0,0,8,0,4,0,7,0,0,0,13,0,0,0,0,0,8,0,3,0,0,0,0,0,16,0,225,0,244,0,0,0,501,0,10,0,78,0,59,0,90,0,0,0,0,0,0,0,0,0,0,0,0,0,0,0,0,0,0,0,0,0,0,0,0,0,0,0,0,0,0,0,0,0,0,0,0,0,0,0,0,0,0,0,0,0,0,0,0,0,0,0,0,0,0,0,0,0,25,0,0,0,11,0,40,0,10,0,4,0,12,0,2,0,0,0,0,0,0,0,0,0,0,0,0,0,0,0,549,0,16,0,203,0,143,0,9,0,2,0,0,0,0,0,41,0,0,0,0,0,0,0,0,0,0,0,0,0,0,0,0,0,0,0,0,0,0,0,0,0,0,0,0,0,0,0,0,0,0,0,0,0,0,0,12,0,0,0,49,0,0,0,0,0,177,0,36,0,22,0,0,0,503,0,0,0,15,0,0,0,0,0,0,0,0,0,0,0,0,0,0,0
4,0,0,0,0,0,16,0,24,0,0,0,0,0,0,0,11,0,0,0,0,0,0,0,11,0,0,0,0,0,3,0,0,0,0,0,3,0,0,0,0,0,1,0,7,0,0,0,6,0,7,0,95,0,326,0,341,0,0,0,88,0,10,0,282,0,652,2,0,0,0,0,0,0,0,0,0,0,0,0,0,0,0,0,0,0,0,0,0,0,0,0,0,0,0,0,0,0,0,0,0,0,0,0,0,0,0,0,0,0,0,0,0,0,0,0,0,0,0,0,0,0,0,0,33,0,0,0,3,0,33,0,16,0,0,0,2,0,4,0,0,0,0,0,0,0,8,0,33,0,0,0,0,0,95,0,99,0,5,0,31,0,10,0,0,0,0,0,6,0,0,0,0,0,0,0,1,1,0,0,0,0,0,0,3,9,0,0,0,0,0,0,0,0,0,0,0,0,0,0,0,0,0,0,0,0,0,0,0,0,0,1,0,0,774,0,0,0,31,0,0,3,290,0,142,1,39,0,496,1,5,1,651,4,170,0,0,0,7,0,0,0,0,0,447,0,0,0,0
0,30,0,0,0,0,0,67,0,44,0,0,0,0,0,0,0,0,0,0,0,0,0,3,0,0,0,0,0,6,0,4,0,10,0,0,0,23,0,6,0,0,0,10,0,21,0,0,0,0,0,20,0,102,0,251,0,501,0,0,0,139,0,132,8,445,8,680,0,0,0,0,0,0,0,0,0,0,0,0,0,0,0,0,0,0,0,0,0,0,0,0,0,0,0,0,0,3,0,0,0,0,0,0,0,0,0,0,0,0,0,0,0,0,0,0,0,0,0,0,0,0,0,0,0,48,0,13,0,6,0,42,0,12,0,0,0,5,0,0,0,0,0,0,0,0,0,9,0,26,0,0,0,0,0,187,0,114,0,59,0,98,0,18,0,8,0,3,0,5,0,46,0,9,0,2,1,0,0,0,0,0,0,0,0,9,0,0,0,0,0,0,0,0,0,0,0,0,0,0,0,0,0,0,0,0,0,0,0,5,0,70,0,48,0,891,0,0,0,47,1,1269,1,253,1,112,1,19,0,1537,1,0,7,364,2,473,0,0,0,3,0,0,0,0,11,53,0,0,0
13,1,9,0,0,0,348,4,538,24,0,0,0,0,0,0,25,0,0,0,0,0,0,0,65,4,0,0,5,0,1,0,5,0,0,0,27,0,24,0,0,0,0,0,0,0,0,0,0,0,2,0,136,0,96,0,10,0,88,0,0,0,155,0,0,0,275,0,0,0,16,0,0,0,1,0,0,0,0,0,0,0,0,0,3,0,0,0,4,0,0,0,0,0,0,0,0,0,0,0,0,0,0,0,0,0,0,0,0,0,0,0,0,0,0,0,0,0,0,0,0,0,22,0,0,0,0,0,0,0,0,0,0,0,0,0,28,0,213,0,52,0,0,0,177,0,0,0,4,0,0,0,0,0,123,0,112,0,85,0,0,0,12,0,0,0,0,0,1,0,103,0,55,0,0,0,42,13,0,0,0,0,1,2,4,0,0,0,0,0,0,0,0,0,0,0,0,0,0,0,0,0,0,0,0,0,0,0,0,0,0,0,0,1,1,0,0,0,0,0,0,11,2,0,0,0,8,0,59,0,0,0,0,9,0,0,0,0,0,0,0,0,0,0,0,0,0,0,0
0,42,0,0,0,2,0,181,0,244,0,6,0,0,0,0,0,12,0,0,0,4,0,0,3,43,0,0,0,21,0,0,0,10,0,4,0,42,0,10,0,0,0,4,0,3,0,0,0,0,0,2,0,8,0,183,0,10,0,139,0,0,0,56,0,1,0,44,0,0,0,4,0,5,0,0,0,0,0,0,0,0,0,0,0,0,0,0,0,0,0,0,0,0,0,0,0,0,0,0,0,1,0,0,0,0,0,0,0,0,0,0,0,0,0,0,0,0,0,0,0,0,0,0,0,0,0,0,0,35,0,5,0,19,0,0,0,0,0,92,0,12,0,24,0,92,0,0,0,0,0,0,0,0,0,30,0,126,0,45,0,5,0,2,0,0,0,0,0,0,0,80,0,54,0,0,1,14,0,0,0,0,0,0,0,0,0,0,0,0,0,0,0,0,0,0,0,0,0,0,0,0,0,0,0,0,0,0,0,0,0,0,0,0,0,0,0,0,0,0,0,0,0,0,0,0,0,0,0,63,0,0,2,0,0,0,0,0,0,0,0,0,0,0,0,2,0,0,0
15,0,26,0,0,0,710,0,437,6,0,0,0,0,0,0,353,0,0,0,26,0,47,0,545,0,0,0,70,0,0,0,13,0,6,0,23,0,58,0,0,0,0,0,0,0,1,0,0,0,8,0,111,0,165,0,7,0,10,0,155,0,0,0,0,0,57,0,0,0,27,0,0,0,23,0,0,0,0,0,31,0,0,0,36,0,59,0,0,0,0,0,0,0,30,0,4,0,0,0,0,0,0,0,0,0,29,0,0,0,0,0,0,0,0,0,0,0,0,0,39,0,73,0,2,0,0,0,12,0,0,0,8,0,23,0,103,0,132,0,102,0,39,0,46,0,0,0,0,0,0,0,0,0,74,0,28,0,56,0,0,0,0,0,0,0,0,0,0,0,2,0,8,0,2,0,30,5,0,0,0,0,0,0,3,0,0,0,0,0,0,0,0,0,0,0,0,0,0,0,0,0,1,0,0,0,0,0,0,0,0,1,0,0,0,3,0,0,0,0,0,0,0,0,0,0,0,0,10,0,0,0,0,6,0,0,0,0,0,0,0,0,0,0,0,2,0,0,0
0,6,0,3,0,0,0,95,0,136,0,0,0,0,0,0,0,219,0,0,0,37,0,35,0,95,0,0,0,42,0,10,0,36,0,12,0,18,0,9,0,0,0,0,0,5,0,0,0,0,0,0,0,106,0,489,0,78,0,132,0,56,0,0,0,0,0,28,0,0,0,1,0,0,0,0,0,0,0,0,0,0,0,0,0,17,0,0,0,0,0,5,0,0,0,0,0,21,0,0,0,6,0,0,0,0,0,4,0,0,0,0,0,0,0,0,0,0,0,0,0,1,0,0,0,23,0,0,0,73,0,18,0,43,0,0,0,34,0,63,0,17,0,48,0,23,0,0,0,0,0,0,0,0,0,92,0,24,0,46,0,27,0,0,0,0,0,0,0,0,0,5,0,8,0,0,0,0,0,0,0,0,0,0,0,0,0,0,0,0,0,0,0,0,0,0,0,0,0,0,0,0,0,0,0,0,0,0,0,0,0,0,0,0,0,0,0,0,0,0,0,0,0,0,0,0,0,0,0,11,0,0,0,0,0,0,0,0,0,0,0,0,0,0,0,0,0,0,0
31,0,8,0,0,0,17,0,134,0,7,0,16,0,0,0,0,0,1,0,5,0,0,0,0,0,0,0,0,0,0,0,0,0,0,0,0,0,0,0,0,0,0,0,7,0,0,0,0,0,0,0,4,0,171,0,181,0,282,8,0,0,0,0,0,6,497,6,0,0,0,0,0,0,0,0,0,0,0,0,0,0,0,0,0,0,0,0,0,0,0,0,0,0,0,0,0,0,0,0,0,0,0,0,0,0,0,0,0,0,0,0,0,0,0,0,0,0,0,0,0,0,0,0,57,1,8,0,1,0,82,4,2,0,1,0,0,0,0,0,0,0,0,0,80,0,47,0,64,1,8,0,8,0,54,0,3,0,19,0,693,18,20,0,0,0,0,0,0,0,0,0,0,0,29,12,9,0,0,0,50,16,0,0,70,7,0,0,0,0,0,0,0,0,0,0,0,0,0,0,0,0,1,0,0,0,0,0,0,0,0,0,0,0,94,0,0,0,9,3,0,0,0,0,8,0,0,0,269,29,0,0,184,3,294,0,0,0,0,0,0,0,0,0,100,1,0,0,0
0,140,0,2,0,16,0,9,0,359,0,18,0,0,0,0,0,0,0,9,0,0,0,0,0,0,0,1,0,0,0,0,0,8,0,1,0,0,0,1,0,0,0,0,0,0,0,0,0,0,0,4,0,0,0,47,0,59,0,445,0,1,0,0,6,0,15,679,0,0,0,0,0,0,0,0,0,0,0,0,0,3,0,0,0,1,0,0,0,0,0,0,0,0,0,0,0,0,0,0,0,0,0,0,0,0,0,0,0,0,0,0,0,0,0,0,0,0,0,0,0,0,0,0,0,73,0,0,0,2,0,71,0,2,0,0,0,0,0,0,0,0,0,0,0,5,1,30,0,359,0,8,0,5,0,0,0,0,0,13,6,292,0,0,0,0,0,0,0,2,0,0,0,1,6,90,2,3,0,0,5,32,0,3,0,51,0,0,0,0,0,0,0,0,0,0,0,0,0,0,0,0,0,0,0,1,0,0,0,11,0,0,0,0,3,181,0,0,1,17,4,0,0,0,1,17,1,0,5,286,2,0,6,89,5,465,0,3,0,1,0,0,0,0,6,25,0,0,0
78,1,19,0,0,0,60,0,328,5,4,0,13,0,6,0,0,0,0,0,5,0,0,0,0,0,2,0,2,0,0,0,0,0,0,0,7,0,0,0,0,0,0,0,0,0,0,0,0,0,0,0,129,0,231,0,110,0,652,8,275,0,57,0,497,15,0,19,1,0,0,0,0,0,0,0,0,0,0,0,0,0,0,0,0,0,0,0,0,0,0,0,0,0,0,0,0,0,0,0,0,0,0,0,0,0,0,0,0,0,0,0,0,0,0,0,0,0,0,0,0,0,0,0,31,0,6,0,0,0,49,0,10,1,0,1,0,3,0,0,0,0,0,1,14,0,14,1,92,0,0,0,2,0,21,0,35,0,4,0,163,8,2,0,0,0,0,0,4,0,25,0,15,0,0,1,101,21,0,0,19,12,1,0,84,88,0,0,0,0,0,0,0,0,0,0,0,0,0,0,0,0,0,0,0,0,0,0,2,0,0,0,0,1,680,36,0,0,20,0,595,24,172,0,62,0,0,0,418,0,4,0,715,4,322,5,0,0,37,0,4,0,0,0,717,5,0,0,0
2,53,0,0,0,0,0,9,9,283,0,6,0,0,0,0,0,0,0,2,0,0,0,0,0,0,0,0,0,0,0,0,0,1,0,0,0,0,0,0,0,0,0,0,0,0,0,0,0,0,0,0,0,15,0,88,0,90,2,680,0,44,0,28,6,679,19,0,0,0,0,0,0,0,0,0,0,0,0,0,0,0,0,0,0,0,0,0,0,0,0,0,0,0,0,0,0,0,0,0,0,0,0,0,0,0,0,0,0,0,0,0,0,0,0,0,0,0,0,0,0,0,0,0,0,40,0,11,0,0,0,54,0,5,0,0,0,0,0,0,0,0,0,0,0,0,0,15,0,66,0,3,0,0,0,11,1,20,0,0,1,286,0,3,0,0,0,1,0,0,0,4,0,0,1,2,15,102,0,0,0,7,0,4,1,114,0,0,0,0,0,0,0,0,0,0,0,0,0,0,0,0,0,0,0,0,0,2,0,11,3,0,2,14,22,660,0,0,0,23,11,808,3,103,2,46,1,7,9,483,0,10,17,689,2,540,0,0,3,6,0,0,0,3,11,157,0,0,0
0,0,0,0,0,0,0,0,0,0,0,0,0,0,0,0,0,0,0,0,0,0,0,0,0,0,0,0,0,0,0,0,0,0,0,0,0,0,0,0,0,0,0,0,5,0,0,0,0,0,6,0,0,0,1,0,0,0,0,0,0,0,0,0,0,0,1,0,0,0,0,0,0,0,0,0,11,0,10,0,0,0,15,0,0,0,1,0,12,0,0,0,9,0,8,0,0,0,0,0,0,0,123,0,0,0,3,0,23,0,2,0,27,0,0,0,0,0,0,0,0,0,0,0,0,0,0,0,0,0,0,0,0,0,0,0,0,0,0,0,0,0,0,0,0,0,0,0,0,0,0,0,0,0,0,0,0,0,0,0,0,0,0,0,35,0,0,0,32,0,0,0,0,0,0,0,0,0,0,0,0,0,0,0,0,0,0,0,0,0,0,0,2,0,0,0,0,0,0,0,0,0,2,0,0,0,0,0,0,0,0,0,82,0,33,0,10,0,8,0,0,0,48,0,20,0,0,0,24,0,0,0,0,0,0,0,0,0,4,0,0,0,0,0,0,0,0,0,0
0,0,0,0,0,0,0,0,0,0,0,0,0,0,0,0,0,0,0,0,0,0,0,0,0,0,0,0,0,0,0,0,0,0,0,0,0,0,0,0,0,0,0,0,1,10,0,0,0,31,0,0,0,0,0,0,0,0,0,0,0,0,0,0,0,0,0,0,0,0,0,0,0,0,0,0,0,19,0,3,0,0,0,45,0,1,0,2,0,52,0,0,0,11,0,17,0,0,0,0,0,8,0,85,0,0,0,0,0,19,0,3,0,3,0,0,0,2,0,0,0,0,0,3,0,0,0,0,0,0,0,0,0,0,0,0,0,0,0,0,0,0,0,3,0,0,0,0,0,0,0,0,0,0,0,0,0,0,0,0,0,0,0,0,0,61,0,0,0,33,0,0,0,0,0,0,0,0,0,0,0,0,0,0,0,0,0,0,0,0,0,0,0,0,0,0,0,0,0,0,0,0,0,0,0,0,0,0,0,0,0,6,0,46,0,7,0,11,0,15,0,0,0,92,0,0,0,0,0,107,0,0,0,0,0,0,0,0,0,0,0,0,0,0,0,0,0,0,0
0,0,4,0,0,0,0,0,0,0,0,0,0,0,0,0,67,0,4,0,12,0,0,0,9,0,0,0,24,0,0,0,8,0,9,0,78,0,48,0,0,0,0,0,32,0,0,0,0,0,11,0,0,0,0,0,0,0,0,0,16,0,27,0,0,0,0,0,0,0,0,0,222,0,217,0,0,0,342,0,11,0,0,0,10,0,129,0,0,0,0,0,0,0,16,0,1,0,0,0,0,0,0,0,6,0,0,0,0,0,0,0,0,0,0,0,0,0,0,0,67,0,22,0,0,0,0,0,0,0,0,0,14,0,19,0,12,0,10,0,109,0,26,0,120,0,4,0,1,0,22,1,7,2,0,0,24,0,0,0,0,0,70,0,0,0,4,0,44,0,63,0,30,0,0,0,0,0,0,0,0,3,0,0,0,0,0,0,0,0,0,0,0,0,0,0,0,0,0,0,0,0,0,0,0,0,3,0,12,0,0,0,0,0,0,0,1,0,0,0,0,0,0,1,10,0,1,0,34,0,0,0,0,0,0,0,0,0,11,0,7,0,0,0,2,0,0,0,0
0,0,0,0,0,0,0,0,0,0,0,0,0,0,0,0,0,0,0,0,0,7,0,0,0,0,0,0,0,0,0,6,0,11,0,11,0,32,0,2,0,0,0,7,0,8,0,0,0,1,0,18,0,0,0,0,0,0,0,0,0,4,0,1,0,0,0,0,0,0,0,0,0,285,0,152,0,32,0,110,0,0,0,8,0,0,0,59,0,1,0,0,0,0,0,8,0,1,0,0,0,0,0,0,0,0,0,0,0,0,0,0,0,0,0,0,0,0,0,0,0,12,0,75,0,43,0,70,0,5,0,0,0,0,0,8,0,12,0,24,0,56,0,23,0,109,0,55,0,12,1,0,0,15,0,0,0,14,0,0,0,0,0,47,0,0,0,0,0,16,0,12,0,9,0,0,0,0,0,0,0,0,0,0,0,0,0,0,0,0,0,0,0,0,0,0,0,0,0,5,0,0,0,0,0,0,0,0,0,17,0,0,0,0,0,0,0,0,0,0,0,3,2,4,0,0,0,0,3,33,0,0,0,0,0,6,0,0,1,18,0,0,0,0,0,12,0,0,0
0,0,0,0,0,0,0,0,0,0,0,0,0,0,0,0,0,0,0,0,0,0,0,0,0,0,0,0,0,0,0,0,0,0,0,0,5,0,0,0,0,0,0,0,0,0,1,0,0,0,0,0,0,0,0,0,0,0,0,0,0,0,0,0,0,0,0,0,0,0,222,0,0,0,38,1,72,0,206,0,2,0,18,0,0,0,8,0,0,0,0,0,11,0,2,0,0,0,0,0,0,0,0,0,0,0,0,0,0,0,0,0,0,0,0,0,0,0,0,0,15,0,0,0,0,0,36,0,0,0,0,0,44,0,17,0,0,1,0,0,15,0,21,0,27,1,10,0,0,0,38,0,29,3,0,0,0,0,0,0,0,0,65,1,0,0,2,0,20,0,17,0,7,0,0,0,0,0,0,0,0,14,0,0,0,0,0,0,0,0,0,0,3,0,0,0,0,0,7,0,8,0,4,0,0,0,2,0,22,0,0,0,0,0,1,0,0,0,0,0,1,0,11,1,0,0,1,0,25,6,0,0,0,0,22,0,0,0,74,0,28,0,0,0,0,0,0,0,0
