0,436,82,188,185,0,11,173,94,41,169,17,158,0,12,42,10,83,0,0,4,0,0,116,0,132,0,0,37,0,0,0,39,0,4,0,72,0,382,0,28,0,0,0,14,0,50,0,12,0,7,0,0,0,0,0,0,0,3,0,51,0,22,10,8,0,3,0,0,0,0,0,0,0,0,0,0,0,0,0,0,0,0,0,0,0,0,0,0,0,0,0,0,0,0,0,0,0,0,0,0,0,0,0,0,0,0,0,0,0,0,0,0,0,0,0,0,0,0,0,0,0,0,0,3,0,5,0,0,0,0,0,0,0,0,0,0,0,0,0,0,0,0,1,0,0,13,0,10,0,19,0,19,0,5,0,0,0,0,0,0,0,0,0,0,0,0,0,38,0,43,0,155,0,0,0,355,106,15,0,0,0,109,0,36,0,0,0,0,0,0,0,0,0,4,0,0,0,0,0,0,0,0,0,0,0,0,0,5,0,602,106,397,0,218,0,6,0,0,0,0,0,0,0,0
436,0,182,54,21,241,133,38,71,65,10,205,0,39,25,18,88,88,0,60,7,0,265,44,254,0,0,188,0,35,2,0,0,191,0,0,0,423,0,389,0,58,0,0,0,0,0,74,0,0,0,0,0,0,4,14,0,1,0,12,0,47,6,38,0,48,0,24,0,0,0,0,0,0,0,0,0,0,0,0,0,0,0,0,0,0,0,5,0,0,0,0,0,0,0,0,0,0,0,0,0,0,0,0,0,13,0,25,0,0,0,0,0,0,0,0,0,0,0,6,0,0,0,0,0,9,0,18,0,0,0,13,0,0,0,53,0,32,0,0,0,0,0,0,0,0,0,18,0,44,0,132,0,55,0,0,0,5,0,0,0,3,0,9,0,26,0,0,0,27,0,17,0,336,0,18,227,300,0,3,0,0,20,4,0,93,0,0,0,0,0,0,0,0,0,0,0,0,0,0,0,33,0,0,0,0,0,20,0,74,7,0,0,0,404,0,0,0,885,93,661,166,4,17,0
82,182,0,104,472,0,83,40,28,0,51,31,89,0,236,50,14,20,96,0,49,7,383,85,43,38,150,0,176,0,13,0,204,0,0,0,87,6,595,0,0,0,0,0,63,0,52,0,22,0,0,0,0,0,44,0,0,0,0,0,25,0,25,0,7,0,0,0,0,0,0,0,0,0,0,0,0,0,0,0,0,0,0,0,0,0,0,0,0,0,0,0,0,0,0,0,0,0,0,0,0,0,0,0,0,0,0,0,0,0,0,0,0,0,0,0,0,0,0,0,3,0,0,0,13,0,34,0,0,0,10,0,0,0,232,0,38,0,0,0,2,0,135,0,0,0,58,0,73,0,120,0,38,0,5,0,3,0,0,0,0,0,3,0,0,0,144,0,0,0,65,0,261,0,0,0,92,38,0,0,0,0,13,0,57,0,0,0,0,0,0,0,0,0,0,0,6,0,60,0,0,0,0,0,5,0,0,0,218,0,552,45,494,0,305,4,0,0,0,0,0,0,0,0,0
188,54,104,0,0,215,0,132,0,13,71,10,0,0,61,538,24,0,0,315,12,86,255,385,30,140,0,127,0,134,0,28,0,454,0,0,0,244,0,309,0,0,0,0,0,0,0,0,0,0,0,0,1,1,0,54,0,4,0,4,0,6,0,1,0,0,0,0,0,0,0,0,0,0,0,0,0,0,0,0,0,0,0,0,0,48,0,0,0,0,0,0,0,0,0,0,0,73,0,0,0,0,0,0,0,0,0,0,0,0,0,0,0,0,0,0,0,0,0,0,0,0,0,0,0,0,0,13,0,0,0,12,0,0,0,190,0,112,0,6,0,0,0,0,0,0,0,0,7,0,0,0,0,0,0,0,0,0,0,0,0,0,0,0,0,37,0,109,0,0,0,0,0,198,0,0,87,80,0,0,0,0,0,0,0,0,0,0,0,0,0,0,0,0,0,0,0,0,0,0,0,43,0,0,0,2,0,0,0,35,0,0,0,0,129,0,0,0,278,22,477,0,0,10,0
185,21,472,0,0,388,4,0,76,0,144,130,274,53,138,346,0,0,96,122,185,51,80,97,0,0,277,0,0,0,104,0,165,17,232,34,255,0,50,0,130,0,0,0,78,0,229,0,13,0,140,0,0,0,0,0,0,0,0,0,0,0,0,0,20,0,0,0,0,0,0,0,0,0,0,0,0,0,0,0,0,0,0,0,0,0,0,0,0,0,0,0,0,0,0,0,0,0,0,0,0,0,0,0,0,0,0,0,0,0,0,0,0,0,0,0,0,0,0,0,0,0,0,0,13,0,0,0,0,0,0,0,0,0,0,0,0,0,0,0,0,0,0,0,12,0,33,0,73,0,109,0,87,0,7,0,4,0,4,0,0,0,15,0,64,0,364,0,229,0,0,0,207,0,0,0,342,104,28,0,111,0,51,0,121,0,10,0,0,2,0,0,0,0,0,0,0,0,0,0,0,0,0,0,0,0,0,0,54,0,589,195,901,233,219,5,0,1,0,0,0,0,0,0,0
0,241,0,215,388,0,0,118,0,34,131,177,188,102,373,137,0,0,149,234,152,329,65,68,0,27,0,359,0,0,15,190,0,126,0,253,0,232,0,0,0,86,0,0,0,0,0,145,0,5,0,90,0,0,0,16,0,0,0,0,0,0,0,0,0,33,0,0,0,0,0,0,0,0,0,0,0,0,0,0,0,0,0,25,0,0,0,0,0,0,0,18,0,0,0,0,0,0,0,0,0,0,0,0,0,0,0,0,0,0,0,0,0,10,0,0,0,0,0,0,0,0,0,0,0,0,0,0,0,0,0,0,0,0,0,230,0,93,0,0,0,0,0,0,0,0,0,0,0,31,0,146,0,0,0,0,0,9,0,0,0,0,0,7,0,72,3,312,0,186,0,25,0,128,0,0,60,375,30,27,0,68,0,0,0,57,0,3,0,0,0,0,0,0,0,0,0,12,0,0,0,100,0,0,0,0,0,45,0,84,0,0,0,0,154,0,0,0,319,162,722,0,0,0,0
11,133,83,0,4,0,0,113,126,278,0,0,1,0,0,0,0,35,1,0,0,0,9,0,225,105,0,0,54,0,0,0,0,0,0,0,1,0,90,0,0,0,0,0,0,0,0,0,23,0,0,0,49,8,79,26,0,0,2,0,343,0,229,38,21,0,8,0,2,0,0,0,0,0,0,0,0,0,0,0,0,0,2,0,0,0,0,1,0,0,2,0,0,0,0,0,0,0,0,0,0,0,0,0,0,0,0,0,0,0,0,0,0,0,0,0,0,0,0,0,0,0,1,0,27,0,35,0,29,0,21,0,0,0,90,0,23,0,8,0,0,0,0,0,0,0,25,0,25,0,29,0,0,0,0,0,0,0,6,0,3,0,11,0,3,0,3,0,20,0,229,0,209,0,0,0,78,32,0,0,0,0,5,17,0,4,0,0,0,0,0,0,0,0,0,0,0,0,0,0,0,0,0,0,0,0,0,0,77,0,786,69,317,0,552,0,37,0,0,0,0,0,0,0,0
173,38,40,132,0,118,113,0,199,65,0,46,0,0,0,51,33,7,0,0,0,34,43,58,155,202,0,60,0,100,0,0,0,72,0,0,0,158,0,500,0,0,0,0,0,0,0,0,0,0,0,4,12,24,16,138,0,24,0,16,5,184,24,169,0,7,7,8,0,1,0,0,0,0,0,0,0,1,0,0,0,0,0,0,0,0,0,0,0,0,0,0,0,0,0,0,0,0,0,0,0,0,0,0,0,0,0,0,0,0,0,2,0,0,0,0,0,0,0,0,0,0,0,0,0,15,0,0,0,4,0,68,0,0,0,96,0,103,0,0,0,0,0,0,0,0,0,11,0,0,0,14,0,0,0,2,0,2,0,0,0,19,0,8,0,19,0,15,0,18,0,22,0,300,0,0,44,33,0,0,0,0,0,0,0,0,0,0,0,0,0,0,0,0,0,0,0,0,0,0,0,0,0,0,0,0,0,0,0,141,0,0,7,0,488,0,0,0,626,71,557,146,0,52,0
94,71,28,0,76,0,126,199,0,579,63,0,80,0,20,0,3,37,11,0,0,0,0,0,16,137,0,0,2,0,0,0,0,0,0,0,0,0,20,0,16,0,0,0,0,0,56,0,8,0,0,0,46,36,21,146,3,0,285,70,196,14,134,82,202,0,114,58,0,0,0,0,0,0,0,0,0,0,0,0,0,0,0,0,7,0,0,0,0,0,0,0,0,0,0,0,6,0,7,0,0,0,0,0,0,0,0,0,0,0,0,0,0,0,0,0,0,0,2,0,0,0,0,0,24,0,13,0,0,0,16,0,0,0,5,1,0,0,0,0,0,0,1,0,0,0,27,0,81,0,65,0,35,0,8,0,0,0,0,0,8,0,0,0,0,0,0,0,10,0,186,0,0,0,0,0,400,92,12,0,34,0,15,18,53,12,0,0,0,0,0,0,0,0,0,0,0,0,0,0,0,0,0,0,0,0,0,0,12,0,386,56,166,0,163,0,0,1,11,0,0,1,0,0,0
41,65,0,13,0,34,278,65,579,0,0,34,0,6,0,0,0,0,0,13,0,0,2,4,258,22,0,32,0,0,0,0,0,0,0,0,0,0,0,0,0,0,0,0,0,0,0,6,0,0,0,0,44,76,87,62,0,3,72,35,0,217,55,240,0,175,77,92,0,0,0,0,0,0,0,0,0,0,0,0,1,0,0,0,0,0,0,0,0,0,2,0,0,0,0,0,0,0,0,0,0,0,0,0,0,21,0,0,0,0,0,0,0,0,0,0,0,0,0,0,0,0,0,0,0,49,0,44,0,0,0,88,0,0,0,79,0,67,0,3,0,0,0,0,0,0,0,58,0,98,0,128,0,42,0,0,2,29,0,9,0,18,0,1,0,9,0,0,0,13,0,67,2,124,0,5,150,316,0,0,0,16,0,13,4,75,0,0,0,0,0,2,0,0,0,0,0,0,0,17,0,36,0,2,0,0,0,47,0,257,0,0,0,0,319,0,0,0,524,85,213,0,4,12,0
169,10,51,71,144,131,0,0,63,0,0,53,465,0,12,192,19,0,0,0,62,22,22,75,0,0,36,0,14,0,50,5,190,8,31,3,129,0,50,2,90,0,19,0,43,3,103,0,19,0,0,0,0,0,0,0,0,0,0,0,0,0,0,0,7,0,1,0,0,0,0,0,0,0,0,0,0,0,0,0,0,0,0,0,0,0,0,0,0,0,0,0,0,0,0,0,0,0,0,0,3,0,0,0,0,0,0,0,0,0,0,0,0,0,0,0,0,0,0,0,0,0,0,0,0,0,0,0,0,0,0,0,0,0,0,0,0,0,0,0,0,0,0,0,0,0,0,0,7,0,26,0,0,0,0,0,0,0,0,0,0,0,0,0,7,0,78,0,48,0,8,0,67,0,0,0,227,48,114,3,134,0,40,0,20,0,43,0,0,0,0,0,0,0,0,0,0,0,0,0,0,0,0,0,0,0,0,0,0,0,289,117,294,0,91,4,0,0,0,0,0,0,0,0,0
17,205,31,10,130,177,0,46,0,34,53,0,0,316,170,23,0,14,41,65,46,110,103,51,0,0,0,307,0,27,0,56,0,170,1,72,0,189,0,44,0,320,0,0,0,50,0,236,0,18,0,9,0,0,0,7,0,0,0,2,0,0,0,0,0,7,0,0,0,0,0,0,0,0,0,0,0,0,0,0,0,0,0,0,0,0,0,0,0,0,0,0,0,0,0,0,0,0,0,0,0,0,0,0,0,0,0,0,0,0,0,0,0,0,0,0,0,0,0,0,0,0,0,0,0,0,0,0,0,0,0,7,0,0,0,26,0,14,0,0,0,0,0,0,0,0,0,0,0,17,0,117,0,49,0,0,0,0,0,0,0,0,0,0,0,15,0,77,0,43,0,12,0,76,0,22,44,210,3,24,0,73,0,11,0,47,0,2,0,0,0,0,0,0,0,6,0,1,0,0,0,12,0,0,0,0,0,0,0,32,0,0,0,0,111,0,0,0,352,140,324,0,4,0,0
158,0,89,0,274,188,1,0,80,0,465,0,0,465,40,39,0,0,70,297,69,101,62,0,0,0,191,578,0,0,12,0,0,0,134,126,25,0,0,0,289,0,284,78,131,32,458,45,31,0,248,74,0,0,0,0,0,0,0,0,0,0,0,0,18,0,0,0,0,0,0,0,0,0,0,0,0,0,0,0,0,0,0,0,0,0,0,0,0,0,0,0,0,0,0,0,0,0,0,0,0,0,0,0,0,0,0,0,0,0,0,0,0,0,0,0,0,0,4,0,0,0,0,0,0,0,0,0,0,0,0,0,0,0,0,0,0,0,0,0,0,0,0,0,4,0,0,0,0,0,0,0,0,0,0,0,0,0,0,0,0,0,5,0,75,0,0,0,95,0,0,0,0,0,0,0,334,75,99,0,122,0,65,0,63,0,106,0,0,0,0,0,0,0,0,0,0,0,0,0,0,0,0,0,0,0,0,0,33,0,54,126,313,37,17,0,1,0,0,0,0,0,0,0,0
0,39,0,0,53,102,0,0,0,6,0,316,465,0,29,0,0,0,278,99,53,117,0,0,0,0,359,145,0,0,0,13,0,0,0,126,0,34,0,0,127,337,68,242,27,71,120,166,0,27,30,265,0,0,0,0,0,0,0,0,0,0,0,0,0,0,0,0,0,0,0,0,0,0,0,0,0,0,0,0,0,0,0,0,0,0,0,0,0,0,0,0,0,0,0,0,0,0,0,0,0,0,0,0,0,0,0,0,0,0,0,0,0,0,0,0,0,0,0,0,0,0,0,0,0,0,0,0,0,0,0,0,0,0,0,0,0,0,0,0,0,0,0,0,0,0,0,1,0,0,0,0,0,0,0,0,0,0,0,0,0,0,0,0,0,63,1,27,0,122,0,0,0,0,0,22,39,616,0,58,0,103,0,8,2,0,27,86,0,0,0,0,0,0,0,0,0,0,0,0,0,0,0,0,0,0,0,0,0,0,0,0,0,0,0,0,0,0,47,159,273,0,0,0,1
12,25,236,61,138,373,0,0,20,0,12,170,40,29,0,380,15,2,262,83,305,41,388,76,46,0,316,24,0,0,149,17,75,25,149,31,120,0,0,0,0,0,0,4,70,0,12,0,0,0,32,0,0,0,0,0,0,0,0,0,0,0,0,0,0,0,0,0,0,0,0,0,0,0,0,0,0,0,0,0,0,0,0,0,0,0,0,0,0,0,41,0,0,0,0,0,0,0,0,0,0,0,0,0,0,0,0,0,0,0,0,0,0,0,0,0,0,0,0,0,0,0,0,0,0,0,2,0,0,0,0,0,0,0,114,0,0,0,0,0,6,0,80,0,9,0,0,0,34,0,62,0,0,0,3,0,0,0,0,0,0,0,0,0,0,0,47,0,0,0,0,0,13,0,0,0,80,55,14,0,0,0,8,0,37,0,0,0,0,0,0,0,0,0,0,0,0,0,0,0,26,0,0,0,0,0,0,0,118,0,74,50,92,16,0,0,1,0,0,11,0,0,0,0,0
42,18,50,538,346,137,0,51,0,0,192,23,39,0,380,0,5,6,40,320,112,288,119,92,0,85,0,177,0,1,14,66,15,36,6,29,8,65,0,6,0,0,0,49,0,0,0,0,0,0,0,8,0,0,0,13,0,0,0,2,0,0,0,18,0,0,0,0,0,0,0,0,0,0,0,0,0,0,0,0,0,0,0,0,0,189,0,0,0,0,0,0,0,0,0,0,0,255,0,130,0,304,0,0,0,0,0,0,0,0,0,1,0,0,0,0,0,1,0,0,0,0,0,0,0,0,0,0,0,0,0,0,0,0,0,150,0,0,0,27,0,0,0,221,0,0,0,0,0,0,0,13,0,0,0,0,0,0,0,0,0,0,0,0,0,5,0,61,0,0,0,4,0,20,0,0,26,79,16,15,0,0,3,0,0,6,0,0,0,0,0,0,0,1,0,0,0,0,0,0,0,46,0,0,0,0,0,0,0,0,0,0,8,0,44,0,0,0,129,73,68,16,0,0,0
10,88,14,24,0,0,0,33,3,0,19,0,0,0,15,5,0,6,39,0,270,0,60,13,133,24,80,0,304,0,129,0,166,0,23,0,8,0,235,0,0,0,16,0,52,0,2,0,0,0,12,0,165,0,9,0,0,0,0,0,38,0,468,0,0,0,0,0,0,0,26,0,0,0,36,0,0,0,0,0,163,0,0,0,478,0,111,0,20,0,87,0,0,0,0,0,445,0,361,0,0,0,0,0,0,0,179,0,0,0,0,0,0,0,0,0,0,0,0,0,96,0,91,0,0,0,0,0,58,0,3,0,0,0,14,0,161,0,111,0,77,0,372,0,24,0,0,0,0,0,0,0,0,0,38,0,3,0,0,0,0,0,0,0,0,0,0,0,20,0,12,0,40,0,0,0,10,0,0,0,0,0,31,0,0,0,0,0,0,0,0,0,0,0,0,0,0,0,9,0,21,0,0,0,0,0,0,0,16,0,66,30,114,0,0,1,0,0,6,0,2,0,0,0,0
83,88,20,0,0,0,35,7,37,0,0,14,0,0,2,6,6,0,0,0,1,108,47,60,44,53,0,0,0,119,0,13,1,100,0,9,0,25,0,194,0,0,0,14,0,0,0,0,0,0,0,0,0,82,0,4,0,48,0,0,0,16,1,234,0,0,0,0,0,0,0,0,0,0,0,1,0,0,0,0,0,128,0,0,0,137,0,0,0,0,0,10,0,0,0,0,0,59,0,34,0,89,0,0,0,0,0,0,0,0,0,0,0,0,0,0,0,0,0,0,0,0,0,4,0,0,0,0,0,0,0,0,0,0,0,0,0,165,0,91,0,119,0,301,0,1,0,0,0,0,0,0,0,0,0,34,0,0,0,38,0,0,0,0,0,0,0,11,0,0,0,0,0,0,0,0,15,16,0,9,0,0,0,16,0,0,0,0,0,0,0,0,0,0,0,0,0,0,0,0,0,0,0,0,0,0,0,0,0,0,0,0,0,0,13,0,0,0,33,18,29,0,0,0,0
0,0,96,0,96,149,1,0,11,0,0,41,70,278,262,40,39,0,0,187,190,58,293,0,0,0,268,175,0,0,10,10,0,0,143,91,67,5,0,0,2,0,115,0,73,0,11,0,2,0,227,34,20,0,0,0,0,0,0,0,0,0,0,0,0,0,0,0,0,0,0,0,0,0,0,0,0,0,0,0,0,0,0,0,0,0,0,0,0,0,44,0,0,0,0,0,207,0,0,0,0,0,0,0,0,0,139,0,0,0,0,0,0,0,0,0,0,0,0,0,0,0,0,0,0,0,0,0,0,0,0,0,0,0,0,0,0,0,0,0,0,0,0,0,14,0,0,0,12,0,37,0,0,0,0,0,0,0,0,0,0,0,0,0,27,0,12,0,40,0,0,0,0,0,0,0,21,16,8,0,25,0,12,0,22,0,10,1,0,0,0,0,0,0,13,0,0,0,0,0,56,0,29,0,0,0,0,0,55,0,35,43,137,23,7,0,0,0,0,0,0,0,0,0,0
0,60,0,315,122,234,0,0,0,13,0,65,297,99,83,320,0,0,187,0,80,407,3,125,0,58,0,470,0,0,0,26,0,0,12,128,0,91,0,0,17,12,12,61,0,175,0,56,0,5,0,117,0,0,0,0,0,0,0,0,0,11,0,47,0,0,0,0,0,0,0,0,0,0,0,0,0,0,0,0,0,310,0,0,0,0,0,98,0,0,0,0,0,0,0,0,0,317,0,136,0,438,0,0,0,0,0,0,0,0,0,0,0,0,0,0,0,0,0,0,0,0,0,0,0,0,0,0,0,0,0,0,0,0,0,163,0,0,0,0,0,0,0,0,2,11,0,0,0,31,0,112,0,0,0,0,0,0,0,0,0,0,0,0,0,32,0,70,0,78,0,0,0,10,0,0,17,92,25,11,0,0,0,0,0,66,0,10,0,0,0,0,0,0,0,0,0,4,0,0,0,89,0,0,0,0,0,0,0,33,0,0,0,0,31,0,0,0,85,149,120,0,3,2,0
4,7,49,12,185,152,0,0,0,0,62,46,69,53,305,112,270,1,190,80,0,22,211,13,59,0,239,38,47,0,52,6,33,0,45,28,21,0,8,0,0,0,52,8,78,3,0,0,3,0,31,0,47,0,0,0,4,0,0,0,0,0,111,0,0,0,2,0,0,0,66,0,0,0,71,0,0,0,0,0,220,0,0,0,310,0,0,0,0,0,0,0,0,0,0,0,295,0,388,0,0,0,0,0,0,0,192,0,0,0,0,0,0,0,0,0,0,0,0,0,99,0,0,0,0,0,0,0,0,0,0,0,0,0,0,0,28,0,0,0,0,0,114,0,61,0,0,0,6,0,0,0,0,0,0,0,0,0,0,0,0,0,0,0,29,0,31,0,0,2,0,0,0,0,0,0,28,10,52,0,0,1,6,0,0,0,8,0,0,0,0,0,0,0,0,0,0,0,0,0,35,0,0,0,0,0,0,0,0,0,117,95,144,44,27,0,0,0,0,0,0,0,0,0,0
0,0,7,86,51,329,0,34,0,0,22,110,101,117,41,288,0,108,58,407,22,0,0,312,0,29,0,230,0,82,0,37,0,28,0,64,0,17,0,12,7,0,0,135,0,91,0,10,0,0,0,53,0,26,0,9,0,0,0,0,0,7,0,142,0,0,0,0,0,0,0,34,0,0,0,0,0,0,0,0,0,779,0,0,0,315,0,221,0,0,0,0,0,0,0,0,0,194,0,174,0,0,0,0,0,0,0,0,0,0,0,0,0,0,0,0,0,0,0,0,0,249,0,0,0,0,0,0,0,0,0,0,0,0,0,0,0,302,0,171,0,354,0,648,0,93,0,0,0,0,0,0,0,0,0,0,0,0,0,0,0,0,0,0,0,28,0,82,0,92,0,2,0,36,0,0,0,68,0,15,0,0,0,0,0,0,0,22,0,0,0,0,0,0,0,0,0,0,0,0,0,0,0,0,0,0,0,0,0,0,0,0,0,0,31,0,0,0,92,120,144,18,0,0,0
0,265,383,255,80,65,9,43,0,2,22,103,62,0,388,119,60,47,293,3,211,0,0,175,147,22,351,0,97,0,78,0,68,5,0,0,28,8,165,0,0,0,0,0,113,0,25,0,5,0,0,0,21,0,68,0,15,0,0,0,2,0,59,0,0,0,0,0,0,0,0,0,0,0,0,0,0,0,0,0,20,0,0,0,73,0,0,0,0,0,62,0,0,0,0,0,305,0,0,0,0,0,0,0,0,0,172,0,0,0,0,0,0,0,0,0,0,0,0,0,0,0,0,0,0,0,0,0,0,0,0,0,7,0,336,0,125,0,24,0,0,0,368,0,0,0,12,0,17,0,69,2,7,0,6,0,0,0,0,0,0,0,0,0,0,0,18,0,10,0,17,0,65,0,0,0,104,39,4,0,0,0,14,0,5,0,1,0,0,0,0,0,0,0,0,0,0,0,99,0,122,0,0,0,0,0,0,0,251,0,177,57,124,23,51,0,0,0,23,0,13,0,0,0,0
116,44,85,385,97,68,0,58,0,4,75,51,0,0,76,92,13,60,0,125,13,312,175,0,19,126,0,81,0,73,3,21,0,55,0,6,0,49,0,12,0,0,0,65,0,24,0,0,0,0,0,7,0,47,0,21,0,36,0,0,0,0,0,68,0,0,0,0,0,0,0,0,0,0,0,0,0,0,0,0,0,307,0,0,0,218,0,84,0,0,0,0,0,0,0,0,0,225,0,132,0,359,0,0,0,0,0,0,0,0,0,0,0,0,0,0,0,0,0,0,0,0,0,0,0,0,0,0,0,0,0,0,0,0,0,0,0,0,0,56,0,85,0,321,0,5,0,0,0,0,0,0,0,0,0,18,0,0,0,21,0,0,0,0,0,0,0,12,0,0,0,0,0,28,0,0,16,30,0,18,0,0,8,9,0,0,0,0,0,0,0,0,0,0,0,0,0,0,0,0,0,0,0,0,0,0,0,0,0,0,0,0,0,0,12,0,0,0,92,53,55,0,0,0,0
0,254,43,30,0,0,225,155,16,258,0,0,0,0,46,0,133,44,0,0,59,0,147,19,0,161,0,0,77,0,9,0,5,0,0,0,0,0,135,9,0,0,0,0,9,0,0,0,6,0,0,0,101,3,102,14,12,0,0,0,173,16,145,36,0,0,0,0,0,0,0,0,0,0,0,0,0,0,0,0,0,2,0,0,0,0,0,0,0,0,0,0,0,0,0,0,114,0,27,0,0,0,0,0,0,0,50,0,0,0,0,0,0,0,1,0,0,0,0,0,0,0,6,0,0,0,0,0,67,0,0,0,0,0,166,0,93,0,43,0,0,0,280,0,0,0,0,0,0,0,0,0,0,0,15,0,2,0,0,0,3,0,1,0,0,0,0,0,13,0,87,0,113,5,0,0,6,26,0,0,0,0,8,9,0,2,0,0,0,0,0,0,0,0,0,0,0,0,51,0,65,0,0,0,0,0,0,0,74,0,424,80,211,109,214,0,12,1,0,0,0,0,0,0,0
132,0,38,140,0,27,105,202,137,22,0,0,0,0,0,85,24,53,0,58,0,29,22,126,161,0,0,0,0,31,0,5,0,22,0,0,0,22,4,117,0,0,0,0,0,0,0,0,0,0,0,0,4,22,5,74,0,108,2,20,0,75,8,254,0,0,0,0,0,0,0,1,0,0,0,0,0,0,0,0,0,0,0,0,0,160,0,0,0,0,0,0,0,0,0,0,0,187,0,0,0,0,0,0,0,0,0,0,0,0,0,0,0,0,0,0,0,0,0,0,0,0,0,0,0,0,0,0,0,16,0,0,0,0,0,220,0,190,0,70,0,66,0,413,0,0,0,0,6,0,0,0,0,0,0,20,0,1,0,19,0,0,0,0,0,0,0,4,0,15,0,11,0,113,0,0,38,14,0,0,0,0,4,7,0,0,0,0,0,0,0,0,0,0,0,0,0,0,0,0,0,0,0,0,0,0,0,0,0,0,0,0,0,0,142,0,0,0,247,121,176,126,0,18,0
0,0,150,0,277,0,0,0,0,0,36,0,191,359,316,0,80,0,268,0,239,0,351,0,0,0,0,511,41,1,41,0,0,0,54,0,140,0,10,0,16,54,374,126,176,47,89,190,13,0,250,74,31,0,0,0,0,0,0,0,0,0,0,0,0,0,0,0,0,0,55,0,0,0,46,0,0,0,0,0,0,0,0,0,0,0,0,0,0,0,0,0,0,0,0,0,395,0,0,0,0,0,0,0,0,0,0,0,0,0,0,0,0,0,0,0,0,0,0,0,0,0,0,0,0,0,0,0,0,0,0,0,0,0,0,0,0,0,0,0,0,0,0,0,0,0,0,0,26,0,59,0,0,0,0,0,0,0,0,0,0,0,0,0,124,0,11,0,64,0,0,0,0,0,3,0,0,31,0,0,0,0,24,0,38,0,56,0,0,0,0,0,0,0,0,0,0,0,0,0,0,0,0,0,0,0,0,0,0,0,38,196,367,0,17,5,0,10,0,0,0,0,0,0,0
0,188,0,127,0,359,0,60,0,32,0,307,578,145,24,177,0,0,175,470,38,230,0,81,0,0,511,0,0,5,0,7,0,0,12,87,0,81,0,5,366,14,116,378,67,242,335,155,3,24,46,362,0,13,0,0,0,0,0,0,0,0,0,31,0,44,0,1,0,4,0,0,0,0,0,0,0,0,0,0,0,0,0,0,0,0,0,0,0,0,0,0,0,60,0,0,0,0,0,76,0,307,0,0,0,0,0,0,0,0,0,0,0,0,0,0,0,0,0,0,0,77,0,0,0,0,0,0,0,0,0,0,0,0,0,151,0,0,0,0,0,0,0,0,0,0,0,0,0,64,0,406,0,0,0,0,0,0,0,0,0,0,0,0,1,83,0,0,0,140,0,0,0,10,0,0,0,264,6,40,0,252,0,0,0,142,33,25,0,0,0,0,0,0,0,0,0,0,0,0,0,0,0,0,0,0,0,0,0,60,0,6,0,0,26,0,0,0,81,434,453,0,8,0,0
37,0,176,0,0,0,54,0,2,0,14,0,0,0,0,0,304,0,0,0,47,0,97,0,77,0,41,0,0,0,14,0,0,0,37,0,13,0,9,0,0,0,70,0,0,0,0,0,0,0,9,0,9,0,0,0,3,0,0,0,6,0,28,0,0,0,0,0,0,0,38,0,0,0,55,0,0,0,0,0,95,0,0,0,126,0,55,0,0,0,8,0,0,0,0,0,31,0,93,0,0,0,0,0,0,0,0,0,0,0,0,0,0,0,0,0,0,0,0,0,51,0,56,0,0,0,0,0,20,0,0,0,1,0,0,0,22,0,123,0,182,0,122,0,69,0,0,0,0,0,0,0,0,0,3,0,0,0,7,0,0,0,0,0,0,0,0,0,0,0,0,0,0,0,0,0,14,0,0,0,0,0,7,0,0,0,0,0,0,0,0,0,0,0,0,0,0,0,0,0,0,0,0,0,0,0,0,0,0,0,13,0,0,0,0,0,0,0,0,0,0,0,0,0,0
0,35,0,134,0,0,0,100,0,0,0,27,0,0,0,1,0,119,0,0,0,82,0,73,0,31,1,5,0,0,0,21,0,47,0,27,0,3,0,13,0,0,0,17,0,0,0,0,0,0,0,19,0,15,0,6,0,2,0,0,0,0,0,54,0,0,0,0,0,0,0,0,0,0,0,0,0,0,0,0,0,0,0,0,0,75,0,30,0,0,0,0,0,0,0,0,0,47,0,41,0,89,0,0,0,0,0,0,0,0,0,0,0,0,0,0,0,0,0,0,0,0,0,0,0,0,0,0,0,0,0,0,0,0,0,0,0,218,0,154,0,186,0,253,0,20,0,0,0,0,0,0,0,0,0,11,0,0,0,28,0,0,0,0,0,0,0,0,0,0,0,0,0,0,0,0,0,2,0,5,0,0,0,0,0,0,0,0,0,0,0,0,0,0,0,0,0,0,0,0,0,0,0,0,0,0,0,0,0,0,0,0,0,0,0,0,0,0,0,0,0,0,0,0,0
0,2,13,0,104,15,0,0,0,0,50,0,12,0,149,14,129,0,10,0,52,0,78,3,9,0,41,0,14,0,0,0,1,0,8,0,49,0,4,0,0,0,58,0,9,0,0,0,1,0,8,0,0,0,2,0,0,0,2,0,0,0,23,0,0,0,0,0,0,0,33,0,0,0,25,0,0,0,0,0,63,0,0,0,0,0,48,0,0,0,23,0,0,0,0,0,85,0,142,0,0,0,0,0,0,0,0,0,0,0,0,0,0,0,0,0,0,0,0,0,40,0,0,0,0,0,0,0,3,0,0,0,0,0,0,0,0,0,13,0,33,0,36,0,33,0,0,0,0,0,0,0,0,0,0,0,0,0,0,0,0,0,0,0,6,0,59,0,0,0,4,0,21,0,0,0,22,0,47,0,0,0,2,0,0,0,0,0,0,0,0,0,0,0,0,0,0,0,0,0,0,0,0,0,0,0,0,0,0,0,30,25,69,0,11,0,0,0,0,0,0,0,0,0,0
0,0,0,28,0,190,0,0,0,0,5,56,0,13,17,66,0,13,10,26,6,37,0,21,0,5,0,7,0,21,0,0,0,0,0,1,0,8,0,6,0,0,0,14,0,0,0,0,0,0,0,4,0,0,0,0,0,0,0,0,0,0,0,10,0,0,0,0,0,0,0,0,0,0,0,10,0,0,0,0,0,0,0,0,0,0,0,0,0,0,0,0,0,0,0,0,0,17,0,0,0,0,0,0,0,0,0,0,0,0,0,0,0,0,0,0,0,0,0,0,0,0,0,0,0,0,0,0,0,0,0,0,0,0,0,0,0,0,0,19,0,61,0,126,0,28,0,0,0,0,0,0,0,0,0,0,0,0,0,0,0,0,0,0,0,0,0,17,0,10,0,0,0,9,0,0,0,18,0,19,0,0,0,0,0,0,0,0,0,0,0,0,0,0,0,0,0,0,0,0,0,0,0,0,0,0,0,0,0,0,0,0,0,0,5,0,0,0,0,16,30,0,0,0,0
39,0,204,0,165,0,0,0,0,0,190,0,0,0,75,15,166,1,0,0,33,0,68,0,5,0,0,0,0,0,1,0,0,0,12,0,225,0,1,0,0,0,14,0,3,0,0,0,0,0,6,0,6,0,0,0,0,0,0,0,0,0,0,0,0,0,0,0,0,0,11,0,0,0,0,0,0,0,0,0,0,0,0,0,31,0,0,0,0,0,0,0,0,0,0,0,52,0,47,0,0,0,0,0,0,0,0,0,0,0,0,0,0,0,0,0,0,0,0,0,21,0,0,0,0,0,0,0,0,0,0,0,0,0,0,0,0,0,0,0,0,0,0,0,0,0,0,0,0,0,0,0,0,0,0,0,0,0,0,0,0,0,0,0,0,0,71,0,0,0,0,0,0,1,0,0,47,0,37,0,0,0,25,0,0,0,0,0,0,0,0,0,0,0,0,0,0,0,0,0,0,0,0,0,0,0,0,0,7,0,0,11,50,0,6,0,0,0,0,0,0,0,0,0,0
0,191,0,454,17,126,0,72,0,0,8,170,0,0,25,36,0,100,0,0,0,28,5,55,0,22,0,0,0,47,0,0,0,0,0,20,0,58,0,2,0,0,0,22,0,0,0,1,0,0,0,9,0,0,0,0,0,0,0,0,0,0,0,25,0,0,0,0,0,0,0,0,0,0,0,8,0,0,0,0,0,0,0,0,0,0,0,0,0,0,0,0,0,0,0,0,0,0,0,0,0,0,0,0,0,0,0,0,0,0,0,0,0,2,0,0,0,0,0,3,0,0,0,3,0,0,0,0,0,0,0,0,0,0,0,26,0,0,0,38,0,72,0,114,0,0,0,0,0,0,0,0,0,0,0,2,0,7,0,0,0,0,0,0,0,0,0,0,0,0,0,0,0,6,0,0,0,0,0,40,0,0,0,2,0,0,0,0,0,0,0,0,0,0,0,0,0,0,0,1,0,0,0,0,0,0,0,0,0,0,0,0,3,0,0,0,0,0,5,8,9,0,0,0,0
4,0,0,0,232,0,0,0,0,0,31,1,134,0,149,6,23,0,143,12,45,0,0,0,0,0,54,12,37,0,8,0,12,0,0,6,127,0,25,0,0,0,11,0,10,0,0,0,0,0,40,0,0,0,0,0,0,0,0,0,0,0,0,0,0,0,0,0,0,0,32,0,0,0,19,0,0,0,0,0,0,0,0,0,0,0,0,0,0,0,0,0,0,0,0,0,0,0,0,0,0,0,0,0,0,0,0,0,0,0,0,0,0,0,0,0,0,0,0,0,0,0,0,0,0,0,0,0,0,0,0,0,0,0,0,0,0,0,0,0,0,0,0,0,0,0,0,0,0,0,0,0,0,0,0,0,1,0,0,0,0,0,0,0,31,0,32,0,42,0,0,0,0,0,0,0,39,0,29,0,0,0,0,0,0,0,6,0,0,0,0,0,0,0,0,0,0,0,0,0,0,0,0,0,0,0,0,0,0,0,42,58,111,16,7,0,0,0,0,0,0,0,0,0,0
0,0,0,0,34,253,0,0,0,0,3,72,126,126,31,29,0,9,91,128,28,64,0,6,0,0,0,87,0,27,0,1,0,20,6,0,0,130,0,8,0,0,3,38,0,0,0,0,0,0,0,34,0,0,0,0,0,0,0,0,0,0,0,7,0,0,0,0,0,0,0,0,0,0,0,10,0,0,0,3,0,0,0,0,0,0,0,42,0,0,0,0,0,0,0,0,0,0,0,0,0,0,0,0,0,0,0,0,0,1,0,0,0,0,0,0,0,0,0,0,0,0,0,12,0,0,0,0,0,0,0,0,0,0,0,0,0,0,0,0,0,78,0,109,0,49,0,0,0,0,0,0,0,0,0,0,0,0,0,0,0,0,0,3,0,10,0,52,0,32,0,0,0,12,0,0,0,97,9,25,0,0,0,0,0,0,0,24,0,0,0,0,0,0,0,9,0,0,0,0,0,0,0,0,0,0,0,0,0,0,0,0,0,0,12,0,0,0,0,79,106,10,0,0,0
72,0,87,0,255,0,1,0,0,0,129,0,25,0,120,8,8,0,67,0,21,0,28,0,0,0,140,0,13,0,49,0,225,0,127,0,0,0,32,0,0,0,70,0,69,0,0,0,1,0,47,0,2,0,0,0,0,0,0,0,16,0,21,0,0,0,0,0,0,0,64,0,4,0,79,0,0,0,0,0,92,0,0,0,0,0,0,0,0,0,0,0,0,0,0,0,0,0,143,0,0,0,0,0,0,0,0,0,0,0,0,0,0,0,0,0,0,0,0,0,52,0,0,0,0,0,0,0,11,0,0,0,0,0,0,0,8,0,102,0,145,0,34,0,231,0,0,0,0,0,0,0,0,0,3,0,35,0,0,0,0,0,12,0,15,0,73,0,54,0,27,0,52,0,0,0,37,6,33,0,0,0,29,0,5,0,0,0,0,0,0,0,0,0,0,0,0,0,0,0,0,0,0,0,0,0,0,0,0,0,10,16,90,14,0,0,0,2,0,0,0,0,0,0,0
0,423,6,244,0,232,0,158,0,0,0,189,0,34,0,65,0,25,5,91,0,17,8,49,0,22,0,81,0,3,0,8,0,58,0,130,0,0,0,31,0,0,0,138,0,12,0,0,0,0,0,95,0,0,0,0,0,0,0,0,0,27,0,35,0,0,0,0,0,0,0,0,0,0,0,27,0,0,0,5,0,108,0,0,0,0,0,42,0,0,0,0,0,0,0,0,0,0,0,0,0,0,0,0,0,0,0,0,0,0,0,0,0,0,0,0,0,0,0,0,0,103,0,11,0,0,0,0,0,0,0,0,0,0,0,0,0,0,0,96,0,215,0,133,0,186,0,0,0,0,0,0,0,0,0,4,0,28,0,0,0,0,0,2,0,6,0,45,0,38,0,22,1,70,0,2,5,64,0,29,0,0,0,22,0,0,0,2,0,0,0,0,0,0,0,7,0,0,0,0,0,0,0,0,0,0,0,0,0,0,0,0,0,0,0,0,0,0,0,98,34,5,0,0,0
382,0,595,0,50,0,90,0,20,0,50,0,0,0,0,0,235,0,0,0,8,0,165,0,135,4,10,0,9,0,4,0,1,0,25,0,32,0,0,0,0,0,34,0,4,0,0,0,0,0,4,0,3,0,0,0,0,0,0,0,1,0,22,0,0,0,0,0,0,0,0,0,0,0,0,0,0,0,0,0,0,0,0,0,0,0,0,0,0,0,5,0,0,0,0,0,0,0,0,0,0,0,0,0,0,0,0,0,0,0,0,0,0,0,0,0,0,0,0,0,0,0,0,0,0,0,0,0,0,0,0,0,0,0,0,0,3,0,32,0,14,0,0,0,14,0,0,0,0,0,0,0,0,0,5,0,7,0,0,0,0,0,0,0,2,0,27,0,4,0,1,0,32,0,0,0,129,0,0,0,30,0,117,0,0,0,0,0,0,0,0,0,0,0,0,0,0,0,0,0,0,0,0,0,0,0,0,0,0,0,8,33,34,4,0,0,0,0,0,0,0,0,0,0,0
0,389,0,309,0,0,0,500,0,0,2,44,0,0,0,6,0,194,0,0,0,12,0,12,9,117,0,5,0,13,0,6,0,2,0,8,0,31,0,0,0,0,0,8,0,0,0,0,0,0,0,8,0,2,0,0,0,0,0,0,0,12,0,16,0,0,0,0,0,0,0,0,0,0,0,0,0,0,0,0,0,0,0,0,0,0,0,0,0,0,0,0,0,0,0,0,0,0,0,0,0,0,0,0,0,0,0,0,0,0,0,0,0,0,0,0,0,0,0,0,0,0,0,0,0,0,0,0,0,0,0,0,0,0,0,0,0,0,0,64,0,30,0,0,0,41,0,0,0,0,0,0,0,0,0,9,0,7,0,15,0,0,0,0,0,0,0,2,0,0,0,0,0,7,0,0,6,42,0,14,0,0,0,36,0,0,0,0,0,0,0,0,0,0,0,0,0,0,0,0,0,0,0,0,0,0,0,0,0,0,0,0,0,0,0,0,0,0,0,33,0,0,0,0,0
28,0,0,0,130,0,0,0,16,0,90,0,289,127,0,0,0,0,2,17,0,7,0,0,0,0,16,366,0,0,0,0,0,0,0,0,0,0,0,0,0,67,105,55,60,51,145,245,94,8,14,31,0,0,0,0,0,0,0,0,0,0,0,0,0,0,0,0,0,0,0,0,0,0,0,0,0,0,0,0,0,0,0,0,0,0,0,0,0,0,0,0,0,0,0,0,0,0,0,0,3,0,0,0,0,0,0,0,0,0,0,0,0,0,1,0,0,0,0,0,0,0,0,0,0,0,0,0,0,0,0,0,0,0,0,0,0,0,0,0,0,0,0,0,0,0,0,0,0,0,0,0,0,0,0,0,0,0,0,0,0,0,0,0,0,0,0,0,0,0,0,0,0,0,0,0,49,43,49,0,61,0,26,0,21,0,278,0,0,0,0,0,0,0,0,0,0,0,0,0,0,0,0,0,0,0,0,0,6,0,0,27,30,0,0,0,0,11,0,0,0,0,0,0,0
0,58,0,0,0,86,0,0,0,0,0,320,0,337,0,0,0,0,0,12,0,0,0,0,0,0,54,14,0,0,0,0,0,0,0,0,0,0,0,0,67,0,23,26,84,19,220,229,43,220,0,11,0,0,0,0,0,0,0,0,0,0,0,0,0,0,0,0,0,0,0,0,0,0,0,0,0,0,0,0,0,0,0,0,0,0,0,0,0,0,0,0,0,0,0,0,0,0,0,0,0,0,0,0,0,0,0,0,0,0,0,0,0,0,0,0,0,0,0,0,0,0,0,0,0,0,0,0,0,0,0,0,0,0,0,0,0,0,0,0,0,0,0,0,0,0,0,0,0,0,0,0,0,0,0,0,0,0,0,0,0,0,0,0,0,7,0,0,0,0,0,0,0,0,0,0,0,175,0,48,0,41,0,0,0,0,6,3,0,0,0,0,0,0,0,0,0,0,0,0,0,0,0,0,0,0,0,0,0,0,0,0,0,0,0,0,0,0,0,23,0,0,0,0,13
0,0,0,0,0,0,0,0,0,0,19,0,284,68,0,0,16,0,115,12,52,0,0,0,0,0,374,116,70,0,58,0,14,0,11,3,70,0,34,0,105,23,0,0,158,12,55,68,25,0,49,0,0,0,0,0,0,0,0,0,4,0,0,0,0,0,0,0,5,0,33,0,0,0,29,0,0,0,0,0,60,0,0,0,0,0,45,0,0,0,0,0,0,0,0,0,0,0,108,0,0,0,0,0,0,0,0,0,0,0,0,0,0,0,0,0,0,0,0,0,0,0,0,0,1,0,0,0,0,0,0,0,0,0,0,0,0,0,0,0,0,0,0,0,0,0,0,0,0,0,0,0,0,0,3,0,1,0,0,0,0,0,15,0,34,0,31,0,0,0,10,0,20,0,0,0,51,6,11,0,23,0,11,0,0,0,207,0,0,0,0,0,0,0,0,0,0,0,0,0,0,0,0,0,0,0,0,0,0,0,11,62,133,17,7,0,0,21,0,0,0,0,0,0,0
0,0,0,0,0,0,0,0,0,0,0,0,78,242,4,49,0,14,0,61,8,135,0,65,0,0,126,378,0,17,0,14,0,22,0,38,0,138,0,8,55,26,0,0,12,81,0,71,0,24,0,69,0,0,0,0,0,0,0,0,0,0,0,14,0,0,0,0,0,0,0,54,0,0,0,97,0,8,0,9,0,383,0,0,0,0,0,0,0,0,0,0,0,0,0,0,0,0,0,68,0,0,0,0,0,0,0,0,0,0,0,0,0,0,0,0,0,0,0,0,0,252,0,0,0,0,0,0,0,0,0,0,1,0,0,0,0,0,0,0,0,180,0,240,0,127,0,0,0,0,0,0,0,0,0,9,0,0,0,0,0,0,0,7,0,45,0,39,0,76,0,0,0,31,0,0,0,117,0,6,0,6,0,0,0,0,10,11,0,0,0,0,0,0,0,0,0,0,0,0,0,0,0,0,0,0,0,0,0,0,0,0,0,0,20,0,0,0,81,120,236,10,0,0,0
14,0,63,0,78,0,0,0,0,0,43,0,131,27,70,0,52,0,73,0,78,0,113,0,9,0,176,67,0,0,9,0,3,0,10,0,69,0,4,0,60,84,158,12,0,24,133,123,126,8,44,3,0,0,0,0,0,0,0,0,0,0,0,0,3,0,0,0,17,0,83,0,0,0,94,0,24,0,0,0,0,0,134,0,202,0,0,0,0,0,0,0,141,0,0,0,0,0,411,0,129,0,71,0,0,0,130,0,0,0,0,0,0,0,0,0,2,0,0,0,127,0,0,0,0,1,0,0,0,0,0,0,0,0,34,0,0,0,0,0,0,0,0,0,0,0,0,0,0,0,0,0,0,0,1,0,0,0,0,0,0,0,14,0,181,0,55,0,86,0,17,0,28,0,0,0,38,10,18,0,33,0,13,0,19,0,41,0,0,0,0,0,0,0,0,0,0,0,0,0,0,0,0,0,0,0,0,0,18,0,35,109,225,19,17,0,0,41,0,0,0,0,0,0,0
0,0,0,0,0,0,0,0,0,0,3,50,32,71,0,0,0,0,0,175,3,91,0,24,0,0,47,242,0,0,0,0,0,0,0,0,0,12,0,0,51,19,12,81,24,0,90,192,27,189,0,62,0,0,0,0,0,0,0,0,0,3,0,11,0,0,0,0,0,10,0,0,0,0,0,51,0,10,0,0,0,237,0,122,0,92,0,98,0,41,0,0,0,82,0,88,0,0,0,0,0,111,0,71,0,0,0,0,0,0,0,0,0,7,0,0,0,0,0,0,0,0,0,0,0,0,0,0,0,0,0,0,0,0,0,0,0,0,0,0,0,70,0,130,0,63,0,0,0,0,0,0,0,0,0,0,0,0,0,0,0,0,0,6,0,115,0,25,0,173,0,0,0,0,0,0,0,31,0,19,0,49,0,0,0,0,7,9,0,0,0,0,0,0,0,0,0,0,0,0,0,0,0,0,0,0,0,0,0,0,0,0,0,0,24,0,0,0,144,242,403,20,5,0,103
50,0,52,0,229,0,0,0,56,0,103,0,458,120,12,0,2,0,11,0,0,0,25,0,0,0,89,335,0,0,0,0,0,0,0,0,0,0,0,0,145,220,55,0,133,90,0,370,200,6,15,0,0,0,0,0,0,0,0,0,0,0,0,0,0,0,0,0,0,0,3,0,0,0,0,0,0,0,0,0,0,0,0,0,0,0,0,0,0,0,0,0,0,0,0,0,0,0,0,0,0,0,0,0,0,0,0,0,0,0,0,0,0,0,0,0,0,0,0,0,0,0,0,0,0,0,0,0,0,0,0,0,0,0,10,0,0,0,0,0,0,0,4,0,0,0,0,0,0,0,0,0,0,0,2,0,0,0,0,0,0,0,0,0,33,1,0,0,0,0,0,0,0,0,0,0,18,51,18,0,0,0,36,0,31,0,200,0,0,0,0,0,0,0,0,0,0,0,0,0,0,0,0,0,0,0,0,0,0,0,0,200,92,0,0,2,0,76,0,0,0,0,0,0,0
0,74,0,0,0,145,0,0,0,6,0,236,45,166,0,0,0,0,0,56,0,10,0,0,0,0,190,155,0,0,0,0,0,1,0,0,0,0,0,0,245,229,68,71,123,192,370,0,49,136,16,12,0,1,0,0,0,0,0,0,0,0,0,0,0,0,0,0,0,0,0,0,0,0,0,0,0,0,0,0,0,0,0,0,0,0,0,0,0,0,0,0,0,0,0,0,0,0,0,0,0,0,0,0,0,0,0,0,0,0,0,0,0,0,0,0,0,0,0,0,0,0,0,0,0,0,0,3,0,0,0,0,0,0,0,0,0,0,0,0,0,0,0,0,0,0,0,0,0,0,0,0,0,21,0,0,0,0,0,0,0,0,0,0,0,0,0,0,0,0,0,0,0,0,0,0,0,190,0,20,0,43,0,4,0,0,21,16,0,0,0,0,0,0,0,0,0,0,0,0,0,0,0,0,0,0,0,0,0,0,0,0,0,0,0,0,0,0,0,250,32,0,0,0,74
12,0,22,0,13,0,23,0,8,0,19,0,31,0,0,0,0,0,2,0,3,0,5,0,6,0,13,3,0,0,1,0,0,0,0,0,1,0,0,0,94,43,25,0,126,27,200,49,0,40,7,0,3,0,8,0,17,0,10,0,0,0,4,0,1,0,0,0,14,0,0,0,1,0,0,0,0,0,6,0,3,0,41,0,5,0,3,0,27,0,0,0,67,0,37,0,0,0,0,0,23,0,94,1,19,0,0,0,3,0,0,0,0,0,0,0,0,0,0,0,0,0,0,0,2,0,0,0,0,0,11,1,0,1,0,0,0,0,2,0,0,0,0,1,0,0,0,1,0,0,0,0,0,0,1,0,0,0,0,0,8,2,7,0,8,0,2,0,9,0,2,0,15,0,11,0,105,16,68,0,47,0,16,0,12,0,191,0,26,0,5,0,32,0,22,0,0,0,21,0,8,0,29,0,19,0,4,0,5,0,47,65,174,7,51,5,0,11,0,0,10,0,0,0,0
0,0,0,0,0,5,0,0,0,0,0,18,0,27,0,0,0,0,0,5,0,0,0,0,0,0,0,24,0,0,0,0,0,0,0,0,0,0,0,0,8,220,0,24,8,189,6,136,40,0,0,8,0,0,0,1,0,0,0,0,0,0,0,0,0,0,0,0,0,7,0,0,0,0,0,0,0,0,0,0,0,0,0,10,0,0,0,0,0,3,0,0,0,21,0,4,0,0,0,0,0,0,0,12,0,0,0,0,0,0,0,0,0,0,0,0,0,0,0,0,0,0,0,0,0,0,0,0,0,0,0,0,0,0,0,0,0,0,0,0,0,0,0,0,0,0,0,0,0,2,0,7,0,0,0,0,0,0,0,0,0,0,0,0,0,17,0,1,0,10,0,2,0,0,0,0,0,45,0,8,2,0,0,0,1,0,15,50,0,0,0,0,0,0,0,1,0,0,0,0,0,0,0,0,0,0,0,0,0,0,0,1,0,0,0,0,0,4,2,7,35,0,0,0,16
7,0,0,0,140,0,0,0,0,0,0,0,248,30,32,0,12,0,227,0,31,0,0,0,0,0,250,46,9,0,8,0,6,0,40,0,47,0,4,0,14,0,49,0,44,0,15,16,7,0,0,0,0,0,0,0,0,0,15,0,0,0,0,0,0,0,0,0,8,0,35,0,0,0,0,0,7,0,0,0,52,0,0,0,39,0,0,0,0,0,0,0,62,0,69,0,0,0,0,0,40,0,0,0,15,0,0,0,2,0,0,0,0,0,0,0,0,0,0,0,29,0,0,0,0,0,0,0,0,0,0,0,0,0,0,0,0,0,0,0,0,0,0,0,40,0,0,0,0,0,0,0,0,0,0,0,0,0,0,0,0,0,15,0,49,0,57,0,158,0,23,0,59,0,0,0,40,0,9,0,11,0,5,0,0,0,37,0,0,0,0,0,0,0,40,0,0,0,0,0,0,0,0,0,0,0,0,0,0,0,37,27,83,15,9,0,5,1,0,0,0,0,0,0,0
0,0,0,0,0,90,0,4,0,0,0,9,74,265,0,8,0,0,34,117,0,53,0,7,0,0,74,362,0,19,0,4,0,9,0,34,0,95,0,8,31,11,0,69,3,62,0,12,0,8,0,0,0,0,0,0,0,0,0,0,0,1,0,4,0,0,0,0,0,2,0,26,0,5,0,34,0,0,0,7,0,143,0,0,0,0,0,0,0,0,0,0,0,26,0,0,0,0,0,0,0,48,0,33,0,0,0,0,0,0,0,0,0,2,0,0,0,0,0,0,0,104,0,0,0,0,0,0,0,0,0,0,0,0,0,0,0,19,0,0,0,55,0,83,0,61,0,0,0,0,0,0,0,2,0,0,0,0,0,0,0,0,0,13,0,20,0,22,0,154,0,16,0,53,0,0,1,69,1,0,0,6,0,0,0,0,5,7,0,0,0,0,0,0,0,19,0,3,0,0,0,0,0,0,0,0,0,0,0,0,0,0,0,0,9,0,0,0,63,49,109,6,0,4,0
0,0,0,1,0,0,49,12,46,44,0,0,0,0,0,0,165,0,20,0,47,0,21,0,101,4,31,0,9,0,0,0,6,0,0,0,2,0,3,0,0,0,0,0,0,0,0,0,3,0,0,0,0,8,67,27,72,6,145,80,35,2,77,2,13,0,10,46,0,0,0,0,0,0,0,0,0,0,0,0,9,0,0,0,41,0,0,0,0,0,0,0,5,0,0,0,34,0,0,0,0,0,0,0,0,0,9,0,0,0,0,0,0,0,0,0,0,0,0,0,0,0,8,0,0,0,0,0,118,0,8,0,8,0,8,0,74,0,210,0,27,0,133,0,51,0,1,0,1,0,0,0,0,0,145,1,114,1,93,0,21,0,0,0,0,0,0,0,6,0,145,0,10,0,0,0,7,1,0,0,0,0,0,0,3,1,0,0,0,0,0,0,0,0,0,0,0,0,0,0,12,0,0,0,0,0,0,0,0,0,100,146,119,176,127,0,33,0,4,0,0,0,0,0,0
0,0,0,1,0,0,8,24,36,76,0,0,0,0,0,0,0,82,0,0,0,26,0,47,3,22,0,13,0,15,0,0,0,0,0,0,0,0,0,2,0,0,0,0,0,0,0,1,0,0,0,0,8,0,7,70,7,92,56,147,0,15,4,36,3,0,47,22,0,0,0,0,0,0,0,0,0,0,0,0,0,11,0,0,0,25,0,0,0,2,0,0,0,0,0,0,0,20,0,7,0,22,0,0,0,0,0,0,0,0,0,0,0,0,0,0,0,0,0,0,0,1,0,0,0,0,0,0,0,5,0,4,0,8,0,8,0,62,0,78,0,46,0,110,0,26,0,0,0,0,0,0,0,0,6,86,1,95,0,73,0,0,0,1,0,0,0,0,0,0,0,17,0,25,0,1,4,35,0,0,0,0,0,0,0,13,0,0,0,0,0,0,0,0,0,0,0,0,0,0,0,0,0,0,0,0,0,0,0,0,0,0,0,0,26,0,0,0,39,203,44,61,0,0,0
0,4,44,0,0,0,79,16,21,87,0,0,0,0,0,0,9,0,0,0,0,0,68,0,102,5,0,0,0,0,2,0,0,0,0,0,0,0,0,0,0,0,0,0,0,0,0,0,8,0,0,0,67,7,0,24,38,0,41,33,77,0,23,19,13,0,7,44,0,0,0,0,0,0,0,0,1,0,2,0,1,0,0,0,0,0,0,0,0,0,0,0,0,0,0,0,9,0,0,0,0,0,0,0,1,0,0,0,0,0,0,0,0,0,0,0,0,0,0,0,0,0,0,0,0,0,6,0,51,0,0,0,0,0,76,0,56,0,17,0,0,0,83,0,0,0,0,0,0,0,0,0,0,0,6,0,27,0,20,0,5,0,6,0,0,0,0,0,10,0,221,0,0,0,0,0,7,0,0,0,0,0,0,6,3,0,0,0,0,0,0,0,0,0,0,0,0,0,0,0,17,0,0,0,0,0,0,0,25,0,280,70,181,246,294,0,55,0,0,0,0,0,0,0,0
0,14,0,54,0,16,26,138,146,62,0,7,0,0,0,13,0,4,0,0,0,9,0,21,14,74,0,0,0,6,0,0,0,0,0,0,0,0,0,0,0,0,0,0,0,0,0,0,0,1,0,0,27,70,24,0,0,33,87,179,0,54,10,106,0,0,76,2,0,1,0,0,0,0,1,0,0,0,0,0,0,9,0,0,0,21,0,0,1,0,0,4,0,0,0,0,0,8,0,0,0,0,0,0,0,0,0,0,0,0,0,0,0,0,0,0,0,0,0,0,0,0,0,0,0,0,0,11,0,0,0,26,0,0,0,72,0,114,0,23,0,19,0,45,1,0,2,0,12,0,0,0,0,0,2,26,0,47,0,27,0,0,0,0,0,11,0,5,0,13,0,71,0,88,0,1,7,5,0,0,0,0,0,0,8,4,0,0,0,0,0,0,0,0,0,0,0,0,0,0,0,9,0,0,0,0,0,0,0,0,0,0,0,0,228,0,0,0,290,106,303,264,0,56,0
0,0,0,0,0,0,0,0,3,0,0,0,0,0,0,0,0,0,0,0,4,0,15,0,12,0,0,0,3,0,0,0,0,0,0,0,0,0,0,0,0,0,0,0,0,0,0,0,17,0,0,0,72,7,38,0,0,14,146,89,15,0,0,0,13,22,43,93,2,0,0,0,0,0,0,0,0,0,0,0,0,0,0,0,0,0,0,0,0,0,0,0,0,0,0,0,0,0,0,0,0,0,0,0,0,0,0,0,0,0,0,0,0,0,0,0,0,0,0,0,0,0,0,0,18,0,44,0,122,0,71,0,8,0,38,0,13,0,32,0,0,0,0,0,28,3,0,0,9,0,16,0,0,0,123,14,135,0,105,10,34,0,32,0,0,0,0,0,34,0,165,0,8,0,10,5,0,0,0,0,17,0,0,0,28,0,0,0,0,0,0,0,0,0,0,0,0,0,0,0,0,0,0,0,0,0,0,0,32,0,368,170,375,526,831,0,67,0,1,2,1,0,0,0,0
0,1,0,4,0,0,0,24,0,3,0,0,0,0,0,0,0,48,0,0,0,0,0,36,0,108,0,0,0,2,0,0,0,0,0,0,0,0,0,0,0,0,0,0,0,0,0,0,0,0,0,0,6,92,0,33,14,0,41,207,0,9,0,22,6,0,19,1,0,6,0,0,0,0,0,0,0,2,0,0,0,0,0,0,0,0,0,0,0,0,0,0,0,2,0,0,0,0,0,0,0,0,0,0,0,0,0,0,0,0,0,0,0,0,0,0,0,0,0,0,0,0,0,0,0,13,0,15,0,47,0,25,0,11,0,40,0,92,0,53,0,29,0,0,0,9,0,0,0,4,0,0,0,0,7,124,4,89,0,59,3,12,0,0,0,10,0,0,0,25,0,251,0,0,0,0,0,0,0,0,0,0,0,0,0,1,0,0,0,0,0,0,0,2,0,0,0,0,0,0,0,0,0,0,0,0,0,0,0,19,1,0,0,0,307,0,0,0,267,69,354,396,31,76,0
3,0,0,0,0,0,2,0,285,72,0,0,0,0,0,0,0,0,0,0,0,0,0,0,0,2,0,0,0,0,2,0,0,0,0,0,0,0,0,0,0,0,0,0,0,0,0,0,10,0,15,0,145,56,41,87,146,41,0,240,111,0,8,19,142,18,135,254,0,0,0,0,0,0,0,0,1,0,0,0,0,0,0,0,0,0,0,0,0,0,0,0,2,0,0,0,0,0,0,0,0,0,0,0,0,0,0,0,0,0,0,0,0,0,0,0,0,0,0,0,0,0,0,0,34,0,53,0,33,0,89,0,8,0,24,0,12,0,0,0,0,0,0,0,2,4,0,0,33,0,18,0,0,0,24,13,176,9,0,8,35,0,14,0,2,0,0,0,19,0,122,0,0,0,7,6,15,0,0,0,0,2,0,0,96,28,0,0,0,0,0,0,0,0,0,0,0,0,0,0,0,0,0,0,0,0,0,0,31,0,567,222,195,353,621,0,45,0,9,0,0,0,0,0,0
0,12,0,4,0,0,0,16,70,35,0,2,0,0,0,2,0,0,0,0,0,0,0,0,0,20,0,0,0,0,0,0,0,0,0,0,0,0,0,0,0,0,0,0,0,0,0,0,0,0,0,0,80,147,33,179,89,207,240,0,0,105,5,60,48,39,196,134,0,10,0,0,0,0,0,0,0,0,0,0,0,0,0,2,0,0,0,0,0,0,0,0,0,1,0,0,0,0,0,0,0,0,0,0,0,0,0,0,0,0,0,0,0,0,0,0,0,0,0,0,0,0,0,0,0,12,0,0,0,6,0,41,0,0,0,11,0,11,3,3,0,0,0,0,9,18,0,0,0,36,0,0,0,0,64,53,29,353,15,59,41,27,0,0,0,17,0,2,0,28,0,176,0,0,0,42,7,12,0,0,0,0,0,0,47,47,0,0,0,0,0,0,0,0,0,0,0,0,0,0,0,0,0,0,0,0,0,0,0,0,0,0,2,0,1163,0,0,0,1230,281,535,792,79,127,0
51,0,25,0,0,0,343,5,196,0,0,0,0,0,0,0,38,0,0,0,0,0,2,0,173,0,0,0,6,0,0,0,0,0,0,0,16,0,1,0,0,0,4,0,0,0,0,0,0,0,0,0,35,0,77,0,15,0,111,0,0,0,75,0,0,0,11,0,0,0,0,0,0,0,3,0,0,0,0,0,0,0,0,0,0,0,0,0,0,0,0,0,0,0,0,0,0,0,2,0,0,0,0,0,0,0,0,0,0,0,0,0,0,0,0,0,0,0,0,0,2,0,0,0,0,0,0,0,0,0,0,0,0,0,0,0,2,0,82,0,41,0,0,0,188,0,0,0,0,0,0,0,0,0,57,0,45,0,10,0,0,0,0,0,1,0,0,0,0,0,111,0,45,0,0,0,48,0,0,0,0,0,28,0,0,0,0,0,0,0,0,0,0,0,0,0,0,0,0,0,0,0,0,0,0,0,0,0,0,0,32,70,30,57,33,0,11,0,0,0,0,0,0,0,0
0,47,0,6,0,0,0,184,14,217,0,0,0,0,0,0,0,16,0,11,0,7,0,0,16,75,0,0,0,0,0,0,0,0,0,0,0,27,0,12,0,0,0,0,0,3,0,0,0,0,0,1,2,15,0,54,0,9,0,105,0,0,0,31,0,0,0,0,0,0,0,0,0,0,0,5,0,0,0,0,0,0,0,0,0,0,0,0,0,0,0,0,0,0,0,0,0,0,0,0,0,0,0,0,0,0,0,0,0,0,0,0,0,0,0,0,0,0,0,0,0,0,0,0,0,0,0,0,0,0,0,0,0,0,0,0,0,0,0,16,0,17,0,15,0,187,0,0,0,0,0,0,0,0,0,9,0,155,0,20,0,0,0,0,0,2,0,4,0,0,0,80,0,51,0,0,0,130,0,0,0,0,0,29,0,0,0,0,0,0,0,0,0,0,0,0,0,0,0,0,0,0,0,0,0,0,0,0,0,0,0,0,0,0,15,0,0,0,7,95,46,32,0,5,0
22,6,25,0,0,0,229,24,134,55,0,0,0,0,0,0,468,1,0,0,111,0,59,0,145,8,0,0,28,0,23,0,0,0,0,0,21,0,22,0,0,0,0,0,0,0,0,0,4,0,0,0,77,4,23,10,0,0,8,5,75,0,0,9,0,0,2,2,0,0,13,0,0,0,0,0,0,0,0,0,0,0,0,0,0,0,0,0,0,0,0,0,0,0,0,0,0,0,0,0,0,0,0,0,0,0,0,0,0,0,0,0,0,0,0,0,0,0,0,0,41,0,36,0,0,0,0,0,26,0,0,0,0,0,0,0,44,0,260,0,139,0,111,0,61,0,0,0,0,0,0,0,0,0,44,0,25,0,25,0,0,0,0,0,0,0,0,0,0,0,68,0,31,0,0,0,11,4,0,0,0,0,19,0,0,0,0,0,0,0,0,0,0,0,0,0,0,0,2,0,0,0,0,0,0,0,0,0,0,0,53,51,88,81,80,0,9,1,0,0,0,0,0,0,0
10,38,0,1,0,0,38,169,82,240,0,0,0,0,0,18,0,234,0,47,0,142,0,68,36,254,0,31,0,54,0,10,0,25,0,7,0,35,0,16,0,0,0,14,0,11,0,0,0,0,0,4,2,36,19,106,0,22,19,60,0,31,9,0,0,1,13,12,0,0,0,0,0,0,0,0,0,0,0,0,0,0,0,0,0,0,0,0,0,0,0,0,0,0,0,0,0,0,0,0,0,3,0,0,0,0,0,0,0,0,0,0,0,0,0,0,0,0,0,0,0,0,0,0,0,0,0,0,0,0,0,0,0,3,0,0,0,0,0,128,0,64,0,33,0,43,0,0,0,0,0,0,0,0,0,38,0,31,0,61,0,0,0,0,0,0,0,0,0,0,0,8,0,19,0,0,19,69,0,0,0,0,0,64,0,0,0,0,0,0,0,0,0,0,0,0,0,0,0,0,0,0,0,0,0,0,0,0,0,0,0,0,0,0,10,0,0,0,21,103,26,26,0,2,0
8,0,7,0,20,0,21,0,202,0,7,0,18,0,0,0,0,0,0,0,0,0,0,0,0,0,0,0,0,0,0,0,0,0,0,0,0,0,0,0,0,0,0,0,3,0,0,0,1,0,0,0,13,3,13,0,13,6,142,48,0,0,0,0,0,62,72,0,0,0,0,0,2,0,0,3,0,0,0,0,0,0,0,0,0,0,0,0,0,0,0,0,0,0,0,0,0,0,0,0,0,2,0,0,0,0,0,0,0,0,0,0,0,0,0,0,0,0,0,0,0,0,0,0,3,0,4,0,0,0,19,27,0,0,3,0,0,0,11,27,0,0,0,0,31,0,9,0,26,26,15,0,1,0,10,30,0,0,3,47,296,0,0,0,0,0,0,0,0,0,0,0,0,0,67,9,0,0,0,0,121,27,0,0,296,0,0,0,0,0,0,0,0,0,0,0,0,0,0,0,0,0,0,0,0,0,0,0,0,0,66,0,0,0,54,0,0,0,2,0,0,0,0,0,0
0,48,0,0,0,33,0,7,0,175,0,7,0,0,0,0,0,0,0,0,0,0,0,0,0,0,0,44,0,0,0,0,0,0,0,0,0,0,0,0,0,0,0,0,0,0,0,0,0,0,0,0,0,0,0,0,22,0,18,39,0,0,0,1,62,0,0,299,0,0,0,18,0,10,8,0,0,0,0,0,0,0,0,0,0,1,0,0,0,0,1,0,0,0,0,0,0,0,0,0,0,0,0,0,0,0,0,0,0,0,0,0,0,0,0,0,0,0,0,0,0,0,0,0,0,0,0,0,0,0,0,94,0,0,0,0,0,0,25,20,0,2,0,0,35,75,5,28,86,246,0,52,0,11,21,7,0,0,27,5,110,303,0,7,0,0,0,0,0,0,0,0,0,0,1,21,0,0,0,0,37,141,0,9,18,86,0,0,0,0,0,0,0,0,0,0,0,0,0,0,0,0,0,0,0,0,0,14,0,39,5,1,0,0,0,0,0,0,81,19,0,0,0,0,0
3,0,0,0,0,0,8,7,114,77,1,0,0,0,0,0,0,0,0,0,2,0,0,0,0,0,0,0,0,0,0,0,0,0,0,0,0,0,0,0,0,0,0,0,0,0,0,0,0,0,0,0,10,47,7,76,43,19,135,196,11,0,2,13,72,0,0,137,0,0,0,1,0,0,0,0,0,0,0,0,0,0,0,0,0,0,0,0,0,0,0,0,0,0,0,0,0,0,0,0,0,0,0,0,0,0,0,0,0,0,0,0,0,0,0,0,0,0,0,0,0,0,0,0,0,0,0,0,0,0,0,0,0,0,0,0,0,0,0,0,0,0,0,0,0,0,0,0,4,0,0,0,0,0,15,9,30,0,1,0,30,0,0,0,0,0,0,0,1,0,8,0,3,0,13,7,71,4,0,0,9,0,0,0,614,32,0,0,0,0,0,0,0,0,0,0,0,0,0,0,0,0,0,0,0,0,0,0,0,0,78,52,13,0,59,0,0,0,2,0,0,0,0,0,0
0,24,0,0,0,0,0,8,58,92,0,0,0,0,0,0,0,0,0,0,0,0,0,0,0,0,0,1,0,0,0,0,0,0,0,0,0,0,0,0,0,0,0,0,0,0,0,0,0,0,0,0,46,22,44,2,93,1,254,134,0,0,2,12,0,299,137,0,0,0,0,0,0,0,0,0,0,0,0,0,0,0,0,0,0,0,0,0,0,0,0,0,0,0,0,0,0,0,0,0,0,0,0,0,0,1,0,0,0,0,0,0,0,0,0,0,0,0,0,0,0,0,0,0,0,7,0,0,0,0,0,21,0,0,0,0,0,0,0,0,0,0,0,0,0,0,0,11,0,67,0,3,0,1,72,7,7,32,18,0,35,31,0,0,0,0,0,0,0,0,0,7,0,0,5,87,9,27,0,0,0,0,0,0,33,334,0,0,0,0,0,0,0,0,0,0,0,0,0,0,0,0,0,0,0,0,0,0,0,11,0,0,0,2,135,0,0,0,147,127,16,0,0,0,0
0,0,0,0,0,0,2,0,0,0,0,0,0,0,0,0,0,0,0,0,0,0,0,0,0,0,0,0,0,0,0,0,0,0,0,0,0,0,0,0,0,0,5,0,17,0,0,0,14,0,8,0,0,0,0,0,2,0,0,0,0,0,0,0,0,0,0,0,0,0,0,0,29,0,3,0,57,0,14,0,0,0,10,0,0,0,15,0,5,0,0,0,24,0,11,0,0,0,12,0,10,0,182,0,0,0,29,0,122,0,56,0,0,0,5,0,7,0,0,0,0,0,0,0,0,0,0,0,0,0,0,0,0,0,0,0,0,0,0,0,0,0,0,0,0,0,0,0,0,0,0,0,0,0,0,0,0,0,1,0,0,0,0,0,46,0,0,0,115,0,2,0,2,0,0,0,0,0,0,0,0,0,0,0,0,0,0,0,41,0,0,0,39,0,21,0,0,0,0,0,16,0,0,0,0,0,0,0,0,0,86,14,67,0,9,50,54,0,0,0,0,0,0,0,0
0,0,0,0,0,0,0,1,0,0,0,0,0,0,0,0,0,0,0,0,0,0,0,0,0,0,0,4,0,0,0,0,0,0,0,0,0,0,0,0,0,0,0,0,0,10,0,0,0,7,0,2,0,0,0,1,0,6,0,10,0,0,0,0,0,0,0,0,0,0,0,0,0,7,0,0,0,30,0,0,0,0,0,17,0,0,0,20,0,13,0,0,0,2,0,0,0,0,0,0,0,6,0,135,0,0,0,0,0,12,0,5,0,8,0,0,0,0,0,0,0,0,0,0,0,0,0,3,0,0,0,0,0,0,0,5,0,0,0,0,0,0,0,0,0,0,0,0,2,0,0,0,0,0,0,0,0,0,0,0,0,0,0,0,0,13,0,0,0,36,0,0,0,2,0,2,0,0,0,0,0,0,0,0,0,1,0,0,0,28,0,0,0,0,0,18,0,0,0,15,0,0,0,15,0,16,0,0,0,0,0,0,1,0,4,0,0,0,7,11,56,0,26,19,3
0,0,0,0,0,0,0,0,0,0,0,0,0,0,0,0,26,0,0,0,66,0,0,0,0,0,55,0,38,0,33,0,11,0,32,0,64,0,0,0,0,0,33,0,83,0,3,0,0,0,35,0,0,0,0,0,0,0,0,0,0,0,13,0,0,0,0,0,0,0,0,0,235,0,254,0,17,0,249,0,0,0,0,0,6,0,36,0,0,0,0,0,0,0,0,0,0,0,17,0,0,5,0,0,0,0,0,0,0,0,0,0,0,0,0,0,0,0,0,0,33,0,8,0,21,16,31,7,20,0,59,0,0,0,0,0,15,0,26,8,44,0,35,0,112,0,34,0,52,27,67,0,23,0,0,0,9,0,1,0,0,0,56,0,0,0,32,0,61,0,24,0,46,0,71,0,0,0,0,0,93,18,0,0,29,2,0,0,0,0,0,0,0,0,0,0,0,0,0,0,0,0,0,0,0,0,0,0,54,0,14,2,57,0,0,1,0,0,0,0,0,0,0,0,0
0,0,0,0,0,0,0,0,0,0,0,0,0,0,0,0,0,0,0,0,0,34,0,0,0,1,0,0,0,0,0,0,0,0,0,0,0,0,0,0,0,0,0,54,0,0,0,0,0,0,0,26,0,0,0,0,0,0,0,0,0,0,0,0,0,18,1,0,0,0,0,0,0,95,0,210,0,74,0,6,0,0,0,23,0,2,0,72,0,0,0,0,0,0,0,0,0,0,0,1,0,0,0,0,0,0,0,0,0,0,0,0,0,0,0,0,0,0,0,0,0,5,0,0,0,84,0,158,0,39,0,83,0,48,0,0,0,51,0,25,0,27,0,10,3,111,0,0,0,122,0,0,0,28,0,0,0,0,0,9,0,12,0,45,0,0,0,23,0,21,0,12,0,22,0,40,0,0,0,0,0,78,0,0,0,16,0,0,0,0,0,0,0,0,0,0,0,0,0,0,0,0,0,0,0,0,0,0,0,0,0,0,0,0,0,0,0,0,24,0,29,2,0,0,0
0,0,0,0,0,0,0,0,0,0,0,0,0,0,0,0,0,0,0,0,0,0,0,0,0,0,0,0,0,0,0,0,0,0,0,0,4,0,0,0,0,0,0,0,0,0,0,0,1,0,0,0,0,0,0,0,0,0,0,0,0,0,0,0,2,0,0,0,29,0,235,0,0,0,115,0,120,0,265,0,0,0,80,0,10,0,11,0,0,0,0,0,37,0,5,0,0,0,1,0,0,0,13,0,0,0,0,0,3,0,0,0,0,0,0,0,1,0,0,0,40,0,7,0,30,0,52,0,0,0,22,0,0,0,50,0,14,0,11,0,28,0,38,0,30,0,42,0,6,0,103,0,14,0,0,0,0,0,0,0,0,0,79,0,6,0,0,0,41,0,7,0,0,0,14,0,1,0,0,0,72,0,0,0,0,0,0,0,21,0,0,0,0,0,0,0,0,0,110,0,44,0,0,0,0,0,0,0,114,0,324,3,51,0,44,2,2,0,0,0,4,0,0,0,0
0,0,0,0,0,0,0,0,0,0,0,0,0,0,0,0,0,0,0,0,0,0,0,0,0,0,0,0,0,0,0,0,0,0,0,0,0,0,0,0,0,0,0,0,0,0,0,0,0,0,0,5,0,0,0,0,0,0,0,0,0,0,0,0,0,10,0,0,0,7,0,95,0,0,0,243,0,201,0,27,0,15,0,85,0,8,0,146,0,9,0,0,0,14,0,0,0,5,0,0,0,3,1,6,0,0,0,0,0,0,0,0,0,0,0,0,0,0,0,0,0,14,0,8,0,122,0,0,0,55,0,73,0,0,0,59,0,48,0,39,0,25,0,0,0,53,0,0,0,86,0,47,3,32,0,0,0,0,0,0,0,0,0,88,0,0,0,5,0,45,0,5,0,7,0,32,0,0,0,0,0,54,0,0,0,3,0,0,0,0,0,0,0,0,0,10,0,0,0,0,0,0,0,0,0,32,1,0,0,0,0,0,0,0,14,0,0,0,131,0,13,0,0,0,0
0,0,0,0,0,0,0,0,0,0,0,0,0,0,0,0,36,0,0,0,71,0,0,0,0,0,46,0,55,0,25,0,0,0,19,0,79,0,0,0,0,0,29,0,94,0,0,0,0,0,0,0,0,0,0,1,0,0,0,0,3,0,0,0,0,8,0,0,3,0,254,0,115,0,0,0,20,0,229,0,13,0,33,0,65,0,49,0,0,0,0,0,0,0,8,0,0,0,8,2,3,0,0,0,0,0,0,0,0,0,0,0,0,0,0,0,0,0,0,0,108,0,31,0,17,19,0,0,17,0,33,0,0,0,57,0,10,0,24,7,61,0,127,0,125,2,0,7,0,29,50,0,0,4,0,0,0,0,0,0,0,0,21,3,0,0,0,0,16,0,19,0,39,0,58,0,0,0,0,0,64,13,0,0,51,0,0,0,0,0,0,0,0,0,0,0,12,0,129,0,56,0,0,0,22,0,0,0,94,0,25,0,0,0,0,0,0,0,0,0,0,3,0,0,0
0,0,0,0,0,0,0,0,0,0,0,0,0,0,0,0,0,1,0,0,0,0,0,0,0,0,0,0,0,0,0,10,0,8,0,10,0,27,0,0,0,0,0,97,0,51,0,0,0,0,0,34,0,0,0,0,0,0,0,0,0,5,0,0,3,0,0,0,0,0,0,210,0,243,0,0,0,84,1,25,0,0,0,24,0,22,0,145,0,0,0,0,0,0,0,5,0,0,0,0,0,0,0,0,0,0,0,0,0,0,0,0,0,0,0,0,0,0,0,0,0,97,0,22,0,92,0,205,0,0,0,0,0,40,0,245,0,179,0,26,3,96,0,61,0,192,0,0,23,138,0,87,0,43,0,0,0,0,1,0,0,4,0,81,0,0,0,19,0,27,0,16,0,17,0,35,0,0,0,0,13,0,0,0,0,10,0,0,0,0,0,0,0,0,0,0,0,0,0,63,0,46,0,103,0,0,0,0,0,166,0,0,0,0,9,0,0,0,88,0,42,0,0,0,0
0,0,0,0,0,0,0,0,0,0,0,0,0,0,0,0,0,0,0,0,0,0,0,0,0,0,0,0,0,0,0,0,0,0,0,0,0,0,0,0,0,0,0,0,24,0,0,0,0,0,7,0,0,0,1,0,0,0,1,0,0,0,0,0,0,0,0,0,57,0,17,0,120,0,20,0,0,0,39,0,0,0,13,0,0,0,34,0,0,0,0,0,12,0,17,0,0,0,24,0,13,0,138,0,0,0,38,0,43,0,0,0,0,0,2,0,6,0,0,0,18,0,0,0,0,0,0,0,0,0,0,0,0,0,0,0,0,0,0,0,2,0,22,0,0,0,0,0,8,0,0,0,0,0,0,0,0,0,1,0,0,0,0,0,22,0,0,0,28,0,0,0,3,0,0,0,0,0,0,0,0,0,0,0,0,0,0,0,0,0,0,0,0,0,0,0,0,0,0,0,0,0,0,0,0,0,0,0,0,0,47,0,43,0,4,15,4,1,0,0,0,0,0,0,0
0,0,0,0,0,0,0,1,0,0,0,0,0,0,0,0,0,0,0,0,0,0,0,0,0,0,0,0,0,0,0,0,0,0,0,0,0,0,0,0,0,0,0,8,0,10,0,0,0,0,0,0,0,0,0,0,0,2,0,0,0,0,0,0,0,0,0,0,0,30,0,74,0,201,0,84,0,0,0,49,0,40,0,69,0,0,0,116,0,53,0,0,0,68,0,16,0,4,0,0,0,18,0,115,0,0,0,11,0,21,0,0,0,0,0,0,0,1,0,0,0,15,0,8,0,0,0,0,0,0,0,0,0,0,0,0,0,0,0,0,0,0,0,0,0,0,0,0,0,0,0,0,0,0,0,0,0,2,0,1,0,0,0,7,0,0,0,0,0,70,0,0,0,0,0,6,0,0,0,0,0,0,0,0,0,0,0,0,0,85,0,0,0,0,0,57,0,0,0,0,0,51,0,0,0,0,0,0,0,0,0,0,0,0,6,0,0,0,27,17,87,0,4,0,0
0,0,0,0,0,0,0,0,0,0,0,0,0,0,0,0,0,0,0,0,0,0,0,0,0,0,0,0,0,0,0,0,0,0,0,0,0,0,0,0,0,0,0,0,0,0,0,0,6,0,0,0,0,0,2,0,0,0,0,0,0,0,0,0,0,0,0,0,14,0,249,0,265,0,229,1,39,0,0,0,14,0,83,0,53,0,54,0,0,0,0,0,20,0,12,0,14,0,0,0,0,0,49,0,0,0,0,0,28,0,5,0,0,0,0,0,1,0,0,0,104,0,21,0,0,0,0,0,7,0,0,0,0,0,50,0,0,0,5,0,31,0,64,0,20,0,0,0,0,0,0,0,0,0,0,0,0,0,0,0,0,2,10,0,8,0,0,0,38,0,7,0,0,0,0,0,0,0,0,0,0,0,0,0,0,0,0,0,0,0,0,0,0,0,0,0,0,0,0,0,113,0,0,0,91,0,0,0,71,0,295,6,79,2,33,4,6,0,0,0,0,0,0,0,0
