0,194,46,95,67,62,8,0,139,10,134,39,167,0,0,104,17,92,0,0,4,0,5,168,10,110,28,0,93,16,0,0,97,9,0,0,24,0,325,43,0,0,0,0,0,0,19,0,9,0,0,0,11,2,0,0,0,0,1,0,57,0,169,47,12,0,28,0,0,0,0,0,0,0,0,0,0,0,0,0,0,0,0,0,0,0,0,0,0,0,0,0,0,0,0,0,0,0,0,0,0,0,0,0,0,0,0,0,0,0,0,0,0,0,0,0,0,0,0,0,0,0,0,0,4,0,21,0,0,0,4,0,0,0,12,0,0,0,0,0,0,0,0,0,0,0,0,0,13,0,16,0,10,0,0,0,0,0,0,0,8,0,4,0,2,0,0,0,9,0,33,0,169,0,0,0,328,131,9,0,0,0,86,2,20,0,0,0,0,0,0,0,0,0,0,0,0,0,0,0,0,0,0,0,0,0,0,0,44,1,437,90,113,176,260,0,0,0,0,0,0,0,0,0,0
194,0,120,53,22,164,0,87,36,107,9,138,0,138,0,27,60,22,0,65,0,0,97,31,210,31,0,66,11,62,3,0,0,73,0,0,0,165,38,451,0,25,0,0,0,3,0,75,0,16,0,0,8,17,0,22,0,0,0,7,0,178,57,136,0,24,0,0,0,2,0,0,0,0,0,0,0,0,0,0,0,0,0,0,0,2,0,0,0,0,0,0,0,0,0,0,2,0,0,0,0,0,0,0,0,0,0,0,0,0,0,0,0,0,0,0,0,0,0,0,0,0,0,0,0,23,0,63,0,0,0,21,0,10,0,0,0,16,0,0,0,0,0,0,0,0,0,35,0,13,0,36,0,36,0,0,0,0,0,0,0,0,0,3,0,24,0,12,1,47,0,38,34,187,0,11,79,452,0,6,0,28,12,19,0,21,0,0,0,0,0,4,0,0,0,0,0,0,0,0,0,0,0,2,0,0,0,9,0,39,24,6,5,0,527,0,0,0,832,134,226,308,0,6,2
46,120,0,69,256,0,19,0,7,0,23,66,98,0,156,88,91,37,121,0,78,0,168,152,59,0,0,0,276,13,135,0,311,0,0,0,42,10,363,0,0,0,0,0,0,0,0,0,23,0,0,0,0,0,100,1,10,0,0,0,12,0,101,27,49,0,4,0,0,0,0,0,0,0,0,0,0,0,0,0,0,0,0,0,10,0,0,0,0,0,0,0,0,0,0,0,0,0,0,0,0,0,0,0,0,0,0,0,1,0,0,0,0,0,0,0,0,0,0,0,0,2,0,0,23,0,94,0,0,0,61,0,0,0,307,0,28,0,0,0,0,0,76,0,1,0,22,0,75,0,177,0,34,0,1,0,0,0,0,0,8,0,0,0,0,0,20,0,29,1,34,0,250,0,0,0,113,46,1,4,0,0,13,0,20,0,0,0,0,0,0,0,0,0,0,0,0,0,14,0,0,0,0,0,0,0,0,0,372,0,511,86,303,277,375,0,0,0,0,0,0,0,0,0,0
95,53,69,0,0,146,0,62,3,3,0,8,0,35,0,147,25,17,0,145,0,0,63,172,55,82,0,34,0,121,4,0,0,46,0,0,3,62,0,278,0,4,0,0,0,0,0,20,0,7,0,1,0,0,0,28,0,0,0,0,0,21,9,10,0,0,0,0,0,0,0,0,0,0,0,0,0,0,0,0,0,0,0,1,0,0,0,0,0,0,0,0,0,0,0,0,0,0,0,0,0,0,0,0,0,0,0,0,0,0,0,0,0,0,0,0,0,0,0,0,0,0,0,0,0,0,0,23,0,4,0,13,0,10,0,105,0,27,0,5,0,0,0,0,0,0,0,10,0,9,0,21,0,0,0,2,0,0,0,0,0,0,0,3,0,0,0,0,0,34,0,30,0,156,0,0,12,73,0,0,0,0,3,0,0,0,0,0,0,0,0,0,0,0,0,0,0,0,0,0,0,0,0,0,0,0,0,15,0,98,0,0,0,7,249,0,0,0,363,38,206,244,0,0,0
67,22,256,0,0,187,17,0,32,0,99,116,581,95,321,163,50,0,181,212,478,97,75,135,0,0,100,0,0,0,304,0,288,0,138,45,258,0,0,0,96,0,4,0,0,0,106,0,8,0,0,0,28,0,0,0,0,0,0,0,0,0,0,0,58,0,0,0,0,0,0,0,0,0,0,0,0,0,0,0,11,0,0,0,0,0,0,0,0,0,0,0,0,0,0,0,0,0,23,0,0,0,0,0,0,0,0,0,0,0,0,0,0,0,0,0,0,0,1,0,0,0,0,0,0,0,0,0,0,0,0,0,0,0,169,0,10,2,9,0,24,0,0,0,0,0,21,0,75,0,246,0,146,0,11,0,0,0,0,0,0,0,8,0,0,0,91,0,74,0,13,0,139,0,0,0,257,160,60,0,42,0,71,0,166,0,0,0,0,0,0,0,0,0,0,0,0,0,0,0,0,0,0,0,0,0,0,0,198,0,432,221,430,0,189,0,0,0,0,10,0,0,0,0,0
62,164,0,146,187,0,0,49,0,37,102,268,51,160,203,116,0,0,0,282,177,272,163,170,0,13,0,129,0,0,59,97,0,81,0,48,0,45,0,35,0,22,0,0,0,0,0,146,0,5,0,10,0,0,0,12,0,0,0,0,0,0,0,0,0,33,0,0,0,0,0,3,0,0,0,0,0,0,0,0,0,0,0,0,0,0,0,0,0,0,0,0,0,0,0,0,0,0,0,0,0,0,0,0,0,0,0,0,0,0,0,0,0,0,0,0,0,0,0,0,0,0,0,0,0,12,0,76,0,0,0,18,0,23,0,0,0,29,0,7,0,0,0,0,0,0,0,51,0,66,0,86,0,65,0,0,0,0,0,0,0,8,0,0,0,33,0,116,0,0,0,15,17,88,0,0,110,357,8,61,0,25,0,20,0,44,0,0,0,0,0,0,0,0,0,0,0,0,0,0,0,38,0,0,0,0,0,0,0,142,0,0,0,0,177,0,0,0,352,113,384,158,0,0,1
8,0,19,0,17,0,0,0,119,89,15,0,21,0,5,0,29,37,0,0,0,0,5,0,161,146,0,0,0,0,0,0,0,0,0,0,6,0,113,12,0,0,0,0,0,0,1,0,68,0,0,0,110,17,205,20,21,0,17,0,100,0,576,64,16,0,23,0,0,0,0,0,1,0,0,0,0,0,0,0,0,0,0,0,0,0,0,0,0,0,0,0,0,0,0,0,0,0,0,0,0,0,0,0,0,0,0,0,0,0,0,0,0,0,0,0,0,0,0,0,0,0,0,0,27,0,106,0,0,0,104,0,0,0,46,0,0,0,0,0,0,0,0,0,0,0,0,0,50,0,20,0,0,0,0,0,0,0,0,0,17,0,15,0,0,0,0,0,25,0,222,0,125,0,0,0,49,0,1,0,0,0,0,0,0,0,0,0,0,0,0,0,0,0,0,0,0,0,0,0,0,0,0,0,0,0,0,0,139,0,788,76,388,448,868,1,23,2,0,0,0,0,0,0,0
0,87,0,62,0,49,0,0,79,140,0,24,0,0,0,16,0,0,0,14,0,0,0,0,75,372,0,0,0,0,0,2,0,3,0,0,0,0,0,146,0,0,0,0,0,0,0,4,0,5,0,0,29,14,12,156,1,18,0,5,0,157,39,128,0,0,1,0,0,0,0,0,0,0,0,0,0,0,0,0,0,0,0,0,0,0,0,0,0,0,0,0,0,0,0,2,0,0,0,0,0,0,0,0,0,0,0,0,0,0,0,0,0,0,0,0,0,0,0,0,0,0,0,0,0,0,0,10,0,0,0,24,0,11,0,0,0,0,0,0,0,0,0,0,0,0,0,0,0,0,0,0,0,0,0,0,0,0,0,6,0,0,0,0,0,23,0,7,0,57,0,58,0,169,0,0,17,0,0,0,0,0,10,0,0,7,0,0,0,0,0,0,0,0,0,0,0,0,0,0,0,0,0,0,0,0,0,0,0,10,0,0,0,3,766,0,0,0,586,34,382,516,0,46,3
139,36,7,3,32,0,119,79,0,246,12,0,48,0,0,0,6,25,0,0,0,0,0,0,14,206,0,0,0,0,0,0,2,0,0,0,0,0,9,0,0,0,0,0,0,0,13,0,13,0,0,0,182,81,84,152,14,20,82,0,181,0,306,70,149,0,115,32,0,0,0,0,0,0,0,0,0,0,0,0,0,0,0,0,0,0,0,0,0,0,0,0,1,0,0,0,0,0,0,0,0,0,0,0,0,0,0,0,0,0,0,0,0,0,0,0,0,0,0,0,0,0,0,0,37,0,52,0,0,0,57,0,0,0,15,0,0,0,0,0,0,0,0,0,1,0,0,0,81,0,53,0,10,0,0,2,0,0,0,0,22,0,0,0,0,0,0,0,7,0,114,0,30,0,0,0,210,30,3,0,0,0,8,0,248,36,0,0,0,0,0,0,0,0,0,0,0,0,0,0,0,0,0,0,0,0,8,0,67,0,559,54,122,164,466,1,0,0,0,0,0,0,0,0,0
10,107,0,3,0,37,89,140,246,0,0,146,0,42,0,0,0,10,0,30,0,10,0,0,92,41,0,0,0,0,0,0,0,0,0,0,0,0,0,0,0,0,0,0,0,0,0,15,0,0,0,0,120,100,120,194,0,128,0,190,0,214,68,233,0,150,0,93,0,4,0,0,0,0,0,0,0,0,0,0,0,0,0,0,0,0,0,0,0,0,0,0,0,0,0,7,0,0,0,0,0,0,0,0,0,0,0,0,0,0,0,0,0,0,0,0,0,0,0,0,0,0,0,0,0,72,0,153,0,0,0,121,0,0,0,0,0,12,0,0,0,2,0,0,0,0,0,61,0,104,0,70,0,82,3,4,0,52,0,3,0,25,0,1,0,14,0,8,2,41,0,81,0,52,0,0,58,81,0,2,0,0,3,2,15,192,0,0,0,0,0,2,0,0,0,1,0,2,0,4,0,0,0,0,0,0,0,10,0,76,19,8,0,0,1102,0,0,0,1071,63,298,510,0,49,4
134,9,23,0,99,102,15,0,12,0,0,52,249,0,89,94,29,0,27,35,219,17,15,80,0,0,30,0,23,4,179,0,198,10,20,0,82,0,11,0,21,0,0,0,7,0,50,0,4,0,2,0,11,0,1,0,0,0,0,0,0,0,0,0,0,0,0,0,0,0,3,0,0,0,0,0,0,0,0,0,0,0,0,0,0,0,0,0,0,0,0,0,0,0,0,0,0,0,0,0,0,0,0,0,0,0,0,0,0,0,0,0,0,0,0,0,0,0,0,0,0,0,0,0,0,0,0,0,0,0,0,0,0,0,9,0,0,0,0,0,0,0,0,0,0,0,2,0,0,0,32,0,0,0,0,0,2,0,0,0,0,0,0,0,0,0,68,5,26,0,7,0,54,2,0,0,231,79,174,4,62,1,36,0,96,0,0,0,0,0,0,0,0,0,0,0,1,0,0,0,0,0,0,0,0,0,0,0,0,0,320,184,256,74,136,0,0,0,6,0,0,3,0,0,0
39,138,66,8,116,268,0,24,0,146,52,0,12,336,145,12,62,13,14,79,110,96,146,74,8,0,0,110,0,67,39,53,18,130,0,26,19,35,0,57,0,83,0,0,3,8,0,162,0,31,0,6,0,1,0,2,0,0,0,2,0,2,0,0,0,45,0,1,0,0,0,2,0,0,0,0,0,0,0,0,0,0,0,0,0,0,0,0,0,0,0,0,0,0,0,0,0,0,0,0,0,0,0,0,0,0,0,0,0,0,0,0,0,0,0,0,0,0,0,0,0,0,0,0,0,0,0,47,0,0,0,0,0,9,0,32,0,12,0,0,0,0,0,0,0,0,0,41,0,47,0,66,0,77,0,2,0,0,0,0,0,0,0,0,0,0,0,33,0,27,0,0,13,0,0,34,103,501,0,76,0,66,0,43,0,72,0,1,0,0,0,0,0,0,0,0,0,0,0,7,0,18,0,0,0,0,0,15,0,71,0,0,0,0,125,0,0,0,347,73,148,119,0,0,0
167,0,98,0,581,51,21,0,48,0,249,12,0,339,34,38,0,0,167,348,230,98,2,0,0,0,78,271,0,0,46,0,0,0,205,36,69,15,0,0,268,23,33,62,12,48,295,56,19,3,188,38,10,0,0,0,0,0,0,0,0,0,0,0,0,0,1,0,0,0,0,0,0,0,0,0,0,0,0,0,0,0,0,0,0,0,0,0,0,0,0,0,0,0,0,0,0,0,0,0,0,0,0,0,0,0,0,0,0,0,0,0,0,0,0,0,0,0,0,0,0,0,0,0,0,0,0,0,0,0,0,0,0,0,0,0,0,0,0,0,0,0,0,0,0,0,0,0,34,0,0,0,115,0,0,0,3,0,0,0,0,0,0,0,54,0,13,0,62,0,0,0,0,0,41,0,84,176,226,0,91,0,94,0,172,0,136,0,0,0,0,0,0,0,0,0,0,0,0,0,0,0,0,0,0,0,0,0,0,0,75,204,277,0,37,0,0,2,0,0,14,0,0,0,0
0,138,0,35,95,160,0,0,0,42,0,336,339,0,52,0,0,0,460,132,113,72,0,0,0,0,221,91,0,0,0,18,0,0,31,65,0,80,0,0,69,267,13,21,25,9,0,257,2,52,29,117,0,2,0,0,0,0,0,0,0,0,0,0,0,0,0,0,0,0,0,0,0,0,0,2,0,0,0,0,0,0,0,0,0,0,0,0,0,0,0,0,0,0,0,0,0,0,0,0,0,0,0,0,0,0,0,0,0,0,0,0,0,0,0,0,0,0,0,0,0,0,0,0,0,0,0,23,0,0,0,0,0,0,0,0,0,10,0,0,0,0,0,0,0,0,0,28,0,0,0,64,0,0,0,0,0,0,0,0,0,0,0,0,0,40,0,12,0,0,0,0,0,5,0,0,13,540,0,98,0,92,0,70,0,53,66,62,0,0,0,0,0,0,0,0,0,0,0,0,0,0,0,0,0,0,0,0,0,62,0,0,0,0,0,0,0,0,58,67,146,0,0,1,0
0,0,156,0,321,203,5,0,0,0,89,145,34,52,0,194,130,2,243,144,278,94,156,32,50,0,101,0,19,0,96,37,55,5,39,31,43,5,2,0,0,0,0,0,0,0,5,0,3,0,2,0,19,0,129,0,0,0,0,0,14,0,30,0,38,0,0,0,0,0,0,0,0,0,0,0,0,0,0,0,0,0,0,0,135,0,0,0,0,0,0,0,0,0,0,0,166,0,0,0,0,0,0,0,0,0,0,0,0,0,0,0,0,0,0,0,0,0,0,0,0,0,0,0,0,0,0,0,8,0,0,0,0,0,393,0,44,0,0,0,0,0,298,0,5,0,17,0,48,0,178,0,85,0,3,0,2,0,0,0,14,0,0,0,0,0,21,0,0,0,0,0,26,0,0,0,120,65,21,12,17,0,7,0,52,0,0,0,0,0,0,0,0,0,1,0,0,0,0,0,283,0,0,0,0,0,0,0,308,0,87,94,72,34,42,0,0,0,0,0,0,10,0,0,0
104,27,88,147,163,116,0,16,0,0,94,12,38,0,194,0,56,181,26,414,153,550,144,397,43,117,0,83,8,63,37,73,0,65,0,20,0,43,25,52,0,0,0,0,0,0,0,0,0,4,0,0,0,0,0,74,0,8,0,0,0,2,2,61,0,9,0,0,0,0,0,0,0,0,0,0,0,0,0,0,0,162,0,0,0,210,0,0,0,0,0,463,0,0,0,0,0,158,0,342,0,246,0,0,0,0,0,0,0,0,0,0,0,0,0,0,0,0,0,0,0,0,0,0,0,0,0,34,0,37,0,0,0,0,0,937,0,201,0,106,0,17,0,176,0,0,0,0,0,26,0,37,0,0,0,4,0,0,0,0,0,0,0,0,0,21,0,180,0,86,0,25,0,126,0,0,69,154,16,33,0,0,11,1,0,6,0,0,0,0,0,0,0,0,0,0,0,2,0,42,0,306,0,0,0,0,0,0,0,274,0,15,0,0,122,0,0,0,213,79,276,126,0,0,0
17,60,91,25,50,0,29,0,6,0,29,62,0,0,130,56,0,37,286,0,282,0,106,105,93,23,105,0,261,9,106,0,73,0,0,0,9,8,88,12,0,0,0,0,0,0,0,0,0,0,0,0,55,0,22,0,17,0,0,0,0,0,90,14,0,0,0,0,0,0,3,0,0,0,0,0,0,0,0,0,72,0,0,0,511,0,58,0,0,0,182,0,0,0,0,0,493,0,242,0,70,0,0,0,0,0,305,0,0,0,0,0,0,0,0,0,0,0,0,0,15,0,55,0,0,0,0,0,27,0,0,0,0,0,112,0,269,0,68,0,94,0,682,0,1,0,0,0,0,0,0,0,0,0,18,0,0,0,8,0,0,0,0,0,4,0,0,0,0,0,5,0,37,0,0,0,43,28,1,0,0,0,32,0,2,0,0,0,0,0,0,0,0,0,0,0,0,0,0,0,187,0,0,0,0,0,0,0,23,0,35,23,42,39,21,0,0,0,0,0,0,0,0,0,0
92,22,37,17,0,0,37,0,25,10,0,13,0,0,2,181,37,0,0,109,0,154,53,184,78,22,0,45,0,121,0,33,6,7,0,23,0,0,0,148,0,0,0,12,0,0,0,0,0,0,0,2,7,19,0,1,0,12,0,0,0,18,26,206,0,0,0,0,0,0,0,0,0,0,0,0,0,0,0,0,0,104,0,0,0,210,0,0,0,0,0,231,0,0,0,0,0,90,0,224,0,133,0,0,0,0,0,0,0,0,0,0,0,0,0,0,0,0,0,0,0,0,0,0,0,0,0,0,0,50,0,0,0,0,0,450,0,167,0,164,0,58,0,382,0,0,0,0,0,0,0,0,0,0,0,25,0,0,0,0,0,0,0,0,0,0,1,0,0,0,0,3,0,18,0,0,15,39,0,0,0,0,10,2,0,0,0,0,0,0,0,0,0,0,0,0,0,0,0,0,0,89,0,0,0,0,0,0,0,7,0,4,0,0,25,0,0,0,15,14,33,23,0,0,0
0,0,121,0,181,0,0,0,0,0,27,14,167,460,243,26,286,0,0,420,323,121,82,0,0,0,331,261,52,0,40,19,0,0,197,57,44,21,0,0,0,11,25,69,19,27,68,57,4,0,89,57,23,0,0,0,0,0,0,0,0,0,94,0,0,0,0,0,0,0,0,0,0,0,42,0,0,0,0,0,125,0,0,0,283,0,0,2,0,0,0,0,0,0,0,0,0,0,0,0,107,0,0,0,0,0,0,0,0,0,0,0,0,0,1,0,0,0,0,0,33,0,55,0,0,0,0,0,0,0,0,0,0,0,0,0,0,0,0,0,52,0,0,0,0,0,7,0,0,0,0,0,92,0,0,0,0,0,0,0,0,0,0,0,17,0,6,0,55,0,11,0,19,0,0,0,27,136,29,1,34,0,27,0,79,0,22,0,0,0,0,0,0,0,0,0,0,0,0,0,0,0,0,0,0,0,0,0,0,0,151,224,140,0,57,0,2,0,0,0,0,0,0,0,0
0,65,0,145,212,282,0,14,0,30,35,79,348,132,144,414,0,109,420,0,131,506,0,88,0,54,30,408,0,42,77,56,0,0,69,100,0,125,0,0,0,6,6,28,1,56,0,135,0,31,0,96,0,0,0,0,0,0,0,0,0,5,0,34,0,44,0,0,0,0,0,14,0,0,0,28,0,0,0,0,0,395,0,0,0,266,0,0,0,0,0,0,0,0,0,0,0,90,0,405,0,0,0,0,0,0,0,0,0,0,0,0,0,0,0,0,0,0,0,0,0,0,0,0,0,0,0,63,0,0,0,0,0,0,0,325,0,79,0,0,0,68,0,241,0,0,0,0,0,75,0,133,0,110,0,0,0,0,0,0,0,0,0,0,0,35,0,40,0,0,0,9,0,0,0,0,30,179,9,42,0,41,0,22,0,55,0,5,0,0,0,0,0,0,0,0,0,5,0,0,0,0,0,0,0,0,0,61,0,247,0,0,16,0,30,0,0,0,87,100,141,42,0,0,0
4,0,78,0,478,177,0,0,0,0,219,110,230,113,278,153,282,0,323,131,0,81,59,51,41,0,271,50,118,0,86,33,33,10,23,0,21,0,1,0,0,0,35,0,12,7,0,11,0,4,46,9,6,0,17,0,0,0,0,0,5,0,96,0,0,0,0,0,0,0,27,0,0,0,42,0,0,0,0,0,137,0,0,0,295,0,78,0,0,0,143,0,0,0,0,0,371,0,397,0,80,0,0,0,0,0,0,0,0,0,0,0,0,0,0,0,0,0,0,0,35,0,63,0,0,0,0,0,0,0,0,0,0,0,82,0,0,0,15,0,65,0,184,0,24,1,0,0,0,0,0,0,0,0,0,0,0,0,0,0,0,0,0,0,38,2,41,0,66,0,0,0,24,0,0,0,152,66,113,0,0,0,5,0,0,0,7,0,0,0,0,0,0,0,0,0,0,0,0,0,0,0,0,0,0,0,0,0,0,0,80,150,153,0,51,0,0,0,0,7,0,0,0,0,0
0,0,0,0,97,272,0,0,0,10,17,96,98,72,94,550,0,154,121,506,81,0,0,93,0,0,20,229,0,167,29,27,0,1,20,47,0,14,0,0,0,0,0,53,0,26,5,10,0,7,0,54,0,0,0,0,0,0,0,0,0,4,0,35,0,0,0,0,0,1,0,19,0,0,0,12,0,0,0,0,0,0,0,0,0,0,0,0,0,6,0,0,0,0,0,0,0,27,0,189,0,0,0,0,0,0,0,0,0,0,0,0,0,0,0,0,0,0,0,0,0,74,0,0,0,0,0,0,0,0,0,0,0,0,0,0,0,0,0,0,0,132,0,221,0,29,0,0,0,0,0,19,0,0,0,0,0,6,0,0,0,0,0,0,0,24,0,42,0,46,0,5,0,14,0,0,0,116,0,125,0,0,0,0,0,0,0,2,0,0,0,0,0,0,0,0,0,0,0,0,0,0,0,0,0,0,0,0,0,0,0,0,19,0,44,0,0,0,117,235,142,52,0,0,0
5,97,168,63,75,163,5,0,0,0,15,146,2,0,156,144,106,53,82,0,59,0,0,265,33,17,15,0,107,16,48,0,111,28,0,0,38,10,61,26,0,0,0,1,0,0,0,0,5,0,0,1,12,0,171,0,18,0,0,0,0,0,9,6,0,0,0,0,0,0,0,0,0,0,0,0,0,0,0,0,0,0,0,0,93,0,0,0,0,0,36,0,0,0,0,0,93,0,0,0,11,0,0,0,111,0,0,0,0,0,0,0,0,0,0,0,0,0,0,0,0,0,5,0,0,0,0,0,9,0,0,0,0,0,240,0,73,0,0,0,0,0,329,0,0,0,0,0,0,0,40,0,6,0,0,0,0,0,0,0,5,0,0,0,3,0,0,0,20,0,9,0,107,0,0,0,79,50,7,6,0,0,16,0,2,0,0,0,0,0,0,0,0,0,0,0,1,0,13,0,190,0,4,0,0,0,0,0,93,0,128,90,95,68,74,0,0,0,0,0,15,0,0,0,0
168,31,152,172,135,170,0,0,0,0,80,74,0,0,32,397,105,184,0,88,51,93,265,0,55,42,0,20,16,157,31,24,32,13,0,26,0,15,0,91,0,0,0,7,0,7,0,0,0,0,0,0,0,0,0,18,0,0,0,0,0,0,0,78,0,3,0,0,0,0,0,0,0,0,0,8,0,0,0,6,0,172,0,0,0,226,0,47,0,7,0,132,0,0,0,0,0,35,0,205,0,0,0,0,0,0,0,0,0,0,0,0,0,0,0,0,0,0,0,0,0,43,0,0,0,0,0,0,0,30,0,0,0,0,0,320,0,106,0,92,0,44,0,255,0,0,0,0,0,0,0,8,0,0,0,7,0,0,0,0,0,0,0,0,0,6,0,24,1,20,0,5,20,47,0,0,49,148,0,91,0,0,0,0,0,0,0,0,0,0,0,0,0,0,0,0,0,0,0,0,0,91,0,0,0,0,0,0,0,37,33,4,19,9,54,0,0,0,51,57,74,0,0,0,0
10,210,59,55,0,0,161,75,14,92,0,8,0,0,50,43,93,78,0,0,41,0,33,55,0,252,0,0,93,8,8,0,0,0,0,0,0,11,59,27,0,0,0,0,3,0,0,0,5,0,0,0,36,9,155,4,16,0,0,0,13,22,107,115,0,0,0,0,0,0,0,0,3,0,0,0,0,0,0,0,0,0,0,0,43,0,0,0,0,0,0,0,0,0,0,0,41,0,0,0,0,0,0,0,0,0,0,0,0,0,0,0,0,0,0,0,0,0,0,0,0,0,0,0,0,0,0,1,25,0,3,0,0,0,144,0,106,0,14,1,10,0,322,0,0,0,0,0,0,0,4,0,0,1,3,0,0,0,2,0,0,0,0,0,0,0,1,0,0,0,22,1,42,0,0,0,70,46,0,0,0,0,41,0,0,0,0,0,0,0,0,0,0,0,0,0,0,0,0,0,117,0,0,0,0,0,0,0,29,0,54,32,50,67,79,0,0,0,30,0,0,10,0,0,0
110,31,0,82,0,13,146,372,206,41,0,0,0,0,0,117,23,22,0,54,0,0,17,42,252,0,0,0,0,38,0,0,0,0,0,0,0,0,0,148,0,0,0,0,0,0,0,0,0,4,0,0,64,34,37,261,0,43,0,13,0,69,104,195,0,0,0,0,0,0,0,0,0,0,0,0,0,0,0,0,0,0,0,0,0,0,0,0,0,0,0,0,0,0,0,0,0,22,0,0,0,0,0,0,0,0,0,0,0,0,0,0,0,0,0,0,0,0,0,0,0,0,0,0,0,14,0,0,0,55,0,17,0,0,0,406,0,210,0,110,0,14,0,26,0,0,0,0,0,0,0,0,0,0,0,45,0,7,0,41,0,10,0,0,0,12,0,0,0,19,11,30,20,106,0,0,42,94,0,0,0,0,24,10,0,0,0,0,0,0,0,0,0,0,0,0,0,0,0,0,0,78,0,0,0,0,0,0,0,129,44,0,0,0,155,0,0,0,156,34,131,147,0,5,0
28,0,0,0,100,0,0,0,0,0,30,0,78,221,101,0,105,0,331,30,271,20,15,0,0,0,0,499,95,0,50,0,0,0,77,0,89,0,0,0,61,186,224,62,348,148,149,425,24,10,204,27,0,0,0,0,0,0,0,0,12,0,69,0,0,0,0,0,0,0,101,0,30,0,81,0,0,0,0,0,254,0,0,0,300,0,0,0,0,0,0,0,0,0,0,0,477,0,752,0,163,0,0,0,0,0,0,0,0,0,0,0,0,0,0,0,0,0,0,0,63,0,0,0,0,0,0,0,0,0,0,0,0,0,0,0,0,0,0,0,102,0,0,0,83,0,0,0,0,0,41,0,49,0,0,0,0,0,0,0,0,0,0,0,93,0,19,0,0,0,0,0,0,0,0,0,0,90,0,0,0,0,30,0,0,0,109,0,0,0,0,0,0,0,0,0,0,0,0,0,0,0,0,0,0,0,0,0,0,0,67,360,362,38,44,0,2,0,0,0,6,0,0,0,2
0,66,0,34,0,129,0,0,0,0,0,110,271,91,0,83,0,45,261,408,50,229,0,20,0,0,499,0,0,45,0,35,0,0,0,72,2,72,0,0,290,8,26,219,77,421,149,252,8,57,39,289,0,0,0,3,0,0,0,0,0,0,0,30,0,0,0,0,0,7,0,0,0,5,0,19,0,0,0,0,0,0,0,0,0,220,0,0,0,0,0,0,0,0,0,0,0,0,0,0,0,0,0,0,0,0,0,0,0,0,0,0,0,0,0,0,0,0,0,0,0,0,0,0,0,0,0,0,0,0,0,0,0,0,0,0,0,0,0,0,0,132,0,216,0,0,0,0,0,0,0,0,0,0,0,0,0,12,0,0,0,0,0,0,0,167,0,12,0,74,0,0,0,0,0,0,0,85,0,15,0,0,0,13,0,43,58,10,0,0,0,0,0,0,0,0,0,0,0,0,0,0,0,0,0,0,0,0,0,0,0,0,6,0,20,0,0,0,61,450,623,37,0,0,34
93,11,276,0,0,0,0,0,0,0,23,0,0,0,19,8,261,0,52,0,118,0,107,16,93,0,95,0,0,0,66,0,16,0,84,0,31,0,18,0,0,0,52,0,6,0,0,0,0,0,71,0,5,0,0,0,0,0,0,0,0,0,146,1,0,0,0,0,0,0,13,0,3,0,0,0,0,0,0,0,76,0,0,0,118,0,44,0,0,0,25,0,0,0,0,0,130,0,172,0,29,0,0,0,0,0,0,0,0,0,0,0,0,0,0,0,0,0,0,0,11,0,31,0,0,0,0,0,0,0,0,0,0,0,0,0,0,0,32,0,70,0,70,0,13,0,0,0,0,0,0,0,0,0,2,0,0,0,0,0,0,0,0,0,0,0,0,0,0,0,0,0,4,0,0,0,64,0,2,0,0,0,29,0,0,0,0,0,0,0,0,0,0,0,0,0,0,0,0,0,0,0,0,0,0,0,0,0,0,0,16,5,0,7,9,0,0,0,0,0,0,0,0,0,0
16,62,13,121,0,0,0,0,0,0,4,67,0,0,0,63,9,121,0,42,0,167,16,157,8,38,0,45,0,0,0,83,0,27,0,203,0,27,0,19,0,0,0,53,0,0,0,0,0,0,0,37,0,5,0,0,0,0,0,0,0,25,0,66,0,0,0,0,0,0,0,0,0,0,0,0,0,0,0,13,0,104,0,0,0,123,0,0,0,0,0,0,0,0,0,0,0,10,0,72,0,0,0,0,0,0,0,0,0,0,0,0,0,0,0,0,0,0,0,0,0,34,0,0,0,0,0,0,0,0,0,0,0,0,0,38,0,131,0,98,0,278,0,282,0,33,0,0,0,0,0,0,0,0,0,0,0,9,0,17,0,0,0,0,0,0,0,0,0,0,0,0,0,3,0,0,0,35,0,13,0,0,0,0,0,0,0,0,0,0,0,0,0,0,0,0,0,0,0,0,0,0,0,0,0,0,0,0,0,0,0,0,0,0,0,0,0,0,0,0,0,0,0,0,0
0,3,135,4,304,59,0,0,0,0,179,39,46,0,96,37,106,0,40,77,86,29,48,31,8,0,50,0,66,0,0,8,10,6,52,0,62,0,6,0,0,0,34,0,4,0,0,0,0,0,74,0,0,0,10,0,0,0,0,0,0,0,61,0,0,0,0,0,0,0,0,0,0,0,0,0,0,0,0,0,0,0,0,0,90,0,0,0,0,0,0,0,0,0,0,0,0,0,0,0,23,0,0,0,0,0,0,0,0,0,0,0,0,0,0,0,0,0,0,0,0,0,0,0,0,0,0,0,0,0,0,0,0,0,0,0,0,0,0,0,26,0,50,0,11,0,0,0,0,0,0,0,0,0,0,0,0,0,0,0,0,0,1,0,13,0,83,0,43,0,1,0,56,0,0,0,98,17,60,0,0,0,12,0,0,0,0,0,0,0,0,0,0,0,0,0,0,0,0,0,0,0,0,0,0,0,0,0,0,0,102,93,120,55,48,0,0,0,0,0,7,0,0,0,0
0,0,0,0,0,97,0,2,0,0,0,53,0,18,37,73,0,33,19,56,33,27,0,24,0,0,0,35,0,83,8,0,0,1,0,27,3,0,0,8,0,0,1,45,0,0,0,0,0,1,0,31,0,0,0,0,0,1,0,0,0,0,0,29,0,0,0,0,0,0,0,0,0,0,0,6,0,0,0,0,0,0,0,0,0,0,0,0,0,0,0,0,0,0,0,0,0,0,0,0,0,0,0,0,0,0,0,0,0,0,0,0,0,0,0,0,0,0,0,0,0,0,0,0,0,0,0,0,0,0,0,0,0,0,0,0,0,0,0,26,0,85,0,0,0,20,0,0,0,0,0,0,0,0,0,0,0,0,0,0,0,0,0,0,0,9,0,69,0,31,0,5,0,9,0,0,10,72,0,78,0,0,0,3,0,0,0,1,0,0,0,0,0,0,0,0,0,0,0,0,0,0,0,0,0,0,0,0,0,0,0,2,0,0,27,0,0,0,61,80,78,0,0,0,0
97,0,311,0,288,0,0,0,2,0,198,18,0,0,55,0,73,6,0,0,33,0,111,32,0,0,0,0,16,0,10,0,0,5,81,0,367,0,1,0,0,0,24,0,3,0,0,0,0,0,23,0,4,0,0,0,0,0,0,0,4,0,28,0,0,0,0,0,0,0,0,0,0,0,9,0,0,0,0,0,0,0,0,0,35,0,0,0,0,0,0,0,0,0,0,0,47,0,77,0,0,0,0,0,0,0,0,0,0,0,0,0,0,0,0,0,0,0,0,0,0,0,13,0,0,0,0,0,0,0,0,0,0,0,0,0,0,0,101,0,107,0,0,0,48,0,0,0,0,0,0,0,0,0,20,0,20,0,27,0,0,0,0,0,0,0,90,0,21,0,6,0,38,0,0,0,147,0,36,0,0,0,56,0,0,0,0,0,0,0,0,0,0,0,0,0,0,0,0,0,0,0,0,0,0,0,0,0,0,1,76,81,87,36,22,0,0,0,0,0,0,0,0,0,0
9,73,0,46,0,81,0,3,0,0,10,130,0,0,5,65,0,7,0,0,10,1,28,13,0,0,0,0,0,27,6,1,5,0,0,9,0,248,0,2,0,0,0,5,0,0,0,0,0,0,0,5,0,0,0,0,0,0,0,0,0,11,0,23,0,0,0,0,0,0,0,0,0,0,0,0,0,0,0,0,0,0,0,0,0,33,0,0,0,0,0,0,0,0,0,0,0,0,0,0,0,0,0,0,0,0,0,0,0,0,0,0,0,0,0,0,0,0,0,0,0,18,0,0,0,0,0,0,0,0,0,0,0,0,0,0,0,0,0,0,0,81,0,46,0,28,0,0,0,0,0,3,0,0,0,0,0,18,0,0,0,0,0,0,0,0,0,114,0,0,0,8,0,26,0,0,2,104,1,52,0,0,0,0,0,1,0,0,0,0,0,0,0,0,0,0,0,0,0,0,0,0,0,0,0,0,0,0,0,0,0,0,0,0,25,0,0,0,45,27,90,26,0,0,0
0,0,0,0,138,0,0,0,0,0,20,0,205,31,39,0,0,0,197,69,23,20,0,0,0,0,77,0,84,0,52,0,81,0,0,8,274,0,1,0,0,2,32,0,14,0,0,0,0,1,104,0,0,0,0,0,0,0,0,0,2,0,6,0,0,0,0,0,0,0,0,0,0,0,0,0,0,0,0,0,0,0,0,0,0,0,0,0,0,0,0,0,0,0,0,0,0,0,0,0,0,0,0,0,0,0,0,0,0,0,0,0,0,0,0,0,0,0,0,0,0,0,0,0,0,0,0,0,0,0,0,0,0,0,0,0,0,0,0,0,0,0,0,0,0,0,0,0,0,0,0,0,0,0,0,0,0,0,0,0,0,0,0,0,64,0,24,0,69,0,0,0,18,0,0,0,11,9,32,0,0,0,0,0,0,0,18,0,0,0,0,0,0,0,0,0,0,0,0,0,0,0,0,0,0,0,0,0,0,0,31,136,186,0,21,0,0,0,0,0,0,1,0,0,0
0,0,0,0,45,48,0,0,0,0,0,26,36,65,31,20,0,23,57,100,0,47,0,26,0,0,0,72,0,203,0,27,0,9,8,0,0,303,0,9,0,0,0,48,0,31,0,0,0,0,0,70,0,0,0,0,0,0,0,0,0,8,0,18,0,0,0,0,0,0,0,14,0,0,0,0,0,0,0,0,0,0,0,0,0,0,0,0,0,0,0,0,0,0,0,0,0,0,0,0,0,0,0,0,0,0,0,0,0,0,0,0,0,0,0,0,0,0,0,0,0,39,0,10,0,0,0,0,0,0,0,0,0,0,0,0,0,0,0,0,0,98,0,82,0,56,0,0,0,0,0,0,0,0,0,0,0,11,0,0,0,0,0,0,0,84,0,126,0,89,0,0,0,9,0,0,13,73,0,31,0,0,0,0,0,0,0,6,0,0,0,0,0,0,0,0,0,0,0,0,0,0,0,0,0,0,0,0,0,0,0,0,0,0,32,0,0,0,81,224,252,64,0,0,0
24,0,42,3,258,0,6,0,0,0,82,19,69,0,43,0,9,0,44,0,21,0,38,0,0,0,89,2,31,0,62,3,367,0,274,0,0,0,36,0,0,0,98,0,26,0,0,0,2,0,60,0,0,0,0,0,1,0,1,0,27,0,9,0,0,0,0,0,0,0,58,0,12,0,0,0,0,0,0,0,99,0,0,0,62,0,62,0,0,0,0,0,0,0,0,0,35,0,240,0,22,0,0,0,0,0,0,0,0,0,0,0,0,0,0,0,0,0,0,0,0,0,0,0,0,0,0,0,4,0,0,0,0,0,0,0,18,0,48,0,142,0,16,0,111,0,0,0,0,0,0,0,0,0,0,0,19,0,8,0,0,0,19,0,36,0,48,0,69,0,16,0,51,0,0,0,43,0,28,0,0,0,17,0,0,0,4,0,0,0,0,0,0,0,0,0,0,0,0,0,0,0,0,0,0,0,0,0,0,0,32,68,156,18,19,0,0,2,0,0,0,0,0,0,0
0,165,10,62,0,45,0,0,0,0,0,35,15,80,5,43,8,0,21,125,0,14,10,15,11,0,0,72,0,27,0,0,0,248,0,303,0,0,0,21,0,0,0,69,0,13,0,0,0,0,0,58,0,2,0,0,0,0,0,0,0,36,0,63,0,0,0,0,0,0,0,20,0,12,0,20,0,0,0,27,0,78,0,0,0,0,0,0,0,0,0,0,0,0,0,0,0,0,0,0,0,0,0,2,0,0,0,0,0,0,0,0,0,0,0,0,0,0,0,0,0,71,0,0,0,0,0,0,0,0,0,0,0,0,0,0,0,0,0,43,0,173,0,105,0,128,0,0,0,0,0,0,0,0,0,2,0,63,0,0,0,0,0,3,0,45,0,46,0,58,1,0,0,51,0,0,0,67,0,12,0,0,0,0,0,0,0,0,0,11,0,0,0,0,0,0,0,0,0,0,0,0,0,0,0,0,0,2,0,0,0,0,3,0,12,0,0,0,27,49,146,16,0,1,0
325,38,363,0,0,0,113,0,9,0,11,0,0,0,2,25,88,0,0,0,1,0,61,0,59,0,0,0,18,0,6,0,1,0,1,0,36,0,0,0,0,0,0,0,0,0,0,0,0,0,0,0,14,0,0,0,0,0,0,0,9,0,42,0,0,0,0,0,0,0,6,0,0,0,0,0,0,0,4,0,19,0,5,0,0,0,0,0,0,0,6,0,0,0,0,0,0,0,51,0,5,0,0,0,0,0,0,0,0,0,0,0,0,0,0,0,0,0,0,0,7,0,0,0,0,0,0,0,0,0,0,0,0,0,0,0,0,0,39,0,45,0,11,0,38,0,0,0,0,0,0,0,0,0,11,0,24,0,11,0,0,0,0,0,0,0,11,0,0,0,6,0,169,0,0,0,246,21,0,0,0,0,63,0,0,0,0,0,0,0,0,0,0,0,0,0,0,0,0,0,0,0,0,0,0,0,0,0,0,0,8,72,7,0,0,0,0,0,0,0,1,0,0,0,0
43,451,0,278,0,35,12,146,0,0,0,57,0,0,0,52,12,148,0,0,0,0,26,91,27,148,0,0,0,19,0,8,0,2,0,9,0,21,0,0,0,0,0,0,0,0,0,0,0,0,0,0,0,15,0,0,0,0,0,0,0,19,0,93,0,0,0,0,0,0,0,0,0,0,0,0,0,0,0,0,0,0,0,0,0,0,0,0,0,0,0,0,0,0,0,0,0,0,0,0,0,0,0,0,0,0,0,0,0,0,0,0,0,0,0,0,0,0,0,0,0,0,0,0,0,0,0,0,0,0,0,0,0,0,0,0,0,0,0,44,0,63,0,47,0,49,0,0,0,0,0,0,0,0,0,3,0,10,0,17,0,0,0,0,0,0,0,8,0,3,0,0,5,39,0,0,6,90,0,8,0,0,0,29,0,2,0,0,0,0,0,0,0,0,0,0,0,0,0,0,0,0,0,0,0,0,0,0,0,0,8,3,0,0,0,0,0,0,5,25,8,0,0,0,0
0,0,0,0,96,0,0,0,0,0,21,0,268,69,0,0,0,0,0,0,0,0,0,0,0,0,61,290,0,0,0,0,0,0,0,0,0,0,0,0,0,74,24,21,54,101,183,296,58,38,11,0,3,0,0,0,0,0,0,0,0,0,0,0,0,0,0,0,0,0,0,0,0,0,0,0,0,0,0,0,0,0,0,0,0,0,0,0,0,0,0,0,0,0,0,0,0,0,8,0,0,0,0,0,0,0,0,0,0,0,0,0,0,0,0,0,0,0,0,0,0,0,0,0,0,0,0,0,0,0,0,0,0,0,0,0,0,0,0,0,0,0,0,0,0,0,0,0,0,0,0,0,0,0,0,0,0,0,0,0,0,0,0,0,0,0,0,0,12,0,0,0,0,0,0,0,23,112,88,0,0,0,9,0,0,0,187,3,0,0,0,0,0,0,0,0,0,0,0,0,0,0,0,0,0,0,0,0,0,0,0,105,89,0,0,0,0,12,0,0,9,0,0,0,0
0,25,0,4,0,22,0,0,0,0,0,83,23,267,0,0,0,0,11,6,0,0,0,0,0,0,186,8,0,0,0,0,0,0,2,0,0,0,0,0,74,0,9,0,82,35,100,129,11,95,7,0,0,0,0,0,0,0,0,0,0,0,0,0,0,0,0,0,0,1,0,0,0,0,0,0,0,0,0,0,0,0,0,0,0,0,0,0,0,0,0,0,0,0,0,0,0,0,0,0,0,1,0,0,0,0,0,0,0,0,0,0,0,0,0,0,0,0,0,0,0,0,0,0,0,0,0,0,0,0,0,0,0,0,0,0,0,0,0,0,0,0,0,0,0,0,0,0,0,0,0,0,0,0,0,0,0,0,0,0,0,0,0,0,0,3,0,0,0,0,0,0,0,0,0,0,0,255,0,32,0,30,0,0,0,7,21,23,0,0,0,0,0,0,0,0,0,0,0,0,0,0,0,0,0,0,0,0,0,0,0,0,0,0,0,0,0,0,0,10,9,0,0,0,34
0,0,0,0,4,0,0,0,0,0,0,0,33,13,0,0,0,0,25,6,35,0,0,0,0,0,224,26,52,0,34,1,24,0,32,0,98,0,0,0,24,9,0,0,197,0,55,22,25,0,77,0,0,0,0,0,0,0,7,0,7,0,0,0,0,0,0,0,0,0,47,0,15,0,39,0,0,0,0,0,82,0,0,0,0,0,0,0,0,0,32,0,0,0,0,0,90,0,217,0,32,0,0,0,0,0,0,0,0,0,0,0,0,0,0,0,0,0,0,0,0,0,0,0,0,0,0,0,0,0,0,0,0,0,0,0,0,0,0,0,51,0,0,0,45,0,0,0,0,0,0,0,0,0,0,0,0,0,0,0,0,0,21,0,33,0,30,0,13,0,13,0,40,0,0,0,0,0,2,0,0,0,0,0,0,0,42,0,0,0,0,0,0,0,0,0,0,0,0,0,0,0,0,0,0,0,0,0,0,0,44,122,95,0,9,0,0,6,0,0,0,0,0,0,0
0,0,0,0,0,0,0,0,0,0,0,0,62,21,0,0,0,12,69,28,0,53,1,7,0,0,62,219,0,53,0,45,0,5,0,48,0,69,0,0,21,0,0,0,7,188,15,26,1,43,0,45,0,0,0,0,0,0,0,0,0,8,0,0,0,0,0,0,0,0,0,17,0,0,0,30,0,0,0,34,0,129,0,0,0,96,0,63,0,0,0,0,0,0,0,24,0,0,0,54,0,0,0,0,0,0,0,0,0,0,0,0,0,0,0,0,0,0,0,0,0,68,0,17,0,0,0,0,0,0,0,0,0,0,0,0,0,0,0,0,0,93,0,90,0,60,0,0,0,0,0,0,0,0,0,0,0,0,0,0,0,0,0,6,0,55,0,13,0,0,0,19,0,14,0,0,0,31,0,0,0,1,0,0,0,0,14,52,0,0,0,0,0,0,0,0,0,0,0,0,0,0,0,0,0,0,0,0,0,0,0,0,0,0,5,0,0,0,27,121,162,0,0,0,0
0,0,0,0,0,0,0,0,0,0,7,3,12,25,0,0,0,0,19,1,12,0,0,0,3,0,348,77,6,0,4,0,3,0,14,0,26,0,0,0,54,82,197,7,0,85,137,211,135,76,120,0,1,0,0,0,0,0,0,0,8,0,10,0,0,0,5,0,15,0,71,0,16,0,47,0,0,0,20,0,94,0,76,0,94,0,65,0,0,0,46,0,49,0,49,0,131,0,269,0,51,0,0,0,0,0,76,0,0,0,0,0,0,0,0,0,0,0,0,0,0,0,16,0,0,0,0,0,3,0,0,0,1,0,0,0,6,0,0,0,30,0,0,0,40,0,0,0,0,0,0,0,14,0,0,0,0,0,0,0,0,0,28,0,132,3,43,0,113,0,10,0,27,0,0,0,19,66,15,0,24,0,13,0,11,0,80,0,0,0,0,0,0,0,0,0,0,0,0,0,28,0,0,0,0,0,0,0,0,0,63,134,236,32,20,0,5,63,0,8,0,0,0,0,0
0,3,0,0,0,0,0,0,0,0,0,8,48,9,0,0,0,0,27,56,7,26,0,7,0,0,148,421,0,0,0,0,0,0,0,31,0,13,0,0,101,35,0,188,85,0,94,53,18,170,12,123,0,0,0,0,0,0,0,0,0,2,0,8,0,2,0,0,0,31,0,0,0,0,0,15,0,10,0,27,0,151,0,44,0,84,0,53,0,0,0,0,0,25,0,85,0,0,0,71,0,45,0,34,0,0,0,0,0,0,0,1,0,0,0,0,0,0,0,0,0,0,0,0,0,0,0,0,0,0,0,0,0,0,0,20,0,0,0,0,0,37,0,50,0,41,3,0,0,0,0,0,0,0,0,1,0,0,0,0,0,0,0,5,0,301,0,18,0,124,0,14,0,45,0,5,0,46,0,0,0,0,0,2,0,0,47,44,0,0,0,0,0,0,0,0,0,0,0,0,0,0,0,0,0,0,0,0,0,0,0,0,0,0,11,0,0,0,35,113,253,23,13,0,72
19,0,0,0,106,0,1,0,13,0,50,0,295,0,5,0,0,0,68,0,0,5,0,0,0,0,149,149,0,0,0,0,0,0,0,0,0,0,0,0,183,100,55,15,137,94,0,237,176,86,28,0,4,0,0,0,0,0,0,0,0,0,0,0,0,0,0,0,0,1,0,0,0,0,0,0,0,0,0,0,0,0,0,0,0,0,0,0,0,0,0,0,0,0,0,0,0,0,0,0,0,0,0,0,0,0,13,0,0,0,0,0,0,0,0,0,0,0,0,0,0,0,0,0,0,0,0,0,0,0,0,0,0,0,0,0,0,0,0,0,0,0,0,0,0,0,0,0,4,0,0,0,0,0,0,0,0,0,0,0,0,0,0,0,42,1,0,0,22,0,2,0,0,0,0,0,39,81,89,0,0,0,29,0,54,0,123,4,0,0,0,0,0,0,0,0,0,0,0,0,0,0,0,0,0,0,0,0,0,0,17,217,126,0,7,0,0,36,1,0,0,0,0,0,0
0,75,0,20,0,146,0,4,0,15,0,162,56,257,0,0,0,0,57,135,11,10,0,0,0,0,425,252,0,0,0,0,0,0,0,0,0,0,0,0,296,129,22,26,211,53,237,0,42,126,15,0,0,0,0,0,0,0,0,0,0,0,0,0,0,0,0,0,0,0,0,0,0,0,0,0,0,0,0,0,0,0,0,0,0,0,0,0,0,0,0,0,0,0,0,0,0,0,0,0,0,0,0,0,0,0,0,0,0,0,0,0,0,0,0,0,0,0,0,0,0,0,0,0,0,0,0,0,0,0,0,0,0,0,0,0,0,0,0,0,0,0,0,0,0,0,0,0,0,0,0,0,0,0,0,0,0,0,0,0,0,0,0,0,0,0,0,0,0,0,0,0,0,0,0,0,0,169,0,13,0,11,0,20,0,24,60,6,0,0,0,0,0,0,0,5,0,0,0,0,0,0,0,0,0,0,0,0,0,46,0,5,0,0,0,0,0,0,0,161,66,0,0,0,59
9,0,23,0,8,0,68,0,13,0,4,0,19,2,3,0,0,0,4,0,0,0,5,0,5,0,24,8,0,0,0,0,0,0,0,0,2,0,0,0,58,11,25,1,135,18,176,42,0,48,24,1,0,0,6,0,13,0,9,0,2,0,1,0,0,0,0,0,14,0,0,0,0,0,0,0,2,0,7,0,12,0,65,0,0,0,7,0,6,0,0,0,29,0,27,0,8,0,10,0,10,0,30,0,18,0,12,0,0,0,0,0,0,0,0,0,0,0,0,0,0,0,0,0,0,0,0,0,2,0,5,0,0,0,0,0,0,0,0,0,3,0,12,0,0,0,0,0,0,0,2,0,3,0,0,0,0,0,0,0,6,0,11,0,10,3,1,0,65,0,4,0,14,0,4,0,9,20,10,0,0,0,2,0,4,0,39,0,68,0,11,0,45,0,18,0,1,0,6,0,15,0,0,0,0,0,0,0,4,0,30,74,148,11,28,2,2,12,0,1,3,0,0,0,0
0,16,0,7,0,5,0,5,0,0,0,31,3,52,0,4,0,0,0,31,4,7,0,0,0,4,10,57,0,0,0,1,0,0,1,0,0,0,0,0,38,95,0,43,76,170,86,126,48,0,0,21,0,0,0,4,0,6,0,5,0,0,0,2,0,0,0,0,0,11,0,5,0,0,0,0,0,2,0,0,0,58,0,16,0,42,0,22,0,0,0,0,0,8,0,36,0,0,0,0,0,0,0,11,0,0,0,0,0,0,0,0,0,0,0,0,0,0,0,0,0,27,0,0,0,0,0,0,0,0,0,0,0,0,0,0,0,0,0,0,0,0,0,0,0,0,0,0,0,0,0,7,0,16,0,0,0,0,0,0,0,0,0,2,0,40,0,4,0,16,0,4,0,10,0,0,1,79,0,9,0,12,0,9,0,0,29,22,0,0,0,0,0,0,0,7,0,3,0,0,0,5,0,3,0,0,0,0,0,0,0,3,0,0,3,0,0,0,12,17,44,15,5,0,31
0,0,0,0,0,0,0,0,0,0,2,0,188,29,2,0,0,0,89,0,46,0,0,0,0,0,204,39,71,0,74,0,23,0,104,0,60,0,0,0,11,7,77,0,120,12,28,15,24,0,0,5,0,0,0,0,0,0,4,0,4,0,0,0,0,0,0,0,0,0,21,0,5,0,14,0,0,0,0,0,15,0,0,0,0,0,12,0,11,0,0,0,0,0,0,0,0,0,0,0,0,0,0,0,0,0,0,0,0,0,0,0,0,0,0,0,0,0,0,0,0,0,0,0,0,0,0,0,0,0,0,0,0,0,5,0,0,0,0,0,0,0,0,0,22,0,0,0,0,0,0,0,0,0,0,0,0,0,0,0,0,0,0,0,73,0,18,0,120,0,9,0,39,0,0,0,0,0,0,0,0,0,0,0,0,0,28,0,0,0,0,0,0,0,0,0,0,0,0,0,0,0,0,0,0,0,0,0,0,0,24,85,129,66,9,0,3,0,1,0,0,0,0,0,0
0,0,0,1,0,10,0,0,0,0,0,6,38,117,0,0,0,2,57,96,9,54,1,0,0,0,27,289,0,37,0,31,0,5,0,70,0,58,0,0,0,0,0,45,0,123,0,0,1,21,5,0,0,0,0,0,0,0,0,0,0,9,0,3,0,0,0,0,0,5,0,12,0,9,0,0,0,0,0,0,0,119,0,0,0,0,0,34,0,0,0,0,0,6,0,32,0,0,0,53,0,0,0,0,0,0,0,0,0,0,0,0,0,0,0,0,0,0,0,0,0,71,0,12,0,0,0,0,0,0,0,0,0,0,0,0,0,0,0,0,0,56,0,69,0,41,0,0,0,0,0,0,0,4,0,0,0,6,0,0,0,0,0,3,0,63,0,12,0,85,0,18,0,20,0,0,0,32,0,0,0,0,0,0,0,0,9,65,0,0,0,0,0,0,0,13,0,0,0,0,0,8,0,0,0,0,0,0,0,0,0,0,0,0,0,0,0,0,25,39,119,13,4,0,2
11,8,0,0,28,0,110,29,182,120,11,0,10,0,19,0,55,7,23,0,6,0,12,0,36,64,0,0,5,0,0,0,4,0,0,0,0,0,14,0,3,0,0,0,1,0,4,0,0,0,0,0,0,32,66,77,92,11,52,31,76,0,69,32,0,0,9,83,0,0,0,0,0,0,0,0,0,0,0,0,0,0,0,0,100,0,8,0,0,0,0,0,0,0,0,0,67,0,53,0,16,0,0,0,4,0,17,0,0,0,0,0,0,0,0,0,0,0,0,0,9,0,22,0,0,0,6,0,54,0,9,1,8,0,6,0,198,0,188,0,105,0,126,0,13,0,0,0,2,0,0,0,0,0,284,0,105,0,42,1,6,0,13,0,0,0,0,0,6,0,12,2,2,0,2,6,118,0,1,0,0,0,25,0,25,20,0,0,0,0,0,0,0,0,0,0,0,0,0,0,11,0,0,0,0,0,0,0,0,0,6,100,28,20,25,0,0,0,13,3,0,2,0,0,0
2,17,0,0,0,0,17,14,81,100,0,1,0,2,0,0,0,19,0,0,0,0,0,0,9,34,0,0,0,5,0,0,0,0,0,0,0,2,0,15,0,0,0,0,0,0,0,0,0,0,0,0,32,0,62,46,14,67,49,11,3,78,0,83,0,1,46,20,0,0,0,0,0,0,0,0,0,0,0,0,0,0,0,0,0,6,0,0,0,0,0,0,0,0,0,0,0,4,0,0,0,0,0,0,0,0,0,0,0,0,0,0,0,0,0,0,0,0,0,0,0,0,0,0,0,0,0,4,0,25,0,0,0,32,0,72,0,108,1,134,0,22,0,92,0,19,0,0,0,0,1,0,0,0,8,88,0,135,0,176,0,24,0,0,0,0,0,0,0,2,0,7,1,1,0,4,0,10,0,0,0,0,0,0,11,58,0,0,0,0,0,0,0,0,0,0,0,0,0,0,1,0,0,0,0,0,0,0,0,0,6,0,0,0,20,0,0,0,9,14,9,20,0,0,0
0,0,100,0,0,0,205,12,84,120,1,0,0,0,129,0,22,0,0,0,17,0,171,0,155,37,0,0,0,0,10,0,0,0,0,0,0,0,0,0,0,0,0,0,0,0,0,0,6,0,0,0,66,62,0,69,55,8,70,15,16,0,12,28,0,5,5,64,0,0,0,0,0,0,0,0,0,0,0,0,0,0,0,0,7,0,0,0,0,0,0,0,0,0,0,0,13,0,0,0,0,0,0,0,0,0,0,0,0,0,0,0,0,0,0,0,0,0,0,0,0,0,0,0,10,0,0,0,31,0,109,0,0,0,244,0,197,0,2,0,2,0,210,0,0,0,0,0,3,0,0,0,0,0,15,0,0,0,12,0,11,0,16,0,3,0,0,0,28,0,108,4,0,0,0,0,11,0,0,0,0,0,3,0,20,1,0,0,0,0,0,0,0,0,0,0,0,1,0,0,85,0,0,0,0,0,0,0,78,0,160,41,222,280,378,1,80,0,13,7,0,0,0,0,0
0,22,1,28,0,12,20,156,152,194,0,2,0,0,0,74,0,1,0,0,0,0,0,18,4,261,0,3,0,0,0,0,0,0,0,0,0,0,0,0,0,0,0,0,0,0,0,0,0,4,0,0,77,46,69,0,9,91,54,11,5,4,11,48,0,2,60,21,0,4,0,0,0,0,0,0,0,0,0,0,0,0,0,0,0,0,0,0,0,0,0,0,0,1,0,3,0,0,0,0,0,0,0,0,0,0,0,0,0,0,0,0,0,0,0,0,0,0,0,0,0,0,0,0,0,41,0,38,0,21,0,55,0,34,0,47,0,70,1,26,0,0,0,7,0,0,0,0,0,0,0,3,0,0,3,48,0,10,0,33,0,14,0,0,0,2,0,0,0,22,0,111,0,29,0,4,0,1,0,0,0,0,0,0,8,11,0,0,0,0,0,0,0,0,0,0,0,0,0,0,1,0,0,0,0,0,0,0,0,37,5,6,6,0,434,0,0,0,162,31,301,278,1,35,0
0,0,10,0,0,0,21,1,14,0,0,0,0,0,0,0,17,0,0,0,0,0,18,0,16,0,0,0,0,0,0,0,0,0,0,0,1,0,0,0,0,0,0,0,0,0,0,0,13,0,0,0,92,14,55,9,0,13,313,0,0,0,10,0,16,9,27,49,0,0,0,0,0,0,0,0,0,0,0,0,0,0,0,0,0,0,0,0,0,0,0,0,0,0,0,0,0,0,0,0,0,0,0,0,0,0,0,1,0,0,0,0,0,0,0,0,0,0,0,0,0,0,0,0,8,0,5,0,12,0,83,0,0,0,34,0,39,0,20,0,0,0,52,0,25,1,0,0,6,0,0,0,0,0,95,15,22,2,69,9,46,0,68,0,0,0,0,0,25,0,116,0,15,0,7,5,0,0,0,0,0,0,0,0,20,0,0,0,0,0,0,0,0,0,0,0,0,0,0,0,0,0,0,0,0,0,0,0,14,0,176,113,387,351,540,6,88,2,0,0,0,0,0,0,0
0,0,0,0,0,0,0,18,20,128,0,0,0,0,0,8,0,12,0,0,0,0,0,0,0,43,0,0,0,0,0,1,0,0,0,0,0,0,0,0,0,0,0,0,0,0,0,0,0,6,0,0,11,67,8,91,13,0,31,136,0,2,0,24,0,0,33,84,0,3,0,0,0,0,0,0,0,1,0,0,0,0,0,0,0,0,0,0,0,0,0,0,0,0,0,0,0,0,0,1,0,0,0,3,0,0,0,0,0,0,0,0,0,0,0,0,0,0,0,0,0,0,0,0,0,13,0,11,0,21,0,20,0,27,0,44,0,45,8,13,0,6,0,5,0,0,0,0,0,0,0,0,0,0,30,208,3,15,0,256,0,48,0,0,0,0,0,2,0,41,0,202,0,0,0,11,0,1,0,0,0,0,0,0,10,0,0,0,0,0,0,0,0,0,0,0,0,0,0,0,0,0,0,0,0,0,0,0,0,23,3,0,0,0,447,0,0,0,142,45,356,340,0,52,0
1,0,0,0,0,0,17,0,82,0,0,0,0,0,0,0,0,0,0,0,0,0,0,0,0,0,0,0,0,0,0,0,0,0,0,0,1,0,0,0,0,0,7,0,0,0,0,0,9,0,4,0,52,49,70,54,313,31,0,27,19,0,2,5,54,0,119,149,0,0,0,0,0,0,0,0,0,0,0,0,0,0,0,0,0,0,0,0,0,0,0,0,0,0,0,0,0,0,0,0,0,0,0,0,0,0,0,0,0,0,0,0,0,0,0,0,0,0,0,0,0,0,0,0,0,0,0,0,5,0,42,0,0,0,15,0,0,0,8,0,0,0,7,0,28,0,0,0,23,0,0,0,0,0,44,28,121,0,6,6,15,0,0,0,0,0,5,0,34,0,70,0,25,0,16,27,0,0,0,0,0,34,0,0,116,5,0,0,0,0,0,0,0,0,0,0,0,0,0,0,0,0,0,0,0,0,0,0,7,0,678,305,376,567,1150,5,208,0,10,0,0,0,0,0,0
0,7,0,0,0,0,0,5,0,190,0,2,0,0,0,0,0,0,0,0,0,0,0,0,0,13,0,0,0,0,0,0,0,0,0,0,0,0,0,0,0,0,0,0,0,0,0,0,0,5,0,0,31,11,15,11,0,136,27,0,0,0,0,2,0,41,63,248,0,2,0,0,0,2,0,0,0,0,0,0,0,0,0,0,0,0,0,0,0,1,0,0,0,0,0,0,0,0,0,0,0,0,0,0,0,0,0,0,0,0,0,0,0,0,0,0,0,0,0,0,0,0,0,0,0,32,0,29,0,2,0,40,0,14,0,0,0,9,14,2,0,0,0,1,0,3,0,0,0,0,0,0,0,0,48,9,4,34,22,15,0,43,0,14,0,0,0,0,0,26,0,94,0,0,0,36,0,0,0,0,14,75,0,0,0,7,0,0,0,0,0,0,0,0,0,0,0,0,0,0,0,0,0,0,0,0,0,0,0,18,3,0,0,0,1390,0,0,0,468,131,471,654,9,128,0
57,0,12,0,0,0,100,0,181,0,0,0,0,0,14,0,0,0,0,0,5,0,0,0,13,0,12,0,0,0,0,0,4,0,2,0,27,0,9,0,0,0,7,0,8,0,0,0,2,0,4,0,76,3,16,5,0,0,19,0,0,0,63,5,0,0,0,0,0,0,0,0,0,0,0,0,0,0,0,0,0,0,0,0,0,0,0,0,0,0,0,0,0,0,0,0,0,0,0,0,0,0,0,0,0,0,0,0,0,0,0,0,0,0,0,0,0,0,0,0,0,0,1,0,0,0,0,0,0,0,0,0,0,0,0,0,8,0,89,0,85,0,0,0,156,0,0,0,0,0,0,0,0,0,30,0,195,0,12,0,0,0,6,0,0,0,1,0,6,0,157,0,128,0,0,0,114,0,1,0,0,0,35,0,15,0,0,0,0,0,0,0,0,0,0,0,0,0,0,0,0,0,0,0,0,0,0,0,0,0,8,278,36,35,17,0,1,0,0,0,0,0,0,0,0
0,178,0,21,0,0,0,157,0,214,0,2,0,0,0,2,0,18,0,5,0,4,0,0,22,69,0,0,0,25,0,0,0,11,0,8,0,36,0,19,0,0,0,8,0,2,0,0,0,0,0,9,0,78,0,4,0,2,0,0,0,0,10,99,0,0,0,8,0,0,0,0,0,0,0,0,0,0,0,0,0,0,0,0,0,2,0,0,0,0,0,0,0,0,0,0,0,0,0,0,0,0,0,0,0,0,0,0,0,0,0,0,0,0,0,0,0,0,0,0,0,0,0,0,0,0,0,0,0,0,0,0,0,0,0,0,0,5,0,43,0,46,0,0,0,122,0,0,0,0,0,0,0,0,0,8,0,178,0,42,0,0,0,0,0,1,0,2,0,5,2,76,0,45,0,0,6,110,0,0,0,0,0,60,3,55,0,0,0,0,0,0,0,0,0,0,0,0,0,0,0,0,0,0,0,0,0,0,0,0,0,0,0,0,10,0,0,0,0,33,28,0,0,6,0
169,57,101,9,0,0,576,39,306,68,0,0,0,0,30,2,90,26,94,0,96,0,9,0,107,104,69,0,146,0,61,0,28,0,6,0,9,0,42,0,0,0,0,0,10,0,0,0,1,0,0,0,69,0,12,11,10,0,2,0,63,10,0,45,0,0,0,0,0,0,0,0,0,0,17,0,0,0,0,0,95,0,0,0,204,0,0,0,0,0,0,0,0,0,0,0,103,0,112,0,0,0,0,0,0,0,0,0,0,0,0,0,0,0,0,0,0,0,0,0,0,0,80,0,0,0,0,0,22,0,0,0,0,0,0,0,92,0,134,0,140,0,104,0,11,0,0,0,0,0,0,0,0,0,71,0,41,0,42,0,2,0,0,0,0,0,0,0,0,0,10,0,24,0,0,0,301,30,0,0,0,0,88,0,0,7,0,0,0,0,0,0,0,0,0,0,0,0,0,0,5,0,0,0,0,0,0,0,0,0,3,58,8,11,0,0,0,0,0,0,2,0,0,0,0
47,136,27,10,0,0,64,128,70,233,0,0,0,0,0,61,14,206,0,34,0,35,6,78,115,195,0,30,1,66,0,29,0,23,0,18,0,63,0,93,0,0,0,0,0,8,0,0,0,2,0,3,32,83,28,48,0,24,5,2,5,99,45,0,0,0,0,11,0,0,0,0,0,0,0,0,0,0,0,1,0,29,0,0,0,77,0,0,0,0,0,0,0,0,0,0,0,0,0,25,0,0,0,0,0,0,0,0,0,0,0,0,0,0,0,0,0,0,0,0,0,0,0,0,0,0,0,0,0,28,0,0,0,0,0,115,0,223,0,279,0,213,0,299,0,76,0,0,0,0,0,0,0,0,0,66,1,101,0,161,0,7,0,2,0,0,0,0,1,0,0,5,0,1,0,0,20,113,0,0,0,0,0,22,3,35,0,0,0,0,0,0,0,0,0,0,0,0,0,0,0,0,0,0,0,0,0,0,0,0,15,0,0,0,15,0,0,0,9,31,9,5,0,0,0
12,0,49,0,58,0,16,0,149,0,0,0,0,0,38,0,0,0,0,0,0,0,0,0,0,0,0,0,0,0,0,0,0,0,0,0,0,0,0,0,0,0,0,0,0,0,0,0,0,0,0,0,0,0,0,0,16,0,54,0,0,0,0,0,0,0,98,0,0,0,51,0,39,0,17,0,0,0,0,0,0,0,0,0,0,0,0,0,0,0,0,0,3,0,0,0,0,0,0,0,1,0,0,0,0,0,0,0,0,0,0,0,0,0,0,0,0,0,0,0,0,0,0,0,14,0,41,0,0,0,9,0,0,0,0,0,0,0,80,35,46,0,0,0,104,7,22,0,42,30,43,0,11,0,7,9,5,0,0,45,141,70,25,0,0,0,0,0,9,0,0,0,0,0,24,9,0,0,0,0,78,57,10,0,143,0,0,0,0,0,0,0,0,0,0,0,0,0,0,0,0,0,0,0,0,0,0,0,45,0,74,16,29,0,96,0,0,0,0,0,0,0,0,0,0
0,24,0,0,0,33,0,0,0,150,0,45,0,0,0,9,0,0,0,44,0,0,0,3,0,0,0,0,0,0,0,0,0,0,0,0,0,0,0,0,0,0,0,0,0,2,0,0,0,0,0,0,0,1,5,2,9,0,0,41,0,0,0,0,0,0,0,344,0,0,0,11,0,0,0,10,0,0,0,0,0,0,0,0,0,0,0,0,0,0,0,0,0,0,0,0,0,0,0,0,0,0,0,0,0,0,0,0,0,0,0,0,0,0,0,0,0,0,0,0,0,0,0,0,0,28,0,50,14,0,0,45,0,1,0,0,2,1,41,22,0,11,0,0,0,40,0,56,0,137,0,26,0,0,0,7,0,3,0,1,55,142,0,0,0,0,0,0,0,0,0,0,0,0,0,40,0,0,0,0,38,128,0,2,0,54,0,0,0,0,0,0,0,0,0,0,0,0,0,0,0,0,0,0,0,0,0,4,0,15,0,0,0,0,169,0,0,0,108,17,0,0,0,0,0
28,0,4,0,0,0,23,1,115,0,0,0,1,0,0,0,0,0,0,0,0,0,0,0,0,0,0,0,0,0,0,0,0,0,0,0,0,0,0,0,0,0,0,0,5,0,0,0,0,0,0,0,9,46,5,60,27,33,119,63,0,0,0,0,98,0,0,62,0,0,0,0,0,0,0,0,0,0,0,0,1,0,0,0,0,0,0,0,0,0,0,0,0,0,0,0,0,0,0,0,0,0,0,0,0,0,0,0,0,0,0,0,0,0,0,0,0,0,0,0,0,0,0,0,4,0,0,0,0,0,6,0,0,0,0,0,0,0,13,0,0,0,0,0,23,1,0,0,20,0,0,0,1,0,24,23,34,6,0,9,20,0,0,0,0,0,0,0,2,0,0,0,6,0,21,32,2,0,0,0,31,30,5,0,401,3,0,0,0,0,0,0,0,0,0,0,0,0,0,0,0,0,0,0,0,0,0,0,0,0,120,106,35,90,157,0,15,0,5,0,0,0,0,0,0
0,0,0,0,0,0,0,0,32,93,0,1,0,0,0,0,0,0,0,0,0,0,0,0,0,0,0,0,0,0,0,0,0,0,0,0,0,0,0,0,0,0,0,0,0,0,0,0,0,0,0,0,83,20,64,21,49,84,149,248,0,8,0,11,0,344,62,0,0,0,0,0,0,0,0,0,0,0,0,0,0,0,0,0,0,0,0,0,0,0,0,0,0,0,0,0,0,0,0,0,0,0,0,0,0,0,0,0,0,0,0,0,0,0,0,0,0,0,0,0,0,0,0,0,0,15,0,21,0,0,0,68,0,0,0,0,0,0,15,0,0,0,0,0,0,11,0,0,0,40,0,10,0,0,63,8,0,32,0,3,0,32,0,0,0,2,0,0,0,0,2,0,0,0,7,144,0,0,0,0,17,126,0,0,39,180,0,0,0,0,0,0,0,0,0,0,0,0,0,0,0,0,0,0,0,0,0,0,0,7,5,0,0,0,617,0,0,0,363,111,88,224,0,22,1
0,0,0,0,0,0,0,0,0,0,0,0,0,0,0,0,0,0,0,0,0,0,0,0,0,0,0,0,0,0,0,0,0,0,0,0,0,0,0,0,0,0,0,0,15,0,0,0,14,0,0,0,0,0,0,0,0,0,0,0,0,0,0,0,0,0,0,0,0,0,0,0,7,0,2,0,96,0,2,0,5,0,17,0,0,0,7,0,7,0,0,0,29,0,0,0,0,0,0,0,0,0,177,0,34,0,0,0,17,0,25,0,0,0,13,0,1,0,0,0,0,0,0,0,0,2,0,0,0,0,0,0,0,0,0,0,0,2,0,0,0,0,0,0,0,0,0,0,0,0,0,0,0,0,0,0,0,0,0,0,1,0,4,0,13,0,0,0,217,0,12,0,4,0,0,0,0,0,0,0,0,0,0,0,0,0,0,0,0,0,12,0,0,0,0,0,2,0,0,0,0,0,0,0,0,0,0,0,0,0,68,4,123,0,10,39,56,0,0,0,0,0,0,0,0
0,2,0,0,0,0,0,0,0,4,0,0,0,0,0,0,0,0,0,0,0,1,0,0,0,0,0,7,0,0,0,0,0,0,0,0,0,0,0,0,0,1,0,0,0,31,1,0,0,11,0,5,0,0,0,4,0,3,0,2,0,0,0,0,0,0,0,0,0,0,0,0,0,2,0,0,0,95,0,0,0,0,0,52,0,0,0,0,0,4,0,0,0,67,0,13,0,0,0,0,0,5,0,123,0,0,0,0,0,22,0,10,0,0,0,0,0,13,0,0,0,0,0,1,0,0,0,1,0,0,0,2,0,0,0,6,0,0,0,0,0,0,0,0,0,1,0,2,0,0,0,0,0,0,0,0,0,1,0,0,0,4,0,3,0,32,0,0,0,73,0,9,0,1,0,0,0,0,0,0,0,0,0,0,0,1,0,0,0,23,0,4,0,0,0,0,0,3,0,0,0,12,0,0,0,0,0,0,0,0,0,0,0,0,0,0,0,0,56,19,65,0,36,1,11
0,0,0,0,0,0,0,0,0,0,3,0,0,0,0,0,3,0,0,0,27,0,0,0,0,0,101,0,13,0,0,0,0,0,0,0,58,0,6,0,0,0,47,0,71,0,0,0,0,0,21,0,0,0,0,0,0,0,0,0,0,0,0,0,51,0,0,0,0,0,0,0,199,0,177,0,10,0,162,0,7,0,0,0,4,1,22,0,0,0,0,0,0,0,1,2,0,0,0,0,0,0,0,0,0,0,0,0,0,0,0,0,0,0,0,0,0,0,0,0,11,0,32,0,0,0,35,0,13,0,20,0,21,0,55,0,20,0,9,12,140,0,101,2,90,0,0,0,0,11,32,2,0,0,3,0,12,0,2,0,50,18,76,0,0,0,20,0,16,0,24,0,42,0,24,0,0,0,0,0,0,13,0,0,7,0,0,0,0,0,0,0,0,0,0,0,0,1,0,0,0,0,0,0,0,0,0,0,41,2,11,0,0,0,2,0,0,0,0,0,0,0,0,0,0
0,0,0,0,0,3,0,0,0,0,0,2,0,0,0,0,0,0,0,14,0,19,0,0,0,0,0,0,0,0,0,0,0,0,0,14,0,20,0,0,0,0,0,17,0,0,0,0,0,5,0,12,0,0,0,0,0,0,0,0,0,0,0,0,0,11,0,0,0,0,0,0,0,126,0,179,0,8,0,18,0,0,0,0,0,0,0,33,0,0,0,0,0,0,0,0,0,0,0,0,0,0,0,0,0,0,0,0,0,0,0,0,0,0,0,0,0,0,0,0,0,2,0,12,0,117,0,0,2,38,0,84,0,0,0,0,0,30,0,2,0,49,1,14,0,101,0,0,0,51,0,0,0,0,0,0,0,9,0,5,0,26,0,25,0,0,0,11,0,7,0,20,0,19,0,7,0,3,0,5,6,57,0,0,0,0,0,0,0,0,0,0,0,0,0,0,0,0,0,0,0,0,0,0,0,0,0,6,0,20,0,0,0,0,0,0,0,0,13,0,8,0,0,0,0
0,0,0,0,0,0,1,0,0,0,0,0,0,0,0,0,0,0,0,0,0,0,0,0,3,0,30,0,3,0,0,0,0,0,0,0,12,0,0,0,0,0,15,0,16,0,0,0,0,0,5,0,0,0,0,0,0,0,0,0,0,0,0,0,39,0,0,0,7,0,199,0,0,0,155,0,29,0,126,0,0,0,61,0,17,0,1,0,0,0,0,0,2,0,0,0,0,0,0,0,0,0,0,0,0,0,0,0,2,0,0,0,0,0,1,0,0,0,0,0,32,0,13,0,74,0,83,0,30,0,54,0,34,0,143,0,36,0,7,5,41,0,168,0,43,0,24,0,36,0,76,0,12,1,0,0,13,0,0,5,32,0,103,0,1,0,4,0,27,0,8,0,16,0,15,0,0,0,0,0,42,11,0,0,8,0,0,0,13,0,0,0,0,0,0,0,3,0,37,0,65,0,49,0,0,0,0,0,82,0,71,3,22,0,13,0,0,0,0,0,0,0,0,0,0
0,0,0,0,0,0,0,0,0,0,0,0,0,0,0,0,0,0,0,0,0,0,0,0,0,0,0,5,0,0,0,0,0,0,0,0,0,12,0,0,0,0,0,0,0,0,0,0,0,0,0,9,0,0,0,0,0,0,0,2,0,0,0,0,0,0,0,0,0,2,0,126,0,0,0,371,0,36,0,50,0,11,0,36,0,61,0,76,0,0,0,0,0,0,0,0,0,12,0,0,0,0,0,4,0,0,0,0,0,0,0,0,0,0,0,0,0,0,0,0,0,28,0,39,0,93,0,46,0,24,0,48,0,0,0,0,2,39,0,4,0,33,0,49,0,51,0,0,0,0,4,0,0,51,0,0,0,0,0,0,0,13,0,68,0,0,0,0,0,15,0,10,0,6,0,12,0,0,0,0,8,0,0,0,0,1,0,0,0,36,0,0,0,0,0,9,0,0,0,57,0,49,0,76,0,17,0,0,0,58,0,0,0,0,0,0,0,0,49,3,15,0,0,0,0
0,0,0,0,0,0,0,0,0,0,0,0,0,0,0,0,0,0,42,0,42,0,0,0,0,0,81,0,0,0,0,0,9,0,0,0,0,0,0,0,0,0,39,0,47,0,0,0,0,0,14,0,0,0,0,0,0,0,0,0,0,0,17,0,17,0,0,0,2,0,177,0,155,0,0,0,17,0,230,0,17,0,29,0,60,0,48,0,0,0,0,0,8,0,8,0,5,0,23,0,2,1,0,0,0,0,0,0,0,0,0,0,0,0,0,0,0,0,0,0,90,0,116,0,20,0,0,0,0,0,18,0,0,0,66,0,32,0,10,6,101,6,238,0,52,0,9,2,77,0,0,0,15,0,0,0,0,0,0,0,22,0,28,0,0,0,7,0,17,1,8,0,25,0,27,0,0,0,0,0,0,8,5,0,13,0,0,0,0,0,0,0,0,0,0,0,0,0,0,0,0,2,0,0,0,0,0,0,0,0,8,0,2,0,2,0,0,0,0,0,4,0,0,0,0
0,0,0,0,0,0,0,0,0,0,0,0,0,2,0,0,0,0,0,28,0,12,0,8,0,0,0,19,0,0,0,6,0,0,0,0,0,20,0,0,0,0,0,30,0,15,0,0,0,0,0,0,0,0,0,0,0,0,0,0,0,0,0,0,0,10,0,0,0,0,0,179,0,371,0,0,0,25,0,64,0,13,0,0,0,16,0,126,0,0,0,0,0,0,0,3,0,0,0,0,0,0,0,0,0,0,0,0,0,0,0,0,0,0,0,0,0,0,0,0,0,58,0,43,0,85,0,68,0,34,0,35,0,29,0,90,0,63,0,0,0,25,0,51,0,104,0,0,0,60,0,79,0,0,0,0,0,5,0,0,0,12,0,38,0,0,0,11,0,10,0,14,0,12,0,14,0,0,0,0,0,0,0,0,0,0,0,0,0,0,0,2,0,0,1,0,0,0,0,0,0,0,0,0,0,0,3,0,0,59,0,0,0,0,0,0,0,0,31,0,5,0,0,0,0
0,0,0,0,0,0,0,0,0,0,0,0,0,0,0,0,0,0,0,0,0,0,0,0,0,0,0,0,0,0,0,0,0,0,0,0,0,0,0,0,0,0,0,0,0,0,0,0,2,0,0,0,0,0,0,0,0,0,0,0,0,0,0,0,0,0,0,0,96,0,10,0,29,0,17,0,0,0,25,0,0,0,43,0,35,0,9,0,0,0,0,0,66,0,0,0,0,0,0,0,0,0,31,0,0,0,0,0,39,0,4,0,0,0,4,0,6,0,0,0,6,0,0,0,0,3,0,0,0,0,0,0,0,0,0,0,0,0,0,0,0,0,0,0,0,0,0,0,0,0,0,0,0,0,1,0,0,0,0,0,0,0,3,0,10,0,0,0,71,0,1,0,0,0,0,0,0,0,0,0,0,0,0,0,0,0,0,0,0,0,0,0,0,0,0,0,0,0,16,0,39,0,0,0,0,0,0,0,0,0,13,0,26,0,0,4,0,0,0,0,0,0,0,0,0
0,0,0,0,0,0,0,0,0,0,0,0,0,0,0,0,0,0,0,0,0,0,0,0,0,0,0,0,0,0,0,0,0,0,0,0,0,0,0,0,0,0,0,0,0,10,0,0,0,2,0,0,0,0,0,0,0,1,0,0,0,0,0,0,0,0,0,0,0,95,0,8,0,36,0,25,0,0,0,11,0,44,0,142,0,31,0,76,0,0,0,0,0,70,0,57,0,29,0,18,0,8,0,151,0,48,0,22,0,7,0,1,0,0,0,0,0,5,0,0,0,9,0,4,0,0,0,0,0,2,0,0,0,0,0,0,0,4,0,1,0,0,0,0,0,0,0,0,0,0,0,6,0,0,0,0,0,0,0,0,0,0,0,4,0,21,0,0,0,79,0,1,0,0,0,0,0,0,0,0,2,0,0,0,0,0,0,0,0,180,0,0,1,0,0,86,0,17,1,0,0,77,0,68,0,0,0,0,0,22,0,0,0,0,8,0,0,0,47,0,61,2,38,0,1
0,0,0,0,0,0,0,0,0,0,0,0,0,0,0,0,0,0,0,0,0,0,0,0,0,0,0,0,0,0,0,0,0,0,0,0,0,0,4,0,0,0,0,0,20,0,0,0,7,0,0,0,0,0,0,0,0,0,0,0,0,0,0,0,0,0,0,0,2,0,162,0,126,0,230,0,25,0,0,0,7,0,136,0,99,0,35,0,0,0,2,0,37,0,4,0,0,0,0,0,0,0,38,0,0,0,0,0,15,0,0,0,0,0,3,0,1,0,0,0,113,0,66,0,0,0,0,0,0,0,0,2,0,0,94,0,25,0,0,0,42,0,241,0,17,0,7,0,0,0,17,0,0,0,1,0,0,0,0,0,0,0,23,0,0,0,0,0,85,0,0,0,0,0,0,0,0,0,0,0,0,0,0,0,0,0,0,0,0,0,13,0,118,0,24,0,7,0,76,0,176,0,0,0,73,0,0,0,31,0,102,2,75,0,34,4,0,0,0,0,3,0,0,0,0
