0,553,47,134,88,0,11,233,50,57,143,25,167,0,15,58,13,68,0,0,5,0,13,164,0,148,0,0,67,0,0,0,89,0,0,0,72,8,350,0,26,0,0,0,0,0,19,0,3,0,0,0,0,0,3,0,0,0,5,2,64,0,21,0,10,0,6,0,0,0,0,0,0,0,0,0,0,0,0,0,0,0,0,0,0,0,0,0,0,0,0,0,0,0,0,0,0,0,0,0,0,0,0,0,0,0,0,0,0,0,0,0,0,0,0,0,0,0,0,0,0,0,0,0,0,0,16,0,0,0,2,0,0,0,0,0,0,0,0,0,0,0,0,0,0,0,20,0,9,0,19,3,0,0,0,0,0,0,0,0,0,0,0,0,0,0,0,0,39,0,0,0,194,0,0,0,286,137,24,0,0,0,35,0,53,0,0,0,0,0,0,0,0,0,0,0,0,0,0,0,0,0,0,0,0,0,0,0,11,0,885,95,290,0,236,0,0,0,0,0,11,0,0,0,0
553,0,236,44,0,168,111,21,75,37,46,126,0,82,34,44,94,10,0,80,5,34,307,32,254,3,0,274,0,36,0,15,0,206,0,0,1,281,24,360,0,58,0,0,0,0,0,119,0,7,0,0,0,0,0,5,0,0,0,36,0,64,0,40,0,62,0,12,0,0,0,0,0,0,0,0,0,0,0,0,0,0,0,0,0,0,0,0,0,0,0,0,0,0,0,0,0,0,0,0,0,0,0,0,0,0,0,14,0,0,0,0,0,0,0,0,0,0,0,0,0,0,0,0,0,0,0,8,0,0,0,18,0,0,0,23,0,21,0,0,0,0,0,0,0,0,0,15,0,69,0,160,0,76,0,0,0,0,0,0,0,4,0,4,0,21,0,0,0,43,0,23,0,315,0,0,164,320,0,1,0,80,12,9,0,127,0,0,0,0,0,0,0,0,0,3,0,0,0,0,0,11,0,0,0,0,0,16,0,28,0,8,0,0,215,0,0,0,844,103,457,90,12,29,0
47,236,0,73,354,0,33,35,4,0,43,45,102,0,168,102,32,24,96,0,35,0,291,105,46,18,103,0,119,0,0,0,234,9,0,0,92,0,287,0,0,0,0,0,35,0,47,0,7,0,0,0,5,0,69,0,11,0,7,0,10,0,12,2,12,0,0,1,0,0,0,0,0,0,0,0,0,0,0,0,0,0,0,0,0,0,0,0,0,0,0,0,0,0,0,0,0,0,0,0,0,0,0,0,0,0,0,0,0,0,0,0,0,0,0,0,0,0,0,0,0,0,0,0,18,0,51,0,21,0,5,0,0,0,234,0,52,0,0,0,0,0,149,0,0,0,69,0,29,0,143,0,39,0,4,0,0,0,3,0,0,0,0,0,10,0,132,0,56,0,0,0,250,0,0,0,37,51,2,2,11,0,0,0,28,0,0,0,0,0,3,0,0,0,1,0,2,0,67,0,56,0,0,0,0,0,0,0,187,0,489,43,461,94,188,0,2,0,0,1,0,0,0,0,0
134,44,73,0,0,202,0,96,0,1,85,6,0,0,0,499,19,14,0,347,2,118,160,522,0,95,0,131,0,200,0,41,0,368,0,0,0,219,0,322,0,6,0,0,0,0,0,0,0,0,0,0,0,0,0,80,0,0,0,0,0,0,0,0,0,0,0,0,0,0,0,0,0,0,0,0,0,0,0,0,0,0,0,0,0,59,0,0,0,0,0,50,0,0,0,0,0,124,0,0,0,0,0,0,0,0,0,73,0,0,0,0,0,0,0,0,0,0,0,0,0,0,0,0,0,0,0,0,0,4,0,14,0,0,0,199,0,125,0,0,0,0,0,86,0,0,0,0,0,0,0,0,0,0,0,0,0,0,0,0,0,3,0,0,0,17,0,89,0,0,0,0,0,170,0,0,41,28,0,0,0,0,0,0,0,0,0,0,0,0,0,0,0,0,0,0,0,0,0,0,0,68,0,0,0,0,0,0,0,21,0,0,0,0,108,0,0,0,224,18,266,0,0,0,0
88,0,354,0,0,445,13,0,28,0,114,210,321,94,120,392,0,0,174,154,121,63,71,103,0,0,240,0,0,0,104,0,250,19,213,0,144,23,18,0,89,0,0,4,38,0,129,0,10,0,54,0,2,0,5,0,0,0,5,0,0,0,0,0,19,0,0,0,0,0,0,0,0,0,0,0,0,0,0,0,0,0,0,0,0,0,0,0,0,0,0,0,0,0,0,0,0,0,0,0,0,0,0,0,0,0,0,0,0,0,0,0,0,0,0,0,0,0,0,0,0,0,0,0,9,0,40,0,0,0,9,0,0,0,57,0,0,0,0,0,0,0,0,0,0,0,36,0,51,0,136,0,90,0,0,0,5,0,0,0,0,0,0,0,89,0,378,0,308,0,12,0,270,0,0,0,100,82,25,2,127,0,34,0,78,0,0,0,0,0,0,0,0,0,0,0,0,0,0,0,0,0,0,0,0,0,0,0,41,0,659,238,986,210,259,5,6,0,0,0,0,0,0,0,0
0,168,0,202,445,0,0,170,0,14,202,169,232,104,459,239,4,2,202,300,143,390,53,129,0,14,0,501,0,0,23,103,0,202,0,228,0,222,0,0,0,46,0,0,0,0,0,136,0,6,12,76,0,0,1,12,0,0,0,0,0,0,0,0,0,44,0,0,0,0,0,0,0,0,0,0,0,0,0,0,0,0,0,0,0,0,2,0,0,0,0,0,0,0,0,0,0,0,0,0,0,0,0,11,0,0,0,0,0,0,0,0,0,0,0,0,0,0,0,0,0,0,0,0,0,0,0,0,0,0,0,19,0,0,0,208,0,76,0,0,0,0,0,0,0,0,0,0,0,71,0,141,0,38,0,0,0,0,0,0,0,0,0,6,0,54,0,336,0,142,0,0,0,160,0,0,29,281,33,27,0,66,0,1,0,59,0,7,0,0,0,0,0,0,0,0,0,0,0,0,0,89,0,0,0,0,0,0,0,66,0,0,0,0,107,0,0,0,305,110,411,0,14,8,0
11,111,33,0,13,0,0,116,75,284,0,0,7,0,0,1,4,0,0,0,0,0,7,14,192,92,0,0,54,0,1,0,0,0,0,0,0,0,86,0,0,0,0,0,0,0,0,0,0,0,0,0,60,6,80,0,4,0,4,0,216,0,291,33,18,0,30,9,0,0,0,0,0,0,0,0,0,0,0,0,0,0,0,0,0,0,1,0,0,0,0,0,0,0,0,0,0,0,0,0,0,0,0,0,0,0,0,0,0,0,0,0,0,0,0,0,0,0,0,0,0,0,0,0,39,0,57,0,20,0,34,0,12,0,77,0,14,0,1,0,0,0,15,0,0,0,29,0,15,0,25,0,0,0,0,0,0,0,0,0,5,0,0,0,0,0,0,0,20,0,165,0,154,0,0,0,30,25,0,0,0,0,1,0,1,0,0,0,0,0,0,0,0,0,0,0,0,0,0,0,0,0,0,0,0,0,0,0,72,0,639,68,268,219,394,0,22,0,0,0,7,0,0,0,0
233,21,35,96,0,170,116,0,217,16,0,17,0,14,0,54,48,12,0,105,0,34,36,58,193,142,0,129,0,106,0,0,0,61,0,0,0,162,0,561,0,19,0,0,0,0,0,26,0,0,0,0,35,22,20,113,0,24,0,33,0,286,35,219,0,11,0,13,0,0,0,1,0,0,1,0,0,0,0,0,0,0,0,0,0,0,0,0,0,0,0,0,0,0,0,0,0,0,0,8,0,0,0,0,0,9,0,27,0,0,0,0,0,0,0,0,0,0,0,0,0,0,0,0,0,23,0,28,0,0,0,113,0,15,0,102,0,88,0,0,0,0,0,0,0,0,0,17,0,23,0,17,0,5,0,3,0,0,0,10,0,15,0,0,0,12,0,7,0,31,0,24,0,294,0,0,40,29,0,0,0,0,0,4,0,0,0,0,0,0,0,0,0,0,0,0,0,1,0,0,0,36,0,0,0,0,0,0,0,89,0,4,0,0,413,0,0,0,774,44,403,140,0,0,0
50,75,4,0,28,0,75,217,0,772,46,0,59,0,3,0,8,34,11,0,0,0,1,7,27,212,0,0,4,0,0,0,0,0,0,0,0,2,22,0,0,0,0,0,18,0,41,0,4,0,0,0,54,22,12,130,0,0,185,50,184,0,165,101,213,0,160,64,0,0,0,0,0,0,0,0,0,0,0,0,0,0,0,0,0,0,0,0,0,0,0,0,0,0,0,0,0,0,0,0,0,0,0,0,0,0,0,0,0,0,0,0,0,0,0,0,0,0,0,0,0,0,0,0,101,0,62,0,2,0,26,0,0,0,8,0,0,0,0,0,0,0,0,0,0,0,68,0,105,0,110,0,64,0,0,0,6,0,0,0,6,0,0,0,9,0,0,0,9,0,116,0,60,0,12,0,425,74,15,0,32,0,19,0,87,7,0,0,0,0,0,0,0,0,0,0,0,0,3,0,0,0,0,0,0,0,0,0,20,0,344,71,145,88,143,0,0,0,0,0,0,0,0,0,0
57,37,0,1,0,14,284,16,772,0,0,20,1,0,0,0,17,1,0,0,0,0,0,0,281,11,0,15,0,0,0,0,0,0,0,0,0,0,0,0,0,0,0,0,0,3,0,0,0,0,0,0,158,63,176,24,0,2,92,97,0,162,105,187,0,203,105,115,0,0,0,0,0,0,0,0,0,0,0,0,0,0,0,0,0,0,0,0,0,0,0,0,0,0,0,0,0,10,0,0,0,0,0,0,0,0,0,0,0,0,0,0,0,0,0,0,0,0,0,0,0,0,0,0,0,33,0,45,0,0,0,87,0,0,0,42,0,38,0,0,0,3,0,0,0,0,0,43,0,133,0,107,0,18,0,1,0,14,0,0,0,8,0,0,0,0,0,0,1,19,0,25,0,111,0,0,145,229,0,0,0,0,0,11,9,54,0,0,0,0,0,0,0,0,0,0,0,0,0,0,0,0,0,0,0,0,0,15,0,135,0,0,0,1,142,0,0,0,461,57,156,0,0,0,0
143,46,43,85,114,202,0,0,46,0,0,96,405,0,20,311,0,6,23,36,61,24,5,97,0,0,62,0,0,0,46,0,200,19,39,0,110,0,18,0,111,0,9,0,44,0,183,0,5,0,21,0,0,0,5,0,0,0,0,0,0,0,0,0,11,0,0,0,0,0,0,0,1,0,0,0,0,0,0,0,0,0,0,0,0,0,0,0,0,0,0,0,0,0,0,0,0,0,0,0,0,0,0,0,0,0,0,0,0,0,0,0,0,0,0,0,0,0,0,0,0,0,0,0,0,0,0,0,0,0,0,0,0,0,0,0,0,0,0,0,0,0,0,0,0,0,9,0,0,0,63,0,0,0,0,0,0,0,0,0,0,0,0,0,0,1,61,0,51,0,0,0,55,0,30,0,126,37,133,0,157,0,27,0,34,0,56,0,0,0,0,0,0,0,0,0,0,0,0,0,0,0,0,0,0,0,0,0,9,0,437,225,347,0,107,0,0,0,18,0,30,0,0,0,0
25,126,45,6,210,169,0,17,0,20,96,0,20,332,263,20,0,12,28,67,63,99,96,53,0,0,0,405,0,17,0,45,0,198,0,77,0,124,0,34,0,295,0,0,0,71,0,294,0,27,0,0,0,3,0,0,0,0,0,9,0,0,0,0,0,19,0,0,0,0,0,0,0,0,0,0,0,0,0,0,0,0,0,0,0,0,0,0,0,0,0,0,0,0,0,0,0,6,0,0,0,0,0,0,0,0,0,0,0,0,0,3,0,0,0,0,0,0,0,0,0,0,0,0,0,0,0,0,0,0,0,0,0,0,0,9,0,6,0,0,0,0,0,0,0,0,0,5,0,16,0,133,0,81,0,0,0,0,0,0,0,0,0,1,0,0,0,123,0,0,0,8,0,96,0,30,20,236,9,19,0,127,0,5,0,74,1,6,0,0,0,0,0,0,0,0,0,0,0,0,0,9,0,0,0,0,0,10,0,15,0,0,0,0,59,0,0,0,274,98,336,0,6,0,0
167,0,102,0,321,232,7,0,59,1,405,20,0,693,20,56,0,0,69,331,80,72,0,0,0,0,162,656,6,0,7,0,2,0,163,34,0,0,0,0,238,36,188,29,58,23,301,74,5,0,312,25,0,0,8,0,0,0,0,0,0,0,0,0,21,0,0,0,0,0,0,0,0,0,0,0,0,0,0,0,0,0,0,0,0,0,0,0,0,0,0,0,0,0,0,0,0,0,0,0,0,0,0,0,0,0,39,0,0,0,0,0,0,0,0,0,0,0,0,0,0,0,0,0,0,0,20,0,0,0,0,0,0,0,0,0,0,0,0,0,0,0,0,0,0,0,16,0,27,0,102,0,56,0,1,0,3,0,0,0,0,0,0,0,156,0,27,0,0,0,2,0,0,0,0,0,194,76,58,0,112,0,68,0,59,0,119,0,0,0,0,0,0,0,0,0,0,0,0,0,0,0,0,0,0,0,0,0,28,0,42,193,318,37,20,1,0,5,0,0,32,0,0,0,0
0,82,0,0,94,104,0,14,0,0,0,332,693,0,36,5,0,0,301,82,71,154,0,0,0,0,472,111,0,0,0,17,0,0,0,327,0,58,0,0,232,272,0,225,0,39,72,185,3,27,0,426,0,0,0,1,0,0,0,0,0,0,0,0,0,0,0,0,0,0,0,0,0,0,0,0,0,0,0,0,0,0,0,0,0,0,0,0,2,0,0,0,0,0,0,0,0,0,0,0,0,0,0,0,0,0,0,0,0,1,0,0,0,0,0,0,0,0,0,0,0,0,0,0,0,0,0,0,0,0,0,0,0,0,0,0,0,0,0,0,0,0,0,0,0,0,0,0,0,15,0,0,0,0,0,0,0,0,0,0,0,0,0,0,0,95,0,31,0,170,0,0,0,0,0,0,12,515,0,72,0,212,0,0,0,0,28,60,0,0,0,0,0,0,0,0,0,0,0,0,0,0,0,0,0,0,0,0,0,0,0,12,29,0,19,0,0,0,0,179,296,0,8,0,0
15,34,168,0,120,459,0,0,3,0,20,263,20,36,0,517,19,0,245,96,173,62,270,124,31,0,157,0,4,0,233,0,175,33,143,31,121,0,2,0,0,0,0,0,28,0,0,0,0,0,24,0,0,0,0,0,0,0,0,0,0,0,4,0,3,0,0,0,0,0,0,0,0,0,0,0,0,0,0,0,0,0,0,0,0,0,0,0,0,0,0,0,0,0,0,0,0,0,0,0,0,0,0,0,0,0,0,0,0,0,0,0,0,0,0,0,0,0,0,0,0,0,0,0,0,0,9,0,0,0,0,0,0,0,107,0,0,0,0,0,0,0,0,0,0,0,14,0,27,0,84,0,0,0,3,0,3,0,0,0,0,0,0,0,0,0,98,0,51,0,0,0,0,0,0,0,20,29,20,4,38,0,4,0,23,0,0,0,0,0,0,0,0,0,0,0,0,0,0,0,33,0,0,0,0,0,0,0,96,0,82,64,143,25,30,0,0,0,23,0,0,0,0,0,0
58,44,102,499,392,239,1,54,0,0,311,20,56,5,517,0,8,0,35,313,128,242,129,82,5,27,0,135,0,4,29,30,0,44,9,21,0,95,0,0,0,0,0,0,0,29,0,0,0,0,0,4,0,8,0,12,0,18,0,0,0,0,0,14,0,6,0,0,0,0,0,0,0,0,0,0,0,0,0,0,0,267,0,0,0,195,0,0,0,0,0,157,0,0,0,0,0,258,0,351,0,329,0,0,0,0,0,0,0,0,0,0,0,0,0,0,0,0,0,0,0,0,0,0,0,0,0,0,0,0,0,0,0,0,0,131,0,141,0,0,0,45,0,189,0,0,0,0,0,3,0,17,0,3,0,0,0,0,0,0,0,0,0,0,0,2,4,53,0,33,0,0,0,24,1,3,9,52,37,20,0,6,0,0,0,0,0,0,0,0,0,0,0,0,0,0,0,0,0,0,0,0,0,0,0,0,0,0,0,20,13,0,23,0,13,0,0,0,117,69,52,11,0,0,0
13,94,32,19,0,4,4,48,8,17,0,0,0,0,19,8,0,6,53,0,205,1,47,22,99,36,126,0,192,0,79,0,177,0,25,0,25,0,203,0,0,0,0,0,0,0,0,0,4,0,0,0,164,0,1,0,0,0,0,0,27,0,374,0,0,0,0,0,0,0,34,0,0,0,42,0,0,0,0,0,121,0,0,0,537,0,102,0,0,0,115,0,0,0,0,0,402,0,493,0,0,0,53,0,0,0,260,0,0,0,0,0,0,0,0,0,0,0,0,0,137,0,110,0,0,0,0,0,0,0,0,0,0,0,0,0,88,0,89,0,60,0,331,0,0,0,0,0,0,0,0,0,0,0,25,0,0,0,36,0,5,0,0,0,0,0,7,0,0,0,0,0,81,0,0,0,0,0,2,0,3,0,23,0,0,0,0,0,0,0,0,0,0,0,0,0,0,0,0,0,52,0,0,0,0,0,0,0,10,0,77,28,111,0,38,0,0,0,0,0,0,0,0,1,0
68,10,24,14,0,2,0,12,34,1,6,12,0,0,0,0,6,0,0,0,0,129,35,80,37,63,2,0,0,104,0,11,0,114,0,0,0,33,0,269,0,0,0,0,0,0,0,0,0,0,0,2,0,63,0,6,0,39,0,0,0,16,3,276,0,0,0,0,0,0,0,0,0,0,0,6,0,0,0,0,0,170,0,0,0,82,0,0,0,0,0,21,0,0,0,0,0,54,0,72,0,71,0,0,0,0,0,0,0,0,0,0,0,0,0,0,0,0,0,0,0,21,0,0,0,0,0,0,0,0,0,0,0,0,0,22,0,190,0,99,0,156,0,339,0,0,0,0,0,0,0,0,0,0,0,47,0,0,0,89,0,0,0,0,0,0,0,5,0,0,0,0,0,24,0,0,0,7,1,27,0,1,2,23,0,3,0,0,0,0,0,0,0,0,0,0,0,0,0,0,0,0,0,0,0,0,0,0,0,0,0,0,0,0,0,0,0,0,17,15,47,0,0,0,0
0,0,96,0,174,202,0,0,11,0,23,28,69,301,245,35,53,0,0,235,244,71,341,1,31,0,184,158,9,0,0,0,0,0,260,44,42,6,0,0,1,0,69,15,55,9,28,11,0,1,237,0,9,0,0,0,0,0,0,0,0,0,0,0,0,0,0,0,0,0,0,0,0,0,0,0,0,0,0,0,0,0,0,0,0,0,0,0,0,0,0,0,0,0,0,0,0,0,0,0,0,0,0,0,0,0,0,0,0,0,0,0,0,0,0,0,0,0,0,0,0,0,0,0,0,0,0,0,0,0,0,0,0,0,72,0,0,0,0,0,0,0,0,0,12,0,14,0,19,0,61,0,0,0,6,0,0,0,0,0,0,0,0,0,71,0,22,0,88,0,3,0,23,0,0,0,14,14,19,0,0,0,8,0,30,0,15,0,0,0,0,0,0,0,0,0,0,0,0,0,0,0,0,0,0,0,0,0,0,0,40,139,156,17,0,0,0,0,10,0,0,0,0,0,0
0,80,0,347,154,300,0,105,0,0,36,67,331,82,96,313,0,0,235,0,67,390,0,95,0,53,41,479,0,0,0,76,0,11,21,282,0,62,0,0,12,0,0,48,0,74,0,30,0,5,0,94,0,11,1,0,0,0,0,0,0,0,0,32,0,26,0,0,0,0,0,0,0,0,0,0,0,0,0,0,0,0,0,0,0,0,0,99,0,0,0,0,0,0,0,0,0,262,0,0,0,0,0,0,0,0,0,0,0,0,0,0,0,0,0,0,0,0,0,0,0,0,0,0,0,0,0,0,0,0,0,10,0,0,0,188,0,121,0,0,0,47,0,0,0,0,0,4,0,42,0,111,0,0,0,0,0,0,0,0,0,0,0,0,0,20,0,31,0,79,0,0,0,13,0,0,7,32,0,5,0,0,0,0,0,0,3,0,0,0,0,0,0,0,0,0,0,0,0,0,0,99,0,0,0,0,0,27,0,0,0,0,0,0,17,0,0,0,74,106,93,0,0,0,0
5,5,35,2,121,143,0,0,0,0,61,63,80,71,173,128,205,0,244,67,0,22,162,0,18,0,209,26,46,0,48,6,26,5,54,11,29,0,13,0,0,0,34,0,90,5,0,0,0,0,118,0,17,0,0,0,0,0,0,0,1,0,56,0,0,0,0,0,0,0,82,0,0,0,77,0,0,0,0,0,0,0,0,0,245,0,122,0,0,0,49,0,0,0,0,0,150,0,390,0,95,0,0,0,0,0,136,0,0,0,0,0,0,0,0,0,0,0,0,0,115,0,0,0,0,0,0,0,0,0,0,0,0,0,0,0,0,0,0,0,58,0,0,0,63,0,0,0,0,0,0,0,0,0,0,0,0,0,0,0,0,0,6,0,65,0,43,0,90,0,0,0,37,0,0,0,3,0,87,0,0,0,3,0,0,0,15,0,0,0,0,0,0,0,0,0,0,0,0,0,32,0,0,0,0,0,0,0,0,0,151,125,187,52,34,0,0,0,0,0,0,0,0,0,0
0,34,0,118,63,390,0,34,0,0,24,99,72,154,62,242,1,129,71,390,22,0,5,255,0,60,0,274,0,73,0,5,0,24,0,36,0,6,0,14,3,0,0,117,0,99,0,5,0,0,2,45,0,30,0,7,0,0,0,0,0,9,0,153,0,0,0,0,0,0,0,33,0,0,0,94,0,0,0,0,0,779,0,0,0,186,0,255,0,0,0,0,0,0,0,0,0,0,0,261,0,0,0,0,0,0,0,0,0,0,0,0,0,0,0,0,0,0,0,0,0,129,0,0,0,0,0,0,0,0,0,0,0,0,0,0,0,0,1,86,0,392,0,543,0,88,0,0,0,0,0,0,0,0,0,20,0,0,0,0,0,0,0,0,3,20,0,58,0,128,0,4,0,23,0,4,0,25,0,28,0,0,0,0,0,0,0,7,0,0,0,0,0,0,0,0,0,0,0,0,0,0,0,0,0,0,0,0,0,0,0,0,0,0,32,0,0,0,118,198,187,0,5,0,0
13,307,291,160,71,53,7,36,1,0,5,96,0,0,270,129,47,35,341,0,162,5,0,176,58,24,378,0,59,1,18,0,37,13,17,0,29,6,139,14,0,0,0,0,115,0,34,0,5,0,10,0,34,0,48,0,0,0,0,0,0,0,67,1,0,0,0,0,0,0,0,0,0,0,0,0,0,0,0,0,0,0,0,0,83,0,0,0,0,0,73,0,0,0,0,0,248,0,0,0,0,0,0,0,0,0,207,0,0,0,0,0,0,0,0,0,0,0,0,0,11,0,0,0,0,0,7,0,0,0,4,0,0,0,204,0,59,0,0,0,0,0,272,0,0,0,5,0,0,0,51,0,23,0,8,0,2,0,10,0,0,0,0,0,0,0,39,0,32,0,17,0,97,0,7,0,64,23,8,0,33,1,6,0,0,0,0,0,0,0,0,0,0,0,1,0,0,0,107,0,111,0,0,0,0,0,21,0,90,0,241,94,170,0,92,0,0,0,17,0,18,0,0,0,0
164,32,105,522,103,129,14,58,7,0,97,53,0,0,124,82,22,80,1,95,0,255,176,0,31,96,0,0,0,54,5,12,0,34,0,1,0,35,6,38,0,0,0,28,1,18,0,0,0,0,1,8,0,20,0,7,0,29,0,0,0,0,0,77,0,0,0,0,0,0,0,6,0,0,0,0,0,0,0,0,0,257,0,0,0,118,0,0,0,0,0,75,0,0,0,0,0,120,0,209,0,222,0,0,0,0,0,0,0,0,0,0,0,0,0,0,0,0,0,0,0,36,0,6,0,0,0,0,0,0,0,0,0,0,0,39,0,0,0,55,0,64,0,223,0,3,0,0,0,0,0,0,0,0,0,17,0,0,0,20,0,0,0,0,0,2,0,17,0,15,0,0,0,25,0,0,16,12,4,52,0,0,5,18,0,0,0,0,0,0,0,0,0,0,0,0,0,0,0,0,0,0,0,0,0,0,0,0,0,0,7,0,0,0,12,0,0,0,101,79,56,9,0,0,0
0,254,46,0,0,0,192,193,27,281,0,0,0,0,31,5,99,37,31,0,18,0,58,31,0,156,54,0,72,0,5,0,0,0,0,0,0,0,123,0,0,0,0,0,0,0,0,0,4,0,3,0,69,0,108,0,10,0,7,0,117,0,238,26,0,0,0,0,0,0,0,0,0,0,0,0,0,0,0,0,0,0,0,0,0,0,0,0,0,0,0,0,0,0,0,0,84,0,0,0,0,0,0,0,0,0,65,0,0,0,0,0,0,0,0,0,0,0,0,0,0,0,0,0,0,0,3,0,74,0,0,0,0,0,157,0,97,0,42,0,19,0,277,0,0,0,0,0,4,0,16,0,0,0,22,0,12,0,21,0,5,0,0,0,0,0,0,0,24,0,56,0,131,0,0,0,0,21,0,0,0,0,7,0,0,0,0,0,0,0,0,0,0,0,0,0,0,0,49,0,70,0,0,0,0,0,0,0,59,0,452,58,215,214,300,0,4,0,0,0,0,0,0,0,0
148,3,18,95,0,14,92,142,212,11,0,0,0,0,0,27,36,63,0,53,0,60,24,96,156,0,0,0,0,32,0,0,0,0,0,3,0,33,0,137,0,0,0,7,0,0,0,0,0,0,0,0,19,27,22,105,0,106,0,15,3,113,33,210,0,0,8,0,0,0,0,0,0,0,0,0,0,0,0,0,0,40,0,0,0,164,0,0,0,0,0,143,0,0,0,0,0,200,0,0,0,0,0,0,0,0,0,0,0,0,0,0,0,0,0,0,0,0,0,0,0,0,0,0,0,0,0,0,0,17,0,0,0,0,0,215,0,275,5,62,0,37,0,317,4,0,0,0,0,0,0,0,0,0,0,26,0,3,0,22,0,0,0,4,0,4,0,0,0,24,0,7,0,111,0,0,12,2,0,0,0,0,0,16,0,0,0,0,0,0,0,0,0,0,0,0,0,0,0,0,0,0,0,0,0,0,0,0,0,0,0,0,0,0,101,0,0,0,267,69,123,60,0,20,0
0,0,103,0,240,0,0,0,0,0,62,0,162,472,157,0,126,2,184,41,209,0,378,0,54,0,0,579,48,0,11,0,4,0,42,0,100,0,11,0,15,171,593,24,254,0,61,335,18,0,313,19,52,0,0,0,0,0,0,0,0,0,68,0,0,0,0,0,0,0,0,0,0,0,0,0,0,0,0,0,0,0,0,0,0,0,0,0,0,0,0,0,0,0,0,0,0,0,0,0,0,0,0,0,0,0,0,0,0,0,0,0,0,0,0,0,0,0,0,0,110,0,0,0,0,0,0,0,0,0,0,0,0,0,0,0,0,0,0,0,0,0,0,0,78,0,0,0,0,0,0,0,0,0,0,0,0,0,0,0,0,0,0,0,150,0,3,0,0,0,0,0,0,0,0,0,16,0,0,0,64,0,25,0,60,0,47,0,0,0,0,0,0,0,0,0,0,0,0,0,109,0,0,0,0,0,0,0,0,0,0,249,239,38,9,0,0,32,0,0,7,0,0,0,0
0,274,0,131,0,501,0,129,0,15,0,405,656,111,0,135,0,0,158,479,26,274,0,0,0,0,579,0,0,12,0,13,0,7,0,178,0,0,0,0,383,16,37,369,34,221,186,302,0,23,28,462,0,0,0,0,0,0,0,0,0,0,0,0,0,69,0,3,0,0,0,0,0,0,0,0,0,0,0,0,0,367,0,0,0,0,0,139,0,0,0,0,0,0,0,64,0,0,0,0,0,0,0,34,0,0,0,0,0,0,0,0,0,0,0,0,0,0,0,0,0,0,0,0,0,0,0,0,0,0,0,0,0,0,0,211,0,0,0,0,0,0,0,0,0,0,0,0,0,129,0,322,1,0,0,0,0,0,0,0,0,0,0,0,10,91,0,0,0,109,0,0,0,0,0,0,0,92,0,24,0,196,0,0,0,131,39,10,0,0,0,0,0,0,0,22,0,0,0,57,0,134,0,0,0,0,0,0,0,102,0,0,12,0,0,0,0,0,89,394,298,55,24,0,0
67,0,119,0,0,0,54,0,4,0,0,0,6,0,4,0,192,0,9,0,46,0,59,0,72,0,48,0,0,0,18,0,11,0,14,0,26,0,73,0,0,0,34,0,29,0,0,0,0,0,28,0,9,0,0,0,0,0,0,0,15,0,16,0,0,0,0,0,0,0,46,0,1,0,43,0,0,0,0,0,0,0,0,0,106,0,68,0,0,0,0,0,0,0,0,0,20,0,114,0,0,0,0,0,0,0,15,0,0,0,0,0,0,0,0,0,0,0,0,0,78,0,40,0,0,0,0,0,0,0,0,0,0,0,0,0,17,0,151,0,104,0,62,0,57,0,0,0,0,0,0,0,0,0,1,0,0,0,7,0,0,0,0,0,0,0,0,0,0,0,0,0,0,0,0,0,0,0,0,0,0,0,16,0,0,0,0,0,0,0,0,0,0,0,0,0,0,0,0,0,0,0,0,0,0,0,0,0,0,0,0,11,0,2,0,0,0,0,0,0,0,0,0,0,0
0,36,0,200,0,0,0,106,0,0,0,17,0,0,0,4,0,104,0,0,0,73,1,54,0,32,0,12,0,0,0,19,0,34,0,14,0,5,0,5,0,0,0,33,0,0,0,1,0,0,0,9,0,11,0,3,0,0,0,0,0,3,0,59,0,0,1,0,0,0,0,7,0,0,0,22,0,0,0,0,0,164,0,0,0,0,0,0,0,0,0,0,0,0,0,0,0,41,0,71,0,93,0,0,0,0,0,0,0,0,0,0,0,0,0,0,0,0,0,0,0,0,0,0,0,0,0,0,0,0,0,0,0,0,0,0,0,129,0,92,0,264,0,249,0,40,0,0,0,0,0,0,0,0,0,3,0,0,0,81,0,0,0,0,0,0,0,0,0,0,0,0,0,0,0,0,0,0,0,0,0,0,0,0,0,0,0,0,0,0,0,0,0,0,0,0,0,0,0,0,0,0,0,0,0,0,0,0,0,0,0,0,0,0,0,0,0,0,0,0,0,0,0,0,0
0,0,0,0,104,23,1,0,0,0,46,0,7,0,233,29,79,0,0,0,48,0,18,5,5,0,11,0,18,0,0,0,4,0,9,0,27,0,4,0,0,0,30,0,0,0,0,0,0,0,15,0,0,0,0,0,0,0,0,0,0,0,0,0,0,0,0,0,0,0,25,0,0,0,29,0,0,0,0,0,43,0,0,0,0,0,0,0,0,0,0,0,0,0,38,0,36,0,100,0,0,0,0,0,0,0,0,0,0,0,0,0,0,0,0,0,0,0,0,0,0,0,0,0,0,0,0,0,0,0,0,0,0,0,0,0,0,0,8,0,20,0,0,0,27,0,0,0,0,0,0,0,0,0,0,0,0,0,0,0,0,0,0,0,0,0,38,0,0,0,0,0,19,0,0,0,0,0,54,0,0,0,10,0,0,0,0,0,0,0,0,0,0,0,0,0,0,0,0,0,0,0,0,0,0,0,0,0,0,0,42,22,54,0,8,0,0,0,0,0,0,0,0,0,0
0,15,0,41,0,103,0,0,0,0,0,45,0,17,0,30,0,11,0,76,6,5,0,12,0,0,0,13,0,19,0,0,0,0,0,2,0,7,0,2,0,0,0,13,0,0,0,0,0,0,0,9,0,0,0,0,0,0,0,0,0,9,0,14,0,0,0,0,0,0,0,0,0,0,0,0,0,0,0,0,0,0,0,0,0,0,0,0,0,0,0,0,0,0,0,0,0,0,0,0,0,40,0,1,0,0,0,0,0,0,0,0,0,0,0,0,0,0,0,0,0,0,0,0,0,0,0,0,0,0,0,1,0,0,0,0,0,0,0,0,0,82,0,97,0,36,0,0,0,0,0,0,0,0,0,0,0,0,0,0,0,0,0,0,0,0,0,0,0,5,0,0,0,0,0,0,0,0,0,17,0,0,0,0,0,6,0,1,0,0,0,0,0,0,0,0,0,0,0,0,0,0,0,0,0,0,0,0,0,0,0,0,0,0,2,0,0,0,22,26,24,5,0,0,0
89,0,234,0,250,0,0,0,0,0,200,0,2,0,175,0,177,0,0,0,26,0,37,0,0,0,4,0,11,0,4,0,0,0,2,0,113,0,3,0,0,0,12,0,6,0,0,0,0,0,2,0,0,0,0,0,0,0,1,0,4,0,8,0,0,0,0,0,0,0,14,0,0,0,27,0,0,0,0,0,25,0,0,0,0,0,19,0,0,0,0,0,0,0,0,0,0,0,89,0,21,0,0,0,0,0,0,0,0,0,0,0,0,0,0,0,0,0,0,0,21,0,0,0,0,0,0,0,0,0,0,0,0,0,0,0,4,0,0,0,0,0,0,0,14,0,0,0,0,0,0,0,0,0,0,0,1,0,0,0,0,0,0,0,0,0,53,0,14,0,0,0,27,0,0,0,0,0,97,0,0,0,38,0,0,0,0,0,0,0,0,0,0,0,0,0,0,0,0,0,0,0,0,0,0,0,0,0,8,0,49,28,76,11,0,0,0,0,0,0,0,0,0,0,0
0,206,9,368,19,202,0,61,0,0,19,198,0,0,33,44,0,114,0,11,5,24,13,34,0,0,0,7,0,34,0,0,0,0,0,14,0,55,0,3,0,0,0,17,0,11,0,0,0,0,0,8,0,3,0,0,0,0,0,0,0,3,0,19,0,0,0,0,0,0,0,5,0,0,0,0,0,0,0,0,0,140,0,0,0,0,0,29,0,0,0,0,0,0,0,0,0,0,0,47,0,0,0,0,0,0,0,0,0,0,0,0,0,0,0,0,0,0,0,0,0,0,0,0,0,0,0,0,0,0,0,0,0,0,0,0,0,0,0,0,0,80,0,120,0,19,0,0,0,0,0,0,0,0,0,0,0,2,0,0,0,0,0,0,0,0,0,17,0,0,0,0,0,3,0,0,0,67,0,59,0,0,0,0,0,0,0,0,0,0,0,0,0,0,0,0,0,0,0,0,0,4,0,0,0,0,0,0,0,0,0,0,0,0,0,0,0,0,13,55,11,0,0,0,0
0,0,0,0,213,0,0,0,0,0,39,0,163,0,143,9,25,0,260,21,54,0,17,0,0,0,42,0,14,0,9,0,2,0,0,0,109,0,5,0,0,0,27,0,10,0,0,0,0,0,54,0,0,0,0,0,0,0,0,0,0,0,5,0,0,0,0,0,0,0,0,0,0,0,0,0,0,0,0,0,0,0,0,0,0,0,0,0,0,0,0,0,0,0,0,0,0,0,0,0,0,0,0,0,0,0,0,0,0,0,0,0,0,0,0,0,0,0,0,0,30,0,0,0,0,0,0,0,0,0,0,0,0,0,0,0,0,0,0,0,0,0,0,0,0,0,0,0,0,0,0,0,0,0,0,0,0,0,0,0,0,0,0,0,21,0,38,0,0,0,0,0,0,0,0,0,9,0,64,0,0,0,9,0,0,0,0,0,0,0,0,0,0,0,0,0,0,0,0,0,0,0,0,0,0,0,0,0,0,0,0,56,88,0,0,0,0,1,0,0,0,0,0,0,0
0,0,0,0,0,228,0,0,0,0,0,77,34,327,31,21,0,0,44,282,11,36,0,1,0,3,0,178,0,14,0,2,0,14,0,0,0,158,0,2,0,0,0,36,0,18,0,0,0,0,0,34,0,0,0,0,0,0,0,0,0,7,0,0,0,0,0,0,0,0,0,0,0,0,0,0,0,0,0,0,0,0,0,0,0,0,0,0,0,0,0,0,0,0,0,0,0,10,0,0,0,0,0,0,0,0,0,0,0,0,0,0,0,0,0,0,0,0,0,0,0,48,0,0,0,0,0,0,0,0,0,0,0,0,0,0,0,0,0,0,0,138,0,106,0,35,0,0,0,0,0,0,0,0,0,0,0,2,0,0,0,0,0,0,0,19,0,22,0,40,0,0,0,19,0,0,0,53,0,24,0,0,0,0,0,0,0,39,0,0,0,0,0,0,0,0,0,0,0,0,0,0,0,0,0,0,0,0,0,0,0,0,0,0,0,0,0,0,47,109,73,0,0,0,0
72,1,92,0,144,0,0,0,0,0,110,0,0,0,121,0,25,0,42,0,29,0,29,0,0,0,100,0,26,0,27,0,113,0,109,0,0,0,15,0,0,0,39,0,74,0,0,0,0,0,68,0,3,0,0,0,9,0,0,0,16,0,18,0,0,0,1,0,0,0,123,0,7,0,78,0,0,0,0,0,0,0,0,0,46,0,0,0,0,0,0,0,0,0,0,0,0,0,167,0,36,0,0,0,0,0,0,0,0,0,0,0,0,0,0,0,0,0,0,0,83,0,0,0,0,0,0,0,0,0,0,0,0,0,0,0,6,0,142,0,97,0,0,0,212,0,0,0,0,0,0,0,0,0,18,0,15,0,5,0,10,0,14,0,30,0,65,0,47,0,10,0,49,0,0,0,16,1,61,0,0,0,30,0,0,0,0,0,0,0,0,0,0,0,0,0,0,0,0,0,0,0,0,0,0,0,0,0,5,0,11,20,93,0,0,0,0,0,0,0,0,0,0,0,0
8,281,0,219,23,222,0,162,2,0,0,124,0,58,0,95,0,33,6,62,0,6,6,35,0,33,0,0,0,5,0,7,0,55,0,158,0,0,0,12,0,0,0,79,0,47,0,0,0,0,0,59,0,0,0,0,0,0,0,0,0,39,0,22,0,0,0,0,0,0,0,34,0,0,0,57,0,0,0,0,0,164,0,0,0,37,0,0,0,0,0,0,0,0,0,0,0,0,0,0,0,0,0,0,0,7,0,0,0,0,0,0,0,0,0,0,0,0,0,0,0,66,0,26,0,0,0,0,0,0,0,0,0,0,0,0,0,0,0,0,0,278,0,165,0,196,0,0,0,0,0,0,0,0,0,12,0,26,0,0,0,0,0,0,0,2,0,10,0,62,0,12,0,35,0,0,0,70,0,66,0,0,0,39,0,0,0,5,0,0,0,0,0,0,0,0,0,0,0,0,0,0,0,0,0,0,0,0,0,0,0,0,0,0,0,0,0,0,29,116,73,12,2,4,0
350,24,287,0,18,0,86,0,22,0,18,0,0,0,2,0,203,0,0,0,13,0,139,6,123,0,11,0,73,0,4,0,3,0,5,0,15,0,0,0,0,0,18,0,0,0,0,0,0,0,9,0,1,0,0,0,0,0,0,0,0,0,6,0,0,0,0,0,0,0,4,0,0,0,1,0,0,0,0,0,0,0,0,0,0,0,0,0,0,0,0,0,0,0,0,0,4,0,0,0,0,0,0,0,0,0,0,0,0,0,0,0,0,0,0,0,0,0,0,0,0,0,0,0,0,0,0,0,0,0,0,0,0,0,0,0,0,0,51,0,12,0,0,0,20,0,0,0,0,0,0,0,0,0,8,0,8,0,0,0,0,0,0,0,0,0,4,0,2,0,0,0,7,0,0,0,70,7,1,0,0,0,168,0,0,0,0,0,0,0,0,0,0,0,0,0,0,0,0,0,0,0,0,0,0,0,0,0,0,0,2,49,10,0,0,0,0,0,0,0,0,0,0,0,0
0,360,0,322,0,0,0,561,0,0,0,34,0,0,0,0,0,269,0,0,0,14,14,38,0,137,0,0,0,5,0,2,0,3,0,2,0,12,0,0,0,0,0,4,0,0,0,0,0,0,0,1,0,0,0,0,0,0,0,0,0,6,0,24,0,0,0,0,0,0,0,0,0,0,0,0,0,0,0,0,0,0,0,0,0,0,0,0,0,0,0,0,0,0,0,0,0,0,0,0,0,0,0,0,0,0,0,0,0,0,0,0,0,0,0,0,0,0,0,0,0,0,0,0,0,0,0,0,0,1,0,0,0,0,0,0,0,0,0,19,0,39,0,0,0,58,0,0,0,0,0,0,0,0,0,0,0,6,0,9,0,0,0,0,0,0,0,2,0,0,0,0,0,0,0,0,0,89,0,52,0,0,0,58,0,0,0,0,0,0,0,0,0,0,0,0,0,0,0,0,0,0,0,0,0,0,0,0,0,0,0,0,0,0,5,0,0,0,0,59,45,0,0,0,0
26,0,0,0,89,0,0,0,0,0,111,0,238,232,0,0,0,0,1,12,0,3,0,0,0,0,15,383,0,0,0,0,0,0,0,0,0,0,0,0,0,175,133,23,55,41,111,362,108,7,31,11,0,0,0,0,0,0,0,0,0,0,0,0,0,0,1,0,0,0,0,0,0,0,0,0,0,0,0,0,0,0,0,0,0,0,0,0,0,0,0,0,0,0,0,0,0,0,0,0,0,0,0,0,0,0,0,0,0,0,0,0,0,0,0,0,0,0,0,0,0,0,0,0,0,0,0,0,0,0,0,0,0,0,0,0,0,0,0,0,0,0,0,0,0,0,0,0,0,0,0,0,0,0,0,0,0,0,0,0,0,0,0,0,48,0,0,0,0,0,0,0,0,0,0,0,65,11,55,0,42,0,27,0,17,0,162,0,0,0,0,0,0,0,0,0,0,0,0,0,0,0,0,0,0,0,0,0,0,0,4,88,57,5,0,0,0,27,0,0,0,0,0,0,0
0,58,0,6,0,46,0,19,0,0,0,295,36,272,0,0,0,0,0,0,0,0,0,0,0,0,171,16,0,0,0,0,0,0,0,0,0,0,0,0,175,0,8,115,83,25,329,108,38,171,0,63,0,0,0,0,0,0,0,0,0,0,0,0,0,5,0,0,0,0,0,0,0,0,0,0,0,0,0,0,0,0,0,0,0,0,0,0,0,0,0,0,0,0,0,0,0,0,0,0,0,0,0,0,0,0,0,0,0,0,0,0,0,0,0,0,0,1,0,0,0,0,0,0,0,0,0,0,0,0,0,0,0,0,0,0,0,0,0,0,0,0,0,0,0,0,0,0,0,0,0,0,0,0,0,0,0,0,0,0,0,0,0,0,0,14,0,0,0,0,0,0,0,0,0,38,0,116,1,34,0,112,0,0,0,0,22,6,0,0,0,0,0,0,0,0,0,0,0,0,0,0,0,0,0,0,0,0,0,0,0,0,0,0,0,0,0,0,0,36,0,0,0,0,15
0,0,0,0,0,0,0,0,0,0,9,0,188,0,0,0,0,0,69,0,34,0,0,0,0,0,593,37,34,0,30,0,12,0,27,0,39,0,18,0,133,8,0,1,142,3,106,17,25,0,48,0,0,0,0,0,4,0,6,0,1,0,0,0,0,0,0,0,0,0,0,0,0,0,31,0,0,0,0,0,0,0,0,0,0,0,0,0,0,0,0,0,0,0,0,0,0,0,85,0,0,0,0,0,0,0,0,0,0,0,0,0,0,0,0,0,0,0,0,0,24,0,0,0,0,0,0,0,0,0,0,0,0,0,0,0,0,0,0,0,0,0,0,0,0,0,0,0,0,0,0,0,0,0,0,0,2,0,0,0,0,0,13,0,76,0,34,0,20,0,8,0,21,0,0,0,10,0,7,0,0,0,0,0,0,0,101,0,0,0,0,0,0,0,2,0,0,0,0,0,0,0,0,0,0,0,0,0,0,0,38,76,147,24,10,0,0,34,0,0,0,0,0,0,0
0,0,0,0,4,0,0,0,0,0,0,0,29,225,0,0,0,0,15,48,0,117,0,28,0,7,24,369,0,33,0,13,0,17,0,36,0,79,0,4,23,115,1,0,0,100,9,127,0,14,0,60,0,0,0,0,0,0,0,0,0,0,0,21,0,0,0,0,0,0,0,41,0,0,0,57,0,0,0,16,0,0,0,0,0,0,0,120,0,0,0,0,0,0,0,0,0,0,0,0,0,0,0,13,0,0,0,0,0,0,0,0,0,0,0,0,0,0,0,0,0,70,0,0,0,0,0,0,0,0,0,0,0,0,0,0,0,0,0,0,0,202,0,173,0,82,0,0,0,0,0,0,0,0,0,0,0,0,0,0,0,23,0,0,0,39,0,17,0,46,0,0,0,19,0,0,0,9,0,8,0,0,0,0,0,0,0,73,0,0,0,0,0,0,0,11,0,0,0,0,0,0,0,0,0,0,0,0,0,0,0,0,0,0,29,0,0,0,75,129,143,0,0,0,0
0,0,35,0,38,0,0,0,18,0,44,0,58,0,28,0,0,0,55,0,90,0,115,1,0,0,254,34,29,0,0,0,6,0,10,0,74,0,0,0,55,83,142,0,0,24,222,118,101,40,44,0,27,0,0,0,0,0,0,0,0,0,68,0,0,0,0,0,0,0,131,0,0,0,118,0,0,0,0,0,0,0,0,0,0,0,105,0,0,0,0,0,0,0,0,0,0,0,441,0,0,0,0,0,0,0,183,0,0,0,0,0,0,0,0,0,0,0,3,0,180,0,0,0,0,0,0,0,0,0,5,0,0,0,0,0,0,0,0,0,58,0,0,0,106,0,0,0,14,0,53,0,0,0,0,0,0,0,0,0,0,0,0,0,133,0,27,0,69,0,8,0,27,0,16,0,25,4,9,0,79,0,28,0,22,0,14,0,0,0,0,0,0,0,0,0,0,0,0,0,21,0,0,0,0,0,0,0,0,0,17,87,122,22,16,0,0,79,0,0,0,0,0,0,0
0,0,0,0,0,0,0,0,0,3,0,71,23,39,0,29,0,0,9,74,5,99,0,18,0,0,0,221,0,0,0,0,0,11,0,18,0,47,0,0,41,25,3,100,24,0,78,269,23,143,0,63,0,0,0,0,0,0,0,0,0,0,0,20,0,0,0,0,0,14,0,50,0,0,0,0,0,0,0,0,0,512,0,69,0,96,0,212,0,0,0,0,0,49,0,87,0,0,0,0,0,0,0,22,0,10,0,0,0,0,0,0,0,0,0,0,0,4,0,0,0,134,0,45,0,0,0,0,0,0,0,0,0,0,0,0,0,0,0,0,0,235,0,336,0,85,0,0,0,0,0,0,0,0,0,0,0,0,0,0,0,0,0,0,0,147,0,9,0,64,0,9,0,15,0,0,0,13,0,11,0,0,0,0,0,0,7,10,0,0,0,0,0,0,0,9,0,0,0,0,0,0,0,0,0,0,0,0,0,0,0,0,0,0,14,0,0,0,75,168,200,10,0,0,133
19,0,47,0,129,0,0,0,41,0,183,0,301,72,0,0,0,0,28,0,0,0,34,0,0,0,61,186,0,0,0,0,0,0,0,0,0,0,0,0,111,329,106,9,222,78,0,501,219,37,0,0,3,0,0,0,0,0,0,0,0,0,20,0,9,0,0,0,0,0,0,0,0,0,0,0,0,0,0,0,0,0,0,0,0,0,0,0,0,0,0,0,0,0,0,0,0,0,0,0,0,0,12,0,0,0,0,0,0,0,0,0,0,0,0,0,0,0,0,0,0,0,0,0,0,0,0,0,0,0,0,0,0,0,0,0,2,0,0,0,0,0,0,0,0,0,0,0,24,0,102,0,0,0,2,0,0,0,0,0,0,0,0,0,116,0,0,0,8,0,0,0,0,0,0,0,50,0,57,0,128,0,60,0,63,0,49,0,0,0,0,0,0,0,0,0,0,0,0,0,0,0,0,0,0,0,0,0,23,0,0,170,35,0,0,0,0,95,0,0,0,0,0,0,0
0,119,0,0,0,136,0,26,0,0,0,294,74,185,0,0,0,0,11,30,0,5,0,0,0,0,335,302,0,1,0,0,0,0,0,0,0,0,0,0,362,108,17,127,118,269,501,0,51,81,0,32,0,0,0,0,0,0,0,0,0,0,0,0,0,0,0,0,0,0,0,0,0,0,0,0,0,0,0,0,0,0,0,0,0,0,0,0,0,0,0,0,0,0,0,0,0,0,0,0,0,0,0,0,0,0,0,0,0,0,0,0,0,0,0,0,0,0,0,0,0,0,0,0,0,0,0,0,0,0,0,0,0,0,0,0,0,0,0,0,0,0,0,0,0,0,0,0,0,0,0,0,0,0,0,0,0,0,0,0,0,0,0,0,0,15,0,0,0,0,0,0,0,0,0,0,0,67,0,0,0,0,0,3,0,0,41,12,0,0,0,0,0,0,0,0,0,0,0,0,0,0,0,0,0,0,0,0,0,0,0,0,0,0,0,0,0,1,0,222,38,0,0,0,80
3,0,7,0,10,0,0,0,4,0,5,0,5,3,0,0,4,0,0,0,0,0,5,0,4,0,18,0,0,0,0,0,0,0,0,0,0,0,0,0,108,38,25,0,101,23,219,51,0,66,7,1,2,0,13,0,15,0,9,0,0,0,0,0,0,0,0,0,16,0,0,0,0,0,0,0,6,0,5,0,0,0,22,0,0,0,0,0,27,0,0,0,24,0,0,0,0,0,6,0,24,0,76,0,0,0,14,0,3,0,0,0,0,0,0,0,2,0,0,0,0,0,0,0,4,2,0,0,2,0,3,0,0,0,0,0,0,0,0,0,0,0,0,0,0,0,1,0,0,0,0,0,0,0,3,0,2,0,0,0,19,0,1,0,16,0,0,0,19,0,1,0,6,0,0,0,198,6,59,0,57,0,13,0,12,0,177,0,0,0,0,0,0,0,24,0,0,0,9,0,0,0,0,0,7,0,0,0,5,0,30,74,124,6,18,2,1,22,0,1,2,0,0,0,0
0,7,0,0,0,6,0,0,0,0,0,27,0,27,0,0,0,0,1,5,0,0,0,0,0,0,0,23,0,0,0,0,0,0,0,0,0,0,0,0,7,171,0,14,40,143,37,81,66,0,0,7,0,0,0,0,0,0,0,0,0,0,0,0,0,0,0,0,0,6,0,0,0,0,0,0,0,0,0,1,0,13,0,5,0,1,0,5,0,6,0,0,0,26,0,0,0,0,0,1,0,0,0,3,0,0,0,0,0,0,0,0,0,0,0,0,0,0,0,0,0,1,0,0,0,0,0,0,0,0,0,0,0,0,0,0,0,0,0,0,0,4,0,0,0,0,0,0,0,0,0,28,0,15,0,0,0,0,0,0,0,0,0,0,0,11,0,0,0,2,0,0,0,0,0,12,0,40,0,12,0,26,0,3,0,0,12,43,0,0,0,0,0,0,0,0,0,0,0,0,0,0,0,0,0,0,0,0,0,0,0,0,0,0,0,0,0,2,15,12,28,0,0,0,23
0,0,0,0,54,12,0,0,0,0,21,0,312,0,24,0,0,0,237,0,118,2,10,1,3,0,313,28,28,0,15,0,2,0,54,0,68,0,9,0,31,0,48,0,44,0,0,0,7,0,0,0,0,0,0,0,0,0,25,0,5,0,0,0,0,0,0,0,0,0,89,0,0,0,71,0,0,0,0,0,0,0,0,0,0,0,0,0,0,0,0,0,0,0,0,0,0,0,138,0,48,0,0,0,0,0,0,0,0,0,0,0,0,0,0,0,0,0,0,0,62,0,0,0,0,0,0,0,0,0,0,0,0,0,0,0,0,0,0,0,0,0,0,0,33,0,0,0,0,0,0,0,0,0,1,0,0,0,0,0,4,0,15,0,95,0,59,0,86,0,21,0,62,0,0,0,23,0,21,0,0,0,14,0,0,0,64,0,0,0,0,0,0,0,0,0,0,0,0,0,0,0,0,0,0,0,0,0,0,0,63,70,138,37,16,0,3,3,0,0,0,0,0,0,0
0,0,0,0,0,76,0,0,0,0,0,0,25,426,0,4,0,2,0,94,0,45,0,8,0,0,19,462,0,9,0,9,0,8,0,34,0,59,0,1,11,63,0,60,0,63,0,32,1,7,0,0,0,0,0,0,0,0,0,0,0,13,0,8,0,0,0,4,0,7,0,37,0,0,0,61,0,8,0,0,0,194,0,0,0,0,0,79,0,0,0,0,0,0,0,0,0,11,0,31,0,36,0,25,0,0,0,0,0,0,0,0,0,0,0,0,0,1,0,0,0,59,0,0,0,0,0,0,0,0,0,0,0,0,0,0,0,0,0,0,0,103,0,94,0,80,0,0,0,0,0,0,0,0,0,0,0,3,0,0,0,0,0,14,0,24,0,27,0,120,0,40,0,59,1,0,0,22,0,0,0,0,0,0,0,0,0,49,0,0,0,0,0,0,0,0,0,0,0,0,0,0,0,0,0,0,0,0,0,0,0,0,0,0,12,0,0,0,54,97,85,0,0,1,0
0,0,5,0,2,0,60,35,54,158,0,0,0,0,0,0,164,0,9,0,17,0,34,0,69,19,52,0,9,0,0,0,0,0,0,0,3,0,1,0,0,0,0,0,27,0,3,0,2,0,0,0,0,10,103,83,65,3,164,59,27,0,82,12,11,4,17,62,0,0,0,0,0,0,0,0,0,0,0,0,0,0,0,0,65,0,0,0,0,0,10,0,0,0,0,0,61,0,0,0,0,0,0,0,0,0,23,0,0,0,0,0,0,0,0,0,0,0,0,0,4,0,0,0,2,0,1,0,93,0,4,0,3,0,0,0,76,0,193,0,31,0,123,0,21,0,1,0,2,0,0,0,0,0,150,1,80,0,89,0,10,0,0,0,0,0,0,0,4,0,59,1,10,0,0,0,4,1,0,0,0,0,2,0,47,0,0,0,0,0,0,0,0,0,0,0,0,0,0,0,18,0,0,0,0,0,0,0,13,0,76,69,147,154,82,0,18,0,0,0,0,0,0,0,0
0,0,0,0,0,0,6,22,22,63,0,3,0,0,0,8,0,63,0,11,0,30,0,20,0,27,0,0,0,11,0,0,0,3,0,0,0,0,0,0,0,0,0,0,0,0,0,0,0,0,0,0,10,0,16,52,6,108,54,167,0,7,4,33,2,0,74,36,0,0,0,0,0,0,0,0,0,0,0,0,0,4,0,0,0,18,0,0,0,1,0,0,0,0,0,0,0,19,0,16,0,10,0,0,0,0,0,0,0,0,0,0,0,0,0,0,0,0,0,0,0,0,0,0,0,0,0,0,0,7,0,0,0,0,0,10,0,62,0,61,0,38,0,80,1,38,0,0,0,0,0,0,0,0,2,72,1,74,1,80,2,0,0,0,0,0,0,2,0,0,0,14,0,3,0,0,0,0,0,0,0,0,0,7,4,11,0,0,0,0,0,0,0,0,0,0,0,0,0,0,0,2,0,0,0,0,0,0,0,2,0,0,0,0,23,0,0,0,38,169,17,20,0,10,0
3,0,69,0,5,1,80,20,12,176,5,0,8,0,0,0,1,0,0,1,0,0,48,0,108,22,0,0,0,0,0,0,0,0,0,0,0,0,0,0,0,0,0,0,0,0,0,0,13,0,0,0,103,16,0,56,41,1,30,31,84,0,47,19,15,0,14,47,0,0,0,0,0,0,0,0,0,0,0,0,0,0,0,0,0,0,0,0,0,0,0,0,0,0,0,0,0,0,0,0,0,0,0,0,0,0,0,0,0,0,0,0,0,0,0,0,0,0,0,0,0,0,0,0,0,0,0,0,56,0,0,0,0,0,60,0,50,0,5,0,0,0,85,0,0,0,0,0,0,0,0,0,1,0,29,0,50,0,7,0,2,0,7,0,2,0,0,0,20,0,207,0,0,0,0,0,1,0,0,0,0,0,0,2,2,0,0,0,0,0,0,0,0,0,0,0,0,0,0,0,5,0,0,0,0,0,0,0,23,0,354,94,259,323,223,0,67,0,4,0,0,0,0,0,0
0,5,0,80,0,12,0,113,130,24,0,0,0,1,0,12,0,6,0,0,0,7,0,7,0,105,0,0,0,3,0,0,0,0,0,0,0,0,0,0,0,0,0,0,0,0,0,0,0,0,0,0,83,52,56,0,13,31,105,125,0,82,27,120,0,0,155,3,0,1,1,0,0,0,0,0,0,2,0,0,0,0,0,0,0,15,0,0,0,0,0,0,0,0,0,0,0,0,0,0,0,0,0,0,0,0,0,0,0,0,0,0,0,0,0,0,0,0,0,0,0,0,0,0,0,0,0,0,4,17,0,32,0,0,0,88,0,110,0,17,0,0,0,31,1,0,0,0,0,0,0,0,0,0,0,17,2,17,0,22,0,4,0,7,0,0,0,0,0,10,1,70,0,65,0,0,4,0,0,0,1,0,0,8,0,0,0,0,0,0,0,0,0,0,0,0,0,0,0,3,0,0,0,0,0,0,0,0,0,0,0,0,0,0,152,0,0,0,304,115,271,152,0,81,0
0,0,11,0,0,0,4,0,0,0,0,0,0,0,0,0,0,0,0,0,0,0,0,0,10,0,0,0,0,0,0,0,0,0,0,0,9,0,0,0,0,0,4,0,0,0,0,0,15,0,0,0,65,6,41,13,0,13,70,44,26,0,4,0,11,17,11,90,0,0,0,0,0,0,0,0,0,0,0,0,0,0,0,0,0,0,0,0,0,0,0,0,0,0,0,0,0,0,0,0,0,0,0,0,0,0,0,0,0,0,0,0,0,0,0,0,0,0,0,0,0,0,0,0,16,0,49,0,137,0,82,0,13,0,38,0,19,0,18,0,0,0,35,0,10,0,0,0,1,0,19,0,0,0,135,23,203,0,71,11,12,17,17,0,0,0,0,0,27,0,78,0,13,0,0,0,16,0,0,0,0,2,0,0,5,0,0,0,0,0,0,0,0,0,0,0,0,0,0,0,0,0,0,0,0,0,0,0,26,0,409,144,409,664,569,0,112,0,2,0,2,0,0,0,0
0,0,0,0,0,0,0,24,0,2,0,0,0,0,0,18,0,39,0,0,0,0,0,29,0,106,0,0,0,0,0,0,0,0,0,0,0,0,0,0,0,0,0,0,0,0,0,0,0,0,0,0,3,108,1,31,13,0,33,116,0,13,0,14,17,0,36,0,0,8,0,0,0,0,0,0,0,0,0,0,0,0,0,0,0,12,0,0,0,0,0,0,0,6,0,0,0,19,0,0,0,0,0,0,0,0,0,0,0,0,0,0,0,0,0,0,0,0,0,0,0,0,0,0,0,0,0,0,0,32,0,40,0,23,0,60,0,98,0,40,0,0,0,0,0,4,0,0,0,2,0,0,0,0,19,102,3,0,3,74,4,11,0,0,0,6,0,0,0,30,0,229,0,54,0,0,0,0,0,0,0,0,0,0,0,0,0,0,0,0,0,0,0,0,0,0,0,0,0,0,0,0,0,0,0,0,0,0,0,17,0,0,0,0,242,0,0,0,347,79,515,314,14,0,0
5,0,7,0,5,0,4,0,185,92,0,0,0,0,0,0,0,0,0,0,0,0,0,0,7,0,0,0,0,0,0,0,1,0,0,0,0,0,0,0,0,0,6,0,0,0,0,0,9,0,25,0,164,54,30,105,70,33,0,209,164,0,31,12,170,27,167,286,0,0,0,0,0,0,0,0,0,0,0,0,0,0,0,0,0,0,0,0,0,0,0,0,0,0,0,0,0,0,0,0,0,0,0,0,0,0,0,0,0,0,0,0,0,0,0,0,0,0,0,0,0,0,0,0,64,0,77,0,32,0,76,0,12,0,17,0,0,0,3,0,0,0,0,0,2,0,7,0,14,0,18,0,1,0,42,11,251,0,0,12,15,0,13,0,3,0,0,0,12,0,119,2,0,0,0,0,70,0,0,0,0,0,0,0,39,0,0,0,0,0,0,0,0,0,0,0,0,0,0,0,0,0,0,0,0,0,0,0,21,0,622,191,238,510,482,0,0,0,2,0,0,0,0,0,0
2,36,0,0,0,0,0,33,50,97,0,9,0,0,0,0,0,0,0,0,0,0,0,0,0,15,0,0,0,0,0,0,0,0,0,0,0,0,0,0,0,0,0,0,0,0,0,0,0,0,0,0,59,167,31,125,44,116,209,0,0,0,12,42,55,49,286,162,0,9,0,0,0,0,0,0,0,0,0,0,0,0,0,0,0,0,0,3,0,0,0,0,0,5,0,0,0,0,0,0,0,0,0,0,0,0,0,0,0,0,0,0,0,0,0,0,0,0,0,0,0,0,0,0,0,8,0,0,0,2,0,40,0,6,0,19,0,17,0,6,0,0,0,0,6,21,0,2,0,43,0,0,0,0,68,62,10,261,9,33,16,21,0,0,0,8,0,0,0,31,0,186,0,0,0,2,7,0,0,0,0,9,0,0,25,9,0,0,0,0,0,0,0,0,0,0,0,0,0,0,0,0,0,0,0,0,0,0,0,10,0,0,3,0,851,0,0,0,1304,332,818,823,64,181,0
64,0,10,0,0,0,216,0,184,0,0,0,0,0,0,0,27,0,0,0,1,0,0,0,117,3,0,0,15,0,0,0,4,0,0,0,16,0,0,0,0,0,1,0,0,0,0,0,0,0,5,0,27,0,84,0,26,0,164,0,0,0,28,1,0,0,28,0,0,0,5,0,0,0,6,0,0,0,0,0,0,0,0,0,0,0,0,0,0,0,0,0,0,0,0,0,0,0,5,0,0,0,0,0,0,0,0,0,0,0,0,0,0,0,0,0,0,0,0,0,5,0,0,0,0,0,0,0,6,0,0,0,0,0,0,0,0,0,125,0,37,0,3,0,173,0,0,0,0,0,0,0,0,0,56,0,44,0,1,0,0,0,4,0,0,0,0,0,0,0,125,0,54,0,0,0,46,0,0,0,0,0,47,0,0,0,0,0,0,0,0,0,0,0,0,0,0,0,0,0,0,0,0,0,0,0,0,0,0,0,56,120,38,35,33,0,0,0,0,0,0,0,0,0,0
0,64,0,0,0,0,0,286,0,162,0,0,0,0,0,0,0,16,0,0,0,9,0,0,0,113,0,0,0,3,0,9,0,3,0,7,0,39,0,6,0,0,0,0,0,0,0,0,0,0,0,13,0,7,0,82,0,13,0,0,0,0,3,65,0,0,0,0,0,0,0,6,0,0,0,16,0,0,0,0,0,0,0,0,0,0,0,0,0,0,0,0,0,0,0,0,0,0,0,0,0,0,0,0,0,0,0,0,0,0,0,0,0,0,0,0,0,0,0,0,0,0,0,0,0,0,0,0,0,0,0,0,0,0,0,0,0,8,0,19,0,61,0,0,0,140,0,0,0,0,0,0,0,0,0,5,0,98,0,8,0,0,0,4,0,0,0,4,0,4,0,79,0,49,0,0,7,122,0,0,0,0,0,109,0,9,0,0,0,0,0,0,0,0,0,0,0,0,0,0,0,0,0,0,0,0,0,0,0,0,0,0,0,0,39,0,0,0,47,182,128,54,0,25,0
21,0,12,0,0,0,291,35,165,105,0,0,0,0,4,0,374,3,0,0,56,0,67,0,238,33,68,0,16,0,0,0,8,0,5,0,18,0,6,0,0,0,0,0,68,0,20,0,0,0,0,0,82,4,47,27,4,0,31,12,28,3,0,13,0,0,0,3,0,0,17,0,0,0,19,0,0,0,0,0,0,0,0,0,130,0,0,0,0,0,0,0,0,0,0,0,39,0,0,0,0,0,0,0,0,0,15,0,0,0,0,0,0,0,0,0,0,0,0,0,45,0,0,0,0,0,0,0,38,0,5,0,0,0,0,0,35,0,207,0,68,0,101,0,48,0,0,0,0,0,0,0,0,0,53,0,25,0,50,0,0,0,0,0,0,1,0,0,4,0,31,0,26,2,0,0,27,0,0,0,0,0,46,0,1,0,0,0,0,0,0,0,0,0,0,0,0,0,0,0,0,0,0,0,0,0,0,0,0,0,67,66,78,106,77,0,8,0,0,0,2,0,0,0,0
0,40,2,0,0,0,33,219,101,187,0,0,0,0,0,14,0,276,0,32,0,153,1,77,26,210,0,0,0,59,0,14,0,19,0,0,0,22,0,24,0,0,0,21,0,20,0,0,0,0,0,8,12,33,19,120,0,14,12,42,1,65,13,0,0,0,19,20,0,0,0,0,0,0,0,0,0,0,0,0,0,0,0,0,0,3,0,0,0,0,0,0,0,0,0,0,1,0,0,0,0,0,0,2,0,0,0,0,0,0,0,0,0,0,0,0,0,0,0,0,0,0,0,0,0,0,0,2,0,0,0,0,0,0,0,0,0,28,0,130,0,94,0,0,0,195,0,0,0,0,0,0,0,0,0,35,0,85,0,97,0,0,0,0,0,1,0,0,0,0,0,5,0,10,0,0,11,122,0,2,0,0,0,108,0,19,0,0,0,0,0,0,0,0,0,0,0,0,0,0,0,0,0,0,0,0,0,0,0,0,0,0,0,0,14,0,0,0,25,172,23,17,0,5,0
10,0,12,0,19,0,18,0,213,0,11,0,21,0,3,0,0,0,0,0,0,0,0,0,0,0,0,0,0,0,0,0,0,0,0,0,0,0,0,0,0,0,0,0,0,0,9,0,0,0,0,0,11,2,15,0,11,17,170,55,0,0,0,0,0,72,120,32,0,0,0,0,0,0,0,0,0,0,0,0,0,0,0,0,0,0,0,0,0,0,0,0,0,0,0,0,0,0,0,0,0,0,0,0,0,0,0,0,0,0,0,0,0,0,0,0,0,0,0,0,0,0,0,0,12,0,0,0,0,0,13,0,0,0,4,0,1,0,7,49,0,5,0,0,29,28,11,0,32,0,9,0,0,5,2,43,12,3,2,69,246,111,4,0,0,0,0,0,0,0,5,0,0,0,8,0,77,0,2,0,135,21,0,0,163,13,0,0,0,0,0,0,0,0,0,0,0,0,0,0,0,0,0,0,0,0,0,0,0,0,76,19,10,0,0,0,0,0,3,0,0,0,0,0,0
0,62,0,0,0,44,0,11,0,203,0,19,0,0,0,6,0,0,0,26,0,0,0,0,0,0,0,69,0,0,0,0,0,0,0,0,0,0,0,0,0,5,0,0,0,0,0,0,0,0,0,0,4,0,0,0,17,0,27,49,0,0,0,0,72,0,31,363,0,0,0,5,0,6,0,0,0,0,0,0,0,0,0,0,0,0,0,0,0,0,0,0,0,0,0,0,0,0,0,0,0,0,0,0,0,0,0,0,0,0,0,0,0,0,0,0,0,0,0,0,0,0,0,0,0,0,0,0,0,0,63,55,0,0,0,0,0,0,50,15,0,7,0,0,34,65,0,26,59,181,0,37,0,15,21,7,0,10,0,8,134,218,0,5,0,0,0,0,0,0,0,4,0,7,0,12,4,0,0,0,32,151,0,6,0,87,0,0,0,0,0,0,0,0,0,0,0,0,0,0,0,0,0,0,0,0,0,0,0,13,0,0,0,0,0,0,0,0,68,32,0,0,0,0,0
6,0,0,0,0,0,30,0,160,105,0,0,0,0,0,0,0,0,0,0,0,0,0,0,0,8,0,0,0,1,0,0,0,0,0,0,1,0,0,0,1,0,0,0,0,0,0,0,0,0,0,0,17,74,14,155,11,36,167,286,28,0,0,19,120,31,0,178,0,0,0,0,0,0,0,0,0,0,0,0,0,0,0,0,0,0,0,0,0,0,0,0,0,0,0,0,0,0,0,0,0,0,0,0,0,0,0,0,0,0,0,0,0,0,0,0,0,0,0,0,0,0,0,0,4,0,0,0,0,0,2,0,0,0,0,0,0,0,2,0,0,0,0,0,7,0,0,0,17,0,8,0,1,0,10,27,40,4,0,7,27,0,0,0,1,0,5,0,1,0,0,0,3,0,0,0,167,0,0,0,0,3,0,0,282,6,0,0,0,0,0,0,0,0,0,0,0,0,0,0,0,0,0,0,0,0,0,0,1,0,117,53,32,0,64,0,0,0,0,0,0,0,0,0,0
0,12,1,0,0,0,9,13,64,115,0,0,0,0,0,0,0,0,0,0,0,0,0,0,0,0,0,3,0,0,0,0,0,0,0,0,0,0,0,0,0,0,0,0,0,0,0,0,0,0,0,4,62,36,47,3,90,0,286,162,0,0,3,20,32,363,178,0,0,0,0,0,0,0,0,0,0,0,0,0,0,0,0,0,0,0,0,0,0,0,0,0,0,0,0,0,0,0,0,0,0,0,0,0,0,1,0,0,0,0,0,0,0,0,0,0,0,0,0,0,0,0,0,0,0,7,0,3,0,0,0,41,0,0,0,0,0,1,0,0,0,0,0,0,6,9,0,16,0,98,0,0,0,11,73,23,11,47,21,16,30,30,0,0,0,0,0,0,0,1,0,9,0,4,0,9,16,13,0,0,3,28,0,0,25,189,0,0,0,0,0,0,0,0,0,0,0,0,0,0,0,0,0,0,0,0,0,0,0,0,0,0,0,0,117,0,0,0,115,121,46,0,19,0,0
0,0,0,0,0,0,0,0,0,0,0,0,0,0,0,0,0,0,0,0,0,0,0,0,0,0,0,0,0,0,0,0,0,0,0,0,0,0,0,0,0,0,0,0,0,0,0,0,16,0,0,0,0,0,0,0,0,0,0,0,0,0,0,0,0,0,0,0,0,0,0,0,7,0,0,0,109,0,9,0,0,0,12,0,0,0,0,0,0,0,0,0,13,0,28,0,17,0,0,0,12,0,126,0,0,0,0,0,46,0,64,0,9,0,0,0,3,0,0,0,0,0,0,0,0,0,0,0,0,0,0,0,0,0,0,0,0,0,0,0,0,0,0,0,0,0,0,0,0,0,0,0,0,0,0,0,0,0,0,0,0,0,0,0,26,0,0,0,160,0,0,0,0,0,0,0,0,0,0,0,0,0,0,0,0,0,3,0,0,0,0,0,0,0,0,0,0,0,0,0,0,0,13,0,0,0,0,0,0,0,43,21,80,0,14,70,88,8,0,0,0,0,0,0,0
0,0,0,0,0,0,0,0,0,0,0,0,0,0,0,0,0,0,0,0,0,0,0,0,0,0,0,0,0,0,0,0,0,0,0,0,0,0,0,0,0,0,0,0,0,14,0,0,0,6,0,7,0,0,0,1,0,8,0,9,0,0,0,0,0,0,0,0,0,0,0,0,0,0,0,1,0,54,0,0,0,0,0,62,0,0,0,33,0,14,0,0,0,22,0,16,0,0,0,0,0,0,0,84,0,0,0,0,0,23,0,3,0,4,0,0,0,3,0,0,0,0,0,0,0,0,0,3,0,0,0,0,0,0,0,0,0,0,0,0,0,0,0,0,0,0,0,0,0,0,0,0,0,0,0,0,0,0,0,0,0,4,0,0,0,80,0,0,0,48,0,1,0,0,0,2,0,3,0,0,0,0,0,0,0,0,0,0,0,42,0,0,0,0,0,20,0,0,0,18,0,0,0,0,0,14,0,0,0,8,0,0,1,0,0,0,0,0,24,33,72,0,21,97,5
0,0,0,0,0,0,0,0,0,0,0,0,0,0,0,0,34,0,0,0,82,0,0,0,0,0,0,0,46,0,25,0,14,0,0,0,123,0,4,0,0,0,0,0,131,0,0,0,0,0,89,0,0,0,0,1,0,0,0,0,5,0,17,0,0,0,0,0,0,0,0,0,220,0,183,0,0,0,253,0,9,0,0,0,0,0,37,0,0,0,0,3,0,0,0,0,0,0,6,0,0,8,0,0,0,0,0,0,0,0,0,0,0,0,0,0,0,0,0,0,40,0,1,0,0,0,17,0,24,0,101,47,0,0,25,0,5,0,24,20,28,12,30,0,59,0,0,0,107,54,92,0,42,0,0,2,8,0,0,11,4,0,44,0,2,0,36,0,50,0,33,0,53,0,54,2,0,0,0,0,67,14,0,0,83,0,0,0,0,0,0,0,3,0,0,0,0,0,22,0,0,0,0,0,0,0,0,0,52,0,17,0,49,0,0,0,0,0,2,0,0,0,0,0,0
0,0,0,0,0,0,0,1,0,0,0,0,0,0,0,0,0,0,0,0,0,33,0,6,0,0,0,0,0,7,0,0,0,5,0,0,0,34,0,0,0,0,0,41,0,50,0,0,0,0,0,37,0,0,0,0,0,0,0,0,0,6,0,0,0,5,0,0,0,0,0,0,0,184,0,195,0,73,0,18,0,0,0,15,0,0,0,78,0,0,0,0,0,0,1,0,0,0,0,0,0,0,0,0,0,0,0,0,0,0,0,0,0,0,0,0,0,0,0,0,0,0,0,13,0,79,0,116,3,40,0,70,0,53,0,0,1,44,1,34,0,52,0,7,0,123,0,51,13,94,0,56,0,0,0,0,0,0,0,5,0,14,0,19,0,0,0,0,0,32,0,15,0,24,0,37,0,0,0,0,4,99,0,0,0,0,0,0,0,0,0,0,0,0,0,0,0,0,0,0,0,0,0,0,0,0,0,0,0,0,0,0,0,0,9,0,0,0,50,10,23,0,0,0,0
0,0,0,0,0,0,0,0,0,0,1,0,0,0,0,0,0,0,0,0,0,0,0,0,0,0,0,0,1,0,0,0,0,0,0,0,7,0,0,0,0,0,0,0,0,0,0,0,0,0,0,0,0,0,0,0,0,0,0,0,0,0,0,0,0,0,0,0,7,0,220,0,0,0,124,2,95,0,265,0,5,0,58,0,0,0,21,0,1,0,0,0,25,0,3,0,8,0,5,0,1,0,0,0,0,0,0,0,0,0,0,0,0,0,0,0,0,0,0,0,61,0,9,0,0,6,0,11,22,0,47,14,8,0,65,0,6,0,16,3,22,0,34,0,36,0,0,0,33,0,138,0,0,0,0,1,1,0,0,4,0,0,65,0,0,0,0,0,35,0,12,0,0,0,0,0,0,0,0,0,46,0,0,0,49,0,0,0,0,0,0,0,0,0,0,0,0,0,110,0,27,0,0,0,0,0,0,0,137,0,428,7,37,2,20,0,0,0,0,0,0,0,0,0,0
0,0,0,0,0,0,0,0,0,0,0,0,0,0,0,0,0,0,0,0,0,0,0,0,0,0,0,0,0,0,0,0,0,0,0,0,0,0,0,0,0,0,0,0,0,0,0,0,0,0,0,0,0,0,0,0,0,0,0,0,0,0,0,0,0,6,0,0,0,0,0,184,0,0,2,228,0,170,0,42,0,10,0,57,0,71,0,79,0,13,0,4,0,0,0,9,0,0,0,0,0,0,0,5,0,0,0,0,0,1,0,0,0,0,0,0,0,0,0,0,0,11,0,17,12,137,0,0,0,60,0,80,0,0,0,167,0,67,0,19,0,28,0,12,0,79,0,0,0,69,0,0,0,28,0,0,0,0,0,0,0,0,0,40,0,0,0,0,0,22,0,6,0,2,0,31,0,0,0,0,0,48,0,0,0,0,0,0,0,0,0,0,0,0,0,0,0,0,0,0,0,102,0,0,0,39,0,0,0,0,0,0,0,0,15,0,0,0,185,0,28,3,0,0,0
0,0,0,0,0,0,0,1,0,0,0,0,0,0,0,0,42,0,0,0,77,0,0,0,0,0,0,0,43,0,29,0,27,0,0,0,78,0,1,0,0,0,31,0,118,0,0,0,0,0,71,0,0,0,0,0,0,0,0,0,6,0,19,0,0,0,0,0,0,0,183,0,124,2,0,0,0,0,191,0,6,3,34,0,54,0,40,0,0,0,1,0,8,0,14,2,2,0,6,0,0,0,5,0,0,0,0,0,0,0,0,0,0,0,0,0,0,0,0,0,80,0,31,0,57,0,0,0,45,11,75,55,0,0,110,0,13,6,35,16,52,8,96,3,78,5,27,0,100,64,105,0,79,0,0,1,7,0,0,0,0,0,27,0,0,0,0,0,16,0,21,0,0,0,90,0,0,0,0,0,95,24,0,0,66,0,0,0,0,0,0,0,0,0,0,0,0,0,154,0,108,0,128,1,0,0,43,0,115,0,23,0,11,0,0,0,0,0,0,0,0,0,0,0,0
0,0,0,0,0,0,0,0,0,0,0,0,0,0,0,0,0,6,0,0,0,94,0,0,0,0,0,0,0,22,0,0,0,0,0,0,0,57,0,0,0,0,0,57,0,0,0,0,0,0,0,61,0,0,0,0,0,0,0,0,0,16,0,0,0,0,0,0,0,1,0,195,2,228,0,0,0,118,0,40,0,0,0,19,0,43,0,155,0,0,0,0,0,0,0,0,0,0,3,0,2,0,0,0,0,0,0,0,0,0,0,0,0,0,0,0,0,0,0,0,0,45,0,31,0,107,0,261,0,0,0,79,0,0,0,248,0,181,2,58,0,119,0,58,0,276,0,0,0,124,0,107,0,71,0,0,0,0,0,3,0,0,0,52,0,2,0,0,0,27,0,20,0,0,0,73,0,0,0,0,13,151,0,0,0,0,0,0,0,0,0,0,0,0,0,0,0,0,0,145,0,59,0,0,0,0,0,0,0,174,0,0,7,0,5,0,0,0,135,6,33,0,0,1,0
0,0,0,0,0,0,0,0,0,0,0,0,0,0,0,0,0,0,0,0,0,0,0,0,0,0,0,0,0,0,0,0,0,0,0,0,0,0,0,0,0,0,0,0,0,0,0,0,6,0,0,0,0,0,0,0,0,0,0,0,0,0,0,0,0,0,0,0,109,0,0,0,95,0,0,0,0,0,45,0,18,0,39,0,0,0,28,0,8,0,1,0,51,0,63,0,0,0,20,0,22,0,73,0,0,0,17,0,9,0,0,0,0,0,8,0,24,0,0,0,4,0,0,0,0,0,0,0,2,0,0,0,0,0,0,0,0,0,0,0,0,0,0,0,0,0,0,0,0,0,0,0,0,0,0,0,0,0,2,0,0,0,0,0,10,0,0,0,32,0,0,0,0,0,10,0,0,0,0,0,0,0,0,0,0,0,0,0,0,0,0,0,0,0,0,0,0,0,0,0,0,0,0,0,0,0,0,0,0,0,61,13,84,0,10,5,23,0,0,0,0,0,0,0,0
0,0,0,0,0,0,0,0,0,0,0,0,0,0,0,0,0,0,0,0,0,0,0,0,0,0,0,0,0,0,0,0,0,0,0,0,0,0,0,0,0,0,0,0,0,0,0,0,0,0,0,8,0,0,0,2,0,0,0,0,0,0,0,0,0,0,0,0,0,54,0,73,0,170,0,118,0,0,0,45,0,57,0,43,0,0,0,97,0,95,0,13,0,61,0,16,0,0,0,18,0,14,0,81,0,25,0,0,0,40,0,0,0,0,0,1,0,6,0,0,0,14,0,12,0,0,0,0,0,0,0,1,0,0,0,0,0,0,0,0,0,0,0,0,0,0,0,0,0,0,0,0,0,0,0,0,0,0,0,0,0,0,0,0,0,7,0,0,0,64,0,0,0,0,0,5,0,0,0,0,0,0,0,0,0,0,0,0,0,130,0,0,0,13,0,0,0,0,0,0,0,0,0,112,0,68,0,0,0,0,0,0,0,0,8,0,0,0,37,8,55,0,17,0,0
0,0,0,0,0,0,0,0,0,0,0,0,0,0,0,0,0,0,0,0,0,0,0,0,0,0,0,0,0,0,0,0,0,0,0,0,0,0,0,0,0,0,0,0,0,0,0,0,5,0,0,0,0,0,0,0,0,0,0,0,0,0,0,0,0,0,0,0,9,0,253,0,265,0,191,0,45,0,0,0,30,0,125,0,33,0,78,0,8,0,1,0,31,0,36,0,45,0,12,0,8,0,12,0,0,0,0,0,3,0,0,0,0,0,0,0,1,0,0,0,143,0,21,0,0,0,0,2,0,0,0,0,0,0,58,0,0,0,2,0,23,2,48,0,8,0,0,0,0,0,0,0,0,0,0,0,0,0,0,0,0,0,11,0,0,0,0,0,23,0,0,0,0,0,0,0,0,0,0,0,0,0,0,0,0,0,0,0,0,0,0,0,0,0,0,0,24,0,0,0,133,0,0,0,137,0,0,0,88,0,360,0,86,2,22,3,4,0,0,0,0,0,0,0,0
