0.00000000,292.33721337,51.70589210,46.21287365,57.50525544,0.00000000,6.44920401,122.13913150,43.56751004,15.44728228,129.01496527,8.11971790,99.18908754,0.00000000,12.94324043,31.65123083,9.10692928,65.70725907,0.00000000,0.00000000,7.08813852,0.00000000,9.52232553,127.36077270,0.00000000,92.54319934,0.00000000,0.00000000,27.99926925,0.00000000,0.00000000,0.00000000,46.63533444,0.00000000,0.00000000,0.00000000,54.91577586,0.12796852,211.26783272,0.00000000,4.66975278,0.00000000,0.00000000,0.00000000,0.00000000,0.00000000,0.03807494,0.00000000,5.26594294,0.00000000,0.00000000,0.00000000,0.00000000,0.00000000,5.51832615,0.00000000,0.00000000,0.00000000,2.92321257,2.43447501,52.76346624,0.00000000,10.59249361,0.00000000,11.58217539,0.00000000,3.41239626,0.00000000,0.00000000,0.00000000,0.00000000,0.00000000,0.00000000,0.00000000,0.00000000,0.00000000,0.00000000,0.00000000,0.00000000,0.00000000,0.00000000,0.00000000,0.00000000,0.00000000,0.00000000,0.00000000,0.00000000,0.00000000,0.00000000,0.00000000,0.00000000,0.00000000,0.00000000,0.00000000,0.00000000,0.00000000,0.00000000,0.00000000,0.00000000,0.00000000,0.00000000,0.00000000,0.00000000,0.00000000,0.00000000,0.00000000,0.00000000,0.00000000,0.00000000,0.00000000,0.00000000,0.00000000,0.00000000,0.00000000,0.00000000,0.00000000,0.00000000,0.00000000,0.00000000,0.00000000,0.00000000,0.00000000,0.00000000,0.00000000,0.00000000,0.00000000,2.22850348,0.00000000,0.00000000,0.00000000,0.71758155,0.00000000,0.00000000,0.00000000,0.00000000,0.00000000,0.00000000,0.00000000,0.00000000,0.00000000,0.00000000,0.00000000,0.00000000,0.00000000,0.00000000,0.00000000,20.57663733,0.00000000,8.37876067,0.00000000,9.52193642,3.63814474,0.00000000,0.00000000,0.00000000,0.00000000,0.00000000,0.00000000,0.00000000,0.00000000,0.00000000,0.00000000,0.00000000,0.00000000,0.00000000,0.00000000,0.00000000,0.00000000,11.85448033,0.00000000,0.00000000,0.00000000,97.52462313,0.00000000,0.00000000,0.00000000,177.31913280,98.49229146,20.18414847,0.00000000,0.00000000,0.00000000,23.88614906,0.00000000,60.92176116,0.00000000,0.00000000,0.00000000,0.00000000,0.00000000,0.00000000,0.00000000,0.00000000,0.00000000,0.00000000,0.00000000,0.00000000,0.00000000,0.00000000,0.00000000,0.00000000,0.00000000,0.00000000,0.00000000,0.00000000,0.00000000,0.00000000,0.00000000,1.56374328,0.00000000,421.37567070,65.06609442,89.81267881,0.00000000,143.80486111,0.00000000,0.00000000,0.00000000,0.00000000,0.00000000,8.60059056,0.00000000,0.00000000,0.00000000,0.00000000
292.33721337,0.00000000,145.26700268,39.50332606,0.00000000,141.22544320,82.93773690,25.97489213,27.10774180,45.81613929,17.16783338,130.31380945,0.00000000,59.33842217,13.33044477,19.33106707,75.91728057,10.10093050,0.00000000,43.40369395,0.81742233,1.73149649,233.33503530,11.57660049,171.26726799,4.77205073,0.00000000,157.97819412,0.00000000,0.60459981,0.00000000,4.19246983,0.00000000,99.99710863,0.00000000,0.00000000,1.71200163,140.57184603,5.26403643,133.52887028,0.00000000,3.97542794,0.00000000,0.00000000,0.00000000,0.00000000,0.00000000,41.67546855,0.00000000,10.04840472,0.00000000,0.00000000,0.00000000,0.00000000,0.00000000,8.13647110,0.00000000,0.00000000,0.00000000,38.19322739,0.00000000,25.44348465,0.00000000,30.81011648,0.00000000,74.48596597,0.00000000,11.51048425,0.00000000,0.00000000,0.00000000,0.00000000,0.00000000,0.00000000,0.00000000,0.00000000,0.00000000,0.00000000,0.00000000,0.00000000,0.00000000,0.00000000,0.00000000,0.00000000,0.00000000,0.00000000,0.00000000,0.00000000,0.00000000,0.00000000,0.00000000,0.00000000,0.00000000,0.00000000,0.00000000,0.00000000,0.00000000,0.00000000,0.00000000,0.00000000,0.00000000,0.00000000,0.00000000,0.00000000,0.00000000,0.00000000,0.00000000,13.97805576,0.00000000,0.00000000,0.00000000,0.00000000,0.00000000,0.00000000,0.00000000,0.00000000,0.00000000,0.00000000,0.00000000,0.00000000,0.00000000,0.00000000,0.00000000,0.00000000,0.00000000,0.00000000,0.00000000,4.42655695,0.00000000,0.00000000,0.00000000,18.77793148,0.00000000,0.00000000,0.00000000,13.43383494,0.00000000,25.94635884,0.00000000,0.00000000,0.00000000,0.00000000,0.00000000,0.00000000,0.00000000,0.00000000,0.00000000,2.31116298,0.00000000,54.38973211,0.00000000,94.27458219,0.00000000,8.74475580,0.00000000,0.00000000,0.00000000,0.00000000,0.00000000,0.00000000,0.00000000,2.29629066,0.00000000,1.04467133,0.00000000,10.78960491,0.00000000,0.00000000,0.00000000,3.89068508,0.00000000,5.45454405,0.00000000,154.59320630,0.00000000,0.00000000,89.56830161,197.53266751,0.00000000,0.48622231,0.00000000,37.26022605,0.08534574,8.12863405,0.00000000,75.26622571,0.00000000,0.00000000,0.00000000,0.00000000,0.00000000,0.00000000,0.00000000,0.00000000,0.00000000,1.40479967,0.00000000,0.00000000,0.00000000,0.00000000,0.00000000,8.89451449,0.00000000,0.00000000,0.00000000,0.00000000,0.00000000,8.33270562,0.00000000,35.08783353,0.00000000,8.69799680,0.00000000,0.00000000,192.97918959,0.00000000,0.00000000,0.00000000,424.51358252,105.10082141,171.80298657,7.94970868,4.94865757,6.41913688,0.00000000
51.70589210,145.26700268,0.00000000,33.12393232,270.74627397,0.00000000,50.92646283,16.60542755,0.66328940,0.00000000,28.05828520,6.34143357,50.13519040,0.00000000,130.21172906,42.79736874,16.87528619,30.77258988,51.33463827,0.00000000,25.38758325,0.00000000,250.45138278,82.22644631,65.08060996,21.29884632,52.59588111,0.00000000,88.56313421,0.00000000,0.00000000,0.00000000,109.51857098,1.38338654,0.00000000,0.00000000,24.79125218,0.00000000,170.42051319,0.00000000,0.00000000,0.00000000,0.00000000,0.00000000,9.86603001,0.00000000,22.38884475,0.00000000,3.78910672,0.00000000,0.00000000,0.00000000,7.39205533,0.00000000,62.21547748,0.00000000,8.74109561,0.00000000,3.50883468,0.00000000,10.29696498,0.00000000,9.23562119,4.24395821,13.16881444,0.00000000,0.00000000,2.68957427,0.00000000,0.00000000,0.00000000,0.00000000,0.00000000,0.00000000,0.00000000,0.00000000,0.00000000,0.00000000,0.00000000,0.00000000,0.00000000,0.00000000,0.00000000,0.00000000,0.00000000,0.00000000,0.00000000,0.00000000,0.00000000,0.00000000,0.00000000,0.00000000,0.00000000,0.00000000,0.00000000,0.00000000,0.00000000,0.00000000,0.00000000,0.00000000,0.00000000,0.00000000,0.00000000,0.00000000,0.00000000,0.00000000,0.00000000,0.00000000,0.00000000,0.00000000,0.00000000,0.00000000,0.00000000,0.00000000,0.00000000,0.00000000,0.00000000,0.00000000,0.00000000,0.00000000,0.00000000,0.00000000,0.00000000,0.00000000,24.68517089,0.00000000,52.60281671,0.00000000,5.64185864,0.00000000,2.27879322,0.00000000,0.00000000,0.00000000,165.12269283,0.00000000,25.75595906,0.00000000,0.00000000,0.00000000,0.00000000,0.00000000,30.39886285,0.00000000,0.00000000,0.00000000,59.42823426,0.00000000,31.74445773,0.00000000,107.68753827,0.00000000,23.98557959,0.00000000,3.54829439,0.00000000,0.00000000,0.00000000,0.34654180,0.00000000,0.00000000,0.00000000,0.00000000,0.00000000,0.47727801,0.00000000,21.64865603,0.00000000,6.99445328,0.00000000,0.00000000,0.00000000,111.80856557,0.00000000,0.00000000,0.00000000,16.30018459,30.82141571,1.85544590,0.13972595,0.74872521,0.00000000,0.00000000,0.00000000,24.90600211,0.00000000,0.00000000,0.00000000,0.00000000,0.00000000,3.06381184,0.00000000,0.00000000,0.00000000,0.45631084,0.00000000,1.75018233,0.00000000,16.38548447,0.00000000,24.60512351,0.00000000,0.00000000,0.00000000,0.00000000,0.00000000,0.00000000,0.00000000,188.42422845,0.00000000,241.35016753,28.80701791,203.88306205,14.91146177,129.37801471,0.00000000,1.22345204,0.00000000,0.00000000,0.34085933,0.00000000,0.00000000,0.00000000,0.00000000,0.00000000
46.21287365,39.50332606,33.12393232,0.00000000,0.00000000,205.69996613,0.00000000,133.04911033,0.00000000,2.00147636,29.30829176,7.35303323,0.00000000,0.00000000,0.00000000,446.98035536,6.73501842,8.83302862,0.00000000,222.63846591,0.00398980,51.02502052,123.69549394,358.17094262,0.00000000,112.85457793,0.00000000,44.73966876,0.00000000,119.96447791,0.00000000,11.36052600,0.00000000,154.89408002,0.00000000,0.00000000,0.00000000,28.66325225,0.00000000,68.36687830,0.00000000,0.01917213,0.00000000,0.00000000,0.00000000,0.00000000,0.00000000,0.00000000,0.00000000,0.00000000,0.00000000,0.00000000,0.00000000,0.00000000,0.00000000,69.05123437,0.00000000,0.00000000,0.00000000,0.00000000,0.00000000,0.00000000,0.00000000,0.00000000,0.00000000,0.00000000,0.00000000,0.00000000,0.00000000,0.00000000,0.00000000,0.00000000,0.00000000,0.00000000,0.00000000,0.00000000,0.00000000,0.00000000,0.00000000,0.00000000,0.00000000,0.00000000,0.00000000,0.00000000,0.00000000,22.17108709,0.00000000,0.00000000,0.00000000,0.00000000,0.00000000,0.07010948,0.00000000,0.00000000,0.00000000,0.00000000,0.00000000,49.11863914,0.00000000,0.00000000,0.00000000,0.00000000,0.00000000,0.00000000,0.00000000,0.00000000,0.00000000,13.78610924,0.00000000,0.00000000,0.00000000,0.00000000,0.00000000,0.00000000,0.00000000,0.00000000,0.00000000,0.00000000,0.00000000,0.00000000,0.00000000,0.00000000,0.00000000,0.00000000,0.00000000,0.00000000,0.00000000,0.00000000,0.00000000,7.01642539,0.00000000,5.68138198,0.00000000,0.00000000,0.00000000,131.86383374,0.00000000,47.40174193,0.00000000,0.00000000,0.00000000,0.00000000,0.00000000,8.01321223,0.00000000,0.00000000,0.00000000,0.00000000,0.00000000,0.00000000,0.00000000,0.00000000,0.00000000,0.00000000,0.00000000,0.00000000,0.00000000,0.00000000,0.00000000,0.00000000,0.00000000,0.80251034,0.00000000,0.00000000,0.00000000,7.32322559,0.00000000,16.80873086,0.00000000,0.00000000,0.00000000,0.00000000,0.00000000,45.98089649,0.00000000,0.00000000,16.83333189,7.12356622,0.00000000,0.00000000,0.00000000,0.00000000,0.00000000,0.00000000,0.00000000,0.00000000,0.00000000,0.00000000,0.00000000,0.00000000,0.00000000,0.00000000,0.00000000,0.00000000,0.00000000,0.00000000,0.00000000,0.00000000,0.00000000,0.00000000,0.00000000,24.25405056,0.00000000,0.00000000,0.00000000,0.00000000,0.00000000,0.00000000,0.00000000,0.08206192,0.00000000,0.00000000,0.00000000,0.00000000,69.48715002,0.00000000,0.00000000,0.00000000,58.61245568,17.85822131,63.41567587,0.00000000,0.00000000,0.00000000,0.00000000
57.50525544,0.00000000,270.74627397,0.00000000,0.00000000,89.10830758,15.40195959,0.00000000,20.03127195,0.00000000,91.36902447,103.67419312,212.43639756,36.22595138,101.07190986,238.42700388,0.00000000,0.00000000,190.17838822,79.91875030,58.03826447,14.11564510,58.57936455,55.33050957,0.00000000,0.00000000,144.16445854,0.00000000,0.00000000,0.00000000,42.04423632,0.00000000,105.72783568,2.72269406,85.98399059,0.00000000,35.83921745,7.20132858,9.54234947,0.00000000,40.32655297,0.00000000,0.00000000,2.53945925,7.54697848,0.00000000,67.19820120,0.00000000,16.77315131,0.00000000,0.01239187,0.00000000,5.93077164,0.00000000,5.53602061,0.00000000,0.00000000,0.00000000,1.79849120,0.00000000,0.00000000,0.00000000,0.00000000,0.00000000,20.03935053,0.00000000,0.00000000,0.00000000,0.00000000,0.00000000,0.00000000,0.00000000,0.00000000,0.00000000,0.00000000,0.00000000,0.00000000,0.00000000,0.00000000,0.00000000,0.00000000,0.00000000,0.00000000,0.00000000,0.00000000,0.00000000,0.00000000,0.00000000,0.00000000,0.00000000,0.00000000,0.00000000,0.00000000,0.00000000,0.00000000,0.00000000,0.00000000,0.00000000,0.00000000,0.00000000,0.00000000,0.00000000,0.00000000,0.00000000,0.00000000,0.00000000,0.00000000,0.00000000,0.00000000,0.00000000,0.00000000,0.00000000,0.00000000,0.00000000,0.00000000,0.00000000,0.00000000,0.00000000,0.00000000,0.00000000,0.00000000,0.00000000,0.00000000,0.00000000,5.30488034,0.00000000,10.08455219,0.00000000,0.00000000,0.00000000,5.23763422,0.00000000,0.00000000,0.00000000,17.98821391,0.00000000,0.00000000,0.00000000,0.00000000,0.00000000,0.00000000,0.00000000,0.00000000,0.00000000,0.00000000,0.00000000,17.29401856,0.00000000,55.51729523,0.00000000,63.53441403,0.00000000,26.56506923,0.00000000,0.00000000,0.00000000,1.94050998,0.00000000,0.00000000,0.00000000,0.00000000,0.00000000,0.00000000,0.00000000,0.07637789,0.00000000,140.26153915,0.00000000,60.37120532,0.00000000,3.79607914,0.00000000,45.66361265,0.00000000,0.00000000,0.00000000,49.10525557,56.43585139,16.60304952,0.99190478,47.22821240,0.00000000,25.45696250,0.00000000,57.89830536,0.00000000,0.00000000,0.00000000,0.00000000,0.00000000,0.00000000,0.00000000,0.00000000,0.00000000,0.00000000,0.00000000,0.00000000,0.00000000,0.00000000,0.00000000,0.00000000,0.00000000,0.00000000,0.00000000,0.00000000,0.00000000,0.00000000,0.00000000,18.68311443,0.00000000,205.57690666,146.55873401,338.83554543,1.57992101,113.66377804,14.44557776,6.70701314,0.00000000,0.00000000,0.00000000,0.00000000,0.00000000,0.00000000,0.00000000,0.00000000
0.00000000,141.22544320,0.00000000,205.69996613,89.10830758,0.00000000,0.00000000,149.59102322,0.00000000,5.62718724,90.73971306,105.92266762,68.20245817,85.80406429,201.16590024,200.10150329,1.68283666,1.62863320,105.29192261,206.00156182,91.15308351,181.76533522,19.91951978,72.80673587,0.00000000,12.32927477,0.00000000,257.98422158,0.00000000,0.00000000,4.42069408,40.45373107,0.00000000,97.82901288,0.00000000,62.16591234,0.00000000,33.10899348,0.00000000,0.00000000,0.00000000,4.69566637,0.00000000,0.00000000,0.00000000,0.00000000,0.00000000,74.18994458,0.00000000,1.27720104,1.02779557,9.35483788,0.00000000,0.00000000,1.20987972,7.74606132,0.00000000,0.00000000,0.00000000,0.00000000,0.00000000,0.00000000,0.00000000,0.00000000,0.00000000,26.06926138,0.00000000,0.00000000,0.00000000,0.00000000,0.00000000,0.00000000,0.00000000,0.00000000,0.00000000,0.00000000,0.00000000,0.00000000,0.00000000,0.00000000,0.00000000,0.00000000,0.00000000,0.00000000,0.00000000,0.00000000,0.77419038,0.00000000,0.00000000,0.00000000,0.00000000,0.00000000,0.00000000,0.00000000,0.00000000,0.00000000,0.00000000,0.00000000,0.00000000,0.00000000,0.00000000,0.00000000,0.00000000,0.04879543,0.00000000,0.00000000,0.00000000,0.00000000,0.00000000,0.00000000,0.00000000,0.00000000,0.00000000,0.00000000,0.00000000,0.00000000,0.00000000,0.00000000,0.00000000,0.00000000,0.00000000,0.00000000,0.00000000,0.00000000,0.00000000,0.00000000,0.00000000,0.00000000,0.00000000,0.00000000,0.00000000,3.59049653,0.00000000,0.00000000,0.00000000,100.35267905,0.00000000,61.32642483,0.00000000,0.00000000,0.00000000,0.00000000,0.00000000,0.00000000,0.00000000,0.00000000,0.00000000,0.00000000,0.00000000,38.60917025,0.00000000,38.67435540,0.00000000,0.05765179,0.00000000,0.00000000,0.00000000,0.00000000,0.00000000,0.00000000,0.00000000,0.00000000,0.00000000,4.52218768,0.00000000,14.51425808,0.00000000,132.70463293,0.00000000,0.22486968,0.00000000,0.00000000,0.00000000,53.13072582,0.00000000,0.00000000,4.33177128,105.97192119,10.11213444,18.11238156,0.00000000,34.16377843,0.00000000,1.06395069,0.00000000,10.13449858,0.00000000,0.63006242,0.00000000,0.00000000,0.00000000,0.00000000,0.00000000,0.00000000,0.00000000,0.00000000,0.00000000,0.00000000,0.00000000,0.00000000,0.00000000,28.68807212,0.00000000,0.00000000,0.00000000,0.00000000,0.00000000,0.00000000,0.00000000,25.28308467,0.00000000,0.00000000,0.00000000,0.00000000,46.67722222,0.00000000,0.00000000,0.00000000,86.57079012,75.09335368,142.95213029,0.00000000,3.92164541,0.08614426,0.00000000
6.44920401,82.93773690,50.92646283,0.00000000,15.40195959,0.00000000,0.00000000,41.44461419,66.63136312,153.63927482,0.00000000,0.00000000,7.10234438,0.00000000,0.00000000,1.50314565,0.04530668,0.00000000,0.00000000,0.00000000,0.00000000,0.00000000,11.15770810,6.81927657,181.45145342,68.40943819,0.00000000,0.00000000,35.33549862,0.00000000,1.11112979,0.00000000,0.00000000,0.00000000,0.00000000,0.00000000,0.00000000,0.00000000,31.37081340,0.00000000,0.00000000,0.00000000,0.00000000,0.00000000,0.00000000,0.00000000,0.00000000,0.00000000,0.00000000,0.00000000,0.00000000,0.00000000,68.01435782,0.41743797,82.12583384,0.00000000,3.38932438,0.00000000,2.76582228,0.00000000,107.19563708,0.00000000,185.86545146,12.36192477,11.00790601,0.00000000,26.24544407,4.23970318,0.00000000,0.00000000,0.00000000,0.00000000,0.00000000,0.00000000,0.00000000,0.00000000,0.00000000,0.00000000,0.00000000,0.00000000,0.00000000,0.00000000,0.00000000,0.00000000,0.00000000,0.00000000,0.43882558,0.00000000,0.00000000,0.00000000,0.00000000,0.00000000,0.00000000,0.00000000,0.00000000,0.00000000,0.00000000,0.00000000,0.00000000,0.00000000,0.00000000,0.00000000,0.00000000,0.00000000,0.00000000,0.00000000,0.00000000,0.00000000,0.00000000,0.00000000,0.00000000,0.00000000,0.00000000,0.00000000,0.00000000,0.00000000,0.00000000,0.00000000,0.00000000,0.00000000,0.00000000,0.00000000,0.00000000,0.00000000,13.85775734,0.00000000,17.13840753,0.00000000,5.24883616,0.00000000,31.51158927,0.00000000,14.31658808,0.00000000,42.88074803,0.00000000,3.07745113,0.00000000,0.02553822,0.00000000,0.00000000,0.00000000,1.93205742,0.00000000,0.00000000,0.00000000,20.21087024,0.00000000,19.00833225,0.00000000,19.25320901,0.00000000,0.00000000,0.00000000,0.00000000,0.00000000,0.00000000,0.00000000,0.00000000,0.00000000,6.49800170,0.00000000,0.00000000,0.00000000,0.00000000,0.00000000,0.00000000,0.00000000,15.23594612,0.00000000,54.44658665,0.00000000,94.50482565,0.00000000,0.00000000,0.00000000,13.65305129,19.82142499,0.00000000,0.00000000,0.00000000,0.00000000,2.30567127,0.00000000,0.67628435,0.00000000,0.00000000,0.00000000,0.00000000,0.00000000,0.00000000,0.00000000,0.00000000,0.00000000,0.00000000,0.00000000,0.00000000,0.00000000,0.00000000,0.00000000,0.00000000,0.00000000,0.00000000,0.00000000,0.00000000,0.00000000,0.00000000,0.00000000,58.64444568,0.00000000,365.11941061,65.48255183,141.18507992,23.83642604,255.66530893,0.00000000,10.64959496,0.00000000,0.00000000,0.00000000,1.74528928,0.00000000,0.00000000,0.00000000,0.00000000
122.13913150,25.97489213,16.60542755,133.04911033,0.00000000,149.59102322,41.44461419,0.00000000,83.89453463,26.12684767,0.00000000,16.21955771,0.00000000,3.40594782,0.00000000,50.09831322,23.45553913,15.73589740,0.00000000,54.60127360,0.00000000,6.51577636,10.32801381,43.93296649,74.30816049,193.58178138,0.00000000,56.60778147,0.00000000,62.29501914,0.00000000,0.00000000,0.00000000,22.03174214,0.00000000,0.00000000,0.00000000,57.33690882,0.00000000,158.05159684,0.00000000,2.94701499,0.00000000,0.00000000,0.00000000,0.00000000,0.00000000,0.05418448,0.00000000,0.00000000,0.00000000,0.00000000,23.37102512,32.04912448,2.56864343,126.83139304,0.00000000,28.80747847,0.00000000,44.81445484,0.00000000,122.39293223,26.73670637,126.13603232,0.00000000,6.42912698,0.00000000,8.65576651,0.00000000,0.00000000,0.00000000,1.81037108,0.00000000,0.00000000,1.22550866,0.00000000,0.00000000,0.00000000,0.00000000,0.00000000,0.00000000,0.00000000,0.00000000,0.00000000,0.00000000,0.00000000,0.00000000,0.00000000,0.00000000,0.00000000,0.00000000,0.00000000,0.00000000,0.00000000,0.00000000,0.00000000,0.00000000,0.00000000,0.00000000,1.49875336,0.00000000,0.00000000,0.00000000,0.00000000,0.00000000,1.38398813,0.00000000,16.86612222,0.00000000,0.00000000,0.00000000,0.00000000,0.00000000,0.00000000,0.00000000,0.00000000,0.00000000,0.00000000,0.00000000,0.00000000,0.00000000,0.00000000,0.00000000,0.00000000,0.00000000,24.66924604,0.00000000,6.87978697,0.00000000,0.00000000,0.00000000,87.54924782,0.00000000,5.15626249,0.00000000,69.64104121,0.00000000,58.71209149,0.00000000,0.00000000,0.00000000,0.00000000,0.00000000,0.00000000,0.00000000,0.00000000,0.00000000,6.69641649,0.00000000,19.20181668,0.00000000,2.65329802,0.00000000,2.62342408,0.00000000,3.44156064,0.00000000,0.00000000,0.00000000,1.61302849,0.00000000,20.39848148,0.00000000,0.00000000,0.00000000,5.41330650,0.00000000,0.65568559,0.00000000,3.57263202,0.00000000,9.13049928,0.00000000,132.49491435,0.00000000,0.00000000,4.81200586,4.67199091,0.00000000,0.00000000,0.00000000,0.00000000,0.00000000,0.72492934,0.00000000,0.00000000,0.00000000,0.00000000,0.00000000,0.00000000,0.00000000,0.00000000,0.00000000,0.00000000,0.00000000,0.00000000,0.00000000,2.69042964,0.00000000,0.00000000,0.00000000,27.17351419,0.00000000,0.00000000,0.00000000,0.00000000,0.00000000,0.00000000,0.00000000,62.03386088,0.00000000,0.67948242,0.00000000,0.00000000,343.19595631,0.00000000,0.00000000,0.00000000,425.36878787,48.63259516,227.97933090,1.66040049,0.00000000,0.00000000,0.00000000
43.56751004,27.10774180,0.66328940,0.00000000,20.03127195,0.00000000,66.63136312,83.89453463,0.00000000,472.82480413,31.54034642,0.00000000,40.53148655,0.00000000,1.39479882,0.00000000,4.12623021,18.02437866,5.57085029,0.00000000,0.00000000,0.00000000,0.89432977,7.18213833,25.64983213,154.66965626,0.00000000,0.00000000,0.58614411,0.00000000,0.00000000,0.00000000,0.00000000,0.00000000,0.00000000,0.00000000,0.00000000,2.92977525,3.59780340,0.00000000,0.00000000,0.00000000,0.00000000,0.00000000,4.51721133,0.00000000,10.34208716,0.00000000,11.91375239,0.00000000,0.00000000,0.00000000,64.89204814,27.41772282,8.71569545,134.36569801,0.00000000,0.00000000,134.03601835,17.93150112,95.33231652,0.00000000,136.80956527,87.36667689,141.21311587,0.00000000,129.12266880,26.23486274,0.00000000,0.00000000,0.00000000,0.00000000,0.00000000,0.00000000,0.00000000,0.00000000,0.00000000,0.00000000,0.00000000,0.00000000,0.00000000,0.00000000,0.00000000,0.00000000,0.00000000,0.00000000,0.00000000,0.00000000,0.00000000,0.00000000,0.00000000,0.00000000,0.00000000,0.00000000,0.00000000,0.00000000,0.00000000,0.00000000,0.00000000,0.00000000,0.00000000,0.00000000,0.00000000,0.00000000,0.00000000,0.00000000,0.00000000,0.00000000,0.00000000,0.00000000,0.00000000,0.00000000,0.00000000,0.00000000,0.00000000,0.00000000,0.00000000,0.00000000,0.00000000,0.00000000,0.00000000,0.00000000,0.00000000,0.00000000,68.81016245,0.00000000,29.68171736,0.00000000,0.86691794,0.00000000,17.91385016,0.00000000,0.00000000,0.00000000,3.19125452,0.00000000,0.00000000,0.00000000,0.00000000,0.00000000,0.00000000,0.00000000,0.00000000,0.00000000,0.00000000,0.00000000,44.30539313,0.00000000,101.31997600,0.00000000,65.15266289,0.00000000,27.79782697,0.00000000,0.00000000,0.00000000,1.34271903,0.00000000,0.00000000,0.00000000,2.07215129,0.00000000,0.00000000,0.00000000,0.07425795,0.00000000,0.00000000,0.00000000,7.77585670,0.00000000,58.02093534,0.00000000,8.41691135,0.00000000,1.11607854,0.00000000,282.15181567,52.44678047,8.98094168,0.00000000,19.02240173,0.00000000,22.00482376,0.00000000,68.81833879,9.51922430,0.00000000,0.00000000,0.00000000,0.00000000,0.00000000,0.00000000,0.00000000,0.00000000,0.00000000,0.00000000,0.00000000,0.00000000,2.19237493,0.00000000,0.00000000,0.00000000,0.00000000,0.00000000,0.00000000,0.00000000,0.00000000,0.00000000,7.43520239,0.00000000,193.25110394,54.48608675,63.21091525,3.10191258,84.92431928,0.00000000,0.00000000,0.00000000,0.00000000,0.00000000,0.00000000,0.00000000,0.00000000,0.00000000,0.00000000
15.44728228,45.81613929,0.00000000,2.00147636,0.00000000,5.62718724,153.63927482,26.12684767,472.82480413,0.00000000,0.00000000,10.49772502,0.18254735,0.00000000,0.00000000,0.00000000,1.69040722,1.76952904,0.00000000,0.00000000,0.00000000,0.00000000,0.00000000,0.00000000,197.86242143,8.88369258,0.00000000,0.09005761,0.00000000,0.00000000,0.00000000,0.00000000,0.00000000,0.00000000,0.00000000,0.00000000,0.00000000,0.00000000,0.00000000,0.00000000,0.00000000,0.00000000,0.00000000,0.00000000,0.00000000,0.90314086,0.00000000,0.00000000,0.00000000,0.00000000,0.00000000,0.00000000,182.96403330,86.49795330,130.41047007,32.43090425,0.00000000,2.87033247,25.17013286,79.61145225,0.00000000,74.98362314,113.66108099,159.75955737,0.00000000,198.81610926,69.40588808,127.22436182,0.00000000,0.00000000,0.00000000,0.00000000,0.00000000,0.00000000,0.00000000,0.00000000,0.00000000,0.00000000,0.00000000,0.00000000,0.00000000,0.00000000,0.00000000,0.00000000,0.00000000,0.00000000,0.00000000,0.00000000,0.00000000,0.00000000,0.00000000,0.00000000,0.00000000,0.00000000,0.00000000,0.00000000,0.00000000,1.58039058,0.00000000,0.00000000,0.00000000,0.00000000,0.00000000,0.00000000,0.00000000,0.00000000,0.00000000,0.00000000,0.00000000,0.00000000,0.00000000,0.00000000,0.00000000,0.00000000,0.00000000,0.00000000,0.00000000,0.00000000,0.00000000,0.00000000,0.00000000,0.00000000,0.00000000,0.00000000,0.00000000,21.69320487,0.00000000,21.12269726,0.00000000,0.00000000,0.00000000,79.30092404,0.00000000,0.00000000,0.00000000,37.13196464,0.00000000,25.57530564,0.00000000,0.00000000,0.00000000,7.11119628,0.00000000,0.00000000,0.00000000,0.00000000,0.00000000,27.93982507,0.00000000,128.05303708,0.00000000,103.62291771,0.00000000,10.18014737,0.00000000,2.30736013,0.00000000,4.09147035,0.00000000,0.00000000,0.00000000,7.70259913,0.00000000,0.00000000,0.00000000,0.00000000,0.00000000,0.00000000,1.04799188,12.23050955,0.00000000,7.49926761,0.00000000,43.99336427,0.00000000,0.00000000,100.62037563,142.17985180,0.00000000,0.00000000,0.00000000,0.00000000,0.00000000,14.41129304,8.08412176,61.47695532,0.00000000,0.00000000,0.00000000,0.00000000,0.00000000,0.00000000,0.00000000,0.00000000,0.00000000,0.00000000,0.00000000,0.00000000,0.00000000,0.00000000,0.00000000,0.00000000,0.00000000,0.00000000,0.00000000,0.00000000,0.00000000,2.98223883,0.00000000,111.05244578,0.00000000,0.00000000,0.00000000,3.02244930,81.17348132,0.00000000,0.00000000,0.00000000,264.65644542,53.87958295,74.26836704,0.00000000,0.00000000,0.00000000,0.00000000
129.01496527,17.16783338,28.05828520,29.30829176,91.36902447,90.73971306,0.00000000,0.00000000,31.54034642,0.00000000,0.00000000,50.61160810,286.64753166,0.00000000,15.26114169,208.90862188,0.00000000,0.72297671,23.54548367,13.74670560,60.85989671,10.38489182,10.38400482,64.64175909,0.00000000,0.00000000,14.66574452,0.00000000,0.00000000,0.00000000,33.00965933,0.00000000,110.14454183,7.16402562,19.47317570,0.00000000,65.06359410,0.00000000,2.75402271,0.00000000,46.19010121,0.00000000,0.96918058,0.00000000,14.25918733,0.00000000,99.05513127,0.00000000,0.22506780,0.00000000,12.91698238,0.00000000,0.00000000,0.00000000,8.70706461,0.00000000,0.00000000,0.00000000,0.00000000,0.00000000,0.00000000,0.00000000,0.00000000,0.00000000,13.98856068,0.00000000,0.00000000,0.00000000,0.00000000,0.00000000,0.00000000,0.00000000,2.15224299,0.00000000,0.00000000,0.00000000,0.00000000,0.00000000,0.00000000,0.00000000,0.00000000,0.00000000,0.00000000,0.00000000,0.00000000,0.00000000,0.00000000,0.00000000,0.00000000,0.00000000,0.00000000,0.00000000,0.00000000,0.00000000,0.00000000,0.00000000,0.00000000,0.00000000,0.00000000,0.00000000,0.00000000,0.00000000,0.00000000,0.00000000,0.00000000,0.00000000,0.00000000,0.00000000,0.00000000,0.00000000,0.00000000,0.00000000,0.00000000,0.00000000,0.00000000,0.00000000,0.00000000,0.00000000,0.00000000,0.00000000,0.00000000,0.00000000,0.00000000,0.00000000,0.00000000,0.00000000,0.00000000,0.00000000,0.00000000,0.00000000,0.00000000,0.00000000,0.00000000,0.00000000,0.00000000,0.00000000,0.00000000,0.00000000,0.00000000,0.00000000,0.00000000,0.00000000,0.00000000,0.00000000,0.00000000,0.00000000,6.19775253,0.00000000,0.00000000,0.00000000,17.05136998,0.00000000,0.00000000,0.00000000,0.00000000,0.00000000,0.00000000,0.00000000,0.00000000,0.00000000,0.00000000,0.00000000,0.00000000,0.00000000,0.00000000,4.79972885,8.30007635,0.00000000,0.46956141,0.00000000,0.00000000,0.00000000,0.57099116,0.00000000,4.55504795,0.00000000,78.20099603,32.55576430,120.90836688,0.00000000,77.82622909,0.00000000,23.15444139,0.00000000,22.82585713,0.00000000,45.88147133,0.00000000,0.00000000,0.00000000,0.00000000,0.00000000,0.00000000,0.00000000,0.00000000,0.00000000,0.00000000,0.00000000,0.00000000,0.00000000,0.00000000,0.00000000,0.00000000,0.00000000,0.00000000,0.00000000,0.00000000,0.00000000,1.64157004,0.00000000,220.09251386,158.37222921,113.04295165,0.00000000,35.94045856,0.00000000,0.00000000,0.00000000,3.05723444,0.00000000,20.03361181,0.00000000,0.00000000,0.00000000,0.00000000
8.11971790,130.31380945,6.34143357,7.35303323,103.67419312,105.92266762,0.00000000,16.21955771,0.00000000,10.49772502,50.61160810,0.00000000,9.97298823,249.92672585,128.21147723,13.04599231,0.00000000,9.64585807,7.52454147,37.42465505,41.34201323,62.42984192,82.85318680,55.66725663,0.00000000,0.00000000,0.00000000,224.08682881,0.00000000,8.42064681,0.00000000,14.95855926,0.00000000,190.28809874,0.00000000,62.09990330,0.00000000,75.47322900,0.00000000,7.91652711,0.00000000,162.98511650,0.00000000,0.00000000,0.00000000,29.76814191,0.00000000,162.00792069,0.00000000,38.25408896,0.00000000,0.00000000,0.00000000,2.86164696,0.00000000,0.00000000,0.00000000,0.00000000,0.00000000,3.29996858,0.00000000,0.00000000,0.00000000,0.00000000,0.00000000,29.05286113,0.00000000,0.00000000,0.00000000,0.00000000,0.00000000,0.00000000,0.00000000,0.00000000,0.00000000,0.00000000,0.00000000,0.00000000,0.00000000,0.00000000,0.00000000,0.00000000,0.00000000,0.00000000,0.00000000,0.00000000,0.00000000,0.00000000,0.00000000,0.00000000,0.00000000,0.00000000,0.00000000,0.00000000,0.00000000,0.00000000,0.00000000,0.68621948,0.00000000,0.00000000,0.00000000,0.00000000,0.00000000,0.00000000,0.00000000,0.00000000,0.00000000,0.00000000,0.00000000,0.00000000,0.00000000,2.60627233,0.00000000,0.00000000,0.00000000,0.00000000,0.00000000,0.00000000,0.00000000,0.00000000,0.00000000,0.00000000,0.00000000,0.00000000,0.00000000,0.00000000,0.00000000,0.00000000,0.00000000,0.00000000,0.00000000,0.00000000,0.00000000,0.00000000,0.00000000,1.77348625,0.00000000,4.22415109,0.00000000,0.00000000,0.00000000,0.00000000,0.00000000,0.00000000,0.00000000,0.00000000,0.00000000,1.08145427,0.00000000,8.36713675,0.00000000,51.27120443,0.00000000,11.12272450,0.00000000,0.00000000,0.00000000,0.00000000,0.00000000,0.00000000,0.00000000,0.00000000,0.00000000,0.71255965,0.00000000,0.00000000,0.00000000,27.08343971,0.00000000,0.00000000,0.00000000,1.55401765,0.00000000,22.77320401,0.00000000,1.29672569,12.50879675,147.34229760,7.34110367,17.85873580,0.00000000,64.38906733,0.00000000,0.18490414,0.00000000,42.28016661,0.54268924,11.31177547,0.00000000,0.00000000,0.00000000,0.00000000,0.00000000,0.00000000,0.00000000,0.00000000,0.00000000,0.00000000,0.00000000,0.00000000,0.00000000,1.49719048,0.00000000,0.00000000,0.00000000,0.00000000,0.00000000,1.81824256,0.00000000,17.81612630,0.00000000,0.00000000,0.00000000,0.00000000,23.84663270,0.00000000,0.00000000,0.00000000,99.69683522,60.00100806,131.19179967,0.00000000,5.71383350,0.00000000,0.00000000
99.18908754,0.00000000,50.13519040,0.00000000,212.43639756,68.20245817,7.10234438,0.00000000,40.53148655,0.18254735,286.64753166,9.97298823,0.00000000,374.40970233,18.63197230,43.27723953,0.00000000,0.00000000,70.88708484,240.28883474,36.61310611,20.34648178,0.00000000,0.00000000,0.00000000,0.00000000,114.46834125,347.01306717,0.28281527,0.00000000,3.27997140,0.00000000,0.01513025,0.00000000,88.78952899,14.37520322,0.00000000,0.00000000,0.00000000,0.00000000,177.92955583,2.05384874,107.33812618,14.41210477,31.03638036,2.95452910,210.37668012,7.75825915,4.38785910,0.00000000,118.46186742,2.82793503,0.00000000,0.00000000,5.98585147,0.00000000,0.00000000,0.00000000,0.00000000,0.00000000,0.00000000,0.00000000,0.00000000,0.00000000,15.43614864,0.00000000,0.00000000,0.00000000,0.00000000,0.00000000,0.00000000,0.00000000,0.00000000,0.00000000,0.00000000,0.00000000,0.00000000,0.00000000,0.00000000,0.00000000,0.00000000,0.00000000,0.00000000,0.00000000,0.00000000,0.00000000,0.00000000,0.00000000,0.00000000,0.00000000,0.00000000,0.00000000,0.00000000,0.00000000,0.00000000,0.00000000,0.00000000,0.00000000,0.00000000,0.00000000,0.00000000,0.00000000,0.00000000,0.00000000,0.00000000,0.00000000,3.18789504,0.00000000,0.00000000,0.00000000,0.00000000,0.00000000,0.00000000,0.00000000,0.00000000,0.00000000,0.00000000,0.00000000,0.00000000,0.00000000,0.00000000,0.00000000,0.00000000,0.00000000,0.00000000,0.00000000,1.08724071,0.00000000,0.00000000,0.00000000,0.00000000,0.00000000,0.00000000,0.00000000,0.00000000,0.00000000,0.00000000,0.00000000,0.00000000,0.00000000,0.00000000,0.00000000,0.00000000,0.00000000,0.00000000,0.00000000,5.58790343,0.00000000,9.16519485,0.00000000,42.47377609,0.00000000,3.77195996,0.00000000,0.49925831,0.00000000,1.06283222,0.00000000,0.00000000,0.00000000,0.00000000,0.00000000,0.00000000,0.00000000,44.48332657,0.00000000,0.67425877,0.00000000,0.00000000,0.00000000,1.12642419,0.00000000,0.00000000,0.00000000,0.00000000,0.00000000,140.33368910,56.83683866,49.83947312,0.00000000,45.47355495,0.00000000,53.55482804,0.00000000,25.92253191,0.00000000,79.19390511,0.00000000,0.00000000,0.00000000,0.00000000,0.00000000,0.00000000,0.00000000,0.00000000,0.00000000,0.00000000,0.00000000,0.00000000,0.00000000,0.00000000,0.00000000,0.00000000,0.00000000,0.00000000,0.00000000,0.00000000,0.00000000,3.35775113,0.00000000,0.07731666,111.12805554,145.13233151,0.30262802,9.02696579,0.12440221,0.00000000,0.28668656,0.00000000,0.00000000,11.66445002,0.00000000,0.00000000,0.00000000,0.00000000
0.00000000,59.33842217,0.00000000,0.00000000,36.22595138,85.80406429,0.00000000,3.40594782,0.00000000,0.00000000,0.00000000,249.92672585,374.40970233,0.00000000,17.05474869,4.67204986,0.00000000,0.00000000,224.22738582,47.75043944,37.90581275,71.58964775,0.00000000,0.00000000,0.00000000,0.00000000,234.71769108,75.09372617,0.00000000,0.00000000,0.00000000,6.58180608,0.00000000,0.00000000,0.00000000,135.55593628,0.00000000,40.07214057,0.00000000,0.00000000,124.34327708,204.06285686,0.00000000,119.64484094,0.00000000,0.67674191,7.60729156,151.14948241,6.53529899,25.50287664,0.00000000,193.79026976,0.00000000,0.00000000,0.00000000,0.59379973,0.00000000,0.00000000,0.00000000,0.00000000,0.00000000,0.00000000,0.00000000,0.00000000,0.00000000,0.00000000,0.00000000,0.00000000,0.00000000,0.00000000,0.00000000,0.00000000,0.00000000,0.00000000,0.00000000,0.00000000,0.00000000,0.00000000,0.00000000,0.00000000,0.00000000,0.00000000,0.00000000,0.00000000,0.00000000,0.00000000,0.00000000,0.00000000,2.36574694,0.00000000,0.00000000,0.00000000,0.00000000,0.00000000,0.00000000,0.00000000,0.00000000,0.00000000,0.00000000,0.00000000,0.00000000,0.00000000,0.00000000,0.00000000,0.00000000,0.00000000,0.00000000,0.00000000,0.00000000,1.22660929,0.00000000,0.00000000,0.00000000,0.00000000,0.00000000,0.00000000,0.00000000,0.00000000,0.00000000,0.00000000,0.00000000,0.00000000,0.00000000,0.00000000,0.00000000,0.00000000,0.00000000,0.00000000,0.00000000,0.00000000,0.00000000,0.00000000,0.00000000,0.00000000,0.00000000,0.00000000,0.00000000,0.00000000,0.00000000,0.00000000,0.00000000,0.00000000,0.00000000,0.00000000,0.00000000,0.00000000,0.00000000,0.00000000,0.00000000,3.63466873,0.00000000,0.00000000,0.00000000,0.00000000,0.00000000,0.00000000,0.00000000,0.00000000,0.00000000,0.00000000,0.00000000,0.00000000,0.00000000,0.00000000,0.00000000,12.43412548,0.00000000,12.61640638,0.00000000,40.57636789,0.00000000,0.00000000,0.00000000,0.00000000,0.00000000,0.00000000,4.01053613,299.96617424,0.00000000,42.48133860,0.00000000,110.80483922,0.00000000,0.00000000,0.00000000,0.00000000,23.37532619,40.74191533,0.00000000,0.00000000,0.00000000,0.00000000,0.00000000,0.00000000,0.00000000,0.00000000,0.00000000,0.00000000,0.00000000,0.00000000,0.00000000,0.00000000,0.00000000,0.00000000,0.00000000,0.00000000,0.00000000,0.00000000,0.00000000,0.00000000,0.00000000,1.28341256,11.91887002,0.00000000,0.17884926,0.00000000,0.00000000,0.00000000,0.00000000,77.06981168,155.47993369,0.00000000,10.59009745,0.00000000,0.00000000
12.94324043,13.33044477,130.21172906,0.00000000,101.07190986,201.16590024,0.00000000,0.00000000,1.39479882,0.00000000,15.26114169,128.21147723,18.63197230,17.05474869,0.00000000,376.29521958,18.42210450,0.00000000,162.69298991,45.35084825,190.58995053,28.28307415,223.25676213,95.29132438,23.47173112,0.00000000,85.27255263,0.00000000,1.06200989,0.00000000,161.30462370,0.00000000,103.24443884,10.01584807,83.71490108,6.49810038,62.52604240,0.00000000,0.01759280,0.00000000,0.00000000,0.00000000,0.00000000,0.00000000,11.55872812,0.00000000,0.00000000,0.00000000,0.00000000,0.00000000,2.41379587,0.00000000,0.00000000,0.00000000,0.00000000,0.00000000,0.00000000,0.00000000,0.00000000,0.00000000,0.00000000,0.00000000,1.24488744,0.00000000,7.48823201,0.00000000,0.00000000,0.00000000,0.00000000,0.00000000,0.00000000,0.00000000,0.00000000,0.00000000,0.00000000,0.00000000,0.00000000,0.00000000,0.00000000,0.00000000,0.00000000,0.00000000,0.00000000,0.00000000,0.00000000,0.00000000,0.00000000,0.00000000,0.00000000,0.00000000,0.00000000,0.00000000,0.00000000,0.00000000,0.00000000,0.00000000,0.00000000,0.00000000,0.00000000,0.00000000,0.00000000,0.00000000,0.00000000,0.00000000,0.00000000,0.00000000,0.00000000,0.00000000,0.00000000,0.00000000,0.00000000,0.00000000,0.00000000,0.00000000,0.00000000,0.00000000,0.00000000,0.00000000,0.00000000,0.00000000,0.00000000,0.00000000,0.00000000,0.00000000,0.00000000,0.00000000,0.38770342,0.00000000,0.00000000,0.00000000,0.00000000,0.00000000,0.00000000,0.00000000,56.07985684,0.00000000,0.00000000,0.00000000,0.00000000,0.00000000,0.00000000,0.00000000,0.00000000,0.00000000,0.00000000,0.00000000,4.01485976,0.00000000,21.66923988,0.00000000,36.97308294,0.00000000,0.00000000,0.00000000,1.86797114,0.00000000,4.42913817,0.00000000,0.00000000,0.00000000,0.00000000,0.00000000,0.00000000,0.00000000,0.00000000,0.00000000,65.52017895,0.00000000,6.33624760,0.00000000,0.00000000,0.00000000,0.00000000,0.00000000,0.00000000,0.00000000,8.08188500,16.39172961,24.85337896,6.22038517,20.93658032,0.00000000,3.51561774,0.00000000,14.76610842,0.00000000,0.00000000,0.00000000,0.00000000,0.00000000,0.00000000,0.00000000,0.00000000,0.00000000,0.00000000,0.00000000,0.00000000,0.00000000,0.00000000,0.00000000,4.08038101,0.00000000,0.00000000,0.00000000,0.00000000,0.00000000,0.00000000,0.00000000,65.86604495,0.00000000,30.93704333,61.01212455,69.00397435,2.31259502,9.22422943,0.00000000,0.00000000,0.00000000,0.01812873,0.00000000,0.00000000,0.00000000,0.00000000,0.00000000,0.00000000
31.65123083,19.33106707,42.79736874,446.98035536,238.42700388,200.10150329,1.50314565,50.09831322,0.00000000,0.00000000,208.90862188,13.04599231,43.27723953,4.67204986,376.29521958,0.00000000,5.71434781,0.00000000,28.57490844,283.28171026,112.03628351,182.52271622,125.58503770,78.64080566,4.06660355,20.11547040,0.00000000,83.28065716,0.00000000,1.32057734,16.99136255,27.00821105,0.00000000,37.84397034,5.07712067,6.10870817,0.00000000,80.74662606,0.00000000,0.00000000,0.00000000,0.00000000,0.00000000,0.00000000,0.00000000,13.08644927,0.00000000,0.00000000,0.00000000,0.00000000,0.00000000,2.12381644,0.00000000,1.35440506,0.00000000,6.07922744,0.00000000,6.85219441,0.00000000,0.00000000,0.00000000,0.00000000,0.00000000,4.85669059,0.00000000,0.29189689,0.00000000,0.00000000,0.00000000,0.00000000,0.00000000,0.00000000,0.00000000,0.00000000,0.00000000,0.00000000,0.00000000,0.00000000,0.00000000,0.00000000,0.00000000,21.77478016,0.00000000,0.00000000,0.00000000,93.91347313,0.00000000,0.00000000,0.00000000,0.00000000,0.00000000,17.06688066,0.00000000,0.00000000,0.00000000,0.00000000,0.00000000,120.16519165,0.00000000,107.73924864,0.00000000,96.91376587,0.00000000,0.00000000,0.00000000,0.00000000,0.00000000,0.00000000,0.00000000,0.00000000,0.00000000,0.00000000,0.00000000,0.00000000,0.00000000,0.00000000,0.00000000,0.00000000,0.00000000,0.00000000,0.00000000,0.00000000,0.00000000,0.00000000,0.00000000,0.00000000,0.00000000,0.00000000,0.00000000,0.00000000,0.00000000,0.00000000,0.00000000,0.00000000,0.00000000,66.32711759,0.00000000,30.01661730,0.00000000,0.00000000,0.00000000,24.61784101,0.00000000,20.36729001,0.00000000,0.00000000,0.00000000,0.00000000,0.00000000,1.61737029,0.00000000,2.85999200,0.00000000,2.77287173,0.00000000,0.00000000,0.00000000,0.00000000,0.00000000,0.00000000,0.00000000,0.00000000,0.00000000,0.00000000,0.00000000,0.89381013,1.20621515,39.43128510,0.00000000,19.27660218,0.00000000,0.00000000,0.00000000,19.75068666,1.46238968,4.42527295,4.83870894,34.52609589,30.55825145,19.14294245,0.00000000,2.68486664,0.00000000,0.00000000,0.00000000,0.00000000,0.00000000,0.00000000,0.00000000,0.00000000,0.00000000,0.00000000,0.00000000,0.00000000,0.00000000,0.00000000,0.00000000,0.00000000,0.00000000,0.00000000,0.00000000,0.00000000,0.00000000,0.00000000,0.00000000,0.00000000,0.00000000,0.00000000,0.00000000,11.70385070,1.03075184,0.00000000,4.94767229,0.00000000,15.62889312,0.00000000,0.00000000,0.00000000,106.48826341,79.47121153,49.60212720,3.24776917,0.00000000,0.00000000,0.00000000
9.10692928,75.91728057,16.87528619,6.73501842,0.00000000,1.68283666,0.04530668,23.45553913,4.12623021,1.69040722,0.00000000,0.00000000,0.00000000,0.00000000,18.42210450,5.71434781,0.00000000,8.61551092,12.79049444,0.00000000,175.64115891,2.60071038,46.29222697,31.02726554,151.26156785,33.44904546,22.67759174,0.00000000,178.35629997,0.00000000,68.11290655,0.00000000,184.41752264,0.00000000,4.74535731,0.00000000,13.30343090,0.00000000,150.54150083,0.00000000,0.00000000,0.00000000,0.00000000,0.00000000,0.00000000,0.00000000,0.00000000,0.00000000,8.47717435,0.00000000,0.00000000,0.00000000,179.18185664,0.00000000,0.29934151,0.00000000,0.00000000,0.00000000,0.00000000,0.00000000,5.05014427,0.00000000,366.04414761,0.00000000,0.00000000,0.00000000,0.00000000,0.00000000,0.00000000,0.00000000,33.84446893,0.00000000,0.00000000,0.00000000,12.03884789,0.00000000,0.00000000,0.00000000,0.00000000,0.00000000,35.68855383,0.00000000,0.00000000,0.00000000,261.07028986,0.00000000,35.80660861,0.00000000,0.00000000,0.00000000,72.71919070,0.00000000,0.00000000,0.00000000,0.00000000,0.00000000,205.53755988,0.00000000,279.90887319,0.00000000,0.00000000,0.00000000,9.88730071,0.00000000,0.00000000,0.00000000,140.81628285,0.00000000,0.00000000,0.00000000,0.00000000,0.00000000,0.00000000,0.00000000,0.00000000,0.00000000,0.00000000,0.00000000,0.00000000,0.00000000,108.46930196,0.00000000,33.18382052,0.00000000,0.00000000,0.00000000,0.00000000,0.00000000,0.00000000,0.00000000,0.00000000,0.00000000,0.00000000,0.00000000,0.00000000,0.00000000,40.75622176,0.00000000,47.68295347,0.00000000,22.08343212,0.00000000,142.11818407,0.00000000,0.00000000,0.00000000,0.00000000,0.00000000,0.00000000,0.00000000,0.00000000,0.00000000,0.00000000,0.00000000,19.63995879,0.00000000,0.00000000,0.00000000,0.45290655,0.00000000,4.12023733,0.00000000,0.00000000,0.00000000,0.00000000,0.00000000,3.17441209,0.00000000,0.00000000,0.00000000,0.00000000,0.00000000,24.34694672,0.00000000,0.00000000,0.00000000,0.00000000,0.00000000,0.67988323,0.00000000,1.64744621,0.00000000,22.65909719,0.00000000,0.00000000,0.00000000,0.00000000,0.00000000,0.00000000,0.00000000,0.00000000,0.00000000,0.00000000,0.00000000,0.00000000,0.00000000,0.00000000,0.00000000,0.00000000,0.00000000,34.77076981,0.00000000,0.00000000,0.00000000,0.00000000,0.00000000,0.00000000,0.00000000,4.01371504,0.00000000,29.91789775,38.27319250,21.08557190,0.00000000,2.95041499,0.00000000,0.00000000,0.00000000,0.00000000,0.00000000,0.00000000,0.00000000,0.00000000,1.75202567,0.00000000
65.70725907,10.10093050,30.77258988,8.83302862,0.00000000,1.62863320,0.00000000,15.73589740,18.02437866,1.76952904,0.72297671,9.64585807,0.00000000,0.00000000,0.00000000,0.00000000,8.61551092,0.00000000,0.00000000,0.00000000,0.00000000,115.48408583,51.17999712,104.95817866,12.05897696,98.09775057,1.63245415,0.00000000,0.00000000,114.54823598,0.00000000,9.55098834,0.00000000,113.43872067,0.00000000,0.00000000,0.00000000,15.98295031,0.00000000,219.51173822,0.00000000,0.00000000,0.00000000,0.00000000,0.00000000,0.00000000,0.00000000,0.00000000,0.00000000,0.00000000,0.00000000,0.12117667,0.00000000,60.09285386,0.00000000,9.08599118,0.00000000,28.41075150,0.00000000,0.00000000,0.00000000,3.53419164,2.29951038,267.71215495,0.00000000,0.00000000,0.00000000,0.00000000,0.00000000,0.00000000,0.00000000,0.00000000,0.00000000,0.00000000,0.00000000,0.00868263,0.00000000,0.00000000,0.00000000,0.00000000,0.00000000,10.00682630,0.00000000,0.00000000,0.00000000,20.29349545,0.00000000,0.00000000,0.00000000,0.00000000,0.00000000,8.45103840,0.00000000,0.00000000,0.00000000,0.00000000,0.00000000,22.26392616,0.00000000,20.53736428,0.00000000,23.48552171,0.00000000,0.00000000,0.00000000,0.00000000,0.00000000,0.00000000,0.00000000,0.00000000,0.00000000,0.00000000,0.00000000,0.00000000,0.00000000,0.00000000,0.00000000,0.00000000,0.00000000,0.00000000,0.00000000,0.83936849,0.00000000,0.00000000,0.00000000,0.00000000,0.00000000,0.00000000,0.00000000,0.00000000,0.00000000,0.00000000,0.00000000,0.00000000,0.00000000,1.56907217,0.00000000,27.77779345,0.00000000,20.67531274,0.00000000,98.88757689,0.00000000,167.48285664,0.00000000,0.00000000,0.00000000,0.00000000,0.00000000,0.00000000,0.00000000,0.00000000,0.00000000,0.00000000,0.00000000,29.41797494,0.00000000,0.00000000,0.00000000,41.88689701,0.00000000,0.00000000,0.00000000,0.00000000,0.00000000,0.00000000,0.00000000,2.97655004,0.00000000,0.00000000,0.00000000,0.00000000,0.00000000,13.51250663,0.00000000,0.00000000,0.00000000,5.79400683,0.82743305,15.01230266,0.00000000,0.05143849,3.57131850,17.57586891,0.00000000,1.03278829,0.00000000,0.00000000,0.00000000,0.00000000,0.00000000,0.00000000,0.00000000,0.00000000,0.00000000,0.00000000,0.00000000,0.00000000,0.00000000,0.00000000,0.00000000,0.00000000,0.00000000,0.00000000,0.00000000,0.00000000,0.00000000,0.00000000,0.00000000,0.00000000,0.00000000,0.00000000,0.00000000,0.00000000,0.00000000,0.00000000,0.00000000,0.00000000,7.07694460,18.93170152,37.10513941,0.00000000,0.00000000,0.00000000,0.00000000
0.00000000,0.00000000,51.33463827,0.00000000,190.17838822,105.29192261,0.00000000,0.00000000,5.57085029,0.00000000,23.54548367,7.52454147,70.88708484,224.22738582,162.69298991,28.57490844,12.79049444,0.00000000,0.00000000,174.40101563,176.33870682,66.47603135,197.41525479,2.71399435,12.33543724,0.00000000,128.65121338,89.35495990,6.03010127,0.00000000,0.00000000,0.00000000,0.00000000,0.00000000,174.04438763,29.87710856,8.49598719,3.69307390,0.00000000,0.00000000,0.49237629,0.00000000,41.52870219,9.04649626,35.11990712,4.01667037,23.05019288,4.23285336,0.00000000,1.54596143,139.45295047,0.00000000,0.01566018,0.00000000,0.00000000,0.00000000,0.00000000,0.00000000,0.00000000,0.00000000,0.00000000,0.00000000,0.00000000,0.00000000,0.00000000,0.00000000,0.00000000,0.00000000,0.00000000,0.00000000,0.00000000,0.00000000,0.00000000,0.00000000,0.00000000,0.00000000,0.00000000,0.00000000,0.00000000,0.00000000,0.00000000,0.00000000,0.00000000,0.00000000,0.00000000,0.00000000,0.00000000,0.00000000,0.00000000,0.00000000,0.00000000,0.00000000,0.00000000,0.00000000,0.00000000,0.00000000,0.00000000,0.00000000,0.00000000,0.00000000,0.00000000,0.00000000,0.00000000,0.00000000,0.00000000,0.00000000,0.00000000,0.00000000,0.00000000,0.00000000,0.00000000,0.00000000,0.00000000,0.00000000,0.00000000,0.00000000,0.00000000,0.00000000,0.00000000,0.00000000,0.00000000,0.00000000,0.00000000,0.00000000,0.00000000,0.00000000,0.00000000,0.00000000,0.00000000,0.00000000,0.00000000,0.00000000,0.00000000,0.00000000,19.63662431,0.00000000,0.00000000,0.00000000,0.00000000,0.00000000,0.00000000,0.00000000,0.00000000,0.00000000,8.72540173,0.00000000,4.47664234,0.00000000,8.82215897,0.00000000,21.62690368,0.00000000,0.00000000,0.00000000,2.66171818,0.00000000,0.00000000,0.00000000,0.00000000,0.00000000,0.00000000,0.00000000,0.00000000,0.00000000,34.17502582,0.00000000,6.22358720,0.00000000,28.59067515,0.00000000,0.71576387,0.00000000,1.78354665,0.00000000,0.00000000,0.00000000,4.19342246,6.92574594,19.32743744,0.00000000,0.00000000,0.00000000,1.31347343,0.00000000,28.30797074,0.00000000,22.29306393,0.00000000,0.00000000,0.00000000,0.00000000,0.00000000,0.00000000,0.00000000,0.00000000,0.00000000,0.00000000,0.00000000,0.00000000,0.00000000,0.00000000,0.00000000,0.00000000,0.00000000,0.00000000,0.00000000,0.00000000,0.00000000,0.00000000,0.00000000,3.54908034,97.74560775,88.67287898,0.01248554,0.00000000,0.00000000,0.00000000,0.00000000,3.02233316,0.00000000,0.00000000,0.00000000,0.00000000,0.00000000,0.00000000
0.00000000,43.40369395,0.00000000,222.63846591,79.91875030,206.00156182,0.00000000,54.60127360,0.00000000,0.00000000,13.74670560,37.42465505,240.28883474,47.75043944,45.35084825,283.28171026,0.00000000,0.00000000,174.40101563,0.00000000,54.91358141,298.62056209,0.00000000,66.66887435,0.00000000,20.02545695,8.04070142,359.02931025,0.00000000,0.00000000,0.00000000,73.68108775,0.00000000,15.41937898,8.47920140,174.36929475,0.00000000,20.03118143,0.00000000,0.00000000,2.45403338,0.00000000,0.00000000,16.80446890,0.00000000,44.51923254,0.00000000,20.17485106,0.00000000,5.72606577,0.00000000,49.82762127,0.00000000,4.37363498,0.26894822,0.00000000,0.00000000,0.00000000,0.00000000,0.00000000,0.00000000,0.00000000,0.00000000,11.11431033,0.00000000,3.91039383,0.00000000,0.00000000,0.00000000,0.00000000,0.00000000,0.00000000,0.00000000,0.00000000,0.00000000,0.00000000,0.00000000,0.00000000,0.00000000,0.00000000,0.00000000,0.00000000,0.00000000,0.00000000,0.00000000,0.00000000,0.00000000,1.41548516,0.00000000,0.00000000,0.00000000,0.00000000,0.00000000,0.00000000,0.00000000,0.00000000,0.00000000,51.28399500,0.00000000,0.00000000,0.00000000,0.00000000,0.00000000,0.00000000,0.00000000,0.00000000,0.00000000,0.00000000,0.00000000,0.00000000,0.00000000,0.00000000,0.00000000,0.00000000,0.00000000,0.00000000,0.00000000,0.00000000,0.00000000,0.00000000,0.00000000,0.00000000,0.00000000,0.00000000,0.00000000,0.00000000,0.00000000,0.00000000,0.00000000,0.00000000,0.00000000,7.05231238,0.00000000,0.00000000,0.00000000,41.95428440,0.00000000,4.43644073,0.00000000,0.00000000,0.00000000,5.83557339,0.00000000,0.00000000,0.00000000,0.00000000,0.00000000,0.31913508,0.00000000,7.18699721,0.00000000,49.87591792,0.00000000,0.00000000,0.00000000,0.00000000,0.00000000,0.00000000,0.00000000,0.00000000,0.00000000,0.00000000,0.00000000,0.00000000,0.00000000,1.10945588,0.00000000,25.89992636,0.00000000,17.38939688,0.00000000,0.00000000,0.00000000,10.41593827,0.00000000,0.00000000,2.83723152,18.72603450,0.00000000,2.76812167,0.00000000,0.00000000,0.00000000,0.00000000,0.00000000,0.00000000,0.04505765,0.00000000,0.00000000,0.00000000,0.00000000,0.00000000,0.00000000,0.00000000,0.00000000,0.00000000,0.00000000,0.00000000,0.00000000,0.00000000,0.00000000,39.02188327,0.00000000,0.00000000,0.00000000,0.00000000,0.00000000,0.03108007,0.00000000,0.00000000,0.00000000,0.00000000,0.00000000,0.00000000,4.09841315,0.00000000,0.00000000,0.00000000,38.02123959,82.14684478,31.91684884,0.00000000,0.00000000,0.00000000,0.00000000
7.08813852,0.81742233,25.38758325,0.00398980,58.03826447,91.15308351,0.00000000,0.00000000,0.00000000,0.00000000,60.85989671,41.34201323,36.61310611,37.90581275,190.58995053,112.03628351,175.64115891,0.00000000,176.33870682,54.91358141,0.00000000,13.14593344,152.15502618,0.00000000,12.39291621,0.00000000,184.78634699,8.40833500,44.53284873,0.00000000,56.12385186,1.22539105,26.71660269,2.38584966,69.94243582,7.93772265,23.03184769,0.00000000,13.60327604,0.00000000,0.00000000,0.00000000,21.42097968,0.00000000,57.66017014,1.22284434,0.00000000,0.00000000,0.00000000,0.00000000,90.33927858,0.00000000,0.63349074,0.00000000,0.00000000,0.00000000,0.00000000,0.00000000,0.00000000,0.00000000,0.47168826,0.00000000,59.68359316,0.00000000,0.00000000,0.00000000,0.00000000,0.00000000,0.00000000,0.00000000,36.20362116,0.00000000,0.00000000,0.00000000,37.36537506,0.00000000,0.00000000,0.00000000,0.00000000,0.00000000,0.00000000,0.00000000,0.00000000,0.00000000,47.48736994,0.00000000,8.51450095,0.00000000,0.00000000,0.00000000,0.04342827,0.00000000,0.00000000,0.00000000,0.00000000,0.00000000,47.61753498,0.00000000,170.67274534,0.00000000,2.04950930,0.00000000,0.00000000,0.00000000,0.00000000,0.00000000,24.03087873,0.00000000,0.00000000,0.00000000,0.00000000,0.00000000,0.00000000,0.00000000,0.00000000,0.00000000,0.00000000,0.00000000,0.00000000,0.00000000,58.41872220,0.00000000,0.00000000,0.00000000,0.00000000,0.00000000,0.00000000,0.00000000,0.00000000,0.00000000,0.00000000,0.00000000,0.00000000,0.00000000,0.00000000,0.00000000,0.00000000,0.00000000,0.00000000,0.00000000,21.60070370,0.00000000,0.00000000,0.00000000,8.31908073,0.00000000,0.00000000,0.00000000,0.00000000,0.00000000,0.00000000,0.00000000,0.00000000,0.00000000,0.00000000,0.00000000,0.00000000,0.00000000,0.00000000,0.00000000,0.00000000,0.00000000,5.83740760,0.00000000,25.54486565,0.00000000,11.00460011,0.00000000,6.11422437,0.00000000,0.00000000,0.00000000,18.22038362,0.00000000,0.00000000,0.00000000,0.94212345,0.00000000,91.80036334,0.00000000,0.00000000,0.00000000,1.43886164,0.00000000,0.00000000,0.00000000,21.98410910,0.00000000,0.00000000,0.00000000,0.00000000,0.00000000,0.00000000,0.00000000,0.00000000,0.00000000,0.00000000,0.00000000,0.00000000,0.00000000,10.15975467,0.00000000,0.00000000,0.00000000,0.00000000,0.00000000,0.00000000,0.00000000,0.00000000,0.00000000,67.83339302,93.72873689,118.08192265,18.76932150,18.94800130,0.00000000,0.00000000,0.00000000,0.00000000,0.00000000,0.00000000,0.00000000,0.00000000,0.00000000,0.00000000
0.00000000,1.73149649,0.00000000,51.02502052,14.11564510,181.76533522,0.00000000,6.51577636,0.00000000,0.00000000,10.38489182,62.42984192,20.34648178,71.58964775,28.28307415,182.52271622,2.60071038,115.48408583,66.47603135,298.62056209,13.14593344,0.00000000,3.11247758,230.22262724,0.00000000,73.93638570,0.00000000,163.38351973,0.00000000,39.36594616,0.00000000,2.31294434,0.00000000,34.26028987,0.00000000,20.75362336,0.00000000,0.98304144,0.00000000,15.27512442,0.08160170,0.00000000,0.00000000,93.62938596,0.00000000,69.06281659,0.00000000,1.82597568,0.00000000,0.00000000,0.17956998,25.24551194,0.00000000,24.09996406,0.00000000,6.75651530,0.00000000,0.00000000,0.00000000,0.00000000,0.00000000,2.13324614,0.00000000,97.50763122,0.00000000,0.00000000,0.00000000,0.00000000,0.00000000,0.00000000,0.00000000,7.96818070,0.00000000,0.00000000,0.00000000,28.59331387,0.00000000,0.00000000,0.00000000,0.00000000,0.00000000,177.81108836,0.00000000,0.00000000,0.00000000,0.16750672,0.00000000,81.62004086,0.00000000,0.00000000,0.00000000,0.00000000,0.00000000,0.00000000,0.00000000,0.00000000,0.00000000,0.00000000,0.00000000,0.52886860,0.00000000,0.00000000,0.00000000,0.00000000,0.00000000,0.00000000,0.00000000,0.00000000,0.00000000,0.00000000,0.00000000,0.00000000,0.00000000,0.00000000,0.00000000,0.00000000,0.00000000,0.00000000,0.00000000,0.00000000,0.00000000,45.36616520,0.00000000,0.00000000,0.00000000,0.00000000,0.00000000,0.00000000,0.00000000,0.00000000,0.00000000,0.00000000,0.00000000,0.00000000,0.00000000,0.00000000,0.00000000,0.00000000,4.88346467,23.27293278,0.00000000,153.72390620,0.00000000,101.08981745,0.00000000,38.42754048,0.00000000,0.00000000,0.00000000,0.00000000,0.00000000,0.00000000,0.00000000,0.00000000,0.00000000,5.94026987,0.00000000,0.00000000,0.00000000,0.00000000,0.00000000,0.00000000,0.00000000,0.00000000,4.18204930,3.54561340,0.00000000,37.06290748,0.00000000,40.70377500,0.00000000,2.63890799,0.00000000,14.59107037,0.00000000,2.70517855,0.00000000,17.14120456,0.00000000,29.26169012,0.00000000,0.00000000,0.00000000,0.00000000,0.00000000,0.00000000,0.00000000,12.45000190,0.00000000,0.00000000,0.00000000,0.00000000,0.00000000,0.00000000,0.00000000,0.00000000,0.00000000,0.00000000,0.00000000,0.00000000,0.00000000,0.00000000,0.00000000,0.00000000,0.00000000,0.00000000,0.00000000,0.00000000,0.00000000,0.00000000,0.00000000,0.00000000,0.00000000,0.00000000,16.41397562,0.00000000,0.00000000,0.00000000,47.54037020,111.62555512,115.04599708,0.00000000,1.46355477,0.00000000,0.00000000
9.52232553,233.33503530,250.45138278,123.69549394,58.57936455,19.91951978,11.15770810,10.32801381,0.89432977,0.00000000,10.38400482,82.85318680,0.00000000,0.00000000,223.25676213,125.58503770,46.29222697,51.17999712,197.41525479,0.00000000,152.15502618,3.11247758,0.00000000,213.20515220,79.56842732,13.98229572,161.00260152,0.00000000,28.46470591,1.10281698,18.09242548,0.00000000,25.44823515,5.08257677,0.14315589,0.00000000,20.55700123,4.05235499,75.75878187,2.30787012,0.00000000,0.00000000,0.00000000,0.00000000,55.67850913,0.00000000,12.14802741,0.00000000,1.08832910,0.00000000,2.82165986,0.00000000,23.35731927,0.00000000,32.43523526,0.00000000,0.00000000,0.00000000,0.00000000,0.00000000,0.00000000,0.00000000,52.51648123,2.25319403,0.00000000,0.00000000,0.00000000,0.00000000,0.00000000,0.00000000,0.00000000,0.00000000,0.00000000,0.00000000,0.00000000,0.00000000,0.00000000,0.00000000,0.00000000,0.00000000,0.00000000,0.00000000,0.00000000,0.00000000,3.83639285,0.00000000,0.00000000,0.00000000,0.00000000,0.00000000,54.91748392,0.00000000,0.00000000,0.00000000,0.00000000,0.00000000,81.34396737,0.00000000,0.00000000,0.00000000,0.00000000,0.00000000,0.00000000,0.00000000,0.00000000,0.00000000,98.08988649,0.00000000,0.00000000,0.00000000,0.00000000,0.00000000,0.00000000,0.00000000,0.00000000,0.00000000,0.00000000,0.00000000,0.00000000,0.00000000,0.90726906,0.00000000,0.00000000,0.00000000,0.00000000,0.00000000,3.79068238,0.00000000,0.00000000,0.00000000,1.17015007,0.00000000,0.00000000,0.00000000,124.38607931,0.00000000,25.15140287,0.00000000,0.00000000,0.00000000,0.00000000,0.00000000,101.63406170,0.00000000,0.00000000,0.00000000,1.74787567,0.00000000,0.00000000,0.00000000,32.95067034,0.00000000,6.59876508,0.00000000,8.53084657,0.00000000,2.81945616,0.00000000,2.45167663,0.00000000,0.00000000,0.00000000,0.00000000,0.00000000,0.00000000,0.00000000,23.45559509,0.00000000,8.58526846,0.00000000,0.86462814,0.00000000,51.04917570,0.00000000,1.42780749,0.00000000,48.20084570,12.05159537,8.68824360,0.00000000,22.00457778,2.59633084,4.90198703,0.00000000,0.00000000,0.00000000,0.00000000,0.00000000,0.00000000,0.00000000,0.00000000,0.00000000,0.00000000,0.00000000,2.28121671,0.00000000,0.00000000,0.00000000,8.92265055,0.00000000,82.46485203,0.00000000,0.00000000,0.00000000,0.00000000,0.00000000,3.50300780,0.00000000,70.24089897,0.00000000,152.31732166,121.78725379,95.73114769,0.00000000,49.95971393,0.00000000,0.00000000,0.00000000,3.33260244,0.00000000,2.88386796,0.00000000,0.00000000,0.00000000,0.00000000
127.36077270,11.57660049,82.22644631,358.17094262,55.33050957,72.80673587,6.81927657,43.93296649,7.18213833,0.00000000,64.64175909,55.66725663,0.00000000,0.00000000,95.29132438,78.64080566,31.02726554,104.95817866,2.71399435,66.66887435,0.00000000,230.22262724,213.20515220,0.00000000,30.73659527,144.70332099,0.00000000,0.00000000,0.00000000,56.14202152,3.90661542,10.38735179,0.00000000,28.87520811,0.00000000,0.01170291,0.00000000,16.32344147,0.41157475,27.75218606,0.00000000,0.00000000,0.00000000,7.87471119,3.22249550,4.23401370,0.00000000,0.00000000,0.00000000,0.00000000,3.07846023,1.77158042,0.00000000,10.17470033,0.00000000,0.73187932,0.00000000,7.21276785,0.00000000,0.00000000,0.00000000,0.00000000,0.00000000,97.05754704,0.00000000,0.00000000,0.00000000,0.00000000,0.00000000,0.00000000,0.00000000,1.32936669,0.00000000,0.00000000,0.00000000,0.00000000,0.00000000,0.00000000,0.00000000,0.00000000,0.00000000,104.11519707,0.00000000,0.00000000,0.00000000,16.62262579,0.00000000,0.00000000,0.00000000,0.00000000,0.00000000,19.93873956,0.00000000,0.00000000,0.00000000,0.00000000,0.00000000,51.75032456,0.00000000,68.67226415,0.00000000,42.96215901,0.00000000,0.00000000,0.00000000,0.00000000,0.00000000,0.00000000,0.00000000,0.00000000,0.00000000,0.00000000,0.00000000,0.00000000,0.00000000,0.00000000,0.00000000,0.00000000,0.00000000,0.00000000,0.00000000,19.89096358,0.00000000,6.26787626,0.00000000,0.00000000,0.00000000,0.00000000,0.00000000,0.00000000,0.00000000,0.00000000,0.00000000,0.00000000,0.00000000,0.89866592,0.00000000,0.00000000,0.00000000,22.97663196,0.00000000,35.95227446,0.00000000,79.32225966,0.00000000,0.22227563,0.00000000,0.00000000,0.00000000,0.00000000,0.00000000,0.00000000,0.00000000,0.00000000,0.00000000,9.14431514,0.00000000,0.00000000,0.00000000,7.61373063,0.00000000,0.00000000,0.00000000,0.00000000,0.00000000,0.75989151,0.00000000,13.37244766,0.00000000,6.81254530,0.00000000,0.00000000,0.00000000,19.39586010,0.00000000,0.00000000,8.02866672,11.37004833,3.96246871,33.09679890,0.00000000,0.00000000,2.95257712,15.61007270,0.00000000,0.00000000,0.00000000,0.00000000,0.00000000,0.00000000,0.00000000,0.00000000,0.00000000,0.00000000,0.00000000,0.00000000,0.00000000,0.00000000,0.00000000,0.00000000,0.00000000,0.00000000,0.00000000,0.00000000,0.00000000,0.00000000,0.00000000,0.00000000,0.00000000,0.00000000,6.18172687,0.00000000,0.00000000,0.00000000,5.54127742,0.00000000,0.00000000,0.00000000,76.50062522,98.41528196,49.36002546,2.38570373,0.00000000,0.00000000,0.00000000
0.00000000,171.26726799,65.08060996,0.00000000,0.00000000,0.00000000,181.45145342,74.30816049,25.64983213,197.86242143,0.00000000,0.00000000,0.00000000,0.00000000,23.47173112,4.06660355,151.26156785,12.05897696,12.33543724,0.00000000,12.39291621,0.00000000,79.56842732,30.73659527,0.00000000,150.76616999,0.39066228,0.00000000,43.74959946,0.00000000,0.54691554,0.00000000,0.00000000,0.00000000,0.00000000,0.00000000,0.00000000,0.00000000,44.64158851,0.00000000,0.00000000,0.00000000,0.00000000,0.00000000,0.00000000,0.00000000,0.00000000,0.00000000,3.71603512,0.00000000,6.30312079,0.00000000,69.05677715,0.00000000,94.64049154,0.00000000,1.54219263,0.00000000,0.84347711,0.00000000,72.06190179,0.00000000,176.51834291,15.26640564,0.00000000,0.00000000,0.00000000,0.00000000,0.00000000,0.00000000,0.00000000,0.00000000,0.00000000,0.00000000,0.00000000,0.00000000,0.00000000,0.00000000,0.00000000,0.00000000,0.00000000,0.00000000,0.00000000,0.00000000,0.00000000,0.00000000,0.00000000,0.00000000,0.00000000,0.00000000,0.00000000,0.00000000,0.00000000,0.00000000,0.00000000,0.00000000,16.21320991,0.00000000,0.00000000,0.00000000,0.00000000,0.00000000,0.00000000,0.00000000,0.00000000,0.00000000,28.53894166,0.00000000,0.00000000,0.00000000,0.00000000,0.00000000,0.00000000,0.00000000,0.00000000,0.00000000,0.00000000,0.00000000,0.00000000,0.00000000,0.00000000,0.00000000,0.00000000,0.00000000,0.00000000,0.00000000,3.76110118,0.00000000,26.74327094,0.00000000,0.00000000,0.00000000,0.00000000,0.00000000,70.95830080,0.00000000,68.06543616,0.00000000,36.00810753,0.00000000,6.58126233,0.00000000,101.91019947,0.00000000,0.00000000,0.00000000,0.00000000,0.00000000,5.07431019,0.00000000,3.54176028,0.00000000,0.00000000,0.00000000,31.59299645,0.00000000,11.19212637,0.00000000,18.23299750,0.00000000,5.61166220,0.00000000,0.00000000,0.00000000,0.00000000,0.00000000,0.00000000,0.00000000,21.80257909,0.00000000,42.12404293,0.00000000,98.92117569,0.00000000,0.00000000,0.00000000,0.00000000,7.45837989,0.00000000,0.00000000,0.00000000,0.00000000,3.76566378,0.00000000,0.00000000,0.00000000,0.00000000,0.00000000,0.00000000,0.00000000,0.00000000,0.00000000,0.00000000,0.00000000,0.00000000,0.00000000,0.00000000,0.00000000,0.27712550,0.00000000,27.70054571,0.00000000,0.00000000,0.00000000,0.00000000,0.00000000,0.00000000,0.00000000,29.33073559,0.00000000,290.97421812,61.48554483,141.10969863,58.67965930,255.15532005,0.00000000,3.39766839,0.00000000,0.00000000,0.00000000,0.00000000,0.00000000,0.00000000,0.00000000,0.00000000
92.54319934,4.77205073,21.29884632,112.85457793,0.00000000,12.32927477,68.40943819,193.58178138,154.66965626,8.88369258,0.00000000,0.00000000,0.00000000,0.00000000,0.00000000,20.11547040,33.44904546,98.09775057,0.00000000,20.02545695,0.00000000,73.93638570,13.98229572,144.70332099,150.76616999,0.00000000,0.00000000,0.00000000,0.00000000,20.57185936,0.00000000,0.00000000,0.00000000,0.00000000,0.00000000,0.32085147,0.00000000,12.52044335,0.00000000,83.50520474,0.00000000,0.00000000,0.00000000,6.29864238,0.00000000,0.00000000,0.00000000,0.00000000,0.00000000,0.00000000,0.00000000,0.00000000,29.29494084,21.10943459,12.35798543,72.23625056,0.00000000,72.88384219,0.00000000,8.90725514,0.01435619,80.45635475,33.26727323,170.53461075,0.00000000,0.00000000,2.11730623,0.00000000,0.00000000,0.00000000,0.00000000,0.00000000,0.00000000,0.00000000,0.00000000,0.00000000,0.00000000,0.00000000,0.00000000,0.00000000,0.00000000,0.04713326,0.00000000,0.00000000,0.00000000,45.36003113,0.00000000,0.00000000,0.00000000,0.00000000,0.00000000,28.02751911,0.00000000,0.00000000,0.00000000,0.00000000,0.00000000,55.12285286,0.00000000,0.00000000,0.00000000,0.00000000,0.00000000,0.00000000,0.00000000,0.00000000,0.00000000,0.00000000,0.00000000,0.00000000,0.00000000,0.00000000,0.00000000,0.00000000,0.00000000,0.00000000,0.00000000,0.00000000,0.00000000,0.00000000,0.00000000,0.00000000,0.00000000,0.00000000,0.00000000,0.00000000,0.00000000,0.00000000,0.00000000,3.73096749,0.00000000,0.00000000,0.00000000,0.00000000,0.00000000,50.09037668,0.00000000,50.56431339,8.52879907,27.89897189,0.00000000,11.82801760,0.00000000,38.69200198,4.69177668,0.00000000,0.00000000,0.00000000,0.00000000,0.00000000,0.00000000,0.00000000,0.00000000,0.00000000,0.00000000,27.79907257,0.00000000,14.13502187,0.00000000,4.86248182,0.00000000,0.00000000,0.00000000,1.75075533,0.00000000,0.81844344,0.00000000,0.00000000,0.00000000,17.58711054,0.00000000,9.54884027,0.00000000,79.78145490,0.00000000,0.00000000,3.49736616,0.01843561,0.00000000,0.00000000,0.00000000,0.00000000,0.00000000,6.95206862,0.00000000,0.00000000,0.00000000,0.00000000,0.00000000,0.00000000,0.00000000,0.00000000,0.00000000,0.00000000,0.00000000,0.00000000,0.00000000,0.00000000,0.00000000,0.00000000,0.00000000,0.00000000,0.00000000,0.00000000,0.00000000,0.00000000,0.00000000,0.00000000,0.00000000,0.00000000,0.00000000,0.00000000,0.00000000,0.00000000,63.29486797,0.00000000,0.00000000,0.00000000,200.99096064,72.44994132,108.65514672,11.80247176,0.00000000,2.74108462,0.00000000
0.00000000,0.00000000,52.59588111,0.00000000,144.16445854,0.00000000,0.00000000,0.00000000,0.00000000,0.00000000,14.66574452,0.00000000,114.46834125,234.71769108,85.27255263,0.00000000,22.67759174,1.63245415,128.65121338,8.04070142,184.78634699,0.00000000,161.00260152,0.00000000,0.39066228,0.00000000,0.00000000,319.18732255,25.58612158,0.00000000,4.36662757,0.00000000,3.52005133,0.00000000,31.72697930,0.00000000,53.86313340,0.00000000,3.57036210,0.00000000,7.45387591,67.24656923,381.97680747,23.97899546,167.49200283,0.00000000,64.19752688,134.85974457,14.81614159,0.00000000,228.22106125,9.44553833,2.51153372,0.00000000,0.00000000,0.00000000,0.00000000,0.00000000,0.00000000,0.00000000,0.00000000,0.00000000,20.99557297,0.00000000,0.00000000,0.00000000,0.00000000,0.00000000,0.00000000,0.00000000,0.00000000,0.00000000,0.00000000,0.00000000,0.00000000,0.00000000,0.00000000,0.00000000,0.00000000,0.00000000,0.00000000,0.00000000,0.00000000,0.00000000,0.00000000,0.00000000,0.00000000,0.00000000,0.00000000,0.00000000,0.00000000,0.00000000,0.00000000,0.00000000,0.00000000,0.00000000,0.00000000,0.00000000,0.00000000,0.00000000,0.00000000,0.00000000,0.00000000,0.00000000,0.00000000,0.00000000,0.00000000,0.00000000,0.00000000,0.00000000,0.00000000,0.00000000,0.00000000,0.00000000,0.00000000,0.00000000,0.00000000,0.00000000,0.00000000,0.00000000,15.10249942,0.00000000,0.00000000,0.00000000,0.00000000,0.00000000,0.00000000,0.00000000,0.00000000,0.00000000,0.00000000,0.00000000,0.00000000,0.00000000,0.00000000,0.00000000,0.00000000,0.00000000,0.00000000,0.00000000,0.00000000,0.00000000,0.00000000,0.00000000,40.21011236,0.00000000,0.00000000,0.00000000,0.00000000,0.00000000,0.00000000,0.00000000,0.00000000,0.00000000,0.00000000,0.00000000,0.00000000,0.00000000,0.00000000,0.00000000,0.00000000,0.00000000,0.00000000,0.00000000,52.08479359,0.00000000,0.70645950,0.00000000,0.00000000,0.00000000,0.00000000,0.00000000,0.00000000,0.00000000,0.00000000,0.00000000,1.09878329,0.00000000,0.00000000,0.00000000,1.65048002,0.00000000,8.15241844,0.00000000,17.86306737,0.00000000,24.53773583,0.00000000,0.00000000,0.00000000,0.00000000,0.00000000,0.00000000,0.00000000,0.00000000,0.00000000,0.00000000,0.00000000,0.00000000,0.00000000,19.00966213,0.00000000,0.00000000,0.00000000,0.00000000,0.00000000,0.00000000,0.00000000,0.00000000,0.00000000,0.00000000,134.66371208,124.48114881,19.40445172,1.47830840,0.00000000,0.00000000,16.57911395,0.00000000,0.00000000,12.49774825,0.00000000,0.00000000,0.00000000,0.00000000
0.00000000,157.97819412,0.00000000,44.73966876,0.00000000,257.98422158,0.00000000,56.60778147,0.00000000,0.09005761,0.00000000,224.08682881,347.01306717,75.09372617,0.00000000,83.28065716,0.00000000,0.00000000,89.35495990,359.02931025,8.40833500,163.38351973,0.00000000,0.00000000,0.00000000,0.00000000,319.18732255,0.00000000,0.00000000,2.75379392,0.00000000,0.83857117,0.00000000,6.73604812,0.00000000,90.07609294,0.00000000,0.00000000,0.00000000,0.00000000,231.48229324,6.79026969,22.14618905,254.39309798,19.55309539,169.69957638,128.45436383,270.91121208,0.00000000,19.03650428,19.11260327,225.05492627,0.00000000,0.00000000,0.00000000,0.00000000,0.00000000,0.00000000,0.00000000,0.00000000,0.00000000,0.00000000,0.00000000,0.00000000,0.00000000,24.17743671,0.00000000,1.46876869,0.00000000,0.00000000,0.00000000,0.00000000,0.00000000,0.00000000,0.00000000,0.00000000,0.00000000,0.00000000,0.00000000,0.00000000,0.00000000,13.01147017,0.00000000,0.00000000,0.00000000,0.00000000,0.00000000,32.03570415,0.00000000,0.00000000,0.00000000,0.00000000,0.00000000,0.00000000,0.00000000,0.09496443,0.00000000,0.00000000,0.00000000,0.00000000,0.00000000,0.00000000,0.00000000,0.87695199,0.00000000,0.00000000,0.00000000,0.00000000,0.00000000,0.00000000,0.00000000,0.00000000,0.00000000,0.00000000,0.00000000,0.00000000,0.00000000,0.00000000,0.00000000,0.00000000,0.00000000,0.00000000,0.00000000,0.00000000,0.00000000,0.00000000,0.00000000,0.00000000,0.00000000,0.00000000,0.00000000,0.00000000,0.00000000,0.00000000,0.00000000,59.10257917,0.00000000,0.00000000,0.00000000,0.00000000,0.00000000,0.00000000,0.00000000,0.00000000,0.00000000,0.00000000,0.00000000,0.00000000,0.00000000,31.17945550,0.00000000,63.17018348,0.31551633,0.00000000,0.00000000,0.00000000,0.00000000,0.00000000,0.00000000,0.00000000,0.00000000,0.00000000,0.00000000,0.00000000,3.84497316,31.85779529,0.00000000,0.00000000,0.00000000,41.79595788,0.00000000,0.00000000,0.00000000,0.00000000,0.00000000,0.00000000,0.00000000,18.64515327,0.00000000,3.10442710,0.00000000,30.96457106,0.00000000,0.00000000,0.00000000,16.01622655,15.26190385,9.97132298,0.00000000,0.00000000,0.00000000,0.00000000,0.00000000,0.00000000,0.00000000,11.60735798,0.00000000,0.00000000,0.00000000,17.95795925,0.00000000,21.02665127,0.00000000,0.00000000,0.00000000,0.00000000,0.00000000,0.00000000,0.00000000,13.77991998,0.00000000,0.00000000,7.36080500,0.00000000,0.00000000,0.00000000,0.00000000,0.00000000,22.77998951,224.87499219,149.39103561,6.96885551,12.77747322,0.00000000,0.00000000
27.99926925,0.00000000,88.56313421,0.00000000,0.00000000,0.00000000,35.33549862,0.00000000,0.58614411,0.00000000,0.00000000,0.00000000,0.28281527,0.00000000,1.06200989,0.00000000,178.35629997,0.00000000,6.03010127,0.00000000,44.53284873,0.00000000,28.46470591,0.00000000,43.74959946,0.00000000,25.58612158,0.00000000,0.00000000,0.00000000,31.81650982,0.00000000,12.35262293,0.00000000,12.39029318,0.00000000,27.96067647,0.00000000,71.85624306,0.00000000,0.00000000,0.00000000,32.11840903,0.00000000,13.76139778,0.00000000,0.00000000,0.00000000,0.00000000,0.00000000,27.10829532,0.00000000,16.21307301,0.00000000,0.00000000,0.00000000,0.00000000,0.00000000,0.00000000,0.00000000,18.52329952,0.00000000,19.85295565,0.00000000,0.00000000,0.00000000,0.00000000,0.00000000,0.00000000,0.00000000,42.60923970,0.00000000,0.00032364,0.00000000,14.14342704,0.00000000,0.00000000,0.00000000,0.00000000,0.00000000,0.00000000,0.00000000,0.00000000,0.00000000,0.45844034,0.00000000,19.89050580,0.00000000,0.00000000,0.00000000,0.00000000,0.00000000,0.00000000,0.00000000,0.00000000,0.00000000,8.69425994,0.00000000,16.04787843,0.00000000,0.00000000,0.00000000,0.00000000,0.00000000,0.00000000,0.00000000,0.54403836,0.00000000,0.00000000,0.00000000,0.00000000,0.00000000,0.00000000,0.00000000,0.00000000,0.00000000,0.00000000,0.00000000,0.00000000,0.00000000,52.44530171,0.00000000,2.91999874,0.00000000,0.00000000,0.00000000,0.00000000,0.00000000,0.00000000,0.00000000,0.00000000,0.00000000,0.00000000,0.00000000,0.00000000,0.00000000,14.30871381,0.00000000,57.93468173,0.00000000,54.98160726,0.00000000,8.81243471,0.00000000,23.32147280,0.00000000,0.00000000,0.00000000,0.00000000,0.00000000,0.00000000,0.00000000,0.00000000,0.00000000,1.98197560,0.00000000,0.00000000,0.00000000,0.51571848,0.00000000,0.00000000,0.00000000,0.00000000,0.00000000,0.00000000,0.00000000,0.00000000,0.00000000,0.00000000,0.00000000,0.00000000,0.00000000,0.00000000,0.00000000,0.00000000,0.00000000,0.00000000,0.00000000,0.00000000,0.00000000,0.00000000,0.00000000,9.60364017,0.00000000,0.00000000,0.00000000,0.00000000,0.00000000,0.00000000,0.00000000,0.00000000,0.00000000,0.00000000,0.00000000,0.00000000,0.00000000,0.00000000,0.00000000,0.00000000,0.00000000,0.00000000,0.00000000,0.00000000,0.00000000,0.00000000,0.00000000,0.00000000,0.00000000,0.00000000,0.00000000,0.00000000,8.91836239,0.00000000,1.83109282,0.00000000,0.00000000,0.00000000,0.00000000,0.00000000,0.00000000,0.00000000,0.00000000,0.00000000,0.00000000,0.00000000
0.00000000,0.60459981,0.00000000,119.96447791,0.00000000,0.00000000,0.00000000,62.29501914,0.00000000,0.00000000,0.00000000,8.42064681,0.00000000,0.00000000,0.00000000,1.32057734,0.00000000,114.54823598,0.00000000,0.00000000,0.00000000,39.36594616,1.10281698,56.14202152,0.00000000,20.57185936,0.00000000,2.75379392,0.00000000,0.00000000,0.00000000,25.60078233,0.00000000,45.44338029,0.00000000,31.29860845,0.00000000,9.49315717,0.00000000,2.66484880,0.00000000,0.00000000,0.00000000,22.52824074,0.00000000,0.00000000,0.00000000,1.12167704,0.00000000,0.00000000,0.00000000,8.49629203,0.00000000,5.40592375,0.00000000,1.18911007,0.00000000,0.00000000,0.00000000,0.00000000,0.00000000,8.38015555,0.00000000,61.64353288,0.00000000,0.00000000,1.40189022,0.00000000,0.00000000,0.00000000,0.00000000,4.28585116,0.00000000,0.00000000,0.00000000,0.11454919,0.00000000,0.00000000,0.00000000,0.00000000,0.00000000,5.96607730,0.00000000,0.00000000,0.00000000,0.00000000,0.00000000,0.00000000,0.00000000,0.00000000,0.00000000,0.00000000,0.00000000,0.00000000,0.00000000,0.00000000,0.00000000,5.59433607,0.00000000,41.50648845,0.00000000,29.80302679,0.00000000,0.00000000,0.00000000,0.00000000,0.00000000,0.00000000,0.00000000,0.00000000,0.00000000,0.00000000,0.00000000,0.00000000,0.00000000,0.00000000,0.00000000,0.00000000,0.00000000,0.00000000,0.00000000,0.00000000,0.00000000,0.00000000,0.00000000,0.00000000,0.00000000,0.00000000,0.00000000,0.00000000,0.00000000,0.00000000,0.00000000,0.00000000,0.00000000,0.00000000,0.00000000,19.17062651,0.00000000,28.15731225,0.00000000,146.72483775,0.00000000,142.89816034,0.00000000,19.75647241,0.00000000,0.00000000,0.00000000,0.00000000,0.00000000,0.00000000,0.00000000,0.00000000,0.00000000,0.04449368,0.00000000,0.00000000,0.00000000,48.01548365,0.00000000,0.00000000,0.00000000,0.00000000,0.00000000,0.00000000,0.00000000,0.00000000,0.00000000,0.00000000,0.00000000,0.00000000,0.00000000,0.00000000,0.00000000,0.00000000,0.00000000,0.00000000,0.00000000,0.00000000,0.00000000,0.00000000,0.00000000,0.00000000,0.00000000,0.00000000,0.00000000,0.00000000,0.00000000,0.00000000,0.00000000,0.00000000,0.00000000,0.00000000,0.00000000,0.00000000,0.00000000,0.00000000,0.00000000,0.00000000,0.00000000,0.00000000,0.00000000,0.00000000,0.00000000,0.00000000,0.00000000,0.00000000,0.00000000,0.00000000,0.00000000,0.00000000,0.00000000,0.00000000,0.00000000,0.00000000,0.00000000,0.00000000,0.00000000,0.00000000,0.00000000,0.00000000,0.00000000,0.00000000,0.00000000
0.00000000,0.00000000,0.00000000,0.00000000,42.04423632,4.42069408,1.11112979,0.00000000,0.00000000,0.00000000,33.00965933,0.00000000,3.27997140,0.00000000,161.30462370,16.99136255,68.11290655,0.00000000,0.00000000,0.00000000,56.12385186,0.00000000,18.09242548,3.90661542,0.54691554,0.00000000,4.36662757,0.00000000,31.81650982,0.00000000,0.00000000,0.00000000,4.54938266,0.00000000,17.04980999,0.00000000,11.22540788,0.00000000,10.29100347,0.00000000,0.00000000,0.00000000,43.90881149,0.00000000,0.00000000,0.00000000,0.00000000,0.00000000,0.00000000,0.00000000,9.93683291,0.00000000,0.00000000,0.00000000,0.00000000,0.00000000,0.00000000,0.00000000,0.00000000,0.00000000,0.00000000,0.00000000,0.00000000,0.00000000,0.00000000,0.00000000,0.00000000,0.00000000,0.00000000,0.00000000,28.80256718,0.00000000,0.00000000,0.00000000,5.77065308,0.00000000,0.00000000,0.00000000,0.00000000,0.00000000,21.32114331,0.00000000,0.00000000,0.00000000,0.00000000,0.00000000,0.00000000,0.00000000,0.00000000,0.00000000,0.00000000,0.00000000,0.00000000,0.00000000,1.65068235,0.00000000,17.82535567,0.00000000,29.46386911,0.00000000,0.00000000,0.00000000,0.00000000,0.00000000,0.00000000,0.00000000,0.00000000,0.00000000,0.00000000,0.00000000,0.00000000,0.00000000,0.00000000,0.00000000,0.00000000,0.00000000,0.00000000,0.00000000,0.00000000,0.00000000,0.00000000,0.00000000,0.00000000,0.00000000,0.00000000,0.00000000,0.00000000,0.00000000,0.00000000,0.00000000,0.00000000,0.00000000,0.00000000,0.00000000,0.00000000,0.00000000,0.00000000,0.00000000,0.00218082,0.00000000,8.91799061,0.00000000,0.00000000,0.00000000,8.04354203,0.00000000,0.00000000,0.00000000,0.00000000,0.00000000,0.00000000,0.00000000,0.00000000,0.00000000,0.00000000,0.00000000,0.00000000,0.00000000,0.00000000,0.00000000,0.00000000,0.00000000,0.00000000,0.00000000,0.00000000,0.00000000,23.28506957,0.00000000,0.00000000,0.00000000,0.00000000,0.00000000,7.61837624,0.00000000,0.00000000,0.00000000,0.00000000,0.00000000,54.45733206,0.00000000,0.00000000,0.00000000,7.96687101,0.00000000,0.00000000,0.00000000,0.00000000,0.00000000,0.00000000,0.00000000,0.00000000,0.00000000,0.00000000,0.00000000,0.00000000,0.00000000,0.00000000,0.00000000,0.00000000,0.00000000,0.00000000,0.00000000,0.00000000,0.00000000,0.00000000,0.00000000,0.00000000,0.00000000,0.00000000,0.00000000,12.82222111,13.84444441,17.99400313,0.00000000,1.86811484,0.00000000,0.00000000,0.00000000,0.00000000,0.00000000,0.00000000,0.00000000,0.00000000,0.00000000,0.00000000
0.00000000,4.19246983,0.00000000,11.36052600,0.00000000,40.45373107,0.00000000,0.00000000,0.00000000,0.00000000,0.00000000,14.95855926,0.00000000,6.58180608,0.00000000,27.00821105,0.00000000,9.55098834,0.00000000,73.68108775,1.22539105,2.31294434,0.00000000,10.38735179,0.00000000,0.00000000,0.00000000,0.83857117,0.00000000,25.60078233,0.00000000,0.00000000,0.00000000,0.00000000,0.00000000,1.93257333,0.00000000,0.60445729,0.00000000,0.77008356,0.00000000,0.00000000,0.00000000,12.62227779,0.00000000,0.00000000,0.00000000,0.00000000,0.00000000,0.00000000,0.00000000,14.49366054,0.00000000,0.00000000,0.00000000,0.00000000,0.00000000,0.00000000,0.00000000,0.00000000,0.00000000,2.32969119,0.00000000,11.02575082,0.00000000,0.00000000,0.00000000,0.00000000,0.00000000,0.00000000,0.00000000,0.00000000,0.00000000,0.00000000,0.00000000,0.00000000,0.00000000,0.00000000,0.00000000,0.00000000,0.00000000,0.00000000,0.00000000,0.00000000,0.00000000,0.00000000,0.00000000,0.00000000,0.00000000,0.00000000,0.00000000,0.00000000,0.00000000,0.00000000,0.00000000,0.00000000,0.00000000,0.00000000,0.00000000,0.00000000,0.00000000,8.42944891,0.00000000,0.16112338,0.00000000,0.00000000,0.00000000,0.00000000,0.00000000,0.00000000,0.00000000,0.00000000,0.00000000,0.00000000,0.00000000,0.00000000,0.00000000,0.00000000,0.00000000,0.00000000,0.00000000,0.00000000,0.00000000,0.00000000,0.00000000,0.00000000,0.00000000,0.00000000,0.00000000,0.00000000,0.00000000,0.13982836,0.00000000,0.00000000,0.00000000,0.00000000,0.00000000,0.00000000,0.00000000,0.00000000,0.00000000,43.92342105,0.00000000,7.31533724,0.00000000,24.61232602,0.00000000,0.00000000,0.00000000,0.00000000,0.00000000,0.00000000,0.00000000,0.00000000,0.00000000,0.00000000,0.00000000,0.00000000,0.00000000,0.00000000,0.00000000,0.00000000,0.00000000,0.00000000,0.00000000,0.00000000,0.00000000,0.00000000,0.00000000,5.65967209,0.00000000,0.00000000,0.00000000,0.00000000,0.00000000,0.00000000,0.00000000,0.00000000,0.00000000,16.93318277,0.00000000,0.00000000,0.00000000,0.00000000,0.00000000,5.42907040,0.00000000,1.76522115,0.00000000,0.00000000,0.00000000,0.00000000,0.00000000,0.00000000,0.00000000,0.00000000,0.00000000,0.00000000,0.00000000,0.00000000,0.00000000,0.00000000,0.00000000,0.00000000,0.00000000,0.00000000,0.00000000,0.00000000,0.00000000,0.00000000,0.00000000,0.00000000,0.00000000,0.00000000,2.10384535,0.00000000,0.00000000,0.00000000,4.62983051,14.40880451,19.47820297,1.09102443,0.00000000,0.00000000,0.00000000
46.63533444,0.00000000,109.51857098,0.00000000,105.72783568,0.00000000,0.00000000,0.00000000,0.00000000,0.00000000,110.14454183,0.00000000,0.01513025,0.00000000,103.24443884,0.00000000,184.41752264,0.00000000,0.00000000,0.00000000,26.71660269,0.00000000,25.44823515,0.00000000,0.00000000,0.00000000,3.52005133,0.00000000,12.35262293,0.00000000,4.54938266,0.00000000,0.00000000,0.00000000,5.06501548,0.00000000,83.47815167,0.00000000,1.76511149,0.00000000,0.00000000,0.00000000,13.79710856,0.00000000,5.24814617,0.00000000,0.00000000,0.00000000,0.00000000,0.00000000,0.60214923,0.00000000,0.00000000,0.00000000,0.00000000,0.00000000,0.00000000,0.00000000,1.37164248,0.00000000,2.37011094,0.00000000,0.71112493,0.00000000,0.00000000,0.00000000,0.00000000,0.00000000,0.00000000,0.00000000,5.13100263,0.00000000,0.00000000,0.00000000,4.06446042,0.00000000,0.00000000,0.00000000,0.00000000,0.00000000,10.20159449,0.00000000,0.00000000,0.00000000,0.00000000,0.00000000,10.33053096,0.00000000,0.00000000,0.00000000,0.00000000,0.00000000,0.00000000,0.00000000,0.00000000,0.00000000,0.00000000,0.00000000,17.51364637,0.00000000,0.48825819,0.00000000,0.00000000,0.00000000,0.00000000,0.00000000,0.00000000,0.00000000,0.00000000,0.00000000,0.00000000,0.00000000,0.00000000,0.00000000,0.00000000,0.00000000,0.00000000,0.00000000,0.00000000,0.00000000,16.11890511,0.00000000,0.00000000,0.00000000,0.00000000,0.00000000,0.00000000,0.00000000,0.00000000,0.00000000,0.00000000,0.00000000,0.00000000,0.00000000,0.00000000,0.00000000,3.19149956,0.00000000,0.00000000,0.00000000,0.00000000,0.00000000,0.00000000,0.00000000,5.93061742,0.00000000,0.00000000,0.00000000,0.00000000,0.00000000,0.00000000,0.00000000,0.00000000,0.00000000,0.00000000,0.00000000,0.38897933,0.00000000,0.00000000,0.00000000,0.00000000,0.00000000,0.00000000,0.00000000,0.00000000,0.00000000,34.01566962,0.00000000,1.57809961,0.00000000,0.00000000,0.00000000,18.11862668,0.00000000,0.00000000,0.00000000,0.00000000,0.00000000,76.27565834,0.00000000,0.00000000,0.00000000,18.70411942,0.00000000,0.00000000,0.00000000,0.00000000,0.00000000,0.00000000,0.00000000,0.00000000,0.00000000,0.00000000,0.00000000,0.00000000,0.00000000,0.00000000,0.00000000,0.00000000,0.00000000,0.00000000,0.00000000,0.00000000,0.00000000,0.00000000,0.00000000,0.00000000,0.00000000,1.25752230,0.00000000,17.14939376,14.38452668,32.91647853,0.02629227,0.00000000,0.00000000,0.00000000,0.00000000,0.00000000,0.00000000,0.00000000,0.00000000,0.00000000,0.00000000,0.00000000
0.00000000,99.99710863,1.38338654,154.89408002,2.72269406,97.82901288,0.00000000,22.03174214,0.00000000,0.00000000,7.16402562,190.28809874,0.00000000,0.00000000,10.01584807,37.84397034,0.00000000,113.43872067,0.00000000,15.41937898,2.38584966,34.26028987,5.08257677,28.87520811,0.00000000,0.00000000,0.00000000,6.73604812,0.00000000,45.44338029,0.00000000,0.00000000,0.00000000,0.00000000,0.00000000,35.70126229,0.00000000,54.09386716,0.00000000,2.86774563,0.00000000,0.00000000,0.00000000,12.53621781,0.00000000,7.59634882,0.00000000,0.00000000,0.00000000,0.00000000,0.00000000,17.95315760,0.00000000,0.62396249,0.00000000,0.00000000,0.00000000,0.00000000,0.00000000,0.00000000,0.00000000,3.74384200,0.00000000,6.31846765,0.00000000,0.00000000,0.00000000,0.00000000,0.00000000,0.00000000,0.00000000,3.50806250,0.00000000,0.00000000,0.00000000,0.00000000,0.00000000,0.00000000,0.00000000,0.00000000,0.00000000,16.31244278,0.00000000,0.00000000,0.00000000,0.00000000,0.00000000,8.39245299,0.00000000,0.00000000,0.00000000,0.00000000,0.00000000,0.00000000,0.00000000,0.00000000,0.00000000,0.00000000,0.00000000,0.06738378,0.00000000,0.00000000,0.00000000,0.00000000,0.00000000,0.00000000,0.00000000,0.00000000,0.00000000,0.00000000,0.00000000,0.00000000,0.00000000,0.00000000,0.00000000,0.00000000,0.00000000,0.00000000,0.00000000,0.00000000,0.00000000,0.00000000,0.00000000,0.00000000,0.00000000,0.00000000,0.00000000,0.00000000,0.00000000,0.00000000,0.00000000,0.00000000,0.00000000,0.00000000,0.00000000,0.00000000,0.00000000,0.00000000,0.00000000,0.00000000,0.00000000,33.71797969,0.00000000,33.26971683,0.00000000,2.44334212,0.00000000,0.00000000,0.00000000,0.00000000,0.00000000,0.00000000,0.00000000,0.00000000,0.00000000,0.00000000,0.00000000,0.81109181,0.00000000,0.00000000,0.00000000,0.00000000,0.00000000,0.00000000,0.00000000,0.00000000,0.00000000,22.39496362,0.00000000,0.00000000,0.00000000,0.00000000,0.00000000,0.75104355,0.00000000,0.00000000,0.00000000,49.39585237,0.00000000,38.79160059,0.00000000,0.00000000,0.00000000,0.00000000,0.00000000,0.00000000,0.00000000,0.00000000,0.00000000,0.00000000,0.00000000,0.00000000,0.00000000,0.00000000,0.00000000,0.00000000,0.00000000,0.00000000,0.00000000,0.00000000,0.00000000,1.96943002,0.00000000,0.00000000,0.00000000,0.00000000,0.00000000,0.00000000,0.00000000,0.00000000,0.00000000,0.00000000,0.00000000,0.00000000,0.00000000,0.00000000,0.00000000,0.00000000,3.14213955,35.75442812,9.17566036,0.00000000,0.00000000,0.00000000,0.00000000
0.00000000,0.00000000,0.00000000,0.00000000,85.98399059,0.00000000,0.00000000,0.00000000,0.00000000,0.00000000,19.47317570,0.00000000,88.78952899,0.00000000,83.71490108,5.07712067,4.74535731,0.00000000,174.04438763,8.47920140,69.94243582,0.00000000,0.14315589,0.00000000,0.00000000,0.00000000,31.72697930,0.00000000,12.39029318,0.00000000,17.04980999,0.00000000,5.06501548,0.00000000,0.00000000,0.00000000,87.66774832,0.00000000,8.50457009,0.00000000,0.00000000,0.00000000,35.77236302,0.00000000,8.13107988,0.00000000,0.00000000,0.00000000,0.00000000,0.00000000,39.40263601,0.00000000,0.00000000,0.00000000,0.00000000,0.00000000,0.00000000,0.00000000,0.00000000,0.00000000,0.00000000,0.00000000,0.89014338,0.00000000,0.00000000,0.00000000,0.00000000,0.00000000,0.00000000,0.00000000,0.00000000,0.00000000,0.00000000,0.00000000,0.00000000,0.00000000,0.00000000,0.00000000,0.00000000,0.00000000,0.00000000,0.00000000,0.00000000,0.00000000,0.00000000,0.00000000,0.00000000,0.00000000,0.00000000,0.00000000,0.00000000,0.00000000,0.00000000,0.00000000,0.00000000,0.00000000,0.00000000,0.00000000,0.00000000,0.00000000,0.00000000,0.00000000,0.00000000,0.00000000,0.00000000,0.00000000,0.00000000,0.00000000,0.00000000,0.00000000,0.00000000,0.00000000,0.00000000,0.00000000,0.00000000,0.00000000,0.00000000,0.00000000,0.00000000,0.00000000,1.68451867,0.00000000,0.00000000,0.00000000,0.00000000,0.00000000,0.00000000,0.00000000,0.00000000,0.00000000,0.00000000,0.00000000,0.00000000,0.00000000,0.00000000,0.00000000,0.00000000,0.00000000,0.00000000,0.00000000,0.00000000,0.00000000,0.00000000,0.00000000,0.00000000,0.00000000,0.00000000,0.00000000,0.00000000,0.00000000,0.00000000,0.00000000,0.00000000,0.00000000,0.00000000,0.00000000,0.00000000,0.00000000,0.00000000,0.00000000,0.00000000,0.00000000,0.00000000,0.00000000,1.63752430,0.00000000,24.49001231,0.00000000,0.00000000,0.00000000,0.00000000,0.00000000,0.00000000,0.00000000,0.00000000,0.00000000,2.04299711,0.00000000,55.58705323,0.00000000,0.00000000,0.00000000,0.23562196,0.00000000,0.00000000,0.00000000,0.00000000,0.00000000,0.00000000,0.00000000,0.00000000,0.00000000,0.00000000,0.00000000,0.00000000,0.00000000,0.00000000,0.00000000,0.00000000,0.00000000,0.00000000,0.00000000,0.00000000,0.00000000,0.00000000,0.00000000,0.00000000,0.00000000,0.00000000,0.00000000,0.00000000,17.10120092,41.44700044,0.00000000,0.00000000,0.00000000,0.00000000,0.18873004,0.00000000,0.00000000,0.00000000,0.00000000,0.00000000,0.00000000,0.00000000
0.00000000,0.00000000,0.00000000,0.00000000,0.00000000,62.16591234,0.00000000,0.00000000,0.00000000,0.00000000,0.00000000,62.09990330,14.37520322,135.55593628,6.49810038,6.10870817,0.00000000,0.00000000,29.87710856,174.36929475,7.93772265,20.75362336,0.00000000,0.01170291,0.00000000,0.32085147,0.00000000,90.07609294,0.00000000,31.29860845,0.00000000,1.93257333,0.00000000,35.70126229,0.00000000,0.00000000,0.00000000,150.18277480,0.00000000,4.16771347,0.00000000,0.00000000,0.00000000,31.92399526,0.00000000,7.74677129,0.00000000,0.00000000,0.00000000,0.00000000,0.00000000,35.77379366,0.00000000,0.00000000,0.00000000,0.00000000,0.00000000,0.00000000,0.00000000,0.00000000,0.00000000,4.18140387,0.00000000,0.00000000,0.00000000,0.00000000,0.00000000,0.00000000,0.00000000,0.00000000,0.00000000,0.00000000,0.00000000,0.00000000,0.00000000,0.00000000,0.00000000,0.00000000,0.00000000,0.00000000,0.00000000,0.00000000,0.00000000,0.00000000,0.00000000,0.00000000,0.00000000,0.00000000,0.00000000,0.00000000,0.00000000,0.00000000,0.00000000,0.00000000,0.00000000,0.00000000,0.00000000,0.08938622,0.00000000,0.00000000,0.00000000,0.00000000,0.00000000,0.00000000,0.00000000,0.00000000,0.00000000,0.00000000,0.00000000,0.00000000,0.00000000,0.00000000,0.00000000,0.00000000,0.00000000,0.00000000,0.00000000,0.00000000,0.00000000,0.00000000,0.00000000,11.57882045,0.00000000,0.00000000,0.00000000,0.00000000,0.00000000,0.00000000,0.00000000,0.00000000,0.00000000,0.00000000,0.00000000,0.00000000,0.00000000,0.00000000,0.00000000,0.00000000,0.00000000,0.00000000,0.00000000,44.25427511,0.00000000,12.77016670,0.00000000,8.88052901,0.00000000,0.00000000,0.00000000,0.00000000,0.00000000,0.00000000,0.00000000,0.00000000,0.00000000,0.00000000,0.00000000,0.58188598,0.00000000,0.00000000,0.00000000,0.00000000,0.00000000,0.00000000,0.00000000,15.86402922,0.00000000,16.34017737,0.00000000,5.25990946,0.00000000,0.00000000,0.00000000,10.29323506,0.00000000,0.00000000,0.00000000,32.94474579,0.00000000,18.56060140,0.00000000,0.00000000,0.00000000,0.00000000,0.00000000,0.00000000,0.00000000,35.86272523,0.00000000,0.00000000,0.00000000,0.00000000,0.00000000,0.00000000,0.00000000,0.00000000,0.00000000,0.00000000,0.00000000,0.00000000,0.00000000,0.00000000,0.00000000,0.00000000,0.00000000,0.00000000,0.00000000,0.00000000,0.00000000,0.00000000,0.00000000,0.00000000,0.00000000,0.00000000,0.00000000,0.00000000,0.00000000,0.00000000,13.71811638,54.96288349,51.91812353,0.00000000,0.00000000,0.00000000,0.00000000
54.91577586,1.71200163,24.79125218,0.00000000,35.83921745,0.00000000,0.00000000,0.00000000,0.00000000,0.00000000,65.06359410,0.00000000,0.00000000,0.00000000,62.52604240,0.00000000,13.30343090,0.00000000,8.49598719,0.00000000,23.03184769,0.00000000,20.55700123,0.00000000,0.00000000,0.00000000,53.86313340,0.00000000,27.96067647,0.00000000,11.22540788,0.00000000,83.47815167,0.00000000,87.66774832,0.00000000,0.00000000,0.00000000,23.84806348,0.00000000,0.00000000,0.00000000,30.58348347,0.00000000,28.05063881,0.00000000,0.00000000,0.00000000,0.00000000,0.00000000,66.62140976,0.00000000,1.81365195,0.00000000,0.00000000,0.00000000,2.05216652,0.00000000,0.00000000,0.00000000,19.42856870,0.00000000,17.00556487,0.00000000,0.00000000,0.00000000,0.04467632,0.00000000,0.00000000,0.00000000,82.03997186,0.00000000,0.11718208,0.00000000,36.09534239,0.00000000,0.00000000,0.00000000,0.00000000,0.00000000,0.00000000,0.00000000,0.00000000,0.00000000,4.95880672,0.00000000,0.00000000,0.00000000,0.00000000,0.00000000,0.00000000,0.00000000,0.00000000,0.00000000,0.00000000,0.00000000,0.00000000,0.00000000,86.19094509,0.00000000,0.12112990,0.00000000,0.00000000,0.00000000,0.00000000,0.00000000,0.00000000,0.00000000,0.00000000,0.00000000,0.00000000,0.00000000,0.00000000,0.00000000,0.00000000,0.00000000,0.00000000,0.00000000,0.00000000,0.00000000,26.05856752,0.00000000,0.00000000,0.00000000,0.00000000,0.00000000,0.00000000,0.00000000,0.00000000,0.00000000,0.00000000,0.00000000,0.00000000,0.00000000,0.00000000,0.00000000,8.01623181,0.00000000,80.22177611,0.00000000,52.81162324,0.00000000,0.00000000,0.00000000,134.40884477,0.00000000,0.00000000,0.00000000,0.00000000,0.00000000,0.00000000,0.00000000,0.00000000,0.00000000,26.37598593,0.00000000,13.37769418,0.00000000,4.22417918,0.00000000,2.08679507,0.00000000,0.70993488,0.00000000,16.68416310,0.00000000,57.45159627,0.00000000,27.85818797,0.00000000,2.72918821,0.00000000,31.22228419,0.00000000,0.00000000,0.00000000,0.24780616,0.89920227,77.21509148,0.00000000,0.00000000,0.00000000,22.82991885,0.00000000,0.00000000,0.00000000,0.00000000,0.00000000,0.00000000,0.00000000,0.00000000,0.00000000,0.00000000,0.00000000,0.00000000,0.00000000,0.00000000,0.00000000,0.00000000,0.00000000,0.00000000,0.00000000,0.00000000,0.00000000,0.00000000,0.00000000,0.00000000,0.00000000,2.24451577,0.00000000,0.17879695,14.12103316,79.77988521,0.00000000,0.00000000,0.00000000,0.00000000,0.00000000,0.00000000,0.00000000,0.00000000,0.00000000,0.00000000,0.00000000,0.00000000
0.12796852,140.57184603,0.00000000,28.66325225,7.20132858,33.10899348,0.00000000,57.33690882,2.92977525,0.00000000,0.00000000,75.47322900,0.00000000,40.07214057,0.00000000,80.74662606,0.00000000,15.98295031,3.69307390,20.03118143,0.00000000,0.98304144,4.05235499,16.32344147,0.00000000,12.52044335,0.00000000,0.00000000,0.00000000,9.49315717,0.00000000,0.60445729,0.00000000,54.09386716,0.00000000,150.18277480,0.00000000,0.00000000,0.00000000,10.70593086,0.00000000,0.00000000,0.00000000,80.89938580,0.00000000,28.81357223,0.00000000,0.00000000,0.00000000,0.00000000,0.00000000,82.13618487,0.00000000,0.00000000,0.00000000,0.00000000,0.00000000,0.00000000,0.00000000,0.00000000,0.00000000,31.62715974,0.00000000,12.03085927,0.00000000,0.00000000,0.00000000,0.00000000,0.00000000,0.00000000,0.00000000,20.68446018,0.00000000,0.00000000,0.00000000,4.40857525,0.00000000,0.00000000,0.00000000,0.00000000,0.00000000,28.94156742,0.00000000,0.00000000,0.00000000,3.81484205,0.00000000,0.00000000,0.00000000,0.00000000,0.00000000,0.00000000,0.00000000,0.00000000,0.00000000,0.00000000,0.00000000,0.00000000,0.00000000,0.00000000,0.00000000,0.00000000,0.00000000,0.00000000,0.00000000,0.94229658,0.00000000,0.00000000,0.00000000,0.00000000,0.00000000,0.00000000,0.00000000,0.00000000,0.00000000,0.00000000,0.00000000,0.00000000,0.00000000,0.00000000,0.00000000,9.44302512,0.00000000,13.41770527,0.00000000,0.00000000,0.00000000,0.00000000,0.00000000,0.00000000,0.00000000,0.00000000,0.00000000,0.00000000,0.00000000,0.00000000,0.00000000,0.00000000,0.00000000,0.00000000,0.00000000,127.77856144,0.00000000,53.73286474,0.00000000,90.55069462,0.00000000,0.00000000,0.00000000,0.00000000,0.00000000,0.00000000,0.00000000,0.00000000,0.00000000,1.47338831,0.00000000,14.65092624,0.00000000,0.00000000,0.00000000,0.00000000,0.00000000,0.00000000,0.00000000,3.07557471,0.00000000,6.69677977,0.00000000,29.92086400,0.00000000,3.55284620,0.00000000,37.93145224,0.00000000,0.00000000,0.00000000,16.35095381,0.00000000,48.03378514,0.00000000,0.00000000,0.00000000,23.80594669,0.00000000,0.00000000,0.00000000,6.70036277,0.00000000,0.00000000,0.00000000,0.00000000,0.00000000,0.00000000,0.00000000,0.00000000,0.00000000,0.00000000,0.00000000,0.00000000,0.00000000,0.00000000,0.00000000,0.00000000,0.00000000,0.00000000,0.00000000,0.00000000,0.00000000,0.00000000,0.00000000,0.00000000,0.00000000,0.00000000,0.00000000,0.00000000,0.00000000,0.00000000,8.51561673,106.87163323,77.04733893,13.97073464,1.70782064,4.61892161,0.00000000
211.26783272,5.26403643,170.42051319,0.00000000,9.54234947,0.00000000,31.37081340,0.00000000,3.59780340,0.00000000,2.75402271,0.00000000,0.00000000,0.00000000,0.01759280,0.00000000,150.54150083,0.00000000,0.00000000,0.00000000,13.60327604,0.00000000,75.75878187,0.41157475,44.64158851,0.00000000,3.57036210,0.00000000,71.85624306,0.00000000,10.29100347,0.00000000,1.76511149,0.00000000,8.50457009,0.00000000,23.84806348,0.00000000,0.00000000,0.00000000,0.00000000,0.00000000,15.34085741,0.00000000,0.00000000,0.00000000,0.00000000,0.00000000,0.00000000,0.00000000,12.43794669,0.00000000,0.44565566,0.00000000,0.00000000,0.00000000,0.00000000,0.00000000,0.00000000,0.00000000,0.00000000,0.00000000,5.39479264,0.00000000,0.00000000,0.00000000,0.00000000,0.00000000,0.00000000,0.00000000,3.26360996,0.00000000,0.00000000,0.00000000,1.84228666,0.00000000,0.00000000,0.00000000,0.00000000,0.00000000,0.00000000,0.00000000,0.00000000,0.00000000,0.00000000,0.00000000,0.00000000,0.00000000,0.00000000,0.00000000,0.00000000,0.00000000,0.00000000,0.00000000,0.00000000,0.00000000,1.08306923,0.00000000,0.00000000,0.00000000,0.00000000,0.00000000,0.00000000,0.00000000,0.00000000,0.00000000,0.00000000,0.00000000,0.00000000,0.00000000,0.00000000,0.00000000,0.00000000,0.00000000,0.00000000,0.00000000,0.00000000,0.00000000,0.00000000,0.00000000,0.00000000,0.00000000,0.00000000,0.00000000,0.00000000,0.00000000,0.00000000,0.00000000,0.00000000,0.00000000,0.00000000,0.00000000,0.00000000,0.00000000,0.00000000,0.00000000,0.00000000,0.00000000,13.78988411,0.00000000,2.32772307,0.00000000,0.00000000,0.00000000,10.30172627,0.00000000,0.00000000,0.00000000,0.00000000,0.00000000,0.00000000,0.00000000,0.00000000,0.00000000,8.10781481,0.00000000,5.47635862,0.00000000,0.00000000,0.00000000,0.00000000,0.00000000,0.00000000,0.00000000,0.00000000,0.00000000,4.17326971,0.00000000,2.75939206,0.00000000,0.00000000,0.00000000,10.02037242,0.00000000,0.00000000,0.00000000,25.21029413,2.54389191,2.79933798,0.00000000,0.00000000,0.00000000,110.97892288,0.00000000,0.00000000,0.00000000,0.00000000,0.00000000,0.00000000,0.00000000,0.00000000,0.00000000,0.00000000,0.00000000,0.00000000,0.00000000,0.00000000,0.00000000,0.00000000,0.00000000,0.00000000,0.00000000,0.00000000,0.00000000,0.00000000,0.00000000,0.00000000,0.00000000,0.00000000,0.00000000,2.78063160,36.02476528,6.27502220,0.00000000,0.00000000,0.00000000,0.00000000,0.00000000,0.00000000,0.00000000,0.00000000,0.00000000,0.00000000,0.00000000,0.00000000
0.00000000,133.52887028,0.00000000,68.36687830,0.00000000,0.00000000,0.00000000,158.05159684,0.00000000,0.00000000,0.00000000,7.91652711,0.00000000,0.00000000,0.00000000,0.00000000,0.00000000,219.51173822,0.00000000,0.00000000,0.00000000,15.27512442,2.30787012,27.75218606,0.00000000,83.50520474,0.00000000,0.00000000,0.00000000,2.66484880,0.00000000,0.77008356,0.00000000,2.86774563,0.00000000,4.16771347,0.00000000,10.70593086,0.00000000,0.00000000,0.00000000,0.00000000,0.00000000,2.81625436,0.00000000,0.00000000,0.00000000,0.00000000,0.00000000,0.00000000,0.00000000,0.72691007,0.00000000,0.00000000,0.00000000,0.00000000,0.00000000,0.00000000,0.00000000,0.00000000,0.00000000,2.01029788,0.00000000,28.95743774,0.00000000,0.00000000,0.00000000,0.00000000,0.00000000,0.00000000,0.00000000,0.00000000,0.00000000,0.00000000,0.00000000,0.00000000,0.00000000,0.00000000,0.00000000,0.00000000,0.00000000,0.00000000,0.00000000,0.00000000,0.00000000,0.00000000,0.00000000,0.00000000,0.00000000,0.00000000,0.00000000,0.00000000,0.00000000,0.00000000,0.00000000,0.00000000,0.00000000,0.00000000,0.00000000,0.00000000,0.00000000,0.00000000,0.00000000,0.00000000,0.00000000,0.00000000,0.00000000,0.00000000,0.00000000,0.00000000,0.00000000,0.00000000,0.00000000,0.00000000,0.00000000,0.00000000,0.00000000,0.00000000,0.00000000,0.00000000,0.00000000,0.00000000,0.00000000,0.00000000,0.00000000,0.00000000,0.00000000,0.00000000,0.00000000,0.62693375,0.00000000,0.00000000,0.00000000,0.00000000,0.00000000,0.00000000,0.00000000,0.00000000,0.00000000,1.28674417,0.00000000,16.96025611,0.00000000,0.00000000,0.00000000,35.02719283,0.00000000,0.00000000,0.00000000,0.00000000,0.00000000,0.00000000,0.00000000,0.00000000,0.00000000,0.00000000,0.00000000,2.41300744,0.00000000,0.28554138,0.00000000,0.00000000,0.00000000,0.00000000,0.00000000,0.00000000,0.00000000,0.54099459,0.00000000,0.00000000,0.00000000,0.00000000,0.00000000,0.00000000,0.00000000,0.00000000,0.00000000,21.48773038,0.00000000,7.70345290,0.00000000,0.00000000,0.00000000,20.30404480,0.00000000,0.00000000,0.00000000,0.00000000,0.00000000,0.00000000,0.00000000,0.00000000,0.00000000,0.00000000,0.00000000,0.00000000,0.00000000,0.00000000,0.00000000,0.00000000,0.00000000,0.00000000,0.00000000,0.00000000,0.00000000,0.00000000,0.00000000,0.00000000,0.00000000,0.00000000,0.00000000,0.00000000,0.00000000,0.00000000,4.29576288,0.00000000,0.00000000,0.00000000,0.00000000,31.13864287,26.20187850,0.00000000,0.00000000,0.00000000,0.00000000
4.66975278,0.00000000,0.00000000,0.00000000,40.32655297,0.00000000,0.00000000,0.00000000,0.00000000,0.00000000,46.19010121,0.00000000,177.92955583,124.34327708,0.00000000,0.00000000,0.00000000,0.00000000,0.49237629,2.45403338,0.00000000,0.08160170,0.00000000,0.00000000,0.00000000,0.00000000,7.45387591,231.48229324,0.00000000,0.00000000,0.00000000,0.00000000,0.00000000,0.00000000,0.00000000,0.00000000,0.00000000,0.00000000,0.00000000,0.00000000,0.00000000,102.68963255,105.68427664,15.98238706,30.54567742,14.51301326,108.07663249,205.95776838,142.79238311,5.79161272,9.55765604,8.76009789,0.00000000,0.00000000,0.00000000,0.00000000,0.00000000,0.00000000,0.00000000,0.00000000,0.00000000,0.00000000,0.00000000,0.00000000,0.00000000,0.00000000,0.60593485,0.00000000,0.00000000,0.00000000,0.00000000,0.00000000,0.00000000,0.00000000,0.00000000,0.00000000,0.00000000,0.00000000,0.00000000,0.00000000,0.00000000,0.00000000,0.00000000,0.00000000,0.00000000,0.00000000,0.00000000,0.00000000,0.00000000,0.00000000,0.00000000,0.00000000,0.00000000,0.00000000,0.00000000,0.00000000,0.00000000,0.00000000,0.00000000,0.00000000,0.00000000,0.00000000,0.00000000,0.00000000,0.00000000,0.00000000,0.00000000,0.00000000,0.00000000,0.00000000,0.00000000,0.00000000,0.00000000,0.00000000,0.00000000,0.00000000,0.00000000,0.00000000,0.00000000,0.00000000,0.00000000,0.00000000,0.00000000,0.00000000,0.00000000,0.00000000,0.00000000,0.00000000,0.00000000,0.00000000,0.00000000,0.00000000,0.00000000,0.00000000,0.00000000,0.00000000,0.00000000,0.00000000,0.00000000,0.00000000,0.00000000,0.00000000,0.00000000,0.00000000,0.00000000,0.00000000,0.00000000,0.00000000,0.00000000,0.00000000,0.00000000,0.00000000,0.00000000,0.00000000,0.00000000,0.00000000,0.00000000,0.00000000,0.00000000,0.00000000,0.00000000,0.00000000,0.00000000,0.00000000,19.30161346,0.00000000,0.00000000,0.00000000,0.00000000,0.00000000,0.00000000,0.00000000,0.00000000,0.00000000,0.00000000,0.00000000,31.84627963,9.72500424,38.74582552,0.00000000,1.90383600,0.00000000,11.79466221,0.00000000,2.93972476,0.00000000,102.52806819,0.00000000,0.00000000,0.00000000,0.00000000,0.00000000,0.00000000,0.00000000,0.00000000,0.00000000,0.00000000,0.00000000,0.00000000,0.00000000,0.00000000,0.00000000,0.00000000,0.00000000,0.00000000,0.00000000,0.00000000,0.00000000,0.00000000,0.00000000,3.94315655,38.37960911,16.05677193,0.15071872,0.00000000,0.00000000,0.00000000,10.28286102,0.00000000,0.00000000,0.00000000,0.00000000,0.00000000,0.00000000,0.00000000
0.00000000,3.97542794,0.00000000,0.01917213,0.00000000,4.69566637,0.00000000,2.94701499,0.00000000,0.00000000,0.00000000,162.98511650,2.05384874,204.06285686,0.00000000,0.00000000,0.00000000,0.00000000,0.00000000,0.00000000,0.00000000,0.00000000,0.00000000,0.00000000,0.00000000,0.00000000,67.24656923,6.79026969,0.00000000,0.00000000,0.00000000,0.00000000,0.00000000,0.00000000,0.00000000,0.00000000,0.00000000,0.00000000,0.00000000,0.00000000,102.68963255,0.00000000,2.59337273,49.77585769,46.93199431,9.16201276,222.94194867,110.46205595,21.51332616,271.01266050,0.00000000,33.45225057,0.00000000,0.00000000,0.00000000,0.00000000,0.00000000,0.00000000,0.00000000,0.00000000,0.00000000,0.00000000,0.00000000,0.00000000,0.00000000,5.65740247,0.00000000,0.00000000,0.00000000,0.00000000,0.00000000,0.00000000,0.00000000,0.00000000,0.00000000,0.00000000,0.00000000,0.00000000,0.00000000,0.00000000,0.00000000,0.00000000,0.00000000,0.00000000,0.00000000,0.00000000,0.00000000,0.00000000,0.00000000,0.00000000,0.00000000,0.00000000,0.00000000,0.00000000,0.00000000,0.00000000,0.00000000,0.00000000,0.00000000,0.00000000,0.00000000,0.00000000,0.00000000,0.00000000,0.00000000,0.00000000,0.00000000,0.00000000,0.00000000,0.00000000,0.00000000,0.00000000,0.00000000,0.00000000,0.00000000,0.00000000,0.00000000,0.95318597,0.00000000,0.00000000,0.00000000,0.00000000,0.00000000,0.00000000,0.00000000,0.00000000,0.00000000,0.00000000,0.00000000,0.00000000,0.00000000,0.00000000,0.00000000,0.00000000,0.00000000,0.00000000,0.00000000,0.00000000,0.00000000,0.00000000,0.00000000,0.00000000,0.00000000,0.00000000,0.00000000,0.00000000,0.00000000,0.00000000,0.00000000,0.00000000,0.00000000,0.00000000,0.00000000,0.00000000,0.00000000,0.00000000,0.00000000,0.00000000,0.00000000,0.00000000,0.00000000,0.00000000,0.00000000,0.00000000,0.00000000,10.39364909,0.00000000,0.00000000,0.00000000,0.00000000,0.00000000,0.00000000,0.00000000,0.00000000,0.00000000,0.43059422,0.00000000,48.50448928,0.46250808,6.37602649,0.00000000,60.02512049,0.00000000,0.00000000,0.00000000,0.00000000,22.26322344,6.62307541,0.00000000,0.00000000,0.00000000,0.00000000,0.00000000,0.00000000,0.00000000,0.00000000,0.00000000,0.00000000,0.00000000,0.00000000,0.00000000,0.00000000,0.00000000,0.00000000,0.00000000,0.00000000,0.00000000,0.00000000,0.00000000,0.00000000,0.00000000,0.00000000,0.00000000,0.00000000,0.00000000,0.00000000,0.00000000,0.00000000,0.00000000,9.04456015,0.00000000,0.00000000,0.00000000,0.00000000,12.40219885
0.00000000,0.00000000,0.00000000,0.00000000,0.00000000,0.00000000,0.00000000,0.00000000,0.00000000,0.00000000,0.96918058,0.00000000,107.33812618,0.00000000,0.00000000,0.00000000,0.00000000,0.00000000,41.52870219,0.00000000,21.42097968,0.00000000,0.00000000,0.00000000,0.00000000,0.00000000,381.97680747,22.14618905,32.11840903,0.00000000,43.90881149,0.00000000,13.79710856,0.00000000,35.77236302,0.00000000,30.58348347,0.00000000,15.34085741,0.00000000,105.68427664,2.59337273,0.00000000,0.68282779,114.19106371,2.64113179,75.74174033,4.90489580,42.36266468,0.00000000,49.48585733,0.00000000,0.00000000,0.00000000,0.00000000,0.00000000,0.46132923,0.00000000,5.10010866,0.00000000,2.46013703,0.00000000,0.00000000,0.00000000,0.00000000,0.00000000,0.00000000,0.00000000,0.00000000,0.00000000,0.00000000,0.00000000,0.00000000,0.00000000,3.66115374,0.00000000,0.00000000,0.00000000,0.00000000,0.00000000,0.00000000,0.00000000,0.00000000,0.00000000,0.00000000,0.00000000,0.00000000,0.00000000,0.00000000,0.00000000,0.00000000,0.00000000,0.00000000,0.00000000,0.00000000,0.00000000,0.00000000,0.00000000,36.10028993,0.00000000,0.00000000,0.00000000,0.00000000,0.00000000,0.00000000,0.00000000,0.00000000,0.00000000,0.00000000,0.00000000,0.00000000,0.00000000,0.00000000,0.00000000,0.00000000,0.00000000,0.00000000,0.00000000,0.00000000,0.00000000,8.86173089,0.00000000,0.00000000,0.00000000,0.00000000,0.00000000,0.00000000,0.00000000,0.00000000,0.00000000,0.00000000,0.00000000,0.00000000,0.00000000,0.00000000,0.00000000,0.00000000,0.00000000,0.00000000,0.00000000,0.00000000,0.00000000,0.00000000,0.00000000,0.00000000,0.00000000,0.00000000,0.00000000,0.00000000,0.00000000,0.00000000,0.00000000,0.00000000,0.00000000,0.00000000,0.00000000,0.47739115,0.00000000,0.00000000,0.00000000,0.00000000,0.00000000,5.21594600,0.00000000,51.81179132,0.00000000,35.02735797,0.00000000,5.31648607,0.00000000,2.35571260,0.00000000,12.12665842,0.00000000,0.00000000,0.00000000,3.58943390,0.00000000,1.44460376,0.00000000,0.00000000,0.00000000,0.00000000,0.00000000,0.00000000,0.00000000,91.99544697,0.00000000,0.00000000,0.00000000,0.00000000,0.00000000,0.00000000,0.00000000,0.00051268,0.00000000,0.00000000,0.00000000,0.00000000,0.00000000,0.00000000,0.00000000,0.00000000,0.00000000,0.00000000,0.00000000,0.00000000,0.00000000,0.00000000,0.00000000,29.67758177,26.22651604,107.32108336,9.61978774,12.81587459,0.00000000,0.00000000,30.20865994,0.00000000,0.00000000,0.00000000,0.00000000,0.00000000,0.00000000,0.00000000
0.00000000,0.00000000,0.00000000,0.00000000,2.53945925,0.00000000,0.00000000,0.00000000,0.00000000,0.00000000,0.00000000,0.00000000,14.41210477,119.64484094,0.00000000,0.00000000,0.00000000,0.00000000,9.04649626,16.80446890,0.00000000,93.62938596,0.00000000,7.87471119,0.00000000,6.29864238,23.97899546,254.39309798,0.00000000,22.52824074,0.00000000,12.62227779,0.00000000,12.53621781,0.00000000,31.92399526,0.00000000,80.89938580,0.00000000,2.81625436,15.98238706,49.77585769,0.68282779,0.00000000,0.00000000,87.54726576,2.46067047,83.58096113,0.00000000,10.56167482,0.00000000,36.06338963,0.00000000,0.00000000,0.00000000,0.00000000,0.00000000,0.00000000,0.00000000,0.00000000,0.00000000,0.00000000,0.00000000,1.89354659,0.00000000,0.00000000,0.00000000,0.00000000,0.00000000,0.00000000,0.00000000,8.50088259,0.00000000,0.00000000,0.00000000,5.88221181,0.00000000,0.00000000,0.00000000,5.70750830,0.00000000,0.00000000,0.00000000,0.00000000,0.00000000,0.00000000,0.00000000,3.31286596,0.00000000,0.00000000,0.00000000,0.00000000,0.00000000,0.00000000,0.00000000,0.00000000,0.00000000,0.00000000,0.00000000,0.00000000,0.00000000,0.00000000,0.00000000,10.02853600,0.00000000,0.00000000,0.00000000,0.00000000,0.00000000,0.00000000,0.00000000,0.00000000,0.00000000,0.00000000,0.00000000,0.00000000,0.00000000,0.00000000,0.00000000,0.00000000,0.00000000,18.41878340,0.00000000,0.00000000,0.00000000,0.00000000,0.00000000,0.00000000,0.00000000,0.00000000,0.00000000,0.00000000,0.00000000,0.00000000,0.00000000,0.00000000,0.00000000,0.00000000,0.00000000,0.00000000,0.00000000,58.10440911,0.00000000,11.04942016,0.00000000,42.30592726,0.00000000,0.00000000,0.00000000,0.00000000,0.00000000,0.00000000,0.00000000,0.00000000,0.00000000,0.00000000,0.00000000,0.00000000,0.00000000,0.00000000,0.00000000,0.75506751,0.00000000,0.00000000,0.00000000,20.07010809,0.00000000,14.84378267,0.00000000,13.63396435,0.00000000,0.00000000,0.00000000,5.01916303,0.00000000,0.00000000,0.00000000,5.28413560,0.00000000,2.31819291,0.00000000,0.00000000,0.00000000,0.00000000,0.00000000,0.00000000,0.00000000,46.28103703,0.00000000,0.00000000,0.00000000,0.00000000,0.00000000,0.00000000,0.00000000,0.58151900,0.00000000,0.00000000,0.00000000,0.00000000,0.00000000,0.00000000,0.00000000,0.00000000,0.00000000,0.00000000,0.00000000,0.00000000,0.00000000,0.00000000,0.00000000,0.00000000,0.00000000,0.00000000,14.49093777,0.00000000,0.00000000,0.00000000,43.87974611,59.81931541,103.75059329,0.00000000,0.00000000,0.00000000,0.00000000
0.00000000,0.00000000,9.86603001,0.00000000,7.54697848,0.00000000,0.00000000,0.00000000,4.51721133,0.00000000,14.25918733,0.00000000,31.03638036,0.00000000,11.55872812,0.00000000,0.00000000,0.00000000,35.11990712,0.00000000,57.66017014,0.00000000,55.67850913,3.22249550,0.00000000,0.00000000,167.49200283,19.55309539,13.76139778,0.00000000,0.00000000,0.00000000,5.24814617,0.00000000,8.13107988,0.00000000,28.05063881,0.00000000,0.00000000,0.00000000,30.54567742,46.93199431,114.19106371,0.00000000,0.00000000,19.49144641,165.44159274,69.63759149,95.22126797,30.09538433,33.56244334,0.00000000,17.69680352,0.00000000,0.00000000,0.00000000,0.00000000,0.00000000,0.00000000,0.00000000,0.00000000,0.00000000,23.39703878,0.00000000,0.00000000,0.00000000,0.00000000,0.00000000,0.00000000,0.00000000,70.19336795,0.00000000,0.00000000,0.00000000,61.33063285,0.00000000,0.00000000,0.00000000,0.00000000,0.00000000,0.00000000,0.00000000,0.00000000,0.00000000,0.00000000,0.00000000,0.07966479,0.00000000,0.00000000,0.00000000,0.00000000,0.00000000,0.00000000,0.00000000,0.00000000,0.00000000,0.00000000,0.00000000,118.27385877,0.00000000,0.00000000,0.00000000,0.00000000,0.00000000,0.00000000,0.00000000,2.55173190,0.00000000,0.00000000,0.00000000,0.00000000,0.00000000,0.00000000,0.00000000,0.00000000,0.00000000,0.00000000,0.00000000,5.62260538,0.00000000,79.37648716,0.00000000,0.00000000,0.00000000,0.00000000,0.00000000,0.00000000,0.00000000,0.00000000,0.00000000,4.13081618,0.00000000,0.00000000,0.00000000,0.00000000,0.00000000,0.00000000,0.00000000,0.00000000,0.00000000,10.97988130,0.00000000,0.00000000,0.00000000,18.03232612,0.00000000,0.00000000,0.00000000,5.77041934,0.00000000,14.04526889,0.00000000,0.00000000,0.00000000,0.00000000,0.00000000,0.00000000,0.00000000,0.00000000,0.00000000,0.00000000,0.00000000,0.00000000,0.00000000,85.55588135,0.00000000,20.89958450,0.00000000,27.17481592,0.00000000,4.18846100,0.00000000,11.17022415,0.00000000,0.45797130,0.00000000,32.35786660,5.01488065,3.79655509,0.00000000,37.42045561,0.00000000,21.67391950,0.00000000,0.13878987,0.00000000,11.15505699,0.00000000,0.00000000,0.00000000,0.00000000,0.00000000,0.00000000,0.00000000,0.00000000,0.00000000,0.00000000,0.00000000,0.00000000,0.00000000,6.97297370,0.00000000,0.00000000,0.00000000,0.00000000,0.00000000,0.00000000,0.00000000,0.00000000,0.00000000,0.06222743,46.94992115,88.81662272,18.97379381,16.65562102,0.00000000,0.00000000,58.32879418,0.00000000,0.00000000,0.00000000,0.00000000,0.00000000,0.00000000,0.00000000
0.00000000,0.00000000,0.00000000,0.00000000,0.00000000,0.00000000,0.00000000,0.00000000,0.00000000,0.90314086,0.00000000,29.76814191,2.95452910,0.67674191,0.00000000,13.08644927,0.00000000,0.00000000,4.01667037,44.51923254,1.22284434,69.06281659,0.00000000,4.23401370,0.00000000,0.00000000,0.00000000,169.69957638,0.00000000,0.00000000,0.00000000,0.00000000,0.00000000,7.59634882,0.00000000,7.74677129,0.00000000,28.81357223,0.00000000,0.00000000,14.51301326,9.16201276,2.64113179,87.54726576,19.49144641,0.00000000,65.08443022,205.57886620,15.25775685,139.65098051,0.00000000,38.77033514,0.00000000,0.00000000,0.00000000,0.00000000,0.00000000,0.00000000,0.00000000,0.00000000,0.00000000,0.00000000,0.00000000,11.64388676,0.00000000,0.00000000,0.00000000,0.00000000,0.00000000,10.57908042,0.00000000,29.65912199,0.00000000,0.00000000,0.00000000,0.00000000,0.00000000,0.00000000,0.00000000,0.00000000,0.00000000,107.93814489,0.00000000,6.82809302,0.00000000,3.04209400,0.00000000,57.02074895,0.00000000,0.00000000,0.00000000,0.00000000,0.00000000,18.70580144,0.00000000,30.86130317,0.00000000,0.00000000,0.00000000,0.00000000,0.00000000,0.00000000,0.00000000,7.39025670,0.00000000,0.96761813,0.00000000,0.00000000,0.00000000,0.00000000,0.00000000,0.00000000,0.00000000,0.00000000,0.00000000,0.00000000,0.00000000,1.74537288,0.00000000,0.00000000,0.00000000,18.14180284,0.00000000,9.29288642,0.00000000,0.00000000,0.00000000,0.00000000,0.00000000,0.00000000,0.00000000,0.00000000,0.00000000,0.00000000,0.00000000,0.00000000,0.00000000,0.00000000,0.00000000,0.00000000,0.00000000,64.36664074,0.00000000,88.37174719,0.00000000,19.01395769,0.00000000,0.00000000,0.00000000,0.00000000,0.00000000,0.00000000,0.00000000,0.00000000,0.00000000,0.00000000,0.00000000,0.00000000,0.00000000,0.00000000,0.00000000,0.00000000,0.00000000,0.00000000,0.00000000,106.75474642,0.00000000,9.14492877,0.00000000,29.75325296,0.00000000,29.89700478,0.00000000,5.19048818,0.00000000,0.00000000,0.00000000,12.35176205,0.00000000,1.34202546,0.00000000,0.00000000,0.00000000,0.00000000,0.00000000,0.00000000,10.62626978,11.04975024,0.00000000,0.00000000,0.00000000,0.00000000,0.00000000,0.00000000,0.00000000,3.24311715,0.00000000,0.00000000,0.00000000,0.00000000,0.00000000,0.00000000,0.00000000,0.00000000,0.00000000,0.00000000,0.00000000,0.00000000,0.00000000,0.00000000,0.00000000,0.00000000,0.00000000,0.00000000,4.82758743,0.00000000,0.00000000,0.00000000,52.70459897,76.24438691,115.30006645,4.85596866,0.00000000,0.00000000,133.76398014
0.03807494,0.00000000,22.38884475,0.00000000,67.19820120,0.00000000,0.00000000,0.00000000,10.34208716,0.00000000,99.05513127,0.00000000,210.37668012,7.60729156,0.00000000,0.00000000,0.00000000,0.00000000,23.05019288,0.00000000,0.00000000,0.00000000,12.14802741,0.00000000,0.00000000,0.00000000,64.19752688,128.45436383,0.00000000,0.00000000,0.00000000,0.00000000,0.00000000,0.00000000,0.00000000,0.00000000,0.00000000,0.00000000,0.00000000,0.00000000,108.07663249,222.94194867,75.74174033,2.46067047,165.44159274,65.08443022,0.00000000,286.79787717,183.09958547,10.26479521,0.00000000,0.00000000,0.78042235,0.00000000,0.00000000,0.00000000,0.00000000,0.00000000,0.00000000,0.00000000,0.00000000,0.00000000,5.49122028,0.00000000,2.01070585,0.00000000,0.00000000,0.00000000,0.00000000,0.00000000,0.00000000,0.00000000,0.00000000,0.00000000,0.00000000,0.00000000,0.00000000,0.00000000,0.00000000,0.00000000,0.00000000,0.00000000,0.00000000,0.00000000,0.00000000,0.00000000,0.00000000,0.00000000,0.00000000,0.00000000,0.00000000,0.00000000,0.00000000,0.00000000,0.00000000,0.00000000,0.00000000,0.00000000,0.00000000,0.00000000,0.00000000,0.00000000,8.95343035,0.00000000,0.00000000,0.00000000,0.00000000,0.00000000,0.00000000,0.00000000,0.00000000,0.00000000,0.00000000,0.00000000,0.00000000,0.00000000,0.00000000,0.00000000,0.00000000,0.00000000,0.00000000,0.00000000,0.00000000,0.00000000,0.00000000,0.00000000,0.00000000,0.00000000,0.00000000,0.00000000,0.00000000,0.00000000,0.00000000,0.00000000,0.00000000,0.00000000,2.23542133,0.00000000,0.00000000,0.00000000,0.00000000,0.00000000,0.00000000,0.00000000,0.00000000,0.00000000,0.00000000,0.00000000,1.35877766,0.00000000,2.05165128,0.00000000,0.00000000,0.00000000,0.11347560,0.00000000,0.00000000,0.00000000,0.00000000,0.00000000,0.00000000,0.00000000,0.00000000,0.00000000,60.91237314,0.00000000,0.00000000,0.00000000,0.01276102,0.00000000,0.00000000,0.00000000,0.00000000,0.00000000,0.00000000,0.00000000,10.80685150,0.00000000,34.34785847,0.00000000,40.63410312,0.00000000,36.21698882,0.00000000,35.24426900,0.00000000,19.03509194,0.00000000,0.00000000,0.00000000,0.00000000,0.00000000,0.00000000,0.00000000,0.00000000,0.00000000,0.00000000,0.00000000,0.00000000,0.00000000,0.00000000,0.00000000,0.00000000,0.00000000,0.00000000,0.00000000,0.00000000,0.00000000,1.26470613,0.00000000,0.00000000,75.74282228,5.83733003,0.00000000,0.00000000,0.00000000,0.00000000,50.14440574,0.00000000,0.00000000,0.00000000,0.00000000,0.00000000,0.00000000,0.00000000
0.00000000,41.67546855,0.00000000,0.00000000,0.00000000,74.18994458,0.00000000,0.05418448,0.00000000,0.00000000,0.00000000,162.00792069,7.75825915,151.14948241,0.00000000,0.00000000,0.00000000,0.00000000,4.23285336,20.17485106,0.00000000,1.82597568,0.00000000,0.00000000,0.00000000,0.00000000,134.85974457,270.91121208,0.00000000,1.12167704,0.00000000,0.00000000,0.00000000,0.00000000,0.00000000,0.00000000,0.00000000,0.00000000,0.00000000,0.00000000,205.95776838,110.46205595,4.90489580,83.58096113,69.63759149,205.57886620,286.79787717,0.00000000,31.53685989,99.42459378,0.00000000,4.72059363,0.00000000,0.00000000,0.00000000,0.00000000,0.00000000,0.00000000,0.00000000,0.00000000,0.00000000,0.00000000,0.00000000,0.00000000,0.00000000,0.00000000,0.00000000,0.00000000,0.00000000,0.00000000,0.00000000,0.00000000,0.00000000,0.00000000,0.00000000,0.00000000,0.00000000,0.00000000,0.00000000,0.00000000,0.00000000,0.00000000,0.00000000,0.00000000,0.00000000,0.00000000,0.00000000,0.00000000,0.00000000,0.00000000,0.00000000,0.00000000,0.00000000,0.00000000,0.00000000,0.00000000,0.00000000,0.00000000,0.00000000,0.00000000,0.00000000,0.00000000,0.00000000,0.00000000,0.00000000,0.00000000,0.00000000,0.00000000,0.00000000,0.00000000,0.00000000,0.00000000,0.00000000,0.00000000,0.00000000,0.00000000,0.00000000,0.00000000,0.00000000,0.00000000,0.00000000,0.00000000,0.00000000,0.00000000,0.00000000,0.00000000,0.00000000,0.00000000,0.00000000,0.00000000,0.00000000,0.00000000,0.00000000,0.00000000,0.00000000,0.00000000,0.00000000,0.00000000,0.00000000,0.00000000,0.00000000,0.00000000,0.00000000,0.00000000,0.00000000,0.00000000,0.00000000,0.00000000,0.00000000,0.00000000,0.00000000,0.00000000,0.00000000,0.00000000,0.00000000,0.00000000,0.00000000,0.00000000,0.00000000,0.00000000,0.00000000,0.00000000,0.00000000,0.00000000,0.00000000,3.15882917,0.00000000,0.00000000,0.00000000,0.00000000,0.00000000,0.00000000,0.00000000,0.00000000,0.00000000,0.00000000,0.00000000,41.39461547,0.00000000,0.00000000,0.00000000,0.00000000,0.00000000,0.94256608,0.00000000,0.00000000,31.46196854,13.59253714,0.00000000,0.00000000,0.00000000,0.00000000,0.00000000,0.00000000,0.00000000,0.00000000,0.00000000,0.00000000,0.00000000,0.00000000,0.00000000,0.00000000,0.00000000,0.00000000,0.00000000,0.00000000,0.00000000,0.00000000,0.00000000,0.00000000,0.00000000,0.00000000,0.00000000,0.00000000,0.00000000,0.00000000,0.00000000,4.93338250,0.00000000,85.94630877,1.76889051,0.00000000,0.00000000,0.00000000,61.93904698
5.26594294,0.00000000,3.78910672,0.00000000,16.77315131,0.00000000,0.00000000,0.00000000,11.91375239,0.00000000,0.22506780,0.00000000,4.38785910,6.53529899,0.00000000,0.00000000,8.47717435,0.00000000,0.00000000,0.00000000,0.00000000,0.00000000,1.08832910,0.00000000,3.71603512,0.00000000,14.81614159,0.00000000,0.00000000,0.00000000,0.00000000,0.00000000,0.00000000,0.00000000,0.00000000,0.00000000,0.00000000,0.00000000,0.00000000,0.00000000,142.79238311,21.51332616,42.36266468,0.00000000,95.22126797,15.25775685,183.09958547,31.53685989,0.00000000,81.03258658,14.53740893,3.14327916,0.86319436,0.00000000,12.13506143,0.00000000,11.30288717,0.00000000,2.41667792,0.00000000,0.00000000,0.00000000,0.00000000,0.00000000,0.00000000,0.00000000,0.00000000,0.00000000,22.21142566,0.00000000,0.00000000,0.00000000,0.00000000,0.00000000,0.00000000,0.00000000,5.28788451,0.00000000,1.84047116,0.00000000,0.00000000,0.00000000,19.40107882,0.00000000,0.00000000,0.00000000,0.00000000,0.00000000,27.16579981,0.00000000,0.00000000,0.00000000,17.73805534,0.00000000,0.00000000,0.00000000,0.00000000,0.00000000,0.71255632,0.00000000,20.04674340,0.00000000,62.58955424,0.00000000,0.00000000,0.00000000,7.46233348,0.00000000,2.23875301,0.00000000,0.00000000,0.00000000,0.00000000,0.00000000,0.00000000,0.00000000,1.61500710,0.00000000,0.00000000,0.00000000,0.00000000,0.00000000,0.00000000,0.00000000,0.31758862,0.24861654,0.00000000,0.00000000,5.81275452,0.00000000,2.31129325,0.00000000,0.00000000,0.00000000,0.00000000,0.00000000,0.00000000,0.00000000,0.00000000,0.00000000,0.00000000,0.00000000,0.00000000,0.00000000,0.00000000,0.00000000,2.43485184,0.00000000,0.00000000,0.00000000,0.00000000,0.00000000,0.00000000,0.00000000,8.75773859,0.00000000,3.75009226,0.00000000,0.00000000,0.00000000,28.76083246,0.00000000,4.84024049,0.00000000,19.79394534,0.00000000,0.00000000,0.00000000,34.32858277,0.00000000,0.81074136,0.00000000,13.47624183,0.00000000,0.00000000,0.00000000,128.25734815,11.19141172,45.37064883,0.00000000,19.63939661,0.00000000,0.16112694,0.00000000,0.04947616,0.00000000,219.13996948,0.00000000,0.00000000,0.00000000,0.00000000,0.00000000,0.00000000,0.00000000,19.91212891,0.00000000,0.00000000,0.00000000,5.33423774,0.00000000,0.00000000,0.00000000,0.00000000,0.00000000,0.82910293,0.00000000,0.00000000,0.00000000,5.53941031,0.00000000,47.33500537,94.66362887,205.32053894,8.01615897,40.49730888,2.07409512,3.45245375,42.79997413,0.00000000,1.70490150,6.26961199,0.00000000,0.00000000,0.00000000,0.00000000
0.00000000,10.04840472,0.00000000,0.00000000,0.00000000,1.27720104,0.00000000,0.00000000,0.00000000,0.00000000,0.00000000,38.25408896,0.00000000,25.50287664,0.00000000,0.00000000,0.00000000,0.00000000,1.54596143,5.72606577,0.00000000,0.00000000,0.00000000,0.00000000,0.00000000,0.00000000,0.00000000,19.03650428,0.00000000,0.00000000,0.00000000,0.00000000,0.00000000,0.00000000,0.00000000,0.00000000,0.00000000,0.00000000,0.00000000,0.00000000,5.79161272,271.01266050,0.00000000,10.56167482,30.09538433,139.65098051,10.26479521,99.42459378,81.03258658,0.00000000,0.00000000,8.40594049,0.00000000,0.00000000,0.00000000,0.00000000,0.00000000,0.00000000,0.00000000,0.00000000,0.00000000,0.00000000,0.00000000,0.00000000,0.00000000,0.00000000,0.00000000,0.00000000,0.00000000,9.68181578,0.00000000,0.00000000,0.00000000,0.00000000,0.00000000,0.00000000,0.00000000,0.00000000,0.00000000,1.95192970,0.00000000,10.44484830,0.00000000,0.00184084,0.00000000,0.46960388,0.00000000,1.63815990,0.00000000,1.16180271,0.00000000,0.00000000,0.00000000,22.34622517,0.00000000,0.00000000,0.00000000,0.00000000,0.00000000,0.88140595,0.00000000,0.00000000,0.00000000,2.06085788,0.00000000,0.00000000,0.00000000,0.00000000,0.00000000,0.00000000,0.00000000,0.00000000,0.00000000,0.00000000,0.00000000,0.00000000,0.00000000,0.00000000,0.00000000,0.00000000,0.00000000,0.16720521,0.00000000,0.00000000,0.00000000,0.00000000,0.00000000,0.00000000,0.00000000,0.00000000,0.00000000,0.00000000,0.00000000,0.00000000,0.00000000,0.00000000,0.00000000,0.00000000,0.00000000,0.00000000,0.00000000,6.68054515,0.00000000,0.00000000,0.00000000,0.00000000,0.00000000,0.00000000,0.00000000,0.00000000,0.00000000,27.89699844,0.00000000,11.73931521,0.00000000,0.00000000,0.00000000,0.00000000,0.00000000,0.00000000,0.00000000,0.00000000,0.00000000,0.00000000,0.00000000,6.18099687,0.00000000,0.00000000,0.00000000,0.07954255,0.00000000,0.00000000,0.00000000,0.00000000,0.00000000,4.28891090,0.00000000,82.59232384,0.00000000,18.25515283,0.00000000,38.62971547,0.00000000,1.20888630,0.00000000,0.00000000,1.64455157,83.51008322,0.00000000,0.00000000,0.00000000,0.00000000,0.00000000,0.00000000,0.00000000,0.00000000,0.00000000,0.00000000,0.00000000,0.00000000,0.00000000,0.00000000,0.00000000,0.00000000,0.00000000,0.00000000,0.00000000,0.00000000,0.00000000,0.00000000,0.00000000,0.00000000,0.00000000,0.00000000,0.00000000,0.00000000,0.00000000,7.44558092,17.36632487,13.98542202,28.83748979,0.00000000,0.00000000,0.00000000,14.41064928
0.00000000,0.00000000,0.00000000,0.00000000,0.01239187,1.02779557,0.00000000,0.00000000,0.00000000,0.00000000,12.91698238,0.00000000,118.46186742,0.00000000,2.41379587,0.00000000,0.00000000,0.00000000,139.45295047,0.00000000,90.33927858,0.17956998,2.82165986,3.07846023,6.30312079,0.00000000,228.22106125,19.11260327,27.10829532,0.00000000,9.93683291,0.00000000,0.60214923,0.00000000,39.40263601,0.00000000,66.62140976,0.00000000,12.43794669,0.00000000,9.55765604,0.00000000,49.48585733,0.00000000,33.56244334,0.00000000,0.00000000,0.00000000,14.53740893,0.00000000,0.00000000,0.00000000,0.00000000,0.00000000,0.00000000,0.00000000,0.00000000,0.00000000,26.61761914,0.00000000,3.70806376,0.00000000,0.00000000,0.00000000,0.00000000,0.00000000,0.00000000,0.00000000,0.00000000,0.00000000,43.15648133,0.00000000,0.00000000,0.00000000,37.91025640,0.00000000,0.00000000,0.00000000,0.00000000,0.00000000,0.00000000,0.00000000,0.00000000,0.00000000,0.00000000,0.00000000,0.00000000,0.00000000,0.00000000,0.00000000,0.00000000,0.00000000,0.00000000,0.00000000,0.00000000,0.00000000,0.00000000,0.00000000,47.14358851,0.00000000,23.60722167,0.00000000,0.00000000,0.00000000,0.00000000,0.00000000,0.00000000,0.00000000,0.00000000,0.00000000,0.00000000,0.00000000,0.00000000,0.00000000,0.00000000,0.00000000,0.00000000,0.00000000,0.00000000,0.00000000,27.36871735,0.00000000,0.00000000,0.00000000,0.00000000,0.00000000,0.00000000,0.00000000,0.00000000,0.00000000,0.00000000,0.00000000,0.00000000,0.00000000,0.00000000,0.00000000,0.00000000,0.00000000,0.00000000,0.00000000,0.00000000,0.00000000,0.00000000,0.00000000,11.88123059,0.00000000,0.00000000,0.00000000,0.00000000,0.00000000,0.00000000,0.00000000,0.00000000,0.00000000,0.39104722,0.00000000,0.00000000,0.00000000,0.00000000,0.00000000,0.14680240,0.00000000,8.55686051,0.00000000,58.09580902,0.00000000,45.23972527,0.00000000,47.80863984,0.00000000,12.59874815,0.00000000,40.99283470,0.00000000,0.00000000,0.00000000,6.94424140,0.00000000,15.59546001,0.00000000,0.00000000,0.00000000,2.61123043,0.00000000,0.00000000,0.00000000,63.13436153,0.00000000,0.00000000,0.00000000,0.00000000,0.00000000,0.00000000,0.00000000,0.00000000,0.00000000,0.00000000,0.00000000,0.00000000,0.00000000,0.00000000,0.00000000,0.00000000,0.00000000,0.00000000,0.00000000,0.00000000,0.00000000,0.00000000,0.00000000,57.34790711,33.09634442,102.50702190,32.85003569,0.98534528,0.00000000,0.85932804,4.59729156,0.00000000,0.00000000,0.00000000,0.00000000,0.00000000,0.00000000,0.00000000
0.00000000,0.00000000,0.00000000,0.00000000,0.00000000,9.35483788,0.00000000,0.00000000,0.00000000,0.00000000,0.00000000,0.00000000,2.82793503,193.79026976,0.00000000,2.12381644,0.00000000,0.12117667,0.00000000,49.82762127,0.00000000,25.24551194,0.00000000,1.77158042,0.00000000,0.00000000,9.44553833,225.05492627,0.00000000,8.49629203,0.00000000,14.49366054,0.00000000,17.95315760,0.00000000,35.77379366,0.00000000,82.13618487,0.00000000,0.72691007,8.76009789,33.45225057,0.00000000,36.06338963,0.00000000,38.77033514,0.00000000,4.72059363,3.14327916,8.40594049,0.00000000,0.00000000,0.00000000,0.00000000,0.00000000,0.00000000,0.00000000,0.00000000,0.00000000,0.00000000,0.00000000,4.34203755,0.00000000,6.57235314,0.00000000,0.00000000,0.00000000,0.63826821,0.00000000,3.18307120,0.00000000,13.58762284,0.00000000,0.00000000,0.00000000,8.54424636,0.00000000,2.45756796,0.00000000,0.00000000,0.00000000,11.30082981,0.00000000,0.00000000,0.00000000,0.00000000,0.00000000,48.20495752,0.00000000,0.00000000,0.00000000,0.00000000,0.00000000,0.00000000,0.00000000,0.00000000,0.00000000,4.76562056,0.00000000,14.65681299,0.00000000,0.84045406,0.00000000,15.37360716,0.00000000,0.00000000,0.00000000,0.00000000,0.00000000,0.00000000,0.00000000,0.00000000,0.00000000,0.00000000,0.00000000,0.00000000,0.00000000,1.09178290,0.00000000,0.00000000,0.00000000,19.67322821,0.00000000,0.00000000,0.00000000,0.00000000,0.00000000,0.00000000,0.00000000,0.00000000,0.00000000,0.00000000,0.00000000,0.00000000,0.00000000,0.00000000,0.00000000,0.00000000,0.00000000,0.00000000,0.00000000,18.09388538,0.00000000,9.07372441,0.00000000,25.54853636,0.00000000,0.00000000,0.00000000,0.00000000,0.00000000,0.00000000,0.00000000,0.00000000,0.00000000,0.00000000,0.00000000,0.09800909,0.00000000,0.00000000,0.00000000,0.00000000,0.00000000,6.15356188,0.00000000,6.08360098,0.00000000,19.27325748,0.00000000,72.51502319,0.00000000,38.82124417,0.00000000,50.14666728,1.15579075,0.00000000,0.00000000,0.88776416,0.00000000,0.00000000,0.00000000,0.00000000,0.00000000,0.00000000,0.00000000,0.00000000,0.00000000,44.94718579,0.00000000,0.00000000,0.00000000,0.00000000,0.00000000,0.00000000,0.00000000,0.00000000,0.00000000,0.00000000,0.00000000,0.00000000,0.00000000,0.00000000,0.00000000,0.00000000,0.00000000,0.00000000,0.00000000,0.00000000,0.00000000,0.00000000,0.00000000,0.00000000,0.00000000,0.00000000,2.63715057,0.00000000,0.00000000,0.00000000,39.52680847,52.34220973,74.77435205,0.00000000,0.00000000,0.17419412,0.00000000
0.00000000,0.00000000,7.39205533,0.00000000,5.93077164,0.00000000,68.01435782,23.37102512,64.89204814,182.96403330,0.00000000,0.00000000,0.00000000,0.00000000,0.00000000,0.00000000,179.18185664,0.00000000,0.01566018,0.00000000,0.63349074,0.00000000,23.35731927,0.00000000,69.05677715,29.29494084,2.51153372,0.00000000,16.21307301,0.00000000,0.00000000,0.00000000,0.00000000,0.00000000,0.00000000,0.00000000,1.81365195,0.00000000,0.44565566,0.00000000,0.00000000,0.00000000,0.00000000,0.00000000,17.69680352,0.00000000,0.78042235,0.00000000,0.86319436,0.00000000,0.00000000,0.00000000,0.00000000,14.63600608,123.46703100,115.19398280,86.51938920,0.97002520,155.99363642,77.68897864,53.10236748,0.00000000,131.86568359,11.90809588,12.22164687,4.65230695,8.63419762,79.49503536,0.00000000,0.00000000,0.00000000,0.00000000,0.00000000,0.00000000,0.00000000,0.00000000,0.00000000,0.00000000,0.00000000,0.00000000,0.00000000,0.00000000,0.00000000,0.00000000,19.92529584,0.00000000,0.00000000,0.00000000,0.00000000,0.00000000,7.87033524,0.00000000,0.00000000,0.00000000,0.00000000,0.00000000,48.23830993,0.00000000,0.00000000,0.00000000,0.00000000,0.00000000,0.00000000,0.00000000,0.00000000,0.00000000,23.93993041,0.00000000,0.00000000,0.00000000,0.00000000,0.00000000,0.00000000,0.00000000,0.00000000,0.00000000,0.00000000,0.00000000,0.00000000,0.00000000,5.24295221,0.00000000,0.00000000,0.00000000,5.38180482,0.00000000,0.80525574,0.00000000,78.34442556,0.00000000,3.56789159,0.00000000,1.07740863,0.00000000,0.00000000,0.00000000,69.45985991,0.00000000,212.70575358,0.00000000,15.95926457,0.00000000,99.73437750,0.00000000,19.48873380,0.00000000,3.77107634,0.00000000,3.87223144,0.00000000,0.00000000,0.00000000,0.00000000,0.00000000,235.35717192,1.02882918,91.17076802,0.00000000,109.81745081,0.00000000,12.66319993,0.00000000,0.00000000,0.00000000,0.00000000,0.00000000,0.00000000,0.00000000,5.55422652,0.00000000,60.99758903,0.71858258,6.57958331,0.00000000,0.00000000,0.00000000,6.39213813,1.27222869,0.00000000,0.00000000,0.00000000,0.00000000,0.47582661,0.00000000,42.81739451,0.00000000,0.00000000,0.00000000,0.00000000,0.00000000,0.00000000,0.00000000,0.00000000,0.00000000,0.00000000,0.00000000,0.00000000,0.00000000,0.00000000,0.00000000,16.88359254,0.00000000,0.00000000,0.00000000,0.00000000,0.00000000,0.00000000,0.00000000,18.13848984,0.00000000,104.61669010,61.14479636,133.42028324,130.38045825,100.69055662,0.00000000,1.02693888,0.00000000,0.00000000,0.00000000,0.00000000,0.00000000,0.00000000,0.00000000,0.00000000
0.00000000,0.00000000,0.00000000,0.00000000,0.00000000,0.00000000,0.41743797,32.04912448,27.41772282,86.49795330,0.00000000,2.86164696,0.00000000,0.00000000,0.00000000,1.35440506,0.00000000,60.09285386,0.00000000,4.37363498,0.00000000,24.09996406,0.00000000,10.17470033,0.00000000,21.10943459,0.00000000,0.00000000,0.00000000,5.40592375,0.00000000,0.00000000,0.00000000,0.62396249,0.00000000,0.00000000,0.00000000,0.00000000,0.00000000,0.00000000,0.00000000,0.00000000,0.00000000,0.00000000,0.00000000,0.00000000,0.00000000,0.00000000,0.00000000,0.00000000,0.00000000,0.00000000,14.63600608,0.00000000,10.44311723,96.88580228,1.86258878,155.52803663,64.56169679,159.34298399,0.00000000,17.27550397,8.95591874,69.90494827,1.33383587,0.00000000,124.80512500,50.12797455,0.00000000,0.00000000,0.00000000,0.00000000,0.00000000,0.00000000,0.00000000,0.00000000,0.00000000,0.00000000,0.00000000,0.00000000,0.00000000,4.03968359,0.00000000,0.00000000,0.00000000,11.41505265,0.00000000,0.00000000,0.00000000,0.00145487,0.00000000,0.00000000,0.00000000,0.00000000,0.00000000,0.00000000,0.00000000,21.64201744,0.00000000,1.74154692,0.00000000,1.01791815,0.00000000,0.00000000,0.00000000,0.00000000,0.00000000,0.00000000,0.00000000,0.00000000,0.00000000,0.00000000,0.00000000,0.00000000,0.00000000,0.00000000,0.00000000,0.00000000,0.00000000,0.00000000,0.00000000,0.00000000,0.00000000,0.00000000,0.00000000,0.00000000,0.00000000,0.00000000,0.00000000,4.51538940,0.00000000,0.00000000,0.00000000,0.00000000,0.00000000,5.54031874,0.00000000,39.60872715,0.00000000,46.96083233,0.00000000,29.64901569,0.00000000,81.44435494,6.49749412,36.14283504,0.00000000,0.00000000,0.00000000,0.00000000,0.00000000,0.00000000,0.00000000,0.00000000,0.98656051,86.98909594,0.47701810,84.71659507,1.22033998,99.07940964,1.69680387,0.00000000,0.00000000,0.00000000,0.00000000,0.00000000,0.00000000,2.30904045,0.00000000,0.00000000,0.00000000,19.45621597,0.00000000,0.77985395,0.00000000,0.00000000,0.00000000,0.00000000,0.00000000,0.00000000,0.00000000,0.00000000,0.00000000,7.47937973,4.92886428,24.60075056,0.00000000,0.00000000,0.00000000,0.00000000,0.00000000,0.00000000,0.00000000,0.00000000,0.00000000,0.00000000,0.00000000,0.00000000,0.00000000,0.00000000,0.00000000,0.13246776,0.00000000,0.00000000,0.00000000,0.00000000,0.00000000,0.00000000,0.00000000,0.01212681,0.00000000,0.00000000,0.00000000,0.00000000,21.79750503,0.00000000,0.00000000,0.00000000,40.47140971,222.77835808,17.17890147,16.46414044,0.00000000,3.87580547,0.00000000
5.51832615,0.00000000,62.21547748,0.00000000,5.53602061,1.20987972,82.12583384,2.56864343,8.71569545,130.41047007,8.70706461,0.00000000,5.98585147,0.00000000,0.00000000,0.00000000,0.29934151,0.00000000,0.00000000,0.26894822,0.00000000,0.00000000,32.43523526,0.00000000,94.64049154,12.35798543,0.00000000,0.00000000,0.00000000,0.00000000,0.00000000,0.00000000,0.00000000,0.00000000,0.00000000,0.00000000,0.00000000,0.00000000,0.00000000,0.00000000,0.00000000,0.00000000,0.00000000,0.00000000,0.00000000,0.00000000,0.00000000,0.00000000,12.13506143,0.00000000,0.00000000,0.00000000,123.46703100,10.44311723,0.00000000,28.52244003,44.39008361,0.32577724,25.39890745,26.06007320,53.63765961,0.00000000,36.98360420,8.18963761,22.09419531,0.00000000,5.19927996,46.77824347,0.00000000,0.00000000,0.00000000,0.00000000,0.00000000,0.00000000,0.00000000,0.00000000,0.00000000,0.00000000,0.00000000,0.00000000,0.00000000,0.00000000,0.00000000,0.00000000,0.00000000,0.00000000,0.00000000,0.00000000,0.00000000,0.00000000,0.00000000,0.00000000,0.00000000,0.00000000,0.00000000,0.00000000,0.00000000,0.00000000,0.00000000,0.00000000,0.00000000,0.00000000,0.00000000,0.00000000,0.00000000,0.00000000,0.00000000,0.00000000,0.00000000,0.00000000,0.00000000,0.00000000,0.00000000,0.00000000,0.00000000,0.00000000,0.00000000,0.00000000,0.00000000,0.00000000,0.00000000,0.00000000,0.00000000,0.00000000,0.00000000,0.00000000,0.00000000,0.00000000,12.01404660,0.00000000,0.00000000,0.00000000,0.00000000,0.00000000,4.57243977,0.00000000,25.80332269,0.00000000,7.52994635,0.00000000,0.00000000,0.00000000,13.11411164,0.00000000,0.00000000,0.00000000,0.00000000,0.00000000,0.00000000,0.00000000,0.00000000,0.00000000,0.72169948,0.00000000,34.51680626,0.00000000,34.44686712,0.00000000,3.28711746,0.00000000,3.54598099,0.00000000,0.23445898,0.00000000,1.57220786,0.00000000,0.00000000,0.00000000,36.16465030,0.00000000,131.47871914,0.00000000,0.00000000,0.00000000,0.00000000,0.00000000,2.24965067,0.00000000,0.00000000,0.00000000,0.00000000,0.00000000,0.00000000,0.98979918,2.41913575,0.00000000,0.00000000,0.00000000,0.00000000,0.00000000,0.00000000,0.00000000,0.00000000,0.00000000,0.00000000,0.00000000,0.00000000,0.00000000,0.00000000,0.00000000,0.35144622,0.00000000,0.00000000,0.00000000,0.00000000,0.00000000,0.00000000,0.00000000,0.74599945,0.00000000,229.55430963,100.90285564,194.50387504,103.45258585,188.13892698,0.00000000,16.07779138,0.00000000,11.48079413,0.00000000,0.00000000,0.00000000,0.00000000,0.00000000,0.00000000
0.00000000,8.13647110,0.00000000,69.05123437,0.00000000,7.74606132,0.00000000,126.83139304,134.36569801,32.43090425,0.00000000,0.00000000,0.00000000,0.59379973,0.00000000,6.07922744,0.00000000,9.08599118,0.00000000,0.00000000,0.00000000,6.75651530,0.00000000,0.73187932,0.00000000,72.23625056,0.00000000,0.00000000,0.00000000,1.18911007,0.00000000,0.00000000,0.00000000,0.00000000,0.00000000,0.00000000,0.00000000,0.00000000,0.00000000,0.00000000,0.00000000,0.00000000,0.00000000,0.00000000,0.00000000,0.00000000,0.00000000,0.00000000,0.00000000,0.00000000,0.00000000,0.00000000,115.19398280,96.88580228,28.52244003,0.00000000,1.42114678,39.92942187,91.51103412,118.85706468,0.00000000,46.77562089,31.01071094,96.07306970,0.00000000,0.00000000,144.12447708,5.46640553,0.00000000,4.03189016,0.20983687,0.00000000,0.00000000,0.00000000,0.00000000,0.00000000,0.00000000,0.86428210,0.00000000,0.00000000,0.00000000,0.00000000,0.00000000,0.00000000,0.00000000,15.48834544,0.00000000,0.00000000,0.00000000,0.00000000,0.00000000,0.00000000,0.00000000,0.00000000,0.00000000,0.00000000,0.00000000,0.00000000,0.00000000,0.00000000,0.00000000,0.00000000,0.00000000,0.00000000,0.00000000,0.00000000,0.00000000,0.00000000,0.00000000,0.00000000,0.00000000,0.00000000,0.00000000,0.00000000,0.00000000,0.00000000,0.00000000,0.00000000,0.00000000,0.00000000,0.00000000,0.00000000,0.00000000,0.00000000,0.00000000,0.00000000,0.00000000,0.00000000,2.64848366,9.23968460,0.00000000,12.71052364,0.00000000,0.00000000,0.00000000,29.33793996,0.00000000,45.84100715,0.00000000,12.66804296,0.00000000,0.00000000,0.00000000,27.20953675,5.84710322,0.00000000,0.00000000,0.00000000,0.00000000,0.00000000,0.00000000,0.00000000,0.00000000,0.00000000,0.00000000,26.25961677,2.09520388,17.38486208,0.00000000,21.81896035,0.00000000,1.78840108,0.00000000,1.72223476,0.00000000,0.00000000,0.00000000,0.00000000,0.00000000,0.60352558,0.40551902,37.78428943,0.00000000,38.92802982,0.00000000,0.00000000,1.42477112,0.00000000,0.00000000,0.00000000,1.49435258,0.00000000,0.00000000,6.80665359,0.00000000,0.00000000,0.00000000,0.00000000,0.00000000,0.00000000,0.00000000,0.00000000,0.00000000,0.00000000,0.00000000,0.00000000,0.00000000,0.00000000,0.00000000,0.08069229,0.00000000,0.00000000,0.00000000,0.00000000,0.00000000,0.00000000,0.00000000,0.00000000,0.00000000,0.00000000,0.00000000,0.00000000,0.00000000,0.00000000,101.13815189,0.00000000,0.00000000,0.00000000,225.04951648,139.74456059,165.16751656,34.61793423,0.00000000,45.85398111,0.00000000
0.00000000,0.00000000,8.74109561,0.00000000,0.00000000,0.00000000,3.38932438,0.00000000,0.00000000,0.00000000,0.00000000,0.00000000,0.00000000,0.00000000,0.00000000,0.00000000,0.00000000,0.00000000,0.00000000,0.00000000,0.00000000,0.00000000,0.00000000,0.00000000,1.54219263,0.00000000,0.00000000,0.00000000,0.00000000,0.00000000,0.00000000,0.00000000,0.00000000,0.00000000,0.00000000,0.00000000,2.05216652,0.00000000,0.00000000,0.00000000,0.00000000,0.00000000,0.46132923,0.00000000,0.00000000,0.00000000,0.00000000,0.00000000,11.30288717,0.00000000,0.00000000,0.00000000,86.51938920,1.86258878,44.39008361,1.42114678,0.00000000,6.79882632,74.06800390,18.49600015,3.61817314,0.00000000,0.42880798,0.00000000,17.78546033,4.43744013,8.28430282,60.72867579,0.00000000,0.00000000,0.00000000,0.00000000,0.00000000,0.00000000,0.00000000,0.00000000,0.00000000,0.00000000,0.00000000,0.00000000,0.00000000,0.00000000,0.00000000,0.00000000,0.00000000,0.00000000,0.00000000,0.00000000,0.00000000,0.00000000,0.00000000,0.00000000,0.00000000,0.00000000,0.00000000,0.00000000,0.00000000,0.00000000,0.00000000,0.00000000,0.00000000,0.00000000,0.00000000,0.00000000,0.00000000,0.00000000,0.00000000,0.00000000,0.00000000,0.00000000,0.00000000,0.00000000,0.00000000,0.00000000,0.00000000,0.00000000,0.00000000,0.00000000,0.00000000,0.00000000,0.00000000,0.00000000,0.00000000,0.00000000,16.85029336,0.00000000,28.54808854,0.00000000,94.80910533,0.00000000,93.90066465,0.00000000,13.08543134,0.00000000,11.79425680,0.00000000,8.62581974,0.00000000,15.78640396,0.00000000,0.00000000,0.00000000,4.79113329,0.00000000,0.57309293,0.00000000,0.00000000,0.00000000,2.16592129,0.00000000,15.67218245,0.00000000,0.00000000,0.00000000,183.05370984,27.67137725,104.19888304,0.00000000,103.78053959,7.76496409,28.01297946,7.65563594,2.79557158,0.00000000,0.00000000,0.00000000,0.00000000,0.00000000,24.50609192,0.00000000,19.62331737,0.00000000,1.18375980,0.00000000,0.00000000,0.00000000,0.65807518,0.00000000,0.00000000,0.00000000,0.00000000,0.80535612,0.00000000,0.00000000,6.83736651,0.00000000,0.00000000,0.00000000,0.00000000,0.00000000,0.00000000,0.00000000,0.00000000,0.00000000,0.00000000,0.00000000,0.00000000,0.00000000,0.00000000,0.00000000,0.00000000,0.00000000,0.00000000,0.00000000,0.00000000,0.00000000,0.00000000,0.00000000,14.23979482,0.00000000,254.91113196,90.78148728,228.03282112,161.58751428,446.40702398,0.00000000,35.79160230,0.00000000,1.42287051,0.00000000,7.05587451,0.00000000,0.00000000,0.00000000,0.00000000
0.00000000,0.00000000,0.00000000,0.00000000,0.00000000,0.00000000,0.00000000,28.80747847,0.00000000,2.87033247,0.00000000,0.00000000,0.00000000,0.00000000,0.00000000,6.85219441,0.00000000,28.41075150,0.00000000,0.00000000,0.00000000,0.00000000,0.00000000,7.21276785,0.00000000,72.88384219,0.00000000,0.00000000,0.00000000,0.00000000,0.00000000,0.00000000,0.00000000,0.00000000,0.00000000,0.00000000,0.00000000,0.00000000,0.00000000,0.00000000,0.00000000,0.00000000,0.00000000,0.00000000,0.00000000,0.00000000,0.00000000,0.00000000,0.00000000,0.00000000,0.00000000,0.00000000,0.97002520,155.52803663,0.32577724,39.92942187,6.79882632,0.00000000,16.80483736,157.28938866,0.00000000,4.01717297,0.00000000,14.54576663,12.20570988,0.00000000,21.17057822,0.00000000,0.00000000,10.74555086,0.00000000,0.00000000,0.00000000,0.00000000,0.00000000,0.00000000,0.00000000,0.00000000,0.00000000,0.00000000,0.00000000,0.00000000,0.00000000,0.00000000,0.00000000,2.30479154,0.00000000,0.00000000,0.00000000,0.00000000,0.00000000,0.00000000,0.00000000,10.00493741,0.00000000,0.00000000,0.00000000,2.14014248,0.00000000,0.00000000,0.00000000,0.00000000,0.00000000,0.00000000,0.00000000,0.00000000,0.00000000,0.00000000,0.00000000,0.00000000,0.00000000,0.00000000,0.00000000,0.00000000,0.00000000,0.00000000,0.00000000,0.00000000,0.00000000,0.00000000,0.00000000,0.00000000,0.00000000,0.00000000,0.00000000,0.00000000,0.00000000,0.00000000,0.00000000,21.81229030,0.00000000,41.68885794,0.00000000,7.59200828,0.00000000,17.09471518,0.00000000,48.51074986,0.00000000,51.75706249,0.00000000,0.00000000,0.00000000,0.00000000,0.00000000,1.15626337,0.00000000,0.00000000,0.00000000,2.62433532,0.00000000,0.00000000,0.00000000,0.00000000,26.94315481,159.48052788,2.13256965,0.00000000,0.14619611,94.61540625,2.20842707,30.45437931,0.00000000,0.00000000,0.00000000,10.08746460,0.00000000,0.00000000,0.00000000,46.46871260,0.00000000,112.88859139,0.00000000,4.28506364,0.00000000,0.00000000,0.00000000,0.00000000,0.00000000,0.00000000,0.00000000,0.00000000,0.00000000,0.00000000,0.00000000,0.00000000,0.00000000,0.00000000,0.00000000,0.00000000,0.00000000,0.00000000,0.00000000,0.00000000,0.00000000,0.00000000,0.00000000,0.00000000,0.00000000,0.00000000,0.00000000,0.00000000,0.00000000,0.00000000,0.00000000,0.00000000,0.00000000,0.00000000,0.00000000,10.87611931,0.00000000,0.00000000,0.00000000,0.00000000,138.41438903,0.00000000,0.00000000,0.00000000,212.68319515,56.06135987,227.44504790,18.54380901,5.51929601,0.00000000,0.00000000
2.92321257,0.00000000,3.50883468,0.00000000,1.79849120,0.00000000,2.76582228,0.00000000,134.03601835,25.17013286,0.00000000,0.00000000,0.00000000,0.00000000,0.00000000,0.00000000,0.00000000,0.00000000,0.00000000,0.00000000,0.00000000,0.00000000,0.00000000,0.00000000,0.84347711,0.00000000,0.00000000,0.00000000,0.00000000,0.00000000,0.00000000,0.00000000,1.37164248,0.00000000,0.00000000,0.00000000,0.00000000,0.00000000,0.00000000,0.00000000,0.00000000,0.00000000,5.10010866,0.00000000,0.00000000,0.00000000,0.00000000,0.00000000,2.41667792,0.00000000,26.61761914,0.00000000,155.99363642,64.56169679,25.39890745,91.51103412,74.06800390,16.80483736,0.00000000,124.35011576,72.86612516,0.00000000,30.42435455,2.18018413,180.50853281,28.80873221,135.40356846,241.17269641,0.00000000,0.00000000,0.00000000,0.00000000,0.00000000,0.00000000,0.00000000,0.00000000,0.00000000,0.00000000,0.00000000,0.00000000,0.00000000,0.00000000,0.00000000,0.00000000,0.00000000,0.00000000,0.00000000,0.00000000,0.00000000,0.00000000,0.00000000,0.00000000,0.00000000,0.00000000,0.00000000,0.00000000,0.00000000,0.00000000,0.00000000,0.00000000,0.00000000,0.00000000,0.00000000,0.00000000,0.00000000,0.00000000,0.00000000,0.00000000,0.00000000,0.00000000,0.00000000,0.00000000,0.00000000,0.00000000,0.00000000,0.00000000,0.00000000,0.00000000,0.00000000,0.00000000,0.00000000,0.00000000,0.00000000,0.00000000,54.54987380,0.00000000,55.10789221,0.00000000,7.66810467,0.00000000,78.96839643,0.00000000,15.06087601,0.00000000,4.17161184,0.00000000,0.00000000,0.00000000,2.11550634,0.00000000,0.00000000,0.00000000,0.00000000,0.00000000,1.98284472,0.00000000,5.14454289,0.00000000,7.65760102,0.00000000,7.98291137,0.00000000,3.27579277,0.00000000,19.85915840,14.52089952,163.62846274,0.00000000,0.00000000,15.38225791,30.20674227,0.00000000,2.99035282,0.00000000,1.93160923,0.00000000,0.00000000,0.00000000,15.08047268,0.00000000,16.50894177,0.89227736,0.00000000,0.00000000,0.00000000,0.00000000,46.39836196,0.00000000,0.00000000,0.00000000,0.00000000,0.00000000,0.00000000,0.00000000,26.83555465,0.00000000,0.00000000,0.00000000,0.00000000,0.00000000,0.00000000,0.00000000,0.00000000,0.00000000,0.00000000,0.00000000,0.00000000,0.00000000,0.00000000,0.00000000,0.00000000,0.00000000,0.00000000,0.00000000,0.00000000,0.00000000,0.00000000,0.00000000,10.85645653,0.00000000,438.20214418,133.88220626,120.09238358,67.07321023,350.70415993,0.00000000,0.00000000,0.00000000,0.01176642,0.00000000,0.00000000,0.00000000,0.00000000,0.00000000,0.00000000
2.43447501,38.19322739,0.00000000,0.00000000,0.00000000,0.00000000,0.00000000,44.81445484,17.93150112,79.61145225,0.00000000,3.29996858,0.00000000,0.00000000,0.00000000,0.00000000,0.00000000,0.00000000,0.00000000,0.00000000,0.00000000,0.00000000,0.00000000,0.00000000,0.00000000,8.90725514,0.00000000,0.00000000,0.00000000,0.00000000,0.00000000,0.00000000,0.00000000,0.00000000,0.00000000,0.00000000,0.00000000,0.00000000,0.00000000,0.00000000,0.00000000,0.00000000,0.00000000,0.00000000,0.00000000,0.00000000,0.00000000,0.00000000,0.00000000,0.00000000,0.00000000,0.00000000,77.68897864,159.34298399,26.06007320,118.85706468,18.49600015,157.28938866,124.35011576,0.00000000,0.00000000,0.00000000,15.60560768,18.11375854,43.35071531,38.35910952,240.53565528,100.38437443,0.00000000,10.88704370,0.00000000,0.00000000,0.00000000,0.00000000,0.00000000,0.00000000,0.00000000,0.00000000,0.00000000,0.00000000,0.00000000,0.00000000,0.00000000,0.00000000,0.00000000,0.00000000,0.00000000,2.64661878,0.00000000,0.00000000,0.00000000,0.00000000,0.00000000,2.52741224,0.00000000,0.00000000,0.00000000,0.00000000,0.00000000,0.00000000,0.00000000,0.00000000,0.00000000,0.00000000,0.00000000,0.00000000,0.00000000,0.00000000,0.00000000,0.00000000,0.00000000,0.00000000,0.00000000,0.00000000,0.00000000,0.00000000,0.00000000,0.00000000,0.00000000,0.00000000,0.00000000,0.00000000,0.00000000,0.00000000,0.00000000,8.27742190,0.00000000,0.00000000,0.00000000,0.00928558,0.00000000,34.80140383,0.00000000,3.34201397,0.00000000,1.44792377,0.00000000,0.97962367,0.00000000,6.86657691,0.00000000,0.00000000,0.00000000,0.00000000,0.27170008,14.89320846,0.00000000,1.02414437,0.00000000,42.07152845,0.00000000,0.00000000,0.00000000,0.00000000,85.68829669,42.34183311,3.13043141,88.52453547,7.19745512,25.23391786,3.10698398,42.99057628,0.00000000,0.00000000,0.00000000,3.39579174,0.00000000,0.00000000,0.00000000,19.55930392,0.00000000,62.57484629,0.00000000,0.00000000,0.00000000,4.06979736,10.82838521,0.00000000,0.00000000,0.00000000,0.00000000,3.38353428,0.00000000,0.00000000,15.69786151,4.31367439,0.00000000,0.00000000,0.00000000,0.00000000,0.00000000,0.00000000,0.00000000,0.00000000,0.00000000,0.00000000,0.00000000,0.00000000,0.00000000,0.00000000,0.00000000,0.00000000,0.00000000,0.00000000,0.00000000,0.00000000,0.00000000,0.00000000,0.00000000,2.19765313,0.00000000,0.00000000,6.29924687,0.00000000,506.18929218,0.00000000,0.00000000,0.00000000,875.73975029,216.95311937,371.91668691,101.39137365,23.97404929,18.18678579,0.00000000
52.76346624,0.00000000,10.29696498,0.00000000,0.00000000,0.00000000,107.19563708,0.00000000,95.33231652,0.00000000,0.00000000,0.00000000,0.00000000,0.00000000,0.00000000,0.00000000,5.05014427,0.00000000,0.00000000,0.00000000,0.47168826,0.00000000,0.00000000,0.00000000,72.06190179,0.01435619,0.00000000,0.00000000,18.52329952,0.00000000,0.00000000,0.00000000,2.37011094,0.00000000,0.00000000,0.00000000,19.42856870,0.00000000,0.00000000,0.00000000,0.00000000,0.00000000,2.46013703,0.00000000,0.00000000,0.00000000,0.00000000,0.00000000,0.00000000,0.00000000,3.70806376,0.00000000,53.10236748,0.00000000,53.63765961,0.00000000,3.61817314,0.00000000,72.86612516,0.00000000,0.00000000,0.00000000,28.68968560,0.66199836,0.00000000,0.00000000,4.42025118,0.00000000,0.00000000,0.00000000,1.97187528,0.00000000,0.00000000,0.00000000,9.73192883,0.00000000,0.00000000,0.00000000,0.00000000,0.00000000,0.00000000,0.00000000,0.00000000,0.00000000,0.00000000,0.00000000,0.00000000,0.00000000,0.00000000,0.00000000,0.00000000,0.00000000,0.00000000,0.00000000,0.00000000,0.00000000,0.00000000,0.00000000,0.79239608,0.00000000,0.00000000,0.00000000,0.00000000,0.00000000,0.00000000,0.00000000,0.00000000,0.00000000,0.00000000,0.00000000,0.00000000,0.00000000,0.00000000,0.00000000,0.00000000,0.00000000,0.00000000,0.00000000,0.00000000,0.00000000,3.66828686,0.00000000,0.00000000,0.00000000,0.00000000,0.00000000,0.00000000,0.00000000,0.04303239,0.00000000,0.00000000,0.00000000,0.00000000,0.00000000,0.00000000,0.00000000,0.00000000,0.00000000,73.62897850,0.00000000,12.29131760,0.00000000,2.87648222,0.00000000,128.77192819,0.00000000,0.00000000,0.00000000,0.00000000,0.00000000,0.00000000,0.00000000,0.00000000,0.00000000,62.42491381,0.00000000,47.02412857,0.00000000,1.79313628,0.00000000,0.00000000,0.00000000,11.62977795,0.00000000,0.00000000,0.00000000,0.00000000,0.00000000,0.00000000,0.00000000,113.08971674,0.00000000,42.18330437,0.00000000,0.00000000,0.00000000,22.58019677,0.00000000,0.00000000,0.00000000,0.00000000,0.00000000,31.40556224,0.00000000,0.00000000,0.00000000,0.00000000,0.00000000,0.00000000,0.00000000,0.00000000,0.00000000,0.00000000,0.00000000,0.00000000,0.00000000,0.00000000,0.00000000,0.00000000,0.00000000,0.00000000,0.00000000,0.00000000,0.00000000,0.00000000,0.00000000,0.00000000,0.00000000,0.00000000,0.00000000,21.59289395,55.14310936,36.83049213,21.59974816,3.09335711,0.00000000,0.00000000,0.00000000,0.00000000,0.00000000,0.00000000,0.00000000,0.00000000,0.00000000,0.00000000
0.00000000,25.44348465,0.00000000,0.00000000,0.00000000,0.00000000,0.00000000,122.39293223,0.00000000,74.98362314,0.00000000,0.00000000,0.00000000,0.00000000,0.00000000,0.00000000,0.00000000,3.53419164,0.00000000,0.00000000,0.00000000,2.13324614,0.00000000,0.00000000,0.00000000,80.45635475,0.00000000,0.00000000,0.00000000,8.38015555,0.00000000,2.32969119,0.00000000,3.74384200,0.00000000,4.18140387,0.00000000,31.62715974,0.00000000,2.01029788,0.00000000,0.00000000,0.00000000,0.00000000,0.00000000,0.00000000,0.00000000,0.00000000,0.00000000,0.00000000,0.00000000,4.34203755,0.00000000,17.27550397,0.00000000,46.77562089,0.00000000,4.01717297,0.00000000,0.00000000,0.00000000,0.00000000,2.03869177,98.23560246,0.00000000,0.00000000,0.00000000,0.00000000,0.00000000,0.00000000,0.00000000,0.03481697,0.00000000,0.00000000,0.00000000,7.52251476,0.00000000,0.00000000,0.00000000,0.00000000,0.00000000,0.00000000,0.00000000,0.00000000,0.00000000,0.00000000,0.00000000,0.00000000,0.00000000,0.00000000,0.00000000,0.00000000,0.00000000,0.00000000,0.00000000,0.00000000,0.00000000,0.00000000,0.00000000,0.00000000,0.00000000,0.00000000,0.00000000,0.00000000,0.00000000,0.00000000,0.00000000,0.00000000,0.00000000,0.00000000,0.00000000,0.00000000,0.00000000,0.00000000,0.00000000,0.00000000,0.00000000,0.00000000,0.00000000,0.00000000,0.00000000,0.00000000,0.00000000,0.00000000,0.00000000,0.00000000,0.00000000,0.00000000,0.00000000,0.00000000,0.00000000,0.00000000,0.00000000,0.00000000,0.00000000,0.00000000,0.00000000,0.44263545,0.00000000,11.88048363,0.00000000,31.57541470,0.00000000,0.00000000,0.00000000,108.61863264,0.00000000,0.00000000,0.00000000,0.00000000,0.00000000,0.00000000,0.00000000,0.00000000,0.00000000,3.61426318,0.00000000,78.05473104,0.00000000,2.97005920,0.00000000,0.00000000,0.00000000,3.91290980,0.00000000,0.00000000,0.00000000,1.79372920,0.00000000,3.50317686,0.00000000,53.47085678,0.00000000,46.90998622,0.00000000,0.00000000,1.48957419,20.57657317,0.00000000,0.00000000,0.00000000,0.00000000,0.00000000,62.87710888,0.00000000,0.25808093,0.00000000,0.00000000,0.00000000,0.00000000,0.00000000,0.00000000,0.00000000,0.00000000,0.00000000,0.00000000,0.00000000,0.00000000,0.00000000,0.00000000,0.00000000,0.00000000,0.00000000,0.00000000,0.00000000,0.00000000,0.00000000,0.00000000,0.00000000,0.00000000,0.00000000,0.00000000,0.00000000,0.00000000,21.97686553,0.00000000,0.00000000,0.00000000,30.70786380,89.72434907,94.25013990,17.02925791,0.00000000,10.67962962,0.00000000
10.59249361,0.00000000,9.23562119,0.00000000,0.00000000,0.00000000,185.86545146,26.73670637,136.80956527,113.66108099,0.00000000,0.00000000,0.00000000,0.00000000,1.24488744,0.00000000,366.04414761,2.29951038,0.00000000,0.00000000,59.68359316,0.00000000,52.51648123,0.00000000,176.51834291,33.26727323,20.99557297,0.00000000,19.85295565,0.00000000,0.00000000,0.00000000,0.71112493,0.00000000,0.89014338,0.00000000,17.00556487,0.00000000,5.39479264,0.00000000,0.00000000,0.00000000,0.00000000,0.00000000,23.39703878,0.00000000,5.49122028,0.00000000,0.00000000,0.00000000,0.00000000,0.00000000,131.86568359,8.95591874,36.98360420,31.01071094,0.42880798,0.00000000,30.42435455,15.60560768,28.68968560,2.03869177,0.00000000,11.72780403,0.00000000,0.00000000,0.00000000,0.88535106,0.00000000,0.00000000,0.05737069,0.00000000,0.00000000,0.00000000,0.58852340,0.00000000,0.00000000,0.00000000,0.00000000,0.00000000,0.00000000,0.00000000,0.00000000,0.00000000,21.23022861,0.00000000,0.00000000,0.00000000,0.00000000,0.00000000,0.00000000,0.00000000,0.00000000,0.00000000,0.00000000,0.00000000,1.09056775,0.00000000,0.00000000,0.00000000,0.00000000,0.00000000,0.00000000,0.00000000,0.00000000,0.00000000,10.72371382,0.00000000,0.00000000,0.00000000,0.00000000,0.00000000,0.00000000,0.00000000,0.00000000,0.00000000,0.00000000,0.00000000,0.00000000,0.00000000,14.52574447,0.00000000,0.00000000,0.00000000,0.00000000,0.00000000,0.00000000,0.00000000,13.79616172,0.00000000,3.05983978,0.00000000,0.00000000,0.00000000,0.00000000,0.00000000,11.65369560,0.00000000,101.99652280,0.00000000,32.05153211,0.00000000,23.18548280,0.00000000,22.54923342,0.00000000,0.00000000,0.00000000,0.00000000,0.00000000,0.00000000,0.00000000,0.00000000,0.00000000,63.63130754,0.00000000,33.11103288,0.00000000,31.66989343,0.00000000,0.00000000,0.00000000,0.00000000,0.00000000,0.00000000,1.14192365,0.00000000,0.00000000,0.01197689,0.00000000,28.48908788,0.00000000,13.59963722,2.43286611,0.00000000,0.00000000,16.95637529,0.00000000,0.00000000,0.00000000,0.00000000,0.00000000,39.07199083,0.00000000,0.08891598,0.00000000,0.00000000,0.00000000,0.00000000,0.00000000,0.00000000,0.00000000,0.00000000,0.00000000,0.00000000,0.00000000,0.00000000,0.00000000,0.00000000,0.00000000,0.00000000,0.00000000,0.00000000,0.00000000,0.00000000,0.00000000,0.00000000,0.00000000,0.00000000,0.00000000,63.24287193,55.62523080,53.59454661,53.16216304,68.63149000,0.00000000,10.25594179,0.00000000,0.00000000,0.00000000,0.17289395,0.00000000,0.00000000,0.00000000,0.00000000
0.00000000,30.81011648,4.24395821,0.00000000,0.00000000,0.00000000,12.36192477,126.13603232,87.36667689,159.75955737,0.00000000,0.00000000,0.00000000,0.00000000,0.00000000,4.85669059,0.00000000,267.71215495,0.00000000,11.11431033,0.00000000,97.50763122,2.25319403,97.05754704,15.26640564,170.53461075,0.00000000,0.00000000,0.00000000,61.64353288,0.00000000,11.02575082,0.00000000,6.31846765,0.00000000,0.00000000,0.00000000,12.03085927,0.00000000,28.95743774,0.00000000,0.00000000,0.00000000,1.89354659,0.00000000,11.64388676,0.00000000,0.00000000,0.00000000,0.00000000,0.00000000,6.57235314,11.90809588,69.90494827,8.18963761,96.07306970,0.00000000,14.54576663,2.18018413,18.11375854,0.66199836,98.23560246,11.72780403,0.00000000,0.00000000,0.00000000,26.95321074,25.82019268,0.00000000,0.00000000,0.00000000,0.00000000,0.00000000,0.00000000,0.00000000,0.00000000,0.00000000,0.00000000,0.00000000,0.00000000,0.00000000,0.00000000,0.00000000,0.00000000,0.00000000,3.60464909,0.00000000,0.00000000,0.00000000,0.00000000,0.00000000,0.00000000,0.00000000,0.00000000,0.00000000,0.00000000,1.19628437,0.00000000,0.00000000,0.00000000,0.00000000,0.00000000,0.00000000,1.80814243,0.00000000,0.00000000,0.00000000,0.00000000,0.00000000,0.00000000,0.00000000,0.00000000,0.00000000,0.00000000,0.00000000,0.00000000,0.00000000,0.00000000,0.00000000,0.00000000,0.00000000,0.00000000,0.00000000,0.00000000,0.00000000,0.00000000,0.00000000,3.03914861,0.00000000,0.00000000,0.00000000,0.00000000,0.00000000,0.00000000,0.00000000,0.00000000,0.00000000,6.51971677,0.00000000,46.08666196,0.00000000,52.59375823,0.00000000,0.00000000,0.00000000,112.25226671,0.00000000,0.00000000,0.00000000,0.00000000,0.00000000,0.00000000,0.00000000,0.00000000,0.00000000,28.60548367,0.00000000,90.71633985,0.00000000,48.99209651,0.00000000,0.00000000,0.00000000,0.00000000,0.00000000,3.99784336,0.00000000,0.00000000,0.00000000,0.00000000,0.00000000,0.53060120,0.00000000,8.04568755,0.00000000,0.00000000,0.53363697,50.55259326,0.00000000,0.27972268,0.00000000,0.00000000,0.00000000,70.66130991,0.00000000,17.16947048,0.00000000,0.00000000,0.00000000,0.00000000,0.00000000,0.00000000,0.00000000,0.00000000,0.00000000,0.00000000,0.00000000,0.00000000,0.00000000,0.00000000,0.00000000,0.00000000,0.00000000,0.00000000,0.00000000,0.00000000,0.00000000,0.00000000,0.00000000,0.00000000,0.00000000,0.00000000,0.00000000,0.00000000,0.22406918,0.00000000,0.00000000,0.00000000,22.26070087,167.38580063,20.87802378,3.61774734,0.00000000,2.23924589,0.00000000
11.58217539,0.00000000,13.16881444,0.00000000,20.03935053,0.00000000,11.00790601,0.00000000,141.21311587,0.00000000,13.98856068,0.00000000,15.43614864,0.00000000,7.48823201,0.00000000,0.00000000,0.00000000,0.00000000,0.00000000,0.00000000,0.00000000,0.00000000,0.00000000,0.00000000,0.00000000,0.00000000,0.00000000,0.00000000,0.00000000,0.00000000,0.00000000,0.00000000,0.00000000,0.00000000,0.00000000,0.00000000,0.00000000,0.00000000,0.00000000,0.00000000,0.00000000,0.00000000,0.00000000,0.00000000,0.00000000,2.01070585,0.00000000,0.00000000,0.00000000,0.00000000,0.00000000,12.22164687,1.33383587,22.09419531,0.00000000,17.78546033,12.20570988,180.50853281,43.35071531,0.00000000,0.00000000,0.00000000,0.00000000,0.00000000,9.35759550,126.94522045,1.60008489,0.00000000,0.00000000,0.00000000,0.00000000,0.00000000,0.00000000,0.00000000,0.00000000,0.00000000,0.00000000,0.00000000,0.00000000,0.00000000,0.00000000,0.00000000,0.00000000,0.00000000,0.00000000,0.00000000,0.00000000,0.00000000,0.00000000,0.00000000,0.00000000,0.00000000,0.00000000,0.00000000,0.00000000,0.00000000,0.00000000,0.00000000,0.00000000,0.00000000,0.00000000,0.00000000,0.00000000,0.00000000,0.00000000,0.00000000,0.00000000,0.00000000,0.00000000,0.00000000,0.00000000,0.00000000,0.00000000,0.00000000,0.00000000,0.00000000,0.00000000,0.00000000,0.00000000,0.00000000,0.00000000,0.00000000,0.00000000,11.18139105,0.00000000,0.00000000,0.00000000,0.00000000,0.00000000,13.21609003,0.00000000,0.00000000,0.00000000,0.94667918,0.00000000,0.95209517,0.00000000,5.47653983,42.97135648,0.00000000,6.21611835,0.00000000,0.00000000,47.23776487,26.18277358,3.12709684,0.00000000,48.24334558,0.00000000,5.61960880,0.00000000,0.00000000,4.39340449,5.26329373,42.56467245,16.73814713,0.95132662,0.70311556,38.47132050,209.95965806,56.35198889,5.54347326,0.00000000,0.00000000,0.00000000,0.00000000,0.00000000,0.00000000,0.00000000,1.99248208,0.00000000,0.00000000,0.00000000,13.06059619,0.00000000,41.69816587,0.00000000,3.34671165,0.00000000,56.55604118,3.41349737,0.00000000,0.00000000,112.78760204,8.04774293,0.00000000,0.00000000,0.00000000,0.00000000,0.00000000,0.00000000,0.00000000,0.00000000,0.00000000,0.00000000,0.00000000,0.00000000,0.00000000,0.00000000,0.00000000,0.00000000,0.00000000,0.00000000,0.00000000,0.00000000,0.00000000,0.00000000,0.00000000,0.00000000,42.48958355,8.70012183,0.25682251,0.00000000,0.00000000,0.00000000,0.00000000,0.00000000,1.00247796,0.00000000,0.00000000,0.00000000,0.00000000,0.00000000,0.00000000
0.00000000,74.48596597,0.00000000,0.00000000,0.00000000,26.06926138,0.00000000,6.42912698,0.00000000,198.81610926,0.00000000,29.05286113,0.00000000,0.00000000,0.00000000,0.29189689,0.00000000,0.00000000,0.00000000,3.91039383,0.00000000,0.00000000,0.00000000,0.00000000,0.00000000,0.00000000,0.00000000,24.17743671,0.00000000,0.00000000,0.00000000,0.00000000,0.00000000,0.00000000,0.00000000,0.00000000,0.00000000,0.00000000,0.00000000,0.00000000,0.00000000,5.65740247,0.00000000,0.00000000,0.00000000,0.00000000,0.00000000,0.00000000,0.00000000,0.00000000,0.00000000,0.00000000,4.65230695,0.00000000,0.00000000,0.00000000,4.43744013,0.00000000,28.80873221,38.35910952,0.00000000,0.00000000,0.00000000,0.00000000,9.35759550,0.00000000,35.02321013,248.79602457,0.00000000,0.00000000,0.00000000,7.50560818,0.00000000,4.95067233,0.00000000,0.00000000,0.00000000,0.00000000,0.00000000,0.00000000,0.00000000,0.00000000,0.00000000,0.00000000,0.00000000,0.00000000,0.00000000,0.00000000,0.00000000,0.00000000,0.00000000,0.00000000,0.00000000,0.00000000,0.00000000,0.00000000,0.00000000,0.00000000,0.00000000,0.00000000,0.00000000,0.00000000,0.00000000,0.00000000,0.00000000,0.00000000,0.00000000,0.00000000,0.00000000,0.00000000,0.00000000,0.00000000,0.00000000,0.00000000,0.00000000,0.00000000,0.00000000,0.00000000,0.00000000,0.00000000,0.00000000,0.00000000,0.00000000,0.00000000,0.00000000,0.00000000,0.00000000,0.00000000,0.00000000,0.00000000,6.04361829,34.81745928,0.00000000,0.00000000,0.00000000,0.00000000,0.00000000,0.00000000,20.39006396,6.83425833,0.00000000,4.30656305,0.00000000,0.00000000,26.56874671,63.19469884,0.00000000,16.05108002,13.91064510,130.28554706,0.00000000,13.43190257,0.00000000,9.50015276,10.70468169,19.70468497,0.00000000,11.95078931,0.00000000,6.38901407,55.60358606,201.17578540,0.00000000,7.57493315,0.00000000,0.00000000,0.00000000,0.00000000,0.00000000,0.00000000,0.00000000,0.97078802,0.00000000,9.26231915,0.00000000,10.44675988,3.93538500,0.00000000,0.00000000,0.00000000,19.74470765,90.71107566,0.00000000,9.77836957,0.00000000,69.91401853,0.00000000,0.00000000,0.00000000,0.00000000,0.00000000,0.00000000,0.00000000,0.00000000,0.00000000,0.00000000,0.00000000,0.00000000,0.00000000,0.00000000,0.00000000,0.00000000,0.00000000,0.00000000,0.00000000,0.00000000,0.00000000,0.00000000,0.00000000,7.91522728,0.00000000,0.00000000,0.00000000,0.00000000,0.00000000,0.00000000,0.00000000,0.00000000,36.00834512,22.41009066,0.00000000,0.00000000,0.00000000,0.00000000,0.00000000
3.41239626,0.00000000,0.00000000,0.00000000,0.00000000,0.00000000,26.24544407,0.00000000,129.12266880,69.40588808,0.00000000,0.00000000,0.00000000,0.00000000,0.00000000,0.00000000,0.00000000,0.00000000,0.00000000,0.00000000,0.00000000,0.00000000,0.00000000,0.00000000,0.00000000,2.11730623,0.00000000,0.00000000,0.00000000,1.40189022,0.00000000,0.00000000,0.00000000,0.00000000,0.00000000,0.00000000,0.04467632,0.00000000,0.00000000,0.00000000,0.60593485,0.00000000,0.00000000,0.00000000,0.00000000,0.00000000,0.00000000,0.00000000,0.00000000,0.00000000,0.00000000,0.00000000,8.63419762,124.80512500,5.19927996,144.12447708,8.28430282,21.17057822,135.40356846,240.53565528,4.42025118,0.00000000,0.00000000,26.95321074,126.94522045,35.02321013,0.00000000,135.96187624,0.00000000,0.00000000,0.00000000,0.00000000,0.00000000,0.00000000,0.00000000,0.00000000,0.00000000,0.00000000,0.00000000,0.00000000,0.00000000,0.00000000,0.00000000,0.00000000,0.00000000,0.00000000,0.00000000,0.00000000,0.00000000,0.00000000,0.00000000,0.00000000,0.00000000,0.00000000,0.00000000,0.00000000,0.00000000,0.00000000,0.00000000,0.00000000,0.00000000,0.00000000,0.00000000,0.00000000,0.00000000,0.00000000,0.00000000,0.00000000,0.00000000,0.00000000,0.00000000,0.00000000,0.00000000,0.00000000,0.00000000,0.00000000,0.00000000,0.00000000,0.00000000,0.00000000,0.00000000,0.00000000,0.00000000,0.00000000,5.95789673,0.00000000,0.00000000,0.00000000,0.00000000,0.00000000,2.37275108,0.00000000,0.00000000,0.00000000,0.00000000,0.00000000,0.00000000,0.00000000,1.69541936,0.00000000,0.00000000,0.00000000,0.00000000,0.00000000,11.97947061,0.00000000,0.00000000,0.00000000,24.95005686,0.00000000,17.18375028,0.00000000,1.77803163,0.00000000,7.92191107,37.58698774,32.35321058,0.32404203,0.00000000,0.00546916,29.12017609,0.00000000,0.00000000,0.00000000,1.38972397,0.00000000,10.28709080,0.00000000,1.32768345,0.00000000,0.00000000,0.00000000,6.03136850,0.00000000,0.00000000,0.00000000,132.06738495,0.00000000,0.00000000,0.00000000,0.00000000,0.05545033,0.00000000,0.00000000,194.82375722,4.81224134,0.00000000,0.00000000,0.00000000,0.00000000,0.00000000,0.00000000,0.00000000,0.00000000,0.00000000,0.00000000,0.00000000,0.00000000,0.00000000,0.00000000,0.00000000,0.00000000,0.00000000,0.00000000,0.00000000,0.00000000,0.00000000,0.00000000,1.58999629,0.00000000,75.86143162,38.07928455,14.75224173,0.00000000,37.46672530,0.00000000,0.00000000,0.00000000,0.00000000,0.00000000,0.00000000,0.00000000,0.00000000,0.00000000,0.00000000
0.00000000,11.51048425,2.68957427,0.00000000,0.00000000,0.00000000,4.23970318,8.65576651,26.23486274,127.22436182,0.00000000,0.00000000,0.00000000,0.00000000,0.00000000,0.00000000,0.00000000,0.00000000,0.00000000,0.00000000,0.00000000,0.00000000,0.00000000,0.00000000,0.00000000,0.00000000,0.00000000,1.46876869,0.00000000,0.00000000,0.00000000,0.00000000,0.00000000,0.00000000,0.00000000,0.00000000,0.00000000,0.00000000,0.00000000,0.00000000,0.00000000,0.00000000,0.00000000,0.00000000,0.00000000,0.00000000,0.00000000,0.00000000,0.00000000,0.00000000,0.00000000,0.63826821,79.49503536,50.12797455,46.77824347,5.46640553,60.72867579,0.00000000,241.17269641,100.38437443,0.00000000,0.00000000,0.88535106,25.82019268,1.60008489,248.79602457,135.96187624,0.00000000,0.00000000,0.00000000,0.00000000,0.00000000,0.00000000,0.00000000,0.00000000,0.00000000,0.00000000,0.00000000,0.00000000,0.00000000,0.00000000,0.00000000,0.00000000,0.00000000,0.00000000,0.00000000,0.00000000,0.00000000,0.00000000,0.00000000,0.00000000,0.00000000,0.00000000,0.00000000,0.00000000,0.00000000,0.00000000,0.00000000,0.00000000,0.00000000,0.00000000,0.00000000,0.00000000,0.00000000,0.00000000,0.03300295,0.00000000,0.00000000,0.00000000,0.00000000,0.00000000,0.00000000,0.00000000,0.00000000,0.00000000,0.00000000,0.00000000,0.00000000,0.00000000,0.00000000,0.00000000,0.00000000,0.00000000,0.00000000,0.00000000,2.74567000,0.00000000,0.38281797,0.00000000,0.00000000,0.00000000,44.06081763,0.00000000,0.00000000,0.00000000,0.00000000,0.00000000,2.39088403,0.00000000,0.00000000,0.00000000,0.00000000,0.00000000,0.00000000,6.28616877,11.96504343,0.00000000,13.90253225,0.00000000,86.96655359,0.00000000,0.00000000,0.00000000,6.98185406,89.79382613,25.56862625,6.88782287,31.21105852,7.68254929,9.21665969,25.98646162,47.45392539,0.00000000,0.00000000,0.00000000,0.00000000,0.00000000,0.00000000,0.00000000,0.46499466,0.00000000,5.33752846,0.00000000,0.12836890,0.00000000,18.93549044,20.38916773,9.94698016,0.00000000,0.00000000,0.42389240,15.88788132,0.00000000,0.00000000,23.78935748,144.97196119,0.00000000,0.00000000,0.00000000,0.00000000,0.00000000,0.00000000,0.00000000,0.00000000,0.00000000,0.00000000,0.00000000,0.00000000,0.00000000,0.00000000,0.00000000,0.00000000,0.00000000,0.00000000,0.00000000,0.00000000,0.00000000,0.00000000,0.00000000,0.00000000,0.00000000,0.00000000,0.00000000,0.00000000,36.22630731,0.00000000,0.00000000,0.00000000,75.29158491,92.30847360,11.97006166,0.00000000,3.83359579,0.00000000,0.00000000
0.00000000,0.00000000,0.00000000,0.00000000,0.00000000,0.00000000,0.00000000,0.00000000,0.00000000,0.00000000,0.00000000,0.00000000,0.00000000,0.00000000,0.00000000,0.00000000,0.00000000,0.00000000,0.00000000,0.00000000,0.00000000,0.00000000,0.00000000,0.00000000,0.00000000,0.00000000,0.00000000,0.00000000,0.00000000,0.00000000,0.00000000,0.00000000,0.00000000,0.00000000,0.00000000,0.00000000,0.00000000,0.00000000,0.00000000,0.00000000,0.00000000,0.00000000,0.00000000,0.00000000,0.00000000,0.00000000,0.00000000,0.00000000,22.21142566,0.00000000,0.00000000,0.00000000,0.00000000,0.00000000,0.00000000,0.00000000,0.00000000,0.00000000,0.00000000,0.00000000,0.00000000,0.00000000,0.00000000,0.00000000,0.00000000,0.00000000,0.00000000,0.00000000,0.00000000,0.00000000,0.00000000,0.00000000,5.24763387,0.00000000,0.00000000,0.00000000,115.79782753,0.00000000,2.17111637,0.00000000,0.00000000,0.00000000,17.75012720,0.00000000,0.00000000,0.00000000,0.00000000,0.00000000,0.00000000,0.00000000,0.00000000,0.00000000,20.33186245,0.00000000,13.75404066,0.00000000,1.73195209,0.00000000,0.00000000,0.00000000,6.81047776,0.00000000,92.68791326,0.00000000,0.00000000,0.00000000,0.00000000,0.00000000,58.38706652,0.00000000,45.40926465,0.00000000,3.18995427,0.00000000,0.00000000,0.00000000,3.94825023,0.00000000,0.00000000,0.00000000,0.00000000,0.00000000,0.00000000,0.00000000,0.00000000,0.00000000,0.00000000,0.00000000,0.00000000,0.00000000,0.00000000,0.00000000,0.00000000,0.00000000,0.00000000,0.00000000,0.00000000,0.00000000,0.00000000,0.00000000,0.00000000,0.00000000,0.00000000,0.00000000,0.00000000,0.00000000,0.00000000,0.00000000,0.00000000,0.00000000,0.00000000,0.00000000,0.00000000,0.00000000,0.00000000,0.00000000,0.00000000,0.00000000,0.00000000,0.00000000,0.00000000,0.00000000,0.00000000,0.00000000,25.47797110,0.00000000,0.00000000,0.00000000,143.12818851,0.00000000,0.00000000,0.00000000,0.00000000,0.00000000,0.00000000,0.00000000,0.00000000,0.00000000,0.00000000,0.00000000,0.00000000,0.00000000,0.00000000,0.00000000,0.00000000,0.00000000,2.73533086,0.00000000,0.00000000,0.00000000,0.00000000,0.00000000,0.00000000,0.00000000,0.00000000,0.00000000,0.00000000,0.00000000,0.00000000,0.00000000,0.00000000,0.00000000,0.15893726,0.00000000,0.00000000,0.00000000,0.00000000,0.00000000,0.00000000,0.00000000,22.14449678,21.08331637,57.34188536,0.00000000,3.11185402,65.32074063,107.00410186,2.59551995,0.00000000,0.00000000,0.00000000,0.00000000,0.00000000,0.00000000,0.00000000
0.00000000,0.00000000,0.00000000,0.00000000,0.00000000,0.00000000,0.00000000,0.00000000,0.00000000,0.00000000,0.00000000,0.00000000,0.00000000,0.00000000,0.00000000,0.00000000,0.00000000,0.00000000,0.00000000,0.00000000,0.00000000,0.00000000,0.00000000,0.00000000,0.00000000,0.00000000,0.00000000,0.00000000,0.00000000,0.00000000,0.00000000,0.00000000,0.00000000,0.00000000,0.00000000,0.00000000,0.00000000,0.00000000,0.00000000,0.00000000,0.00000000,0.00000000,0.00000000,0.00000000,0.00000000,10.57908042,0.00000000,0.00000000,0.00000000,9.68181578,0.00000000,3.18307120,0.00000000,0.00000000,0.00000000,4.03189016,0.00000000,10.74555086,0.00000000,10.88704370,0.00000000,0.00000000,0.00000000,0.00000000,0.00000000,0.00000000,0.00000000,0.00000000,0.00000000,0.00000000,0.00000000,0.00000000,0.00000000,0.00000000,0.00000000,0.04158031,0.00000000,69.52891854,0.00000000,0.00000000,0.00000000,0.00000000,0.00000000,49.92491969,0.00000000,0.00000000,0.00000000,16.56621130,0.00000000,13.17479519,0.00000000,0.00000000,0.00000000,40.63828203,0.00000000,14.73057089,0.00000000,0.00000000,0.00000000,0.00000000,0.00000000,0.00000000,0.00000000,126.11753752,0.00000000,0.00000000,0.00000000,0.00000000,0.00000000,34.41193442,0.00000000,4.48334185,0.00000000,4.71698975,0.00000000,0.00000000,0.00000000,8.11978657,0.00000000,0.00000000,0.00000000,0.00000000,0.00000000,0.00000000,0.00000000,0.00000000,0.00000000,0.34438714,0.00000000,0.00000000,0.00000000,0.00000000,0.00000000,0.00000000,0.00000000,0.00000000,0.00000000,0.00000000,0.00000000,0.00000000,0.00000000,0.00000000,0.00000000,0.00000000,0.00000000,0.00000000,0.00000000,0.00000000,0.00000000,0.00000000,0.00000000,0.00000000,0.00000000,0.00000000,0.00000000,0.00000000,0.00000000,0.00000000,0.00000000,0.00000000,0.00000000,6.72115069,0.00000000,0.00000000,0.00000000,78.09704668,0.00000000,0.00000000,0.00000000,37.46787877,0.00000000,2.81005972,0.00000000,0.00000000,0.00000000,0.94824654,0.00000000,3.33738492,0.00000000,0.00000000,0.00000000,0.00000000,0.00000000,0.00000000,0.00000000,0.00000000,0.00000000,0.00000000,0.00000000,5.75510693,0.00000000,0.00000000,0.00000000,0.00000000,0.00000000,7.15552472,0.00000000,0.00000000,0.00000000,1.19984148,0.00000000,0.00000000,0.00000000,0.00000000,0.00000000,1.14509919,0.00000000,0.00000000,0.00000000,4.58328228,0.00000000,0.00000000,0.04955734,0.00000000,0.00000000,0.00000000,0.00000000,0.00000000,18.69678634,21.97587574,88.89882086,0.00000000,21.19979177,138.98744371,9.67743288
0.00000000,0.00000000,0.00000000,0.00000000,0.00000000,0.00000000,0.00000000,0.00000000,0.00000000,0.00000000,0.00000000,0.00000000,0.00000000,0.00000000,0.00000000,0.00000000,33.84446893,0.00000000,0.00000000,0.00000000,36.20362116,0.00000000,0.00000000,0.00000000,0.00000000,0.00000000,0.00000000,0.00000000,42.60923970,0.00000000,28.80256718,0.00000000,5.13100263,0.00000000,0.00000000,0.00000000,82.03997186,0.00000000,3.26360996,0.00000000,0.00000000,0.00000000,0.00000000,0.00000000,70.19336795,0.00000000,0.00000000,0.00000000,0.00000000,0.00000000,43.15648133,0.00000000,0.00000000,0.00000000,0.00000000,0.20983687,0.00000000,0.00000000,0.00000000,0.00000000,1.97187528,0.00000000,0.05737069,0.00000000,0.00000000,0.00000000,0.00000000,0.00000000,0.00000000,0.00000000,0.00000000,0.00000000,188.94823614,0.00000000,165.35799258,0.00000000,0.00000000,0.00000000,195.33932977,0.00000000,4.42029399,0.00000000,0.00000000,0.00000000,0.00000000,0.00000000,30.14029228,0.00000000,0.00000000,0.00000000,0.00000000,0.52215726,0.00000000,0.00000000,0.00000000,0.00000000,0.00000000,0.00000000,6.69186022,0.00000000,0.00000000,0.53642006,0.00000000,0.00000000,0.00000000,0.00000000,0.00000000,0.00000000,0.00000000,0.00000000,0.00000000,0.00000000,0.00000000,0.00000000,0.00000000,0.00000000,0.00000000,0.00000000,0.00000000,0.00000000,30.09079965,0.00000000,2.84181833,0.00000000,0.00000000,0.00000000,3.59688391,0.00000000,11.09449062,0.00000000,57.86459271,0.34372834,0.00000000,0.00000000,6.65633857,0.00000000,1.52164889,0.00000000,14.62140871,12.09123255,36.08777223,9.26800685,17.76893707,0.00000000,78.86537884,0.00000000,0.00000000,0.00000000,48.23752456,3.75421524,31.12521287,0.00000000,3.40177237,0.00000000,0.00000000,0.08405926,8.12449855,0.00000000,0.00000000,3.12713343,1.62670155,0.00000000,39.15787879,0.00000000,0.96767355,0.00000000,19.43359498,0.00000000,44.81350582,0.00000000,34.76047487,0.00000000,18.36900667,0.00000000,21.49080328,1.66494987,0.00000000,0.00000000,0.00000000,0.00000000,17.40056294,2.22356862,0.00000000,0.00000000,28.84144163,0.00000000,0.00000000,0.00000000,0.00000000,0.00000000,0.00000000,0.00000000,2.36614409,0.00000000,0.00000000,0.00000000,0.00000000,0.00000000,2.64738692,0.00000000,0.00000000,0.00000000,0.00000000,0.00000000,0.00000000,0.00000000,0.00000000,0.00000000,17.72468517,0.00000000,19.21101936,0.00000000,26.09686713,0.00000000,0.00000000,0.00000000,0.00000000,0.00000000,2.29196276,0.00000000,0.00000000,0.00000000,0.00000000,0.00000000,0.00000000
0.00000000,0.00000000,0.00000000,0.00000000,0.00000000,0.00000000,0.00000000,1.81037108,0.00000000,0.00000000,0.00000000,0.00000000,0.00000000,0.00000000,0.00000000,0.00000000,0.00000000,0.00000000,0.00000000,0.00000000,0.00000000,7.96818070,0.00000000,1.32936669,0.00000000,0.00000000,0.00000000,0.00000000,0.00000000,4.28585116,0.00000000,0.00000000,0.00000000,3.50806250,0.00000000,0.00000000,0.00000000,20.68446018,0.00000000,0.00000000,0.00000000,0.00000000,0.00000000,8.50088259,0.00000000,29.65912199,0.00000000,0.00000000,0.00000000,0.00000000,0.00000000,13.58762284,0.00000000,0.00000000,0.00000000,0.00000000,0.00000000,0.00000000,0.00000000,0.00000000,0.00000000,0.03481697,0.00000000,0.00000000,0.00000000,7.50560818,0.00000000,0.00000000,0.00000000,0.00000000,0.00000000,0.00000000,0.00000000,169.64026605,0.00000000,166.55119587,0.00000000,51.52283537,0.00000000,22.71492936,0.00000000,0.00000000,0.00000000,0.50240684,0.00000000,0.00000000,0.00000000,44.05926512,0.00000000,0.00000000,0.00000000,0.00000000,0.00000000,0.00000000,1.70233927,0.00000000,0.00000000,0.00000000,0.00000000,0.00000000,0.00000000,0.00000000,0.00000000,0.00000000,0.00000000,0.00000000,0.00000000,0.00000000,0.00000000,0.00000000,0.00000000,0.00000000,0.00000000,0.00000000,0.00000000,0.00000000,0.00000000,0.00000000,0.00000000,0.00000000,0.00000000,0.00000000,0.00000000,5.87991001,0.00000000,14.74632607,0.00000000,1.63632915,1.00091317,20.19983934,0.00000000,19.51738170,0.00000000,3.21447243,0.00000000,0.00000000,3.72442110,0.50240465,0.35617046,20.15295667,0.00000000,44.73995064,0.00000000,2.29275617,0.00000000,95.94866075,0.00000000,5.54309274,1.80343647,32.59982293,0.00000000,5.99828736,0.00000000,0.00000000,0.00000000,0.00000000,0.00000000,0.00000000,0.00000000,9.35788648,0.00000000,1.12984356,0.00000000,17.61630351,0.00000000,0.00000000,0.00000000,0.00000000,0.00000000,32.51902320,0.00000000,10.88415012,0.00000000,12.03878109,0.00000000,12.85409441,0.00000000,0.00000000,0.00000000,0.00000000,1.34869204,26.14830957,0.00000000,0.00000000,0.00000000,0.00000000,0.00000000,0.00000000,0.00000000,0.00000000,0.00000000,0.00000000,0.00000000,0.00000000,0.00000000,0.00000000,0.00000000,0.00000000,0.00000000,0.00000000,0.00000000,0.00000000,0.00000000,0.00000000,0.00000000,0.00000000,0.00000000,0.00000000,0.00000000,0.00000000,0.00000000,0.00000000,0.00000000,0.00000000,10.03596102,0.00000000,0.00000000,0.00000000,40.14687507,8.94172725,13.58817651,0.00000000,0.00000000,0.00000000,0.00000000
0.00000000,0.00000000,0.00000000,0.00000000,0.00000000,0.00000000,0.00000000,0.00000000,0.00000000,0.00000000,2.15224299,0.00000000,0.00000000,0.00000000,0.00000000,0.00000000,0.00000000,0.00000000,0.00000000,0.00000000,0.00000000,0.00000000,0.00000000,0.00000000,0.00000000,0.00000000,0.00000000,0.00000000,0.00032364,0.00000000,0.00000000,0.00000000,0.00000000,0.00000000,0.00000000,0.00000000,0.11718208,0.00000000,0.00000000,0.00000000,0.00000000,0.00000000,0.00000000,0.00000000,0.00000000,0.00000000,0.00000000,0.00000000,0.00000000,0.00000000,0.00000000,0.00000000,0.00000000,0.00000000,0.00000000,0.00000000,0.00000000,0.00000000,0.00000000,0.00000000,0.00000000,0.00000000,0.00000000,0.00000000,0.00000000,0.00000000,0.00000000,0.00000000,5.24763387,0.00000000,188.94823614,0.00000000,0.00000000,0.00000000,113.98446006,0.86650593,88.85170708,0.00000000,198.93843273,0.00000000,2.62453958,0.00000000,60.84496574,0.00000000,0.00000000,0.00000000,20.54385707,0.00000000,2.37256267,0.00000000,0.00000000,0.00000000,17.87312835,0.00000000,2.19278116,0.00000000,1.11069222,0.00000000,4.86102512,0.00000000,0.13573760,0.00000000,0.00000000,0.00000000,0.00000000,0.00000000,0.00000000,0.00000000,0.00000000,0.00000000,0.00000000,0.00000000,0.00000000,0.00000000,0.00000000,0.00000000,0.00000000,0.00000000,0.00000000,0.00000000,36.10584160,0.00000000,4.56049471,0.00000000,0.00000000,6.84054931,0.00000000,5.46352202,16.84220045,0.00000000,42.49368599,4.04870153,1.85886947,0.00000000,15.03179005,0.00000000,2.97055468,0.00000000,3.09289442,2.76701908,22.99751185,0.00000000,21.36847177,0.00000000,46.48445732,0.00000000,0.00000000,0.00000000,16.67454647,0.00000000,74.29396457,0.00000000,0.00000000,0.00000000,0.00000000,1.62947655,1.41770142,0.00000000,0.00000000,4.78602057,0.00000000,0.00000000,64.63242575,0.00000000,0.00000000,0.00000000,0.00000000,0.00000000,36.83300415,0.00000000,15.71712935,0.00000000,0.00000000,0.00000000,0.00000000,0.00000000,0.00000000,0.00000000,0.00000000,0.00000000,29.87649188,0.00000000,0.00000000,0.00000000,26.52102890,0.00000000,0.00000000,0.00000000,0.00000000,0.00000000,0.00000000,0.00000000,0.00000000,0.00000000,0.00000000,0.00000000,0.00000000,0.00000000,6.96188146,0.00000000,0.41351592,0.00000000,0.00000000,0.00000000,0.00000000,0.00000000,0.00000000,0.00000000,57.71239462,0.00000000,328.39390690,9.14017978,32.48954356,0.94090361,16.46005247,0.00000000,0.00000000,0.00000000,0.00000000,0.00000000,0.00000000,0.00000000,0.00000000,0.00000000,0.00000000
0.00000000,0.00000000,0.00000000,0.00000000,0.00000000,0.00000000,0.00000000,0.00000000,0.00000000,0.00000000,0.00000000,0.00000000,0.00000000,0.00000000,0.00000000,0.00000000,0.00000000,0.00000000,0.00000000,0.00000000,0.00000000,0.00000000,0.00000000,0.00000000,0.00000000,0.00000000,0.00000000,0.00000000,0.00000000,0.00000000,0.00000000,0.00000000,0.00000000,0.00000000,0.00000000,0.00000000,0.00000000,0.00000000,0.00000000,0.00000000,0.00000000,0.00000000,0.00000000,0.00000000,0.00000000,0.00000000,0.00000000,0.00000000,0.00000000,0.00000000,0.00000000,0.00000000,0.00000000,0.00000000,0.00000000,0.00000000,0.00000000,0.00000000,0.00000000,0.00000000,0.00000000,0.00000000,0.00000000,0.00000000,0.00000000,4.95067233,0.00000000,0.00000000,0.00000000,0.00000000,0.00000000,169.64026605,0.00000000,0.00000000,4.54953655,162.62693338,0.00000000,141.77615603,0.00000000,33.51766975,0.00000000,3.32766220,0.00000000,49.09161100,0.00000000,2.23025386,0.00000000,50.64894617,0.00000000,5.65455581,0.00000000,0.39242133,0.00000000,0.00000000,0.00000000,2.72784238,0.00000000,0.00000000,0.00000000,0.00000000,0.00000000,0.00000000,0.00000000,3.19351278,0.00000000,0.00000000,0.00000000,0.00000000,0.00000000,1.04904488,0.00000000,0.00000000,0.00000000,0.00000000,0.00000000,0.00000000,0.00000000,0.00000000,0.00000000,0.00000000,0.00000000,7.00867874,0.00000000,4.20455048,0.36277799,4.80965180,0.00000000,0.00000000,0.00000000,12.35590256,0.00000000,27.63906888,0.00000000,0.00000000,0.00000000,13.54310472,0.00000000,7.32194768,0.00000000,2.05581042,0.00000000,11.83233589,0.00000000,2.78908116,0.00000000,75.63918219,0.00000000,0.00000000,0.00000000,12.54480817,0.00000000,0.00000000,0.00000000,0.05921218,0.00000000,0.00000000,0.00000000,0.00000000,0.00000000,0.00000000,0.00000000,0.00000000,0.00000000,49.11563830,0.00000000,0.00000000,0.00000000,0.00000000,0.00000000,11.57755529,0.00000000,1.96688633,0.00000000,0.99888004,0.00000000,9.15036361,0.00000000,0.00000000,0.00000000,0.00000000,0.00000000,14.97766142,0.00000000,0.00000000,0.00000000,0.00000000,0.00000000,0.00000000,0.00000000,0.00000000,0.00000000,0.00000000,0.00000000,0.00000000,0.00000000,0.00000000,0.00000000,0.00000000,0.00000000,0.00000000,0.00000000,9.80977103,0.00000000,0.00000000,0.00000000,0.47325334,0.00000000,0.00000000,0.00000000,0.00000000,0.00000000,0.00000000,0.00000000,0.00000000,11.15343297,0.00000000,0.00000000,0.00000000,154.02293814,0.00000000,23.29982128,2.74932801,0.00000000,0.00000000,0.00000000
0.00000000,0.00000000,0.00000000,0.00000000,0.00000000,0.00000000,0.00000000,1.22550866,0.00000000,0.00000000,0.00000000,0.00000000,0.00000000,0.00000000,0.00000000,0.00000000,12.03884789,0.00000000,0.00000000,0.00000000,37.36537506,0.00000000,0.00000000,0.00000000,0.00000000,0.00000000,0.00000000,0.00000000,14.14342704,0.00000000,5.77065308,0.00000000,4.06446042,0.00000000,0.00000000,0.00000000,36.09534239,0.00000000,1.84228666,0.00000000,0.00000000,0.00000000,3.66115374,0.00000000,61.33063285,0.00000000,0.00000000,0.00000000,0.00000000,0.00000000,37.91025640,0.00000000,0.00000000,0.00000000,0.00000000,0.00000000,0.00000000,0.00000000,0.00000000,0.00000000,9.73192883,0.00000000,0.58852340,0.00000000,0.00000000,0.00000000,0.00000000,0.00000000,0.00000000,0.00000000,165.35799258,0.00000000,113.98446006,4.54953655,0.00000000,0.00000000,0.00000000,0.00000000,165.87676489,0.00000000,1.86839838,4.65169786,6.64181244,0.00000000,37.00093734,0.00000000,36.07652654,0.00000000,0.00000000,0.00000000,0.60217224,0.00000000,8.77669084,0.00000000,5.88588287,0.32995509,1.20088825,0.00000000,0.03036674,0.00000000,0.00000000,0.00000000,0.12344117,0.00000000,0.00000000,0.00000000,0.00000000,0.00000000,0.00000000,0.00000000,0.00000000,0.00000000,0.00000000,0.00000000,0.00000000,0.00000000,0.00000000,0.00000000,0.00000000,0.00000000,82.57520942,0.00000000,40.74005063,0.00000000,11.35572189,0.00000000,0.00000000,0.00000000,20.07746096,9.88380362,24.27913168,19.53663373,0.00000000,0.00000000,58.27306120,0.00000000,5.64294272,4.26215367,29.32030298,4.45572133,38.64017423,6.64095440,60.18518830,4.17792450,90.63736005,6.68770372,5.25781310,0.00000000,20.08934724,13.76940231,50.51984839,0.00000000,7.90989713,0.00000000,0.00000000,0.75043126,2.44970145,0.00000000,0.00000000,0.00000000,0.00000000,0.00000000,9.78493630,0.00000000,0.00000000,0.00000000,0.00000000,0.00000000,2.02320365,0.00000000,15.83934004,0.00000000,0.00000000,0.00000000,29.87242119,0.00000000,0.00000000,0.00000000,0.00000000,0.00000000,22.99103459,5.74944757,0.00000000,0.00000000,17.32230283,0.00000000,0.00000000,0.00000000,0.00000000,0.00000000,0.00000000,0.00000000,0.00000000,0.00000000,0.00000000,0.00000000,0.00000000,0.00000000,80.32724302,0.00000000,80.90636647,0.00000000,13.13018705,0.73427609,0.00000000,0.00000000,0.21834301,0.00000000,36.79377953,0.00000000,14.19618279,0.00000000,0.10147298,0.00000000,0.00000000,0.00000000,0.00000000,0.00000000,0.00000000,0.00000000,0.00000000,0.00000000,0.00000000,0.00000000,0.00000000
0.00000000,0.00000000,0.00000000,0.00000000,0.00000000,0.00000000,0.00000000,0.00000000,0.00000000,0.00000000,0.00000000,0.00000000,0.00000000,0.00000000,0.00000000,0.00000000,0.00000000,0.00868263,0.00000000,0.00000000,0.00000000,28.59331387,0.00000000,0.00000000,0.00000000,0.00000000,0.00000000,0.00000000,0.00000000,0.11454919,0.00000000,0.00000000,0.00000000,0.00000000,0.00000000,0.00000000,0.00000000,4.40857525,0.00000000,0.00000000,0.00000000,0.00000000,0.00000000,5.88221181,0.00000000,0.00000000,0.00000000,0.00000000,0.00000000,0.00000000,0.00000000,8.54424636,0.00000000,0.00000000,0.00000000,0.00000000,0.00000000,0.00000000,0.00000000,0.00000000,0.00000000,7.52251476,0.00000000,0.00000000,0.00000000,0.00000000,0.00000000,0.00000000,0.00000000,0.04158031,0.00000000,166.55119587,0.86650593,162.62693338,0.00000000,0.00000000,0.00000000,91.08205531,0.00000000,35.50748181,0.00000000,0.00000000,0.00000000,5.39333839,0.00000000,11.12637303,0.00000000,120.71652845,0.00000000,0.00000000,0.00000000,0.00000000,0.00000000,0.00000000,0.00000000,0.00000000,0.00000000,0.00000000,6.61386189,0.00000000,6.47173791,0.00000000,0.00000000,0.00000000,0.00000000,0.00000000,0.00000000,0.00000000,0.00000000,0.00000000,0.00000000,0.00000000,0.00000000,0.00000000,0.00000000,0.00000000,0.00000000,0.00000000,0.00000000,0.00000000,0.00000000,42.47961766,0.00000000,22.08285258,0.00000000,33.89438855,0.00000000,75.57739190,0.00000000,0.00000000,0.00000000,43.83807559,0.00000000,0.00000000,0.00000000,97.42426735,0.00000000,93.65194737,0.00370413,25.49644856,0.00000000,108.40772749,0.00000000,51.20445869,0.00000000,230.29861215,0.00000000,0.00000000,0.00000000,34.73321145,0.00000000,14.85611739,0.00000000,21.20714110,0.00000000,0.00000000,0.00000000,0.00000000,0.00000000,0.12986471,0.00000000,0.00000000,0.00000000,31.12870698,0.00000000,1.32044430,0.00000000,0.00000000,0.00000000,10.69701305,0.00000000,6.79925617,0.00000000,0.00000000,0.00000000,44.51794389,0.00000000,0.00000000,0.00000000,0.00000000,8.46566413,59.49570774,0.00000000,0.00000000,0.00000000,0.00000000,0.00000000,0.00000000,0.00000000,0.00000000,0.00000000,0.00000000,0.00000000,0.00000000,0.00000000,0.00000000,0.00000000,0.00000000,0.00000000,3.58480134,0.00000000,31.37642264,0.00000000,0.00000000,0.00000000,0.00000000,0.00000000,0.00000000,0.00000000,1.47326597,0.00000000,0.00000000,3.89325222,0.00000000,0.00100860,0.00000000,0.00000000,0.00000000,111.26291365,5.54655746,19.42328707,0.00000000,0.00000000,1.83630447,0.00000000
0.00000000,0.00000000,0.00000000,0.00000000,0.00000000,0.00000000,0.00000000,0.00000000,0.00000000,0.00000000,0.00000000,0.00000000,0.00000000,0.00000000,0.00000000,0.00000000,0.00000000,0.00000000,0.00000000,0.00000000,0.00000000,0.00000000,0.00000000,0.00000000,0.00000000,0.00000000,0.00000000,0.00000000,0.00000000,0.00000000,0.00000000,0.00000000,0.00000000,0.00000000,0.00000000,0.00000000,0.00000000,0.00000000,0.00000000,0.00000000,0.00000000,0.00000000,0.00000000,0.00000000,0.00000000,0.00000000,0.00000000,0.00000000,5.28788451,0.00000000,0.00000000,0.00000000,0.00000000,0.00000000,0.00000000,0.00000000,0.00000000,0.00000000,0.00000000,0.00000000,0.00000000,0.00000000,0.00000000,0.00000000,0.00000000,0.00000000,0.00000000,0.00000000,115.79782753,0.00000000,0.00000000,0.00000000,88.85170708,0.00000000,0.00000000,0.00000000,0.00000000,0.00000000,26.97917813,0.00000000,7.80789322,0.00000000,26.45380259,0.00000000,0.00000000,0.00000000,11.32674368,0.00000000,0.00828706,0.00000000,2.06300572,0.00000000,48.91016750,0.00000000,13.49264584,0.00000000,0.00000000,0.00000000,10.84785350,0.00000000,8.83792441,0.00000000,45.14007981,0.00000000,0.00000000,0.00000000,8.45574341,0.00000000,5.79006082,0.00000000,0.00000000,0.00000000,0.00000000,0.00000000,9.44977297,0.00000000,20.01911386,0.00000000,0.00000000,0.00000000,0.00115925,0.00000000,0.00000000,0.00000000,0.00000000,0.00000000,0.00000000,0.00000000,1.72137511,0.00000000,0.00000000,0.00000000,0.00000000,0.00000000,0.00000000,0.00000000,0.00000000,0.00000000,0.00000000,0.00000000,0.00000000,0.00000000,0.00000000,0.00000000,0.00000000,0.00000000,0.00000000,0.00000000,0.00000000,0.00000000,0.00000000,0.00000000,0.00000000,0.00000000,0.00000000,0.00000000,0.00000000,0.00000000,1.38481708,0.00000000,0.00000000,0.00000000,0.00000000,0.00000000,1.55947253,0.00000000,0.00000000,0.00000000,24.45360543,0.00000000,0.00000000,0.00000000,0.00000000,0.00000000,5.51044064,0.00000000,0.00000000,0.00000000,0.00000000,0.00000000,0.00000000,0.00000000,0.00000000,0.00000000,0.00000000,0.00000000,0.00000000,0.00000000,0.00000000,0.00000000,0.00000000,0.00000000,0.00000000,0.00000000,0.00000000,0.00000000,0.00000000,0.00000000,0.00000000,0.00000000,0.00000000,0.00000000,0.00000000,0.00000000,0.00000000,0.00000000,0.00000000,0.00000000,0.00000000,0.00000000,13.43693729,6.89528690,49.23622599,0.00000000,0.32580491,1.87045845,17.56285714,0.00000000,0.00000000,0.00000000,0.00000000,0.00000000,0.00000000,0.00000000,0.00000000
0.00000000,0.00000000,0.00000000,0.00000000,0.00000000,0.00000000,0.00000000,0.00000000,0.00000000,0.00000000,0.00000000,0.00000000,0.00000000,0.00000000,0.00000000,0.00000000,0.00000000,0.00000000,0.00000000,0.00000000,0.00000000,0.00000000,0.00000000,0.00000000,0.00000000,0.00000000,0.00000000,0.00000000,0.00000000,0.00000000,0.00000000,0.00000000,0.00000000,0.00000000,0.00000000,0.00000000,0.00000000,0.00000000,0.00000000,0.00000000,0.00000000,0.00000000,0.00000000,0.00000000,0.00000000,0.00000000,0.00000000,0.00000000,0.00000000,0.00000000,0.00000000,2.45756796,0.00000000,0.00000000,0.00000000,0.86428210,0.00000000,0.00000000,0.00000000,0.00000000,0.00000000,0.00000000,0.00000000,0.00000000,0.00000000,0.00000000,0.00000000,0.00000000,0.00000000,69.52891854,0.00000000,51.52283537,0.00000000,141.77615603,0.00000000,91.08205531,0.00000000,0.00000000,0.00000000,30.15317804,0.00000000,33.09373783,0.00000000,34.31723024,0.00000000,0.00000000,0.00000000,83.47427974,0.00000000,52.95491654,0.00000000,7.31155160,0.00000000,54.20822373,0.00000000,12.09517968,0.00000000,0.00000000,0.00000000,2.13236208,0.00000000,5.70706193,0.00000000,69.75894764,0.00000000,11.11166587,0.00000000,0.00000000,0.00000000,14.46706587,0.00000000,0.00000000,0.00000000,0.00000000,0.00000000,2.28555407,0.00000000,1.95015804,0.00000000,0.00000000,0.00000000,6.42756130,0.00000000,4.94801289,0.00000000,0.00000000,0.00000000,0.00000000,0.00000000,0.00000000,0.00000000,1.21530176,0.00000000,0.00000000,0.00000000,0.00000000,0.00000000,0.00000000,0.00000000,0.00000000,0.00000000,0.00000000,0.00000000,0.00000000,0.00000000,0.00000000,0.00000000,0.00000000,0.00000000,0.00000000,0.00000000,0.00000000,0.00000000,0.00000000,0.00000000,0.00000000,0.00000000,0.00000000,0.00000000,0.00000000,0.00000000,0.00000000,0.00000000,0.00000000,0.00000000,3.41467073,0.00000000,0.00000000,0.00000000,47.55858813,0.00000000,0.00000000,0.00000000,0.00000000,0.00000000,2.39988056,0.00000000,0.00000000,0.00000000,0.00000000,0.00000000,0.00000000,0.00000000,0.00000000,0.00000000,0.00000000,0.00000000,0.00000000,0.00000000,27.02729673,0.00000000,0.00000000,0.00000000,3.99240058,0.00000000,0.00000000,0.00000000,0.00000000,0.00000000,0.00000000,0.00000000,0.00000000,0.00000000,11.73117375,0.00000000,3.03774131,0.00000000,0.00000000,0.00000000,0.00000000,0.00000000,0.00000000,0.00000000,0.00000000,2.15611853,0.00000000,0.00000000,0.00000000,26.53128247,3.81316321,48.22684000,0.00000000,14.74133853,0.00000000,0.00000000
0.00000000,0.00000000,0.00000000,0.00000000,0.00000000,0.00000000,0.00000000,0.00000000,0.00000000,0.00000000,0.00000000,0.00000000,0.00000000,0.00000000,0.00000000,0.00000000,0.00000000,0.00000000,0.00000000,0.00000000,0.00000000,0.00000000,0.00000000,0.00000000,0.00000000,0.00000000,0.00000000,0.00000000,0.00000000,0.00000000,0.00000000,0.00000000,0.00000000,0.00000000,0.00000000,0.00000000,0.00000000,0.00000000,0.00000000,0.00000000,0.00000000,0.00000000,0.00000000,0.00000000,0.00000000,0.00000000,0.00000000,0.00000000,1.84047116,0.00000000,0.00000000,0.00000000,0.00000000,0.00000000,0.00000000,0.00000000,0.00000000,0.00000000,0.00000000,0.00000000,0.00000000,0.00000000,0.00000000,0.00000000,0.00000000,0.00000000,0.00000000,0.00000000,2.17111637,0.00000000,195.33932977,0.00000000,198.93843273,0.00000000,165.87676489,0.00000000,26.97917813,0.00000000,0.00000000,0.00000000,22.08705728,0.00000000,96.07869459,0.00000000,4.27230976,0.00000000,51.24870679,0.00000000,6.58692723,0.00000000,0.07830342,0.00000000,19.61299699,0.00000000,25.51791442,0.00000000,4.52546168,0.00000000,10.89255586,0.00000000,2.87709932,0.00000000,1.16235148,0.00000000,0.00000000,0.00000000,0.00000000,0.00000000,1.19335211,0.00000000,0.00000000,0.00000000,0.00000000,0.00000000,0.00000000,0.00000000,1.74721801,0.00000000,0.00000000,0.00000000,104.56553436,0.00000000,16.19293425,0.00000000,0.00000000,0.00000000,0.00000000,0.81506819,0.00000000,0.00000000,0.00000000,0.00000000,0.00000000,0.00000000,1.04934555,0.00000000,0.00000000,0.00000000,0.59561294,0.00000000,18.90140904,4.15056909,35.78323647,0.00000000,0.71807127,0.00000000,0.00000000,0.00000000,0.00000000,0.00000000,0.00000000,0.00000000,0.00000000,0.00000000,0.00000000,0.00000000,0.00000000,0.00000000,0.00000000,0.00000000,0.00000000,0.00000000,7.06106926,0.00000000,0.00000000,0.00000000,0.00000000,0.00000000,16.81979340,0.00000000,0.00000000,0.00000000,0.00000000,0.00000000,0.00000000,0.00000000,0.00000000,0.00000000,0.00000000,0.00000000,0.00000000,0.00000000,0.00000000,0.00000000,0.00000000,0.00000000,0.00000000,0.00000000,0.00000000,0.00000000,0.00000000,0.00000000,0.00000000,0.00000000,0.00000000,0.00000000,10.17768878,0.00000000,0.00000000,0.00000000,61.38619718,0.00000000,0.00000000,0.00000000,3.98505384,0.00000000,0.00000000,0.00000000,11.59391808,0.00000000,206.41096895,0.00000000,65.74975275,2.86446074,11.91238519,3.71991741,2.73886086,0.00000000,0.00000000,0.00000000,0.00000000,0.00000000,0.00000000,0.00000000,0.00000000
0.00000000,0.00000000,0.00000000,0.00000000,0.00000000,0.00000000,0.00000000,0.00000000,0.00000000,0.00000000,0.00000000,0.00000000,0.00000000,0.00000000,0.00000000,0.00000000,0.00000000,0.00000000,0.00000000,0.00000000,0.00000000,0.00000000,0.00000000,0.00000000,0.00000000,0.00000000,0.00000000,0.00000000,0.00000000,0.00000000,0.00000000,0.00000000,0.00000000,0.00000000,0.00000000,0.00000000,0.00000000,0.00000000,0.00000000,0.00000000,0.00000000,0.00000000,0.00000000,5.70750830,0.00000000,0.00000000,0.00000000,0.00000000,0.00000000,1.95192970,0.00000000,0.00000000,0.00000000,0.00000000,0.00000000,0.00000000,0.00000000,0.00000000,0.00000000,0.00000000,0.00000000,0.00000000,0.00000000,0.00000000,0.00000000,0.00000000,0.00000000,0.00000000,0.00000000,0.00000000,0.00000000,22.71492936,0.00000000,33.51766975,0.00000000,35.50748181,0.00000000,30.15317804,0.00000000,0.00000000,0.00000000,1.78220117,0.00000000,0.00000000,0.00000000,54.49012309,0.00000000,51.97341983,0.00000000,0.00000000,0.00000000,0.00000000,0.00000000,0.00000000,0.00000000,0.00000000,0.00000000,1.43763044,0.00000000,0.00000000,0.00000000,0.00000000,0.00000000,0.00000000,0.00000000,0.00000000,0.00000000,0.00000000,0.00000000,0.00000000,0.00000000,0.00000000,0.00000000,0.00000000,0.00000000,0.00000000,0.00000000,0.00000000,0.00000000,0.00000000,0.00000000,7.60745727,0.00000000,22.88227754,0.00000000,0.00000000,0.00000000,0.00000000,0.00000000,0.00000000,0.00000000,0.00000000,0.00000000,0.00000000,0.00000000,37.62224174,0.00000000,0.00000000,0.00000000,2.18971124,0.00000000,28.20861579,0.00000000,31.78657867,0.00000000,7.28863170,0.00000000,0.00000000,0.00000000,0.00000000,0.00000000,0.00000000,0.00000000,0.00000000,0.00000000,0.00000000,0.00000000,0.00000000,0.00000000,0.00000000,0.00000000,0.00000000,0.00000000,0.00000000,0.00000000,0.00000000,0.00000000,0.00000000,0.00000000,8.82867163,0.00000000,0.00000000,0.00000000,0.00000000,0.00000000,0.00000000,0.00000000,0.00000000,0.00000000,0.00000000,0.00000000,0.00000000,0.00000000,0.00000000,0.00000000,0.00000000,0.00000000,0.00000000,0.00000000,0.00000000,0.00000000,0.00000000,0.00000000,0.00000000,0.00000000,0.00000000,0.00000000,0.00000000,0.00000000,0.00000000,0.00000000,22.16640532,0.00000000,0.00000000,0.00000000,4.78462367,0.00000000,0.00000000,0.00000000,6.00261697,0.00000000,0.00000000,0.00000000,0.00000000,0.00000000,0.00000000,0.00000000,0.00000000,19.75019719,0.00000000,0.40533614,0.00000000,0.00000000,0.00000000,0.00000000
0.00000000,0.00000000,0.00000000,0.00000000,0.00000000,0.00000000,0.00000000,0.00000000,0.00000000,0.00000000,0.00000000,0.00000000,0.00000000,0.00000000,0.00000000,0.00000000,35.68855383,0.00000000,0.00000000,0.00000000,0.00000000,0.00000000,0.00000000,0.00000000,0.00000000,0.00000000,0.00000000,0.00000000,0.00000000,0.00000000,21.32114331,0.00000000,10.20159449,0.00000000,0.00000000,0.00000000,0.00000000,0.00000000,0.00000000,0.00000000,0.00000000,0.00000000,0.00000000,0.00000000,0.00000000,0.00000000,0.00000000,0.00000000,0.00000000,0.00000000,0.00000000,0.00000000,0.00000000,0.00000000,0.00000000,0.00000000,0.00000000,0.00000000,0.00000000,0.00000000,0.00000000,0.00000000,0.00000000,0.00000000,0.00000000,0.00000000,0.00000000,0.00000000,0.00000000,0.00000000,4.42029399,0.00000000,2.62453958,0.00000000,1.86839838,0.00000000,7.80789322,0.00000000,22.08705728,0.00000000,0.00000000,0.00000000,68.28162393,0.00000000,75.80712530,0.00000000,70.96091974,0.00000000,2.45796696,0.00000000,2.36853854,0.00000000,14.12291577,0.00000000,20.26481186,0.00000000,48.43560679,0.00000000,7.08634796,0.00000000,3.44431445,0.00000000,0.50511616,0.00000000,0.00000000,0.00000000,0.43660497,0.00000000,0.00000000,0.00000000,0.00000000,0.00000000,0.00000000,0.00000000,0.00000000,0.00000000,0.00000000,0.00000000,0.00000000,0.00000000,44.66571240,0.00000000,50.76362679,0.00000000,0.00000000,0.00000000,0.00000000,0.00000000,1.96263261,0.00000000,7.47201050,0.00000000,0.00000000,0.00000000,0.00000000,0.00000000,0.06959044,0.00000000,0.00000000,0.00000000,12.94596509,0.00000000,40.47132790,0.00000000,0.00000000,0.00000000,0.00000000,0.00000000,0.00000000,0.00000000,0.00000000,0.00000000,6.35577822,0.00000000,0.00000000,0.00000000,0.00000000,0.00000000,0.00000000,0.00000000,0.00000000,0.00000000,0.00000000,0.00000000,0.00000000,0.00000000,0.00000000,0.00000000,15.58859346,0.00000000,0.00000000,0.00000000,0.00000000,0.00000000,0.00000000,0.00000000,0.00000000,0.00000000,0.78752623,0.00000000,0.00000000,0.00000000,0.00000000,0.00000000,0.00000000,0.00000000,0.00000000,0.00000000,0.00000000,0.00000000,0.00000000,0.00000000,0.00000000,0.00000000,0.00000000,0.00000000,0.00000000,0.00000000,0.00000000,0.00000000,9.19433780,0.00000000,1.43402690,0.00000000,0.00000000,0.00000000,0.25306973,0.00000000,0.00000000,0.00000000,59.48272833,5.39706362,12.62513258,0.00000000,0.00000000,7.88384450,0.00000000,0.84078134,0.00000000,0.00000000,0.00000000,0.00000000,0.00000000,0.00000000,0.00000000
0.00000000,0.00000000,0.00000000,0.00000000,0.00000000,0.00000000,0.00000000,0.00000000,0.00000000,0.00000000,0.00000000,0.00000000,0.00000000,0.00000000,0.00000000,21.77478016,0.00000000,10.00682630,0.00000000,0.00000000,0.00000000,177.81108836,0.00000000,104.11519707,0.00000000,0.04713326,0.00000000,13.01147017,0.00000000,5.96607730,0.00000000,0.00000000,0.00000000,16.31244278,0.00000000,0.00000000,0.00000000,28.94156742,0.00000000,0.00000000,0.00000000,0.00000000,0.00000000,0.00000000,0.00000000,107.93814489,0.00000000,0.00000000,0.00000000,10.44484830,0.00000000,11.30082981,0.00000000,4.03968359,0.00000000,0.00000000,0.00000000,0.00000000,0.00000000,0.00000000,0.00000000,0.00000000,0.00000000,0.00000000,0.00000000,0.00000000,0.00000000,0.00000000,0.00000000,0.00000000,0.00000000,0.00000000,0.00000000,3.32766220,4.65169786,0.00000000,0.00000000,33.09373783,0.00000000,1.78220117,0.00000000,0.00000000,0.00000000,104.16835612,0.00000000,171.33743718,0.00000000,161.98585989,0.00000000,3.94980614,0.00000000,10.66288296,0.00000000,0.00492664,3.95931714,70.85401847,7.86206534,7.07514613,0.00000000,22.34684803,0.00000000,39.33014159,0.00000000,0.00000000,0.00000000,0.00000000,0.00000000,0.00000000,0.00000000,0.00000000,0.00000000,0.00000000,0.00000000,0.00000000,0.00000000,0.00000000,0.00000000,0.00000000,0.00000000,0.00000000,0.00000000,86.59492667,0.00000000,19.96009684,34.79436796,0.00000000,0.00000000,18.89367918,4.18326928,0.01644679,10.15300638,0.00000000,2.78192589,0.00000000,0.00000000,56.83843719,0.00000000,75.74179619,0.00000000,25.82716981,0.00000000,113.32360009,0.00000000,253.99083863,0.00000000,5.74993753,23.44203549,10.56626625,15.73812091,32.95848515,0.00000000,8.99965009,0.00000000,42.70560160,0.00000000,0.00000000,0.00000000,0.00000000,0.00000000,0.00000000,0.00000000,0.00000000,3.90370978,0.00000000,0.00000000,7.20804680,0.00000000,0.00000000,0.00000000,62.63549177,0.00000000,10.82007798,0.00000000,0.52813296,0.00000000,27.06721320,0.00000000,0.00000000,0.00000000,0.00000000,0.07920399,34.30217313,0.00000000,0.00000000,0.00000000,0.00000000,0.00000000,0.00000000,0.00000000,0.00000000,0.00000000,0.00000000,0.00000000,0.00000000,0.00000000,0.00000000,0.00000000,0.00000000,0.18667764,0.00000000,0.00000000,0.05703594,0.00000000,0.00000000,0.00000000,0.00000000,0.00000000,0.00000000,0.00000000,0.00000000,0.00000000,0.00000000,0.00000000,0.00000000,8.62297581,0.00000000,0.00000000,0.00000000,134.24157439,10.47213881,20.78356782,0.00000000,11.94245566,0.00000000,0.00000000
0.00000000,0.00000000,0.00000000,0.00000000,0.00000000,0.00000000,0.00000000,0.00000000,0.00000000,0.00000000,0.00000000,0.00000000,0.00000000,0.00000000,0.00000000,0.00000000,0.00000000,0.00000000,0.00000000,0.00000000,0.00000000,0.00000000,0.00000000,0.00000000,0.00000000,0.00000000,0.00000000,0.00000000,0.00000000,0.00000000,0.00000000,0.00000000,0.00000000,0.00000000,0.00000000,0.00000000,0.00000000,0.00000000,0.00000000,0.00000000,0.00000000,0.00000000,0.00000000,0.00000000,0.00000000,0.00000000,0.00000000,0.00000000,19.40107882,0.00000000,0.00000000,0.00000000,0.00000000,0.00000000,0.00000000,0.00000000,0.00000000,0.00000000,0.00000000,0.00000000,0.00000000,0.00000000,0.00000000,0.00000000,0.00000000,0.00000000,0.00000000,0.00000000,17.75012720,0.00000000,0.00000000,0.00000000,60.84496574,0.00000000,6.64181244,0.00000000,26.45380259,0.00000000,96.07869459,0.00000000,68.28162393,0.00000000,0.00000000,0.00000000,0.00000000,0.00000000,201.22204276,0.00000000,18.08165164,0.00000000,0.00000000,0.00000000,31.54147230,0.00000000,160.60964508,0.00000000,11.03909567,0.00000000,46.15556627,0.00000000,29.70859835,0.00000000,69.40678700,0.00000000,2.41588873,0.00000000,37.10261801,0.00000000,19.55895738,0.00000000,0.00000000,0.00000000,0.33760583,0.00000000,11.03986150,0.00000000,6.64415458,0.00000000,0.00000000,0.00000000,11.15173326,0.00000000,0.00000000,0.00000000,0.00000000,0.00000000,0.00000000,0.00000000,5.53908454,0.00000000,0.00000000,0.00000000,0.00000000,0.00000000,0.00000000,0.00000000,0.00000000,0.00000000,0.00000000,0.00000000,0.00000000,0.00000000,0.00000000,0.00000000,0.00000000,0.00000000,0.00000000,0.00000000,0.00000000,0.00000000,0.00000000,0.00000000,0.00000000,0.00000000,0.00000000,0.00000000,0.00000000,0.00000000,0.00000000,0.00000000,0.00000000,0.00000000,0.00000000,0.00000000,15.38304842,0.00000000,0.00000000,0.00000000,87.07552818,0.00000000,0.00000000,0.00000000,0.00000000,0.00000000,18.69682202,0.00000000,0.00000000,0.00000000,0.00000000,0.00000000,0.00000000,0.00000000,0.00000000,0.00000000,0.00000000,0.00000000,4.15279057,0.00000000,0.00000000,0.00000000,0.00000000,0.00000000,17.19677375,0.00000000,15.17685360,0.00000000,0.00000000,0.00000000,11.20909478,0.00000000,0.00000000,0.00000000,0.00000000,0.00000000,0.00000000,0.00000000,0.00000000,0.00000000,0.00000000,0.00000000,160.31032624,15.08756275,70.55803671,0.90868182,11.93403612,44.81256722,6.83984535,1.55143046,0.00000000,0.00000000,0.00000000,0.00000000,0.00000000,0.00000000,0.00000000
0.00000000,0.00000000,0.00000000,0.00000000,0.00000000,0.00000000,0.00000000,0.00000000,0.00000000,0.00000000,0.00000000,0.00000000,0.00000000,0.00000000,0.00000000,0.00000000,0.00000000,0.00000000,0.00000000,0.00000000,0.00000000,0.00000000,0.00000000,0.00000000,0.00000000,0.00000000,0.00000000,0.00000000,0.00000000,0.00000000,0.00000000,0.00000000,0.00000000,0.00000000,0.00000000,0.00000000,0.00000000,0.00000000,0.00000000,0.00000000,0.00000000,0.00000000,0.00000000,0.00000000,0.00000000,6.82809302,0.00000000,0.00000000,0.00000000,0.00184084,0.00000000,0.00000000,0.00000000,0.00000000,0.00000000,0.00000000,0.00000000,0.00000000,0.00000000,0.00000000,0.00000000,0.00000000,0.00000000,0.00000000,0.00000000,0.00000000,0.00000000,0.00000000,0.00000000,49.92491969,0.00000000,0.50240684,0.00000000,49.09161100,0.00000000,5.39333839,0.00000000,34.31723024,0.00000000,0.00000000,0.00000000,104.16835612,0.00000000,0.00000000,0.00000000,0.15192435,0.00000000,213.29391631,0.00000000,56.30025424,0.00000000,0.00000000,0.00000000,76.72781377,0.00000000,60.78239440,0.00000000,0.00000000,0.00000000,32.31285802,0.00000000,61.67052325,0.00000000,94.79907510,0.00000000,0.00000000,0.70089621,16.03439615,0.00000000,9.45682098,0.00000000,0.00000000,0.00000000,0.00000000,0.00000000,0.00000000,0.00000000,21.86116128,0.00000000,0.00000000,0.00000000,8.70572074,0.07252017,0.00000000,0.00000000,0.00000000,0.00000000,0.00000000,0.00000000,0.00000000,0.00000000,9.73022110,0.00000000,0.00000000,0.00000000,0.00000000,4.86138540,0.00000000,0.00000000,2.24126754,0.00000000,0.00000000,0.00000000,0.00000000,0.00000000,0.00000000,0.00000000,0.00000000,0.70458117,0.00000000,0.00000000,0.00000000,0.00000000,4.96222364,0.00000000,0.00000000,0.00000000,0.00000000,0.00000000,0.00000000,0.00000000,8.09430734,0.00000000,0.00000000,0.00000000,33.27689622,0.00000000,0.00000000,0.00000000,126.02465425,0.00000000,4.26811445,0.00000000,0.00000000,0.00000000,0.00000000,0.00000000,0.00000000,0.00000000,0.00000000,0.18840036,0.00000000,0.00000000,0.00000000,0.00000000,0.00000000,0.00000000,0.00000000,0.00000000,19.73472032,0.00000000,0.41203163,0.00000000,0.00000000,0.00000000,32.80066294,0.00000000,0.00000000,0.00000000,0.00000000,0.00000000,0.00000000,0.00000000,0.00000000,0.00000000,0.00000000,0.00000000,0.00000000,0.00000000,0.00000000,0.00000000,0.00000000,0.00000000,0.00000000,18.61986959,0.00000000,0.00000000,0.00000000,159.47991244,10.24788332,72.97084229,0.00000000,13.21212459,0.00000000,0.00000000
0.00000000,0.00000000,0.00000000,0.00000000,0.00000000,0.00000000,0.00000000,0.00000000,0.00000000,0.00000000,0.00000000,0.00000000,0.00000000,0.00000000,0.00000000,0.00000000,261.07028986,0.00000000,0.00000000,0.00000000,47.48736994,0.00000000,3.83639285,0.00000000,0.00000000,0.00000000,0.00000000,0.00000000,0.45844034,0.00000000,0.00000000,0.00000000,0.00000000,0.00000000,0.00000000,0.00000000,4.95880672,0.00000000,0.00000000,0.00000000,0.00000000,0.00000000,0.00000000,0.00000000,0.00000000,0.00000000,0.00000000,0.00000000,0.00000000,0.00000000,0.00000000,0.00000000,19.92529584,0.00000000,0.00000000,0.00000000,0.00000000,0.00000000,0.00000000,0.00000000,0.00000000,0.00000000,21.23022861,0.00000000,0.00000000,0.00000000,0.00000000,0.00000000,0.00000000,0.00000000,0.00000000,0.00000000,0.00000000,0.00000000,37.00093734,0.00000000,0.00000000,0.00000000,4.27230976,0.00000000,75.80712530,0.00000000,0.00000000,0.00000000,0.00000000,0.00000000,82.35882274,0.00000000,2.14700837,0.00000000,9.22708112,0.00000000,0.00000000,0.00000000,53.57094451,0.00000000,23.67753257,0.00000000,43.73717512,0.00000000,22.34794293,0.09099706,4.91937947,0.00000000,0.00000000,0.00000000,0.00000000,0.00000000,0.00000000,0.00000000,0.00000000,0.00000000,0.00000000,0.00000000,0.00000000,0.00000000,0.00000000,0.00000000,0.00000000,0.00000000,46.95900048,0.00000000,79.58256525,0.00000000,0.00000000,0.00000000,0.00000000,0.00000000,0.00000000,0.00000000,0.00000000,0.00000000,0.00000000,0.00000000,5.53365612,0.00000000,120.93233085,0.00000000,0.65073955,0.00000000,92.82466305,3.75145506,347.46712196,0.00000000,0.00000000,0.00000000,0.00000000,0.87348796,0.00000000,0.00000000,0.00000000,0.00000000,0.00000000,0.00000000,6.24252362,0.00000000,0.00000000,0.00000000,0.00000000,0.00000000,0.00000000,0.00000000,0.00000000,0.00000000,0.00000000,0.00000000,0.00000000,0.00000000,5.20410196,0.00000000,0.00000000,0.00000000,0.00000000,0.00000000,0.00000000,0.00000000,0.00000000,0.00000000,0.00000000,0.00000000,0.00000000,0.00000000,2.24082473,0.00000000,0.00000000,0.00000000,0.00000000,0.00000000,0.00000000,0.00000000,0.00000000,0.00000000,0.00000000,0.00000000,0.00000000,0.00000000,0.00000000,0.00000000,0.00000000,0.00000000,33.30737970,0.00000000,0.00000000,0.00000000,1.30854110,0.00000000,0.00000000,0.00000000,0.00000000,0.00000000,4.53650626,0.00000000,0.00000000,0.00000000,0.00000000,1.68453276,0.00000000,0.00000000,0.00000000,0.00000000,0.00000000,0.00000000,0.00000000,0.00000000,0.00000000
0.00000000,0.00000000,0.00000000,22.17108709,0.00000000,0.00000000,0.00000000,0.00000000,0.00000000,0.00000000,0.00000000,0.00000000,0.00000000,0.00000000,0.00000000,93.91347313,0.00000000,20.29349545,0.00000000,0.00000000,0.00000000,0.16750672,0.00000000,16.62262579,0.00000000,45.36003113,0.00000000,0.00000000,0.00000000,0.00000000,0.00000000,0.00000000,0.00000000,0.00000000,0.00000000,0.00000000,0.00000000,3.81484205,0.00000000,0.00000000,0.00000000,0.00000000,0.00000000,0.00000000,0.00000000,3.04209400,0.00000000,0.00000000,0.00000000,0.46960388,0.00000000,0.00000000,0.00000000,11.41505265,0.00000000,15.48834544,0.00000000,2.30479154,0.00000000,0.00000000,0.00000000,0.00000000,0.00000000,3.60464909,0.00000000,0.00000000,0.00000000,0.00000000,0.00000000,0.00000000,0.00000000,0.00000000,0.00000000,2.23025386,0.00000000,11.12637303,0.00000000,0.00000000,0.00000000,54.49012309,0.00000000,171.33743718,0.00000000,0.15192435,0.00000000,0.00000000,0.00000000,206.32787315,0.00000000,0.00000000,0.00000000,26.93892739,0.00000000,0.00000000,0.00000000,8.45057006,0.00000000,21.03160108,0.00000000,51.87498363,0.00000000,82.08302065,0.00000000,0.00000000,0.00000000,0.00000000,0.00000000,0.09118903,0.00000000,0.00000000,0.00000000,0.00000000,0.00000000,0.00000000,0.00000000,0.00000000,0.00000000,0.00000000,0.00000000,0.00000000,0.00000000,48.82185640,0.00000000,7.05296199,6.50636266,1.12575017,0.00000000,15.35630384,0.00000000,0.00000000,4.70447229,0.00000000,0.00000000,0.00000000,0.00000000,116.99569638,0.00000000,107.27301323,0.00000000,0.00000000,2.73403626,40.49314795,4.75782563,345.02267987,0.00000000,0.00000000,14.64947859,0.00000000,0.00000000,0.00000000,0.00000000,4.82977245,0.00000000,0.00000000,0.00000000,0.96678809,0.00000000,0.00000000,0.00000000,0.00000000,0.00000000,0.00000000,0.00000000,0.00000000,0.00000000,0.00000000,0.00000000,0.00000000,0.00000000,48.70269979,0.00000000,4.21884910,0.00000000,0.00000000,0.00000000,3.27510893,0.00000000,0.00000000,0.00000000,0.00000000,2.93164178,92.49179609,0.00000000,0.88971637,0.00000000,0.00000000,0.00000000,0.00000000,0.00000000,0.00000000,0.00000000,0.00000000,0.00000000,0.00000000,0.00000000,0.00000000,0.00000000,0.00000000,0.00000000,3.02014725,1.02054071,5.03951358,1.67662924,0.00000000,0.00000000,0.00000000,0.00000000,0.00000000,0.00000000,0.00000000,0.00000000,0.00000000,0.00000000,3.38040366,0.00000000,0.00000000,0.00000000,0.00000000,9.28289301,1.86164671,3.65810947,0.00000000,0.00000000,0.00000000,0.00000000
0.00000000,0.00000000,0.00000000,0.00000000,0.00000000,0.77419038,0.43882558,0.00000000,0.00000000,0.00000000,0.00000000,0.00000000,0.00000000,0.00000000,0.00000000,0.00000000,35.80660861,0.00000000,0.00000000,0.00000000,8.51450095,0.00000000,0.00000000,0.00000000,0.00000000,0.00000000,0.00000000,0.00000000,19.89050580,0.00000000,0.00000000,0.00000000,10.33053096,0.00000000,0.00000000,0.00000000,0.00000000,0.00000000,0.00000000,0.00000000,0.00000000,0.00000000,0.00000000,0.00000000,0.07966479,0.00000000,0.00000000,0.00000000,0.00000000,0.00000000,0.00000000,0.00000000,0.00000000,0.00000000,0.00000000,0.00000000,0.00000000,0.00000000,0.00000000,0.00000000,0.00000000,0.00000000,0.00000000,0.00000000,0.00000000,0.00000000,0.00000000,0.00000000,0.00000000,0.00000000,30.14029228,0.00000000,20.54385707,0.00000000,36.07652654,0.00000000,11.32674368,0.00000000,51.24870679,0.00000000,70.96091974,0.00000000,201.22204276,0.00000000,82.35882274,0.00000000,0.00000000,0.00000000,0.00000000,0.00000000,0.00000000,0.00000000,10.68438839,0.00000000,7.64481153,0.00000000,27.87427196,0.00000000,19.93488448,0.00000000,14.53134349,0.00000000,0.00000000,0.00000000,0.00000000,0.00000000,0.00000000,0.00000000,0.00000000,0.00000000,0.00000000,0.00000000,0.00000000,0.00000000,0.00000000,0.00000000,0.00000000,0.00000000,0.00000000,0.00000000,84.27277008,0.00000000,76.64649844,0.00000000,0.00000000,0.00000000,0.00000000,0.00000000,2.63138744,0.00000000,0.00000000,0.00000000,0.00000000,0.00000000,6.11653617,0.00000000,7.35454389,0.00000000,11.99123206,0.00000000,43.97306750,1.81546802,67.17718579,0.00000000,4.60440382,0.00000000,0.00000000,0.00000000,0.00000000,0.00000000,0.80702146,0.00000000,0.00000000,0.00000000,0.00000000,0.00000000,0.00000000,0.00000000,0.00000000,0.00000000,0.00000000,0.00000000,3.44390841,0.00000000,0.00000000,0.00000000,0.00000000,0.00000000,53.99636503,0.00000000,0.00000000,0.00000000,0.03287142,0.00000000,3.17125374,0.00000000,0.00000000,0.00000000,0.00000000,0.00000000,0.00000000,0.00000000,0.00000000,0.00000000,0.00000000,0.00000000,0.00000000,0.00000000,0.00000000,0.00000000,0.00000000,0.00000000,0.00000000,0.00000000,1.84435449,0.00000000,0.00000000,0.00000000,0.00000000,0.00000000,68.80413658,0.00000000,4.58285468,0.00000000,1.78125741,0.00000000,0.00000000,0.00000000,0.00000000,0.00000000,56.24453651,0.00000000,16.27942716,0.00000000,0.21958641,3.25409226,0.00000000,0.00000000,0.00000000,0.00000000,0.00000000,0.00000000,0.00000000,0.00000000,0.00000000
0.00000000,0.00000000,0.00000000,0.00000000,0.00000000,0.00000000,0.00000000,0.00000000,0.00000000,0.00000000,0.00000000,0.00000000,0.00000000,0.00000000,0.00000000,0.00000000,0.00000000,0.00000000,0.00000000,1.41548516,0.00000000,81.62004086,0.00000000,0.00000000,0.00000000,0.00000000,0.00000000,32.03570415,0.00000000,0.00000000,0.00000000,0.00000000,0.00000000,8.39245299,0.00000000,0.00000000,0.00000000,0.00000000,0.00000000,0.00000000,0.00000000,0.00000000,0.00000000,3.31286596,0.00000000,57.02074895,0.00000000,0.00000000,0.00000000,1.63815990,0.00000000,48.20495752,0.00000000,0.00000000,0.00000000,0.00000000,0.00000000,0.00000000,0.00000000,2.64661878,0.00000000,0.00000000,0.00000000,0.00000000,0.00000000,0.00000000,0.00000000,0.00000000,0.00000000,16.56621130,0.00000000,44.05926512,0.00000000,50.64894617,0.00000000,120.71652845,0.00000000,83.47427974,0.00000000,51.97341983,0.00000000,161.98585989,0.00000000,213.29391631,0.00000000,206.32787315,0.00000000,0.00000000,0.00000000,0.34330471,0.00000000,0.00000000,0.00000000,0.15562206,0.00000000,31.56962489,0.00000000,16.44572771,10.73472445,8.44179717,0.00000000,0.00000000,0.00000000,0.00000000,0.00000000,0.00000000,0.00000000,0.00000000,0.00000000,2.92915561,0.00000000,0.00000000,0.00000000,0.00000000,0.00000000,0.00000000,0.00000000,6.22721377,0.00000000,0.00000000,0.00000000,129.04992003,0.00000000,52.94446792,0.00000000,0.00000000,0.00000000,0.00000000,0.00000000,1.76820568,0.00000000,0.00000000,0.00000000,0.00000000,3.30592193,56.48413772,0.00000000,23.02331781,0.00000000,2.48826737,0.20844295,56.04835628,0.00000000,119.96853632,0.00000000,25.86138904,0.00000000,0.00000000,0.00000000,17.30425950,0.00000000,2.52588539,0.00000000,3.74450456,0.00000000,0.00000000,0.00000000,0.00000000,0.00000000,0.00000000,0.00000000,0.00000000,0.00000000,0.00000000,0.00000000,10.84485959,0.00000000,0.00000000,0.00000000,74.35806000,0.00000000,7.64268202,0.00000000,0.00000000,0.00000000,1.83768173,0.00000000,0.00000000,0.00000000,0.00000000,2.01712932,0.56884754,0.00000000,0.00000000,0.00000000,1.35280401,0.00000000,0.00000000,0.00000000,3.36213143,0.00000000,0.00000000,0.00000000,0.00000000,0.00000000,0.00000000,0.00000000,0.00000000,0.00000000,19.23960253,0.00000000,13.58626121,0.00000000,0.00000000,0.00000000,0.00000000,0.00000000,0.00000000,0.00000000,15.87101725,0.00000000,0.00000000,0.00000000,0.00000000,12.75553411,0.00000000,0.00000000,0.00000000,98.65684826,15.79740642,51.11217470,0.00000000,7.86537298,0.00000000,0.00000000
0.00000000,0.00000000,0.00000000,0.00000000,0.00000000,0.00000000,0.00000000,0.00000000,0.00000000,0.00000000,0.00000000,0.00000000,0.00000000,2.36574694,0.00000000,0.00000000,0.00000000,0.00000000,0.00000000,0.00000000,0.00000000,0.00000000,0.00000000,0.00000000,0.00000000,0.00000000,0.00000000,0.00000000,0.00000000,0.00000000,0.00000000,0.00000000,0.00000000,0.00000000,0.00000000,0.00000000,0.00000000,0.00000000,0.00000000,0.00000000,0.00000000,0.00000000,0.00000000,0.00000000,0.00000000,0.00000000,0.00000000,0.00000000,27.16579981,0.00000000,0.00000000,0.00000000,0.00000000,0.00000000,0.00000000,0.00000000,0.00000000,0.00000000,0.00000000,0.00000000,0.00000000,0.00000000,0.00000000,0.00000000,0.00000000,0.00000000,0.00000000,0.00000000,0.00000000,0.00000000,0.00000000,0.00000000,2.37256267,0.00000000,0.00000000,0.00000000,0.00828706,0.00000000,6.58692723,0.00000000,2.45796696,0.00000000,18.08165164,0.00000000,2.14700837,0.00000000,0.00000000,0.00000000,0.00000000,0.00000000,3.43010644,0.00000000,6.13172967,0.00000000,0.90676804,0.00000000,30.04918522,0.00000000,3.86072435,0.00000000,20.68368271,0.00000000,43.22660741,0.00000000,0.00000000,0.00000000,121.00086200,0.00000000,0.00000000,0.00000000,0.00000000,0.00000000,0.00000000,0.00000000,0.00000000,0.00000000,0.00000000,0.00000000,0.00000000,0.00000000,0.00000000,0.00000000,0.00000000,0.83469003,0.00000000,0.00000000,0.00000000,0.00000000,0.00000000,0.00000000,0.00000000,0.00000000,0.00000000,0.00000000,0.00377864,0.00000000,0.00000000,0.00000000,0.00000000,0.00000000,0.00000000,5.72931655,0.00000000,0.00000000,0.00000000,0.00000000,0.00000000,0.00000000,2.67048497,0.00000000,0.00000000,0.00000000,0.00000000,2.05032472,0.00000000,0.00000000,0.00000000,0.00000000,0.00000000,0.00000000,0.00000000,0.00000000,0.00000000,0.00000000,3.22574134,0.00000000,0.00000000,0.00000000,0.00000000,0.00000000,0.00000000,0.00000000,0.00000000,0.00000000,0.00000000,0.00000000,0.00000000,0.00000000,0.00000000,0.00000000,0.00000000,0.00000000,0.00000000,0.00000000,3.10955634,0.00000000,0.00000000,0.00000000,0.00000000,0.00000000,0.00000000,0.00000000,0.00000000,0.00000000,2.41226520,0.00000000,0.00000000,0.00000000,0.00000000,0.00000000,0.00000000,0.00000000,0.00000000,0.00000000,4.19561840,0.00000000,0.00000000,0.00000000,0.00000000,0.00000000,12.86389108,14.20057504,17.40346054,0.00000000,1.55900938,0.04209091,1.79158992,5.43835522,0.00000000,0.00000000,0.00000000,0.00000000,0.00000000,0.00000000,0.00000000
0.00000000,0.00000000,0.00000000,0.00000000,0.00000000,0.00000000,0.00000000,0.00000000,0.00000000,0.00000000,0.00000000,0.00000000,0.00000000,0.00000000,0.00000000,0.00000000,0.00000000,0.00000000,0.00000000,0.00000000,0.00000000,0.00000000,0.00000000,0.00000000,0.00000000,0.00000000,0.00000000,0.00000000,0.00000000,0.00000000,0.00000000,0.00000000,0.00000000,0.00000000,0.00000000,0.00000000,0.00000000,0.00000000,0.00000000,0.00000000,0.00000000,0.00000000,0.00000000,0.00000000,0.00000000,0.00000000,0.00000000,0.00000000,0.00000000,1.16180271,0.00000000,0.00000000,0.00000000,0.00145487,0.00000000,0.00000000,0.00000000,0.00000000,0.00000000,0.00000000,0.00000000,0.00000000,0.00000000,0.00000000,0.00000000,0.00000000,0.00000000,0.00000000,0.00000000,13.17479519,0.00000000,0.00000000,0.00000000,5.65455581,0.00000000,0.00000000,0.00000000,52.95491654,0.00000000,0.00000000,0.00000000,3.94980614,0.00000000,56.30025424,0.00000000,0.00000000,0.00000000,0.34330471,0.00000000,0.00000000,0.00000000,22.06048578,0.00000000,44.76619687,0.00000000,10.41467517,0.00000000,0.00000000,0.00000000,0.00000000,0.00000000,79.42421916,0.00000000,72.33938430,0.00000000,0.00000000,0.00000000,29.43917470,0.00000000,5.32374772,0.00000000,0.00000000,0.00000000,0.00000000,0.00000000,0.00000000,0.00000000,0.00000000,0.00000000,0.00000000,0.00000000,0.00000000,0.00000000,0.00000000,0.00000000,0.00000000,0.60722540,0.00000000,0.00000000,0.00000000,0.00000000,0.00000000,0.00000000,0.00000000,0.00000000,0.00000000,0.00000000,0.00000000,0.00000000,0.00000000,0.00000000,0.00000000,0.00000000,0.00000000,0.00000000,0.00000000,0.00000000,0.00000000,0.00000000,0.00000000,0.00000000,0.00000000,0.00000000,0.00000000,0.00000000,0.00000000,0.00000000,0.00000000,0.00000000,0.00000000,0.00000000,0.00000000,0.00000000,0.00000000,0.00000000,0.00000000,0.00000000,0.00000000,0.00000000,2.56036948,0.00000000,0.00000000,0.00000000,0.00000000,0.00000000,0.00000000,0.00000000,0.00000000,0.00000000,0.00000000,0.00000000,0.00000000,0.00000000,0.00000000,0.00000000,0.00000000,0.00000000,0.00000000,0.00000000,3.06228701,0.00000000,0.00000000,0.00000000,0.00000000,0.00000000,0.00000000,0.00000000,0.00000000,0.00000000,0.00000000,0.00000000,0.00000000,0.00000000,0.00000000,0.00000000,0.00000000,0.00000000,0.00000000,0.00000000,0.00000000,4.11117698,0.00000000,0.00000000,0.00000000,1.52206134,0.00000000,0.00000000,0.00000000,19.95211500,21.64913775,40.65555711,0.00000000,26.74259340,7.30725661,12.66930342
0.00000000,0.00000000,0.00000000,0.00000000,0.00000000,0.00000000,0.00000000,0.00000000,0.00000000,0.00000000,0.00000000,0.00000000,0.00000000,0.00000000,0.00000000,0.00000000,72.71919070,0.00000000,0.00000000,0.00000000,0.04342827,0.00000000,54.91748392,0.00000000,0.00000000,0.00000000,0.00000000,0.00000000,0.00000000,0.00000000,0.00000000,0.00000000,0.00000000,0.00000000,0.00000000,0.00000000,0.00000000,0.00000000,0.00000000,0.00000000,0.00000000,0.00000000,0.00000000,0.00000000,0.00000000,0.00000000,0.00000000,0.00000000,0.00000000,0.00000000,0.00000000,0.00000000,7.87033524,0.00000000,0.00000000,0.00000000,0.00000000,0.00000000,0.00000000,0.00000000,0.00000000,0.00000000,0.00000000,0.00000000,0.00000000,0.00000000,0.00000000,0.00000000,0.00000000,0.00000000,0.00000000,0.00000000,0.00000000,0.00000000,0.60217224,0.00000000,2.06300572,0.00000000,0.07830342,0.00000000,2.36853854,0.00000000,0.00000000,0.00000000,9.22708112,0.00000000,0.00000000,0.00000000,3.43010644,0.00000000,0.00000000,0.00000000,0.00000000,0.00000000,10.22087162,0.00000000,41.05732017,0.01024742,1.17296308,1.47423736,24.79795009,0.00000000,4.45881895,0.00000000,0.00000000,0.00000000,33.90768861,11.49301559,0.00000000,0.00000000,0.00000000,0.00000000,3.42184937,0.00000000,0.00000000,0.00000000,0.00000000,0.00000000,0.00000000,0.00000000,0.00000000,0.00000000,0.00000000,0.00000000,0.00000000,13.44683294,0.00000000,0.00000000,0.00000000,0.00000000,0.00000000,0.00000000,0.00000000,0.00000000,26.21491221,0.00000000,35.52940739,6.98645653,0.00000000,7.85803531,0.00000000,6.73601233,25.81155919,1.08638692,0.00000000,0.00000000,0.00000000,0.00000000,0.00000000,11.59998063,0.00000000,11.63333195,25.26692887,0.00000000,0.00000000,0.00000000,0.00000000,0.00000000,0.00000000,0.00000000,0.00000000,0.00000000,0.00000000,0.14799957,0.00000000,0.00000000,0.00000000,0.00000000,0.00000000,0.00000000,0.00000000,0.00000000,0.00000000,0.00000000,36.01183850,0.00000000,0.00000000,0.00000000,0.00000000,0.00000000,17.69818971,7.25029225,0.00000000,0.00000000,0.00000000,0.00000000,0.00000000,0.00000000,0.00000000,0.00000000,0.00000000,0.00000000,0.00000000,0.00000000,0.00000000,0.00000000,0.00000000,0.00000000,7.31279213,1.09971833,38.07553031,0.00000000,0.00000000,2.02463416,1.93513843,0.00000000,0.00000000,0.00000000,0.00000000,0.56702020,0.00000000,0.00000000,0.00000000,0.00000000,0.00000000,0.00000000,0.00000000,0.00000000,2.12767000,0.00000000,0.00000000,0.00000000,0.00000000,0.00000000,0.00000000
0.00000000,0.00000000,0.00000000,0.07010948,0.00000000,0.00000000,0.00000000,0.00000000,0.00000000,0.00000000,0.00000000,0.00000000,0.00000000,0.00000000,0.00000000,17.06688066,0.00000000,8.45103840,0.00000000,0.00000000,0.00000000,0.00000000,0.00000000,19.93873956,0.00000000,28.02751911,0.00000000,0.00000000,0.00000000,0.00000000,0.00000000,0.00000000,0.00000000,0.00000000,0.00000000,0.00000000,0.00000000,0.00000000,0.00000000,0.00000000,0.00000000,0.00000000,0.00000000,0.00000000,0.00000000,0.00000000,0.00000000,0.00000000,0.00000000,0.00000000,0.00000000,0.00000000,0.00000000,0.00000000,0.00000000,0.00000000,0.00000000,0.00000000,0.00000000,0.00000000,0.00000000,0.00000000,0.00000000,0.00000000,0.00000000,0.00000000,0.00000000,0.00000000,0.00000000,0.00000000,0.52215726,0.00000000,0.00000000,0.39242133,0.00000000,0.00000000,0.00000000,7.31155160,0.00000000,0.00000000,0.00000000,10.66288296,0.00000000,0.00000000,0.00000000,26.93892739,0.00000000,0.00000000,0.00000000,22.06048578,0.00000000,0.00000000,0.00000000,0.00000000,0.00000000,16.92382421,3.27171495,22.27883614,0.00000000,7.37395412,0.00000000,65.59156513,0.00000000,93.33823184,0.00000000,20.93441317,9.58058740,14.00371678,0.00000000,0.00000000,0.00000000,0.00000000,0.00000000,0.00000000,0.00000000,0.00000000,0.00000000,0.00000000,0.00000000,0.00000000,0.00000000,0.00000000,0.00000000,0.00000000,15.09667639,0.87419198,0.00000000,14.83686188,2.40655928,0.00000000,0.00000000,0.00000000,1.02821387,0.00000000,0.00000000,79.14882867,0.00000000,24.44700475,2.21371059,5.05690210,0.00000000,0.00000000,0.02895195,13.25943411,0.00000000,0.00000000,28.75567880,0.02558861,0.00000000,0.00000000,13.73638981,7.13993975,8.44250906,1.66324611,0.00000000,0.00000000,0.00000000,0.00000000,0.00000000,0.00000000,0.00000000,0.00000000,0.00000000,0.00000000,0.00000000,0.00000000,0.00000000,0.00000000,0.00000000,0.00000000,0.00000000,0.00000000,0.00000000,0.00000000,0.00000000,2.13275028,0.00000000,0.00000000,0.00000000,0.00000000,5.59543488,22.38186667,0.00000000,0.00000000,0.00000000,0.00000000,0.00000000,0.00000000,0.00000000,0.00000000,0.00000000,0.00000000,0.00000000,0.00000000,0.00000000,2.32089772,2.02084059,0.00000000,0.00000000,9.02416920,0.00000000,113.66749837,0.00000000,0.00000000,0.00000000,5.64829144,1.23713530,0.00000000,0.00000000,24.77897505,0.00000000,0.00000000,0.00000000,0.00000000,14.30634851,0.00000000,0.00000000,0.00000000,0.00000000,0.00000000,0.00000000,0.00000000,6.23458201,0.00000000,0.48318090
0.00000000,0.00000000,0.00000000,0.00000000,0.00000000,0.00000000,0.00000000,0.00000000,0.00000000,0.00000000,0.00000000,0.00000000,0.00000000,0.00000000,0.00000000,0.00000000,0.00000000,0.00000000,0.00000000,0.00000000,0.00000000,0.00000000,0.00000000,0.00000000,0.00000000,0.00000000,0.00000000,0.00000000,0.00000000,0.00000000,0.00000000,0.00000000,0.00000000,0.00000000,0.00000000,0.00000000,0.00000000,0.00000000,0.00000000,0.00000000,0.00000000,0.00000000,0.00000000,0.00000000,0.00000000,0.00000000,0.00000000,0.00000000,17.73805534,0.00000000,0.00000000,0.00000000,0.00000000,0.00000000,0.00000000,0.00000000,0.00000000,0.00000000,0.00000000,0.00000000,0.00000000,0.00000000,0.00000000,0.00000000,0.00000000,0.00000000,0.00000000,0.00000000,20.33186245,0.00000000,0.00000000,0.00000000,17.87312835,0.00000000,8.77669084,0.00000000,48.91016750,0.00000000,19.61299699,0.00000000,14.12291577,0.00000000,31.54147230,0.00000000,0.00000000,0.00000000,10.68438839,0.00000000,6.13172967,0.00000000,0.00000000,0.00000000,0.00000000,0.00000000,104.53074487,0.00000000,0.30306600,0.00000000,2.29775805,0.00000000,46.38912491,0.00000000,51.50402331,0.00000000,0.00000000,0.00000000,21.10990309,0.00000000,3.96490667,0.00000000,13.11863647,0.00000000,0.00000000,0.00000000,1.54589057,0.00000000,16.59791219,0.00000000,0.00000000,0.00000000,0.00000000,0.00000000,0.00000000,0.00000000,0.00000000,0.00000000,0.00000000,0.00000000,0.00000000,0.00000000,0.00000000,0.00000000,1.67726701,0.00000000,0.00000000,0.00000000,0.00000000,0.00000000,6.29499565,0.00000000,0.00000000,0.00000000,0.00000000,0.00000000,0.00000000,0.00000000,0.00000000,0.00000000,0.00000000,0.00000000,0.00000000,0.00000000,0.00000000,0.00000000,0.00000000,0.00000000,0.00000000,0.00000000,0.00000000,0.00000000,0.00000000,0.00000000,0.00000000,0.00000000,15.15578602,0.00000000,0.00000000,0.00000000,23.59159551,0.00000000,0.00000000,0.00000000,0.00000000,0.00000000,0.00000000,0.00000000,0.00000000,0.00000000,0.00000000,0.00000000,0.00000000,0.00000000,0.00000000,0.00000000,0.00000000,0.00000000,0.00000000,0.00000000,0.00000000,0.00000000,0.00000000,0.00000000,0.00000000,0.00000000,0.00000000,0.00000000,0.00000000,0.00000000,0.00000000,0.00000000,0.00000000,0.00000000,0.00000000,0.00000000,0.00000000,0.00000000,0.00000000,0.00000000,0.00000000,0.00000000,15.24775573,10.80164098,7.45999263,0.88020793,4.79243125,18.01223512,23.39633972,7.53908539,0.00000000,0.00000000,0.00000000,0.00000000,0.00000000,0.00000000,0.00000000
0.00000000,0.00000000,0.00000000,0.00000000,0.00000000,0.00000000,0.00000000,0.00000000,0.00000000,0.00000000,0.00000000,0.00000000,0.00000000,0.00000000,0.00000000,0.00000000,0.00000000,0.00000000,0.00000000,0.00000000,0.00000000,0.00000000,0.00000000,0.00000000,0.00000000,0.00000000,0.00000000,0.00000000,0.00000000,0.00000000,0.00000000,0.00000000,0.00000000,0.00000000,0.00000000,0.00000000,0.00000000,0.00000000,0.00000000,0.00000000,0.00000000,0.00000000,0.00000000,0.00000000,0.00000000,18.70580144,0.00000000,0.00000000,0.00000000,22.34622517,0.00000000,0.00000000,0.00000000,0.00000000,0.00000000,0.00000000,0.00000000,10.00493741,0.00000000,2.52741224,0.00000000,0.00000000,0.00000000,0.00000000,0.00000000,0.00000000,0.00000000,0.00000000,0.00000000,40.63828203,0.00000000,0.00000000,0.00000000,0.00000000,0.00000000,0.00000000,0.00000000,54.20822373,0.00000000,0.00000000,0.00000000,0.00492664,0.00000000,76.72781377,0.00000000,0.00000000,0.00000000,0.15562206,0.00000000,44.76619687,0.00000000,0.00000000,0.00000000,0.00000000,0.00000000,40.59543200,0.00000000,0.00000000,0.00000000,0.00000000,0.00000000,42.98441263,0.00000000,106.25335861,0.00000000,0.00000000,0.00000000,0.50673777,0.00000000,0.08810151,0.00000000,6.49321777,0.00000000,4.73135881,0.00000000,0.00000000,0.00000000,4.46023435,0.00000000,0.00000000,0.00000000,0.00000000,0.00000000,0.00000000,0.00000000,0.00000000,0.00000000,0.00000000,0.00000000,1.13445699,0.00000000,0.00000000,0.00000000,0.00000000,0.00000000,1.72582156,0.00000000,0.00000000,0.00000000,0.00000000,0.00000000,0.00000000,0.00000000,0.00000000,0.00000000,0.00000000,0.00000000,0.00000000,0.00000000,0.00000000,0.00000000,0.00000000,1.60017600,0.00000000,0.00000000,6.58427061,0.00000000,3.17408126,0.00000000,0.00000000,0.00000000,0.00000000,0.00000000,1.22185205,0.00000000,28.85651425,0.00000000,0.00000000,0.00000000,20.57026645,0.00000000,0.00000000,0.00000000,0.00000000,0.00000000,0.00000000,0.00000000,0.00000000,0.00000000,0.00000000,0.00000000,0.00000000,0.00000000,0.00000000,0.00000000,0.00000000,0.00000000,0.00000000,0.00000000,0.00000000,0.00000000,0.00000000,0.00000000,0.00000000,0.00000000,7.99628812,0.00000000,0.00000000,0.00000000,0.00000000,0.00000000,1.95236693,0.00000000,0.00000000,0.00000000,0.00000000,0.00000000,0.00000000,0.00000000,0.00000000,0.00000000,0.00000000,0.00000000,0.00000000,4.11436042,0.00000000,0.00000000,0.00000000,85.57125613,50.07385267,105.92773682,0.00000000,64.30821891,50.67219652,7.14429868
0.00000000,0.00000000,0.00000000,0.00000000,0.00000000,0.00000000,0.00000000,0.00000000,0.00000000,0.00000000,0.00000000,0.00000000,0.00000000,0.00000000,0.00000000,0.00000000,0.00000000,0.00000000,0.00000000,0.00000000,0.00000000,0.00000000,0.00000000,0.00000000,0.00000000,0.00000000,0.00000000,0.00000000,0.00000000,0.00000000,1.65068235,0.00000000,0.00000000,0.00000000,0.00000000,0.00000000,0.00000000,0.00000000,0.00000000,0.00000000,0.00000000,0.00000000,0.00000000,0.00000000,0.00000000,0.00000000,0.00000000,0.00000000,0.00000000,0.00000000,0.00000000,0.00000000,0.00000000,0.00000000,0.00000000,0.00000000,0.00000000,0.00000000,0.00000000,0.00000000,0.00000000,0.00000000,0.00000000,0.00000000,0.00000000,0.00000000,0.00000000,0.00000000,13.75404066,0.00000000,0.00000000,1.70233927,2.19278116,0.00000000,5.88588287,0.00000000,13.49264584,0.00000000,25.51791442,0.00000000,20.26481186,3.95931714,160.60964508,0.00000000,53.57094451,0.00000000,7.64481153,0.00000000,0.90676804,0.00000000,10.22087162,0.00000000,104.53074487,0.00000000,0.00000000,0.00000000,52.89800321,0.00000000,36.85935915,0.00000000,16.34723790,0.00000000,59.41670850,0.00000000,5.93119014,0.00000000,20.41175729,0.00000000,0.63399009,0.00000000,0.00000000,0.00000000,0.00000000,0.00000000,1.88649333,0.00000000,0.00000000,0.00000000,0.00000000,0.00000000,17.25581767,0.00000000,17.03860666,0.00000000,0.00000000,0.00000000,0.00000000,0.00000000,0.00000000,0.00000000,0.00000000,0.00000000,0.00000000,0.00000000,0.00000000,0.00000000,0.00000000,0.00000000,0.00000000,2.48096494,5.09471712,0.00000000,0.00000000,0.00000000,0.00000000,0.00000000,0.00000000,0.11027499,0.00000000,0.00000000,0.00000000,0.00000000,0.00000000,0.00000000,0.00000000,0.00000000,0.00000000,0.00000000,0.00000000,0.00000000,0.00000000,0.00000000,0.00000000,0.00000000,16.04395302,0.00000000,0.00000000,0.00000000,29.94573109,0.00000000,0.00000000,0.00000000,0.00000000,0.00000000,0.00000000,0.00000000,0.00000000,0.00000000,0.00000000,0.00000000,0.00000000,0.00000000,0.00000000,0.00000000,1.59495296,0.00000000,0.00000000,0.00000000,26.27244564,0.00000000,0.26379963,0.00000000,3.47706991,0.00000000,25.16847566,0.00000000,0.00000000,0.00000000,0.00000000,0.00000000,0.00000000,0.00000000,0.00000000,0.00000000,0.00000000,0.00000000,4.58246010,0.00000000,0.00000000,0.00000000,106.21391123,0.00000000,52.54926795,0.00000000,0.00000000,3.00114488,0.00000000,15.12093799,0.00000000,0.00000000,0.00000000,0.00000000,0.00000000,0.00000000,0.00000000
0.00000000,0.00000000,0.00000000,0.00000000,0.00000000,0.00000000,0.00000000,0.00000000,0.00000000,0.00000000,0.00000000,0.00000000,0.00000000,0.00000000,0.00000000,0.00000000,0.00000000,0.00000000,0.00000000,0.00000000,0.00000000,0.00000000,0.00000000,0.00000000,0.00000000,0.00000000,0.00000000,0.09496443,0.00000000,0.00000000,0.00000000,0.00000000,0.00000000,0.00000000,0.00000000,0.00000000,0.00000000,0.00000000,0.00000000,0.00000000,0.00000000,0.00000000,0.00000000,0.00000000,0.00000000,30.86130317,0.00000000,0.00000000,0.00000000,0.00000000,0.00000000,0.00000000,0.00000000,0.00000000,0.00000000,0.00000000,0.00000000,0.00000000,0.00000000,0.00000000,0.00000000,0.00000000,0.00000000,0.00000000,0.00000000,0.00000000,0.00000000,0.00000000,0.00000000,14.73057089,0.00000000,0.00000000,0.00000000,2.72784238,0.32995509,0.00000000,0.00000000,12.09517968,0.00000000,0.00000000,0.00000000,70.85401847,0.00000000,60.78239440,0.00000000,8.45057006,0.00000000,31.56962489,0.00000000,10.41467517,0.00000000,16.92382421,0.00000000,40.59543200,0.00000000,0.00000000,0.00000000,0.00000000,0.00000000,17.42812576,0.00000000,178.31349664,0.00000000,50.45200321,0.00000000,11.22978125,0.00000000,31.55155288,0.00000000,7.86443306,0.00000000,0.00000000,0.00000000,0.00000000,0.00000000,7.80995671,0.00000000,1.62910004,0.00000000,0.00000000,0.00000000,0.00000000,0.00000000,0.00000000,43.77114595,7.96604753,0.00000000,0.00000000,0.00000000,0.00000000,1.83663011,0.00000000,0.00000000,0.00000000,0.00000000,0.00000000,2.11091109,0.00000000,0.00000000,15.60550560,0.00000000,10.19971344,0.00000000,0.00000000,0.00000000,0.00000000,0.00000000,0.00000000,0.00000000,0.00000000,0.00000000,0.00000000,1.28537219,24.60591697,0.00000000,0.00000000,0.00000000,0.00000000,0.00000000,0.00000000,0.00000000,0.00000000,0.00000000,0.00000000,0.00000000,13.99740632,0.00000000,0.00000000,0.00000000,30.32782881,0.00000000,0.00000000,0.00000000,0.00000000,0.00000000,0.00000000,0.00000000,1.22521081,0.00000000,0.00000000,0.00000000,0.00000000,0.00000000,0.00000000,0.00000000,0.00000000,0.00000000,0.00000000,0.00000000,46.21705125,0.00000000,0.00000000,0.00000000,0.00000000,0.00000000,5.25586437,2.94808497,0.00000000,0.00000000,0.00000000,0.00000000,0.00000000,0.00000000,0.00000000,0.00000000,6.82099747,0.00000000,0.00000000,0.00000000,0.00000000,6.43376510,0.00000000,0.31175464,0.00000000,8.18142435,0.00000000,0.00000000,0.00000000,137.21169529,51.27970214,45.93165477,0.00000000,19.36156554,2.24311966,0.00000000
0.00000000,0.00000000,0.00000000,0.00000000,0.00000000,0.00000000,0.00000000,0.00000000,0.00000000,0.00000000,0.00000000,0.00000000,0.00000000,0.00000000,0.00000000,0.00000000,205.53755988,0.00000000,0.00000000,0.00000000,47.61753498,0.00000000,81.34396737,0.00000000,16.21320991,0.00000000,0.00000000,0.00000000,8.69425994,0.00000000,17.82535567,0.00000000,0.00000000,0.00000000,0.00000000,0.00000000,0.00000000,0.00000000,1.08306923,0.00000000,0.00000000,0.00000000,0.00000000,0.00000000,0.00000000,0.00000000,0.00000000,0.00000000,0.00000000,0.00000000,0.00000000,0.00000000,48.23830993,0.00000000,0.00000000,0.00000000,0.00000000,0.00000000,0.00000000,0.00000000,0.00000000,0.00000000,1.09056775,1.19628437,0.00000000,0.00000000,0.00000000,0.00000000,1.73195209,0.00000000,0.00000000,0.00000000,1.11069222,0.00000000,1.20088825,0.00000000,0.00000000,0.00000000,4.52546168,0.00000000,48.43560679,7.86206534,11.03909567,0.00000000,23.67753257,0.00000000,27.87427196,0.00000000,30.04918522,0.00000000,41.05732017,3.27171495,0.30306600,0.00000000,52.89800321,0.00000000,0.00000000,0.00000000,114.09746242,0.00000000,124.59143994,0.00000000,34.99281703,0.00000000,0.00000000,0.00000000,100.95689102,0.00000000,0.00000000,0.00000000,2.83328979,0.00000000,0.00000000,0.00000000,0.00000000,0.00000000,0.00000000,0.00000000,0.00000000,0.00000000,0.00000000,0.00000000,0.00000000,0.00000000,0.00000000,9.16361955,0.00000000,9.39384177,0.00000000,0.00000000,0.00000000,0.00000000,0.00000000,5.26415583,47.55757794,0.00000000,53.93780372,0.00000000,0.00000000,0.00000000,5.11120786,0.00000000,133.80216556,0.00000000,0.00000000,0.00000000,0.00000000,18.77654347,0.00000000,6.68927960,0.00000000,4.63196331,15.50939708,0.00000000,0.00000000,0.00000000,0.00000000,0.00000000,0.00000000,0.00000000,0.00000000,0.00000000,0.00000000,0.00000000,0.00000000,0.00000000,0.00000000,0.00000000,25.51962496,4.21198347,0.00000000,0.00000000,0.00000000,0.00000000,0.00000000,0.00000000,0.00000000,0.00000000,0.00000000,0.00000000,14.39649418,0.00000000,0.00000000,0.00000000,0.00000000,0.00000000,0.00000000,0.00000000,0.00000000,0.00000000,0.00000000,0.00000000,0.00000000,0.00000000,0.00000000,0.00000000,1.10610690,0.00000000,4.05685888,0.00000000,149.12523027,3.55711619,0.00000000,0.00000000,4.27357931,0.00000000,0.00000000,0.00000000,0.00000000,1.16405273,0.00000000,0.00000000,15.12356912,0.00000000,0.00000000,1.47076495,0.00000000,7.27290180,0.00000000,0.00000000,0.00000000,0.00000000,0.00000000,0.00000000,0.00000000
0.00000000,0.00000000,0.00000000,49.11863914,0.00000000,0.00000000,0.00000000,0.00000000,0.00000000,1.58039058,0.00000000,0.68621948,0.00000000,0.00000000,0.00000000,120.16519165,0.00000000,22.26392616,0.00000000,51.28399500,0.00000000,0.00000000,0.00000000,51.75032456,0.00000000,55.12285286,0.00000000,0.00000000,0.00000000,5.59433607,0.00000000,0.00000000,0.00000000,0.00000000,0.00000000,0.08938622,0.00000000,0.00000000,0.00000000,0.00000000,0.00000000,0.00000000,0.00000000,0.00000000,0.00000000,0.00000000,0.00000000,0.00000000,0.00000000,0.00000000,0.00000000,4.76562056,0.00000000,21.64201744,0.00000000,0.00000000,0.00000000,2.14014248,0.00000000,0.00000000,0.00000000,0.00000000,0.00000000,0.00000000,0.00000000,0.00000000,0.00000000,0.00000000,0.00000000,0.00000000,0.00000000,0.00000000,0.00000000,0.00000000,0.00000000,0.00000000,0.00000000,0.00000000,0.00000000,1.43763044,0.00000000,7.07514613,0.00000000,0.00000000,0.00000000,21.03160108,0.00000000,16.44572771,0.00000000,0.00000000,0.01024742,22.27883614,0.00000000,0.00000000,0.00000000,0.00000000,0.00000000,0.00000000,0.00000000,12.29478963,0.00000000,59.76542920,0.00000000,6.78512168,0.00000000,16.73721833,0.00000000,30.07722617,0.00000000,0.00000000,0.00000000,0.00000000,0.00000000,0.00000000,0.00000000,0.00000000,0.00000000,0.00000000,0.00000000,0.00000000,0.00000000,0.00000000,0.00000000,0.00000000,10.51280390,0.63085150,5.29225585,21.75157880,0.00000000,0.00000000,0.00000000,0.00000000,0.00000000,0.00000000,3.84496838,159.80356918,0.00000000,65.62350375,0.00000000,0.00000000,0.00000000,26.13752827,0.00000000,47.65342961,1.80787884,0.00000000,22.27655341,2.23928313,2.50272260,0.00000000,0.00000000,1.74580630,0.00000000,8.10922323,0.00000000,0.00000000,0.00000000,0.00000000,0.00000000,0.00000000,2.72174551,0.00000000,0.00000000,0.00000000,0.00000000,0.00000000,0.00000000,0.00000000,0.00000000,0.40436545,0.00000000,0.00000000,0.00000000,0.00000000,0.00000000,0.00000000,0.00000000,0.00000000,0.00000000,0.00000000,1.52040099,24.79529313,0.00000000,0.00000000,0.00000000,0.00000000,0.00000000,0.00000000,0.00000000,0.97337227,0.00000000,0.00000000,0.00000000,0.00000000,0.00000000,0.00000000,2.55428445,0.00000000,2.60860716,4.19531994,4.94372224,51.19761027,0.00000000,0.00000000,0.00000000,4.20787425,0.00000000,0.00000000,1.62009277,25.84390017,1.66863219,0.00000000,0.00000000,0.00000000,0.00000000,0.00000000,4.33010847,0.00000000,3.29581837,0.00000000,0.00000000,0.00000000,0.00000000,0.00000000,0.00000000
0.00000000,0.00000000,0.00000000,0.00000000,0.00000000,0.00000000,0.00000000,0.00000000,0.00000000,0.00000000,0.00000000,0.00000000,0.00000000,0.00000000,0.00000000,0.00000000,279.90887319,0.00000000,0.00000000,0.00000000,170.67274534,0.00000000,0.00000000,0.00000000,0.00000000,0.00000000,0.00000000,0.00000000,16.04787843,0.00000000,29.46386911,0.00000000,17.51364637,0.00000000,0.00000000,0.00000000,86.19094509,0.00000000,0.00000000,0.00000000,0.00000000,0.00000000,36.10028993,0.00000000,118.27385877,0.00000000,0.00000000,0.00000000,0.71255632,0.00000000,47.14358851,0.00000000,0.00000000,0.00000000,0.00000000,0.00000000,0.00000000,0.00000000,0.00000000,0.00000000,0.79239608,0.00000000,0.00000000,0.00000000,0.00000000,0.00000000,0.00000000,0.00000000,0.00000000,0.00000000,6.69186022,0.00000000,4.86102512,0.00000000,0.03036674,6.61386189,10.84785350,0.00000000,10.89255586,0.00000000,7.08634796,0.00000000,46.15556627,0.00000000,43.73717512,0.00000000,19.93488448,10.73472445,3.86072435,0.00000000,1.17296308,0.00000000,2.29775805,0.00000000,36.85935915,0.00000000,114.09746242,0.00000000,0.00000000,0.00000000,54.22672299,0.00000000,15.55173218,0.00000000,0.39117440,0.00000000,23.31760722,0.00000000,0.00000000,0.00000000,0.00000000,0.00000000,0.00000000,0.00000000,0.00000000,0.00000000,0.00000000,0.00000000,0.00000000,0.00000000,19.75152075,0.00000000,8.91667155,0.00000000,5.97313134,19.60541079,0.00000000,0.00000000,40.14066463,10.94765747,11.18344685,10.53767414,0.00000000,0.00000000,0.00000000,2.88365761,32.11616781,0.00000000,8.24230879,14.20980379,22.32278854,0.00000000,84.74389005,3.87518002,0.00000000,0.00000000,5.50567664,20.92496124,10.52792291,2.63433385,0.00000000,0.00000000,12.04275407,2.20183958,0.00000000,0.00000000,0.00000000,0.00000000,0.00000000,0.00000000,0.00000000,0.00000000,2.94183617,0.00000000,0.00000000,0.00000000,1.69727156,0.00000000,24.10927157,0.00000000,11.09005939,0.00000000,0.00000000,0.00000000,47.11393771,1.59705714,0.00000000,0.00000000,0.00000000,0.00000000,0.00000000,4.39650458,0.00000000,0.00000000,0.00000000,0.00000000,0.00000000,0.00000000,0.00000000,0.00000000,0.00000000,0.00000000,0.00000000,0.00000000,0.00000000,0.00000000,0.00000000,0.00000000,0.00000000,0.00000000,49.75629856,0.00000000,0.00000000,0.00000000,0.00000000,0.00000000,0.00000000,0.00000000,3.52567619,0.00000000,80.73430259,5.85827348,8.77071731,0.00000000,0.00000000,7.68895610,0.00000000,0.00000000,0.00000000,0.00000000,0.00000000,0.00000000,0.00000000,0.00000000,0.00000000
0.00000000,0.00000000,0.00000000,0.00000000,0.00000000,0.00000000,0.00000000,1.49875336,0.00000000,0.00000000,0.00000000,0.00000000,0.00000000,0.00000000,0.00000000,107.73924864,0.00000000,20.53736428,0.00000000,0.00000000,0.00000000,0.52886860,0.00000000,68.67226415,0.00000000,0.00000000,0.00000000,0.00000000,0.00000000,41.50648845,0.00000000,0.00000000,0.00000000,0.06738378,0.00000000,0.00000000,0.00000000,0.00000000,0.00000000,0.00000000,0.00000000,0.00000000,0.00000000,0.00000000,0.00000000,0.00000000,0.00000000,0.00000000,0.00000000,0.88140595,0.00000000,14.65681299,0.00000000,1.74154692,0.00000000,0.00000000,0.00000000,0.00000000,0.00000000,0.00000000,0.00000000,0.00000000,0.00000000,0.00000000,0.00000000,0.00000000,0.00000000,0.00000000,0.00000000,0.00000000,0.00000000,0.00000000,0.00000000,0.00000000,0.00000000,0.00000000,0.00000000,2.13236208,0.00000000,0.00000000,0.00000000,22.34684803,0.00000000,32.31285802,0.00000000,51.87498363,0.00000000,8.44179717,0.00000000,0.00000000,1.47423736,7.37395412,0.00000000,0.00000000,0.00000000,17.42812576,0.00000000,12.29478963,0.00000000,0.00000000,0.00000000,36.17889757,2.77351266,10.76361814,0.00000000,2.36708509,0.00000000,3.12273155,0.00000000,0.00000000,0.00000000,0.00000000,0.00000000,0.35780606,0.00000000,0.00000000,0.00000000,0.00000000,0.00000000,0.00000000,0.00000000,0.00000000,0.00000000,0.00000000,0.00000000,0.39645826,0.00000000,0.00000000,0.00000000,1.21236791,0.00000000,0.00000000,0.09131025,0.00000000,0.00000000,31.04496427,6.84296681,18.41175488,0.00000000,0.00000000,0.00000000,8.83798035,0.00000000,46.11033666,0.22395001,0.00000000,18.04864961,7.53418130,0.00000000,5.01403230,0.00000000,0.00000000,0.00000000,5.72067642,0.00000000,0.00000000,0.00000000,0.00000000,0.00000000,0.00000000,0.00000000,0.00000000,0.00000000,0.00000000,0.00000000,0.00000000,0.00000000,0.00000000,0.00000000,1.80126049,0.00000000,1.84868243,0.00000000,0.00000000,0.00000000,6.12613315,0.00000000,0.00000000,0.00000000,0.00000000,0.00000000,13.02107364,0.00000000,0.00000000,0.00000000,0.00000000,0.00000000,0.00000000,0.00000000,0.00000000,0.00000000,0.00000000,0.00000000,0.00000000,0.00000000,0.00000000,5.84773787,0.00000000,0.00000000,0.00000000,0.00000000,30.00772032,0.00000000,6.53367342,0.00000000,0.00954028,0.00000000,0.00000000,0.00000000,0.00000000,3.90926354,0.00000000,0.00000000,0.00000000,0.00000000,0.00000000,0.00000000,0.00000000,9.83890663,1.32760736,0.00000000,0.00000000,3.06796837,0.00000000,0.00000000
0.00000000,0.00000000,0.00000000,0.00000000,0.00000000,0.00000000,0.00000000,0.00000000,0.00000000,0.00000000,0.00000000,0.00000000,0.00000000,0.00000000,0.00000000,0.00000000,0.00000000,0.00000000,0.00000000,0.00000000,2.04950930,0.00000000,0.00000000,0.00000000,0.00000000,0.00000000,0.00000000,0.00000000,0.00000000,0.00000000,0.00000000,0.00000000,0.48825819,0.00000000,0.00000000,0.00000000,0.12112990,0.00000000,0.00000000,0.00000000,0.00000000,0.00000000,0.00000000,0.00000000,0.00000000,0.00000000,0.00000000,0.00000000,20.04674340,0.00000000,23.60722167,0.00000000,0.00000000,0.00000000,0.00000000,0.00000000,0.00000000,0.00000000,0.00000000,0.00000000,0.00000000,0.00000000,0.00000000,0.00000000,0.00000000,0.00000000,0.00000000,0.00000000,6.81047776,0.00000000,0.00000000,0.00000000,0.13573760,0.00000000,0.00000000,6.47173791,8.83792441,0.00000000,2.87709932,0.00000000,3.44431445,0.00000000,29.70859835,0.00000000,22.34794293,0.00000000,14.53134349,0.00000000,20.68368271,0.00000000,24.79795009,0.00000000,46.38912491,0.00000000,16.34723790,0.00000000,124.59143994,0.00000000,54.22672299,0.00000000,0.00000000,0.00000000,124.68503005,0.00000000,34.92640786,0.00000000,49.58399868,0.00000000,0.00000000,0.00000000,0.00000000,0.00000000,0.00000000,0.00000000,0.00000000,0.00000000,0.50740872,0.00000000,0.00000000,0.00000000,0.00000000,0.00000000,0.00000000,0.00000000,9.31472643,0.00000000,0.00000000,1.29753414,23.51567869,0.00000000,10.21150016,9.99679334,0.00000000,4.60586090,0.00000000,0.00000000,1.16470113,0.00000000,4.93422437,4.88290135,0.00000000,10.47998019,0.56247910,0.00000000,0.00000000,0.00000000,0.00000000,2.92821547,8.19664276,14.05008070,0.00000000,0.27935756,12.59921046,0.00000000,0.00000000,0.00000000,0.00000000,0.00000000,0.00000000,0.00000000,0.00000000,0.00000000,0.00000000,0.00000000,0.00000000,0.00000000,0.00000000,0.00000000,14.93749891,0.00000000,0.86345789,0.00000000,0.00000000,0.00000000,14.36741213,0.00000000,0.00000000,0.00000000,0.00000000,0.00000000,4.22543404,1.02595975,4.96111141,0.00000000,0.00000000,0.00000000,0.00000000,0.00000000,23.97230278,0.00000000,9.61741367,0.00000000,13.22560937,0.00000000,28.55667734,0.00000000,0.00000000,0.00000000,2.56981051,0.00000000,21.70793073,0.00000000,13.85414675,0.00000000,40.61604671,0.00000000,0.00000000,0.00000000,0.00000000,0.00000000,76.94260592,21.59430481,31.82947007,0.00000000,5.16024536,15.68669910,3.20494598,6.80960117,0.00000000,0.00000000,0.00000000,0.00000000,0.00000000,0.00000000,0.00000000
0.00000000,0.00000000,0.00000000,0.00000000,0.00000000,0.00000000,0.00000000,0.00000000,0.00000000,0.00000000,0.00000000,0.00000000,0.00000000,0.00000000,0.00000000,96.91376587,0.00000000,23.48552171,0.00000000,0.00000000,0.00000000,0.00000000,0.00000000,42.96215901,0.00000000,0.00000000,0.00000000,0.00000000,0.00000000,29.80302679,0.00000000,8.42944891,0.00000000,0.00000000,0.00000000,0.00000000,0.00000000,0.00000000,0.00000000,0.00000000,0.00000000,0.00000000,0.00000000,0.00000000,0.00000000,0.00000000,0.00000000,0.00000000,0.00000000,0.00000000,0.00000000,0.84045406,0.00000000,1.01791815,0.00000000,0.00000000,0.00000000,0.00000000,0.00000000,0.00000000,0.00000000,0.00000000,0.00000000,0.00000000,0.00000000,0.00000000,0.00000000,0.00000000,0.00000000,0.00000000,0.53642006,0.00000000,0.00000000,0.00000000,0.00000000,0.00000000,0.00000000,5.70706193,0.00000000,0.00000000,0.00000000,39.33014159,0.00000000,61.67052325,0.09099706,82.08302065,0.00000000,0.00000000,0.00000000,79.42421916,0.00000000,65.59156513,0.00000000,42.98441263,0.00000000,178.31349664,0.00000000,59.76542920,0.00000000,36.17889757,0.00000000,0.00000000,0.00000000,82.54349727,0.97133941,22.99883098,12.24769149,59.94980649,0.00000000,0.00000000,0.00000000,0.00000000,0.00000000,0.00000000,0.00000000,0.85523923,0.00000000,0.09805742,0.00000000,0.00000000,0.00000000,0.00000000,0.00000000,0.00000000,80.93298739,0.00000000,44.04480702,4.63583767,0.71361157,6.64240528,0.00000000,0.00000000,1.72959859,0.00000000,0.00000000,59.19836571,5.43588395,28.57140591,0.00000000,0.44836789,0.00000000,2.21804386,0.00000000,20.17993369,0.00000000,0.00000000,79.48430811,30.95426568,3.89801547,14.67238992,6.76708823,34.02402977,1.46303466,17.54259413,0.00000000,0.00000000,0.00000000,0.00000000,0.00000000,0.00000000,0.00000000,0.00000000,0.00000000,0.00000000,0.00000000,0.00000000,0.00000000,0.00000000,0.00000000,5.12759880,0.00000000,0.00000000,0.00000000,0.00000000,0.00000000,59.26115791,0.00000000,0.00000000,0.00000000,0.00000000,5.30639578,22.30395071,0.00000000,0.00000000,0.00000000,0.00000000,0.00000000,0.00000000,0.00000000,70.91624632,0.00000000,0.00000000,0.00000000,0.00000000,0.00000000,0.00000000,0.00000000,0.00000000,7.84633879,2.98728373,0.00000000,122.96882130,13.94059532,6.23673335,0.00000000,26.09639451,0.00000000,0.00000000,0.00000000,0.00000000,0.00000000,0.00000000,0.00000000,0.00000000,15.51336313,0.00000000,0.00000000,0.00000000,75.63124774,18.02175295,25.51146607,4.81910398,20.96345928,7.59728155,1.75504516
0.00000000,0.00000000,0.00000000,0.00000000,0.00000000,0.00000000,0.00000000,0.00000000,0.00000000,0.00000000,0.00000000,0.00000000,0.00000000,0.00000000,0.00000000,0.00000000,9.88730071,0.00000000,0.00000000,0.00000000,0.00000000,0.00000000,0.00000000,0.00000000,0.00000000,0.00000000,0.00000000,0.00000000,0.00000000,0.00000000,0.00000000,0.00000000,0.00000000,0.00000000,0.00000000,0.00000000,0.00000000,0.00000000,0.00000000,0.00000000,0.00000000,0.00000000,0.00000000,0.00000000,0.00000000,0.00000000,8.95343035,0.00000000,62.58955424,0.00000000,0.00000000,0.00000000,0.00000000,0.00000000,0.00000000,0.00000000,0.00000000,0.00000000,0.00000000,0.00000000,0.00000000,0.00000000,0.00000000,0.00000000,0.00000000,0.00000000,0.00000000,0.00000000,92.68791326,0.00000000,0.00000000,0.00000000,0.00000000,0.00000000,0.12344117,0.00000000,45.14007981,0.00000000,1.16235148,0.00000000,0.50511616,0.00000000,69.40678700,0.00000000,4.91937947,0.00000000,0.00000000,0.00000000,43.22660741,0.00000000,4.45881895,0.00000000,51.50402331,0.00000000,59.41670850,0.00000000,34.99281703,0.00000000,15.55173218,2.77351266,124.68503005,0.00000000,0.00000000,0.00000000,267.10458072,0.00000000,234.46909012,0.00000000,27.62438150,0.00000000,99.78848995,0.00000000,57.11829479,0.00000000,15.58560366,0.00000000,25.29001382,0.00000000,19.65771748,0.00000000,0.00000000,0.00000000,0.00000000,0.00000000,0.00000000,0.00000000,0.00000000,0.00000000,0.00000000,0.00000000,0.00000000,0.00000000,0.00000000,0.00000000,6.23884656,0.00000000,0.00000000,0.00000000,0.00000000,0.00000000,0.00000000,0.00000000,0.00000000,0.00000000,0.00000000,0.00000000,0.00000000,11.62293150,0.00000000,2.80781350,0.00000000,0.00000000,0.00000000,0.00000000,0.00000000,0.00000000,0.00000000,0.00000000,0.00000000,0.00000000,0.00000000,0.00000000,0.00000000,0.00000000,23.79818898,0.00000000,0.00000000,0.00000000,21.90493662,0.00000000,0.00000000,0.00000000,0.00000000,0.00000000,0.00000000,0.00000000,0.00000000,0.00000000,0.00000000,0.00000000,0.00000000,0.00000000,0.00000000,0.00000000,0.00000000,0.00000000,0.00000000,0.00000000,19.17280440,0.00000000,19.21282562,0.00000000,10.00151108,0.00000000,70.02126430,0.00000000,0.00000000,0.00000000,7.24902040,0.00000000,0.00000000,0.00000000,0.00000000,0.00000000,0.00000000,0.00000000,0.00000000,2.40638738,0.00000000,0.00000000,75.60793668,33.24519071,109.86527619,0.00000000,6.16294022,86.65936612,79.08143195,32.78545781,0.00000000,0.00000000,1.51148454,0.00000000,0.00000000,0.00000000,0.00000000
0.00000000,0.00000000,0.00000000,0.00000000,0.00000000,0.04879543,0.00000000,0.00000000,0.00000000,0.00000000,0.00000000,0.00000000,0.00000000,0.00000000,0.00000000,0.00000000,0.00000000,0.00000000,0.00000000,0.00000000,0.00000000,0.00000000,0.00000000,0.00000000,0.00000000,0.00000000,0.00000000,0.87695199,0.00000000,0.00000000,0.00000000,0.16112338,0.00000000,0.00000000,0.00000000,0.00000000,0.00000000,0.00000000,0.00000000,0.00000000,0.00000000,0.00000000,0.00000000,10.02853600,0.00000000,7.39025670,0.00000000,0.00000000,0.00000000,2.06085788,0.00000000,15.37360716,0.00000000,0.00000000,0.00000000,0.00000000,0.00000000,0.00000000,0.00000000,0.00000000,0.00000000,0.00000000,0.00000000,1.80814243,0.00000000,0.00000000,0.00000000,0.00000000,0.00000000,126.11753752,0.00000000,0.00000000,0.00000000,3.19351278,0.00000000,0.00000000,0.00000000,69.75894764,0.00000000,0.00000000,0.00000000,0.00000000,0.00000000,94.79907510,0.00000000,0.00000000,0.00000000,0.00000000,0.00000000,72.33938430,0.00000000,93.33823184,0.00000000,106.25335861,0.00000000,50.45200321,0.00000000,6.78512168,0.00000000,10.76361814,0.00000000,82.54349727,0.00000000,0.00000000,0.00000000,202.02811995,0.29138911,363.79669784,0.00000000,16.08707267,0.00000000,10.58706669,0.00000000,79.20763503,0.00000000,26.96956236,0.00000000,14.21556320,0.00000000,4.36530819,0.00000000,0.00000000,0.00000000,0.00000000,0.00000000,0.00000000,0.00000000,0.00000000,0.00000000,0.00000000,0.00000000,0.00000000,0.00000000,1.46702102,0.00000000,0.00000000,0.00000000,0.00000000,0.00000000,2.02423474,0.00000000,0.00000000,0.00000000,0.00000000,0.00000000,0.00000000,0.00000000,0.00000000,0.00000000,0.00000000,0.00000000,0.00000000,0.00000000,0.00000000,0.00000000,0.00000000,0.00000000,0.00000000,0.00000000,1.28410459,0.00000000,0.00000000,0.00000000,0.00000000,0.00000000,31.80402227,0.00000000,0.00000000,0.00000000,7.54113084,0.00000000,0.00000000,0.00000000,0.00000000,0.00000000,2.22518919,0.00000000,0.00000000,0.00000000,0.00000000,0.00000000,0.49733389,0.00000000,0.00000000,0.00000000,0.00000000,0.00000000,0.00000000,0.00000000,49.18562005,0.00000000,9.59179639,0.00000000,0.00000000,0.00000000,116.18956504,0.00000000,9.89437204,0.00000000,0.00000000,0.00000000,11.52969131,0.00000000,0.07672587,0.00000000,0.00000000,0.00000000,0.00000000,0.00000000,7.25102536,0.00000000,0.00000000,0.00000000,0.00000000,16.40173798,0.00000000,0.00000000,0.00000000,38.45178437,47.38871359,100.29399045,4.30146562,105.81045633,64.50877616,8.92034124
0.00000000,0.00000000,0.00000000,0.00000000,0.00000000,0.00000000,0.00000000,0.00000000,0.00000000,0.00000000,0.00000000,0.00000000,0.00000000,0.00000000,0.00000000,0.00000000,0.00000000,0.00000000,0.00000000,0.00000000,0.00000000,0.00000000,0.00000000,0.00000000,0.00000000,0.00000000,0.00000000,0.00000000,0.00000000,0.00000000,0.00000000,0.00000000,0.00000000,0.00000000,0.00000000,0.00000000,0.00000000,0.00000000,0.00000000,0.00000000,0.00000000,0.00000000,0.00000000,0.00000000,0.00000000,0.00000000,0.00000000,0.00000000,0.00000000,0.00000000,0.00000000,0.00000000,0.00000000,0.00000000,0.00000000,0.00000000,0.00000000,0.00000000,0.00000000,0.00000000,0.00000000,0.00000000,0.00000000,0.00000000,0.00000000,0.00000000,0.00000000,0.00000000,0.00000000,0.00000000,0.00000000,0.00000000,0.00000000,0.00000000,0.00000000,0.00000000,0.00000000,0.00000000,0.00000000,0.00000000,0.00000000,0.00000000,2.41588873,0.00000000,0.00000000,0.00000000,0.00000000,0.00000000,0.00000000,0.00000000,0.00000000,0.00000000,0.00000000,0.00000000,5.93119014,0.00000000,0.00000000,0.00000000,0.39117440,0.00000000,34.92640786,0.97133941,267.10458072,0.00000000,0.00000000,0.00000000,283.75069026,0.77986908,0.00000000,0.00000000,19.89058368,0.00000000,13.58403184,0.00000000,0.00000000,0.00000000,0.00000000,0.00000000,2.97507107,0.00000000,0.00000000,0.00000000,0.00000000,0.00000000,0.00000000,4.83947167,14.09992677,1.33129197,0.00000000,0.00000000,0.00000000,0.00000000,0.00000000,0.00000000,279.08925576,0.00000000,0.00000000,0.00000000,0.00000000,0.00000000,0.00000000,0.00000000,0.00000000,0.00000000,0.00000000,0.00000000,0.00000000,0.00000000,0.00000000,0.00000000,16.33314905,20.33843398,3.29783709,8.82411240,0.00000000,0.00000000,0.00000000,0.00000000,0.00000000,0.00000000,0.00000000,0.00000000,0.00000000,0.00000000,0.00000000,0.00000000,0.00000000,0.00000000,0.00000000,0.00000000,0.00000000,0.00000000,0.00000000,0.00000000,0.00000000,0.00000000,0.00000000,0.00000000,0.00000000,0.00000000,11.92127268,0.00000000,0.00000000,0.00000000,0.00000000,0.00000000,0.00000000,0.00000000,68.39949857,0.00000000,3.50834014,0.00000000,42.22806802,0.77923297,230.81639480,0.00000000,6.01370544,2.43862608,195.54366662,4.75561369,113.89088569,0.00000000,110.65535545,5.52474517,192.75940297,0.00000000,66.09359741,12.70221485,130.58825175,0.00000000,0.00000000,0.00000000,26.81979376,0.00000000,0.00000000,29.64079930,1.51132385,0.00000000,0.00000000,0.00000000,0.00000000,0.00000000,0.00000000,0.00000000,0.00000000
0.00000000,0.00000000,0.00000000,0.00000000,0.00000000,0.00000000,0.00000000,1.38398813,0.00000000,0.00000000,0.00000000,0.00000000,0.00000000,0.00000000,0.00000000,0.00000000,0.00000000,0.00000000,0.00000000,0.00000000,0.00000000,0.00000000,0.00000000,0.00000000,0.00000000,0.00000000,0.00000000,0.00000000,0.00000000,0.00000000,0.00000000,0.00000000,0.00000000,0.00000000,0.00000000,0.00000000,0.00000000,0.94229658,0.00000000,0.00000000,0.00000000,0.00000000,0.00000000,0.00000000,0.00000000,0.96761813,0.00000000,0.00000000,0.00000000,0.00000000,0.00000000,0.00000000,0.00000000,0.00000000,0.00000000,0.00000000,0.00000000,0.00000000,0.00000000,0.00000000,0.00000000,0.00000000,0.00000000,0.00000000,0.00000000,0.00000000,0.00000000,0.03300295,0.00000000,0.00000000,0.00000000,0.00000000,0.00000000,0.00000000,0.00000000,0.00000000,0.00000000,11.11166587,0.00000000,0.00000000,0.00000000,0.00000000,0.00000000,0.00000000,0.00000000,0.00000000,0.00000000,0.00000000,0.00000000,0.00000000,0.00000000,20.93441317,0.00000000,0.00000000,0.00000000,11.22978125,0.00000000,16.73721833,0.00000000,2.36708509,0.00000000,22.99883098,0.00000000,202.02811995,0.00000000,0.00000000,2.12387262,150.14140426,0.00000000,0.00000000,0.00000000,0.00000000,0.00000000,13.30812420,0.00000000,0.00000000,0.00000000,0.00000000,0.00000000,28.73518014,0.00000000,0.00000000,0.00000000,0.00000000,0.00000000,0.00000000,0.00000000,0.62813255,0.00000000,0.00000000,0.00000000,0.00000000,0.00000000,0.00000000,0.00000000,34.55924198,0.00000000,0.00000000,0.00000000,0.00000000,0.00000000,0.00000000,0.00000000,0.00000000,0.00000000,0.00000000,0.00000000,0.00000000,0.00000000,0.00000000,0.00000000,3.88421923,0.00000000,0.00000000,0.00000000,0.00000000,0.00000000,0.00000000,0.00000000,0.00000000,0.00000000,0.00000000,0.00000000,0.00000000,0.00000000,0.00000000,0.00000000,0.00000000,0.00000000,0.00000000,0.00000000,0.00000000,0.00000000,0.00000000,0.00000000,0.00000000,0.00000000,0.00000000,0.00000000,0.00000000,0.03037312,8.13813481,0.00000000,0.00000000,0.00000000,0.00000000,0.00000000,2.41324341,0.00000000,81.01975202,0.00000000,14.98289759,0.00000000,0.00000000,0.00000000,160.73619763,0.00000000,25.70807475,0.00000000,171.26831887,0.00000000,151.38537068,0.00000000,57.37074978,0.00000000,177.04284173,0.00000000,61.84934860,0.00000000,74.42357733,0.00000000,0.00000000,0.00000000,0.00000000,0.00000000,0.00000000,0.00000000,0.00000000,0.00000000,11.27920746,30.03160308,0.00000000,1.40717118,0.00000000,0.00000000
0.00000000,0.00000000,0.00000000,0.00000000,0.00000000,0.00000000,0.00000000,0.00000000,0.00000000,0.00000000,0.00000000,0.00000000,3.18789504,0.00000000,0.00000000,0.00000000,140.81628285,0.00000000,0.00000000,0.00000000,24.03087873,0.00000000,98.08988649,0.00000000,28.53894166,0.00000000,0.00000000,0.00000000,0.54403836,0.00000000,0.00000000,0.00000000,0.00000000,0.00000000,0.00000000,0.00000000,0.00000000,0.00000000,0.00000000,0.00000000,0.00000000,0.00000000,0.00000000,0.00000000,2.55173190,0.00000000,0.00000000,0.00000000,7.46233348,0.00000000,0.00000000,0.00000000,23.93993041,0.00000000,0.00000000,0.00000000,0.00000000,0.00000000,0.00000000,0.00000000,0.00000000,0.00000000,10.72371382,0.00000000,0.00000000,0.00000000,0.00000000,0.00000000,0.00000000,0.00000000,0.00000000,0.00000000,0.00000000,0.00000000,0.00000000,0.00000000,8.45574341,0.00000000,0.00000000,0.00000000,0.43660497,0.00000000,37.10261801,0.70089621,0.00000000,0.00000000,0.00000000,0.00000000,121.00086200,0.00000000,33.90768861,9.58058740,21.10990309,0.00000000,20.41175729,0.00000000,100.95689102,0.00000000,23.31760722,0.00000000,49.58399868,12.24769149,234.46909012,0.29138911,283.75069026,2.12387262,0.00000000,0.00000000,0.00000000,0.00000000,5.41928894,0.00000000,4.48686569,0.00000000,0.00000000,0.00000000,0.00000000,0.00000000,15.51526715,0.00000000,1.20336082,0.00000000,0.84929154,0.00000000,0.00000000,26.42489015,2.28364368,60.15858148,3.26394273,0.00000000,18.08444423,5.25782008,3.03061348,0.00000000,151.36851812,0.00000000,69.29114942,0.75036128,0.00269552,14.35750630,0.00000000,25.37136121,13.18572975,3.56296563,0.00000000,0.00000000,0.00000000,31.73069339,0.00000000,16.13566349,22.67609229,7.83087549,37.27720908,7.64999306,0.00000000,0.00000000,0.00000000,0.00000000,0.86759397,0.00000000,0.00000000,0.00000000,0.00000000,0.00000000,0.00000000,0.00000000,0.00000000,0.00000000,0.00000000,0.00000000,0.00000000,0.00000000,0.00000000,0.00000000,8.95088131,0.00000000,0.00000000,0.00000000,0.00000000,0.00000000,32.36886505,27.85607594,0.00000000,0.00000000,0.00000000,0.00000000,3.76373528,0.00000000,14.10162988,0.00000000,5.25693034,0.00000000,0.00000000,0.00000000,21.04025171,0.00000000,2.79515973,0.00000000,67.48323760,8.15741042,133.49708086,10.07565670,4.66812152,4.55515879,130.16223437,0.00000000,0.00000000,0.00000000,2.02516099,5.59446115,2.95510218,2.18168446,32.42322250,0.00000000,0.00000000,12.93488585,0.00000000,7.89099312,0.00000000,0.00000000,2.23208611,0.00000000,0.00000000,0.00000000,0.00000000
0.00000000,13.97805576,0.00000000,13.78610924,0.00000000,0.00000000,0.00000000,16.86612222,0.00000000,0.00000000,0.00000000,0.00000000,0.00000000,0.00000000,0.00000000,0.00000000,0.00000000,0.00000000,0.00000000,0.00000000,0.00000000,0.00000000,0.00000000,0.00000000,0.00000000,0.00000000,0.00000000,0.00000000,0.00000000,0.00000000,0.00000000,0.00000000,0.00000000,0.00000000,0.00000000,0.00000000,0.00000000,0.00000000,0.00000000,0.00000000,0.00000000,0.00000000,0.00000000,0.00000000,0.00000000,0.00000000,0.00000000,0.00000000,0.00000000,0.00000000,0.00000000,0.00000000,0.00000000,0.00000000,0.00000000,0.00000000,0.00000000,0.00000000,0.00000000,0.00000000,0.00000000,0.00000000,0.00000000,0.00000000,0.00000000,0.00000000,0.00000000,0.00000000,0.00000000,0.00000000,0.00000000,0.00000000,0.00000000,0.00000000,0.00000000,0.00000000,0.00000000,0.00000000,0.00000000,0.00000000,0.00000000,0.00000000,0.00000000,16.03439615,0.00000000,0.09118903,0.00000000,0.00000000,0.00000000,29.43917470,11.49301559,14.00371678,0.00000000,0.50673777,0.00000000,31.55155288,0.00000000,30.07722617,0.00000000,3.12273155,0.00000000,59.94980649,0.00000000,363.79669784,0.77986908,150.14140426,0.00000000,0.00000000,0.00000000,0.00000000,0.00000000,7.08601297,0.00000000,3.45027298,0.00000000,0.00000000,0.00000000,3.74798894,0.00000000,22.59976951,0.00000000,0.00000000,0.00000000,0.00000000,26.24961357,0.00000000,0.00000000,19.73900828,0.00000000,0.00000000,0.00000000,0.00000000,0.00000000,0.00000000,0.00000000,116.25161462,13.08157435,24.82348288,0.00000000,0.00000000,0.00000000,0.00000000,0.36133457,0.00000000,0.00000000,0.00000000,0.11746619,0.00000000,0.00000000,0.00000000,0.00000000,14.39098176,5.22387007,0.00000000,0.00000000,0.00000000,0.00000000,0.00000000,0.00000000,0.00000000,0.00000000,0.00000000,0.00000000,0.00000000,0.00000000,0.00000000,0.00000000,0.00000000,0.00000000,0.00000000,0.00000000,0.00000000,0.00000000,0.00000000,0.00000000,0.00000000,0.00000000,0.00000000,0.00000000,0.00000000,0.00000000,12.21299756,0.00000000,0.00000000,0.00000000,0.00000000,0.00000000,0.00000000,0.00000000,7.63605579,0.00000000,0.00000000,0.00000000,0.00000000,0.00000000,15.38451558,0.00000000,5.19511134,6.77190501,81.17357394,0.00000000,250.59758838,7.03357688,0.00000000,0.00000000,231.78278584,8.53440142,0.16977067,7.35345492,91.00158270,0.00000000,0.00000000,0.00000000,0.00000000,0.00000000,0.00000000,0.00000000,0.00000000,0.00000000,3.69129020,13.54203355,0.00000000,17.13957254,0.00000000,0.00060798
0.00000000,0.00000000,0.00000000,0.00000000,0.00000000,0.00000000,0.00000000,0.00000000,0.00000000,0.00000000,0.00000000,0.00000000,0.00000000,0.00000000,0.00000000,0.00000000,0.00000000,0.00000000,0.00000000,0.00000000,0.00000000,0.00000000,0.00000000,0.00000000,0.00000000,0.00000000,0.00000000,0.00000000,0.00000000,0.00000000,0.00000000,0.00000000,0.00000000,0.00000000,0.00000000,0.00000000,0.00000000,0.00000000,0.00000000,0.00000000,0.00000000,0.00000000,0.00000000,0.00000000,0.00000000,0.00000000,0.00000000,0.00000000,2.23875301,0.00000000,0.00000000,0.00000000,0.00000000,0.00000000,0.00000000,0.00000000,0.00000000,0.00000000,0.00000000,0.00000000,0.00000000,0.00000000,0.00000000,0.00000000,0.00000000,0.00000000,0.00000000,0.00000000,58.38706652,0.00000000,0.00000000,0.00000000,0.00000000,0.00000000,0.00000000,0.00000000,5.79006082,0.00000000,1.19335211,0.00000000,0.00000000,0.00000000,19.55895738,0.00000000,0.00000000,0.00000000,0.00000000,0.00000000,0.00000000,0.00000000,0.00000000,0.00000000,3.96490667,0.00000000,0.63399009,0.00000000,0.00000000,0.00000000,0.00000000,0.00000000,0.00000000,0.00000000,27.62438150,0.00000000,0.00000000,0.00000000,0.00000000,0.00000000,0.00000000,0.00000000,11.18888798,0.00000000,24.31720010,0.00000000,0.00000000,0.00000000,4.33730055,0.00000000,0.00000000,0.00000000,0.00000000,0.00000000,0.00000000,0.00000000,0.00000000,0.00000000,0.00000000,0.00000000,0.00000000,0.00000000,0.00000000,0.00000000,0.00000000,0.00000000,0.00000000,0.00000000,0.00000000,0.00000000,0.00000000,0.00000000,0.00000000,0.00000000,0.00000000,0.00000000,0.00000000,0.00000000,0.00000000,0.00000000,0.00000000,0.00000000,0.00000000,0.00000000,0.00000000,0.00000000,0.00000000,0.00000000,0.00000000,0.00000000,0.00000000,0.00000000,0.00000000,0.00000000,0.00000000,0.00000000,0.00000000,0.00000000,0.00000000,0.00000000,0.00000000,0.00000000,0.00000000,0.00000000,0.00000000,0.00000000,0.00000000,0.00000000,0.00000000,0.00000000,0.00000000,0.00000000,2.46099845,0.00000000,0.00000000,0.00000000,0.00000000,0.00000000,0.00000000,0.00000000,0.00000000,0.00000000,0.00000000,0.00000000,0.00000000,0.00000000,0.00000000,0.00000000,0.00000000,0.00000000,0.00000000,0.00000000,0.00000000,0.00000000,0.00000000,0.00000000,0.00000000,0.00000000,0.00000000,0.00000000,0.00000000,0.00000000,0.00000000,2.47513303,0.00000000,0.00000000,0.00000000,5.90769062,10.58940133,0.00000000,0.00000000,0.00000000,0.00000000,0.00000000,0.00000000,0.00000000,0.00000000
0.00000000,0.00000000,0.00000000,0.00000000,0.00000000,0.00000000,0.00000000,0.00000000,0.00000000,0.00000000,0.00000000,0.00000000,0.00000000,1.22660929,0.00000000,0.00000000,0.00000000,0.00000000,0.00000000,0.00000000,0.00000000,0.00000000,0.00000000,0.00000000,0.00000000,0.00000000,0.00000000,0.00000000,0.00000000,0.00000000,0.00000000,0.00000000,0.00000000,0.00000000,0.00000000,0.00000000,0.00000000,0.00000000,0.00000000,0.00000000,0.00000000,0.00000000,0.00000000,0.00000000,0.00000000,0.00000000,0.00000000,0.00000000,0.00000000,0.00000000,0.00000000,0.00000000,0.00000000,0.00000000,0.00000000,0.00000000,0.00000000,0.00000000,0.00000000,0.00000000,0.00000000,0.00000000,0.00000000,0.00000000,0.00000000,0.00000000,0.00000000,0.00000000,0.00000000,34.41193442,0.00000000,0.00000000,0.00000000,1.04904488,0.00000000,0.00000000,0.00000000,14.46706587,0.00000000,0.00000000,0.00000000,0.00000000,0.00000000,9.45682098,0.00000000,0.00000000,0.00000000,2.92915561,0.00000000,5.32374772,0.00000000,0.00000000,0.00000000,0.08810151,0.00000000,7.86443306,0.00000000,0.00000000,0.00000000,0.00000000,0.00000000,0.00000000,0.00000000,16.08707267,0.00000000,0.00000000,0.00000000,0.00000000,0.00000000,0.00000000,0.00000000,22.04151360,0.00000000,30.46768842,0.00000000,0.00000000,0.00000000,0.00000000,0.00000000,14.53780251,0.00000000,0.00000000,0.00000000,0.00000000,0.00000000,0.00000000,0.00000000,0.00000000,0.00000000,0.00000000,0.00000000,0.00000000,0.00000000,0.00000000,0.00000000,0.00000000,0.00000000,0.00000000,0.00000000,0.00000000,0.00000000,0.00000000,0.00000000,0.00000000,0.00000000,0.00000000,0.00000000,0.00000000,0.00000000,0.00000000,0.00000000,0.00000000,0.00000000,0.00000000,0.00000000,0.00000000,0.00000000,0.00000000,0.00000000,0.00000000,0.00000000,0.00000000,0.00000000,0.00000000,0.00000000,1.26519463,0.00000000,0.00000000,0.00000000,0.00000000,0.00000000,0.00000000,0.00000000,0.00000000,0.00000000,0.00000000,0.00000000,0.00000000,0.00000000,0.00000000,0.00000000,0.00000000,0.00000000,0.00000000,0.00000000,0.00000000,0.00000000,0.00000000,0.00000000,0.00000000,0.00000000,0.00000000,0.00000000,0.00000000,0.00000000,0.00000000,0.00000000,0.00000000,0.00000000,0.00000000,0.00000000,0.00000000,0.00000000,0.00000000,0.00000000,0.00000000,0.00000000,0.00000000,0.00000000,0.00000000,0.00000000,0.00000000,0.00000000,0.00000000,2.32103989,0.00000000,0.00000000,0.00000000,1.91752613,0.00000000,8.35065389,0.00000000,26.89007146,2.49814189,0.00000000
0.00000000,0.00000000,0.00000000,0.00000000,0.00000000,0.00000000,0.00000000,0.00000000,0.00000000,0.00000000,0.00000000,0.00000000,0.00000000,0.00000000,0.00000000,0.00000000,0.00000000,0.00000000,0.00000000,0.00000000,0.00000000,0.00000000,0.00000000,0.00000000,0.00000000,0.00000000,0.00000000,0.00000000,0.00000000,0.00000000,0.00000000,0.00000000,0.00000000,0.00000000,0.00000000,0.00000000,0.00000000,0.00000000,0.00000000,0.00000000,0.00000000,0.00000000,0.00000000,0.00000000,0.00000000,0.00000000,0.00000000,0.00000000,0.00000000,0.00000000,0.00000000,0.00000000,0.00000000,0.00000000,0.00000000,0.00000000,0.00000000,0.00000000,0.00000000,0.00000000,0.00000000,0.00000000,0.00000000,0.00000000,0.00000000,0.00000000,0.00000000,0.00000000,45.40926465,0.00000000,0.00000000,0.00000000,0.00000000,0.00000000,0.00000000,0.00000000,0.00000000,0.00000000,0.00000000,0.00000000,0.00000000,0.00000000,0.00000000,0.00000000,0.00000000,0.00000000,0.00000000,0.00000000,0.00000000,0.00000000,0.00000000,0.00000000,13.11863647,0.00000000,0.00000000,0.00000000,2.83328979,0.00000000,0.00000000,0.00000000,0.00000000,0.00000000,99.78848995,0.00000000,19.89058368,0.00000000,5.41928894,0.00000000,11.18888798,0.00000000,0.00000000,0.00000000,11.23929371,0.00000000,22.97044092,0.00000000,6.26503498,0.00000000,18.47888597,0.00000000,0.00000000,0.00000000,0.00000000,0.00000000,0.00000000,0.00000000,0.00000000,0.00000000,0.00000000,0.00000000,0.00000000,0.00000000,0.00000000,0.00000000,0.00000000,0.00000000,0.00000000,0.00000000,0.00000000,0.00000000,0.00000000,0.00000000,0.00000000,0.00000000,0.00000000,0.00000000,0.00000000,0.00000000,0.00000000,0.00000000,1.05484462,0.00000000,0.00000000,0.00000000,0.00000000,0.00000000,0.00000000,0.00000000,0.00000000,0.00000000,0.00000000,0.00000000,0.00000000,0.00000000,0.00000000,0.00000000,0.00000000,0.00000000,0.00000000,0.00000000,0.00000000,0.00000000,0.00000000,0.00000000,0.00000000,0.00000000,0.00000000,0.00000000,0.00000000,0.00000000,8.60109097,0.00000000,0.00000000,0.00000000,0.00000000,0.00000000,0.00000000,0.00000000,0.00000000,0.00000000,0.00000000,0.00000000,0.00000000,0.00000000,7.97312826,0.00000000,0.00000000,0.00000000,0.00000000,0.00000000,0.00000000,0.00000000,0.00000000,0.00000000,0.00000000,0.00000000,0.00000000,0.00000000,0.00000000,0.00000000,0.00000000,0.00000000,0.00000000,0.00000000,0.00000000,31.87906494,0.83402805,0.00000000,0.00000000,0.00000000,0.00000000,0.00000000,0.00000000,0.00000000,0.00000000
0.00000000,0.00000000,0.00000000,0.00000000,0.00000000,0.00000000,0.00000000,0.00000000,0.00000000,0.00000000,0.00000000,2.60627233,0.00000000,0.00000000,0.00000000,0.00000000,0.00000000,0.00000000,0.00000000,0.00000000,0.00000000,0.00000000,0.00000000,0.00000000,0.00000000,0.00000000,0.00000000,0.00000000,0.00000000,0.00000000,0.00000000,0.00000000,0.00000000,0.00000000,0.00000000,0.00000000,0.00000000,0.00000000,0.00000000,0.00000000,0.00000000,0.00000000,0.00000000,0.00000000,0.00000000,0.00000000,0.00000000,0.00000000,0.00000000,0.00000000,0.00000000,0.00000000,0.00000000,0.00000000,0.00000000,0.00000000,0.00000000,0.00000000,0.00000000,0.00000000,0.00000000,0.00000000,0.00000000,0.00000000,0.00000000,0.00000000,0.00000000,0.00000000,0.00000000,4.48334185,0.00000000,0.00000000,0.00000000,0.00000000,0.00000000,0.00000000,0.00000000,0.00000000,0.00000000,0.00000000,0.00000000,0.00000000,0.00000000,0.00000000,0.00000000,0.00000000,0.00000000,0.00000000,0.00000000,0.00000000,0.00000000,0.00000000,0.00000000,6.49321777,0.00000000,0.00000000,0.00000000,0.00000000,0.00000000,0.00000000,0.00000000,0.00000000,0.00000000,10.58706669,0.00000000,0.00000000,0.00000000,7.08601297,0.00000000,22.04151360,0.00000000,0.00000000,0.00000000,23.00439926,0.00000000,9.32819413,0.00000000,0.00000000,0.00000000,30.78501020,0.00000000,0.00000000,0.00000000,0.00000000,0.00000000,0.00000000,0.00000000,0.00000000,0.00000000,0.00000000,0.00000000,0.00000000,0.00000000,0.00000000,0.00000000,0.00000000,0.00000000,0.00000000,0.00000000,0.00000000,0.00000000,0.00000000,0.00000000,0.00000000,0.00000000,0.00000000,0.00000000,0.00000000,0.00000000,0.00000000,0.00000000,1.97762073,0.00000000,0.00000000,0.00000000,0.00000000,0.00000000,0.00000000,0.00000000,0.00000000,0.00000000,0.00000000,0.00000000,0.00000000,0.00000000,0.00000000,0.00000000,0.00000000,0.00000000,0.00000000,0.00000000,0.00000000,0.00000000,0.00000000,0.00000000,0.00000000,0.00000000,0.00000000,0.00000000,0.00000000,9.07745396,38.32146147,0.00000000,0.00000000,0.00000000,0.00000000,0.00000000,0.00000000,0.00000000,0.00000000,0.00000000,0.00000000,0.00000000,0.00000000,0.00000000,0.53222340,0.00000000,0.00000000,0.00000000,0.00000000,0.00000000,0.00000000,0.00000000,0.00000000,0.00000000,0.00000000,0.00000000,0.00000000,0.00000000,0.00000000,0.00000000,0.00000000,0.00000000,0.00000000,0.27025126,0.00000000,0.00000000,0.00000000,0.00000000,0.00000000,0.00000000,0.00000000,49.16440016,0.00000000,0.00000000
0.00000000,0.00000000,0.00000000,0.00000000,0.00000000,0.00000000,0.00000000,0.00000000,0.00000000,0.00000000,0.00000000,0.00000000,0.00000000,0.00000000,0.00000000,0.00000000,0.00000000,0.00000000,0.00000000,0.00000000,0.00000000,0.00000000,0.00000000,0.00000000,0.00000000,0.00000000,0.00000000,0.00000000,0.00000000,0.00000000,0.00000000,0.00000000,0.00000000,0.00000000,0.00000000,0.00000000,0.00000000,0.00000000,0.00000000,0.00000000,0.00000000,0.00000000,0.00000000,0.00000000,0.00000000,0.00000000,0.00000000,0.00000000,0.00000000,0.00000000,0.00000000,0.00000000,0.00000000,0.00000000,0.00000000,0.00000000,0.00000000,0.00000000,0.00000000,0.00000000,0.00000000,0.00000000,0.00000000,0.00000000,0.00000000,0.00000000,0.00000000,0.00000000,3.18995427,0.00000000,0.00000000,0.00000000,0.00000000,0.00000000,0.00000000,0.00000000,0.00000000,0.00000000,0.00000000,0.00000000,0.00000000,0.00000000,0.33760583,0.00000000,0.00000000,0.00000000,0.00000000,0.00000000,0.00000000,0.00000000,3.42184937,0.00000000,0.00000000,0.00000000,0.00000000,0.00000000,0.00000000,0.00000000,0.00000000,0.00000000,0.00000000,0.00000000,57.11829479,0.00000000,13.58403184,0.00000000,4.48686569,0.00000000,24.31720010,0.00000000,11.23929371,0.00000000,0.00000000,0.00000000,2.36574418,0.00000000,0.00000000,0.00000000,11.93214818,0.00000000,0.00000000,0.00000000,0.00000000,0.00000000,0.00000000,0.00000000,0.00000000,0.00000000,0.00000000,0.00000000,0.00000000,0.00000000,0.00000000,0.00000000,0.00000000,0.00000000,0.00000000,0.00000000,0.00000000,0.00000000,0.00000000,0.00000000,0.00000000,0.00000000,0.00000000,0.00000000,0.00000000,0.00000000,0.00000000,0.00000000,0.00000000,0.00000000,0.00000000,0.00000000,0.00000000,0.00000000,0.00000000,0.00000000,0.00000000,0.00000000,0.00000000,0.00000000,0.00000000,0.00000000,0.00000000,0.00000000,0.00000000,0.00000000,0.00000000,0.00000000,0.00000000,0.00000000,0.00000000,0.00000000,0.00000000,0.00000000,0.00000000,0.00000000,0.00000000,0.00000000,15.41296317,1.85967479,0.00000000,0.00000000,0.00000000,0.00000000,0.00000000,0.00000000,0.00000000,0.00000000,0.00000000,0.00000000,0.00000000,0.00000000,54.56104002,0.00000000,16.45704211,0.00000000,0.00000000,0.00000000,0.00000000,0.00000000,0.00000000,0.00000000,0.00000000,0.00000000,0.00000000,0.00000000,0.00000000,0.00000000,0.00000000,0.00000000,0.00000000,0.00000000,0.00000000,13.95846446,0.00000000,0.00000000,0.00000000,0.00000000,0.00000000,0.00000000,0.00000000,0.00000000,0.00000000
0.00000000,0.00000000,0.00000000,0.00000000,0.00000000,0.00000000,0.00000000,0.00000000,0.00000000,0.00000000,0.00000000,0.00000000,0.00000000,0.00000000,0.00000000,0.00000000,0.00000000,0.00000000,0.00000000,0.00000000,0.00000000,0.00000000,0.00000000,0.00000000,0.00000000,0.00000000,0.00000000,0.00000000,0.00000000,0.00000000,0.00000000,0.00000000,0.00000000,0.00000000,0.00000000,0.00000000,0.00000000,0.00000000,0.00000000,0.00000000,0.00000000,0.00000000,0.00000000,0.00000000,0.00000000,0.00000000,0.00000000,0.00000000,0.00000000,0.00000000,0.00000000,0.00000000,0.00000000,0.00000000,0.00000000,0.00000000,0.00000000,0.00000000,0.00000000,0.00000000,0.00000000,0.00000000,0.00000000,0.00000000,0.00000000,0.00000000,0.00000000,0.00000000,0.00000000,4.71698975,0.00000000,0.00000000,0.00000000,0.00000000,0.00000000,0.00000000,0.00000000,0.00000000,0.00000000,0.00000000,0.00000000,0.00000000,0.00000000,0.00000000,0.00000000,0.00000000,0.00000000,0.00000000,0.00000000,0.00000000,0.00000000,0.00000000,0.00000000,4.73135881,0.00000000,0.00000000,0.00000000,0.00000000,0.00000000,0.35780606,0.00000000,0.00000000,0.00000000,79.20763503,0.00000000,13.30812420,0.00000000,3.45027298,0.00000000,30.46768842,0.00000000,23.00439926,0.00000000,0.00000000,0.00000000,5.26350024,0.00000000,2.57221702,0.00000000,1.56091999,0.00000000,0.00000000,0.00000000,0.00000000,0.00000000,0.00000000,0.00000000,0.00000000,0.00000000,0.00000000,0.00000000,0.00000000,0.00000000,0.00000000,0.00000000,0.00000000,0.00000000,0.00000000,0.00000000,0.00000000,0.00000000,0.00000000,0.00000000,0.00000000,0.00000000,0.00000000,0.00000000,0.00000000,0.00000000,0.00000000,0.00000000,42.69179583,0.00000000,0.00000000,0.00000000,0.00000000,0.00000000,0.00000000,0.00000000,0.00000000,0.00000000,0.00000000,0.00000000,0.00000000,0.00000000,1.14175634,0.00000000,0.00000000,0.00000000,0.00000000,0.00000000,0.00000000,0.00000000,0.00000000,0.00000000,0.00000000,0.00000000,0.00000000,0.00000000,0.00000000,3.19354228,32.19755724,0.00000000,0.00000000,0.00000000,0.00000000,0.00000000,1.02922001,0.00000000,0.00000000,0.00000000,0.00000000,0.00000000,0.00000000,0.00000000,15.21205136,0.00000000,44.79131675,0.00000000,0.00000000,0.00000000,0.00000000,0.00000000,0.00000000,0.00000000,0.00000000,3.25034563,0.00000000,0.00000000,0.00000000,0.00000000,0.00000000,0.00000000,0.00000000,0.00000000,0.00000000,0.00000000,0.00000000,20.08341428,0.00000000,0.00000000,0.00000000,77.87260137,0.00000000,0.00000000
0.00000000,0.00000000,0.00000000,0.00000000,0.00000000,0.00000000,0.00000000,0.00000000,0.00000000,0.00000000,0.00000000,0.00000000,0.00000000,0.00000000,0.00000000,0.00000000,0.00000000,0.00000000,0.00000000,0.00000000,0.00000000,0.00000000,0.00000000,0.00000000,0.00000000,0.00000000,0.00000000,0.00000000,0.00000000,0.00000000,0.00000000,0.00000000,0.00000000,0.00000000,0.00000000,0.00000000,0.00000000,0.00000000,0.00000000,0.00000000,0.00000000,0.00000000,0.00000000,0.00000000,0.00000000,0.00000000,0.00000000,0.00000000,0.00000000,0.00000000,0.00000000,0.00000000,0.00000000,0.00000000,0.00000000,0.00000000,0.00000000,0.00000000,0.00000000,0.00000000,0.00000000,0.00000000,0.00000000,0.00000000,0.00000000,0.00000000,0.00000000,0.00000000,0.00000000,0.00000000,0.00000000,0.00000000,0.00000000,0.00000000,0.00000000,0.00000000,9.44977297,0.00000000,0.00000000,0.00000000,0.00000000,0.00000000,11.03986150,0.00000000,0.00000000,0.00000000,0.00000000,0.00000000,0.00000000,0.00000000,0.00000000,0.00000000,1.54589057,0.00000000,1.88649333,0.00000000,0.00000000,0.00000000,0.00000000,0.00000000,0.00000000,0.00000000,15.58560366,0.00000000,0.00000000,0.00000000,0.00000000,0.00000000,0.00000000,0.00000000,22.97044092,0.00000000,2.36574418,0.00000000,0.00000000,0.00000000,0.00000000,0.00000000,26.60341716,0.00000000,0.00000000,0.00000000,0.00000000,0.00000000,0.00000000,0.00000000,0.00000000,0.00000000,0.00000000,0.00000000,0.00000000,0.00000000,0.00000000,0.00000000,0.00000000,0.00000000,0.00000000,0.00000000,0.00000000,0.00000000,0.00000000,0.00000000,0.00000000,0.00000000,0.00000000,0.00000000,0.00000000,0.00000000,0.00000000,0.00000000,0.00000000,0.00000000,0.00000000,0.00000000,0.00000000,0.00000000,0.00000000,0.00000000,0.00000000,0.00000000,0.00000000,0.00000000,0.00000000,0.00000000,0.00000000,0.00000000,0.00000000,0.00000000,0.00000000,0.00000000,0.00000000,0.00000000,0.00000000,0.00000000,0.00000000,0.00000000,0.00000000,0.00000000,0.00000000,0.00000000,34.06592811,0.00000000,0.00000000,0.00000000,0.00000000,0.00000000,0.00000000,0.00000000,0.00000000,0.00000000,0.00000000,0.00000000,0.00000000,2.00203352,1.54781564,0.00000000,0.00000000,0.00000000,0.00000000,0.00000000,0.00000000,0.00000000,0.00000000,0.00000000,0.00000000,0.00000000,0.00000000,0.68774675,0.00000000,0.00000000,0.00000000,0.00000000,0.00000000,0.00000000,0.00000000,135.07334392,0.00000000,0.00000000,0.00000000,0.00000000,0.00000000,0.00000000,0.00000000,0.00000000,0.00000000
0.00000000,0.00000000,0.00000000,0.00000000,0.00000000,0.00000000,0.00000000,0.00000000,0.00000000,0.00000000,0.00000000,0.00000000,0.00000000,0.00000000,0.00000000,0.00000000,0.00000000,0.00000000,0.00000000,0.00000000,0.00000000,0.00000000,0.00000000,0.00000000,0.00000000,0.00000000,0.00000000,0.00000000,0.00000000,0.00000000,0.00000000,0.00000000,0.00000000,0.00000000,0.00000000,0.00000000,0.00000000,0.00000000,0.00000000,0.00000000,0.00000000,0.00000000,0.00000000,0.00000000,0.00000000,0.00000000,0.00000000,0.00000000,0.00000000,0.00000000,0.00000000,0.00000000,0.00000000,0.00000000,0.00000000,0.00000000,0.00000000,0.00000000,0.00000000,0.00000000,0.00000000,0.00000000,0.00000000,0.00000000,0.00000000,0.00000000,0.00000000,0.00000000,0.00000000,0.00000000,0.00000000,0.00000000,0.00000000,0.00000000,0.00000000,0.00000000,0.00000000,2.28555407,0.00000000,0.00000000,0.00000000,0.00000000,0.00000000,0.00000000,0.00000000,0.00000000,0.00000000,0.00000000,0.00000000,0.00000000,0.00000000,0.00000000,0.00000000,0.00000000,0.00000000,7.80995671,0.00000000,0.00000000,0.00000000,0.00000000,0.00000000,0.85523923,0.00000000,26.96956236,0.00000000,0.00000000,0.00000000,0.00000000,0.00000000,0.00000000,0.00000000,9.32819413,0.00000000,5.26350024,0.00000000,0.00000000,0.00000000,0.00000000,0.00000000,8.45947599,0.00000000,0.00000000,0.00000000,0.00000000,0.00000000,0.00000000,0.00000000,0.00000000,0.00000000,0.00000000,0.00000000,0.00000000,0.00000000,0.00000000,0.00000000,0.00000000,0.00000000,0.00000000,0.00000000,0.00000000,0.00000000,0.00000000,0.00000000,0.00000000,0.00000000,0.00000000,0.00000000,0.00000000,0.00000000,0.00000000,0.00000000,0.00000000,0.00000000,0.00000000,0.00000000,0.00000000,0.00000000,0.00000000,0.00000000,0.00000000,0.00000000,0.00000000,0.00000000,0.00000000,0.00000000,0.00000000,0.00000000,0.00000000,0.00000000,0.00000000,0.00000000,0.00000000,0.00000000,0.00000000,0.00000000,0.00000000,0.00000000,0.00000000,0.00000000,0.00000000,0.00000000,0.00000000,0.00000000,0.00000000,0.00000000,0.00000000,0.00000000,0.00000000,0.00000000,0.00000000,0.00000000,0.00000000,0.00000000,0.00000000,0.00000000,0.00000000,0.00000000,0.00000000,0.00000000,0.00000000,0.00000000,2.26233584,0.00000000,0.00000000,0.00000000,0.00000000,0.00000000,0.00000000,0.00000000,0.00000000,0.00000000,0.00000000,0.00000000,0.00000000,2.88375922,0.00000000,0.00000000,0.00000000,0.00000000,0.00000000,0.00000000,0.00000000,41.89679385,0.00000000,0.00000000
0.00000000,0.00000000,0.00000000,0.00000000,0.00000000,0.00000000,0.00000000,0.00000000,0.00000000,0.00000000,0.00000000,0.00000000,0.00000000,0.00000000,0.00000000,0.00000000,0.00000000,0.00000000,0.00000000,0.00000000,0.00000000,0.00000000,0.00000000,0.00000000,0.00000000,0.00000000,0.00000000,0.00000000,0.00000000,0.00000000,0.00000000,0.00000000,0.00000000,0.00000000,0.00000000,0.00000000,0.00000000,0.00000000,0.00000000,0.00000000,0.00000000,0.00000000,0.00000000,0.00000000,0.00000000,0.00000000,0.00000000,0.00000000,1.61500710,0.00000000,0.00000000,0.00000000,0.00000000,0.00000000,0.00000000,0.00000000,0.00000000,0.00000000,0.00000000,0.00000000,0.00000000,0.00000000,0.00000000,0.00000000,0.00000000,0.00000000,0.00000000,0.00000000,3.94825023,0.00000000,0.00000000,0.00000000,0.00000000,0.00000000,0.00000000,0.00000000,20.01911386,0.00000000,1.74721801,0.00000000,0.00000000,0.00000000,6.64415458,0.00000000,0.00000000,0.00000000,0.00000000,0.00000000,0.00000000,0.00000000,0.00000000,0.00000000,16.59791219,0.00000000,0.00000000,0.00000000,0.00000000,0.00000000,0.00000000,0.00000000,0.50740872,0.00000000,25.29001382,0.00000000,0.00000000,0.00000000,0.00000000,0.00000000,4.33730055,0.00000000,6.26503498,0.00000000,0.00000000,0.00000000,0.00000000,0.00000000,0.00000000,0.00000000,0.00000000,0.00000000,0.00000000,0.00000000,0.00000000,0.00000000,0.00000000,0.00000000,0.00000000,0.00000000,0.00000000,0.00000000,0.00000000,0.00000000,0.00000000,0.00000000,0.00000000,0.00000000,0.00000000,0.00000000,0.00000000,0.00000000,0.00000000,0.00000000,0.00000000,0.00000000,0.00000000,0.00000000,0.00000000,0.00000000,0.00000000,0.00000000,0.00000000,0.00000000,0.00000000,0.00000000,0.00000000,0.00000000,0.00000000,0.00000000,0.91097048,0.00000000,0.00000000,0.00000000,0.00000000,0.00000000,0.00000000,0.00000000,0.00000000,0.00000000,9.79040768,0.00000000,0.00000000,0.00000000,0.00000000,0.00000000,0.00000000,0.00000000,0.00000000,0.00000000,0.00000000,0.00000000,0.00000000,0.00000000,0.00000000,0.00000000,0.00000000,0.00000000,0.00000000,0.00000000,0.00000000,0.00000000,0.00000000,0.00000000,0.00000000,0.00000000,0.00000000,0.00000000,0.00000000,0.00000000,0.00000000,0.00000000,0.00000000,0.00000000,0.00000000,0.00000000,0.00000000,0.00000000,0.00000000,0.00000000,0.00000000,0.00000000,0.00000000,1.32026675,15.77360675,0.00000000,0.00000000,0.00000000,0.00000000,0.00000000,0.00000000,0.00000000,0.00000000,0.00000000,0.00000000,0.00000000,0.00000000
0.00000000,0.00000000,0.00000000,0.00000000,0.00000000,0.00000000,0.00000000,0.00000000,0.00000000,0.00000000,0.00000000,0.00000000,0.00000000,0.00000000,0.00000000,0.00000000,0.00000000,0.00000000,0.00000000,0.00000000,0.00000000,0.00000000,0.00000000,0.00000000,0.00000000,0.00000000,0.00000000,0.00000000,0.00000000,0.00000000,0.00000000,0.00000000,0.00000000,0.00000000,0.00000000,0.00000000,0.00000000,0.00000000,0.00000000,0.00000000,0.00000000,0.95318597,0.00000000,0.00000000,0.00000000,1.74537288,0.00000000,0.00000000,0.00000000,0.00000000,0.00000000,1.09178290,0.00000000,0.00000000,0.00000000,0.00000000,0.00000000,0.00000000,0.00000000,0.00000000,0.00000000,0.00000000,0.00000000,0.00000000,0.00000000,0.00000000,0.00000000,0.00000000,0.00000000,8.11978657,0.00000000,0.00000000,0.00000000,0.00000000,0.00000000,0.00000000,0.00000000,1.95015804,0.00000000,0.00000000,0.00000000,0.00000000,0.00000000,21.86116128,0.00000000,0.00000000,0.00000000,6.22721377,0.00000000,0.00000000,0.00000000,0.00000000,0.00000000,4.46023435,0.00000000,1.62910004,0.00000000,0.00000000,0.00000000,0.00000000,0.00000000,0.09805742,0.00000000,14.21556320,0.00000000,0.00000000,0.00000000,3.74798894,0.00000000,0.00000000,0.00000000,0.00000000,0.00000000,2.57221702,0.00000000,0.00000000,0.00000000,0.00000000,0.00000000,0.00000000,0.00000000,0.00000000,0.00000000,0.00000000,0.00000000,0.00000000,0.00000000,0.00000000,0.00000000,0.00000000,0.00000000,0.00000000,0.00000000,0.00000000,0.00000000,0.00000000,0.00000000,0.00000000,0.00000000,0.00000000,0.00000000,0.00000000,0.00000000,0.00000000,0.00000000,0.00000000,0.00000000,0.00000000,0.00000000,0.00000000,0.00000000,0.00000000,0.00000000,0.00000000,0.00000000,0.00000000,0.00000000,0.00000000,0.00000000,0.00000000,0.00000000,0.00000000,0.00000000,0.00000000,0.00000000,5.82452578,0.00000000,0.00000000,0.00000000,7.70111368,0.00000000,0.00000000,0.00000000,0.00000000,0.00000000,0.00000000,0.00000000,0.00000000,0.00000000,0.00000000,0.00000000,0.00000000,0.00000000,0.00000000,0.00000000,0.00000000,0.00000000,0.00000000,0.00000000,2.77760162,0.00000000,0.00000000,0.00000000,0.00000000,0.00000000,0.00000000,0.00000000,0.00000000,0.00000000,0.00000000,0.00000000,0.00000000,0.00000000,0.00000000,0.00000000,0.00000000,0.00000000,0.00000000,0.00000000,0.00000000,0.00000000,0.00000000,0.00000000,0.00000000,0.00000000,0.00000000,0.00000000,0.00000000,0.00000000,0.00000000,3.42717689,0.00000000,17.55520047,2.80812736,0.00000000
0.00000000,0.00000000,0.00000000,0.00000000,0.00000000,0.00000000,0.00000000,0.00000000,0.00000000,0.00000000,0.00000000,0.00000000,0.00000000,0.00000000,0.00000000,0.00000000,0.00000000,0.00000000,0.00000000,0.00000000,0.00000000,0.00000000,0.00000000,0.00000000,0.00000000,0.00000000,0.00000000,0.00000000,0.00000000,0.00000000,0.00000000,0.00000000,0.00000000,0.00000000,0.00000000,0.00000000,0.00000000,0.00000000,0.00000000,0.00000000,0.00000000,0.00000000,0.00000000,0.00000000,5.62260538,0.00000000,0.00000000,0.00000000,0.00000000,0.00000000,0.00000000,0.00000000,0.00000000,0.00000000,0.00000000,0.00000000,0.00000000,0.00000000,0.00000000,0.00000000,0.00000000,0.00000000,0.00000000,0.00000000,0.00000000,0.00000000,0.00000000,0.00000000,0.00000000,0.00000000,0.00000000,0.00000000,0.00000000,0.00000000,0.00000000,0.00000000,0.00000000,0.00000000,0.00000000,0.00000000,0.00000000,0.00000000,0.00000000,0.00000000,0.00000000,0.00000000,0.00000000,0.00000000,0.00000000,0.00000000,0.00000000,0.00000000,0.00000000,0.00000000,0.00000000,0.00000000,0.00000000,0.00000000,0.00000000,0.00000000,0.00000000,0.00000000,19.65771748,0.00000000,2.97507107,0.00000000,15.51526715,0.00000000,0.00000000,0.00000000,18.47888597,0.00000000,11.93214818,0.00000000,26.60341716,0.00000000,0.00000000,0.00000000,0.00000000,0.00000000,0.00000000,0.00000000,0.00000000,0.00000000,0.00000000,0.00000000,0.00000000,0.00000000,0.00000000,0.00000000,0.00000000,0.00000000,0.00000000,0.00000000,0.00000000,0.00000000,0.00000000,0.00000000,0.00000000,0.00000000,0.00000000,0.00000000,0.00000000,0.00000000,0.00000000,0.00000000,4.13547663,0.00000000,0.00000000,0.00000000,21.68829149,1.00924955,15.35710766,0.00000000,0.00000000,0.00000000,0.00000000,0.00000000,0.00000000,0.00000000,0.00000000,0.00000000,0.00000000,0.00000000,0.00000000,0.00000000,0.00000000,0.00000000,0.00000000,0.00000000,0.00000000,0.00000000,0.00000000,0.00000000,4.54618772,0.00000000,0.00000000,0.00000000,0.00000000,0.00000000,94.11235819,0.00000000,0.00000000,0.00000000,0.00000000,0.00000000,0.00000000,0.00000000,0.00000000,0.00000000,9.02528541,0.00000000,0.00000000,0.00000000,55.30786037,0.00000000,22.13294019,4.63632148,0.00000000,0.00000000,0.00000000,0.00000000,0.00000000,0.00000000,0.00000000,0.00000000,0.00000000,0.00000000,4.03138986,0.00000000,4.80750421,0.16996360,0.00000000,0.00000000,0.00000000,36.09364214,0.00000000,0.00000000,0.00000000,0.00000000,0.00000000,0.00000000,0.00000000,0.00000000,0.00000000
0.00000000,0.00000000,0.00000000,0.00000000,0.00000000,0.00000000,0.00000000,0.00000000,0.00000000,0.00000000,0.00000000,0.00000000,0.00000000,0.00000000,0.00000000,0.00000000,0.00000000,0.00000000,0.00000000,0.00000000,0.00000000,0.00000000,0.00000000,0.00000000,0.00000000,0.00000000,0.00000000,0.00000000,0.00000000,0.00000000,0.00000000,0.00000000,0.00000000,0.00000000,0.00000000,0.00000000,0.00000000,0.00000000,0.00000000,0.00000000,0.00000000,0.00000000,0.00000000,0.00000000,0.00000000,0.00000000,0.00000000,0.00000000,0.00000000,0.00000000,0.00000000,0.00000000,0.00000000,0.00000000,0.00000000,0.00000000,0.00000000,0.00000000,0.00000000,0.00000000,0.00000000,0.00000000,0.00000000,0.00000000,0.00000000,0.00000000,0.00000000,0.00000000,0.00000000,0.00000000,0.00000000,0.00000000,0.00000000,0.00000000,0.00000000,0.00000000,0.00000000,0.00000000,0.00000000,0.00000000,0.00000000,0.00000000,0.00000000,0.00000000,0.00000000,0.00000000,0.00000000,0.00000000,0.00000000,0.00000000,0.00000000,0.00000000,0.00000000,0.00000000,0.00000000,0.00000000,0.00000000,0.00000000,0.00000000,0.00000000,0.00000000,0.00000000,0.00000000,4.36530819,0.00000000,28.73518014,0.00000000,22.59976951,0.00000000,14.53780251,0.00000000,30.78501020,0.00000000,1.56091999,0.00000000,8.45947599,0.00000000,0.00000000,0.00000000,0.00000000,0.00000000,0.00000000,0.00000000,0.00000000,0.00000000,0.00000000,0.00000000,0.00000000,0.00000000,0.00000000,0.00000000,0.00000000,0.00000000,0.00000000,0.00000000,0.00000000,0.00000000,0.00000000,0.00000000,0.00000000,0.00000000,0.00000000,0.00000000,0.00000000,0.00000000,0.00000000,0.00000000,0.00000000,0.00000000,0.00000000,0.00000000,97.45356418,0.00000000,10.13189342,0.00000000,0.00000000,0.00000000,0.00000000,0.00000000,0.00000000,0.00000000,0.00000000,0.00000000,0.00000000,0.00000000,0.00000000,0.00000000,0.00000000,0.00000000,0.00000000,0.00000000,0.00000000,0.00000000,0.00000000,0.00000000,0.00000000,0.00000000,0.00000000,0.00000000,0.00000000,0.00000000,27.87061392,0.00000000,0.00000000,0.00000000,0.00000000,0.00000000,0.00000000,0.00000000,0.00000000,0.00000000,7.71110183,0.00000000,0.00000000,0.00000000,29.58095550,0.00000000,18.73949013,0.00000000,0.00000000,0.00000000,0.00000000,0.00000000,0.00000000,0.00000000,0.00000000,0.00000000,0.00000000,0.00000000,0.00000000,0.00000000,0.00000000,0.00000000,0.00000000,0.00000000,0.00000000,0.00000000,0.00000000,1.51991299,0.00000000,0.00000000,0.00000000,7.89685135,0.00000000,0.00000000
0.00000000,0.00000000,0.00000000,0.00000000,0.00000000,0.00000000,0.00000000,0.00000000,0.00000000,0.00000000,0.00000000,0.00000000,0.00000000,0.00000000,0.00000000,0.00000000,108.46930196,0.00000000,0.00000000,0.00000000,58.41872220,0.00000000,0.90726906,0.00000000,0.00000000,0.00000000,15.10249942,0.00000000,52.44530171,0.00000000,0.00000000,0.00000000,16.11890511,0.00000000,1.68451867,0.00000000,26.05856752,0.00000000,0.00000000,0.00000000,0.00000000,0.00000000,8.86173089,0.00000000,79.37648716,0.00000000,0.00000000,0.00000000,0.00000000,0.00000000,27.36871735,0.00000000,5.24295221,0.00000000,0.00000000,0.00000000,0.00000000,0.00000000,0.00000000,0.00000000,3.66828686,0.00000000,14.52574447,0.00000000,0.00000000,0.00000000,0.00000000,0.00000000,0.00000000,0.00000000,30.09079965,0.00000000,36.10584160,0.00000000,82.57520942,0.00000000,0.00115925,0.00000000,104.56553436,0.00000000,44.66571240,0.00000000,11.15173326,0.00000000,46.95900048,0.00000000,84.27277008,0.00000000,0.00000000,0.00000000,0.00000000,0.00000000,0.00000000,0.00000000,17.25581767,0.00000000,0.00000000,0.00000000,19.75152075,0.00000000,0.00000000,0.00000000,0.00000000,0.00000000,0.00000000,0.00000000,1.20336082,0.00000000,0.00000000,0.00000000,0.00000000,0.00000000,0.00000000,0.00000000,0.00000000,0.00000000,0.00000000,0.00000000,0.00000000,0.00000000,0.00000000,0.00000000,42.29644405,0.00000000,0.00000000,0.00000000,0.00000000,0.00000000,8.32232647,3.51231558,4.22349030,0.00000000,0.00000000,0.00000000,4.69042344,0.00000000,5.30731937,0.00000000,15.76625820,0.00000000,114.35924019,0.00000000,110.73091518,0.00000000,20.10314247,0.71478627,0.00000000,0.00000000,5.21343482,0.00000000,8.28413550,0.00000000,6.74858758,8.18349068,0.00000000,0.00000000,0.00000000,0.00000000,3.85867455,0.00000000,0.00000000,0.00000000,2.45567124,0.00000000,0.00000000,0.00000000,0.05601731,0.00000000,2.66396117,0.00000000,9.08518794,0.00000000,0.74137735,0.00000000,2.17819739,0.00000000,0.00000000,0.00000000,0.00000000,0.00000000,0.82309461,1.98769124,0.00000000,0.00000000,6.14096088,0.00000000,0.00000000,0.00000000,0.00000000,0.00000000,0.00000000,0.00000000,0.00000000,0.00000000,0.00000000,0.00000000,0.00000000,0.00000000,0.00000000,0.00000000,12.34440847,0.00000000,0.00000000,0.00000000,0.00000000,0.00000000,0.00000000,0.00000000,6.39681599,0.00000000,6.85642577,0.00000000,11.75613935,0.00000000,0.00000000,0.00000000,0.00000000,0.00000000,0.16059395,0.00000000,5.78703821,0.00000000,0.00000000,0.00000000,0.00000000
0.00000000,0.00000000,0.00000000,0.00000000,0.00000000,0.00000000,0.00000000,0.00000000,0.00000000,0.00000000,0.00000000,0.00000000,0.00000000,0.00000000,0.00000000,0.00000000,0.00000000,0.83936849,0.00000000,0.00000000,0.00000000,45.36616520,0.00000000,19.89096358,0.00000000,0.00000000,0.00000000,0.00000000,0.00000000,0.00000000,0.00000000,0.00000000,0.00000000,0.00000000,0.00000000,11.57882045,0.00000000,9.44302512,0.00000000,0.00000000,0.00000000,0.00000000,0.00000000,18.41878340,0.00000000,18.14180284,0.00000000,0.00000000,0.00000000,0.16720521,0.00000000,19.67322821,0.00000000,0.00000000,0.00000000,0.00000000,0.00000000,0.00000000,0.00000000,0.00000000,0.00000000,0.00000000,0.00000000,0.00000000,0.00000000,0.00000000,0.00000000,0.00000000,0.00000000,0.00000000,0.00000000,0.00000000,0.00000000,7.00867874,0.00000000,42.47961766,0.00000000,6.42756130,0.00000000,7.60745727,0.00000000,86.59492667,0.00000000,8.70572074,0.00000000,48.82185640,0.00000000,129.04992003,0.00000000,0.00000000,0.00000000,0.00000000,0.00000000,0.00000000,0.00000000,0.00000000,0.00000000,0.00000000,0.00000000,0.00000000,0.00000000,0.00000000,0.00000000,0.00000000,0.00000000,0.00000000,0.00000000,0.00000000,0.00000000,0.00000000,0.00000000,0.00000000,0.00000000,0.00000000,0.00000000,0.00000000,0.00000000,0.00000000,0.00000000,0.00000000,0.00000000,0.00000000,0.00000000,20.32916842,0.00000000,0.00000000,0.00000000,0.00000000,0.00000000,0.00000000,0.00000000,2.63116848,0.00000000,3.31499807,0.00000000,49.46187335,0.00000000,46.14965375,0.00000000,2.18306890,0.00000000,112.02179068,0.00000000,166.13950190,0.00000000,19.79297095,0.00000000,0.00000000,0.00000000,0.00000000,0.00000000,2.40315072,0.00000000,5.07177557,0.00000000,0.00000000,0.00000000,2.71293379,0.00000000,0.00000000,0.00000000,0.00000000,0.00000000,14.88277769,0.00000000,0.00000000,0.00000000,0.00000000,0.00000000,0.00000000,0.00000000,9.10109588,0.00000000,0.00000000,0.00000000,0.00000000,0.00000000,0.00000000,0.00000000,0.00000000,0.00000000,0.00000000,0.00000000,0.00000000,0.00000000,0.00000000,0.00000000,0.00000000,0.00000000,0.00000000,0.00000000,0.00000000,0.00000000,0.00000000,0.00000000,0.00000000,0.00000000,0.00000000,0.00000000,0.00000000,0.00000000,18.32470869,0.00000000,0.00000000,0.00000000,0.00000000,0.00000000,0.00000000,0.00000000,0.00000000,0.00000000,0.00000000,0.00000000,0.00000000,0.00000000,0.00000000,0.00000000,0.00000000,4.99875722,0.00000000,3.82152843,0.00000000,0.00000000,0.00000000,0.00000000
0.00000000,0.00000000,0.00000000,0.00000000,0.00000000,0.00000000,0.00000000,0.00000000,0.00000000,0.00000000,0.00000000,0.00000000,0.00000000,0.00000000,0.00000000,0.00000000,33.18382052,0.00000000,0.00000000,0.00000000,0.00000000,0.00000000,0.00000000,0.00000000,0.00000000,0.00000000,0.00000000,0.00000000,2.91999874,0.00000000,0.00000000,0.00000000,0.00000000,0.00000000,0.00000000,0.00000000,0.00000000,0.00000000,0.00000000,0.00000000,0.00000000,0.00000000,0.00000000,0.00000000,0.00000000,0.00000000,0.00000000,0.00000000,0.00000000,0.00000000,0.00000000,0.00000000,0.00000000,0.00000000,0.00000000,0.00000000,0.00000000,0.00000000,0.00000000,0.00000000,0.00000000,0.00000000,0.00000000,0.00000000,0.00000000,0.00000000,0.00000000,0.00000000,0.00000000,0.00000000,2.84181833,0.00000000,4.56049471,0.00000000,40.74005063,0.00000000,0.00000000,0.00000000,16.19293425,0.00000000,50.76362679,0.00000000,0.00000000,0.07252017,79.58256525,0.00000000,76.64649844,0.00000000,0.00000000,0.00000000,0.00000000,0.00000000,0.00000000,0.00000000,17.03860666,0.00000000,0.00000000,0.00000000,8.91667155,0.00000000,0.00000000,0.00000000,0.00000000,0.00000000,0.00000000,0.00000000,0.84929154,0.00000000,0.00000000,0.00000000,0.00000000,0.00000000,0.00000000,0.00000000,0.00000000,0.00000000,0.00000000,0.00000000,0.00000000,0.00000000,42.29644405,0.00000000,0.00000000,0.00000000,0.00000000,0.00000000,1.48274282,2.08648635,9.91271208,2.23440807,0.00000000,0.00000000,0.00000000,0.00000000,0.00000000,0.00000000,61.63922469,0.00000000,8.15257943,0.00000000,99.22405056,0.00000000,251.99388801,0.00000000,7.35115861,0.00000000,0.00000000,1.24983449,0.00000000,0.00000000,0.00000000,0.00000000,1.94122874,0.00000000,0.00000000,0.00000000,0.00000000,0.00000000,0.00000000,0.00000000,0.00000000,0.00000000,0.00000000,0.00000000,0.00000000,0.00000000,0.00000000,0.00000000,2.03533065,0.00000000,0.00000000,0.00000000,0.08925751,0.00000000,11.63125894,0.00000000,0.00000000,0.00000000,0.00000000,0.00000000,0.00000000,0.00000000,0.00000000,0.00000000,1.18285039,0.00000000,0.00000000,0.00000000,0.00000000,0.00000000,0.00000000,0.00000000,0.00000000,0.00000000,0.00000000,0.00000000,0.00000000,0.00000000,0.00000000,0.00000000,0.00000000,0.00000000,0.00000000,0.00000000,0.00000000,0.00000000,0.25937864,0.00000000,0.00000000,0.00000000,0.27864233,0.55148504,0.00000000,0.00000000,0.00000000,0.00000000,0.00000000,0.00000000,0.00000000,0.00000000,0.00000000,0.00000000,0.00000000,0.00000000,0.00000000
0.00000000,0.00000000,0.00000000,0.00000000,0.00000000,0.00000000,0.00000000,0.00000000,0.00000000,0.00000000,0.00000000,0.00000000,0.00000000,0.00000000,0.00000000,0.00000000,0.00000000,0.00000000,0.00000000,0.00000000,0.00000000,0.00000000,0.00000000,6.26787626,0.00000000,0.00000000,0.00000000,0.00000000,0.00000000,0.00000000,0.00000000,0.00000000,0.00000000,0.00000000,0.00000000,0.00000000,0.00000000,13.41770527,0.00000000,0.00000000,0.00000000,0.00000000,0.00000000,0.00000000,0.00000000,9.29288642,0.00000000,0.00000000,0.00000000,0.00000000,0.00000000,0.00000000,0.00000000,0.00000000,0.00000000,0.00000000,0.00000000,0.00000000,0.00000000,0.00000000,0.00000000,0.00000000,0.00000000,0.00000000,0.00000000,0.00000000,0.00000000,0.00000000,0.00000000,0.00000000,0.00000000,5.87991001,0.00000000,4.20455048,0.00000000,22.08285258,0.00000000,4.94801289,0.00000000,22.88227754,0.00000000,19.96009684,0.00000000,0.00000000,0.00000000,7.05296199,0.00000000,52.94446792,0.83469003,0.00000000,0.00000000,0.00000000,0.00000000,0.00000000,0.00000000,0.00000000,0.00000000,0.00000000,0.00000000,0.00000000,0.00000000,0.00000000,0.00000000,0.00000000,0.00000000,0.00000000,0.00000000,0.00000000,0.00000000,0.00000000,0.00000000,0.00000000,0.00000000,0.00000000,0.00000000,0.00000000,0.00000000,0.00000000,0.00000000,0.00000000,0.00000000,20.32916842,0.00000000,0.00000000,2.44990511,0.00000000,0.00000000,0.00000000,0.00000000,3.57221000,0.00000000,0.00000000,0.00000000,0.00000000,0.00000000,27.26001362,0.00000000,21.29431367,0.00000000,0.64777483,0.00000000,47.82480335,0.00000000,77.75504626,0.00000000,10.10335314,8.10090071,11.79557200,0.00000000,13.16581806,0.00000000,6.10538852,0.00000000,8.71302818,0.00000000,0.00000000,0.00000000,0.00000000,0.00000000,0.00000000,0.00000000,0.00000000,0.00000000,3.70149458,0.00000000,0.00000000,0.00000000,0.00000000,0.00000000,0.72000158,0.00000000,6.08142203,0.00000000,5.03307682,0.00000000,12.06932994,0.00000000,0.00000000,0.00000000,0.00000000,0.00000000,13.14615200,0.00000000,0.00000000,0.00000000,0.00000000,0.00000000,0.00000000,0.00000000,0.00000000,0.00000000,0.00000000,0.00000000,0.00000000,0.00000000,0.00000000,0.00000000,0.00000000,0.00000000,9.51770726,0.00000000,0.00000000,0.00000000,0.00000000,0.00000000,0.00000000,0.00000000,0.00000000,0.00000000,0.84333602,0.00000000,0.00000000,0.00000000,0.00000000,0.00000000,0.00000000,0.00000000,0.00000000,11.75983633,0.00000000,4.26140373,1.87231263,0.00000000,0.00000000,0.00000000
0.00000000,0.00000000,24.68517089,0.00000000,5.30488034,0.00000000,13.85775734,0.00000000,68.81016245,0.00000000,0.00000000,0.00000000,0.00000000,0.00000000,0.00000000,0.00000000,0.00000000,0.00000000,0.00000000,0.00000000,0.00000000,0.00000000,0.00000000,0.00000000,0.00000000,0.00000000,0.00000000,0.00000000,0.00000000,0.00000000,0.00000000,0.00000000,0.00000000,0.00000000,0.00000000,0.00000000,0.00000000,0.00000000,0.00000000,0.00000000,0.00000000,0.00000000,0.00000000,0.00000000,0.00000000,0.00000000,0.00000000,0.00000000,0.31758862,0.00000000,0.00000000,0.00000000,5.38180482,0.00000000,0.00000000,0.00000000,16.85029336,0.00000000,54.54987380,0.00000000,0.00000000,0.00000000,0.00000000,0.00000000,11.18139105,0.00000000,5.95789673,0.00000000,0.00000000,0.00000000,0.00000000,0.00000000,0.00000000,0.36277799,11.35572189,0.00000000,0.00000000,0.00000000,0.00000000,0.00000000,0.00000000,34.79436796,0.00000000,0.00000000,0.00000000,6.50636266,0.00000000,0.00000000,0.00000000,0.00000000,0.00000000,15.09667639,0.00000000,0.00000000,0.00000000,43.77114595,0.00000000,10.51280390,5.97313134,0.00000000,9.31472643,80.93298739,0.00000000,0.00000000,0.00000000,0.00000000,0.00000000,26.24961357,0.00000000,0.00000000,0.00000000,0.00000000,0.00000000,0.00000000,0.00000000,0.00000000,0.00000000,0.00000000,0.00000000,0.00000000,0.00000000,0.00000000,0.00000000,2.44990511,0.00000000,64.02007869,22.73327125,66.84969081,92.01945311,11.74900763,33.61342221,0.00000000,29.15786344,13.17095190,56.93450142,0.41772646,40.31226024,37.20408404,55.18776549,36.16263423,32.56377822,48.69466951,3.07999196,20.74339768,1.05422496,0.00000000,8.75795223,60.60426372,74.92725794,39.87727298,2.96928470,10.09825556,13.02995595,44.90145648,1.08329164,0.00000000,0.00000000,0.00000000,3.75166888,0.00000000,4.47464634,0.00000000,14.52774008,0.00000000,0.00000000,0.00000000,0.00000000,0.00000000,0.00000000,4.09573225,0.00000000,0.00000000,0.00000000,0.00000000,10.49760338,3.12442602,0.00000000,0.00000000,0.00000000,0.00000000,0.76401060,36.94508291,0.00000000,0.00000000,0.85720175,0.00000000,0.00000000,0.00000000,0.00000000,0.00000000,0.00000000,0.00000000,0.00000000,9.24187272,0.00000000,0.00000000,0.00000000,7.97170259,0.00000000,1.23902331,0.00000000,0.00000000,0.00000000,11.00797031,0.00000000,0.00000000,0.00000000,0.00000000,27.20370996,14.86920548,36.93551901,4.97880214,0.04961332,0.00000000,87.50364845,0.00000000,0.00000000,0.00000000,0.97777337,0.00000000,2.64881471,0.00000000,0.00000000,0.00000000,0.00000000
0.00000000,0.00000000,0.00000000,0.00000000,0.00000000,0.00000000,0.00000000,24.66924604,0.00000000,21.69320487,0.00000000,0.00000000,0.00000000,0.00000000,0.00000000,0.00000000,0.00000000,0.00000000,0.00000000,0.00000000,0.00000000,0.00000000,0.00000000,0.00000000,0.00000000,0.00000000,0.00000000,0.00000000,0.00000000,0.00000000,0.00000000,0.00000000,0.00000000,0.00000000,0.00000000,0.00000000,0.00000000,0.00000000,0.00000000,0.00000000,0.00000000,0.00000000,0.00000000,0.00000000,0.00000000,0.00000000,0.00000000,0.00000000,0.24861654,0.00000000,0.00000000,0.00000000,0.00000000,0.00000000,0.00000000,0.00000000,0.00000000,0.00000000,0.00000000,8.27742190,0.00000000,0.00000000,0.00000000,0.00000000,0.00000000,0.00000000,0.00000000,2.74567000,0.00000000,0.00000000,0.00000000,14.74632607,6.84054931,4.80965180,0.00000000,33.89438855,0.00000000,0.00000000,0.00000000,0.00000000,0.00000000,0.00000000,0.00000000,0.00000000,0.00000000,1.12575017,0.00000000,0.00000000,0.00000000,0.00000000,13.44683294,0.87419198,0.00000000,0.00000000,0.00000000,7.96604753,9.16361955,0.63085150,19.60541079,0.39645826,0.00000000,0.00000000,0.00000000,0.00000000,4.83947167,0.00000000,26.42489015,0.00000000,0.00000000,0.00000000,0.00000000,0.00000000,0.00000000,0.00000000,0.00000000,0.00000000,0.00000000,0.00000000,0.00000000,0.00000000,0.00000000,0.00000000,0.00000000,0.00000000,64.02007869,0.00000000,5.04874933,15.37538307,28.66278576,16.62645913,12.09281815,105.29034901,7.69706232,85.34690774,0.00000000,0.00000000,23.53039126,21.60917670,0.00000000,58.24171422,0.05599423,33.08075065,0.00000000,8.95758738,0.00000000,0.00000000,86.30834604,27.21074301,85.14666499,10.97359460,0.00000000,3.38053202,4.04280511,0.00000000,0.00000000,0.00000000,0.00000000,0.00000000,0.00000000,16.70810300,0.00000000,38.28993875,0.00000000,56.72687580,0.00000000,0.00000000,0.00000000,0.00000000,0.00000000,24.96323406,0.00000000,1.53413023,0.00000000,0.00000000,0.52618790,5.48746736,0.00000000,0.00000000,0.00000000,0.00000000,21.56008029,2.80750385,0.00000000,0.00000000,0.00000000,0.00000000,0.00000000,0.00000000,0.00000000,0.00000000,0.00000000,0.00000000,0.00000000,0.00000000,0.00000000,0.00000000,3.07930338,0.00000000,0.00000000,0.00000000,0.00000000,0.00000000,0.00000000,0.00000000,0.00000000,0.00000000,0.00000000,0.99630618,0.00000000,18.39167881,1.11606381,0.00000000,0.00000000,0.00000000,42.69762576,0.00000000,0.00000000,0.00000000,110.39390313,0.12238205,106.23236452,0.00000000,0.00000000,1.58612870,0.00000000
2.22850348,0.00000000,52.60281671,0.00000000,10.08455219,0.00000000,17.13840753,0.00000000,29.68171736,0.00000000,0.00000000,0.00000000,1.08724071,0.00000000,0.38770342,0.00000000,0.00000000,0.00000000,0.00000000,0.00000000,0.00000000,0.00000000,3.79068238,0.00000000,3.76110118,0.00000000,0.00000000,0.00000000,0.00000000,0.00000000,0.00000000,0.00000000,0.00000000,0.00000000,0.00000000,0.00000000,0.00000000,0.00000000,0.00000000,0.00000000,0.00000000,0.00000000,0.00000000,0.00000000,0.00000000,0.00000000,0.00000000,0.00000000,0.00000000,0.00000000,0.00000000,0.00000000,0.80525574,0.00000000,0.00000000,0.00000000,28.54808854,0.00000000,55.10789221,0.00000000,0.00000000,0.00000000,0.00000000,0.00000000,0.00000000,0.00000000,0.00000000,0.00000000,0.00000000,0.00000000,3.59688391,0.00000000,0.00000000,0.00000000,0.00000000,0.00000000,0.00000000,0.00000000,0.00000000,0.00000000,0.00000000,0.00000000,0.00000000,0.00000000,0.00000000,0.00000000,0.00000000,0.00000000,0.00000000,0.60722540,0.00000000,0.00000000,0.00000000,0.00000000,0.00000000,0.00000000,0.00000000,5.29225585,0.00000000,0.00000000,0.00000000,44.04480702,0.00000000,0.00000000,14.09992677,0.00000000,2.28364368,0.00000000,0.00000000,0.00000000,0.00000000,0.00000000,0.00000000,0.00000000,0.00000000,0.00000000,0.00000000,0.00000000,0.00000000,0.00000000,0.00000000,0.00000000,1.48274282,0.00000000,22.73327125,5.04874933,0.00000000,47.25851271,104.33680248,9.54303154,35.44568855,0.00000000,63.47525842,0.00000000,287.72315252,0.00000000,81.42792885,0.00000000,32.21599294,0.00000000,19.39500227,7.32114403,4.56539544,0.00000000,0.00000000,0.00000000,28.93593904,36.25504977,24.45896951,2.80745149,56.19548856,62.92426271,17.23861126,16.90699247,0.00000000,0.00000000,0.00000000,0.00000000,0.00000000,0.00000000,0.00000000,0.00000000,0.00000000,0.00000000,0.00000000,0.00000000,0.00000000,0.00000000,5.00732612,0.00000000,0.00000000,0.00000000,0.00000000,0.00000000,2.31976199,0.00000000,0.00000000,0.00000000,0.00000000,0.00000000,70.09445676,39.92581627,0.00000000,0.00000000,0.00000000,0.00000000,0.00000000,0.00000000,0.00000000,0.00000000,0.00000000,0.00000000,0.00000000,3.32888409,0.00000000,0.00000000,5.46836577,5.31435794,25.72387498,8.08660576,1.94553315,9.49146596,0.00000000,6.96086023,0.64983157,0.00000000,29.67228666,27.02439550,184.97887160,16.37566740,0.00000000,0.00000000,0.29120430,0.00000000,4.16637481,0.00000000,0.00000000,0.00000000,0.33980170,0.00000000,0.00000000,0.00000000,0.00000000,2.61220522,0.00000000
0.00000000,4.42655695,0.00000000,0.00000000,0.00000000,0.00000000,0.00000000,6.87978697,0.00000000,21.12269726,0.00000000,0.00000000,0.00000000,0.00000000,0.00000000,0.00000000,0.00000000,0.00000000,0.00000000,0.00000000,0.00000000,0.00000000,0.00000000,0.00000000,0.00000000,0.00000000,0.00000000,0.00000000,0.00000000,0.00000000,0.00000000,0.00000000,0.00000000,0.00000000,0.00000000,0.00000000,0.00000000,0.00000000,0.00000000,0.00000000,0.00000000,0.00000000,0.00000000,0.00000000,0.00000000,0.00000000,0.00000000,0.00000000,0.00000000,0.00000000,0.00000000,0.00000000,0.00000000,0.00000000,0.00000000,0.00000000,0.00000000,0.00000000,0.00000000,0.00000000,0.00000000,0.00000000,0.00000000,3.03914861,0.00000000,0.00000000,0.00000000,0.38281797,0.00000000,0.34438714,0.00000000,1.63632915,5.46352202,0.00000000,0.00000000,75.57739190,0.00000000,0.00000000,0.81506819,0.00000000,0.00000000,18.89367918,0.00000000,0.00000000,0.00000000,15.35630384,0.00000000,0.00000000,0.00000000,0.00000000,0.00000000,14.83686188,0.00000000,0.00000000,0.00000000,0.00000000,9.39384177,21.75157880,0.00000000,0.00000000,1.29753414,4.63583767,0.00000000,0.00000000,1.33129197,0.62813255,60.15858148,19.73900828,0.00000000,0.00000000,0.00000000,0.00000000,0.00000000,0.00000000,0.00000000,0.00000000,0.00000000,0.00000000,0.00000000,0.00000000,0.00000000,0.00000000,2.08648635,0.00000000,66.84969081,15.37538307,47.25851271,0.00000000,2.12697073,20.36117460,0.00000000,19.43539244,13.77804287,69.02703850,10.49667714,56.13795952,26.12607830,129.76743576,0.00000000,84.54072987,13.68719095,82.27148582,1.50227402,17.55392066,0.00000000,0.00000000,59.06051732,35.02946730,14.10706989,12.04166176,18.89338553,181.11547959,17.60963774,18.17084896,0.00000000,0.00000000,0.00000000,0.00000000,0.00000000,35.09891813,0.00000000,11.52893768,0.00000000,0.00000000,0.00000000,0.00000000,0.00000000,0.00000000,0.00000000,13.80239608,0.00000000,0.00000000,0.00000000,0.00000000,0.00000000,4.22327642,0.00000000,0.00000000,0.00000000,0.00000000,38.12892890,59.09190422,0.00000000,0.00000000,0.00000000,4.09058539,0.00000000,0.00000000,0.00000000,0.00000000,0.00000000,0.00000000,0.00000000,4.14978261,0.00000000,4.25740066,9.57747354,8.50747404,0.00000000,0.40783219,0.00000000,8.64962028,42.07196408,12.72832768,0.00000000,0.00000000,12.13009316,0.00000000,4.40854024,88.20987461,0.00000000,0.00000000,6.65064257,0.00000000,45.63905796,0.00000000,0.00000000,0.00000000,115.70067103,0.00000000,69.00690630,0.00000000,0.00000000,5.12173529,0.00000000
0.00000000,0.00000000,5.64185864,0.00000000,0.00000000,0.00000000,5.24883616,0.00000000,0.86691794,0.00000000,0.00000000,0.00000000,0.00000000,0.00000000,0.00000000,0.00000000,0.00000000,0.00000000,0.00000000,0.00000000,0.00000000,0.00000000,0.00000000,0.00000000,26.74327094,0.00000000,0.00000000,0.00000000,0.00000000,0.00000000,0.00000000,0.00000000,0.00000000,0.00000000,0.00000000,0.00000000,0.00000000,0.00000000,0.00000000,0.00000000,0.00000000,0.00000000,0.00000000,0.00000000,0.00000000,0.00000000,0.00000000,0.00000000,5.81275452,0.00000000,0.00000000,0.00000000,78.34442556,0.00000000,12.01404660,2.64848366,94.80910533,0.00000000,7.66810467,0.00000000,0.04303239,0.00000000,13.79616172,0.00000000,0.00000000,0.00000000,0.00000000,0.00000000,0.00000000,0.00000000,11.09449062,1.00091317,16.84220045,0.00000000,20.07746096,0.00000000,1.72137511,0.00000000,0.00000000,0.00000000,1.96263261,4.18326928,5.53908454,0.00000000,0.00000000,0.00000000,2.63138744,0.00000000,0.00000000,0.00000000,0.00000000,2.40655928,0.00000000,0.00000000,0.00000000,0.00000000,0.00000000,0.00000000,40.14066463,0.00000000,23.51567869,0.71361157,0.00000000,0.00000000,0.00000000,0.00000000,3.26394273,0.00000000,0.00000000,0.00000000,0.00000000,0.00000000,0.00000000,0.00000000,0.00000000,0.00000000,0.00000000,0.00000000,0.00000000,0.00000000,8.32232647,0.00000000,9.91271208,0.00000000,92.01945311,28.66278576,104.33680248,2.12697073,0.00000000,12.31136432,216.92394246,22.74102110,180.81415642,12.19344267,38.33363886,0.00000000,244.37073059,0.00000000,339.54049377,31.09212645,129.57291447,15.79299315,122.39420190,11.34483020,39.43596997,2.91907447,5.84947308,29.63446226,0.00000000,33.99153569,4.83056849,0.80454106,1.35738845,26.59830602,23.30228597,0.00000000,3.78801012,0.00000000,52.48289564,0.00000000,18.72965243,0.00000000,49.44092451,0.00000000,0.00000000,0.00000000,0.00000000,0.00000000,22.95581331,3.09869182,0.00000000,0.00000000,0.00000000,0.00000000,0.00000000,3.85738130,0.00000000,0.00000000,0.00000000,0.00000000,1.34745727,7.63776397,0.00000000,0.00000000,4.61605783,0.00000000,0.00000000,0.00000000,0.00000000,0.00000000,0.00000000,0.00000000,0.00000000,0.00000000,0.00000000,0.00000000,0.00000000,0.00000000,4.57095863,0.00000000,0.00000000,0.00000000,0.00000000,0.00000000,0.00000000,0.00000000,0.00000000,0.00000000,10.72878330,0.00000000,55.48590784,6.49526338,61.40523675,0.00000000,65.85262989,0.00000000,0.61142648,0.00000000,6.13200155,0.00000000,0.00000000,0.00000000,0.00000000,0.00000000,0.00000000
0.00000000,0.00000000,0.00000000,7.01642539,0.00000000,0.00000000,0.00000000,0.00000000,0.00000000,0.00000000,0.00000000,0.00000000,0.00000000,0.00000000,0.00000000,0.00000000,0.00000000,0.00000000,0.00000000,0.00000000,0.00000000,0.00000000,0.00000000,0.00000000,0.00000000,3.73096749,0.00000000,0.00000000,0.00000000,0.00000000,0.00000000,0.00000000,0.00000000,0.00000000,0.00000000,0.00000000,0.00000000,0.00000000,0.00000000,0.62693375,0.00000000,0.00000000,0.00000000,0.00000000,0.00000000,0.00000000,0.00000000,0.00000000,0.00000000,0.00000000,0.00000000,0.00000000,0.00000000,4.51538940,0.00000000,9.23968460,0.00000000,21.81229030,0.00000000,0.00928558,0.00000000,0.00000000,0.00000000,0.00000000,0.00000000,0.00000000,0.00000000,0.00000000,0.00000000,0.00000000,0.00000000,20.19983934,0.00000000,12.35590256,9.88380362,0.00000000,0.00000000,0.00000000,0.00000000,0.00000000,0.00000000,0.01644679,0.00000000,0.00000000,0.00000000,0.00000000,0.00000000,1.76820568,0.00000000,0.00000000,0.00000000,0.00000000,0.00000000,1.13445699,0.00000000,0.00000000,0.00000000,0.00000000,10.94765747,1.21236791,0.00000000,6.64240528,0.00000000,0.00000000,0.00000000,0.00000000,0.00000000,0.00000000,0.00000000,0.00000000,0.00000000,0.00000000,0.00000000,0.00000000,0.00000000,0.00000000,0.00000000,0.00000000,0.00000000,0.00000000,3.51231558,0.00000000,2.23440807,3.57221000,11.74900763,16.62645913,9.54303154,20.36117460,12.31136432,0.00000000,4.51642599,35.92535201,0.46441711,35.71166112,0.00000000,14.94834828,3.87086920,38.28954277,6.49517628,190.88555774,0.00000000,42.60694107,0.00000000,0.00000000,4.49421480,41.82316703,21.49522442,0.00000000,25.76013811,0.00000000,0.00000000,3.70202952,0.00000000,0.00000000,0.00000000,0.00000000,0.00000000,0.00000000,0.00000000,71.84915987,0.00000000,5.92094269,0.00000000,52.51800903,0.00000000,0.00000000,0.00000000,0.00000000,0.00000000,0.00000000,0.00000000,0.00000000,0.00000000,0.00000000,0.00000000,0.00000000,0.00000000,0.00000000,0.00000000,0.00000000,0.00000000,0.00000000,0.00000000,0.00000000,0.00000000,0.00000000,0.00000000,0.00000000,0.00000000,0.00000000,0.00000000,0.00000000,0.00000000,0.00000000,0.00000000,0.00000000,0.00000000,0.00000000,0.00000000,0.00000000,0.00000000,0.00000000,0.00000000,0.00000000,0.00000000,0.00000000,0.00000000,0.00000000,0.00000000,3.39559108,0.00000000,0.00000000,0.00000000,0.00000000,4.00124133,0.00000000,0.00000000,0.00000000,19.66784028,0.00000000,44.77704657,0.00000000,0.00000000,0.00000000,0.00000000
0.71758155,0.00000000,2.27879322,0.00000000,5.23763422,0.00000000,31.51158927,0.00000000,17.91385016,0.00000000,0.00000000,0.00000000,0.00000000,0.00000000,0.00000000,0.00000000,0.00000000,0.00000000,0.00000000,0.00000000,0.00000000,0.00000000,1.17015007,0.00000000,0.00000000,0.00000000,0.00000000,0.00000000,0.00000000,0.00000000,0.00000000,0.00000000,0.00000000,0.00000000,0.00000000,0.00000000,0.00000000,0.00000000,0.00000000,0.00000000,0.00000000,0.00000000,0.00000000,0.00000000,4.13081618,0.00000000,0.00000000,0.00000000,2.31129325,0.00000000,0.00000000,0.00000000,3.56789159,0.00000000,0.00000000,0.00000000,93.90066465,0.00000000,78.96839643,0.00000000,0.00000000,0.00000000,3.05983978,0.00000000,13.21609003,6.04361829,2.37275108,0.00000000,0.00000000,0.00000000,57.86459271,0.00000000,42.49368599,0.00000000,24.27913168,0.00000000,0.00000000,0.00000000,0.00000000,0.00000000,7.47201050,10.15300638,0.00000000,0.00000000,0.00000000,4.70447229,0.00000000,0.00000000,0.00000000,0.00000000,0.00000000,0.00000000,0.00000000,0.00000000,0.00000000,1.83663011,0.00000000,0.00000000,11.18344685,0.00000000,10.21150016,0.00000000,0.00000000,0.00000000,0.00000000,0.00000000,18.08444423,0.00000000,0.00000000,0.00000000,0.00000000,0.00000000,0.00000000,0.00000000,0.00000000,0.00000000,0.00000000,0.00000000,0.00000000,0.00000000,4.22349030,0.00000000,0.00000000,0.00000000,33.61342221,12.09281815,35.44568855,0.00000000,216.92394246,4.51642599,0.00000000,68.69286743,75.90896854,0.00000000,3.82960675,0.00000000,17.99274698,7.04830724,195.70757219,83.84867826,40.97219480,84.57739530,9.66944350,0.00000000,143.80689564,15.72074099,3.84967017,0.00000000,44.36344676,189.54939020,0.00000000,0.00000000,0.00000000,52.47312965,5.82403793,0.00000000,4.32152020,0.00000000,37.82755407,4.36391401,36.94511803,0.51807416,137.80191750,0.00000000,3.96268978,0.00000000,0.00000000,0.00000000,3.71110714,0.00000000,15.83395086,0.00000000,0.00000000,0.00000000,0.00000000,6.91583279,0.00000000,0.00000000,0.00000000,0.00000000,0.00000000,25.85077102,0.00000000,0.00000000,7.39081843,0.00000000,0.00000000,0.00000000,0.00000000,0.00000000,0.00000000,0.00000000,0.00000000,0.00000000,0.00000000,0.00000000,0.00000000,0.00000000,0.00000000,0.00000000,0.00000000,0.00000000,0.00000000,0.00000000,0.00000000,0.00000000,0.00000000,0.00000000,0.81347372,0.00000000,235.11754302,0.00000000,153.10856076,0.00000000,247.83257649,0.00000000,0.00000000,0.00000000,7.75144675,0.00000000,13.13228570,0.00000000,0.00000000,0.00000000,0.00000000
0.00000000,18.77793148,0.00000000,5.68138198,0.00000000,3.59049653,0.00000000,87.54924782,0.00000000,79.30092404,0.00000000,0.00000000,0.00000000,0.00000000,0.00000000,0.00000000,0.00000000,0.00000000,0.00000000,7.05231238,0.00000000,0.00000000,0.00000000,0.00000000,0.00000000,0.00000000,0.00000000,0.00000000,0.00000000,0.00000000,0.00000000,0.13982836,0.00000000,0.00000000,0.00000000,0.00000000,0.00000000,0.00000000,0.00000000,0.00000000,0.00000000,0.00000000,0.00000000,0.00000000,0.00000000,0.00000000,0.00000000,0.00000000,0.00000000,0.00000000,0.00000000,0.00000000,0.00000000,0.00000000,0.00000000,12.71052364,0.00000000,41.68885794,0.00000000,34.80140383,0.00000000,0.00000000,0.00000000,0.00000000,0.00000000,34.81745928,0.00000000,44.06081763,0.00000000,0.00000000,0.34372834,19.51738170,4.04870153,27.63906888,19.53663373,43.83807559,0.00000000,1.21530176,0.00000000,0.00000000,0.00000000,0.00000000,0.00000000,9.73022110,0.00000000,0.00000000,0.00000000,0.00000000,0.00000000,0.00000000,0.00000000,0.00000000,0.00000000,0.00000000,0.00000000,0.00000000,0.00000000,0.00000000,10.53767414,0.00000000,9.99679334,0.00000000,0.00000000,0.00000000,0.00000000,0.00000000,5.25782008,0.00000000,0.00000000,0.00000000,0.00000000,0.00000000,0.00000000,0.00000000,0.00000000,0.00000000,0.00000000,0.00000000,0.00000000,0.00000000,0.00000000,2.63116848,0.00000000,0.00000000,0.00000000,105.29034901,0.00000000,19.43539244,22.74102110,35.92535201,68.69286743,0.00000000,0.00000000,22.53923950,0.00000000,0.00000000,0.00000000,0.00000000,63.63443417,44.27648344,0.00000000,26.58605164,0.60159492,0.00000000,13.74479287,84.82528789,18.10910821,6.39425108,148.72863516,54.69444272,0.00000000,0.00000000,0.12404036,0.00000000,0.00000000,0.42198103,0.00000000,0.00000000,0.00000000,133.31103340,0.00000000,44.36763104,0.00000000,100.35852947,0.00000000,0.00000000,0.00000000,0.00000000,0.00000000,32.70569432,0.00000000,0.00000000,0.00000000,1.44939741,0.00000000,0.00000000,0.00000000,0.00000000,0.00000000,0.00000000,24.14663927,0.00000000,0.00000000,0.00000000,0.00000000,0.34446413,0.00000000,0.00000000,0.00000000,0.00000000,0.00000000,0.00000000,0.00000000,0.00000000,0.00000000,0.00000000,0.00000000,0.00000000,0.00000000,0.00000000,0.00000000,0.77735380,0.00000000,0.00000000,0.00000000,0.00000000,0.00000000,0.00000000,0.00000000,2.86345567,0.27042944,0.00000000,23.34669420,0.00000000,141.23207183,0.00000000,0.00000000,5.16875551,159.63484918,0.00000000,140.90716771,0.15269444,0.00000000,1.78617153,0.00000000
0.00000000,0.00000000,0.00000000,0.00000000,0.00000000,0.00000000,14.31658808,0.00000000,0.00000000,0.00000000,0.00000000,0.00000000,0.00000000,0.00000000,0.00000000,0.00000000,0.00000000,0.00000000,0.00000000,0.00000000,0.00000000,0.00000000,0.00000000,0.00000000,0.00000000,0.00000000,0.00000000,0.00000000,0.00000000,0.00000000,0.00000000,0.00000000,0.00000000,0.00000000,0.00000000,0.00000000,0.00000000,0.00000000,0.00000000,0.00000000,0.00000000,0.00000000,0.00000000,0.00000000,0.00000000,0.00000000,0.00000000,0.00000000,0.00000000,0.00000000,0.00000000,0.00000000,1.07740863,0.00000000,0.00000000,0.00000000,13.08543134,0.00000000,15.06087601,0.00000000,0.00000000,0.00000000,0.00000000,0.00000000,0.00000000,0.00000000,0.00000000,0.00000000,0.00000000,0.00000000,0.00000000,0.00000000,1.85886947,0.00000000,0.00000000,0.00000000,0.00000000,0.00000000,0.00000000,0.00000000,0.00000000,2.78192589,0.00000000,0.00000000,0.00000000,0.00000000,0.00000000,0.00000000,0.00000000,0.00000000,0.00000000,1.02821387,1.67726701,0.00000000,0.00000000,0.00000000,0.00000000,0.00000000,0.00000000,0.09131025,0.00000000,1.72959859,0.00000000,0.00000000,0.00000000,0.00000000,3.03061348,0.00000000,0.00000000,0.00000000,0.00000000,0.00000000,0.00000000,0.00000000,0.00000000,0.00000000,0.00000000,0.00000000,0.00000000,0.00000000,0.00000000,0.00000000,0.00000000,0.00000000,29.15786344,7.69706232,63.47525842,13.77804287,180.81415642,0.46441711,75.90896854,0.00000000,0.00000000,12.93247361,179.09235372,0.00000000,206.58598018,7.62514038,100.22693798,7.24119094,25.00145425,15.88882329,94.85092763,0.00000000,0.00000000,0.00000000,2.12025241,3.12992540,5.29366222,12.81110461,0.00000000,0.00000000,0.00000000,10.51237720,0.00000000,0.00000000,0.00000000,0.00000000,1.31143133,0.00000000,0.00000000,0.00000000,0.00000000,0.00000000,0.00000000,0.00000000,0.00000000,0.00000000,0.71746368,0.00000000,0.00000000,0.00000000,0.00000000,0.00000000,2.40454344,0.00000000,0.00000000,0.00000000,0.00000000,0.00000000,5.94490782,0.15064749,0.00000000,0.00000000,0.00000000,0.00000000,0.00000000,0.00000000,0.00000000,0.00000000,0.00000000,0.00000000,0.00000000,1.88114292,0.00000000,0.00000000,0.00000000,0.00000000,5.94207354,0.00000000,0.59317334,0.00000000,0.00000000,0.00000000,0.00000000,3.15272675,0.00000000,0.00000000,12.00791174,0.00000000,6.42127582,0.00000000,0.00000000,0.00000000,2.23341171,0.00000000,0.00000000,0.00000000,0.00000000,0.00000000,0.00000000,0.00000000,0.00000000,0.00000000,0.00000000
0.00000000,0.00000000,0.00000000,0.00000000,0.00000000,0.00000000,0.00000000,5.15626249,0.00000000,0.00000000,0.00000000,0.00000000,0.00000000,0.00000000,0.00000000,0.00000000,0.00000000,0.00000000,0.00000000,0.00000000,0.00000000,0.00000000,0.00000000,0.00000000,0.00000000,0.00000000,0.00000000,0.00000000,0.00000000,0.00000000,0.00000000,0.00000000,0.00000000,0.00000000,0.00000000,0.00000000,0.00000000,0.00000000,0.00000000,0.00000000,0.00000000,0.00000000,0.00000000,0.00000000,0.00000000,0.00000000,0.00000000,0.00000000,0.00000000,0.00000000,0.00000000,0.00000000,0.00000000,0.00000000,0.00000000,0.00000000,0.00000000,7.59200828,0.00000000,3.34201397,0.00000000,0.00000000,0.00000000,0.00000000,0.00000000,0.00000000,0.00000000,0.00000000,0.00000000,0.00000000,0.00000000,3.21447243,0.00000000,0.00000000,0.00000000,0.00000000,0.00000000,0.00000000,0.00000000,0.00000000,0.00000000,0.00000000,0.00000000,0.00000000,0.00000000,0.00000000,0.00000000,0.00000000,0.00000000,0.00000000,0.00000000,0.00000000,0.00000000,0.00000000,0.00000000,0.00000000,5.26415583,0.00000000,0.00000000,0.00000000,4.60586090,0.00000000,0.00000000,1.46702102,0.00000000,0.00000000,0.00000000,0.00000000,0.00000000,0.00000000,0.00000000,0.00000000,0.00000000,0.00000000,0.00000000,0.00000000,0.00000000,0.00000000,0.00000000,0.00000000,0.00000000,3.31499807,0.00000000,0.00000000,13.17095190,85.34690774,0.00000000,69.02703850,12.19344267,35.71166112,0.00000000,22.53923950,12.93247361,0.00000000,0.00000000,9.88027662,9.81383675,84.34649104,0.00000000,211.49372948,0.00000000,70.52943338,0.00000000,0.02171950,0.00000000,0.00000000,12.58766392,0.00000000,4.27224655,0.00000000,0.00000000,0.98098112,0.00000000,0.00000000,0.00000000,0.82099543,0.00000000,0.00000000,0.00000000,9.46711059,0.00000000,16.54613446,0.00000000,0.85036617,0.00000000,0.00000000,0.00000000,0.00000000,0.00000000,0.00000000,0.00000000,0.00000000,0.00000000,0.00000000,0.00000000,0.81308353,0.00000000,0.00000000,0.00000000,0.00000000,0.00000000,2.15979390,0.00000000,0.00000000,0.00000000,0.00000000,0.00000000,0.00000000,0.00000000,0.00000000,0.00000000,0.00000000,0.00000000,0.00000000,0.00000000,0.00000000,0.00000000,0.00000000,0.00000000,0.00000000,0.00000000,0.00000000,0.00000000,0.00000000,0.00000000,0.00000000,0.00000000,0.23986731,7.78398920,29.29507644,2.38477302,0.00000000,2.92307828,0.00000000,7.86687638,0.00000000,0.00000000,0.00000000,14.83279637,0.00000000,0.00000000,0.00000000,0.00000000,4.12399660,0.00000000
0.00000000,0.00000000,165.12269283,0.00000000,17.98821391,0.00000000,42.88074803,0.00000000,3.19125452,0.00000000,0.00000000,0.00000000,0.00000000,0.00000000,56.07985684,0.00000000,0.00000000,0.00000000,19.63662431,0.00000000,0.00000000,0.00000000,124.38607931,0.00000000,70.95830080,0.00000000,0.00000000,0.00000000,0.00000000,0.00000000,0.00000000,0.00000000,0.00000000,0.00000000,0.00000000,0.00000000,0.00000000,0.00000000,0.00000000,0.00000000,0.00000000,0.00000000,0.00000000,0.00000000,0.00000000,0.00000000,0.00000000,0.00000000,0.00000000,0.00000000,0.00000000,0.00000000,0.00000000,0.00000000,4.57243977,0.00000000,11.79425680,0.00000000,4.17161184,0.00000000,0.00000000,0.00000000,0.00000000,0.00000000,0.94667918,0.00000000,0.00000000,0.00000000,0.00000000,0.00000000,6.65633857,0.00000000,15.03179005,0.00000000,58.27306120,0.00000000,0.00000000,0.00000000,1.04934555,0.00000000,0.00000000,0.00000000,0.00000000,0.00000000,5.53365612,0.00000000,6.11653617,3.30592193,0.00377864,0.00000000,26.21491221,0.00000000,0.00000000,0.00000000,0.00000000,0.00000000,47.55757794,3.84496838,0.00000000,0.00000000,0.00000000,0.00000000,6.23884656,0.00000000,279.08925576,0.00000000,151.36851812,0.00000000,0.00000000,0.00000000,0.00000000,0.00000000,0.00000000,0.00000000,0.00000000,0.00000000,0.00000000,0.00000000,0.00000000,0.00000000,4.69042344,0.00000000,0.00000000,0.00000000,56.93450142,0.00000000,287.72315252,10.49667714,38.33363886,0.00000000,3.82960675,0.00000000,179.09235372,0.00000000,0.00000000,0.00000000,48.23646568,7.43017895,6.76742438,0.00000000,10.47786643,0.00000000,83.65024999,0.00000000,0.00000000,0.00000000,10.94842791,6.80516106,0.00000000,0.00000000,86.80080841,0.25486170,14.39941059,0.00000000,0.00000000,0.00000000,0.00000000,0.00000000,0.00000000,0.00000000,1.90138124,0.00000000,5.47836259,0.00000000,0.00000000,0.00000000,0.00000000,0.00000000,27.16811333,0.00000000,0.00000000,0.00000000,0.00000000,0.00000000,0.55564415,0.00000000,0.00000000,0.00000000,0.00000000,0.00000000,32.26490470,1.15444922,0.00000000,0.00000000,0.53268090,0.00000000,0.00000000,0.00000000,0.00000000,0.00000000,0.00000000,0.00000000,0.00000000,0.00000000,0.03348970,0.00000000,0.00000000,0.00000000,57.82500550,0.00000000,341.29409427,0.00000000,48.76621248,0.00000000,58.22545160,0.00000000,18.13879275,3.83939578,112.07829421,10.24934732,9.34283325,0.00000000,81.39447352,0.00000000,11.01828880,4.73960451,2.01744377,0.00000000,0.00000000,0.00000000,0.00000000,0.00000000,0.00000000,0.00000000,0.00000000
0.00000000,13.43383494,0.00000000,131.86383374,0.00000000,100.35267905,0.00000000,69.64104121,0.00000000,37.13196464,0.00000000,1.77348625,0.00000000,0.00000000,0.00000000,66.32711759,0.00000000,1.56907217,0.00000000,41.95428440,0.00000000,0.00000000,0.00000000,0.89866592,0.00000000,50.09037668,0.00000000,59.10257917,0.00000000,0.00000000,0.00000000,0.00000000,0.00000000,0.00000000,0.00000000,0.00000000,0.00000000,0.00000000,0.00000000,0.00000000,0.00000000,0.00000000,0.00000000,0.00000000,0.00000000,0.00000000,0.00000000,0.00000000,0.00000000,0.00000000,0.00000000,0.00000000,0.00000000,5.54031874,0.00000000,29.33793996,0.00000000,17.09471518,0.00000000,1.44792377,0.00000000,0.00000000,0.00000000,0.00000000,0.00000000,0.00000000,0.00000000,0.00000000,0.00000000,0.00000000,0.00000000,0.00000000,0.00000000,13.54310472,0.00000000,97.42426735,0.00000000,0.00000000,0.00000000,37.62224174,0.00000000,56.83843719,0.00000000,0.00000000,0.00000000,116.99569638,0.00000000,56.48413772,0.00000000,0.00000000,0.00000000,79.14882867,0.00000000,1.72582156,0.00000000,0.00000000,0.00000000,159.80356918,2.88365761,31.04496427,0.00000000,59.19836571,0.00000000,0.00000000,0.00000000,34.55924198,0.00000000,116.25161462,0.00000000,0.00000000,0.00000000,0.00000000,0.00000000,0.00000000,0.00000000,0.00000000,0.00000000,0.00000000,0.00000000,0.00000000,0.00000000,49.46187335,0.00000000,27.26001362,0.41772646,0.00000000,0.00000000,56.13795952,0.00000000,14.94834828,0.00000000,0.00000000,0.00000000,9.88027662,0.00000000,0.00000000,0.00000000,183.90607449,0.00000000,27.29479513,0.00000000,3.97489651,0.00000000,123.58872368,0.00000000,0.00000000,0.00000000,0.00000000,0.00000000,0.00000000,0.00000000,46.78389655,0.00000000,1.39227368,0.00000000,3.76251087,0.00000000,0.00000000,0.00000000,93.76847204,0.00000000,37.84061657,0.00000000,21.47095894,0.00000000,0.00000000,0.00000000,0.00000000,0.00000000,70.08338755,0.00000000,0.00000000,0.00000000,0.00000000,0.00000000,0.00000000,0.00000000,0.00000000,0.00000000,0.00000000,0.00000000,0.00000000,0.00000000,0.00000000,0.00000000,0.00000000,0.00000000,0.44692077,0.00000000,0.00000000,0.00000000,0.00000000,0.00000000,2.72618303,0.00000000,8.63016408,7.02890639,0.76398420,0.00000000,112.32307476,0.00000000,267.67396760,0.00000000,42.70679367,0.00000000,4.92072413,0.00000000,66.48328126,0.00000000,159.26908329,0.84980247,0.00000000,0.00000000,0.00000000,14.42102017,0.00000000,0.00000000,0.00000000,113.01380113,0.00000000,114.91483583,14.12050326,0.00000000,10.70262682,10.08871707
0.00000000,0.00000000,25.75595906,0.00000000,0.00000000,0.00000000,3.07745113,0.00000000,0.00000000,0.00000000,0.00000000,0.00000000,0.00000000,0.00000000,0.00000000,0.00000000,40.75622176,0.00000000,0.00000000,0.00000000,0.00000000,0.00000000,25.15140287,0.00000000,68.06543616,0.00000000,0.00000000,0.00000000,14.30871381,0.00000000,0.00000000,0.00000000,3.19149956,0.00000000,0.00000000,0.00000000,8.01623181,0.00000000,0.00000000,0.00000000,0.00000000,0.00000000,0.00000000,0.00000000,0.00000000,0.00000000,2.23542133,0.00000000,0.00000000,0.00000000,0.00000000,0.00000000,69.45985991,0.00000000,25.80332269,0.00000000,8.62581974,0.00000000,0.00000000,0.00000000,0.00000000,0.00000000,11.65369560,0.00000000,0.95209517,0.00000000,0.00000000,0.00000000,0.00000000,0.00000000,1.52164889,3.72442110,2.97055468,0.00000000,5.64294272,0.00000000,0.00000000,0.00000000,0.00000000,0.00000000,0.06959044,0.00000000,0.00000000,4.86138540,120.93233085,0.00000000,7.35454389,0.00000000,0.00000000,0.00000000,35.52940739,0.00000000,0.00000000,0.00000000,0.00000000,2.11091109,53.93780372,0.00000000,32.11616781,6.84296681,1.16470113,5.43588395,0.00000000,0.00000000,0.00000000,0.00000000,69.29114942,13.08157435,0.00000000,0.00000000,0.00000000,0.00000000,0.00000000,0.00000000,0.00000000,0.00000000,0.00000000,0.00000000,0.00000000,0.00000000,5.30731937,0.00000000,61.63922469,0.00000000,40.31226024,23.53039126,81.42792885,26.12607830,244.37073059,3.87086920,17.99274698,0.00000000,206.58598018,9.81383675,48.23646568,0.00000000,0.00000000,5.93656610,50.49082834,0.00000000,73.10131711,0.00000000,267.21802412,5.41357536,0.00000000,0.00000000,23.09201297,28.59418491,0.92681275,13.26666123,67.77431807,5.53973498,5.14911712,0.00000000,6.98117406,0.00000000,0.00000000,0.00000000,31.08465825,0.00000000,2.16120817,0.00000000,4.87193151,0.00000000,0.00000000,0.00000000,0.00000000,0.00000000,0.00000000,0.00000000,0.00000000,0.00000000,0.00000000,0.00000000,14.08867348,0.00000000,0.00000000,0.00000000,0.00000000,0.00000000,66.38398160,12.43274305,0.00000000,0.00000000,0.00000000,0.00000000,0.00000000,0.00000000,0.00000000,0.00000000,0.00000000,0.00000000,0.00000000,0.00000000,0.00000000,0.00000000,4.11238377,0.00000000,0.00000000,0.00000000,27.95437045,0.00000000,0.00000000,2.48124629,0.00000000,0.00000000,0.00000000,2.26350162,34.55377825,0.00000000,15.81325630,0.00000000,15.21684090,0.00000000,9.38053894,0.00000000,0.00000000,0.00000000,2.10090926,0.00000000,0.00000000,0.00000000,0.00000000,0.00000000,0.00000000
0.00000000,25.94635884,0.00000000,47.40174193,0.00000000,61.32642483,0.00000000,58.71209149,0.00000000,25.57530564,0.00000000,4.22415109,0.00000000,0.00000000,0.00000000,30.01661730,0.00000000,27.77779345,0.00000000,4.43644073,0.00000000,0.00000000,0.00000000,0.00000000,0.00000000,50.56431339,0.00000000,0.00000000,0.00000000,19.17062651,0.00000000,0.00000000,0.00000000,0.00000000,0.00000000,0.00000000,0.00000000,0.00000000,0.00000000,0.00000000,0.00000000,0.00000000,0.00000000,0.00000000,0.00000000,0.00000000,0.00000000,0.00000000,0.00000000,0.00000000,0.00000000,0.00000000,0.00000000,39.60872715,0.00000000,45.84100715,0.00000000,48.51074986,0.00000000,0.97962367,0.00000000,0.44263545,0.00000000,6.51971677,0.00000000,0.00000000,0.00000000,2.39088403,0.00000000,0.00000000,0.00000000,0.50240465,0.00000000,7.32194768,4.26215367,93.65194737,0.00000000,0.00000000,0.00000000,0.00000000,0.00000000,75.74179619,0.00000000,0.00000000,0.00000000,107.27301323,0.00000000,23.02331781,0.00000000,0.00000000,6.98645653,24.44700475,0.00000000,0.00000000,0.00000000,0.00000000,0.00000000,65.62350375,0.00000000,18.41175488,0.00000000,28.57140591,0.00000000,0.00000000,0.00000000,0.00000000,0.75036128,24.82348288,0.00000000,0.00000000,0.00000000,0.00000000,0.00000000,0.00000000,0.00000000,0.00000000,0.00000000,0.00000000,0.00000000,0.00000000,0.00000000,46.14965375,0.00000000,21.29431367,37.20408404,21.60917670,0.00000000,129.76743576,0.00000000,38.28954277,7.04830724,0.00000000,7.62514038,84.34649104,7.43017895,183.90607449,5.93656610,0.00000000,0.00000000,245.56926151,0.00000000,181.01887603,0.00000000,227.80396643,3.70329429,0.05732948,74.48853587,2.07639187,0.00000000,5.44029535,8.06015421,17.12092461,1.10923403,0.00000000,0.00000000,0.00000000,0.00000000,0.00000000,0.00000000,144.60924573,0.00000000,50.02700757,0.00000000,13.78327235,0.00000000,0.00000000,0.00000000,0.00000000,0.00000000,5.16055778,0.00000000,0.00000000,0.00000000,0.00000000,0.00000000,3.12457977,0.00000000,0.00000000,0.00000000,0.00000000,17.54016506,27.63638500,0.00000000,0.00000000,0.00000000,0.00000000,0.00000000,0.00000000,0.00000000,0.00000000,1.44699826,0.00000000,0.00000000,0.00000000,0.00000000,8.93859640,1.86399917,0.00000000,8.39451421,0.00000000,0.00000000,25.17121066,0.87239940,0.00000000,0.00000000,0.00000000,8.19645043,0.00000000,0.62352591,34.51160357,0.00000000,0.00000000,0.66113348,0.00000000,12.35897734,0.00000000,0.00000000,0.00000000,80.77224430,0.00000000,89.17636220,0.00000000,0.00257747,6.35701181,0.00000000
0.00000000,0.00000000,0.00000000,0.00000000,0.00000000,0.00000000,0.02553822,0.00000000,0.00000000,0.00000000,0.00000000,0.00000000,0.00000000,0.00000000,0.00000000,0.00000000,47.68295347,0.00000000,0.00000000,0.00000000,0.00000000,4.88346467,0.00000000,0.00000000,36.00810753,8.52879907,0.00000000,0.00000000,57.93468173,0.00000000,0.00218082,0.00000000,0.00000000,0.00000000,0.00000000,0.00000000,80.22177611,0.00000000,13.78988411,0.00000000,0.00000000,0.00000000,0.00000000,0.00000000,0.00000000,0.00000000,0.00000000,0.00000000,0.00000000,0.00000000,0.00000000,0.00000000,212.70575358,0.00000000,7.52994635,0.00000000,15.78640396,0.00000000,2.11550634,0.00000000,73.62897850,0.00000000,101.99652280,0.00000000,5.47653983,20.39006396,1.69541936,0.00000000,0.00000000,0.00000000,14.62140871,0.35617046,3.09289442,0.00000000,29.32030298,0.00370413,0.00000000,0.00000000,0.59561294,0.00000000,0.00000000,0.00000000,0.00000000,0.00000000,0.65073955,0.00000000,11.99123206,0.00000000,0.00000000,0.00000000,0.00000000,2.21371059,6.29499565,0.00000000,0.00000000,0.00000000,0.00000000,0.00000000,8.24230879,0.00000000,4.93422437,0.00000000,0.00000000,0.00000000,0.00000000,0.00000000,0.00269552,0.00000000,0.00000000,0.00000000,0.00000000,0.00000000,0.00000000,0.00000000,0.00000000,0.00000000,0.00000000,0.00000000,0.00000000,0.00000000,15.76625820,0.00000000,8.15257943,0.00000000,55.18776549,0.00000000,32.21599294,0.00000000,339.54049377,6.49517628,195.70757219,63.63443417,100.22693798,0.00000000,6.76742438,0.00000000,50.49082834,0.00000000,0.00000000,61.18876224,248.35670670,21.28958012,53.68795211,0.00000000,173.77068567,37.77402013,18.53549511,0.00000000,53.37656590,66.17464253,24.19792915,0.00000000,0.00000000,3.16930392,117.74534527,5.38798421,77.03274728,0.00000000,284.53708984,26.68274035,46.98455154,37.66883094,40.88058908,0.00000000,0.00000000,0.00000000,0.00000000,0.00000000,9.44757075,0.00000000,5.29455394,0.00000000,23.12278370,0.00000000,36.71803766,0.00000000,0.00000000,0.00000000,0.00000000,0.00000000,36.34877223,27.11975294,0.00000000,0.00000000,78.87817399,0.00000000,0.00000000,0.00000000,0.00000000,0.00000000,0.00000000,0.00000000,0.00000000,0.00000000,0.00000000,0.00000000,0.00000000,0.00000000,0.00000000,0.00000000,0.00000000,0.00000000,0.00000000,0.00000000,0.00000000,0.00000000,0.00000000,0.00000000,10.09425885,0.00000000,38.84450239,0.00000000,45.34220118,0.00000000,41.58807547,10.96463079,0.00000000,0.00000000,0.00000000,0.93622584,0.00000000,0.00000000,0.00000000,0.00000000,0.00000000
0.00000000,0.00000000,0.00000000,0.00000000,0.00000000,0.00000000,0.00000000,0.00000000,0.00000000,0.00000000,0.00000000,0.00000000,0.00000000,0.00000000,0.00000000,0.00000000,0.00000000,20.67531274,0.00000000,0.00000000,0.00000000,23.27293278,0.00000000,22.97663196,0.00000000,27.89897189,0.00000000,0.00000000,0.00000000,28.15731225,0.00000000,0.00000000,0.00000000,0.00000000,0.00000000,0.00000000,0.00000000,0.00000000,0.00000000,1.28674417,0.00000000,0.00000000,0.00000000,0.00000000,0.00000000,0.00000000,0.00000000,0.00000000,0.00000000,0.00000000,0.00000000,0.00000000,0.00000000,46.96083233,0.00000000,12.66804296,0.00000000,51.75706249,0.00000000,6.86657691,0.00000000,11.88048363,0.00000000,46.08666196,42.97135648,6.83425833,0.00000000,0.00000000,0.00000000,0.00000000,12.09123255,20.15295667,2.76701908,2.05581042,4.45572133,25.49644856,0.00000000,0.00000000,0.00000000,2.18971124,0.00000000,25.82716981,0.00000000,2.24126754,0.00000000,0.00000000,0.00000000,2.48826737,0.00000000,0.00000000,7.85803531,5.05690210,0.00000000,0.00000000,2.48096494,15.60550560,0.00000000,0.00000000,14.20980379,0.00000000,4.88290135,0.44836789,0.00000000,2.02423474,0.00000000,0.00000000,14.35750630,0.00000000,0.00000000,0.00000000,0.00000000,0.00000000,0.00000000,0.00000000,0.00000000,0.00000000,0.00000000,0.00000000,0.00000000,0.00000000,0.00000000,2.18306890,0.00000000,0.64777483,36.16263423,58.24171422,0.00000000,84.54072987,31.09212645,190.88555774,83.84867826,44.27648344,7.24119094,211.49372948,0.00000000,27.29479513,0.00000000,245.56926151,61.18876224,0.00000000,9.52743865,311.74309464,3.67798053,20.22359868,25.80952931,327.68667879,31.69852583,0.00970204,104.63984543,54.05882166,0.00000000,0.00000000,6.50956493,9.27107072,0.00000000,22.94632962,0.00000000,72.01591887,18.95718601,324.29242666,83.12815602,26.54864950,2.16790812,23.89224485,0.00000000,0.00000000,0.00000000,0.00000000,0.00000000,8.17178307,0.00000000,0.00000000,0.00000000,0.00000000,0.90543688,22.92033483,0.00000000,0.00000000,0.00000000,0.00000000,27.05060935,35.23024615,0.00000000,0.00000000,0.00000000,11.69980622,0.00000000,0.00000000,0.00000000,0.00000000,0.00000000,0.00000000,0.00000000,0.00000000,0.00000000,0.00000000,0.00000000,0.00000000,0.00000000,0.00000000,0.00000000,2.00396958,0.00000000,0.00000000,0.00000000,0.00000000,0.00000000,0.00000000,0.00000000,12.10983282,0.00000000,0.00000000,0.00000000,0.00000000,2.82859698,0.00000000,0.00000000,0.00000000,21.47549548,0.00000000,10.79575972,0.00000000,0.00000000,0.37836120,0.00000000
0.00000000,0.00000000,0.00000000,0.00000000,0.00000000,0.00000000,0.00000000,0.00000000,0.00000000,0.00000000,0.00000000,0.00000000,0.00000000,0.00000000,0.00000000,0.00000000,22.08343212,0.00000000,0.00000000,0.00000000,21.60070370,0.00000000,0.00000000,0.00000000,6.58126233,0.00000000,0.00000000,0.00000000,54.98160726,0.00000000,8.91799061,0.00000000,0.00000000,0.00000000,0.00000000,0.00000000,52.81162324,0.00000000,2.32772307,0.00000000,0.00000000,0.00000000,0.00000000,0.00000000,10.97988130,0.00000000,0.00000000,0.00000000,0.00000000,0.00000000,0.00000000,0.00000000,15.95926457,0.00000000,0.00000000,0.00000000,0.00000000,0.00000000,0.00000000,0.00000000,12.29131760,0.00000000,32.05153211,0.00000000,0.00000000,0.00000000,0.00000000,0.00000000,0.00000000,0.00000000,36.08777223,0.00000000,22.99751185,0.00000000,38.64017423,0.00000000,0.00000000,0.00000000,18.90140904,0.00000000,12.94596509,0.00000000,0.00000000,0.00000000,92.82466305,2.73403626,43.97306750,0.20844295,0.00000000,0.00000000,0.00000000,0.00000000,0.00000000,0.00000000,5.09471712,0.00000000,5.11120786,0.00000000,22.32278854,0.00000000,0.00000000,0.00000000,0.00000000,0.00000000,0.00000000,0.00000000,0.00000000,0.00000000,0.00000000,0.00000000,0.00000000,0.00000000,0.00000000,0.00000000,0.00000000,0.00000000,0.00000000,0.00000000,0.00000000,0.00000000,114.35924019,0.00000000,99.22405056,0.00000000,32.56377822,0.05599423,19.39500227,13.68719095,129.57291447,0.00000000,40.97219480,0.00000000,25.00145425,0.00000000,10.47786643,0.00000000,73.10131711,0.00000000,248.35670670,9.52743865,0.00000000,1.63733711,219.94784548,2.97376725,88.68264414,0.00000000,38.71014616,0.71482596,17.91641420,19.72171602,69.89219459,0.00000000,8.42597411,0.00000000,2.15601181,0.00000000,25.23231264,0.00000000,0.52549224,0.00000000,0.00000000,0.00000000,4.52436602,0.00000000,0.00000000,0.00000000,0.00000000,0.00000000,0.88409837,0.00000000,12.29253271,0.00000000,7.36084327,0.00000000,13.88893815,0.00000000,0.00000000,0.00000000,0.00000000,0.00000000,65.59699151,22.26359795,0.00000000,0.00000000,0.00000000,0.00000000,0.00000000,0.00000000,0.00000000,0.00000000,0.00000000,0.00000000,0.00000000,0.00000000,0.00000000,0.00000000,0.00000000,0.75165984,0.47498228,0.00000000,0.00000000,0.00000000,0.00000000,0.00000000,0.00000000,0.00000000,0.00000000,0.00000000,29.42018318,0.00000000,33.03592766,0.00000000,28.95576461,1.13153249,18.90284614,0.00000000,0.00000000,0.00000000,0.00000000,0.00000000,0.00000000,1.89432426,0.00000000,0.00000000,0.00000000
0.00000000,0.00000000,0.00000000,0.00000000,0.00000000,0.00000000,0.00000000,0.00000000,0.00000000,7.11119628,0.00000000,0.00000000,0.00000000,0.00000000,0.00000000,24.61784101,0.00000000,98.88757689,0.00000000,5.83557339,0.00000000,153.72390620,0.00000000,35.95227446,0.00000000,11.82801760,0.00000000,0.00000000,0.00000000,146.72483775,0.00000000,43.92342105,0.00000000,33.71797969,0.00000000,44.25427511,0.00000000,127.77856144,0.00000000,16.96025611,0.00000000,0.00000000,0.00000000,58.10440911,0.00000000,64.36664074,0.00000000,0.00000000,0.00000000,6.68054515,0.00000000,18.09388538,0.00000000,29.64901569,0.00000000,0.00000000,0.00000000,0.00000000,0.00000000,0.00000000,0.00000000,31.57541470,0.00000000,52.59375823,6.21611835,4.30656305,0.00000000,0.00000000,0.00000000,0.00000000,9.26800685,44.73995064,0.00000000,11.83233589,6.64095440,108.40772749,0.00000000,0.00000000,4.15056909,28.20861579,0.00000000,113.32360009,0.00000000,0.00000000,3.75145506,40.49314795,1.81546802,56.04835628,5.72931655,0.00000000,6.73601233,0.00000000,0.00000000,0.00000000,0.00000000,10.19971344,0.00000000,26.13752827,0.00000000,8.83798035,10.47998019,2.21804386,0.00000000,0.00000000,0.00000000,0.00000000,25.37136121,0.00000000,0.00000000,0.00000000,0.00000000,0.00000000,0.00000000,0.00000000,0.00000000,0.00000000,0.00000000,0.00000000,0.00000000,0.00000000,0.00000000,112.02179068,0.00000000,47.82480335,48.69466951,33.08075065,7.32114403,82.27148582,15.79299315,42.60694107,84.57739530,26.58605164,15.88882329,70.52943338,0.00000000,3.97489651,0.00000000,181.01887603,21.28958012,311.74309464,1.63733711,0.00000000,1.70103499,138.94479650,9.21575248,205.90220915,25.28464336,5.68642605,58.77849402,75.83687464,0.00000000,2.41077126,9.14807808,73.85515402,0.00000000,4.54314263,0.00000000,50.36546962,0.55703742,32.05737432,0.00000000,2.33254870,0.00000000,28.98952189,0.00000000,0.00000000,0.00000000,0.00000000,0.00000000,9.66298643,0.00000000,15.60485399,0.00000000,13.11955814,0.00000000,72.14681220,0.00000000,0.00000000,0.00000000,0.00000000,9.28488402,44.81743040,0.00000000,0.00000000,0.00000000,0.00000000,0.00000000,0.00000000,0.00000000,0.00000000,0.00000000,0.00000000,0.00000000,0.00000000,0.00000000,0.00000000,0.00000000,0.00000000,0.00000000,0.00000000,0.00000000,0.00000000,0.00000000,0.00000000,0.00000000,0.00000000,0.00000000,0.00000000,0.00000000,1.57881003,0.00000000,0.00000000,0.52069352,0.00000000,6.78845633,0.00000000,0.00000000,0.00000000,15.50251540,3.61516159,14.61911313,0.00000000,0.98273086,0.00000000,0.00000000
0.00000000,0.00000000,30.39886285,0.00000000,0.00000000,0.00000000,1.93205742,0.00000000,0.00000000,0.00000000,0.00000000,0.00000000,0.00000000,0.00000000,0.00000000,0.00000000,142.11818407,0.00000000,0.00000000,0.00000000,0.00000000,0.00000000,101.63406170,0.00000000,101.91019947,0.00000000,0.00000000,0.00000000,8.81243471,0.00000000,0.00000000,0.00000000,0.00000000,0.00000000,0.00000000,0.00000000,0.00000000,0.00000000,0.00000000,0.00000000,0.00000000,0.00000000,0.00000000,0.00000000,0.00000000,0.00000000,0.00000000,0.00000000,0.00000000,0.00000000,0.00000000,0.00000000,99.73437750,0.00000000,13.11411164,0.00000000,4.79113329,0.00000000,0.00000000,0.00000000,2.87648222,0.00000000,23.18548280,0.00000000,0.00000000,0.00000000,0.00000000,0.00000000,0.00000000,0.00000000,17.76893707,0.00000000,21.36847177,0.00000000,60.18518830,0.00000000,0.00000000,0.00000000,35.78323647,0.00000000,40.47132790,0.00000000,0.00000000,0.00000000,347.46712196,4.75782563,67.17718579,0.00000000,0.00000000,0.00000000,25.81155919,0.02895195,0.00000000,0.00000000,0.00000000,0.00000000,133.80216556,0.00000000,84.74389005,0.00000000,0.56247910,0.00000000,0.00000000,0.00000000,0.00000000,0.00000000,13.18572975,0.36133457,0.00000000,0.00000000,0.00000000,0.00000000,0.00000000,0.00000000,0.00000000,0.00000000,0.00000000,0.00000000,0.00000000,0.00000000,110.73091518,0.00000000,251.99388801,0.00000000,3.07999196,0.00000000,4.56539544,1.50227402,122.39420190,0.00000000,9.66944350,0.60159492,94.85092763,0.00000000,83.65024999,0.00000000,267.21802412,0.00000000,53.68795211,3.67798053,219.94784548,1.70103499,0.00000000,0.00000000,5.30707546,0.00000000,0.00000000,1.06332959,0.00000000,0.00000000,4.96307847,0.00000000,9.20955851,0.00000000,7.17040708,0.00000000,0.00000000,0.00000000,33.67902254,0.00000000,0.00000000,0.00000000,0.00000000,0.00000000,0.00000000,0.00000000,0.00000000,0.00000000,19.91759773,0.00000000,0.00000000,0.00000000,0.00000000,0.00000000,0.00000000,0.00000000,0.00000000,0.00000000,0.00000000,0.00000000,39.92161053,2.23532393,0.87537816,0.00000000,0.00000000,0.00000000,0.00000000,0.00000000,0.00000000,0.00000000,0.00000000,0.00000000,0.00000000,0.00000000,0.00000000,0.00000000,0.00000000,0.00000000,19.24843581,0.00000000,126.42566926,0.00000000,0.00000000,0.00000000,0.00000000,0.00000000,1.29986624,0.00000000,0.25428402,0.00000000,22.31691062,0.00000000,0.00000000,0.00000000,0.00000000,0.00000000,0.00000000,0.00000000,0.00000000,0.00000000,0.00000000,0.00000000,0.00000000,0.00000000,0.00000000
0.00000000,0.00000000,0.00000000,8.01321223,0.00000000,0.00000000,0.00000000,0.00000000,0.00000000,0.00000000,0.00000000,0.00000000,0.00000000,0.00000000,0.00000000,20.36729001,0.00000000,167.48285664,0.00000000,0.00000000,0.00000000,101.08981745,0.00000000,79.32225966,0.00000000,38.69200198,0.00000000,0.00000000,0.00000000,142.89816034,0.00000000,7.31533724,0.00000000,33.26971683,0.00000000,12.77016670,0.00000000,53.73286474,0.00000000,0.00000000,0.00000000,0.00000000,0.00000000,11.04942016,0.00000000,88.37174719,0.00000000,0.00000000,0.00000000,0.00000000,0.00000000,9.07372441,0.00000000,81.44435494,0.00000000,27.20953675,0.00000000,0.00000000,0.00000000,0.00000000,0.00000000,0.00000000,0.00000000,0.00000000,0.00000000,0.00000000,0.00000000,0.00000000,0.00000000,0.00000000,0.00000000,2.29275617,0.00000000,2.78908116,4.17792450,51.20445869,0.00000000,0.00000000,0.00000000,31.78657867,0.00000000,253.99083863,0.00000000,0.00000000,0.00000000,345.02267987,0.00000000,119.96853632,0.00000000,0.00000000,1.08638692,13.25943411,0.00000000,0.00000000,0.00000000,0.00000000,0.00000000,47.65342961,3.87518002,46.11033666,0.00000000,20.17993369,0.00000000,0.00000000,0.00000000,0.00000000,3.56296563,0.00000000,0.00000000,0.00000000,0.00000000,0.00000000,0.00000000,0.00000000,0.00000000,0.00000000,0.00000000,0.00000000,0.00000000,0.00000000,0.00000000,166.13950190,0.00000000,77.75504626,20.74339768,8.95758738,0.00000000,17.55392066,11.34483020,0.00000000,0.00000000,0.00000000,0.00000000,0.02171950,0.00000000,123.58872368,5.41357536,227.80396643,0.00000000,20.22359868,2.97376725,138.94479650,0.00000000,0.00000000,4.87783768,5.35259038,9.49380103,0.78613585,19.78856853,8.27489880,0.00000000,13.33361736,0.69229891,20.03703411,0.00000000,0.00000000,0.00000000,2.68202699,0.00000000,15.49142959,0.00000000,0.58950287,0.00000000,1.03849609,0.00000000,0.00000000,0.00000000,0.10817400,0.00000000,2.18707618,0.00000000,20.32872151,0.00000000,6.11979756,0.00000000,16.66631119,0.00000000,0.00000000,0.00000000,0.00000000,6.83157693,19.90327682,0.00000000,0.00000000,0.00000000,0.00000000,0.00000000,0.00000000,0.00000000,0.00000000,0.00000000,0.00000000,0.00000000,0.00000000,0.00000000,0.00000000,0.00000000,0.00000000,0.00000000,0.38324639,0.00000000,22.88223401,1.68932396,0.00000000,0.00000000,0.00000000,0.00000000,0.00000000,0.00000000,8.13895315,0.00000000,0.00000000,0.00000000,0.00000000,0.00000000,0.00000000,0.00000000,0.00000000,3.23431186,0.00000000,0.00000000,0.01200342,0.00000000,0.00000000,0.00000000
0.00000000,0.00000000,0.00000000,0.00000000,0.00000000,0.00000000,0.00000000,0.00000000,0.00000000,0.00000000,0.00000000,0.00000000,0.00000000,0.00000000,0.00000000,0.00000000,0.00000000,0.00000000,8.72540173,0.00000000,8.31908073,0.00000000,0.00000000,0.00000000,0.00000000,4.69177668,40.21011236,0.00000000,23.32147280,0.00000000,8.04354203,0.00000000,5.93061742,0.00000000,0.00000000,0.00000000,134.40884477,0.00000000,10.30172627,0.00000000,0.00000000,0.00000000,0.00000000,0.00000000,18.03232612,0.00000000,0.00000000,0.00000000,0.00000000,0.00000000,11.88123059,0.00000000,19.48873380,6.49749412,0.00000000,5.84710322,0.57309293,0.00000000,1.98284472,0.27170008,128.77192819,0.00000000,22.54923342,0.00000000,47.23776487,26.56874671,11.97947061,6.28616877,0.00000000,0.00000000,78.86537884,0.00000000,46.48445732,0.00000000,90.63736005,0.00000000,0.00000000,0.00000000,0.71807127,0.00000000,0.00000000,0.00000000,0.00000000,0.00000000,0.00000000,0.00000000,4.60440382,0.00000000,0.00000000,0.00000000,0.00000000,0.00000000,0.00000000,0.00000000,0.00000000,0.00000000,0.00000000,1.80787884,0.00000000,0.22395001,0.00000000,0.00000000,0.00000000,0.00000000,0.00000000,0.00000000,0.00000000,0.00000000,0.00000000,0.00000000,0.00000000,0.00000000,0.00000000,0.00000000,0.00000000,0.00000000,0.00000000,0.00000000,0.00000000,0.00000000,20.10314247,0.00000000,7.35115861,0.00000000,1.05422496,0.00000000,0.00000000,0.00000000,39.43596997,4.49421480,143.80689564,13.74479287,0.00000000,0.00000000,0.00000000,0.00000000,0.00000000,3.70329429,173.77068567,25.80952931,88.68264414,9.21575248,5.30707546,4.87783768,0.00000000,19.33930318,0.72717642,0.00000000,84.44495358,56.57627625,5.97845388,1.79587625,4.02785275,0.00000000,48.47548540,3.07973782,114.82111933,0.00000000,63.70177143,17.46150292,103.26025291,71.79343014,223.83568599,0.00000000,0.00000000,0.00000000,1.29907677,0.00000000,5.05369949,0.00000000,48.71405397,0.00000000,48.18502663,0.00000000,55.86767518,0.74833989,1.37912586,0.00000000,0.00000000,0.00000000,41.41818613,29.18518170,0.00000000,0.00000000,110.52938105,2.93340245,0.00000000,0.00000000,0.00000000,0.00000000,0.00000000,0.00000000,0.00000000,0.00000000,0.00000000,0.00000000,0.00000000,0.00000000,0.00000000,0.00000000,0.35390900,0.00000000,0.00000000,0.00000000,0.00000000,0.00000000,0.00000000,0.00000000,0.00000000,0.00000000,18.78976505,1.04808837,54.85295396,19.79098025,19.45731227,6.52601806,0.00000000,0.00000000,0.00000000,0.00000000,0.11386862,0.00000000,0.00000000,0.00000000,0.00000000
0.00000000,0.00000000,0.00000000,0.00000000,0.00000000,0.00000000,0.00000000,0.00000000,0.00000000,0.00000000,0.00000000,0.00000000,0.00000000,0.00000000,0.00000000,0.00000000,0.00000000,0.00000000,0.00000000,0.00000000,0.00000000,38.42754048,0.00000000,0.22227563,0.00000000,0.00000000,0.00000000,0.00000000,0.00000000,19.75647241,0.00000000,24.61232602,0.00000000,2.44334212,0.00000000,8.88052901,0.00000000,90.55069462,0.00000000,35.02719283,0.00000000,0.00000000,0.00000000,42.30592726,0.00000000,19.01395769,0.00000000,0.00000000,0.00000000,0.00000000,0.00000000,25.54853636,0.00000000,36.14283504,0.00000000,0.00000000,0.00000000,1.15626337,0.00000000,14.89320846,0.00000000,108.61863264,0.00000000,112.25226671,26.18277358,63.19469884,0.00000000,11.96504343,0.00000000,0.00000000,0.00000000,95.94866075,0.00000000,75.63918219,6.68770372,230.29861215,0.00000000,0.00000000,0.00000000,7.28863170,0.00000000,5.74993753,0.00000000,0.00000000,0.00000000,0.00000000,0.00000000,25.86138904,0.00000000,0.00000000,0.00000000,0.00000000,0.00000000,0.00000000,0.00000000,0.00000000,0.00000000,0.00000000,0.00000000,0.00000000,0.00000000,0.00000000,0.00000000,0.00000000,0.00000000,0.00000000,0.00000000,0.00000000,0.00000000,0.00000000,0.00000000,0.00000000,0.00000000,0.00000000,0.00000000,0.00000000,0.00000000,0.00000000,0.00000000,0.00000000,0.71478627,19.79297095,0.00000000,10.10335314,0.00000000,0.00000000,0.00000000,0.00000000,2.91907447,41.82316703,15.72074099,84.82528789,0.00000000,0.00000000,0.00000000,0.00000000,0.00000000,0.05732948,37.77402013,327.68667879,0.00000000,205.90220915,0.00000000,5.35259038,19.33930318,0.00000000,0.00000000,2.12929110,36.30404093,92.72178340,0.00000000,4.80722110,0.78207298,10.13698266,3.52778719,15.99392972,0.00000000,158.01901724,11.21441407,106.53964381,40.54816946,268.93719786,0.00000000,121.08463555,0.00000000,0.00000000,0.00000000,13.57244127,0.00000000,12.25892863,0.00000000,36.14789488,0.00000000,46.03637854,0.00000000,24.18606302,0.00000000,0.00000000,0.00000000,0.77263601,4.34745586,37.36520520,0.00000000,0.00000000,6.75581962,46.33457366,0.00000000,0.00000000,0.00000000,0.00000000,0.00000000,0.00000000,0.00000000,0.00000000,0.00000000,0.00000000,0.00000000,0.00000000,0.00000000,0.00000000,0.00000000,0.00000000,0.00000000,0.00000000,0.00000000,0.00000000,0.00000000,0.00000000,0.00000000,0.00000000,0.00000000,0.00000000,0.00000000,0.00000000,4.33798338,0.00000000,0.00000000,0.00000000,21.08558762,14.62500831,32.45321308,7.01077026,0.00000000,0.00000000,0.00000000
20.57663733,0.00000000,59.42823426,0.00000000,17.29401856,0.00000000,20.21087024,0.00000000,44.30539313,0.00000000,6.19775253,0.00000000,5.58790343,0.00000000,4.01485976,0.00000000,0.00000000,0.00000000,4.47664234,0.00000000,0.00000000,0.00000000,1.74787567,0.00000000,0.00000000,0.00000000,0.00000000,0.00000000,0.00000000,0.00000000,0.00000000,0.00000000,0.00000000,0.00000000,0.00000000,0.00000000,0.00000000,0.00000000,0.00000000,0.00000000,0.00000000,0.00000000,0.00000000,0.00000000,0.00000000,0.00000000,0.00000000,0.00000000,2.43485184,0.00000000,0.00000000,0.00000000,3.77107634,0.00000000,0.00000000,0.00000000,0.00000000,0.00000000,5.14454289,0.00000000,0.00000000,0.00000000,0.00000000,0.00000000,3.12709684,0.00000000,0.00000000,0.00000000,0.00000000,0.00000000,0.00000000,0.00000000,0.00000000,0.00000000,5.25781310,0.00000000,0.00000000,0.00000000,0.00000000,0.00000000,0.00000000,23.44203549,0.00000000,0.00000000,0.00000000,14.64947859,0.00000000,0.00000000,0.00000000,0.00000000,0.00000000,28.75567880,0.00000000,0.00000000,0.00000000,0.00000000,0.00000000,22.27655341,5.50567664,18.04864961,0.00000000,79.48430811,0.00000000,0.00000000,0.00000000,0.00000000,0.00000000,0.11746619,0.00000000,0.00000000,0.00000000,0.00000000,0.00000000,0.00000000,0.00000000,0.00000000,0.00000000,0.00000000,4.13547663,0.00000000,0.00000000,0.00000000,0.00000000,8.10090071,8.75795223,86.30834604,28.93593904,59.06051732,5.84947308,21.49522442,3.84967017,18.10910821,2.12025241,12.58766392,10.94842791,0.00000000,23.09201297,74.48853587,18.53549511,31.69852583,38.71014616,25.28464336,0.00000000,9.49380103,0.72717642,0.00000000,0.00000000,57.15282425,167.26848526,14.66473698,121.21977163,22.97808874,195.53156884,45.95666842,0.00000000,0.00000000,0.00000000,0.00000000,0.00000000,0.00000000,0.00000000,0.00000000,0.00000000,0.00000000,0.00000000,0.00000000,0.00000000,0.00000000,0.00000000,0.00000000,0.00000000,0.00000000,0.00000000,0.00000000,46.56125652,4.09959222,0.00000000,0.00000000,0.00000000,0.00000000,190.26094732,85.46981780,0.00000000,0.00000000,45.82171747,0.00000000,0.00000000,0.00000000,0.00000000,0.00000000,0.00000000,0.00000000,0.00000000,0.00000000,0.00000000,0.00000000,0.00000000,13.34890225,0.00000000,0.00000000,0.00000000,14.59772196,0.39874674,11.54027545,0.00000000,0.00000000,0.00000000,34.48850632,10.20285995,15.79248045,1.88331010,0.00000000,0.00000000,0.00000000,0.36464140,0.00000000,0.00000000,0.00000000,0.00000000,0.00000000,0.00000000,0.00000000,0.00000000,0.00000000,0.00000000
0.00000000,2.31116298,0.00000000,0.00000000,0.00000000,0.00000000,0.00000000,6.69641649,0.00000000,27.93982507,0.00000000,1.08145427,0.00000000,0.00000000,0.00000000,0.00000000,0.00000000,0.00000000,0.00000000,0.31913508,0.00000000,0.00000000,0.00000000,0.00000000,0.00000000,0.00000000,0.00000000,0.00000000,0.00000000,0.00000000,0.00000000,0.00000000,0.00000000,0.00000000,0.00000000,0.00000000,0.00000000,0.00000000,0.00000000,0.00000000,0.00000000,0.00000000,0.00000000,0.00000000,0.00000000,0.00000000,0.00000000,0.00000000,0.00000000,0.00000000,0.00000000,0.00000000,0.00000000,0.00000000,0.00000000,0.00000000,0.00000000,0.00000000,0.00000000,1.02414437,0.00000000,0.00000000,0.00000000,0.00000000,0.00000000,16.05108002,0.00000000,13.90253225,0.00000000,0.00000000,0.00000000,5.54309274,0.00000000,0.00000000,0.00000000,0.00000000,0.00000000,0.00000000,0.00000000,0.00000000,0.00000000,10.56626625,0.00000000,0.00000000,0.87348796,0.00000000,0.00000000,0.00000000,0.00000000,0.00000000,0.00000000,0.02558861,0.00000000,0.00000000,0.11027499,0.00000000,18.77654347,2.23928313,20.92496124,7.53418130,2.92821547,30.95426568,11.62293150,0.00000000,0.00000000,0.00000000,31.73069339,0.00000000,0.00000000,0.00000000,0.00000000,0.00000000,0.00000000,0.00000000,0.00000000,0.00000000,0.00000000,0.00000000,0.00000000,0.00000000,0.00000000,0.00000000,1.24983449,11.79557200,60.60426372,27.21074301,36.25504977,35.02946730,29.63446226,0.00000000,0.00000000,6.39425108,3.12992540,0.00000000,6.80516106,0.00000000,28.59418491,2.07639187,0.00000000,0.00970204,0.71482596,5.68642605,1.06332959,0.78613585,0.00000000,2.12929110,57.15282425,0.00000000,0.00000000,34.44112124,0.00000000,64.09797003,5.57523251,158.22742240,0.00000000,0.00000000,0.00000000,0.00000000,0.00000000,0.00000000,0.00000000,0.39230556,0.00000000,0.00000000,0.00000000,0.00000000,0.00000000,0.00000000,0.00000000,2.77731732,0.00000000,0.00000000,0.00000000,0.00000000,0.00000000,6.38351909,0.00000000,0.00000000,0.00000000,0.00000000,8.99402136,104.79844844,0.00000000,0.00000000,0.00000000,8.62770984,0.00000000,0.00000000,0.00000000,0.00000000,2.90603009,0.00000000,0.00000000,0.00000000,0.00000000,0.00000000,0.00000000,0.00000000,10.77103904,4.92003396,12.74584744,2.06942919,11.87368364,0.00000000,0.00000000,0.00000000,0.00000000,3.45556887,14.32394346,17.09750410,0.00000000,0.00000000,0.00000000,0.00000000,0.00000000,0.00000000,0.00000000,0.00000000,33.46954904,0.00000000,2.96768212,0.00000000,0.00000000,5.77634722,0.00000000
8.37876067,0.00000000,31.74445773,0.00000000,55.51729523,0.00000000,19.00833225,0.00000000,101.31997600,0.00000000,0.00000000,0.00000000,9.16519485,0.00000000,21.66923988,0.00000000,0.00000000,0.00000000,8.82215897,0.00000000,0.00000000,0.00000000,0.00000000,0.00000000,5.07431019,0.00000000,0.00000000,0.00000000,0.00000000,0.00000000,0.00000000,0.00000000,0.00000000,0.00000000,0.00000000,0.00000000,0.00000000,0.00000000,0.00000000,0.00000000,0.00000000,0.00000000,0.00000000,0.00000000,5.77041934,0.00000000,1.35877766,0.00000000,0.00000000,0.00000000,0.00000000,0.00000000,3.87223144,0.00000000,0.00000000,0.00000000,2.16592129,0.00000000,7.65760102,0.00000000,0.00000000,0.00000000,0.00000000,0.00000000,48.24334558,13.91064510,24.95005686,0.00000000,0.00000000,0.00000000,48.23752456,1.80343647,16.67454647,0.00000000,20.08934724,0.00000000,0.00000000,0.00000000,0.00000000,0.00000000,0.00000000,15.73812091,0.00000000,0.70458117,0.00000000,0.00000000,0.00000000,0.00000000,2.67048497,0.00000000,0.00000000,0.00000000,0.00000000,0.00000000,0.00000000,0.00000000,0.00000000,2.50272260,10.52792291,0.00000000,8.19664276,3.89801547,0.00000000,0.00000000,0.00000000,0.00000000,0.00000000,0.00000000,0.00000000,0.00000000,0.00000000,0.00000000,0.00000000,0.00000000,0.00000000,0.00000000,0.00000000,0.00000000,0.00000000,0.00000000,5.21343482,0.00000000,0.00000000,0.00000000,74.92725794,85.14666499,24.45896951,14.10706989,0.00000000,25.76013811,44.36344676,148.72863516,5.29366222,4.27224655,0.00000000,0.00000000,0.92681275,0.00000000,53.37656590,104.63984543,17.91641420,58.77849402,0.00000000,19.78856853,84.44495358,36.30404093,167.26848526,0.00000000,0.00000000,165.50446762,68.16815270,0.00000000,31.79349871,27.80464607,0.00000000,0.00000000,0.00000000,0.00000000,0.64234083,0.72037619,82.49647283,48.09986246,0.00000000,0.00000000,0.00000000,0.00000000,0.00000000,0.00000000,8.94201595,0.00000000,0.61230615,0.00000000,0.00000000,0.00000000,16.13772389,5.81328223,0.00000000,0.00000000,0.00000000,0.00000000,130.82819084,108.74105673,20.80532288,0.00000000,180.94333804,0.00000000,0.00000000,0.00000000,0.00000000,0.00000000,0.00000000,0.00000000,0.00000000,0.00000000,0.00000000,0.00000000,0.00000000,0.00000000,0.00000000,0.00000000,0.00000000,0.00000000,0.00000000,0.00000000,0.00000000,0.00000000,0.00000000,0.00000000,8.43702698,0.00000000,29.63828839,0.00000000,28.81250539,0.40687393,41.84961902,0.00000000,0.00000000,0.00000000,0.00000000,0.00000000,6.28692391,0.00000000,0.00000000,0.00000000,0.00000000
0.00000000,54.38973211,0.00000000,0.00000000,0.00000000,38.60917025,0.00000000,19.20181668,0.00000000,128.05303708,0.00000000,8.36713675,0.00000000,3.63466873,0.00000000,1.61737029,0.00000000,0.00000000,0.00000000,7.18699721,0.00000000,0.00000000,0.00000000,0.00000000,0.00000000,0.00000000,0.00000000,31.17945550,0.00000000,0.00000000,0.00000000,0.00000000,0.00000000,0.00000000,0.00000000,0.00000000,0.00000000,0.00000000,0.00000000,0.00000000,0.00000000,0.00000000,0.00000000,0.00000000,0.00000000,0.00000000,0.00000000,0.00000000,0.00000000,0.00000000,0.00000000,0.00000000,0.00000000,0.00000000,0.00000000,0.00000000,0.00000000,2.62433532,0.00000000,42.07152845,0.00000000,0.00000000,0.00000000,0.00000000,0.00000000,130.28554706,0.00000000,86.96655359,0.00000000,0.00000000,3.75421524,32.59982293,0.00000000,12.54480817,13.76940231,34.73321145,0.00000000,0.00000000,0.00000000,0.00000000,0.00000000,32.95848515,0.00000000,0.00000000,0.00000000,0.00000000,0.00000000,17.30425950,0.00000000,0.00000000,11.59998063,0.00000000,0.00000000,0.00000000,0.00000000,0.00000000,6.68927960,0.00000000,2.63433385,5.01403230,14.05008070,14.67238992,2.80781350,0.00000000,0.00000000,0.00000000,16.13566349,0.00000000,0.00000000,0.00000000,0.00000000,0.00000000,0.00000000,0.00000000,0.00000000,0.00000000,0.00000000,0.00000000,0.00000000,0.00000000,0.00000000,0.00000000,0.00000000,13.16581806,39.87727298,10.97359460,2.80745149,12.04166176,33.99153569,0.00000000,189.54939020,54.69444272,12.81110461,0.00000000,0.00000000,0.00000000,13.26666123,5.44029535,66.17464253,54.05882166,19.72171602,75.83687464,0.00000000,8.27489880,56.57627625,92.72178340,14.66473698,34.44112124,165.50446762,0.00000000,0.00000000,56.10069819,19.50181268,102.92166863,0.33801448,0.00000000,0.00000000,0.00000000,12.26298560,30.71448316,32.06833522,108.77885692,0.00000000,6.24649519,0.00000000,0.00000000,0.00000000,0.00000000,8.51936736,4.21845312,0.00000000,0.00000000,0.00000000,0.00000000,7.71731873,21.03937186,0.00000000,0.00000000,0.00000000,0.00000000,54.60495418,35.58596024,0.00000000,9.30167720,0.00000000,140.72668407,0.00000000,0.00000000,0.00000000,0.00000000,0.00000000,0.00000000,0.00000000,0.00000000,0.00000000,0.00000000,0.00000000,0.00000000,0.00000000,0.00000000,0.00000000,0.00000000,0.00000000,0.00000000,0.00000000,0.00000000,0.00000000,1.94144179,0.00000000,5.23572849,0.00000000,0.00000000,0.00000000,0.00000000,49.50313035,0.00000000,0.00000000,0.00000000,96.18266713,0.00000000,48.79755860,0.00000000,0.00000000,2.07210401,0.00000000
9.52193642,0.00000000,107.68753827,0.00000000,63.53441403,0.00000000,19.25320901,0.00000000,65.15266289,0.00000000,17.05136998,0.00000000,42.47377609,0.00000000,36.97308294,0.00000000,0.00000000,0.00000000,21.62690368,0.00000000,0.00000000,0.00000000,32.95067034,0.00000000,3.54176028,0.00000000,0.00000000,0.00000000,0.00000000,0.00000000,0.00000000,0.00000000,0.00000000,0.00000000,0.00000000,0.00000000,0.00000000,0.00000000,0.00000000,0.00000000,0.00000000,0.00000000,0.00000000,0.00000000,14.04526889,0.00000000,2.05165128,0.00000000,0.00000000,0.00000000,0.00000000,0.00000000,0.00000000,0.00000000,0.00000000,0.00000000,15.67218245,0.00000000,7.98291137,0.00000000,0.00000000,0.00000000,0.00000000,0.00000000,5.61960880,0.00000000,17.18375028,0.00000000,0.00000000,0.00000000,31.12521287,0.00000000,74.29396457,0.00000000,50.51984839,0.00000000,0.00000000,0.00000000,0.00000000,0.00000000,0.00000000,0.00000000,0.00000000,0.00000000,0.00000000,0.00000000,0.80702146,0.00000000,0.00000000,0.00000000,0.00000000,13.73638981,0.00000000,0.00000000,0.00000000,0.00000000,0.00000000,0.00000000,0.00000000,0.00000000,0.00000000,6.76708823,0.00000000,0.00000000,16.33314905,0.00000000,22.67609229,0.00000000,0.00000000,0.00000000,1.05484462,0.00000000,0.00000000,0.00000000,0.00000000,0.00000000,0.00000000,0.00000000,21.68829149,0.00000000,8.28413550,0.00000000,0.00000000,0.00000000,2.96928470,0.00000000,56.19548856,18.89338553,4.83056849,0.00000000,0.00000000,0.00000000,0.00000000,0.00000000,86.80080841,0.00000000,67.77431807,8.06015421,24.19792915,0.00000000,69.89219459,0.00000000,4.96307847,0.00000000,5.97845388,0.00000000,121.21977163,0.00000000,68.16815270,0.00000000,0.00000000,35.96811543,107.28591094,0.00000000,0.00000000,0.00000000,0.00000000,0.00000000,0.00000000,0.00000000,3.77440575,0.00000000,44.26815297,0.00000000,0.00000000,0.00000000,0.00000000,0.00000000,6.09718031,0.00000000,3.19262631,0.00000000,0.00000000,0.00000000,122.66887817,0.00000000,0.00000000,0.00000000,0.00000000,0.00000000,217.22367905,62.59219080,18.71519404,0.00000000,101.71542361,0.00000000,0.00000000,0.00000000,0.02530975,0.00000000,50.63572833,0.00000000,17.86892323,8.03541635,5.94991951,0.00000000,124.33593793,21.49832815,59.43775584,5.90477016,4.16929082,7.79352579,33.03042317,40.81209127,5.05835197,0.00000000,108.58509799,0.08834523,59.82534571,32.61458628,156.66419351,0.00000000,106.79569838,4.58882942,137.89753183,5.43592351,11.61681437,1.84269102,0.00000000,0.00000000,2.42883586,0.00000000,0.00000000,0.00000000,0.00000000
3.63814474,94.27458219,0.00000000,0.00000000,0.00000000,38.67435540,0.00000000,2.65329802,0.00000000,103.62291771,0.00000000,51.27120443,0.00000000,0.00000000,0.00000000,2.85999200,0.00000000,0.00000000,0.00000000,49.87591792,0.00000000,0.00000000,0.00000000,0.00000000,0.00000000,0.00000000,0.00000000,63.17018348,0.00000000,0.00000000,0.00000000,0.00000000,0.00000000,0.00000000,0.00000000,0.00000000,0.00000000,0.00000000,0.00000000,0.00000000,0.00000000,0.00000000,0.00000000,0.00000000,0.00000000,0.00000000,0.00000000,0.00000000,0.00000000,27.89699844,0.00000000,0.00000000,0.00000000,0.00000000,0.00000000,0.00000000,0.00000000,0.00000000,0.00000000,0.00000000,0.00000000,0.00000000,0.00000000,0.00000000,0.00000000,13.43190257,0.00000000,0.00000000,0.00000000,0.00000000,0.00000000,5.99828736,0.00000000,0.00000000,0.00000000,14.85611739,0.00000000,0.00000000,0.00000000,0.00000000,0.00000000,8.99965009,0.00000000,0.00000000,0.00000000,4.82977245,0.00000000,2.52588539,0.00000000,0.00000000,11.63333195,7.13993975,0.00000000,0.00000000,0.00000000,0.00000000,4.63196331,1.74580630,0.00000000,0.00000000,0.27935756,34.02402977,0.00000000,0.00000000,20.33843398,3.88421923,7.83087549,14.39098176,0.00000000,0.00000000,0.00000000,1.97762073,0.00000000,42.69179583,0.00000000,0.00000000,0.00000000,0.00000000,1.00924955,97.45356418,0.00000000,2.40315072,0.00000000,6.10538852,10.09825556,3.38053202,62.92426271,181.11547959,0.80454106,3.70202952,0.00000000,0.00000000,0.00000000,0.98098112,0.25486170,46.78389655,5.53973498,17.12092461,0.00000000,0.00000000,0.00000000,2.41077126,0.00000000,13.33361736,1.79587625,4.80722110,22.97808874,64.09797003,0.00000000,56.10069819,35.96811543,0.00000000,13.27491761,189.94558557,0.00000000,0.00000000,0.00000000,0.00000000,0.00000000,0.00000000,0.00000000,0.58950931,0.00000000,1.80964657,0.00000000,0.00000000,0.00000000,0.00000000,0.00000000,0.00000000,0.00000000,0.47411841,0.00000000,0.00000000,0.01002986,44.91748814,0.00000000,2.78455406,0.00000000,20.91926703,63.73692402,277.71504281,0.00000000,8.18149724,0.00000000,93.63942656,0.00000000,0.00000000,0.00000000,0.00000000,0.00000000,108.26834230,15.79067845,65.08643918,5.20370646,16.71454672,64.21895165,167.83475573,19.78136811,77.06593524,0.00000000,89.38107001,76.89899104,89.81921611,0.00000000,1.15194116,54.60479931,333.81971211,38.31301451,182.43281848,0.00000000,0.00000000,5.54001170,0.00000000,19.31937203,3.19609072,0.00000000,0.00000000,50.28027130,0.00000000,45.75670655,9.72452127,35.91792413,0.00000000,0.00000000
0.00000000,0.00000000,23.98557959,0.00000000,26.56506923,0.00000000,0.00000000,0.00000000,27.79782697,0.00000000,0.00000000,0.00000000,3.77195996,0.00000000,0.00000000,0.00000000,0.00000000,0.00000000,0.00000000,0.00000000,0.00000000,0.00000000,6.59876508,0.00000000,0.00000000,0.00000000,0.00000000,0.31551633,0.00000000,0.00000000,0.00000000,0.00000000,0.00000000,0.00000000,0.00000000,0.00000000,0.00000000,0.00000000,0.00000000,0.00000000,0.00000000,0.00000000,0.00000000,0.00000000,0.00000000,0.00000000,0.00000000,0.00000000,0.00000000,0.00000000,0.00000000,0.00000000,0.00000000,0.00000000,0.72169948,0.00000000,0.00000000,0.00000000,3.27579277,0.00000000,0.00000000,0.00000000,0.00000000,0.00000000,0.00000000,0.00000000,1.77803163,0.00000000,0.00000000,0.00000000,3.40177237,0.00000000,0.00000000,0.00000000,7.90989713,0.00000000,0.00000000,0.00000000,0.00000000,0.00000000,6.35577822,0.00000000,0.00000000,0.00000000,0.00000000,0.00000000,0.00000000,0.00000000,0.00000000,0.00000000,25.26692887,8.44250906,0.00000000,1.60017600,0.00000000,1.28537219,15.50939708,0.00000000,12.04275407,0.00000000,12.59921046,1.46303466,0.00000000,0.00000000,3.29783709,0.00000000,37.27720908,5.22387007,0.00000000,0.00000000,0.00000000,0.00000000,0.00000000,0.00000000,0.00000000,0.00000000,0.00000000,0.00000000,15.35710766,0.00000000,6.74858758,0.00000000,1.94122874,0.00000000,13.02995595,4.04280511,17.23861126,17.60963774,1.35738845,0.00000000,0.00000000,0.12404036,0.00000000,0.00000000,14.39941059,0.00000000,5.14911712,1.10923403,0.00000000,6.50956493,8.42597411,9.14807808,9.20955851,0.69229891,4.02785275,0.78207298,195.53156884,5.57523251,31.79349871,19.50181268,107.28591094,13.27491761,0.00000000,1.58620813,0.00000000,0.00000000,0.00000000,0.00000000,0.00000000,0.00000000,0.00000000,0.00000000,0.00000000,0.00000000,0.00000000,0.00000000,0.00000000,0.00000000,0.00000000,0.00000000,0.00000000,0.00000000,0.00000000,0.00000000,160.23818820,0.00000000,34.08938846,0.00000000,16.34019276,0.00000000,190.09050668,24.44238114,96.69889862,0.00000000,184.40902630,0.00000000,0.00000000,0.00000000,0.00000000,0.00000000,0.00000000,0.00000000,0.00000000,0.02525404,0.00000000,0.00000000,6.28929960,4.61100805,0.00000000,2.08465061,0.00000000,0.00000000,1.92631072,2.26894835,0.00000000,0.00000000,2.31452102,0.00000000,8.90741521,9.05961204,19.44916180,4.01120004,0.00000000,0.00000000,8.06178040,1.34834833,0.00000000,0.00000000,0.00000000,0.00000000,0.00000000,0.00000000,0.00000000,0.00000000,0.00000000
0.00000000,8.74475580,0.00000000,0.00000000,0.00000000,0.05765179,0.00000000,2.62342408,0.00000000,10.18014737,0.00000000,11.12272450,0.00000000,0.00000000,0.00000000,2.77287173,0.00000000,0.00000000,0.00000000,0.00000000,0.00000000,0.00000000,0.00000000,0.00000000,0.00000000,0.00000000,0.00000000,0.00000000,0.00000000,0.00000000,0.00000000,0.00000000,0.00000000,0.00000000,0.00000000,0.00000000,0.00000000,0.00000000,0.00000000,0.00000000,0.00000000,0.00000000,0.00000000,0.00000000,0.00000000,0.00000000,0.00000000,0.00000000,0.00000000,11.73931521,0.00000000,0.00000000,0.00000000,0.00000000,0.00000000,0.00000000,0.00000000,0.00000000,0.00000000,0.00000000,0.00000000,0.00000000,0.00000000,0.00000000,4.39340449,9.50015276,0.00000000,6.98185406,0.00000000,0.00000000,0.00000000,0.00000000,0.00000000,0.05921218,0.00000000,21.20714110,0.00000000,0.00000000,0.00000000,0.00000000,0.00000000,42.70560160,0.00000000,4.96222364,0.00000000,0.00000000,0.00000000,3.74450456,2.05032472,0.00000000,0.00000000,1.66324611,0.00000000,0.00000000,0.00000000,24.60591697,0.00000000,8.10922323,2.20183958,5.72067642,0.00000000,17.54259413,0.00000000,0.00000000,8.82411240,0.00000000,7.64999306,0.00000000,0.00000000,0.00000000,0.00000000,0.00000000,0.00000000,0.00000000,0.00000000,0.00000000,0.00000000,0.00000000,0.00000000,10.13189342,8.18349068,5.07177557,0.00000000,8.71302818,44.90145648,0.00000000,16.90699247,18.17084896,26.59830602,0.00000000,52.47312965,0.00000000,10.51237720,0.00000000,0.00000000,1.39227368,0.00000000,0.00000000,3.16930392,9.27107072,0.00000000,73.85515402,0.00000000,20.03703411,0.00000000,10.13698266,45.95666842,158.22742240,27.80464607,102.92166863,0.00000000,189.94558557,1.58620813,0.00000000,0.00000000,0.00000000,0.00000000,0.00000000,0.00000000,0.00000000,3.00660273,0.07852512,0.00000000,7.30126743,0.00000000,0.00000000,0.00000000,0.00000000,0.00000000,3.11007711,0.00000000,0.00000000,0.00000000,0.00000000,0.00000000,125.44705650,0.00000000,10.75729754,0.00000000,55.11869765,28.44372707,228.38047717,0.00000000,39.85123383,0.00000000,135.15945280,0.00000000,0.00000000,0.00000000,1.00025389,0.00000000,0.00000000,0.54944788,10.46920202,0.00000000,0.00000000,0.83635023,15.24286431,5.65408086,4.22225298,0.00000000,6.26862321,0.00000000,10.08299978,0.00000000,0.00000000,7.12369777,0.05907711,0.00000000,30.84715504,0.00000000,0.00000000,10.76922209,0.00000000,18.27927142,0.00000000,0.00000000,1.75945714,29.25474033,0.00000000,17.06380799,0.00000000,0.19602675,3.41985026,0.00000000
0.00000000,0.00000000,3.54829439,0.00000000,0.00000000,0.00000000,0.00000000,0.00000000,0.00000000,0.00000000,0.00000000,0.00000000,0.49925831,0.00000000,1.86797114,0.00000000,19.63995879,0.00000000,2.66171818,0.00000000,0.00000000,0.00000000,8.53084657,0.00000000,31.59299645,0.00000000,0.00000000,0.00000000,1.98197560,0.00000000,0.00000000,0.00000000,0.00000000,0.00000000,0.00000000,0.00000000,26.37598593,0.00000000,8.10781481,0.00000000,0.00000000,0.00000000,0.00000000,0.00000000,0.00000000,0.00000000,0.11347560,0.00000000,8.75773859,0.00000000,0.39104722,0.00000000,235.35717192,0.98656051,34.51680626,0.00000000,183.05370984,26.94315481,19.85915840,85.68829669,62.42491381,0.00000000,63.63130754,0.00000000,5.26329373,10.70468169,7.92191107,89.79382613,0.00000000,0.00000000,0.00000000,0.00000000,0.00000000,0.00000000,0.00000000,0.00000000,0.00000000,0.00000000,0.00000000,0.00000000,0.00000000,0.00000000,0.00000000,0.00000000,6.24252362,0.00000000,0.00000000,0.00000000,0.00000000,0.00000000,0.00000000,0.00000000,0.00000000,0.00000000,0.00000000,0.00000000,0.00000000,0.00000000,0.00000000,0.00000000,0.00000000,0.00000000,0.00000000,0.00000000,0.00000000,0.00000000,0.00000000,0.00000000,0.00000000,0.00000000,0.00000000,0.00000000,0.00000000,0.00000000,0.00000000,0.00000000,0.00000000,0.00000000,0.00000000,0.00000000,0.00000000,0.00000000,0.00000000,0.00000000,1.08329164,0.00000000,0.00000000,0.00000000,23.30228597,0.00000000,5.82403793,0.00000000,0.00000000,0.00000000,0.00000000,0.00000000,6.98117406,0.00000000,117.74534527,0.00000000,2.15601181,0.00000000,7.17040708,0.00000000,48.47548540,3.52778719,0.00000000,0.00000000,0.00000000,0.33801448,0.00000000,0.00000000,0.00000000,0.00000000,0.00000000,34.07246250,79.81099470,3.01135128,132.89872183,17.17227594,59.24172581,36.49359245,27.91671773,0.00000000,7.53224512,0.00000000,0.00000000,0.00000000,3.37951520,0.00000000,9.11259970,0.00000000,2.81359940,0.00000000,5.79712748,0.00000000,67.56584911,0.00000000,0.00000000,0.00000000,11.63655220,2.47188773,2.35954066,0.00000000,95.50431968,0.00000000,0.00000000,0.00000000,0.00000000,0.00000000,0.00000000,0.00000000,0.00000000,0.00000000,0.00000000,0.00000000,0.00000000,0.00000000,0.00000000,0.00000000,0.00000000,0.00000000,0.00000000,0.00000000,0.00000000,0.00000000,0.00000000,0.00000000,0.00000000,0.00000000,72.53416938,73.61489050,113.60196027,65.69517128,101.26727766,0.00000000,12.06334671,0.00000000,0.00000000,0.00000000,0.00000000,0.00000000,0.00000000,0.00000000,0.00000000
0.00000000,0.00000000,0.00000000,0.00000000,0.00000000,0.00000000,0.00000000,3.44156064,0.00000000,2.30736013,0.00000000,0.00000000,0.00000000,0.00000000,0.00000000,0.00000000,0.00000000,29.41797494,0.00000000,0.00000000,0.00000000,5.94026987,0.00000000,9.14431514,0.00000000,27.79907257,0.00000000,0.00000000,0.00000000,0.04449368,0.00000000,0.00000000,0.00000000,0.00000000,0.00000000,0.00000000,0.00000000,1.47338831,0.00000000,0.00000000,0.00000000,0.00000000,0.00000000,0.00000000,0.00000000,0.00000000,0.00000000,0.00000000,0.00000000,0.00000000,0.00000000,0.00000000,1.02882918,86.98909594,0.00000000,26.25961677,27.67137725,159.48052788,14.52089952,42.34183311,0.00000000,3.61426318,0.00000000,28.60548367,42.56467245,19.70468497,37.58698774,25.56862625,0.00000000,0.00000000,0.08405926,0.00000000,1.62947655,0.00000000,0.75043126,0.00000000,0.00000000,0.00000000,0.00000000,0.00000000,0.00000000,0.00000000,0.00000000,0.00000000,0.00000000,0.96678809,0.00000000,0.00000000,0.00000000,0.00000000,0.00000000,0.00000000,0.00000000,6.58427061,0.00000000,0.00000000,0.00000000,0.00000000,0.00000000,0.00000000,0.00000000,0.00000000,0.00000000,0.00000000,0.00000000,0.00000000,0.00000000,0.00000000,0.00000000,0.00000000,0.00000000,0.00000000,0.00000000,0.00000000,0.00000000,0.00000000,0.00000000,0.00000000,0.00000000,0.00000000,0.00000000,0.00000000,0.00000000,0.00000000,0.00000000,0.00000000,0.00000000,0.00000000,0.00000000,0.00000000,0.00000000,0.42198103,0.00000000,0.82099543,0.00000000,3.76251087,0.00000000,0.00000000,5.38798421,22.94632962,0.00000000,4.54314263,0.00000000,0.00000000,3.07973782,15.99392972,0.00000000,0.00000000,0.00000000,0.00000000,0.00000000,0.00000000,0.00000000,0.00000000,34.07246250,0.00000000,0.00000000,69.27018864,6.92879874,355.06642832,47.45441410,7.50196198,0.00000000,22.10557779,0.00000000,0.00000000,0.00000000,0.00000000,0.00000000,14.15719207,0.00000000,54.76734931,0.00000000,0.00000000,0.00000000,1.74266474,2.72848746,0.00000000,0.00000000,0.00000000,6.46398665,48.89282828,0.00000000,0.00000000,0.00000000,55.33708892,0.00000000,0.00000000,0.00000000,0.00000000,0.00000000,0.00000000,0.00000000,0.00000000,0.00000000,0.00000000,0.00000000,0.00000000,0.00000000,0.00000000,0.00000000,0.00000000,0.00000000,0.00000000,0.00000000,0.00000000,0.00000000,0.00000000,0.00000000,0.00000000,0.00000000,0.00000000,0.00000000,0.02150877,91.24773541,0.00000000,0.00000000,0.00000000,82.68738691,39.88181164,158.64285936,73.37329923,0.00000000,12.44978616,0.00000000
0.00000000,0.00000000,0.00000000,0.00000000,1.94050998,0.00000000,0.00000000,0.00000000,1.34271903,0.00000000,0.00000000,0.00000000,1.06283222,0.00000000,4.42913817,0.00000000,0.00000000,0.00000000,0.00000000,0.00000000,0.00000000,0.00000000,2.81945616,0.00000000,11.19212637,0.00000000,0.00000000,0.00000000,0.00000000,0.00000000,0.00000000,0.00000000,0.38897933,0.00000000,0.00000000,0.00000000,13.37769418,0.00000000,5.47635862,0.00000000,0.00000000,0.00000000,0.47739115,0.00000000,0.00000000,0.00000000,0.00000000,0.00000000,3.75009226,0.00000000,0.00000000,0.00000000,91.17076802,0.47701810,34.44686712,2.09520388,104.19888304,2.13256965,163.62846274,3.13043141,47.02412857,0.00000000,33.11103288,0.00000000,16.73814713,0.00000000,32.35321058,6.88782287,0.00000000,0.00000000,8.12449855,0.00000000,1.41770142,0.00000000,2.44970145,0.00000000,0.00000000,0.00000000,0.00000000,0.00000000,0.00000000,0.00000000,0.00000000,0.00000000,0.00000000,0.00000000,0.00000000,0.00000000,0.00000000,0.00000000,0.00000000,0.00000000,0.00000000,0.00000000,0.00000000,0.00000000,0.00000000,0.00000000,0.00000000,0.00000000,0.00000000,0.00000000,0.00000000,0.00000000,0.00000000,0.00000000,0.00000000,0.00000000,0.00000000,0.00000000,0.00000000,0.00000000,0.00000000,0.00000000,0.00000000,0.00000000,0.00000000,0.00000000,0.00000000,0.00000000,0.00000000,0.00000000,0.00000000,0.00000000,0.00000000,0.00000000,0.00000000,0.00000000,3.78801012,0.00000000,4.32152020,0.00000000,0.00000000,0.00000000,0.00000000,0.00000000,0.00000000,0.00000000,77.03274728,0.00000000,25.23231264,0.00000000,0.00000000,0.00000000,114.82111933,0.00000000,0.00000000,0.00000000,0.00000000,0.00000000,0.00000000,0.00000000,0.00000000,0.00000000,79.81099470,0.00000000,0.00000000,0.00000000,19.00228696,0.00000000,48.86847018,0.00000000,119.41833677,0.00000000,0.00000000,0.00000000,0.00000000,0.00000000,13.98779327,0.00000000,133.69490307,0.00000000,9.56874650,0.00000000,0.00000000,0.00000000,7.80311207,0.00000000,0.00000000,0.00000000,0.00000000,0.00000000,0.57769260,0.00000000,37.26973525,0.00000000,0.00000000,0.00000000,0.00000000,0.00000000,0.00000000,0.00000000,0.00000000,0.00000000,0.00000000,0.00000000,0.00000000,0.00000000,0.00000000,0.00000000,0.00000000,0.00000000,0.00000000,0.00000000,0.00000000,0.00000000,0.00000000,0.00000000,0.00000000,0.00000000,45.38576078,35.71329535,67.84389506,0.00000000,0.00000000,0.00000000,1.69789542,0.00000000,0.00000000,0.00000000,0.00000000,0.00000000,0.00000000,0.00000000,0.00000000
0.00000000,0.00000000,0.00000000,0.00000000,0.00000000,0.00000000,0.00000000,0.00000000,0.00000000,4.09147035,0.00000000,0.00000000,0.00000000,0.00000000,0.00000000,0.00000000,0.00000000,0.00000000,0.00000000,0.00000000,0.00000000,0.00000000,0.00000000,0.00000000,0.00000000,14.13502187,0.00000000,0.00000000,0.00000000,0.00000000,0.00000000,0.00000000,0.00000000,0.81109181,0.00000000,0.58188598,0.00000000,14.65092624,0.00000000,2.41300744,0.00000000,0.00000000,0.00000000,0.00000000,0.00000000,0.00000000,0.00000000,0.00000000,0.00000000,0.00000000,0.00000000,0.09800909,0.00000000,84.71659507,0.00000000,17.38486208,0.00000000,0.00000000,0.00000000,88.52453547,0.00000000,78.05473104,0.00000000,90.71633985,0.95132662,11.95078931,0.32404203,31.21105852,0.00000000,0.00000000,0.00000000,0.00000000,0.00000000,0.00000000,0.00000000,0.00000000,0.00000000,0.00000000,0.00000000,0.00000000,0.00000000,0.00000000,0.00000000,0.00000000,0.00000000,0.00000000,0.00000000,0.00000000,0.00000000,0.00000000,0.00000000,0.00000000,0.00000000,3.17408126,0.00000000,0.00000000,0.00000000,0.00000000,0.00000000,0.00000000,0.00000000,0.00000000,0.00000000,0.00000000,0.00000000,0.00000000,0.00000000,0.00000000,0.00000000,0.00000000,0.00000000,0.00000000,0.00000000,0.00000000,0.00000000,0.00000000,0.00000000,0.00000000,0.00000000,0.00000000,0.00000000,2.71293379,0.00000000,0.00000000,0.00000000,0.00000000,0.00000000,0.00000000,0.00000000,0.00000000,0.00000000,0.00000000,0.00000000,0.00000000,0.00000000,0.00000000,0.00000000,0.00000000,0.00000000,72.01591887,0.00000000,50.36546962,0.00000000,2.68202699,0.00000000,158.01901724,0.00000000,0.00000000,0.00000000,0.00000000,0.00000000,0.00000000,0.00000000,0.00000000,3.01135128,69.27018864,0.00000000,0.00000000,0.00000000,90.57906124,2.75878269,52.75489560,0.00000000,55.41035444,0.00000000,0.00000000,0.00000000,0.00000000,0.00000000,9.39501278,0.00000000,200.01602509,0.00000000,13.62947858,0.00000000,0.00000000,0.00000000,0.00000000,0.00000000,0.00000000,0.00000000,0.00000000,0.00000000,0.00000000,0.00000000,22.53208247,0.00000000,0.00000000,0.00000000,0.00000000,0.00000000,0.00000000,0.00000000,0.00000000,0.00000000,0.00000000,0.00000000,0.00000000,0.00000000,0.00000000,0.00000000,0.00000000,0.00000000,0.00000000,0.00000000,0.00000000,0.00000000,0.00000000,0.00000000,0.00000000,0.00000000,0.00000000,0.00000000,0.00000000,4.61564575,0.00000000,0.00000000,0.00000000,41.09797766,51.44035134,75.57127483,8.63418857,0.00000000,0.00000000,0.00000000
0.00000000,0.00000000,0.34654180,0.00000000,0.00000000,0.00000000,0.00000000,0.00000000,0.00000000,0.00000000,0.00000000,0.00000000,0.00000000,0.00000000,0.00000000,0.00000000,0.45290655,0.00000000,0.00000000,0.00000000,0.00000000,0.00000000,2.45167663,0.00000000,18.23299750,0.00000000,0.00000000,0.00000000,0.51571848,0.00000000,0.00000000,0.00000000,0.00000000,0.00000000,0.00000000,0.00000000,4.22417918,0.00000000,0.00000000,0.00000000,0.00000000,0.00000000,0.00000000,0.00000000,0.00000000,0.00000000,0.00000000,0.00000000,0.00000000,0.00000000,0.00000000,0.00000000,109.81745081,1.22033998,3.28711746,0.00000000,103.78053959,0.14619611,0.00000000,7.19745512,1.79313628,0.00000000,31.66989343,0.00000000,0.70311556,0.00000000,0.00000000,7.68254929,0.00000000,0.00000000,0.00000000,0.00000000,0.00000000,0.00000000,0.00000000,0.00000000,1.38481708,0.00000000,0.00000000,0.00000000,0.00000000,0.00000000,0.00000000,0.00000000,0.00000000,0.00000000,0.00000000,0.00000000,0.00000000,0.00000000,0.00000000,0.00000000,0.00000000,0.00000000,0.00000000,0.00000000,0.00000000,0.00000000,0.00000000,0.00000000,0.00000000,0.00000000,0.00000000,0.00000000,0.00000000,0.00000000,0.86759397,0.00000000,0.00000000,0.00000000,0.00000000,0.00000000,0.00000000,0.00000000,0.00000000,0.00000000,0.91097048,0.00000000,0.00000000,0.00000000,3.85867455,0.00000000,0.00000000,0.00000000,3.75166888,0.00000000,0.00000000,0.00000000,52.48289564,0.00000000,37.82755407,0.00000000,1.31143133,0.00000000,0.00000000,0.00000000,31.08465825,0.00000000,284.53708984,18.95718601,0.52549224,0.55703742,33.67902254,0.00000000,63.70177143,11.21441407,0.00000000,0.00000000,0.64234083,12.26298560,0.00000000,0.00000000,0.00000000,0.00000000,132.89872183,6.92879874,19.00228696,0.00000000,0.00000000,16.68574145,134.41752035,11.93834802,92.63557262,0.00000000,0.00000000,0.00000000,0.00000000,0.00000000,8.21421401,0.00000000,15.60949565,0.00000000,3.90341535,0.00000000,0.44833620,0.00000000,5.53912529,0.00000000,0.00000000,0.00000000,34.23371036,4.08282166,0.00000000,0.00000000,6.46613669,0.00000000,0.00000000,0.00000000,0.00000000,0.00000000,0.00000000,0.00000000,0.00000000,0.00000000,0.00000000,0.00000000,0.00000000,0.00000000,0.00000000,0.00000000,5.39801564,0.00000000,0.00000000,0.00000000,0.00000000,0.00000000,0.00000000,0.00000000,6.21455241,0.00000000,44.04426083,4.80426755,142.98381246,20.99036880,41.45783122,0.00000000,0.03386340,0.00000000,0.00000000,0.00000000,0.00000000,0.00000000,0.00000000,0.00000000,0.00000000
0.00000000,0.00000000,0.00000000,0.00000000,0.00000000,0.00000000,0.00000000,1.61302849,0.00000000,0.00000000,0.00000000,0.00000000,0.00000000,0.00000000,0.00000000,0.00000000,0.00000000,41.88689701,0.00000000,0.00000000,0.00000000,0.00000000,0.00000000,7.61373063,0.00000000,4.86248182,0.00000000,0.00000000,0.00000000,48.01548365,0.00000000,0.00000000,0.00000000,0.00000000,0.00000000,0.00000000,0.00000000,0.00000000,0.00000000,0.28554138,0.00000000,0.00000000,0.00000000,0.00000000,0.00000000,0.00000000,0.00000000,0.00000000,0.00000000,0.00000000,0.00000000,0.00000000,0.00000000,99.07940964,0.00000000,21.81896035,7.76496409,94.61540625,15.38225791,25.23391786,0.00000000,2.97005920,0.00000000,48.99209651,38.47132050,6.38901407,0.00546916,9.21665969,0.00000000,0.00000000,3.12713343,9.35788648,4.78602057,0.00000000,0.00000000,0.12986471,0.00000000,0.00000000,0.00000000,0.00000000,0.00000000,0.00000000,0.00000000,0.00000000,0.00000000,0.00000000,0.00000000,0.00000000,0.00000000,0.00000000,0.00000000,0.00000000,0.00000000,0.00000000,0.00000000,0.00000000,0.00000000,0.00000000,0.00000000,0.00000000,0.00000000,0.00000000,0.00000000,1.28410459,0.00000000,0.00000000,0.00000000,0.00000000,0.00000000,0.00000000,0.00000000,0.00000000,0.00000000,0.00000000,0.00000000,0.00000000,0.00000000,0.00000000,0.00000000,0.00000000,0.00000000,0.00000000,0.00000000,0.00000000,0.00000000,16.70810300,0.00000000,35.09891813,0.00000000,71.84915987,4.36391401,133.31103340,0.00000000,9.46711059,0.00000000,93.76847204,0.00000000,144.60924573,26.68274035,324.29242666,0.00000000,32.05737432,0.00000000,15.49142959,17.46150292,106.53964381,0.00000000,0.00000000,0.72037619,30.71448316,0.00000000,0.00000000,0.00000000,0.00000000,17.17227594,355.06642832,0.00000000,90.57906124,16.68574145,0.00000000,46.20712123,54.15012639,0.00000000,185.97077461,0.00000000,2.72197364,0.00000000,0.00000000,0.00000000,34.27011518,0.00000000,43.79298526,0.00000000,0.00000000,0.00000000,0.00000000,4.16280421,0.00000000,0.00000000,0.00000000,1.83624433,33.28303478,0.00000000,0.00000000,0.00000000,44.04267580,0.00000000,0.00000000,0.00000000,0.00000000,0.00000000,0.00000000,0.00000000,0.00000000,0.00000000,0.00000000,0.00000000,0.00000000,0.00000000,0.00000000,0.00000000,7.68272889,0.00000000,0.00000000,0.00000000,0.00000000,0.00000000,0.61529927,0.00000000,33.81428192,0.00000000,0.00000000,0.00000000,0.00000000,36.87579639,0.00000000,0.00000000,0.00000000,41.87230755,0.00000000,64.03185768,0.00000000,11.28842708,0.00000000,0.00000000
0.00000000,0.00000000,0.00000000,0.00000000,0.00000000,0.00000000,6.49800170,0.00000000,2.07215129,0.00000000,0.00000000,0.00000000,0.00000000,0.00000000,0.00000000,0.00000000,4.12023733,0.00000000,0.00000000,0.00000000,0.00000000,0.00000000,0.00000000,0.00000000,5.61166220,0.00000000,0.00000000,0.00000000,0.00000000,0.00000000,0.00000000,0.00000000,0.00000000,0.00000000,0.00000000,0.00000000,2.08679507,0.00000000,0.00000000,0.00000000,0.00000000,0.00000000,0.00000000,0.00000000,0.00000000,0.00000000,0.00000000,0.00000000,28.76083246,0.00000000,0.14680240,0.00000000,12.66319993,1.69680387,3.54598099,0.00000000,28.01297946,2.20842707,30.20674227,3.10698398,0.00000000,0.00000000,0.00000000,0.00000000,209.95965806,55.60358606,29.12017609,25.98646162,0.00000000,0.00000000,1.62670155,0.00000000,0.00000000,0.00000000,0.00000000,0.00000000,0.00000000,0.00000000,0.00000000,0.00000000,0.00000000,0.00000000,0.00000000,0.00000000,0.00000000,0.00000000,0.00000000,0.00000000,0.00000000,0.00000000,0.00000000,0.00000000,0.00000000,0.00000000,0.00000000,0.00000000,0.00000000,2.72174551,0.00000000,0.00000000,0.00000000,0.00000000,0.00000000,0.00000000,0.00000000,0.00000000,0.00000000,0.00000000,0.00000000,0.00000000,0.00000000,0.00000000,0.00000000,0.00000000,0.00000000,0.00000000,0.00000000,0.00000000,0.00000000,0.00000000,0.00000000,0.00000000,0.00000000,0.00000000,4.47464634,0.00000000,0.00000000,0.00000000,18.72965243,0.00000000,36.94511803,0.00000000,0.00000000,0.00000000,1.90138124,0.00000000,2.16120817,0.00000000,46.98455154,83.12815602,0.00000000,0.00000000,0.00000000,0.00000000,103.26025291,40.54816946,0.00000000,0.00000000,82.49647283,32.06833522,3.77440575,0.00000000,0.00000000,3.00660273,59.24172581,47.45441410,48.86847018,2.75878269,134.41752035,46.20712123,0.00000000,64.48405033,80.38132615,0.00000000,0.00000000,0.00000000,0.00000000,0.00000000,12.43959773,0.00000000,34.40261001,0.00000000,12.49302676,0.00000000,0.00000000,0.00000000,0.10727082,0.00000000,0.00000000,0.00000000,23.20988517,16.61168543,0.00000000,0.00000000,13.87346396,13.97705679,0.00000000,0.00000000,0.00000000,0.00000000,0.00000000,0.00000000,0.00000000,0.00000000,0.00000000,0.00000000,0.00000000,0.00000000,0.00000000,0.00000000,0.00000000,0.00000000,0.00000000,0.00000000,2.22899605,0.00000000,0.00000000,0.00000000,0.00000000,0.00000000,437.71844685,37.14786995,343.97156239,142.33530540,810.50148962,0.00000000,29.20114986,0.00000000,0.39411813,2.32400536,0.00000000,0.00000000,0.00000000,0.00000000,0.00000000
0.00000000,2.29629066,0.00000000,0.80251034,0.00000000,0.00000000,0.00000000,20.39848148,0.00000000,7.70259913,0.00000000,0.00000000,0.00000000,0.00000000,0.00000000,0.00000000,0.00000000,0.00000000,0.00000000,0.00000000,0.00000000,0.00000000,0.00000000,0.00000000,0.00000000,0.00000000,0.00000000,0.00000000,0.00000000,0.00000000,0.00000000,0.00000000,0.00000000,0.00000000,0.00000000,0.00000000,0.00000000,0.00000000,0.00000000,0.00000000,0.00000000,0.00000000,0.00000000,0.75506751,0.00000000,0.00000000,0.00000000,0.00000000,0.00000000,0.00000000,0.00000000,0.00000000,0.00000000,0.00000000,0.00000000,1.78840108,7.65563594,30.45437931,0.00000000,42.99057628,0.00000000,0.00000000,0.00000000,0.00000000,56.35198889,201.17578540,0.00000000,47.45392539,0.00000000,6.72115069,0.00000000,1.12984356,0.00000000,0.00000000,0.00000000,0.00000000,0.00000000,0.00000000,0.00000000,0.00000000,0.00000000,0.00000000,0.00000000,8.09430734,0.00000000,0.00000000,0.00000000,0.00000000,0.00000000,0.00000000,0.00000000,0.00000000,0.00000000,0.00000000,0.00000000,0.00000000,0.00000000,0.00000000,0.00000000,0.00000000,0.00000000,0.00000000,0.00000000,0.00000000,0.00000000,0.00000000,0.00000000,0.00000000,0.00000000,0.00000000,0.00000000,0.00000000,0.00000000,0.00000000,0.00000000,0.00000000,0.00000000,0.00000000,0.00000000,0.00000000,0.00000000,0.00000000,0.00000000,0.00000000,0.00000000,38.28993875,0.00000000,11.52893768,0.00000000,5.92094269,0.51807416,44.36763104,0.00000000,16.54613446,0.00000000,37.84061657,0.00000000,50.02700757,37.66883094,26.54864950,0.00000000,2.33254870,0.00000000,0.58950287,71.79343014,268.93719786,0.00000000,0.39230556,48.09986246,108.77885692,0.00000000,0.58950931,0.00000000,0.07852512,36.49359245,7.50196198,0.00000000,52.75489560,11.93834802,54.15012639,64.48405033,0.00000000,0.00000000,104.55488089,0.00000000,0.00000000,0.00000000,0.00000000,0.00000000,12.35209004,0.00000000,31.12695343,0.00000000,0.21036294,0.00000000,2.15989230,0.00000000,0.00000000,0.00000000,0.00000000,0.00000000,39.43325668,0.00000000,0.00000000,0.00000000,0.46460065,0.00000000,0.00000000,0.00000000,0.00000000,0.00000000,0.00000000,0.00000000,0.00000000,0.00000000,0.00000000,0.00000000,0.00000000,0.00000000,0.00000000,0.00000000,4.52581657,0.00000000,0.00000000,0.00000000,0.00000000,0.00000000,0.00000000,0.00000000,16.00257401,0.00000000,0.00000000,0.00000000,0.00000000,487.15805890,0.00000000,0.00000000,0.00000000,590.21937794,89.34510619,415.18871595,111.22776062,24.43742018,6.31478892,0.00000000
0.00000000,0.00000000,0.00000000,0.00000000,0.00000000,0.00000000,0.00000000,0.00000000,0.00000000,0.00000000,0.00000000,0.00000000,0.00000000,0.00000000,0.00000000,0.00000000,0.00000000,0.00000000,0.00000000,0.00000000,5.83740760,0.00000000,0.00000000,0.00000000,0.00000000,0.00000000,0.00000000,0.00000000,0.00000000,0.00000000,0.00000000,0.00000000,0.00000000,0.00000000,0.00000000,0.00000000,0.70993488,0.00000000,0.00000000,0.00000000,0.00000000,0.00000000,5.21594600,0.00000000,0.00000000,0.00000000,0.00000000,0.00000000,4.84024049,0.00000000,8.55686051,0.00000000,0.00000000,0.00000000,0.23445898,0.00000000,2.79557158,0.00000000,2.99035282,0.00000000,11.62977795,0.00000000,0.00000000,0.00000000,5.54347326,0.00000000,0.00000000,0.00000000,0.00000000,0.00000000,39.15787879,0.00000000,64.63242575,0.00000000,9.78493630,0.00000000,0.00000000,0.00000000,7.06106926,0.00000000,0.00000000,3.90370978,0.00000000,0.00000000,0.00000000,0.00000000,3.44390841,0.00000000,0.00000000,0.00000000,0.00000000,0.00000000,0.00000000,0.00000000,0.00000000,0.00000000,0.00000000,0.00000000,2.94183617,0.00000000,0.00000000,0.00000000,0.00000000,0.00000000,0.00000000,0.00000000,0.00000000,0.00000000,0.00000000,0.00000000,0.00000000,0.00000000,0.00000000,0.00000000,0.00000000,0.00000000,0.00000000,0.00000000,0.00000000,0.00000000,2.45567124,0.00000000,0.00000000,0.00000000,14.52774008,0.00000000,0.00000000,0.00000000,49.44092451,0.00000000,137.80191750,0.00000000,0.00000000,0.00000000,5.47836259,0.00000000,4.87193151,0.00000000,40.88058908,2.16790812,4.52436602,0.00000000,0.00000000,0.00000000,223.83568599,0.00000000,0.00000000,0.00000000,0.00000000,0.00000000,44.26815297,0.00000000,0.00000000,0.00000000,27.91671773,0.00000000,119.41833677,0.00000000,92.63557262,0.00000000,80.38132615,0.00000000,0.00000000,0.00000000,1.67081067,0.00000000,0.00000000,0.00000000,39.72966777,0.00000000,37.20765099,0.00000000,17.84131552,0.00000000,0.00000000,0.00000000,0.00000000,0.00000000,0.00000000,0.00000000,0.00000000,0.00000000,0.00000000,0.00000000,2.12849290,0.00000000,0.00000000,0.00000000,0.00000000,0.00000000,0.00000000,0.00000000,0.00000000,0.00000000,0.00000000,0.00000000,0.00000000,0.00000000,0.00000000,0.00000000,6.87333279,0.00000000,0.00000000,0.00000000,3.84087370,0.00000000,0.00000000,0.00000000,0.00000000,0.00000000,51.41168538,17.78961299,86.83956962,0.00000000,29.21714674,0.00000000,0.00000000,0.00000000,0.00000000,0.00000000,0.00000000,0.00000000,0.00000000,0.00000000,0.00000000
0.00000000,1.04467133,0.00000000,0.00000000,0.00000000,4.52218768,0.00000000,0.00000000,0.00000000,0.00000000,0.00000000,0.71255965,0.00000000,0.00000000,0.00000000,0.00000000,0.00000000,0.00000000,0.00000000,0.00000000,0.00000000,0.00000000,0.00000000,0.00000000,0.00000000,1.75075533,0.00000000,0.00000000,0.00000000,0.00000000,0.00000000,0.00000000,0.00000000,0.00000000,0.00000000,0.00000000,0.00000000,0.00000000,0.00000000,0.00000000,0.00000000,0.00000000,0.00000000,0.00000000,0.00000000,0.00000000,0.00000000,0.00000000,0.00000000,0.00000000,0.00000000,6.15356188,0.00000000,0.00000000,0.00000000,1.72223476,0.00000000,0.00000000,0.00000000,0.00000000,0.00000000,3.91290980,0.00000000,0.00000000,0.00000000,7.57493315,0.00000000,0.00000000,0.00000000,0.00000000,0.00000000,17.61630351,0.00000000,49.11563830,0.00000000,31.12870698,0.00000000,0.00000000,0.00000000,0.00000000,0.00000000,0.00000000,0.00000000,0.00000000,0.00000000,0.00000000,0.00000000,0.00000000,0.00000000,0.00000000,0.14799957,0.00000000,0.00000000,1.22185205,0.00000000,0.00000000,0.00000000,0.00000000,0.00000000,0.00000000,0.00000000,0.00000000,0.00000000,0.00000000,0.00000000,0.00000000,0.00000000,0.00000000,0.00000000,0.00000000,0.00000000,0.00000000,0.00000000,0.00000000,0.00000000,0.00000000,0.00000000,0.00000000,0.00000000,0.00000000,0.00000000,14.88277769,0.00000000,3.70149458,0.00000000,56.72687580,0.00000000,0.00000000,0.00000000,52.51800903,0.00000000,100.35852947,0.00000000,0.85036617,0.00000000,21.47095894,0.00000000,13.78327235,0.00000000,23.89224485,0.00000000,28.98952189,0.00000000,1.03849609,0.00000000,121.08463555,0.00000000,0.00000000,0.00000000,6.24649519,0.00000000,1.80964657,0.00000000,7.30126743,0.00000000,22.10557779,0.00000000,55.41035444,0.00000000,185.97077461,0.00000000,104.55488089,0.00000000,0.00000000,0.00000000,2.15572037,0.00000000,11.85622246,0.00000000,15.19344637,0.00000000,23.53703648,0.00000000,9.58969608,0.00000000,0.97448307,0.00000000,0.00000000,0.00000000,0.00000000,0.00000000,0.00000000,0.00000000,0.00000000,0.00000000,0.00000000,0.00000000,0.00000000,0.00000000,0.00000000,0.00000000,0.00000000,0.00000000,0.00000000,0.00000000,0.00000000,0.00000000,0.00000000,0.00000000,0.00000000,0.00000000,0.00000000,0.00000000,0.00000000,0.00000000,0.00000000,0.00000000,0.00000000,0.00000000,0.00000000,0.84131206,0.00000000,0.00000000,0.00000000,33.98709696,0.00000000,0.00000000,0.00000000,16.07982609,44.34037540,204.07624017,19.61612839,0.00000000,2.27200055,3.73284185
0.00000000,0.00000000,0.47727801,0.00000000,0.07637789,0.00000000,0.00000000,0.00000000,0.07425795,0.00000000,0.00000000,0.00000000,44.48332657,0.00000000,0.00000000,0.00000000,0.00000000,0.00000000,34.17502582,0.00000000,25.54486565,4.18204930,0.00000000,0.00000000,0.00000000,0.00000000,52.08479359,3.84497316,0.00000000,0.00000000,0.00000000,0.00000000,0.00000000,0.00000000,1.63752430,0.00000000,16.68416310,0.00000000,0.00000000,0.00000000,19.30161346,0.00000000,51.81179132,0.00000000,85.55588135,0.00000000,60.91237314,0.00000000,19.79394534,0.00000000,58.09580902,0.00000000,0.00000000,0.00000000,1.57220786,0.00000000,0.00000000,0.00000000,1.93160923,0.00000000,0.00000000,0.00000000,0.00000000,0.00000000,0.00000000,0.00000000,1.38972397,0.00000000,25.47797110,0.00000000,0.96767355,0.00000000,0.00000000,0.00000000,0.00000000,0.00000000,1.55947253,0.00000000,0.00000000,0.00000000,0.00000000,0.00000000,15.38304842,0.00000000,0.00000000,0.00000000,0.00000000,0.00000000,3.22574134,0.00000000,0.00000000,0.00000000,15.15578602,0.00000000,16.04395302,0.00000000,0.00000000,0.00000000,0.00000000,0.00000000,0.00000000,0.00000000,23.79818898,0.00000000,0.00000000,0.00000000,0.00000000,0.00000000,0.00000000,0.00000000,0.00000000,0.00000000,0.00000000,0.00000000,0.00000000,0.00000000,0.00000000,0.00000000,0.00000000,0.00000000,0.00000000,0.00000000,0.00000000,0.00000000,0.00000000,0.00000000,0.00000000,0.00000000,0.00000000,0.00000000,3.96268978,0.00000000,0.00000000,0.00000000,0.00000000,0.00000000,0.00000000,0.00000000,0.00000000,0.00000000,0.00000000,0.00000000,0.00000000,0.00000000,0.00000000,0.00000000,0.00000000,0.00000000,0.00000000,0.00000000,0.00000000,0.00000000,0.00000000,0.00000000,7.53224512,0.00000000,0.00000000,0.00000000,0.00000000,0.00000000,0.00000000,0.00000000,1.67081067,0.00000000,0.00000000,0.00000000,11.11432153,0.00000000,48.93373918,0.00000000,5.25672516,0.00000000,25.41725775,0.00000000,0.00000000,0.00000000,0.00000000,0.00000000,7.86703531,0.00000000,0.00000000,0.00000000,1.48387816,0.00000000,0.00000000,0.00000000,6.35199495,0.00000000,0.00000000,0.00000000,0.00000000,0.00000000,0.00000000,0.00000000,0.00000000,0.00000000,0.00000000,0.00000000,0.00000000,0.00000000,0.00000000,0.00000000,0.00000000,0.00000000,0.00000000,0.00000000,0.00000000,0.00000000,0.00000000,0.00000000,0.00000000,12.35662691,79.72318633,7.34179790,0.00000000,0.00000000,2.69047853,0.45111352,0.00000000,0.00000000,0.00000000,0.00000000,0.00000000,0.00000000,0.00000000
0.00000000,10.78960491,0.00000000,7.32322559,0.00000000,14.51425808,0.00000000,5.41330650,0.00000000,0.00000000,4.79972885,0.00000000,0.00000000,12.43412548,0.00000000,0.89381013,0.00000000,0.00000000,0.00000000,1.10945588,0.00000000,3.54561340,0.00000000,0.75989151,0.00000000,0.81844344,0.00000000,31.85779529,0.00000000,0.00000000,0.00000000,0.00000000,0.00000000,0.00000000,0.00000000,15.86402922,0.00000000,3.07557471,0.00000000,0.00000000,0.00000000,10.39364909,0.00000000,20.07010809,0.00000000,106.75474642,0.00000000,3.15882917,0.00000000,6.18099687,0.00000000,6.08360098,0.00000000,0.00000000,0.00000000,0.00000000,0.00000000,10.08746460,0.00000000,3.39579174,0.00000000,0.00000000,1.14192365,3.99784336,0.00000000,0.00000000,0.00000000,0.00000000,0.00000000,78.09704668,0.00000000,0.00000000,0.00000000,0.00000000,0.00000000,1.32044430,0.00000000,3.41467073,0.00000000,0.00000000,0.00000000,7.20804680,0.00000000,33.27689622,0.00000000,0.00000000,0.00000000,10.84485959,0.00000000,0.00000000,0.00000000,0.00000000,0.00000000,28.85651425,0.00000000,13.99740632,0.00000000,0.00000000,0.00000000,0.00000000,0.00000000,0.00000000,0.00000000,31.80402227,0.00000000,0.00000000,0.00000000,0.00000000,0.00000000,1.26519463,0.00000000,0.00000000,0.00000000,1.14175634,0.00000000,0.00000000,0.00000000,5.82452578,0.00000000,0.00000000,0.00000000,0.00000000,0.00000000,0.00000000,0.00000000,0.00000000,0.00000000,0.00000000,0.00000000,0.00000000,0.00000000,0.00000000,0.00000000,0.00000000,0.00000000,0.00000000,0.00000000,0.00000000,0.00000000,0.00000000,0.00000000,0.00000000,0.00000000,0.00000000,0.00000000,0.00000000,0.00000000,0.00000000,0.00000000,0.00000000,0.00000000,0.00000000,0.00000000,0.00000000,0.00000000,0.00000000,0.00000000,0.00000000,0.00000000,2.72197364,0.00000000,0.00000000,0.00000000,2.15572037,0.00000000,0.00000000,0.00000000,2.72358273,0.00000000,20.19422307,0.00000000,16.61679815,0.00000000,4.65325920,0.00000000,0.00000000,0.00000000,0.00000000,0.00000000,0.00000000,0.00000000,0.00000000,0.00000000,2.84420335,0.00000000,0.00000000,0.00000000,0.00000000,0.00000000,0.00000000,0.00000000,0.00000000,0.00000000,0.00000000,0.00000000,10.68503034,0.00000000,0.00000000,0.00000000,0.00000000,0.00000000,0.00000000,0.00000000,0.00000000,0.00000000,0.00000000,0.00000000,0.00000000,0.00000000,0.00000000,0.00000000,0.00000000,6.89963412,0.00000000,5.02275337,0.00000000,0.00000000,0.00000000,6.08346654,61.44577704,77.36423238,9.55614165,0.00000000,2.21827280,0.00000000
0.00000000,0.00000000,21.64865603,0.00000000,140.26153915,0.00000000,0.00000000,0.00000000,0.00000000,0.00000000,8.30007635,0.00000000,0.67425877,0.00000000,65.52017895,1.20621515,3.17441209,0.00000000,6.22358720,0.00000000,11.00460011,0.00000000,23.45559509,0.00000000,0.00000000,0.00000000,0.70645950,0.00000000,0.00000000,0.00000000,23.28506957,0.00000000,34.01566962,0.00000000,24.49001231,0.00000000,57.45159627,0.00000000,4.17326971,0.00000000,0.00000000,0.00000000,35.02735797,0.00000000,20.89958450,0.00000000,0.00000000,0.00000000,0.00000000,0.00000000,45.23972527,0.00000000,0.00000000,0.00000000,0.00000000,0.00000000,0.00000000,0.00000000,0.00000000,0.00000000,0.00000000,0.00000000,0.00000000,0.00000000,0.00000000,0.00000000,10.28709080,0.00000000,0.00000000,0.00000000,19.43359498,0.00000000,0.00000000,0.00000000,0.00000000,0.00000000,0.00000000,0.00000000,0.00000000,0.00000000,0.00000000,0.00000000,0.00000000,0.00000000,0.00000000,0.00000000,0.00000000,0.00000000,0.00000000,0.00000000,0.00000000,0.00000000,0.00000000,0.00000000,0.00000000,0.00000000,0.00000000,0.00000000,1.69727156,0.00000000,0.00000000,0.00000000,0.00000000,0.00000000,0.00000000,0.00000000,0.00000000,0.00000000,0.00000000,0.00000000,0.00000000,0.00000000,0.00000000,0.00000000,0.00000000,0.00000000,0.00000000,0.00000000,0.00000000,0.00000000,0.05601731,0.00000000,0.00000000,0.00000000,0.00000000,0.00000000,0.00000000,0.00000000,0.00000000,0.00000000,0.00000000,0.00000000,0.00000000,0.00000000,0.00000000,0.00000000,0.00000000,0.00000000,0.00000000,0.00000000,0.00000000,0.00000000,0.00000000,0.00000000,1.29907677,0.00000000,0.00000000,0.00000000,0.00000000,0.00000000,0.00000000,0.00000000,0.00000000,0.00000000,0.00000000,0.00000000,0.00000000,0.00000000,0.00000000,0.00000000,0.00000000,0.00000000,0.00000000,0.00000000,11.11432153,0.00000000,0.00000000,0.00000000,19.60409770,0.00000000,19.15090770,0.00000000,31.79612539,0.00000000,0.00000000,0.00000000,1.42111897,0.00000000,0.30122415,0.00000000,0.00000000,0.00000000,6.32554817,0.00000000,0.00000000,0.00000000,0.00000000,0.00000000,0.00000000,0.00000000,0.00000000,0.00000000,0.00000000,0.00000000,0.00000000,0.00000000,0.00000000,0.00000000,0.00000000,0.00000000,5.29922612,0.00000000,0.00000000,0.00000000,0.00000000,0.00000000,0.00000000,0.00000000,0.00000000,0.00000000,11.70900473,0.03539226,26.10847981,17.18092830,7.50771867,0.00000000,5.12450010,5.70681150,0.00000000,0.00000000,0.00000000,0.00000000,0.00000000,0.00000000,0.00000000
0.00000000,0.00000000,0.00000000,16.80873086,0.00000000,132.70463293,0.00000000,0.65568559,0.00000000,0.00000000,0.00000000,27.08343971,0.00000000,12.61640638,0.00000000,39.43128510,0.00000000,2.97655004,0.00000000,25.89992636,0.00000000,37.06290748,0.00000000,13.37244766,0.00000000,0.00000000,0.00000000,0.00000000,0.00000000,0.00000000,0.00000000,0.00000000,0.00000000,22.39496362,0.00000000,16.34017737,0.00000000,6.69677977,0.00000000,0.54099459,0.00000000,0.00000000,0.00000000,14.84378267,0.00000000,9.14492877,0.00000000,0.00000000,0.00000000,0.00000000,0.00000000,19.27325748,0.00000000,2.30904045,0.00000000,0.00000000,0.00000000,0.00000000,0.00000000,0.00000000,0.00000000,1.79372920,0.00000000,0.00000000,0.00000000,0.00000000,0.00000000,0.00000000,0.00000000,0.00000000,0.00000000,0.00000000,0.00000000,0.00000000,0.00000000,0.00000000,0.00000000,0.00000000,0.00000000,0.00000000,0.00000000,0.00000000,0.00000000,0.00000000,0.00000000,0.00000000,0.00000000,0.00000000,0.00000000,0.00000000,0.00000000,0.00000000,0.00000000,0.00000000,0.00000000,0.00000000,0.00000000,0.00000000,0.00000000,0.00000000,0.00000000,0.00000000,0.00000000,0.00000000,0.00000000,0.00000000,0.00000000,0.00000000,0.00000000,0.00000000,0.00000000,0.00000000,0.00000000,0.00000000,0.00000000,0.00000000,0.00000000,0.00000000,0.00000000,0.00000000,0.00000000,0.00000000,0.00000000,0.00000000,0.00000000,0.00000000,0.00000000,0.00000000,0.00000000,0.00000000,0.00000000,0.00000000,0.00000000,0.00000000,0.00000000,0.00000000,0.00000000,0.00000000,0.00000000,0.00000000,0.00000000,0.00000000,0.00000000,0.10817400,0.00000000,13.57244127,0.00000000,0.00000000,0.00000000,0.00000000,0.00000000,0.00000000,0.00000000,0.00000000,0.00000000,0.00000000,0.00000000,0.00000000,0.00000000,0.00000000,0.00000000,0.00000000,0.00000000,11.85622246,0.00000000,2.72358273,0.00000000,0.00000000,0.00000000,26.53576911,0.00000000,41.48265330,0.00000000,38.83410234,0.00000000,0.38990450,0.00000000,15.98495969,0.00000000,1.96598701,0.00000000,0.00000000,0.00000000,0.00000000,0.00000000,0.00000000,0.00000000,1.10834255,0.00000000,0.00000000,0.00000000,0.00000000,0.00000000,0.00000000,0.00000000,0.00000000,0.00000000,0.00000000,0.00000000,2.04317849,0.00000000,0.00000000,0.00000000,0.00000000,0.00000000,0.00000000,0.00000000,0.00000000,0.00000000,0.14093659,0.00000000,0.00000000,0.00000000,0.00000000,7.94363602,0.00000000,0.00000000,0.00000000,10.24005756,0.00000000,12.79628793,2.56930608,0.00000000,4.75533443,0.00000000
11.85448033,0.00000000,6.99445328,0.00000000,60.37120532,0.00000000,15.23594612,0.00000000,7.77585670,1.04799188,0.46956141,0.00000000,0.00000000,0.00000000,6.33624760,0.00000000,0.00000000,0.00000000,28.59067515,0.00000000,6.11422437,0.00000000,8.58526846,0.00000000,21.80257909,0.00000000,0.00000000,0.00000000,0.00000000,0.00000000,0.00000000,0.00000000,1.57809961,0.00000000,0.00000000,0.00000000,27.85818797,0.00000000,2.75939206,0.00000000,0.00000000,0.00000000,5.31648607,0.00000000,27.17481592,0.00000000,0.01276102,0.00000000,34.32858277,0.00000000,47.80863984,0.00000000,5.55422652,0.00000000,36.16465030,0.00000000,24.50609192,0.00000000,15.08047268,0.00000000,0.00000000,0.00000000,0.01197689,0.00000000,0.00000000,0.00000000,1.32768345,0.00000000,143.12818851,0.00000000,44.81350582,0.00000000,36.83300415,0.00000000,2.02320365,0.00000000,24.45360543,0.00000000,16.81979340,0.00000000,15.58859346,0.00000000,87.07552818,0.00000000,5.20410196,0.00000000,53.99636503,0.00000000,0.00000000,0.00000000,0.00000000,0.00000000,23.59159551,0.00000000,29.94573109,0.00000000,25.51962496,0.00000000,24.10927157,0.00000000,14.93749891,0.00000000,21.90493662,0.00000000,0.00000000,0.00000000,0.00000000,0.00000000,0.00000000,0.00000000,0.00000000,0.00000000,0.00000000,0.00000000,0.00000000,0.00000000,9.79040768,0.00000000,0.00000000,0.00000000,2.66396117,0.00000000,2.03533065,0.00000000,0.00000000,0.00000000,5.00732612,0.00000000,22.95581331,0.00000000,3.71110714,0.00000000,0.71746368,0.00000000,27.16811333,0.00000000,0.00000000,0.00000000,9.44757075,0.00000000,0.88409837,0.00000000,19.91759773,0.00000000,5.05369949,0.00000000,0.00000000,0.00000000,8.94201595,8.51936736,6.09718031,0.00000000,0.00000000,0.00000000,3.37951520,0.00000000,13.98779327,0.00000000,8.21421401,0.00000000,12.43959773,0.00000000,39.72966777,0.00000000,48.93373918,0.00000000,19.60409770,0.00000000,0.00000000,0.00000000,16.61347742,0.00000000,20.73966761,0.00000000,9.70856685,0.00000000,13.43214865,0.00000000,0.00000000,0.00000000,4.29183953,0.00000000,8.41298834,0.00000000,0.00000000,0.00000000,1.74433733,0.00000000,29.60326675,0.00000000,0.00000000,0.00000000,69.19799988,0.00000000,5.02247810,0.00000000,3.07470765,0.00000000,50.67766913,0.00000000,87.96456611,0.00000000,74.40762521,0.00000000,48.17458449,0.00000000,9.48714694,0.00000000,39.51901935,0.00000000,51.07482807,81.71276751,114.34745441,7.21571380,19.68108818,0.00000000,0.00000000,0.00000000,0.00000000,0.00000000,0.00000000,0.00000000,0.00000000,0.00000000,0.00000000
0.00000000,3.89068508,0.00000000,0.00000000,0.00000000,0.22486968,0.00000000,3.57263202,0.00000000,12.23050955,0.00000000,0.00000000,0.00000000,40.57636789,0.00000000,19.27660218,0.00000000,0.00000000,0.00000000,17.38939688,0.00000000,40.70377500,0.00000000,6.81254530,0.00000000,17.58711054,0.00000000,41.79595788,0.00000000,0.00000000,0.00000000,5.65967209,0.00000000,0.00000000,0.00000000,5.25990946,0.00000000,29.92086400,0.00000000,0.00000000,0.00000000,0.00000000,0.00000000,13.63396435,0.00000000,29.75325296,0.00000000,0.00000000,0.00000000,0.07954255,0.00000000,72.51502319,0.00000000,0.00000000,0.00000000,0.60352558,0.00000000,46.46871260,0.00000000,19.55930392,0.00000000,3.50317686,0.00000000,0.00000000,0.00000000,0.00000000,0.00000000,0.46499466,0.00000000,37.46787877,0.00000000,32.51902320,0.00000000,11.57755529,0.00000000,10.69701305,0.00000000,47.55858813,0.00000000,8.82867163,0.00000000,62.63549177,0.00000000,126.02465425,0.00000000,48.70269979,0.00000000,74.35806000,0.00000000,2.56036948,0.00000000,0.00000000,0.00000000,20.57026645,0.00000000,30.32782881,4.21198347,0.40436545,0.00000000,1.80126049,0.00000000,5.12759880,0.00000000,7.54113084,0.00000000,0.00000000,0.00000000,0.00000000,0.00000000,0.00000000,0.00000000,0.00000000,0.00000000,0.00000000,0.00000000,0.00000000,0.00000000,7.70111368,0.00000000,0.00000000,0.00000000,0.00000000,0.00000000,0.72000158,4.09573225,24.96323406,0.00000000,13.80239608,3.09869182,0.00000000,0.00000000,32.70569432,0.00000000,0.00000000,0.00000000,70.08338755,0.00000000,5.16055778,0.00000000,8.17178307,0.00000000,9.66298643,0.00000000,2.18707618,0.00000000,12.25892863,0.00000000,2.77731732,0.00000000,4.21845312,0.00000000,0.00000000,0.00000000,3.11007711,0.00000000,14.15719207,0.00000000,9.39501278,0.00000000,34.27011518,0.00000000,12.35209004,0.00000000,15.19344637,0.00000000,20.19422307,0.00000000,26.53576911,0.00000000,0.00000000,0.00000000,0.00000000,0.00000000,20.18659874,0.00000000,10.13225421,0.00000000,12.84419467,0.00000000,0.00000000,0.00000000,16.03609248,0.00000000,7.63872843,0.00000000,0.00000000,0.00000000,9.16896846,0.00000000,159.99408273,0.00000000,0.00000000,0.00000000,0.00000000,0.00000000,25.59978685,0.00000000,17.81537701,0.00000000,73.71360897,0.00000000,33.85766599,0.00000000,81.75951859,0.00000000,58.29983848,0.00000000,0.00000000,0.00000000,0.00000000,0.00000000,0.00000000,0.00000000,0.00000000,2.05321057,0.00000000,0.00000000,0.00000000,20.35437775,114.37172978,53.38843945,7.37387909,0.00000000,0.00000000,0.00000000
0.00000000,0.00000000,0.00000000,0.00000000,3.79607914,0.00000000,54.44658665,0.00000000,58.02093534,0.00000000,0.00000000,0.00000000,1.12642419,0.00000000,0.00000000,0.00000000,0.00000000,0.00000000,0.71576387,0.00000000,0.00000000,0.00000000,0.86462814,0.00000000,42.12404293,0.00000000,0.00000000,0.00000000,0.00000000,0.00000000,0.00000000,0.00000000,0.00000000,0.00000000,0.00000000,0.00000000,2.72918821,0.00000000,0.00000000,0.00000000,0.00000000,0.00000000,2.35571260,0.00000000,4.18846100,0.00000000,0.00000000,0.00000000,0.81074136,0.00000000,12.59874815,0.00000000,60.99758903,0.00000000,131.47871914,0.40551902,19.62331737,0.00000000,16.50894177,0.00000000,113.08971674,0.00000000,28.48908788,0.00000000,1.99248208,0.00000000,0.00000000,0.00000000,0.00000000,0.00000000,34.76047487,0.00000000,15.71712935,0.00000000,15.83934004,0.00000000,0.00000000,0.00000000,0.00000000,0.00000000,0.00000000,0.00000000,0.00000000,0.00000000,0.00000000,0.00000000,0.00000000,0.00000000,0.00000000,0.00000000,0.00000000,0.00000000,0.00000000,0.00000000,0.00000000,0.00000000,0.00000000,0.00000000,11.09005939,0.00000000,0.86345789,0.00000000,0.00000000,0.00000000,0.00000000,0.00000000,0.00000000,0.00000000,0.00000000,0.00000000,0.00000000,0.00000000,0.00000000,0.00000000,0.00000000,0.00000000,0.00000000,0.00000000,0.00000000,0.00000000,9.08518794,0.00000000,0.00000000,0.00000000,0.00000000,0.00000000,0.00000000,0.00000000,0.00000000,0.00000000,15.83395086,0.00000000,0.00000000,0.00000000,0.00000000,0.00000000,0.00000000,0.00000000,5.29455394,0.00000000,12.29253271,0.00000000,0.00000000,0.00000000,48.71405397,0.00000000,0.00000000,0.00000000,0.61230615,0.00000000,3.19262631,0.00000000,0.00000000,0.00000000,9.11259970,0.00000000,133.69490307,0.00000000,15.60949565,0.00000000,34.40261001,0.00000000,37.20765099,0.00000000,5.25672516,0.00000000,19.15090770,0.00000000,16.61347742,0.00000000,0.00000000,0.00000000,4.24741522,0.00000000,0.00000000,0.00000000,4.58071080,0.00000000,0.00000000,0.00000000,0.00000000,0.00000000,7.47021214,0.00000000,0.00000000,0.00000000,0.00000000,0.00000000,0.00000000,0.00000000,0.00000000,0.00000000,0.00000000,0.00000000,0.00000000,0.00000000,0.00000000,0.00000000,0.00000000,0.00000000,0.00000000,0.00000000,1.17428896,0.00000000,0.00000000,0.00000000,0.00000000,0.00000000,0.00000000,0.00000000,63.99061312,37.97899958,68.18384141,1.46791316,64.18015730,0.00000000,3.36022656,0.00000000,0.00000000,0.00000000,0.00000000,0.00000000,0.00000000,0.00000000,0.00000000
0.00000000,5.45454405,0.00000000,0.00000000,0.00000000,0.00000000,0.00000000,9.13049928,0.00000000,7.49926761,0.00000000,1.55401765,0.00000000,0.00000000,0.00000000,0.00000000,0.00000000,0.00000000,0.00000000,0.00000000,0.00000000,2.63890799,0.00000000,0.00000000,0.00000000,9.54884027,0.00000000,0.00000000,0.00000000,0.00000000,0.00000000,0.00000000,0.00000000,0.00000000,0.00000000,0.00000000,0.00000000,3.55284620,0.00000000,0.00000000,0.00000000,0.00000000,0.00000000,0.00000000,0.00000000,29.89700478,0.00000000,0.00000000,0.00000000,0.00000000,0.00000000,38.82124417,0.71858258,19.45621597,0.00000000,37.78428943,0.00000000,112.88859139,0.89227736,62.57484629,0.00000000,53.47085678,0.00000000,0.53060120,0.00000000,0.97078802,0.00000000,5.33752846,0.00000000,2.81005972,0.00000000,10.88415012,0.00000000,1.96688633,0.00000000,6.79925617,0.00000000,0.00000000,0.00000000,0.00000000,0.00000000,10.82007798,0.00000000,4.26811445,0.00000000,4.21884910,0.00000000,7.64268202,0.00000000,0.00000000,0.00000000,0.00000000,0.00000000,0.00000000,0.00000000,0.00000000,0.00000000,0.00000000,0.00000000,1.84868243,0.00000000,0.00000000,0.00000000,0.00000000,0.00000000,0.00000000,0.00000000,0.00000000,0.00000000,0.00000000,0.00000000,0.00000000,0.00000000,0.00000000,0.00000000,0.00000000,0.00000000,0.00000000,0.00000000,0.00000000,0.00000000,9.10109588,0.00000000,6.08142203,0.00000000,1.53413023,0.00000000,0.00000000,0.00000000,0.00000000,0.00000000,0.00000000,0.00000000,0.00000000,0.00000000,0.00000000,0.00000000,0.00000000,0.00000000,0.00000000,0.00000000,15.60485399,0.00000000,20.32872151,0.00000000,36.14789488,0.00000000,0.00000000,0.00000000,0.00000000,0.00000000,0.47411841,0.00000000,0.00000000,0.00000000,54.76734931,0.00000000,200.01602509,0.00000000,43.79298526,0.00000000,31.12695343,0.00000000,23.53703648,0.00000000,16.61679815,0.00000000,41.48265330,0.00000000,0.00000000,0.00000000,0.00000000,0.00000000,8.12183444,0.00000000,1.67976179,0.00000000,8.68704429,0.00000000,2.87639104,0.00000000,0.00000000,0.00000000,9.35925164,0.00000000,0.55482755,0.00000000,0.00000000,0.00000000,0.00000000,0.00000000,0.00000000,0.00000000,0.00000000,0.00000000,0.00000000,0.00000000,0.00000000,0.00000000,1.13323773,0.00000000,0.00000000,0.00000000,0.00000000,0.00000000,0.00000000,0.00000000,0.00000000,0.00000000,0.00000000,0.00000000,0.00000000,0.00000000,0.00000000,22.36350723,0.00000000,0.00000000,0.00000000,48.93699104,72.42213545,115.49305321,14.26228140,0.00000000,2.40818374,0.00000000
97.52462313,0.00000000,111.80856557,0.00000000,45.66361265,0.00000000,94.50482565,0.00000000,8.41691135,0.00000000,0.57099116,0.00000000,0.00000000,0.00000000,0.00000000,0.00000000,24.34694672,0.00000000,1.78354665,0.00000000,18.22038362,0.00000000,51.04917570,0.00000000,98.92117569,0.00000000,0.00000000,0.00000000,0.00000000,0.00000000,7.61837624,0.00000000,18.11862668,0.00000000,0.00000000,0.00000000,31.22228419,0.00000000,10.02037242,0.00000000,0.00000000,0.00000000,12.12665842,0.00000000,11.17022415,0.00000000,0.00000000,0.00000000,13.47624183,0.00000000,40.99283470,0.00000000,6.57958331,0.00000000,0.00000000,0.00000000,1.18375980,0.00000000,0.00000000,0.00000000,42.18330437,0.00000000,13.59963722,0.00000000,0.00000000,0.00000000,6.03136850,0.00000000,0.00000000,0.00000000,18.36900667,0.00000000,0.00000000,0.00000000,0.00000000,0.00000000,0.00000000,0.00000000,0.00000000,0.00000000,0.00000000,0.00000000,0.00000000,0.00000000,0.00000000,0.00000000,0.03287142,0.00000000,0.00000000,0.00000000,0.00000000,0.00000000,0.00000000,0.00000000,0.00000000,0.00000000,0.00000000,0.00000000,0.00000000,0.00000000,0.00000000,0.00000000,0.00000000,0.00000000,0.00000000,0.00000000,0.00000000,0.00000000,0.00000000,0.00000000,0.00000000,0.00000000,0.00000000,0.00000000,0.00000000,0.00000000,0.00000000,0.00000000,0.00000000,0.00000000,0.74137735,0.00000000,0.08925751,0.00000000,0.00000000,0.00000000,0.00000000,0.00000000,0.00000000,0.00000000,0.00000000,0.00000000,0.00000000,0.00000000,0.00000000,0.00000000,0.00000000,0.00000000,23.12278370,0.00000000,7.36084327,0.00000000,0.00000000,0.00000000,48.18502663,0.00000000,0.00000000,0.00000000,0.00000000,0.00000000,0.00000000,0.00000000,0.00000000,0.00000000,2.81359940,0.00000000,9.56874650,0.00000000,3.90341535,0.00000000,12.49302676,0.00000000,17.84131552,0.00000000,25.41725775,0.00000000,31.79612539,0.00000000,20.73966761,0.00000000,4.24741522,0.00000000,0.00000000,0.00000000,0.00000000,0.00000000,10.34266481,4.25413613,2.71762737,0.00000000,0.00000000,0.00000000,10.46519637,0.00000000,0.00000000,0.00000000,0.00000000,0.00000000,0.42214731,0.00000000,0.00000000,0.00000000,0.00000000,0.00000000,0.00000000,0.00000000,0.00000000,0.00000000,0.00000000,0.00000000,0.00000000,0.00000000,0.00000000,0.00000000,0.00000000,0.00000000,0.00000000,0.00000000,0.00000000,0.00000000,72.24920993,35.47389635,61.06169903,33.44676291,33.42838956,0.00000000,16.83204594,0.00000000,0.00000000,0.00000000,7.30319209,0.00000000,0.00000000,0.00000000,0.00000000
0.00000000,154.59320630,0.00000000,45.98089649,0.00000000,53.13072582,0.00000000,132.49491435,0.00000000,43.99336427,0.00000000,22.77320401,0.00000000,0.00000000,0.00000000,19.75068666,0.00000000,13.51250663,0.00000000,10.41593827,0.00000000,14.59107037,0.00000000,19.39586010,0.00000000,79.78145490,0.00000000,0.00000000,0.00000000,0.00000000,0.00000000,0.00000000,0.00000000,0.75104355,0.00000000,10.29323506,0.00000000,37.93145224,0.00000000,0.00000000,0.00000000,0.00000000,0.00000000,5.01916303,0.00000000,5.19048818,0.00000000,0.00000000,0.00000000,0.00000000,0.00000000,50.14666728,0.00000000,0.77985395,0.00000000,38.92802982,0.00000000,4.28506364,0.00000000,0.00000000,0.00000000,46.90998622,2.43286611,8.04568755,0.00000000,9.26231915,0.00000000,0.12836890,0.00000000,0.00000000,0.00000000,12.03878109,0.00000000,0.99888004,0.00000000,0.00000000,0.00000000,0.00000000,0.00000000,0.00000000,0.00000000,0.52813296,0.00000000,0.00000000,0.00000000,0.00000000,0.00000000,0.00000000,0.00000000,0.00000000,0.00000000,0.00000000,0.00000000,0.00000000,0.00000000,0.00000000,0.00000000,0.00000000,0.00000000,0.00000000,0.00000000,0.00000000,0.00000000,0.00000000,0.00000000,0.00000000,0.00000000,0.00000000,0.00000000,0.00000000,0.00000000,0.00000000,0.00000000,0.00000000,0.00000000,0.00000000,0.00000000,0.00000000,0.00000000,0.00000000,0.00000000,0.00000000,0.00000000,5.03307682,0.00000000,0.00000000,0.00000000,0.00000000,0.00000000,0.00000000,0.00000000,1.44939741,0.00000000,0.00000000,0.00000000,0.00000000,0.00000000,0.00000000,0.00000000,0.00000000,0.00000000,13.11955814,0.00000000,6.11979756,0.00000000,46.03637854,0.00000000,0.00000000,0.00000000,0.00000000,0.00000000,0.00000000,0.00000000,0.00000000,0.00000000,0.00000000,0.00000000,13.62947858,0.00000000,0.00000000,0.00000000,0.21036294,0.00000000,9.58969608,0.00000000,4.65325920,0.00000000,38.83410234,0.00000000,20.18659874,0.00000000,8.12183444,0.00000000,0.00000000,0.00000000,0.00000000,0.00000000,27.51965790,0.00000000,12.35401955,0.00000000,0.00000000,0.00000000,43.95204171,0.00000000,0.00000000,0.00000000,0.00000000,0.00000000,1.57771201,0.00000000,0.00000000,0.00000000,0.00000000,0.00000000,0.00000000,0.00000000,0.00000000,0.00000000,0.00000000,0.00000000,0.00000000,0.00000000,0.00000000,0.00000000,2.37687438,0.00000000,0.00000000,0.00000000,0.00000000,0.00000000,0.00000000,0.00000000,0.00000000,22.74497178,0.00000000,0.00000000,0.00000000,16.02295090,97.92387989,22.37523593,47.01726276,0.00000000,6.97038483,0.00000000
0.00000000,0.00000000,0.00000000,0.00000000,0.00000000,0.00000000,0.00000000,0.00000000,1.11607854,0.00000000,4.55504795,0.00000000,0.00000000,0.00000000,0.00000000,1.46238968,0.00000000,0.00000000,0.00000000,0.00000000,0.00000000,0.00000000,1.42780749,0.00000000,0.00000000,0.00000000,0.00000000,0.00000000,0.00000000,0.00000000,0.00000000,0.00000000,0.00000000,0.00000000,0.00000000,0.00000000,0.00000000,0.00000000,0.00000000,0.00000000,0.00000000,0.00000000,0.00000000,0.00000000,0.45797130,0.00000000,0.00000000,0.00000000,0.00000000,0.00000000,0.00000000,1.15579075,0.00000000,0.00000000,0.00000000,0.00000000,0.00000000,0.00000000,0.00000000,0.00000000,0.00000000,0.00000000,0.00000000,0.00000000,13.06059619,0.00000000,0.00000000,0.00000000,0.00000000,0.00000000,21.49080328,0.00000000,0.00000000,0.00000000,29.87242119,0.00000000,5.51044064,0.00000000,0.00000000,0.00000000,0.00000000,0.00000000,18.69682202,0.00000000,0.00000000,0.00000000,3.17125374,0.00000000,0.00000000,0.00000000,36.01183850,0.00000000,0.00000000,0.00000000,0.00000000,0.00000000,0.00000000,0.00000000,47.11393771,0.00000000,14.36741213,0.00000000,0.00000000,0.00000000,0.00000000,0.00000000,8.95088131,0.00000000,0.00000000,0.00000000,0.00000000,0.00000000,0.00000000,0.00000000,0.00000000,0.00000000,0.00000000,0.00000000,4.54618772,0.00000000,2.17819739,0.00000000,11.63125894,0.00000000,10.49760338,0.52618790,2.31976199,0.00000000,0.00000000,0.00000000,0.00000000,0.00000000,2.40454344,0.00000000,0.55564415,0.00000000,14.08867348,0.00000000,36.71803766,0.90543688,13.88893815,0.00000000,0.00000000,0.00000000,55.86767518,0.00000000,46.56125652,0.00000000,16.13772389,7.71731873,122.66887817,0.01002986,160.23818820,0.00000000,5.79712748,0.00000000,0.00000000,0.00000000,0.44833620,0.00000000,0.00000000,0.00000000,0.00000000,0.00000000,0.00000000,0.00000000,0.00000000,0.00000000,9.70856685,0.00000000,0.00000000,0.00000000,0.00000000,0.00000000,0.00000000,0.00000000,146.41200122,0.00000000,19.99429958,0.00000000,49.18014581,0.00000000,85.24399161,0.00000000,27.74307920,0.00000000,0.00000000,0.00000000,0.00000000,0.00000000,0.00000000,0.00000000,0.00000000,0.00000000,0.00000000,0.00000000,0.00000000,0.00000000,0.00000000,0.00000000,0.00000000,0.00000000,0.00000000,0.00000000,0.00000000,0.00000000,0.00000000,0.00000000,0.00000000,0.00000000,1.87365918,0.00000000,19.84680432,0.00000000,0.00000000,6.92145016,0.00000000,0.00000000,0.00000000,0.00000000,0.00000000,0.00000000,0.00000000,0.00000000,0.00000000
0.00000000,0.00000000,0.00000000,0.00000000,0.00000000,0.00000000,0.00000000,0.00000000,0.00000000,0.00000000,0.00000000,1.29672569,0.00000000,0.00000000,0.00000000,4.42527295,0.00000000,0.00000000,0.00000000,0.00000000,0.00000000,2.70517855,0.00000000,0.00000000,0.00000000,0.00000000,0.00000000,0.00000000,0.00000000,0.00000000,0.00000000,0.00000000,0.00000000,0.00000000,0.00000000,0.00000000,0.00000000,0.00000000,0.00000000,0.00000000,0.00000000,0.43059422,0.00000000,0.00000000,0.00000000,0.00000000,0.00000000,0.00000000,0.00000000,4.28891090,0.00000000,0.00000000,0.00000000,0.00000000,0.00000000,0.00000000,0.00000000,0.00000000,0.00000000,4.06979736,0.00000000,0.00000000,0.00000000,0.00000000,0.00000000,10.44675988,0.00000000,18.93549044,0.00000000,0.94824654,1.66494987,12.85409441,0.00000000,9.15036361,0.00000000,44.51794389,0.00000000,2.39988056,0.00000000,0.00000000,0.00000000,27.06721320,0.00000000,0.00000000,0.00000000,3.27510893,0.00000000,1.83768173,0.00000000,0.00000000,0.00000000,2.13275028,0.00000000,0.00000000,0.00000000,0.00000000,0.00000000,0.00000000,1.59705714,6.12613315,0.00000000,59.26115791,0.00000000,2.22518919,0.00000000,0.00000000,0.00000000,0.00000000,0.00000000,0.00000000,0.00000000,0.00000000,0.00000000,0.00000000,0.00000000,0.00000000,0.00000000,0.00000000,0.00000000,0.00000000,0.00000000,0.00000000,0.00000000,12.06932994,3.12442602,5.48746736,0.00000000,4.22327642,3.85738130,0.00000000,6.91583279,0.00000000,0.00000000,0.81308353,0.00000000,0.00000000,0.00000000,3.12457977,0.00000000,22.92033483,0.00000000,72.14681220,0.00000000,16.66631119,0.74833989,24.18606302,4.09959222,6.38351909,5.81328223,21.03937186,0.00000000,44.91748814,0.00000000,125.44705650,0.00000000,1.74266474,0.00000000,0.00000000,0.00000000,0.00000000,0.00000000,2.15989230,0.00000000,0.97448307,0.00000000,0.00000000,0.00000000,0.38990450,0.00000000,10.13225421,0.00000000,1.67976179,0.00000000,0.00000000,0.00000000,0.00000000,0.00000000,84.08979359,0.00000000,48.61605553,8.54837311,47.65740288,0.00000000,55.05418140,0.00000000,71.60594055,0.00000000,3.15289831,0.00000000,2.01904082,0.00000000,0.00000000,0.00000000,0.00000000,0.00000000,0.00000000,0.00000000,0.00000000,0.00000000,0.55905066,0.00000000,0.00000000,0.00000000,0.00000000,0.00000000,0.00000000,0.00000000,0.00000000,0.00000000,0.00000000,0.00000000,0.00000000,0.00000000,0.00000000,9.59214238,0.00000000,0.00000000,0.00000000,36.82713403,5.09589909,13.76548844,0.00000000,1.07972324,2.76892609,0.00000000
177.31913280,89.56830161,16.30018459,16.83333189,49.10525557,4.33177128,13.65305129,4.81200586,282.15181567,100.62037563,78.20099603,12.50879675,140.33368910,4.01053613,8.08188500,4.83870894,0.00000000,0.00000000,4.19342246,2.83723152,0.94212345,0.00000000,48.20084570,8.02866672,0.00000000,3.49736616,1.09878329,0.00000000,0.00000000,0.00000000,0.00000000,0.00000000,0.00000000,0.00000000,2.04299711,0.00000000,0.24780616,0.00000000,25.21029413,0.00000000,31.84627963,0.00000000,3.58943390,0.00000000,32.35786660,0.00000000,10.80685150,0.00000000,128.25734815,0.00000000,6.94424140,0.00000000,6.39213813,0.00000000,2.24965067,1.42477112,0.65807518,0.00000000,46.39836196,10.82838521,22.58019677,1.48957419,16.95637529,0.53363697,41.69816587,3.93538500,132.06738495,20.38916773,0.00000000,0.00000000,0.00000000,0.00000000,0.00000000,0.00000000,0.00000000,0.00000000,0.00000000,0.00000000,0.00000000,0.00000000,0.00000000,0.00000000,0.00000000,0.00000000,0.00000000,0.00000000,0.00000000,0.00000000,0.00000000,0.00000000,0.00000000,0.00000000,0.00000000,0.00000000,0.00000000,0.00000000,0.00000000,0.00000000,0.00000000,0.00000000,0.00000000,0.00000000,0.00000000,0.00000000,0.00000000,0.00000000,0.00000000,0.00000000,0.00000000,0.00000000,0.00000000,0.00000000,0.00000000,0.00000000,0.00000000,0.00000000,0.00000000,0.00000000,0.00000000,0.00000000,0.00000000,0.00000000,0.00000000,0.00000000,0.00000000,0.00000000,0.00000000,0.00000000,0.00000000,0.00000000,0.00000000,0.00000000,0.00000000,0.00000000,0.00000000,0.00000000,0.00000000,0.00000000,0.00000000,0.00000000,0.00000000,0.00000000,0.00000000,0.00000000,1.37912586,0.00000000,0.00000000,0.00000000,0.00000000,0.00000000,0.00000000,0.00000000,34.08938846,0.00000000,67.56584911,2.72848746,7.80311207,0.00000000,5.53912529,4.16280421,0.10727082,0.00000000,0.00000000,0.00000000,0.00000000,0.00000000,1.42111897,0.00000000,13.43214865,0.00000000,4.58071080,0.00000000,10.34266481,0.00000000,146.41200122,0.00000000,0.00000000,0.00000000,57.32388614,0.00000000,119.45699092,0.00000000,31.32442790,0.00000000,49.48352561,0.00000000,106.17235400,0.00000000,0.00000000,0.00000000,0.00000000,0.00000000,0.00000000,0.00000000,0.00000000,0.00000000,0.00000000,0.00000000,0.00000000,0.00000000,0.00000000,0.00000000,0.00000000,0.00000000,0.00000000,0.00000000,0.00000000,0.00000000,0.00000000,0.00000000,73.64998870,21.27416017,24.51087854,5.89935475,2.43324593,0.00000000,0.00000000,0.67582982,12.95844010,0.00000000,5.98773018,0.00000000,0.00000000,0.00000000,0.00000000
98.49229146,197.53266751,30.82141571,7.12356622,56.43585139,105.97192119,19.82142499,4.67199091,52.44678047,142.17985180,32.55576430,147.34229760,56.83683866,299.96617424,16.39172961,34.52609589,0.00000000,5.79400683,6.92574594,18.72603450,0.00000000,17.14120456,12.05159537,11.37004833,7.45837989,0.01843561,0.00000000,18.64515327,0.00000000,0.00000000,0.00000000,0.00000000,0.00000000,49.39585237,0.00000000,32.94474579,0.89920227,16.35095381,2.54389191,21.48773038,9.72500424,48.50448928,0.00000000,5.28413560,5.01488065,12.35176205,0.00000000,41.39461547,11.19141172,82.59232384,0.00000000,0.88776416,1.27222869,0.00000000,0.00000000,0.00000000,0.00000000,0.00000000,0.00000000,0.00000000,0.00000000,20.57657317,0.00000000,50.55259326,0.00000000,0.00000000,0.00000000,9.94698016,0.00000000,3.33738492,0.00000000,0.00000000,0.00000000,0.00000000,0.00000000,0.00000000,0.00000000,0.00000000,0.00000000,0.00000000,0.00000000,0.00000000,0.00000000,0.00000000,0.00000000,0.00000000,0.00000000,0.00000000,0.00000000,0.00000000,0.00000000,0.00000000,0.00000000,0.00000000,0.00000000,1.22521081,0.00000000,0.00000000,0.00000000,0.00000000,0.00000000,0.00000000,0.00000000,0.00000000,0.00000000,0.00000000,0.00000000,0.00000000,0.00000000,0.00000000,0.00000000,0.00000000,0.00000000,0.00000000,0.00000000,0.00000000,0.00000000,0.00000000,0.00000000,0.00000000,0.00000000,0.00000000,0.00000000,0.00000000,0.00000000,0.00000000,0.00000000,0.00000000,0.00000000,0.00000000,0.00000000,0.00000000,0.00000000,0.00000000,0.00000000,0.00000000,0.00000000,0.00000000,0.00000000,0.00000000,0.00000000,0.00000000,0.00000000,0.00000000,0.00000000,0.00000000,0.00000000,0.00000000,0.00000000,0.00000000,0.00000000,2.78455406,0.00000000,10.75729754,0.00000000,0.00000000,0.00000000,0.00000000,0.00000000,0.00000000,0.00000000,0.00000000,0.00000000,0.00000000,0.00000000,0.00000000,0.00000000,15.98495969,0.00000000,12.84419467,0.00000000,8.68704429,4.25413613,27.51965790,0.00000000,84.08979359,0.00000000,0.00000000,3.01778519,26.75697485,0.00000000,87.09418379,2.47346435,20.05549421,0.00000000,20.76201034,0.00000000,61.96913098,0.00000000,0.00000000,0.00000000,0.00000000,0.00000000,0.00000000,0.00000000,0.00000000,0.00000000,0.00000000,0.00000000,0.00000000,0.00000000,0.00000000,0.00000000,0.00000000,0.00000000,0.00000000,0.00000000,0.00000000,0.00000000,0.00000000,1.78089668,0.32306896,0.00000000,0.00000000,70.29281862,0.00000000,0.00000000,0.00000000,226.21185246,60.14476864,112.06672604,0.00000000,0.00000000,0.00000000,4.68972661
20.18414847,0.00000000,1.85544590,0.00000000,16.60304952,10.11213444,0.00000000,0.00000000,8.98094168,0.00000000,120.90836688,7.34110367,49.83947312,0.00000000,24.85337896,30.55825145,0.67988323,0.82743305,19.32743744,0.00000000,91.80036334,0.00000000,8.68824360,3.96246871,0.00000000,0.00000000,0.00000000,0.00000000,0.00000000,0.00000000,54.45733206,0.00000000,76.27565834,0.00000000,55.58705323,0.00000000,77.21509148,0.00000000,2.79933798,0.00000000,38.74582552,0.46250808,1.44460376,0.00000000,3.79655509,0.00000000,34.34785847,0.00000000,45.37064883,0.00000000,15.59546001,0.00000000,0.00000000,0.00000000,0.00000000,0.00000000,0.00000000,0.00000000,0.00000000,0.00000000,0.00000000,0.00000000,0.00000000,0.00000000,3.34671165,0.00000000,0.00000000,0.00000000,0.00000000,0.00000000,0.00000000,0.00000000,0.00000000,0.00000000,0.00000000,0.00000000,0.00000000,0.00000000,0.00000000,0.00000000,0.78752623,0.00000000,0.00000000,0.00000000,0.00000000,0.00000000,0.00000000,0.00000000,0.00000000,0.00000000,0.00000000,0.00000000,0.00000000,0.00000000,0.00000000,0.00000000,0.00000000,0.00000000,0.00000000,0.00000000,0.00000000,0.00000000,0.00000000,0.00000000,0.00000000,0.00000000,0.00000000,0.00000000,0.00000000,0.00000000,0.00000000,0.00000000,0.00000000,0.00000000,0.00000000,0.00000000,0.00000000,0.00000000,0.00000000,0.00000000,0.00000000,0.00000000,0.00000000,0.00000000,0.00000000,0.00000000,0.00000000,0.00000000,0.00000000,0.00000000,0.00000000,0.00000000,0.00000000,0.00000000,0.00000000,0.00000000,0.00000000,0.00000000,0.00000000,0.00000000,0.00000000,0.00000000,0.00000000,0.00000000,0.00000000,0.00000000,0.00000000,0.00000000,0.00000000,0.00000000,0.00000000,0.00000000,16.34019276,0.00000000,0.00000000,0.00000000,0.00000000,0.00000000,0.00000000,0.00000000,0.00000000,0.00000000,0.00000000,0.00000000,7.86703531,0.00000000,0.30122415,0.00000000,0.00000000,0.00000000,0.00000000,0.00000000,2.71762737,0.00000000,19.99429958,0.00000000,57.32388614,3.01778519,0.00000000,0.00000000,67.83670558,0.00000000,92.22533989,0.00000000,35.42020872,0.00000000,49.33527275,0.00000000,0.00000000,0.00000000,0.00000000,0.00000000,0.00000000,0.00000000,0.00000000,0.00000000,0.00000000,0.00000000,0.00000000,0.00000000,0.00000000,0.00000000,0.00000000,0.00000000,0.00000000,0.00000000,0.00000000,0.00000000,0.00000000,0.00000000,14.12954671,25.19644185,14.29382528,6.53634011,8.39019947,0.71325027,0.00000000,0.00000000,0.00000000,0.00000000,0.30967488,0.00000000,0.00000000,0.00000000,0.00000000
0.00000000,0.48622231,0.13972595,0.00000000,0.99190478,18.11238156,0.00000000,0.00000000,0.00000000,0.00000000,0.00000000,17.85873580,0.00000000,42.48133860,6.22038517,19.14294245,0.00000000,15.01230266,0.00000000,2.76812167,0.00000000,29.26169012,0.00000000,33.09679890,0.00000000,0.00000000,0.00000000,3.10442710,0.00000000,0.00000000,0.00000000,16.93318277,0.00000000,38.79160059,0.00000000,18.56060140,0.00000000,48.03378514,0.00000000,7.70345290,0.00000000,6.37602649,0.00000000,2.31819291,0.00000000,1.34202546,0.00000000,0.00000000,0.00000000,18.25515283,0.00000000,0.00000000,0.00000000,0.00000000,0.00000000,0.00000000,0.00000000,0.00000000,0.00000000,0.00000000,0.00000000,0.00000000,0.00000000,0.27972268,0.00000000,0.00000000,0.00000000,0.00000000,0.00000000,0.00000000,0.00000000,0.00000000,0.00000000,0.00000000,0.00000000,0.00000000,0.00000000,0.00000000,0.00000000,0.00000000,0.00000000,0.00000000,0.00000000,0.00000000,0.00000000,0.00000000,0.00000000,0.00000000,0.00000000,0.00000000,0.00000000,0.00000000,0.00000000,0.00000000,0.00000000,0.00000000,0.00000000,0.00000000,0.00000000,0.00000000,0.00000000,0.00000000,0.00000000,0.00000000,0.00000000,0.00000000,0.00000000,0.00000000,0.00000000,0.00000000,0.00000000,0.00000000,0.00000000,0.00000000,0.00000000,0.00000000,0.00000000,0.00000000,0.00000000,0.00000000,0.00000000,0.00000000,0.00000000,0.00000000,0.00000000,0.00000000,0.00000000,0.00000000,0.00000000,0.00000000,0.00000000,0.00000000,0.00000000,0.00000000,0.00000000,0.00000000,0.00000000,0.00000000,0.00000000,0.00000000,0.00000000,0.00000000,0.00000000,0.00000000,0.00000000,0.77263601,0.00000000,0.00000000,0.00000000,0.00000000,0.00000000,20.91926703,0.00000000,55.11869765,0.00000000,0.00000000,0.00000000,0.00000000,0.00000000,0.00000000,0.00000000,0.00000000,0.00000000,0.00000000,0.00000000,0.00000000,0.00000000,1.96598701,0.00000000,0.00000000,0.00000000,2.87639104,0.00000000,12.35401955,0.00000000,48.61605553,0.00000000,26.75697485,0.00000000,0.00000000,0.00000000,79.46231649,0.00000000,28.04452280,0.00000000,76.38359372,0.00000000,74.90366780,0.00000000,0.52408171,0.00000000,0.00000000,0.00000000,0.00000000,0.00000000,0.00000000,0.00000000,0.00000000,0.00000000,0.00000000,0.00000000,0.00000000,0.00000000,0.00000000,0.00000000,0.00000000,0.00000000,0.00000000,0.00000000,0.00000000,0.00000000,0.00000000,0.00000000,0.00000000,13.03193996,0.00000000,0.00000000,0.00000000,80.62196449,21.55836299,51.15147679,0.00000000,16.06101428,0.00000000,0.00000000
0.00000000,0.00000000,0.74872521,0.00000000,47.22821240,0.00000000,0.00000000,0.00000000,19.02240173,0.00000000,77.82622909,0.00000000,45.47355495,0.00000000,20.93658032,0.00000000,1.64744621,0.00000000,0.00000000,0.00000000,0.00000000,0.00000000,22.00457778,0.00000000,0.00000000,0.00000000,1.65048002,0.00000000,0.00000000,0.00000000,0.00000000,0.00000000,0.00000000,0.00000000,0.00000000,0.00000000,0.00000000,0.00000000,0.00000000,0.00000000,1.90383600,0.00000000,0.00000000,0.00000000,37.42045561,0.00000000,40.63410312,0.00000000,19.63939661,0.00000000,0.00000000,0.00000000,0.00000000,0.00000000,0.00000000,1.49435258,0.00000000,0.00000000,0.00000000,0.00000000,0.00000000,0.00000000,0.00000000,0.00000000,56.55604118,19.74470765,0.00000000,0.42389240,0.00000000,0.00000000,17.40056294,1.34869204,29.87649188,0.00000000,22.99103459,8.46566413,0.00000000,0.00000000,0.00000000,0.00000000,0.00000000,0.07920399,0.00000000,0.18840036,0.00000000,2.93164178,0.00000000,2.01712932,0.00000000,0.00000000,17.69818971,5.59543488,0.00000000,0.00000000,0.00000000,0.00000000,14.39649418,1.52040099,0.00000000,0.00000000,4.22543404,5.30639578,0.00000000,0.00000000,11.92127268,0.03037312,32.36886505,0.00000000,2.46099845,0.00000000,8.60109097,9.07745396,15.41296317,3.19354228,34.06592811,0.00000000,0.00000000,0.00000000,94.11235819,0.00000000,0.82309461,0.00000000,0.00000000,0.00000000,0.76401060,21.56008029,70.09445676,38.12892890,1.34745727,0.00000000,0.00000000,24.14663927,5.94490782,0.00000000,32.26490470,0.00000000,66.38398160,17.54016506,36.34877223,27.05060935,65.59699151,9.28488402,39.92161053,6.83157693,41.41818613,4.34745586,190.26094732,8.99402136,130.82819084,54.60495418,217.22367905,63.73692402,190.09050668,28.44372707,11.63655220,6.46398665,0.00000000,0.00000000,34.23371036,1.83624433,23.20988517,0.00000000,0.00000000,0.00000000,0.00000000,0.00000000,0.00000000,0.00000000,4.29183953,0.00000000,0.00000000,0.00000000,0.00000000,0.00000000,49.18014581,8.54837311,119.45699092,0.00000000,67.83670558,0.00000000,0.00000000,19.40441804,127.96323942,0.00000000,15.80679138,1.39722733,45.15517548,0.00000000,0.03086208,0.00000000,18.80067154,1.40671406,20.65574147,22.93948936,43.67051438,0.00000000,182.29968200,26.34443795,12.60259452,1.60679953,7.12206328,0.00000000,101.00923893,0.00000000,0.00000000,0.00000000,89.65076170,7.00998939,56.90012903,19.66666955,31.87002899,9.96836622,48.51714593,0.00000000,32.64186289,34.27550789,0.00000000,0.00000000,14.07031580,0.00000000,3.55952099,0.00000000,3.42065010,0.00000000,0.00000000
0.00000000,37.26022605,0.00000000,0.00000000,0.00000000,34.16377843,0.00000000,0.00000000,0.00000000,0.00000000,0.00000000,64.38906733,0.00000000,110.80483922,0.00000000,2.68486664,0.00000000,0.05143849,0.00000000,0.00000000,0.00000000,0.00000000,2.59633084,0.00000000,0.00000000,0.00000000,0.00000000,30.96457106,0.00000000,0.00000000,0.00000000,0.00000000,0.00000000,0.00000000,0.00000000,0.00000000,0.00000000,0.00000000,0.00000000,0.00000000,0.00000000,60.02512049,0.00000000,0.00000000,0.00000000,0.00000000,0.00000000,0.00000000,0.00000000,38.62971547,0.00000000,0.00000000,0.00000000,0.00000000,0.00000000,0.00000000,0.80535612,0.00000000,0.00000000,3.38353428,0.00000000,0.00000000,0.00000000,0.00000000,3.41349737,90.71107566,0.05545033,15.88788132,0.00000000,0.00000000,2.22356862,26.14830957,0.00000000,14.97766142,5.74944757,59.49570774,0.00000000,0.00000000,0.00000000,0.00000000,0.00000000,34.30217313,0.00000000,0.00000000,0.00000000,92.49179609,0.00000000,0.56884754,0.00000000,0.00000000,7.25029225,22.38186667,0.00000000,0.00000000,0.00000000,0.00000000,0.00000000,24.79529313,4.39650458,13.02107364,1.02595975,22.30395071,0.00000000,0.49733389,0.00000000,8.13813481,27.85607594,12.21299756,0.00000000,0.00000000,0.00000000,38.32146147,1.85967479,32.19755724,0.00000000,0.00000000,0.00000000,0.00000000,0.00000000,27.87061392,1.98769124,0.00000000,0.00000000,13.14615200,36.94508291,2.80750385,39.92581627,59.09190422,7.63776397,0.00000000,25.85077102,0.00000000,0.15064749,2.15979390,1.15444922,0.00000000,12.43274305,27.63638500,27.11975294,35.23024615,22.26359795,44.81743040,2.23532393,19.90327682,29.18518170,37.36520520,85.46981780,104.79844844,108.74105673,35.58596024,62.59219080,277.71504281,24.44238114,228.38047717,2.47188773,48.89282828,0.00000000,0.00000000,4.08282166,33.28303478,16.61168543,39.43325668,0.00000000,0.00000000,0.00000000,0.00000000,0.00000000,0.00000000,0.00000000,16.03609248,0.00000000,0.00000000,0.00000000,0.00000000,0.00000000,47.65740288,0.00000000,87.09418379,0.00000000,79.46231649,19.40441804,0.00000000,0.00000000,22.85365039,6.75775142,21.03355168,0.00000000,48.91960438,0.00000000,8.62189997,3.54404408,9.11442896,21.62271643,49.24766844,0.00000000,27.20200008,81.50216811,74.03212381,23.20896993,24.84505979,0.11532322,47.51539324,70.79041223,45.92396937,0.00000000,4.07380644,58.81605819,49.85054217,25.36065305,26.93059678,0.03352154,0.00000000,20.12184882,3.86775483,36.38979363,0.00000000,0.23914729,0.00000000,67.20741878,3.51496684,30.39048251,13.25081987,38.58368065,0.00000000,0.07150821
23.88614906,0.08534574,0.00000000,0.00000000,25.45696250,0.00000000,2.30567127,0.00000000,22.00482376,0.00000000,23.15444139,0.00000000,53.55482804,0.00000000,3.51561774,0.00000000,22.65909719,3.57131850,1.31347343,0.00000000,1.43886164,0.00000000,4.90198703,2.95257712,3.76566378,0.00000000,8.15241844,0.00000000,9.60364017,0.00000000,7.96687101,0.00000000,18.70411942,0.00000000,0.23562196,0.00000000,22.82991885,0.00000000,110.97892288,0.00000000,11.79466221,0.00000000,0.00000000,0.00000000,21.67391950,0.00000000,36.21698882,0.00000000,0.16112694,0.00000000,2.61123043,0.00000000,0.47582661,0.00000000,0.00000000,0.00000000,0.00000000,0.00000000,0.00000000,0.00000000,31.40556224,0.00000000,39.07199083,0.00000000,0.00000000,0.00000000,0.00000000,0.00000000,0.00000000,0.00000000,0.00000000,0.00000000,0.00000000,0.00000000,0.00000000,0.00000000,0.00000000,0.00000000,0.00000000,0.00000000,0.00000000,0.00000000,0.00000000,0.00000000,2.24082473,0.00000000,0.00000000,0.00000000,0.00000000,0.00000000,0.00000000,0.00000000,0.00000000,0.00000000,0.00000000,0.00000000,0.00000000,0.00000000,0.00000000,0.00000000,4.96111141,0.00000000,0.00000000,0.00000000,0.00000000,0.00000000,0.00000000,0.00000000,0.00000000,0.00000000,0.00000000,0.00000000,0.00000000,0.00000000,0.00000000,0.00000000,0.00000000,0.00000000,0.00000000,0.00000000,0.00000000,0.00000000,0.00000000,0.00000000,0.00000000,0.00000000,0.00000000,0.00000000,0.00000000,0.00000000,0.00000000,0.00000000,0.00000000,0.00000000,0.00000000,0.00000000,0.00000000,0.00000000,0.00000000,0.00000000,0.00000000,0.00000000,0.87537816,0.00000000,0.00000000,0.00000000,0.00000000,0.00000000,20.80532288,0.00000000,18.71519404,0.00000000,96.69889862,0.00000000,2.35954066,0.00000000,0.57769260,0.00000000,0.00000000,0.00000000,0.00000000,0.00000000,0.00000000,0.00000000,1.48387816,0.00000000,6.32554817,0.00000000,8.41298834,0.00000000,7.47021214,0.00000000,10.46519637,0.00000000,85.24399161,0.00000000,31.32442790,2.47346435,92.22533989,0.00000000,127.96323942,0.00000000,0.00000000,0.00000000,137.30764123,0.00000000,35.04482807,0.00000000,0.00000000,0.00000000,0.00000000,0.00000000,0.00000000,0.00000000,0.00000000,0.00000000,0.00000000,0.00000000,0.00000000,0.00000000,0.00000000,0.00000000,0.00000000,0.00000000,0.00000000,0.00000000,0.00000000,0.00000000,0.00000000,0.00000000,45.44474952,10.17520774,31.21187952,3.19887588,1.75608656,0.00000000,0.00000000,0.00000000,0.00000000,1.34286015,0.00000000,0.00000000,0.00000000,0.00000000,0.00000000
0.00000000,8.12863405,0.00000000,0.00000000,0.00000000,1.06395069,0.00000000,0.72492934,0.00000000,14.41129304,0.00000000,0.18490414,0.00000000,0.00000000,0.00000000,0.00000000,0.00000000,17.57586891,0.00000000,0.00000000,0.00000000,0.00000000,0.00000000,15.61007270,0.00000000,6.95206862,0.00000000,0.00000000,0.00000000,0.00000000,0.00000000,0.00000000,0.00000000,0.00000000,0.00000000,0.00000000,0.00000000,23.80594669,0.00000000,20.30404480,0.00000000,0.00000000,0.00000000,0.00000000,0.00000000,0.00000000,0.00000000,0.94256608,0.00000000,1.20888630,0.00000000,0.00000000,0.00000000,7.47937973,0.98979918,6.80665359,0.00000000,0.00000000,0.00000000,0.00000000,0.00000000,62.87710888,0.00000000,70.66130991,0.00000000,9.77836957,0.00000000,0.00000000,0.00000000,0.00000000,0.00000000,0.00000000,0.00000000,0.00000000,0.00000000,0.00000000,0.00000000,0.00000000,0.00000000,0.00000000,0.00000000,0.00000000,0.00000000,0.00000000,0.00000000,0.88971637,0.00000000,0.00000000,0.00000000,0.00000000,0.00000000,0.00000000,0.00000000,0.00000000,0.00000000,0.00000000,0.00000000,0.00000000,0.00000000,0.00000000,0.00000000,0.00000000,0.00000000,0.00000000,0.00000000,0.00000000,0.00000000,0.00000000,0.00000000,0.00000000,0.00000000,0.00000000,0.00000000,0.00000000,0.00000000,0.00000000,0.00000000,0.00000000,0.00000000,0.00000000,0.00000000,0.00000000,0.00000000,0.00000000,0.00000000,0.00000000,0.00000000,0.00000000,0.00000000,0.00000000,0.00000000,0.00000000,0.00000000,0.00000000,0.00000000,0.00000000,0.00000000,0.00000000,0.00000000,0.00000000,0.00000000,0.00000000,0.00000000,0.00000000,0.00000000,0.00000000,0.00000000,0.00000000,0.00000000,9.30167720,0.00000000,8.18149724,0.00000000,39.85123383,0.00000000,0.00000000,0.00000000,0.00000000,0.00000000,0.00000000,0.00000000,0.00000000,0.00000000,0.00000000,0.00000000,2.84420335,0.00000000,0.00000000,0.00000000,7.63872843,0.00000000,9.35925164,0.00000000,43.95204171,0.00000000,55.05418140,0.00000000,20.05549421,0.00000000,28.04452280,0.00000000,22.85365039,0.00000000,0.00000000,0.00000000,79.82355405,0.00000000,10.12748424,0.00000000,0.00000000,0.00000000,0.00000000,0.00000000,0.00000000,0.00000000,0.00000000,0.00000000,0.00000000,0.00000000,0.00000000,0.00000000,0.00000000,0.00000000,0.00000000,0.00000000,0.00000000,0.00000000,0.00000000,0.00000000,4.66438864,0.00000000,0.00000000,0.00000000,0.00000000,28.11671097,0.00000000,0.00000000,0.00000000,70.32794902,23.42255893,45.59487380,0.00000000,0.00000000,3.33843746,0.00000000
60.92176116,0.00000000,24.90600211,0.00000000,57.89830536,0.00000000,0.67628435,0.00000000,68.81833879,8.08412176,22.82585713,0.00000000,25.92253191,0.00000000,14.76610842,0.00000000,0.00000000,0.00000000,28.30797074,0.00000000,0.00000000,0.00000000,0.00000000,0.00000000,0.00000000,0.00000000,17.86306737,0.00000000,0.00000000,0.00000000,0.00000000,0.00000000,0.00000000,0.00000000,0.00000000,0.00000000,0.00000000,0.00000000,0.00000000,0.00000000,2.93972476,0.00000000,0.00000000,0.00000000,0.13878987,0.00000000,35.24426900,0.00000000,0.04947616,0.00000000,0.00000000,0.00000000,42.81739451,4.92886428,2.41913575,0.00000000,6.83736651,0.00000000,26.83555465,15.69786151,0.00000000,0.00000000,0.08891598,0.00000000,112.78760204,0.00000000,194.82375722,23.78935748,0.00000000,0.00000000,28.84144163,0.00000000,26.52102890,0.00000000,17.32230283,0.00000000,0.00000000,0.00000000,0.00000000,0.00000000,0.00000000,0.00000000,0.00000000,0.00000000,0.00000000,0.00000000,0.00000000,0.00000000,3.10955634,0.00000000,0.00000000,0.00000000,0.00000000,0.00000000,1.59495296,0.00000000,0.00000000,0.00000000,0.00000000,0.00000000,0.00000000,0.00000000,0.00000000,0.00000000,0.00000000,0.00000000,0.00000000,0.00000000,0.00000000,0.00000000,0.00000000,0.00000000,0.00000000,0.00000000,0.00000000,0.00000000,0.00000000,0.00000000,0.00000000,0.00000000,6.14096088,0.00000000,1.18285039,0.00000000,0.85720175,0.00000000,0.00000000,0.00000000,4.61605783,0.00000000,7.39081843,0.00000000,0.00000000,0.00000000,0.53268090,0.00000000,0.00000000,0.00000000,78.87817399,0.00000000,0.00000000,0.00000000,0.00000000,0.00000000,110.52938105,6.75581962,45.82171747,0.00000000,180.94333804,0.00000000,101.71542361,0.00000000,184.40902630,0.00000000,95.50431968,0.00000000,37.26973525,0.00000000,6.46613669,0.00000000,13.87346396,0.00000000,2.12849290,0.00000000,0.00000000,0.00000000,0.00000000,0.00000000,0.00000000,0.00000000,0.00000000,0.00000000,0.00000000,0.00000000,27.74307920,0.00000000,49.48352561,0.00000000,35.42020872,0.00000000,15.80679138,6.75775142,137.30764123,0.00000000,0.00000000,0.00000000,17.29665962,0.00000000,0.00000000,0.00000000,0.00000000,0.00000000,0.00000000,0.00000000,0.00000000,0.00000000,0.00000000,0.00000000,0.00000000,0.00000000,0.00000000,0.00000000,0.00000000,0.00000000,0.00000000,0.00000000,0.00000000,0.00000000,0.00000000,0.00000000,0.05331470,2.60675962,0.00000000,10.90877693,14.93463950,0.00000000,0.00000000,0.00000000,0.00000000,0.00000000,0.00000000,0.00000000,0.00000000,0.00000000,0.00000000
0.00000000,75.26622571,0.00000000,0.00000000,0.00000000,10.13449858,0.00000000,0.00000000,9.51922430,61.47695532,0.00000000,42.28016661,0.00000000,0.00000000,0.00000000,0.00000000,0.00000000,1.03278829,0.00000000,0.00000000,0.00000000,0.00000000,0.00000000,0.00000000,0.00000000,0.00000000,0.00000000,16.01622655,0.00000000,0.00000000,0.00000000,5.42907040,0.00000000,0.00000000,0.00000000,0.00000000,0.00000000,0.00000000,0.00000000,0.00000000,0.00000000,0.00000000,0.00000000,0.00000000,0.00000000,0.00000000,0.00000000,0.00000000,0.00000000,0.00000000,0.00000000,0.00000000,0.00000000,24.60075056,0.00000000,0.00000000,0.00000000,0.00000000,0.00000000,4.31367439,0.00000000,0.25808093,0.00000000,17.16947048,8.04774293,69.91401853,4.81224134,144.97196119,0.00000000,0.00000000,0.00000000,0.00000000,0.00000000,0.00000000,0.00000000,0.00000000,0.00000000,0.00000000,0.00000000,0.00000000,0.00000000,0.00000000,0.00000000,0.00000000,0.00000000,0.00000000,0.00000000,1.35280401,0.00000000,0.00000000,0.00000000,0.00000000,0.00000000,0.00000000,0.00000000,0.00000000,0.00000000,0.00000000,0.00000000,0.00000000,0.00000000,0.00000000,0.00000000,0.00000000,0.00000000,0.00000000,0.00000000,0.00000000,0.00000000,0.00000000,0.00000000,0.00000000,0.00000000,0.00000000,0.00000000,0.00000000,0.00000000,0.00000000,0.00000000,0.00000000,0.00000000,0.00000000,0.00000000,0.00000000,0.00000000,0.00000000,0.00000000,4.09058539,0.00000000,0.00000000,0.00000000,0.34446413,0.00000000,0.00000000,0.00000000,0.00000000,0.00000000,0.00000000,0.00000000,11.69980622,0.00000000,0.00000000,0.00000000,0.00000000,2.93340245,46.33457366,0.00000000,8.62770984,0.00000000,140.72668407,0.00000000,93.63942656,0.00000000,135.15945280,0.00000000,55.33708892,0.00000000,22.53208247,0.00000000,44.04267580,13.97705679,0.46460065,0.00000000,0.00000000,0.00000000,0.00000000,0.00000000,0.00000000,0.00000000,0.00000000,0.00000000,0.55482755,0.00000000,0.00000000,0.00000000,71.60594055,0.00000000,20.76201034,0.00000000,76.38359372,1.39722733,21.03355168,0.00000000,79.82355405,0.00000000,0.00000000,0.00000000,11.75692515,0.00000000,0.00000000,0.00000000,0.00000000,0.00000000,0.00000000,0.00000000,0.00000000,0.00000000,0.00000000,0.00000000,0.00000000,0.00000000,0.00000000,0.00000000,0.00000000,0.00000000,0.00000000,0.00000000,0.00000000,0.00000000,4.71044382,0.00000000,0.00000000,0.00000000,0.00000000,5.27872196,0.00000000,0.00000000,0.00000000,9.79401552,5.66164377,11.96776094,9.65247712,4.44489990,0.00000000,0.00000000
0.00000000,0.00000000,0.00000000,0.00000000,0.00000000,0.00000000,0.00000000,0.00000000,0.00000000,0.00000000,45.88147133,0.54268924,79.19390511,23.37532619,0.00000000,0.00000000,0.00000000,0.00000000,22.29306393,0.04505765,21.98410910,0.00000000,0.00000000,0.00000000,0.00000000,0.00000000,24.53773583,15.26190385,0.00000000,0.00000000,0.00000000,0.00000000,0.00000000,0.00000000,0.00000000,0.00000000,0.00000000,0.00000000,0.00000000,0.00000000,102.52806819,22.26322344,91.99544697,0.00000000,11.15505699,10.62626978,19.03509194,31.46196854,219.13996948,1.64455157,63.13436153,0.00000000,0.00000000,0.00000000,0.00000000,0.00000000,0.00000000,0.00000000,0.00000000,0.00000000,0.00000000,0.00000000,0.00000000,0.00000000,0.00000000,0.00000000,0.00000000,0.00000000,2.73533086,0.00000000,0.00000000,0.00000000,0.00000000,0.00000000,0.00000000,0.00000000,0.00000000,0.00000000,0.00000000,0.00000000,0.00000000,0.00000000,4.15279057,0.00000000,0.00000000,0.00000000,0.00000000,0.00000000,0.00000000,0.00000000,0.00000000,0.00000000,0.00000000,0.00000000,0.00000000,0.00000000,0.00000000,0.00000000,0.00000000,0.00000000,0.00000000,0.00000000,0.00000000,0.00000000,0.00000000,0.00000000,3.76373528,0.00000000,0.00000000,0.00000000,0.00000000,0.00000000,0.00000000,0.00000000,0.00000000,0.00000000,0.00000000,0.00000000,0.00000000,0.00000000,0.00000000,0.00000000,0.00000000,0.00000000,0.00000000,0.00000000,0.00000000,0.00000000,0.00000000,0.00000000,0.00000000,0.00000000,0.00000000,0.00000000,0.00000000,0.00000000,0.00000000,0.00000000,0.00000000,0.00000000,0.00000000,0.00000000,0.00000000,0.00000000,0.00000000,0.00000000,0.00000000,0.00000000,0.00000000,0.00000000,0.00000000,0.00000000,0.00000000,0.00000000,0.00000000,0.00000000,0.00000000,0.00000000,0.00000000,0.00000000,0.00000000,0.00000000,0.00000000,0.00000000,6.35199495,0.00000000,0.00000000,0.00000000,1.74433733,0.00000000,0.00000000,0.00000000,0.00000000,0.00000000,0.00000000,0.00000000,106.17235400,0.00000000,49.33527275,0.00000000,45.15517548,0.00000000,35.04482807,0.00000000,17.29665962,0.00000000,0.00000000,0.00000000,0.00000000,0.00000000,0.00000000,0.00000000,0.00000000,0.00000000,0.00000000,0.00000000,0.00000000,0.00000000,0.00000000,0.00000000,0.00000000,0.00000000,0.00000000,0.00000000,0.00000000,0.00000000,0.00000000,0.00000000,0.00000000,0.00000000,0.00000000,24.61224336,34.46134722,2.82306568,0.00000000,0.00000000,0.00000000,28.80514767,0.00000000,0.00000000,0.00000000,0.00000000,0.00000000,0.00000000,0.00000000
0.00000000,0.00000000,0.00000000,0.00000000,0.00000000,0.63006242,0.00000000,0.00000000,0.00000000,0.00000000,0.00000000,11.31177547,0.00000000,40.74191533,0.00000000,0.00000000,0.00000000,0.00000000,0.00000000,0.00000000,0.00000000,12.45000190,0.00000000,0.00000000,0.00000000,0.00000000,0.00000000,9.97132298,0.00000000,0.00000000,0.00000000,1.76522115,0.00000000,0.00000000,0.00000000,35.86272523,0.00000000,6.70036277,0.00000000,0.00000000,0.00000000,6.62307541,0.00000000,46.28103703,0.00000000,11.04975024,0.00000000,13.59253714,0.00000000,83.51008322,0.00000000,44.94718579,0.00000000,0.00000000,0.00000000,0.00000000,0.00000000,0.00000000,0.00000000,0.00000000,0.00000000,0.00000000,0.00000000,0.00000000,0.00000000,0.00000000,0.00000000,0.00000000,0.00000000,0.00000000,0.00000000,0.00000000,0.00000000,0.00000000,0.00000000,0.00000000,0.00000000,0.00000000,0.00000000,0.00000000,0.00000000,0.00000000,0.00000000,0.00000000,0.00000000,0.00000000,0.00000000,0.00000000,0.00000000,0.00000000,0.00000000,0.00000000,0.00000000,0.00000000,0.00000000,0.00000000,0.00000000,0.00000000,0.00000000,0.00000000,0.00000000,0.00000000,0.00000000,0.00000000,0.00000000,2.41324341,0.00000000,0.00000000,0.00000000,0.00000000,0.00000000,0.00000000,0.00000000,1.02922001,0.00000000,0.00000000,0.00000000,0.00000000,0.00000000,0.00000000,0.00000000,0.00000000,0.00000000,0.00000000,0.00000000,0.00000000,0.00000000,0.00000000,0.00000000,0.00000000,0.00000000,0.00000000,0.00000000,0.00000000,0.00000000,0.44692077,0.00000000,0.00000000,0.00000000,0.00000000,0.00000000,0.00000000,0.00000000,0.00000000,0.00000000,0.00000000,0.00000000,0.00000000,0.00000000,0.00000000,0.00000000,0.00000000,0.00000000,0.00000000,0.00000000,0.00000000,0.00000000,0.00000000,0.00000000,0.00000000,0.00000000,0.00000000,0.00000000,0.00000000,0.00000000,0.00000000,0.00000000,1.10834255,0.00000000,9.16896846,0.00000000,0.00000000,0.00000000,0.00000000,0.00000000,3.15289831,0.00000000,61.96913098,0.00000000,74.90366780,0.00000000,48.91960438,0.00000000,10.12748424,0.00000000,11.75692515,0.00000000,0.00000000,0.00000000,0.36296803,0.00000000,0.00000000,0.00000000,0.00000000,0.00000000,0.00000000,0.00000000,0.00000000,0.00000000,0.00000000,0.00000000,0.00000000,0.00000000,0.00000000,0.00000000,0.00000000,0.00000000,0.00000000,0.00000000,0.00000000,0.00000000,0.00000000,0.00000000,0.00000000,2.90231588,0.00000000,0.00000000,0.00000000,5.21280622,12.75576425,12.92370472,0.95845581,0.00000000,0.00000000,0.00000000
0.00000000,0.00000000,0.00000000,0.00000000,0.00000000,0.00000000,0.00000000,0.00000000,0.00000000,0.00000000,0.00000000,0.00000000,0.00000000,0.00000000,0.00000000,0.00000000,0.00000000,0.00000000,0.00000000,0.00000000,0.00000000,0.00000000,0.00000000,0.00000000,0.00000000,0.00000000,0.00000000,0.00000000,0.00000000,0.00000000,0.00000000,0.00000000,0.00000000,0.00000000,0.00000000,0.00000000,0.00000000,0.00000000,0.00000000,0.00000000,0.00000000,0.00000000,0.00000000,0.00000000,0.00000000,0.00000000,0.00000000,0.00000000,0.00000000,0.00000000,0.00000000,0.00000000,0.00000000,0.00000000,0.00000000,0.00000000,0.00000000,0.00000000,0.00000000,0.00000000,0.00000000,0.00000000,0.00000000,0.00000000,0.00000000,0.00000000,0.00000000,0.00000000,0.00000000,0.00000000,0.00000000,0.00000000,0.00000000,0.00000000,0.00000000,0.00000000,0.00000000,0.00000000,0.00000000,0.00000000,0.00000000,0.00000000,0.00000000,0.00000000,0.00000000,0.00000000,0.00000000,0.00000000,0.00000000,0.00000000,0.00000000,0.00000000,0.00000000,0.00000000,26.27244564,0.00000000,0.00000000,0.00000000,0.00000000,0.00000000,23.97230278,0.00000000,19.17280440,0.00000000,68.39949857,0.00000000,14.10162988,0.00000000,0.00000000,0.00000000,0.00000000,0.00000000,0.00000000,0.00000000,0.00000000,0.00000000,0.00000000,0.00000000,0.00000000,0.00000000,0.00000000,0.00000000,0.00000000,0.00000000,0.00000000,0.00000000,0.00000000,0.00000000,0.00000000,0.00000000,0.00000000,0.00000000,0.00000000,0.00000000,0.00000000,0.00000000,0.00000000,0.00000000,0.00000000,0.00000000,0.00000000,0.00000000,0.00000000,0.00000000,0.00000000,0.00000000,0.00000000,0.00000000,0.00000000,0.00000000,0.02530975,0.00000000,0.00000000,0.00000000,0.00000000,0.00000000,0.00000000,0.00000000,0.00000000,0.00000000,0.00000000,0.00000000,0.00000000,0.00000000,0.00000000,0.00000000,0.00000000,0.00000000,29.60326675,0.00000000,0.00000000,0.00000000,0.42214731,0.00000000,0.00000000,0.00000000,0.00000000,0.00000000,0.00000000,0.00000000,0.03086208,0.00000000,0.00000000,0.00000000,0.00000000,0.00000000,0.00000000,0.00000000,0.00000000,0.00000000,432.14243217,0.00000000,166.02402263,0.00000000,180.99934218,0.00000000,96.10272593,0.00000000,20.99722987,0.00000000,16.90482718,0.00000000,178.08631234,0.00000000,104.85734895,0.00000000,21.21545269,0.00000000,0.30722273,0.00000000,0.00000000,0.00000000,151.95627594,0.00000000,0.00000000,2.95722058,7.37973637,0.00000000,0.00000000,0.00000000,0.00000000,0.00000000,0.00000000,0.00000000,0.00000000
0.00000000,0.00000000,0.00000000,0.00000000,0.00000000,0.00000000,0.00000000,0.00000000,0.00000000,0.00000000,0.00000000,0.00000000,0.00000000,0.00000000,0.00000000,0.00000000,0.00000000,0.00000000,0.00000000,0.00000000,0.00000000,0.00000000,0.00000000,0.00000000,0.00000000,0.00000000,0.00000000,0.00000000,0.00000000,0.00000000,0.00000000,0.00000000,0.00000000,0.00000000,0.00000000,0.00000000,0.00000000,0.00000000,0.00000000,0.00000000,0.00000000,0.00000000,0.00000000,0.00000000,0.00000000,0.00000000,0.00000000,0.00000000,0.00000000,0.00000000,0.00000000,0.00000000,0.00000000,0.00000000,0.00000000,0.00000000,0.00000000,0.00000000,0.00000000,0.00000000,0.00000000,0.00000000,0.00000000,0.00000000,0.00000000,0.00000000,0.00000000,0.00000000,0.00000000,5.75510693,0.00000000,0.00000000,0.00000000,0.00000000,0.00000000,0.00000000,0.00000000,27.02729673,0.00000000,0.00000000,0.00000000,0.00000000,0.00000000,19.73472032,0.00000000,0.00000000,0.00000000,3.36213143,0.00000000,3.06228701,0.00000000,0.00000000,0.00000000,0.00000000,0.00000000,46.21705125,0.00000000,0.97337227,0.00000000,0.00000000,0.00000000,70.91624632,0.00000000,49.18562005,0.00000000,81.01975202,0.00000000,7.63605579,0.00000000,0.00000000,0.00000000,0.00000000,0.00000000,0.00000000,0.00000000,0.00000000,0.00000000,2.77760162,0.00000000,0.00000000,0.00000000,0.00000000,0.00000000,0.00000000,0.00000000,0.00000000,0.00000000,0.00000000,0.00000000,0.00000000,0.00000000,0.00000000,0.00000000,0.00000000,0.00000000,0.00000000,0.00000000,0.00000000,0.00000000,0.00000000,0.00000000,0.00000000,0.00000000,0.00000000,0.00000000,0.00000000,0.00000000,0.00000000,0.00000000,0.00000000,0.00000000,0.00000000,0.00000000,1.00025389,0.00000000,0.00000000,0.00000000,0.00000000,0.00000000,0.00000000,0.00000000,0.00000000,0.00000000,0.00000000,0.00000000,0.00000000,0.00000000,0.00000000,0.00000000,159.99408273,0.00000000,0.00000000,0.00000000,1.57771201,0.00000000,2.01904082,0.00000000,0.00000000,0.00000000,0.52408171,0.00000000,8.62189997,0.00000000,0.00000000,0.00000000,0.00000000,0.00000000,0.36296803,0.00000000,0.00000000,0.00000000,143.09221642,0.00000000,348.05841304,0.00000000,207.10840839,0.00000000,226.65965508,0.00000000,35.00726387,0.00000000,0.39443907,2.25343477,228.28584587,0.00000000,70.47439721,7.25539056,47.53514864,0.00000000,0.01322070,0.00000000,0.00000000,0.00000000,0.00000000,25.53170730,1.58265109,0.00000000,0.00000000,72.58544492,29.49122881,248.68213487,0.00000000,28.87480396,26.48447133,0.61073205
0.00000000,0.00000000,3.06381184,0.00000000,0.00000000,0.00000000,0.00000000,0.00000000,0.00000000,0.00000000,0.00000000,0.00000000,0.00000000,0.00000000,0.00000000,0.00000000,0.00000000,0.00000000,0.00000000,0.00000000,0.00000000,0.00000000,0.00000000,0.00000000,0.00000000,0.00000000,0.00000000,0.00000000,0.00000000,0.00000000,0.00000000,0.00000000,0.00000000,0.00000000,0.00000000,0.00000000,0.00000000,0.00000000,0.00000000,0.00000000,0.00000000,0.00000000,0.00000000,0.00000000,0.00000000,0.00000000,0.00000000,0.00000000,0.00000000,0.00000000,0.00000000,0.00000000,0.00000000,0.00000000,0.00000000,0.00000000,0.00000000,0.00000000,0.00000000,0.00000000,0.00000000,0.00000000,0.00000000,0.00000000,0.00000000,0.00000000,0.00000000,0.00000000,0.00000000,0.00000000,0.00000000,0.00000000,0.00000000,0.00000000,0.00000000,0.00000000,0.00000000,0.00000000,0.00000000,0.00000000,0.00000000,0.00000000,0.00000000,0.00000000,0.00000000,0.00000000,0.00000000,0.00000000,0.00000000,0.00000000,0.00000000,0.00000000,0.00000000,0.00000000,0.26379963,0.00000000,0.00000000,0.00000000,0.00000000,0.00000000,9.61741367,0.00000000,19.21282562,0.00000000,3.50834014,0.00000000,5.25693034,0.00000000,0.00000000,0.00000000,0.00000000,0.00000000,0.00000000,0.00000000,0.00000000,0.00000000,0.00000000,0.00000000,9.02528541,0.00000000,0.00000000,0.00000000,0.00000000,0.00000000,0.00000000,0.00000000,0.00000000,0.00000000,0.00000000,0.00000000,0.00000000,0.00000000,0.00000000,0.00000000,0.00000000,0.00000000,0.00000000,1.44699826,0.00000000,0.00000000,0.00000000,0.00000000,0.00000000,0.00000000,0.00000000,0.00000000,0.00000000,2.90603009,0.00000000,0.00000000,50.63572833,0.00000000,0.00000000,0.00000000,0.00000000,0.00000000,0.00000000,0.00000000,0.00000000,0.00000000,0.00000000,0.00000000,0.00000000,0.00000000,0.00000000,0.00000000,0.00000000,0.00000000,0.00000000,0.00000000,0.00000000,0.00000000,0.00000000,0.00000000,0.00000000,0.00000000,0.00000000,0.00000000,0.00000000,0.00000000,18.80067154,3.54404408,0.00000000,0.00000000,0.00000000,0.00000000,0.00000000,0.00000000,432.14243217,0.00000000,0.00000000,0.00000000,162.42548277,0.00000000,370.40902323,2.77521370,400.32239540,36.73156540,1.13149424,1.57712608,0.00000000,0.00000000,80.39597602,0.00000000,10.84641704,0.00000000,60.93892080,0.00000000,6.10665526,0.00000000,7.08147780,0.00000000,54.33421313,0.00000000,0.01193632,9.43003739,3.00086182,2.18218395,0.00000000,0.00000000,0.00000000,0.00000000,0.00000000,0.00000000,0.00000000
0.00000000,0.00000000,0.00000000,0.00000000,0.00000000,0.00000000,0.00000000,0.00000000,0.00000000,0.00000000,0.00000000,0.00000000,0.00000000,0.00000000,0.00000000,0.00000000,0.00000000,0.00000000,0.00000000,0.00000000,0.00000000,0.00000000,0.00000000,0.00000000,0.00000000,0.00000000,0.00000000,0.00000000,0.00000000,0.00000000,0.00000000,0.00000000,0.00000000,0.00000000,0.00000000,0.00000000,0.00000000,0.00000000,0.00000000,0.00000000,0.00000000,0.00000000,0.00000000,0.00000000,0.00000000,0.00000000,0.00000000,0.00000000,0.00000000,0.00000000,0.00000000,0.00000000,0.00000000,0.00000000,0.00000000,0.00000000,0.00000000,0.00000000,0.00000000,0.00000000,0.00000000,0.00000000,0.00000000,0.00000000,0.00000000,0.00000000,0.00000000,0.00000000,0.00000000,0.00000000,0.00000000,0.00000000,0.00000000,0.00000000,0.00000000,0.00000000,0.00000000,0.00000000,0.00000000,0.00000000,0.00000000,0.00000000,0.00000000,0.41203163,0.00000000,0.00000000,0.00000000,0.00000000,0.00000000,0.00000000,0.00000000,0.00000000,0.00000000,0.00000000,0.00000000,0.00000000,0.00000000,0.00000000,0.00000000,0.00000000,0.00000000,0.00000000,0.00000000,9.59179639,0.00000000,14.98289759,0.00000000,0.00000000,0.00000000,0.00000000,0.00000000,0.00000000,0.00000000,0.00000000,0.00000000,0.00000000,0.00000000,0.00000000,0.00000000,7.71110183,0.00000000,0.00000000,0.00000000,0.00000000,0.00000000,0.00000000,0.00000000,0.00000000,0.00000000,0.00000000,0.00000000,0.00000000,0.00000000,0.00000000,0.00000000,0.00000000,0.00000000,0.00000000,0.00000000,0.00000000,0.00000000,0.00000000,0.00000000,0.00000000,0.00000000,0.00000000,0.00000000,0.00000000,0.00000000,0.00000000,0.00000000,108.26834230,0.00000000,0.00000000,0.00000000,0.00000000,0.00000000,0.00000000,0.00000000,0.00000000,0.00000000,0.00000000,0.00000000,0.00000000,0.00000000,0.00000000,0.00000000,0.00000000,0.00000000,0.00000000,0.00000000,0.00000000,0.00000000,0.00000000,0.00000000,0.00000000,0.00000000,0.00000000,0.00000000,0.00000000,1.40671406,9.11442896,0.00000000,0.00000000,0.00000000,0.00000000,0.00000000,0.00000000,0.00000000,143.09221642,0.00000000,0.00000000,0.00000000,141.86087170,4.14331393,341.99915886,7.87596751,431.11655555,11.66887186,36.79412252,0.00000000,0.00000000,0.85406771,58.35319045,0.00000000,51.64294997,27.00517713,295.99513487,0.00000000,11.47954638,0.00000000,0.00000000,0.00000000,0.00000000,1.70307815,1.74310841,0.00000000,0.00000000,1.89806389,0.00000000,0.00000000,0.00000000,7.57036469,10.32004212,0.00000000
0.00000000,0.00000000,0.00000000,0.00000000,0.00000000,0.00000000,0.00000000,0.00000000,0.00000000,0.00000000,0.00000000,0.00000000,0.00000000,0.00000000,0.00000000,0.00000000,0.00000000,0.00000000,0.00000000,0.00000000,0.00000000,0.00000000,0.00000000,0.00000000,0.00000000,0.00000000,0.00000000,0.00000000,0.00000000,0.00000000,0.00000000,0.00000000,0.00000000,0.00000000,0.00000000,0.00000000,0.00000000,0.00000000,0.00000000,0.00000000,0.00000000,0.00000000,0.00000000,0.00000000,0.00000000,0.00000000,0.00000000,0.00000000,0.00000000,0.00000000,0.00000000,0.00000000,0.00000000,0.00000000,0.00000000,0.00000000,0.00000000,0.00000000,0.00000000,0.00000000,0.00000000,0.00000000,0.00000000,0.00000000,0.00000000,0.00000000,0.00000000,0.00000000,0.00000000,0.00000000,2.36614409,0.00000000,0.00000000,0.00000000,0.00000000,0.00000000,0.00000000,0.00000000,0.00000000,0.00000000,0.00000000,0.00000000,17.19677375,0.00000000,0.00000000,0.00000000,0.00000000,0.00000000,0.00000000,0.00000000,0.00000000,0.00000000,0.00000000,0.00000000,3.47706991,0.00000000,0.00000000,0.00000000,0.00000000,0.00000000,13.22560937,0.00000000,10.00151108,0.00000000,42.22806802,0.00000000,0.00000000,0.00000000,0.00000000,0.00000000,0.00000000,0.00000000,0.00000000,0.00000000,0.00000000,0.00000000,0.00000000,0.00000000,0.00000000,0.00000000,0.00000000,0.00000000,0.00000000,0.00000000,0.00000000,0.00000000,0.00000000,0.00000000,0.00000000,0.00000000,0.00000000,0.00000000,0.00000000,0.00000000,0.00000000,0.00000000,0.00000000,0.00000000,0.00000000,0.00000000,0.00000000,0.00000000,0.00000000,0.00000000,0.00000000,0.00000000,0.00000000,0.00000000,0.00000000,0.00000000,17.86892323,15.79067845,0.00000000,0.54944788,0.00000000,0.00000000,0.00000000,0.00000000,0.00000000,0.00000000,0.00000000,0.00000000,0.00000000,0.00000000,0.00000000,0.00000000,0.00000000,0.00000000,69.19799988,0.00000000,0.00000000,0.00000000,0.00000000,0.00000000,0.00000000,0.00000000,0.00000000,0.00000000,0.00000000,0.00000000,20.65574147,21.62271643,0.00000000,0.00000000,0.00000000,0.00000000,0.00000000,0.00000000,166.02402263,0.00000000,162.42548277,0.00000000,0.00000000,0.00000000,61.91658439,0.00000000,257.58366244,32.17341473,42.86897096,0.00000000,1.93651454,0.00000000,66.88093051,2.79852493,23.03997661,0.00000000,67.82061223,1.38512486,5.02465416,15.27385373,47.18694033,0.00000000,247.69392327,0.00000000,7.20901564,1.23971536,0.17749878,5.73870646,0.00000000,0.00000000,0.00000000,0.00000000,3.52358070,0.00000000,0.00000000
0.00000000,0.00000000,0.00000000,0.00000000,0.00000000,0.00000000,0.00000000,0.00000000,0.00000000,0.00000000,0.00000000,0.00000000,0.00000000,0.00000000,0.00000000,0.00000000,0.00000000,0.00000000,0.00000000,0.00000000,0.00000000,0.00000000,0.00000000,0.00000000,0.00000000,0.00000000,0.00000000,0.00000000,0.00000000,0.00000000,0.00000000,0.00000000,0.00000000,0.00000000,0.00000000,0.00000000,0.00000000,0.00000000,0.00000000,0.00000000,0.00000000,0.00000000,0.00000000,0.00000000,0.00000000,0.00000000,0.00000000,0.00000000,0.00000000,0.00000000,0.00000000,0.00000000,0.00000000,0.00000000,0.00000000,0.00000000,0.00000000,0.00000000,0.00000000,0.00000000,0.00000000,0.00000000,0.00000000,0.00000000,0.00000000,0.00000000,0.00000000,0.00000000,0.00000000,0.00000000,0.00000000,0.00000000,0.00000000,0.00000000,0.00000000,0.00000000,0.00000000,3.99240058,0.00000000,0.00000000,0.00000000,0.00000000,0.00000000,0.00000000,0.00000000,0.00000000,0.00000000,0.00000000,0.00000000,0.00000000,0.00000000,0.00000000,0.00000000,0.00000000,0.00000000,0.00000000,0.00000000,0.00000000,0.00000000,0.00000000,0.00000000,0.00000000,0.00000000,0.00000000,0.77923297,0.00000000,0.00000000,0.00000000,0.00000000,0.00000000,0.00000000,0.00000000,0.00000000,0.00000000,2.00203352,0.00000000,0.00000000,0.00000000,0.00000000,0.00000000,0.00000000,0.00000000,0.00000000,0.00000000,9.24187272,0.00000000,3.32888409,4.14978261,0.00000000,0.00000000,0.00000000,0.00000000,1.88114292,0.00000000,0.00000000,2.72618303,0.00000000,0.00000000,0.00000000,0.00000000,0.00000000,0.00000000,0.00000000,0.00000000,0.00000000,0.00000000,0.00000000,0.00000000,0.00000000,0.00000000,8.03541635,65.08643918,0.02525404,10.46920202,0.00000000,0.00000000,0.00000000,0.00000000,0.00000000,0.00000000,0.00000000,0.00000000,0.00000000,0.00000000,0.00000000,0.00000000,0.00000000,0.00000000,0.00000000,0.00000000,0.00000000,0.00000000,0.00000000,0.00000000,0.00000000,0.00000000,0.00000000,0.00000000,0.00000000,0.00000000,22.93948936,49.24766844,0.00000000,0.00000000,0.00000000,0.00000000,0.00000000,0.00000000,0.00000000,348.05841304,0.00000000,141.86087170,0.00000000,0.00000000,6.32377923,74.85523583,44.93695615,107.04699145,1.82915006,59.99614110,0.00000000,0.00000000,49.12125619,51.52848717,0.00000000,42.75374794,46.56893310,100.57888393,0.00000000,56.31312997,0.00000000,0.00000000,0.00000000,0.00000000,1.35052983,13.02915455,0.00000000,0.00000000,9.29442278,0.00000000,8.24397666,0.00000000,0.00000000,4.42883985,2.97493744
0.00000000,0.00000000,0.45631084,0.00000000,0.00000000,0.00000000,0.00000000,0.00000000,0.00000000,0.00000000,0.00000000,0.00000000,0.00000000,0.00000000,0.00000000,0.00000000,0.00000000,0.00000000,0.00000000,0.00000000,0.00000000,0.00000000,2.28121671,0.00000000,0.00000000,0.00000000,0.00000000,0.00000000,0.00000000,0.00000000,0.00000000,0.00000000,0.00000000,0.00000000,0.00000000,0.00000000,0.00000000,0.00000000,0.00000000,0.00000000,0.00000000,0.00000000,0.00051268,0.00000000,0.00000000,0.00000000,0.00000000,0.00000000,19.91212891,0.00000000,0.00000000,0.00000000,0.00000000,0.00000000,0.00000000,0.00000000,0.00000000,0.00000000,0.00000000,0.00000000,0.00000000,0.00000000,0.00000000,0.00000000,0.00000000,0.00000000,0.00000000,0.00000000,0.00000000,0.00000000,0.00000000,0.00000000,0.00000000,0.00000000,0.00000000,0.00000000,0.00000000,0.00000000,0.00000000,0.00000000,0.00000000,0.00000000,15.17685360,0.00000000,0.00000000,0.00000000,1.84435449,0.00000000,2.41226520,0.00000000,0.00000000,0.00000000,0.00000000,0.00000000,25.16847566,0.00000000,0.00000000,0.00000000,0.00000000,0.00000000,28.55667734,0.00000000,70.02126430,0.00000000,230.81639480,0.00000000,21.04025171,0.00000000,0.00000000,0.00000000,7.97312826,0.00000000,54.56104002,0.00000000,1.54781564,0.00000000,0.00000000,0.00000000,55.30786037,0.00000000,0.00000000,0.00000000,0.00000000,0.00000000,0.00000000,0.00000000,0.00000000,0.00000000,0.00000000,0.00000000,0.00000000,0.00000000,0.00000000,0.00000000,0.03348970,0.00000000,0.00000000,0.00000000,0.00000000,0.00000000,0.00000000,0.00000000,0.00000000,0.00000000,0.00000000,0.00000000,0.00000000,0.00000000,0.00000000,0.00000000,5.94991951,5.20370646,0.00000000,0.00000000,0.00000000,0.00000000,0.00000000,0.00000000,0.00000000,0.00000000,0.00000000,0.00000000,0.00000000,0.00000000,0.00000000,0.00000000,0.00000000,0.00000000,5.02247810,0.00000000,0.00000000,0.00000000,0.00000000,0.00000000,0.00000000,0.00000000,0.00000000,0.00000000,0.00000000,0.00000000,43.67051438,0.00000000,0.00000000,0.00000000,0.00000000,0.00000000,0.00000000,0.00000000,180.99934218,0.00000000,370.40902323,4.14331393,61.91658439,6.32377923,0.00000000,0.00000000,431.98693291,12.29428334,34.39346960,0.06943945,0.00000000,0.00000000,41.89490310,0.00000000,91.20520977,0.00000000,9.28063234,8.36000332,0.00000000,4.71492915,0.00000000,18.90823487,73.28241264,0.00000000,0.00000000,64.48215579,1.96724324,0.00000000,0.00000000,0.00000000,0.00000000,0.00000000,0.00000000,0.00000000,0.00000000
0.00000000,1.40479967,0.00000000,0.00000000,0.00000000,0.00000000,0.00000000,0.00000000,0.00000000,0.00000000,0.00000000,0.00000000,0.00000000,0.00000000,0.00000000,0.00000000,0.00000000,0.00000000,0.00000000,0.00000000,0.00000000,0.00000000,0.00000000,0.00000000,0.00000000,0.00000000,0.00000000,11.60735798,0.00000000,0.00000000,0.00000000,0.00000000,0.00000000,0.00000000,0.00000000,0.00000000,0.00000000,0.00000000,0.00000000,0.00000000,0.00000000,0.00000000,0.00000000,0.58151900,0.00000000,3.24311715,0.00000000,0.00000000,0.00000000,0.00000000,0.00000000,0.00000000,0.00000000,0.00000000,0.00000000,0.00000000,0.00000000,0.00000000,0.00000000,0.00000000,0.00000000,0.00000000,0.00000000,0.00000000,0.00000000,0.00000000,0.00000000,0.00000000,0.00000000,7.15552472,0.00000000,0.00000000,0.00000000,0.00000000,0.00000000,0.00000000,0.00000000,0.00000000,0.00000000,0.00000000,0.00000000,0.00000000,0.00000000,32.80066294,0.00000000,0.00000000,0.00000000,0.00000000,0.00000000,0.00000000,0.00000000,2.32089772,0.00000000,7.99628812,0.00000000,5.25586437,0.00000000,0.00000000,0.00000000,0.00000000,0.00000000,0.00000000,0.00000000,116.18956504,0.00000000,160.73619763,0.00000000,15.38451558,0.00000000,0.00000000,0.00000000,0.53222340,0.00000000,15.21205136,0.00000000,0.00000000,0.00000000,0.00000000,0.00000000,29.58095550,0.00000000,0.00000000,0.00000000,0.00000000,0.00000000,0.00000000,0.00000000,4.25740066,0.00000000,0.00000000,0.00000000,0.00000000,0.00000000,0.00000000,0.00000000,8.63016408,0.00000000,8.93859640,0.00000000,0.00000000,0.00000000,0.00000000,0.00000000,0.00000000,0.00000000,0.00000000,0.00000000,0.00000000,0.00000000,0.00000000,0.00000000,16.71454672,0.00000000,0.00000000,0.00000000,0.00000000,0.00000000,0.00000000,0.00000000,0.00000000,0.00000000,0.00000000,0.00000000,0.00000000,0.00000000,10.68503034,0.00000000,0.00000000,0.00000000,25.59978685,0.00000000,0.00000000,0.00000000,0.00000000,0.00000000,0.00000000,0.00000000,0.00000000,0.00000000,0.00000000,0.00000000,27.20200008,0.00000000,0.00000000,0.00000000,0.00000000,0.00000000,0.00000000,0.00000000,207.10840839,2.77521370,341.99915886,0.00000000,74.85523583,0.00000000,0.00000000,0.00000000,282.28098764,0.00000000,47.36045202,0.00000000,14.25384266,0.00000000,70.50947016,0.00000000,136.48558783,5.36953020,32.72110159,12.22761671,26.27336536,0.00000000,0.00000000,0.00000000,0.00000000,0.00000000,0.00000000,0.00000000,0.00000000,12.51205066,64.35078847,56.47155724,0.00000000,47.10039835,7.91451140,11.48598308
0.00000000,0.00000000,1.75018233,0.00000000,0.00000000,0.00000000,0.00000000,0.00000000,0.00000000,0.00000000,0.00000000,0.00000000,0.00000000,0.00000000,0.00000000,0.00000000,0.00000000,0.00000000,0.00000000,0.00000000,0.00000000,0.00000000,0.00000000,0.00000000,0.00000000,0.00000000,0.00000000,0.00000000,0.00000000,0.00000000,0.00000000,0.00000000,0.00000000,0.00000000,0.00000000,0.00000000,0.00000000,0.00000000,0.00000000,0.00000000,0.00000000,0.00000000,0.00000000,0.00000000,0.00000000,0.00000000,0.00000000,0.00000000,0.00000000,0.00000000,0.00000000,0.00000000,0.00000000,0.00000000,0.00000000,0.00000000,0.00000000,0.00000000,0.00000000,0.00000000,0.00000000,0.00000000,0.00000000,0.00000000,0.00000000,0.00000000,0.00000000,0.00000000,0.00000000,0.00000000,0.00000000,0.00000000,0.00000000,0.00000000,0.00000000,0.00000000,0.00000000,0.00000000,10.17768878,0.00000000,0.00000000,0.00000000,0.00000000,0.00000000,0.00000000,0.00000000,0.00000000,0.00000000,0.00000000,0.00000000,0.00000000,2.02084059,0.00000000,0.00000000,0.00000000,2.94808497,1.10610690,2.55428445,0.00000000,5.84773787,0.00000000,0.00000000,0.00000000,0.00000000,6.01370544,0.00000000,2.79515973,0.00000000,0.00000000,0.00000000,0.00000000,0.00000000,16.45704211,0.00000000,0.00000000,0.00000000,0.00000000,0.00000000,22.13294019,0.00000000,0.00000000,0.00000000,0.00000000,0.00000000,0.00000000,3.07930338,5.46836577,9.57747354,0.00000000,0.00000000,0.00000000,0.00000000,0.00000000,0.00000000,0.00000000,7.02890639,4.11238377,1.86399917,0.00000000,0.00000000,0.00000000,0.00000000,0.00000000,0.00000000,0.00000000,0.00000000,0.00000000,0.00000000,0.00000000,0.00000000,124.33593793,64.21895165,6.28929960,0.83635023,0.00000000,0.00000000,0.00000000,0.00000000,0.00000000,0.00000000,0.00000000,0.00000000,0.00000000,0.00000000,0.00000000,0.00000000,0.00000000,0.00000000,3.07470765,0.00000000,0.00000000,0.00000000,0.00000000,0.00000000,0.00000000,0.00000000,0.00000000,0.00000000,0.00000000,0.00000000,182.29968200,81.50216811,0.00000000,0.00000000,0.00000000,0.00000000,0.00000000,0.00000000,96.10272593,0.00000000,400.32239540,7.87596751,257.58366244,44.93695615,431.98693291,0.00000000,0.00000000,46.95745348,23.33906589,5.26773146,0.00000000,11.27170010,258.36360787,30.54757163,38.99443422,2.18014355,180.19577626,45.81712483,24.88112317,22.76745283,12.92763774,0.00000000,52.13192802,0.00000000,1.60611963,45.80069849,9.86029081,4.37803561,2.51795090,0.00000000,0.00000000,0.00000000,7.97792025,0.00000000,0.00000000
0.00000000,0.00000000,0.00000000,0.00000000,0.00000000,0.00000000,0.00000000,2.69042964,0.00000000,0.00000000,0.00000000,0.00000000,0.00000000,0.00000000,0.00000000,0.00000000,0.00000000,0.00000000,0.00000000,0.00000000,0.00000000,0.00000000,0.00000000,0.00000000,0.00000000,0.00000000,0.00000000,0.00000000,0.00000000,0.00000000,0.00000000,0.00000000,0.00000000,0.00000000,0.00000000,0.00000000,0.00000000,0.00000000,0.00000000,0.00000000,0.00000000,0.00000000,0.00000000,0.00000000,0.00000000,0.00000000,0.00000000,0.00000000,0.00000000,0.00000000,0.00000000,0.00000000,0.00000000,0.00000000,0.00000000,0.00000000,0.00000000,0.00000000,0.00000000,0.00000000,0.00000000,0.00000000,0.00000000,0.00000000,0.00000000,0.00000000,0.00000000,0.00000000,0.00000000,0.00000000,0.00000000,0.00000000,0.00000000,0.00000000,0.00000000,0.00000000,0.00000000,0.00000000,0.00000000,0.00000000,0.00000000,0.00000000,0.00000000,0.00000000,0.00000000,0.00000000,0.00000000,0.00000000,0.00000000,0.00000000,0.00000000,0.00000000,0.00000000,0.00000000,0.00000000,0.00000000,0.00000000,0.00000000,0.00000000,0.00000000,0.00000000,0.00000000,0.00000000,9.89437204,2.43862608,25.70807475,0.00000000,5.19511134,0.00000000,0.00000000,0.00000000,0.00000000,0.00000000,44.79131675,0.00000000,0.00000000,0.00000000,0.00000000,4.63632148,18.73949013,0.00000000,0.00000000,0.00000000,0.00000000,7.97170259,0.00000000,5.31435794,8.50747404,0.00000000,0.00000000,0.00000000,0.00000000,0.00000000,0.00000000,0.00000000,0.76398420,0.00000000,0.00000000,0.00000000,0.00000000,0.75165984,0.00000000,0.00000000,0.00000000,0.00000000,0.00000000,13.34890225,0.00000000,0.00000000,0.00000000,21.49832815,167.83475573,4.61100805,15.24286431,0.00000000,0.00000000,0.00000000,0.00000000,0.00000000,0.00000000,0.00000000,0.00000000,0.00000000,0.00000000,0.00000000,0.00000000,0.00000000,0.00000000,0.00000000,17.81537701,0.00000000,0.00000000,0.00000000,0.00000000,0.00000000,0.00000000,0.00000000,0.00000000,0.00000000,0.00000000,26.34443795,74.03212381,0.00000000,0.00000000,0.00000000,0.00000000,0.00000000,0.00000000,0.00000000,226.65965508,36.73156540,431.11655555,32.17341473,107.04699145,12.29428334,282.28098764,46.95745348,0.00000000,4.04382470,60.40654042,0.00000000,0.00000000,55.85663051,68.51058184,0.00000000,27.90958614,81.60119403,243.50247908,24.61649156,36.77143757,7.35181183,0.00000000,0.00000000,0.00000000,18.54699317,5.73891563,0.00000000,0.00000000,22.38545110,14.41205541,45.66019949,0.00000000,36.54129768,0.00000000,0.00000000
0.00000000,0.00000000,16.38548447,0.00000000,0.00000000,0.00000000,0.00000000,0.00000000,2.19237493,0.00000000,0.00000000,0.00000000,0.00000000,0.00000000,0.00000000,0.00000000,0.00000000,0.00000000,0.00000000,0.00000000,0.00000000,0.00000000,8.92265055,0.00000000,0.27712550,0.00000000,0.00000000,0.00000000,0.00000000,0.00000000,0.00000000,0.00000000,0.00000000,0.00000000,0.00000000,0.00000000,0.00000000,0.00000000,0.00000000,0.00000000,0.00000000,0.00000000,0.00000000,0.00000000,0.00000000,0.00000000,0.00000000,0.00000000,5.33423774,0.00000000,0.00000000,0.00000000,0.00000000,0.00000000,0.00000000,0.00000000,0.00000000,0.00000000,0.00000000,0.00000000,0.00000000,0.00000000,0.00000000,0.00000000,0.00000000,0.00000000,0.00000000,0.00000000,0.00000000,0.00000000,2.64738692,0.00000000,6.96188146,0.00000000,80.32724302,0.00000000,0.00000000,0.00000000,0.00000000,0.00000000,0.00000000,0.18667764,11.20909478,0.00000000,0.00000000,0.00000000,0.00000000,0.00000000,0.00000000,0.00000000,7.31279213,0.00000000,0.00000000,0.00000000,0.00000000,0.00000000,4.05685888,2.60860716,0.00000000,0.00000000,2.56981051,7.84633879,7.24902040,0.00000000,195.54366662,0.00000000,67.48323760,6.77190501,0.00000000,0.00000000,0.00000000,0.00000000,0.00000000,0.00000000,0.00000000,0.00000000,0.00000000,0.00000000,0.00000000,0.00000000,0.00000000,0.00000000,0.00000000,0.00000000,0.00000000,0.00000000,25.72387498,0.00000000,4.57095863,0.00000000,0.00000000,0.00000000,5.94207354,0.00000000,57.82500550,0.00000000,0.00000000,8.39451421,0.00000000,0.00000000,0.47498228,0.00000000,19.24843581,0.00000000,0.00000000,0.00000000,0.00000000,10.77103904,0.00000000,0.00000000,59.43775584,19.78136811,0.00000000,5.65408086,0.00000000,0.00000000,0.00000000,0.00000000,0.00000000,0.00000000,0.00000000,0.00000000,0.00000000,0.00000000,0.00000000,0.00000000,0.00000000,0.00000000,50.67766913,0.00000000,0.00000000,0.00000000,0.00000000,0.00000000,0.00000000,0.00000000,0.00000000,0.00000000,0.00000000,0.00000000,12.60259452,23.20896993,0.00000000,0.00000000,0.00000000,0.00000000,0.00000000,0.00000000,20.99722987,0.00000000,1.13149424,11.66887186,42.86897096,1.82915006,34.39346960,0.00000000,23.33906589,4.04382470,0.00000000,0.00000000,186.07080184,17.01215606,487.22952171,10.32126463,105.33356945,0.00000000,133.46721368,24.12421319,188.88034768,0.00000000,92.94155814,0.00000000,137.42330817,0.02516671,44.67463856,0.68558215,14.08383513,0.00000000,0.00000000,0.00000000,0.00000000,0.00000000,0.00000000,0.00000000,0.00000000
0.00000000,0.00000000,0.00000000,0.00000000,0.00000000,0.00000000,0.00000000,0.00000000,0.00000000,0.00000000,0.00000000,0.00000000,0.00000000,0.00000000,0.00000000,0.00000000,0.00000000,0.00000000,0.00000000,0.00000000,0.00000000,0.00000000,0.00000000,0.00000000,0.00000000,0.00000000,0.00000000,17.95795925,0.00000000,0.00000000,0.00000000,0.00000000,0.00000000,0.00000000,0.00000000,0.00000000,0.00000000,0.00000000,0.00000000,0.00000000,0.00000000,0.00000000,0.00000000,0.00000000,0.00000000,0.00000000,0.00000000,0.00000000,0.00000000,0.00000000,0.00000000,0.00000000,0.00000000,0.00000000,0.00000000,0.08069229,0.00000000,0.00000000,0.00000000,0.00000000,0.00000000,0.00000000,0.00000000,0.00000000,0.00000000,0.00000000,0.00000000,0.00000000,0.00000000,1.19984148,0.00000000,0.00000000,0.00000000,0.00000000,0.00000000,3.58480134,0.00000000,0.00000000,0.00000000,0.00000000,0.00000000,0.00000000,0.00000000,0.00000000,0.00000000,3.02014725,0.00000000,19.23960253,0.00000000,0.00000000,1.09971833,9.02416920,0.00000000,0.00000000,0.00000000,0.00000000,0.00000000,4.19531994,0.00000000,0.00000000,0.00000000,2.98728373,0.00000000,0.00000000,4.75561369,171.26831887,8.15741042,81.17357394,0.00000000,0.00000000,0.00000000,0.00000000,0.00000000,0.00000000,0.00000000,0.00000000,0.00000000,0.00000000,0.00000000,0.00000000,0.00000000,0.00000000,0.00000000,9.51770726,1.23902331,0.00000000,8.08660576,0.40783219,0.00000000,0.00000000,0.00000000,0.00000000,0.00000000,0.00000000,0.00000000,112.32307476,0.00000000,0.00000000,0.00000000,0.00000000,0.00000000,0.00000000,0.00000000,0.38324639,0.00000000,0.00000000,0.00000000,4.92003396,0.00000000,0.00000000,5.90477016,77.06593524,2.08465061,4.22225298,0.00000000,0.00000000,0.00000000,0.00000000,0.00000000,0.00000000,0.00000000,0.00000000,0.00000000,0.00000000,0.00000000,0.00000000,0.00000000,2.04317849,0.00000000,73.71360897,0.00000000,1.13323773,0.00000000,0.00000000,0.00000000,0.55905066,0.00000000,0.00000000,0.00000000,0.00000000,1.60679953,24.84505979,0.00000000,0.00000000,0.00000000,0.00000000,0.00000000,0.00000000,0.00000000,35.00726387,1.57712608,36.79412252,0.00000000,59.99614110,0.06943945,47.36045202,5.26773146,60.40654042,0.00000000,0.00000000,0.62682771,134.57705984,19.90984432,478.10187616,0.00000000,202.61816305,29.88273616,300.22326835,5.50754195,227.74253299,0.00000000,0.00000000,0.00000000,0.00000000,22.13637084,0.00000000,0.00000000,0.00000000,98.49753986,10.37419764,141.15091583,0.00000000,0.00000000,5.98437791,5.46786109
0.00000000,0.00000000,24.60512351,0.00000000,0.00000000,0.00000000,0.00000000,0.00000000,0.00000000,0.00000000,0.00000000,0.00000000,0.00000000,0.00000000,4.08038101,0.00000000,34.77076981,0.00000000,0.00000000,0.00000000,10.15975467,0.00000000,82.46485203,0.00000000,27.70054571,0.00000000,19.00966213,0.00000000,0.00000000,0.00000000,0.00000000,0.00000000,0.00000000,0.00000000,0.00000000,0.00000000,0.00000000,0.00000000,0.00000000,0.00000000,0.00000000,0.00000000,0.00000000,0.00000000,6.97297370,0.00000000,0.00000000,0.00000000,0.00000000,0.00000000,0.00000000,0.00000000,16.88359254,0.00000000,0.35144622,0.00000000,0.00000000,0.00000000,0.00000000,0.00000000,0.00000000,0.00000000,0.00000000,0.00000000,0.00000000,0.00000000,0.00000000,0.00000000,0.00000000,0.00000000,0.00000000,0.00000000,0.41351592,0.00000000,80.90636647,0.00000000,0.00000000,0.00000000,61.38619718,0.00000000,9.19433780,0.00000000,0.00000000,0.00000000,33.30737970,1.02054071,68.80413658,0.00000000,0.00000000,0.00000000,38.07553031,0.00000000,0.00000000,0.00000000,0.00000000,0.00000000,149.12523027,4.94372224,49.75629856,0.00000000,21.70793073,0.00000000,0.00000000,0.00000000,113.89088569,0.00000000,133.49708086,0.00000000,0.00000000,0.00000000,0.00000000,0.00000000,0.00000000,0.00000000,0.00000000,0.00000000,0.00000000,0.00000000,0.00000000,0.00000000,12.34440847,0.00000000,0.00000000,0.00000000,0.00000000,0.00000000,1.94553315,0.00000000,0.00000000,0.00000000,0.00000000,0.00000000,0.59317334,0.00000000,341.29409427,0.00000000,27.95437045,0.00000000,0.00000000,0.00000000,0.00000000,0.00000000,126.42566926,0.00000000,0.35390900,0.00000000,0.00000000,12.74584744,0.00000000,0.00000000,4.16929082,0.00000000,0.00000000,0.00000000,0.00000000,0.00000000,0.00000000,0.00000000,5.39801564,0.00000000,0.00000000,0.00000000,6.87333279,0.00000000,0.00000000,0.00000000,5.29922612,0.00000000,87.96456611,0.00000000,0.00000000,0.00000000,0.00000000,0.00000000,0.00000000,0.00000000,0.00000000,0.00000000,0.00000000,0.00000000,7.12206328,0.11532322,0.00000000,0.00000000,0.00000000,0.00000000,0.00000000,0.00000000,16.90482718,0.00000000,0.00000000,0.00000000,1.93651454,0.00000000,0.00000000,0.00000000,0.00000000,0.00000000,186.07080184,0.62682771,0.00000000,1.06796456,132.42192774,0.00000000,73.66542652,0.00000000,0.00000000,1.31299338,11.86729982,0.00000000,19.24199325,0.38665596,78.75563194,0.00000000,2.00752520,0.00000000,18.95377096,2.25154604,0.00000000,0.00000000,0.00000000,0.00000000,0.00000000,0.00000000,0.00000000
0.00000000,8.89451449,0.00000000,24.25405056,0.00000000,28.68807212,0.00000000,27.17351419,0.00000000,0.00000000,0.00000000,1.49719048,0.00000000,0.00000000,0.00000000,0.00000000,0.00000000,0.00000000,0.00000000,39.02188327,0.00000000,0.00000000,0.00000000,0.00000000,0.00000000,0.00000000,0.00000000,21.02665127,0.00000000,0.00000000,0.00000000,0.00000000,0.00000000,1.96943002,0.00000000,0.00000000,0.00000000,0.00000000,0.00000000,0.00000000,0.00000000,0.00000000,0.00000000,0.00000000,0.00000000,0.00000000,0.00000000,0.00000000,0.00000000,0.00000000,0.00000000,0.00000000,0.00000000,0.13246776,0.00000000,0.00000000,0.00000000,0.00000000,0.00000000,0.00000000,0.00000000,0.00000000,0.00000000,0.00000000,0.00000000,0.00000000,0.00000000,0.00000000,0.00000000,0.00000000,0.00000000,0.00000000,0.00000000,9.80977103,0.00000000,31.37642264,0.00000000,0.00000000,0.00000000,22.16640532,0.00000000,0.05703594,0.00000000,0.00000000,0.00000000,5.03951358,0.00000000,13.58626121,0.00000000,0.00000000,0.00000000,113.66749837,0.00000000,1.95236693,0.00000000,0.00000000,3.55711619,51.19761027,0.00000000,30.00772032,0.00000000,122.96882130,0.00000000,11.52969131,0.00000000,151.38537068,10.07565670,250.59758838,0.00000000,0.00000000,0.00000000,0.00000000,0.00000000,0.00000000,0.00000000,2.26233584,0.00000000,0.00000000,0.00000000,0.00000000,0.00000000,18.32470869,0.00000000,0.00000000,0.00000000,0.00000000,9.49146596,8.64962028,0.00000000,0.00000000,0.00000000,0.77735380,0.00000000,0.00000000,0.00000000,267.67396760,0.00000000,25.17121066,0.00000000,2.00396958,0.00000000,0.00000000,0.00000000,22.88223401,0.00000000,0.00000000,14.59772196,2.06942919,0.00000000,0.00000000,7.79352579,89.38107001,0.00000000,6.26862321,0.00000000,0.00000000,0.00000000,0.00000000,0.00000000,7.68272889,0.00000000,4.52581657,0.00000000,0.00000000,0.00000000,0.00000000,0.00000000,0.00000000,0.00000000,33.85766599,0.00000000,0.00000000,0.00000000,0.00000000,0.00000000,0.00000000,0.00000000,0.00000000,0.00000000,0.00000000,0.00000000,47.51539324,0.00000000,0.00000000,0.00000000,0.00000000,0.00000000,0.00000000,0.00000000,0.39443907,0.00000000,0.00000000,0.00000000,0.00000000,0.00000000,14.25384266,11.27170010,0.00000000,17.01215606,134.57705984,1.06796456,0.00000000,0.00000000,23.72020506,0.00000000,202.37406593,4.73389879,27.87270565,0.00000000,210.56631945,0.81088850,0.00000000,0.00000000,0.00000000,3.49665762,0.00000000,0.00000000,0.00000000,19.94613208,18.90034138,51.21604815,0.00000000,3.11105788,0.00000000,0.00000000
0.00000000,0.00000000,0.00000000,0.00000000,0.00000000,0.00000000,0.00000000,0.00000000,0.00000000,0.00000000,0.00000000,0.00000000,0.00000000,0.00000000,0.00000000,0.00000000,0.00000000,0.00000000,0.00000000,0.00000000,0.00000000,0.00000000,0.00000000,0.00000000,0.00000000,0.00000000,0.00000000,0.00000000,0.00000000,0.00000000,0.00000000,0.00000000,0.00000000,0.00000000,0.00000000,0.00000000,0.00000000,0.00000000,0.00000000,0.00000000,0.00000000,0.00000000,0.00000000,0.00000000,0.00000000,0.00000000,0.00000000,0.00000000,0.00000000,0.00000000,0.00000000,0.00000000,0.00000000,0.00000000,0.00000000,0.00000000,0.00000000,0.00000000,0.00000000,0.00000000,0.00000000,0.00000000,0.00000000,0.00000000,0.00000000,0.00000000,0.00000000,0.00000000,0.15893726,0.00000000,0.00000000,0.00000000,0.00000000,0.00000000,13.13018705,0.00000000,0.00000000,0.00000000,0.00000000,0.00000000,1.43402690,0.00000000,0.00000000,0.00000000,0.00000000,1.67662924,4.58285468,0.00000000,0.00000000,0.00000000,0.00000000,0.00000000,0.00000000,0.00000000,0.00000000,0.00000000,0.00000000,0.00000000,0.00000000,0.00000000,13.85414675,13.94059532,0.00000000,0.00000000,110.65535545,0.00000000,4.66812152,7.03357688,0.00000000,0.00000000,0.00000000,0.00000000,0.00000000,0.00000000,0.00000000,0.00000000,0.00000000,0.00000000,0.00000000,0.00000000,0.00000000,0.00000000,0.00000000,0.00000000,0.00000000,0.00000000,0.00000000,42.07196408,0.00000000,0.00000000,0.00000000,0.00000000,0.00000000,0.00000000,48.76621248,0.00000000,0.00000000,0.87239940,0.00000000,0.00000000,0.00000000,0.00000000,0.00000000,1.68932396,0.00000000,0.00000000,0.39874674,11.87368364,0.00000000,0.00000000,33.03042317,76.89899104,1.92631072,0.00000000,0.00000000,0.00000000,0.00000000,0.00000000,0.00000000,0.00000000,0.00000000,0.00000000,0.00000000,0.00000000,0.00000000,0.00000000,0.00000000,0.00000000,74.40762521,0.00000000,1.17428896,0.00000000,0.00000000,0.00000000,0.00000000,0.00000000,0.00000000,0.00000000,0.00000000,0.00000000,101.00923893,70.79041223,0.00000000,0.00000000,0.00000000,0.00000000,0.00000000,0.00000000,178.08631234,2.25343477,80.39597602,0.85406771,66.88093051,49.12125619,41.89490310,0.00000000,258.36360787,55.85663051,487.22952171,19.90984432,132.42192774,0.00000000,0.00000000,80.39174821,691.79987257,4.41138765,187.48315494,87.23315869,0.58557467,53.12837062,166.22678233,6.79360410,271.54420081,0.00000000,93.61171877,15.99278467,46.92129658,0.00000000,3.21564621,0.00000000,0.00000000,0.00000000,0.47110442,0.00000000,0.00000000
0.00000000,0.00000000,0.00000000,0.00000000,0.00000000,0.00000000,0.00000000,0.00000000,0.00000000,0.00000000,0.00000000,0.00000000,0.00000000,0.00000000,0.00000000,0.00000000,0.00000000,0.00000000,0.00000000,0.00000000,0.00000000,0.00000000,0.00000000,0.00000000,0.00000000,0.00000000,0.00000000,0.00000000,0.00000000,0.00000000,0.00000000,0.00000000,0.00000000,0.00000000,0.00000000,0.00000000,0.00000000,0.00000000,0.00000000,0.00000000,0.00000000,0.00000000,0.00000000,0.00000000,0.00000000,0.00000000,0.00000000,0.00000000,0.00000000,0.00000000,0.00000000,0.00000000,0.00000000,0.00000000,0.00000000,0.00000000,0.00000000,0.00000000,0.00000000,0.00000000,0.00000000,0.00000000,0.00000000,0.00000000,0.00000000,0.00000000,0.00000000,0.00000000,0.00000000,0.00000000,0.00000000,0.00000000,0.00000000,0.00000000,0.73427609,0.00000000,0.00000000,11.73117375,0.00000000,0.00000000,0.00000000,0.00000000,0.00000000,0.00000000,0.00000000,0.00000000,0.00000000,0.00000000,0.00000000,0.00000000,2.02463416,0.00000000,0.00000000,0.00000000,0.00000000,0.00000000,0.00000000,0.00000000,0.00000000,6.53367342,0.00000000,6.23673335,0.00000000,0.07672587,5.52474517,57.37074978,4.55515879,0.00000000,0.00000000,0.00000000,0.00000000,0.00000000,0.00000000,0.00000000,0.00000000,0.00000000,0.00000000,0.00000000,0.00000000,0.00000000,0.00000000,0.00000000,0.00000000,0.00000000,11.00797031,0.00000000,6.96086023,12.72832768,0.00000000,0.00000000,0.00000000,0.00000000,0.00000000,0.00000000,0.00000000,42.70679367,2.48124629,0.00000000,0.00000000,0.00000000,0.00000000,0.00000000,0.00000000,0.00000000,0.00000000,0.00000000,11.54027545,0.00000000,0.00000000,0.00000000,40.81209127,89.81921611,2.26894835,10.08299978,0.00000000,0.00000000,0.00000000,0.00000000,0.00000000,0.00000000,0.00000000,0.00000000,0.00000000,0.00000000,0.00000000,0.00000000,0.00000000,0.00000000,0.00000000,81.75951859,0.00000000,0.00000000,0.00000000,0.00000000,0.00000000,0.00000000,0.00000000,0.00000000,0.00000000,0.00000000,0.00000000,45.92396937,0.00000000,0.00000000,0.00000000,0.00000000,0.00000000,0.00000000,0.00000000,228.28584587,0.00000000,58.35319045,2.79852493,51.52848717,0.00000000,70.50947016,30.54757163,68.51058184,10.32126463,478.10187616,0.00000000,23.72020506,80.39174821,0.00000000,0.00000000,422.19718909,104.06156553,69.33482846,0.00000000,1.60111192,0.00000000,0.00000000,0.00000000,0.00000000,41.82554391,9.79230823,0.00000000,0.00000000,116.58052567,0.00000000,216.14242887,0.00000000,2.87900485,9.53830838,0.00000000
0.00000000,0.00000000,0.00000000,0.00000000,0.00000000,0.00000000,0.00000000,0.00000000,0.00000000,0.00000000,0.00000000,0.00000000,0.00000000,0.00000000,0.00000000,0.00000000,0.00000000,0.00000000,0.00000000,0.00000000,0.00000000,0.00000000,0.00000000,0.00000000,0.00000000,0.00000000,0.00000000,0.00000000,0.00000000,0.00000000,0.00000000,0.00000000,0.00000000,0.00000000,0.00000000,0.00000000,0.00000000,0.00000000,0.00000000,0.00000000,0.00000000,0.00000000,0.00000000,0.00000000,0.00000000,0.00000000,0.00000000,0.00000000,0.82910293,0.00000000,0.00000000,0.00000000,0.00000000,0.00000000,0.00000000,0.00000000,0.00000000,0.00000000,0.00000000,0.00000000,0.00000000,0.00000000,0.00000000,0.00000000,0.00000000,0.00000000,0.00000000,0.00000000,0.00000000,0.00000000,0.00000000,0.00000000,0.00000000,0.00000000,0.00000000,0.00000000,0.00000000,0.00000000,3.98505384,0.00000000,0.00000000,0.00000000,0.00000000,0.00000000,1.30854110,0.00000000,1.78125741,0.00000000,4.19561840,0.00000000,1.93513843,0.00000000,0.00000000,0.00000000,0.00000000,0.00000000,4.27357931,0.00000000,0.00000000,0.00000000,40.61604671,0.00000000,0.00000000,0.00000000,192.75940297,0.00000000,130.16223437,0.00000000,0.00000000,0.00000000,0.00000000,0.00000000,0.00000000,0.00000000,0.00000000,0.00000000,0.00000000,0.00000000,0.00000000,0.00000000,0.00000000,0.00000000,0.00000000,0.00000000,0.00000000,0.00000000,0.64983157,0.00000000,0.00000000,0.00000000,0.00000000,0.00000000,0.00000000,0.00000000,58.22545160,0.00000000,0.00000000,0.00000000,0.00000000,0.00000000,0.00000000,0.00000000,0.00000000,0.00000000,0.00000000,0.00000000,0.00000000,0.00000000,0.00000000,0.00000000,5.05835197,0.00000000,0.00000000,0.00000000,0.00000000,0.00000000,0.00000000,0.00000000,0.00000000,0.00000000,2.22899605,0.00000000,3.84087370,0.00000000,0.00000000,0.00000000,0.00000000,0.00000000,48.17458449,0.00000000,0.00000000,0.00000000,0.00000000,0.00000000,0.00000000,0.00000000,0.00000000,0.00000000,0.00000000,0.00000000,0.00000000,0.00000000,0.00000000,0.00000000,0.00000000,0.00000000,0.00000000,0.00000000,104.85734895,0.00000000,10.84641704,0.00000000,23.03997661,0.00000000,91.20520977,0.00000000,38.99443422,0.00000000,105.33356945,0.00000000,73.66542652,0.00000000,691.79987257,0.00000000,0.00000000,0.00000000,42.87300947,0.00000000,71.21712804,0.00000000,20.30829928,0.00000000,137.53366923,3.39703995,2.48484037,0.00000000,0.00000000,0.00000000,0.00000000,0.00000000,0.00000000,0.00000000,0.00000000,0.00000000,0.00000000
0.00000000,0.00000000,0.00000000,0.00000000,0.00000000,0.00000000,0.00000000,0.00000000,0.00000000,0.00000000,0.00000000,0.00000000,0.00000000,0.00000000,0.00000000,0.00000000,0.00000000,0.00000000,0.00000000,0.00000000,0.00000000,0.00000000,0.00000000,0.00000000,0.00000000,0.00000000,0.00000000,0.00000000,0.00000000,0.00000000,0.00000000,0.00000000,0.00000000,0.00000000,0.00000000,0.00000000,0.00000000,0.00000000,0.00000000,0.00000000,0.00000000,0.00000000,0.00000000,0.00000000,0.00000000,0.00000000,0.00000000,0.00000000,0.00000000,0.00000000,0.00000000,0.00000000,0.00000000,0.00000000,0.00000000,0.00000000,0.00000000,0.00000000,0.00000000,0.00000000,0.00000000,0.00000000,0.00000000,0.00000000,0.00000000,0.00000000,0.00000000,0.00000000,0.00000000,1.14509919,0.00000000,0.00000000,0.00000000,0.47325334,0.00000000,0.00000000,0.00000000,3.03774131,0.00000000,4.78462367,0.00000000,0.00000000,0.00000000,0.00000000,0.00000000,0.00000000,0.00000000,0.00000000,0.00000000,0.00000000,0.00000000,5.64829144,0.00000000,0.00000000,0.00000000,6.82099747,0.00000000,4.20787425,0.00000000,0.00954028,0.00000000,26.09639451,0.00000000,0.00000000,0.00000000,177.04284173,0.00000000,231.78278584,0.00000000,0.00000000,0.00000000,0.00000000,0.00000000,0.00000000,0.00000000,0.00000000,0.00000000,0.00000000,0.00000000,0.00000000,0.00000000,0.00000000,0.00000000,0.00000000,0.00000000,0.00000000,0.00000000,0.00000000,0.00000000,0.00000000,0.00000000,0.00000000,3.15272675,0.00000000,0.00000000,4.92072413,0.00000000,0.00000000,0.00000000,0.00000000,0.00000000,0.00000000,0.00000000,0.00000000,0.00000000,0.00000000,0.00000000,0.00000000,0.00000000,0.00000000,0.00000000,1.15194116,0.00000000,0.00000000,0.00000000,0.00000000,0.00000000,0.00000000,0.00000000,0.00000000,0.00000000,0.00000000,0.00000000,0.00000000,0.00000000,0.00000000,0.00000000,0.00000000,0.00000000,58.29983848,0.00000000,0.00000000,0.00000000,2.37687438,0.00000000,0.00000000,0.00000000,0.00000000,0.00000000,0.00000000,0.00000000,4.07380644,0.00000000,0.00000000,0.00000000,0.00000000,0.00000000,0.00000000,0.00000000,70.47439721,0.00000000,51.64294997,0.00000000,42.75374794,0.00000000,136.48558783,2.18014355,27.90958614,0.00000000,202.61816305,0.00000000,202.37406593,4.41138765,422.19718909,0.00000000,0.00000000,2.95913828,123.31122719,0.00000000,34.97525914,0.00000000,0.00000000,0.00000000,0.00000000,10.48477551,0.00000000,0.00000000,0.00000000,23.66290410,0.00000000,100.95760301,0.00000000,0.00000000,11.84781587,8.28512454
0.00000000,0.00000000,0.00000000,0.00000000,0.00000000,0.00000000,0.00000000,0.00000000,0.00000000,0.00000000,0.00000000,0.00000000,0.00000000,0.00000000,0.00000000,0.00000000,0.00000000,0.00000000,0.00000000,0.00000000,0.00000000,0.00000000,3.50300780,0.00000000,0.00000000,0.00000000,0.00000000,0.00000000,0.00000000,0.00000000,0.00000000,0.00000000,0.00000000,0.00000000,0.00000000,0.00000000,0.00000000,0.00000000,0.00000000,0.00000000,0.00000000,0.00000000,0.00000000,0.00000000,0.00000000,0.00000000,0.00000000,0.00000000,0.00000000,0.00000000,0.00000000,0.00000000,0.00000000,0.00000000,0.00000000,0.00000000,0.00000000,0.00000000,0.00000000,0.00000000,0.00000000,0.00000000,0.00000000,0.00000000,0.00000000,0.00000000,0.00000000,0.00000000,0.00000000,0.00000000,0.00000000,0.00000000,0.00000000,0.00000000,0.21834301,0.00000000,0.00000000,0.00000000,0.00000000,0.00000000,0.25306973,0.00000000,0.00000000,0.00000000,0.00000000,0.00000000,0.00000000,0.00000000,0.00000000,0.00000000,0.00000000,1.23713530,0.00000000,0.00000000,4.58246010,0.00000000,0.00000000,0.00000000,0.00000000,0.00000000,0.00000000,0.00000000,0.00000000,0.00000000,66.09359741,0.00000000,0.00000000,8.53440142,0.00000000,0.00000000,0.00000000,0.00000000,0.00000000,3.25034563,0.00000000,0.00000000,0.00000000,0.00000000,0.00000000,0.00000000,0.00000000,0.00000000,0.25937864,0.00000000,0.00000000,0.00000000,29.67228666,12.13009316,0.00000000,0.00000000,0.00000000,0.00000000,0.00000000,0.00000000,18.13879275,0.00000000,0.00000000,8.19645043,0.00000000,0.00000000,0.00000000,0.00000000,1.29986624,0.00000000,0.00000000,0.00000000,0.00000000,0.00000000,0.00000000,0.00000000,108.58509799,54.60479931,2.31452102,7.12369777,0.00000000,0.00000000,0.00000000,0.00000000,0.00000000,0.00000000,0.00000000,0.00000000,0.00000000,0.00000000,0.00000000,0.00000000,0.00000000,0.00000000,9.48714694,0.00000000,0.00000000,0.00000000,0.00000000,0.00000000,0.00000000,0.00000000,0.00000000,0.00000000,0.00000000,0.00000000,89.65076170,58.81605819,0.00000000,0.00000000,0.00000000,0.00000000,0.00000000,0.00000000,21.21545269,7.25539056,60.93892080,27.00517713,67.82061223,46.56893310,9.28063234,5.36953020,180.19577626,81.60119403,133.46721368,29.88273616,0.00000000,4.73389879,187.48315494,104.06156553,42.87300947,2.95913828,0.00000000,29.59044144,152.33337708,65.37635792,23.06495570,0.00000000,34.58660093,0.00000000,26.26915708,1.94468644,0.00000000,0.00000000,0.00000000,0.00000000,0.00000000,0.00000000,0.00000000,0.00000000,0.00000000
0.00000000,8.33270562,0.00000000,0.00000000,0.00000000,0.00000000,0.00000000,0.00000000,0.00000000,2.98223883,0.00000000,1.81824256,0.00000000,0.00000000,0.00000000,0.00000000,0.00000000,0.00000000,0.00000000,0.03108007,0.00000000,0.00000000,0.00000000,0.00000000,0.00000000,0.00000000,0.00000000,0.00000000,0.00000000,0.00000000,0.00000000,0.00000000,0.00000000,0.00000000,0.00000000,0.00000000,0.00000000,0.00000000,0.00000000,0.00000000,0.00000000,0.00000000,0.00000000,0.00000000,0.00000000,0.00000000,0.00000000,0.00000000,0.00000000,0.00000000,0.00000000,0.00000000,0.00000000,0.00000000,0.00000000,0.00000000,0.00000000,0.00000000,0.00000000,0.00000000,0.00000000,0.00000000,0.00000000,0.00000000,0.00000000,0.00000000,0.00000000,0.00000000,0.00000000,0.00000000,0.00000000,0.00000000,0.00000000,0.00000000,0.00000000,0.00000000,0.00000000,0.00000000,0.00000000,0.00000000,0.00000000,0.00000000,0.00000000,0.00000000,0.00000000,0.00000000,0.00000000,0.00000000,0.00000000,0.00000000,0.00000000,0.00000000,0.00000000,0.00000000,0.00000000,0.00000000,0.00000000,0.00000000,0.00000000,0.00000000,0.00000000,0.00000000,2.40638738,0.00000000,12.70221485,61.84934860,0.00000000,0.16977067,0.00000000,0.00000000,0.00000000,0.00000000,0.00000000,0.00000000,0.68774675,0.00000000,0.00000000,0.00000000,0.00000000,0.00000000,0.00000000,0.00000000,0.00000000,0.00000000,0.00000000,0.99630618,27.02439550,0.00000000,0.00000000,0.00000000,0.00000000,0.00000000,0.00000000,0.23986731,3.83939578,66.48328126,2.26350162,0.00000000,0.00000000,0.00000000,0.00000000,0.00000000,0.00000000,0.00000000,0.00000000,0.00000000,34.48850632,3.45556887,0.00000000,1.94144179,0.08834523,333.81971211,0.00000000,0.05907711,0.00000000,0.00000000,0.00000000,0.00000000,0.00000000,0.61529927,0.00000000,0.00000000,0.00000000,0.00000000,0.00000000,0.00000000,0.00000000,0.00000000,0.00000000,0.00000000,0.00000000,0.00000000,0.00000000,0.00000000,0.00000000,0.00000000,0.00000000,0.00000000,0.00000000,0.00000000,7.00998939,49.85054217,0.00000000,0.00000000,0.00000000,0.00000000,0.00000000,0.00000000,0.00000000,47.53514864,0.00000000,295.99513487,1.38512486,100.57888393,8.36000332,32.72110159,45.81712483,243.50247908,24.12421319,300.22326835,1.31299338,27.87270565,87.23315869,69.33482846,0.00000000,123.31122719,29.59044144,0.00000000,1.81869954,126.22019063,0.00000000,0.00000000,0.00000000,0.00000000,28.94473539,4.22947867,0.00000000,0.00000000,21.81781700,0.00000000,0.00000000,0.00000000,0.48510360,3.97323959,0.00000000
1.56374328,0.00000000,188.42422845,0.00000000,18.68311443,0.00000000,58.64444568,0.00000000,7.43520239,0.00000000,1.64157004,0.00000000,3.35775113,0.00000000,65.86604495,0.00000000,4.01371504,0.00000000,0.00000000,0.00000000,0.00000000,0.00000000,70.24089897,0.00000000,29.33073559,0.00000000,0.00000000,0.00000000,0.00000000,0.00000000,0.00000000,0.00000000,1.25752230,0.00000000,0.00000000,0.00000000,2.24451577,0.00000000,0.00000000,0.00000000,0.00000000,0.00000000,0.00000000,0.00000000,0.00000000,0.00000000,1.26470613,0.00000000,5.53941031,0.00000000,0.00000000,0.00000000,18.13848984,0.00000000,0.74599945,0.00000000,14.23979482,0.00000000,10.85645653,0.00000000,0.00000000,0.00000000,0.00000000,0.00000000,0.00000000,0.00000000,1.58999629,0.00000000,0.00000000,0.00000000,17.72468517,0.00000000,57.71239462,0.00000000,36.79377953,0.00000000,0.00000000,0.00000000,11.59391808,0.00000000,0.00000000,0.00000000,0.00000000,0.00000000,0.00000000,0.00000000,0.00000000,0.00000000,0.00000000,0.00000000,0.00000000,0.00000000,0.00000000,0.00000000,0.00000000,0.00000000,0.00000000,1.62009277,3.52567619,0.00000000,0.00000000,0.00000000,0.00000000,0.00000000,130.58825175,0.00000000,2.02516099,7.35345492,0.00000000,0.00000000,0.00000000,0.00000000,0.00000000,0.00000000,0.00000000,0.00000000,0.00000000,0.00000000,4.03138986,0.00000000,6.39681599,0.00000000,0.00000000,0.00000000,27.20370996,0.00000000,184.97887160,4.40854024,10.72878330,0.00000000,0.81347372,0.00000000,12.00791174,7.78398920,112.07829421,0.00000000,34.55377825,0.62352591,10.09425885,0.00000000,29.42018318,0.00000000,0.25428402,0.00000000,0.00000000,0.00000000,10.20285995,14.32394346,8.43702698,0.00000000,59.82534571,38.31301451,8.90741521,0.00000000,0.00000000,0.00000000,0.00000000,0.00000000,6.21455241,0.00000000,0.00000000,0.00000000,0.00000000,0.00000000,0.00000000,0.00000000,0.00000000,0.00000000,39.51901935,0.00000000,0.00000000,0.00000000,0.00000000,0.00000000,0.00000000,0.00000000,0.00000000,0.00000000,0.00000000,0.00000000,56.90012903,25.36065305,0.00000000,0.00000000,0.00000000,0.00000000,0.00000000,0.00000000,0.30722273,0.00000000,6.10665526,0.00000000,5.02465416,0.00000000,0.00000000,12.22761671,24.88112317,24.61649156,188.88034768,5.50754195,11.86729982,0.00000000,0.58557467,0.00000000,71.21712804,0.00000000,152.33337708,1.81869954,0.00000000,19.04741985,109.45787583,1.11890164,107.90474531,9.69194067,40.02563441,1.74865470,7.72111695,0.00000000,7.13965130,0.00000000,0.44760445,0.00000000,0.00000000,0.00000000,0.00000000
0.00000000,35.08783353,0.00000000,0.08206192,0.00000000,25.28308467,0.00000000,62.03386088,0.00000000,111.05244578,0.00000000,17.81612630,0.00000000,0.00000000,0.00000000,11.70385070,0.00000000,0.00000000,0.00000000,0.00000000,0.00000000,0.00000000,0.00000000,0.00000000,0.00000000,0.00000000,0.00000000,13.77991998,0.00000000,0.00000000,0.00000000,0.00000000,0.00000000,0.00000000,0.00000000,0.00000000,0.00000000,0.00000000,0.00000000,0.00000000,0.00000000,0.00000000,0.00000000,0.00000000,0.00000000,0.00000000,0.00000000,0.00000000,0.00000000,0.00000000,0.00000000,0.00000000,0.00000000,0.01212681,0.00000000,0.00000000,0.00000000,10.87611931,0.00000000,2.19765313,0.00000000,0.00000000,0.00000000,0.00000000,0.00000000,7.91522728,0.00000000,0.00000000,0.00000000,4.58328228,0.00000000,0.00000000,0.00000000,0.00000000,0.00000000,1.47326597,0.00000000,0.00000000,0.00000000,6.00261697,0.00000000,0.00000000,0.00000000,0.00000000,0.00000000,0.00000000,0.00000000,15.87101725,0.00000000,0.00000000,0.56702020,24.77897505,0.00000000,0.00000000,0.00000000,0.00000000,1.16405273,25.84390017,0.00000000,0.00000000,0.00000000,0.00000000,0.00000000,7.25102536,0.00000000,74.42357733,5.59446115,91.00158270,0.00000000,0.00000000,0.00000000,0.00000000,0.00000000,0.00000000,0.00000000,0.00000000,0.00000000,0.00000000,0.00000000,0.00000000,0.00000000,0.00000000,0.00000000,0.84333602,14.86920548,18.39167881,16.37566740,88.20987461,0.00000000,3.39559108,0.00000000,2.86345567,0.00000000,29.29507644,10.24934732,159.26908329,0.00000000,34.51160357,0.00000000,12.10983282,0.00000000,1.57881003,0.00000000,8.13895315,0.00000000,0.00000000,15.79248045,17.09750410,0.00000000,5.23572849,32.61458628,182.43281848,9.05961204,30.84715504,0.00000000,0.00000000,0.00000000,0.00000000,0.00000000,33.81428192,0.00000000,16.00257401,0.00000000,0.00000000,0.00000000,0.00000000,0.00000000,0.14093659,0.00000000,0.00000000,0.00000000,0.00000000,0.00000000,0.00000000,0.00000000,0.00000000,0.00000000,0.00000000,0.00000000,0.00000000,19.66666955,26.93059678,0.00000000,4.66438864,0.00000000,4.71044382,0.00000000,0.00000000,0.00000000,0.01322070,0.00000000,11.47954638,15.27385373,56.31312997,4.71492915,26.27336536,22.76745283,36.77143757,0.00000000,227.74253299,0.00000000,210.56631945,53.12837062,1.60111192,0.00000000,34.97525914,65.37635792,126.22019063,19.04741985,0.00000000,0.00000000,0.00000000,0.00000000,0.00000000,18.45731942,0.00000000,0.00000000,0.00000000,97.06750611,0.00000000,76.43444009,0.00000000,0.00000000,0.00000000,0.00000000
421.37567070,0.00000000,241.35016753,0.00000000,205.57690666,0.00000000,365.11941061,0.00000000,193.25110394,0.00000000,220.09251386,0.00000000,0.07731666,0.00000000,30.93704333,1.03075184,29.91789775,0.00000000,3.54908034,0.00000000,67.83339302,0.00000000,152.31732166,6.18172687,290.97421812,0.00000000,0.00000000,0.00000000,0.00000000,0.00000000,12.82222111,0.00000000,17.14939376,0.00000000,0.00000000,0.00000000,0.17879695,0.00000000,2.78063160,0.00000000,3.94315655,0.00000000,29.67758177,0.00000000,0.06222743,0.00000000,0.00000000,0.00000000,47.33500537,0.00000000,57.34790711,0.00000000,104.61669010,0.00000000,229.55430963,0.00000000,254.91113196,0.00000000,438.20214418,0.00000000,21.59289395,0.00000000,63.24287193,0.00000000,42.48958355,0.00000000,75.86143162,0.00000000,22.14449678,0.00000000,19.21101936,0.00000000,328.39390690,0.00000000,14.19618279,0.00000000,13.43693729,0.00000000,206.41096895,0.00000000,59.48272833,0.00000000,160.31032624,0.00000000,4.53650626,0.00000000,56.24453651,0.00000000,12.86389108,4.11117698,0.00000000,0.00000000,15.24775573,0.00000000,106.21391123,6.43376510,0.00000000,1.66863219,80.73430259,3.90926354,76.94260592,0.00000000,75.60793668,0.00000000,0.00000000,0.00000000,2.95510218,0.00000000,0.00000000,0.00000000,0.00000000,0.00000000,0.00000000,0.00000000,0.00000000,0.00000000,0.00000000,0.00000000,4.80750421,0.00000000,6.85642577,0.00000000,0.27864233,0.00000000,36.93551901,1.11606381,0.00000000,0.00000000,55.48590784,0.00000000,235.11754302,0.27042944,6.42127582,2.38477302,9.34283325,0.84980247,15.81325630,0.00000000,38.84450239,0.00000000,33.03592766,0.00000000,22.31691062,0.00000000,18.78976505,0.00000000,1.88331010,0.00000000,29.63828839,0.00000000,156.66419351,0.00000000,19.44916180,0.00000000,72.53416938,0.00000000,45.38576078,0.00000000,44.04426083,0.00000000,437.71844685,0.00000000,51.41168538,0.84131206,0.00000000,0.00000000,11.70900473,0.00000000,51.07482807,0.00000000,63.99061312,0.00000000,72.24920993,0.00000000,1.87365918,0.00000000,73.64998870,1.78089668,14.12954671,0.00000000,31.87002899,0.03352154,45.44474952,0.00000000,0.05331470,0.00000000,0.00000000,0.00000000,0.00000000,0.00000000,7.08147780,0.00000000,47.18694033,0.00000000,0.00000000,0.00000000,12.92763774,7.35181183,92.94155814,0.00000000,19.24199325,0.81088850,166.22678233,0.00000000,20.30829928,0.00000000,23.06495570,0.00000000,109.45787583,0.00000000,0.00000000,1117.56658885,486.52866803,49.75719161,658.02680787,31.35513032,102.87697462,17.01283371,1.44332913,0.42640311,5.52013202,0.00000000,0.00000000,0.00000000,0.00000000
65.06609442,8.69799680,28.80701791,0.00000000,146.55873401,0.00000000,65.48255183,0.67948242,54.48608675,0.00000000,158.37222921,0.00000000,111.12805554,1.28341256,61.01212455,0.00000000,38.27319250,0.00000000,97.74560775,0.00000000,93.72873689,0.00000000,121.78725379,0.00000000,61.48554483,0.00000000,134.66371208,0.00000000,8.91836239,0.00000000,13.84444441,0.00000000,14.38452668,0.00000000,17.10120092,0.00000000,14.12103316,0.00000000,36.02476528,0.00000000,38.37960911,0.00000000,26.22651604,0.00000000,46.94992115,0.00000000,75.74282228,0.00000000,94.66362887,0.00000000,33.09634442,0.00000000,61.14479636,0.00000000,100.90285564,0.00000000,90.78148728,0.00000000,133.88220626,0.00000000,55.14310936,0.00000000,55.62523080,0.00000000,8.70012183,0.00000000,38.07928455,0.00000000,21.08331637,0.00000000,0.00000000,0.00000000,9.14017978,0.00000000,0.00000000,0.00000000,6.89528690,0.00000000,0.00000000,0.00000000,5.39706362,0.00000000,15.08756275,0.00000000,0.00000000,0.00000000,0.00000000,0.00000000,14.20057504,0.00000000,0.00000000,0.00000000,10.80164098,0.00000000,0.00000000,0.00000000,0.00000000,0.00000000,5.85827348,0.00000000,21.59430481,0.00000000,33.24519071,0.00000000,0.00000000,0.00000000,2.18168446,0.00000000,2.47513303,0.00000000,0.00000000,0.00000000,0.00000000,0.00000000,0.00000000,0.00000000,1.32026675,0.00000000,0.16996360,0.00000000,0.00000000,0.00000000,0.55148504,0.00000000,4.97880214,0.00000000,0.00000000,0.00000000,6.49526338,0.00000000,0.00000000,0.00000000,0.00000000,0.00000000,0.00000000,0.00000000,0.00000000,0.00000000,0.00000000,0.00000000,0.00000000,0.00000000,0.00000000,0.00000000,1.04808837,0.00000000,0.00000000,0.00000000,0.00000000,0.00000000,0.00000000,0.00000000,4.01120004,0.00000000,73.61489050,0.00000000,35.71329535,0.00000000,4.80426755,0.00000000,37.14786995,0.00000000,17.78961299,0.00000000,12.35662691,0.00000000,0.03539226,0.00000000,81.71276751,0.00000000,37.97899958,0.00000000,35.47389635,0.00000000,0.00000000,0.00000000,21.27416017,0.32306896,25.19644185,0.00000000,9.96836622,0.00000000,10.17520774,0.00000000,2.60675962,0.00000000,24.61224336,0.00000000,0.00000000,0.00000000,0.00000000,0.00000000,0.00000000,0.00000000,18.90823487,0.00000000,0.00000000,0.00000000,0.00000000,0.00000000,0.38665596,0.00000000,6.79360410,0.00000000,0.00000000,0.00000000,0.00000000,0.00000000,1.11890164,0.00000000,1117.56658885,0.00000000,721.57394479,108.93600704,787.07808578,0.00000000,54.56085792,5.03267937,0.40761088,1.29379997,0.00000000,1.46649659,0.00000000,0.00000000,0.00000000
89.81267881,0.00000000,203.88306205,0.00000000,338.83554543,0.00000000,141.18507992,0.00000000,63.21091525,0.00000000,113.04295165,0.00000000,145.13233151,11.91887002,69.00397435,4.94767229,21.08557190,0.00000000,88.67287898,0.00000000,118.08192265,0.00000000,95.73114769,0.00000000,141.10969863,0.00000000,124.48114881,7.36080500,0.00000000,0.00000000,17.99400313,0.00000000,32.91647853,0.00000000,41.44700044,0.00000000,79.77988521,0.00000000,6.27502220,0.00000000,16.05677193,0.00000000,107.32108336,0.00000000,88.81662272,0.00000000,5.83733003,0.00000000,205.32053894,0.00000000,102.50702190,0.00000000,133.42028324,0.00000000,194.50387504,0.00000000,228.03282112,0.00000000,120.09238358,6.29924687,36.83049213,0.00000000,53.59454661,0.00000000,0.25682251,0.00000000,14.75224173,0.00000000,57.34188536,0.04955734,26.09686713,0.00000000,32.48954356,0.00000000,0.10147298,3.89325222,49.23622599,0.00000000,65.74975275,0.00000000,12.62513258,0.00000000,70.55803671,0.00000000,0.00000000,0.00000000,16.27942716,0.00000000,17.40346054,0.00000000,0.00000000,0.00000000,7.45999263,0.00000000,52.54926795,0.31175464,15.12356912,0.00000000,8.77071731,0.00000000,31.82947007,0.00000000,109.86527619,0.00000000,26.81979376,0.00000000,32.42322250,0.00000000,0.00000000,0.00000000,0.00000000,0.00000000,0.00000000,0.00000000,0.00000000,0.00000000,15.77360675,0.00000000,0.00000000,0.00000000,11.75613935,0.00000000,0.00000000,0.00000000,0.04961332,0.00000000,0.29120430,6.65064257,61.40523675,0.00000000,153.10856076,23.34669420,0.00000000,2.92307828,81.39447352,0.00000000,15.21684090,0.66113348,45.34220118,0.00000000,28.95576461,0.52069352,0.00000000,0.00000000,54.85295396,0.00000000,0.00000000,0.00000000,28.81250539,0.00000000,106.79569838,5.54001170,0.00000000,10.76922209,113.60196027,0.00000000,67.84389506,0.00000000,142.98381246,0.00000000,343.97156239,0.00000000,86.83956962,0.00000000,79.72318633,6.89963412,26.10847981,0.00000000,114.34745441,0.00000000,68.18384141,0.00000000,61.06169903,0.00000000,19.84680432,0.00000000,24.51087854,0.00000000,14.29382528,0.00000000,48.51714593,20.12184882,31.21187952,0.00000000,0.00000000,0.00000000,34.46134722,0.00000000,151.95627594,0.00000000,54.33421313,0.00000000,247.69392327,0.00000000,73.28241264,0.00000000,52.13192802,0.00000000,137.42330817,0.00000000,78.75563194,0.00000000,271.54420081,0.00000000,137.53366923,0.00000000,34.58660093,0.00000000,107.90474531,0.00000000,486.52866803,721.57394479,0.00000000,75.07750426,1644.85537018,0.00000000,48.38561901,56.30236987,0.00000000,0.00000000,50.11109955,17.34961694,0.00000000,2.92329323,0.00000000
0.00000000,0.00000000,14.91146177,0.00000000,1.57992101,0.00000000,23.83642604,0.00000000,3.10191258,3.02244930,0.00000000,0.00000000,0.30262802,0.00000000,2.31259502,0.00000000,0.00000000,0.00000000,0.01248554,0.00000000,18.76932150,0.00000000,0.00000000,0.00000000,58.67965930,0.00000000,19.40445172,0.00000000,1.83109282,0.00000000,0.00000000,0.00000000,0.02629227,0.00000000,0.00000000,0.00000000,0.00000000,0.00000000,0.00000000,0.00000000,0.15071872,0.00000000,9.61978774,0.00000000,18.97379381,0.00000000,0.00000000,0.00000000,8.01615897,0.00000000,32.85003569,0.00000000,130.38045825,0.00000000,103.45258585,0.00000000,161.58751428,0.00000000,67.07321023,0.00000000,21.59974816,0.00000000,53.16216304,0.00000000,0.00000000,0.00000000,0.00000000,0.00000000,0.00000000,0.00000000,0.00000000,0.00000000,0.94090361,0.00000000,0.00000000,0.00000000,0.00000000,0.00000000,2.86446074,0.00000000,0.00000000,0.00000000,0.90868182,0.00000000,0.00000000,3.38040366,0.00000000,0.00000000,0.00000000,0.00000000,0.00000000,0.00000000,0.88020793,0.00000000,0.00000000,0.00000000,0.00000000,0.00000000,0.00000000,0.00000000,0.00000000,0.00000000,0.00000000,0.00000000,0.00000000,0.00000000,0.00000000,0.00000000,0.00000000,0.00000000,0.00000000,0.00000000,0.00000000,0.00000000,0.00000000,0.00000000,0.00000000,0.00000000,0.00000000,0.00000000,0.00000000,0.00000000,0.00000000,0.00000000,0.00000000,0.00000000,0.00000000,0.00000000,0.00000000,0.00000000,0.00000000,0.00000000,0.00000000,0.00000000,0.00000000,0.00000000,0.00000000,0.00000000,0.00000000,0.00000000,1.13153249,0.00000000,0.00000000,0.00000000,19.79098025,0.00000000,0.00000000,0.00000000,0.40687393,0.00000000,4.58882942,0.00000000,0.00000000,0.00000000,65.69517128,0.02150877,0.00000000,0.00000000,20.99036880,0.00000000,142.33530540,0.00000000,0.00000000,0.00000000,7.34179790,0.00000000,17.18092830,0.00000000,7.21571380,0.00000000,1.46791316,0.00000000,33.44676291,0.00000000,0.00000000,0.00000000,5.89935475,0.00000000,6.53634011,0.00000000,0.00000000,3.86775483,3.19887588,0.00000000,10.90877693,0.00000000,2.82306568,0.00000000,0.00000000,0.00000000,0.00000000,0.00000000,0.00000000,0.00000000,0.00000000,0.00000000,0.00000000,0.00000000,0.02516671,0.00000000,0.00000000,0.00000000,0.00000000,0.00000000,3.39703995,0.00000000,0.00000000,0.00000000,9.69194067,0.00000000,49.75719161,108.93600704,75.07750426,0.00000000,183.53595341,5.02779285,8.40762446,9.67740840,8.51386142,0.00000000,6.89940850,1.73543869,0.00000000,0.00000000,0.00000000
143.80486111,192.97918959,129.37801471,69.48715002,113.66377804,46.67722222,255.66530893,343.19595631,84.92431928,81.17348132,35.94045856,23.84663270,9.02696579,0.17884926,9.22422943,15.62889312,2.95041499,0.00000000,0.00000000,4.09841315,18.94800130,16.41397562,49.95971393,5.54127742,255.15532005,63.29486797,1.47830840,0.00000000,0.00000000,0.00000000,1.86811484,2.10384535,0.00000000,0.00000000,0.00000000,0.00000000,0.00000000,0.00000000,0.00000000,4.29576288,0.00000000,0.00000000,12.81587459,14.49093777,16.65562102,4.82758743,0.00000000,0.00000000,40.49730888,0.00000000,0.98534528,2.63715057,100.69055662,21.79750503,188.13892698,101.13815189,446.40702398,138.41438903,350.70415993,506.18929218,3.09335711,21.97686553,68.63149000,0.22406918,0.00000000,0.00000000,37.46672530,36.22630731,3.11185402,0.00000000,0.00000000,10.03596102,16.46005247,11.15343297,0.00000000,0.00100860,0.32580491,2.15611853,11.91238519,0.00000000,0.00000000,8.62297581,11.93403612,18.61986959,0.00000000,0.00000000,0.21958641,12.75553411,1.55900938,1.52206134,0.00000000,14.30634851,4.79243125,4.11436042,0.00000000,8.18142435,0.00000000,0.00000000,0.00000000,0.00000000,5.16024536,15.51336313,6.16294022,16.40173798,0.00000000,0.00000000,0.00000000,0.00000000,0.00000000,2.32103989,0.00000000,0.27025126,0.00000000,0.00000000,0.00000000,2.88375922,0.00000000,0.00000000,0.00000000,0.00000000,0.00000000,0.00000000,0.00000000,0.00000000,87.50364845,42.69762576,4.16637481,45.63905796,65.85262989,4.00124133,247.83257649,141.23207183,2.23341171,7.86687638,11.01828880,14.42102017,9.38053894,12.35897734,41.58807547,2.82859698,18.90284614,6.78845633,0.00000000,0.00000000,19.45731227,4.33798338,0.36464140,0.00000000,41.84961902,49.50313035,137.89753183,19.31937203,8.06178040,18.27927142,101.26727766,91.24773541,0.00000000,4.61564575,41.45783122,36.87579639,810.50148962,487.15805890,29.21714674,33.98709696,0.00000000,5.02275337,7.50771867,7.94363602,19.68108818,2.05321057,64.18015730,22.36350723,33.42838956,22.74497178,0.00000000,9.59214238,2.43324593,70.29281862,8.39019947,13.03193996,32.64186289,36.38979363,1.75608656,28.11671097,14.93463950,5.27872196,0.00000000,2.90231588,0.00000000,25.53170730,0.01193632,1.70307815,7.20901564,1.35052983,0.00000000,0.00000000,1.60611963,18.54699317,44.67463856,22.13637084,2.00752520,3.49665762,93.61171877,41.82554391,2.48484037,10.48477551,26.26915708,28.94473539,40.02563441,18.45731942,658.02680787,787.07808578,1644.85537018,183.53595341,0.00000000,5.31038382,40.33580480,20.07787831,672.51787283,1149.27485559,1549.50367074,238.31113776,0.00000000,38.15248198,20.89814928
0.00000000,0.00000000,0.00000000,0.00000000,14.44557776,0.00000000,0.00000000,0.00000000,0.00000000,0.00000000,0.00000000,0.00000000,0.12440221,0.00000000,0.00000000,0.00000000,0.00000000,0.00000000,0.00000000,0.00000000,0.00000000,0.00000000,0.00000000,0.00000000,0.00000000,0.00000000,0.00000000,0.00000000,0.00000000,0.00000000,0.00000000,0.00000000,0.00000000,0.00000000,0.00000000,0.00000000,0.00000000,0.00000000,0.00000000,0.00000000,0.00000000,0.00000000,0.00000000,0.00000000,0.00000000,0.00000000,0.00000000,0.00000000,2.07409512,0.00000000,0.00000000,0.00000000,0.00000000,0.00000000,0.00000000,0.00000000,0.00000000,0.00000000,0.00000000,0.00000000,0.00000000,0.00000000,0.00000000,0.00000000,0.00000000,0.00000000,0.00000000,0.00000000,65.32074063,0.00000000,0.00000000,0.00000000,0.00000000,0.00000000,0.00000000,0.00000000,1.87045845,0.00000000,3.71991741,0.00000000,7.88384450,0.00000000,44.81256722,0.00000000,1.68453276,0.00000000,3.25409226,0.00000000,0.04209091,0.00000000,0.00000000,0.00000000,18.01223512,0.00000000,3.00114488,0.00000000,1.47076495,0.00000000,7.68895610,0.00000000,15.68669910,0.00000000,86.65936612,0.00000000,29.64079930,0.00000000,12.93488585,0.00000000,5.90769062,0.00000000,31.87906494,0.00000000,13.95846446,0.00000000,135.07334392,0.00000000,0.00000000,0.00000000,36.09364214,0.00000000,0.00000000,0.00000000,0.00000000,0.00000000,0.00000000,0.00000000,0.00000000,0.00000000,0.00000000,0.00000000,0.00000000,0.00000000,0.00000000,0.00000000,4.73960451,0.00000000,0.00000000,0.00000000,10.96463079,0.00000000,0.00000000,0.00000000,0.00000000,0.00000000,6.52601806,0.00000000,0.00000000,0.00000000,0.00000000,0.00000000,5.43592351,3.19609072,1.34834833,0.00000000,0.00000000,0.00000000,0.00000000,0.00000000,0.00000000,0.00000000,0.00000000,0.00000000,0.00000000,0.00000000,0.00000000,0.00000000,0.00000000,0.00000000,0.00000000,0.00000000,0.00000000,0.00000000,0.00000000,0.00000000,6.92145016,0.00000000,0.00000000,0.00000000,0.71325027,0.00000000,34.27550789,0.00000000,0.00000000,0.00000000,0.00000000,0.00000000,0.00000000,0.00000000,2.95722058,1.58265109,9.43003739,1.74310841,1.23971536,13.02915455,64.48215579,0.00000000,45.80069849,5.73891563,0.68558215,0.00000000,0.00000000,0.00000000,15.99278467,9.79230823,0.00000000,0.00000000,1.94468644,4.22947867,1.74865470,0.00000000,31.35513032,0.00000000,0.00000000,5.02779285,5.31038382,0.00000000,25.11936621,0.00000000,0.00000000,0.00000000,0.00000000,0.00000000,0.00000000,0.00000000,0.00000000
0.00000000,0.00000000,1.22345204,0.00000000,6.70701314,0.00000000,10.64959496,0.00000000,0.00000000,0.00000000,0.00000000,0.00000000,0.00000000,0.00000000,0.00000000,0.00000000,0.00000000,0.00000000,0.00000000,0.00000000,0.00000000,0.00000000,0.00000000,0.00000000,3.39766839,0.00000000,0.00000000,0.00000000,0.00000000,0.00000000,0.00000000,0.00000000,0.00000000,0.00000000,0.00000000,0.00000000,0.00000000,0.00000000,0.00000000,0.00000000,0.00000000,0.00000000,0.00000000,0.00000000,0.00000000,0.00000000,0.00000000,0.00000000,3.45245375,0.00000000,0.85932804,0.00000000,1.02693888,0.00000000,16.07779138,0.00000000,35.79160230,0.00000000,0.00000000,0.00000000,0.00000000,0.00000000,10.25594179,0.00000000,0.00000000,0.00000000,0.00000000,0.00000000,107.00410186,0.00000000,0.00000000,0.00000000,0.00000000,0.00000000,0.00000000,0.00000000,17.56285714,0.00000000,2.73886086,0.00000000,0.00000000,0.00000000,6.83984535,0.00000000,0.00000000,0.00000000,0.00000000,0.00000000,1.79158992,0.00000000,0.00000000,0.00000000,23.39633972,0.00000000,0.00000000,0.00000000,0.00000000,4.33010847,0.00000000,0.00000000,3.20494598,0.00000000,79.08143195,0.00000000,1.51132385,0.00000000,0.00000000,0.00000000,10.58940133,0.00000000,0.83402805,0.00000000,0.00000000,0.00000000,0.00000000,0.00000000,0.00000000,0.00000000,0.00000000,0.00000000,0.00000000,0.00000000,0.00000000,0.00000000,0.00000000,0.00000000,0.00000000,0.00000000,0.61142648,0.00000000,0.00000000,0.00000000,0.00000000,0.00000000,2.01744377,0.00000000,0.00000000,0.00000000,0.00000000,0.00000000,0.00000000,0.00000000,0.00000000,0.00000000,0.00000000,0.00000000,0.00000000,0.00000000,0.00000000,0.00000000,11.61681437,0.00000000,0.00000000,0.00000000,12.06334671,0.00000000,1.69789542,0.00000000,0.03386340,0.00000000,29.20114986,0.00000000,0.00000000,0.00000000,2.69047853,0.00000000,5.12450010,0.00000000,0.00000000,0.00000000,3.36022656,0.00000000,16.83204594,0.00000000,0.00000000,0.00000000,0.00000000,0.00000000,0.00000000,0.00000000,0.00000000,0.23914729,0.00000000,0.00000000,0.00000000,0.00000000,0.00000000,0.00000000,7.37973637,0.00000000,3.00086182,0.00000000,0.17749878,0.00000000,1.96724324,0.00000000,9.86029081,0.00000000,14.08383513,0.00000000,18.95377096,0.00000000,46.92129658,0.00000000,0.00000000,0.00000000,0.00000000,0.00000000,7.72111695,0.00000000,102.87697462,54.56085792,48.38561901,8.40762446,40.33580480,25.11936621,0.00000000,42.54665635,4.75288576,0.00000000,0.00000000,0.00000000,0.00000000,0.00000000,0.00000000
0.00000000,0.00000000,0.00000000,0.00000000,0.00000000,0.00000000,0.00000000,0.00000000,0.00000000,0.00000000,0.00000000,0.00000000,0.28668656,0.00000000,0.00000000,0.00000000,0.00000000,0.00000000,0.00000000,0.00000000,0.00000000,0.00000000,0.00000000,0.00000000,0.00000000,0.00000000,16.57911395,0.00000000,0.00000000,0.00000000,0.00000000,0.00000000,0.00000000,0.00000000,0.18873004,0.00000000,0.00000000,0.00000000,0.00000000,0.00000000,10.28286102,0.00000000,30.20865994,0.00000000,58.32879418,0.00000000,50.14440574,4.93338250,42.79997413,7.44558092,4.59729156,0.00000000,0.00000000,0.00000000,0.00000000,0.00000000,0.00000000,0.00000000,0.00000000,0.00000000,0.00000000,0.00000000,0.00000000,0.00000000,0.00000000,0.00000000,0.00000000,0.00000000,2.59551995,0.00000000,0.00000000,0.00000000,0.00000000,0.00000000,0.00000000,0.00000000,0.00000000,0.00000000,0.00000000,0.00000000,0.84078134,0.00000000,1.55143046,0.00000000,0.00000000,0.00000000,0.00000000,0.00000000,5.43835522,0.00000000,0.00000000,0.00000000,7.53908539,0.00000000,15.12093799,0.00000000,7.27290180,0.00000000,0.00000000,0.00000000,6.80960117,0.00000000,32.78545781,0.00000000,0.00000000,0.00000000,7.89099312,0.00000000,0.00000000,0.00000000,0.00000000,0.00000000,0.00000000,0.00000000,0.00000000,0.00000000,0.00000000,0.00000000,0.00000000,0.00000000,0.00000000,0.00000000,0.00000000,0.00000000,0.00000000,0.00000000,0.00000000,0.00000000,0.00000000,0.00000000,0.00000000,5.16875551,0.00000000,0.00000000,0.00000000,0.00000000,0.00000000,0.00000000,0.00000000,0.00000000,0.00000000,0.00000000,0.00000000,0.00000000,0.00000000,0.00000000,0.00000000,0.00000000,0.00000000,0.00000000,1.84269102,0.00000000,0.00000000,1.75945714,0.00000000,0.00000000,0.00000000,0.00000000,0.00000000,0.00000000,0.00000000,0.00000000,0.00000000,0.00000000,0.45111352,0.00000000,5.70681150,0.00000000,0.00000000,0.00000000,0.00000000,0.00000000,0.00000000,0.00000000,0.00000000,0.00000000,0.67582982,0.00000000,0.00000000,0.00000000,0.00000000,0.00000000,0.00000000,0.00000000,0.00000000,0.00000000,28.80514767,0.00000000,0.00000000,0.00000000,2.18218395,0.00000000,5.73870646,0.00000000,0.00000000,0.00000000,4.37803561,0.00000000,0.00000000,0.00000000,2.25154604,0.00000000,0.00000000,0.00000000,0.00000000,0.00000000,0.00000000,0.00000000,0.00000000,0.00000000,17.01283371,5.03267937,56.30236987,9.67740840,20.07787831,0.00000000,42.54665635,0.00000000,0.00000000,0.00000000,14.93885525,1.27030902,0.00000000,0.00000000,0.00000000
0.00000000,424.51358252,0.00000000,58.61245568,0.00000000,86.57079012,0.00000000,425.36878787,0.00000000,264.65644542,3.05723444,99.69683522,0.00000000,0.00000000,0.01812873,106.48826341,0.00000000,7.07694460,3.02233316,38.02123959,0.00000000,47.54037020,3.33260244,76.50062522,0.00000000,200.99096064,0.00000000,22.77998951,0.00000000,0.00000000,0.00000000,4.62983051,0.00000000,3.14213955,0.00000000,13.71811638,0.00000000,8.51561673,0.00000000,0.00000000,0.00000000,0.00000000,0.00000000,43.87974611,0.00000000,52.70459897,0.00000000,0.00000000,0.00000000,17.36632487,0.00000000,39.52680847,0.00000000,40.47140971,11.48079413,225.04951648,1.42287051,212.68319515,0.01176642,875.73975029,0.00000000,30.70786380,0.00000000,22.26070087,1.00247796,36.00834512,0.00000000,75.29158491,0.00000000,18.69678634,2.29196276,40.14687507,0.00000000,154.02293814,0.00000000,111.26291365,0.00000000,26.53128247,0.00000000,19.75019719,0.00000000,134.24157439,0.00000000,159.47991244,0.00000000,9.28289301,0.00000000,98.65684826,0.00000000,19.95211500,2.12767000,0.00000000,0.00000000,85.57125613,0.00000000,137.21169529,0.00000000,3.29581837,0.00000000,9.83890663,0.00000000,75.63124774,0.00000000,38.45178437,0.00000000,0.00000000,0.00000000,0.00000000,0.00000000,1.91752613,0.00000000,0.00000000,0.00000000,20.08341428,0.00000000,0.00000000,0.00000000,0.00000000,0.00000000,1.51991299,0.16059395,4.99875722,0.00000000,11.75983633,0.97777337,110.39390313,0.33980170,115.70067103,6.13200155,19.66784028,7.75144675,159.63484918,0.00000000,14.83279637,0.00000000,113.01380113,2.10090926,80.77224430,0.00000000,21.47549548,0.00000000,15.50251540,0.00000000,3.23431186,0.00000000,21.08558762,0.00000000,33.46954904,0.00000000,96.18266713,0.00000000,50.28027130,0.00000000,29.25474033,0.00000000,82.68738691,0.00000000,41.09797766,0.00000000,41.87230755,0.39411813,590.21937794,0.00000000,16.07982609,0.00000000,6.08346654,0.00000000,10.24005756,0.00000000,20.35437775,0.00000000,48.93699104,0.00000000,16.02295090,0.00000000,36.82713403,12.95844010,226.21185246,0.00000000,80.62196449,14.07031580,67.20741878,0.00000000,70.32794902,0.00000000,9.79401552,0.00000000,5.21280622,0.00000000,72.58544492,0.00000000,1.89806389,0.00000000,9.29442278,0.00000000,12.51205066,2.51795090,22.38545110,0.00000000,98.49753986,0.00000000,19.94613208,3.21564621,116.58052567,0.00000000,23.66290410,0.00000000,21.81781700,7.13965130,97.06750611,1.44332913,0.40761088,0.00000000,8.51386142,672.51787283,0.00000000,4.75288576,0.00000000,0.00000000,1187.76095633,425.79467989,54.99423736,152.11165318,52.48927356,10.25273528
0.00000000,105.10082141,0.34085933,17.85822131,0.00000000,75.09335368,0.00000000,48.63259516,0.00000000,53.87958295,0.00000000,60.00100806,0.00000000,77.06981168,0.00000000,79.47121153,0.00000000,18.93170152,0.00000000,82.14684478,0.00000000,111.62555512,0.00000000,98.41528196,0.00000000,72.44994132,0.00000000,224.87499219,0.00000000,0.00000000,0.00000000,14.40880451,0.00000000,35.75442812,0.00000000,54.96288349,0.00000000,106.87163323,0.00000000,31.13864287,0.00000000,9.04456015,0.00000000,59.81931541,0.00000000,76.24438691,0.00000000,85.94630877,1.70490150,13.98542202,0.00000000,52.34220973,0.00000000,222.77835808,0.00000000,139.74456059,0.00000000,56.06135987,0.00000000,216.95311937,0.00000000,89.72434907,0.00000000,167.38580063,0.00000000,22.41009066,0.00000000,92.30847360,0.00000000,21.97587574,0.00000000,8.94172725,0.00000000,0.00000000,0.00000000,5.54655746,0.00000000,3.81316321,0.00000000,0.00000000,0.00000000,10.47213881,0.00000000,10.24788332,0.00000000,1.86164671,0.00000000,15.79740642,0.00000000,21.64913775,0.00000000,0.00000000,0.00000000,50.07385267,0.00000000,51.27970214,0.00000000,0.00000000,0.00000000,1.32760736,0.00000000,18.02175295,0.00000000,47.38871359,0.00000000,11.27920746,0.00000000,3.69129020,0.00000000,0.00000000,0.00000000,0.00000000,0.00000000,0.00000000,0.00000000,0.00000000,0.00000000,0.00000000,0.00000000,0.00000000,0.00000000,0.00000000,0.00000000,0.00000000,0.00000000,0.12238205,0.00000000,0.00000000,0.00000000,0.00000000,0.00000000,0.00000000,0.00000000,0.00000000,0.00000000,0.00000000,0.00000000,0.00000000,0.93622584,0.00000000,0.00000000,3.61516159,0.00000000,0.00000000,0.00000000,14.62500831,0.00000000,0.00000000,0.00000000,0.00000000,0.00000000,0.00000000,0.00000000,0.00000000,0.00000000,39.88181164,0.00000000,51.44035134,0.00000000,0.00000000,2.32400536,89.34510619,0.00000000,44.34037540,0.00000000,61.44577704,0.00000000,0.00000000,0.00000000,114.37172978,0.00000000,72.42213545,0.00000000,97.92387989,0.00000000,5.09589909,0.00000000,60.14476864,0.00000000,21.55836299,0.00000000,3.51496684,1.34286015,23.42255893,0.00000000,5.66164377,0.00000000,12.75576425,0.00000000,29.49122881,0.00000000,0.00000000,0.00000000,0.00000000,0.00000000,64.35078847,0.00000000,14.41205541,0.00000000,10.37419764,0.00000000,18.90034138,0.00000000,0.00000000,0.00000000,0.00000000,0.00000000,0.00000000,0.00000000,0.00000000,0.42640311,1.29379997,0.00000000,0.00000000,1149.27485559,0.00000000,0.00000000,0.00000000,1187.76095633,0.00000000,320.41433420,73.92826647,28.74836565,65.25946208,0.00000000
8.60059056,171.80298657,0.00000000,63.41567587,0.00000000,142.95213029,1.74528928,227.97933090,0.00000000,74.26836704,20.03361181,131.19179967,11.66445002,155.47993369,0.00000000,49.60212720,0.00000000,37.10513941,0.00000000,31.91684884,0.00000000,115.04599708,2.88386796,49.36002546,0.00000000,108.65514672,12.49774825,149.39103561,0.00000000,0.00000000,0.00000000,19.47820297,0.00000000,9.17566036,0.00000000,51.91812353,0.00000000,77.04733893,0.00000000,26.20187850,0.00000000,0.00000000,0.00000000,103.75059329,0.00000000,115.30006645,0.00000000,1.76889051,6.26961199,28.83748979,0.00000000,74.77435205,0.00000000,17.17890147,0.00000000,165.16751656,7.05587451,227.44504790,0.00000000,371.91668691,0.00000000,94.25013990,0.17289395,20.87802378,0.00000000,0.00000000,0.00000000,11.97006166,0.00000000,88.89882086,0.00000000,13.58817651,0.00000000,23.29982128,0.00000000,19.42328707,0.00000000,48.22684000,0.00000000,0.40533614,0.00000000,20.78356782,0.00000000,72.97084229,0.00000000,3.65810947,0.00000000,51.11217470,0.00000000,40.65555711,0.00000000,0.00000000,0.00000000,105.92773682,0.00000000,45.93165477,0.00000000,0.00000000,0.00000000,0.00000000,0.00000000,25.51146607,1.51148454,100.29399045,0.00000000,30.03160308,2.23208611,13.54203355,0.00000000,8.35065389,0.00000000,0.00000000,0.00000000,0.00000000,0.00000000,0.00000000,0.00000000,3.42717689,0.00000000,0.00000000,5.78703821,3.82152843,0.00000000,4.26140373,2.64881471,106.23236452,0.00000000,69.00690630,0.00000000,44.77704657,13.13228570,140.90716771,0.00000000,0.00000000,0.00000000,114.91483583,0.00000000,89.17636220,0.00000000,10.79575972,0.00000000,14.61911313,0.00000000,0.00000000,0.11386862,32.45321308,0.00000000,2.96768212,6.28692391,48.79755860,2.42883586,45.75670655,0.00000000,17.06380799,0.00000000,158.64285936,0.00000000,75.57127483,0.00000000,64.03185768,0.00000000,415.18871595,0.00000000,204.07624017,0.00000000,77.36423238,0.00000000,12.79628793,0.00000000,53.38843945,0.00000000,115.49305321,7.30319209,22.37523593,0.00000000,13.76548844,5.98773018,112.06672604,0.30967488,51.15147679,3.55952099,30.39048251,0.00000000,45.59487380,0.00000000,11.96776094,0.00000000,12.92370472,0.00000000,248.68213487,0.00000000,0.00000000,0.00000000,8.24397666,0.00000000,56.47155724,0.00000000,45.66019949,0.00000000,141.15091583,0.00000000,51.21604815,0.00000000,216.14242887,0.00000000,100.95760301,0.00000000,0.00000000,0.44760445,76.43444009,5.52013202,0.00000000,50.11109955,6.89940850,1549.50367074,0.00000000,0.00000000,14.93885525,425.79467989,320.41433420,0.00000000,150.08153317,21.09293105,135.12204637,13.61571613
0.00000000,7.94970868,0.00000000,0.00000000,0.00000000,0.00000000,0.00000000,1.66040049,0.00000000,0.00000000,0.00000000,0.00000000,0.00000000,0.00000000,0.00000000,3.24776917,0.00000000,0.00000000,0.00000000,0.00000000,0.00000000,0.00000000,0.00000000,2.38570373,0.00000000,11.80247176,0.00000000,6.96885551,0.00000000,0.00000000,0.00000000,1.09102443,0.00000000,0.00000000,0.00000000,0.00000000,0.00000000,13.97073464,0.00000000,0.00000000,0.00000000,0.00000000,0.00000000,0.00000000,0.00000000,4.85596866,0.00000000,0.00000000,0.00000000,0.00000000,0.00000000,0.00000000,0.00000000,16.46414044,0.00000000,34.61793423,0.00000000,18.54380901,0.00000000,101.39137365,0.00000000,17.02925791,0.00000000,3.61774734,0.00000000,0.00000000,0.00000000,0.00000000,0.00000000,0.00000000,0.00000000,0.00000000,0.00000000,2.74932801,0.00000000,0.00000000,0.00000000,0.00000000,0.00000000,0.00000000,0.00000000,0.00000000,0.00000000,0.00000000,0.00000000,0.00000000,0.00000000,0.00000000,0.00000000,0.00000000,0.00000000,0.00000000,0.00000000,0.00000000,0.00000000,0.00000000,0.00000000,0.00000000,0.00000000,0.00000000,0.00000000,4.81910398,0.00000000,4.30146562,0.00000000,0.00000000,0.00000000,0.00000000,0.00000000,0.00000000,0.00000000,0.00000000,0.00000000,0.00000000,0.00000000,0.00000000,0.00000000,0.00000000,0.00000000,0.00000000,0.00000000,0.00000000,0.00000000,1.87231263,0.00000000,0.00000000,0.00000000,0.00000000,0.00000000,0.00000000,0.00000000,0.15269444,0.00000000,0.00000000,0.00000000,14.12050326,0.00000000,0.00000000,0.00000000,0.00000000,1.89432426,0.00000000,0.00000000,0.01200342,0.00000000,7.01077026,0.00000000,0.00000000,0.00000000,0.00000000,0.00000000,9.72452127,0.00000000,0.00000000,0.00000000,73.37329923,0.00000000,8.63418857,0.00000000,0.00000000,0.00000000,111.22776062,0.00000000,19.61612839,0.00000000,9.55614165,0.00000000,2.56930608,0.00000000,7.37387909,0.00000000,14.26228140,0.00000000,47.01726276,0.00000000,0.00000000,0.00000000,0.00000000,0.00000000,0.00000000,0.00000000,13.25081987,0.00000000,0.00000000,0.00000000,9.65247712,0.00000000,0.95845581,0.00000000,0.00000000,0.00000000,0.00000000,0.00000000,0.00000000,0.00000000,0.00000000,0.00000000,0.00000000,0.00000000,0.00000000,0.00000000,0.00000000,0.00000000,0.00000000,0.00000000,0.00000000,0.00000000,0.00000000,0.00000000,0.00000000,0.00000000,1.46649659,17.34961694,1.73543869,238.31113776,0.00000000,0.00000000,1.27030902,54.99423736,73.92826647,150.08153317,0.00000000,3.62256703,1.25876372,0.00000000
0.00000000,4.94865757,0.00000000,0.00000000,0.00000000,3.92164541,0.00000000,0.00000000,0.00000000,0.00000000,0.00000000,5.71383350,0.00000000,10.59009745,0.00000000,0.00000000,0.00000000,0.00000000,0.00000000,0.00000000,0.00000000,1.46355477,0.00000000,0.00000000,0.00000000,0.00000000,0.00000000,12.77747322,0.00000000,0.00000000,0.00000000,0.00000000,0.00000000,0.00000000,0.00000000,0.00000000,0.00000000,1.70782064,0.00000000,0.00000000,0.00000000,0.00000000,0.00000000,0.00000000,0.00000000,0.00000000,0.00000000,0.00000000,0.00000000,0.00000000,0.00000000,0.00000000,0.00000000,0.00000000,0.00000000,0.00000000,0.00000000,5.51929601,0.00000000,23.97404929,0.00000000,0.00000000,0.00000000,0.00000000,0.00000000,0.00000000,0.00000000,3.83359579,0.00000000,21.19979177,0.00000000,0.00000000,0.00000000,0.00000000,0.00000000,0.00000000,0.00000000,14.74133853,0.00000000,0.00000000,0.00000000,11.94245566,0.00000000,13.21212459,0.00000000,0.00000000,0.00000000,7.86537298,0.00000000,26.74259340,0.00000000,6.23458201,0.00000000,64.30821891,0.00000000,19.36156554,0.00000000,0.00000000,0.00000000,3.06796837,0.00000000,20.96345928,0.00000000,105.81045633,0.00000000,1.40717118,0.00000000,17.13957254,0.00000000,26.89007146,0.00000000,49.16440016,0.00000000,77.87260137,0.00000000,41.89679385,0.00000000,17.55520047,0.00000000,7.89685135,0.00000000,0.00000000,0.00000000,0.00000000,0.00000000,0.00000000,0.00000000,0.00000000,0.00000000,0.00000000,0.00000000,0.00000000,0.00000000,0.00000000,0.00000000,0.00000000,0.00000000,0.00257747,0.00000000,0.00000000,0.00000000,0.98273086,0.00000000,0.00000000,0.00000000,0.00000000,0.00000000,0.00000000,0.00000000,0.00000000,0.00000000,35.91792413,0.00000000,0.19602675,0.00000000,0.00000000,0.00000000,0.00000000,0.00000000,11.28842708,0.00000000,24.43742018,0.00000000,0.00000000,0.00000000,0.00000000,0.00000000,0.00000000,0.00000000,0.00000000,0.00000000,0.00000000,0.00000000,0.00000000,0.00000000,1.07972324,0.00000000,0.00000000,0.00000000,16.06101428,3.42065010,38.58368065,0.00000000,0.00000000,0.00000000,4.44489990,0.00000000,0.00000000,0.00000000,28.87480396,0.00000000,7.57036469,3.52358070,0.00000000,0.00000000,47.10039835,7.97792025,36.54129768,0.00000000,0.00000000,0.00000000,3.11105788,0.47110442,2.87900485,0.00000000,0.00000000,0.00000000,0.48510360,0.00000000,0.00000000,0.00000000,0.00000000,0.00000000,0.00000000,0.00000000,0.00000000,0.00000000,0.00000000,152.11165318,28.74836565,21.09293105,3.62256703,0.00000000,4.58629893,5.38752907
0.00000000,6.41913688,0.00000000,0.00000000,0.00000000,0.08614426,0.00000000,0.00000000,0.00000000,0.00000000,0.00000000,0.00000000,0.00000000,0.00000000,0.00000000,0.00000000,1.75202567,0.00000000,0.00000000,0.00000000,0.00000000,0.00000000,0.00000000,0.00000000,0.00000000,2.74108462,0.00000000,0.00000000,0.00000000,0.00000000,0.00000000,0.00000000,0.00000000,0.00000000,0.00000000,0.00000000,0.00000000,4.61892161,0.00000000,0.00000000,0.00000000,0.00000000,0.00000000,0.00000000,0.00000000,0.00000000,0.00000000,0.00000000,0.00000000,0.00000000,0.00000000,0.17419412,0.00000000,3.87580547,0.00000000,45.85398111,0.00000000,0.00000000,0.00000000,18.18678579,0.00000000,10.67962962,0.00000000,2.23924589,0.00000000,0.00000000,0.00000000,0.00000000,0.00000000,138.98744371,0.00000000,0.00000000,0.00000000,0.00000000,0.00000000,1.83630447,0.00000000,0.00000000,0.00000000,0.00000000,0.00000000,0.00000000,0.00000000,0.00000000,0.00000000,0.00000000,0.00000000,0.00000000,0.00000000,7.30725661,0.00000000,0.00000000,0.00000000,50.67219652,0.00000000,2.24311966,0.00000000,0.00000000,0.00000000,0.00000000,0.00000000,7.59728155,0.00000000,64.50877616,0.00000000,0.00000000,0.00000000,0.00000000,0.00000000,2.49814189,0.00000000,0.00000000,0.00000000,0.00000000,0.00000000,0.00000000,0.00000000,2.80812736,0.00000000,0.00000000,0.00000000,0.00000000,0.00000000,0.00000000,0.00000000,1.58612870,2.61220522,5.12173529,0.00000000,0.00000000,0.00000000,1.78617153,0.00000000,4.12399660,0.00000000,10.70262682,0.00000000,6.35701181,0.00000000,0.37836120,0.00000000,0.00000000,0.00000000,0.00000000,0.00000000,0.00000000,0.00000000,5.77634722,0.00000000,2.07210401,0.00000000,0.00000000,0.00000000,3.41985026,0.00000000,12.44978616,0.00000000,0.00000000,0.00000000,0.00000000,0.00000000,6.31478892,0.00000000,2.27200055,0.00000000,2.21827280,0.00000000,4.75533443,0.00000000,0.00000000,0.00000000,2.40818374,0.00000000,6.97038483,0.00000000,2.76892609,0.00000000,0.00000000,0.00000000,0.00000000,0.00000000,0.00000000,0.00000000,3.33843746,0.00000000,0.00000000,0.00000000,0.00000000,0.00000000,26.48447133,0.00000000,10.32004212,0.00000000,4.42883985,0.00000000,7.91451140,0.00000000,0.00000000,0.00000000,5.98437791,0.00000000,0.00000000,0.00000000,9.53830838,0.00000000,11.84781587,0.00000000,3.97323959,0.00000000,0.00000000,0.00000000,0.00000000,2.92329323,0.00000000,38.15248198,0.00000000,0.00000000,0.00000000,52.48927356,65.25946208,135.12204637,1.25876372,4.58629893,0.00000000,0.00000000
0.00000000,0.00000000,0.00000000,0.00000000,0.00000000,0.00000000,0.00000000,0.00000000,0.00000000,0.00000000,0.00000000,0.00000000,0.00000000,0.00000000,0.00000000,0.00000000,0.00000000,0.00000000,0.00000000,0.00000000,0.00000000,0.00000000,0.00000000,0.00000000,0.00000000,0.00000000,0.00000000,0.00000000,0.00000000,0.00000000,0.00000000,0.00000000,0.00000000,0.00000000,0.00000000,0.00000000,0.00000000,0.00000000,0.00000000,0.00000000,0.00000000,12.40219885,0.00000000,0.00000000,0.00000000,133.76398014,0.00000000,61.93904698,0.00000000,14.41064928,0.00000000,0.00000000,0.00000000,0.00000000,0.00000000,0.00000000,0.00000000,0.00000000,0.00000000,0.00000000,0.00000000,0.00000000,0.00000000,0.00000000,0.00000000,0.00000000,0.00000000,0.00000000,0.00000000,9.67743288,0.00000000,0.00000000,0.00000000,0.00000000,0.00000000,0.00000000,0.00000000,0.00000000,0.00000000,0.00000000,0.00000000,0.00000000,0.00000000,0.00000000,0.00000000,0.00000000,0.00000000,0.00000000,0.00000000,12.66930342,0.00000000,0.48318090,0.00000000,7.14429868,0.00000000,0.00000000,0.00000000,0.00000000,0.00000000,0.00000000,0.00000000,1.75504516,0.00000000,8.92034124,0.00000000,0.00000000,0.00000000,0.00060798,0.00000000,0.00000000,0.00000000,0.00000000,0.00000000,0.00000000,0.00000000,0.00000000,0.00000000,0.00000000,0.00000000,0.00000000,0.00000000,0.00000000,0.00000000,0.00000000,0.00000000,0.00000000,0.00000000,0.00000000,0.00000000,0.00000000,0.00000000,0.00000000,0.00000000,0.00000000,0.00000000,10.08871707,0.00000000,0.00000000,0.00000000,0.00000000,0.00000000,0.00000000,0.00000000,0.00000000,0.00000000,0.00000000,0.00000000,0.00000000,0.00000000,0.00000000,0.00000000,0.00000000,0.00000000,0.00000000,0.00000000,0.00000000,0.00000000,0.00000000,0.00000000,0.00000000,0.00000000,0.00000000,0.00000000,3.73284185,0.00000000,0.00000000,0.00000000,0.00000000,0.00000000,0.00000000,0.00000000,0.00000000,0.00000000,0.00000000,0.00000000,0.00000000,0.00000000,4.68972661,0.00000000,0.00000000,0.00000000,0.07150821,0.00000000,0.00000000,0.00000000,0.00000000,0.00000000,0.00000000,0.00000000,0.61073205,0.00000000,0.00000000,0.00000000,2.97493744,0.00000000,11.48598308,0.00000000,0.00000000,0.00000000,5.46786109,0.00000000,0.00000000,0.00000000,0.00000000,0.00000000,8.28512454,0.00000000,0.00000000,0.00000000,0.00000000,0.00000000,0.00000000,0.00000000,0.00000000,20.89814928,0.00000000,0.00000000,0.00000000,10.25273528,0.00000000,13.61571613,0.00000000,5.38752907,0.00000000,0.00000000
