0,253,54,121,59,0,38,83,42,0,117,0,83,0,0,50,63,33,0,0,20,0,15,138,9,105,6,0,239,21,0,0,12,10,0,0,0,12,444,18,33,0,0,0,0,0,14,0,0,0,1,0,3,0,5,0,0,0,0,0,119,12,52,2,7,0,3,0,0,0,0,0,0,0,0,0,0,0,0,0,0,0,0,0,0,0,0,0,0,0,0,0,0,0,0,0,0,0,0,0,0,0,0,0,0,0,0,0,0,0,0,0,0,0,0,0,0,0,0,0,0,0,0,0,0,0,0,0,0,0,2,0,0,0,0,0,0,0,0,0,0,0,0,0,0,0,7,0,9,0,0,0,9,0,1,0,0,0,0,0,0,0,0,0,2,0,5,0,17,0,5,0,238,0,0,0,326,117,4,0,0,0,4,0,8,0,0,0,0,0,0,0,0,0,0,0,0,0,0,0,0,0,0,0,0,0,0,0,4,0,349,59,324,98,235,0,0,0,0,0,0,2,0,0,0
253,0,211,66,0,167,181,30,66,63,0,319,0,130,0,14,37,59,0,93,0,0,104,54,284,8,0,212,5,183,0,0,0,135,0,0,0,146,13,365,0,61,0,0,0,12,0,162,1,6,0,11,21,0,40,6,0,4,0,49,0,143,89,19,0,83,0,33,0,0,0,0,0,0,0,0,0,0,0,0,0,0,0,0,0,1,0,0,0,1,0,0,0,0,0,0,0,0,0,0,0,0,0,5,0,0,0,0,0,0,0,0,0,0,0,0,0,0,0,0,0,0,0,0,0,89,0,21,0,0,0,38,0,0,0,105,0,58,0,0,0,0,0,5,0,0,0,33,0,78,0,52,0,56,0,2,0,0,0,0,0,7,0,1,0,15,0,9,0,30,0,20,0,125,0,0,153,625,0,3,0,0,22,17,0,76,0,0,0,0,0,0,0,0,0,0,0,0,0,0,0,24,0,0,0,0,0,43,0,115,0,0,0,0,158,0,0,0,479,133,268,70,0,0,0
54,211,0,84,135,0,15,0,8,0,122,59,132,0,238,103,201,24,93,6,191,0,191,122,37,0,0,0,377,9,38,0,60,22,0,0,6,0,349,0,46,0,0,0,0,0,0,0,1,0,0,0,0,0,30,0,4,0,9,0,21,0,0,0,5,0,9,0,0,0,0,0,0,0,5,0,0,0,0,0,0,0,0,0,0,0,0,0,0,0,0,0,0,0,0,0,0,0,0,0,0,0,0,0,0,0,0,0,0,0,0,0,0,0,0,0,0,0,0,0,0,0,0,0,9,0,19,0,0,0,19,0,0,2,81,0,32,0,0,0,0,0,83,0,0,0,35,0,14,0,24,0,28,0,16,0,0,0,0,0,0,0,2,0,0,0,0,0,21,0,0,0,204,0,0,0,107,69,0,0,0,0,0,0,11,0,0,0,0,0,0,0,0,0,0,0,0,0,0,0,39,0,0,0,4,0,0,0,37,0,304,36,267,126,281,0,3,0,0,0,0,0,0,0,0
121,66,84,0,0,172,0,79,0,2,0,11,0,21,0,260,18,111,0,90,0,50,35,196,96,27,0,80,0,88,0,25,0,132,0,0,0,0,0,121,0,0,0,0,0,0,0,34,0,0,0,0,2,5,0,24,0,0,0,9,0,0,10,0,0,0,0,0,0,0,0,0,0,0,0,1,0,0,0,0,0,0,0,0,0,0,0,0,0,0,0,0,0,0,0,0,0,0,0,2,0,0,0,0,0,0,0,38,0,0,0,0,0,0,0,0,0,0,0,0,0,0,0,0,0,12,0,18,0,0,0,6,0,13,0,210,0,132,0,0,0,5,0,31,0,0,0,6,0,0,0,7,0,0,0,0,0,0,0,0,0,5,0,1,0,3,0,0,0,18,0,0,0,53,0,0,36,47,0,0,0,0,10,0,0,0,0,0,0,0,0,0,0,0,0,0,0,0,0,0,0,25,0,0,0,0,0,0,0,49,0,0,0,0,133,0,0,0,234,27,222,0,0,0,0
59,0,135,0,0,245,12,0,38,0,89,172,416,170,113,124,0,0,220,194,336,95,46,40,2,0,45,0,43,0,191,0,429,14,111,0,210,0,84,0,144,0,24,0,15,0,87,0,9,0,63,0,0,0,0,0,1,0,0,0,0,0,0,0,23,0,14,0,0,0,0,0,0,0,0,0,0,0,0,0,0,0,0,0,0,0,0,0,0,0,0,0,0,0,0,0,0,0,0,0,0,0,0,0,0,0,0,0,0,0,0,0,0,0,0,0,0,0,0,0,0,0,0,0,5,0,12,0,0,0,9,0,1,0,20,0,1,0,0,0,0,0,0,0,4,0,26,0,20,0,49,0,104,0,2,0,0,0,0,0,2,0,0,0,20,0,88,0,59,0,3,0,147,1,0,0,242,95,48,0,84,0,0,0,98,0,2,0,0,0,0,0,0,0,0,0,0,0,0,0,0,0,0,0,0,0,0,0,17,1,299,110,509,147,191,0,0,1,0,0,0,0,0,0,0
0,167,0,172,245,0,0,35,0,12,174,163,94,123,339,180,0,0,100,353,117,204,193,133,8,2,0,364,0,0,0,98,38,320,7,104,0,179,11,0,0,0,0,20,0,8,0,106,0,0,0,85,0,0,0,6,0,0,0,0,0,0,0,0,0,0,0,2,0,0,0,0,0,0,0,0,0,0,0,0,0,0,0,0,0,0,0,5,0,0,0,0,0,0,0,0,0,0,0,0,0,0,0,0,0,0,0,23,0,0,0,0,0,0,0,0,0,0,0,0,0,0,0,0,0,10,0,8,0,0,0,7,0,0,0,109,0,40,0,0,0,0,0,0,0,0,0,0,0,15,0,26,0,0,0,0,0,0,0,0,0,0,0,8,0,83,0,156,0,156,0,20,0,50,0,3,160,371,18,19,0,0,6,0,0,0,0,10,0,0,0,0,0,0,0,0,0,0,0,0,0,0,0,0,0,0,0,0,0,59,0,0,0,0,220,0,0,0,612,159,586,183,0,0,0
38,181,15,0,12,0,0,139,115,118,23,0,18,0,2,0,1,22,4,0,0,0,7,16,210,130,0,0,54,0,0,0,0,0,0,0,0,0,32,18,6,0,0,0,0,0,0,0,6,0,0,0,9,4,161,0,0,0,11,0,152,0,144,38,18,0,26,1,0,0,0,0,0,0,0,0,0,0,0,0,0,0,0,0,0,0,0,0,0,0,0,0,0,0,0,0,0,0,0,0,0,0,0,0,0,0,0,0,0,0,0,0,0,0,0,0,0,0,0,0,0,0,0,0,10,0,23,0,0,0,55,0,6,0,18,0,5,0,0,0,0,0,26,0,0,0,23,0,20,0,0,0,3,0,0,0,4,0,0,0,4,0,0,0,0,0,0,0,11,0,69,0,61,0,0,0,82,98,0,0,0,0,0,0,0,0,0,0,0,0,0,0,0,0,0,0,0,0,2,0,0,0,0,0,0,0,0,0,24,0,378,50,159,124,308,0,0,0,0,0,0,0,0,0,0
83,30,0,79,0,35,139,0,186,25,1,14,0,0,0,29,0,20,0,0,0,7,0,24,67,150,0,28,0,117,0,0,0,4,0,0,0,34,2,250,0,6,0,0,0,4,0,0,0,1,0,0,64,10,67,172,0,6,0,26,9,276,75,155,0,3,0,1,0,0,0,0,0,0,0,0,0,0,0,0,0,0,0,0,0,0,0,0,0,0,0,0,0,0,0,0,0,0,0,0,0,0,0,0,0,0,0,11,0,0,0,0,0,0,0,0,0,0,0,0,0,0,0,0,0,35,0,11,0,0,0,24,0,9,0,56,0,30,0,5,0,6,0,10,0,0,0,4,0,4,0,6,0,0,0,2,0,4,0,3,0,4,0,0,0,12,0,4,0,22,0,77,0,109,0,1,35,102,0,0,0,0,0,3,1,0,0,0,0,0,0,0,0,0,0,0,0,0,0,0,0,10,0,0,0,0,0,0,1,21,2,0,4,0,332,0,0,0,491,20,194,156,0,5,0
42,66,8,0,38,0,115,186,0,340,43,0,71,0,9,0,0,16,67,0,0,0,0,0,8,156,0,0,0,14,0,0,0,0,0,0,3,0,4,0,0,0,0,0,0,0,45,0,8,0,0,0,210,69,61,156,21,0,190,0,198,33,105,170,54,0,311,56,0,0,0,0,0,0,0,0,0,0,0,0,0,0,0,0,0,0,0,0,0,0,0,0,0,0,0,0,0,0,0,0,0,0,0,0,0,0,0,0,0,0,0,0,0,0,0,0,0,0,0,0,0,0,0,0,23,0,7,0,0,0,47,0,0,0,6,0,0,0,0,0,0,0,0,0,0,0,36,0,66,0,15,0,27,0,11,0,61,3,0,0,5,0,0,0,2,1,0,0,7,0,126,0,19,6,0,0,473,118,29,0,0,0,14,0,47,2,0,0,0,0,0,0,0,0,0,0,1,0,0,0,0,0,0,0,0,0,0,0,8,0,321,48,94,0,161,0,0,4,25,4,0,0,0,0,0
0,63,0,2,0,12,118,25,340,0,0,10,0,5,0,0,0,0,0,13,0,0,0,0,15,10,0,24,0,0,0,0,0,0,0,0,0,0,0,46,0,0,0,0,0,0,0,13,0,0,0,0,123,76,186,101,70,3,106,118,0,376,48,221,0,181,109,57,0,0,0,0,0,0,0,0,0,0,0,0,0,0,0,0,0,0,0,0,0,0,0,0,0,0,0,0,0,0,0,0,0,0,0,0,0,0,0,2,0,0,0,0,0,0,0,0,0,0,0,0,0,0,0,0,0,73,0,15,0,0,0,50,0,5,0,14,0,15,0,0,0,0,0,0,0,0,0,14,0,45,0,24,0,0,3,4,0,34,0,4,0,13,0,0,0,7,0,10,0,16,0,98,0,45,0,0,96,256,0,5,0,6,0,18,17,26,0,0,0,0,0,0,0,0,0,0,0,0,0,0,0,0,0,0,0,0,0,17,0,50,0,0,2,0,342,0,0,0,480,36,135,117,0,13,0
117,0,122,0,89,174,23,1,43,0,0,107,323,0,38,155,52,0,31,91,230,75,46,44,0,0,16,0,85,0,82,0,469,0,0,0,77,5,184,0,98,0,0,0,4,0,64,0,5,0,8,0,0,0,0,0,0,0,0,0,0,0,0,0,7,0,18,0,0,0,2,0,0,0,0,0,0,0,0,0,0,0,0,0,0,0,0,0,0,0,0,0,0,0,0,0,0,0,0,0,0,0,0,0,0,0,0,0,0,0,0,0,0,0,0,0,0,0,0,0,0,0,0,0,0,0,3,0,0,0,5,0,0,0,0,0,1,1,1,0,0,0,0,0,0,0,11,0,14,0,33,0,0,0,0,0,0,0,0,0,0,0,0,0,0,0,44,0,15,0,2,0,79,0,0,0,382,83,65,1,45,0,44,0,74,0,0,0,0,0,0,0,0,0,0,0,0,0,0,0,0,0,1,0,0,0,0,0,3,0,280,67,255,63,137,0,0,0,0,0,15,0,0,0,0
0,319,59,11,172,163,0,14,0,10,107,0,0,342,235,14,11,6,24,38,48,102,190,69,9,0,8,182,0,2,6,74,0,260,0,46,0,87,0,0,0,114,0,0,0,20,0,213,0,20,0,18,0,0,0,0,0,0,0,5,0,2,0,0,0,19,0,3,0,0,0,0,0,0,0,0,0,0,0,0,0,0,0,0,0,0,0,0,0,0,0,0,0,0,0,0,0,0,0,0,0,0,0,0,0,0,0,0,0,0,0,0,0,0,0,0,0,0,0,0,0,0,0,0,0,25,0,12,0,1,0,0,0,0,0,27,0,19,0,0,0,0,0,0,0,0,0,16,0,16,0,92,0,56,0,0,0,4,0,0,0,0,0,2,0,19,0,58,0,34,0,0,0,19,0,0,122,698,0,33,0,131,0,12,0,45,0,4,0,3,0,0,0,0,0,0,0,1,0,0,0,0,0,0,0,0,0,0,0,32,0,0,0,0,116,0,0,0,366,92,188,68,0,0,0
83,0,132,0,416,94,18,0,71,0,323,0,0,659,15,6,0,0,121,275,38,71,0,0,0,0,62,546,0,0,62,0,54,0,167,0,120,0,0,0,338,46,127,57,47,36,247,214,35,0,216,52,0,0,5,0,0,0,1,0,0,0,0,0,0,0,15,0,0,0,0,0,0,0,0,0,0,0,0,0,0,0,0,0,0,0,0,0,0,0,0,0,0,0,0,0,0,0,0,0,0,0,0,0,0,0,0,0,0,0,0,0,0,0,0,0,0,0,0,0,0,0,0,0,4,0,0,0,0,0,0,0,0,0,0,0,0,0,0,0,0,0,0,0,0,0,18,0,17,0,55,0,108,0,2,0,3,0,0,0,2,0,0,0,73,0,20,0,69,0,0,0,10,0,56,0,221,66,136,0,158,0,137,0,193,0,216,0,0,0,0,0,0,0,0,0,0,0,0,0,0,0,0,0,0,0,0,0,8,0,54,185,306,51,32,0,0,0,0,0,0,0,0,0,0
0,130,0,21,170,123,0,0,0,5,0,342,659,0,126,0,0,0,612,45,151,24,0,0,0,0,137,143,0,0,21,0,0,0,33,39,0,22,0,0,182,191,0,104,0,34,77,297,0,60,11,256,0,0,0,0,0,0,0,0,0,0,0,0,0,0,0,0,0,0,0,0,0,0,0,0,0,0,0,0,0,0,0,0,0,0,0,0,0,0,0,0,0,0,0,0,0,0,0,0,0,0,0,0,0,0,0,0,0,0,0,0,0,0,0,0,0,0,0,0,0,0,0,0,0,0,0,0,0,0,0,0,0,0,0,11,0,0,0,0,0,0,0,0,0,0,0,0,0,0,0,50,0,43,0,0,0,0,0,0,0,0,0,0,0,106,0,0,0,128,0,0,0,0,0,0,75,590,12,75,0,97,0,0,0,14,70,57,0,0,0,0,0,0,0,0,0,0,0,0,0,0,0,30,0,0,0,0,0,22,0,0,10,0,14,0,0,0,77,202,453,54,0,0,4
0,0,238,0,113,339,2,0,9,0,38,235,15,126,0,181,108,0,253,208,595,181,212,15,45,0,96,0,17,0,249,9,247,20,70,27,55,11,2,0,3,0,0,0,0,0,24,0,0,0,0,0,18,0,0,0,0,0,0,0,0,0,34,0,5,0,8,0,0,0,9,0,0,0,0,0,0,0,0,0,0,0,0,0,0,0,0,0,15,0,38,0,0,0,0,0,0,0,0,0,0,0,0,0,0,0,125,0,0,0,0,0,0,0,0,0,0,0,0,0,0,0,0,0,0,0,17,0,0,0,0,0,0,0,99,0,0,0,0,0,0,0,91,0,0,0,41,0,9,0,66,0,77,1,0,0,0,0,0,0,10,0,0,0,0,0,63,0,27,0,3,0,45,0,9,0,102,62,36,1,0,0,5,0,48,0,0,0,0,0,0,0,0,0,0,0,0,0,9,0,0,0,0,0,0,0,5,0,52,0,95,71,139,36,39,0,0,0,0,0,21,0,0,0,0
50,14,103,260,124,180,0,29,0,0,155,14,6,0,181,0,13,91,8,348,44,551,197,388,14,83,0,72,0,76,0,112,45,353,0,44,0,57,6,52,0,0,0,4,0,0,0,12,0,0,0,4,0,24,0,25,0,0,0,0,1,9,2,119,0,0,0,1,0,0,0,0,0,0,0,0,0,0,0,0,0,57,0,0,0,65,0,0,0,0,0,24,0,6,0,0,0,90,0,19,0,0,0,0,0,0,0,207,0,0,0,0,0,0,0,0,0,0,0,0,0,0,0,0,0,0,0,0,0,0,0,3,0,0,0,218,0,203,0,0,0,26,0,150,0,0,0,0,0,11,0,9,0,0,0,0,0,0,0,0,0,0,0,4,0,21,0,87,0,32,0,7,0,41,0,0,53,76,0,0,0,0,6,0,0,0,0,0,0,0,0,0,0,0,0,0,0,2,0,3,0,19,0,0,0,0,0,16,0,54,0,2,0,0,78,0,0,0,234,43,310,65,0,0,0
63,37,201,18,0,0,1,0,0,0,52,11,0,0,108,13,0,7,37,0,249,0,284,17,114,15,23,0,295,0,16,0,7,0,0,0,0,0,65,0,0,0,3,0,0,0,0,0,0,0,6,0,72,0,8,0,10,0,2,0,30,0,286,0,0,0,1,0,0,0,25,0,0,0,33,0,0,0,0,0,53,0,0,0,75,0,51,0,0,0,77,0,0,0,0,0,59,0,173,0,146,0,0,0,0,0,253,0,0,0,0,0,0,0,0,0,0,0,0,0,70,0,72,0,0,0,15,0,0,0,0,0,0,0,15,0,76,0,13,0,93,0,205,0,4,0,0,0,0,0,0,0,0,0,154,0,0,0,90,0,41,0,6,0,0,0,0,0,34,0,13,0,0,0,0,0,21,6,3,0,0,0,47,0,0,0,0,0,0,0,0,0,0,0,0,0,0,0,0,0,20,0,0,0,0,0,0,0,6,0,7,4,54,0,26,0,0,0,0,0,0,0,0,0,0
33,59,24,111,0,0,22,20,16,0,0,6,0,0,0,91,7,0,0,32,1,107,0,175,36,219,0,0,0,295,0,38,0,66,0,11,0,0,0,94,0,0,0,0,0,0,0,0,0,0,0,0,7,15,12,9,0,0,0,0,0,0,14,84,0,0,0,0,0,0,0,0,0,0,0,0,0,0,0,0,0,59,0,0,0,73,0,28,0,0,0,19,0,0,0,0,0,59,0,0,0,60,0,0,0,0,0,81,0,0,0,0,0,0,0,0,0,0,0,0,0,9,0,0,0,12,0,0,0,108,0,19,0,39,0,0,0,279,0,95,0,76,0,174,0,0,0,0,0,0,0,0,0,0,0,11,0,1,0,14,0,0,0,0,0,0,0,0,0,0,0,0,0,4,0,0,5,20,0,11,0,0,0,2,0,0,0,0,0,0,0,0,0,0,0,0,0,0,0,0,0,0,0,0,0,0,0,0,0,0,0,0,0,0,0,0,0,0,13,27,19,0,0,0,0
0,0,93,0,220,100,4,0,67,0,31,24,121,612,253,8,37,0,0,264,177,44,73,6,0,0,217,340,9,0,55,0,23,0,269,0,95,7,1,0,78,33,48,39,48,0,181,141,0,0,173,39,22,0,0,0,0,0,0,0,0,0,0,0,15,0,21,0,0,0,47,0,0,0,54,0,0,0,0,0,34,0,0,0,31,0,45,0,0,0,0,0,0,0,0,0,0,0,0,0,174,0,0,0,0,0,0,0,0,0,0,0,0,0,0,0,0,0,0,0,48,0,38,0,14,0,0,0,0,0,5,0,0,0,56,0,15,0,14,0,0,0,45,0,20,0,57,0,28,0,101,0,123,0,23,0,0,0,28,0,0,0,0,0,50,0,20,0,71,0,9,0,21,0,0,0,90,28,23,0,0,0,20,0,189,0,39,0,0,0,0,0,0,0,0,0,0,0,0,0,22,0,0,0,0,0,0,0,30,0,63,137,225,48,21,0,0,0,0,0,0,0,0,0,0
0,93,6,90,194,353,0,0,0,13,91,38,275,45,208,348,0,32,264,0,117,360,13,161,1,0,16,431,0,0,0,145,31,49,25,335,0,244,0,5,13,6,0,102,0,115,0,170,0,6,9,389,0,0,0,12,0,0,0,0,0,0,0,68,0,23,0,2,0,0,0,0,0,0,0,0,0,0,0,0,0,100,0,0,0,0,0,0,0,0,0,0,0,0,0,0,0,79,0,19,0,79,0,0,0,0,0,159,0,0,0,0,0,0,0,0,0,0,0,0,0,0,0,0,0,0,0,13,0,0,0,0,0,0,0,157,0,134,0,0,0,0,0,130,0,0,0,0,0,27,0,32,0,10,0,0,0,0,0,0,0,0,0,7,0,54,0,112,0,112,0,0,0,18,0,0,45,60,24,11,0,0,0,0,0,0,12,22,0,0,0,0,0,0,0,0,0,0,0,0,0,34,0,0,0,0,0,26,0,77,0,4,0,0,42,0,0,0,137,206,218,44,0,0,0
20,0,191,0,336,117,0,0,0,0,230,48,38,151,595,44,249,1,177,117,0,39,140,8,0,0,314,54,91,0,152,1,22,0,60,4,15,0,9,0,0,0,40,6,96,0,15,14,7,0,48,0,49,0,21,0,0,0,4,0,9,0,146,0,0,0,0,0,0,0,112,0,0,0,122,0,0,0,0,0,106,0,0,0,62,0,118,0,0,0,89,0,0,0,143,0,0,0,319,0,313,0,0,0,0,0,320,0,0,0,0,0,0,0,0,0,0,0,0,0,122,0,70,0,0,0,0,0,0,0,0,0,0,0,16,0,40,0,110,0,188,0,223,0,68,0,14,0,4,0,0,0,24,0,54,0,4,0,72,0,42,0,0,0,43,2,45,0,120,0,9,0,52,0,0,0,82,20,103,0,0,0,11,0,0,0,0,0,0,0,0,0,0,0,0,0,0,0,0,0,0,0,0,0,0,0,0,0,0,0,122,139,211,78,48,0,0,3,0,0,0,0,0,0,0
0,0,0,50,95,204,0,7,0,0,75,102,71,24,181,551,0,107,44,360,39,0,32,278,0,47,0,301,0,71,0,101,10,59,3,117,0,19,0,6,0,0,0,89,0,147,0,0,0,11,0,64,0,18,0,32,0,0,0,0,0,17,0,65,0,0,0,0,0,0,0,12,0,0,0,8,0,0,0,0,0,204,0,0,0,170,0,0,0,0,0,0,0,0,0,0,0,103,0,36,0,93,0,0,0,0,0,122,0,0,0,0,0,0,0,0,0,0,0,0,0,62,0,0,0,0,0,0,0,0,0,0,0,0,0,0,0,361,0,147,0,351,0,353,0,73,0,0,0,0,0,0,0,0,0,0,0,13,0,0,0,0,0,4,0,0,0,42,0,80,0,4,1,15,0,0,16,59,0,29,0,0,0,2,0,0,0,29,0,0,0,0,0,0,0,3,0,0,0,0,0,0,0,0,0,0,0,0,0,0,0,2,9,0,51,0,0,0,248,259,176,43,0,0,0
15,104,191,35,46,193,7,0,0,0,46,190,0,0,212,197,284,0,73,13,140,32,0,144,219,0,10,0,151,0,18,8,38,27,0,0,9,2,112,0,0,0,0,0,0,0,11,0,6,0,0,0,14,0,23,0,0,0,1,0,0,0,28,0,0,0,2,0,0,0,0,0,0,0,5,0,0,0,0,0,0,0,0,0,57,0,0,0,0,0,103,0,0,0,0,0,0,0,53,0,79,0,0,0,0,0,341,0,0,0,0,0,0,0,0,0,0,0,0,0,0,0,31,0,10,6,41,0,0,0,21,0,0,1,240,0,84,1,0,0,23,6,321,0,2,0,32,1,10,10,49,0,29,0,138,0,0,0,58,0,14,0,0,0,0,0,9,0,0,0,13,0,29,0,10,0,98,55,9,0,0,0,8,0,9,0,0,0,0,0,0,0,0,0,0,0,0,0,8,0,140,0,0,0,0,0,4,0,84,0,67,9,121,36,79,0,0,0,16,0,0,0,0,0,0
138,54,122,196,40,133,16,24,0,0,44,69,0,0,15,388,17,175,6,161,8,278,144,0,42,39,0,99,9,124,0,34,7,59,0,17,0,11,13,39,0,0,0,9,0,0,3,0,0,1,0,0,1,17,0,41,0,2,0,0,3,0,4,86,0,0,0,0,0,0,0,0,0,0,0,0,0,0,0,0,0,44,0,0,0,50,0,14,0,2,0,13,0,0,0,29,0,86,0,0,0,55,1,0,0,0,0,197,0,0,0,0,0,0,0,0,0,0,0,0,0,0,0,0,0,0,0,15,0,0,0,0,0,14,0,137,0,196,0,19,0,41,0,182,0,0,0,0,0,0,0,2,0,0,0,0,0,0,0,0,0,0,0,0,0,0,0,3,0,0,0,0,0,11,0,0,34,29,0,31,0,0,23,5,0,0,0,0,0,0,0,0,0,0,0,0,0,0,0,0,0,0,0,0,0,0,0,0,0,17,0,0,0,0,18,0,0,0,61,71,48,9,0,0,0
9,284,37,96,2,8,210,67,8,15,0,9,0,0,45,14,114,36,0,1,0,0,219,42,0,61,0,0,164,30,0,0,0,7,0,0,0,0,73,21,0,0,0,0,0,0,0,0,4,0,0,0,13,1,67,3,4,0,6,0,54,11,68,3,6,0,2,0,0,0,0,0,0,0,0,0,0,0,0,0,0,0,0,0,16,0,0,0,0,0,0,0,0,0,0,0,23,0,0,0,0,0,0,0,20,0,0,3,0,0,0,0,0,0,0,0,0,0,0,0,0,0,14,0,17,0,70,0,0,0,77,0,27,0,131,0,55,0,0,0,0,0,123,0,0,0,39,0,6,0,15,0,9,0,51,0,0,0,20,0,0,0,0,0,0,0,1,0,0,0,17,1,68,3,0,0,14,39,0,0,2,6,24,0,0,0,0,0,0,0,0,0,0,0,0,0,0,0,8,0,42,0,0,0,0,0,0,0,88,0,105,25,112,68,106,0,6,0,0,0,7,0,0,0,0
105,8,0,27,0,2,130,150,156,10,0,0,0,0,0,83,15,219,0,0,0,47,0,39,61,0,0,0,0,364,0,0,0,0,0,0,0,11,0,221,0,0,0,0,0,0,0,0,0,0,0,0,22,6,61,62,0,9,0,0,0,115,69,58,0,0,0,0,0,0,0,0,0,0,0,0,0,0,0,0,0,0,0,0,0,0,0,0,0,0,0,0,0,0,0,0,0,0,0,0,0,0,0,0,0,0,0,108,0,0,0,0,0,0,0,0,0,0,0,0,0,0,0,0,0,9,0,29,0,45,0,0,0,37,0,241,0,223,0,71,0,38,0,109,0,1,0,0,0,0,0,0,0,0,0,18,0,0,0,0,0,0,0,0,0,0,0,0,0,17,0,20,0,63,0,0,21,15,0,0,0,0,15,0,0,0,0,0,0,0,0,0,0,0,0,0,0,0,0,0,0,25,0,0,0,0,0,8,0,18,2,4,0,0,135,0,0,0,196,12,190,95,0,2,0
6,0,0,0,45,0,0,0,0,0,16,8,62,137,96,0,23,0,217,16,314,0,10,0,0,0,0,151,6,0,21,0,4,0,48,0,42,0,0,0,69,45,281,10,265,29,295,212,30,5,159,17,0,0,0,0,0,0,2,0,0,0,0,0,2,0,0,0,0,0,45,0,0,0,44,0,0,0,0,0,47,0,0,0,0,0,0,0,0,0,0,0,0,0,0,0,0,0,0,0,152,0,0,0,0,0,0,0,0,0,0,0,0,0,0,0,0,0,0,0,0,0,0,0,0,0,0,0,0,0,0,0,0,0,0,0,0,0,40,0,68,0,0,0,0,0,8,0,0,0,23,0,0,0,0,0,3,0,0,0,0,0,0,0,121,0,13,0,99,0,0,0,31,0,0,0,0,10,10,0,15,0,0,0,0,0,26,0,0,0,0,0,0,0,0,0,0,0,0,0,0,0,0,0,0,0,0,0,0,0,0,156,370,0,0,0,0,13,0,0,0,0,0,0,0
0,212,0,80,0,364,0,28,0,24,0,182,546,143,0,72,0,0,340,431,54,301,0,99,0,0,151,0,0,4,0,10,0,20,13,35,0,33,0,0,269,28,0,291,0,348,105,213,4,66,16,349,0,12,0,0,0,0,0,0,0,0,0,29,0,26,0,4,0,0,0,0,0,0,0,0,0,0,0,0,0,147,0,0,0,82,0,0,0,0,0,0,0,0,0,0,0,0,0,0,0,88,0,0,0,0,0,0,0,0,0,0,0,0,0,0,0,0,0,0,0,0,0,0,0,0,0,19,0,0,0,0,0,0,0,91,0,129,0,0,0,62,0,135,0,0,0,16,0,26,0,22,0,0,0,0,0,0,0,0,0,0,0,0,0,210,0,11,0,197,0,0,0,0,0,0,16,87,0,15,0,18,0,0,0,0,57,32,0,161,0,40,0,20,0,0,0,0,0,0,0,59,0,0,0,0,0,0,0,81,0,0,0,0,30,0,0,0,74,387,559,38,4,0,40
239,5,377,0,43,0,54,0,0,0,85,0,0,0,17,0,295,0,9,0,91,0,151,9,164,0,6,0,0,0,38,0,5,0,32,0,4,0,19,0,0,0,6,0,6,0,0,0,0,0,3,0,50,0,22,0,0,0,0,0,2,0,81,0,0,0,0,0,0,0,12,0,0,0,18,0,0,0,0,0,0,0,0,0,8,0,15,0,0,0,0,0,0,0,20,0,6,0,35,0,31,0,0,0,0,0,37,0,0,0,0,0,0,0,0,0,0,0,0,0,20,0,15,0,0,0,0,0,0,0,0,0,0,0,0,0,0,0,82,0,46,0,58,0,14,0,0,0,0,0,0,0,0,0,34,0,14,0,68,0,7,0,0,0,0,0,0,0,0,0,0,0,0,0,0,0,87,0,4,0,0,0,72,0,0,0,0,0,0,0,0,0,0,0,0,0,0,0,0,0,0,0,0,0,0,0,0,0,0,0,11,10,5,0,0,0,0,0,0,0,0,0,0,0,0
21,183,9,88,0,0,0,117,14,0,0,2,0,0,0,76,0,295,0,0,0,71,0,124,30,364,0,4,0,0,0,44,0,50,0,48,0,5,0,49,0,0,0,0,0,0,0,0,0,0,0,0,0,11,3,17,0,2,0,0,0,38,8,64,0,0,0,0,0,0,0,0,0,0,0,0,0,0,0,0,0,7,0,0,0,16,0,0,0,0,0,0,0,0,0,0,0,0,0,0,0,5,0,0,0,0,0,0,0,0,0,0,0,0,0,0,0,0,0,0,0,0,0,0,0,0,0,0,0,0,0,0,0,25,0,0,0,127,0,211,0,190,0,57,0,36,0,0,0,0,0,0,0,0,0,6,0,0,0,7,0,0,0,0,0,0,0,3,0,0,0,0,1,0,0,0,1,41,0,14,0,0,0,29,0,0,0,0,0,0,0,0,0,0,0,0,0,0,0,0,0,0,0,0,0,0,0,0,0,0,0,0,0,0,9,0,0,0,20,42,11,5,0,0,0
0,0,38,0,191,0,0,0,0,0,82,6,62,21,249,0,16,0,55,0,152,0,18,0,0,0,21,0,38,0,0,0,5,0,32,0,16,0,2,0,0,0,8,0,0,0,0,0,3,0,13,0,21,0,23,0,0,0,0,0,0,0,38,0,0,0,0,0,0,0,26,0,0,0,24,0,0,0,0,0,18,0,0,0,0,0,19,0,0,0,0,0,0,0,0,0,7,0,36,0,0,0,0,0,0,0,0,0,0,0,0,0,0,0,0,0,0,0,0,0,0,0,0,0,0,0,4,0,0,0,0,0,0,0,0,0,0,0,77,0,84,0,0,0,21,0,0,0,0,0,0,0,0,0,14,0,0,0,49,0,0,0,0,0,8,0,52,0,26,0,0,0,30,0,0,0,38,10,61,0,0,0,0,0,0,0,0,0,0,0,0,0,0,0,1,0,0,0,0,0,0,0,0,0,0,0,0,0,0,0,24,18,82,0,0,0,0,0,0,0,0,0,0,0,0
0,0,0,25,0,98,0,0,0,0,0,74,0,0,9,112,0,38,0,145,1,101,8,34,0,0,0,10,0,44,0,0,0,8,0,39,0,12,0,6,0,0,0,20,0,7,0,0,0,0,0,8,0,0,0,0,0,0,0,0,0,4,0,13,0,0,0,0,0,0,0,0,0,0,0,0,0,0,0,0,0,0,0,0,0,17,0,3,0,0,0,0,0,0,0,0,0,0,0,4,0,0,0,0,0,0,0,0,0,0,0,0,0,0,0,0,0,0,0,0,0,0,0,0,0,0,0,0,0,0,0,0,0,4,0,0,0,0,0,56,0,97,0,48,0,39,0,0,0,0,0,0,0,0,0,0,0,12,0,0,0,0,0,0,0,8,0,52,0,15,0,1,0,8,0,0,0,19,0,10,0,0,0,0,0,0,0,0,0,0,0,0,0,0,0,0,0,0,0,0,0,0,0,2,0,0,0,0,0,0,0,0,0,0,14,0,0,0,29,15,44,0,0,0,0
12,0,60,0,429,38,0,0,0,0,469,0,54,0,247,45,7,0,23,31,22,10,38,7,0,0,4,0,5,0,5,0,0,5,35,0,152,0,0,0,0,0,10,0,11,0,0,0,0,0,10,0,0,0,3,0,0,0,0,0,16,0,4,0,0,0,2,0,0,0,6,0,6,0,14,0,0,0,0,0,14,0,0,0,0,0,0,0,0,0,0,0,0,0,0,0,0,0,27,0,25,0,0,0,0,0,26,0,0,0,0,0,0,0,0,0,0,0,0,0,0,0,6,0,0,0,0,0,0,0,0,0,0,0,0,0,0,0,51,0,29,0,0,0,32,0,0,0,2,0,0,0,0,0,17,0,34,0,26,0,1,0,0,0,9,0,135,0,28,0,5,0,32,0,0,0,104,7,186,0,0,0,0,0,0,0,0,0,0,0,0,0,0,0,0,0,0,0,1,0,0,0,0,0,0,0,0,0,0,0,39,38,148,30,0,0,0,0,0,0,0,0,0,0,0
10,135,22,132,14,320,0,4,0,0,0,260,0,0,20,353,0,66,0,49,0,59,27,59,7,0,0,20,0,50,0,8,5,0,0,65,0,118,0,5,0,0,0,29,0,14,0,0,0,0,0,19,0,0,0,0,0,0,0,0,0,8,0,7,0,0,0,2,0,0,0,0,0,0,0,0,0,0,0,0,0,0,0,0,0,0,0,0,0,0,0,0,0,0,0,0,0,0,0,0,0,0,0,0,0,0,0,0,0,0,0,0,0,0,0,0,0,0,0,0,0,0,0,0,0,0,0,0,0,0,0,0,0,0,0,0,0,63,0,38,0,105,0,56,0,57,0,0,0,0,0,0,0,0,0,0,0,14,0,0,0,0,0,0,0,10,0,73,0,23,0,8,0,50,0,0,20,112,0,70,0,0,0,3,0,0,0,1,0,0,0,0,0,0,0,0,0,0,0,2,0,0,0,0,0,0,0,0,0,8,0,0,0,0,31,0,0,0,66,101,105,28,0,0,0
0,0,0,0,111,7,0,0,0,0,0,0,167,33,70,0,0,0,269,25,60,3,0,0,0,0,48,13,32,0,32,0,35,0,0,0,31,0,2,0,0,0,34,0,15,0,2,7,4,0,118,0,8,0,0,0,0,0,0,0,0,0,7,0,0,0,0,0,0,0,0,0,0,0,10,0,0,0,0,0,0,0,0,0,0,0,10,0,0,0,0,0,0,0,0,0,0,0,0,0,0,0,0,0,0,0,0,0,0,0,0,0,0,0,0,0,0,0,0,0,0,0,0,0,0,0,0,0,0,0,0,0,0,0,0,0,0,0,50,0,0,0,0,0,0,0,0,0,0,0,0,0,0,0,0,0,0,0,20,0,0,0,0,0,64,0,45,0,92,0,0,0,23,0,0,0,14,0,0,0,0,0,0,0,0,0,28,0,0,0,0,0,0,0,0,0,0,0,0,0,0,0,0,0,0,0,0,0,0,0,44,99,243,51,26,0,0,0,0,0,0,0,0,0,0
0,0,0,0,0,104,0,0,0,0,0,46,0,39,27,44,0,11,0,335,4,117,0,17,0,0,0,35,0,48,0,39,0,65,0,0,0,77,0,26,0,0,0,9,1,34,0,0,0,0,0,25,0,1,0,0,0,0,0,0,0,15,0,3,0,0,0,0,0,0,0,8,0,0,0,0,0,0,0,1,0,55,0,0,0,38,0,0,0,0,0,0,0,0,0,0,0,0,0,0,0,15,0,0,0,0,0,0,0,0,0,0,0,0,0,0,0,0,0,0,1,0,0,0,0,0,0,0,0,0,0,0,0,0,0,0,0,85,0,83,0,205,0,90,0,109,0,0,0,0,0,0,0,0,0,0,0,8,0,1,0,0,0,0,0,26,0,66,0,50,0,0,0,0,0,0,0,37,0,12,0,0,0,0,0,0,0,32,0,0,0,0,0,0,0,1,0,0,0,0,0,0,0,0,0,0,0,0,0,0,0,0,0,0,0,0,0,0,40,74,87,22,0,0,0
0,0,6,0,210,0,0,0,3,0,77,0,120,0,55,0,0,0,95,0,15,0,9,0,0,0,42,0,4,0,16,0,152,0,31,0,0,0,41,0,0,0,53,0,71,0,2,0,6,0,85,0,5,0,0,0,0,0,3,0,39,0,3,0,0,0,0,0,0,0,29,0,0,0,21,0,0,0,0,0,0,0,0,0,0,0,12,0,11,0,0,0,0,0,0,0,2,0,26,0,26,0,0,0,0,0,0,0,0,0,0,0,0,0,0,0,0,0,0,0,18,0,0,0,0,0,0,0,14,0,0,0,0,0,0,0,8,0,119,0,115,0,45,0,66,0,0,0,0,0,0,0,0,0,0,0,21,0,33,0,0,0,4,0,27,0,69,0,57,0,14,0,59,0,0,0,31,6,56,0,0,0,1,0,0,0,10,0,0,0,0,0,0,0,0,0,0,0,0,0,0,0,0,0,0,0,0,0,0,0,0,37,99,19,0,0,0,0,0,0,0,0,0,0,0
12,146,0,0,0,179,0,34,0,0,5,87,0,22,11,57,0,0,7,244,0,19,2,11,0,11,0,33,0,5,0,12,0,118,0,77,0,0,0,36,0,0,0,57,0,28,0,0,0,0,0,83,0,0,0,0,0,0,0,7,0,40,0,0,0,0,0,0,0,0,0,9,0,0,0,11,0,0,0,0,0,75,0,0,0,50,0,0,0,0,0,15,0,0,0,15,0,13,0,6,0,21,0,0,0,0,0,19,0,0,0,0,0,0,0,0,0,0,0,0,0,25,0,0,0,0,0,0,0,0,0,0,0,0,0,0,0,45,0,61,0,175,0,64,0,131,0,0,0,0,0,0,0,0,0,0,0,43,0,0,0,0,0,4,0,18,0,82,0,47,0,0,0,61,0,0,8,61,0,29,0,0,0,24,0,0,0,18,0,2,0,0,0,0,0,0,0,0,0,0,0,2,0,0,0,0,0,0,0,0,0,0,0,0,0,0,0,0,24,130,85,6,0,0,0
444,13,349,0,84,11,32,2,4,0,184,0,0,0,2,6,65,0,1,0,9,0,112,13,73,0,0,0,19,0,2,0,0,0,2,0,41,0,0,0,0,0,0,0,1,0,0,0,1,0,0,0,44,0,2,0,0,0,0,0,24,0,31,0,0,0,0,0,0,0,1,0,0,0,0,0,0,0,0,0,2,0,0,0,0,0,0,0,0,0,0,0,0,0,0,0,0,0,0,0,7,0,0,0,0,0,0,0,0,0,0,0,0,0,0,0,0,0,0,0,0,0,0,0,0,0,0,0,0,0,0,0,0,0,0,0,0,0,25,0,0,0,0,0,18,0,0,0,0,0,0,0,0,0,37,1,67,0,10,0,0,0,0,0,0,0,36,0,0,0,0,0,183,0,0,0,173,0,19,0,0,0,211,0,0,0,0,0,0,0,0,0,0,0,0,0,0,0,0,0,0,0,0,0,0,0,0,0,0,0,61,253,58,39,43,0,0,0,0,0,0,0,0,0,0
18,365,0,121,0,0,18,250,0,46,0,0,0,0,0,52,0,94,0,5,0,6,0,39,21,221,0,0,0,49,0,6,0,5,0,26,0,36,0,0,0,0,0,0,0,0,0,0,0,0,0,2,5,7,7,8,0,5,0,0,0,19,5,42,0,0,0,3,0,0,0,0,0,0,0,0,0,0,0,0,0,0,0,0,0,6,0,0,0,0,0,0,0,0,0,0,0,0,0,0,0,0,0,0,0,0,0,0,0,0,0,0,0,0,0,0,0,0,0,0,0,0,0,0,0,0,0,0,0,0,0,0,0,0,0,0,0,19,0,64,0,37,0,9,0,150,0,0,0,0,0,0,0,0,0,0,0,95,0,7,0,0,0,0,0,0,0,1,0,0,0,6,0,10,0,0,6,111,0,20,0,0,2,56,0,0,0,0,0,0,0,0,0,0,0,0,0,0,0,0,0,0,0,0,0,0,0,0,0,0,0,0,0,0,8,0,0,0,29,99,9,8,0,0,0
33,0,46,0,144,0,6,0,0,0,98,0,338,182,3,0,0,0,78,13,0,0,0,0,0,0,69,269,0,0,0,0,0,0,0,0,0,0,0,0,0,78,26,28,65,47,245,352,136,32,0,21,0,0,0,0,0,0,0,0,0,0,0,0,13,0,0,0,0,0,0,0,0,0,0,0,0,0,0,0,0,0,0,0,0,0,0,0,0,0,0,0,0,0,0,0,0,0,0,0,0,0,0,0,0,0,0,0,0,0,0,0,0,0,0,0,0,0,0,0,0,0,0,0,0,0,5,0,0,0,0,0,0,0,0,0,0,0,0,0,0,0,0,0,0,0,8,0,9,0,27,0,43,0,3,0,1,0,0,0,0,0,0,0,19,0,0,0,0,0,0,0,0,0,0,0,22,10,127,0,80,0,52,0,77,0,162,3,0,0,0,0,0,0,0,0,0,0,0,0,0,0,0,0,0,0,0,0,0,0,0,70,100,0,0,0,0,22,0,0,0,0,0,0,0
0,61,0,0,0,0,0,6,0,0,0,114,46,191,0,0,0,0,33,6,0,0,0,0,0,0,45,28,0,0,0,0,0,0,0,0,0,0,0,0,78,0,0,5,28,29,103,289,23,206,0,0,0,0,0,0,0,0,0,0,0,0,0,0,0,5,0,0,0,3,0,0,0,0,0,0,0,3,0,0,0,0,0,0,0,0,0,0,0,0,0,0,0,0,0,0,0,1,0,1,0,0,0,0,0,2,0,0,0,0,0,0,0,0,0,0,0,0,0,0,0,0,0,0,0,0,0,0,0,0,0,0,0,0,0,0,0,0,0,0,0,0,0,0,0,0,0,0,0,3,0,0,0,0,0,0,0,0,0,0,0,0,0,0,0,20,0,0,0,0,0,0,0,0,0,0,0,131,0,45,0,0,0,0,0,15,20,19,0,0,0,0,0,0,0,1,0,0,0,0,0,0,0,0,0,0,0,0,0,0,0,0,0,0,1,0,0,0,0,19,26,0,0,0,18
0,0,0,0,24,0,0,0,0,0,0,0,127,0,0,0,3,0,48,0,40,0,0,0,0,0,281,0,6,0,8,0,10,0,34,0,53,0,0,0,26,0,0,0,127,0,37,11,20,1,93,0,0,0,0,0,0,0,1,0,11,0,0,0,0,0,1,0,0,0,21,0,0,0,18,0,0,0,0,0,0,0,0,0,0,0,0,0,0,0,0,0,0,0,0,0,0,0,0,0,30,0,5,0,0,0,0,0,0,0,0,0,0,0,0,0,0,0,0,0,0,0,11,0,0,0,0,0,0,0,5,0,0,0,0,0,0,0,0,0,0,0,0,0,33,0,0,0,0,0,0,0,0,0,0,0,0,0,0,0,5,0,10,0,34,0,18,0,24,0,0,0,31,0,0,0,2,0,0,0,0,0,0,0,0,0,64,0,0,0,0,0,0,0,0,0,0,0,0,0,0,0,0,0,0,0,0,0,0,0,51,44,85,15,12,0,0,0,0,0,0,0,0,0,0
0,0,0,0,0,20,0,0,0,0,0,0,57,104,0,4,0,0,39,102,6,89,0,9,0,0,10,291,0,0,0,20,0,29,0,9,0,57,0,0,28,5,0,0,0,169,0,25,0,47,0,60,0,0,0,0,0,0,0,0,0,5,0,5,0,0,0,11,0,0,0,23,0,0,0,16,0,0,0,6,0,136,0,0,0,69,0,49,0,5,0,0,0,0,0,20,0,33,0,0,0,0,0,9,0,0,0,0,0,0,0,0,0,0,0,0,0,0,0,0,0,37,0,15,0,0,0,0,0,0,0,0,0,0,0,0,0,0,0,32,0,121,0,97,0,75,0,0,0,0,0,0,0,0,0,0,0,0,0,0,0,6,0,4,0,59,0,23,0,32,0,0,0,37,0,0,0,24,0,0,0,0,0,0,0,0,0,102,0,0,0,0,0,0,0,0,0,0,0,0,0,0,0,0,0,0,0,0,0,0,0,0,0,0,11,0,0,0,23,44,74,0,3,0,0
0,0,0,0,15,0,0,0,0,0,4,0,47,0,0,0,0,0,48,0,96,0,0,0,0,0,265,0,6,0,0,0,11,0,15,1,71,0,1,0,65,28,127,0,0,16,193,106,182,36,56,0,0,0,0,0,0,0,0,0,0,0,0,0,0,0,0,1,0,0,73,0,0,0,89,0,0,0,0,0,56,0,95,0,0,0,48,0,0,0,0,0,0,0,107,0,32,0,0,0,146,0,17,0,0,0,0,0,0,0,0,0,0,0,0,0,0,0,0,0,0,0,0,0,0,0,0,0,0,0,0,0,0,0,0,0,0,0,0,0,0,0,0,0,70,0,0,0,0,0,0,0,18,0,0,0,5,0,0,0,0,0,34,0,170,0,28,0,150,0,28,0,50,0,5,0,0,1,8,1,17,0,0,0,16,0,45,0,25,0,0,0,54,0,0,0,0,0,0,0,0,0,0,0,0,0,0,0,0,0,41,41,234,10,13,0,1,36,0,0,0,0,0,0,0
0,12,0,0,0,8,0,4,0,0,0,20,36,34,0,0,0,0,0,115,0,147,0,0,0,0,29,348,0,0,0,7,0,14,0,34,0,28,0,0,47,29,0,169,16,0,81,183,23,254,0,60,0,0,0,0,0,0,0,0,0,0,0,0,0,0,0,0,0,11,0,23,0,0,0,18,0,44,0,4,0,168,0,46,0,119,0,83,0,10,0,0,0,18,0,75,0,0,0,28,0,75,0,37,0,0,0,0,0,0,0,0,0,0,0,0,0,1,0,0,0,64,0,0,0,0,0,7,0,0,0,0,0,0,0,24,0,0,0,0,0,83,0,111,0,53,1,0,0,4,0,10,0,0,0,0,0,0,0,0,0,18,0,12,0,200,0,20,0,120,0,23,0,31,0,0,0,41,1,6,0,0,0,0,0,0,27,24,0,90,0,0,0,0,0,42,0,0,0,0,0,0,0,0,0,50,0,0,0,0,0,1,0,0,23,0,0,0,57,80,203,25,9,0,101
14,0,0,0,87,0,0,0,45,0,64,0,247,77,24,0,0,0,181,0,15,0,11,3,0,0,295,105,0,0,0,0,0,0,2,0,2,0,0,0,245,103,37,0,193,81,0,312,230,64,0,0,0,0,0,0,0,0,0,0,0,0,0,0,10,0,0,0,2,0,0,0,0,0,0,0,0,0,0,0,0,0,22,0,0,0,0,0,0,0,0,0,0,0,0,0,0,0,0,0,0,0,0,0,0,0,0,0,0,0,0,0,0,0,0,0,0,0,0,0,0,0,0,0,0,0,0,0,0,0,8,0,0,0,0,0,0,0,0,0,0,0,0,0,0,0,0,0,0,0,107,0,196,0,7,0,0,0,0,0,0,0,0,0,83,0,5,0,28,0,0,0,10,0,0,0,43,4,82,0,200,0,47,0,222,0,152,0,0,0,0,0,22,0,0,0,3,0,0,0,0,0,0,0,0,0,0,0,11,0,23,179,237,10,11,0,0,75,0,0,0,0,0,0,0
0,162,0,34,0,106,0,0,0,13,0,213,214,297,0,12,0,0,141,170,14,0,0,0,0,0,212,213,0,0,0,0,0,0,7,0,0,0,0,0,352,289,11,25,106,183,312,0,31,213,0,0,0,1,0,0,0,0,0,0,0,0,0,9,0,20,0,2,0,0,0,0,0,2,0,0,0,0,0,0,0,0,0,0,0,0,0,0,0,0,0,0,0,0,0,0,0,0,0,0,0,0,0,11,0,0,0,0,0,0,0,0,0,0,0,0,0,0,0,0,0,0,0,0,0,10,0,0,0,0,0,0,0,0,0,0,0,0,0,0,0,0,0,0,0,0,0,0,0,13,0,20,0,0,0,0,0,0,0,0,0,0,0,0,0,45,0,0,0,7,0,0,0,0,0,0,1,84,0,13,0,0,0,0,0,0,78,4,0,0,0,0,0,0,0,0,0,0,0,0,0,0,0,0,0,0,0,0,0,37,0,0,0,0,7,0,0,0,8,180,114,0,0,0,96
0,1,1,0,9,0,6,0,8,0,5,0,35,0,0,0,0,0,0,0,7,0,6,0,4,0,30,4,0,0,3,0,0,0,4,0,6,0,1,0,136,23,20,0,182,23,230,31,0,84,11,0,4,0,20,0,46,0,26,0,4,0,0,0,1,0,11,0,4,0,4,0,0,0,0,0,6,0,12,0,5,0,38,0,0,0,3,0,0,0,0,0,4,0,19,0,10,0,0,0,0,0,5,2,27,1,13,0,0,0,0,0,0,0,0,0,0,0,0,0,0,0,0,0,0,0,0,0,0,1,4,0,0,0,14,0,0,0,2,0,3,0,0,0,0,0,0,0,0,0,4,0,0,0,4,0,3,0,0,0,14,0,17,1,13,2,4,0,21,0,3,0,16,0,0,0,44,3,35,0,0,2,8,0,9,0,346,0,48,0,34,0,62,0,23,0,2,0,37,0,34,0,49,0,74,0,10,0,4,0,64,43,167,16,64,21,0,17,0,4,5,1,0,0,0
0,6,0,0,0,0,0,1,0,0,0,20,0,60,0,0,0,0,0,6,0,11,0,1,0,0,5,66,0,0,0,0,0,0,0,0,0,0,0,0,32,206,1,47,36,254,64,213,84,0,1,15,0,0,0,0,0,0,0,0,0,0,0,0,0,0,0,0,0,6,0,0,0,1,0,0,0,8,0,0,0,0,0,18,0,10,0,6,0,2,0,0,0,4,0,16,0,0,0,0,0,7,0,7,0,2,0,10,0,0,0,0,0,0,0,0,0,0,0,0,0,0,0,0,0,0,0,0,0,0,0,1,0,0,0,0,0,0,0,0,0,0,0,7,0,0,0,0,0,0,1,0,0,7,0,0,0,0,0,0,0,0,0,5,0,42,0,11,0,7,0,4,0,5,0,0,0,140,0,11,0,34,0,4,0,0,63,69,0,11,0,5,0,0,0,4,0,0,0,0,0,7,0,0,0,15,0,3,0,4,0,5,0,0,13,0,0,0,16,34,63,3,2,0,17
1,0,0,0,63,0,0,0,0,0,8,0,216,11,0,0,6,0,173,9,48,0,0,0,0,0,159,16,3,0,13,0,10,0,118,0,85,0,0,0,0,0,93,0,56,0,0,0,11,1,0,0,0,0,0,0,0,0,0,0,6,0,0,0,0,0,0,0,0,0,20,0,10,0,10,0,0,0,0,0,11,0,0,0,0,0,12,0,0,0,0,0,0,0,0,0,0,0,0,0,28,0,0,0,6,0,29,0,0,0,0,0,0,0,0,0,0,0,0,0,0,0,0,0,0,0,0,0,0,0,2,0,0,0,0,0,0,0,21,0,0,0,0,0,22,0,0,0,0,0,0,0,0,0,5,0,7,0,13,0,0,0,16,0,63,0,44,0,97,0,26,0,67,0,0,0,5,0,8,0,0,0,0,0,0,0,69,0,7,0,9,0,0,0,0,0,0,0,0,0,10,0,0,0,0,0,0,0,0,0,47,39,132,24,19,0,0,0,0,0,0,0,0,0,0
0,11,0,0,0,85,0,0,0,0,0,18,52,256,0,4,0,0,39,389,0,64,0,0,0,0,17,349,0,0,0,8,0,19,0,25,0,83,0,2,21,0,0,60,0,60,0,0,0,15,0,0,0,0,0,1,0,0,0,15,0,0,0,0,0,0,0,0,0,0,0,28,0,0,0,12,0,17,0,0,0,131,0,0,0,66,0,52,0,0,0,0,0,0,0,0,0,0,0,16,0,41,0,0,0,0,0,0,0,0,0,0,0,0,0,0,0,0,0,0,0,53,0,0,0,0,0,1,0,0,0,0,0,0,0,0,0,21,0,12,1,96,0,79,0,64,1,0,0,0,0,0,0,0,0,0,0,0,0,0,0,10,0,9,0,99,0,63,0,77,0,27,0,54,0,0,0,63,0,0,0,0,0,0,0,0,6,286,0,30,0,9,0,0,0,0,0,0,0,0,0,0,0,0,0,0,0,0,0,0,0,0,0,0,15,0,0,0,31,37,96,10,0,0,0
3,21,0,2,0,0,9,64,210,123,0,0,0,0,18,0,72,7,22,0,49,0,14,1,13,22,0,0,50,0,21,0,0,0,8,0,5,0,44,5,0,0,0,0,0,0,0,0,4,0,0,0,0,17,131,40,172,4,32,9,20,13,89,43,0,0,4,54,0,0,0,0,0,1,0,0,0,0,0,0,7,0,0,0,17,0,0,0,0,0,28,0,0,0,0,0,0,1,0,0,0,0,0,0,14,0,0,0,0,0,0,0,0,0,0,0,0,0,0,0,13,0,19,0,5,0,20,0,85,0,65,0,10,0,17,0,103,0,49,0,73,0,132,0,0,0,0,0,0,0,2,0,0,0,247,0,13,3,207,0,54,0,0,0,0,0,0,0,3,0,35,3,0,0,0,0,25,3,0,0,0,0,127,1,22,2,0,0,0,0,0,0,0,0,0,0,0,0,0,0,16,0,0,0,0,0,0,0,11,0,90,21,41,75,41,0,6,3,8,0,0,0,0,0,0
0,0,0,5,0,0,4,10,69,76,0,0,0,0,0,24,0,15,0,0,0,18,0,17,1,6,0,12,0,11,0,0,0,0,0,1,0,0,0,7,0,0,0,0,0,0,0,1,0,0,0,0,17,0,13,41,29,84,77,52,0,57,0,77,0,0,93,107,0,0,0,0,0,0,0,0,0,0,0,0,0,0,0,0,0,7,0,0,0,0,0,0,0,0,0,0,0,16,0,0,0,8,0,0,0,0,0,14,0,0,0,0,0,0,0,0,0,0,0,0,0,0,0,1,0,14,0,7,0,109,0,19,0,24,0,18,0,145,0,181,0,35,0,58,0,37,0,0,0,0,0,0,0,0,2,90,4,24,0,85,1,8,0,0,0,0,0,0,0,0,1,4,0,0,0,0,13,20,0,0,0,0,0,2,12,50,0,0,0,0,0,0,0,0,0,0,0,0,0,0,0,0,0,0,0,0,0,0,0,0,4,2,0,0,39,0,0,0,20,33,24,40,0,0,0
5,40,30,0,0,0,161,67,61,186,0,0,5,0,0,0,8,12,0,0,21,0,23,0,67,61,0,0,22,3,23,0,3,0,0,0,0,0,2,7,0,0,0,0,0,0,0,0,20,0,0,0,131,13,0,41,11,0,38,0,49,23,44,82,0,0,7,24,0,0,0,0,0,0,3,0,0,0,0,0,6,0,0,0,4,0,0,0,0,0,25,0,0,0,0,0,0,0,0,0,0,0,0,0,0,0,57,0,0,0,0,0,0,0,0,0,0,0,0,0,0,0,6,0,12,0,50,0,58,0,175,0,39,0,70,0,112,0,5,0,0,0,169,0,0,0,7,0,20,13,0,0,1,0,68,1,19,0,55,0,20,0,0,0,0,0,0,0,20,0,96,0,9,1,0,0,0,17,0,0,0,0,4,6,0,4,0,0,0,0,0,0,0,0,0,0,0,0,1,0,56,0,0,0,0,0,0,0,53,0,272,13,131,157,216,0,18,0,0,0,8,0,0,0,0
0,6,0,24,0,6,0,172,156,101,0,0,0,0,0,25,0,9,0,12,0,32,0,41,3,62,0,0,0,17,0,0,0,0,0,0,0,0,0,8,0,0,0,0,0,0,0,0,0,0,0,1,40,41,41,0,41,57,102,56,0,84,8,129,0,0,205,48,0,0,0,0,0,0,0,0,0,0,0,0,0,3,0,0,0,6,0,0,0,0,0,0,0,1,0,0,0,0,0,0,0,0,0,0,0,0,0,0,0,0,0,0,0,0,0,0,0,0,0,0,0,0,0,0,0,24,0,29,0,76,0,32,0,39,0,136,0,195,0,77,0,14,0,45,0,0,0,6,0,0,0,1,0,0,7,34,0,9,0,27,0,8,0,0,0,2,0,0,0,19,0,155,0,25,0,0,9,12,0,0,0,0,0,2,19,29,0,0,0,0,0,0,0,0,0,0,0,0,0,0,0,17,0,0,0,0,0,4,0,32,5,0,4,0,245,0,0,0,126,19,134,235,0,20,0
0,0,4,0,1,0,0,0,21,70,0,0,0,0,0,0,10,0,0,0,0,0,0,0,4,0,0,0,0,0,0,0,0,0,0,0,0,0,0,0,0,0,0,0,0,0,0,0,46,0,0,0,172,29,11,41,0,7,148,10,18,6,9,24,61,47,33,123,0,0,0,0,0,0,0,0,0,0,0,0,0,0,0,0,0,0,0,0,0,0,0,0,0,0,0,0,0,0,0,0,0,0,0,0,0,0,0,0,0,0,0,0,0,0,0,0,0,0,0,0,0,0,0,0,8,0,16,0,75,0,171,0,42,0,16,0,19,0,0,0,0,0,32,0,1,0,0,0,0,0,1,0,0,0,70,0,47,0,71,12,92,0,18,0,0,0,2,0,30,0,152,4,1,0,0,0,0,0,0,0,0,1,0,0,0,0,0,0,0,0,0,0,0,0,0,0,0,0,0,0,14,0,0,0,0,0,0,0,16,0,303,79,373,313,539,0,39,20,0,0,11,0,0,0,0
0,4,0,0,0,0,0,6,0,3,0,0,0,0,0,0,0,0,0,0,0,0,0,2,0,9,0,0,0,2,0,0,0,0,0,0,0,0,0,5,0,0,0,0,0,0,0,0,0,0,0,0,4,84,0,57,7,0,28,168,0,9,0,16,7,0,70,15,0,0,0,0,0,0,0,0,0,4,0,0,0,0,0,0,0,0,0,0,0,0,0,0,0,0,0,0,0,0,0,0,0,0,0,0,0,0,0,0,0,0,0,0,0,0,0,0,0,0,0,0,0,0,0,0,0,33,0,11,0,173,0,37,0,52,0,71,0,113,0,82,0,12,0,25,0,0,0,0,0,0,0,0,0,0,4,80,0,8,0,99,0,9,0,0,0,2,0,0,0,21,0,134,0,2,0,0,0,0,0,0,0,0,0,0,7,3,0,0,0,0,0,0,0,0,0,0,0,0,0,0,0,6,0,0,0,0,0,0,0,8,0,0,0,0,118,0,0,0,59,31,123,117,0,8,0
0,0,9,0,0,0,11,0,190,106,0,0,1,0,0,0,2,0,0,0,4,0,1,0,6,0,2,0,0,0,0,0,0,0,0,0,3,0,0,0,0,0,1,0,0,0,0,0,26,0,0,0,32,77,38,102,148,28,0,76,50,0,4,48,34,45,71,375,0,0,0,0,0,0,0,0,0,0,0,0,0,0,1,0,0,0,0,0,0,0,0,0,0,0,0,0,0,0,0,0,0,0,0,0,0,0,0,0,0,0,0,0,0,0,0,0,0,0,0,0,0,0,0,0,22,0,7,0,8,0,156,0,6,0,9,0,0,0,1,2,0,0,0,0,1,0,0,0,8,0,0,0,0,0,61,22,110,0,0,8,66,21,8,0,0,0,0,0,14,0,40,0,2,0,0,0,49,0,0,0,0,0,0,0,10,0,0,0,0,0,0,0,0,0,0,0,0,0,0,0,0,0,0,0,0,0,0,0,10,0,578,193,176,355,806,0,42,0,0,7,4,0,0,0,0
0,49,0,9,0,0,0,26,0,118,0,5,0,0,0,0,0,0,0,0,0,0,0,0,0,0,0,0,0,0,0,0,0,0,0,0,0,7,0,0,0,0,0,0,0,0,0,0,0,0,0,15,9,52,0,56,10,168,76,0,0,16,0,12,37,44,200,194,0,0,0,0,0,0,0,0,0,0,0,0,0,0,0,1,0,0,0,0,0,0,0,0,0,0,0,0,0,0,0,0,0,0,0,0,0,0,0,0,0,0,0,0,0,0,0,0,0,2,0,0,0,0,0,0,0,20,0,9,0,11,0,34,0,12,0,18,0,31,0,11,0,6,0,0,0,23,0,0,0,4,0,1,0,0,20,55,0,91,12,53,27,42,0,35,0,4,1,10,0,51,0,236,0,0,0,1,0,0,0,0,0,0,1,0,21,3,0,0,0,1,0,0,0,0,0,0,0,0,0,0,1,0,0,0,0,0,0,0,0,10,3,2,0,0,1150,0,0,0,452,63,764,606,48,30,0
119,0,21,0,0,0,152,9,198,0,0,0,0,0,0,1,30,0,0,0,9,0,0,3,54,0,0,0,2,0,0,0,16,0,0,0,39,0,24,0,0,0,11,0,0,0,0,0,4,0,6,0,20,0,49,0,18,0,50,0,0,0,15,0,0,0,13,0,0,0,16,0,0,0,12,0,0,0,0,0,0,0,0,0,0,0,0,0,0,0,0,0,0,0,0,0,0,0,0,0,0,0,0,0,0,0,0,0,0,0,0,0,0,0,0,0,0,0,0,0,0,0,0,0,0,0,0,0,0,0,0,0,0,0,0,0,9,0,211,0,150,0,42,0,146,0,0,0,0,0,0,0,0,0,38,0,210,0,40,0,1,0,15,0,0,0,0,0,7,0,94,0,124,0,0,0,126,0,0,0,0,0,140,0,0,0,0,0,0,0,0,0,0,0,0,0,0,0,0,0,0,0,0,0,0,0,0,0,0,0,96,75,165,130,109,0,20,5,0,0,0,0,0,0,0
12,143,0,0,0,0,0,276,33,376,0,2,0,0,0,9,0,0,0,0,0,17,0,0,11,115,0,0,0,38,0,4,0,8,0,15,0,40,0,19,0,0,0,5,0,0,0,0,0,0,0,0,13,57,23,84,6,9,0,16,0,0,13,57,0,0,10,46,0,1,0,0,0,0,0,0,0,0,0,0,0,0,0,0,0,3,0,0,0,0,0,0,0,0,0,0,0,0,0,0,0,0,0,0,0,0,0,0,0,0,0,0,0,0,0,0,0,0,0,0,0,0,0,0,0,0,0,0,0,0,0,0,0,0,0,0,0,14,0,88,0,114,0,12,0,324,0,0,0,0,0,0,0,0,0,2,0,75,0,0,0,0,0,0,0,0,0,3,0,3,0,55,0,48,0,0,16,182,0,0,0,0,0,124,1,25,0,0,0,0,0,0,0,0,0,0,0,0,0,0,0,0,0,0,0,0,0,0,0,0,2,0,0,0,65,0,0,0,37,90,83,134,0,12,0
52,89,0,10,0,0,144,75,105,48,0,0,0,0,34,2,286,14,0,0,146,0,28,4,68,69,0,0,81,8,38,0,4,0,7,0,3,0,31,5,0,0,0,0,0,0,0,0,0,0,0,0,89,0,44,8,9,0,4,0,15,13,0,16,0,0,0,0,0,0,0,0,0,0,0,0,0,0,0,0,11,0,0,0,15,0,15,0,0,0,31,0,0,0,0,0,20,0,43,0,0,0,0,0,0,0,52,0,0,0,0,0,0,0,0,0,0,0,0,0,18,0,24,0,0,0,0,0,26,0,10,0,0,0,23,0,60,0,31,0,46,0,133,0,2,0,0,0,0,0,0,0,0,0,80,0,34,0,58,0,22,0,0,0,0,0,0,0,12,0,3,0,5,0,0,0,41,11,0,0,0,0,162,1,0,0,0,0,0,0,0,0,0,0,0,0,0,0,2,0,16,0,0,0,0,0,0,0,4,1,19,18,18,11,29,0,0,0,0,1,0,1,0,0,0
2,19,0,0,0,0,38,155,170,221,0,0,0,0,0,119,0,84,0,68,0,65,0,86,3,58,0,29,0,64,0,13,0,7,0,3,0,0,0,42,0,0,0,5,0,0,0,9,0,0,0,0,43,77,82,129,24,16,48,12,0,57,16,0,0,0,47,25,0,0,0,0,0,0,0,0,0,0,0,0,0,0,0,0,0,0,0,0,0,0,0,0,0,0,0,0,0,1,0,0,0,0,0,1,0,0,0,0,0,0,0,0,0,0,0,0,0,0,0,0,0,0,0,0,0,0,0,0,0,11,0,0,0,0,0,0,0,28,0,159,0,29,0,12,0,63,0,0,0,0,0,0,0,0,0,24,0,9,0,21,0,0,0,0,0,0,0,0,0,0,0,5,0,1,0,0,21,77,0,0,0,0,0,26,0,28,0,0,0,0,0,0,0,0,0,0,0,0,0,0,0,0,0,0,0,0,0,0,0,0,2,1,0,0,1,0,0,0,2,4,7,6,0,0,0
7,0,5,0,23,0,18,0,54,0,7,0,0,0,5,0,0,0,15,0,0,0,0,0,6,0,2,0,0,0,0,0,0,0,0,0,0,0,0,0,13,0,0,0,0,0,10,0,1,0,0,0,0,0,0,0,61,7,34,37,0,0,0,0,0,69,23,55,0,0,0,0,0,0,0,0,0,0,0,0,0,0,0,0,0,0,0,0,0,0,0,0,0,0,0,0,0,0,0,0,0,0,0,0,0,0,0,0,0,0,0,0,0,0,0,0,0,0,0,0,0,0,0,0,13,0,5,0,0,25,29,27,1,0,3,0,0,0,4,67,0,3,0,0,5,12,34,0,5,19,7,0,12,0,4,24,0,0,0,60,193,159,0,0,0,0,0,0,0,0,2,0,0,0,109,0,90,0,0,0,0,0,11,0,155,0,0,0,0,0,0,0,0,0,0,0,0,0,0,0,0,0,0,0,0,0,0,0,2,0,106,17,0,0,123,0,0,0,0,0,0,0,0,0,0
0,83,0,0,0,0,0,3,0,181,0,19,0,0,0,0,0,0,0,23,0,0,0,0,0,0,0,26,0,0,0,0,0,0,0,0,0,0,0,0,0,5,0,0,0,0,0,20,0,0,0,0,0,0,0,0,47,0,45,44,0,0,0,0,69,0,50,277,0,0,0,0,0,0,0,0,0,0,0,0,0,0,0,0,0,0,0,0,0,0,0,0,0,0,0,0,0,0,0,1,0,0,0,0,0,0,0,0,0,0,0,0,0,0,0,0,0,0,0,0,0,0,0,0,0,21,0,11,14,0,0,51,0,0,0,17,0,9,13,17,0,0,0,0,7,38,0,79,0,122,0,33,0,9,10,7,0,0,41,19,98,206,0,0,0,0,0,0,0,0,1,0,0,0,6,15,9,2,0,0,0,71,0,7,8,102,0,0,0,0,0,0,0,0,0,0,0,0,0,0,0,4,0,0,0,0,0,19,0,50,0,0,0,0,242,0,0,0,153,30,0,0,0,0,0
3,0,9,0,14,0,26,0,311,109,18,0,15,0,8,0,1,0,21,0,0,0,2,0,2,0,0,0,0,0,0,0,2,0,0,0,0,0,0,0,0,0,1,0,0,0,0,0,11,0,0,0,4,93,7,205,33,70,71,200,13,10,0,47,23,50,0,423,0,0,0,0,0,0,0,0,0,0,0,0,0,0,0,0,0,0,0,0,0,0,0,0,0,0,0,0,0,0,0,0,0,0,0,0,0,0,0,0,0,0,0,0,0,0,0,0,0,0,0,0,0,0,0,0,7,0,1,0,0,0,5,0,0,0,0,0,0,0,0,0,0,0,0,0,0,0,6,0,11,0,0,0,0,0,27,31,45,15,0,23,2,28,0,0,0,0,2,0,0,1,0,0,2,0,0,0,158,0,1,0,0,0,16,0,151,0,0,0,0,0,0,0,0,0,0,0,0,0,0,0,0,0,0,0,0,0,0,0,0,0,227,118,55,80,313,0,11,0,19,13,0,0,0,0,0
0,33,0,0,0,2,1,1,56,57,0,3,0,0,0,1,0,0,0,2,0,0,0,0,0,0,0,4,0,0,0,0,0,2,0,0,0,0,0,3,0,0,0,11,1,0,0,2,0,0,0,0,54,107,24,48,123,15,375,194,0,46,0,25,55,277,423,0,0,1,0,0,0,0,0,0,0,0,0,0,0,0,0,0,0,0,0,0,0,0,0,0,0,1,0,0,0,0,0,0,0,0,0,0,0,0,0,0,0,0,0,0,0,0,0,0,0,0,0,0,0,0,0,0,0,14,0,0,0,0,0,30,0,0,0,0,0,0,0,0,0,0,1,0,0,16,0,4,0,44,0,2,0,2,39,40,6,123,24,19,61,39,0,0,0,4,0,8,0,10,0,48,0,0,0,0,15,4,0,0,0,5,0,1,67,91,0,0,0,0,0,0,0,0,0,0,0,0,0,0,0,0,0,0,0,0,0,1,0,6,4,14,0,0,1090,0,0,0,636,111,314,415,28,13,0
0,0,0,0,0,0,0,0,0,0,0,0,0,0,0,0,0,0,0,0,0,0,0,0,0,0,0,0,0,0,0,0,0,0,0,0,0,0,0,0,0,0,0,0,0,0,2,0,4,0,0,0,0,0,0,0,0,0,0,0,0,0,0,0,0,0,0,0,0,0,0,0,10,0,0,0,110,0,21,0,0,0,43,0,0,0,0,0,18,0,0,0,59,0,35,0,0,0,7,0,0,0,190,0,70,0,82,0,46,0,2,0,6,0,0,0,0,0,1,0,0,0,0,0,0,0,0,0,0,0,0,0,0,0,0,0,0,0,0,0,0,0,0,0,0,0,0,0,0,0,0,0,0,0,0,0,0,0,0,0,0,0,0,0,4,0,0,0,101,0,4,0,0,0,6,0,0,0,0,0,7,4,0,0,0,0,0,0,65,0,46,0,66,0,53,0,0,0,47,0,49,0,44,0,120,0,0,0,0,0,111,0,47,3,21,139,32,0,0,0,0,0,0,0,0
0,0,0,0,0,0,0,0,0,0,0,0,0,0,0,0,0,0,0,0,0,0,0,0,0,0,0,0,0,0,0,0,0,0,0,0,0,0,0,0,0,3,0,0,0,11,0,0,0,6,0,0,0,0,0,0,0,0,0,0,0,1,0,0,0,0,0,1,0,0,0,0,0,0,0,0,0,94,0,0,0,0,0,28,0,0,0,0,0,10,0,0,0,41,0,7,0,0,0,0,0,8,0,162,0,0,0,19,0,11,0,8,0,0,0,0,0,7,0,0,0,0,0,0,0,0,1,1,0,0,0,0,0,2,0,0,0,1,0,0,0,0,0,0,0,0,0,0,0,0,0,0,0,0,0,0,0,1,0,0,0,2,0,0,0,18,0,0,0,56,0,0,0,0,0,0,0,1,0,0,0,0,0,0,0,0,0,0,0,16,0,6,0,4,0,12,0,1,0,5,0,0,0,15,0,11,0,0,0,0,0,0,0,0,7,0,0,0,69,4,74,4,45,7,5
0,0,0,0,0,0,0,0,0,0,2,0,0,0,9,0,25,0,47,0,112,0,0,0,0,0,45,0,12,0,26,0,6,0,0,0,29,0,1,0,0,0,21,0,73,0,0,0,4,0,20,0,0,0,0,0,0,0,0,0,16,0,0,0,0,0,0,0,0,0,0,0,296,0,284,1,21,0,180,0,0,0,0,0,0,0,5,0,0,0,0,0,0,0,0,0,0,0,0,0,0,0,0,0,0,0,0,1,0,0,0,0,0,0,0,0,0,0,1,0,17,0,30,0,13,0,12,0,0,0,11,10,4,0,39,0,19,0,19,11,83,0,46,0,175,5,13,0,25,11,33,0,21,2,0,0,6,0,0,1,0,0,77,2,0,0,5,0,61,0,29,0,45,0,51,0,0,0,0,0,16,23,0,0,0,0,0,0,0,0,0,0,0,0,0,0,0,0,0,0,3,0,0,0,0,0,0,0,22,0,4,1,38,0,0,0,1,0,6,0,0,0,0,0,0
0,0,0,0,0,0,0,0,0,0,0,0,0,0,0,0,0,0,0,0,0,12,0,0,0,0,0,0,0,0,0,0,0,0,0,8,0,9,0,0,0,0,0,23,0,23,0,0,0,0,0,28,0,0,0,0,0,0,0,0,0,0,0,0,0,0,0,0,0,0,0,0,0,177,2,310,0,20,0,14,0,0,0,0,0,7,0,37,0,0,0,0,0,0,0,0,0,0,0,0,0,0,0,0,0,0,0,0,0,0,0,0,0,0,0,0,0,0,0,0,0,6,0,37,9,75,6,94,0,0,17,5,10,39,0,10,0,35,0,0,0,61,0,10,4,212,0,31,0,37,9,39,0,35,0,0,0,6,0,0,0,0,0,43,0,1,0,25,0,4,0,21,0,38,0,40,0,0,0,0,9,96,0,0,0,0,0,0,0,0,0,0,0,0,0,0,0,0,0,0,0,0,0,0,0,0,0,0,3,18,0,0,0,0,0,0,0,0,53,3,8,0,0,0,0
0,0,0,0,0,0,0,0,0,0,0,0,0,0,0,0,0,0,0,0,0,0,0,0,0,0,0,0,0,0,0,0,6,0,0,0,0,0,0,0,0,0,0,0,0,0,0,0,0,0,10,0,0,0,0,0,0,0,0,0,0,0,0,0,0,0,0,0,10,0,296,0,0,0,103,0,47,0,198,0,0,0,3,0,5,0,5,0,0,0,0,0,0,0,0,0,3,0,0,0,0,0,0,0,0,0,0,0,0,0,0,0,0,0,0,0,0,0,1,0,21,0,24,0,35,0,43,0,0,3,0,0,19,0,64,0,22,0,33,0,84,12,86,0,82,0,29,0,11,0,62,8,34,0,0,0,0,0,0,0,0,0,79,0,2,0,0,0,13,0,12,0,0,0,24,0,0,0,0,0,0,23,0,0,0,0,0,0,0,0,0,0,0,0,0,0,0,0,0,0,0,0,16,0,9,0,0,0,31,0,178,4,12,4,22,0,0,0,0,0,0,0,0,0,0
0,0,0,0,0,0,0,0,0,0,0,0,0,0,0,0,0,0,0,0,0,0,0,0,0,0,0,0,0,0,0,0,0,0,0,0,0,0,0,0,0,0,0,0,0,0,0,2,0,1,0,0,1,0,0,0,0,0,0,0,0,0,0,0,0,0,0,0,0,0,0,177,0,0,0,241,0,101,0,104,0,0,0,20,0,53,0,131,0,0,0,0,0,1,0,0,0,2,0,0,0,0,0,0,0,2,0,0,0,0,0,0,0,0,0,0,0,2,0,0,0,71,0,24,4,33,5,51,1,6,0,9,4,0,0,71,0,46,0,0,0,33,0,22,0,133,0,21,0,16,0,36,0,0,0,0,0,0,0,0,0,0,0,49,0,0,0,5,0,8,0,10,0,7,0,16,0,0,0,0,0,46,0,0,0,0,0,0,0,37,0,0,0,0,0,0,0,0,0,97,0,145,0,108,0,0,0,0,0,24,0,0,0,0,12,0,0,0,238,4,9,0,0,0,0
0,0,5,0,0,0,0,0,0,0,0,0,0,0,0,0,33,0,54,0,122,0,5,0,0,0,44,0,18,0,24,0,14,0,10,0,21,0,0,0,0,0,18,0,89,0,0,0,0,0,10,0,0,0,3,0,0,0,0,0,12,0,0,0,0,0,0,0,0,0,284,2,103,0,0,0,33,0,160,0,14,0,26,0,3,0,24,2,0,0,0,0,0,0,7,0,2,0,0,0,0,0,0,0,0,0,0,0,0,0,0,0,0,0,0,0,0,0,0,0,30,0,24,0,11,23,0,0,1,11,2,8,1,0,25,0,6,0,19,8,103,5,95,0,90,3,0,2,10,8,0,0,0,1,0,0,9,0,0,0,0,0,26,0,0,0,3,0,29,0,15,0,26,0,56,0,0,0,0,0,41,16,0,0,0,0,0,0,0,0,0,0,0,0,0,0,0,0,21,0,4,0,0,0,0,0,0,0,0,0,10,0,10,0,7,0,1,0,16,0,0,0,0,0,0
0,0,0,1,0,0,0,0,0,0,0,0,0,0,0,0,0,0,0,0,0,8,0,0,0,0,0,0,0,0,0,0,0,0,0,0,0,11,0,0,0,0,0,16,0,18,0,0,0,0,0,12,0,0,0,0,0,0,0,0,0,0,0,0,0,0,0,0,0,0,1,310,0,241,0,0,0,10,0,49,0,23,0,0,0,55,0,182,0,0,0,0,0,0,0,4,0,0,0,0,0,0,0,0,0,0,0,0,0,0,0,0,0,0,0,0,0,0,0,0,0,149,0,76,0,0,0,26,0,0,0,0,10,6,0,0,0,19,9,0,0,70,0,19,0,246,6,42,0,50,2,0,6,29,0,0,1,8,0,0,0,0,0,36,0,0,0,11,0,0,0,11,0,15,0,41,0,0,0,0,0,129,0,0,0,0,0,0,0,0,0,0,0,0,0,0,0,0,0,12,0,33,0,6,0,0,0,0,0,16,0,0,0,0,0,0,0,0,56,5,0,0,0,0,0
0,0,0,0,0,0,0,0,0,0,0,0,0,0,0,0,0,0,0,0,0,0,0,0,0,0,0,0,0,0,0,0,0,0,0,0,0,0,0,0,0,0,0,0,0,0,0,0,6,0,0,0,0,0,0,0,0,0,0,0,0,0,0,0,0,0,0,0,110,0,21,0,47,0,33,0,0,0,86,0,0,0,12,0,23,0,12,0,3,0,10,0,8,0,23,0,38,0,10,0,8,0,13,0,48,0,47,0,0,0,0,0,1,0,0,0,3,0,0,0,35,0,13,1,0,0,0,0,0,1,0,0,0,0,0,0,0,0,0,0,0,0,0,0,0,0,5,4,0,0,0,0,5,0,0,0,0,0,0,0,0,0,0,0,17,0,0,0,22,0,0,0,0,0,0,0,0,0,0,0,0,0,0,0,0,0,0,0,0,0,32,0,78,0,23,0,0,0,0,0,62,0,67,0,129,0,0,0,10,0,85,3,13,1,14,14,9,2,0,0,0,0,0,0,0
0,0,0,0,0,0,0,0,0,0,0,0,0,0,0,0,0,0,0,0,0,0,0,0,0,0,0,0,0,0,0,0,0,0,0,0,0,0,0,0,0,3,0,0,0,44,0,0,0,8,0,17,0,0,0,0,0,4,0,0,0,0,0,0,0,0,0,0,0,94,0,20,0,101,0,10,0,0,0,21,0,92,0,165,0,15,0,202,0,10,0,0,0,68,0,19,0,0,0,22,0,23,0,121,0,30,3,69,0,8,0,0,0,0,0,0,0,26,0,0,0,10,0,0,0,0,0,0,0,1,0,0,0,0,0,0,0,0,0,0,0,0,0,0,0,0,0,0,0,0,0,0,0,0,0,1,0,0,0,0,0,6,0,2,0,43,0,0,0,44,0,0,0,0,0,0,0,0,0,0,0,0,0,0,0,0,0,0,0,139,0,0,0,0,0,80,0,0,0,0,0,117,0,0,0,0,0,0,0,0,0,0,2,0,18,0,0,0,88,6,115,0,11,0,0
0,0,0,0,0,0,0,0,0,0,0,0,0,0,0,0,0,0,0,0,0,0,0,0,0,0,0,0,0,0,0,0,0,0,0,0,0,0,0,0,0,0,0,0,0,0,0,0,12,0,0,0,0,0,0,0,0,0,0,0,0,0,0,0,0,0,0,0,21,0,180,0,198,0,160,0,86,0,0,0,10,0,63,0,24,0,47,0,0,0,0,0,7,0,19,0,18,0,0,0,3,0,5,1,0,0,7,0,0,0,0,0,0,0,0,0,5,0,0,0,62,0,45,0,0,0,0,0,0,0,5,4,0,0,98,0,10,0,0,0,110,0,126,0,78,4,0,0,10,0,33,0,0,0,0,0,0,0,0,0,0,0,34,0,15,0,0,0,22,0,0,0,0,0,26,0,0,0,0,0,0,24,0,0,0,0,1,0,0,0,0,0,0,0,0,0,4,0,106,0,42,0,0,0,0,0,67,0,51,0,202,7,28,0,32,5,14,2,10,0,0,0,0,0,0
