0,574,87,283,48,0,31,129,87,50,83,21,77,2,24,52,73,32,24,0,0,2,45,66,2,112,37,0,33,0,0,0,78,2,0,0,47,6,266,6,34,0,4,0,0,0,11,0,5,0,12,0,0,0,0,0,0,0,4,1,42,5,18,2,32,0,7,0,0,0,0,0,0,0,0,0,0,0,0,0,0,0,0,0,0,0,0,0,0,0,0,0,0,0,0,0,0,0,0,0,0,0,0,0,0,0,0,0,0,0,0,0,0,0,0,0,0,0,0,0,0,0,0,0,0,0,0,0,0,0,6,0,1,0,11,0,1,0,0,0,0,0,0,0,0,0,29,0,19,0,73,0,48,0,0,0,0,0,0,0,0,0,0,0,3,0,0,0,4,0,2,1,78,0,3,0,113,82,5,0,38,0,64,30,33,0,0,0,0,0,0,0,0,0,0,0,0,0,0,0,0,0,0,0,0,0,3,0,11,0,5,0,2,0,109,0,1,0,10,1,242,12,22,0,18,0,189,40,152,0,104,0,194,10,17,3,22,0,54,0,53,0,127,2,278,1,0,0,0
574,0,335,82,86,179,176,71,181,102,63,223,4,85,22,19,118,28,0,73,9,16,356,21,146,16,0,49,0,27,0,36,1,127,0,21,0,273,11,196,0,49,0,0,0,0,0,23,0,4,0,0,0,4,0,14,0,0,0,5,2,116,0,27,1,63,0,11,0,0,0,0,0,0,0,0,0,0,0,0,0,0,0,0,0,0,0,0,0,0,0,0,0,0,0,0,0,0,0,0,0,0,0,9,0,8,0,36,0,0,0,0,0,0,0,0,0,0,0,1,0,0,0,0,0,3,0,11,0,0,0,8,0,0,0,136,0,67,0,0,0,0,0,0,0,13,0,25,0,52,0,60,1,136,0,8,0,20,0,7,0,2,0,1,1,6,0,5,0,0,0,20,4,93,1,27,58,216,1,14,0,65,6,22,0,97,0,38,0,0,0,2,0,0,0,0,0,9,0,26,0,30,0,0,0,0,0,22,1,44,0,0,0,2,0,59,0,4,0,0,20,383,1,8,0,0,27,195,9,374,0,85,2,470,0,50,0,6,2,111,0,47,0,103,12,254,0,0,0
87,335,0,179,174,52,39,33,8,8,28,185,119,0,223,90,52,17,146,0,36,0,557,43,136,29,173,0,135,0,32,0,183,0,0,0,75,7,429,0,70,0,0,0,7,0,21,0,4,0,0,0,0,0,22,1,3,0,6,0,37,0,36,0,22,0,4,0,0,0,0,0,0,0,0,0,0,0,0,0,0,0,0,0,0,0,0,0,0,0,0,0,0,0,0,0,0,0,0,0,0,0,0,0,27,0,15,0,0,0,0,0,0,0,0,0,0,0,0,0,0,0,0,0,10,0,11,0,2,0,18,0,0,0,164,0,13,1,0,0,2,0,0,0,0,0,83,0,49,0,104,0,33,0,0,0,0,0,0,0,5,0,2,0,3,0,36,0,14,0,0,0,141,0,0,0,15,38,0,0,17,0,5,23,5,0,0,0,0,0,0,0,0,0,0,0,0,0,15,0,73,0,0,0,0,0,13,0,83,0,0,0,0,0,102,0,0,0,5,0,369,4,14,0,23,0,92,33,274,6,63,0,174,5,0,2,29,0,39,0,0,0,86,0,172,0,0,0,0
283,82,179,0,113,251,44,58,29,1,146,8,0,0,74,245,48,122,0,84,15,22,207,268,33,214,0,37,4,136,0,40,0,310,0,3,0,421,9,318,0,0,0,0,0,0,0,8,0,0,0,0,0,0,0,133,0,14,0,13,1,40,2,6,3,2,0,0,0,0,0,0,0,0,0,0,0,0,0,0,0,0,0,0,0,13,0,0,0,0,0,13,0,0,0,0,0,13,0,23,0,0,0,0,0,8,0,56,0,0,0,0,0,0,0,0,0,0,0,0,0,0,0,6,0,6,0,0,0,0,0,8,0,6,0,94,0,27,0,0,0,10,0,23,0,0,0,0,0,3,0,12,0,0,0,3,0,0,0,3,0,0,0,0,0,3,0,18,0,0,0,7,5,78,0,0,14,25,0,2,0,0,2,0,0,0,0,0,0,0,0,0,0,0,0,0,0,4,0,0,0,31,0,0,0,0,0,0,0,13,0,0,0,1,1,33,0,0,0,0,0,408,0,8,0,10,8,155,0,280,0,49,0,316,0,39,0,6,1,55,0,8,0,41,6,139,0,0,0
48,86,174,113,0,411,15,3,4,0,38,407,344,83,139,301,16,0,53,61,35,11,64,47,18,3,170,13,0,0,101,0,179,24,61,0,294,16,142,0,179,0,0,0,0,0,18,0,0,0,63,1,0,0,2,0,0,0,0,0,1,0,4,0,6,0,0,0,0,0,0,0,0,0,0,0,0,0,0,0,0,0,0,0,0,0,0,0,0,0,0,0,0,0,0,0,0,0,0,0,0,0,0,0,0,0,0,0,0,0,0,0,0,0,0,0,0,0,0,0,1,0,0,0,0,0,0,0,0,0,0,1,0,0,8,0,0,0,0,0,0,0,0,1,0,0,0,0,14,0,30,0,27,0,0,0,1,0,0,0,6,0,0,0,9,0,171,0,55,0,0,0,99,0,9,0,97,163,10,9,29,0,17,0,8,0,1,9,0,0,0,0,0,0,0,0,0,0,0,0,0,0,0,0,0,0,0,0,0,0,1,0,0,0,38,1,1,0,0,0,396,25,0,1,95,0,256,26,471,0,123,0,137,0,0,0,34,5,27,0,0,0,67,0,224,0,0,0,0
0,179,52,251,411,0,0,10,2,23,258,277,383,139,465,214,0,13,282,109,99,86,80,127,0,12,0,116,0,14,0,223,0,217,12,69,9,415,0,0,19,81,20,23,0,11,10,87,2,0,48,29,0,0,0,24,0,5,0,6,0,17,0,0,0,0,0,0,0,0,0,0,0,1,0,0,0,0,0,0,0,0,0,0,0,0,0,0,0,0,0,0,0,0,0,0,0,0,0,0,0,0,0,0,0,0,0,0,0,0,0,0,0,0,0,0,0,0,0,0,0,9,0,0,0,0,0,2,0,0,0,0,0,0,0,41,0,13,0,5,0,0,0,12,0,6,0,0,0,0,0,29,0,42,0,2,1,0,0,6,0,0,0,0,0,13,0,49,0,9,0,6,0,53,0,0,50,119,13,0,0,23,0,0,0,26,4,0,0,0,0,0,0,0,0,0,0,3,0,0,0,12,0,0,0,0,0,6,0,0,0,3,0,0,0,26,0,0,0,15,0,468,0,12,0,52,15,139,9,470,0,104,0,298,1,30,0,17,0,35,0,17,0,23,3,76,0,0,0
31,176,39,44,15,0,0,102,37,312,11,0,12,0,14,0,9,55,19,0,0,0,20,0,317,141,15,0,51,0,0,0,0,0,0,0,0,0,130,0,7,0,0,0,0,0,0,0,0,0,0,0,5,5,260,80,10,0,55,0,153,0,113,58,12,0,5,26,0,0,0,1,0,0,0,0,0,0,0,0,0,0,0,0,1,0,0,2,0,0,0,0,1,0,0,0,0,0,0,2,0,0,0,0,0,0,0,0,0,0,0,0,1,0,0,0,0,0,0,0,1,0,0,0,7,0,23,0,0,0,22,0,9,0,56,0,7,0,0,0,0,0,18,0,0,0,38,0,32,0,50,0,13,0,0,0,2,1,0,0,29,0,2,0,1,0,0,0,5,0,19,0,161,0,2,0,17,32,0,0,0,0,0,37,0,0,0,0,0,0,0,0,0,0,0,0,0,0,5,0,25,0,0,0,0,0,7,0,52,0,0,0,6,0,172,0,0,0,0,0,273,0,39,0,22,0,163,4,308,0,48,0,157,0,36,1,23,0,125,0,57,0,131,0,389,0,0,0,0
129,71,33,58,3,10,102,0,244,25,1,0,0,2,2,0,80,15,0,18,0,0,17,15,98,216,0,9,0,85,0,0,0,0,0,0,0,58,9,372,0,0,0,0,0,0,0,0,0,0,0,0,0,5,17,385,0,19,0,19,0,364,7,66,1,15,0,2,0,0,0,0,0,0,0,0,0,0,0,0,0,0,0,0,0,0,0,0,0,0,0,6,0,0,0,0,0,0,0,0,0,0,0,13,0,19,0,77,0,0,0,0,0,0,0,0,0,0,0,0,0,3,0,0,0,35,0,18,0,1,0,30,0,6,0,212,0,120,0,20,0,9,0,9,0,0,0,11,0,13,0,24,0,8,0,4,0,7,1,0,0,6,0,2,0,0,0,0,0,0,0,9,0,101,0,0,7,16,0,0,0,4,0,12,0,0,0,0,0,0,0,0,0,0,0,0,0,12,0,0,0,68,0,0,0,0,1,32,0,84,0,5,0,5,0,100,0,0,0,4,6,390,0,24,0,21,10,65,3,316,0,16,0,286,0,33,0,3,1,56,0,14,0,29,10,141,0,0,0
87,181,8,29,4,2,37,244,0,792,6,3,10,0,7,0,17,68,3,0,0,0,1,0,13,256,5,0,5,0,2,0,1,0,0,0,1,0,28,0,6,0,0,0,0,0,3,0,0,0,5,0,3,32,31,230,6,31,62,48,72,8,68,100,106,0,129,107,0,0,0,0,0,0,0,0,0,0,0,0,0,0,0,0,0,0,0,0,0,0,0,0,0,0,0,0,0,0,0,0,0,0,0,0,0,0,0,0,0,0,0,0,0,0,0,0,0,0,0,0,0,0,0,0,5,0,13,0,0,0,9,0,0,0,10,0,0,0,0,0,0,0,0,0,0,0,42,0,69,0,46,0,26,0,0,5,0,0,0,0,16,0,0,0,2,0,4,0,1,0,4,0,77,0,30,0,292,66,0,0,3,0,39,50,44,0,0,0,0,0,0,0,0,0,0,0,0,0,3,0,0,0,0,0,1,0,3,0,11,0,0,0,3,0,63,0,0,0,0,0,66,4,9,0,10,0,77,0,96,0,10,0,71,2,13,0,5,0,42,0,26,0,43,0,161,0,0,0,0
50,102,8,1,0,23,312,25,792,0,0,19,1,0,2,0,71,10,0,15,0,0,0,0,139,68,0,0,0,0,0,0,0,0,0,0,0,0,0,40,0,3,0,0,0,0,0,0,0,0,0,0,33,16,200,114,0,16,93,81,0,316,79,331,0,331,40,386,0,0,0,1,0,0,0,0,0,0,0,0,0,0,0,0,0,0,0,0,0,0,0,0,0,0,0,0,1,0,0,2,0,0,0,0,0,0,0,29,0,0,0,0,0,0,0,0,0,0,0,0,0,0,0,0,0,62,0,47,0,0,0,31,0,0,0,110,0,65,0,4,0,3,0,4,0,0,0,41,0,85,2,62,0,56,1,7,0,35,0,0,0,33,0,0,0,1,0,0,0,8,1,13,0,46,6,2,32,301,0,4,0,5,9,69,0,17,0,5,0,0,0,0,0,0,0,0,0,8,0,15,0,22,0,0,0,0,0,39,0,98,0,8,0,3,0,121,0,2,0,6,1,251,0,14,0,16,1,88,0,415,0,22,0,287,0,49,0,5,0,111,0,22,0,38,6,217,0,0,0
83,63,28,146,38,258,11,1,6,0,0,266,209,0,24,234,6,2,27,8,45,0,14,41,0,0,34,0,3,0,31,1,120,6,15,0,158,3,117,0,61,0,0,0,0,0,7,0,2,0,24,0,0,0,0,0,0,0,0,0,0,0,0,0,7,0,0,0,0,0,0,0,0,0,0,0,0,0,0,0,0,0,0,0,0,0,0,0,0,0,0,0,0,0,0,0,0,0,0,0,0,0,0,0,0,0,0,0,0,0,0,0,0,0,0,0,0,0,0,0,0,0,0,0,0,0,0,0,0,0,1,0,0,0,1,0,0,0,0,0,1,0,0,0,0,0,4,0,6,0,31,0,10,0,0,0,0,0,0,0,0,0,0,0,0,0,20,0,6,0,0,0,15,0,10,0,120,65,21,1,36,0,25,0,11,0,1,0,1,0,0,0,0,0,0,0,0,0,0,0,0,0,0,0,0,0,0,0,0,0,0,0,0,0,23,0,0,0,0,0,139,10,0,0,30,0,173,37,138,0,59,0,73,0,0,1,17,0,26,0,0,0,69,0,142,0,0,0,0
21,223,185,8,407,277,0,0,3,19,266,0,124,406,391,31,2,5,75,59,50,31,153,57,0,0,18,65,0,11,0,89,5,179,6,15,7,214,0,3,0,164,0,10,0,0,0,72,0,25,0,8,0,0,0,2,0,0,0,0,0,0,0,0,1,4,1,2,0,0,0,0,0,0,0,0,0,0,0,0,0,0,0,0,0,0,0,2,0,0,0,0,0,0,0,0,0,0,0,0,0,0,0,0,0,2,0,8,0,0,0,0,0,0,0,0,0,0,0,2,0,0,0,0,0,0,0,0,0,0,0,0,0,0,0,16,0,6,0,0,0,0,0,0,0,0,0,7,0,0,0,42,0,61,0,0,0,0,0,0,0,0,0,0,0,4,0,22,0,0,0,4,0,28,0,56,71,286,6,29,0,132,0,35,0,28,0,159,0,0,0,0,0,0,0,0,0,1,0,7,0,6,0,1,0,0,0,0,0,0,0,3,0,0,0,11,0,6,0,26,0,316,0,9,0,51,4,129,0,237,0,88,0,298,0,25,0,15,0,46,0,14,0,43,10,102,0,0,0
77,4,119,0,344,383,12,0,10,1,209,124,0,469,48,95,0,0,37,314,45,32,6,0,0,0,80,209,0,0,36,2,20,0,132,0,90,19,2,0,307,9,29,0,4,3,40,0,36,0,192,8,0,0,0,0,0,0,0,0,0,0,0,0,4,0,0,0,1,0,0,0,0,0,0,0,0,0,1,0,0,0,0,0,0,0,0,0,0,0,0,0,0,0,0,0,0,0,0,0,0,0,0,0,0,0,0,0,0,0,0,0,0,0,0,0,0,0,0,0,0,0,0,0,0,0,0,0,0,0,2,0,0,0,5,0,0,0,0,0,0,0,0,0,0,0,3,0,0,0,45,0,59,0,1,0,0,0,0,0,0,0,0,0,23,0,24,0,0,0,0,0,0,2,50,0,211,129,90,2,72,0,25,0,21,0,43,54,0,0,0,0,0,0,0,0,0,0,0,0,0,0,0,0,0,0,0,0,0,0,0,0,0,0,0,0,1,0,47,50,32,20,0,12,209,17,78,6,75,0,16,0,2,6,0,0,7,0,1,0,0,0,4,0,0,0,0,0,0
2,85,0,0,83,139,0,2,0,0,0,406,469,0,44,9,0,0,349,41,25,20,0,0,0,0,437,56,0,0,0,6,0,0,14,15,0,41,0,0,360,308,81,56,74,8,82,121,21,16,67,64,0,0,0,4,0,0,0,0,0,0,0,0,0,3,0,0,0,0,0,0,0,0,0,1,0,0,0,0,0,0,0,0,0,0,0,0,0,0,0,0,1,0,0,0,0,0,0,1,0,0,0,0,0,0,0,1,0,0,0,0,0,0,0,0,0,0,0,0,0,0,0,0,0,0,0,0,0,0,0,0,0,0,0,8,0,4,0,1,0,0,0,0,0,2,0,0,0,0,0,0,0,0,0,0,0,0,0,0,0,0,0,0,0,15,0,8,0,10,0,0,0,7,0,0,22,229,0,33,0,0,0,7,0,0,29,115,0,0,0,0,0,0,0,0,0,0,0,0,0,2,0,0,0,0,0,0,0,3,0,0,0,0,0,0,0,0,0,59,0,39,4,0,0,245,0,24,1,129,0,0,0,34,0,6,0,0,0,2,0,0,0,0,0,0,0,0,0
24,22,223,74,139,465,14,2,7,2,24,391,48,44,0,325,16,6,223,53,53,13,258,62,65,0,171,0,0,4,115,13,165,31,8,0,194,0,36,0,15,0,0,0,2,0,4,2,0,0,19,0,0,0,15,0,0,0,0,0,0,0,0,0,7,0,0,0,0,0,2,0,0,0,0,0,0,0,0,0,0,0,0,0,0,0,0,0,0,0,0,0,0,0,0,0,0,0,0,0,0,0,0,0,10,0,0,0,0,0,0,0,0,0,0,0,0,0,0,0,0,0,0,0,0,0,6,0,0,0,0,0,0,0,36,0,7,0,0,0,0,0,11,0,0,0,22,1,18,0,35,0,24,0,0,0,0,0,0,0,0,0,0,0,0,0,61,0,8,0,0,0,20,0,0,0,12,54,3,2,11,0,14,0,7,0,0,0,0,0,0,0,0,0,0,0,0,0,5,0,25,0,0,0,0,0,0,0,20,0,0,0,3,0,9,1,0,0,0,0,78,32,0,1,13,0,206,13,124,0,24,0,31,18,0,0,11,0,17,0,11,0,37,2,66,0,0,0,0
52,19,90,245,301,214,0,0,0,0,234,31,95,9,325,0,0,54,87,372,81,146,118,260,3,57,8,49,0,7,10,138,22,150,0,14,9,136,2,2,2,0,2,15,1,0,0,2,0,1,4,8,0,0,0,61,0,11,0,4,0,0,0,14,0,1,0,0,0,0,0,0,0,1,0,2,0,0,0,0,0,0,0,0,0,70,0,0,0,17,0,15,0,0,0,5,0,31,0,61,0,0,0,16,0,2,0,40,0,0,0,0,0,0,0,0,0,0,0,0,0,5,0,0,0,0,0,0,0,1,0,0,0,9,0,61,0,17,0,12,0,16,0,53,0,0,0,0,0,0,0,1,0,0,0,2,0,0,0,0,0,0,0,2,0,1,0,7,0,0,0,0,1,6,0,0,5,6,5,12,0,0,0,0,0,1,0,13,0,0,0,0,0,0,0,0,0,0,0,0,0,20,0,0,0,0,0,2,0,0,0,0,0,0,0,0,0,0,0,0,0,59,0,6,4,0,0,289,9,55,0,36,0,86,0,4,0,0,0,15,0,5,0,18,0,50,0,0,0
73,118,52,48,16,0,9,80,17,71,6,2,0,0,16,0,0,34,82,0,343,0,41,13,50,64,26,0,420,0,123,0,212,2,9,0,25,1,264,0,0,0,8,0,14,0,3,0,0,0,0,0,88,0,45,0,0,0,0,1,42,1,469,16,0,0,0,0,0,0,117,0,8,0,91,0,0,0,0,0,276,0,0,0,1115,0,220,1,0,0,237,0,0,0,112,0,653,0,500,0,30,0,0,0,112,0,260,0,0,0,0,0,0,0,0,0,0,0,0,0,140,0,154,0,0,0,10,0,14,0,0,0,10,0,23,0,93,0,47,0,45,0,193,1,20,0,0,0,0,0,0,0,0,0,22,0,0,0,12,0,2,0,1,0,0,0,6,0,0,0,0,0,45,0,0,0,6,4,0,0,0,0,42,0,0,0,0,0,0,0,0,0,0,0,0,0,0,0,0,0,159,0,0,0,4,0,0,0,0,0,0,0,0,0,16,0,0,0,0,0,87,0,0,0,0,0,269,7,63,3,6,0,14,0,4,1,0,0,11,0,0,0,9,0,22,0,0,0,0
32,28,17,122,0,13,55,15,68,10,2,5,0,0,6,54,34,0,0,74,0,93,14,56,30,24,0,29,1,131,0,56,1,96,0,20,0,72,4,187,0,1,0,0,0,0,0,1,0,1,0,12,0,16,2,9,0,5,0,0,0,37,0,273,0,0,0,0,0,0,0,0,0,0,0,0,0,0,0,0,0,122,0,0,0,301,0,54,0,0,0,29,0,0,0,10,0,61,0,202,0,24,0,0,0,0,0,34,0,0,0,0,0,0,0,0,0,0,0,0,0,46,0,40,0,0,0,0,0,25,0,0,0,62,0,52,0,199,0,114,0,286,0,614,0,7,0,0,0,0,0,0,0,0,0,3,0,0,0,15,0,2,0,0,0,0,0,2,0,0,0,1,0,11,0,0,0,4,0,31,0,2,0,29,0,0,0,0,0,0,0,0,0,0,0,0,0,0,0,1,0,9,0,0,0,0,0,0,0,9,0,0,0,0,0,0,0,1,0,1,0,47,0,5,0,0,1,217,0,33,0,0,0,28,0,3,0,0,0,6,0,1,0,4,1,14,0,0,0
24,0,146,0,53,282,19,0,3,0,27,75,37,349,223,87,82,0,0,190,212,39,357,0,74,0,146,130,0,0,21,5,3,0,108,2,45,5,0,0,14,9,42,0,30,0,40,22,0,0,238,0,4,0,20,0,0,0,0,0,0,0,29,0,2,0,0,0,0,0,0,0,0,0,0,0,0,0,0,0,0,0,0,0,0,0,0,0,0,0,0,0,9,0,0,0,0,0,0,0,0,0,0,0,0,0,0,0,0,0,0,0,0,0,0,0,0,0,0,0,0,0,0,0,0,0,3,0,0,0,0,0,0,0,0,0,0,0,9,0,0,0,0,0,0,0,0,0,5,1,25,0,7,0,0,0,2,0,0,0,0,0,0,0,33,2,36,0,35,0,0,0,15,1,3,0,15,38,9,0,4,0,5,0,2,0,1,35,0,0,0,0,0,0,0,0,0,0,0,0,59,0,0,0,0,0,0,0,0,0,0,0,0,0,0,0,0,0,40,36,41,10,0,5,172,10,217,0,75,20,12,0,0,0,0,0,10,0,0,0,0,0,0,0,32,0,0,0,0
0,73,0,84,61,109,0,18,0,15,8,59,314,41,53,372,0,74,190,0,32,96,0,345,0,25,131,399,0,5,0,73,0,5,9,91,0,67,0,0,72,31,17,40,10,45,16,56,2,1,31,92,0,0,0,25,1,0,0,0,0,0,0,29,0,3,0,1,0,0,0,2,0,0,0,0,0,0,0,0,0,0,0,0,0,0,0,0,0,0,0,0,0,0,0,0,0,0,0,60,0,0,0,0,0,0,0,0,0,0,0,0,0,0,0,0,0,0,0,0,0,18,0,0,0,0,0,0,0,0,0,0,0,0,0,33,0,0,0,0,0,20,0,0,0,7,0,6,0,0,0,0,0,0,0,0,0,0,0,0,0,0,0,1,4,8,0,16,0,0,0,1,0,7,0,0,0,0,0,1,0,0,0,0,0,0,0,13,0,0,0,0,0,0,0,0,0,2,0,0,0,0,0,0,0,0,0,0,0,3,0,0,0,0,0,7,0,0,0,24,3,38,0,6,0,79,0,77,0,76,0,19,0,43,0,8,0,0,0,3,0,0,0,6,0,26,0,0,0
0,9,36,15,35,99,0,0,0,0,45,50,45,25,53,81,343,0,212,32,0,7,247,13,33,0,184,13,29,0,217,3,181,0,47,0,93,0,34,0,0,0,54,0,28,0,3,6,0,0,51,0,23,0,13,0,0,0,0,0,6,0,118,0,0,0,0,0,3,0,103,0,12,0,0,0,0,0,0,0,126,0,0,0,229,0,117,0,23,0,80,0,0,0,0,0,197,0,193,0,0,0,0,0,0,0,85,0,0,0,0,0,0,0,0,0,0,0,0,0,0,0,0,0,0,0,2,0,0,0,0,0,0,0,14,0,9,0,0,0,23,0,28,0,29,0,0,0,0,0,0,0,0,0,0,0,0,0,3,0,2,0,0,0,10,0,56,0,29,0,3,0,35,0,0,0,6,0,15,0,2,0,0,0,4,0,0,0,0,0,0,0,0,0,0,0,0,0,0,0,0,0,0,0,0,0,0,0,0,0,0,0,0,0,17,0,0,0,33,3,82,0,5,0,93,0,363,0,139,0,45,0,0,0,5,0,20,2,20,0,12,0,40,0,107,0,0,0,0
2,16,0,22,11,86,0,0,0,0,0,31,32,20,13,146,0,93,39,96,7,0,0,290,0,7,15,172,0,24,0,100,1,25,3,54,0,50,0,0,6,2,0,17,0,21,2,5,1,3,0,35,0,0,0,5,0,0,0,0,0,4,0,29,0,0,0,0,0,0,0,5,0,0,0,4,0,0,0,0,0,32,0,0,0,53,0,0,0,0,0,0,0,0,0,0,0,0,0,31,0,0,0,0,0,1,0,0,0,0,0,0,0,0,0,0,0,0,0,0,0,31,0,0,0,0,0,0,0,2,0,0,0,3,0,0,0,25,0,41,0,100,0,80,0,34,0,0,0,0,0,0,0,0,0,0,0,2,0,0,0,0,0,0,0,2,0,1,1,4,0,0,0,3,0,0,0,5,0,12,0,0,0,0,0,0,1,37,0,0,0,0,0,0,0,0,0,0,0,0,0,0,0,0,0,0,0,0,0,0,0,0,0,0,0,0,0,0,0,13,0,20,0,0,0,18,0,73,0,18,0,12,0,43,0,2,0,0,0,4,0,0,0,5,0,10,0,0,0
45,356,557,207,64,80,20,17,1,0,14,153,6,0,258,118,41,14,357,0,247,0,0,36,85,31,43,1,27,0,38,1,47,2,9,0,37,9,65,3,0,0,0,0,27,0,8,0,0,0,3,0,6,0,51,0,0,0,0,0,12,2,9,0,2,0,0,0,0,0,0,0,0,0,0,0,0,0,0,0,0,0,0,0,70,0,0,0,0,0,0,0,0,0,0,0,46,0,0,0,0,0,0,0,44,0,0,0,0,0,0,0,0,0,0,0,0,0,1,0,0,0,0,0,0,0,4,0,0,0,0,0,0,0,45,0,25,0,4,0,0,0,41,0,0,0,16,0,0,0,12,0,0,1,1,0,0,0,0,0,0,0,0,0,0,0,19,0,2,0,0,0,34,0,0,0,4,14,0,1,3,0,3,7,3,0,0,0,0,0,0,0,0,0,0,0,0,0,0,0,107,0,0,0,7,0,0,0,22,0,0,0,0,0,25,0,0,0,0,0,95,3,3,0,1,0,367,57,61,5,21,0,52,8,0,1,4,0,0,0,5,0,21,4,59,0,0,0,0
66,21,43,268,47,127,0,15,0,0,41,57,0,0,62,260,13,56,0,345,13,290,36,0,8,27,0,112,0,32,2,104,0,83,0,32,0,69,0,16,0,1,0,18,0,8,0,2,0,1,0,23,0,0,0,24,0,3,0,2,0,4,0,83,0,0,0,0,0,0,0,7,0,0,0,0,0,0,0,0,0,55,0,9,0,127,0,0,0,11,0,17,0,1,0,0,0,25,0,109,0,20,0,0,0,0,0,28,0,0,0,0,0,0,0,0,0,0,0,0,0,23,0,7,0,0,0,0,0,1,0,0,0,0,0,22,0,20,0,21,0,32,0,124,0,8,0,0,0,0,0,1,0,0,0,0,0,0,0,0,0,2,0,0,0,0,0,3,0,0,0,0,0,5,0,0,0,8,0,28,0,0,0,6,0,0,0,0,0,0,0,0,0,1,0,0,0,0,0,0,0,7,0,0,0,0,0,0,0,0,0,0,0,0,0,0,0,1,0,0,0,59,0,3,0,0,3,496,0,45,0,15,0,54,0,3,0,3,0,7,0,0,0,11,1,25,0,0,0
2,146,136,33,18,0,317,98,13,139,0,0,0,0,65,3,50,30,74,0,33,0,85,8,0,115,0,0,134,0,0,0,5,0,0,0,0,0,149,0,0,0,3,0,0,0,0,0,0,0,0,0,18,0,197,13,8,0,42,0,152,8,193,30,6,0,0,0,0,0,0,0,0,0,0,0,0,0,0,0,0,0,0,0,121,0,0,2,0,0,49,0,0,0,0,0,54,0,8,0,0,0,0,0,127,0,95,0,0,0,0,0,0,0,0,0,0,0,0,0,0,0,6,0,6,0,19,0,0,0,15,0,59,0,371,0,188,0,19,3,13,0,188,2,1,0,22,0,6,0,42,0,0,0,16,0,0,0,5,0,41,0,0,0,0,0,3,0,5,0,30,0,146,0,0,0,0,2,0,0,1,0,4,22,0,0,0,0,0,0,0,0,0,0,0,0,0,0,30,0,335,0,0,0,15,0,23,0,90,0,0,0,5,0,108,0,0,0,4,0,278,0,0,0,16,0,79,2,310,8,9,0,109,3,14,0,0,0,38,0,18,0,29,0,188,2,0,0,0
112,16,29,214,3,12,141,216,256,68,0,0,0,0,0,57,64,24,0,25,0,7,31,27,115,0,0,9,0,27,0,3,0,17,0,0,0,15,10,85,0,0,0,1,0,0,0,0,0,0,0,0,2,6,25,94,0,60,0,0,6,46,22,56,0,0,4,0,0,0,0,0,0,0,0,0,0,0,0,0,0,11,0,0,0,78,0,0,0,0,0,33,0,0,0,5,0,29,0,38,0,9,0,18,0,0,1,61,0,0,0,0,0,0,0,0,0,0,0,0,0,0,0,0,0,0,0,1,0,0,0,0,0,24,0,128,0,76,0,84,0,40,0,84,0,0,1,0,0,0,0,2,0,0,0,23,0,1,0,8,3,3,0,0,0,0,0,0,0,0,0,2,0,15,0,0,1,0,0,0,0,0,9,30,1,0,0,0,0,0,0,0,0,0,0,0,0,0,0,2,0,43,0,1,0,0,0,4,0,0,0,0,0,0,1,7,0,0,0,0,0,59,0,0,0,0,4,123,0,54,0,0,2,34,0,0,0,0,0,10,0,0,0,3,6,21,0,0,0
37,0,173,0,170,0,15,0,5,0,34,18,80,437,171,8,26,0,146,131,184,15,43,0,0,0,0,313,1,0,23,0,10,0,43,0,47,12,0,0,50,76,117,0,119,6,82,70,5,0,178,14,0,0,0,0,0,0,0,0,0,0,0,0,5,0,1,0,9,0,33,0,7,0,18,0,0,0,0,0,0,0,0,0,0,0,24,0,0,0,0,0,0,0,37,0,0,0,0,0,0,0,0,0,0,0,0,0,0,0,0,0,0,0,0,0,0,0,0,0,0,0,0,0,0,0,0,0,0,0,0,0,0,0,9,0,0,0,0,0,11,0,0,0,24,0,0,0,0,0,12,0,0,0,0,0,0,0,0,0,0,0,0,0,97,0,19,0,0,0,2,0,0,0,0,0,17,27,5,0,7,0,0,0,3,0,5,56,0,0,0,0,0,0,0,0,0,0,0,0,0,0,0,0,0,0,0,0,8,0,0,0,0,0,0,0,0,0,560,101,0,0,27,28,395,0,58,0,8,0,0,0,0,0,0,0,0,0,0,0,0,0,1,0,0,0,0,0,0
0,49,0,37,13,116,0,9,0,0,0,65,209,56,0,49,0,29,130,399,13,172,1,112,0,9,313,0,0,0,0,51,0,13,6,29,1,57,0,0,471,58,32,111,48,92,131,87,34,6,16,175,0,0,0,15,0,0,0,0,0,11,0,19,0,0,0,0,0,4,0,13,0,0,0,0,0,5,0,0,0,34,0,0,0,44,0,0,0,0,0,0,0,0,0,0,0,0,0,0,0,0,0,0,0,0,0,0,0,0,0,0,0,0,0,0,0,0,0,0,0,35,0,0,0,2,0,0,0,0,0,0,0,0,0,18,0,0,0,0,0,57,0,57,0,21,0,0,0,0,0,6,0,10,0,0,0,0,0,0,0,0,0,0,9,29,0,3,0,18,0,0,0,7,0,0,0,51,2,2,0,3,0,0,0,0,41,39,0,0,0,0,0,0,0,0,0,0,0,0,0,0,0,0,0,0,0,0,0,2,0,0,0,0,0,0,0,0,12,493,0,36,1,62,2,292,0,108,0,93,0,10,0,23,0,3,0,0,0,4,0,4,0,3,0,0,0,0,0
33,0,135,4,0,0,51,0,5,0,3,0,0,0,0,0,420,1,0,0,29,0,27,0,134,0,1,0,0,0,0,0,5,0,1,0,37,0,12,0,0,0,4,0,0,0,0,0,0,0,0,0,1,0,0,0,0,0,0,0,0,0,31,0,0,0,0,0,1,0,72,0,7,0,28,0,0,0,8,0,66,0,0,0,34,0,50,0,0,0,0,0,0,0,32,0,20,0,92,0,6,0,0,0,0,0,0,0,0,0,0,0,0,0,0,0,0,0,0,0,33,0,8,0,0,0,0,0,0,0,0,0,0,0,0,0,0,0,42,0,19,0,12,0,40,0,4,0,0,0,0,0,0,0,1,0,0,0,1,0,0,0,2,0,0,0,0,0,0,0,0,0,2,0,0,0,2,0,0,0,0,0,6,0,0,0,0,0,0,0,0,0,0,0,0,0,0,0,0,0,7,0,0,0,0,0,0,0,0,0,0,0,0,0,0,0,0,0,0,0,0,0,0,0,0,0,11,2,2,0,0,0,0,0,0,0,0,0,0,0,0,0,2,0,3,0,0,0,0
0,27,0,136,0,14,0,85,0,0,0,11,0,0,4,7,0,131,0,5,0,24,0,32,0,27,0,0,0,0,0,59,0,28,0,27,0,4,0,5,0,0,0,12,0,0,0,0,0,0,0,12,0,0,0,10,0,0,0,0,0,6,0,36,0,0,0,0,0,0,0,0,0,0,0,0,0,0,0,0,0,11,0,0,0,37,0,6,0,0,0,0,0,0,0,0,0,6,0,25,0,5,0,0,0,0,0,0,0,0,0,0,0,0,0,0,0,0,0,0,0,15,0,4,0,1,0,0,0,2,0,0,0,4,0,5,0,33,0,83,0,66,0,52,0,20,0,0,0,0,0,0,0,1,0,1,0,7,0,0,0,0,0,0,0,0,0,0,0,0,0,0,0,0,0,0,0,1,0,4,0,0,0,0,0,0,0,0,0,0,0,0,0,0,0,0,0,0,0,0,0,4,0,0,0,0,0,0,0,0,0,0,0,0,0,0,0,0,0,1,0,4,0,0,0,0,0,23,0,5,0,0,0,0,0,0,0,0,0,0,0,0,0,0,0,0,0,0,0
0,0,32,0,101,0,0,0,2,0,31,0,36,0,115,10,123,0,21,0,217,0,38,2,0,0,23,0,0,0,0,0,4,0,10,0,30,0,0,0,0,0,43,0,1,0,0,0,0,0,25,0,6,0,0,0,0,0,0,0,0,0,27,0,0,0,0,0,0,0,80,0,0,0,27,0,0,0,0,0,60,0,0,0,48,0,50,0,0,0,24,0,0,0,0,0,0,0,98,0,0,0,7,0,0,0,9,0,0,0,0,0,0,0,0,0,0,0,0,0,30,0,0,0,0,0,0,0,0,0,0,0,0,0,0,0,0,0,1,0,5,0,8,0,22,0,1,0,0,0,0,0,0,0,0,0,0,0,0,0,0,0,3,0,2,0,5,0,0,0,0,0,6,0,1,0,2,1,24,0,1,0,0,0,2,0,0,0,0,0,0,0,0,0,0,0,0,0,0,0,0,0,0,0,0,0,0,0,0,0,0,0,0,0,2,0,0,0,0,0,26,0,1,0,7,0,69,1,26,0,15,0,0,1,0,0,0,0,1,0,0,0,6,0,0,0,0,0,0
0,36,0,40,0,223,0,0,0,0,1,89,2,6,13,138,0,56,5,73,3,100,1,104,0,3,0,51,0,59,0,0,0,19,0,29,0,28,0,2,0,0,0,76,0,0,0,0,0,0,0,50,0,0,0,5,0,0,0,0,0,18,0,17,0,0,0,0,0,0,0,0,0,0,0,0,0,0,0,0,0,24,0,0,0,0,0,0,0,0,0,0,0,0,0,0,0,0,0,20,0,0,0,0,0,0,0,0,0,0,0,0,0,0,0,0,0,0,0,0,0,0,0,16,0,0,0,0,0,0,0,0,0,0,0,0,0,18,0,50,0,71,0,64,0,32,0,0,0,0,0,0,0,0,0,0,0,3,0,2,0,0,0,0,0,0,0,0,0,0,0,0,0,4,0,0,0,12,0,31,0,0,0,0,0,0,0,21,0,0,0,0,0,0,0,0,0,0,0,0,0,0,0,0,0,0,0,2,0,0,0,0,0,0,0,0,0,0,0,0,0,24,0,0,0,4,0,32,0,13,0,6,0,22,0,1,0,0,0,0,0,0,0,0,0,0,0,0,0
78,1,183,0,179,0,0,0,1,0,120,5,20,0,165,22,212,1,3,0,181,1,47,0,5,0,10,0,5,0,4,0,0,0,33,0,71,0,4,0,0,0,24,0,0,0,0,0,0,0,4,0,3,0,0,0,0,0,0,0,4,0,6,0,0,0,0,0,0,0,30,0,5,0,0,0,0,0,0,0,32,0,0,0,0,0,0,0,0,0,0,0,0,0,0,0,24,0,34,0,0,0,0,0,0,0,0,0,0,0,0,0,0,0,0,0,0,0,0,0,16,0,0,0,0,0,0,0,0,0,0,0,2,0,3,0,0,0,0,0,5,0,0,0,0,0,0,0,0,0,0,0,0,0,0,0,0,0,0,0,0,0,0,0,0,0,13,0,0,0,0,0,4,0,2,0,6,4,10,0,0,0,4,0,2,0,0,0,0,0,0,0,0,0,0,0,0,0,0,0,0,0,0,0,0,0,0,0,0,0,0,0,0,0,0,0,0,0,0,0,9,0,0,0,0,0,106,0,14,0,4,0,10,0,2,0,0,0,0,0,0,0,4,0,12,0,0,0,0
2,127,0,310,24,217,0,0,0,0,6,179,0,0,31,150,2,96,0,5,0,25,2,83,0,17,0,13,0,28,0,19,0,0,0,23,1,31,0,4,0,0,0,34,0,0,0,0,0,0,0,11,0,0,0,15,0,0,0,0,0,15,0,22,0,0,0,0,0,0,0,8,0,0,0,0,0,0,0,2,0,21,0,0,0,26,0,18,0,0,0,0,0,0,0,0,0,0,0,0,0,7,0,0,0,0,0,0,0,0,0,0,0,0,0,0,0,0,0,0,0,28,0,12,0,0,0,0,0,0,0,0,0,0,0,0,0,6,0,22,0,54,0,65,0,18,0,0,0,0,0,0,0,0,0,3,0,17,0,2,0,0,0,0,0,0,0,1,0,1,0,1,0,0,0,0,0,22,0,69,0,7,0,5,0,0,0,23,0,0,0,0,0,0,0,0,0,0,0,0,0,0,0,0,0,0,0,0,0,0,0,0,0,0,0,0,0,0,0,0,0,21,0,0,0,6,0,64,0,40,0,0,0,18,0,0,0,1,0,0,0,0,0,0,0,0,0,0,0
0,0,0,0,61,12,0,0,0,0,15,6,132,14,8,0,9,0,108,9,47,3,9,0,0,0,43,6,1,0,10,0,33,0,0,0,52,0,0,0,0,0,13,0,5,0,2,0,0,0,36,0,0,0,0,0,0,0,1,0,1,0,10,0,0,0,0,0,0,0,50,0,0,0,23,0,0,0,0,0,0,0,0,0,0,0,37,0,0,0,0,0,0,0,0,0,0,0,49,0,0,0,0,0,0,0,0,0,0,0,0,0,0,0,0,0,0,0,0,0,17,0,0,0,0,0,0,0,0,0,0,0,0,0,0,0,0,0,0,0,4,0,0,0,8,0,0,0,0,0,0,0,0,0,0,0,0,0,0,0,0,0,0,0,11,0,13,0,0,0,0,0,2,0,0,0,4,0,23,0,0,0,0,0,2,0,0,1,0,0,0,0,0,0,0,0,0,0,0,0,0,0,0,0,0,0,0,0,0,0,0,0,0,0,0,0,0,0,22,0,15,0,0,0,80,0,92,0,36,0,0,0,5,0,0,0,7,3,0,0,3,0,0,0,9,0,0,0,0
0,21,0,3,0,69,0,0,0,0,0,15,0,15,0,14,0,20,2,91,0,54,0,32,0,0,0,29,0,27,0,29,0,23,0,0,0,34,0,1,0,0,0,28,0,12,0,0,0,0,0,16,0,0,0,0,0,0,0,0,0,15,0,2,0,1,0,0,0,0,0,0,0,0,0,0,0,0,0,0,0,18,0,0,0,0,0,4,0,0,0,0,0,0,0,0,0,0,0,0,0,0,0,0,0,0,0,0,0,0,0,0,0,0,0,0,0,0,0,0,0,21,0,0,0,0,0,0,0,0,0,0,0,0,0,0,0,16,0,61,0,68,0,39,0,40,0,0,0,0,0,0,0,0,0,0,0,3,0,1,0,0,0,0,0,2,0,0,0,0,0,1,0,4,0,0,0,14,0,2,0,0,0,1,0,0,0,40,0,0,0,0,0,0,0,0,0,0,0,0,0,0,0,0,0,0,0,0,0,0,0,0,0,0,0,0,0,0,0,6,0,11,0,2,0,18,0,2,0,18,0,1,0,3,0,0,0,0,0,0,0,0,0,0,0,0,0,0,0
47,0,75,0,294,9,0,0,1,0,158,7,90,0,194,9,25,0,45,0,93,0,37,0,0,0,47,1,37,0,30,0,71,1,52,0,0,0,45,0,0,0,80,0,27,0,0,0,0,0,104,0,1,0,0,0,0,0,0,0,26,0,27,0,0,0,0,0,0,0,135,0,20,0,34,0,0,0,0,0,68,0,0,0,0,0,71,0,0,0,0,0,0,0,67,0,33,0,87,0,0,0,0,0,0,0,0,0,0,0,0,0,0,0,0,0,0,0,0,0,39,0,0,0,0,0,0,0,0,0,2,0,0,0,4,0,0,0,108,0,74,0,41,0,127,0,0,0,0,0,0,0,0,0,2,0,21,0,3,0,0,0,22,0,3,0,31,0,9,0,23,0,47,0,2,0,8,0,48,0,0,0,16,0,8,0,0,1,0,0,0,0,0,0,0,0,0,0,1,0,0,0,0,0,0,0,0,0,0,0,0,0,0,0,4,0,0,0,3,0,21,0,0,0,20,0,84,0,64,0,8,0,0,0,0,0,6,0,4,0,2,0,5,0,16,0,0,0,0
6,273,7,421,16,415,0,58,0,0,3,214,19,41,0,136,1,72,5,67,0,50,9,69,0,15,12,57,0,4,0,28,0,31,0,34,0,0,0,4,12,0,1,84,2,19,0,0,0,0,3,64,0,0,0,10,0,0,0,0,1,31,0,4,0,0,0,0,0,0,0,14,0,0,0,4,0,0,0,2,0,24,0,0,0,21,0,19,0,0,0,0,0,0,0,0,0,0,0,25,0,0,0,0,0,0,0,0,0,0,0,0,0,0,0,0,0,0,0,1,0,38,0,19,0,0,0,0,0,0,0,0,0,0,0,0,0,0,0,42,0,88,0,47,0,58,0,0,0,0,0,0,0,0,0,1,0,19,0,0,0,0,0,0,0,1,0,5,0,2,0,3,0,13,0,0,11,65,1,82,0,8,0,26,0,0,3,62,0,0,0,0,0,0,0,0,0,0,0,0,0,0,0,0,0,0,0,0,0,0,0,0,0,0,0,0,0,0,0,9,0,21,0,0,0,12,0,164,0,57,0,0,0,0,0,0,0,0,0,0,0,0,0,0,1,0,0,0,0
266,11,429,9,142,0,130,9,28,0,117,0,2,0,36,2,264,4,0,0,34,0,65,0,149,10,0,0,12,0,0,0,4,0,0,0,45,0,0,0,0,0,4,0,0,0,0,0,0,0,3,0,3,0,0,0,0,0,0,0,9,0,9,0,2,0,0,0,0,0,19,0,1,0,0,0,0,0,0,0,0,0,0,0,0,0,0,0,0,0,0,0,0,0,0,0,0,0,0,0,0,0,0,0,0,0,0,0,0,0,0,0,0,0,0,0,0,0,0,0,0,0,0,0,0,0,0,0,1,0,0,0,0,0,0,0,0,0,50,0,29,0,0,0,64,0,0,0,0,0,0,0,2,0,15,0,45,0,2,0,0,0,2,0,0,0,5,0,0,0,5,0,16,0,0,0,18,0,23,0,2,0,64,0,3,0,0,0,0,0,0,0,0,0,0,0,0,0,0,0,0,0,0,0,0,0,0,0,0,0,0,0,0,0,1,0,0,0,0,0,12,0,0,0,0,0,59,0,11,0,1,0,2,0,0,0,0,0,0,0,0,0,1,0,6,0,0,0,0
6,196,0,318,0,0,0,372,0,40,0,3,0,0,0,2,0,187,0,0,0,0,3,16,0,85,0,0,0,5,0,2,0,4,0,1,0,4,0,0,0,0,0,0,0,0,0,0,0,0,0,2,0,1,1,15,0,0,0,0,1,18,0,25,0,1,0,0,0,0,0,0,0,0,0,0,0,0,0,0,0,7,0,0,0,9,0,0,0,0,0,0,0,0,0,0,0,2,0,0,0,0,0,0,0,0,0,0,0,0,0,0,0,0,0,0,0,0,0,0,0,0,0,0,0,0,0,0,0,0,0,0,0,0,0,0,0,15,0,61,0,48,0,19,0,45,0,0,0,0,0,0,0,0,0,5,0,48,0,10,0,0,0,0,0,0,0,0,0,0,0,0,0,18,0,0,0,25,0,5,0,0,0,29,0,5,0,0,0,0,0,0,0,0,0,0,0,0,0,0,0,0,0,0,0,0,0,0,0,0,0,0,0,0,0,4,0,0,0,0,0,0,0,0,0,0,0,29,1,4,0,0,0,0,0,0,0,0,0,2,0,1,0,0,1,0,0,0,0
34,0,70,0,179,19,7,0,6,0,61,0,307,360,15,2,0,0,14,72,0,6,0,0,0,0,50,471,0,0,0,0,0,0,0,0,0,12,0,0,0,186,12,31,10,20,17,222,71,5,9,33,0,0,0,0,0,0,0,0,0,0,0,0,0,0,0,0,1,1,0,0,0,0,0,0,0,0,0,0,0,0,3,1,0,0,0,0,0,0,0,0,0,0,0,0,0,0,0,0,0,0,1,0,0,0,0,0,0,0,0,0,0,0,0,0,0,0,0,0,0,0,0,0,0,0,0,0,0,0,0,0,0,0,0,0,0,0,0,0,0,0,0,0,0,0,0,0,0,0,8,0,6,0,0,0,0,0,0,0,0,0,0,0,10,0,0,0,1,0,0,0,0,0,10,0,69,77,24,0,15,0,2,0,0,0,67,80,0,0,0,0,0,0,0,0,0,0,0,0,0,0,0,0,0,0,0,0,4,0,0,0,0,0,0,0,0,0,261,118,0,0,54,82,11,11,0,1,0,3,0,0,0,0,0,0,0,0,0,0,0,0,0,0,0,0,0,0,0
0,49,0,0,0,81,0,0,0,3,0,164,9,308,0,0,0,1,9,31,0,2,0,1,0,0,76,58,0,0,0,0,0,0,0,0,0,0,0,0,186,0,2,17,64,0,109,111,82,147,0,8,0,0,0,0,0,0,0,0,0,0,0,0,0,0,0,0,0,0,0,0,0,0,0,0,0,0,0,0,0,0,0,0,0,0,0,0,0,0,0,0,0,0,0,0,0,0,0,1,0,0,0,0,0,0,0,0,0,0,0,0,0,0,0,0,0,0,0,0,0,0,0,0,0,0,0,0,0,0,0,0,0,0,0,7,0,0,0,0,0,0,0,0,0,0,0,0,0,0,0,0,0,6,0,0,0,0,0,0,0,0,0,0,11,3,0,0,0,2,0,0,0,0,0,0,1,93,0,31,0,12,0,2,0,0,54,31,0,0,0,0,0,0,0,0,0,0,0,0,0,0,0,0,0,0,0,1,0,0,0,0,0,0,0,0,0,0,146,140,0,0,78,302,0,0,0,1,0,0,0,0,0,2,0,1,0,0,0,0,0,0,0,0,0,0,0,0,0
4,0,0,0,0,20,0,0,0,0,0,0,29,81,0,2,8,0,42,17,54,0,0,0,3,0,117,32,4,0,43,0,24,0,13,0,80,1,4,0,12,2,0,0,181,0,55,0,12,0,83,1,0,0,3,0,0,0,0,0,6,0,5,0,0,0,0,0,0,0,32,0,0,0,12,0,0,0,0,0,0,0,0,0,0,0,33,0,7,0,0,0,0,0,38,0,0,0,0,0,0,0,0,0,0,0,0,0,0,0,0,0,0,0,0,0,0,0,0,0,0,0,0,0,0,0,0,0,0,0,0,0,0,0,0,0,0,0,0,0,14,0,0,0,23,0,0,0,0,0,0,0,0,0,0,0,0,0,0,0,0,0,4,0,47,0,15,0,14,0,2,0,4,0,2,0,14,9,32,0,0,0,0,0,0,0,36,8,0,0,0,0,0,0,0,0,0,0,0,0,0,0,0,0,0,0,0,0,0,0,0,0,0,0,2,0,0,0,236,0,16,0,8,4,135,0,37,0,11,0,10,0,1,2,0,0,0,0,0,0,0,0,3,0,15,0,0,0,0
0,0,0,0,0,23,0,0,0,0,0,10,0,56,0,15,0,0,0,40,0,17,0,18,0,1,0,111,0,12,0,76,0,34,0,28,0,84,0,0,31,17,0,0,7,85,0,8,4,4,0,54,0,0,0,0,0,0,0,0,0,19,0,8,0,1,0,0,0,0,0,11,0,0,0,0,0,0,0,0,0,0,0,0,0,20,0,0,0,0,0,0,0,0,0,1,0,0,0,14,0,0,0,0,0,0,0,0,0,0,0,0,0,0,0,0,0,0,0,0,0,31,0,13,0,0,0,0,0,0,0,0,0,0,0,0,0,0,0,34,0,59,0,34,0,34,0,0,0,0,0,0,0,0,0,0,0,5,0,0,0,0,0,2,1,12,0,2,0,8,0,0,0,10,0,0,0,30,0,0,0,0,0,0,0,0,4,128,0,0,0,0,0,0,0,0,0,0,0,0,0,0,0,0,0,0,0,0,0,0,0,0,0,0,0,0,0,0,0,94,0,11,0,19,0,95,0,22,0,37,0,0,0,13,0,0,0,0,0,1,0,0,0,0,0,5,0,0,0
0,0,7,0,0,0,0,0,0,0,0,0,4,74,2,1,14,0,30,10,28,0,27,0,0,0,119,48,0,0,1,0,0,0,5,0,27,2,0,0,10,64,181,7,0,4,52,55,61,3,99,6,0,0,2,0,0,0,0,0,0,0,7,0,0,0,0,0,6,0,13,0,3,0,0,0,0,0,0,0,0,0,4,0,0,0,0,0,0,0,0,0,0,0,0,0,0,0,8,0,0,0,0,0,0,0,0,0,0,0,0,0,0,0,0,0,0,0,0,0,2,0,0,0,0,0,0,0,0,0,0,0,0,0,0,0,0,0,2,0,4,0,0,0,0,0,0,0,0,0,0,0,3,0,0,0,0,0,0,0,0,0,2,0,151,0,21,0,0,0,2,0,3,0,0,0,2,10,27,0,0,0,0,0,1,0,18,13,0,0,0,0,0,0,0,0,0,0,0,0,0,0,0,0,0,0,0,0,0,0,0,0,0,0,0,0,0,0,323,20,0,0,121,20,93,2,6,0,7,0,0,0,0,0,0,0,2,0,0,0,0,0,0,0,0,0,0,0,0
0,0,0,0,0,11,0,0,0,0,0,0,3,8,0,0,0,0,0,45,0,21,0,8,0,0,6,92,0,0,0,0,0,0,0,12,0,19,0,0,20,0,0,85,4,0,7,39,5,51,0,131,0,0,0,0,0,0,0,0,0,1,0,5,0,0,0,0,0,9,0,16,0,3,0,0,0,6,0,0,0,28,0,9,0,15,0,17,0,6,0,0,0,3,0,12,0,0,0,0,0,0,0,10,0,0,0,0,0,0,0,0,0,0,0,0,0,0,0,0,0,29,0,9,0,0,0,0,0,0,0,0,0,0,0,0,0,0,0,0,0,15,0,15,0,16,0,0,0,0,0,0,0,0,0,2,0,1,0,0,0,0,0,3,1,79,0,1,0,57,0,5,0,5,1,0,0,2,0,0,0,0,0,0,0,0,1,3,0,0,0,0,0,0,0,0,0,3,0,0,0,3,0,0,0,0,0,0,0,0,0,0,0,0,0,0,0,7,0,371,0,30,8,331,0,177,1,29,0,100,0,0,0,5,0,7,0,0,0,0,0,0,0,0,0,6,0,0,0
11,0,21,0,18,10,0,0,3,0,7,0,40,82,4,0,3,0,40,16,3,2,8,0,0,0,82,131,0,0,0,0,0,0,2,0,0,0,0,0,17,109,55,0,52,7,0,101,40,3,27,19,0,0,1,0,0,0,0,0,0,0,0,0,3,0,0,0,0,0,0,0,0,0,0,0,0,0,0,0,0,0,2,0,5,0,0,0,2,0,0,0,0,0,0,0,0,0,0,0,0,0,0,0,0,0,0,0,0,0,0,0,0,0,0,0,0,0,0,0,0,0,0,0,0,0,0,0,0,0,0,0,0,0,0,0,0,0,0,0,0,0,0,0,0,0,1,0,0,0,1,0,2,0,0,0,0,0,0,0,0,0,0,0,28,0,0,0,0,0,0,0,2,0,0,0,5,12,3,0,0,0,0,0,0,0,7,16,0,0,0,0,0,0,0,0,0,0,0,0,0,0,0,0,0,0,0,0,0,0,0,0,0,0,0,0,0,0,382,46,2,0,85,34,41,0,0,0,0,0,0,0,0,0,0,0,0,0,0,0,0,0,0,0,0,0,0,0,0
0,23,0,8,0,87,0,0,0,0,0,72,0,121,2,2,0,1,22,56,6,5,0,2,0,0,70,87,0,0,0,0,0,0,0,0,0,0,0,0,222,111,0,8,55,39,101,0,75,51,0,13,0,0,0,0,0,0,0,0,0,0,0,0,0,0,0,0,0,0,0,0,0,0,0,0,0,1,0,0,0,0,0,1,0,0,0,0,0,0,0,0,0,0,0,0,0,0,0,0,0,0,0,0,0,0,0,0,0,0,0,0,0,0,0,0,0,0,0,0,0,0,0,0,0,0,0,0,0,0,0,0,0,0,0,0,0,0,0,0,0,0,0,0,0,0,0,0,0,0,0,0,0,0,0,0,0,0,0,0,0,0,0,0,12,17,1,0,0,4,0,0,0,0,0,0,1,19,0,0,0,0,0,0,0,0,37,10,0,0,0,0,0,0,0,0,0,0,0,0,0,2,0,0,0,0,0,0,0,0,0,0,0,0,0,0,0,0,68,481,0,0,31,372,0,0,0,9,0,0,0,0,0,2,0,0,0,0,0,0,0,0,0,0,0,0,0,0,0
5,0,4,0,0,2,0,0,0,0,2,0,36,21,0,0,0,0,0,2,0,1,0,0,0,0,5,34,0,0,0,0,0,0,0,0,0,0,0,0,71,82,12,4,61,5,40,75,0,9,5,4,0,0,6,0,0,0,0,0,0,0,0,0,0,0,0,0,1,0,0,0,0,0,0,0,1,0,1,0,1,0,7,0,0,0,3,0,0,0,0,0,4,0,9,0,0,0,0,0,0,0,0,0,0,0,0,0,0,0,0,0,0,0,0,0,0,0,0,0,0,0,0,0,0,0,0,0,0,0,1,0,0,0,0,0,0,0,0,0,0,0,0,0,0,0,0,0,3,0,1,0,3,0,0,0,0,0,0,0,3,0,0,0,13,0,5,0,1,1,1,0,5,0,1,0,10,4,13,0,1,0,2,0,0,0,40,4,1,0,0,0,0,0,0,0,0,0,0,0,0,0,1,0,3,0,0,0,0,0,0,0,0,0,0,0,0,0,110,9,7,0,93,49,11,0,11,0,17,0,2,0,0,0,2,0,1,0,1,0,1,0,1,0,0,0,0,0,0
0,4,0,0,0,0,0,0,0,0,0,25,0,16,0,1,0,1,0,1,0,3,0,1,0,0,0,6,0,0,0,0,0,0,0,0,0,0,0,0,5,147,0,4,3,51,3,51,9,0,0,6,0,0,0,1,0,1,0,1,0,0,0,2,0,0,0,0,0,11,0,0,0,0,0,0,0,2,0,0,0,0,0,6,0,2,0,0,0,0,0,0,0,2,0,4,0,0,0,2,0,0,0,2,0,0,0,0,0,0,0,0,0,0,0,0,0,0,0,0,0,1,0,0,0,0,0,0,0,0,0,0,0,0,0,0,0,0,0,0,0,0,0,5,0,1,0,0,0,0,0,0,0,0,0,0,0,0,0,0,0,0,0,1,0,4,0,0,0,8,0,0,0,0,0,4,0,68,0,8,0,6,0,0,0,3,1,59,0,0,0,0,0,0,0,1,0,0,0,0,0,0,0,0,0,0,0,0,0,0,0,0,0,0,0,0,0,0,34,29,0,1,14,86,0,0,0,0,0,2,0,0,0,0,0,0,0,0,0,0,0,1,0,0,0,0,0,0,0
12,0,0,0,63,48,0,0,5,0,24,0,192,67,19,4,0,0,238,31,51,0,3,0,0,0,178,16,0,0,25,0,4,0,36,0,104,3,3,0,9,0,83,0,99,0,27,0,5,0,0,0,0,0,0,0,1,0,0,0,2,0,0,0,0,0,0,0,0,0,30,0,6,0,0,0,0,0,0,0,32,0,12,0,15,0,29,0,7,0,8,0,0,0,48,0,15,0,34,0,0,0,0,0,0,0,0,0,0,0,0,0,0,0,0,0,0,0,0,0,0,0,0,0,0,0,0,0,0,0,0,0,0,0,0,0,4,0,0,0,0,0,0,0,7,0,0,0,2,0,0,0,3,0,0,0,0,0,0,0,2,0,8,0,72,0,36,0,99,0,6,0,26,1,0,0,22,20,91,0,0,0,3,0,7,0,23,3,0,0,0,0,0,0,0,0,0,0,0,0,0,0,0,0,0,0,0,0,0,0,0,0,0,0,5,0,0,0,103,4,15,0,0,1,193,7,54,0,39,4,7,0,8,0,0,0,6,1,0,0,0,0,5,0,34,0,0,0,0
0,0,0,0,1,29,0,0,0,0,0,8,8,64,0,8,0,12,0,92,0,35,0,23,0,0,14,175,0,12,0,50,0,11,0,16,0,64,0,2,33,8,1,54,6,131,19,13,4,6,0,0,0,0,0,5,0,0,0,0,0,17,0,0,0,0,0,0,0,0,0,18,0,2,0,5,0,0,0,5,0,33,0,0,0,18,0,0,0,0,0,0,0,0,0,3,0,0,0,22,0,0,0,0,0,1,0,0,0,0,0,0,0,0,0,0,0,0,0,0,0,38,0,26,0,0,0,0,0,0,0,0,0,0,0,0,0,0,0,36,0,60,0,31,0,66,0,0,0,0,0,0,0,0,0,0,0,7,0,0,0,0,0,3,0,0,0,7,0,9,0,0,0,7,0,0,0,32,0,0,0,2,0,0,0,0,0,75,0,0,0,0,0,0,0,0,0,0,0,0,0,0,0,0,0,0,0,0,0,0,0,0,0,0,0,1,0,0,2,19,0,25,0,5,0,32,0,20,0,29,0,0,0,16,0,3,0,0,0,0,0,0,0,0,0,5,0,0,0
0,0,0,0,0,0,5,0,3,33,0,0,0,0,0,0,88,0,4,0,23,0,6,0,18,2,0,0,1,0,6,0,3,0,0,0,1,0,3,0,0,0,0,0,0,0,0,0,0,0,0,0,0,21,100,71,34,43,49,87,7,0,42,10,0,7,0,100,0,0,0,0,0,0,6,0,0,0,0,0,23,0,0,0,176,0,22,0,0,0,0,0,0,0,0,0,82,0,25,0,3,0,0,0,0,0,16,0,0,0,0,0,0,0,0,0,0,0,0,0,9,0,50,0,0,0,25,0,37,0,13,0,25,0,12,0,113,0,154,0,50,0,95,0,22,0,0,0,0,0,7,0,0,1,166,6,17,0,119,1,18,0,2,0,0,0,0,0,0,0,63,0,2,0,0,0,0,2,0,0,0,0,0,0,0,8,0,0,0,0,0,0,0,0,0,0,0,0,0,0,52,0,0,0,0,0,0,0,5,0,0,0,9,0,61,0,0,0,2,0,97,1,27,0,11,0,235,0,220,0,0,0,39,0,0,0,0,0,10,0,6,0,5,0,42,0,0,0,0
0,4,0,0,0,0,5,5,32,16,0,0,0,0,0,0,0,16,0,0,0,0,0,0,0,6,0,0,0,0,0,0,0,0,0,0,0,0,0,1,0,0,0,0,0,0,0,0,0,0,0,0,21,0,35,45,10,106,90,35,0,7,11,76,3,2,32,27,0,0,0,0,0,0,0,0,0,0,0,0,0,0,0,0,0,17,0,0,0,0,0,6,0,0,0,0,0,6,0,8,0,0,0,2,0,0,0,2,0,0,0,0,0,0,0,0,0,0,0,0,0,0,0,0,0,2,0,0,0,34,0,5,0,33,0,20,0,65,0,163,0,87,0,58,0,26,0,0,1,0,0,0,0,0,4,186,0,6,1,107,0,12,0,0,0,0,0,0,0,0,0,3,0,0,0,0,1,0,0,0,0,0,0,0,0,9,0,0,0,0,0,0,0,0,0,0,0,0,0,1,0,5,0,0,0,0,0,0,0,0,0,0,0,0,0,4,0,0,0,0,0,9,0,0,0,0,0,42,0,12,0,0,0,7,0,0,0,0,0,0,0,1,0,0,0,3,0,0,0
0,0,22,0,2,0,260,17,31,200,0,0,0,0,15,0,45,2,20,0,13,0,51,0,197,25,0,0,0,0,0,0,0,0,0,0,0,0,0,1,0,0,3,0,2,0,1,0,6,0,0,0,100,35,0,134,89,32,244,46,138,0,52,46,3,0,5,126,0,0,0,0,0,0,0,0,0,0,0,0,2,0,0,0,47,0,1,0,0,0,0,0,0,0,0,0,13,0,0,0,0,0,0,0,0,0,0,0,0,0,0,0,0,0,0,0,0,0,0,0,0,0,5,0,8,0,19,0,16,0,40,0,34,0,122,0,101,0,16,0,0,0,64,0,0,0,0,0,2,0,0,0,1,0,50,13,13,0,13,0,91,0,3,0,1,0,3,0,4,0,121,0,83,0,0,0,2,0,0,0,1,0,0,7,0,9,0,0,0,0,0,0,0,0,0,0,0,0,6,0,87,0,0,0,0,0,0,1,48,0,13,0,20,0,328,0,0,0,17,0,316,2,107,0,46,0,212,2,591,2,9,0,145,0,41,0,9,0,140,0,35,0,89,0,324,0,0,0,0
0,14,1,133,0,24,80,385,230,114,0,2,0,4,0,61,0,9,0,25,0,5,0,24,13,94,0,15,0,10,0,5,0,15,0,0,0,10,0,15,0,0,0,0,0,0,0,0,0,1,0,5,71,45,134,0,0,106,160,145,15,86,57,88,0,0,78,16,0,0,0,0,0,0,0,0,0,0,0,0,0,0,0,0,0,9,0,0,0,0,0,0,0,0,0,0,0,0,0,10,0,0,0,0,0,18,0,79,0,0,0,0,0,0,0,0,0,0,0,0,0,0,0,0,0,22,0,6,0,17,0,71,0,19,0,138,0,108,0,76,0,28,0,29,0,4,0,0,0,2,0,0,0,0,8,87,0,23,0,15,0,28,0,0,0,1,0,1,0,0,0,29,1,17,0,0,10,0,0,0,0,0,0,5,6,3,0,0,0,0,0,0,0,0,0,0,0,0,0,0,0,104,0,0,0,0,0,7,0,29,0,0,0,0,0,90,0,0,0,0,0,203,0,29,0,0,0,55,0,317,0,4,0,123,0,14,0,1,0,22,0,3,0,5,3,84,0,0,0
0,0,3,0,0,0,10,0,6,0,0,0,0,0,0,0,0,0,0,1,0,0,0,0,8,0,0,0,0,0,0,0,0,0,0,0,0,0,0,0,0,0,0,0,0,0,0,0,0,0,1,0,34,10,89,0,0,30,72,112,12,0,0,0,41,56,26,76,0,0,0,0,0,0,0,0,0,0,0,0,0,0,0,0,5,0,1,0,0,0,0,0,0,0,0,0,0,0,0,0,0,0,0,0,0,0,0,0,0,0,0,0,0,0,2,0,0,0,0,0,0,0,0,0,16,0,18,0,103,0,124,0,37,0,31,0,65,0,3,0,0,0,41,0,0,5,18,0,18,0,28,0,5,0,87,51,22,0,19,33,213,21,4,0,0,0,3,0,2,0,18,0,4,0,2,3,5,0,0,0,0,23,0,0,4,44,0,0,0,0,0,0,0,0,0,0,0,0,2,0,28,0,0,0,0,0,3,0,23,0,0,0,0,0,379,0,0,0,0,0,321,3,78,0,29,1,124,1,259,0,11,0,281,0,77,0,10,0,138,0,45,0,70,0,365,0,0,0,0
0,0,0,14,0,5,0,19,31,16,0,0,0,0,0,11,0,5,0,0,0,0,0,3,0,60,0,0,0,0,0,0,0,0,0,0,0,0,0,0,0,0,0,0,0,0,0,0,0,1,0,0,43,106,32,106,30,0,131,120,0,9,8,56,32,5,101,13,0,0,0,1,0,0,0,0,0,0,0,0,0,3,0,0,0,0,0,0,0,0,0,0,0,0,0,0,0,4,0,6,0,0,0,0,0,0,0,21,0,0,0,0,0,0,0,0,0,0,0,0,0,0,0,0,0,22,0,3,0,37,0,61,0,13,0,53,0,49,1,69,0,21,0,13,0,5,0,0,0,0,1,0,0,0,21,303,0,27,0,73,10,172,0,3,0,0,0,0,0,13,0,70,0,18,0,0,0,1,0,0,0,1,0,0,4,13,0,0,0,0,0,0,0,0,0,0,0,0,0,0,0,13,0,0,0,0,0,0,0,5,0,0,0,1,0,126,0,0,0,7,0,207,0,34,0,31,0,38,0,556,0,0,0,138,0,89,0,2,0,45,0,7,0,8,0,159,0,0,0
4,0,6,0,0,0,55,0,62,93,0,0,0,0,0,0,0,0,0,0,0,0,0,0,42,0,0,0,0,0,0,0,0,0,1,0,0,0,0,0,0,0,0,0,0,0,0,0,0,0,0,0,49,90,244,160,72,131,0,273,66,0,17,28,94,35,157,371,0,0,0,0,0,0,0,0,0,0,0,0,0,0,0,0,0,0,0,0,0,0,0,0,0,0,0,0,0,0,0,0,0,0,0,0,0,0,0,0,0,0,0,0,0,0,2,0,0,0,0,0,0,0,0,0,16,0,17,0,0,0,37,0,0,0,0,0,4,0,1,2,0,0,0,0,0,0,24,0,31,0,21,0,4,0,44,66,54,0,0,17,59,0,1,0,0,0,1,0,2,0,19,0,14,0,0,0,84,28,0,0,0,7,0,0,58,77,0,0,0,0,0,0,0,0,0,0,0,0,2,0,0,0,0,0,0,0,7,0,19,0,0,0,10,0,269,0,0,0,13,0,264,0,52,0,28,0,191,0,260,0,11,0,150,0,33,1,6,0,129,0,48,0,74,0,307,1,0,0,0
1,5,0,13,0,6,0,19,48,81,0,0,0,0,0,4,1,0,0,0,0,0,0,2,0,0,0,0,0,0,0,0,0,0,0,0,0,0,0,0,0,0,0,0,0,0,0,0,0,1,0,0,87,35,46,145,112,120,273,0,0,91,12,28,105,89,233,193,0,0,0,0,0,0,0,0,0,0,0,0,0,0,0,0,0,0,0,0,0,0,0,0,0,0,0,0,0,0,0,0,0,0,0,0,0,0,0,0,0,0,0,0,0,0,0,0,0,0,0,0,0,0,0,0,0,9,0,4,0,0,1,32,0,4,0,32,0,30,3,10,0,0,0,0,1,60,0,0,0,4,0,0,0,0,69,192,0,169,12,46,47,38,0,1,0,0,0,0,0,4,0,20,0,9,0,2,32,32,0,0,0,0,0,0,13,153,0,0,0,0,0,0,0,0,0,0,0,1,0,0,0,6,0,0,0,0,0,2,0,7,0,0,0,4,0,331,0,1,0,19,0,451,0,56,1,44,3,201,0,621,0,0,0,317,0,347,0,4,0,170,0,21,0,39,0,404,0,0,0
42,2,37,1,1,0,153,0,72,0,0,0,0,0,0,0,42,0,0,0,6,0,12,0,152,6,0,0,0,0,0,0,4,0,1,0,26,1,9,1,0,0,6,0,0,0,0,0,0,0,2,0,7,0,138,15,12,0,66,0,0,0,32,3,0,0,0,0,0,0,14,0,0,0,0,0,0,0,0,0,0,0,0,0,0,0,0,0,0,0,0,0,0,0,4,0,0,0,0,0,0,0,0,0,0,0,0,0,0,0,0,0,0,0,0,0,0,0,0,0,4,0,0,0,0,0,0,0,1,0,0,0,4,0,2,0,2,0,109,0,113,0,33,0,317,0,0,0,0,0,0,0,0,0,51,0,165,0,23,0,3,0,24,0,0,0,0,0,0,0,98,0,52,0,0,0,3,0,0,0,0,0,18,0,2,0,0,0,0,0,0,0,0,0,0,0,0,0,0,0,0,0,0,0,0,0,0,0,0,0,0,0,1,0,14,0,0,0,1,0,23,0,0,0,1,0,94,0,35,0,0,0,6,0,0,0,0,0,0,0,5,0,0,0,5,0,0,0,0
5,116,0,40,0,17,0,364,8,316,0,0,0,0,0,0,1,37,0,0,0,4,2,4,8,46,0,11,0,6,0,18,0,15,0,15,0,31,0,18,0,0,0,19,0,1,0,0,0,0,0,17,0,7,0,86,0,9,0,91,0,0,0,21,0,0,0,40,0,0,0,4,0,2,0,0,0,0,0,0,0,4,0,0,0,1,0,0,0,0,0,0,0,0,0,0,0,0,0,0,0,0,0,0,0,0,0,0,0,0,0,0,0,0,0,0,0,0,0,0,0,0,0,4,0,0,0,0,0,0,0,0,0,0,0,0,0,0,0,226,0,133,0,0,0,202,0,0,0,0,0,0,0,0,0,38,0,116,0,69,0,2,0,1,0,0,0,0,0,1,0,43,0,35,0,0,0,50,0,0,0,0,0,71,0,7,0,1,0,0,0,0,0,0,0,0,0,0,0,0,0,0,0,0,0,0,0,2,0,0,0,0,0,0,0,26,0,0,0,1,0,35,0,3,0,3,0,36,1,51,0,0,0,22,0,3,0,0,0,6,0,1,0,0,0,19,0,0,0
18,0,36,2,4,0,113,7,68,79,0,0,0,0,0,0,469,0,29,0,118,0,9,0,193,22,0,0,31,0,27,0,6,0,10,0,27,0,9,0,0,0,5,0,7,0,0,0,0,0,0,0,42,11,52,57,0,8,17,12,32,0,0,12,0,0,0,19,0,0,91,0,0,0,50,0,0,0,0,0,75,0,2,0,155,0,69,0,0,0,0,0,0,0,0,0,47,0,78,0,0,0,0,0,0,0,0,0,0,0,0,0,0,0,0,0,0,0,0,0,52,0,34,0,0,0,0,0,13,0,2,0,0,0,0,0,12,0,133,0,50,0,53,0,85,0,0,0,0,0,0,0,0,0,60,1,45,0,19,0,0,0,0,0,0,0,0,0,0,0,8,0,31,0,0,0,3,0,0,0,0,0,20,0,3,0,0,0,0,0,0,0,0,0,0,0,0,0,0,0,0,0,0,0,0,0,2,0,0,0,1,0,0,0,1,0,0,0,0,0,0,0,2,0,0,0,207,0,8,0,0,0,1,0,1,0,0,0,0,0,0,0,1,0,4,0,0,0,0
2,27,0,6,0,0,58,66,100,331,0,0,0,0,0,14,16,273,0,29,0,29,0,83,30,56,0,19,0,36,0,17,0,22,0,2,0,4,0,25,0,0,0,8,0,5,0,0,0,2,0,0,10,76,46,88,0,56,28,28,3,21,12,0,0,0,13,40,0,0,0,0,0,0,0,0,0,0,0,0,0,0,0,0,0,0,0,0,0,0,0,0,0,0,0,0,0,0,0,0,0,0,0,0,0,0,0,0,0,0,0,0,0,0,0,0,0,0,0,0,0,0,0,0,0,0,0,6,0,37,0,0,0,16,0,6,0,104,0,374,0,131,0,64,0,63,0,0,0,0,0,0,0,0,0,114,0,50,0,106,0,3,0,0,0,0,0,0,0,0,0,0,0,12,0,0,1,12,0,0,0,0,4,91,0,4,0,0,0,0,0,0,0,0,0,0,0,0,0,0,0,0,0,0,0,0,0,0,0,0,0,0,0,0,0,14,0,0,0,0,1,32,0,0,0,2,0,117,0,29,0,0,0,9,0,2,0,2,0,0,0,0,0,0,0,13,0,0,0
32,1,22,3,6,0,12,1,106,0,7,1,4,0,7,0,0,0,2,0,0,0,2,0,6,0,5,0,0,0,0,0,0,0,0,0,0,0,2,0,0,0,0,0,0,0,3,0,0,0,0,0,0,3,3,0,41,32,94,105,0,0,0,0,0,158,257,50,0,0,0,0,1,0,0,0,0,0,0,0,0,0,0,0,0,0,1,0,0,0,0,0,0,0,0,0,0,0,0,0,0,0,0,0,0,0,2,0,0,0,0,0,0,0,0,0,0,0,0,0,0,0,0,0,1,4,7,0,0,0,44,41,0,0,8,0,0,0,1,11,0,0,0,0,3,12,68,0,87,54,42,0,35,0,1,53,0,0,0,77,104,171,0,0,0,0,0,0,0,0,1,0,0,0,72,35,47,0,0,0,120,60,0,0,128,43,0,0,0,0,0,0,0,0,0,0,0,0,0,0,0,0,0,0,2,0,4,0,16,0,0,0,0,0,15,0,0,0,0,0,0,0,0,0,1,0,29,1,8,0,0,0,17,0,26,0,0,0,20,0,2,0,3,0,23,0,0,0,0
0,63,0,2,0,0,0,15,0,331,0,4,0,3,0,1,0,0,0,3,0,0,0,0,0,0,0,0,0,0,0,0,0,0,0,1,0,0,0,1,0,0,0,1,0,0,0,0,0,0,0,0,7,2,0,0,56,5,35,89,0,0,0,0,158,0,20,476,0,0,0,0,0,0,0,0,0,0,0,0,0,0,0,0,0,0,0,0,0,0,0,0,0,0,0,0,0,0,0,0,0,0,0,0,0,0,0,0,0,0,0,0,0,0,0,0,0,0,0,0,0,0,0,0,0,21,0,22,0,0,84,81,0,0,0,18,0,18,59,17,6,0,0,0,30,60,0,51,63,230,5,32,0,34,35,27,0,5,46,30,266,172,0,0,0,0,0,0,0,0,0,0,0,0,18,133,0,20,0,0,7,108,0,28,0,129,0,4,0,0,0,0,0,0,0,0,0,5,0,0,0,0,0,0,0,0,0,16,0,33,0,0,0,0,0,0,0,0,0,0,0,0,0,0,0,0,0,29,0,22,0,0,0,0,0,70,0,0,0,14,0,0,0,0,0,26,0,0,0
7,0,4,0,0,0,5,0,129,40,0,1,0,0,0,0,0,0,0,0,0,0,0,0,0,4,1,0,0,0,0,0,0,0,0,0,0,0,0,0,0,0,0,0,0,0,0,0,0,0,0,0,0,32,5,78,26,101,157,233,0,0,0,13,257,20,0,167,0,0,0,0,0,0,0,0,0,0,0,0,0,0,0,0,0,0,0,0,0,0,0,0,0,0,0,0,0,0,0,0,0,0,0,0,0,0,0,0,0,0,0,0,0,0,0,0,0,0,0,0,0,0,0,0,0,1,0,0,0,0,12,0,0,0,0,0,0,0,0,1,0,0,0,0,0,0,10,0,26,0,7,0,3,0,4,36,4,2,0,4,42,0,0,0,0,0,0,0,0,0,0,0,0,0,0,1,212,24,0,0,6,0,0,0,123,71,0,0,0,0,0,0,0,0,0,0,0,0,0,0,0,0,0,0,0,0,0,0,0,0,0,0,0,0,0,0,0,0,0,0,15,0,2,0,1,0,31,0,10,0,0,0,11,0,0,0,0,0,11,0,0,0,7,0,16,0,0,0,0
0,11,0,0,0,0,26,2,107,386,0,2,0,0,0,0,0,0,0,1,0,0,0,0,0,0,0,0,0,0,0,0,0,0,0,0,0,0,0,0,0,0,0,0,0,0,0,0,0,0,0,0,100,27,126,16,76,13,371,193,0,40,19,40,50,476,167,0,0,0,0,0,0,0,0,0,0,0,0,0,0,0,0,0,0,0,0,0,0,0,0,0,0,0,0,0,0,0,0,0,0,0,0,0,0,0,0,0,0,0,0,0,0,0,0,0,0,0,0,0,0,0,0,0,0,24,0,7,0,0,0,19,0,0,0,0,0,9,5,8,0,0,0,0,3,35,0,10,0,36,0,0,0,0,59,65,0,45,7,38,55,56,0,0,0,1,0,0,0,1,0,5,0,1,0,9,72,224,0,0,0,19,0,9,14,319,0,0,0,0,0,0,0,0,0,0,0,0,0,4,0,0,0,0,0,0,0,0,0,12,0,0,0,0,0,62,0,0,0,0,0,85,0,11,0,8,0,64,0,128,0,0,0,70,0,65,0,0,0,41,0,0,0,12,1,105,0,0,0
0,0,0,0,0,0,0,0,0,0,0,0,1,0,0,0,0,0,0,0,3,0,0,0,0,0,9,0,1,0,0,0,0,0,0,0,0,0,0,0,1,0,0,0,6,0,0,0,1,0,0,0,0,0,0,0,0,0,0,0,0,0,0,0,0,0,0,0,0,0,0,0,1,0,1,0,74,0,4,0,6,0,22,0,0,0,14,0,16,0,3,0,48,0,25,0,0,0,0,0,5,0,157,0,0,0,18,0,53,0,0,0,54,0,0,0,9,0,0,0,0,0,0,0,0,0,1,0,0,0,0,0,0,0,0,0,8,0,0,0,6,0,0,0,0,0,0,0,0,0,1,0,3,0,0,0,0,0,0,0,0,0,0,0,37,0,0,0,19,0,1,0,0,0,0,0,0,0,0,0,0,1,0,0,0,0,0,0,29,0,32,0,7,0,0,0,6,0,0,0,10,0,0,0,10,0,0,0,0,0,0,0,296,0,107,0,101,0,11,0,2,0,153,0,60,0,0,0,25,1,0,0,0,0,0,0,0,0,17,0,56,0,0,0,0,0,0,0,0
0,0,0,0,0,0,0,0,0,0,0,0,0,0,0,0,0,0,0,0,0,0,0,0,0,0,0,4,0,0,0,0,0,0,0,0,0,0,0,0,1,0,0,0,0,9,0,0,0,11,0,0,0,0,0,0,0,0,0,0,0,0,0,0,0,0,0,0,0,0,0,0,0,0,1,0,0,88,0,0,0,10,0,49,0,8,0,3,0,33,0,3,0,23,0,44,0,3,0,0,0,5,0,198,0,16,0,0,0,18,0,1,0,0,0,1,0,11,0,0,0,1,0,0,0,0,0,0,0,0,0,0,0,0,0,0,0,0,0,0,0,0,0,0,0,0,0,0,0,0,0,0,0,0,0,0,0,0,0,0,0,0,0,0,0,29,0,0,0,24,0,0,0,0,0,0,0,0,0,0,0,0,0,0,0,0,0,0,0,31,0,0,0,2,0,0,0,0,0,0,0,0,0,0,0,0,0,0,0,3,0,0,0,329,0,11,0,60,0,6,0,3,0,142,0,16,0,0,0,74,0,0,0,0,0,0,0,0,0,7,0,0,0,0,0,0,0,0,0
0,0,0,0,0,0,0,0,0,0,0,0,0,0,2,0,117,0,0,0,103,0,0,0,0,0,33,0,72,0,80,0,30,0,50,0,135,0,19,0,0,0,32,0,13,0,0,0,0,0,30,0,0,0,0,0,0,0,0,0,14,0,91,0,0,0,0,0,0,0,0,0,108,0,244,0,12,0,169,0,18,0,0,0,0,0,56,0,0,0,0,0,0,0,21,0,0,1,2,0,0,0,0,0,3,0,0,0,0,0,0,0,0,0,0,0,0,0,0,0,62,0,21,0,0,0,0,0,0,0,5,0,4,0,6,0,20,0,1,0,90,1,77,0,204,0,10,0,0,0,15,0,10,0,0,0,22,0,1,0,0,0,20,0,0,0,9,0,13,0,30,0,59,0,8,0,0,0,0,0,9,0,0,0,2,0,0,0,0,0,0,0,0,0,0,0,0,0,1,0,0,0,0,0,0,0,0,0,0,0,1,0,0,0,1,0,0,0,0,0,0,0,0,0,0,0,1,0,4,0,0,0,0,0,0,0,0,0,14,0,0,1,0,0,0,0,0,0,0
0,0,0,0,0,0,1,0,0,1,0,0,0,0,0,0,0,0,0,2,0,5,0,7,0,0,0,13,0,0,0,0,0,8,0,0,0,14,0,0,0,0,0,11,0,16,0,0,0,0,0,18,0,0,0,0,0,1,0,0,0,4,0,0,0,0,0,0,0,0,0,0,0,153,0,141,0,10,0,96,0,6,0,0,0,0,0,35,0,0,0,0,0,0,0,0,0,0,0,0,0,0,0,0,0,0,0,0,0,0,0,0,0,0,0,0,0,0,0,0,0,13,0,40,0,35,0,14,13,18,6,23,17,35,0,31,7,86,3,16,5,104,0,20,0,213,0,35,0,46,0,0,0,35,0,0,0,1,0,1,0,0,0,25,0,0,0,0,0,6,0,5,0,16,0,18,0,2,0,0,0,15,0,0,0,0,0,0,0,0,0,0,0,0,0,0,0,0,0,0,0,0,0,0,0,0,0,0,0,4,0,0,0,0,0,0,0,0,0,1,0,0,0,1,0,0,0,20,0,17,0,0,0,0,0,14,0,0,0,28,0,4,0,0,0,12,0,0,0
