0,471,205,94,127,18,32,136,77,37,142,13,226,3,24,60,90,70,25,0,10,0,61,137,12,250,61,3,65,3,0,0,24,0,0,0,45,21,428,45,17,0,6,0,21,0,12,0,3,0,4,0,9,0,3,3,0,0,0,0,19,20,22,79,24,0,1,0,0,0,0,0,0,0,0,0,0,0,0,0,0,0,0,0,0,6,0,0,0,0,0,0,0,0,0,0,0,0,0,0,0,0,0,0,2,0,0,0,0,0,0,0,0,0,0,0,0,0,0,0,0,0,0,0,3,0,2,0,0,0,2,1,0,0,0,0,1,0,1,0,0,0,0,2,0,0,26,0,67,0,10,0,13,0,2,0,0,0,0,0,0,0,0,0,10,0,5,0,5,0,8,0,139,0,8,0,85,66,8,0,5,0,7,22,28,0,4,0,0,0,0,0,0,0,1,0,0,0,0,0,0,0,0,0,0,0,1,0,3,0,0,0,0,0,33,1,0,0,0,0,113,12,11,0,27,0,224,13,78,8,93,0,119,4,31,0,29,0,87,0,61,0,101,0,254,0,0,0,0
471,0,355,131,87,319,86,143,117,107,48,371,9,171,0,36,99,43,0,203,0,7,145,70,315,91,0,298,19,138,0,4,0,132,0,8,8,181,58,500,5,203,0,0,0,34,0,109,0,12,0,3,5,21,11,36,3,5,0,8,6,143,35,110,0,46,0,23,0,0,0,0,0,0,0,0,0,0,0,0,0,2,0,0,0,6,0,3,0,2,0,0,0,1,0,0,0,0,0,0,0,0,0,0,0,1,0,0,0,0,0,0,0,0,7,1,0,0,0,0,0,0,0,7,0,0,0,5,0,0,0,0,0,0,0,0,0,12,0,0,0,0,2,0,0,0,0,0,3,53,0,49,0,56,0,3,0,16,0,0,0,4,0,0,1,2,0,0,0,7,0,9,12,95,0,33,31,300,0,3,0,23,6,28,0,70,0,0,0,0,0,0,0,0,0,0,0,0,0,0,0,0,0,0,0,0,0,7,0,6,0,20,0,0,1,81,0,2,0,10,0,427,0,18,0,12,17,203,0,147,0,207,3,478,3,65,0,87,0,141,0,59,1,126,0,306,0,0,0
205,355,0,60,305,63,83,50,18,0,31,109,183,0,119,76,116,65,117,0,77,0,296,86,244,133,115,0,135,10,46,1,90,12,0,0,35,27,416,50,16,0,16,0,33,0,28,0,19,0,14,0,13,0,65,0,20,0,0,0,0,20,43,34,14,0,0,0,0,0,5,0,0,0,0,0,0,0,0,0,0,0,0,0,5,0,0,1,0,0,0,0,0,0,0,0,23,0,23,0,0,0,0,0,0,0,18,0,0,0,0,0,0,0,1,1,0,0,0,0,0,0,3,0,33,0,44,0,0,0,15,0,11,0,40,0,36,0,0,0,0,0,33,0,0,0,38,0,100,0,92,4,0,0,2,0,0,1,3,0,14,0,1,0,0,0,70,0,24,0,9,0,187,0,5,0,10,48,0,0,9,6,0,8,5,0,0,0,0,0,0,0,0,0,1,0,7,0,0,0,24,0,0,0,1,0,0,0,62,0,8,0,0,0,58,4,0,0,8,0,300,0,31,0,31,2,168,11,220,11,89,6,188,6,44,0,23,3,68,3,41,0,115,0,315,0,0,0,0
94,131,60,0,24,76,0,132,0,6,53,5,0,4,0,100,41,30,0,107,0,11,40,172,42,191,0,43,0,186,8,0,13,120,0,3,0,41,22,197,0,0,0,1,0,8,0,3,0,0,0,0,0,0,0,102,0,10,0,0,0,0,0,8,0,0,0,0,0,0,0,0,0,0,0,0,0,0,0,0,0,0,0,0,0,0,0,0,0,0,0,0,0,0,0,0,0,0,0,0,0,0,0,0,0,0,0,2,0,0,0,0,0,0,0,0,0,0,0,0,0,0,0,0,0,0,0,0,0,0,0,0,0,8,0,0,0,0,0,0,0,0,0,3,0,0,0,0,0,0,0,0,0,0,0,4,0,1,0,0,0,0,0,0,0,2,0,1,0,2,0,2,2,21,0,0,1,15,0,0,0,0,0,0,0,0,0,0,0,0,0,0,0,0,0,0,0,0,0,0,0,0,0,0,0,0,0,0,0,7,0,0,0,2,0,18,0,0,0,0,7,161,0,0,0,9,3,44,0,73,0,19,1,101,0,13,0,9,0,16,0,0,0,18,1,35,0,0,0
127,87,305,24,0,385,9,0,31,1,74,266,265,144,225,269,32,0,104,146,143,72,93,46,14,0,181,45,9,0,113,28,106,40,43,0,162,53,43,9,42,0,7,0,17,0,23,0,6,0,29,0,0,0,8,0,4,0,5,0,0,0,5,0,8,0,2,0,0,0,0,0,0,0,0,0,0,0,0,0,0,0,0,0,0,0,10,0,0,0,0,0,0,0,0,0,0,0,0,0,0,0,0,0,0,0,0,0,0,0,0,0,0,0,0,1,0,0,2,0,0,0,0,0,6,0,0,0,0,0,2,0,0,0,3,0,0,0,0,0,0,0,7,0,0,0,0,0,26,0,10,0,0,0,1,0,0,0,0,0,0,0,4,0,0,0,83,0,23,0,5,0,49,1,0,0,113,118,12,0,31,0,14,0,18,0,6,4,0,0,0,0,0,0,0,0,0,0,0,0,0,0,0,0,0,0,0,0,0,0,1,0,0,0,16,0,0,0,11,18,133,0,12,0,39,0,251,17,131,0,81,0,0,0,16,0,50,0,41,0,22,0,110,0,160,0,0,0,0
18,319,63,76,385,0,0,84,0,26,207,146,208,185,300,104,41,6,129,198,158,110,63,62,0,6,0,240,0,140,83,118,67,389,27,55,69,171,8,0,0,64,0,0,12,8,3,64,1,0,20,23,0,8,0,22,0,7,0,6,0,7,0,7,0,4,0,3,0,0,0,0,0,1,0,0,0,0,0,0,0,5,0,0,0,16,0,3,0,0,1,0,0,0,0,0,0,0,0,0,0,0,0,0,0,0,1,0,0,0,0,0,0,0,1,1,0,0,0,0,0,0,0,0,0,0,0,0,0,0,0,0,0,0,0,0,0,28,0,0,0,0,0,22,0,1,0,0,0,0,0,19,0,0,0,0,0,6,0,0,0,0,0,0,3,18,15,33,0,11,0,5,0,24,0,9,34,237,28,24,0,7,0,10,0,0,8,12,0,0,0,1,0,0,0,0,0,0,0,0,0,0,0,0,0,0,0,0,0,15,0,0,0,0,0,15,0,0,0,0,25,284,0,8,25,73,26,275,0,252,0,124,1,145,0,26,0,81,0,51,0,27,6,72,0,117,0,0,0
32,86,83,0,9,0,0,0,112,274,4,0,0,0,6,0,0,0,5,0,0,0,9,8,181,136,4,0,0,0,0,0,2,0,0,0,0,4,150,0,0,0,0,0,4,0,0,0,14,0,0,0,123,82,305,67,23,0,31,0,231,45,215,166,17,1,74,33,0,0,0,0,3,0,0,0,0,0,0,0,0,0,0,0,1,0,0,0,0,0,0,0,0,0,0,0,0,0,0,0,0,0,0,0,0,0,0,0,0,0,0,0,0,0,0,1,0,0,0,0,0,0,0,0,22,0,27,0,0,0,26,0,6,0,16,0,4,0,0,0,0,0,12,0,0,0,15,0,24,0,31,0,1,0,1,0,0,12,0,0,10,0,5,0,13,0,0,0,12,0,65,0,168,0,0,0,15,22,0,0,2,0,0,31,0,8,0,0,0,0,0,0,0,0,0,0,0,0,0,0,0,0,0,0,0,0,0,0,24,0,0,0,0,0,407,5,0,0,11,0,285,2,50,0,107,3,161,6,194,0,64,0,373,3,42,2,19,1,132,0,76,0,97,0,433,0,0,0,0
136,143,50,132,0,84,0,0,258,40,0,21,0,0,0,40,0,0,0,89,0,0,0,23,118,490,0,99,0,26,0,6,0,0,0,4,0,18,24,119,0,27,0,0,0,0,0,19,0,0,0,0,30,40,37,435,0,55,0,49,0,53,41,190,0,0,0,4,0,0,1,0,0,1,0,0,0,0,0,0,0,0,0,0,0,9,0,0,0,1,0,0,0,0,0,0,0,0,0,0,0,0,0,0,0,0,0,0,0,0,0,0,0,0,8,0,0,0,0,0,0,0,0,0,0,50,0,37,0,0,0,38,0,8,0,51,0,26,0,0,0,0,0,0,0,0,0,0,0,0,0,16,0,0,0,5,0,0,0,0,0,8,0,0,0,9,1,0,0,4,0,12,0,52,0,0,3,5,0,0,0,1,0,6,0,0,0,0,0,0,0,0,0,0,0,0,0,0,0,8,0,0,0,0,0,0,0,0,0,42,1,47,0,11,3,169,0,0,0,12,0,582,0,51,0,39,10,79,0,275,0,111,0,313,0,29,0,18,0,103,4,26,0,35,5,199,0,0,0
77,117,18,0,31,0,112,258,0,681,35,0,47,0,18,0,60,7,14,1,0,0,0,0,20,189,24,0,10,0,0,0,0,0,0,0,0,2,144,4,6,0,0,0,7,0,2,0,0,0,0,0,98,92,65,148,10,36,54,64,302,39,273,176,103,0,170,91,0,0,0,0,0,0,0,0,0,0,0,0,0,0,0,0,0,0,0,0,0,0,0,0,0,0,0,0,0,0,0,0,0,0,0,0,0,0,0,0,0,0,0,0,0,0,0,0,0,0,0,0,0,2,0,0,23,0,28,0,0,0,41,0,0,0,0,0,0,0,0,0,0,0,0,0,2,0,49,0,125,0,40,0,33,0,6,7,8,13,0,1,12,0,0,0,4,0,6,0,12,0,49,0,154,0,9,1,231,62,18,0,0,0,49,21,88,23,0,0,0,0,0,0,0,0,0,0,0,0,0,0,0,0,0,0,0,0,0,0,8,0,0,0,0,0,127,4,2,0,4,0,88,6,12,0,61,1,227,4,88,0,48,0,137,3,15,0,11,0,92,0,62,0,85,0,302,3,0,0,0
37,107,0,6,1,26,274,40,681,0,0,20,0,8,0,5,0,0,0,58,0,0,2,0,143,36,0,34,0,0,0,0,0,0,0,3,1,2,6,5,0,12,0,5,0,8,0,5,0,2,0,0,75,128,301,119,9,37,31,49,23,76,55,175,0,95,48,88,0,0,0,0,0,0,0,0,0,0,0,0,0,0,0,0,0,0,0,0,0,0,0,0,0,0,0,0,0,0,0,0,0,0,0,0,0,6,0,0,0,0,0,0,0,0,4,0,0,0,0,0,0,0,0,0,0,42,0,45,1,0,0,25,0,5,0,23,0,11,0,0,0,0,0,0,0,0,0,53,0,102,0,48,0,21,0,9,2,59,0,2,0,7,0,0,0,0,0,0,1,3,0,10,19,8,0,3,71,228,0,1,0,0,5,29,0,99,0,1,0,0,0,0,0,0,0,0,0,1,0,7,0,0,0,0,0,0,0,6,0,36,0,0,0,5,1,183,0,0,0,0,3,203,0,25,2,17,8,160,0,80,1,131,0,286,0,39,0,10,0,149,0,39,2,23,4,270,0,0,0
142,48,31,53,74,207,4,0,35,0,0,135,143,5,50,206,14,5,16,25,46,21,32,50,0,0,30,0,9,11,44,3,61,40,8,0,51,10,20,5,31,0,0,0,13,0,6,0,3,0,0,0,0,0,0,0,0,0,0,0,0,0,0,0,6,0,0,0,0,0,0,0,0,0,0,0,0,0,0,0,0,0,0,0,0,0,0,0,0,0,0,0,0,0,0,0,0,0,0,0,0,0,0,0,0,0,0,0,0,0,0,0,0,0,0,0,0,0,0,0,0,0,0,0,0,0,0,0,0,0,0,0,0,0,0,0,2,0,0,0,0,0,0,0,0,0,12,0,9,0,25,0,45,0,0,0,0,0,0,0,2,0,1,0,0,0,43,0,21,0,0,0,23,0,16,0,137,54,14,0,54,0,28,0,45,0,14,0,0,0,0,0,0,0,0,0,0,0,0,0,0,0,0,0,0,0,0,0,0,0,1,0,0,0,0,0,0,0,0,0,58,10,6,0,10,0,302,19,93,8,52,0,29,5,9,2,19,3,18,0,22,0,39,0,102,0,0,0,0
13,371,109,5,266,146,0,21,0,20,135,0,31,388,243,11,50,5,29,34,117,10,104,4,17,0,0,60,0,69,48,26,63,99,0,11,31,83,14,20,0,186,0,0,0,6,0,73,0,6,0,0,0,5,0,0,0,0,0,2,0,4,0,0,0,10,0,6,0,0,0,0,0,0,0,0,0,0,0,0,0,0,0,0,0,0,0,0,0,0,0,0,0,0,0,0,0,0,0,0,0,0,0,0,0,0,0,0,0,0,0,0,0,0,1,0,0,0,0,0,0,0,0,0,0,0,0,3,0,0,0,0,0,0,0,0,0,0,0,0,0,0,0,0,0,0,3,0,0,0,0,32,0,47,0,0,0,5,0,0,0,0,0,0,0,2,0,9,0,3,0,3,0,0,0,21,15,398,3,47,0,44,0,27,0,22,1,14,0,0,0,0,0,0,0,0,0,3,0,0,0,0,0,0,0,0,0,0,0,0,0,0,0,0,0,8,0,0,0,0,22,171,2,0,0,26,12,174,21,96,5,100,0,100,0,13,0,44,2,33,2,23,0,54,6,74,0,0,0
226,9,183,0,265,208,0,0,47,0,143,31,0,359,25,83,0,0,58,261,87,110,10,0,1,0,114,252,0,0,30,19,0,2,161,25,78,52,0,0,114,48,61,60,34,18,26,31,23,0,138,82,2,0,0,0,1,0,0,0,2,0,0,0,12,0,1,0,0,0,0,0,0,0,0,0,0,0,0,0,0,0,0,0,0,0,0,0,0,0,0,0,0,0,0,0,0,0,0,0,1,0,0,0,0,0,0,0,0,0,0,0,0,0,1,0,0,0,1,0,0,0,0,0,0,0,5,0,0,0,3,0,0,0,0,0,0,0,0,0,0,0,0,0,0,0,22,0,29,0,27,0,54,0,1,0,0,0,0,0,0,0,0,0,15,0,9,0,0,0,0,0,0,0,37,0,225,90,37,0,112,0,42,0,60,0,100,8,0,0,0,0,0,0,0,0,0,0,0,0,0,0,0,0,0,0,0,0,0,0,0,0,0,0,0,0,0,0,107,87,0,3,9,12,156,25,76,0,21,0,16,0,0,0,3,0,7,0,10,0,0,0,17,0,0,0,0,0,0
3,171,0,4,144,185,0,0,0,8,5,388,359,0,73,3,0,0,392,64,69,32,0,0,0,0,231,63,0,0,19,9,0,1,56,61,27,62,0,0,29,360,19,40,23,17,12,76,2,18,63,110,0,0,0,0,0,2,0,0,0,0,1,0,0,0,0,0,0,0,0,0,0,0,0,0,0,0,0,0,0,0,0,0,0,0,0,0,0,0,0,0,0,0,0,0,0,0,0,0,0,0,0,0,0,0,0,0,0,0,0,0,0,0,0,0,0,0,0,0,0,0,0,0,0,0,0,2,0,0,0,0,0,0,0,2,0,3,0,0,0,0,0,0,0,1,0,0,0,0,0,19,0,20,0,0,0,0,0,0,0,0,0,1,0,21,0,2,0,0,0,0,2,0,0,13,13,493,7,14,0,26,0,9,0,3,19,213,0,0,0,0,0,0,0,0,0,0,0,0,0,0,0,0,0,0,0,0,0,0,0,0,0,0,0,0,0,0,11,210,3,0,0,12,35,162,4,85,0,93,0,0,0,0,0,10,0,0,0,0,0,0,0,0,0,0,0,0,0
24,0,119,0,225,300,6,0,18,0,50,243,25,73,0,277,19,0,105,85,150,48,105,36,90,0,88,11,4,8,88,31,83,59,48,4,98,29,0,0,0,0,2,0,5,1,6,0,1,0,13,0,4,0,7,0,5,0,0,0,0,0,6,0,7,0,0,0,0,0,1,0,0,0,0,0,0,0,0,0,8,0,0,0,14,0,0,0,0,0,0,0,0,0,0,0,19,0,13,0,0,0,0,0,0,0,0,0,0,0,0,0,0,0,0,0,0,0,0,0,0,0,2,0,4,0,7,0,0,0,0,0,3,0,8,0,14,0,0,0,0,0,16,0,0,0,13,0,20,0,15,0,0,0,0,0,0,0,0,0,0,0,0,0,0,0,33,1,13,0,3,0,9,0,0,0,27,26,5,0,0,0,0,0,10,0,0,0,0,0,0,0,0,0,1,0,0,0,0,0,7,0,0,0,0,0,0,0,7,0,0,0,0,0,0,0,0,0,0,0,22,7,0,0,15,0,138,11,39,0,15,8,7,0,3,0,0,3,4,0,4,1,17,0,39,0,0,0,0
60,36,76,100,269,104,0,40,0,5,206,11,83,3,277,0,32,28,18,318,166,134,70,88,0,8,0,38,0,17,102,48,99,34,0,0,41,35,19,4,0,0,0,2,0,5,0,0,0,0,0,0,0,2,0,119,0,39,0,0,0,3,0,24,0,0,0,0,0,0,0,0,0,0,0,0,0,2,0,0,0,0,0,0,0,0,0,0,0,2,0,0,0,0,0,1,0,0,0,0,0,0,0,0,0,0,0,0,0,0,0,0,0,0,0,0,0,0,0,0,0,0,0,0,0,0,0,0,0,2,0,0,0,22,0,41,0,61,0,3,0,0,0,12,1,0,0,0,0,9,1,0,0,0,0,0,0,3,0,0,4,0,0,0,2,0,0,10,6,2,0,0,0,1,0,0,3,22,9,0,0,0,0,0,0,11,0,0,0,0,0,0,0,0,0,0,0,0,0,4,0,0,0,0,0,0,0,0,0,3,0,0,0,0,0,14,0,0,0,0,19,48,1,0,0,0,8,451,0,27,7,24,0,61,0,9,0,14,4,19,0,5,0,25,0,24,0,0,0
90,99,116,41,32,41,0,0,60,0,14,50,0,0,19,32,0,27,179,2,237,0,90,49,116,39,29,1,85,0,59,0,53,10,8,0,13,12,91,11,0,0,5,0,28,0,0,0,0,0,12,1,74,0,86,0,19,0,0,0,2,4,105,8,1,0,0,0,0,0,8,0,0,0,20,0,0,0,0,0,144,0,0,0,115,0,60,0,0,0,201,0,0,0,0,0,358,0,243,0,0,0,0,0,0,0,105,0,0,0,0,0,0,0,0,0,0,0,0,0,34,0,123,0,0,0,0,1,129,0,1,0,0,0,34,0,141,0,69,0,48,0,397,0,0,0,0,0,3,0,0,0,0,0,27,0,0,0,39,0,15,0,0,0,0,0,3,0,1,0,0,1,14,1,1,0,15,8,0,0,0,0,26,0,0,0,0,0,0,0,0,0,0,0,0,0,0,0,1,0,32,0,0,0,0,0,0,0,29,0,0,0,0,0,3,0,0,0,0,0,20,1,0,0,4,0,127,8,18,0,0,0,4,0,0,0,0,1,2,0,0,0,0,0,9,1,0,0,0
70,43,65,30,0,6,0,0,7,0,5,5,0,0,0,28,27,0,0,26,0,42,30,57,65,174,0,9,4,128,2,7,5,37,0,0,1,14,14,168,0,0,0,6,0,0,0,0,0,0,0,5,0,6,0,45,0,67,0,0,1,0,11,80,0,0,0,0,0,1,0,0,0,2,0,0,0,0,0,0,0,0,0,0,0,28,0,3,0,0,0,0,0,0,0,0,0,0,0,0,0,2,0,0,0,0,0,0,0,0,0,0,0,0,0,0,0,0,0,0,0,2,0,2,0,0,0,0,0,32,0,10,0,80,0,136,0,169,0,50,1,10,0,49,2,0,0,0,1,0,0,0,0,0,0,43,0,0,0,0,0,10,0,0,0,0,0,0,0,1,0,1,0,0,0,0,0,9,0,5,0,0,0,12,0,0,0,0,0,0,0,0,0,0,0,0,0,0,0,4,0,12,0,0,0,0,0,0,0,12,0,0,0,0,0,2,0,0,0,0,0,11,0,0,0,0,0,198,0,8,0,0,0,7,0,0,0,1,0,0,0,2,0,1,0,1,0,0,0
25,0,117,0,104,129,5,0,14,0,16,29,58,392,105,18,179,0,0,190,185,78,195,0,174,0,152,220,17,0,30,21,0,2,141,42,67,57,0,0,4,56,31,58,9,0,5,28,0,1,192,101,0,0,30,0,0,0,0,0,0,0,43,0,7,0,0,0,0,0,14,0,1,0,18,0,0,0,0,0,173,0,0,0,40,0,90,0,0,0,0,0,0,0,0,0,188,0,192,0,0,0,0,0,0,0,71,0,0,0,0,0,0,0,0,0,0,0,0,0,0,0,0,0,0,0,10,0,0,0,0,0,0,0,0,0,40,0,0,0,0,0,77,0,0,0,0,0,16,0,12,0,0,0,0,0,0,0,0,0,0,0,0,0,24,4,12,0,23,0,0,0,0,0,0,0,27,35,1,0,0,0,3,0,10,0,10,20,0,0,0,0,0,0,1,0,0,0,0,0,0,0,0,0,0,0,0,0,0,0,0,0,0,0,0,0,0,0,56,66,18,0,3,0,143,23,141,0,25,6,0,0,0,0,3,0,15,0,0,0,5,0,12,0,44,0,0,0,0
0,203,0,107,146,198,0,89,1,58,25,34,261,64,85,318,2,26,190,0,40,152,0,99,0,29,84,152,0,4,36,42,0,23,38,159,28,115,0,0,0,5,17,32,2,34,0,7,0,0,27,98,0,16,0,188,0,73,0,35,0,6,0,72,2,44,0,7,0,0,0,0,0,0,0,0,0,1,0,0,0,0,0,0,0,55,0,4,0,0,0,0,0,0,0,0,0,0,0,0,0,0,0,0,0,0,0,5,0,0,0,0,0,0,0,0,0,0,0,0,0,12,0,10,0,11,0,18,0,0,0,8,0,0,0,96,0,108,0,0,0,0,0,58,2,0,0,17,0,22,0,38,0,0,0,12,0,9,0,7,0,7,0,0,0,14,0,11,0,7,0,0,0,0,0,0,6,42,14,0,0,0,0,9,0,15,16,5,0,0,0,0,0,0,0,0,0,2,0,0,0,0,0,0,0,0,0,15,0,42,0,0,0,0,0,0,0,0,0,40,0,44,0,0,16,78,0,249,0,100,0,20,0,58,0,0,0,9,1,19,0,0,0,19,0,30,0,0,0
10,0,77,0,143,158,0,0,0,0,46,117,87,69,150,166,237,0,185,40,0,29,149,28,80,4,40,32,91,15,59,15,78,32,35,12,45,34,10,2,1,7,4,0,3,0,0,5,0,0,45,5,8,0,0,0,0,1,2,0,0,0,73,0,0,0,1,0,0,0,18,0,3,0,24,0,0,0,0,0,150,0,0,0,37,0,79,0,0,0,99,0,0,0,0,1,151,0,145,0,0,0,0,0,0,0,52,0,0,0,0,0,0,0,0,0,0,0,0,0,59,0,56,0,0,0,0,0,0,0,0,0,0,0,0,0,0,0,36,0,30,0,126,0,20,0,0,0,0,0,0,0,0,0,6,0,0,0,4,0,0,1,0,0,13,0,30,0,37,0,0,0,21,0,3,0,34,24,17,0,0,0,0,0,2,0,15,0,0,0,0,0,0,0,0,0,0,0,0,0,0,0,0,0,0,0,0,0,0,0,0,0,0,0,0,0,0,0,25,10,44,0,0,0,71,0,284,12,40,0,48,0,13,0,8,0,20,1,11,0,12,0,38,0,70,0,0,0,0
0,7,0,11,72,110,0,0,0,0,21,10,110,32,48,134,0,42,78,152,29,0,0,83,0,20,36,106,0,47,24,12,7,60,14,14,12,16,0,3,0,0,0,21,2,19,3,0,0,1,13,38,0,0,0,35,0,35,0,0,0,0,0,149,0,0,0,0,0,0,0,0,0,0,0,0,0,0,0,0,0,7,0,0,0,89,0,11,0,0,0,0,0,0,0,0,0,22,0,0,0,0,0,0,0,0,0,0,0,0,0,0,0,0,1,0,0,0,0,0,0,18,0,19,0,0,0,2,0,10,0,5,0,53,0,116,0,229,0,90,0,45,0,120,0,18,0,0,0,0,0,0,0,0,0,10,0,4,0,0,0,0,0,0,0,17,0,13,2,11,0,0,0,4,0,0,0,32,6,0,0,0,0,0,0,0,5,10,0,0,0,0,0,0,0,0,0,0,0,0,0,7,0,0,0,0,0,0,0,0,0,2,0,0,0,5,0,0,0,79,0,85,1,4,6,98,0,393,0,103,0,58,0,45,0,9,0,36,0,23,0,16,0,28,0,33,0,0,0
61,145,296,40,93,63,9,0,0,2,32,104,10,0,105,70,90,30,195,0,149,0,0,59,152,0,34,0,55,11,32,0,53,19,0,0,15,20,134,10,3,0,3,0,6,0,0,0,0,0,4,0,5,0,47,0,16,0,0,0,0,1,13,0,0,0,0,0,0,0,0,0,0,0,0,0,0,0,0,0,0,0,0,0,10,0,0,0,0,0,36,0,0,0,0,0,39,0,0,0,0,0,0,0,0,0,0,0,0,0,0,0,0,0,0,0,0,0,0,0,0,0,0,0,6,0,9,1,0,0,3,0,6,0,19,0,22,0,0,0,0,0,66,2,0,0,5,0,13,0,13,0,0,0,0,0,0,0,0,0,0,0,0,0,0,0,20,1,0,0,2,0,28,0,0,0,19,20,0,0,0,0,2,0,2,0,0,0,0,0,0,0,0,0,0,0,3,0,0,0,27,0,0,0,1,0,0,0,33,0,0,0,0,0,5,0,0,0,0,0,69,7,0,0,7,0,123,19,73,3,0,3,0,0,5,0,0,0,9,0,2,1,8,0,40,0,0,0,0
137,70,86,172,46,62,8,23,0,0,50,4,0,0,36,88,49,57,0,99,28,83,59,0,70,31,0,8,10,69,7,3,29,35,0,1,0,8,29,15,0,0,0,4,0,0,0,0,0,0,0,0,0,1,0,97,0,47,0,8,0,1,0,71,0,0,0,0,0,0,0,0,0,0,0,0,0,0,0,0,0,0,0,0,0,34,0,6,0,0,0,0,0,0,0,0,0,17,0,0,0,1,0,3,0,1,0,0,0,0,0,0,0,0,0,0,0,0,0,0,0,0,0,5,0,2,0,2,0,4,0,0,0,30,0,61,0,80,0,10,0,6,0,35,0,0,0,0,0,0,0,1,2,0,0,10,0,1,0,4,0,0,0,0,0,1,2,4,0,3,0,0,2,4,0,0,3,12,0,1,0,0,0,0,0,0,0,0,0,0,0,0,0,0,0,0,0,0,0,1,0,0,0,0,0,0,0,0,0,0,0,0,0,0,0,0,0,0,0,0,10,60,0,0,0,1,6,522,8,30,0,42,0,48,0,2,0,13,0,8,0,0,0,19,0,23,0,0,0
12,315,244,42,14,0,181,118,20,143,0,17,1,0,90,0,116,65,174,0,80,0,152,70,0,285,21,0,55,0,11,0,0,0,3,0,8,19,206,30,0,0,0,0,0,0,0,0,8,0,4,1,87,13,249,0,66,0,17,1,70,42,377,144,0,0,0,0,0,0,0,0,4,0,0,0,0,0,0,0,0,0,0,0,25,0,5,0,0,0,44,0,0,0,0,0,56,0,0,0,0,0,0,0,13,0,49,0,0,0,0,0,0,0,0,0,0,0,0,0,0,0,5,0,0,0,23,0,39,0,9,0,38,0,94,0,138,0,5,0,2,0,151,2,0,0,0,0,10,0,24,0,0,2,8,0,0,2,11,0,17,0,0,0,0,0,3,0,12,0,14,0,118,1,0,0,0,12,0,0,0,5,5,29,0,0,0,0,0,0,0,0,0,0,0,0,3,0,0,0,51,0,0,0,0,0,11,0,98,0,7,0,0,0,114,2,0,1,8,0,250,11,27,0,81,0,209,4,164,0,10,0,164,9,11,0,4,0,32,0,15,0,8,0,99,4,0,0,0
250,91,133,191,0,6,136,490,189,36,0,0,0,0,0,8,39,174,0,29,4,20,0,31,285,0,0,0,0,24,0,7,0,8,0,0,0,7,35,49,0,0,0,3,0,0,0,0,0,0,0,0,7,12,38,123,0,49,0,0,0,23,60,128,0,0,0,0,0,0,0,0,0,1,0,0,0,1,0,0,1,0,0,0,0,0,0,2,0,0,0,0,0,0,0,0,0,0,0,0,0,0,0,0,0,0,0,0,0,0,0,0,0,0,0,0,0,0,0,0,0,0,0,0,0,7,0,0,0,0,1,10,0,17,0,27,0,37,2,0,0,0,1,0,0,0,0,0,0,0,0,0,0,0,0,13,0,2,0,8,0,7,0,1,0,0,0,0,0,0,0,1,11,13,0,0,3,20,0,0,0,0,0,11,0,0,0,0,0,0,0,0,0,0,0,0,0,0,0,0,0,0,0,0,0,0,0,0,0,3,0,0,0,0,0,0,0,1,0,0,0,23,0,1,0,1,6,138,0,32,0,2,0,5,0,2,0,0,0,0,0,0,3,0,8,3,0,0,0
61,0,115,0,181,0,4,0,24,0,30,0,114,231,88,0,29,0,152,84,40,36,34,0,21,0,0,252,13,0,22,3,5,0,30,13,31,0,0,0,14,149,154,63,47,25,8,90,7,1,127,91,0,0,6,0,0,0,0,0,0,0,15,0,15,0,0,0,1,0,17,0,0,0,7,0,0,1,0,0,0,0,0,0,10,0,0,0,0,0,0,0,0,0,0,0,28,0,0,0,0,0,1,0,0,0,0,0,0,0,0,0,0,0,0,0,0,0,0,0,0,0,15,0,0,0,3,0,0,0,0,0,0,0,0,0,0,0,0,0,0,0,0,0,11,0,10,0,23,0,12,0,0,0,2,0,0,0,0,0,0,0,0,0,23,0,0,0,13,0,0,0,2,0,0,0,9,45,3,0,0,0,0,0,9,0,27,6,0,0,0,0,0,0,0,0,0,0,0,0,0,0,0,0,0,0,0,0,0,0,0,0,0,0,0,0,1,0,257,78,0,0,15,22,205,6,30,0,14,0,6,0,0,0,0,0,5,0,3,0,0,0,0,0,0,0,0,0,0
3,298,0,43,45,240,0,99,0,34,0,60,252,63,11,38,1,9,220,152,32,106,0,8,0,0,252,0,0,0,0,7,0,6,26,42,20,38,0,0,76,19,40,122,21,78,54,26,3,16,41,177,0,3,0,63,0,16,0,8,0,0,0,45,0,29,0,8,0,0,0,0,0,0,0,0,0,0,0,0,0,5,0,3,0,30,0,2,0,6,0,0,0,0,0,0,0,0,0,0,0,0,0,0,0,0,0,0,0,0,0,0,0,0,0,0,0,0,0,0,0,0,0,15,0,6,0,0,1,4,0,0,0,0,0,52,0,70,0,0,0,16,0,38,0,3,0,7,0,0,0,24,0,0,0,0,0,10,0,0,0,0,0,0,0,28,0,4,0,22,0,0,0,3,0,0,0,98,2,1,0,0,0,2,0,0,23,21,0,0,0,0,0,0,0,0,0,0,0,0,0,4,0,0,0,0,0,0,0,24,0,0,0,0,0,0,0,0,0,407,0,18,0,63,7,110,3,179,0,72,0,0,0,15,0,5,0,0,0,0,0,0,0,0,0,0,0,0,0
65,19,135,0,9,0,0,0,10,0,9,0,0,0,4,0,85,4,17,0,91,0,55,10,55,0,13,0,0,0,75,0,11,2,20,0,46,0,12,0,0,0,23,0,0,0,0,0,0,0,10,0,5,0,3,0,0,0,0,0,4,1,35,1,0,0,0,0,0,0,6,0,0,0,5,0,0,0,0,0,26,0,0,0,9,0,0,0,0,0,11,0,0,0,0,0,20,0,25,0,1,0,0,0,0,0,5,0,0,0,0,0,0,0,0,0,0,0,0,0,12,0,37,0,0,0,0,0,9,0,0,0,0,0,0,0,15,0,32,0,25,0,42,1,0,0,0,0,4,0,0,0,0,0,7,0,0,0,6,0,1,0,0,0,3,0,2,0,0,0,0,0,1,0,0,0,5,0,0,0,0,0,20,0,0,0,0,0,0,0,0,0,0,0,0,0,0,0,0,0,1,0,0,0,0,0,0,0,0,0,0,0,0,0,0,0,0,0,0,0,0,0,0,0,2,0,39,0,3,0,0,0,0,0,0,0,0,0,0,0,0,0,1,0,0,0,0,0,0
3,138,10,186,0,140,0,26,0,0,11,69,0,0,8,17,0,128,0,4,15,47,11,69,0,24,0,0,0,0,3,82,8,5,0,21,0,18,2,4,0,0,0,3,0,0,0,0,0,0,0,6,0,0,0,21,0,22,0,2,0,2,1,80,0,0,0,0,0,0,0,0,0,0,0,0,0,0,0,0,0,1,0,1,0,10,0,2,0,0,0,0,0,0,0,0,0,2,0,0,0,0,0,0,0,0,0,1,0,0,0,0,0,0,0,0,0,0,0,0,0,3,0,2,0,0,0,0,0,9,0,0,0,14,0,20,0,57,0,27,0,4,0,17,0,0,0,0,0,0,0,0,0,0,0,8,0,0,0,0,0,0,0,0,0,0,0,0,0,0,0,0,0,1,0,0,0,13,0,1,0,0,0,0,0,0,0,0,0,0,0,0,0,0,0,0,0,0,0,1,0,0,0,0,0,0,0,0,0,0,0,0,0,0,0,0,0,0,0,0,0,7,0,0,0,0,0,88,0,4,0,5,0,0,0,0,0,2,0,0,0,0,0,1,0,4,0,0,0
0,0,46,8,113,83,0,0,0,0,44,48,30,19,88,102,59,2,30,36,59,24,32,7,11,0,22,0,75,3,0,5,28,0,33,0,20,10,7,0,3,0,21,0,0,0,0,0,0,1,27,0,3,0,2,0,2,0,0,0,0,0,15,1,0,0,0,0,0,0,7,0,0,0,5,0,0,0,0,0,31,0,0,0,6,0,13,0,0,0,20,0,0,0,0,0,20,0,48,0,0,0,0,0,0,0,0,0,0,0,0,0,0,0,0,0,0,0,0,0,11,0,0,0,1,0,0,0,0,0,0,0,0,0,0,0,0,0,0,0,0,0,20,0,0,0,0,0,2,0,0,0,0,0,0,0,1,0,1,0,0,0,0,0,10,0,86,0,0,0,0,0,29,0,0,0,24,9,13,0,0,0,0,0,0,0,5,0,0,0,0,0,0,0,0,0,0,0,0,0,0,0,0,0,0,0,0,0,0,0,1,0,0,0,3,1,0,0,3,0,59,0,2,0,28,4,159,2,53,0,19,0,16,2,3,0,15,0,9,0,5,0,30,0,39,0,0,0,0
0,4,1,0,28,118,0,6,0,0,3,26,19,9,31,48,0,7,21,42,15,12,0,3,0,7,3,7,0,82,5,0,0,42,0,10,2,24,0,4,0,0,0,25,0,0,0,0,0,0,3,15,0,0,0,0,0,0,0,0,0,0,0,17,0,0,0,0,0,0,0,0,0,0,0,0,0,0,0,0,0,0,0,0,0,8,0,0,0,0,0,0,0,0,0,0,0,0,0,0,0,2,0,0,0,0,0,0,0,0,0,0,0,0,0,0,0,0,0,0,0,4,0,0,0,0,0,0,0,0,0,0,0,5,0,16,0,43,0,16,0,13,0,30,0,2,0,0,0,0,0,0,0,0,0,3,0,1,0,0,0,0,0,0,0,1,0,9,0,2,0,1,0,0,0,0,3,7,1,0,0,0,0,0,0,0,0,0,0,0,0,0,0,0,0,0,0,0,0,0,0,0,0,0,0,0,0,0,0,0,0,0,0,0,0,0,0,0,0,14,0,77,0,0,0,29,0,117,1,57,0,46,0,19,0,3,0,8,0,5,0,5,0,0,0,20,0,0,0
24,0,90,13,106,67,2,0,0,0,61,63,0,0,83,99,53,5,0,0,78,7,53,29,0,0,5,0,11,8,28,0,0,0,27,0,147,6,2,3,0,0,12,0,0,0,0,0,1,0,7,0,3,0,1,0,0,0,0,0,4,0,24,0,1,0,0,0,0,0,1,0,0,0,0,0,0,0,0,0,11,0,0,0,0,0,7,0,0,0,0,0,0,0,0,0,0,0,0,0,0,0,0,0,0,0,5,0,0,0,0,0,0,0,0,0,0,0,0,0,0,0,0,0,0,0,0,0,0,0,0,0,0,0,0,0,3,0,6,0,6,0,0,0,3,0,0,0,0,0,0,0,0,0,0,0,4,0,0,0,0,0,0,0,2,0,104,0,8,0,0,0,22,0,0,0,25,5,8,0,0,0,12,0,0,0,0,0,0,0,0,0,0,0,0,0,0,0,0,0,0,0,0,0,0,0,0,0,0,0,0,0,0,0,1,0,0,0,0,0,80,0,0,0,3,0,189,11,49,0,12,1,12,0,1,0,0,0,4,0,0,0,9,0,24,0,0,0,0
0,132,12,120,40,389,0,0,0,0,40,99,2,1,59,34,10,37,2,23,32,60,19,35,0,8,0,6,2,5,0,42,0,0,0,56,0,66,0,0,0,0,0,0,0,0,0,2,0,0,0,31,0,0,0,8,0,2,0,0,0,7,0,13,0,0,0,0,0,0,0,0,0,1,0,0,0,0,0,0,0,1,0,0,0,0,0,0,0,0,0,0,0,0,0,0,0,0,0,0,0,0,0,0,0,0,0,0,0,0,0,0,0,0,0,0,0,0,0,0,0,0,0,0,0,0,0,0,0,0,0,0,0,0,0,0,0,14,0,10,0,3,0,3,0,7,0,0,0,0,0,0,0,0,0,0,0,0,0,0,0,0,0,0,0,0,0,5,0,2,0,0,2,1,0,0,0,46,0,5,0,0,0,25,0,0,0,0,0,0,0,0,0,0,0,0,0,0,0,0,0,0,0,0,0,0,0,0,0,0,0,0,0,0,0,0,0,0,0,0,0,51,0,0,0,3,0,206,0,55,0,18,0,23,0,0,0,7,0,3,0,0,1,4,0,8,0,0,0
0,0,0,0,43,27,0,0,0,0,8,0,161,56,48,0,8,0,141,38,35,14,0,0,3,0,30,26,20,0,33,0,27,0,0,0,45,0,7,0,0,3,4,0,0,0,0,0,1,0,56,9,0,0,0,0,0,0,2,0,0,0,3,0,0,0,0,0,0,0,0,0,0,0,3,0,0,0,0,0,20,0,0,0,0,0,13,0,0,0,0,0,0,0,0,0,0,0,0,0,0,0,0,0,0,0,3,0,0,0,0,0,0,0,0,0,0,0,0,0,4,0,1,0,0,0,0,0,0,0,0,0,0,0,0,0,0,0,0,0,0,0,0,0,0,0,0,0,0,0,0,0,0,0,0,0,0,0,0,0,0,0,0,0,13,0,30,0,27,0,0,0,10,0,0,0,21,6,27,0,0,0,1,0,0,0,75,1,0,0,0,0,0,0,0,0,0,0,0,0,0,0,0,0,0,0,0,0,0,0,0,0,0,0,0,0,0,0,22,10,34,0,0,0,71,5,99,1,39,0,22,0,0,0,0,0,15,0,0,0,0,0,6,0,0,0,0,0,0
0,8,0,3,0,55,0,4,0,3,0,11,25,61,4,0,0,0,42,159,12,14,0,1,0,0,13,42,0,21,0,10,0,56,0,0,0,7,0,1,0,0,0,2,0,0,0,0,0,0,2,6,0,0,0,0,0,0,0,3,0,3,0,19,0,1,0,0,0,0,0,0,0,0,0,0,0,0,0,0,0,0,0,1,0,6,0,0,0,0,0,0,0,0,0,0,0,0,0,0,0,0,0,0,0,0,0,0,0,0,0,0,0,0,0,0,0,0,0,0,0,0,0,1,0,0,0,0,0,2,0,0,0,2,0,0,0,28,0,11,0,8,0,22,0,4,0,0,0,0,0,0,0,0,0,0,0,0,0,0,0,0,0,0,0,4,0,4,1,0,0,0,0,2,0,0,0,17,0,0,0,0,0,1,0,0,0,3,0,0,0,0,0,0,0,0,0,0,0,0,0,0,0,0,0,0,0,0,0,0,0,0,0,0,0,0,0,0,0,24,0,12,0,0,0,55,0,66,0,28,0,0,0,0,0,1,0,0,0,0,0,3,0,3,0,0,0,0,0
45,8,35,0,162,69,0,0,0,1,51,31,78,27,98,41,13,1,67,28,45,12,15,0,8,0,31,20,46,0,20,2,147,0,45,0,0,11,48,0,6,3,40,0,6,0,0,0,3,0,57,0,20,0,6,0,3,0,6,0,22,0,55,0,0,0,1,0,0,0,54,0,3,0,44,0,0,0,3,0,135,0,0,0,11,0,95,0,0,0,35,0,0,0,0,0,22,0,126,0,0,0,0,0,0,0,10,0,0,0,0,0,0,0,0,0,0,0,0,0,77,0,54,0,0,0,0,0,15,0,0,0,0,0,0,0,15,0,74,0,66,0,71,0,68,0,0,0,0,0,0,0,2,0,21,0,14,0,23,0,0,0,15,0,43,0,129,0,48,0,10,0,48,0,3,0,47,8,31,0,0,0,16,0,0,0,40,0,0,0,0,0,0,0,1,0,0,0,0,0,0,0,0,0,0,0,0,0,0,0,0,0,0,0,0,0,0,0,12,9,71,0,0,0,87,0,117,3,130,0,21,0,0,0,5,0,6,1,3,1,4,0,9,0,23,0,0,0,0
21,181,27,41,53,171,4,18,2,2,10,83,52,62,29,35,12,14,57,115,34,16,20,8,19,7,0,38,0,18,10,24,6,66,0,7,11,0,3,12,0,0,0,40,0,3,0,0,0,0,6,29,0,0,0,4,0,10,0,0,0,28,1,51,0,2,0,0,0,0,0,0,0,0,0,0,0,0,0,0,0,0,0,0,0,16,0,0,0,0,0,0,0,0,0,0,0,0,0,0,0,0,0,0,0,0,0,0,0,0,0,0,0,0,0,0,0,0,0,0,0,4,0,5,0,0,0,0,0,0,0,0,0,11,0,16,0,85,0,121,0,64,0,78,0,29,0,0,0,0,0,0,0,0,0,10,0,24,0,14,0,0,0,0,0,9,2,4,0,2,0,3,0,7,0,0,4,84,2,7,0,1,0,21,0,3,0,12,0,0,0,0,0,0,0,0,0,0,0,0,0,0,0,0,0,0,0,0,0,1,0,0,0,0,0,0,0,0,0,11,3,56,0,4,0,103,3,143,0,137,3,0,0,14,0,1,1,0,0,0,0,2,0,8,0,0,0,0,0
428,58,416,22,43,8,150,24,144,6,20,14,0,0,0,19,91,14,0,0,10,0,134,29,206,35,0,0,12,2,7,0,2,0,7,0,48,3,0,0,0,0,2,0,1,0,0,0,0,0,6,0,32,0,0,0,0,0,0,0,28,0,59,0,0,0,0,0,0,0,9,0,0,0,4,0,0,0,0,0,25,0,0,0,13,0,0,0,0,0,0,0,0,0,0,0,0,0,0,0,0,0,0,0,0,0,0,0,0,0,0,0,0,0,0,0,0,0,0,0,12,0,24,0,0,0,0,0,11,0,0,0,0,0,0,0,14,0,38,0,32,0,43,0,19,0,0,0,10,0,0,0,0,0,13,0,13,0,21,0,2,0,0,0,2,0,6,0,0,0,0,0,100,1,3,0,42,7,0,0,3,0,119,0,0,0,0,0,0,0,0,0,0,0,0,0,1,0,0,0,0,0,0,0,0,0,0,0,0,0,0,0,0,0,0,0,0,0,0,0,21,0,1,0,0,0,126,1,17,0,0,0,7,0,0,0,1,0,0,3,0,0,0,0,9,3,0,0,0
45,500,50,197,9,0,0,119,4,5,5,20,0,0,0,4,11,168,0,0,2,3,10,15,30,49,0,0,0,4,0,4,3,0,0,1,0,12,0,0,0,0,0,0,0,0,0,0,0,0,0,0,0,4,3,26,0,14,0,2,0,22,0,48,0,0,0,1,0,0,0,0,0,0,0,0,0,0,0,0,0,0,0,0,0,0,0,0,0,0,0,0,0,0,0,0,0,0,0,0,0,0,0,0,0,0,0,0,0,0,0,0,0,0,0,0,0,0,0,0,0,0,0,0,0,0,0,0,0,0,0,0,0,6,0,0,0,47,0,87,0,7,0,11,0,13,0,0,0,0,0,0,0,0,0,16,0,7,0,30,0,7,0,0,0,0,0,0,0,0,0,0,0,6,0,0,3,93,0,8,0,0,0,55,0,0,0,0,0,0,0,0,0,0,0,0,0,0,0,0,0,0,0,0,0,0,0,0,0,0,0,0,0,0,0,0,0,0,0,0,0,5,0,0,0,1,0,45,0,4,0,0,0,4,0,0,0,0,0,0,0,0,0,0,0,0,0,0,0
17,5,16,0,42,0,0,0,6,0,31,0,114,29,0,0,0,0,4,0,1,0,3,0,0,0,14,76,0,0,3,0,0,0,0,0,6,0,0,0,0,130,25,34,8,7,19,99,70,1,7,13,0,0,0,0,0,0,0,0,0,0,0,0,0,0,0,0,0,0,0,0,0,0,0,0,0,0,0,0,0,0,0,0,0,0,0,0,0,0,0,0,0,1,0,1,0,0,0,0,0,0,1,0,0,0,0,0,0,0,0,0,0,0,0,0,0,0,0,0,0,0,0,0,0,0,0,0,0,0,0,0,0,0,0,0,0,0,0,0,0,0,0,0,0,0,4,0,2,0,5,0,4,0,0,0,0,0,0,0,0,0,1,0,0,0,0,0,6,0,0,0,0,0,0,0,16,42,3,0,10,0,0,0,5,0,38,1,0,0,0,0,0,0,0,0,0,0,0,0,0,0,0,0,0,0,0,0,0,0,0,0,0,0,0,0,0,0,237,37,0,0,42,29,8,0,2,0,0,2,0,0,0,0,0,0,0,0,0,0,0,0,0,0,0,0,0,0,0
0,203,0,0,0,64,0,27,0,12,0,186,48,360,0,0,0,0,56,5,7,0,0,0,0,0,149,19,0,0,0,0,0,0,3,0,3,0,0,0,130,0,30,12,83,33,82,67,13,55,21,7,0,0,0,0,0,0,0,0,0,1,0,0,0,0,0,5,0,0,0,0,0,0,0,0,0,0,0,0,0,0,0,0,0,0,0,0,0,0,0,0,0,0,0,0,0,0,0,0,0,0,0,3,0,0,0,0,0,1,0,0,0,0,0,0,0,0,0,0,0,0,0,0,0,0,0,0,0,0,0,0,0,0,0,0,0,0,0,0,0,0,0,0,0,0,0,2,0,0,0,0,0,0,0,0,0,0,0,0,0,0,0,0,0,18,0,0,0,0,0,0,0,0,0,0,0,117,1,7,0,4,0,3,0,0,50,13,0,0,0,0,0,0,0,0,0,0,0,0,0,0,0,0,0,0,0,0,0,0,0,0,0,0,0,0,0,0,119,130,0,0,15,315,0,7,0,6,0,5,0,0,0,0,0,0,0,0,0,0,0,0,0,0,0,0,0,0,0
6,0,16,0,7,0,0,0,0,0,0,0,61,19,2,0,5,0,31,17,4,0,3,0,0,0,154,40,23,0,21,0,12,0,4,0,40,0,2,0,25,30,0,0,143,2,32,10,18,0,67,12,2,0,0,0,0,0,3,0,0,0,9,0,0,0,1,0,3,0,9,0,0,0,0,0,4,0,0,0,22,0,1,0,4,0,28,0,0,0,4,0,0,0,2,0,0,0,0,0,0,0,0,0,0,0,0,0,0,0,0,0,0,0,0,0,0,0,0,0,14,0,8,0,0,0,0,0,0,0,0,0,0,0,0,0,0,0,0,0,0,0,0,0,0,0,0,0,0,0,0,0,0,0,0,0,2,0,0,0,0,0,4,0,36,0,8,0,47,0,10,0,4,0,0,0,3,0,3,0,0,0,0,0,0,0,59,0,0,0,0,0,0,0,0,0,0,0,0,0,0,0,0,0,0,0,0,0,0,0,0,0,0,0,1,0,0,0,214,26,11,0,46,5,98,0,14,0,26,0,0,0,0,0,0,0,0,0,0,0,1,0,2,0,0,0,0,0,0
0,0,0,1,0,0,0,0,0,5,0,0,60,40,0,2,0,6,58,32,0,21,0,4,0,3,63,122,0,3,0,25,0,0,0,2,0,40,0,0,34,12,0,0,8,63,15,11,0,45,0,62,0,0,0,4,0,0,0,0,0,0,0,22,0,0,0,0,0,0,0,0,0,2,0,2,0,2,0,0,0,0,0,0,0,32,0,3,0,0,0,0,0,0,0,2,0,2,0,0,0,0,0,0,0,0,0,0,0,0,0,0,0,0,2,0,0,0,0,0,0,13,0,22,0,0,0,0,0,0,0,0,0,0,0,11,0,46,0,20,0,16,0,68,0,13,0,0,0,0,0,0,0,0,0,0,0,2,0,0,0,0,0,0,0,33,0,1,0,13,0,4,0,0,0,0,2,61,1,0,0,0,0,0,0,0,8,73,0,0,0,0,0,0,0,0,0,0,0,0,0,0,0,0,0,0,0,0,0,0,0,0,0,1,0,0,0,0,3,147,1,12,0,27,0,33,0,17,0,30,0,8,0,0,0,0,0,2,0,0,0,0,0,0,0,2,0,0,0
21,0,33,0,17,12,4,0,7,0,13,0,34,23,5,0,28,0,9,2,3,2,6,0,0,0,47,21,0,0,0,0,0,0,0,0,6,0,1,0,8,83,143,8,0,5,35,33,24,3,29,7,0,0,2,0,0,0,0,0,2,0,10,0,0,0,0,0,0,0,11,0,0,0,4,0,10,0,0,0,0,0,6,0,2,0,17,0,0,0,0,0,0,0,0,0,0,0,0,0,7,0,9,0,0,0,0,0,0,0,0,0,0,0,0,0,0,0,0,0,8,0,0,0,2,0,0,0,0,0,1,0,0,0,0,0,0,0,0,0,0,0,0,0,0,0,6,0,0,0,0,0,4,0,0,0,0,0,0,0,0,0,0,0,126,0,12,0,54,0,4,0,5,0,0,0,10,12,0,0,0,0,1,0,4,0,19,0,0,0,0,0,0,0,0,0,0,0,0,0,0,0,0,0,0,0,0,0,0,0,0,0,1,0,0,0,0,0,138,14,20,0,77,16,124,0,7,0,37,0,0,0,0,0,0,1,0,0,0,0,3,0,0,0,0,0,0,0,0
0,34,0,8,0,8,0,0,0,8,0,6,18,17,1,5,0,0,0,34,0,19,0,0,0,0,25,78,0,0,0,0,0,0,0,0,0,3,0,0,7,33,2,63,5,0,0,55,0,42,10,37,0,0,0,16,0,15,0,8,0,0,0,18,0,0,0,0,0,7,0,0,0,0,0,0,0,5,0,0,0,3,0,4,0,13,0,0,0,28,0,0,0,6,0,13,0,0,0,0,0,2,0,12,0,0,0,0,0,0,0,0,0,0,0,0,0,0,0,0,0,9,0,10,0,0,0,0,0,0,0,0,0,0,0,11,0,19,0,0,0,0,0,26,0,4,0,1,0,3,0,7,0,0,0,0,0,0,0,0,0,0,0,0,0,41,0,0,0,54,0,1,0,0,0,1,0,18,0,0,0,2,0,0,0,2,2,22,0,0,0,0,0,0,0,9,0,4,0,0,0,0,0,0,0,0,0,0,0,0,0,0,0,0,0,1,0,10,8,189,0,22,0,166,0,57,0,18,0,77,0,7,0,0,0,0,0,0,0,5,0,0,0,0,0,0,0,0,0
12,0,28,0,23,3,0,0,2,0,6,0,26,12,6,0,0,0,5,0,0,3,0,0,0,0,8,54,0,0,0,0,0,0,0,0,0,0,0,0,19,82,32,15,35,0,0,34,21,0,2,16,0,0,0,0,0,0,0,0,0,0,0,0,0,0,0,0,2,0,0,0,0,0,0,0,0,0,2,0,0,0,0,0,0,0,0,0,2,0,0,0,0,0,0,0,0,0,0,0,0,0,0,0,0,0,0,0,0,0,0,0,0,0,0,0,0,0,0,0,0,0,0,0,0,0,0,0,0,0,0,0,0,0,0,0,0,0,0,0,0,0,0,0,0,0,0,0,3,0,2,0,0,0,0,0,0,0,0,0,0,0,0,0,15,0,0,0,0,0,0,0,0,0,0,0,1,22,0,0,0,0,0,0,0,0,12,0,0,0,0,0,0,0,0,0,0,0,0,0,0,0,0,0,0,0,0,0,0,0,0,0,0,0,0,0,0,0,249,23,0,0,37,25,28,0,1,0,0,0,0,0,0,0,0,0,0,0,0,0,0,0,0,0,0,0,0,0,0
0,109,0,3,0,64,0,19,0,5,0,73,31,76,0,0,0,0,28,7,5,0,0,0,0,0,90,26,0,0,0,0,0,2,0,0,0,0,0,0,99,67,10,11,33,55,34,0,12,28,10,10,0,0,0,4,0,0,0,0,0,0,0,0,0,2,0,0,0,5,0,0,0,0,0,0,0,0,0,0,0,0,0,0,0,0,0,0,0,0,0,0,0,0,0,0,0,0,0,0,0,0,0,0,0,0,0,0,0,0,0,0,0,0,0,0,0,0,0,0,0,0,0,0,0,0,0,2,0,0,0,0,0,0,0,0,0,0,0,0,0,0,0,0,0,0,0,0,0,0,0,0,0,0,0,0,0,0,0,0,0,0,0,0,0,9,0,0,0,8,0,0,0,0,0,0,0,36,0,0,0,0,0,0,0,0,20,0,0,0,0,0,0,0,0,0,0,0,0,0,0,0,0,0,0,0,0,0,0,0,0,0,0,0,0,0,0,0,35,197,0,0,0,270,0,12,0,8,0,13,0,0,0,0,0,1,0,0,0,0,0,0,0,0,0,0,0,0,0
3,0,19,0,6,1,14,0,0,0,3,0,23,2,1,0,0,0,0,0,0,0,0,0,8,0,7,3,0,0,0,0,1,0,1,0,3,0,0,0,70,13,18,0,24,0,21,12,0,1,2,0,4,0,0,0,8,0,0,0,0,0,0,0,0,0,0,0,1,0,0,0,0,0,0,0,0,0,1,0,2,0,1,0,0,0,6,0,0,1,0,0,0,0,16,0,0,0,0,0,1,0,5,0,0,0,1,0,0,0,0,0,0,0,0,0,0,0,0,0,0,0,0,0,3,0,0,0,0,0,0,0,0,0,2,0,1,0,0,0,0,0,5,0,0,0,0,0,0,0,0,2,0,0,0,0,0,0,1,0,4,0,3,0,8,0,1,0,4,0,0,0,0,0,1,0,6,7,1,0,0,1,0,0,0,0,44,0,0,0,9,0,0,0,0,0,5,0,0,0,0,0,0,0,7,0,0,0,2,0,0,0,0,0,1,0,3,0,50,0,24,0,32,7,17,0,23,0,29,1,1,0,2,0,0,0,1,0,2,0,3,0,2,0,15,0,0,0,0
0,12,0,0,0,0,0,0,0,2,0,6,0,18,0,0,0,0,1,0,0,1,0,0,0,0,1,16,0,0,1,0,0,0,0,0,0,0,0,0,1,55,0,45,3,42,0,28,1,0,0,10,0,1,0,2,0,0,0,0,0,0,0,0,0,0,0,0,0,7,0,0,0,0,0,0,0,1,0,0,0,0,0,0,0,1,0,0,0,4,0,0,0,1,0,1,0,0,0,0,0,0,0,3,0,0,0,0,0,0,0,0,0,0,0,0,0,0,0,0,0,0,0,0,0,0,0,0,0,0,0,0,0,0,0,1,0,0,0,0,0,0,0,0,0,0,0,0,0,0,0,0,0,1,0,0,0,0,0,0,0,0,0,0,0,2,0,0,0,0,0,0,0,0,0,6,0,70,0,5,0,3,0,3,0,0,0,16,0,0,0,0,0,0,0,0,0,0,0,0,0,0,0,0,0,0,0,0,0,0,0,0,0,0,0,0,0,0,20,14,0,2,1,54,0,1,0,1,0,1,0,1,0,0,0,1,0,0,0,1,0,0,0,0,0,3,0,0,0
4,0,14,0,29,20,0,0,0,0,0,0,138,63,13,0,12,0,192,27,45,13,4,0,4,0,127,41,10,0,27,3,7,0,56,2,57,6,6,0,7,21,67,0,29,10,2,10,2,0,0,17,0,0,8,0,8,0,11,1,0,0,12,0,0,0,1,0,0,0,18,0,3,0,12,0,0,0,0,0,33,0,0,0,0,0,47,0,3,0,20,0,0,0,0,0,18,0,40,0,0,0,0,0,0,0,0,0,0,0,0,0,0,0,0,0,0,0,0,0,16,0,0,0,0,0,0,0,0,0,0,0,0,0,0,0,0,0,0,0,0,0,0,0,5,0,0,0,0,0,0,0,0,0,3,0,0,0,1,0,4,0,15,0,26,0,38,0,78,0,13,0,28,0,0,0,19,6,4,0,0,0,5,0,2,0,54,0,0,0,0,0,0,0,0,0,0,0,0,0,0,0,0,0,0,0,0,0,0,0,0,0,0,0,1,0,0,0,74,24,28,1,9,5,97,0,17,0,33,0,0,0,0,0,4,0,2,1,5,0,0,0,0,0,15,0,0,0,0
0,3,0,0,0,23,0,0,0,0,0,0,82,110,0,0,1,5,101,98,5,38,0,0,1,0,91,177,0,6,0,15,0,31,9,6,0,29,0,0,13,7,12,62,7,37,16,10,0,10,17,0,0,0,0,0,0,0,0,9,0,0,0,14,0,0,0,0,0,0,0,0,0,1,0,0,0,0,0,0,0,8,0,3,0,31,0,0,0,0,0,0,0,0,0,6,0,2,0,0,0,0,0,0,0,0,0,0,0,0,0,0,0,0,0,0,0,0,0,0,0,16,0,16,0,0,0,0,0,0,0,1,0,3,0,13,0,38,0,15,0,12,0,69,0,10,0,0,0,0,0,0,0,0,0,0,0,3,0,0,0,0,0,0,0,24,0,0,0,39,0,1,0,1,0,0,2,89,0,4,0,0,0,0,0,0,10,74,0,0,0,0,0,0,0,0,0,0,0,0,0,1,0,0,0,0,0,0,0,0,0,0,0,0,0,0,0,0,0,69,0,14,0,15,5,69,0,33,0,68,0,0,0,15,0,1,0,0,0,6,0,0,0,6,0,0,0,0,0
9,5,13,0,0,0,123,30,98,75,0,0,2,0,4,0,74,0,0,0,8,0,5,0,87,7,0,0,5,0,3,0,3,0,0,0,20,0,32,0,0,0,2,0,0,0,0,0,4,0,0,0,0,12,249,25,71,0,38,14,108,0,104,9,0,0,8,16,0,0,0,0,1,0,1,0,0,0,0,0,0,0,0,0,7,0,0,0,0,0,6,0,0,0,0,0,15,0,0,0,0,0,0,0,0,0,0,0,0,0,0,0,0,0,0,0,0,0,0,0,0,0,0,0,0,0,0,0,52,0,5,0,19,0,12,0,65,0,69,0,16,0,84,0,16,0,0,0,0,0,1,0,0,0,206,0,44,0,105,0,27,1,3,0,3,0,3,0,8,0,25,0,3,0,0,0,8,0,0,0,0,0,0,0,0,1,0,0,0,0,0,0,0,0,0,0,0,0,0,0,7,0,1,0,0,0,1,0,7,0,18,0,6,0,97,0,0,0,8,0,98,0,36,0,45,0,622,0,176,0,2,0,19,0,39,0,0,0,6,0,0,0,3,1,43,0,0,0,0
0,21,0,0,0,8,82,40,92,128,0,5,0,0,0,2,0,6,0,16,0,0,0,1,13,12,0,3,0,0,0,0,0,0,0,0,0,0,0,4,0,0,0,0,0,0,0,0,0,1,0,0,12,0,117,80,4,112,19,21,0,28,3,13,0,0,3,7,0,0,0,0,0,0,0,0,0,0,0,0,0,0,0,0,0,2,0,0,0,0,0,0,0,0,0,0,0,1,0,0,0,0,0,0,0,0,0,0,0,0,0,0,0,0,0,0,0,0,0,0,0,0,0,0,0,12,0,2,0,40,0,15,0,53,0,36,0,92,0,70,0,6,0,12,0,18,0,0,0,0,0,0,0,0,0,36,0,44,0,94,0,18,0,0,0,0,0,0,0,0,0,0,0,0,0,0,0,9,0,0,0,1,0,9,0,6,0,0,0,0,0,0,0,0,0,0,0,0,0,2,0,0,0,0,0,0,0,0,0,1,0,0,0,0,0,8,0,0,0,0,0,28,0,6,0,4,1,132,0,11,0,2,0,20,0,0,0,0,0,3,0,0,0,0,3,12,0,0,0
3,11,65,0,8,0,305,37,65,301,0,0,0,0,7,0,86,0,30,0,0,0,47,0,249,38,6,0,3,0,2,0,1,0,0,0,6,0,0,3,0,0,0,0,2,0,0,0,0,0,8,0,249,117,0,80,44,11,34,21,57,25,193,84,7,0,25,92,1,0,0,0,0,0,0,0,0,0,0,0,0,0,0,0,0,0,0,0,0,0,0,0,0,0,0,0,0,0,1,0,0,0,0,0,0,0,0,0,0,0,0,0,0,0,0,0,0,0,0,0,0,0,1,0,4,0,9,0,35,0,10,0,12,0,13,0,29,0,7,0,0,0,34,0,1,0,0,0,3,0,5,0,0,0,52,5,15,20,9,0,16,2,0,0,0,0,0,0,12,0,38,0,19,0,0,0,0,4,0,0,0,0,0,5,0,10,0,0,0,0,0,0,0,0,1,0,0,0,0,0,8,0,0,0,0,0,0,0,0,0,9,0,4,0,268,0,0,0,9,0,181,0,30,0,65,0,558,0,97,0,0,0,109,1,37,0,2,0,50,0,17,0,6,0,131,1,0,0,0
3,36,0,102,0,22,67,435,148,119,0,0,0,0,0,119,0,45,0,188,0,35,0,97,0,123,0,63,0,21,0,0,0,8,0,0,0,4,0,26,0,0,0,4,0,16,0,4,0,2,0,0,25,80,80,0,6,119,33,41,7,6,15,104,0,1,34,17,0,0,0,0,0,0,0,0,0,0,0,0,0,0,0,0,0,0,0,0,0,0,0,0,0,0,0,0,0,0,0,0,0,0,0,0,0,0,0,0,0,0,0,0,0,0,2,0,0,0,0,0,0,0,0,0,0,22,0,25,0,3,0,46,0,16,0,17,0,42,0,14,0,0,0,2,0,1,0,0,0,0,0,4,0,0,0,17,0,4,0,11,0,7,0,1,0,3,0,0,0,4,0,19,0,9,0,0,4,10,0,0,0,0,0,0,1,9,0,0,0,0,0,0,0,0,0,0,0,0,0,4,0,1,0,0,0,0,0,0,0,19,0,19,0,8,2,94,0,0,0,7,0,238,0,68,0,39,0,106,0,232,0,13,0,72,0,9,0,2,3,17,0,4,0,5,1,80,0,0,0
0,3,20,0,4,0,23,0,10,9,0,0,1,0,5,0,19,0,0,0,0,0,16,0,66,0,0,0,0,0,2,0,0,0,0,0,3,0,0,0,0,0,0,0,0,0,0,0,8,0,8,0,71,4,44,6,0,5,169,16,4,1,10,1,36,34,14,60,0,0,0,0,0,0,0,0,0,0,1,0,0,0,0,0,0,0,0,0,0,0,0,0,0,0,0,0,0,0,0,0,0,0,0,0,0,0,0,0,0,0,0,0,0,0,2,0,0,0,0,0,0,0,0,0,4,0,7,0,28,0,32,0,8,0,4,0,5,0,0,0,0,0,13,0,2,15,0,0,2,0,4,0,0,0,75,10,7,0,29,9,41,12,3,0,5,0,8,0,12,0,24,0,5,0,2,6,0,0,0,0,3,3,0,0,0,12,0,0,0,0,0,0,0,0,0,0,0,0,0,0,0,0,0,0,0,0,0,0,6,0,24,0,8,0,308,3,1,0,35,2,286,2,90,0,73,1,182,5,271,2,1,3,257,2,251,0,11,2,167,0,20,0,38,0,283,1,0,0,0
0,5,0,10,0,7,0,55,36,37,0,0,0,2,0,39,0,67,0,73,1,35,0,47,0,49,0,16,0,22,0,0,0,2,0,0,0,10,0,14,0,0,0,0,0,15,0,0,0,0,0,0,0,112,11,119,5,0,14,33,0,2,2,39,0,13,21,77,0,0,0,0,0,1,0,0,0,0,0,0,0,0,0,0,0,0,0,0,0,0,0,0,0,0,0,0,0,0,0,0,0,0,0,0,0,0,0,0,0,0,0,0,0,0,2,0,0,0,0,0,0,0,0,0,0,14,0,6,0,5,0,30,0,7,1,3,0,11,0,9,0,0,0,0,0,5,0,0,0,0,0,0,0,0,0,105,0,16,0,70,0,25,0,9,0,6,1,0,0,21,0,49,0,6,0,0,1,0,0,0,0,0,0,0,0,8,0,0,0,0,0,0,0,0,0,0,0,0,0,0,0,0,0,0,0,0,0,0,0,2,0,6,0,11,0,237,0,0,0,10,0,377,0,114,0,79,1,62,0,536,0,9,1,150,0,178,1,4,0,23,0,3,0,0,3,94,0,0,0
0,0,0,0,5,0,31,0,54,31,0,0,0,0,0,0,0,0,0,0,2,0,0,0,17,0,0,0,0,0,0,0,0,0,2,0,6,0,0,0,0,0,3,0,0,0,0,0,0,0,11,0,38,19,34,33,169,14,0,125,0,0,4,0,147,44,60,232,0,0,0,0,0,0,0,0,0,0,0,0,0,0,0,0,0,0,0,0,0,0,0,0,0,0,0,0,0,0,0,0,0,0,0,0,0,0,0,0,0,0,0,0,0,0,3,1,0,0,0,0,0,0,0,0,4,0,1,0,1,0,18,0,1,0,0,0,0,0,0,3,0,0,0,0,0,7,0,0,0,0,0,0,0,0,35,12,44,4,2,8,22,15,0,0,0,0,9,0,0,0,0,0,2,0,2,6,14,0,0,0,10,10,0,0,8,52,0,0,0,0,0,0,0,0,0,0,0,0,0,0,0,0,0,0,0,0,0,0,1,0,15,0,1,0,370,1,1,0,11,0,223,1,36,1,45,0,148,2,91,0,11,0,285,3,128,1,9,2,184,1,37,0,40,0,377,0,0,0,0
0,8,0,0,0,6,0,49,64,49,0,2,0,0,0,0,0,0,0,35,0,0,0,8,1,0,0,8,0,2,0,0,0,0,0,3,0,0,0,2,0,0,0,0,0,8,0,0,0,0,1,9,14,21,21,41,16,33,125,0,0,6,0,8,16,150,190,230,0,0,0,0,0,0,0,1,0,0,0,0,0,0,0,0,0,0,0,0,0,0,0,0,0,0,0,0,0,0,0,0,0,0,0,0,0,0,0,0,0,0,0,0,0,0,5,0,0,0,0,0,0,0,0,0,0,0,0,0,0,0,0,19,0,0,0,2,0,0,0,0,0,0,0,0,0,28,0,0,0,0,0,0,0,0,8,23,1,68,0,10,0,17,0,3,0,4,0,0,0,3,0,6,0,0,0,10,8,0,0,0,0,0,0,0,3,55,0,0,0,0,0,0,0,0,0,0,0,0,0,0,0,0,0,0,0,0,0,0,0,2,0,0,0,11,1,444,0,0,0,15,1,475,0,107,0,73,1,176,0,384,0,28,0,454,0,512,0,11,0,104,0,15,0,16,2,312,0,0,0
19,6,0,0,0,0,231,0,302,23,0,0,2,0,0,0,2,1,0,0,0,0,0,0,70,0,0,0,4,0,0,0,4,0,0,0,22,0,28,0,0,0,0,0,2,0,0,0,0,0,0,0,108,0,57,7,4,0,0,0,0,0,46,4,0,0,2,0,0,0,1,0,0,0,6,0,0,0,0,0,2,0,0,0,0,0,1,0,0,0,0,0,0,0,0,0,0,0,0,0,0,0,0,0,0,0,0,0,0,0,0,0,0,0,0,0,0,0,0,0,0,0,0,0,0,0,0,0,9,0,0,0,0,0,0,0,17,0,160,0,42,0,18,0,95,0,0,0,4,0,0,0,0,0,133,0,54,0,94,0,9,0,1,0,1,0,0,0,5,0,125,0,59,0,0,0,36,4,0,0,0,0,2,0,0,0,0,0,0,0,0,0,0,0,0,0,0,0,0,0,0,0,0,0,0,0,0,0,1,0,0,0,0,0,33,0,0,0,3,0,33,0,18,0,28,0,139,0,63,0,0,0,0,0,0,0,2,0,0,0,0,0,0,0,0,0,0,0,0
20,143,20,0,0,7,45,53,39,76,0,4,0,0,0,3,4,0,0,6,0,0,1,1,42,23,0,0,1,2,0,0,0,7,0,3,0,28,0,22,0,1,0,0,0,0,0,0,0,0,0,0,0,28,25,6,1,2,0,6,0,0,5,11,0,0,0,0,0,0,0,0,0,0,0,0,0,0,0,0,0,0,0,0,0,0,0,0,0,0,0,0,0,0,0,0,0,0,0,0,0,0,0,0,0,0,0,0,0,0,0,0,0,0,0,0,0,0,0,0,0,0,0,0,0,0,0,0,0,3,0,0,0,9,0,4,0,24,0,132,0,15,0,4,0,72,0,0,0,1,0,0,0,0,0,19,0,60,0,25,0,1,0,1,0,1,0,1,0,0,0,19,0,8,0,0,4,71,0,0,0,0,0,25,0,0,0,0,0,0,0,0,0,0,0,0,0,0,0,0,0,0,0,0,0,0,0,0,0,0,1,0,0,0,0,18,0,0,0,2,1,37,0,6,0,9,0,143,0,63,0,2,2,5,0,0,0,0,0,2,0,0,0,0,0,8,0,0,0
22,35,43,0,5,0,215,41,273,55,0,0,0,1,6,0,105,11,43,0,73,0,13,0,377,60,15,0,35,1,15,0,24,0,3,0,55,1,59,0,0,0,9,0,10,0,0,0,0,0,12,0,104,3,193,15,10,2,4,0,46,5,0,34,0,0,1,3,0,0,0,0,0,0,0,0,0,0,0,0,38,0,0,0,23,0,12,0,0,0,35,0,0,0,0,0,74,0,0,0,2,0,2,0,0,0,26,0,0,0,0,0,0,0,0,0,0,0,0,0,11,0,43,1,0,0,0,0,91,0,4,0,9,1,9,0,80,0,93,0,47,0,184,0,0,0,0,0,0,0,0,0,0,0,63,0,7,0,28,0,12,0,0,0,0,0,0,0,0,0,3,0,10,0,0,0,18,2,0,0,0,0,12,0,0,0,0,0,0,0,0,0,0,0,0,0,0,0,0,0,12,0,0,0,0,0,1,0,5,0,0,0,0,0,5,0,0,0,0,1,5,0,0,0,1,0,262,0,0,0,0,0,3,0,2,0,0,0,1,0,0,0,0,0,1,0,0,0,0
79,110,34,8,0,7,166,190,176,175,0,0,0,0,0,24,8,80,0,72,0,149,0,71,144,128,0,45,1,80,1,17,0,13,0,19,0,51,0,48,0,0,0,22,0,18,0,0,0,0,0,14,9,13,84,104,1,39,0,8,4,11,34,0,0,0,0,0,0,0,0,0,0,0,0,0,0,0,0,0,0,0,0,0,0,0,0,0,0,0,0,0,0,0,0,0,0,0,0,0,0,0,0,0,0,1,0,0,0,0,0,0,0,0,1,0,0,0,0,0,0,0,0,0,0,0,0,0,0,6,0,2,0,12,0,19,0,46,0,57,0,0,0,12,0,15,0,0,0,0,0,0,0,0,0,49,0,18,0,41,0,6,0,0,0,0,0,0,0,0,0,1,0,1,0,0,10,104,0,0,0,0,0,32,0,0,0,0,0,0,0,0,0,0,0,0,0,0,0,0,0,1,0,0,0,0,0,0,0,1,0,0,0,0,1,12,0,0,0,0,0,13,0,2,0,4,3,188,0,15,0,5,0,11,1,2,0,1,0,7,0,3,0,0,0,8,0,0,0
24,0,14,0,8,0,17,0,103,0,6,0,12,0,7,0,1,0,7,2,0,0,0,0,0,0,15,0,0,0,0,0,1,0,0,0,0,0,0,0,0,0,0,0,0,0,0,0,0,0,0,0,0,0,7,0,36,0,147,16,0,0,0,0,0,88,116,27,0,0,0,0,0,0,0,0,0,0,0,0,0,1,0,0,0,0,0,2,0,1,0,0,0,0,0,0,0,2,0,0,0,0,0,0,0,1,0,0,0,0,0,0,0,0,2,0,0,0,0,0,1,0,0,0,5,0,2,0,0,1,57,26,0,0,0,0,0,0,2,29,0,5,0,0,11,21,18,0,29,18,8,3,0,4,0,10,0,0,0,9,134,73,0,0,0,0,0,0,0,0,0,0,2,0,31,50,2,0,0,0,63,18,6,0,61,18,0,0,0,0,0,0,0,0,0,0,1,0,0,0,0,0,0,0,0,0,1,0,0,1,0,0,0,0,5,0,0,0,0,0,0,0,4,0,2,0,16,3,0,1,0,0,6,0,66,0,0,0,29,1,4,0,3,0,25,0,0,0,0
0,46,0,0,0,4,1,0,0,95,0,10,0,0,0,0,0,0,0,44,0,0,0,0,0,0,0,29,0,0,0,0,0,0,0,1,0,2,0,0,0,0,0,0,0,0,0,2,0,0,0,0,0,0,0,1,34,13,44,150,0,0,0,0,88,0,44,252,0,0,0,7,0,0,0,0,0,0,0,0,0,3,0,0,0,7,0,0,0,0,0,0,0,0,0,0,0,6,0,0,0,0,0,0,0,4,0,0,0,0,1,0,0,0,0,0,0,0,0,0,0,7,0,6,0,18,0,38,21,0,0,65,0,0,0,26,0,25,44,23,13,0,0,1,49,51,0,93,9,113,0,51,4,6,10,3,0,0,18,4,98,186,0,0,0,0,0,0,0,0,0,0,0,0,20,107,1,3,0,0,0,63,0,21,11,59,0,0,0,0,1,0,0,8,0,0,0,1,0,10,0,0,0,0,0,0,0,10,0,41,0,0,0,0,0,0,0,0,0,0,0,0,0,9,0,7,0,34,0,36,0,0,0,0,0,55,0,0,0,17,0,2,0,5,0,24,0,0,0
1,0,0,0,2,0,74,0,170,48,0,0,1,0,0,0,0,0,0,0,1,0,0,0,0,0,0,0,0,0,0,0,0,0,0,0,1,0,0,0,0,0,1,0,0,0,0,0,0,0,1,0,8,3,25,34,14,21,60,190,2,0,1,0,116,44,0,152,0,0,0,0,0,0,0,0,0,0,0,0,0,0,0,0,0,0,0,0,0,0,0,0,0,0,0,0,0,0,0,0,0,0,0,0,0,0,0,0,0,0,0,0,0,0,0,0,0,0,0,0,0,0,0,0,0,0,0,0,0,0,29,0,0,0,0,0,0,0,0,3,0,0,0,1,0,3,0,0,6,0,4,0,0,0,3,13,0,3,1,11,57,10,0,0,2,0,0,0,0,0,0,0,0,0,7,5,117,0,0,0,33,9,0,0,49,50,0,0,0,0,0,0,0,0,0,0,0,0,0,0,0,1,0,0,0,0,0,0,0,0,0,0,0,0,35,0,0,0,2,0,22,0,0,0,5,0,41,0,0,0,1,0,52,0,0,0,0,0,30,0,2,0,0,0,57,0,0,0,0
0,23,0,0,0,3,33,4,91,88,0,6,0,0,0,0,0,0,0,7,0,0,0,0,0,0,0,8,0,0,0,0,0,0,0,0,0,0,0,1,0,5,0,0,0,0,0,0,0,0,0,0,16,7,92,17,60,77,232,230,0,0,3,0,27,252,152,0,0,0,0,0,0,0,0,0,0,0,0,0,0,0,0,0,0,0,0,0,0,0,0,0,0,0,0,0,0,0,0,0,0,0,0,0,0,0,0,0,0,0,0,0,0,0,0,0,0,0,0,0,0,0,0,0,0,5,0,3,0,0,0,14,0,0,0,2,0,1,2,0,0,0,0,0,3,11,1,11,1,42,0,8,0,4,13,3,0,6,14,1,12,64,0,0,0,0,0,0,0,0,0,0,0,0,0,27,36,50,0,0,5,70,0,0,6,468,0,0,0,0,0,0,0,0,0,0,0,0,0,3,0,0,0,0,0,0,0,4,0,3,0,0,0,0,0,93,0,0,0,9,0,53,0,0,0,8,0,78,0,44,0,5,0,120,1,202,0,5,0,38,0,0,0,6,1,89,0,0,0
0,0,0,0,0,0,0,0,0,0,0,0,0,0,0,0,0,0,0,0,0,0,0,0,0,0,1,0,0,0,0,0,0,0,0,0,0,0,0,0,0,0,3,0,0,0,2,0,1,0,0,0,0,0,1,0,0,0,0,0,0,0,0,0,0,0,0,0,0,0,0,0,11,0,4,0,31,0,22,0,1,0,6,0,0,0,12,0,4,0,0,0,2,0,1,0,4,0,1,0,0,0,22,0,7,0,4,0,8,0,0,0,0,0,0,0,1,0,0,0,0,0,2,0,0,0,0,0,0,0,0,0,0,0,0,0,0,0,0,0,0,0,0,0,0,0,0,0,0,0,0,0,0,0,0,0,0,0,0,0,2,0,2,0,7,0,0,0,23,0,1,0,1,0,0,0,0,0,0,0,0,0,0,0,0,0,0,0,15,0,11,0,0,0,1,0,10,0,0,0,6,1,0,0,0,0,0,0,2,0,0,0,24,0,34,0,22,0,11,0,1,0,63,0,14,0,1,0,29,2,0,0,0,0,1,0,0,0,2,0,14,0,0,0,0,0,0,0,0
0,0,0,0,0,0,0,0,0,0,0,0,0,0,0,0,0,1,0,0,0,0,0,0,0,0,0,0,0,0,0,0,0,0,0,0,0,0,0,0,0,0,0,0,0,7,0,5,0,7,0,0,0,0,0,0,0,0,0,0,0,0,0,0,0,0,0,0,0,0,0,0,0,2,0,0,0,45,0,4,0,4,0,27,0,3,0,19,0,83,0,0,0,9,0,34,0,7,0,0,0,0,0,86,0,0,1,3,0,11,0,1,0,1,0,0,0,2,0,0,0,8,0,0,0,0,0,3,0,0,0,0,0,0,0,0,0,0,0,0,0,0,0,0,0,0,0,1,0,0,0,0,0,0,0,0,0,0,0,0,0,0,0,0,0,36,0,0,0,22,0,0,0,0,0,2,0,0,0,0,0,0,0,0,0,0,0,0,0,0,0,0,0,0,0,16,0,12,0,0,0,0,0,0,0,18,0,0,0,0,0,1,0,231,0,25,0,40,0,13,0,0,0,99,0,21,0,0,0,63,0,0,0,0,0,0,0,0,0,7,0,0,0,0,0,1,0,0,0
0,0,5,0,0,0,0,1,0,0,0,0,0,0,1,0,8,0,14,0,18,0,0,0,0,0,17,0,6,0,7,0,1,0,0,0,54,0,9,0,0,0,9,0,11,0,0,0,0,0,18,0,0,0,0,0,0,0,0,0,1,0,0,0,0,0,0,0,0,0,0,0,185,0,252,0,10,0,123,0,0,0,0,0,0,0,50,0,2,0,0,0,1,0,2,0,0,0,4,0,0,0,0,0,0,0,0,0,0,0,0,0,0,0,0,0,0,0,0,0,16,0,11,0,8,0,0,0,7,0,10,3,7,0,11,0,15,0,3,5,55,0,34,0,30,0,0,5,13,11,0,0,0,3,0,0,3,0,0,0,5,5,42,1,0,0,7,0,7,0,15,0,47,0,5,0,0,0,0,0,11,0,0,0,0,0,0,0,0,0,0,0,0,0,0,0,2,0,0,0,0,0,4,0,0,0,0,0,0,0,0,0,0,0,2,0,0,0,0,0,7,1,21,1,8,0,2,0,36,0,0,0,0,0,3,0,0,0,4,0,4,1,0,0,0,0,0,0,0
0,0,0,0,0,0,0,0,0,0,0,0,0,0,0,0,0,0,0,0,0,0,0,0,0,0,0,0,0,0,0,0,0,0,0,0,0,0,0,0,0,0,0,0,0,0,0,0,0,0,0,0,0,0,0,0,0,0,0,0,0,0,0,0,0,7,0,0,0,0,0,0,0,173,0,198,0,15,0,86,0,4,0,0,0,0,0,49,0,0,0,0,0,0,0,0,0,0,1,0,0,0,0,0,0,0,0,0,0,0,0,0,0,0,0,0,0,0,0,0,0,17,0,99,0,13,0,23,0,2,0,4,0,30,0,0,0,29,2,2,0,52,0,11,0,65,0,0,0,15,0,11,0,3,0,1,0,0,0,0,0,0,0,18,0,0,0,0,0,0,0,0,0,0,0,4,0,0,0,0,0,0,0,0,0,0,0,0,0,0,0,0,0,0,0,0,0,0,0,0,0,0,0,0,0,0,0,0,0,0,0,0,0,0,0,0,0,0,0,0,0,1,0,0,0,0,0,14,0,9,0,0,0,0,0,4,0,0,0,12,0,2,0,0,0,7,0,0,0
