0,0,199,0,255,0,87,34,87,0,162,0,125,0,51,0,63,19,36,0,0,0,68,68,23,109,25,0,48,0,2,0,0,0,0,0,0,0,349,0,31,0,0,0,23,0,50,0,24,0,14,0,0,0,5,0,0,0,0,0,251,0,226,0,6,0,7,0,0,0,0,0,0,0,0,0,1,0,0,0,0,0,0,0,0,0,0,0,0,0,0,0,0,0,0,0,0,0,0,0,0,0,0,0,0,0,0,0,0,0,0,0,0,0,0,0,0,0,0,0,0,0,0,0,0,0,0,0,0,0,0,0,0,0,5,0,5,0,0,0,0,0,0,0,0,0,0,0,10,0,22,0,24,0,0,0,0,0,0,0,0,0,0,0,28,0,0,0,72,0,17,0,442,0,0,0,371,129,37,0,16,0,53,0,32,0,9,0,0,0,0,0,0,0,0,0,0,0,0,0,0,0,0,0,0,0,0,0,3,0,567,76,561,167,364,0,0,0,3,0,0,0,0,0,0
0,0,0,109,0,368,0,37,0,122,0,305,0,258,0,129,0,37,0,143,0,31,130,52,41,27,0,137,0,89,0,19,0,163,0,0,0,64,0,340,0,25,0,0,0,95,0,84,0,7,0,9,0,18,0,11,0,5,0,0,0,208,2,73,0,21,0,11,0,0,0,0,0,0,0,0,0,0,0,0,0,18,0,0,0,0,0,0,0,0,0,0,0,0,0,3,0,0,0,0,0,0,0,0,0,0,0,0,0,0,0,0,0,0,0,0,0,0,0,0,0,0,0,0,0,16,0,25,0,0,0,16,0,0,0,0,0,54,0,0,0,0,3,0,0,0,0,16,0,34,0,18,0,48,0,9,0,0,0,0,0,0,0,0,1,0,0,94,0,80,0,57,7,210,0,0,46,575,0,8,0,0,1,35,0,78,0,0,0,0,0,0,0,0,0,0,0,4,0,0,0,0,0,0,0,0,0,0,0,61,0,0,0,0,278,0,0,0,604,154,592,164,0,11,0
199,0,0,0,185,0,129,0,88,0,28,0,25,0,78,0,76,16,40,0,11,0,517,95,144,68,20,0,213,0,0,0,47,0,0,0,19,0,461,0,9,0,0,0,11,0,20,0,14,0,0,0,8,0,64,0,8,0,0,0,118,0,280,0,10,0,9,0,0,0,0,0,0,0,0,0,0,0,0,0,0,1,0,0,0,0,0,0,0,0,0,0,0,0,0,0,0,0,0,0,0,0,0,0,0,0,0,0,0,0,0,0,0,0,0,0,0,0,0,0,0,0,0,0,48,0,35,0,32,0,75,0,29,0,172,0,164,0,0,0,0,0,127,0,0,0,76,0,50,0,46,0,55,0,0,0,0,0,0,0,29,0,0,0,0,0,34,0,53,0,0,0,231,0,0,0,89,75,7,0,0,0,0,0,50,0,0,0,0,0,0,0,0,0,0,0,0,0,0,0,0,0,0,0,0,0,0,0,69,0,248,26,242,0,172,0,0,0,0,0,0,0,0,0,0
0,109,0,0,0,76,0,251,0,32,0,19,0,5,20,325,11,46,0,103,0,133,69,263,11,77,0,0,0,190,0,25,0,304,0,0,0,62,0,416,0,0,0,0,0,29,0,0,0,17,0,0,0,0,0,156,0,48,0,0,1,32,0,25,0,0,0,0,0,0,0,0,0,0,0,0,0,0,0,0,0,0,0,0,0,0,0,0,0,0,0,0,0,0,0,0,0,0,0,0,0,10,0,0,0,0,0,0,0,0,0,0,0,0,0,0,0,0,0,0,0,0,0,0,0,0,0,0,0,5,0,0,0,0,0,35,0,98,0,18,0,7,0,0,0,0,0,0,0,12,0,0,0,0,0,4,0,0,0,0,0,11,0,5,0,0,0,260,0,28,0,0,4,125,0,0,0,152,0,2,0,0,1,2,0,7,0,0,0,0,0,0,0,0,0,0,0,0,0,0,0,14,0,0,0,0,0,0,0,36,0,0,0,0,66,0,0,0,87,55,321,0,0,0,0
255,0,185,0,0,211,17,0,51,0,211,92,225,92,316,220,24,0,127,175,41,24,61,88,5,0,112,0,153,0,122,0,229,0,75,6,362,0,223,0,132,0,0,0,25,0,70,0,19,0,25,0,0,0,16,0,0,0,0,0,0,0,0,0,0,0,0,0,0,0,4,0,0,0,0,0,0,0,0,0,0,0,0,0,0,0,0,0,0,0,0,0,0,0,0,0,0,0,0,0,0,0,0,0,0,0,0,0,0,0,0,0,0,0,0,0,0,0,0,0,0,0,0,0,0,0,9,0,0,0,0,0,0,0,0,0,0,0,0,0,0,0,0,0,0,0,0,0,0,0,0,0,79,0,0,0,0,0,0,0,0,0,0,0,25,0,184,0,0,0,0,0,197,0,0,0,235,151,189,0,56,0,44,0,83,0,6,0,0,0,0,0,0,0,0,0,0,0,0,0,0,0,0,0,0,0,0,0,15,0,360,110,560,278,359,0,0,1,0,0,0,0,0,0,0
0,368,0,76,211,0,0,56,0,43,26,371,206,178,280,227,3,0,165,141,139,155,16,74,0,0,0,187,0,0,17,98,0,352,0,149,0,236,0,37,0,14,0,43,0,58,0,127,0,0,0,42,0,0,0,0,0,0,0,0,0,0,1,0,0,0,0,0,0,0,0,0,0,0,0,0,0,0,0,0,0,0,0,0,0,0,0,0,0,0,0,0,0,0,0,0,0,0,0,0,0,0,0,0,0,0,0,0,0,0,0,0,0,0,0,0,0,0,0,0,0,0,0,0,0,0,0,0,0,0,0,0,0,0,0,0,0,43,0,0,0,0,0,0,0,0,0,0,0,22,0,32,0,55,0,0,0,0,0,0,0,0,0,0,0,0,0,293,0,0,0,0,0,92,0,0,63,443,48,22,0,18,0,15,0,29,0,0,0,0,0,0,0,0,0,0,0,0,0,0,0,0,0,0,0,0,0,0,0,0,0,1,0,0,163,0,0,0,264,400,690,49,0,0,0
87,0,129,0,17,0,0,0,157,0,15,0,11,0,11,0,16,10,3,0,0,0,23,0,263,76,0,0,0,0,0,0,0,0,0,0,0,0,0,0,0,0,0,0,0,0,3,0,56,0,0,0,94,0,182,34,37,0,26,2,219,0,573,12,14,0,31,0,2,0,0,0,0,0,0,0,0,0,0,0,0,0,0,0,0,0,0,0,0,0,0,0,1,0,0,0,0,0,0,0,0,0,0,0,0,0,0,0,0,0,0,0,0,0,0,0,0,0,0,0,0,0,0,0,58,0,64,0,7,0,132,0,11,0,35,0,23,0,0,0,0,0,0,0,0,0,30,0,20,0,0,0,0,0,2,0,3,0,0,0,67,0,7,0,13,0,0,0,38,0,75,0,309,0,0,0,69,68,3,0,0,0,0,0,4,0,0,0,0,0,0,0,0,0,0,0,0,0,0,0,0,0,0,0,0,0,0,0,29,0,493,49,494,0,369,5,73,0,4,1,0,0,0,0,0
34,37,0,251,0,56,0,0,31,119,0,16,0,0,0,40,0,102,0,28,0,0,0,19,50,184,0,0,0,115,0,0,0,0,0,0,0,28,0,364,0,0,0,0,0,7,0,0,0,3,0,0,0,92,12,393,0,81,0,16,0,329,10,304,0,8,0,27,0,0,0,0,0,0,0,0,0,0,0,0,0,13,0,0,0,0,0,8,0,0,0,0,0,0,0,0,0,0,0,0,0,0,0,0,0,0,0,0,0,0,0,0,0,0,0,0,0,0,0,0,0,0,0,0,0,24,0,37,0,8,0,29,0,0,0,35,0,138,0,24,0,17,0,53,0,0,0,0,0,0,0,8,0,0,0,5,0,0,0,0,0,19,0,0,0,0,0,0,0,62,0,64,0,205,0,0,44,243,0,0,0,0,3,7,0,0,0,0,0,0,0,1,0,0,0,0,0,0,0,0,0,9,0,0,0,0,0,0,0,72,0,0,0,0,304,0,0,0,428,41,516,237,0,0,1
87,0,88,0,51,0,157,31,0,137,61,0,26,0,32,0,12,0,0,0,0,0,0,0,41,88,25,0,9,0,0,0,0,0,0,0,0,0,12,0,6,0,0,0,0,0,33,0,76,0,0,0,286,64,73,219,18,47,62,60,187,0,270,24,94,0,244,36,0,0,0,0,4,0,0,0,1,0,0,0,0,0,5,0,0,0,0,0,0,0,0,0,0,0,0,0,0,0,0,0,0,0,0,0,0,0,0,0,0,0,0,0,0,0,0,0,0,0,0,0,0,0,0,0,32,0,26,0,0,0,64,0,6,0,16,0,3,0,0,0,0,0,0,0,0,0,100,0,74,0,16,0,23,0,25,0,60,0,0,0,24,0,0,0,0,0,0,0,62,0,142,0,147,0,0,0,498,99,19,0,3,0,52,0,93,15,0,0,0,0,0,0,0,0,0,0,0,0,5,0,0,0,0,0,0,0,0,0,26,0,1120,137,393,386,554,15,0,0,6,0,0,0,0,0,0
0,122,0,32,0,43,0,119,137,0,0,48,0,31,0,28,0,25,0,27,0,0,0,4,43,45,0,0,0,0,0,0,0,0,0,0,0,9,0,0,0,0,0,0,0,0,0,0,0,5,0,0,32,358,137,194,12,14,18,116,0,326,20,519,0,147,0,200,0,0,0,0,0,0,0,0,0,0,0,0,0,0,0,0,0,0,0,0,0,0,0,0,0,0,0,0,0,0,0,0,0,0,0,0,0,2,0,0,0,0,0,0,0,0,0,0,0,0,0,0,0,0,0,0,0,62,0,63,0,0,0,51,0,0,0,38,0,70,0,0,0,0,0,5,0,0,0,29,0,81,0,0,0,10,1,21,0,45,0,0,0,16,0,3,0,46,0,14,0,0,0,125,0,134,0,0,106,375,0,0,0,0,0,15,0,163,0,1,0,0,0,0,0,0,0,0,0,0,0,9,0,0,0,0,0,0,0,0,0,177,0,0,0,0,601,0,0,0,1188,119,506,448,0,64,0
162,0,28,0,211,26,15,0,61,0,0,0,207,0,13,67,32,0,15,21,42,5,39,63,0,3,34,0,25,0,10,0,101,0,0,0,61,0,171,0,54,0,0,0,14,0,70,0,0,0,0,0,0,0,0,0,0,0,0,0,0,0,0,0,9,0,2,0,0,1,0,0,0,0,0,0,0,0,0,0,1,0,0,0,0,0,0,0,0,0,0,0,0,0,0,0,0,0,0,0,0,0,0,0,0,0,0,0,0,0,0,0,0,0,0,0,0,0,0,0,0,0,0,0,0,0,0,0,0,0,0,0,0,0,0,0,0,0,0,0,0,0,0,0,0,0,8,0,0,0,31,0,74,0,0,0,0,0,0,0,0,0,2,1,4,0,30,0,0,0,0,0,48,0,30,0,147,53,91,0,55,0,83,0,47,0,25,0,0,0,0,0,0,0,0,0,0,0,0,0,0,0,0,0,0,0,0,0,0,0,195,44,178,100,145,1,0,0,0,0,0,0,0,0,0
0,305,0,19,92,371,0,16,0,48,0,0,54,350,129,56,1,0,56,68,40,62,19,63,0,0,0,211,0,0,7,25,0,199,0,29,0,104,0,32,5,68,1,27,0,91,0,143,2,15,0,22,0,3,0,0,0,0,0,0,0,0,1,0,0,5,0,0,0,0,0,0,0,0,0,0,0,0,0,0,0,0,0,0,0,0,0,0,0,0,0,0,0,0,0,0,0,0,0,0,0,0,0,0,0,0,0,0,0,0,0,0,0,0,0,0,0,0,0,0,0,0,0,0,0,0,0,0,0,0,0,0,0,0,0,0,0,0,0,0,0,0,0,0,0,0,0,0,0,7,0,59,0,117,0,0,0,0,0,0,0,0,0,0,0,0,2,43,0,26,0,11,0,0,0,38,21,313,18,37,0,32,0,74,0,80,0,20,0,0,0,0,0,0,0,0,0,0,0,0,0,0,0,0,0,0,0,0,0,0,0,0,0,0,72,0,0,0,119,155,162,0,0,0,0
125,0,25,0,225,206,11,0,26,0,207,54,0,509,110,35,0,0,29,339,23,24,0,0,0,0,89,374,0,0,29,0,0,0,211,0,172,0,0,0,191,19,142,32,61,53,139,124,44,7,222,0,0,0,0,0,0,0,0,0,0,0,0,0,0,0,0,0,0,0,0,0,0,0,0,0,0,0,0,0,0,0,0,0,0,0,0,0,0,0,0,0,0,0,0,0,0,0,0,0,0,0,0,0,0,0,0,0,0,0,0,0,0,0,0,0,0,0,0,0,0,0,0,0,0,0,0,0,0,0,1,0,0,0,0,0,0,0,0,0,0,0,0,0,0,0,0,0,0,0,0,0,0,0,0,0,0,0,0,0,0,0,0,0,98,0,21,0,0,0,0,0,0,0,0,0,204,177,223,0,29,0,30,0,19,0,170,0,0,0,0,0,0,0,0,0,0,0,0,0,0,0,0,0,0,0,0,0,0,0,34,69,235,61,36,0,3,1,0,0,0,0,0,0,0
0,258,0,5,92,178,0,0,0,31,0,350,509,0,47,6,0,0,461,74,125,14,0,0,0,0,294,101,0,0,12,0,0,7,86,19,0,35,0,0,153,163,37,95,34,127,43,158,4,111,115,74,0,0,0,0,0,0,0,0,0,0,0,0,0,0,0,0,0,0,0,0,0,0,0,0,0,0,0,0,0,0,0,0,0,0,0,0,0,0,0,0,0,0,0,0,0,0,0,0,0,0,0,0,0,0,0,0,0,0,0,0,0,0,0,0,0,0,0,0,0,0,0,0,0,0,0,0,0,0,0,0,0,0,0,0,0,0,0,0,0,0,0,0,0,0,0,0,0,0,0,0,0,0,0,0,0,0,0,0,0,0,0,0,0,0,2,0,0,0,0,0,0,0,0,0,10,395,4,36,0,4,0,9,0,5,71,68,0,0,0,0,0,0,0,0,0,0,0,0,0,0,0,0,0,0,0,0,0,0,0,0,0,0,0,0,0,0,0,135,170,0,0,0,8
51,0,78,20,316,280,11,0,32,0,13,129,110,47,0,263,34,0,173,163,93,29,213,121,21,0,106,22,39,0,209,0,185,0,77,0,103,0,41,0,8,0,10,0,101,0,60,0,12,2,5,0,15,0,68,0,6,0,0,0,0,0,52,0,13,1,0,0,0,0,0,0,16,0,0,0,0,0,0,0,14,0,0,0,97,0,0,0,0,0,0,0,0,0,0,0,69,0,0,0,0,0,0,0,0,0,0,0,0,0,0,0,0,0,0,0,0,0,0,0,8,0,0,0,0,0,0,0,40,0,0,0,0,0,147,0,284,0,13,0,0,0,269,0,0,0,0,0,0,0,0,0,0,0,0,0,0,0,0,0,0,0,0,0,0,1,93,0,105,0,0,0,41,0,0,0,76,106,12,0,17,0,12,0,51,0,0,0,0,0,0,0,0,0,0,0,0,0,0,0,111,0,0,0,0,0,0,0,35,0,88,48,162,72,73,0,12,0,2,0,5,0,0,0,0
0,129,0,325,220,227,0,40,0,28,67,56,35,6,263,0,0,28,16,162,150,101,77,132,0,48,0,67,0,17,12,50,11,162,0,62,0,30,0,11,0,0,0,12,0,25,0,8,0,0,0,14,0,0,0,160,0,53,0,0,0,0,0,23,0,11,0,0,0,0,0,6,0,0,0,17,0,0,0,0,0,0,0,0,0,106,0,32,0,0,0,100,0,0,0,0,0,0,0,0,0,0,0,0,0,0,0,0,0,0,0,0,0,0,0,0,0,0,0,0,0,0,0,11,0,0,0,0,0,4,0,0,0,0,0,60,0,134,0,42,0,0,0,168,0,0,0,0,0,28,0,0,0,0,3,7,0,0,0,0,0,0,0,0,0,0,0,98,0,0,0,9,0,27,0,0,30,149,14,3,0,0,0,0,0,52,0,0,0,0,0,0,0,0,0,0,0,0,0,0,0,0,0,0,0,0,0,0,0,26,0,0,0,0,46,0,0,0,84,135,101,33,0,0,0
63,0,76,11,24,3,16,0,12,0,32,1,0,0,34,0,0,8,17,0,160,0,101,29,207,41,0,0,91,0,25,0,96,0,0,0,13,0,162,0,0,0,15,0,51,0,0,0,0,0,13,0,158,0,18,0,0,0,6,0,25,0,594,3,3,0,0,1,0,0,41,0,21,0,25,0,0,0,0,0,49,0,0,0,353,0,0,0,0,0,90,0,0,0,0,0,316,0,145,0,0,0,0,0,0,0,0,0,0,0,0,0,0,0,0,0,0,0,0,0,13,0,58,0,0,0,0,0,48,0,0,0,0,0,53,0,222,0,118,0,60,0,480,0,12,0,0,0,0,0,0,0,0,0,5,0,0,0,7,0,0,1,0,0,0,0,18,0,50,1,0,0,73,0,0,0,55,33,14,0,0,0,74,0,0,0,0,0,0,0,0,0,0,0,0,0,0,0,0,0,145,0,0,0,0,0,0,0,14,0,43,24,51,10,25,0,0,0,0,0,0,0,0,0,0
19,37,16,46,0,0,10,102,0,25,0,0,0,0,0,28,8,0,0,11,0,114,36,154,14,127,0,0,0,116,0,35,0,55,0,13,0,0,0,159,0,0,0,0,0,0,0,0,0,0,0,0,0,12,2,11,0,15,0,9,0,59,2,169,2,1,0,0,0,0,0,14,0,0,0,48,0,0,0,0,0,205,0,0,0,111,0,44,0,5,0,85,0,0,0,9,0,19,0,124,0,47,0,0,0,0,0,0,0,0,0,0,0,0,0,0,0,0,0,0,0,87,0,67,0,0,0,0,0,0,0,0,0,0,0,0,0,0,0,184,0,309,0,377,0,41,0,0,0,2,0,0,0,0,0,17,0,0,0,15,0,7,0,0,0,0,1,0,0,0,0,0,0,17,0,0,6,49,0,0,0,0,0,0,1,0,0,0,0,0,0,0,0,0,0,0,0,0,0,0,0,0,0,0,0,0,0,0,0,0,0,0,0,0,8,0,0,0,14,7,30,0,0,0,0
36,0,40,0,127,165,3,0,0,0,15,56,29,461,173,16,17,0,0,226,96,15,92,0,0,0,20,240,0,0,20,0,8,3,176,0,204,0,0,0,37,0,19,19,23,18,23,0,4,0,152,8,5,0,0,0,0,0,0,0,0,0,11,0,4,0,0,0,0,0,0,0,0,0,0,0,0,0,0,0,0,0,0,0,0,0,0,0,0,0,0,0,0,0,0,0,0,0,0,0,0,0,0,0,0,0,0,0,0,0,0,0,0,0,0,0,0,0,0,0,0,0,0,0,0,0,0,0,0,0,0,0,0,0,0,0,0,0,0,0,0,0,0,0,0,0,0,0,0,0,0,0,0,0,0,0,0,0,0,0,0,0,1,0,54,0,58,0,127,0,3,0,25,0,0,0,17,60,10,0,0,0,16,0,29,0,11,0,0,0,0,0,0,0,0,0,0,0,0,0,0,0,0,0,0,0,0,0,0,0,68,72,240,84,45,0,0,0,0,0,0,0,0,0,0
0,143,0,103,175,141,0,28,0,27,21,68,339,74,163,162,0,11,226,0,97,233,0,50,0,3,61,408,0,2,19,61,0,68,28,97,12,172,0,0,17,2,0,40,0,98,0,58,0,5,15,53,0,2,0,13,0,10,0,0,0,6,0,12,0,12,0,0,0,0,0,0,0,0,0,0,0,0,0,0,0,0,0,0,0,0,0,0,0,0,0,0,0,0,0,0,0,0,0,0,0,0,0,0,0,0,0,0,0,0,0,0,0,0,0,0,0,0,0,0,0,0,0,0,0,4,0,0,0,0,0,0,0,0,0,0,0,49,0,0,0,0,0,0,0,0,0,0,0,19,0,0,0,0,0,1,0,0,0,0,0,0,0,4,0,18,8,110,0,83,0,11,0,28,0,0,16,69,36,3,0,0,0,0,0,32,7,0,0,0,0,0,0,0,0,0,0,0,0,0,1,0,0,0,0,0,0,0,0,0,0,0,0,0,37,0,0,0,53,156,195,0,0,0,0
0,0,11,0,41,139,0,0,0,0,42,40,23,125,93,150,160,0,96,97,0,11,114,13,57,0,63,40,59,0,79,0,181,7,53,0,74,1,23,0,0,0,27,16,55,0,6,0,0,0,57,5,27,0,8,0,0,0,0,0,0,0,80,0,9,0,0,0,0,0,74,0,21,0,53,0,0,0,0,0,0,0,0,0,288,0,71,0,0,0,125,0,0,0,0,0,314,0,223,0,0,0,0,0,0,0,0,0,0,0,0,0,0,0,0,0,0,0,0,0,26,0,45,0,0,0,0,0,0,0,0,2,0,0,0,0,89,0,0,0,18,0,248,0,106,0,0,0,0,0,0,0,0,0,0,0,0,0,0,0,0,0,23,0,47,0,112,0,138,0,0,0,51,0,0,0,26,35,11,0,0,0,0,0,5,0,0,0,0,0,0,0,0,0,0,0,0,0,0,0,0,0,0,0,0,0,0,0,0,0,86,49,189,75,64,0,0,0,0,0,0,0,0,0,0
0,31,0,133,24,155,0,0,0,0,5,62,24,14,29,101,0,114,15,233,11,0,0,160,0,29,4,123,0,40,0,29,0,71,0,60,0,40,0,33,0,0,0,120,0,213,0,0,0,13,0,82,0,0,0,10,0,0,0,18,0,20,0,98,0,2,0,0,0,0,0,22,0,0,0,97,0,0,0,0,0,252,0,0,0,0,0,86,0,0,0,0,0,0,0,0,0,0,0,0,0,63,0,0,0,0,0,0,0,0,0,0,0,0,0,0,0,0,0,0,0,104,0,72,0,0,0,0,0,0,0,0,0,0,0,0,0,0,0,66,0,206,0,210,0,171,0,0,0,0,0,0,0,0,0,0,0,25,0,0,0,0,0,0,0,23,0,81,0,62,0,15,0,23,0,0,0,16,0,2,0,0,0,1,0,7,0,0,0,0,0,0,0,0,0,0,0,0,0,0,0,0,0,0,0,0,0,0,0,0,0,0,2,0,87,0,0,0,119,245,193,41,0,0,0
68,130,517,69,61,16,23,0,0,0,39,19,0,0,213,77,101,36,92,0,114,0,0,364,152,112,27,0,34,0,17,0,14,0,10,0,0,0,55,9,2,0,0,0,145,0,97,0,11,2,14,0,33,0,92,0,0,0,0,0,0,0,114,0,7,2,0,0,0,0,8,0,0,0,0,0,0,0,0,0,0,0,0,0,102,0,0,0,0,0,0,0,0,0,0,0,65,0,0,0,0,0,0,0,0,0,0,0,0,0,0,0,0,0,0,0,0,0,0,0,0,0,0,0,0,0,0,0,69,0,0,0,25,0,111,0,276,1,25,0,35,0,247,0,2,0,0,0,17,0,16,0,11,0,1,0,0,0,0,0,2,0,0,0,0,0,16,0,23,0,0,0,38,0,0,0,145,122,18,0,8,0,26,0,21,0,0,0,0,0,0,0,0,0,0,0,0,0,0,1,136,0,0,0,0,0,0,0,19,0,55,15,53,18,30,0,0,0,0,0,11,0,0,0,0
68,52,95,263,88,74,0,19,0,4,63,63,0,0,121,132,29,154,0,50,13,160,364,0,0,110,0,23,0,127,1,10,1,35,0,29,1,16,0,48,0,0,0,12,0,13,0,0,0,4,0,12,0,0,0,43,0,50,0,30,0,17,0,128,0,0,0,10,0,0,0,13,0,0,0,57,0,0,0,0,0,247,0,0,0,206,0,77,0,0,0,179,0,0,0,0,0,0,0,188,0,108,0,0,0,0,0,69,0,0,0,0,0,0,0,0,0,0,0,0,0,82,0,50,0,0,0,0,0,0,0,0,0,6,0,44,0,36,0,25,0,72,0,322,0,34,0,0,0,0,0,1,0,0,0,0,0,0,0,0,2,0,0,0,0,0,0,54,0,15,0,4,13,13,0,0,37,189,0,2,0,0,0,0,3,0,0,0,0,0,0,0,0,0,0,0,0,0,0,0,0,0,0,0,0,0,0,0,0,0,0,0,0,0,0,0,0,0,41,89,62,11,0,0,0
23,41,144,11,5,0,263,50,41,43,0,0,0,0,21,0,207,14,0,0,57,0,152,0,0,158,0,0,5,0,2,0,1,0,0,0,0,0,0,0,0,0,0,0,0,0,0,0,0,0,0,0,29,0,47,15,9,0,16,0,12,0,150,12,0,0,0,0,0,0,0,0,0,0,0,0,0,0,0,0,0,0,0,0,0,0,0,0,0,0,0,0,0,0,0,0,19,0,0,0,0,0,0,0,0,0,0,0,0,0,0,0,0,0,0,0,0,0,0,0,0,0,0,0,0,0,17,0,159,0,8,0,21,0,85,0,249,0,49,0,32,0,143,0,0,0,0,0,1,0,0,0,0,0,3,0,3,0,14,0,8,0,1,0,0,0,0,0,0,0,0,0,10,0,0,0,165,88,0,0,0,1,32,0,0,0,0,0,0,0,0,0,0,0,0,0,0,0,0,0,42,0,0,0,0,0,0,0,27,0,11,12,25,0,0,0,0,0,0,0,0,0,0,0,0
109,27,68,77,0,0,76,184,88,45,3,0,0,0,0,48,41,127,0,3,0,29,112,110,158,0,0,0,0,23,0,1,0,5,0,0,0,3,8,60,0,0,0,0,0,0,0,0,0,0,0,0,2,31,14,134,3,142,1,71,0,20,13,68,21,0,2,0,0,0,0,0,0,0,0,6,0,0,0,0,0,83,0,0,0,159,0,0,0,0,0,118,0,0,0,0,0,24,0,87,0,41,0,0,0,0,0,0,0,0,0,0,0,0,0,0,0,0,0,0,0,0,0,14,0,0,0,0,0,11,0,0,0,0,1,84,0,164,0,125,0,50,0,439,0,1,0,0,0,0,0,0,0,0,0,20,0,0,0,8,12,4,0,0,0,3,0,0,0,0,0,2,13,14,0,0,72,451,0,0,0,0,9,0,7,1,0,0,0,0,0,0,0,0,0,0,0,0,0,0,0,28,0,0,0,0,0,0,0,39,10,0,0,0,22,0,0,0,58,2,40,10,0,0,0
25,0,20,0,112,0,0,0,25,0,34,0,89,294,106,0,0,0,20,61,63,4,27,0,0,0,0,315,0,0,7,0,0,0,57,0,46,0,0,0,18,48,248,27,127,70,70,239,28,8,410,0,0,0,0,0,0,0,0,0,0,0,0,0,0,0,0,0,0,0,0,0,0,0,0,0,0,0,0,0,0,0,0,0,0,0,0,0,0,0,0,0,0,0,0,0,0,0,0,0,0,0,0,0,0,0,8,0,0,0,0,0,0,0,0,0,0,0,0,0,0,0,0,0,0,0,0,0,0,0,0,0,0,0,0,0,0,0,0,0,0,0,0,0,0,0,0,0,0,0,0,0,0,0,0,0,0,0,0,0,0,0,0,0,89,0,0,0,0,0,0,0,0,0,0,0,0,46,0,0,0,0,0,0,0,0,37,7,0,0,0,0,0,0,0,0,0,0,0,0,0,0,0,0,0,0,0,0,0,0,0,37,165,0,0,0,0,5,0,0,0,0,0,0,0
0,137,0,0,0,187,0,0,0,0,0,211,374,101,22,67,0,0,240,408,40,123,0,23,0,0,315,0,0,0,11,6,0,28,63,13,0,50,0,0,237,32,35,138,40,260,59,100,0,48,114,137,0,0,0,0,0,0,0,0,0,0,0,0,0,12,0,0,0,0,0,0,0,0,0,0,0,21,0,0,0,0,0,0,0,0,0,0,0,0,0,0,0,0,0,0,0,0,0,0,0,0,0,0,0,0,0,0,0,0,0,0,0,0,0,0,0,0,0,0,0,0,0,0,0,0,0,0,0,0,0,0,0,0,0,0,0,27,0,0,0,0,0,0,0,0,0,0,0,0,0,0,0,13,0,0,0,4,0,0,0,0,0,0,0,100,0,30,0,182,0,6,0,0,0,0,0,113,0,11,0,0,0,11,0,9,78,14,0,0,0,0,0,0,0,0,0,0,0,0,0,0,0,0,0,0,0,0,0,0,0,0,0,0,0,0,0,0,0,275,552,72,0,6,40
48,0,213,0,153,0,0,0,9,0,25,0,0,0,39,0,91,0,0,0,59,0,34,0,5,0,0,0,0,0,65,0,44,0,19,0,16,0,24,0,0,0,0,0,10,0,0,0,0,0,21,0,17,0,3,0,0,0,0,0,8,0,17,0,0,0,0,0,0,0,63,0,14,0,44,0,0,0,0,0,0,0,0,0,0,0,30,0,0,0,45,0,0,0,0,0,111,0,0,0,0,0,0,0,0,0,0,0,0,0,0,0,0,0,0,0,0,0,0,0,11,0,25,0,0,0,0,0,0,0,0,0,0,0,0,0,0,0,40,0,0,0,103,0,55,0,0,0,0,0,0,0,0,0,8,0,0,0,0,0,0,0,0,0,0,0,0,0,0,0,0,0,0,0,0,0,12,0,9,0,0,0,2,0,9,0,0,0,0,0,0,0,0,0,0,0,0,0,0,0,0,0,0,0,0,0,0,0,0,0,0,0,0,0,0,0,0,0,0,0,0,0,0,0,0
0,89,0,190,0,0,0,115,0,0,0,0,0,0,0,17,0,116,0,2,0,40,0,127,0,23,0,0,0,0,0,11,0,115,0,14,0,6,0,36,0,0,0,0,0,0,0,0,0,0,0,0,0,0,0,0,0,5,0,0,0,45,0,63,0,0,0,0,0,0,0,0,0,0,0,0,0,0,0,0,0,50,0,0,0,0,0,22,0,0,0,0,0,0,0,0,0,0,0,49,0,0,0,0,0,0,0,0,0,0,0,0,0,0,0,0,0,0,0,0,0,0,0,0,0,0,0,0,0,0,0,0,0,0,0,0,0,0,0,41,0,101,0,69,0,59,0,0,0,0,0,0,0,0,0,0,0,0,0,0,0,0,0,0,0,0,0,0,0,3,0,0,0,0,0,0,0,7,0,0,0,0,0,0,0,0,0,0,0,0,0,0,0,0,0,0,0,0,0,0,0,0,0,0,0,0,0,0,0,0,0,0,0,0,0,0,0,0,0,4,0,0,0,0,0
2,0,0,0,122,17,0,0,0,0,10,7,29,12,209,12,25,0,20,19,79,0,17,1,2,0,7,11,65,0,0,0,58,0,29,0,46,0,35,0,0,0,73,0,32,0,5,0,0,0,84,0,4,0,1,0,0,0,0,0,2,0,13,0,0,0,0,0,0,0,9,0,0,0,8,0,0,0,0,0,0,0,0,0,54,0,16,0,0,0,0,0,0,0,0,0,51,0,0,0,8,0,0,0,0,0,0,0,0,0,0,0,0,0,0,0,0,0,0,0,0,0,0,0,0,0,0,0,0,0,0,0,0,0,0,0,0,0,0,0,0,0,33,0,36,0,0,0,0,0,0,0,0,0,0,0,0,0,2,0,0,0,0,0,12,0,23,0,27,0,0,0,19,0,0,0,5,0,3,0,0,0,0,0,0,0,0,0,0,0,0,0,0,0,0,0,0,0,0,0,0,0,0,0,0,0,0,0,0,0,0,20,87,33,13,0,0,0,0,0,0,0,0,0,0
0,19,0,25,0,98,0,0,0,0,0,25,0,0,0,50,0,35,0,61,0,29,0,10,0,1,0,6,0,11,0,0,0,4,0,6,0,20,0,15,0,0,0,11,0,17,0,0,0,0,0,0,0,0,0,1,0,0,0,0,0,7,0,20,0,0,0,0,0,0,0,5,0,0,0,0,0,0,0,0,0,37,0,0,0,0,0,0,0,0,0,0,0,0,0,0,0,0,0,0,0,9,0,0,0,0,0,0,0,0,0,0,0,0,0,0,0,0,0,0,0,0,0,0,0,0,0,0,0,0,0,0,0,0,0,0,0,0,0,2,0,50,0,35,0,0,0,0,0,0,0,0,0,0,0,0,0,9,0,0,0,0,0,0,0,4,0,38,0,0,0,0,0,7,0,0,0,6,0,2,0,0,0,1,0,0,0,0,0,0,0,0,0,0,0,0,0,0,0,0,0,0,0,0,0,0,0,0,0,0,0,0,0,0,17,0,0,0,0,60,46,0,0,0,0
0,0,47,0,229,0,0,0,0,0,101,0,0,0,185,11,96,0,8,0,181,0,14,1,1,0,0,0,44,0,58,0,0,0,27,0,237,0,8,0,0,0,44,0,34,0,0,0,2,0,36,0,4,0,0,0,0,0,0,0,7,0,13,0,0,0,0,0,0,0,8,0,3,0,0,0,0,0,0,0,0,0,0,0,0,0,0,0,0,0,0,0,0,0,0,0,0,0,0,0,0,0,0,0,0,0,0,0,0,0,0,0,0,0,0,0,0,0,0,0,0,0,0,0,0,0,0,0,0,0,0,0,0,0,0,0,0,0,0,0,0,0,0,0,0,0,0,0,0,0,0,0,0,0,12,0,6,0,0,0,0,0,7,0,2,0,31,0,0,0,0,0,13,0,0,0,0,0,32,0,7,0,0,0,0,0,0,0,0,0,0,0,0,0,0,0,0,0,0,0,0,0,0,0,0,0,0,0,0,0,0,0,16,0,0,0,0,0,0,0,0,0,0,0,0
0,163,0,304,0,352,0,0,0,0,0,199,0,7,0,162,0,55,3,68,7,71,0,35,0,5,0,28,0,115,0,4,0,0,0,71,0,202,0,6,0,0,0,17,0,27,0,0,0,0,0,15,0,0,0,0,0,5,0,0,0,10,0,32,0,0,0,7,0,0,0,0,0,0,0,0,0,0,0,7,0,77,0,0,0,0,0,0,0,0,0,0,0,0,0,0,0,0,0,0,0,0,0,0,0,0,0,0,0,0,0,0,0,0,0,0,0,0,0,0,0,0,0,0,0,0,0,0,0,0,0,0,0,0,0,0,0,0,0,0,0,49,0,35,0,50,0,0,0,0,0,0,0,0,0,0,0,16,0,0,2,0,0,0,0,6,0,178,0,0,0,0,0,21,0,0,0,33,0,16,0,0,0,0,0,25,0,0,0,0,0,0,0,0,0,1,0,0,0,0,0,0,0,0,0,0,0,0,0,0,0,0,0,0,22,0,0,0,0,50,84,0,0,0,0
0,0,0,0,75,0,0,0,0,0,0,0,211,86,77,0,0,0,176,28,53,0,10,0,0,0,57,63,19,0,29,0,27,0,0,0,101,0,20,0,9,0,90,0,50,8,0,24,9,4,215,0,0,0,0,0,0,0,0,0,3,0,8,0,0,0,0,0,0,0,0,0,0,0,0,0,0,0,0,0,0,0,0,0,0,0,0,0,0,0,12,0,0,0,0,0,19,0,0,0,0,0,0,0,0,0,0,0,0,0,0,0,0,0,0,0,0,0,0,0,0,0,0,0,0,0,0,0,0,0,0,0,0,0,0,0,0,0,0,0,0,0,0,0,18,0,0,0,0,0,1,0,0,0,0,0,0,0,0,0,0,0,0,0,45,0,35,0,57,0,2,0,12,0,0,0,0,0,5,0,0,0,0,0,0,0,3,0,0,0,0,0,0,0,0,0,0,0,0,0,0,0,0,0,0,0,0,0,0,0,0,27,123,35,11,0,0,1,0,0,0,0,0,0,0
0,0,0,0,6,149,0,0,0,0,0,29,0,19,0,62,0,13,0,97,0,60,0,29,0,0,0,13,0,14,0,6,0,71,0,0,0,168,0,39,0,0,0,31,0,64,0,0,0,11,0,51,0,0,0,0,0,0,0,0,0,12,0,40,0,0,0,0,0,0,0,0,0,0,0,0,0,0,0,0,0,0,0,0,0,0,0,27,0,0,0,0,0,0,0,0,0,0,0,0,0,0,0,0,0,0,0,0,0,0,0,0,0,0,0,0,0,0,0,0,0,0,0,0,0,0,0,0,0,0,0,0,0,0,0,0,0,0,0,40,0,0,0,0,0,114,0,0,0,0,0,0,0,0,0,0,0,23,0,0,0,0,0,0,0,28,0,106,0,61,0,0,0,24,0,0,0,6,0,0,0,0,0,0,0,0,0,0,0,0,0,0,0,0,0,0,0,0,0,0,0,0,0,0,0,0,0,0,0,0,0,0,0,0,0,0,0,0,0,101,159,0,0,0,0
0,0,19,0,362,0,0,0,0,0,61,0,172,0,103,0,13,0,204,12,74,0,0,1,0,0,46,0,16,0,46,0,237,0,101,0,0,0,93,0,2,1,79,0,81,0,0,0,3,0,167,0,15,0,0,0,0,0,0,0,13,0,47,0,0,0,0,0,0,0,52,0,0,0,22,0,0,0,0,0,21,0,0,0,67,0,0,0,0,0,0,0,0,0,0,0,94,0,81,0,0,0,0,0,0,0,0,0,0,0,0,0,0,0,0,0,0,0,0,0,5,0,18,0,0,0,0,0,0,0,3,0,0,0,0,0,29,0,0,0,27,0,55,0,160,0,0,0,0,0,0,0,0,0,25,0,31,0,0,0,0,0,17,0,49,0,65,0,101,0,14,0,70,0,0,0,0,0,17,0,0,0,0,0,4,0,0,0,0,0,0,0,0,0,0,0,0,0,0,0,0,0,0,0,0,0,0,0,0,0,17,10,53,17,9,0,0,0,0,0,0,0,0,0,0
0,64,0,62,0,236,0,28,0,9,0,104,0,35,0,30,0,0,0,172,1,40,0,16,0,3,0,50,0,6,0,20,0,202,0,168,0,0,0,9,0,0,0,67,0,33,0,0,0,7,0,82,0,4,0,0,0,0,0,0,0,13,0,41,0,0,0,0,0,0,0,0,0,0,0,17,0,0,0,0,0,35,0,14,0,0,0,0,0,0,0,0,0,0,0,0,0,0,0,0,0,18,0,0,0,0,0,0,0,0,0,0,0,0,0,0,0,0,0,0,0,0,0,0,0,0,0,0,0,0,0,0,0,0,0,0,0,0,0,20,0,65,0,0,0,142,0,0,0,0,0,0,0,0,0,4,0,49,0,0,0,0,0,0,0,28,0,151,0,116,0,12,0,41,0,0,0,19,0,8,0,0,0,0,0,0,0,0,0,0,0,0,0,0,0,0,0,0,0,0,0,0,0,0,0,0,0,0,0,0,0,0,0,0,0,0,0,0,0,63,114,0,7,0,0
349,0,461,0,223,0,0,0,12,0,171,0,0,0,41,0,162,0,0,0,23,0,55,0,0,8,0,0,24,0,35,0,8,0,20,0,93,0,0,0,0,0,12,0,9,0,0,0,0,0,16,0,10,0,0,0,0,0,0,0,10,0,24,0,0,0,0,0,0,0,0,0,0,0,6,0,0,0,0,0,0,0,0,0,0,0,0,0,0,0,0,0,0,0,0,0,0,0,0,0,0,0,0,0,0,0,0,0,0,0,0,0,0,0,0,0,0,0,0,0,0,0,0,0,0,0,0,0,0,0,0,0,0,0,0,0,0,0,0,0,7,0,0,0,47,0,0,0,0,0,0,0,0,0,26,0,31,0,0,0,0,0,0,0,0,0,66,0,0,0,0,0,98,0,0,0,84,11,20,0,0,0,46,0,0,0,0,0,0,0,0,0,0,0,0,0,0,0,0,0,0,0,0,0,0,0,0,0,0,0,4,22,0,0,0,0,0,0,0,0,0,0,0,0,0
0,340,0,416,0,37,0,364,0,0,0,32,0,0,0,11,0,159,0,0,0,33,9,48,0,60,0,0,0,36,0,15,0,6,0,39,0,9,0,0,0,0,0,0,0,0,0,0,0,0,0,0,0,7,0,7,0,4,0,0,0,6,0,66,0,1,0,0,0,0,0,0,0,0,0,0,0,0,0,0,0,0,0,0,0,0,0,0,0,0,0,0,0,0,0,0,0,0,0,0,0,0,0,0,0,0,0,0,0,0,0,0,0,0,0,0,0,0,0,0,0,0,0,5,0,0,0,0,0,0,0,0,0,0,0,0,0,0,0,38,0,46,0,19,0,77,0,0,0,0,0,0,0,0,0,5,0,42,0,5,0,0,0,0,0,0,0,60,0,0,0,0,0,11,0,0,0,54,0,35,0,0,0,12,0,0,0,0,0,0,0,0,0,0,0,0,0,0,0,0,0,0,0,0,0,0,0,0,0,0,0,0,0,0,0,0,0,0,0,45,23,0,0,0,0
31,0,9,0,132,0,0,0,6,0,54,5,191,153,8,0,0,0,37,17,0,0,2,0,0,0,18,237,0,0,0,0,0,0,9,0,2,0,0,0,0,58,79,14,197,134,93,294,120,37,91,0,0,0,0,0,0,0,0,0,0,0,0,0,0,0,0,0,0,0,0,0,0,0,0,0,0,0,0,0,0,0,0,0,0,0,0,0,0,0,0,0,0,0,0,0,0,0,0,0,0,0,0,0,0,0,0,0,0,0,0,0,0,0,0,0,0,0,0,0,0,0,0,0,0,0,0,0,0,0,0,0,0,0,0,0,0,0,0,0,0,0,0,0,0,0,0,0,0,0,0,0,0,0,0,0,0,0,0,0,0,0,0,0,53,0,0,0,0,0,0,0,0,0,0,0,14,105,68,0,0,0,18,0,0,0,128,0,0,0,0,0,0,0,0,0,0,0,0,0,0,0,0,0,1,0,0,0,0,0,0,77,117,0,0,0,0,31,0,0,0,0,0,0,0
0,25,0,0,0,14,0,0,0,0,0,68,19,163,0,0,0,0,0,2,0,0,0,0,0,0,48,32,0,0,0,0,0,0,0,0,1,0,0,0,58,0,0,7,33,134,28,545,9,178,0,3,0,0,0,0,0,0,0,0,0,0,0,0,0,0,0,0,0,0,0,0,0,0,0,0,0,0,0,0,0,0,0,0,0,0,0,0,0,0,0,0,0,0,0,0,0,0,0,0,0,0,0,0,0,0,0,0,0,0,0,0,0,0,0,0,0,0,0,0,0,0,0,0,0,0,0,0,0,0,0,0,0,0,0,0,0,0,0,0,0,0,0,0,0,0,0,0,0,0,0,0,0,0,0,0,0,0,0,0,0,0,0,0,0,31,0,0,0,0,0,0,0,0,0,0,0,157,0,55,0,0,0,11,0,0,12,10,0,0,0,0,0,0,0,0,0,0,0,0,0,0,0,0,0,0,0,0,0,0,0,0,0,0,0,0,0,0,0,37,28,0,0,0,44
0,0,0,0,0,0,0,0,0,0,0,1,142,37,10,0,15,0,19,0,27,0,0,0,0,0,248,35,0,0,73,0,44,0,90,0,79,0,12,0,79,0,0,7,186,24,74,66,38,10,133,0,4,0,0,0,0,0,0,0,0,0,0,0,0,0,0,0,0,0,0,0,0,0,0,0,0,0,0,0,0,0,0,0,0,0,0,0,0,0,0,0,0,0,0,0,0,0,0,0,0,0,0,0,0,0,0,0,0,0,0,0,0,0,0,0,0,0,0,0,0,0,0,0,0,0,0,0,0,0,0,0,0,0,0,0,0,0,0,0,0,0,0,0,0,0,0,0,0,0,0,0,0,0,0,0,0,0,2,0,0,0,0,0,58,0,19,0,0,0,0,0,16,0,0,0,0,3,0,0,0,0,0,0,3,0,24,0,0,0,0,0,0,0,0,0,0,0,0,0,0,0,0,0,0,0,0,0,0,0,65,62,72,23,24,0,0,0,0,0,0,0,0,0,0
0,0,0,0,0,43,0,0,0,0,0,27,32,95,0,12,0,0,19,40,16,120,0,12,0,0,27,138,0,0,0,11,0,17,0,31,0,67,0,0,14,7,7,0,4,132,0,35,0,40,7,129,0,0,0,0,0,0,0,4,0,3,0,0,0,0,0,0,0,0,0,0,0,0,0,0,0,0,0,0,0,0,0,0,0,0,0,0,0,0,0,0,0,0,0,0,0,0,0,0,0,24,0,15,0,0,0,0,0,0,0,0,0,0,0,0,0,0,0,0,0,0,0,0,0,0,0,0,0,0,0,0,0,0,0,0,0,0,0,3,0,0,0,0,0,0,0,0,0,0,0,0,0,0,0,0,0,0,0,0,0,0,0,2,0,66,0,41,0,71,0,4,0,10,0,0,0,7,0,0,0,0,0,0,0,0,4,3,0,0,0,0,0,0,0,0,0,0,0,0,0,0,0,0,0,0,0,0,0,0,0,0,1,0,23,0,0,0,26,91,141,0,0,4,8
23,0,11,0,25,0,0,0,0,0,14,0,61,34,101,0,51,0,23,0,55,0,145,0,0,0,127,40,10,0,32,0,34,0,50,0,81,0,9,0,197,33,186,4,0,77,296,105,243,92,140,0,0,0,0,0,0,0,0,0,0,0,47,0,0,0,0,0,0,0,55,0,0,0,38,0,11,0,0,0,0,0,0,0,0,0,0,0,0,0,113,0,0,0,0,0,0,0,0,0,0,0,0,0,0,0,0,0,0,0,0,0,0,0,0,0,0,0,0,0,21,0,0,0,0,0,0,0,0,0,0,0,0,0,54,0,0,0,0,0,0,0,196,0,100,0,0,0,0,0,0,0,0,0,0,0,4,0,0,0,0,0,0,0,151,0,84,0,0,0,29,0,105,0,0,0,0,65,21,0,0,0,26,0,0,0,93,0,0,0,0,0,0,0,0,0,0,0,0,0,0,0,0,0,0,0,0,0,0,0,63,142,231,35,31,0,0,79,0,2,0,0,0,0,0
0,95,0,29,0,58,0,7,0,0,0,91,53,127,0,25,0,0,18,98,0,213,0,13,0,0,70,260,0,0,0,17,0,27,8,64,0,33,0,0,134,134,24,132,77,0,72,254,24,263,46,67,0,0,0,0,0,0,0,0,0,0,0,0,0,0,0,0,0,18,0,0,0,0,0,0,0,25,0,0,0,0,0,49,0,0,0,15,0,0,0,0,0,0,0,0,0,0,0,0,0,34,0,27,0,0,0,0,0,0,0,0,0,0,0,0,0,0,0,0,0,0,0,0,0,0,0,0,0,0,0,0,0,0,0,0,0,0,0,0,0,0,0,0,0,0,0,0,0,0,0,0,0,0,0,0,0,0,0,0,0,0,0,3,0,227,0,45,0,75,0,11,0,19,0,0,0,75,0,5,0,0,0,6,0,0,24,39,0,0,0,0,0,0,0,0,0,0,0,0,0,0,0,0,0,0,0,0,0,0,0,0,0,0,23,0,0,0,36,206,262,18,0,8,145
50,0,20,0,70,0,3,0,33,0,70,0,139,43,60,0,0,0,23,0,6,0,97,0,0,0,70,59,0,0,5,0,0,0,0,0,0,0,0,0,93,28,74,0,296,72,0,131,222,67,21,0,3,0,8,0,0,0,0,0,0,0,0,0,8,0,0,0,1,0,0,0,0,0,0,0,0,0,0,0,0,0,0,0,0,0,0,0,0,0,0,0,0,0,0,0,0,0,0,0,0,0,0,0,0,0,0,0,0,0,0,0,0,0,0,0,0,0,0,0,0,0,0,0,0,0,0,0,0,0,7,0,0,0,0,0,0,0,0,0,4,0,0,0,0,0,0,0,18,0,0,0,127,0,0,0,0,0,0,0,0,0,0,0,67,0,5,0,0,0,0,0,0,0,0,0,0,57,33,0,59,0,46,0,72,0,73,5,0,0,0,0,0,0,0,0,0,0,0,0,0,0,0,0,0,0,0,0,0,0,0,91,91,7,0,0,2,51,0,12,0,0,0,0,0
0,84,0,0,0,127,0,0,0,0,0,143,124,158,0,8,0,0,0,58,0,0,0,0,0,0,239,100,0,0,0,0,0,0,24,0,0,0,0,0,294,545,66,35,105,254,131,0,20,299,70,0,0,0,0,0,0,0,0,0,0,0,0,0,0,0,0,0,0,0,0,0,0,0,0,0,0,0,0,0,0,0,0,0,0,0,0,0,0,0,0,0,0,0,0,0,0,0,0,0,0,0,0,0,0,0,0,0,0,0,0,0,0,0,0,0,0,0,0,0,0,0,0,0,0,0,0,0,0,0,0,0,0,0,0,0,0,0,0,0,0,0,0,0,0,0,0,0,0,0,0,0,0,0,0,0,0,0,0,0,0,0,0,0,0,45,0,0,0,0,0,0,0,1,0,0,0,201,0,4,0,0,0,0,0,0,73,28,0,0,0,0,0,0,0,0,0,0,0,0,0,0,0,0,0,0,0,0,0,0,0,0,0,0,0,0,0,0,0,225,149,0,0,0,112
24,0,14,0,19,0,56,0,76,0,0,2,44,4,12,0,0,0,4,0,0,0,11,0,0,0,28,0,0,0,0,0,2,0,9,0,3,0,0,0,120,9,38,0,243,24,222,20,0,94,22,0,14,0,14,0,24,0,57,0,6,0,0,0,0,0,38,0,23,0,0,0,0,0,0,0,5,0,0,0,0,0,3,0,20,0,12,0,0,0,0,0,31,0,31,0,0,0,27,0,12,0,62,0,18,0,24,0,0,0,0,0,0,0,0,0,0,0,0,0,0,0,0,0,0,0,0,0,0,0,0,0,0,0,24,0,0,0,0,0,0,0,32,0,0,0,0,0,0,0,21,0,41,0,6,0,4,0,0,0,9,0,10,0,34,0,13,0,20,0,43,0,71,0,15,0,30,28,31,0,0,0,0,0,13,0,229,0,23,0,8,0,22,0,40,0,0,0,0,0,49,0,0,0,31,0,0,0,10,0,76,142,250,4,85,29,11,56,0,16,6,0,0,0,4
0,7,0,17,0,0,0,3,0,5,0,15,7,111,2,0,0,0,0,5,0,13,2,4,0,0,8,48,0,0,0,0,0,0,4,11,0,7,0,0,37,178,10,40,92,263,67,299,94,0,9,12,0,0,0,4,0,0,0,2,0,0,0,2,0,0,0,0,0,19,0,0,0,1,0,0,0,3,0,0,0,0,0,14,0,0,0,0,0,0,0,0,0,18,0,11,0,0,0,0,0,0,0,17,0,0,0,4,0,0,0,0,0,0,0,0,0,0,0,0,0,0,0,0,0,0,0,0,0,0,0,0,0,0,1,0,1,0,0,0,0,0,0,0,0,0,0,0,0,0,0,0,0,0,0,0,0,0,0,0,0,0,0,0,2,42,0,0,0,0,0,3,0,1,0,2,0,111,1,0,0,0,0,0,2,3,104,43,0,0,0,0,0,0,0,1,0,0,0,0,0,0,0,0,0,4,0,0,0,0,1,2,0,0,5,0,0,2,4,67,29,4,0,5,51
14,0,0,0,25,0,0,0,0,0,0,0,222,115,5,0,13,0,152,15,57,0,14,0,0,0,410,114,21,0,84,0,36,0,215,0,167,0,16,0,91,0,133,7,140,46,21,70,22,9,0,2,6,0,4,0,0,0,4,0,0,0,0,0,4,0,0,0,23,0,13,0,0,0,0,0,8,0,0,0,0,0,0,0,49,0,15,0,0,0,0,0,0,0,28,0,0,0,40,0,10,0,16,0,0,0,31,0,0,0,0,0,0,0,0,0,0,0,0,0,0,0,0,0,0,0,0,0,0,0,0,0,0,0,0,0,0,0,0,0,0,0,0,0,0,0,0,0,0,0,0,0,0,0,0,0,0,0,0,0,0,0,0,0,89,0,16,0,91,0,10,0,57,0,0,0,0,3,13,0,0,0,0,0,0,0,19,4,0,0,0,0,0,0,0,0,0,0,0,0,0,0,0,0,0,0,0,0,0,0,62,48,125,29,36,4,3,0,0,0,0,0,0,0,0
0,9,0,0,0,42,0,0,0,0,0,22,0,74,0,14,0,0,8,53,5,82,0,12,0,0,0,137,0,0,0,0,0,15,0,51,0,82,0,0,0,3,0,129,0,67,0,0,0,12,2,0,0,0,0,0,0,2,0,0,0,0,0,8,0,0,0,0,0,15,0,0,0,0,0,0,0,19,0,0,0,0,0,45,0,0,0,0,0,0,0,0,0,9,0,41,0,0,0,0,0,29,0,19,0,0,0,0,0,0,0,0,0,0,0,0,0,0,0,0,0,0,0,0,0,0,0,0,0,0,0,0,0,0,0,0,0,6,0,0,0,0,0,0,0,21,0,0,0,0,0,0,0,0,0,0,0,12,0,0,0,0,0,5,0,14,0,44,0,162,0,18,0,25,0,0,0,0,0,0,0,0,0,0,0,0,0,3,0,0,0,0,0,0,0,0,0,0,0,0,0,0,0,0,0,0,0,0,0,0,0,0,0,0,45,0,0,0,41,69,102,21,6,2,0
0,0,8,0,0,0,94,0,286,32,0,0,0,0,15,0,158,0,5,0,27,0,33,0,29,2,0,0,17,0,4,0,4,0,0,0,15,0,10,0,0,0,4,0,0,0,3,0,14,0,6,0,0,5,133,32,88,9,50,36,31,0,105,1,0,0,36,37,0,0,3,0,0,0,7,0,0,0,0,0,0,0,0,0,14,0,0,0,0,0,0,0,0,0,0,0,9,0,0,0,0,0,0,0,0,0,0,0,0,0,0,0,0,0,0,0,0,0,0,0,0,0,0,0,0,0,0,0,70,0,20,0,0,0,0,0,63,0,303,0,53,0,94,0,82,0,0,0,0,0,0,0,0,0,286,0,137,0,102,0,12,0,6,0,0,0,0,0,15,0,69,0,7,0,0,0,101,3,0,0,0,0,7,0,25,2,0,0,0,0,0,0,0,0,0,0,0,0,0,0,4,0,0,0,0,0,0,0,0,0,31,24,90,63,41,0,19,0,1,0,0,0,0,0,0
0,18,0,0,0,0,0,92,64,358,0,3,0,0,0,0,0,12,0,2,0,0,0,0,0,31,0,0,0,0,0,0,0,0,0,0,0,4,0,7,0,0,0,0,0,0,0,0,0,0,0,0,5,0,31,129,5,98,3,168,0,19,0,43,0,4,7,42,0,0,0,0,0,0,0,0,0,3,0,0,0,6,0,0,0,24,0,0,0,0,0,16,0,0,0,0,0,0,0,0,0,4,0,0,0,0,0,0,0,0,0,0,0,0,0,0,0,0,0,0,0,0,0,0,0,11,0,0,0,13,1,13,0,0,0,0,0,32,0,185,0,70,2,125,0,93,0,0,1,0,0,0,0,0,0,89,0,53,0,63,0,8,0,3,0,0,0,0,0,16,0,52,0,11,0,0,12,47,0,0,0,0,0,8,0,27,0,0,0,0,0,0,0,0,0,0,0,0,0,0,0,0,0,0,0,0,0,0,0,0,3,0,0,0,191,0,0,0,228,109,106,118,1,11,0
5,0,64,0,16,0,182,12,73,137,0,0,0,0,68,0,18,2,0,0,8,0,92,0,47,14,0,0,3,0,1,0,0,0,0,0,0,0,0,0,0,0,0,0,0,0,8,0,14,0,4,0,133,31,0,131,78,30,104,49,2,0,50,9,0,2,10,25,0,0,0,0,0,0,0,0,0,0,0,0,0,0,0,0,0,0,0,0,0,0,0,0,0,0,0,0,0,0,0,0,0,0,0,0,0,0,0,0,0,0,0,0,0,0,0,0,0,0,0,0,0,0,0,0,23,0,53,0,139,0,53,0,25,0,51,0,88,0,9,0,2,0,0,1,0,0,6,0,0,0,0,0,0,0,43,0,13,0,55,0,139,0,0,0,0,0,0,0,15,0,73,0,0,0,0,0,62,11,0,0,0,1,0,0,0,3,0,0,0,0,0,0,0,0,0,0,0,0,0,0,0,1,0,0,0,0,0,0,36,0,89,4,86,74,70,0,42,1,3,0,1,2,0,0,0
0,11,0,156,0,0,34,393,219,194,0,0,0,0,0,160,0,11,0,13,0,10,0,43,15,134,0,0,0,0,0,1,0,0,0,0,0,0,0,7,0,0,0,0,0,0,0,0,0,4,0,0,32,129,131,0,42,316,32,243,0,12,14,85,38,3,49,13,1,0,0,0,0,0,0,0,0,0,0,0,0,0,0,0,0,45,0,0,0,0,0,0,0,0,0,0,0,0,0,0,0,22,0,0,0,0,0,0,0,0,0,0,0,0,0,0,0,0,0,0,0,0,0,0,0,2,0,0,0,23,0,0,0,0,0,70,0,139,0,140,0,60,0,138,0,5,0,0,0,0,0,0,0,0,0,90,0,11,6,0,0,13,0,3,0,0,0,0,0,44,4,78,0,23,0,2,46,49,0,0,0,18,0,0,3,16,0,0,0,0,0,0,0,0,0,0,0,0,0,0,0,21,0,0,0,0,0,0,0,0,11,0,0,0,104,0,0,0,126,0,210,102,0,0,0
0,0,8,0,0,0,37,0,18,12,0,0,0,0,6,0,0,0,0,0,0,0,0,0,9,3,0,0,0,0,0,0,0,0,0,0,0,0,0,0,0,0,0,0,0,0,0,0,24,0,0,0,88,5,78,42,0,31,464,58,0,0,0,0,225,7,179,91,0,0,0,0,0,0,0,0,0,0,0,0,0,0,0,0,0,0,0,0,0,0,0,0,0,0,0,0,0,0,0,0,0,0,0,0,0,0,0,0,0,0,0,0,0,0,0,0,0,0,0,0,0,0,0,0,13,0,20,0,24,0,51,0,7,0,3,0,0,0,1,0,0,0,0,0,0,0,10,0,0,0,0,0,0,0,123,2,39,0,118,0,169,10,18,0,0,0,3,0,59,0,117,0,8,0,0,0,20,0,0,0,0,0,0,0,9,6,0,0,0,0,0,0,0,0,0,0,0,0,0,0,0,0,0,0,0,0,0,1,0,0,238,53,294,337,356,5,117,0,1,0,2,0,0,0,0
0,5,0,48,0,0,0,81,47,14,0,0,0,0,0,53,0,15,0,10,0,0,0,50,0,142,0,0,0,5,0,0,0,5,0,0,0,0,0,4,0,0,0,0,0,0,0,0,0,0,0,2,9,98,30,316,31,0,55,272,0,10,0,25,26,15,108,62,0,3,0,0,0,0,0,0,0,9,0,0,0,0,0,0,0,16,0,0,0,0,0,0,0,0,0,0,0,2,0,2,0,4,0,0,0,0,0,0,0,0,0,0,0,0,0,0,0,0,0,0,0,0,0,0,0,25,0,15,0,67,0,55,0,12,0,34,0,99,0,123,0,19,0,54,0,15,0,0,0,9,0,3,0,0,10,152,2,16,3,143,10,81,0,10,0,0,0,0,0,114,0,237,0,23,0,1,10,0,0,0,0,9,0,0,12,14,0,0,0,0,0,0,0,0,0,0,0,0,0,0,0,0,0,0,0,0,0,0,0,56,3,0,0,0,291,0,0,0,233,31,276,219,0,11,1
0,0,0,0,0,0,26,0,62,18,0,0,0,0,0,0,6,0,0,0,0,0,0,0,16,1,0,0,0,0,0,0,0,0,0,0,0,0,0,0,0,0,0,0,0,0,0,0,57,0,4,0,50,3,104,32,464,55,0,77,0,0,6,0,181,19,122,154,3,0,0,0,0,0,0,0,0,0,0,0,0,0,0,0,0,0,0,0,0,0,0,0,0,0,0,0,0,0,0,0,0,0,0,0,0,0,0,0,0,0,0,0,0,0,0,0,0,0,0,0,0,0,0,0,3,0,15,0,4,0,67,0,5,0,0,0,0,0,1,0,0,0,0,0,0,0,0,0,45,0,2,0,0,0,106,3,88,0,10,0,122,6,8,0,0,0,0,0,0,0,215,0,0,0,0,5,45,0,0,0,0,0,0,0,0,1,0,0,0,0,0,0,0,0,0,0,0,0,0,0,0,0,0,0,0,0,0,0,0,0,497,131,403,519,592,19,187,0,0,0,0,0,0,0,0
0,0,0,0,0,0,2,16,60,116,0,0,0,0,0,0,0,9,0,0,0,18,0,30,0,71,0,0,0,0,0,0,0,0,0,0,0,0,0,0,0,0,0,4,0,0,0,0,0,2,0,0,36,168,49,243,58,272,77,0,1,0,0,25,29,214,134,444,0,0,0,0,0,0,0,0,0,0,0,1,0,0,0,8,0,0,0,0,0,0,0,0,0,0,0,0,0,0,0,0,0,0,0,0,0,0,0,0,0,0,0,0,0,0,0,0,0,0,0,0,0,0,0,0,0,40,0,21,0,6,0,120,0,2,0,14,0,37,0,0,0,0,0,0,0,17,0,2,0,72,0,0,0,0,25,141,5,50,0,35,0,124,0,25,0,0,0,0,0,0,0,260,0,61,0,18,28,0,0,0,0,0,0,0,0,134,0,0,0,0,0,0,0,0,0,0,0,0,0,0,0,0,0,0,0,0,0,0,0,31,0,1,0,0,728,0,0,0,809,99,508,402,2,0,2
251,0,118,1,0,0,219,0,187,0,0,0,0,0,0,0,25,0,0,0,0,0,0,0,12,0,0,0,8,0,2,0,7,0,3,0,13,0,10,0,0,0,0,0,0,0,0,0,6,0,0,0,31,0,2,0,0,0,0,1,0,0,27,1,0,0,0,0,0,0,4,0,4,0,8,0,0,0,0,0,0,0,0,0,14,0,0,0,0,0,0,0,0,0,0,0,0,0,0,0,0,0,0,0,0,0,0,0,0,0,0,0,0,0,0,0,0,0,0,0,1,0,12,0,0,0,0,0,0,0,0,0,0,0,0,0,0,0,106,0,36,0,0,0,269,0,0,0,0,0,0,0,0,0,134,0,117,0,11,0,0,0,0,0,0,0,2,0,5,0,58,0,175,0,0,0,77,8,0,0,0,0,42,0,0,0,0,0,0,0,0,0,0,0,0,0,0,0,0,0,0,0,0,0,0,0,0,0,0,0,29,145,99,62,26,0,25,0,0,0,0,0,0,0,0
0,208,0,32,0,0,0,329,0,326,0,0,0,0,0,0,0,59,0,6,0,20,0,17,0,20,0,0,0,45,0,7,0,10,0,12,0,13,0,6,0,0,0,3,0,0,0,0,0,0,0,0,0,19,0,12,0,10,0,0,0,0,1,114,0,0,0,0,0,1,0,0,0,0,0,0,0,2,0,0,0,0,0,0,0,0,0,1,0,0,0,0,0,0,0,0,0,0,0,0,0,0,0,0,0,0,0,0,0,0,0,0,0,0,0,0,0,0,0,0,0,0,0,0,0,0,0,0,0,0,0,0,0,0,0,0,0,0,0,26,0,50,0,0,0,169,0,0,0,0,0,0,0,0,0,14,0,221,0,19,0,0,0,0,0,8,0,0,0,24,0,104,0,127,0,0,0,82,0,0,0,0,0,13,0,0,0,0,0,0,0,0,0,0,0,0,0,0,0,0,0,0,0,0,0,0,0,0,0,0,0,0,0,0,86,0,0,0,113,442,177,108,0,11,0
226,2,280,0,0,1,573,10,270,20,0,1,0,0,52,0,594,2,11,0,80,0,114,0,150,13,0,0,17,0,13,0,13,0,8,0,47,0,24,0,0,0,0,0,47,0,0,0,0,0,0,0,105,0,50,14,0,0,6,0,27,1,0,0,0,0,0,0,0,0,61,0,13,0,46,0,0,0,0,0,0,0,0,0,122,0,0,0,0,0,0,0,0,0,0,0,0,0,0,0,0,0,0,0,0,0,0,0,0,0,0,0,0,0,0,0,0,0,0,0,27,0,39,0,0,0,0,0,29,0,6,0,16,0,0,0,106,0,238,0,50,0,186,0,111,0,0,0,0,0,0,0,0,0,153,0,24,0,14,0,0,0,5,0,0,0,0,0,0,0,7,0,11,0,0,0,96,9,0,0,0,0,53,0,0,0,0,0,0,0,0,0,0,0,0,0,0,0,0,0,0,0,0,0,0,0,0,0,0,0,6,55,20,13,0,0,0,1,0,0,0,0,0,0,0
0,73,0,25,0,0,12,304,24,519,0,0,0,0,0,23,3,169,0,12,0,98,0,128,12,68,0,0,0,63,0,20,0,32,0,40,0,41,0,66,0,0,0,0,0,0,0,0,0,2,0,8,1,43,9,85,0,25,0,25,1,114,0,0,0,0,0,0,0,0,0,0,0,0,0,0,0,0,0,0,0,0,0,0,0,0,0,0,0,0,0,0,0,0,0,0,0,0,0,0,0,0,0,0,0,0,0,0,0,0,0,0,0,0,0,0,0,0,0,0,0,0,0,0,0,0,0,0,0,5,0,3,0,0,1,0,0,15,0,186,0,132,0,54,0,145,0,0,0,0,0,0,0,0,0,61,0,97,0,62,0,3,0,0,0,0,0,0,0,10,0,0,0,7,0,0,9,142,0,1,0,0,0,7,0,0,0,0,0,0,0,0,0,0,0,0,0,0,0,0,0,0,0,0,0,0,0,0,0,0,0,0,0,0,42,0,0,0,93,157,40,0,0,0,0
6,0,10,0,0,0,14,0,94,0,9,0,0,0,13,0,3,2,4,0,9,0,7,0,0,21,0,0,0,0,0,0,0,0,0,0,0,0,0,0,0,0,0,0,0,0,8,0,0,0,4,0,0,0,0,38,225,26,181,29,0,0,0,0,0,52,146,57,0,0,0,4,3,0,0,0,0,0,0,0,0,0,0,0,0,0,1,0,0,0,0,0,0,0,0,0,0,0,0,0,0,0,0,0,0,0,0,0,0,0,0,0,0,0,0,0,0,0,0,0,0,0,0,0,20,0,18,0,0,2,35,0,0,0,0,0,0,0,29,0,0,0,0,1,82,22,50,0,43,20,7,0,3,0,45,52,51,0,2,37,369,149,35,7,0,0,0,0,0,0,0,3,0,0,64,0,107,0,0,0,2,87,8,0,251,0,0,0,0,0,0,0,0,0,0,0,0,0,0,0,0,0,0,0,0,0,0,0,0,0,292,56,121,0,467,5,25,0,17,4,0,0,0,0,0
0,21,0,0,0,0,0,8,0,147,0,5,0,0,1,11,0,1,0,12,0,2,2,0,0,0,0,12,0,0,0,0,0,0,0,0,0,0,0,1,0,0,0,0,0,0,0,0,0,0,0,0,0,4,2,3,7,15,19,214,0,0,0,0,52,0,3,399,0,0,0,4,0,0,0,3,0,2,0,0,0,3,0,5,0,3,0,0,0,0,0,0,0,0,0,0,1,0,0,0,0,0,0,0,0,0,0,0,0,0,0,0,0,0,0,0,0,0,0,0,0,0,0,0,0,38,0,35,0,0,16,49,1,0,0,8,0,15,0,36,0,0,0,0,4,65,0,39,0,190,0,13,0,0,15,20,0,7,12,15,69,441,0,0,0,2,0,10,0,15,0,0,0,0,0,24,6,1,0,0,0,148,0,4,4,67,0,0,0,0,0,0,0,0,0,0,0,5,0,3,0,5,0,0,0,0,0,9,0,48,0,0,6,3,161,0,0,0,91,30,0,71,2,0,0
7,0,9,0,0,0,31,0,244,0,2,0,0,0,0,0,0,0,0,0,0,0,0,0,0,2,0,0,0,0,0,0,0,0,0,0,0,0,0,0,0,0,0,0,0,0,0,0,38,0,0,0,36,7,10,49,179,108,122,134,0,0,0,0,146,3,0,165,0,0,0,0,0,0,0,0,0,0,0,0,0,0,0,0,0,0,0,0,0,0,0,0,0,0,0,0,0,0,0,0,0,0,0,0,0,0,0,0,0,0,0,0,0,0,0,0,0,0,0,0,0,0,0,0,8,0,0,0,0,0,47,0,0,0,0,0,0,0,6,0,0,0,0,0,4,0,6,0,64,0,0,0,0,0,60,5,77,0,0,0,103,0,0,0,0,0,0,0,43,0,0,0,0,0,0,0,233,0,0,0,0,0,1,0,466,21,0,0,0,0,0,0,0,0,0,0,0,0,0,0,0,0,0,0,0,0,0,0,0,0,397,80,209,226,418,16,76,0,2,0,0,0,0,0,0
0,11,0,0,0,0,0,27,36,200,0,0,0,0,0,0,1,0,0,0,0,0,0,10,0,0,0,0,0,0,0,0,0,7,0,0,0,0,0,0,0,0,0,0,0,0,0,0,0,0,0,0,37,42,25,13,91,62,154,444,0,0,0,0,57,399,165,0,0,0,0,0,0,0,0,0,0,0,0,0,0,0,0,0,0,0,0,0,0,0,0,0,0,0,0,0,0,0,0,0,0,0,0,0,0,0,0,0,0,0,0,0,0,0,0,0,0,0,0,0,0,0,0,0,0,32,0,8,0,0,0,60,0,0,0,0,0,5,0,0,0,1,0,0,0,18,0,0,0,76,0,0,0,0,35,92,0,35,0,0,0,188,0,0,0,0,0,0,0,78,0,86,0,0,0,72,27,3,0,0,0,7,0,0,12,345,0,0,0,0,0,0,0,0,0,0,0,0,0,0,0,0,0,0,0,0,0,0,0,9,5,0,0,0,444,0,0,0,398,82,161,0,0,0,0
0,0,0,0,0,0,2,0,0,0,0,0,0,0,0,0,0,0,0,0,0,0,0,0,0,0,0,0,0,0,0,0,0,0,0,0,0,0,0,0,0,0,0,0,0,0,1,0,23,0,23,0,0,0,0,1,0,0,3,0,0,0,0,0,0,0,0,0,0,0,0,0,9,0,4,0,136,0,20,0,12,0,68,0,0,0,22,0,6,0,0,0,30,0,43,0,6,0,20,0,13,0,294,0,0,0,31,0,26,0,44,0,12,0,5,0,4,0,0,0,0,0,0,0,0,0,0,0,0,0,0,0,0,0,0,0,0,0,0,0,0,0,0,0,0,0,0,0,0,0,0,0,0,0,0,0,0,0,0,0,0,0,0,0,77,0,0,0,244,0,0,0,0,0,0,0,0,0,0,0,0,0,0,0,0,0,0,0,0,0,0,0,0,0,21,0,4,0,0,0,0,0,0,0,0,0,0,0,0,0,118,18,76,7,21,42,180,4,0,0,0,0,0,0,0
0,0,0,0,0,0,0,0,0,0,1,0,0,0,0,0,0,0,0,0,0,0,0,0,0,0,0,0,0,0,0,0,0,0,0,0,0,0,0,0,0,0,0,0,0,18,0,0,0,19,0,15,0,0,0,0,0,3,0,0,0,1,0,0,0,0,0,0,0,0,0,0,0,4,0,0,0,68,0,0,0,0,0,43,0,0,0,8,0,0,0,0,0,151,0,41,0,0,0,0,0,14,0,135,0,0,0,0,0,47,0,16,0,7,0,7,0,17,0,1,0,0,0,1,0,0,0,0,0,0,0,0,0,0,0,0,0,0,0,2,0,0,0,0,0,0,1,0,0,0,0,0,0,3,0,0,0,0,0,0,0,0,0,0,0,82,0,0,0,60,0,0,0,0,0,0,0,2,0,0,0,0,0,0,0,0,0,1,0,0,0,0,0,0,0,11,0,0,0,0,0,0,0,0,0,0,0,0,0,0,0,0,0,0,9,0,0,1,39,45,143,6,24,200,8
0,0,0,0,4,0,0,0,0,0,0,0,0,0,0,0,41,0,0,0,74,0,8,0,0,0,0,0,63,0,9,0,8,0,0,0,52,0,0,0,0,0,0,0,55,0,0,0,0,0,13,0,3,0,0,0,0,0,0,0,4,0,61,0,0,0,0,0,0,0,0,0,147,0,233,0,12,0,101,0,6,0,10,0,6,0,62,0,0,0,1,0,0,0,0,0,0,1,0,0,0,0,0,0,0,0,0,0,0,0,0,0,0,0,0,0,0,0,0,0,24,0,3,0,19,19,48,0,0,1,0,0,18,6,34,0,23,0,3,2,49,5,89,7,95,0,22,0,0,9,38,0,47,0,0,0,4,0,0,0,0,0,89,0,0,0,4,0,45,0,44,0,47,0,25,0,0,0,0,0,37,12,0,0,5,0,0,0,0,0,0,0,0,0,0,0,0,0,0,0,0,0,0,0,0,0,0,0,28,0,40,0,21,0,11,0,0,0,0,0,0,0,0,0,0
0,0,0,0,0,0,0,0,0,0,0,0,0,0,0,6,0,14,0,0,0,22,0,13,0,0,0,0,0,0,0,5,0,0,0,0,0,0,0,0,0,0,0,0,0,0,0,0,0,0,0,0,0,0,0,0,0,0,0,0,0,0,0,0,4,4,0,0,0,0,0,0,0,41,0,192,0,10,0,4,0,1,0,5,0,0,0,32,0,0,0,0,0,0,0,0,0,0,4,0,0,0,0,0,0,0,0,0,0,0,0,0,0,0,0,0,0,0,0,0,0,0,0,4,0,43,0,105,0,0,0,0,0,0,0,0,0,41,2,2,0,29,0,16,7,80,0,0,8,41,0,0,0,39,0,0,0,0,0,0,0,0,0,30,0,0,0,53,0,8,0,28,0,36,0,17,0,0,0,0,0,84,0,0,0,0,0,0,0,0,0,0,0,0,0,0,0,0,0,0,0,0,0,0,0,0,0,0,0,49,0,0,11,0,14,0,0,0,19,0,6,0,0,0,0
0,0,0,0,0,0,0,0,4,0,0,0,0,0,16,0,21,0,0,0,21,0,0,0,0,0,0,0,14,0,0,0,3,0,0,0,0,0,0,0,0,0,0,0,0,0,0,0,0,0,0,0,0,0,0,0,0,0,0,0,4,0,13,0,3,0,0,0,9,0,147,0,0,0,97,0,37,0,97,0,10,0,22,0,25,1,15,0,0,0,0,0,1,0,6,0,3,0,10,0,0,0,5,0,0,0,0,0,0,0,0,0,0,0,0,0,3,0,0,0,29,0,19,0,50,0,57,0,0,0,34,0,34,0,73,0,27,0,0,0,24,0,89,0,85,0,44,0,0,0,73,0,66,0,0,0,0,0,0,0,2,0,93,4,0,0,2,0,25,0,6,0,0,0,29,0,0,0,0,0,57,0,0,0,0,0,0,0,0,0,0,0,0,0,0,0,0,0,47,0,60,0,0,0,9,0,0,0,72,0,237,0,23,0,43,0,3,0,9,0,0,0,0,0,0
0,0,0,0,0,0,0,0,0,0,0,0,0,0,0,0,0,0,0,0,0,0,0,0,0,0,0,0,0,0,0,0,0,0,0,0,0,0,0,0,0,0,0,0,0,0,0,0,0,1,0,0,0,0,0,0,0,0,0,0,0,0,0,0,0,0,0,0,0,4,0,41,0,0,0,169,0,77,1,13,0,36,0,40,0,19,0,61,0,0,0,0,0,0,1,9,0,0,0,0,0,0,0,14,0,0,0,0,0,0,0,0,0,0,0,0,0,0,0,0,0,0,0,14,0,73,0,160,0,0,20,11,0,33,0,74,0,49,0,3,0,9,0,21,0,63,0,0,0,40,0,0,0,55,0,0,0,0,0,0,0,1,0,38,0,0,0,4,0,10,0,11,0,7,3,14,0,0,0,0,0,70,0,0,0,0,0,0,0,0,0,0,0,0,0,0,0,5,0,49,0,8,0,85,0,0,0,0,0,120,7,0,0,0,19,0,0,0,180,7,19,3,1,0,0
0,0,0,0,0,0,0,0,0,0,0,0,0,0,0,0,25,0,0,0,53,0,0,0,0,0,0,0,44,0,8,0,0,0,0,0,22,0,6,0,0,0,0,0,38,0,0,0,0,0,0,0,7,0,0,0,0,0,0,0,8,0,46,0,0,0,0,0,4,0,233,0,97,0,0,0,9,0,123,0,30,0,0,0,9,0,102,0,0,0,0,0,0,0,15,3,3,0,15,0,0,0,0,0,0,0,0,0,0,0,0,0,0,0,0,0,0,0,0,0,59,0,22,0,0,0,0,0,0,0,0,0,0,0,62,0,29,0,12,1,103,3,224,0,81,0,0,0,11,10,13,3,13,0,0,0,5,1,2,0,0,0,36,0,0,0,0,0,36,0,13,0,18,0,15,0,0,0,0,0,32,19,0,0,0,0,0,0,0,0,0,0,0,0,0,0,0,0,32,0,42,0,20,0,0,0,0,0,39,0,71,0,41,3,13,0,11,0,0,0,0,0,0,0,0
0,0,0,0,0,0,0,0,0,0,0,0,0,0,0,17,0,48,0,0,0,97,0,57,0,6,0,0,0,0,0,0,0,0,0,0,0,17,0,0,0,0,0,0,0,0,0,0,0,0,0,0,0,0,0,0,0,0,0,0,0,0,0,0,0,3,0,0,0,0,0,192,0,169,0,0,0,10,0,20,0,16,0,21,0,16,0,123,0,0,0,0,0,0,0,18,0,0,0,0,0,3,0,1,0,0,0,0,0,0,0,0,0,0,0,0,0,0,0,0,0,28,0,38,0,0,0,91,6,0,34,0,0,0,0,88,0,30,0,0,0,99,0,33,0,274,0,42,0,0,0,0,0,55,0,0,0,9,0,0,0,0,0,77,0,0,0,95,0,29,0,17,0,27,0,26,0,0,0,0,7,78,0,0,0,0,0,0,0,0,0,0,0,0,0,0,0,0,0,18,0,0,0,26,0,0,0,0,0,98,2,1,0,0,0,0,0,0,35,2,17,0,0,1,0
1,0,0,0,0,0,0,0,1,0,0,0,0,0,0,0,0,0,0,0,0,0,0,0,0,0,0,0,0,0,0,0,0,0,0,0,0,0,0,0,0,0,0,0,11,0,0,0,5,0,8,0,0,0,0,0,0,0,0,0,0,0,0,0,0,0,0,0,136,0,12,0,37,0,9,0,0,0,39,0,34,0,50,0,9,0,44,0,4,0,2,0,71,0,24,0,0,0,31,0,4,0,69,0,0,0,9,0,13,0,0,0,0,0,17,0,23,0,0,0,0,0,0,0,0,0,0,0,0,0,0,0,0,0,0,0,0,0,0,0,0,0,0,0,0,0,0,0,0,0,0,0,0,0,0,0,0,0,0,0,0,0,7,0,0,0,0,0,24,0,0,0,0,0,0,0,0,0,0,0,0,0,1,0,0,0,0,0,14,0,0,0,0,0,15,0,0,0,0,0,0,0,72,0,0,0,0,0,0,0,70,0,29,0,19,5,20,3,0,0,0,0,0,0,0
0,0,0,0,0,0,0,0,0,0,0,0,0,0,0,0,0,0,0,0,0,0,0,0,0,0,0,21,0,0,0,0,0,0,0,0,0,0,0,0,0,0,0,0,0,25,0,0,0,3,0,19,0,3,0,0,0,9,0,0,0,2,0,0,0,2,0,0,0,68,0,10,0,77,0,10,0,0,0,1,0,60,0,87,0,0,0,81,0,7,0,0,0,151,0,87,0,0,0,0,0,36,0,94,0,0,0,0,0,5,0,2,0,0,0,1,0,7,0,0,0,6,0,0,0,0,0,0,0,0,0,0,0,0,0,45,0,0,0,6,0,0,0,0,0,0,0,0,0,0,0,10,0,10,0,0,0,0,0,8,0,25,0,9,0,31,0,0,0,40,0,5,0,3,0,0,0,0,0,0,0,0,0,0,0,0,0,0,0,10,0,0,0,0,0,27,0,0,0,0,0,0,0,0,0,0,0,0,0,33,0,0,0,0,29,0,0,0,105,12,52,0,4,29,0
0,0,0,0,0,0,0,0,0,0,0,0,0,0,0,0,0,0,0,0,0,0,0,0,0,0,0,0,0,0,0,0,0,0,0,0,0,0,0,0,0,0,0,0,0,0,0,0,0,0,0,0,0,0,0,0,0,0,0,0,0,0,0,0,0,0,0,0,20,0,101,0,97,1,123,0,39,0,0,0,30,0,76,0,19,0,54,0,0,0,0,0,11,0,31,0,0,0,39,0,0,0,28,0,0,0,0,0,0,0,0,0,0,0,11,0,11,0,0,0,39,0,17,0,0,0,0,0,0,0,0,0,0,0,0,0,0,0,0,0,30,0,78,0,29,0,0,0,0,0,0,0,0,0,0,0,0,0,0,0,0,0,12,0,0,0,0,0,24,0,0,0,0,0,4,0,0,0,0,0,0,0,0,0,0,0,0,0,6,0,0,0,0,0,0,0,0,0,0,0,0,0,0,0,0,0,0,0,21,0,194,0,0,0,42,0,7,4,0,0,0,0,0,0,0
0,0,0,0,0,0,0,0,0,0,0,0,0,0,0,0,0,0,0,0,0,0,0,0,0,0,0,0,0,0,0,0,0,7,0,0,0,0,0,0,0,0,0,0,0,0,0,0,0,0,0,0,0,0,0,0,0,0,0,1,0,0,0,0,0,0,0,0,0,0,0,4,0,13,0,20,0,1,0,0,0,6,0,16,0,10,0,13,0,0,0,0,0,0,0,11,0,0,0,0,0,2,0,0,0,0,0,0,0,0,0,0,0,0,0,0,0,0,0,0,0,8,0,24,0,8,0,0,0,0,0,0,0,0,0,0,0,11,0,0,0,11,0,10,0,22,0,0,0,0,0,0,0,0,0,0,0,0,0,0,3,0,0,9,0,0,0,0,0,7,0,0,0,0,0,4,0,0,0,0,0,0,0,0,0,1,0,0,0,0,0,0,0,0,0,0,0,0,0,0,0,0,0,0,0,0,0,0,0,0,0,0,0,0,0,0,0,0,2,0,0,0,0,0,0
