0,257,129,139,75,40,81,56,83,0,207,46,112,0,12,28,27,84,23,0,0,0,33,108,12,123,50,0,98,0,0,0,58,0,3,0,51,0,449,6,12,0,0,0,4,0,34,0,8,0,0,0,14,0,0,0,4,0,1,0,76,0,54,17,6,0,6,0,0,0,0,0,0,0,0,0,0,0,0,0,0,0,0,0,0,0,0,0,0,0,3,0,0,0,0,0,0,0,0,0,0,0,0,0,0,0,0,0,0,0,0,0,0,0,0,0,0,0,0,0,0,0,0,0,4,0,0,0,0,0,7,0,4,0,14,0,0,0,0,0,0,0,5,0,0,0,0,0,27,0,19,0,0,0,0,0,0,0,0,0,4,0,0,0,5,0,5,0,17,0,39,0,344,0,0,0,351,115,28,8,0,0,23,0,99,0,0,0,0,0,0,0,0,0,0,0,0,0,0,0,7,0,0,0,0,0,2,0,3,0,431,103,163,114,203,0,0,0,11,0,0,0,0,0,0
257,0,315,265,0,87,213,96,103,40,0,184,0,33,0,52,76,22,0,84,0,0,136,22,335,12,0,112,0,29,0,2,0,27,0,0,0,93,0,134,0,20,0,0,0,8,0,29,0,4,0,3,3,14,35,20,0,0,0,2,0,302,16,136,0,18,0,6,0,0,0,0,0,0,0,0,0,0,0,0,0,0,0,0,0,0,0,0,0,0,0,0,0,0,0,0,0,0,0,0,0,0,0,0,0,0,0,0,0,0,0,0,0,0,0,0,0,0,0,0,0,0,0,0,0,0,0,0,0,0,0,11,0,0,0,62,0,0,0,0,0,0,0,0,0,0,0,0,0,31,0,0,0,0,0,0,0,4,0,2,0,0,0,0,0,8,0,0,0,15,0,33,0,196,0,0,103,603,0,15,0,0,23,16,0,74,0,0,0,0,0,0,0,0,0,0,0,0,0,11,0,14,0,0,0,0,0,7,0,24,0,0,0,0,541,0,0,0,704,129,202,194,0,8,0
129,315,0,150,155,145,69,36,16,0,53,137,85,0,135,165,90,72,124,0,28,9,637,262,185,113,128,0,325,6,38,0,259,0,0,0,72,0,690,0,9,0,0,0,25,0,21,0,10,0,0,0,5,0,19,0,0,0,0,1,92,0,79,0,5,0,2,0,0,0,0,0,0,0,0,0,0,0,0,0,0,0,0,0,0,0,0,0,0,0,0,0,0,0,0,0,0,0,0,0,0,0,0,0,0,0,0,0,0,0,0,0,0,0,0,0,0,0,0,0,0,0,0,0,11,0,0,0,0,0,17,0,16,0,86,0,19,0,0,0,0,0,0,0,0,0,0,0,14,0,47,0,0,0,0,0,0,0,2,0,7,0,0,0,0,0,21,0,8,0,27,0,346,0,0,0,199,131,0,27,0,0,0,0,0,0,0,0,0,0,0,0,0,0,0,0,0,0,0,0,22,0,0,0,0,0,0,0,23,0,385,73,169,154,231,0,10,0,18,0,3,0,0,0,0
139,265,150,0,0,89,0,67,0,0,6,38,0,0,0,165,48,9,0,145,0,94,110,149,131,88,0,113,0,58,0,2,0,104,0,0,0,105,0,206,0,5,0,0,0,11,0,0,0,0,0,0,0,0,2,183,0,22,0,8,0,69,0,17,0,0,0,0,0,0,0,0,0,0,0,0,0,0,0,0,0,30,0,0,0,100,0,0,0,0,0,0,0,0,0,0,0,18,0,0,0,0,0,0,0,0,0,0,0,0,0,0,0,0,0,0,0,0,0,0,0,0,0,0,0,0,0,0,0,0,3,10,0,27,0,122,0,379,0,45,0,13,0,82,0,0,0,0,0,3,0,1,0,0,0,0,0,0,0,0,0,0,0,1,0,4,0,64,0,12,0,9,0,145,0,0,33,99,0,0,0,0,10,5,0,0,0,0,0,0,0,0,0,0,0,0,0,0,0,5,0,0,0,0,0,0,0,0,0,0,0,0,0,0,221,0,0,0,263,44,267,122,0,0,0
75,0,155,0,0,306,25,0,16,1,139,127,270,124,202,302,29,8,84,194,74,72,57,59,0,0,189,33,81,0,138,5,311,0,68,14,201,0,101,0,57,0,13,0,0,0,62,0,11,0,46,0,5,0,0,0,0,0,0,0,0,0,0,0,0,0,4,0,0,0,0,0,0,0,0,0,0,0,0,0,0,0,0,0,0,0,0,0,0,0,0,0,0,0,0,0,0,0,0,0,0,0,0,0,0,0,0,0,0,0,0,0,0,0,0,0,0,0,0,0,0,0,0,0,0,0,0,0,0,0,0,0,0,0,0,0,0,0,0,0,0,0,0,0,0,0,0,0,0,0,0,0,0,0,0,0,0,0,0,0,0,0,0,0,21,0,308,0,49,0,30,0,137,0,0,0,208,125,71,9,0,0,17,0,46,0,0,0,0,0,0,0,0,0,0,0,0,0,0,0,0,0,0,0,0,0,0,0,0,0,550,238,548,190,206,0,0,0,0,0,0,0,0,0,0
40,87,145,89,306,0,0,22,0,0,86,242,112,199,329,285,23,0,85,201,76,64,141,20,0,6,0,173,0,0,0,62,0,251,0,117,0,246,0,52,0,18,0,0,0,0,0,44,0,0,4,0,0,0,0,0,0,0,0,0,0,0,0,0,0,0,0,0,0,0,0,0,0,0,0,0,0,0,0,0,0,0,0,0,0,0,0,0,0,0,0,0,0,2,0,0,0,0,0,0,0,0,0,2,0,0,0,0,0,0,0,0,0,0,0,0,0,0,0,0,0,0,0,0,0,0,0,0,0,0,0,0,0,0,0,25,0,39,0,0,0,0,0,0,0,0,0,0,0,0,0,0,0,0,0,0,0,0,0,0,0,0,0,8,0,27,20,283,0,0,0,26,0,72,0,0,122,348,33,30,0,0,0,0,0,40,0,1,0,0,0,0,0,0,0,0,0,0,0,0,0,0,0,0,0,0,0,0,0,6,0,0,0,0,198,0,0,0,327,116,407,176,0,4,0
81,213,69,0,25,0,0,165,33,107,18,0,0,0,14,0,0,0,18,0,0,0,22,0,231,192,0,0,0,0,0,0,0,0,0,0,0,0,0,0,0,0,0,0,0,0,0,0,41,0,0,0,64,8,147,51,24,0,7,1,319,0,375,48,33,1,64,0,0,0,0,0,0,0,0,0,1,0,0,0,0,0,0,0,0,0,0,0,0,0,0,0,0,0,0,0,0,0,0,0,0,0,0,0,0,0,0,0,0,0,0,0,0,0,0,0,0,0,0,0,0,0,0,0,53,0,36,0,0,0,41,0,28,0,14,0,0,0,0,0,0,0,0,0,0,0,11,0,20,0,54,0,0,0,0,0,0,0,0,0,30,0,2,0,4,1,0,0,23,0,175,0,313,0,0,0,107,66,1,0,0,0,0,0,24,0,0,0,0,0,0,0,0,0,0,0,0,0,0,0,0,0,0,0,0,0,0,0,24,0,400,78,276,343,502,4,84,0,0,0,2,0,0,0,0
56,96,36,67,0,22,165,0,165,163,0,72,0,0,0,10,0,41,0,11,0,0,0,5,117,106,0,28,0,0,0,0,0,4,0,0,0,0,0,45,0,0,0,0,0,3,0,0,0,0,0,0,15,36,72,249,0,14,0,13,0,335,0,362,0,5,0,2,0,0,0,0,0,0,0,0,0,0,0,0,0,0,0,0,0,0,0,0,0,0,0,0,0,0,0,0,0,3,0,0,0,0,0,0,0,0,0,0,0,0,0,0,0,0,0,0,0,0,0,0,0,0,0,0,0,0,0,12,0,29,0,43,0,15,0,36,0,104,0,6,0,0,0,0,0,0,0,0,0,12,0,7,0,0,0,0,0,16,0,0,0,8,0,0,0,8,0,0,0,0,0,20,0,113,0,0,42,82,0,0,0,0,15,9,0,0,0,0,0,0,0,0,0,0,0,0,0,0,0,6,0,6,0,0,0,0,0,0,0,22,0,0,0,0,558,0,0,0,382,48,216,397,1,30,0
83,103,16,0,16,0,33,165,0,474,16,0,7,0,13,0,10,0,6,0,0,0,0,0,39,160,18,0,0,1,0,0,0,0,0,0,0,0,0,0,3,0,0,0,0,0,0,0,44,0,0,0,334,46,181,286,38,10,19,20,299,0,400,33,11,0,67,68,2,0,0,0,0,0,3,0,0,0,0,0,0,0,0,0,0,0,6,0,0,0,0,0,0,0,0,0,0,0,0,0,0,0,0,0,0,0,0,0,0,0,0,0,0,0,0,0,0,0,0,0,0,0,0,0,14,0,10,0,0,0,9,0,7,0,12,0,0,0,2,0,0,0,0,0,0,0,3,0,28,0,27,0,7,0,22,0,54,0,0,0,15,0,0,0,5,0,0,0,26,0,339,0,213,0,0,0,345,120,2,0,0,0,10,12,83,0,0,0,0,0,0,0,0,0,0,0,0,0,0,0,1,0,0,0,0,0,0,0,5,0,534,195,279,167,494,12,83,6,0,0,0,0,0,0,0
0,40,0,0,1,0,107,163,474,0,0,16,0,0,0,5,0,0,0,9,0,0,0,0,44,10,0,3,0,0,0,0,0,0,0,0,0,2,0,0,0,0,0,0,0,0,0,0,0,0,0,0,68,181,320,147,53,43,65,36,0,315,8,232,0,168,117,116,0,4,0,0,0,0,0,0,0,0,0,1,0,0,0,0,0,0,0,0,0,0,0,0,0,0,0,0,0,0,0,8,0,0,0,0,0,0,0,23,0,0,0,0,0,0,0,0,0,0,0,0,0,0,0,0,0,29,0,24,0,9,0,67,0,21,0,100,1,76,0,0,0,0,0,0,0,0,0,0,0,75,0,58,0,15,0,6,0,119,0,3,0,18,0,0,0,11,0,0,0,25,0,110,0,79,0,0,69,211,0,5,0,5,12,19,0,26,0,0,0,0,0,0,0,0,0,0,0,6,0,24,0,15,0,0,0,0,0,9,0,95,0,0,4,0,636,0,0,0,565,120,148,344,0,17,0
207,0,53,6,139,86,18,0,16,0,0,42,242,0,19,149,24,6,17,0,36,15,23,48,0,0,46,0,20,1,28,0,188,0,8,0,86,0,70,0,37,0,0,0,0,0,54,0,6,0,12,0,0,0,0,0,0,0,0,0,0,0,0,0,0,0,0,0,0,0,0,0,0,0,0,0,0,0,0,0,0,0,0,0,0,0,0,0,0,0,1,0,0,0,0,0,0,0,0,0,0,0,0,0,0,0,0,0,0,0,0,0,0,0,0,0,0,0,0,0,0,0,0,0,0,0,0,0,0,0,0,0,0,0,0,0,0,0,0,0,0,0,0,0,0,0,0,0,7,0,0,0,0,0,0,0,0,0,0,0,0,0,3,0,7,0,61,0,0,0,0,0,48,0,0,0,131,48,84,5,26,0,28,0,32,0,18,0,0,0,0,0,0,0,0,0,0,0,0,0,0,0,0,0,0,0,0,0,0,0,198,99,147,0,57,0,0,0,8,0,0,0,0,0,0
46,184,137,38,127,242,0,72,0,16,42,0,24,230,114,50,20,8,0,60,12,14,153,20,0,0,0,181,0,13,0,12,6,126,0,34,0,95,0,62,0,58,0,11,0,0,0,73,0,9,0,22,0,0,0,0,0,0,0,0,0,6,0,0,0,0,0,0,0,0,0,0,0,0,0,0,0,0,0,0,0,0,0,0,0,0,0,0,0,0,0,0,0,0,0,0,0,0,0,0,0,0,0,0,0,0,0,0,0,0,0,0,0,0,0,0,0,0,0,0,0,0,0,0,0,0,0,0,0,0,0,2,0,0,0,15,0,6,0,0,0,0,0,0,0,0,0,0,0,38,0,0,0,137,0,0,0,3,0,0,0,0,0,0,0,0,0,102,0,0,0,0,0,37,0,0,69,376,12,27,0,73,0,47,0,155,0,9,0,0,0,0,0,0,0,0,0,0,0,0,0,8,0,0,0,0,0,1,0,0,0,0,0,0,204,0,0,0,381,138,227,0,0,0,0
112,0,85,0,270,112,0,0,7,0,242,24,0,243,17,43,0,0,108,269,54,73,0,1,0,0,90,316,0,0,10,0,0,0,83,0,60,8,0,0,193,47,42,0,9,10,204,0,7,0,114,36,2,0,0,0,0,0,0,0,0,0,0,0,0,0,0,0,0,0,0,0,0,0,0,0,0,0,0,0,0,0,0,0,0,0,0,0,0,0,0,0,0,0,0,0,0,0,0,0,1,0,0,0,0,0,0,0,0,0,0,0,0,0,0,0,0,0,0,0,0,0,0,0,0,0,0,0,0,0,0,0,0,0,0,0,0,0,0,0,0,0,0,0,0,0,2,0,0,0,0,0,0,0,0,0,0,0,0,0,0,0,0,0,30,0,42,0,0,0,0,0,6,0,0,0,172,58,36,0,0,0,22,0,24,0,421,4,0,0,0,0,0,0,0,0,0,0,0,0,0,0,0,0,0,0,0,0,0,0,47,191,258,66,22,0,0,0,0,0,0,0,0,0,0
0,33,0,0,124,199,0,0,0,0,0,230,243,0,112,0,0,0,243,122,151,8,0,0,0,0,107,82,0,0,5,3,0,3,0,105,0,54,0,0,0,233,27,143,5,45,0,79,0,4,40,172,0,0,0,0,0,0,0,0,0,0,0,0,0,0,0,0,0,0,0,0,0,0,0,0,0,2,0,0,0,0,0,0,0,0,0,0,0,0,0,0,0,0,0,0,0,0,0,0,0,0,0,0,0,0,0,0,0,0,0,0,0,0,0,0,0,0,0,0,0,0,0,0,0,0,0,0,0,0,0,0,0,0,0,0,0,0,0,0,0,0,0,0,0,0,0,0,0,0,0,0,0,0,0,0,0,0,0,0,0,0,0,0,0,27,3,2,0,0,0,0,0,0,0,0,58,345,11,17,0,0,0,0,0,39,64,14,0,0,0,0,0,0,0,0,0,0,0,0,0,0,0,0,0,0,0,0,0,0,0,0,0,0,9,0,0,0,0,41,133,0,0,0,0
12,0,135,0,202,329,14,0,13,0,19,114,17,112,0,267,55,0,189,248,75,86,240,11,43,0,71,20,5,0,72,0,37,0,37,0,95,31,0,0,2,0,4,0,3,0,2,4,0,0,10,0,7,0,0,0,0,0,0,0,5,0,10,0,1,0,0,0,0,0,0,0,0,0,0,0,0,0,0,0,0,0,0,0,0,0,0,0,0,0,0,0,0,0,0,0,0,0,0,0,0,0,0,0,0,0,0,0,0,0,0,0,0,0,0,0,0,0,0,0,0,0,0,0,0,0,0,0,0,0,0,0,0,0,127,0,71,0,0,0,0,0,0,0,0,0,0,0,18,0,40,0,0,0,0,0,0,0,0,0,0,0,1,0,11,0,107,7,0,0,12,0,23,0,0,0,40,63,34,0,10,0,9,0,66,0,1,1,0,0,0,0,0,0,0,0,0,0,0,0,0,0,0,0,0,0,0,0,43,0,114,104,165,51,37,1,0,0,0,0,0,0,0,0,0
28,52,165,165,302,285,0,10,0,5,149,50,43,0,267,0,12,23,0,233,20,164,159,185,0,70,0,80,0,12,3,20,0,47,0,22,0,45,0,24,0,0,0,5,0,0,0,9,0,0,1,2,0,5,0,30,0,0,0,0,0,0,0,10,0,8,0,0,0,0,0,0,0,0,0,0,0,0,0,0,0,0,0,0,0,110,0,0,0,0,0,0,0,0,0,0,0,0,0,0,0,37,0,0,0,0,0,0,0,0,0,0,0,0,0,0,0,0,0,0,0,0,0,0,0,0,0,0,0,0,0,0,0,0,0,51,0,165,0,0,0,0,0,0,0,0,0,0,0,2,0,0,0,0,0,0,0,3,0,0,0,2,0,0,0,6,0,92,0,0,0,11,0,26,0,0,41,113,49,64,0,0,1,0,0,6,0,4,0,0,0,0,0,0,0,0,0,0,0,0,0,7,0,0,0,0,0,0,0,9,0,0,0,0,50,0,0,0,133,105,151,51,0,0,0
27,76,90,48,29,23,0,0,10,0,24,20,0,0,55,12,0,26,169,1,258,0,108,57,269,20,78,0,278,0,44,0,140,3,35,0,32,0,528,3,0,0,10,0,27,0,7,0,6,0,15,0,115,0,14,0,5,0,0,0,97,0,566,3,0,0,0,0,0,0,32,0,0,0,38,0,0,0,0,0,214,0,0,0,407,0,95,0,0,0,0,0,0,0,0,0,466,0,477,0,0,0,0,0,0,0,0,0,0,0,0,0,0,0,0,0,0,0,0,0,139,0,64,0,0,0,4,0,0,0,0,0,0,0,0,0,131,0,40,0,45,0,421,0,25,0,0,0,0,0,14,0,0,0,8,0,0,0,5,0,0,0,10,0,0,0,14,0,0,0,10,0,202,0,0,0,9,3,29,4,0,1,51,0,0,0,0,0,0,0,0,0,0,0,0,0,0,0,0,0,0,0,0,0,0,0,0,0,25,0,104,15,91,47,53,0,5,0,0,0,0,0,0,0,0
84,22,72,9,8,0,0,41,0,0,6,8,0,0,0,23,26,0,0,18,0,170,43,173,57,288,0,34,0,57,0,4,0,18,0,5,0,18,0,99,0,0,0,0,0,0,0,0,0,5,0,0,0,33,0,86,0,19,0,0,0,50,1,382,0,0,0,0,0,0,0,0,0,0,0,0,0,0,0,0,0,202,0,0,0,344,0,38,0,0,0,0,0,0,0,0,0,0,0,187,0,95,0,0,0,0,0,0,0,0,0,0,0,0,0,0,0,0,0,0,0,56,0,0,0,0,0,0,0,0,0,0,0,0,0,45,0,268,0,111,0,91,0,418,0,0,0,0,0,0,0,0,0,0,0,31,0,0,0,41,0,4,0,0,0,0,0,18,0,0,0,0,0,27,0,0,6,40,0,19,0,0,0,30,0,0,0,0,0,0,0,0,0,0,0,0,0,0,0,0,0,0,0,0,0,0,0,0,0,0,0,0,0,0,0,0,0,0,11,11,26,4,0,1,0
23,0,124,0,84,85,18,0,6,0,17,0,108,243,189,0,169,0,0,243,93,50,299,0,51,0,139,180,0,0,12,0,0,0,69,0,98,0,0,0,22,9,36,12,7,0,62,0,0,0,175,23,9,0,40,0,0,0,0,0,0,0,0,0,1,0,0,0,0,0,5,0,0,0,0,0,0,0,0,0,0,0,0,0,0,0,15,0,0,0,0,0,0,0,0,0,0,0,0,0,0,0,0,0,0,0,0,0,0,0,0,0,0,0,0,0,0,0,0,0,0,0,0,0,0,0,3,0,0,0,0,0,0,0,0,0,147,0,0,0,0,0,176,0,0,0,0,0,6,0,0,0,0,0,0,0,2,0,0,0,0,0,0,0,32,0,29,0,0,0,0,0,11,0,0,0,92,24,22,0,0,0,0,0,24,0,87,3,0,0,0,0,0,0,0,0,0,0,0,0,0,0,0,0,0,0,0,0,0,0,51,131,208,45,12,0,0,0,0,0,0,0,0,0,0
0,84,0,145,194,201,0,11,0,9,0,60,269,122,248,233,1,18,243,0,164,39,6,144,0,52,55,188,0,0,0,30,0,0,0,228,0,169,0,0,0,9,0,40,0,37,0,68,0,0,23,118,0,12,0,45,0,0,0,0,0,8,0,17,0,0,0,0,0,0,0,0,0,0,0,0,0,0,0,0,0,0,0,0,0,126,0,0,0,0,0,0,0,0,0,0,0,0,0,0,0,0,0,0,0,0,0,0,0,0,0,0,0,0,0,0,0,0,0,0,0,0,0,0,0,0,0,0,0,12,0,0,0,0,0,131,0,251,0,0,0,0,0,0,0,0,0,0,0,28,0,36,0,39,0,0,0,5,0,0,0,0,0,0,0,20,0,37,0,35,0,0,0,11,0,0,37,103,27,14,0,0,0,10,0,41,28,15,0,0,0,0,0,0,0,0,0,0,0,0,0,0,0,0,0,0,0,0,0,0,0,0,0,0,34,0,0,0,70,135,180,64,0,1,0
0,0,28,0,74,76,0,0,0,0,36,12,54,151,75,20,258,0,93,164,0,36,158,0,49,0,54,154,53,0,82,0,59,0,124,0,117,8,17,0,0,12,14,0,10,0,7,13,0,0,38,20,22,0,0,0,0,0,0,0,15,0,130,0,0,0,0,0,0,0,79,0,0,0,50,0,0,0,0,0,149,0,0,0,132,0,81,0,0,0,0,0,0,0,0,0,0,0,378,0,0,0,0,0,0,0,0,0,0,0,0,0,0,0,0,0,0,0,0,0,0,0,0,0,0,0,0,0,11,0,0,0,0,0,0,0,80,0,37,0,67,0,157,0,107,0,0,0,0,0,0,0,0,0,0,0,0,0,7,0,0,0,0,0,17,0,119,0,0,0,15,0,75,0,0,0,53,10,68,0,0,0,7,0,4,0,71,0,0,0,0,0,0,0,0,0,0,0,0,0,0,0,0,0,0,0,0,0,0,0,122,119,175,64,47,0,0,0,0,0,0,0,0,0,0
0,0,9,94,72,64,0,0,0,0,15,14,73,8,86,164,0,170,50,39,36,0,9,349,0,58,0,190,0,90,0,43,0,166,0,189,0,156,0,37,0,11,0,70,0,73,0,20,0,2,0,124,0,16,0,52,0,0,0,0,0,10,0,122,0,0,0,0,0,0,0,0,0,0,0,25,0,0,0,0,0,271,0,0,0,374,0,91,0,0,0,0,0,0,0,0,0,0,0,242,0,148,0,0,0,0,0,0,0,0,0,0,0,0,0,0,0,0,0,0,0,173,0,0,0,0,0,0,0,0,0,0,0,0,0,0,0,170,0,156,0,156,0,705,0,36,0,0,0,0,0,0,0,0,0,6,0,4,0,0,0,0,0,0,1,33,0,146,0,58,0,5,0,22,0,0,0,37,10,38,0,0,0,0,0,0,5,24,0,0,0,0,0,0,0,0,0,0,0,0,0,0,0,0,0,0,0,0,0,0,0,0,0,0,21,0,0,0,53,116,216,0,0,0,0
33,136,637,110,57,141,22,0,0,0,23,153,0,0,240,159,108,43,299,6,158,9,0,186,121,19,94,0,45,3,8,0,26,0,0,0,21,0,107,3,0,0,0,0,11,0,0,0,1,0,0,0,0,0,60,0,0,0,8,0,7,0,15,0,1,0,0,0,0,0,0,0,0,0,5,0,0,0,0,0,0,0,0,0,0,0,0,0,0,0,0,0,0,0,0,0,90,0,0,0,0,0,0,0,0,0,0,0,0,0,0,0,0,0,0,0,0,0,0,0,0,0,0,0,0,0,0,0,0,0,0,0,22,0,170,0,221,0,6,0,0,0,198,0,0,0,0,0,0,0,34,0,6,0,0,0,0,0,0,0,5,0,0,0,6,0,10,0,0,0,8,0,123,0,0,0,32,29,50,10,0,2,4,0,17,0,0,0,0,0,0,0,0,0,0,0,0,0,0,0,98,0,0,0,0,0,0,0,61,0,128,53,65,24,41,0,0,0,0,0,0,0,0,0,0
108,22,262,149,59,20,0,5,0,0,48,20,1,0,11,185,57,173,0,144,0,349,186,0,37,138,0,77,0,52,0,11,0,74,0,7,2,65,0,94,0,0,0,0,0,7,0,4,0,0,0,4,0,10,0,41,0,0,0,0,0,0,0,66,0,0,0,0,0,0,0,0,0,0,0,0,0,0,0,0,0,126,0,0,0,159,0,26,0,0,0,0,0,0,0,0,0,0,1,95,0,88,0,0,0,0,0,0,0,0,0,0,0,0,0,0,0,0,0,0,0,36,0,0,0,0,0,0,0,0,0,0,0,0,0,0,0,86,0,0,0,15,0,149,0,0,0,0,0,0,0,0,0,0,0,4,0,0,0,0,0,2,0,0,0,0,0,67,0,13,0,0,0,69,0,0,31,63,0,43,0,0,0,0,0,0,0,0,0,0,0,0,0,0,0,0,0,0,0,0,0,0,0,0,0,0,0,0,0,0,0,0,0,0,0,0,0,0,90,35,179,36,0,4,0
12,335,185,131,0,0,231,117,39,44,0,0,0,0,43,0,269,57,51,0,49,0,121,37,0,195,37,0,56,0,3,0,3,0,0,0,11,0,159,0,0,0,0,0,0,1,0,0,8,0,0,0,62,1,153,0,17,0,12,0,91,0,286,39,0,0,0,0,0,0,0,0,0,0,0,0,0,0,0,0,31,0,0,0,134,0,0,0,0,0,0,0,0,0,0,0,0,0,0,0,0,1,0,0,0,0,0,0,0,0,0,0,0,0,0,0,0,0,0,0,0,0,0,2,0,0,9,0,110,0,4,0,63,0,192,0,489,0,53,1,15,0,406,0,0,0,2,0,0,0,46,0,0,0,12,0,1,0,16,10,39,0,0,0,0,0,0,0,0,0,24,0,259,0,0,0,33,39,0,3,0,0,36,10,0,0,0,0,0,0,0,0,0,0,0,0,0,0,0,0,113,0,0,0,0,0,0,0,65,0,188,50,118,79,124,0,11,0,6,0,0,0,0,0,0
123,12,113,88,0,6,192,106,160,10,0,0,0,0,0,70,20,288,0,52,0,58,19,138,195,0,0,0,0,40,0,0,0,0,0,0,0,25,0,139,0,0,0,2,0,10,0,0,0,5,0,3,4,13,63,234,0,67,0,4,0,236,22,278,0,0,2,0,0,0,0,0,0,0,0,0,0,0,0,0,0,65,0,0,0,207,0,21,0,0,0,0,0,0,0,0,0,0,0,70,0,0,1,0,0,1,0,0,0,0,0,0,0,0,0,0,0,0,0,0,0,0,0,0,0,0,0,0,0,54,0,2,0,17,0,75,0,368,0,55,0,33,0,198,0,1,0,0,0,1,0,1,0,0,0,13,0,0,0,8,0,0,0,0,0,6,0,0,1,28,0,8,11,126,0,0,18,66,0,0,0,0,23,66,0,0,0,0,0,0,0,0,0,0,0,1,0,0,0,0,0,0,0,0,0,0,0,0,0,5,0,0,0,0,244,0,0,0,250,42,199,157,0,12,0
50,0,128,0,189,0,0,0,18,0,46,0,90,107,71,0,78,0,139,55,54,0,94,0,37,0,0,236,44,0,18,0,4,0,20,0,197,0,0,0,11,148,85,0,131,0,52,64,35,0,112,23,23,0,0,0,0,0,0,0,0,0,59,0,0,0,0,0,0,0,0,0,0,0,10,0,0,0,0,0,0,0,0,0,0,0,0,0,0,0,0,0,0,0,0,0,0,0,0,0,0,0,5,0,0,0,0,0,0,0,0,0,0,0,0,0,0,0,0,0,0,0,0,0,0,0,0,0,0,0,0,0,10,0,0,0,129,0,0,0,0,0,147,0,0,0,0,0,0,0,0,0,0,0,0,0,0,0,0,0,0,0,4,0,67,0,8,0,0,0,0,0,0,0,0,0,21,39,21,0,0,0,21,0,74,0,116,0,0,0,0,0,0,0,0,0,0,0,41,0,0,0,0,0,0,0,0,0,39,0,18,241,266,33,0,0,2,29,0,0,0,0,0,0,0
0,112,0,113,33,173,0,28,0,3,0,181,316,82,20,80,0,34,180,188,154,190,0,77,0,0,236,0,0,14,0,0,0,0,0,83,0,49,0,0,208,73,85,222,33,99,84,66,0,44,93,271,0,12,0,0,0,0,0,0,0,0,0,37,0,0,0,0,0,0,0,3,0,0,0,5,0,0,0,0,0,0,0,30,0,0,0,0,0,0,0,0,0,4,0,0,0,0,0,0,0,0,0,0,0,11,0,0,0,0,0,0,0,0,0,0,0,0,0,0,0,0,0,0,0,0,0,0,0,0,0,0,0,0,0,0,0,0,0,0,0,0,0,0,0,0,0,0,0,0,0,0,0,0,0,0,0,0,0,0,0,0,0,0,0,89,0,26,0,82,0,0,0,0,0,0,17,177,9,13,0,0,0,0,0,0,81,26,0,0,0,0,0,0,0,0,0,0,0,0,0,0,0,0,0,0,0,0,0,4,0,0,0,0,19,0,0,0,0,425,472,51,0,0,11
98,0,325,0,81,0,0,0,0,0,20,0,0,0,5,0,278,0,0,0,53,0,45,0,56,0,44,0,0,0,54,0,10,0,28,0,20,0,3,0,0,0,10,0,0,0,0,0,0,0,0,0,2,0,0,0,0,0,0,0,0,0,40,0,0,0,0,0,0,0,22,0,0,0,25,0,0,0,0,0,72,0,0,0,44,0,31,0,0,0,0,0,0,0,0,0,0,0,134,0,0,0,0,0,0,0,0,0,0,0,0,0,0,0,0,0,0,0,0,0,43,0,13,0,1,0,0,0,0,0,0,0,0,0,9,0,0,0,32,0,45,0,34,0,25,0,0,0,1,0,0,0,0,0,3,0,0,0,10,0,0,0,2,0,0,0,5,0,0,0,0,0,1,0,0,0,0,0,17,0,0,0,0,0,0,0,0,0,0,0,0,0,0,0,0,0,0,0,0,0,0,0,0,0,0,0,0,0,0,0,0,0,0,0,0,0,0,0,0,0,0,0,0,0,0
0,29,6,58,0,0,0,0,1,0,1,13,0,0,0,12,0,57,0,0,0,90,3,52,0,40,0,14,0,0,0,6,0,60,0,29,0,16,0,17,0,0,0,4,0,0,0,0,0,0,0,27,0,27,0,58,0,24,0,0,0,15,0,112,0,0,0,0,0,0,0,0,0,0,0,0,0,0,0,0,0,31,0,0,0,0,0,0,0,0,0,0,0,0,0,0,0,0,0,0,0,0,0,0,0,0,0,0,0,0,0,0,0,0,0,0,0,0,0,0,0,0,0,18,0,0,0,0,0,0,0,0,0,16,0,0,0,113,0,421,0,180,0,354,0,0,0,0,0,0,0,0,0,0,0,53,0,0,0,55,0,3,0,0,0,0,0,3,0,0,0,0,0,3,0,0,0,6,0,9,0,0,0,11,0,0,0,0,0,0,0,0,0,0,0,0,0,0,0,0,0,0,0,0,0,0,0,0,0,0,0,0,0,0,0,0,0,0,0,0,0,0,0,0,0
0,0,38,0,138,0,0,0,0,0,28,0,10,5,72,3,44,0,12,0,82,0,8,0,3,0,18,0,54,0,0,0,9,0,4,0,47,0,37,0,0,0,4,0,0,0,0,0,0,0,0,0,3,0,0,0,0,0,0,0,6,0,51,0,0,0,0,0,0,0,0,0,0,0,9,0,0,0,0,0,25,0,0,0,24,0,0,0,0,0,0,0,0,0,8,0,0,0,57,0,0,0,0,0,0,0,0,0,0,0,0,0,0,0,0,0,0,0,0,0,14,0,0,0,0,0,0,0,0,0,0,0,0,0,0,0,0,0,0,0,0,0,0,0,28,0,0,0,0,0,1,0,0,0,2,0,0,0,0,0,0,0,0,0,0,0,6,0,0,0,0,0,0,0,0,0,10,0,29,0,0,0,3,0,0,0,0,1,0,0,0,0,0,0,0,0,0,0,0,0,0,0,0,0,0,0,0,0,0,0,10,0,7,0,0,0,0,0,0,0,0,0,0,0,0
0,2,0,2,5,62,0,0,0,0,0,12,0,3,0,20,0,4,0,30,0,43,0,11,0,0,0,0,0,6,0,0,0,16,0,12,0,2,0,3,0,0,0,0,0,0,0,0,0,0,0,9,0,0,0,0,0,0,0,0,0,1,0,4,0,0,0,0,0,0,0,0,0,0,0,0,0,0,0,0,0,0,0,0,0,0,0,0,0,0,0,0,0,0,0,0,0,0,0,0,0,0,0,0,0,0,0,0,0,0,0,0,0,0,0,0,0,0,0,0,0,0,0,0,0,0,0,0,0,0,0,0,0,1,0,0,0,0,0,32,0,0,0,0,0,0,0,0,0,0,0,0,0,0,0,0,0,0,0,0,0,0,0,0,0,0,0,0,0,0,0,0,0,0,0,0,0,8,0,16,0,1,0,0,0,0,0,0,0,0,0,0,0,0,0,0,0,0,0,0,0,0,0,0,0,0,0,0,0,0,0,0,0,0,0,0,0,0,0,1,0,0,0,0,0
58,0,259,0,311,0,0,0,0,0,188,6,0,0,37,0,140,0,0,0,59,0,26,0,3,0,4,0,10,0,9,0,0,0,25,0,188,0,7,0,0,0,13,0,0,0,0,0,0,0,7,0,0,0,0,0,0,0,0,0,11,0,10,0,0,0,0,0,0,0,0,0,0,0,0,0,0,0,0,0,0,0,0,0,0,0,0,0,0,0,0,0,0,0,0,0,0,0,0,0,0,0,0,0,0,0,0,0,0,0,0,0,0,0,0,0,0,0,0,0,0,0,0,0,0,0,0,0,0,0,0,0,0,0,0,0,0,0,10,0,0,0,0,0,0,0,0,0,0,0,0,0,0,0,0,0,0,0,0,0,0,0,0,0,0,0,11,0,3,0,0,0,10,0,0,0,51,0,158,0,0,0,0,0,0,0,0,0,0,0,0,0,0,0,0,0,0,0,0,0,0,0,0,0,0,0,0,0,0,0,0,0,0,0,0,0,0,0,0,0,0,0,0,0,0
0,27,0,104,0,251,0,4,0,0,0,126,0,3,0,47,3,18,0,0,0,166,0,74,0,0,0,0,0,60,0,16,0,0,0,44,0,121,0,2,0,0,0,0,0,2,0,0,0,0,0,11,0,0,0,0,0,0,0,0,0,4,0,9,0,1,0,0,0,0,0,0,0,0,0,0,0,0,0,0,0,0,0,0,0,0,0,0,0,0,0,0,0,0,0,0,0,0,0,0,0,0,0,0,0,0,0,0,0,0,0,0,0,0,0,0,0,0,0,0,0,0,0,0,0,0,0,0,0,0,0,0,0,0,0,0,0,0,0,42,0,0,0,0,0,8,0,0,0,0,0,0,0,0,0,0,0,9,0,5,0,1,0,0,0,0,0,46,0,0,0,0,0,2,0,0,0,30,0,96,0,0,0,2,0,0,0,0,0,0,0,0,0,0,0,0,0,0,0,0,0,0,0,0,0,0,0,1,0,0,0,0,0,0,3,0,0,0,0,5,0,0,0,1,0
3,0,0,0,68,0,0,0,0,0,8,0,83,0,37,0,35,0,69,0,124,0,0,0,0,0,20,0,28,0,4,0,25,0,0,0,102,0,5,0,0,0,27,0,5,0,0,0,4,0,48,0,0,0,0,0,0,0,0,0,0,0,25,0,0,0,0,0,0,0,28,0,0,0,0,0,0,0,0,0,0,0,0,0,0,0,0,0,0,0,0,0,0,0,0,0,56,0,0,0,0,0,0,0,0,0,0,0,0,0,0,0,0,0,0,0,0,0,0,0,0,0,0,0,0,0,0,0,0,0,0,0,0,0,0,0,0,0,0,0,0,0,0,0,24,0,0,0,0,0,0,0,0,0,0,0,0,0,0,0,0,0,0,0,27,0,34,0,0,0,0,0,16,0,0,0,12,4,49,0,0,0,6,0,0,0,6,0,0,0,0,0,0,0,0,0,0,0,0,0,0,0,0,0,0,0,0,0,0,0,41,65,114,0,27,0,0,0,0,0,0,0,0,0,0
0,0,0,0,14,117,0,0,0,0,0,34,0,105,0,22,0,5,0,228,0,189,0,7,0,0,0,83,0,29,0,12,0,44,0,0,0,72,0,7,0,3,0,7,0,19,0,0,0,0,0,50,0,3,0,0,0,0,0,0,0,1,0,5,0,1,0,0,0,0,0,0,0,0,0,0,0,0,0,0,0,0,0,0,0,0,0,0,0,0,0,0,0,0,0,0,0,0,0,0,0,0,0,0,0,0,0,0,0,0,0,0,0,0,0,0,0,0,0,0,0,40,0,0,0,0,0,0,0,0,0,0,0,0,0,0,0,0,0,37,0,38,0,105,0,0,0,0,0,0,0,0,0,0,0,0,0,3,0,0,0,0,0,0,0,0,0,9,0,0,0,0,0,4,0,0,7,75,0,10,0,0,0,0,0,0,0,51,0,0,0,0,0,0,0,0,0,0,0,0,0,0,0,0,0,0,0,0,0,0,0,0,0,0,0,0,0,0,0,7,29,6,0,0,0
51,0,72,0,201,0,0,0,0,0,86,0,60,0,95,0,32,0,98,0,117,0,21,2,11,0,197,0,20,0,47,0,188,0,102,0,0,0,16,0,0,0,29,0,27,0,0,0,2,0,17,0,3,0,0,0,0,0,0,0,12,0,33,0,0,0,0,0,0,0,56,0,9,0,31,0,0,0,0,0,71,0,0,0,0,0,43,0,0,0,0,0,0,0,0,0,0,0,0,0,0,0,0,0,0,0,0,0,0,0,0,0,0,0,0,0,0,0,0,0,0,0,0,0,0,0,0,0,0,0,0,0,0,0,0,0,11,0,75,0,79,0,0,0,114,0,0,0,0,0,0,0,0,0,14,0,14,0,8,0,0,0,0,0,4,0,16,0,22,0,17,0,17,0,0,0,48,12,82,0,0,0,25,0,0,0,2,0,0,0,0,0,0,0,0,0,0,0,0,0,0,0,0,0,0,0,0,0,0,0,16,7,23,9,10,0,0,0,0,0,0,0,0,0,0
0,93,0,105,0,246,0,0,0,2,0,95,8,54,31,45,0,18,0,169,8,156,0,65,0,25,0,49,0,16,0,2,0,121,0,72,0,0,0,14,0,0,0,21,0,7,0,0,0,0,0,33,0,0,0,0,0,4,0,1,0,30,0,26,0,1,0,0,0,0,0,0,0,0,0,10,0,0,0,0,0,49,0,0,0,45,0,0,0,0,0,0,0,0,0,0,0,0,0,0,0,0,0,0,0,0,0,0,0,0,0,0,0,0,0,0,0,0,0,0,0,69,0,24,0,0,0,0,0,0,0,0,0,0,0,0,0,0,0,194,0,105,0,164,0,66,0,0,0,0,0,0,0,0,0,15,0,49,0,18,0,0,0,0,0,5,0,37,0,18,0,6,0,32,0,0,0,106,0,60,0,0,0,3,0,0,0,67,0,0,0,0,0,0,0,0,0,0,0,0,0,0,0,0,0,0,0,0,0,0,0,0,0,0,0,0,0,0,0,40,17,0,0,0,0
449,0,690,0,101,0,0,0,0,0,70,0,0,0,0,0,528,0,0,0,17,0,107,0,159,0,0,0,3,0,37,0,7,0,5,0,16,0,0,0,0,0,6,0,0,0,0,0,0,0,1,0,2,0,0,0,0,0,0,0,6,0,36,0,0,0,0,0,0,0,11,0,0,0,13,0,0,0,0,0,21,0,0,0,0,0,18,0,0,0,0,0,0,0,0,0,0,0,0,0,0,0,0,0,0,0,0,0,0,0,0,0,0,0,0,0,0,0,0,0,0,0,0,0,0,0,0,0,0,0,0,0,0,0,0,0,0,0,54,0,27,0,0,0,44,0,0,0,0,0,0,0,0,0,6,0,16,0,15,0,2,0,0,0,0,0,39,0,0,0,3,0,20,0,0,0,64,0,42,0,0,0,87,0,0,0,0,0,0,0,0,0,0,0,0,0,0,0,0,0,0,0,0,0,0,0,0,0,0,0,18,4,87,36,28,0,2,0,0,0,0,0,0,0,0
6,134,0,206,0,52,0,45,0,0,0,62,0,0,0,24,3,99,0,0,0,37,3,94,0,139,0,0,0,17,0,3,0,2,0,7,0,14,0,0,0,0,0,0,0,3,0,0,0,0,0,8,0,0,0,0,0,0,0,0,0,0,0,17,0,1,0,0,0,0,0,0,0,0,0,0,0,0,0,0,0,0,0,0,0,0,0,0,0,0,0,0,0,0,0,0,0,0,0,0,0,0,0,0,0,0,0,0,0,0,0,0,0,0,0,0,0,0,0,0,0,6,0,0,0,0,0,0,0,0,0,0,0,0,0,0,0,0,0,107,0,0,0,0,0,0,0,0,0,0,0,0,0,0,0,15,0,50,0,17,0,1,0,0,0,0,0,0,0,0,0,0,0,29,0,0,0,24,0,60,0,0,0,23,0,0,0,0,0,0,0,0,0,0,0,0,0,0,0,0,0,0,0,0,0,0,0,0,0,0,0,0,0,0,0,0,0,0,2,9,0,0,0,0,0
12,0,9,0,57,0,0,0,3,0,37,0,193,0,2,0,0,0,22,0,0,0,0,0,0,0,11,208,0,0,0,0,0,0,0,0,0,0,0,0,0,149,9,0,20,87,93,186,41,2,2,5,0,0,0,0,0,0,0,0,0,0,0,0,0,0,0,0,0,0,0,0,0,0,0,0,0,0,0,0,0,0,0,0,0,0,0,0,0,0,0,0,0,0,0,0,0,0,0,0,0,0,0,0,0,0,0,0,0,0,0,0,0,0,0,0,0,0,0,0,0,0,0,0,0,0,0,0,0,0,0,0,0,0,0,0,0,0,0,0,0,0,0,0,0,0,0,0,0,0,0,0,0,0,0,0,0,0,0,0,0,0,0,0,0,0,0,0,0,0,0,0,0,0,0,0,0,56,16,0,0,0,0,0,0,0,280,0,0,0,0,0,0,0,0,0,0,0,0,0,0,0,0,0,0,0,0,0,0,0,0,65,20,0,0,0,0,25,0,0,0,0,0,0,0
0,20,0,5,0,18,0,0,0,0,0,58,47,233,0,0,0,0,9,9,12,11,0,0,0,0,148,73,0,0,0,0,0,0,0,3,0,0,0,0,149,0,27,57,49,29,105,298,0,53,20,17,0,0,0,0,0,0,0,0,0,0,0,0,0,0,0,0,0,0,0,0,0,0,0,0,0,1,0,0,0,0,0,0,0,0,0,0,0,0,0,0,0,0,0,0,0,0,0,0,0,0,0,0,0,0,0,0,0,0,0,0,0,0,0,0,0,0,0,0,0,0,0,0,0,0,0,0,0,0,0,0,0,0,0,0,0,0,0,0,0,0,0,0,0,0,0,0,0,0,0,0,0,0,0,0,0,0,0,0,0,0,0,0,0,0,0,0,0,1,0,0,0,0,0,0,1,130,0,19,0,0,0,7,0,0,64,3,0,0,0,0,0,0,0,0,0,0,0,0,0,0,0,0,0,0,0,0,0,0,0,5,0,0,0,0,0,0,0,13,0,0,0,0,0
0,0,0,0,13,0,0,0,0,0,0,0,42,27,4,0,10,0,36,0,14,0,0,0,0,0,85,85,10,0,4,0,13,0,27,0,29,0,6,0,9,27,0,0,73,5,35,19,8,0,17,0,0,0,0,0,0,0,0,0,0,0,0,0,0,0,3,0,0,0,9,0,0,0,8,0,0,0,0,0,11,0,0,0,17,0,12,0,0,0,0,0,0,0,9,0,0,0,33,0,4,0,0,0,0,0,0,0,0,0,0,0,0,0,0,0,0,0,0,0,0,0,0,0,0,0,0,0,0,0,0,0,0,0,0,0,0,0,0,0,0,0,0,0,0,0,0,0,0,0,4,0,0,0,0,0,0,0,0,0,0,0,2,0,11,0,11,0,0,0,5,0,17,0,0,0,1,5,13,0,0,0,0,0,8,0,26,0,2,0,0,0,0,0,0,0,0,0,0,0,0,0,0,0,0,0,0,0,0,0,19,29,50,0,8,0,0,2,0,0,0,0,0,0,0
0,0,0,0,0,0,0,0,0,0,0,11,0,143,0,5,0,0,12,40,0,70,0,0,0,2,0,222,0,4,0,0,0,0,0,7,0,21,0,0,0,57,0,0,0,46,0,30,0,10,7,82,0,0,0,0,0,0,0,0,0,2,0,0,0,0,0,0,0,0,0,0,0,0,0,21,0,0,0,0,0,0,0,0,0,0,0,0,0,0,0,0,0,0,0,0,0,0,0,0,0,0,0,1,0,0,0,0,0,0,0,0,0,3,0,0,0,0,0,0,0,106,0,0,0,0,0,0,0,0,0,0,0,0,0,0,0,0,0,0,0,38,0,147,0,38,0,0,0,0,0,0,0,0,0,0,0,2,0,0,0,0,0,0,0,35,0,15,0,0,0,3,0,10,0,0,0,136,0,5,0,0,0,0,0,0,5,64,0,0,0,0,0,0,0,0,0,0,0,0,0,0,0,0,0,0,0,0,0,0,0,0,0,0,18,0,0,0,58,44,137,0,0,0,0
4,0,25,0,0,0,0,0,0,0,0,0,9,5,3,0,27,0,7,0,10,0,11,0,0,0,131,33,0,0,0,0,0,0,5,0,27,0,0,0,20,49,73,0,0,0,162,40,218,2,56,0,6,0,0,0,0,0,0,0,0,0,13,0,0,0,0,0,0,0,0,0,0,0,0,0,1,0,0,0,31,0,0,0,27,0,0,0,0,0,0,0,0,0,0,0,69,0,0,0,0,0,0,0,0,0,0,0,0,0,0,0,0,0,0,0,0,0,0,0,0,0,0,0,0,0,0,0,0,0,0,0,0,0,0,0,0,0,0,0,0,0,26,0,30,0,0,0,0,0,10,0,0,0,0,0,0,0,0,0,0,0,9,0,159,0,11,0,44,0,19,0,16,0,0,0,0,11,1,0,0,0,0,0,2,0,27,0,0,0,0,0,0,0,0,0,1,0,0,0,0,0,0,0,0,0,0,0,0,0,22,48,144,14,3,0,0,58,0,1,0,0,0,0,0
0,8,0,11,0,0,0,3,0,0,0,0,10,45,0,0,0,0,0,37,0,73,0,7,1,10,0,99,0,0,0,0,0,2,0,19,0,7,0,3,87,29,5,46,0,0,75,112,24,389,0,46,0,6,0,12,0,0,0,0,0,0,0,28,0,0,0,0,0,12,0,0,0,0,0,16,0,27,0,3,0,132,0,62,0,98,0,77,0,3,0,1,0,0,0,36,0,0,0,56,0,39,0,0,0,0,0,0,0,0,0,0,0,0,0,0,0,0,0,0,0,85,0,0,0,0,0,0,0,0,0,0,1,0,0,0,0,0,0,0,0,16,0,94,0,25,0,0,0,0,0,0,0,0,0,0,0,0,0,0,0,0,0,0,0,183,0,43,0,162,0,16,0,30,0,0,0,76,0,0,0,0,0,0,0,0,35,18,0,0,0,0,0,0,0,0,0,0,0,0,0,0,0,0,0,0,0,0,0,0,0,3,0,0,26,0,0,0,95,104,227,27,0,0,94
34,0,21,0,62,0,0,0,0,0,54,0,204,0,2,0,7,0,62,0,7,0,0,0,0,0,52,84,0,0,0,0,0,0,0,0,0,0,0,0,93,105,35,0,162,75,0,149,234,5,7,0,1,0,0,0,0,0,0,0,0,0,0,0,0,0,0,0,0,0,0,0,0,0,0,0,0,0,0,0,0,0,0,0,0,0,0,0,0,0,0,0,0,0,0,0,0,0,0,0,0,0,0,0,0,0,0,0,0,0,0,0,0,0,0,0,0,0,0,0,0,0,0,0,0,0,4,0,0,0,0,0,0,0,0,0,11,0,0,0,0,0,0,0,0,0,0,0,0,0,0,0,0,0,0,0,0,0,0,0,0,0,0,0,14,0,0,0,0,0,3,0,0,0,0,0,4,53,13,0,0,0,0,0,4,0,141,0,0,0,0,0,0,0,0,0,0,0,0,0,0,0,0,0,0,0,0,0,0,0,0,196,40,0,0,0,0,85,0,3,0,0,0,0,0
0,29,0,0,0,44,0,0,0,0,0,73,0,79,4,9,0,0,0,68,13,20,0,4,0,0,64,66,0,0,0,0,0,0,0,0,0,0,0,0,186,298,19,30,40,112,149,0,30,147,6,0,0,0,0,0,0,0,0,0,0,0,0,0,0,0,0,0,0,0,0,0,0,0,0,0,0,0,0,0,0,0,0,0,0,0,0,0,0,1,0,0,0,0,0,0,0,2,0,9,0,0,0,0,0,0,0,0,0,0,0,0,0,0,0,0,0,0,0,0,0,0,0,0,0,0,0,0,0,0,0,0,0,0,0,0,0,0,0,0,0,0,0,0,0,0,0,2,0,0,0,0,0,26,0,0,0,0,0,0,0,0,0,1,0,0,0,0,0,0,0,1,0,0,0,0,0,251,0,5,0,12,0,4,0,0,78,0,0,0,0,0,0,0,0,0,0,0,0,0,0,0,0,0,0,0,0,0,0,0,0,1,0,0,0,0,0,0,1,71,0,0,0,0,20
8,0,10,0,11,0,41,0,44,0,6,0,7,0,0,0,6,0,0,0,0,0,1,0,8,0,35,0,0,0,0,0,0,0,4,0,2,0,0,0,41,0,8,0,218,24,234,30,0,10,10,0,7,0,39,0,123,0,71,0,7,0,0,0,4,0,0,0,0,0,8,0,0,0,0,0,0,0,0,0,5,0,12,0,24,0,6,1,4,0,0,0,7,0,3,0,13,0,16,1,0,0,24,0,49,0,41,0,0,0,0,0,0,0,0,0,0,0,0,0,5,0,0,0,0,2,0,0,0,0,13,0,6,0,10,0,0,1,0,0,3,0,19,0,4,0,0,0,8,0,14,0,0,0,3,1,0,0,0,0,43,0,2,0,5,0,5,0,41,0,24,0,14,0,3,0,19,42,3,0,0,2,1,0,1,0,87,0,42,0,15,0,17,0,29,0,0,0,24,0,59,0,41,0,48,0,9,0,0,0,126,50,116,17,117,13,0,6,0,4,6,0,0,0,0
0,4,0,0,0,0,0,0,0,0,0,9,0,4,0,0,0,5,0,0,0,2,0,0,0,5,0,44,0,0,0,0,0,0,0,0,0,0,0,0,2,53,0,10,2,389,5,147,10,0,0,0,0,0,0,10,0,14,0,10,0,0,0,0,0,0,0,0,0,2,0,0,0,1,0,0,0,3,0,0,0,0,0,16,0,0,0,9,0,1,0,0,0,4,0,14,0,0,0,9,0,0,0,2,0,4,0,0,0,0,0,0,0,2,0,0,0,0,0,0,0,0,0,0,0,5,0,0,0,0,0,0,0,0,0,7,0,0,0,0,0,0,0,0,0,0,2,0,0,9,0,0,0,0,0,0,0,0,0,1,0,11,0,0,0,3,0,4,0,11,0,4,0,4,0,3,0,99,0,0,0,7,0,3,0,15,5,11,0,6,0,0,0,0,0,3,0,0,0,0,0,1,0,0,0,7,0,0,0,0,0,1,0,0,37,0,0,3,23,20,41,6,0,0,1
0,0,0,0,46,4,0,0,0,0,12,0,114,40,10,1,15,0,175,23,38,0,0,0,0,0,112,93,0,0,0,0,7,0,48,0,17,0,1,0,2,20,17,7,56,0,7,6,10,0,0,10,3,0,0,0,0,0,0,0,0,0,0,0,0,0,0,0,0,0,7,0,0,0,4,0,3,0,0,0,13,0,0,0,21,0,0,0,0,0,0,0,0,0,11,0,35,0,0,0,0,0,0,0,0,0,0,0,0,0,0,0,0,0,0,0,0,0,0,0,14,0,0,0,0,0,0,0,0,0,0,0,0,0,0,0,0,0,0,0,0,0,0,0,12,0,0,0,4,0,7,0,0,0,0,0,0,0,0,0,0,0,0,0,29,0,13,0,130,0,15,0,36,0,0,0,12,0,15,0,0,0,0,0,0,0,22,0,0,0,0,0,2,0,0,0,0,0,0,0,0,0,0,0,0,0,0,0,0,0,16,61,100,7,0,0,0,0,0,0,0,0,0,0,0
0,3,0,0,0,0,0,0,0,0,0,22,36,172,0,2,0,0,23,118,20,124,0,4,0,3,23,271,0,27,0,9,0,11,0,50,0,33,0,8,5,17,0,82,0,46,0,0,0,0,10,0,0,0,0,0,0,0,0,0,0,8,0,4,0,0,0,0,0,0,0,0,0,0,0,25,0,11,0,0,0,136,0,27,0,0,0,54,0,0,0,0,0,0,0,15,0,5,0,0,0,0,0,0,0,4,0,0,0,0,0,0,0,0,0,0,0,0,0,0,0,122,0,0,0,0,0,0,0,0,0,0,0,0,0,0,0,0,0,72,0,0,0,251,0,65,0,0,0,0,0,0,0,0,0,2,0,7,0,2,0,0,0,5,0,11,0,23,0,128,0,13,0,29,0,0,3,107,2,0,0,0,0,0,0,0,10,99,0,0,0,0,0,0,0,24,0,0,0,0,0,0,0,0,0,0,0,0,0,0,0,0,0,0,11,0,0,0,27,35,60,24,0,0,0
14,3,5,0,5,0,64,15,334,68,0,0,2,0,7,0,115,0,9,0,22,0,0,0,62,4,23,0,2,0,3,0,0,0,0,0,3,0,2,0,0,0,0,0,6,0,1,0,7,0,3,0,0,5,164,36,66,0,63,7,82,1,131,8,0,0,18,30,1,0,1,0,0,0,8,0,0,0,0,0,17,0,0,0,76,0,0,0,1,0,0,0,0,0,0,0,52,0,29,0,6,0,0,0,0,0,0,0,0,0,0,0,0,0,0,0,0,0,0,0,18,0,33,0,5,0,0,0,58,0,0,0,0,0,15,0,145,0,244,0,40,0,185,0,12,0,0,0,0,0,5,0,0,0,276,0,161,1,132,0,15,0,4,0,0,0,0,0,5,0,114,1,4,0,0,0,19,3,0,0,0,0,50,0,13,0,0,0,0,0,0,0,0,0,0,0,0,0,0,0,13,0,0,0,0,0,0,0,0,0,120,14,50,126,136,6,27,0,0,0,0,0,0,0,0
0,14,0,0,0,0,8,36,46,181,0,0,0,0,0,5,0,33,0,12,0,16,0,10,1,13,0,12,0,27,0,0,0,0,0,3,0,0,0,0,0,0,0,0,0,6,0,0,0,0,0,0,5,0,24,129,16,100,36,79,0,57,0,29,0,0,47,22,0,0,0,0,0,0,0,0,0,0,0,0,0,14,0,0,0,53,0,0,0,0,0,0,0,0,0,0,0,0,0,4,0,0,0,0,0,0,0,0,0,0,0,0,0,0,0,0,0,0,0,0,0,0,0,0,0,0,0,0,0,14,0,2,0,20,0,0,0,134,0,149,0,21,0,103,0,9,0,0,0,0,0,0,0,0,1,106,0,109,0,75,0,4,0,0,0,0,0,2,0,0,0,14,0,8,0,0,0,27,0,2,0,0,0,61,3,36,0,0,0,0,0,0,0,0,0,0,0,0,0,0,0,0,0,0,0,0,0,0,0,0,0,0,2,0,25,0,0,0,12,4,17,43,0,0,0
0,35,19,2,0,0,147,72,181,320,0,0,0,0,0,0,14,0,40,0,0,0,60,0,153,63,0,0,0,0,0,0,0,0,0,0,0,0,0,0,0,0,0,0,0,0,0,0,39,0,0,0,164,24,0,157,57,3,81,7,50,0,51,23,0,4,6,49,1,0,0,0,0,0,0,0,1,0,0,0,0,0,0,0,16,0,0,0,0,0,0,0,0,0,0,0,0,0,0,0,0,0,0,0,0,0,0,0,0,0,0,0,0,0,0,0,0,0,0,0,2,0,0,0,12,0,16,0,47,0,9,0,45,0,25,0,89,0,18,0,14,0,78,0,0,0,0,0,0,0,24,0,0,0,40,0,34,4,14,0,45,13,0,1,0,0,2,0,15,0,270,2,41,0,0,0,12,6,0,0,0,0,7,12,1,0,0,0,0,0,0,0,0,0,0,0,0,0,0,0,0,0,0,0,0,0,0,0,23,0,191,34,140,319,361,25,92,0,0,0,0,0,0,0,0
0,20,0,183,0,0,51,249,286,147,0,0,0,0,0,30,0,86,0,45,0,52,0,41,0,234,0,0,0,58,0,0,0,0,0,0,0,0,0,0,0,0,0,0,0,12,0,0,0,10,0,0,36,129,157,0,34,89,90,30,0,71,5,155,0,6,100,23,0,0,0,0,0,0,0,0,0,0,0,0,1,0,0,0,0,38,0,0,0,0,0,0,0,0,0,0,0,0,0,0,0,0,0,0,0,0,0,0,0,0,0,0,0,0,0,0,0,0,0,0,0,0,0,1,0,13,0,4,0,66,0,86,2,34,0,52,0,209,0,83,0,12,0,50,0,0,0,0,0,8,3,7,0,0,0,28,0,59,0,18,0,3,0,0,0,16,0,0,0,9,0,120,0,36,0,0,9,36,0,0,0,0,4,99,18,32,0,1,0,0,0,0,0,0,0,0,0,0,0,2,0,0,0,0,0,0,0,0,0,17,0,0,0,0,431,0,0,0,175,50,188,418,0,29,0
4,0,0,0,0,0,24,0,38,53,0,0,0,0,0,0,5,0,0,0,0,0,0,0,17,0,0,0,0,0,0,0,0,0,0,0,0,0,0,0,0,0,0,0,0,0,0,0,123,0,0,0,66,16,57,34,0,14,128,80,14,0,14,0,5,48,37,156,0,0,0,0,0,0,0,0,0,0,0,0,0,0,0,0,0,0,0,0,0,0,0,0,0,0,0,0,0,0,0,0,0,0,0,0,0,0,0,0,0,0,0,0,0,0,0,0,0,0,0,0,0,0,0,0,11,0,22,0,111,0,20,0,54,0,16,0,54,0,6,0,2,0,0,0,8,0,5,0,0,0,18,0,0,0,141,39,121,3,61,47,183,27,56,0,2,0,0,0,104,0,472,0,9,0,20,6,6,0,0,0,0,0,0,0,60,12,0,0,0,0,0,0,0,0,0,0,0,0,7,0,0,0,0,0,0,0,0,0,14,0,555,127,617,671,959,96,175,4,0,0,0,0,0,0,0
0,0,0,22,0,0,0,14,10,43,0,0,0,0,0,0,0,19,0,0,0,0,0,0,0,67,0,0,0,24,0,0,0,0,0,0,0,4,0,0,0,0,0,0,0,0,0,0,0,14,0,0,0,100,3,89,14,0,38,278,0,0,0,0,10,3,61,67,0,0,0,0,0,0,0,0,0,0,0,0,0,10,0,0,0,0,0,0,0,0,0,0,0,0,0,0,0,0,0,0,0,0,0,0,0,0,0,0,0,0,0,0,0,0,0,0,0,0,0,0,0,0,0,0,0,16,0,9,0,165,0,123,0,31,0,38,0,188,0,76,0,6,0,25,0,0,0,2,0,7,0,5,0,0,11,153,3,112,0,105,0,50,0,0,0,30,0,0,0,38,0,393,0,19,0,0,0,0,0,0,0,0,0,0,5,40,0,0,0,0,0,0,0,0,0,0,0,0,0,0,0,0,0,0,0,0,0,0,0,8,0,0,1,0,838,0,0,0,435,150,398,660,51,22,0
1,0,0,0,0,0,7,0,19,65,0,0,0,0,0,0,0,0,0,0,0,0,8,0,12,0,0,0,0,0,0,0,0,0,0,0,0,0,0,0,0,0,0,0,0,0,0,0,71,0,0,0,63,36,81,90,128,38,0,127,28,0,0,2,56,11,71,310,2,0,0,0,0,0,0,0,2,0,0,0,0,0,0,0,0,0,0,0,0,0,0,0,0,0,0,0,0,0,0,0,0,0,0,0,0,0,0,0,0,0,0,0,0,0,0,0,1,0,0,0,0,0,0,0,9,0,0,0,3,0,26,0,5,0,0,0,0,0,0,0,0,0,0,0,0,0,0,0,5,0,0,0,0,0,52,12,176,4,5,13,26,0,11,0,2,0,6,0,36,0,279,0,0,0,1,9,36,0,0,0,0,0,0,0,135,15,0,0,0,0,0,0,0,0,0,0,0,0,0,0,0,0,0,0,0,0,1,0,0,0,579,252,364,462,829,73,113,11,3,0,0,0,0,0,0
0,2,1,8,0,0,1,13,20,36,0,0,0,0,0,0,0,0,0,0,0,0,0,0,0,4,0,0,0,0,0,0,0,0,0,0,0,1,0,0,0,0,0,0,0,0,0,0,0,10,0,0,7,79,7,30,80,278,127,0,0,0,0,8,5,81,187,181,0,3,0,0,0,0,0,0,0,0,0,0,0,0,0,0,0,0,0,0,0,0,0,0,0,2,0,0,0,0,0,0,0,0,0,0,0,0,0,0,0,0,0,0,0,0,0,0,0,0,0,0,0,0,0,0,0,21,0,10,0,18,0,52,0,12,0,38,0,35,4,2,0,0,0,0,0,16,0,0,0,8,0,2,0,0,68,79,10,333,18,30,10,38,0,0,0,21,0,6,0,42,0,221,0,9,0,8,0,1,0,0,0,0,0,0,39,46,0,0,0,0,0,0,0,0,0,0,0,0,0,0,0,0,0,0,0,0,0,0,0,6,2,0,2,0,1216,0,0,0,883,241,368,645,76,19,0
76,0,92,0,0,0,319,0,299,0,0,0,0,0,5,0,97,0,0,0,15,0,7,0,91,0,0,0,0,0,6,0,11,0,0,0,12,0,6,0,0,0,0,0,0,0,0,0,7,0,0,0,82,0,50,0,14,0,28,0,0,0,81,0,0,0,13,0,0,0,4,0,0,0,0,0,0,0,0,0,0,0,0,0,0,0,0,0,0,0,0,0,0,0,0,0,0,0,0,0,0,0,0,0,0,0,0,0,0,0,0,0,0,0,0,0,0,0,0,0,0,0,0,0,0,0,0,0,0,0,0,0,0,0,0,0,0,0,293,0,56,0,0,0,223,0,0,0,0,0,0,0,0,0,39,0,97,0,8,0,0,0,4,0,0,0,0,0,1,0,67,0,43,0,0,0,48,0,0,0,0,0,30,0,2,1,0,0,0,0,0,0,0,0,0,0,0,0,0,0,0,0,0,0,0,0,0,0,0,0,42,0,40,72,40,6,21,1,0,0,0,0,0,0,0
0,302,0,69,0,0,0,335,0,315,0,6,0,0,0,0,0,50,0,8,0,10,0,0,0,236,0,0,0,15,0,1,0,4,0,1,0,30,0,0,0,0,0,2,0,0,0,0,0,0,0,8,1,57,0,71,0,0,0,0,0,0,4,65,0,0,0,7,0,0,0,0,0,0,0,5,0,0,0,0,0,0,0,0,0,0,0,0,0,0,0,0,0,0,0,0,0,0,0,0,0,0,0,0,0,0,0,0,0,0,0,0,0,0,0,0,0,0,0,0,0,0,0,0,0,0,0,0,0,0,0,0,0,3,0,0,0,0,0,108,0,65,0,63,0,89,0,0,0,0,0,0,0,0,0,49,0,40,0,80,0,2,0,0,0,0,0,0,0,0,0,6,0,90,0,0,0,89,0,9,0,0,0,162,0,1,0,0,0,0,0,0,0,0,0,0,0,0,0,0,0,0,0,0,0,0,0,0,0,0,0,0,0,0,4,0,0,0,9,71,21,11,0,0,0
54,16,79,0,0,0,375,0,400,8,0,0,0,0,10,0,566,1,0,0,130,0,15,0,286,22,59,0,40,0,51,0,10,0,25,0,33,0,36,0,0,0,0,0,13,0,0,0,0,0,0,0,131,0,51,5,14,0,0,0,81,4,0,2,0,0,0,0,0,0,29,0,0,0,70,0,0,0,0,0,149,0,0,0,175,0,64,0,0,0,0,0,0,0,0,0,0,0,0,0,0,0,0,0,0,0,0,0,0,0,0,0,0,0,0,0,0,0,0,0,149,0,43,0,0,0,0,0,6,0,0,0,0,0,3,0,39,0,223,0,165,0,134,0,49,0,0,0,0,0,0,0,0,0,97,0,36,0,62,0,4,0,0,0,0,0,0,0,0,0,31,0,37,0,0,0,41,0,0,0,0,0,102,0,0,0,0,0,0,0,0,0,0,0,0,0,0,0,0,0,0,0,0,0,0,0,0,0,0,0,42,2,15,24,28,0,4,0,0,0,0,0,0,0,0
17,136,0,17,0,0,48,362,33,232,0,0,0,0,0,10,3,382,0,17,0,122,0,66,39,278,0,37,0,112,0,4,0,9,0,5,0,26,0,17,0,0,0,0,0,28,0,0,0,0,0,4,8,29,23,155,0,0,2,8,0,65,2,0,0,0,4,3,0,0,0,0,0,0,0,0,0,0,0,0,0,0,0,0,0,9,0,0,0,0,0,0,0,0,0,0,1,0,0,0,0,5,0,0,0,0,0,0,0,0,0,0,0,0,0,0,0,0,0,0,0,0,0,0,0,0,0,0,0,0,0,0,1,7,0,0,0,22,0,87,0,0,0,26,0,15,0,0,0,0,0,0,0,0,0,69,0,36,0,47,0,0,0,0,0,0,0,0,1,0,0,0,0,2,0,0,0,67,0,2,1,0,2,208,0,12,0,0,0,0,0,0,0,0,0,0,0,0,0,0,0,2,0,0,0,0,0,0,0,0,0,0,0,0,0,0,0,0,0,9,6,2,0,0,0
6,0,5,0,0,0,33,0,11,0,0,0,0,0,1,0,0,0,1,0,0,0,1,0,0,0,0,0,0,0,0,0,0,0,0,0,0,0,0,0,0,0,0,0,0,0,0,0,4,0,0,0,0,0,0,0,5,10,56,5,0,0,0,0,0,49,124,0,0,0,0,0,4,0,0,1,0,0,0,0,0,0,0,0,0,0,0,0,0,0,0,0,0,0,0,0,0,0,0,0,0,0,0,0,0,0,0,0,0,0,0,0,0,0,0,0,0,0,0,0,0,0,0,0,14,0,6,0,0,0,18,0,0,0,2,0,0,0,8,8,0,2,0,0,22,32,8,0,21,0,39,0,2,0,2,16,9,0,4,44,294,94,11,0,0,0,0,0,1,0,0,0,0,0,13,5,5,0,0,0,61,9,2,0,266,0,0,0,0,0,0,0,0,0,0,0,0,0,0,0,2,0,0,0,0,0,1,0,11,0,20,0,0,0,28,0,0,0,1,1,0,0,0,0,0
0,18,0,0,0,0,1,5,0,168,0,0,0,0,0,8,0,0,0,0,0,0,0,0,0,0,0,0,0,0,0,0,0,1,0,1,0,1,0,1,0,0,0,0,0,0,0,0,0,0,0,0,0,0,4,6,48,3,11,81,0,0,0,0,49,0,15,217,0,0,20,18,0,0,11,0,0,0,0,0,5,7,0,0,0,1,7,0,0,0,0,0,0,0,0,0,0,0,0,0,0,0,0,0,0,0,0,0,0,0,0,0,0,0,0,0,0,0,0,0,0,0,0,0,0,29,0,14,49,0,100,57,0,0,0,14,0,7,76,8,2,0,0,1,40,28,3,11,84,185,0,52,4,7,27,0,7,8,42,12,214,277,16,17,0,0,0,4,0,0,0,10,0,0,0,69,0,0,0,1,62,130,0,2,42,177,0,0,0,0,0,0,0,0,0,0,0,0,0,0,2,0,0,0,0,1,0,0,0,29,11,0,16,0,63,0,0,0,79,13,67,0,0,0,0
6,0,2,0,4,0,64,0,67,117,0,0,0,0,0,0,0,0,0,0,0,0,0,0,0,2,0,0,0,0,0,0,0,0,0,0,0,0,0,0,0,0,3,0,0,0,0,0,0,0,0,0,18,47,6,100,37,61,71,187,13,0,0,4,124,15,0,272,0,0,0,0,0,0,0,0,2,0,0,0,0,0,0,0,0,1,0,0,0,0,0,0,0,0,0,0,0,0,0,0,0,0,0,0,0,0,0,0,0,0,0,0,0,0,0,0,1,0,0,0,0,0,0,0,0,0,0,0,0,0,46,0,0,0,0,0,0,0,0,0,0,0,0,0,0,0,4,0,19,0,0,0,0,0,22,8,77,0,0,13,96,0,0,0,0,0,0,0,9,0,78,0,0,0,3,9,135,1,0,0,0,0,0,0,670,20,0,0,0,0,0,0,0,0,0,0,0,0,0,0,0,0,0,0,0,0,0,0,0,0,196,123,125,0,205,0,37,0,0,0,0,0,0,0,0
0,6,0,0,0,0,0,2,68,116,0,0,0,0,0,0,0,0,0,0,0,0,0,0,0,0,0,0,0,0,0,0,0,0,0,0,0,0,0,0,0,0,0,0,0,0,0,0,0,0,0,0,30,22,49,23,156,67,310,181,0,7,0,3,0,217,272,0,0,0,0,1,0,0,0,0,0,0,0,0,0,0,0,0,0,0,0,0,0,0,0,0,0,0,0,0,0,0,0,0,0,0,0,0,0,0,0,0,0,0,0,0,0,0,0,0,0,0,0,0,0,0,0,0,0,19,0,4,0,0,0,8,0,0,0,0,0,2,0,0,1,0,0,0,0,13,0,3,0,20,0,0,0,0,94,37,19,97,22,12,21,20,0,0,0,3,0,0,0,6,0,55,0,0,0,85,24,55,0,0,0,0,0,4,67,520,0,0,0,0,0,0,0,0,0,0,0,0,0,0,0,0,0,0,0,0,0,0,0,4,0,0,0,0,281,0,0,0,315,164,88,0,0,0,0
0,0,0,0,0,0,0,0,2,0,0,0,0,0,0,0,0,0,0,0,0,0,0,0,0,0,0,0,0,0,0,0,0,0,0,0,0,0,0,0,0,0,0,0,0,0,0,0,0,0,0,0,1,0,1,0,0,0,2,0,0,0,0,0,0,0,0,0,0,0,0,0,34,0,1,0,103,0,36,0,2,0,21,0,0,0,11,0,7,0,0,0,14,0,34,0,0,0,0,0,16,0,160,0,0,0,0,0,27,0,0,0,1,0,2,0,15,0,0,0,0,0,0,0,0,0,0,0,0,0,0,0,0,0,0,0,0,0,0,0,0,0,0,0,0,0,0,0,0,0,0,0,0,0,0,0,0,0,0,0,0,0,3,0,4,0,0,0,105,0,1,0,0,0,0,0,0,0,0,0,0,0,0,0,0,0,0,0,0,0,0,0,0,0,24,0,0,0,0,0,0,0,0,0,0,0,0,0,0,0,48,0,125,2,9,33,167,0,0,0,0,0,0,0,0
0,0,0,0,0,0,0,0,0,4,0,0,0,0,0,0,0,0,0,0,0,0,0,0,0,0,0,0,0,0,0,0,0,0,0,0,0,0,0,0,0,0,0,0,0,12,0,0,0,2,0,0,0,0,0,0,0,0,0,3,0,0,0,0,0,0,0,0,0,0,0,0,0,5,0,0,0,44,0,0,0,24,0,34,0,0,0,26,0,12,0,0,0,6,0,25,0,0,0,3,0,0,0,202,0,29,0,11,0,1,0,0,0,0,0,0,0,2,0,0,0,0,0,0,0,0,0,0,0,0,0,0,0,0,0,18,0,12,0,0,0,0,0,0,0,0,0,5,0,0,0,0,0,5,0,0,0,0,0,1,0,0,0,1,0,10,0,0,0,22,0,2,0,0,0,0,0,0,0,0,0,0,0,0,0,0,0,0,0,23,0,0,0,0,0,34,0,2,0,0,0,0,0,9,0,18,0,0,0,0,0,0,0,0,0,0,0,0,104,3,105,8,59,15,0
0,0,0,0,0,0,0,0,0,0,0,0,0,0,0,0,32,0,5,0,79,0,0,0,0,0,0,0,22,0,0,0,0,0,28,0,56,0,11,0,0,0,9,0,0,0,0,0,8,0,7,0,1,0,0,0,0,0,0,0,4,0,29,0,0,20,0,0,0,0,0,0,138,0,194,0,0,0,55,0,6,0,0,0,0,0,24,0,0,0,0,0,0,0,0,0,2,0,0,0,0,0,0,0,0,0,0,0,0,0,0,0,0,0,0,0,0,0,0,0,17,0,25,1,0,0,10,0,3,0,35,16,0,0,15,0,13,0,27,0,87,0,45,0,47,0,0,0,137,11,0,0,18,0,0,0,16,0,0,0,0,14,84,0,1,0,11,0,26,0,42,0,29,0,33,0,2,0,0,0,57,10,0,0,58,1,0,0,0,0,0,0,0,0,0,0,0,0,13,0,9,0,0,0,0,0,0,0,13,0,19,12,53,0,19,0,0,0,0,0,0,0,0,0,0
0,0,0,0,0,0,0,0,0,0,0,0,0,0,0,0,0,0,0,0,0,0,0,0,0,0,0,3,0,0,0,0,0,0,0,0,0,0,0,0,0,0,0,0,0,0,0,0,0,0,0,0,0,0,0,0,0,0,0,0,0,0,0,0,0,18,0,1,0,0,0,0,0,46,0,247,0,30,0,38,0,0,0,0,0,0,0,26,0,0,0,0,0,0,0,0,0,0,0,0,0,0,0,0,0,0,0,0,0,0,0,0,0,0,0,0,0,0,0,0,0,3,0,0,0,0,0,31,0,18,22,28,0,49,0,0,0,0,4,0,3,22,0,2,0,103,0,0,14,38,0,0,0,18,0,0,0,0,0,0,0,2,0,66,0,0,0,0,0,12,0,12,0,0,0,14,0,0,0,0,6,42,0,0,0,47,0,0,0,0,0,0,0,0,0,0,0,0,0,0,0,0,0,0,0,0,0,3,0,0,0,0,0,0,8,0,0,0,45,1,10,0,3,0,0
0,0,0,0,0,0,0,0,0,0,0,0,0,0,0,0,0,0,0,0,0,0,0,0,0,0,0,0,0,0,0,0,0,0,0,0,9,0,0,0,0,0,0,0,0,0,0,0,0,0,0,0,0,0,0,0,0,0,0,0,0,0,0,0,4,0,0,0,34,0,138,0,0,0,181,0,60,0,85,0,0,0,45,0,0,0,6,0,0,0,0,0,17,0,1,0,0,0,0,1,0,0,0,0,10,0,0,0,0,0,0,0,0,0,0,0,0,0,0,0,58,0,52,0,18,0,20,0,0,0,28,0,22,0,38,0,17,0,17,2,67,0,83,0,38,3,18,0,38,0,69,0,20,0,0,0,7,0,0,7,9,15,116,4,1,0,3,0,13,0,15,0,0,0,8,0,0,0,0,0,48,3,0,0,33,0,0,0,13,0,0,0,0,0,0,0,0,0,39,0,44,0,24,0,0,0,0,0,39,0,183,5,22,5,24,2,0,0,0,0,0,0,0,0,0
0,0,0,0,0,0,0,0,0,0,0,0,0,0,0,0,0,0,0,0,0,0,0,0,0,0,0,0,0,0,0,0,0,0,0,0,0,0,0,0,0,0,0,0,0,0,0,0,0,1,0,0,0,0,0,0,0,0,0,0,0,0,0,0,0,0,0,0,0,5,0,46,0,0,0,280,0,93,0,49,0,9,0,0,0,31,0,52,0,0,0,0,0,0,0,0,0,0,0,0,0,0,0,0,0,0,0,0,0,0,0,0,0,0,0,0,0,0,0,0,0,44,0,25,0,0,0,0,0,0,0,14,0,35,0,154,0,183,0,0,3,41,0,22,0,42,0,0,0,0,0,0,0,0,0,0,0,0,0,0,0,0,0,56,0,6,0,0,0,31,0,6,0,0,0,0,0,0,0,0,0,25,0,0,0,7,0,0,0,0,0,0,0,0,0,0,0,0,0,101,0,85,0,59,0,0,0,0,0,0,0,0,0,0,14,0,0,0,133,0,29,6,0,2,0
0,0,0,0,0,0,0,0,3,0,0,0,0,0,0,0,38,0,0,0,50,0,5,0,0,0,10,0,25,0,9,0,0,0,0,0,31,0,13,0,0,0,8,0,0,0,0,0,0,0,4,0,8,0,0,0,0,0,0,0,0,0,70,0,0,11,0,0,1,0,194,0,181,0,0,0,6,0,217,0,23,0,18,0,53,0,35,0,0,0,0,0,0,0,0,0,3,0,19,0,0,0,0,0,0,0,0,0,0,0,0,0,0,0,0,0,0,0,0,0,182,0,95,0,26,40,0,0,3,0,0,26,7,0,0,5,3,0,17,0,114,11,81,0,81,10,0,0,139,35,14,0,24,21,0,0,0,0,0,0,0,4,38,8,0,0,9,0,27,0,15,0,0,0,46,0,0,0,0,0,95,11,0,0,38,3,0,0,0,0,0,0,0,0,0,0,0,0,23,0,20,0,0,0,5,0,0,0,0,0,24,0,16,0,8,0,0,0,0,0,0,0,0,0,0
0,0,0,0,0,0,0,0,0,0,0,0,0,0,0,0,0,0,0,0,0,25,0,0,0,0,0,5,0,0,0,0,0,0,0,0,0,10,0,0,0,0,0,21,0,16,0,0,0,0,0,25,0,0,0,0,0,0,0,0,0,5,0,0,1,0,0,0,0,0,0,247,0,280,0,0,0,25,0,76,0,13,4,1,0,5,0,81,0,0,0,0,0,0,1,0,0,0,0,0,0,0,0,0,0,0,0,0,0,0,0,0,0,0,0,0,0,0,0,0,0,95,0,11,10,64,0,80,3,0,0,0,2,0,0,50,0,148,4,0,0,32,0,36,0,205,0,0,24,124,0,44,8,43,0,0,0,11,2,0,0,0,0,86,0,0,0,7,0,17,0,25,0,22,0,36,0,0,0,0,26,111,0,0,0,35,0,0,0,0,0,0,0,0,0,0,0,0,0,0,0,0,0,0,0,0,0,18,0,0,4,0,0,0,16,0,0,0,149,2,13,0,4,4,0
0,0,0,0,0,0,1,0,0,0,0,0,0,0,0,0,0,0,0,0,0,0,0,0,0,0,0,0,0,0,0,0,0,0,0,0,0,0,0,0,0,0,0,0,1,0,0,0,0,0,3,0,0,0,1,0,0,0,2,0,0,0,0,0,0,0,2,0,103,0,0,0,60,0,6,0,0,0,64,0,0,0,38,0,0,0,31,0,4,0,0,0,16,0,40,0,0,0,10,0,8,0,39,0,0,0,17,0,17,0,0,0,0,0,15,0,12,0,0,0,6,0,0,0,0,0,0,0,0,0,0,0,0,0,0,0,0,0,0,0,0,0,0,0,0,0,0,0,4,0,0,0,0,0,0,0,0,0,0,0,0,0,0,0,3,0,0,0,80,0,1,0,0,0,0,0,0,0,0,0,0,0,0,0,0,0,0,0,0,0,0,0,0,0,0,0,0,0,0,0,0,0,0,0,0,0,0,0,0,0,48,0,82,0,0,0,7,0,0,0,0,0,0,0,0
0,0,0,0,0,0,0,0,0,0,0,0,0,2,0,0,0,0,0,0,0,0,0,0,0,0,0,0,0,0,0,0,0,0,0,0,0,0,0,0,0,1,0,0,0,27,0,0,0,3,0,11,0,0,0,0,0,0,0,0,0,0,0,0,0,0,0,0,0,44,0,30,0,93,0,25,0,0,0,20,0,62,0,18,0,9,0,157,0,0,0,0,0,38,0,6,0,0,0,3,0,0,0,69,0,0,0,0,0,0,0,0,0,0,0,0,0,0,0,0,0,22,0,0,0,0,0,7,0,0,0,0,0,3,0,69,0,20,0,0,0,11,0,0,0,9,6,0,0,0,0,0,0,0,0,0,0,0,0,0,0,1,0,10,0,20,0,0,0,57,0,0,0,0,0,0,0,0,0,0,0,16,0,0,0,0,0,0,0,36,0,0,0,0,0,20,0,0,0,44,0,32,0,0,0,0,0,0,0,0,0,0,0,0,0,0,0,0,86,7,63,3,5,1,0
0,0,0,0,0,0,0,0,0,0,0,0,0,0,0,0,0,0,0,0,0,0,0,0,0,0,0,0,0,0,0,0,0,0,0,0,0,0,0,0,0,0,0,0,0,0,0,0,0,0,0,0,0,0,0,0,0,0,0,0,0,0,0,0,0,0,0,0,36,0,55,0,85,0,217,0,64,0,0,0,15,0,58,0,146,0,109,0,0,0,0,0,46,0,28,0,50,0,62,0,3,0,23,0,0,0,31,0,0,0,0,0,0,0,0,0,0,0,0,0,96,0,30,0,0,0,0,0,0,0,0,0,0,5,19,0,0,0,0,0,38,0,120,0,15,0,0,0,0,0,21,0,0,0,0,0,0,0,0,0,0,0,0,0,7,0,0,0,67,0,0,0,0,0,12,0,0,0,0,0,0,0,0,0,0,0,0,0,0,0,0,0,29,0,0,0,0,0,51,0,138,0,0,0,0,0,28,0,22,0,322,6,82,0,39,12,7,1,0,0,0,0,0,0,0
0,0,0,0,0,0,0,0,0,1,0,0,0,0,0,0,0,0,0,0,0,0,0,0,0,0,0,0,0,0,0,0,0,0,0,0,0,0,0,0,0,0,0,0,0,3,0,0,0,0,0,0,0,0,0,0,0,0,0,0,0,0,0,0,0,0,0,0,0,0,0,38,0,49,0,76,0,20,0,0,0,0,0,1,0,10,0,46,0,0,0,0,0,0,0,1,0,2,0,0,0,0,0,0,0,0,0,0,0,0,0,0,0,0,0,0,0,0,0,0,0,33,0,16,0,0,0,0,0,0,0,0,0,0,0,68,0,105,0,0,0,43,0,33,0,23,0,0,4,34,0,0,0,0,0,0,0,0,0,0,0,0,0,0,0,0,0,0,0,3,0,6,0,0,0,0,0,0,0,0,0,33,0,0,0,12,0,0,0,0,0,0,0,0,0,0,0,0,0,0,0,0,0,11,0,0,0,0,0,0,1,0,0,0,15,0,0,0,107,0,0,0,0,1,0
