0,439,109,280,44,16,29,105,52,50,51,19,50,0,14,58,67,88,7,0,17,0,52,86,4,137,32,0,34,0,5,0,73,0,0,0,39,6,211,0,26,0,0,0,0,0,8,0,5,0,5,0,0,0,0,0,1,0,0,0,64,0,28,9,21,0,0,0,0,0,0,0,0,0,1,0,0,0,0,0,0,0,0,0,0,0,0,0,0,0,0,0,0,0,0,0,0,0,0,0,0,0,0,0,0,0,0,0,0,0,0,0,0,0,0,0,0,0,0,0,0,0,0,0,4,0,10,0,0,0,6,0,0,0,10,0,1,0,0,0,0,0,0,3,0,0,25,0,36,0,65,0,45,0,0,0,0,0,0,0,3,0,0,0,0,0,7,0,6,0,4,0,97,0,8,0,56,50,0,0,49,0,24,8,19,1,0,0,0,0,0,0,0,0,0,0,0,0,4,0,3,0,0,0,0,0,0,0,15,0,0,0,0,0,50,2,5,0,0,0,251,9,10,0,7,0,217,17,253,0,105,0,160,5,16,0,18,1,76,0,57,0,108,0,214,0,0,0,0
439,0,244,56,67,185,103,48,113,93,26,91,0,118,27,15,153,45,0,37,9,9,371,33,120,12,0,27,0,28,0,9,5,122,0,9,3,218,25,187,0,80,0,4,0,0,0,31,0,7,0,4,0,6,0,8,0,0,0,0,0,153,0,45,0,29,0,5,0,0,0,5,0,0,0,0,0,0,0,0,0,0,0,0,0,0,0,0,0,0,0,1,0,0,0,0,0,0,0,1,0,0,0,3,0,15,0,18,0,0,0,0,0,0,0,0,0,0,0,0,0,0,0,2,0,7,0,0,0,0,0,12,0,1,2,56,0,24,0,0,0,0,0,0,0,0,0,11,0,54,0,41,0,91,1,10,0,9,0,0,0,0,0,1,0,0,0,1,0,6,0,5,7,112,0,28,14,238,0,2,0,94,2,45,0,77,0,45,0,0,0,0,0,0,0,0,0,0,0,13,0,7,0,0,0,0,0,14,0,17,0,0,0,2,1,82,0,10,0,0,25,288,1,0,0,8,8,166,17,230,0,105,0,572,0,48,0,5,0,111,1,42,1,65,3,220,0,0,0
109,244,0,160,151,69,50,0,8,13,17,74,101,0,210,51,18,32,109,0,35,0,525,56,112,32,146,0,92,1,34,0,164,5,0,0,71,0,305,0,119,0,0,0,0,0,14,0,0,0,0,0,1,0,31,0,0,0,10,0,42,0,0,6,11,0,0,0,0,0,0,0,0,0,0,0,0,0,0,0,0,0,0,0,0,0,0,0,0,0,0,0,0,0,0,0,0,0,0,0,0,0,0,0,28,0,0,0,0,0,0,0,0,0,0,0,0,0,0,0,0,0,0,0,8,0,24,0,2,0,9,0,5,0,147,0,9,0,0,0,0,0,18,0,0,0,62,0,30,0,82,0,16,0,0,0,0,0,0,0,3,0,0,0,1,0,41,0,15,0,5,0,160,0,0,0,10,37,0,0,6,0,1,0,0,0,0,0,0,0,0,0,0,0,0,0,1,0,16,0,56,0,0,0,0,0,0,0,69,0,0,0,0,0,49,0,0,0,0,0,336,7,11,0,9,0,104,8,388,7,104,0,159,0,16,0,13,0,57,0,44,0,72,1,234,6,0,0,0
280,56,160,0,98,223,24,28,10,5,99,12,2,12,43,198,75,69,3,72,19,14,247,247,25,199,0,15,4,97,0,26,0,294,0,9,0,366,18,296,0,8,0,0,0,0,0,0,0,0,0,0,0,0,0,102,0,11,0,6,0,49,3,12,0,0,0,2,0,0,0,0,0,0,0,0,0,0,0,0,0,0,0,8,0,19,0,0,0,0,0,15,0,0,0,0,0,0,0,33,0,0,0,27,0,20,0,80,0,0,0,0,0,0,0,0,0,0,0,0,0,0,0,0,0,0,0,0,0,0,0,8,0,0,0,115,0,47,0,15,0,0,0,38,0,11,0,0,0,8,0,11,0,10,0,3,0,6,0,0,0,0,0,0,0,2,0,8,0,1,0,6,5,90,0,0,5,37,0,0,0,0,4,0,0,3,0,0,0,0,0,0,0,0,0,0,0,0,0,16,0,40,0,0,0,0,0,14,0,23,0,0,0,0,0,32,0,0,0,0,8,339,0,6,0,9,5,141,0,308,0,62,2,346,0,39,0,7,0,36,0,7,0,34,4,89,0,0,0
44,67,151,98,0,363,22,0,3,1,66,349,363,83,112,300,5,0,80,91,55,19,74,86,5,0,179,25,0,6,68,0,122,16,26,0,258,18,69,0,235,0,0,3,0,0,22,0,0,0,42,0,0,0,2,0,0,0,0,0,1,0,0,0,6,0,0,0,0,0,6,0,0,0,6,0,0,0,0,0,0,0,0,0,0,0,0,0,0,0,0,0,0,0,0,0,0,0,0,0,0,0,0,0,2,0,0,0,0,0,0,0,0,0,0,0,0,0,0,0,0,0,0,0,0,0,0,0,0,0,7,0,0,0,6,0,0,0,0,0,0,0,0,0,1,0,7,0,11,0,23,0,34,0,0,0,0,0,0,0,9,6,0,0,0,0,114,0,0,0,0,0,95,0,9,0,86,129,7,22,40,0,13,0,7,0,2,17,0,0,0,0,0,0,0,0,0,0,0,0,0,0,0,0,0,0,0,0,9,0,1,0,0,0,28,0,0,0,2,10,403,43,0,0,129,0,271,44,397,28,151,6,157,19,30,0,44,1,64,0,38,1,106,0,300,0,0,0,0
16,185,69,223,363,0,0,12,1,39,239,284,317,190,428,140,0,11,223,123,85,50,95,77,0,20,86,132,0,9,6,196,0,162,0,72,0,352,0,3,23,103,18,13,0,0,0,86,2,3,21,17,0,0,0,7,0,2,0,6,0,20,0,0,0,1,0,0,0,0,0,0,0,0,0,0,0,0,0,0,0,0,0,0,0,0,0,0,0,0,0,0,0,0,0,0,0,0,0,0,0,1,0,0,0,0,0,13,0,0,0,0,0,0,0,0,0,0,0,0,0,0,0,0,0,0,0,1,0,0,0,4,0,0,0,28,0,11,0,2,0,11,0,12,0,7,0,0,0,11,0,12,0,15,0,8,0,5,0,0,0,3,0,0,0,4,0,37,0,6,0,0,0,41,0,0,32,128,3,2,0,21,0,14,0,14,2,7,0,0,0,0,0,0,0,0,0,3,0,5,0,6,0,0,0,0,0,6,0,8,0,0,0,0,0,26,0,0,0,0,7,381,0,3,0,109,0,261,0,490,0,112,0,338,0,43,0,12,0,32,0,14,0,47,0,140,0,0,0
29,103,50,24,22,0,0,94,55,235,19,0,20,0,7,0,14,68,0,0,0,0,19,0,337,145,15,0,36,0,1,0,0,0,0,0,0,0,136,0,0,0,0,0,0,0,0,0,0,0,0,0,8,11,226,94,18,0,36,0,211,5,100,110,7,0,3,0,0,0,0,0,0,0,0,0,0,0,0,0,0,0,0,0,0,1,0,0,0,0,0,0,0,0,0,2,1,0,0,0,0,0,0,0,10,0,0,0,0,0,0,0,0,0,0,0,0,0,0,0,0,0,0,0,6,0,11,0,0,0,27,0,9,0,42,0,8,0,0,0,0,0,11,0,0,0,25,0,17,0,43,0,8,0,0,4,0,0,0,0,27,0,0,0,0,0,2,0,6,0,37,0,179,0,0,0,0,15,0,0,0,0,0,44,1,0,0,0,0,0,0,0,0,0,0,0,0,0,9,0,21,0,0,0,3,0,0,0,49,0,0,0,2,0,73,0,0,0,7,0,244,0,21,0,13,0,123,4,348,0,53,0,163,1,31,0,6,0,136,0,79,0,108,0,314,1,0,0,0
105,48,0,28,0,12,94,0,243,48,0,5,0,0,6,7,64,8,0,0,0,1,0,5,72,286,0,0,3,67,0,1,0,73,0,0,0,0,0,316,0,1,0,0,0,0,0,0,0,0,0,0,0,7,17,347,0,19,0,20,11,296,16,135,0,13,0,2,0,0,0,0,0,0,0,0,0,0,0,0,0,0,0,0,0,0,0,0,0,0,0,6,0,0,0,0,0,0,0,0,0,0,0,0,0,31,0,86,0,0,0,0,0,0,0,0,0,0,0,0,0,0,0,0,0,45,0,18,0,3,0,30,0,9,0,131,0,111,0,17,0,21,0,22,0,2,0,15,0,7,0,37,0,5,0,6,0,0,0,0,0,3,0,0,0,0,0,0,0,0,0,13,0,90,0,0,0,14,0,0,0,2,0,16,0,0,0,0,0,0,0,0,0,0,0,4,0,0,0,0,0,87,0,0,0,0,0,29,0,72,0,5,0,4,0,139,0,0,0,4,5,439,0,13,0,0,0,84,7,249,0,37,0,384,0,36,0,3,0,79,0,19,0,10,4,118,0,0,0
52,113,8,10,3,1,55,243,0,597,12,0,4,0,0,0,8,83,0,0,3,0,2,0,15,249,0,0,0,0,0,0,2,0,0,0,0,1,22,0,2,0,1,0,0,0,0,0,0,0,0,0,0,40,26,273,14,21,84,47,83,8,53,158,92,1,133,76,0,0,0,0,0,0,0,0,0,0,0,0,0,2,0,0,0,0,0,0,0,0,0,0,0,0,0,0,0,0,0,0,0,0,0,0,0,0,0,0,0,0,0,0,0,0,0,0,0,0,0,0,0,0,0,0,0,0,6,0,0,0,13,0,0,0,6,0,0,0,0,0,0,0,0,0,0,0,37,0,68,0,31,0,26,0,1,0,0,1,0,0,22,0,0,0,0,0,1,0,0,0,9,0,21,3,6,0,313,65,0,0,2,0,7,41,18,3,0,0,0,0,0,0,0,0,0,0,0,0,3,0,0,0,0,0,0,0,10,0,16,0,0,0,0,0,38,0,0,0,0,0,99,8,6,0,0,0,81,6,139,6,18,0,59,0,9,0,0,0,53,0,22,0,47,0,71,0,0,0,0
50,93,13,5,1,39,235,48,597,0,0,15,0,8,0,0,67,19,0,16,0,0,0,1,125,38,0,0,0,0,0,0,0,2,0,0,0,12,0,33,0,0,0,0,0,0,0,0,0,2,0,0,51,28,233,98,0,7,113,37,0,192,92,242,0,323,55,329,0,0,0,0,0,0,0,0,0,0,0,0,0,0,0,0,0,0,0,0,0,0,0,0,0,0,0,0,0,0,0,0,0,0,0,0,0,22,0,36,0,0,0,0,0,0,0,0,0,0,0,1,0,0,0,0,0,52,0,34,0,0,0,26,0,3,0,88,0,58,0,6,0,4,0,4,0,9,0,54,0,91,0,108,0,79,0,30,0,20,0,4,0,21,0,0,0,3,0,0,0,0,0,9,6,32,1,7,40,399,0,2,0,18,0,41,0,60,0,5,0,0,0,0,0,0,0,0,0,2,0,33,3,9,0,0,0,0,0,43,0,74,0,0,0,3,1,117,0,0,0,3,0,203,0,12,1,4,2,148,4,279,0,44,0,315,0,51,0,3,1,110,1,27,0,29,2,199,0,0,0
51,26,17,99,66,239,19,0,12,0,0,173,139,0,8,230,13,0,4,0,33,0,8,70,0,0,30,0,0,3,26,0,54,0,7,0,117,0,50,0,91,0,0,0,3,0,0,0,4,0,10,0,0,0,0,0,2,0,0,0,0,0,0,0,8,0,0,0,0,0,0,0,0,0,0,0,2,0,0,0,0,0,0,0,0,0,0,0,0,0,0,0,0,0,0,0,0,0,0,0,0,0,0,0,0,0,0,0,0,0,0,0,0,0,0,0,0,0,0,0,0,0,0,0,2,0,0,0,0,0,0,0,0,0,3,0,0,0,0,0,0,0,0,0,0,0,6,0,12,0,32,0,17,0,0,0,0,0,0,0,3,0,0,0,0,0,18,0,6,0,0,0,20,0,8,0,98,40,9,2,39,0,19,0,6,0,8,0,0,0,0,0,0,0,0,0,0,0,1,0,0,0,0,0,0,0,0,0,6,0,0,0,0,0,0,0,0,0,0,0,109,8,2,0,20,0,204,18,129,0,97,0,68,0,14,0,23,0,37,1,26,1,52,0,179,0,0,0,0
19,91,74,12,349,284,0,5,0,15,173,0,103,345,348,15,0,0,70,7,93,7,142,27,0,0,0,55,0,6,0,59,0,56,2,10,0,143,0,0,0,198,0,6,0,0,0,60,0,19,0,6,0,0,0,1,0,2,0,1,0,5,0,0,0,0,0,0,0,0,0,0,0,0,0,0,0,0,0,0,0,0,0,0,0,1,0,0,0,0,0,0,0,0,0,0,0,0,0,0,0,0,0,0,0,2,0,4,0,0,0,0,0,0,0,0,0,0,0,0,0,0,0,0,0,1,0,2,0,0,0,1,0,0,0,11,0,4,0,0,0,0,0,0,0,0,0,3,0,7,0,14,0,18,0,1,0,3,0,0,0,0,0,0,0,0,0,8,0,0,0,0,0,14,0,50,22,221,0,14,1,108,0,20,0,11,0,76,0,0,0,0,0,0,0,0,0,0,0,0,0,0,0,0,0,0,0,0,0,2,0,0,0,0,0,0,0,1,0,17,0,151,0,0,0,35,5,154,0,114,0,92,0,226,1,23,0,3,0,24,0,16,0,31,2,70,0,0,0
50,0,101,2,363,317,20,0,4,0,139,103,0,435,27,123,0,0,36,367,35,85,2,5,0,0,40,162,0,0,19,7,12,0,64,0,54,15,0,0,303,9,31,0,2,0,15,0,15,0,111,0,1,0,0,0,0,0,0,0,0,0,0,0,4,0,0,0,0,0,0,0,0,0,0,0,0,0,0,0,0,0,0,0,0,0,0,0,0,0,0,0,0,0,0,0,0,0,0,0,0,0,0,0,0,0,0,0,0,0,0,0,0,0,0,0,0,0,0,0,0,0,0,0,1,0,1,0,0,0,0,0,0,0,7,0,0,0,0,0,0,1,0,0,0,0,7,0,7,0,43,0,32,0,0,0,0,0,0,0,1,0,0,0,0,0,19,0,29,0,0,0,7,0,28,0,209,135,76,7,85,0,13,0,13,0,35,20,0,0,0,0,0,0,0,0,0,0,3,0,0,0,0,0,0,0,0,0,5,0,0,0,0,0,0,0,0,0,26,39,54,36,0,12,257,38,81,16,74,37,18,0,4,0,3,0,15,0,0,2,0,0,11,0,56,0,0,0,0
0,118,0,12,83,190,0,0,0,8,0,345,435,0,29,7,0,2,312,47,14,10,0,6,0,0,367,51,0,0,0,11,0,0,0,21,0,51,0,0,264,327,88,46,85,4,74,111,10,9,48,41,0,0,0,0,0,0,0,0,0,0,0,0,0,1,0,0,0,0,0,2,0,0,0,0,0,0,0,0,0,0,0,0,0,0,0,0,0,0,0,0,0,0,0,0,0,0,0,0,0,0,0,0,0,2,0,2,0,0,0,0,0,0,0,0,0,0,0,0,0,0,0,0,0,0,0,0,0,0,0,2,0,0,0,3,0,0,0,0,0,0,0,2,0,3,0,0,0,0,0,0,0,0,0,2,0,0,0,0,0,0,0,0,1,5,0,0,0,4,0,0,0,4,0,0,4,289,0,23,0,0,0,3,0,4,12,85,0,0,0,0,0,0,0,0,0,0,0,0,0,0,0,0,0,0,0,0,0,1,0,0,0,0,0,0,0,0,5,110,0,30,0,0,0,234,0,39,0,116,0,11,0,39,0,4,0,0,0,3,0,0,0,0,0,0,0,0,0
14,27,210,43,112,428,7,6,0,0,8,348,27,29,0,366,11,0,165,73,22,17,216,136,62,0,115,9,0,7,155,28,94,43,9,2,212,22,29,0,36,0,0,0,3,0,8,1,0,0,9,0,0,0,0,0,4,0,0,0,0,0,0,0,4,0,0,0,0,0,7,0,0,0,0,0,0,0,0,0,0,0,0,0,20,0,0,0,0,0,0,0,0,0,0,0,0,0,0,0,0,0,0,0,23,0,0,0,0,0,0,0,0,0,0,0,0,0,0,0,0,0,0,0,4,0,5,0,0,0,4,0,0,0,30,0,0,0,1,0,0,0,0,0,0,0,14,0,13,0,33,0,16,0,0,0,0,0,0,0,0,0,5,0,0,0,78,0,3,0,0,0,45,0,0,0,10,49,0,16,0,0,2,1,5,0,0,9,0,0,0,0,0,0,0,0,0,0,0,0,17,0,0,0,1,0,0,0,22,0,0,0,0,0,5,0,0,0,0,2,111,26,0,0,13,1,131,32,129,24,34,0,34,0,1,0,15,0,14,3,0,4,27,0,78,10,0,0,0
58,15,51,198,300,140,0,7,0,0,230,15,123,7,366,0,15,76,76,486,97,189,119,248,5,65,12,84,0,10,2,127,4,136,0,28,10,202,0,0,2,22,0,15,0,11,0,5,0,8,9,15,0,3,0,42,0,12,0,0,0,0,0,0,0,0,1,0,0,0,0,0,0,0,0,0,0,0,0,0,0,13,0,0,0,41,0,18,0,29,0,15,0,0,0,22,0,18,0,51,0,0,0,0,0,2,0,48,0,0,0,0,0,0,0,0,0,0,0,0,0,4,0,6,0,0,0,0,0,2,0,0,1,3,0,30,0,25,0,0,0,12,0,44,0,2,0,0,0,0,0,1,0,0,0,1,0,1,0,0,0,0,0,0,0,0,0,9,0,0,0,0,2,10,0,0,0,7,5,15,0,0,0,0,0,1,0,6,0,0,0,0,0,0,0,0,0,0,0,0,0,9,0,0,0,0,0,0,0,0,0,0,0,0,0,3,0,0,0,1,0,31,0,2,0,0,3,283,0,65,0,25,0,56,0,6,0,3,0,17,0,7,0,10,0,32,0,0,0
67,153,18,75,5,0,14,64,8,67,13,0,0,0,11,15,0,60,104,0,293,0,25,29,43,99,40,0,419,0,92,0,161,0,32,0,26,0,228,3,0,0,6,0,4,0,0,0,0,0,14,0,145,0,32,10,0,0,0,0,39,0,427,35,0,0,0,0,0,0,137,0,0,0,90,0,0,0,0,0,213,0,0,0,972,0,213,0,66,0,184,0,0,0,138,0,800,0,524,0,38,0,0,0,207,0,199,0,0,0,0,0,0,0,0,0,0,0,0,0,97,0,104,0,2,0,0,0,0,0,0,0,5,0,27,0,56,0,33,0,77,0,144,0,25,0,0,0,1,0,5,0,0,0,23,1,0,0,21,0,0,0,0,0,0,0,3,0,5,0,6,0,30,0,2,0,2,8,0,0,0,0,35,6,0,1,0,0,0,0,0,0,0,0,0,0,0,0,0,0,120,0,0,0,0,0,0,0,16,0,1,0,0,0,0,0,0,0,0,0,33,0,0,0,0,0,259,0,66,0,7,1,21,0,2,0,0,0,11,0,6,0,14,0,18,0,0,0,0
88,45,32,69,0,11,68,8,83,19,0,0,0,2,0,76,60,0,0,84,0,120,39,112,56,19,0,26,2,122,0,34,1,97,0,22,0,79,0,114,0,5,0,13,0,3,0,0,0,1,0,21,0,17,2,9,0,2,0,0,0,34,3,405,0,0,0,0,0,0,0,0,0,0,0,2,0,0,0,0,0,77,0,43,0,290,0,72,0,75,0,38,0,0,0,46,0,49,0,203,0,26,0,55,0,0,0,47,0,0,0,0,0,0,0,0,0,0,0,0,0,32,0,49,0,0,0,7,0,61,0,0,1,63,0,82,0,148,0,145,0,239,0,592,0,13,0,0,0,0,0,0,0,0,0,17,0,0,0,28,0,4,0,0,0,0,0,1,1,12,0,0,4,7,0,0,0,3,0,2,0,0,1,24,0,0,0,0,0,0,0,0,0,0,0,0,0,0,0,1,0,7,0,0,0,0,0,0,1,25,0,0,0,0,0,0,0,0,0,0,0,27,0,0,0,0,2,282,0,30,1,8,0,18,0,0,0,0,0,9,0,4,0,7,1,10,0,0,0
7,0,109,3,80,223,0,0,0,0,4,70,36,312,165,76,104,0,0,239,286,53,448,3,100,2,375,101,0,0,41,12,5,0,103,3,94,0,0,0,30,0,77,6,50,0,38,14,6,0,214,0,6,0,15,0,0,0,2,0,0,0,22,0,2,0,0,0,0,0,0,0,0,0,0,0,0,0,0,0,0,0,0,0,0,0,0,0,0,0,0,0,0,0,0,0,0,0,0,0,0,0,0,0,0,0,0,0,0,0,0,0,0,0,0,0,0,0,0,0,16,0,0,0,0,0,0,0,0,0,0,0,0,0,0,0,0,0,0,0,0,0,0,0,11,0,12,0,0,0,14,0,0,0,0,0,0,0,0,0,0,0,0,0,0,0,26,0,20,0,0,0,0,1,0,0,13,27,20,8,0,0,3,0,0,0,0,33,0,0,0,0,0,0,0,0,0,0,0,0,27,0,0,0,0,0,0,0,19,0,0,0,0,0,0,0,0,0,24,20,44,28,0,0,278,14,223,9,65,13,18,0,12,0,0,0,8,0,11,0,0,0,14,0,49,0,0,0,0
0,37,0,72,91,123,0,0,0,16,0,7,367,47,73,486,0,84,239,0,32,88,0,397,0,19,148,366,0,8,0,35,0,5,14,96,0,81,1,0,70,104,28,51,17,32,10,115,2,7,35,90,0,0,0,22,0,0,0,0,0,9,0,35,0,0,0,0,0,0,0,5,0,0,0,0,0,0,0,0,0,0,0,0,0,0,0,0,0,0,0,0,0,0,0,0,0,0,0,0,0,0,0,0,0,2,0,0,0,0,0,0,0,0,0,0,0,0,0,0,0,0,0,14,0,0,0,0,0,0,0,0,0,0,0,0,0,0,0,0,0,0,0,0,0,12,0,0,0,0,0,0,0,11,0,0,0,0,0,0,0,0,0,0,0,7,0,3,0,0,0,0,0,2,0,0,2,19,0,1,0,0,0,10,0,13,2,27,0,0,0,0,0,0,0,0,0,0,0,0,0,0,0,0,0,0,0,0,0,3,0,0,0,0,0,3,0,0,0,55,0,12,0,0,0,115,0,80,0,113,0,23,0,35,0,0,0,0,0,7,0,0,0,0,0,16,0,0,0
17,9,35,19,55,85,0,0,3,0,33,93,35,14,22,97,293,0,286,32,0,0,195,34,28,0,173,13,25,0,205,0,196,7,44,2,108,10,47,0,0,0,82,0,22,0,2,0,0,0,76,0,11,0,10,0,5,0,2,0,0,0,86,0,0,0,0,0,0,0,102,0,14,0,57,0,0,0,0,0,0,0,0,0,147,0,68,0,0,0,0,0,0,0,88,0,162,0,181,0,0,0,0,0,0,0,0,0,0,0,0,0,0,0,0,0,0,0,0,0,32,0,0,0,0,0,0,0,0,0,0,0,0,0,0,0,0,0,0,0,11,0,0,0,26,0,0,0,0,0,0,0,0,0,2,0,0,0,0,0,0,0,0,0,10,0,40,0,0,0,0,0,18,0,0,0,0,5,28,0,0,0,0,0,0,0,2,0,0,0,0,0,0,0,0,0,0,0,0,0,18,0,0,0,0,0,0,0,0,1,0,0,0,0,6,0,0,0,19,4,91,0,4,0,73,0,278,8,127,7,35,0,0,0,5,0,14,1,22,0,13,0,15,0,98,0,0,0,0
0,9,0,14,19,50,0,1,0,0,0,7,85,10,17,189,0,120,53,88,0,0,0,320,2,6,60,85,0,28,0,76,0,22,6,48,0,45,0,0,13,13,15,33,3,11,0,3,0,6,8,70,0,0,0,4,0,0,0,0,0,3,0,35,0,0,0,0,0,0,0,0,0,0,0,1,0,0,0,0,0,8,0,0,0,0,0,0,0,0,0,0,0,0,0,0,0,3,0,24,0,3,0,0,0,0,0,0,0,0,0,0,0,0,0,0,0,0,0,0,0,0,0,0,0,0,0,0,0,0,0,0,0,0,0,0,0,7,0,0,0,23,0,33,0,14,0,0,0,0,0,0,0,0,0,0,0,0,0,0,0,0,0,0,0,0,0,2,0,0,0,0,0,2,0,0,0,8,1,18,0,0,0,0,0,0,0,34,0,0,0,0,0,0,0,0,0,0,0,0,0,0,0,0,0,0,0,2,0,0,0,0,0,0,0,0,0,0,0,19,0,25,0,7,1,26,0,88,0,28,0,13,0,26,0,5,0,0,0,0,0,0,0,0,0,13,0,0,0
52,371,525,247,74,95,19,0,2,0,8,142,2,0,216,119,25,39,448,0,195,0,0,93,91,45,82,0,32,0,37,0,41,9,0,0,29,13,69,0,0,0,0,0,28,0,0,0,0,0,10,0,2,0,29,0,0,0,0,0,4,2,4,0,0,0,0,0,0,0,0,0,0,0,0,0,0,0,0,0,0,0,0,0,71,0,0,0,0,0,0,0,0,0,6,0,54,0,0,0,0,0,4,0,37,0,0,0,0,0,0,0,0,0,0,0,0,0,0,0,0,0,0,0,0,0,0,0,0,0,0,0,0,0,26,0,12,0,2,0,0,0,19,0,0,0,0,0,3,0,8,0,0,0,2,0,0,0,0,0,0,0,0,0,0,0,9,0,2,0,0,0,11,0,0,0,7,38,0,0,0,0,0,7,0,0,0,0,0,0,0,0,0,0,0,0,0,0,0,0,47,0,0,0,0,0,0,0,15,0,0,1,0,0,0,0,0,0,0,0,41,6,0,0,1,0,317,42,69,3,0,0,17,16,1,0,0,0,9,0,5,0,8,1,12,3,0,0,0
86,33,56,247,86,77,0,5,0,1,70,27,5,6,136,248,29,112,3,397,34,320,93,0,10,19,0,128,0,8,0,59,5,49,0,62,0,76,7,15,0,22,0,55,0,13,0,8,0,5,0,49,0,0,0,15,0,0,0,0,1,11,0,125,0,0,0,0,0,0,0,0,0,0,0,0,0,0,0,0,0,44,0,26,0,98,0,45,0,43,0,19,0,0,0,0,0,19,0,71,0,19,0,29,0,0,0,16,0,0,0,0,0,0,0,0,0,0,0,0,0,16,0,14,0,0,0,0,0,2,0,0,0,6,0,29,0,16,0,42,0,64,0,127,0,11,0,0,0,0,0,0,0,0,2,0,0,1,0,0,0,0,0,0,0,0,0,2,0,0,0,0,0,6,0,0,2,20,0,60,0,0,0,5,0,0,0,4,0,0,0,0,0,0,0,0,0,0,0,0,0,5,0,0,0,0,0,0,0,0,0,0,0,0,0,0,0,0,0,0,0,24,0,3,0,0,0,417,0,25,0,27,0,55,1,0,0,1,0,28,0,5,0,9,0,16,0,0,0
4,120,112,25,5,0,337,72,15,125,0,0,0,0,62,5,43,56,100,0,28,2,91,10,0,111,0,0,172,0,3,0,0,0,0,0,6,0,154,6,0,0,0,0,6,0,0,0,0,0,0,0,35,1,172,17,19,0,37,2,183,6,208,61,0,0,0,0,0,0,1,0,0,0,0,0,0,0,0,0,2,0,0,0,104,0,0,0,0,0,21,0,0,0,0,0,66,0,0,0,0,0,0,0,152,0,126,0,0,0,0,0,0,0,0,0,0,0,0,0,0,0,0,0,4,0,14,0,36,0,11,0,45,0,297,0,152,0,17,2,17,0,119,0,0,0,26,0,6,0,48,0,5,0,11,0,0,0,11,0,15,0,0,0,1,0,2,0,0,0,30,0,183,0,0,0,0,5,0,0,0,0,2,21,0,2,0,0,0,0,0,0,0,0,0,0,0,0,28,0,276,0,0,0,9,0,9,0,131,0,5,0,1,0,78,1,0,0,3,0,195,5,21,0,24,0,84,4,290,0,33,0,135,0,14,1,3,0,77,3,32,0,43,0,213,0,0,0,0
137,12,32,199,0,20,145,286,249,38,0,0,0,0,0,65,99,19,2,19,0,6,45,19,111,0,1,0,2,22,0,2,0,14,0,0,1,11,7,63,0,0,1,0,0,0,0,0,0,0,0,2,0,12,25,73,1,37,0,3,9,34,17,68,0,1,0,3,0,0,0,0,0,3,0,0,0,0,0,3,0,9,0,12,0,80,0,14,0,29,0,16,0,0,0,19,0,19,0,54,0,0,0,39,0,0,0,103,0,0,0,0,0,0,0,0,0,0,0,0,0,0,0,0,0,1,0,0,0,14,0,5,0,29,0,95,0,55,0,69,0,81,0,126,3,4,0,1,0,0,0,0,0,0,0,24,0,3,0,10,0,2,0,0,0,0,0,0,0,0,0,3,0,8,0,0,8,3,0,0,0,0,0,3,0,0,0,0,0,0,0,0,0,0,0,0,0,1,0,0,0,29,0,0,0,0,0,0,1,0,0,0,0,0,0,8,0,0,0,0,1,37,0,6,0,0,0,91,5,44,0,5,0,45,0,0,0,0,2,13,0,0,0,4,5,21,0,0,0
32,0,146,0,179,86,15,0,0,0,30,0,40,367,115,12,40,0,375,148,173,60,82,0,0,1,0,298,5,0,21,4,11,0,58,15,59,16,0,0,140,48,212,15,103,0,87,85,18,1,261,23,0,0,0,0,0,0,0,0,0,0,10,0,5,0,1,0,0,0,30,0,11,0,0,0,6,0,0,0,0,0,0,0,0,0,24,0,0,0,0,0,12,0,0,0,0,0,0,0,0,0,0,0,0,0,0,0,0,0,0,0,0,0,0,0,0,0,0,0,0,0,0,0,3,0,0,0,0,0,0,0,0,0,0,0,0,0,0,0,0,0,0,0,0,0,6,0,0,0,8,0,0,0,0,0,0,0,0,0,1,0,0,0,77,0,0,0,20,0,0,0,0,0,5,0,19,36,9,0,4,0,3,0,0,0,5,29,0,0,0,0,0,0,0,0,2,0,0,0,0,0,0,0,0,0,0,0,0,0,0,0,0,0,0,0,0,0,461,78,12,0,38,30,579,16,83,7,0,0,7,0,0,0,0,0,4,0,0,0,0,0,0,0,20,0,0,0,0
0,27,0,15,25,132,0,0,0,0,0,55,162,51,9,84,0,26,101,366,13,85,0,128,0,0,298,0,0,0,0,13,0,7,0,40,1,30,0,0,426,62,94,89,82,102,109,114,26,12,26,159,0,0,0,0,0,0,0,0,0,2,0,34,0,0,0,0,0,6,0,3,0,0,0,0,0,0,0,0,0,0,0,0,0,0,0,0,0,0,0,0,0,0,0,0,0,0,0,0,0,0,0,0,0,0,0,0,0,0,0,0,0,0,0,0,0,0,0,0,0,15,0,0,0,0,0,0,0,0,0,0,0,0,0,0,0,0,0,0,0,22,0,35,0,20,0,0,0,0,0,0,0,0,0,0,0,0,0,0,0,0,0,0,0,13,0,0,0,7,0,0,0,7,0,0,0,78,2,0,0,0,0,0,0,3,18,34,0,0,0,0,0,0,0,0,0,0,0,0,0,0,0,0,0,0,0,0,0,0,0,0,0,0,0,0,0,0,8,581,0,0,0,73,0,278,0,115,0,95,0,10,0,14,0,4,0,3,0,0,0,0,0,0,0,0,0,0,0
34,0,92,4,0,0,36,3,0,0,0,0,0,0,0,0,419,2,0,0,25,0,32,0,172,2,5,0,0,0,3,0,6,0,0,0,52,0,16,0,0,0,7,0,0,0,0,0,0,0,0,0,5,0,6,0,0,0,0,0,0,0,16,0,0,0,0,0,0,0,109,0,10,0,36,0,0,0,0,0,39,0,0,0,25,0,44,0,12,0,5,0,0,0,69,0,18,0,94,0,0,0,0,0,0,0,0,0,0,0,0,0,0,0,0,0,0,0,0,0,23,0,0,0,0,0,0,0,0,0,0,0,0,0,0,0,0,0,19,0,23,0,13,0,35,0,0,0,0,0,0,0,0,0,0,0,1,0,1,0,0,0,3,0,0,0,0,0,3,0,0,0,4,0,0,0,3,1,0,0,0,0,9,0,0,0,0,0,0,0,0,0,0,0,0,0,1,0,0,0,0,0,0,0,0,0,0,0,0,0,0,0,0,0,0,0,0,0,0,0,0,1,3,0,0,0,20,0,0,0,0,0,0,0,0,0,0,0,2,0,2,0,2,0,3,0,0,0,0
0,28,1,97,6,9,0,67,0,0,3,6,0,0,7,10,0,122,0,8,0,28,0,8,0,22,0,0,0,0,0,35,0,11,0,29,0,12,0,8,0,0,0,28,0,0,0,0,0,0,0,25,0,2,0,8,0,4,0,0,0,15,0,42,0,0,0,0,0,0,0,0,0,0,0,0,0,3,0,1,0,20,0,5,0,21,0,8,0,4,0,0,0,0,0,6,0,0,0,19,0,0,0,4,0,0,0,12,0,0,0,0,0,0,0,0,0,0,0,0,0,0,0,14,0,0,0,0,0,3,0,0,0,2,0,0,0,30,0,104,0,75,0,76,0,16,0,0,0,0,0,0,0,0,0,9,0,3,0,3,0,1,0,0,0,0,0,1,0,0,0,0,0,0,0,0,0,3,0,14,0,0,0,0,0,0,0,0,0,0,0,0,0,0,0,0,0,0,0,0,0,0,0,0,0,0,0,0,0,0,0,0,0,0,0,0,0,0,0,0,0,10,0,0,0,0,0,25,0,5,0,0,0,9,0,0,0,0,0,0,0,0,0,0,0,0,0,0,0
5,0,34,0,68,6,1,0,0,0,26,0,19,0,155,2,92,0,41,0,205,0,37,0,3,0,21,0,3,0,0,0,3,0,14,0,34,0,2,0,0,0,34,0,0,0,1,0,0,0,13,0,2,0,2,0,1,0,3,0,0,0,4,0,0,0,0,0,0,0,47,0,7,0,11,0,0,0,0,0,24,0,0,0,0,0,19,0,0,0,0,0,0,0,31,0,21,0,48,0,0,0,0,0,0,0,0,0,0,0,0,0,0,0,0,0,0,0,0,0,6,0,0,0,0,0,0,0,0,0,0,0,0,0,0,0,0,0,0,0,1,0,0,0,6,0,0,0,0,0,0,0,0,0,0,0,0,0,0,0,2,0,0,0,0,0,11,0,0,0,0,0,6,0,0,0,0,0,25,0,0,0,1,0,0,0,0,2,0,0,0,0,0,0,0,0,0,0,0,0,0,0,0,0,0,0,0,0,0,0,0,0,0,0,0,0,0,0,0,0,23,0,0,0,5,0,60,1,31,0,13,0,0,0,1,0,0,0,0,0,1,0,0,0,17,0,0,0,0
0,9,0,26,0,196,0,1,0,0,0,59,7,11,28,127,0,34,12,35,0,76,0,59,0,2,4,13,0,35,0,0,0,20,0,32,0,27,0,0,0,0,2,98,0,0,0,0,0,0,0,43,0,0,0,0,0,0,0,0,0,4,0,10,0,0,0,0,0,0,0,0,0,0,0,0,0,0,0,0,0,0,0,0,0,7,0,9,0,0,0,0,0,0,0,0,0,0,0,0,0,0,0,0,0,0,0,0,0,0,0,0,0,0,0,0,0,0,0,0,0,0,0,13,0,0,0,1,0,0,0,0,0,2,0,1,0,7,0,0,0,21,0,27,0,16,0,0,0,0,0,0,0,0,0,0,0,0,0,0,0,0,0,0,0,0,0,0,0,0,0,0,0,0,0,0,0,6,0,40,0,0,0,0,0,0,0,36,0,0,0,0,0,0,0,0,0,0,0,0,0,0,0,0,0,0,0,0,0,0,0,0,0,0,0,0,0,0,0,1,0,15,0,0,0,0,0,24,0,16,0,5,0,17,0,0,0,0,0,0,0,0,0,3,0,0,0,0,0
73,5,164,0,122,0,0,0,2,0,54,0,12,0,94,4,161,1,5,0,196,0,41,5,0,0,11,0,6,0,3,0,0,0,29,0,87,0,1,0,0,0,22,0,0,0,0,0,0,0,3,0,1,0,3,0,0,0,0,0,1,0,4,0,1,0,0,0,0,0,18,0,0,0,0,0,0,0,2,0,6,0,0,0,0,0,15,0,0,0,0,0,0,0,15,0,0,0,26,0,0,0,0,0,0,0,0,0,0,0,0,0,0,0,0,0,0,0,0,0,7,0,0,0,0,0,0,0,0,0,0,0,0,0,0,0,2,0,0,0,0,0,0,0,2,0,0,0,0,0,0,0,0,0,0,0,0,0,0,0,0,0,0,0,0,0,16,0,4,0,2,0,4,0,0,0,0,0,10,0,0,0,2,0,0,0,0,0,0,0,0,0,0,0,0,0,0,0,0,0,0,0,0,0,0,0,0,0,0,0,0,0,0,0,0,0,0,0,0,0,6,0,0,0,0,0,61,0,15,0,0,0,0,0,2,0,0,0,3,0,2,0,1,0,20,0,0,0,0
0,122,5,294,16,162,0,73,0,2,0,56,0,0,43,136,0,97,0,5,7,22,9,49,0,14,0,7,0,11,0,20,0,0,0,21,0,23,0,1,0,0,0,27,0,0,0,0,0,1,0,17,0,3,0,7,0,0,1,0,0,16,0,29,0,0,0,0,0,0,0,0,0,0,0,0,0,0,0,0,0,10,0,0,0,17,0,0,0,7,0,0,0,0,0,9,0,0,0,22,0,0,0,0,0,0,0,0,0,0,0,0,0,0,0,0,0,0,0,0,0,14,0,27,0,0,0,0,0,0,0,0,0,7,0,0,0,37,0,108,0,155,0,130,0,74,0,0,0,0,0,0,0,0,0,0,0,14,0,0,0,0,0,0,0,0,0,4,0,0,0,0,0,7,0,0,0,33,0,37,0,0,0,7,0,0,0,0,0,0,0,0,0,0,0,0,0,0,0,0,0,0,0,0,0,0,0,0,0,0,0,0,0,0,0,0,0,0,0,0,2,41,0,0,0,1,0,68,0,41,0,6,0,22,0,5,0,0,0,0,0,5,0,4,0,10,0,0,0
0,0,0,0,26,0,0,0,0,0,7,2,64,0,9,0,32,0,103,14,44,6,0,0,0,0,58,0,0,0,14,0,29,0,0,0,42,0,0,0,0,0,28,0,7,0,0,0,0,0,20,0,3,0,0,0,4,0,1,0,0,0,0,0,1,0,0,0,0,0,43,0,26,0,31,0,0,0,0,0,16,0,0,0,15,0,0,0,0,0,0,0,0,0,46,0,0,0,0,0,0,0,5,0,0,0,0,0,0,0,0,0,0,0,0,0,0,0,0,0,18,0,0,0,0,0,0,0,0,0,0,0,0,0,0,0,0,0,0,0,0,0,2,0,5,0,0,0,0,0,0,0,0,0,0,0,0,0,1,0,3,0,0,0,11,0,8,0,0,0,7,0,11,0,0,0,5,0,56,0,0,0,0,0,1,0,9,0,0,0,0,0,0,0,0,0,0,0,0,0,0,0,0,0,0,0,0,0,0,0,0,0,0,0,0,0,0,0,24,0,26,0,1,0,98,0,79,0,18,0,0,0,0,0,0,0,2,0,4,0,0,0,0,0,16,0,0,0,0
0,9,0,9,0,72,0,0,0,0,0,10,0,21,2,28,0,22,3,96,2,48,0,62,0,0,15,40,0,29,0,32,0,21,0,0,0,22,0,0,4,0,0,38,0,0,0,0,0,0,0,11,0,0,0,0,0,0,0,0,0,0,0,8,0,0,0,0,0,0,0,0,0,0,0,0,0,0,0,0,0,0,0,0,0,0,0,0,0,0,0,0,0,0,0,0,0,0,0,7,0,0,0,0,0,0,0,0,0,0,0,0,0,0,0,0,0,0,0,0,0,0,0,12,0,0,0,0,0,0,0,0,0,0,0,0,0,0,0,0,0,20,0,42,0,12,0,0,0,0,0,0,0,0,0,0,0,1,0,0,0,0,0,0,0,2,0,1,0,0,0,0,0,0,0,0,0,9,0,4,0,0,0,0,0,0,0,17,0,0,0,0,0,0,0,0,0,0,0,0,0,0,0,0,0,0,0,0,0,0,0,0,0,0,0,0,0,0,0,4,0,9,0,0,0,0,0,3,0,9,0,0,0,6,0,0,0,0,0,0,0,0,0,0,0,0,0,0,0
39,3,71,0,258,0,0,0,0,0,117,0,54,0,212,10,26,0,94,0,108,0,29,0,6,1,59,1,52,0,34,0,87,0,42,0,0,0,23,0,0,0,66,0,15,0,1,0,0,0,111,0,4,1,1,0,9,3,8,0,35,0,47,0,4,0,0,0,0,0,181,0,70,0,70,0,0,0,0,0,64,0,0,0,0,0,0,0,0,0,8,0,0,0,102,0,26,0,111,0,9,0,0,0,0,0,0,0,0,0,0,0,0,0,0,0,0,0,0,0,0,0,0,0,0,0,0,0,0,0,2,0,0,0,2,0,14,0,109,0,129,0,32,0,145,0,2,0,0,0,3,0,3,0,6,1,20,0,9,0,3,0,20,0,7,0,46,0,9,0,37,0,50,0,0,0,12,5,55,0,6,0,14,0,0,0,0,0,0,0,0,0,0,0,0,0,0,0,0,0,0,0,0,0,0,0,0,0,0,0,0,0,0,0,0,0,0,0,0,2,29,0,0,0,39,0,64,1,107,0,0,0,8,0,0,0,0,0,5,0,3,0,0,0,18,0,0,0,0
6,218,0,366,18,352,0,0,1,12,0,143,15,51,22,202,0,79,0,81,10,45,13,76,0,11,16,30,0,12,0,27,0,23,0,22,0,0,0,6,0,0,3,52,0,17,0,0,0,0,1,77,0,2,0,4,0,2,0,2,0,67,0,19,0,0,0,0,0,0,0,0,0,1,0,0,0,0,0,0,0,16,0,0,0,18,0,10,0,7,0,0,0,0,0,5,0,0,0,15,0,0,0,0,0,0,0,0,0,0,0,0,0,0,0,0,0,0,0,0,0,31,0,30,0,2,0,0,0,0,0,0,0,3,0,0,0,13,0,85,0,129,0,84,0,86,0,0,0,0,0,0,0,0,0,0,0,27,0,0,0,3,0,0,0,0,0,6,0,0,0,5,0,8,0,0,4,52,0,52,0,4,0,8,0,0,0,60,0,0,0,0,0,0,0,0,0,2,0,0,0,0,0,0,0,0,0,0,0,0,0,0,0,0,0,0,0,0,0,2,0,30,0,2,0,18,0,184,0,77,0,4,0,9,0,0,0,0,0,0,0,0,0,0,0,0,0,0,0
211,25,305,18,69,0,136,0,22,0,50,0,0,0,29,0,228,0,0,1,47,0,69,7,154,7,0,0,16,0,2,0,1,0,0,0,23,0,0,0,0,0,3,0,0,0,0,0,0,0,0,0,0,0,4,1,3,0,0,0,8,0,9,0,0,0,0,0,0,0,14,0,0,0,0,0,0,0,0,0,9,0,0,0,0,0,12,0,0,0,0,0,0,0,9,0,0,0,0,0,2,0,0,0,0,0,0,0,0,0,0,0,0,0,0,0,0,0,0,0,7,0,0,0,0,0,0,0,0,0,0,0,0,0,4,0,0,0,43,0,28,0,0,0,45,0,0,0,0,0,0,0,0,0,24,0,41,0,12,0,0,0,0,0,0,0,6,0,0,0,0,0,29,0,0,0,12,1,0,0,0,0,29,0,7,0,0,0,0,0,0,0,0,0,0,0,0,0,0,0,0,0,0,0,0,0,0,0,0,0,0,0,0,0,3,0,0,0,0,0,10,1,0,0,0,0,137,2,11,0,3,0,10,0,4,0,0,0,3,0,3,0,4,0,8,0,0,0,0
0,187,0,296,0,3,0,316,0,33,0,0,0,0,0,0,3,114,0,0,0,0,0,15,6,63,0,0,0,8,0,0,0,1,0,0,0,6,0,0,0,0,0,0,0,0,0,0,0,0,0,0,0,3,0,11,0,2,0,0,0,28,0,42,0,0,0,0,0,0,0,0,0,0,0,0,0,0,0,0,0,0,0,0,0,0,0,0,0,0,0,0,0,0,0,0,0,0,0,0,0,0,0,0,0,0,0,0,0,0,0,0,0,0,0,0,0,0,0,0,0,0,0,1,0,0,0,0,0,1,0,0,0,0,0,0,0,11,0,84,0,42,0,21,0,41,0,0,0,0,0,0,0,0,0,6,0,49,0,0,1,0,0,0,0,0,0,0,0,0,0,2,0,4,0,0,0,57,0,0,0,0,0,14,0,0,0,0,0,0,0,0,0,0,0,0,0,0,0,0,0,0,0,0,0,0,0,0,0,0,0,0,0,0,0,0,0,0,0,0,0,0,0,0,0,0,0,35,2,4,0,0,0,1,0,0,0,0,0,0,0,0,0,0,0,0,0,0,0
26,0,119,0,235,23,0,0,2,0,91,0,303,264,36,2,0,0,30,70,0,13,0,0,0,0,140,426,0,0,0,0,0,0,0,4,0,0,0,0,0,135,16,9,4,14,28,205,80,4,8,19,0,0,0,0,0,0,0,0,0,0,0,0,7,0,0,0,0,0,0,0,0,0,0,0,0,0,0,0,0,0,0,0,0,0,0,0,0,0,0,0,0,0,0,0,0,0,0,0,0,0,0,0,0,0,0,0,0,0,0,0,0,0,0,0,0,0,0,0,0,0,0,0,0,0,2,0,0,0,0,0,0,0,0,0,0,0,0,0,0,0,0,0,0,0,0,0,7,0,11,0,3,0,0,0,0,0,0,0,1,0,0,0,8,0,0,0,0,0,0,0,0,0,6,0,49,42,10,0,5,0,0,0,0,0,53,18,0,0,0,0,0,0,0,0,0,0,0,0,0,0,0,0,0,0,0,0,5,0,0,0,0,0,0,0,0,0,260,89,0,0,79,91,20,9,7,1,0,0,0,0,0,0,0,0,0,0,0,0,0,0,0,0,0,0,0,0,0
0,80,0,8,0,103,0,1,0,0,0,198,9,327,0,22,0,5,0,104,0,13,0,22,0,0,48,62,0,0,0,0,0,0,0,0,0,0,0,0,135,0,15,0,36,5,64,150,24,76,0,0,0,0,0,0,0,1,0,0,0,0,0,0,0,2,0,0,0,1,0,0,0,0,0,0,0,0,0,0,0,0,0,0,0,0,0,0,0,0,0,0,0,0,0,0,0,0,0,0,0,0,0,0,0,0,0,0,0,0,0,0,0,0,0,0,0,0,0,0,0,0,0,0,0,0,0,0,0,0,0,0,0,0,0,6,0,0,0,0,0,0,0,0,0,0,0,0,0,0,0,1,0,5,0,0,0,0,0,0,0,0,0,0,5,18,0,0,0,1,0,0,0,0,0,5,0,72,0,9,0,0,0,3,0,0,20,17,0,0,0,0,0,0,0,0,0,0,0,0,0,0,0,0,0,0,0,0,0,3,0,0,0,0,0,0,0,0,143,107,0,0,47,298,0,7,0,0,0,0,0,0,0,0,0,0,0,0,0,0,0,0,0,0,0,0,0,0,0
0,0,0,0,0,18,0,0,1,0,0,0,31,88,0,0,6,0,77,28,82,15,0,0,0,1,212,94,7,0,34,2,22,0,28,0,66,3,3,0,16,15,0,7,182,2,61,13,8,0,79,4,1,0,0,1,2,0,2,0,3,0,7,0,0,0,0,0,0,0,0,0,8,0,0,0,0,0,0,0,0,0,4,0,0,0,0,0,0,0,0,0,0,0,0,0,0,0,0,0,0,0,0,0,0,0,0,0,0,0,0,0,0,0,0,0,0,0,0,0,0,0,0,0,0,0,0,0,0,0,0,0,0,0,0,0,0,0,0,0,12,0,0,0,13,0,0,0,0,0,0,0,0,0,0,0,0,0,2,0,1,0,0,0,66,0,16,0,14,0,2,0,1,0,1,0,20,11,25,0,5,0,0,0,0,0,39,3,0,0,0,0,0,0,0,0,0,0,0,0,0,0,0,0,0,0,0,0,0,0,0,0,0,0,0,0,0,0,139,10,0,0,13,5,156,12,0,1,6,0,0,0,0,0,0,0,0,0,2,0,0,0,0,0,0,0,0,0,0
0,4,0,0,3,13,0,0,0,0,0,6,0,46,0,15,0,13,6,51,0,33,0,55,0,0,15,89,0,28,0,98,0,27,0,38,0,52,0,0,9,0,7,0,0,61,4,6,1,6,0,56,0,1,0,0,0,0,0,0,0,0,0,10,0,0,0,0,0,0,0,9,0,0,0,0,0,0,0,2,0,0,0,0,0,0,0,0,0,0,0,0,0,1,0,0,0,0,0,12,0,0,0,0,0,0,0,0,0,0,0,0,0,0,0,0,0,0,0,0,0,20,0,0,0,0,0,0,0,0,0,0,0,0,0,0,0,0,0,22,0,48,0,48,0,39,0,0,0,0,0,0,0,0,0,0,0,0,0,0,0,0,0,1,0,7,1,2,0,5,0,0,0,0,0,0,0,34,0,0,0,0,0,0,0,0,1,55,0,0,0,0,0,0,0,0,0,0,0,0,0,0,0,0,0,0,0,0,0,0,0,0,0,0,0,0,0,0,3,80,0,9,0,14,0,77,0,34,0,51,0,0,0,0,0,0,0,0,0,2,0,0,0,0,0,3,0,0,0
0,0,0,0,0,0,0,0,0,0,3,0,2,85,3,0,4,0,50,17,22,3,28,0,6,0,103,82,0,0,0,0,0,0,7,0,15,0,0,0,4,36,182,0,0,1,27,36,42,2,88,5,0,0,2,0,0,0,0,0,0,0,1,0,0,0,0,0,2,0,13,0,0,0,0,0,3,0,0,0,0,0,0,0,0,0,0,0,0,0,0,0,5,0,0,0,9,0,0,0,0,0,0,0,8,0,0,0,0,0,0,0,0,0,0,0,0,0,0,0,0,0,0,0,0,0,0,0,0,0,0,0,0,0,0,0,0,0,0,0,3,0,0,0,2,0,0,0,0,0,0,0,0,0,0,0,0,0,0,0,0,0,0,0,160,0,6,0,14,1,0,0,0,0,0,0,4,4,4,0,0,0,0,0,1,0,5,6,0,0,0,0,0,0,0,0,0,0,0,0,7,0,0,0,0,0,0,0,0,0,0,0,0,0,0,0,0,0,222,0,1,0,116,12,152,0,0,0,9,0,0,0,0,0,1,0,0,0,2,0,1,0,0,0,0,0,0,0,0
0,0,0,0,0,0,0,0,0,0,0,0,0,4,0,11,0,3,0,32,0,11,0,13,0,0,0,102,0,0,0,0,0,0,0,0,0,17,0,0,14,5,2,61,1,0,9,28,2,40,0,102,0,0,0,0,0,0,0,2,0,2,0,11,0,0,0,0,0,13,0,3,0,0,0,0,0,5,0,0,0,6,0,9,0,0,0,11,0,0,0,0,0,0,0,7,0,0,0,4,0,1,0,3,0,0,0,1,0,0,0,0,0,0,0,0,0,1,0,0,0,0,0,22,0,0,0,0,0,0,0,0,0,0,0,0,0,0,0,0,0,12,0,18,0,19,0,0,0,0,0,0,0,0,0,0,0,1,0,0,0,0,0,3,0,87,0,2,0,39,0,5,0,6,0,0,0,6,0,1,0,0,0,0,0,0,1,4,0,5,0,0,0,0,0,1,0,2,0,0,0,0,0,0,0,1,0,0,0,0,0,0,0,0,0,0,0,2,15,333,0,26,3,353,0,197,0,20,0,142,0,0,0,0,0,0,0,1,0,0,0,0,0,0,0,0,0,0,0
8,0,14,0,22,0,0,0,0,0,0,0,15,74,8,0,0,0,38,10,2,0,0,0,0,0,87,109,0,0,1,0,0,0,0,0,1,0,0,0,28,64,61,4,27,9,0,81,27,4,14,5,0,0,0,0,0,0,0,0,0,0,0,0,0,0,0,0,0,0,0,0,0,0,0,0,0,0,0,0,0,0,6,0,0,0,0,0,0,0,0,0,1,0,0,0,0,0,0,0,0,0,0,0,0,0,0,0,0,0,0,0,0,0,0,0,0,0,0,0,0,0,1,0,0,0,0,0,0,0,0,0,1,0,0,0,0,0,0,0,0,0,0,0,0,0,0,0,1,0,0,0,0,0,0,0,0,0,0,0,0,0,0,0,38,0,0,0,0,0,0,0,0,0,0,0,8,5,0,1,1,0,0,0,0,0,11,9,0,0,0,0,0,0,0,0,0,0,0,0,1,0,0,0,0,0,0,0,2,0,0,0,0,0,0,0,0,0,429,30,0,0,109,26,43,3,0,0,1,0,0,0,0,0,0,0,0,0,0,0,0,0,0,0,0,0,0,0,0
0,31,0,0,0,86,0,0,0,0,0,60,0,111,1,5,0,0,14,115,0,3,0,8,0,0,85,114,0,0,0,0,0,0,0,0,0,0,0,0,205,150,13,6,36,28,81,0,47,38,0,8,0,0,0,0,0,0,0,0,0,0,0,0,0,1,0,0,0,0,0,0,0,0,0,0,0,0,0,0,0,0,0,0,0,0,0,0,0,0,0,0,0,0,0,2,0,0,0,0,0,0,0,0,0,0,0,0,0,0,0,0,0,0,0,0,0,0,0,0,0,0,0,0,0,0,0,0,0,0,0,0,0,0,0,0,0,0,0,0,0,0,0,1,0,0,0,0,0,0,0,0,0,0,0,0,0,0,0,0,0,0,0,0,0,23,0,0,0,9,0,0,0,0,0,0,0,31,0,5,0,0,0,1,0,0,15,6,0,0,0,0,0,0,0,0,0,0,0,0,0,0,0,0,0,0,0,0,0,1,0,0,0,1,0,0,0,0,68,486,0,0,28,319,0,22,0,9,0,0,0,0,0,0,0,0,0,0,0,1,0,0,0,0,0,0,0,0,0
5,0,0,0,0,2,0,0,0,0,4,0,15,10,0,0,0,0,6,2,0,0,0,0,0,0,18,26,0,0,0,0,0,0,0,0,0,0,0,0,80,24,8,1,42,2,27,47,0,1,1,0,0,0,0,0,2,0,0,0,0,0,0,0,0,0,0,0,1,0,0,0,0,0,0,0,0,0,1,0,0,0,2,0,0,0,1,0,0,0,0,0,2,0,1,0,0,0,0,0,0,0,0,0,4,0,0,0,0,0,0,0,0,0,0,0,0,0,0,0,0,0,0,0,0,0,0,0,0,0,0,0,0,0,0,0,0,0,0,0,0,0,2,0,0,0,0,0,1,0,0,0,0,0,0,0,0,0,0,0,0,0,0,0,13,0,0,0,0,0,3,0,0,0,0,0,4,9,4,0,0,0,0,0,0,0,8,3,0,0,2,0,0,0,1,0,0,0,0,0,0,0,0,0,0,0,0,0,0,0,0,0,0,0,0,0,2,0,63,8,2,0,59,42,8,0,8,0,8,0,1,0,0,1,0,0,0,0,0,0,1,0,0,0,1,0,0,0,0
0,7,0,0,0,3,0,0,0,2,0,19,0,9,0,8,0,1,0,7,0,6,0,5,0,0,1,12,0,0,0,0,0,1,0,0,0,0,0,0,4,76,0,6,2,40,4,38,1,0,1,2,0,0,0,0,0,0,0,0,0,0,0,2,0,0,0,0,0,5,0,0,0,0,0,0,0,0,0,0,0,0,0,2,0,1,0,2,0,0,0,0,0,0,0,1,0,0,0,0,0,0,0,0,0,0,0,1,0,0,0,0,0,0,0,0,0,0,0,0,0,0,0,0,0,0,0,0,0,0,0,0,0,0,0,0,0,0,0,0,0,0,0,0,0,0,0,0,0,0,0,0,0,1,0,0,0,0,0,0,0,0,0,0,2,3,0,0,0,1,0,0,0,0,0,0,0,34,0,0,0,5,0,0,0,0,0,28,0,0,0,0,0,0,0,0,0,0,0,0,0,0,0,0,0,0,0,0,0,0,0,0,0,0,0,0,0,0,32,14,0,0,11,122,0,1,0,1,0,2,0,0,0,1,0,0,0,0,0,0,0,0,0,0,0,0,0,0,0
5,0,0,0,42,21,0,0,0,0,10,0,111,48,9,9,14,0,214,35,76,8,10,0,0,0,261,26,0,0,13,0,3,0,20,0,111,1,0,0,8,0,79,0,88,0,14,0,1,1,0,0,0,0,2,0,10,0,11,0,0,0,0,0,3,0,0,0,0,0,39,0,16,0,16,0,0,0,0,0,17,0,9,0,0,0,28,0,8,0,0,0,0,0,34,0,0,0,28,0,3,0,0,0,0,0,0,0,0,0,0,0,0,0,0,0,0,0,0,0,0,0,0,0,0,0,0,0,0,0,0,0,0,0,0,0,0,0,0,0,7,0,0,0,0,0,0,0,0,0,0,0,2,0,0,0,0,0,0,0,3,4,7,0,43,0,21,0,66,0,6,0,19,0,0,0,12,6,63,0,0,0,0,0,2,1,37,6,3,0,0,0,0,0,0,0,0,0,0,0,4,0,0,0,0,0,0,0,0,0,0,0,0,0,5,0,0,0,66,6,18,0,0,1,229,0,62,0,59,0,7,0,5,0,0,0,3,0,3,0,3,0,5,0,0,0,0,0,0
0,4,0,0,0,17,0,0,0,0,0,6,0,41,0,15,0,21,0,90,0,70,0,49,0,2,23,159,0,25,0,43,0,17,0,11,0,77,0,0,19,0,4,56,5,102,5,8,0,2,0,0,0,0,0,0,0,0,0,0,0,5,0,7,0,1,0,0,0,0,0,15,0,0,0,3,0,0,0,0,0,12,0,0,0,0,0,19,0,0,0,0,0,0,0,5,0,0,0,19,0,0,0,0,0,0,0,0,0,0,0,0,0,0,0,0,0,0,0,0,0,31,0,58,0,0,0,0,0,0,0,1,0,0,0,0,0,0,0,13,0,55,0,53,0,69,0,0,0,0,0,0,0,0,0,0,0,13,0,1,0,0,0,0,0,0,0,0,0,13,0,6,0,5,0,0,0,28,0,0,0,0,0,0,0,0,0,40,0,0,0,0,0,0,0,1,0,0,0,0,0,0,0,0,0,0,0,0,0,0,0,0,0,0,0,0,0,0,4,19,0,20,0,0,0,21,0,37,0,33,0,5,0,16,0,2,0,1,0,0,0,0,0,0,0,0,0,0,0
0,0,1,0,0,0,8,0,0,51,0,0,1,0,0,0,145,0,6,0,11,0,2,0,35,0,0,0,5,0,2,0,1,0,3,0,4,0,0,0,0,0,1,0,0,0,0,0,0,0,0,0,0,62,101,84,80,56,53,118,25,0,48,0,0,0,0,108,0,0,4,1,0,0,9,0,0,0,0,0,0,0,0,0,233,0,0,0,0,0,25,0,0,0,18,0,118,0,30,0,0,0,0,0,0,0,47,0,0,0,0,0,0,0,0,0,0,0,0,0,0,1,33,0,0,0,6,0,52,0,6,2,9,0,7,0,79,0,107,0,79,0,109,0,40,0,0,0,0,0,0,0,0,0,169,26,41,0,172,4,15,0,2,0,0,0,0,0,0,0,67,0,2,0,0,0,2,0,0,0,0,0,0,0,1,0,0,0,0,0,0,0,0,0,0,0,0,0,0,0,44,0,0,0,0,0,0,0,2,0,0,0,0,0,71,0,0,0,7,0,110,0,16,0,5,0,523,0,237,0,5,0,36,0,7,0,0,0,35,0,9,0,20,0,59,0,0,0,0
0,6,0,0,0,0,11,7,40,28,0,0,0,0,0,3,0,17,0,0,0,0,0,0,1,12,0,0,0,2,0,0,0,3,0,0,1,2,0,3,0,0,0,1,0,0,0,0,0,0,0,0,62,0,64,25,32,82,133,57,0,12,23,68,8,0,78,8,0,0,0,0,0,0,0,0,0,0,0,0,0,0,0,0,0,22,0,1,0,1,0,0,0,0,0,0,0,6,0,0,0,5,0,0,0,0,0,0,0,0,0,0,0,0,0,0,0,0,0,0,0,0,0,0,0,0,0,0,0,38,0,4,0,35,0,27,0,41,0,201,0,56,0,78,0,29,0,0,0,0,0,0,0,0,18,237,0,36,0,191,4,5,0,0,0,0,0,0,0,1,0,0,0,0,0,0,0,10,0,0,0,0,0,0,5,8,0,0,0,0,0,0,0,0,0,0,0,0,0,0,0,0,0,0,0,0,0,0,1,0,0,0,0,0,0,16,0,0,0,0,3,17,0,1,0,0,0,174,5,17,0,0,0,17,0,3,0,0,0,2,0,0,0,0,0,12,0,0,0
0,0,31,0,2,0,226,17,26,233,0,0,0,0,0,0,32,2,15,0,10,0,29,0,172,25,0,0,6,0,2,0,3,0,0,0,1,0,4,0,0,0,0,0,2,0,0,0,0,0,2,0,101,64,0,143,68,35,214,79,86,0,25,47,0,0,0,124,0,0,0,1,0,0,1,0,0,0,0,0,0,1,0,0,73,0,0,0,0,0,7,0,0,0,4,0,24,0,0,0,0,0,0,0,0,0,0,0,0,0,0,0,0,0,0,0,0,0,0,0,3,0,8,0,3,0,6,1,0,0,11,0,38,0,75,0,81,0,16,0,11,0,74,0,0,0,9,0,0,0,10,0,0,0,30,18,7,0,21,0,103,0,0,0,0,0,2,0,4,0,101,0,63,0,0,2,2,7,0,0,0,0,5,3,0,4,0,0,0,0,0,0,0,0,0,0,0,0,0,0,73,0,0,0,3,0,0,0,28,0,0,0,1,0,257,0,0,0,10,0,350,0,78,0,28,0,308,0,471,0,54,0,126,5,16,0,7,0,203,1,63,0,81,0,327,0,0,0,0
0,8,0,102,0,7,94,347,273,98,0,1,0,0,0,42,10,9,0,22,0,4,0,15,17,73,0,0,0,8,0,0,0,7,0,0,0,4,1,11,0,0,1,0,0,0,0,0,0,0,0,0,84,25,143,0,0,90,157,149,16,28,72,68,0,1,105,19,0,0,0,0,0,0,0,0,0,0,0,0,0,0,0,0,0,5,0,0,0,0,0,4,0,0,0,0,0,0,0,0,0,0,0,15,0,13,0,69,0,0,0,0,0,0,0,0,0,0,0,0,0,0,0,0,0,16,0,10,0,13,0,48,0,37,0,135,0,100,0,81,0,37,0,33,0,0,0,0,0,0,0,5,0,0,9,71,0,11,0,15,0,10,0,0,0,0,0,0,0,2,0,4,0,14,0,0,9,2,0,0,0,0,0,0,0,0,0,0,0,0,0,0,0,0,0,0,0,0,0,15,0,48,0,0,0,0,0,0,0,15,0,3,0,1,0,97,0,0,0,0,0,190,0,14,0,8,0,155,0,222,0,0,0,146,0,13,0,1,0,27,0,2,0,0,1,57,0,0,0
1,0,0,0,0,0,18,0,14,0,2,0,0,0,4,0,0,0,0,0,5,0,0,0,19,1,0,0,0,0,1,0,0,0,4,0,9,0,3,0,0,0,2,0,0,0,0,0,2,0,10,0,80,32,68,0,0,29,91,98,16,0,2,0,47,62,13,102,0,0,0,0,0,0,0,0,0,0,0,0,0,0,0,0,2,0,0,0,0,0,0,0,0,0,0,0,0,0,0,0,0,0,0,0,0,0,0,0,0,0,0,0,0,0,0,0,0,0,0,0,0,0,0,0,0,0,6,0,79,0,65,0,20,0,28,0,37,0,8,2,1,0,33,1,3,0,10,0,6,0,19,0,2,0,72,49,23,0,23,35,208,39,0,0,0,0,8,0,0,0,25,0,7,0,0,0,7,0,0,0,8,22,0,0,6,32,0,0,0,0,0,0,0,0,0,0,0,0,0,0,12,0,0,0,2,0,0,0,19,0,0,0,2,0,245,0,0,0,20,0,374,0,67,0,30,0,163,0,423,0,21,0,246,0,78,0,10,0,194,0,60,0,83,0,335,0,0,0,0
0,0,0,11,0,2,0,19,21,7,0,2,0,0,0,12,0,2,0,0,0,0,0,0,0,37,0,0,0,4,0,0,0,0,0,0,3,2,0,2,0,1,0,0,0,0,0,0,0,0,0,0,56,82,35,90,29,0,140,100,0,34,13,26,12,1,102,13,0,0,0,1,0,0,0,0,0,0,0,0,0,0,0,0,0,0,0,0,0,0,0,0,0,0,0,1,0,0,0,0,0,0,0,0,0,0,0,22,0,0,0,0,0,1,0,0,0,0,0,0,0,0,0,0,0,8,0,0,0,25,0,51,0,10,0,37,0,33,0,76,0,14,0,14,0,0,0,0,0,1,0,0,0,0,25,256,0,29,7,94,12,87,0,0,0,0,0,0,1,0,0,25,0,11,0,0,3,0,0,0,0,0,0,0,7,13,0,1,0,0,0,0,0,0,0,0,0,0,0,0,0,9,0,0,0,0,0,3,0,3,0,0,0,3,0,156,0,0,0,7,0,220,0,16,0,13,0,66,0,556,0,6,0,220,0,49,0,1,0,58,0,12,0,13,1,198,0,0,0
0,0,10,0,0,0,36,0,84,113,0,0,0,0,0,0,0,0,2,0,2,0,0,0,37,0,0,0,0,0,3,0,0,1,1,0,8,0,0,0,0,0,2,0,0,0,0,0,0,0,11,0,53,133,214,157,91,140,0,372,89,0,24,11,53,54,138,368,0,0,0,0,0,0,0,0,0,0,2,0,0,0,2,0,0,0,0,0,0,0,0,0,0,0,0,0,0,0,0,0,0,0,0,0,0,0,0,0,0,0,0,0,0,0,0,0,0,0,0,0,0,0,0,0,4,0,7,0,0,0,30,0,0,0,0,0,3,0,0,0,0,0,0,0,1,0,18,0,22,0,15,0,1,0,28,100,37,0,1,29,56,0,0,0,1,0,5,0,3,0,35,0,0,0,0,0,121,40,0,0,0,19,0,1,38,119,0,0,0,0,0,0,0,0,0,0,0,0,0,0,0,0,0,0,0,0,0,0,10,0,0,0,2,0,239,0,0,0,0,0,208,0,42,0,20,0,258,0,296,0,30,0,154,0,17,0,4,0,155,0,48,0,82,0,199,0,0,0,0
0,0,0,6,0,6,0,20,47,37,0,1,0,0,0,0,0,0,0,0,0,0,0,0,2,3,0,0,0,0,0,0,0,0,0,0,0,2,0,0,0,0,0,0,0,2,0,0,0,0,0,0,118,57,79,149,98,100,372,0,0,79,19,36,66,88,232,147,0,0,0,0,0,0,0,0,0,0,0,0,0,0,0,0,0,0,0,0,0,0,0,0,0,0,0,0,0,0,0,0,0,0,0,0,0,0,0,10,0,0,0,0,0,0,0,0,0,0,0,0,0,0,0,0,0,17,0,4,0,0,0,23,0,5,0,28,0,17,0,11,0,0,0,0,9,32,0,4,0,3,0,0,0,0,121,154,19,117,27,34,37,26,0,0,0,0,1,0,0,2,0,8,0,6,1,0,17,46,0,0,0,15,0,0,23,194,0,0,0,0,0,0,0,0,0,0,0,0,0,7,0,2,0,0,0,0,0,3,0,5,0,0,0,2,0,366,0,2,0,5,0,390,0,31,2,18,0,328,0,570,0,20,0,452,0,286,0,5,0,159,0,18,0,55,1,366,0,0,0
64,0,42,0,1,0,211,11,83,0,0,0,0,0,0,0,39,0,0,0,0,0,4,1,183,9,0,0,0,0,0,0,1,0,0,0,35,0,8,0,0,0,3,0,0,0,0,0,0,0,0,0,25,0,86,16,16,0,89,0,0,0,41,0,0,0,8,0,0,0,7,0,0,0,7,0,0,0,0,0,0,0,0,0,0,0,0,0,0,0,0,0,0,0,0,0,2,0,0,0,0,0,0,0,0,0,0,0,0,0,0,0,0,0,0,0,0,0,0,0,0,0,0,0,0,0,0,0,6,0,0,0,3,0,0,0,5,0,137,0,161,0,28,0,369,0,0,0,4,0,0,0,0,0,45,3,172,0,35,0,3,0,23,0,0,0,0,0,0,0,82,0,89,0,0,0,9,0,0,0,1,0,28,0,3,0,0,0,0,0,0,0,0,0,0,0,0,0,0,0,0,0,0,0,0,0,0,0,0,0,0,0,0,0,14,0,0,0,0,0,43,0,8,0,1,0,147,0,41,0,13,0,17,0,4,0,0,0,23,0,17,0,19,0,28,0,0,0,0
0,153,0,49,0,20,5,296,8,192,0,5,0,0,0,0,0,34,0,9,0,3,2,11,6,34,0,2,0,15,0,4,0,16,0,0,0,67,0,28,0,0,0,0,0,2,0,0,0,0,0,5,0,12,0,28,0,34,0,79,0,0,0,27,0,0,0,0,0,0,0,1,0,0,0,0,0,0,0,0,0,0,0,0,0,0,0,0,0,0,0,0,0,0,0,0,0,0,0,0,0,0,0,0,0,0,0,0,0,0,0,0,0,0,0,0,0,0,0,0,0,0,0,0,0,0,0,0,0,0,0,0,0,0,0,0,0,18,0,225,0,127,0,24,0,219,0,0,0,1,0,0,0,0,1,32,0,148,2,74,0,0,0,1,0,0,0,0,0,0,0,76,0,21,0,0,1,110,0,0,0,0,0,21,0,1,0,0,0,0,0,0,0,0,0,0,0,0,0,0,0,0,0,0,0,0,0,0,0,2,0,0,0,0,0,8,0,0,0,0,0,15,0,1,0,2,0,122,0,61,0,0,1,11,0,0,0,0,0,3,0,0,0,0,0,9,0,0,0
28,0,0,3,0,0,100,16,53,92,0,0,0,0,0,0,427,3,22,0,86,0,4,0,208,17,10,0,16,0,4,0,4,0,0,0,47,0,9,0,0,0,7,0,1,0,0,0,0,0,0,0,48,23,25,72,2,13,24,19,41,0,0,8,0,0,0,28,0,0,52,0,0,0,45,0,0,0,0,0,70,0,0,0,103,0,81,0,0,0,7,0,0,0,43,0,56,0,85,0,5,0,0,0,0,0,0,0,0,0,0,0,0,0,0,0,0,0,0,0,31,0,48,0,0,0,3,0,0,0,0,0,7,0,0,0,8,0,118,0,87,0,41,0,50,0,0,0,0,0,0,0,0,0,75,6,62,0,42,0,2,0,0,0,0,0,0,0,0,0,1,0,18,0,0,0,4,2,0,0,0,0,40,0,3,0,0,0,0,0,0,0,0,0,0,0,0,0,0,0,0,0,0,0,0,0,0,0,0,0,0,0,0,0,5,0,0,0,0,0,8,0,0,0,0,0,276,0,9,0,3,0,9,0,0,0,0,0,10,0,5,0,8,0,5,0,0,0,0
9,45,6,12,0,0,110,135,158,242,0,0,0,0,0,0,35,405,0,35,0,35,0,125,61,68,0,34,0,42,0,10,0,29,0,8,0,19,0,42,0,0,0,10,0,11,0,0,0,2,0,7,0,68,47,68,0,26,11,36,0,27,8,0,0,0,0,8,0,0,0,0,0,0,0,0,0,0,0,0,0,0,0,0,0,14,0,0,0,0,0,0,0,0,0,0,0,1,0,7,0,0,0,0,0,0,0,4,0,0,0,0,0,0,0,0,0,0,0,0,0,0,0,0,0,3,0,5,0,19,0,7,0,24,0,9,0,47,0,271,0,79,0,70,0,51,0,0,0,0,0,0,0,0,0,132,0,67,0,90,0,2,0,0,0,0,0,0,0,0,1,0,0,1,0,0,0,106,0,0,0,0,0,8,0,0,0,0,0,0,0,0,0,0,0,0,0,0,0,0,0,5,0,0,0,0,0,0,0,3,0,0,0,0,0,8,0,0,0,0,1,25,0,0,0,0,0,254,0,15,0,0,0,12,0,0,0,0,0,0,1,0,0,0,0,5,0,0,0
21,0,11,0,6,0,7,0,92,0,8,0,4,0,4,0,0,0,2,0,0,0,0,0,0,0,5,0,0,0,0,0,1,0,1,0,4,0,0,0,7,0,0,0,0,0,0,0,0,0,3,0,0,8,0,0,47,12,53,66,0,0,0,0,0,122,200,25,0,0,0,0,0,0,0,0,0,0,0,0,0,0,0,0,0,0,0,0,0,0,0,0,0,0,0,0,0,0,0,0,0,0,0,0,0,0,0,0,0,0,0,0,0,0,0,0,0,0,0,0,0,0,0,0,3,0,7,0,0,2,44,53,0,0,15,0,0,0,0,7,0,0,1,0,3,23,27,0,87,50,27,0,23,4,6,45,14,0,10,76,67,139,1,0,0,0,0,0,0,0,1,0,2,0,77,21,50,0,0,0,139,36,2,0,116,20,0,0,0,0,0,0,0,0,0,0,0,0,2,0,0,0,0,0,0,0,5,0,0,0,0,0,0,0,0,0,0,0,0,0,15,0,2,0,0,0,38,3,0,0,0,0,16,0,0,0,1,0,17,0,0,0,0,0,25,1,0,0,0
0,29,0,0,0,1,0,13,1,323,0,0,0,1,0,0,0,0,0,0,0,0,0,0,0,1,0,0,0,0,0,0,0,0,0,0,0,0,0,0,0,2,0,0,0,0,0,1,0,0,0,1,0,0,0,1,62,1,54,88,0,0,0,0,122,0,32,384,0,0,0,0,0,0,0,0,0,0,0,0,0,0,0,0,0,0,0,0,0,0,0,0,0,0,0,0,0,0,0,0,0,0,0,0,0,7,0,0,0,0,0,0,0,0,0,0,0,0,0,0,0,0,0,0,0,17,0,14,9,0,68,130,0,0,0,8,0,8,72,17,1,0,0,0,65,92,0,45,47,215,0,29,0,46,70,5,0,0,60,17,223,141,2,0,0,0,0,0,0,0,0,0,2,0,16,111,3,23,0,1,17,130,0,8,0,153,0,0,0,0,0,0,0,0,0,0,0,2,0,0,0,1,0,0,0,0,0,12,0,19,0,0,0,0,0,0,1,0,0,0,0,0,0,0,0,6,0,32,0,0,0,3,0,17,0,80,0,0,0,6,0,0,0,5,0,22,0,0,0
0,0,0,0,0,0,3,0,133,55,0,0,0,0,0,1,0,0,0,0,0,0,0,0,0,0,1,0,0,0,0,0,0,0,0,0,0,0,0,0,0,0,0,0,0,0,0,0,0,0,0,0,0,78,0,105,13,102,138,232,8,0,0,0,200,32,0,157,0,0,0,0,0,0,0,0,0,0,0,0,0,0,0,0,0,0,0,0,0,0,0,0,0,0,0,0,0,0,0,0,0,0,0,0,0,0,0,0,0,0,0,0,0,0,0,0,0,0,0,0,0,0,0,0,0,0,0,0,0,0,12,0,0,0,0,0,0,0,0,0,0,0,0,0,0,0,2,0,19,0,4,0,2,0,3,48,2,0,0,9,16,0,0,0,0,0,0,0,3,0,3,0,0,0,0,0,274,19,0,0,0,11,0,0,106,73,0,0,0,0,0,0,0,0,0,0,0,0,0,0,0,0,0,0,0,0,0,0,0,0,0,0,0,0,12,0,0,0,0,0,11,0,0,0,0,0,69,0,13,0,0,0,6,0,0,0,0,0,8,0,3,0,0,0,0,0,0,0,0
0,5,0,2,0,0,0,2,76,329,0,0,0,0,0,0,0,0,0,0,0,0,0,0,0,3,0,0,0,0,0,0,0,0,0,0,0,0,0,0,0,0,0,0,0,0,0,0,0,0,0,0,108,8,124,19,102,13,368,147,0,0,28,8,25,384,157,0,0,0,0,0,0,0,0,0,0,0,0,0,0,0,0,0,0,0,0,0,0,0,0,0,0,0,0,0,0,0,0,0,0,0,0,0,0,0,0,0,0,0,0,0,0,0,0,0,0,0,0,0,0,0,0,0,0,16,0,5,0,0,0,23,0,0,0,0,0,4,2,0,0,1,0,1,0,8,0,9,2,30,0,0,0,5,72,12,9,5,10,3,28,60,0,0,0,0,0,0,0,0,0,0,0,1,0,7,37,244,0,0,0,26,0,2,11,457,0,0,0,0,0,0,0,0,0,0,0,0,0,0,0,1,0,0,0,0,0,0,0,5,0,0,0,0,0,38,0,0,0,2,0,47,0,0,0,0,0,79,0,76,0,7,0,80,0,39,0,2,0,36,0,6,0,8,1,47,0,0,0
0,0,0,0,0,0,0,0,0,0,0,0,0,0,0,0,0,0,0,0,0,0,0,0,0,0,0,0,0,0,0,0,0,0,0,0,0,0,0,0,0,0,0,0,2,0,0,0,1,0,0,0,0,0,0,0,0,0,0,0,0,0,0,0,0,0,0,0,0,0,0,0,0,0,0,0,96,0,5,0,0,0,45,0,0,0,0,0,10,0,0,0,51,0,9,0,0,0,0,0,0,0,145,0,0,0,0,0,42,0,1,0,16,0,1,0,0,0,0,0,0,0,0,0,0,0,0,0,0,0,0,0,0,0,0,0,2,0,0,0,0,0,0,0,0,0,0,0,0,0,1,0,0,0,0,0,0,0,0,0,0,0,0,0,36,0,0,0,26,0,0,0,0,0,0,0,0,0,0,0,0,0,0,0,0,0,0,0,2,0,0,0,0,0,0,0,0,0,0,0,0,0,0,0,0,0,0,0,0,0,6,0,215,0,117,0,55,0,3,0,0,0,83,0,49,0,0,0,0,0,0,0,0,0,0,0,0,0,5,0,18,0,0,0,0,0,0,0,0
0,0,0,0,0,0,0,0,0,0,0,0,0,0,0,0,0,0,0,0,0,0,0,0,0,0,0,6,0,0,0,0,0,0,0,0,0,0,0,0,0,1,0,0,0,13,0,0,0,5,0,0,0,0,0,0,0,0,0,0,0,0,0,0,0,0,0,0,0,0,0,0,0,0,0,0,0,70,0,2,0,0,0,44,0,0,0,19,0,42,0,2,0,40,0,40,0,0,0,0,0,5,0,168,0,0,0,0,0,28,0,7,0,2,0,0,0,14,0,0,0,0,0,0,1,0,0,0,0,0,0,0,0,0,0,0,0,0,0,0,0,0,0,4,1,0,0,0,0,0,0,0,0,0,0,0,0,0,0,0,0,0,0,0,0,26,0,0,0,30,0,0,0,0,0,0,0,2,0,0,0,0,0,0,0,0,0,0,0,0,0,0,0,0,0,22,0,0,0,0,0,0,0,0,0,0,0,0,0,0,0,3,0,167,0,12,0,51,0,25,0,0,0,105,0,20,0,0,0,30,0,0,0,0,0,0,0,0,0,0,0,0,0,0,0,0,0,0,0
0,0,0,0,6,0,0,0,0,0,0,0,0,0,7,0,137,0,0,0,102,0,0,0,1,0,30,0,109,0,47,0,18,0,43,0,181,0,14,0,0,0,0,0,13,0,0,0,0,0,39,0,4,0,0,0,0,0,0,0,7,0,52,0,0,0,0,0,0,0,0,0,141,0,215,0,14,0,200,0,3,0,0,0,0,0,76,0,0,0,0,0,4,0,12,0,0,0,1,0,0,0,0,0,0,0,1,0,0,0,0,0,0,0,0,0,0,0,0,0,40,0,27,0,3,0,0,0,5,2,1,2,5,0,6,0,14,0,4,0,127,2,34,2,155,0,0,10,6,0,12,0,13,0,0,0,7,0,0,0,0,0,30,1,0,0,5,0,23,0,35,0,47,0,31,2,0,0,0,0,6,0,0,0,0,0,0,0,0,0,0,0,0,0,0,0,0,0,0,0,0,0,0,0,0,0,4,0,0,0,0,0,0,0,0,0,0,0,0,0,0,0,0,0,8,0,0,0,15,0,0,0,0,0,0,0,0,0,0,0,2,0,0,0,0,0,0,0,0
0,5,0,0,0,0,0,0,0,0,0,0,0,2,0,0,0,0,0,5,0,0,0,0,0,0,0,3,0,0,0,0,0,0,0,0,0,0,0,0,0,0,0,9,0,3,0,0,0,0,0,15,1,0,1,0,0,1,0,0,0,1,0,0,0,0,0,0,0,0,0,0,0,184,0,154,0,22,0,82,0,0,0,0,0,0,0,31,0,0,0,0,0,0,0,0,0,0,0,0,0,0,0,0,0,0,1,5,0,0,0,0,0,0,0,0,0,0,0,0,0,14,0,25,0,21,0,8,1,7,9,6,14,0,0,19,0,68,0,15,0,92,0,36,0,209,0,14,4,29,0,0,2,16,0,0,0,0,0,0,0,0,0,41,0,0,0,1,0,8,0,11,0,8,0,16,0,0,0,0,0,24,0,0,0,1,0,0,0,0,0,0,0,0,0,0,0,3,0,0,0,0,0,0,0,0,0,4,0,7,0,0,0,0,0,0,0,0,0,0,0,9,0,2,0,0,0,20,0,24,0,0,0,0,0,13,0,0,0,6,0,0,0,1,0,8,0,0,0
