0,331,20,202,94,76,10,189,102,0,124,58,100,0,20,112,72,31,0,0,0,0,7,252,7,189,22,0,73,13,0,0,0,0,0,0,0,2,159,0,0,0,0,0,0,0,21,0,4,0,0,0,4,6,0,0,0,0,17,0,193,0,98,30,22,0,24,0,0,0,0,0,0,0,0,0,0,0,0,0,0,0,0,0,0,0,0,0,0,0,0,0,0,0,0,0,0,2,0,0,0,0,0,0,0,0,0,6,0,0,0,0,0,0,0,0,0,0,0,0,0,0,0,0,44,0,0,0,0,0,70,0,0,0,0,0,0,0,0,0,0,0,0,0,0,0,75,0,74,0,43,0,0,0,0,0,0,0,0,0,0,0,0,0,0,0,0,0,24,0,11,0,268,0,0,0,462,126,12,0,16,0,65,0,14,0,0,0,0,0,0,0,0,0,0,0,0,0,0,0,0,0,0,0,0,0,0,0,75,0,892,192,429,0,319,6,5,0,0,0,0,0,0,0,0
331,0,199,46,0,258,0,62,0,61,13,296,0,180,0,0,144,0,0,123,0,11,214,15,277,0,0,235,0,142,0,0,0,186,0,0,0,139,0,497,0,21,0,0,0,0,0,65,0,0,0,0,1,3,0,27,0,7,0,5,0,183,28,71,0,72,0,10,0,0,0,0,0,0,0,0,0,0,0,0,0,0,0,0,0,0,0,0,0,1,0,0,0,0,0,0,0,0,0,0,0,0,0,0,0,0,0,0,0,0,0,0,0,0,0,0,0,0,0,0,0,0,0,0,0,170,0,139,0,0,0,103,0,58,0,57,0,104,0,2,0,0,0,20,0,0,0,0,0,220,0,116,0,124,0,1,0,0,0,1,0,0,0,0,0,10,0,0,0,24,0,61,10,278,0,0,81,467,0,13,0,50,20,0,0,76,0,0,0,0,0,0,0,0,0,0,0,0,0,0,0,0,0,0,0,0,0,40,0,145,0,7,0,0,247,0,0,0,629,219,428,0,0,7,0
20,199,0,127,212,0,61,41,8,0,82,100,83,0,172,120,212,22,100,0,132,0,183,188,57,45,0,0,441,25,118,0,0,0,0,0,0,0,303,0,0,0,0,0,22,0,0,0,3,0,0,0,0,0,152,4,9,0,17,0,127,0,195,6,20,0,4,0,0,0,0,0,0,0,0,0,0,0,0,0,0,0,0,0,0,0,0,0,0,0,0,0,0,0,0,0,0,0,0,0,0,0,0,0,0,0,0,0,0,0,0,0,0,0,0,0,0,0,0,0,0,0,0,0,100,0,209,0,16,0,81,0,30,0,298,0,49,0,0,0,0,0,0,2,0,0,117,0,73,0,107,0,10,0,0,0,0,0,1,0,12,0,1,0,0,0,22,0,34,0,0,0,383,0,0,0,79,62,0,0,0,0,0,0,0,0,0,0,0,0,0,0,0,0,0,0,28,0,34,0,111,0,0,0,3,0,46,0,372,0,662,101,695,0,375,0,0,0,0,0,0,0,0,0,0
202,46,127,0,0,353,0,47,0,2,0,49,0,77,0,304,63,33,0,466,0,48,163,110,51,19,0,225,0,239,0,93,0,348,0,0,1,0,0,512,0,0,0,0,0,0,0,22,0,2,0,0,0,8,0,84,0,7,0,0,7,0,0,73,0,0,1,0,0,0,0,0,0,0,0,0,0,0,0,0,0,0,0,0,0,0,0,0,0,0,0,0,0,0,0,0,0,0,0,0,0,0,0,0,0,0,0,0,0,0,0,0,0,0,0,0,0,0,0,0,0,0,0,0,0,61,0,24,0,65,0,54,0,93,0,109,0,231,0,0,0,7,0,28,0,0,0,0,0,19,0,0,0,0,0,5,0,0,0,3,0,0,0,0,0,8,0,0,0,35,0,31,0,324,0,0,28,80,0,3,0,0,0,0,0,0,0,0,0,0,0,0,0,0,0,0,0,0,0,0,0,0,0,0,0,0,0,0,0,46,1,0,0,0,256,0,0,0,450,83,452,0,0,0,0
94,0,212,0,0,468,24,0,51,0,31,207,529,180,341,377,100,0,202,281,440,205,48,98,2,0,291,83,0,0,375,76,367,0,0,70,351,0,491,0,68,0,0,0,29,0,112,0,0,0,79,0,0,0,13,0,0,0,0,0,0,0,0,0,26,0,0,0,0,0,0,0,0,0,0,0,0,0,0,0,0,0,0,0,0,0,0,0,0,0,0,0,0,0,0,0,0,0,0,0,0,0,0,0,0,0,0,0,0,0,0,0,0,0,0,0,0,0,0,0,0,0,0,0,30,0,0,0,0,0,0,0,0,0,106,0,0,0,0,0,0,0,0,0,0,0,94,0,100,0,159,0,64,0,0,0,0,0,0,0,0,0,0,0,40,0,437,0,63,0,0,0,203,0,0,0,294,170,119,0,30,0,36,0,52,0,0,0,0,0,0,0,0,0,0,0,0,0,0,0,0,0,0,0,0,0,19,0,142,0,721,589,849,0,271,0,0,0,0,0,0,0,0,0,0
76,258,0,353,468,0,0,36,0,0,312,210,57,275,483,108,54,0,138,281,265,142,238,105,0,25,0,310,0,0,95,348,59,381,0,345,0,309,0,0,0,11,0,0,0,19,0,60,0,0,0,0,0,0,0,28,0,0,0,0,0,12,1,15,0,0,0,0,0,0,0,0,0,0,0,0,0,0,0,0,0,0,0,0,0,98,0,0,0,0,0,0,0,0,0,0,0,0,0,0,0,0,0,0,0,0,0,0,0,0,0,0,0,0,0,0,0,0,0,0,0,0,0,0,0,0,0,0,0,0,0,0,0,0,0,98,0,211,0,0,0,15,0,54,0,0,0,0,0,0,0,147,0,132,0,0,0,0,0,0,0,0,0,0,0,0,0,401,0,116,0,33,0,328,0,0,150,328,51,34,0,114,0,0,0,51,0,0,0,0,0,0,0,0,0,0,0,0,0,0,0,0,0,0,0,0,0,13,0,0,10,18,0,0,330,0,0,0,924,452,848,0,0,0,0
10,0,61,0,24,0,0,0,32,233,5,0,7,0,9,0,9,0,0,0,0,0,0,4,173,75,0,0,5,0,0,0,0,0,0,0,0,0,0,0,0,0,0,0,2,0,0,0,13,0,0,0,92,11,112,33,14,0,37,0,309,0,302,54,0,0,75,0,0,0,0,0,0,0,0,0,1,0,1,0,0,4,0,0,0,0,0,0,0,0,0,0,0,0,0,0,0,0,0,0,0,0,0,0,0,0,0,0,0,0,0,0,0,0,0,0,0,0,0,0,0,0,0,0,136,0,132,0,0,0,232,0,0,0,9,5,0,5,0,0,0,2,0,0,0,0,37,0,24,0,0,0,0,0,0,0,0,0,0,0,27,0,3,0,0,0,0,0,36,0,130,0,287,0,0,0,52,43,0,0,0,0,0,0,0,0,0,0,0,0,0,0,0,0,0,0,0,0,0,0,0,0,0,0,0,0,0,0,161,0,776,50,682,318,614,0,69,0,0,0,6,0,0,0,0
189,62,41,47,0,36,0,0,246,166,0,11,0,0,2,6,47,0,0,0,0,0,0,2,223,0,0,0,0,59,0,0,0,21,0,0,0,21,0,179,0,0,0,0,0,0,0,0,0,0,0,8,19,11,35,91,0,27,0,9,8,230,59,256,0,3,0,0,0,0,0,0,0,0,0,0,0,0,0,0,0,0,0,0,0,23,0,0,0,0,0,0,0,0,0,0,0,0,0,0,0,0,0,0,0,0,0,0,0,0,0,0,0,0,0,0,0,0,0,0,0,0,0,0,0,39,0,20,0,65,0,78,0,71,0,104,0,222,0,0,0,3,0,0,0,0,0,0,0,14,0,10,0,0,0,6,0,0,0,0,0,4,0,0,0,19,0,0,0,30,0,92,0,109,0,0,58,94,0,0,0,0,3,0,0,0,0,0,0,0,0,0,0,0,0,2,0,0,0,0,0,0,0,0,0,0,0,5,0,52,0,0,0,0,388,0,0,0,629,137,500,0,0,0,0
102,0,8,0,51,0,32,246,0,651,64,0,41,0,12,0,9,0,9,0,4,0,0,0,0,112,26,0,0,0,0,0,0,0,0,0,0,0,0,0,8,0,3,0,0,0,9,0,3,0,0,0,46,73,24,244,4,16,100,79,194,12,105,100,151,0,235,127,0,0,0,0,0,0,0,0,0,0,0,0,0,0,0,0,0,13,0,0,0,0,0,0,0,0,0,0,0,0,0,0,0,0,0,0,0,0,0,0,0,0,0,0,0,0,0,0,0,0,0,0,0,0,0,0,61,0,0,0,0,0,107,1,0,0,8,0,0,0,0,0,0,0,0,0,0,0,78,0,159,0,64,0,17,0,0,4,0,0,0,0,8,0,0,0,0,0,0,0,20,0,123,0,138,0,0,0,439,79,0,0,0,0,8,0,126,11,1,0,0,0,0,0,0,0,0,0,0,0,9,0,0,0,0,0,0,0,0,0,59,0,517,116,287,0,238,0,0,0,0,7,0,0,0,0,0
0,61,0,2,0,0,233,166,651,0,0,31,0,0,0,0,19,0,0,0,0,0,0,0,235,0,0,20,0,0,0,0,0,0,0,0,0,0,0,0,0,0,0,0,0,0,0,0,0,0,0,3,81,77,268,72,0,15,96,31,0,183,113,188,0,209,27,64,0,0,0,0,0,0,0,0,0,0,0,0,0,0,0,0,0,15,0,0,0,0,0,0,0,0,0,0,0,1,0,0,0,0,0,0,0,0,0,0,0,0,0,0,0,0,0,0,0,0,0,0,0,0,0,0,0,94,0,57,0,0,0,66,0,33,0,17,0,29,0,0,0,0,0,10,0,0,0,42,0,199,0,47,0,15,0,3,1,20,0,2,0,4,0,0,0,6,0,0,0,12,0,61,0,22,0,0,162,273,0,0,0,0,0,0,0,42,0,0,0,0,0,0,0,0,0,0,0,2,0,0,0,0,0,0,0,0,0,0,0,51,9,0,14,0,294,0,0,0,438,141,255,194,58,0,0
124,13,82,0,31,312,5,0,64,0,0,131,393,25,25,348,0,1,25,99,95,130,4,90,0,0,53,0,0,5,0,27,165,20,0,0,176,16,220,0,17,0,6,0,0,0,53,0,0,0,0,0,0,0,1,0,0,0,0,0,0,0,0,0,10,0,2,0,0,0,0,0,0,0,0,0,0,0,0,0,0,0,0,0,0,0,0,0,0,0,0,0,0,0,0,0,0,0,0,0,0,0,0,0,0,0,0,0,0,0,0,0,0,0,0,0,0,0,0,0,0,0,0,0,0,0,15,0,0,0,0,0,0,0,6,0,0,0,0,0,0,0,0,0,0,0,43,0,52,0,72,0,0,0,0,0,0,0,0,0,0,0,0,0,0,0,163,0,0,0,0,0,83,0,12,0,274,111,118,0,51,0,40,0,25,0,1,0,0,0,0,0,0,0,0,0,0,0,0,0,0,0,0,0,0,0,10,0,62,0,195,271,205,0,56,0,0,0,0,0,25,0,0,0,0
58,296,100,49,207,210,0,11,0,31,131,0,13,588,233,9,39,8,66,62,121,42,208,25,8,2,0,245,0,0,42,121,16,247,0,147,0,204,0,109,0,73,0,0,0,13,0,124,0,0,0,0,0,0,0,0,0,0,0,0,0,0,0,0,0,21,0,0,0,0,0,0,0,0,0,6,0,0,0,0,0,0,0,0,0,38,0,0,0,0,0,0,0,0,0,0,0,0,0,0,0,0,0,0,0,0,0,0,0,0,0,0,0,0,0,0,0,0,0,0,0,0,0,0,0,0,0,49,0,0,0,29,0,25,0,0,0,55,0,1,0,0,0,14,0,0,0,0,0,76,0,195,0,281,0,0,0,0,0,0,0,0,0,2,0,0,0,90,0,46,0,5,0,158,0,155,76,303,14,103,0,200,0,21,0,119,0,8,0,0,0,2,0,0,0,0,0,0,0,3,0,0,0,0,0,0,0,0,0,38,0,0,15,0,154,0,0,0,427,302,291,0,6,0,0
100,0,83,0,529,57,7,0,41,0,393,13,0,285,65,9,0,0,111,298,125,87,0,0,0,0,331,731,0,0,29,0,18,1,245,0,57,0,0,0,168,130,222,170,74,36,171,193,7,7,512,126,0,0,0,0,0,0,0,0,0,0,0,0,0,0,0,0,0,0,0,0,0,0,0,0,0,0,0,0,0,0,0,0,0,0,0,0,0,0,0,0,0,0,0,0,0,0,0,0,0,0,0,0,0,0,0,0,0,0,0,0,0,0,0,0,0,0,0,0,0,0,0,0,0,0,0,0,0,0,0,0,0,0,0,0,0,0,0,0,0,0,0,0,0,0,0,0,0,0,0,0,15,0,0,0,0,0,0,0,0,0,0,0,69,0,54,5,0,0,0,0,0,0,0,0,241,57,129,0,11,0,39,0,18,0,564,0,0,0,0,0,0,0,0,0,0,0,0,0,0,0,0,0,0,0,0,0,0,0,65,382,146,15,17,0,0,0,0,0,0,0,0,0,0
0,180,0,77,180,275,0,0,0,0,25,588,285,0,109,0,0,0,674,132,415,62,0,0,0,5,132,265,0,0,30,17,0,0,0,349,23,146,0,0,0,201,50,233,0,40,6,204,0,4,96,418,0,0,0,0,0,0,0,3,0,0,0,0,0,0,0,0,0,0,0,0,0,0,0,0,0,0,0,0,0,0,0,0,0,0,0,0,0,0,0,0,0,0,0,0,0,0,0,0,0,0,0,0,0,0,0,0,0,0,0,0,0,0,0,0,0,0,0,0,0,0,0,0,0,0,0,0,0,0,0,0,0,0,0,0,0,0,0,0,0,0,0,0,0,0,0,0,0,0,0,0,0,83,0,0,0,0,0,0,0,0,0,0,0,0,0,32,0,38,0,0,0,0,0,73,103,383,16,33,0,72,0,12,0,0,38,76,0,0,0,0,0,0,0,0,0,0,0,0,0,0,0,0,0,0,0,0,0,0,0,0,0,0,58,0,0,0,0,307,372,0,0,0,0
20,0,172,0,341,483,9,2,12,0,25,233,65,109,0,417,71,0,197,223,402,192,309,80,32,0,278,0,50,0,284,91,186,27,0,74,146,52,136,0,12,0,0,0,23,0,35,7,0,0,0,0,0,0,39,0,0,0,0,0,0,0,0,0,14,0,0,0,0,0,0,0,0,0,0,0,0,0,0,0,0,0,0,0,50,0,0,0,0,0,141,0,0,0,0,0,521,0,0,0,0,0,0,0,0,0,141,0,0,0,0,0,0,0,0,0,0,0,0,0,0,0,0,0,12,0,0,0,0,0,0,1,0,0,329,0,100,0,0,0,0,0,310,0,0,0,0,0,56,0,81,0,22,0,3,0,0,0,0,0,0,0,0,0,17,0,166,0,54,0,0,0,52,0,0,0,113,112,36,0,0,0,7,0,23,0,0,0,0,0,0,0,0,0,0,0,0,0,40,0,271,0,0,0,0,0,0,0,92,0,123,94,275,0,58,0,0,0,15,0,0,0,0,0,0
112,0,120,304,377,108,0,6,0,0,348,9,9,0,417,0,63,55,0,401,175,216,244,227,16,67,0,82,27,43,91,308,52,116,0,42,0,69,0,55,0,0,0,0,0,5,0,0,0,0,0,0,0,0,0,23,0,0,0,0,0,0,0,93,0,0,0,0,0,0,0,0,0,0,0,0,0,0,0,0,0,14,0,0,0,0,0,0,0,0,0,0,0,0,0,0,0,0,0,0,0,0,0,0,0,0,0,0,0,0,0,0,0,0,0,0,0,0,0,0,0,0,0,0,0,0,0,0,0,0,0,8,0,0,0,122,0,216,0,35,0,0,0,0,0,0,0,0,0,0,0,0,0,0,0,18,0,0,0,0,0,0,0,0,0,0,0,167,0,28,0,0,0,110,0,0,51,44,41,8,0,0,0,0,0,0,0,0,0,0,0,0,0,0,0,0,0,0,0,0,0,0,0,0,0,0,0,0,0,0,0,0,26,0,49,0,0,0,152,134,161,0,0,0,0
72,144,212,63,100,54,9,47,9,19,0,39,0,0,71,63,0,9,145,0,212,0,95,95,75,37,82,0,184,5,138,7,12,8,36,0,4,0,43,0,0,0,3,0,0,0,0,0,0,0,0,0,108,2,65,0,5,0,0,0,15,0,209,7,0,0,0,0,0,0,2,0,0,0,0,0,0,0,0,0,0,0,0,0,242,0,14,0,0,0,115,0,0,0,0,0,714,0,370,0,0,0,0,0,0,0,106,2,0,0,0,0,0,0,0,0,0,0,0,0,30,0,36,0,0,0,0,0,231,0,0,0,37,0,307,0,616,2,116,0,62,0,1111,0,0,0,0,0,0,0,7,0,0,0,39,0,1,0,43,0,9,0,0,0,0,0,0,0,0,0,0,0,37,0,0,0,26,14,0,0,0,0,6,0,0,0,0,0,0,0,0,0,0,0,0,0,0,0,0,0,144,0,0,0,0,0,0,0,0,0,28,219,45,0,0,0,1,0,0,0,0,0,0,0,0
31,0,22,33,0,0,0,0,0,0,1,8,0,0,0,55,9,0,0,72,0,218,18,186,0,113,0,0,0,235,0,45,0,37,0,0,0,0,0,103,0,0,0,0,0,0,0,0,0,0,0,0,0,11,2,27,0,50,0,0,0,0,0,184,0,0,0,0,0,0,0,0,0,0,0,0,0,4,0,0,0,0,0,0,0,53,0,0,0,0,0,0,0,0,0,0,0,0,0,0,0,0,0,0,0,0,0,0,0,0,0,0,0,0,0,0,0,0,0,0,0,0,0,0,1,0,0,0,0,0,0,0,0,52,0,124,0,270,2,125,0,17,0,147,0,0,0,0,0,0,0,0,0,0,0,59,0,0,0,34,0,11,0,0,0,0,0,0,0,0,0,0,0,34,0,0,0,0,0,0,0,0,0,0,0,0,0,0,0,0,0,0,0,0,0,0,0,0,0,0,0,0,0,0,0,0,0,0,0,0,0,0,0,0,0,0,0,0,0,28,0,0,0,0,0
0,0,100,0,202,138,0,0,9,0,25,66,111,674,197,0,145,0,0,544,349,185,200,0,0,0,220,658,3,0,128,0,61,0,482,130,200,86,0,0,6,51,20,0,32,0,19,43,0,0,223,64,3,0,0,0,0,0,0,0,0,0,0,0,0,0,0,0,0,0,43,1,0,0,44,0,0,0,0,0,115,0,0,0,0,0,56,0,0,0,0,0,0,0,0,0,0,0,911,0,0,0,0,0,0,0,0,0,0,0,0,0,0,0,0,0,0,0,0,0,249,0,0,0,0,0,0,0,0,0,0,0,0,0,0,0,0,0,0,0,0,0,290,0,0,0,24,0,0,0,30,0,0,0,0,0,0,0,0,0,0,0,0,0,66,13,106,0,0,0,0,0,7,0,0,0,151,92,39,0,0,0,14,0,13,0,170,0,0,0,0,0,0,0,0,0,0,0,0,0,0,0,0,0,0,0,0,0,25,0,96,237,210,20,22,0,0,0,0,0,0,0,0,0,0
0,123,0,466,281,281,0,0,0,0,99,62,298,132,223,401,0,72,544,0,318,238,0,149,0,0,0,276,0,0,42,274,17,0,62,423,25,199,0,0,0,13,0,15,0,18,0,20,0,0,71,105,0,0,0,0,0,0,0,2,0,0,0,159,0,14,0,0,0,0,0,0,0,0,0,0,0,0,0,0,0,0,0,0,0,657,0,0,0,0,0,0,0,0,0,0,0,0,0,0,0,0,0,0,0,0,0,0,0,0,0,0,0,0,0,0,0,0,0,0,0,0,0,0,0,0,0,0,0,0,0,0,0,0,0,286,0,601,0,0,0,0,0,673,0,0,0,0,0,0,0,0,0,0,0,0,0,0,0,0,0,0,0,4,0,63,0,78,0,53,0,5,0,18,0,0,59,80,34,0,0,0,0,0,0,36,0,33,0,0,0,0,0,0,0,0,0,0,0,0,0,0,0,0,0,0,0,0,0,0,0,0,8,0,68,0,0,0,159,313,198,0,0,0,0
0,0,132,0,440,265,0,0,4,0,95,121,125,415,402,175,212,0,349,318,0,164,163,61,0,0,220,518,50,0,98,46,24,13,79,87,33,47,8,0,0,90,5,0,21,0,4,88,4,0,29,68,0,0,0,0,0,0,0,0,0,0,7,0,0,0,0,0,0,0,0,0,0,0,0,0,0,0,0,0,93,0,0,0,381,0,42,0,0,0,0,0,0,0,0,0,629,0,0,0,0,0,0,0,0,0,0,0,0,0,0,0,0,0,0,0,0,0,0,0,0,0,100,0,0,0,0,0,0,0,2,0,0,0,0,0,0,0,0,0,81,0,550,0,0,0,0,0,0,0,0,0,0,0,0,0,0,0,0,0,0,0,0,0,87,0,102,14,44,0,0,0,14,0,0,0,50,28,52,0,0,0,0,0,5,0,55,3,0,0,0,0,0,0,0,0,0,0,0,0,0,0,0,0,0,0,0,0,0,0,174,378,201,43,52,0,0,0,0,0,0,0,0,0,0
0,11,0,48,205,142,0,0,0,0,130,42,87,62,192,216,0,218,185,238,164,0,40,343,0,0,0,130,12,104,44,119,24,0,20,90,0,78,0,0,0,25,0,0,0,49,0,0,0,13,17,24,0,13,0,0,0,0,0,0,0,0,0,118,0,0,0,0,0,0,0,0,0,0,0,0,0,0,0,0,0,0,0,0,0,296,0,0,0,0,0,0,0,0,0,0,0,0,0,0,0,0,0,0,0,0,0,0,0,0,0,0,0,0,0,0,0,0,0,0,0,0,0,0,0,0,0,0,0,0,0,0,0,0,0,97,0,381,0,0,0,271,0,672,0,16,0,0,0,0,0,0,0,0,0,0,0,0,0,0,0,0,0,0,0,31,5,9,0,30,0,0,0,9,0,0,17,25,12,24,0,0,0,1,0,0,0,30,0,0,0,0,0,0,0,0,0,0,0,0,0,0,0,0,0,0,0,0,0,0,0,0,0,0,53,0,0,0,183,413,124,0,0,0,0
7,214,183,163,48,238,0,0,0,0,4,208,0,0,309,244,95,18,200,0,163,40,0,374,64,30,167,0,80,37,44,37,0,46,0,0,8,15,52,21,10,0,0,0,43,0,23,1,0,0,0,0,0,0,150,0,5,0,0,0,17,0,24,0,0,0,0,0,0,0,0,0,0,0,0,0,0,0,0,0,0,0,0,0,0,0,0,0,0,0,104,0,0,0,0,0,287,0,0,0,0,0,0,0,0,0,0,0,0,0,0,0,0,0,0,0,0,0,0,0,0,0,0,0,0,0,0,0,0,0,0,0,0,0,641,0,274,0,0,0,4,0,387,0,0,0,0,0,0,0,0,0,0,0,2,0,0,0,0,0,0,0,0,0,0,0,0,0,0,0,0,0,62,0,0,0,64,60,0,0,0,0,0,0,1,0,0,0,0,0,0,0,0,0,0,0,0,0,0,0,300,0,0,0,0,0,0,0,0,0,91,245,97,0,0,0,0,0,0,0,0,0,0,0,0
252,15,188,110,98,105,4,2,0,0,90,25,0,0,80,227,95,186,0,149,61,343,374,0,42,105,0,49,0,335,20,91,0,178,0,0,0,0,37,271,0,0,0,0,0,0,0,0,0,0,0,0,0,9,0,17,0,17,0,0,3,0,0,121,0,0,0,0,0,0,0,0,0,0,0,0,0,0,0,0,0,0,0,0,0,56,0,0,0,0,0,1,0,0,0,0,0,7,0,0,0,0,0,0,0,0,0,0,0,0,0,0,0,0,0,0,0,0,0,0,0,0,0,0,0,0,0,0,0,0,0,0,0,16,0,64,0,123,0,0,0,0,0,86,0,0,0,0,0,0,0,0,0,0,0,15,0,0,0,0,0,0,0,0,0,0,0,20,0,13,0,12,4,98,0,0,12,48,0,34,0,0,15,0,0,0,0,1,0,0,0,0,0,0,0,0,0,0,0,0,0,0,0,0,0,0,0,0,0,0,0,0,0,0,48,0,0,0,115,100,160,13,0,0,0
7,277,57,51,2,0,173,223,0,235,0,8,0,0,32,16,75,0,0,0,0,0,64,42,0,142,0,0,63,0,0,0,0,0,0,0,1,0,8,0,0,0,0,0,0,0,0,0,0,0,0,0,38,10,104,20,8,0,4,0,66,9,270,76,0,0,0,3,0,0,0,0,0,0,0,0,0,0,0,0,0,0,0,0,0,20,0,4,0,0,20,0,0,0,0,0,0,0,0,0,0,0,0,0,0,0,8,0,0,0,0,0,0,0,0,0,0,0,0,0,0,0,0,0,0,0,0,0,49,0,0,0,32,0,259,0,125,6,0,0,0,0,66,10,0,0,0,0,0,0,0,0,0,0,0,0,0,0,7,0,12,0,0,0,0,0,0,0,0,0,13,0,67,0,0,0,22,31,0,0,0,0,6,0,0,0,0,0,0,0,0,0,0,0,0,0,6,0,0,0,64,1,0,0,0,0,0,0,72,0,92,61,104,37,69,0,0,0,4,3,0,0,0,0,0
189,0,45,19,0,25,75,0,112,0,0,2,0,5,0,67,37,113,0,0,0,0,30,105,142,0,0,0,0,184,0,0,0,0,0,0,0,0,0,248,0,0,0,0,0,0,0,0,0,0,0,0,7,20,7,32,0,9,0,0,11,128,26,474,0,0,0,0,0,0,0,0,0,0,0,0,0,0,0,0,0,0,0,0,0,0,0,3,0,0,0,0,0,0,0,0,0,0,0,0,0,0,0,0,0,0,0,0,0,0,0,0,0,0,0,0,0,0,0,0,0,0,0,2,0,4,0,0,0,44,0,6,0,18,0,30,0,50,0,0,0,0,0,0,0,1,0,0,1,0,0,0,0,0,0,10,0,0,0,0,0,0,0,3,0,10,0,0,0,16,0,75,0,222,0,0,13,0,0,0,0,0,0,4,0,0,0,0,0,0,0,0,0,0,0,0,0,0,0,0,0,0,0,0,0,0,0,0,0,0,0,0,0,0,347,0,0,0,442,73,509,0,0,31,0
22,0,0,0,291,0,0,0,26,0,53,0,331,132,278,0,82,0,220,0,220,0,167,0,0,0,0,554,23,0,38,0,25,0,35,0,209,0,0,0,69,189,150,211,52,0,176,386,34,13,292,106,0,0,0,0,8,0,0,0,0,0,0,0,0,0,0,0,0,0,104,0,0,0,57,0,0,0,0,0,179,0,0,0,553,0,0,0,0,0,0,0,0,0,0,0,646,0,0,0,0,0,0,0,0,0,0,0,0,0,0,0,0,0,0,0,0,0,0,0,389,0,0,0,0,0,0,0,0,0,0,0,0,0,0,0,0,0,0,0,0,0,0,0,0,0,0,0,0,0,61,0,27,0,0,0,0,0,0,0,0,0,0,0,164,0,31,0,73,0,14,0,0,0,0,0,0,47,33,0,0,0,46,0,0,0,267,0,0,0,0,0,0,0,0,0,0,0,0,0,0,0,0,0,0,0,0,0,0,0,0,494,330,0,0,0,0,8,0,0,0,0,0,0,0
0,235,0,225,83,310,0,0,0,20,0,245,731,265,0,82,0,0,658,276,518,130,0,49,0,0,554,0,0,0,0,35,0,0,113,121,0,80,0,0,93,56,249,228,0,76,0,58,0,46,258,298,0,0,0,0,0,0,0,0,0,0,0,73,0,0,0,0,0,0,0,15,0,0,0,0,0,0,0,0,0,0,0,0,0,938,0,0,0,0,0,0,0,0,0,0,0,0,0,75,0,0,0,0,0,0,0,0,0,0,0,0,0,0,0,0,0,0,0,0,0,0,0,0,0,0,0,0,0,0,0,0,0,0,0,0,0,467,0,0,0,229,0,1045,0,0,0,0,0,0,0,0,0,175,0,0,0,0,0,0,0,0,0,0,0,163,0,31,0,112,0,0,0,23,0,0,66,232,0,29,0,122,0,0,0,56,111,59,0,0,0,0,0,0,0,0,0,0,0,0,0,0,0,0,0,0,0,0,0,0,0,0,0,0,88,0,0,0,178,773,460,38,0,0,3
73,0,441,0,0,0,5,0,0,0,0,0,0,0,50,27,184,0,3,0,50,12,80,0,63,0,23,0,0,0,61,4,35,0,93,0,53,0,16,0,0,0,25,0,0,0,0,0,0,0,25,0,6,0,0,0,0,0,0,0,11,0,17,0,0,0,0,2,0,0,23,0,0,0,16,0,0,0,0,0,57,0,0,0,245,0,0,0,0,0,0,0,0,0,0,0,234,0,412,0,7,0,0,0,0,0,0,0,0,0,0,0,0,0,0,0,0,0,0,0,145,0,73,0,0,0,0,0,26,0,0,0,0,0,0,0,105,0,121,0,166,0,470,0,0,0,0,0,0,0,0,0,0,0,4,0,0,0,0,0,0,0,0,0,0,0,0,0,0,0,0,0,0,0,0,0,19,0,0,0,0,0,0,0,0,0,0,0,0,0,0,0,0,0,0,0,0,0,0,0,0,0,0,0,0,0,0,0,0,0,27,92,7,5,0,0,0,0,0,0,0,0,0,0,0
13,142,25,239,0,0,0,59,0,0,5,0,0,0,0,43,5,235,0,0,0,104,37,335,0,184,0,0,0,0,0,158,0,29,0,343,0,5,5,6,0,0,0,30,0,0,0,0,0,0,0,15,0,17,0,48,0,19,0,0,0,9,0,95,0,0,0,0,0,0,0,0,0,0,0,0,0,0,0,0,0,0,0,0,0,62,0,0,0,0,0,0,0,0,0,0,0,0,0,0,0,4,0,0,0,0,0,0,0,0,0,0,0,0,0,0,0,0,0,0,0,0,0,0,0,0,0,0,0,0,0,0,0,29,0,63,0,238,0,251,0,126,0,241,0,0,0,0,0,0,0,0,0,0,0,26,0,0,0,0,0,0,0,0,0,0,0,0,0,0,0,0,0,0,0,0,0,13,0,21,0,0,0,1,0,0,0,0,0,0,0,0,0,0,0,0,0,0,0,0,0,7,0,0,0,0,0,0,0,0,0,0,0,0,0,0,0,0,0,164,11,0,0,0,0
0,0,118,0,375,95,0,0,0,0,0,42,29,30,284,91,138,0,128,42,98,44,44,20,0,0,38,0,61,0,0,16,10,0,207,0,28,0,1,0,0,0,12,0,0,0,0,0,0,0,18,0,0,0,0,0,0,0,0,0,0,0,13,0,0,0,0,0,0,0,14,0,0,0,0,0,0,0,0,0,39,0,0,0,0,0,0,0,0,0,0,0,0,0,0,0,0,0,0,0,0,0,0,0,0,0,0,0,0,0,0,0,0,0,0,0,0,0,0,0,95,0,0,0,0,0,0,0,0,0,0,0,0,0,0,0,0,0,0,0,0,0,182,0,0,0,0,0,0,0,0,0,0,0,0,0,0,0,0,0,0,0,0,0,14,0,80,0,0,0,0,0,0,0,0,0,42,0,56,0,0,0,0,0,0,0,0,0,0,0,0,0,0,0,0,0,0,0,0,0,0,0,0,0,0,0,0,0,0,0,71,175,90,0,27,0,0,0,0,0,0,0,0,0,0
0,0,0,93,76,348,0,0,0,0,27,121,0,17,91,308,7,45,0,274,46,119,37,91,0,0,0,35,4,158,16,0,9,4,0,87,0,6,0,6,0,0,0,22,0,0,0,0,0,0,0,40,0,0,0,0,0,0,0,0,0,0,0,41,0,0,0,0,0,0,0,0,0,0,0,0,0,0,0,0,0,0,0,0,0,62,0,0,0,0,0,0,0,0,0,0,0,0,0,0,0,0,0,0,0,0,0,0,0,0,0,0,0,0,0,0,0,0,0,0,0,0,0,0,0,0,0,0,0,0,0,0,0,0,0,0,0,0,0,0,0,0,0,0,0,0,0,0,0,0,0,0,0,0,0,0,0,0,0,0,0,1,0,0,0,0,0,39,0,0,0,0,0,23,0,0,5,17,6,44,0,0,0,0,0,0,0,0,0,0,0,0,0,0,0,0,0,0,0,0,0,0,0,0,0,0,0,0,0,0,0,0,0,0,27,0,0,0,132,177,69,0,0,0,0
0,0,0,0,367,59,0,0,0,0,165,16,18,0,186,52,12,0,61,17,24,24,0,0,0,0,25,0,35,0,10,9,0,1,38,6,169,0,0,0,0,0,0,0,0,0,2,0,0,0,11,0,0,0,0,0,0,0,0,0,0,0,2,0,0,0,0,0,6,0,16,0,0,0,0,0,0,0,0,0,0,0,0,0,0,0,10,0,0,0,0,0,0,0,0,0,0,0,0,0,0,0,0,0,0,0,0,0,0,0,0,0,0,0,0,0,0,0,0,0,0,0,0,0,0,0,0,0,0,0,0,0,0,0,0,0,0,0,0,0,0,0,0,0,15,0,0,0,0,0,0,0,0,0,0,0,0,0,0,0,0,0,0,0,0,0,52,0,0,0,5,0,0,0,0,0,42,6,89,0,0,0,0,0,0,0,0,0,0,0,0,0,0,0,0,0,3,0,0,0,0,0,0,0,0,0,0,0,0,0,0,155,63,0,21,0,0,0,0,0,0,0,0,0,0
0,186,0,348,0,381,0,21,0,0,20,247,1,0,27,116,8,37,0,0,13,0,46,178,0,0,0,0,0,29,0,4,1,0,0,0,0,96,0,1,0,0,0,0,0,0,0,0,0,0,0,0,0,0,0,0,0,0,0,0,0,2,0,22,0,0,0,0,0,0,0,0,0,0,0,0,0,0,0,0,0,0,0,0,0,0,0,0,0,0,0,0,0,0,0,0,0,0,0,0,0,0,0,0,0,0,0,0,0,0,0,0,0,0,0,0,0,0,0,0,0,0,0,0,0,0,0,0,0,0,0,0,0,0,0,0,0,96,0,72,0,90,0,82,0,14,0,0,0,0,0,0,0,0,0,0,0,0,0,0,0,0,0,0,0,0,0,48,0,0,0,0,0,16,0,0,0,51,0,156,0,0,0,0,0,5,0,0,0,0,0,0,0,0,0,0,0,0,0,0,0,0,0,0,0,0,0,3,0,0,0,0,0,0,0,0,0,0,31,210,42,0,0,0,0
0,0,0,0,0,0,0,0,0,0,0,0,245,0,0,0,36,0,482,62,79,20,0,0,0,0,35,113,93,0,207,0,38,0,0,0,63,0,4,0,0,6,2,0,5,0,0,0,2,0,39,0,1,0,0,0,0,0,0,0,0,0,0,0,0,0,2,0,0,0,0,0,0,0,0,0,0,0,0,0,0,0,0,0,0,0,0,0,0,0,0,0,0,0,0,0,0,0,0,0,0,0,0,0,0,0,0,0,0,0,0,0,0,0,0,0,0,0,0,0,0,0,0,0,0,0,0,0,0,0,0,0,0,0,0,0,0,0,0,0,0,0,0,0,0,0,0,0,0,0,0,0,0,0,0,0,0,0,0,0,0,0,0,0,69,0,64,0,0,0,0,0,6,0,0,0,20,0,44,0,0,0,0,0,0,0,0,0,0,0,0,0,0,0,0,0,0,0,0,0,0,0,0,0,0,0,0,0,0,0,0,98,123,0,0,2,0,0,0,0,0,0,0,0,0
0,0,0,0,70,345,0,0,0,0,0,147,0,349,74,42,0,0,130,423,87,90,0,0,0,0,0,121,0,343,0,87,6,0,0,0,0,363,0,23,0,22,10,2,0,19,0,0,0,0,0,44,0,0,0,0,0,0,0,0,0,8,0,33,0,0,0,0,0,0,0,9,0,0,0,0,0,0,0,0,0,0,0,0,0,263,0,0,0,0,0,0,0,0,0,0,0,0,0,0,0,0,0,0,0,0,0,0,0,0,0,0,0,0,0,0,0,0,0,0,0,0,0,0,0,0,0,0,0,0,0,0,0,0,0,0,0,0,0,0,0,284,0,366,0,0,0,0,0,0,0,0,0,0,0,0,0,0,0,0,0,0,0,0,0,94,3,94,0,31,0,0,0,18,0,0,0,131,0,20,0,0,0,0,0,0,5,129,0,0,0,0,0,0,0,0,0,0,0,0,0,0,0,0,0,0,0,0,0,0,0,0,0,0,40,0,0,0,110,269,229,14,0,0,0
0,0,0,1,351,0,0,0,0,0,176,0,57,23,146,0,4,0,200,25,33,0,8,0,1,0,209,0,53,0,28,0,169,0,63,0,0,0,134,0,0,0,47,0,51,0,0,0,0,0,163,0,0,0,0,0,0,0,11,0,35,0,0,0,0,0,0,0,0,0,100,0,0,0,65,0,0,0,0,0,82,0,14,0,103,0,0,0,0,0,0,0,0,0,0,0,0,0,407,0,0,0,0,0,0,0,0,0,0,0,0,0,0,0,0,0,0,0,0,0,250,0,0,0,0,0,0,0,7,0,0,0,0,0,0,0,0,0,91,0,112,0,128,0,132,0,0,0,0,0,0,0,0,0,0,0,13,0,0,0,0,0,71,0,19,0,53,0,15,0,32,0,50,0,0,0,39,12,58,0,0,0,0,0,0,0,5,0,0,0,0,0,0,0,0,0,0,0,0,0,0,0,0,0,0,0,0,0,0,0,18,52,66,0,0,0,0,0,0,0,0,0,0,0,0
2,139,0,0,0,309,0,21,0,0,16,204,0,146,52,69,0,0,86,199,47,78,15,0,0,0,0,80,0,5,0,6,0,96,0,363,0,0,0,38,0,0,0,82,0,11,0,4,0,0,0,76,0,0,0,0,0,0,0,0,0,29,0,17,0,0,0,0,0,0,0,11,0,0,0,12,0,0,0,0,0,0,0,0,0,218,0,16,0,0,0,0,0,0,0,0,0,0,0,15,0,0,0,0,0,0,0,0,0,0,0,0,0,0,0,0,0,0,0,0,0,0,0,0,0,0,0,0,0,0,0,0,0,0,0,0,0,110,0,233,0,578,0,489,0,166,0,0,0,0,0,0,0,0,0,0,0,45,0,0,0,0,0,0,0,41,0,17,0,14,0,9,0,67,0,0,0,75,4,70,0,0,0,0,0,0,0,29,0,0,0,0,0,0,0,0,0,0,0,0,0,0,0,0,0,0,0,0,0,0,0,0,0,0,0,0,0,0,18,221,55,0,0,0,0
159,0,303,0,491,0,0,0,0,0,220,0,0,0,136,0,43,0,0,0,8,0,52,37,8,0,0,0,16,5,1,0,0,0,4,0,134,0,0,0,0,0,0,0,0,0,0,0,0,0,0,0,0,0,0,0,0,0,0,0,12,0,6,0,0,0,0,0,0,0,38,0,0,0,23,0,0,0,0,0,68,0,0,0,128,0,31,0,0,0,0,0,0,0,0,0,88,0,341,0,0,0,0,0,0,0,0,0,0,0,0,0,0,0,0,0,0,0,0,0,205,0,62,0,0,0,0,0,0,0,0,0,0,0,0,0,0,0,91,0,107,0,118,0,77,0,0,0,0,0,0,0,0,0,3,0,16,0,0,0,0,0,0,0,0,0,80,0,0,0,16,0,31,0,0,0,84,21,75,0,0,0,0,0,0,0,0,0,0,0,0,0,0,0,0,0,0,0,0,0,0,0,0,0,0,0,0,0,0,0,37,258,23,0,0,0,0,0,0,0,0,0,0,0,0
0,497,0,512,0,0,0,179,0,0,0,109,0,0,0,55,0,103,0,0,0,0,21,271,0,248,0,0,0,6,0,6,0,1,0,23,0,38,0,0,0,0,0,0,0,0,0,0,0,0,0,1,0,2,2,0,0,7,0,0,0,27,0,20,0,0,0,0,0,0,0,0,0,0,0,0,0,0,0,0,0,0,0,0,0,0,0,0,0,0,0,0,0,0,0,0,0,0,0,0,0,0,0,0,0,0,0,0,0,0,0,0,0,0,0,0,0,0,0,0,0,0,0,0,0,0,0,0,0,0,0,0,0,0,0,0,0,65,0,255,0,216,0,74,0,56,0,0,0,0,0,0,0,0,0,13,0,10,0,0,0,0,0,0,0,0,0,12,0,0,0,0,0,26,0,0,0,40,0,40,0,0,0,39,0,0,0,0,0,0,0,0,0,0,0,0,0,0,0,0,0,0,0,0,0,0,0,0,0,0,0,0,0,0,8,0,0,0,48,206,8,0,0,0,0
0,0,0,0,68,0,0,0,8,0,17,0,168,0,12,0,0,0,6,0,0,0,10,0,0,0,69,93,0,0,0,0,0,0,0,0,0,0,0,0,0,71,6,46,18,72,19,251,44,60,0,0,0,0,0,0,0,0,0,0,0,0,0,0,0,0,0,0,0,0,0,0,0,0,0,0,0,0,0,0,0,0,0,0,0,0,0,0,0,0,0,0,0,0,0,0,0,0,0,0,0,0,0,0,0,0,0,0,0,0,0,0,0,0,0,0,0,0,0,0,0,0,0,0,0,0,0,0,0,0,0,0,0,0,0,0,0,0,0,0,0,0,0,0,0,0,0,0,0,0,0,0,0,0,0,0,0,0,0,0,0,0,0,0,3,0,0,0,0,0,0,0,0,0,0,0,20,23,12,0,0,0,16,0,0,0,196,0,0,0,0,0,0,0,0,0,0,0,0,0,0,0,0,0,0,0,0,0,0,0,0,54,0,0,0,0,0,14,0,13,0,0,1,0,0
0,21,0,0,0,11,0,0,0,0,0,73,130,201,0,0,0,0,51,13,90,25,0,0,0,0,189,56,0,0,0,0,0,0,6,22,0,0,0,0,71,0,80,147,36,63,75,96,3,98,43,35,0,0,0,0,0,0,0,0,0,0,0,0,0,0,0,0,0,0,0,0,0,0,0,0,0,0,0,0,0,0,0,0,0,0,0,0,0,0,0,0,0,2,0,0,0,0,0,0,0,0,0,0,0,0,0,0,0,0,0,0,0,0,0,0,0,0,0,0,0,0,0,0,0,0,0,0,0,0,0,0,0,0,0,0,0,0,0,0,0,0,0,0,0,0,0,0,0,0,0,0,0,0,0,0,0,0,0,0,0,0,0,0,0,18,0,0,0,0,0,0,0,0,0,0,0,180,0,23,0,25,0,0,0,0,40,16,0,0,0,0,0,0,0,0,0,0,0,0,0,0,0,0,0,0,0,0,0,0,0,0,0,0,0,0,0,0,15,42,45,0,0,0,9
0,0,0,0,0,0,0,0,3,0,6,0,222,50,0,0,3,0,20,0,5,0,0,0,0,0,150,249,25,0,12,0,0,0,2,10,47,0,0,0,6,80,0,86,66,49,40,216,42,34,26,38,0,0,0,0,1,0,0,0,4,0,0,0,0,0,0,0,2,0,9,0,0,0,0,0,0,0,0,0,0,0,7,2,0,0,0,0,0,0,0,0,0,0,0,0,0,0,0,0,0,0,0,0,0,0,0,0,0,0,0,0,0,0,0,0,0,0,0,0,0,0,0,0,0,0,0,0,0,0,0,0,0,0,0,1,0,0,0,0,0,0,0,0,0,0,0,0,0,0,0,0,0,0,0,0,0,0,0,0,0,0,7,0,25,5,19,0,10,0,5,0,6,0,0,0,11,21,18,0,0,0,7,0,0,0,240,0,0,0,0,0,0,0,0,0,0,0,0,0,0,0,0,0,0,0,0,0,0,0,20,82,95,0,9,0,0,1,0,7,0,0,0,0,0
0,0,0,0,0,0,0,0,0,0,0,0,170,233,0,0,0,0,0,15,0,0,0,0,0,0,211,228,0,30,0,22,0,0,0,2,0,82,0,0,46,147,86,0,0,91,0,35,0,50,59,99,0,0,0,0,0,0,0,0,0,0,0,4,0,0,0,0,0,0,0,6,0,0,0,0,0,0,0,0,0,0,0,9,0,0,0,0,0,0,0,0,0,0,0,7,0,0,0,0,0,0,0,0,0,0,0,0,0,0,0,0,0,0,0,0,0,0,0,0,0,0,0,0,0,0,0,0,0,0,0,0,0,0,0,0,0,0,0,0,0,0,0,149,0,0,0,0,0,0,0,0,0,0,0,0,0,0,0,0,0,0,0,5,0,43,0,17,0,23,0,5,0,8,0,0,0,213,0,0,0,0,0,0,0,0,38,216,0,0,0,0,0,0,0,0,0,0,0,0,0,0,0,0,0,0,0,0,0,0,0,0,0,0,0,0,0,0,43,28,76,3,0,0,0
0,0,22,0,29,0,2,0,0,0,0,0,74,0,23,0,0,0,32,0,21,0,43,0,0,0,52,0,0,0,0,0,0,0,5,0,51,0,0,0,18,36,66,0,0,25,62,71,184,46,50,0,0,0,0,0,0,0,0,1,3,0,0,0,0,0,6,0,30,0,89,0,0,0,38,0,0,0,0,0,99,0,94,0,240,0,0,0,0,0,0,0,55,0,0,0,342,0,813,0,21,0,31,0,0,0,0,0,3,0,0,0,1,0,0,0,0,0,0,0,191,0,0,0,0,0,0,0,0,0,0,0,0,0,0,0,0,0,0,0,0,0,0,0,0,0,0,0,0,0,0,0,7,0,0,0,0,0,0,0,3,0,0,0,248,3,35,0,64,0,11,0,31,0,0,0,13,13,0,0,0,0,0,0,0,0,58,0,0,0,0,0,0,0,38,0,0,0,0,0,0,0,0,0,0,0,0,0,0,0,24,254,305,8,14,0,0,69,0,8,0,0,0,0,0
0,0,0,0,0,19,0,0,0,0,0,13,36,40,0,5,0,0,0,18,0,49,0,0,0,0,0,76,0,0,0,0,0,0,0,19,0,11,0,0,72,63,49,91,25,0,86,106,13,176,0,60,0,0,0,0,0,0,0,0,0,0,0,0,0,0,0,0,0,37,0,8,0,0,0,16,0,65,0,0,0,132,0,133,0,297,0,46,0,0,0,0,0,29,0,204,0,0,0,0,0,81,0,0,0,0,0,0,0,0,0,0,0,0,0,0,0,0,0,0,0,65,0,0,0,0,0,0,0,0,0,0,0,0,0,0,0,0,0,0,0,0,0,0,0,20,0,14,0,0,0,0,0,0,0,0,0,0,0,0,0,0,0,4,0,183,0,17,0,140,0,11,0,0,0,0,0,65,0,0,0,0,0,0,0,0,19,27,0,0,0,0,0,0,0,0,0,0,0,0,0,0,0,0,0,0,0,0,0,0,0,2,0,1,21,0,0,0,71,268,311,0,15,2,31
21,0,0,0,112,0,0,0,9,0,53,0,171,6,35,0,0,0,19,0,4,0,23,0,0,0,176,0,0,0,0,0,2,0,0,0,0,0,0,0,19,75,40,0,62,86,0,214,153,220,0,0,0,0,0,0,0,0,1,0,0,0,0,0,0,0,0,0,0,0,4,0,0,0,0,0,0,0,0,0,0,0,0,0,0,0,0,0,0,0,0,0,0,0,0,0,25,0,0,0,0,0,0,0,0,0,0,0,0,0,0,0,0,0,0,0,0,0,0,0,5,0,0,0,0,0,0,0,0,0,0,0,0,0,0,0,1,0,0,0,1,0,0,0,1,0,0,0,0,0,0,0,0,0,0,0,0,0,0,0,0,0,0,0,44,11,0,0,0,0,0,0,0,0,0,0,32,38,0,0,15,0,15,0,14,0,236,0,0,0,0,0,0,0,0,2,0,0,0,0,0,0,0,0,0,0,0,0,0,0,0,479,80,0,0,0,0,67,0,20,0,0,0,0,1
0,65,0,22,0,60,0,0,0,0,0,124,193,204,7,0,0,0,43,20,88,0,1,0,0,0,386,58,0,0,0,0,0,0,0,0,0,4,0,0,251,96,216,35,71,106,214,0,0,95,70,0,0,0,0,0,0,0,0,0,0,0,0,0,0,0,0,0,0,4,0,0,0,0,0,0,0,0,0,0,0,0,0,10,0,0,0,0,0,0,0,0,0,0,0,0,0,0,0,0,0,0,0,0,0,0,0,0,0,0,0,0,0,0,0,0,0,0,0,0,0,0,0,0,0,0,0,0,0,0,0,0,0,0,0,0,0,0,0,0,0,0,0,0,0,0,0,0,0,0,0,0,0,0,0,0,0,0,0,0,0,0,0,0,0,34,0,0,0,0,0,0,0,0,0,0,0,208,0,0,0,0,0,0,0,0,52,11,0,0,0,0,0,0,0,0,0,0,0,0,0,0,0,0,0,0,0,0,0,0,0,0,1,0,0,0,0,0,0,470,36,0,0,0,13
4,0,3,0,0,0,13,0,3,0,0,0,7,0,0,0,0,0,0,0,4,0,0,0,0,0,34,0,0,0,0,0,0,0,2,0,0,0,0,0,44,3,42,0,184,13,153,0,0,45,19,0,1,0,3,0,25,0,0,0,0,0,0,0,6,0,0,0,20,0,0,0,0,0,0,0,0,0,0,0,0,0,42,1,7,0,0,0,14,0,1,0,61,5,23,3,7,1,0,0,4,0,47,1,3,1,0,0,0,0,0,0,0,1,0,0,0,0,0,0,0,0,0,0,0,0,0,1,0,0,3,0,0,0,0,0,0,0,0,0,0,0,0,0,0,0,3,0,0,0,0,0,0,0,0,0,0,0,0,0,30,0,1,0,46,3,10,0,11,0,2,0,1,0,0,0,34,6,5,0,9,0,0,0,0,0,125,0,8,0,4,0,41,0,15,0,2,0,12,1,6,0,18,0,23,0,3,0,6,0,19,44,153,13,24,15,14,36,0,5,23,7,0,1,2
0,0,0,2,0,0,0,0,0,0,0,0,7,4,0,0,0,0,0,0,0,13,0,0,0,0,13,46,0,0,0,0,0,0,0,0,0,0,0,0,60,98,34,50,46,176,220,95,45,0,4,6,0,0,0,1,0,1,0,0,0,0,0,0,0,0,0,0,0,5,0,0,0,0,0,0,0,3,0,0,0,0,0,27,0,0,0,0,0,0,0,0,0,7,0,19,0,0,0,0,0,0,0,0,0,0,0,0,0,0,0,0,0,0,0,0,0,1,0,0,0,0,0,0,0,0,0,0,0,0,0,0,0,1,0,2,0,0,0,0,0,0,0,0,0,0,0,0,0,2,0,0,0,0,0,0,0,0,0,0,0,2,0,0,0,63,0,2,0,0,0,0,0,0,0,0,0,69,0,1,0,0,0,0,0,0,37,22,0,0,0,0,0,0,0,0,0,0,0,0,0,0,0,5,0,0,0,0,0,0,0,1,0,0,2,0,0,2,0,89,27,0,0,1,15
0,0,0,0,79,0,0,0,0,0,0,0,512,96,0,0,0,0,223,71,29,17,0,0,0,0,292,258,25,0,18,0,11,0,39,0,163,0,0,0,0,43,26,59,50,0,0,70,19,4,0,43,0,0,0,0,7,0,7,0,0,0,0,0,0,0,9,0,0,0,28,0,0,0,0,0,1,0,0,0,19,0,28,0,0,0,11,0,0,1,0,0,0,0,0,0,0,0,103,0,0,0,0,0,0,0,0,0,0,0,0,0,0,0,0,0,0,0,0,0,37,0,0,0,0,0,0,0,0,0,0,0,0,0,0,0,0,0,0,0,0,0,0,0,16,0,0,0,0,0,0,0,0,0,0,0,0,0,0,0,5,0,15,0,80,0,89,1,68,0,10,0,26,0,0,0,0,10,55,0,0,0,7,0,0,0,149,0,0,0,0,0,0,0,0,0,0,0,0,0,0,0,0,0,0,0,0,0,0,1,48,127,122,8,18,0,0,5,0,0,0,0,0,0,0
0,0,0,0,0,0,0,8,0,3,0,0,126,418,0,0,0,0,64,105,68,24,0,0,0,0,106,298,0,15,0,40,0,0,0,44,0,76,0,1,0,35,38,99,0,60,0,0,0,6,43,0,0,0,0,0,0,0,0,0,0,3,0,8,0,0,0,0,0,2,0,10,0,4,0,18,0,0,0,0,0,0,0,0,0,236,0,0,0,0,0,0,0,0,0,0,0,0,0,24,0,0,0,0,0,0,0,0,0,0,0,0,0,0,0,0,0,0,0,0,0,124,0,23,0,0,0,0,0,0,0,0,0,0,0,0,0,0,0,0,0,0,0,202,0,64,0,0,0,0,0,0,0,0,0,0,0,0,0,0,0,0,0,7,0,40,0,32,0,76,0,20,0,24,0,0,0,112,0,0,0,0,0,0,0,0,18,212,0,0,0,0,0,0,0,0,0,0,0,0,0,0,0,0,0,0,0,0,0,0,0,0,0,0,43,0,0,0,102,0,141,0,0,0,0
4,1,0,0,0,0,92,19,46,81,0,0,0,0,0,0,108,0,3,0,0,0,0,0,38,7,0,0,6,0,0,0,0,0,1,0,0,0,0,0,0,0,0,0,0,0,0,0,1,0,0,0,0,20,78,25,158,7,15,67,16,1,85,4,0,6,4,140,0,0,0,0,0,0,0,0,0,0,0,0,0,0,0,0,5,1,0,0,0,0,0,0,0,0,0,0,9,0,0,0,0,0,0,0,0,0,0,0,0,0,0,0,0,0,0,0,0,0,0,0,0,0,0,0,0,0,16,0,223,0,2,0,21,0,26,0,187,1,206,0,56,0,99,0,21,0,0,0,0,0,0,0,0,0,265,3,95,4,99,4,21,0,0,0,0,0,2,0,18,0,124,0,3,0,0,0,7,1,0,0,0,0,2,0,0,3,0,0,0,0,0,0,0,0,0,0,0,0,0,0,0,0,0,0,0,0,0,0,0,0,36,81,118,60,31,0,16,0,0,0,1,0,1,0,0
6,3,0,8,0,0,11,11,73,77,0,0,0,0,0,0,2,11,0,0,0,13,0,9,10,20,0,0,0,17,0,0,0,0,0,0,0,0,0,2,0,0,0,0,0,0,0,0,0,0,0,0,20,0,21,63,4,136,49,11,0,92,0,161,0,0,30,102,0,0,0,0,0,0,0,0,0,0,0,0,0,0,0,0,0,3,0,0,0,0,0,0,0,0,0,0,0,0,0,0,0,0,0,0,0,0,0,4,0,0,0,0,0,0,0,0,0,0,0,0,0,0,0,0,0,2,0,0,0,62,0,27,0,32,0,0,0,147,0,307,0,71,0,68,0,63,0,0,0,0,0,0,0,0,0,213,1,108,0,160,0,14,0,0,0,0,0,0,0,0,1,2,0,1,0,0,4,0,0,0,0,0,0,6,0,23,0,0,0,0,0,0,0,0,0,0,0,0,0,0,0,0,0,0,0,0,0,0,0,0,0,1,0,0,17,0,0,0,15,133,17,14,0,1,0
0,0,152,0,13,0,112,35,24,268,1,0,0,0,39,0,65,2,0,0,0,0,150,0,104,7,0,0,0,0,0,0,0,0,0,0,0,0,0,2,0,0,0,0,0,0,0,0,3,0,0,0,78,21,0,71,64,6,133,38,37,7,26,22,0,0,12,114,0,0,0,0,0,0,0,0,0,0,0,0,0,0,0,0,0,0,0,0,0,0,0,0,0,0,0,0,0,0,0,0,0,0,0,0,0,0,0,0,0,0,0,0,0,0,0,0,0,0,0,0,0,0,0,0,17,0,76,0,61,0,52,0,55,0,80,0,70,0,5,0,0,0,0,0,3,0,0,0,5,0,0,0,0,0,42,0,13,0,4,0,71,0,0,0,2,0,0,0,26,0,242,0,41,0,0,0,0,4,0,0,0,0,0,0,0,3,0,0,0,0,0,0,0,0,0,0,0,0,0,0,10,0,0,0,0,0,0,0,76,0,337,47,465,249,224,70,67,0,0,4,0,1,0,0,0
0,27,4,84,0,28,33,91,244,72,0,0,0,0,0,23,0,27,0,0,0,0,0,17,20,32,0,0,0,48,0,0,0,0,0,0,0,0,0,0,0,0,0,0,0,0,0,0,0,1,0,0,25,63,71,0,0,103,57,5,0,75,27,213,1,0,44,6,0,0,0,0,0,0,0,0,0,0,0,0,0,0,0,0,0,0,0,0,0,0,0,0,0,3,0,0,0,0,0,0,0,0,0,0,0,0,0,0,0,0,0,0,0,0,0,0,0,0,0,0,0,0,0,0,0,51,0,20,0,75,0,149,0,91,0,26,0,72,0,13,0,0,0,7,0,0,0,0,0,0,0,0,0,0,2,55,0,19,0,27,0,13,0,15,0,20,0,4,0,35,0,275,0,91,0,0,0,2,0,0,0,0,0,0,0,0,0,0,0,0,0,0,0,0,0,0,0,0,0,0,0,0,0,0,0,0,0,0,0,38,0,0,0,0,535,0,0,0,446,130,640,496,238,155,0
0,0,9,0,0,0,14,0,4,0,0,0,0,0,0,0,5,0,0,0,0,0,5,0,8,0,8,0,0,0,0,0,0,0,0,0,0,0,0,0,0,0,1,0,0,0,0,0,25,0,7,0,158,4,64,0,0,5,98,0,0,0,11,0,48,13,71,55,5,0,0,0,0,0,0,0,0,0,0,0,0,0,0,0,0,0,0,0,0,0,0,0,0,0,0,0,0,0,0,0,0,0,0,0,0,0,0,0,0,0,0,0,0,0,0,0,0,0,0,0,0,0,0,0,29,0,37,0,34,0,101,0,42,0,0,0,2,0,0,0,0,0,0,0,7,0,1,0,0,0,0,0,0,0,33,7,35,4,8,10,57,0,44,0,0,0,11,0,62,0,222,0,11,0,0,4,0,0,0,0,0,0,0,0,0,0,0,0,0,0,0,0,0,0,0,0,0,0,3,0,0,0,0,0,0,0,0,0,40,0,638,90,777,770,597,335,141,1,5,0,0,2,0,0,0
0,7,0,7,0,0,0,27,16,15,0,0,0,0,0,0,0,50,0,0,0,0,0,17,0,9,0,0,0,19,0,0,0,0,0,0,0,0,0,7,0,0,0,0,0,0,0,0,0,1,0,0,7,136,6,103,5,0,37,67,0,19,0,63,0,0,50,13,0,3,0,0,0,0,0,0,0,0,0,0,0,0,0,2,0,0,0,0,0,0,0,0,0,0,0,3,0,0,0,0,0,0,0,0,0,0,0,0,0,0,0,0,0,0,0,0,0,1,0,0,0,0,0,0,0,17,0,6,0,88,0,147,0,61,0,0,0,41,0,18,0,6,0,0,1,0,0,0,0,0,0,0,0,0,6,175,1,17,0,133,1,53,0,0,0,26,0,3,0,62,0,419,0,27,0,0,3,1,0,0,0,0,0,0,8,0,0,0,0,0,0,0,0,0,0,0,0,0,0,0,0,0,0,0,0,0,0,0,0,11,0,0,2,0,646,0,0,0,416,88,911,615,305,114,1
17,0,17,0,0,0,37,0,100,96,0,0,0,0,0,0,0,0,0,0,0,0,0,0,4,0,0,0,0,0,0,0,0,0,0,0,11,0,0,0,0,0,0,0,0,0,1,0,0,0,7,0,15,49,133,57,98,37,0,173,37,0,0,8,50,20,209,276,0,0,0,0,1,0,0,0,2,0,0,0,0,0,0,0,0,0,0,0,0,0,0,0,0,0,0,0,0,0,0,0,0,0,0,0,0,0,0,0,1,0,0,0,0,0,0,0,0,0,0,0,0,0,0,0,0,0,0,0,0,0,30,0,0,0,0,0,0,0,1,0,0,0,0,0,5,0,0,0,4,0,0,1,0,0,11,22,62,24,0,16,9,0,0,0,0,0,7,0,17,0,171,0,0,0,0,5,32,0,0,0,0,0,0,0,32,14,0,0,0,0,0,0,0,0,0,0,0,0,0,0,0,0,0,0,0,0,0,0,0,0,959,339,505,538,629,231,86,0,0,0,5,0,0,0,0
0,5,0,0,0,0,0,9,79,31,0,0,0,3,0,0,0,0,0,2,0,0,0,0,0,0,0,0,0,0,0,0,0,0,0,0,0,0,0,0,0,0,0,0,1,0,0,0,0,0,0,0,67,11,38,5,0,67,173,0,0,26,5,0,38,126,235,94,0,0,0,0,0,0,0,0,0,0,0,0,0,0,0,0,0,0,0,0,0,0,0,0,0,0,0,0,0,0,0,0,0,0,0,0,0,0,0,0,0,0,0,0,0,0,0,0,0,0,0,0,0,0,0,0,0,40,0,13,0,6,0,101,0,51,0,0,0,0,0,1,0,0,0,0,13,7,0,0,0,19,0,0,0,0,75,6,9,25,14,9,0,19,0,0,0,7,0,2,0,5,0,53,0,0,0,13,4,0,0,0,0,0,0,0,33,28,0,0,0,0,0,0,0,0,0,0,0,0,0,0,0,0,0,0,0,0,0,0,0,16,4,0,0,0,892,0,0,0,735,404,441,572,302,60,0
193,0,127,7,0,0,309,8,194,0,0,0,0,0,0,0,15,0,0,0,0,0,17,3,66,11,0,0,11,0,0,0,0,0,0,0,35,0,12,0,0,0,4,0,3,0,0,0,0,0,0,0,16,0,37,0,0,0,37,0,0,0,76,5,0,0,0,0,0,0,0,0,0,0,2,0,0,0,0,0,0,0,0,0,0,0,0,0,0,0,0,0,0,0,3,0,0,0,0,0,0,0,0,0,0,0,0,0,0,0,0,0,0,0,0,1,0,0,0,0,0,0,0,0,0,0,0,0,8,0,0,0,0,0,0,0,0,0,137,0,90,0,52,0,135,0,0,0,0,0,0,0,0,0,44,0,95,0,2,0,0,0,0,0,0,0,0,0,4,0,154,0,98,0,0,0,47,2,0,0,0,0,23,0,0,0,0,0,0,0,0,0,0,0,0,0,0,0,0,0,0,0,0,0,0,0,0,0,0,0,40,266,52,9,21,0,5,0,0,0,0,0,0,0,0
0,183,0,0,0,12,0,230,12,183,0,0,0,0,0,0,0,0,0,0,0,0,0,0,9,128,0,0,0,9,0,0,0,2,0,8,0,29,0,27,0,0,0,0,0,0,0,0,0,0,0,3,1,92,7,75,0,19,0,26,0,0,1,33,0,2,1,110,0,0,0,0,0,2,0,0,0,0,0,0,0,0,0,0,0,0,0,0,0,0,0,0,0,0,0,0,0,0,0,0,0,0,0,0,0,0,0,0,0,0,0,0,0,0,0,0,0,0,0,0,0,0,0,0,0,0,0,0,0,0,0,0,0,0,0,0,0,0,0,67,0,157,0,39,0,181,0,0,0,0,0,0,0,0,0,6,0,220,0,14,0,0,0,3,0,4,0,0,0,0,0,43,0,27,0,0,1,27,0,0,0,2,0,66,0,49,0,0,0,0,0,0,0,0,0,0,0,0,0,0,0,0,0,0,0,0,0,0,0,0,0,0,0,0,0,0,0,0,10,206,0,3,0,0,0
98,28,195,0,0,1,302,59,105,113,0,0,0,0,0,0,209,0,0,0,7,0,24,0,270,26,0,0,17,0,13,0,2,0,0,0,0,0,6,0,0,0,0,0,0,0,0,0,0,0,0,0,85,0,26,27,11,0,0,5,76,1,0,19,0,0,2,8,0,0,6,0,0,0,0,0,0,0,0,0,2,0,0,0,0,1,0,0,0,0,0,0,0,0,0,0,0,0,0,0,0,0,0,0,0,0,0,1,0,0,0,0,0,0,0,0,0,0,0,0,0,0,0,0,0,0,8,0,0,0,0,0,0,0,0,0,115,0,230,0,142,0,115,3,37,0,0,0,0,0,0,0,0,0,94,0,56,0,26,0,0,0,0,0,0,0,0,0,0,0,0,0,7,0,0,0,0,6,0,0,0,0,13,0,0,0,0,0,0,0,0,0,0,0,0,0,0,0,0,0,0,0,0,0,0,0,0,0,0,0,8,108,8,4,10,0,0,0,0,1,1,0,0,0,0
30,71,6,73,0,15,54,256,100,188,0,0,0,0,0,93,7,184,0,159,0,118,0,121,76,474,0,73,0,95,0,41,0,22,0,33,0,17,0,20,0,0,0,4,0,0,0,0,0,0,0,8,4,161,22,213,0,63,8,0,5,33,19,0,0,0,2,51,0,0,0,1,0,0,0,0,0,0,0,0,0,0,0,0,0,10,0,0,0,0,0,0,0,0,0,0,0,0,0,0,0,0,0,0,0,0,0,0,0,0,0,0,0,0,0,0,0,0,0,0,0,0,0,0,0,0,0,0,0,40,0,0,0,21,0,22,0,162,0,309,0,185,0,73,0,143,0,0,0,0,0,0,0,0,0,171,0,26,0,128,0,0,0,0,0,1,0,0,0,0,0,9,0,17,0,0,6,26,0,0,0,0,0,90,0,51,0,0,0,0,0,0,0,0,0,0,0,0,0,0,0,0,0,0,0,0,0,0,0,0,0,0,0,2,8,0,0,0,34,160,44,4,0,0,0
22,0,20,0,26,0,0,0,151,0,10,0,0,0,14,0,0,0,0,0,0,0,0,0,0,0,0,0,0,0,0,0,0,0,0,0,0,0,0,0,0,0,0,0,0,0,0,0,6,0,0,0,0,0,0,1,48,0,50,38,0,0,0,0,0,202,197,21,0,0,39,0,0,0,29,0,0,0,0,0,0,0,0,0,0,0,0,0,0,0,0,0,0,0,0,0,2,0,0,0,0,0,0,0,0,0,0,0,0,0,0,0,0,0,0,0,0,0,0,0,23,0,0,0,29,0,0,0,0,0,25,56,0,0,0,0,0,1,34,80,26,28,0,0,212,53,24,0,35,78,6,0,0,0,4,38,3,5,5,153,86,117,19,0,0,0,0,0,8,0,0,0,0,0,25,14,16,0,0,0,78,47,21,0,293,15,0,0,0,0,0,0,0,0,0,0,0,0,0,0,0,0,0,0,0,0,0,0,6,5,185,17,80,0,101,0,0,0,0,0,0,0,0,0,0
0,72,0,0,0,0,0,3,0,209,0,21,0,0,0,0,0,0,0,14,0,0,0,0,0,0,0,0,0,0,0,0,0,0,0,0,0,0,0,0,0,0,0,0,0,0,0,0,0,0,0,0,6,0,0,0,13,0,20,126,0,2,0,0,202,0,67,560,1,0,14,45,0,5,0,47,0,1,0,0,0,26,0,0,0,21,0,17,0,0,0,0,0,0,0,0,0,0,0,0,0,0,0,0,0,0,0,0,0,0,0,0,0,0,0,0,0,0,0,0,0,0,0,0,0,51,0,104,17,0,79,94,0,0,0,0,0,5,54,30,0,25,0,5,46,109,0,42,61,284,0,38,0,9,42,5,0,8,73,6,100,174,0,0,0,0,0,0,0,10,0,0,0,0,0,74,3,0,0,0,33,136,0,4,33,37,0,0,0,0,0,0,0,0,0,0,0,0,0,1,0,0,0,0,0,0,0,0,0,59,0,0,0,0,213,0,0,0,194,50,144,0,0,0,0
24,0,4,1,0,0,75,0,235,27,2,0,0,0,0,0,0,0,0,0,0,0,0,0,0,0,0,0,0,0,0,0,0,0,2,0,0,0,0,0,0,0,0,0,6,0,0,0,0,0,9,0,4,30,12,44,71,50,209,235,0,1,2,2,197,67,0,163,0,0,0,0,0,0,0,0,0,0,0,0,0,0,0,0,0,0,0,0,0,0,0,0,0,0,0,0,0,0,0,0,0,0,0,0,0,0,0,0,0,0,0,0,0,0,0,0,0,0,0,0,0,0,0,0,12,0,0,0,0,0,33,0,0,0,0,0,0,0,0,0,0,0,0,0,17,5,13,0,13,0,0,0,0,0,3,20,16,33,0,39,32,0,2,0,0,0,8,0,0,0,19,0,0,0,0,5,90,0,0,0,0,3,0,0,442,15,0,0,0,0,0,0,0,0,0,0,0,0,0,0,0,0,0,0,0,0,0,0,0,0,210,176,69,0,134,52,0,0,0,9,0,0,1,0,0
0,10,0,0,0,0,0,0,127,64,0,0,0,0,0,0,0,0,0,0,0,0,0,0,3,0,0,0,2,0,0,0,0,0,0,0,0,0,0,0,0,0,0,0,0,0,0,0,0,0,0,0,140,102,114,6,55,13,276,94,0,110,8,51,21,560,163,0,0,0,0,0,0,0,0,0,0,0,0,0,0,0,0,0,0,0,0,0,0,0,0,0,0,0,0,0,0,0,0,0,0,0,0,0,0,0,0,0,0,0,0,0,0,0,0,0,0,0,0,0,0,0,0,0,0,33,0,0,0,0,0,78,0,15,0,0,0,0,9,0,0,0,0,0,19,14,0,0,0,67,0,2,0,0,67,10,11,38,31,5,0,54,0,0,0,0,0,0,0,0,0,3,0,0,0,67,28,20,0,0,0,0,0,0,44,275,0,0,0,0,0,0,0,0,0,0,0,0,0,0,0,0,0,0,0,0,0,0,0,19,3,0,4,1,171,0,0,0,188,204,102,0,0,0,0
0,0,0,0,0,0,0,0,0,0,0,0,0,0,0,0,0,0,0,0,0,0,0,0,0,0,0,0,0,0,0,0,6,0,0,0,0,0,0,0,0,0,2,0,30,0,0,0,20,0,0,0,0,0,0,0,5,0,0,0,0,0,0,0,0,1,0,0,0,0,0,0,17,0,0,0,94,0,56,0,18,0,28,0,0,0,22,0,35,0,0,0,25,0,54,0,133,0,98,0,15,0,194,0,41,0,82,0,113,0,12,0,0,0,2,0,1,0,0,0,0,0,0,0,0,0,0,0,0,0,0,0,0,0,0,0,0,0,0,0,0,0,0,0,0,0,0,0,0,0,0,0,0,0,0,0,1,0,0,0,0,0,0,0,47,0,0,0,109,0,3,0,0,0,0,2,0,0,0,0,0,0,0,0,0,0,0,0,119,0,45,0,220,0,84,0,0,0,0,0,0,0,0,0,0,0,0,0,0,0,52,14,63,18,0,43,24,0,0,0,0,0,0,0,0
0,0,0,0,0,0,0,0,0,0,0,0,0,0,0,0,0,0,0,0,0,0,0,0,0,0,0,0,0,0,0,0,0,0,0,0,0,0,0,0,0,0,0,0,0,37,0,4,0,5,0,2,0,0,0,0,0,3,0,0,0,0,0,0,0,0,0,0,0,0,0,0,0,3,0,0,0,11,0,0,0,0,0,28,0,2,0,8,0,23,0,0,0,36,0,43,0,0,0,4,0,8,0,91,0,0,0,0,0,21,0,7,0,10,0,0,0,12,0,0,0,0,0,0,0,0,0,0,0,0,0,0,0,0,0,0,0,0,0,0,0,0,0,0,0,0,0,0,0,0,0,0,0,0,0,0,0,0,0,0,0,2,0,0,0,21,0,0,0,16,0,4,0,1,0,0,0,3,0,0,0,0,0,0,0,0,0,0,0,20,0,4,0,0,0,0,0,2,0,0,0,0,0,12,0,0,0,0,0,0,0,0,2,0,0,0,0,0,26,23,71,6,22,19,0
0,0,0,0,0,0,0,0,0,0,0,0,0,0,0,0,2,0,43,0,0,0,0,0,0,0,104,0,23,0,14,0,16,0,0,0,100,0,38,0,0,0,9,0,89,0,4,0,0,0,28,0,0,0,0,0,0,0,0,0,0,0,6,0,39,14,0,0,0,0,0,0,139,0,149,0,23,0,121,0,0,0,5,0,12,0,11,0,0,0,0,0,0,0,0,0,1,0,3,0,0,0,0,0,0,0,0,0,0,0,0,0,0,0,0,0,0,0,0,0,42,0,10,0,0,0,0,0,48,0,59,0,22,0,20,0,13,0,9,2,26,0,67,0,54,0,0,0,0,0,26,0,0,0,0,0,2,0,0,0,10,0,67,0,0,0,55,0,29,0,23,0,30,0,51,0,0,0,0,0,50,0,0,0,56,0,0,0,0,0,0,0,0,0,0,0,0,0,0,0,0,0,0,0,0,0,0,0,0,0,14,0,0,0,0,0,0,0,0,0,7,0,0,0,0
0,0,0,0,0,0,0,0,0,0,0,0,0,0,0,0,0,0,1,0,0,0,0,0,0,0,0,15,0,0,0,0,0,0,0,9,0,11,0,0,0,0,0,6,0,8,0,0,0,0,0,10,0,0,0,0,0,0,0,0,0,0,0,1,0,45,0,0,0,0,0,0,0,90,0,88,0,16,0,17,0,0,0,0,0,0,0,41,0,0,0,0,0,0,0,0,0,0,0,0,0,0,0,0,0,0,0,0,0,0,0,0,0,0,0,0,0,0,0,0,0,3,0,8,0,0,0,0,0,21,10,40,0,89,0,0,0,0,2,0,0,20,0,21,0,56,0,0,0,70,0,0,0,0,0,0,0,0,0,1,1,17,0,25,0,0,0,25,0,0,0,18,0,22,0,25,0,0,0,0,0,21,0,0,0,4,0,0,0,0,0,0,0,0,0,0,0,1,0,0,0,0,0,0,0,0,0,0,0,0,3,0,0,0,7,0,0,0,71,0,8,0,0,0,0
0,0,0,0,0,0,0,0,0,0,0,0,0,0,0,0,0,0,0,0,0,0,0,0,0,0,0,0,0,0,0,0,0,0,0,0,0,0,0,0,0,0,0,0,0,0,0,0,0,0,0,0,0,0,0,0,0,0,1,0,0,0,0,0,0,0,0,0,17,0,139,0,0,0,117,0,40,0,136,0,0,0,23,0,0,0,8,0,0,0,0,0,3,0,0,0,18,0,0,0,0,0,4,0,0,0,0,0,8,0,0,0,0,0,0,0,0,0,0,0,48,0,24,0,125,0,133,0,51,0,50,0,62,0,233,0,45,0,0,0,20,0,135,0,24,0,59,0,0,14,83,0,12,0,0,0,0,0,0,0,0,0,32,0,0,0,9,0,13,0,13,0,7,0,38,0,0,0,0,0,0,0,0,0,0,0,0,0,0,0,0,0,0,0,0,0,0,0,0,0,114,0,0,0,0,0,0,0,173,2,193,0,13,2,13,0,0,0,0,0,0,0,0,0,0
0,0,0,0,0,0,0,0,0,0,0,0,0,0,0,0,0,0,0,0,0,0,0,0,0,0,0,0,0,0,0,0,0,0,0,0,0,0,0,0,0,0,0,0,0,0,0,0,0,0,0,4,0,0,0,0,0,0,0,0,0,2,0,0,0,5,0,0,0,3,0,90,0,0,0,151,0,26,0,93,0,7,0,11,0,56,0,102,0,0,0,0,0,0,0,0,0,0,8,2,0,0,0,1,0,0,0,0,0,0,0,0,0,0,0,0,0,1,0,0,0,39,0,30,0,0,0,0,0,19,0,13,3,0,0,185,0,197,0,0,0,18,1,43,0,36,0,0,0,48,0,102,0,15,0,0,0,0,0,0,0,0,0,22,0,0,0,7,0,9,0,7,0,4,0,0,0,0,0,0,0,0,0,0,0,1,0,0,0,0,0,0,0,0,0,0,0,0,0,204,0,0,0,243,0,0,0,0,0,227,0,0,0,0,13,0,0,0,95,3,33,0,1,0,0
0,0,0,0,0,0,0,0,0,0,0,0,0,0,0,0,0,0,44,0,0,0,0,0,0,0,57,0,16,0,0,0,0,0,0,0,65,0,23,0,0,0,0,0,38,0,0,0,0,0,0,0,0,0,0,0,0,0,0,0,2,0,0,0,29,0,0,0,0,0,149,0,117,0,0,0,13,0,151,0,5,0,9,0,42,0,9,0,0,0,0,0,3,0,0,0,5,0,5,0,0,0,0,0,0,0,0,0,0,0,0,0,0,0,0,0,0,0,0,0,50,0,44,0,0,0,0,0,21,0,0,16,0,0,137,0,29,0,0,0,33,5,154,0,61,0,24,0,55,32,45,0,0,0,0,0,2,0,0,0,0,0,23,0,0,0,0,0,8,0,16,0,15,0,71,0,0,0,0,0,65,10,0,0,30,0,0,0,0,0,0,0,0,0,0,0,0,0,0,0,77,0,0,0,0,0,0,0,100,0,0,2,7,2,8,0,0,0,6,0,0,0,0,0,0
0,0,0,0,0,0,0,0,0,0,0,6,0,0,0,0,0,0,0,0,0,0,0,0,0,0,0,0,0,0,0,0,0,0,0,0,0,12,0,0,0,0,0,0,0,16,0,0,0,0,0,18,0,0,0,0,0,0,0,0,0,0,0,0,0,47,0,0,0,0,0,88,0,151,0,0,0,15,3,87,0,0,0,0,0,24,0,87,0,0,0,0,0,0,0,0,0,0,0,0,0,0,0,0,0,0,0,0,0,0,0,0,0,0,0,0,0,0,0,0,0,75,0,40,0,87,0,0,7,0,25,0,0,132,0,152,3,314,5,0,4,56,0,102,0,203,0,0,13,108,0,0,0,0,0,0,0,0,0,0,0,0,0,61,0,0,0,26,0,9,0,8,0,0,0,67,0,0,0,0,0,39,0,0,0,6,0,0,0,0,0,0,0,0,0,0,0,0,0,0,0,0,0,0,0,0,0,0,0,0,0,0,0,0,0,0,0,0,84,4,18,0,0,0,0
0,0,0,0,0,0,1,0,0,0,0,0,0,0,0,0,0,0,0,0,0,0,0,0,0,0,0,0,0,0,0,0,0,0,0,0,0,0,0,0,0,0,0,0,0,0,0,0,0,0,1,0,0,0,0,0,0,0,2,0,0,0,0,0,0,0,0,0,94,0,23,0,40,0,13,0,0,0,26,0,17,0,66,0,0,0,45,0,3,0,0,0,25,0,16,0,77,0,0,0,0,0,34,0,0,0,25,0,139,0,0,0,0,0,16,0,17,0,0,0,18,0,0,0,0,0,0,0,0,0,0,0,0,0,0,0,0,0,0,0,0,0,0,0,0,0,0,0,0,0,0,0,0,0,0,0,0,0,0,0,0,0,0,0,20,0,0,0,21,0,3,0,0,0,0,0,0,0,1,0,0,0,0,0,0,0,0,0,0,0,19,0,0,0,30,0,0,0,0,0,44,0,0,0,0,0,0,0,0,0,50,0,23,0,0,6,1,1,0,0,0,0,0,0,0
0,0,0,0,0,0,0,0,0,0,0,0,0,0,0,0,0,4,0,0,0,0,0,0,0,0,0,0,0,0,0,0,0,0,0,0,0,0,0,0,0,0,0,0,0,65,0,0,0,3,0,0,0,0,0,0,0,0,0,0,0,0,0,0,0,1,0,0,0,11,0,16,0,26,0,15,0,0,0,10,0,80,0,35,0,56,0,150,0,0,0,4,0,17,0,21,0,11,0,44,0,28,0,41,0,0,0,0,0,37,0,0,0,0,0,0,0,27,0,0,0,22,0,0,4,0,0,0,2,0,0,0,1,0,0,0,0,23,0,0,0,3,0,0,0,2,0,0,0,11,0,0,0,0,0,0,0,0,0,0,0,0,0,4,0,37,0,0,0,59,0,3,0,0,0,11,0,4,0,0,0,0,0,0,0,0,0,1,0,0,0,0,0,0,0,0,0,0,0,56,0,0,0,0,0,67,0,41,0,30,0,0,0,0,5,0,0,0,61,20,94,2,7,4,0
0,0,0,0,0,0,1,0,0,0,0,0,0,0,0,0,0,0,0,0,0,0,0,0,0,0,0,0,0,0,0,0,0,0,0,0,0,0,0,0,0,0,0,0,0,0,0,0,0,0,0,0,0,0,0,0,0,0,0,0,0,0,0,0,0,0,0,0,56,0,121,0,136,0,151,3,26,0,0,0,23,0,71,0,76,0,66,0,0,0,1,0,30,0,13,0,65,0,0,0,0,0,32,0,0,0,0,0,72,0,0,0,0,0,2,0,10,0,0,0,96,0,27,0,0,0,0,0,0,0,0,0,0,0,193,0,25,0,0,0,12,0,132,0,0,0,0,0,0,0,0,0,0,0,0,0,0,0,0,0,0,0,0,0,5,0,4,0,15,0,0,0,0,0,0,0,0,0,0,0,0,0,0,0,0,0,0,0,0,0,0,0,74,0,0,0,0,0,0,0,203,6,0,0,0,0,0,0,0,0,214,7,30,2,32,6,3,0,0,0,0,0,0,0,0
