0,386,138,118,80,13,58,108,85,12,85,21,90,0,52,47,27,21,49,0,9,0,48,68,6,175,38,0,76,23,9,0,33,0,0,0,28,0,301,4,21,0,0,0,0,0,16,0,4,0,0,0,22,0,9,5,7,0,4,1,223,0,133,9,7,0,13,0,0,0,0,0,0,0,0,0,0,0,0,0,0,0,0,0,7,2,3,0,0,0,0,0,0,0,0,0,12,0,0,1,0,0,2,0,0,0,0,0,0,0,0,0,0,0,0,0,0,0,0,0,2,0,4,0,7,0,4,0,0,0,10,0,0,0,12,0,9,0,0,0,0,0,6,2,0,0,9,0,20,0,0,0,31,0,0,0,3,0,2,0,6,0,2,0,0,0,11,0,30,0,52,0,301,0,0,0,75,44,10,17,4,0,20,7,77,1,4,0,0,0,0,0,0,0,0,0,2,0,0,0,6,0,0,0,0,0,1,0,0,0,1,0,0,0,43,1,0,0,2,0,129,2,0,0,13,0,100,21,207,11,111,0,185,3,15,0,16,0,115,0,48,0,68,0,253,0,0,0,0
386,0,388,91,25,88,171,150,125,109,19,163,0,24,0,21,93,37,0,72,0,7,306,11,235,40,3,87,0,157,0,1,0,52,0,2,0,86,0,247,0,8,0,0,0,0,0,7,0,0,0,0,15,0,82,43,0,14,0,12,0,121,29,64,1,30,1,14,0,0,0,0,0,0,0,2,0,2,0,3,0,0,0,0,0,5,0,0,0,0,0,0,0,0,0,0,0,0,0,6,0,1,0,0,0,0,0,0,0,0,0,0,0,0,0,0,0,0,0,0,0,0,0,2,0,13,0,7,0,0,0,17,0,19,0,41,0,58,0,7,0,6,0,14,0,0,0,6,0,28,0,34,0,3,0,7,0,7,1,0,0,6,0,3,0,0,0,6,0,10,0,19,0,110,0,3,17,288,0,3,0,0,85,48,0,19,0,3,0,0,0,0,0,0,0,0,0,0,0,0,0,0,0,0,0,0,0,5,0,29,0,0,0,0,0,76,0,0,0,3,0,238,0,9,0,14,9,205,2,172,0,98,2,401,4,54,0,24,1,113,0,26,0,32,0,245,0,0,0
138,388,0,127,239,42,21,42,5,3,55,46,95,0,237,77,41,21,129,0,54,0,662,96,208,164,75,0,203,30,36,0,136,0,0,0,59,0,405,9,23,0,5,0,11,0,17,0,3,0,0,0,13,0,52,2,13,0,3,0,200,6,150,3,5,0,8,0,0,0,8,0,0,0,0,0,0,0,0,0,0,0,0,0,0,0,3,0,0,0,0,0,0,0,0,0,0,0,0,0,0,0,0,0,0,0,0,0,0,0,0,0,0,0,0,0,0,0,0,0,6,0,0,0,22,0,11,0,0,0,12,0,6,0,27,0,10,0,3,0,0,0,22,0,2,0,14,0,5,0,27,0,2,0,0,0,0,0,1,0,9,0,0,0,0,0,11,0,14,0,28,3,243,3,0,0,31,39,0,22,0,0,0,4,4,0,1,0,0,0,0,0,0,0,0,0,0,0,0,0,6,0,1,0,0,0,0,0,23,0,0,0,0,0,24,0,0,0,0,0,163,0,0,0,14,0,58,19,130,7,72,0,136,0,14,0,9,3,50,0,28,0,27,0,162,3,0,0,0
118,91,127,0,51,160,0,49,1,1,47,52,0,7,24,271,44,5,0,146,0,21,128,115,10,87,0,60,0,58,0,14,0,125,0,2,1,93,0,61,0,4,0,1,0,1,0,2,0,0,0,0,0,0,0,107,0,0,0,0,0,17,0,7,0,0,0,0,0,0,0,1,0,0,0,0,0,0,0,0,0,7,0,0,0,14,0,0,0,0,0,0,0,0,0,0,0,0,0,6,0,0,0,0,0,0,0,0,0,0,0,0,0,0,0,0,0,0,0,0,0,0,0,0,1,1,0,0,0,4,0,3,0,53,0,67,0,148,0,9,1,21,0,34,0,0,0,0,5,0,0,15,0,0,0,0,0,0,0,0,0,1,0,0,0,0,0,11,0,0,0,10,6,77,0,0,11,38,0,12,0,5,5,2,0,0,0,0,0,0,0,0,0,0,0,0,0,4,0,0,0,0,0,0,0,0,0,0,0,11,0,0,0,0,0,34,0,0,0,4,0,189,0,0,0,5,0,107,0,97,0,23,2,171,1,37,0,17,3,41,0,7,0,18,0,68,0,0,0
80,25,239,51,0,242,2,0,7,0,137,133,249,106,180,203,13,0,139,193,60,41,54,63,0,6,62,18,42,0,135,19,129,0,36,0,132,17,185,0,54,0,2,0,3,0,37,0,4,0,37,0,4,0,0,0,3,2,8,0,0,0,0,0,0,0,0,0,0,0,10,0,0,0,0,0,0,0,0,0,0,0,0,0,0,0,0,0,0,0,0,0,0,0,0,0,0,0,0,0,0,0,0,0,0,0,0,0,0,0,0,0,0,0,0,0,0,0,0,0,0,0,2,0,0,0,0,0,0,0,0,0,1,0,0,0,0,0,0,0,0,0,1,0,0,0,0,0,0,0,0,0,0,0,0,0,0,0,0,0,0,0,0,0,0,0,124,0,48,0,10,0,119,0,2,0,87,56,22,10,5,0,20,0,7,0,10,3,0,0,0,0,0,0,0,0,0,0,0,0,0,0,0,0,0,0,0,0,0,0,0,0,0,0,10,0,0,0,6,0,279,0,0,0,52,0,182,14,202,0,171,0,144,0,19,0,49,0,60,0,9,0,63,0,163,5,0,0,0
13,88,42,160,242,0,0,15,0,9,106,273,84,149,412,172,17,0,105,112,172,85,46,22,0,14,6,172,0,2,11,176,6,117,13,36,10,90,3,2,0,21,0,6,0,3,0,8,0,0,8,14,1,1,0,1,0,2,0,3,0,2,0,1,0,5,0,0,0,0,0,3,0,1,0,0,0,0,0,0,0,0,0,0,0,0,0,0,0,0,0,0,0,0,0,0,0,0,0,0,0,0,0,0,0,1,0,0,0,0,0,0,0,0,0,0,0,0,0,0,0,0,0,0,0,0,0,0,0,0,0,0,0,0,0,24,0,16,0,0,0,0,0,14,0,6,0,0,0,4,0,24,0,28,0,0,0,0,0,0,0,0,0,1,1,10,0,67,0,28,0,2,7,30,0,0,22,221,0,48,0,17,0,11,0,24,0,22,0,0,0,0,0,0,0,0,0,0,0,0,0,0,0,0,0,0,0,0,0,8,0,1,0,0,0,10,0,0,0,5,12,200,0,0,0,58,6,100,11,145,0,75,0,137,0,22,0,17,3,23,0,13,0,24,0,62,0,0,0
58,171,21,0,2,0,0,122,30,124,13,0,2,0,11,0,0,0,5,0,8,0,30,0,123,110,3,0,0,5,0,0,3,0,0,0,0,0,10,4,0,0,0,0,0,0,1,0,8,0,1,0,100,2,196,103,49,0,1,4,175,0,423,53,3,0,64,7,0,0,0,0,0,0,0,0,0,0,0,0,0,0,1,0,0,0,0,0,0,0,1,0,0,0,0,0,7,0,0,0,0,0,0,0,0,0,0,0,0,0,0,0,0,0,0,0,0,0,0,0,0,0,0,0,17,0,19,0,0,0,12,0,7,0,0,0,3,0,2,0,0,0,7,0,0,1,8,0,0,0,29,0,0,0,8,0,10,3,1,0,24,0,0,0,0,0,2,0,23,0,171,0,164,0,1,0,24,20,0,0,0,0,0,19,6,3,0,0,0,0,0,0,0,0,0,0,1,0,0,0,0,0,0,0,0,0,3,0,26,0,0,0,5,0,237,0,1,0,7,0,264,0,24,0,30,0,116,0,228,0,31,0,173,2,29,2,12,0,151,0,28,0,26,0,355,1,0,0,0
108,150,42,49,0,15,122,0,96,23,0,62,0,3,0,19,11,22,0,7,0,4,15,15,68,71,0,16,0,163,0,0,0,34,0,0,0,0,0,228,0,2,0,1,0,0,0,0,0,0,0,0,29,11,84,211,0,25,0,7,5,149,22,235,0,6,0,4,0,0,0,0,0,1,0,0,0,0,0,2,0,0,0,0,0,0,1,0,0,0,0,0,0,0,0,0,0,4,0,0,0,0,0,0,0,0,0,0,0,0,0,0,0,0,0,0,0,0,0,0,0,0,0,0,0,5,0,6,0,10,1,42,0,33,0,23,0,58,0,13,1,0,1,6,0,1,0,3,0,14,0,14,0,0,0,2,0,21,0,0,0,2,0,0,0,0,0,0,0,4,2,10,0,84,1,0,0,9,0,0,0,0,25,17,0,0,0,0,0,0,0,0,0,0,0,0,0,1,0,0,0,0,0,0,0,0,0,0,0,22,0,0,0,0,0,171,0,0,0,5,3,245,0,12,1,16,8,31,0,147,1,48,2,376,2,33,0,13,1,57,0,4,0,13,2,186,0,0,0
85,125,5,1,7,0,30,96,0,450,11,0,7,0,6,0,0,2,7,0,3,0,0,0,15,54,2,0,0,1,1,0,0,0,0,0,0,0,0,2,2,0,0,0,0,0,0,0,5,0,2,0,233,17,116,277,56,15,7,18,86,0,160,68,10,0,71,25,0,0,0,0,0,0,0,0,0,0,0,0,1,0,0,0,0,0,0,0,0,0,0,0,0,0,0,0,3,0,0,1,0,0,0,0,0,0,0,0,0,0,0,0,0,0,0,0,0,0,0,0,0,0,0,0,12,0,4,0,0,0,16,0,0,0,1,0,0,0,0,0,0,0,0,0,0,0,7,0,19,0,15,2,8,0,19,2,32,0,3,0,45,0,0,0,1,0,0,0,27,1,122,0,35,2,7,0,132,24,0,0,0,0,28,15,29,15,0,0,0,0,0,0,0,0,0,0,0,0,0,0,1,0,0,0,0,0,1,0,6,0,0,0,0,0,151,3,0,0,0,0,89,0,14,0,39,0,104,1,180,0,18,0,84,2,24,0,9,0,84,0,21,0,11,0,255,0,0,0,0
12,109,3,1,0,9,124,23,450,0,0,27,0,1,0,0,0,5,0,1,0,0,0,0,14,6,0,5,0,14,0,0,0,0,0,0,0,0,0,24,0,0,0,0,0,0,0,0,0,0,0,0,131,124,220,166,29,112,71,35,0,164,7,219,0,132,124,40,0,0,0,0,0,2,0,0,0,0,0,0,0,0,0,0,0,0,0,0,0,0,0,0,0,0,0,0,0,0,0,0,0,0,0,0,0,0,0,0,0,0,0,0,0,0,0,0,0,0,0,0,0,0,0,0,0,9,1,5,0,4,0,36,0,7,0,26,1,28,0,1,0,0,0,0,0,0,0,8,0,42,1,24,0,0,0,25,0,113,1,7,0,12,0,0,0,0,0,0,0,6,0,16,0,35,0,2,44,216,0,8,0,0,6,21,11,60,0,0,0,0,0,0,0,0,0,2,0,5,0,7,0,2,0,0,0,0,0,2,2,36,0,7,0,0,0,198,0,1,0,2,0,149,1,20,0,28,3,67,0,194,0,31,2,337,0,71,0,14,6,42,1,4,1,8,0,168,0,0,0
85,19,55,47,137,106,13,0,11,0,0,54,309,0,55,118,5,2,26,25,35,13,6,41,0,3,32,0,7,0,83,0,85,0,0,0,67,0,50,0,64,1,0,2,0,0,18,0,0,0,0,0,0,0,0,0,4,0,0,0,0,0,0,0,0,0,0,0,0,0,0,0,0,0,0,0,0,0,0,0,0,0,0,0,0,0,1,0,0,0,0,0,0,0,1,0,0,0,0,0,0,0,0,0,0,0,0,0,0,0,0,0,0,0,0,0,0,0,0,0,0,0,0,0,0,0,0,0,0,0,1,0,0,0,0,0,1,0,0,0,0,0,0,0,0,0,0,0,0,0,14,0,21,0,1,0,0,0,0,0,5,0,0,0,0,0,28,0,7,0,0,0,52,0,5,0,53,21,20,11,19,0,31,0,7,0,4,1,0,0,0,0,0,0,0,0,0,0,0,0,0,0,0,0,0,0,0,0,3,0,0,0,0,0,6,0,0,0,1,0,92,12,2,0,4,0,53,9,78,2,69,0,65,0,8,0,19,1,22,0,4,0,35,0,97,2,0,0,0
21,163,46,52,133,273,0,62,0,27,54,0,33,249,193,27,17,0,26,61,65,37,85,25,0,2,0,242,0,0,0,65,0,99,0,22,3,113,0,4,0,111,2,13,0,3,0,28,0,2,0,20,0,4,0,7,1,5,0,3,0,0,0,0,0,9,0,2,0,0,0,0,0,0,0,0,0,0,0,0,0,0,0,0,0,0,1,0,0,0,0,0,0,0,0,0,0,0,0,0,0,0,0,1,0,0,0,1,0,0,0,0,0,0,0,0,0,0,0,0,0,0,0,0,0,0,0,0,0,0,0,0,0,0,0,6,0,4,0,0,0,2,0,0,0,3,0,0,0,25,0,47,0,90,0,0,0,0,0,0,0,2,0,0,0,8,0,24,2,13,0,4,0,16,0,24,16,214,2,104,0,48,0,58,0,106,0,41,0,0,0,0,0,0,0,0,0,0,0,0,0,0,0,0,0,0,0,0,0,3,0,0,0,0,0,28,0,0,0,12,6,200,0,0,2,61,0,165,0,132,0,100,0,188,0,34,0,27,0,42,0,17,0,27,0,85,0,0,0
90,0,95,0,249,84,2,0,7,0,309,33,0,310,38,48,3,0,92,211,84,20,8,0,0,0,58,239,0,0,63,7,21,2,39,9,42,11,1,0,162,54,24,24,10,8,72,12,12,0,76,36,6,0,0,0,0,0,0,0,0,0,0,0,0,0,0,0,0,0,0,0,0,0,0,0,0,0,0,0,0,0,0,0,0,0,0,0,0,0,0,0,0,0,0,0,0,0,0,0,0,0,0,0,0,0,0,0,0,0,0,0,0,0,0,0,0,0,0,0,0,0,0,0,0,0,0,0,0,0,0,0,1,0,0,0,0,0,0,0,0,0,1,0,0,0,0,0,0,0,36,0,46,0,0,0,0,0,0,0,0,0,0,0,38,0,34,0,29,0,0,0,20,0,15,0,130,39,93,0,35,0,74,0,45,0,94,19,0,0,0,0,0,0,0,0,0,0,0,0,4,0,0,0,0,0,0,0,0,0,0,0,0,0,0,0,0,0,67,40,61,0,4,1,221,0,89,0,38,0,43,3,0,0,0,0,34,4,13,0,0,0,13,0,0,0,0,0,0
0,24,0,7,106,149,0,3,0,1,0,249,310,0,82,3,0,0,248,56,194,10,0,0,0,2,139,39,0,0,2,6,0,0,19,69,0,45,0,0,36,164,22,44,5,8,34,21,2,3,24,54,0,0,0,0,0,0,0,0,0,0,0,0,0,0,0,0,0,0,0,0,0,0,0,0,0,0,0,0,0,0,0,0,0,0,0,0,0,0,0,0,0,0,0,0,0,0,0,0,0,0,0,0,0,0,0,0,0,0,0,0,0,0,0,0,0,0,0,0,0,0,0,0,0,0,0,0,0,0,0,0,0,0,0,0,0,0,0,0,0,0,0,0,0,0,0,0,0,0,0,0,0,34,0,0,0,0,0,0,0,0,0,0,2,0,0,2,0,9,0,0,0,0,0,0,7,270,5,32,0,25,0,11,0,0,0,66,0,0,0,0,0,0,0,0,0,0,0,0,0,0,0,0,0,0,0,0,0,0,0,0,0,0,0,2,0,0,7,49,0,9,0,5,0,54,0,9,0,19,0,0,0,0,0,3,0,0,0,5,0,0,0,0,0,5,0,0,0
52,0,237,24,180,412,11,0,6,0,55,193,38,82,0,401,59,0,220,199,96,62,339,32,19,0,40,0,12,1,120,45,83,8,19,2,82,11,40,0,0,0,0,0,0,1,6,0,0,0,0,0,16,0,28,0,0,0,0,0,0,0,0,0,0,0,0,0,0,0,0,0,0,0,2,0,0,0,0,0,0,0,0,0,0,0,0,0,0,0,0,0,0,0,0,0,0,0,0,0,0,0,0,0,0,0,0,0,0,0,0,0,0,0,0,0,0,0,0,0,5,0,3,0,0,0,0,0,0,0,0,0,7,0,34,0,54,0,0,0,0,0,39,0,0,0,6,0,3,0,16,0,0,0,1,0,0,0,0,0,0,0,0,0,0,0,124,5,21,0,9,0,71,0,0,0,23,43,41,15,0,0,9,0,16,0,2,0,0,0,0,0,0,0,0,0,0,0,0,0,35,0,0,0,0,0,0,0,0,0,0,0,0,0,5,0,0,0,0,0,117,13,0,0,9,0,65,0,126,0,48,0,25,10,10,0,13,1,13,0,4,0,13,0,72,0,0,0,0
47,21,77,271,203,172,0,19,0,0,118,27,48,3,401,0,25,6,36,115,149,65,97,90,0,94,1,24,0,6,6,19,0,40,2,3,9,31,1,5,0,1,0,0,0,0,0,2,0,0,0,2,0,0,0,23,0,0,0,0,0,0,0,5,0,3,0,0,0,0,0,0,0,0,0,0,0,0,0,0,0,13,0,0,0,33,0,4,0,0,0,0,0,0,0,0,0,0,0,0,0,9,0,0,0,0,0,0,0,0,0,0,0,0,0,0,0,0,0,0,0,0,0,0,0,0,0,0,0,0,0,0,0,12,0,0,0,76,0,11,0,12,0,48,0,0,0,0,0,5,0,0,0,0,0,2,0,0,0,0,0,0,0,0,0,3,4,11,0,4,0,1,0,14,0,0,15,66,5,13,0,2,0,0,0,4,0,6,0,0,0,0,0,0,0,0,0,0,0,0,0,0,0,0,0,0,0,0,0,0,0,0,0,0,0,7,0,0,0,3,14,70,0,0,0,13,5,171,8,52,5,29,0,54,0,5,0,0,0,10,0,0,0,0,0,23,0,0,0
27,93,41,44,13,17,0,11,0,0,5,17,3,0,59,25,0,4,136,0,307,0,185,35,49,42,32,0,169,0,29,0,87,0,8,0,34,0,282,4,0,0,4,0,4,0,1,0,3,0,3,0,151,0,32,0,1,0,0,0,74,0,592,1,0,0,0,0,0,0,25,0,0,0,5,0,0,0,0,0,132,0,0,0,266,0,45,0,0,0,54,0,1,0,0,0,269,0,135,2,0,0,0,0,0,0,0,0,0,0,0,0,0,0,0,0,0,0,0,0,67,0,55,0,0,0,7,0,0,0,0,0,15,0,29,0,189,0,52,0,56,0,246,0,18,0,0,0,0,0,15,0,0,0,28,0,2,0,6,2,2,0,0,0,0,0,0,0,0,0,0,0,114,0,0,0,1,3,19,5,0,6,11,0,0,0,0,0,0,0,0,0,0,0,0,0,1,0,7,0,52,0,0,0,0,0,0,0,15,0,0,0,0,0,0,0,0,0,0,0,56,0,0,0,0,0,21,7,48,0,11,0,26,0,0,0,1,0,13,0,0,0,7,0,18,3,0,0,0
21,37,21,5,0,0,0,22,2,5,2,0,0,0,0,6,4,0,0,10,0,45,20,104,7,88,0,0,0,173,0,2,0,31,0,0,0,29,0,116,0,0,0,0,0,0,0,0,0,0,0,2,0,6,3,15,0,14,0,0,0,7,0,69,0,0,0,0,0,0,0,0,0,0,0,0,0,0,0,0,0,17,0,0,0,62,0,0,0,0,0,0,0,0,0,0,0,0,0,47,0,7,0,0,0,0,0,0,0,0,0,0,0,0,0,0,0,0,0,0,0,14,0,2,1,0,0,0,0,0,0,0,0,22,0,26,0,105,0,38,0,30,0,181,0,0,0,0,0,0,0,0,0,0,0,20,0,0,0,9,0,3,0,0,0,0,0,3,0,3,0,2,0,9,0,0,0,6,0,24,0,0,2,10,0,0,0,0,0,0,0,0,0,0,0,0,0,0,0,0,0,0,0,0,0,0,0,0,0,0,0,0,0,0,0,3,0,0,0,0,0,26,0,0,0,0,0,19,0,21,0,2,0,11,0,0,0,0,0,3,0,0,0,0,0,5,0,0,0
49,0,129,0,139,105,5,0,7,0,26,26,92,248,220,36,136,0,0,247,181,39,224,0,39,0,101,97,10,0,28,23,7,1,156,9,74,19,3,0,18,9,13,0,1,0,9,0,1,0,184,20,20,0,25,0,0,0,3,0,4,0,23,0,0,0,0,0,0,0,0,0,0,0,0,0,0,0,0,0,0,0,0,0,0,0,0,0,0,0,0,0,0,0,0,0,0,0,0,0,0,0,0,0,0,0,0,0,0,0,0,0,0,0,0,0,0,0,0,0,0,0,3,0,0,0,0,0,0,0,0,0,16,0,34,0,92,0,2,0,0,0,60,0,7,0,0,0,0,0,21,0,0,0,0,0,0,0,0,0,0,0,1,0,30,0,81,0,31,0,0,0,19,0,0,0,37,44,33,0,0,0,9,0,9,0,12,17,0,0,0,0,0,0,0,0,0,0,0,0,45,0,0,0,0,0,5,0,14,0,0,0,0,0,0,0,0,0,13,0,61,0,0,0,118,0,77,0,58,0,39,0,0,0,2,0,22,0,0,0,0,0,11,0,0,0,0,0,0
0,72,0,146,193,112,0,7,0,1,25,61,211,56,199,115,0,10,247,0,176,59,0,173,0,42,47,33,0,3,0,51,0,1,0,135,12,76,0,0,2,24,10,12,2,3,4,14,0,5,16,68,0,0,0,9,0,4,0,0,0,0,0,23,0,1,0,0,0,0,0,3,0,0,0,0,0,0,0,0,0,41,0,0,0,60,0,21,0,0,0,0,0,0,0,0,0,0,0,61,0,13,0,0,0,0,0,0,0,0,0,0,0,0,0,0,0,0,0,0,0,16,0,0,0,0,0,5,0,0,0,0,0,15,0,0,0,54,0,0,0,11,0,104,0,7,1,0,0,7,0,15,0,0,0,0,0,0,0,0,0,0,0,0,0,12,7,13,0,39,0,0,0,2,0,0,10,96,0,16,0,5,0,7,0,13,6,36,0,0,0,0,0,0,0,0,0,0,0,0,0,0,0,0,0,0,0,0,0,12,0,0,0,2,0,1,0,0,0,182,0,34,0,15,0,208,0,110,0,62,0,28,0,31,0,4,0,7,0,0,0,0,0,0,0,23,0,0,0
9,0,54,0,60,172,8,0,3,0,35,65,84,194,96,149,307,0,181,176,0,28,107,6,13,0,77,80,46,0,127,9,44,4,70,4,65,14,9,0,0,6,4,8,11,1,0,0,0,0,38,19,38,0,11,0,0,0,0,0,5,0,107,0,0,0,2,0,0,0,31,0,3,0,6,0,0,0,0,0,140,0,9,0,111,0,26,0,0,0,41,0,0,0,0,0,169,0,142,0,13,0,0,0,0,0,0,0,0,0,0,0,0,0,0,0,0,0,0,0,48,0,0,0,1,0,0,0,0,0,0,0,0,0,0,0,58,0,8,0,23,0,49,0,28,0,0,0,0,0,0,0,0,0,2,0,0,0,0,0,3,0,7,0,8,0,85,2,30,0,4,0,48,0,0,0,13,15,129,8,0,0,0,0,0,0,6,8,0,0,0,0,0,0,0,0,0,0,0,0,0,0,0,0,0,0,0,0,5,0,0,0,0,0,0,0,0,0,10,3,59,5,0,0,43,8,73,3,60,0,44,0,47,4,4,0,13,0,6,0,0,0,12,0,61,0,0,0,0
0,7,0,21,41,85,0,4,0,0,13,37,20,10,62,65,0,45,39,59,28,0,5,152,0,13,3,8,0,11,1,45,0,23,5,30,0,91,0,2,0,2,0,6,0,1,0,2,0,0,0,30,0,1,0,0,0,5,0,0,0,2,0,28,0,0,0,0,0,0,0,2,0,0,0,0,0,0,0,0,0,29,0,0,0,59,0,11,0,4,0,6,0,0,0,7,0,10,0,57,0,13,0,0,0,0,0,0,0,0,0,0,0,0,0,0,0,0,0,0,0,22,0,19,0,0,0,0,0,0,0,0,0,6,0,16,0,67,0,106,0,56,0,235,0,24,0,0,0,0,0,0,1,0,0,7,0,5,0,5,1,1,0,0,0,3,1,19,0,23,0,0,0,5,0,0,3,34,0,9,0,0,0,1,0,0,2,20,0,0,0,0,0,0,0,0,0,0,0,0,0,2,0,0,0,0,0,0,0,1,0,0,0,0,0,0,0,0,0,53,0,80,0,4,2,106,0,96,1,93,0,24,0,51,0,7,0,7,1,11,0,4,0,10,0,9,0,0,0
48,306,662,128,54,46,30,15,0,0,6,85,8,0,339,97,185,20,224,0,107,5,0,144,63,133,40,0,57,11,19,2,56,6,0,0,27,0,170,9,0,0,0,0,0,0,1,0,1,0,0,0,20,1,78,0,8,0,0,0,39,2,91,0,0,0,0,0,2,0,0,0,0,0,0,0,0,0,0,0,0,0,0,0,49,0,0,0,0,0,0,0,0,0,0,0,0,0,0,0,0,0,0,0,0,0,0,0,0,0,0,0,0,0,0,0,0,0,0,0,0,0,0,0,3,0,14,2,4,0,2,0,24,0,87,0,138,0,8,0,4,0,101,0,1,0,0,0,0,0,32,0,0,1,4,0,0,0,0,2,15,0,4,0,2,0,0,0,18,0,10,0,179,2,0,0,5,16,11,24,0,1,6,5,0,0,0,0,0,0,0,0,0,0,0,0,0,0,0,0,62,0,1,0,0,0,0,0,26,1,0,0,0,0,9,0,0,0,0,0,63,6,0,0,4,0,84,39,82,0,56,4,54,14,0,0,5,0,26,3,7,0,21,0,100,0,0,0,0
68,11,96,115,63,22,0,15,0,0,41,25,0,0,32,90,35,104,0,173,6,152,144,0,3,160,0,19,0,77,0,32,0,137,0,9,2,60,0,30,0,1,0,0,0,3,0,3,0,0,0,0,0,7,2,29,0,9,0,0,0,3,0,117,0,0,0,0,0,0,0,0,0,0,0,0,0,0,0,0,0,95,0,0,0,158,0,0,0,0,0,0,0,0,0,19,0,39,0,150,0,47,0,0,0,0,0,0,0,0,0,0,0,0,0,0,0,0,0,0,0,35,0,12,0,0,0,0,0,0,0,0,0,33,0,68,0,165,0,25,0,36,0,228,0,4,0,0,0,0,0,4,0,0,0,6,0,0,0,5,0,0,0,0,0,0,1,28,0,13,0,0,4,33,0,0,4,8,0,54,0,0,6,0,0,0,0,0,0,0,0,0,0,0,0,0,0,0,0,0,0,0,0,0,0,0,0,0,0,0,0,0,0,0,0,9,0,0,0,0,0,106,0,0,0,12,0,163,0,86,0,15,0,53,0,4,0,2,0,10,0,0,0,4,0,0,0,0,0
6,235,208,10,0,0,123,68,15,14,0,0,0,0,19,0,49,7,39,0,13,0,63,3,0,129,4,0,6,9,0,0,2,1,0,0,0,0,5,7,0,0,0,0,0,0,0,0,0,0,0,0,26,0,137,13,30,0,0,0,87,0,184,17,0,0,1,0,0,0,0,0,0,0,0,0,2,0,0,0,0,0,0,0,47,0,0,0,0,0,0,0,0,0,0,0,0,0,0,0,0,0,0,0,0,0,0,0,0,0,0,0,0,0,0,0,0,0,0,0,0,0,0,0,0,0,9,0,13,0,0,0,41,0,94,0,236,0,0,0,9,0,125,0,0,0,0,0,2,0,44,0,6,0,32,2,0,0,6,2,27,5,2,0,0,0,0,0,7,0,16,2,66,0,0,0,0,7,0,1,3,0,21,13,0,0,0,0,0,0,0,0,0,0,0,0,0,0,14,0,76,0,0,0,0,0,6,0,61,4,0,0,0,0,18,0,0,0,0,0,55,0,4,0,4,0,26,3,71,0,18,0,41,4,6,0,0,0,17,2,0,0,2,0,82,6,0,0,0
175,40,164,87,6,14,110,71,54,6,3,2,0,2,0,94,42,88,0,42,0,13,133,160,129,0,0,9,0,285,0,1,0,22,0,1,0,53,0,186,0,0,0,0,0,3,0,0,0,0,0,0,8,3,42,175,0,41,0,3,0,50,17,48,0,1,1,0,0,0,0,0,0,3,0,0,0,0,0,0,0,11,0,0,0,65,1,0,0,0,0,0,0,0,0,0,0,30,1,0,0,0,0,1,0,0,0,0,0,0,0,0,0,0,0,0,0,0,0,0,0,0,0,0,0,0,0,0,0,14,0,0,0,56,0,59,0,192,0,30,0,36,0,99,0,0,0,0,0,0,0,3,0,0,0,11,0,0,0,0,0,0,0,0,0,3,0,3,0,6,0,12,10,70,0,0,3,0,0,3,0,0,40,34,0,0,0,0,0,0,0,0,0,0,0,0,0,0,0,0,0,0,0,0,0,0,0,0,0,0,0,8,0,0,0,59,0,0,0,0,0,216,1,0,0,7,0,63,2,106,0,34,2,196,0,22,0,9,1,20,0,0,0,11,0,85,0,0,0
38,3,75,0,62,6,3,0,2,0,32,0,58,139,40,1,32,0,101,47,77,3,40,0,4,0,0,150,12,0,7,2,1,0,0,4,31,8,0,0,24,116,21,33,34,7,13,21,6,0,40,17,23,0,9,0,0,0,0,0,0,0,14,0,0,0,0,0,0,0,4,0,0,0,0,0,0,0,0,0,20,0,0,0,30,0,0,0,0,0,9,0,0,0,0,0,27,0,14,0,0,0,0,0,0,0,4,0,0,0,0,0,0,0,0,0,0,0,0,0,12,0,2,0,0,0,0,0,1,0,0,0,4,0,9,0,31,0,2,0,7,0,27,0,8,0,3,0,7,0,7,0,0,0,1,0,0,0,0,0,0,0,0,0,73,0,14,0,20,0,0,0,12,0,2,0,14,21,29,0,0,0,10,0,15,0,7,0,0,0,0,0,0,0,0,0,0,0,0,0,18,0,0,0,0,0,0,0,0,0,0,0,0,0,0,0,2,0,144,31,17,0,19,0,240,0,15,1,22,0,8,0,2,0,0,0,9,0,0,0,0,0,1,0,7,0,0,0,0
0,87,0,60,18,172,0,16,0,5,0,242,239,39,0,24,0,0,97,33,80,8,0,19,0,9,150,0,0,0,0,1,0,1,7,28,0,11,0,0,77,30,29,67,16,30,53,6,0,10,19,57,0,0,0,6,0,3,0,0,0,0,0,9,0,6,0,0,0,0,0,0,0,0,0,0,0,0,0,0,0,20,0,0,0,0,0,11,0,0,0,5,0,0,0,0,0,0,0,17,0,0,0,0,0,0,0,0,0,0,0,0,0,0,0,0,0,1,0,0,0,5,0,5,0,0,0,0,0,0,0,0,0,5,0,0,0,29,0,2,0,0,0,26,0,2,0,0,0,0,0,0,0,27,0,4,0,0,0,0,0,0,0,0,0,13,0,0,0,10,0,1,0,3,0,12,0,44,3,25,0,17,0,19,0,25,7,35,0,0,0,0,0,0,0,0,0,0,0,0,0,0,0,0,0,0,0,0,0,0,0,0,0,0,0,0,0,6,13,453,0,8,0,66,0,109,0,20,0,14,0,0,0,0,0,3,0,0,0,0,0,3,0,0,0,6,0,0,0
76,0,203,0,42,0,0,0,0,0,7,0,0,0,12,0,169,0,10,0,46,0,57,0,6,0,12,0,0,0,48,0,12,0,11,0,50,0,9,0,0,0,22,0,2,0,0,0,0,0,3,0,12,0,3,0,0,0,0,0,3,0,43,0,0,0,0,0,0,0,10,0,0,0,3,0,0,0,0,0,34,0,0,0,35,0,11,0,0,0,5,0,0,0,0,0,20,0,50,0,0,0,0,0,0,0,0,0,0,0,0,0,0,0,0,0,0,0,0,0,22,0,12,0,0,0,0,0,1,0,0,0,0,0,0,0,8,0,13,0,17,0,14,0,31,0,0,0,0,0,2,0,0,0,0,0,2,0,2,0,0,0,0,0,0,0,0,0,0,0,0,0,0,0,0,0,3,0,0,0,0,0,0,0,1,0,0,0,0,0,0,0,0,0,0,0,0,0,0,0,0,0,0,0,0,0,0,0,0,0,0,0,0,0,0,0,0,0,0,0,0,0,0,0,0,0,0,0,0,0,0,0,0,0,0,0,0,0,0,0,0,0,0,0,7,0,0,0,0
23,157,30,58,0,2,5,163,1,14,0,0,0,0,1,6,0,173,0,3,0,11,11,77,9,285,0,0,0,0,0,0,0,8,0,2,0,25,0,8,0,0,0,0,0,0,0,0,0,0,0,0,0,24,0,65,0,12,0,0,0,6,0,175,0,0,0,0,0,0,0,0,0,0,0,0,0,0,0,0,0,0,0,0,0,0,0,0,0,0,0,0,0,0,0,0,0,2,0,0,0,0,0,0,0,0,0,0,0,0,0,0,0,0,0,0,0,0,0,0,0,0,0,0,0,0,0,0,0,11,0,0,0,10,0,4,0,42,0,142,0,52,0,87,0,10,0,0,0,0,0,1,0,0,0,111,0,7,0,36,0,0,0,0,0,0,0,0,0,0,0,1,0,1,0,0,0,20,0,18,0,0,5,52,0,0,0,0,0,0,0,0,0,0,0,0,0,0,0,0,0,0,0,0,0,0,0,0,0,0,0,0,0,0,0,0,0,0,0,1,0,8,0,0,0,2,0,14,0,5,0,0,0,7,0,0,0,0,0,2,0,0,0,0,0,3,0,0,0
9,0,36,0,135,11,0,0,1,0,83,0,63,2,120,6,29,0,28,0,127,1,19,0,0,0,7,0,48,0,0,0,4,0,10,0,84,0,22,0,0,0,6,0,2,0,0,0,0,0,3,0,0,0,0,0,0,0,0,0,3,0,20,0,0,0,0,0,0,0,0,0,0,0,0,0,0,0,0,0,19,0,0,0,13,0,0,0,0,0,0,0,0,0,0,0,0,0,22,0,0,0,0,0,0,0,3,0,0,0,0,0,0,0,0,0,0,0,0,0,5,0,0,0,0,0,0,0,0,0,0,0,0,0,0,0,6,0,3,0,0,0,9,0,6,0,0,0,0,0,0,0,0,0,0,0,0,0,0,0,0,0,0,0,0,0,3,0,0,0,0,0,0,0,0,0,6,1,93,0,0,0,0,0,0,0,0,0,0,0,0,0,0,0,0,0,0,0,0,0,3,0,0,0,0,0,0,0,0,0,0,0,0,0,0,0,0,0,0,0,0,2,0,0,0,0,2,0,0,0,0,1,0,0,0,0,0,0,0,0,0,0,0,0,0,0,0,0,0
0,1,0,14,19,176,0,0,0,0,0,65,7,6,45,19,0,2,23,51,9,45,2,32,0,1,2,1,0,0,0,0,0,3,0,3,0,46,0,1,0,0,0,0,0,0,0,0,0,0,0,1,0,0,0,0,0,0,0,0,0,1,0,0,0,0,0,0,0,0,0,0,0,0,0,0,0,0,0,0,0,0,0,0,0,4,0,0,0,0,0,0,0,0,0,0,0,0,0,0,0,0,0,0,0,0,0,0,0,0,0,0,0,0,0,0,0,0,0,0,0,2,0,0,0,0,0,0,0,0,0,0,0,1,0,0,0,4,0,8,0,8,0,16,0,1,0,0,0,0,0,0,0,0,0,3,0,2,0,1,0,0,0,0,0,0,3,4,0,0,0,0,0,0,0,0,2,37,0,22,0,0,0,0,0,0,0,39,0,0,0,0,0,0,0,0,0,0,0,0,0,0,0,0,0,0,0,0,0,1,0,0,0,0,0,0,0,0,0,0,0,15,0,0,0,5,0,12,0,17,0,3,0,4,0,0,0,1,0,0,0,0,0,0,0,4,0,0,0
33,0,136,0,129,6,3,0,0,0,85,0,21,0,83,0,87,0,7,0,44,0,56,0,2,0,1,0,12,0,4,0,0,0,7,0,76,0,3,0,0,0,10,0,0,0,0,0,0,0,4,0,6,0,2,0,0,0,0,0,5,0,20,0,0,0,0,0,0,0,0,0,0,0,0,0,0,0,0,0,0,0,0,0,0,0,0,0,0,0,3,0,0,0,0,0,0,0,0,0,0,0,0,0,1,0,0,0,0,0,0,0,0,0,0,0,0,0,0,0,0,0,0,0,0,0,0,0,0,0,0,0,0,0,0,0,6,0,3,0,0,0,0,0,0,0,0,0,0,0,4,0,0,0,0,0,2,0,0,0,0,0,0,0,1,0,4,0,0,0,0,0,0,0,0,0,9,0,53,0,0,0,5,0,0,0,0,0,0,0,0,0,0,0,0,0,0,0,0,0,0,0,0,0,0,0,0,0,0,0,0,0,0,0,0,0,0,0,0,0,0,0,0,0,0,0,25,0,1,0,0,0,0,0,0,0,1,0,0,0,0,0,0,0,0,0,0,0,0
0,52,0,125,0,117,0,34,0,0,0,99,2,0,8,40,0,31,1,1,4,23,6,137,1,22,0,1,0,8,0,3,0,0,0,2,0,30,0,0,0,0,0,1,0,0,0,0,0,0,0,0,0,0,0,0,0,0,0,0,0,2,0,8,0,0,0,0,0,0,0,0,0,0,0,0,0,0,0,0,0,0,0,0,0,1,0,0,0,0,0,0,0,0,0,0,0,0,0,0,0,0,0,0,0,0,0,0,0,0,0,0,0,0,0,0,0,0,0,0,0,1,0,0,0,0,0,0,0,0,0,0,0,0,0,0,0,4,0,4,0,0,0,8,0,0,0,0,0,0,0,0,0,0,0,0,0,5,0,0,0,0,0,0,0,0,0,2,0,0,0,0,0,0,0,0,0,14,0,23,0,0,0,1,0,0,0,2,0,0,0,0,0,0,0,0,0,0,0,0,0,0,0,0,0,0,0,0,0,0,0,0,0,0,0,2,0,0,0,0,0,4,0,0,0,1,0,34,0,0,0,0,0,0,0,0,0,0,0,1,0,0,0,0,0,0,0,0,0
0,0,0,0,36,13,0,0,0,0,0,0,39,19,19,2,8,0,156,0,70,5,0,0,0,0,0,7,11,0,10,0,7,0,0,1,52,0,3,0,3,1,3,0,4,0,1,0,0,0,17,0,3,0,0,0,0,0,0,0,1,0,8,0,0,0,0,0,0,0,7,0,0,0,0,0,0,0,0,0,0,0,0,0,12,0,0,0,0,0,3,0,0,0,0,0,12,0,0,0,0,0,0,0,0,0,0,0,0,0,0,0,0,0,0,0,0,0,0,0,4,0,0,0,0,0,0,0,0,0,0,0,0,0,0,0,0,0,0,0,0,0,0,0,0,0,0,0,0,0,0,0,0,0,0,0,0,0,0,0,0,0,0,0,18,0,2,0,9,0,0,0,0,0,0,0,6,0,65,1,0,0,0,0,0,0,5,0,0,0,0,0,0,0,0,0,0,0,0,0,0,0,0,0,0,0,0,0,1,0,0,0,0,0,0,0,0,0,4,0,10,0,2,0,23,0,11,0,0,0,0,0,9,0,0,0,2,0,0,0,0,0,2,0,0,0,0,0,0
0,2,0,2,0,36,0,0,0,0,0,22,9,69,2,3,0,0,9,135,4,30,0,9,0,1,4,28,0,2,0,3,0,2,1,0,0,5,0,0,0,0,0,1,0,2,0,0,1,0,0,1,0,0,0,0,0,0,0,0,0,0,0,0,0,0,0,0,0,0,0,1,0,0,0,0,0,0,0,0,0,6,0,0,0,0,0,0,0,1,0,0,0,0,0,0,0,0,0,8,0,0,0,0,0,0,0,0,0,0,0,0,0,0,0,0,0,0,0,0,0,4,0,6,0,0,0,0,0,0,0,0,0,0,0,0,0,5,0,11,0,11,0,58,0,5,0,0,0,0,0,0,0,0,0,0,0,0,0,2,0,0,0,0,0,0,0,0,0,0,0,0,0,0,0,0,0,22,0,4,0,0,0,2,0,0,0,84,0,0,0,0,0,0,0,0,0,0,0,0,0,0,0,0,0,0,0,0,0,0,0,0,0,0,0,0,0,0,0,6,0,4,0,0,0,3,0,5,0,3,0,0,0,1,0,0,0,0,0,0,0,0,0,0,0,0,0,0,0
28,0,59,1,132,10,0,0,0,0,67,3,42,0,82,9,34,0,74,12,65,0,27,2,0,0,31,0,50,0,84,0,76,0,52,0,0,0,21,0,5,0,10,0,19,0,0,0,0,0,43,0,0,0,2,0,0,0,0,0,36,0,58,0,0,0,0,0,0,0,45,0,0,0,16,0,0,0,0,0,96,0,0,0,0,0,19,0,0,0,11,0,0,0,0,0,37,0,104,0,0,0,0,0,0,0,0,0,0,0,0,0,0,0,0,0,0,0,0,0,52,0,11,0,0,0,0,0,0,0,0,0,2,0,0,0,7,0,48,0,60,0,29,0,141,0,0,0,2,0,0,0,0,0,0,0,20,0,3,0,0,0,18,0,18,0,22,0,13,0,12,0,33,0,0,0,18,7,56,0,0,0,14,0,0,0,0,0,0,0,0,0,0,0,0,0,0,0,0,0,0,0,0,0,0,0,0,0,0,0,0,0,0,0,0,0,1,0,6,0,14,0,0,0,52,0,39,0,22,1,0,0,0,0,0,0,9,0,3,0,0,0,0,0,6,0,0,0,0
0,86,0,93,17,90,0,0,0,0,0,113,11,45,11,31,0,29,19,76,14,91,0,60,0,53,8,11,0,25,0,46,0,30,0,5,0,0,0,32,0,3,0,3,0,8,0,0,0,0,0,16,0,1,0,0,0,2,0,0,0,22,0,1,0,0,0,0,0,0,0,4,0,1,0,0,0,0,0,0,0,8,0,0,0,8,0,7,0,2,0,0,0,0,0,0,0,0,0,0,0,0,0,0,0,0,0,0,0,0,0,0,0,0,0,0,0,0,0,0,0,7,0,14,0,0,0,0,0,0,1,0,0,0,0,9,0,24,0,171,0,76,0,109,0,57,0,0,0,0,0,9,0,8,0,24,0,77,0,11,0,0,0,1,0,0,0,1,0,0,0,1,1,3,0,0,2,57,0,47,0,0,0,10,0,0,0,156,0,0,0,0,0,0,0,0,0,0,0,0,0,0,0,0,0,0,0,0,0,0,0,1,0,0,0,0,0,0,0,0,0,18,0,0,0,9,0,236,0,23,0,0,0,6,0,0,0,0,0,0,0,0,0,0,0,0,0,0,0
301,0,405,0,185,3,10,0,0,0,50,0,1,0,40,1,282,0,3,0,9,0,170,0,5,0,0,0,9,0,22,0,3,0,3,0,21,0,0,0,0,0,0,0,0,0,0,0,0,0,0,0,5,0,1,0,0,0,0,0,9,0,33,0,1,0,0,0,0,0,9,0,0,0,3,0,0,0,0,0,25,0,0,0,0,0,0,0,0,0,7,0,0,0,0,0,0,0,33,0,0,0,0,0,0,0,0,0,0,0,0,0,0,0,0,0,0,0,0,0,0,0,0,0,0,0,0,0,0,0,0,0,2,0,0,0,0,0,22,0,12,0,6,0,33,0,0,0,0,0,0,0,0,0,2,0,6,0,0,0,0,0,0,0,0,0,5,0,2,0,1,0,6,0,0,0,38,0,11,2,2,0,40,0,0,0,0,0,0,0,0,0,0,0,0,0,0,0,0,0,0,0,0,0,0,0,0,0,0,0,0,0,0,0,5,0,0,0,0,0,33,0,0,0,0,0,34,0,5,0,0,0,30,1,0,0,0,0,5,0,1,0,0,0,22,0,0,0,0
4,247,9,61,0,2,4,228,2,24,0,4,0,0,0,5,4,116,0,0,0,2,9,30,7,186,0,0,0,8,0,1,0,0,0,0,0,32,0,0,0,0,0,0,0,0,0,0,0,0,0,0,0,5,0,20,0,3,0,0,0,3,0,71,0,0,0,0,0,0,0,0,0,0,0,0,0,0,0,0,0,0,0,0,0,1,0,0,0,0,0,0,0,0,0,0,0,0,0,0,0,0,0,0,0,0,0,0,0,0,0,0,0,0,0,0,0,0,0,0,0,0,0,0,0,0,0,0,0,0,0,0,0,0,0,0,0,0,0,39,0,6,0,0,0,17,0,0,0,0,0,0,0,0,0,56,0,23,0,19,0,0,0,0,0,0,0,0,0,0,0,1,0,7,0,0,0,33,0,17,0,0,0,64,0,0,0,0,0,0,0,0,0,0,0,0,0,0,0,0,0,0,0,0,0,0,0,0,0,0,0,1,0,0,0,10,0,0,0,4,0,38,0,0,0,0,0,94,1,8,0,1,0,11,0,2,0,1,0,5,0,0,0,0,0,0,0,0,0
21,0,23,0,54,0,0,0,2,0,64,0,162,36,0,0,0,0,18,2,0,0,0,0,0,0,24,77,0,0,0,0,0,0,3,0,5,0,0,0,0,167,6,12,15,21,23,66,59,3,4,0,1,0,0,0,0,0,0,0,0,0,0,0,0,0,0,0,0,0,0,0,0,0,0,0,0,0,0,0,0,0,0,0,0,0,1,0,0,0,0,0,0,0,0,0,0,0,0,0,0,0,0,0,0,0,0,0,0,0,0,0,0,0,0,0,0,0,0,0,0,0,0,0,0,0,0,0,0,0,0,0,0,0,0,0,0,0,0,0,0,0,0,0,0,0,0,0,0,0,0,0,4,0,0,0,0,0,0,0,0,0,0,0,18,0,0,0,0,0,0,0,0,0,0,0,10,26,26,0,2,0,7,0,5,0,30,6,0,0,0,0,0,0,0,0,0,0,0,0,0,0,0,0,0,0,0,0,0,0,0,0,0,0,0,0,0,0,177,84,0,0,97,26,0,0,0,0,0,0,0,0,0,0,0,0,0,0,0,0,0,0,0,0,0,0,0,0,0
0,8,0,4,0,21,0,2,0,0,1,111,54,164,0,1,0,0,9,24,6,2,0,1,0,0,116,30,0,0,0,0,0,0,1,0,0,3,0,0,167,0,12,2,30,5,136,41,7,56,3,0,0,1,0,0,0,0,0,0,0,0,0,0,0,0,0,0,0,0,0,0,0,0,0,0,0,0,0,0,0,0,0,0,0,0,0,0,0,0,0,0,0,0,0,0,0,0,0,0,0,0,0,0,0,0,0,0,0,0,0,0,0,0,0,0,0,0,0,0,0,0,0,0,0,0,0,0,0,0,0,0,0,0,0,0,0,0,0,0,0,0,0,0,0,0,0,0,0,0,0,0,0,21,0,0,0,0,0,0,0,0,0,0,0,6,0,0,0,0,0,0,0,0,0,0,0,113,1,36,0,10,0,11,0,0,31,49,0,0,0,0,0,0,0,0,0,0,0,0,0,0,0,0,0,0,0,0,0,0,0,0,0,0,0,0,0,0,148,111,0,0,16,256,0,0,0,0,0,3,0,0,0,0,0,0,0,0,0,0,0,0,0,0,0,0,0,0,0
0,0,5,0,2,0,0,0,0,0,0,2,24,22,0,0,4,0,13,10,4,0,0,0,0,0,21,29,22,0,6,0,10,0,3,0,10,0,0,0,6,12,0,4,44,0,14,0,2,0,6,0,0,0,0,0,0,0,3,0,4,0,2,0,0,0,1,0,0,0,5,0,0,0,0,0,0,0,0,0,5,0,0,0,6,0,0,0,0,0,0,0,0,0,0,0,0,0,0,0,0,0,2,0,0,0,0,0,0,0,0,0,0,0,0,0,0,0,0,0,5,0,0,0,0,0,0,0,0,0,0,0,0,0,0,0,0,0,2,0,3,0,1,0,0,0,0,0,0,0,1,0,0,0,0,0,0,0,0,0,0,0,0,0,48,0,22,0,9,0,2,0,8,0,0,0,1,2,8,0,0,0,0,0,0,0,7,0,0,0,0,0,0,0,0,0,0,0,0,0,0,0,0,0,0,0,0,0,0,0,0,0,0,0,0,0,0,0,31,6,6,0,9,0,63,0,3,0,6,0,0,0,6,0,0,0,0,0,0,0,0,0,1,0,4,0,0,0,0
0,0,0,1,0,6,0,1,0,0,2,13,24,44,0,0,0,0,0,12,8,6,0,0,0,0,33,67,0,0,0,0,0,1,0,1,0,3,0,0,12,2,4,0,0,2,6,0,0,4,1,1,0,0,0,0,0,0,0,0,0,0,0,3,0,0,0,0,0,0,0,0,0,0,0,0,0,0,0,0,0,0,0,0,0,6,0,4,0,0,0,0,0,0,0,0,0,0,0,6,0,0,0,0,0,1,0,0,0,0,0,0,0,0,0,0,0,0,0,0,0,2,0,5,0,0,0,0,0,0,0,0,0,0,0,0,0,2,0,8,0,4,0,12,0,10,0,0,0,0,0,0,0,5,0,0,0,0,0,1,0,0,0,1,0,0,0,1,0,0,0,0,0,0,0,0,0,94,0,0,0,0,0,0,0,0,0,69,0,0,0,0,0,0,0,0,0,0,0,0,0,0,0,0,0,0,0,0,0,0,0,0,0,0,0,0,0,1,4,19,0,0,0,9,0,23,0,0,0,8,0,0,0,0,0,0,0,0,0,0,0,0,0,0,0,0,0,0,0
0,0,11,0,3,0,0,0,0,0,0,0,10,5,0,0,4,0,1,2,11,0,0,0,0,0,34,16,2,0,2,0,0,0,4,0,19,0,0,0,15,30,44,0,0,6,33,6,28,0,12,3,2,0,0,0,0,0,2,0,1,0,0,0,1,0,0,0,0,0,3,0,0,0,3,0,0,0,0,0,9,0,0,0,5,0,0,0,0,0,0,0,0,0,0,0,9,0,12,0,0,0,2,0,0,0,1,0,0,0,0,0,0,0,0,0,0,0,0,0,3,0,0,0,0,0,0,0,0,0,0,0,0,0,0,0,2,0,0,0,0,0,4,0,4,0,0,0,0,0,0,0,2,0,0,0,0,0,0,0,0,0,2,0,136,0,12,0,18,0,3,0,15,0,0,0,0,6,6,0,0,0,2,0,0,0,8,3,0,0,0,0,0,0,0,0,0,0,0,0,3,0,0,0,0,0,0,0,0,0,0,0,0,0,0,0,0,0,130,9,0,0,87,3,75,0,4,0,12,0,1,0,2,0,0,0,0,0,0,0,0,0,1,0,0,0,0,0,0
0,0,0,1,0,3,0,0,0,0,0,3,8,8,1,0,0,0,0,3,1,1,0,3,0,3,7,30,0,0,0,0,0,0,0,2,0,8,0,0,21,5,0,2,6,0,8,3,2,67,0,2,0,0,0,0,0,0,0,0,0,0,0,0,0,0,0,0,0,2,0,0,0,4,0,0,0,0,0,0,0,13,0,0,0,0,0,19,0,0,0,0,0,0,0,2,0,0,0,3,0,0,0,0,0,0,0,0,0,0,0,0,0,0,0,0,0,0,0,0,0,2,0,0,0,0,0,0,0,0,0,0,0,0,0,0,0,2,0,0,0,2,0,5,0,3,0,0,0,0,0,0,0,1,0,0,0,0,0,0,0,1,0,2,0,29,0,1,0,35,0,0,0,0,0,0,0,33,0,0,0,4,0,0,0,0,7,7,0,4,0,5,0,0,0,2,0,0,0,5,0,2,0,0,0,3,0,0,0,0,0,0,0,0,0,0,0,7,0,188,0,10,0,223,0,40,0,3,0,60,0,1,0,4,0,4,0,2,0,0,0,0,0,2,0,1,0,0,0
16,0,17,0,37,0,1,0,0,0,18,0,72,34,6,0,1,0,9,4,0,0,1,0,0,0,13,53,0,0,0,0,0,0,1,0,0,0,0,0,23,136,14,6,33,8,0,39,16,0,2,3,0,0,0,0,0,0,0,0,0,0,0,0,0,0,0,0,0,0,0,0,0,0,0,0,0,0,0,0,0,0,0,0,0,0,0,0,0,0,0,0,0,0,0,0,0,0,0,0,0,0,1,0,0,0,0,0,0,0,0,0,0,0,0,0,0,0,0,0,0,0,0,0,0,0,0,0,0,0,0,0,1,0,0,0,0,0,0,0,0,0,0,0,0,0,0,0,0,0,2,0,0,0,0,0,0,0,0,0,0,0,0,0,42,0,0,0,2,0,0,0,1,0,0,0,2,10,10,0,0,0,0,0,1,0,3,1,0,0,0,0,0,0,0,0,0,0,0,0,0,0,0,0,0,0,0,0,0,0,0,0,0,0,0,0,0,0,311,58,0,0,97,18,22,0,0,0,7,0,0,0,0,0,0,0,0,0,0,0,0,0,0,0,0,0,0,0,0
0,7,0,2,0,8,0,0,0,0,0,28,12,21,0,2,0,0,0,14,0,2,0,3,0,0,21,6,0,0,0,0,0,0,0,0,0,0,0,0,66,41,0,0,6,3,39,0,2,63,0,0,0,0,0,1,0,0,0,0,0,0,0,0,0,0,0,1,0,0,0,0,0,0,0,0,0,0,0,0,0,1,0,1,0,0,0,2,0,0,0,0,0,0,0,0,0,0,0,0,0,1,0,0,0,0,0,0,0,0,0,0,0,0,0,0,0,0,0,0,0,0,0,0,0,0,0,0,0,0,0,0,0,0,0,0,0,0,0,0,0,0,0,0,0,0,0,0,0,0,0,0,0,0,0,0,0,0,0,0,0,0,0,0,0,18,0,0,0,0,0,0,0,0,0,0,0,8,0,9,0,2,0,0,0,0,5,3,0,0,0,0,0,0,0,0,0,0,0,0,0,0,0,0,0,0,0,0,0,0,0,0,0,0,0,0,0,0,64,158,0,0,0,218,0,2,0,1,0,0,0,0,0,0,0,0,0,0,0,0,0,0,0,0,0,0,0,0,0
4,0,3,0,4,0,8,0,5,0,0,0,12,2,0,0,3,0,1,0,0,0,1,0,0,0,6,0,0,0,0,0,0,0,0,1,0,0,0,0,59,7,2,0,28,2,16,2,0,3,1,0,7,0,13,0,19,0,10,0,1,0,0,0,0,0,0,0,0,0,1,0,0,0,0,0,0,0,2,0,3,0,1,0,3,0,2,0,0,0,2,0,0,0,2,0,3,0,0,0,0,0,3,0,5,0,0,0,0,0,0,0,0,0,0,0,0,0,0,0,0,0,0,0,1,0,0,0,0,0,1,0,0,0,2,0,1,0,0,0,0,0,2,0,0,0,1,0,1,1,0,0,1,0,1,0,0,0,0,0,10,0,6,0,6,0,0,0,7,0,4,0,8,0,0,0,0,13,1,0,0,0,3,0,2,0,34,0,0,0,0,0,0,0,2,0,2,0,0,0,2,0,0,0,6,0,0,0,0,0,0,0,0,0,2,0,8,0,50,2,16,0,68,41,17,2,0,0,36,0,0,0,2,0,6,0,0,0,0,0,0,0,2,0,4,1,0,0,0
0,0,0,0,0,0,0,0,0,0,0,2,0,3,0,0,0,0,0,5,0,0,0,0,0,0,0,10,0,0,0,0,0,0,0,0,0,0,0,0,3,56,0,4,0,67,0,63,3,0,0,1,0,0,0,0,0,1,0,0,0,1,0,0,0,0,0,0,0,2,0,0,0,2,0,0,0,8,0,11,0,9,0,3,0,0,0,23,0,1,0,0,0,0,0,4,0,0,0,0,0,0,0,1,0,2,0,0,0,0,0,0,0,0,0,0,0,0,0,0,0,3,0,0,0,0,0,0,0,0,0,0,0,0,0,0,0,0,0,0,0,0,0,0,0,0,0,0,0,1,0,0,0,0,0,0,0,0,0,0,0,0,0,0,0,14,0,3,0,33,0,0,0,0,0,0,0,13,0,0,0,0,0,0,0,0,0,27,0,0,0,0,0,0,0,5,0,3,0,0,0,0,0,0,0,0,0,0,0,2,0,0,0,1,0,0,0,10,4,4,0,11,10,56,0,9,0,5,0,10,0,6,0,4,0,0,0,0,0,2,0,0,0,0,0,2,0,0,0
0,0,0,0,37,8,1,0,2,0,0,0,76,24,0,0,3,0,184,16,38,0,0,0,0,0,40,19,3,0,3,0,4,0,17,0,43,0,0,0,4,3,6,1,12,0,2,0,1,0,0,0,0,0,0,0,0,0,5,0,0,0,0,0,0,0,2,0,0,0,7,0,1,0,0,0,0,0,2,0,12,0,0,0,0,0,5,0,0,0,0,0,0,0,6,0,13,0,17,0,0,0,0,0,0,0,0,0,0,0,0,0,0,0,0,0,0,0,0,0,0,0,0,0,0,0,0,0,0,0,0,0,0,0,0,0,0,0,0,0,0,0,3,0,0,0,0,0,0,0,0,0,0,0,0,0,0,0,0,0,0,0,1,0,32,0,34,0,48,0,7,0,37,0,0,0,14,0,36,0,0,0,1,0,0,0,1,0,0,0,3,0,0,0,0,0,0,0,0,0,0,0,0,0,0,0,0,0,1,0,0,0,0,0,0,0,0,0,13,3,5,0,11,0,85,0,5,0,26,0,6,0,0,0,1,0,3,0,0,0,0,0,1,0,7,0,0,0,0
0,0,0,0,0,14,0,0,0,0,0,20,36,54,0,2,0,2,20,68,19,30,0,0,0,0,17,57,0,0,0,1,0,0,0,1,0,16,0,0,0,0,0,1,3,2,3,0,0,1,0,0,0,0,0,0,0,3,0,1,0,0,0,0,0,0,0,1,0,0,0,9,0,0,0,0,0,4,0,0,0,13,0,2,0,10,0,12,0,0,0,0,0,0,0,1,0,2,0,17,0,5,0,0,0,0,0,0,0,0,0,0,0,0,0,0,0,0,0,0,0,19,0,15,0,0,0,0,0,0,0,0,0,0,0,0,0,0,0,0,0,5,0,38,0,27,0,0,0,1,0,0,0,0,0,0,0,0,0,0,0,0,0,0,0,1,0,2,0,16,0,4,0,1,0,0,0,72,0,0,0,3,0,0,0,0,0,104,0,0,0,0,0,0,0,0,0,0,0,0,0,0,0,0,0,2,0,0,0,0,0,0,0,1,0,0,0,0,0,2,0,7,0,2,1,35,0,1,0,16,0,0,0,3,0,2,0,0,0,3,0,0,0,0,0,5,0,0,0
22,15,13,0,4,1,100,29,233,131,0,0,6,0,16,0,151,0,20,0,38,0,20,0,26,8,23,0,12,0,0,0,6,0,3,0,0,0,5,0,1,0,0,0,2,0,0,0,7,0,0,0,0,7,221,82,48,14,7,20,19,0,131,14,0,4,0,46,0,0,0,0,0,0,0,0,0,0,4,0,12,0,0,0,71,0,7,0,0,0,0,0,0,0,0,0,45,0,10,0,0,0,0,0,0,0,0,0,0,0,0,0,0,0,0,0,0,0,0,0,9,0,17,0,2,0,0,0,6,0,0,0,16,0,4,0,136,0,214,2,32,0,100,0,54,0,0,1,0,0,3,0,0,0,175,5,118,0,66,3,9,4,8,0,0,0,3,0,13,0,89,0,2,0,0,0,9,3,0,0,0,0,51,1,0,6,0,0,0,0,0,0,1,0,0,0,0,0,0,0,20,0,0,0,0,0,0,0,9,0,8,0,0,0,119,0,0,0,8,0,90,0,19,0,25,0,27,1,92,0,3,0,111,0,48,0,1,0,41,0,10,0,4,0,144,0,0,0,0
0,0,0,0,0,1,2,11,17,124,0,4,0,0,0,0,0,6,0,0,0,1,1,7,0,3,0,0,0,24,0,0,0,0,0,0,0,1,0,5,0,1,0,0,0,0,0,0,0,0,0,0,7,0,15,110,0,92,5,32,0,65,1,27,0,0,8,11,0,0,0,0,0,0,0,0,0,0,0,0,0,0,0,0,0,9,0,0,0,0,0,2,0,0,0,0,0,0,0,13,0,3,0,0,0,0,0,0,0,0,0,0,0,0,0,0,0,0,0,0,0,2,0,0,0,0,0,1,0,16,0,0,0,17,0,8,0,110,0,50,0,21,0,66,0,3,0,0,0,0,0,0,0,0,2,54,0,29,0,54,0,0,0,0,0,0,0,0,0,0,0,0,0,0,0,0,1,8,0,0,0,0,0,18,0,37,0,0,0,0,0,0,0,0,0,0,0,0,0,0,0,0,0,0,0,0,0,0,0,0,0,0,0,0,0,24,0,0,0,1,0,29,0,0,0,0,0,7,0,10,0,1,0,55,0,19,0,1,0,2,0,0,0,0,0,35,0,0,0
9,82,52,0,0,0,196,84,116,220,0,0,0,0,28,0,32,3,25,0,11,0,78,2,137,42,9,0,3,0,0,0,2,0,0,0,2,0,1,0,0,0,0,0,0,0,0,0,13,0,0,0,221,15,0,143,49,15,0,0,49,0,71,60,0,0,3,16,0,0,0,0,0,0,0,0,0,0,0,0,3,0,0,0,14,0,0,0,0,0,0,0,0,0,0,0,0,0,0,0,1,0,0,0,0,0,2,0,0,0,0,0,0,0,0,0,0,0,0,0,0,0,0,0,0,0,14,0,12,0,0,0,15,0,30,0,67,0,23,1,12,0,55,0,3,0,0,0,0,0,11,0,0,0,43,2,38,0,17,0,43,2,0,0,0,0,0,0,20,0,166,0,19,1,0,2,2,10,0,0,0,0,12,10,0,0,0,0,0,0,0,0,0,0,0,0,0,0,0,0,16,0,0,0,0,0,0,0,20,0,12,0,0,0,257,1,2,0,12,0,158,2,38,0,41,0,55,0,194,0,9,0,169,0,45,0,3,1,72,0,4,0,5,0,274,0,0,0,0
5,43,2,107,0,1,103,211,277,166,0,7,0,0,0,23,0,15,0,9,0,0,0,29,13,175,0,6,0,65,0,0,0,0,0,0,0,0,0,20,0,0,0,0,0,0,0,1,0,0,0,0,82,110,143,0,25,73,66,5,2,91,0,167,2,7,88,2,0,1,0,0,0,0,0,0,0,0,0,0,0,0,0,0,1,11,0,0,0,0,0,0,0,0,0,0,0,5,0,5,0,0,0,0,0,0,0,0,0,0,0,0,0,0,0,0,0,0,0,0,0,1,0,0,0,4,0,7,0,38,0,56,0,50,0,36,0,136,0,34,0,14,0,34,0,0,0,3,5,12,0,10,1,0,0,39,0,54,0,12,0,2,0,3,0,0,0,0,0,4,1,22,0,39,0,0,2,5,0,0,1,0,5,14,6,29,0,0,0,0,0,0,0,0,0,0,0,1,0,0,0,2,0,0,0,0,0,2,0,14,0,0,0,7,0,244,0,0,0,13,0,217,0,39,0,38,0,31,0,202,0,6,2,180,3,64,0,2,1,14,0,0,0,0,0,95,0,0,0
7,0,13,0,3,0,49,0,56,29,4,1,0,0,0,0,1,0,0,0,0,0,8,0,30,0,0,0,0,0,0,0,0,0,0,0,0,0,0,0,0,0,0,0,0,0,0,0,19,0,0,0,48,0,49,25,0,14,73,42,13,0,0,0,6,27,8,104,0,0,0,0,0,0,0,0,0,0,2,0,0,0,0,0,0,0,0,0,0,0,0,0,0,0,1,0,0,0,0,0,0,0,0,0,0,0,1,0,0,0,0,0,0,0,0,0,0,0,0,0,1,0,0,0,4,0,16,0,17,0,10,0,18,0,24,0,41,0,8,3,0,0,20,0,38,5,5,0,0,0,14,0,0,0,121,38,172,1,40,16,80,0,74,0,0,0,2,0,55,0,95,0,10,0,3,4,5,0,1,0,6,9,0,0,2,23,0,0,0,0,0,0,1,0,0,0,2,0,0,0,6,0,2,0,0,0,0,0,18,0,16,0,12,0,288,0,0,0,16,0,170,0,91,0,86,0,65,0,326,0,4,0,176,0,264,1,8,0,165,0,19,0,14,0,248,0,0,0,0
0,14,0,0,2,2,0,25,15,112,0,5,0,0,0,0,0,14,0,4,0,5,0,9,0,41,0,3,0,12,0,0,0,0,0,0,0,2,0,3,0,0,0,0,0,0,0,0,0,1,0,3,14,92,15,73,14,0,45,51,0,15,0,19,1,5,35,27,0,0,0,0,0,0,0,0,0,0,0,0,0,1,0,0,0,8,0,2,0,0,0,0,0,0,0,0,0,4,0,0,0,1,0,0,0,0,0,0,0,0,0,0,0,0,0,0,0,0,0,0,0,0,0,0,0,5,0,10,0,93,0,75,0,45,0,33,0,121,5,36,0,17,0,28,0,1,0,3,0,15,0,7,0,0,18,123,1,36,5,81,5,20,0,19,0,0,0,0,0,18,0,92,0,11,0,0,1,0,0,2,0,0,0,2,5,28,0,0,0,0,0,0,0,0,0,1,0,0,0,0,0,2,0,0,0,0,0,0,0,6,0,8,0,16,0,320,0,0,0,16,0,308,0,61,0,51,0,56,1,548,0,3,2,185,1,340,0,0,2,15,0,0,0,2,0,151,0,0,0
4,0,3,0,8,0,1,0,7,71,0,0,0,0,0,0,0,0,3,0,0,0,0,0,0,0,0,0,0,0,0,0,0,0,0,0,0,0,0,0,0,0,3,0,2,0,0,0,10,0,5,0,7,5,0,66,73,45,0,107,16,0,3,3,87,24,111,213,0,0,0,0,0,0,0,0,0,0,0,0,0,0,0,0,0,0,0,0,0,0,0,0,0,0,0,0,0,0,0,0,0,0,0,0,0,0,0,0,0,0,0,0,0,0,0,0,0,0,0,0,0,0,0,0,1,0,1,0,0,0,15,0,0,0,0,0,0,0,3,0,0,0,0,0,20,0,5,0,0,0,3,0,0,0,64,45,140,0,6,14,63,12,28,0,0,0,0,0,15,0,50,0,9,0,2,3,34,0,0,0,6,4,0,0,32,53,0,0,0,0,0,0,0,0,0,0,0,0,0,0,0,0,0,0,0,0,0,0,2,0,0,0,0,0,209,0,5,0,11,0,109,0,55,0,32,0,70,0,184,0,11,0,155,0,161,0,11,0,160,0,19,0,14,0,242,0,0,0,0
1,12,0,0,0,3,4,7,18,35,0,3,0,0,0,0,0,0,0,0,0,0,0,0,0,3,0,0,0,0,0,0,0,0,0,0,0,0,0,0,0,0,0,0,0,0,0,0,0,0,0,1,20,32,0,5,42,51,107,0,0,27,0,5,12,47,98,53,0,0,0,0,0,0,0,0,0,1,0,0,0,0,0,0,0,0,0,0,0,0,0,0,0,0,0,0,0,0,0,0,0,0,0,0,0,0,0,0,0,0,0,0,0,0,0,0,0,0,0,0,0,0,0,0,0,0,0,3,0,5,0,16,0,3,0,8,0,7,6,1,0,0,1,0,1,9,0,1,0,6,0,0,0,0,45,105,8,141,26,26,20,3,0,4,0,2,0,0,0,11,0,31,0,8,0,2,0,5,0,0,0,5,0,0,8,84,0,0,0,0,0,0,0,0,0,0,0,0,0,0,0,1,0,1,0,0,0,0,0,0,0,3,0,7,0,335,0,0,0,12,0,268,0,68,0,36,0,136,1,383,0,7,0,259,0,523,0,2,0,39,0,0,0,2,0,252,0,0,0
223,0,200,0,0,0,175,5,86,0,0,0,0,0,0,0,74,0,4,0,5,0,39,0,87,0,0,0,3,0,3,0,5,0,1,0,36,0,9,0,0,0,4,0,1,0,0,0,1,0,0,0,19,0,49,2,13,0,16,0,0,0,26,0,0,0,2,0,0,0,5,0,0,0,0,0,0,0,0,0,8,0,0,0,0,0,0,0,0,0,1,0,0,0,0,0,0,0,6,0,0,0,0,0,0,0,0,0,0,0,0,0,0,0,0,0,0,0,0,0,0,0,5,0,0,0,0,0,1,0,0,0,0,0,0,0,6,0,109,0,27,0,4,0,107,0,0,0,0,0,3,0,0,0,16,0,57,0,10,0,0,0,0,0,0,0,0,0,0,0,17,0,19,0,1,0,32,0,1,0,0,0,20,1,0,0,0,0,0,0,0,0,0,0,0,0,0,0,0,0,0,0,0,0,0,0,0,0,0,0,0,0,0,0,46,0,0,0,0,0,38,0,4,0,6,0,19,0,22,0,4,0,62,0,0,0,0,0,41,0,12,0,8,0,89,0,0,0,0
0,121,6,17,0,2,0,149,0,164,0,0,0,0,0,0,0,7,0,0,0,2,2,3,0,50,0,0,0,6,0,1,0,2,0,0,0,22,0,3,0,0,0,0,0,0,0,0,0,1,0,0,0,65,0,91,0,15,0,27,0,0,0,25,0,2,0,6,0,0,0,0,0,0,0,0,0,0,0,0,0,0,0,0,0,0,0,0,0,0,0,0,0,0,0,0,0,0,0,0,0,0,0,0,0,0,0,0,0,0,0,0,0,0,0,0,0,0,0,0,0,0,0,0,0,0,0,0,0,0,0,0,0,0,0,0,0,0,0,71,0,20,0,8,0,47,0,0,0,0,0,0,0,0,0,33,0,36,0,20,0,0,0,1,0,0,0,0,0,0,0,3,0,6,0,1,0,65,0,1,0,0,0,37,0,13,0,0,0,0,0,0,0,0,0,0,0,1,0,0,0,0,0,0,0,0,0,0,0,0,0,2,0,2,0,59,0,0,0,2,0,81,0,9,0,8,0,50,0,72,0,0,0,68,0,12,0,2,0,7,0,0,0,1,0,40,0,0,0
133,29,150,0,0,0,423,22,160,7,0,0,0,0,0,0,592,0,23,0,107,0,91,0,184,17,14,0,43,0,20,0,20,0,8,0,58,0,33,0,0,0,2,0,0,0,0,0,0,0,0,0,131,1,71,0,0,0,3,0,26,0,0,7,0,0,4,0,0,0,26,0,0,0,11,0,0,0,0,0,91,0,0,0,127,0,34,0,0,0,25,0,2,0,0,0,88,0,58,0,0,0,3,0,0,0,0,0,0,0,0,0,0,0,0,0,0,0,0,0,51,0,65,0,0,0,3,0,12,0,0,0,10,0,0,0,74,0,231,0,74,0,131,0,78,0,0,0,0,0,0,0,0,0,67,0,55,0,22,0,0,0,0,0,0,0,0,0,5,0,4,0,14,0,0,0,28,0,0,0,0,0,50,0,0,1,0,0,0,0,0,0,0,0,0,0,0,0,0,0,6,0,0,0,0,0,0,0,0,0,0,0,0,0,24,0,0,0,0,0,31,0,5,0,0,0,29,0,19,0,17,0,43,0,6,2,0,0,38,0,14,0,15,0,89,0,0,0,0
9,64,3,7,0,1,53,235,68,219,0,0,0,0,0,5,1,69,0,23,0,28,0,117,17,48,0,9,0,175,0,0,0,8,0,0,0,1,0,71,0,0,0,3,0,0,0,0,0,0,0,0,14,27,60,167,0,19,3,5,0,25,7,0,0,0,3,0,0,0,0,0,0,0,0,0,0,0,0,0,0,4,0,0,0,21,0,0,0,0,0,0,0,0,0,0,0,0,0,0,0,6,0,0,0,0,0,0,0,0,0,0,0,0,0,0,0,0,0,0,0,0,0,0,0,0,0,2,0,1,1,0,0,15,0,0,0,62,0,33,0,13,0,39,0,14,0,0,1,0,0,0,0,0,0,51,0,43,0,16,0,0,0,0,0,0,0,0,0,0,0,3,0,4,0,0,0,25,0,0,0,0,0,99,0,24,0,0,0,0,0,0,0,0,0,0,0,0,0,0,0,0,0,0,0,0,0,0,0,0,0,0,0,1,0,9,0,0,0,0,0,20,0,2,0,0,0,8,0,26,0,6,0,50,0,10,0,0,1,4,0,1,0,0,0,28,0,0,0
7,1,5,0,0,0,3,0,10,0,0,0,0,0,0,0,0,0,0,0,0,0,0,0,0,0,0,0,0,0,0,0,0,0,0,0,0,0,1,0,0,0,0,0,1,0,0,0,0,0,0,0,0,0,0,2,6,1,87,12,0,0,0,0,0,27,68,14,0,0,0,0,2,0,0,0,0,0,0,0,0,0,0,0,0,0,0,0,0,0,0,0,0,0,0,0,0,0,0,0,0,0,0,0,0,0,0,0,0,0,0,0,0,0,0,0,0,0,0,0,0,0,0,0,7,0,0,0,0,1,14,0,0,0,0,0,0,0,7,4,0,0,0,0,48,5,9,0,13,0,28,0,0,0,1,14,1,0,0,24,130,51,10,0,0,0,0,0,0,0,0,0,1,0,12,12,2,0,0,0,15,7,7,0,3,2,0,0,0,0,2,0,0,0,0,0,0,0,0,0,0,0,0,0,0,0,3,0,12,0,0,0,0,0,11,0,0,0,0,0,9,0,8,0,0,0,2,2,12,3,1,0,0,0,23,0,0,0,11,0,0,0,0,0,5,0,0,0,0
0,30,0,0,0,5,0,6,0,132,0,9,0,0,0,3,0,0,0,1,0,0,0,0,0,1,0,6,0,0,0,0,0,0,0,0,0,0,0,0,0,0,0,0,0,0,0,0,0,0,0,0,4,0,0,7,27,5,24,47,0,2,0,0,27,0,0,160,0,0,5,20,0,0,3,22,0,0,0,5,0,0,0,0,0,0,0,0,0,0,0,0,0,0,0,0,2,0,2,1,0,0,0,0,0,1,0,0,0,0,0,0,0,0,0,0,0,0,0,0,0,8,0,8,0,19,0,5,21,0,50,57,1,1,0,4,0,3,32,19,0,2,0,0,24,45,0,11,33,142,3,35,0,0,29,5,3,0,38,4,104,268,0,0,0,0,0,0,0,6,0,1,0,0,20,132,0,7,0,0,4,106,0,6,6,90,0,0,0,0,0,0,0,0,0,2,0,5,0,5,0,1,0,0,0,0,0,12,0,20,0,0,0,0,0,12,1,0,0,0,0,0,0,11,0,6,0,32,0,69,0,1,0,4,0,75,0,0,1,7,0,0,0,0,0,22,0,0,0
13,1,8,0,0,0,64,0,71,124,0,0,0,0,0,0,0,0,0,0,2,0,0,0,1,1,0,0,0,0,0,0,0,0,0,0,0,0,0,0,0,0,1,0,0,0,0,0,0,0,2,0,0,8,3,88,8,35,111,98,2,0,4,3,68,0,0,107,0,0,0,0,0,0,0,0,0,0,0,0,0,0,0,0,0,0,0,0,0,0,0,0,0,0,0,0,0,0,0,0,0,0,0,0,0,0,0,0,0,0,0,0,0,0,0,0,0,0,0,0,0,0,0,0,8,0,0,0,0,0,15,0,0,0,1,0,0,0,0,0,0,0,0,0,5,0,10,0,2,0,3,0,0,0,31,8,29,0,2,5,140,0,6,0,1,0,0,0,0,0,9,0,3,0,0,0,158,3,0,0,3,0,0,0,29,35,0,0,0,0,0,0,0,0,0,0,0,0,0,0,0,0,0,0,0,0,0,0,3,0,0,0,0,0,28,0,0,0,0,0,26,0,0,0,7,0,7,0,24,0,0,0,21,0,18,0,0,0,18,0,0,0,2,0,34,0,0,0,0
0,14,0,0,0,0,7,4,25,40,0,2,0,0,0,0,0,0,0,0,0,0,0,0,0,0,0,0,0,0,0,0,0,0,0,0,0,0,0,0,0,0,0,0,0,0,0,1,0,0,0,1,46,11,16,2,104,27,213,53,0,6,0,0,14,160,107,0,0,0,0,0,0,0,0,0,0,0,0,0,0,0,0,0,0,0,0,0,0,0,0,0,0,0,0,0,0,0,0,0,0,0,0,0,0,0,0,0,0,0,0,0,0,0,0,0,0,0,0,0,0,0,0,0,0,0,0,2,0,0,0,5,0,2,0,1,0,0,3,0,0,0,0,0,0,3,0,4,0,7,0,0,0,1,65,40,0,41,36,15,0,9,1,0,0,0,0,0,0,0,0,0,0,0,0,6,11,104,0,1,0,35,0,2,8,375,0,0,0,0,0,0,0,0,0,0,0,0,0,0,0,0,0,0,0,0,0,0,0,3,0,0,0,0,0,70,0,0,0,0,0,60,1,12,0,9,1,73,0,80,0,0,0,52,0,143,0,2,0,15,0,0,0,0,0,102,0,0,0
0,0,0,0,0,0,0,0,0,0,0,0,0,0,0,0,0,0,0,0,0,0,2,0,0,0,0,0,0,0,0,0,0,0,0,0,0,0,0,0,0,0,0,0,0,0,0,0,0,0,0,0,0,0,0,0,0,0,0,0,0,0,0,0,0,0,0,0,0,0,0,0,4,0,0,0,50,0,19,0,5,0,0,0,0,0,16,0,3,0,0,0,1,0,7,0,7,0,10,0,3,0,43,0,12,0,15,0,5,0,0,0,5,0,0,0,0,0,0,0,0,0,1,0,0,0,0,0,0,0,0,0,0,0,0,0,0,0,0,0,0,0,0,0,0,0,0,0,0,0,0,0,0,0,0,0,0,0,0,0,0,0,0,0,2,0,0,0,35,0,0,0,0,0,0,0,0,0,0,0,0,0,0,0,0,0,0,0,0,0,0,0,0,0,7,0,2,0,0,0,0,0,4,0,0,0,0,0,0,0,0,0,167,0,138,0,62,0,3,0,1,0,98,0,6,0,4,0,29,0,0,0,0,0,0,0,0,0,0,0,20,0,0,0,0,0,0,0,0
0,0,0,0,0,0,0,0,0,0,0,0,0,0,0,0,0,0,0,0,0,0,0,0,0,0,0,0,0,0,0,0,0,0,0,0,0,0,0,0,0,0,0,0,0,2,0,0,0,2,0,0,0,0,0,1,0,0,0,0,0,0,0,0,0,0,0,0,0,0,0,0,0,4,0,0,0,114,0,12,0,8,0,24,0,0,0,23,0,2,0,0,0,1,0,0,0,1,0,0,0,4,0,18,0,0,0,0,0,7,0,7,0,3,0,5,0,2,0,0,0,0,0,0,0,0,0,0,0,0,0,0,0,0,0,11,0,4,0,0,0,0,0,0,0,0,2,0,0,0,0,0,0,0,0,0,0,0,0,0,0,1,0,0,0,2,0,0,0,2,0,0,0,0,0,0,0,0,0,0,0,3,0,0,0,0,0,0,0,0,0,0,0,0,0,12,0,7,0,0,0,4,0,0,0,0,0,0,0,7,0,2,0,316,0,130,0,98,0,4,0,0,0,119,0,13,0,0,0,52,0,0,0,2,0,0,0,0,0,10,0,11,0,0,0,0,0,0,0
0,0,8,0,10,0,0,0,0,0,0,0,0,0,0,0,25,0,0,0,31,0,0,0,0,0,4,0,10,0,0,0,0,0,7,0,45,0,9,0,0,0,5,0,3,0,0,0,1,0,7,0,0,0,0,0,0,0,0,0,5,0,26,0,0,5,0,0,0,0,0,0,144,0,270,0,0,0,104,0,7,0,0,0,0,0,9,0,0,0,0,0,0,0,4,0,0,0,0,0,0,0,0,0,0,0,0,0,0,0,0,0,0,0,0,0,0,0,0,0,41,0,56,0,4,0,7,0,4,0,26,0,5,0,24,0,11,0,10,5,92,2,48,0,33,3,12,0,78,7,36,0,22,0,0,2,19,0,0,6,16,3,51,0,2,0,10,0,22,0,29,0,39,0,18,15,0,0,0,0,6,4,0,0,50,0,0,0,0,0,0,0,0,0,0,0,5,0,0,0,0,0,0,0,0,0,0,0,14,0,0,0,0,0,3,0,0,0,4,0,23,0,15,0,8,0,0,0,67,0,0,0,0,0,1,0,0,0,17,0,6,1,7,0,2,0,0,0,0
0,0,0,1,0,3,0,0,0,0,0,0,0,0,0,0,0,0,0,3,0,2,0,0,0,0,0,0,0,0,0,0,0,0,0,1,0,4,0,0,0,0,0,0,0,0,0,0,0,0,0,9,0,0,0,0,0,0,0,0,0,0,0,0,0,20,0,0,0,0,0,0,0,138,0,236,0,5,0,67,0,0,0,0,0,0,0,41,0,0,0,0,0,0,0,0,0,0,0,0,0,0,0,0,0,0,0,0,0,0,0,0,0,0,0,0,0,0,0,0,0,23,0,123,0,22,0,18,0,13,0,11,0,35,0,0,0,29,1,5,0,34,0,23,0,109,0,15,0,38,0,12,0,0,0,0,0,5,0,1,0,2,0,35,0,0,0,1,0,7,0,3,0,0,0,26,0,0,0,0,0,22,0,0,0,21,0,0,0,0,0,0,0,0,0,0,0,0,0,0,0,0,0,0,0,0,0,0,0,0,0,0,0,0,0,0,0,0,0,0,0,0,0,3,0,3,0,54,0,37,0,0,0,0,0,15,0,0,0,43,0,0,0,0,0,20,0,0,0
0,0,0,0,0,0,0,0,0,0,0,0,0,0,0,0,0,0,0,0,3,0,0,0,0,0,0,0,0,0,0,0,0,0,0,0,0,0,0,0,0,0,0,0,0,0,0,0,0,0,1,0,0,0,0,0,0,0,0,0,0,0,0,0,2,0,0,0,4,0,144,0,0,0,125,0,88,0,109,0,0,0,6,0,16,0,15,0,0,0,0,1,0,0,1,0,0,0,0,0,0,0,1,0,0,0,2,0,0,0,0,0,0,0,0,0,0,0,0,0,59,0,26,0,14,2,9,1,7,1,13,2,8,0,47,0,15,0,23,2,59,0,90,0,17,0,11,0,29,0,48,2,11,3,1,0,3,0,0,2,9,4,22,0,0,0,1,0,3,0,3,0,2,0,18,2,0,0,0,0,21,0,0,0,25,0,0,0,0,5,3,0,8,0,0,0,0,0,28,0,19,0,10,0,0,0,0,0,28,0,0,0,0,0,4,0,2,0,0,0,2,0,15,0,2,0,3,0,5,0,0,0,0,0,12,1,0,0,85,0,54,0,24,0,0,0,0,0,0
