0,275,169,155,166,0,26,324,46,171,166,2,199,0,23,45,119,105,20,0,0,0,60,154,45,489,63,0,128,0,0,0,0,0,0,0,0,0,550,0,44,0,0,0,62,0,122,0,10,0,0,0,0,0,0,17,0,0,0,0,87,9,135,39,30,0,0,0,0,0,0,0,0,0,0,0,0,0,0,0,0,0,0,0,0,0,0,0,0,0,0,0,0,0,0,0,0,0,0,0,0,0,0,0,0,0,0,0,0,0,0,0,0,0,0,0,0,0,0,0,0,0,0,0,12,0,12,0,0,0,6,0,0,0,15,0,0,0,1,0,0,0,0,2,0,0,44,0,82,0,30,0,0,0,2,0,4,0,0,0,0,0,0,0,22,0,0,0,27,0,22,0,427,0,0,0,419,134,25,0,0,0,45,1,104,0,4,0,0,0,0,0,0,0,0,0,0,0,0,0,0,0,0,0,1,0,0,0,11,0,935,322,414,0,245,0,24,0,10,9,0,0,0,0,0
275,0,483,109,0,265,52,137,0,94,33,374,0,163,16,90,87,42,0,260,0,0,199,29,307,105,0,487,12,71,0,0,0,55,0,0,6,86,22,394,0,100,0,0,0,54,0,246,0,5,0,0,0,25,24,6,0,4,0,22,0,108,0,182,0,20,0,5,0,1,0,0,0,0,0,0,0,0,0,0,0,0,0,0,0,22,0,0,0,0,0,0,0,0,0,0,0,0,0,0,0,0,0,0,0,0,0,0,0,0,0,0,0,1,0,0,0,0,0,0,0,0,0,0,0,0,0,0,0,0,0,5,0,0,5,21,0,22,0,0,0,0,0,10,0,0,0,0,0,52,0,77,0,45,0,0,0,5,0,0,0,0,0,0,0,4,0,0,0,8,0,11,0,129,0,15,95,511,0,19,0,20,23,24,0,78,0,0,0,0,0,0,0,0,0,0,0,0,0,0,0,2,0,0,0,0,0,7,0,18,12,0,0,0,362,0,0,0,1251,281,512,162,0,90,0
169,483,0,259,379,115,77,157,35,35,58,114,231,0,201,136,162,119,109,0,43,0,556,210,279,286,111,0,182,14,31,0,140,0,0,0,21,0,449,0,58,0,0,0,87,0,138,0,18,0,0,0,4,0,199,0,26,0,58,0,12,0,58,0,12,0,0,0,0,0,0,0,0,0,0,0,0,0,0,0,0,0,0,0,0,0,0,0,0,0,0,0,0,0,0,0,0,0,0,0,0,0,0,0,0,0,0,0,0,0,0,0,0,0,0,0,0,0,0,0,0,0,0,0,40,0,73,0,0,0,20,0,8,0,138,0,51,0,3,0,0,0,65,0,0,0,59,0,104,0,69,0,0,0,4,0,2,0,0,0,6,0,4,0,24,0,84,0,26,0,15,0,359,0,0,0,104,121,1,0,0,0,2,0,22,0,0,0,0,0,0,0,0,0,0,0,0,0,6,0,0,0,0,0,2,0,0,0,114,0,676,87,452,209,224,0,0,2,25,11,0,0,0,0,0
155,109,259,0,70,108,0,193,0,17,87,6,0,0,18,261,48,37,0,125,7,0,152,155,75,159,0,96,16,191,3,0,0,161,0,0,0,36,25,297,2,0,0,0,0,0,0,0,0,0,0,0,0,0,0,102,0,74,0,5,0,0,0,0,0,0,0,0,0,0,0,0,0,0,0,0,0,0,0,0,0,0,0,0,0,0,0,0,0,0,0,0,0,0,0,0,0,0,0,0,0,0,0,0,0,0,0,0,0,0,0,0,0,0,0,0,0,0,0,0,0,0,0,0,0,14,0,8,0,0,0,0,0,0,0,28,0,47,2,8,0,0,0,0,0,0,0,0,0,0,0,0,0,0,0,7,0,0,0,0,0,11,0,0,0,0,0,30,0,4,0,0,0,86,0,0,25,56,0,7,0,0,14,0,0,0,0,0,0,0,0,0,0,0,0,0,0,0,0,0,0,0,0,1,0,0,0,0,0,0,1,0,0,0,63,0,0,0,216,62,231,29,0,7,0
166,0,379,70,0,414,0,0,42,0,89,166,377,98,454,290,35,0,124,107,182,81,168,81,21,18,140,0,26,0,361,8,348,59,93,6,213,0,0,0,172,0,0,0,43,0,137,0,9,0,63,8,0,0,0,0,0,0,0,0,0,0,0,0,20,0,3,0,2,0,0,0,2,0,0,0,0,0,0,0,0,0,0,0,0,0,0,0,0,0,0,0,0,0,0,0,0,0,0,0,0,0,0,0,0,0,0,0,0,0,0,0,0,0,0,0,0,0,0,0,0,0,0,0,0,0,25,0,0,0,0,0,0,0,0,0,0,0,0,0,0,0,0,0,0,0,31,0,49,0,79,0,0,0,0,1,0,0,0,0,1,0,0,0,26,0,189,0,0,0,15,0,93,0,0,0,233,190,30,0,40,0,14,0,58,0,2,0,0,0,0,0,0,0,0,0,0,0,0,0,0,0,0,0,0,0,3,0,27,0,479,367,594,0,122,0,4,0,8,13,0,0,0,0,0
0,265,115,108,414,0,0,118,0,19,159,130,298,165,603,315,38,7,188,232,266,156,172,43,0,8,0,371,0,126,197,125,94,587,0,116,68,221,0,54,0,27,0,0,0,14,6,92,0,11,11,62,0,0,0,17,0,0,0,0,0,0,0,3,0,3,0,0,0,0,0,0,0,0,0,0,0,0,0,0,0,0,0,0,0,0,0,0,0,0,0,0,0,0,0,0,0,0,0,0,0,0,0,0,0,0,0,0,0,0,0,0,0,0,0,0,0,0,0,0,0,0,0,0,0,0,0,10,0,0,0,0,0,0,0,19,0,26,0,0,0,0,0,0,0,0,0,0,0,0,0,0,0,27,0,0,0,0,0,0,0,0,0,0,0,0,0,157,0,15,0,7,0,127,0,11,47,438,82,50,0,23,0,5,0,21,0,31,0,0,0,0,0,0,0,0,0,0,0,0,0,0,0,0,0,0,0,6,0,18,10,11,48,0,155,0,0,0,622,291,568,0,0,9,0
26,52,77,0,0,0,0,121,92,302,0,0,0,0,0,0,16,0,3,0,0,0,8,0,75,124,0,0,0,0,0,0,0,0,0,0,0,0,57,0,0,0,0,0,3,0,0,0,22,0,0,0,113,24,301,70,20,0,38,0,176,0,281,0,29,1,8,38,0,0,0,0,0,0,0,0,0,0,0,0,1,0,0,0,0,0,0,0,0,0,0,0,0,0,0,0,0,0,0,0,0,0,0,0,0,0,0,0,0,0,0,0,0,0,0,0,0,0,0,0,0,0,0,0,18,0,43,0,2,0,31,0,0,0,9,1,0,0,0,0,0,0,0,0,0,0,0,0,31,0,8,0,0,0,0,0,3,0,0,0,8,0,0,0,6,0,10,0,21,0,139,0,252,0,0,0,24,37,0,0,0,0,0,3,0,0,0,0,0,0,0,0,0,0,0,0,1,0,0,0,0,0,0,0,0,0,0,0,18,0,720,100,386,364,436,12,222,8,3,0,0,0,0,1,0
324,137,157,193,0,118,121,0,196,92,2,17,0,20,0,118,24,63,0,120,0,24,0,8,250,312,0,184,0,108,0,0,0,14,0,5,0,0,0,165,0,0,0,0,0,23,0,29,0,2,0,0,14,26,88,284,0,46,0,22,0,28,0,325,0,0,0,3,0,0,0,0,0,0,0,0,0,0,0,0,0,0,0,0,0,8,0,0,0,0,0,0,0,0,0,0,0,0,0,0,0,1,0,0,0,0,0,0,0,0,0,0,0,2,0,0,0,0,0,0,0,0,0,0,0,36,0,29,0,11,0,42,0,0,0,74,0,66,0,0,0,0,0,19,0,0,0,3,0,14,0,20,0,0,0,1,0,0,0,0,0,9,0,0,0,0,0,0,0,10,0,8,0,129,0,0,57,83,0,0,0,0,16,2,0,0,0,1,0,0,0,0,0,2,0,0,0,0,0,0,0,7,0,0,0,0,0,13,0,60,0,0,0,0,306,0,0,0,457,0,485,164,0,94,0
46,0,35,0,42,0,92,196,0,602,18,0,28,0,8,0,9,0,8,0,0,0,0,0,24,149,0,0,0,0,1,0,0,0,0,0,0,0,0,0,22,0,0,0,14,0,23,0,20,0,0,0,176,83,160,213,13,74,113,127,351,0,321,35,97,0,186,256,1,0,0,0,0,0,0,0,0,0,0,0,0,0,0,0,0,0,1,0,0,0,0,0,0,0,0,0,0,0,0,0,0,0,0,0,0,0,0,0,0,0,0,0,0,0,0,0,0,0,0,0,0,0,0,0,25,0,76,0,0,0,51,0,4,0,5,0,0,0,0,0,0,0,0,0,0,0,29,0,90,0,28,0,7,0,2,0,17,0,0,0,39,0,0,0,10,0,0,0,15,0,157,0,225,0,0,0,439,96,0,0,0,0,30,0,91,5,3,0,0,0,0,0,0,0,0,0,2,0,0,0,0,0,0,0,0,0,2,0,23,0,795,311,329,0,331,14,185,4,2,0,0,0,0,0,0
171,94,35,17,0,19,302,92,602,0,0,15,0,11,0,20,0,0,0,48,0,0,0,0,299,102,0,89,0,0,0,0,0,0,0,0,0,0,0,0,0,0,0,0,0,12,0,0,0,0,0,0,99,136,435,132,6,43,0,49,0,108,0,299,0,92,0,146,0,0,0,0,0,0,0,0,0,0,0,0,0,0,0,0,0,0,0,0,0,0,1,0,0,0,0,0,0,0,0,0,0,0,0,0,0,2,0,0,0,0,0,0,0,0,0,0,0,0,0,0,0,0,0,0,0,103,0,109,0,0,0,30,0,0,0,32,0,29,0,0,0,0,0,4,0,0,0,24,0,86,0,45,0,3,0,0,0,0,0,0,0,10,0,0,0,0,0,0,0,17,0,36,0,71,0,0,119,317,0,14,0,0,3,34,0,38,0,0,0,0,0,0,0,4,0,0,0,0,0,2,0,0,0,0,0,0,0,23,0,94,4,0,16,0,500,0,0,0,826,141,252,217,0,130,0
166,33,58,87,89,159,0,2,18,0,0,35,266,0,53,205,56,15,10,11,36,11,103,82,0,11,19,0,37,7,111,0,247,16,0,0,117,3,68,0,54,0,0,0,30,0,92,0,5,0,0,0,0,0,0,0,0,0,0,0,0,0,0,0,0,0,0,0,0,0,0,0,0,0,0,0,0,0,0,0,0,0,0,0,0,0,0,0,0,0,0,0,0,0,0,0,0,0,0,0,0,0,0,0,0,0,0,0,0,0,0,0,0,0,0,0,0,0,0,0,0,0,0,0,0,0,0,0,0,0,0,0,0,0,0,0,0,0,0,0,0,0,0,0,0,0,23,0,0,0,45,0,63,0,1,0,0,0,0,0,0,0,2,0,0,0,48,0,13,0,0,0,30,0,0,0,264,80,78,0,51,0,47,0,40,0,5,0,0,0,0,0,0,0,0,0,0,0,0,0,0,0,0,0,0,0,0,0,0,0,311,359,339,0,47,2,0,0,10,3,0,0,0,0,0
2,374,114,6,166,130,0,17,0,15,35,0,28,465,283,14,23,29,28,69,121,0,156,24,0,0,0,196,5,49,41,0,32,212,0,0,0,66,0,79,0,136,0,0,0,18,0,179,0,18,0,10,0,3,0,2,0,0,0,0,0,0,0,0,0,0,0,0,0,0,0,0,0,0,0,0,0,0,0,0,0,0,0,0,0,0,0,0,0,0,0,0,0,0,0,0,0,0,0,0,0,0,0,0,0,0,0,0,0,0,0,0,0,0,0,0,0,0,0,0,0,0,0,0,0,0,0,0,0,0,0,0,0,0,0,0,0,0,0,0,0,0,0,0,0,0,0,0,0,0,0,94,0,74,0,1,0,0,0,0,0,0,0,0,0,0,0,27,0,8,0,0,0,31,0,27,29,441,12,68,0,83,0,22,0,64,0,8,0,0,0,0,0,0,0,0,0,0,0,0,0,0,0,0,0,0,0,0,1,4,0,10,0,0,61,0,0,0,322,118,161,20,0,0,0
199,0,231,0,377,298,0,0,28,0,266,28,0,618,62,68,0,0,93,449,93,191,7,0,0,0,138,594,0,0,65,0,25,0,308,24,49,0,0,0,159,22,69,62,51,0,218,52,7,0,269,92,0,0,0,0,0,0,0,0,0,0,0,0,0,0,0,0,0,0,0,0,0,0,0,0,0,0,0,0,0,0,0,0,0,0,0,0,0,0,0,0,0,0,0,0,0,0,0,0,0,0,0,0,0,0,0,0,0,0,0,0,0,0,0,0,0,0,0,0,0,0,0,0,0,0,0,0,0,0,0,0,0,0,0,0,0,0,0,0,0,0,0,0,0,0,0,0,0,0,0,0,61,0,0,0,0,0,0,0,0,0,0,0,38,0,27,0,0,0,0,0,0,0,0,0,196,214,151,0,71,0,60,0,59,0,161,0,0,0,0,0,0,0,1,0,0,0,0,0,0,0,0,0,0,0,0,0,13,0,45,345,234,19,18,1,0,1,0,62,13,0,0,0,0
0,163,0,0,98,165,0,20,0,11,0,465,618,0,76,0,1,0,445,92,184,36,0,0,0,0,400,171,0,0,55,0,6,6,60,138,17,59,0,0,98,200,60,75,43,27,55,226,0,33,57,349,0,0,0,0,0,0,0,0,0,0,0,0,0,4,0,0,0,0,0,0,0,0,0,0,0,0,0,0,0,0,0,0,0,0,0,0,0,0,0,0,0,0,0,0,0,0,0,0,0,0,0,0,0,0,0,0,0,0,0,0,0,0,0,0,0,0,0,0,0,0,0,0,0,5,0,0,0,0,0,0,0,0,0,0,0,0,0,0,0,0,0,0,0,0,0,0,0,0,0,49,0,0,0,0,0,0,0,0,0,0,0,0,0,34,2,23,0,38,0,3,0,11,0,14,2,557,16,11,0,64,0,10,0,12,31,77,0,0,0,0,0,0,0,0,0,0,0,0,0,0,0,0,0,0,0,0,0,0,0,0,16,0,11,0,0,0,67,269,249,27,0,1,0
23,16,201,18,454,603,0,0,8,0,53,283,62,76,0,363,45,0,158,78,123,74,211,65,106,0,121,8,0,9,175,0,102,122,16,0,40,28,0,7,0,0,0,0,26,0,33,0,0,0,0,0,0,0,33,0,0,0,0,0,7,0,0,0,6,0,0,0,0,0,0,0,0,0,0,0,0,0,0,0,0,0,0,0,0,0,0,0,0,0,0,0,0,0,0,0,29,0,0,0,0,0,0,0,0,0,0,0,0,0,0,0,0,0,0,0,0,0,0,0,5,0,1,0,0,0,7,0,0,0,0,0,0,0,19,0,0,0,0,0,0,0,53,0,0,0,30,0,43,0,15,0,22,0,2,0,0,0,0,0,0,0,0,0,0,0,48,0,4,0,0,0,0,0,4,0,57,118,15,0,16,0,6,0,26,0,0,0,0,0,1,0,0,0,0,0,0,1,0,0,0,0,0,0,0,0,0,0,13,0,63,208,65,0,0,1,1,0,0,6,19,0,0,0,0
45,90,136,261,290,315,0,118,0,20,205,14,68,0,363,0,54,11,25,638,156,151,217,133,17,14,0,239,11,42,109,23,91,79,0,10,36,15,0,13,4,0,0,24,0,0,0,0,0,0,0,10,0,7,0,152,0,112,0,17,0,0,0,18,0,13,0,0,0,0,0,0,0,0,0,0,0,0,0,0,0,0,0,0,0,15,0,0,0,0,0,0,0,0,0,0,0,0,0,0,0,0,0,0,0,0,0,0,0,0,0,0,0,0,0,0,0,0,0,0,0,0,0,0,0,0,0,0,0,0,0,29,0,21,1,103,0,170,2,0,0,14,0,34,0,0,0,0,0,51,0,26,0,0,0,13,0,0,0,0,0,0,0,0,0,0,0,10,0,0,0,0,0,15,0,0,19,54,59,0,0,0,0,0,0,33,0,0,0,0,0,0,0,0,0,0,0,0,0,0,0,0,0,0,0,0,0,0,0,54,17,10,0,0,32,0,0,0,157,404,67,0,0,0,0
119,87,162,48,35,38,16,24,9,0,56,23,0,1,45,54,0,27,197,0,261,0,127,55,192,70,61,0,54,0,62,0,117,0,5,0,4,0,68,9,0,0,0,0,51,0,0,0,1,0,0,0,78,0,89,0,16,0,0,0,0,0,23,0,0,0,0,0,0,0,0,0,0,0,0,0,0,0,0,0,112,0,0,0,294,0,58,0,0,0,187,0,0,0,0,0,425,0,412,0,4,0,16,0,0,0,275,0,0,0,0,0,0,0,0,0,0,0,0,0,96,0,80,0,0,0,3,0,87,0,0,0,23,0,33,0,158,3,83,0,67,0,671,0,3,0,0,0,0,0,0,0,0,0,74,0,1,0,47,0,0,0,0,0,0,0,7,0,2,0,0,0,21,1,0,0,19,9,7,0,0,0,23,0,0,0,5,0,0,0,0,0,0,0,0,0,0,0,0,0,53,0,0,0,0,0,0,0,0,0,82,449,23,14,17,0,0,0,0,4,0,1,0,0,0
105,42,119,37,0,7,0,63,0,0,15,29,0,0,0,11,27,0,0,21,0,75,52,49,104,78,0,0,0,99,0,3,0,24,0,0,0,0,9,102,0,0,0,0,0,0,0,0,0,0,0,5,0,5,0,16,0,82,0,0,0,0,0,120,0,0,0,0,0,0,0,0,0,0,0,0,0,0,0,0,0,9,0,0,0,53,0,0,0,0,0,0,0,0,0,0,2,0,0,0,0,0,0,0,0,0,0,0,0,0,0,0,0,0,0,0,0,0,0,0,0,0,0,0,0,0,0,0,0,81,0,30,0,60,0,191,0,363,5,102,0,23,0,67,0,0,0,0,0,0,0,0,0,0,0,30,0,0,1,22,0,30,0,0,0,0,0,0,0,4,0,0,0,26,0,0,0,0,0,17,0,0,0,1,0,0,0,0,0,0,0,0,0,0,0,0,0,0,0,0,0,0,0,0,0,0,0,0,0,0,0,0,0,0,0,0,0,0,18,268,43,0,0,0,0
20,0,109,0,124,188,3,0,8,0,10,28,93,445,158,25,197,0,0,239,202,74,175,0,119,0,129,302,18,0,33,0,0,0,208,24,65,0,0,0,6,20,41,51,13,0,21,37,0,0,244,67,0,0,27,0,0,0,0,0,0,0,23,0,0,0,0,0,0,0,22,0,0,0,13,0,0,0,1,0,0,0,0,0,0,0,0,0,0,0,0,0,0,0,0,0,152,0,0,0,0,0,0,0,0,0,0,0,0,0,0,0,0,0,0,0,0,0,0,0,0,0,0,0,0,0,0,0,0,0,0,0,0,0,0,0,0,0,0,0,0,0,0,0,0,0,0,0,0,0,9,0,0,0,0,0,0,0,0,0,0,0,0,0,19,0,16,0,0,0,0,0,11,0,0,0,0,51,0,0,0,0,7,0,9,0,0,0,0,0,0,0,0,0,0,0,0,0,0,0,0,0,0,0,0,0,0,0,0,0,48,213,130,0,9,0,2,0,0,27,6,0,0,0,0
0,260,0,125,107,232,0,120,0,48,11,69,449,92,78,638,0,21,239,0,125,141,4,78,0,20,88,278,0,7,73,30,21,46,59,249,33,113,0,0,0,0,17,32,0,77,0,43,0,37,19,236,0,0,0,123,0,174,0,0,0,0,0,32,0,22,0,3,0,0,0,0,0,0,0,0,0,3,0,0,0,0,0,0,0,100,0,21,0,0,0,0,0,0,0,0,0,0,0,37,0,0,0,0,0,0,0,0,0,0,0,0,0,0,0,0,0,0,0,1,0,0,0,0,0,0,0,0,0,0,0,0,0,0,0,168,0,167,0,0,0,19,0,80,0,0,0,0,0,55,0,47,0,0,0,0,0,0,0,0,0,0,0,0,0,31,0,41,0,28,0,3,0,17,0,0,0,56,38,0,0,0,0,6,0,0,14,8,0,0,0,2,0,0,0,0,0,0,0,0,0,0,0,0,0,0,0,17,0,0,0,0,7,0,50,0,0,0,122,302,174,29,0,0,0
0,0,43,7,182,266,0,0,0,0,36,121,93,184,123,156,261,0,202,125,0,84,158,32,77,1,70,107,57,0,102,0,31,42,35,11,25,10,0,0,0,7,19,18,0,0,0,30,5,0,97,0,0,0,22,0,3,0,0,0,0,0,35,0,0,0,0,0,0,0,29,0,0,0,17,0,0,0,0,0,93,0,0,0,144,0,55,0,0,0,74,0,0,0,0,0,137,0,287,0,3,0,0,0,0,0,0,0,0,0,0,0,0,0,0,0,0,0,0,0,96,0,30,0,0,0,0,0,0,0,0,0,0,0,0,0,0,0,0,0,0,0,0,0,14,0,0,0,0,0,0,0,0,0,1,0,0,0,0,0,0,0,0,0,45,0,56,0,24,0,0,0,18,0,0,0,33,33,31,0,0,0,5,0,0,0,16,0,0,0,0,0,0,0,0,0,0,0,0,0,0,0,0,0,0,0,0,0,0,0,196,468,181,34,36,0,0,0,0,18,0,0,0,0,0
0,0,0,0,81,156,0,24,0,0,11,0,191,36,74,151,0,75,74,141,84,0,7,109,0,19,21,168,0,70,37,16,11,79,20,37,18,76,0,0,0,0,0,108,0,38,0,2,0,8,10,111,0,0,0,68,0,116,0,0,0,0,0,181,0,0,0,0,0,0,0,3,0,0,0,0,0,0,0,0,0,92,0,0,0,183,0,51,0,0,0,0,0,0,0,0,0,0,0,57,0,0,0,0,0,0,0,0,0,0,0,0,0,0,0,0,0,0,0,0,0,23,0,0,0,0,0,0,0,27,0,0,0,0,0,316,0,535,0,116,2,143,0,367,0,35,0,0,0,3,0,0,0,3,0,22,0,0,0,0,3,12,0,0,0,21,0,80,0,20,0,9,0,42,0,0,0,35,15,2,0,0,1,0,0,0,1,10,0,0,0,0,0,0,0,0,0,0,0,0,0,0,0,0,0,0,0,0,0,0,0,3,0,0,52,0,0,0,225,454,287,50,0,5,0
60,199,556,152,168,172,8,0,0,0,103,156,7,0,211,217,127,52,175,4,158,7,0,172,69,119,0,0,15,12,16,0,9,0,0,0,0,8,0,0,0,0,0,0,50,0,0,0,1,0,0,1,0,0,48,0,0,0,13,0,0,0,4,0,0,0,0,0,0,0,0,0,0,0,0,0,0,0,0,0,0,0,0,0,0,0,0,0,0,0,0,0,0,0,0,0,29,0,0,0,0,0,0,0,0,0,0,0,0,0,0,0,0,0,0,0,0,0,0,0,0,0,0,0,0,0,2,0,0,0,0,0,0,0,31,0,0,0,1,0,0,0,0,0,0,0,0,0,0,0,0,0,0,0,2,0,0,0,0,0,0,0,0,0,2,0,3,0,6,0,2,0,32,0,0,0,38,39,3,0,0,0,32,1,4,0,0,0,0,0,0,0,0,0,0,0,0,0,0,0,18,0,0,0,0,0,0,0,0,0,45,224,24,0,16,0,0,0,16,13,15,0,0,0,0
154,29,210,155,81,43,0,8,0,0,82,24,0,0,65,133,55,49,0,78,32,109,172,0,101,86,0,31,11,78,0,5,18,30,0,2,0,0,19,39,0,0,0,11,0,0,0,0,0,0,0,4,0,0,0,33,0,72,0,7,0,0,3,19,0,0,0,0,0,0,0,0,0,0,0,0,0,0,0,0,0,6,0,0,0,26,0,0,0,0,0,0,0,0,0,0,0,0,0,0,0,3,0,0,0,0,0,0,0,0,0,0,0,0,0,0,0,0,0,0,0,0,0,0,0,0,0,0,0,13,0,0,0,0,0,39,0,63,0,13,0,6,0,21,0,1,0,0,0,0,0,0,0,0,0,0,0,0,0,0,0,8,0,0,0,0,0,21,0,1,0,0,2,7,0,2,0,20,0,11,0,0,6,0,0,0,0,0,0,0,0,0,0,0,0,0,0,0,0,0,0,0,0,0,0,0,0,0,0,0,6,0,0,0,9,0,0,0,88,624,43,0,0,0,0
45,307,279,75,21,0,75,250,24,299,0,0,0,0,106,17,192,104,119,0,77,0,69,101,0,555,0,0,37,0,10,0,0,0,0,0,0,0,62,11,0,0,0,0,0,0,0,0,6,0,0,0,78,0,430,56,67,0,45,0,29,0,304,93,0,0,0,0,0,0,0,0,0,0,0,0,0,0,0,0,0,0,0,0,24,8,0,0,0,0,94,0,0,0,0,0,105,0,45,0,0,0,0,0,40,0,123,0,0,0,0,0,0,0,0,0,0,0,0,0,0,0,0,0,0,0,0,0,44,0,15,0,32,0,156,0,151,0,0,0,0,0,322,2,0,0,6,0,5,0,7,0,0,0,11,0,1,0,10,0,13,0,0,0,6,0,6,0,0,0,19,0,191,5,0,0,9,20,0,1,0,0,17,3,0,0,0,0,0,0,0,0,0,0,0,0,0,0,0,0,70,0,0,0,0,0,0,0,72,0,173,166,198,127,142,2,37,1,9,10,7,0,0,0,0
489,105,286,159,18,8,124,312,149,102,11,0,0,0,0,14,70,78,0,20,1,19,119,86,555,0,0,0,3,21,0,0,4,2,0,0,0,0,0,26,0,0,0,0,0,2,0,0,0,0,0,0,5,4,118,53,0,44,0,0,0,0,20,97,2,0,0,0,0,0,0,0,0,0,0,0,0,0,0,0,0,0,0,0,0,2,0,0,0,0,0,0,0,0,0,0,0,0,0,0,0,0,1,0,0,0,0,0,0,0,0,0,0,0,0,0,0,0,0,0,0,0,0,0,0,0,0,0,0,0,0,3,0,3,0,5,0,10,0,3,0,3,0,5,0,0,1,0,0,0,0,0,0,0,0,12,0,0,0,0,2,1,0,0,0,0,0,0,0,1,0,0,0,13,0,0,12,26,0,0,0,0,28,14,0,0,0,0,0,0,0,0,0,0,0,0,0,0,0,0,0,0,0,0,0,0,0,0,0,0,2,0,0,0,18,0,0,0,30,450,43,7,0,0,0
63,0,111,0,140,0,0,0,0,0,19,0,138,400,121,0,61,0,129,88,70,21,0,0,0,0,0,607,30,0,22,0,0,0,46,0,18,11,0,0,11,92,288,104,69,74,38,155,9,0,297,80,0,0,0,0,0,0,0,0,0,0,16,0,9,0,0,0,0,0,0,0,0,0,0,0,0,0,0,0,0,0,0,0,0,0,0,0,0,0,0,0,0,0,0,0,0,0,0,0,0,0,0,0,0,0,0,0,0,0,0,0,0,0,0,0,0,0,0,0,0,0,0,0,0,0,0,0,0,0,0,0,0,0,0,0,0,0,0,0,0,0,0,0,0,0,0,0,37,0,0,0,0,0,2,0,0,0,0,0,0,0,0,0,63,0,0,0,31,0,0,0,10,0,0,0,0,76,3,0,0,0,0,0,0,0,96,3,0,0,0,0,0,0,0,0,0,0,0,0,0,0,0,0,0,0,0,0,0,0,0,220,199,0,6,0,0,5,0,63,0,0,0,0,0
0,487,0,96,0,371,0,184,0,89,0,196,594,171,8,239,0,0,302,278,107,168,0,31,0,0,607,0,0,6,20,2,0,0,31,78,12,26,0,0,335,35,251,239,113,186,216,114,10,22,122,299,0,0,0,57,0,0,0,0,0,0,0,0,0,0,0,11,0,0,0,0,0,0,0,0,0,0,0,0,0,0,0,0,0,0,0,0,0,0,0,0,0,0,0,0,0,0,0,0,0,0,0,0,0,0,0,0,0,0,0,0,0,0,0,0,0,0,0,0,0,0,0,0,0,0,0,0,0,0,0,0,0,0,0,155,0,144,0,0,0,0,0,0,0,0,0,0,0,91,0,53,0,24,0,0,0,6,0,0,0,0,0,0,0,29,0,11,0,64,0,0,0,3,0,0,0,181,8,0,0,0,0,5,0,64,68,39,0,0,0,0,0,0,0,0,0,0,0,0,0,0,0,0,0,0,0,25,0,80,0,0,0,0,0,0,0,0,59,511,273,16,0,2,4
128,12,182,16,26,0,0,0,0,0,37,5,0,0,0,11,54,0,18,0,57,0,15,11,37,3,30,0,0,0,111,0,7,0,59,0,68,0,8,0,0,0,28,0,31,0,0,0,0,0,15,0,4,0,3,0,0,0,0,0,0,0,20,0,0,0,0,0,0,0,9,0,0,0,4,0,0,0,0,0,0,0,0,0,38,0,8,0,0,0,7,0,0,0,0,0,0,0,39,0,0,0,0,0,0,0,0,0,0,0,0,0,0,0,0,0,0,0,0,0,17,0,9,0,0,0,0,0,15,0,0,0,0,0,0,0,24,0,20,0,0,0,63,0,0,0,0,0,0,0,4,0,0,0,0,0,0,0,4,0,3,0,0,0,2,0,2,0,0,0,0,0,0,0,0,0,0,0,0,0,0,0,26,0,0,0,0,0,0,0,0,0,0,0,0,0,0,0,0,0,0,0,0,0,0,0,0,0,0,0,12,59,10,0,0,0,0,0,0,0,0,0,0,0,0
0,71,14,191,0,126,0,108,0,0,7,49,0,0,9,42,0,99,0,7,0,70,12,78,0,21,0,6,0,0,0,11,0,32,0,150,0,39,0,19,0,0,0,0,0,0,0,0,0,0,0,0,0,0,0,31,0,35,0,8,0,4,0,130,0,0,0,0,0,0,0,0,0,0,0,0,0,0,0,0,0,13,0,0,0,33,0,0,0,0,0,0,0,0,0,0,0,0,0,0,0,0,0,0,0,0,0,0,0,0,0,0,0,0,0,0,0,0,0,0,0,0,0,0,0,0,0,0,0,0,0,6,0,0,0,109,0,180,0,57,0,41,0,54,0,3,0,0,0,0,0,4,0,0,0,11,0,0,0,0,0,0,0,0,0,0,0,0,0,0,0,0,0,0,0,0,0,25,0,6,0,0,0,1,0,0,0,0,0,0,0,0,0,0,0,0,0,0,0,0,0,13,0,0,0,0,0,1,0,0,0,1,0,0,0,0,0,0,6,53,5,0,0,0,0
0,0,31,3,361,197,0,0,1,0,111,41,65,55,175,109,62,0,33,73,102,37,16,0,10,0,22,20,111,0,0,0,17,20,38,0,79,0,17,0,0,0,17,0,16,0,0,0,0,0,21,0,0,0,0,0,0,0,0,0,1,0,18,0,0,0,0,0,0,0,3,0,0,0,0,0,0,0,0,0,15,0,0,0,0,0,0,0,0,0,9,0,0,0,0,0,28,0,49,0,1,0,0,0,0,0,0,0,0,0,0,0,0,0,0,0,0,0,0,0,14,0,0,0,0,0,0,0,0,0,0,0,0,0,0,0,0,0,0,0,7,0,29,0,0,0,0,0,0,0,0,0,0,0,0,0,0,0,0,0,0,0,0,0,11,0,96,0,17,0,3,0,15,0,0,0,55,28,36,0,0,0,7,0,0,0,1,0,0,0,0,0,0,0,0,0,0,0,0,0,0,0,0,0,0,0,0,0,0,0,138,315,147,29,23,0,0,0,0,0,0,0,0,0,0
0,0,0,0,8,125,0,0,0,0,0,0,0,0,0,23,0,3,0,30,0,16,0,5,0,0,0,2,0,11,0,0,0,4,0,21,0,7,0,2,1,0,0,0,0,0,0,0,0,1,0,10,0,0,0,9,0,0,0,0,0,0,0,44,0,0,0,0,0,0,0,0,0,0,0,0,0,0,0,0,0,0,0,0,0,0,0,3,0,0,0,0,0,0,0,0,0,0,0,0,0,1,0,0,0,0,0,0,0,0,0,0,0,0,0,0,0,0,0,0,0,0,0,0,0,0,0,0,0,0,0,0,0,0,0,0,0,55,0,22,0,32,0,0,0,8,0,0,0,0,0,0,0,0,0,0,0,1,0,0,0,0,0,0,0,0,0,6,0,0,0,0,0,11,0,0,0,10,0,3,0,0,0,0,0,0,0,0,0,0,0,0,0,0,0,0,0,0,0,0,0,0,0,0,0,0,0,0,0,0,0,0,0,0,9,0,0,0,46,66,35,6,0,0,0
0,0,140,0,348,94,0,0,0,0,247,32,25,6,102,91,117,0,0,21,31,11,9,18,0,4,0,0,7,0,17,0,0,0,75,0,250,0,2,0,0,0,18,0,0,0,0,0,1,0,4,0,2,0,0,0,0,0,0,0,10,0,8,0,0,1,0,0,0,0,0,0,0,0,0,0,0,0,0,0,0,0,0,0,16,0,0,0,0,0,0,0,0,0,0,0,0,0,15,0,0,0,0,0,0,0,0,0,0,0,0,0,0,0,0,0,0,0,0,0,0,0,8,0,0,0,3,0,0,0,0,0,0,0,0,0,0,0,0,0,5,0,0,0,3,0,0,0,0,0,5,0,0,0,0,0,4,0,0,0,0,0,0,0,2,0,46,0,4,0,0,0,13,0,0,0,101,15,22,0,0,0,41,0,0,0,0,0,0,0,0,0,0,0,0,0,0,0,0,0,0,0,0,0,0,0,0,0,0,0,80,394,109,0,0,0,1,0,0,0,0,0,0,0,0
0,55,0,161,59,587,0,14,0,0,16,212,0,6,122,79,0,24,0,46,42,79,0,30,0,2,0,0,0,32,20,4,0,0,0,66,0,205,0,1,0,0,0,10,0,2,0,0,0,0,0,14,0,0,1,4,0,0,0,0,0,18,0,21,0,0,0,0,0,0,0,0,0,0,0,0,0,0,0,0,0,12,0,0,0,15,0,3,0,0,0,0,0,0,0,0,0,0,0,0,0,1,0,0,0,0,0,0,0,0,0,0,0,0,0,0,0,0,0,0,0,0,0,0,0,2,0,0,0,0,0,0,0,0,0,19,0,0,0,18,0,0,0,20,0,0,0,0,0,5,0,0,0,0,0,0,0,3,1,2,0,0,0,0,0,0,0,48,0,4,0,1,0,11,0,0,3,82,0,28,0,0,0,0,0,13,0,0,0,0,0,0,0,0,0,0,0,0,0,0,0,0,0,0,0,0,0,0,0,0,0,5,0,0,16,0,0,0,65,390,57,10,0,3,0
0,0,0,0,93,0,0,0,0,0,0,0,308,60,16,0,5,0,208,59,35,20,0,0,0,0,46,31,59,0,38,0,75,0,0,0,66,0,10,0,0,0,40,10,5,0,0,0,1,0,72,0,0,0,0,0,0,0,0,0,0,0,0,0,0,0,0,0,0,0,8,0,0,0,7,0,0,0,0,0,0,0,0,0,0,0,0,0,0,0,0,0,0,0,5,0,17,0,78,0,0,0,0,0,0,0,0,0,0,0,0,0,0,0,0,0,0,0,0,0,17,0,4,0,0,0,0,0,0,0,0,0,0,0,0,0,0,0,0,0,0,0,13,0,7,0,0,0,0,0,0,0,0,0,0,0,0,0,0,0,0,0,0,0,18,0,30,0,0,0,0,0,5,0,0,0,21,14,124,0,0,0,0,0,0,0,100,0,0,0,0,0,0,0,0,0,0,0,0,0,0,0,0,0,0,0,0,0,0,0,41,168,104,17,0,0,0,0,0,12,0,0,0,0,0
0,0,0,0,6,116,0,5,0,0,0,0,24,138,0,10,0,0,24,249,11,37,0,2,0,0,0,78,0,150,0,21,0,66,0,0,0,73,0,5,0,4,0,0,0,0,1,0,0,0,0,68,0,3,0,11,0,0,0,0,0,5,0,55,0,0,0,0,0,0,0,0,0,0,0,0,0,0,0,0,0,0,0,0,0,0,0,0,0,0,0,0,0,0,0,0,0,0,0,0,0,0,0,0,0,0,0,0,0,0,0,0,0,0,0,0,0,0,0,0,0,0,0,0,0,0,0,0,0,0,0,0,0,0,0,0,0,46,0,50,0,31,0,0,0,20,0,0,0,0,0,0,0,0,0,0,0,0,0,0,0,0,0,0,0,11,0,19,0,10,0,0,0,9,0,2,0,23,0,0,0,0,0,0,0,0,0,7,0,0,0,0,0,0,0,0,0,0,0,0,0,0,0,0,0,0,0,0,0,0,0,0,0,0,12,0,0,0,51,119,82,18,0,0,0
0,6,21,0,213,68,0,0,0,0,117,0,49,17,40,36,4,0,65,33,25,18,0,0,0,0,18,12,68,0,79,0,250,0,66,0,0,3,37,0,0,0,29,0,32,0,0,0,2,0,34,0,6,0,0,0,7,0,0,0,17,0,45,0,0,0,0,0,0,0,55,0,5,0,45,0,0,0,0,0,82,0,0,0,119,0,84,0,0,0,20,0,0,0,0,0,0,0,293,0,0,0,0,0,0,0,0,0,0,0,0,0,0,0,0,0,0,0,0,0,182,0,36,0,0,0,3,0,63,0,0,0,0,0,0,0,47,0,87,0,69,0,89,0,80,0,0,0,2,0,0,0,0,0,42,0,13,0,44,0,13,0,0,0,14,0,20,0,22,0,12,0,26,0,0,0,26,20,35,0,0,0,0,0,0,0,27,0,0,0,0,0,0,0,0,0,0,0,0,0,0,0,0,0,0,0,0,0,0,0,67,245,96,13,12,0,2,0,0,0,0,0,0,0,0
0,86,0,36,0,221,0,0,0,0,3,66,0,59,28,15,0,0,0,113,10,76,8,0,0,0,11,26,0,39,0,7,0,205,0,73,3,0,1,36,0,0,0,91,0,0,1,0,0,0,0,53,0,0,0,15,0,0,0,0,0,25,0,54,0,0,0,0,0,0,0,0,0,0,0,3,0,0,0,0,0,0,0,0,0,40,0,0,0,0,0,0,0,0,0,0,0,0,0,0,0,0,0,0,0,0,0,0,0,0,0,0,0,0,0,0,0,0,0,0,0,0,0,6,0,0,0,0,0,0,0,0,0,0,0,36,0,128,0,97,0,148,0,176,0,75,0,0,0,0,0,0,0,0,0,5,0,19,0,5,0,0,0,2,0,15,1,32,0,6,0,7,0,51,0,0,0,47,0,8,0,0,0,13,0,0,0,11,0,0,0,1,0,0,0,0,0,0,0,0,0,0,0,0,0,0,0,0,0,0,0,0,0,0,0,0,0,0,42,573,89,3,0,0,0
550,22,449,25,0,0,57,0,0,0,68,0,0,0,0,0,68,9,0,0,0,0,0,19,62,0,0,0,8,0,17,0,2,0,10,0,37,1,0,0,0,0,2,0,0,0,0,0,0,0,0,0,4,0,0,0,0,0,0,0,3,0,21,0,0,0,0,0,0,0,5,0,0,0,0,0,0,0,0,0,0,0,0,0,34,0,0,0,0,0,0,0,0,0,0,0,8,0,0,0,0,0,0,0,0,0,0,0,0,0,0,0,0,0,0,0,0,0,0,0,0,0,17,0,0,0,0,0,26,0,0,0,0,0,0,0,0,0,20,0,18,0,65,0,10,0,0,0,0,0,0,0,0,0,11,0,7,0,0,0,0,0,0,0,0,0,2,0,0,0,0,0,78,0,0,0,84,0,4,0,0,0,104,0,0,0,0,0,0,0,0,0,0,0,0,0,0,0,0,0,0,0,0,0,0,0,0,0,0,0,52,505,38,0,6,0,0,0,0,3,0,0,0,0,0
0,394,0,297,0,54,0,165,0,0,0,79,0,0,7,13,9,102,0,0,0,0,0,39,11,26,0,0,0,19,0,2,0,1,0,5,0,36,0,0,0,0,0,0,0,0,0,0,0,0,0,0,0,0,0,39,0,0,0,2,0,22,0,75,0,0,0,0,0,0,0,0,0,0,0,0,0,0,0,0,0,0,0,0,0,0,0,0,0,0,0,0,0,0,0,0,0,0,0,0,0,0,0,0,0,0,0,0,0,0,0,0,0,0,0,0,0,0,0,0,0,0,0,0,0,0,0,0,0,0,0,0,0,0,0,0,0,55,0,60,0,54,0,8,0,24,0,0,0,0,0,0,0,0,0,0,0,7,0,7,0,0,0,0,0,0,0,4,0,0,0,0,0,35,0,0,0,0,0,46,0,6,0,11,0,0,0,0,0,0,0,0,0,0,0,0,0,0,0,0,0,0,0,0,0,0,0,0,0,0,0,0,0,0,0,0,0,0,30,441,8,0,0,0,0
44,0,58,2,172,0,0,0,22,0,54,0,159,98,0,4,0,0,6,0,0,0,0,0,0,0,11,335,0,0,0,1,0,0,0,0,0,0,0,0,0,107,68,47,49,87,180,162,120,12,0,24,0,0,0,0,0,0,0,0,0,0,0,0,0,0,0,0,3,0,0,0,0,0,0,0,0,0,0,0,0,0,0,0,0,0,0,0,0,0,0,0,0,0,0,0,0,0,0,0,0,0,0,0,0,0,0,0,0,0,0,0,0,0,0,0,0,0,0,0,0,0,0,0,0,0,0,0,0,0,0,0,0,0,0,0,0,0,0,0,0,0,0,0,1,0,0,0,17,0,0,0,0,0,0,0,0,0,0,0,0,0,0,0,17,0,2,0,0,0,0,0,0,0,0,0,38,104,37,0,15,0,9,0,0,0,154,0,0,0,0,0,0,0,0,0,0,0,0,0,0,0,0,0,0,0,0,0,0,0,0,175,33,0,0,0,0,16,0,63,0,0,0,0,0
0,100,0,0,0,27,0,0,0,0,0,136,22,200,0,0,0,0,20,0,7,0,0,0,0,0,92,35,0,0,0,0,0,0,0,4,0,0,0,0,107,0,47,203,92,44,109,94,17,59,12,84,0,0,0,0,0,0,0,0,0,0,0,0,0,0,0,0,0,1,0,0,0,0,0,0,0,0,0,0,0,0,0,0,0,0,0,0,0,0,0,0,0,0,0,0,0,0,0,0,0,0,0,0,0,0,0,0,0,0,0,0,0,0,0,0,0,0,0,0,0,0,0,0,0,0,0,0,0,0,0,0,0,0,0,0,0,0,0,0,0,0,0,0,0,0,0,0,0,0,0,0,0,0,0,0,0,0,0,0,0,0,0,0,0,6,0,0,1,0,0,0,0,0,0,0,0,124,0,19,0,0,0,2,0,0,27,5,0,0,0,0,0,0,0,0,0,0,0,0,0,0,0,0,0,0,0,0,0,0,0,4,0,0,0,0,0,0,0,122,9,0,0,0,27
0,0,0,0,0,0,0,0,0,0,0,0,69,60,0,0,0,0,41,17,19,0,0,0,0,0,288,251,28,0,17,0,18,0,40,0,29,0,2,0,68,47,0,35,347,59,87,109,43,0,30,19,0,0,0,0,2,0,0,0,0,0,7,0,0,0,0,0,0,0,0,0,0,0,0,0,0,0,2,0,8,0,8,0,0,0,0,0,0,0,0,0,0,0,0,0,10,0,14,0,0,0,0,0,0,0,0,0,0,0,0,0,0,0,0,0,0,0,0,0,0,0,0,0,0,0,0,0,0,0,0,0,0,0,0,0,0,0,1,0,0,0,0,0,0,0,0,0,8,0,0,0,0,0,0,0,0,0,0,0,1,0,0,0,44,0,21,0,31,0,0,0,22,0,0,0,0,10,8,0,0,0,0,0,0,0,97,0,0,0,0,0,0,0,0,0,0,0,0,0,0,0,0,0,0,0,0,0,0,0,44,217,131,0,0,0,1,11,3,47,1,0,0,0,0
0,0,0,0,0,0,0,0,0,0,0,0,62,75,0,24,0,0,51,32,18,108,0,11,0,0,104,239,0,0,0,0,0,10,10,0,0,91,0,0,47,203,35,0,17,146,0,54,0,26,18,43,0,0,0,0,0,0,0,12,0,0,0,0,0,0,0,0,0,0,0,0,0,0,0,0,0,0,0,0,0,0,0,0,0,139,0,0,0,0,0,0,0,1,0,0,0,0,0,54,0,0,0,5,0,0,0,0,0,0,0,0,0,0,0,0,0,0,0,0,0,0,0,0,0,0,0,0,0,0,0,0,0,0,0,0,0,0,0,0,0,0,0,183,0,0,0,0,0,0,0,0,0,0,1,0,0,0,0,0,0,0,0,0,0,34,0,18,0,46,0,5,0,13,0,0,0,54,0,0,0,0,0,0,0,0,0,59,0,0,0,0,0,0,0,0,0,0,0,0,0,0,0,0,0,0,0,0,0,0,0,0,0,0,0,0,0,0,25,106,160,10,0,0,0
62,0,87,0,43,0,3,0,14,0,30,0,51,43,26,0,51,0,13,0,0,0,50,0,0,0,69,113,31,0,16,0,0,0,5,0,32,0,0,0,49,92,347,17,0,81,241,226,85,36,75,0,10,0,0,0,0,0,0,0,0,0,25,0,0,0,0,0,19,0,26,0,0,0,21,0,8,0,12,0,0,0,64,0,0,0,134,0,0,0,0,0,33,0,31,0,0,0,323,0,8,0,0,0,0,0,0,0,0,0,0,0,0,0,0,0,0,0,0,0,105,0,25,0,0,0,0,0,0,0,0,0,0,1,0,0,0,0,0,0,0,0,77,0,0,0,16,1,0,0,0,0,15,0,3,0,1,0,0,0,0,0,6,0,155,0,26,0,150,0,3,0,25,0,0,0,0,41,0,0,0,0,8,0,35,0,65,0,0,0,15,0,0,0,24,0,0,0,0,0,0,0,0,0,0,0,0,0,0,0,33,191,155,2,5,13,0,52,0,40,0,0,0,0,0
0,54,0,0,0,14,0,23,0,12,0,18,0,27,0,0,0,0,0,77,0,38,0,0,0,2,74,186,0,0,0,0,0,2,0,0,0,0,0,0,87,44,59,146,81,0,109,166,19,166,16,38,0,0,0,0,0,14,0,0,0,0,0,0,0,0,0,1,0,18,0,0,0,0,0,0,0,30,0,0,0,0,0,56,0,16,0,39,0,0,0,0,0,7,0,20,0,0,0,0,0,8,0,17,0,0,0,0,0,2,0,1,0,0,0,0,0,0,0,0,0,10,0,0,0,3,0,0,0,0,0,6,0,0,0,0,0,22,0,0,0,0,0,0,0,4,0,4,0,0,0,0,0,0,0,0,0,2,0,0,0,0,0,5,1,149,0,9,0,150,0,6,0,10,0,0,0,20,0,0,0,0,0,0,0,12,34,1,0,0,0,0,0,0,0,12,0,0,0,0,0,0,0,0,0,0,0,4,0,0,0,4,0,0,0,0,0,0,25,145,189,4,7,3,47
122,0,138,0,137,6,0,0,23,0,92,0,218,55,33,0,0,0,21,0,0,0,0,0,0,0,38,216,0,0,0,0,0,0,0,1,0,1,0,0,180,109,87,0,241,109,0,210,133,21,0,16,3,0,2,0,0,0,0,0,0,0,0,0,0,0,0,0,0,0,0,0,0,0,0,0,3,0,0,0,5,0,0,0,0,0,0,0,0,0,0,0,0,0,0,0,0,0,0,0,0,0,0,0,0,0,0,0,0,0,0,0,0,0,0,0,0,0,0,0,0,0,0,0,0,0,0,0,0,0,0,0,0,0,0,0,0,0,0,0,0,0,0,0,0,0,0,0,41,0,0,0,0,0,3,0,0,0,0,0,0,0,0,0,75,0,0,0,0,0,0,0,0,0,0,0,21,86,8,0,0,0,10,0,0,0,140,0,0,0,0,0,0,0,0,0,0,0,0,0,0,0,0,0,0,0,0,0,0,0,0,253,74,0,0,0,0,45,0,67,0,0,0,0,0
0,246,0,0,0,92,0,29,0,0,0,179,52,226,0,0,0,0,37,43,30,2,0,0,0,0,155,114,0,0,0,0,0,0,0,0,0,0,0,0,162,94,109,54,226,166,210,0,38,89,31,25,0,0,0,0,0,0,0,0,0,0,0,0,0,0,0,0,0,0,0,0,0,0,0,0,0,0,0,0,0,0,0,0,0,0,0,0,0,0,0,0,0,0,0,0,0,0,0,0,0,0,0,0,0,0,0,0,0,0,0,0,0,0,0,0,0,0,0,0,0,0,0,0,0,0,0,0,0,0,0,0,0,0,0,0,0,5,0,0,0,0,0,0,0,0,0,0,0,0,0,0,0,0,0,0,0,0,0,0,0,0,0,0,0,9,0,0,0,0,0,0,0,0,0,0,0,117,0,0,0,0,0,1,0,10,75,13,0,0,0,0,0,0,0,0,0,0,0,0,0,0,0,0,0,0,0,0,0,0,0,6,0,0,0,0,0,0,0,268,75,0,0,0,31
10,0,18,0,9,0,22,0,20,0,5,0,7,0,0,0,1,0,0,0,5,0,1,0,6,0,9,10,0,0,0,0,1,0,1,0,2,0,0,0,120,17,43,0,85,19,133,38,0,26,3,0,0,0,2,0,5,0,14,0,0,0,0,0,0,0,0,0,20,0,0,0,1,0,0,0,0,0,9,0,7,0,46,0,5,0,36,0,6,0,7,0,39,0,31,0,0,0,0,0,13,0,10,0,18,0,0,0,0,0,0,0,0,0,0,0,0,0,0,0,0,0,0,0,0,0,7,0,0,0,0,0,1,0,0,1,0,0,0,0,0,0,0,0,0,0,0,0,0,0,3,0,3,0,0,0,0,0,0,0,10,0,4,0,30,0,2,0,28,0,4,0,11,0,0,0,8,23,0,0,0,0,2,0,2,0,121,0,49,0,18,0,32,1,21,0,1,0,0,0,24,0,0,0,55,0,5,0,7,0,55,78,151,0,49,22,1,6,0,12,0,0,0,0,0
0,5,0,0,0,11,0,2,0,0,0,18,0,33,0,0,0,0,0,37,0,8,0,0,0,0,0,22,0,0,0,1,0,0,0,0,0,0,0,0,12,59,0,26,36,166,21,89,26,0,0,10,0,0,0,0,0,0,0,0,0,0,0,0,0,0,0,0,0,0,0,0,0,0,0,0,0,0,0,0,0,0,0,10,0,0,0,3,1,0,0,0,0,1,0,2,0,0,0,0,0,0,0,0,0,0,0,0,0,1,0,0,0,0,0,0,0,1,0,0,0,0,0,0,0,1,0,0,0,0,0,0,0,0,0,0,0,0,0,0,0,0,0,5,0,0,0,0,0,0,0,0,0,0,0,0,0,1,0,0,0,0,0,0,0,30,0,4,0,3,0,5,0,5,0,0,0,39,0,3,0,3,0,0,0,10,34,30,0,0,0,0,0,0,0,0,0,0,0,0,0,0,0,0,0,2,0,0,0,0,0,9,0,0,3,0,0,1,5,17,14,3,0,0,10
0,0,0,0,63,11,0,0,0,0,0,0,269,57,0,0,0,0,244,19,97,10,0,0,0,0,297,122,15,0,21,0,4,0,72,0,34,0,0,0,0,12,30,18,75,16,0,31,3,0,0,12,0,0,0,0,0,0,6,0,1,0,5,0,0,0,0,0,0,0,8,0,0,0,6,0,0,0,0,0,19,0,0,0,14,0,25,0,0,0,11,0,0,0,0,0,0,0,78,0,0,0,0,0,0,0,25,0,0,0,0,0,0,0,0,0,0,0,0,0,0,0,0,0,0,0,0,0,0,0,0,0,0,0,0,0,0,0,0,0,0,0,0,0,0,0,0,0,0,0,0,0,0,0,0,0,0,0,0,0,0,0,3,0,23,0,19,0,66,0,10,0,28,0,0,0,0,3,60,0,0,0,0,0,10,0,142,0,0,0,0,0,0,0,0,0,0,0,1,0,0,0,0,0,0,0,0,0,0,0,46,81,127,28,9,0,0,2,1,22,0,0,0,0,0
0,0,0,0,8,62,0,0,0,0,0,10,92,349,0,10,0,5,67,236,0,111,1,4,0,0,80,299,0,0,0,10,0,14,0,68,0,53,0,0,24,84,19,43,0,38,16,25,0,10,12,0,0,0,0,0,0,0,0,0,0,0,0,27,0,0,0,0,0,0,0,0,0,0,0,0,0,3,0,1,0,101,0,0,0,91,0,45,0,0,0,1,0,0,0,0,0,0,0,0,0,9,0,0,0,0,0,0,0,0,0,0,0,0,0,0,0,0,0,0,0,0,0,9,0,0,0,0,0,0,0,0,0,0,0,0,0,0,0,0,0,53,0,167,0,32,0,0,0,0,0,0,0,0,0,0,0,0,0,3,0,0,0,5,0,34,0,31,0,110,0,14,0,21,0,0,0,76,1,0,0,0,0,0,0,0,0,105,0,0,0,2,0,0,0,0,0,0,0,0,0,0,0,0,0,0,0,0,0,0,0,0,1,0,15,0,0,0,84,145,134,0,0,0,0
0,0,4,0,0,0,113,14,176,99,0,0,0,0,0,0,78,0,0,0,0,0,0,0,78,5,0,0,4,0,0,0,2,0,0,0,6,0,4,0,0,0,0,0,10,0,3,0,0,0,0,0,0,32,256,52,81,23,66,40,69,0,100,13,0,5,9,86,0,0,0,0,0,0,0,0,0,0,0,0,0,0,0,0,0,0,0,0,0,0,0,0,0,0,0,0,14,0,0,0,0,0,0,0,0,0,0,0,0,0,0,0,0,0,0,0,0,0,0,0,0,0,3,0,3,0,9,0,99,0,33,0,22,0,20,0,100,0,63,0,19,0,118,0,0,0,0,0,0,0,2,0,0,0,212,5,120,0,89,2,44,0,0,0,0,0,0,0,2,0,54,0,10,0,0,0,0,0,0,0,0,0,19,0,0,0,0,0,0,0,0,0,0,0,0,0,0,0,0,0,11,0,0,0,0,0,0,0,9,0,76,365,74,54,38,0,21,0,0,0,0,0,0,0,0
0,25,0,0,0,0,24,26,83,136,0,3,0,0,0,7,0,5,0,0,0,0,0,0,0,4,0,0,0,0,0,0,0,0,0,3,0,0,0,0,0,0,0,0,0,0,0,0,0,0,0,0,32,0,106,93,9,151,43,74,0,22,0,24,0,0,14,25,0,0,0,0,0,0,0,0,0,3,0,0,0,2,0,0,0,0,0,0,0,0,0,0,0,0,0,0,0,5,0,0,0,0,0,0,1,0,0,0,0,0,0,0,0,0,0,0,0,0,0,0,0,0,0,0,0,7,0,6,0,104,0,53,0,41,0,54,0,220,0,276,0,55,0,20,0,34,0,0,0,0,0,0,0,0,0,127,0,94,0,126,0,41,0,0,0,0,0,1,0,7,0,48,0,11,0,0,1,33,0,0,0,0,0,0,0,30,0,0,0,0,0,0,0,0,0,0,0,0,0,0,0,9,0,0,0,0,0,0,0,0,0,0,1,0,138,0,0,0,149,329,99,0,0,17,2
0,24,199,0,0,0,301,88,160,435,0,0,0,0,33,0,89,0,27,0,22,0,48,0,430,118,0,0,3,0,0,0,0,1,0,0,0,0,0,0,0,0,0,0,0,0,2,0,2,0,0,0,256,106,0,174,140,46,73,57,18,0,128,48,0,0,0,158,0,0,0,0,0,0,0,0,0,0,0,0,0,0,0,0,0,0,0,0,0,0,0,0,0,0,0,0,0,0,0,0,0,0,0,0,0,0,14,0,0,0,0,0,0,0,0,0,0,0,0,0,0,0,0,0,0,0,6,0,31,0,22,0,44,0,81,0,177,0,0,2,0,0,169,0,0,0,0,0,3,0,0,0,0,0,44,0,10,0,21,0,20,0,0,0,0,0,0,0,7,0,121,0,26,0,0,0,3,2,0,0,0,0,6,2,0,3,0,0,0,0,0,0,0,0,0,0,0,0,2,0,47,0,0,0,0,0,0,0,52,0,194,172,174,169,146,0,123,0,4,0,0,0,0,0,0
17,6,0,102,0,17,70,284,213,132,0,2,0,0,0,152,0,16,0,123,0,68,0,33,56,53,0,57,0,31,0,9,0,4,0,11,0,15,0,39,0,0,0,0,0,0,0,0,0,0,0,0,52,93,174,0,2,206,25,51,0,12,2,143,0,0,16,8,0,0,0,0,0,0,0,0,0,0,0,0,0,0,0,0,0,0,0,0,0,0,0,0,0,0,0,0,0,0,0,0,0,0,0,0,0,0,0,0,0,0,0,0,0,0,0,0,0,0,0,0,0,0,0,0,0,26,0,23,0,30,1,53,0,19,0,47,0,47,0,9,0,0,0,11,0,0,0,0,0,0,0,0,0,0,0,14,0,0,0,4,0,27,0,0,0,0,0,2,0,10,1,43,0,35,0,0,9,4,0,0,0,0,0,0,0,6,0,0,0,0,0,0,0,0,0,0,0,0,0,0,0,0,0,0,0,0,0,0,0,34,0,0,2,0,165,0,0,0,162,83,171,152,0,56,3
0,0,26,0,0,0,20,0,13,6,0,0,0,0,0,0,16,0,0,0,3,0,0,0,67,0,0,0,0,0,0,0,0,0,0,0,7,0,0,0,0,0,2,0,0,0,0,0,5,0,0,0,81,9,140,2,0,9,166,73,3,0,0,0,28,65,11,100,0,0,0,0,0,0,0,0,0,0,0,0,0,0,0,0,0,0,0,0,0,0,0,0,0,0,0,0,0,0,0,0,0,0,0,0,0,0,0,0,0,0,0,0,0,0,0,0,0,0,0,0,0,0,0,0,4,0,5,0,60,0,53,0,7,0,5,0,33,0,0,10,0,1,27,0,3,6,0,0,0,0,0,0,0,0,166,15,17,0,49,26,33,19,66,0,0,0,0,0,20,0,128,0,10,0,0,0,0,0,0,0,0,5,0,0,7,0,0,0,0,0,0,0,0,0,0,0,0,0,0,0,0,0,0,0,0,0,0,0,5,0,562,128,501,407,763,62,144,0,0,0,0,0,0,0,0
0,4,0,74,0,0,0,46,74,43,0,0,0,0,0,112,0,82,0,174,0,116,0,72,0,44,0,0,0,35,0,0,0,0,0,0,0,0,0,0,0,0,0,0,0,14,0,0,0,0,0,0,23,151,46,206,9,0,18,79,0,0,0,49,0,19,55,81,0,5,0,0,0,0,0,0,0,0,0,0,0,0,0,0,0,0,0,0,0,0,0,0,0,0,0,1,0,0,0,0,0,0,0,2,0,0,0,0,0,0,0,0,0,1,0,0,0,1,0,0,0,0,0,0,0,22,0,18,0,12,0,34,0,6,0,0,0,0,0,24,0,0,0,6,6,2,0,0,0,0,0,1,0,0,3,132,0,12,5,76,6,42,0,0,0,2,0,0,0,21,0,251,0,0,0,0,2,1,0,0,0,0,0,0,2,1,0,0,0,0,0,0,0,0,0,0,0,0,0,0,0,0,0,0,0,0,0,0,0,11,0,2,0,0,895,0,0,0,493,137,492,476,32,103,11
0,0,58,0,0,0,38,0,113,0,0,0,0,0,0,0,0,0,0,0,0,0,13,0,45,0,0,0,0,0,0,0,0,0,0,0,0,0,0,0,0,0,0,0,0,0,0,0,14,0,6,0,66,43,73,25,166,18,0,173,32,0,9,0,243,66,80,262,0,0,0,0,0,0,0,0,0,0,1,0,0,0,0,0,0,0,0,0,0,0,0,0,0,0,0,0,0,0,0,0,0,0,0,0,0,0,0,0,0,0,0,0,0,0,0,0,0,0,0,0,0,0,0,0,0,0,2,0,1,0,27,0,0,0,0,0,0,0,2,0,0,0,0,0,1,11,0,0,0,0,0,0,0,0,17,31,51,0,0,37,17,16,0,0,0,0,8,0,11,0,72,0,10,0,0,0,43,0,0,0,0,5,0,0,46,6,0,0,0,0,0,0,0,0,0,0,1,0,0,0,0,0,0,0,0,0,0,0,0,0,943,272,381,571,1003,53,270,0,5,0,0,0,0,0,0
0,22,0,5,0,0,0,22,127,49,0,0,0,0,0,17,0,0,0,0,0,0,0,7,0,0,0,0,0,8,0,0,0,0,0,0,0,0,0,2,0,0,0,12,0,0,0,0,0,0,0,0,40,74,57,51,73,79,173,0,2,20,0,17,28,188,244,221,0,1,0,0,0,0,0,0,0,0,0,0,0,0,0,0,0,0,0,0,0,0,0,0,0,0,0,0,0,0,0,0,0,0,0,0,0,0,0,0,0,0,0,0,0,0,0,0,0,0,0,0,0,0,0,0,0,7,0,0,0,0,0,6,0,0,0,0,0,0,4,0,0,0,0,3,0,6,0,0,0,0,0,0,0,0,15,11,1,23,12,20,0,35,0,0,0,2,0,0,0,26,0,102,0,27,0,0,9,0,0,0,0,10,0,0,45,20,0,0,0,0,0,0,0,0,0,0,0,0,0,0,0,0,0,0,0,1,0,1,0,3,0,1,2,0,1527,0,0,0,996,255,365,542,42,102,2
87,0,12,0,0,0,176,0,351,0,0,0,0,0,7,0,0,0,0,0,0,0,0,0,29,0,0,0,0,0,1,0,10,0,0,0,17,0,3,0,0,0,0,0,0,0,0,0,0,0,1,0,69,0,18,0,3,0,32,2,0,0,27,0,0,0,0,1,0,0,3,0,0,0,0,0,0,0,0,0,0,0,0,0,7,0,0,0,0,0,0,0,0,0,0,0,0,0,0,0,0,0,0,0,0,0,0,0,0,0,0,0,0,0,0,0,0,0,0,0,11,0,0,0,0,0,0,0,44,0,0,0,0,0,0,0,13,0,199,0,39,0,23,0,75,0,0,0,0,0,0,0,0,0,85,0,118,0,58,0,0,0,0,0,0,0,0,0,2,0,90,0,38,1,0,0,55,0,0,0,0,0,26,0,0,0,0,0,0,0,0,0,0,0,0,0,0,0,0,0,0,0,0,0,0,0,0,0,0,0,46,302,112,83,35,0,31,1,0,0,0,0,0,0,0
9,108,0,0,0,0,0,28,0,108,0,0,0,0,0,0,0,0,0,0,0,0,0,0,0,0,0,0,0,4,0,0,0,18,0,5,0,25,0,22,0,0,0,0,0,0,0,0,0,0,0,0,0,22,0,12,0,0,0,20,0,0,0,33,0,0,0,0,0,0,0,0,0,0,0,0,0,0,0,0,0,0,0,0,0,6,0,0,0,0,0,0,0,0,0,0,0,0,0,0,0,1,0,0,0,0,0,0,0,0,0,0,0,0,0,0,0,0,0,0,0,0,0,1,0,0,0,0,0,3,0,0,0,0,0,0,0,40,0,75,0,109,0,25,0,154,0,0,0,0,0,0,0,0,0,11,0,102,0,34,0,0,0,3,0,0,0,0,0,1,0,57,0,49,0,0,0,0,0,0,0,0,0,22,0,0,0,0,0,0,0,0,0,0,0,0,0,0,0,0,0,0,0,0,0,0,0,0,0,0,0,0,0,0,33,0,0,0,52,512,88,74,0,0,0
135,0,58,0,0,0,281,0,321,0,0,0,0,0,0,0,23,0,23,0,35,0,4,3,304,20,16,0,20,0,18,0,8,0,0,0,45,0,21,0,0,0,7,0,25,0,0,0,0,0,5,0,100,0,128,2,0,0,9,0,27,0,0,6,0,0,0,0,0,0,0,0,0,0,0,0,0,0,0,0,0,0,0,0,34,0,0,0,0,0,0,0,0,0,0,0,22,0,0,0,0,0,0,0,0,0,0,0,0,0,0,0,0,0,0,0,0,0,0,0,0,1,11,0,0,0,0,0,53,0,11,0,0,0,4,0,54,0,50,0,41,0,100,0,0,0,0,0,0,0,0,0,0,0,50,0,12,0,25,0,8,0,1,0,0,0,0,0,0,0,5,0,14,0,0,0,93,0,0,0,0,0,48,0,0,0,0,0,0,0,0,0,0,0,0,0,0,0,0,0,4,0,0,0,0,0,0,0,0,0,37,668,19,18,8,0,5,0,0,0,0,0,0,0,0
39,182,0,0,0,3,0,325,35,299,0,0,0,0,0,18,0,120,0,32,0,181,0,19,93,97,0,0,0,130,0,44,0,21,0,55,0,54,0,75,0,0,0,0,0,0,0,0,0,0,0,27,13,24,48,143,0,49,0,17,0,33,6,0,0,0,0,0,0,0,0,0,0,0,0,0,0,0,0,0,0,0,0,0,0,0,0,0,0,0,0,0,0,0,0,0,0,0,0,0,0,0,0,0,0,0,0,0,0,0,0,0,0,0,0,0,0,0,0,0,0,0,0,0,0,0,0,0,0,13,0,10,0,0,0,0,0,128,0,157,0,71,0,0,0,30,0,0,0,0,0,0,0,0,0,19,0,24,0,28,0,0,0,0,0,0,0,0,0,2,0,3,0,16,0,0,3,53,0,0,0,0,0,53,0,53,0,0,0,0,0,0,0,0,0,0,0,0,0,0,0,0,0,0,0,0,0,0,0,0,0,0,0,0,23,0,0,0,27,772,39,19,0,16,0
30,0,12,0,20,0,29,0,97,0,0,0,0,0,6,0,0,0,0,0,0,0,0,0,0,2,9,0,0,0,0,0,0,0,0,0,0,0,0,0,0,0,0,0,0,0,0,0,0,0,0,0,0,0,0,0,28,0,243,28,0,0,0,0,0,113,119,17,0,0,26,0,7,0,0,0,0,0,0,0,0,3,0,0,0,0,0,0,0,0,0,0,0,0,0,2,0,0,0,6,0,0,0,0,0,0,0,0,0,0,0,0,0,0,0,0,0,0,0,0,0,0,0,0,12,0,15,0,0,0,55,0,0,0,0,0,0,0,13,40,5,0,0,0,49,36,28,0,61,0,9,0,1,0,0,20,0,0,1,0,174,115,0,0,0,0,0,0,0,0,0,0,0,0,21,2,6,0,0,0,184,45,5,0,257,17,0,0,0,0,0,0,0,0,0,0,0,1,0,0,0,0,0,0,0,0,0,0,3,0,140,1,25,0,184,0,0,0,0,0,0,0,0,0,0
0,20,0,0,0,3,1,0,0,92,0,0,0,4,0,13,0,0,0,22,0,0,0,0,0,0,0,0,0,0,0,0,1,0,0,0,0,0,0,0,0,0,0,0,0,0,0,0,0,0,0,0,5,0,0,0,65,19,66,188,0,0,0,0,113,0,59,438,0,0,0,2,0,0,0,1,0,0,0,0,0,0,0,0,0,0,0,0,0,0,0,0,0,0,0,0,0,1,0,0,0,0,0,0,1,0,0,3,0,0,0,0,0,0,0,0,0,0,0,0,0,0,0,0,0,41,0,45,18,0,0,68,0,0,0,19,0,17,71,4,15,0,0,0,48,13,8,64,0,144,0,39,0,3,31,0,0,5,56,0,118,188,0,4,0,0,0,0,0,2,0,0,0,0,4,20,1,0,0,0,29,251,0,7,25,76,0,0,0,0,0,0,0,2,0,0,0,0,0,0,0,0,0,0,0,0,0,19,0,33,0,0,0,0,114,0,0,0,113,8,0,0,0,4,0
0,0,0,0,3,0,8,0,186,0,0,0,0,0,0,0,0,0,0,0,0,0,0,0,0,0,0,0,0,0,0,0,0,0,0,0,0,0,0,0,0,0,0,0,0,0,0,0,0,0,0,0,9,14,0,16,11,55,80,244,0,0,0,0,119,59,0,176,0,0,0,0,0,0,0,0,0,0,0,0,0,0,0,0,0,1,0,0,0,0,0,0,0,0,0,0,0,0,0,0,0,0,0,0,0,0,0,0,0,0,0,0,0,0,0,0,0,0,0,0,0,0,0,0,0,0,7,0,0,0,15,0,0,0,0,0,0,0,2,22,0,0,0,0,4,0,0,0,9,0,2,0,0,0,3,31,17,0,0,42,105,34,0,0,0,0,0,0,2,0,0,0,0,0,0,0,149,0,0,0,22,0,0,0,339,7,1,0,0,0,0,0,0,0,0,0,0,0,0,0,0,0,0,0,0,0,1,0,2,0,169,63,40,0,222,0,0,0,0,0,0,0,0,0,0
0,5,0,0,0,0,38,3,256,146,0,0,0,0,0,0,0,0,0,3,0,0,0,0,0,0,0,11,0,0,0,0,0,0,0,0,0,0,0,0,0,0,0,0,0,1,0,0,0,0,0,0,86,25,158,8,100,81,262,221,1,0,0,0,17,438,176,0,0,0,0,0,0,0,0,0,0,0,0,0,0,0,0,0,0,0,0,0,0,0,0,0,0,0,0,0,0,0,0,0,0,0,0,0,0,0,0,0,0,0,0,0,0,0,0,0,0,0,0,0,0,0,0,0,0,13,0,0,0,0,0,1,0,0,0,0,0,1,0,0,0,0,0,0,0,0,0,0,0,28,0,1,0,3,17,0,0,0,11,6,14,39,0,0,0,0,0,0,0,2,0,0,0,0,0,3,35,31,0,0,2,50,0,0,35,244,0,0,0,0,0,0,0,0,0,0,0,0,0,0,0,0,0,0,0,0,0,0,0,4,0,0,0,0,310,0,0,0,276,91,62,99,0,22,1
0,0,0,0,2,0,0,0,1,0,0,0,0,0,0,0,0,0,0,0,0,0,0,0,0,0,0,0,0,0,0,0,0,0,0,0,0,0,0,0,3,0,0,0,19,0,0,0,20,0,0,0,0,0,0,0,0,0,0,0,0,0,0,0,0,0,0,0,0,0,0,0,43,0,8,0,149,0,49,0,10,0,46,0,0,0,96,0,8,0,0,0,17,0,24,0,0,0,0,0,13,0,171,0,51,0,42,0,30,0,15,0,4,0,0,0,16,0,0,0,0,0,0,0,0,0,0,0,0,0,1,0,0,0,0,0,0,0,0,0,0,0,7,0,0,0,0,0,0,0,0,0,0,0,0,0,0,0,0,0,0,0,1,0,23,0,1,0,153,0,7,0,0,0,0,0,0,0,0,0,0,0,0,0,0,0,0,0,0,0,0,0,22,0,40,0,0,0,22,0,18,0,34,0,64,0,0,0,0,0,20,5,64,0,8,46,85,0,0,0,0,0,0,0,0
0,1,0,0,0,0,0,0,0,0,0,0,0,0,0,0,0,0,0,0,0,0,0,0,0,0,0,0,0,0,0,0,0,0,0,0,0,0,0,0,0,1,0,0,0,18,0,0,0,0,0,0,0,0,0,0,0,5,0,1,0,0,0,0,0,0,0,0,0,0,0,0,0,7,0,0,0,63,0,0,0,4,0,39,0,0,0,8,0,10,0,0,0,28,0,10,0,2,0,0,0,2,0,75,0,5,0,0,0,39,0,14,0,45,0,1,0,5,0,0,0,2,0,0,0,0,0,0,0,0,0,0,0,0,0,5,0,6,0,0,0,0,0,0,0,0,0,0,0,0,0,3,0,0,0,0,0,0,0,1,0,3,0,4,0,33,0,0,0,41,0,2,0,3,0,0,0,0,0,0,0,1,0,0,0,0,0,0,0,13,0,0,0,0,0,0,0,0,0,0,0,0,0,9,0,0,0,0,0,0,0,0,0,0,0,0,0,0,19,9,17,0,13,70,0
0,0,0,0,0,0,0,0,0,0,0,0,0,0,0,0,0,0,22,0,29,0,0,0,0,0,0,0,9,0,3,0,0,0,8,0,55,0,5,0,0,0,0,0,26,0,0,0,0,0,8,0,0,0,0,0,0,0,0,0,3,0,0,0,26,0,0,0,0,0,0,0,194,0,268,0,8,0,115,0,1,0,0,0,0,0,7,0,0,0,0,0,0,0,0,0,0,0,0,0,0,0,0,0,0,0,0,0,0,0,0,0,0,0,0,0,0,0,0,0,21,0,18,0,0,0,0,0,22,0,23,13,0,0,11,0,17,0,7,0,46,0,10,0,27,0,0,0,15,0,0,0,18,0,0,0,7,0,0,0,0,0,64,0,0,0,0,0,35,0,30,0,39,0,17,0,0,0,0,0,0,12,0,0,7,0,0,0,0,0,0,0,0,0,0,0,0,0,0,0,0,0,0,0,0,0,0,0,0,0,10,3,40,0,0,0,0,0,0,0,0,0,0,0,0
0,0,0,0,0,0,0,0,0,0,0,0,0,0,0,0,0,0,0,0,0,3,0,0,0,0,0,0,0,0,0,0,0,0,0,0,0,0,0,0,0,0,0,0,0,0,0,0,0,0,0,0,0,0,0,0,0,0,0,0,0,0,0,0,0,2,0,0,0,0,0,0,0,122,0,341,0,7,0,11,0,5,0,2,0,0,0,43,0,0,0,0,0,0,0,0,0,0,0,0,0,0,0,0,0,0,0,0,0,0,0,0,0,0,0,0,0,0,0,0,0,15,0,13,0,36,0,0,0,0,0,0,0,0,0,53,0,83,0,0,0,70,0,63,0,157,0,0,0,22,0,13,0,12,0,0,0,5,0,0,0,0,0,19,0,0,0,0,0,10,0,0,0,14,0,0,0,0,0,0,0,11,0,0,0,0,0,0,0,0,0,0,0,0,0,0,0,0,0,0,0,0,0,0,0,0,0,0,0,0,0,0,0,0,0,0,0,0,123,5,4,0,0,2,0
0,0,0,0,2,0,0,0,0,0,0,0,0,0,0,0,0,0,0,0,0,0,0,0,0,0,0,0,0,0,0,0,0,0,0,0,5,0,0,0,0,0,0,0,0,0,0,0,1,0,0,0,0,0,0,0,0,0,0,0,0,0,0,0,7,0,0,0,43,0,194,0,0,0,210,0,83,0,206,0,0,0,35,0,13,0,12,0,0,0,0,0,0,0,1,0,0,0,0,0,0,0,0,0,0,0,0,0,0,0,0,0,0,0,0,0,0,0,0,0,128,0,61,0,23,0,27,0,6,0,10,0,17,0,77,1,87,0,1,0,45,0,99,0,22,0,14,0,5,0,17,0,0,0,0,0,0,0,0,0,0,0,57,0,0,0,0,0,11,0,4,0,3,0,8,0,0,0,0,0,0,0,0,0,2,0,0,0,7,0,0,0,0,0,0,0,0,0,0,0,26,0,37,0,0,0,0,0,94,0,237,4,10,0,2,2,0,0,0,0,0,0,0,0,0
0,0,0,0,0,0,0,0,0,0,0,0,0,0,0,0,0,0,0,0,0,0,0,0,0,0,0,0,0,0,0,0,0,0,0,0,0,0,0,0,0,0,0,0,0,0,0,0,0,0,0,0,0,0,0,0,0,0,0,0,0,0,0,0,0,0,0,0,0,7,0,122,0,0,0,359,0,177,0,76,1,0,0,46,0,12,0,127,0,0,0,0,0,0,0,3,0,8,0,0,0,0,0,11,0,0,0,0,0,0,0,0,0,1,0,0,0,2,0,0,0,45,0,0,0,43,0,20,0,2,0,2,0,24,0,156,0,148,0,0,0,46,2,36,0,76,0,0,0,0,0,18,0,0,0,0,0,0,0,0,0,0,0,13,0,5,0,0,0,12,0,0,0,0,0,0,0,0,0,0,0,0,0,0,0,0,0,0,0,48,0,0,0,0,0,0,0,0,0,125,0,96,0,0,0,78,0,0,0,0,0,0,0,0,9,0,0,0,133,0,12,0,0,0,0
0,0,0,0,0,0,0,0,0,0,0,0,0,0,0,0,0,0,13,0,17,0,0,0,0,0,0,0,4,0,0,0,0,0,7,0,45,0,0,0,0,0,0,0,21,0,0,0,0,0,6,0,0,0,0,0,0,0,0,0,0,0,0,0,0,0,0,0,8,0,268,0,210,0,0,1,40,0,96,0,12,0,39,0,29,0,30,0,0,0,0,0,0,0,9,0,6,0,1,0,0,0,0,0,0,0,0,0,0,0,0,0,0,0,0,0,0,0,0,0,65,0,66,0,0,9,0,5,11,0,16,0,0,0,69,3,42,0,8,0,45,10,98,3,59,4,16,0,9,0,14,0,19,0,0,0,0,0,0,0,0,0,45,0,0,0,0,0,22,0,10,0,23,0,14,0,0,0,0,0,37,8,0,0,0,0,0,0,0,0,0,0,0,0,0,0,0,0,25,0,33,0,31,0,7,0,0,1,64,0,37,4,19,2,0,0,0,0,0,0,0,0,0,0,0
0,0,0,0,0,0,0,0,0,0,0,0,0,0,0,0,0,0,0,0,0,0,0,0,0,0,0,0,0,0,0,0,0,0,0,0,0,3,0,0,0,0,0,0,0,0,0,0,0,0,0,0,0,0,0,0,0,0,0,0,0,0,0,0,0,1,0,0,0,0,0,341,0,359,1,0,0,11,0,127,0,10,0,0,0,9,0,104,0,0,0,0,0,0,0,0,0,0,0,0,0,0,0,0,0,0,0,0,0,1,0,0,0,0,0,0,0,0,0,0,0,224,0,70,0,26,0,0,0,0,0,7,0,0,0,92,0,0,0,0,0,89,0,97,0,268,0,0,0,27,0,12,0,0,0,0,0,6,0,0,0,0,0,13,0,0,0,0,0,11,0,19,0,0,0,0,0,0,0,0,0,18,0,0,0,0,0,0,0,0,0,0,0,0,0,0,0,0,0,0,0,28,0,0,0,0,0,0,0,0,0,0,0,0,0,0,0,0,90,5,0,0,0,1,0
0,0,0,0,0,0,0,0,0,0,0,0,0,0,0,0,0,0,0,0,0,0,0,0,0,0,0,0,0,0,0,0,0,0,0,0,0,0,0,0,0,0,0,0,8,0,3,0,0,0,0,0,0,0,0,0,0,0,0,0,0,0,0,0,0,0,0,0,149,0,8,0,83,0,40,0,0,0,109,0,2,0,26,0,0,0,83,0,2,0,0,0,6,0,5,0,15,0,0,0,1,0,0,0,0,0,0,0,34,0,0,0,1,0,3,0,11,0,0,0,16,0,4,0,0,0,0,0,0,0,0,0,0,0,0,0,0,0,0,0,0,0,0,2,1,0,0,1,0,0,0,0,0,0,0,0,0,0,0,0,0,0,0,0,7,0,0,0,9,0,1,0,0,0,0,0,0,0,0,0,0,0,0,0,0,0,0,0,0,0,0,0,0,0,7,0,0,0,0,0,0,0,0,0,0,0,0,0,0,0,0,2,0,0,0,0,0,0,0,0,0,0,0,0,0
0,0,0,0,0,0,0,0,0,0,0,0,0,0,0,0,0,0,0,3,0,0,0,0,0,0,0,0,0,0,0,0,0,0,0,0,0,0,0,0,0,0,0,0,0,30,0,0,0,0,0,3,0,3,0,0,0,0,0,0,0,0,0,0,0,0,0,0,0,63,0,7,0,177,0,11,0,0,0,3,0,25,0,73,0,0,0,206,0,34,0,0,0,128,0,12,0,0,0,0,0,13,0,159,0,0,0,0,0,17,0,4,0,0,0,1,0,29,0,0,0,11,0,0,0,0,0,0,0,0,0,0,0,0,0,0,0,12,0,0,0,0,0,0,0,0,0,0,0,0,0,0,0,0,0,1,0,0,0,0,0,0,0,9,0,20,0,0,0,160,0,2,0,0,0,0,0,0,0,0,0,0,0,0,0,0,0,0,0,65,0,0,0,0,0,46,0,0,0,0,0,0,0,0,0,0,1,0,2,0,0,0,0,0,0,0,0,0,15,6,41,2,16,7,0
0,0,0,0,0,0,0,0,0,0,0,0,0,0,0,0,0,0,1,0,0,0,0,0,0,0,0,0,0,0,0,0,0,0,0,0,0,0,0,0,0,0,2,0,12,0,0,0,9,0,0,0,0,0,0,0,0,0,1,0,0,0,0,0,0,0,0,0,49,0,115,0,206,0,96,0,109,0,0,0,2,0,121,0,11,0,58,0,2,0,0,0,25,0,14,0,0,0,0,0,6,0,2,0,0,0,0,0,24,0,0,0,0,0,15,0,3,0,0,0,99,0,17,0,0,0,0,0,0,0,0,0,0,0,26,0,16,0,0,0,9,0,25,0,0,0,0,0,0,0,4,0,0,0,0,0,0,0,0,0,2,0,6,0,22,0,0,0,40,0,3,0,1,0,0,0,0,0,0,0,0,0,0,0,0,0,5,0,8,0,0,0,0,0,0,0,3,0,0,0,0,0,0,0,0,0,0,0,0,0,168,15,32,0,11,5,10,0,0,0,0,0,0,0,0
