0,80,105,0,49,0,4,167,165,78,151,0,140,0,0,28,36,43,9,0,0,0,19,82,5,252,25,0,37,0,0,0,60,0,0,0,0,0,325,0,24,0,0,0,0,0,9,0,26,0,0,0,8,0,0,0,0,0,0,0,177,0,106,0,0,0,0,0,0,0,0,0,1,0,0,0,0,0,0,0,0,0,0,0,0,0,0,0,0,0,0,0,0,0,0,0,0,0,0,0,0,0,0,0,0,0,0,0,0,0,0,0,0,0,0,0,0,0,0,0,0,0,0,0,0,0,0,0,0,0,0,0,0,0,0,0,0,0,0,0,0,0,0,0,0,0,0,0,0,0,0,0,0,0,0,0,0,0,0,0,2,0,4,0,0,0,0,0,0,0,122,0,301,0,0,0,243,110,16,0,6,0,130,0,4,1,7,0,0,0,0,0,0,0,0,0,0,0,0,0,0,0,0,0,0,0,0,0,0,0,730,126,219,0,453,0,0,1,0,0,5,3,1,0,0
80,0,119,76,0,135,0,69,0,86,0,197,0,139,21,26,22,69,0,94,0,0,339,65,40,41,0,124,0,49,0,0,0,222,0,0,0,116,0,239,0,19,0,0,0,50,0,81,0,16,0,0,0,5,0,18,0,3,0,6,0,61,0,33,0,16,0,6,0,0,0,0,2,0,0,0,0,0,0,0,0,0,0,0,0,0,0,0,0,0,0,0,0,0,0,0,0,4,0,0,0,0,0,0,0,0,0,0,0,0,0,0,0,0,0,0,0,0,0,0,0,0,0,0,0,32,0,0,0,0,0,17,0,0,0,24,0,10,0,0,0,0,0,0,0,0,0,15,0,30,0,59,0,63,0,0,0,3,0,0,0,6,0,12,0,41,0,0,0,0,0,49,0,154,0,0,105,342,0,6,0,0,8,13,0,125,0,0,0,0,0,0,0,0,0,0,0,0,0,0,0,0,0,0,0,0,0,10,0,24,0,0,0,0,625,0,0,0,987,182,422,365,17,101,0
105,119,0,0,133,0,53,96,77,0,48,14,86,0,80,76,62,32,59,0,80,0,52,67,7,187,45,0,159,0,56,0,206,0,0,0,25,0,454,0,16,0,0,0,0,0,0,0,33,0,0,0,37,0,20,0,12,0,0,0,127,0,128,0,141,0,34,0,0,0,0,0,0,0,0,0,0,0,0,0,0,0,0,0,0,0,0,0,0,0,0,0,0,0,0,0,0,0,0,0,0,0,0,0,0,0,0,0,0,0,0,0,0,0,0,0,0,0,0,0,0,0,0,0,38,0,84,0,0,0,75,0,0,0,74,0,16,0,0,0,0,0,0,0,0,0,47,0,82,0,42,0,0,0,0,0,0,0,0,0,16,0,0,0,0,0,17,0,0,0,83,0,359,0,0,0,173,130,6,0,22,0,27,0,54,0,0,0,0,0,0,0,0,0,0,0,0,0,0,0,0,0,0,0,0,0,7,0,69,0,601,55,315,0,525,2,0,3,0,0,0,0,0,0,0
0,76,0,0,0,98,0,86,0,17,0,21,0,8,0,81,0,28,0,168,0,25,142,133,0,43,0,31,0,85,0,23,0,420,0,7,0,94,0,181,0,0,0,0,0,0,0,7,0,5,0,0,0,0,0,64,0,0,0,8,0,0,0,0,0,0,0,0,0,0,0,0,0,0,0,0,0,0,0,0,0,0,0,0,0,0,0,0,0,0,0,0,0,0,0,0,0,0,1,0,0,5,0,0,0,9,0,0,0,0,0,0,0,0,0,0,0,0,0,0,0,0,0,0,0,27,0,7,0,0,0,13,3,0,0,148,0,52,0,0,0,0,0,0,0,0,0,0,0,13,1,21,0,0,0,0,0,0,0,0,0,0,0,0,0,0,0,66,0,65,0,0,0,172,0,0,45,109,0,0,0,0,0,6,0,13,0,0,0,0,0,0,0,0,0,0,0,0,0,0,0,0,0,0,0,0,0,0,0,41,0,0,0,0,278,0,0,0,245,40,348,0,0,20,0
49,0,133,0,0,70,10,0,42,0,161,53,252,0,216,157,0,0,97,91,398,0,28,44,0,6,118,34,12,0,282,0,294,0,268,0,105,0,37,0,84,0,0,0,37,0,40,0,22,0,0,0,0,0,0,0,0,0,0,0,0,0,0,0,8,0,2,0,0,0,0,0,0,0,0,0,0,0,0,0,0,0,0,0,0,0,0,0,0,0,0,0,0,0,0,0,0,0,0,0,0,0,0,0,0,0,0,0,0,0,0,0,0,0,0,0,0,0,0,0,0,0,0,0,0,0,0,0,0,0,0,0,0,0,29,0,0,0,0,0,0,0,0,0,0,0,22,0,33,0,55,0,51,0,0,0,0,0,0,0,0,0,0,0,0,0,135,0,350,0,0,0,246,0,0,0,287,186,132,0,136,0,122,0,179,0,0,0,0,0,0,0,0,0,0,0,0,0,0,0,0,0,0,0,0,0,0,0,25,0,452,208,455,0,337,0,0,0,0,0,0,0,0,0,0
0,135,0,98,70,0,0,65,0,17,0,273,48,138,199,151,0,0,84,183,107,144,0,23,0,9,0,216,0,0,0,164,0,117,0,197,0,87,0,0,0,26,0,0,0,48,0,128,0,4,0,81,0,0,0,17,0,0,0,0,0,0,0,0,0,8,0,1,0,0,0,0,0,0,0,0,0,0,0,0,0,0,0,0,0,49,0,0,0,0,0,0,0,0,0,0,0,0,0,0,0,17,0,0,0,0,0,0,0,0,0,0,0,0,0,0,0,0,0,0,0,28,0,6,0,0,0,3,0,0,0,0,0,7,0,57,0,0,0,0,0,0,0,0,0,0,0,0,0,14,0,0,0,40,0,1,0,0,0,0,0,0,0,0,0,0,1,168,0,313,0,29,0,146,0,0,89,378,5,61,0,19,0,17,0,47,0,6,0,0,0,0,0,0,0,0,0,0,0,0,0,0,0,0,0,0,0,0,0,23,0,0,0,0,222,0,0,0,346,198,493,82,0,0,0
4,0,53,0,10,0,0,0,266,175,0,1,0,0,0,0,20,0,0,0,0,0,2,0,98,130,0,0,0,0,0,0,0,0,0,0,0,0,0,0,0,0,0,0,0,0,0,0,60,0,0,0,247,45,99,136,55,10,33,0,273,0,226,24,138,0,72,87,0,0,0,1,0,0,0,0,0,0,0,0,0,0,0,0,0,0,0,0,0,0,0,0,0,0,0,0,0,0,0,0,0,0,0,0,0,0,0,0,0,0,0,0,0,0,0,0,0,0,0,0,0,0,0,0,53,0,43,0,0,0,112,0,5,0,0,0,0,0,0,0,0,0,0,0,0,0,0,0,71,0,0,0,0,0,12,0,53,0,0,0,60,0,0,0,10,0,0,0,117,0,308,0,74,0,0,0,238,50,0,0,0,0,8,3,9,13,0,0,0,0,0,0,0,0,0,0,0,0,0,0,0,0,0,0,0,0,0,0,0,0,698,85,377,259,687,18,103,9,0,0,0,0,0,0,0
167,69,96,86,0,65,0,0,69,73,0,29,0,0,0,15,17,44,0,21,0,0,154,5,149,106,0,0,0,51,0,0,0,31,0,0,0,0,0,275,0,1,0,0,0,0,0,0,0,22,0,0,0,41,0,267,0,12,0,0,0,142,5,272,0,0,0,5,0,0,0,0,0,1,0,0,0,0,0,0,0,2,0,3,0,0,0,0,0,0,0,0,0,0,0,0,0,0,0,0,0,0,1,0,0,0,0,0,0,0,0,0,0,0,0,0,0,0,0,0,0,0,0,0,0,21,0,3,0,0,0,19,0,15,0,17,0,0,0,0,0,0,0,0,0,0,0,1,0,0,0,15,0,0,0,3,0,0,0,1,0,0,1,0,0,89,0,13,0,109,0,148,0,242,0,0,94,146,0,0,0,0,7,4,0,0,0,0,0,0,0,0,0,0,0,0,0,0,0,0,0,0,0,0,0,0,0,0,0,5,0,0,0,0,605,0,0,0,501,28,562,456,0,211,4
165,0,77,0,42,0,266,69,0,143,7,0,23,0,16,1,13,9,13,0,6,0,4,0,21,148,5,0,0,0,0,0,3,0,0,0,0,0,0,0,4,0,0,0,0,0,3,0,30,0,0,0,193,49,45,158,40,18,20,0,228,0,141,0,118,0,64,80,0,0,0,0,0,0,0,0,0,0,0,0,0,0,0,0,0,0,3,0,0,0,0,0,0,0,0,0,0,0,0,0,0,0,0,0,0,0,0,0,0,0,0,0,0,0,0,0,0,0,0,0,0,0,0,0,23,0,11,0,0,0,30,0,0,2,0,0,0,0,0,0,0,0,0,0,0,0,8,0,43,0,11,0,13,0,27,0,90,0,0,0,13,0,0,0,0,0,0,0,0,0,109,0,28,0,8,0,499,35,4,0,8,0,33,2,135,27,0,0,0,0,0,0,0,0,0,0,0,0,0,0,0,0,0,0,0,0,0,0,0,0,529,126,169,0,386,0,68,0,0,5,0,0,0,0,0
78,86,0,17,0,17,175,73,143,0,0,30,0,17,0,17,11,33,0,34,0,0,49,1,261,34,0,29,0,0,0,2,0,0,0,0,0,0,0,0,0,0,0,0,0,19,0,0,0,13,0,0,3,130,63,281,0,43,0,15,0,366,20,382,0,176,3,44,0,0,0,0,0,0,0,0,0,0,0,0,0,0,0,0,0,0,0,0,0,0,0,0,0,0,0,0,0,0,0,0,0,0,0,0,0,11,0,0,0,0,0,0,0,1,0,0,0,0,0,0,0,0,0,0,0,133,0,35,0,0,0,151,0,38,0,56,0,14,0,0,0,0,0,1,0,0,0,32,0,152,0,77,0,34,0,0,0,48,0,0,0,7,0,8,0,61,0,0,0,80,0,0,0,74,0,0,125,237,0,0,0,0,2,14,0,87,0,0,0,0,0,0,0,0,0,0,0,0,0,26,0,20,0,0,0,0,0,28,0,77,0,0,0,0,713,0,0,0,839,94,519,586,78,315,0
151,0,48,0,161,0,0,0,7,0,0,0,260,0,26,93,0,0,25,0,154,11,7,42,0,0,49,0,4,0,104,0,214,4,52,0,87,0,17,0,24,0,0,0,31,0,0,0,0,0,0,0,0,0,0,0,0,0,0,0,0,0,0,0,0,0,0,0,0,0,0,0,0,0,0,0,0,0,0,0,0,0,0,0,0,0,0,0,0,0,0,0,0,0,0,0,0,0,0,0,0,0,0,0,0,0,0,0,0,0,0,0,0,0,0,0,0,0,0,0,0,0,0,0,0,0,0,0,0,0,0,0,0,0,0,0,0,0,0,0,0,0,0,0,0,0,0,0,0,0,11,0,0,0,0,0,0,0,0,0,0,0,0,0,0,0,24,0,0,0,0,0,0,0,0,0,250,133,108,0,48,0,48,0,45,0,14,0,0,0,0,0,0,0,0,0,0,0,0,0,0,0,0,0,0,0,0,0,0,0,207,112,203,0,138,0,0,0,0,0,0,0,0,0,0
0,197,14,21,53,273,1,29,0,30,0,0,0,417,130,56,0,0,18,87,65,62,40,12,0,0,0,161,0,3,0,66,0,84,0,87,0,12,0,3,0,96,0,0,0,84,0,183,0,26,0,0,0,0,0,7,0,0,0,0,0,0,0,0,0,3,0,0,0,0,0,0,0,0,0,0,0,0,0,0,0,0,0,0,0,0,0,0,0,0,0,0,0,0,0,0,0,0,0,0,0,0,0,1,0,0,0,0,0,0,0,0,0,0,0,0,0,0,0,1,0,0,0,0,0,0,0,0,0,0,0,6,0,0,0,0,0,0,0,0,0,0,0,0,0,5,0,0,0,13,0,68,0,73,0,2,0,0,0,0,0,1,0,0,0,0,0,0,0,0,0,0,0,0,0,52,83,431,0,60,0,40,0,42,2,55,0,46,0,0,0,0,0,0,0,0,0,3,0,0,0,0,0,0,0,0,0,0,0,0,0,0,0,0,83,0,0,0,215,103,153,0,3,4,0
140,0,86,0,252,48,0,0,23,0,260,0,0,248,63,23,0,0,120,208,277,36,0,0,0,0,229,360,0,0,95,0,0,0,370,0,44,0,0,0,282,0,78,28,108,0,205,0,49,0,356,0,0,0,0,0,0,0,0,0,0,0,0,0,0,0,0,0,0,0,0,0,0,0,0,0,0,0,0,0,0,0,0,0,0,0,0,0,0,0,0,0,0,0,0,0,0,0,0,0,0,0,0,0,0,0,0,0,0,0,0,0,0,0,0,0,0,0,0,0,0,0,0,0,0,0,0,0,0,0,0,0,0,0,0,0,0,0,0,0,0,0,0,0,0,0,0,0,0,0,35,0,43,0,0,0,0,0,0,0,0,0,0,0,123,0,0,0,127,0,0,0,0,0,36,0,227,128,163,0,92,0,79,0,72,0,161,11,0,0,0,0,0,0,0,0,0,0,0,0,0,0,0,0,0,0,0,0,0,0,123,188,364,0,57,0,0,0,0,0,2,0,0,0,0
0,139,0,8,0,138,0,0,0,17,0,417,248,0,92,4,0,0,454,68,255,134,0,0,0,0,396,110,0,0,0,35,0,0,49,302,0,36,0,0,78,198,0,142,0,65,0,274,0,110,0,356,0,0,0,0,0,0,0,0,0,0,0,0,0,4,0,0,0,0,0,0,0,0,0,0,0,2,0,0,0,0,0,0,0,0,0,0,0,0,0,0,0,0,0,0,0,3,0,0,0,0,0,0,0,0,0,0,0,0,0,0,0,0,0,0,0,0,0,0,0,0,0,0,0,0,0,0,0,0,0,0,0,0,0,0,0,0,0,0,0,0,0,0,0,0,0,0,0,0,0,0,0,0,0,0,0,0,0,0,0,0,0,0,0,0,0,18,0,0,0,0,0,0,0,0,18,294,0,26,0,0,0,15,0,26,24,61,0,0,0,0,0,0,0,0,0,0,0,0,0,0,0,0,0,0,0,0,0,0,3,0,0,0,0,0,0,0,0,94,213,17,0,0,0
0,21,80,0,216,199,0,0,16,0,26,130,63,92,0,205,28,0,266,180,385,50,398,29,48,0,151,0,0,0,158,30,110,24,84,28,45,4,2,0,15,0,0,0,25,0,16,0,0,0,13,0,0,0,36,0,0,0,0,0,0,0,8,0,33,1,0,0,4,0,0,0,0,0,0,0,0,0,0,0,0,0,0,0,0,0,0,0,0,0,0,0,0,0,0,0,0,0,0,0,0,0,0,0,0,0,0,0,0,0,0,0,0,0,0,0,0,0,0,0,0,0,0,0,0,0,39,0,0,0,0,0,0,0,217,0,0,0,0,0,0,0,0,0,0,0,0,0,73,0,56,0,49,0,0,0,4,0,0,0,0,0,0,0,0,0,63,0,127,0,0,0,91,0,0,0,177,154,14,0,52,0,39,0,120,0,0,4,0,0,0,0,0,0,0,0,0,0,0,0,0,0,0,0,0,0,0,0,162,0,114,46,138,0,70,0,0,0,0,0,0,0,0,0,0
28,26,76,81,157,151,0,15,1,17,93,56,23,4,205,0,5,17,33,314,120,136,178,124,0,80,0,74,0,0,16,123,33,62,0,35,0,30,0,9,0,0,0,0,0,34,0,0,0,3,0,0,0,6,0,100,0,30,0,0,0,0,0,2,0,10,0,1,0,0,0,15,0,0,0,13,0,0,0,0,0,90,0,0,0,183,0,0,0,0,0,0,0,0,0,0,0,0,0,60,0,0,0,0,0,0,0,77,0,0,0,0,0,0,0,0,0,0,0,0,0,0,0,0,0,0,0,0,0,0,0,0,0,0,0,371,0,101,0,0,0,4,0,0,0,35,0,0,0,0,0,53,0,56,0,0,0,0,0,0,0,5,0,0,0,9,0,136,0,165,0,11,13,66,0,0,138,422,0,11,0,0,0,23,0,56,3,0,0,0,0,0,0,0,0,0,0,0,0,0,0,130,0,0,0,0,0,16,0,63,0,0,0,0,182,0,0,0,333,183,250,75,6,4,0
36,22,62,0,0,0,20,17,13,11,0,0,0,0,28,5,0,9,66,0,347,0,84,10,84,31,91,0,220,0,94,0,175,0,5,0,0,0,216,0,0,0,0,0,0,0,0,0,3,0,0,0,123,0,20,0,6,0,0,0,91,0,263,0,0,0,0,0,0,0,10,0,6,0,24,0,0,0,0,0,45,0,0,0,483,0,0,0,0,0,298,0,0,0,0,0,681,0,0,0,0,0,0,0,16,0,0,0,0,0,0,0,0,0,0,0,0,0,0,0,30,0,48,0,6,0,8,0,106,0,0,0,13,0,48,0,301,0,90,0,89,0,532,0,6,0,11,0,2,0,7,0,10,0,21,0,4,2,29,0,7,0,0,0,0,0,7,0,0,0,27,0,61,0,0,0,13,0,0,0,0,0,38,0,0,0,0,0,0,0,0,0,0,0,0,0,0,0,0,0,172,0,0,0,0,0,0,0,0,0,29,4,49,25,0,0,0,0,0,0,0,0,0,0,0
43,69,32,28,0,0,0,44,9,33,0,0,0,0,0,17,9,0,0,0,0,105,102,59,32,80,0,0,0,114,0,7,2,132,0,0,0,24,0,214,0,0,0,0,0,5,0,0,0,0,0,0,0,45,0,44,0,39,0,0,0,20,0,170,0,0,0,0,0,0,0,0,0,0,0,0,0,0,0,0,0,0,0,0,0,148,0,0,0,0,0,0,0,0,0,0,0,64,0,30,0,36,0,0,0,0,0,0,0,0,0,0,0,0,0,0,0,0,0,0,0,0,0,0,0,0,0,0,0,0,0,0,0,79,0,228,0,78,0,87,0,11,0,94,0,0,0,0,0,0,0,0,0,0,0,34,0,0,0,38,0,6,0,0,0,7,0,0,0,13,0,0,0,21,0,0,0,20,0,0,0,0,9,12,0,5,0,0,0,0,0,0,0,0,0,0,0,0,0,0,0,66,0,0,0,0,0,0,0,0,0,0,0,0,16,0,0,0,26,15,44,16,0,0,0
9,0,59,0,97,84,0,0,13,0,25,18,120,454,266,33,66,0,0,351,319,69,287,0,0,0,108,320,4,0,46,0,0,0,123,28,22,0,0,0,19,0,12,0,0,0,31,41,0,0,91,0,0,0,0,0,0,0,0,0,0,0,0,0,0,0,0,0,0,0,0,0,0,0,0,0,0,0,0,0,0,0,0,0,0,0,0,0,0,0,0,0,0,0,0,0,0,0,0,0,12,0,16,0,0,0,0,0,0,0,0,0,0,0,0,0,0,0,0,0,0,0,0,0,0,0,0,0,0,0,0,0,0,0,0,0,0,0,0,0,0,0,0,0,5,0,0,0,0,0,0,0,58,0,0,0,0,0,0,0,0,0,0,0,84,0,44,0,89,0,0,0,0,0,41,0,110,152,16,0,0,0,44,0,131,0,22,31,0,0,0,0,0,0,0,0,0,0,0,0,0,0,0,0,0,0,0,0,0,0,84,88,205,40,49,0,0,0,0,0,0,0,0,0,0
0,94,0,168,91,183,0,21,0,34,0,87,208,68,180,314,0,0,351,0,212,198,0,229,0,109,142,118,0,0,0,92,0,0,0,193,0,36,0,0,0,0,0,29,0,95,7,85,0,4,53,174,0,7,0,0,0,0,0,0,0,0,0,0,0,25,0,0,0,0,0,14,0,0,0,0,0,0,0,0,0,0,0,0,0,414,0,0,0,0,0,0,0,0,0,0,0,0,0,0,0,0,0,0,0,0,0,0,0,0,0,0,0,0,0,0,0,0,0,0,0,0,0,11,0,0,0,0,0,0,0,0,0,0,0,535,0,130,0,0,0,0,0,0,0,0,0,0,0,49,0,0,0,117,0,0,0,0,0,0,0,0,0,0,0,76,0,97,0,158,0,0,0,31,0,0,28,107,14,10,0,0,0,22,0,107,29,11,0,0,0,0,0,0,0,0,0,0,0,0,0,0,0,0,0,0,0,0,0,0,0,0,0,0,78,0,0,0,0,135,245,66,0,0,0
0,0,80,0,398,107,0,0,6,0,154,65,277,255,385,120,347,0,319,212,0,50,310,0,30,0,302,143,69,0,51,0,17,0,85,28,66,0,3,0,0,0,19,0,13,0,0,0,19,0,65,0,0,0,0,0,0,0,0,0,0,0,67,0,0,0,0,0,0,0,52,0,0,0,44,0,0,0,0,0,88,0,0,0,486,0,0,0,0,0,265,0,0,0,0,0,574,0,457,0,0,0,0,0,0,0,0,0,0,0,0,0,0,0,0,0,0,0,0,0,0,0,0,0,0,0,0,0,0,0,0,0,0,0,0,0,0,0,23,0,0,0,246,0,34,0,0,0,0,0,0,0,0,0,0,0,0,0,0,0,0,0,0,0,50,0,92,0,175,0,0,0,105,0,0,0,143,80,81,1,0,0,10,0,10,0,5,0,0,0,0,0,0,0,0,0,2,0,0,0,113,0,0,0,0,0,0,0,24,0,218,160,199,0,113,0,0,0,0,0,5,0,0,0,0
0,0,0,25,0,144,0,0,0,0,11,62,36,134,50,136,0,105,69,198,50,0,0,277,0,34,26,104,0,179,0,34,0,50,0,114,0,92,0,0,0,0,0,16,0,105,0,3,0,2,0,82,0,0,0,0,0,0,0,1,0,0,0,32,0,0,0,0,0,0,0,16,0,0,0,0,0,0,0,0,0,0,0,0,0,650,0,0,0,0,0,0,0,0,0,0,0,0,0,104,0,0,0,0,0,0,0,0,0,0,0,0,0,0,0,0,0,0,0,0,0,0,0,30,0,0,0,0,0,0,0,0,0,0,0,572,0,0,0,325,0,206,0,720,0,93,0,0,0,0,0,0,0,0,0,32,0,0,0,51,0,0,0,9,0,59,0,97,0,181,0,8,0,47,0,0,0,33,2,0,0,0,0,0,0,0,3,6,0,0,0,0,0,0,0,0,0,0,0,0,1,0,0,0,0,0,0,0,0,0,0,0,0,0,59,0,0,0,83,198,264,44,0,0,0
19,339,52,142,28,0,2,154,4,49,7,40,0,0,398,178,84,102,287,0,310,0,0,276,59,370,259,0,65,0,45,0,158,0,0,0,34,0,168,0,0,0,3,0,66,0,11,0,14,0,0,0,8,0,103,0,0,0,0,0,28,0,21,0,18,0,0,0,0,0,0,0,0,0,0,2,0,0,0,0,0,0,0,0,0,0,0,0,0,0,0,0,0,0,0,0,0,0,0,0,0,0,0,0,0,0,0,0,0,0,0,0,0,0,0,0,0,0,0,0,0,0,0,0,0,2,50,0,0,0,0,0,0,0,238,0,111,0,0,0,0,0,283,0,0,0,58,0,46,0,32,0,19,0,1,0,0,0,0,0,0,0,0,0,0,0,36,0,70,0,27,0,241,0,9,0,279,245,5,0,14,3,55,11,28,0,2,0,0,0,0,0,0,0,0,0,0,0,0,0,165,0,0,0,0,0,12,0,149,0,321,68,232,0,241,0,3,0,0,0,0,0,0,0,0
82,65,67,133,44,23,0,5,0,1,42,12,0,0,29,124,10,59,0,229,0,277,276,0,15,13,0,65,0,100,0,52,0,252,0,9,0,49,0,42,0,0,0,0,0,47,0,5,0,5,0,0,0,8,0,36,0,28,0,0,0,0,0,10,0,0,0,0,0,0,0,0,0,0,0,0,0,0,0,0,0,0,0,0,0,99,0,0,0,0,0,0,0,0,0,0,0,0,0,0,0,22,0,0,0,0,0,0,0,0,0,0,0,0,0,0,0,0,0,0,0,0,0,0,0,0,0,0,0,12,0,0,0,0,0,175,0,43,0,29,0,0,0,43,0,0,0,0,0,2,0,0,0,0,0,11,0,0,0,5,0,2,0,0,0,0,2,57,0,56,0,0,0,72,0,0,41,121,0,6,0,0,7,11,2,2,0,0,0,0,0,0,0,0,0,0,0,0,0,0,0,0,0,0,0,0,0,0,0,0,0,2,0,0,33,0,0,0,115,61,130,44,0,5,0
5,40,7,0,0,0,98,149,21,261,0,0,0,0,48,0,84,32,0,0,30,0,59,15,0,317,0,0,16,0,0,0,6,0,0,0,0,0,35,0,0,0,0,0,0,0,0,0,27,0,0,0,157,38,76,104,8,0,0,3,176,0,248,49,0,0,0,19,0,0,0,0,0,0,0,0,0,0,0,0,0,0,0,0,0,0,0,0,0,0,27,0,0,0,0,0,0,0,0,0,0,0,0,0,0,0,0,0,0,0,0,0,0,0,0,0,0,0,0,0,0,0,0,0,0,0,42,1,20,0,39,0,12,0,91,0,76,0,0,0,0,0,165,3,0,0,0,0,18,0,13,0,0,0,17,0,14,0,5,0,5,0,0,0,0,0,0,0,52,0,136,0,90,0,0,0,89,38,0,0,0,0,30,3,0,0,0,0,0,0,0,0,0,0,0,0,0,0,0,0,60,0,0,0,0,0,0,0,51,0,241,22,153,127,324,0,28,0,0,0,10,0,0,0,0
252,41,187,43,6,9,130,106,148,34,0,0,0,0,0,80,31,80,0,109,0,34,370,13,317,0,0,39,0,42,0,0,0,22,0,0,0,0,0,81,0,0,0,0,0,0,0,0,0,0,0,0,0,16,2,53,0,32,0,1,0,30,6,158,0,0,1,0,0,0,0,0,0,0,0,0,0,0,0,0,0,2,0,0,0,19,0,0,0,0,0,11,0,0,0,0,0,13,0,1,0,0,0,0,0,0,0,0,0,0,0,0,0,0,0,0,0,0,0,0,0,0,0,0,0,0,0,0,0,8,0,0,0,32,0,87,0,26,0,13,0,0,0,15,0,0,0,0,0,0,0,0,0,0,0,3,0,0,0,0,0,0,0,5,0,9,0,0,0,0,5,13,0,39,0,0,64,118,0,0,0,0,17,15,0,2,0,0,0,0,0,0,0,0,0,0,0,0,0,0,0,0,0,0,0,0,0,0,0,0,0,0,2,0,70,1,1,0,79,18,52,59,0,24,0
25,0,45,0,118,0,0,0,5,0,49,0,229,396,151,0,91,0,108,142,302,26,259,0,0,0,0,744,30,0,48,4,0,0,125,0,181,0,1,0,90,119,237,0,227,30,47,517,92,2,288,0,0,0,0,0,0,0,0,0,0,0,63,0,0,0,0,0,0,0,68,0,0,0,67,0,0,0,0,0,131,0,0,0,444,0,0,0,0,0,0,0,0,0,0,0,0,0,0,0,54,0,0,0,0,0,0,0,0,0,0,0,0,0,0,0,0,0,0,0,0,0,0,0,0,0,0,0,0,0,0,0,0,0,0,0,0,0,0,0,0,0,0,0,42,0,0,0,64,0,0,0,0,0,0,0,0,0,0,0,0,0,0,0,181,0,22,0,0,0,0,0,0,0,0,0,34,95,24,0,0,0,49,0,0,0,135,19,0,0,0,0,0,0,0,0,0,0,0,0,0,0,0,0,0,0,0,0,0,0,0,223,313,0,34,0,0,37,0,0,0,0,0,0,0
0,124,0,31,34,216,0,0,0,29,0,161,360,110,0,74,0,0,320,118,143,104,0,65,0,39,744,0,0,23,0,0,0,0,0,109,0,28,0,2,325,14,68,333,106,322,182,99,0,49,193,430,0,0,0,0,0,0,0,0,0,0,0,0,0,14,0,0,0,0,0,0,0,0,0,0,0,0,0,0,0,0,0,0,0,303,0,0,0,0,0,0,0,0,0,0,0,0,0,0,0,0,0,0,0,0,0,0,0,2,0,0,0,0,0,0,0,0,0,0,0,0,0,0,0,0,0,0,0,0,0,0,0,0,0,0,0,0,0,0,0,0,0,0,0,0,0,0,0,35,0,0,0,0,0,0,0,0,0,0,0,0,0,8,0,200,0,29,0,72,0,0,0,0,0,0,11,97,0,6,0,0,0,24,0,60,77,40,0,0,0,0,0,0,0,0,0,0,0,0,0,0,0,0,0,0,0,0,0,0,0,0,0,0,0,0,0,0,0,364,453,35,0,4,39
37,0,159,0,12,0,0,0,0,0,4,0,0,0,0,0,220,0,4,0,69,0,65,0,16,0,30,0,0,0,61,0,27,0,21,0,9,0,11,0,0,0,0,0,0,0,0,0,0,0,15,0,8,0,3,0,0,0,0,0,24,0,16,0,0,0,0,0,0,0,10,0,0,0,13,0,0,0,0,0,0,0,0,0,191,0,0,0,0,0,0,0,0,0,0,0,78,0,0,0,0,0,0,0,0,0,0,0,0,0,0,0,0,0,0,0,0,0,0,0,33,0,20,0,0,0,0,0,0,0,0,0,0,0,0,0,12,0,0,0,42,0,76,0,7,0,0,0,0,0,0,0,0,0,0,0,0,0,0,0,0,0,0,0,2,0,0,0,0,0,0,0,0,0,0,0,0,0,0,0,0,0,0,0,0,0,0,0,0,0,0,0,0,0,0,0,0,0,0,0,0,0,0,0,0,0,0,0,0,0,0,0,0,0,0,0,0,0,0,0,0,0,0,0,0
0,49,0,85,0,0,0,51,0,0,0,3,0,0,0,0,0,114,0,0,0,179,0,100,0,42,0,23,0,0,0,52,0,50,0,127,0,21,0,66,0,0,0,25,0,0,0,0,0,0,0,53,0,27,0,19,0,20,0,0,0,10,0,11,0,0,0,0,0,0,0,0,0,0,0,2,0,0,0,0,0,0,0,0,0,156,0,0,0,0,0,0,0,0,0,0,0,37,0,0,0,0,0,0,0,0,0,0,0,0,0,0,0,0,0,0,0,0,0,0,0,0,0,0,0,0,0,0,0,0,0,0,0,0,0,155,0,0,0,242,0,121,0,272,0,14,0,0,0,0,0,0,0,0,0,84,0,9,0,65,0,6,0,0,0,0,0,0,0,0,0,0,0,2,0,0,0,0,0,0,0,0,0,0,0,0,0,0,0,0,0,0,0,0,0,0,0,0,0,0,0,35,0,0,0,0,0,0,0,0,0,0,0,0,0,0,0,0,0,6,3,0,0,0,0
0,0,56,0,282,0,0,0,0,0,104,0,95,0,158,16,94,0,46,0,51,0,45,0,0,0,48,0,61,0,0,0,4,0,17,0,34,0,8,0,0,0,16,0,9,0,0,0,3,0,48,0,16,0,0,0,0,0,0,0,0,0,28,0,0,0,0,0,0,0,25,0,0,0,27,0,0,0,0,0,35,0,0,0,222,0,0,0,0,0,51,0,0,0,0,0,167,0,248,0,0,0,0,0,0,0,0,0,0,0,0,0,0,0,0,0,0,0,0,0,64,0,27,0,0,0,0,0,0,0,0,0,0,0,0,0,6,0,0,0,52,0,0,0,21,0,0,0,0,0,0,0,0,0,0,0,1,0,0,0,0,0,0,0,0,0,42,0,0,0,4,0,34,0,0,0,47,0,34,0,6,0,0,0,0,0,0,0,0,0,0,0,0,0,0,0,0,0,0,0,0,0,0,0,0,0,0,0,0,0,66,40,34,0,26,0,0,0,0,0,0,0,0,0,0
0,0,0,23,0,164,0,0,0,2,0,66,0,35,30,123,0,7,0,92,0,34,0,52,0,0,4,0,0,52,0,0,0,3,2,59,0,14,0,0,0,2,0,37,0,13,0,0,0,0,0,54,0,0,0,0,0,0,0,0,0,0,0,0,0,2,0,0,0,0,0,0,0,0,0,0,0,0,0,0,0,0,0,0,0,107,0,0,0,0,0,0,0,0,0,0,0,0,0,14,0,0,0,0,0,0,0,0,0,0,0,0,0,0,0,0,0,0,0,0,0,0,0,0,0,0,0,0,0,0,0,0,0,0,0,66,0,0,0,35,0,41,0,124,0,0,0,0,0,0,0,0,0,0,0,4,0,3,0,0,0,0,0,0,0,0,0,8,0,7,0,0,0,9,0,0,0,30,0,5,0,0,0,0,0,0,0,0,0,0,0,0,0,0,0,0,0,0,0,0,0,0,0,0,0,0,0,0,0,0,0,0,0,0,5,0,0,0,0,14,16,0,0,0,0
60,0,206,0,294,0,0,0,3,0,214,0,0,0,110,33,175,2,0,0,17,0,158,0,6,0,0,0,27,0,4,0,0,0,8,0,129,0,0,0,0,0,0,0,0,0,0,0,0,0,4,0,6,0,0,0,0,0,0,0,2,0,13,0,0,0,0,0,0,0,0,0,0,0,11,0,0,0,0,0,21,0,0,0,110,0,0,0,0,0,0,0,0,0,0,0,86,0,0,0,0,0,0,0,0,0,0,0,0,0,0,0,0,0,0,0,0,0,0,0,0,0,0,0,0,0,0,0,0,0,0,0,0,0,0,0,0,0,15,0,25,0,0,0,17,0,0,0,0,0,0,0,0,0,0,0,2,0,0,0,0,0,0,0,4,0,48,0,0,0,0,0,20,0,0,0,111,41,48,0,0,0,36,0,0,0,1,0,0,0,0,0,0,0,0,0,0,0,0,0,9,0,0,0,0,0,0,0,0,0,0,5,0,0,17,0,0,0,0,0,0,0,0,0,0
0,222,0,420,0,117,0,31,0,0,4,84,0,0,24,62,0,132,0,0,0,50,0,252,0,22,0,0,0,50,0,3,0,0,0,80,0,152,0,0,0,0,0,22,0,0,0,0,0,0,0,24,0,1,0,0,0,0,0,0,0,4,0,7,0,0,0,0,0,0,0,0,0,0,0,0,0,0,0,0,0,0,0,0,0,0,0,0,0,0,0,0,0,0,0,0,0,0,0,0,0,0,0,0,0,0,0,0,0,0,0,0,0,0,0,0,0,0,0,0,0,0,0,0,0,0,0,0,0,0,0,0,0,0,0,0,0,0,0,0,0,22,0,0,0,34,0,0,0,0,0,0,0,0,0,9,0,49,0,0,0,0,0,0,0,0,0,42,0,0,0,0,0,6,0,0,10,55,0,5,0,0,0,4,0,5,0,0,0,0,0,0,0,0,0,0,0,0,0,0,0,0,0,0,0,0,0,0,0,0,0,0,0,0,4,0,0,0,0,25,0,0,0,0,0
0,0,0,0,268,0,0,0,0,0,52,0,370,49,84,0,5,0,123,0,85,0,0,0,0,0,125,0,21,0,17,2,8,0,0,0,286,0,0,0,5,0,16,0,20,0,3,0,7,0,56,0,0,0,0,0,0,0,0,0,0,0,0,0,0,0,0,0,0,0,8,0,0,0,11,0,0,0,0,0,0,0,6,0,29,0,10,0,0,0,0,0,0,0,0,0,32,0,0,0,0,0,0,0,0,0,0,0,0,0,0,0,0,0,0,0,0,0,0,0,0,0,0,0,0,0,0,0,0,0,0,0,0,0,0,0,0,0,0,0,0,0,0,0,8,0,0,0,0,0,0,0,0,0,0,0,0,0,0,0,0,0,5,0,36,0,40,0,56,0,0,0,28,0,0,0,19,0,61,0,0,0,0,0,0,0,10,0,0,0,0,0,0,0,0,0,0,0,0,0,0,0,0,0,0,0,0,0,0,0,53,60,102,15,25,0,0,0,0,0,0,0,0,0,0
0,0,0,7,0,197,0,0,0,0,0,87,0,302,28,35,0,0,28,193,28,114,0,9,0,0,0,109,0,127,0,59,0,80,0,0,0,187,0,11,0,0,0,38,0,10,0,0,0,0,0,54,0,0,0,0,0,0,0,0,0,0,0,4,0,0,0,0,0,0,0,0,0,0,0,0,0,0,0,0,0,93,0,0,0,200,0,0,0,0,0,0,0,0,0,0,0,0,0,39,0,0,0,0,0,0,0,0,0,0,0,0,0,0,0,0,0,0,0,0,0,0,0,0,0,0,0,0,0,0,0,0,0,0,0,106,0,0,0,56,0,65,0,318,0,72,0,0,0,0,0,0,0,0,0,0,0,7,0,0,0,0,0,4,0,36,0,86,0,71,0,4,0,34,0,0,0,0,0,0,0,0,0,0,0,0,0,66,0,0,0,0,0,0,0,0,0,0,0,0,0,17,0,0,0,0,0,0,0,0,0,0,0,0,0,0,0,0,15,32,96,0,0,0,0
0,0,25,0,105,0,0,0,0,0,87,0,44,0,45,0,0,0,22,0,66,0,34,0,0,0,181,0,9,0,34,0,129,0,286,0,0,0,90,0,0,0,58,0,94,0,0,0,6,0,111,0,24,0,0,0,0,0,0,0,7,0,23,0,0,0,0,0,0,0,62,0,0,0,66,0,0,0,11,0,0,0,0,0,188,0,0,0,0,0,34,0,0,0,0,0,78,0,308,0,17,0,0,0,0,0,0,0,0,0,0,0,0,0,0,0,0,0,0,0,87,0,0,0,0,0,0,0,0,0,0,0,0,0,0,0,0,0,0,0,114,0,0,0,159,0,0,0,0,0,0,0,0,0,3,0,14,0,0,0,0,0,29,0,26,0,32,0,67,0,26,0,55,0,0,0,27,13,27,0,0,0,7,0,0,0,0,0,0,0,0,0,0,0,0,0,0,0,0,0,0,0,0,0,0,0,0,0,0,0,42,21,58,8,15,0,0,0,0,0,0,0,0,0,0
0,116,0,94,0,87,0,0,0,0,0,12,0,36,4,30,0,24,0,36,0,92,0,49,0,0,0,28,0,21,0,14,0,152,0,187,0,0,0,52,0,0,0,118,0,32,0,0,0,0,0,114,0,3,0,0,0,0,0,0,0,39,0,7,0,3,0,0,0,0,0,4,0,0,0,0,0,0,0,4,0,0,0,0,0,116,0,0,0,0,0,0,0,0,0,0,0,0,0,15,0,0,0,0,0,0,0,0,0,0,0,0,0,0,0,0,0,0,0,0,0,51,0,0,0,0,0,0,0,0,0,0,0,0,0,0,0,0,0,82,0,122,0,222,0,167,0,0,0,0,0,0,0,0,0,10,0,67,0,0,0,0,0,0,0,11,0,59,0,55,0,0,0,34,0,0,0,0,0,0,0,0,0,8,0,4,0,18,0,0,0,0,0,0,0,0,0,1,0,0,0,0,0,0,0,0,0,0,0,0,0,0,0,0,0,0,0,0,15,231,63,0,0,4,0
325,0,454,0,37,0,0,0,0,0,17,0,0,0,2,0,216,0,0,0,3,0,168,0,35,0,1,0,11,0,8,0,0,0,0,0,90,0,0,0,0,0,0,0,1,0,0,0,0,0,3,0,34,0,0,0,0,0,0,0,12,0,38,0,0,0,0,0,0,0,10,0,0,0,10,0,0,0,0,0,0,0,0,0,67,0,0,0,0,0,0,0,0,0,0,0,0,0,0,0,0,0,0,0,0,0,0,0,0,0,0,0,0,0,0,0,0,0,0,0,28,0,0,0,0,0,0,0,0,0,0,0,0,0,0,0,0,0,62,0,70,0,46,0,67,0,0,0,0,0,0,0,0,0,0,0,16,0,0,0,0,0,0,0,1,0,25,0,0,0,0,0,41,0,0,0,47,0,3,0,0,0,61,0,0,0,0,0,0,0,0,0,0,0,0,0,0,0,0,0,0,0,0,0,0,0,0,0,0,0,0,78,1,0,0,0,0,0,0,0,0,0,0,0,0
0,239,0,181,0,0,0,275,0,0,0,3,0,0,0,9,0,214,0,0,0,0,0,42,0,81,0,2,0,66,0,0,0,0,0,11,0,52,0,0,0,0,0,3,0,0,0,0,0,0,0,12,0,1,0,10,0,0,0,0,0,20,0,15,0,0,0,0,0,0,0,0,0,0,0,0,0,0,0,0,0,0,0,0,0,0,0,0,0,0,0,0,0,0,0,0,0,0,0,0,0,0,0,0,0,0,0,0,0,0,0,0,0,0,0,0,0,0,0,0,0,0,0,0,0,0,0,0,0,0,0,0,0,0,0,0,0,0,0,15,0,10,0,0,0,12,0,0,0,0,0,0,0,0,0,7,0,20,0,0,0,0,0,0,0,0,0,0,0,0,0,0,0,20,0,0,0,32,0,2,0,0,0,8,0,0,0,0,0,0,0,0,0,0,0,0,0,0,0,0,0,0,0,0,0,0,0,0,0,0,0,0,0,0,0,0,0,0,0,191,7,0,0,0,0
24,0,16,0,84,0,0,0,4,0,24,0,282,78,15,0,0,0,19,0,0,0,0,0,0,0,90,325,0,0,0,0,0,0,5,0,0,0,0,0,0,93,60,18,107,141,195,436,133,21,66,0,0,0,0,0,0,0,0,0,0,0,0,0,0,0,0,0,0,0,0,0,0,0,0,0,0,0,0,0,0,0,0,0,0,0,0,0,0,0,0,0,0,0,0,0,0,0,0,0,0,0,0,0,0,0,0,0,0,0,0,0,0,0,0,0,0,0,0,0,0,0,0,0,0,0,0,0,0,0,0,0,0,0,0,0,0,0,0,0,0,0,0,0,0,0,0,0,0,0,25,0,21,0,0,0,0,0,0,0,0,0,0,0,47,0,2,0,18,0,0,0,0,0,47,0,63,38,48,0,81,0,45,0,35,0,178,0,0,0,0,0,0,0,0,0,0,0,0,0,0,0,0,0,0,0,0,0,0,0,0,50,0,0,0,0,0,29,0,0,0,0,0,0,0
0,19,0,0,0,26,0,1,0,0,0,96,0,198,0,0,0,0,0,0,0,0,0,0,0,0,119,14,0,0,0,2,0,0,0,0,0,0,0,0,93,0,0,22,0,107,57,220,0,191,9,0,0,0,0,0,0,0,0,0,0,0,0,0,0,0,0,0,0,3,0,0,0,0,0,0,0,0,0,0,0,0,0,0,0,6,0,0,0,0,0,1,0,5,0,0,0,1,0,0,0,0,0,0,0,0,0,0,0,0,0,0,0,0,0,0,0,0,0,0,0,0,0,0,0,0,0,0,0,0,0,0,0,0,0,0,0,0,0,0,0,0,0,0,0,0,0,0,0,5,0,0,0,0,0,0,0,0,0,0,0,0,0,0,0,82,0,0,0,0,0,0,0,0,0,0,0,128,1,26,0,28,0,0,0,10,32,6,0,0,0,0,0,0,0,8,0,0,0,0,0,0,0,0,0,0,0,0,0,0,0,0,0,0,0,0,0,0,0,16,20,0,0,0,0
0,0,0,0,0,0,0,0,0,0,0,0,78,0,0,0,0,0,12,0,19,0,3,0,0,0,237,68,0,0,16,0,0,0,16,0,58,0,0,0,60,0,0,0,176,0,34,74,35,0,67,0,0,0,0,0,0,0,0,0,0,0,0,0,0,0,0,0,0,0,0,0,0,0,0,0,0,0,0,0,0,0,0,0,0,0,0,0,0,0,0,0,0,0,0,0,0,0,0,0,0,0,0,0,0,0,0,0,0,0,0,0,0,0,0,0,0,0,0,0,0,0,0,0,0,0,0,0,0,0,0,0,0,0,0,0,0,0,0,0,0,0,0,0,0,0,0,0,0,0,0,0,0,0,0,0,0,0,0,0,0,0,0,0,48,0,8,0,0,0,0,0,6,0,0,0,0,3,9,0,0,0,0,0,0,0,57,0,0,0,0,0,0,0,0,0,0,0,0,0,0,0,0,0,0,0,0,0,0,0,12,50,62,1,3,0,0,13,0,0,0,0,0,0,0
0,0,0,0,0,0,0,0,0,0,0,0,28,142,0,0,0,0,0,29,0,16,0,0,0,0,0,333,0,25,0,37,0,22,0,38,0,118,0,3,18,22,0,0,8,134,0,92,0,20,15,82,0,0,0,0,0,0,0,0,0,0,0,0,0,0,0,0,0,0,0,13,0,0,0,12,0,0,0,0,0,0,0,0,0,130,0,0,0,0,0,0,0,0,0,0,0,0,0,0,0,0,0,0,0,0,0,0,0,0,0,0,0,0,0,0,0,0,0,0,0,100,0,0,0,0,0,0,0,0,0,0,0,0,0,0,0,0,0,0,0,0,0,123,0,72,0,0,0,0,0,0,0,0,0,0,0,0,0,0,0,0,0,9,0,93,0,23,0,0,0,0,0,28,0,0,0,0,0,0,0,0,0,0,0,0,0,90,0,0,0,0,0,0,0,0,0,0,0,0,0,0,0,0,0,0,0,0,0,0,0,0,0,0,18,0,0,0,19,83,149,11,0,0,0
0,0,0,0,37,0,0,0,0,0,31,0,108,0,25,0,0,0,0,0,13,0,66,0,0,0,227,106,0,0,9,0,0,0,20,0,94,0,1,0,107,0,176,8,0,67,209,221,172,19,54,0,0,0,0,0,0,0,0,0,0,0,0,0,0,0,0,0,7,0,47,0,0,0,40,0,0,0,0,0,51,0,0,0,0,0,0,0,0,0,0,0,0,0,0,0,147,0,307,0,0,0,0,0,0,0,0,0,0,0,0,0,0,0,0,0,1,0,0,0,66,0,18,0,0,0,0,0,0,0,0,0,0,0,0,0,0,0,0,0,15,0,0,0,16,0,0,0,0,0,0,0,0,0,0,0,0,0,0,0,3,0,19,0,192,2,67,0,69,0,9,0,49,0,0,0,37,29,35,0,0,0,29,0,0,0,79,0,0,0,0,0,0,0,0,0,0,0,0,0,0,0,0,0,0,0,0,0,0,0,95,64,97,33,51,0,4,65,0,0,0,0,0,0,0
0,50,0,0,0,48,0,0,0,19,0,84,0,65,0,34,0,5,0,95,0,105,0,47,0,0,30,322,0,0,0,13,0,0,0,10,0,32,0,0,141,107,0,134,67,0,117,283,6,240,0,74,0,0,0,0,0,0,0,0,0,0,0,0,0,0,0,0,0,0,0,13,0,3,0,9,0,16,0,0,0,183,0,65,0,368,0,0,0,0,0,0,0,21,0,37,0,77,0,74,0,50,0,19,0,23,0,0,0,0,0,0,0,0,0,0,0,0,0,0,0,81,0,0,0,0,0,0,0,0,0,0,0,0,0,237,0,0,0,48,0,40,0,245,0,42,0,0,0,0,0,0,0,0,0,0,0,0,0,0,0,0,0,14,0,159,0,15,0,63,0,9,0,33,0,0,0,51,0,3,0,0,0,0,0,0,31,79,0,0,0,0,0,0,0,19,0,16,0,0,0,0,0,0,0,0,0,0,0,0,0,0,0,0,21,0,0,0,36,108,135,20,0,0,79
9,0,0,0,40,0,0,0,3,0,0,0,205,0,16,0,0,0,31,7,0,0,11,0,0,0,47,182,0,0,0,0,0,0,3,0,0,0,0,0,195,57,34,0,209,117,0,311,112,32,16,0,0,0,0,0,0,0,0,0,0,0,0,0,0,0,0,0,0,0,0,0,0,0,0,0,0,0,0,0,0,0,0,0,0,0,0,0,0,0,0,0,0,0,0,0,0,0,0,0,0,0,0,0,0,0,0,0,0,0,0,0,0,0,0,0,0,0,0,0,0,0,0,0,0,0,0,0,0,0,0,0,0,0,0,0,0,0,0,0,0,0,0,0,0,0,0,0,0,0,8,0,0,0,1,0,0,0,0,0,0,0,0,0,58,0,0,0,0,0,0,0,0,0,0,0,22,30,21,0,19,0,0,0,0,0,67,0,0,0,0,0,0,0,0,0,0,0,0,0,0,0,0,0,0,0,0,0,0,0,0,45,24,0,3,0,0,48,0,1,0,0,0,0,0
0,81,0,7,0,128,0,0,0,0,0,183,0,274,0,0,0,0,41,85,0,3,0,5,0,0,517,99,0,0,0,0,0,0,0,0,0,0,0,0,436,220,74,92,221,283,311,0,27,131,51,47,0,0,0,0,0,0,0,0,0,0,0,0,0,0,0,0,0,0,0,0,0,0,0,0,0,0,0,0,0,0,0,0,0,0,0,0,0,0,0,0,0,0,0,0,0,0,0,0,0,0,0,0,0,0,0,0,0,0,0,0,0,0,0,0,0,0,0,0,0,0,0,0,0,0,0,0,0,0,0,0,0,0,0,0,0,0,0,0,0,0,0,0,0,0,0,0,0,0,0,0,0,0,0,0,0,0,0,0,0,0,0,0,0,37,0,0,0,0,0,0,0,0,0,0,0,213,3,3,0,0,0,7,0,0,114,20,0,0,0,0,0,0,0,0,0,0,0,0,0,0,0,0,0,0,0,0,0,6,0,0,0,0,0,0,0,0,0,126,0,0,0,0,23
26,0,33,0,22,0,60,0,30,0,0,0,49,0,0,0,3,0,0,0,19,0,14,0,27,0,92,0,0,0,3,0,0,0,7,0,6,0,0,0,133,0,35,0,172,6,112,27,0,9,29,0,9,0,25,0,27,0,25,0,0,0,0,0,5,0,0,0,15,0,2,0,1,2,0,0,9,0,7,0,0,0,16,0,0,0,20,0,7,0,0,0,11,0,14,0,0,0,0,0,13,0,57,0,26,0,16,0,1,0,0,0,0,0,0,0,0,0,0,0,0,0,0,0,0,0,7,0,0,0,0,0,0,0,23,0,0,0,7,2,2,0,0,0,0,0,4,0,0,0,10,0,0,0,5,0,0,0,0,0,14,0,14,0,28,0,56,0,31,0,26,0,25,0,0,0,82,9,14,0,21,1,0,0,4,0,187,0,66,0,7,0,37,0,7,0,0,0,43,0,0,0,76,0,0,0,10,1,12,0,130,244,350,22,83,38,6,2,0,0,0,0,0,0,0
0,16,0,5,0,4,0,22,0,13,0,26,0,110,0,3,0,0,0,4,0,2,0,5,0,0,2,49,0,0,0,0,0,0,0,0,0,0,0,0,21,191,0,20,19,240,32,131,9,0,0,10,0,0,0,0,0,4,0,0,0,0,0,0,0,0,0,0,0,6,0,0,0,0,0,0,0,4,0,0,0,49,0,26,0,116,0,0,0,9,0,6,0,14,0,10,0,0,0,29,0,27,0,18,0,15,0,10,0,0,0,0,0,0,0,0,0,0,0,0,0,32,0,0,0,0,0,0,0,0,0,0,0,0,0,47,0,0,0,0,0,0,0,0,0,7,0,0,0,3,0,7,0,0,0,0,0,0,0,0,0,2,0,8,0,42,0,13,0,8,0,0,0,8,0,0,0,107,0,11,0,4,0,3,0,0,43,76,0,7,0,0,0,0,0,6,0,0,0,0,0,0,0,9,0,0,0,0,0,0,0,0,0,0,4,0,0,0,17,23,25,0,7,2,0
0,0,0,0,0,0,0,0,0,0,0,0,356,0,13,0,0,0,91,53,65,0,0,0,0,0,288,193,15,0,48,0,4,0,56,0,111,0,3,0,66,9,67,15,54,0,16,51,29,0,0,0,0,0,0,0,0,0,0,0,0,0,0,0,0,0,0,0,7,0,16,0,0,0,0,0,0,0,0,0,0,0,0,0,0,0,0,0,0,0,0,0,0,0,0,0,0,0,0,0,12,0,0,0,0,0,0,0,0,0,0,0,0,0,0,0,0,0,0,0,0,0,0,0,0,0,0,0,0,0,0,0,0,0,0,0,0,0,0,0,0,0,0,0,16,0,0,0,0,0,0,0,0,0,0,0,0,0,0,0,0,0,11,0,183,0,21,0,72,0,20,0,43,0,0,0,0,0,24,0,0,0,0,0,0,0,81,0,0,0,0,0,0,0,0,0,0,0,0,0,0,0,0,0,0,0,0,0,0,0,64,71,163,32,54,0,1,13,1,0,0,0,0,0,0
0,0,0,0,0,81,0,0,0,0,0,0,0,356,0,0,0,0,0,174,0,82,0,0,0,0,0,430,0,53,0,54,0,24,0,54,0,114,0,12,0,0,0,82,0,74,0,47,0,10,0,0,0,0,0,0,0,0,0,1,0,0,0,3,0,0,0,0,0,7,0,21,0,0,0,0,0,6,0,0,0,123,0,0,0,120,0,22,0,0,0,0,0,7,0,0,0,0,0,21,0,0,0,12,0,0,0,0,0,0,0,0,0,0,0,0,0,0,0,0,0,84,0,0,0,0,0,0,0,0,0,0,0,0,0,0,0,0,0,0,0,0,0,114,0,109,0,0,0,0,0,0,0,0,0,0,0,13,0,0,0,0,0,21,0,84,0,46,0,105,0,16,0,65,0,0,0,0,0,0,0,0,0,0,0,0,0,97,0,0,0,0,0,0,0,0,0,0,0,0,0,0,0,0,0,0,0,0,0,0,0,0,0,0,21,0,0,0,36,49,97,9,0,0,1
8,0,37,0,0,0,247,0,193,3,0,0,0,0,0,0,123,0,0,0,0,0,8,0,157,0,0,0,8,0,16,0,6,0,0,0,24,0,34,0,0,0,0,0,0,0,0,0,9,0,0,0,0,2,223,0,18,0,27,0,19,0,115,0,0,0,13,5,0,0,1,0,0,0,0,0,0,0,0,0,0,0,0,0,35,0,0,0,1,0,30,0,0,0,0,0,73,0,0,0,0,0,0,0,3,0,0,0,0,0,0,0,0,0,0,0,0,0,0,0,0,0,0,0,0,0,0,0,151,0,11,0,17,0,16,0,119,0,288,0,60,0,142,0,46,0,0,0,0,0,0,0,0,0,172,0,135,0,104,0,6,0,52,0,0,0,0,0,152,0,109,0,5,0,0,0,6,0,1,0,0,0,11,0,28,1,0,0,0,0,0,0,0,0,0,0,0,0,0,0,31,0,0,0,0,0,0,0,4,0,58,82,274,153,132,0,72,0,0,0,0,0,0,0,0
0,5,0,0,0,0,45,41,49,130,0,0,0,0,0,6,0,45,0,7,0,0,0,8,38,16,0,0,0,27,0,0,0,1,0,0,0,3,0,1,0,0,0,0,0,0,0,0,0,0,0,0,2,0,26,59,1,136,12,0,0,132,0,74,0,0,22,27,0,0,0,0,0,0,0,0,0,0,0,0,0,6,0,0,0,30,0,0,0,0,0,0,0,0,0,0,0,6,0,0,0,0,0,0,0,0,0,0,0,0,0,0,0,0,0,0,0,0,0,0,0,0,0,1,0,0,0,0,0,9,0,3,0,8,0,66,0,16,0,151,0,26,0,52,0,42,0,0,0,0,0,0,0,0,0,136,0,179,0,68,0,4,0,0,0,0,0,0,0,8,0,16,0,0,1,0,10,37,0,0,0,0,0,14,0,24,0,0,0,0,0,0,0,0,0,0,0,0,0,0,0,0,0,0,0,0,0,0,0,0,0,0,0,0,16,0,0,0,20,13,18,13,3,0,0
0,0,20,0,0,0,99,0,45,63,0,0,0,0,36,0,20,0,0,0,0,0,103,0,76,2,0,0,3,0,0,0,0,0,0,0,0,0,0,0,0,0,0,0,0,0,0,0,25,0,0,0,223,26,0,64,42,0,35,44,5,0,24,5,2,3,60,133,0,0,0,0,0,0,0,0,0,0,0,0,0,0,0,0,9,0,0,0,0,0,0,0,0,0,0,0,15,0,0,0,0,0,0,0,0,0,11,0,0,0,0,0,0,0,0,0,0,0,0,0,0,0,1,0,0,0,0,0,37,0,61,0,35,0,61,0,56,0,4,0,0,0,102,0,4,0,0,0,11,3,0,0,0,0,81,0,96,0,13,0,51,0,16,0,0,0,0,0,98,0,115,0,0,0,2,0,21,0,0,0,0,0,7,0,31,14,0,0,0,0,0,0,0,0,0,0,0,0,0,0,35,0,0,0,0,0,0,0,60,0,234,65,433,393,455,68,157,4,2,0,0,1,0,0,0
0,18,0,64,0,17,136,267,158,281,0,7,0,0,0,100,0,44,0,0,0,0,0,36,104,53,0,0,0,19,0,0,0,0,0,0,0,0,0,10,0,0,0,0,0,0,0,0,0,0,0,0,0,59,64,0,2,123,18,56,0,74,0,112,0,0,12,33,0,0,0,0,0,0,0,0,0,0,0,0,0,0,0,0,0,0,0,0,0,0,0,0,0,0,0,0,0,0,0,0,0,0,0,0,0,0,0,0,0,0,0,0,0,0,0,0,0,0,0,0,0,0,0,0,0,83,2,18,0,54,0,74,3,108,0,124,0,52,0,21,0,7,0,0,0,5,0,3,0,0,0,0,0,0,0,30,0,18,0,0,0,43,0,0,0,34,0,8,0,84,2,284,0,54,0,0,41,50,0,0,0,0,0,5,2,23,0,0,0,0,0,0,0,0,0,0,0,0,0,0,0,0,0,3,0,0,0,0,1,53,0,0,0,0,201,0,0,0,93,34,426,361,40,112,3
0,0,12,0,0,0,55,0,40,0,0,0,0,0,0,0,6,0,0,0,0,0,0,0,8,0,0,0,0,0,0,0,0,0,0,0,0,0,0,0,0,0,0,0,0,0,0,0,27,0,0,0,18,1,42,2,0,1,161,23,0,0,0,0,67,0,138,35,0,0,0,0,2,0,0,0,6,0,0,0,0,0,0,0,0,0,0,0,0,0,0,0,0,0,0,0,0,0,0,0,0,0,0,0,0,0,0,0,0,0,0,0,0,0,0,0,0,0,0,0,0,0,0,0,29,0,52,0,38,0,93,0,33,0,19,0,0,0,19,0,0,0,0,0,17,0,3,0,1,0,0,0,0,2,230,18,41,0,125,0,50,0,126,0,0,0,0,0,299,0,35,0,0,0,0,0,0,0,0,0,0,20,0,0,22,3,0,0,1,0,0,0,0,0,0,0,0,0,0,0,0,0,0,0,0,0,0,0,16,0,375,85,570,728,1028,226,166,0,0,5,0,0,0,0,0
0,3,0,0,0,0,10,12,18,43,0,0,0,0,0,30,0,39,0,0,0,0,0,28,0,32,0,0,0,20,0,0,0,0,0,0,0,0,0,0,0,0,0,0,0,0,0,0,0,4,0,0,0,136,0,123,1,0,16,123,0,6,0,29,0,11,22,32,0,11,0,0,0,0,0,0,0,7,0,0,0,0,0,0,0,0,0,0,0,0,0,0,0,0,0,0,0,0,0,0,0,0,0,0,0,0,0,0,0,0,0,0,0,0,0,0,0,0,0,0,0,0,0,0,0,0,0,1,0,23,0,19,0,84,0,0,0,47,0,34,0,5,0,0,0,3,0,1,0,5,0,3,0,0,0,203,0,46,0,54,0,22,0,213,0,14,0,0,0,160,0,404,0,0,0,0,0,0,0,0,0,0,0,0,0,17,0,0,0,0,0,0,0,0,0,0,0,0,0,0,0,0,0,1,0,0,0,0,0,0,0,0,0,0,526,0,0,0,130,26,868,632,187,177,5
0,0,0,0,0,0,33,0,20,0,0,0,0,0,0,0,0,0,0,0,0,0,0,0,0,0,0,0,0,0,0,0,0,0,0,0,0,0,0,0,0,0,0,0,0,0,0,0,25,0,0,0,27,12,35,18,161,16,0,87,0,0,0,0,107,25,185,123,0,0,0,0,0,0,0,0,0,0,0,0,0,0,0,0,0,0,0,0,0,0,0,0,0,0,0,0,0,0,0,0,0,0,0,0,0,0,0,0,0,0,0,0,0,0,0,0,0,0,0,0,0,0,0,0,0,0,0,0,0,0,30,0,0,0,0,0,0,0,5,0,0,0,0,0,16,0,0,0,14,1,0,0,0,0,192,24,77,0,12,0,17,0,0,0,0,0,0,0,54,0,0,0,0,0,16,9,58,0,0,0,0,2,0,0,125,31,0,0,0,0,0,0,0,0,0,0,0,0,0,0,0,0,0,0,0,0,0,0,0,0,485,90,177,525,965,0,74,0,10,5,2,2,0,0,0
0,6,0,8,0,0,0,0,0,15,0,0,0,0,0,0,0,0,0,0,0,1,0,0,3,1,0,0,0,0,0,0,0,0,0,0,0,0,0,0,0,0,0,0,0,0,0,0,0,0,0,1,0,0,44,56,23,123,87,0,0,0,0,2,14,80,120,117,0,3,0,0,0,0,0,0,0,0,0,0,0,0,0,0,0,0,0,0,0,0,0,0,0,1,0,0,0,0,0,0,0,0,0,0,0,0,0,0,0,0,0,0,0,0,0,0,0,0,0,0,0,0,0,0,0,0,0,0,0,2,0,27,0,5,0,0,0,0,0,2,0,0,0,0,8,31,0,0,0,11,0,0,0,0,0,97,0,170,0,19,9,24,0,69,0,12,0,0,0,69,0,0,0,0,0,29,9,0,0,0,0,0,0,1,14,159,0,0,0,0,0,0,0,0,0,0,0,0,0,0,0,0,0,0,0,0,0,0,0,0,0,0,3,0,1461,0,0,0,689,271,553,867,338,190,2
177,0,127,0,0,0,273,0,228,0,0,0,0,0,0,0,91,0,0,0,0,0,28,0,176,0,0,0,24,0,0,0,2,0,0,0,7,0,12,0,0,0,0,0,0,0,0,0,0,0,0,0,19,0,5,0,0,0,0,0,0,0,41,0,0,0,0,0,0,0,2,0,0,0,2,0,0,0,0,0,0,0,0,0,0,0,0,0,1,0,0,0,1,0,0,0,0,0,0,0,0,0,0,0,0,0,0,0,0,0,0,0,0,0,0,0,0,0,0,0,0,0,0,0,0,0,0,0,0,0,0,0,0,0,0,0,4,0,85,0,42,0,21,0,99,0,0,0,0,0,0,0,0,0,37,0,49,0,10,0,0,0,3,0,0,0,0,0,13,0,96,0,42,0,0,0,41,0,0,0,0,0,17,0,0,0,0,0,0,0,0,0,0,0,0,0,0,0,0,0,0,0,0,0,0,0,0,0,0,0,19,201,40,28,40,0,9,0,0,0,0,0,0,0,0
0,61,0,0,0,0,0,142,0,366,0,0,0,0,0,0,0,20,0,0,0,0,0,0,0,30,0,0,0,10,0,0,0,4,0,0,0,39,0,20,0,0,0,0,0,0,0,0,0,0,0,0,0,132,0,74,0,6,0,0,0,0,0,67,0,0,0,12,0,2,0,0,0,0,0,0,0,0,0,0,0,0,0,0,0,3,0,0,0,0,0,0,0,0,0,0,0,0,0,0,0,0,0,0,0,0,0,0,0,0,0,0,0,0,0,0,0,0,0,0,0,0,0,1,0,0,0,0,0,0,0,0,0,0,0,0,0,0,0,10,0,0,0,0,0,55,0,0,0,0,0,0,0,0,0,18,0,250,0,16,0,0,0,4,0,9,0,0,0,14,0,29,0,68,0,0,0,34,0,0,0,0,0,19,0,0,0,0,0,0,0,0,0,0,0,0,0,0,0,0,0,0,0,0,0,0,0,0,0,0,0,0,0,0,19,0,0,0,90,337,61,69,0,22,1
106,0,128,0,0,0,226,5,141,20,0,0,0,0,8,0,263,0,0,0,67,0,21,0,248,6,63,0,16,0,28,0,13,0,0,0,23,0,38,0,0,0,0,0,0,0,0,0,0,0,0,0,115,0,24,0,0,0,0,0,41,0,0,0,0,0,0,7,0,0,0,0,0,0,0,0,0,0,0,0,0,0,0,0,265,0,15,0,0,0,0,0,0,0,0,0,127,0,0,0,0,0,0,0,0,0,0,0,0,0,0,0,0,0,0,0,0,0,0,0,0,0,51,0,0,0,0,0,54,0,0,0,0,0,0,0,40,0,211,0,157,0,194,0,44,0,0,0,0,0,0,0,0,0,40,0,38,0,52,0,0,0,2,0,0,0,0,0,20,0,81,0,10,0,0,0,31,0,0,0,0,0,15,0,11,0,0,0,0,0,0,0,0,0,0,0,0,0,0,0,0,0,0,0,0,0,0,0,2,0,49,40,32,32,39,0,0,0,0,0,0,0,0,0,0
0,33,0,0,0,0,24,272,0,382,0,0,0,0,0,2,0,170,0,0,0,32,0,10,49,158,0,0,0,11,0,0,0,7,0,4,0,7,0,15,0,0,0,0,0,0,0,0,0,0,0,3,0,74,5,112,0,29,0,2,0,67,0,0,0,0,0,2,0,0,0,0,0,0,0,1,0,0,0,0,0,0,0,0,0,0,0,0,0,0,0,0,0,0,0,0,0,0,0,0,0,0,0,0,0,0,0,0,0,0,0,0,0,0,0,0,0,0,0,0,0,0,0,0,0,0,0,0,0,0,0,0,0,4,0,18,0,0,0,67,0,23,0,13,0,69,0,0,0,0,0,0,0,0,0,51,0,51,0,27,0,0,0,0,0,0,0,0,0,0,0,12,0,3,0,0,8,32,0,0,0,0,0,18,0,0,0,0,0,0,0,0,0,0,0,0,0,0,0,0,0,0,0,0,0,0,0,0,0,0,0,0,0,0,14,0,0,0,36,30,18,21,0,7,0
0,0,141,0,8,0,138,0,118,0,0,0,0,0,33,0,0,0,0,0,0,0,18,0,0,0,0,0,0,0,0,0,0,0,0,0,0,0,0,0,0,0,0,0,0,0,0,0,5,0,0,0,0,0,2,0,67,0,107,14,0,0,0,0,0,0,204,0,0,0,36,0,4,0,0,0,0,0,0,0,0,0,0,0,0,0,0,0,0,0,0,0,0,0,0,0,0,0,29,0,2,0,0,0,0,0,0,0,0,0,0,0,0,0,0,0,0,0,0,0,29,0,0,0,9,0,12,0,0,0,37,0,0,0,4,0,0,0,0,0,0,0,0,0,86,0,26,0,22,0,0,0,5,0,0,35,0,0,16,0,176,51,13,0,0,0,0,0,0,6,0,0,0,0,136,5,8,0,0,0,63,51,2,0,294,0,0,0,0,0,0,0,0,0,0,0,0,0,0,0,0,0,0,0,0,0,0,0,9,0,169,0,0,0,128,0,0,0,16,0,0,0,0,0,0
0,16,0,0,0,8,0,0,0,176,0,3,0,4,1,10,0,0,0,25,0,0,0,0,0,0,0,14,0,0,0,2,0,0,0,0,0,3,0,0,0,0,0,0,0,0,0,0,0,0,0,0,0,0,3,0,0,11,25,80,0,0,0,0,0,0,22,221,0,0,3,14,0,0,0,0,0,0,0,0,0,0,0,0,0,0,0,0,0,0,0,0,0,0,0,0,0,0,0,0,0,0,0,0,0,0,0,0,0,0,0,0,0,0,0,0,0,0,0,0,0,0,0,0,0,63,0,40,4,0,0,20,0,0,0,6,0,0,37,0,0,0,0,0,0,59,0,35,0,113,0,59,0,37,0,7,0,7,44,16,46,155,0,0,0,0,0,0,0,0,0,0,0,0,2,58,2,0,0,0,16,237,0,3,0,80,0,0,0,0,0,0,0,0,0,0,0,3,0,0,0,2,0,0,0,0,0,17,0,44,0,0,6,0,115,0,0,0,135,0,0,0,0,0,0
0,0,34,0,2,0,72,0,64,3,0,0,0,0,0,0,0,0,0,0,0,0,0,0,0,1,0,0,0,0,0,0,0,0,0,0,0,0,0,0,0,0,0,0,0,0,0,0,0,0,0,0,13,22,60,12,138,22,185,120,0,0,0,0,204,22,0,91,0,0,0,0,0,0,0,0,0,0,0,0,0,0,0,0,0,0,0,0,0,0,0,0,0,0,0,0,0,0,0,0,0,0,0,0,0,0,0,0,0,0,0,0,0,0,0,0,0,0,0,0,0,0,0,0,12,0,7,0,0,0,8,0,0,0,2,0,0,0,0,0,0,0,0,0,27,9,0,0,86,0,2,0,0,0,90,39,35,3,0,0,32,11,0,0,0,0,0,0,0,0,0,0,0,0,57,0,155,0,0,0,0,23,0,0,795,29,0,0,0,0,0,0,0,0,0,0,0,0,0,0,0,0,0,0,0,0,0,0,3,0,250,50,0,0,299,0,0,0,0,0,5,0,0,0,0
0,6,0,0,0,1,87,5,80,44,0,0,0,0,0,1,0,0,0,0,0,0,0,0,19,0,0,0,0,0,0,0,0,0,0,0,0,0,0,0,0,0,0,0,0,0,0,0,0,0,0,0,5,27,133,33,35,32,123,117,0,12,7,2,0,221,91,0,0,0,0,0,0,0,0,0,0,0,0,0,0,0,0,0,0,0,0,0,0,0,0,0,0,0,0,0,0,0,0,0,0,0,0,0,0,0,0,0,0,0,0,0,0,0,0,0,0,0,0,0,0,0,0,0,0,7,0,4,0,0,0,92,0,0,0,2,0,0,0,0,0,0,0,0,0,52,0,3,0,38,0,7,0,0,11,48,0,63,11,25,0,28,2,0,0,2,0,0,0,0,0,0,0,0,10,111,47,7,0,0,0,0,0,0,34,892,0,0,0,0,0,0,0,0,0,0,0,0,0,0,0,0,0,0,0,0,0,0,0,7,0,0,0,0,593,1,0,0,410,181,145,401,127,42,0
0,0,0,0,0,0,0,0,0,0,0,0,0,0,4,0,0,0,0,0,0,0,0,0,0,0,0,0,0,0,0,0,0,0,0,0,0,0,0,0,0,0,0,0,7,0,0,0,15,0,7,0,0,0,0,0,0,0,0,0,0,0,0,0,0,0,0,0,0,0,0,0,7,0,0,0,39,0,8,0,0,0,43,0,0,0,0,0,6,0,0,0,18,0,0,0,0,0,0,0,1,0,78,0,0,0,0,0,12,0,7,0,0,0,3,0,3,0,1,0,0,0,0,0,0,0,0,0,0,0,0,0,0,0,0,0,0,0,0,0,0,0,0,0,0,0,0,0,0,0,0,0,0,0,0,0,0,0,0,0,0,0,0,0,53,0,0,0,101,0,4,0,1,0,0,0,0,0,0,0,0,0,0,0,0,0,0,0,0,0,0,0,0,0,0,0,0,0,0,0,0,0,0,0,0,0,0,0,0,0,38,13,44,0,0,28,54,0,0,0,0,0,0,0,0
0,0,0,0,0,0,0,0,0,0,0,0,0,0,0,0,0,0,0,0,0,0,0,0,0,0,0,0,0,0,0,0,0,0,0,0,0,0,0,0,0,3,0,0,0,0,0,0,0,6,0,7,0,0,0,0,0,11,0,3,0,2,0,0,0,0,0,0,0,0,0,0,0,0,0,0,0,38,0,0,0,0,0,4,0,0,0,0,0,18,0,0,0,24,0,12,0,0,0,0,0,0,0,272,0,0,1,0,0,21,0,0,0,0,0,4,0,6,0,2,0,0,0,0,0,0,0,0,0,0,0,0,0,0,1,0,0,0,0,0,0,0,0,0,0,1,0,0,0,0,0,0,0,0,0,0,0,0,0,0,0,0,0,1,0,20,0,0,0,31,0,0,0,0,0,0,0,0,0,0,0,0,0,0,0,0,0,0,0,0,0,0,0,0,0,7,0,1,0,0,0,0,0,0,0,0,0,0,0,0,0,0,0,0,3,0,0,0,17,7,43,0,7,145,0
0,0,0,0,0,0,0,0,0,0,0,0,0,0,0,0,10,0,0,0,52,0,0,0,0,0,68,0,10,0,25,0,0,0,8,0,62,0,10,0,0,0,0,0,47,0,0,0,2,0,16,0,1,0,0,0,0,0,0,0,2,0,0,0,36,3,0,0,0,0,0,0,167,0,185,0,7,0,120,0,0,0,0,0,0,0,25,0,0,0,0,0,0,0,0,0,0,0,7,0,0,0,0,0,0,0,0,0,0,0,0,0,0,0,0,0,0,0,0,0,17,0,8,0,0,8,0,0,0,0,13,0,0,0,44,0,0,0,5,0,44,0,93,0,83,0,0,0,0,0,31,0,0,0,1,0,5,0,0,0,37,0,57,0,2,0,33,0,20,0,31,0,29,0,44,0,0,0,0,0,57,10,0,0,0,0,0,0,0,0,0,0,1,0,0,0,0,0,39,0,0,0,0,0,0,0,4,0,13,0,22,0,20,0,8,0,1,0,0,0,0,0,0,0,0
0,0,0,0,0,0,1,0,0,0,0,0,0,0,0,15,0,0,0,14,0,16,0,0,0,0,0,0,0,0,0,0,0,0,0,0,0,4,0,0,0,0,0,13,0,13,0,0,0,0,0,21,0,0,0,0,0,0,0,0,0,0,0,0,0,14,0,0,0,0,0,0,0,154,0,243,0,13,0,44,0,4,0,7,0,0,0,99,0,0,0,1,0,0,0,0,0,0,0,0,0,0,0,0,0,0,0,0,0,0,0,0,0,0,0,0,0,0,0,0,0,4,0,0,0,0,0,0,0,0,0,22,0,0,0,0,0,0,0,0,0,15,0,5,0,64,0,0,0,0,0,0,0,0,0,0,0,0,0,0,0,19,0,46,0,0,0,0,0,13,0,11,0,23,0,44,0,0,0,0,0,42,0,0,0,3,0,0,0,0,0,0,0,0,0,0,0,0,0,0,0,0,0,0,0,0,0,0,0,0,0,0,0,0,0,0,0,0,107,15,8,0,0,0,0
1,2,0,0,0,0,0,0,0,0,0,0,0,0,0,0,6,0,0,0,0,0,0,0,0,0,0,0,0,0,0,0,0,0,0,0,0,0,0,0,0,0,0,0,0,0,0,0,1,0,0,0,0,0,0,0,2,0,0,0,0,0,0,0,4,0,0,0,7,0,167,0,0,0,144,0,37,0,206,0,4,0,84,0,29,0,35,0,0,0,3,0,23,0,17,0,7,0,3,3,0,0,8,0,21,0,13,0,2,0,0,0,0,0,0,0,0,0,0,0,34,0,28,0,20,0,0,0,0,0,0,0,13,0,103,0,17,0,0,1,45,20,107,0,40,0,24,0,0,0,69,0,26,0,0,0,0,0,2,0,5,0,69,0,0,0,4,0,21,0,10,0,0,0,13,0,0,0,0,0,60,0,0,0,0,0,0,0,39,0,0,0,32,0,0,0,0,0,133,0,100,0,0,0,64,0,0,0,29,0,235,3,21,2,44,1,4,0,0,0,0,0,0,0,0
0,0,0,0,0,0,0,1,0,0,0,0,0,0,0,0,0,0,0,0,0,0,0,0,0,0,0,0,0,0,0,0,0,0,0,0,0,0,0,0,0,0,0,0,0,3,0,0,2,0,0,0,0,0,0,0,0,0,0,0,0,0,0,0,0,0,0,0,0,0,0,154,0,0,0,190,0,104,0,65,0,46,0,25,0,82,0,98,0,0,0,0,0,0,0,10,0,0,0,5,0,0,0,5,0,0,0,3,0,5,0,0,0,0,0,2,0,0,0,0,0,19,0,29,16,0,0,0,0,0,0,7,9,0,0,144,0,0,0,0,0,15,0,27,0,45,0,0,0,0,0,0,0,70,0,0,0,1,0,0,0,0,0,40,0,0,0,0,0,14,0,6,0,10,0,26,0,0,0,0,0,0,0,0,0,0,0,0,0,0,0,0,0,0,0,9,0,0,0,0,0,96,0,0,0,63,0,0,0,0,0,0,0,0,18,0,0,0,164,3,14,0,0,1,0
0,0,0,0,0,0,0,0,0,0,0,0,0,0,0,0,24,0,0,0,44,0,0,0,0,0,67,0,13,0,27,0,11,0,11,0,66,0,10,0,0,0,0,0,40,0,0,0,0,0,0,0,0,0,0,0,0,0,0,0,2,0,0,0,0,0,0,0,0,0,185,0,144,0,0,0,0,0,109,0,12,0,39,0,44,0,29,0,0,0,0,0,7,0,11,0,0,0,20,0,0,0,0,0,0,0,0,0,0,0,0,0,0,0,0,0,0,0,0,0,67,0,72,0,0,0,0,0,0,0,11,0,0,0,80,0,8,1,5,0,48,0,151,0,111,0,0,0,0,0,39,0,35,0,0,0,5,0,0,0,0,0,35,0,0,0,23,0,15,0,28,0,20,0,43,0,0,0,0,0,73,15,0,0,0,0,0,0,0,0,2,0,0,0,0,0,0,0,167,0,90,0,88,0,31,1,0,0,0,0,87,0,0,5,13,0,2,0,0,0,0,0,0,0,0
0,0,0,0,0,0,0,0,0,0,0,0,0,0,0,13,0,0,0,0,0,0,2,0,0,0,0,0,0,2,0,0,0,0,0,0,0,0,0,0,0,0,0,12,0,9,0,0,0,0,0,0,0,0,0,0,0,0,0,0,0,0,0,1,0,0,0,0,0,0,0,243,0,190,0,0,0,47,0,98,0,15,0,11,0,16,0,131,0,0,0,0,0,0,0,0,0,0,0,0,0,0,0,1,0,0,11,0,0,0,0,0,0,0,0,0,0,0,0,0,0,79,0,32,0,8,0,0,0,0,15,0,0,0,0,95,0,0,0,2,0,34,0,24,5,112,0,0,0,0,0,0,0,85,0,0,0,5,0,2,0,13,0,70,0,0,0,1,0,23,0,6,0,18,0,55,0,0,0,0,12,84,0,0,0,6,0,0,0,0,0,0,0,0,0,0,0,0,0,0,0,0,0,0,0,0,0,0,0,0,9,0,0,0,16,0,0,0,119,26,0,2,1,0,0
0,0,0,0,0,0,0,0,0,0,0,0,0,0,0,0,0,0,0,0,0,0,0,0,0,0,0,0,0,0,0,0,0,0,0,0,0,0,0,0,0,0,0,0,0,0,0,0,9,0,0,0,0,0,0,0,6,0,0,0,0,0,0,0,0,0,0,0,39,0,7,0,37,0,0,0,0,0,22,0,4,0,12,0,0,0,28,0,32,0,23,0,79,0,19,0,0,0,31,0,16,0,185,0,64,0,66,0,33,0,0,0,0,0,5,0,11,0,0,0,0,0,3,0,0,0,0,0,0,0,0,0,0,0,0,0,0,0,0,0,0,0,0,0,0,3,0,0,0,0,0,0,0,0,0,0,0,0,0,0,0,0,0,0,9,0,0,0,61,0,2,0,0,0,0,0,0,0,0,0,0,0,0,0,0,0,0,0,155,0,0,0,68,0,33,0,0,0,0,0,98,0,0,0,0,0,0,0,0,0,70,9,79,0,22,75,9,1,0,0,0,0,0,0,0
0,0,0,0,0,0,0,0,0,0,0,0,0,2,0,0,0,0,0,0,0,0,0,0,0,0,0,0,0,0,0,0,0,0,0,0,0,0,0,0,0,0,0,0,0,16,0,0,0,4,0,6,0,0,0,0,0,7,0,0,0,0,0,0,0,0,0,0,0,38,0,13,0,104,0,47,0,0,0,6,0,63,0,80,0,29,0,144,0,43,0,0,0,42,0,113,0,0,0,18,0,59,0,79,0,68,0,41,0,32,0,0,0,0,0,1,0,77,0,0,0,0,0,0,0,0,0,0,0,0,0,0,0,0,0,0,0,9,0,0,0,0,0,0,0,0,0,0,0,0,0,0,0,0,0,1,0,0,0,0,0,0,0,4,0,8,0,0,0,116,0,0,0,0,0,0,0,0,0,0,0,0,0,0,0,0,0,0,0,0,0,0,0,0,0,41,0,26,0,0,0,0,0,0,0,0,0,0,0,18,0,0,0,0,27,0,0,0,137,0,110,0,22,7,0
0,0,0,0,0,0,0,0,0,0,0,0,0,0,0,0,0,0,0,0,0,0,0,0,0,0,0,0,0,0,0,0,0,0,0,0,11,0,0,0,0,0,0,0,0,0,0,0,7,0,0,0,0,0,0,0,0,0,0,0,0,0,0,0,0,0,0,0,8,0,120,0,206,0,109,0,22,0,0,0,4,0,75,0,41,0,65,0,7,0,0,0,45,0,41,0,30,0,19,0,12,0,48,0,0,0,46,0,11,0,0,0,0,0,0,0,0,0,0,0,71,0,36,0,0,0,0,0,0,0,0,0,0,0,36,0,0,0,0,0,27,0,91,0,24,0,0,0,0,0,0,0,0,0,0,0,0,0,0,0,0,0,17,0,10,0,0,0,34,0,0,0,0,0,0,0,0,0,0,0,0,0,0,0,0,0,0,0,101,0,10,0,52,0,0,0,0,0,142,0,144,0,155,0,116,0,0,0,0,0,127,8,26,0,65,15,3,1,0,0,0,0,0,0,0
0,0,0,0,0,0,0,0,0,0,0,0,0,0,0,0,0,0,0,0,0,0,0,0,0,0,0,0,0,0,0,0,0,0,0,0,0,4,0,0,0,0,0,0,0,0,0,0,0,0,0,0,0,0,0,0,0,0,0,0,0,0,0,0,0,0,0,0,0,0,0,44,0,65,0,98,0,6,0,0,0,12,0,7,0,29,0,33,0,0,0,0,0,0,0,0,0,0,0,0,0,0,0,0,0,0,0,0,0,0,0,0,0,0,0,0,0,0,0,0,0,11,0,10,0,0,0,0,0,0,0,0,5,0,0,59,0,0,0,3,0,22,0,0,0,33,0,0,0,0,0,0,0,0,1,0,0,0,1,0,0,0,0,1,0,0,0,4,0,0,0,1,0,0,0,0,0,0,0,0,0,0,0,0,0,0,0,0,0,0,0,0,0,0,0,0,0,0,0,0,0,29,0,0,0,8,0,0,0,0,0,0,0,0,0,0,0,0,53,5,0,0,0,1,0
