0,234,54,264,35,0,14,207,53,33,61,0,57,1,0,61,8,111,5,0,2,0,3,115,0,241,0,0,50,0,0,0,34,0,0,0,24,0,126,0,21,0,0,0,0,0,10,0,2,0,0,0,0,0,12,0,1,0,19,0,14,0,0,19,10,0,19,0,0,0,0,0,0,0,0,0,0,0,0,0,0,0,0,0,0,0,0,0,0,0,0,0,0,0,0,0,0,0,0,0,0,0,0,0,0,0,0,0,0,0,0,0,0,0,0,0,0,0,0,0,0,1,0,0,3,0,2,0,0,0,29,0,0,0,0,0,0,0,0,0,0,0,0,0,0,0,4,0,27,0,0,0,1,0,0,0,0,0,0,0,10,0,0,0,0,0,0,0,6,0,4,0,68,0,0,0,497,40,0,1,2,0,56,19,8,0,0,0,0,0,0,0,0,0,0,0,0,0,1,0,0,0,0,0,0,0,0,0,7,0,115,160,67,0,87,0,0,0,0,5,0,1,0,1,0
234,0,226,22,86,54,77,45,0,23,0,70,0,36,29,6,100,17,0,19,19,17,255,11,120,4,0,93,0,59,1,0,0,83,0,0,0,147,0,259,0,25,0,0,0,0,1,56,0,0,0,0,0,14,5,16,0,7,0,1,0,61,4,56,0,23,0,7,0,0,0,0,0,0,0,0,0,0,0,0,0,9,0,0,0,0,0,0,0,0,0,0,0,0,0,0,0,0,0,0,0,0,0,0,0,0,0,0,0,0,0,0,0,0,0,0,0,0,0,0,0,0,0,0,0,0,0,2,0,0,0,8,0,0,0,0,0,0,0,0,0,0,0,0,0,0,0,11,0,24,0,7,0,0,0,0,0,0,0,0,0,5,0,4,0,0,0,0,0,16,0,15,0,145,0,0,129,277,0,1,0,0,0,8,0,79,0,2,0,0,0,0,0,0,0,0,0,1,0,0,0,0,0,0,0,0,0,4,0,36,0,0,5,0,219,0,0,0,387,180,183,85,0,9,0
54,226,0,140,204,47,123,88,6,0,35,0,119,0,65,39,16,47,68,0,16,0,113,66,57,86,44,0,60,0,4,0,65,0,3,0,0,0,243,0,48,0,0,0,0,0,68,0,0,0,4,0,3,6,14,0,0,0,0,0,36,0,26,16,3,0,0,0,0,0,0,0,0,0,0,0,0,0,0,0,0,0,0,0,0,0,0,0,0,0,0,0,0,0,0,1,0,0,0,0,0,0,0,0,0,0,0,0,0,0,0,0,0,0,0,0,0,0,0,0,0,0,0,0,11,0,4,0,0,0,5,0,5,0,28,0,5,0,0,0,0,0,77,0,0,0,4,0,23,0,5,0,0,0,0,0,0,0,0,0,3,0,0,0,0,0,11,0,17,0,9,0,142,0,0,0,105,19,0,0,2,0,1,29,0,0,0,0,0,0,0,0,0,0,0,0,0,0,0,0,7,0,0,0,0,0,7,0,49,0,212,167,157,0,185,0,0,0,0,4,0,0,0,0,0
264,22,140,0,107,174,0,16,0,9,0,12,0,31,23,179,68,34,0,180,15,44,175,98,0,29,0,88,0,175,0,26,0,229,0,3,0,148,6,501,0,0,0,0,0,0,0,24,0,3,0,0,1,0,0,59,0,8,0,0,0,50,3,69,0,0,0,0,0,0,0,0,0,0,0,0,0,0,0,1,0,0,0,0,0,15,0,0,0,0,0,0,0,0,0,0,0,4,0,22,0,16,0,0,0,0,0,7,0,0,0,0,0,0,0,0,0,0,0,0,0,0,0,0,0,7,0,0,0,0,0,11,0,8,0,134,0,51,0,0,0,0,0,0,0,0,0,0,0,15,0,0,0,0,0,0,0,0,0,1,0,2,0,4,0,4,0,8,1,13,0,8,0,157,0,0,56,73,0,0,0,0,19,0,0,0,0,0,0,0,0,0,0,0,0,0,0,1,0,0,0,0,0,0,0,0,0,0,0,71,0,0,0,0,249,0,0,0,350,211,351,84,0,0,0
35,86,204,107,0,327,20,0,8,0,75,216,319,0,111,338,9,14,132,114,69,64,140,151,20,6,81,0,53,8,38,17,200,0,80,5,198,0,121,0,163,0,0,0,0,0,114,0,16,0,34,0,0,0,0,0,0,0,0,0,0,0,0,0,5,0,0,0,0,0,0,0,0,0,0,0,0,0,0,0,0,0,0,0,0,0,0,0,0,0,0,0,0,0,0,0,0,0,0,0,0,0,0,0,0,0,0,0,0,0,0,0,0,0,0,0,0,0,0,0,0,0,0,0,13,0,9,0,0,0,11,0,0,0,32,0,7,0,0,0,0,0,0,0,0,0,15,0,49,0,0,0,0,0,0,0,0,0,0,0,2,0,0,0,0,0,146,0,88,0,0,0,218,0,0,0,508,51,40,9,11,0,23,9,22,0,0,0,0,0,0,0,0,0,0,0,0,0,0,0,0,0,0,0,0,0,0,0,46,0,609,552,452,119,328,0,0,0,13,0,0,0,0,0,0
0,54,47,174,327,0,0,13,0,8,186,145,78,116,418,124,0,9,118,242,139,97,76,60,0,13,0,279,0,34,0,113,0,479,0,193,0,185,0,75,0,34,0,7,0,16,0,105,0,0,0,0,0,4,0,0,0,0,0,4,0,0,0,3,0,6,0,0,0,0,0,0,0,0,0,0,0,0,0,0,0,0,0,0,0,0,0,0,0,0,0,0,0,0,0,0,0,0,0,0,0,0,0,0,0,0,0,0,0,0,0,0,0,0,0,0,0,0,0,0,0,0,0,0,0,4,0,0,0,0,0,0,0,0,0,0,0,0,0,0,0,0,0,0,0,0,0,4,0,7,0,0,0,0,0,0,0,0,0,0,0,0,0,0,0,42,0,267,0,96,0,9,0,76,0,0,155,352,21,22,0,1,0,2,0,0,0,8,0,0,0,0,0,0,0,0,0,0,0,0,0,0,0,0,0,0,0,0,0,28,4,0,0,0,352,0,0,0,740,533,580,136,0,0,0
14,77,123,0,20,0,0,205,57,315,6,0,3,0,14,0,12,20,0,0,0,0,21,0,81,208,9,0,4,0,0,0,0,0,0,0,0,0,24,0,0,0,0,0,0,0,5,0,13,0,0,0,91,88,238,132,11,0,8,0,105,0,149,75,34,0,10,0,0,0,0,0,0,0,0,0,0,0,0,0,0,0,0,0,0,0,0,1,0,0,0,0,0,0,0,0,0,0,0,0,7,0,0,0,0,0,0,0,0,0,0,0,0,0,0,0,0,0,0,0,0,0,0,0,8,0,0,0,0,0,36,0,1,0,0,0,3,0,3,0,0,0,0,0,0,0,0,0,18,0,0,0,0,0,0,0,0,0,0,0,10,0,6,0,0,0,4,0,27,2,231,0,80,0,0,0,152,23,0,0,0,0,21,10,23,9,0,0,0,0,0,0,0,0,0,0,0,0,1,0,0,0,0,0,0,0,0,0,5,0,471,182,430,366,550,0,9,0,0,7,0,0,0,0,0
207,45,88,16,0,13,205,0,168,24,0,9,0,7,0,11,88,0,0,6,0,0,57,12,249,43,0,19,0,23,0,0,0,16,0,0,0,0,0,164,0,4,0,0,0,0,0,0,0,0,0,0,0,52,22,206,0,14,0,7,0,175,39,309,0,2,0,3,0,0,0,1,0,0,0,0,0,0,0,0,0,10,0,0,0,0,0,0,0,0,0,0,0,0,0,0,0,0,0,0,0,3,0,0,0,0,0,0,0,0,0,0,0,0,0,0,0,0,0,0,0,0,0,0,0,15,0,9,0,0,0,12,0,12,0,35,0,22,0,0,0,0,0,3,0,0,0,3,0,8,0,6,0,0,0,0,0,7,0,0,0,6,0,0,0,5,0,0,0,18,0,36,0,209,0,0,62,104,0,0,0,0,0,6,0,0,0,0,0,0,0,0,0,0,0,0,0,0,0,9,0,3,0,0,0,0,0,0,0,49,0,0,0,0,436,0,0,0,434,85,428,214,0,27,0
53,0,6,0,8,0,57,168,0,332,15,0,8,0,8,0,1,0,8,0,1,0,0,0,2,121,9,0,0,0,0,0,0,0,0,0,3,0,10,0,0,0,1,0,0,0,0,0,4,0,4,0,38,73,41,221,8,0,51,34,43,0,45,49,126,0,54,30,0,0,0,0,0,0,0,0,0,0,0,0,0,0,0,0,0,0,0,0,0,0,0,0,0,1,0,0,0,0,0,0,0,0,0,0,0,0,0,0,0,0,0,0,0,0,0,0,0,0,0,0,0,0,0,0,18,0,4,0,0,0,82,0,0,0,5,0,0,0,0,0,0,0,0,0,0,0,11,0,112,0,7,0,0,0,0,0,0,0,0,0,15,0,0,0,0,0,7,0,7,0,64,0,0,0,0,1,339,17,0,0,0,0,19,0,238,16,1,0,0,0,0,0,0,0,0,0,0,0,1,0,0,0,0,0,0,0,1,0,21,0,231,60,166,181,258,2,0,0,0,0,5,0,0,0,0
33,23,0,9,0,8,315,24,332,0,0,21,0,3,0,0,32,3,0,0,0,0,0,0,234,6,0,26,0,0,0,0,0,0,0,0,0,1,0,0,0,3,0,0,0,0,0,0,0,0,0,0,78,80,232,181,0,49,43,15,0,74,82,103,0,58,62,26,0,0,0,0,0,0,0,0,0,0,0,0,1,0,0,0,0,0,0,3,0,0,0,0,0,0,0,0,0,0,0,0,0,0,0,0,0,0,0,0,0,0,0,0,0,0,0,0,0,0,0,0,0,0,0,0,0,8,0,0,0,0,0,44,0,3,0,0,0,4,0,0,0,0,0,0,0,0,0,11,0,42,0,4,0,0,0,0,0,19,0,0,0,13,0,0,0,2,0,0,0,17,0,47,0,58,0,7,91,211,0,4,0,0,0,9,15,296,0,0,0,0,0,0,0,0,0,0,0,1,0,0,0,0,0,0,0,1,0,0,0,12,0,0,0,0,411,0,0,0,256,53,241,176,0,30,0
61,0,35,0,75,186,6,0,15,0,0,116,124,6,17,198,0,10,9,53,14,41,2,71,0,0,21,0,0,0,22,0,84,0,39,0,74,0,21,0,54,0,0,0,3,0,38,0,20,0,0,0,2,0,4,0,2,0,6,0,0,0,0,0,0,0,4,0,0,0,0,0,0,0,0,0,0,0,0,0,0,0,0,0,0,0,0,0,0,0,0,0,0,0,0,0,0,0,0,0,0,0,0,0,0,0,0,0,0,0,0,0,0,0,0,0,0,0,0,0,0,0,0,0,4,0,0,0,0,0,9,0,0,0,0,0,0,0,0,0,0,0,5,0,0,0,9,0,11,0,0,0,0,0,0,0,0,0,0,0,4,0,0,0,0,0,19,0,16,1,0,0,41,0,40,0,478,28,35,7,44,0,70,0,59,0,9,0,0,0,0,0,0,0,0,0,0,0,0,0,0,0,0,0,0,0,0,0,15,0,175,268,104,0,65,0,0,0,0,0,0,0,0,0,0
0,70,0,12,216,145,0,9,0,21,116,0,20,180,261,7,0,2,21,25,75,40,33,41,0,1,0,124,0,0,2,53,2,207,0,47,5,71,0,0,0,119,0,0,0,23,0,141,0,38,0,0,0,0,0,0,0,0,0,0,0,0,0,3,0,5,0,0,0,0,0,0,0,0,0,0,0,0,0,0,0,0,0,0,0,0,0,0,0,0,0,0,0,0,0,0,0,0,0,0,0,0,0,0,0,0,0,0,0,0,0,0,0,0,0,0,0,0,0,0,0,0,0,0,0,0,0,0,0,0,0,0,0,0,0,0,0,0,0,0,0,0,0,0,0,0,0,0,0,8,0,0,0,0,0,0,0,0,0,0,0,0,0,2,0,0,0,41,0,21,0,4,0,18,0,7,118,366,0,16,0,0,2,32,0,75,0,2,0,0,0,0,0,0,0,0,0,0,0,0,0,0,0,0,0,0,0,5,0,6,0,0,0,0,84,0,0,0,223,300,126,0,1,0,0
57,0,119,0,319,78,3,0,8,0,124,20,0,168,4,0,6,0,31,267,75,0,24,0,0,0,43,269,0,0,10,0,4,0,225,12,32,0,0,0,169,0,57,37,25,0,120,0,33,0,196,29,0,0,0,0,0,0,0,0,0,0,0,0,3,0,5,0,0,0,0,0,0,0,3,0,0,0,0,0,0,0,0,0,0,0,0,0,0,0,0,0,0,0,0,0,0,0,0,0,0,0,0,0,0,0,0,0,0,0,0,0,0,0,0,0,0,0,0,0,0,0,0,0,2,0,0,0,0,0,12,0,0,0,0,0,3,0,0,0,0,0,0,0,0,0,12,0,33,0,0,0,0,0,0,0,0,0,0,0,0,0,0,0,48,0,12,0,0,0,0,0,7,0,0,0,263,22,139,0,0,0,23,0,17,0,175,2,0,0,0,0,0,0,0,0,0,0,0,0,0,0,0,0,0,0,0,0,14,0,65,337,174,0,13,0,0,0,0,0,0,0,0,0,0
1,36,0,31,0,116,0,7,0,3,6,180,168,0,65,0,0,0,358,70,183,25,0,0,0,1,378,172,0,0,0,0,0,2,43,130,0,15,0,0,63,158,28,103,0,67,0,270,0,23,51,207,0,0,0,3,0,0,0,0,0,0,0,0,0,1,0,0,0,0,0,0,0,0,0,0,0,0,0,0,0,0,0,0,0,0,0,0,0,0,0,0,0,0,0,0,0,0,0,0,0,0,0,0,0,0,0,0,0,0,0,0,0,0,0,0,0,0,0,0,0,0,0,0,0,2,0,0,0,1,0,0,0,0,0,0,0,0,0,0,0,0,0,0,0,0,0,0,0,0,0,5,0,0,0,0,0,0,0,0,0,0,0,0,0,56,0,35,0,0,0,0,0,0,0,0,71,395,0,13,0,6,0,3,0,0,68,42,0,0,0,0,0,0,0,0,0,0,0,0,0,0,0,0,0,0,0,0,0,13,0,0,0,0,26,0,0,0,58,168,244,20,0,0,0
0,29,65,23,111,418,14,0,8,0,17,261,4,65,0,318,43,5,196,204,121,87,375,91,123,0,174,22,0,0,18,23,51,62,25,11,131,0,3,0,0,0,0,0,34,0,0,0,5,0,7,3,4,0,62,0,7,0,5,0,0,0,9,0,4,0,0,0,0,0,0,0,0,0,0,0,0,0,0,0,21,0,0,0,50,0,0,0,0,0,0,0,0,0,0,0,43,0,0,0,0,0,0,0,0,0,222,0,0,0,0,0,0,0,0,0,0,0,0,0,0,0,0,0,10,0,35,0,0,0,0,0,0,0,91,0,34,0,0,0,0,0,202,2,0,0,14,0,30,0,13,0,0,0,1,0,2,0,0,0,0,0,0,0,0,0,77,0,40,0,0,0,53,0,0,0,185,28,0,18,0,0,4,3,24,0,0,0,0,0,0,0,0,0,0,0,7,0,0,0,0,0,0,0,0,0,0,0,143,0,143,244,154,36,76,0,0,0,24,15,31,0,0,0,0
61,6,39,179,338,124,0,11,0,0,198,7,0,0,318,0,16,64,0,422,82,256,72,149,0,105,0,135,0,38,0,76,7,241,0,23,0,104,0,51,0,0,0,22,0,0,0,0,0,0,0,26,0,7,0,34,0,0,0,0,0,0,0,38,0,0,0,0,0,0,0,0,0,0,0,0,0,0,0,2,0,88,0,0,0,75,0,17,0,0,0,49,0,0,0,0,0,0,0,92,0,117,0,0,0,0,0,0,0,0,0,0,0,0,0,0,0,0,0,0,0,0,0,0,0,0,0,0,0,0,0,0,0,0,0,266,0,0,0,0,0,0,0,0,0,0,0,0,0,0,0,0,0,0,0,0,0,0,0,1,0,0,0,0,0,0,0,81,0,16,0,0,0,24,0,0,82,55,0,6,0,0,0,0,0,0,0,0,0,0,0,0,0,0,0,0,0,0,0,0,0,28,0,0,0,0,0,0,0,29,0,0,0,0,58,0,0,0,148,336,144,26,0,2,0
8,100,16,68,9,0,12,88,1,32,0,0,6,0,43,16,0,29,48,0,234,0,119,16,103,79,48,0,239,0,30,0,77,0,42,0,26,0,252,0,0,0,0,0,51,0,21,0,9,0,12,0,93,8,10,5,0,0,0,0,20,0,381,14,0,0,0,0,0,0,127,0,0,0,68,0,0,0,51,0,118,0,174,0,103,0,236,1,210,0,0,0,139,0,214,0,19,0,231,0,203,0,0,0,0,0,219,0,0,0,0,0,0,0,0,0,0,0,0,0,190,0,23,0,0,0,0,0,0,0,0,0,0,0,0,0,70,0,72,0,42,0,87,0,14,0,0,0,0,0,0,0,0,0,10,0,0,0,4,0,1,0,0,0,0,0,1,0,0,1,0,0,110,6,0,0,0,0,0,0,1,0,24,7,0,0,0,0,0,0,0,0,0,0,0,0,0,0,0,0,0,0,0,0,0,0,0,0,0,0,48,109,81,23,43,0,2,0,0,0,0,0,0,0,0
111,17,47,34,14,9,20,0,0,3,10,2,0,0,5,64,29,0,0,20,0,168,52,85,28,79,0,0,0,54,0,18,0,37,0,1,0,7,6,86,0,0,0,0,0,0,0,0,0,0,2,0,0,66,0,9,0,6,0,0,0,0,0,160,0,0,0,0,0,0,0,0,0,0,0,0,0,0,0,0,0,137,0,0,0,169,0,28,0,0,0,0,0,0,0,26,0,0,0,98,0,76,0,0,0,0,0,0,0,0,0,0,0,0,0,0,0,0,0,0,0,13,0,0,0,0,0,0,0,0,0,0,0,0,0,286,0,160,0,45,0,18,0,86,0,3,0,0,0,0,0,0,0,0,0,10,0,0,0,13,0,5,0,2,0,0,0,0,0,0,0,0,0,9,0,0,0,0,0,1,0,0,0,6,0,0,0,0,0,0,0,0,0,0,0,0,0,0,0,0,0,0,0,0,0,0,0,0,0,0,0,0,0,0,0,0,0,0,6,62,17,0,0,0,0
5,0,68,0,132,118,0,0,8,0,9,21,31,358,196,0,48,0,0,356,93,73,143,0,25,0,110,302,0,0,3,0,3,0,83,21,27,0,0,0,15,16,13,55,38,22,62,18,3,0,141,31,0,0,0,0,0,0,0,0,0,0,0,0,5,0,0,0,0,0,4,0,0,0,0,0,0,0,0,0,0,0,0,0,22,0,0,0,0,0,0,0,0,0,0,0,21,0,0,0,0,0,0,0,0,0,0,0,0,0,0,0,0,0,0,0,0,0,0,0,0,0,0,0,0,0,0,0,0,0,0,0,0,0,29,0,10,0,0,0,0,0,0,0,0,0,16,0,43,0,0,0,0,0,0,0,0,0,0,0,0,0,0,0,36,0,12,0,20,0,0,0,10,0,0,0,157,15,13,0,0,0,15,0,18,0,38,4,0,0,0,0,0,0,0,0,0,0,0,0,0,0,0,0,0,0,0,0,50,0,47,159,95,18,19,0,0,0,0,13,28,1,0,0,0
0,19,0,180,114,242,0,6,0,0,53,25,267,70,204,422,0,20,356,0,166,182,0,112,0,43,145,420,0,0,11,27,0,31,63,159,0,54,0,0,0,7,6,92,0,113,0,48,0,2,0,181,0,0,0,33,0,0,0,0,0,9,0,59,0,14,0,0,0,0,0,0,0,0,0,0,0,0,0,0,0,106,0,0,0,0,0,21,0,0,0,0,0,0,0,62,0,0,0,0,0,0,0,0,0,0,0,0,0,0,0,0,0,0,0,0,0,0,0,0,0,0,0,0,0,21,0,13,0,0,0,0,0,0,0,0,0,0,0,0,0,0,0,0,0,0,0,0,0,52,0,22,0,0,0,0,0,0,0,0,0,0,0,0,0,38,0,96,0,31,0,0,0,0,0,0,55,64,10,16,0,0,0,19,0,0,26,16,0,0,0,0,0,0,0,0,0,0,0,0,0,0,0,0,0,0,0,14,0,90,0,0,0,0,48,0,0,0,110,193,128,0,0,0,0
2,19,16,15,69,139,0,0,1,0,14,75,75,183,121,82,234,0,93,166,0,41,216,25,63,0,97,129,27,0,40,0,63,0,21,0,29,9,13,0,0,6,25,0,39,0,13,0,12,0,45,0,47,0,0,0,0,0,0,0,0,0,114,0,0,0,0,0,0,0,159,0,0,0,128,0,0,0,0,0,95,0,266,0,0,0,186,0,203,0,0,0,0,0,281,0,30,0,215,0,196,0,0,0,0,0,284,0,0,0,0,0,2,0,0,0,0,0,0,0,168,0,0,0,2,0,0,0,0,0,0,0,0,0,0,0,18,0,56,0,55,0,0,0,51,0,0,0,0,0,0,0,0,0,6,0,0,0,0,0,0,0,0,0,26,0,33,0,65,0,0,0,46,0,0,0,26,7,16,0,0,0,0,0,0,0,11,0,0,0,0,0,0,0,0,0,0,0,0,0,0,0,0,0,0,0,0,0,0,0,97,463,167,39,58,0,0,0,8,0,0,2,0,0,0
0,17,0,44,64,97,0,0,0,0,41,40,0,25,87,256,0,168,73,182,41,0,0,284,0,0,30,116,0,36,0,17,0,50,0,63,2,47,0,4,0,0,0,68,0,26,0,6,0,0,0,155,0,25,0,0,0,0,0,0,0,19,0,127,0,0,0,0,0,0,0,15,0,12,0,21,0,0,0,0,0,358,0,0,0,260,0,167,0,0,0,0,0,0,0,0,0,0,0,128,0,117,0,0,0,0,0,0,0,0,0,0,0,0,0,0,0,0,0,0,0,79,0,0,0,0,0,0,0,0,0,0,0,0,0,130,0,124,0,107,0,151,0,300,0,85,0,0,0,0,0,0,0,0,0,10,0,0,0,0,0,1,0,0,0,21,0,51,0,34,0,0,0,10,0,0,16,41,0,14,0,0,0,0,0,0,0,3,0,1,0,0,0,0,0,0,0,0,0,0,0,0,0,0,0,0,0,0,0,0,0,0,0,0,24,0,0,0,63,309,105,0,0,0,0
3,255,113,175,140,76,21,57,0,0,2,33,24,0,375,72,119,52,143,0,216,0,0,123,120,80,173,0,176,9,19,0,108,0,0,0,42,0,479,0,29,0,0,0,42,0,49,0,0,0,0,0,6,0,23,0,3,0,0,0,11,0,35,0,0,0,0,0,0,0,6,0,0,0,12,0,0,0,0,0,26,0,0,0,62,0,40,3,83,0,0,0,0,0,46,0,22,0,84,0,0,0,0,0,0,0,152,0,0,0,0,0,0,0,0,0,0,0,0,0,23,0,0,0,4,0,0,0,0,0,0,0,0,0,22,0,42,0,14,0,7,0,69,0,0,0,0,0,0,0,2,0,0,0,0,0,0,0,0,0,0,0,0,0,6,0,9,0,51,0,20,0,245,0,0,0,34,9,0,0,0,0,9,40,0,0,0,0,0,0,0,0,0,0,0,0,0,0,0,0,0,0,0,0,0,0,9,0,35,0,369,451,343,106,296,0,0,0,11,5,0,0,0,0,0
115,11,66,98,151,60,0,12,0,0,71,41,0,0,91,149,16,85,0,112,25,284,123,0,0,57,0,52,0,50,0,21,0,81,0,20,0,0,0,51,0,0,0,32,0,0,0,0,0,0,0,26,0,22,0,10,0,4,0,0,0,0,0,95,0,0,0,0,0,0,0,0,0,0,0,2,0,0,0,0,0,161,0,0,0,128,0,48,0,0,0,0,0,0,0,0,0,0,0,89,0,95,0,0,0,0,0,10,0,0,0,0,0,0,0,0,0,0,0,0,0,31,0,0,0,0,0,0,0,0,0,2,0,0,0,207,0,51,0,0,0,12,0,76,0,0,0,0,0,0,0,0,0,0,0,0,0,0,0,0,0,0,0,0,0,0,0,18,0,0,0,0,0,19,0,0,27,30,3,17,0,0,0,0,0,0,0,0,0,0,0,0,0,0,0,0,0,0,0,0,0,0,0,0,0,0,0,0,0,0,0,0,0,0,0,0,0,0,21,393,49,13,0,1,0
0,120,57,0,20,0,81,249,2,234,0,0,0,0,123,0,103,28,25,0,63,0,120,0,0,210,0,0,153,0,4,0,0,0,0,0,0,0,179,0,3,0,0,0,0,0,12,0,10,0,0,0,79,36,207,68,22,0,0,0,123,0,231,88,0,0,0,0,0,0,11,0,0,0,14,0,0,0,25,0,19,0,0,0,149,0,67,0,133,0,45,0,0,0,0,0,58,0,151,0,114,0,69,0,57,0,322,0,0,0,0,0,0,0,0,0,0,0,0,0,0,0,0,0,6,0,47,0,56,0,8,0,22,0,67,0,108,0,22,0,21,0,276,0,0,0,0,0,9,0,6,0,2,0,11,0,0,0,0,0,4,0,0,0,0,0,0,0,46,2,93,0,212,0,3,0,15,0,0,0,0,0,0,19,0,0,0,0,0,0,0,0,0,0,0,0,0,0,6,0,28,0,0,0,0,0,34,0,121,0,354,201,328,231,370,0,0,0,0,0,0,0,0,0,0
241,4,86,29,6,13,208,43,121,6,0,1,0,1,0,105,79,79,0,43,0,0,80,57,210,0,0,0,0,51,2,0,0,9,0,0,0,37,0,215,0,0,0,0,0,2,0,0,1,0,0,0,3,44,4,242,0,49,0,0,0,46,21,177,0,0,0,0,0,0,0,0,0,0,0,0,0,0,0,0,0,0,0,0,0,33,0,0,0,0,0,0,0,0,0,0,0,0,0,65,0,73,0,0,0,0,0,0,0,0,0,0,0,0,0,0,0,0,0,0,0,0,0,0,0,12,0,0,0,17,0,10,0,12,0,647,0,190,0,43,0,10,0,0,0,0,0,0,0,12,0,0,0,0,0,4,0,0,0,5,0,7,0,0,0,3,0,0,0,13,0,12,0,88,0,0,19,5,0,0,0,0,5,13,0,0,0,0,0,0,0,0,0,0,0,0,0,0,0,44,0,30,0,0,0,0,0,0,0,84,0,0,0,0,113,0,0,0,87,105,164,76,0,8,0
0,0,44,0,81,0,9,0,9,0,21,0,43,378,174,0,48,0,110,145,97,30,173,0,0,0,0,627,14,0,28,0,6,0,28,0,36,0,0,0,27,112,200,120,175,133,141,170,65,8,213,49,0,0,0,0,0,0,0,0,0,0,34,0,0,0,0,0,0,0,44,0,0,0,0,0,0,0,0,0,0,0,0,0,0,0,0,0,0,0,0,0,0,0,0,0,0,0,0,0,0,0,0,0,0,0,0,0,0,0,0,0,0,0,0,0,0,0,0,0,0,0,0,0,0,0,0,0,0,0,0,0,0,0,0,0,0,0,0,0,0,0,0,0,0,0,0,0,48,0,0,0,0,0,0,0,0,0,0,0,0,0,3,0,49,0,8,0,32,0,0,0,12,0,0,0,62,34,17,1,0,0,32,0,33,0,161,2,0,0,1,0,0,0,0,0,0,0,0,0,0,0,0,0,0,0,0,0,0,0,12,383,217,22,10,0,0,22,0,0,0,0,0,0,0
0,93,0,88,0,279,0,19,0,26,0,124,269,172,22,135,0,0,302,420,129,116,0,52,0,0,627,0,0,2,0,4,0,6,0,55,0,21,0,0,196,12,69,218,63,241,150,148,3,64,106,263,0,13,0,15,0,0,0,0,0,0,0,20,0,17,0,0,0,0,0,0,0,0,0,0,0,0,0,0,0,0,0,0,0,0,0,0,0,0,0,0,0,0,0,0,0,0,0,0,0,0,0,0,0,0,0,0,0,0,0,0,0,0,0,0,0,0,0,0,0,0,0,0,0,35,0,0,0,0,0,0,0,0,0,0,0,0,0,0,0,0,0,17,0,9,0,20,0,61,0,0,0,0,0,0,0,7,0,1,0,6,0,0,0,74,0,11,0,0,0,0,0,0,0,0,20,156,2,15,0,0,0,29,0,0,87,26,0,0,0,0,0,0,0,0,0,0,0,0,0,0,0,0,0,0,0,0,0,125,0,1,2,0,59,0,0,0,55,384,319,74,0,0,7
50,0,60,0,53,0,4,0,0,0,0,0,0,0,0,0,239,0,0,0,27,0,176,0,153,0,14,0,0,0,1,0,25,0,12,0,4,0,9,0,0,0,19,0,6,0,0,0,2,0,25,0,3,0,4,0,0,0,0,0,11,0,21,0,0,0,0,0,0,0,19,0,0,0,18,0,0,0,0,0,15,0,0,0,0,0,23,0,0,0,0,0,0,0,36,0,0,0,15,0,0,0,0,0,0,0,0,0,0,0,0,0,0,0,0,0,0,0,0,0,44,0,0,0,0,0,0,0,5,0,0,0,0,0,0,0,11,0,29,0,20,0,0,0,21,0,0,0,2,0,0,0,0,0,0,0,0,0,0,0,0,0,2,0,3,0,0,0,0,0,1,0,0,0,0,0,0,0,3,0,0,0,14,0,0,0,0,0,0,0,0,0,0,0,0,0,0,0,0,0,0,0,0,0,0,0,0,0,0,0,0,25,3,0,0,0,0,0,0,0,0,0,0,0,0
0,59,0,175,8,34,0,23,0,0,0,0,0,0,0,38,0,54,0,0,0,36,9,50,0,51,0,2,0,0,0,10,0,24,0,6,0,9,0,47,0,0,0,6,0,0,0,0,0,0,0,5,0,0,0,13,0,1,0,0,0,1,0,55,0,0,0,0,0,0,0,0,0,0,0,0,0,0,0,3,0,87,0,0,0,70,0,17,0,0,0,0,0,0,0,0,0,5,0,28,0,17,0,0,0,0,0,0,0,0,0,0,0,0,0,0,0,0,0,0,0,0,0,0,0,0,0,0,0,0,0,0,0,0,0,149,0,136,0,108,0,103,0,143,0,0,0,2,0,0,0,0,0,0,0,14,0,0,0,4,0,2,0,0,0,0,0,0,0,0,0,0,0,0,0,0,0,0,0,7,0,0,0,0,0,0,0,0,0,0,0,0,0,0,0,0,0,0,0,0,0,0,0,0,0,0,0,0,0,0,0,0,0,0,0,0,0,0,0,20,0,0,0,0,0
0,1,4,0,38,0,0,0,0,0,22,2,10,0,18,0,30,0,3,11,40,0,19,0,4,2,28,0,1,0,0,0,10,0,31,0,11,0,0,0,0,0,77,0,2,0,0,0,2,0,62,0,7,0,0,0,3,0,0,0,0,0,13,0,0,0,0,0,0,0,13,0,0,0,16,0,0,0,0,0,0,0,0,0,4,0,0,0,0,0,0,0,0,0,30,0,0,0,0,0,0,0,0,0,0,0,0,0,0,0,0,0,0,0,0,0,0,0,0,0,0,0,0,0,0,0,0,0,0,0,0,0,0,0,0,0,0,0,3,0,6,0,0,0,0,0,0,0,0,0,0,0,0,0,0,0,0,0,0,0,0,0,0,0,4,0,7,0,4,0,0,0,8,0,0,0,11,0,14,0,0,0,3,0,1,0,1,0,0,0,0,0,0,0,0,0,0,0,0,0,0,0,0,0,0,0,0,0,0,0,42,117,22,0,9,0,0,0,0,0,0,0,0,0,0
0,0,0,26,17,113,0,0,0,0,0,53,0,0,23,76,0,18,0,27,0,17,0,21,0,0,0,4,0,10,0,0,0,7,0,2,0,10,0,4,0,0,0,6,0,0,0,0,0,0,0,5,0,0,0,0,0,0,0,0,0,6,0,20,0,0,0,0,0,0,0,0,0,0,0,0,0,0,0,0,0,0,0,0,0,7,0,0,0,0,0,0,0,0,0,0,0,0,0,0,0,0,0,0,0,0,0,0,0,0,0,0,0,0,0,0,0,0,0,0,0,5,0,0,0,0,0,0,0,0,0,0,0,0,0,0,0,0,0,0,0,0,0,0,0,0,0,0,0,0,0,0,0,0,0,0,0,12,0,3,0,0,0,0,0,0,0,1,0,2,0,0,0,0,0,0,7,17,0,8,0,0,0,0,0,0,0,1,0,0,0,0,0,0,0,0,0,0,0,0,0,0,0,0,0,0,0,0,0,0,0,0,0,0,0,0,0,0,0,55,2,0,0,0,0
34,0,65,0,200,0,0,0,0,0,84,2,4,0,51,7,77,0,3,0,63,0,108,0,0,0,6,0,25,0,10,0,0,0,23,0,40,0,1,0,0,0,52,0,6,0,0,0,1,0,51,0,0,0,0,0,0,0,0,0,0,0,0,0,0,0,0,0,0,0,0,0,0,0,0,0,0,0,0,0,0,0,0,0,0,0,0,0,0,0,0,0,0,0,0,0,0,0,0,0,0,0,0,0,0,0,7,0,0,0,0,0,0,0,0,0,0,0,0,0,0,0,0,0,0,0,0,0,0,0,0,0,0,0,3,0,0,0,0,0,0,0,0,0,2,0,0,0,0,0,0,0,0,0,0,0,0,0,0,0,0,0,0,0,0,0,9,0,0,0,0,0,9,0,0,0,44,0,55,0,0,0,15,0,0,0,0,0,0,0,0,0,0,0,0,0,0,0,0,0,0,0,0,0,0,0,0,0,0,0,22,201,22,7,11,0,0,0,0,0,0,0,0,0,0
0,83,0,229,0,479,0,16,0,0,0,207,0,2,62,241,0,37,0,31,0,50,0,81,0,9,0,6,0,24,0,7,0,0,0,22,0,36,0,8,0,0,0,19,0,0,0,0,0,0,0,28,0,6,0,0,0,0,0,0,0,11,0,10,0,0,0,0,0,0,0,0,0,0,0,0,0,0,0,0,0,0,0,0,0,0,0,0,0,0,0,0,0,0,0,0,0,0,0,0,0,0,0,0,0,0,0,0,0,0,0,0,0,0,0,0,0,0,0,0,0,3,0,0,0,4,0,0,0,0,0,0,0,0,0,0,0,0,0,8,0,4,0,0,0,0,0,0,0,0,0,0,0,0,0,0,0,7,0,1,0,0,0,1,0,0,0,2,0,0,0,1,0,0,0,0,21,107,0,44,0,0,0,0,0,0,0,0,0,0,0,0,0,0,0,0,0,0,0,0,0,0,0,0,0,0,0,0,0,0,0,0,5,0,0,0,0,0,0,373,4,0,0,0,0
0,0,3,0,80,0,0,0,0,0,39,0,225,43,25,0,42,0,83,63,21,0,0,0,0,0,28,0,12,0,31,0,23,0,0,0,135,0,0,0,0,0,44,0,11,0,0,4,4,0,47,6,4,0,0,0,0,0,0,0,0,0,0,0,1,0,0,0,0,0,38,0,0,0,20,0,0,0,0,0,0,0,0,0,0,0,31,0,0,0,0,0,0,0,0,0,0,0,0,0,0,0,0,0,0,0,0,0,0,0,0,0,0,0,0,0,0,0,0,0,0,0,0,0,0,0,0,0,0,0,0,0,0,0,0,0,0,0,0,0,0,0,0,0,0,0,0,0,0,0,0,0,0,0,0,0,0,0,0,0,0,0,0,0,36,0,43,0,42,0,0,0,28,0,0,0,0,0,35,0,0,0,0,0,0,0,53,0,0,0,0,0,0,0,0,0,0,0,0,0,0,0,0,0,0,0,0,0,0,0,110,266,188,52,36,0,0,0,0,0,0,0,0,0,0
0,0,0,3,5,193,0,0,0,0,0,47,12,130,11,23,0,1,21,159,0,63,0,20,0,0,0,55,0,6,0,2,0,22,0,0,0,41,0,0,0,0,0,4,0,6,2,0,0,0,0,16,0,3,0,2,0,0,0,0,0,9,0,6,0,0,0,0,0,0,0,0,0,0,0,9,0,0,0,0,0,0,0,0,0,35,0,31,0,0,0,0,0,0,0,0,0,0,0,19,0,0,0,0,0,0,0,0,0,0,0,0,0,0,0,0,0,0,0,0,0,0,0,5,0,0,0,0,0,0,0,0,0,0,0,0,0,0,0,0,0,30,0,62,0,27,0,0,0,5,0,0,0,0,0,0,0,15,0,0,0,0,0,0,0,0,0,21,0,12,0,0,0,13,0,1,7,34,0,17,0,0,0,4,0,0,0,9,0,0,0,0,0,0,0,0,0,0,0,0,0,0,0,0,0,0,0,0,0,0,0,0,0,0,6,0,0,0,13,74,55,0,0,0,0
24,0,0,0,198,0,0,0,3,0,74,5,32,0,131,0,26,0,27,0,29,2,42,0,0,0,36,0,4,0,11,0,40,0,135,0,0,0,31,0,0,0,35,0,23,0,0,0,4,0,39,0,0,0,3,0,0,0,3,0,0,0,15,0,0,0,0,0,0,0,128,0,8,0,64,0,16,0,0,0,30,0,0,0,0,0,60,0,0,0,0,0,0,0,0,0,0,0,0,0,0,0,0,0,0,0,0,0,0,0,0,0,0,0,0,0,0,0,0,0,80,0,0,0,0,0,0,0,0,0,0,0,0,0,0,0,0,0,76,0,0,0,0,0,76,0,0,0,0,0,0,0,0,0,11,0,0,0,8,0,0,0,0,0,15,0,19,0,34,0,12,0,19,0,0,0,0,3,71,0,0,0,16,0,0,0,17,0,0,0,0,0,0,0,0,0,0,0,0,0,0,0,0,0,0,0,0,0,0,0,58,117,67,19,9,0,0,0,0,0,0,0,0,0,0
0,147,0,148,0,185,0,0,0,1,0,71,0,15,0,104,0,7,0,54,9,47,0,0,0,37,0,21,0,9,0,10,0,36,0,41,0,0,0,21,0,0,0,46,0,3,0,0,0,0,0,52,0,3,0,6,0,0,0,0,0,12,0,11,0,0,0,0,0,0,0,0,0,0,0,4,0,0,0,0,0,90,0,0,0,30,0,0,0,0,0,0,0,0,0,0,0,1,0,0,0,0,0,0,0,0,0,0,0,0,0,0,0,0,0,0,0,0,0,0,0,18,0,0,0,0,0,0,0,0,0,0,0,0,0,0,0,0,0,50,0,49,0,67,0,64,0,0,0,0,0,0,0,0,0,0,0,30,0,7,0,0,0,0,0,11,0,15,0,12,0,18,0,34,0,0,0,126,0,10,0,2,0,0,0,27,0,0,0,0,0,0,0,0,0,1,0,0,0,0,0,0,0,0,0,0,0,0,0,0,0,0,0,0,0,0,0,0,23,374,38,0,0,0,0
126,0,243,6,121,0,24,0,10,0,21,0,0,0,3,0,252,6,0,0,13,0,479,0,179,0,0,0,9,0,0,0,1,0,0,0,31,0,0,0,0,0,0,0,0,0,0,0,0,0,0,0,2,0,0,0,0,0,0,0,3,0,10,0,0,0,0,0,0,0,0,0,0,0,5,0,0,0,0,0,0,0,7,0,0,0,0,0,0,0,0,0,0,0,9,0,0,0,0,0,0,0,0,0,0,0,0,0,0,0,0,0,0,0,0,0,0,0,0,0,8,0,1,0,0,0,0,0,1,0,0,0,0,0,0,0,0,0,0,0,7,0,0,0,4,0,0,0,0,0,0,0,0,0,2,0,0,0,0,0,1,0,2,0,0,0,0,0,0,0,0,0,29,0,0,0,136,0,2,0,0,0,142,0,0,0,0,0,0,0,0,0,0,0,0,0,0,0,0,0,0,0,0,0,0,0,0,0,0,0,40,421,17,22,42,0,0,0,0,0,4,0,0,0,0
0,259,0,501,0,75,0,164,0,0,0,0,0,0,0,51,0,86,0,0,0,4,0,51,0,215,0,0,0,47,0,4,0,8,0,0,0,21,0,0,0,0,0,0,0,0,0,0,0,0,0,1,0,4,0,3,0,0,0,0,0,8,0,10,0,0,0,0,0,0,0,0,0,0,0,0,0,0,0,0,0,0,0,0,0,0,0,6,0,0,0,0,0,0,0,0,0,0,0,0,0,0,0,0,0,0,0,0,0,0,0,0,0,0,0,0,0,0,0,0,0,0,0,0,0,0,0,0,0,0,0,0,0,0,0,0,0,0,0,9,0,0,0,10,0,0,0,0,0,0,0,0,0,0,0,0,0,7,0,0,0,0,0,0,0,0,0,0,0,0,0,0,0,42,0,0,0,121,0,0,0,0,0,0,0,0,0,0,0,0,0,0,0,0,0,0,0,0,0,0,0,0,0,0,0,0,0,0,0,0,0,0,0,0,0,0,0,0,20,162,8,0,0,0,0
21,0,48,0,163,0,0,0,0,0,54,0,169,63,0,0,0,0,15,0,0,0,29,0,3,0,27,196,0,0,0,0,0,0,0,0,0,0,0,0,0,82,62,26,29,170,89,117,151,37,31,9,0,0,0,0,0,0,0,0,0,0,0,0,0,0,0,0,0,0,0,0,0,0,0,0,0,0,0,0,0,0,0,0,0,0,0,0,0,0,0,0,0,0,0,0,0,0,0,0,0,0,0,0,0,0,0,0,0,0,0,0,0,0,0,0,0,0,0,0,0,0,0,0,0,0,0,0,0,0,0,0,0,0,0,0,0,0,0,0,0,0,0,0,0,0,0,0,11,0,0,0,0,0,0,0,0,0,0,0,0,0,0,0,0,0,3,0,0,0,0,0,0,0,0,0,16,23,79,0,8,0,28,0,18,0,218,0,0,0,0,0,0,0,0,0,0,0,0,0,0,0,0,0,0,0,0,0,0,0,0,91,25,0,0,0,0,42,0,9,0,0,0,0,3
0,25,0,0,0,34,0,4,0,3,0,119,0,158,0,0,0,0,16,7,6,0,0,0,0,0,112,12,0,0,0,0,0,0,0,0,0,0,0,0,82,0,30,20,95,69,55,325,5,141,6,0,0,0,0,1,0,0,0,0,0,0,0,0,0,0,0,0,0,0,0,0,0,0,0,0,0,0,0,0,0,0,0,0,0,0,0,0,0,0,0,0,0,0,0,0,0,0,0,0,0,0,0,0,0,0,0,0,0,0,0,0,0,0,0,0,0,0,0,0,0,0,0,0,0,0,0,0,0,0,0,0,0,0,0,0,0,0,0,0,0,0,0,0,0,0,0,0,0,0,0,0,0,0,0,0,0,0,0,0,0,0,0,0,0,0,0,0,0,0,0,0,0,0,0,0,0,115,0,29,0,0,0,5,0,0,27,0,0,0,0,0,0,0,0,0,0,0,0,0,0,0,0,0,0,0,0,0,0,0,0,0,0,0,0,0,0,5,0,41,15,0,0,0,17
0,0,0,0,0,0,0,0,1,0,0,0,57,28,0,0,0,0,13,6,25,0,0,0,0,0,200,69,19,0,77,0,52,0,44,0,35,0,0,0,62,30,0,6,153,27,87,30,91,5,30,0,0,0,0,0,0,0,0,0,0,0,0,0,0,0,0,0,0,0,0,0,0,0,0,0,0,0,0,0,0,0,12,0,0,0,0,0,0,0,0,0,0,0,4,0,0,0,0,0,0,0,0,0,0,0,0,0,0,0,0,0,0,0,0,0,0,0,0,0,0,0,0,0,0,0,0,0,0,0,0,0,0,0,0,0,0,0,0,0,0,0,0,0,0,0,0,0,0,0,0,0,0,0,0,0,0,0,0,0,2,0,1,0,37,0,15,0,0,0,0,0,0,0,0,0,0,2,2,0,0,0,0,0,0,0,36,0,0,0,0,0,0,0,0,0,0,0,0,0,0,0,0,0,0,0,0,0,0,0,0,116,93,0,0,0,0,39,0,0,0,0,0,0,0
0,0,0,0,0,7,0,0,0,0,0,0,37,103,0,22,0,0,55,92,0,68,0,32,0,0,120,218,0,6,0,6,0,19,0,4,0,46,0,0,26,20,6,0,8,174,27,14,0,65,22,57,0,0,0,3,0,0,0,0,0,1,0,0,0,0,0,0,0,0,0,20,0,0,0,0,0,0,0,0,0,157,0,0,0,0,0,84,0,0,0,0,0,0,0,41,0,0,0,0,0,0,0,0,0,0,0,0,0,0,0,0,0,0,0,0,0,0,0,0,0,25,0,6,0,0,0,0,0,0,0,0,0,0,0,0,0,0,0,0,0,0,0,64,0,61,0,0,0,0,0,0,0,0,0,0,0,0,0,0,0,1,0,0,0,51,0,33,0,44,0,0,0,17,0,0,0,20,0,0,0,0,0,0,0,0,3,12,0,0,0,0,0,0,0,0,0,0,0,0,0,0,0,0,0,0,0,0,0,0,1,0,0,0,12,0,0,0,43,107,183,0,0,0,6
0,0,0,0,0,0,0,0,0,0,3,0,25,0,34,0,51,0,38,0,39,0,42,0,0,0,175,63,6,0,2,0,6,0,11,0,23,0,0,0,29,95,153,8,0,119,213,86,234,39,99,0,0,0,0,0,7,0,0,0,0,0,13,0,0,0,2,0,7,0,42,0,0,0,0,0,20,0,0,0,0,0,87,0,0,0,0,0,0,0,0,0,0,0,0,0,0,0,0,0,0,0,29,0,0,0,0,0,0,0,0,0,0,0,0,0,0,0,0,0,0,0,0,0,0,0,0,0,0,0,0,0,0,0,0,0,0,0,8,0,0,0,0,0,0,0,0,0,8,0,0,0,0,0,0,0,0,0,3,0,0,0,4,0,112,0,31,0,27,0,3,0,18,0,0,0,0,18,15,0,0,0,11,0,0,0,53,0,0,0,0,0,0,0,0,0,0,0,0,0,0,0,0,0,0,0,0,0,0,0,26,195,153,6,12,0,1,78,0,4,0,0,0,0,2
0,0,0,0,0,16,0,0,0,0,0,23,0,67,0,0,0,0,22,113,0,26,0,0,0,2,133,241,0,0,0,0,0,0,0,6,0,3,0,0,170,69,27,174,119,0,127,202,20,303,22,85,0,0,0,0,0,0,0,0,0,0,0,0,0,0,0,0,0,8,0,0,0,0,0,0,0,0,0,0,0,31,0,0,0,0,0,0,0,6,0,0,0,24,0,64,0,0,0,0,0,20,0,0,0,0,0,0,0,0,0,0,0,0,0,0,0,1,0,0,0,0,0,0,0,0,0,0,0,0,0,5,0,0,0,0,0,0,0,0,0,0,0,0,0,0,0,0,0,0,0,9,0,0,0,0,0,0,0,0,0,0,0,1,0,242,0,18,0,102,0,10,0,9,0,0,3,116,0,8,0,0,0,32,0,35,53,51,0,0,0,0,0,0,0,0,0,4,0,0,0,0,0,0,0,0,0,0,0,29,0,0,0,0,21,0,0,5,30,202,248,30,0,0,153
10,1,68,0,114,0,5,0,0,0,38,0,120,0,0,0,21,0,62,0,13,0,49,0,12,0,141,150,0,0,0,0,0,0,0,2,0,0,0,0,89,55,87,27,213,127,0,82,143,30,39,11,0,0,9,0,0,0,0,0,0,0,0,0,0,0,0,0,0,0,0,0,0,0,0,0,0,0,0,0,0,0,0,0,0,0,0,0,0,0,0,0,0,0,0,0,0,0,0,0,0,0,2,0,0,0,0,0,0,0,0,0,0,0,0,0,0,0,0,0,0,0,0,0,6,0,0,0,0,0,0,0,0,0,0,0,0,0,0,0,0,0,0,0,0,0,5,0,38,0,0,0,0,0,0,0,0,0,0,0,1,0,0,0,20,0,0,0,0,0,0,0,0,0,0,0,0,14,37,0,5,0,11,0,12,0,166,0,0,0,0,0,0,0,0,0,0,0,0,0,0,0,0,0,0,0,0,0,19,0,0,198,52,0,0,0,0,143,0,5,0,0,0,0,0
0,56,0,24,0,105,0,0,0,0,0,141,0,270,0,0,0,0,18,48,0,6,0,0,0,0,170,148,0,0,0,0,0,0,4,0,0,0,0,0,117,325,30,14,86,202,82,0,12,119,0,0,0,1,0,6,0,0,0,0,0,0,0,0,1,0,0,0,0,2,0,0,0,0,0,0,0,0,0,0,0,0,0,0,0,0,0,0,0,0,0,0,0,1,0,0,0,0,0,0,0,0,0,0,0,0,0,0,0,0,0,0,0,0,0,0,0,0,0,0,0,0,0,0,0,0,0,0,0,0,0,0,0,0,0,0,0,0,0,0,0,0,0,0,0,0,0,7,0,0,0,0,0,0,0,1,0,0,0,0,0,2,0,0,0,0,0,0,0,0,0,0,0,0,0,0,0,99,0,7,0,0,0,0,0,13,43,6,0,0,0,0,0,0,0,0,0,0,0,0,0,0,0,0,0,0,0,0,0,19,0,0,0,0,0,0,0,3,0,103,42,0,0,0,18
2,0,0,0,16,0,13,0,4,0,20,0,33,0,5,0,9,0,3,0,12,0,0,0,10,1,65,3,2,0,2,0,1,0,4,0,4,0,0,0,151,5,91,0,234,20,143,12,0,33,32,0,1,0,4,0,0,0,9,0,0,0,0,0,0,0,0,0,9,0,0,0,0,0,3,0,9,0,6,0,0,0,38,0,0,0,8,0,5,0,0,0,0,0,13,0,0,0,0,0,15,0,15,0,5,0,17,0,0,0,0,0,0,0,0,0,0,0,0,0,0,0,0,0,0,0,0,0,0,0,0,0,0,0,0,0,0,0,0,0,0,0,0,0,4,0,0,0,5,0,0,0,0,0,0,0,0,0,0,0,7,0,3,0,28,0,7,0,21,0,3,0,3,0,0,0,39,5,33,1,16,0,19,0,15,0,216,0,17,0,0,0,6,0,0,0,0,0,5,0,0,0,11,0,19,0,0,0,0,0,13,37,70,1,23,10,0,7,0,2,2,0,0,0,6
0,0,0,3,0,0,0,0,0,0,0,38,0,23,0,0,0,0,0,2,0,0,0,0,0,0,8,64,0,0,0,0,0,0,0,0,0,0,0,0,37,141,5,65,39,303,30,119,33,0,2,13,0,0,0,0,0,0,0,0,0,0,0,0,0,0,0,0,0,0,0,0,0,0,0,0,0,3,0,0,0,0,0,22,0,1,0,0,0,3,0,2,0,10,0,20,0,0,0,0,0,5,0,0,0,0,0,0,0,0,0,0,0,0,0,0,0,0,0,0,0,0,0,0,0,0,0,2,0,0,0,0,0,0,0,0,0,0,0,0,0,0,0,0,0,0,0,0,0,2,0,0,0,0,0,0,0,0,0,0,0,0,0,1,0,18,0,4,0,15,0,0,0,3,0,0,0,184,0,39,0,11,0,21,0,16,32,65,0,0,0,0,0,0,0,3,0,1,0,0,0,0,0,7,0,9,0,0,0,5,0,6,0,0,0,0,0,20,8,54,10,0,1,0,18
0,0,4,0,34,0,0,0,4,0,0,0,196,51,7,0,12,2,141,0,45,0,0,0,0,0,213,106,25,0,62,0,51,0,47,0,39,0,0,0,31,6,30,22,99,22,39,0,32,2,0,0,0,0,0,0,7,0,6,0,0,0,6,0,0,0,0,0,1,0,26,0,0,0,0,0,9,0,0,0,0,0,46,0,1,0,15,0,9,0,0,0,0,0,0,0,0,0,0,0,0,0,0,0,0,0,0,0,0,0,0,0,0,0,0,0,0,0,0,0,15,0,0,0,0,0,0,0,0,0,0,0,0,0,0,0,0,0,0,0,0,0,0,0,9,0,0,0,0,0,0,0,0,0,0,0,0,0,0,0,0,0,4,0,64,0,17,0,36,0,3,0,26,0,0,0,0,0,6,0,0,0,0,0,0,0,69,0,0,0,0,0,0,0,0,0,0,0,0,0,0,0,0,0,0,0,0,0,0,0,42,135,125,13,12,0,0,9,0,0,0,0,0,0,0
0,0,0,0,0,0,0,0,0,0,0,0,29,207,3,26,0,0,31,181,0,155,0,26,0,0,49,263,0,5,0,5,0,28,6,16,0,52,0,1,9,0,0,57,0,85,11,0,0,13,0,0,0,0,0,0,0,0,0,0,0,9,0,0,0,0,0,0,0,0,0,0,0,0,0,12,0,8,0,7,0,252,0,0,0,0,0,125,0,0,0,0,0,0,0,0,0,0,0,0,0,0,0,0,0,0,0,0,0,0,0,0,0,0,0,0,0,0,0,0,0,61,0,0,0,0,0,0,0,0,0,0,0,0,0,0,0,0,0,0,0,0,0,74,0,73,0,0,0,0,0,0,0,0,0,0,0,0,0,0,0,1,0,10,0,41,0,39,0,62,0,18,0,35,0,0,0,33,0,0,0,0,0,0,0,0,0,17,0,0,0,1,0,0,0,0,0,0,0,0,0,0,0,0,0,0,0,0,0,0,0,0,0,0,28,0,0,0,62,64,143,0,0,0,4
0,0,3,1,0,0,91,0,38,78,2,0,0,0,4,0,93,0,0,0,47,0,6,0,79,3,0,0,3,0,7,0,0,0,4,0,0,0,2,0,0,0,0,0,0,0,0,0,1,0,0,0,0,14,162,54,171,8,43,67,20,0,49,5,6,0,6,54,0,0,0,0,0,0,0,0,0,0,0,0,35,0,0,0,66,0,0,0,0,0,0,0,0,0,0,0,11,0,66,0,26,0,0,0,0,0,50,0,0,0,0,0,0,0,0,0,0,0,0,0,0,0,10,0,0,0,3,0,83,0,5,0,7,0,0,0,69,0,145,0,37,0,47,0,20,0,0,1,0,1,0,0,0,0,184,6,142,0,67,0,18,0,14,0,1,0,2,0,11,0,62,0,0,0,0,0,4,0,0,0,2,2,0,0,9,5,0,0,0,0,0,0,0,0,0,0,0,0,0,0,0,0,0,0,0,0,0,0,4,0,72,465,67,47,66,1,5,0,0,0,0,3,0,0,0
0,14,6,0,0,4,88,52,73,80,0,0,0,0,0,7,8,66,0,0,0,25,0,22,36,44,0,13,0,0,0,0,0,6,0,3,0,3,0,4,0,0,0,0,0,0,0,1,0,0,0,0,14,0,62,113,4,76,21,29,0,118,16,54,0,0,35,0,0,0,0,0,0,0,0,0,0,0,1,0,0,0,0,0,0,23,0,0,0,2,0,5,0,0,0,7,0,0,0,15,0,9,0,0,0,0,0,5,0,0,0,0,0,0,0,0,0,0,0,0,0,0,0,0,0,0,0,2,0,21,0,6,0,23,0,140,0,113,0,164,0,40,0,19,0,19,0,1,0,0,0,0,0,0,0,81,0,86,0,76,0,17,0,0,0,0,0,0,0,0,0,9,0,5,0,3,6,39,0,0,0,0,0,4,2,5,0,0,0,0,0,0,0,0,0,0,0,0,0,3,0,4,0,0,0,0,0,0,0,2,0,0,0,0,109,0,0,0,102,144,39,57,3,0,0
12,5,14,0,0,0,238,22,41,232,4,0,0,0,62,0,10,0,0,0,0,0,23,0,207,4,0,0,4,0,0,0,0,0,0,0,3,0,0,0,0,0,0,0,0,0,9,0,4,0,0,0,162,62,0,135,65,37,18,79,17,0,10,13,3,0,5,99,0,0,0,0,0,0,0,0,0,0,0,0,0,0,0,0,0,0,0,0,0,0,3,0,0,0,0,0,0,0,0,0,20,0,0,0,0,0,0,0,0,0,0,0,0,0,0,0,0,0,0,0,5,0,0,0,9,1,47,0,44,0,8,0,31,0,13,0,61,0,15,0,0,0,89,0,1,0,0,0,4,0,0,0,1,0,19,0,13,0,7,0,43,0,23,0,0,0,0,0,62,0,227,0,0,0,2,2,0,1,0,0,4,0,0,3,0,11,1,0,0,0,0,0,0,0,0,0,0,0,0,0,4,0,0,0,0,0,5,0,19,0,218,59,282,299,229,1,43,0,0,0,6,0,0,0,0
0,16,0,59,0,0,132,206,221,181,0,0,0,3,0,34,5,9,0,33,0,0,0,10,68,242,0,15,0,13,0,0,0,0,0,2,0,6,0,3,0,1,0,3,0,0,0,6,0,0,0,0,54,113,135,0,15,127,52,39,0,36,69,56,0,6,78,14,0,0,0,0,0,0,0,0,0,0,0,0,0,3,0,0,0,0,0,0,0,0,0,0,0,4,0,0,0,0,0,0,0,0,0,0,0,0,0,5,0,0,0,0,0,0,0,0,0,0,0,0,0,0,0,0,0,50,0,0,0,29,0,68,1,64,0,240,0,190,0,21,0,0,0,0,0,0,0,2,0,20,0,0,0,0,0,26,0,0,0,17,0,39,0,2,0,0,0,5,0,8,0,131,0,53,0,10,11,0,0,0,0,0,0,3,0,1,0,0,0,0,0,0,0,0,0,0,0,0,0,0,0,0,0,0,0,0,0,0,0,87,0,0,0,0,314,0,0,0,197,90,340,207,11,15,0
1,0,0,0,0,0,11,0,8,0,2,0,0,0,7,0,0,0,0,0,0,0,3,0,22,0,0,0,0,0,3,0,0,0,0,0,0,0,0,0,0,0,0,0,7,0,0,0,0,0,7,0,171,4,65,15,0,18,141,61,10,0,0,0,44,10,21,74,0,0,0,0,1,0,0,0,0,0,0,0,0,0,0,0,0,0,0,0,0,0,0,0,0,0,0,0,0,0,0,0,0,0,0,0,0,0,0,0,0,0,0,0,0,0,0,0,0,0,0,0,0,0,0,0,1,0,0,0,9,0,17,0,6,0,0,0,6,0,0,0,3,0,0,0,0,1,0,0,3,0,0,0,0,0,75,32,24,0,21,28,45,43,86,0,0,0,0,0,60,0,142,0,0,0,0,0,0,0,0,0,59,0,0,0,6,13,0,0,0,0,0,0,0,0,0,0,0,0,0,0,0,0,0,0,0,0,0,0,4,0,257,89,521,476,614,0,65,0,0,2,0,0,0,0,0
0,7,0,8,0,0,0,14,0,49,0,0,0,0,0,0,0,6,0,0,0,0,0,4,0,49,0,0,0,1,0,0,0,0,0,0,0,0,0,0,0,0,0,0,0,0,0,0,0,0,0,0,8,76,37,127,18,0,49,117,0,9,1,10,0,17,49,57,0,0,0,0,0,0,0,0,0,0,0,0,0,0,0,1,0,0,0,0,0,2,0,0,0,0,0,0,0,0,0,0,0,4,0,5,0,0,0,0,0,0,0,0,0,0,0,0,0,0,0,0,0,0,0,0,0,12,0,0,0,24,0,36,0,20,0,113,0,92,0,37,0,1,0,0,0,0,0,0,0,2,0,0,0,0,0,119,0,37,0,80,0,69,0,0,0,2,0,0,0,29,0,357,0,11,0,8,0,0,0,0,0,0,0,0,0,0,0,0,0,0,0,0,0,0,0,0,0,0,0,0,0,0,0,0,0,0,0,0,0,15,1,1,0,0,833,0,0,0,443,86,820,436,44,49,1
19,0,0,0,0,0,8,0,51,43,6,0,0,0,5,0,0,0,0,0,0,0,0,0,0,0,0,0,0,0,0,0,0,0,0,0,3,0,0,0,0,0,0,0,0,0,0,0,9,0,6,0,43,21,18,52,141,49,0,199,40,1,6,0,179,22,70,167,0,0,0,0,0,0,0,0,0,0,0,0,0,0,0,0,0,0,0,0,0,0,0,0,0,0,0,0,0,0,0,0,0,0,0,0,0,0,0,0,0,0,0,0,0,0,0,0,0,0,0,0,0,0,0,0,0,0,0,0,0,0,7,0,0,0,0,0,0,0,0,0,0,0,0,0,0,0,2,0,0,0,0,0,0,0,6,46,31,0,0,16,7,0,0,0,0,0,0,0,22,0,67,0,10,0,36,4,27,0,0,0,115,10,0,0,68,31,0,0,0,0,0,0,0,0,0,0,0,0,0,0,0,0,0,0,0,0,0,0,0,0,334,211,345,563,810,0,56,4,0,0,0,0,0,0,0
0,1,0,0,0,4,0,7,34,15,0,0,0,0,0,0,0,0,0,0,0,0,0,0,0,0,0,0,0,0,0,0,0,0,0,0,0,0,0,0,0,0,0,0,0,0,0,0,0,0,0,0,67,29,79,39,61,117,199,0,0,10,8,3,34,121,178,96,0,0,0,0,0,0,0,0,0,0,0,0,0,0,0,0,0,0,0,0,0,0,0,0,0,0,0,0,0,0,0,0,0,1,0,0,0,0,0,0,0,0,0,0,0,0,0,0,0,0,0,0,0,0,0,0,0,0,0,0,0,0,0,13,0,0,0,0,0,0,0,0,0,0,0,0,0,6,0,0,0,3,0,0,0,0,20,51,0,101,0,4,0,17,0,0,0,1,0,0,0,10,0,86,0,3,0,35,0,0,0,0,10,33,0,0,0,136,0,0,0,0,0,0,0,0,0,0,0,0,0,0,0,0,0,0,0,0,0,1,0,0,0,0,0,0,1055,0,0,0,552,168,432,422,58,18,0
14,0,36,0,0,0,105,0,43,0,0,0,0,0,0,0,20,0,0,0,0,0,11,0,123,0,0,0,11,0,0,0,0,0,0,0,0,0,3,0,0,0,0,0,0,0,0,0,0,0,0,0,20,0,17,0,10,0,40,0,0,0,52,0,0,0,5,0,0,0,0,0,0,0,7,0,0,0,0,0,1,0,0,0,0,0,0,0,0,0,0,0,0,0,2,0,0,0,0,0,0,0,0,0,0,0,0,0,0,0,0,0,0,0,0,0,0,0,0,0,0,0,2,0,0,0,0,0,7,0,0,0,0,0,0,0,0,0,149,0,31,0,4,0,72,0,0,0,0,0,0,0,0,0,71,0,28,0,6,0,0,0,0,0,0,0,1,0,5,0,112,0,38,0,0,0,39,0,0,0,0,0,27,0,25,0,0,0,0,0,0,0,0,0,0,0,0,0,0,0,0,0,0,0,0,0,0,0,2,0,146,333,35,54,77,0,0,0,0,0,0,0,0,0,0
0,61,0,50,0,0,0,175,0,74,0,0,0,0,0,0,0,0,0,9,0,19,0,0,0,46,0,0,0,1,0,6,0,11,0,9,0,12,0,8,0,0,0,1,0,0,0,0,0,0,0,9,0,118,0,36,0,9,1,10,0,0,0,16,0,0,0,0,0,0,0,0,0,0,0,0,0,0,0,0,0,0,0,0,0,0,0,0,0,0,0,0,0,0,0,0,0,0,0,0,0,0,0,0,0,0,0,0,0,0,0,0,0,0,0,0,0,0,0,0,0,0,0,2,0,0,0,0,0,0,0,0,0,0,0,0,0,0,0,40,0,36,0,26,0,62,0,0,0,0,0,0,0,0,0,22,0,52,0,23,0,0,0,0,0,0,0,0,0,3,0,94,0,72,0,0,9,134,0,0,0,0,0,24,0,0,0,0,0,0,0,0,0,0,0,0,0,0,0,0,0,0,0,0,0,0,0,0,0,0,0,0,0,0,54,0,0,0,53,441,95,51,1,11,0
0,4,26,3,0,0,149,39,45,82,0,0,0,0,9,0,381,0,0,0,114,0,35,0,231,21,34,0,21,0,13,0,0,0,0,0,15,0,10,0,0,0,0,0,13,0,0,0,0,0,6,0,49,16,10,69,0,1,6,8,52,0,0,11,0,0,1,5,0,0,25,0,0,0,18,0,0,0,10,0,11,0,0,0,0,0,33,0,9,0,0,0,0,0,0,0,0,0,0,0,0,0,2,0,0,0,3,0,0,0,0,0,0,0,0,0,0,0,0,0,40,0,0,0,0,0,0,0,11,0,0,0,0,0,0,0,17,0,43,0,25,0,19,0,32,0,6,0,0,0,0,0,0,0,33,0,11,2,6,0,0,0,1,0,0,0,0,0,0,0,12,0,10,0,0,0,0,0,0,0,0,0,19,1,35,0,0,0,0,0,0,0,0,0,0,0,0,0,0,0,0,0,0,0,0,0,0,0,0,0,27,240,0,0,14,0,0,0,2,1,0,4,0,0,0
19,56,16,69,0,3,75,309,49,103,0,3,0,0,0,38,14,160,0,59,0,127,0,95,88,177,0,20,0,55,0,20,0,10,0,6,0,11,0,10,0,0,0,0,0,0,0,0,0,0,0,0,5,54,13,56,0,10,0,3,0,16,11,0,0,0,0,0,0,0,0,0,0,0,0,0,0,0,0,0,0,0,0,0,0,0,0,0,0,0,0,0,0,0,0,0,0,0,0,0,0,0,0,0,0,0,0,0,0,0,0,0,0,0,0,0,0,0,0,0,0,0,0,0,0,0,0,0,0,0,0,0,0,0,0,53,0,61,0,91,0,30,0,26,0,49,0,0,0,0,0,0,0,0,0,28,0,57,0,8,0,0,0,0,0,0,0,0,0,0,0,0,0,6,0,0,13,149,0,0,0,0,0,25,0,0,0,0,0,0,0,0,0,0,0,0,0,0,0,0,0,0,0,0,0,0,0,0,0,0,0,0,0,0,15,0,0,0,32,212,18,0,0,0,0
10,0,3,0,5,0,34,0,126,0,0,0,3,0,4,0,0,0,5,0,0,0,0,0,0,0,0,0,0,0,0,0,0,0,1,0,0,0,0,0,0,0,0,0,0,0,0,1,0,0,0,0,6,0,3,0,44,0,179,34,0,0,0,0,0,41,77,21,0,0,0,0,0,0,0,0,0,0,0,0,0,0,0,0,0,0,0,0,0,0,0,0,0,0,0,0,0,0,0,0,0,0,0,0,0,0,0,0,0,0,0,0,0,0,0,0,0,0,0,0,0,0,0,0,0,0,0,0,0,0,14,0,0,0,0,0,0,0,2,0,0,4,0,0,5,7,3,0,22,0,0,0,2,0,2,49,0,0,2,37,165,115,0,0,0,0,0,0,0,0,0,0,0,0,14,0,0,0,0,0,226,27,8,0,83,0,0,0,0,0,0,0,0,0,0,0,0,0,0,0,0,0,0,0,0,0,0,0,1,0,33,5,24,0,100,0,0,0,0,0,0,0,0,0,0
0,23,0,0,0,6,0,2,0,58,0,5,0,1,0,0,0,0,0,14,0,0,0,0,0,0,0,17,0,0,0,0,0,0,0,0,0,0,0,0,0,0,0,0,0,0,0,0,0,0,0,0,0,0,0,6,10,17,22,121,0,0,0,0,41,0,13,368,0,0,0,0,0,0,0,0,0,0,0,0,0,1,0,0,0,0,0,3,0,0,0,0,0,0,0,0,0,0,0,0,0,0,0,0,0,0,0,0,0,0,0,0,0,0,0,0,0,0,0,0,0,0,0,0,0,14,0,0,0,0,36,34,0,0,0,0,0,0,26,5,0,6,0,0,0,20,0,12,0,118,0,2,0,3,31,2,1,0,39,7,128,161,0,0,0,0,0,0,0,4,0,3,0,0,0,17,0,0,0,0,28,133,0,3,0,69,0,0,0,0,0,0,0,0,0,0,0,1,0,0,0,0,0,0,0,0,0,4,0,16,0,0,0,0,136,0,0,0,74,2,0,0,7,0,0
19,0,0,0,0,0,10,0,54,62,4,0,5,0,0,0,0,0,0,0,0,0,0,0,0,0,0,0,0,0,0,0,0,0,0,0,0,0,0,0,0,0,0,0,2,0,0,0,0,0,0,0,6,35,5,78,21,49,70,178,5,0,1,0,77,13,0,99,0,0,0,0,0,0,0,0,0,0,0,0,0,0,0,0,0,0,0,0,0,0,0,0,0,0,0,0,0,0,0,0,0,0,0,0,0,0,0,0,0,0,0,0,0,0,0,0,0,0,0,0,0,0,0,0,0,0,2,0,0,0,24,0,0,0,0,0,0,0,0,0,0,0,0,0,0,0,3,0,15,0,0,0,0,0,0,31,5,0,1,21,18,0,0,0,0,0,0,0,0,0,0,0,0,0,58,6,63,0,0,0,150,0,0,0,412,32,0,0,0,0,0,0,0,0,0,0,0,0,0,0,0,0,0,0,0,0,0,0,0,0,53,34,39,64,117,0,0,0,0,0,0,0,0,0,0
0,7,0,0,0,0,0,3,30,26,0,0,0,0,0,0,0,0,0,0,0,0,0,0,0,0,0,0,0,0,0,0,0,0,0,0,0,0,0,0,0,0,0,0,0,0,0,0,0,0,0,0,54,0,99,14,74,57,167,96,0,0,5,0,21,368,99,0,0,1,0,0,0,0,0,0,0,0,0,0,0,0,0,0,0,0,0,0,0,0,0,0,0,0,0,0,0,0,0,0,0,0,0,0,0,0,0,0,0,0,0,0,0,0,0,0,0,0,0,0,0,0,0,0,0,4,0,0,0,0,0,47,0,0,0,0,0,0,1,0,0,0,0,0,0,0,0,0,0,41,0,1,0,0,22,9,0,31,8,4,0,16,0,0,0,0,0,0,0,1,0,0,0,0,3,130,1,2,0,0,10,50,0,0,10,504,0,0,0,0,0,0,0,0,0,0,0,0,0,0,0,0,0,0,0,0,0,0,0,0,0,0,0,0,217,0,0,0,124,61,58,85,0,0,0
0,0,0,0,0,0,0,0,0,0,0,0,0,0,0,0,0,0,0,0,0,0,0,0,0,0,0,0,0,0,0,0,0,0,0,0,0,0,0,0,0,0,0,0,7,0,0,0,9,0,1,0,0,0,0,0,0,0,0,0,0,0,0,0,0,0,0,0,0,0,0,0,9,0,0,0,77,0,26,0,0,0,54,0,0,0,0,0,6,0,0,0,38,0,10,0,7,1,0,0,8,0,243,0,0,0,0,0,43,0,7,0,5,0,15,0,0,0,0,0,0,0,0,0,0,0,0,0,0,0,0,0,0,0,0,0,0,0,0,0,0,0,0,0,0,0,0,0,0,0,0,0,2,0,0,0,0,0,0,0,0,0,0,0,16,0,0,0,72,0,0,0,0,0,0,0,0,0,0,0,0,0,0,0,0,0,0,0,0,0,0,0,0,0,0,0,0,0,0,0,0,0,0,0,68,0,0,0,0,0,49,5,66,0,0,95,25,0,0,0,0,0,0,0,0
0,0,0,0,0,0,0,0,0,0,0,0,0,0,0,0,0,0,0,0,0,0,0,0,0,0,0,0,0,0,0,0,0,0,0,0,0,0,0,0,0,0,0,0,0,8,0,2,0,0,0,0,0,0,0,0,0,0,0,0,0,0,0,0,0,0,0,1,0,0,0,0,0,0,0,0,0,68,0,0,0,0,0,46,0,0,0,0,0,25,0,0,0,41,0,43,0,0,0,0,0,15,0,176,0,0,0,0,0,24,0,0,0,0,0,14,0,0,0,0,0,0,0,0,0,0,0,0,0,0,0,0,0,0,0,0,0,0,0,0,0,0,0,0,0,0,0,0,0,0,0,0,0,0,0,0,0,0,0,0,0,2,0,0,0,27,0,0,0,50,0,0,0,0,0,0,0,0,0,0,0,0,0,0,0,0,0,0,0,0,0,0,0,0,0,0,0,3,0,0,0,0,0,0,0,0,0,5,0,0,0,0,0,0,0,0,0,0,31,6,54,2,11,4,4
0,0,0,0,0,0,0,0,0,0,0,0,0,0,0,0,127,0,4,0,159,0,6,0,11,0,44,0,19,0,13,0,0,0,38,0,128,0,0,0,0,0,0,0,42,0,0,0,0,0,26,0,0,0,0,0,0,0,0,0,0,0,25,0,0,0,0,0,0,0,0,0,214,0,173,0,0,0,292,0,0,0,0,0,9,0,15,0,0,0,0,0,0,0,0,0,0,0,0,0,0,0,0,0,0,0,0,0,0,0,0,0,0,0,0,0,0,0,0,0,9,0,21,0,0,0,10,0,1,0,0,0,0,0,45,0,32,0,15,0,166,0,35,0,99,0,4,0,0,0,22,0,0,0,1,0,44,0,0,0,0,0,53,0,0,0,12,0,19,0,56,0,87,0,7,0,0,0,0,0,18,6,0,0,0,0,0,0,0,0,0,0,0,0,0,0,0,0,13,0,6,0,0,0,0,0,29,0,49,0,0,0,27,0,0,0,0,0,0,0,0,0,0,0,0
0,0,0,0,0,0,0,1,0,0,0,0,0,0,0,0,0,0,0,0,0,15,0,0,0,0,0,0,0,0,0,0,0,0,0,0,0,0,0,0,0,0,0,20,0,0,0,0,0,0,0,0,0,0,0,0,0,0,0,0,0,0,0,0,0,0,0,0,0,0,0,0,0,70,0,174,0,0,0,18,0,0,0,0,0,0,0,41,0,0,0,0,0,0,0,0,0,0,0,0,0,0,0,0,0,0,0,0,0,0,0,0,0,0,0,0,0,0,0,0,0,3,0,3,0,33,0,0,0,0,2,4,0,27,0,0,0,0,0,2,0,27,0,3,0,51,0,29,0,0,0,7,0,16,0,0,0,6,0,1,0,0,0,47,0,0,0,11,0,17,0,8,0,7,0,10,0,0,0,0,0,13,0,0,0,0,0,0,0,0,0,0,0,0,0,0,0,0,0,0,0,0,0,0,0,0,0,0,0,15,0,0,0,0,5,0,0,0,25,0,34,11,0,0,0
0,0,0,0,0,0,0,0,0,0,0,0,0,0,0,0,0,0,0,0,0,0,0,0,0,0,0,0,0,0,0,0,0,0,0,0,8,0,0,0,0,0,0,0,0,0,0,0,0,0,0,0,0,0,0,0,1,0,0,0,0,0,0,0,0,0,0,0,9,0,214,0,0,0,105,0,81,0,333,0,3,0,15,0,16,0,8,0,0,0,0,0,2,0,0,0,8,0,0,0,0,0,0,0,0,0,0,0,0,0,0,0,0,0,0,0,0,0,0,0,15,0,4,0,14,0,43,0,0,0,0,0,15,0,117,0,49,0,10,0,35,0,79,0,73,0,34,0,0,0,119,0,15,0,0,0,6,0,0,0,0,0,61,0,0,0,4,0,2,0,18,0,0,0,0,0,0,0,0,0,40,0,0,0,0,0,0,0,23,0,0,0,0,0,0,0,0,0,72,0,87,0,0,0,65,0,0,0,108,0,207,0,17,16,40,0,3,0,0,0,0,0,0,0,0
0,0,0,0,0,0,0,0,0,0,0,0,0,0,0,0,0,0,0,0,0,12,0,0,0,0,0,0,0,0,0,0,0,0,0,0,0,0,0,0,0,0,0,0,0,0,0,0,0,0,0,0,0,0,0,0,0,0,0,0,0,0,0,0,0,0,0,0,0,0,0,70,0,0,0,389,0,80,0,51,0,57,0,7,0,25,0,131,0,0,0,0,0,0,0,3,0,0,0,0,0,3,0,1,0,0,0,0,0,0,0,0,0,0,0,0,0,0,0,0,0,13,0,6,0,0,0,62,0,3,0,0,0,27,0,39,0,19,0,0,0,0,0,5,0,35,0,52,0,0,0,24,0,0,0,0,0,0,0,0,0,0,0,51,0,0,0,0,0,5,0,8,0,0,0,8,0,0,0,0,12,23,0,0,0,0,0,0,0,0,0,0,0,0,0,0,0,0,0,0,0,23,7,0,0,0,0,0,0,56,0,0,0,0,19,0,0,0,89,0,0,0,6,0,0
0,0,0,0,0,0,0,0,0,0,0,0,3,0,0,0,68,0,0,0,128,0,12,0,14,0,0,0,18,0,16,0,0,0,20,0,64,0,5,0,0,0,0,0,0,0,0,0,3,0,0,0,0,0,0,0,0,0,0,0,7,0,18,0,0,0,0,0,0,0,173,0,105,0,0,0,17,0,132,0,0,0,12,0,19,0,20,3,0,0,0,0,0,0,0,0,1,0,0,0,0,0,3,0,0,0,0,0,0,0,0,0,0,0,0,0,0,0,0,0,25,0,36,0,0,16,0,0,0,0,0,3,5,0,28,0,48,0,9,0,141,0,89,0,62,0,6,0,0,0,0,0,4,0,0,0,17,0,0,0,0,0,41,0,0,0,0,0,10,0,25,0,42,0,0,0,0,0,1,0,37,4,0,0,0,0,0,0,0,0,0,0,0,0,0,0,0,0,0,1,8,0,0,0,0,0,0,0,33,0,6,0,9,0,0,0,0,0,0,0,0,0,0,0,0
0,0,0,0,0,0,0,0,0,0,0,0,0,0,0,0,0,0,0,0,0,21,0,2,0,0,0,0,0,0,0,0,0,0,0,9,0,4,0,0,0,0,0,0,0,0,0,0,0,0,0,12,0,0,0,0,0,0,0,0,0,0,0,0,0,0,0,0,0,0,0,174,0,389,0,0,0,44,0,36,0,0,0,0,0,33,0,91,0,0,0,0,0,0,0,0,0,0,0,0,0,0,0,0,0,0,0,0,0,0,0,0,0,0,0,0,0,0,0,0,0,107,0,25,0,0,0,96,0,0,0,0,0,0,0,0,0,0,0,2,0,23,0,14,0,132,0,61,0,0,0,36,0,25,0,0,0,6,0,0,0,0,0,110,0,0,0,0,0,22,0,4,0,9,0,8,0,0,0,0,0,27,0,0,0,0,0,0,0,0,0,0,0,0,0,0,0,0,0,0,0,9,0,0,0,0,0,50,0,52,0,0,0,0,11,0,0,0,68,6,59,0,6,0,0
0,0,0,0,0,0,0,0,0,0,0,0,0,0,0,0,0,0,0,0,0,0,0,0,0,0,0,0,0,0,0,0,0,0,0,0,16,0,0,0,0,0,0,0,20,0,0,0,9,0,9,0,0,0,0,0,0,0,0,0,0,0,0,0,0,0,0,0,77,0,0,0,81,0,17,0,0,0,74,0,30,0,37,0,0,0,56,0,0,0,7,0,6,0,19,0,0,0,38,0,12,0,98,0,72,0,0,0,15,0,0,0,0,0,5,0,0,0,0,0,0,0,0,0,0,0,5,0,0,0,0,0,0,0,0,0,0,0,0,0,13,0,60,0,0,0,0,0,0,0,0,0,0,0,0,0,5,0,0,0,0,0,0,0,14,0,0,0,42,0,0,0,0,0,0,0,0,0,0,0,0,0,0,0,0,0,0,0,102,0,0,0,101,0,29,0,4,0,0,0,51,0,0,0,188,0,0,0,0,0,87,19,39,1,12,46,3,1,0,0,0,0,0,0,0
0,0,0,0,0,0,0,0,0,0,0,0,0,0,0,0,0,0,0,0,0,0,0,0,0,0,0,0,0,0,0,0,0,0,0,0,0,0,0,0,0,0,0,0,0,0,0,0,0,3,0,8,0,0,0,0,0,0,0,0,0,0,0,0,0,0,0,0,0,68,0,0,0,80,0,44,0,0,0,11,0,69,0,67,0,19,0,144,0,17,0,0,0,17,0,72,0,0,0,0,0,10,0,140,0,38,0,0,0,7,0,1,0,0,0,0,0,15,0,0,0,0,0,0,0,0,0,0,0,0,0,0,0,0,0,26,0,0,0,0,0,0,0,0,0,4,0,9,0,2,0,0,1,0,0,0,0,0,0,0,0,0,0,0,0,7,0,0,0,56,0,0,0,0,0,0,0,0,0,0,0,0,0,0,0,0,0,0,0,92,0,0,0,0,0,40,0,22,0,0,0,0,0,0,0,0,0,0,0,0,1,0,0,0,26,0,0,0,86,7,52,0,13,0,1
0,0,0,0,0,0,0,0,0,0,0,0,0,0,0,0,51,0,0,0,0,0,0,0,25,0,0,0,0,0,0,0,0,0,0,0,0,0,0,0,0,0,0,0,0,0,0,0,6,0,0,0,0,1,0,0,0,0,0,0,0,0,10,0,0,0,0,0,26,0,292,0,333,0,132,0,74,0,0,0,18,0,26,0,0,0,59,0,0,0,0,0,5,0,6,0,0,0,23,0,0,0,12,0,0,0,0,0,0,0,0,0,1,0,0,0,0,0,0,0,70,0,18,0,0,0,0,0,0,0,0,0,0,0,169,0,0,0,0,0,114,0,165,0,38,0,0,0,0,0,0,0,0,0,0,0,25,0,0,0,0,0,30,0,10,0,12,0,42,0,0,0,0,0,0,0,0,0,0,0,0,0,0,0,0,0,0,0,0,0,0,0,0,0,0,0,0,0,0,0,114,0,240,0,100,0,0,0,116,0,243,9,53,0,26,34,0,0,0,0,0,0,0,0,0
0,0,0,1,0,0,0,0,0,0,0,0,0,0,0,2,0,0,0,0,0,0,0,0,0,0,0,0,0,3,0,0,0,0,0,0,0,0,0,0,0,0,0,0,0,0,0,0,0,0,0,7,0,0,0,0,0,0,0,0,0,0,0,0,0,0,0,0,0,0,0,18,0,51,0,36,0,11,0,0,0,0,0,2,0,24,0,16,0,0,0,0,0,0,0,0,0,0,0,0,0,0,0,0,0,0,0,0,0,0,0,0,0,0,0,0,0,0,0,0,0,8,0,5,0,0,1,27,0,0,0,0,0,0,0,0,0,11,0,0,0,6,0,5,0,25,0,16,0,0,0,16,0,0,0,0,0,0,0,0,0,0,0,7,0,0,0,0,0,6,0,0,0,0,0,2,0,0,0,0,0,0,0,0,0,0,0,0,0,0,0,0,0,0,0,0,0,1,0,0,0,7,0,0,0,0,0,0,0,25,0,0,0,0,0,0,0,0,12,0,0,0,0,0,0
