0,90,166,55,20,13,53,34,170,4,127,25,59,0,47,106,33,0,15,3,79,0,63,10,8,36,22,2,95,0,27,0,162,0,21,1,78,6,381,6,13,0,4,0,22,0,24,0,20,0,35,0,0,0,11,0,0,0,0,1,18,2,16,0,39,0,54,0,0,0,0,0,0,0,0,0,0,0,0,0,0,0,0,0,0,0,3,0,0,0,0,0,0,0,0,0,0,1,0,0,0,0,0,0,2,0,5,0,0,0,0,0,0,0,0,0,0,0,1,0,0,0,0,0,17,2,13,0,0,0,22,0,0,0,10,0,8,0,0,0,0,0,5,0,0,0,33,0,39,0,11,0,15,0,0,0,0,0,0,0,14,0,1,0,5,0,32,1,19,0,6,0,114,3,2,0,62,55,18,0,15,0,4,1,52,0,19,0,0,0,0,0,0,0,0,0,0,0,2,0,0,0,0,0,0,0,1,0,9,0,6,0,0,0,65,2,0,0,0,0,298,22,26,0,66,4,22,2,364,8,98,0,295,17,29,5,0,0,105,0,9,0,9,0,512,3,0,0,0
90,0,37,83,0,108,40,98,31,175,4,254,0,21,4,50,0,29,0,56,2,67,11,24,3,90,0,27,1,107,0,43,3,251,0,49,1,439,11,170,0,0,0,0,0,26,0,0,0,0,0,22,0,0,0,16,0,0,0,15,2,59,1,5,0,155,2,62,0,0,0,0,0,0,0,0,0,0,0,0,0,0,0,0,0,6,0,0,0,0,0,5,0,0,0,0,0,0,0,6,0,0,0,0,0,0,0,16,0,0,0,0,0,8,0,0,0,0,0,0,0,0,0,0,0,28,0,26,0,0,0,18,0,10,0,15,0,47,0,5,0,2,0,14,0,0,0,33,0,210,0,42,0,33,0,5,0,0,0,5,0,22,0,0,0,5,1,12,2,6,0,7,4,64,0,16,17,182,0,0,0,71,0,8,0,97,0,1,0,0,0,0,0,0,0,0,0,3,0,1,0,0,0,0,0,0,0,13,0,67,0,23,0,3,7,97,0,23,0,13,30,561,4,25,5,84,0,17,44,518,6,69,7,649,9,61,0,0,7,23,2,0,0,0,25,339,0,0,0
166,37,0,30,58,9,178,3,20,1,4,18,65,0,352,76,73,0,57,0,325,0,309,3,92,10,51,0,119,0,61,0,220,0,15,0,86,0,320,1,25,0,9,0,33,0,25,0,20,0,24,0,7,0,38,0,19,0,0,0,0,0,38,0,10,0,13,0,0,0,0,0,0,0,0,0,0,0,0,0,0,0,0,0,0,0,0,0,0,0,0,0,0,0,0,0,0,0,0,0,0,0,0,0,0,0,17,0,0,0,0,0,0,0,0,0,0,0,0,0,0,0,0,0,15,0,18,0,3,0,12,0,0,0,35,0,32,0,0,0,0,0,32,0,0,0,25,0,21,0,10,0,8,0,1,0,0,0,0,0,12,0,0,0,4,0,36,0,14,0,8,0,52,0,1,0,23,20,0,0,4,0,0,0,1,0,4,0,0,0,0,0,0,0,0,0,0,0,0,0,6,0,0,0,0,0,6,0,13,0,3,0,0,0,19,1,0,0,6,0,121,16,9,0,35,1,10,2,183,4,16,0,0,0,9,1,0,0,0,0,0,0,0,0,99,0,0,0,0
55,83,30,0,0,79,9,128,0,7,2,6,0,2,0,141,0,89,0,75,0,103,10,101,4,107,0,18,0,57,0,38,1,128,0,38,0,56,8,11,0,2,0,0,0,21,0,0,0,1,1,10,0,2,0,39,0,6,0,7,0,0,0,9,0,0,1,0,0,0,0,0,0,0,0,0,0,1,0,0,0,0,0,0,0,0,0,0,0,0,0,9,0,0,0,0,0,12,0,4,0,0,0,0,0,0,0,0,0,0,0,0,0,0,0,0,0,0,0,0,0,0,0,0,0,13,0,7,0,0,0,4,0,12,0,21,0,44,0,6,0,0,0,17,0,0,0,1,0,0,0,0,0,0,0,12,0,0,0,0,0,24,0,0,0,0,1,5,0,0,0,0,2,8,0,2,9,105,0,5,0,7,0,0,0,0,0,0,0,0,0,0,0,0,0,0,0,0,0,0,0,0,0,0,0,0,0,0,0,10,0,0,0,0,5,5,0,6,0,3,27,92,1,2,0,9,0,2,32,103,3,0,7,46,0,0,0,0,1,0,0,0,0,0,16,18,0,0,0
20,0,58,0,0,19,4,0,5,0,12,13,166,24,91,22,9,0,66,57,180,13,19,1,0,0,121,14,0,0,58,0,41,0,99,0,54,3,15,0,48,10,0,2,27,2,23,0,2,0,141,3,0,0,4,0,0,0,0,0,0,0,0,0,0,0,0,0,0,0,0,0,0,0,0,0,0,0,0,0,0,0,0,0,0,0,0,0,0,0,0,0,0,0,0,0,0,0,0,0,1,0,0,0,0,0,0,0,0,0,0,0,0,0,0,0,0,0,2,0,0,0,0,0,3,0,0,0,0,0,1,0,0,0,0,0,4,0,0,0,0,0,5,0,0,0,5,0,9,0,0,1,0,0,0,0,0,0,0,0,0,0,0,0,23,0,36,0,20,0,0,0,8,0,0,0,17,15,7,0,12,0,0,0,7,0,3,0,0,0,0,0,0,0,0,0,0,0,0,0,0,0,0,0,0,0,0,0,2,0,1,0,0,0,0,0,0,0,1,0,42,3,0,0,73,5,0,0,83,3,13,0,18,0,1,0,0,0,8,0,0,0,0,0,36,0,0,0,0
13,108,9,79,19,0,0,33,0,3,16,72,8,33,26,51,0,0,12,81,22,129,3,34,0,18,0,120,0,1,4,65,6,67,0,110,7,117,1,0,0,20,0,39,5,60,0,4,0,0,3,86,0,0,0,6,0,0,0,0,0,0,0,1,0,4,0,0,0,0,0,0,0,0,0,0,0,0,0,0,0,0,0,0,0,0,0,0,0,0,0,0,0,0,0,0,0,12,0,0,0,0,0,2,0,0,0,0,0,0,0,0,0,0,0,0,0,0,0,0,0,0,0,0,0,0,0,0,0,0,0,2,0,0,0,13,0,16,0,0,0,0,0,7,0,0,0,0,0,23,0,18,0,9,0,0,0,0,0,0,0,0,0,0,0,3,0,15,1,6,0,0,1,0,0,2,10,122,0,4,0,39,0,3,0,9,0,2,0,0,0,0,0,0,0,0,0,1,0,2,0,0,0,0,0,0,0,0,0,5,0,0,0,0,0,0,0,0,0,3,10,123,0,0,7,115,0,5,11,162,0,28,4,89,0,13,0,3,0,4,0,0,0,0,5,38,0,0,0
53,40,178,9,4,0,0,19,47,18,8,3,17,0,27,6,25,0,14,0,23,0,100,0,222,26,0,0,47,0,0,0,19,0,0,0,20,2,191,5,3,0,1,0,0,0,0,0,13,0,0,0,251,0,246,0,22,0,7,0,318,0,705,0,11,0,36,0,0,0,0,0,0,0,0,0,0,0,0,0,0,0,0,0,0,0,0,0,0,0,0,0,0,0,0,0,0,0,0,0,0,0,0,0,0,0,32,0,0,0,0,0,0,0,0,0,0,0,0,0,0,0,0,0,26,0,20,0,0,0,21,0,17,0,38,0,19,0,0,0,0,0,48,0,0,0,10,0,10,0,0,0,4,0,10,0,0,0,0,0,33,0,0,0,0,0,0,0,38,0,38,0,160,0,0,0,5,6,0,0,0,0,0,0,0,0,1,0,0,0,0,0,0,0,0,0,0,0,0,0,0,0,0,0,0,0,0,0,18,0,0,0,0,0,121,0,0,0,20,1,314,8,60,0,97,2,51,0,474,3,10,0,204,6,31,0,1,0,27,0,0,0,1,0,229,0,0,0,0
34,98,3,128,0,33,19,0,44,52,0,7,0,0,0,52,0,36,0,17,0,37,0,10,3,183,0,0,0,178,0,13,0,127,0,10,0,292,9,443,0,1,0,0,0,0,0,0,0,0,0,5,0,4,0,185,0,21,0,44,0,213,4,75,0,5,2,9,0,0,0,0,0,11,0,0,0,0,0,0,0,2,0,0,0,5,0,0,0,3,0,0,0,0,0,0,0,24,0,4,0,0,0,0,0,0,0,9,0,0,0,0,0,0,0,0,0,0,0,0,0,0,0,0,0,25,0,11,0,14,0,11,0,31,0,26,0,93,0,6,0,2,0,19,0,0,0,9,0,18,0,0,0,0,0,31,0,0,0,16,0,52,0,0,0,4,0,7,0,4,0,0,5,59,0,2,3,29,0,0,0,3,0,5,1,0,0,0,0,0,0,0,0,0,0,0,0,0,0,0,0,0,0,3,0,0,0,8,0,39,0,4,0,0,6,62,0,0,2,19,19,452,0,36,3,60,0,5,17,465,2,14,12,322,6,32,0,0,0,13,0,0,0,0,16,96,0,0,0
170,31,20,0,5,0,47,44,0,140,18,0,42,0,9,0,5,0,2,1,0,0,0,0,25,31,9,0,0,0,0,0,2,0,2,0,7,0,33,0,4,0,1,0,0,0,0,0,10,0,0,0,314,0,142,5,4,0,6,2,395,11,523,1,168,0,253,15,0,0,0,0,0,0,0,0,0,0,0,0,0,0,0,0,0,0,0,0,0,0,0,0,0,0,0,0,2,0,0,0,0,0,2,0,11,0,2,0,0,0,0,0,0,0,0,0,0,0,0,0,0,0,0,0,40,0,27,0,0,0,27,0,12,0,0,0,0,1,0,0,1,0,0,0,0,0,71,0,100,0,14,0,31,0,9,0,3,0,0,0,17,0,0,0,0,0,0,0,22,0,41,0,80,0,12,0,109,36,6,0,10,0,15,9,52,2,0,0,0,0,0,0,0,0,0,0,1,0,0,0,0,0,0,0,0,0,5,0,18,0,0,0,0,0,261,21,0,0,17,3,356,38,61,8,96,3,0,3,438,9,41,0,301,34,45,2,0,0,80,0,6,1,0,1,615,7,0,0,0
4,175,1,7,0,3,18,52,140,0,0,29,0,0,0,2,0,0,0,0,0,0,0,2,1,13,1,0,0,0,0,0,0,10,0,9,0,65,2,110,0,0,0,0,0,0,0,0,3,2,0,10,16,12,0,180,0,9,0,46,23,334,14,199,3,338,21,273,0,0,0,0,0,0,0,0,0,0,0,0,0,0,0,0,0,0,0,0,0,0,0,0,0,0,0,0,0,0,0,1,0,0,0,0,0,0,0,0,0,0,0,0,0,0,0,0,0,0,0,0,0,0,0,0,0,65,0,24,0,4,0,37,0,11,0,10,0,18,0,0,0,0,0,0,0,0,0,57,0,175,0,0,0,13,0,0,0,7,0,4,0,41,1,0,0,9,0,2,2,4,0,5,7,17,4,5,20,153,0,0,0,4,0,21,0,52,0,0,0,0,0,0,0,1,0,0,0,2,0,0,0,0,0,1,0,0,0,13,0,41,9,0,0,12,39,327,0,0,2,35,77,509,10,64,6,98,1,24,44,397,1,16,31,771,17,76,0,2,5,22,0,0,0,0,38,318,0,0,0
127,4,4,2,12,16,8,0,18,0,0,15,192,0,71,49,8,0,12,1,161,0,4,0,0,0,27,2,0,0,65,0,85,2,37,1,54,2,6,0,23,0,3,0,16,0,4,0,11,0,50,0,0,0,0,0,0,0,1,0,0,0,0,0,8,0,3,0,0,0,0,0,0,0,0,0,0,0,0,0,0,0,0,0,0,0,0,0,0,0,0,0,0,0,0,0,0,0,0,0,0,0,0,0,0,0,1,0,0,0,0,0,0,0,0,0,0,0,0,0,0,0,0,0,0,0,3,0,0,0,1,0,0,0,0,0,1,0,0,0,0,0,0,0,0,0,8,0,5,0,4,0,0,0,0,0,0,0,0,0,0,0,1,0,0,0,42,0,0,0,0,0,9,0,0,1,21,10,8,0,8,0,2,0,14,0,24,0,0,0,0,0,0,0,0,0,0,0,0,0,0,0,0,0,0,0,0,0,3,0,0,0,0,0,3,0,0,1,0,0,70,4,9,0,30,0,4,0,83,2,17,0,37,1,3,0,0,0,4,0,0,0,0,0,62,0,0,0,0
25,254,18,6,13,72,3,7,0,29,15,0,8,204,34,24,0,1,21,60,14,101,4,17,0,6,3,120,0,0,2,65,5,83,7,123,6,156,0,0,0,131,0,40,2,135,0,23,0,30,0,98,0,0,0,1,0,0,0,5,0,1,0,0,0,19,0,4,0,0,0,0,0,0,0,0,0,0,0,0,0,0,0,0,0,0,0,0,0,0,0,0,0,0,0,0,0,0,0,0,0,0,0,0,0,3,0,0,0,0,0,4,0,3,0,0,0,0,0,0,0,0,0,0,0,7,0,0,0,0,0,0,0,0,0,0,0,12,0,1,0,0,0,0,0,1,0,0,0,40,0,15,0,21,0,0,0,0,0,0,0,2,0,0,0,6,6,10,5,2,0,0,2,10,0,14,16,218,0,10,0,63,0,0,0,31,0,28,0,0,0,0,0,0,0,0,0,0,0,0,0,0,0,0,0,0,0,1,0,16,0,9,0,0,1,7,0,0,0,11,11,236,0,15,0,125,0,12,20,201,1,42,4,156,4,23,0,0,0,0,0,0,0,0,8,107,0,0,0
59,0,65,0,166,8,17,0,42,0,192,8,0,64,26,2,0,0,64,69,37,13,0,0,1,0,164,90,0,0,4,0,2,0,78,2,10,0,0,0,163,64,36,5,35,8,74,7,55,1,386,0,0,0,5,0,0,0,0,0,0,0,0,0,14,0,6,0,0,0,0,0,0,0,0,0,0,0,2,0,0,0,0,0,0,0,0,0,0,0,0,0,0,0,0,0,0,0,0,0,0,0,0,0,2,0,0,0,0,0,0,0,0,0,0,0,0,0,0,0,0,0,0,0,7,0,11,0,0,0,6,0,2,0,7,0,1,0,0,0,0,0,0,0,1,0,34,0,29,0,18,0,37,0,0,0,0,0,0,0,3,0,0,0,28,0,4,0,0,0,0,0,0,0,9,0,42,24,25,0,111,0,47,0,73,0,37,4,0,0,0,0,0,0,0,0,1,0,0,0,0,0,0,0,0,0,4,0,10,0,3,0,0,0,0,0,5,0,6,17,13,0,0,5,258,1,5,0,65,0,13,0,0,0,0,0,2,0,0,0,0,0,0,0,18,0,0,0,0
0,21,0,2,24,33,0,0,0,0,0,204,64,0,37,4,0,0,117,9,7,40,0,0,0,0,60,164,0,0,2,0,0,0,0,18,2,37,0,0,10,128,7,102,7,100,0,47,0,37,17,176,0,0,0,0,0,0,0,0,0,0,0,0,0,0,0,0,0,0,0,0,0,0,0,0,0,0,0,0,0,0,0,0,0,0,2,0,0,0,0,0,0,0,0,0,0,0,0,0,0,0,0,2,0,0,0,0,0,0,0,0,0,0,0,0,0,0,0,0,0,0,0,0,0,0,0,0,0,0,0,0,0,0,0,0,0,0,0,0,0,0,0,0,0,0,0,0,0,3,0,2,0,0,0,0,0,0,0,0,0,0,0,0,0,6,0,0,0,6,0,0,0,0,0,0,3,100,0,10,0,15,0,0,0,6,0,14,0,0,0,0,0,0,0,0,0,0,0,0,0,0,0,0,0,0,0,0,0,0,0,0,0,3,0,0,0,0,0,39,0,12,0,24,24,215,0,0,0,57,0,6,0,12,0,2,0,0,0,0,0,0,0,0,0,7,0,0,0
47,4,352,0,91,26,27,0,9,0,71,34,26,37,0,8,20,0,152,77,234,12,229,0,37,0,169,8,0,0,40,0,21,1,57,9,33,6,0,0,18,3,9,1,53,1,11,0,6,0,58,5,2,0,18,0,0,0,0,0,0,0,0,0,0,0,0,0,0,0,0,0,0,0,0,0,0,0,0,0,0,0,0,0,2,0,0,0,0,0,2,0,0,0,0,0,0,0,0,0,0,0,0,0,3,0,15,0,0,0,0,0,0,0,0,0,0,0,0,0,0,0,0,0,20,0,9,0,4,0,10,0,10,0,29,0,37,0,0,0,0,0,24,0,0,0,24,0,27,0,10,0,21,0,0,0,0,0,0,0,6,0,0,0,9,0,43,0,21,0,0,0,7,0,3,0,23,23,36,0,42,1,7,0,21,0,0,1,0,0,0,0,0,0,0,0,0,0,0,0,0,0,0,0,0,0,0,0,15,0,1,0,0,0,0,0,0,0,1,0,23,2,0,0,26,3,2,1,47,5,10,0,8,0,2,0,1,0,0,0,0,0,0,0,18,2,0,0,0
106,50,76,141,22,51,6,52,0,2,49,24,2,4,8,0,0,11,0,197,38,226,17,112,3,82,1,32,0,11,13,71,26,99,3,100,25,70,7,1,1,0,0,32,4,33,0,0,0,0,5,22,0,0,0,29,0,0,0,0,0,0,0,6,0,0,0,1,0,0,0,0,0,0,0,0,0,0,0,0,0,0,0,0,0,0,0,0,0,0,0,0,0,0,0,0,0,17,0,9,0,0,0,0,0,0,0,0,0,0,0,0,0,0,0,0,0,0,0,1,0,1,0,0,0,0,0,0,0,0,0,0,0,6,0,19,0,32,0,0,0,2,0,23,0,0,1,1,1,11,0,3,0,1,0,0,0,0,0,0,0,0,0,0,0,2,15,11,9,0,0,0,3,4,0,0,31,162,0,0,2,6,0,0,0,0,0,0,0,0,0,0,0,0,0,0,0,0,0,0,0,0,0,0,0,0,0,0,0,8,0,0,0,0,0,0,0,0,0,0,44,62,0,0,2,14,2,2,70,96,0,0,17,24,0,1,0,0,0,0,2,0,0,0,18,9,0,0,0
33,0,73,0,9,0,25,0,5,0,8,0,0,0,20,0,0,0,51,0,316,0,154,0,312,0,32,0,179,0,108,0,77,0,56,0,72,0,198,0,0,0,0,0,99,0,12,0,0,0,42,0,44,0,28,0,26,0,0,0,23,0,347,0,0,0,3,0,0,0,84,0,0,0,53,0,0,0,109,0,159,0,107,0,115,0,191,0,203,0,13,0,0,0,132,0,65,0,118,0,175,0,23,0,40,0,186,0,0,0,0,0,0,0,0,0,0,0,0,0,89,0,127,0,0,0,0,0,0,0,0,0,0,0,44,0,117,0,80,0,68,0,108,0,18,0,4,0,1,0,0,0,0,0,33,0,0,0,24,0,40,0,10,0,0,0,6,0,58,0,0,0,9,0,0,0,3,1,0,0,0,0,0,0,0,0,0,0,0,0,0,0,0,0,0,0,0,0,0,0,6,0,0,0,0,0,0,0,0,0,0,0,0,0,0,0,0,0,0,0,0,0,32,0,0,0,0,0,54,0,0,0,0,0,0,0,0,0,17,0,8,0,0,0,0,0,0,0,0
0,29,0,89,0,0,0,36,0,0,0,1,0,0,0,11,0,0,0,0,0,78,0,63,0,130,0,0,0,504,0,38,0,170,0,15,0,43,0,136,0,0,0,17,0,0,0,0,0,0,0,11,0,25,0,118,0,9,0,0,0,16,0,253,0,0,0,0,0,0,0,0,0,0,0,0,0,0,0,0,0,19,0,8,0,34,0,16,0,0,0,25,0,0,0,0,0,49,0,33,0,17,0,5,0,0,0,5,0,0,0,0,0,0,0,0,0,0,0,0,0,3,0,0,0,0,0,0,0,0,0,0,0,35,0,35,0,63,0,60,0,26,0,89,0,0,0,0,0,0,0,0,0,0,0,14,0,0,0,0,0,25,0,0,0,3,0,0,0,7,0,0,0,0,0,0,0,1,0,0,0,0,0,0,0,0,0,0,0,0,0,0,0,0,0,0,0,0,0,3,0,0,0,0,0,0,0,0,0,10,0,0,0,0,0,0,0,0,0,0,0,12,0,0,0,0,0,0,0,15,0,0,0,0,0,0,0,0,0,0,0,0,0,0,0,0,0,0,0
15,0,57,0,66,12,14,0,2,0,12,21,64,117,152,0,51,0,0,137,96,35,128,0,26,0,129,105,0,0,4,0,1,0,73,3,0,4,0,0,5,56,51,0,35,14,10,5,4,0,272,7,0,0,0,0,0,0,0,0,0,0,0,0,3,0,1,0,0,0,0,0,0,0,0,0,0,0,0,0,0,0,0,0,0,0,0,0,0,0,0,0,0,0,0,0,0,0,0,0,0,0,0,0,7,0,0,0,0,0,0,0,0,0,0,0,0,0,0,0,0,0,0,0,0,0,0,0,0,0,0,0,0,0,18,0,9,0,0,0,2,0,0,0,1,0,5,0,5,0,0,0,10,0,0,0,0,0,0,0,0,0,0,0,29,0,8,0,0,0,2,0,0,0,0,0,10,21,4,0,18,0,1,0,13,0,0,5,0,0,0,0,0,0,0,0,0,0,0,0,0,0,0,0,0,0,1,0,0,0,0,0,0,0,0,0,0,0,2,10,12,0,0,0,81,1,2,0,19,0,0,0,3,0,0,0,0,0,0,0,0,0,0,0,15,0,0,0,0
3,56,0,75,57,81,0,17,1,0,1,60,69,9,77,197,0,0,137,0,24,149,0,54,0,29,22,146,0,0,2,22,0,0,7,74,2,81,0,0,1,5,6,100,3,54,0,1,0,0,44,108,0,0,0,0,0,0,0,4,0,0,0,7,0,4,0,0,0,0,0,0,0,0,0,0,0,0,0,0,0,6,0,0,0,6,0,0,0,0,0,0,0,0,0,0,0,0,0,0,0,0,0,0,0,0,0,1,0,0,0,0,0,0,0,0,0,0,0,0,0,0,0,0,0,5,0,0,0,0,0,0,0,0,0,7,0,0,0,0,0,0,0,18,0,0,1,0,0,20,0,0,0,3,0,0,0,0,0,0,0,0,0,0,0,5,1,7,0,0,0,0,0,0,0,6,6,97,0,0,1,24,0,1,2,6,0,3,0,0,0,0,0,0,0,0,0,0,0,0,0,0,0,0,0,0,0,0,0,0,0,0,0,0,0,0,0,0,0,7,0,19,0,0,27,77,0,0,13,85,0,10,0,16,0,0,0,0,0,1,0,0,0,0,3,7,0,0,0
79,2,325,0,180,22,23,0,0,0,161,14,37,7,234,38,316,0,96,24,0,0,307,0,63,0,177,5,51,0,45,0,19,0,91,0,27,2,6,0,0,2,43,0,158,0,3,0,6,0,105,0,4,0,23,0,0,0,0,0,0,0,23,0,4,0,5,0,0,0,0,0,0,0,0,0,0,0,0,0,23,0,0,0,0,0,0,0,0,0,0,0,11,0,0,0,0,0,0,0,19,0,0,0,0,0,0,0,0,0,0,0,0,0,0,0,0,0,0,0,0,0,0,0,0,0,0,0,0,0,0,0,0,0,22,0,21,0,0,0,0,0,24,0,0,0,10,0,7,0,13,0,18,0,0,0,0,0,0,0,0,0,0,0,12,0,63,0,31,0,0,0,9,0,8,0,65,10,55,0,65,1,9,0,14,0,1,0,0,0,0,0,0,0,0,0,0,0,0,0,3,0,0,0,0,0,0,0,7,0,0,0,0,0,2,0,0,0,0,1,56,2,11,0,50,0,8,0,124,0,12,0,33,0,0,0,0,0,0,0,0,0,0,0,43,0,0,0,0
0,67,0,103,13,129,0,37,0,0,0,101,13,40,12,226,0,78,35,149,0,0,0,275,0,105,7,49,0,28,0,29,0,33,2,51,2,21,0,0,0,3,0,106,0,90,0,0,0,2,15,85,0,2,0,50,0,0,0,0,0,0,0,35,0,0,0,0,0,0,0,5,0,0,0,0,0,0,0,0,0,13,0,0,0,27,0,7,0,0,0,0,0,0,0,0,0,0,0,23,0,0,0,0,0,0,0,5,0,0,0,0,0,0,0,0,0,0,0,0,0,12,0,0,0,4,0,0,0,0,0,0,0,12,0,15,0,0,0,36,0,21,0,78,0,17,0,1,0,0,0,4,0,0,0,0,0,0,0,0,0,0,0,1,0,1,0,25,0,0,0,0,0,0,0,3,0,40,0,1,0,0,0,0,0,6,0,13,0,0,0,0,0,0,0,0,0,2,0,0,0,0,0,0,0,0,0,3,0,0,0,0,0,0,0,2,0,0,0,0,0,58,0,0,0,74,1,3,3,107,0,22,0,52,0,5,0,0,0,0,0,0,0,0,0,32,0,0,0
63,11,309,10,19,3,100,0,0,0,4,4,0,0,229,17,154,0,128,0,307,0,0,0,185,3,63,0,117,0,27,0,71,2,19,0,26,1,111,0,17,0,0,0,111,0,52,0,36,0,18,0,8,0,45,0,7,0,0,0,2,0,24,0,0,0,0,0,0,0,0,0,0,0,0,0,0,0,0,0,0,0,0,0,12,0,0,0,0,0,3,0,0,0,0,0,0,0,0,0,0,0,0,0,7,0,38,0,0,0,0,0,0,0,0,0,0,0,0,0,0,0,0,0,0,0,0,0,0,0,0,0,10,0,18,0,24,0,0,0,0,0,28,0,0,0,0,0,0,0,0,0,0,0,5,0,0,0,0,0,9,0,0,0,0,0,4,0,0,0,2,0,12,1,0,0,4,5,1,0,0,0,0,0,0,0,0,0,0,0,0,0,0,0,0,0,0,0,0,0,0,0,0,0,0,0,0,0,6,0,0,0,0,0,2,0,0,0,0,0,21,3,5,2,12,0,0,0,61,2,3,0,0,2,0,0,0,0,0,0,0,0,0,0,0,1,0,0,0
10,24,3,101,1,34,0,10,0,2,0,17,0,0,0,112,0,63,0,54,0,275,0,0,0,92,0,5,0,101,0,53,0,103,0,25,0,13,1,8,0,0,0,9,0,9,0,0,0,0,0,9,0,1,0,12,0,0,0,0,0,0,0,25,0,0,0,0,0,0,0,0,0,0,0,1,0,0,0,0,0,8,0,0,0,10,0,0,0,3,0,0,0,0,0,0,0,7,0,7,0,0,0,0,0,0,0,0,0,0,0,0,0,0,0,0,0,0,0,0,0,0,0,0,0,0,0,0,0,2,0,0,0,0,0,0,0,16,0,3,0,2,0,21,0,0,0,0,0,0,0,0,0,0,0,0,0,0,0,2,0,4,0,0,0,0,0,4,0,2,0,0,1,3,0,0,1,9,0,0,0,0,1,0,0,1,0,0,0,0,0,0,0,0,0,0,0,0,0,0,0,0,0,0,0,0,0,0,0,0,0,0,0,0,0,0,0,0,0,0,6,15,0,0,0,1,0,3,4,23,0,0,3,3,0,0,0,0,0,0,0,0,0,0,2,0,0,0,0
8,3,92,4,0,0,222,3,25,1,0,0,1,0,37,3,312,0,26,0,63,0,185,0,0,3,16,0,178,0,6,0,44,0,0,0,22,1,184,0,10,0,10,0,0,0,17,0,9,0,0,0,148,0,354,0,40,0,7,0,61,0,584,0,0,0,0,0,0,0,0,0,0,0,0,0,16,0,0,0,47,0,0,0,96,0,44,0,0,0,7,0,0,0,0,0,55,0,34,0,76,0,0,0,57,0,261,0,0,0,0,0,0,0,0,0,0,0,0,0,35,0,36,0,3,0,15,0,18,0,0,0,47,0,190,0,210,0,55,0,14,0,257,0,5,0,0,0,0,0,11,0,0,0,55,0,0,0,43,0,64,0,3,0,0,0,0,0,26,0,0,0,34,0,0,0,0,3,0,0,1,0,0,0,0,0,1,0,0,0,0,0,0,0,0,0,0,0,2,0,9,0,1,0,0,0,0,0,41,0,0,0,0,0,5,0,0,0,7,0,62,0,0,0,23,0,5,0,139,2,0,0,27,3,4,0,0,0,12,0,3,0,0,0,18,0,0,0,0
36,90,10,107,0,18,26,183,31,13,0,6,0,0,0,82,0,130,0,29,0,105,3,92,3,0,0,9,0,258,0,38,0,86,0,0,1,74,5,196,0,0,0,0,0,0,0,0,0,0,0,0,0,23,0,265,0,23,0,0,2,61,0,116,0,0,0,3,0,0,0,0,0,0,0,0,0,0,0,0,0,3,0,0,0,27,0,6,0,14,0,21,0,0,0,6,0,98,0,27,0,12,0,0,0,0,0,0,0,0,0,0,0,0,0,0,0,0,0,0,0,0,0,0,0,0,0,0,0,0,0,0,0,42,0,96,0,147,0,22,0,0,0,75,0,0,0,0,0,3,0,0,0,1,0,58,0,0,0,33,0,64,1,0,0,3,0,0,1,0,0,2,7,11,0,0,0,13,0,0,0,0,1,0,0,0,0,0,0,0,0,0,0,0,0,0,0,0,0,0,0,13,0,0,0,0,0,0,0,22,1,0,0,0,6,0,0,0,0,0,19,71,0,0,0,10,0,0,27,129,1,0,14,43,0,0,1,0,0,3,0,0,0,0,12,9,0,0,0
22,0,51,0,121,0,0,0,9,1,27,3,164,60,169,1,32,0,129,22,177,7,63,0,16,0,0,114,0,0,2,0,1,0,7,0,9,0,0,0,24,226,213,1,146,22,34,22,9,2,293,0,0,0,0,0,0,0,0,0,0,0,0,0,0,0,0,0,0,0,0,0,0,0,0,0,0,0,0,0,0,0,0,0,0,0,0,0,0,0,0,0,0,0,0,0,0,0,0,0,6,0,0,0,0,0,0,0,0,0,0,0,0,0,0,0,0,0,0,0,0,0,0,0,7,0,0,0,0,0,3,0,0,0,10,0,0,0,0,0,0,0,0,0,0,0,11,0,26,0,14,0,0,0,2,0,0,0,0,0,0,0,0,0,51,0,0,0,7,0,0,0,0,0,1,0,17,30,0,0,24,0,4,0,14,0,16,9,0,0,0,0,0,0,0,0,0,0,0,0,0,0,0,0,0,0,0,0,4,0,0,0,0,0,0,0,0,0,33,39,9,0,10,10,238,0,0,0,21,0,0,0,0,0,0,0,0,0,0,0,0,0,0,0,7,0,0,0,0
2,27,0,18,14,120,0,0,0,0,2,120,90,164,8,32,0,0,105,146,5,49,0,5,0,9,114,0,0,0,0,6,0,5,2,14,0,28,0,0,33,62,8,203,7,165,0,39,2,27,26,188,0,0,0,6,0,0,0,0,0,0,0,4,0,1,0,2,0,3,0,0,0,0,0,0,0,5,0,0,0,0,0,0,0,0,0,9,0,0,0,0,0,0,0,0,0,7,0,0,0,2,0,0,0,0,0,0,0,0,0,0,0,0,0,0,0,0,0,0,0,0,0,0,0,0,0,0,0,0,0,0,0,0,0,0,0,0,0,6,0,0,0,0,0,0,0,0,0,7,0,0,0,0,0,0,0,0,0,0,0,0,0,0,0,18,0,0,0,10,0,0,0,0,0,4,3,44,0,0,0,0,0,0,1,4,0,6,0,0,0,0,0,0,0,0,0,0,0,0,0,0,0,0,0,0,0,0,0,0,0,0,0,0,0,2,0,0,0,132,0,0,0,31,18,162,0,0,2,59,0,0,0,0,0,2,0,0,0,0,0,0,0,0,2,4,0,0,0
95,1,119,0,0,0,47,0,0,0,0,0,0,0,0,0,179,0,0,0,51,0,117,0,178,0,0,0,0,0,44,0,59,0,30,0,104,0,26,1,0,0,0,0,30,0,0,0,0,0,17,0,0,0,0,0,8,0,0,0,5,0,70,0,0,0,0,0,0,0,27,0,0,0,0,0,0,0,13,0,27,0,0,0,11,0,48,0,34,0,0,0,0,0,0,0,7,0,17,0,36,0,0,0,7,0,43,0,0,0,0,0,0,0,0,0,0,0,0,0,25,0,26,0,0,0,0,0,0,0,0,0,0,0,0,0,0,0,26,0,23,0,13,0,15,0,0,0,0,0,0,0,0,0,13,0,0,0,11,0,9,0,0,0,4,0,2,0,13,0,0,0,0,0,0,0,9,0,0,0,0,0,0,0,0,0,0,0,0,0,0,0,0,0,0,0,0,0,0,0,0,0,0,0,0,0,0,0,3,0,0,0,0,0,0,0,0,0,0,0,0,0,0,0,0,0,0,0,8,0,0,0,0,0,1,0,0,0,0,0,0,0,0,0,0,0,0,0,0
0,107,0,57,0,1,0,178,0,0,0,0,0,0,0,11,0,504,0,0,0,28,0,101,0,258,0,0,0,0,0,61,0,76,0,131,0,94,0,27,0,0,0,22,0,0,0,0,0,0,0,18,0,5,0,140,0,5,0,0,0,24,0,40,0,0,0,0,0,0,0,6,0,0,0,0,0,0,0,0,0,7,0,0,0,0,0,0,0,11,0,10,0,0,0,0,0,32,0,11,0,0,0,0,0,0,0,0,0,0,0,0,0,0,0,0,0,0,0,0,0,4,0,0,0,0,0,0,0,30,0,6,0,16,0,42,0,56,0,73,0,31,0,77,0,9,0,0,0,2,0,0,0,0,0,0,0,2,0,33,0,0,0,0,0,0,0,0,0,0,0,0,0,0,0,0,0,5,0,0,0,0,0,0,0,0,0,0,0,0,0,0,0,0,0,0,0,0,0,0,0,7,0,0,0,0,0,0,0,0,0,0,0,0,0,0,0,0,0,0,0,0,0,0,0,0,0,0,0,0,0,0,0,0,0,0,0,0,0,0,0,0,0,0,0,0,0,0,0
27,0,61,0,58,4,0,0,0,0,65,2,4,2,40,13,108,0,4,2,45,0,27,0,6,0,2,0,44,0,0,0,7,0,28,0,24,0,2,0,0,0,9,0,11,0,0,0,0,0,25,0,0,0,0,0,0,0,0,0,0,0,0,0,1,0,0,0,0,0,5,0,0,0,0,0,0,0,0,0,0,0,0,0,0,0,0,0,0,0,0,0,0,0,0,0,0,0,0,0,0,0,0,0,0,0,0,0,0,0,0,0,0,0,0,0,0,0,0,0,0,0,0,0,3,0,0,0,0,0,1,0,0,0,3,0,5,0,0,0,0,0,0,0,0,0,0,0,0,0,0,0,0,0,0,0,0,0,0,0,0,0,0,0,0,0,37,0,3,0,0,0,3,0,0,0,19,4,22,0,16,0,0,0,10,0,0,0,0,0,0,0,0,0,0,0,0,0,0,0,0,0,0,0,0,0,0,0,0,0,0,0,0,0,0,0,0,0,0,0,9,2,0,0,2,0,0,0,33,0,4,0,5,0,0,0,0,0,0,0,1,0,0,0,5,0,0,0,0
0,43,0,38,0,65,0,13,0,0,0,65,0,0,0,71,0,38,0,22,0,29,0,53,0,38,0,6,0,61,0,0,0,8,0,30,0,24,0,0,0,0,0,23,0,15,0,0,0,0,0,10,0,0,0,16,0,0,0,4,0,0,0,9,0,0,0,0,0,0,0,0,0,1,0,0,0,0,0,2,0,9,0,0,0,24,0,7,0,0,0,0,0,0,0,0,0,0,0,7,0,0,0,0,0,0,0,0,0,0,0,0,0,0,0,0,0,0,0,0,0,0,0,1,0,0,0,0,0,0,0,0,0,0,0,12,0,0,0,18,0,20,0,66,0,18,0,3,0,9,0,0,0,0,0,0,0,1,0,0,0,0,0,0,0,0,0,3,0,0,0,0,0,0,0,3,0,8,0,0,0,0,0,0,0,3,0,0,0,0,0,0,0,0,0,0,0,0,0,2,0,3,0,0,0,0,0,0,0,0,0,0,0,0,0,0,0,0,0,0,0,14,0,0,0,11,0,0,0,24,0,0,1,5,0,0,0,0,0,0,0,0,0,0,0,4,0,0,0
162,3,220,1,41,6,19,0,2,0,85,5,2,0,21,26,77,0,1,0,19,0,71,0,44,0,1,0,59,0,7,0,0,0,15,0,65,0,2,0,0,0,2,0,14,0,0,0,0,0,18,0,0,0,0,0,0,0,1,0,2,0,9,0,3,0,0,0,0,0,7,0,0,0,0,0,0,0,0,0,0,0,0,0,0,0,0,0,0,0,0,0,4,0,0,0,4,0,0,0,0,0,0,0,0,0,10,0,0,0,0,0,0,0,0,0,0,0,0,0,0,0,6,0,0,0,0,0,0,0,0,0,0,0,0,0,0,0,14,0,0,0,0,0,17,0,0,0,0,0,0,0,0,0,4,0,3,0,0,0,7,0,0,0,0,0,35,0,0,0,0,0,8,0,0,0,51,5,11,0,4,0,7,0,4,0,0,0,0,0,0,0,0,0,0,0,0,0,0,0,3,0,0,0,0,0,0,0,0,0,0,0,0,0,0,0,0,0,0,0,13,0,0,0,2,0,0,0,55,2,2,0,7,0,0,0,0,0,0,0,0,0,0,0,5,0,0,0,0
0,251,0,128,0,67,0,127,0,10,2,83,0,0,1,99,0,170,0,0,0,33,2,103,0,86,0,5,0,76,0,8,0,0,0,58,0,46,0,0,0,0,0,17,0,7,0,0,0,1,0,18,0,5,0,52,0,0,0,0,0,13,0,41,0,0,0,0,0,0,0,10,0,0,0,0,0,4,0,4,0,10,0,0,0,29,0,10,0,0,0,0,0,0,0,0,0,27,0,21,0,0,0,0,0,0,0,0,0,0,0,0,0,0,0,0,0,0,0,0,0,9,0,2,0,0,0,0,0,0,0,0,0,22,0,0,0,58,0,88,0,42,0,115,0,45,0,0,0,32,0,10,0,5,0,0,0,0,0,24,0,0,0,0,0,0,0,6,0,0,0,0,0,0,0,0,0,20,0,2,0,7,0,1,0,0,0,0,0,0,0,0,0,0,0,0,0,0,0,0,0,0,0,0,0,0,0,0,0,0,0,0,0,0,0,0,0,0,0,1,0,21,0,2,0,0,0,0,0,36,0,2,1,0,0,0,0,0,0,0,0,0,0,0,0,0,0,0,0
21,0,15,0,99,0,0,0,2,0,37,7,78,0,57,3,56,0,73,7,91,2,19,0,0,0,7,2,30,0,28,0,15,0,0,0,53,1,2,0,2,0,16,0,5,0,0,0,1,0,104,0,0,0,0,0,0,0,0,0,0,0,0,0,5,0,0,0,0,0,9,0,0,0,3,0,0,0,8,0,0,0,0,0,0,0,0,0,0,0,0,0,0,0,0,0,0,0,0,0,0,0,0,0,0,0,0,0,0,0,0,0,0,0,0,0,0,0,0,0,4,0,0,0,0,0,0,0,0,0,0,0,0,0,0,0,0,0,0,0,0,0,0,0,4,0,0,0,0,0,3,0,9,0,0,0,0,0,0,0,12,0,0,0,29,0,24,0,0,0,0,0,0,0,4,0,42,9,25,0,21,0,0,0,10,0,3,0,0,0,0,0,0,0,0,0,0,0,0,0,0,0,0,0,0,0,0,0,0,0,0,0,0,0,0,0,0,0,0,0,12,0,0,0,42,0,1,0,26,3,0,0,0,0,0,0,0,0,0,0,0,0,0,0,5,0,0,0,0
1,49,0,38,0,110,0,10,0,9,1,123,2,18,9,100,0,15,3,74,0,51,0,25,0,0,0,14,0,131,0,30,0,58,0,0,2,59,0,18,0,0,0,18,0,2,0,0,0,1,0,13,0,2,0,21,0,0,0,4,0,2,0,10,0,0,0,0,0,0,0,11,0,0,0,0,0,0,0,0,0,16,0,0,0,19,0,2,0,7,0,3,0,0,0,5,0,0,0,8,0,5,0,0,0,1,0,0,0,0,0,0,0,0,0,0,0,0,0,1,0,5,0,0,0,0,0,0,0,9,0,0,0,0,0,0,0,29,0,34,0,22,0,61,0,27,0,0,0,20,0,7,0,0,0,0,0,0,0,0,0,0,0,0,0,2,0,5,0,4,0,0,0,0,0,0,0,26,0,2,0,14,0,0,0,0,0,7,0,0,0,0,0,0,0,0,0,0,0,0,0,0,0,0,0,0,0,0,0,0,0,0,0,0,0,2,0,0,0,0,0,13,0,0,2,18,0,0,0,30,0,0,0,0,0,0,0,0,0,0,0,0,0,0,0,0,0,0,0
78,1,86,0,54,7,20,0,7,0,54,6,10,2,33,25,72,0,0,2,27,2,26,0,22,1,9,0,104,0,24,0,65,0,53,2,0,0,76,0,0,0,22,0,48,0,0,0,2,0,120,0,7,0,0,0,17,0,5,0,0,0,23,0,0,0,7,0,1,0,78,0,0,0,34,0,0,0,33,0,48,0,0,0,0,0,89,0,62,0,0,0,0,0,33,0,6,0,19,0,46,0,0,0,0,0,0,0,0,0,0,0,0,0,0,0,0,0,0,0,44,0,52,0,0,0,0,0,0,0,0,0,0,0,11,0,0,0,119,0,82,0,0,0,149,0,0,0,0,0,0,0,9,1,18,0,33,0,37,0,26,0,12,0,9,0,56,0,30,0,10,0,20,0,0,0,50,10,28,0,23,0,8,0,0,0,0,0,0,0,0,0,0,0,0,0,0,0,0,0,0,0,0,0,0,0,0,0,0,0,0,0,0,0,2,0,0,0,0,0,25,2,0,0,13,1,1,0,90,0,4,0,0,1,0,0,2,0,0,0,0,0,0,0,14,0,0,0,0
6,439,0,56,3,117,2,292,0,65,2,156,0,37,6,70,0,43,4,81,2,21,1,13,1,74,0,28,0,94,0,24,0,46,1,59,0,0,0,7,0,0,0,71,0,26,0,0,0,0,0,71,0,1,0,49,0,12,0,25,0,51,0,19,0,9,0,0,0,0,0,22,0,0,0,3,0,0,0,7,0,30,0,4,0,53,0,19,0,17,0,5,0,0,0,11,0,20,0,29,0,10,0,2,0,0,0,0,0,0,0,0,0,0,0,0,0,0,0,0,0,28,0,4,0,0,0,0,0,0,0,0,0,29,0,24,0,44,0,164,0,59,0,166,0,111,0,8,0,35,0,10,0,7,0,9,0,11,0,0,0,15,0,1,0,5,0,4,0,6,0,2,0,3,0,0,1,72,0,4,0,25,0,4,0,9,0,7,0,0,0,0,0,0,0,0,0,0,0,0,0,0,0,0,0,0,0,0,0,19,0,0,0,1,0,0,0,0,0,0,3,11,0,4,1,52,0,0,0,91,0,0,0,0,0,4,0,0,0,2,0,0,0,0,0,6,0,0,0
381,11,320,8,15,1,191,9,33,2,6,0,0,0,0,7,198,0,0,0,6,0,111,1,184,5,0,0,26,0,2,0,2,0,2,0,76,0,0,0,0,0,0,0,3,0,0,0,0,0,7,0,8,0,12,1,12,0,5,0,13,0,50,0,0,0,0,0,0,0,52,0,0,0,22,0,0,0,0,0,44,0,0,0,7,0,53,0,57,0,0,0,0,0,22,0,0,0,17,0,39,0,0,0,0,0,28,0,0,0,0,0,0,0,0,0,0,0,0,0,32,0,37,0,2,0,0,0,0,0,0,0,0,0,0,0,33,0,59,0,43,0,23,0,63,0,0,0,0,0,2,0,0,0,20,0,13,0,20,0,24,0,5,0,0,0,3,0,15,0,7,0,88,0,0,0,68,5,0,0,0,0,5,0,0,0,0,0,0,0,0,0,0,0,0,0,0,0,0,0,0,0,0,0,0,0,0,0,0,0,0,0,0,0,0,0,0,0,0,0,4,1,0,1,0,0,0,0,16,0,0,0,3,3,0,0,0,0,2,0,0,0,0,0,1,2,0,0,0
6,170,1,11,0,0,5,443,0,110,0,0,0,0,0,1,0,136,0,0,0,0,0,8,0,196,0,0,1,27,0,0,0,0,0,18,0,7,0,0,0,0,0,1,0,0,0,0,0,0,0,0,0,2,0,74,0,5,0,6,0,10,0,11,0,0,0,0,0,0,0,0,0,0,0,0,0,0,0,0,0,0,0,0,0,11,0,3,0,0,0,0,0,0,0,0,0,12,0,11,0,4,0,0,0,0,0,3,0,0,0,0,0,0,0,0,0,0,0,0,0,0,0,0,0,0,0,0,0,0,0,0,0,12,0,12,0,19,0,35,0,13,0,34,0,12,0,0,0,3,0,0,0,0,0,0,0,4,0,0,0,5,0,0,0,0,0,1,0,0,0,0,0,0,0,0,0,0,0,0,0,0,0,2,0,0,0,0,0,0,0,0,0,0,0,0,0,0,0,0,0,0,0,1,0,0,0,0,0,0,0,0,0,0,0,0,0,0,0,0,0,0,1,0,0,0,0,0,0,7,0,0,0,0,0,0,0,0,0,0,0,0,0,0,0,0,0,0,0
13,0,25,0,48,0,3,0,4,0,23,0,163,10,18,1,0,0,5,1,0,0,17,0,10,0,24,33,0,0,0,0,0,0,2,0,0,0,0,0,0,166,35,0,56,15,25,16,172,7,27,0,0,0,7,0,0,0,0,0,0,0,0,0,0,0,0,0,2,0,0,0,0,0,0,0,5,0,0,0,0,0,0,0,0,0,0,0,0,0,0,0,0,1,0,0,0,0,0,0,0,0,0,1,0,0,0,0,0,0,1,0,0,0,0,0,0,0,2,0,0,0,0,0,2,0,0,0,0,0,1,0,0,0,0,0,0,0,0,0,0,0,0,0,0,0,6,0,0,0,6,0,9,0,0,0,0,0,0,0,0,0,0,0,30,2,0,0,0,1,0,0,0,0,6,0,11,28,28,0,31,0,15,0,17,0,30,2,0,0,0,0,0,0,0,0,0,0,0,0,0,0,0,0,0,0,0,0,2,0,0,0,4,0,0,0,0,0,104,21,2,1,88,78,123,0,0,0,10,1,0,0,0,0,0,0,0,0,0,0,0,0,0,0,4,0,0,0,0
0,0,0,2,10,20,0,1,0,0,0,131,64,128,3,0,0,0,56,5,2,3,0,0,0,0,226,62,0,0,0,0,0,0,0,0,0,0,0,0,166,0,41,72,36,92,27,84,8,137,32,68,0,0,0,0,0,0,0,0,0,0,0,0,0,0,0,0,0,9,0,0,0,0,0,0,0,9,0,0,0,0,0,0,0,0,0,0,0,0,0,0,0,16,0,0,0,0,0,0,0,0,0,0,0,0,0,0,0,0,0,0,0,0,0,0,0,0,0,0,0,0,0,0,0,0,0,0,0,0,0,0,0,0,0,0,0,0,0,0,0,0,0,0,0,0,0,0,0,0,0,4,0,0,0,0,0,0,0,0,0,0,0,0,2,32,0,0,0,8,0,0,0,0,0,2,0,97,1,5,0,20,0,1,0,0,0,36,0,0,0,0,0,0,0,0,0,0,0,0,0,0,0,0,0,0,0,0,0,0,0,0,0,0,0,0,0,0,30,120,0,0,0,186,0,45,0,0,0,9,0,0,0,0,0,0,0,0,0,0,0,0,0,0,0,2,0,0,0
4,0,9,0,0,0,1,0,1,0,3,0,36,7,9,0,0,0,51,6,43,0,0,0,10,0,213,8,0,0,9,0,2,0,16,0,22,0,0,0,35,41,0,0,195,4,50,8,26,4,88,0,0,0,0,0,0,0,0,0,0,0,0,0,0,0,0,0,0,0,0,0,0,0,0,0,0,0,0,0,0,0,0,0,0,0,0,0,0,0,0,0,0,0,0,0,0,0,0,0,0,0,0,0,0,0,0,0,0,0,0,0,0,0,0,0,0,0,0,0,0,0,0,0,0,0,0,0,0,0,0,0,0,0,0,0,0,0,0,0,0,0,0,0,0,0,0,0,0,0,0,0,0,0,0,0,0,0,0,0,0,0,0,0,16,0,4,0,6,0,1,0,3,0,0,0,3,8,0,0,0,0,0,0,3,0,6,1,0,0,0,0,0,0,0,0,0,0,0,0,0,0,0,0,0,0,0,0,0,0,0,0,0,0,0,0,0,0,17,7,22,0,21,11,23,0,0,0,20,0,3,0,14,0,0,0,0,0,0,0,1,0,0,0,9,0,0,0,0
0,0,0,0,2,39,0,0,0,0,0,40,5,102,1,32,0,17,0,100,0,106,0,9,0,0,1,203,0,22,0,23,0,17,0,18,0,71,0,1,0,72,0,0,0,116,0,12,0,13,0,18,0,0,0,26,0,0,0,18,0,0,0,6,0,0,0,0,0,0,0,9,0,0,0,0,0,0,0,9,0,7,0,0,0,0,0,14,0,0,0,0,0,0,0,0,0,0,0,7,0,2,0,0,0,0,0,0,0,0,0,0,0,0,0,0,0,0,0,0,0,0,0,0,0,0,0,0,0,0,0,0,0,0,0,0,0,0,0,0,0,0,0,0,0,23,0,3,0,0,0,0,0,0,0,0,0,0,0,0,0,2,0,0,0,15,1,5,0,5,0,1,0,0,0,2,0,10,0,0,0,7,0,0,0,0,0,21,0,4,0,0,0,0,0,0,0,0,0,0,0,0,0,0,0,0,0,0,0,0,0,0,0,0,0,0,0,11,0,21,0,5,0,14,0,39,0,0,0,26,0,0,0,4,0,0,0,0,0,0,0,0,0,0,0,5,0,0,0
22,0,33,0,27,5,0,0,0,0,16,2,35,7,53,4,99,0,35,3,158,0,111,0,0,0,146,7,30,0,11,0,14,0,5,0,48,0,3,0,56,36,195,0,0,5,68,6,100,3,93,0,0,0,0,0,16,0,4,0,0,0,0,0,6,0,4,0,5,1,24,0,3,0,0,0,0,1,15,0,19,0,0,0,11,0,28,0,0,0,0,0,26,0,22,0,0,0,0,0,0,0,23,0,0,0,20,0,0,0,0,0,0,0,0,0,0,0,0,0,0,0,0,0,0,0,0,0,0,0,0,0,0,0,0,0,9,0,10,0,0,0,0,0,0,0,0,0,0,0,5,0,13,0,9,0,0,0,0,0,16,0,2,0,108,0,10,0,30,0,0,0,2,0,0,0,8,3,13,0,21,0,0,0,5,0,11,0,0,0,0,0,0,0,1,0,0,0,0,0,0,0,0,0,0,0,0,0,0,0,1,0,1,0,0,0,0,0,59,0,15,0,58,34,161,0,3,0,65,1,2,0,6,0,0,0,1,0,3,0,0,0,0,0,11,0,0,0,0
0,26,0,21,2,60,0,0,0,0,0,135,8,100,1,33,0,0,14,54,0,90,0,9,0,0,22,165,0,0,0,15,0,7,0,2,0,26,0,0,15,92,4,116,5,0,0,43,2,31,4,56,0,0,0,27,0,7,0,0,0,1,0,0,0,0,0,0,0,12,0,0,0,0,0,1,0,12,0,3,0,12,0,42,0,15,0,21,0,17,0,0,0,21,0,0,0,0,0,8,0,6,0,17,0,7,0,0,0,0,0,0,0,0,0,0,0,0,0,0,0,9,0,0,0,0,0,1,0,0,0,0,0,3,0,10,0,14,0,14,0,0,0,58,0,20,0,0,0,0,0,0,0,2,0,0,0,0,0,0,0,0,0,0,0,40,0,0,0,19,0,0,0,0,0,0,0,40,0,2,0,5,0,0,0,3,0,27,0,0,0,0,0,0,0,9,0,0,0,0,0,2,0,5,0,0,0,0,0,0,0,0,0,0,0,0,0,30,6,160,0,17,0,174,0,87,0,4,0,48,0,4,0,5,0,3,0,0,0,0,0,0,0,0,0,0,0,0,0
24,0,25,0,23,0,0,0,0,0,4,0,74,0,11,0,12,0,10,0,3,0,52,0,17,0,34,0,0,0,0,0,0,0,0,0,0,0,0,0,25,27,50,0,68,0,0,4,87,3,17,0,1,0,0,0,0,0,0,0,0,0,0,0,2,0,0,0,0,0,0,0,0,0,0,0,0,0,0,0,0,0,4,0,0,0,3,0,4,0,0,0,7,0,6,0,0,0,1,0,2,0,0,1,0,0,0,0,0,0,0,0,0,0,0,0,0,0,0,0,0,0,0,0,2,0,2,0,0,0,0,0,0,0,0,0,7,0,0,0,0,0,0,0,0,0,3,0,5,0,0,0,6,0,0,0,0,0,0,0,0,0,0,0,53,0,0,0,4,0,0,0,0,0,3,0,3,5,5,0,14,0,7,0,0,0,10,0,0,0,0,0,0,0,0,0,0,0,0,0,0,0,0,0,0,0,0,0,0,0,0,0,0,0,0,0,0,0,44,3,1,0,65,19,70,0,0,0,0,0,0,0,0,0,0,0,0,0,0,0,0,0,0,0,0,0,0,0,0
0,0,0,0,0,4,0,0,0,0,0,23,7,47,0,0,0,0,5,1,0,0,0,0,0,0,22,39,0,0,0,0,0,0,0,0,0,0,0,0,16,84,8,12,6,43,4,0,0,21,5,13,0,0,1,0,0,0,0,0,0,0,0,0,0,0,0,0,0,0,0,0,0,0,0,0,0,0,0,0,0,0,0,0,0,0,0,0,0,0,0,0,0,3,0,0,0,1,0,0,0,0,0,0,0,0,0,1,0,0,0,0,0,0,0,0,0,0,0,0,0,0,0,0,0,0,0,0,0,0,0,0,0,0,0,0,0,0,0,0,0,0,0,0,0,0,0,0,0,0,0,0,0,0,0,0,0,0,0,0,0,0,0,0,0,9,0,0,0,0,0,0,0,0,0,0,0,14,0,0,0,0,0,0,0,0,0,8,0,0,0,0,0,0,0,0,0,0,0,0,0,0,0,0,0,0,0,0,0,0,0,0,0,0,0,0,0,3,4,39,0,0,0,105,0,0,0,0,0,7,0,0,0,0,0,0,0,0,0,0,0,0,0,0,0,0,0,0,0
20,0,20,0,2,0,13,0,10,3,11,0,55,0,6,0,0,0,4,0,6,0,36,0,9,0,9,2,0,0,0,0,0,0,1,0,2,0,0,0,172,8,26,0,100,2,87,0,0,6,8,0,0,0,8,0,0,0,2,0,0,0,0,0,0,0,6,0,3,0,0,0,0,0,0,0,2,0,0,0,0,0,0,0,0,0,1,0,8,0,0,0,16,0,3,0,0,0,0,0,0,0,13,0,0,0,4,0,0,0,0,0,0,0,0,0,0,0,1,0,0,0,0,0,0,0,0,0,1,0,0,0,0,0,0,0,0,0,0,0,0,0,0,0,0,0,0,0,0,0,11,0,9,0,0,0,0,0,0,0,0,0,1,0,9,0,5,0,0,0,1,0,4,0,12,0,14,9,56,0,105,0,15,0,25,0,103,0,0,0,2,0,0,0,0,0,1,0,0,0,0,0,0,0,1,0,1,0,0,0,0,0,14,0,3,0,2,0,60,0,45,1,167,48,56,0,3,0,38,0,4,0,6,0,3,0,0,0,2,0,0,0,0,0,16,0,0,0,0
0,0,0,1,0,0,0,0,0,2,0,30,1,37,0,0,0,0,0,0,0,2,0,0,0,0,2,27,0,0,0,0,0,1,0,1,0,0,0,0,7,137,4,13,3,31,3,21,6,0,0,4,0,0,0,0,0,1,0,0,0,0,0,0,0,0,0,0,0,22,0,0,0,0,0,0,0,16,0,0,0,2,0,29,0,2,0,0,0,12,0,0,0,29,0,0,0,0,0,0,0,1,0,12,0,0,0,0,0,0,0,0,0,0,0,0,0,0,0,0,0,0,0,0,0,0,0,0,0,0,0,0,0,0,0,0,0,2,0,0,0,0,0,0,0,0,0,0,0,0,0,0,0,2,0,0,0,0,0,0,0,1,0,0,0,8,0,0,0,3,0,0,0,0,0,0,0,56,0,6,0,5,0,0,0,0,3,31,0,2,0,0,0,0,0,5,0,0,0,0,0,0,0,0,0,0,0,0,0,0,0,0,0,3,0,0,0,0,14,1,0,8,13,62,1,6,0,0,0,13,0,0,0,1,0,0,0,0,0,0,0,0,0,0,0,0,0,0,0
35,0,24,1,141,3,0,0,0,0,50,0,386,17,58,5,42,0,272,44,105,15,18,0,0,0,293,26,17,0,25,0,18,0,104,0,120,0,7,0,27,32,88,0,93,4,17,5,8,0,0,0,2,0,0,0,8,0,7,0,0,0,0,0,5,0,8,0,0,0,11,0,2,0,6,0,9,0,0,0,0,0,16,0,0,0,9,0,10,0,0,0,0,0,9,0,6,0,0,0,10,0,0,0,0,0,9,0,0,0,0,0,0,0,0,0,0,0,0,0,0,0,0,0,0,0,0,0,0,0,2,0,0,0,0,0,0,0,0,0,3,0,0,0,7,0,0,0,7,0,0,0,0,0,5,0,0,0,2,0,18,0,2,0,22,0,11,0,94,0,6,0,9,0,0,0,33,14,51,0,39,0,14,0,9,0,25,0,4,0,0,0,0,0,0,0,0,0,0,0,0,0,0,0,0,0,0,0,0,0,0,0,1,0,4,0,0,0,10,2,20,0,21,0,99,0,0,0,83,0,2,0,4,0,0,0,0,0,0,0,0,0,0,0,16,0,0,0,0
0,22,0,10,3,86,0,5,0,10,0,98,0,176,5,22,0,11,7,108,0,85,0,9,0,0,0,188,0,18,0,10,0,18,0,13,0,71,0,0,0,68,0,18,0,56,0,13,0,4,0,0,0,0,0,32,0,12,0,18,0,3,0,4,0,0,0,0,0,0,0,13,0,1,0,2,0,10,0,3,0,22,0,9,0,20,0,11,0,10,0,2,0,0,0,0,0,0,0,5,0,4,0,0,0,0,0,0,0,0,0,0,0,0,0,0,0,0,0,0,0,9,0,4,0,0,0,0,0,0,0,0,0,6,0,9,0,7,0,18,0,0,0,59,0,41,0,0,0,12,0,0,0,0,0,6,0,0,0,6,0,0,0,0,0,9,0,2,0,9,0,0,0,0,0,0,0,20,0,1,0,0,0,0,0,0,0,45,0,0,0,2,0,0,0,0,0,0,0,0,0,0,0,0,0,0,0,3,0,0,0,0,0,0,0,2,0,0,0,6,0,8,0,0,2,41,0,3,0,42,0,2,0,8,0,4,0,0,0,1,0,0,0,1,0,3,0,0,0
0,0,7,0,0,0,251,0,314,16,0,0,0,0,2,0,44,0,0,0,4,0,8,0,148,0,0,0,0,0,0,0,0,0,0,0,7,0,8,0,0,0,0,0,0,0,1,0,0,0,2,0,0,0,614,0,230,0,96,0,169,0,70,0,4,0,152,8,0,0,5,0,0,0,0,0,0,0,0,0,17,0,0,0,22,0,0,0,0,0,4,0,0,0,0,0,18,0,7,0,17,0,6,0,0,0,44,0,0,0,0,0,0,0,0,0,0,0,0,0,27,0,49,0,10,0,16,0,16,0,28,0,44,0,45,0,100,0,199,0,51,0,103,0,24,0,5,0,2,0,0,0,0,0,587,0,99,0,235,0,60,0,0,0,0,0,2,0,7,0,55,0,5,0,0,0,53,0,0,0,0,0,0,0,16,0,0,0,0,0,0,0,0,0,0,0,0,0,0,0,6,0,0,0,0,0,0,0,0,0,0,0,0,0,29,0,0,0,0,0,0,7,0,1,14,0,25,0,131,1,0,0,0,5,0,0,0,0,0,0,2,0,0,0,0,0,0,0,0
0,0,0,2,0,0,0,4,0,12,0,0,0,0,0,0,0,25,0,0,0,2,0,1,0,23,0,0,0,5,0,0,0,5,0,2,0,1,0,2,0,0,0,0,0,0,0,0,0,0,0,0,0,0,0,160,0,269,0,124,0,27,0,61,0,0,0,21,0,0,0,0,0,0,0,0,0,0,0,1,0,0,0,0,0,3,0,0,0,5,0,2,0,0,0,0,0,23,0,2,0,0,0,1,0,0,0,3,0,0,0,0,0,0,0,0,0,0,0,0,0,0,0,0,0,33,0,15,0,77,0,18,0,29,0,23,0,35,0,95,0,0,0,33,0,9,0,0,0,0,0,0,0,0,0,164,0,27,0,126,0,51,0,0,0,0,0,0,0,0,0,2,0,0,0,0,0,0,0,0,0,0,0,0,0,0,0,0,0,0,0,0,0,0,0,0,0,0,0,3,0,2,0,0,0,0,0,0,0,8,0,0,0,0,0,0,0,0,0,0,0,0,0,3,0,0,0,0,0,9,0,0,0,0,0,0,0,0,0,0,0,0,0,0,0,0,0,0,0
11,0,38,0,4,0,246,0,142,0,0,0,5,0,18,0,28,0,0,0,23,0,45,0,354,0,0,0,0,0,0,0,0,0,0,0,0,0,12,0,7,0,0,0,0,0,0,1,8,0,0,0,614,0,0,0,341,0,286,1,100,0,187,0,161,0,175,0,0,0,0,0,0,0,0,0,1,0,0,0,0,0,0,0,10,0,0,0,0,0,2,0,0,0,0,0,0,0,0,0,0,0,2,0,17,0,24,0,0,0,0,0,0,0,0,0,0,0,0,0,0,0,0,0,32,0,51,0,42,0,50,0,58,0,90,0,99,0,30,0,13,0,69,0,2,0,15,0,14,0,9,0,3,0,313,0,32,0,69,0,172,0,4,0,0,0,0,0,30,0,99,0,28,0,0,0,0,1,0,0,1,0,0,0,0,0,0,0,0,0,0,0,0,0,0,0,0,0,0,0,6,0,0,0,0,0,6,0,37,0,0,0,0,0,116,0,0,0,11,0,182,2,55,0,50,0,56,0,603,0,0,0,38,0,0,0,0,0,3,0,1,0,0,0,52,0,0,0,0
0,16,0,39,0,6,0,185,5,180,0,1,0,0,0,29,0,118,0,0,0,50,0,12,0,265,0,6,0,140,0,16,0,52,0,21,0,49,1,74,0,0,0,26,0,27,0,0,0,0,0,32,0,160,0,0,0,242,0,259,0,170,0,491,0,56,0,83,0,0,0,0,0,5,0,0,0,0,0,0,0,0,0,0,0,3,0,3,0,0,0,2,0,0,0,0,0,19,0,4,0,2,0,0,0,0,0,0,0,0,0,0,0,0,0,0,0,0,0,0,0,0,0,0,0,92,0,0,0,50,0,79,0,50,0,22,0,63,0,47,0,0,0,28,0,3,0,19,0,35,0,4,0,0,0,175,0,18,0,73,0,83,0,0,0,0,0,2,0,5,0,15,0,15,0,0,0,2,0,0,0,0,0,0,0,0,0,0,0,0,0,0,0,0,0,0,0,0,0,0,0,3,0,0,0,0,0,0,0,36,0,5,0,0,1,54,0,0,0,7,2,279,0,54,0,44,1,3,1,451,0,0,2,60,1,12,0,0,0,2,0,0,0,0,2,14,0,0,0
0,0,19,0,0,0,22,0,4,0,0,0,0,0,0,0,26,0,0,0,0,0,7,0,40,0,0,0,8,0,0,0,0,0,0,0,17,0,12,0,0,0,0,0,16,0,0,0,0,0,8,0,230,0,341,0,0,0,343,0,25,0,3,0,88,0,82,0,0,0,0,0,0,0,0,0,0,0,0,0,0,0,0,0,0,0,0,0,0,0,0,0,0,0,0,0,0,0,2,0,0,0,0,0,2,0,0,0,0,0,0,0,0,0,0,0,0,0,0,0,0,0,0,0,10,0,22,0,72,0,77,0,17,0,12,0,21,0,0,0,0,0,9,0,21,0,5,0,28,0,2,0,0,0,333,0,33,0,174,0,194,0,24,0,0,0,10,0,47,0,113,0,29,0,0,0,2,0,0,0,0,0,0,0,0,0,0,0,0,0,0,0,0,0,0,0,0,0,0,0,0,0,0,0,0,0,0,0,10,0,0,0,57,0,365,0,0,0,30,0,613,0,295,0,62,1,43,0,1001,0,3,0,362,1,92,1,0,0,14,0,0,0,0,0,133,0,0,0,0
0,0,0,6,0,0,0,21,0,9,0,0,0,0,0,0,0,9,0,0,0,0,0,0,0,23,0,0,0,5,0,0,0,0,0,0,0,12,0,5,0,0,0,0,0,7,0,0,0,1,0,12,0,269,0,242,0,0,0,430,0,12,0,88,1,28,2,80,0,0,0,0,0,0,0,0,0,0,0,0,0,0,0,0,0,0,0,0,0,0,0,0,0,0,0,0,0,6,0,0,0,0,0,0,0,0,0,0,0,0,0,0,0,0,0,0,0,0,0,0,0,0,0,0,0,38,0,10,0,27,0,30,0,16,0,0,0,21,0,11,0,0,0,0,0,0,0,5,0,8,0,0,0,0,0,369,0,17,0,258,0,194,0,2,0,0,0,3,0,6,0,40,0,3,0,0,0,0,0,0,0,0,0,0,0,0,0,0,0,0,0,0,0,0,0,0,0,0,0,0,0,0,0,0,0,0,0,0,0,12,0,0,0,9,0,78,0,0,0,6,0,222,0,57,0,19,0,0,0,539,0,0,0,17,0,22,0,0,0,0,0,0,0,0,0,1,0,0,0
0,0,0,0,0,0,7,0,6,0,1,0,0,0,0,0,0,0,0,0,0,0,0,0,7,0,0,0,0,0,0,0,1,0,0,0,5,0,5,0,0,0,0,0,4,0,0,0,2,0,7,0,96,0,286,0,343,0,0,0,106,0,18,0,316,0,624,5,0,0,0,0,0,0,0,0,0,0,0,0,0,0,0,0,0,0,0,0,0,0,0,0,0,0,0,0,0,0,0,0,0,0,0,0,0,0,0,0,0,0,0,0,0,0,0,0,0,0,0,0,0,0,0,0,11,0,5,0,0,0,33,0,0,0,0,0,0,0,0,0,0,0,0,0,8,0,3,0,59,0,0,0,0,0,41,0,48,0,9,0,56,0,0,0,0,0,0,0,31,0,0,0,0,0,0,1,0,2,0,0,0,0,0,0,6,1,0,0,0,0,0,0,0,0,0,0,0,0,0,0,0,0,0,0,0,0,0,0,0,0,0,0,0,0,494,0,0,0,23,1,0,4,245,1,81,5,0,1,569,0,5,1,546,3,110,0,0,0,11,0,0,0,0,0,409,1,0,0,0
1,15,0,7,0,0,0,44,2,46,0,5,0,0,0,0,0,0,0,4,0,0,0,0,0,0,0,0,0,0,0,4,0,0,0,4,0,25,0,6,0,0,0,18,0,0,0,0,0,0,0,18,0,124,1,259,0,430,0,0,0,155,0,167,11,314,12,594,0,0,0,0,0,0,0,0,0,0,0,0,0,0,0,0,0,0,0,0,0,0,0,0,0,0,0,0,0,0,0,0,0,1,0,2,0,0,0,0,0,0,0,0,0,0,0,0,0,0,0,0,0,0,0,0,0,55,0,11,0,0,0,49,0,9,0,3,0,0,0,0,0,0,0,0,0,0,0,8,1,52,0,0,0,0,0,170,0,165,0,50,0,63,0,0,0,0,0,4,0,13,0,27,0,0,0,4,0,0,0,0,0,0,0,0,0,12,0,0,0,0,0,0,0,0,0,0,0,0,0,1,0,0,0,0,0,0,0,0,0,17,0,0,0,41,2,807,0,0,0,35,1,1185,0,244,2,94,0,11,0,1412,1,10,2,435,4,473,0,0,0,8,0,0,0,8,6,55,0,0,0
18,2,0,0,0,0,318,0,395,23,0,0,0,0,0,0,23,0,0,0,0,0,2,0,61,2,0,0,5,0,0,0,2,0,0,0,0,0,13,0,0,0,0,0,0,0,0,0,0,0,0,0,169,0,100,0,25,0,106,0,0,0,67,0,0,0,231,7,0,0,15,0,0,0,6,0,0,0,0,0,0,0,0,0,0,0,14,0,0,0,0,0,0,0,0,0,0,0,0,0,0,0,0,0,0,0,0,0,0,0,0,0,0,0,0,0,0,0,0,0,0,0,0,0,0,0,0,0,0,0,0,0,0,0,4,0,0,0,169,0,43,0,0,0,250,0,0,0,0,0,0,0,0,0,112,0,87,0,76,0,10,0,7,0,0,0,0,0,0,0,132,0,50,0,0,0,39,8,0,0,0,0,0,0,17,0,0,0,0,0,0,0,0,0,0,0,0,0,0,0,0,0,0,0,0,0,0,0,0,0,0,0,0,0,1,0,0,0,0,0,11,4,0,0,3,1,6,1,36,0,0,0,9,11,0,1,0,0,0,0,0,0,0,0,8,3,0,0,0
2,59,0,0,0,0,0,213,11,334,0,1,0,0,0,0,0,16,0,0,0,0,0,0,0,61,0,0,0,24,0,0,0,13,0,2,0,51,0,10,0,0,0,0,0,1,0,0,0,0,0,3,0,27,0,170,0,12,0,155,0,0,0,45,0,0,0,49,0,0,0,0,0,7,0,0,0,0,0,2,0,2,0,0,0,0,0,0,0,0,0,0,0,0,0,0,0,1,0,0,0,0,0,0,0,0,0,2,0,0,0,0,0,0,0,0,0,0,0,0,0,3,0,3,0,0,0,0,0,13,0,0,0,10,0,0,0,0,0,126,0,13,0,16,0,121,0,0,0,1,0,0,0,0,0,30,0,98,0,46,0,10,0,0,0,0,0,0,0,1,0,52,0,20,0,0,0,37,0,0,0,0,0,12,0,0,0,0,0,0,0,0,0,0,0,0,0,0,0,0,0,0,0,0,0,0,0,0,0,0,0,0,0,0,0,0,0,0,0,0,0,2,0,0,0,2,0,2,0,119,0,0,0,0,0,0,0,0,0,0,0,0,0,0,4,5,0,0,0
16,1,38,0,0,0,705,4,523,14,0,0,0,0,0,0,347,0,0,0,23,0,24,0,584,0,0,0,70,0,0,0,9,0,0,0,23,0,50,0,0,0,0,0,0,0,0,0,0,0,0,0,70,0,187,0,3,0,18,0,67,0,0,0,0,0,84,1,0,0,26,0,0,0,0,0,0,0,0,0,38,0,0,0,12,0,55,0,40,0,0,0,0,0,0,0,6,0,25,0,38,0,0,0,4,0,35,0,0,0,0,0,0,0,0,0,0,0,0,0,36,0,54,0,0,0,0,0,9,0,0,0,8,0,22,0,76,0,99,0,48,0,48,0,44,0,0,0,0,0,0,0,0,0,52,0,18,0,35,0,9,0,0,0,0,0,0,0,8,0,4,0,4,0,0,0,50,0,0,0,0,0,0,3,14,0,0,0,0,0,0,0,0,0,0,0,0,0,0,0,0,0,0,0,0,0,0,0,0,0,0,0,0,0,0,5,0,0,0,0,0,0,0,0,0,0,3,0,8,0,0,0,5,0,0,0,0,0,0,0,0,0,0,1,5,0,0,0,0
0,5,0,9,0,1,0,75,1,199,0,0,0,0,0,6,0,253,0,7,0,35,0,25,0,116,0,4,0,40,0,9,0,41,0,10,0,19,0,11,0,0,0,6,0,0,0,0,0,0,0,4,0,61,0,491,0,88,0,167,0,45,0,0,0,0,0,25,0,0,0,0,0,0,0,1,0,0,0,0,0,0,0,0,0,0,0,0,0,0,0,4,0,0,0,0,0,15,0,0,0,0,0,1,0,0,0,4,0,0,0,0,0,0,0,0,0,0,0,0,0,0,0,1,0,11,0,0,0,47,0,23,0,21,0,17,0,43,0,57,0,9,0,32,0,0,0,0,0,3,0,0,0,0,0,68,0,32,0,58,0,21,0,0,0,0,0,0,0,0,0,2,0,1,0,0,2,24,0,0,0,0,0,10,0,1,0,0,0,0,0,0,0,0,0,0,0,0,0,0,0,0,0,0,0,0,0,0,0,0,0,0,0,0,0,0,0,0,0,0,0,2,0,3,0,0,0,0,0,10,0,0,0,0,0,0,0,0,0,0,0,0,0,0,2,0,0,0,0
39,0,10,0,0,0,11,0,168,3,8,0,14,0,0,0,0,0,3,0,4,0,0,0,0,0,0,0,0,0,1,0,3,0,5,0,0,0,0,0,0,0,0,0,6,0,2,0,0,0,5,0,4,0,161,0,88,1,316,11,0,0,0,0,0,0,484,9,0,0,0,0,0,0,0,0,0,0,0,0,0,0,0,0,0,0,0,0,0,0,0,0,0,0,0,0,0,0,0,0,0,0,0,0,0,0,0,0,0,0,0,0,0,0,0,0,0,0,0,0,0,0,0,0,66,1,15,1,3,0,101,2,0,0,0,0,0,0,18,0,0,0,0,0,86,0,52,0,89,0,4,0,4,0,101,0,8,0,33,0,574,9,0,0,0,0,0,0,4,0,0,0,4,0,22,4,19,0,0,0,30,3,5,0,72,2,0,0,0,0,0,0,0,0,0,0,0,0,1,0,0,0,0,0,0,0,0,0,0,0,0,0,0,0,78,0,0,0,0,0,55,0,53,0,4,0,0,0,167,0,4,0,161,4,302,0,0,0,53,0,0,0,0,0,157,0,0,0,0
0,155,0,0,0,4,0,5,0,338,0,19,0,0,0,0,0,0,0,4,0,0,0,0,0,0,0,1,0,0,0,0,0,0,0,0,0,9,0,0,0,0,0,0,0,0,0,0,0,0,0,0,0,0,0,56,0,28,0,314,0,0,0,0,0,0,7,649,0,0,0,0,0,0,0,0,0,0,0,0,0,0,0,0,0,0,0,0,0,0,0,0,0,0,0,0,0,0,0,0,0,0,0,0,0,0,0,0,0,0,0,0,0,0,0,0,0,0,0,0,0,0,0,0,0,68,0,9,0,0,2,86,0,3,0,0,0,0,0,0,0,0,0,0,0,7,0,45,3,500,0,7,0,6,0,1,0,1,0,5,0,308,0,0,0,0,0,0,0,6,0,0,0,0,5,109,1,0,0,0,6,91,0,3,2,97,0,0,0,0,0,0,0,0,0,0,0,0,0,0,0,0,0,0,0,0,0,6,0,10,0,1,1,0,2,173,0,0,0,17,4,161,0,40,0,20,0,30,9,322,0,8,4,67,6,607,0,0,3,3,0,0,0,0,3,23,0,0,0
54,2,13,1,0,0,36,2,253,21,3,0,6,0,0,0,3,0,1,0,5,0,0,0,0,0,0,0,0,0,0,0,0,0,0,0,7,0,0,0,0,0,0,0,4,0,0,0,6,0,8,0,152,0,175,0,82,2,624,12,231,0,84,0,484,7,0,29,0,0,0,0,0,0,0,0,0,0,0,0,0,0,0,0,0,0,0,0,0,0,0,0,0,0,0,0,0,0,0,0,0,0,0,0,0,0,0,0,0,0,0,0,0,0,0,0,0,0,0,0,0,0,0,0,27,0,4,0,0,0,40,0,7,0,0,1,0,0,0,0,0,0,0,0,25,0,9,0,177,0,0,0,1,0,39,0,36,0,20,0,116,12,0,0,0,0,0,0,14,0,0,0,9,0,0,0,78,20,0,0,1,3,3,0,105,17,0,0,0,0,0,0,0,0,0,0,0,0,0,0,0,0,0,0,0,0,0,0,0,0,0,0,23,0,501,0,0,0,20,3,516,15,132,2,58,0,0,1,449,7,11,1,685,6,231,9,0,0,62,0,6,0,0,0,757,0,0,0,0
0,62,0,0,0,0,0,9,15,273,0,4,0,0,0,1,0,0,0,0,0,0,0,0,0,3,0,2,0,0,0,0,0,0,0,0,0,0,0,0,0,0,0,0,0,0,0,0,0,0,0,0,8,21,0,83,0,80,5,594,7,49,1,25,9,649,29,0,0,0,0,0,0,0,0,0,0,0,0,0,0,0,0,0,0,0,0,0,0,0,0,0,0,0,0,0,0,0,0,0,0,0,0,0,0,0,0,0,0,0,0,0,0,0,0,0,0,0,0,0,0,0,0,0,2,66,0,11,0,0,1,50,0,8,0,0,0,0,0,0,0,0,0,0,0,0,2,26,4,115,0,0,0,0,0,0,0,18,0,2,0,329,0,0,0,0,0,0,0,3,0,0,0,0,0,13,20,114,0,0,4,20,0,4,0,251,0,0,0,0,0,0,0,0,0,0,0,0,0,0,0,0,0,1,0,0,0,0,0,18,5,9,1,9,38,643,0,0,1,26,39,816,10,106,3,48,1,12,13,466,0,7,18,633,6,656,0,1,1,13,0,0,0,6,15,131,0,0,0
0,0,0,0,0,0,0,0,0,0,0,0,0,0,0,0,0,0,0,0,0,0,0,0,0,0,0,0,0,0,0,0,0,0,0,0,1,0,0,0,2,0,0,0,5,0,0,0,3,0,0,0,0,0,0,0,0,0,0,0,0,0,0,0,0,0,0,0,0,0,0,0,0,0,0,0,48,0,12,0,0,0,15,0,0,0,0,0,9,0,0,0,27,0,2,0,0,0,0,0,0,0,142,0,0,0,0,0,37,0,13,0,35,0,0,0,0,0,0,0,0,0,0,0,0,0,0,0,0,0,0,0,0,0,0,0,0,0,0,0,0,0,0,0,0,0,0,0,0,0,0,0,0,0,0,0,0,0,0,0,0,0,0,0,28,0,0,0,63,0,0,0,0,0,0,0,0,0,0,0,0,0,0,0,0,0,0,0,0,0,1,0,0,0,0,0,0,0,0,0,0,0,0,0,0,0,0,0,0,0,0,0,86,0,64,0,17,0,7,0,0,0,78,0,21,0,0,0,20,0,0,0,0,0,0,0,0,0,0,0,5,0,0,0,0,0,0,0,0
0,0,0,0,0,0,0,0,0,0,0,0,0,0,0,0,0,0,0,0,0,0,0,0,0,0,0,3,0,0,0,0,0,0,0,0,0,0,0,0,0,9,0,0,1,12,0,0,0,22,0,0,0,0,0,0,0,0,0,0,0,0,0,0,0,0,0,0,0,0,0,0,0,0,0,0,0,19,0,3,0,0,0,18,0,0,0,0,0,41,0,0,0,9,0,15,0,0,0,0,0,3,0,181,0,0,0,0,0,11,0,12,0,7,0,3,0,3,0,0,0,0,0,0,0,0,0,0,0,0,0,0,0,0,0,0,0,0,0,0,0,0,0,0,0,0,0,0,0,0,0,0,0,0,0,0,0,0,0,0,0,1,0,0,0,51,0,0,0,18,0,1,0,0,0,0,0,4,0,0,0,0,0,0,0,0,0,0,0,0,0,0,0,0,0,0,0,0,0,1,0,0,0,0,0,0,0,0,0,3,0,0,0,115,0,12,0,43,0,0,0,0,0,81,0,14,0,0,0,114,0,0,0,0,0,0,0,0,0,0,0,0,0,0,0,0,0,0,0
0,0,0,0,0,0,0,0,0,0,0,0,0,0,0,0,84,0,0,0,0,0,0,0,0,0,0,0,27,0,5,0,7,0,9,0,78,0,52,0,0,0,0,0,24,0,0,0,0,0,11,0,5,0,0,0,0,0,0,0,15,0,26,0,0,0,0,0,0,0,0,0,232,0,142,0,24,1,382,0,15,0,0,0,5,0,121,0,0,0,0,0,0,0,12,0,0,0,0,0,13,0,0,0,4,0,0,0,0,0,0,0,0,0,0,0,0,0,0,0,50,0,16,0,2,0,9,3,0,0,0,0,0,0,31,1,16,3,7,0,104,0,20,1,128,0,0,12,0,0,0,0,0,0,0,0,5,0,0,0,0,0,68,0,0,0,1,0,45,0,79,0,68,0,1,0,0,0,0,0,0,6,0,0,0,0,0,0,0,0,0,0,0,0,0,0,0,0,0,0,0,0,0,0,0,0,3,0,16,0,0,0,0,0,0,0,0,0,0,0,9,0,17,0,18,0,0,0,20,1,0,0,0,0,6,0,0,0,10,0,2,0,0,0,0,0,0,0,0
0,0,0,0,0,0,0,0,0,0,0,0,0,0,0,0,0,0,0,0,0,5,0,0,0,0,0,0,0,6,0,0,0,10,0,11,0,22,0,0,0,0,0,9,0,0,0,0,0,0,0,13,0,0,0,0,0,0,0,0,0,0,0,0,0,0,0,0,0,0,0,0,0,219,0,138,0,29,0,88,0,0,0,7,0,0,0,49,0,0,0,0,0,0,0,0,0,0,0,0,0,0,0,0,0,0,0,0,0,0,0,0,0,0,0,0,0,0,0,0,0,4,0,56,0,42,0,79,0,12,0,0,3,23,1,0,0,0,0,19,3,59,0,20,0,131,1,82,0,17,0,23,0,22,0,0,0,14,0,0,0,0,0,62,0,0,0,2,0,24,0,15,0,10,0,20,0,0,0,0,1,22,0,0,0,0,0,0,0,0,0,0,0,3,0,0,0,0,0,0,0,0,0,0,0,0,0,0,0,20,0,0,0,0,0,0,1,0,0,0,0,3,0,0,1,4,0,1,0,37,0,0,0,0,0,4,0,0,0,14,0,0,0,0,0,7,0,0,0
0,0,0,0,0,0,0,0,0,0,0,0,0,0,0,0,0,0,0,0,0,0,0,0,0,0,0,0,0,0,0,0,0,0,0,0,0,0,0,0,0,0,0,0,3,0,0,0,0,0,2,0,0,0,0,0,0,0,0,0,0,0,0,0,0,0,0,0,0,0,232,0,0,0,20,1,69,0,140,1,0,0,7,0,6,0,4,0,0,0,0,0,12,0,0,0,0,0,1,0,0,0,0,0,0,0,0,0,0,0,0,0,3,0,0,0,0,0,0,0,17,0,0,0,0,0,0,0,0,0,0,0,0,0,24,0,0,0,0,0,17,0,17,0,37,0,0,3,0,0,12,0,0,2,0,0,0,0,0,0,0,0,75,0,4,0,0,0,18,1,9,0,6,0,5,0,0,0,0,0,0,0,0,0,0,0,0,0,3,0,1,0,1,0,0,0,0,0,3,0,11,0,7,0,7,0,7,0,19,0,0,0,5,0,0,0,1,0,0,0,4,0,0,2,0,0,0,0,17,8,0,0,1,1,7,0,0,0,38,1,20,0,0,0,0,0,0,0,0
