0,622,34,61,50,0,39,69,76,2,108,18,155,0,18,45,56,49,12,0,14,0,46,268,3,209,27,0,53,41,4,0,11,8,0,0,45,7,170,37,58,0,0,0,16,0,13,0,1,0,0,0,0,0,5,0,2,0,9,0,113,13,81,0,7,0,0,0,0,0,0,0,0,1,0,0,0,0,0,0,0,0,1,0,0,0,0,0,0,0,0,0,0,0,0,0,0,0,0,0,0,0,0,0,0,0,0,0,0,0,0,0,0,0,0,0,0,0,0,0,0,0,0,0,0,0,4,0,0,0,3,0,0,0,0,0,0,0,0,0,0,0,0,0,0,0,13,0,13,0,9,0,22,0,0,0,0,0,0,0,2,0,1,0,0,0,32,0,18,0,6,0,90,0,6,0,117,130,35,0,17,0,7,3,50,0,4,0,0,0,0,0,0,0,0,0,0,0,0,0,0,0,0,0,0,0,0,0,5,0,0,0,0,0,0,0,0,0,4,0,155,6,5,1,13,0,188,23,141,0,232,0,124,0,8,1,19,0,62,0,42,0,64,0,271,0,0,0,0
622,0,402,80,45,314,270,35,187,65,66,344,0,115,0,64,105,48,0,67,8,27,319,45,376,34,0,214,9,218,0,0,5,66,0,0,2,100,22,297,1,123,0,0,0,23,0,48,0,6,0,0,0,4,16,7,0,5,0,14,10,220,41,47,0,59,0,9,0,0,0,3,0,0,0,0,0,0,0,0,0,1,0,0,0,12,0,0,0,0,0,0,0,0,0,0,0,18,0,0,0,0,0,0,0,12,0,18,0,0,0,0,0,0,0,0,0,0,0,0,0,0,0,0,0,18,0,10,0,3,0,21,0,21,0,35,0,35,0,31,0,0,0,16,0,0,0,24,0,44,0,49,2,50,0,7,0,4,0,0,0,7,0,0,0,0,0,0,0,1,0,0,0,33,0,8,138,311,0,5,0,12,8,20,0,69,0,0,0,0,0,2,0,0,0,0,0,4,0,7,0,0,0,0,0,0,0,11,0,40,0,0,0,0,0,13,0,0,0,0,14,387,0,15,0,14,12,193,0,81,7,241,0,438,0,33,0,10,0,65,1,38,0,19,5,365,0,0,0
34,402,0,79,86,51,62,0,30,0,31,123,67,5,302,155,90,20,140,24,48,30,496,182,78,53,91,0,134,54,44,0,146,31,0,0,61,18,225,24,44,0,0,0,22,0,12,0,0,0,0,0,12,0,142,0,9,0,21,0,69,9,53,0,15,0,9,1,0,0,0,0,0,1,0,0,0,0,0,0,0,0,0,0,30,0,0,0,0,0,0,0,0,0,0,0,35,0,0,0,0,0,0,0,28,0,99,0,0,0,0,0,0,0,0,0,0,0,0,0,0,0,0,0,54,0,51,0,0,0,36,0,47,0,227,0,59,0,0,0,0,0,77,1,0,0,159,0,85,0,108,0,38,0,1,0,0,0,0,0,9,0,2,0,3,0,47,0,16,0,6,0,99,2,0,1,23,58,0,1,0,0,0,0,16,0,0,0,0,0,0,0,0,0,0,0,0,0,0,0,114,0,0,0,0,0,23,0,90,0,0,0,0,0,22,0,0,0,0,0,391,0,3,2,16,0,123,24,177,0,193,0,183,0,21,0,24,0,51,0,34,2,50,0,307,7,0,0,0
61,80,79,0,39,43,0,94,0,2,49,0,0,0,29,208,12,13,0,52,9,72,64,208,0,43,0,16,0,272,0,53,0,294,0,0,0,46,4,56,0,2,0,0,0,0,0,0,0,0,0,0,0,1,0,26,0,0,0,3,1,0,0,1,0,0,0,0,0,0,0,0,0,0,0,0,0,0,0,0,0,0,0,0,0,12,0,0,0,0,0,0,0,0,0,0,0,24,0,0,0,0,0,3,0,0,0,0,0,0,0,0,0,0,0,0,0,0,0,0,0,0,0,0,0,5,0,7,0,11,0,17,0,23,0,67,0,54,0,26,0,3,0,25,0,0,0,0,0,1,0,18,0,0,0,1,0,0,0,2,0,0,0,0,0,1,0,0,0,0,0,0,1,20,0,0,16,11,1,2,0,11,0,0,0,0,0,0,0,0,0,0,0,0,0,0,0,0,0,10,0,0,0,0,0,0,0,0,0,27,0,0,0,0,0,3,0,0,0,2,0,248,0,0,0,10,3,66,1,62,0,70,0,133,0,2,0,6,0,0,0,0,0,5,7,90,0,0,0
50,45,86,39,0,219,14,0,26,0,42,191,204,106,100,315,5,1,62,178,65,80,38,56,5,0,160,97,0,12,86,16,122,49,96,0,164,0,47,0,122,16,9,0,18,3,77,12,2,0,51,0,0,0,0,0,0,0,0,0,0,0,0,0,9,0,3,0,0,0,0,0,1,0,0,0,0,0,0,0,0,0,0,0,0,0,0,0,0,0,7,0,0,0,0,0,0,0,0,0,0,0,2,0,4,0,0,0,0,0,0,0,0,0,0,0,0,0,0,0,0,0,0,0,0,0,0,0,0,0,5,0,0,0,14,0,0,0,0,0,0,0,0,0,0,0,21,0,21,0,26,0,19,0,0,0,0,0,0,0,0,0,1,0,0,0,79,5,23,0,3,0,43,2,0,0,118,121,4,0,14,0,7,0,25,0,4,0,0,0,3,0,0,0,0,0,0,0,0,0,0,0,0,0,0,0,0,0,8,0,0,0,0,0,6,0,0,0,14,8,141,17,5,0,56,16,138,21,84,0,104,0,0,17,0,0,45,0,15,0,20,0,22,0,159,11,0,0,0
0,314,51,43,219,0,1,28,0,7,115,86,134,98,303,93,7,0,74,165,113,155,58,32,0,3,14,303,2,13,32,144,13,263,23,47,34,157,0,0,0,92,0,24,0,16,0,62,0,4,15,33,0,0,0,5,0,0,0,4,0,0,0,0,0,24,0,0,0,0,0,0,0,3,0,0,0,0,0,0,0,0,0,0,0,12,0,7,0,0,0,0,0,0,0,0,0,23,0,0,0,0,0,0,0,0,0,0,0,0,0,0,0,0,0,0,0,0,0,0,0,0,0,0,0,12,0,0,0,10,0,0,0,23,0,50,0,52,0,16,0,8,0,16,0,8,0,0,0,25,0,48,0,59,0,0,0,0,0,0,0,0,0,0,0,8,0,48,0,30,0,0,0,27,0,24,25,126,4,17,0,56,0,0,0,33,0,3,0,0,0,0,0,0,0,0,0,0,0,0,0,0,0,0,0,0,0,0,0,40,0,1,0,0,0,5,0,0,0,41,17,229,0,23,0,119,9,198,18,190,4,171,2,202,0,14,0,10,1,0,2,9,0,7,14,111,0,0,0
39,270,62,0,14,1,0,162,81,186,16,0,3,0,0,0,22,62,0,0,0,0,10,0,119,169,0,0,42,24,0,0,0,0,0,0,0,1,23,0,0,0,0,0,0,0,0,0,0,0,0,0,31,0,117,20,13,0,14,1,166,23,326,33,14,0,28,8,0,0,0,0,0,0,0,0,0,0,0,0,0,1,0,0,9,0,0,0,0,0,12,0,0,0,0,0,18,0,0,1,0,0,0,0,6,0,17,0,0,0,0,0,0,0,0,0,0,0,0,0,0,0,0,0,47,0,57,0,16,0,60,0,22,0,51,0,23,0,0,0,0,0,48,0,0,0,75,0,20,0,42,0,0,0,4,0,0,0,2,0,14,0,6,0,0,0,0,0,7,0,49,0,187,0,0,0,12,49,0,0,0,0,0,10,0,0,0,0,0,0,0,0,0,0,0,0,0,0,14,0,27,0,0,0,0,0,8,0,44,0,0,0,0,0,161,0,0,0,0,0,261,0,38,0,19,0,104,10,178,8,189,0,280,2,65,0,18,0,184,0,118,0,102,0,575,0,0,0,0
69,35,0,94,0,28,162,0,267,43,1,1,0,0,0,84,47,37,0,14,0,0,13,45,133,402,0,0,2,109,0,0,0,8,0,0,0,5,0,127,0,0,0,0,0,0,0,0,0,0,0,0,10,5,71,108,0,34,0,39,12,218,79,178,0,7,0,16,0,0,0,0,0,0,0,0,0,0,0,0,0,0,0,2,3,0,0,0,0,0,0,0,0,0,0,0,0,0,0,0,0,0,0,0,0,5,0,0,0,0,0,0,0,0,0,0,0,0,0,0,0,0,0,0,0,18,0,10,0,47,0,61,0,39,0,19,0,40,0,16,0,0,0,14,0,0,0,10,0,12,0,17,0,0,0,10,0,0,0,13,0,16,0,0,0,0,0,0,0,0,0,16,0,30,0,0,17,19,0,0,0,1,0,4,0,1,0,0,0,0,0,0,0,0,0,0,0,0,0,0,0,3,0,0,0,0,0,10,0,21,0,0,0,0,0,68,0,0,0,5,0,383,0,20,0,14,0,67,0,117,0,89,0,365,0,60,0,0,0,80,0,21,0,14,0,330,0,0,0
76,187,30,0,26,0,81,267,0,539,45,0,35,0,23,5,2,109,0,0,0,0,0,13,0,292,32,0,0,6,0,0,0,0,0,0,0,0,9,0,37,0,0,0,11,0,19,0,0,0,7,0,31,3,19,171,6,2,65,11,168,3,242,51,93,0,70,30,0,0,0,0,0,0,0,0,0,0,0,0,0,0,3,0,2,0,0,0,0,0,0,0,0,0,0,0,0,1,0,0,0,0,0,0,0,0,1,0,0,0,0,0,0,0,0,0,0,0,0,0,0,0,0,0,18,0,42,0,1,0,27,0,1,0,8,0,0,0,0,0,0,0,0,0,0,0,84,1,61,0,41,0,16,0,0,0,0,0,0,0,17,0,2,0,0,0,0,0,12,0,47,1,126,0,0,0,246,63,17,0,2,0,6,30,49,6,0,0,0,0,2,0,0,0,0,0,0,0,2,0,0,0,0,0,0,0,5,0,22,0,2,0,0,0,58,0,0,0,0,0,54,1,7,0,12,0,109,2,127,5,84,0,73,0,25,0,0,0,119,0,84,0,43,0,235,0,0,0,0
2,65,0,2,0,7,186,43,539,0,0,31,0,12,0,0,12,0,0,5,0,2,0,0,62,19,0,18,0,0,0,0,0,1,0,0,0,5,0,10,0,16,0,0,0,0,0,6,0,0,0,4,41,15,355,45,15,13,174,46,6,134,102,222,1,149,82,36,0,0,0,0,0,0,0,0,0,0,0,0,0,0,0,0,0,5,0,0,0,0,0,0,0,0,0,0,0,1,0,0,0,0,0,0,0,0,0,11,0,0,0,0,0,0,0,0,0,0,0,0,0,0,0,0,0,31,0,16,0,12,0,113,0,24,5,8,0,6,0,3,0,0,0,0,0,0,0,40,0,67,0,46,0,25,0,0,0,0,0,1,0,19,0,2,0,0,0,0,0,2,0,30,0,46,0,0,54,360,0,1,0,4,0,96,0,19,0,0,0,0,0,0,0,0,0,0,0,0,0,0,0,0,0,0,0,2,0,12,0,29,0,10,0,2,0,63,0,2,0,3,0,161,0,22,0,13,0,88,0,171,0,64,2,282,0,38,0,2,0,130,0,19,0,9,0,357,0,0,0
108,66,31,49,42,115,16,1,45,0,0,100,138,9,26,205,14,0,0,61,56,28,11,54,0,0,14,16,0,0,31,0,62,35,0,2,93,0,71,5,44,0,0,1,12,0,5,0,2,0,0,0,0,0,1,0,0,0,1,0,0,0,0,0,0,0,1,0,0,0,0,0,0,0,0,0,0,0,0,0,0,0,0,0,0,0,0,0,0,0,0,0,0,0,0,0,0,0,0,0,0,0,0,0,0,0,0,0,0,0,0,0,0,0,0,0,0,0,0,0,0,0,0,0,0,0,0,0,0,0,0,0,0,0,0,0,0,0,0,0,0,0,0,0,0,0,0,0,6,0,3,0,14,0,0,0,0,0,0,0,0,0,0,0,0,0,29,0,13,0,0,0,17,0,5,0,107,47,29,2,9,0,10,0,23,0,10,2,0,0,0,0,1,0,0,0,0,0,0,0,0,0,0,0,0,0,0,0,1,0,0,0,0,0,0,0,0,0,0,0,99,10,6,0,0,0,121,9,80,0,116,0,42,0,4,0,29,0,11,0,15,0,34,0,123,0,0,0,0
18,344,123,0,191,86,0,1,0,31,100,0,35,251,226,16,18,0,12,23,65,58,116,15,0,0,0,152,0,30,20,26,3,167,0,6,27,105,0,24,9,208,0,14,2,26,0,65,0,17,3,26,0,0,0,0,1,0,0,0,0,0,0,0,0,21,0,0,0,0,0,0,0,0,0,4,0,0,0,0,0,0,0,0,0,6,0,0,0,0,0,0,0,0,0,0,0,8,0,0,0,3,0,0,0,0,1,0,0,0,0,0,0,0,0,0,0,0,0,0,0,0,0,0,0,7,0,2,0,0,0,0,0,0,0,13,0,10,0,11,0,0,0,0,0,0,0,15,0,0,0,43,0,85,0,3,0,2,0,0,0,0,0,0,0,0,10,9,0,6,0,1,0,13,0,55,40,201,0,29,0,101,0,30,0,88,0,15,0,0,0,0,0,0,0,0,0,0,0,0,0,0,0,0,0,0,0,0,0,15,0,0,0,0,0,6,0,0,2,39,16,142,0,0,0,54,7,273,0,72,5,161,0,172,0,3,0,17,1,17,1,14,0,10,16,154,0,0,0
155,0,67,0,204,134,3,0,35,0,138,35,0,342,7,52,1,0,56,269,28,72,0,3,1,0,91,349,0,0,18,0,18,7,74,0,53,10,0,0,137,103,28,17,22,11,39,36,10,0,101,29,0,0,0,0,2,0,0,0,1,0,0,0,9,0,1,0,0,0,0,0,0,0,0,0,0,0,0,0,0,0,0,0,0,0,0,0,3,0,0,0,0,0,8,0,0,0,0,0,0,0,3,0,0,0,0,0,0,0,0,0,0,0,0,0,0,0,0,0,0,0,0,0,2,0,3,0,0,0,1,0,0,0,0,0,0,0,0,0,2,0,0,0,0,0,12,0,16,0,14,0,41,0,0,0,0,0,0,0,0,0,0,0,35,3,26,3,35,0,0,0,0,0,25,0,205,129,19,0,39,0,32,0,39,0,37,0,0,0,0,0,0,0,0,0,0,0,0,0,0,0,0,0,0,0,0,0,0,0,0,0,0,0,2,0,0,0,74,58,29,0,10,21,169,53,98,13,54,15,42,0,0,15,0,0,24,1,8,0,0,0,0,0,52,5,0,0,0
0,115,5,0,106,98,0,0,0,12,9,251,342,0,96,0,0,0,309,46,110,77,4,0,0,0,287,116,0,0,24,5,0,2,74,21,0,26,1,1,128,260,30,135,27,32,40,97,0,23,51,236,0,0,0,0,0,0,0,2,0,0,0,0,0,8,0,0,0,0,0,0,0,0,0,0,0,0,0,0,0,0,0,0,0,0,0,0,0,0,0,0,0,0,0,0,0,0,0,1,0,0,1,0,0,0,0,0,0,0,0,0,0,0,0,0,0,0,0,0,0,0,0,0,0,0,0,3,0,0,0,0,0,0,0,19,0,0,0,0,0,0,0,0,0,6,0,0,0,0,0,9,0,0,0,0,0,0,0,0,0,0,0,0,0,5,0,2,0,14,0,0,2,4,0,15,11,247,2,15,0,19,0,0,0,12,9,61,0,0,0,0,0,0,0,3,0,0,0,0,0,0,0,0,0,0,0,0,0,15,0,0,0,0,0,0,0,0,7,157,0,0,0,30,0,152,0,69,0,55,0,0,0,0,0,0,0,0,0,0,0,0,0,0,0,0,0,0,0
18,0,302,29,100,303,0,0,23,0,26,226,7,96,0,334,40,0,420,231,267,115,354,58,66,0,137,68,4,0,308,34,124,66,26,10,155,41,5,0,24,9,0,8,23,0,21,0,1,0,23,6,6,0,106,0,0,0,5,0,1,0,24,0,10,0,0,0,0,0,2,0,0,0,0,0,0,0,0,0,20,0,0,0,121,0,23,0,0,0,120,0,0,0,0,0,212,0,0,0,0,0,0,0,0,0,189,0,0,0,0,0,0,0,0,0,0,0,0,0,2,0,11,0,0,0,25,0,0,0,0,0,12,0,99,0,119,0,0,0,0,0,140,0,0,0,34,0,47,0,54,0,23,0,6,0,0,0,0,0,0,0,5,0,0,2,45,0,10,0,5,1,14,0,0,0,12,44,0,0,4,0,0,0,25,0,0,1,0,0,0,0,0,0,0,0,0,0,21,0,126,0,0,0,0,0,0,0,67,0,0,0,0,0,13,0,0,0,0,6,46,16,0,0,7,20,136,16,63,19,37,0,0,0,5,2,13,1,17,0,14,0,23,0,62,0,0,0,0
45,64,155,208,315,93,0,84,5,0,205,16,52,0,334,0,30,30,8,345,109,301,210,106,8,31,0,381,3,34,25,37,22,78,0,28,41,44,8,6,0,0,0,52,0,25,0,2,0,0,0,0,0,7,0,54,0,7,0,0,0,0,0,42,3,6,0,0,0,0,0,11,0,3,0,0,0,0,0,0,0,71,0,0,0,280,0,72,0,48,0,0,0,0,0,29,0,165,0,30,0,71,0,0,0,65,0,98,0,0,0,0,0,0,0,0,0,0,0,0,0,0,0,0,0,0,0,0,0,0,0,0,0,35,0,181,0,104,0,84,0,66,0,343,2,0,0,5,0,0,0,0,0,20,0,5,0,7,0,0,0,0,0,0,0,0,10,1,0,0,0,1,4,4,0,7,18,46,5,11,0,13,0,2,0,20,0,0,0,0,0,0,0,0,0,0,0,0,0,0,0,0,0,0,0,0,0,8,0,31,0,0,0,0,0,5,0,7,0,5,21,22,0,8,0,0,15,320,8,34,0,43,0,21,0,3,8,3,0,11,0,4,0,8,24,39,0,0,0
56,105,90,12,5,7,22,47,2,12,14,18,1,0,40,30,0,24,68,5,244,4,123,43,94,58,60,0,297,14,156,1,148,8,0,0,0,0,81,9,0,0,4,0,32,0,0,0,0,0,0,0,30,0,62,0,2,0,0,0,56,3,338,0,0,0,0,2,0,0,117,0,8,0,115,0,0,0,0,0,301,0,0,0,274,0,356,0,0,0,226,0,0,0,50,0,374,0,419,0,38,0,0,0,0,0,105,0,0,0,0,0,0,0,0,0,0,0,0,0,166,0,78,0,0,0,5,0,0,0,0,0,0,0,0,0,41,0,69,0,97,0,215,0,21,0,0,0,0,0,0,0,0,0,26,1,0,0,44,0,0,0,6,0,0,0,5,0,0,0,4,0,32,0,0,0,3,5,0,0,0,0,0,0,0,0,0,0,0,0,0,0,0,0,0,0,0,0,0,0,16,0,0,0,0,0,0,0,12,0,0,0,0,0,0,0,0,0,0,0,92,0,0,0,0,0,272,7,59,0,19,0,36,1,0,0,2,0,0,0,5,0,7,0,47,1,0,0,0
49,48,20,13,1,0,62,37,109,0,0,0,0,0,0,30,24,0,0,0,0,67,21,87,60,28,0,0,3,310,0,5,0,55,0,1,0,1,0,110,0,0,0,0,0,0,0,0,0,0,0,3,0,27,13,26,0,15,4,0,3,10,33,165,0,0,2,0,0,0,0,2,0,0,0,0,0,0,0,0,0,32,0,9,0,96,0,23,0,31,0,0,0,0,0,0,2,50,0,11,0,25,0,0,0,0,0,15,0,0,0,0,0,0,0,0,0,0,0,0,0,23,0,0,0,1,0,0,0,30,0,0,0,60,0,39,0,145,0,170,0,148,0,412,0,8,0,0,0,0,0,0,0,1,0,9,0,0,0,0,0,2,0,0,0,0,0,0,0,0,0,0,0,0,0,0,1,0,0,7,0,0,0,3,0,0,0,0,0,0,0,0,0,0,0,0,0,0,0,0,0,0,0,0,0,0,0,1,0,8,0,0,0,0,0,0,0,0,0,0,0,29,0,0,0,0,0,213,0,8,0,2,0,10,0,0,0,0,0,1,0,0,0,0,0,9,0,0,0
12,0,140,0,62,74,0,0,0,0,0,12,56,309,420,8,68,0,0,178,200,61,280,0,16,0,71,294,14,0,34,0,7,0,303,18,41,9,0,0,18,89,47,17,76,10,18,44,3,0,249,26,0,0,50,0,0,0,0,0,0,0,55,0,3,0,0,0,0,0,0,0,0,0,0,0,0,0,0,0,0,0,3,0,84,0,0,0,0,0,0,0,0,0,0,0,222,0,0,1,0,0,0,0,0,0,0,0,0,0,0,0,0,0,0,0,0,0,0,0,0,0,0,0,0,0,0,0,0,0,0,0,0,0,52,0,0,0,0,0,15,0,0,0,0,0,16,0,20,0,20,0,27,0,2,0,0,0,0,0,0,0,0,0,16,0,22,3,0,0,7,1,14,0,0,0,38,94,1,0,0,0,3,0,27,0,3,4,0,0,0,0,0,0,0,0,0,0,0,0,0,0,0,0,0,0,0,0,33,0,0,0,0,0,0,0,0,0,34,52,30,7,0,2,139,37,153,7,52,14,40,0,0,0,3,0,18,3,0,0,0,0,4,0,65,0,0,0,0
0,67,24,52,178,165,0,14,0,5,61,23,269,46,231,345,5,0,178,0,163,239,22,28,0,14,48,290,0,0,46,15,8,11,83,95,29,64,0,0,0,10,2,60,9,20,0,15,0,0,29,122,0,0,0,0,0,0,0,0,0,0,0,21,0,0,0,0,0,0,0,0,0,0,0,0,0,0,0,8,0,25,0,0,2,79,0,0,0,0,0,0,0,0,0,10,0,0,0,7,0,37,0,0,0,0,0,29,0,0,0,0,0,0,0,0,0,0,0,0,0,0,0,0,0,0,0,0,0,0,0,5,0,13,0,66,0,59,0,21,0,0,0,124,0,0,0,0,0,0,0,25,0,33,0,0,0,0,0,0,0,1,0,0,0,4,4,4,0,0,0,0,0,3,0,0,6,55,2,7,0,24,0,5,0,33,0,10,0,0,0,0,0,9,0,0,0,0,0,0,0,0,0,0,0,0,0,16,0,42,0,0,0,0,0,7,0,0,3,23,0,29,0,12,0,99,0,165,0,44,4,48,0,50,0,5,0,4,2,6,0,0,0,0,0,51,0,0,0
14,8,48,9,65,113,0,0,0,0,56,65,28,110,267,109,244,0,200,163,0,51,123,24,3,0,183,76,119,0,77,0,34,16,92,8,6,15,8,0,0,23,68,3,25,0,0,9,0,0,56,11,0,0,8,0,0,0,8,0,0,0,80,0,0,2,0,0,0,0,107,0,0,0,63,0,0,0,0,0,96,0,0,0,46,0,117,0,0,0,102,0,0,0,29,0,175,0,179,0,21,0,0,0,0,0,41,0,0,0,0,0,0,0,0,0,0,0,0,0,38,0,19,0,0,0,0,0,0,0,0,0,0,0,0,0,6,0,0,0,17,0,27,0,19,0,0,0,7,0,0,0,6,0,0,0,0,0,0,0,0,0,0,0,6,1,32,0,8,0,6,0,19,0,0,0,0,12,8,0,0,0,0,0,8,0,0,0,0,0,0,0,0,0,0,0,0,0,0,0,0,0,0,0,0,0,0,0,0,0,0,0,0,0,0,0,0,0,8,9,68,6,0,0,40,16,270,8,62,11,111,0,27,0,6,0,25,0,10,0,17,0,28,0,105,0,0,0,0
0,27,30,72,80,155,0,0,0,2,28,58,72,77,115,301,4,67,61,239,51,0,33,149,0,10,10,201,0,164,21,27,8,20,16,80,7,11,0,12,4,9,0,124,0,59,0,17,0,0,6,51,0,0,0,15,0,0,0,4,0,19,0,9,0,0,0,0,0,0,0,37,0,0,0,8,0,0,0,0,0,125,0,0,0,69,0,118,0,0,0,0,0,0,0,0,0,30,0,31,0,61,0,0,0,0,0,23,0,0,0,0,0,0,0,0,0,0,0,0,0,120,0,78,0,0,0,0,0,0,0,0,0,0,0,0,0,79,0,171,0,382,0,754,0,191,0,0,0,0,0,0,0,10,0,0,0,7,0,6,0,3,0,0,0,6,0,16,0,20,0,3,0,2,0,7,2,81,0,17,0,7,0,0,0,0,0,33,0,0,0,1,0,0,0,0,0,0,0,0,0,0,0,0,0,0,0,0,0,0,0,0,0,0,0,0,0,0,0,45,4,56,0,10,0,72,0,300,6,74,6,134,0,61,0,7,0,10,0,21,0,9,0,9,4,48,0,0,0
46,319,496,64,38,58,10,13,0,0,11,116,0,4,354,210,123,21,280,22,123,33,0,271,79,35,62,0,32,62,27,6,30,58,3,0,21,24,65,36,0,0,0,0,30,0,12,0,0,0,0,0,10,0,109,0,0,0,0,0,16,2,53,1,0,0,0,0,0,0,0,0,0,0,0,0,0,0,0,0,33,0,0,0,120,1,29,0,0,0,107,0,0,0,0,0,244,0,58,0,6,0,0,0,0,0,98,0,0,0,0,0,0,0,0,0,0,0,0,0,0,0,0,0,6,0,15,1,0,0,0,0,0,0,34,0,84,0,0,0,16,0,136,0,3,0,6,0,1,1,10,0,0,0,7,0,0,0,0,0,1,0,0,0,1,0,14,0,0,0,1,0,45,0,0,0,2,12,0,1,0,0,1,0,0,0,0,0,0,0,0,0,0,0,0,0,0,0,13,0,82,0,0,0,0,0,5,0,34,0,0,0,0,0,11,0,0,0,0,0,109,0,0,0,0,0,249,32,83,0,22,0,41,8,1,0,0,0,5,0,0,0,8,0,61,0,0,0,0
268,45,182,208,56,32,0,45,13,0,54,15,3,0,58,106,43,87,0,28,24,149,271,0,88,39,0,35,13,161,0,14,0,28,0,14,0,9,14,34,0,0,0,24,0,17,0,0,0,0,0,7,0,2,0,31,0,1,0,0,0,6,4,63,0,0,0,0,0,0,0,6,0,0,0,0,0,0,0,0,0,86,0,0,0,253,0,62,0,60,0,0,0,0,0,12,0,153,0,17,0,77,0,0,0,30,0,70,0,0,0,0,0,0,0,0,0,0,0,0,0,48,0,18,0,0,0,0,0,0,0,0,0,34,0,83,0,96,0,76,0,82,0,508,0,13,0,0,0,0,0,3,0,0,0,1,0,0,0,0,0,0,0,0,0,0,0,0,0,0,0,0,2,4,0,0,0,14,0,35,0,2,3,0,0,0,0,0,0,0,0,0,0,0,0,0,0,0,0,0,0,0,0,0,0,0,0,7,0,7,0,0,0,0,0,1,0,5,0,0,12,21,0,0,0,0,12,610,0,14,0,19,0,19,0,2,0,0,0,8,0,9,0,5,0,21,0,0,0
3,376,78,0,5,0,119,133,0,62,0,0,1,0,66,8,94,60,16,0,3,0,79,88,0,182,5,0,60,37,0,0,0,0,0,0,0,6,34,40,0,0,0,0,0,0,4,0,0,0,0,0,46,0,396,0,13,1,13,0,79,24,60,20,0,0,0,0,0,0,0,0,0,0,0,0,0,0,0,0,0,0,0,0,91,0,0,0,0,0,46,0,0,0,0,0,124,0,0,0,0,0,0,0,20,0,137,0,0,0,0,0,0,0,0,0,0,0,0,0,7,0,10,0,0,0,10,0,35,0,0,0,23,0,87,0,165,0,0,0,17,1,232,2,0,0,17,0,0,0,16,0,4,0,17,0,0,0,13,0,3,0,0,0,2,0,0,0,6,0,5,0,67,0,0,0,3,16,0,0,0,0,0,3,1,0,0,0,0,0,0,0,0,0,0,0,0,0,12,0,96,0,2,0,0,0,8,0,37,0,0,0,0,0,14,0,0,0,0,0,108,3,7,0,9,0,144,7,122,1,60,0,54,4,13,0,1,0,21,0,0,0,12,0,93,0,0,0,0
209,34,53,43,0,3,169,402,292,19,0,0,0,0,0,31,58,28,0,14,0,10,35,39,182,0,0,0,0,77,0,0,0,0,0,0,0,3,4,48,0,0,1,0,0,0,0,0,0,0,0,0,7,6,63,180,1,40,22,7,15,44,91,70,0,0,15,0,0,0,0,0,0,0,0,0,0,0,0,0,0,0,0,0,0,74,0,0,0,0,0,0,0,0,0,0,6,78,0,0,0,8,0,1,0,27,0,0,0,0,0,0,0,0,0,0,0,0,0,0,0,0,0,0,0,12,0,0,0,38,0,0,0,90,4,142,0,152,0,131,0,36,0,213,0,0,0,0,0,0,0,0,0,0,0,20,0,0,0,10,0,4,0,0,0,0,0,0,0,0,0,3,0,6,0,0,12,1,0,0,0,0,7,0,0,0,0,0,0,0,0,0,0,0,0,0,0,0,0,0,0,0,0,0,0,0,0,6,0,23,0,3,0,0,0,6,0,0,0,0,0,74,0,4,0,0,0,196,0,36,0,22,0,69,0,3,0,0,0,11,0,1,0,3,0,69,0,0,0
27,0,91,0,160,14,0,0,32,0,14,0,91,287,137,0,60,0,71,48,183,10,62,0,5,0,0,384,32,0,39,0,8,0,26,0,29,0,0,0,67,205,186,15,124,11,30,82,10,0,211,36,9,0,0,0,0,0,11,0,0,0,58,0,6,0,3,0,0,0,72,0,0,0,0,0,0,0,0,0,0,0,0,0,0,0,0,0,0,0,0,0,0,0,42,0,146,0,0,0,28,0,0,0,0,0,0,0,0,0,0,0,0,0,0,0,0,0,0,0,18,0,0,0,0,0,0,0,0,0,6,0,0,0,0,0,0,0,0,0,21,0,0,0,17,0,24,0,37,0,31,0,23,0,3,0,0,0,0,0,0,0,0,0,70,0,11,0,53,0,0,0,18,0,0,0,36,28,4,0,0,0,0,0,28,0,8,0,0,0,0,0,0,0,0,0,0,0,0,0,0,0,0,0,0,0,4,0,0,0,0,0,3,1,0,0,0,0,291,48,17,0,23,30,407,18,34,0,43,0,0,0,0,0,0,0,5,0,7,0,0,0,0,0,21,0,0,0,0
0,214,0,16,97,303,0,0,0,18,16,152,349,116,68,381,0,0,294,290,76,201,0,35,0,0,384,0,0,0,17,0,0,0,80,28,12,23,0,0,250,169,54,306,30,143,50,137,3,19,116,316,0,0,0,3,0,0,0,4,0,1,0,0,0,45,0,0,0,4,0,0,0,0,0,0,0,0,0,0,0,91,0,18,0,80,0,0,0,0,0,0,0,0,0,0,0,0,0,18,0,0,0,0,0,26,0,0,0,0,0,0,0,0,0,0,0,0,0,0,0,0,0,37,0,0,0,9,0,0,0,12,0,28,0,84,0,68,0,0,0,0,0,190,0,38,0,13,0,0,0,50,0,59,0,0,0,0,0,4,0,0,0,0,0,5,0,3,0,30,0,0,0,0,0,21,4,65,3,26,0,0,0,6,0,0,7,12,0,0,0,0,0,0,0,0,0,0,0,0,0,0,0,0,0,0,0,11,0,79,0,0,0,0,0,12,0,0,0,399,0,20,0,76,0,186,0,173,0,61,0,18,0,50,0,0,0,3,0,0,0,0,0,3,0,34,0,0,0
53,9,134,0,0,2,42,2,0,0,0,0,0,0,4,3,297,3,14,0,119,0,32,13,60,0,32,0,0,0,59,0,36,0,3,0,9,0,17,0,0,0,13,0,9,0,0,0,0,0,9,0,6,0,1,0,0,0,2,0,12,2,39,0,0,0,0,0,0,0,90,1,9,0,87,0,0,0,0,0,82,0,0,0,15,0,121,0,4,0,15,0,0,0,39,0,37,0,101,0,15,0,1,0,0,0,9,0,0,0,0,0,0,0,0,0,0,0,0,0,51,0,62,0,0,0,0,0,3,0,0,0,0,0,0,0,0,0,31,0,112,0,40,0,134,0,2,0,0,0,0,0,0,0,5,0,8,0,0,0,0,0,0,0,0,0,0,0,0,0,6,0,1,0,2,0,1,0,0,0,0,0,0,0,0,0,0,0,0,0,0,0,0,0,0,0,0,0,0,0,0,0,0,0,0,0,0,0,0,0,0,0,0,0,0,0,0,0,0,0,3,0,0,0,0,0,145,0,6,0,2,0,0,0,2,0,0,0,7,0,9,0,6,0,6,0,0,0,0
41,218,54,272,12,13,24,109,6,0,0,30,0,0,0,34,14,310,0,0,0,164,62,161,37,77,0,0,0,0,0,23,0,72,0,4,0,7,0,36,0,0,0,8,0,0,0,0,0,0,0,4,0,1,0,23,0,8,0,0,0,16,0,47,0,0,0,0,0,0,0,4,0,0,0,0,0,0,0,0,0,28,0,0,0,62,0,22,0,0,0,0,0,0,0,0,0,34,0,8,0,16,0,0,0,0,0,27,0,0,0,0,0,0,0,0,0,0,0,0,0,26,0,12,0,0,0,0,0,0,0,0,0,15,0,0,0,82,0,176,0,200,0,313,0,32,0,1,0,0,0,0,0,0,0,1,0,0,0,5,0,0,0,0,0,0,0,0,0,5,0,0,0,1,0,0,0,13,0,38,0,0,0,7,0,0,0,0,0,0,0,0,0,0,0,0,0,0,0,0,0,0,0,0,0,0,0,0,0,0,0,0,0,0,0,1,0,0,0,0,0,13,0,0,0,0,0,362,0,8,0,6,0,17,0,2,0,0,0,0,0,3,0,3,0,39,0,0,0
4,0,44,0,86,32,0,0,0,0,31,20,18,24,308,25,156,0,34,46,77,21,27,0,0,0,39,17,59,0,0,0,7,0,23,4,30,0,7,0,0,0,65,3,5,0,0,0,1,0,70,0,0,0,0,0,4,0,5,0,0,0,9,0,3,0,1,1,0,0,60,0,4,0,41,0,0,0,0,0,24,0,0,0,0,0,44,0,0,0,0,0,0,0,22,0,34,0,44,0,0,0,0,0,0,0,0,0,0,0,0,0,0,0,0,0,0,0,0,0,0,0,0,0,0,0,0,0,0,0,0,0,0,0,0,0,0,0,0,0,22,0,0,0,27,0,0,0,2,0,0,0,5,0,0,0,0,0,0,0,2,0,8,0,0,1,68,1,9,0,0,0,18,0,0,0,12,6,3,0,3,0,0,0,0,0,0,0,0,0,0,0,0,0,0,0,0,0,0,0,0,0,0,0,0,0,0,0,2,0,0,0,0,0,0,0,0,0,0,7,56,0,6,0,16,0,123,0,36,0,70,0,15,0,3,0,41,0,0,0,5,0,13,0,86,0,0,0,0
0,0,0,53,16,144,0,0,0,0,0,26,0,5,34,37,1,5,0,15,0,27,6,14,0,0,0,0,0,23,0,0,0,3,0,24,0,12,0,3,0,0,0,22,0,1,0,0,0,0,0,34,0,0,0,0,0,0,0,0,0,5,0,0,0,0,0,0,0,0,0,0,0,0,0,0,0,0,0,0,0,19,0,3,0,6,0,9,0,0,0,0,0,0,0,0,0,0,0,3,0,0,0,0,0,0,0,0,0,0,0,0,0,0,0,0,0,0,0,0,0,16,0,13,0,0,0,1,0,0,0,0,0,0,0,0,0,0,0,31,0,48,0,98,0,38,0,0,0,0,0,0,0,0,0,0,0,6,0,0,0,0,0,0,0,0,0,5,0,0,0,0,0,2,0,0,0,26,0,7,0,0,0,0,0,0,0,3,0,0,0,0,0,0,0,0,0,1,0,3,0,0,0,0,0,0,0,0,0,7,0,0,0,0,0,0,0,0,0,5,0,23,0,2,3,7,0,65,0,29,0,18,0,27,0,0,0,3,0,0,0,0,0,0,0,0,0,0,0
11,5,146,0,122,13,0,0,0,0,62,3,18,0,124,22,148,0,7,8,34,8,30,0,0,0,8,0,36,0,7,0,0,0,6,0,154,0,1,0,0,2,21,0,6,0,0,0,0,0,29,0,0,0,0,0,0,0,5,0,2,0,3,0,0,0,0,0,0,0,27,0,3,0,13,0,0,0,0,0,7,0,0,0,0,0,0,0,0,0,0,0,0,0,0,0,0,0,17,0,3,0,0,0,0,0,0,0,0,0,0,0,0,0,0,0,0,0,0,0,0,0,3,0,0,0,0,0,0,0,1,0,0,0,0,0,0,0,3,0,0,0,0,0,14,0,0,0,0,0,0,0,0,0,0,0,0,0,0,0,0,0,6,0,0,0,26,0,6,0,8,0,12,0,5,0,20,3,5,0,0,0,1,0,11,0,0,0,0,0,0,0,0,0,0,0,0,0,0,0,0,0,0,0,0,0,0,0,0,0,0,0,0,0,0,0,0,0,0,0,32,0,0,0,3,0,80,0,27,1,40,0,0,0,0,0,10,0,8,0,1,0,0,0,0,0,0,0,0
8,66,31,294,49,263,0,8,0,1,35,167,7,2,66,78,8,55,0,11,16,20,58,28,0,0,0,0,0,72,0,3,0,0,2,11,0,98,0,5,0,0,0,4,0,0,0,0,0,0,0,5,0,0,0,0,0,0,0,0,0,10,0,0,0,0,0,0,0,0,0,0,0,0,0,0,0,0,0,0,0,0,0,0,0,14,0,0,0,0,0,0,0,0,0,0,0,0,0,0,0,0,0,0,0,0,0,0,0,0,0,0,0,0,0,0,0,0,0,0,0,2,0,4,0,0,0,1,0,0,0,0,0,0,0,0,0,13,0,49,0,52,0,56,0,20,0,0,0,0,0,0,0,0,0,0,0,7,0,0,0,0,0,0,0,0,0,15,0,5,0,0,0,3,0,4,0,70,1,120,0,0,0,5,0,0,0,9,0,0,0,0,0,0,0,0,0,0,0,0,0,0,0,0,0,0,0,0,0,6,0,0,0,0,0,0,0,0,0,0,0,55,0,1,0,10,0,148,0,49,0,0,0,30,0,0,0,0,1,0,0,0,0,0,9,23,0,0,0
0,0,0,0,96,23,0,0,0,0,0,0,74,74,26,0,0,0,303,83,92,16,3,0,0,0,26,80,3,0,23,0,6,2,0,0,98,0,1,0,0,34,10,5,4,2,0,20,0,0,50,6,0,0,0,0,0,0,0,0,1,0,0,0,0,0,0,0,0,0,0,0,0,0,0,0,0,0,0,0,0,0,0,0,0,0,0,0,0,0,0,0,0,0,0,0,10,0,0,0,1,0,0,0,0,0,0,0,0,0,0,0,0,0,0,0,0,0,0,0,0,0,0,0,0,0,0,0,0,0,0,0,0,0,0,0,0,0,2,0,2,0,0,0,0,0,0,0,0,0,0,0,4,0,0,0,0,0,0,0,0,0,0,0,7,0,41,1,0,0,0,0,13,0,0,0,18,14,24,0,0,1,0,0,0,0,4,0,0,0,0,0,0,0,0,0,0,0,0,0,0,0,0,0,0,0,0,0,0,0,0,0,0,0,2,0,0,0,10,27,40,0,0,0,87,0,107,0,45,0,26,0,0,0,2,0,13,0,0,0,0,0,0,0,38,0,0,0,0
0,0,0,0,0,47,0,0,0,0,2,6,0,21,10,28,0,1,18,95,8,80,0,14,0,0,0,28,0,4,4,24,0,11,0,0,2,49,0,1,0,0,0,11,0,0,0,0,0,0,0,12,0,0,0,0,0,0,0,0,0,9,0,0,0,1,0,0,0,0,0,21,0,0,0,0,0,0,0,0,0,17,0,0,0,6,0,0,0,0,0,0,0,0,0,0,0,0,0,7,0,13,0,0,0,0,0,0,0,0,0,0,0,0,0,0,0,0,0,0,0,30,0,19,0,0,0,0,0,0,0,0,0,0,0,0,0,6,0,37,0,51,0,91,0,50,0,0,0,0,0,2,0,0,0,0,0,0,0,0,0,0,0,0,0,0,0,6,1,6,0,2,1,4,0,0,0,16,0,0,0,0,0,0,0,0,0,24,0,0,0,0,0,0,0,0,0,0,0,0,0,0,0,0,0,0,0,0,0,0,0,0,0,0,0,0,0,0,0,24,0,20,0,8,0,77,0,99,0,46,0,0,0,20,0,2,0,0,0,0,0,0,0,0,0,0,0,0,0
45,2,61,0,164,34,0,0,0,0,93,27,53,0,155,41,0,0,41,29,6,7,21,0,0,0,29,12,9,0,30,0,154,0,98,2,0,0,11,1,0,0,61,0,70,0,0,0,1,1,92,0,3,0,1,0,16,0,19,0,44,0,5,0,4,1,0,0,0,0,83,0,0,0,41,0,0,0,0,0,24,0,0,0,0,0,44,0,0,0,0,0,0,0,0,0,0,0,36,0,0,0,0,0,0,0,0,0,0,0,0,0,0,0,0,0,0,0,0,0,25,0,35,0,0,0,0,0,0,0,0,0,0,0,0,0,0,0,34,0,95,0,0,0,134,0,0,0,7,0,0,0,0,0,3,0,53,0,1,0,0,0,42,0,13,0,44,0,0,0,40,0,56,0,0,0,33,29,18,0,0,0,5,0,14,0,1,0,0,0,0,0,0,0,0,0,0,0,0,0,0,0,0,0,0,0,0,0,0,0,0,0,1,0,1,0,0,0,11,0,56,0,0,2,56,0,43,0,87,0,0,0,0,0,0,0,10,0,3,0,0,0,0,0,26,0,0,0,0
7,100,18,46,0,157,1,5,0,5,0,105,10,26,41,44,0,1,9,64,15,11,24,9,6,3,0,23,0,7,0,12,0,98,0,49,0,0,0,10,0,0,0,51,0,10,0,0,0,0,0,32,0,0,0,0,0,1,0,5,0,52,0,0,0,0,0,3,0,0,0,24,0,3,0,5,0,0,0,7,0,23,0,9,0,6,0,24,0,0,0,0,0,0,0,0,0,0,0,6,0,13,0,0,0,0,0,0,0,0,0,0,0,0,0,0,0,0,0,0,0,42,0,42,0,0,0,0,0,3,0,0,0,0,0,0,0,0,0,69,0,80,0,93,0,151,0,0,0,0,0,5,0,12,0,5,0,27,0,0,0,6,0,0,0,5,0,7,0,11,0,12,0,5,0,4,8,48,0,70,0,9,0,18,0,3,0,11,0,0,0,0,0,0,0,0,0,0,0,0,0,0,0,0,0,0,0,0,0,0,0,0,0,1,0,0,0,0,1,14,0,22,0,0,0,43,0,212,0,43,0,21,0,0,0,1,0,4,0,0,0,0,0,0,0,13,0,0,0
170,22,225,4,47,0,23,0,9,0,71,0,0,1,5,8,81,0,0,0,8,0,65,14,34,4,0,0,17,0,7,0,1,0,1,0,11,0,0,0,0,0,13,0,4,0,0,0,0,0,1,0,5,0,1,0,0,0,0,1,11,0,3,1,1,0,0,0,0,0,0,0,0,0,0,0,0,0,0,0,8,0,0,0,0,0,0,0,0,0,3,0,0,0,0,0,0,0,5,0,0,0,0,0,0,0,0,0,0,0,0,0,0,0,0,0,0,0,0,0,0,0,0,0,0,0,2,0,0,0,0,0,0,0,0,0,0,0,24,0,50,0,0,0,56,0,0,0,0,0,0,0,0,0,10,0,50,0,4,0,0,0,4,0,0,0,3,0,0,0,11,0,9,0,0,0,34,0,2,0,0,0,5,0,1,0,0,0,0,0,0,0,0,0,0,0,0,0,0,0,0,0,0,0,0,0,0,0,0,0,0,0,0,0,0,0,0,0,0,0,11,0,0,0,0,0,210,0,14,0,7,0,1,0,0,0,1,0,7,0,6,0,6,0,10,0,0,0,0
37,297,24,56,0,0,0,127,0,10,5,24,0,1,0,6,9,110,0,0,0,12,36,34,40,48,0,0,0,36,0,3,0,5,0,1,1,10,0,0,0,0,0,7,0,0,0,0,0,0,0,3,0,0,0,5,0,4,0,0,0,10,0,19,0,0,0,1,0,0,0,0,0,0,0,0,0,0,0,0,0,4,0,0,0,9,0,0,0,0,0,0,0,0,0,0,0,0,0,0,0,0,0,0,0,0,0,4,0,0,0,0,0,0,0,0,0,0,0,0,0,0,0,0,0,0,0,0,0,0,0,0,0,0,0,0,0,0,0,67,0,30,0,28,0,22,0,0,0,0,0,0,0,0,0,8,0,22,0,5,0,0,0,0,0,0,0,0,0,0,0,5,0,2,0,0,8,30,0,34,0,0,0,26,0,0,0,0,0,0,0,0,0,0,0,0,0,0,0,0,0,0,0,0,0,0,0,0,0,0,0,0,0,0,0,0,0,0,0,0,0,11,0,0,0,0,0,194,0,6,0,6,0,17,0,0,0,0,0,3,0,2,0,0,0,18,0,0,0
58,1,44,0,122,0,0,0,37,0,44,9,137,128,24,0,0,0,18,0,0,4,0,0,0,0,67,250,0,0,0,0,0,0,0,0,0,0,0,0,0,387,61,14,54,21,13,117,55,8,28,29,0,0,0,0,0,0,0,0,0,0,3,0,6,0,0,0,0,0,0,0,0,0,0,0,0,0,0,0,0,0,17,0,0,0,0,0,0,0,0,0,0,0,0,0,19,0,0,0,4,0,10,0,0,0,0,0,0,0,0,0,0,0,0,0,0,0,0,0,0,0,0,0,0,0,0,0,0,0,0,0,0,0,0,0,7,0,0,0,0,0,0,0,0,0,9,0,0,0,17,0,28,0,0,0,0,0,0,0,0,0,0,0,36,0,0,0,9,0,0,0,0,0,15,0,26,62,4,0,18,0,18,0,59,0,30,0,0,0,0,0,0,0,3,0,3,0,0,0,0,0,0,0,0,0,0,0,0,0,0,0,0,0,0,0,0,0,381,31,0,0,94,95,36,2,0,0,0,0,0,0,0,0,0,0,0,0,3,0,0,0,0,0,3,0,0,0,0
0,123,0,2,16,92,0,0,0,16,0,208,103,260,9,0,0,0,89,10,23,9,0,0,0,0,205,169,0,0,0,0,2,0,34,0,0,0,0,0,387,0,38,38,73,29,73,79,16,116,56,16,0,0,0,0,0,0,0,0,0,0,0,0,0,0,0,0,0,11,0,0,0,0,0,0,0,0,0,0,0,0,0,3,0,0,0,0,0,0,0,0,0,0,0,0,0,0,0,0,0,0,0,3,0,0,0,0,0,0,0,0,0,0,0,0,0,0,0,0,0,0,0,0,0,8,0,0,0,0,0,0,0,0,0,0,0,0,0,0,0,0,0,0,0,0,0,0,0,0,0,0,0,0,0,0,0,1,0,0,0,0,0,0,0,24,0,0,0,0,0,0,0,0,0,0,0,165,1,6,0,0,0,0,0,0,26,23,0,0,0,0,0,0,0,0,0,0,0,0,0,0,0,0,0,0,0,0,0,0,0,0,0,0,0,0,0,0,141,235,0,0,5,389,2,0,0,5,0,1,0,0,0,0,0,0,0,0,0,0,0,0,0,0,0,0,0,0,0
0,0,0,0,9,0,0,0,0,0,0,0,28,30,0,0,4,0,47,2,68,0,0,0,0,1,186,54,13,0,65,0,21,0,10,0,61,0,13,0,61,38,0,2,141,3,45,23,2,2,72,0,0,0,0,0,6,0,0,0,0,0,0,0,0,0,0,0,0,0,22,0,0,0,0,0,0,0,0,0,0,0,0,0,0,0,25,0,0,0,0,0,0,0,0,0,0,0,0,0,0,0,0,0,0,0,0,0,0,0,0,0,0,0,0,0,0,0,0,0,0,0,0,0,0,0,0,0,0,0,0,0,0,0,0,0,2,0,0,0,20,0,0,0,0,0,0,0,0,0,0,0,1,0,0,0,0,0,0,0,0,0,0,0,18,0,0,0,0,0,0,0,0,0,1,0,0,0,1,0,0,0,2,0,0,0,8,0,0,0,0,0,0,0,0,0,0,0,0,0,0,0,0,0,0,0,0,0,0,0,0,0,2,0,0,0,0,0,78,8,4,0,15,11,52,0,12,0,0,0,0,0,1,0,0,0,0,0,0,0,0,0,0,0,5,0,0,0,0
0,0,0,0,0,24,0,0,0,0,1,14,17,135,8,52,0,0,17,60,3,124,0,24,0,0,15,306,0,8,3,22,0,4,5,11,0,51,0,7,14,38,2,0,0,74,6,41,0,54,6,58,0,0,0,0,0,0,0,0,0,0,0,0,0,0,0,0,0,0,0,31,0,0,0,0,0,0,0,10,0,26,0,8,0,0,0,0,0,0,0,0,0,0,0,10,0,0,0,14,0,0,0,0,0,0,0,0,0,0,0,0,0,0,0,0,0,0,0,0,0,0,0,0,0,0,0,0,0,0,0,0,0,2,0,0,0,0,0,58,0,55,0,99,0,71,0,0,0,0,0,0,0,0,0,0,0,7,0,0,0,0,0,1,0,9,0,4,0,13,0,0,0,3,0,0,0,24,0,0,0,0,0,0,0,0,1,47,0,0,0,0,0,0,0,0,0,0,0,0,0,0,0,0,0,0,0,0,0,0,0,0,0,0,0,0,0,8,0,102,0,0,0,49,0,55,1,49,0,16,0,0,0,13,0,0,0,3,0,0,0,0,0,0,0,0,0,0,0
16,0,22,0,18,0,0,0,11,0,12,2,22,27,23,0,32,0,76,9,25,0,30,0,0,0,124,30,9,0,5,0,6,0,4,0,70,0,4,0,54,73,141,0,0,2,58,18,35,3,82,7,0,0,0,0,9,0,13,1,0,0,23,0,3,0,3,0,7,0,109,0,0,0,62,0,14,0,0,0,0,0,30,0,0,0,91,0,25,0,76,0,6,0,33,0,116,0,108,0,21,0,10,0,0,0,0,0,0,0,0,0,0,0,0,0,0,0,0,0,22,0,16,0,0,0,0,0,0,0,0,0,0,0,0,0,0,0,0,0,0,0,20,0,36,0,0,0,11,0,8,0,0,0,0,1,0,0,0,0,0,0,29,0,118,0,18,0,43,0,19,0,19,0,0,0,3,10,2,0,8,0,0,0,11,0,10,0,25,0,0,0,0,0,0,0,0,0,0,0,0,0,0,0,0,0,0,0,0,0,0,0,0,0,0,0,2,0,261,0,12,0,65,16,120,0,24,0,0,0,0,0,7,4,1,0,0,0,0,0,0,0,0,0,0,0,0,0,0
0,23,0,0,3,16,0,0,0,0,0,26,11,32,0,25,0,0,10,20,0,59,0,17,0,0,11,143,0,0,0,1,0,0,2,0,0,10,0,0,21,29,3,74,2,0,11,84,0,53,0,95,0,0,0,0,0,0,0,0,0,0,0,2,0,0,0,0,0,18,0,13,0,0,0,0,0,26,0,0,0,29,0,31,0,0,0,31,0,15,0,0,0,0,0,21,0,0,0,4,0,12,0,13,0,4,0,0,0,0,0,0,0,0,0,0,0,0,0,1,0,24,0,22,0,0,0,0,0,0,0,0,0,2,0,9,0,0,0,0,0,0,0,58,0,28,0,0,0,0,0,8,0,0,0,0,0,0,0,0,0,0,0,0,0,31,0,2,0,44,0,0,0,0,0,0,0,10,0,0,0,0,0,0,0,0,1,5,0,0,0,0,0,0,0,6,0,0,0,0,0,0,0,0,0,0,0,0,0,8,0,0,0,5,0,0,0,7,0,376,0,8,1,248,0,43,0,32,0,18,0,5,0,0,0,0,0,0,0,0,0,0,0,0,0,0,0,0,0
13,0,12,0,77,0,0,0,19,0,5,0,39,40,21,0,0,0,18,0,0,0,12,0,4,0,30,50,0,0,0,0,0,0,0,0,0,0,0,0,13,73,45,6,58,11,0,24,23,0,17,9,0,0,0,0,0,0,0,0,0,0,5,0,1,0,0,0,0,0,0,0,0,0,0,0,0,0,0,0,0,0,6,0,0,0,0,0,6,0,0,0,1,0,0,0,21,0,0,0,0,0,0,0,0,0,0,0,0,0,0,0,0,0,0,0,0,0,0,0,0,0,0,0,0,0,0,0,0,0,0,0,0,0,0,0,0,0,0,0,0,0,0,0,0,0,0,0,11,0,0,0,10,0,0,0,0,0,0,0,0,0,0,0,36,0,0,0,14,0,0,0,0,0,0,0,8,16,0,0,0,0,2,0,16,0,2,0,0,0,0,0,0,0,0,0,0,0,0,0,0,0,0,0,0,0,0,0,0,0,0,0,0,0,0,0,0,0,173,6,3,0,35,0,40,2,0,0,3,0,0,0,0,0,0,0,0,0,0,0,0,0,0,0,3,1,0,0,0
0,48,0,0,12,62,0,0,0,6,0,65,36,97,0,2,0,0,44,15,9,17,0,0,0,0,82,137,0,0,0,0,0,0,20,0,0,0,0,0,117,79,23,41,18,84,24,0,6,39,27,29,0,0,0,0,0,0,0,0,0,0,0,0,0,10,0,0,0,11,0,0,0,0,0,0,0,0,0,0,0,0,0,11,0,0,0,0,0,0,0,0,0,0,0,0,0,0,0,0,0,0,0,0,0,0,0,0,0,0,0,0,0,0,0,0,0,0,0,0,0,0,0,0,0,0,0,0,0,0,0,0,0,4,0,15,0,0,0,3,0,0,0,0,0,0,0,0,0,0,0,0,0,0,0,0,0,0,0,0,0,0,0,0,0,30,0,0,0,9,0,0,0,0,0,0,0,22,0,0,0,8,0,0,0,0,2,0,0,0,0,0,0,0,0,0,0,0,0,0,0,0,0,0,0,0,0,0,0,8,0,0,0,6,0,0,0,0,36,317,0,0,0,271,0,0,0,0,0,0,0,0,0,0,0,0,0,0,0,0,0,0,0,0,0,0,0,0,0
1,0,0,0,2,0,0,0,0,0,2,0,10,0,1,0,0,0,3,0,0,0,0,0,0,0,10,3,0,0,1,0,0,0,0,0,1,0,0,0,55,16,2,0,35,0,23,6,0,0,0,0,0,0,0,0,4,0,0,0,0,0,0,0,1,0,0,0,0,0,0,0,0,0,0,0,4,0,0,0,0,0,1,0,0,0,1,0,11,0,1,0,3,0,2,0,3,0,0,0,2,0,6,0,0,0,2,0,0,0,0,0,0,0,0,0,0,0,0,0,0,0,0,0,0,0,0,0,1,0,0,0,0,0,0,0,0,0,0,0,0,0,0,0,0,0,3,0,0,0,1,0,0,0,0,0,0,0,2,0,0,0,0,0,5,0,0,0,0,0,0,0,0,0,0,0,1,2,0,0,1,0,0,0,2,0,15,0,2,0,0,0,0,0,0,0,0,0,0,0,0,0,0,0,0,0,0,0,0,0,0,0,4,0,1,0,4,0,93,0,4,1,105,22,4,0,1,0,14,0,0,0,0,0,2,0,0,0,1,0,0,0,0,0,10,0,0,0,0
0,6,0,0,0,4,0,0,0,0,0,17,0,23,0,0,0,0,0,0,0,0,0,0,0,0,0,19,0,0,0,0,0,0,0,0,1,0,0,0,8,116,2,54,3,53,0,39,0,0,0,14,0,0,0,0,0,0,0,0,0,0,0,0,0,1,0,0,0,11,0,0,0,0,0,0,0,0,0,0,0,0,0,10,0,0,0,0,0,0,0,0,0,7,0,1,0,0,0,0,0,0,0,3,0,0,0,0,0,0,0,0,0,0,0,0,0,0,0,0,0,0,0,0,0,0,0,0,0,0,0,0,0,0,0,1,0,0,0,0,0,0,0,1,0,0,0,0,0,3,0,1,0,0,0,0,0,0,0,0,0,0,0,0,0,5,0,0,0,0,0,0,0,0,0,0,0,49,0,1,0,0,0,0,0,0,0,47,0,0,0,0,0,0,0,0,0,0,0,0,0,0,0,0,0,0,0,0,0,0,0,0,0,0,0,0,0,0,21,4,0,0,7,118,0,0,0,0,1,0,0,0,0,0,0,0,0,0,0,0,0,0,0,0,1,0,0,0,0
0,0,0,0,51,15,0,0,7,0,0,3,101,51,23,0,0,0,249,29,56,6,0,0,0,0,211,116,9,0,70,0,29,0,50,0,92,0,1,0,28,56,72,6,82,0,17,27,0,0,0,11,2,0,0,0,10,0,28,1,0,0,2,0,0,0,0,0,0,0,11,0,0,0,0,0,0,0,0,0,0,0,7,0,0,0,0,0,0,1,0,0,0,0,12,0,0,0,14,0,3,0,0,0,11,0,0,0,0,0,0,0,0,0,0,0,0,0,0,0,0,0,0,0,0,0,0,0,0,0,0,0,0,0,0,0,0,0,1,0,5,0,0,0,5,1,0,0,0,0,0,0,0,0,0,0,0,0,0,0,0,0,6,0,42,0,27,1,88,0,5,0,39,0,2,0,14,5,14,0,1,0,0,0,0,0,12,0,0,0,0,0,0,0,0,0,0,0,0,0,0,0,0,0,0,0,0,0,0,0,0,0,2,0,0,0,0,0,71,26,49,0,17,13,216,0,62,0,71,0,13,3,0,1,2,0,9,0,5,0,0,0,5,0,33,0,0,0,0
0,0,0,0,0,33,0,0,0,4,0,26,29,236,6,0,0,3,26,122,11,51,0,7,0,0,36,316,0,4,0,34,0,5,6,12,0,32,0,3,29,16,0,58,7,95,9,29,0,14,11,0,0,0,0,1,0,0,0,2,0,4,0,2,0,0,0,4,0,3,0,34,0,4,0,6,0,7,0,8,0,25,0,0,0,0,0,45,0,8,0,0,0,2,0,17,0,0,0,10,0,0,0,0,0,0,0,0,0,0,0,0,0,0,0,0,0,0,0,0,0,40,0,29,0,0,0,0,0,0,0,0,0,0,0,0,0,0,0,0,0,0,0,59,0,48,0,1,0,0,0,0,0,0,0,0,0,0,0,0,0,8,0,2,0,9,0,0,0,29,0,3,0,6,0,0,1,39,0,3,0,7,0,0,0,4,0,150,0,0,0,0,0,0,0,0,0,0,0,0,0,0,0,0,0,0,0,0,0,0,0,0,0,0,0,0,0,0,0,61,0,18,0,23,0,47,0,63,0,23,0,35,0,34,0,6,0,0,0,7,0,3,0,0,0,28,0,0,0
0,0,12,0,0,0,31,10,31,41,0,0,0,0,6,0,30,0,0,0,0,0,10,0,46,7,9,0,6,0,0,0,0,0,0,0,3,0,5,0,0,0,0,0,0,0,0,0,0,0,2,0,0,10,107,62,132,15,26,65,13,0,61,14,6,4,0,82,0,0,0,0,0,0,16,0,0,0,0,0,38,0,0,0,67,0,44,0,0,0,29,0,0,0,0,0,112,0,61,0,5,0,0,0,0,0,21,0,0,0,0,0,0,0,0,0,0,0,0,0,30,0,45,0,0,0,9,0,80,0,24,0,11,0,9,0,86,0,296,0,173,0,200,0,72,0,3,0,2,0,3,0,0,0,177,0,44,0,196,0,12,0,3,0,0,0,0,0,9,0,67,0,4,0,0,0,4,3,0,0,0,0,0,0,60,19,0,0,0,0,0,0,0,0,0,0,0,0,0,0,9,0,0,0,0,0,0,0,4,0,15,0,0,0,76,0,1,0,0,0,143,0,33,0,43,0,384,0,141,0,2,0,49,0,5,0,0,0,39,0,8,0,11,0,128,0,0,0,0
0,4,0,1,0,0,0,5,3,15,0,0,0,0,0,7,0,27,0,0,0,0,0,2,0,6,0,0,0,1,0,0,0,0,0,0,0,0,0,0,0,0,0,0,0,0,0,0,0,0,0,0,10,0,9,42,2,53,30,40,0,24,1,46,1,0,9,11,0,0,0,0,0,0,0,0,0,0,0,0,0,1,0,0,0,7,0,0,0,0,0,0,0,0,0,0,0,4,0,0,0,2,0,0,0,0,0,2,0,0,0,0,0,0,0,0,0,0,0,0,0,1,0,0,0,0,0,0,0,73,0,1,0,38,0,0,0,64,0,233,0,87,0,64,0,43,0,0,0,0,0,0,0,0,0,77,0,53,0,102,0,8,0,0,0,0,0,0,0,0,0,21,0,1,0,0,0,14,0,0,0,0,0,0,0,3,0,0,0,0,0,0,0,0,0,0,0,0,0,0,0,0,0,0,0,0,0,1,0,0,0,0,0,0,0,45,0,0,0,4,0,50,0,15,0,4,0,27,0,49,0,0,0,33,0,6,0,0,0,13,0,3,0,0,1,36,0,0,0
5,16,142,0,0,0,117,71,19,355,1,0,0,0,106,0,62,13,50,0,8,0,109,0,396,63,0,0,1,0,0,0,0,0,0,0,1,0,1,0,0,0,0,0,0,0,0,0,0,0,0,0,107,9,0,163,102,5,38,22,6,0,23,53,31,0,80,101,0,0,0,0,0,0,0,0,0,0,0,0,6,0,0,0,37,0,0,0,0,0,15,0,0,0,0,0,57,0,7,0,0,0,0,0,0,0,0,0,0,0,0,0,0,0,0,0,0,0,0,0,0,0,5,0,19,0,30,0,89,0,58,0,36,0,65,0,167,0,12,0,7,0,144,2,0,0,28,0,19,0,12,0,0,0,33,0,1,0,37,0,39,0,0,0,0,0,0,0,9,0,71,1,12,0,0,0,0,17,0,0,0,0,0,5,8,10,0,0,0,0,0,0,0,0,0,0,0,0,0,0,44,0,0,0,0,0,0,0,23,0,20,0,0,0,127,0,0,0,0,0,206,0,46,0,33,0,251,0,153,7,25,0,109,0,10,0,0,0,108,0,28,0,24,0,220,0,0,0,0
0,7,0,26,0,5,20,108,171,45,0,0,0,0,0,54,0,26,0,0,0,15,0,31,0,180,0,3,0,23,0,0,0,0,0,0,0,0,0,5,0,0,0,0,0,0,0,0,0,0,0,1,62,42,163,0,21,52,243,25,0,13,22,193,0,3,122,7,0,1,0,0,0,0,0,0,0,0,0,0,0,1,0,0,0,10,0,0,0,0,0,0,0,0,0,0,0,12,0,1,0,3,0,0,0,6,0,0,0,0,0,0,0,0,0,0,0,0,0,0,0,0,0,1,0,6,0,9,0,91,1,39,0,51,0,46,0,56,0,90,0,10,0,55,0,0,0,0,0,3,0,14,0,0,4,67,1,13,0,19,0,12,0,0,0,0,0,0,0,8,0,55,0,44,0,0,13,6,0,0,0,0,0,0,5,3,0,0,0,0,0,0,0,0,0,0,0,0,0,0,0,0,0,0,0,0,0,0,0,21,0,10,0,0,0,235,0,0,0,13,0,256,0,63,0,33,0,121,0,324,0,19,0,259,0,50,0,0,0,59,0,7,0,15,1,305,0,0,0
2,0,9,0,0,0,13,0,6,15,0,1,2,0,0,0,2,0,0,0,0,0,0,0,13,1,0,0,0,0,4,0,0,0,0,0,16,0,0,0,0,0,6,0,9,0,0,0,4,0,10,0,132,2,102,21,0,11,136,53,0,0,1,3,20,23,16,67,0,0,0,0,0,0,0,0,0,0,0,0,0,0,0,0,0,0,0,0,0,0,0,0,0,0,0,0,0,0,0,0,0,0,0,0,0,0,0,0,0,0,0,0,0,0,0,0,0,0,0,0,0,0,0,0,31,0,5,0,101,0,66,0,28,0,25,0,27,0,2,0,0,0,14,0,2,1,4,0,11,0,10,0,0,0,74,19,30,1,54,9,22,17,17,0,0,0,6,0,17,0,47,0,10,0,0,0,2,1,0,0,2,7,0,0,0,28,0,0,0,0,0,0,0,0,0,0,0,0,2,0,7,0,0,0,0,0,0,0,8,0,49,0,28,0,409,0,0,0,17,1,424,0,84,0,96,0,130,0,384,0,3,0,188,0,66,0,5,0,151,1,9,0,14,0,479,0,0,0,0
0,5,0,0,0,0,0,34,2,13,0,0,0,0,0,7,0,15,0,0,0,0,0,1,1,40,0,0,0,8,0,0,0,0,0,0,0,1,0,4,0,0,0,0,0,0,0,0,0,0,0,0,15,53,5,52,11,0,49,19,0,0,0,38,3,0,41,7,0,2,0,0,0,0,0,0,0,1,0,0,0,0,0,0,0,3,0,0,0,0,0,0,0,0,0,0,0,0,0,0,0,0,0,0,0,0,0,0,0,0,0,0,0,0,0,0,0,0,0,0,0,0,0,0,0,4,0,0,0,89,0,23,0,16,0,12,0,24,0,43,0,12,0,21,0,0,0,0,0,0,0,1,0,0,8,129,0,10,3,127,2,46,0,0,0,0,0,0,0,19,0,95,0,3,0,0,0,0,0,0,0,4,0,0,0,0,0,0,0,0,0,0,0,0,0,0,0,0,0,0,0,0,0,0,0,0,0,0,0,1,0,0,0,0,0,203,0,0,0,16,1,293,0,69,0,21,0,51,0,394,0,0,1,171,0,91,0,0,0,45,0,3,0,0,2,220,0,0,0
9,0,21,0,0,0,14,0,65,174,1,0,0,0,5,0,0,4,0,0,8,0,0,0,13,22,11,0,2,0,5,0,5,0,0,0,19,0,0,0,0,0,0,0,13,0,0,0,0,0,28,0,26,30,38,243,136,49,0,238,5,0,4,39,112,0,90,296,0,0,0,0,0,0,0,0,1,0,0,0,0,0,1,0,0,0,0,0,0,0,0,0,0,0,0,0,0,0,0,0,0,0,0,0,0,0,0,0,0,0,0,0,0,0,0,0,0,0,0,0,0,0,0,0,17,0,8,0,8,0,36,0,5,0,0,0,0,0,0,0,0,0,0,0,3,0,10,0,14,0,10,0,0,0,30,51,54,0,2,10,22,7,4,0,0,0,14,0,8,0,33,0,16,0,0,0,105,27,0,0,6,8,0,0,11,85,0,0,0,0,0,0,0,0,0,0,0,0,0,0,0,0,0,0,0,0,0,0,10,0,39,0,0,0,341,0,0,0,7,0,316,0,52,0,40,0,203,0,195,0,22,0,173,0,32,0,3,0,249,0,40,0,59,0,580,0,0,0,0
0,14,0,3,0,4,1,39,11,46,0,0,0,2,0,0,0,0,0,0,0,4,0,0,0,7,0,4,0,0,0,0,0,0,0,0,0,5,1,0,0,0,0,0,1,0,0,0,0,0,1,2,65,40,22,25,53,19,238,0,0,0,2,16,29,73,263,148,0,0,0,0,0,0,0,0,0,0,0,0,0,0,0,0,0,0,0,0,0,0,0,0,0,0,0,0,0,0,0,0,0,0,0,0,0,0,0,0,0,0,0,0,0,0,0,0,0,0,0,0,0,0,0,0,0,5,0,1,0,5,0,25,0,4,0,0,0,0,0,0,0,0,0,0,0,3,0,0,0,33,0,1,0,1,77,95,12,39,0,36,0,22,0,0,0,0,0,1,0,24,0,32,0,3,0,6,19,24,0,0,0,4,0,0,1,221,0,0,0,0,0,1,0,0,0,0,0,0,0,0,0,0,0,0,0,0,0,0,0,0,0,0,0,3,0,318,0,0,0,11,2,334,0,55,1,23,0,234,0,348,0,7,2,269,0,250,0,2,0,140,0,10,0,34,3,433,0,0,0
113,10,69,1,0,0,166,12,168,6,0,0,1,0,1,0,56,3,0,0,0,0,16,0,79,15,0,0,12,0,0,0,2,0,1,0,44,0,11,0,0,0,0,0,0,0,0,0,0,0,0,0,13,0,6,0,0,0,5,0,0,0,24,2,0,0,0,0,0,0,5,0,2,0,11,0,0,0,0,0,6,0,0,0,0,0,0,0,0,0,0,0,0,0,2,0,0,0,4,0,0,0,0,0,0,0,0,0,0,0,0,0,0,0,0,0,0,0,0,0,0,0,9,0,0,0,0,0,1,0,0,0,0,0,0,0,0,0,60,0,92,0,8,0,256,0,0,0,0,0,0,0,0,0,29,0,147,0,13,0,0,0,10,0,0,0,0,0,3,0,70,0,106,0,0,0,7,0,0,0,0,0,0,0,8,0,0,0,0,0,0,0,0,0,0,0,0,0,0,0,0,0,0,0,0,0,0,0,0,0,2,0,0,0,34,0,0,0,5,0,125,0,10,0,20,0,182,0,87,0,10,0,54,0,10,0,0,0,12,0,11,0,13,0,55,0,0,0,0
13,220,9,0,0,0,23,218,3,134,0,0,0,0,0,0,3,10,0,0,0,19,2,6,24,44,0,1,2,16,0,5,0,10,0,9,0,52,0,10,0,0,0,0,0,0,0,0,0,0,0,4,0,24,0,13,0,0,0,0,0,0,0,54,0,0,0,0,0,0,0,6,0,1,0,0,0,0,0,0,0,0,0,0,0,0,0,0,0,0,0,0,0,0,0,0,0,0,0,0,0,0,0,0,0,0,0,0,0,0,0,0,0,0,0,0,0,0,0,0,0,5,0,0,0,0,0,0,0,0,0,0,0,0,0,0,0,10,0,132,0,87,0,44,0,214,0,0,0,0,0,0,0,0,0,84,0,268,0,44,0,1,0,0,0,0,0,0,0,0,0,54,0,13,0,2,0,46,0,7,0,3,0,69,0,4,0,0,0,0,0,0,0,0,0,0,0,0,0,0,0,0,0,0,0,0,0,0,0,0,0,9,0,0,0,19,0,0,0,0,0,127,0,16,0,9,0,175,0,96,0,3,0,64,0,0,0,1,0,5,0,2,0,0,0,34,0,0,0
81,41,53,0,0,0,326,79,242,102,0,0,0,0,24,0,338,33,55,0,80,0,53,4,60,91,58,0,39,0,9,0,3,0,0,0,5,0,3,0,3,0,0,0,23,0,5,0,0,0,2,0,61,1,23,22,1,0,4,2,24,0,0,10,0,0,5,4,0,0,42,0,0,0,55,0,0,0,0,0,60,0,0,0,23,0,90,0,0,0,8,0,0,0,0,0,27,0,53,0,10,0,0,0,0,0,0,0,0,0,0,0,0,0,0,0,0,0,0,0,72,0,89,0,0,0,0,0,5,0,0,0,0,0,0,0,14,0,102,0,136,1,91,0,55,0,0,0,0,0,0,0,0,0,93,0,48,0,35,1,0,0,3,0,0,0,0,0,0,0,9,0,20,0,0,0,1,0,0,0,0,0,0,0,16,0,0,0,0,0,0,0,0,0,0,0,0,0,0,0,0,0,0,0,0,0,0,0,0,0,1,0,0,0,13,0,0,0,0,0,30,0,0,0,0,0,741,0,20,1,9,0,36,0,1,0,0,0,23,0,20,0,10,0,52,0,0,0,0
0,47,0,1,0,0,33,178,51,222,0,0,0,0,0,42,0,165,0,21,0,9,1,63,20,70,0,0,0,47,0,0,0,0,0,0,0,0,1,19,0,0,0,0,0,2,0,0,0,0,0,2,14,46,53,193,3,38,39,16,2,54,10,0,0,0,14,9,0,0,0,1,0,1,0,0,0,0,0,0,0,6,0,2,0,7,0,0,0,0,0,0,0,0,0,0,0,3,0,0,0,0,0,0,0,0,0,0,0,0,0,0,0,0,0,0,0,0,0,0,0,0,0,0,0,3,0,0,0,33,0,3,0,17,0,7,0,52,0,244,0,60,0,75,0,22,0,0,0,0,0,0,0,2,1,75,0,28,0,28,0,3,0,0,0,0,0,0,0,0,0,18,0,15,0,0,0,85,0,2,0,0,0,84,0,13,0,0,0,0,0,0,0,0,0,0,0,0,0,0,0,0,0,0,0,0,0,0,0,4,0,5,0,0,0,49,0,0,0,0,0,101,0,19,0,10,0,218,0,61,0,10,0,129,0,14,0,0,0,15,0,5,0,0,0,82,0,0,0
7,0,15,0,9,0,14,0,93,1,0,0,9,0,10,3,0,0,3,0,0,0,0,0,0,0,6,0,0,0,3,0,0,0,0,0,4,0,1,0,6,0,0,0,3,0,1,0,1,0,0,0,6,1,31,0,20,3,112,29,0,0,0,0,0,55,170,47,0,0,0,0,0,0,0,0,0,0,0,0,0,0,0,0,0,0,0,0,0,0,0,0,0,0,0,0,0,0,0,0,0,0,0,0,0,0,0,0,0,0,0,0,0,0,0,0,0,0,0,0,0,0,0,0,12,0,1,0,0,0,36,0,0,0,0,0,0,0,2,20,0,0,0,0,42,0,22,0,79,12,13,0,9,0,2,22,2,0,0,16,153,54,0,0,0,0,0,0,0,0,0,0,0,0,61,22,24,0,0,0,71,5,3,0,48,14,0,0,0,0,0,0,0,0,0,0,0,0,0,0,0,0,0,0,0,0,0,0,0,0,0,0,0,0,17,0,0,0,0,0,20,0,0,0,0,0,7,0,0,0,1,0,0,0,48,0,0,0,19,0,1,0,0,0,64,0,0,0,0
0,59,0,0,0,24,0,7,0,149,0,21,0,8,0,6,0,0,0,0,2,0,0,0,0,0,0,45,0,0,0,0,0,0,0,1,1,0,0,0,0,0,0,0,0,0,0,10,0,1,0,0,4,0,0,3,23,0,0,73,0,0,0,0,55,0,18,197,0,0,0,23,0,11,0,3,0,0,0,10,0,1,0,0,0,0,0,0,0,0,0,0,0,0,0,0,0,0,0,0,0,0,0,0,0,0,0,0,0,0,0,0,0,0,0,0,0,0,0,0,0,0,0,0,0,35,0,15,0,0,52,55,0,9,0,2,0,0,65,3,0,1,0,0,46,47,0,62,63,265,0,38,0,32,29,7,0,8,54,3,105,77,0,0,0,0,0,0,0,0,0,5,1,1,17,97,1,0,0,0,0,33,0,23,0,67,0,0,0,0,0,1,0,0,0,0,0,1,0,0,0,0,0,0,0,0,0,0,0,0,0,0,0,0,0,27,0,0,0,4,0,0,0,0,0,4,0,37,0,72,0,0,0,14,0,162,0,1,0,18,0,0,0,3,0,59,0,0,0
0,0,9,0,3,0,28,0,70,82,1,0,1,0,0,0,0,2,0,0,0,0,0,0,0,15,3,0,0,0,1,0,0,0,0,0,0,0,0,0,0,0,0,0,3,0,0,0,0,0,0,0,0,9,80,122,16,41,90,263,0,0,5,14,170,18,0,86,0,0,0,0,0,0,0,0,0,0,0,0,0,0,0,0,0,0,0,0,0,0,0,0,0,0,0,0,0,0,0,0,0,0,0,0,0,0,0,0,0,0,0,0,0,0,0,0,0,0,0,0,0,0,0,0,22,0,7,0,0,0,37,0,0,0,0,0,0,0,0,0,0,0,0,0,4,0,16,0,51,0,0,0,0,0,6,17,3,0,0,7,75,10,0,0,0,0,0,0,0,0,0,0,2,0,6,0,224,12,0,0,16,6,0,0,45,67,0,0,0,0,0,0,0,0,0,0,0,0,0,0,0,0,0,0,0,0,0,0,0,0,2,0,0,0,31,0,0,0,0,0,0,0,0,0,2,0,35,0,13,0,1,0,37,0,20,0,0,0,28,0,0,0,4,0,88,0,0,0,0
0,9,1,0,0,0,8,16,30,36,0,0,0,0,0,0,2,0,0,0,0,0,0,0,0,0,0,0,0,0,1,0,0,0,0,0,0,3,0,1,0,0,0,0,0,0,0,0,0,0,0,4,82,11,101,7,67,7,296,148,0,0,4,9,47,197,86,0,0,0,0,0,0,0,0,0,0,0,0,0,0,0,0,0,0,0,0,0,0,0,0,0,0,0,0,0,0,0,0,0,0,0,0,0,0,0,0,0,0,0,0,0,0,0,0,0,0,0,0,0,0,0,0,0,0,20,0,5,0,2,0,64,0,11,0,2,0,2,6,2,0,0,0,0,11,4,0,17,0,143,0,12,0,11,72,10,7,13,36,5,26,33,0,0,0,0,0,0,0,1,0,2,0,1,1,45,38,300,0,0,0,84,0,3,3,343,0,0,0,0,0,0,0,0,0,0,0,0,0,0,0,0,0,0,0,0,0,3,0,6,0,0,0,0,0,58,0,0,0,1,0,46,0,0,0,0,0,74,0,42,0,2,0,48,0,128,0,0,0,23,0,1,0,2,2,114,0,0,0
0,0,0,0,0,0,0,0,0,0,0,0,0,0,0,0,0,0,0,0,0,0,0,0,0,0,0,0,0,0,0,0,0,0,0,0,0,0,0,0,0,0,0,0,7,0,0,0,0,0,0,0,0,0,0,0,0,0,0,0,0,0,0,0,0,0,0,0,0,0,0,0,1,0,0,0,20,0,9,0,0,0,0,0,0,0,0,0,15,0,0,0,25,0,5,0,0,0,0,0,4,0,92,0,0,0,0,0,16,0,3,0,7,0,0,0,0,0,0,0,0,0,0,0,0,0,0,0,0,0,0,0,0,0,0,0,0,0,0,0,0,0,0,0,0,0,0,1,0,0,0,0,0,0,0,0,0,0,0,0,0,0,0,0,25,0,0,0,37,0,0,0,0,0,3,0,0,0,0,0,0,0,0,0,0,0,0,0,0,0,2,0,0,0,0,0,0,0,0,0,0,0,0,0,0,0,0,0,0,0,2,0,126,0,65,0,20,0,14,0,0,0,36,0,12,0,0,0,31,0,0,0,0,0,0,0,0,0,0,0,0,0,1,0,0,0,0,0,0
0,0,0,0,0,0,0,0,0,0,0,0,0,0,0,0,0,0,0,0,0,0,0,0,0,0,0,4,0,0,0,0,0,0,0,0,0,0,0,0,0,11,0,0,0,18,0,11,0,11,0,3,0,0,0,1,0,2,0,0,0,0,0,0,0,0,0,0,0,0,0,1,0,0,0,0,0,28,0,0,0,0,0,17,0,2,0,0,0,64,0,0,0,48,0,27,0,0,0,0,0,4,0,165,0,8,0,0,0,73,0,21,0,4,0,7,0,0,0,1,0,0,0,0,0,0,0,0,0,0,0,0,0,0,0,3,0,0,0,1,0,0,0,0,0,0,0,0,0,0,0,0,0,0,0,0,0,0,0,0,0,3,0,0,0,53,0,0,0,11,0,0,0,0,0,0,0,2,0,0,0,0,0,0,0,0,0,1,0,0,0,0,0,0,0,4,0,0,0,0,0,0,0,0,0,3,0,0,0,0,0,3,0,155,0,28,0,71,0,33,0,0,0,105,0,24,0,0,0,43,0,0,0,2,0,0,0,0,0,0,0,0,0,0,0,0,0,0,0
0,0,0,0,0,0,0,0,0,0,0,0,0,0,2,0,117,0,0,0,107,0,0,0,0,0,72,0,90,0,60,0,27,0,0,0,83,0,0,0,0,0,22,0,109,0,0,0,0,0,11,0,0,0,0,0,0,0,0,0,5,0,42,0,0,0,0,0,0,0,0,0,138,0,220,0,13,0,70,0,0,0,1,0,2,0,13,0,0,0,0,0,0,0,0,0,2,0,0,1,0,0,0,0,3,0,0,0,0,0,0,0,0,0,0,0,0,0,0,0,52,0,47,0,15,0,0,0,29,8,28,11,0,8,34,0,9,0,0,8,77,9,57,0,125,0,0,0,35,13,18,2,16,0,0,0,8,0,1,0,2,0,97,0,1,0,1,0,16,0,35,0,20,0,30,8,0,0,0,0,23,0,0,0,0,0,0,0,0,0,0,0,0,0,0,0,0,0,0,0,9,0,0,0,4,0,0,0,36,0,0,0,0,0,0,0,1,0,0,0,4,0,0,0,2,0,0,0,35,0,0,0,0,0,2,0,0,0,5,0,0,0,5,0,1,0,0,0,0
0,3,0,0,0,0,0,0,0,0,0,0,0,0,0,11,0,2,0,0,0,37,0,6,0,0,0,0,1,4,0,0,0,0,0,21,0,24,0,0,0,0,0,31,0,13,0,0,0,0,0,34,0,0,0,0,0,0,0,0,0,6,0,1,0,23,0,0,0,1,0,0,0,164,0,111,0,8,0,115,0,3,0,7,0,0,0,27,0,0,0,0,0,0,0,1,0,0,0,0,0,0,0,0,0,0,0,0,0,0,0,0,0,0,0,0,0,0,0,0,0,39,0,151,7,16,0,10,16,0,9,29,0,0,0,0,0,4,4,16,0,72,0,30,0,162,0,11,0,63,0,20,0,16,0,0,0,3,6,0,0,2,0,40,0,0,0,2,0,12,0,4,0,2,5,31,0,0,0,0,0,22,0,6,0,6,0,0,0,0,0,0,0,0,0,0,0,0,0,2,0,0,0,0,0,0,0,0,0,28,0,0,0,0,0,0,0,1,0,0,0,0,0,3,0,0,0,11,0,18,0,0,0,1,0,0,0,0,0,4,0,0,0,0,0,3,0,0,0
