0,189,23,61,30,3,49,54,31,13,38,0,65,0,5,15,20,14,4,3,8,0,17,13,0,154,14,0,31,0,17,0,31,0,0,0,8,0,138,7,9,0,0,0,0,0,0,0,2,0,0,0,0,0,0,0,0,0,0,0,30,15,15,2,6,0,1,0,0,0,0,0,0,0,0,0,0,0,0,0,0,0,0,0,0,0,0,0,0,0,0,0,0,0,0,0,0,0,0,0,0,0,0,0,0,0,0,0,0,0,0,0,0,0,0,0,0,0,2,0,0,0,0,0,0,0,0,1,0,0,0,0,0,0,5,0,0,0,0,0,0,0,0,0,0,0,0,0,28,0,18,0,21,0,0,0,0,0,0,0,0,0,0,0,0,0,7,0,14,0,9,1,65,0,1,0,59,17,6,0,20,0,8,0,15,0,2,0,0,0,0,0,0,0,0,0,1,0,0,0,3,0,0,0,0,0,0,0,4,0,6,0,0,0,32,0,0,0,11,0,129,3,0,0,22,0,108,13,80,6,34,0,101,0,17,0,0,0,92,3,82,0,58,0,166,2,0,0,0
189,0,64,65,20,168,43,39,16,42,21,173,0,89,15,21,95,22,0,63,12,16,153,17,66,44,0,53,6,42,14,0,18,117,0,7,5,213,11,247,0,13,0,0,0,0,0,14,0,2,0,8,0,0,0,34,0,0,0,10,0,128,0,10,0,72,0,34,0,0,0,0,0,1,0,0,0,0,0,0,0,0,0,0,0,0,0,0,0,6,0,0,0,0,0,0,0,0,0,7,0,2,0,0,0,6,0,5,0,0,0,0,0,0,0,0,0,0,0,1,0,0,0,0,0,32,0,25,0,3,0,6,0,18,0,43,0,28,0,0,0,0,0,0,0,6,0,17,0,31,0,32,0,0,0,2,0,0,0,0,0,4,0,0,0,8,1,2,0,0,0,16,0,77,0,1,9,134,0,6,0,9,0,0,0,19,0,3,0,0,0,0,0,0,0,0,0,0,0,2,0,0,0,0,0,0,0,10,0,31,0,0,0,0,0,73,0,2,0,7,0,349,0,7,0,16,0,205,4,135,0,121,0,358,1,40,0,13,2,160,0,49,0,33,0,267,0,0,0
23,64,0,44,155,12,83,12,5,0,40,28,112,0,156,14,60,0,44,4,58,0,175,15,68,32,43,0,58,0,87,2,163,2,8,0,53,0,168,0,27,0,0,0,15,0,9,0,7,0,0,0,0,0,19,0,7,0,14,0,13,0,13,0,3,0,2,1,0,0,0,0,0,0,0,0,0,0,0,0,0,0,0,0,0,0,13,0,0,0,0,0,0,0,0,0,0,0,0,0,0,0,0,0,0,0,0,0,0,0,0,0,0,0,0,0,0,0,0,0,0,0,0,0,16,0,3,0,0,0,10,1,4,0,21,0,0,0,0,0,0,0,12,0,0,0,7,0,22,0,7,0,0,0,0,0,0,0,0,0,5,0,0,0,0,0,61,0,41,0,23,0,115,5,0,0,16,13,0,0,5,0,1,0,0,0,2,0,0,0,0,0,0,0,0,0,0,0,0,0,5,0,0,0,0,0,0,0,18,0,7,0,0,0,43,2,0,0,11,0,223,3,17,0,30,0,64,9,132,0,67,0,136,2,23,0,11,0,86,0,70,0,35,0,151,0,0,0,0
61,65,44,0,32,82,0,90,0,0,18,11,0,9,28,93,30,38,0,134,8,61,72,86,7,62,0,35,0,72,7,26,11,169,0,7,0,93,9,125,0,4,0,10,0,10,0,0,0,1,1,4,0,0,0,95,0,8,0,12,0,0,0,2,0,1,1,0,0,0,0,0,0,0,0,0,0,0,0,0,0,20,0,0,0,24,0,7,0,0,0,0,0,0,0,5,0,0,1,18,0,6,0,0,0,0,0,0,0,0,0,0,0,0,0,0,0,0,0,0,0,7,0,0,0,0,1,2,0,0,0,5,0,29,0,92,0,56,0,37,0,22,0,0,0,0,0,0,0,0,0,10,0,0,0,5,0,0,0,0,0,0,0,0,0,2,1,6,0,0,0,5,0,24,0,0,2,31,0,0,0,0,0,1,1,1,0,0,0,0,0,0,0,0,0,0,0,0,0,0,0,0,0,0,0,0,0,0,0,16,0,0,0,0,0,10,0,0,0,0,6,131,0,2,1,9,4,114,0,72,0,32,0,94,0,7,0,0,0,15,0,10,0,7,0,23,0,0,0
30,20,155,32,0,41,17,0,7,0,34,48,212,53,106,75,10,0,105,68,83,24,40,13,3,9,72,0,0,0,62,0,110,0,70,0,192,0,28,0,59,0,9,0,17,0,18,0,7,0,35,0,0,0,0,0,0,0,3,0,0,0,0,0,0,0,0,0,0,0,0,0,0,0,0,0,0,0,0,0,0,0,0,0,0,0,15,0,9,0,2,0,0,0,0,0,0,0,15,0,0,0,0,0,0,0,0,0,0,0,0,0,0,0,0,0,0,0,0,0,0,0,0,0,9,0,5,0,3,0,8,0,0,0,16,1,0,0,0,0,0,0,0,0,0,0,13,0,21,0,0,0,21,0,0,0,0,0,0,0,0,0,3,0,9,0,95,0,66,0,12,0,89,0,0,0,57,23,29,0,29,0,19,0,11,0,6,2,0,0,0,0,0,0,4,0,0,0,3,0,0,0,0,0,4,0,0,0,0,0,2,0,0,0,0,0,4,0,0,0,208,0,11,0,38,0,176,7,177,0,112,0,85,0,0,0,39,5,51,0,51,0,42,0,139,0,0,0,0
3,168,12,82,41,0,0,29,0,8,40,101,10,111,143,51,0,7,26,94,67,121,14,23,1,10,0,101,0,23,12,113,8,124,0,37,0,204,0,35,0,15,0,24,0,21,0,30,0,0,0,17,0,2,1,9,0,2,0,3,0,5,0,0,0,8,0,0,0,0,0,5,0,0,0,0,0,0,0,0,0,0,0,0,0,0,0,0,0,0,0,0,0,0,0,0,0,0,0,0,0,0,0,0,0,0,0,0,0,0,0,0,0,2,0,0,0,0,0,0,0,0,0,0,0,0,0,2,0,1,0,0,0,0,0,13,1,10,0,0,0,0,0,0,0,8,0,8,0,8,0,16,0,15,0,0,0,0,0,2,0,2,0,2,0,7,0,38,2,0,0,9,0,30,0,0,8,93,0,23,0,19,0,1,0,11,0,2,0,0,0,0,0,1,0,0,0,2,0,0,0,0,0,0,0,0,0,0,0,6,0,0,0,1,0,10,0,0,0,8,8,170,0,0,0,62,0,92,10,218,0,54,0,124,0,16,0,8,0,17,0,13,0,13,0,57,0,0,0
49,43,83,0,17,0,0,75,20,138,22,0,20,0,14,0,3,4,0,0,3,0,26,0,103,102,8,0,56,0,0,0,0,0,0,0,0,0,64,1,5,0,0,0,0,0,0,0,11,0,0,0,21,8,32,54,2,2,32,0,160,12,231,30,8,0,17,0,0,0,0,0,0,0,0,0,0,0,0,0,0,0,0,0,8,0,0,0,0,0,0,0,0,0,0,0,0,0,0,0,0,0,0,0,0,0,0,0,0,0,0,0,0,0,0,0,0,0,0,0,0,0,0,0,3,0,2,0,5,0,2,0,4,0,0,0,0,0,0,0,0,0,4,0,0,0,3,0,0,1,2,0,0,0,2,0,0,0,0,0,3,1,2,0,7,0,11,0,25,0,47,0,127,0,0,0,11,21,0,0,0,0,1,6,1,0,0,0,0,0,0,0,0,0,0,0,0,0,0,0,0,0,0,0,0,0,0,0,0,0,67,0,17,0,174,0,0,0,12,0,193,0,94,1,78,1,75,0,173,0,39,0,188,0,28,1,11,0,191,1,51,0,46,0,419,6,0,0,0
54,39,12,90,0,29,75,0,94,4,0,28,0,9,1,15,23,17,0,30,0,14,24,6,119,258,0,16,0,125,1,5,0,19,0,0,0,40,5,296,0,0,0,0,0,7,0,0,0,2,0,0,0,5,3,92,0,10,2,19,2,199,8,128,0,7,0,4,0,0,0,1,0,0,0,0,0,0,0,0,0,0,0,0,0,0,0,3,0,0,0,0,0,0,0,0,0,0,0,0,0,0,0,0,0,4,0,0,0,0,0,0,0,0,0,0,0,0,0,0,0,4,0,0,0,8,0,15,0,0,0,6,0,17,0,8,0,26,0,10,0,4,0,0,0,5,0,0,0,0,0,0,0,1,0,0,0,0,0,0,0,0,0,0,0,6,0,2,1,13,0,20,5,59,3,0,3,27,0,0,0,0,3,3,0,0,0,0,0,0,0,0,0,0,0,0,0,0,0,0,0,0,0,0,0,0,0,0,0,8,0,0,0,1,0,113,0,0,0,2,0,314,0,12,0,12,1,29,2,228,0,27,0,347,0,27,0,4,0,63,0,0,0,8,3,237,0,0,0
31,16,5,0,7,0,20,94,0,242,11,0,26,0,3,0,32,7,0,0,0,0,4,0,7,112,0,0,18,0,3,0,2,0,0,0,3,0,72,0,4,0,0,0,0,0,0,0,0,0,7,0,39,24,38,118,8,8,71,17,200,9,130,35,90,0,142,31,0,0,0,0,0,0,0,0,0,0,0,0,1,0,2,0,0,0,0,0,0,0,0,0,0,0,0,0,0,0,3,0,0,0,0,0,0,0,2,0,0,0,0,0,0,0,0,0,0,0,0,0,0,0,0,0,19,0,16,0,3,0,88,2,15,0,3,0,0,0,0,0,0,0,0,0,0,0,13,0,42,0,26,0,10,0,0,5,1,0,0,0,60,0,0,0,4,0,10,0,12,0,30,0,65,1,17,0,140,38,0,0,8,0,8,7,20,0,1,0,0,0,0,0,0,0,1,0,0,0,0,0,0,0,0,0,0,0,4,0,4,0,22,0,0,0,89,2,0,0,13,0,103,5,37,0,38,0,155,0,142,9,29,0,117,0,24,0,9,0,161,4,52,0,32,0,403,7,0,0,0
13,42,0,0,0,8,138,4,242,0,0,22,0,14,0,0,20,3,0,16,0,2,0,0,152,23,0,12,0,6,0,0,0,0,0,0,0,0,0,27,0,2,0,0,0,0,0,0,0,0,0,0,11,57,69,87,3,8,21,38,2,253,60,316,0,120,39,126,0,0,0,0,0,0,0,0,0,0,0,0,0,0,0,0,0,0,0,0,0,0,0,0,0,0,0,0,0,0,0,0,0,0,0,2,0,0,0,1,0,0,0,0,0,0,0,0,0,0,0,0,0,0,0,0,0,58,0,35,0,5,0,22,0,18,0,8,1,18,0,4,0,0,0,2,0,2,0,16,0,60,0,16,0,8,0,8,0,16,0,0,1,12,0,0,0,6,0,0,0,12,0,13,0,20,6,0,29,142,0,0,0,1,2,30,0,20,0,0,0,0,0,0,0,0,0,0,0,0,0,0,0,1,0,0,0,0,0,5,0,43,0,13,0,0,0,170,0,0,0,5,1,165,0,21,0,13,2,40,0,144,0,21,1,330,0,61,0,7,1,124,0,9,0,7,2,316,0,0,0
38,21,40,18,34,40,22,0,11,0,0,45,179,10,27,61,8,3,46,27,26,11,16,24,0,0,28,3,0,3,36,1,84,4,27,0,73,0,12,3,50,0,9,0,12,0,7,0,3,0,11,0,2,0,2,0,2,0,0,0,0,0,0,0,0,0,0,0,0,0,0,0,0,0,0,0,0,0,0,0,0,0,0,0,0,0,0,0,0,0,0,0,0,0,0,0,0,0,0,0,0,0,0,0,0,0,0,0,0,0,0,0,0,0,0,0,0,0,0,0,0,0,0,0,5,1,0,0,0,0,4,0,1,0,0,0,0,0,0,0,0,0,0,0,0,0,2,0,9,0,11,0,8,0,0,0,0,0,0,0,0,0,0,0,0,0,47,0,0,0,0,0,47,0,0,0,96,16,77,0,28,0,16,0,8,0,17,0,0,0,0,0,0,0,0,0,0,0,0,0,0,0,0,0,0,0,0,0,0,0,0,0,0,0,0,0,0,0,3,0,147,0,0,0,21,0,135,13,127,0,104,0,0,0,11,0,20,5,18,0,40,0,48,0,113,0,0,0,0
0,173,28,11,48,101,0,28,0,22,45,0,5,362,177,38,7,17,6,58,88,42,75,37,0,0,0,104,0,31,12,83,9,150,0,47,0,244,0,64,0,77,0,23,0,27,0,61,0,4,0,17,0,4,0,0,0,0,1,0,0,0,0,0,0,16,0,2,0,0,0,0,0,0,0,6,0,0,0,0,0,15,0,0,0,4,0,0,1,0,0,0,0,0,0,0,0,0,0,0,0,0,0,0,0,0,0,0,0,0,0,0,0,2,0,0,0,0,0,1,0,0,0,0,0,4,0,9,0,0,0,0,0,6,0,9,0,10,0,0,0,11,0,0,0,10,0,0,0,13,0,36,1,34,0,4,0,0,0,0,0,0,0,0,0,9,0,9,0,0,0,0,2,36,0,7,8,209,0,65,0,66,0,8,0,34,0,15,0,0,0,0,0,0,0,0,0,0,0,0,0,0,0,0,0,0,0,3,0,17,0,0,0,0,0,21,0,5,0,0,0,227,2,4,1,29,1,168,15,170,3,120,0,216,0,15,0,15,0,40,1,31,0,37,0,107,0,0,0
65,0,112,0,212,10,20,0,26,0,179,5,0,158,65,28,31,0,79,153,63,45,79,2,15,0,142,241,0,0,0,0,4,0,104,6,23,3,4,0,165,29,48,32,62,20,24,41,8,0,175,26,0,0,3,0,0,0,3,0,0,0,0,0,4,1,0,0,0,0,0,0,0,0,0,0,0,0,0,0,21,0,0,0,18,0,0,0,0,0,5,0,0,0,0,0,10,0,0,0,0,0,7,0,0,0,0,0,0,0,2,0,0,0,0,0,0,0,12,0,5,0,0,0,10,0,0,0,0,0,5,0,0,0,0,0,0,0,0,0,0,0,0,0,0,0,12,0,35,0,75,0,52,0,0,0,0,0,0,0,0,0,0,0,29,0,12,0,32,0,2,0,13,0,14,0,75,60,95,1,123,0,55,0,25,0,22,17,0,0,0,0,0,0,0,0,0,0,0,0,0,0,4,0,0,0,7,0,10,0,0,0,0,0,4,0,0,0,43,20,69,0,9,0,260,0,157,0,85,0,37,0,15,0,0,0,17,0,17,0,10,0,11,0,57,0,0,0,0
0,89,0,9,53,111,0,9,0,14,10,362,158,0,95,11,0,0,236,24,91,127,0,1,0,0,174,99,0,0,6,53,0,5,69,58,0,158,0,0,31,186,20,179,11,34,0,124,0,16,31,98,0,0,0,1,0,0,0,0,0,0,0,0,0,13,0,0,0,0,0,0,0,0,0,0,0,0,0,0,0,0,0,1,0,0,0,0,0,0,0,0,0,0,0,0,0,0,0,0,0,0,0,0,0,2,0,0,0,0,0,0,0,4,0,0,0,0,0,0,0,0,0,0,0,5,0,4,0,0,0,0,0,6,0,3,0,0,0,0,0,0,0,0,0,0,0,0,0,10,0,0,0,34,0,0,0,0,0,0,0,0,0,0,1,12,0,8,0,7,0,0,0,12,0,15,0,392,0,88,0,72,0,6,0,26,1,47,0,0,0,0,0,0,0,0,0,0,0,0,0,0,0,0,0,0,0,0,0,6,0,0,0,0,0,7,0,10,0,115,0,96,0,14,0,234,0,121,8,102,0,49,0,61,0,0,0,7,0,5,0,0,0,0,0,25,0,0,0
5,15,156,28,106,143,14,1,3,0,27,177,65,95,0,221,16,1,276,163,156,39,197,32,34,0,124,10,0,3,157,11,21,7,105,0,175,10,2,2,14,0,5,3,18,0,7,0,0,0,28,0,5,0,3,0,0,0,0,0,0,0,0,0,1,0,2,0,0,0,0,0,0,1,0,0,0,0,0,0,0,0,0,0,0,1,0,0,3,0,0,0,0,0,0,0,0,0,0,0,0,0,0,0,0,0,0,0,0,0,1,0,0,0,0,0,0,0,4,0,0,0,0,0,11,0,6,0,0,0,2,0,0,0,23,0,0,0,3,0,0,0,17,0,0,0,9,0,31,1,26,0,21,0,0,0,0,0,0,0,0,0,0,0,4,0,48,1,36,0,1,0,19,0,0,0,56,38,33,0,18,0,5,0,8,0,0,1,0,0,0,0,0,0,0,0,0,0,0,0,0,0,0,0,0,0,0,0,12,0,0,0,0,0,5,0,0,0,0,2,47,0,0,0,20,0,80,20,85,0,30,0,0,4,0,0,13,0,13,0,13,0,12,0,48,2,0,0,0
15,21,14,93,75,51,0,15,0,0,61,38,28,11,221,0,8,26,25,175,143,150,15,50,0,23,0,108,0,35,28,75,9,32,17,23,14,29,0,35,0,2,0,43,0,38,0,0,0,2,0,24,0,1,0,21,0,5,0,0,0,0,0,6,0,0,0,0,0,0,0,0,0,0,0,0,0,0,0,0,0,0,0,0,0,29,0,4,0,0,0,0,0,0,0,0,0,0,0,0,0,0,0,0,0,0,0,6,0,1,0,0,0,0,0,0,0,0,0,0,0,0,0,0,0,2,0,6,0,0,1,0,0,0,0,27,0,0,0,0,0,24,0,0,0,5,0,0,0,4,0,15,0,17,0,0,0,0,0,0,0,0,0,0,0,0,0,8,0,0,0,0,4,8,0,3,1,77,3,30,1,15,0,0,0,9,0,0,0,0,0,0,0,0,0,0,0,0,0,0,1,7,0,0,0,0,0,0,0,12,0,0,0,0,0,15,0,0,0,0,13,43,0,0,0,0,2,195,14,37,0,17,0,45,1,9,2,0,0,30,2,13,0,8,6,40,0,0,0
20,95,60,30,10,0,3,23,32,20,8,7,31,0,16,8,0,10,85,0,272,0,79,6,55,68,103,0,160,0,181,0,59,0,32,0,41,3,55,3,8,0,15,0,34,0,0,0,0,0,31,0,75,0,19,0,7,0,1,0,12,0,240,3,0,0,0,0,0,0,8,0,0,0,6,0,0,0,0,0,72,0,0,0,210,0,42,0,14,0,73,0,0,0,16,0,86,0,102,0,14,0,20,0,13,0,114,0,0,0,0,0,0,0,0,0,0,0,0,0,18,0,34,0,1,0,0,0,42,0,0,0,0,0,0,0,31,0,59,0,54,0,131,0,0,0,0,0,0,0,2,0,0,0,51,0,0,0,13,0,3,0,0,0,0,0,5,0,10,0,8,0,15,0,0,0,9,5,0,0,0,0,31,0,1,0,0,0,0,0,0,0,0,0,0,0,0,0,4,0,86,0,0,0,0,0,0,0,14,0,0,0,0,0,0,0,0,0,0,1,27,0,6,0,15,0,113,7,25,0,7,0,5,0,3,0,0,0,11,0,0,1,7,0,18,0,0,0,0
14,22,0,38,0,7,4,17,7,3,3,17,0,0,1,26,10,0,0,73,0,104,16,17,18,71,2,19,3,136,0,70,0,37,0,27,0,48,0,172,0,0,0,23,0,17,0,0,0,0,0,19,0,14,0,51,0,12,0,0,0,38,0,114,0,0,0,0,0,0,0,0,0,0,0,14,0,0,0,5,0,116,0,0,0,84,0,32,0,29,0,0,0,0,0,17,0,85,0,55,0,0,0,9,0,0,0,5,0,0,0,0,0,0,0,0,0,0,0,0,0,26,0,6,0,0,0,0,0,0,0,5,0,18,0,11,0,23,0,41,0,117,0,159,0,27,0,0,0,0,0,0,0,0,0,39,0,0,0,13,0,3,0,1,0,2,0,2,0,0,0,3,0,10,0,0,0,6,0,3,0,0,1,0,0,0,0,0,0,0,0,0,0,1,0,0,0,0,0,0,0,0,0,0,0,0,0,0,0,0,0,0,0,0,0,7,0,0,0,0,0,51,0,4,0,0,0,245,0,31,1,8,0,38,0,5,0,0,0,12,1,4,0,4,0,24,0,0,0
4,0,44,0,105,26,0,0,0,0,46,6,79,236,276,25,85,0,0,173,200,31,242,1,37,0,118,146,3,0,47,0,6,0,74,0,49,0,3,0,15,26,26,45,15,15,11,28,2,0,148,17,0,0,7,0,0,0,0,0,0,0,0,0,2,0,0,0,0,0,0,0,0,0,5,0,0,0,0,0,0,0,0,0,0,0,0,0,0,0,0,0,0,0,0,0,0,0,0,0,0,0,0,0,0,0,0,0,0,0,0,0,0,0,0,0,0,0,0,0,0,0,0,0,2,0,0,0,0,0,0,0,0,0,22,0,0,0,0,0,0,0,0,0,0,0,0,0,10,0,0,0,10,0,3,0,0,0,0,0,0,0,0,0,12,0,13,0,16,0,0,0,8,0,1,0,21,61,13,0,8,0,9,0,8,0,3,18,0,0,0,0,0,0,0,0,0,0,0,0,0,0,0,0,0,0,0,0,0,0,0,0,0,0,0,0,0,0,0,0,29,0,0,0,72,0,86,0,50,0,42,0,9,0,0,0,9,2,8,0,8,0,0,0,38,0,0,0,0
3,63,4,134,68,94,0,30,0,16,27,58,153,24,163,175,0,73,173,0,114,128,1,97,0,24,50,188,0,17,17,37,0,0,65,35,7,39,0,0,19,11,0,73,2,77,0,32,0,2,20,77,0,0,0,21,0,9,0,0,0,0,0,12,0,0,0,0,0,0,0,0,0,0,0,0,0,0,0,0,0,41,0,0,0,0,0,0,0,28,0,0,0,1,0,13,0,0,0,0,0,0,0,0,0,0,0,0,0,0,0,0,0,0,0,0,0,0,0,0,0,10,0,0,0,4,1,8,0,0,0,0,0,13,0,30,0,0,0,19,0,0,0,24,0,0,0,0,0,0,0,30,0,11,0,0,0,0,0,0,0,0,0,0,0,8,0,10,0,8,0,0,0,16,0,0,6,95,4,12,0,8,0,0,0,13,0,1,0,0,0,0,0,0,0,0,0,0,0,0,0,0,0,0,0,0,0,0,0,13,0,0,0,0,0,14,0,0,0,44,0,43,0,0,0,130,5,95,12,77,3,21,0,56,0,14,0,0,0,11,0,0,0,8,0,27,0,0,0
8,12,58,8,83,67,3,0,0,0,26,88,63,91,156,143,272,0,200,114,0,31,250,22,39,3,154,29,47,0,182,0,54,0,50,0,26,0,0,0,8,4,23,18,24,6,13,0,0,0,33,0,20,0,9,0,0,0,0,0,1,0,69,0,0,0,0,0,0,0,26,0,2,0,0,0,0,0,11,0,70,0,0,0,102,0,77,0,0,0,35,1,0,0,0,0,40,0,102,0,9,0,0,0,0,0,43,0,0,0,0,0,0,0,0,0,0,0,0,0,24,0,31,0,0,0,0,0,0,0,0,0,0,0,0,0,0,0,22,0,33,0,51,0,18,0,2,0,0,0,0,0,0,0,5,0,0,0,0,0,0,0,0,0,0,0,31,0,28,0,0,0,17,0,0,0,11,15,22,0,0,0,0,0,4,0,2,0,0,0,0,0,0,0,0,0,0,0,0,0,0,0,0,0,0,0,0,0,12,1,0,0,0,0,0,0,0,0,0,0,43,4,0,0,30,0,100,9,62,0,60,0,30,2,0,0,15,0,7,0,12,0,17,0,49,0,0,0,0
0,16,0,61,24,121,0,14,0,2,11,42,45,127,39,150,0,104,31,128,31,0,0,125,0,32,19,76,0,82,8,71,0,32,16,54,5,30,0,16,5,2,0,80,0,70,0,2,1,1,3,50,0,0,0,24,0,0,0,0,0,0,0,19,0,0,0,0,0,0,0,6,0,3,0,0,0,0,0,0,0,55,0,0,0,41,0,20,0,0,0,0,0,0,0,0,0,0,0,0,0,0,0,0,0,0,0,0,0,0,0,0,0,0,0,0,0,0,0,0,0,0,0,0,0,0,0,0,0,0,0,0,0,6,0,11,0,0,0,36,0,42,0,52,0,37,0,0,0,2,0,7,0,3,0,8,0,0,0,0,0,3,0,0,1,10,0,36,0,11,0,0,0,33,0,0,0,6,0,19,0,0,0,0,0,0,0,5,0,0,0,0,0,0,0,0,0,0,0,0,0,0,0,0,0,0,0,0,0,0,0,0,0,0,0,6,0,0,0,29,3,93,0,0,0,43,3,249,0,139,0,76,0,138,0,21,0,17,0,13,0,15,0,14,1,56,0,0,0
17,153,175,72,40,14,26,24,4,0,16,75,79,0,197,15,79,16,242,1,250,0,0,24,109,72,110,0,126,15,84,0,67,10,0,0,25,12,93,14,20,0,9,0,45,1,11,0,6,0,10,0,8,0,44,0,15,0,8,0,9,9,16,0,0,0,0,0,0,0,0,0,0,0,0,0,0,0,0,0,0,0,0,0,16,0,0,0,0,0,0,0,0,0,0,0,0,0,0,0,0,0,0,0,0,0,0,0,0,0,0,0,0,0,0,0,0,0,0,0,0,0,0,0,6,0,0,0,8,0,3,0,4,0,49,0,29,0,17,0,0,0,57,0,0,1,0,0,5,1,0,0,0,0,3,0,0,0,0,0,3,0,0,0,6,0,21,0,17,0,8,0,82,0,0,1,14,12,3,0,0,0,3,0,0,0,3,0,0,0,0,0,0,0,0,0,0,0,0,0,57,0,0,0,0,0,0,0,28,0,0,0,0,0,24,0,0,0,5,0,149,9,0,0,24,0,181,17,81,0,30,0,61,3,0,0,2,2,44,0,38,2,21,0,89,0,0,0,0
13,17,15,86,13,23,0,6,0,0,24,37,2,1,32,50,6,17,1,97,22,125,24,0,0,19,0,32,2,33,3,52,9,42,0,12,0,48,0,22,0,0,0,17,0,10,0,0,0,0,0,10,0,2,0,13,0,3,0,0,0,2,0,10,0,2,0,0,0,0,0,0,0,0,0,0,0,0,0,0,0,25,0,0,0,31,0,10,0,14,0,0,0,0,0,9,0,34,0,24,1,6,0,0,0,0,0,0,0,0,0,0,0,0,0,0,0,0,0,0,0,6,0,0,0,0,0,1,0,0,0,0,0,0,0,8,0,0,0,0,0,28,0,22,0,0,0,0,0,0,0,0,0,0,0,4,0,0,0,0,0,0,0,1,0,0,0,4,0,2,0,2,0,13,0,0,2,10,0,14,0,0,0,0,0,0,0,0,0,0,0,0,0,0,0,0,0,0,0,1,0,0,0,0,0,0,0,0,0,3,0,0,0,0,0,4,0,0,0,0,0,62,0,0,1,5,0,417,0,36,2,18,1,75,0,0,0,3,0,24,0,7,0,6,0,18,0,0,0
0,66,68,7,3,1,103,119,7,152,0,0,15,0,34,0,55,18,37,0,39,0,109,0,0,188,28,0,164,0,15,0,0,0,0,0,3,0,68,7,0,0,0,0,9,0,0,0,0,0,0,0,63,0,229,49,57,0,44,0,91,18,235,45,0,0,0,0,0,0,0,0,0,0,0,0,0,0,0,0,6,0,0,0,18,0,0,0,0,0,10,0,0,0,0,0,0,0,0,0,2,0,4,0,16,0,52,0,0,0,0,0,0,0,0,0,0,0,0,0,2,0,0,0,25,0,4,1,58,0,11,0,24,2,119,0,83,0,47,0,26,0,132,0,0,0,3,0,7,4,0,0,1,0,10,1,0,0,11,2,7,0,0,0,3,0,0,0,7,0,46,0,116,2,1,0,2,9,1,0,0,0,1,4,0,0,0,0,0,0,0,0,0,0,0,0,0,0,9,0,96,0,0,0,1,0,5,0,78,0,40,0,0,0,63,0,0,0,10,0,121,0,44,1,45,0,57,1,135,7,19,0,130,6,24,2,0,0,69,5,31,0,23,0,209,8,0,0,0
154,44,32,62,9,10,102,258,112,23,0,0,0,0,0,23,68,71,0,24,3,32,72,19,188,0,0,0,0,86,0,3,0,0,0,0,3,17,8,85,0,0,0,0,0,0,0,0,0,0,0,0,1,7,10,189,0,29,0,22,0,55,17,51,0,0,5,0,0,0,0,0,0,0,0,0,0,0,0,0,0,19,0,4,0,56,0,12,0,25,0,38,0,0,0,0,0,115,0,23,0,0,0,18,0,0,0,28,0,0,0,0,0,0,0,0,0,0,0,0,0,2,0,0,0,0,0,0,0,6,0,0,0,23,0,65,0,41,0,90,0,45,0,32,0,2,1,1,0,0,0,0,0,0,0,45,0,4,0,12,1,6,0,0,1,0,0,1,0,0,0,2,0,13,0,0,0,28,0,0,0,1,9,0,0,0,0,0,0,0,0,0,0,0,0,0,0,0,0,6,0,21,0,0,0,0,0,0,0,16,0,2,0,1,0,22,0,0,0,0,0,65,0,0,0,2,0,274,0,63,0,8,0,68,0,11,0,0,3,21,0,6,0,0,7,56,0,0,0
14,0,43,0,72,0,8,0,0,0,28,0,142,174,124,0,103,2,118,50,154,19,110,0,28,0,0,368,0,0,86,0,12,0,42,0,54,0,6,0,31,106,100,68,89,94,20,158,4,0,192,40,0,0,0,0,3,0,0,0,5,0,0,0,1,0,0,0,0,0,0,0,10,0,0,0,0,0,0,0,0,0,0,0,0,0,55,0,15,0,0,0,0,0,0,0,0,0,77,0,0,0,0,0,0,0,0,0,0,0,0,0,0,0,0,0,0,0,0,0,0,0,0,0,6,0,3,0,0,0,0,0,0,0,0,0,0,0,0,0,0,0,0,0,0,0,0,0,0,0,15,0,8,0,0,0,0,0,0,0,0,0,0,0,60,0,12,0,0,0,0,0,5,0,0,0,6,69,9,0,7,0,6,0,0,0,25,25,0,0,0,0,0,0,0,0,0,0,0,0,0,0,0,0,0,0,0,0,0,0,0,0,0,1,6,0,0,0,252,69,26,0,15,0,320,2,86,0,42,0,0,0,8,0,0,0,24,0,0,0,0,0,4,0,0,0,0,0,0
0,53,0,35,0,101,0,16,0,12,3,104,241,99,10,108,0,19,146,188,29,76,0,32,0,0,368,0,0,0,0,18,0,6,57,32,3,31,0,0,193,42,32,101,34,141,29,64,0,7,25,96,0,0,0,0,0,0,0,0,0,2,0,3,0,16,0,0,0,0,0,0,0,0,0,0,0,0,0,0,0,0,0,0,0,0,0,8,0,0,0,0,0,0,0,0,0,0,0,0,0,0,0,0,0,0,0,0,0,0,0,0,0,0,0,0,0,0,0,0,0,0,0,0,0,0,0,7,0,0,0,0,0,0,0,0,0,0,0,0,0,8,0,0,0,4,0,0,0,6,0,0,0,8,0,0,0,0,0,0,0,0,0,0,0,14,0,0,0,15,0,0,0,8,0,1,0,103,3,13,0,0,0,1,0,8,13,27,0,0,0,0,0,0,0,0,0,0,0,0,0,0,0,0,0,0,0,0,0,13,0,0,0,0,0,0,0,0,0,381,0,18,0,19,0,149,1,134,4,29,0,20,0,24,1,7,0,5,0,8,0,0,0,4,0,0,0,0,0
31,6,58,0,0,0,56,0,18,0,0,0,0,0,0,0,160,3,3,0,47,0,126,2,164,0,0,0,0,0,100,0,7,0,37,0,74,0,59,0,2,0,12,0,14,0,0,0,0,0,12,0,43,0,7,0,0,0,0,0,24,1,66,0,0,0,0,0,0,0,12,0,0,0,12,0,0,0,0,0,35,0,0,0,82,0,29,0,0,0,7,0,0,0,8,0,16,0,42,0,0,0,0,0,0,0,26,0,0,0,0,0,0,0,0,0,0,0,0,0,20,0,0,0,0,0,0,0,26,0,2,0,0,0,0,0,8,0,66,0,51,0,42,0,35,0,0,0,0,0,0,0,0,0,38,0,12,0,18,0,0,0,0,0,0,0,2,0,0,0,1,0,3,0,0,0,3,1,0,0,0,0,15,0,0,0,0,0,0,0,0,0,0,0,0,0,0,0,0,0,0,0,0,0,0,0,0,0,0,0,0,0,0,0,0,0,0,0,0,0,0,1,0,0,0,0,17,0,5,0,0,0,0,0,0,0,0,0,1,0,0,0,0,0,0,0,0,0,0
0,42,0,72,0,23,0,125,0,6,3,31,0,0,3,35,0,136,0,17,0,82,15,33,0,86,0,0,0,0,2,70,0,23,0,24,0,48,0,36,0,0,0,21,0,0,0,1,0,0,0,7,0,2,0,38,0,0,0,5,0,22,0,43,0,0,1,0,0,0,0,6,0,0,0,9,0,0,0,0,0,155,0,0,0,79,0,37,0,18,0,10,0,0,0,18,0,74,0,52,0,0,0,6,0,0,0,0,0,0,0,0,0,0,0,0,0,0,0,0,0,56,0,0,0,0,0,0,0,3,0,0,0,12,0,12,0,24,0,63,0,121,0,204,0,58,0,0,0,0,0,0,0,0,0,11,0,1,0,7,0,0,0,1,0,2,0,2,0,0,0,4,0,12,0,0,0,9,0,0,0,0,0,0,0,0,0,0,0,0,0,0,0,0,0,0,0,0,0,2,0,0,0,0,0,0,0,3,0,0,0,0,0,0,0,12,0,0,0,0,0,57,0,0,0,0,0,141,0,29,0,14,0,76,0,9,0,4,0,14,0,7,0,9,0,21,0,0,0
17,14,87,7,62,12,0,1,3,0,36,12,0,6,157,28,181,0,47,17,182,8,84,3,15,0,86,0,100,2,0,0,14,0,41,0,48,3,9,0,0,0,34,1,29,0,6,0,0,0,35,1,15,0,4,0,0,0,0,0,0,0,67,0,0,0,0,0,0,0,51,0,7,0,16,0,0,0,0,0,118,0,0,0,120,0,77,0,0,0,0,0,0,0,0,0,33,0,111,0,11,0,0,0,0,0,44,0,0,0,0,0,0,0,0,0,0,0,0,0,43,0,35,0,0,0,3,0,0,0,0,0,0,0,0,0,0,0,38,0,35,0,46,0,54,0,0,0,4,0,0,0,0,0,10,0,3,0,10,0,1,0,2,0,0,0,52,0,22,0,0,0,21,0,0,0,7,3,8,0,0,0,6,0,0,0,0,0,0,0,0,0,0,0,0,0,0,0,0,0,0,0,0,0,0,0,0,0,0,0,0,0,0,0,0,0,0,0,0,0,46,0,0,0,9,0,88,7,49,0,50,0,0,0,0,0,16,0,17,0,12,0,15,0,52,0,0,0,0
0,0,2,26,0,113,0,5,0,0,1,83,0,53,11,75,0,70,0,37,0,71,0,52,0,3,0,18,0,70,0,0,0,12,0,20,0,24,0,12,0,0,0,47,0,25,0,0,0,0,0,16,0,0,0,2,0,0,0,3,0,1,0,12,0,2,0,0,0,0,0,0,0,0,0,0,0,0,0,0,0,0,0,0,0,0,0,6,0,0,0,0,0,0,0,0,0,0,0,0,0,0,0,0,0,0,0,0,0,0,0,0,0,0,0,0,0,0,0,0,0,7,0,3,0,0,0,2,0,0,0,1,0,0,0,0,0,0,0,0,0,0,0,0,0,21,0,0,0,0,0,0,0,0,0,0,0,0,0,4,0,0,0,0,0,0,0,10,0,0,0,1,0,19,0,0,0,9,0,25,0,0,0,0,0,0,0,5,0,0,0,0,0,0,0,0,0,0,0,0,0,0,0,0,0,0,0,0,1,0,0,0,0,0,0,5,0,0,0,0,0,55,0,0,0,25,0,131,0,50,0,24,0,61,0,5,0,5,0,5,0,13,0,8,0,22,0,0,0
31,18,163,11,110,8,0,0,2,0,84,9,4,0,21,9,59,0,6,0,54,0,67,9,0,0,12,0,7,0,14,0,0,0,22,0,41,3,0,0,0,0,10,0,9,0,0,0,0,0,15,0,6,0,0,0,0,0,0,0,4,0,26,0,0,0,0,0,0,0,40,0,4,0,0,0,0,0,0,0,68,0,1,0,57,0,41,0,0,0,0,0,0,0,0,0,0,0,74,0,7,0,0,0,0,0,0,0,0,0,0,0,0,0,0,0,0,0,0,0,20,0,17,0,0,0,0,0,0,0,0,0,2,0,6,0,0,0,27,0,24,0,0,0,47,0,0,0,0,0,0,0,5,0,3,0,6,0,0,0,0,0,0,0,0,0,36,0,0,0,7,0,19,0,0,0,23,4,3,0,0,0,11,0,1,0,0,0,0,0,0,0,0,0,0,0,0,0,0,0,0,0,0,0,0,0,0,0,0,0,0,0,0,0,0,0,0,0,0,0,45,0,5,0,3,0,79,4,41,0,22,0,21,0,0,0,6,0,4,0,0,0,0,0,20,0,0,0,0
0,117,2,169,0,124,0,19,0,0,4,150,0,5,7,32,0,37,0,0,0,32,10,42,0,0,0,6,0,23,0,12,0,0,0,21,0,104,0,1,0,0,0,31,0,15,0,0,0,1,0,24,0,0,0,10,0,0,0,0,0,6,0,9,0,6,0,0,0,0,0,5,0,0,0,0,0,0,0,0,0,0,0,0,0,23,0,0,0,0,0,0,0,0,0,0,0,0,0,0,0,0,0,0,0,0,0,0,0,0,0,0,0,0,0,0,0,0,0,0,0,15,0,0,0,0,0,3,0,0,0,0,0,0,0,0,0,0,0,29,0,26,0,29,0,41,0,0,0,0,0,0,0,0,0,0,0,0,0,0,0,0,0,0,0,4,0,14,0,0,0,4,2,16,0,0,0,21,0,64,0,0,0,0,0,0,0,1,0,0,0,0,0,0,0,0,0,0,0,2,0,0,0,0,0,0,0,0,0,8,0,0,0,0,0,8,0,0,0,1,0,76,0,6,0,0,0,127,0,58,0,13,0,0,0,6,0,3,0,0,0,4,0,3,0,0,0,0,0
0,0,8,0,70,0,0,0,0,0,27,0,104,69,105,17,32,0,74,65,50,16,0,0,0,0,42,57,37,0,41,0,22,0,0,6,55,2,8,0,9,7,4,20,27,5,3,0,0,0,64,0,0,0,0,0,1,0,0,0,1,0,0,0,2,0,0,0,0,0,14,0,0,0,5,0,0,0,0,0,27,0,0,0,0,0,24,0,0,0,0,0,0,0,0,0,7,0,44,0,0,0,0,0,0,0,0,0,0,0,0,0,0,0,0,0,0,0,0,0,0,0,0,0,0,0,0,0,0,0,0,0,0,0,0,0,0,0,12,0,0,0,8,0,0,0,3,0,0,0,0,0,0,0,0,0,0,0,0,0,0,0,0,0,23,0,32,0,25,0,0,0,20,0,0,0,12,4,24,0,0,0,4,0,0,0,8,5,0,0,0,0,0,0,0,0,0,0,0,0,0,0,1,0,0,0,0,0,0,0,0,0,0,0,1,0,0,0,0,1,46,0,0,0,84,0,86,0,62,0,42,0,0,0,2,0,10,0,4,0,0,0,6,0,28,0,0,0,0
0,7,0,7,0,37,0,0,0,0,0,47,6,58,0,23,0,27,0,35,0,54,0,12,0,0,0,32,0,24,0,20,0,21,6,0,0,38,0,15,0,0,0,22,0,28,0,0,0,0,0,7,0,0,0,0,0,0,0,0,0,1,0,5,0,0,0,0,0,0,0,0,0,0,0,0,0,0,0,0,0,0,0,2,0,0,0,0,0,0,0,0,0,0,0,0,0,0,0,0,0,0,0,0,0,0,0,0,0,0,0,0,0,0,0,0,0,0,0,0,0,0,0,2,0,0,0,0,0,0,0,0,0,0,0,0,0,0,0,0,0,11,0,25,0,24,0,0,0,1,0,0,0,0,0,3,0,0,0,0,0,0,0,0,0,2,0,10,0,6,0,0,0,8,0,0,0,7,0,13,0,0,0,1,0,0,0,10,0,0,0,0,0,0,0,0,0,0,0,0,0,0,0,0,0,0,0,0,0,0,0,0,0,0,0,0,0,0,0,27,0,42,0,1,0,38,0,80,0,34,0,28,0,24,0,5,0,0,0,0,0,1,0,0,0,24,0,0,0
8,5,53,0,192,0,0,0,3,0,73,0,23,0,175,14,41,0,49,7,26,5,25,0,3,3,54,3,74,0,48,0,41,0,55,0,0,0,33,0,0,0,67,4,44,0,0,2,0,0,89,0,10,0,0,0,2,0,0,0,31,0,12,0,2,0,0,0,0,0,32,0,0,0,25,0,0,0,0,0,44,0,0,0,34,0,35,0,0,0,0,0,0,0,0,0,0,0,49,0,0,0,0,0,0,0,12,0,0,0,0,0,0,0,0,0,0,0,0,0,21,0,12,0,0,0,0,0,12,0,0,0,0,0,7,0,0,0,85,0,24,0,13,0,125,0,0,0,0,0,3,0,4,0,14,0,31,0,20,0,4,0,0,0,17,0,89,0,77,0,20,0,95,0,0,0,11,8,13,0,0,0,4,0,1,0,3,0,0,0,0,0,0,0,2,0,0,0,0,0,0,0,0,0,0,0,0,0,0,0,0,0,0,0,0,0,3,0,3,1,66,0,3,0,45,0,73,0,164,0,46,0,13,0,0,0,9,0,6,0,0,0,12,0,42,0,0,0,0
0,213,0,93,0,204,0,40,0,0,0,244,3,158,10,29,3,48,0,39,0,30,12,48,0,17,0,31,0,48,3,24,3,104,2,38,0,0,0,60,0,3,0,75,0,42,0,0,0,2,0,57,0,7,0,10,0,3,0,0,0,20,0,24,0,0,0,0,0,1,0,6,0,0,0,19,0,0,0,0,0,30,0,0,0,19,0,10,0,0,0,0,0,0,0,5,0,15,0,0,0,0,0,0,0,0,0,0,0,0,0,0,0,0,0,0,0,0,0,0,0,23,0,9,0,1,0,0,0,0,0,0,0,0,0,0,0,0,0,87,0,71,0,80,0,150,0,0,0,0,0,0,0,0,0,26,0,72,0,24,0,0,0,5,0,3,0,15,0,12,0,13,0,38,0,0,1,43,0,115,0,0,0,1,0,0,0,21,0,0,0,0,0,0,0,0,0,0,0,0,0,0,0,0,0,0,0,0,0,4,0,0,0,0,0,0,0,0,0,10,0,70,0,0,0,57,0,199,0,133,0,18,1,35,0,0,0,3,0,0,0,6,0,0,0,9,0,0,0
138,11,168,9,28,0,64,5,72,0,12,0,4,0,2,0,55,0,3,0,0,0,93,0,68,8,6,0,59,0,9,0,0,0,8,0,33,0,0,0,0,0,5,0,1,0,0,0,0,0,7,0,7,0,0,0,0,0,0,0,5,0,4,0,0,1,0,0,0,0,5,0,0,0,6,0,0,0,0,0,27,0,0,0,21,0,13,0,0,0,0,0,0,0,3,0,4,0,9,0,0,0,0,0,0,0,0,0,0,0,0,0,0,0,0,0,0,0,0,0,11,0,5,0,0,0,0,0,0,0,1,0,1,0,0,0,0,0,37,0,18,0,14,0,38,0,0,0,0,0,0,0,0,0,5,0,17,0,7,0,0,0,2,0,0,0,2,0,0,0,4,0,6,0,0,0,12,0,1,0,3,0,19,0,0,0,0,0,0,0,0,0,0,0,0,0,0,0,0,0,0,0,0,0,0,0,0,0,4,0,0,0,0,0,0,0,0,0,0,0,10,0,0,0,0,0,206,3,6,0,1,1,0,0,0,0,0,0,1,0,2,0,0,0,8,1,0,0,0
7,247,0,125,0,35,1,296,0,27,3,64,0,0,2,35,3,172,0,0,0,16,14,22,7,85,0,0,0,36,0,12,0,1,0,15,0,60,0,0,0,1,0,14,0,0,0,0,0,0,0,16,0,2,0,9,0,0,0,0,0,10,0,14,0,0,0,0,0,0,0,0,0,2,0,3,0,2,0,0,0,57,0,3,0,35,0,20,0,0,0,0,0,0,0,0,0,24,0,0,0,4,0,0,0,0,0,0,0,0,0,0,0,0,0,0,0,0,0,0,0,21,0,0,0,0,0,0,0,0,0,0,0,0,0,0,0,17,0,42,0,45,0,63,0,51,0,0,0,6,0,0,0,1,0,0,0,17,0,9,0,0,0,0,0,3,0,2,0,3,0,5,1,21,0,0,0,52,0,30,0,0,0,4,0,0,0,0,0,0,0,0,0,0,0,0,0,0,0,0,0,0,0,0,0,0,0,0,0,6,0,0,0,0,0,7,0,0,0,0,2,35,0,0,0,0,0,190,0,9,0,3,0,38,0,0,0,2,1,5,0,1,1,0,0,22,0,0,0
9,0,27,0,59,0,5,0,4,0,50,0,165,31,14,0,8,0,15,19,8,5,20,0,0,0,31,193,2,0,0,0,0,0,9,0,0,0,0,0,0,82,27,29,35,78,19,102,26,1,45,21,0,0,0,0,0,0,0,0,0,0,0,0,2,0,0,0,0,0,10,0,0,0,0,0,0,0,0,0,0,0,0,0,0,0,0,0,0,0,0,0,0,0,0,0,0,0,0,0,0,0,0,0,0,0,0,0,0,0,0,0,0,0,0,0,1,0,0,0,0,0,0,0,0,0,2,0,0,0,3,0,0,0,0,0,0,0,0,0,0,0,0,0,0,0,0,0,10,0,24,0,16,0,0,0,0,0,0,0,0,0,0,0,17,2,1,0,0,0,0,0,0,0,0,0,26,28,89,0,45,0,14,0,9,0,48,6,0,0,0,0,0,0,0,0,0,0,0,0,0,0,0,0,0,0,0,0,0,0,0,0,0,0,0,0,0,0,244,104,0,0,56,46,85,0,20,0,0,0,5,0,0,0,0,0,0,0,1,0,0,0,0,0,6,0,0,0,0
0,13,0,4,0,15,0,0,0,2,0,77,29,186,0,2,0,0,26,11,4,2,0,0,0,0,106,42,0,0,0,0,0,0,7,0,0,3,0,1,82,0,18,10,20,20,29,82,0,53,0,4,0,0,0,0,0,0,0,0,0,0,0,0,0,0,0,0,0,0,0,0,0,0,0,0,0,0,0,0,0,0,0,0,0,0,0,0,0,0,0,0,0,0,0,0,0,0,0,0,0,0,0,0,0,0,0,0,0,0,0,0,0,0,0,0,0,1,0,0,0,0,0,0,0,0,0,0,0,0,0,0,0,0,0,0,0,0,0,0,0,0,0,0,0,0,0,0,0,0,0,0,0,10,0,0,0,1,0,0,0,0,0,0,1,5,0,0,0,3,0,0,0,0,0,0,0,134,0,13,0,7,0,0,0,4,4,38,0,0,0,0,0,0,0,0,0,0,0,0,0,0,0,0,0,0,0,0,0,0,0,0,0,0,0,0,0,0,59,124,0,0,5,181,0,0,0,4,0,2,0,0,0,0,0,0,0,1,0,2,0,0,0,0,0,0,0,0,0
0,0,0,0,9,0,0,0,0,0,9,0,48,20,5,0,15,0,26,0,23,0,9,0,0,0,100,32,12,0,34,0,10,0,4,0,67,0,5,0,27,18,0,0,78,8,16,21,0,0,67,0,0,0,3,0,0,0,0,0,2,0,0,0,0,0,0,0,0,0,11,0,3,0,0,0,0,0,0,0,0,0,0,0,0,0,20,0,0,0,0,0,0,0,0,0,0,0,13,0,0,0,0,0,0,0,0,0,0,0,0,0,0,0,0,0,0,0,2,0,0,0,0,0,0,0,0,0,0,0,0,0,0,0,0,0,0,0,0,0,0,0,0,0,9,0,0,1,0,0,0,0,3,0,0,0,0,0,0,0,0,0,0,0,44,0,9,0,8,0,2,0,0,0,0,0,1,3,5,0,0,0,0,0,0,0,16,0,0,0,0,0,0,0,0,0,0,0,0,0,0,0,0,0,0,0,0,0,0,0,2,0,0,0,1,0,0,0,79,7,13,0,14,0,154,0,13,0,21,0,0,0,5,0,3,1,0,0,0,0,0,0,0,0,0,0,0,0,0
0,0,0,10,0,24,0,0,0,0,0,23,32,179,3,43,0,23,45,73,18,80,0,17,0,0,68,101,0,21,1,47,0,31,20,22,4,75,0,14,29,10,0,0,0,43,0,13,0,5,8,28,0,0,0,1,0,0,0,0,0,1,0,6,0,0,0,0,0,2,0,0,0,0,0,0,0,0,0,0,0,24,0,0,0,21,0,6,0,0,0,0,0,0,0,0,0,0,0,10,0,0,0,4,0,0,0,0,0,0,0,0,0,0,0,0,0,0,0,0,0,10,0,0,0,0,0,0,0,0,0,0,0,0,0,0,0,4,0,0,0,20,0,0,0,21,0,0,0,0,0,0,0,0,0,0,0,0,0,2,0,0,0,0,0,36,0,4,0,24,0,0,0,10,0,0,0,24,0,3,0,0,0,0,0,0,1,103,0,0,0,0,0,0,0,0,0,0,0,0,0,0,0,0,0,0,0,0,0,0,0,0,0,0,0,0,0,0,3,170,0,18,0,21,0,196,0,148,0,47,0,26,0,0,0,3,0,0,0,0,0,0,0,7,0,12,0,0,0
0,0,15,0,17,0,0,0,0,0,12,0,62,11,18,0,34,0,15,2,24,0,45,0,9,0,89,34,14,0,29,0,9,0,27,0,44,0,1,0,35,20,78,0,0,14,51,22,27,3,98,0,0,0,0,0,0,0,0,0,0,0,5,0,1,0,0,0,3,0,5,0,0,0,11,0,5,0,0,0,0,0,0,0,0,0,0,0,0,1,5,0,6,0,14,0,0,0,26,0,0,0,5,0,0,0,0,0,0,0,0,0,0,0,1,0,0,0,1,0,0,0,0,0,0,0,0,0,0,0,0,0,0,0,0,0,0,0,0,0,8,0,0,0,0,0,0,0,5,0,8,0,6,0,0,0,0,0,0,0,2,0,2,0,111,0,9,0,14,0,2,0,7,0,1,0,6,0,4,0,9,0,4,0,3,0,27,2,0,0,0,0,0,0,0,0,0,0,0,0,0,0,0,0,0,0,0,0,0,0,0,0,0,0,5,0,5,0,295,15,5,0,134,16,119,0,17,0,7,0,9,0,3,0,1,0,4,0,0,0,5,0,3,0,8,0,0,0,0
0,0,0,10,0,21,0,7,0,0,0,27,20,34,0,38,0,17,15,77,6,70,1,10,0,0,94,141,0,0,0,25,0,15,5,28,0,42,0,0,78,20,8,43,14,0,33,36,0,22,0,32,0,2,0,1,0,0,0,0,0,0,0,0,0,2,0,0,0,7,0,0,0,0,0,3,0,7,0,0,0,14,0,7,0,0,0,0,0,19,0,0,0,0,0,15,0,0,0,6,0,0,0,0,0,0,1,3,0,0,0,0,0,0,0,0,0,0,0,0,0,13,0,3,0,5,0,0,0,0,0,0,0,0,0,5,0,0,0,0,0,0,0,0,0,15,0,0,0,2,0,0,0,6,0,1,0,0,0,0,0,0,0,1,1,37,0,0,0,19,0,0,0,0,0,0,0,26,0,3,0,0,0,0,0,0,4,100,0,0,0,0,0,0,0,0,0,0,0,0,0,0,0,0,0,0,0,0,0,0,0,0,0,1,0,0,0,6,30,493,0,16,2,195,0,83,0,40,0,18,0,11,0,23,0,5,0,3,0,0,0,2,0,0,0,8,0,0,0
0,0,9,0,18,0,0,0,0,0,7,0,24,0,7,0,0,0,11,0,13,0,11,0,0,0,20,29,0,0,6,0,0,0,3,0,0,0,0,0,19,29,16,0,51,33,0,47,6,0,26,3,0,0,0,0,0,0,0,0,0,0,0,0,0,0,0,0,0,0,0,0,0,0,0,0,0,0,0,0,0,0,0,0,0,0,0,0,0,0,0,0,0,0,0,0,0,0,0,0,0,0,0,0,0,0,0,0,0,0,0,0,0,0,0,0,0,0,0,0,0,0,0,0,0,0,0,0,0,0,0,0,0,0,0,0,0,0,0,0,0,0,0,0,0,0,0,0,0,0,0,0,0,0,0,0,0,0,0,0,0,0,0,0,26,0,0,0,0,0,0,0,0,0,1,0,1,3,4,0,0,0,0,0,1,0,8,4,0,0,0,0,0,0,0,0,0,0,0,0,0,0,0,0,0,0,0,0,0,0,0,0,0,0,0,0,0,0,240,17,0,0,27,12,48,0,0,0,2,0,0,0,0,0,0,0,0,0,0,0,0,0,0,0,0,0,0,0,0
0,14,0,0,0,30,0,0,0,0,0,61,41,124,0,0,0,0,28,32,0,2,0,0,0,0,158,64,0,1,0,0,0,0,0,0,2,0,0,0,102,82,21,13,22,36,47,0,1,16,0,7,0,0,0,0,0,0,0,0,0,0,0,0,0,0,0,0,0,0,0,0,0,0,0,0,0,0,0,0,0,0,0,0,0,0,0,0,0,0,0,0,0,0,0,0,0,0,0,0,0,0,0,0,0,0,0,0,0,0,0,0,0,0,0,0,0,0,0,0,0,0,0,0,0,1,0,0,0,0,0,0,0,0,0,1,0,0,0,0,0,0,0,0,0,0,0,0,0,0,0,0,0,0,0,0,0,0,0,0,0,0,0,0,0,0,0,0,0,0,0,0,0,1,0,0,1,76,1,0,0,0,0,0,0,2,0,32,0,0,0,0,0,0,0,0,0,0,0,0,0,0,0,0,0,0,0,0,0,2,0,0,0,0,0,1,0,0,36,252,0,0,2,98,0,0,0,10,0,0,0,0,0,0,0,0,0,1,0,0,0,0,0,0,0,0,0,0,0
2,0,7,0,7,0,11,0,0,0,3,0,8,0,0,0,0,0,2,0,0,1,6,0,0,0,4,0,0,0,0,0,0,0,0,0,0,0,0,0,26,0,0,0,27,0,6,1,0,0,4,0,4,0,7,0,6,0,7,0,1,0,0,0,0,0,0,0,7,0,0,0,0,0,0,0,0,0,0,0,0,0,0,0,0,0,0,0,6,0,0,0,7,0,7,0,0,0,0,0,0,0,12,0,3,0,2,0,0,0,0,0,0,0,0,0,0,0,1,0,0,0,0,0,0,0,0,0,0,0,0,0,0,0,0,0,0,0,0,0,0,0,0,0,3,0,0,0,0,0,6,0,2,0,0,0,0,0,0,0,0,0,3,0,1,0,1,0,3,0,5,0,2,0,2,0,12,0,14,0,3,0,4,0,1,0,27,0,0,0,0,0,2,0,0,0,0,0,0,0,0,0,3,0,2,0,0,0,0,0,1,0,5,0,1,0,8,0,17,1,13,0,27,2,7,0,4,0,62,0,0,0,0,0,0,0,0,0,0,0,1,0,0,0,2,0,0,0,0
0,2,0,1,0,0,0,2,0,0,0,4,0,16,0,2,0,0,0,2,0,1,0,0,0,0,0,7,0,0,0,0,0,1,0,0,0,2,0,0,1,53,0,5,3,22,0,16,0,0,0,1,0,0,0,0,0,0,0,0,0,0,0,0,0,0,0,0,0,1,0,0,0,2,0,6,0,3,0,0,0,7,0,3,0,0,0,4,0,11,0,0,0,0,0,2,0,0,0,2,0,0,0,1,0,0,0,0,0,0,0,0,0,0,0,0,0,0,0,0,0,5,0,0,0,0,0,0,0,0,0,0,0,0,0,0,0,0,0,0,0,0,0,2,0,13,0,1,0,0,0,3,0,2,0,0,0,1,0,0,0,0,0,0,0,0,0,0,0,0,0,3,0,2,0,2,0,23,0,4,0,3,0,0,0,1,0,24,0,0,0,0,0,0,0,0,0,0,0,0,0,0,0,0,0,0,0,0,0,0,0,0,0,0,0,1,0,2,4,1,0,3,0,27,0,2,0,2,0,16,0,0,0,3,0,4,0,0,0,0,0,0,0,1,0,1,0,0,0
0,0,0,1,35,0,0,0,7,0,11,0,175,31,28,0,31,0,148,20,33,3,10,0,0,0,192,25,12,0,35,0,15,0,64,0,89,0,7,0,45,0,67,8,98,0,26,0,4,0,0,0,0,0,3,0,4,0,0,0,0,0,0,0,4,0,0,0,0,0,78,0,9,0,29,0,7,0,6,0,60,0,4,0,40,0,42,0,12,0,0,0,0,0,26,0,6,0,88,0,13,0,0,0,0,0,15,0,0,0,0,0,0,0,0,0,0,0,0,0,31,0,11,0,0,0,0,0,0,0,0,0,0,0,0,0,0,0,4,0,10,0,10,0,28,0,0,0,3,0,0,0,0,0,0,0,0,0,1,0,3,0,13,0,32,0,36,0,39,0,25,0,46,0,0,0,0,0,11,0,0,0,7,0,0,0,19,0,0,0,0,0,0,0,3,0,0,0,0,0,0,0,0,0,0,0,0,0,0,0,0,0,0,0,5,0,0,0,48,3,34,0,26,1,139,0,46,0,54,0,25,0,11,0,13,0,0,0,0,0,6,0,5,0,26,0,0,0,0
0,8,0,4,0,17,0,0,0,0,0,17,26,98,0,24,0,19,17,77,0,50,0,10,0,0,40,96,0,7,1,16,0,24,0,7,0,57,0,16,21,4,0,28,0,32,3,7,0,1,0,0,0,0,0,1,0,0,0,4,0,0,0,0,0,0,0,0,0,0,0,8,0,0,0,11,0,0,0,4,0,36,0,0,0,12,0,7,0,0,0,0,0,0,0,2,0,0,0,8,0,2,0,0,0,0,0,0,0,0,0,0,0,0,0,0,0,0,0,0,0,18,0,0,0,0,0,0,0,0,0,0,0,0,0,0,0,0,0,0,0,13,0,20,0,36,0,2,0,0,0,0,0,0,0,0,0,1,0,0,0,0,0,0,0,17,0,5,0,19,0,2,0,9,0,0,0,21,0,2,0,0,0,0,0,0,0,122,0,0,0,0,0,0,0,0,0,0,0,0,0,0,0,0,0,0,0,0,0,0,0,1,0,1,0,0,0,0,0,23,0,29,0,0,0,92,0,44,0,66,0,21,0,26,0,8,0,0,0,3,0,3,0,3,0,18,0,0,0
0,0,0,0,0,0,21,0,39,11,2,0,0,0,5,0,75,0,0,0,20,0,8,0,63,1,0,0,43,0,15,0,6,0,0,0,10,0,7,0,0,0,0,0,0,0,0,0,4,0,0,0,0,9,81,39,55,8,65,36,24,0,137,3,7,0,21,52,0,0,1,0,0,0,0,0,0,0,0,0,6,0,0,0,53,0,4,0,0,0,12,0,0,0,0,0,26,0,8,0,2,0,7,0,0,0,33,0,0,0,0,0,0,0,0,0,0,0,0,0,1,0,0,0,0,0,0,0,33,0,3,0,6,0,5,0,45,0,121,0,64,0,80,0,35,0,0,0,0,0,0,0,0,0,157,4,13,0,63,1,22,0,0,0,0,0,0,0,13,0,28,0,7,0,0,0,1,3,0,0,0,0,0,0,0,5,0,0,0,0,0,0,0,0,0,0,0,0,0,0,35,0,0,0,1,0,0,0,0,0,15,0,6,0,30,2,0,0,0,0,40,2,30,0,25,0,314,0,121,0,0,0,32,0,7,0,3,1,20,0,1,0,2,0,39,0,0,0,0
0,0,0,0,0,2,8,5,24,57,0,4,0,0,0,1,0,14,0,0,0,0,0,2,0,7,0,0,0,2,0,0,0,0,0,0,0,7,0,2,0,0,0,0,0,2,0,0,0,0,0,0,9,0,17,118,9,67,28,56,0,3,0,43,5,0,43,29,0,0,0,0,0,0,0,0,0,0,0,0,0,22,0,0,0,15,0,6,0,0,0,0,0,0,0,0,0,22,0,9,0,0,0,0,0,0,0,0,0,0,0,0,0,0,0,0,0,0,0,0,0,0,0,0,0,0,0,3,0,13,0,13,0,25,0,6,0,23,0,75,0,77,0,54,0,20,0,0,0,0,0,1,0,1,0,90,0,16,0,52,0,16,0,0,0,0,0,0,0,3,0,6,0,0,0,0,4,49,0,0,0,0,0,0,3,9,0,0,0,0,0,0,0,0,0,0,0,0,0,0,0,0,0,0,0,0,0,0,0,1,0,0,0,0,0,7,0,0,0,0,0,14,0,0,0,0,0,103,0,14,0,0,0,8,0,5,0,0,0,1,0,0,0,0,1,2,0,0,0
0,0,19,0,0,1,32,3,38,69,2,0,3,0,3,0,19,0,7,0,9,0,44,0,229,10,0,0,7,0,4,0,0,0,0,0,0,0,0,0,0,0,3,0,0,0,0,0,7,0,3,0,81,17,0,71,75,13,28,14,19,0,36,6,7,0,21,83,0,0,1,0,0,0,1,0,0,0,0,0,0,0,0,0,2,0,0,0,0,0,0,0,0,0,0,0,4,0,0,0,0,0,0,0,0,0,7,0,0,0,0,0,0,0,0,0,0,0,0,0,0,0,0,0,4,0,0,0,55,0,14,0,17,0,22,0,21,0,8,0,0,0,27,0,0,0,0,0,1,0,0,0,0,1,49,0,10,0,19,0,66,1,0,0,0,0,0,0,23,0,82,0,18,0,0,0,3,6,0,0,0,0,0,0,0,9,1,0,0,0,0,0,0,0,0,0,0,0,0,0,16,0,0,0,0,0,0,0,9,0,48,0,19,0,212,0,0,0,13,0,164,2,116,0,85,0,83,2,259,0,0,0,142,0,25,2,0,0,53,0,2,0,10,0,146,0,0,0,0
0,34,0,95,0,9,54,92,118,87,0,0,0,1,0,21,0,51,0,21,0,24,0,13,49,189,0,0,0,38,0,2,0,10,0,0,0,10,0,9,0,0,0,1,0,1,0,0,0,0,0,1,39,118,71,0,15,160,73,54,1,32,33,100,0,0,147,13,0,0,0,0,0,0,0,0,0,0,0,0,0,5,0,2,0,15,0,0,0,2,0,5,0,0,0,0,0,20,0,8,0,1,0,0,0,0,0,12,0,0,0,0,0,0,0,0,0,0,0,0,0,0,0,0,0,0,1,8,0,27,0,18,0,19,0,41,0,41,0,66,0,30,2,23,0,4,0,0,0,0,0,0,1,0,0,90,0,20,0,13,6,11,0,0,0,4,0,0,0,25,0,37,0,14,0,0,6,15,0,0,0,2,0,1,2,47,0,0,0,0,0,0,0,0,0,0,0,0,0,2,0,8,0,0,0,0,0,2,0,4,0,15,0,0,2,269,0,0,0,8,0,335,0,112,1,27,0,115,0,369,0,0,0,174,0,70,0,9,4,27,1,0,1,0,0,99,0,0,0
0,0,7,0,0,0,2,0,8,3,2,0,0,0,0,0,7,0,0,0,0,0,15,0,57,0,3,0,0,0,0,0,0,0,1,0,2,0,0,0,0,0,0,0,0,0,0,0,6,0,4,0,55,9,75,15,0,10,66,27,6,0,4,0,95,9,12,44,0,0,0,0,0,0,0,0,0,0,0,0,0,0,0,0,0,0,0,0,0,0,0,0,0,0,3,0,1,0,0,0,0,0,0,0,0,0,0,0,0,0,0,0,0,0,0,0,0,0,0,0,0,0,0,0,3,0,0,0,0,0,7,0,9,0,0,0,0,0,20,0,0,0,0,0,15,0,0,0,35,0,0,0,0,0,175,9,24,0,92,2,109,0,24,0,0,0,9,0,38,0,39,0,13,0,0,0,4,0,0,0,1,1,0,0,3,8,0,0,0,0,0,0,0,0,0,0,0,0,0,0,0,0,0,0,0,0,0,0,2,0,0,0,0,0,412,0,0,0,9,0,340,0,125,2,112,1,66,0,426,0,1,0,421,1,301,2,8,0,178,0,11,0,22,0,207,0,0,0,0
0,0,0,8,0,2,2,10,8,8,0,0,0,0,0,5,0,12,0,9,0,0,0,3,0,29,0,0,0,0,0,0,0,0,0,0,0,3,0,0,0,0,0,0,0,0,0,0,0,0,0,0,8,67,13,160,10,0,42,67,0,5,0,12,4,5,44,2,0,0,0,0,0,0,0,0,0,0,0,0,0,0,0,0,0,5,0,1,0,0,0,0,0,0,0,1,0,9,0,0,0,0,0,0,0,0,0,4,0,0,0,0,0,0,0,0,0,0,0,0,0,0,0,0,0,0,0,6,0,21,0,10,0,10,0,10,0,25,0,63,0,27,0,15,0,0,0,0,0,1,0,0,0,0,0,164,0,12,0,69,7,31,0,0,0,1,0,0,0,30,0,22,0,2,0,3,0,6,0,0,0,0,0,0,0,56,0,0,0,0,0,0,0,0,0,0,0,0,0,0,0,0,0,0,0,0,0,0,0,1,0,0,0,0,0,131,0,0,0,8,0,134,0,55,0,41,0,38,0,220,0,0,0,41,0,83,0,2,0,0,0,2,0,0,0,32,0,0,0
0,0,14,0,3,0,32,2,71,21,0,1,3,0,0,0,1,0,0,0,0,0,8,0,44,0,0,0,0,0,0,0,0,0,0,0,0,0,0,0,0,0,0,0,0,0,0,0,7,0,0,0,65,28,28,73,66,42,0,82,41,1,14,6,80,0,171,112,0,0,0,0,0,0,0,0,1,0,0,0,0,0,0,0,0,0,0,0,1,0,0,0,0,0,0,0,0,0,0,0,0,0,0,0,0,0,0,0,0,0,0,0,0,0,0,0,0,0,0,0,0,0,1,0,3,0,1,0,0,0,5,0,5,0,0,1,0,0,0,0,0,0,0,0,0,0,0,0,3,0,0,0,0,1,35,15,42,0,5,0,21,2,0,0,0,0,7,0,15,0,31,0,6,0,1,0,75,17,0,0,1,1,0,0,29,39,0,0,0,0,0,0,0,0,0,0,0,0,0,0,0,0,0,0,0,0,0,0,0,0,0,0,24,0,400,0,0,0,11,0,277,2,67,0,56,0,59,1,192,1,5,0,416,2,174,2,6,0,184,0,18,0,26,0,379,0,0,0,0
0,10,0,12,0,3,0,19,17,38,0,0,0,0,0,0,0,0,0,0,0,0,0,0,0,22,0,0,0,5,0,3,0,0,0,0,0,0,0,0,0,0,0,0,0,0,0,0,0,0,0,4,36,56,14,54,27,67,82,0,0,0,0,20,51,169,84,175,0,0,0,0,0,0,0,0,0,2,0,0,0,0,0,0,0,0,0,0,0,0,0,0,0,0,0,0,0,0,0,0,0,0,0,0,0,0,0,0,0,0,0,0,0,0,0,0,0,0,0,0,0,0,0,0,0,11,0,11,0,8,1,29,0,14,1,0,0,14,0,8,0,0,0,3,0,24,0,0,0,105,0,0,0,0,3,63,1,90,0,20,29,19,0,0,0,2,0,0,0,41,0,0,0,0,0,9,0,11,0,0,0,0,0,0,0,147,0,0,0,0,0,0,0,0,0,0,0,0,0,0,0,0,0,0,0,0,0,0,0,2,0,12,0,0,0,644,0,3,0,30,0,534,0,126,0,81,1,152,0,390,0,9,1,322,0,683,0,10,0,94,0,9,0,15,0,242,0,0,0
30,0,13,0,0,0,160,2,200,2,0,0,0,0,0,0,12,0,0,0,1,0,9,0,91,0,5,0,24,0,0,0,4,0,1,0,31,0,5,0,0,0,2,0,0,0,0,0,1,0,0,0,24,0,19,1,6,0,41,0,0,0,38,0,0,0,13,0,0,0,3,0,0,0,0,0,0,0,0,0,0,0,0,0,0,0,1,0,0,0,0,0,0,0,0,0,0,0,0,0,0,0,0,0,0,0,0,0,0,0,0,0,0,0,0,0,0,0,0,0,0,0,3,0,0,0,0,0,3,0,0,0,0,0,0,0,0,0,66,0,0,1,0,0,182,0,0,0,0,0,0,0,0,0,18,0,47,0,23,0,0,0,3,0,0,0,0,0,0,0,56,0,41,0,0,0,15,0,0,0,0,0,5,0,0,0,0,0,0,0,0,0,0,0,0,0,0,0,0,0,0,0,0,0,0,0,0,0,0,0,0,0,1,0,13,0,0,0,2,0,7,0,3,0,3,0,206,0,25,0,0,0,20,0,0,0,0,0,12,0,4,0,5,0,53,1,0,0,0
15,128,0,0,0,5,12,199,9,253,0,0,0,0,0,0,0,38,0,0,0,0,9,2,18,55,0,2,1,22,0,1,0,6,0,1,0,20,0,10,0,0,0,1,0,0,0,0,0,0,0,0,0,3,0,32,0,5,1,0,0,0,3,21,0,0,0,18,0,0,0,1,0,0,0,0,0,0,0,0,0,0,0,0,0,0,0,0,0,0,0,0,0,0,0,0,0,0,0,0,0,0,0,0,0,0,0,0,0,0,0,0,0,0,0,0,0,0,0,0,0,0,0,0,0,0,0,0,0,0,0,0,0,0,0,0,0,0,0,30,0,9,0,2,0,119,0,0,0,0,0,0,0,1,0,25,0,116,0,18,0,0,0,4,0,1,0,0,0,2,0,38,0,21,0,0,0,88,0,2,0,1,0,7,0,0,0,0,0,0,0,0,0,0,0,0,0,0,0,0,0,0,0,0,0,0,0,0,0,0,0,0,0,2,0,16,0,0,0,0,0,40,0,8,0,5,0,357,0,84,0,0,0,17,0,2,0,0,0,0,0,0,0,0,0,7,0,0,0
15,0,13,0,0,0,231,8,130,60,0,0,0,0,0,0,240,0,0,0,69,0,16,0,235,17,0,0,66,0,67,0,26,0,0,0,12,0,4,0,0,0,0,0,5,0,0,0,0,0,0,0,137,0,36,33,4,0,14,0,38,3,0,5,0,0,7,16,0,0,5,0,0,0,2,0,0,0,4,0,0,0,0,0,36,0,8,0,0,0,7,0,0,0,0,0,0,0,0,0,0,0,0,0,0,0,19,0,0,0,0,0,0,0,0,0,0,0,0,0,0,0,4,0,0,0,0,0,15,0,0,0,4,0,10,0,14,0,54,0,24,0,32,0,34,0,0,0,0,0,0,0,0,0,37,1,25,0,15,0,5,0,0,0,0,0,0,0,0,0,11,0,15,0,3,0,17,3,0,0,0,0,2,0,0,0,0,0,0,0,0,0,0,0,0,0,0,0,0,0,17,0,0,0,0,0,0,0,5,0,0,0,0,0,6,3,0,0,0,0,10,3,6,0,0,0,338,0,9,0,1,0,0,1,0,0,0,0,20,0,4,0,4,0,51,2,0,0,0
2,10,0,2,0,0,30,128,35,316,0,0,0,0,0,6,3,114,0,12,0,19,0,10,45,51,0,3,0,43,0,12,0,9,0,5,0,24,0,14,0,0,0,6,0,0,0,0,0,0,0,0,3,43,6,100,0,12,6,20,0,21,5,0,0,0,5,16,0,0,0,0,0,0,0,4,0,2,0,0,0,29,0,0,0,25,0,0,0,6,0,0,0,0,0,3,0,23,0,14,0,3,0,1,0,0,0,0,0,0,0,0,0,0,0,0,0,0,0,0,0,0,0,0,0,0,0,0,0,3,0,0,0,0,0,3,0,10,0,63,0,54,0,49,0,22,0,0,0,0,0,0,0,0,0,54,0,9,0,30,0,0,0,0,0,0,0,0,1,0,0,0,0,3,0,0,4,95,0,0,0,1,0,9,0,10,0,0,0,0,0,0,0,0,0,0,0,0,0,0,0,0,0,0,0,0,0,0,0,0,0,0,0,0,0,1,0,0,0,0,0,11,0,0,0,0,0,201,1,7,0,0,0,6,0,0,0,0,0,7,0,0,0,0,0,3,0,0,0
6,0,3,0,0,0,8,0,90,0,0,0,4,0,1,0,0,0,2,0,0,0,0,0,0,0,1,0,0,0,0,0,0,0,2,0,2,0,0,0,2,0,0,0,1,0,0,0,0,0,4,0,7,5,7,0,95,4,80,51,0,0,0,0,0,40,152,48,0,0,1,0,0,0,0,0,0,0,0,0,0,0,0,0,0,0,0,0,0,0,0,0,0,0,0,0,0,0,0,0,0,0,0,0,0,0,0,0,0,0,0,0,0,0,0,0,0,0,0,0,0,0,0,0,20,2,3,0,0,0,76,6,0,0,2,0,1,0,6,0,0,0,0,0,14,6,9,0,91,0,0,0,6,0,3,22,7,0,0,16,385,33,0,0,0,0,1,0,0,0,0,0,2,0,38,28,68,0,1,0,174,5,4,0,40,10,0,0,0,0,0,0,0,0,0,0,0,0,0,0,1,0,0,0,0,0,0,0,0,0,0,0,0,0,41,0,0,0,0,0,0,0,0,1,8,0,8,0,0,0,2,0,31,0,130,0,0,0,77,0,2,0,8,0,59,0,0,0,0
0,72,0,1,0,8,0,7,0,120,0,16,1,13,0,0,0,0,0,0,0,0,0,2,0,0,0,16,0,0,0,2,0,6,0,0,0,0,1,0,0,0,0,0,0,2,0,0,0,0,0,0,0,0,0,0,9,5,0,169,0,0,0,0,40,0,0,256,0,0,2,26,0,10,0,19,0,0,0,0,0,0,0,0,0,0,0,0,0,0,1,0,0,0,0,1,0,0,0,1,0,0,0,0,0,0,0,0,0,0,0,0,0,0,0,0,0,0,0,0,0,0,0,2,0,89,0,17,0,1,43,78,13,6,1,2,5,4,15,33,20,8,6,1,9,67,0,18,0,199,0,29,0,6,1,9,0,4,7,13,77,69,0,9,0,0,0,0,0,5,0,0,0,0,10,170,0,4,0,0,3,86,0,0,0,64,0,0,0,0,0,0,0,0,0,0,0,2,0,0,0,0,0,0,0,0,0,0,0,5,0,0,0,0,0,53,0,0,0,5,0,0,0,7,0,18,0,43,0,61,0,0,0,10,0,154,0,0,3,23,0,0,0,10,0,41,0,0,0
1,0,2,1,0,0,17,0,142,39,0,0,0,0,2,0,0,0,0,0,0,0,0,0,0,5,0,0,0,1,0,0,0,0,0,0,0,0,0,0,0,0,0,0,0,0,0,0,0,0,0,0,21,43,21,147,12,44,171,84,13,0,7,5,152,0,0,78,0,0,0,0,0,0,0,0,0,0,0,0,0,0,0,0,0,0,0,0,0,0,0,0,0,0,0,0,0,0,0,0,0,0,0,0,0,0,0,0,0,0,0,0,0,0,0,0,0,0,0,0,0,0,0,0,0,0,4,0,1,0,21,0,3,0,0,1,1,0,0,0,0,0,0,0,0,0,0,0,6,0,0,0,0,0,3,6,6,0,0,0,106,0,0,0,0,0,0,0,0,0,0,0,0,0,1,0,271,34,0,0,3,0,0,0,50,46,0,0,0,0,0,0,0,0,0,0,0,0,0,0,0,0,0,0,0,0,0,0,0,0,0,0,0,0,47,0,0,0,0,0,39,6,0,0,8,0,27,0,29,0,3,0,67,0,23,0,0,0,34,0,6,0,5,0,83,0,0,0,0
0,34,1,0,0,0,0,4,31,126,0,2,0,0,0,0,0,0,0,0,0,0,0,0,0,0,0,0,0,0,0,0,0,0,0,0,0,0,0,0,0,0,0,0,0,0,0,0,0,0,0,0,52,29,83,13,44,2,112,175,0,18,16,16,48,256,78,0,0,0,0,0,0,0,0,0,0,0,0,0,0,0,0,0,0,0,0,0,0,0,0,0,0,0,0,0,0,0,0,0,0,0,0,0,0,0,0,0,0,0,0,0,0,0,0,0,0,0,0,0,0,0,0,0,2,31,0,6,0,8,3,92,0,4,0,0,0,0,1,7,0,0,0,0,2,36,0,7,5,131,0,6,0,1,0,20,0,26,1,7,31,56,0,0,0,0,0,0,0,7,0,0,0,0,0,39,10,128,0,0,0,54,0,0,1,342,0,0,0,0,0,0,0,0,0,0,0,0,0,0,0,0,0,0,0,0,0,0,0,4,0,0,0,0,0,136,0,0,0,0,0,110,0,17,0,14,0,70,0,63,0,0,0,81,0,193,0,0,0,49,0,2,0,12,1,110,0,0,0
0,0,0,0,0,0,0,0,0,0,0,0,0,0,0,0,0,0,0,0,0,0,0,0,0,0,0,0,0,0,0,0,0,0,0,0,0,0,0,0,0,0,0,0,3,0,0,0,7,0,0,0,0,0,0,0,0,0,0,0,0,0,0,0,0,0,0,0,0,0,0,0,4,0,0,0,69,0,41,0,14,0,9,0,0,0,9,0,15,0,0,0,45,0,32,0,0,0,5,0,12,0,195,0,21,0,12,0,2,0,2,0,1,0,0,0,0,0,1,0,0,0,0,0,0,0,0,0,0,0,0,0,0,0,0,0,0,0,0,0,0,0,0,0,0,0,0,0,0,0,0,0,0,0,0,0,0,0,0,0,0,0,0,0,21,0,0,0,88,0,1,0,0,0,0,0,0,0,0,0,2,0,0,0,0,0,0,0,22,0,0,0,0,0,7,0,0,0,0,0,0,0,0,0,0,0,0,0,0,0,1,0,152,0,75,0,71,0,22,0,0,0,40,0,28,0,0,0,17,0,0,0,0,0,2,0,0,0,2,0,3,0,0,0,1,0,0,0,0
0,0,0,0,0,0,0,0,0,0,0,0,0,0,0,0,0,0,0,0,0,0,0,0,0,0,0,0,0,0,0,0,0,0,0,0,0,1,0,0,0,0,0,2,0,7,0,0,0,1,0,0,0,0,0,0,0,0,0,0,0,0,0,0,0,0,0,0,0,0,0,0,0,1,0,0,0,26,0,4,0,4,0,0,0,0,0,8,0,22,0,1,0,4,0,0,0,0,0,4,0,3,0,46,0,0,0,1,0,18,0,19,0,2,0,2,0,4,0,0,0,0,0,0,0,0,0,0,0,0,0,0,0,0,0,0,0,0,0,0,0,0,0,0,0,0,0,0,0,0,0,0,0,0,0,0,0,0,0,0,0,0,0,0,0,23,0,0,0,12,0,0,0,0,0,0,0,1,0,0,0,0,0,0,0,0,0,0,0,0,0,0,0,0,0,0,0,0,0,0,0,1,0,0,0,0,0,1,0,0,0,20,0,125,1,25,0,65,0,14,0,0,0,62,0,22,0,0,0,46,0,0,0,0,0,0,0,0,0,0,0,0,0,1,0,0,0,0,0
0,0,0,0,0,0,0,0,0,0,0,0,0,0,0,0,8,0,0,0,26,0,0,0,0,0,0,0,12,0,51,0,40,0,14,0,32,0,5,0,10,0,11,0,5,0,0,0,0,0,78,0,1,0,1,0,0,0,0,0,3,0,5,0,1,2,0,0,0,0,0,0,306,0,245,0,26,0,145,0,0,0,0,1,3,0,35,0,0,0,0,0,0,0,5,0,0,0,0,0,0,0,0,0,7,0,0,0,0,0,0,0,0,0,0,0,0,0,0,0,56,0,8,0,13,0,22,1,10,1,10,7,23,0,0,0,21,0,15,1,69,2,22,0,65,0,16,0,9,10,76,0,16,0,1,0,3,0,0,0,2,0,50,0,0,0,13,0,25,0,66,0,39,0,43,0,0,0,0,0,20,3,0,0,0,0,0,0,0,0,0,0,0,0,0,0,0,0,0,0,0,0,0,0,0,0,36,0,33,0,0,0,0,0,0,0,0,0,0,0,4,1,12,0,7,0,0,0,19,4,0,0,0,0,0,0,2,0,0,0,3,0,0,0,1,0,0,0,0
0,0,0,0,0,5,0,1,0,0,0,0,0,0,0,0,0,0,0,0,0,6,0,0,0,0,0,0,0,6,0,0,0,5,0,0,0,6,0,0,0,0,0,0,0,0,0,0,0,0,0,8,0,0,0,0,0,0,0,0,0,1,0,0,0,26,0,0,0,0,0,0,0,130,0,171,0,7,0,41,0,1,0,2,0,0,0,27,0,0,0,0,0,0,0,0,0,0,0,0,0,0,0,0,0,0,0,0,0,0,0,0,0,0,0,0,0,0,0,0,0,6,0,35,0,60,0,50,0,0,4,44,0,24,0,25,0,0,0,10,9,20,0,28,0,145,0,36,0,55,0,0,0,30,0,0,0,10,0,2,1,4,0,33,0,0,0,1,0,11,0,11,0,12,3,74,0,0,0,0,9,57,0,0,0,4,0,0,0,0,0,0,0,0,0,0,0,0,5,0,14,0,0,6,3,0,0,0,9,9,0,0,0,0,0,0,0,0,0,0,1,4,0,2,3,5,0,23,0,27,0,0,0,0,0,12,0,0,0,20,0,1,0,3,0,8,0,0,0
0,0,0,0,0,0,0,0,0,0,0,0,0,0,0,0,0,0,0,0,2,0,0,0,0,0,10,0,0,0,7,0,4,0,0,0,0,0,0,0,0,0,3,0,0,0,0,0,0,0,9,0,0,0,0,0,0,0,0,0,0,0,0,0,0,0,0,0,4,0,306,0,0,0,237,0,58,0,67,0,0,0,5,0,18,1,16,0,0,0,0,0,1,0,0,0,0,0,0,0,0,0,1,0,4,0,0,0,0,0,0,0,0,0,0,0,0,0,0,0,85,0,21,0,22,0,60,0,16,0,7,0,39,0,49,0,32,0,4,0,62,0,61,0,73,0,35,0,0,0,97,0,12,2,0,0,0,0,2,0,0,0,90,0,3,0,0,0,13,0,11,0,5,0,4,0,0,0,0,0,26,0,0,0,0,0,0,0,0,0,3,0,7,0,0,0,6,0,18,0,24,0,0,0,0,0,74,0,79,0,1,0,1,0,0,0,2,0,0,0,6,0,15,0,0,0,0,0,28,0,1,0,0,0,2,0,3,0,31,0,19,0,4,0,0,0,0,0,0
