0,350,85,88,104,66,20,181,35,109,142,57,164,0,32,157,42,29,22,10,0,0,17,68,2,101,19,0,59,23,8,0,0,11,0,0,39,0,257,0,16,0,0,0,1,0,0,0,0,0,4,0,0,0,9,14,0,0,8,3,167,0,48,4,31,0,27,0,0,0,0,0,0,0,0,0,0,0,0,0,0,0,0,0,0,1,0,0,0,0,0,0,0,0,0,0,2,0,0,1,0,0,0,0,0,0,0,0,0,0,0,0,0,0,0,0,0,0,0,0,0,0,0,0,0,0,38,0,0,0,20,0,0,0,0,0,0,0,0,0,0,0,1,0,0,0,66,0,92,0,85,0,53,0,0,0,0,0,0,0,3,0,0,0,3,0,8,0,12,0,15,0,203,0,0,0,265,108,1,0,31,0,12,5,16,0,1,0,0,0,2,0,0,0,0,0,2,0,0,0,0,0,0,0,0,0,3,0,37,0,7,0,0,0,24,0,0,0,4,0,262,13,7,0,4,0,170,27,181,0,150,1,167,4,22,0,30,0,78,0,62,0,79,0,303,0,0,0,0
350,0,178,42,5,376,30,53,37,137,19,253,0,180,0,61,105,58,0,298,3,0,235,12,214,4,0,106,9,122,0,0,0,138,0,0,0,181,35,369,0,55,0,2,0,3,0,2,0,2,0,0,0,0,0,31,1,3,1,11,12,88,11,28,0,68,2,20,0,0,0,0,0,0,0,0,0,0,0,0,0,17,0,0,0,0,0,20,0,0,0,0,0,0,0,0,0,0,0,8,0,0,0,0,0,0,0,0,0,0,0,0,0,0,0,0,0,0,0,0,0,0,0,12,0,58,0,128,0,5,0,65,0,25,0,42,0,114,0,0,0,0,0,0,0,0,0,87,0,161,0,113,0,117,1,0,0,0,0,1,0,0,0,0,0,5,0,11,0,33,0,21,4,126,0,21,42,180,0,32,1,40,1,15,0,99,0,2,0,0,0,3,0,0,0,1,0,4,0,3,0,0,0,0,0,0,0,30,0,87,0,0,0,0,1,24,0,4,0,11,8,367,0,9,0,14,6,215,7,300,0,127,0,363,2,42,0,26,4,114,2,39,2,50,2,209,0,0,0
85,178,0,46,137,116,60,24,16,28,48,100,89,0,206,118,177,15,80,8,102,0,286,47,104,26,66,3,298,15,108,7,96,15,5,0,72,0,473,15,14,0,0,0,3,0,0,0,4,0,5,1,5,0,131,0,9,0,0,0,77,0,87,0,19,0,5,0,0,0,0,0,1,0,0,0,0,0,0,0,0,0,0,0,0,0,0,0,0,0,0,0,0,0,0,0,14,0,0,0,3,0,0,0,11,0,20,0,0,0,0,0,0,0,0,0,0,0,0,0,0,0,0,0,43,0,146,0,0,0,35,0,18,0,137,0,65,0,0,0,0,0,74,0,0,0,81,0,99,0,142,0,37,0,1,0,0,0,0,0,7,0,0,0,0,0,26,0,0,0,9,0,250,2,0,0,23,37,1,1,1,0,0,0,4,0,0,0,0,0,15,0,0,0,4,0,4,0,0,0,68,0,0,0,1,0,14,0,175,2,0,0,1,0,0,0,0,0,1,0,484,7,0,0,11,2,113,14,183,0,138,0,192,2,23,1,36,3,81,2,27,0,41,0,243,0,0,0,0
88,42,46,0,8,169,0,116,0,9,10,27,0,14,0,170,19,41,0,302,3,20,83,108,16,34,0,27,0,127,0,45,0,129,0,0,0,29,19,93,0,4,0,0,0,0,0,0,0,0,0,3,0,3,0,36,0,3,0,0,1,0,0,0,0,0,0,0,0,0,0,0,0,0,0,0,0,2,0,0,0,5,0,0,0,5,0,1,0,0,0,0,0,0,0,0,0,0,0,0,0,0,0,0,0,0,0,4,0,0,0,0,0,0,0,0,0,0,0,0,0,0,0,0,0,1,0,15,0,0,0,2,0,11,0,16,0,47,0,0,0,0,0,15,0,0,0,0,0,3,1,0,0,0,0,0,0,0,0,0,0,0,0,0,0,0,0,30,0,11,0,0,0,58,0,0,13,31,0,0,0,0,1,0,0,0,0,0,0,1,0,0,0,0,0,0,0,0,0,0,0,0,0,0,0,0,0,0,0,0,0,0,0,0,0,0,0,0,0,0,5,112,0,0,0,7,1,89,0,101,0,16,0,59,0,0,0,0,1,20,0,3,0,0,0,43,0,0,0
104,5,137,8,0,121,10,0,8,0,70,67,328,103,234,165,16,0,146,102,122,26,35,1,0,0,159,49,0,0,101,23,105,11,82,9,143,21,175,0,52,9,21,0,10,1,1,0,1,0,78,14,0,0,0,0,0,0,0,0,0,0,0,0,10,0,2,0,0,0,0,0,0,0,0,0,0,0,0,0,0,0,0,0,0,0,0,0,0,0,0,0,0,0,0,0,0,0,0,0,0,0,0,0,0,0,0,0,0,0,0,0,0,0,0,0,0,0,0,0,2,0,0,0,0,0,0,0,0,0,0,0,0,0,0,0,0,0,0,0,0,0,0,0,0,0,18,0,20,0,30,0,31,0,0,0,0,0,0,0,1,0,0,0,13,0,87,0,26,0,0,0,52,0,4,0,98,88,14,0,17,0,2,0,11,0,10,2,0,0,0,0,0,0,0,0,0,0,0,0,0,0,0,0,0,0,0,0,7,0,0,0,0,0,4,0,0,0,11,6,170,0,3,0,65,0,149,0,109,0,81,0,0,0,12,1,22,0,19,0,18,0,15,0,117,0,0,0,0
66,376,116,169,121,0,0,68,1,19,145,142,63,128,229,37,24,9,52,179,129,91,96,84,3,6,9,80,17,36,34,202,24,156,0,88,15,208,0,25,0,34,0,6,0,0,0,0,0,0,0,32,0,0,0,20,0,0,0,7,0,2,0,7,0,0,0,0,0,0,0,0,0,0,0,1,0,0,0,0,0,0,0,0,0,0,0,11,0,0,0,0,0,0,0,0,0,0,1,0,0,0,0,0,0,0,0,0,0,0,0,0,0,0,0,0,0,0,0,0,0,0,0,0,0,0,0,0,0,0,0,12,0,0,0,0,0,66,0,0,0,0,0,20,0,0,0,0,0,0,0,0,0,44,0,0,0,0,0,0,0,0,0,0,0,17,0,110,0,29,0,3,0,76,0,0,38,168,0,17,0,49,0,0,0,17,0,0,0,0,0,0,0,0,0,0,0,0,0,0,0,0,0,0,0,0,0,0,0,17,0,0,0,0,1,12,0,0,0,14,21,299,0,0,0,84,5,233,8,206,0,107,1,197,0,27,0,12,0,65,0,17,0,33,6,139,0,0,0
20,30,60,0,10,0,0,43,17,125,3,0,8,0,8,0,3,3,0,0,0,0,17,0,80,0,0,0,7,0,0,0,0,0,0,0,0,0,23,1,1,0,0,0,0,0,0,0,3,0,1,0,47,5,149,35,11,0,16,23,256,0,263,15,8,0,63,49,0,0,0,0,0,0,0,0,0,0,0,0,0,4,0,0,0,4,0,3,0,0,0,0,0,0,0,0,0,0,0,0,0,0,0,0,0,0,0,0,0,0,0,0,0,0,0,0,0,0,0,0,0,0,0,0,64,0,78,0,0,0,170,0,16,0,7,0,10,0,0,0,0,0,0,0,0,0,39,0,75,0,24,0,0,0,0,0,0,0,0,0,25,0,0,0,2,0,0,0,17,0,69,0,119,0,0,0,5,15,0,0,0,0,0,5,0,0,0,0,0,0,0,0,0,0,0,0,0,0,0,0,0,0,0,0,0,0,10,0,107,0,19,0,5,0,140,0,0,0,4,0,329,3,17,0,19,2,44,4,224,4,90,0,217,4,36,4,6,1,92,1,31,0,37,0,279,0,0,0,0
181,53,24,116,0,68,43,0,72,33,0,15,0,11,0,207,40,149,0,158,0,23,16,61,128,57,0,21,4,211,0,0,0,46,0,3,1,63,3,317,0,6,0,0,0,2,0,0,0,2,0,0,0,4,4,222,0,17,0,18,5,110,22,80,0,1,0,0,0,0,0,0,0,4,0,2,0,0,0,0,0,0,0,0,0,5,0,0,0,0,0,0,0,0,0,0,0,0,0,0,0,0,0,0,0,0,0,0,0,0,0,0,0,0,0,0,0,0,0,0,0,0,0,0,0,9,0,27,1,17,0,21,0,52,0,105,0,241,0,9,1,0,0,55,0,0,0,4,0,3,0,7,0,0,0,26,0,0,0,5,0,0,0,0,0,19,0,5,0,19,0,15,0,86,0,0,7,9,0,0,0,0,0,3,0,0,0,0,0,0,0,0,0,0,0,0,0,1,0,0,0,0,0,0,0,0,0,5,0,31,0,10,0,0,2,34,0,0,0,7,6,350,0,11,0,16,7,48,5,245,0,39,3,314,0,62,0,17,0,64,0,17,0,18,3,142,0,0,0
35,37,16,0,8,1,17,72,0,458,34,0,20,0,11,0,12,6,8,0,0,0,0,1,23,4,8,0,0,0,0,0,0,0,0,0,3,0,5,0,9,0,0,0,1,0,0,0,0,0,2,0,30,16,66,243,6,13,52,229,283,7,159,49,134,0,138,471,0,0,0,0,0,0,0,0,0,0,0,0,0,0,0,0,0,7,0,2,0,0,0,0,0,0,0,0,0,3,0,0,0,1,0,0,0,0,0,2,0,0,0,0,0,0,0,0,0,0,0,0,0,0,0,0,33,0,36,0,0,0,75,0,2,0,13,0,0,0,0,0,0,0,0,6,0,0,105,0,202,0,58,0,37,0,1,4,0,1,0,0,15,0,0,0,0,0,0,0,23,0,133,0,79,0,0,0,208,114,0,0,2,0,2,6,42,11,0,0,0,0,3,0,0,0,0,0,0,0,1,0,0,0,0,0,1,0,7,0,18,0,0,0,0,0,134,0,0,0,1,1,198,0,0,0,19,3,172,2,396,4,100,0,194,2,51,1,13,0,184,0,91,0,66,0,376,3,0,0,0
109,137,28,9,0,19,125,33,458,0,0,18,0,9,13,0,41,31,0,26,0,2,11,0,350,0,0,8,1,9,0,0,0,6,0,0,0,23,0,73,0,0,0,0,0,0,0,0,0,0,0,0,11,3,112,81,4,19,0,35,18,190,92,201,0,75,0,57,0,0,0,0,0,6,0,0,0,0,0,0,0,9,0,0,0,10,0,0,0,0,0,0,0,0,0,0,0,10,0,1,0,0,0,0,0,0,0,0,0,0,0,0,0,0,0,0,0,0,0,0,0,0,0,2,0,24,0,35,0,0,0,31,0,10,0,43,0,82,0,0,0,0,0,23,0,0,0,34,0,97,0,39,0,24,1,2,0,3,0,0,0,2,0,0,0,9,0,0,0,4,3,25,8,31,0,0,45,175,0,1,0,0,0,53,0,32,0,0,0,0,0,1,0,0,0,0,0,0,0,1,0,0,0,0,0,0,0,7,0,27,0,4,0,0,0,56,0,0,0,6,12,197,0,9,0,21,3,115,20,214,0,45,0,226,2,35,0,17,1,82,0,18,0,11,0,201,0,0,0
142,19,48,10,70,145,3,0,34,0,0,82,202,13,33,240,9,0,19,39,57,26,8,19,0,1,34,0,0,7,71,19,93,10,17,5,93,9,121,0,30,0,4,0,4,1,1,0,0,0,25,0,0,0,0,0,1,0,3,0,0,0,0,0,5,0,2,0,0,0,0,0,0,0,0,0,0,0,0,0,0,0,0,0,0,0,0,0,0,0,0,0,0,0,0,0,0,0,0,0,0,0,0,0,0,0,0,0,0,0,0,0,0,0,0,0,0,0,0,0,0,0,0,0,0,0,17,0,0,0,5,0,0,0,2,0,0,0,0,0,0,0,0,0,0,0,22,0,26,0,27,0,25,0,0,0,0,0,0,0,0,0,0,0,0,0,60,1,0,0,0,0,47,2,9,0,116,57,20,0,28,0,1,0,13,0,3,0,0,0,0,0,0,0,0,0,0,0,1,0,0,0,0,0,0,0,4,0,10,0,0,0,0,0,0,0,0,0,3,0,138,10,0,0,16,0,84,12,88,11,40,0,13,0,0,0,14,0,20,0,15,0,21,1,80,0,0,0,0
57,253,100,27,67,142,0,15,0,18,82,0,12,355,149,6,18,0,15,45,60,20,101,27,0,0,0,95,17,31,30,80,18,127,0,50,0,124,30,27,0,72,2,6,0,2,0,9,1,1,0,6,0,0,0,1,1,0,0,2,0,0,0,0,0,0,0,0,0,0,0,0,0,0,0,3,0,0,0,2,0,18,0,0,0,0,0,0,0,0,0,0,0,0,0,0,0,0,0,0,0,0,0,0,0,0,0,0,0,0,0,0,0,0,0,0,0,0,0,0,0,0,0,0,0,0,0,9,0,0,0,0,0,0,0,11,0,12,0,0,0,0,0,6,0,5,0,0,0,20,1,48,0,152,0,1,0,0,0,0,0,0,0,0,0,0,0,36,0,16,0,1,0,36,0,59,16,238,0,51,0,92,0,12,0,47,0,23,0,0,0,0,0,0,0,0,0,2,0,0,0,0,0,0,0,0,0,0,0,0,0,0,0,0,0,6,0,0,0,18,15,163,0,4,1,40,5,253,0,117,0,79,0,98,0,0,0,15,0,49,0,13,0,16,0,84,0,0,0
164,0,89,0,328,63,8,0,20,0,202,12,0,161,50,42,0,0,166,120,67,25,7,0,0,0,146,212,1,0,26,4,24,0,94,0,41,5,28,0,157,99,58,49,16,11,0,1,6,0,265,62,0,0,1,0,0,0,0,0,0,0,0,0,0,0,0,0,0,0,0,0,0,0,0,0,0,0,0,0,0,0,0,0,0,0,2,0,0,0,0,0,0,0,0,0,0,0,0,0,0,0,0,0,0,0,0,0,0,0,0,0,0,0,0,0,0,0,0,0,0,0,0,0,0,0,0,0,0,0,0,0,0,0,5,0,0,0,0,0,0,0,2,0,0,0,21,0,12,0,47,0,57,0,0,0,0,0,0,0,0,0,0,0,25,0,11,1,18,0,0,0,12,0,30,0,185,51,92,0,62,0,12,0,17,0,187,16,0,0,0,0,0,0,0,0,0,0,0,0,3,0,0,0,0,0,0,0,0,0,0,0,0,0,1,0,0,0,97,46,8,0,0,17,108,0,62,4,24,0,11,0,0,1,2,0,5,0,6,0,0,0,7,0,22,0,0,0,0
0,180,0,14,103,128,0,11,0,9,13,355,161,0,225,1,0,1,369,57,149,46,1,1,0,0,33,80,0,0,16,0,4,1,44,101,0,66,0,0,17,226,16,114,0,3,1,2,0,4,37,125,0,0,0,0,0,0,0,0,0,0,0,0,0,0,0,0,0,0,0,0,0,0,0,0,0,0,0,0,0,0,0,0,0,0,0,0,0,0,0,0,0,0,0,0,0,0,0,0,0,0,0,0,0,0,0,0,0,0,0,0,0,0,0,0,0,0,0,0,0,0,0,0,0,0,0,0,0,0,0,3,0,0,0,0,0,0,0,0,0,0,0,0,0,0,0,0,0,0,0,7,0,47,0,0,0,0,0,0,0,0,0,0,0,12,0,4,0,15,0,0,0,5,0,16,37,280,0,17,0,39,0,9,0,10,0,78,0,0,0,0,0,0,0,0,0,0,0,0,0,0,0,0,0,0,0,0,0,0,0,0,0,0,0,0,0,0,3,165,3,25,0,18,0,191,0,89,0,64,0,11,0,34,0,5,0,0,0,4,0,2,0,0,5,15,0,0,0
32,0,206,0,234,229,8,0,11,13,33,149,50,225,0,244,61,0,193,189,338,63,250,6,9,0,152,42,12,0,240,23,108,21,153,23,206,57,73,0,15,0,3,0,12,0,0,0,0,0,31,6,0,0,11,0,0,0,0,0,0,0,0,0,25,0,1,0,0,0,0,0,0,0,0,0,0,0,0,0,0,0,0,0,35,0,0,0,0,0,0,0,0,0,0,0,0,1,0,0,0,0,0,0,0,0,0,0,0,0,0,0,0,0,0,0,0,0,0,0,0,0,2,0,0,0,0,0,0,0,3,0,0,0,29,0,0,0,0,0,0,0,0,0,0,0,33,0,40,0,56,0,23,0,0,0,0,0,0,0,0,0,0,0,0,0,81,0,17,5,0,0,43,3,0,0,66,84,25,0,6,0,2,0,15,0,0,0,0,0,0,0,0,0,0,0,0,0,0,0,19,0,0,0,0,0,0,0,21,0,0,0,0,0,0,0,0,0,0,0,78,20,0,0,64,0,43,3,92,0,25,0,10,0,3,3,6,0,13,0,4,0,4,0,29,0,0,0,0
157,61,118,170,165,37,0,207,0,0,240,6,42,1,244,0,47,46,30,377,140,187,187,204,23,84,0,8,27,65,70,350,43,59,6,15,19,32,69,0,0,1,0,0,3,0,0,0,0,0,3,0,0,0,0,75,0,10,0,4,0,3,2,6,0,0,0,0,0,0,0,0,0,0,0,0,0,0,0,0,0,0,0,0,0,18,0,2,0,0,0,0,0,0,0,5,0,0,0,0,0,0,0,0,0,0,0,0,0,0,0,0,0,0,0,0,0,0,0,0,0,0,0,0,0,0,0,9,1,0,0,0,0,13,0,23,0,94,0,0,0,0,0,47,0,0,0,0,0,0,0,4,0,0,0,9,0,0,0,8,0,3,0,0,0,0,5,51,1,7,0,0,0,34,0,0,22,45,0,7,0,0,0,0,0,0,0,0,0,0,0,0,0,0,0,0,0,0,0,0,0,0,0,0,0,0,0,0,0,0,0,0,0,0,0,3,0,0,0,0,28,90,0,3,1,8,6,226,6,77,0,30,0,54,0,2,0,0,0,21,0,6,0,11,7,42,0,0,0
42,105,177,19,16,24,3,40,12,41,9,18,0,0,61,47,0,4,164,0,112,2,128,20,73,24,27,0,311,4,60,2,33,2,0,0,2,0,84,0,0,0,0,0,7,0,0,0,0,0,0,0,70,0,31,6,12,0,0,0,17,0,162,0,0,0,0,0,0,0,0,0,0,0,0,0,0,0,0,0,13,0,0,0,323,0,14,0,0,0,66,0,0,0,0,0,358,0,130,0,12,0,0,0,3,0,34,0,0,0,0,0,0,0,0,0,0,0,0,0,9,0,22,0,0,0,24,0,78,0,0,0,11,0,54,0,455,0,91,0,26,1,509,0,0,0,0,0,0,0,0,0,0,0,28,0,0,0,22,0,5,0,0,0,0,0,4,0,10,0,1,0,24,0,0,0,14,8,1,0,0,0,1,0,0,0,0,0,0,0,0,0,0,0,0,0,0,0,0,0,28,0,0,0,0,0,0,0,9,0,0,0,0,0,3,0,0,0,0,0,55,0,2,0,0,0,159,4,24,0,11,0,12,0,0,0,0,0,5,0,0,0,5,1,15,0,0,0,0
29,58,15,41,0,9,3,149,6,31,0,0,0,1,0,46,4,0,0,65,0,269,23,34,5,248,0,0,0,105,3,337,1,25,0,11,0,13,3,16,0,0,0,3,0,0,0,0,0,0,0,0,0,17,0,168,0,13,0,6,0,0,0,20,0,0,0,0,0,0,0,0,0,0,0,0,0,0,0,0,0,0,0,2,0,36,0,0,0,0,0,0,0,0,0,0,0,20,0,3,0,0,0,0,0,0,0,6,0,0,0,0,0,0,0,0,0,0,0,0,0,0,0,0,0,0,0,0,0,37,0,0,0,33,0,0,0,209,0,72,0,29,0,132,0,0,0,0,0,0,0,0,0,0,0,32,0,0,0,38,0,1,0,0,0,0,0,0,0,2,0,0,0,3,0,0,0,7,0,8,0,0,0,2,0,3,0,0,0,0,0,0,0,0,0,0,0,0,0,0,0,0,0,0,0,0,0,0,0,0,0,0,0,0,0,0,0,0,0,0,0,13,0,0,0,0,0,165,0,6,0,0,0,9,0,2,0,1,0,0,0,0,0,0,0,2,0,0,0
22,0,80,0,146,52,0,0,8,0,19,15,166,369,193,30,164,0,0,253,88,51,175,0,0,0,82,228,78,0,85,0,42,0,181,0,58,30,14,0,73,98,47,44,4,4,2,0,21,1,210,61,0,0,0,0,0,0,3,0,0,0,0,0,0,0,0,0,0,0,39,0,0,0,29,0,0,0,0,0,91,0,0,0,207,0,52,0,4,0,0,0,0,0,0,0,186,0,333,0,22,0,0,0,0,0,0,0,0,0,0,0,0,0,0,0,0,0,0,0,110,0,97,0,0,0,8,0,0,0,2,0,0,0,0,0,60,0,0,0,39,0,123,0,26,0,0,0,10,0,21,0,8,0,0,0,3,0,0,0,0,0,0,0,64,0,28,0,36,0,0,0,27,0,0,0,64,36,8,0,5,0,0,0,6,0,31,15,0,0,0,0,0,0,0,0,0,0,0,0,0,0,0,0,0,0,0,0,0,0,0,0,0,0,2,0,0,0,50,17,35,1,3,2,296,0,96,0,43,0,0,0,9,0,7,0,8,0,7,0,3,0,5,0,35,0,0,0,0
10,298,8,302,102,179,0,158,0,26,39,45,120,57,189,377,0,65,253,0,160,216,0,79,7,78,7,57,0,0,11,187,0,5,45,156,0,137,0,0,0,22,8,26,3,3,0,0,0,0,54,83,0,6,0,82,0,10,0,5,0,5,0,41,0,0,0,0,0,0,0,0,0,0,0,0,0,2,0,0,0,69,0,0,0,133,0,15,0,0,0,0,0,0,0,0,0,56,0,37,0,0,0,0,0,0,0,0,0,0,0,0,0,0,0,0,0,0,0,0,0,0,0,20,0,0,0,30,0,0,0,0,0,29,0,75,0,333,0,0,0,28,0,272,0,0,0,0,0,0,0,0,0,36,0,18,0,0,0,19,0,0,0,0,0,29,0,10,0,31,0,0,0,7,0,0,18,72,0,9,0,19,0,2,0,20,0,17,0,0,0,0,0,1,0,5,0,4,0,0,0,0,0,0,0,0,0,0,0,32,0,0,0,0,0,4,0,0,0,70,0,48,0,6,0,162,0,169,0,107,0,21,0,58,0,6,0,0,0,13,0,2,0,8,2,34,0,0,0
0,3,102,3,122,129,0,0,0,0,57,60,67,149,338,140,112,0,88,160,0,26,117,0,0,0,56,76,159,1,101,19,58,4,22,20,11,28,19,0,3,18,2,7,0,2,0,0,1,0,26,17,0,0,0,0,0,0,1,0,0,0,10,0,1,0,0,0,0,0,25,0,0,0,4,0,0,0,0,0,31,0,0,0,0,0,16,0,0,0,0,0,0,0,0,0,62,0,0,0,0,0,0,0,0,0,0,0,0,0,0,0,0,0,0,0,0,0,0,0,42,0,41,0,0,0,0,0,0,0,0,0,0,0,0,0,0,0,0,0,40,0,69,0,0,0,0,0,0,0,2,0,0,0,0,0,0,0,0,0,0,0,0,0,29,0,46,3,0,3,0,0,24,0,0,0,22,19,20,0,0,0,0,0,1,0,2,3,0,0,0,0,0,0,0,0,0,0,0,0,0,0,0,0,0,0,0,0,0,0,0,0,0,0,1,0,0,0,14,8,65,9,0,0,162,5,136,0,60,7,25,1,6,0,0,0,14,0,5,0,7,0,3,0,50,0,0,0,0
0,0,0,20,26,91,0,23,0,2,26,20,25,46,63,187,2,269,51,216,26,0,3,90,0,45,1,51,0,52,6,92,3,5,7,17,0,88,2,0,0,29,0,0,0,8,0,0,0,17,6,15,0,0,0,56,0,5,0,0,0,0,0,36,0,0,0,1,0,0,0,2,0,0,0,0,0,0,0,0,0,43,0,0,0,65,0,14,0,4,0,0,0,0,0,2,0,18,0,17,0,3,0,0,0,0,0,0,0,0,0,0,0,0,0,0,0,0,0,0,0,15,0,25,0,0,0,0,0,12,0,0,0,11,0,0,0,174,0,93,0,134,0,311,0,24,0,0,0,0,0,0,0,0,0,12,0,0,0,7,0,0,0,0,0,0,0,4,0,9,0,0,0,6,0,0,0,10,0,4,0,0,0,1,0,0,0,28,0,0,0,0,0,0,0,0,0,0,0,0,0,0,0,0,0,0,0,0,0,0,0,0,0,0,0,1,0,0,0,38,2,22,0,1,0,49,0,176,0,27,0,27,0,34,0,2,0,4,0,6,0,7,0,8,0,40,0,0,0
17,235,286,83,35,96,17,16,0,11,8,101,7,1,250,187,128,23,175,0,117,3,0,74,89,32,102,2,166,45,143,5,64,16,0,0,6,5,170,9,16,0,4,0,8,0,0,0,12,0,3,0,11,0,185,0,12,0,6,0,18,1,34,0,0,0,0,2,0,0,0,0,0,0,0,0,0,0,0,0,0,0,0,0,138,0,0,0,0,0,41,0,0,0,0,0,127,0,35,0,6,0,0,0,0,0,27,0,0,0,0,0,0,0,0,0,0,0,0,0,0,0,0,0,0,0,43,0,0,0,2,0,16,0,169,0,241,2,0,0,8,0,280,0,0,0,0,0,7,0,33,0,4,0,9,0,0,0,4,0,0,0,0,1,0,0,9,0,8,0,0,0,57,0,0,0,18,39,0,0,5,0,0,0,0,0,1,0,0,0,5,0,0,0,0,0,4,0,0,0,125,0,0,0,0,0,0,0,93,0,0,0,0,0,6,0,0,0,6,1,133,8,0,0,0,1,222,22,66,12,19,0,0,0,3,0,4,0,3,0,6,0,14,0,44,0,0,0,0
68,12,47,108,1,84,0,61,1,0,19,27,0,1,6,204,20,34,0,79,0,90,74,0,10,67,0,0,4,41,3,18,0,0,0,0,0,0,20,8,0,0,0,0,0,0,0,0,0,0,0,0,0,1,0,41,0,3,0,2,1,0,0,0,0,0,0,0,0,0,0,0,0,0,0,0,0,0,0,0,0,0,0,1,0,7,0,0,0,0,0,0,0,0,0,0,0,0,0,0,0,0,0,0,0,0,0,2,0,0,0,0,0,0,0,0,0,0,0,0,0,2,0,0,0,0,0,0,0,0,0,0,0,4,0,0,0,15,0,0,0,0,0,18,0,0,0,0,0,0,0,1,0,0,0,1,0,0,0,0,0,0,0,0,0,0,0,0,0,0,0,0,0,6,0,0,0,5,0,10,0,0,0,2,0,0,0,0,0,0,0,0,0,0,0,0,0,0,0,0,0,0,0,0,0,0,0,0,0,0,0,0,0,0,0,0,0,0,0,0,3,6,0,0,0,0,1,164,0,10,0,6,0,14,0,0,0,1,0,0,0,1,0,0,0,8,0,0,0
2,214,104,16,0,3,80,128,23,350,0,0,0,0,9,23,73,5,0,7,0,0,89,10,0,45,0,0,108,0,3,0,4,0,0,0,0,1,12,6,0,0,0,0,2,0,1,0,0,0,0,0,28,0,133,34,11,0,0,11,73,8,248,20,0,0,0,17,0,0,0,0,0,0,0,0,0,0,0,0,0,0,0,0,37,3,0,1,0,0,0,0,0,0,0,2,17,3,3,0,0,0,0,0,0,0,5,0,0,0,0,0,0,0,0,0,0,0,0,0,0,2,0,0,5,0,18,0,38,0,7,0,9,0,90,3,167,2,0,0,0,0,162,0,0,0,0,0,2,0,13,1,0,0,9,0,0,0,3,0,7,0,0,0,0,0,0,0,0,1,2,0,53,1,0,0,4,32,0,0,0,0,5,4,0,1,0,0,0,0,0,0,0,0,0,0,0,0,0,0,56,0,0,0,0,0,0,0,52,0,0,0,0,0,23,0,0,0,0,0,112,0,3,2,6,0,80,12,58,8,19,0,42,1,4,0,0,0,19,0,9,0,9,0,39,0,0,0,0
101,4,26,34,0,6,0,57,4,0,1,0,0,0,0,84,24,248,0,78,0,45,32,67,45,0,0,1,4,325,0,12,0,0,0,0,0,38,7,261,0,0,0,0,0,0,0,0,0,0,0,0,0,3,0,85,0,0,0,1,2,3,2,27,0,0,0,0,0,0,0,0,0,0,0,0,0,0,0,0,0,0,0,0,0,8,1,0,0,0,0,0,0,0,0,0,0,0,0,0,0,0,0,0,0,0,0,0,0,0,0,0,0,0,0,0,0,0,0,0,0,0,0,0,0,0,0,0,0,0,0,0,0,9,0,14,0,63,0,2,1,1,0,14,0,0,0,0,0,0,0,0,0,0,0,10,0,0,0,0,0,0,0,0,0,0,0,3,0,8,0,5,3,32,0,0,8,7,0,0,0,0,0,0,0,1,0,0,0,0,0,0,0,0,0,0,0,0,0,0,0,0,0,0,0,0,0,0,0,0,0,0,0,0,1,0,0,0,0,1,3,122,0,5,0,1,0,25,0,75,0,8,0,74,0,6,0,2,0,11,0,0,0,0,0,33,0,0,0
19,0,66,0,159,9,0,0,8,0,34,0,146,33,152,0,27,0,82,7,56,1,102,0,0,0,0,95,16,0,17,1,15,0,0,0,78,0,8,0,71,135,74,30,9,12,2,1,17,0,103,38,0,0,0,0,0,0,0,0,2,0,0,0,11,0,1,1,0,0,29,0,0,0,0,0,0,0,0,0,47,0,0,0,83,0,32,0,0,0,0,0,0,0,12,0,102,0,179,0,0,0,0,0,0,0,9,0,0,0,0,0,0,0,0,0,0,0,0,0,54,0,28,0,1,0,0,0,0,0,0,0,0,0,0,0,21,0,6,0,12,0,44,0,16,0,11,0,14,0,0,0,13,0,0,0,2,0,0,0,0,0,12,0,41,0,8,0,0,0,8,0,7,0,0,0,9,16,3,0,5,0,0,0,5,0,25,9,0,0,0,0,0,0,0,0,0,0,0,0,0,0,0,0,0,0,0,0,0,0,0,0,0,0,1,0,0,1,165,25,6,0,5,12,220,0,18,3,0,0,0,0,0,0,0,0,0,0,0,0,0,0,1,0,9,0,0,0,0
0,106,3,27,49,80,0,21,0,8,0,95,212,80,42,8,0,0,228,57,76,51,2,0,0,1,95,0,0,0,6,5,1,0,31,37,9,25,0,0,27,16,61,57,5,14,2,2,0,6,53,87,0,1,0,6,0,3,0,0,0,4,0,3,0,0,0,0,0,0,0,1,0,0,0,0,0,6,0,0,0,23,0,0,0,11,0,6,0,1,0,0,0,0,0,7,0,10,0,2,0,0,0,0,0,0,0,0,0,0,0,0,0,0,0,0,0,0,0,0,0,4,0,2,0,0,0,0,0,0,0,8,0,2,0,0,0,32,0,0,0,0,0,35,0,0,0,0,0,9,0,15,0,26,0,2,0,0,0,0,0,0,0,0,0,8,1,2,0,13,0,1,0,2,0,0,7,119,0,5,0,12,0,0,0,8,2,23,0,0,0,0,0,0,0,0,0,0,0,0,0,0,0,0,0,2,0,0,0,6,0,0,0,0,0,0,0,0,0,293,0,14,0,39,6,90,0,57,1,18,0,9,0,11,0,2,0,0,0,0,0,0,0,0,0,15,0,0,0
59,9,298,0,0,17,7,4,0,1,0,17,1,0,12,27,311,0,78,0,159,0,166,4,108,4,16,0,0,4,92,0,93,0,15,0,33,0,63,0,0,0,11,0,0,0,0,0,2,0,0,0,5,0,0,0,1,0,1,0,4,0,49,0,0,0,0,0,0,0,12,0,0,0,0,0,0,0,0,0,40,0,0,0,248,0,20,0,0,0,31,0,0,0,0,0,275,0,206,0,11,0,0,0,0,0,8,0,0,0,0,0,0,0,0,0,0,0,0,0,46,0,64,0,0,0,0,0,8,0,0,0,9,0,0,0,191,0,118,0,126,0,253,0,17,0,0,0,1,0,0,0,0,0,4,0,3,0,7,0,0,0,0,0,0,0,0,0,10,0,2,0,0,1,0,0,12,4,2,0,0,0,0,0,1,0,0,0,0,0,0,0,0,0,0,0,0,0,0,0,0,0,0,0,0,0,0,0,0,0,0,0,0,0,4,0,0,0,0,0,14,0,0,0,0,0,76,2,7,0,5,0,0,0,0,0,0,0,10,0,0,0,6,0,0,0,0,0,0
23,122,15,127,0,36,0,211,0,9,7,31,0,0,0,65,4,105,0,0,1,52,45,41,0,325,0,0,4,0,0,183,0,37,0,37,0,31,0,9,0,0,0,6,0,0,0,0,0,0,0,5,0,2,0,146,0,14,0,0,0,3,0,44,0,0,0,0,0,0,0,1,0,0,0,0,0,0,0,0,0,5,0,0,0,22,0,0,0,0,0,0,0,0,0,0,0,0,0,8,0,0,0,0,0,0,0,0,0,0,0,0,0,0,0,0,0,0,0,0,0,0,0,0,0,0,0,0,0,0,0,0,0,20,0,0,0,173,0,88,0,71,0,160,0,33,0,0,0,0,0,0,0,0,0,28,0,3,0,25,0,6,0,0,0,0,0,1,0,0,0,0,1,3,0,0,0,18,0,21,0,0,0,6,0,0,0,0,0,0,0,0,0,0,0,0,0,0,0,0,0,0,0,0,0,0,0,0,0,0,0,0,0,0,0,2,0,0,0,0,0,27,0,0,0,1,0,184,0,16,0,0,1,0,0,0,0,1,0,0,0,1,0,4,0,0,0,0,0
8,0,108,0,101,34,0,0,0,0,71,30,26,16,240,70,60,3,85,11,101,6,143,3,3,0,17,6,92,0,0,8,17,12,15,5,12,4,14,0,0,0,2,0,0,0,0,0,0,0,21,0,0,0,0,0,0,0,0,0,0,0,6,0,0,0,0,0,0,0,4,0,0,0,0,0,0,0,0,0,0,0,0,0,0,0,0,0,0,0,0,0,0,0,0,0,0,0,43,0,0,0,0,0,0,0,0,0,0,0,0,0,0,0,0,0,0,0,0,0,0,0,0,0,0,0,0,0,0,0,0,0,0,0,0,0,0,0,0,0,0,0,18,0,0,0,0,0,0,0,3,0,0,0,0,0,0,0,0,0,0,0,0,0,11,0,63,0,0,0,0,0,18,0,0,0,12,0,7,0,0,0,1,0,0,0,0,0,0,0,0,0,0,0,0,0,0,0,0,0,0,0,0,0,0,0,0,0,0,0,0,0,0,0,2,0,0,0,0,0,55,0,1,0,14,0,54,0,39,0,21,1,0,0,0,0,10,2,0,0,2,0,5,0,0,0,0,0,0
0,0,7,45,23,202,0,0,0,0,19,80,4,0,23,350,2,337,0,187,19,92,5,18,0,12,1,5,0,183,8,0,0,2,0,3,0,10,0,0,0,0,0,3,0,3,0,0,0,0,0,5,0,0,0,0,0,0,0,0,0,0,0,13,0,0,0,0,0,0,0,2,0,0,0,0,0,0,0,0,0,18,0,0,0,44,0,0,0,0,0,0,0,0,0,0,0,12,0,11,0,0,0,1,0,0,0,10,0,0,0,0,0,0,0,0,0,0,0,0,0,0,0,17,0,0,0,0,0,0,0,0,0,0,0,0,0,72,0,46,0,47,0,119,0,0,0,0,0,0,0,0,0,0,0,0,0,0,0,0,0,0,0,0,0,1,0,17,0,0,0,0,0,5,0,0,1,12,0,19,0,0,0,0,0,0,0,3,0,0,0,0,0,0,0,0,0,0,0,0,0,0,0,0,0,0,0,0,0,0,0,0,0,0,0,0,0,0,0,1,0,65,0,0,0,21,0,75,2,31,0,35,0,54,0,0,0,3,0,12,0,0,0,0,0,34,0,0,0
0,0,96,0,105,24,0,0,0,0,93,18,24,4,108,43,33,1,42,0,58,3,64,0,4,0,15,1,93,0,17,0,0,0,49,0,35,0,4,0,0,0,15,0,0,0,0,0,1,0,5,0,0,0,0,0,0,0,0,0,0,0,5,0,0,0,0,0,0,0,0,0,0,0,0,0,0,0,0,0,22,0,0,0,0,0,15,0,0,0,0,0,0,0,0,0,0,0,55,0,4,0,0,0,0,0,4,0,0,0,0,0,0,0,0,0,0,0,0,0,0,0,0,0,0,0,0,0,0,0,0,0,0,0,0,0,0,0,0,0,0,0,0,0,0,0,0,0,0,0,0,0,0,0,1,0,0,0,0,0,0,0,0,0,0,0,54,0,7,1,0,0,18,0,0,0,19,4,27,0,0,0,0,0,2,0,0,0,0,0,0,0,0,0,0,0,0,0,0,0,0,0,0,0,0,0,0,0,0,0,0,0,0,0,0,0,0,0,0,0,43,5,0,0,2,0,73,0,27,0,21,0,0,4,2,0,8,2,4,0,0,0,3,0,0,0,0,0,0
11,138,15,129,11,156,0,46,0,6,10,127,0,1,21,59,2,25,0,5,4,5,16,0,0,0,0,0,0,37,12,2,0,0,0,2,0,47,0,0,0,0,0,0,0,1,0,1,0,0,0,0,0,0,0,0,0,0,0,0,0,7,0,5,0,0,0,0,0,0,0,0,0,0,0,0,0,0,0,0,0,0,0,0,0,12,0,0,0,0,0,0,0,0,0,0,0,14,0,5,0,0,0,0,0,0,0,0,0,0,0,0,0,0,0,0,0,0,0,0,0,0,0,6,0,0,0,0,0,0,0,0,0,0,0,13,0,34,0,43,0,35,0,47,0,17,0,0,0,0,0,0,0,0,0,0,0,2,0,0,0,0,0,0,0,0,0,25,0,0,0,1,0,15,0,0,1,53,0,83,0,0,0,6,0,0,0,0,0,0,0,0,0,0,0,0,0,0,0,0,0,0,0,0,0,0,0,0,0,0,0,0,0,0,0,0,0,0,0,0,0,35,0,0,1,0,0,221,0,54,0,9,0,24,0,0,0,0,0,3,0,0,0,3,1,11,0,0,0
0,0,5,0,82,0,0,0,0,0,17,0,94,44,153,6,0,0,181,45,22,7,0,0,0,0,0,31,15,0,15,0,49,0,0,0,45,4,6,0,4,11,2,5,6,1,0,0,0,0,28,0,0,0,0,0,0,0,0,0,0,0,0,0,0,0,0,0,0,0,0,0,0,0,0,0,0,0,0,0,0,0,0,0,0,0,0,0,0,0,0,0,0,0,0,0,16,0,47,0,0,0,0,0,0,0,0,0,0,0,0,0,0,0,0,0,0,0,0,0,0,0,0,0,0,0,0,0,0,0,0,0,0,0,0,0,0,0,0,0,0,0,0,0,5,0,0,0,0,0,0,0,0,0,0,0,0,0,0,0,0,0,9,0,17,0,28,0,11,0,0,0,11,0,0,0,20,7,17,0,0,0,0,0,0,0,2,0,0,0,0,0,0,0,0,0,0,0,0,0,0,0,0,0,0,0,0,0,0,0,0,0,0,0,0,0,0,0,7,3,0,0,0,1,46,0,24,0,18,0,0,0,0,0,0,0,0,0,0,0,0,0,1,0,0,0,0,0,0
0,0,0,0,9,88,0,3,0,0,5,50,0,101,23,15,0,11,0,156,20,17,0,0,0,0,0,37,0,37,5,3,0,2,0,0,0,26,0,0,1,3,0,0,0,0,0,0,0,0,0,3,0,0,0,0,0,0,0,1,0,3,0,4,1,0,0,0,0,0,0,6,0,0,0,0,0,0,0,3,0,43,0,0,0,44,0,7,0,0,0,0,0,0,0,0,0,0,0,16,0,0,0,0,0,0,0,1,0,0,0,0,0,0,0,0,0,0,0,0,0,24,0,22,0,0,0,0,0,0,0,0,0,0,0,0,0,28,0,22,0,32,0,79,0,13,0,0,0,0,0,0,0,0,0,0,0,0,0,0,0,0,0,0,0,8,0,14,0,14,0,0,0,3,0,0,1,55,0,6,0,0,0,0,0,1,0,33,0,0,0,0,0,0,0,0,0,0,0,0,0,0,0,0,0,0,0,0,0,0,0,0,0,0,0,0,0,0,0,33,0,18,0,0,0,93,0,85,0,39,0,8,0,11,0,0,0,2,0,0,0,0,0,0,0,6,0,0,0
39,0,72,0,143,15,0,1,3,0,93,0,41,0,206,19,2,0,58,0,11,0,6,0,0,0,78,9,33,0,12,0,35,0,45,0,0,3,50,0,0,0,43,0,21,0,0,0,5,0,131,3,0,0,0,0,3,0,9,0,28,0,9,0,0,0,1,0,0,0,104,0,5,0,40,0,0,0,0,0,89,0,0,0,0,0,41,0,0,0,5,0,0,0,0,0,50,0,267,0,10,0,0,0,0,0,0,0,0,0,0,0,0,0,0,0,0,0,0,0,148,0,64,0,0,0,0,0,0,0,0,0,0,0,1,0,0,0,63,0,64,0,57,0,94,0,0,0,0,0,0,0,5,0,0,0,28,0,1,0,0,0,53,0,15,0,47,1,0,0,42,0,60,0,0,0,30,15,7,0,1,0,0,0,2,0,0,0,0,0,0,0,0,0,0,0,0,0,0,0,0,0,0,0,0,0,0,0,0,0,0,0,0,0,0,0,0,0,0,3,28,0,2,0,13,0,35,1,40,0,11,0,0,0,2,0,0,0,3,0,1,0,0,0,14,0,0,0,0
0,181,0,29,21,208,0,63,0,23,9,124,5,66,57,32,0,13,30,137,28,88,5,0,1,38,0,25,0,31,4,10,0,47,4,26,3,0,2,13,2,2,1,34,0,10,0,0,0,3,6,52,0,0,0,6,0,3,0,3,0,23,0,16,0,0,0,1,0,0,0,12,0,2,0,4,0,0,0,0,0,74,0,0,0,74,0,27,0,0,0,0,0,0,0,0,0,21,0,18,0,4,0,0,0,0,0,0,0,0,0,0,0,0,0,0,0,0,0,0,0,65,0,105,0,0,0,0,0,3,0,0,0,2,0,0,0,66,0,132,0,238,0,225,0,120,0,0,0,0,0,0,0,0,0,2,0,25,0,6,0,4,0,0,0,13,0,31,0,15,0,4,0,27,0,0,5,92,0,25,0,1,0,21,0,0,0,74,0,2,0,0,0,0,0,0,0,0,0,0,0,0,0,0,0,0,0,0,0,0,0,0,0,0,0,3,0,0,0,14,0,46,1,2,0,95,1,237,0,142,0,0,0,18,0,5,0,0,0,0,0,0,0,1,0,18,0,0,0
257,35,473,19,175,0,23,3,5,0,121,30,28,0,73,69,84,3,14,0,19,2,170,20,12,7,8,0,63,0,14,0,4,0,6,0,50,2,0,0,2,0,5,0,0,0,0,0,0,0,0,0,0,0,0,0,0,0,0,0,18,0,25,0,0,0,0,1,0,0,68,0,0,0,28,0,0,0,0,0,94,0,0,0,170,0,48,0,0,0,19,0,0,0,0,0,125,0,305,0,15,0,0,0,0,0,0,0,0,0,0,0,0,0,0,0,0,0,0,0,146,0,92,0,0,0,6,0,0,0,0,0,0,0,0,0,74,0,84,0,137,0,137,0,93,0,0,0,0,0,0,0,0,0,3,0,22,0,3,0,1,0,13,0,1,0,13,0,4,0,25,0,26,0,0,0,61,18,20,0,5,0,0,0,1,0,0,0,0,0,0,0,0,0,0,0,0,0,0,0,0,0,0,0,0,0,0,0,2,0,0,0,0,0,0,0,0,0,0,0,39,3,0,0,0,0,203,6,11,0,4,0,14,5,0,0,3,0,13,1,6,0,5,0,28,0,0,0,0
0,369,15,93,0,25,1,317,0,73,0,27,0,0,0,0,0,16,0,0,0,0,9,8,6,261,0,0,0,9,0,0,0,0,0,0,0,13,0,0,0,0,0,0,0,0,0,0,0,0,0,1,0,0,1,45,0,4,0,6,0,26,0,21,1,0,0,0,0,0,0,0,0,0,0,0,0,0,0,0,0,5,0,0,0,15,0,0,0,0,0,0,0,0,0,0,0,0,0,2,0,0,0,0,0,0,0,0,0,0,0,0,0,0,0,0,0,0,0,0,0,0,0,0,0,0,0,0,0,0,0,0,0,0,0,0,0,98,0,131,0,100,0,81,0,33,0,0,0,0,0,0,0,0,0,8,0,11,0,7,0,0,0,0,0,0,0,10,0,0,0,0,0,15,0,0,0,36,0,40,0,0,1,41,0,5,0,0,0,0,0,0,0,0,0,0,0,0,0,0,0,0,0,0,0,0,0,0,0,0,0,0,0,0,0,4,0,0,0,0,0,9,0,0,0,0,0,234,0,10,0,8,0,18,0,0,0,0,0,0,0,0,0,0,0,7,0,0,0
16,0,14,0,52,0,1,0,9,0,30,0,157,17,15,0,0,0,73,0,3,0,16,0,0,0,71,27,0,0,0,0,0,0,4,1,0,2,2,0,0,204,6,12,2,9,3,1,89,4,0,13,0,0,1,0,0,0,0,0,0,0,0,0,5,0,0,0,0,0,0,0,0,0,0,0,0,0,0,0,0,0,0,0,0,0,0,0,0,0,0,0,0,0,1,0,2,0,0,0,0,0,0,0,0,0,0,0,0,0,0,0,0,0,0,0,0,0,0,0,0,0,0,1,2,0,0,0,0,0,0,0,0,0,0,0,0,0,1,0,0,0,6,0,0,0,6,0,0,0,11,0,7,0,0,0,0,0,0,0,0,0,0,0,3,1,0,0,0,0,0,0,2,0,1,0,6,7,7,0,2,0,2,0,3,0,50,6,0,0,0,0,0,0,0,0,0,0,0,0,3,0,0,0,0,0,0,0,0,0,0,0,0,0,0,0,0,0,286,28,2,0,47,100,2,0,1,0,0,0,0,0,0,0,0,0,0,0,0,0,0,0,0,0,0,0,0,0,0
0,55,0,4,9,34,0,6,0,0,0,72,99,226,0,1,0,0,98,22,18,29,0,0,0,0,135,16,0,0,0,0,0,0,11,3,0,2,0,0,204,0,118,47,29,26,14,5,1,93,39,11,0,0,0,3,0,0,0,1,0,0,0,0,0,0,0,0,0,5,0,0,0,0,0,0,0,0,0,0,0,0,0,1,0,5,0,0,0,1,0,0,0,1,0,12,0,0,0,1,0,1,0,2,0,0,0,0,0,0,0,0,0,0,0,0,0,0,0,0,0,1,0,0,0,0,0,0,0,0,0,0,0,0,0,0,0,0,0,0,0,1,0,6,0,1,0,0,0,0,0,0,0,11,0,0,0,0,0,0,0,0,0,0,2,19,0,0,0,7,0,0,0,0,0,0,1,88,0,9,0,15,0,0,0,0,0,20,0,0,0,0,0,0,0,0,0,0,0,0,0,0,0,0,0,0,0,0,0,0,0,0,0,0,0,0,0,0,71,230,0,0,2,237,0,11,0,0,0,0,1,0,0,2,0,0,0,0,0,0,0,0,0,0,0,0,0,0,0
0,0,0,0,21,0,0,0,0,0,4,2,58,16,3,0,0,0,47,8,2,0,4,0,0,0,74,61,11,0,2,0,15,0,2,0,43,1,5,0,6,118,0,21,39,9,3,0,10,0,16,25,0,0,0,0,0,0,0,0,2,0,0,0,0,0,0,0,0,0,7,0,2,0,3,0,0,0,0,0,0,0,3,0,6,0,0,0,0,0,0,0,0,0,3,0,7,0,12,0,0,0,1,0,0,0,0,0,0,0,0,0,0,0,0,0,0,0,0,0,4,0,1,0,0,0,0,0,0,0,0,0,0,0,0,0,2,0,0,0,2,0,3,0,0,0,0,0,1,0,3,0,0,0,0,0,0,0,0,0,1,0,8,0,13,0,14,0,7,0,3,0,5,0,2,0,13,12,7,0,2,0,1,0,0,0,24,2,0,0,0,0,4,0,0,0,0,0,0,0,0,0,0,0,0,0,0,0,1,0,0,0,0,0,1,0,0,0,89,27,1,0,5,17,35,0,3,0,32,0,0,0,3,0,5,0,0,0,1,0,0,0,0,0,4,0,0,0,0
0,2,0,0,0,6,0,0,0,0,0,6,49,114,0,0,0,3,44,26,7,0,0,0,0,0,30,57,0,6,0,3,0,0,5,0,0,34,0,0,12,47,21,0,2,13,0,1,0,34,17,27,0,0,0,0,0,1,0,0,0,0,0,0,0,0,0,0,0,0,0,15,0,0,0,4,0,1,0,0,0,19,0,0,0,18,0,7,0,0,0,0,0,0,0,0,0,0,0,5,0,0,0,1,0,0,0,0,0,0,0,0,0,0,0,0,0,0,0,0,0,0,0,11,0,0,0,0,0,0,0,0,0,0,0,0,0,10,0,5,0,9,0,20,0,12,0,0,0,0,0,0,0,1,0,0,0,0,0,0,0,0,0,4,0,9,0,2,0,15,0,1,0,0,0,0,0,113,0,0,0,0,0,0,0,0,0,138,0,0,0,0,0,0,0,0,0,0,0,0,0,0,0,0,0,0,0,0,0,0,0,0,0,0,0,0,0,0,0,32,0,11,0,6,0,27,0,20,0,22,0,0,0,0,0,3,0,0,0,0,0,0,0,1,0,0,0,0,0
1,0,3,0,10,0,0,0,1,0,4,0,16,0,12,3,7,0,4,3,0,0,8,0,2,0,9,5,0,0,0,0,0,0,6,0,21,0,0,0,2,29,39,2,0,0,4,1,48,1,15,2,0,0,0,0,0,0,2,0,0,0,1,0,0,0,1,0,5,0,20,0,2,0,0,0,0,0,0,0,12,0,15,0,16,0,14,0,0,0,4,0,5,0,13,0,26,0,63,0,5,0,11,0,0,0,0,0,0,0,0,0,0,0,0,0,0,0,0,0,25,0,0,0,0,0,0,0,0,0,0,0,0,0,0,0,2,0,0,0,0,0,0,0,0,0,0,0,0,0,0,0,2,0,0,0,0,0,0,0,0,0,10,0,153,0,5,0,13,1,7,0,2,0,0,0,5,2,2,0,0,0,0,0,1,0,6,0,7,0,0,0,0,0,5,0,0,0,0,0,4,0,0,0,0,0,0,0,0,0,0,0,0,0,0,0,3,0,249,6,5,1,70,15,104,0,2,0,10,0,0,0,0,0,0,0,0,0,1,0,0,0,0,0,0,0,0,0,0
0,3,0,0,1,0,0,2,0,0,1,2,11,3,0,0,0,0,4,3,2,8,0,0,0,0,12,14,0,0,0,3,0,1,1,0,0,10,0,0,9,26,9,13,0,0,0,2,0,86,4,19,0,0,0,2,0,1,0,0,0,0,0,1,0,0,0,0,0,6,0,1,0,0,0,0,0,10,0,0,0,26,0,16,0,12,0,10,0,14,0,1,0,0,0,35,0,4,0,8,0,0,0,8,0,3,0,2,0,0,0,0,0,0,0,0,0,0,0,0,0,0,0,4,0,0,0,0,0,0,0,0,0,2,0,3,0,5,0,0,0,0,0,17,0,3,0,0,1,4,0,0,0,0,0,0,0,0,0,0,0,0,0,0,0,77,0,1,0,87,0,2,0,1,0,3,0,43,0,0,0,3,0,0,1,0,0,14,0,0,0,0,0,0,0,0,0,0,0,0,0,0,0,0,0,0,0,0,0,0,0,0,0,0,0,1,0,11,2,164,0,9,0,174,0,42,0,8,0,43,0,0,0,5,0,8,0,2,0,0,0,3,0,0,0,0,0,0,0
0,0,0,0,1,0,0,0,0,0,1,0,0,1,0,0,0,0,2,0,0,0,0,0,1,0,2,2,0,0,0,0,0,0,0,0,0,0,0,0,3,14,3,0,4,0,0,0,10,1,0,0,0,0,1,0,0,0,0,0,0,0,0,0,0,0,0,0,0,0,0,0,0,0,0,0,0,0,0,0,0,0,2,0,1,0,1,0,0,0,0,0,0,0,0,0,1,0,2,0,0,0,0,0,0,0,0,0,0,0,0,0,0,0,0,0,0,0,0,0,0,0,0,0,0,0,0,0,0,0,0,0,0,0,0,0,0,0,0,0,0,0,0,0,0,0,0,0,0,0,0,0,0,0,0,0,0,0,0,0,0,0,0,0,12,0,0,0,0,0,0,0,0,0,0,0,0,1,0,0,0,0,0,0,0,0,1,0,0,0,0,0,0,0,0,0,0,0,0,0,0,0,0,0,0,0,0,0,0,0,0,0,0,0,0,0,0,0,101,4,0,0,14,13,3,0,0,0,1,0,0,0,0,0,0,0,0,0,0,0,0,0,0,0,0,0,0,0,0
0,2,0,0,0,0,0,0,0,0,0,9,1,2,0,0,0,0,0,0,0,0,0,0,0,0,1,2,0,0,0,0,0,1,0,0,0,0,0,0,1,5,0,1,1,2,0,0,0,2,0,0,0,0,0,0,0,0,0,0,0,0,0,0,0,0,0,0,0,0,0,0,0,0,0,0,0,0,0,0,0,0,0,0,0,0,0,0,0,1,0,0,0,0,0,0,0,0,0,0,0,0,0,0,0,0,0,0,0,0,0,0,0,0,0,0,0,0,0,0,0,0,0,0,0,0,0,0,0,0,0,0,0,0,0,0,0,0,0,0,0,0,0,0,0,0,0,0,0,0,0,2,0,2,0,0,0,0,0,0,0,0,0,0,0,1,0,0,0,0,0,0,0,0,0,0,0,4,0,0,0,1,0,0,0,0,0,0,0,0,0,0,0,0,0,0,0,0,0,0,0,0,0,0,0,0,0,0,0,0,0,0,0,0,0,0,0,0,3,0,0,0,0,21,0,0,0,0,0,0,0,0,0,0,0,0,0,0,0,0,0,0,0,0,0,0,0,0,0
0,0,4,0,1,0,3,0,0,0,0,1,6,0,0,0,0,0,21,0,1,0,12,0,0,0,17,0,2,0,0,0,1,0,0,0,5,0,0,0,89,1,10,0,48,0,10,0,0,1,4,0,0,0,0,0,9,0,2,0,0,0,0,0,0,0,0,0,2,0,0,0,0,0,0,0,0,0,0,0,1,0,5,0,3,0,0,0,4,0,0,0,1,0,9,0,6,0,0,0,1,0,9,0,3,0,0,0,0,0,0,0,0,0,0,0,0,0,0,0,0,0,0,0,0,0,0,0,0,0,0,0,0,0,0,0,0,0,0,0,0,0,0,0,0,0,0,0,0,0,0,0,4,0,0,0,0,0,0,0,2,0,0,0,8,0,11,0,5,0,0,0,0,0,3,0,13,0,5,0,0,0,1,0,3,0,17,0,0,0,0,0,6,0,0,0,0,0,0,0,4,0,0,0,0,0,0,0,0,0,0,0,6,1,6,0,9,0,72,0,10,0,132,6,7,0,1,0,14,0,0,0,0,0,2,0,0,0,1,0,0,0,0,0,2,0,0,0,0
0,2,0,0,0,0,0,2,0,0,0,1,0,4,0,0,0,0,1,0,0,17,0,0,0,0,0,6,0,0,0,0,0,0,0,0,0,3,0,0,4,93,0,34,1,86,1,2,1,0,0,5,0,0,0,1,0,0,0,0,0,0,0,0,0,0,0,0,0,12,0,0,0,0,0,0,0,5,0,0,0,12,0,2,0,14,0,0,0,0,0,0,0,0,0,13,0,3,0,2,0,0,0,6,0,0,0,0,0,0,0,0,0,0,0,0,0,0,0,0,0,0,0,7,0,0,0,0,0,0,0,0,0,0,0,0,0,5,0,0,0,4,0,17,0,2,0,0,0,0,0,0,0,0,0,0,0,0,0,0,0,2,0,0,0,7,0,0,0,2,0,0,0,0,0,0,0,22,0,2,0,0,0,0,0,0,1,11,0,0,0,0,0,0,0,0,0,0,0,0,0,0,0,0,0,0,0,0,0,0,0,0,0,1,0,0,0,1,15,27,0,7,4,136,0,3,0,4,0,5,0,6,0,4,0,1,0,1,0,1,0,0,0,0,0,8,0,0,0
4,0,5,0,78,0,1,0,2,0,25,0,265,37,31,3,0,0,210,54,26,6,3,0,0,0,103,53,0,0,21,0,5,0,28,0,131,6,0,0,0,39,16,17,15,4,0,0,4,0,0,22,0,0,0,0,0,0,4,0,0,0,0,0,0,0,0,0,0,0,18,0,2,0,8,0,0,0,0,0,11,0,0,0,0,0,8,0,0,0,0,0,0,0,0,0,0,0,47,0,0,0,4,0,0,0,0,0,1,0,0,0,0,0,0,0,0,0,0,0,15,0,0,0,0,0,0,0,0,0,2,0,0,0,0,0,0,0,0,0,0,0,0,0,0,0,0,0,0,0,0,0,0,0,0,0,0,0,0,0,0,0,13,0,56,1,45,0,49,0,7,0,25,0,2,0,21,4,23,0,2,0,2,0,3,0,21,2,0,0,0,0,7,0,0,0,0,0,0,0,0,1,0,0,0,0,0,0,0,0,0,0,0,0,1,0,0,0,40,10,14,0,5,0,99,0,11,0,59,0,7,0,0,0,13,0,0,0,11,0,1,0,2,0,18,0,0,0,0
0,0,1,3,14,32,0,0,0,0,0,6,62,125,6,0,0,0,61,83,17,15,0,0,0,0,38,87,0,5,0,5,0,0,0,3,3,52,0,1,13,11,25,27,2,19,0,0,0,5,22,0,0,0,0,6,0,4,0,2,0,0,0,2,0,0,0,0,0,0,0,16,0,4,0,3,0,0,0,6,0,48,0,0,0,16,0,11,0,0,0,2,0,0,0,0,0,6,0,11,0,1,0,0,0,0,0,0,0,0,0,0,0,0,0,0,0,0,0,0,0,33,0,27,0,0,0,0,0,1,0,0,0,0,0,0,0,7,0,0,0,9,0,33,0,25,0,0,0,1,0,0,0,0,0,1,0,0,0,0,0,4,0,6,0,0,0,3,0,13,0,3,0,7,0,0,0,119,0,0,0,0,0,0,0,0,0,59,0,0,0,0,0,0,0,0,0,0,0,0,0,0,0,0,0,0,0,0,1,0,0,0,0,0,0,2,0,2,1,17,0,38,0,1,0,50,0,8,0,52,0,8,0,9,0,14,0,1,0,2,0,3,0,0,0,12,0,0,0
0,0,5,0,0,0,47,0,30,11,0,0,0,0,0,0,70,0,0,0,0,0,11,0,28,0,0,0,5,0,0,0,0,0,0,0,0,0,0,0,0,0,0,0,0,0,0,0,0,0,0,0,0,4,94,21,124,16,7,65,18,0,72,3,1,10,2,148,0,0,0,0,0,0,0,0,0,0,0,0,0,0,0,0,8,0,0,0,0,0,0,0,0,0,0,0,0,1,0,0,0,0,0,0,0,0,0,0,0,0,0,0,0,0,0,0,0,0,0,0,0,0,0,0,0,0,8,0,124,0,8,0,14,0,18,0,196,0,196,0,35,0,64,0,29,0,0,0,0,0,0,0,0,0,267,7,32,2,85,2,33,2,6,0,0,0,0,0,7,0,64,0,0,0,0,0,5,0,0,0,0,0,0,0,6,9,0,0,0,0,0,0,0,0,0,0,0,0,0,0,0,0,0,0,0,0,0,0,19,0,0,0,5,0,30,0,0,0,0,0,40,0,0,0,5,1,327,1,182,0,0,0,21,1,9,1,0,0,13,0,0,0,1,0,36,0,0,0,0
0,0,0,3,0,0,5,4,16,3,0,0,0,0,0,0,0,17,0,6,0,0,0,1,0,3,0,1,0,2,0,0,0,0,0,0,0,0,0,0,0,0,0,0,0,0,0,0,0,0,0,0,4,0,8,57,2,126,19,6,0,48,3,132,0,0,17,55,0,0,0,0,0,0,0,0,0,0,0,0,0,3,0,0,0,13,0,1,0,0,0,0,0,0,0,2,0,6,0,3,0,0,0,0,0,0,0,0,0,0,0,0,0,0,0,0,0,0,0,0,0,0,0,3,0,0,1,3,0,62,0,0,0,34,0,11,0,110,0,122,0,27,0,48,0,26,0,0,0,0,0,0,0,0,0,171,0,42,0,74,1,8,0,0,0,0,0,0,0,0,0,0,0,0,0,1,0,5,0,0,0,0,0,0,1,15,0,0,0,0,0,0,0,0,0,0,0,0,0,0,0,0,0,0,0,0,0,0,0,3,0,0,0,0,0,8,0,0,0,0,1,5,0,0,0,0,1,88,0,6,0,0,1,11,0,2,0,0,0,1,0,0,0,0,0,4,0,0,0
9,0,131,0,0,0,149,4,66,112,0,0,1,0,11,0,31,0,0,0,0,0,185,0,133,0,0,0,0,0,0,0,0,0,0,0,0,0,0,1,1,0,0,0,0,0,1,0,0,0,0,0,94,8,0,80,82,16,23,112,41,5,30,26,5,4,92,335,0,0,0,0,0,0,0,0,0,0,0,0,0,3,0,0,0,1,0,0,0,1,1,0,0,0,0,0,0,1,0,0,0,2,0,0,0,0,1,0,0,0,0,0,0,0,0,0,0,0,0,0,0,0,0,0,16,0,30,0,44,0,50,0,17,0,25,0,61,0,0,0,2,0,17,2,3,0,0,0,12,0,0,0,1,0,30,5,4,0,5,0,84,0,0,0,2,0,0,0,16,0,87,1,5,0,0,0,6,12,0,0,0,0,0,0,0,20,0,0,0,0,1,0,0,0,0,0,0,0,0,0,0,0,0,0,0,0,0,0,71,0,41,0,12,0,179,1,0,0,0,0,220,3,31,0,12,0,259,1,432,0,16,0,109,2,53,3,7,0,134,0,13,0,8,0,275,0,0,0,0
14,31,0,36,0,20,35,222,243,81,0,1,0,0,0,75,6,168,0,82,0,56,0,41,34,85,0,6,0,146,0,0,0,0,0,0,0,6,0,45,0,3,0,0,0,2,0,0,0,1,0,6,21,57,80,0,7,96,12,91,3,65,22,274,1,0,27,34,0,0,0,0,0,0,0,0,0,0,0,1,0,0,0,0,0,8,0,0,0,0,0,0,0,0,0,0,0,0,0,0,0,0,0,0,0,0,0,0,0,0,0,0,0,0,0,0,0,0,0,0,0,0,0,0,0,3,0,14,0,38,0,9,0,37,0,27,0,143,0,22,0,3,0,32,0,10,0,0,0,0,0,0,0,0,0,54,0,4,1,19,3,14,0,1,0,11,0,0,0,25,1,56,0,64,0,0,4,5,0,0,0,0,0,1,0,0,0,0,0,0,0,0,0,0,0,0,0,0,0,0,2,0,0,0,0,0,0,0,0,18,0,24,0,15,0,185,0,0,0,11,0,457,2,53,0,48,3,149,6,497,0,19,0,274,0,43,0,11,0,44,0,9,0,3,0,132,0,0,0
0,1,9,0,0,0,11,0,6,4,1,1,0,0,0,0,12,0,0,0,0,0,12,0,11,0,0,0,1,0,0,0,0,0,0,0,3,0,0,0,0,0,0,0,0,0,0,0,9,0,0,0,124,2,82,7,0,10,165,32,5,1,6,3,3,18,18,61,0,0,0,0,0,0,0,0,0,0,0,0,0,0,0,0,0,0,0,0,0,0,0,0,0,0,0,0,0,0,0,0,0,0,0,0,0,0,0,0,0,0,0,0,0,0,1,0,0,0,0,0,0,0,0,0,28,0,19,0,24,0,93,0,10,0,2,0,0,0,1,0,0,0,0,0,7,2,2,0,5,0,2,0,0,0,46,11,29,5,10,5,113,0,27,0,0,0,2,0,36,0,77,0,5,0,0,0,1,0,0,0,0,1,0,0,0,10,0,0,0,0,0,0,0,0,0,0,0,0,0,0,2,0,0,0,0,0,2,0,19,0,50,0,33,0,412,0,0,0,0,0,270,4,86,0,41,0,57,3,797,1,10,0,212,2,199,1,11,0,190,0,21,0,11,0,363,0,0,0,0
0,3,0,3,0,0,0,17,13,19,0,0,0,0,0,10,0,13,0,10,0,5,0,3,0,0,0,3,0,14,0,0,0,0,0,0,0,3,0,4,0,0,0,1,0,1,0,0,0,0,0,4,16,126,16,96,10,0,33,72,0,20,0,98,0,0,54,51,0,0,0,0,0,0,0,0,0,0,0,0,0,0,0,0,0,0,0,0,0,0,0,0,0,0,0,0,0,1,0,0,0,0,0,0,0,0,0,0,0,0,0,0,0,0,0,0,0,0,0,0,0,0,0,0,0,17,0,12,0,53,0,81,0,40,0,6,0,23,0,0,0,2,0,4,0,0,0,0,2,2,0,0,0,0,7,151,0,16,0,165,2,52,0,0,0,8,0,0,0,22,0,66,0,11,0,0,0,0,0,0,0,0,0,0,0,0,0,0,0,0,0,0,0,0,0,0,0,0,0,0,0,0,0,0,0,0,0,0,0,6,0,18,0,20,0,318,0,0,0,13,0,398,0,92,2,40,6,67,0,738,0,0,0,231,2,134,0,6,0,17,0,1,0,0,1,131,0,0,0
8,1,0,0,0,0,16,0,52,0,3,0,0,0,0,0,0,0,3,0,1,0,6,0,0,0,0,0,1,0,0,0,0,0,0,0,9,0,0,0,0,0,0,0,2,0,0,0,2,0,4,0,7,19,23,12,165,33,0,118,24,0,0,4,58,35,159,236,0,0,0,0,0,0,0,0,0,0,2,1,0,0,2,0,0,0,0,0,0,0,0,0,0,0,0,0,0,0,0,0,0,0,0,0,0,0,0,0,0,0,0,0,0,0,0,0,0,0,0,0,0,0,0,0,4,0,0,0,0,0,35,0,0,0,0,0,0,0,2,4,0,0,0,0,17,3,4,0,11,0,0,0,0,0,8,53,29,14,0,11,13,8,0,0,0,0,5,0,9,0,45,0,0,0,4,5,59,0,0,0,13,15,0,0,10,62,0,0,0,0,0,0,0,0,0,0,0,0,0,0,0,0,0,0,0,0,2,0,0,0,38,0,31,0,354,1,0,0,4,0,231,6,54,0,16,2,93,3,353,0,10,0,213,1,204,3,5,0,239,0,30,0,31,0,409,3,0,0,0
3,11,0,0,0,7,23,18,229,35,0,2,0,0,0,4,0,6,0,5,0,0,0,2,11,1,0,0,0,0,0,0,0,0,0,1,0,3,0,6,0,1,0,0,0,0,0,0,0,0,0,2,65,6,112,91,32,72,118,0,0,67,22,74,25,46,141,59,0,0,0,0,0,0,0,0,0,0,0,0,0,0,0,0,0,0,0,0,0,0,0,0,0,0,0,0,0,0,0,0,0,0,0,0,0,0,0,0,0,0,0,0,0,0,0,0,0,0,0,0,0,0,0,0,0,47,0,56,0,16,0,93,0,36,0,0,0,24,2,0,0,0,0,0,5,5,0,4,0,16,0,4,0,0,26,15,5,25,13,11,0,15,0,0,0,6,0,0,0,11,4,18,0,14,1,0,18,12,0,1,3,4,0,0,0,54,0,0,0,0,0,0,0,0,0,0,0,0,0,0,0,0,0,0,0,0,1,0,0,22,0,16,0,16,0,493,0,0,0,26,0,532,0,82,0,52,5,199,16,571,1,26,3,516,1,364,0,18,5,89,0,14,0,16,3,410,0,0,0
167,12,77,1,0,0,256,5,283,18,0,0,0,0,0,0,17,0,0,0,0,0,18,1,73,2,2,0,4,0,0,0,0,0,0,0,28,0,18,0,0,0,2,0,0,0,0,0,0,0,0,0,18,0,41,3,5,0,24,0,0,0,32,0,4,0,8,6,0,0,6,0,0,0,4,0,0,0,0,0,0,0,0,0,0,0,3,0,0,0,0,0,0,0,0,0,0,0,0,0,0,0,0,0,0,0,0,0,0,0,0,0,0,0,0,0,0,0,0,0,6,0,8,0,0,0,0,0,4,0,0,0,0,0,0,0,12,0,141,0,70,0,27,0,218,0,0,0,0,0,0,0,0,0,40,0,63,0,36,0,0,0,3,0,0,0,0,0,4,0,122,0,106,0,0,0,18,0,0,0,0,0,1,0,0,0,0,0,0,0,0,0,0,0,0,0,0,0,0,0,0,0,0,0,0,0,0,0,0,0,0,0,0,0,0,0,0,0,0,0,33,0,0,0,0,0,267,0,64,0,3,0,7,0,1,0,0,0,2,0,1,0,0,0,6,0,0,0,0
0,88,0,0,0,2,0,110,7,190,0,0,0,0,0,3,0,0,0,5,0,0,1,0,8,3,0,4,0,3,0,0,0,7,0,3,0,23,0,26,0,0,0,0,0,0,0,0,0,0,0,0,0,48,5,65,1,20,0,67,0,0,0,23,0,2,1,184,0,0,0,2,0,5,0,0,0,0,0,0,0,0,0,0,0,3,0,0,0,0,0,0,0,0,0,0,0,0,0,0,0,0,0,0,0,0,0,0,0,0,0,0,0,0,0,0,0,0,0,0,0,2,0,12,0,0,0,0,0,4,0,1,0,0,0,0,0,0,0,88,0,55,0,13,0,174,0,0,0,0,0,0,0,0,0,9,0,104,0,17,0,0,0,1,0,0,0,1,0,2,0,28,0,20,0,0,3,28,0,2,0,3,0,9,0,64,0,0,0,0,0,0,0,0,0,0,0,0,0,0,0,0,0,0,0,0,0,0,0,0,0,0,0,0,0,1,0,0,0,0,0,8,0,0,0,0,0,146,0,40,0,0,0,1,0,0,0,0,0,1,0,0,0,0,0,0,0,0,0
48,11,87,0,0,0,263,22,159,92,0,0,0,0,0,2,162,0,0,0,10,0,34,0,248,2,0,0,49,0,6,0,5,0,0,0,9,0,25,0,0,0,0,0,1,0,0,0,0,0,0,0,72,3,30,22,6,0,0,22,32,0,0,5,0,0,0,24,0,0,5,0,0,0,0,0,0,0,0,0,0,2,0,0,0,0,0,1,0,0,0,0,0,0,0,0,13,0,9,0,0,0,0,0,0,0,0,0,0,0,0,0,0,0,0,0,0,0,0,0,4,0,10,0,0,0,0,0,16,0,0,0,0,0,2,0,113,0,172,0,86,0,59,0,29,0,0,0,0,0,0,0,0,0,75,2,26,0,23,0,2,0,0,0,0,0,0,0,0,0,0,0,7,0,0,0,4,0,0,0,0,0,7,0,0,0,0,0,0,0,0,0,0,0,0,0,0,0,0,0,2,0,0,0,0,0,0,0,0,0,0,0,0,0,3,0,0,0,0,0,2,0,0,0,0,0,265,0,3,0,0,0,2,0,0,0,0,0,1,0,1,0,0,0,0,0,0,0,0
4,28,0,0,0,7,15,80,49,201,0,0,0,0,0,6,0,20,0,41,0,36,0,0,20,27,0,3,0,44,0,13,0,5,0,4,0,16,0,21,0,0,0,0,0,1,0,0,0,0,0,2,3,132,26,274,3,98,4,74,0,23,5,0,0,0,2,177,0,0,0,0,0,2,0,0,0,0,0,0,0,0,0,0,0,0,0,1,0,0,0,0,0,0,0,0,0,0,0,1,0,0,0,0,0,0,0,0,0,0,0,0,0,0,0,0,0,0,0,0,0,0,0,0,2,0,0,0,0,23,1,4,0,12,0,0,0,59,0,180,0,47,0,39,0,93,0,0,0,0,0,0,0,0,0,136,0,26,0,68,1,8,0,0,0,0,0,0,0,0,0,1,0,4,0,0,0,31,0,0,0,0,0,13,0,55,0,0,0,0,0,0,0,0,0,0,0,0,0,0,0,0,0,0,0,0,0,0,0,0,0,0,0,0,0,0,0,0,0,0,0,4,0,0,0,3,0,208,0,1,0,1,0,6,0,0,0,0,0,0,0,0,0,1,0,3,0,0,0
31,0,19,0,10,0,8,0,134,0,5,0,0,0,25,0,0,0,0,0,1,0,0,0,0,0,11,0,0,0,0,0,0,0,0,1,0,0,0,1,5,0,0,0,0,0,0,0,0,0,0,0,1,0,5,1,3,0,58,25,4,0,0,0,0,101,75,17,0,0,0,0,0,3,10,2,0,0,0,0,6,5,0,0,0,0,7,0,0,0,0,0,0,0,0,0,0,0,18,0,0,0,0,0,0,0,0,0,0,0,0,0,0,0,0,0,0,0,0,0,0,0,0,0,3,6,3,0,0,0,23,28,0,0,0,0,0,0,33,57,18,11,0,0,140,47,40,0,95,41,13,4,9,0,1,29,0,0,10,50,87,37,3,0,0,0,2,0,6,3,0,0,3,0,70,62,6,0,2,0,47,22,14,0,77,16,0,0,0,0,0,0,0,0,0,0,0,0,0,0,0,0,0,0,0,0,2,0,0,0,0,0,0,0,20,0,0,0,0,0,0,0,16,0,0,0,16,5,22,0,3,0,0,0,39,0,0,0,33,0,4,0,6,0,28,2,0,0,0
0,68,0,0,0,0,0,1,0,75,0,0,0,0,0,0,0,0,0,0,0,0,0,0,0,0,0,0,0,0,0,0,0,0,0,0,0,0,0,0,0,0,0,0,0,0,0,0,0,0,0,0,10,0,4,0,18,0,35,46,0,2,0,0,101,0,20,498,0,0,0,40,2,5,3,6,0,0,0,0,2,10,0,0,0,1,0,9,0,0,0,0,0,0,0,0,0,0,9,7,0,0,0,0,0,0,0,0,0,0,0,0,0,0,0,0,0,0,0,0,0,0,0,0,5,16,0,56,8,0,37,95,0,3,0,0,0,4,32,26,12,13,0,0,57,93,0,41,60,294,8,40,7,11,38,11,0,4,79,4,70,189,0,0,0,0,0,0,0,0,0,1,0,0,32,178,3,7,0,0,13,69,0,0,5,45,0,0,0,0,0,0,0,0,0,0,0,0,0,0,0,0,0,0,0,0,0,4,0,24,0,1,0,0,0,62,0,0,0,0,0,71,0,15,0,0,6,77,0,151,0,0,0,22,0,217,0,2,12,29,0,1,0,4,4,55,0,0,0
27,2,5,0,2,0,63,0,138,0,2,0,0,0,1,0,0,0,0,0,0,0,0,0,0,0,1,0,0,0,0,0,0,0,0,0,1,0,0,0,0,0,0,0,1,0,0,0,0,0,0,0,2,17,92,27,18,54,159,141,8,1,0,2,75,20,0,208,0,0,0,0,0,0,0,0,0,0,0,0,0,0,0,0,0,0,0,0,0,0,0,0,0,0,0,0,0,0,0,0,0,0,0,0,0,0,0,0,0,0,0,0,0,0,0,0,0,0,0,0,0,0,0,0,1,0,0,0,0,0,2,0,0,0,0,0,0,0,1,0,0,0,0,0,15,2,2,0,18,0,0,0,0,0,0,23,6,4,0,6,31,5,0,0,0,0,0,0,1,0,7,0,0,0,3,3,185,9,0,0,18,6,0,0,40,82,0,0,0,0,0,0,0,0,0,0,0,0,0,0,0,0,0,0,0,0,0,0,0,0,3,0,0,0,54,0,0,0,0,0,35,0,9,0,3,0,27,2,62,3,0,0,40,3,41,0,0,0,30,0,1,0,3,0,50,0,0,0,0
0,20,0,0,0,0,49,0,471,57,0,0,0,0,0,0,0,0,0,0,0,1,2,0,17,0,1,0,0,0,0,0,0,0,0,0,0,1,1,0,0,0,0,0,0,0,0,0,0,0,0,0,148,55,335,34,61,51,236,59,6,184,24,177,17,498,208,0,0,0,0,0,0,0,0,1,0,0,0,0,0,0,0,2,0,0,0,0,0,0,0,0,0,0,0,0,0,0,0,0,0,0,0,0,0,0,0,0,0,0,0,0,0,0,0,0,0,0,0,0,0,0,0,0,0,75,0,71,1,4,0,119,0,18,0,0,2,6,1,1,0,0,0,0,4,8,0,23,3,168,0,15,0,0,42,14,14,46,0,0,7,65,0,0,0,4,0,0,0,0,0,5,0,0,0,22,59,243,0,0,5,36,0,0,10,397,0,0,0,0,0,0,0,0,0,0,0,0,0,0,0,0,0,0,0,0,0,4,5,24,0,0,0,4,0,149,0,0,0,5,0,104,0,10,0,13,8,135,35,149,0,0,0,183,0,136,0,8,0,41,0,5,0,7,0,143,0,0,0
0,0,0,0,0,0,0,0,0,0,0,0,0,0,0,0,0,0,0,0,0,0,0,0,0,0,0,0,0,0,0,0,0,0,0,0,0,0,0,0,0,0,0,0,5,0,0,0,2,0,0,0,0,0,0,0,0,0,0,0,0,0,0,0,0,0,0,0,0,0,0,0,0,0,0,0,8,0,17,0,0,0,5,0,0,0,0,0,27,0,4,0,14,0,28,0,0,0,0,0,9,0,157,0,0,0,0,0,37,0,0,0,12,0,0,0,1,0,0,0,0,0,0,0,1,0,0,0,0,0,0,0,0,0,0,1,0,2,0,0,0,0,0,1,0,0,0,0,0,0,0,0,0,0,0,0,0,0,0,0,0,0,0,0,44,0,0,0,67,0,0,0,0,0,0,0,0,0,0,0,0,0,0,0,0,0,0,0,48,0,0,0,39,0,0,0,0,0,14,0,12,0,0,0,0,0,0,0,0,0,0,0,113,0,59,0,51,0,7,0,1,0,46,0,21,0,0,0,43,0,1,0,0,0,5,0,0,0,0,0,0,0,5,0,0,0,0,0,0
0,0,0,0,0,0,0,0,0,0,0,0,0,0,0,0,0,0,0,0,0,0,0,0,0,0,0,0,0,0,0,0,0,0,0,0,0,0,0,0,0,5,0,0,0,6,0,0,0,12,0,0,0,0,0,0,0,0,0,0,0,0,0,0,0,0,0,0,0,0,0,0,0,1,0,0,0,13,0,4,0,7,0,33,0,0,0,7,0,40,0,0,0,20,0,34,0,2,0,5,0,2,0,61,0,0,0,2,0,8,0,7,0,3,0,0,0,0,0,0,0,0,0,0,0,0,0,0,0,0,0,0,0,0,0,0,0,0,0,0,0,0,0,0,0,0,0,0,1,0,0,0,0,0,0,0,0,0,0,0,0,0,0,0,0,23,0,0,0,7,0,0,0,0,0,0,0,0,0,0,0,0,0,0,0,0,0,0,0,0,0,0,0,1,0,13,0,0,0,0,0,0,0,2,0,0,0,0,0,0,0,0,0,124,0,38,0,74,0,14,0,2,0,88,0,9,0,0,0,52,0,0,0,0,0,0,0,0,0,0,0,4,0,0,0,0,0,0,0
0,0,0,0,0,0,0,0,0,0,0,0,0,0,0,0,0,0,39,0,25,0,0,0,0,0,29,0,12,0,4,0,0,0,0,0,104,0,68,0,0,0,7,0,20,0,0,0,0,0,18,0,0,0,0,0,0,0,0,0,6,0,5,0,0,0,0,0,0,0,0,0,173,0,129,0,28,0,175,0,4,0,0,0,2,0,22,1,0,0,0,0,1,0,3,0,0,0,7,0,0,0,0,0,0,0,0,0,0,0,0,0,0,0,0,0,0,0,0,0,74,0,16,0,45,0,18,0,35,0,33,4,25,1,27,0,33,0,11,2,23,4,96,0,46,4,0,0,36,18,19,0,0,0,0,0,3,0,1,2,11,0,88,0,0,0,19,0,13,0,35,0,26,0,46,0,0,0,0,0,21,0,0,0,18,0,0,0,0,0,1,0,0,0,0,0,0,0,0,0,0,0,0,0,0,0,8,0,0,3,0,0,0,0,0,1,0,0,0,0,0,0,5,0,2,0,1,1,32,4,0,0,0,0,0,0,1,0,32,0,0,0,0,0,0,0,0,0,0
0,0,0,0,0,0,0,0,0,0,0,0,0,0,0,0,0,0,0,0,0,2,0,0,0,0,0,1,0,1,0,2,0,0,0,6,0,12,0,0,0,0,0,15,0,1,0,0,0,0,0,16,0,0,0,0,0,0,0,0,0,2,0,0,0,40,0,0,0,0,0,0,3,225,0,125,0,16,0,69,0,4,0,0,0,3,0,11,0,0,0,0,0,0,0,0,0,2,0,0,1,0,0,0,0,0,0,0,0,0,0,0,0,0,0,0,0,0,0,0,0,17,0,48,5,27,0,69,0,10,7,25,0,81,1,47,0,115,0,4,3,32,0,47,0,94,0,0,0,62,0,0,2,0,0,0,0,2,0,0,0,20,0,54,0,0,0,8,0,4,0,9,0,16,0,51,0,2,0,0,0,19,0,0,0,3,0,0,0,0,0,0,0,0,0,0,0,0,0,0,0,0,0,0,0,0,0,0,0,0,0,0,0,0,0,1,0,0,0,0,0,5,0,0,0,1,0,31,8,23,0,0,0,0,0,30,0,0,0,36,0,2,0,0,0,22,0,0,0
0,0,1,0,0,0,0,0,0,0,0,0,0,0,0,0,0,0,0,0,0,0,0,0,0,0,0,0,0,0,0,0,0,0,0,0,5,0,0,0,0,0,2,0,2,0,0,0,0,0,2,0,0,0,0,0,0,0,0,0,0,0,0,0,0,2,0,0,0,0,173,3,0,0,103,0,51,0,151,0,0,0,7,0,0,7,8,0,0,0,1,0,0,0,0,0,0,0,3,0,0,0,4,1,0,0,0,0,8,0,0,0,0,0,0,0,0,0,0,0,41,0,14,0,99,0,33,0,35,0,63,0,35,0,93,0,46,0,16,0,32,0,144,0,18,0,43,0,23,0,29,0,22,0,0,0,1,0,2,0,0,0,24,0,1,0,5,0,3,0,13,0,9,0,25,0,0,0,0,0,0,16,0,0,4,0,0,0,0,0,15,0,0,0,0,0,0,0,32,0,35,0,0,0,3,0,0,0,75,0,0,0,1,0,9,0,0,0,0,0,2,2,10,0,1,0,4,0,9,0,0,0,0,1,6,0,0,0,108,0,49,0,18,0,5,0,0,0,0
