0,303,38,90,99,13,2,191,39,152,149,0,84,0,18,23,50,64,8,0,0,0,107,82,9,228,23,0,49,3,0,0,25,0,0,0,55,0,394,0,9,0,0,0,0,0,0,0,14,0,0,1,0,0,6,0,4,0,0,0,339,0,192,19,17,0,7,0,0,0,0,0,0,0,0,0,0,0,0,0,0,0,0,0,0,1,0,0,0,0,0,0,0,0,0,0,0,0,0,0,0,0,0,0,0,0,0,0,0,0,0,0,0,0,0,0,0,0,0,0,0,0,0,0,13,0,22,0,0,0,36,0,7,0,24,0,36,0,0,0,0,0,25,0,0,0,27,0,25,0,0,0,12,0,0,0,0,0,0,0,12,0,0,0,5,0,15,0,13,0,0,0,364,0,0,0,496,86,26,0,0,0,54,0,18,0,2,0,0,0,0,0,0,0,0,0,0,0,0,0,0,0,0,0,0,0,0,0,7,0,815,252,346,50,212,0,6,0,0,0,0,0,0,0,0
303,0,194,44,40,202,0,57,0,73,21,172,0,78,0,82,108,58,0,90,12,32,318,24,101,17,0,120,0,57,1,0,0,112,0,0,0,29,0,165,0,0,0,0,0,15,0,0,0,5,0,0,0,8,0,13,0,0,0,3,5,231,5,204,0,54,0,13,0,0,0,0,0,3,0,0,0,0,0,0,0,0,0,0,0,0,0,0,0,0,0,0,0,0,0,0,0,0,0,1,0,0,0,0,0,0,0,9,0,0,0,0,0,0,0,0,0,0,0,1,0,0,0,0,0,5,0,9,0,6,0,15,0,10,0,22,0,28,0,0,0,0,0,0,0,0,0,14,0,15,0,8,0,16,0,7,0,8,0,0,0,0,0,0,0,0,0,0,0,0,0,37,0,84,0,0,86,535,0,52,0,6,3,17,0,15,0,6,0,0,0,0,0,0,0,0,0,0,0,0,0,0,0,0,0,0,0,0,0,0,2,0,0,0,270,0,0,0,994,172,267,0,0,0,1
38,194,0,71,203,42,37,51,13,39,23,26,54,0,104,68,65,32,58,0,54,0,270,104,86,60,70,0,190,0,72,0,180,0,17,0,50,4,519,0,13,0,0,0,0,0,18,0,20,0,20,0,13,0,162,0,0,0,14,0,216,0,196,18,10,0,1,0,0,0,0,0,0,0,16,0,0,0,0,0,0,0,0,0,87,0,0,0,0,0,165,0,0,0,0,0,181,0,0,0,0,0,0,0,36,0,143,0,0,0,0,0,0,0,0,0,0,0,0,0,0,0,18,0,39,0,57,0,11,0,68,0,60,0,92,0,224,0,0,0,16,0,110,0,0,0,66,0,49,0,7,0,14,0,0,0,0,0,0,0,17,0,0,0,0,0,20,0,31,0,0,0,228,0,0,0,98,46,0,0,0,0,4,0,13,0,1,0,0,0,0,0,0,0,1,0,0,0,0,0,156,0,0,0,0,0,0,0,16,0,642,129,433,0,234,0,0,0,0,0,0,0,0,0,0
90,44,71,0,0,87,0,34,0,2,20,8,0,0,10,168,27,10,0,74,0,60,84,30,6,8,0,0,0,87,0,25,0,142,0,12,1,38,0,170,0,0,0,0,0,0,0,0,0,0,0,0,0,0,0,55,0,10,0,0,0,65,0,61,0,0,0,0,0,0,0,0,0,0,0,0,0,0,0,0,0,0,0,0,0,0,0,1,0,0,0,0,0,0,0,0,0,0,0,0,0,0,0,0,0,13,0,0,0,0,0,0,0,0,0,0,0,0,0,0,0,0,0,0,0,7,0,20,0,15,0,10,0,24,0,31,0,115,0,34,0,16,1,0,1,0,0,17,0,0,0,8,0,15,0,0,0,0,0,0,0,6,0,0,0,0,0,43,0,0,0,12,0,60,0,0,19,96,0,6,0,0,6,0,0,1,0,0,0,0,0,0,0,0,0,0,0,0,0,0,0,0,0,0,0,0,0,0,0,0,0,0,0,0,97,0,0,0,317,60,228,0,0,0,0
99,40,203,0,0,161,0,0,23,1,65,84,267,0,196,170,0,0,216,158,177,29,25,69,2,0,196,0,62,0,292,0,361,0,236,0,491,7,204,0,74,0,31,0,22,0,66,0,9,0,87,0,0,0,12,0,0,0,0,0,0,0,0,1,8,1,6,0,0,0,0,0,0,0,0,0,0,0,0,0,0,0,0,0,0,0,0,0,0,0,0,0,0,0,0,0,0,0,0,0,0,0,0,0,0,0,25,0,0,0,0,0,0,0,0,0,0,0,0,0,0,0,0,0,21,0,24,0,0,0,18,0,0,0,34,0,42,0,0,0,0,0,17,0,0,0,31,0,29,0,0,0,27,0,0,0,0,0,0,0,14,0,0,0,27,0,135,0,39,0,0,0,97,0,0,0,397,48,109,29,0,0,36,0,21,1,0,4,0,0,0,0,0,0,0,0,0,0,0,0,0,0,0,0,0,0,0,0,0,0,372,329,372,0,153,0,0,0,1,0,0,0,0,0,0
13,202,42,87,161,0,0,27,1,33,0,151,86,179,200,296,0,3,116,271,126,282,95,40,0,5,0,352,0,36,0,161,0,384,0,205,3,235,0,48,0,24,0,0,0,29,0,101,0,7,0,61,0,0,0,11,0,0,0,0,0,0,0,0,0,22,0,0,0,0,0,0,0,0,0,0,0,0,0,0,0,0,0,0,0,0,0,0,0,0,0,0,0,0,0,0,0,0,0,3,0,0,0,0,0,0,0,0,0,0,0,1,0,0,0,0,0,0,0,0,0,0,0,0,0,7,0,17,0,0,0,0,0,0,0,0,0,65,0,25,0,0,0,18,0,35,0,0,0,13,0,26,0,40,0,26,0,0,0,25,0,0,0,0,0,0,0,123,0,0,0,7,0,66,0,0,57,363,13,64,0,0,0,75,0,43,0,1,0,0,0,0,0,0,0,0,0,0,0,0,0,0,0,0,0,0,0,0,0,0,3,0,0,0,103,0,0,0,446,211,283,0,0,0,0
2,0,37,0,0,0,0,0,28,220,3,0,0,0,2,0,26,0,0,0,0,0,4,0,136,42,0,0,0,0,0,0,0,0,0,0,0,0,0,0,0,0,0,0,0,0,0,0,44,0,0,0,138,9,238,45,32,0,19,0,361,0,404,29,6,0,38,0,0,0,0,0,0,0,0,0,0,0,0,0,0,0,0,0,16,0,0,0,0,0,0,0,0,0,0,0,0,0,0,0,0,0,0,0,10,0,0,0,0,0,0,0,0,0,0,0,0,0,0,0,0,0,0,0,23,0,28,0,0,0,64,1,0,0,27,0,68,0,0,0,0,0,42,0,2,0,9,0,10,0,5,0,0,0,1,0,0,0,0,0,20,0,8,0,7,0,0,0,18,0,79,1,323,0,0,0,0,15,1,0,0,0,2,0,2,0,0,0,0,0,0,0,0,0,0,0,0,0,0,0,28,0,0,0,0,0,0,0,2,0,747,85,389,214,322,7,55,0,0,0,0,0,0,0,0
191,57,51,34,0,27,0,0,111,5,0,9,0,0,0,50,47,26,0,0,0,0,68,30,131,223,0,0,0,40,0,0,0,6,0,0,0,0,0,35,0,0,0,0,0,3,0,0,0,0,0,0,13,36,14,236,0,25,0,24,0,196,35,311,0,4,0,3,0,0,0,0,0,0,0,0,0,0,0,0,0,0,0,0,0,0,0,3,0,0,0,0,0,0,0,0,0,0,0,0,0,0,0,0,0,10,0,0,0,0,0,0,0,0,0,0,0,0,0,0,0,0,0,0,0,10,0,22,0,23,0,21,0,27,0,30,0,90,0,53,1,13,0,39,0,0,0,7,0,0,0,10,0,0,0,22,0,31,0,17,0,15,0,0,0,18,0,0,0,13,0,38,0,108,0,0,25,72,0,0,0,0,19,0,0,0,0,0,0,0,0,0,0,0,0,0,0,0,0,0,0,0,0,0,0,0,0,0,0,0,1,0,4,0,397,0,0,0,771,108,500,0,0,0,2
39,0,13,0,23,1,28,111,0,514,21,0,14,0,2,0,28,0,0,0,0,0,0,0,14,58,6,0,2,0,0,0,0,0,0,0,0,0,0,0,0,0,0,0,0,0,8,0,13,0,0,0,191,26,58,184,18,18,70,102,325,0,255,23,136,0,114,168,0,0,0,0,0,0,0,0,0,0,0,0,0,0,0,0,0,0,0,0,0,0,0,0,0,0,0,0,0,0,0,0,0,0,0,0,0,0,0,0,0,0,0,0,0,0,0,0,0,0,0,0,0,0,0,0,21,0,17,0,0,0,42,0,0,0,20,0,18,0,0,0,0,0,0,0,1,0,37,0,63,0,6,0,20,0,10,0,18,0,1,0,48,0,0,0,0,0,0,0,22,0,134,0,254,0,0,0,56,64,10,0,1,0,38,0,153,5,0,0,0,0,0,0,0,0,0,0,0,0,0,0,11,0,0,0,0,0,0,0,1,0,525,128,287,126,207,3,39,0,0,0,0,0,0,0,0
152,73,39,2,1,33,220,5,514,0,0,134,0,9,0,0,76,0,0,15,0,0,46,0,235,17,0,26,0,0,0,0,0,7,0,0,0,0,0,0,0,0,0,0,0,1,0,0,0,0,0,0,76,47,114,99,0,12,7,47,13,44,128,73,0,193,4,39,0,0,0,0,0,0,0,0,0,0,0,0,0,0,0,0,0,0,0,0,0,0,0,0,0,0,0,0,0,0,0,0,0,0,0,0,0,0,0,0,0,0,0,0,0,0,0,0,0,0,0,0,0,0,0,0,0,47,0,39,0,35,0,50,0,25,0,77,0,113,0,21,0,0,0,0,0,0,0,52,0,62,0,26,2,53,0,65,0,56,0,19,0,11,0,10,0,3,0,0,0,6,4,31,0,0,0,0,17,574,0,4,0,0,27,21,0,40,0,0,0,0,0,0,0,0,0,0,0,0,0,0,0,14,0,0,0,1,0,0,0,21,0,0,0,0,319,0,0,0,628,74,153,143,3,61,1
149,21,23,20,65,0,3,0,21,0,0,37,233,0,36,120,14,0,22,10,42,0,33,104,0,8,35,0,51,0,55,0,152,0,17,0,199,0,227,0,8,0,6,0,9,0,31,0,9,0,11,0,0,0,4,0,0,0,0,0,2,0,0,0,11,0,0,0,0,0,0,0,0,0,0,0,0,0,0,0,0,0,0,0,0,0,0,0,0,0,0,0,0,0,0,0,0,0,0,0,0,0,0,0,0,0,0,0,0,0,0,0,0,0,0,0,0,0,0,0,0,0,0,0,9,0,0,0,0,0,12,0,1,0,14,0,14,0,0,0,0,0,0,0,0,0,19,0,18,0,6,0,11,0,0,0,0,0,0,0,5,0,0,0,4,0,33,0,7,0,0,0,43,0,3,0,275,36,101,8,12,0,17,0,20,0,13,0,0,0,0,0,0,0,0,0,0,0,0,0,9,0,0,0,0,0,0,0,0,0,181,177,101,0,59,0,0,1,0,0,0,0,0,0,0
0,172,26,8,84,151,0,9,0,134,37,0,25,259,129,60,0,12,43,85,81,139,59,116,0,0,0,234,0,28,0,83,0,230,0,136,0,169,0,79,0,34,0,24,0,47,0,99,0,12,0,34,0,8,0,0,0,0,0,0,0,21,0,9,0,25,0,5,0,0,0,0,0,0,0,0,0,0,0,0,0,0,0,0,0,0,0,0,0,0,0,0,0,0,0,0,0,0,0,0,0,0,0,0,0,0,0,0,0,0,0,0,0,0,0,0,0,0,0,0,0,0,0,0,0,0,0,0,0,0,0,4,0,0,0,15,0,26,0,7,0,0,0,0,0,0,0,9,0,0,0,12,0,23,0,24,0,7,0,0,0,0,0,0,0,0,0,36,0,15,0,4,0,35,0,0,32,288,0,86,0,0,0,56,0,45,0,10,0,0,0,0,0,0,0,0,0,0,0,0,0,0,0,0,0,0,0,0,0,2,0,0,0,0,70,0,0,0,286,177,108,0,0,0,0
84,0,54,0,267,86,0,0,14,0,233,25,0,223,36,29,0,0,82,258,80,31,18,0,0,0,233,335,0,0,43,0,12,0,313,0,62,0,0,0,305,0,137,0,74,56,191,53,74,3,315,0,0,0,2,0,0,0,0,0,0,0,0,0,12,0,0,0,0,0,0,0,0,0,0,0,0,0,0,0,0,0,0,0,7,0,0,0,0,0,0,0,0,0,0,0,0,0,0,0,0,0,0,0,0,0,0,0,0,0,0,0,0,0,0,0,0,0,0,0,3,0,0,0,0,0,0,0,0,0,0,0,3,0,0,0,12,0,0,0,0,0,0,0,0,0,23,0,0,0,0,0,9,0,0,0,0,0,0,0,0,0,0,0,88,1,8,0,0,0,0,0,6,0,0,0,391,65,179,5,9,0,29,0,26,0,128,24,0,0,0,0,0,0,0,0,0,0,0,0,0,0,0,0,0,0,0,0,0,0,62,238,204,22,21,0,0,3,0,0,0,0,0,0,0
0,78,0,0,0,179,0,0,0,9,0,259,223,0,20,0,0,0,389,49,101,91,0,0,0,0,124,289,0,0,0,11,0,0,72,182,0,61,0,0,42,272,0,279,0,128,0,358,0,47,83,377,0,0,0,0,0,0,0,0,0,0,0,0,0,1,0,0,0,0,0,0,0,0,0,0,0,0,0,0,0,0,0,0,0,0,0,0,0,0,0,0,0,0,0,0,0,0,0,0,0,0,0,0,0,0,0,0,0,0,0,0,0,0,0,0,0,0,0,0,0,0,0,0,0,0,0,0,0,0,0,0,0,0,0,0,0,0,0,0,0,0,0,0,0,0,0,0,0,2,0,2,0,0,0,2,0,0,0,0,0,0,0,0,0,0,0,0,0,0,0,0,0,2,0,0,24,502,0,132,0,9,0,28,0,0,12,34,0,0,0,0,0,0,0,0,0,0,0,0,0,0,0,0,0,0,0,0,0,0,0,0,0,0,0,0,0,0,0,120,143,0,0,0,0
18,0,104,10,196,200,2,0,2,0,36,129,36,20,0,206,16,0,137,130,167,17,197,33,11,0,57,0,24,0,216,7,117,0,72,0,99,0,8,0,5,0,5,0,4,0,8,0,0,0,13,0,5,0,28,0,0,0,0,0,0,1,20,0,3,0,0,0,0,0,0,0,8,0,0,0,0,0,0,0,0,0,0,0,0,0,0,0,0,0,98,0,0,0,0,0,105,0,0,0,0,0,0,0,19,0,77,0,0,0,0,0,0,0,0,0,0,0,0,0,0,0,11,0,8,0,0,0,0,0,0,0,0,0,23,0,63,0,0,0,9,0,33,0,0,0,13,0,16,0,8,0,13,0,3,0,0,0,0,0,0,0,0,0,11,0,22,0,0,0,0,0,15,0,0,0,209,44,15,24,0,0,16,1,9,0,0,1,0,0,0,0,0,0,0,0,0,0,0,0,40,0,0,0,0,0,0,0,0,0,60,106,71,0,20,0,0,0,0,0,0,0,0,0,0
23,82,68,168,170,296,0,50,0,0,120,60,29,0,206,0,12,9,27,333,109,135,110,58,0,32,0,112,0,6,7,16,0,61,0,26,0,40,0,8,0,0,0,14,0,14,0,6,0,1,0,12,0,5,0,65,0,0,0,0,0,9,0,12,0,10,0,0,0,0,0,0,0,0,0,0,0,0,0,0,0,0,0,0,0,231,0,0,0,0,0,0,0,0,0,0,0,161,0,0,0,0,0,4,0,0,0,0,0,0,0,0,0,0,0,0,0,0,0,0,0,0,0,3,0,0,2,26,0,0,0,0,0,0,0,99,0,148,0,53,0,39,0,131,0,6,0,21,0,15,0,0,0,30,0,9,0,0,0,13,0,2,0,0,0,0,0,58,0,27,0,6,0,23,0,0,48,104,21,44,0,0,0,4,0,8,0,0,0,0,0,0,0,0,0,0,0,0,0,0,0,0,0,0,0,0,0,8,0,0,0,0,0,0,49,0,0,0,233,155,90,28,1,0,0
50,108,65,27,0,0,26,47,28,76,14,0,0,0,16,12,0,17,33,0,118,0,67,23,96,62,0,0,196,0,62,0,69,0,29,0,12,0,205,0,0,0,7,0,20,0,6,0,1,0,0,0,35,3,3,7,1,0,0,0,65,4,272,17,0,1,0,0,0,0,133,0,16,0,125,0,0,0,34,0,83,0,0,0,423,0,125,0,0,0,191,0,0,0,0,0,315,0,464,0,139,0,0,0,0,0,88,0,0,0,0,0,0,0,0,0,0,0,0,0,99,0,285,0,0,0,0,0,5,0,0,0,0,0,0,0,71,0,166,0,188,0,196,0,93,0,0,0,0,0,0,0,0,0,33,0,0,0,17,0,0,0,0,0,0,0,0,0,0,0,2,0,64,0,0,0,6,7,0,0,0,0,34,0,0,0,0,0,0,0,0,0,0,0,0,0,0,0,0,0,0,0,0,0,0,0,0,0,0,0,97,62,126,0,42,0,0,0,0,0,0,0,0,0,0
64,58,32,10,0,3,0,26,0,0,0,12,0,0,0,9,17,0,0,20,0,150,33,111,24,75,0,0,0,144,0,6,0,24,0,9,0,6,0,71,0,0,0,3,0,0,0,0,0,0,0,0,0,111,0,11,0,19,0,0,0,69,0,284,0,0,0,0,0,0,0,1,0,0,0,0,0,0,0,0,0,27,0,0,0,280,0,0,0,0,0,4,0,0,0,0,0,186,0,20,0,0,0,0,0,0,0,0,0,0,0,0,0,0,0,0,0,0,0,0,0,20,0,6,0,0,0,0,0,17,0,0,0,0,0,0,0,205,0,223,0,192,0,468,0,7,0,0,0,0,0,0,0,0,0,15,0,0,0,21,0,0,0,0,0,7,0,0,0,15,0,11,0,93,0,0,0,0,0,51,0,0,0,10,0,0,0,0,0,0,0,0,0,0,0,0,0,0,0,0,0,0,0,0,0,0,0,0,0,0,0,0,0,0,42,0,0,0,141,76,159,0,0,0,0
8,0,58,0,216,116,0,0,0,0,22,43,82,389,137,27,33,0,0,412,130,64,197,0,0,0,102,325,0,0,45,0,0,0,199,30,4,0,0,0,20,18,24,0,22,20,47,34,5,0,175,24,0,0,0,0,0,0,0,0,0,0,0,0,0,0,0,0,0,0,0,0,0,0,0,0,0,0,0,0,11,0,0,0,0,0,0,0,0,0,0,0,0,0,0,0,0,0,0,0,0,0,0,0,0,0,0,0,0,0,0,0,0,0,0,0,0,0,0,0,0,0,0,0,0,0,0,0,0,0,0,0,0,0,0,0,0,0,0,0,0,0,0,0,0,0,0,0,10,0,0,0,0,0,0,0,0,0,0,0,0,0,0,0,112,0,12,0,0,0,0,0,0,0,0,0,142,39,39,6,0,0,10,0,12,0,10,31,0,0,0,0,0,0,0,0,1,0,0,0,0,0,0,0,0,0,0,0,0,0,104,192,165,0,32,0,0,1,0,0,1,0,0,0,0
0,90,0,74,158,271,0,0,0,15,10,85,258,49,130,333,0,20,412,0,118,280,0,109,0,0,50,482,0,0,15,72,0,35,30,158,3,120,0,0,21,0,13,58,0,25,0,18,1,1,28,99,0,0,0,11,0,0,0,0,0,0,0,0,0,28,0,0,0,0,0,0,0,0,0,0,0,0,0,0,0,0,0,0,0,0,0,0,0,0,0,0,0,0,0,0,0,0,0,0,0,0,0,0,0,0,0,0,0,0,0,0,0,0,0,0,0,0,0,0,0,0,0,18,0,0,0,6,0,0,0,0,0,0,0,0,0,35,0,0,0,0,0,0,0,0,0,10,0,11,0,0,0,32,0,43,0,0,0,0,0,0,0,0,0,26,0,87,0,90,0,4,0,9,0,0,27,125,22,50,0,14,0,61,0,33,0,13,0,0,0,0,0,0,0,0,0,1,0,0,0,0,0,0,0,0,0,0,0,0,2,0,0,0,81,0,0,0,245,292,276,0,0,0,0
0,12,54,0,177,126,0,0,0,0,42,81,80,101,167,109,118,0,130,118,0,19,256,22,10,0,54,90,65,0,82,0,40,3,43,17,41,3,10,0,0,0,14,0,21,0,0,13,4,2,119,0,6,0,0,0,2,0,0,0,6,0,52,0,0,0,0,0,0,0,106,0,0,0,86,0,0,0,0,0,0,0,53,0,97,0,85,0,0,0,0,0,0,0,0,0,0,0,242,0,91,0,0,0,0,0,0,0,0,0,0,0,0,0,0,0,0,0,0,0,70,0,0,0,0,0,0,0,0,0,0,0,0,0,0,0,0,0,0,0,32,0,0,0,79,0,0,0,0,0,0,0,0,0,0,0,0,0,0,0,0,0,37,0,111,0,97,0,73,0,14,0,37,0,0,0,25,12,18,17,0,0,0,0,0,0,0,4,0,0,0,0,0,0,0,0,0,0,0,0,0,0,0,0,0,0,0,0,0,0,274,313,199,0,112,2,0,0,0,0,0,0,0,0,0
0,32,0,60,29,282,0,0,0,0,0,139,31,91,17,135,0,150,64,280,19,0,0,239,0,64,0,132,0,77,2,17,0,21,3,60,0,27,0,4,0,0,0,142,0,37,0,0,0,4,0,125,0,0,0,24,0,0,0,0,0,0,0,56,0,0,0,0,0,0,0,0,0,4,0,4,0,0,0,0,0,0,0,0,0,318,0,0,0,0,0,0,0,0,0,0,0,208,0,0,0,0,0,0,0,0,0,0,0,0,0,0,0,0,0,0,0,0,0,0,0,76,0,56,0,0,0,0,0,0,0,0,0,0,0,0,0,0,0,0,0,204,0,347,0,115,0,0,0,0,0,0,0,0,0,13,0,9,0,0,0,0,0,0,0,11,0,129,0,58,0,6,0,28,0,0,0,7,0,61,0,7,0,0,0,10,0,1,0,0,0,0,0,0,0,0,0,0,0,0,0,0,0,0,0,0,0,0,0,0,0,0,0,0,51,0,0,0,254,200,193,0,0,0,0
107,318,270,84,25,95,4,68,0,46,33,59,18,0,197,110,67,33,197,0,256,0,0,162,51,76,125,0,133,0,54,0,30,0,40,0,15,0,135,10,3,0,33,0,52,0,24,0,22,0,67,0,11,0,72,0,2,0,0,0,22,0,90,11,0,0,0,0,0,0,11,0,0,0,14,0,0,0,0,0,0,0,0,0,247,0,0,0,0,0,301,0,0,0,0,0,378,0,0,0,59,0,0,0,0,0,136,0,0,0,0,0,0,0,0,0,0,0,0,0,30,0,124,0,0,0,0,0,0,0,0,0,0,0,0,0,0,0,0,0,46,0,70,1,0,0,0,0,0,0,1,0,0,0,4,0,0,0,0,0,1,0,0,0,0,0,3,0,0,0,0,0,72,0,0,0,84,35,1,16,0,0,14,0,0,0,1,0,0,0,0,0,0,0,0,0,0,0,0,0,0,0,0,0,0,0,0,0,0,0,166,58,104,33,54,0,0,0,0,0,0,0,0,0,0
82,24,104,30,69,40,0,30,0,0,104,116,0,0,33,58,23,111,0,109,22,239,162,0,2,56,0,31,0,84,0,21,0,82,0,25,0,54,0,44,0,0,0,11,0,10,0,0,0,0,0,17,0,32,0,54,0,9,0,0,0,48,0,121,3,2,0,0,0,0,0,0,0,0,0,0,0,0,0,0,0,0,0,0,0,368,0,0,0,0,0,0,0,0,0,0,0,266,0,37,0,0,0,0,0,0,0,0,0,0,0,0,0,0,0,0,0,0,0,0,0,47,0,0,0,0,0,0,0,9,0,0,0,0,0,0,0,108,0,106,0,90,0,358,0,0,0,0,0,0,0,0,0,0,0,7,0,4,0,0,0,0,0,0,0,0,0,73,0,33,0,15,0,69,0,0,18,32,6,116,0,0,4,0,0,2,0,0,0,0,0,0,0,0,0,0,0,0,0,0,0,0,0,0,0,0,0,0,0,0,0,0,0,0,95,0,0,0,549,262,278,34,0,0,0
9,101,86,6,2,0,136,131,14,235,0,0,0,0,11,0,96,24,0,0,10,0,51,2,0,135,0,0,40,0,4,0,0,0,0,0,0,0,14,0,0,0,0,0,0,0,0,0,0,0,6,0,56,0,97,36,8,0,0,0,58,0,119,37,0,0,0,0,0,0,0,1,0,0,20,0,0,0,0,0,0,0,0,0,303,0,23,0,0,0,379,0,0,0,0,0,475,1,133,0,54,0,0,0,10,0,233,0,0,0,0,0,0,0,0,0,0,0,0,0,16,0,200,0,5,0,0,0,23,0,0,0,27,0,16,0,175,0,58,0,105,0,213,0,7,0,0,0,0,2,0,0,0,0,18,0,0,0,13,0,0,0,0,0,0,0,0,0,0,0,5,0,67,0,0,0,12,31,0,0,0,0,4,4,1,0,0,0,0,0,0,0,0,0,0,0,0,0,1,0,76,0,0,0,0,0,0,0,0,0,105,10,106,0,43,0,0,0,0,0,0,0,0,0,0
228,17,60,8,0,5,42,223,58,17,8,0,0,0,0,32,62,75,0,0,0,64,76,56,135,0,0,0,0,100,0,4,1,29,0,0,0,6,0,67,0,0,0,0,0,0,0,0,0,0,0,0,0,44,1,81,0,27,0,0,9,125,16,183,0,0,0,0,0,0,0,0,0,0,0,0,0,0,0,0,0,0,0,0,0,84,0,0,0,0,0,0,0,0,0,0,0,41,0,0,0,0,0,0,0,10,0,34,0,0,0,0,0,0,0,0,0,0,0,0,0,0,0,0,0,0,0,10,0,10,0,0,0,0,0,63,0,104,2,87,0,34,0,92,2,0,0,0,0,2,0,0,0,0,0,8,0,21,0,16,0,0,0,4,0,6,0,0,0,8,0,46,0,91,0,0,14,24,0,1,0,3,10,3,0,0,0,0,0,0,0,0,0,0,0,0,0,0,0,0,0,31,0,1,0,0,0,0,0,0,0,0,0,0,161,0,0,0,575,187,290,91,1,13,0
23,0,70,0,196,0,0,0,6,0,35,0,233,124,57,0,0,0,102,50,54,0,125,0,0,0,0,289,49,0,45,0,3,0,44,0,38,0,5,0,52,77,232,15,162,104,135,161,54,0,283,21,0,0,0,0,0,0,0,0,0,0,0,0,0,0,0,0,0,0,26,0,0,0,31,0,0,0,0,0,0,0,0,0,0,0,28,0,0,0,0,0,0,0,0,0,0,0,0,0,0,0,6,0,0,0,0,0,0,0,0,0,0,0,0,0,1,0,0,0,0,0,0,0,0,0,0,0,0,0,0,0,0,0,0,0,0,0,5,0,0,0,0,0,0,0,0,0,8,0,0,0,0,0,0,0,0,0,0,0,7,0,0,0,118,0,0,0,0,0,0,0,0,0,0,0,75,36,51,0,0,0,16,0,0,0,109,8,0,0,0,0,0,0,0,0,0,0,0,0,0,0,0,0,0,0,0,0,0,0,0,206,183,6,0,0,0,17,0,0,0,0,0,0,0
0,120,0,0,0,352,0,0,0,26,0,234,335,289,0,112,0,0,325,482,90,132,0,31,0,0,289,0,0,0,4,3,0,0,108,63,0,20,0,0,172,34,118,320,33,226,44,51,4,17,191,375,0,0,0,0,0,0,0,0,0,0,0,0,0,9,0,0,0,0,0,0,0,0,0,0,0,0,0,0,0,0,0,0,0,0,0,0,0,0,0,0,0,0,0,0,0,0,0,0,0,11,0,2,0,0,0,0,0,0,0,0,0,0,0,0,0,0,0,0,0,0,0,0,0,0,0,0,0,0,0,0,0,0,0,0,0,0,0,0,0,0,0,0,0,0,0,9,0,0,0,0,0,0,0,11,0,0,0,0,0,0,0,0,0,74,0,0,0,69,0,3,0,0,0,0,29,310,1,59,0,13,0,47,0,26,33,43,0,0,0,0,0,0,0,0,0,0,0,0,0,0,0,0,0,0,0,0,0,0,0,0,0,0,26,1,0,0,70,331,518,0,0,0,8
49,0,190,0,62,0,0,0,2,0,51,0,0,0,24,0,196,0,0,0,65,0,133,0,40,0,49,0,0,0,35,0,27,0,97,0,85,0,1,0,0,0,65,0,14,0,0,0,2,0,57,0,3,0,1,0,0,0,0,0,10,0,44,0,0,0,0,0,0,0,80,0,9,0,50,0,0,0,25,0,35,0,0,0,83,0,48,0,0,0,37,0,0,0,0,0,56,0,187,0,0,0,0,0,0,0,0,0,0,0,0,0,0,0,0,0,0,0,0,0,43,0,48,0,0,0,0,0,0,0,0,0,0,0,0,0,0,0,85,0,114,0,0,0,118,0,0,0,0,0,0,0,0,0,0,0,1,0,4,0,2,0,11,0,0,0,6,0,0,0,0,0,22,0,0,0,5,0,2,0,0,0,14,0,0,0,0,0,0,0,0,0,0,0,0,0,0,0,0,0,0,0,0,0,0,0,0,0,0,0,70,44,45,16,21,0,0,1,0,0,0,0,0,0,0
3,57,0,87,0,36,0,40,0,0,0,28,0,0,0,6,0,144,0,0,0,77,0,84,0,100,0,0,0,0,0,32,0,62,0,30,0,4,0,16,0,0,0,0,0,0,0,0,0,0,0,11,0,12,0,11,0,0,0,0,0,16,0,113,0,0,0,0,0,0,0,9,0,0,0,0,0,0,0,0,0,0,0,0,0,135,0,0,0,0,0,6,0,0,0,0,0,51,0,0,0,0,0,0,0,0,0,0,0,0,0,0,0,0,0,0,0,0,0,0,0,37,0,24,0,0,0,0,0,6,0,0,0,0,0,0,0,88,0,238,0,523,0,500,0,115,0,0,0,0,0,0,0,0,0,0,0,0,0,0,0,0,0,0,0,0,0,9,0,11,0,0,0,19,0,0,0,0,0,26,0,0,0,3,0,0,0,0,0,0,0,0,0,0,0,0,0,0,0,0,0,0,0,0,0,0,0,0,0,0,0,0,0,0,20,0,0,0,23,10,47,15,0,0,0
0,1,72,0,292,0,0,0,0,0,55,0,43,0,216,7,62,0,45,15,82,2,54,0,4,0,45,4,35,0,0,0,9,0,80,0,17,1,8,0,0,0,87,0,13,0,0,0,0,0,77,0,0,0,0,0,0,0,0,0,3,0,15,0,0,0,0,0,0,0,0,0,0,0,16,0,0,0,0,0,0,0,0,0,0,0,0,0,0,0,0,0,0,0,0,0,0,0,0,0,0,0,0,0,0,0,0,0,0,0,0,0,0,0,0,0,0,0,0,0,0,0,0,0,0,0,0,0,0,0,0,0,0,0,0,0,0,0,0,0,0,0,0,0,8,0,0,0,0,0,0,0,0,0,0,0,0,0,0,0,0,0,4,0,0,0,63,0,0,0,2,0,24,0,0,0,0,0,14,0,0,0,8,0,0,0,0,0,0,0,0,0,0,0,0,0,0,0,0,0,0,0,0,0,0,0,0,0,0,0,85,85,83,13,54,0,0,0,0,0,0,0,0,0,0
0,0,0,25,0,161,0,0,0,0,0,83,0,11,7,16,0,6,0,72,0,17,0,21,0,4,0,3,0,32,0,0,0,0,0,14,0,8,0,5,0,0,0,12,0,1,0,0,0,0,0,6,0,1,0,0,0,0,0,0,0,2,0,6,0,0,0,0,0,0,0,5,0,0,0,4,0,0,0,0,0,0,0,0,0,110,0,0,0,0,0,4,0,0,0,0,0,0,0,0,0,0,0,0,0,0,0,0,0,0,0,0,0,0,0,0,0,0,0,0,0,0,0,0,0,0,0,1,0,0,0,0,0,0,0,0,0,0,0,17,0,65,0,120,0,50,0,0,0,0,0,0,0,0,0,0,0,10,0,0,0,0,0,1,0,0,0,36,0,0,0,0,0,0,0,0,0,0,0,22,0,0,0,0,0,0,0,0,0,0,0,0,0,0,0,0,0,0,0,0,0,0,0,0,0,0,0,0,0,0,0,0,0,0,0,0,0,0,33,42,39,0,0,0,0
25,0,180,0,361,0,0,0,0,0,152,0,12,0,117,0,69,0,0,0,40,0,30,0,0,1,3,0,27,0,9,0,0,0,35,0,87,0,3,0,0,0,14,0,9,0,0,0,1,0,22,0,0,0,0,0,0,0,0,0,8,0,7,0,0,0,0,0,0,0,18,0,0,0,20,0,0,0,0,0,0,0,0,0,0,0,0,0,0,0,0,0,0,0,0,0,0,0,0,0,22,0,0,0,0,0,0,0,0,0,0,0,0,0,0,0,0,0,0,0,17,0,0,0,0,0,0,0,0,0,0,0,0,0,0,0,0,0,0,0,0,0,0,0,22,0,0,0,0,0,0,0,0,0,0,0,0,0,1,0,0,0,10,0,0,0,77,0,0,0,9,0,39,0,0,0,0,0,0,0,0,0,0,0,0,0,1,0,0,0,0,0,0,0,0,0,0,0,0,0,0,0,0,0,0,0,0,0,0,0,76,70,107,0,41,0,1,0,0,0,0,0,0,0,0
0,112,0,142,0,384,0,6,0,7,0,230,0,0,0,61,0,24,0,35,3,21,0,82,0,29,0,0,0,62,0,0,0,0,0,15,0,8,0,3,0,0,0,5,0,0,0,0,0,0,0,0,0,5,0,0,0,0,0,0,0,12,0,11,0,0,0,0,0,0,0,0,0,0,0,0,0,0,0,0,0,0,0,0,0,114,0,9,0,0,0,0,0,0,0,0,0,54,0,0,0,0,0,0,0,0,0,0,0,0,0,0,0,0,0,0,0,0,0,0,0,0,0,0,0,0,0,0,0,0,1,0,0,2,0,0,0,0,0,28,0,81,0,134,0,60,0,0,0,0,0,0,0,0,0,13,0,12,0,0,0,0,0,0,0,0,0,21,0,4,0,1,0,13,0,0,0,10,0,191,0,0,0,5,0,14,0,0,0,0,0,0,0,0,0,0,0,0,0,0,0,0,0,0,0,0,0,0,0,0,0,0,0,0,10,0,0,0,57,43,37,8,0,0,0
0,0,17,0,236,0,0,0,0,0,17,0,313,72,72,0,29,0,199,30,43,3,40,0,0,0,44,108,97,0,80,0,35,0,0,0,92,0,7,0,7,0,29,0,21,0,0,0,9,0,96,0,0,0,0,0,0,0,2,0,0,0,0,0,0,0,0,0,0,0,23,0,6,0,0,0,0,0,0,0,0,0,0,0,0,0,15,0,0,0,0,0,10,0,0,0,23,0,0,0,0,0,0,0,0,0,0,0,0,0,0,0,0,0,0,0,0,0,0,0,0,0,0,0,0,0,0,0,0,0,0,0,0,0,0,0,0,0,0,0,0,0,0,0,17,0,0,0,0,0,0,0,0,0,0,0,0,0,0,0,0,0,0,0,95,0,19,0,17,0,0,0,0,0,0,0,4,0,19,0,0,0,10,0,6,0,0,4,0,0,0,0,0,0,0,0,0,0,0,0,0,0,0,0,0,0,0,0,0,0,58,128,130,0,12,0,0,0,0,0,0,0,0,0,0
0,0,0,12,0,205,0,0,0,0,0,136,0,182,0,26,0,9,30,158,17,60,0,25,0,0,0,63,0,30,0,14,0,15,0,0,0,238,0,5,0,0,0,24,0,27,0,0,0,1,0,91,0,0,0,0,0,0,0,0,0,10,0,4,0,0,0,0,0,0,0,0,0,0,0,0,0,0,0,0,0,0,0,0,0,156,0,0,0,0,0,0,0,0,0,0,0,0,0,0,0,0,0,0,0,0,0,0,0,0,0,0,0,0,0,0,0,0,0,0,0,76,0,0,0,0,0,0,0,0,0,0,0,1,0,0,0,0,0,11,0,76,0,127,0,67,0,0,0,0,0,0,0,0,0,0,0,15,0,0,0,0,0,0,0,9,0,67,0,33,0,7,0,23,0,0,0,18,0,74,0,0,0,31,0,0,0,2,0,0,0,0,0,0,0,0,0,0,0,0,0,0,0,0,0,0,0,0,0,0,0,0,0,0,0,0,0,0,86,105,204,9,0,0,0
55,0,50,1,491,3,0,0,0,0,199,0,62,0,99,0,12,0,4,3,41,0,15,0,0,0,38,0,85,0,17,0,87,0,92,0,0,0,41,0,2,0,75,0,49,0,0,0,6,0,137,0,0,0,0,0,11,0,14,0,40,0,11,0,0,0,0,0,0,0,67,0,13,0,46,0,0,0,14,0,0,0,0,0,25,0,43,0,0,0,13,0,0,0,0,0,0,0,90,0,0,0,0,0,0,0,0,0,0,0,0,0,0,0,0,0,0,0,0,0,29,0,0,0,3,0,0,0,0,0,0,0,0,0,0,0,0,0,60,0,86,0,0,0,91,0,0,0,0,0,0,0,0,0,2,0,4,0,2,0,2,0,35,0,59,0,86,0,42,0,49,0,55,0,0,0,7,0,22,0,0,0,34,0,8,0,1,0,0,0,0,0,0,0,0,0,0,0,0,0,0,0,0,0,0,0,0,0,0,0,57,86,160,9,35,0,0,0,0,0,0,0,0,0,0
0,29,4,38,7,235,0,0,0,0,0,169,0,61,0,40,0,6,0,120,3,27,0,54,0,6,0,20,0,4,1,8,0,8,0,238,0,0,0,2,0,0,0,25,0,21,0,0,0,8,0,83,0,0,0,0,0,0,0,3,0,40,0,0,0,0,0,1,0,0,0,17,0,0,0,0,0,0,0,0,0,85,0,0,0,184,0,0,0,0,0,0,0,0,0,0,0,72,0,0,0,0,0,0,0,0,0,0,0,0,0,0,0,0,0,0,0,0,0,0,0,106,0,52,0,0,0,0,0,0,0,0,0,0,0,0,0,0,0,24,0,104,0,153,0,155,0,0,0,0,0,0,0,0,0,8,0,29,0,0,0,0,0,0,0,8,0,70,0,41,0,7,0,52,0,0,1,9,0,186,0,0,0,13,0,5,0,6,0,0,0,0,0,0,0,0,0,0,0,0,0,0,0,0,0,0,0,0,0,0,0,0,0,0,0,0,0,0,70,79,151,0,0,0,0
394,0,519,0,204,0,0,0,0,0,227,0,0,0,8,0,205,0,0,0,10,0,135,0,14,0,5,0,1,0,8,0,3,0,7,0,41,0,0,0,0,0,8,0,0,0,0,0,0,0,6,0,0,0,0,0,0,0,0,0,18,0,5,0,0,0,0,0,0,0,34,0,0,0,25,0,0,0,0,0,0,0,0,0,27,0,20,0,0,0,0,0,0,0,0,0,0,0,70,0,0,0,0,0,0,0,0,0,0,0,0,0,0,0,0,0,0,0,0,0,0,0,14,0,0,0,0,0,0,0,0,0,0,0,0,0,0,0,68,0,42,0,16,0,62,0,6,0,0,0,0,0,0,0,0,0,7,0,0,0,0,0,13,0,0,0,29,0,0,0,14,0,38,0,0,0,23,0,17,0,0,0,173,0,0,0,1,0,0,0,0,0,0,0,0,0,0,0,0,0,0,0,0,0,0,0,0,0,0,0,23,18,53,16,13,0,0,0,0,0,0,0,0,0,0
0,165,0,170,0,48,0,35,0,0,0,79,0,0,0,8,0,71,0,0,0,4,10,44,0,67,0,0,0,16,0,5,0,3,0,5,0,2,0,0,0,0,0,3,0,0,0,0,0,0,0,0,0,3,0,0,0,0,0,0,0,3,0,10,0,0,0,0,0,0,0,0,0,0,0,0,0,0,0,0,0,0,0,0,0,0,0,0,0,0,0,0,0,0,0,0,0,0,0,0,0,0,0,0,0,0,0,0,0,0,0,0,0,0,0,0,0,0,0,0,0,0,0,0,0,0,0,0,0,0,0,0,0,0,0,0,0,0,0,148,0,176,0,39,0,108,0,0,0,2,0,0,0,0,0,8,0,51,0,10,0,0,0,0,0,0,0,0,0,0,0,4,0,2,0,0,0,1,0,133,0,0,0,9,0,0,0,0,0,0,0,0,0,0,0,0,0,0,0,0,0,0,0,0,0,0,0,0,0,0,0,0,0,0,0,0,0,0,7,15,7,0,0,0,0
9,0,13,0,74,0,0,0,0,0,8,0,305,42,5,0,0,0,20,21,0,0,3,0,0,0,52,172,0,0,0,0,0,0,7,0,2,0,0,0,0,63,137,0,106,146,73,102,128,41,54,16,0,0,0,0,0,0,0,0,0,0,0,0,0,0,0,0,0,0,0,0,0,0,1,0,0,0,0,0,0,0,0,0,0,0,0,0,0,0,0,0,2,0,0,0,0,0,0,0,0,0,0,0,0,0,0,0,0,0,0,0,0,0,0,0,0,0,0,0,0,0,0,0,0,0,0,0,0,0,0,0,0,0,0,0,0,0,0,0,0,0,0,0,0,0,1,0,0,0,0,0,0,0,0,0,0,0,0,0,0,0,0,0,49,2,0,0,13,0,0,0,0,0,0,0,56,48,27,0,0,0,8,0,5,0,267,2,0,0,0,0,0,0,0,0,0,0,0,0,0,0,0,0,0,0,0,0,0,0,2,162,74,0,0,0,0,59,0,3,0,0,0,0,1
0,0,0,0,0,24,0,0,0,0,0,34,0,272,0,0,0,0,18,0,0,0,0,0,0,0,77,34,0,0,0,0,0,0,0,0,0,0,0,0,63,0,0,303,55,233,37,254,5,64,23,103,0,0,0,0,0,0,0,0,0,0,0,0,0,0,0,0,0,8,0,0,0,0,0,0,1,0,0,0,0,0,0,12,0,0,0,0,0,0,0,0,0,3,0,9,0,0,0,0,0,0,0,0,0,0,0,0,0,0,0,0,0,0,0,0,0,0,0,1,0,0,0,0,0,0,0,0,0,0,0,0,0,0,0,0,0,0,0,0,0,0,0,0,0,0,0,0,0,0,0,0,0,0,0,0,0,0,0,0,0,0,0,0,0,62,0,0,0,11,0,0,0,0,0,0,2,215,0,32,0,13,0,0,0,2,10,18,0,0,0,0,0,0,0,0,0,0,0,0,0,0,0,0,0,0,0,0,0,0,0,0,0,0,0,0,0,0,0,58,41,0,1,0,60
0,0,0,0,31,0,0,0,0,0,6,0,137,0,5,0,7,0,24,13,14,0,33,0,0,0,232,118,65,0,87,0,14,0,29,0,75,0,8,0,137,0,0,9,156,59,73,54,50,7,86,0,0,0,0,0,3,0,0,0,2,0,14,0,0,0,0,0,0,0,0,0,0,0,0,0,0,0,0,0,0,0,0,0,0,0,0,0,5,0,0,0,0,0,0,0,0,0,0,0,0,0,0,0,0,0,0,0,0,0,0,0,0,0,0,0,0,0,0,0,0,0,0,0,0,0,0,0,0,0,0,0,0,0,0,0,0,0,0,0,0,0,0,0,0,0,0,0,0,0,0,0,0,0,0,0,0,0,0,0,0,0,0,0,59,0,14,0,0,0,0,0,0,0,0,0,0,13,19,0,0,0,0,0,2,0,194,0,0,0,0,0,0,0,0,0,0,0,0,0,0,0,0,0,0,0,0,0,0,0,38,155,77,0,11,0,0,9,0,0,0,0,0,0,0
0,0,0,0,0,0,0,0,0,0,0,24,0,279,0,14,0,3,0,58,0,142,0,11,0,0,15,320,0,0,0,12,0,5,0,24,0,25,0,3,0,303,9,0,0,163,0,52,0,11,0,77,0,2,0,4,0,0,0,1,0,0,0,0,0,0,0,0,0,1,0,0,0,0,0,0,0,0,0,0,0,0,0,0,0,0,0,0,0,0,0,0,0,0,0,0,0,0,0,0,0,0,0,0,0,0,0,0,0,0,0,0,0,0,0,0,0,0,0,0,0,0,0,0,0,0,0,0,0,0,0,0,0,0,0,0,0,0,0,0,0,0,0,0,0,19,0,0,0,0,0,0,0,0,0,0,0,0,0,0,0,0,0,0,0,50,0,10,0,22,0,1,0,0,0,0,2,67,0,28,0,3,0,0,0,0,0,113,0,0,0,0,0,0,0,0,0,0,0,0,0,0,0,0,0,0,0,0,0,1,0,0,0,0,9,0,0,0,0,126,197,7,0,0,0
0,0,0,0,22,0,0,0,0,0,9,0,74,0,4,0,20,0,22,0,21,0,52,0,0,0,162,33,14,0,13,0,9,0,21,0,49,0,0,0,106,55,156,0,0,93,252,59,288,50,82,0,0,0,0,0,0,0,0,0,0,0,0,0,0,0,0,0,5,0,45,0,0,0,34,0,0,0,0,0,0,0,29,0,0,0,0,0,0,0,0,0,0,0,57,0,0,0,0,0,48,0,12,0,0,0,0,0,0,0,0,0,0,0,0,0,0,0,0,0,26,0,0,0,0,0,3,0,0,0,0,0,0,0,0,0,0,0,0,0,13,0,0,0,28,0,0,0,0,0,0,0,1,0,0,0,0,0,0,0,0,0,21,0,152,0,0,0,41,0,0,0,9,0,1,0,15,42,17,0,0,0,0,0,0,0,166,0,0,0,0,0,0,0,12,0,0,0,0,0,0,0,0,0,0,0,0,0,0,0,14,133,242,3,0,0,0,90,0,0,1,0,0,0,1
0,15,0,0,0,29,0,3,0,1,0,47,56,128,0,14,0,0,20,25,0,37,0,10,0,0,104,226,0,0,0,1,0,0,0,27,0,21,0,0,146,233,59,163,93,0,95,335,13,163,60,127,0,0,0,0,0,3,0,1,0,11,0,0,0,0,0,0,0,20,0,0,0,0,0,10,0,33,0,0,0,0,0,57,0,0,0,21,0,0,0,0,0,0,0,23,0,0,0,20,0,51,0,11,0,0,0,0,0,0,0,0,0,0,0,0,0,0,0,0,0,0,0,12,0,0,0,0,0,0,0,0,0,0,0,0,0,0,0,0,0,0,0,0,0,18,0,0,0,0,0,4,1,0,0,3,0,0,0,0,0,0,0,0,0,210,0,43,0,123,0,7,0,18,0,1,0,140,0,22,0,0,0,7,0,0,39,52,0,0,0,0,0,0,0,17,0,0,0,0,0,0,0,0,0,0,0,0,0,0,0,0,1,0,0,0,0,0,56,264,438,9,19,0,150
0,0,18,0,66,0,0,0,8,0,31,0,191,0,8,0,6,0,47,0,0,0,24,0,0,0,135,44,0,0,0,0,0,0,0,0,0,0,0,0,73,37,73,0,252,95,0,54,154,36,24,0,0,0,0,0,0,0,0,0,0,0,0,0,0,0,0,0,0,0,0,0,0,0,0,0,0,0,0,0,0,0,0,0,0,0,0,0,0,0,0,0,0,0,0,0,0,0,0,0,0,0,0,0,0,0,0,0,0,0,0,0,0,0,0,0,0,0,0,0,0,0,0,0,0,0,0,0,0,0,0,0,0,0,0,0,0,0,0,0,0,0,0,0,0,0,0,0,0,0,0,0,0,0,0,0,0,0,0,0,0,0,0,0,41,0,0,0,0,0,0,0,4,0,0,0,21,30,30,0,0,0,9,0,0,0,117,2,0,0,0,0,0,0,0,0,0,0,0,0,0,0,0,0,0,0,0,0,2,0,0,183,80,0,0,0,0,76,0,4,0,0,0,0,0
0,0,0,0,0,101,0,0,0,0,0,99,53,358,0,6,0,0,34,18,13,0,0,0,0,0,161,51,0,0,0,0,0,0,0,0,0,0,0,0,102,254,54,52,59,335,54,0,4,58,63,24,0,1,0,0,0,0,0,0,0,0,0,0,0,0,0,0,0,2,0,0,0,0,0,0,0,0,0,0,0,0,0,0,0,0,0,0,0,0,0,0,0,0,0,0,0,0,0,0,0,0,0,0,0,0,0,2,0,0,0,0,0,0,0,0,0,0,0,0,0,0,0,0,0,0,0,0,0,0,0,0,0,0,0,0,0,0,0,0,0,0,0,0,0,0,0,0,0,0,0,0,0,0,0,0,0,0,0,0,0,0,0,0,0,0,0,0,0,0,0,0,0,0,0,0,0,185,0,16,0,0,0,15,0,0,26,22,0,0,0,0,0,0,0,0,0,0,0,0,0,0,0,0,0,0,0,0,0,0,0,0,0,0,0,0,0,0,0,119,31,0,0,0,53
14,0,20,0,9,0,44,0,13,0,9,0,74,0,0,0,1,0,5,1,4,0,22,0,0,0,54,4,2,0,0,0,1,0,9,0,6,0,0,0,128,5,50,0,288,13,154,4,0,32,19,1,9,0,15,0,33,0,21,0,3,0,5,0,0,0,0,0,14,0,2,0,0,0,0,0,5,0,0,0,7,0,20,0,5,0,2,0,5,0,0,0,20,0,17,0,0,0,0,0,26,0,28,0,12,0,4,0,0,0,0,0,0,0,0,0,0,0,0,0,0,0,0,0,0,0,0,0,0,0,0,0,0,0,0,0,0,0,0,0,0,0,0,0,0,0,0,0,0,0,1,0,0,0,2,0,0,0,0,0,15,0,4,0,36,1,5,0,5,0,6,0,25,0,0,0,29,20,48,0,0,0,0,0,3,0,203,0,37,0,0,0,0,0,27,0,2,0,0,0,0,0,4,0,0,0,0,0,0,0,26,59,155,0,33,37,0,19,0,1,0,0,0,0,3
0,5,0,0,0,7,0,0,0,0,0,12,3,47,0,1,0,0,0,1,2,4,0,0,0,0,0,17,0,0,0,0,0,0,0,1,0,8,0,0,41,64,7,11,50,163,36,58,32,0,2,11,0,0,0,1,0,3,0,0,0,2,0,0,0,1,0,1,0,17,0,0,0,0,0,0,0,12,0,0,0,0,0,16,0,0,0,0,0,9,0,0,0,4,0,10,0,0,0,0,0,7,0,2,0,3,0,0,0,0,0,0,0,3,0,0,0,0,0,0,0,0,0,3,0,0,0,0,0,0,0,0,0,0,0,0,0,0,0,0,0,4,0,0,0,1,0,0,0,0,0,2,0,5,0,2,0,0,0,5,0,0,0,0,2,37,0,40,0,20,0,6,0,4,0,3,0,103,0,27,0,11,0,8,0,0,32,7,0,0,0,0,0,0,0,0,0,0,0,0,0,0,0,0,0,0,0,0,0,0,0,4,0,0,6,0,0,0,34,67,20,3,0,0,41
0,0,20,0,87,0,0,0,0,0,11,0,315,83,13,0,0,0,175,28,119,0,67,0,6,0,283,191,57,0,77,0,22,0,96,0,137,0,6,0,54,23,86,0,82,60,24,63,19,2,0,0,1,0,2,0,10,0,8,0,0,0,12,0,0,0,1,0,0,0,32,0,0,0,0,0,5,0,0,0,0,0,0,0,0,0,0,0,0,0,24,0,0,0,0,0,0,0,0,0,0,0,0,0,0,0,0,0,0,0,0,0,0,0,0,0,0,0,0,0,0,0,0,0,0,0,0,1,0,0,0,0,0,0,0,0,0,0,0,0,0,0,0,0,23,0,0,0,0,0,0,0,0,0,0,0,0,0,0,0,0,0,11,0,115,0,35,0,57,0,8,0,33,0,0,0,17,14,25,0,0,0,0,0,4,0,81,0,0,0,0,0,0,0,11,0,0,0,0,0,0,0,0,0,6,0,0,0,0,0,96,107,151,35,26,8,4,0,0,0,0,0,0,0,0
1,0,0,0,0,61,0,0,0,0,0,34,0,377,0,12,0,0,24,99,0,125,0,17,0,0,21,375,0,11,0,6,0,0,0,91,0,83,0,0,16,103,0,77,0,127,0,24,1,11,0,0,0,0,0,0,0,0,0,0,0,13,0,0,0,0,0,0,0,2,0,14,0,0,0,8,0,2,0,0,0,55,0,0,0,0,0,0,0,0,0,0,0,0,0,0,0,37,0,0,0,0,0,0,0,0,0,0,0,0,0,0,0,0,0,0,0,0,0,0,0,109,0,22,0,1,0,0,0,0,0,0,0,0,0,7,0,0,0,0,0,0,0,0,0,60,0,0,0,0,0,0,0,0,0,0,0,8,0,7,0,0,0,8,0,38,0,46,0,129,0,32,0,40,0,0,0,80,0,59,0,0,0,0,0,0,0,192,0,0,0,0,0,0,0,0,0,0,0,0,0,0,0,0,0,0,0,0,0,0,0,0,0,0,27,0,0,0,72,100,182,0,4,0,0
0,0,13,0,0,0,138,13,191,76,0,0,0,0,5,0,35,0,0,0,6,0,11,0,56,0,0,0,3,0,0,0,0,0,0,0,0,0,0,0,0,0,0,0,0,0,0,0,9,0,1,0,0,6,335,60,197,19,50,72,36,0,39,5,5,0,14,152,0,0,5,0,0,0,9,0,0,0,0,0,0,0,0,0,77,0,0,0,0,0,52,0,0,0,0,0,87,0,17,0,0,0,0,0,0,0,0,0,0,0,0,0,0,0,0,0,0,0,0,0,3,0,59,0,0,0,0,0,88,0,22,0,19,0,0,0,127,0,300,0,182,0,118,0,19,0,0,0,0,0,0,0,1,0,246,1,82,0,153,0,10,0,0,0,0,0,1,0,24,0,136,0,49,0,0,0,1,2,0,0,0,0,17,0,2,0,0,0,0,0,0,0,0,0,0,0,0,0,0,0,0,0,0,0,0,0,0,0,0,0,154,80,162,178,152,3,52,0,0,0,0,0,0,0,0
0,8,0,0,0,0,9,36,26,47,0,8,0,0,0,5,3,111,0,0,0,0,0,32,0,44,0,0,0,12,0,1,0,5,0,0,0,0,0,3,0,0,0,2,0,0,0,1,0,0,0,0,6,0,21,103,0,150,7,0,0,44,7,103,0,0,6,0,0,0,0,0,0,0,0,0,0,0,0,0,0,1,0,0,0,0,0,0,0,0,0,0,0,0,0,0,0,0,0,0,0,0,0,0,0,0,0,14,0,0,0,0,0,0,0,0,0,0,0,0,0,0,0,1,0,0,0,0,0,0,0,0,0,47,0,21,0,83,0,416,0,166,0,105,0,88,0,0,0,0,0,0,0,0,0,137,0,90,0,106,0,1,0,0,0,0,0,0,0,6,0,25,0,5,0,0,1,0,0,0,0,0,0,5,1,0,0,0,0,0,0,0,0,0,0,0,0,0,0,0,0,0,0,0,0,0,0,1,0,3,1,0,0,0,133,0,0,0,229,304,72,85,0,27,0
6,0,162,0,12,0,238,14,58,114,4,0,2,0,28,0,3,0,0,0,0,0,72,0,97,1,0,0,1,0,0,0,0,0,0,0,0,0,0,0,0,0,0,0,0,0,0,0,15,0,2,0,335,21,0,84,107,18,46,87,79,0,19,4,16,6,2,161,0,0,0,1,0,0,0,0,0,0,0,0,0,0,0,0,72,0,5,0,0,0,0,0,0,0,0,0,130,1,7,0,0,0,0,0,0,0,0,0,0,0,0,0,0,0,0,0,0,0,0,0,2,0,19,0,0,12,0,0,105,4,81,0,59,0,0,0,256,0,37,0,0,9,148,2,0,5,5,0,2,0,0,0,0,0,77,0,82,0,70,0,71,0,0,0,0,0,1,0,60,0,249,0,75,0,0,1,1,5,0,0,0,0,1,0,0,4,0,0,0,0,0,0,0,0,0,0,0,0,0,0,0,0,0,0,0,0,0,0,0,0,345,81,287,272,303,16,91,0,0,0,0,0,0,0,0
0,13,0,55,0,11,45,236,184,99,0,0,0,0,0,65,7,11,0,11,0,24,0,54,36,81,0,0,0,11,0,0,0,0,0,0,0,0,0,0,0,0,0,4,0,0,0,0,0,1,0,0,60,103,84,0,0,274,9,25,7,13,60,8,0,0,6,3,0,0,0,0,0,0,0,0,0,0,0,1,0,0,0,0,0,13,0,0,0,1,0,0,0,0,0,0,0,17,0,0,0,0,0,0,0,0,0,0,0,0,0,0,0,0,0,0,0,0,0,0,0,0,0,0,0,14,0,13,0,74,0,32,0,37,0,49,0,119,5,169,0,31,0,50,0,0,0,2,5,0,1,0,0,2,0,73,0,47,0,105,0,10,0,0,0,7,0,0,0,31,2,94,0,42,0,0,0,0,0,0,0,0,4,0,3,1,0,0,0,0,0,0,0,0,0,0,0,0,0,0,0,0,0,0,0,0,0,0,0,0,2,2,3,0,324,0,0,0,396,181,405,194,7,118,4
4,0,0,0,0,0,32,0,18,0,0,0,0,0,0,0,1,0,0,0,2,0,2,0,8,0,0,0,0,0,0,0,0,0,0,0,11,0,0,0,0,0,3,0,0,0,0,0,33,0,10,0,197,0,107,0,0,5,140,23,18,0,0,0,39,38,14,37,0,0,0,1,0,0,0,0,0,0,0,0,0,0,0,0,0,0,0,0,0,0,0,0,0,0,0,0,0,0,0,0,0,0,0,0,0,0,0,0,0,0,0,0,0,0,0,0,0,0,0,0,0,0,0,0,16,0,0,0,57,0,141,0,0,0,0,0,39,0,16,0,0,0,14,0,35,6,7,0,1,0,0,0,0,0,86,0,120,0,55,17,78,0,63,0,0,0,4,0,77,0,221,0,21,0,0,0,2,0,0,0,12,0,0,0,15,0,0,0,0,0,0,0,0,0,0,0,0,0,0,0,0,0,0,0,0,0,0,0,10,0,511,134,621,339,508,64,211,0,0,0,0,0,0,0,0
0,0,0,10,0,0,0,25,18,12,0,0,0,0,0,0,0,19,0,0,0,0,0,9,0,27,0,0,0,0,0,0,0,0,0,0,0,0,0,0,0,0,0,0,0,3,0,0,0,3,0,0,19,150,18,274,5,0,40,154,0,3,3,9,4,0,26,13,0,0,0,0,0,0,0,0,0,1,0,0,0,0,0,1,0,0,0,0,0,0,0,0,0,0,0,0,0,0,0,0,0,0,0,0,0,0,0,0,0,0,0,0,0,0,0,0,0,0,0,0,0,0,0,0,2,14,0,0,0,31,0,37,0,13,0,15,0,31,0,43,0,0,0,0,9,28,0,0,0,2,0,0,0,0,0,109,0,16,3,225,11,39,0,19,0,14,0,15,0,82,0,322,0,27,0,0,0,0,0,0,0,0,0,0,0,0,0,0,0,1,0,0,0,0,0,0,0,0,0,0,0,0,0,0,0,0,0,0,0,0,0,0,0,0,805,0,0,0,908,184,939,444,28,364,0
0,0,14,0,0,0,19,0,70,7,0,0,0,0,0,0,0,0,0,0,0,0,0,0,0,0,0,0,0,0,0,0,0,0,2,0,14,0,0,0,0,0,0,0,0,0,0,0,21,0,8,0,50,7,46,9,140,40,0,197,54,0,6,0,235,62,215,197,0,0,0,0,0,0,0,0,0,0,0,0,0,0,0,0,0,0,0,0,0,0,0,0,0,0,0,0,0,0,0,0,0,0,0,0,0,0,0,0,0,0,0,0,0,0,0,0,0,0,0,0,0,0,0,0,11,0,20,0,6,0,149,0,11,0,13,0,11,0,4,0,0,1,9,0,11,16,12,0,7,0,0,0,0,0,48,16,161,0,5,20,50,16,0,0,0,0,12,0,56,0,204,0,40,0,4,0,17,0,0,0,0,2,0,0,135,16,0,0,0,0,0,0,0,0,0,0,0,0,0,0,0,0,0,0,0,0,0,0,10,0,785,406,603,484,603,41,250,0,0,0,0,0,0,0,0
0,3,0,0,0,0,0,24,102,47,0,0,0,0,0,0,0,0,0,0,0,0,0,0,0,0,0,0,0,0,0,0,0,0,0,0,0,3,0,0,0,0,0,1,0,1,0,0,0,0,0,0,72,0,87,25,23,154,197,0,1,0,11,0,18,233,149,242,0,0,0,0,0,0,0,0,0,0,0,2,0,0,0,0,0,0,0,1,0,1,0,0,0,0,0,0,0,0,0,0,0,0,0,0,0,0,0,0,0,0,0,0,0,0,0,0,0,0,0,0,0,0,0,0,0,35,0,0,0,31,0,95,0,24,0,10,0,21,3,20,0,0,0,0,5,32,0,10,0,0,0,0,0,0,19,24,5,27,3,63,15,87,0,6,0,2,0,0,0,18,0,0,0,0,0,0,0,5,0,0,0,4,1,0,16,36,0,0,0,0,0,0,0,0,0,0,0,0,0,0,0,0,0,0,0,0,0,0,0,0,0,0,0,0,550,0,0,0,873,431,310,330,26,153,1
339,5,216,0,0,0,361,0,325,13,2,0,0,0,0,0,65,0,0,0,6,0,22,0,58,9,0,0,10,0,3,0,8,0,0,0,40,0,18,0,0,0,2,0,0,0,0,0,3,0,0,0,36,0,79,7,18,0,54,1,0,0,20,0,0,0,0,0,0,0,2,0,0,0,7,0,0,0,0,0,0,0,0,0,11,0,3,0,0,0,0,0,0,0,0,0,0,0,7,0,0,0,0,0,0,0,0,0,0,0,0,0,0,0,0,0,0,0,0,0,0,0,0,0,0,0,0,0,0,0,0,0,0,0,0,0,0,0,197,0,135,0,0,0,166,0,0,0,0,0,0,0,0,0,43,0,98,0,8,0,0,0,2,0,0,0,0,0,7,0,87,0,109,0,0,0,20,3,0,0,0,0,93,0,0,0,0,0,0,0,0,0,0,0,0,0,0,0,0,0,0,0,0,0,0,0,0,0,0,0,62,62,55,28,27,0,0,0,0,0,0,0,0,0,0
0,231,0,65,0,0,0,196,0,44,0,21,0,0,1,9,4,69,0,0,0,0,0,48,0,125,0,0,0,16,0,2,0,12,0,10,0,40,0,3,0,0,0,0,0,11,0,0,0,2,0,13,0,44,0,13,0,3,0,0,0,0,0,39,0,0,0,0,0,0,0,5,0,0,0,0,0,0,0,0,0,0,0,0,0,0,0,0,0,0,0,0,0,0,0,0,0,5,0,0,0,0,0,0,0,0,0,0,0,0,0,0,0,0,0,0,0,0,0,0,0,12,0,0,0,0,0,0,0,0,0,0,0,0,0,0,0,0,0,101,0,113,0,41,0,168,0,0,0,0,0,0,0,0,0,17,0,157,0,19,0,0,0,0,0,0,0,0,0,8,0,23,0,100,0,0,0,0,0,56,0,0,0,14,0,0,0,0,0,0,0,0,0,0,0,0,0,0,0,0,0,0,0,0,0,0,0,0,0,0,0,0,0,0,20,0,0,0,24,285,96,27,0,7,0
192,5,196,0,0,0,404,35,255,128,0,0,0,0,20,0,272,0,0,0,52,0,90,0,119,16,0,0,44,0,15,0,7,0,0,0,11,0,5,0,0,0,14,0,0,0,0,0,5,0,12,0,39,7,19,60,0,3,6,11,20,0,0,6,0,0,2,31,0,0,39,0,0,0,20,0,0,0,0,0,15,0,0,0,31,0,0,0,0,0,9,0,7,0,0,0,0,0,0,0,0,0,0,0,0,0,0,0,0,0,0,0,0,0,0,0,0,0,0,0,0,0,51,0,0,0,0,0,0,0,0,0,0,0,0,0,38,0,249,0,164,0,66,0,102,0,0,0,0,0,0,0,0,0,82,0,40,0,28,0,1,0,0,0,0,0,0,0,0,0,12,0,38,0,0,0,7,6,0,0,0,0,49,0,0,0,0,0,0,0,0,0,0,0,0,0,0,0,0,0,0,0,0,0,0,0,0,0,0,0,80,38,65,26,39,0,0,0,0,0,0,0,0,0,0
19,204,18,61,1,0,29,311,23,73,0,9,0,0,0,12,17,284,0,0,0,56,11,121,37,183,0,0,0,113,0,6,0,11,0,4,0,0,0,10,0,0,0,0,0,0,0,0,0,0,0,0,5,103,4,8,0,9,0,0,0,39,6,0,0,0,0,0,0,0,0,2,0,0,0,0,0,0,0,0,0,0,0,0,0,12,0,0,0,0,0,0,0,1,0,0,0,0,0,0,0,0,0,0,0,0,0,0,0,0,0,0,0,0,0,0,0,0,0,0,0,0,0,0,0,0,0,0,0,8,0,0,0,0,0,7,1,28,0,291,0,181,0,54,0,51,0,0,0,0,0,0,0,0,0,35,0,62,0,40,0,0,0,0,0,0,0,5,0,4,0,8,0,33,0,0,0,15,0,19,0,0,0,22,0,0,0,0,0,0,0,0,0,0,0,0,0,0,0,0,0,0,0,0,0,0,0,0,0,0,0,0,0,0,61,0,0,0,111,203,119,48,0,17,0
17,0,10,0,8,0,6,0,136,0,11,0,12,0,3,0,0,0,0,0,0,0,0,3,0,0,0,0,0,0,0,0,0,0,0,0,0,0,0,0,0,0,0,0,0,0,0,0,0,0,0,0,5,0,16,0,39,4,235,18,0,0,0,0,0,55,129,12,0,0,0,0,0,0,1,4,0,0,0,0,0,0,0,0,0,0,0,0,0,0,0,0,0,0,0,0,0,0,0,0,0,0,0,0,0,0,0,0,0,0,0,0,0,0,0,0,0,0,0,0,0,2,0,0,3,0,2,0,0,0,17,0,0,0,0,0,9,0,0,28,0,0,0,0,13,18,12,0,20,0,0,0,9,0,5,9,0,0,1,26,287,100,0,0,0,0,0,0,1,0,2,0,0,0,18,0,5,0,21,0,154,24,9,0,167,0,1,0,0,0,0,0,0,0,0,0,0,0,0,0,0,0,0,0,0,0,0,0,0,0,46,19,0,0,16,0,0,0,0,0,0,0,0,0,0
0,54,0,0,1,22,0,4,0,193,0,25,0,1,0,10,1,0,0,28,0,0,0,2,0,0,0,9,0,0,0,0,0,0,0,0,0,0,0,0,0,0,0,0,0,0,0,0,0,1,0,0,0,0,6,0,38,0,62,233,0,0,0,0,55,0,41,194,0,0,0,0,0,5,0,4,0,0,0,0,0,0,0,0,0,0,0,0,0,0,0,0,0,0,0,0,0,3,0,3,0,0,0,0,0,0,0,0,0,0,0,0,0,0,0,0,0,0,0,0,0,14,0,3,0,48,0,32,0,12,0,51,0,8,0,0,0,26,30,53,2,0,0,0,41,75,0,37,0,68,0,9,0,24,19,0,0,1,20,3,117,358,0,1,0,0,0,0,0,0,0,0,0,2,0,7,0,4,0,12,23,199,0,23,13,67,0,0,0,0,0,0,0,0,0,0,0,1,0,2,0,9,0,0,0,0,0,0,0,8,0,0,0,0,80,0,0,0,104,71,0,0,4,0,0
7,0,1,0,6,0,38,0,114,4,0,0,0,0,0,0,0,0,0,0,0,0,0,0,0,0,0,0,0,0,0,0,0,0,0,0,0,0,0,0,0,0,0,0,0,0,0,0,0,0,1,0,14,6,2,6,14,26,215,149,0,0,2,0,129,41,0,95,0,0,0,0,0,0,0,0,0,0,0,0,0,0,0,0,0,0,0,0,0,0,0,0,0,0,0,0,0,0,0,0,0,0,0,0,0,0,0,0,0,0,0,0,0,0,0,0,0,0,0,0,0,0,0,0,0,0,0,0,0,0,15,0,0,0,1,0,0,0,0,0,0,0,0,0,6,10,3,0,14,0,0,0,0,0,9,12,26,0,2,17,85,0,0,0,0,0,0,0,2,0,15,0,0,0,11,0,37,0,0,0,13,2,0,0,457,4,0,0,0,0,0,0,0,0,0,0,0,0,0,0,0,0,0,0,0,0,0,0,0,0,92,70,67,0,58,0,0,0,0,0,0,0,0,0,0
0,13,0,0,0,0,0,3,168,39,0,5,0,0,0,0,0,0,0,0,0,0,0,0,0,0,0,0,0,0,0,0,0,0,0,0,0,1,0,0,0,0,0,0,0,0,0,0,0,1,0,0,152,0,161,3,37,13,197,242,0,0,31,0,12,194,95,0,0,0,0,0,0,0,0,0,0,0,0,0,0,0,0,0,0,0,0,0,0,0,0,0,0,0,0,0,0,0,0,0,0,0,0,0,0,0,0,0,0,0,0,0,0,0,0,0,0,0,0,0,0,0,0,0,0,8,0,10,0,4,0,50,0,9,0,0,0,8,2,3,0,0,0,0,5,21,0,9,0,23,0,2,0,0,32,15,7,24,7,18,9,135,0,0,0,0,0,0,0,3,0,0,2,0,0,1,0,24,0,0,1,5,1,0,13,435,0,0,0,0,0,0,0,0,0,0,0,0,0,0,0,0,0,0,0,0,0,0,0,0,4,0,0,0,100,0,0,0,204,231,47,0,4,0,0
0,0,0,0,0,0,0,0,0,0,0,0,0,0,0,0,0,0,0,0,0,0,0,0,0,0,0,0,0,0,0,0,0,0,0,0,0,0,0,0,0,0,0,0,5,0,0,0,14,0,0,0,0,0,0,0,0,0,0,0,0,0,0,0,0,0,0,0,0,0,0,0,0,0,0,0,108,0,8,0,0,0,49,0,0,0,7,0,12,0,0,0,103,0,12,0,0,0,0,0,7,0,177,0,0,0,0,0,54,0,15,0,11,0,5,0,2,0,0,0,0,0,0,0,0,1,0,0,0,0,0,0,0,0,0,0,0,0,0,0,0,0,0,0,0,0,1,0,0,0,0,0,0,0,0,0,0,0,0,0,0,0,0,0,41,0,0,0,110,0,0,0,0,0,0,0,0,0,0,0,0,0,0,0,0,0,0,0,0,0,0,0,0,0,0,0,0,0,0,0,0,0,0,0,18,0,0,0,0,0,79,9,109,2,0,66,159,0,0,0,0,0,0,0,0
0,0,0,0,0,0,0,0,0,0,0,0,0,0,0,0,0,0,0,0,0,0,0,0,0,0,0,0,0,0,0,0,0,0,0,0,0,0,0,0,0,8,0,1,0,20,0,2,0,17,0,2,0,0,0,0,0,0,0,0,0,0,0,0,0,0,0,0,0,0,0,0,0,0,0,0,0,47,0,0,0,0,0,102,0,0,0,0,0,58,0,0,0,68,0,35,0,0,0,0,0,10,0,189,0,0,0,15,0,13,0,8,0,15,0,0,0,1,0,0,0,0,0,0,0,0,0,0,0,0,0,1,1,0,0,0,0,0,0,0,0,0,0,0,0,0,0,0,0,0,0,0,0,0,0,0,0,0,0,0,0,0,0,0,0,78,0,0,0,38,0,2,0,0,0,0,0,6,0,0,0,0,0,0,0,0,0,0,0,0,0,6,0,0,0,0,0,4,0,0,0,0,0,0,0,0,0,0,0,0,0,0,0,0,0,0,0,0,50,29,156,0,31,141,3
0,0,0,0,0,0,0,0,0,0,0,0,0,0,0,0,133,0,0,0,106,0,11,0,0,0,26,0,80,0,0,0,18,0,23,0,67,0,34,0,0,0,0,0,45,0,0,0,2,0,32,0,5,0,0,0,0,0,0,0,2,0,39,0,0,0,0,0,0,0,0,0,313,0,282,0,16,0,288,0,0,0,0,0,9,0,19,0,0,0,0,0,0,0,0,0,0,0,0,0,0,0,0,0,0,0,0,0,0,0,0,0,0,0,0,0,0,0,0,0,39,0,15,0,18,0,23,0,0,0,0,4,19,0,56,0,44,0,4,0,38,0,84,0,111,0,18,0,8,0,19,0,28,0,0,0,4,0,0,0,1,0,71,0,3,0,5,0,12,0,42,0,28,0,4,0,0,0,0,0,35,0,0,0,1,0,0,0,0,0,0,0,0,0,0,0,0,0,0,0,9,0,0,0,0,0,0,0,0,0,44,2,7,0,0,0,1,0,0,0,0,0,0,0,0
0,0,0,0,0,0,0,0,0,0,0,0,0,0,0,0,0,1,0,0,0,0,0,0,1,0,0,0,0,9,0,5,0,0,0,0,0,17,0,0,0,0,0,0,0,0,0,0,0,0,0,14,0,0,1,0,1,0,0,0,0,5,0,2,0,0,0,0,0,0,0,0,0,221,0,323,0,12,0,35,0,7,0,3,0,0,0,47,0,0,0,0,0,0,0,0,0,0,0,2,0,0,0,0,0,0,0,0,0,0,0,0,0,0,0,0,0,0,0,0,0,11,0,22,6,10,0,56,0,0,0,0,0,0,0,0,2,0,0,0,0,23,0,54,1,57,0,6,0,36,0,8,0,14,0,0,0,0,1,0,0,3,0,37,0,1,0,2,0,9,0,20,0,25,0,0,0,0,0,0,7,19,0,0,0,0,0,0,0,0,0,0,0,0,0,0,0,0,0,0,0,0,0,0,0,0,0,0,0,0,0,0,0,0,0,0,0,0,38,0,4,0,0,0,0
0,0,0,0,0,0,0,0,0,0,0,0,0,0,8,0,16,0,0,0,0,0,0,0,0,0,0,0,9,0,0,0,0,0,6,0,13,0,0,0,0,0,0,0,0,0,0,0,0,0,0,0,0,0,0,0,0,0,0,0,0,0,0,0,0,0,0,0,0,0,313,0,0,0,94,0,34,0,217,0,2,0,4,0,0,0,5,0,0,0,0,0,0,0,0,0,0,1,0,0,0,0,0,0,0,0,0,0,0,0,0,0,0,0,0,0,0,0,0,0,46,0,18,0,34,0,35,0,0,0,7,0,35,0,81,0,47,0,2,2,0,0,171,0,74,0,34,0,5,0,24,0,26,1,0,0,0,0,0,0,0,0,43,0,0,0,0,0,13,0,3,0,7,0,8,0,0,0,0,0,0,0,0,0,0,0,0,0,0,0,0,0,0,0,0,0,0,0,0,0,41,0,0,0,12,0,72,0,61,0,161,2,5,2,5,0,0,0,0,0,0,0,0,0,0
0,3,0,0,0,0,0,0,0,0,0,0,0,0,0,0,0,0,0,0,0,4,0,0,0,0,0,0,0,0,0,0,0,0,0,0,0,0,0,0,0,0,0,0,0,0,0,0,0,0,0,0,0,0,0,0,0,0,0,0,0,0,0,0,0,5,0,0,0,0,0,221,0,0,0,193,0,68,0,181,0,4,0,18,0,5,0,151,0,0,0,0,0,0,0,2,0,0,0,1,0,2,0,0,0,0,0,0,0,0,0,0,0,0,0,0,0,0,0,0,0,51,0,50,0,13,0,93,0,9,0,0,0,0,0,171,0,83,0,0,0,18,0,68,0,86,0,0,0,0,0,0,1,0,0,0,0,0,0,1,0,0,0,36,0,0,0,0,0,6,0,17,0,6,0,4,0,0,0,2,0,0,0,0,0,0,0,0,0,0,0,0,0,0,0,0,0,0,0,0,0,0,0,0,0,19,0,0,0,79,0,0,0,0,13,0,0,0,156,0,8,10,0,0,0
0,0,16,0,0,0,0,0,0,0,0,0,0,0,0,0,125,0,0,0,86,0,14,0,20,0,31,0,50,0,16,0,20,0,0,0,46,0,25,0,1,0,0,0,34,0,0,0,0,0,0,0,9,0,0,0,0,0,0,0,7,0,20,0,1,0,0,0,0,0,282,0,94,0,0,0,11,0,201,0,9,0,0,0,22,0,41,0,0,0,0,0,0,0,9,0,0,0,5,0,0,0,0,0,1,0,0,0,0,0,0,0,0,0,0,0,0,0,0,0,117,0,46,0,0,0,13,1,0,3,0,0,7,0,61,0,0,0,5,0,34,6,114,0,89,1,9,0,6,0,17,0,5,0,0,0,2,0,0,0,1,0,33,0,0,0,0,0,0,0,17,0,18,0,7,0,0,0,0,0,29,0,0,0,3,0,0,0,0,0,0,0,0,0,0,0,1,0,14,0,0,0,0,0,0,0,51,0,50,0,22,0,5,0,3,1,0,0,0,0,0,0,0,0,0
0,0,0,0,0,0,0,0,0,0,0,0,0,0,0,0,0,0,0,0,0,4,0,0,0,0,0,0,0,0,0,4,0,0,0,0,0,0,0,0,0,0,0,0,0,10,0,0,0,0,0,8,0,0,0,0,0,0,0,0,0,0,0,0,4,4,0,0,0,0,0,323,0,193,0,0,0,4,0,126,0,7,0,4,0,2,0,68,0,0,0,0,0,0,0,1,0,0,0,0,0,0,0,0,0,0,0,0,0,0,0,0,0,0,0,0,0,0,0,0,1,117,0,60,0,0,0,37,0,0,0,0,0,0,0,49,0,0,5,0,2,19,0,39,0,142,0,0,0,54,0,0,0,19,0,0,0,0,0,0,0,7,0,40,0,0,0,1,0,2,0,19,0,14,0,2,0,0,0,0,3,16,0,0,0,0,0,0,0,0,0,0,0,0,0,0,0,0,0,0,0,0,0,0,0,0,0,0,0,0,0,0,0,0,0,0,0,0,85,0,3,6,0,0,0
0,0,0,0,0,0,0,0,0,0,0,0,0,0,0,0,0,0,0,0,0,0,0,0,0,0,0,0,0,0,0,0,0,0,0,0,0,0,0,0,0,1,0,0,0,0,0,0,5,0,5,0,0,0,0,0,0,0,0,0,0,0,0,0,0,0,0,0,108,0,16,0,34,0,11,0,0,0,35,0,24,0,92,0,0,0,60,0,4,0,2,0,173,0,34,0,25,0,5,0,6,0,124,0,0,0,7,0,7,0,5,0,5,0,1,0,0,0,0,0,12,0,0,0,0,0,0,0,0,0,0,0,0,0,0,0,0,0,0,0,0,0,23,0,6,0,0,0,0,0,0,0,0,0,0,0,0,0,0,0,0,0,2,0,22,0,0,0,14,0,0,0,3,0,0,0,0,0,0,0,0,0,0,0,0,0,0,0,0,0,0,0,81,0,39,0,6,0,0,0,62,0,0,0,69,0,0,0,0,0,53,3,57,0,7,11,0,0,0,0,0,0,0,0,0
0,0,0,0,0,0,0,0,0,0,0,0,0,0,0,0,0,0,0,0,0,0,0,0,0,0,0,0,0,0,0,0,0,0,0,0,0,0,0,0,0,0,0,0,0,33,0,0,0,12,0,2,0,0,0,0,0,1,0,0,0,0,0,0,0,0,0,0,0,47,0,12,0,68,0,4,0,0,0,31,0,65,0,232,0,0,0,172,0,17,1,0,0,89,0,73,0,0,0,13,0,48,0,97,0,35,0,71,0,0,0,0,0,0,0,0,0,6,0,0,0,15,0,14,0,0,0,0,0,0,0,0,0,0,0,43,0,0,0,0,0,0,0,29,0,0,1,0,0,0,0,0,0,0,0,3,0,0,0,0,0,0,0,2,0,19,0,0,0,43,0,0,0,0,0,0,0,0,0,0,0,0,0,0,0,1,0,0,0,0,0,0,1,0,0,52,0,5,0,0,0,34,0,0,0,58,0,0,0,0,0,0,0,0,8,0,0,0,54,23,62,0,27,0,0
0,0,0,0,0,0,0,0,0,0,0,0,0,0,0,0,34,0,0,0,0,0,0,0,0,0,0,0,25,0,0,0,0,0,0,0,14,0,0,0,0,0,0,0,0,0,0,0,0,0,0,0,0,0,0,0,0,0,0,0,0,0,0,0,0,0,0,0,8,0,288,0,217,0,201,0,35,0,0,0,36,0,88,0,80,0,82,0,2,0,0,0,91,0,24,0,43,0,0,0,6,0,53,0,0,0,0,0,0,0,0,0,0,0,0,0,0,0,0,0,221,0,115,0,0,0,0,0,0,0,0,0,0,0,0,0,0,1,0,0,12,0,91,0,21,0,0,0,0,0,0,0,0,0,0,0,0,0,0,0,0,0,8,0,0,0,0,0,47,0,0,0,0,0,0,0,0,0,0,0,0,0,0,0,0,0,0,0,75,0,0,0,95,0,39,0,9,0,0,0,129,2,119,0,60,0,0,1,33,0,168,0,40,0,0,19,2,0,0,0,0,0,0,0,0
0,0,0,0,0,0,0,0,0,0,0,0,0,0,0,0,0,0,0,0,0,0,0,0,0,0,0,0,0,0,0,0,0,0,0,0,0,0,0,0,0,0,0,0,0,0,0,0,0,0,0,0,0,0,0,1,0,0,0,2,0,0,0,0,0,0,0,0,0,0,0,35,0,181,0,126,0,31,0,0,0,0,0,3,0,3,0,88,0,0,0,0,0,0,0,0,0,0,0,1,0,0,0,0,0,0,0,0,0,0,0,0,0,0,0,0,0,0,0,0,0,11,0,26,0,0,0,0,0,0,0,0,0,0,0,84,0,0,0,0,0,19,0,67,0,40,0,2,0,0,0,0,0,0,0,0,0,3,0,0,0,5,0,12,0,0,0,0,0,0,0,0,0,0,0,0,0,0,0,0,0,0,0,0,0,0,0,0,0,0,0,0,0,0,0,0,0,0,0,0,0,8,0,0,0,0,0,0,0,41,0,0,0,0,10,0,0,0,71,0,0,0,0,0,0
