0,163,56,136,103,0,36,158,38,0,157,0,229,0,19,42,25,58,17,0,0,0,12,77,26,212,16,0,119,0,15,0,113,0,0,0,60,0,547,0,37,0,0,0,0,0,63,0,21,0,9,0,0,5,0,0,0,0,5,0,162,0,135,32,0,0,0,0,0,0,0,0,0,0,0,0,0,0,0,0,0,0,0,0,0,0,0,0,0,0,0,0,0,0,0,0,0,0,0,0,0,0,0,0,0,0,0,0,0,0,0,0,0,0,0,0,0,0,0,0,0,0,0,0,0,0,0,0,0,0,0,0,0,0,0,0,0,0,0,0,0,0,0,0,0,0,0,0,5,0,0,0,0,0,0,0,0,0,0,0,0,0,0,0,0,0,0,0,52,0,0,0,206,4,0,0,332,34,13,0,0,0,57,1,4,0,0,0,0,0,0,0,0,0,0,0,0,0,0,0,0,0,0,0,0,0,0,0,0,0,656,177,133,0,408,0,10,0,0,0,9,0,0,0,0
163,0,376,24,0,332,0,101,22,104,0,108,0,193,0,32,90,15,0,123,0,0,412,0,264,29,0,239,9,31,2,0,0,75,0,0,0,66,17,227,0,63,0,0,0,9,0,166,0,0,0,0,0,0,0,24,0,4,0,17,0,241,0,265,0,35,0,20,0,0,0,0,0,0,0,0,0,0,0,0,0,0,0,0,0,0,0,0,0,0,0,0,0,0,0,0,0,0,0,0,0,0,0,0,0,0,0,0,0,0,0,0,0,0,0,0,0,0,0,0,0,0,0,0,0,3,0,6,0,0,0,12,0,0,0,47,0,33,0,0,0,4,0,0,0,0,0,14,0,44,0,31,0,25,0,0,0,0,0,0,0,3,0,14,0,0,0,0,0,20,0,43,0,146,0,12,116,456,0,9,0,0,0,26,0,46,0,6,0,0,0,0,0,0,0,0,0,0,0,21,0,10,0,0,0,0,0,0,0,20,0,0,0,0,254,0,0,0,730,173,217,167,0,0,0
56,376,0,205,238,106,117,0,9,0,31,98,105,0,111,138,98,89,96,0,29,0,254,159,113,195,64,0,155,0,84,0,168,0,0,0,0,7,213,0,27,0,0,1,0,0,65,0,0,0,0,0,0,0,36,0,46,0,23,0,0,41,55,0,12,0,0,0,0,0,0,0,0,0,0,0,0,0,0,0,0,0,0,0,0,0,0,0,0,0,0,0,0,0,0,0,0,0,0,0,0,0,0,0,0,0,0,0,0,0,0,0,0,0,0,0,0,0,0,0,0,0,0,0,116,0,0,0,0,0,183,0,0,0,153,0,71,0,0,0,0,0,0,0,0,0,41,0,302,1,29,1,0,0,7,0,0,0,0,0,39,0,0,1,0,0,136,0,0,0,0,0,185,0,5,0,257,38,0,0,0,0,47,0,46,0,0,0,0,0,0,0,0,0,0,0,6,0,0,0,0,0,0,0,0,0,5,0,75,0,489,112,228,0,490,0,0,0,0,6,0,0,0,0,0
136,24,205,0,150,96,0,71,0,12,148,6,0,0,61,331,26,33,8,217,34,102,229,352,62,123,0,67,0,106,0,0,0,198,0,0,0,159,0,278,0,0,0,0,0,0,0,0,0,8,0,7,0,0,0,90,0,33,0,43,0,41,1,82,0,0,0,0,0,0,0,0,0,0,0,0,0,0,0,0,0,0,0,0,0,80,0,0,0,0,0,0,0,0,0,0,0,0,0,0,0,0,0,0,0,0,0,0,0,0,0,0,0,0,0,0,0,0,0,0,0,0,0,0,0,0,0,0,0,0,0,0,0,0,0,107,0,85,0,0,0,0,0,0,0,0,0,0,0,0,0,0,0,0,0,0,0,0,0,0,0,0,0,0,1,0,0,157,0,40,0,16,0,171,0,11,0,97,0,3,0,0,0,4,0,12,0,0,0,0,0,0,0,0,0,0,0,0,0,0,0,0,0,0,0,0,0,0,0,0,0,0,0,0,228,0,0,0,485,148,431,0,0,0,0
103,0,238,150,0,411,23,0,20,0,118,230,127,42,109,532,0,0,58,176,94,0,46,123,16,0,62,0,19,0,185,0,200,0,43,0,190,0,0,0,31,0,0,0,0,0,58,0,0,0,155,0,0,0,0,0,0,0,0,0,0,0,1,0,8,0,0,0,0,0,0,0,0,0,0,0,0,0,0,0,0,0,0,0,0,0,0,0,0,0,0,0,0,0,0,0,0,0,0,0,0,0,0,0,0,0,0,0,0,0,0,0,0,0,0,0,0,0,0,0,0,0,0,0,26,0,0,0,0,0,41,0,0,0,0,0,0,0,0,0,0,0,0,0,0,0,0,0,0,0,0,0,24,0,0,0,0,0,0,0,0,0,0,0,55,0,252,0,238,2,0,0,145,0,16,0,441,90,86,0,9,0,63,0,31,0,0,0,0,0,0,0,0,0,0,0,0,0,0,0,0,0,0,0,0,0,0,0,0,0,563,237,489,0,336,0,0,0,0,30,0,0,0,0,0
0,332,106,96,411,0,0,102,0,35,207,242,123,63,531,85,0,0,159,315,262,324,76,70,0,15,0,196,0,0,27,0,0,47,0,86,0,379,0,0,0,23,0,9,0,0,0,102,0,0,0,0,0,1,0,20,0,10,0,0,0,0,0,0,0,0,0,0,0,0,0,0,0,0,0,0,0,0,0,0,0,0,0,0,0,0,0,0,0,0,0,0,0,0,0,0,0,0,0,0,0,0,0,0,0,0,0,0,0,0,0,0,0,0,0,0,0,0,0,0,0,0,0,0,0,0,0,7,0,0,3,0,0,0,0,39,0,51,1,0,0,10,0,0,0,0,0,0,0,24,0,23,0,0,0,0,0,0,0,0,0,0,0,0,0,23,0,340,0,0,0,0,0,78,0,12,104,377,0,27,0,0,0,11,0,0,0,2,0,0,0,0,0,0,0,0,0,0,0,0,0,0,0,0,0,0,0,0,0,23,0,0,0,0,171,0,0,0,644,459,561,0,0,0,0
36,0,117,0,23,0,0,0,39,114,22,0,0,0,18,0,18,0,14,0,0,0,23,0,238,109,0,0,0,0,0,0,0,0,0,0,0,0,124,0,0,0,0,0,0,0,14,0,43,0,0,0,40,0,111,0,26,0,25,0,253,0,369,0,0,0,7,0,0,0,0,0,0,0,0,0,0,0,0,0,0,0,0,0,0,0,0,0,0,0,0,0,0,0,0,0,0,0,0,0,0,0,0,0,0,0,0,0,0,0,0,0,0,0,0,0,0,0,0,0,0,0,0,0,92,0,38,0,0,0,264,0,12,0,45,0,19,0,0,0,0,0,0,0,0,0,3,0,94,0,8,0,0,0,0,0,0,0,6,0,26,0,0,0,0,0,0,0,0,0,0,0,137,0,0,0,28,14,0,0,0,0,4,4,0,1,0,0,0,0,0,0,0,0,0,0,0,0,0,0,0,0,0,0,0,0,0,0,52,0,558,73,178,384,431,1,22,0,0,0,0,0,0,0,0
158,101,0,71,0,102,0,0,77,145,0,8,0,0,0,45,69,43,0,56,0,0,140,32,311,149,0,0,0,15,1,0,0,14,0,0,1,0,0,135,0,0,0,0,0,0,0,0,0,3,0,0,0,0,0,217,0,10,0,30,0,127,0,366,0,1,0,0,0,0,0,0,0,0,0,0,0,0,0,0,0,0,0,0,0,0,0,0,0,0,0,0,0,0,0,0,0,0,0,0,0,0,0,0,0,0,0,0,0,0,0,0,0,0,0,0,0,0,0,0,0,0,0,0,0,0,0,0,0,0,0,0,0,0,0,173,0,161,0,19,0,21,0,41,0,0,0,0,0,0,0,4,0,0,0,0,0,0,0,1,0,3,0,8,0,0,0,0,0,20,0,20,0,106,0,0,64,84,0,0,0,16,0,2,0,1,0,0,0,0,0,0,0,0,0,0,0,0,0,0,0,21,0,0,0,0,0,0,0,11,8,0,0,0,278,0,0,0,492,56,250,0,0,0,0
38,22,9,0,20,0,39,77,0,187,8,0,24,0,13,0,0,0,0,0,0,0,0,0,54,157,0,0,6,0,0,0,0,0,0,0,0,0,135,0,14,0,0,0,0,0,14,0,33,0,0,0,182,131,97,254,12,0,148,77,552,0,351,58,53,0,25,71,0,0,0,0,0,0,0,0,0,0,0,0,1,0,0,0,0,0,0,0,0,0,0,0,0,0,0,0,0,0,0,0,0,0,0,0,0,0,0,0,0,0,0,0,0,0,0,0,0,0,0,0,0,0,0,0,30,0,12,0,0,0,45,0,0,0,0,0,0,0,0,0,0,0,0,0,0,0,20,0,143,0,2,0,10,0,3,0,0,0,0,0,0,0,0,0,0,0,4,0,59,0,136,0,284,0,0,0,362,30,22,0,0,0,25,0,187,0,5,0,0,0,0,0,0,0,0,0,0,0,0,0,0,0,0,0,0,0,0,0,14,0,672,252,144,248,333,0,30,0,0,0,0,0,0,0,0
0,104,0,12,0,35,114,145,187,0,0,22,0,16,0,6,26,0,0,21,0,0,0,0,172,53,0,37,0,3,0,0,0,0,0,0,0,0,6,0,0,7,0,0,0,0,0,29,0,0,0,0,58,165,229,242,0,43,35,142,0,142,84,298,0,112,0,53,0,0,0,0,0,0,0,0,0,0,0,0,0,0,0,0,0,0,0,0,0,0,0,0,0,0,0,0,0,0,0,0,0,0,0,0,0,0,0,0,0,0,0,0,0,0,0,0,0,0,0,0,0,0,0,0,0,29,0,6,0,0,0,24,0,0,0,11,0,17,0,0,0,0,0,0,0,2,0,13,0,68,0,52,0,4,0,0,1,49,0,0,0,16,0,0,0,4,0,0,0,14,0,61,0,70,0,6,114,223,0,0,1,6,2,7,0,30,0,0,0,0,0,0,0,0,0,0,0,0,0,18,2,0,0,0,0,0,0,9,0,29,0,0,0,0,313,0,0,0,846,92,198,220,0,35,0
157,0,31,148,118,207,22,0,8,0,0,79,256,0,10,348,0,0,10,0,0,15,0,102,0,11,21,0,0,0,0,0,105,0,0,0,65,0,2,0,50,0,1,0,0,0,57,0,0,0,0,0,0,0,0,0,0,0,0,0,0,1,0,0,0,0,0,0,0,0,0,0,0,0,0,0,0,0,0,0,0,0,0,0,0,0,0,0,0,0,0,0,0,0,0,0,0,0,0,0,0,0,0,0,0,0,0,0,0,0,0,0,0,0,0,0,0,0,0,0,0,0,0,0,0,0,0,0,0,0,0,0,0,0,0,0,0,0,0,0,0,0,0,0,0,0,0,0,0,0,0,0,15,0,0,0,0,0,0,0,0,0,0,0,0,0,51,0,0,0,2,0,0,0,0,0,459,55,90,0,9,0,34,0,28,0,13,0,0,0,0,0,0,0,0,0,0,0,0,0,0,0,0,0,0,0,0,0,0,0,214,92,129,0,122,0,3,0,0,23,0,0,0,0,0
0,108,98,6,230,242,0,8,0,22,79,0,0,250,348,6,12,0,61,31,142,37,106,12,4,0,0,113,0,0,0,5,0,86,0,0,3,46,0,33,0,159,0,0,0,8,0,164,0,30,0,0,0,0,0,7,0,0,0,3,0,0,0,0,0,9,0,0,0,0,0,0,0,0,0,0,0,0,0,0,0,0,0,0,0,0,0,0,0,0,0,0,0,0,0,0,0,0,0,0,0,0,0,0,0,0,0,0,0,0,0,0,0,0,0,0,0,0,0,0,0,1,0,0,0,5,0,0,0,0,0,13,0,0,0,0,0,8,0,0,0,0,0,0,0,0,0,0,0,9,0,0,0,40,0,0,0,0,0,0,0,0,0,0,0,0,0,60,0,0,0,0,0,17,0,39,60,379,0,29,0,14,0,39,0,68,0,16,0,0,0,0,0,0,0,0,0,0,0,0,0,0,0,0,0,0,0,0,0,0,1,0,0,0,52,0,0,0,374,190,156,0,0,0,0
229,0,105,0,127,123,0,0,24,0,256,0,0,161,24,46,0,0,108,377,50,143,26,0,27,0,168,438,0,0,0,0,0,0,111,0,0,0,0,0,137,20,82,0,11,38,157,132,67,0,239,0,0,0,0,0,0,0,0,0,0,0,2,0,0,0,0,0,0,0,0,0,0,0,0,0,0,0,0,0,0,0,0,0,0,0,0,0,0,0,0,0,0,0,0,0,0,0,0,0,0,0,0,0,0,0,0,0,0,0,0,0,0,0,0,0,0,0,0,0,0,0,0,0,0,0,0,0,0,0,0,0,0,0,0,0,0,0,0,0,0,0,0,0,0,0,0,0,0,0,0,0,0,0,0,0,0,0,0,0,0,0,2,0,46,0,0,0,0,0,0,0,0,0,3,0,308,78,91,0,0,0,127,0,38,0,121,12,0,0,0,0,0,0,0,0,0,0,0,0,0,0,0,0,0,0,0,0,0,0,127,379,261,0,30,0,0,0,0,40,0,0,0,0,0
0,193,0,0,42,63,0,0,0,16,0,250,161,0,78,0,0,0,532,51,224,38,0,0,0,0,152,53,0,0,6,0,0,0,81,75,0,0,0,0,42,139,0,72,0,16,19,138,0,25,35,373,0,0,0,0,0,0,0,0,0,0,0,0,0,0,0,0,0,0,0,0,0,0,0,0,0,0,0,0,1,0,0,0,0,0,0,0,0,0,0,0,0,0,0,0,0,0,0,0,0,0,0,0,0,0,0,0,0,0,0,0,0,0,0,0,0,0,0,0,0,0,0,0,0,0,0,0,0,0,0,0,0,0,0,0,0,0,0,0,0,0,0,0,0,0,0,0,0,0,0,0,0,5,0,0,0,0,0,0,0,0,0,0,0,29,0,49,0,0,0,0,0,0,0,0,34,281,0,0,0,0,0,0,0,0,9,42,0,0,0,0,0,0,0,0,0,0,0,0,0,0,0,0,0,0,0,0,0,0,0,0,0,0,0,0,0,0,0,169,131,0,0,0,0
19,0,111,61,109,531,18,0,13,0,10,348,24,78,0,591,14,0,125,272,67,142,152,91,34,0,58,48,0,0,62,0,32,39,39,69,161,59,0,0,0,0,8,0,0,0,17,0,0,0,47,0,0,0,13,0,0,0,0,0,1,0,4,0,6,0,0,0,0,0,1,0,0,0,0,0,0,0,0,0,0,0,0,0,14,0,0,0,0,0,0,0,0,0,0,0,0,0,0,0,0,0,0,0,0,0,0,0,0,0,0,0,0,0,0,0,0,0,0,0,0,0,0,0,0,0,0,0,0,0,0,0,0,0,34,0,0,0,0,0,0,0,0,0,0,0,0,0,72,0,0,0,0,0,0,0,0,0,0,0,0,0,0,0,0,0,45,0,0,0,0,0,30,0,0,0,92,70,11,0,0,0,28,0,44,0,0,0,0,0,0,0,0,0,0,0,0,0,0,0,0,0,0,0,0,0,0,0,0,0,112,249,78,0,46,0,4,0,0,39,0,0,0,0,0
42,32,138,331,532,85,0,45,0,6,348,6,46,0,591,0,0,11,56,296,212,82,114,87,0,103,0,67,0,1,0,5,22,19,0,3,18,31,0,9,0,4,0,0,0,0,0,0,0,16,0,0,0,0,0,62,0,0,0,0,0,0,0,0,0,0,0,0,0,0,0,0,0,0,0,0,0,0,0,0,0,0,0,0,0,174,0,0,0,0,0,0,0,0,0,0,0,0,0,0,0,0,0,0,0,0,0,0,0,0,0,0,0,0,0,0,0,0,0,0,0,0,0,0,0,0,0,0,0,0,0,0,0,0,0,141,0,93,0,61,0,73,0,120,0,0,0,6,0,0,0,0,0,9,0,0,0,0,0,0,0,0,0,0,0,2,0,16,0,0,0,0,0,18,0,0,48,101,0,2,0,0,0,0,0,0,0,0,0,0,0,0,0,0,0,0,0,0,0,0,0,0,0,0,0,0,0,0,0,0,0,0,0,0,21,0,0,0,131,765,0,28,0,0,0
25,90,98,26,0,0,18,69,0,26,0,12,0,0,14,0,0,19,145,0,238,0,111,29,50,127,189,0,121,0,63,1,82,0,29,0,14,1,140,0,0,0,0,0,0,0,56,0,29,0,7,0,65,8,0,0,17,0,0,0,40,0,124,26,0,0,1,0,0,0,12,0,0,2,84,0,0,0,0,0,196,0,0,0,460,0,176,0,0,0,175,0,0,0,42,0,209,0,774,0,125,0,0,0,0,0,0,0,0,0,0,0,0,0,0,0,0,0,0,0,120,0,72,0,0,0,0,0,43,0,0,0,0,0,0,0,82,0,60,0,70,0,237,0,0,0,0,0,0,0,0,0,0,0,38,0,0,0,50,0,20,0,4,0,0,0,11,0,33,0,0,0,77,0,0,0,20,0,0,0,0,0,8,0,0,0,0,0,0,0,0,0,0,0,0,0,0,0,0,0,71,0,0,0,0,0,0,0,0,0,115,247,69,141,154,0,7,8,0,0,0,0,0,0,0
58,15,89,33,0,0,0,43,0,0,0,0,0,0,0,11,19,0,0,0,0,143,89,158,31,105,0,0,0,49,0,10,5,39,0,8,0,16,0,38,0,0,0,0,0,11,0,0,0,0,0,0,0,80,0,29,0,19,0,0,0,19,0,334,0,0,0,0,0,0,0,0,0,0,0,11,0,0,0,0,0,240,0,0,0,263,0,0,0,0,0,0,0,0,0,0,0,0,0,155,0,138,0,0,0,0,0,0,0,0,0,0,0,0,0,0,0,0,0,0,0,54,0,46,0,0,0,0,0,0,0,0,0,0,0,136,0,78,0,98,0,51,0,331,0,0,0,0,0,0,0,0,0,0,0,16,0,3,0,12,0,0,0,1,0,0,0,16,0,6,0,8,0,22,0,0,5,0,0,0,0,0,0,0,0,0,0,0,0,0,0,0,0,0,0,0,0,0,0,0,0,0,0,0,0,0,0,0,0,0,0,0,0,0,0,0,0,0,39,324,38,22,0,0,0
17,0,96,8,58,159,14,0,0,0,10,61,108,532,125,56,145,0,0,657,106,209,355,0,110,0,93,781,16,0,11,0,0,0,136,73,28,0,0,0,15,0,60,0,5,0,46,145,0,0,225,54,0,0,0,0,0,0,0,0,0,0,0,0,0,0,0,0,0,0,21,0,0,0,0,0,0,0,0,0,0,0,0,0,92,0,0,0,0,0,0,0,14,0,0,0,0,0,0,0,0,0,0,0,0,0,0,0,0,0,0,0,0,0,0,0,0,0,0,0,0,0,0,0,0,0,0,0,0,0,0,0,0,0,0,0,0,0,0,0,0,0,0,0,0,0,0,0,0,0,0,0,0,0,0,0,0,0,0,0,0,0,8,0,25,0,0,2,0,0,0,0,0,0,0,0,200,112,10,0,0,0,30,0,0,0,85,0,0,0,0,0,0,0,0,0,0,0,0,0,0,0,0,0,0,0,0,0,0,0,79,77,82,0,0,0,0,1,0,40,0,0,0,0,0
0,123,0,217,176,315,0,56,0,21,0,31,377,51,272,296,0,0,657,0,336,360,0,218,0,71,170,219,0,0,0,15,0,0,101,93,0,41,0,0,0,15,42,29,0,41,0,197,0,40,66,136,0,0,0,0,0,16,0,0,0,0,0,0,0,0,0,0,0,0,0,0,0,0,0,0,0,0,0,0,0,0,0,0,0,0,0,0,0,0,0,0,0,0,0,0,0,0,0,0,0,0,0,0,0,0,0,0,0,0,0,0,0,0,0,0,0,0,0,0,0,18,0,0,0,0,0,0,0,0,0,0,0,0,0,0,0,140,0,0,0,0,0,0,0,0,0,0,0,0,0,24,0,0,0,0,0,0,0,0,0,0,0,0,0,19,0,37,0,0,0,15,0,24,0,0,34,90,0,3,0,0,0,4,0,0,0,16,0,0,0,0,0,0,0,0,0,0,0,0,0,0,0,0,0,0,0,0,0,19,0,0,0,0,0,0,0,0,149,427,144,0,0,0,0
0,0,29,34,94,262,0,0,0,0,0,142,50,224,67,212,238,0,106,336,0,114,168,38,25,0,79,315,88,0,43,0,122,0,55,48,62,0,0,0,0,22,29,0,26,0,2,53,21,1,65,21,12,0,21,0,0,0,0,0,0,0,81,0,2,0,0,0,0,0,63,0,0,0,190,0,0,0,0,0,226,0,0,0,153,0,311,0,0,0,0,0,0,0,0,0,0,0,635,0,0,0,0,0,0,0,0,0,0,0,0,0,0,0,0,0,0,0,0,0,111,0,41,0,0,0,0,0,0,0,0,0,0,0,0,0,0,0,0,0,0,0,0,0,89,0,0,0,0,0,0,0,0,0,0,0,0,0,0,0,0,0,12,0,28,2,114,0,94,0,0,0,66,0,0,0,16,18,3,0,0,0,5,0,0,0,17,0,0,0,0,0,0,0,0,0,0,0,0,0,0,0,0,1,0,0,0,0,0,0,369,533,140,106,148,0,0,4,0,40,0,1,0,0,0
0,0,0,102,0,324,0,0,0,0,15,37,143,38,142,82,0,143,209,360,114,0,0,321,0,106,0,248,0,54,0,2,0,6,37,24,0,4,0,3,0,0,0,62,0,260,0,47,0,52,0,27,0,0,0,0,0,0,0,0,0,2,0,45,0,0,0,0,0,0,0,41,0,0,0,0,0,0,0,0,0,0,0,0,0,0,0,0,0,0,0,0,0,0,0,0,0,0,0,0,0,0,0,0,0,0,0,0,0,0,0,0,0,0,0,0,0,0,0,0,0,0,0,0,0,0,0,0,0,0,0,0,0,0,0,0,0,0,0,75,0,103,0,416,0,74,0,0,0,0,0,0,0,0,0,10,0,0,0,0,0,0,0,0,0,0,0,19,0,0,0,20,0,16,0,0,10,45,0,0,0,0,0,0,0,0,0,6,0,0,0,0,0,0,0,0,0,0,0,0,0,0,0,0,0,0,0,0,0,0,0,0,0,0,38,0,0,0,162,603,59,0,0,0,0
12,412,254,229,46,76,23,140,0,0,0,106,26,0,152,114,111,89,355,0,168,0,0,190,67,201,196,0,48,0,10,0,30,0,4,0,16,5,50,19,35,0,4,0,0,0,72,0,27,0,0,0,13,0,95,0,0,0,0,0,8,43,66,62,0,0,0,0,0,0,0,0,2,0,0,0,0,0,0,0,0,0,0,0,109,0,0,0,0,0,172,0,0,0,0,0,174,0,0,0,0,0,0,0,12,0,0,0,0,0,0,0,0,0,0,0,0,0,0,0,0,0,0,0,0,0,0,0,0,0,22,0,0,0,105,0,54,0,0,0,0,0,245,0,0,0,21,0,0,0,0,0,0,0,16,0,0,0,0,0,17,0,0,0,0,0,0,0,37,0,0,0,66,0,0,0,73,21,0,0,0,0,12,0,13,0,0,0,0,0,0,0,0,0,0,0,0,0,0,0,0,0,0,0,0,0,0,0,30,0,295,270,84,146,203,0,10,0,0,7,0,0,0,0,0
77,0,159,352,123,70,0,32,0,0,102,12,0,0,91,87,29,158,0,218,38,321,190,0,0,164,0,97,0,99,7,22,0,19,0,32,0,31,0,16,0,0,0,8,0,81,0,0,0,0,0,3,0,0,2,45,0,24,0,0,0,0,0,93,0,0,0,0,0,0,0,0,0,0,0,0,0,0,0,0,0,436,0,0,0,434,0,55,0,0,0,29,0,0,0,0,0,0,0,0,0,153,0,0,0,0,0,0,0,0,0,0,0,0,0,0,0,0,0,0,0,0,0,0,0,0,0,0,0,0,0,0,0,0,0,169,0,0,0,69,0,57,0,206,0,0,0,0,0,0,0,0,0,0,0,0,0,0,0,0,0,0,0,0,0,3,0,39,0,12,0,13,0,34,0,0,9,27,0,0,0,0,0,0,0,0,0,0,0,0,0,0,0,0,0,0,0,0,0,0,0,0,0,0,0,0,0,0,0,0,0,1,0,0,0,0,0,0,158,928,65,0,0,0,0
26,264,113,62,16,0,238,311,54,172,0,4,27,0,34,0,50,31,110,0,25,0,67,0,0,582,109,0,4,0,7,0,0,0,2,0,0,0,39,0,0,0,0,0,0,0,52,0,21,0,0,0,64,39,200,124,53,0,23,0,0,0,123,116,2,0,3,0,0,0,0,0,0,0,0,0,0,0,0,0,0,0,0,0,227,0,0,0,0,0,186,0,0,0,0,0,253,0,0,0,0,0,0,0,0,0,286,0,0,0,0,0,0,0,0,0,0,0,0,0,0,0,16,0,36,0,4,0,0,0,0,0,0,0,131,0,144,0,0,0,48,0,433,0,0,0,0,0,33,0,7,0,8,0,63,0,0,0,49,0,68,0,0,0,0,0,0,0,17,0,0,0,29,0,1,0,87,26,0,0,3,0,19,5,0,0,0,0,0,0,0,0,0,0,0,0,0,0,0,0,203,0,0,0,0,0,0,0,16,0,100,135,0,0,126,0,0,0,0,3,0,0,0,0,0
212,29,195,123,0,15,109,149,157,53,11,0,0,0,0,103,127,105,0,71,0,106,201,164,582,0,0,0,0,28,0,9,0,13,0,0,0,0,37,26,0,0,0,1,0,0,0,0,0,5,0,0,6,10,28,140,0,64,0,63,41,25,72,88,0,0,0,0,0,0,0,0,0,0,0,0,0,0,0,0,0,0,0,0,0,123,0,0,0,0,0,0,0,0,0,0,0,20,0,0,0,45,0,0,0,0,0,0,0,0,0,0,0,0,0,0,0,0,0,0,0,5,0,0,0,0,0,0,0,0,0,0,0,10,0,104,0,40,0,74,0,56,0,139,0,1,0,0,0,1,0,0,0,0,0,2,0,0,0,0,0,0,0,1,0,0,0,0,0,0,0,0,0,16,0,1,37,48,0,0,0,0,12,0,0,0,0,0,0,0,0,0,0,0,0,0,0,0,0,0,0,0,0,0,0,0,0,0,0,0,16,0,0,0,14,0,0,0,38,339,40,26,0,0,0
16,0,64,0,62,0,0,0,0,0,21,0,168,152,58,0,189,0,93,170,79,0,196,0,109,0,0,776,39,0,6,0,0,0,76,0,34,0,0,0,40,121,229,22,194,90,148,465,50,0,253,0,0,0,0,0,0,0,0,0,0,0,46,2,0,0,0,0,0,0,58,0,0,0,79,0,0,0,0,0,0,0,0,0,0,0,0,0,0,0,0,0,0,0,0,0,0,0,0,0,0,0,0,0,0,0,0,0,0,0,0,0,0,0,0,0,0,0,0,0,0,0,29,0,0,0,0,0,0,0,0,0,0,0,0,0,0,0,0,0,0,0,0,0,56,0,0,0,0,0,0,0,0,0,0,0,0,0,0,0,0,0,0,0,51,0,0,0,0,0,0,0,0,0,0,0,42,82,0,0,0,0,30,0,0,0,168,15,0,0,0,0,0,0,0,0,0,0,0,0,112,0,0,0,0,0,0,0,0,0,74,251,159,0,28,0,0,32,0,26,0,0,0,0,0
0,239,0,67,0,196,0,0,0,37,0,113,438,53,48,67,0,0,781,219,315,248,0,97,0,0,776,0,0,12,4,0,0,0,107,32,1,12,0,0,289,25,214,317,92,242,130,263,2,75,223,338,0,0,0,0,0,0,0,0,0,3,0,0,0,17,0,0,0,0,0,0,0,0,0,0,0,0,0,0,0,0,0,0,0,0,0,0,0,0,0,0,0,0,0,0,0,0,0,0,0,0,0,0,0,0,0,0,0,0,0,0,0,0,0,0,0,0,0,0,0,0,0,0,0,0,0,0,0,0,0,0,0,0,0,0,0,0,0,0,0,0,0,0,0,36,0,0,0,0,0,0,0,0,0,0,0,0,0,0,0,0,0,0,0,27,0,0,0,0,0,15,0,19,0,13,0,239,0,0,0,0,0,8,0,0,0,39,0,0,0,0,0,0,0,0,0,0,0,0,0,0,0,0,0,0,0,0,0,17,0,0,0,0,36,0,0,0,137,728,230,0,0,13,51
119,9,155,0,19,0,0,0,6,0,0,0,0,0,0,0,121,0,16,0,88,0,48,0,4,0,39,0,0,0,41,0,47,0,115,0,5,0,25,0,0,0,3,0,0,0,0,0,0,0,24,0,21,0,3,0,0,0,0,0,5,0,29,0,0,0,0,0,0,0,35,0,0,0,83,0,2,0,0,0,107,0,0,0,76,0,125,0,0,0,0,0,0,0,27,0,20,0,237,0,0,0,0,0,0,0,0,0,0,0,0,0,0,0,0,0,0,0,0,0,0,0,36,0,0,0,0,0,0,0,0,0,0,0,0,0,0,0,0,0,0,0,67,0,30,0,0,0,0,0,0,0,0,0,0,0,1,0,0,0,0,0,0,0,0,0,0,0,0,0,0,0,0,0,0,0,13,0,0,0,0,0,23,0,0,0,0,0,0,0,0,0,0,0,0,0,0,0,0,0,0,0,0,0,0,0,0,0,0,0,0,79,0,0,0,0,0,0,0,0,0,0,0,0,0
0,31,0,106,0,0,0,15,0,3,0,0,0,0,0,1,0,49,0,0,0,54,0,99,0,28,0,12,0,0,0,20,0,60,0,25,0,5,0,7,0,0,0,27,0,0,0,0,0,0,0,16,0,3,0,0,0,0,0,0,0,15,0,44,0,0,0,7,0,0,0,7,0,0,0,0,0,0,0,0,0,183,0,0,0,136,0,0,0,0,0,0,0,0,0,0,0,0,0,0,0,0,0,0,0,0,0,0,0,0,0,0,0,0,0,0,0,0,0,0,0,77,0,28,0,0,0,0,0,0,0,0,0,0,0,53,0,48,0,139,0,66,0,329,0,0,0,0,0,0,0,0,0,0,0,37,0,0,0,15,0,0,0,0,0,0,0,0,0,0,0,3,0,0,0,0,0,0,0,0,0,0,0,0,0,0,0,0,0,0,0,0,0,0,0,0,0,0,0,0,0,0,0,0,0,0,0,0,0,0,0,0,0,0,0,0,0,0,9,33,0,0,0,3,0
15,2,84,0,185,27,0,1,0,0,0,0,0,6,62,0,63,0,11,0,43,0,10,7,7,0,6,4,41,0,0,2,36,0,46,0,46,0,2,0,0,0,5,0,3,0,0,0,3,0,14,0,0,0,5,0,0,0,0,0,0,0,6,0,0,0,0,0,0,0,16,0,0,0,0,0,0,0,0,0,0,0,0,0,0,0,59,0,0,0,0,0,0,0,22,0,0,0,105,0,0,0,0,0,0,0,0,0,0,0,0,0,0,0,0,0,0,0,0,0,26,0,0,0,0,0,0,0,0,0,0,0,0,0,0,0,0,0,0,0,0,0,0,0,20,0,0,0,0,0,0,0,0,0,0,0,1,0,0,0,0,0,0,0,0,0,59,0,52,0,4,0,0,0,0,0,5,0,0,0,0,0,0,0,0,0,0,0,0,0,0,0,0,0,0,0,0,0,0,0,0,0,0,0,0,0,0,0,0,0,162,212,69,47,50,0,0,0,0,0,0,0,0,0,0
0,0,0,0,0,0,0,0,0,0,0,5,0,0,0,5,1,10,0,15,0,2,0,22,0,9,0,0,0,20,2,0,0,0,4,1,0,18,0,2,0,0,0,10,0,0,0,0,0,0,0,3,0,0,0,0,0,0,0,0,0,0,0,7,0,0,0,0,0,0,0,30,0,0,0,46,0,0,0,0,0,0,0,0,0,92,0,0,0,0,0,0,0,0,0,0,0,0,0,0,0,0,0,0,0,0,0,0,0,0,0,0,0,0,0,0,0,0,0,0,0,93,0,58,0,0,0,0,0,0,0,0,0,2,0,0,0,0,0,22,0,31,0,190,0,32,0,0,0,0,0,0,0,0,0,3,0,0,0,0,0,0,0,0,0,0,0,19,0,0,0,0,0,0,0,1,0,3,0,0,0,0,0,0,0,1,0,0,0,0,0,0,0,0,0,0,0,0,0,0,0,0,0,0,0,0,0,0,0,0,0,0,0,0,0,0,0,0,79,237,27,0,0,0,0
113,0,168,0,200,0,0,0,0,0,105,0,0,0,32,22,82,5,0,0,122,0,30,0,0,0,0,0,47,0,36,0,0,0,35,0,309,0,0,0,0,0,0,0,2,0,0,0,0,0,5,0,3,0,0,0,0,0,0,0,4,0,5,0,0,0,0,0,0,0,0,0,0,0,26,0,0,0,0,0,0,0,0,0,0,0,38,0,0,0,0,0,0,0,11,0,0,0,0,0,0,0,0,0,0,0,0,0,0,0,0,0,0,0,0,0,0,0,0,0,0,0,6,0,0,0,0,0,0,0,0,0,0,0,0,0,0,0,15,0,13,0,0,0,5,0,0,0,0,0,0,0,0,0,1,0,3,0,0,0,0,0,0,0,0,0,95,0,34,0,0,0,33,0,1,0,22,0,33,0,0,0,58,0,0,0,0,0,1,0,0,0,0,0,0,0,0,0,0,0,0,0,0,0,0,0,0,0,0,0,116,416,71,48,43,0,0,0,0,0,0,0,0,0,0
0,75,0,198,0,47,0,14,0,0,0,86,0,0,39,19,0,39,0,0,0,6,0,19,0,13,0,0,0,60,0,0,0,0,0,1,0,113,0,1,0,0,0,0,0,0,0,0,0,0,0,0,0,1,0,0,0,0,0,15,0,10,0,9,0,0,0,12,0,0,0,20,0,0,0,38,0,0,0,0,0,199,0,0,0,104,0,30,0,0,0,0,0,0,0,0,0,0,0,72,0,0,0,0,0,0,0,0,0,0,0,0,0,0,0,0,0,0,0,0,0,98,0,51,0,0,0,0,0,0,0,0,0,1,0,26,0,23,0,51,0,48,0,210,0,48,0,0,0,5,0,0,0,8,0,7,0,8,0,2,0,0,0,0,0,0,0,37,0,5,0,0,0,15,0,4,0,0,0,0,0,0,0,0,0,0,0,0,0,0,0,0,0,0,0,0,0,0,0,0,0,0,0,0,0,0,0,0,0,0,0,0,0,0,8,0,0,0,46,317,39,10,0,0,0
0,0,0,0,43,0,0,0,0,0,0,0,111,81,39,0,29,0,136,101,55,37,4,0,2,0,76,107,115,0,46,4,35,0,0,22,114,0,11,0,0,0,7,0,7,0,0,0,13,0,57,0,0,0,0,0,0,0,0,0,0,0,7,0,0,0,0,0,0,0,0,0,0,0,20,0,0,0,0,0,0,0,0,0,0,0,0,0,0,0,5,0,0,0,0,0,0,0,0,0,0,0,0,0,0,0,0,0,0,0,0,0,0,0,0,0,0,0,0,0,0,0,0,0,0,0,0,0,0,0,0,0,0,0,0,0,0,0,0,0,0,0,0,0,9,0,0,0,0,0,2,0,0,0,0,0,2,0,0,0,0,0,0,0,40,0,26,0,0,0,0,0,0,0,0,0,0,0,2,0,0,0,0,0,0,0,8,0,0,0,0,0,0,0,0,0,0,0,0,0,0,0,0,0,0,0,0,0,0,0,157,286,132,0,47,0,3,0,0,7,0,0,0,0,0
0,0,0,0,0,86,0,0,0,0,0,0,0,75,69,3,0,8,73,93,48,24,0,32,0,0,0,32,0,25,0,1,0,1,22,0,0,147,0,2,0,0,0,5,0,6,0,0,0,0,0,5,0,0,0,0,0,0,0,10,0,0,0,0,0,0,0,0,0,0,0,0,0,0,0,64,0,0,0,0,0,0,0,0,0,54,0,44,0,0,0,0,0,0,0,0,0,0,0,0,0,0,0,0,0,0,0,0,0,0,0,0,0,0,0,0,0,0,0,0,0,120,0,50,0,0,0,0,0,0,0,0,0,0,0,0,0,0,0,42,0,58,0,192,0,79,0,0,0,0,0,0,0,0,0,0,0,5,0,0,0,0,0,0,0,11,0,41,0,0,0,0,0,33,0,0,4,33,0,0,0,0,0,0,0,0,0,2,0,0,0,0,0,0,0,0,0,0,0,0,0,0,0,0,0,0,0,0,0,0,0,0,0,0,21,0,0,0,149,572,107,44,0,0,0
60,0,0,0,190,0,0,1,0,0,65,3,0,0,161,18,14,0,28,0,62,0,16,0,0,0,34,1,5,0,46,0,309,0,114,0,0,0,66,0,0,0,10,0,14,0,0,0,0,0,60,0,8,0,2,0,21,0,0,0,14,0,18,0,8,0,0,0,0,0,103,0,0,0,121,0,0,0,0,0,114,0,0,0,0,0,215,0,0,0,7,0,0,0,0,0,0,0,220,0,0,0,0,0,0,0,0,0,0,0,0,0,0,0,0,0,0,0,0,0,65,0,42,0,0,0,0,0,0,0,0,0,1,0,0,0,0,0,83,0,108,0,0,0,146,0,0,0,0,0,0,0,0,0,4,0,18,0,0,0,4,0,30,0,15,0,53,0,79,0,0,0,41,0,0,0,12,0,11,0,0,0,34,0,0,0,0,0,0,0,0,0,0,0,0,0,0,0,0,0,0,0,0,0,0,0,0,0,0,0,78,126,94,47,40,0,0,0,0,0,0,0,0,0,0
0,66,7,159,0,379,0,0,0,0,0,46,0,0,59,31,1,16,0,41,0,4,5,31,0,0,0,12,0,5,0,18,0,113,0,147,0,0,0,6,0,0,0,26,0,10,0,1,0,0,0,17,0,0,0,0,0,0,0,0,0,7,0,12,0,0,0,0,0,0,0,38,0,0,0,60,0,0,0,0,0,147,0,0,0,0,0,0,0,0,0,0,0,0,0,0,0,0,0,0,0,0,0,0,0,0,0,0,0,0,0,0,0,0,0,0,0,0,0,0,0,127,0,41,0,0,0,0,0,0,0,0,0,0,0,0,0,0,0,81,0,71,0,142,0,125,0,0,0,0,0,0,0,0,0,10,0,32,0,0,0,0,0,7,0,0,0,46,0,14,0,19,0,47,0,0,0,0,1,0,0,0,0,9,0,0,0,0,0,0,0,0,0,0,0,0,0,0,0,0,0,0,0,0,0,0,0,0,0,0,0,0,0,0,8,0,0,0,54,129,64,12,0,1,0
547,17,213,0,0,0,124,0,135,6,2,0,0,0,0,0,140,0,0,0,0,0,50,0,39,37,0,0,25,0,2,0,0,0,11,0,66,0,0,0,0,0,1,0,1,0,0,0,2,0,0,0,8,0,0,0,1,0,0,0,14,0,14,0,0,0,2,0,0,0,6,0,0,0,20,0,0,0,0,0,0,0,0,0,0,0,0,0,0,0,0,0,0,0,0,0,0,0,0,0,0,0,0,0,0,0,0,0,0,0,0,0,0,0,0,0,0,0,0,0,0,0,6,0,0,0,0,0,0,0,5,0,0,0,0,0,0,0,0,0,0,0,0,0,20,0,0,0,0,0,0,0,0,0,0,0,3,0,12,0,0,0,1,0,0,0,26,0,0,0,0,0,71,0,0,0,95,0,0,0,0,0,141,0,34,0,0,0,0,0,0,0,0,0,0,0,0,0,0,0,0,0,0,0,0,0,0,0,0,0,5,105,14,0,0,0,0,0,0,0,0,0,0,0,0
0,227,0,278,0,0,0,135,0,0,0,33,0,0,0,9,0,38,0,0,0,3,19,16,0,26,0,0,0,7,0,2,0,1,0,2,0,6,0,0,0,0,0,5,0,0,0,0,0,0,0,2,0,2,0,2,0,0,0,0,0,6,0,3,0,0,0,0,0,0,0,0,0,0,0,0,0,0,0,0,0,0,0,2,0,0,0,0,0,0,0,5,0,0,0,0,0,0,0,0,0,0,0,0,0,0,0,0,0,0,0,0,0,0,0,0,0,0,0,0,0,0,0,7,0,0,0,0,0,0,0,0,0,0,0,0,0,7,0,90,0,0,0,75,0,28,0,0,0,0,0,0,0,53,0,0,0,7,0,9,0,1,0,0,0,0,0,10,0,2,0,0,0,12,0,0,4,33,0,0,0,0,0,0,0,0,0,0,0,0,0,0,0,0,0,0,0,0,0,0,0,0,0,0,0,0,0,0,0,0,0,0,0,0,0,0,0,0,5,109,12,0,0,0,0
37,0,27,0,31,0,0,0,14,0,50,0,137,42,0,0,0,0,15,0,0,0,35,0,0,0,40,289,0,0,0,0,0,0,0,0,0,0,0,0,0,116,88,0,37,155,49,428,115,124,44,0,0,0,0,0,0,0,0,0,0,0,0,0,0,0,0,0,0,0,0,0,0,0,0,0,0,0,0,0,0,0,0,0,0,0,0,0,0,0,0,0,0,0,0,0,0,0,0,0,0,0,0,0,0,0,0,0,0,0,0,0,0,0,0,0,0,0,0,0,3,0,0,0,0,0,0,0,1,0,0,0,0,0,0,0,0,0,0,0,6,0,0,0,0,0,0,0,0,0,0,0,0,0,0,0,0,0,0,0,0,0,0,0,0,0,0,0,0,0,2,0,0,0,0,0,26,62,19,0,0,0,52,0,20,0,118,3,0,0,0,0,0,0,0,0,0,0,0,0,0,0,0,0,0,0,0,0,0,0,30,169,32,0,0,0,0,0,0,21,0,0,0,0,0
0,63,0,0,0,23,0,0,0,7,0,159,20,139,0,4,0,0,0,15,22,0,0,0,0,0,121,25,0,0,0,0,0,0,0,0,0,0,0,0,116,0,0,55,35,25,113,152,7,82,17,35,0,0,0,0,0,0,0,0,0,0,0,0,0,0,0,0,0,0,0,0,0,0,0,0,0,0,0,0,0,0,0,0,0,0,0,0,0,0,0,0,0,0,0,0,0,0,0,0,0,0,0,0,0,0,0,0,0,0,0,0,0,0,0,0,0,0,0,0,0,0,0,0,0,0,0,0,0,0,0,0,0,0,0,0,0,0,0,0,0,0,0,0,0,0,0,0,0,0,0,0,0,17,0,0,0,0,0,0,0,0,0,0,0,0,0,0,0,0,0,0,0,0,0,0,0,126,0,22,0,10,0,15,0,13,7,10,0,0,0,0,0,0,0,0,0,0,0,0,0,0,0,0,0,0,0,0,0,0,0,2,0,0,0,0,0,1,0,33,7,0,0,0,0
0,0,0,0,0,0,0,0,0,0,1,0,82,0,8,0,0,0,60,42,29,0,4,0,0,0,229,214,3,0,5,0,0,0,7,0,10,0,1,0,88,0,0,0,209,53,111,218,65,10,26,0,0,0,3,0,20,0,20,0,0,0,0,0,0,0,3,0,0,0,0,0,0,0,0,0,0,0,0,0,0,0,9,0,0,0,0,0,0,0,0,0,0,0,0,0,0,0,0,0,0,0,0,0,0,0,0,0,0,0,0,0,0,0,0,0,0,0,0,0,0,0,0,0,0,0,0,0,0,0,0,0,0,0,0,0,6,0,14,0,0,0,12,0,0,0,0,0,0,0,0,0,0,0,0,0,0,0,6,0,0,0,3,0,28,0,29,0,25,0,4,0,10,0,0,0,0,26,0,0,0,0,0,0,0,0,171,0,0,0,0,0,0,0,0,0,0,0,0,0,0,0,0,0,0,0,0,0,0,0,56,188,53,18,30,0,0,16,0,15,0,0,0,0,0
0,0,1,0,0,9,0,0,0,0,0,0,0,72,0,0,0,0,0,29,0,62,0,8,0,1,22,317,0,27,0,10,0,0,0,5,0,26,0,5,0,55,0,0,0,154,0,81,0,42,0,15,0,0,0,0,0,0,0,0,0,6,0,1,0,0,0,0,0,0,0,0,0,0,0,0,0,0,0,5,0,0,0,0,0,0,0,0,0,0,0,0,0,0,0,0,0,0,0,0,0,0,0,0,0,0,0,0,0,0,0,0,0,0,0,0,0,0,0,0,0,35,0,0,0,0,0,0,0,1,0,0,0,0,0,0,0,0,0,0,0,0,0,0,0,26,0,0,0,0,0,0,0,0,0,0,0,0,0,0,0,0,0,0,0,13,0,12,0,23,0,0,0,8,0,0,1,28,0,0,0,0,0,0,0,0,0,54,0,0,0,0,0,0,0,0,0,0,0,0,0,0,0,0,0,0,0,0,0,0,0,0,0,0,22,0,0,0,62,206,91,0,0,0,15
0,0,0,0,0,0,0,0,0,0,0,0,11,0,0,0,0,0,5,0,26,0,0,0,0,0,194,92,0,0,3,0,2,0,7,0,14,0,1,0,37,35,209,0,0,66,200,163,200,73,89,0,0,0,0,0,0,0,0,0,0,0,0,0,0,0,0,0,51,0,111,0,46,0,0,0,0,0,0,0,210,0,96,0,0,0,286,0,0,0,0,0,0,0,0,0,0,0,540,0,0,0,69,0,0,0,0,0,0,0,0,0,0,0,5,0,0,0,0,0,0,0,26,0,0,0,0,0,0,0,0,0,0,0,0,0,0,0,0,0,0,0,0,0,71,0,0,0,0,0,0,0,0,0,0,0,0,0,0,0,0,0,0,0,63,0,82,0,111,0,10,0,31,0,0,0,0,25,0,0,0,0,0,0,0,0,28,0,98,0,0,0,0,0,13,0,0,0,0,0,0,0,0,0,0,0,0,0,0,0,67,128,142,39,0,0,5,71,0,10,0,0,0,0,0
0,9,0,0,0,0,0,0,0,0,0,8,38,16,0,0,0,11,0,41,0,260,0,81,0,0,90,242,0,0,0,0,0,0,0,6,0,10,0,0,155,25,53,154,66,0,138,195,30,240,0,76,0,0,0,0,0,0,0,0,0,0,0,0,0,0,0,0,0,81,0,26,0,0,0,0,0,27,0,0,0,0,0,64,0,0,0,28,0,0,0,0,0,80,0,180,0,0,0,0,0,0,0,23,0,0,0,0,0,0,0,0,0,0,0,0,0,3,0,0,0,0,0,0,0,0,0,0,0,0,0,0,0,0,0,0,0,0,0,0,0,0,0,0,0,0,0,0,0,0,0,0,0,0,0,0,0,0,0,0,0,0,0,2,0,54,0,5,0,123,0,5,0,12,0,0,0,21,0,0,0,0,0,0,0,0,10,25,0,0,0,0,0,0,0,0,0,0,0,0,0,0,0,0,0,0,0,0,0,0,0,8,0,0,13,0,0,2,60,155,186,0,0,11,120
63,0,65,0,58,0,14,0,14,0,57,0,157,19,17,0,56,0,46,0,2,0,72,0,52,0,148,130,0,0,0,0,0,0,0,0,0,0,0,0,49,113,111,0,200,138,0,351,148,186,24,0,0,0,0,0,6,0,0,0,0,0,14,0,2,0,0,0,0,0,0,0,0,0,0,0,0,0,0,0,0,0,0,0,0,0,0,0,0,0,0,0,0,0,0,0,0,0,0,0,0,0,0,0,0,0,0,0,0,0,0,0,0,0,0,0,0,0,0,0,0,0,1,0,0,0,0,0,0,0,0,0,0,0,0,0,0,0,0,0,0,0,0,0,0,0,0,0,0,0,0,0,43,0,0,0,0,0,0,0,0,0,0,0,21,0,0,0,0,0,0,0,0,0,0,0,40,56,14,0,13,0,88,0,0,0,94,1,0,0,0,0,0,0,0,0,0,0,0,0,0,0,0,0,0,0,0,0,0,0,26,360,71,0,0,0,0,96,0,29,0,0,0,0,1
0,166,0,0,0,102,0,0,0,29,0,164,132,138,0,0,0,0,145,197,53,47,0,0,0,0,465,263,0,0,0,0,0,0,0,0,0,1,0,0,428,152,218,81,163,195,351,0,32,139,75,0,0,0,0,13,0,0,0,0,0,0,0,0,0,0,0,0,0,0,0,0,0,0,0,0,0,0,0,0,0,0,0,0,0,0,0,0,0,0,0,0,0,0,0,0,0,0,0,0,0,0,0,0,0,0,0,0,0,0,0,0,0,0,0,0,0,0,0,0,0,0,0,0,0,0,0,0,0,0,0,0,0,0,0,0,0,0,0,0,0,0,0,0,0,0,0,0,0,0,0,0,0,0,0,0,0,0,0,0,0,0,0,0,6,12,0,0,0,0,0,0,0,2,0,0,0,270,0,7,0,0,0,3,0,0,45,25,0,0,0,0,0,0,0,0,0,0,0,0,0,0,0,0,0,0,0,0,0,0,0,13,0,0,0,0,0,0,0,252,53,0,0,0,69
21,0,0,0,0,0,43,0,33,0,0,0,67,0,0,0,29,0,0,0,21,0,27,0,21,0,50,2,0,0,3,0,0,0,13,0,0,0,2,0,115,7,65,0,200,30,148,32,0,97,26,0,27,0,31,0,63,0,78,0,17,0,10,0,0,0,17,0,59,0,0,1,0,0,0,0,4,0,0,0,16,5,54,0,0,0,20,6,0,0,0,0,52,0,39,0,28,0,40,0,15,0,118,0,0,0,0,0,17,0,0,0,0,0,15,0,4,0,0,0,0,0,0,0,0,4,0,0,0,0,35,0,0,0,0,0,21,0,0,3,0,7,39,1,0,0,0,1,0,0,0,0,36,0,16,0,23,0,18,0,45,0,34,8,14,0,42,0,72,0,60,0,52,0,23,0,74,17,10,0,43,0,14,0,0,0,217,0,159,0,115,0,0,0,18,0,0,0,0,0,52,0,0,0,73,0,38,0,0,0,226,195,199,11,137,86,55,51,3,3,0,0,0,0,2
0,0,0,8,0,0,0,3,0,0,0,30,0,25,0,16,0,0,0,40,1,52,0,0,0,5,0,75,0,0,0,0,0,0,0,0,0,0,0,0,124,82,10,42,73,240,186,139,97,0,0,34,0,0,0,0,0,0,0,0,0,0,0,0,0,0,0,0,0,72,0,11,0,0,0,9,0,17,0,0,0,0,0,32,0,0,0,0,0,0,0,0,0,101,0,81,0,0,0,0,0,0,0,27,0,0,0,0,0,0,0,0,0,0,0,0,0,5,0,0,0,0,0,0,0,0,0,0,0,0,0,4,1,0,0,0,0,0,0,0,0,0,0,0,0,0,0,0,0,0,0,0,0,0,0,0,0,0,0,0,0,0,0,0,0,34,0,3,0,24,0,5,0,5,0,0,0,60,0,6,0,0,0,0,0,4,24,22,0,0,0,4,0,5,0,0,0,0,0,0,0,4,0,3,0,0,0,6,0,0,0,17,0,0,21,0,0,3,107,97,39,0,8,22,30
9,0,0,0,155,0,0,0,0,0,0,0,239,35,47,0,7,0,225,66,65,0,0,0,0,0,253,223,24,0,14,0,5,0,57,0,60,0,0,0,44,17,26,0,89,0,24,75,26,0,0,0,5,0,0,0,51,0,60,0,5,0,6,0,0,0,18,1,0,0,36,0,26,0,15,0,0,0,0,0,0,0,37,0,27,0,0,0,0,0,0,0,0,0,45,0,23,0,121,0,0,0,0,0,0,0,0,0,0,0,0,0,0,0,0,0,0,0,0,0,0,0,0,0,0,0,0,0,0,0,0,0,0,0,0,0,0,0,0,0,0,0,0,0,12,0,0,0,0,0,0,0,0,0,0,0,0,0,4,0,10,0,25,0,34,0,49,0,189,0,10,0,43,0,0,0,0,15,0,0,0,0,2,0,0,0,40,0,0,0,0,0,0,0,0,0,0,0,0,0,0,0,0,0,0,0,0,0,0,0,136,236,166,63,61,0,0,7,0,0,0,0,0,0,0
0,0,0,7,0,0,0,0,0,0,0,0,0,373,0,0,0,0,54,136,21,27,0,3,0,0,0,338,0,16,0,3,0,0,0,5,0,17,0,2,0,35,0,15,0,76,0,0,0,34,0,0,0,0,0,0,0,0,1,0,0,0,0,2,0,0,0,13,0,13,0,27,0,0,0,45,0,0,0,0,0,0,0,0,0,26,0,23,0,0,0,0,0,0,0,0,0,0,0,0,1,0,0,0,0,0,0,0,0,0,0,0,0,0,0,0,0,0,0,0,0,65,0,0,0,0,0,0,0,0,0,0,0,0,0,0,0,0,0,0,0,21,0,48,0,33,0,0,0,0,0,0,0,0,0,0,0,0,0,0,0,0,0,12,0,27,0,45,0,118,0,20,0,38,0,0,0,74,0,0,0,0,0,0,0,0,0,96,0,0,0,0,0,0,0,0,0,0,0,0,0,0,0,0,0,0,0,0,0,0,0,0,0,0,38,0,0,0,163,221,185,45,0,0,6
0,0,0,0,0,0,40,0,182,58,0,0,0,0,0,0,65,0,0,0,12,0,13,0,64,6,0,0,21,0,0,0,3,0,0,0,8,0,8,0,0,0,0,0,0,0,0,0,27,0,5,0,0,66,203,118,194,69,186,117,49,8,126,0,5,3,79,133,0,0,0,0,0,0,7,0,0,0,0,0,0,0,0,0,75,0,0,0,0,0,0,0,0,0,0,0,0,0,44,0,0,0,0,0,0,0,0,0,0,0,0,0,0,0,0,0,0,0,0,0,0,0,12,0,3,0,0,0,116,0,34,0,0,0,0,0,70,0,182,0,51,0,198,0,15,0,0,0,4,0,0,0,0,0,232,6,93,0,231,0,21,0,8,0,0,0,2,0,35,0,57,0,4,0,0,0,60,0,0,0,0,0,0,0,3,1,0,0,0,0,0,0,0,0,0,0,0,0,0,0,29,0,0,0,0,0,0,0,0,0,208,150,128,230,158,2,38,0,3,0,2,0,0,1,0
5,0,0,0,0,1,0,0,131,165,0,0,0,0,0,0,8,80,0,0,0,0,0,0,39,10,0,0,0,3,0,0,0,1,0,0,0,0,0,2,0,0,0,0,0,0,0,0,0,0,0,0,66,0,148,36,22,41,76,57,17,114,43,108,0,0,58,27,0,0,0,0,0,0,0,0,0,0,0,0,0,0,0,0,0,42,0,0,0,0,0,0,0,0,0,0,0,0,0,0,0,0,0,0,0,0,0,0,0,0,0,0,0,0,0,0,0,0,0,0,0,0,0,0,0,0,0,0,0,14,0,0,0,17,0,55,0,59,0,262,0,60,0,173,0,22,0,0,0,0,0,0,0,0,0,149,2,180,0,35,0,6,0,0,0,3,0,0,0,0,0,41,0,26,0,0,0,216,0,0,0,0,0,34,0,52,0,0,0,0,0,0,0,0,0,0,0,0,0,0,0,0,0,0,0,0,0,0,0,0,0,0,0,0,92,0,0,0,96,365,0,45,0,27,0
0,0,36,0,0,0,111,0,97,229,0,0,0,0,13,0,0,0,0,0,21,0,95,2,200,28,0,0,3,0,5,0,0,0,0,0,2,0,0,0,0,0,3,0,0,0,0,0,31,0,0,0,203,148,0,265,70,54,125,131,48,0,64,42,5,0,27,139,0,0,0,0,0,0,0,0,0,0,0,0,0,0,0,0,0,0,0,0,0,0,15,0,0,0,0,0,0,0,0,0,0,0,0,0,0,0,0,0,0,0,0,0,0,0,0,0,0,0,0,0,0,0,0,0,0,0,0,0,30,0,63,0,0,0,44,0,83,0,10,0,0,0,128,0,0,0,3,0,0,0,0,0,0,0,47,0,0,0,21,0,101,0,0,0,0,0,0,0,25,0,64,0,9,0,0,0,79,0,0,0,0,0,0,0,0,0,0,0,0,0,0,0,0,0,0,0,0,0,0,0,0,0,0,0,0,0,0,0,0,0,322,81,160,309,213,0,52,0,0,0,0,0,0,0,0
0,24,0,90,0,20,0,217,254,242,0,7,0,0,0,62,0,29,0,0,0,0,0,45,124,140,0,0,0,0,0,0,0,0,0,0,0,0,0,2,0,0,0,0,0,0,0,13,0,0,0,0,118,36,265,0,17,359,107,287,0,6,113,43,0,0,62,31,0,0,0,0,0,1,0,0,0,0,0,0,0,0,0,0,0,29,0,0,0,0,0,0,0,0,0,0,0,0,0,0,0,0,0,0,0,0,0,0,0,0,0,0,0,0,0,0,0,1,0,0,0,0,0,0,0,0,0,1,0,0,0,6,0,0,0,47,0,60,0,115,0,52,0,73,0,1,0,0,0,0,0,0,0,0,0,11,0,0,0,6,0,6,0,1,0,0,0,0,0,0,0,28,0,0,0,0,73,86,0,0,0,0,0,11,0,53,0,0,0,0,0,0,0,0,0,0,0,0,0,0,0,0,0,0,0,0,0,0,0,0,0,7,11,0,68,0,0,0,109,80,50,80,0,0,2
0,0,46,0,0,0,26,0,12,0,0,0,0,0,0,0,17,0,0,0,0,0,0,0,53,0,0,0,0,0,0,0,0,0,0,0,21,0,1,0,0,0,20,0,0,0,6,0,63,0,51,0,194,22,70,17,0,76,318,25,18,0,7,0,54,58,103,131,0,0,0,0,0,0,0,0,6,0,0,0,0,0,0,0,0,0,0,0,0,0,0,0,0,0,0,0,0,0,0,0,0,0,0,0,2,0,0,0,0,0,0,0,0,0,0,0,0,0,0,0,0,0,0,0,27,0,0,0,48,0,146,0,19,0,28,0,34,0,26,0,0,0,40,0,11,11,0,0,16,0,0,0,0,0,327,42,207,0,172,20,204,0,90,0,0,0,35,0,172,0,59,0,27,0,0,0,35,0,0,0,0,0,0,0,0,7,0,0,0,0,0,0,0,0,0,0,0,0,0,0,0,0,0,0,0,0,0,0,0,0,642,279,308,613,636,53,198,0,0,0,0,0,0,0,0
0,4,0,33,0,10,0,10,0,43,0,0,0,0,0,0,0,19,0,16,0,0,0,24,0,64,0,0,0,0,0,0,0,0,0,0,0,0,0,0,0,0,0,0,0,0,0,0,0,0,0,0,69,41,54,359,76,0,148,381,0,6,8,6,12,17,114,199,0,4,0,0,0,0,0,0,0,0,0,0,0,0,0,0,0,9,0,0,0,0,0,0,0,0,0,0,0,0,0,0,0,0,0,0,0,0,0,0,0,0,0,0,0,0,0,0,0,0,0,0,0,0,0,0,0,10,0,0,0,52,0,45,0,38,0,55,0,96,0,108,0,28,0,63,2,11,0,0,0,0,0,2,0,0,38,233,0,36,0,87,21,50,0,0,0,3,0,0,0,37,0,187,0,26,0,1,23,0,0,0,2,0,0,0,23,80,0,0,0,0,0,0,0,0,0,0,0,0,0,4,0,5,0,0,0,0,0,0,0,9,0,1,0,0,285,0,0,0,284,49,198,242,13,102,0
5,0,23,0,0,0,25,0,148,35,0,0,0,0,0,0,0,0,0,0,0,0,0,0,23,0,0,0,0,0,0,0,0,0,0,0,0,0,0,0,0,0,20,0,0,0,0,0,78,0,60,1,186,76,125,107,318,148,0,0,119,0,0,0,79,14,342,289,22,0,0,0,0,0,0,0,0,0,0,0,0,0,0,0,0,0,0,0,0,0,0,0,0,0,0,0,0,0,0,0,0,0,0,0,0,0,0,0,0,0,0,0,0,0,0,0,0,0,0,0,0,0,0,0,9,0,0,0,0,0,32,0,0,0,0,0,0,0,0,0,0,0,0,0,0,0,0,0,9,1,0,0,0,0,169,25,266,0,8,5,23,2,0,0,6,0,24,0,110,0,66,4,0,0,1,0,89,0,1,0,5,0,0,0,149,3,0,0,0,0,0,0,0,0,0,0,0,0,0,0,0,0,0,0,0,0,0,0,0,0,926,378,280,0,669,22,190,0,0,0,6,0,0,0,0
0,17,0,43,0,0,0,30,77,142,0,3,0,0,0,0,0,0,0,0,0,0,0,0,0,63,0,0,0,0,0,0,0,15,0,10,0,0,0,0,0,0,0,0,0,0,0,0,0,0,0,0,117,57,131,287,25,381,0,0,0,0,32,13,0,144,96,379,0,2,0,0,0,0,0,0,0,0,0,0,0,0,0,0,0,0,0,0,0,0,0,0,0,0,0,0,0,0,0,0,0,0,0,0,0,0,0,0,0,0,0,0,0,0,0,0,0,0,0,0,0,0,0,0,0,2,0,0,0,0,0,27,0,6,0,12,0,14,2,6,0,0,0,0,1,18,0,0,0,4,0,0,0,0,26,157,0,89,0,0,0,149,0,0,0,20,0,0,0,27,0,206,0,0,0,0,51,20,0,0,0,0,0,0,14,45,0,0,0,0,0,0,0,0,0,0,0,0,0,0,0,0,0,0,0,0,0,0,0,0,0,0,0,0,829,0,0,0,987,87,338,598,0,0,0
162,0,0,0,0,0,253,0,552,0,0,0,0,0,1,0,40,0,0,0,0,0,8,0,0,41,0,0,5,0,0,0,4,0,0,0,14,0,14,0,0,0,0,0,0,0,0,0,17,0,5,0,49,17,48,0,18,0,119,0,0,0,26,10,0,0,39,0,0,0,10,0,0,0,18,0,0,0,0,0,0,0,0,0,0,0,0,0,0,0,0,0,0,0,5,0,0,0,0,0,0,0,0,0,0,0,0,0,1,0,0,0,0,0,0,0,0,0,0,0,14,0,0,0,0,0,0,0,0,0,0,0,0,0,0,0,0,0,92,0,78,0,0,0,85,0,0,0,0,0,0,0,0,0,79,0,65,0,36,0,0,0,9,0,1,0,0,0,28,0,123,0,141,0,0,0,169,0,0,0,0,0,77,1,0,0,0,0,0,0,0,0,0,0,0,0,0,0,0,0,0,0,0,0,0,0,2,0,0,0,33,98,156,119,41,0,12,0,0,0,0,0,0,0,0
0,241,41,41,0,0,0,127,0,142,1,0,0,0,0,0,0,19,0,0,0,2,43,0,0,25,0,3,0,15,0,0,0,10,0,0,0,7,0,6,0,0,0,6,0,0,0,0,0,0,0,0,8,114,0,6,0,6,0,0,0,0,0,32,0,3,0,0,0,0,0,0,0,0,0,1,0,0,0,0,0,0,0,0,0,0,0,0,0,0,0,0,0,0,0,0,0,0,0,0,0,0,0,0,0,0,0,0,0,0,0,0,0,0,0,0,0,0,0,0,0,0,0,0,0,0,0,0,0,0,0,0,0,0,0,0,0,0,0,28,0,11,0,10,0,38,0,0,0,0,0,0,0,20,0,3,0,213,0,4,0,0,0,2,0,3,0,0,0,8,0,31,0,136,0,0,0,188,0,0,0,0,0,52,0,0,0,0,0,0,0,0,0,0,0,0,0,0,0,1,0,0,0,0,0,0,0,0,0,0,0,0,0,0,82,0,0,0,51,299,168,129,1,32,4
135,0,55,1,1,0,369,0,351,84,0,0,2,0,4,0,124,0,0,0,81,0,66,0,123,72,46,0,29,0,6,0,5,0,7,0,18,0,14,0,0,0,0,0,0,0,14,0,10,0,6,0,126,43,64,113,7,8,0,32,26,0,0,32,3,0,17,17,0,0,23,0,0,0,63,0,0,0,0,0,0,0,0,0,72,0,0,0,0,0,17,0,0,0,0,0,13,0,121,0,0,0,0,0,0,0,0,0,0,0,0,0,0,0,0,0,0,0,0,0,55,0,42,0,0,0,0,0,24,0,0,0,0,0,0,0,30,1,95,0,80,0,135,0,29,0,0,0,0,0,0,0,0,0,40,0,24,0,68,0,3,0,1,0,0,0,0,0,0,0,12,0,12,0,0,0,148,8,0,0,0,0,55,0,0,0,0,0,0,0,0,0,0,0,0,0,0,0,0,0,0,0,0,0,0,0,0,0,0,0,86,163,29,81,71,0,0,0,0,0,0,0,0,0,0
32,265,0,82,0,0,0,366,58,298,0,0,0,0,0,0,26,334,0,0,0,45,62,93,116,88,2,0,0,44,0,7,0,9,0,0,0,12,0,3,0,0,0,1,0,0,0,0,0,0,0,2,0,108,42,43,0,6,0,13,10,32,32,0,0,3,0,10,0,0,0,0,0,0,0,0,0,0,0,0,0,0,0,0,0,0,0,0,0,0,0,0,0,0,0,0,0,0,0,0,0,0,0,0,0,0,0,0,0,0,0,0,0,0,0,0,0,0,0,0,0,0,0,0,0,0,0,0,0,0,0,0,0,0,0,0,0,8,0,46,0,12,0,32,0,2,1,0,0,0,0,0,0,0,0,9,0,6,0,7,0,0,0,0,0,0,0,0,0,0,0,8,0,11,0,0,21,235,0,0,0,0,0,52,0,12,0,0,0,0,0,0,0,0,0,0,0,0,0,0,0,0,0,0,0,0,0,0,0,0,0,0,0,0,30,0,0,0,30,361,0,36,0,0,0
0,0,12,0,8,0,0,0,53,0,0,0,0,0,6,0,0,0,0,0,2,0,0,0,2,0,0,0,0,0,0,0,0,0,0,0,8,0,0,0,0,0,0,0,0,0,2,0,0,0,0,0,5,0,5,0,54,12,79,0,0,0,3,0,0,51,45,0,0,0,0,0,0,0,0,0,0,0,0,0,0,0,0,0,0,0,0,0,0,0,0,0,0,0,0,0,0,0,0,0,0,0,0,0,0,0,0,0,0,0,0,0,0,0,0,0,0,0,0,0,0,0,0,0,13,0,0,0,0,0,19,0,1,0,0,0,0,0,0,0,0,0,0,0,0,0,5,0,82,0,0,0,0,0,36,35,41,0,0,38,181,69,0,0,0,0,0,0,0,0,0,0,6,0,24,4,55,0,0,0,76,3,1,0,139,6,0,0,0,0,0,0,0,0,0,0,0,0,0,0,0,0,0,0,0,0,0,0,2,0,56,39,0,0,0,5,0,0,0,0,0,0,0,0,0
0,35,0,0,0,0,0,1,0,112,0,9,0,0,0,0,0,0,0,0,0,0,0,0,0,0,0,17,0,0,0,0,0,0,0,0,0,0,0,0,0,0,0,0,0,0,0,0,0,0,0,0,3,0,0,0,58,17,14,144,0,3,0,3,51,0,0,54,0,0,0,13,0,7,0,0,0,0,0,0,0,0,0,0,0,2,0,15,0,0,0,0,0,0,0,0,0,0,0,0,0,0,0,0,0,0,0,0,0,0,0,0,0,0,0,0,0,0,0,0,0,4,0,0,18,58,0,0,0,0,0,83,0,2,0,4,0,2,0,39,0,19,0,0,0,211,3,14,44,330,0,42,0,15,69,98,0,0,59,0,101,206,0,0,0,0,0,0,0,0,0,16,0,0,6,77,9,0,0,0,41,44,0,9,11,195,0,0,0,0,0,0,0,0,0,0,0,0,0,0,0,0,0,0,0,0,0,11,0,14,7,0,0,0,156,1,0,0,136,33,65,0,0,0,0
0,0,0,0,0,0,7,0,25,0,0,0,0,0,0,0,1,0,0,0,0,0,0,0,3,0,0,0,0,0,0,0,0,0,0,0,0,0,2,0,0,0,3,0,0,0,0,0,17,0,18,0,79,58,27,62,103,114,342,96,39,0,17,0,45,0,0,89,0,0,0,0,0,0,0,0,0,0,0,0,0,0,0,0,0,0,0,0,0,0,0,0,0,0,0,0,0,0,0,0,0,0,0,0,0,0,0,0,0,0,0,0,0,0,0,0,0,0,0,0,0,0,0,0,43,0,16,0,0,0,73,0,0,0,0,0,0,0,0,0,0,0,0,0,3,0,11,0,62,0,0,0,0,0,37,15,88,0,0,7,77,0,7,0,2,0,6,0,24,0,21,0,10,0,0,0,233,0,0,0,0,0,1,0,501,4,0,0,0,0,0,0,0,0,0,0,0,0,0,0,0,0,0,0,0,0,0,0,18,0,297,118,61,257,134,8,48,4,0,0,0,0,0,0,0
0,20,0,0,0,0,0,0,71,53,0,0,0,0,0,0,0,0,0,0,0,0,0,0,0,0,0,0,0,7,0,0,0,12,0,0,0,0,0,0,0,0,0,0,0,0,0,0,0,0,1,13,133,27,139,31,131,199,289,379,0,0,17,10,0,54,89,0,0,0,0,0,0,0,0,0,0,1,0,0,0,0,0,0,0,0,0,0,0,0,0,0,0,0,0,0,0,0,0,0,0,0,0,0,0,0,0,0,0,0,0,0,0,0,0,0,0,0,0,0,0,0,0,0,0,30,0,0,0,0,0,29,0,4,0,0,0,9,0,0,0,1,0,1,0,49,0,5,0,41,0,20,0,0,36,246,0,152,11,0,0,27,0,0,0,9,0,30,0,36,0,0,3,0,0,13,64,42,0,0,0,4,0,6,48,467,0,0,0,0,0,0,0,0,0,0,0,0,0,0,0,0,0,0,0,0,0,5,1,0,1,0,0,0,599,0,0,0,862,100,240,0,0,164,0
0,0,0,0,0,0,0,0,0,0,0,0,0,0,0,0,0,0,0,0,0,0,0,0,0,0,0,0,0,0,0,0,0,0,0,0,0,0,0,0,0,0,0,0,51,0,0,0,59,0,0,0,0,0,0,0,0,0,22,0,0,0,0,0,0,0,0,0,0,0,4,0,34,0,0,0,113,0,168,0,45,0,55,0,0,0,90,0,9,0,0,0,50,0,81,0,0,0,51,0,8,0,266,0,0,0,0,0,40,0,20,0,17,0,47,0,15,0,0,0,0,0,0,0,0,0,0,0,0,0,0,0,0,1,0,0,0,0,0,0,0,0,0,0,0,0,0,0,0,0,0,0,0,2,5,0,0,0,0,0,0,0,0,0,45,0,0,0,143,0,0,0,0,0,0,0,0,0,0,0,0,0,0,0,0,0,0,0,0,0,0,0,0,0,0,0,0,0,0,0,0,0,0,0,0,0,0,0,0,0,150,66,137,0,77,136,170,13,0,0,0,0,0,0,0
0,0,0,0,0,0,0,0,0,0,0,0,0,0,0,0,0,0,0,0,0,0,0,0,0,0,0,0,0,0,0,0,0,0,0,0,0,0,0,0,0,0,0,0,0,81,0,0,0,72,0,13,0,0,0,0,0,4,0,2,0,0,0,0,0,0,0,0,0,0,0,0,0,6,0,0,0,62,0,0,0,0,0,109,0,0,0,10,0,22,0,0,0,45,0,151,0,0,0,0,0,16,0,185,0,0,0,0,0,39,0,30,0,12,0,44,0,4,0,0,0,0,0,0,0,0,0,0,0,0,0,0,0,0,0,0,0,0,0,0,0,4,0,0,0,0,0,0,0,0,0,0,0,0,0,1,0,0,0,0,0,0,0,0,0,53,0,0,0,76,0,0,0,0,0,0,0,0,0,0,0,0,0,0,0,0,0,0,0,0,0,0,0,0,0,0,0,0,0,0,0,0,0,0,0,0,0,0,0,0,0,0,0,0,24,0,0,0,132,0,126,0,214,248,12
0,0,0,0,0,0,0,0,0,0,0,0,0,0,1,0,12,0,21,0,63,0,0,0,0,0,58,0,35,0,16,0,0,0,0,0,103,0,6,0,0,0,0,0,111,0,0,0,0,0,36,0,0,0,0,0,0,0,0,0,10,0,23,0,0,0,0,0,4,0,0,0,190,0,180,0,19,0,164,0,0,0,0,0,0,0,79,0,0,0,0,0,0,0,0,0,0,0,0,0,0,0,0,0,0,0,0,0,0,0,0,0,0,0,0,0,0,0,0,0,5,0,11,0,26,0,0,0,0,0,0,0,30,0,11,0,36,0,5,0,50,0,49,0,67,0,0,0,0,0,0,0,0,0,0,0,41,0,1,0,4,0,37,0,0,0,29,0,12,0,25,0,43,0,17,1,0,0,0,0,38,0,0,0,0,1,0,0,0,0,0,0,0,0,0,0,0,0,0,0,0,0,0,0,0,0,0,0,40,0,23,0,0,0,0,0,1,0,0,0,0,0,0,0,0
0,0,0,0,0,0,0,0,0,0,0,0,0,0,0,0,0,0,0,0,0,41,0,0,0,0,0,0,0,7,0,30,0,20,0,0,0,38,0,0,0,0,0,0,0,26,0,0,1,11,0,27,0,0,0,0,0,0,0,0,0,0,0,0,0,13,0,0,0,0,0,0,0,112,0,245,0,53,0,0,0,0,0,2,0,0,0,54,0,0,4,0,0,0,0,0,0,0,0,0,0,0,0,0,0,0,0,0,0,0,0,0,0,0,0,0,0,0,0,0,0,0,0,4,0,0,0,0,0,0,0,43,0,0,0,0,0,0,0,0,0,11,0,0,0,87,0,0,11,0,0,0,0,0,0,0,0,6,0,0,13,6,0,43,0,1,0,19,0,7,0,30,0,34,0,20,0,0,0,0,22,60,0,0,0,8,0,0,0,0,0,0,0,0,0,0,5,0,0,0,0,0,0,0,0,0,0,0,0,13,0,0,0,0,14,0,0,0,10,10,12,2,0,0,0
0,0,0,0,0,0,0,0,0,0,0,0,0,0,0,0,0,0,0,0,0,0,2,0,0,0,0,0,0,0,0,0,0,0,0,0,0,0,0,0,0,0,0,0,46,0,0,0,0,0,26,0,0,0,0,0,0,0,0,0,0,0,0,0,0,0,0,0,34,0,190,0,0,0,130,0,54,0,79,0,2,0,30,0,37,0,44,8,0,0,0,0,0,0,1,0,28,0,0,0,0,0,0,0,0,0,0,0,0,0,0,0,0,0,0,0,2,0,0,0,29,0,28,0,53,0,0,0,11,0,19,0,63,0,54,0,54,4,0,0,38,0,154,0,55,0,0,0,0,0,70,2,29,0,0,0,0,0,0,1,0,1,83,0,0,0,6,0,39,0,14,0,20,0,17,0,0,0,0,0,39,6,0,0,0,0,0,0,0,0,0,0,0,0,0,0,28,0,0,0,98,0,0,0,55,0,0,0,152,0,372,0,46,0,56,14,5,6,12,0,0,0,0,0,0
0,0,0,0,0,0,0,0,0,0,0,0,0,0,0,0,2,0,0,0,0,0,0,0,0,0,0,0,0,0,0,0,0,0,0,0,0,0,0,0,0,0,0,0,0,0,0,0,0,0,0,0,0,0,0,1,0,0,0,0,0,0,0,0,0,7,0,0,0,6,0,112,0,0,0,158,0,184,0,20,0,34,0,16,0,0,0,58,0,0,0,0,0,0,3,0,0,0,0,12,6,10,0,0,0,0,0,0,0,0,0,0,0,0,0,0,0,0,0,0,0,8,0,10,0,56,25,0,0,0,0,33,0,0,0,53,0,0,0,0,0,11,0,34,0,43,24,0,20,44,0,40,0,0,0,0,0,0,0,0,0,0,0,89,0,0,0,0,0,5,0,0,0,0,0,37,0,0,0,0,34,85,0,0,0,0,0,0,0,0,0,0,0,0,0,24,0,63,0,84,0,59,0,234,0,0,0,0,0,107,10,0,0,0,42,0,0,0,135,26,25,11,2,0,0
0,0,0,0,0,0,0,0,0,0,0,0,0,0,0,0,84,0,0,0,190,0,0,0,0,0,79,0,83,0,0,0,26,0,20,0,121,0,20,0,0,0,0,0,0,0,0,0,0,0,15,0,7,0,0,0,0,0,0,0,18,0,63,0,0,0,0,0,0,0,180,0,130,0,0,0,35,0,76,0,1,0,12,0,38,0,58,0,0,0,0,0,0,0,1,0,0,0,0,0,0,0,0,0,0,0,0,0,0,0,0,0,0,0,0,0,0,0,0,0,15,0,81,0,0,0,0,0,0,7,0,14,0,0,0,0,14,1,4,0,83,0,99,0,81,0,10,0,0,0,14,0,0,0,1,0,28,0,0,4,0,0,44,0,0,0,0,0,25,0,12,0,27,0,29,0,0,0,0,0,37,13,0,0,0,0,0,0,0,0,0,0,0,0,0,0,0,0,0,0,0,0,0,0,0,0,0,0,0,0,14,0,0,0,7,0,0,0,0,0,0,0,0,0,0
0,0,0,0,0,0,0,0,0,0,0,0,0,0,0,0,0,11,0,0,0,0,0,0,0,0,0,0,0,0,0,46,0,38,0,64,0,60,0,0,0,0,0,0,0,0,0,0,0,9,0,45,0,0,0,0,0,0,0,0,0,1,0,0,0,0,0,0,0,0,0,245,0,158,0,0,0,17,0,93,0,0,0,0,0,0,5,142,0,0,0,0,0,0,0,0,0,0,0,0,0,0,0,0,0,0,0,0,0,0,0,0,0,0,0,0,0,0,0,0,0,53,0,44,63,0,0,0,0,0,0,61,0,0,0,43,0,0,0,3,0,51,0,56,0,212,0,0,0,104,0,0,0,33,0,0,0,0,0,0,18,0,0,80,0,2,0,27,0,13,0,23,0,38,2,93,0,0,0,0,38,159,0,0,0,0,0,0,0,0,0,0,0,0,0,0,0,0,0,0,0,21,0,0,0,2,0,0,0,59,0,0,0,0,24,0,0,0,48,9,15,0,0,0,0
0,0,0,0,0,0,0,0,0,0,0,0,0,0,0,0,0,0,0,0,0,0,0,0,0,0,0,0,2,0,0,0,0,0,0,0,0,0,0,0,0,0,0,0,0,0,0,0,4,0,0,0,0,0,0,0,6,0,0,0,0,0,0,0,0,0,0,0,113,0,19,0,54,0,35,0,0,0,72,0,13,0,22,0,16,0,52,0,0,0,0,0,9,0,26,0,0,0,12,0,2,0,15,0,0,0,0,0,11,0,0,0,0,0,71,0,33,0,0,0,5,0,0,0,0,0,0,0,0,0,0,0,0,0,0,0,0,0,0,0,3,0,24,0,0,0,0,0,0,0,0,0,6,0,0,0,0,0,0,0,0,0,6,1,0,0,0,0,11,0,0,0,0,0,0,0,0,0,0,0,0,0,0,0,0,0,0,0,0,0,0,0,0,0,5,0,0,0,0,0,19,0,0,0,0,0,0,0,0,0,56,13,23,6,16,14,9,0,0,0,0,0,0,0,0
0,0,0,0,0,0,0,0,0,0,0,0,0,0,0,0,0,0,0,0,0,0,0,0,0,0,0,0,0,0,0,0,0,0,0,0,0,0,0,0,0,0,0,0,0,27,0,0,0,17,0,0,0,0,0,0,0,0,0,0,0,0,0,0,0,0,0,1,0,62,0,53,0,184,0,17,0,0,0,16,0,39,0,28,0,19,0,80,0,4,0,0,0,36,0,74,0,0,0,0,0,39,4,40,0,0,0,0,0,3,0,0,0,0,0,1,0,10,0,0,0,0,0,4,0,0,0,0,0,0,0,0,0,0,0,0,0,0,0,0,0,0,0,0,9,10,0,0,0,0,0,0,0,0,0,0,0,0,0,0,0,0,0,24,0,20,0,0,0,110,0,0,0,0,0,0,0,0,0,0,10,0,0,0,0,0,0,0,0,0,0,0,0,0,0,65,0,0,0,0,0,0,0,0,0,0,0,0,0,0,0,0,0,0,35,0,0,0,146,29,96,0,125,34,15
0,0,0,0,0,0,0,0,0,0,0,0,0,0,0,0,0,0,0,0,0,0,0,0,0,0,0,0,0,0,0,0,0,0,0,0,0,0,0,0,0,0,0,0,0,0,0,0,0,0,0,0,0,0,0,0,0,0,0,0,0,0,0,0,0,0,0,0,168,0,164,0,79,0,76,0,72,0,0,0,7,0,62,0,39,0,30,0,0,0,0,0,32,0,4,0,26,0,0,0,0,0,13,0,0,0,0,0,12,0,0,0,0,0,32,0,13,0,0,0,77,0,40,0,0,0,0,0,0,5,0,0,0,0,0,0,0,0,0,0,29,0,0,0,24,0,0,0,0,0,0,0,0,0,0,0,0,0,0,1,0,0,19,0,8,0,0,0,47,0,0,0,0,0,0,0,0,0,0,0,0,0,0,0,0,0,0,0,0,0,0,0,0,0,0,0,27,0,0,0,45,0,0,0,56,0,0,0,0,0,139,14,26,10,29,20,5,0,0,0,0,0,0,0,0
0,0,0,0,0,0,0,0,0,0,0,0,0,0,0,0,0,0,0,0,0,0,0,0,0,0,0,0,0,0,0,0,0,0,0,0,0,0,0,0,0,0,0,5,0,0,0,0,0,0,0,0,0,0,0,0,0,0,0,0,0,0,0,0,0,0,0,0,0,0,0,0,0,20,0,93,0,16,0,0,0,1,0,0,0,3,0,17,0,0,0,0,0,0,0,0,4,0,0,0,0,0,0,0,0,0,0,0,1,0,0,0,0,0,0,0,0,0,0,0,0,6,0,8,33,0,0,0,0,0,0,0,0,0,0,15,0,6,0,0,0,26,0,18,0,30,0,45,0,30,0,0,0,0,0,0,0,0,0,0,0,0,0,10,0,0,0,0,0,4,0,0,0,19,0,0,0,0,0,0,0,0,0,0,0,0,0,0,0,0,0,0,0,0,0,0,0,0,0,0,0,30,0,0,0,0,0,0,0,23,0,0,0,0,0,0,0,0,5,0,0,0,0,0,0
