0,262,33,71,40,0,15,253,94,56,137,0,57,0,10,15,5,52,15,0,0,3,3,67,2,239,49,0,55,8,0,0,0,1,0,0,33,0,491,20,8,0,0,0,0,0,11,0,8,0,0,0,10,4,28,49,0,0,0,0,126,0,73,35,16,0,3,0,0,0,4,0,0,0,3,0,0,0,0,0,0,0,0,0,6,0,0,0,0,0,0,0,0,0,2,0,4,0,0,0,0,0,0,0,0,0,0,0,0,0,0,0,0,0,0,0,0,0,0,0,5,0,1,0,37,0,7,0,0,0,23,0,0,0,0,0,0,0,0,0,0,0,0,0,0,0,10,0,40,0,0,0,12,0,0,0,0,0,0,0,36,0,0,0,0,0,0,0,20,1,0,0,174,0,0,0,520,118,32,0,0,0,144,0,23,0,0,0,0,0,0,0,0,0,0,0,0,0,0,0,0,0,0,0,0,0,0,0,0,0,484,67,185,146,252,0,0,0,10,2,3,0,0,0,0
262,0,237,24,0,294,65,34,16,176,31,390,0,93,0,88,144,44,0,198,28,35,435,8,236,40,0,247,0,198,5,0,0,142,0,0,0,55,7,296,0,0,0,0,0,0,0,0,0,0,0,34,0,12,2,31,0,0,0,12,0,205,22,311,0,61,0,16,0,0,0,0,0,1,0,0,0,0,0,0,0,0,0,2,0,0,0,0,0,1,0,0,0,0,0,0,0,1,0,0,0,0,0,0,0,0,0,0,0,0,0,0,0,0,2,0,0,0,0,0,0,0,0,0,0,7,0,4,0,0,0,7,0,0,0,3,0,3,0,0,0,0,0,0,0,0,0,14,0,37,0,60,0,64,0,4,0,0,0,7,0,0,0,13,0,13,0,21,0,43,0,38,0,98,0,18,112,635,0,23,1,44,17,12,0,153,0,0,0,0,0,0,0,0,0,0,0,0,0,0,0,0,0,0,0,0,0,0,0,0,0,0,0,0,695,0,0,0,1192,123,494,318,0,95,0
33,237,0,0,249,0,142,0,18,30,41,0,78,0,221,20,57,36,132,0,122,0,271,50,42,169,144,0,166,0,63,0,279,0,0,0,54,0,771,0,0,0,0,0,98,0,67,0,53,0,0,0,6,0,127,14,27,0,0,0,196,0,109,42,0,0,0,0,2,0,9,0,0,0,0,0,0,0,0,0,11,0,0,0,26,0,0,0,0,0,0,0,0,0,0,0,0,0,0,0,0,0,0,0,4,0,0,0,0,0,0,0,0,0,0,0,1,0,0,0,0,0,0,0,34,0,35,0,0,0,38,0,29,0,0,0,97,0,0,0,0,0,0,0,0,0,42,0,16,0,18,0,0,0,9,0,0,0,0,0,44,0,0,0,24,0,25,0,75,0,97,0,495,0,0,0,164,51,7,0,3,0,12,0,0,0,0,0,0,0,0,0,0,0,0,0,0,0,0,0,0,0,0,0,0,0,0,0,12,0,830,89,707,432,679,2,54,0,0,0,0,1,0,0,0
71,24,0,0,0,120,0,70,0,27,0,2,0,9,7,333,32,84,0,89,0,43,123,133,0,184,0,33,3,312,4,0,0,121,0,0,0,22,0,240,0,0,0,0,0,0,0,0,0,0,0,0,0,2,0,25,0,0,0,0,0,15,0,71,0,25,0,0,0,0,0,0,0,0,0,0,0,0,0,0,0,0,0,0,0,0,0,0,0,0,0,0,0,0,0,0,0,0,0,0,0,0,0,0,0,0,0,0,0,0,0,0,0,0,0,0,0,0,0,0,0,0,0,0,0,0,0,0,0,0,0,9,0,0,0,0,0,0,0,0,0,0,0,0,0,0,0,0,0,11,1,0,0,0,0,0,0,0,0,0,0,0,0,3,0,5,0,0,0,0,0,0,0,101,0,0,20,50,0,0,0,0,0,0,0,9,0,0,0,1,0,0,0,0,0,0,0,0,0,0,0,0,0,0,0,0,0,0,0,0,0,0,0,0,159,0,0,0,207,17,298,129,0,25,0
40,0,249,0,0,185,22,0,12,0,142,154,473,81,262,203,0,3,260,234,130,71,50,81,2,0,468,81,0,0,245,0,410,16,213,0,214,0,349,6,91,0,25,0,42,0,141,0,36,0,109,0,0,0,18,0,0,0,0,0,0,0,0,0,6,0,0,0,0,0,0,0,0,0,0,0,0,0,0,0,0,0,0,0,0,0,0,0,0,0,0,0,0,0,0,0,0,0,0,0,0,0,4,0,0,0,0,0,0,0,0,0,0,0,0,0,0,0,0,0,0,0,0,0,24,0,0,0,0,0,0,0,0,0,0,0,0,0,0,0,0,0,0,0,0,0,0,0,32,0,35,0,38,0,0,0,0,0,0,0,0,0,5,0,149,0,358,0,335,0,20,0,429,0,0,0,576,143,168,0,47,0,28,0,29,0,0,0,0,0,0,0,0,0,0,0,0,0,0,0,0,0,0,0,0,0,0,0,0,0,794,179,992,186,381,0,3,0,0,0,0,0,0,0,0
0,294,0,120,185,0,0,67,0,48,81,235,0,228,306,250,32,5,51,387,143,231,92,49,0,13,0,476,6,253,0,193,0,596,0,129,0,118,0,108,0,14,1,0,0,0,0,99,0,3,0,124,0,0,0,20,0,0,0,0,0,0,0,0,0,39,0,0,0,0,0,0,0,0,0,0,0,0,0,0,0,0,0,0,0,0,0,0,0,0,0,0,0,0,0,0,0,0,0,0,0,0,0,0,0,0,0,0,0,0,0,0,0,0,0,0,0,0,0,0,0,0,0,0,0,0,0,8,0,0,0,0,0,0,0,0,1,0,0,0,0,0,0,0,0,0,0,15,0,19,0,0,0,0,0,0,0,0,0,0,0,0,0,5,0,61,0,228,0,230,0,13,0,127,0,0,69,450,0,10,0,0,0,5,0,68,0,15,0,0,0,0,0,0,0,4,0,0,0,0,0,3,0,0,0,0,0,0,0,0,0,0,0,0,541,0,0,0,989,182,1030,305,0,19,0
15,65,142,0,22,0,0,176,168,322,11,0,0,0,9,0,0,0,0,0,0,0,3,0,195,0,0,0,0,0,0,0,0,0,0,0,0,0,21,0,0,0,0,0,0,0,0,0,53,0,0,0,36,81,183,309,82,0,23,0,138,0,146,46,12,0,51,38,0,0,1,0,0,0,0,0,0,0,1,0,0,0,0,0,7,0,0,0,0,0,0,0,0,0,0,0,0,0,3,0,0,0,0,0,0,0,1,0,0,0,0,0,0,0,0,0,0,0,0,0,0,0,0,0,125,0,47,0,0,0,122,0,6,0,0,0,0,0,0,0,6,0,0,0,0,0,27,0,40,0,7,0,2,0,1,0,0,0,0,0,257,0,41,0,10,0,0,0,49,0,94,0,74,0,0,0,98,96,2,0,0,0,9,3,11,0,0,0,0,0,0,0,0,0,0,0,0,0,0,0,0,0,0,0,0,0,0,0,9,0,1193,187,674,632,854,19,118,0,13,11,0,0,0,0,0
253,34,0,70,0,67,176,0,128,133,0,17,0,6,3,112,31,164,0,44,0,0,53,44,285,279,0,0,0,262,0,0,0,0,0,0,0,0,0,0,0,0,0,0,0,0,0,0,0,0,0,0,7,16,21,883,0,18,0,47,0,172,62,612,0,58,1,82,0,2,2,0,0,0,0,0,0,0,0,0,1,0,0,0,0,0,0,0,0,0,0,0,0,0,0,0,0,0,0,0,0,0,0,0,0,0,0,0,0,0,0,0,0,0,0,0,0,0,0,0,0,0,0,0,0,27,0,13,0,0,0,87,0,0,0,0,0,24,0,0,0,0,0,0,0,0,0,0,0,58,0,4,0,0,0,8,0,0,0,0,0,80,0,24,0,14,0,0,0,38,0,68,3,113,0,0,53,66,0,0,0,0,0,0,0,1,0,0,0,0,0,0,0,0,0,0,0,0,0,0,0,0,0,0,0,0,0,0,0,0,0,0,0,0,722,0,0,0,664,68,650,422,24,128,1
94,16,18,0,12,0,168,128,0,512,36,0,13,0,3,0,0,0,11,0,0,0,0,0,11,15,25,0,0,0,0,0,0,0,0,0,4,0,16,0,0,0,0,0,0,0,8,0,0,0,0,0,93,123,171,511,41,68,41,126,94,0,189,24,175,0,129,162,0,0,0,0,0,0,0,0,0,0,0,0,0,0,0,0,0,0,1,0,0,0,1,0,0,0,0,0,0,0,0,0,0,0,0,0,0,0,0,0,0,0,0,0,0,0,0,0,0,0,0,0,0,0,0,0,42,0,8,0,0,0,57,0,1,0,0,0,0,0,0,0,0,0,0,0,0,0,10,0,105,0,2,0,0,0,2,0,0,0,0,0,111,0,0,0,0,0,5,0,0,0,0,0,9,0,0,0,263,109,10,0,0,0,27,0,247,45,0,0,0,0,0,0,0,0,0,0,0,0,0,0,0,0,0,0,0,0,0,0,0,0,474,192,100,168,277,0,24,0,0,8,0,0,0,0,0
56,176,30,27,0,48,322,133,512,0,0,26,0,0,0,37,17,14,0,31,0,0,5,0,317,23,0,0,0,0,0,0,0,0,0,0,0,4,0,0,0,0,0,0,0,0,0,5,0,3,0,0,69,300,202,528,0,22,22,68,6,228,92,462,0,151,0,196,0,2,0,0,0,2,0,0,0,0,0,0,0,0,0,0,0,0,0,0,0,0,0,0,0,0,0,0,0,0,0,0,0,0,0,0,0,0,0,0,0,0,0,0,0,0,0,0,0,0,0,0,0,0,0,0,0,10,0,10,0,0,0,54,0,0,0,0,0,0,0,2,0,0,0,0,0,1,0,4,0,25,0,9,0,0,0,7,0,41,0,5,0,33,0,5,0,13,0,0,0,33,0,36,0,0,0,0,134,297,0,0,0,5,1,4,10,100,0,0,0,0,0,0,0,0,0,0,0,0,0,2,1,0,0,0,0,0,0,0,0,0,2,0,0,0,887,0,0,0,1396,142,503,433,48,124,0
137,31,41,0,142,81,11,0,36,0,0,45,436,0,18,113,9,2,29,54,54,7,12,65,2,0,89,0,67,0,69,0,225,0,29,0,127,0,273,0,50,0,0,0,21,0,58,0,11,0,16,0,0,0,0,1,0,0,0,0,0,0,0,0,11,1,0,0,1,0,0,0,0,0,0,0,0,0,0,0,0,0,0,0,0,0,0,0,0,0,0,0,0,0,0,0,0,0,0,0,0,0,0,0,0,0,0,0,0,0,0,0,0,0,0,1,0,0,0,0,0,0,0,0,26,0,10,0,0,0,0,0,0,0,1,0,0,0,0,0,0,0,0,0,2,0,8,0,23,0,26,0,16,0,0,0,0,0,0,0,16,0,2,0,0,0,66,1,67,0,4,0,94,0,0,0,403,60,158,0,29,0,30,0,33,0,10,0,0,0,0,0,0,0,0,0,0,0,0,0,0,0,0,0,0,0,0,0,0,0,427,103,347,94,137,0,3,2,0,1,0,0,0,0,0
0,390,0,2,154,235,0,17,0,26,45,0,0,503,271,9,33,0,0,134,143,77,132,13,0,0,0,262,0,65,13,92,0,322,5,42,0,52,0,67,0,83,0,0,0,38,0,234,0,77,0,0,0,0,0,0,0,0,0,0,0,0,0,0,0,0,0,4,0,0,0,0,0,0,0,0,0,0,0,0,0,0,0,0,0,0,0,0,0,0,0,0,0,1,0,0,0,0,0,0,0,0,0,0,0,0,0,0,0,0,0,0,0,0,0,0,0,0,0,0,0,0,0,0,0,0,0,0,0,0,0,0,0,0,0,0,0,0,0,0,0,0,0,0,0,0,0,0,0,0,0,45,0,43,0,0,0,0,0,0,0,0,0,0,0,0,3,30,0,42,0,2,0,18,0,27,78,663,0,54,0,69,0,30,0,34,0,12,0,0,0,1,0,0,0,0,0,0,0,0,0,0,0,0,0,0,0,0,0,0,0,0,13,0,159,0,0,0,485,153,259,97,0,6,0
57,0,78,0,473,0,0,0,13,0,436,0,0,135,6,0,0,0,15,227,51,50,0,0,0,0,156,385,0,0,22,0,5,0,347,0,31,0,0,0,269,122,212,83,84,112,356,222,72,0,420,33,0,0,0,0,0,0,0,0,0,0,0,0,7,0,0,0,0,0,0,0,0,0,0,0,0,0,0,0,0,0,0,0,0,0,0,0,0,0,0,0,0,0,0,0,0,0,0,0,0,0,0,0,0,0,0,0,0,0,0,0,0,0,0,0,0,0,0,0,0,0,0,0,0,0,0,0,0,0,0,0,0,0,0,0,0,0,0,0,0,0,0,0,0,0,0,0,17,0,0,0,0,0,0,0,0,0,0,0,0,0,0,0,141,0,46,0,105,0,0,0,0,0,0,0,477,87,272,0,28,0,12,0,0,0,266,41,0,0,0,0,0,0,0,0,0,0,0,0,0,0,0,0,0,0,0,0,0,0,126,365,513,32,0,0,0,2,0,0,0,0,0,0,0
0,93,0,9,81,228,0,6,0,0,0,503,135,0,167,0,0,0,410,42,227,77,0,0,0,0,181,205,0,0,12,31,0,11,60,225,7,50,0,0,24,223,0,234,0,54,0,316,0,51,17,250,0,0,0,0,0,3,0,0,0,0,0,0,0,0,0,0,0,0,0,0,0,0,0,0,0,7,0,0,0,0,0,0,0,0,0,0,0,0,0,0,0,0,0,0,0,0,0,0,0,0,0,0,0,0,0,0,0,0,0,0,0,0,0,0,0,1,0,0,0,0,0,0,0,0,0,0,0,0,0,0,0,0,0,0,0,0,0,0,0,0,0,0,0,0,0,0,0,0,0,0,0,0,0,0,0,0,0,0,0,0,0,0,0,83,0,18,0,171,0,0,0,0,0,0,67,312,0,11,0,0,0,1,0,0,20,235,0,14,0,6,0,0,0,0,0,0,0,0,0,0,0,0,0,0,0,0,0,0,0,0,0,0,131,0,0,0,306,256,758,108,0,0,1
10,0,221,7,262,306,9,3,3,0,18,271,6,167,0,275,52,0,228,315,229,95,194,99,23,3,219,60,11,0,239,27,68,30,126,60,205,0,0,0,0,0,0,0,16,0,0,0,0,0,27,12,0,0,10,0,0,0,0,0,0,0,7,0,0,0,0,0,0,0,4,0,0,0,0,0,0,0,0,0,0,0,0,0,0,0,0,0,0,0,0,0,0,0,0,0,5,0,0,0,0,0,0,0,0,0,0,0,0,0,0,0,0,0,0,0,0,0,0,0,0,0,0,0,9,0,9,0,0,0,17,0,12,0,0,0,22,0,0,0,0,0,16,0,1,0,29,0,23,0,12,0,24,0,0,0,0,0,0,0,7,0,1,0,47,0,194,0,90,0,0,0,70,0,0,0,215,97,19,0,0,0,22,0,22,0,0,0,0,0,0,0,0,0,0,0,0,0,0,0,0,0,0,0,0,0,0,0,0,0,126,46,169,19,41,0,0,0,0,0,0,0,0,0,0
15,88,20,333,203,250,0,112,0,37,113,9,0,0,275,0,22,13,0,326,118,269,141,189,0,43,0,179,0,143,9,274,16,256,0,40,0,68,4,55,0,0,0,4,0,0,0,0,0,0,1,17,0,5,0,70,0,0,0,0,0,7,0,9,0,16,0,0,0,0,0,0,0,0,0,0,0,0,0,1,0,0,0,0,0,0,0,0,0,0,0,0,0,0,0,0,0,0,0,0,0,0,0,0,0,0,0,0,0,0,0,0,0,0,0,0,0,0,0,0,0,0,0,0,1,0,0,0,0,0,0,0,0,0,0,0,0,83,0,40,0,0,0,0,1,0,3,4,0,11,0,0,0,0,0,16,0,0,0,0,0,6,0,0,0,0,0,161,0,41,0,0,0,54,0,0,51,126,9,2,0,10,4,2,1,56,0,0,0,0,0,0,0,0,0,0,0,0,0,0,0,0,0,0,0,0,0,0,0,4,0,0,0,3,101,0,0,0,206,29,203,58,2,5,0
5,144,57,32,0,32,0,31,0,17,9,33,0,0,52,22,0,22,67,0,310,0,153,48,140,82,170,0,462,9,155,0,79,0,0,0,15,3,320,18,0,0,28,0,110,0,0,0,20,0,0,0,40,3,52,5,38,0,0,0,60,0,310,13,0,0,0,0,0,0,13,0,0,0,0,0,0,0,0,0,0,0,0,0,70,0,8,0,0,0,22,0,0,0,0,0,57,0,25,0,0,0,0,0,0,0,0,0,0,0,0,0,0,0,0,0,0,0,0,0,0,0,31,0,0,0,0,0,73,0,10,0,59,0,0,0,268,0,0,1,62,0,175,0,0,0,0,0,0,0,0,0,0,0,73,0,0,0,33,0,12,0,3,0,3,0,0,0,12,0,37,0,65,0,0,0,6,14,0,0,0,0,0,0,0,0,0,0,0,0,0,0,0,0,0,0,0,0,0,0,0,0,0,0,0,0,0,0,0,0,28,0,93,0,55,0,10,0,0,0,0,0,0,0,0
52,44,36,84,3,5,0,164,0,14,2,0,0,0,0,13,22,0,0,14,3,121,53,86,28,102,0,0,1,271,2,18,0,15,0,0,0,4,3,103,0,0,0,0,0,0,0,0,0,0,0,0,0,36,0,85,0,74,0,0,0,29,3,344,0,0,0,0,0,0,0,6,0,0,0,0,0,0,0,0,0,0,0,0,0,33,0,0,0,0,0,0,0,0,0,0,0,27,0,0,0,0,0,0,0,0,0,0,0,0,0,0,0,0,0,0,0,0,0,0,0,13,0,0,0,0,0,0,0,39,0,0,0,41,0,86,1,159,5,100,0,35,0,169,0,0,0,0,0,0,4,12,0,0,0,104,0,0,0,70,0,23,0,0,0,1,0,0,0,0,0,0,0,21,0,0,2,24,0,0,0,11,0,7,0,0,0,0,0,0,0,0,0,0,0,0,0,0,1,0,1,0,0,0,0,0,0,0,0,4,0,0,0,0,0,0,0,0,28,70,35,0,0,3,0
15,0,132,0,260,51,0,0,11,0,29,0,15,410,228,0,67,0,0,436,386,102,211,0,27,0,267,692,31,0,86,0,0,0,430,75,36,19,0,0,0,104,56,190,12,60,5,173,0,0,391,126,0,0,0,0,0,0,0,0,0,0,0,0,0,0,0,0,0,0,17,0,0,0,0,0,0,0,0,0,0,0,0,0,0,0,0,0,0,0,0,0,0,0,0,0,0,0,0,0,0,0,0,0,0,0,0,0,0,0,0,0,0,0,0,0,0,0,0,0,0,0,0,0,0,0,0,0,0,0,0,0,0,0,0,0,0,0,0,0,0,0,0,0,0,0,30,0,32,0,0,0,0,0,0,0,0,0,0,0,0,0,0,0,124,0,30,0,72,0,0,0,0,0,0,0,135,102,11,0,0,0,4,0,19,0,35,48,0,0,0,0,0,0,0,0,0,0,0,0,0,0,0,0,0,0,0,0,0,0,81,98,185,0,24,0,0,0,0,0,0,0,0,0,0
0,198,0,89,234,387,0,44,0,31,54,134,227,42,315,326,0,14,436,0,243,327,0,159,0,0,66,451,0,25,24,85,5,37,81,260,9,135,0,0,0,0,0,44,0,86,0,163,0,8,0,189,0,20,0,53,0,0,0,0,0,0,0,7,0,20,0,0,0,0,0,0,0,0,0,0,0,0,0,0,0,0,0,0,0,0,0,0,0,0,0,0,0,0,0,0,0,0,0,0,0,0,0,0,0,1,0,0,0,0,0,0,0,0,0,0,0,0,0,0,0,0,0,0,0,0,0,0,0,0,0,0,0,0,0,0,0,96,0,0,1,24,0,0,0,0,0,0,0,20,0,0,0,39,0,0,0,3,0,0,0,0,0,0,0,39,0,84,0,120,0,8,0,12,0,0,72,235,0,0,0,15,0,10,0,88,0,13,0,0,0,0,0,0,0,2,0,0,0,0,0,0,0,0,0,0,0,0,0,0,0,14,30,0,71,0,0,0,204,91,284,56,0,0,0
0,28,122,0,130,143,0,0,0,0,54,143,51,227,229,118,310,3,386,243,0,54,194,81,80,0,424,328,293,0,539,13,122,21,211,42,22,0,7,0,0,52,35,71,46,29,2,80,0,3,89,32,44,0,0,0,0,0,0,0,0,0,146,0,0,0,0,0,0,0,40,0,0,0,51,0,0,0,0,0,0,0,0,0,100,0,23,0,0,0,0,0,0,0,0,0,50,0,0,0,0,0,0,0,0,0,0,0,0,0,0,0,0,0,0,0,0,0,0,0,0,0,0,0,0,0,0,0,0,0,0,0,0,0,0,0,123,0,0,0,76,0,158,0,28,0,0,0,6,0,0,0,0,0,0,0,0,0,0,0,0,0,0,0,15,0,21,0,34,0,0,0,61,0,0,0,54,41,41,0,0,0,0,0,0,0,0,5,0,0,0,0,0,0,0,0,0,0,0,0,0,0,0,0,0,0,0,0,0,0,123,155,103,27,41,0,0,0,9,0,0,0,0,1,0
3,35,0,43,71,231,0,0,0,0,7,77,50,77,95,269,0,121,102,327,54,0,0,307,0,43,12,290,0,142,8,111,0,32,12,98,0,20,0,24,0,0,0,168,0,255,0,14,0,0,2,149,0,45,0,40,0,0,0,0,0,0,0,58,0,0,0,0,0,0,0,0,0,0,0,0,0,0,0,0,0,0,0,0,0,14,0,0,0,0,0,0,0,0,0,0,0,0,0,0,0,0,0,0,0,0,0,0,0,0,0,0,0,2,0,0,0,0,0,0,0,0,0,0,1,0,0,0,0,0,1,0,0,0,0,38,0,0,0,223,0,131,0,139,0,29,0,0,0,0,0,0,0,0,0,60,0,4,0,80,0,0,0,0,0,51,0,57,0,75,0,0,0,10,0,1,6,59,0,1,0,0,0,0,0,0,0,8,0,0,0,0,0,0,0,0,0,0,0,0,0,0,0,0,0,0,0,0,0,0,0,4,14,0,68,0,0,0,156,72,137,35,0,0,0
3,435,271,123,50,92,3,53,0,5,12,132,0,0,194,141,153,53,211,0,194,0,0,281,85,153,218,0,200,31,95,0,65,17,0,0,31,0,210,62,0,0,0,0,97,0,23,0,0,0,0,0,0,0,41,3,0,0,0,0,0,16,37,33,0,0,0,0,1,0,0,0,0,0,0,0,0,0,0,0,0,0,0,0,0,0,2,0,0,0,0,0,0,0,0,0,0,0,0,0,0,0,0,0,0,0,0,0,0,0,0,0,0,0,0,0,0,0,0,0,0,0,0,0,0,0,0,0,0,0,11,0,0,0,0,0,50,0,0,0,0,0,0,0,0,0,0,0,7,0,0,0,13,0,0,0,0,0,0,0,0,0,1,0,1,0,5,0,13,0,23,0,78,0,0,0,196,113,2,0,11,0,5,0,9,0,0,0,0,0,0,0,0,0,0,0,0,0,0,0,0,0,0,0,0,0,0,0,0,0,113,14,111,74,105,0,1,0,0,0,3,0,0,1,0
67,8,50,133,81,49,0,44,0,0,65,13,0,0,99,189,48,86,0,159,81,307,281,0,0,20,0,154,0,181,8,11,0,31,0,12,0,10,0,86,0,0,0,34,0,85,0,0,0,3,0,17,0,8,0,19,0,8,0,0,0,0,0,24,0,0,0,0,0,0,0,0,0,0,0,0,0,0,0,0,0,0,0,0,0,35,0,0,0,0,0,0,0,0,0,0,1,18,0,19,0,0,0,0,0,0,0,0,0,0,0,0,0,0,0,0,0,0,0,0,0,0,0,3,0,0,0,0,0,8,0,0,0,23,0,29,0,92,0,44,0,23,0,88,0,7,0,0,0,0,0,0,0,0,0,9,0,3,0,19,0,0,0,0,0,0,0,18,0,0,0,2,0,34,1,0,22,99,0,2,0,9,0,0,0,0,0,0,0,0,0,0,0,0,0,0,0,0,0,0,0,0,0,0,0,0,0,0,0,0,0,0,10,0,66,0,0,0,163,121,64,32,0,10,0
2,236,42,0,2,0,195,285,11,317,2,0,0,0,23,0,140,28,27,0,80,0,85,0,0,172,0,0,188,0,22,0,26,0,0,0,11,0,234,0,0,0,0,0,64,1,24,0,27,0,0,0,41,36,240,229,27,0,0,2,144,36,237,96,0,0,0,3,0,0,0,0,0,0,0,0,0,0,0,0,0,0,0,0,17,0,0,0,0,0,13,0,0,1,0,0,0,0,14,0,0,0,0,0,0,0,0,0,0,0,0,0,0,0,0,0,1,0,0,0,0,0,10,0,0,0,28,0,67,0,25,0,45,0,21,0,151,0,11,0,16,0,56,0,0,0,0,0,0,0,15,0,9,0,56,0,0,0,26,0,13,0,0,0,17,0,0,0,24,0,75,0,96,0,0,0,12,41,0,0,0,0,0,0,2,0,0,0,0,0,0,0,0,0,0,0,0,0,0,0,0,0,0,0,0,0,0,0,17,0,277,36,260,266,319,1,30,0,24,0,0,0,0,0,0
239,40,169,184,0,13,0,279,15,23,0,0,0,0,3,43,82,102,0,0,0,43,153,20,172,0,0,0,0,186,0,0,0,0,0,0,0,0,6,71,0,0,0,0,0,0,0,0,0,1,0,0,1,10,2,240,0,66,0,15,0,41,21,197,0,2,0,0,0,0,0,0,0,0,0,0,0,0,0,0,0,0,0,0,0,0,0,0,0,0,0,3,0,0,0,0,0,0,0,0,0,6,0,0,0,0,0,0,0,0,0,0,0,0,0,0,0,0,0,0,0,0,0,0,0,9,0,0,0,18,0,19,1,42,0,48,0,244,0,50,0,16,2,57,0,0,0,2,0,0,0,14,0,0,0,78,0,0,0,24,0,96,0,0,0,1,0,0,0,5,0,8,0,22,0,0,16,40,0,0,0,7,13,10,0,0,0,0,0,0,0,0,0,0,0,0,0,0,0,0,0,0,0,0,0,0,0,0,0,5,0,0,1,0,31,0,0,0,73,85,81,34,0,3,0
49,0,144,0,468,0,0,0,25,0,89,0,156,181,219,0,170,0,267,66,424,12,218,0,0,0,0,404,178,0,171,0,33,0,84,0,20,0,0,0,66,327,433,125,316,200,217,425,25,0,512,44,0,0,0,0,0,0,0,0,0,0,89,0,0,0,0,0,3,0,0,0,0,0,0,0,0,0,0,0,0,0,0,0,0,0,0,0,0,0,0,0,0,0,0,0,0,0,0,0,0,0,0,0,0,0,0,0,0,0,0,0,0,0,0,0,0,0,0,0,0,0,0,0,47,0,19,0,0,0,0,0,0,0,0,0,0,0,0,0,0,0,0,0,0,0,32,0,38,0,0,0,0,0,0,0,0,0,0,0,0,0,0,0,152,0,0,0,0,0,0,0,33,0,0,0,29,36,13,0,0,0,14,0,18,0,137,43,0,0,0,0,0,0,0,0,0,0,0,0,0,0,0,0,0,0,0,0,0,0,54,429,345,49,14,1,0,14,0,0,0,0,0,0,0
0,247,0,33,81,476,0,0,0,0,0,262,385,205,60,179,0,0,692,451,328,290,0,154,0,0,404,0,0,55,0,45,0,0,163,152,9,24,0,0,35,20,29,562,0,390,0,280,0,20,85,424,0,0,0,0,0,0,0,0,0,0,0,0,0,0,0,0,0,4,0,0,0,0,0,0,0,0,0,0,0,0,0,0,0,23,0,0,0,0,0,0,0,0,0,0,0,0,0,0,0,0,0,0,0,0,0,0,0,0,0,0,0,0,0,0,0,0,0,0,0,0,0,0,0,0,0,0,0,0,0,0,0,0,0,0,0,0,0,0,0,54,0,0,0,9,0,0,0,0,0,0,0,0,0,0,0,6,0,0,0,0,0,0,0,90,0,0,0,112,0,0,0,0,0,0,29,99,0,0,0,0,0,6,0,0,20,97,0,29,0,0,0,0,0,0,0,0,0,0,0,0,0,0,0,0,0,0,0,0,0,0,0,0,50,0,0,0,115,468,520,0,3,0,0
55,0,166,3,0,6,0,0,0,0,67,0,0,0,11,0,462,1,31,0,293,0,200,0,188,0,178,0,0,0,124,0,65,0,55,0,93,0,11,0,0,0,126,0,153,0,0,0,7,0,61,0,95,0,21,0,0,0,0,0,8,0,372,1,0,0,0,0,0,0,13,0,0,0,0,0,0,0,3,0,0,0,0,0,0,0,0,0,0,0,0,0,0,0,0,0,20,0,0,0,0,0,0,0,1,0,0,0,0,0,0,0,0,0,0,0,0,0,0,0,0,0,0,0,0,0,0,0,0,0,0,0,0,0,0,0,71,0,63,0,49,0,93,0,21,0,0,0,0,0,0,0,0,0,6,0,0,0,10,0,0,0,0,0,3,0,0,0,5,0,0,0,12,0,0,0,0,1,0,0,0,0,0,0,0,0,0,0,0,0,0,0,0,0,0,0,0,0,0,0,0,0,0,0,0,0,0,0,0,0,26,23,9,0,0,1,0,0,0,0,0,0,0,0,0
8,198,0,312,0,253,0,262,0,0,0,65,0,0,0,143,9,271,0,25,0,142,31,181,0,186,0,55,0,0,0,58,0,42,0,50,0,14,0,35,0,0,0,55,0,40,0,0,0,0,0,39,0,26,0,87,0,23,0,0,0,24,0,56,0,0,0,0,0,0,0,10,0,0,0,0,0,0,0,0,0,0,0,0,0,48,0,0,0,0,0,5,0,0,0,0,0,0,0,0,0,0,0,0,0,0,0,0,0,0,0,0,0,0,0,0,0,0,0,0,0,0,0,12,0,0,0,0,0,23,0,14,0,40,0,68,0,180,0,184,1,99,0,181,0,33,0,0,0,0,0,14,0,0,0,46,0,13,0,73,0,0,0,0,0,0,0,8,0,7,0,4,0,35,0,0,0,23,0,0,0,0,0,0,0,3,0,0,0,0,0,0,0,0,0,0,0,0,0,0,0,0,0,0,0,0,0,0,0,0,0,0,0,0,0,0,0,0,33,40,34,0,0,0,0
0,5,63,4,245,0,0,0,0,0,69,13,22,12,239,9,155,2,86,24,539,8,95,8,22,0,171,0,124,0,0,0,59,0,82,6,26,0,2,0,0,0,129,0,57,0,0,0,0,0,56,4,7,0,0,0,0,0,0,0,0,0,37,0,0,0,0,0,0,0,0,0,2,0,0,0,0,0,0,0,0,0,0,0,0,0,0,0,0,0,0,0,0,0,0,0,0,0,0,0,0,0,0,0,0,0,0,0,0,0,0,0,0,0,0,0,0,0,0,0,0,0,0,0,0,0,8,0,0,0,0,0,0,0,0,0,0,0,0,0,0,0,0,0,0,0,0,0,0,0,0,0,0,0,0,0,0,0,0,0,0,0,0,0,0,0,15,0,0,0,0,0,25,0,0,0,37,0,46,0,0,0,0,0,7,0,0,0,0,0,0,0,0,0,0,0,0,0,0,0,0,0,0,0,0,0,0,0,0,0,61,30,61,0,0,0,0,0,0,0,0,0,0,0,0
0,0,0,0,0,193,0,0,0,0,0,92,0,31,27,274,0,18,0,85,13,111,0,11,0,0,0,45,0,58,0,0,0,17,0,89,0,36,0,29,0,0,0,70,0,29,0,0,0,0,0,55,0,0,0,0,0,0,0,0,0,4,0,10,0,0,0,0,0,0,0,0,0,0,0,0,0,0,0,0,0,0,0,0,0,0,0,0,0,0,0,0,0,0,0,0,0,0,0,0,0,0,0,0,0,0,0,0,0,0,0,0,0,0,0,0,0,0,0,0,0,0,0,0,0,0,0,0,0,0,0,0,0,5,0,0,0,0,0,34,0,0,0,0,0,3,0,0,0,0,0,0,0,0,0,0,0,0,0,0,0,0,0,0,0,3,0,38,0,8,0,0,0,0,0,0,4,34,0,0,0,0,0,0,0,0,0,0,0,0,0,0,0,0,0,0,0,0,0,0,0,0,0,0,0,0,0,0,0,0,0,0,0,0,0,0,0,0,32,6,35,9,0,0,0
0,0,279,0,410,0,0,0,0,0,225,0,5,0,68,16,79,0,0,5,122,0,65,0,26,0,33,0,65,0,59,0,0,2,82,0,173,0,3,0,0,0,120,0,26,0,3,0,3,0,37,0,0,0,0,0,0,0,0,0,8,0,36,1,0,0,0,0,0,0,16,0,0,0,0,0,0,0,0,0,0,0,0,0,0,0,0,0,0,0,0,0,0,0,0,0,0,0,0,0,0,0,0,0,0,0,0,0,0,0,0,0,0,0,0,0,0,0,0,0,0,0,0,0,0,0,0,0,0,0,0,0,0,0,0,0,0,0,100,0,71,0,0,0,0,0,0,0,7,0,0,0,0,0,0,0,5,0,0,0,0,0,0,0,0,0,27,0,15,0,0,0,73,0,0,0,64,8,59,0,0,0,0,0,5,0,0,0,0,0,0,0,0,0,0,0,0,0,0,0,0,0,0,0,0,0,0,0,0,0,45,22,57,0,15,0,0,0,0,0,0,0,0,0,0
1,142,0,121,16,596,0,0,0,0,0,322,0,11,30,256,0,15,0,37,21,32,17,31,0,0,0,0,0,42,0,17,2,0,0,44,0,344,0,31,0,0,0,29,0,0,0,0,0,0,0,31,0,2,0,0,0,0,0,0,0,3,0,8,0,0,0,0,0,0,0,0,0,0,0,0,0,0,0,0,0,0,0,0,0,0,0,0,0,0,0,0,0,0,0,0,0,0,0,0,0,0,0,0,0,0,0,0,0,0,0,0,0,0,0,0,0,0,0,0,0,0,0,1,0,0,0,0,0,0,0,0,0,0,0,0,0,19,0,36,0,16,0,0,0,0,0,0,0,0,0,0,0,0,0,5,0,1,0,0,0,0,0,0,0,0,0,234,0,23,0,0,0,40,0,0,9,68,0,0,0,0,0,0,0,0,0,0,0,0,0,0,0,0,0,0,0,0,0,0,0,0,0,0,0,0,0,0,0,0,0,0,0,0,21,0,0,0,0,51,62,0,0,0,0
0,0,0,0,213,0,0,0,0,0,29,5,347,60,126,0,0,0,430,81,211,12,0,0,0,0,84,163,55,0,82,0,82,0,0,0,275,0,4,0,0,21,168,24,19,13,0,51,6,0,87,17,0,0,0,0,1,0,0,0,0,0,0,0,0,0,0,0,0,0,0,0,0,0,0,0,0,0,0,0,0,0,0,0,8,0,0,0,1,0,0,0,0,0,0,0,0,0,12,0,0,0,0,0,0,0,0,0,0,0,0,0,0,0,0,0,0,0,0,0,4,0,0,0,0,0,0,0,0,0,0,0,0,0,0,0,0,0,0,0,15,0,0,0,0,0,0,0,0,0,0,0,0,0,0,0,0,0,0,0,0,0,4,0,125,0,55,0,77,0,0,0,0,0,0,0,56,19,48,0,3,0,4,0,0,0,15,0,0,0,0,0,0,0,0,0,0,0,0,0,0,0,0,0,0,0,0,0,0,0,61,94,196,0,0,0,0,0,0,0,0,0,0,0,0
0,0,0,0,0,129,0,0,0,0,0,42,0,225,60,40,0,0,75,260,42,98,0,12,0,0,0,152,0,50,6,89,0,44,0,0,0,215,0,115,0,0,0,101,0,27,0,10,0,1,0,53,0,6,0,0,0,0,0,0,0,8,0,14,0,0,0,0,0,0,0,0,0,0,0,2,0,0,0,0,0,0,0,0,0,0,0,0,0,0,0,0,0,0,0,0,0,0,0,0,0,0,0,0,0,0,0,0,0,0,0,0,0,0,0,0,0,0,0,0,0,0,0,0,0,0,0,0,0,0,0,0,0,0,0,0,0,44,0,93,0,63,0,56,0,19,0,0,0,0,0,0,0,0,0,0,0,0,0,17,0,0,0,0,0,8,0,23,2,35,0,0,0,2,0,0,19,71,0,1,0,0,0,0,0,10,0,44,0,0,0,0,0,0,0,0,0,0,0,0,0,0,0,0,0,0,0,0,0,0,0,0,0,0,11,0,0,0,18,15,32,0,0,0,0
33,0,54,0,214,0,0,0,4,0,127,0,31,7,205,0,15,0,36,9,22,0,31,0,11,0,20,9,93,0,26,0,173,0,275,0,0,0,221,0,0,0,170,0,46,0,2,0,5,0,93,0,20,0,0,0,0,0,0,0,34,0,18,0,2,0,0,0,0,0,61,0,0,0,90,0,0,0,9,0,0,0,0,0,47,0,0,1,0,0,0,0,0,0,0,0,42,0,69,0,0,0,0,0,0,0,0,0,0,0,0,0,0,0,0,0,0,0,0,0,36,0,53,0,0,0,0,0,0,0,0,0,0,0,0,0,126,0,198,0,228,0,178,0,214,0,0,0,21,0,0,0,0,0,11,0,35,0,15,0,0,0,21,0,54,0,58,0,69,0,18,0,83,0,0,0,33,0,39,0,5,0,0,0,16,0,0,0,0,0,0,0,0,0,0,0,0,0,0,0,0,0,0,0,0,0,0,0,0,0,15,6,80,0,4,0,2,0,0,1,0,0,0,0,0
0,55,0,22,0,118,0,0,0,4,0,52,0,50,0,68,3,4,19,135,0,20,0,10,0,0,0,24,0,14,0,36,0,344,0,215,0,0,0,60,0,0,0,56,0,7,0,0,0,0,0,75,0,7,0,0,0,0,0,0,0,18,0,72,0,0,0,0,0,0,0,12,0,0,0,0,0,0,0,0,0,0,0,0,0,0,0,0,0,0,0,0,0,0,0,0,0,0,0,0,0,0,0,0,0,0,0,0,0,0,0,0,0,0,0,0,0,0,0,0,0,0,0,0,0,0,0,0,0,0,0,0,0,0,0,11,0,75,0,227,0,168,0,192,0,102,0,0,0,0,0,0,0,0,0,13,0,51,0,28,0,0,0,0,0,12,0,74,0,74,0,6,0,38,0,0,0,21,0,0,0,0,0,0,0,0,0,11,0,0,0,0,0,0,0,0,0,0,0,0,0,0,0,0,0,0,0,0,0,0,0,0,0,0,0,0,0,0,8,109,53,3,0,0,0
491,7,771,0,349,0,21,0,16,0,273,0,0,0,0,4,320,3,0,0,7,0,210,0,234,6,0,0,11,0,2,0,3,0,4,0,221,0,0,0,0,0,12,0,0,0,0,0,0,0,3,0,73,0,41,0,0,0,0,0,33,0,154,0,0,0,0,0,0,0,43,0,0,0,62,0,0,0,0,0,61,0,0,0,100,0,0,0,0,0,32,0,0,0,0,0,43,0,0,0,0,0,0,0,0,0,0,0,0,0,0,0,0,0,0,0,0,0,0,0,0,0,45,0,0,0,0,0,0,0,0,1,17,0,5,0,234,0,295,0,242,0,253,0,112,0,0,0,0,0,0,0,0,0,14,0,21,0,34,0,0,0,0,0,1,0,24,0,5,0,0,0,134,0,0,0,37,0,6,0,0,0,4,0,7,0,0,0,0,0,0,0,0,0,0,0,0,0,0,0,0,0,0,0,0,0,0,0,0,0,13,26,14,0,0,0,0,0,0,0,0,0,0,0,0
20,296,0,240,6,108,0,0,0,0,0,67,0,0,0,55,18,103,0,0,0,24,62,86,0,71,0,0,0,35,0,29,0,31,0,115,0,60,0,0,0,0,0,61,0,5,0,0,0,0,0,47,0,42,0,43,0,6,0,0,0,9,3,71,0,0,0,0,0,0,0,0,0,0,0,0,0,0,0,0,0,0,0,0,0,0,0,0,0,0,0,0,0,0,0,0,0,0,0,0,0,0,0,0,0,0,0,0,0,0,0,0,0,0,0,0,0,0,0,0,0,0,0,0,0,0,0,0,0,0,0,0,0,0,0,0,0,32,0,189,0,55,0,0,0,90,0,0,0,0,0,0,0,0,0,109,0,25,0,112,0,0,0,0,0,1,0,15,0,2,0,6,0,62,0,0,7,20,0,1,0,0,3,0,0,11,0,0,0,0,0,0,0,0,0,0,0,0,0,0,0,0,0,0,0,0,0,0,0,0,0,0,0,0,0,0,0,0,0,160,36,0,0,4,0
8,0,0,0,91,0,0,0,0,0,50,0,269,24,0,0,0,0,0,0,0,0,0,0,0,0,66,35,0,0,0,0,0,0,0,0,0,0,0,0,0,142,64,8,85,151,139,186,226,123,10,0,0,0,0,0,0,0,0,0,0,0,0,0,0,0,0,0,0,0,0,0,0,0,0,0,0,0,0,0,0,0,0,0,0,0,0,0,0,0,0,0,0,0,0,0,0,0,0,0,0,0,0,0,0,0,0,0,0,0,0,0,0,0,0,0,0,0,0,0,0,0,0,0,0,0,0,0,0,0,0,0,0,0,0,0,0,0,0,0,0,0,0,0,0,0,0,0,8,0,0,0,0,0,0,0,0,0,0,0,3,0,0,0,0,0,0,0,3,3,0,0,0,0,0,0,24,43,34,0,14,0,8,0,0,0,140,9,0,0,0,0,0,0,0,0,0,0,0,0,0,0,0,0,0,0,0,0,0,0,0,265,40,3,0,0,0,72,0,10,0,0,0,0,1
0,0,0,0,0,14,0,0,0,0,0,83,122,223,0,0,0,0,104,0,52,0,0,0,0,0,327,20,0,0,0,0,0,0,21,0,0,0,0,0,142,0,51,79,23,128,52,144,10,246,37,0,0,0,0,0,0,0,0,0,0,0,0,0,0,0,0,0,0,2,0,0,0,0,0,0,0,0,0,0,0,0,0,0,0,0,0,0,0,0,0,0,0,0,0,0,0,0,0,0,0,0,0,0,0,0,0,0,0,0,0,0,0,1,0,0,0,0,0,0,0,0,0,0,0,0,0,0,0,0,0,0,0,0,0,0,0,0,0,0,0,0,0,0,0,0,0,1,0,0,0,0,0,0,0,0,0,0,0,0,0,0,0,0,0,18,0,0,0,0,0,0,0,0,0,0,0,121,0,3,0,3,0,1,0,0,38,49,0,0,0,0,0,0,0,0,0,0,0,0,0,0,0,0,0,0,0,0,0,0,0,0,0,0,0,0,0,0,0,125,35,0,0,0,20
0,0,0,0,25,1,0,0,0,0,0,0,212,0,0,0,28,0,56,0,35,0,0,0,0,0,433,29,126,0,129,0,120,0,168,0,170,0,12,0,64,51,0,8,255,49,82,62,100,19,117,0,0,0,4,0,0,0,0,0,0,0,0,0,0,0,0,0,0,0,61,0,0,0,68,0,0,0,0,0,0,0,0,0,40,0,0,0,0,0,0,0,0,0,0,0,0,0,0,0,0,0,0,0,0,0,0,0,0,0,0,0,0,0,0,0,0,0,0,0,0,0,38,0,0,0,0,0,0,0,0,0,0,0,0,0,0,0,0,0,0,0,0,0,85,0,0,0,0,0,0,0,0,0,0,0,0,0,0,0,0,0,18,0,55,0,13,0,23,0,16,0,34,0,0,0,5,5,10,0,0,0,0,0,0,0,150,0,0,0,0,0,0,0,0,0,0,0,0,0,0,0,0,0,0,0,0,0,0,0,59,147,124,13,29,0,0,10,0,0,0,0,0,0,0
0,0,0,0,0,0,0,0,0,0,0,0,83,234,0,4,0,0,190,44,71,168,0,34,0,0,125,562,0,55,0,70,0,29,24,101,0,56,0,61,8,79,8,0,0,342,0,139,0,32,19,140,0,0,0,0,0,0,0,0,0,6,0,30,0,0,0,0,0,0,0,22,0,2,0,0,0,3,0,0,0,0,0,0,0,41,0,0,0,0,0,0,0,0,0,5,0,0,0,0,0,0,0,2,0,0,0,0,0,0,0,0,0,0,0,0,0,0,0,0,0,0,0,0,0,0,0,0,0,0,0,0,0,0,0,0,0,108,0,188,0,182,0,196,0,77,0,0,0,0,0,0,0,0,0,29,0,6,0,0,0,0,0,0,0,42,0,0,0,58,0,16,0,12,0,0,13,41,1,0,0,0,0,0,0,0,0,285,0,0,0,0,0,0,0,0,0,0,0,0,0,0,0,0,0,0,0,0,0,0,2,0,0,0,15,0,0,0,48,120,74,9,0,0,0
0,0,98,0,42,0,0,0,0,0,21,0,84,0,16,0,110,0,12,0,46,0,97,0,64,0,316,0,153,0,57,0,26,0,19,0,46,0,0,0,85,23,255,0,0,38,359,34,230,33,113,0,39,0,0,0,0,0,0,0,2,0,160,0,2,0,0,0,8,0,92,0,11,0,122,0,0,0,0,0,0,0,22,0,167,0,72,0,17,0,0,0,47,0,56,0,0,0,0,0,23,0,17,0,0,0,0,0,0,0,0,0,0,0,0,0,0,0,0,0,0,0,98,0,0,0,0,0,0,0,0,0,14,0,0,0,234,0,0,0,181,0,270,0,91,0,0,0,0,0,0,0,0,0,0,0,0,0,0,0,0,0,6,0,106,2,18,0,125,0,30,0,89,0,0,0,24,8,8,0,0,0,0,0,5,0,114,0,13,0,5,0,0,0,0,0,0,0,0,0,0,0,0,0,0,0,0,0,0,0,59,299,271,41,16,0,3,137,0,1,0,0,0,0,0
0,0,0,0,0,0,0,0,0,0,0,38,112,54,0,0,0,0,60,86,29,255,0,85,1,0,200,390,0,40,0,29,0,0,13,27,0,7,0,5,151,128,49,342,38,0,52,314,16,232,48,92,0,0,0,0,0,0,0,3,0,2,0,0,0,0,0,0,0,26,0,13,0,0,0,16,0,35,0,0,0,29,0,46,0,0,0,26,0,20,0,1,0,46,0,83,0,0,0,0,0,52,0,30,0,0,0,0,0,0,0,0,0,0,0,0,0,0,0,0,0,0,0,0,0,0,0,0,0,0,0,0,0,0,0,0,0,60,0,89,0,75,0,0,0,33,0,0,0,0,0,0,0,0,0,0,0,0,0,0,0,0,0,13,0,205,0,6,0,207,0,35,0,33,0,0,0,64,0,0,0,7,0,0,0,0,18,66,0,41,0,0,0,0,0,0,0,0,0,12,0,0,0,0,0,0,0,0,0,0,1,0,2,0,18,0,0,0,67,572,468,20,5,0,25
11,0,67,0,141,0,0,0,8,0,58,0,356,0,0,0,0,0,5,0,2,0,23,0,24,0,217,0,0,0,0,0,3,0,0,0,2,0,0,0,139,52,82,0,359,52,0,69,186,54,17,1,0,0,0,0,0,0,0,0,0,0,17,0,0,0,0,0,2,0,3,0,0,0,8,0,0,0,0,0,0,0,0,0,0,0,0,0,0,0,0,0,0,0,0,0,0,0,0,0,0,0,0,0,0,0,0,0,0,0,0,0,0,0,0,0,0,0,0,0,0,0,0,0,0,0,0,0,0,0,0,0,0,0,0,0,0,0,0,0,0,0,0,0,0,0,0,0,7,0,2,0,0,0,0,0,0,0,0,0,0,0,0,0,23,0,0,0,0,0,0,0,0,0,0,0,0,31,30,0,0,0,5,0,0,0,99,0,0,0,0,0,0,0,0,0,0,0,0,0,0,0,0,0,0,0,0,0,0,0,9,334,52,0,0,0,0,172,0,3,0,0,0,0,0
0,0,0,0,0,99,0,0,0,5,0,234,222,316,0,0,0,0,173,163,80,14,0,0,0,0,425,280,0,0,0,0,0,0,51,10,0,0,0,0,186,144,62,139,34,314,69,0,10,137,98,24,0,0,0,0,0,0,0,0,0,0,0,0,0,0,0,0,0,0,0,0,0,0,0,0,0,0,0,0,0,0,0,0,0,0,0,0,0,0,0,0,0,0,0,0,0,0,0,0,0,0,0,0,0,0,0,0,0,0,0,0,0,0,0,0,0,0,0,0,0,0,0,0,0,0,0,0,0,0,0,0,0,0,0,0,0,0,0,0,0,0,0,0,0,0,0,0,0,0,0,0,0,0,0,0,0,0,0,0,0,0,0,0,0,0,0,0,0,0,0,0,0,0,0,0,0,105,2,0,0,0,0,0,0,0,41,27,0,0,0,0,0,0,0,0,0,0,0,0,0,0,0,0,0,0,0,0,0,0,0,7,7,0,0,0,0,0,0,376,101,0,0,0,18
8,0,53,0,36,0,53,0,0,0,11,0,72,0,0,0,20,0,0,0,0,0,0,0,27,0,25,0,7,0,0,0,3,0,6,0,5,0,0,0,226,10,100,0,230,16,186,10,0,39,14,0,18,0,18,0,47,0,9,1,0,0,46,0,0,0,0,0,31,0,0,0,0,0,0,0,7,0,2,0,12,0,24,0,0,0,0,0,17,1,0,0,50,1,35,0,0,0,0,0,20,0,64,0,0,0,0,1,0,0,0,0,0,0,0,0,1,0,0,0,0,0,0,0,9,0,4,0,11,0,11,0,0,0,0,0,0,4,0,0,0,0,25,0,0,0,0,6,9,0,12,1,0,0,14,0,16,0,14,0,19,0,7,0,21,0,0,0,25,0,9,0,21,0,0,0,89,15,18,0,10,0,0,0,2,0,265,0,34,0,11,0,35,0,17,0,0,0,0,0,0,0,0,0,25,0,0,0,10,0,63,97,205,11,104,0,20,37,0,1,14,8,0,0,1
0,0,0,0,0,3,0,0,0,3,0,77,0,51,0,0,0,0,0,8,3,0,0,3,0,1,0,20,0,0,0,0,0,0,0,1,0,0,0,0,123,246,19,32,33,232,54,137,39,0,0,4,0,0,0,0,0,0,0,0,0,0,0,0,0,0,0,0,0,0,0,0,0,0,0,0,0,0,0,0,0,0,0,8,0,0,0,0,0,0,0,0,0,11,0,11,0,0,0,0,0,0,0,0,0,0,0,0,0,0,0,0,0,0,0,0,0,0,0,0,0,0,0,0,0,0,0,0,0,2,0,0,0,0,0,0,0,0,0,0,0,0,0,0,0,0,0,0,0,0,0,4,0,0,0,1,0,1,0,0,0,0,0,0,1,49,0,0,0,10,0,2,0,1,0,1,0,126,0,2,0,4,0,0,0,0,28,56,0,2,0,0,0,0,0,0,0,0,0,0,0,1,0,2,0,0,0,1,0,0,0,15,0,0,12,0,0,0,25,26,15,5,0,2,13
0,0,0,0,109,0,0,0,0,0,16,0,420,17,27,1,0,0,391,0,89,2,0,0,0,0,512,85,61,0,56,0,37,0,87,0,93,0,3,0,10,37,117,19,113,48,17,98,14,0,0,0,0,0,0,0,0,0,0,0,0,0,13,0,0,0,0,0,0,0,49,0,3,0,47,0,3,0,4,0,52,0,0,0,51,0,20,0,2,0,0,0,6,0,0,0,26,0,0,0,10,0,0,0,0,0,0,0,0,0,0,0,0,0,0,0,0,0,0,0,18,0,0,0,0,0,0,0,0,0,0,0,0,0,0,0,0,0,13,0,29,0,77,0,38,0,0,0,0,0,0,0,0,0,0,0,0,0,0,0,0,0,0,0,124,2,20,0,98,1,17,0,51,0,0,0,11,4,0,0,3,0,0,0,2,0,78,0,0,0,0,0,0,0,0,0,0,0,0,0,0,0,0,0,0,0,0,0,0,0,53,115,168,22,15,0,0,0,0,0,0,0,0,0,0
0,34,0,0,0,124,0,0,0,0,0,0,33,250,12,17,0,0,126,189,32,149,0,17,0,0,44,424,0,39,4,55,0,31,17,53,0,75,0,47,0,0,0,140,0,92,1,24,0,4,0,0,0,0,0,0,0,11,0,0,0,9,0,14,0,1,0,0,0,4,0,53,0,5,0,34,0,0,0,0,0,77,0,4,0,58,0,0,0,0,0,0,0,0,0,0,0,0,0,0,0,0,0,0,0,0,0,0,0,0,0,0,0,2,0,0,0,0,0,0,0,42,0,23,0,0,0,0,0,0,0,0,0,0,0,0,0,139,0,156,0,161,0,340,0,130,0,0,0,0,2,0,0,0,0,10,0,0,0,32,0,3,0,14,0,10,0,16,0,56,0,48,0,37,0,0,12,19,0,0,0,0,0,0,0,0,0,123,0,0,0,0,0,0,0,0,0,0,0,0,0,0,0,0,0,0,0,0,0,0,1,0,0,0,26,0,0,0,74,32,53,11,0,0,0
10,0,6,0,0,0,36,7,93,69,0,0,0,0,0,0,40,0,0,0,44,0,0,0,41,1,0,0,95,0,7,0,0,0,0,0,20,0,73,0,0,0,0,0,39,0,0,0,18,0,0,0,0,19,210,61,111,18,5,36,130,0,116,0,0,1,2,29,0,0,0,0,0,0,9,0,0,0,0,0,4,0,0,0,22,0,6,0,0,0,18,0,0,0,0,0,34,0,0,0,0,0,0,0,0,0,0,0,0,0,0,0,0,0,0,0,0,0,0,0,0,0,15,0,0,0,0,0,206,0,14,0,32,0,12,0,255,0,321,0,101,0,149,0,28,0,0,0,0,0,0,0,0,0,483,0,129,1,390,0,25,0,9,0,0,0,1,0,8,0,182,0,14,0,0,0,4,3,0,0,0,0,49,0,0,5,0,0,0,0,0,0,0,0,0,0,0,0,0,0,7,0,0,0,0,0,0,0,0,0,37,35,189,136,57,0,19,0,3,0,1,3,0,0,0
4,12,0,2,0,0,81,16,123,300,0,0,0,0,0,5,3,36,0,20,0,45,0,8,36,10,0,0,0,26,0,0,0,2,0,6,0,7,0,42,0,0,0,0,0,0,0,0,0,0,0,0,19,0,92,26,0,182,39,20,0,138,11,249,0,1,65,70,0,0,1,0,0,0,0,0,0,0,0,0,0,0,0,0,0,0,0,0,0,0,0,0,0,0,0,0,0,0,0,0,0,0,0,0,0,0,0,0,0,0,0,0,0,0,0,0,0,0,0,0,0,0,0,0,0,9,0,0,0,49,0,33,0,35,0,7,0,78,0,186,0,25,0,20,0,57,0,0,0,0,0,0,0,0,0,347,0,209,0,289,0,43,0,1,0,2,0,0,0,6,0,46,0,6,0,0,0,27,0,0,0,0,0,3,8,32,0,0,0,0,0,0,0,0,0,0,0,0,0,0,0,0,0,0,0,0,0,0,0,3,0,0,0,0,28,0,0,0,18,24,73,63,0,0,0
28,2,127,0,18,0,183,21,171,202,0,0,0,0,10,0,52,0,0,0,0,0,41,0,240,2,0,0,21,0,0,0,0,0,0,0,0,0,41,0,0,0,4,0,0,0,0,0,18,0,0,0,210,92,0,248,142,39,42,70,14,1,30,8,2,0,41,152,0,0,0,0,0,0,0,0,0,0,0,0,0,0,0,0,2,0,0,0,0,0,0,0,1,0,0,0,0,0,0,0,1,0,0,0,0,0,0,0,0,0,0,0,0,0,0,0,0,0,0,0,0,0,0,0,0,0,66,0,80,0,59,0,0,0,0,0,63,1,0,0,13,0,28,0,0,0,28,1,5,0,20,0,0,1,76,3,3,0,38,0,99,0,0,0,6,0,0,0,8,0,66,0,0,0,0,0,0,5,0,0,0,0,10,0,0,21,0,0,0,0,0,0,0,0,0,0,4,0,0,0,0,0,0,0,0,0,0,0,0,0,599,157,407,538,611,55,88,5,6,0,0,0,0,0,0
49,31,14,25,0,20,309,883,511,528,1,0,0,0,0,70,5,85,0,53,0,40,3,19,229,240,0,0,0,87,0,0,0,0,0,0,0,0,0,43,0,0,0,0,0,0,0,0,0,0,0,0,61,26,248,0,0,161,50,131,0,44,75,309,1,45,120,57,0,0,0,0,0,0,0,0,0,0,0,0,0,0,0,0,0,0,0,2,0,0,0,0,0,0,0,0,0,0,0,0,0,0,0,2,0,0,0,0,0,0,0,0,0,0,0,0,0,0,0,0,0,0,0,0,0,13,0,6,0,6,0,61,0,7,0,0,0,15,0,10,0,2,0,0,0,0,0,0,0,5,0,13,0,0,0,27,0,12,0,17,0,128,0,9,0,10,0,0,0,24,0,79,0,16,0,0,31,38,0,0,0,8,0,20,10,13,0,0,0,7,0,0,0,0,0,0,0,0,0,0,0,0,0,0,0,0,0,1,0,0,0,2,2,0,413,0,0,0,366,46,507,409,74,48,1
0,0,27,0,0,0,82,0,41,0,0,0,0,0,0,0,38,0,0,0,0,0,0,0,27,0,0,0,0,0,0,0,0,0,1,0,0,0,0,0,0,0,0,0,0,0,0,0,47,0,0,0,111,0,142,0,0,6,215,82,0,0,5,0,43,10,51,99,0,0,0,0,0,0,0,0,0,0,2,0,0,0,0,0,0,1,0,1,0,0,0,0,0,0,0,0,0,0,0,0,0,0,0,0,0,0,0,0,0,0,0,0,0,0,0,0,0,0,0,0,0,0,0,0,26,0,22,0,47,0,58,0,0,0,0,1,5,0,0,0,0,0,0,1,1,0,0,0,10,0,0,0,0,0,133,9,0,0,71,8,275,11,47,0,6,0,0,0,0,0,76,0,16,0,10,0,0,0,0,0,30,11,0,0,25,7,0,0,0,0,0,0,0,0,0,0,1,0,0,0,0,1,0,0,0,0,3,0,10,0,740,185,482,757,1367,74,63,4,6,0,0,0,0,0,0
0,0,0,0,0,0,0,18,68,22,0,0,0,3,0,0,0,74,0,0,0,0,0,8,0,66,0,0,0,23,0,0,0,0,0,0,0,0,0,6,0,0,0,0,0,0,0,0,0,0,0,11,18,182,39,161,6,0,63,224,0,7,0,98,3,11,67,53,0,2,0,0,0,0,0,0,0,0,0,0,0,0,0,0,0,0,0,2,0,0,0,0,0,0,0,0,0,0,0,0,0,0,0,0,0,0,0,0,0,0,0,0,0,0,0,0,0,0,0,0,0,0,0,0,0,12,0,4,0,20,0,43,0,11,0,0,0,13,0,7,0,0,0,0,0,0,0,0,0,0,0,0,0,0,0,253,0,8,0,139,0,230,0,33,0,11,0,0,0,42,0,258,0,21,0,0,0,2,0,0,0,0,0,0,5,6,0,0,0,0,0,0,0,0,0,0,0,0,0,0,0,0,0,0,0,0,0,0,0,0,2,1,0,0,739,0,0,0,367,68,835,580,140,35,1
0,0,0,0,0,0,23,0,41,22,0,0,0,0,0,0,0,0,0,0,0,0,0,0,0,0,0,0,0,0,0,0,0,0,0,0,0,0,0,0,0,0,0,0,0,0,0,0,9,0,0,0,5,39,42,50,215,63,0,402,0,0,1,3,246,17,132,302,0,0,0,0,0,0,0,0,0,0,0,0,0,0,0,0,0,1,0,0,0,0,0,0,0,0,0,0,0,0,0,0,0,0,0,0,0,0,0,2,0,0,0,0,0,0,0,0,0,0,0,0,0,0,0,0,12,0,0,0,0,0,12,0,0,0,0,1,0,1,0,3,0,1,0,1,0,0,0,0,6,0,0,0,0,0,6,14,2,0,1,13,28,0,0,0,0,0,0,0,0,0,0,0,2,0,28,0,1,0,0,0,21,0,0,0,123,49,0,0,0,0,0,0,0,0,0,0,0,0,0,0,0,0,0,0,0,0,0,0,0,0,752,346,75,222,722,38,16,0,9,6,0,0,0,0,0
0,12,0,0,0,0,0,47,126,68,0,0,0,0,0,0,0,0,0,0,0,0,0,0,2,15,0,0,0,0,0,0,0,0,0,0,0,0,0,0,0,0,0,0,0,3,0,0,1,0,0,0,36,20,70,131,82,224,402,0,0,0,0,6,50,194,359,757,0,0,0,4,0,0,0,0,0,1,0,0,0,3,0,0,0,1,0,0,0,0,0,0,0,0,0,0,0,0,0,0,0,3,0,0,0,0,0,0,0,0,0,0,0,0,1,0,0,0,0,0,0,2,0,0,0,8,0,0,0,0,0,57,0,0,0,0,0,0,18,0,0,1,0,0,15,27,0,2,0,10,0,0,0,0,43,27,0,14,3,30,30,208,0,11,0,5,0,0,0,13,0,0,0,0,6,17,0,0,0,0,8,74,0,0,52,64,0,0,0,0,0,0,0,0,0,0,0,0,0,0,0,0,0,0,0,0,0,0,0,0,0,0,0,1,1476,0,0,0,1157,336,488,566,182,49,0
126,0,196,0,0,0,138,0,94,6,0,0,0,0,0,0,60,0,0,0,0,0,0,0,144,0,0,0,8,0,0,0,8,0,0,0,34,0,33,0,0,0,0,0,2,0,0,0,0,0,0,0,130,0,14,0,0,0,0,0,0,1,48,0,0,0,0,0,0,0,0,0,3,0,6,0,0,0,0,0,0,0,0,0,0,0,0,0,0,0,2,0,0,0,0,0,0,0,0,0,0,0,0,0,0,0,0,0,0,0,0,0,0,0,0,0,0,0,0,0,0,0,0,0,0,0,0,0,0,0,0,0,0,0,0,0,39,0,307,0,69,0,2,0,312,0,0,0,0,0,0,0,0,0,67,0,174,0,39,0,0,0,10,0,0,0,0,0,3,0,143,0,124,0,0,0,22,0,0,0,0,0,20,0,6,0,0,0,0,0,0,0,0,0,0,0,0,0,0,0,0,0,0,0,0,0,0,0,0,0,5,60,45,10,0,0,1,0,0,0,0,0,0,0,0
0,205,0,15,0,0,0,172,0,228,0,0,0,0,0,7,0,29,0,0,0,0,16,0,36,41,0,0,0,24,0,4,0,3,0,8,0,18,0,9,0,0,0,6,0,2,0,0,0,0,0,9,0,138,1,44,0,7,0,0,1,0,4,155,0,0,0,2,0,0,0,0,0,0,0,2,0,1,0,0,0,1,0,0,0,0,0,0,0,0,0,0,0,0,0,0,0,0,0,0,0,0,0,0,0,0,0,0,0,0,0,0,0,0,0,0,0,0,0,0,0,1,0,0,0,0,0,0,0,0,0,0,0,0,0,0,0,19,0,122,0,52,0,0,0,131,0,0,0,0,0,12,0,0,0,42,0,200,0,66,0,0,0,6,0,5,0,2,0,19,0,88,0,154,0,0,8,43,0,0,0,5,0,15,0,20,0,0,0,1,0,0,0,0,0,0,0,0,0,0,0,0,0,0,0,0,0,0,0,0,0,0,0,0,0,0,0,0,24,438,170,22,0,0,0
73,22,109,0,0,0,146,62,189,92,0,0,0,0,7,0,310,3,0,0,146,0,37,0,237,21,89,0,372,0,37,0,36,0,0,0,18,0,154,3,0,0,0,0,160,0,17,0,46,0,13,0,116,11,30,75,5,0,1,0,48,4,0,11,0,0,0,0,0,0,10,0,0,0,17,0,0,0,0,0,0,0,0,0,15,0,4,0,0,0,0,0,0,0,0,0,16,0,9,0,0,0,0,0,0,0,0,0,0,0,0,0,0,0,0,0,0,0,0,0,0,0,0,0,0,0,0,0,30,0,0,0,0,0,0,0,145,0,251,0,96,0,0,0,36,0,0,0,0,0,0,0,0,0,121,0,15,0,105,0,0,0,0,0,0,0,1,0,3,0,14,0,37,0,0,0,36,4,0,0,0,0,36,0,0,0,0,0,0,0,0,0,0,0,0,0,0,0,0,0,0,0,0,0,0,0,0,0,0,0,9,15,49,39,0,0,7,0,8,0,0,0,0,0,0
35,311,42,71,0,0,46,612,24,462,0,0,0,0,0,9,13,344,0,7,0,58,33,24,96,197,0,0,1,56,0,10,1,8,0,14,0,72,0,71,0,0,0,30,0,0,0,0,0,0,0,14,0,249,8,309,0,98,3,6,0,155,11,0,0,0,0,8,0,0,0,0,0,0,0,0,0,0,0,0,0,0,0,0,0,6,0,0,0,0,0,0,0,0,0,2,0,0,0,0,0,0,0,0,0,0,0,0,0,0,0,0,0,0,0,0,0,0,0,0,0,2,0,2,0,0,0,0,0,0,0,0,0,14,0,13,0,74,0,207,0,42,0,0,0,29,0,0,3,0,0,26,0,15,0,140,0,20,0,123,0,19,0,0,0,7,0,0,0,4,0,9,0,8,0,0,7,62,0,0,0,27,1,29,0,37,0,0,0,0,0,0,0,0,0,0,0,0,0,0,0,0,0,1,0,0,0,0,0,0,0,0,0,0,0,0,0,0,19,70,39,14,3,2,0
16,0,0,0,6,0,12,0,175,0,11,0,7,0,0,0,0,0,0,0,0,0,0,0,0,0,0,0,0,0,0,0,0,0,0,0,2,0,0,0,0,0,0,0,2,0,0,0,0,0,0,0,0,0,2,1,43,3,246,50,0,0,0,0,0,16,333,31,0,0,0,0,0,0,0,0,0,0,0,0,0,0,0,0,0,0,0,0,0,0,0,0,0,0,0,0,0,0,0,2,0,0,0,0,0,0,0,0,0,0,0,0,0,0,0,0,0,0,0,0,0,0,0,0,23,0,6,0,0,0,50,27,0,0,0,0,0,0,1,15,0,3,0,2,0,6,13,0,69,7,0,2,0,0,0,7,0,0,3,13,166,30,0,0,0,0,6,0,0,0,0,0,0,0,49,0,0,0,1,0,176,31,3,0,225,3,0,0,0,0,0,0,0,0,0,0,0,0,0,0,0,0,0,0,0,0,0,0,0,0,40,7,6,0,17,0,0,0,0,0,0,0,0,0,0
0,61,0,25,0,39,0,58,0,151,1,0,0,0,0,16,0,0,0,20,0,0,0,0,0,2,0,0,0,0,0,0,0,0,0,0,0,0,0,0,0,0,0,0,0,0,0,0,0,0,0,1,1,1,0,45,10,11,17,194,0,0,0,0,16,0,18,240,0,0,6,20,0,9,0,27,0,1,0,0,0,0,0,0,2,0,0,14,0,0,0,0,0,0,0,2,0,0,0,0,0,0,0,0,0,0,0,0,0,0,0,0,0,0,0,0,0,0,0,0,1,3,0,1,0,89,0,39,7,0,60,117,0,0,0,0,4,0,23,9,5,13,0,0,11,21,0,51,0,371,0,38,0,0,0,1,0,0,0,0,178,360,0,0,0,2,0,5,2,0,0,0,0,6,0,11,0,0,0,0,30,181,0,0,3,98,0,0,0,0,0,0,0,0,0,0,0,0,0,0,0,0,0,0,0,0,0,0,0,6,2,0,1,0,83,0,0,0,70,0,36,0,7,2,0
3,0,0,0,0,0,51,1,129,0,0,0,0,0,0,0,0,0,0,0,0,0,0,0,0,0,0,0,0,0,0,0,0,0,0,0,0,0,0,0,0,0,0,0,0,0,0,0,0,0,0,0,2,65,41,120,51,67,132,359,0,0,0,0,333,18,0,162,0,0,0,0,0,0,0,0,0,0,0,0,0,0,0,0,0,0,0,0,0,0,0,0,0,0,0,0,0,1,0,0,0,0,0,0,0,0,0,0,0,0,0,0,0,0,0,0,0,0,0,0,0,0,0,0,0,0,0,0,0,0,62,0,0,0,0,0,0,1,0,0,0,0,0,0,1,0,0,0,49,0,0,0,0,0,1,5,1,0,0,7,138,0,0,0,0,0,0,0,0,0,0,0,0,0,60,0,0,0,0,0,31,3,0,0,628,43,0,0,0,0,0,0,0,0,0,0,0,0,0,0,0,0,0,0,0,0,0,0,0,0,89,99,0,0,31,0,0,0,0,7,0,0,0,0,0
0,16,0,0,0,0,38,82,162,196,0,4,0,0,0,0,0,0,0,0,0,0,0,0,3,0,0,0,0,0,0,0,0,0,0,0,0,0,0,0,0,0,0,0,0,0,0,0,0,0,0,0,29,70,152,57,99,53,302,757,0,2,0,8,31,240,162,0,0,0,0,2,0,0,0,1,0,0,0,0,0,4,0,1,0,2,0,0,0,0,0,0,0,0,0,1,0,0,0,0,0,0,0,0,0,0,0,0,0,0,0,0,0,0,0,0,0,0,0,0,0,0,0,2,0,13,0,5,0,1,0,80,0,0,0,0,0,0,0,3,0,0,0,3,6,19,0,8,0,50,0,0,0,0,25,16,5,13,2,12,33,161,0,0,0,0,0,0,0,0,0,1,0,0,3,23,7,3,0,0,8,110,0,0,49,504,0,0,0,0,0,0,0,0,0,0,0,0,0,1,0,0,0,0,0,0,0,0,0,0,0,0,0,0,185,0,0,0,212,93,35,70,0,7,0
0,0,2,0,0,0,0,0,0,0,1,0,0,0,0,0,0,0,0,0,0,0,1,0,0,0,3,0,0,0,0,0,0,0,0,0,0,0,0,0,0,0,0,0,8,0,2,0,31,0,0,0,0,0,0,0,0,0,0,0,0,0,0,0,0,0,0,0,0,0,0,0,29,0,0,0,193,0,68,0,8,0,28,0,0,0,32,0,15,0,0,0,25,0,34,0,0,0,0,0,23,1,210,0,0,0,0,0,128,0,46,0,13,0,10,0,4,0,1,0,1,0,0,0,7,0,0,1,0,0,0,4,0,0,0,0,0,3,2,0,9,0,0,0,2,0,0,2,0,0,0,0,0,1,0,0,1,0,1,0,0,0,5,0,38,0,0,0,172,0,1,0,0,0,0,0,0,0,0,0,3,0,0,0,0,0,0,0,0,0,17,0,23,0,19,0,0,0,0,0,0,0,0,0,47,0,0,0,0,0,111,28,113,0,6,32,166,14,0,0,0,0,0,0,0
0,0,0,0,0,0,0,2,0,2,0,0,0,0,0,0,0,0,0,0,0,0,0,0,0,0,0,4,0,0,0,0,0,0,0,0,0,0,0,0,0,2,0,0,0,26,0,0,0,0,0,4,0,0,0,0,0,2,0,0,0,0,0,0,0,0,0,0,0,0,0,0,0,0,0,0,0,31,0,0,0,20,0,13,0,0,0,18,0,13,0,0,0,33,0,39,0,4,0,0,0,15,0,70,0,13,0,0,0,10,0,0,0,8,0,1,0,2,0,0,0,0,0,0,0,0,0,0,0,0,0,0,0,3,0,0,0,0,0,0,0,0,0,0,0,0,3,0,0,4,0,0,0,0,0,0,0,1,0,0,0,1,0,0,0,26,0,0,0,67,0,9,0,0,0,0,0,0,0,0,1,0,0,0,0,0,0,0,0,0,0,0,0,6,0,11,0,0,0,0,0,0,0,0,0,0,0,0,0,0,0,0,0,0,0,0,0,0,26,13,37,15,0,72,0
4,0,9,0,0,0,1,2,0,0,0,0,0,0,4,0,13,0,17,0,40,0,0,0,0,0,0,0,13,0,0,0,16,0,0,0,61,0,43,0,0,0,61,0,92,0,3,0,0,0,49,0,0,1,0,0,0,0,0,0,0,0,10,0,0,6,0,0,0,0,0,0,302,0,300,0,13,0,185,0,22,0,0,0,4,0,91,5,0,0,0,0,0,0,0,3,0,0,1,0,0,0,0,0,0,0,0,0,0,0,0,0,0,0,0,0,0,0,0,0,41,0,0,0,81,19,34,0,19,0,87,0,57,5,0,0,22,8,35,0,120,0,26,0,218,0,30,0,92,38,0,0,12,6,0,0,9,0,4,0,25,6,35,0,0,0,20,0,56,0,28,0,61,0,11,0,2,0,0,0,49,0,0,0,30,0,0,0,0,0,0,0,0,0,0,0,0,0,0,0,0,0,0,0,0,0,0,0,56,0,9,0,45,8,0,0,0,0,4,0,0,0,0,0,0
0,0,0,0,0,0,0,0,0,0,0,0,0,0,0,0,0,6,0,0,0,0,0,0,0,0,0,0,0,10,0,0,0,0,0,0,0,12,0,0,0,0,0,22,0,13,0,0,0,0,0,53,0,0,0,0,0,0,0,4,0,0,0,0,0,20,0,2,0,0,0,0,0,129,0,355,0,25,0,23,0,14,0,0,0,0,0,108,0,0,0,0,0,0,0,3,0,0,0,0,0,0,0,0,0,0,0,0,0,0,0,0,0,0,0,0,0,0,0,0,0,22,0,12,0,103,0,0,0,57,13,123,0,101,0,0,0,12,0,17,0,57,0,16,0,193,0,0,0,77,0,0,0,0,0,1,0,8,0,0,4,9,0,51,0,0,0,10,0,24,0,44,0,32,0,9,0,0,0,0,0,46,0,0,0,16,0,0,0,0,0,0,0,0,0,0,0,1,0,0,3,0,0,0,0,0,0,0,0,0,0,0,0,0,0,0,0,0,11,0,24,0,0,1,0
0,0,0,0,0,0,0,0,0,0,0,0,0,0,0,0,0,0,0,0,0,0,0,0,0,0,0,0,0,0,2,0,0,0,0,0,0,0,0,0,0,0,0,0,11,0,0,0,0,0,3,0,0,0,0,0,0,0,0,0,3,0,0,0,0,0,0,0,29,0,302,0,0,0,125,0,26,0,206,0,14,0,18,0,0,0,40,0,0,0,0,0,13,0,3,0,0,0,2,0,0,0,4,0,0,0,0,0,0,0,0,0,0,0,0,0,0,0,0,0,25,0,0,0,115,0,72,0,25,0,50,0,87,3,75,0,55,0,25,0,77,0,75,0,100,0,0,0,0,0,82,0,13,0,0,0,3,0,0,0,6,0,60,0,0,0,4,0,60,0,24,0,19,0,0,0,0,0,0,0,0,0,0,0,6,0,1,0,0,0,4,0,0,0,2,0,0,0,37,0,30,0,139,0,0,0,0,0,153,0,138,3,72,25,24,0,0,0,0,0,0,0,0,0,0
0,1,0,0,0,0,0,0,0,2,0,0,0,0,0,0,0,0,0,0,0,0,0,0,0,0,0,0,0,0,0,0,0,0,0,0,0,0,0,0,0,0,0,2,0,0,0,0,0,0,0,5,0,0,0,0,0,0,0,0,0,0,0,0,0,9,0,0,0,0,0,129,0,0,0,165,0,68,1,69,0,17,0,22,0,15,0,108,0,0,0,0,0,4,0,10,0,6,2,0,0,0,0,0,0,0,0,0,0,0,0,0,0,0,0,0,0,0,0,0,0,14,0,9,15,77,0,78,0,32,0,88,0,59,0,0,0,24,0,0,0,21,0,0,0,44,0,0,0,0,0,0,0,0,0,0,0,2,0,0,2,0,0,80,0,0,0,1,0,22,0,15,0,2,0,5,0,0,0,0,4,64,0,0,0,0,0,0,0,0,0,0,0,0,0,0,0,0,0,0,0,0,0,0,0,0,0,0,6,0,0,0,0,0,3,0,0,0,22,0,19,0,0,0,0
3,0,0,0,0,0,0,0,0,0,0,0,0,0,0,0,0,0,0,0,51,0,0,0,0,0,0,0,0,0,0,0,0,0,0,0,90,0,62,0,0,0,68,0,122,0,8,0,0,0,47,0,9,0,0,0,0,0,0,0,6,0,17,0,0,0,0,0,0,0,300,0,125,0,0,0,0,0,193,0,40,9,25,0,24,0,76,11,0,0,0,0,0,0,28,0,0,0,12,0,1,0,0,0,0,0,0,0,0,0,0,0,0,0,0,0,0,0,0,0,59,0,18,0,110,62,22,12,0,0,87,29,31,18,51,0,34,20,13,2,145,0,105,0,172,2,50,23,90,53,32,0,44,16,0,0,0,0,0,0,27,0,32,0,0,0,0,0,42,9,22,0,0,0,36,0,0,0,0,0,97,28,0,0,29,0,0,0,0,0,0,0,9,0,0,0,0,0,0,0,16,0,53,0,0,0,0,0,68,0,45,0,19,6,4,0,1,0,8,0,21,0,0,0,0
0,0,0,0,0,0,0,0,0,0,0,0,0,0,0,0,0,0,0,0,0,0,0,0,0,0,0,0,0,0,0,0,0,0,0,2,0,0,0,0,0,0,0,0,0,16,0,0,0,0,0,34,0,0,0,0,0,0,0,0,0,2,0,0,0,27,0,1,0,0,0,355,0,165,0,0,0,29,0,103,0,13,0,0,0,12,0,131,0,0,0,0,0,0,0,0,4,0,0,0,0,0,0,0,0,0,0,0,0,0,0,0,0,0,0,0,0,0,0,0,0,253,0,15,0,119,25,108,8,16,35,97,3,88,0,54,0,0,9,9,0,73,10,96,0,199,0,78,0,153,0,100,0,44,0,1,0,7,5,1,0,6,0,53,0,0,0,0,0,16,0,23,0,0,0,32,0,0,0,0,19,103,0,0,0,24,0,0,0,0,0,0,0,0,0,0,0,0,0,0,0,17,0,0,0,0,0,0,0,91,0,0,0,0,0,0,0,0,13,0,9,0,0,0,0
0,0,0,0,0,0,0,0,0,0,0,0,0,0,0,0,0,0,0,0,0,0,0,0,0,0,0,0,0,0,0,0,0,0,0,0,0,0,0,0,0,0,0,0,0,0,0,0,7,0,3,0,0,0,0,0,0,0,0,0,0,0,0,0,0,0,0,0,193,0,13,0,26,0,0,0,0,0,37,0,12,0,65,0,0,0,31,0,9,0,0,0,49,0,21,0,0,0,0,0,14,0,116,0,14,0,0,0,52,0,7,0,4,0,0,0,3,0,0,0,0,0,0,0,0,0,0,0,2,0,0,0,3,0,0,0,0,1,0,0,7,0,0,0,0,0,0,0,0,0,0,0,0,0,0,0,0,0,1,0,0,0,1,0,11,0,0,0,59,0,1,0,0,0,0,0,0,0,0,0,0,0,1,0,0,0,0,0,18,0,10,0,0,0,0,0,0,0,9,0,0,0,60,0,0,0,0,0,9,0,47,0,53,0,6,7,13,0,0,0,0,0,0,0,0
0,0,0,0,0,0,0,0,0,0,0,0,0,7,0,0,0,0,0,0,0,0,0,0,0,0,0,0,0,0,0,0,0,0,0,0,0,0,0,0,0,0,0,3,0,35,0,0,0,0,0,0,0,0,0,0,0,0,0,1,0,1,0,0,0,1,0,0,0,31,0,25,0,68,0,29,0,0,0,12,0,38,0,87,0,17,0,117,0,7,0,0,0,74,0,75,0,0,0,0,0,11,0,88,0,0,0,0,0,26,0,0,0,10,0,0,0,3,0,0,0,2,0,5,0,0,0,16,0,0,0,7,0,0,0,0,0,0,0,0,0,0,0,0,0,3,0,11,2,5,0,0,0,11,0,2,0,0,0,0,0,0,0,0,0,21,0,0,0,175,0,10,0,0,0,0,0,0,0,0,0,0,0,0,0,0,0,0,0,0,0,0,0,0,0,0,0,0,0,0,0,0,0,0,0,0,0,0,0,0,0,0,1,0,9,0,0,0,31,12,107,4,5,55,0
0,0,0,0,0,0,1,0,0,0,0,0,0,0,0,0,0,0,0,0,0,0,0,0,0,0,0,0,3,0,0,0,0,0,0,0,9,0,0,0,0,0,0,0,0,0,0,0,2,0,4,0,0,0,0,0,2,0,0,0,0,0,0,0,0,0,0,0,68,0,185,0,206,1,193,0,37,0,0,0,41,3,108,0,7,0,104,0,0,0,0,0,68,0,27,0,8,0,5,0,11,0,34,0,0,0,0,0,4,0,0,0,1,0,0,0,0,0,0,0,84,0,0,0,0,7,0,0,0,0,0,0,0,0,77,0,0,3,0,0,76,0,107,0,50,0,0,0,0,0,37,0,0,3,0,0,0,0,0,0,0,0,9,0,3,0,0,0,56,0,0,0,0,0,5,0,0,0,0,0,19,0,0,0,0,0,0,0,33,0,13,0,0,0,0,0,0,0,0,0,41,1,213,0,56,0,0,0,92,0,171,0,53,3,15,0,9,0,2,0,0,0,0,0,0
