0,508,29,242,13,0,22,116,12,48,25,26,33,0,2,74,83,67,3,0,0,0,32,225,9,341,0,0,217,22,0,0,31,33,0,0,108,48,892,86,6,0,0,0,3,0,0,0,6,0,0,0,7,0,11,26,0,0,4,0,145,22,41,20,34,0,9,0,0,0,0,0,0,0,0,0,0,0,0,0,1,0,0,0,6,0,0,0,0,0,0,0,0,0,0,0,0,0,0,0,0,0,0,0,0,0,4,0,0,0,0,0,0,0,0,0,0,0,0,0,0,0,0,0,51,0,23,0,0,0,26,0,0,0,9,0,0,0,0,0,0,0,0,0,0,0,21,0,29,0,10,0,0,0,0,0,0,0,0,0,11,0,1,0,5,0,0,0,30,0,0,0,452,40,0,0,178,222,4,0,0,0,7,1,18,0,0,0,0,0,0,0,1,0,0,0,2,0,0,0,2,0,0,0,0,0,5,0,4,0,541,214,290,127,290,1,26,0,0,0,22,0,0,0,0
508,0,281,21,0,28,121,16,83,36,21,65,0,86,0,30,237,50,0,40,13,0,430,64,268,111,0,123,34,297,0,0,0,227,0,0,17,236,119,800,0,0,0,0,0,22,0,80,0,0,0,0,1,3,33,6,0,0,0,12,7,220,53,57,0,101,0,13,0,0,0,0,0,0,0,0,0,0,0,0,0,0,0,0,0,0,0,0,0,0,0,0,0,2,0,0,0,2,0,0,0,0,0,0,0,5,0,0,0,0,0,0,0,0,0,0,0,0,0,0,0,0,0,0,0,0,0,13,0,0,0,31,0,4,0,22,0,4,0,0,0,0,0,0,0,0,0,0,0,71,0,83,0,110,0,0,0,9,0,2,0,0,0,1,0,22,0,0,0,40,0,15,53,336,0,0,67,391,0,0,0,34,14,1,0,131,0,1,0,0,0,0,0,0,0,0,0,0,0,0,0,0,0,0,0,0,0,8,0,6,9,8,33,0,547,0,0,0,1011,168,380,158,3,17,0
29,281,0,0,281,0,26,0,0,0,57,57,153,0,163,0,56,43,65,0,0,0,600,84,136,69,80,0,536,0,65,0,105,0,0,2,52,37,736,0,44,0,0,0,26,0,74,0,12,0,0,0,0,0,119,0,0,0,30,0,75,0,109,0,4,0,0,0,0,0,0,0,0,0,0,0,0,0,0,0,0,0,0,0,0,0,0,0,0,0,0,0,0,0,0,0,0,0,0,0,0,0,0,0,0,0,0,0,0,0,0,0,0,0,0,0,0,0,0,0,0,0,0,0,50,0,37,0,0,0,12,0,0,0,77,0,71,0,0,0,0,0,60,0,0,0,0,0,26,0,29,0,0,0,0,0,0,0,0,0,6,0,3,0,0,0,0,2,24,0,0,0,338,0,0,0,13,89,0,0,0,0,1,0,0,0,0,0,0,0,0,0,0,0,0,0,6,0,0,0,0,0,0,0,0,0,16,0,53,0,637,78,360,0,493,0,0,3,0,0,17,0,0,0,0
242,21,0,0,0,62,0,24,0,2,46,27,0,24,0,144,99,28,0,159,0,54,205,246,56,393,0,108,0,458,0,0,0,285,0,0,18,50,88,358,0,0,0,0,0,0,0,44,0,0,0,0,0,1,0,22,0,0,0,0,0,0,0,0,0,0,0,0,0,0,0,0,0,0,0,0,0,0,0,0,0,0,0,0,0,0,0,0,0,0,0,0,0,0,0,0,0,0,0,0,0,0,0,0,0,0,0,0,0,0,0,0,0,0,0,0,0,0,0,0,0,0,0,0,0,3,0,0,0,0,0,13,0,1,0,106,0,53,0,0,0,0,0,8,0,0,0,0,0,0,0,0,0,0,0,0,0,0,0,0,0,8,0,0,0,4,0,23,1,0,0,5,35,77,0,0,25,45,0,0,0,1,0,0,0,0,0,0,0,0,0,0,0,0,0,1,0,0,0,9,0,3,0,0,0,0,0,8,0,34,10,0,0,0,203,0,0,0,236,52,276,91,0,0,0
13,0,281,0,0,313,15,0,0,1,68,219,298,65,202,198,0,0,75,133,45,46,139,45,8,0,242,0,0,0,282,0,487,77,89,35,321,44,0,0,68,0,8,0,22,0,135,0,14,0,61,0,0,0,30,0,0,0,0,0,0,0,0,0,0,0,0,0,0,0,0,0,0,0,0,0,0,0,0,0,0,0,0,0,0,0,0,0,0,0,0,0,0,0,0,0,0,0,0,0,0,0,0,0,0,0,36,0,0,0,0,0,0,0,0,0,0,0,0,0,0,0,0,0,43,0,43,0,0,0,15,0,0,0,63,0,32,0,0,0,0,0,67,0,0,0,84,0,134,0,105,0,145,0,0,0,0,0,0,0,0,0,0,0,74,0,288,0,92,0,5,0,117,0,0,0,24,95,45,0,56,0,22,0,47,0,0,0,0,0,0,0,0,0,0,0,9,0,0,0,13,0,0,0,0,0,0,0,21,0,559,352,627,105,220,0,7,0,0,18,0,2,0,0,0
0,28,0,62,313,0,0,9,0,0,187,39,201,160,272,132,0,0,171,274,216,305,165,206,0,12,0,272,0,49,89,159,113,395,0,177,94,173,0,29,0,6,0,15,0,0,0,96,0,4,0,61,0,0,0,0,0,0,0,0,0,0,0,0,0,14,0,0,0,0,0,0,0,0,0,0,0,0,0,0,0,0,0,0,1,0,0,0,0,1,0,0,0,0,0,0,0,0,0,0,0,0,0,0,0,0,2,0,0,0,0,0,0,0,0,0,0,0,0,0,0,0,0,0,0,6,0,0,0,0,0,6,0,0,0,42,0,11,0,0,0,0,0,0,0,0,0,0,0,25,0,61,0,90,0,0,0,0,0,0,0,0,0,5,0,0,0,281,0,205,0,0,0,76,0,0,17,207,0,8,0,60,0,0,0,35,0,0,0,0,0,0,0,0,0,0,0,0,0,0,0,0,0,0,0,0,0,0,0,16,25,0,0,0,312,0,0,0,534,379,711,0,0,2,0
22,121,26,0,15,0,0,0,94,353,4,0,0,0,0,0,11,0,0,0,0,0,7,0,84,226,0,0,0,0,0,0,0,0,0,0,0,0,82,0,0,0,0,0,0,0,0,0,31,0,0,0,105,133,94,216,6,0,6,0,502,0,269,124,5,0,0,0,0,1,0,0,0,0,0,0,1,0,0,0,0,0,0,0,0,0,0,0,0,0,0,0,0,0,0,0,0,0,0,0,0,0,0,0,0,0,0,0,0,0,0,0,0,0,0,0,0,0,0,0,0,0,0,0,66,0,15,0,0,0,26,0,3,0,9,0,19,0,0,0,0,0,0,0,0,0,0,0,8,0,0,0,1,0,1,0,0,0,0,0,12,0,7,0,9,1,0,0,60,0,138,0,313,0,0,0,16,72,0,0,0,0,0,0,0,20,0,0,0,0,0,0,0,0,0,0,0,0,0,0,0,0,0,0,0,0,4,0,13,0,956,89,393,341,702,0,147,6,0,0,14,0,0,0,0
116,16,0,24,0,9,0,0,157,36,0,17,0,18,0,40,0,16,0,0,0,0,0,0,95,43,0,37,0,0,0,0,0,0,0,0,0,0,0,271,0,0,0,0,0,6,0,28,0,3,0,0,19,71,0,392,0,25,0,40,0,401,38,320,0,118,0,31,0,0,0,0,0,0,0,0,0,0,0,0,0,0,0,0,0,0,0,1,0,0,0,0,0,0,0,0,0,0,0,0,0,0,0,0,0,0,0,0,0,0,0,0,0,0,0,0,0,0,0,0,0,0,0,0,0,30,0,0,0,7,0,195,0,6,0,0,0,6,0,1,0,0,0,0,0,0,0,0,0,32,0,0,0,0,0,9,0,24,0,0,0,21,0,0,0,20,0,0,0,42,0,52,0,189,0,0,0,28,0,0,0,0,3,0,0,2,0,0,0,0,0,0,0,0,0,0,0,0,0,3,0,0,0,0,0,0,0,2,0,1,0,0,0,0,770,0,0,0,597,54,446,400,2,102,0
12,83,0,0,0,0,94,157,0,437,11,0,23,0,0,0,0,32,0,0,0,0,0,0,0,231,0,0,10,0,0,0,0,0,0,0,0,0,38,6,0,0,0,0,0,0,0,0,10,0,0,0,82,179,83,342,11,0,48,78,167,42,60,116,233,3,189,62,0,0,0,0,0,0,0,0,0,0,0,0,0,0,0,0,0,0,0,0,0,0,0,0,0,0,0,0,0,0,0,0,0,0,0,0,4,0,0,0,0,0,0,0,0,0,0,0,0,0,0,0,0,0,0,0,111,0,28,0,0,0,90,0,2,0,10,0,2,0,0,0,0,0,0,0,0,0,44,0,165,0,25,0,9,0,0,0,0,8,2,0,71,0,0,0,6,2,0,0,16,0,40,0,61,0,0,0,136,111,0,0,0,0,4,0,110,49,0,0,0,0,0,0,0,0,1,0,3,0,0,0,0,0,0,0,0,0,0,0,15,0,251,28,158,0,177,0,51,0,10,0,17,0,1,0,0
48,36,0,2,1,0,353,36,437,0,0,5,0,6,0,0,8,10,0,0,0,0,0,0,117,3,0,0,0,0,0,0,0,0,0,0,0,4,16,0,0,0,0,0,0,4,0,9,0,2,0,1,159,126,342,72,0,40,59,89,36,270,76,203,0,264,23,113,0,0,0,0,0,0,0,0,0,0,0,0,0,0,0,0,0,1,0,0,0,0,0,0,0,0,0,0,0,0,0,0,0,0,0,0,0,3,0,0,0,0,0,0,0,0,0,0,0,0,0,0,0,0,0,0,0,29,0,0,0,0,0,81,0,5,0,28,0,3,0,0,0,0,0,0,0,0,0,0,0,80,0,42,0,52,0,20,0,76,0,0,0,12,0,0,0,12,0,0,1,26,0,31,25,87,0,0,11,288,0,0,0,21,0,1,0,77,0,0,0,0,0,0,0,0,0,0,0,0,0,7,0,0,0,0,0,0,0,6,0,7,7,9,0,0,450,0,0,0,380,93,280,317,8,84,0
25,21,57,46,68,187,4,0,11,0,0,129,184,0,25,246,0,0,0,0,26,29,25,83,0,0,29,0,0,0,90,13,398,57,4,7,219,10,82,0,25,0,0,0,8,1,44,0,6,0,0,0,0,0,0,0,1,0,2,0,0,0,0,0,17,0,0,0,0,0,0,0,0,0,0,0,0,0,0,0,0,0,0,0,0,0,0,0,0,0,0,0,0,0,0,0,0,0,0,0,0,0,0,0,0,0,0,0,0,0,0,0,0,0,0,0,0,0,0,0,0,0,0,0,73,0,60,0,0,0,11,0,1,0,18,0,10,0,0,0,0,0,0,0,0,0,52,0,71,0,78,0,87,0,0,0,0,0,0,0,5,0,0,0,0,0,145,0,0,0,0,0,106,0,0,0,94,71,26,0,46,0,26,0,49,0,3,0,0,0,0,0,0,0,0,0,0,0,0,0,0,0,0,0,3,0,4,0,21,0,298,203,248,67,119,0,0,0,0,0,0,0,0,0,0
26,65,57,27,219,39,0,17,0,5,129,0,53,326,197,14,11,0,77,27,163,68,213,111,1,0,0,159,0,84,73,77,80,563,0,35,61,178,0,70,0,82,0,0,0,55,0,219,1,15,0,11,0,1,0,0,0,0,0,0,0,1,0,0,0,34,0,0,0,0,0,0,0,0,0,0,0,0,0,0,0,0,0,0,0,0,0,0,0,0,0,0,0,0,0,0,0,0,0,0,0,0,0,0,0,0,0,0,0,0,0,0,0,0,0,0,0,0,0,0,0,0,0,0,0,14,0,6,0,0,0,38,0,0,0,15,0,4,0,0,0,0,0,0,0,0,0,22,0,45,0,53,0,113,0,0,0,0,0,0,0,0,0,1,0,0,17,98,0,56,0,7,0,99,0,35,21,214,0,29,0,102,0,14,1,83,0,0,0,0,0,0,0,0,0,0,0,0,0,2,0,0,0,0,0,0,0,0,0,6,0,16,44,0,202,0,0,0,446,329,327,76,0,0,0
33,0,153,0,298,201,0,0,23,0,184,53,0,560,42,47,0,0,42,394,18,89,1,0,3,0,122,708,0,0,14,0,14,0,127,48,82,23,0,0,141,68,147,87,45,58,284,141,26,0,167,120,0,0,0,0,0,0,0,0,0,0,0,0,13,0,0,0,0,0,0,0,0,0,0,0,0,0,0,0,0,0,0,0,0,0,0,0,0,0,0,0,0,0,0,0,0,0,0,0,0,0,0,0,0,0,0,0,0,0,0,0,0,0,0,0,0,0,0,0,0,0,0,0,0,0,55,0,0,0,0,0,0,0,41,0,14,0,0,0,0,0,0,0,0,0,73,0,84,0,101,0,138,0,1,0,0,0,0,0,0,0,0,0,184,0,21,0,0,0,1,0,0,0,0,0,33,82,132,0,71,0,45,0,116,0,71,31,0,0,0,0,0,0,0,0,0,0,0,0,0,0,0,0,0,0,0,0,27,0,117,296,340,0,33,0,0,0,0,46,0,0,0,0,0
0,86,0,24,65,160,0,18,0,6,0,326,560,0,26,0,0,0,431,22,108,54,0,0,0,0,211,77,0,0,0,0,0,2,143,44,52,12,0,0,54,122,79,86,16,46,15,316,0,93,58,184,0,0,0,0,0,0,0,0,0,0,0,0,0,0,0,0,0,0,0,0,0,0,0,0,0,0,0,0,0,0,0,0,0,0,0,0,0,0,0,0,2,0,0,0,0,0,0,0,0,0,0,0,0,0,0,0,0,0,0,0,0,0,0,0,0,0,0,0,0,0,0,0,0,0,0,0,0,0,0,0,0,0,0,0,0,0,0,0,0,0,0,0,0,0,0,0,0,0,0,0,0,0,0,0,0,0,0,0,0,0,0,0,0,0,0,18,0,63,0,0,0,0,0,0,0,166,0,37,0,46,0,2,0,0,0,41,0,0,0,0,0,0,0,0,0,13,0,0,0,0,0,0,0,0,0,0,0,0,9,58,104,0,40,0,0,0,101,418,304,0,0,0,0
2,0,163,0,202,272,0,0,0,0,25,197,42,26,0,323,5,0,255,94,64,77,164,0,24,0,183,0,0,0,202,32,187,93,25,44,75,32,0,1,8,0,0,3,19,0,39,0,0,0,16,3,0,0,82,0,15,0,0,0,0,0,1,0,0,0,0,0,0,0,0,0,0,0,0,0,0,0,0,0,0,0,0,0,31,0,0,0,0,0,0,0,0,0,0,0,0,0,0,0,0,0,0,0,0,0,0,0,0,0,0,0,0,0,0,0,0,0,0,0,0,0,0,0,0,0,0,0,0,0,0,0,0,0,30,0,95,0,0,0,0,0,148,0,0,0,0,0,36,0,22,0,24,0,0,0,0,0,0,0,0,0,0,0,20,0,95,0,17,0,0,0,18,0,0,0,0,21,2,2,2,0,0,0,8,0,0,0,0,0,0,0,0,0,0,0,0,0,0,0,27,0,0,0,0,0,0,0,0,0,66,101,122,18,0,0,2,0,0,0,0,0,0,0,0
74,30,0,144,198,132,0,40,0,0,246,14,47,0,323,0,25,51,64,162,225,141,327,222,0,80,0,47,0,9,115,37,158,114,19,21,85,63,28,12,0,0,0,0,0,6,0,0,0,0,5,0,0,0,0,75,0,10,0,0,0,3,0,0,0,12,0,0,0,0,0,0,0,0,0,0,0,0,0,0,0,0,0,0,0,202,0,0,0,0,0,0,0,0,0,0,0,58,0,70,0,92,0,0,0,0,0,69,0,0,0,0,0,0,0,0,0,0,0,0,0,0,0,0,0,12,0,0,0,0,0,16,0,15,0,530,0,182,0,23,0,0,0,214,0,0,0,0,0,0,0,0,0,25,0,16,0,0,0,0,0,0,0,0,0,11,0,40,4,11,0,0,0,17,0,0,20,34,13,10,0,28,0,0,0,0,0,0,0,0,0,0,0,0,0,0,0,0,0,0,0,31,0,0,0,0,0,14,0,0,0,23,34,0,41,0,0,0,84,325,44,25,0,0,0
83,237,56,99,0,0,11,0,0,8,0,11,0,0,5,25,0,42,61,0,167,0,37,103,102,161,140,0,454,0,41,0,15,15,4,0,0,24,137,45,0,0,8,0,51,0,7,0,3,0,10,0,150,0,13,0,5,0,0,0,7,8,146,0,0,0,0,0,0,0,14,0,0,0,20,0,0,0,0,0,53,0,0,0,322,0,23,0,0,0,78,0,0,0,0,0,269,0,274,0,133,0,0,0,0,0,109,0,0,0,0,0,0,0,0,0,0,0,0,0,56,0,135,0,0,0,0,0,201,0,0,0,0,0,0,0,327,0,245,0,211,0,565,0,5,0,0,0,0,0,0,0,0,0,75,0,0,0,45,0,0,0,0,0,0,0,0,0,3,0,0,0,17,11,0,0,12,19,0,0,0,0,26,0,0,0,0,0,0,0,0,0,0,0,0,0,0,0,0,0,19,0,0,0,0,0,0,0,2,0,0,196,11,0,0,0,0,0,12,0,0,3,0,0,0
67,50,43,28,0,0,0,16,32,10,0,0,0,0,0,51,42,0,0,21,0,286,57,131,65,71,0,0,0,579,0,37,0,22,0,18,0,9,18,183,0,0,0,11,0,0,0,0,0,0,0,0,0,61,0,0,0,7,0,0,0,27,15,127,0,0,0,0,0,0,0,0,0,0,0,0,0,0,0,0,0,0,0,0,0,148,0,0,0,0,0,0,0,0,0,0,0,6,0,23,1,0,0,0,0,0,0,11,0,0,0,0,0,0,0,0,0,0,0,0,0,0,0,0,0,0,0,0,0,64,0,7,0,90,0,16,0,217,0,160,0,65,0,388,0,0,0,0,0,0,0,0,0,0,0,21,0,0,0,35,0,8,0,0,0,0,0,1,0,0,0,0,3,11,0,0,0,10,0,0,0,0,0,35,0,0,0,0,0,0,0,0,0,0,0,0,0,0,0,0,0,0,0,0,0,0,0,0,0,0,0,0,0,0,0,0,0,0,0,134,11,0,0,0,0
3,0,65,0,75,171,0,0,0,0,0,77,42,431,255,64,61,0,0,325,168,107,134,0,52,0,77,286,0,0,25,0,3,0,193,86,46,40,0,0,8,13,28,63,12,0,18,45,0,0,134,121,4,0,0,0,0,1,0,0,0,0,3,0,0,0,2,0,0,0,0,0,0,0,0,0,0,0,0,0,0,0,0,0,137,0,7,0,0,0,0,0,0,0,0,0,0,0,0,0,0,0,0,0,0,0,0,0,0,0,0,0,0,0,0,0,0,0,0,0,0,0,0,0,0,0,0,0,0,0,0,0,0,0,37,0,83,0,0,0,0,0,333,0,0,0,0,0,75,0,0,0,0,0,0,0,0,0,0,0,0,0,0,0,67,0,15,0,0,0,0,0,0,0,0,0,0,12,2,0,0,0,7,0,20,0,0,14,0,0,0,0,0,0,0,0,0,0,0,0,66,0,0,0,0,0,0,0,24,0,111,178,85,0,18,0,0,0,0,0,32,0,0,0,0
0,40,0,159,133,274,0,0,0,0,0,27,394,22,94,162,0,21,325,0,175,256,0,93,0,83,0,195,0,0,47,6,0,12,133,135,53,22,0,0,14,0,30,54,4,33,0,32,2,3,30,186,0,0,0,0,0,0,0,0,0,0,0,52,0,62,0,0,0,0,0,0,0,0,0,0,0,0,0,0,0,0,0,0,0,306,0,0,0,0,0,0,0,0,0,0,0,79,0,0,0,0,0,0,0,0,0,0,0,0,0,0,0,0,0,0,0,0,0,0,0,0,0,0,0,0,0,0,0,0,0,30,0,0,0,652,0,237,0,0,0,0,0,357,1,1,0,0,0,0,0,0,0,0,0,0,0,0,0,0,0,0,0,0,0,94,0,69,0,74,0,0,0,3,0,0,0,16,7,0,0,113,0,0,0,0,1,19,0,0,0,0,0,0,0,0,0,0,0,0,0,51,0,0,0,0,0,0,0,77,0,36,75,0,101,0,0,0,167,283,195,83,0,5,0
0,13,0,0,45,216,0,0,0,0,26,163,18,108,64,225,167,0,168,175,0,83,132,66,11,0,209,93,41,0,214,13,100,65,8,43,7,29,13,0,0,0,15,17,11,0,0,11,0,0,27,34,19,0,0,0,0,0,0,0,0,0,0,0,0,0,0,0,0,0,24,0,0,0,19,0,0,0,0,0,72,0,0,0,316,0,0,0,0,0,94,0,0,0,0,0,360,0,299,0,0,0,0,0,0,0,209,0,0,0,0,0,0,0,0,0,0,0,0,0,44,0,83,0,0,0,0,0,0,0,0,0,0,0,0,0,198,0,72,0,129,0,545,0,0,0,0,0,0,0,0,0,0,0,28,0,0,0,0,0,3,0,0,0,9,0,13,0,18,1,0,0,0,0,0,0,0,7,19,0,0,0,0,0,0,0,0,0,0,0,0,0,0,0,0,0,2,0,0,0,90,0,0,0,0,0,0,0,0,0,60,152,51,0,10,0,2,0,0,0,0,0,0,0,0
0,0,0,54,46,305,0,0,0,0,29,68,89,54,77,141,0,286,107,256,83,0,14,276,0,21,14,36,0,47,33,28,0,24,26,26,23,9,0,0,0,0,0,35,0,33,0,8,0,1,13,44,0,38,0,13,0,0,0,0,0,0,0,161,0,0,0,0,0,0,0,0,0,0,0,9,0,0,0,0,0,130,0,0,0,553,0,0,0,0,0,0,0,0,0,0,0,42,0,170,0,172,0,6,0,0,0,0,0,0,0,0,0,0,0,0,0,0,0,0,0,0,0,20,0,0,0,0,0,0,0,0,0,72,0,184,0,425,0,316,0,231,0,1039,0,0,0,0,0,0,0,0,0,0,0,8,0,0,0,0,0,2,0,0,0,56,0,44,0,44,0,0,0,0,0,0,0,18,0,18,0,0,0,0,0,0,1,27,0,0,0,0,0,0,0,0,0,0,0,0,0,0,0,0,0,0,0,10,0,0,0,0,0,0,22,0,0,0,134,229,86,17,2,0,0
32,430,600,205,139,165,7,0,0,0,25,213,1,0,164,327,37,57,134,0,132,14,0,387,25,93,54,0,147,30,205,0,45,159,0,0,18,55,73,100,3,0,0,0,22,0,0,0,0,0,0,0,40,0,181,0,24,0,0,0,0,0,18,0,0,0,0,0,0,0,0,0,0,0,0,0,0,0,0,0,0,0,0,0,47,0,0,0,0,0,0,0,0,0,0,0,0,0,0,0,0,0,3,0,0,0,0,0,0,0,0,0,0,0,0,0,0,0,0,0,0,0,0,0,0,0,0,0,83,0,0,0,0,0,25,0,243,0,0,0,61,0,403,0,0,0,0,0,0,0,0,0,0,0,29,0,0,0,0,0,0,0,0,0,0,0,11,0,3,1,0,0,81,28,0,0,22,58,0,7,0,0,0,0,0,0,0,0,0,0,0,0,0,0,0,0,5,0,0,0,59,0,0,0,0,0,4,0,21,0,40,191,80,0,50,0,0,0,0,0,0,0,0,0,0
225,64,84,246,45,206,0,0,0,0,83,111,0,0,0,222,103,131,0,93,66,276,387,0,22,31,0,6,0,193,0,52,52,77,0,14,33,17,72,0,0,0,0,0,0,0,0,0,0,0,0,6,0,15,0,10,0,7,0,0,0,0,1,19,0,0,0,0,0,0,0,0,0,0,0,0,0,0,0,0,0,0,0,0,2,348,0,0,0,0,0,0,0,0,0,0,0,53,0,97,0,116,0,0,0,0,0,69,0,0,0,0,0,0,0,0,0,0,0,0,0,0,0,0,0,0,0,0,0,0,0,0,0,0,0,245,0,158,0,53,0,0,0,489,0,0,0,0,0,0,0,0,0,0,0,13,0,2,0,0,0,0,0,1,0,0,16,4,0,0,0,4,14,28,0,0,0,27,0,23,0,0,0,0,0,0,0,0,0,0,0,0,0,0,0,0,0,0,0,0,0,8,0,0,0,0,0,0,0,0,0,0,0,0,17,0,0,0,15,472,28,0,0,0,0
9,268,136,56,8,0,84,95,0,117,0,1,3,0,24,0,102,65,52,0,11,0,25,22,0,328,0,0,82,0,0,0,0,0,0,0,0,14,64,32,0,0,0,0,6,0,0,0,17,0,0,0,129,31,356,0,16,0,24,0,89,56,340,95,0,0,0,3,0,0,0,0,0,0,0,0,0,0,0,0,0,0,0,0,11,0,0,0,0,0,0,0,0,0,0,0,0,0,0,0,0,0,1,0,0,0,0,0,0,0,0,0,0,0,0,0,0,0,0,0,0,0,0,0,0,0,0,0,151,0,3,0,2,0,24,0,173,0,15,0,37,0,221,0,0,0,1,0,0,0,0,0,0,0,23,0,0,0,31,0,2,0,0,0,4,0,0,0,11,0,22,0,109,0,0,0,0,26,0,0,0,0,7,12,0,0,0,0,0,0,0,0,0,0,0,0,0,0,0,0,0,0,0,0,0,0,0,0,0,0,148,89,123,0,187,4,0,0,23,5,16,0,0,0,0
341,111,69,393,0,12,226,43,231,3,0,0,0,0,0,80,161,71,0,83,0,21,93,31,328,0,0,0,0,147,0,0,0,0,0,0,2,0,0,59,0,0,0,0,0,0,0,0,0,0,0,0,13,37,80,214,0,73,0,6,32,90,80,105,0,0,1,0,0,0,0,0,0,0,0,1,0,0,0,0,0,0,0,0,0,62,0,0,0,0,0,0,0,0,0,7,0,22,0,0,0,0,0,0,0,0,0,0,0,0,0,0,0,0,0,0,0,0,0,0,0,0,0,0,0,0,0,0,0,0,0,19,0,34,0,325,0,275,0,87,0,0,0,258,0,0,0,0,0,0,0,0,0,0,0,68,0,0,0,45,0,22,0,0,0,2,0,0,1,10,0,12,49,70,0,0,13,36,0,0,0,0,0,22,0,0,0,0,0,0,0,0,0,0,0,0,0,0,0,0,0,11,0,0,0,0,0,0,0,15,0,0,0,0,97,0,0,0,97,241,105,79,0,11,0
0,0,80,0,242,0,0,0,0,0,29,0,122,211,183,0,140,0,77,0,209,14,54,0,0,0,0,398,58,0,136,0,0,0,42,0,25,0,0,0,0,130,174,71,159,124,88,295,23,0,188,0,0,0,0,0,0,0,0,0,0,0,0,0,0,0,0,0,0,0,71,0,0,0,60,0,0,0,0,0,184,0,0,0,288,0,51,0,0,0,0,0,0,0,0,0,0,0,0,0,403,0,0,0,0,0,0,0,0,0,0,0,0,0,0,0,0,0,0,0,117,0,156,0,0,0,0,0,0,0,0,0,0,0,47,0,0,0,0,0,0,0,390,0,0,0,56,0,103,0,0,0,0,0,0,0,0,0,0,0,0,0,0,0,300,0,0,0,73,0,0,0,6,0,0,0,0,13,16,0,0,0,25,0,0,0,0,16,0,0,0,0,0,0,0,0,0,0,0,0,47,0,0,0,0,0,0,0,0,0,37,318,247,50,12,0,0,29,0,0,0,0,0,0,0
0,123,0,108,0,272,0,37,0,0,0,159,708,77,0,47,0,0,286,195,93,36,0,6,0,0,398,0,0,0,0,3,0,5,114,0,40,0,0,0,205,0,133,153,52,172,157,49,0,34,81,180,0,6,0,0,0,0,0,0,0,0,0,19,0,57,0,0,0,0,0,0,0,0,0,0,0,0,0,0,0,0,2,0,0,128,0,0,0,0,1,0,0,0,0,0,0,0,0,31,0,28,0,0,0,13,0,0,0,0,0,0,0,0,0,0,0,0,0,0,0,0,0,0,0,0,0,0,0,0,0,42,0,0,0,146,0,117,0,0,0,0,0,258,0,0,0,0,0,66,0,171,0,272,0,0,0,0,0,0,0,0,0,0,14,0,0,0,0,0,0,0,0,0,0,0,0,45,0,67,0,180,0,0,0,93,9,34,0,0,0,0,0,0,0,30,0,0,0,0,0,0,0,0,0,0,0,0,0,36,0,0,0,0,81,0,0,0,60,444,353,0,0,0,7
217,34,536,0,0,0,0,0,10,0,0,0,0,0,0,0,454,0,0,0,41,0,147,0,82,0,58,0,0,0,18,0,11,6,0,0,25,0,14,6,0,0,111,0,34,0,4,0,0,0,15,0,22,0,6,0,0,0,0,0,0,0,14,0,0,0,0,0,0,0,8,0,0,0,7,0,0,0,0,0,17,0,0,0,10,0,0,0,0,0,0,0,0,0,0,0,0,0,0,0,0,0,0,0,0,0,0,0,0,0,0,0,0,0,0,0,0,0,0,0,7,0,26,0,0,0,0,0,18,0,0,0,0,0,0,0,28,0,117,0,32,0,42,0,12,0,0,0,0,0,0,0,0,0,23,0,0,0,4,0,0,0,0,0,0,0,0,0,0,0,0,0,0,0,0,0,34,11,0,0,0,0,21,0,0,0,0,0,0,0,0,0,0,0,0,0,0,0,0,0,0,0,0,0,0,0,0,0,0,0,0,19,0,0,0,0,0,0,0,0,0,0,0,0,0
22,297,0,458,0,49,0,0,0,0,0,84,0,0,0,9,0,579,0,0,0,47,30,193,0,147,0,0,0,0,0,24,0,66,0,62,0,35,0,19,0,0,0,24,0,0,0,0,0,0,0,13,2,10,0,1,0,1,0,0,0,6,0,66,0,0,0,0,0,0,0,0,0,0,0,0,0,0,0,0,0,0,0,0,0,46,0,0,0,0,0,3,0,0,0,0,0,1,0,0,0,0,0,0,0,0,0,0,0,0,0,0,0,0,0,0,0,0,0,0,0,0,0,0,0,0,0,0,0,26,0,0,0,34,0,0,0,85,0,203,0,44,0,105,0,0,0,0,0,0,0,0,0,0,0,21,0,9,0,0,0,0,0,0,0,0,0,0,0,0,0,0,0,0,0,0,0,49,0,0,0,0,0,0,0,0,0,0,0,0,0,0,0,0,0,0,0,0,0,0,0,0,0,0,0,0,0,0,0,0,0,0,0,0,0,0,0,0,0,37,0,0,0,0,0
0,0,65,0,282,89,0,0,0,0,90,73,14,0,202,115,41,0,25,47,214,33,205,0,0,0,136,0,18,0,0,9,39,0,51,10,15,18,7,2,0,0,192,0,28,0,0,0,0,0,103,0,4,0,0,0,0,0,0,0,2,0,3,0,0,0,0,0,0,0,0,0,0,0,1,0,0,0,0,0,0,0,0,0,0,0,0,0,0,0,0,0,0,0,0,0,0,0,0,0,0,0,0,0,0,0,0,0,0,0,0,0,0,0,0,0,0,0,0,0,4,0,0,0,0,0,0,0,0,0,0,0,0,0,0,0,0,0,0,0,13,0,34,0,2,0,0,0,0,0,0,0,0,0,7,0,0,0,0,0,0,0,0,0,0,0,16,0,0,0,0,0,5,0,0,0,14,0,44,0,0,0,0,0,0,0,0,0,0,0,0,0,0,0,0,0,0,0,0,0,8,0,0,0,0,0,0,0,0,0,0,26,29,0,0,0,0,0,0,0,0,0,0,0,0
0,0,0,0,0,159,0,0,0,0,13,77,0,0,32,37,0,37,0,6,13,28,0,52,0,0,0,3,0,24,9,0,12,4,0,57,0,14,0,0,0,0,0,16,0,0,0,0,0,0,0,28,0,2,0,0,0,0,0,0,0,0,0,9,0,0,0,0,0,0,0,0,0,0,0,0,0,0,0,0,0,0,0,0,0,0,0,0,0,0,0,0,0,0,0,0,0,0,0,0,0,0,0,0,0,0,0,0,0,0,0,0,0,0,0,0,0,0,0,0,0,0,0,0,0,0,0,0,0,0,0,0,0,0,0,0,0,0,0,0,0,9,0,0,0,0,0,0,0,0,0,0,0,0,0,0,0,0,0,0,0,0,0,0,0,0,0,0,0,0,0,0,0,0,0,0,0,30,2,0,0,0,0,0,0,0,0,0,0,0,0,0,0,0,0,0,0,0,0,0,0,0,0,0,0,0,0,0,0,0,0,0,0,0,0,0,0,0,0,46,0,0,0,0,0
31,0,105,0,487,113,0,0,0,0,398,80,14,0,187,158,15,0,3,0,100,0,45,52,0,0,0,0,11,0,39,12,0,0,13,7,80,20,4,0,0,0,61,0,0,0,0,0,0,0,12,0,0,0,0,0,0,0,0,0,3,0,5,0,0,0,0,0,0,0,0,0,1,0,0,0,0,0,0,0,0,0,0,0,9,0,0,0,0,0,1,0,0,0,0,0,0,0,8,0,0,0,0,0,0,0,0,0,0,0,0,0,0,0,0,0,0,0,0,0,0,0,0,0,0,0,0,0,0,0,0,0,0,0,0,0,0,0,0,0,0,0,0,0,0,0,0,0,0,0,0,0,0,0,11,0,4,0,7,0,0,0,0,0,0,0,19,0,0,0,0,0,3,3,0,0,123,19,85,0,0,0,0,0,0,0,0,0,0,0,0,0,0,0,0,0,0,0,0,0,0,0,0,0,0,0,0,0,0,0,10,42,29,0,0,0,0,1,0,0,0,0,0,0,0
33,227,0,285,77,395,0,0,0,0,57,563,0,2,93,114,15,22,0,12,65,24,159,77,0,0,0,5,6,66,0,4,0,0,0,24,17,39,0,2,0,0,0,35,0,10,0,0,0,0,0,37,0,1,0,0,0,0,0,0,0,7,0,13,0,0,0,0,0,0,0,0,0,0,0,0,0,0,0,0,0,0,0,0,0,0,0,0,0,0,0,0,0,0,0,0,0,0,0,0,0,0,0,0,0,0,0,0,0,0,0,0,0,0,0,0,0,0,0,0,0,0,0,0,0,0,0,0,0,0,0,0,0,0,0,0,0,7,0,51,0,0,0,0,0,25,0,0,0,0,0,0,0,0,0,15,0,14,0,21,0,0,0,0,0,0,0,25,0,4,0,0,0,4,0,0,8,170,0,93,0,0,0,0,0,0,0,0,0,0,0,0,0,0,0,0,0,0,0,0,0,0,0,0,0,0,0,0,0,0,0,9,0,0,0,0,0,0,0,112,19,0,0,0,0
0,0,0,0,89,0,0,0,0,0,4,0,127,143,25,19,4,0,193,133,8,26,0,0,0,0,42,114,0,0,51,0,13,0,0,17,63,0,2,0,0,0,16,0,12,0,4,0,6,0,19,0,0,0,0,0,0,0,0,0,0,0,0,0,0,0,0,0,0,0,5,0,0,0,3,0,0,0,0,0,0,0,0,0,0,0,0,0,0,0,0,0,0,0,0,0,0,0,47,0,0,0,0,0,0,0,0,0,0,0,0,0,0,0,0,0,0,0,0,0,10,0,11,0,0,0,0,0,0,0,0,0,0,0,0,0,4,0,0,0,0,0,0,0,7,0,0,0,0,0,0,0,0,0,0,0,0,0,0,0,0,0,0,0,55,0,33,0,38,0,0,0,11,0,0,0,0,0,16,0,0,0,0,0,0,0,38,0,0,0,0,0,0,0,0,0,0,0,0,0,0,0,0,0,0,0,0,0,0,0,52,184,131,25,14,1,1,7,0,0,0,0,0,0,0
0,0,2,0,35,177,0,0,0,0,7,35,48,44,44,21,0,18,86,135,43,26,0,14,0,0,0,0,0,62,10,57,7,24,17,0,0,35,0,2,0,0,0,11,0,1,0,0,0,0,3,5,0,0,0,0,0,0,0,0,0,0,0,14,0,1,0,0,0,0,0,0,0,0,0,0,0,0,0,0,0,0,0,0,0,0,0,0,0,0,0,0,0,0,0,0,0,0,0,0,0,0,0,0,0,0,0,0,0,0,0,0,0,0,0,0,0,0,0,0,0,0,0,0,0,0,0,0,0,10,0,0,0,0,0,0,0,79,0,168,0,109,0,202,0,21,0,0,0,0,0,0,0,0,0,0,0,0,0,0,0,0,0,0,0,5,0,9,0,0,0,0,0,0,0,0,0,25,0,0,0,10,0,0,0,0,0,29,0,0,0,0,0,0,0,0,0,0,0,0,0,0,0,0,0,0,0,0,0,0,0,0,0,0,3,0,0,0,19,59,4,0,0,0,0
108,17,52,18,321,94,0,0,0,0,219,61,82,52,75,85,0,0,46,53,7,23,18,33,0,2,25,40,25,0,15,0,80,17,63,0,0,9,23,3,0,0,73,0,26,0,0,3,8,0,66,0,10,0,0,0,0,0,0,0,13,0,24,0,0,0,0,0,0,0,73,0,0,0,67,0,0,0,0,0,79,0,0,0,44,0,17,0,23,0,33,0,0,0,0,0,0,0,361,0,198,0,0,0,0,0,0,0,0,0,0,0,0,0,0,0,0,0,0,0,91,0,85,0,0,0,0,0,0,0,0,0,0,0,0,0,0,0,389,0,143,0,78,0,188,0,0,0,25,0,0,0,0,0,88,0,26,0,17,0,0,0,0,0,48,0,56,1,61,0,16,0,38,0,0,0,160,7,56,0,0,0,24,0,0,0,5,0,0,0,0,0,0,0,0,0,0,0,0,0,0,0,0,0,0,0,0,0,6,0,17,42,110,11,14,0,2,0,0,0,0,0,0,0,0
48,236,37,50,44,173,0,0,0,4,10,178,23,12,32,63,24,9,40,22,29,9,55,17,14,0,0,0,0,35,18,14,20,39,0,35,9,0,0,58,0,0,0,65,0,18,0,0,0,1,0,120,0,3,0,0,0,0,0,0,0,6,0,12,0,0,0,1,0,0,0,0,0,0,0,0,0,0,0,0,0,0,0,0,0,27,0,4,0,0,0,0,0,0,0,4,0,0,0,13,0,9,0,0,0,0,0,0,0,0,0,0,0,0,0,0,0,0,0,0,0,0,0,0,0,0,0,0,0,0,0,0,0,0,0,0,0,78,0,267,0,142,0,195,0,79,0,0,0,0,0,0,0,0,0,19,0,58,0,22,0,0,0,0,0,21,0,31,0,44,0,3,0,54,0,0,0,99,0,41,0,0,0,0,0,0,0,5,0,0,0,0,0,0,0,0,0,0,0,0,0,0,0,0,0,0,0,0,0,0,0,9,0,0,13,0,0,0,10,88,25,6,0,0,0
892,119,736,88,0,0,82,0,38,16,82,0,0,0,0,28,137,18,0,0,13,0,73,72,64,0,0,0,14,0,7,0,4,0,2,0,23,0,0,25,0,0,0,0,0,0,0,0,0,0,0,0,21,0,0,0,0,0,0,0,0,0,19,0,0,0,0,0,0,0,18,0,0,0,14,0,0,0,0,0,0,0,0,0,0,0,5,0,5,0,0,0,0,0,0,0,0,0,0,0,0,0,0,0,0,0,0,0,0,0,0,0,0,0,0,0,0,0,0,0,29,0,23,0,0,0,0,0,9,0,0,0,0,0,0,0,0,0,139,0,47,0,0,0,26,0,0,0,0,0,0,0,0,0,51,0,24,0,11,0,0,0,0,0,0,0,0,0,0,0,1,0,56,3,0,0,262,55,0,0,26,0,140,0,0,0,0,0,0,0,0,0,0,0,0,0,0,0,0,0,0,0,0,0,0,0,0,0,0,0,20,36,43,21,21,0,0,0,0,0,0,0,0,0,0
86,800,0,358,0,29,0,271,6,0,0,70,0,0,1,12,45,183,0,0,0,0,100,0,32,59,0,0,6,19,2,0,0,2,0,2,3,58,25,0,0,0,0,1,0,0,0,0,0,0,0,1,0,0,0,0,0,0,0,0,0,6,0,0,0,0,0,0,0,0,0,0,0,0,0,0,0,0,0,0,0,0,0,0,0,0,0,0,0,0,0,0,0,0,0,0,0,0,0,0,0,0,0,0,0,0,0,0,0,0,0,0,0,0,0,0,0,0,0,0,0,0,0,0,0,0,0,0,0,0,0,0,0,0,0,0,0,0,0,16,0,0,0,0,0,0,0,0,0,0,0,0,0,0,0,3,0,10,0,0,0,0,0,0,0,0,0,6,1,0,0,0,0,54,0,0,5,158,0,12,0,0,1,59,0,0,0,0,0,0,0,0,0,0,0,0,0,0,0,0,0,0,0,0,0,0,0,0,0,0,0,0,0,0,0,0,0,0,0,39,3,0,0,0,0
6,0,44,0,68,0,0,0,0,0,25,0,141,54,8,0,0,0,8,14,0,0,3,0,0,0,0,205,0,0,0,0,0,0,0,0,0,0,0,0,0,79,47,15,92,157,134,253,24,63,0,8,0,0,0,0,0,0,0,0,0,0,0,0,0,0,0,0,0,0,2,0,0,0,0,0,0,0,0,0,0,0,0,0,0,0,0,0,0,0,0,0,0,0,0,0,0,0,0,0,0,0,0,0,0,0,0,0,0,0,0,0,0,0,0,0,0,0,0,0,0,0,0,0,0,0,0,0,0,0,0,0,0,0,0,0,0,0,0,0,0,0,0,0,0,0,0,0,0,0,0,0,0,0,0,0,0,0,0,0,0,0,0,0,55,0,0,0,0,0,0,0,0,0,0,0,74,23,40,0,52,0,12,0,0,0,40,6,0,0,0,0,0,0,0,0,0,0,0,0,0,0,0,0,0,0,0,0,0,0,0,121,51,8,0,0,0,21,0,7,0,0,0,0,0
0,0,0,0,0,6,0,0,0,0,0,82,68,122,0,0,0,0,13,0,0,0,0,0,0,0,130,0,0,0,0,0,0,0,0,0,0,0,0,0,79,0,33,27,54,99,171,105,7,70,19,7,0,0,0,0,0,0,0,0,0,0,0,0,0,0,0,0,0,0,0,0,0,0,0,0,0,0,0,0,0,0,0,0,0,0,0,0,0,0,0,0,0,4,0,0,0,0,0,0,0,0,0,0,0,0,0,0,0,0,0,0,0,0,0,0,0,0,0,0,0,0,0,0,0,0,0,0,0,0,0,0,0,0,0,0,1,0,0,0,0,0,0,0,0,0,0,0,0,0,0,0,0,0,0,0,0,0,0,0,0,0,0,0,0,20,0,0,0,0,0,0,0,0,0,0,0,43,0,27,0,0,0,0,0,0,4,20,0,0,0,0,0,0,0,0,0,0,0,0,0,0,0,0,0,0,0,0,0,0,0,11,7,0,0,0,0,0,0,47,27,0,0,0,10
0,0,0,0,8,0,0,0,0,0,0,0,147,79,0,0,8,0,28,30,15,0,0,0,0,0,174,133,111,0,192,0,61,0,16,0,73,0,0,0,47,33,0,21,66,30,42,78,7,1,40,15,5,0,7,0,0,0,17,0,0,0,0,0,0,0,0,0,0,0,20,0,0,0,0,0,0,0,0,0,42,0,0,0,0,0,13,0,0,0,0,0,0,0,0,0,44,0,156,0,104,0,0,0,0,0,57,0,0,0,0,0,0,0,0,0,0,0,0,0,0,0,0,0,0,0,0,0,0,0,0,0,0,0,0,0,0,0,54,0,0,0,0,0,29,0,0,0,0,0,0,0,0,0,12,0,0,0,0,0,0,0,13,0,60,0,95,0,10,0,9,0,32,0,0,0,0,0,12,0,0,0,0,0,0,0,88,0,0,0,0,0,0,0,0,0,0,0,0,0,0,0,0,0,0,0,0,0,0,0,50,178,50,6,0,0,0,23,0,0,0,0,0,0,0
0,0,0,0,0,15,0,0,0,0,0,0,87,86,3,0,0,11,63,54,17,35,0,0,0,0,71,153,0,24,0,16,0,35,0,11,0,65,0,1,15,27,21,0,19,80,48,41,0,18,8,12,0,0,0,0,0,0,0,13,0,0,0,16,0,0,0,0,0,0,0,0,0,2,0,0,0,1,0,0,0,27,0,4,0,46,0,0,0,0,0,0,0,0,0,20,0,0,0,0,0,16,0,0,0,0,0,0,0,0,0,0,0,0,0,0,0,0,0,0,0,53,0,5,0,0,0,0,0,0,0,0,0,10,0,0,0,76,0,156,0,102,0,184,0,27,0,0,0,0,0,0,0,2,0,19,0,0,0,0,0,1,0,2,0,64,0,18,0,20,0,13,0,24,0,2,0,11,0,0,0,0,0,0,0,0,0,29,0,0,0,0,0,0,0,0,0,0,0,0,0,0,0,0,0,0,0,0,0,0,0,0,0,0,7,0,0,0,24,142,131,0,0,0,0
3,0,26,0,22,0,0,0,0,0,8,0,45,16,19,0,51,0,12,4,11,0,22,0,6,0,159,52,34,0,28,0,0,0,12,0,26,0,0,0,92,54,66,19,0,180,276,170,72,101,21,0,4,0,10,0,10,0,12,0,0,0,6,0,3,0,0,0,0,0,70,0,0,0,43,0,0,0,0,0,150,0,24,0,221,0,32,0,0,0,0,0,0,0,0,0,234,0,558,0,307,0,0,0,0,0,166,0,0,0,0,0,0,0,0,0,0,0,0,0,91,0,110,0,0,0,0,0,0,0,0,0,0,0,11,0,67,0,0,0,94,0,215,0,65,0,0,0,0,0,26,0,70,0,0,0,0,0,0,0,0,0,0,0,119,0,33,0,42,0,10,0,15,0,18,0,9,6,15,0,35,0,14,0,24,0,66,0,0,0,0,0,0,0,0,0,0,0,0,0,0,0,0,0,0,0,0,0,0,0,20,143,98,16,8,3,0,115,0,9,0,0,0,0,1
0,22,0,0,0,0,0,6,0,4,1,55,58,46,0,6,0,0,0,33,0,33,0,0,0,0,124,172,0,0,0,0,0,10,0,1,0,18,0,0,157,99,30,80,180,0,425,215,23,139,15,24,0,0,0,0,0,0,0,19,0,0,0,14,0,0,0,0,0,21,0,0,0,0,0,12,0,40,0,3,0,67,0,49,0,127,0,0,0,5,0,0,0,25,0,83,0,0,0,0,1,37,0,14,0,0,0,0,0,0,0,0,0,0,0,0,0,0,0,0,0,0,0,11,0,0,0,0,0,0,0,5,0,11,0,0,0,61,0,58,0,89,0,267,0,24,0,0,0,27,3,0,0,68,0,0,0,0,0,0,0,0,0,3,0,109,0,13,0,59,0,17,0,55,0,34,0,20,0,57,0,78,0,0,0,35,10,17,0,0,0,0,0,0,0,59,0,0,0,0,0,0,0,0,0,0,0,0,0,0,0,4,0,0,38,0,0,0,68,225,156,28,9,0,115
0,0,74,0,135,0,0,0,0,0,44,0,284,15,39,0,7,0,18,0,0,0,0,0,0,0,88,157,4,0,0,0,0,0,4,0,0,0,0,0,134,171,42,48,276,425,0,502,122,191,15,7,0,0,0,0,0,0,0,0,0,0,0,0,0,0,0,0,0,0,0,0,0,0,0,0,0,0,0,0,0,0,0,0,0,0,0,0,0,0,0,0,8,0,0,0,0,0,0,0,0,0,0,0,0,0,0,0,0,0,0,0,0,0,0,0,0,0,0,0,0,0,0,0,0,0,0,0,0,0,0,0,0,0,0,0,0,0,0,0,0,0,0,0,0,0,0,0,49,0,55,0,98,0,0,0,0,0,0,0,0,0,0,0,99,0,4,0,0,0,0,0,0,0,0,0,35,45,55,0,71,0,24,0,39,0,68,0,0,0,0,0,0,0,0,0,0,0,0,0,0,0,0,0,0,0,0,0,0,0,9,260,70,0,3,0,1,84,0,10,0,0,0,0,0
0,80,0,44,0,96,0,28,0,9,0,219,141,316,0,0,0,0,45,32,11,8,0,0,0,0,295,49,0,0,0,0,0,0,0,0,3,0,0,0,253,105,78,41,170,215,502,0,13,36,40,12,0,0,0,0,0,0,0,0,0,0,0,0,0,17,0,0,0,0,0,0,0,0,0,0,0,0,0,0,0,0,0,0,0,0,0,0,0,0,0,0,0,0,0,0,0,0,0,0,0,0,0,0,0,0,0,0,0,0,0,0,0,0,0,0,0,0,0,0,0,0,0,0,0,8,0,0,0,0,0,13,0,0,0,0,0,0,0,0,0,0,0,0,0,0,0,0,0,0,0,0,0,0,0,0,0,0,0,0,0,0,0,0,0,0,0,0,0,0,0,0,0,0,0,0,0,78,0,94,0,78,0,0,0,0,9,51,0,0,0,0,0,0,0,0,0,0,0,0,0,0,0,0,0,0,0,0,0,0,0,0,0,0,0,0,0,0,0,242,44,0,0,0,59
6,0,12,0,14,0,31,0,10,0,6,1,26,0,0,0,3,0,0,2,0,0,0,0,17,0,23,0,0,0,0,0,0,0,6,0,8,0,0,0,24,7,7,0,72,23,122,13,0,204,6,0,5,0,14,0,30,0,25,0,0,0,0,0,0,0,0,0,8,0,0,0,0,0,0,0,0,0,0,0,9,0,14,0,0,0,0,0,7,0,7,0,19,0,4,0,13,0,33,0,31,0,20,0,13,0,17,0,1,0,0,0,0,0,0,0,0,0,0,0,0,0,0,0,0,0,0,0,4,0,15,0,2,2,5,0,0,0,0,0,0,0,27,0,0,0,0,1,0,2,14,0,0,0,4,0,0,0,0,0,23,0,5,0,13,2,18,0,18,0,12,0,20,0,0,0,43,6,22,0,17,0,6,0,15,0,101,1,67,0,0,0,69,0,15,0,9,0,0,0,11,0,5,0,20,0,0,0,0,0,51,76,94,10,22,7,0,14,0,0,6,0,0,0,5
0,0,0,0,0,4,0,3,0,2,0,15,0,93,0,0,0,0,0,3,0,1,0,0,0,0,0,34,0,0,0,0,0,0,0,0,0,1,0,0,63,70,1,18,101,139,191,36,204,0,0,1,0,0,0,0,0,3,0,4,0,0,0,0,0,0,0,0,0,1,0,0,0,0,0,0,0,0,0,0,0,4,0,9,0,16,0,0,0,0,0,0,0,5,0,6,0,0,0,5,0,0,0,0,0,0,0,0,0,0,0,0,0,0,0,0,0,0,0,0,0,0,0,0,0,0,0,0,0,0,0,0,0,0,0,0,0,0,0,0,0,0,0,0,0,0,0,0,0,7,0,0,0,52,0,0,0,0,0,0,0,0,0,0,0,36,0,2,0,0,0,0,0,0,0,12,0,30,0,11,0,35,0,3,0,10,29,61,0,0,0,1,0,0,0,0,0,0,0,0,0,0,0,0,0,2,0,0,0,1,0,18,0,0,8,0,0,4,13,18,8,0,0,1,16
0,0,0,0,61,0,0,0,0,0,0,0,167,58,16,5,10,0,134,30,27,13,0,0,0,0,188,81,15,0,103,0,12,0,19,3,66,0,0,0,0,19,40,8,21,15,15,40,6,0,0,7,0,0,0,0,0,0,8,0,0,0,0,0,0,0,0,0,7,0,12,0,0,0,10,0,2,0,0,0,0,0,0,0,23,0,0,0,0,0,0,0,0,0,13,0,35,0,69,0,0,0,5,0,0,0,0,0,0,0,0,0,0,0,0,0,0,0,0,0,0,0,15,0,0,0,0,0,0,0,0,0,0,0,0,0,0,0,0,0,0,0,0,0,0,0,0,0,0,0,0,0,0,0,0,0,0,0,0,0,0,0,0,0,61,0,26,0,54,0,2,0,16,0,0,0,0,0,6,0,0,0,0,0,0,0,25,4,0,0,0,0,0,0,0,0,3,0,0,0,0,0,0,0,0,0,0,0,0,0,16,117,58,8,0,0,0,1,0,0,0,0,0,0,0
0,0,0,0,0,61,0,0,0,1,0,11,120,184,3,0,0,0,121,186,34,44,0,6,0,0,0,180,0,13,0,28,0,37,0,5,0,120,0,1,8,7,15,12,0,24,7,12,0,1,7,0,0,0,0,0,0,0,0,22,0,0,0,10,0,0,0,0,0,0,0,18,0,0,0,0,0,0,0,0,0,0,0,0,0,62,0,0,0,0,0,0,0,0,0,0,0,0,0,26,0,20,0,0,0,0,0,3,0,0,0,0,0,0,0,0,0,0,0,0,0,0,0,0,0,0,0,0,0,0,0,0,0,13,0,0,0,89,0,118,0,120,0,242,0,46,0,2,0,0,0,0,0,0,0,0,0,10,0,0,0,0,0,0,0,71,0,31,0,39,0,0,0,36,0,0,0,13,0,0,0,0,0,0,0,0,0,83,0,0,0,0,0,0,0,0,0,0,0,0,0,0,0,0,0,0,0,0,0,0,0,0,38,2,18,0,0,0,32,36,60,18,0,2,1
7,1,0,0,0,0,105,19,82,159,0,0,0,0,0,0,150,0,4,0,19,0,40,0,129,13,0,0,22,2,4,0,0,0,0,0,10,0,21,0,0,0,5,0,4,0,0,0,5,0,0,0,0,40,143,100,83,7,28,89,25,0,44,16,7,0,0,86,0,0,0,0,0,0,3,0,0,0,0,0,0,0,0,0,19,0,0,0,0,0,0,0,0,0,0,0,0,0,0,0,0,0,0,0,0,0,0,0,0,0,0,0,0,0,0,0,0,0,0,0,0,0,0,0,1,0,0,0,161,0,3,0,0,0,0,0,108,0,165,0,0,0,85,0,2,0,0,0,1,0,0,0,0,0,208,0,34,2,66,0,6,0,0,0,0,0,0,0,2,0,132,0,6,0,0,0,3,2,0,0,0,0,24,5,0,12,0,0,0,0,0,0,0,0,0,0,0,0,0,0,0,0,0,0,0,0,0,0,0,0,47,112,71,0,19,0,16,0,6,2,0,6,0,0,0
0,3,0,1,0,0,133,71,179,126,0,1,0,0,0,0,0,61,0,0,0,38,0,15,31,37,0,6,0,10,0,2,0,1,0,0,0,3,0,0,0,0,0,0,0,0,0,0,0,0,0,0,40,0,126,21,0,55,53,81,5,23,15,91,0,3,13,39,0,0,0,0,0,0,0,0,0,0,0,0,0,0,0,0,0,24,0,0,0,0,0,1,0,0,0,0,0,0,0,0,0,5,0,0,0,0,0,0,0,0,0,0,0,0,0,0,0,0,0,0,0,0,0,0,0,3,0,0,0,42,0,6,0,40,0,27,0,62,0,125,0,13,0,121,0,0,0,0,0,0,0,0,0,0,0,118,0,20,0,87,0,16,0,0,0,0,0,0,0,0,1,3,1,2,0,0,8,74,0,0,0,0,0,0,0,56,0,0,0,0,0,0,0,0,0,0,0,0,0,0,0,0,0,0,0,0,0,0,0,0,0,1,4,1,5,0,0,0,4,1,9,13,0,2,0
11,33,119,0,30,0,94,0,83,342,0,0,0,0,82,0,13,0,0,0,0,0,181,0,356,80,0,0,6,0,0,0,0,0,0,0,0,0,0,0,0,0,7,0,10,0,0,0,14,0,0,0,143,126,0,212,69,0,32,0,48,31,24,114,46,0,11,75,3,0,0,0,0,0,0,0,0,0,0,0,0,0,0,0,1,0,0,0,0,0,0,0,0,0,0,0,0,0,0,0,0,0,0,0,0,0,0,0,0,0,0,0,0,0,0,0,0,0,0,0,0,0,0,0,7,0,0,0,58,0,12,0,9,0,41,0,178,0,7,0,13,0,101,0,0,0,0,0,0,0,0,0,0,0,113,0,68,0,0,0,28,0,0,0,0,0,0,0,16,0,193,0,24,0,0,0,0,6,0,0,0,0,7,34,0,40,0,0,0,0,0,0,0,0,0,0,0,0,0,0,7,0,0,0,0,0,0,0,16,0,287,99,314,218,229,21,103,1,11,0,0,0,0,0,0
26,6,0,22,0,0,216,392,342,72,0,0,0,0,0,75,0,0,0,0,0,13,0,10,0,214,0,0,0,1,0,0,0,0,0,0,0,0,0,0,0,0,0,0,0,0,0,0,0,0,0,0,100,21,212,0,19,61,106,44,21,81,38,56,2,16,56,12,0,2,0,0,0,0,0,0,0,0,0,0,0,0,0,0,0,4,0,0,0,0,0,0,0,0,0,0,0,0,0,0,0,0,0,0,0,0,0,1,0,0,0,0,0,0,0,0,0,0,0,0,0,0,0,0,0,4,0,0,0,14,0,37,0,0,0,75,0,103,0,25,0,3,0,51,0,0,0,0,0,3,0,0,0,0,8,107,0,45,0,36,0,20,0,1,0,0,0,3,2,43,0,153,0,103,0,0,2,61,0,0,0,0,5,11,0,16,0,0,0,0,0,0,0,0,0,0,0,0,0,0,0,0,0,0,0,0,0,2,0,9,0,0,5,0,283,0,0,0,175,34,337,289,9,92,0
0,0,0,0,0,0,6,0,11,0,1,0,0,0,15,0,5,0,0,0,0,0,24,0,16,0,0,0,0,0,0,0,0,0,0,0,0,0,0,0,0,0,0,0,10,0,0,0,30,0,0,0,83,0,69,19,0,7,50,53,0,0,0,0,18,42,0,56,2,0,0,0,0,0,0,0,3,0,0,0,0,0,0,0,0,0,0,0,0,0,0,0,0,0,0,0,0,0,0,0,1,0,0,0,0,0,0,0,0,0,0,0,0,0,0,0,0,0,0,0,0,0,0,0,7,0,0,0,62,0,16,0,1,0,11,0,24,0,0,5,5,0,18,0,6,7,0,0,3,0,0,0,0,0,121,16,143,2,70,0,22,0,71,0,1,0,0,0,45,0,288,0,0,0,0,0,1,0,0,0,6,0,0,0,0,3,0,0,0,0,0,0,0,0,0,0,0,0,0,0,0,0,0,0,0,0,0,0,3,0,440,76,623,472,585,33,124,3,0,0,0,0,0,0,0
0,0,0,0,0,0,0,25,0,40,0,0,0,0,0,10,0,7,1,0,0,0,0,7,0,73,0,0,0,1,0,0,0,0,0,0,0,0,0,0,0,0,0,0,0,0,0,0,0,3,0,0,7,55,0,61,7,0,65,166,0,0,0,6,4,2,30,4,0,7,0,0,0,0,0,0,0,0,0,0,0,0,0,3,0,0,0,0,0,0,0,0,0,2,0,0,0,0,0,0,0,0,0,1,0,0,0,0,0,0,0,0,0,0,0,0,0,0,0,0,0,0,0,0,0,0,0,0,0,9,0,11,0,6,0,18,0,40,0,25,0,0,0,33,0,0,0,0,0,0,0,0,0,0,14,232,0,64,0,122,0,34,0,0,0,12,0,4,0,75,0,336,0,33,0,0,0,0,0,0,0,0,0,0,4,7,0,0,0,0,0,0,0,0,0,0,0,0,0,0,0,0,0,0,0,0,0,0,0,1,0,0,0,0,267,0,0,0,103,18,408,296,27,52,0
4,0,30,0,0,0,6,0,48,59,2,0,0,0,0,0,0,0,0,0,0,0,0,0,24,0,0,0,0,0,0,0,0,0,0,0,0,0,0,0,0,0,17,0,12,0,0,0,25,0,8,0,28,53,32,106,50,65,0,276,25,0,0,0,223,70,133,221,0,0,0,0,1,0,0,0,0,0,0,0,0,0,0,0,0,0,0,0,0,0,0,0,0,0,0,0,0,0,0,0,0,0,0,0,0,0,0,0,0,0,0,0,0,0,1,0,0,0,0,0,0,0,0,0,2,0,1,0,1,0,11,0,0,0,0,0,3,0,0,0,0,0,0,0,0,10,2,0,0,0,0,0,0,0,56,32,218,0,2,19,19,7,24,6,0,0,32,0,21,0,80,0,0,0,0,0,22,0,0,0,3,27,0,0,50,53,0,0,0,0,0,0,0,0,0,0,0,0,0,0,0,0,0,0,0,0,0,0,0,0,681,365,386,477,871,48,156,0,19,26,13,0,0,0,0
0,12,0,0,0,0,0,40,78,89,0,0,0,0,0,0,0,0,0,0,0,0,0,0,0,6,0,0,0,0,0,0,0,0,0,0,0,0,0,0,0,0,0,13,0,19,0,0,0,4,0,22,89,81,0,44,53,166,276,0,0,84,5,31,0,128,186,170,0,11,0,0,0,0,0,0,0,4,0,0,0,0,0,0,0,0,0,0,0,3,0,0,0,0,0,0,0,0,0,0,0,0,0,1,0,0,0,0,0,0,0,0,0,0,0,0,0,0,0,0,0,0,0,0,0,3,0,0,0,1,0,27,0,0,0,0,0,0,0,3,0,0,0,0,0,63,0,0,0,5,0,0,0,0,139,255,20,328,0,53,0,6,0,29,0,20,0,11,0,98,0,248,0,0,0,0,0,4,0,0,0,7,0,0,32,10,0,0,0,0,0,0,0,0,0,0,0,0,0,0,0,0,0,0,0,0,0,0,0,0,2,0,0,0,1574,0,0,0,885,240,968,875,139,183,0
145,7,75,0,0,0,502,0,167,36,0,0,0,0,0,0,7,0,0,0,0,0,0,0,89,32,0,0,0,0,2,0,3,0,0,0,13,0,0,0,0,0,0,0,0,0,0,0,0,0,0,0,25,5,48,21,0,0,25,0,0,0,14,0,2,0,0,2,0,0,3,0,0,0,10,0,0,0,0,0,0,0,0,0,0,1,0,0,0,0,0,0,0,0,0,0,0,0,0,0,0,0,0,0,0,0,0,0,0,0,0,0,0,0,0,0,0,0,0,0,0,0,0,0,0,0,0,0,0,0,0,0,0,0,0,0,9,0,306,0,47,0,18,0,85,0,0,0,0,0,0,0,0,0,51,0,103,0,6,0,4,0,7,0,0,0,0,0,0,0,50,0,45,0,0,0,19,12,0,0,0,0,101,0,0,0,0,0,0,0,0,0,0,0,0,0,0,0,0,0,0,0,0,0,0,0,0,0,0,0,26,85,28,20,31,0,0,0,3,4,0,0,0,0,0
22,220,0,0,0,0,0,401,42,270,0,1,0,0,0,3,8,27,0,0,0,0,0,0,56,90,0,0,0,6,0,0,0,7,0,0,0,6,0,6,0,0,0,0,0,0,0,0,0,0,0,0,0,23,31,81,0,0,0,84,0,0,11,40,0,0,0,0,0,1,0,0,0,0,0,0,0,0,0,0,0,0,0,0,0,0,0,0,0,0,0,0,0,0,0,0,0,0,0,0,0,0,0,0,0,0,0,0,0,0,0,0,0,0,0,0,0,0,0,0,0,0,0,0,0,0,0,0,0,0,0,0,0,0,0,0,0,2,0,130,0,23,0,3,0,103,0,0,0,0,0,0,0,0,0,11,0,104,0,27,0,0,0,0,0,2,0,0,0,0,0,10,0,48,0,0,1,191,0,0,0,0,0,120,0,6,0,0,0,0,0,0,0,0,0,0,0,0,0,0,0,0,0,0,0,0,0,0,0,0,0,0,0,0,10,0,0,0,9,19,16,28,0,10,0
41,53,109,0,0,0,269,38,60,76,0,0,0,0,1,0,146,15,3,0,0,0,18,1,340,80,0,0,14,0,3,0,5,0,0,0,24,0,19,0,0,0,0,0,6,0,0,0,0,0,0,0,44,15,24,38,0,0,0,5,14,11,0,34,0,0,0,0,0,0,0,0,0,0,2,0,0,0,0,0,0,0,0,0,18,0,0,0,0,0,0,0,0,0,0,0,0,0,0,0,5,0,0,0,0,0,0,0,0,0,0,0,0,0,0,0,0,0,0,0,0,0,0,0,0,0,0,0,27,0,0,0,2,0,0,0,25,0,108,0,30,0,29,0,0,0,0,0,0,0,0,0,0,0,24,0,30,0,16,0,1,0,0,0,0,0,0,0,1,0,0,0,2,6,0,0,4,6,0,0,0,0,52,7,0,0,0,0,0,0,0,0,0,0,0,0,0,0,0,0,0,0,0,0,0,0,0,0,0,0,0,95,0,0,0,0,0,0,0,0,0,0,0,0,0
20,57,0,0,0,0,124,320,116,203,0,0,0,0,0,0,0,127,0,52,0,161,0,19,95,105,0,19,0,66,0,9,0,13,0,14,0,12,0,0,0,0,0,16,0,14,0,0,0,0,0,10,16,91,114,56,0,6,0,31,0,40,34,0,0,0,0,0,0,0,0,0,0,0,0,0,0,0,0,0,0,0,0,0,0,0,0,0,0,0,0,0,0,0,0,0,0,0,0,0,0,0,0,0,0,0,0,0,0,0,0,0,0,0,0,0,0,0,0,0,0,0,0,0,0,0,0,0,0,0,0,0,0,15,0,0,0,19,0,114,0,8,0,0,0,22,0,0,0,0,0,0,0,0,0,83,0,24,0,57,0,0,0,0,0,0,0,1,0,0,3,0,0,15,0,0,0,101,0,0,0,0,0,36,0,0,0,0,0,0,0,0,0,0,0,0,0,0,0,0,0,0,0,0,0,0,0,0,0,0,0,0,0,0,12,0,0,0,2,1,0,11,0,0,0
34,0,4,0,0,0,5,0,233,0,17,0,13,0,0,0,0,0,0,0,0,0,0,0,0,0,0,0,0,0,0,0,0,0,0,0,0,0,0,0,0,0,0,0,3,0,0,0,0,0,0,0,7,0,46,2,18,4,223,0,2,0,0,0,0,28,121,0,0,0,0,0,0,0,0,0,0,0,0,0,0,0,0,0,0,0,0,0,0,0,0,0,0,0,0,0,0,0,0,0,0,0,0,0,0,0,0,0,0,0,0,0,0,0,0,0,0,0,0,0,0,0,0,0,13,0,8,0,0,0,11,0,0,0,0,0,0,0,0,0,0,0,0,0,33,45,18,0,16,0,8,0,0,0,3,14,16,0,2,20,169,90,9,0,0,0,0,0,0,0,0,0,0,0,8,2,5,0,0,0,64,87,4,0,156,0,0,0,0,0,0,0,0,0,0,0,0,0,0,0,0,0,0,0,0,0,0,0,0,0,52,8,0,0,60,0,0,0,0,0,0,0,0,0,0
0,101,0,0,0,14,0,118,3,264,0,34,0,0,0,12,0,0,0,62,0,0,0,0,0,0,0,57,0,0,0,0,0,0,0,1,0,0,0,0,0,0,0,0,0,0,0,17,0,0,0,0,0,3,0,16,42,2,70,128,0,0,0,0,28,0,22,383,0,1,8,0,0,0,0,0,0,0,0,0,0,0,0,0,0,2,0,0,0,0,0,0,0,0,0,0,0,0,0,0,0,0,0,0,0,0,3,0,0,0,0,0,0,0,0,0,0,0,0,0,4,0,0,0,0,92,0,5,0,0,59,89,0,0,0,3,0,0,53,9,0,0,0,0,106,155,0,12,0,135,0,10,0,0,98,12,16,24,82,19,146,188,0,0,0,0,0,0,0,0,0,9,0,0,0,5,0,0,0,0,24,127,0,1,29,69,0,0,0,0,0,0,0,0,0,0,0,0,0,3,0,0,0,0,0,0,0,7,0,6,0,0,0,0,153,0,0,0,134,0,0,0,0,0,0
9,0,0,0,0,0,0,0,189,23,0,0,0,0,0,0,0,0,2,0,0,0,0,0,0,1,0,0,0,0,0,0,0,0,0,0,0,0,0,0,0,0,0,0,0,0,0,0,0,0,0,0,0,13,11,56,0,30,133,186,0,0,0,0,121,22,0,99,0,0,0,0,0,0,0,0,0,0,0,0,0,0,0,0,0,0,0,0,0,0,0,0,0,0,0,0,0,0,0,0,0,0,0,0,0,0,0,0,0,0,0,0,0,0,0,0,0,0,0,0,0,0,0,0,0,0,0,0,0,0,6,0,0,0,0,0,0,0,0,0,0,0,0,0,0,0,0,0,0,0,0,0,0,0,6,19,10,1,2,0,53,21,1,0,0,0,0,0,0,0,3,0,2,0,2,4,35,0,0,0,4,23,1,0,86,24,0,0,0,0,0,0,0,0,0,0,0,0,0,0,0,0,0,0,0,0,0,0,0,0,30,27,4,0,44,0,3,0,0,9,0,11,0,0,0
0,13,0,0,0,0,0,31,62,113,0,0,0,0,0,0,0,0,0,0,0,0,0,0,3,0,0,0,0,0,0,0,0,0,0,0,0,1,0,0,0,0,0,0,0,0,0,0,0,0,0,0,86,39,75,12,56,4,221,170,2,0,0,0,0,383,99,0,0,0,0,0,0,0,0,0,0,0,0,0,0,0,0,0,0,0,0,0,0,0,0,0,0,0,0,0,0,0,0,0,0,0,0,0,0,0,0,0,0,0,0,0,0,0,0,0,0,0,0,0,0,0,0,0,0,0,0,0,0,0,0,8,0,0,0,0,0,0,0,0,0,0,0,0,0,21,0,0,0,0,0,0,0,0,73,52,14,33,0,19,0,20,0,4,0,0,0,0,0,8,0,11,0,0,0,3,6,17,0,0,0,22,1,0,20,93,0,0,0,0,0,0,0,0,0,0,0,0,0,0,0,0,0,0,0,0,0,0,0,0,0,2,0,0,116,0,0,0,104,55,74,89,0,3,0
0,0,0,0,0,0,0,0,0,0,0,0,0,0,0,0,0,0,0,0,0,0,0,0,0,0,0,0,0,0,0,0,0,0,0,0,0,0,0,0,0,0,0,0,0,0,0,0,8,0,7,0,0,0,3,0,2,0,0,0,0,0,0,0,0,0,0,0,0,0,0,0,4,0,0,0,65,0,59,0,51,0,57,0,0,0,15,0,23,0,0,0,0,0,34,0,0,0,125,0,34,1,109,0,60,0,58,0,31,0,3,0,10,0,1,0,2,0,0,0,11,0,0,0,0,0,0,0,0,0,0,0,0,0,0,0,0,0,0,0,0,0,0,0,0,0,0,0,9,0,0,0,0,0,0,0,0,0,0,0,0,0,2,0,26,0,3,0,97,0,2,0,7,0,12,0,0,0,0,0,14,0,0,0,0,0,0,0,200,0,0,0,0,0,68,0,19,0,0,0,0,0,0,0,0,0,0,0,0,0,80,10,48,0,0,43,62,0,0,0,0,0,0,0,0
0,0,0,0,0,0,1,0,0,0,0,0,0,0,0,0,0,0,0,0,0,0,0,0,0,0,0,0,0,0,0,0,0,0,0,0,0,0,0,0,0,0,0,0,0,21,0,0,0,1,0,0,0,0,0,2,0,7,0,11,0,1,0,0,0,1,0,0,0,0,0,0,0,0,0,0,0,69,0,0,0,6,0,31,0,0,0,6,0,17,0,3,0,6,0,15,0,2,0,0,0,11,0,182,0,0,0,9,0,10,0,10,0,3,0,0,0,1,0,1,0,0,0,0,2,0,0,0,0,0,0,0,0,1,0,4,0,0,0,0,0,0,0,0,0,0,0,3,0,0,0,0,0,3,0,0,0,1,0,0,0,1,0,0,0,43,0,0,0,30,0,0,0,0,0,0,0,0,0,0,0,0,0,0,0,0,0,0,0,0,0,0,0,0,0,59,0,15,0,0,0,4,0,0,0,0,0,0,0,0,0,0,0,0,0,0,0,0,26,12,44,2,20,48,1
0,0,0,0,0,0,0,0,0,0,0,0,0,0,0,0,14,0,0,0,24,0,0,0,0,0,71,0,8,0,0,0,0,0,5,0,73,0,18,0,2,0,20,0,70,0,0,0,0,0,12,0,0,0,0,0,0,0,0,0,3,0,0,0,0,8,0,0,0,0,0,0,243,0,284,0,0,0,199,0,7,0,0,0,2,0,17,0,0,0,0,0,0,0,0,0,0,0,0,0,0,0,0,0,0,0,0,2,0,0,0,0,0,0,0,0,0,0,0,0,17,0,2,0,0,19,20,3,51,8,23,0,18,0,9,0,20,1,7,0,50,0,14,0,63,4,0,0,64,7,28,0,29,0,0,0,15,0,0,0,6,1,59,0,0,0,23,0,20,0,15,0,35,0,70,0,0,0,0,0,37,7,0,0,27,0,0,0,0,0,0,0,0,0,0,0,3,0,0,0,0,0,0,0,0,0,0,0,13,0,35,0,14,2,7,0,1,0,0,0,0,0,0,0,0
0,0,0,0,0,0,0,0,0,0,0,0,0,0,0,0,0,0,0,0,0,0,0,0,0,0,0,0,0,0,0,0,0,0,0,0,0,0,0,0,0,0,0,0,0,0,0,0,0,0,0,18,0,0,0,0,0,0,0,0,0,0,0,0,0,0,0,0,0,0,0,0,0,110,0,118,0,20,0,9,0,0,0,10,0,0,0,41,0,0,0,0,0,0,0,0,0,0,0,0,0,0,0,0,0,0,0,1,0,0,0,0,0,0,0,0,0,0,0,0,0,2,0,3,0,94,0,62,0,0,0,34,0,29,0,0,0,9,15,8,0,29,0,4,16,63,0,37,0,58,2,61,0,45,0,0,0,0,0,0,0,9,0,14,0,0,0,0,0,3,0,18,0,23,0,80,0,0,0,0,18,87,0,0,0,13,0,0,0,0,0,0,0,0,0,0,0,0,0,0,0,0,0,0,0,0,0,0,0,0,5,0,0,0,6,0,0,0,31,2,3,0,0,0,0
0,0,0,0,0,0,0,0,0,0,0,0,0,0,0,0,0,0,0,0,0,0,0,0,0,0,0,0,0,0,0,0,1,0,0,0,0,0,0,0,0,0,0,0,0,0,0,0,0,0,0,0,0,0,0,0,0,0,1,0,0,0,0,0,0,0,0,0,4,0,243,0,0,0,125,0,19,0,162,0,10,0,6,0,17,0,7,0,0,0,0,1,1,0,0,0,0,0,0,0,0,0,0,0,0,0,0,0,0,0,0,0,0,0,0,0,0,0,0,0,40,0,0,0,67,0,32,0,72,0,17,0,51,0,131,1,50,0,15,0,52,0,133,0,77,0,0,0,0,0,38,0,0,0,0,0,0,0,0,0,0,0,59,0,0,0,0,0,8,0,1,0,4,0,30,0,0,0,0,0,27,12,0,0,0,0,0,0,0,0,0,0,0,0,0,0,21,0,84,0,66,0,0,0,0,0,177,0,84,0,84,0,15,0,9,2,0,0,0,0,0,0,0,0,0
0,0,0,0,0,0,0,0,0,0,0,0,0,0,0,0,0,0,0,0,0,0,0,0,0,0,0,0,0,0,0,0,0,0,0,0,0,0,0,0,0,0,0,2,0,0,0,0,0,0,0,0,0,0,0,0,0,0,0,0,0,0,0,0,0,0,0,0,0,0,0,110,0,0,0,306,0,128,0,21,0,11,0,28,0,31,0,104,0,0,0,0,0,0,3,0,0,0,0,0,0,0,0,4,0,0,0,0,0,0,0,0,0,0,0,0,0,3,0,0,0,38,0,28,0,89,9,0,6,5,17,0,0,15,0,121,1,17,0,0,0,19,0,8,0,35,0,0,19,37,8,74,0,0,0,0,0,0,0,0,0,2,0,38,0,0,0,0,0,12,0,0,0,0,0,42,0,0,0,0,24,91,0,0,0,6,0,0,0,160,0,0,0,0,0,0,0,0,0,0,0,65,0,160,0,0,0,0,0,109,0,0,0,0,11,0,0,0,88,3,8,1,0,0,0
0,0,0,0,0,0,0,0,0,0,0,0,0,0,0,0,20,0,0,0,19,0,0,0,0,0,60,0,7,0,1,0,0,0,3,0,67,0,14,0,0,0,0,0,43,0,0,0,0,0,10,0,3,0,0,0,0,0,0,0,10,0,2,0,0,0,0,0,0,0,284,0,125,0,0,0,13,0,168,0,10,0,12,0,21,0,31,0,0,0,0,0,0,0,0,0,5,0,18,0,8,0,1,0,0,0,0,0,0,0,0,0,0,0,0,0,0,0,0,0,108,0,28,0,54,0,12,0,15,0,0,0,12,6,46,0,24,0,6,0,97,0,95,0,102,0,0,0,42,7,45,0,43,0,0,0,14,0,0,0,0,0,39,0,0,0,6,0,11,0,10,0,17,0,89,0,0,0,0,0,55,9,0,0,28,0,0,0,0,0,0,0,0,0,0,0,6,0,0,0,38,0,0,0,0,0,49,0,47,0,26,1,6,4,0,0,0,0,0,0,0,0,0,1,0
0,0,0,0,0,0,0,0,0,0,0,0,0,0,0,0,0,0,0,0,0,9,0,0,0,1,0,0,0,0,0,0,0,0,0,0,0,0,0,0,0,0,0,0,0,12,0,0,0,0,0,0,0,0,0,0,0,0,0,0,0,0,0,0,0,0,0,0,0,0,0,118,0,306,0,0,0,35,0,71,0,2,0,3,0,5,0,158,0,0,3,0,0,0,2,0,0,0,0,0,0,0,0,0,0,0,16,0,0,0,0,0,0,0,0,0,0,0,0,0,0,102,0,31,40,136,0,75,20,0,70,0,14,47,0,154,0,41,0,0,0,32,0,22,13,116,0,62,50,63,0,124,0,78,0,0,0,0,0,0,0,0,0,35,0,0,0,7,4,9,0,14,0,13,0,140,0,0,0,0,38,214,0,0,0,8,0,0,0,0,0,0,0,0,0,0,0,0,0,64,0,17,0,38,0,0,0,162,0,163,0,0,25,0,21,0,0,0,59,0,5,0,0,0,0
0,0,0,0,0,0,1,0,0,0,0,0,0,0,0,0,0,0,0,0,0,0,0,0,0,0,0,0,0,0,0,0,0,0,0,0,0,0,0,0,0,0,0,0,0,0,0,0,0,0,2,0,0,0,0,0,3,0,0,0,0,0,0,0,0,0,0,0,65,0,0,0,19,0,13,0,0,0,20,0,16,0,24,0,0,0,17,0,0,0,0,0,8,0,0,0,0,0,20,0,0,0,13,0,27,0,0,0,16,0,0,0,0,0,7,0,6,0,0,0,0,0,0,0,0,5,0,1,0,0,0,0,0,0,0,0,0,0,0,0,2,0,0,0,0,0,7,0,6,0,0,0,0,0,0,0,0,0,0,0,0,0,0,0,6,0,0,0,22,2,0,0,0,0,4,0,0,0,0,0,6,0,0,0,0,0,0,0,128,0,0,0,0,0,0,0,10,0,0,0,0,0,0,0,0,0,0,0,0,0,42,0,30,3,0,6,4,0,0,0,0,0,0,0,0
0,0,0,0,0,0,0,0,0,0,0,0,0,0,0,0,0,0,0,0,0,0,0,0,0,0,0,0,0,0,0,0,0,0,0,0,0,0,0,0,0,0,0,1,0,40,0,0,0,0,0,0,0,0,0,0,0,0,0,4,0,0,0,0,0,0,0,0,0,69,0,20,0,128,0,35,0,0,0,6,0,34,0,87,0,15,0,94,0,0,0,0,0,28,0,19,0,0,0,4,0,17,0,164,0,0,0,0,0,26,0,0,0,0,0,3,0,32,0,0,0,10,0,7,0,0,5,0,0,2,0,0,0,1,0,0,0,0,0,1,0,2,0,0,0,0,10,0,0,0,0,0,0,12,0,0,0,0,0,0,0,2,0,5,0,0,0,0,2,37,0,0,0,1,0,0,0,0,0,0,0,0,0,0,0,0,0,0,0,88,0,0,0,0,0,115,0,36,0,0,0,0,0,52,0,0,0,0,0,0,0,0,0,0,10,0,0,0,43,24,50,6,8,3,1
0,0,0,0,0,0,0,0,0,0,0,0,0,0,0,0,0,0,0,0,0,0,0,0,0,0,0,0,0,0,0,0,0,0,0,0,0,0,0,0,0,0,0,0,0,0,0,0,0,0,0,0,0,0,0,0,0,0,0,0,0,0,0,0,0,0,0,0,59,0,199,0,162,0,168,0,20,0,0,0,50,3,56,0,73,0,75,0,0,0,0,0,19,0,11,0,18,0,21,0,2,0,0,0,0,0,0,0,0,0,0,0,0,0,0,0,0,0,0,0,109,0,23,0,0,0,0,0,0,0,0,0,0,0,142,0,40,0,0,0,60,2,201,0,26,2,0,0,0,0,0,0,24,0,0,0,0,0,0,0,0,1,15,0,3,0,0,0,40,0,0,0,0,0,23,0,0,0,0,0,0,11,0,0,0,0,0,0,152,0,0,0,0,0,0,0,0,0,0,0,160,0,0,0,0,0,0,0,0,0,170,2,21,0,14,12,9,0,0,0,0,0,1,0,0
