0,488,78,160,165,0,20,303,37,255,222,0,142,0,11,42,77,0,15,0,0,0,19,107,36,433,45,0,60,0,0,0,0,0,10,0,22,8,336,0,38,0,0,0,32,0,35,0,8,0,0,0,34,0,2,0,0,0,0,0,166,0,202,70,30,0,3,0,0,0,0,0,0,0,0,0,0,0,0,0,0,2,0,0,0,0,0,0,0,0,0,0,0,0,0,0,0,0,0,0,0,0,0,0,0,0,0,0,0,0,0,0,0,0,0,0,0,0,0,0,0,0,0,0,0,0,9,0,0,0,2,0,0,0,0,0,0,0,3,0,0,0,0,0,3,0,20,0,29,0,24,0,0,0,12,0,4,0,0,0,1,0,0,0,5,0,0,0,24,0,10,0,224,26,0,0,398,129,20,0,0,0,27,22,92,0,4,0,0,0,0,0,0,0,0,0,0,0,0,0,0,0,0,0,0,0,2,0,0,0,741,264,174,151,427,0,17,0,5,20,0,0,0,0,0
488,0,656,115,129,342,93,128,33,35,61,322,0,156,22,109,76,33,0,240,0,11,270,32,244,72,0,402,0,86,0,0,0,185,0,0,9,354,0,486,0,53,0,0,0,85,0,188,0,13,0,0,0,16,11,18,0,5,0,18,0,151,0,148,0,25,0,8,0,0,0,0,0,0,0,0,0,0,0,0,0,13,0,0,0,0,0,0,0,0,0,0,0,0,0,0,0,0,0,0,0,0,0,0,0,2,0,2,0,0,0,0,0,0,0,0,0,0,0,0,0,0,0,2,0,5,0,5,0,0,0,2,0,0,0,10,0,11,0,0,0,0,0,0,0,0,0,10,0,56,0,69,0,57,0,0,0,0,0,1,0,0,0,0,0,10,0,0,0,28,0,16,0,329,0,28,164,401,0,19,0,22,16,20,0,61,3,0,0,0,0,0,0,0,0,0,0,0,0,0,0,4,0,0,0,0,0,3,0,5,0,0,0,0,635,0,0,0,1108,247,401,0,0,62,0
78,656,0,205,493,91,59,92,28,49,62,87,223,0,224,134,178,40,106,0,52,0,531,139,235,257,115,0,243,0,29,0,137,0,7,2,65,0,520,0,47,0,0,0,56,0,53,0,26,0,0,0,0,0,179,0,0,0,22,0,39,24,139,26,62,0,11,0,2,0,0,0,0,0,0,0,0,0,0,0,0,0,0,0,0,0,0,0,0,0,0,0,0,0,0,0,0,0,0,0,0,0,0,0,0,0,72,0,0,0,0,0,0,0,0,0,0,0,0,0,0,0,0,0,28,0,83,0,0,0,31,0,5,0,108,0,69,0,0,0,2,1,65,0,3,0,52,0,117,0,183,0,0,0,4,0,0,0,0,0,14,0,0,0,22,0,113,0,59,0,13,0,255,21,4,0,51,111,0,0,0,1,0,15,70,0,0,0,0,0,5,0,0,0,0,0,32,0,0,0,92,0,0,0,6,0,24,0,157,0,742,237,512,354,654,17,30,3,9,16,0,0,0,0,0
160,115,205,0,98,124,0,108,0,15,71,5,0,4,30,260,36,25,0,138,0,14,141,118,40,205,0,66,0,143,3,8,0,347,0,0,7,52,0,298,0,0,0,0,0,27,0,0,0,4,0,0,0,1,0,131,0,67,0,0,0,0,0,9,0,0,0,2,0,0,0,0,0,0,0,0,0,0,0,0,0,0,0,0,0,0,0,0,0,0,0,0,0,0,0,0,0,0,0,0,0,0,0,0,0,0,0,0,0,0,0,0,0,0,0,0,0,0,0,0,0,0,0,0,0,0,0,0,0,14,0,0,1,15,0,55,0,60,0,0,0,0,0,0,0,0,0,0,0,0,0,3,0,3,2,0,0,0,0,0,0,0,0,0,0,0,0,50,0,9,0,0,0,58,0,0,31,35,0,1,0,0,0,0,0,0,0,0,0,0,0,0,0,0,0,0,0,0,0,0,0,10,0,0,0,0,0,0,0,8,0,0,0,0,120,0,0,0,168,54,231,56,0,0,0
165,129,493,98,0,495,9,0,22,1,121,281,452,0,406,501,30,0,147,153,206,54,106,99,0,0,99,0,48,0,198,0,234,0,87,0,255,0,61,0,110,0,0,0,51,0,131,0,8,3,56,7,6,0,0,0,0,0,0,0,0,0,0,0,14,0,2,0,0,0,0,0,0,0,0,0,0,0,0,0,0,0,0,0,0,0,0,0,0,0,4,0,0,0,0,0,0,0,0,0,0,0,0,0,0,0,0,0,0,0,0,0,0,0,0,0,0,0,0,0,0,0,0,0,11,0,7,0,0,0,4,0,0,0,0,0,0,0,0,0,0,0,0,0,2,0,11,0,30,0,54,0,18,0,8,0,0,0,0,0,0,0,0,0,40,0,252,0,51,3,0,0,140,8,10,0,223,243,40,0,49,0,13,0,49,0,5,0,0,0,0,0,0,0,0,0,0,0,0,0,0,0,0,0,0,0,0,0,11,0,513,469,414,0,191,0,0,0,7,20,0,1,0,0,0
0,342,91,124,495,0,0,71,0,20,130,193,335,181,393,275,25,0,200,233,189,79,110,19,0,13,35,308,0,45,82,90,62,389,0,91,43,291,0,0,10,24,0,0,0,30,5,87,0,0,0,124,0,10,0,27,0,0,0,0,0,0,0,0,0,0,0,0,0,0,0,0,0,0,0,0,0,0,0,0,0,0,0,0,0,0,0,0,0,0,0,0,0,0,0,0,0,0,0,0,0,0,0,0,0,0,0,0,0,0,0,0,0,0,0,0,0,0,0,0,0,0,0,0,0,0,0,0,0,0,0,0,0,0,0,0,0,0,0,0,0,0,0,0,0,0,0,0,0,0,0,0,0,0,0,0,0,0,0,0,0,0,0,0,0,85,0,337,0,64,0,0,0,98,0,0,77,432,61,26,0,18,0,6,0,22,17,7,0,0,0,0,0,0,0,0,0,0,0,1,0,0,0,0,0,0,0,0,0,6,5,0,0,0,254,0,0,0,547,271,519,89,0,0,2
20,93,59,0,9,0,0,85,102,350,7,0,0,0,0,0,5,0,0,0,0,0,0,0,73,140,0,0,0,0,0,0,1,0,0,0,3,0,28,0,0,0,0,0,3,0,0,0,19,0,5,0,209,33,306,73,8,9,35,18,220,0,214,60,28,0,25,61,3,0,0,0,0,0,0,0,0,0,0,0,0,0,0,0,0,0,0,0,0,0,0,0,0,0,0,0,0,0,0,0,0,0,0,0,0,0,0,0,0,0,0,0,0,0,0,0,0,0,0,0,0,0,0,0,11,0,27,0,0,0,12,0,0,0,0,0,0,0,1,0,0,0,0,0,0,0,5,0,22,0,21,0,0,0,3,0,41,0,0,0,11,0,7,0,11,0,0,0,23,0,68,0,92,0,0,0,16,16,0,0,0,0,0,0,4,0,0,0,0,0,0,0,0,0,0,0,0,0,0,0,0,0,0,0,0,0,0,0,13,0,775,89,329,590,809,65,231,5,6,0,0,0,0,0,0
303,128,92,108,0,71,85,0,133,28,0,7,0,0,0,139,13,36,0,115,0,9,20,15,143,386,0,92,0,70,0,0,0,24,0,8,0,0,0,186,0,3,0,0,0,42,0,0,0,3,0,0,0,50,50,329,0,37,0,31,0,101,22,260,0,2,0,0,0,0,0,0,0,0,0,0,0,0,0,0,0,0,0,0,0,0,0,0,0,0,0,0,0,0,0,0,0,0,0,0,0,0,0,0,0,0,0,0,0,0,0,0,0,0,0,0,0,0,0,0,0,0,0,0,0,39,0,11,0,13,0,32,0,8,0,83,0,36,0,0,0,0,0,0,0,0,0,0,0,4,0,10,0,1,0,0,0,0,0,0,0,6,0,10,0,11,0,0,0,24,0,0,0,131,0,0,59,25,0,1,0,0,0,0,0,0,0,0,0,0,0,0,0,0,0,0,0,0,0,0,0,0,0,0,0,0,0,0,0,28,6,0,0,0,570,0,0,0,514,59,417,398,0,263,0
37,33,28,0,22,0,102,133,0,698,18,0,20,0,9,0,9,0,11,0,0,0,0,0,6,106,0,0,0,0,0,0,0,0,0,0,0,0,9,0,7,0,0,0,0,0,0,0,12,0,0,0,405,92,198,227,22,36,139,116,254,0,227,0,163,0,210,320,0,0,0,0,0,0,0,0,0,0,0,0,0,0,0,0,0,0,0,0,0,0,0,0,0,0,0,0,0,0,0,0,0,0,0,0,0,0,0,0,0,0,0,0,0,0,0,0,0,0,0,0,0,0,0,0,0,0,19,0,0,0,27,0,0,0,0,0,0,0,7,0,0,0,0,0,12,0,14,0,70,0,26,0,0,0,25,0,55,0,0,1,35,0,4,0,8,0,0,0,24,0,74,0,73,0,0,0,326,53,5,0,0,0,22,0,139,3,0,0,0,0,0,0,0,0,0,0,6,0,0,0,0,0,0,0,0,0,0,1,7,0,715,186,119,197,543,20,100,3,1,2,0,0,0,0,0
255,35,49,15,1,20,350,28,698,0,0,18,0,8,0,26,8,0,0,42,0,0,0,3,263,49,0,31,0,0,0,0,0,0,0,0,0,0,0,0,0,0,0,0,0,0,0,0,0,3,0,0,26,175,273,126,4,33,35,42,0,106,12,298,0,80,8,102,0,0,0,0,0,0,0,0,0,0,0,0,0,0,0,0,0,0,0,0,0,0,0,0,0,0,0,1,0,0,0,0,0,0,0,0,0,0,0,1,0,0,0,0,0,0,0,0,0,0,0,0,0,0,0,0,0,62,0,42,0,0,0,26,0,7,0,31,0,12,0,0,0,0,0,1,0,0,0,42,0,66,1,48,0,28,0,0,0,33,0,0,0,7,0,0,0,7,0,0,1,15,0,20,0,38,0,7,146,182,0,6,0,3,14,30,2,37,0,0,0,0,0,0,0,6,0,0,0,0,0,0,0,5,0,0,0,0,0,9,0,34,0,0,0,0,680,0,0,0,1048,248,177,352,17,230,1
222,61,62,71,121,130,7,0,18,0,0,44,317,0,53,232,19,9,22,0,49,0,49,61,0,15,31,0,24,0,66,0,137,0,18,0,115,0,38,0,51,0,5,1,41,0,58,0,4,0,13,0,0,0,3,0,0,0,2,0,3,0,0,0,6,0,0,0,0,0,4,0,0,0,0,0,0,0,0,0,1,0,0,0,0,0,0,0,0,0,0,0,0,0,0,0,0,0,0,0,0,0,0,0,0,0,0,0,0,0,0,0,0,0,0,0,0,0,0,0,1,0,0,0,0,0,0,0,0,0,0,0,0,0,0,0,0,0,0,0,0,0,0,0,3,0,0,0,6,0,33,0,38,0,0,0,0,0,0,0,0,0,0,0,15,0,75,0,16,0,0,0,41,0,12,0,194,102,82,0,37,0,26,0,48,0,15,0,0,0,0,0,0,0,0,0,0,0,0,0,0,0,0,0,0,0,0,0,0,0,291,335,210,0,61,0,0,0,3,6,0,0,0,0,0
0,322,87,5,281,193,0,7,0,18,44,0,100,444,299,12,17,9,85,56,123,9,78,11,0,0,18,145,0,24,43,0,34,154,0,16,24,114,6,61,5,68,0,0,0,64,0,167,0,26,2,11,0,2,0,0,0,0,0,0,0,0,0,0,0,4,0,0,0,0,0,0,0,0,0,0,0,0,0,0,0,0,0,0,0,0,0,0,0,0,0,0,0,0,0,0,0,0,0,0,0,0,0,0,0,0,0,0,0,0,0,0,0,0,0,0,0,0,0,0,0,0,0,0,0,3,0,0,0,0,0,0,0,2,0,0,0,0,0,0,0,0,0,0,0,0,0,0,0,13,0,94,0,53,0,0,0,0,0,0,0,0,0,0,0,0,11,53,0,11,0,2,0,42,0,25,27,431,11,56,0,78,0,24,0,23,0,0,0,0,0,0,0,0,0,0,0,0,0,0,0,0,0,0,0,0,0,0,0,0,0,7,18,0,101,1,0,0,326,128,216,37,0,0,0
142,0,223,0,452,335,0,0,20,0,317,100,0,398,78,116,0,0,102,715,65,117,0,0,7,0,162,335,0,0,0,0,0,0,173,9,55,0,0,0,172,23,167,54,68,37,203,0,27,4,297,0,0,0,0,0,0,0,0,0,0,0,0,0,13,0,0,0,0,0,0,0,0,0,0,0,0,0,0,0,0,0,0,0,0,0,0,0,0,0,0,0,0,0,0,0,0,0,0,0,0,0,0,0,0,0,0,0,0,0,0,0,0,0,0,0,0,0,0,0,0,0,0,0,0,0,0,0,0,0,0,0,0,0,0,0,0,0,1,0,0,0,0,0,0,0,0,0,14,0,0,0,0,0,8,0,0,0,1,0,0,0,0,0,31,0,18,0,0,0,0,0,0,0,14,0,176,186,128,0,50,0,41,0,46,0,163,10,0,0,0,0,0,0,0,0,0,0,0,0,0,0,0,0,0,0,0,0,0,0,70,254,168,0,0,0,0,0,4,46,15,0,0,0,0
0,156,0,4,0,181,0,0,0,8,0,444,398,0,0,0,0,0,258,44,74,72,0,0,0,0,308,132,0,0,12,13,0,4,35,156,0,40,0,0,88,171,69,138,0,50,34,264,0,57,64,380,0,0,0,0,0,0,0,0,0,0,0,0,0,0,0,0,0,0,0,0,0,0,0,0,0,0,0,0,0,0,0,0,0,0,0,0,0,0,0,0,0,0,0,0,0,0,0,0,0,0,0,0,0,0,0,0,0,0,0,0,0,0,0,0,0,0,0,0,0,0,0,0,0,0,0,0,0,0,0,0,0,0,0,0,0,0,0,0,0,0,0,0,0,0,0,0,0,0,0,8,0,0,0,0,0,0,0,0,0,0,0,0,0,0,0,9,0,33,0,0,0,7,0,0,8,424,0,22,0,7,0,3,0,5,53,151,0,0,0,0,0,0,0,0,0,0,0,0,0,0,0,0,0,0,0,0,0,0,2,11,23,0,17,0,0,0,37,153,165,19,0,0,0
11,22,224,30,406,393,0,0,9,0,53,299,78,0,0,448,47,0,112,97,126,37,281,57,86,2,105,2,2,0,123,11,71,89,28,9,65,53,2,0,0,0,0,0,22,0,13,0,2,0,0,0,7,0,0,0,0,0,0,0,2,0,0,0,6,0,0,0,0,0,0,0,0,0,0,0,0,0,0,0,0,0,4,0,0,0,0,0,0,0,0,0,0,0,0,0,0,0,33,0,0,0,0,0,0,0,0,0,0,0,0,0,0,0,0,0,0,0,0,0,0,0,3,0,0,0,0,0,0,0,0,0,0,0,0,0,0,0,8,0,0,0,68,0,3,0,11,0,30,0,22,0,0,0,6,0,0,0,0,0,0,0,0,0,4,0,27,0,6,0,0,0,0,0,0,0,54,93,13,0,0,0,8,0,35,0,0,0,0,0,0,0,0,0,0,0,0,0,0,0,30,0,0,0,0,0,0,0,0,0,42,282,50,0,16,0,0,0,18,12,0,0,0,0,0
42,109,134,260,501,275,0,139,0,26,232,12,116,0,448,0,38,34,42,404,160,160,134,113,8,38,0,140,8,44,92,53,89,158,16,6,35,45,0,8,0,0,0,0,0,46,0,0,0,0,2,0,0,8,0,197,0,105,0,18,0,0,0,28,0,15,0,5,0,0,0,0,0,0,0,0,0,0,0,0,0,0,0,0,0,63,0,0,0,0,0,0,0,0,0,0,0,0,0,0,0,0,0,0,0,0,0,0,0,0,0,0,0,0,0,0,0,0,0,0,0,0,0,0,0,25,0,0,0,0,0,15,0,0,0,113,0,121,2,26,0,14,0,0,1,5,0,0,0,37,0,27,0,21,0,10,0,0,0,0,0,0,0,0,0,3,12,37,0,6,0,0,0,15,0,0,29,60,71,0,0,0,2,2,2,30,0,0,0,0,0,0,0,0,0,0,0,0,0,3,0,23,0,0,0,0,0,15,0,23,0,24,22,0,69,0,0,0,116,372,56,29,0,0,0
77,76,178,36,30,25,5,13,9,8,19,17,0,0,47,38,0,9,218,0,176,0,111,24,196,34,62,0,36,0,59,0,52,0,0,0,0,0,109,3,0,0,7,0,0,0,0,0,0,0,8,0,91,0,58,0,0,0,0,1,0,2,41,0,0,0,0,0,0,0,12,0,0,0,13,0,0,0,0,0,77,0,0,0,254,0,39,0,0,0,92,0,0,0,0,0,311,0,290,0,0,0,0,0,0,0,185,0,0,0,0,0,0,0,0,0,0,0,0,0,71,0,73,0,0,0,0,0,96,0,0,0,22,0,37,0,184,0,72,0,65,0,510,0,0,0,0,0,0,0,0,0,0,0,25,0,0,0,14,0,0,0,0,0,1,0,0,0,6,0,0,0,13,0,0,0,14,6,5,0,0,0,53,0,0,0,4,0,0,0,0,0,0,0,0,0,0,0,0,0,73,0,0,0,0,0,0,0,0,0,4,405,17,8,4,0,0,0,0,1,0,0,0,0,0
0,33,40,25,0,0,0,36,0,0,9,9,0,0,0,34,9,0,0,23,0,94,19,65,17,142,0,5,0,92,1,8,0,59,0,7,0,21,0,140,0,0,0,0,0,0,0,0,0,0,0,0,0,0,0,53,0,122,0,0,0,0,0,149,0,0,0,0,0,1,0,0,0,0,0,0,0,0,0,0,0,37,0,0,0,174,0,0,0,0,0,0,0,0,0,0,0,0,0,43,0,0,0,0,0,0,0,0,0,0,0,0,0,0,0,0,0,0,0,0,0,5,0,0,0,12,0,0,0,74,0,0,0,0,0,256,0,361,0,123,0,70,0,104,0,0,0,0,0,0,0,0,0,0,0,27,0,0,0,0,0,25,0,0,0,0,0,0,0,0,0,0,0,16,0,0,0,5,0,6,0,0,0,29,0,0,0,0,0,0,0,0,0,0,0,0,0,0,0,0,0,11,0,0,0,0,0,0,0,0,0,0,0,0,10,0,0,0,3,266,16,0,0,0,0
15,0,106,0,147,200,0,0,11,0,22,85,102,258,112,42,218,0,0,375,118,64,163,0,89,0,113,165,11,0,18,0,3,0,126,9,85,0,0,0,6,0,19,36,19,18,10,0,0,0,195,22,0,0,0,0,0,0,0,0,1,0,23,0,7,0,0,0,0,0,15,0,0,0,16,0,0,0,0,0,74,0,0,0,0,0,44,0,0,0,77,0,0,0,0,0,236,0,331,0,4,0,0,0,0,0,0,0,0,0,0,0,0,0,0,0,0,0,0,0,50,0,15,0,0,0,0,0,0,0,0,0,0,0,0,0,0,0,0,0,8,0,0,0,0,0,0,0,13,0,0,0,0,0,0,0,0,0,0,0,1,0,0,0,14,0,8,0,0,0,0,0,0,0,1,0,0,33,4,0,0,0,7,0,25,0,22,5,0,0,0,0,0,0,0,0,0,0,0,0,38,0,0,0,0,0,0,0,0,0,55,160,97,0,0,0,0,0,0,24,0,0,0,0,0
0,240,0,138,153,233,0,115,0,42,0,56,715,44,97,404,0,23,375,0,153,132,0,130,0,31,266,171,0,0,38,12,11,10,64,165,25,96,0,0,54,0,37,33,28,77,0,17,0,0,73,219,0,0,0,185,0,147,0,55,0,0,0,64,0,37,0,0,0,0,0,0,0,0,0,0,0,0,0,0,0,0,0,0,0,163,0,0,0,0,0,0,0,0,0,0,0,0,0,0,0,0,0,0,0,0,0,0,0,0,0,0,0,0,0,0,0,0,0,0,0,0,0,0,0,22,0,0,0,0,0,0,0,0,0,132,0,0,0,0,0,0,0,0,2,0,0,0,0,45,0,38,0,0,0,0,0,0,0,0,0,4,0,0,0,51,0,36,0,35,0,0,0,11,0,0,7,105,25,4,0,0,0,2,0,0,49,15,0,0,0,0,0,0,0,0,0,0,0,0,0,24,0,0,0,0,0,0,0,22,7,25,42,0,46,0,0,0,146,283,83,0,0,0,0
0,0,52,0,206,189,0,0,0,0,49,123,65,74,126,160,176,0,118,153,0,29,167,15,60,0,33,46,82,0,112,0,65,14,36,0,58,10,4,0,0,0,10,15,18,0,0,0,0,1,62,0,0,0,7,0,0,0,0,0,0,0,55,0,1,0,0,0,0,0,26,0,0,0,20,0,0,0,0,0,80,0,0,0,204,0,63,0,0,0,77,0,0,0,22,0,195,0,376,0,0,0,0,0,0,0,154,0,0,0,0,0,0,0,0,0,0,0,0,0,103,0,46,0,0,0,0,0,0,0,0,0,0,0,0,0,66,0,0,0,46,0,185,0,27,0,5,0,0,0,0,0,0,0,14,0,0,0,8,0,0,0,0,0,24,0,26,0,0,0,0,0,0,0,0,0,28,17,32,0,0,0,8,0,16,0,8,0,0,0,0,0,0,0,0,0,0,0,0,0,35,0,0,0,0,0,0,0,0,0,150,388,96,12,30,0,0,0,6,18,0,0,0,0,0
0,11,0,14,54,79,0,9,0,0,0,9,117,72,37,160,0,94,64,132,29,0,0,153,0,24,35,101,0,63,15,33,9,63,5,19,0,33,0,0,0,0,0,34,0,29,0,0,0,0,0,30,0,0,0,48,0,76,0,0,0,4,0,219,0,0,0,0,0,0,0,0,0,0,0,0,0,0,0,1,0,107,0,0,0,325,0,18,0,0,0,0,0,0,0,0,0,0,0,0,0,0,0,0,0,0,0,0,0,0,0,0,0,0,0,0,0,0,0,0,0,23,0,21,0,0,0,0,0,0,0,7,0,17,0,234,0,419,0,151,0,76,0,365,0,51,0,0,0,0,0,0,0,0,0,0,0,0,0,0,0,0,0,0,0,65,0,47,0,29,0,3,0,21,0,0,3,10,2,0,0,0,0,0,0,0,0,2,0,0,0,0,0,0,0,0,0,0,0,0,0,0,0,0,0,0,0,0,0,0,0,0,0,0,53,0,0,0,252,445,187,45,0,0,0
19,270,531,141,106,110,0,20,0,0,49,78,0,0,281,134,111,19,163,0,167,0,0,115,81,71,0,0,10,0,31,0,6,23,0,0,6,14,25,13,0,0,0,0,27,0,0,0,4,0,0,0,8,0,114,1,0,0,0,0,0,3,22,0,0,0,0,0,0,0,0,0,0,0,0,0,0,0,0,0,0,0,0,0,0,0,0,0,0,0,25,0,0,0,0,0,113,0,41,0,0,0,0,0,0,0,96,0,0,0,0,0,0,0,0,0,0,0,0,0,2,0,0,0,0,0,0,0,0,0,0,0,0,0,38,0,92,0,0,0,0,0,98,0,0,0,0,0,0,0,0,0,0,0,0,0,0,0,0,0,3,0,0,0,0,0,9,1,0,0,0,0,11,4,0,0,22,25,0,0,0,0,37,0,0,0,0,0,0,0,0,0,0,0,0,0,0,0,0,0,74,0,0,0,0,0,0,0,59,0,12,380,38,0,0,0,0,0,8,5,0,0,0,0,0
107,32,139,118,99,19,0,15,0,3,61,11,0,0,57,113,24,65,0,130,15,153,115,0,43,63,0,38,0,61,15,6,15,32,0,5,0,6,10,11,0,0,0,0,0,33,0,0,0,3,1,0,0,0,0,70,0,52,0,11,0,0,0,64,0,0,0,0,0,0,0,0,0,0,0,0,0,0,0,0,0,12,0,0,0,47,0,0,0,0,0,3,0,0,0,0,0,0,0,22,0,2,0,0,0,0,0,8,0,0,0,0,0,0,0,0,0,0,0,0,0,2,0,1,0,0,0,0,0,17,0,3,0,0,0,51,0,59,0,17,0,17,0,25,0,1,0,0,0,0,0,0,0,0,0,2,0,0,0,2,2,0,0,0,0,0,3,1,0,0,0,0,0,0,0,0,0,13,3,6,0,0,0,0,0,0,0,0,0,0,0,0,0,0,0,0,0,0,0,0,0,7,0,0,0,0,0,0,0,0,0,8,0,0,11,0,0,0,37,871,15,3,0,0,0
36,244,235,40,0,0,73,143,6,263,0,0,7,0,86,8,196,17,89,0,60,0,81,43,0,240,0,0,21,0,20,0,4,0,0,0,5,0,28,0,2,0,0,0,0,0,0,0,10,0,7,0,134,17,294,42,24,0,28,0,72,0,334,90,0,0,0,2,1,0,0,0,0,0,0,0,0,0,0,0,4,0,0,0,35,6,0,0,0,0,56,0,0,0,0,0,167,0,22,0,0,0,0,0,0,0,164,0,0,0,0,0,0,0,0,0,0,0,0,0,0,0,0,0,0,0,21,0,98,0,25,0,57,0,144,0,314,0,13,0,0,0,344,0,0,0,0,0,0,0,0,0,0,0,35,0,3,2,9,0,16,0,6,0,0,0,5,0,20,0,37,0,88,0,0,0,0,21,0,0,0,0,19,10,0,0,0,0,0,0,0,0,0,0,0,0,13,0,0,0,158,0,0,0,0,0,0,0,149,0,142,350,247,325,215,16,83,1,0,6,5,0,0,0,0
433,72,257,205,0,13,140,386,106,49,15,0,0,0,2,38,34,142,0,31,0,24,71,63,240,0,0,10,0,21,0,5,0,8,0,0,0,10,19,35,0,0,0,0,0,0,0,0,0,0,0,0,0,19,32,102,0,57,0,0,0,9,18,173,0,0,0,0,0,0,0,0,0,0,0,0,0,0,0,0,0,0,0,0,0,0,0,0,0,0,0,0,0,0,0,0,0,0,0,0,0,0,0,0,0,0,0,0,0,0,0,0,0,0,0,0,0,0,0,0,1,0,0,0,0,0,0,0,0,21,0,9,0,0,0,27,0,50,1,15,0,0,0,0,0,0,0,1,0,0,0,0,0,0,0,10,0,0,0,3,0,9,0,0,0,0,0,0,0,2,0,0,0,31,0,0,33,45,0,2,0,0,16,70,0,0,0,0,0,0,0,0,0,0,0,0,0,0,0,0,0,0,0,0,0,0,0,0,0,0,0,0,0,0,25,0,0,0,14,745,24,19,0,6,0
45,0,115,0,99,35,0,0,0,0,31,18,162,308,105,0,62,0,113,266,33,35,0,0,0,0,0,529,10,0,6,0,1,0,37,0,23,0,0,0,38,94,246,130,92,117,37,143,19,14,184,61,0,0,0,0,0,0,0,0,0,0,10,0,14,0,0,0,1,0,0,0,0,0,0,0,0,0,0,0,37,0,0,0,0,0,0,0,0,0,0,0,0,0,0,0,0,0,62,0,0,0,0,0,0,0,0,0,0,0,0,0,0,0,0,0,0,0,0,0,0,0,0,0,0,0,0,0,0,0,0,0,0,0,0,0,0,0,0,0,0,0,0,0,0,0,0,0,18,0,0,0,0,0,14,0,0,0,0,0,0,0,0,0,49,0,0,0,0,0,0,0,0,0,0,0,4,44,3,0,0,0,10,0,0,0,99,9,0,0,0,0,0,0,0,0,0,0,0,0,0,0,0,0,0,0,0,0,0,0,0,281,195,0,5,0,0,2,0,49,0,0,0,0,0
0,402,0,66,0,308,0,92,0,31,0,145,335,132,2,140,0,5,165,171,46,101,0,38,0,10,529,0,0,0,4,15,0,0,40,33,4,64,0,0,254,16,204,215,56,232,126,73,18,31,134,214,0,0,0,0,1,0,0,0,0,0,0,46,0,47,0,0,0,0,0,0,0,0,0,0,0,0,0,0,0,0,0,0,0,0,0,0,0,0,0,0,0,0,0,0,0,0,0,0,0,5,0,0,0,0,0,0,0,0,0,0,0,0,0,0,0,0,0,0,0,16,0,0,0,0,0,0,0,0,0,0,0,0,0,93,0,0,0,0,0,30,0,0,0,22,0,15,0,39,0,0,0,0,0,0,0,0,0,0,0,0,0,0,5,68,0,25,0,42,0,0,0,17,0,0,0,177,0,4,0,0,0,0,0,26,102,48,0,0,0,0,0,0,0,0,0,0,0,0,0,0,0,0,0,0,0,0,0,0,0,0,0,0,20,0,0,0,0,466,348,7,0,0,1
60,0,243,0,48,0,0,0,0,0,24,0,0,0,2,8,36,0,11,0,82,0,10,0,21,0,10,0,0,0,94,0,5,1,82,0,46,0,9,0,0,0,14,0,0,0,0,0,0,0,11,0,0,0,0,0,0,0,0,0,1,0,18,0,0,0,0,0,0,0,8,0,2,0,3,0,0,0,0,0,0,0,0,0,76,0,0,0,0,0,0,0,0,0,0,0,0,0,45,0,0,0,1,0,0,0,0,0,0,0,0,0,0,0,0,0,0,0,0,0,23,0,23,0,0,0,0,0,8,0,0,0,0,0,0,0,18,0,33,0,26,0,64,0,12,0,0,0,0,0,0,0,0,0,13,0,0,0,11,0,0,0,0,0,0,0,0,0,0,0,0,0,0,0,0,0,0,4,0,0,0,0,24,0,0,0,0,0,0,0,0,0,0,0,0,0,0,0,0,0,0,0,0,0,0,0,0,0,0,0,1,77,3,0,0,0,0,0,0,0,0,0,0,0,0
0,86,0,143,0,45,0,70,0,0,0,24,0,0,0,44,0,92,0,0,0,63,0,61,0,21,0,0,0,0,0,18,0,26,0,64,0,18,0,28,0,0,0,0,0,1,0,0,0,0,0,3,0,5,0,13,0,0,0,0,0,1,0,89,0,0,0,0,0,0,0,0,0,0,0,0,0,0,0,0,0,16,0,0,0,53,0,0,0,0,0,2,0,0,0,0,0,0,0,11,0,1,0,0,0,0,0,0,0,0,0,0,0,0,0,0,0,0,0,0,0,3,0,0,0,0,0,0,0,15,0,0,0,0,0,105,0,205,0,91,0,21,0,89,0,4,0,0,0,0,0,0,0,0,0,5,0,0,0,0,0,0,0,0,0,0,0,0,0,0,0,0,0,0,0,0,0,11,0,0,0,0,0,0,0,0,0,0,0,0,0,0,0,0,0,0,0,0,0,0,0,0,0,0,0,0,0,0,0,4,2,0,0,0,2,0,0,0,0,56,3,0,0,0,0
0,0,29,3,198,82,0,0,0,0,66,43,0,12,123,92,59,1,18,38,112,15,31,15,20,0,6,4,94,0,0,0,12,0,47,0,28,2,16,0,0,0,19,0,0,0,0,0,0,0,17,0,0,0,0,0,0,0,0,0,0,0,11,0,0,0,0,0,0,0,6,0,0,0,7,0,0,0,0,0,19,0,0,0,37,0,0,0,0,0,11,0,0,0,0,0,27,0,76,0,0,0,0,0,0,0,19,0,0,0,0,0,0,0,0,0,0,0,0,0,11,0,8,0,0,0,0,0,0,0,0,0,0,0,0,0,0,0,0,0,0,0,0,0,7,0,0,0,0,0,0,0,0,0,3,0,0,0,0,0,0,0,0,0,24,0,101,0,0,0,3,0,24,0,0,0,0,5,34,0,0,0,6,0,4,0,4,0,0,0,0,0,0,0,0,0,0,0,0,0,0,0,0,0,0,0,0,0,0,0,129,284,103,0,15,0,0,0,0,0,0,0,0,0,0
0,0,0,8,0,90,0,0,0,0,0,0,0,13,11,53,0,8,0,12,0,33,0,6,0,5,0,15,0,18,0,0,0,10,0,10,0,7,0,3,0,0,0,0,0,0,0,0,0,0,0,13,0,2,0,5,0,0,0,0,0,0,0,52,0,0,0,0,0,0,0,0,0,0,0,0,0,0,0,0,0,0,0,0,0,19,0,0,0,0,0,0,0,0,0,0,0,0,0,0,0,0,0,1,0,0,0,0,0,0,0,0,0,0,0,0,0,0,0,0,0,0,0,0,0,0,0,0,0,0,0,0,0,0,0,0,0,48,0,36,0,32,0,0,0,21,0,0,0,0,0,0,0,0,0,9,0,7,0,0,0,0,0,0,0,6,0,27,0,10,0,0,0,4,0,0,0,5,0,0,0,0,0,0,0,0,0,0,0,0,0,0,0,0,0,0,0,0,0,0,0,0,0,0,0,0,0,0,0,0,0,0,0,0,0,0,0,0,38,67,51,0,0,0,0
0,0,137,0,234,62,1,0,0,0,137,34,0,0,71,89,52,0,3,11,65,9,6,15,4,0,1,0,5,0,12,0,0,15,40,0,152,6,2,0,0,0,8,0,1,0,0,0,2,0,0,0,0,0,0,0,0,0,0,0,1,0,12,0,0,0,0,0,0,0,0,0,0,0,0,0,0,0,0,0,12,0,0,0,25,0,0,0,0,0,0,0,0,0,0,0,0,0,42,0,0,0,0,0,0,0,17,0,0,0,0,0,0,0,0,0,0,0,0,0,0,0,6,0,0,0,0,0,0,0,0,0,0,0,0,0,0,0,0,0,4,0,0,0,0,0,0,0,0,0,0,0,0,0,0,0,3,0,0,0,0,0,0,0,7,0,60,0,18,0,0,0,33,0,0,0,42,9,20,0,0,0,16,0,0,0,0,0,0,0,0,0,0,0,0,0,0,0,0,0,3,0,0,0,0,0,0,0,1,0,89,347,102,7,32,0,0,0,0,0,0,0,0,0,0
0,185,0,347,0,389,0,24,0,0,0,154,0,4,89,158,0,59,0,10,14,63,23,32,0,8,0,0,1,26,0,10,15,0,0,95,0,99,0,0,0,0,0,16,0,15,0,0,0,0,0,15,0,0,0,0,0,0,0,0,0,11,0,25,0,0,0,0,0,0,0,0,0,0,0,0,0,0,0,0,0,0,0,0,0,24,0,2,0,0,0,0,0,0,0,0,0,0,0,0,0,0,0,0,0,0,0,0,0,0,0,0,0,0,0,0,0,0,0,0,0,0,0,0,0,0,0,0,0,0,0,0,0,0,0,32,0,33,0,21,0,0,0,18,0,16,0,0,0,0,0,0,0,0,0,0,0,13,0,0,0,0,0,0,0,0,0,32,0,2,0,0,0,6,0,0,5,87,2,37,0,0,0,0,0,0,0,0,0,0,0,0,0,0,0,0,0,0,0,0,0,0,0,0,0,0,0,0,0,0,0,5,0,0,0,0,0,0,37,350,32,0,0,0,0
10,0,7,0,87,0,0,0,0,0,18,0,173,35,28,16,0,0,126,64,36,5,0,0,0,0,37,40,82,0,47,0,40,0,0,0,69,0,8,0,0,0,12,0,0,0,0,0,0,0,30,0,0,0,1,0,0,0,0,0,0,0,6,0,0,0,0,0,0,0,0,0,0,0,0,0,0,0,0,0,0,0,0,0,0,0,0,0,0,0,0,0,0,0,0,0,0,0,0,0,0,0,0,0,0,0,0,0,0,0,0,0,0,0,0,0,0,0,0,0,0,0,0,0,0,0,0,0,0,0,0,0,0,0,0,0,0,0,0,0,0,0,0,0,0,0,0,0,0,0,0,0,0,0,0,0,0,0,0,0,0,0,0,0,15,0,27,0,14,0,1,0,0,0,0,0,5,8,67,0,0,0,0,0,0,0,94,0,0,0,0,0,0,0,0,0,0,0,0,0,0,0,0,0,0,0,0,0,0,0,76,264,88,0,16,0,0,0,0,9,0,0,0,0,0
0,0,2,0,0,91,0,8,0,0,0,16,9,156,9,6,0,7,9,165,0,19,0,5,0,0,0,33,0,64,0,10,0,95,0,0,0,86,0,18,0,0,0,20,0,4,0,0,0,0,0,67,0,0,0,0,0,0,0,0,0,1,0,14,0,0,0,0,0,0,0,0,0,0,0,0,0,1,0,0,0,5,0,0,0,19,0,1,0,0,0,0,0,0,0,0,0,0,0,5,0,0,0,0,0,0,0,0,0,0,0,0,0,0,0,0,0,0,0,0,0,0,0,0,0,0,0,0,0,0,0,0,0,0,0,0,0,50,0,23,0,14,0,57,0,19,0,0,0,0,0,0,0,0,0,4,0,0,0,0,0,0,0,0,0,46,0,43,0,23,0,0,0,8,0,0,0,16,0,2,0,0,0,0,0,0,0,7,0,0,0,0,0,0,0,0,0,0,0,0,0,0,0,0,0,0,0,0,0,0,0,1,0,0,14,0,0,0,65,68,66,0,1,0,0
22,9,65,7,255,43,3,0,0,0,115,24,55,0,65,35,0,0,85,25,58,0,6,0,5,0,23,4,46,0,28,0,152,0,69,0,0,0,50,0,0,0,19,0,22,0,0,0,0,0,29,0,13,0,6,0,1,0,0,0,11,0,23,0,0,0,0,0,0,0,70,0,12,0,40,0,0,0,0,0,102,0,0,0,149,0,50,0,0,0,22,0,0,0,0,0,26,0,257,0,0,0,0,0,0,0,33,0,0,0,0,0,0,0,0,0,0,0,0,0,132,0,34,0,0,0,0,0,0,0,0,0,0,0,0,0,30,0,85,0,84,0,92,0,112,0,0,0,0,0,0,0,0,0,41,0,9,0,58,0,5,0,0,0,19,0,35,0,32,0,5,0,35,0,0,0,19,15,39,0,0,0,30,0,0,0,19,0,0,0,0,0,0,0,0,0,0,0,0,0,0,0,0,0,0,0,0,0,0,0,77,186,152,9,33,0,0,0,0,0,0,0,0,0,0
8,354,0,52,0,291,0,0,0,0,0,114,0,40,53,45,0,21,0,96,10,33,14,6,0,10,0,64,0,18,2,7,6,99,0,86,0,0,0,32,0,0,0,68,0,12,0,0,0,2,0,66,0,0,0,0,0,0,0,0,0,8,0,66,0,0,0,0,0,0,0,0,0,0,0,0,0,0,0,0,0,12,0,0,0,33,0,1,0,0,0,0,0,0,0,0,0,0,0,0,0,0,0,0,0,0,0,0,0,0,0,0,0,0,0,0,0,0,0,0,0,5,0,0,0,0,0,0,0,0,0,3,0,0,0,0,0,145,0,135,0,82,0,165,0,91,0,0,0,0,0,0,0,0,0,9,0,37,0,10,0,0,0,0,0,20,0,30,0,11,0,0,2,44,0,0,0,100,3,68,0,0,1,20,0,0,0,0,0,0,0,0,0,0,0,0,0,0,0,0,0,0,0,0,0,0,0,0,0,0,0,0,0,0,11,0,0,0,24,267,54,10,0,1,0
336,0,520,0,61,0,28,0,9,0,38,6,0,0,2,0,109,0,0,0,4,0,25,10,28,19,0,0,9,0,16,0,2,0,8,0,50,0,0,0,0,0,2,0,0,0,0,0,0,0,0,0,8,0,0,0,0,0,0,0,7,0,34,0,0,0,0,0,0,0,9,0,0,0,5,0,0,0,0,0,7,0,0,0,0,0,3,0,0,0,0,0,0,0,0,0,0,0,0,0,0,0,0,0,0,0,0,0,0,0,0,0,0,0,0,0,0,0,0,0,12,0,0,0,0,0,0,0,0,0,0,0,0,0,0,0,20,0,46,0,24,0,38,0,22,0,0,0,0,0,0,0,2,0,25,0,18,0,22,0,2,0,1,0,0,0,9,0,0,0,0,0,84,0,0,0,44,3,0,0,0,0,222,0,0,0,0,0,0,0,0,0,0,0,0,0,1,0,0,0,0,0,0,0,0,0,0,0,0,0,3,482,12,0,0,0,0,0,0,0,0,0,0,0,0
0,486,0,298,0,0,0,186,0,0,0,61,0,0,0,8,3,140,0,0,0,0,13,11,0,35,0,0,0,28,0,3,0,0,0,18,0,32,0,0,0,0,0,0,0,0,0,0,0,0,0,0,0,1,0,17,0,0,0,0,0,2,0,70,0,0,0,0,0,0,0,0,0,0,0,0,0,0,0,0,0,0,0,0,0,0,0,0,0,0,0,0,0,0,0,0,0,0,0,0,0,0,0,0,0,0,0,0,0,0,0,0,0,0,0,0,0,0,0,0,0,0,0,0,0,0,0,0,0,0,0,0,0,3,0,0,0,45,0,81,0,29,0,0,0,11,0,0,0,0,0,0,0,0,0,19,0,6,0,0,0,0,0,0,0,0,0,0,0,0,0,0,0,25,0,0,0,64,0,15,0,0,0,24,0,0,0,0,0,0,0,0,0,0,0,0,0,0,0,0,0,1,0,0,0,0,0,0,0,0,0,0,0,0,0,0,0,0,0,98,1,0,0,0,0
38,0,47,0,110,10,0,0,7,0,51,5,172,88,0,0,0,0,6,54,0,0,0,0,2,0,38,254,0,0,0,0,0,0,0,0,0,0,0,0,0,104,57,55,52,137,192,142,87,55,17,0,0,0,0,0,0,0,0,0,0,0,0,0,0,0,0,0,0,0,0,0,0,0,0,0,0,0,0,0,0,0,0,0,0,0,0,0,0,0,0,0,0,0,0,0,0,0,0,0,0,0,0,0,0,0,0,0,0,0,0,0,0,0,0,0,0,0,0,0,0,0,0,0,0,0,1,0,0,0,0,0,0,0,0,0,0,0,0,0,0,0,0,0,0,0,0,0,8,0,0,0,7,0,0,0,0,0,0,0,0,0,0,0,0,0,0,0,0,0,0,0,0,0,0,0,26,83,37,0,0,0,0,0,23,0,115,3,0,0,0,0,0,0,0,0,0,0,0,0,0,0,0,0,0,0,0,0,0,0,0,108,31,0,2,0,0,3,0,42,0,0,0,0,0
0,53,0,0,0,24,0,3,0,0,0,68,23,171,0,0,0,0,0,0,0,0,0,0,0,0,94,16,0,0,0,0,0,0,0,0,0,0,0,0,104,0,33,44,47,36,83,76,13,137,14,11,0,0,0,0,0,0,0,0,0,0,0,0,0,3,0,0,0,0,0,0,0,0,0,0,0,0,0,0,0,0,0,2,0,0,0,0,0,0,0,0,0,0,0,0,0,0,0,0,0,0,0,0,0,0,0,0,0,0,0,0,0,0,0,0,0,0,0,0,0,0,0,0,0,0,0,0,0,0,0,0,0,0,0,0,0,0,0,0,0,0,0,0,0,0,0,0,0,0,0,0,0,0,0,0,0,0,0,0,0,0,0,0,0,10,0,0,0,0,0,0,0,0,0,0,0,140,0,10,0,0,0,0,0,0,17,5,0,0,0,0,0,0,0,0,0,0,0,0,0,0,0,0,0,0,0,0,0,0,0,0,0,0,0,0,0,0,0,124,21,0,0,0,21
0,0,0,0,0,0,0,0,0,0,5,0,167,69,0,0,7,0,19,37,10,0,0,0,0,0,246,204,14,0,19,0,8,0,12,0,19,0,2,0,57,33,0,42,187,54,64,77,126,3,45,13,0,0,1,0,0,0,0,0,0,0,3,0,0,0,0,0,0,0,6,0,0,0,0,0,0,0,0,0,9,0,0,0,0,0,0,0,0,0,0,0,0,0,4,0,0,0,29,0,0,0,0,0,0,0,0,0,0,0,0,0,0,0,0,0,0,0,0,0,0,0,0,0,0,0,0,0,0,0,0,0,0,0,0,0,0,0,3,0,6,0,0,0,6,0,0,0,0,0,0,0,0,0,2,0,0,0,1,0,0,0,0,0,20,0,11,0,13,0,2,0,3,0,0,0,0,17,2,0,0,0,0,0,0,0,104,3,4,0,0,0,0,0,0,0,0,0,0,0,0,0,0,0,0,0,0,0,0,0,37,168,123,0,17,3,0,0,0,18,0,0,0,0,0
0,0,0,0,0,0,0,0,0,0,1,0,54,138,0,0,0,0,36,33,15,34,0,0,0,0,130,215,0,0,0,0,0,16,0,20,0,68,0,0,55,44,42,0,20,124,41,40,7,20,25,88,0,0,0,0,0,19,0,0,0,0,0,19,0,0,0,0,0,0,0,0,0,0,0,0,0,0,0,0,0,34,0,3,0,0,0,0,0,0,0,0,0,0,0,0,0,0,0,0,0,0,0,0,0,0,0,0,0,0,0,0,0,0,0,0,0,0,0,0,0,0,0,9,0,0,0,0,0,0,0,0,0,0,0,26,0,0,0,0,0,19,0,0,0,0,0,0,0,0,0,0,0,0,0,0,0,0,0,0,0,0,0,0,0,47,0,11,0,30,0,0,0,17,0,0,0,39,0,0,0,0,0,0,0,0,20,54,0,0,0,0,0,0,0,0,0,0,0,0,0,0,0,0,0,0,0,0,0,0,0,0,0,0,14,0,0,0,65,115,111,6,0,0,0
32,0,56,0,51,0,3,0,0,0,41,0,68,0,22,0,0,0,19,28,18,0,27,0,0,0,92,56,0,0,0,0,1,0,0,0,22,0,0,0,52,47,187,20,0,71,161,72,103,58,35,0,3,0,0,0,6,0,0,0,2,0,16,0,0,0,0,0,11,0,27,0,6,0,12,0,2,0,11,0,62,0,62,0,0,0,80,0,0,0,0,0,20,0,0,0,0,0,255,0,8,0,14,0,28,0,0,0,0,0,0,0,0,0,0,0,0,0,0,0,65,0,0,0,0,0,0,0,0,0,0,0,0,0,0,0,0,0,0,0,0,0,0,0,0,0,0,0,19,1,0,0,0,0,6,0,0,0,0,0,0,0,21,0,137,0,10,0,108,0,3,0,8,0,0,0,13,19,4,0,0,0,6,0,27,0,43,1,0,0,0,0,0,0,37,0,0,0,0,0,0,0,0,0,0,0,0,0,0,0,22,171,186,8,7,22,0,21,0,18,2,0,0,0,0
0,85,0,27,0,30,0,42,0,0,0,64,37,50,0,46,0,0,18,77,0,29,0,33,0,0,117,232,0,1,0,0,0,15,0,4,0,12,0,0,137,36,54,124,71,0,132,230,18,133,0,53,0,0,0,0,0,0,0,0,0,1,0,32,0,0,0,8,0,9,0,0,0,0,0,6,0,33,0,0,0,74,0,51,0,165,0,37,0,5,0,0,0,29,0,31,0,0,0,0,0,0,0,0,0,0,0,0,0,0,0,0,0,0,0,0,0,0,0,0,0,0,0,12,0,0,0,0,0,0,0,0,0,0,0,65,0,0,0,0,0,13,0,94,0,15,0,0,0,0,0,0,0,0,0,3,0,0,0,0,0,0,0,5,0,212,0,13,0,198,0,3,0,10,0,0,0,35,0,2,0,7,0,3,0,15,29,3,0,0,0,0,0,0,0,0,0,0,0,0,0,0,0,0,0,0,0,0,0,0,0,0,0,0,24,0,0,0,63,143,197,12,0,0,53
35,0,53,0,131,5,0,0,0,0,58,0,203,34,13,0,0,0,10,0,0,0,0,0,0,0,37,126,0,0,0,0,0,0,0,0,0,0,0,0,192,83,64,41,161,132,0,156,106,102,0,0,0,0,1,0,0,0,0,0,0,0,0,0,0,0,0,0,6,0,0,0,0,0,0,0,0,0,0,0,0,0,0,0,0,0,0,0,0,0,0,0,0,0,7,0,0,0,0,0,0,0,8,0,0,0,0,0,0,0,0,0,0,0,0,0,0,0,0,0,0,0,0,0,0,0,0,0,0,0,0,0,0,0,0,0,0,0,0,0,0,0,0,0,0,0,0,0,13,0,0,0,0,0,4,0,0,0,0,0,0,0,0,0,34,0,0,0,0,0,0,0,0,0,0,0,5,49,7,0,9,0,7,0,0,0,108,2,0,0,0,0,0,0,0,0,0,0,0,0,0,0,0,0,0,0,0,0,0,0,0,307,93,0,0,0,1,22,0,41,0,0,0,0,1
0,188,0,0,0,87,0,0,0,0,0,167,0,264,0,0,0,0,0,17,0,0,0,0,0,0,143,73,0,0,0,0,0,0,0,0,0,0,0,0,142,76,77,40,72,230,156,0,22,128,23,8,0,0,0,0,0,0,0,0,0,0,0,0,0,13,0,0,0,0,0,0,0,0,0,0,0,0,0,0,0,3,0,0,0,0,0,0,0,0,0,0,0,0,0,0,0,0,0,0,0,0,0,0,0,0,0,0,0,0,0,0,0,0,0,0,0,0,0,0,0,0,0,0,0,0,0,0,0,0,0,0,0,0,0,0,0,0,0,0,0,0,0,0,0,0,0,0,0,4,0,0,0,0,0,0,0,0,0,0,0,0,0,0,0,0,0,0,0,0,0,0,0,0,0,0,0,125,0,1,0,0,0,0,0,0,52,12,0,0,0,0,0,0,0,0,0,0,0,0,0,0,0,0,0,0,0,0,0,0,0,7,0,0,0,0,0,0,0,358,95,0,0,0,61
8,0,26,0,8,0,19,0,12,0,4,0,27,0,2,0,0,0,0,0,0,0,4,0,10,0,19,18,0,0,0,0,2,0,0,0,0,0,0,0,87,13,126,7,103,18,106,22,0,35,8,0,0,0,11,0,19,0,18,0,0,0,0,0,0,0,0,0,8,0,0,0,0,0,0,0,0,0,0,0,0,0,39,0,0,0,19,0,0,0,0,0,27,0,28,0,0,0,0,0,7,0,7,0,0,0,0,0,1,0,0,0,0,0,0,0,0,0,0,0,0,0,0,0,0,0,1,0,0,0,5,0,0,0,4,0,0,0,0,0,0,0,0,0,0,0,0,0,0,0,0,0,0,0,1,0,3,0,0,0,9,0,6,0,30,0,1,0,10,0,2,0,4,0,0,0,18,20,2,0,0,0,3,0,0,0,119,0,16,0,0,0,10,0,8,0,1,0,0,0,0,0,7,0,13,0,0,0,0,0,29,60,99,8,23,15,0,10,0,0,0,0,0,0,0
0,13,0,4,3,0,0,3,0,3,0,26,4,57,0,0,0,0,0,0,1,0,0,3,0,0,14,31,0,0,0,0,0,0,0,0,0,2,0,0,55,137,3,20,58,133,102,128,35,0,1,0,0,0,0,0,0,4,0,0,0,0,0,0,0,0,0,1,0,0,0,0,0,0,0,2,0,5,0,0,0,0,0,5,0,0,0,4,0,0,0,0,0,8,0,0,0,0,0,0,0,0,0,0,0,0,0,0,0,0,0,0,0,0,0,0,0,0,0,0,0,0,0,2,0,2,0,0,0,0,0,0,0,0,0,6,0,0,0,0,0,0,0,0,0,1,1,0,0,0,0,0,0,0,0,0,0,0,0,0,0,1,0,2,0,54,0,0,0,5,0,2,0,4,0,0,1,80,0,9,0,0,0,0,0,0,49,32,0,0,0,1,0,0,0,0,0,0,0,0,0,0,0,0,0,0,0,1,0,0,0,16,0,0,8,0,0,0,9,29,7,0,1,2,17
0,0,0,0,56,0,5,0,0,0,13,2,297,64,0,2,8,0,195,73,62,0,0,1,7,0,184,134,11,0,17,0,0,0,30,0,29,0,0,0,17,14,45,25,35,0,0,23,8,1,0,14,0,0,0,0,2,0,0,0,3,0,3,0,0,0,0,0,0,0,10,0,3,0,0,0,2,0,5,0,10,0,0,0,14,0,18,0,0,0,0,0,0,0,0,0,15,0,49,0,2,0,0,0,0,0,0,0,0,0,0,0,0,0,0,0,0,0,0,0,10,0,0,0,0,0,0,0,0,0,0,0,0,0,0,0,0,0,0,0,0,0,2,0,7,0,0,0,0,0,0,0,0,0,0,0,5,0,0,0,0,0,5,0,37,0,29,0,116,0,12,0,40,0,0,0,8,8,23,0,0,0,0,0,0,0,112,1,0,0,0,0,0,0,0,0,0,0,0,0,0,0,0,0,0,0,0,0,0,0,78,176,213,35,24,0,0,1,0,15,0,0,0,0,0
0,0,0,0,7,124,0,0,0,0,0,11,0,380,0,0,0,0,22,219,0,30,0,0,0,0,61,214,0,3,0,13,0,15,0,67,0,66,0,0,0,11,13,88,0,53,0,8,0,0,14,0,0,0,0,4,0,33,0,0,0,1,0,17,0,0,0,0,0,0,0,0,0,0,0,0,0,5,0,0,0,0,0,0,0,66,0,0,0,0,0,0,0,0,0,0,0,0,0,0,0,0,0,0,0,0,0,0,0,0,0,0,0,0,0,0,0,0,0,0,0,24,0,10,0,0,0,0,0,0,0,0,0,0,0,0,0,0,0,0,0,26,0,130,0,28,0,0,0,0,0,0,0,0,0,0,0,0,0,0,0,0,0,2,0,74,0,35,0,62,0,8,0,37,0,0,0,55,0,3,0,0,0,0,0,0,6,99,0,0,0,0,0,0,0,0,0,0,0,0,0,0,0,0,0,0,0,0,0,0,0,4,0,0,17,0,0,0,95,62,157,10,0,0,0
34,0,0,0,6,0,209,0,405,26,0,0,0,0,7,0,91,0,0,0,0,0,8,0,134,0,0,0,0,0,0,0,0,0,0,0,13,0,8,0,0,0,0,0,3,0,0,0,0,0,0,0,0,5,376,3,80,2,104,8,45,0,109,1,0,0,0,15,0,0,0,0,0,0,0,0,0,0,0,0,0,0,0,0,10,0,0,0,0,0,0,0,0,0,0,0,17,0,0,0,0,0,0,0,0,0,12,0,0,0,0,0,0,0,0,0,0,0,0,0,0,0,1,0,0,0,10,0,119,0,25,0,14,0,12,0,90,1,37,0,5,0,86,0,2,0,0,0,0,0,3,0,0,0,160,0,54,0,51,0,25,0,21,0,0,0,0,0,5,0,34,0,6,0,0,0,26,0,4,0,0,0,18,0,0,0,0,0,0,0,0,0,0,0,0,0,0,0,0,0,16,0,0,0,0,0,0,0,13,0,19,241,114,79,40,0,22,0,0,0,0,0,0,0,0
0,16,0,1,0,10,33,50,92,175,0,2,0,0,0,8,0,0,0,0,0,0,0,0,17,19,0,0,0,5,0,2,0,0,0,0,0,0,0,1,0,0,0,0,0,0,0,0,0,0,0,0,5,0,69,141,1,120,11,8,0,18,0,15,0,0,4,11,0,0,0,0,0,0,0,0,0,0,0,0,0,0,0,0,0,0,0,0,0,0,0,0,0,0,0,0,0,0,0,0,0,1,0,0,0,0,0,0,0,0,0,0,0,0,0,0,0,0,0,0,0,0,0,0,0,9,0,2,0,45,1,17,0,20,0,47,0,109,0,202,0,33,0,12,0,21,0,0,0,0,0,0,0,0,0,168,0,93,0,108,0,33,0,1,0,0,0,0,0,6,0,16,0,11,0,0,7,18,0,0,0,0,0,58,0,0,0,0,0,0,0,0,0,0,0,0,0,0,0,0,0,0,0,0,0,0,0,0,0,0,0,0,0,0,77,0,0,0,35,431,87,111,0,39,0
2,11,179,0,0,0,306,50,198,273,3,0,0,0,0,0,58,0,0,0,7,0,114,0,294,32,0,0,0,0,0,0,0,0,1,0,6,0,0,0,0,0,1,0,0,0,1,0,11,0,0,0,376,69,0,95,42,15,40,29,25,7,91,39,32,2,18,139,0,0,0,0,0,0,0,0,0,0,0,0,0,0,0,0,0,0,0,0,0,0,4,0,0,0,0,0,16,0,0,0,0,0,0,0,13,0,0,0,0,0,0,0,0,0,0,0,0,0,0,0,0,0,0,0,9,0,15,0,68,0,71,0,33,0,35,0,120,0,15,0,7,0,71,0,0,0,0,0,11,0,6,0,0,0,85,1,27,0,19,0,50,0,10,0,13,0,3,0,12,0,27,0,15,0,0,0,5,0,1,0,0,0,15,0,0,0,0,0,0,0,0,0,0,0,0,0,0,0,0,0,46,0,0,0,0,0,0,0,51,0,247,293,195,260,325,38,110,2,0,0,0,0,0,0,0
0,18,0,131,0,27,73,329,227,126,0,0,0,0,0,197,0,53,0,185,0,48,1,70,42,102,0,0,0,13,0,5,0,0,0,0,0,0,0,17,0,0,0,0,0,0,0,0,0,0,0,4,3,141,95,0,3,96,29,37,0,0,0,78,0,1,6,13,0,0,0,0,0,2,0,0,0,0,0,0,0,0,0,0,0,0,0,0,0,0,0,0,0,2,0,0,0,0,0,0,0,0,0,0,0,0,0,0,0,0,0,0,0,0,0,0,0,1,0,0,0,0,0,0,0,43,0,0,0,17,0,46,0,25,0,94,0,47,0,14,0,8,0,0,0,1,0,0,0,8,0,7,0,0,0,49,0,5,0,14,0,20,0,5,0,7,0,0,0,28,0,71,0,39,0,0,4,9,0,0,0,0,0,30,2,0,0,0,0,0,0,0,0,0,0,0,0,0,0,0,0,15,0,0,0,0,0,0,0,28,0,0,0,0,255,0,0,0,224,225,251,305,12,127,1
0,0,0,0,0,0,8,0,22,4,0,0,0,0,0,0,0,0,0,0,0,0,0,0,24,0,0,1,0,0,0,0,0,0,0,0,1,0,0,0,0,0,0,0,6,0,0,0,19,0,2,0,80,1,42,3,0,0,96,12,0,0,4,0,16,30,14,49,0,0,0,0,0,0,0,0,2,0,0,0,0,1,0,0,0,0,2,0,0,0,0,0,0,0,0,0,0,0,0,0,0,0,0,0,0,0,0,0,0,0,0,0,0,0,0,0,0,0,0,0,0,0,0,0,0,0,7,0,22,0,23,0,1,0,0,0,5,0,12,7,0,1,0,0,9,12,0,0,3,0,1,0,0,0,177,0,17,0,29,4,11,29,70,0,22,0,0,0,13,0,42,0,16,0,0,0,0,0,0,0,15,10,0,0,11,12,0,0,0,0,0,0,0,0,0,0,2,0,0,0,0,0,0,0,0,0,0,0,0,0,536,183,467,411,894,33,135,0,1,0,0,0,0,0,0
0,5,0,67,0,0,9,37,36,33,0,0,0,0,0,105,0,122,0,147,0,76,0,52,0,57,0,0,0,0,0,0,0,0,0,0,0,0,0,0,0,0,0,19,0,0,0,0,0,4,0,33,2,120,15,96,0,0,15,96,0,0,0,30,0,29,17,68,0,6,0,0,0,0,0,0,0,0,0,0,0,0,0,0,0,0,0,0,0,0,0,0,0,4,0,2,0,0,0,0,0,0,0,0,0,0,0,0,0,0,0,0,0,0,0,0,0,0,0,0,0,0,0,0,0,28,1,8,0,26,0,33,0,12,0,14,0,0,0,27,0,0,0,3,0,4,0,4,1,0,0,0,2,0,0,143,0,0,0,94,5,32,0,57,0,16,0,0,0,117,0,357,0,44,0,0,0,0,0,0,1,0,0,1,0,5,0,0,0,0,0,2,0,0,0,0,0,0,0,0,0,4,0,0,0,0,0,0,0,9,0,0,0,0,548,0,0,0,303,145,641,403,22,84,0
0,0,22,0,0,0,35,0,139,35,2,0,0,0,0,0,0,0,0,0,0,0,0,0,28,0,0,0,0,0,0,0,0,0,0,0,0,0,0,0,0,0,0,0,0,0,0,0,18,0,0,0,104,11,40,29,96,15,0,168,8,0,0,0,293,92,89,377,0,0,0,0,0,0,0,0,0,0,0,0,0,1,0,0,0,1,0,0,0,0,0,0,0,0,0,0,0,0,0,0,0,0,0,0,0,0,0,0,0,0,0,0,0,0,0,0,0,0,0,0,0,0,0,0,11,0,7,0,0,0,24,4,2,0,0,0,0,0,0,8,0,0,0,0,4,10,2,0,18,3,0,0,0,0,62,3,72,0,0,18,26,39,0,0,0,0,6,0,0,0,20,0,11,0,0,0,15,0,0,0,14,11,0,0,116,11,0,0,0,0,0,0,0,0,0,0,0,0,0,0,0,0,0,0,0,0,0,0,1,0,785,299,211,382,1148,70,161,2,0,0,0,0,0,0,0
0,18,0,0,0,0,18,31,116,42,0,0,0,0,0,18,1,0,0,55,0,0,0,11,0,0,0,0,0,0,0,0,0,0,0,0,0,0,0,0,0,0,0,0,0,0,0,0,0,0,0,0,8,8,29,37,12,96,168,0,0,0,0,2,10,179,104,242,0,2,0,0,0,0,0,0,0,3,0,0,0,0,0,0,0,0,0,0,0,0,0,0,0,6,0,4,0,0,0,0,0,0,0,0,0,0,0,0,0,0,0,0,0,0,0,0,0,0,0,0,0,0,0,0,0,9,0,2,0,0,0,10,0,1,0,5,0,0,0,0,0,1,0,0,0,4,0,0,0,0,0,0,0,0,0,1,0,9,0,15,0,9,0,25,0,8,0,5,0,77,0,89,0,0,0,0,0,0,0,1,3,16,0,0,19,10,0,0,0,0,0,0,0,0,0,0,0,0,0,0,0,0,0,0,0,0,0,0,0,0,0,0,0,0,1679,0,0,0,902,266,715,837,47,154,0
166,0,39,0,0,0,220,0,254,0,3,0,0,0,2,0,0,0,1,0,0,0,0,0,72,0,0,0,1,0,0,0,1,0,0,0,11,0,7,0,0,0,0,0,2,0,0,0,0,0,3,0,45,0,25,0,0,0,8,0,0,0,37,0,0,0,0,0,0,0,7,0,0,0,0,0,0,0,0,0,2,0,0,0,0,0,0,0,0,0,0,0,0,0,0,0,0,0,0,0,0,0,0,0,0,0,0,0,0,0,0,0,0,0,0,0,0,0,0,0,0,0,6,0,0,0,0,0,0,0,0,0,0,0,0,0,0,0,135,0,54,0,21,0,61,0,0,0,0,0,0,0,0,0,68,0,117,0,64,0,1,0,0,0,0,0,1,0,7,0,100,0,65,0,0,0,61,0,0,0,0,0,36,0,3,0,0,0,0,0,0,0,0,0,0,0,0,0,0,0,0,0,0,0,0,0,0,0,0,0,3,248,23,14,3,0,8,0,0,0,0,0,0,0,0
0,151,24,0,0,0,0,101,0,106,0,0,0,0,0,0,2,0,0,0,0,4,3,0,0,9,0,0,0,1,0,0,0,11,0,1,0,8,0,2,0,0,0,0,0,1,0,0,0,0,0,1,0,18,7,0,0,0,0,0,0,0,0,16,0,0,0,0,0,0,0,0,0,0,0,0,0,0,0,0,0,0,0,0,0,0,0,0,0,0,0,0,0,0,0,0,0,0,0,0,0,0,0,0,0,0,0,0,0,0,0,0,0,0,0,0,0,0,0,0,0,0,0,0,0,0,0,0,0,0,0,0,0,0,0,0,0,0,0,75,0,53,0,14,0,108,0,0,0,0,0,0,0,0,0,22,0,56,0,57,0,1,0,0,0,5,0,0,0,8,0,78,0,49,0,0,0,56,0,0,0,0,0,60,0,0,0,0,0,0,0,0,0,0,0,0,0,0,0,0,0,0,0,0,0,0,0,0,0,0,1,0,0,0,39,0,0,0,12,416,96,0,0,55,0
202,0,139,0,0,0,214,22,227,12,0,0,0,0,0,0,41,0,23,0,55,0,22,0,334,18,10,0,18,0,11,0,12,0,6,0,23,0,34,0,0,0,3,0,16,0,0,0,0,0,3,0,109,0,91,0,4,0,0,0,37,0,0,0,0,0,1,0,0,0,5,0,0,0,8,0,0,0,0,0,0,0,0,0,51,0,0,0,0,0,0,0,0,0,0,0,0,0,0,0,0,0,0,0,0,0,0,0,0,0,0,0,0,0,0,0,0,0,0,0,0,0,25,0,0,0,0,0,29,0,0,0,0,0,0,0,71,0,94,0,42,0,125,0,10,0,0,0,0,0,0,0,0,0,73,0,17,0,22,0,7,0,0,0,0,0,0,0,2,0,8,0,23,0,0,0,69,0,0,0,0,0,37,0,0,0,0,0,0,0,0,0,0,0,0,0,0,0,0,0,0,0,0,0,0,0,0,0,0,0,12,285,10,13,17,0,5,0,0,0,0,0,0,0,0
70,148,26,9,0,0,60,260,0,298,0,0,0,0,0,28,0,149,0,64,0,219,0,64,90,173,0,46,0,89,0,52,0,25,0,14,0,66,0,70,0,0,0,19,0,32,0,0,0,0,0,17,1,15,39,78,0,30,0,2,0,16,0,0,0,0,0,4,0,0,0,0,0,0,0,0,0,0,0,0,0,3,0,0,0,0,0,0,0,0,0,0,0,0,0,0,0,0,0,0,0,0,0,0,0,0,0,0,0,0,0,0,0,0,0,0,0,0,0,0,0,0,0,0,0,0,0,0,0,25,0,0,0,0,0,37,0,118,0,166,0,60,0,13,0,49,0,0,0,0,0,0,0,0,0,65,0,17,0,54,0,11,0,0,0,0,0,0,1,0,0,5,0,11,0,0,16,106,0,0,0,0,2,167,0,0,0,0,0,0,0,0,0,0,0,0,0,0,0,0,0,0,0,0,0,0,0,0,0,0,4,0,0,0,32,0,0,0,6,706,30,29,0,33,0
30,0,62,0,14,0,28,0,163,0,6,0,13,0,6,0,0,0,7,0,1,0,0,0,0,0,14,0,0,0,0,0,0,0,0,0,0,0,0,0,0,0,0,0,0,0,0,0,0,0,0,0,0,0,32,0,16,0,293,10,0,0,0,0,0,48,181,20,0,0,0,0,2,0,0,0,0,0,0,0,0,4,0,0,0,0,0,1,0,0,0,0,0,0,0,0,0,0,0,0,0,0,1,0,0,0,0,0,0,0,0,0,0,0,0,0,0,0,0,0,0,4,0,0,0,0,4,0,0,0,22,0,0,0,0,0,0,0,6,24,2,3,0,0,6,30,14,0,58,30,30,0,0,0,0,0,0,0,0,0,195,103,0,0,0,0,0,0,0,0,1,0,0,0,14,0,3,0,0,0,86,41,2,0,228,35,0,0,0,0,0,0,0,0,0,0,0,0,0,0,0,0,0,0,0,0,2,0,1,0,50,0,0,0,44,0,0,0,0,0,0,0,0,0,0
0,25,0,0,0,0,0,2,0,80,0,4,0,0,0,15,0,0,0,37,0,0,0,0,0,0,0,47,0,0,0,0,0,0,0,0,0,0,0,0,0,3,0,0,0,0,0,13,0,0,0,0,0,0,2,1,30,29,92,179,0,0,0,0,48,0,54,501,0,0,0,0,0,2,0,0,0,0,0,0,2,3,0,0,0,5,0,1,0,0,0,0,0,0,0,1,0,0,0,2,0,0,0,0,0,9,0,0,0,0,0,0,0,0,0,0,0,0,0,0,0,4,0,1,0,20,0,23,9,0,26,51,0,1,0,54,0,9,23,6,12,0,1,1,16,15,0,53,31,86,0,62,0,4,11,5,0,0,14,8,92,278,0,0,0,0,0,0,0,0,0,0,0,0,0,12,0,0,0,0,23,132,0,4,37,30,0,0,0,0,0,0,0,0,0,0,0,0,0,0,0,13,0,0,0,0,0,14,0,31,1,0,0,0,51,0,0,0,61,7,0,0,0,4,0
3,0,11,0,2,0,25,0,210,8,0,0,0,0,0,0,0,0,0,0,0,0,0,0,0,0,0,0,0,0,0,0,0,0,0,0,0,0,0,0,0,0,0,0,0,0,0,0,0,0,0,0,0,4,18,6,14,17,89,104,0,0,1,0,181,54,0,140,0,0,1,0,0,0,0,0,0,0,0,0,0,0,0,0,0,0,0,0,0,0,0,0,0,0,0,0,0,0,0,3,0,0,0,0,0,0,0,0,0,0,0,0,0,0,0,0,0,0,0,0,0,0,0,0,0,0,0,0,0,0,2,4,0,0,0,0,0,0,0,2,0,0,0,0,3,11,0,0,1,0,1,0,0,0,1,3,5,0,0,7,43,34,0,0,0,0,0,0,0,0,0,0,0,0,1,0,31,0,0,0,36,11,0,0,316,9,0,0,0,0,0,0,0,0,0,0,0,0,0,0,0,0,0,0,0,0,0,0,0,0,85,23,9,0,63,0,0,0,3,0,0,0,0,1,0
0,8,0,2,0,0,61,0,320,102,0,0,0,0,0,5,0,0,0,0,0,0,0,0,2,0,0,0,0,0,0,0,0,0,0,0,0,0,0,0,0,0,0,0,0,8,0,0,0,1,0,0,15,11,139,13,49,68,377,242,0,0,0,4,20,501,140,0,0,0,0,0,0,0,0,0,0,0,0,0,0,0,0,0,0,1,0,0,0,0,0,0,0,0,0,0,0,0,0,0,0,0,0,0,0,0,0,0,0,0,0,0,0,0,0,0,0,0,0,0,0,0,0,0,0,5,0,1,0,0,0,9,0,0,0,4,0,1,0,2,0,0,1,0,4,11,0,12,0,81,0,26,0,6,9,17,0,5,4,18,15,35,0,0,0,0,0,0,0,0,0,0,0,0,0,2,29,3,0,0,7,58,0,2,88,138,0,0,0,0,0,0,0,5,0,0,0,0,0,0,0,2,0,0,0,0,0,7,0,4,0,0,0,0,475,0,0,0,401,152,120,0,6,30,1
0,0,2,0,0,0,3,0,0,0,0,0,0,0,0,0,0,0,0,0,0,0,0,0,1,0,1,0,0,0,0,0,0,0,0,0,0,0,0,0,0,0,0,0,11,0,6,0,8,0,0,0,0,0,0,0,0,0,0,0,0,0,0,0,0,0,0,0,0,0,2,0,6,0,0,0,28,0,24,0,0,0,33,0,0,0,13,0,9,0,0,0,14,0,8,0,0,0,0,0,4,0,138,0,0,0,9,0,61,0,5,0,7,0,0,0,0,0,0,0,0,0,0,0,0,0,0,0,0,0,1,0,0,0,0,0,0,0,0,0,0,0,3,0,0,0,0,0,0,0,0,0,0,0,0,0,0,0,0,0,0,0,4,0,16,0,0,0,129,0,3,0,0,0,0,0,0,0,0,0,0,0,0,0,0,0,0,0,0,0,0,0,24,0,10,0,0,0,12,0,0,0,21,0,0,0,0,0,0,0,34,8,70,0,16,62,53,0,0,0,0,0,0,0,0
0,0,0,0,0,0,0,0,0,0,0,0,0,0,0,0,0,1,0,0,0,0,0,0,0,0,0,0,0,0,0,0,0,0,0,0,0,0,0,0,0,0,0,0,0,9,0,0,0,0,0,0,0,0,0,0,0,6,0,2,0,0,0,0,0,0,0,0,0,0,0,0,0,0,0,0,0,40,0,0,0,0,0,19,0,0,0,6,0,31,0,0,0,33,0,20,0,0,0,0,0,15,0,149,0,0,0,0,0,36,0,6,0,0,0,1,0,0,0,0,0,0,0,0,0,2,0,0,0,0,0,0,0,0,0,0,0,0,0,0,0,0,0,0,0,0,0,0,0,0,0,0,0,0,0,0,0,2,0,0,0,0,0,1,0,23,0,0,0,44,0,3,0,0,0,0,0,0,0,0,0,0,0,0,0,0,0,0,0,0,0,0,0,0,0,13,0,0,0,0,0,0,0,7,0,10,0,2,0,2,0,0,0,0,3,0,0,0,80,9,88,1,67,16,2
0,0,0,0,0,0,0,0,0,0,4,0,0,0,0,0,12,0,15,0,26,0,0,0,0,0,0,0,8,0,6,0,0,0,0,0,70,0,9,0,0,0,6,0,27,0,0,0,0,0,10,0,0,0,0,0,0,0,0,0,7,0,5,0,0,0,1,0,2,0,0,0,220,0,219,0,11,0,187,0,0,0,4,0,11,0,23,0,0,0,0,0,0,0,0,0,0,0,0,3,0,0,0,0,0,0,0,0,0,0,0,0,0,0,0,0,0,0,0,0,34,0,6,0,7,0,0,0,15,0,7,0,0,0,0,0,11,0,3,0,19,0,16,0,44,0,0,0,16,0,6,0,15,0,0,0,4,0,0,0,8,0,43,0,1,0,15,0,0,0,17,0,47,0,17,0,0,0,0,0,0,0,0,0,0,5,0,0,0,0,0,0,0,0,0,0,0,0,0,0,3,0,0,0,0,0,0,0,0,0,9,1,12,0,0,0,2,0,0,0,0,0,0,0,0
0,0,0,0,0,0,0,0,0,0,0,0,0,0,0,0,0,0,0,0,0,0,0,0,0,0,0,0,0,0,0,0,0,0,0,0,0,0,0,0,0,0,0,0,0,0,0,0,0,0,0,0,0,0,0,0,0,0,0,0,0,0,0,0,0,0,0,0,0,0,0,0,0,152,0,305,0,11,0,15,0,0,0,0,0,0,0,72,0,0,2,0,0,0,0,2,0,0,0,0,0,0,0,0,0,0,0,0,0,0,0,0,0,0,0,0,0,0,0,0,0,8,0,8,0,0,0,0,0,0,0,0,0,0,0,20,0,65,0,0,0,31,0,15,0,116,0,0,0,0,0,0,0,0,0,0,0,0,0,0,0,0,0,20,0,1,0,0,0,5,0,0,0,8,0,0,0,0,0,0,0,11,0,0,0,0,0,0,0,0,0,0,0,0,0,0,0,0,0,0,0,2,0,0,0,0,0,0,0,0,0,0,0,0,3,0,0,0,34,0,4,0,0,0,0
0,0,0,0,0,0,0,0,0,0,0,0,0,0,0,0,0,0,0,0,0,0,0,0,0,0,0,0,2,0,0,0,0,0,0,0,12,0,0,0,0,0,0,0,6,0,0,0,0,0,3,0,0,0,0,0,0,0,0,0,0,0,0,0,2,0,0,0,6,0,220,0,0,0,114,0,85,0,293,0,0,0,36,0,0,0,14,0,0,0,0,0,6,0,0,0,14,0,0,0,1,0,0,0,0,0,0,0,0,0,0,0,0,0,2,0,0,0,0,0,74,0,34,0,34,0,0,0,0,0,32,0,31,0,78,0,50,0,0,0,41,0,93,0,31,0,13,0,9,0,12,0,2,0,0,0,0,0,0,0,0,0,49,0,0,0,3,0,9,0,14,0,21,0,3,0,0,0,0,0,6,0,0,0,3,0,0,0,0,0,0,0,18,0,0,0,0,0,0,0,64,0,0,0,0,0,0,0,0,0,164,0,15,0,4,0,3,0,0,0,0,0,0,0,0
0,0,0,0,0,0,0,0,0,0,0,0,0,0,0,0,0,0,0,0,0,0,0,0,0,0,0,0,0,0,0,0,0,0,0,0,0,0,0,0,0,0,0,0,0,0,0,0,0,0,0,0,0,0,0,2,0,0,0,0,0,0,0,0,0,2,0,0,0,0,0,152,0,0,0,341,0,122,0,87,0,7,0,32,0,24,0,161,0,0,0,0,0,0,0,3,0,0,0,2,0,0,0,6,0,0,0,0,0,0,0,0,0,0,0,0,0,0,0,1,0,85,0,9,0,51,0,79,0,7,0,0,0,43,0,145,0,169,0,0,0,30,0,39,0,75,0,23,0,0,0,41,7,13,0,0,0,0,0,0,0,0,0,25,0,0,0,1,0,8,0,0,0,1,0,0,0,0,0,0,11,0,0,0,0,0,0,1,0,90,0,0,0,0,0,19,0,0,0,0,0,100,0,115,0,92,0,0,6,84,0,0,0,0,10,0,0,0,111,3,8,2,0,0,0
0,0,0,0,0,0,0,0,0,0,0,0,0,0,0,0,13,0,16,0,20,0,0,0,0,0,0,0,3,0,7,0,0,0,0,0,40,0,5,0,0,0,0,0,12,0,0,0,0,0,0,0,0,0,0,0,0,0,0,0,0,0,8,0,0,0,0,0,0,0,219,0,114,0,0,0,0,0,132,0,4,1,8,0,51,0,13,0,0,0,0,0,0,0,1,0,2,0,0,0,0,1,0,0,0,0,0,0,0,0,0,0,0,0,0,0,0,0,0,0,60,0,39,0,0,0,0,0,27,0,11,0,6,0,35,0,21,3,4,0,24,0,79,0,39,0,16,0,16,0,0,0,14,0,0,0,4,0,0,0,0,3,16,0,0,0,3,0,0,0,12,0,17,0,20,1,0,0,0,0,35,8,0,0,7,0,0,0,0,0,0,0,0,0,0,0,4,0,23,0,40,0,0,0,0,0,0,0,14,0,27,0,7,2,2,0,0,0,0,0,0,0,0,0,0
0,0,0,0,0,0,0,0,0,0,0,0,0,0,0,0,0,0,0,0,0,0,0,0,0,0,0,0,0,0,0,0,0,0,0,0,0,0,0,0,0,0,0,0,0,6,0,0,0,2,0,0,0,0,0,0,0,0,0,0,0,0,0,0,0,0,0,0,0,0,0,305,0,341,0,0,0,11,0,57,0,13,0,0,0,7,0,84,0,0,0,0,0,0,0,0,0,0,0,0,0,0,0,0,0,0,0,0,0,0,0,0,0,0,0,0,0,0,0,0,0,129,0,44,0,0,0,0,0,0,4,0,0,0,0,50,0,57,1,0,0,98,0,32,0,340,0,0,3,26,0,18,0,0,0,0,0,0,0,0,0,0,0,39,0,2,0,8,0,0,0,13,0,24,0,13,0,0,0,0,0,23,0,0,0,0,0,0,0,0,0,0,0,0,0,0,0,0,0,0,0,11,0,0,0,0,0,0,0,0,0,0,0,0,0,0,0,0,39,0,0,0,0,0,0
0,0,0,0,0,0,0,0,0,0,0,0,0,0,0,0,0,0,0,0,0,0,0,0,0,0,0,0,0,0,0,0,0,0,0,0,0,0,0,0,0,0,0,0,2,0,0,0,0,0,2,0,0,0,0,0,2,0,0,0,0,0,0,0,0,0,0,0,28,0,11,0,85,0,0,0,0,0,45,0,0,0,23,0,14,0,56,0,9,0,8,0,5,0,8,0,38,0,0,0,7,0,37,0,29,0,0,0,0,0,1,0,1,0,0,0,0,0,0,0,13,0,0,0,0,0,0,0,0,0,0,0,0,0,0,0,0,0,0,0,0,0,0,0,0,0,0,0,0,0,0,0,0,0,0,0,0,0,0,0,0,0,4,0,9,0,0,0,45,0,1,0,0,0,0,0,0,0,0,0,0,0,0,0,0,0,0,0,0,0,0,0,0,0,19,0,0,0,0,0,0,0,0,0,0,0,0,0,0,0,10,2,11,0,0,6,2,0,0,0,0,1,0,0,0
0,0,0,0,0,0,0,0,0,0,0,0,0,0,0,0,0,0,0,0,0,0,0,0,0,0,0,0,0,0,0,0,0,0,0,1,0,0,0,0,0,0,0,0,0,33,0,0,0,5,0,5,0,0,0,0,0,0,0,3,0,0,0,0,0,0,0,0,0,40,0,11,0,122,0,11,0,0,0,16,0,33,0,105,0,25,0,173,0,12,0,0,0,38,0,42,0,0,0,0,0,11,0,148,0,0,0,0,0,6,0,0,0,11,0,0,0,13,0,0,0,22,0,0,0,0,0,4,0,0,0,0,0,0,0,0,0,0,1,0,0,0,0,0,0,2,0,0,0,2,0,0,0,0,0,0,0,0,0,0,0,3,0,2,0,20,0,0,0,46,0,0,0,0,0,0,0,0,0,0,0,0,0,0,0,0,0,0,0,102,0,11,0,0,0,87,0,0,0,0,0,45,0,0,0,38,0,0,0,11,0,0,0,0,0,0,0,0,57,17,65,0,35,5,1
0,0,0,0,0,0,0,0,0,0,0,0,0,0,0,0,0,0,0,0,0,0,0,0,0,0,0,0,0,0,0,0,0,0,0,0,0,0,0,0,0,0,0,0,11,0,0,0,0,0,5,0,0,0,0,0,0,0,0,0,0,0,0,0,0,0,0,0,24,0,187,0,293,0,132,0,45,0,0,0,0,0,91,0,26,0,103,0,0,0,0,0,4,0,14,0,40,0,0,0,6,0,18,0,0,0,0,0,6,0,0,0,0,0,2,0,4,0,0,0,124,0,39,0,6,0,0,0,1,0,0,0,0,0,0,0,0,0,1,0,10,0,37,0,0,0,0,0,0,0,0,0,0,0,0,0,1,0,0,0,0,0,7,0,10,0,0,0,21,0,0,0,0,0,0,0,0,0,0,0,0,0,0,0,0,0,0,0,0,0,0,0,0,0,0,0,0,0,0,0,0,0,0,0,0,0,0,0,0,0,66,12,9,0,5,2,7,0,0,0,0,0,0,0,0
0,0,0,0,0,0,0,0,0,0,0,0,0,0,0,0,0,0,0,0,0,1,0,0,0,0,0,0,0,0,0,0,0,0,0,0,0,0,0,0,0,0,0,0,0,0,0,0,0,0,0,0,0,0,0,0,0,0,0,0,0,0,0,0,0,0,0,0,0,0,0,15,0,87,0,57,0,16,0,0,0,11,0,0,0,5,0,43,0,0,0,0,0,0,0,6,0,0,0,2,0,0,0,0,0,0,0,0,0,0,0,0,0,0,0,0,0,0,0,0,0,16,0,27,0,0,0,0,0,0,2,0,0,0,0,107,0,0,0,0,0,64,0,33,0,104,0,0,0,0,0,0,0,0,0,0,0,0,0,0,0,0,0,11,0,0,0,2,0,1,0,0,0,0,0,0,0,0,0,0,0,0,0,0,0,0,0,0,0,0,0,0,0,0,0,0,0,0,0,0,0,22,0,25,0,0,0,0,0,29,0,0,0,0,6,0,0,0,44,0,0,0,2,0,0
