0,151,50,172,79,0,44,44,86,0,151,27,131,3,6,87,46,91,0,0,0,0,51,298,26,282,0,1,143,0,0,0,60,0,0,0,75,0,463,33,0,0,0,0,0,0,0,0,2,0,0,0,5,0,0,0,0,0,0,0,79,6,74,0,21,0,12,0,0,0,0,0,0,0,0,0,0,0,0,0,0,0,0,0,0,0,0,0,0,0,0,0,0,0,0,0,0,0,0,0,0,0,0,0,0,0,0,0,0,0,0,0,0,0,0,0,0,0,0,0,0,0,0,0,9,0,0,0,0,0,25,2,0,0,0,2,0,0,0,0,0,0,0,0,0,0,6,0,24,0,0,0,0,0,0,0,0,0,0,0,0,0,0,0,3,0,60,0,4,0,19,1,269,0,0,0,564,110,5,0,0,0,51,0,16,0,0,0,0,0,0,0,0,0,0,0,0,0,0,0,0,0,0,0,0,0,0,0,0,0,895,77,189,0,132,0,0,0,0,6,0,0,0,0,0
151,0,167,19,0,349,68,24,33,77,0,506,0,195,0,128,83,39,0,89,0,0,208,48,336,60,0,208,0,143,0,0,0,40,0,0,0,203,0,662,0,29,0,0,0,16,0,137,0,14,0,0,0,18,7,4,0,5,0,2,0,493,20,145,0,38,0,8,0,0,0,0,0,1,0,0,0,0,0,0,0,7,0,0,0,16,0,0,0,0,0,1,0,0,0,0,0,0,0,4,0,0,0,0,0,0,0,0,0,0,0,0,0,0,0,0,0,0,0,0,0,0,0,0,0,39,0,0,0,0,0,81,0,0,0,0,0,0,0,0,0,0,0,0,0,0,0,35,0,110,0,128,0,102,0,0,0,0,0,0,0,11,0,0,0,0,0,0,0,8,0,64,0,200,0,12,172,390,0,10,0,59,3,17,0,58,0,0,0,0,0,9,0,0,0,0,0,0,0,0,0,0,0,0,0,0,0,0,0,13,0,0,0,0,266,0,0,0,1447,135,373,96,0,0,0
50,167,0,128,374,0,73,0,43,0,71,81,144,0,142,140,54,83,67,0,33,0,444,228,262,143,45,0,346,0,129,0,121,0,0,0,55,0,495,0,37,0,0,0,0,0,69,0,0,0,0,0,2,0,38,0,0,0,0,0,59,0,98,0,18,0,0,1,0,0,0,0,0,0,0,0,0,0,0,0,0,0,0,0,0,0,0,0,0,0,0,0,0,0,0,0,0,0,0,0,0,0,0,0,0,0,0,0,0,0,0,0,0,0,0,0,0,0,0,0,0,0,0,0,277,0,53,0,0,0,189,0,23,0,36,0,0,0,0,0,0,0,0,0,0,1,176,0,187,0,73,0,32,0,0,0,0,0,0,0,23,0,0,0,0,0,36,0,9,0,21,0,156,8,0,0,194,75,4,0,0,0,0,0,32,0,0,0,0,0,0,0,0,0,0,0,2,0,6,0,0,0,0,0,0,0,21,0,89,0,914,58,409,0,268,0,0,0,14,12,0,0,0,0,0
172,19,128,0,0,194,0,101,0,0,0,8,0,23,0,394,51,33,0,86,6,11,221,291,135,171,0,51,6,171,0,11,0,116,0,6,0,35,0,388,0,0,0,0,0,0,0,11,0,0,0,0,0,0,0,21,0,3,0,12,0,24,3,3,0,0,0,0,0,1,0,0,0,0,0,0,0,0,0,0,0,0,0,0,0,0,0,0,0,0,0,0,0,0,0,0,0,0,0,0,0,0,0,0,0,0,0,0,0,0,0,0,0,0,0,0,0,0,0,0,0,0,0,0,0,18,0,0,0,0,0,35,0,0,0,29,0,16,0,0,0,0,0,0,0,0,0,0,0,0,0,38,0,0,0,0,0,1,0,0,0,10,0,1,0,0,0,11,0,0,0,12,0,56,0,0,75,64,0,0,0,0,8,0,0,0,0,0,0,0,0,0,0,0,0,0,0,0,0,16,0,3,0,0,0,0,0,0,0,58,9,0,0,0,76,0,0,0,281,27,268,35,0,0,0
79,0,374,0,0,386,37,0,122,0,145,154,516,186,263,534,25,0,97,307,185,78,215,104,0,0,61,72,102,0,368,0,305,0,248,0,153,0,0,0,144,0,0,0,0,0,142,0,3,0,99,0,8,0,0,0,0,0,2,0,0,0,0,0,36,0,1,0,0,0,0,0,0,0,0,0,0,0,0,0,0,0,0,0,0,0,0,0,0,0,0,0,0,0,0,0,0,0,0,0,0,0,0,0,0,0,0,0,0,0,0,0,0,0,0,0,0,0,0,0,6,0,0,0,80,0,0,0,0,0,52,0,7,0,0,0,0,0,0,0,0,0,0,0,0,0,109,0,149,0,164,0,153,0,0,0,0,0,0,0,4,0,0,0,17,0,185,0,22,0,0,0,106,0,0,0,284,116,92,0,117,0,129,0,167,0,0,11,0,0,0,0,0,0,0,0,0,0,0,0,0,0,0,0,0,0,0,0,45,0,1252,284,753,0,159,0,0,0,0,17,0,0,0,0,0
0,349,0,194,386,0,0,94,0,97,155,144,227,274,436,426,0,2,160,152,227,169,221,143,0,0,0,239,0,77,0,137,0,316,56,118,0,0,0,137,0,40,0,0,0,7,0,160,0,5,0,45,0,3,0,11,0,14,0,0,0,0,0,2,0,50,0,0,0,0,0,0,0,0,0,0,0,0,0,8,0,0,0,0,0,55,0,0,0,0,0,0,0,0,0,0,0,0,0,0,0,0,0,0,0,0,0,0,0,0,0,0,0,0,0,0,0,0,0,0,0,0,0,0,0,27,0,0,0,0,0,51,0,0,0,0,0,26,0,0,0,0,0,0,0,0,0,37,0,104,0,122,0,0,0,13,0,15,0,12,0,0,0,0,0,0,0,190,0,26,0,27,0,97,0,0,340,330,0,17,0,40,0,16,0,39,0,5,0,0,0,0,0,0,0,0,0,0,0,20,0,0,0,0,0,0,0,0,0,59,0,0,0,0,345,0,0,0,1359,214,746,89,4,0,0
44,68,73,0,37,0,0,0,39,214,28,0,34,0,21,0,3,0,0,0,10,0,28,0,437,264,0,0,12,0,0,0,0,0,0,0,0,1,56,0,12,0,0,0,7,0,15,0,11,0,0,0,66,17,383,143,74,0,10,0,128,0,286,64,38,0,47,0,0,0,0,0,0,0,0,0,0,0,0,0,0,0,0,0,0,0,0,0,0,0,0,0,0,0,0,0,0,0,0,0,0,1,0,0,0,0,0,0,0,0,0,0,0,0,0,0,0,0,0,0,0,0,1,0,79,0,6,0,0,0,250,0,0,0,4,0,0,0,0,0,0,0,0,0,0,0,0,0,61,0,0,0,0,0,6,0,6,0,0,0,53,0,1,0,0,0,0,0,6,0,156,0,125,0,0,0,79,98,0,0,0,0,6,0,2,2,0,0,0,0,0,0,0,0,0,0,0,0,0,0,0,0,0,0,0,0,0,0,5,0,1026,46,460,302,485,0,8,2,6,0,0,0,0,0,0
44,24,0,101,0,94,0,0,83,16,0,15,0,23,0,183,33,23,0,92,0,21,0,39,213,406,0,38,0,52,0,0,0,16,0,0,0,48,0,266,0,0,0,0,0,0,0,0,0,0,0,0,11,54,19,94,0,29,0,119,0,455,45,398,0,8,0,46,0,0,0,0,0,1,0,0,0,0,0,0,0,0,0,0,1,0,0,0,0,0,0,0,0,1,0,0,0,0,0,0,0,2,0,0,0,0,0,0,0,0,0,0,0,0,0,0,0,0,0,0,0,0,0,0,0,50,0,39,0,0,0,93,0,0,0,0,0,20,0,0,0,0,0,0,0,0,0,12,0,34,0,73,0,0,0,8,0,0,0,0,0,77,0,0,0,1,0,3,0,12,0,93,4,105,0,0,77,109,0,0,0,0,0,0,0,0,0,0,0,0,0,9,0,3,0,0,0,0,0,0,0,0,0,0,0,0,0,50,0,64,0,0,0,0,373,0,0,0,1100,52,441,192,0,41,0
86,33,43,0,122,0,39,83,0,430,42,0,76,0,34,0,5,29,21,0,0,0,0,0,24,229,16,0,1,0,0,0,0,0,0,0,0,0,13,0,13,0,5,0,11,0,37,0,4,0,0,0,108,61,50,495,39,48,23,0,138,0,264,85,283,0,143,147,0,0,0,0,0,0,0,0,0,0,0,0,0,0,0,0,0,0,0,0,0,0,0,0,0,0,0,0,0,0,0,0,0,0,0,0,0,0,0,0,0,0,0,0,0,0,0,0,0,0,0,0,0,0,0,0,72,0,0,0,0,0,185,0,0,0,0,0,0,0,0,0,1,0,1,0,0,0,60,0,215,0,42,0,30,0,8,2,35,0,0,0,71,0,2,0,5,0,5,0,18,0,137,0,57,0,0,0,422,172,0,0,0,0,14,0,113,0,4,0,1,0,0,0,0,0,0,0,0,0,0,0,0,0,0,0,0,0,0,0,4,0,1250,78,300,290,581,2,14,1,0,0,0,0,0,0,0
0,77,0,0,0,97,214,16,430,0,0,162,0,0,0,33,22,0,1,25,0,0,0,2,161,17,0,68,0,0,0,0,0,0,0,0,0,0,0,0,0,0,0,0,0,8,0,29,0,0,0,0,127,144,421,50,0,30,12,61,0,259,99,107,0,144,39,162,0,0,0,0,0,0,0,0,0,1,0,0,0,0,0,0,0,0,0,0,0,0,0,0,0,0,0,0,0,0,0,0,0,0,0,0,0,0,0,0,0,0,0,0,0,0,0,0,0,0,0,0,0,0,0,0,0,33,0,18,0,0,0,134,0,3,0,0,0,4,0,0,0,0,0,4,0,0,0,55,0,165,0,97,0,77,0,35,0,50,0,2,0,39,0,0,0,1,0,0,0,14,0,209,0,56,0,8,129,490,0,0,0,0,2,12,0,91,0,0,0,0,0,2,0,1,0,0,0,0,0,0,0,0,0,0,0,0,0,15,0,21,8,0,4,0,318,0,0,0,990,130,293,202,0,34,0
151,0,71,0,145,155,28,0,42,0,0,60,384,0,44,380,16,0,8,0,95,18,59,108,2,0,11,0,61,0,205,0,395,0,54,0,199,0,123,0,62,1,0,0,0,0,51,0,0,0,8,0,0,0,0,0,0,0,0,0,1,0,0,0,9,0,0,0,0,0,0,0,0,0,0,0,0,0,0,0,0,0,0,0,0,0,0,0,0,0,0,0,0,0,0,0,0,0,0,0,0,0,0,0,0,0,0,0,0,0,0,0,0,0,0,0,0,0,0,0,0,0,0,0,16,0,0,0,0,0,14,0,0,0,0,0,0,0,0,0,0,0,0,0,0,0,0,0,29,0,55,0,56,0,0,0,0,0,0,0,1,0,0,0,0,0,174,0,0,0,5,0,44,0,0,0,295,45,101,0,80,0,62,0,50,0,32,0,0,0,0,0,0,0,0,0,0,0,0,0,0,0,0,0,0,0,0,0,0,0,697,165,227,0,58,0,0,0,2,10,0,0,0,0,0
27,506,81,8,154,144,0,15,0,162,60,0,19,497,181,69,11,17,23,17,76,55,220,102,13,0,0,166,0,82,0,131,0,561,0,191,0,427,0,375,0,144,0,0,4,0,0,181,0,56,0,6,0,0,0,4,0,5,0,0,0,11,0,0,0,16,0,1,0,0,0,0,0,0,0,32,0,0,0,0,0,53,0,0,0,56,0,0,0,0,0,0,0,0,0,0,0,0,0,18,0,19,0,0,0,0,0,0,0,0,0,0,0,0,0,0,0,0,0,0,0,0,0,25,0,0,0,0,0,0,0,0,0,0,0,0,0,0,0,0,0,0,0,28,0,0,0,15,0,46,0,147,0,90,0,0,0,0,0,3,0,0,0,0,0,8,0,56,0,28,0,44,0,120,0,0,180,386,0,47,0,145,1,29,1,54,0,46,0,0,0,0,0,0,0,0,0,0,0,0,0,0,0,0,0,0,0,0,0,20,16,0,0,0,194,0,0,0,1480,399,415,50,6,0,0
131,0,144,0,516,227,34,0,76,0,384,19,0,559,70,69,0,0,101,343,121,69,16,0,0,0,56,524,0,0,51,0,15,0,230,51,46,9,0,0,284,43,130,0,32,18,236,151,19,0,419,50,0,0,0,0,0,0,0,0,0,0,0,0,18,0,0,0,0,0,0,0,0,0,0,0,0,0,0,0,0,0,0,0,0,0,0,0,0,0,0,0,0,0,0,0,0,0,0,0,0,0,2,0,0,0,0,0,0,0,0,0,0,0,0,0,0,0,0,0,0,0,0,0,0,0,5,0,0,0,20,0,0,0,0,0,0,0,0,0,0,0,0,0,0,0,0,0,0,0,70,0,69,0,2,0,0,0,0,0,0,0,1,0,60,0,26,0,19,0,0,0,8,0,68,0,354,142,225,0,143,0,73,0,65,0,174,30,0,0,0,0,0,0,3,0,0,0,0,0,0,0,0,0,0,0,0,0,0,0,453,568,468,32,39,2,0,0,0,15,29,0,0,0,0
3,195,0,23,186,274,0,23,0,0,0,497,559,0,132,10,0,0,499,109,251,97,0,0,0,0,425,100,0,0,0,45,0,0,122,248,0,99,0,0,155,203,48,117,25,21,98,157,0,35,134,350,0,3,0,3,0,0,0,0,0,0,0,0,0,0,0,0,0,0,0,0,0,0,0,0,0,0,0,0,0,0,0,0,0,0,0,0,0,0,0,0,0,0,0,0,0,0,0,0,0,0,0,2,0,0,0,0,0,0,0,0,0,0,0,0,0,0,0,0,0,0,0,0,0,0,0,0,0,0,0,14,0,0,0,0,0,0,0,0,0,0,0,0,0,0,0,0,0,0,0,0,0,0,0,0,0,0,0,0,0,0,0,0,0,64,0,18,0,22,0,6,0,30,0,0,128,475,0,33,1,33,0,9,0,20,52,145,0,0,0,0,0,0,0,0,0,0,0,0,0,0,0,4,0,0,0,0,0,0,9,0,0,0,48,0,0,0,547,448,502,0,1,0,0
6,0,142,0,263,436,21,0,34,0,44,181,70,132,0,712,46,0,186,365,198,114,600,45,73,0,114,0,0,0,180,40,17,14,106,77,54,18,1,0,10,0,3,0,0,0,46,0,0,0,28,0,0,0,159,0,0,0,1,0,0,0,4,0,10,0,0,0,0,0,0,0,0,0,0,0,0,0,0,0,0,0,0,0,0,0,0,0,0,0,0,0,0,0,0,0,0,0,0,0,0,0,0,0,0,0,0,0,0,0,0,0,0,0,0,0,0,0,0,0,0,0,0,0,0,0,0,0,0,0,18,0,34,0,235,0,0,0,0,0,0,0,0,0,0,0,76,0,94,0,89,0,51,0,3,0,0,0,0,0,0,0,0,0,1,0,65,0,6,0,2,0,14,0,0,0,123,65,30,0,23,0,35,0,105,0,0,10,0,0,0,0,0,0,0,0,3,0,38,0,32,0,0,0,0,0,0,0,159,0,120,155,100,0,20,0,0,0,0,11,0,2,0,0,0
87,128,140,394,534,426,0,183,0,33,380,69,69,10,712,0,54,61,0,440,314,246,507,371,31,145,0,134,0,6,54,26,58,44,29,16,32,36,16,16,0,0,0,0,0,0,0,0,0,0,0,8,0,9,0,65,0,24,0,0,0,0,0,0,0,26,0,0,0,0,0,0,0,0,0,0,0,0,0,0,0,38,0,0,0,48,0,11,0,0,0,11,0,0,0,0,0,65,0,0,0,37,0,0,0,17,0,76,0,0,0,0,0,0,0,0,0,0,0,0,0,0,0,0,0,34,0,41,0,0,0,67,0,0,0,343,0,252,0,0,0,0,0,46,0,0,0,39,0,119,0,201,0,39,0,21,0,15,0,0,0,34,0,0,0,4,0,47,0,0,0,0,0,21,0,0,178,63,0,0,0,0,0,9,0,23,0,0,0,0,0,0,0,0,0,0,0,0,0,112,0,66,0,0,0,4,0,0,0,337,52,0,56,0,45,0,0,0,183,406,85,24,0,0,0
46,83,54,51,25,0,3,33,5,22,16,11,0,0,46,54,0,73,87,0,574,0,171,151,181,197,153,0,569,0,109,0,30,0,0,0,11,5,240,0,0,0,0,0,0,0,0,0,1,0,0,0,70,0,27,0,16,0,0,0,11,0,407,19,0,0,0,0,0,0,0,0,0,0,0,0,0,0,0,0,3,0,0,0,26,0,0,0,0,0,97,0,0,0,0,0,313,0,0,0,0,0,0,0,29,0,122,0,0,0,0,0,0,0,0,0,0,0,0,0,0,0,0,0,0,0,0,0,102,0,0,0,25,0,367,2,330,0,82,0,26,0,524,0,0,0,3,0,0,0,14,0,0,0,19,0,0,0,40,0,17,0,0,0,0,0,8,0,0,0,13,0,42,0,0,0,56,14,7,0,0,0,0,0,8,0,0,0,0,0,0,0,0,0,0,0,0,0,44,0,284,0,0,0,0,0,27,0,56,0,160,562,80,25,40,0,0,0,0,2,0,0,0,0,0
91,39,83,33,0,2,0,23,29,0,0,17,0,0,0,61,73,0,0,41,5,288,93,216,261,71,0,0,0,291,0,43,0,38,0,14,0,6,0,153,0,0,0,0,0,0,0,0,0,0,0,0,0,28,11,56,0,47,0,0,0,19,22,397,0,0,0,0,0,0,0,0,0,0,0,9,0,0,0,3,0,14,0,0,0,67,0,10,0,0,0,29,0,0,0,15,2,87,0,35,0,49,0,0,0,0,0,56,0,0,0,0,0,0,0,0,0,0,0,0,0,14,0,0,0,0,0,0,0,28,0,0,0,0,0,412,0,157,0,198,0,155,0,223,0,4,0,0,0,0,0,0,0,0,0,22,0,0,0,0,0,15,0,1,0,0,0,5,0,11,0,11,0,16,0,0,17,12,0,0,0,0,0,0,0,0,0,0,0,0,0,0,0,0,0,0,0,0,0,31,0,58,0,0,0,0,0,0,0,39,0,0,0,0,24,0,0,0,58,673,46,13,0,0,0
0,0,67,0,97,160,0,0,21,1,8,23,101,499,186,0,87,0,0,253,250,112,371,0,23,0,182,360,0,0,21,16,0,0,244,71,31,4,0,0,2,0,33,0,23,8,43,51,0,1,206,63,0,0,0,0,0,0,0,0,0,0,0,0,5,0,0,0,0,0,0,0,0,0,0,0,0,0,0,0,0,0,0,0,0,0,0,0,0,0,0,0,0,0,0,0,0,0,0,0,9,0,0,0,0,0,0,0,0,0,0,0,0,0,0,0,0,0,0,0,0,0,0,0,0,0,0,0,0,0,0,0,0,0,0,0,0,0,0,0,0,0,0,0,0,0,0,0,0,0,0,0,0,0,0,0,0,0,0,0,4,0,0,0,16,0,13,0,9,0,2,0,0,0,0,0,92,55,14,0,19,0,24,0,0,0,13,18,0,0,0,0,0,0,0,0,0,0,0,0,51,0,0,0,0,0,0,0,154,0,201,276,115,13,0,0,0,0,0,9,21,0,0,0,0
0,89,0,86,307,152,0,92,0,25,0,17,343,109,365,440,0,41,253,0,230,412,0,300,0,41,100,407,0,0,40,50,0,10,84,178,22,138,0,0,32,0,27,40,0,10,0,49,0,0,58,158,0,0,0,62,0,16,0,0,0,0,0,0,0,0,0,0,0,0,0,0,0,0,0,0,0,0,0,0,0,0,0,0,0,187,0,49,0,0,0,64,0,0,0,0,0,0,0,112,0,138,0,0,0,31,0,177,0,0,0,0,0,0,0,0,0,0,0,0,0,0,0,20,0,0,0,0,0,0,0,21,0,0,0,409,0,0,0,0,0,0,0,110,0,0,0,0,0,46,0,0,0,0,0,11,0,0,0,0,0,0,0,0,1,33,0,64,0,34,0,6,0,36,0,0,54,17,0,1,0,10,0,5,0,12,0,7,0,0,0,0,0,0,0,0,0,0,0,0,0,80,0,0,0,0,0,0,0,205,0,0,0,0,21,0,0,0,184,232,164,0,0,0,0
0,0,33,6,185,227,10,0,0,0,95,76,121,251,198,314,574,5,250,230,0,96,233,48,43,0,179,157,61,0,207,24,23,0,53,82,9,0,2,0,5,0,6,10,19,0,16,0,4,0,30,25,27,0,74,0,0,0,0,0,0,0,213,0,0,0,0,0,0,0,44,0,0,0,44,0,0,0,0,0,52,0,0,0,201,0,0,0,18,0,282,0,0,0,0,0,795,0,228,0,50,0,0,0,40,0,263,0,0,0,0,0,0,0,0,0,0,0,0,0,0,0,30,0,0,0,0,0,0,0,0,0,0,0,352,0,177,0,59,0,91,0,541,0,35,0,0,0,0,0,0,0,0,0,0,0,1,0,0,0,6,0,0,0,29,0,17,0,11,0,0,0,7,0,0,0,42,25,74,0,0,0,11,0,0,0,6,5,0,0,0,0,0,0,0,0,0,0,51,0,244,0,0,0,0,0,42,0,108,0,335,526,142,10,24,0,0,0,0,0,0,0,0,0,0
0,0,0,11,78,169,0,21,0,0,18,55,69,97,114,246,0,288,112,412,96,0,0,435,0,100,44,331,0,95,6,74,2,74,34,96,0,57,0,7,0,0,0,57,0,23,0,0,0,0,18,44,0,85,0,71,0,22,0,0,0,9,0,321,0,0,0,0,0,0,0,0,0,0,0,34,0,0,0,0,0,234,0,0,0,368,0,68,0,56,0,63,0,0,0,106,0,160,0,246,0,203,0,0,0,0,0,132,0,0,0,0,0,0,0,0,0,0,0,0,0,142,0,41,0,0,0,0,0,0,0,0,0,0,0,479,0,0,0,264,0,409,0,552,0,93,0,0,0,0,0,0,0,0,0,42,0,0,0,0,0,0,0,0,0,4,0,22,0,0,0,0,0,21,0,0,0,0,0,5,0,0,0,0,0,0,0,19,0,1,0,0,0,0,0,0,0,0,0,0,0,0,0,0,0,0,0,0,0,0,0,0,0,0,17,0,0,0,242,394,88,10,0,0,0
51,208,444,221,215,221,28,0,0,0,59,220,16,0,600,507,171,93,371,0,233,0,0,539,141,66,178,0,64,0,56,0,47,0,3,0,26,30,51,55,0,0,2,0,40,0,31,0,0,0,0,0,4,0,193,0,46,0,0,0,0,0,4,0,0,0,0,0,0,0,0,0,0,0,0,0,0,0,0,0,0,0,1,0,0,0,0,0,0,0,0,0,0,0,0,0,0,0,0,0,0,0,0,0,0,0,0,0,0,0,0,0,0,0,0,0,0,0,0,0,0,0,0,0,70,0,44,3,0,0,14,0,57,0,297,0,132,0,0,0,0,0,83,0,0,0,92,0,62,0,95,0,30,0,5,0,0,0,0,0,28,0,0,0,0,0,36,0,0,2,3,2,21,14,0,0,179,90,16,15,0,4,0,0,30,0,0,0,0,0,8,0,0,0,0,0,0,0,36,0,43,0,0,0,0,0,52,0,226,0,85,350,51,0,18,2,0,0,22,16,0,0,0,0,0
298,48,228,291,104,143,0,39,0,2,108,102,0,0,45,371,151,216,0,300,48,435,539,0,217,281,0,0,0,100,7,43,22,70,0,0,0,26,0,30,0,0,0,0,0,0,0,0,0,0,0,11,0,0,0,103,0,14,0,0,0,3,0,44,0,0,0,3,0,0,0,0,0,0,0,0,0,0,0,0,0,19,0,0,0,60,0,0,0,0,0,26,0,0,0,14,0,82,0,48,0,23,0,0,0,0,0,85,0,0,0,0,0,0,0,0,0,0,0,0,0,15,0,0,0,0,0,0,0,0,0,0,0,0,0,376,0,175,0,58,0,55,0,116,0,0,0,0,0,7,0,0,0,0,0,11,0,0,0,0,0,0,0,0,0,1,0,28,0,0,0,6,22,17,0,0,68,29,0,0,0,0,0,0,0,0,0,0,0,0,0,0,0,3,0,0,0,0,0,0,0,65,0,0,0,0,0,0,0,124,29,0,0,0,29,0,0,0,128,786,93,14,0,0,0
26,336,262,135,0,0,437,213,24,161,2,13,0,0,73,31,181,261,23,0,43,0,141,217,0,900,0,0,21,0,6,0,0,0,0,0,0,19,48,43,0,0,0,0,0,0,0,0,0,0,0,0,25,7,175,81,55,0,0,0,17,34,139,112,0,0,0,0,0,0,0,0,0,0,0,0,0,0,0,0,0,8,0,0,0,0,0,0,0,0,0,0,0,0,0,0,5,0,0,0,0,0,0,0,0,0,3,0,0,0,0,0,0,0,0,0,0,0,0,0,0,0,0,0,27,0,28,0,47,0,16,0,55,0,200,0,183,0,7,0,0,0,83,12,0,0,12,0,5,0,21,0,0,0,14,0,0,0,7,0,64,0,0,0,0,0,0,0,0,0,11,0,60,8,0,0,70,88,0,0,0,0,0,0,0,0,0,0,0,0,3,0,0,0,0,0,0,0,17,0,27,0,0,0,0,0,19,0,77,0,107,221,38,0,32,0,0,0,20,0,8,0,0,0,0
282,60,143,171,0,0,264,406,229,17,0,0,0,0,0,145,197,71,0,41,0,100,66,281,900,0,0,6,0,63,2,6,0,0,0,2,0,0,28,83,0,0,1,0,0,1,0,0,0,0,0,0,10,9,49,155,0,26,0,6,12,71,110,138,0,1,0,0,0,0,0,0,0,0,0,0,0,0,0,0,0,0,0,0,0,3,0,1,0,0,3,1,0,0,0,0,0,15,0,0,0,3,0,0,0,6,0,0,0,0,0,0,0,0,0,0,0,0,0,0,0,0,0,0,0,16,0,16,0,25,0,0,0,12,0,112,0,109,0,13,0,0,12,21,0,0,0,0,0,0,0,26,0,0,0,15,0,1,0,12,0,42,0,0,0,0,0,0,0,1,0,28,15,36,0,0,112,82,0,0,0,0,1,0,0,0,0,0,0,0,0,0,0,3,0,0,0,0,0,0,0,19,0,0,0,0,0,0,0,83,22,0,0,0,41,0,0,0,120,234,68,17,0,1,0
0,0,45,0,61,0,0,0,16,0,11,0,56,425,114,0,153,0,182,100,179,44,178,0,0,0,0,607,22,0,66,0,9,0,52,0,45,0,0,0,12,149,339,43,342,63,168,373,9,0,361,72,9,0,52,0,0,0,0,0,4,0,0,0,0,0,0,0,0,0,56,0,0,0,97,0,0,0,0,0,0,0,0,0,229,0,0,0,0,0,264,0,0,0,0,0,667,0,0,0,76,0,0,0,0,0,0,0,0,0,0,0,0,0,0,0,0,0,0,0,0,0,59,0,0,0,0,0,0,0,0,0,0,0,0,0,0,0,72,0,99,0,366,0,76,0,0,0,0,0,0,0,0,0,3,0,0,0,0,0,0,0,0,0,79,0,10,0,0,0,6,0,4,0,0,0,33,54,17,0,0,0,0,0,23,0,81,25,0,0,0,0,0,0,0,0,0,0,0,0,0,0,0,0,0,0,0,0,126,0,98,475,321,0,7,0,0,6,0,8,0,0,0,0,0
1,208,0,51,72,239,0,38,0,68,0,166,524,100,0,134,0,0,360,407,157,331,0,0,0,6,607,0,0,0,0,20,0,0,99,106,7,150,0,0,385,8,120,357,63,407,212,200,0,44,216,511,0,0,0,0,0,7,0,9,0,0,0,0,0,24,0,0,0,0,0,0,0,0,0,0,0,0,0,0,0,108,0,0,0,150,0,0,0,0,0,37,0,0,0,0,1,0,0,0,0,96,0,0,0,0,0,0,0,0,0,0,0,0,0,0,0,0,0,0,0,74,0,19,0,15,0,0,0,0,0,0,0,0,0,0,0,0,0,0,0,0,0,0,0,0,0,0,0,64,0,0,0,0,0,0,0,0,0,0,0,0,0,0,0,96,0,0,0,48,0,3,0,10,0,0,47,118,0,7,0,0,0,0,0,32,91,26,0,14,0,0,0,1,0,7,0,0,0,0,0,0,0,2,0,0,0,0,0,86,0,0,0,0,28,0,0,0,184,562,451,13,0,0,2
143,0,346,6,102,0,12,0,1,0,61,0,0,0,0,0,569,0,0,0,61,0,64,0,21,0,22,0,0,0,29,0,25,0,0,0,31,0,3,0,0,0,8,0,12,0,0,0,0,0,4,0,8,0,6,0,2,0,0,0,4,0,99,0,0,0,0,0,0,0,0,0,0,0,5,0,0,0,0,0,0,0,0,0,43,0,0,0,0,0,35,0,0,0,0,0,145,0,23,0,0,0,0,0,0,0,32,0,0,0,0,0,0,0,0,0,0,0,0,0,0,0,0,0,0,0,0,0,12,0,0,0,0,0,18,0,57,0,89,0,42,0,181,0,0,0,0,0,0,0,0,0,0,0,8,0,2,0,15,0,0,0,0,0,0,0,3,0,0,0,4,0,7,0,0,0,46,0,17,0,0,0,14,0,9,0,0,0,0,0,0,0,0,0,0,0,0,0,0,0,39,0,0,0,0,0,0,0,0,0,33,146,0,0,0,0,0,0,0,0,0,0,0,0,0
0,143,0,171,0,77,0,52,0,0,0,82,0,0,0,6,0,291,0,0,0,95,0,100,0,63,0,0,0,0,0,49,0,36,0,46,3,7,0,39,0,0,0,5,0,0,0,0,0,0,0,21,0,37,0,41,0,11,0,0,0,1,0,181,0,0,0,0,0,0,0,0,0,0,0,0,0,0,0,1,0,0,0,9,0,35,0,0,0,0,0,10,0,0,0,0,0,0,0,13,0,22,0,0,0,0,0,0,0,0,0,0,0,0,0,0,0,0,0,0,0,5,0,0,0,0,0,0,0,0,0,0,0,0,0,130,0,0,0,109,0,133,0,172,0,8,0,0,0,0,0,0,0,0,0,18,0,0,0,0,0,0,0,0,0,0,0,2,0,5,0,0,0,4,0,0,0,12,0,0,0,0,0,0,0,0,0,0,0,0,0,0,0,0,0,0,0,0,0,0,0,0,0,0,0,0,0,0,0,0,0,0,0,0,0,0,0,0,16,87,7,3,0,0,0
0,0,129,0,368,0,0,0,0,0,205,0,51,0,180,54,109,0,21,40,207,6,56,7,6,2,66,0,29,0,0,0,8,0,20,0,25,0,0,0,0,0,20,0,0,0,0,0,1,0,8,0,3,0,0,0,0,0,0,0,3,0,96,0,0,0,0,0,0,0,21,0,0,0,0,0,0,0,0,0,20,0,0,0,132,0,0,0,0,0,100,0,0,0,0,0,302,0,115,0,17,0,0,0,0,0,62,0,0,0,0,0,0,0,0,0,0,0,0,0,0,0,24,0,0,0,0,0,0,0,0,1,0,0,0,0,71,0,82,0,52,0,223,0,18,0,0,0,0,0,0,0,0,0,5,0,0,0,0,0,1,0,0,0,0,0,27,0,0,0,3,0,5,0,0,0,68,9,103,0,7,0,26,0,0,0,0,0,0,0,0,0,0,0,0,0,0,0,0,0,30,0,0,0,0,0,0,0,0,0,101,166,80,0,8,1,0,0,0,0,4,0,0,0,0
0,0,0,11,0,137,0,0,0,0,0,131,0,45,40,26,0,43,16,50,24,74,0,43,0,6,0,20,0,49,0,0,0,11,7,17,0,8,0,7,0,0,0,0,0,0,0,0,0,0,0,11,0,31,0,11,0,0,0,0,0,0,0,71,0,0,0,0,0,0,0,0,0,0,0,0,0,0,0,0,0,0,0,0,0,98,0,0,0,0,0,1,0,0,0,0,0,10,0,39,0,20,0,0,0,0,0,0,0,0,0,0,0,0,0,0,0,0,0,0,0,43,0,0,0,0,0,0,0,0,0,0,0,0,0,71,0,0,0,97,0,230,0,214,0,50,0,0,0,0,0,0,0,0,0,26,0,2,0,19,0,0,0,0,0,0,0,16,0,0,0,3,0,9,0,0,0,0,0,9,0,0,0,0,0,0,0,8,0,0,0,0,0,0,0,0,0,0,0,0,0,0,0,0,0,0,0,0,0,0,0,0,0,0,5,0,0,0,57,131,13,0,0,0,0
60,0,121,0,305,0,0,0,0,0,395,0,15,0,17,58,30,0,0,0,23,2,47,22,0,0,9,0,25,0,8,0,0,0,9,2,111,0,0,0,0,0,10,0,5,0,0,0,0,0,2,0,0,0,0,0,0,1,0,0,4,0,0,0,0,0,0,0,0,0,0,0,0,0,0,0,0,0,0,0,0,0,0,0,0,0,0,0,0,0,0,0,0,0,0,0,0,0,0,0,0,0,0,0,0,0,0,0,0,0,0,0,0,0,0,0,0,0,0,0,0,0,0,0,0,0,0,0,0,0,0,0,0,0,0,0,0,0,0,0,9,0,0,0,5,0,0,0,0,0,0,0,0,0,0,0,0,0,0,0,0,0,0,0,1,0,28,0,0,0,0,0,5,0,0,0,206,9,175,0,21,0,38,0,0,0,0,0,0,0,0,0,0,0,0,0,0,0,0,0,0,0,0,0,0,0,0,0,0,0,0,179,25,0,0,0,0,0,0,0,0,0,0,0,0
0,40,0,116,0,316,0,16,0,0,0,561,0,0,14,44,0,38,0,10,0,74,0,70,0,0,0,0,0,36,0,11,0,0,0,42,0,44,0,0,0,0,0,4,0,0,0,0,0,0,0,14,0,8,0,0,0,4,0,0,0,4,0,53,0,0,0,0,0,0,0,1,0,0,0,0,0,0,0,0,0,12,0,3,0,17,0,0,0,0,0,2,0,0,0,0,0,0,0,0,0,0,0,0,0,0,0,0,0,0,0,0,0,0,0,0,0,0,0,0,0,0,0,3,0,0,0,0,0,0,0,0,0,0,0,27,0,0,0,37,0,54,0,61,0,32,0,0,0,0,0,0,0,0,0,14,0,4,0,12,0,0,0,0,0,1,0,9,0,0,0,0,0,4,0,0,0,0,0,11,0,0,0,0,0,0,0,2,0,0,0,0,0,0,0,0,0,0,0,0,0,0,0,0,0,0,0,0,0,0,0,0,0,0,0,0,0,0,0,309,5,0,0,0,0
0,0,0,0,248,56,0,0,0,0,54,0,230,122,106,29,0,0,244,84,53,34,3,0,0,0,52,99,0,0,20,7,9,0,0,0,186,0,0,0,0,0,15,0,0,0,0,0,1,0,34,7,0,0,0,0,0,0,0,0,1,0,0,0,0,0,0,0,0,0,9,0,0,0,0,0,0,0,0,0,0,0,0,0,19,0,0,0,0,0,18,0,4,0,0,0,0,0,26,0,0,0,0,0,0,0,0,0,0,0,0,0,0,0,0,0,0,0,0,0,3,0,3,0,0,0,0,0,0,0,0,0,0,0,0,0,0,0,0,0,11,0,19,0,7,0,0,0,0,0,0,0,0,0,0,0,0,0,0,0,0,0,0,0,8,0,28,0,4,0,0,0,3,0,0,0,64,14,93,0,0,0,0,0,0,0,13,5,0,0,0,0,0,0,0,0,0,0,0,0,0,0,0,0,0,0,0,0,0,0,88,108,83,0,0,0,0,0,0,0,0,0,0,0,0
0,0,0,6,0,118,0,0,0,0,0,191,51,248,77,16,0,14,71,178,82,96,0,0,0,2,0,106,0,46,0,17,2,42,0,0,0,151,0,5,0,0,0,18,0,0,0,0,0,0,8,61,0,19,0,6,0,7,0,0,0,0,0,48,0,0,0,0,0,0,0,0,0,0,0,0,0,0,0,0,0,0,0,0,0,69,0,0,0,0,0,0,0,0,0,0,0,0,0,0,0,0,0,0,0,0,0,0,0,0,0,0,0,0,0,0,0,0,0,0,0,0,0,0,0,0,0,0,0,0,0,0,0,0,0,0,0,0,0,111,0,307,0,204,0,101,0,0,0,0,0,0,0,0,0,27,0,0,0,36,0,0,0,0,0,26,0,56,0,9,0,0,0,18,0,0,0,9,0,16,0,0,0,0,0,0,0,80,0,0,0,0,0,0,0,0,0,0,0,0,0,0,0,0,0,0,0,0,0,0,0,0,0,0,15,0,0,0,203,214,121,0,0,0,0
75,0,55,0,153,0,0,0,0,0,199,0,46,0,54,32,11,0,31,22,9,0,26,0,0,0,45,7,31,3,25,0,111,0,186,0,0,0,74,0,0,0,42,0,32,0,0,0,4,0,57,0,2,0,3,0,0,0,0,0,18,0,17,0,0,0,0,0,0,0,85,0,0,0,71,0,0,0,0,0,0,0,0,0,125,0,21,0,0,0,92,0,0,0,0,0,161,0,207,0,22,0,3,0,0,0,0,0,0,0,0,0,0,0,0,0,0,0,0,0,0,0,39,0,0,0,0,0,0,0,0,0,0,0,0,0,33,0,116,0,135,0,119,0,158,0,0,0,0,0,0,0,0,0,20,0,41,0,18,0,2,0,0,0,7,0,23,0,13,0,25,0,28,0,0,0,67,12,111,0,0,0,26,0,0,0,3,2,0,0,0,0,1,0,0,0,0,0,0,0,0,0,0,0,0,0,0,0,0,0,23,49,51,14,17,0,0,0,0,0,0,0,0,0,0
0,203,0,35,0,0,1,48,0,0,0,427,9,99,18,36,5,6,4,138,0,57,30,26,19,0,0,150,0,7,0,8,0,44,0,151,0,0,0,29,0,0,0,71,0,4,0,0,0,4,0,125,0,15,0,6,0,2,0,0,0,8,0,47,0,0,1,0,0,0,0,0,0,0,0,0,0,0,0,2,0,0,0,0,0,15,0,0,0,0,0,0,0,0,0,0,0,0,0,0,0,0,0,0,0,0,0,0,0,0,0,0,0,0,0,0,0,0,0,0,0,0,0,0,0,0,0,0,0,0,0,0,0,0,0,0,0,0,0,90,0,181,0,98,0,162,0,0,0,0,0,0,0,0,0,32,0,52,0,30,0,4,0,0,0,18,0,35,0,4,0,8,0,65,0,0,0,40,0,34,0,0,0,0,0,0,0,31,0,0,0,0,0,0,0,0,0,0,0,0,0,0,0,0,0,0,0,0,0,3,0,0,0,0,5,0,0,0,0,237,86,0,0,0,0
463,0,495,0,0,0,56,0,13,0,123,0,0,0,1,16,240,0,0,0,2,0,51,0,48,28,0,0,3,0,0,0,0,0,0,0,74,0,0,0,0,0,1,0,0,0,0,0,1,0,0,0,8,0,3,0,0,0,0,0,5,0,67,0,0,0,0,0,0,0,0,0,0,0,0,0,0,0,0,0,0,0,0,0,10,0,0,0,0,0,8,0,0,0,0,0,38,0,0,0,0,0,0,0,0,0,0,0,0,0,0,0,0,0,0,0,0,0,0,0,0,0,6,0,0,0,0,0,0,0,0,0,0,0,0,0,16,0,57,0,31,0,43,0,37,0,0,0,0,1,25,0,0,0,26,0,19,0,0,0,0,0,0,0,0,0,6,0,0,0,1,0,55,0,0,0,203,0,0,0,0,0,63,0,33,0,0,0,0,0,0,0,0,0,0,0,0,0,0,0,5,0,0,0,0,0,0,0,0,0,103,303,60,23,35,0,0,0,1,3,0,0,0,0,0
33,662,0,388,0,137,0,266,0,0,0,375,0,0,0,16,0,153,0,0,0,7,55,30,43,83,0,0,0,39,0,7,0,0,0,5,0,29,0,0,0,0,0,0,0,0,0,0,0,0,0,0,0,23,0,19,0,14,0,5,0,6,0,100,0,0,0,0,0,0,0,0,0,0,0,5,0,0,0,0,0,0,0,0,0,0,0,0,0,0,0,0,0,0,0,0,0,0,0,0,0,1,0,0,0,0,0,0,0,0,0,0,0,0,0,0,0,0,0,0,0,0,0,0,0,0,0,0,0,4,0,0,0,0,0,41,0,10,0,40,0,58,0,29,0,28,0,0,0,0,0,0,0,0,0,24,0,25,0,17,0,6,0,0,0,0,0,8,0,0,0,2,0,31,0,0,18,72,0,37,0,0,0,2,0,0,0,0,0,0,0,0,0,0,0,0,0,0,0,0,0,0,0,0,0,0,0,0,0,0,0,0,0,0,0,0,0,0,16,214,24,0,0,0,0
0,0,37,0,144,0,12,0,13,0,62,0,284,155,10,0,0,0,2,32,5,0,0,0,0,0,12,385,0,0,0,0,0,0,0,0,0,0,0,0,0,172,116,0,39,122,95,647,173,62,69,0,0,0,0,0,0,0,0,0,0,0,0,0,0,0,0,0,1,0,0,0,0,0,0,0,0,0,0,0,0,0,0,0,0,0,0,0,2,0,0,0,0,0,0,0,0,0,0,0,0,0,0,0,0,0,0,0,0,0,0,0,0,0,0,0,0,0,0,0,0,0,0,0,0,0,0,0,0,0,0,0,0,0,0,0,0,0,0,0,0,0,0,0,0,0,0,0,21,0,41,0,44,0,0,0,0,0,0,0,0,0,0,0,21,2,0,0,0,0,0,0,0,0,35,0,122,79,57,0,89,0,32,0,0,0,285,17,0,0,0,0,0,0,0,0,0,0,0,0,0,0,0,0,0,0,0,0,0,0,0,197,75,0,0,3,0,21,0,38,0,0,0,0,0
0,29,0,0,0,40,0,0,0,0,1,144,43,203,0,0,0,0,0,0,0,0,0,0,0,0,149,8,0,0,0,0,0,0,0,0,0,0,0,0,172,0,20,28,59,34,163,110,10,118,0,0,0,0,0,0,0,0,0,0,0,0,0,0,0,0,0,0,0,0,0,0,0,0,0,0,0,0,0,0,0,0,0,0,0,0,0,0,0,0,0,0,0,0,0,0,0,0,0,0,0,1,0,0,0,0,0,0,0,0,0,0,0,0,0,0,0,0,0,0,0,0,0,0,0,0,0,0,0,0,0,0,0,0,0,0,0,0,0,0,0,0,0,0,0,0,0,0,0,0,0,0,0,0,0,0,0,0,0,0,0,0,0,0,0,9,0,0,0,6,0,0,0,0,0,0,3,207,0,9,0,5,0,3,0,0,46,12,0,1,0,0,0,0,1,0,0,0,0,0,0,1,0,0,0,2,0,0,0,0,0,3,0,0,0,0,0,0,4,92,32,0,0,0,23
0,0,0,0,0,0,0,0,5,0,0,0,130,48,3,0,0,0,33,27,6,0,2,0,0,1,339,120,8,0,20,0,10,0,15,0,42,0,1,0,116,20,0,0,135,11,121,76,20,0,50,0,0,0,0,0,0,0,4,0,0,0,0,0,0,0,0,0,0,0,48,0,0,0,46,0,0,0,0,0,24,0,0,0,25,0,0,0,0,0,61,0,0,0,0,0,0,0,98,0,11,0,2,0,0,0,0,0,0,0,0,0,0,0,0,0,0,0,0,0,6,0,0,0,0,0,0,0,0,0,0,0,0,0,0,0,0,0,4,0,0,0,0,0,0,0,0,0,0,0,0,0,0,0,0,0,0,0,0,0,0,0,0,0,40,0,49,0,18,0,0,0,0,0,0,0,4,6,13,0,0,0,0,0,0,0,110,8,4,0,0,0,0,0,0,0,0,0,0,0,0,0,0,0,0,0,0,0,0,0,0,85,116,0,0,0,0,24,0,4,0,0,0,0,0
0,0,0,0,0,0,0,0,0,0,0,0,0,117,0,0,0,0,0,40,10,57,0,0,0,0,43,357,0,5,0,0,0,4,0,18,0,71,0,0,0,28,0,0,2,142,0,54,0,29,0,130,0,7,0,0,0,8,0,0,0,0,0,9,0,0,0,0,0,0,0,2,0,0,0,9,0,0,0,0,0,0,0,0,0,0,0,0,0,0,0,0,0,0,0,0,0,0,0,0,0,0,0,1,0,2,0,0,0,0,0,0,0,0,0,0,0,0,0,0,0,0,0,25,0,0,0,0,0,0,0,0,0,0,0,0,0,0,0,0,0,95,0,92,0,52,0,0,0,0,0,0,0,0,0,0,0,0,0,0,0,0,0,0,0,31,0,13,0,19,0,0,0,7,0,0,0,6,0,0,0,0,0,0,0,0,0,75,0,0,0,0,0,0,0,2,0,0,0,0,0,0,0,0,0,0,0,0,0,0,0,0,0,0,0,0,0,0,63,184,129,0,0,0,0
0,0,0,0,0,0,7,0,11,0,0,4,32,25,0,0,0,0,23,0,19,0,40,0,0,0,342,63,12,0,0,0,5,0,0,0,32,0,0,0,39,59,135,2,0,46,250,212,102,45,118,0,0,0,13,0,2,0,6,0,0,0,0,0,0,0,0,0,6,0,94,0,0,0,84,0,6,0,0,0,0,0,25,0,242,0,0,0,0,0,0,0,31,0,34,0,427,0,0,0,0,0,19,0,0,0,0,0,0,0,0,0,0,0,0,0,0,0,0,0,28,0,0,0,0,0,0,0,0,0,0,0,0,0,0,0,0,0,0,0,0,0,235,0,78,0,0,0,0,0,0,0,0,0,2,0,2,0,0,0,2,0,10,0,183,0,28,0,100,0,10,0,18,0,0,0,4,20,0,0,0,0,0,0,0,0,101,0,0,0,0,0,0,0,11,0,0,0,0,0,35,0,0,0,0,0,0,0,0,0,26,180,262,9,10,0,0,91,0,13,1,0,0,0,1
0,16,0,0,0,7,0,0,0,8,0,0,18,21,0,0,0,0,8,10,0,23,0,0,0,1,63,407,0,0,0,0,0,0,0,0,0,4,0,0,122,34,11,142,46,0,73,264,23,152,0,128,0,0,0,1,0,4,0,5,0,0,0,0,0,0,0,2,0,3,0,0,0,0,0,5,0,6,0,0,0,11,0,12,0,0,0,9,0,9,0,0,0,4,0,22,0,0,0,4,0,5,0,11,0,6,0,0,0,0,0,0,0,0,0,0,0,1,0,0,0,0,0,0,0,0,0,0,0,0,0,0,0,0,0,3,0,0,0,0,0,0,0,22,0,0,0,0,0,0,0,0,0,0,0,0,0,0,0,0,0,0,0,0,1,106,0,13,0,89,0,6,0,17,0,0,0,0,0,0,0,0,0,0,0,0,19,34,0,14,0,0,0,2,0,11,0,0,0,0,0,0,0,0,0,6,0,0,0,0,0,7,0,0,4,0,0,0,19,290,368,7,0,0,38
0,0,69,0,142,0,15,0,37,0,51,0,236,98,46,0,0,0,43,0,16,0,31,0,0,0,168,212,0,0,0,0,0,0,0,0,0,0,0,0,95,163,121,0,250,73,0,462,115,91,34,12,0,0,0,0,0,0,0,0,0,0,0,0,0,0,0,0,1,0,0,0,0,0,0,0,2,0,0,0,0,0,0,0,0,0,0,0,0,0,12,0,3,0,0,0,0,0,0,0,0,0,5,0,0,0,0,0,0,0,0,0,0,0,0,0,0,0,3,0,0,0,0,0,0,0,0,0,0,0,0,0,0,0,0,0,0,0,0,0,0,0,0,0,0,0,38,0,0,0,0,0,0,0,0,0,0,0,0,0,0,0,2,0,37,0,0,0,0,0,0,0,0,0,0,0,20,61,43,0,0,0,37,0,39,0,137,3,0,0,0,0,0,0,0,0,2,0,0,0,0,0,0,0,0,0,0,0,0,0,0,460,152,0,0,0,0,107,0,45,0,0,0,0,2
0,137,0,11,0,160,0,0,0,29,0,181,151,157,0,0,0,0,51,49,0,0,0,0,0,0,373,200,0,0,0,0,0,0,0,0,0,0,0,0,647,110,76,54,212,264,462,0,63,106,42,56,0,0,0,0,0,2,0,0,0,0,0,0,0,0,0,0,0,0,0,0,0,0,0,0,0,0,0,0,0,7,0,0,0,0,0,0,0,0,0,0,0,0,0,0,1,0,0,0,0,2,0,5,0,4,1,1,0,0,0,0,0,0,0,0,0,0,0,0,0,0,0,0,0,0,0,0,0,0,0,0,0,0,0,0,0,0,0,0,0,0,0,0,0,0,0,0,0,30,0,0,0,0,0,0,0,0,0,0,0,0,0,0,0,41,0,0,0,11,0,0,0,4,0,0,0,211,0,0,0,2,0,0,0,0,163,17,0,0,0,0,0,0,0,0,0,0,0,0,0,0,0,0,0,0,0,0,0,4,0,26,18,0,0,0,0,3,0,691,178,0,0,0,66
2,0,0,0,3,0,11,0,4,0,0,0,19,0,0,0,1,0,0,0,4,0,0,0,0,0,9,0,0,0,1,0,0,0,1,0,4,0,1,0,173,10,20,0,102,23,115,63,0,62,0,0,0,0,4,0,5,0,0,0,1,0,0,0,0,0,0,0,9,0,1,0,1,0,0,0,5,0,4,0,1,0,9,0,0,0,0,0,7,0,0,0,18,0,6,0,6,0,2,0,6,0,37,0,5,0,12,0,0,0,0,0,0,0,0,0,0,0,0,0,0,0,0,0,0,0,1,0,0,0,0,0,0,0,1,0,0,0,1,0,2,0,3,0,2,0,0,0,1,0,0,0,0,0,2,0,0,0,0,0,3,0,2,0,7,0,0,0,17,0,0,0,4,0,0,0,82,13,11,0,2,0,8,0,2,0,236,0,22,0,1,0,3,0,9,0,0,0,3,0,16,0,4,0,28,0,0,0,0,0,33,73,145,6,13,3,0,12,0,17,5,1,0,0,0
0,14,0,0,0,5,0,0,0,0,0,56,0,35,0,0,0,0,1,0,0,0,0,0,0,0,0,44,0,0,0,0,0,0,0,0,0,4,0,0,62,118,0,29,45,152,91,106,62,0,0,19,0,0,0,0,0,0,0,1,0,0,0,0,0,0,0,0,0,1,0,0,0,0,0,0,0,1,0,0,0,2,0,3,0,0,0,0,0,3,0,0,0,1,0,5,0,0,0,1,0,0,0,4,0,2,0,1,0,0,0,0,0,0,0,0,0,0,0,0,0,0,0,0,0,0,0,0,0,0,0,0,0,0,0,0,0,0,0,0,0,0,0,0,0,0,0,0,0,1,0,0,0,0,0,0,0,0,0,0,0,0,0,1,0,60,0,0,0,16,0,3,0,0,0,0,0,76,0,3,0,0,0,1,0,2,43,33,0,2,0,3,0,0,0,0,0,0,0,1,0,1,0,0,0,2,0,0,0,0,0,13,0,0,0,0,0,0,7,19,55,1,0,0,16
0,0,0,0,99,0,0,0,0,0,8,0,419,134,28,0,0,0,206,58,30,18,0,0,0,0,361,216,4,0,8,0,2,0,34,8,57,0,0,0,69,0,50,0,118,0,34,42,0,0,0,0,1,0,0,0,0,0,2,1,0,0,0,0,0,0,0,0,0,0,49,0,0,0,49,0,0,0,0,1,37,0,0,0,46,0,0,0,0,0,71,0,0,0,0,0,141,0,152,0,31,0,7,0,0,0,53,0,0,0,0,0,0,0,0,0,0,0,0,0,18,0,12,0,0,0,0,0,0,0,0,0,0,0,0,0,0,0,0,0,12,0,46,0,29,0,0,0,0,0,0,0,0,0,0,0,0,0,0,0,0,0,0,0,58,0,24,0,31,0,0,0,10,0,0,0,33,18,42,0,0,0,9,0,0,0,46,10,0,0,0,0,0,0,0,0,0,0,0,0,11,0,0,0,0,0,0,0,0,0,24,73,135,3,3,0,0,0,0,1,0,0,0,0,0
0,0,0,0,0,45,0,0,0,0,0,6,50,350,0,8,0,0,63,158,25,44,0,11,0,0,72,511,0,21,0,11,0,14,7,61,0,125,0,0,0,0,0,130,0,128,12,56,0,19,0,0,0,6,0,13,0,0,0,3,0,4,0,18,0,0,0,4,0,0,0,6,0,0,0,13,0,0,0,3,0,45,0,15,0,87,0,0,0,0,0,2,0,0,0,0,0,0,0,0,0,0,0,1,0,0,0,0,0,0,0,0,0,0,0,0,0,0,0,0,0,49,0,32,0,0,0,0,0,0,0,0,0,0,0,0,0,0,0,43,0,166,0,183,0,106,0,0,0,0,0,4,0,2,0,0,0,0,0,0,0,0,0,0,0,37,0,18,0,32,0,17,0,32,0,0,0,11,0,0,0,2,0,0,0,2,3,143,0,14,0,2,0,0,0,6,0,0,0,0,0,12,0,0,0,0,0,0,0,0,0,0,0,0,0,0,0,0,90,130,121,12,0,0,0
5,0,2,0,8,0,66,11,108,127,0,0,0,0,0,0,70,0,0,0,27,0,4,0,25,10,9,0,8,0,3,0,0,0,0,0,2,0,8,0,0,0,0,0,0,0,0,0,0,0,1,0,0,20,215,151,120,58,13,34,70,0,84,8,1,3,0,132,0,0,0,0,2,0,0,0,0,0,0,0,0,0,0,0,9,0,0,0,0,0,6,0,0,0,0,0,26,0,0,0,0,0,0,0,0,0,6,0,0,0,0,0,0,0,0,0,0,0,0,0,0,0,0,0,0,2,0,0,131,0,11,0,9,0,29,0,158,0,249,0,59,0,180,0,15,1,0,0,0,0,0,0,0,0,262,7,115,0,188,0,15,0,0,0,0,0,0,0,0,0,24,0,6,0,0,0,17,0,0,0,0,0,4,0,67,0,0,0,0,0,0,0,0,0,0,0,0,0,0,0,26,0,0,0,0,0,1,0,0,0,140,174,53,77,89,0,5,0,0,0,0,0,0,0,0
0,18,0,0,0,3,17,54,61,144,0,0,0,3,0,9,0,28,0,0,0,85,0,0,7,9,0,0,0,37,0,31,0,8,0,19,0,15,0,23,0,0,0,7,0,0,0,0,0,0,0,6,20,0,66,117,0,79,12,30,0,57,7,55,0,0,15,40,0,0,0,0,0,0,0,0,0,0,0,0,0,0,0,0,0,4,0,0,0,0,0,3,0,0,0,0,0,9,0,0,0,0,0,0,0,0,0,0,0,0,0,0,0,0,0,0,0,0,0,0,0,0,0,0,0,0,0,0,0,28,1,0,0,29,0,73,0,70,0,175,0,78,0,52,0,70,0,0,0,0,0,0,0,0,0,229,0,44,0,156,0,24,0,0,0,0,0,0,0,0,0,14,0,4,0,0,0,13,0,0,0,0,0,0,2,12,0,0,0,0,0,0,0,0,0,0,0,0,0,0,0,0,0,0,0,0,0,5,0,14,0,1,0,0,81,0,0,0,146,329,36,70,0,4,0
0,7,38,0,0,0,383,19,50,421,0,0,0,0,159,0,27,11,0,0,74,0,193,0,175,49,52,0,6,0,0,0,0,0,0,0,3,0,3,0,0,0,0,0,13,0,0,0,4,0,0,0,215,66,0,366,205,59,23,39,17,0,28,53,0,0,5,201,0,0,0,0,0,0,0,0,0,0,0,0,0,0,0,0,0,0,0,0,0,0,0,0,0,0,0,0,0,0,0,0,0,0,0,0,2,0,0,0,0,0,0,0,0,0,0,0,0,0,0,0,0,0,0,0,17,0,9,0,59,0,31,0,37,0,65,0,106,0,13,0,5,0,41,0,0,0,0,0,4,0,0,0,0,0,73,3,12,0,31,0,83,0,0,0,0,0,4,0,9,0,61,0,13,0,0,0,4,33,0,0,0,0,2,0,5,8,0,0,0,0,0,0,0,0,0,0,0,0,2,0,17,0,0,0,0,0,0,0,15,0,327,126,144,165,204,0,14,0,0,0,0,0,0,0,0
0,4,0,21,0,11,143,94,495,50,0,4,0,3,0,65,0,56,0,62,0,71,0,103,81,155,0,0,0,41,0,11,0,0,0,6,0,6,0,19,0,0,0,0,0,1,0,0,0,0,0,13,151,117,366,0,18,196,33,151,2,68,86,142,0,0,99,77,0,0,0,0,0,0,0,0,0,0,0,0,0,0,0,0,0,2,0,0,0,0,0,0,0,0,0,0,0,6,0,0,0,0,0,0,0,0,0,0,0,0,0,0,0,0,0,0,0,0,0,0,0,0,0,0,0,39,0,34,0,48,0,64,0,21,0,74,0,72,0,27,0,13,0,19,0,3,0,0,0,7,0,32,0,0,0,74,3,25,0,44,0,145,0,2,0,0,0,0,0,8,0,144,0,27,0,0,20,26,0,0,0,0,1,0,6,3,0,0,0,0,0,0,0,1,0,0,0,2,0,0,0,0,0,0,0,0,0,0,0,73,9,2,4,0,378,0,0,0,519,118,320,387,0,18,0
0,0,0,0,0,0,74,0,39,0,0,0,0,0,0,0,16,0,0,0,0,0,46,0,55,0,0,0,2,0,0,0,0,0,0,0,0,0,0,0,0,0,0,0,2,0,0,0,5,0,0,0,120,0,205,18,0,29,124,48,0,0,15,0,31,0,27,112,0,0,0,0,0,0,0,0,0,0,0,0,0,0,0,0,0,0,0,0,0,0,0,0,0,0,0,0,0,0,0,0,1,0,0,0,0,0,0,0,0,0,0,0,0,0,0,0,0,0,0,0,0,0,0,0,0,0,0,0,32,0,56,0,22,0,0,0,21,0,0,0,0,0,0,0,2,0,0,0,4,0,0,0,0,0,155,60,21,0,58,44,155,0,55,0,0,0,5,0,13,0,111,0,33,0,0,4,3,0,0,0,34,0,0,0,0,0,0,0,0,0,0,0,0,0,0,0,0,0,0,0,0,0,0,0,0,0,0,0,0,0,780,193,334,340,594,4,30,1,0,0,0,0,0,0,0
0,5,0,3,0,14,0,29,48,30,0,5,0,0,0,24,0,47,0,16,0,22,0,14,0,26,0,7,0,11,0,0,1,4,0,7,0,2,0,14,0,0,0,8,0,4,0,2,0,0,0,0,58,79,59,196,29,0,108,58,0,5,1,16,18,4,147,49,0,0,0,0,0,0,0,0,0,0,0,0,0,0,0,0,0,0,0,0,0,0,0,0,0,0,0,0,0,2,0,0,0,0,0,0,0,0,0,0,0,0,0,0,0,0,0,0,0,0,0,0,0,0,0,0,0,12,0,0,0,23,0,26,0,15,0,14,0,23,3,13,0,5,0,4,0,7,0,0,0,3,0,4,0,0,25,221,11,37,0,97,0,106,0,59,0,1,0,0,0,21,0,161,0,0,0,0,0,0,0,0,0,0,0,0,7,3,0,0,0,1,0,0,0,0,0,0,0,0,0,0,0,0,0,0,0,0,0,4,0,18,5,0,3,0,600,0,0,0,666,187,426,271,0,3,0
0,0,0,0,2,0,10,0,23,12,0,0,0,0,1,0,0,0,0,0,0,0,0,0,0,0,0,0,0,0,0,0,0,0,0,0,0,0,0,0,0,0,4,0,6,0,0,0,0,0,2,0,13,12,23,33,124,108,0,141,6,0,2,0,247,16,76,223,0,0,0,0,0,0,0,0,0,0,0,0,0,0,0,0,0,0,0,0,0,0,0,0,0,0,0,0,0,0,0,0,0,0,0,0,0,0,0,0,0,0,0,0,0,0,0,0,0,0,0,0,0,0,0,0,7,0,0,0,2,0,50,0,0,0,0,0,0,0,1,0,0,0,0,0,0,0,0,0,13,0,0,0,0,0,29,69,24,4,6,33,35,12,11,0,0,0,9,0,0,0,35,0,20,0,0,0,11,0,0,0,40,0,0,0,40,3,0,0,0,0,0,0,0,0,0,0,0,0,0,0,0,0,0,0,0,0,0,0,0,0,784,242,153,222,515,1,20,0,0,1,0,0,0,0,0
0,2,0,12,0,0,0,119,0,61,0,0,0,0,0,0,0,0,0,0,0,0,0,0,0,6,0,9,0,0,0,0,0,0,0,0,0,0,0,5,0,0,0,0,0,5,0,0,0,1,1,3,34,30,39,151,48,58,141,0,0,17,0,0,0,82,132,213,0,0,0,0,0,0,0,0,0,0,0,0,0,0,0,1,0,0,0,0,0,0,0,0,0,0,0,0,0,0,0,0,0,0,0,0,0,0,0,0,0,0,0,0,0,0,0,0,0,0,0,0,0,0,0,0,0,6,0,0,0,0,0,29,0,0,0,0,0,0,0,0,0,0,0,0,0,0,0,0,0,4,0,1,0,0,35,138,12,82,0,46,0,35,0,34,0,0,0,0,0,15,0,94,1,0,0,0,0,0,0,0,13,3,0,0,0,10,0,0,0,0,0,0,0,0,0,0,0,0,0,0,0,0,0,0,0,0,0,0,0,0,7,0,0,0,624,0,0,0,1114,253,337,202,5,5,0
79,0,59,0,0,0,128,0,138,0,1,0,0,0,0,0,11,0,0,0,0,0,0,0,17,12,4,0,4,0,3,0,4,0,1,0,18,0,5,0,0,0,0,0,0,0,0,0,1,0,0,0,70,0,17,2,0,0,6,0,0,0,50,0,0,0,4,0,0,0,3,0,0,0,3,0,0,0,0,0,0,0,0,0,0,0,0,0,0,0,0,0,0,0,0,0,4,0,0,0,0,0,0,0,0,0,0,0,0,0,0,0,0,0,0,0,0,0,0,0,0,0,0,0,0,0,0,0,0,0,0,0,0,0,0,0,22,0,156,0,98,0,35,0,201,0,0,0,0,0,0,0,0,1,50,0,63,0,22,0,0,0,7,0,2,0,2,0,1,0,96,0,40,0,0,0,49,2,1,0,0,0,14,0,20,0,0,0,0,0,0,0,0,0,0,0,0,0,0,0,0,0,0,0,0,0,0,0,0,0,141,142,92,109,59,0,2,0,0,0,0,0,0,0,0
6,493,0,24,0,0,0,455,0,259,0,11,0,0,0,0,0,19,0,0,0,9,0,3,34,71,0,0,0,1,0,0,0,4,0,0,0,8,0,6,0,0,0,0,0,0,0,0,0,0,0,4,0,57,0,68,0,5,0,17,0,0,0,34,0,0,0,28,0,0,0,0,0,0,0,2,0,0,0,0,0,0,0,0,0,0,0,0,0,0,0,0,0,0,0,0,0,0,0,0,0,0,0,0,0,0,0,0,0,0,0,0,0,0,0,0,0,0,0,0,0,0,0,3,0,0,0,0,0,1,0,0,0,0,0,0,0,5,0,43,0,45,0,12,0,155,0,0,0,0,0,0,0,0,0,32,0,136,0,26,0,2,0,3,0,0,0,10,0,0,0,51,1,87,0,0,5,66,0,4,0,0,0,10,0,0,0,0,0,0,0,0,0,0,0,0,0,0,0,0,0,0,0,0,0,0,0,0,0,0,0,0,0,0,36,0,0,0,90,421,58,50,0,5,0
74,20,98,3,0,0,286,45,264,99,0,0,0,0,4,0,407,22,0,0,213,0,4,0,139,110,0,0,99,0,96,0,0,0,0,0,17,0,67,0,0,0,0,0,0,0,0,0,0,0,0,0,84,7,28,86,15,1,2,0,50,0,0,44,0,0,0,5,0,0,0,0,0,0,0,0,0,0,0,0,0,0,0,0,26,0,0,0,0,0,0,0,0,0,0,0,63,0,0,0,0,0,0,0,0,0,0,0,0,0,0,0,0,0,0,0,0,0,0,0,0,0,0,0,0,0,0,0,28,0,0,0,0,0,7,0,104,0,120,0,30,0,181,2,0,0,0,0,0,0,0,0,0,0,66,0,29,0,51,0,3,0,0,0,0,0,0,0,0,0,8,0,9,0,0,0,90,5,3,0,0,0,19,0,29,0,0,0,0,0,0,0,0,0,0,0,0,0,0,0,29,0,0,0,0,0,0,0,0,0,84,241,13,16,17,0,0,0,0,0,0,0,0,0,0
0,145,0,3,0,2,64,398,85,107,0,0,0,0,0,0,19,397,0,0,0,321,0,44,112,138,0,0,0,181,0,71,0,53,0,48,0,47,0,100,0,0,0,9,0,0,0,0,0,0,0,18,8,55,53,142,0,16,0,0,0,34,44,0,0,0,0,4,0,0,0,0,0,0,0,0,0,0,0,0,0,0,0,0,0,0,0,1,0,0,0,2,0,0,0,0,2,7,0,0,0,0,0,0,0,0,0,0,0,0,0,0,0,0,0,0,0,0,0,0,0,0,0,0,0,0,0,0,0,0,0,3,0,0,0,62,0,33,0,61,0,55,0,32,0,25,0,0,0,0,0,0,0,0,0,44,0,31,0,32,0,0,0,0,0,0,0,2,0,0,0,3,0,5,0,0,6,30,0,0,0,0,0,10,0,0,0,0,0,0,0,0,0,0,0,0,0,0,0,0,0,0,0,0,0,0,0,0,0,15,0,0,0,0,15,0,0,0,97,604,20,0,0,1,0
21,0,18,0,36,0,38,0,283,0,9,0,18,0,10,0,0,0,5,0,0,0,0,0,0,0,0,0,0,0,0,0,0,0,0,0,0,0,0,0,0,0,0,0,0,0,0,0,0,0,0,0,1,0,0,0,31,18,247,0,0,0,0,0,0,49,250,21,0,0,0,0,0,0,0,0,0,0,0,0,0,0,0,0,0,0,0,0,0,0,0,0,0,0,0,0,0,0,0,0,0,0,0,0,0,0,0,0,0,0,0,0,0,0,0,0,0,0,0,0,0,0,0,0,12,0,0,0,0,0,17,0,0,0,0,0,0,0,21,23,0,0,0,0,15,42,9,0,58,0,3,0,4,0,35,53,0,0,24,153,90,202,7,0,0,0,0,0,0,0,2,0,0,0,17,12,0,0,3,0,307,53,5,0,78,2,0,0,0,0,0,0,0,0,0,0,0,0,0,0,0,0,0,0,0,0,0,0,0,0,148,18,0,0,91,0,1,0,0,0,0,0,0,0,0
0,38,0,0,0,50,0,8,0,144,0,16,0,0,0,26,0,0,0,0,0,0,0,0,0,1,0,24,0,0,0,0,0,0,0,0,0,0,0,0,0,0,0,0,0,0,0,0,0,0,0,0,3,0,0,0,0,4,16,82,0,0,0,0,49,0,11,287,0,0,0,20,0,3,0,0,0,0,0,0,0,0,0,0,0,0,0,0,0,0,0,0,0,0,0,0,0,1,0,7,0,0,0,0,0,0,0,0,0,0,0,0,0,0,0,0,0,0,0,0,0,0,0,0,0,21,0,0,0,0,0,117,0,0,0,0,0,0,19,15,0,0,0,0,18,104,0,19,0,223,0,5,0,3,0,7,4,0,0,37,83,156,0,21,0,0,0,0,0,0,0,0,0,0,2,66,1,0,0,0,60,122,0,0,0,60,0,0,0,0,0,0,0,0,0,0,0,0,0,0,0,0,0,0,0,0,0,0,0,1,2,0,0,0,57,0,0,0,106,13,16,0,0,0,0
12,0,0,0,1,0,47,0,143,39,0,0,0,0,0,0,0,0,0,0,0,0,0,0,0,0,0,0,0,0,0,0,0,0,0,0,0,1,0,0,0,0,0,0,0,0,0,0,0,0,0,0,0,15,5,99,27,147,76,132,4,0,0,0,250,11,0,259,0,0,0,0,0,0,0,0,0,0,0,0,0,0,0,0,0,0,0,0,0,0,0,0,0,0,0,0,0,0,0,0,0,0,0,0,0,0,0,0,0,0,0,0,0,0,0,0,0,0,0,0,0,0,0,0,0,0,0,0,0,0,40,0,0,0,0,0,0,0,1,0,0,0,0,0,0,0,0,0,35,0,0,0,0,0,44,63,5,0,7,0,56,0,4,0,0,0,0,0,3,0,7,0,8,0,3,0,49,0,0,0,101,0,0,0,221,12,0,0,0,0,0,0,0,0,0,0,0,0,0,0,0,0,0,0,0,0,0,0,0,0,169,51,29,0,120,0,2,0,0,0,0,0,0,0,0
0,8,1,0,0,0,0,46,147,162,0,1,0,0,0,0,0,0,0,0,0,0,0,3,0,0,0,0,0,0,0,0,0,0,0,0,0,0,0,0,0,0,0,0,0,2,0,0,0,0,0,4,132,40,201,77,112,49,223,213,0,28,5,4,21,287,259,0,0,0,0,0,0,0,0,2,0,0,0,0,0,1,0,0,0,1,0,0,0,0,0,0,0,0,0,0,0,0,0,0,0,0,0,0,0,0,0,0,0,0,0,0,0,0,0,0,0,0,0,0,0,1,0,0,0,13,0,0,0,0,0,99,0,0,0,0,0,0,4,0,0,0,0,0,0,22,0,3,0,56,0,3,0,1,55,67,14,86,0,37,30,79,0,9,0,0,0,10,0,5,0,56,0,16,0,45,6,21,0,0,22,6,2,0,27,145,0,0,0,0,0,0,0,0,0,0,0,1,0,1,0,0,0,0,0,0,0,1,0,2,6,0,0,0,204,0,0,0,591,144,96,0,0,0,0
0,0,0,0,0,0,0,0,0,0,0,0,0,0,0,0,0,0,0,0,0,0,0,0,0,0,0,0,0,0,0,0,0,0,0,0,0,0,0,0,1,0,0,0,6,0,1,0,9,0,0,0,0,0,0,0,0,0,0,0,0,0,0,0,0,0,0,0,0,0,0,0,0,0,0,0,166,0,28,0,0,0,48,0,0,0,17,0,26,0,0,0,54,0,18,0,0,0,0,0,6,0,192,0,13,0,45,0,102,0,11,0,25,0,5,0,11,0,0,0,0,0,0,0,0,0,0,0,0,0,0,0,0,0,4,0,0,0,0,0,0,0,0,0,0,1,0,0,0,0,0,0,0,0,0,0,1,0,0,0,0,0,0,0,7,0,0,0,43,0,0,0,0,0,0,1,0,0,0,0,2,0,0,0,0,0,0,0,0,0,0,0,8,0,17,0,0,0,0,0,0,0,0,0,0,0,0,0,0,0,45,0,19,4,3,18,24,0,0,0,1,1,0,0,0
0,0,0,1,0,0,0,0,0,0,0,0,0,0,0,0,0,0,0,0,0,0,0,0,0,0,0,0,0,0,0,0,0,0,0,0,0,0,0,0,0,0,0,0,0,3,0,0,0,1,0,0,0,0,0,0,0,0,0,0,0,0,0,0,0,0,0,0,0,0,0,0,0,0,0,0,0,40,0,0,0,0,0,63,0,0,0,3,0,36,0,0,0,48,0,43,0,0,0,0,0,0,0,101,0,0,0,0,0,25,0,9,0,0,0,1,0,1,0,0,0,0,0,0,0,2,0,0,0,0,0,0,0,0,0,2,0,0,0,0,0,0,0,3,0,0,0,0,0,0,0,0,0,0,0,0,0,0,0,0,0,0,0,0,0,14,0,0,0,44,0,3,0,0,0,1,0,0,0,0,0,0,0,0,0,0,0,0,0,3,0,1,0,0,0,0,0,0,0,1,0,0,0,0,0,0,0,0,0,0,0,0,0,0,0,0,0,0,47,2,33,1,7,18,0
0,0,0,0,0,0,0,0,0,0,0,0,0,0,0,0,0,0,0,0,44,0,0,0,0,0,56,0,0,0,21,0,0,0,9,0,85,0,0,0,0,0,48,0,94,0,0,0,1,0,49,0,0,0,0,0,0,0,0,0,3,0,0,0,0,0,0,0,0,0,0,0,250,0,128,0,23,0,185,0,11,4,0,0,0,0,31,0,0,0,0,0,0,0,0,0,0,0,19,0,0,0,0,0,0,0,0,5,0,0,0,0,0,0,0,0,0,0,0,0,20,0,12,0,17,28,10,11,32,33,13,35,0,29,0,0,20,0,23,33,31,17,30,10,158,0,23,8,64,20,34,0,72,14,0,0,38,0,2,8,2,0,111,0,0,0,65,0,43,0,44,0,87,0,25,0,0,0,0,0,60,20,0,0,30,0,0,0,0,1,1,0,0,0,0,0,0,0,3,0,0,0,0,0,0,0,0,0,14,0,20,0,13,0,0,0,0,0,0,0,13,0,0,0,0
0,0,0,0,0,0,0,0,0,0,0,0,0,0,0,0,0,0,0,0,0,0,0,0,0,0,0,0,0,0,0,0,0,1,0,0,0,0,0,0,0,0,0,2,0,0,0,0,0,0,0,6,0,0,0,0,0,0,0,0,0,0,0,0,0,20,0,0,0,0,0,0,0,64,0,286,0,7,0,9,0,0,0,0,0,2,0,17,0,0,0,0,0,0,0,0,0,0,0,0,0,0,0,0,0,0,0,0,0,0,0,0,0,0,0,0,0,0,0,0,0,5,0,7,11,38,0,38,14,8,0,0,0,0,0,0,0,6,3,0,0,22,0,15,0,99,0,33,0,68,0,25,0,47,0,0,0,7,0,6,3,8,0,69,0,1,0,0,0,6,0,25,0,8,0,40,0,0,0,0,0,24,0,0,0,17,0,0,0,0,0,0,0,0,0,0,0,3,0,14,0,3,0,0,0,0,0,12,0,0,0,0,0,0,10,0,0,0,96,0,20,0,0,0,0
0,0,0,0,0,0,0,0,0,0,0,0,0,0,0,0,0,0,0,0,0,0,0,0,0,0,0,0,0,0,0,0,0,0,0,0,0,0,0,0,0,0,0,0,0,0,0,0,1,0,0,0,2,0,0,0,0,0,0,0,0,0,0,0,0,0,0,0,0,0,250,0,0,0,211,0,51,0,419,0,0,0,17,0,0,0,24,0,3,0,0,0,5,0,0,0,8,0,0,0,0,0,0,0,0,0,0,0,0,0,0,0,0,0,0,0,0,0,0,0,44,0,28,0,4,0,3,0,3,0,0,0,1,0,19,0,15,0,17,0,74,0,70,0,41,0,17,0,2,0,46,0,0,0,0,0,1,0,0,2,0,0,100,0,0,0,0,0,14,0,9,0,13,0,0,0,0,0,0,0,15,4,0,0,0,0,0,0,0,0,0,0,0,0,0,0,0,0,0,0,66,0,29,0,39,0,19,0,14,0,327,2,36,0,8,6,1,0,0,0,0,0,0,0,0
0,1,0,0,0,0,0,1,0,0,0,0,0,0,0,0,0,0,0,0,0,0,0,0,0,0,0,0,0,0,0,0,0,0,0,0,0,0,0,0,0,0,0,0,0,0,0,0,0,0,0,0,0,0,0,0,0,0,0,0,0,0,0,0,0,3,0,0,0,0,0,64,0,0,0,478,0,84,0,41,0,14,0,14,0,34,0,106,0,0,0,0,0,2,0,0,0,1,0,1,0,0,0,0,0,0,0,0,0,0,0,0,0,0,0,0,0,0,0,0,0,55,0,44,0,0,0,30,0,0,0,4,0,6,0,0,0,0,0,0,0,25,0,42,0,26,0,14,0,12,1,0,0,0,0,1,0,1,0,0,0,0,0,50,0,0,0,0,0,10,0,8,0,5,0,10,0,0,0,0,3,9,0,0,0,0,0,0,0,0,0,0,0,0,0,0,0,0,0,77,0,53,0,0,0,0,0,0,0,57,0,0,0,0,9,0,0,0,113,4,40,6,0,0,0
0,0,0,0,0,0,0,0,0,0,0,0,0,0,0,0,0,0,0,0,44,0,0,0,0,0,97,0,5,0,0,0,0,0,0,0,71,0,0,0,0,0,46,0,84,0,0,0,0,0,49,0,0,0,0,0,0,0,0,0,3,0,0,0,0,0,0,0,0,0,128,0,211,0,0,0,12,0,251,0,18,0,0,0,42,0,56,0,0,0,2,0,0,0,5,0,0,0,47,9,0,0,0,0,0,0,2,0,0,0,0,0,0,0,0,0,0,0,2,0,59,7,64,0,24,70,7,15,53,40,16,0,40,56,18,10,71,0,15,58,92,29,90,28,84,0,21,0,53,28,68,4,79,0,2,0,15,0,3,8,0,0,69,11,0,0,53,0,28,0,30,0,55,0,53,1,0,0,0,0,100,35,0,0,25,0,0,0,0,0,0,0,0,0,0,0,1,0,19,0,52,0,0,0,8,0,22,0,31,2,126,0,0,0,7,4,0,0,0,0,0,0,0,0,0
0,0,0,0,0,0,0,0,0,0,0,32,0,0,0,0,0,9,0,0,0,34,0,0,0,0,0,0,0,0,0,0,0,0,0,0,0,0,0,5,0,0,0,9,0,5,0,0,0,0,0,13,0,0,0,0,0,0,0,0,0,2,0,0,0,0,0,2,0,0,0,286,0,478,0,0,0,5,0,98,0,20,0,7,0,26,0,169,0,0,0,0,0,0,0,0,0,0,0,0,0,0,0,0,0,0,0,0,0,0,0,0,0,0,0,0,0,0,0,0,0,121,0,114,0,62,0,35,37,0,26,0,0,0,0,75,2,8,10,9,20,34,2,95,0,234,13,76,0,86,0,48,0,135,0,0,0,21,0,0,0,9,0,115,0,0,0,15,0,36,0,22,0,27,0,98,0,0,0,0,0,0,0,0,0,22,0,0,0,0,0,0,1,0,0,0,0,0,0,0,0,24,0,0,0,0,1,59,0,82,0,0,0,0,19,0,0,0,168,0,45,7,0,0,0
0,0,0,0,0,0,0,0,0,0,0,0,0,0,0,0,0,0,0,0,0,0,0,0,0,0,0,0,0,0,0,0,0,0,0,0,0,0,0,0,0,0,0,0,6,0,2,0,5,0,0,0,0,0,0,0,0,0,0,0,0,0,0,0,0,0,0,0,166,0,23,0,51,0,12,0,0,0,78,0,11,0,137,0,0,0,55,0,21,0,12,0,56,0,30,0,71,0,0,0,0,0,113,0,0,0,70,0,30,0,0,0,2,0,1,0,9,0,0,0,13,0,12,0,0,0,0,0,3,0,0,0,0,2,0,0,0,0,0,0,0,0,24,0,0,0,0,0,0,2,0,0,2,0,0,0,1,0,0,0,0,0,0,0,5,0,0,0,26,0,0,0,0,0,0,0,0,0,0,0,0,0,0,0,0,0,0,0,0,0,13,0,0,0,15,0,0,0,0,0,83,0,0,0,95,0,0,0,0,0,59,0,41,1,4,13,4,1,0,0,0,0,0,0,0
0,0,0,0,0,0,0,0,0,1,0,0,0,0,0,0,0,0,0,0,0,0,0,0,0,0,0,0,0,0,0,0,0,0,0,0,0,0,0,0,0,0,0,0,0,6,0,0,0,1,0,0,0,0,0,0,0,0,0,0,0,0,0,0,0,0,0,0,0,40,0,7,0,84,0,5,0,0,0,8,0,128,0,284,0,35,0,261,0,41,0,0,0,74,0,151,0,0,0,16,0,17,0,79,0,0,0,0,0,8,0,1,0,2,0,0,0,23,0,0,0,37,0,6,0,0,0,0,0,0,0,0,0,0,0,0,0,0,0,0,0,0,0,33,0,0,0,0,0,7,0,0,0,0,0,0,0,0,0,0,0,0,0,11,0,8,0,0,0,51,0,1,0,0,0,0,0,0,0,0,2,0,0,0,0,3,0,0,0,61,0,0,0,0,0,44,0,0,0,0,0,80,0,0,0,44,0,0,0,0,0,0,0,0,5,0,0,0,66,4,91,1,12,0,0
0,0,0,0,0,0,0,0,0,0,0,0,0,0,0,0,0,0,0,0,0,0,0,0,0,0,0,0,0,0,0,0,0,0,0,0,0,0,0,0,0,0,0,0,0,0,0,0,4,0,0,0,0,0,0,0,0,0,0,0,0,0,0,0,0,0,0,0,28,0,185,0,419,0,251,0,78,0,0,0,24,0,93,0,63,0,163,0,21,0,0,0,36,0,60,0,99,0,31,0,9,0,63,0,14,0,47,0,2,0,0,0,0,0,2,0,0,0,0,0,95,0,77,0,0,0,0,0,0,6,0,0,0,0,0,0,0,0,0,0,106,1,88,0,29,0,0,0,0,0,0,0,4,0,0,0,0,0,0,0,0,0,13,0,2,0,0,0,27,0,0,0,0,0,0,0,0,0,0,0,6,0,0,0,4,0,0,0,42,0,0,0,0,0,12,0,0,0,49,0,216,0,0,0,136,0,0,0,0,0,316,1,75,0,21,16,0,0,0,0,1,0,0,0,0
