0,350,142,123,70,0,11,220,153,66,154,0,124,0,14,0,32,72,29,0,8,0,0,28,19,452,65,0,30,0,2,0,38,0,0,0,37,0,328,31,35,0,0,0,28,0,52,0,10,0,4,0,15,0,9,88,0,0,0,0,60,0,27,53,26,0,7,0,0,0,0,0,0,0,0,0,0,0,0,0,0,0,2,0,0,0,0,0,0,0,0,0,0,0,0,0,0,0,0,0,0,0,0,0,0,0,0,0,0,0,0,0,0,0,0,0,0,0,0,0,0,0,0,0,0,0,5,0,0,0,0,0,0,0,0,0,0,0,0,0,0,0,0,0,0,0,11,0,67,0,58,0,56,0,4,0,0,0,0,0,0,0,0,0,0,0,0,0,18,2,0,0,223,11,13,0,628,100,14,0,47,0,49,0,120,0,9,0,0,0,0,0,0,0,0,0,0,0,0,0,0,0,0,0,0,0,0,0,4,0,760,216,216,0,289,0,0,1,8,8,0,0,0,0,0
350,0,470,70,92,151,54,141,0,82,38,214,0,108,46,124,55,32,0,268,7,0,330,19,120,16,0,227,0,58,0,17,0,129,0,0,0,125,0,242,0,24,0,0,0,0,0,100,0,10,0,10,0,25,0,25,0,0,0,0,0,227,2,118,0,90,0,19,0,0,0,0,0,0,0,0,0,0,0,0,0,0,0,0,0,0,0,0,0,0,0,0,0,0,0,0,0,0,0,0,0,0,0,0,0,0,0,0,0,0,0,0,0,0,0,0,0,0,0,0,0,0,0,0,0,0,0,50,0,0,0,18,0,0,0,40,0,66,0,0,0,0,0,0,0,13,0,23,0,59,0,34,0,45,0,0,0,0,0,0,0,0,0,8,0,20,0,39,0,83,0,0,0,345,0,15,187,553,0,12,0,0,0,17,0,76,0,0,0,0,0,0,0,0,0,0,0,0,0,0,0,0,0,0,0,0,0,3,0,33,2,3,0,0,408,0,0,0,853,202,376,0,0,0,2
142,470,0,130,283,0,62,0,24,0,33,31,140,0,307,43,93,102,124,0,77,0,819,93,85,424,113,0,250,18,30,0,246,0,0,0,135,0,770,0,0,0,0,0,0,0,51,0,21,0,0,0,6,0,166,62,0,0,0,0,70,0,0,43,25,2,0,0,0,0,0,0,0,0,0,0,0,0,0,0,0,0,0,0,0,0,0,0,0,0,0,0,0,0,0,0,101,0,0,0,0,0,0,0,0,0,186,0,0,0,0,0,0,0,0,0,0,0,0,0,0,0,0,0,59,0,122,0,0,0,50,0,25,0,127,0,141,0,0,0,0,0,196,0,0,0,88,0,59,0,51,0,36,0,4,0,0,0,0,0,7,0,10,0,0,0,108,0,42,0,18,0,378,0,0,0,184,54,0,0,0,0,6,0,10,0,0,0,0,0,0,0,0,0,0,0,0,0,0,0,76,0,0,0,0,0,0,0,44,0,756,117,531,119,459,5,5,0,0,0,0,0,0,0,0
123,70,130,0,147,109,0,142,0,0,79,28,0,0,77,336,11,29,2,219,0,150,143,195,0,37,0,90,0,185,0,38,0,331,0,15,0,59,0,322,0,0,0,0,0,0,0,0,0,0,0,17,0,0,0,82,0,0,0,0,0,0,0,0,0,0,0,0,0,0,0,0,0,0,0,0,0,0,0,0,0,0,0,0,0,0,0,0,0,0,0,0,0,0,0,0,0,0,0,0,0,0,0,0,0,0,0,0,0,0,0,0,0,0,0,0,0,0,0,0,0,0,0,0,0,0,0,0,0,0,0,0,0,0,0,0,0,98,0,0,0,0,0,0,0,0,0,13,0,0,0,0,0,0,0,0,0,0,0,0,0,7,0,0,0,27,0,115,0,54,0,0,0,191,0,0,75,69,2,0,0,0,0,0,0,0,0,0,0,0,0,0,0,0,0,0,0,0,0,0,0,0,0,0,0,0,0,2,0,0,0,0,1,0,215,0,0,0,328,71,367,67,0,0,2
70,92,283,147,0,447,2,0,32,0,113,248,335,89,165,497,0,0,90,163,135,159,101,302,0,21,238,0,0,0,123,0,198,150,160,0,319,0,76,0,104,0,16,0,46,0,157,0,23,0,55,0,3,0,0,0,0,0,0,0,0,0,0,0,23,0,0,0,0,0,0,0,0,0,0,0,0,0,0,0,0,0,0,0,0,0,0,0,0,0,0,0,0,0,0,0,0,0,0,0,0,0,0,0,0,0,0,0,0,0,0,0,0,0,2,0,0,0,0,0,0,0,0,0,0,0,0,0,0,0,7,0,0,0,0,0,0,0,0,0,0,0,0,0,0,0,0,0,9,0,0,0,0,0,0,0,0,0,0,0,0,0,0,0,66,0,216,0,0,0,0,0,92,0,0,0,763,117,156,0,29,0,7,0,18,0,7,0,0,0,0,0,0,0,0,0,0,0,0,0,0,0,0,0,0,0,0,0,0,0,718,392,490,0,303,3,0,0,0,0,0,0,0,0,0
0,151,0,109,447,0,0,78,0,5,66,143,263,187,251,333,0,5,376,132,157,220,0,77,0,0,101,125,0,0,6,150,0,259,60,272,0,282,0,0,0,48,0,0,0,30,0,148,0,8,0,174,0,0,0,11,0,0,0,0,0,0,0,0,0,0,0,0,0,0,0,0,0,0,0,0,0,0,0,0,0,0,0,1,0,0,0,0,0,0,0,0,0,0,0,0,0,0,0,0,0,0,0,0,0,0,0,0,0,0,0,0,0,0,0,0,0,0,0,0,0,0,0,0,0,0,0,0,0,0,0,0,0,0,0,0,0,0,0,0,0,0,0,0,0,0,0,0,0,0,0,0,0,0,0,0,0,0,0,0,0,0,0,5,0,148,0,236,0,147,0,22,0,70,0,0,130,247,0,17,0,0,0,0,0,16,0,7,0,0,0,0,0,0,0,0,0,0,0,0,0,0,0,0,0,0,0,0,0,0,0,0,0,0,262,0,0,0,417,246,536,0,0,0,0
11,54,62,0,2,0,0,0,139,185,3,0,5,0,4,0,9,0,0,0,0,0,22,0,269,40,0,0,44,0,0,0,0,0,0,0,0,0,93,0,0,0,0,0,0,0,0,0,71,0,0,0,20,0,146,167,18,0,27,0,108,0,120,0,26,0,9,0,0,0,0,0,0,0,0,0,0,0,0,0,0,0,5,0,0,0,0,0,0,0,0,0,0,0,0,0,0,0,0,0,0,0,0,0,0,0,0,0,0,0,0,0,0,0,0,0,0,0,0,0,0,0,0,0,58,0,87,0,0,0,49,0,21,0,38,0,29,0,0,0,0,0,0,0,0,0,33,0,36,0,34,0,5,0,0,0,0,1,0,0,12,0,0,0,0,0,0,0,52,0,112,0,294,0,0,0,79,43,0,0,0,0,0,11,9,0,0,0,0,0,0,0,0,0,0,0,0,0,0,0,6,0,0,0,0,0,0,0,20,0,653,64,300,181,534,7,0,8,0,3,0,1,0,0,0
220,141,0,142,0,78,0,0,171,56,0,59,0,27,0,86,29,39,0,126,0,57,71,47,241,124,0,65,0,145,0,0,0,37,0,0,0,0,0,263,0,0,0,0,0,0,0,0,0,8,0,22,9,0,0,296,0,24,0,25,0,289,12,239,0,13,0,0,0,3,1,0,0,3,0,0,0,0,0,0,0,0,0,0,0,0,0,0,0,0,0,27,0,0,0,0,0,0,0,14,0,18,0,0,0,0,0,32,0,0,0,0,0,0,1,0,0,0,0,0,0,0,0,0,0,52,0,92,0,17,3,60,0,28,0,72,0,115,0,20,0,0,0,78,0,0,0,25,0,21,0,0,0,0,0,8,0,0,0,0,0,26,0,6,0,29,0,18,0,124,0,126,0,492,0,0,68,70,0,0,0,0,28,8,0,0,0,0,0,0,0,0,0,0,0,0,0,0,0,0,0,0,0,0,0,0,0,4,0,25,2,0,4,0,775,0,0,0,868,109,356,289,1,101,3
153,0,24,0,32,0,139,171,0,293,27,0,29,0,8,0,11,0,0,0,0,0,1,0,37,27,0,0,3,0,0,0,0,0,0,0,0,0,0,0,0,0,0,0,12,0,22,0,46,0,0,0,34,60,43,376,2,18,176,0,126,0,52,54,243,0,140,0,0,0,0,0,0,0,0,0,2,0,0,0,0,0,0,0,0,0,0,0,0,0,1,0,0,0,0,0,0,0,0,0,0,0,0,0,0,0,0,0,0,0,0,0,0,0,0,0,0,0,0,0,0,0,0,0,66,0,57,0,0,0,53,0,0,0,5,0,2,0,0,0,0,0,1,0,0,0,28,0,127,0,35,0,17,0,2,0,5,0,0,0,8,0,0,0,0,0,0,0,34,0,92,0,161,0,0,0,553,83,2,0,0,0,6,8,216,19,1,0,0,0,0,0,0,0,0,0,0,0,1,0,0,0,0,0,0,0,0,0,12,0,637,79,167,0,459,0,0,0,0,3,0,0,0,0,0
66,82,0,0,0,5,185,56,293,0,0,34,0,0,0,26,14,0,0,23,0,0,0,0,364,0,0,35,0,0,0,0,0,0,0,0,0,0,0,0,0,0,0,0,0,2,0,7,0,2,0,0,37,53,118,89,0,18,0,207,0,78,41,31,0,143,0,183,0,0,0,0,0,0,0,0,0,0,0,0,0,0,0,5,0,0,0,0,0,0,0,0,0,0,0,0,0,0,0,0,0,0,0,0,0,0,0,9,0,0,0,0,0,0,0,0,0,0,0,0,0,0,0,0,0,58,0,74,0,0,0,59,0,34,0,20,0,41,0,5,0,0,0,11,0,7,0,45,0,77,0,15,0,0,0,15,0,37,0,0,0,11,0,4,0,10,0,6,0,22,0,43,0,0,0,5,92,384,0,0,0,0,0,47,0,170,0,0,0,0,0,0,0,0,0,0,0,0,0,0,0,0,0,0,0,0,0,0,0,31,0,0,0,1,397,1,0,0,785,125,165,0,0,57,1
154,38,33,79,113,66,3,0,27,0,0,54,243,0,39,142,11,25,10,0,56,0,0,137,0,11,39,3,0,0,29,6,61,0,36,0,114,0,40,0,73,0,0,0,0,0,57,0,8,0,0,0,0,0,2,0,0,0,0,0,0,0,0,0,2,0,2,0,0,0,0,0,0,0,0,0,0,0,0,0,0,0,0,0,0,0,0,0,0,0,0,0,0,0,0,0,0,0,0,0,0,0,0,0,0,0,0,0,0,0,0,0,0,0,0,0,0,0,0,0,0,0,0,0,0,0,0,0,0,0,2,0,0,0,0,0,0,0,0,0,0,0,0,0,0,0,0,0,9,0,16,0,4,0,0,0,0,0,0,0,0,0,1,0,0,0,44,0,9,0,5,0,13,0,0,0,531,27,85,0,22,0,43,0,14,0,22,0,0,0,0,0,0,0,0,0,0,0,0,0,0,0,0,0,0,0,0,0,0,0,328,151,155,0,128,0,0,0,0,0,0,0,0,0,0
0,214,31,28,248,143,0,59,0,34,54,0,57,433,234,104,0,21,151,101,77,111,41,143,0,0,0,231,0,36,0,64,0,294,20,84,0,91,0,0,4,165,0,22,0,33,0,216,0,45,0,37,0,0,0,0,0,0,0,0,0,14,0,0,0,41,0,12,0,0,0,0,0,0,0,0,0,0,0,0,0,0,0,0,0,0,0,0,0,0,0,0,0,0,0,0,0,0,0,0,0,0,0,0,0,0,0,0,0,0,0,0,0,0,0,0,0,0,0,0,0,0,0,0,0,0,0,11,0,0,0,0,0,0,0,0,0,0,0,0,0,0,0,0,0,0,0,8,0,29,0,0,0,93,0,0,0,7,0,0,0,0,0,5,0,39,0,0,0,63,0,0,0,88,0,0,127,355,0,32,0,65,0,51,0,67,0,17,0,0,0,0,0,0,0,0,0,0,0,0,0,0,0,4,0,0,0,0,0,0,0,0,0,0,225,0,0,0,621,232,371,0,5,0,0
124,0,140,0,335,263,5,0,29,0,243,57,0,620,9,94,0,0,36,461,0,198,0,13,0,0,155,338,0,0,0,0,0,19,68,0,56,22,0,0,138,48,91,73,90,0,164,50,46,3,153,57,0,0,0,0,0,0,0,0,0,0,0,0,6,0,0,0,0,0,0,0,0,0,0,0,0,0,0,0,0,0,0,0,0,0,0,0,0,0,0,0,0,0,0,0,0,0,0,0,0,0,0,0,0,0,0,0,0,0,0,0,0,0,0,0,0,0,0,0,0,0,0,0,0,0,0,0,0,0,0,0,0,0,0,0,0,0,0,0,0,0,0,0,0,0,0,0,0,0,0,0,0,0,0,0,0,0,0,0,0,0,0,0,25,0,0,0,0,0,1,0,0,2,0,0,428,100,170,0,0,0,16,0,0,0,104,33,0,0,0,0,0,0,0,0,0,0,0,0,0,0,0,0,0,0,0,0,0,0,0,228,184,0,0,0,0,0,0,0,0,0,0,0,0
0,108,0,0,89,187,0,27,0,0,0,433,620,0,14,5,0,0,230,113,0,50,0,0,0,0,591,140,0,0,0,0,0,0,0,96,0,0,0,0,243,138,29,127,102,71,110,220,0,56,33,266,0,0,0,0,0,0,0,0,0,0,0,0,0,0,0,0,0,0,0,0,0,0,0,0,0,0,0,0,0,0,0,0,0,0,0,0,0,0,0,0,0,0,0,0,0,0,0,0,0,0,0,0,0,0,0,0,0,0,0,0,0,0,0,0,0,0,0,0,0,0,0,0,0,0,0,0,0,0,0,0,0,0,0,0,0,0,0,0,0,0,0,0,0,0,0,0,0,0,0,0,0,0,0,0,0,0,0,0,0,0,0,0,0,129,0,8,0,66,0,0,0,0,0,0,88,166,0,8,0,0,0,0,0,0,127,24,0,0,0,0,0,0,0,0,0,0,0,0,0,0,0,0,0,0,0,0,0,0,0,0,0,0,46,0,0,0,101,191,262,0,0,0,0
14,46,307,77,165,251,4,0,8,0,39,234,9,14,0,319,72,17,244,29,202,87,421,286,131,0,149,0,2,12,126,32,94,101,124,0,170,21,0,14,0,0,0,0,0,0,0,0,0,0,25,0,10,0,38,0,0,0,0,0,2,0,38,0,0,0,0,0,0,0,0,0,0,0,17,0,0,0,0,0,0,0,0,0,164,0,0,0,0,0,0,0,0,0,0,0,289,0,0,0,0,0,0,0,0,0,407,0,0,0,0,0,0,0,0,0,0,0,0,0,0,0,0,0,0,0,0,0,0,0,0,0,0,0,0,0,51,0,10,0,56,0,202,0,0,0,24,0,0,0,0,0,41,0,0,0,0,0,0,0,0,0,0,0,30,0,111,0,0,0,0,0,19,0,0,0,119,23,16,0,0,0,10,0,24,0,0,0,0,0,0,0,0,0,0,0,2,0,0,0,45,0,0,0,0,0,0,0,13,0,265,393,175,0,86,3,0,0,20,0,0,0,0,0,0
0,124,43,336,497,333,0,86,0,26,142,104,94,5,319,0,0,11,159,227,106,148,56,115,3,69,0,108,0,3,7,57,0,88,36,36,0,47,0,9,0,0,0,13,0,0,0,1,0,0,0,13,0,0,0,47,0,0,0,0,0,14,0,0,0,13,0,0,0,0,0,0,0,0,0,0,0,0,0,0,0,0,0,0,0,0,0,0,0,0,0,0,0,0,0,0,0,0,0,0,0,0,0,0,0,0,0,0,0,0,0,0,0,0,0,0,0,0,0,0,0,0,0,2,0,0,0,20,0,0,0,0,0,0,0,0,0,169,1,0,0,0,0,54,0,0,0,0,0,21,0,0,0,0,0,0,0,16,0,0,0,0,0,0,0,8,1,45,0,19,0,0,0,0,0,0,76,60,31,17,0,0,0,2,0,29,0,0,0,0,0,0,0,0,0,0,0,0,0,0,0,0,0,0,0,0,0,0,0,0,0,0,0,0,62,0,0,0,151,191,72,0,0,0,0
32,55,93,11,0,0,9,29,11,14,11,0,0,0,72,0,0,8,27,0,334,0,228,5,67,90,0,0,140,0,13,0,113,0,21,0,13,0,289,0,0,0,0,0,0,0,0,0,0,0,0,0,111,0,16,22,7,0,0,0,43,0,101,9,0,0,0,0,0,0,65,0,16,0,84,0,0,0,0,0,335,0,0,0,357,0,208,0,0,0,111,0,0,0,0,0,422,0,676,0,354,0,0,0,0,0,248,0,0,0,0,0,0,0,0,0,0,0,0,0,115,0,63,0,0,0,0,0,75,0,0,0,0,1,0,0,65,0,156,0,323,0,297,3,17,0,0,0,0,0,0,0,0,0,66,1,0,0,39,0,0,0,5,0,0,0,4,0,29,0,0,0,83,0,0,0,0,0,0,0,0,0,11,0,0,0,0,0,0,0,0,0,0,0,0,0,0,0,0,0,0,0,0,0,0,0,0,0,0,0,88,430,68,0,30,0,0,1,0,0,0,0,0,0,0
72,32,102,29,0,5,0,39,0,0,25,21,0,0,17,11,8,0,0,10,0,104,94,157,0,152,0,0,0,135,0,34,0,62,0,0,0,12,0,144,0,0,0,0,0,0,0,0,0,5,0,0,0,41,0,65,0,100,0,0,0,34,0,177,0,0,0,0,0,0,0,0,0,0,0,0,0,0,0,0,0,160,0,0,0,84,0,55,0,0,0,0,0,0,0,0,0,0,0,0,0,159,0,0,0,0,0,0,0,0,0,0,0,0,0,0,0,0,0,0,0,0,0,0,0,7,0,0,0,75,0,0,0,0,0,35,0,34,2,195,0,139,0,547,0,7,0,0,0,0,0,0,0,0,0,109,0,0,0,91,0,13,0,0,0,4,0,15,0,17,0,0,0,25,0,0,9,24,0,36,0,0,0,6,0,0,0,0,0,0,0,0,0,0,0,0,0,0,0,0,0,0,0,0,0,0,0,0,0,0,0,0,0,0,0,0,0,0,15,77,50,0,0,0,0
29,0,124,2,90,376,0,0,0,0,10,151,36,230,244,159,27,0,0,299,126,211,182,0,25,0,163,45,0,0,28,27,9,44,257,0,95,0,0,0,0,0,39,30,14,0,0,0,9,0,320,0,0,0,0,0,0,0,0,0,0,0,13,0,0,0,0,0,0,0,0,0,0,0,0,0,0,0,0,0,0,0,0,0,0,0,0,0,0,0,0,0,0,0,0,0,0,0,0,0,0,0,0,0,0,0,0,0,0,0,0,0,0,0,0,0,0,0,0,0,0,0,0,0,0,0,0,0,0,0,0,0,0,0,0,0,0,0,0,0,0,0,0,0,15,0,0,0,0,0,0,0,0,0,0,0,0,0,2,0,0,0,0,0,0,4,34,0,0,0,0,0,0,0,0,0,39,27,0,2,0,0,7,0,0,0,1,0,0,0,0,0,0,0,0,0,0,0,0,0,0,0,0,0,0,0,0,0,0,0,103,335,276,0,0,0,0,0,0,0,0,0,0,0,0
0,268,0,219,163,132,0,126,0,23,0,101,461,113,29,227,0,10,299,0,0,175,0,36,0,36,199,326,0,0,0,71,0,0,40,248,6,96,0,0,0,0,21,165,0,123,0,43,3,13,43,266,0,22,0,38,0,0,0,0,0,0,0,0,0,0,0,4,0,0,0,0,0,0,0,0,0,0,0,0,0,0,0,0,0,0,0,0,0,0,0,0,0,0,0,0,0,0,0,0,0,0,0,0,0,0,0,0,0,0,0,0,0,0,0,0,0,0,0,0,0,0,0,0,0,0,0,0,0,0,0,0,0,0,0,0,0,96,0,0,0,0,0,0,0,0,0,0,0,0,0,0,0,0,0,0,0,0,0,0,0,0,0,0,0,91,0,12,0,36,0,0,0,0,0,0,35,28,10,11,0,0,0,3,0,31,15,4,0,0,0,0,0,0,0,0,0,0,0,0,0,0,0,0,0,0,0,0,0,0,0,0,0,0,65,0,0,0,111,290,156,0,0,0,0
8,7,77,0,135,157,0,0,0,0,56,77,0,0,202,106,334,0,126,0,0,71,339,62,36,5,147,0,60,0,81,0,128,29,191,0,111,0,18,0,0,1,12,0,7,0,0,0,0,0,206,0,33,0,0,0,0,0,0,0,0,0,133,0,0,0,0,0,0,0,86,0,35,0,87,0,0,0,0,0,210,0,0,0,0,0,134,0,0,0,0,0,0,0,0,0,272,0,585,0,352,0,0,0,0,0,0,0,0,0,0,0,0,0,0,0,0,0,0,0,62,0,0,0,0,0,0,0,0,0,9,0,0,0,0,0,27,0,0,0,98,0,95,0,78,0,0,0,0,0,0,0,0,0,4,0,0,0,5,1,0,0,24,0,41,0,150,0,41,0,9,0,42,0,0,0,57,3,26,1,0,1,11,0,0,0,0,0,0,0,0,0,0,0,0,0,0,0,0,0,0,0,0,0,0,0,0,0,0,0,239,551,259,44,105,0,0,0,0,0,0,0,0,0,0
0,0,0,150,159,220,0,57,0,0,0,111,198,50,87,148,0,104,211,175,71,0,0,310,0,206,68,212,0,44,0,86,0,79,39,221,0,46,0,11,0,0,0,126,0,149,0,0,0,15,20,102,0,11,0,85,0,0,0,0,0,0,0,79,0,0,0,0,0,0,0,4,0,0,0,0,0,0,0,0,0,179,0,0,0,0,0,53,0,0,0,0,0,0,0,0,0,0,0,0,0,0,0,0,0,0,0,0,0,0,0,0,0,0,0,0,0,0,0,2,0,0,0,0,0,0,0,0,0,0,0,0,0,0,0,0,0,0,0,170,0,338,0,571,0,52,0,0,2,0,0,0,0,0,0,51,0,0,0,0,0,0,0,0,0,58,0,58,0,64,0,4,0,0,0,0,23,45,0,56,0,0,0,0,0,12,0,12,0,0,0,0,0,0,0,0,0,0,0,0,0,0,0,0,0,0,0,0,0,0,0,0,0,0,94,0,0,0,201,461,186,0,0,0,0
0,330,819,143,101,0,22,71,1,0,0,41,0,0,421,56,228,94,182,0,339,0,0,153,189,281,0,0,42,21,78,0,68,22,27,0,18,9,38,49,0,0,11,0,0,0,0,0,0,0,0,0,7,0,22,20,0,0,2,0,7,7,45,26,0,0,0,0,0,0,0,0,0,0,0,0,0,0,0,0,0,0,0,0,200,0,0,0,0,0,0,0,0,0,0,0,304,0,0,0,0,0,0,0,0,0,412,0,0,0,0,0,0,0,0,0,0,0,0,0,0,0,50,0,0,0,0,0,74,0,0,0,0,0,0,0,141,0,0,0,74,0,326,0,2,0,0,0,0,0,0,0,0,0,25,0,0,0,11,0,0,0,0,0,0,0,0,2,0,0,0,0,39,0,0,0,76,15,0,0,0,0,0,0,0,0,0,0,0,0,0,0,0,0,0,0,0,0,6,0,37,0,0,0,0,0,0,0,0,0,98,693,42,0,36,0,0,0,0,0,0,0,0,0,0
28,19,93,195,302,77,0,47,0,0,137,143,13,0,286,115,5,157,0,36,62,310,153,0,0,76,0,39,0,68,6,50,0,42,0,24,0,16,0,21,0,0,0,26,0,15,0,0,0,0,0,0,0,4,0,65,0,21,0,0,0,0,0,83,0,0,0,1,0,0,0,9,0,0,0,0,0,0,0,0,0,86,0,0,0,23,0,0,0,0,0,0,0,0,0,0,0,0,0,83,0,99,0,0,0,0,0,0,0,0,0,0,0,0,0,0,0,0,0,0,0,22,0,0,0,0,0,0,0,0,0,0,0,0,0,0,0,0,0,57,0,100,0,277,0,0,0,0,0,0,0,0,0,7,0,0,0,0,0,17,0,0,0,0,0,10,0,89,0,28,0,14,0,39,0,0,63,125,0,162,0,0,0,5,0,0,0,0,0,0,0,0,0,0,0,0,0,0,0,0,0,0,0,0,0,0,0,0,0,0,0,0,4,0,22,0,0,0,84,280,94,12,0,0,0
19,120,85,0,0,0,269,241,37,364,0,0,0,0,131,3,67,0,25,0,36,0,189,0,0,110,0,0,38,0,0,0,6,0,0,0,0,0,35,0,0,0,0,0,0,0,0,0,15,0,0,0,81,41,163,344,20,0,24,0,47,0,156,83,0,0,0,0,0,0,0,0,0,0,0,0,0,0,0,0,0,0,0,0,90,0,0,2,0,0,0,0,0,0,0,0,0,0,0,0,0,0,0,0,0,0,0,0,0,0,0,0,0,0,0,0,0,0,0,0,0,0,25,0,0,0,19,0,240,0,0,0,0,0,69,0,201,0,22,0,0,0,267,0,0,0,16,0,0,0,0,0,4,0,29,1,0,0,40,0,9,0,0,0,3,0,0,0,21,0,29,0,140,0,0,0,82,31,0,0,0,0,13,5,0,0,0,0,0,0,0,0,0,0,0,0,0,0,0,0,32,0,0,0,0,0,0,0,14,0,113,166,106,48,106,0,4,0,0,2,0,0,0,0,0
452,16,424,37,21,0,40,124,27,0,11,0,0,0,0,69,90,152,0,36,5,206,281,76,110,0,0,0,0,99,0,20,0,23,0,6,0,0,8,75,0,0,0,0,0,0,0,0,0,0,0,0,0,14,0,231,0,59,0,0,0,48,0,53,2,0,0,0,0,0,0,0,0,0,0,0,0,0,0,0,0,0,0,0,0,0,0,0,0,0,0,117,0,0,0,0,0,20,0,0,0,81,0,0,0,0,0,73,0,0,0,0,0,0,0,0,0,0,0,0,0,10,0,0,0,0,0,0,0,0,0,0,0,17,0,0,0,28,0,28,0,0,0,184,0,2,0,0,0,0,0,0,0,0,0,50,0,0,0,43,0,0,0,0,0,0,0,0,0,12,0,19,0,62,0,1,47,35,0,17,1,0,0,6,0,0,0,0,0,0,0,0,0,0,0,0,0,0,0,0,0,3,0,0,0,0,0,0,0,0,0,0,0,0,38,0,0,0,61,210,45,15,0,5,0
65,0,113,0,238,101,0,0,0,0,39,0,155,591,149,0,0,0,163,199,147,68,0,0,0,0,0,288,0,0,28,0,10,0,73,0,79,0,0,0,16,123,261,91,249,0,106,106,31,0,309,37,0,0,0,0,0,0,0,0,0,0,0,0,0,0,0,0,0,0,0,0,0,0,0,0,0,0,0,0,0,0,0,0,0,0,0,0,0,0,0,0,0,0,0,0,0,0,0,0,0,0,0,0,0,0,0,0,0,0,0,0,0,0,0,0,0,0,0,0,0,0,0,0,0,0,0,0,0,0,0,0,0,0,0,0,0,0,0,0,0,0,0,0,0,0,0,0,16,0,0,0,0,0,0,0,0,0,0,0,0,0,0,0,71,0,0,0,0,0,0,0,0,0,0,0,24,10,9,0,0,0,37,0,31,0,0,69,0,0,0,0,0,0,0,0,0,0,0,0,0,0,0,0,0,0,0,0,0,0,0,583,272,0,24,0,0,25,0,0,0,0,0,0,0
0,227,0,90,0,125,0,65,0,35,3,231,338,140,0,108,0,0,45,326,0,212,0,39,0,0,288,0,0,0,0,23,0,0,0,45,0,37,0,0,187,45,0,294,74,330,87,315,20,48,0,250,0,0,0,0,0,0,0,0,0,0,0,0,0,0,0,3,0,0,0,0,0,0,0,0,0,0,0,0,0,0,0,0,0,0,0,0,0,0,0,0,0,0,0,0,0,0,0,0,0,0,0,0,0,0,0,0,0,0,0,0,0,0,0,0,0,0,0,0,0,0,0,0,0,0,0,0,0,0,0,0,0,0,0,0,0,0,0,0,0,0,0,0,0,0,0,0,0,16,0,0,0,0,0,0,0,0,0,0,0,0,0,0,0,75,0,10,0,0,0,0,0,0,0,0,19,22,0,0,0,0,0,0,0,0,78,12,0,0,0,0,0,0,0,0,0,2,0,0,0,0,0,0,0,0,0,0,0,0,0,0,0,0,46,0,0,0,51,422,247,0,0,3,24
30,0,250,0,0,0,44,0,3,0,0,0,0,0,2,0,140,0,0,0,60,0,42,0,38,0,0,0,0,0,40,0,5,0,8,0,13,0,5,0,0,0,8,0,0,0,0,0,0,0,13,0,3,0,0,0,0,0,0,0,62,0,17,0,0,0,0,0,0,0,13,0,5,0,8,0,0,0,0,0,46,0,0,0,14,0,23,0,0,0,0,0,0,0,0,0,22,0,66,0,33,0,0,0,5,0,23,0,0,0,0,0,0,0,0,0,0,0,0,0,0,0,0,0,0,0,0,0,0,0,0,0,0,0,0,0,0,0,27,0,44,0,0,0,21,0,0,0,0,0,0,0,0,0,0,0,0,0,4,0,0,0,0,0,0,0,0,0,0,0,0,0,0,0,0,0,1,0,0,0,0,0,0,0,0,0,0,0,0,0,0,0,0,0,0,0,0,0,0,0,0,0,0,0,0,0,0,0,0,0,5,52,2,0,0,0,0,0,0,0,0,0,0,0,0
0,58,18,185,0,0,0,145,0,0,0,36,0,0,12,3,0,135,0,0,0,44,21,68,0,99,0,0,0,0,0,46,0,27,0,0,0,7,0,21,0,0,0,13,0,5,0,0,0,0,0,3,0,9,0,34,0,17,0,0,0,13,0,42,0,0,0,0,0,0,0,0,0,0,0,2,0,0,0,0,0,28,0,0,0,18,0,7,0,0,0,0,0,0,0,18,0,0,0,0,0,0,0,0,0,0,0,0,0,0,0,0,0,0,0,0,0,0,0,0,0,0,0,0,0,0,0,0,0,0,0,0,0,0,0,0,0,0,0,226,0,214,0,239,0,0,0,0,0,0,0,0,0,0,0,19,0,2,0,46,0,0,0,0,0,0,0,0,0,4,0,0,0,0,0,0,0,16,0,29,0,0,0,3,0,0,0,0,0,0,0,0,0,0,0,0,0,0,0,0,0,0,0,0,0,0,0,0,0,0,0,0,0,0,7,0,0,0,0,62,11,3,0,0,0
2,0,30,0,123,6,0,0,0,0,29,0,0,0,126,7,13,0,28,0,81,0,78,6,0,0,28,0,40,0,0,0,11,0,73,0,33,0,5,0,0,0,25,0,0,0,0,0,0,0,71,0,2,0,0,0,0,0,0,0,3,0,21,0,0,0,0,0,0,0,10,0,0,0,5,0,0,0,0,0,0,0,0,0,0,0,0,0,0,0,0,0,0,0,0,0,0,0,0,0,0,0,0,0,0,0,0,0,0,0,0,0,0,0,0,0,0,0,0,0,0,0,0,0,0,0,0,0,2,0,0,0,0,0,0,0,0,0,13,0,33,0,8,0,22,0,0,0,0,0,0,0,0,0,0,0,0,0,0,0,0,0,0,0,0,0,15,0,0,0,0,0,6,0,0,0,12,0,9,0,0,0,0,0,1,0,0,0,0,0,0,0,0,0,0,0,0,0,0,0,0,0,0,0,0,0,0,0,0,0,31,62,23,0,12,0,0,0,0,0,0,0,0,0,0
0,17,0,38,0,150,0,0,0,0,6,64,0,0,32,57,0,34,27,71,0,86,0,50,0,20,0,23,0,46,0,0,0,44,0,28,0,10,0,19,0,0,0,72,0,26,0,0,0,0,0,29,0,0,0,0,0,0,0,0,0,5,0,23,0,0,0,0,0,0,0,0,0,0,0,0,0,0,0,0,0,0,0,0,0,5,0,0,0,0,0,0,0,0,0,0,0,0,0,0,0,0,0,0,0,0,0,0,0,0,0,0,0,0,0,0,0,0,0,0,0,0,0,0,0,0,0,0,0,0,0,0,0,0,0,0,0,0,0,139,0,167,0,107,0,46,0,0,0,0,0,0,0,0,0,0,0,0,0,0,0,0,0,0,0,0,0,11,0,0,0,0,0,0,0,0,0,0,0,31,0,0,0,0,0,0,0,0,0,0,0,0,0,0,0,0,0,0,0,0,0,0,0,0,0,0,0,0,0,0,0,0,0,0,0,0,0,0,36,52,22,0,0,0,0
38,0,246,0,198,0,0,0,0,0,61,0,0,0,94,0,113,0,9,0,128,0,68,0,6,0,10,0,5,0,11,0,0,0,24,0,135,0,0,0,0,0,9,0,5,0,0,0,0,0,25,0,0,0,0,0,0,0,0,0,2,0,12,0,0,0,0,0,0,0,5,0,0,0,0,0,0,0,0,0,0,0,0,0,0,0,0,0,0,0,0,0,0,0,0,0,0,0,0,0,0,0,0,0,0,0,0,0,0,0,0,0,0,0,0,0,0,0,0,0,0,0,0,0,0,0,0,0,0,0,0,0,0,0,0,0,0,0,5,0,0,0,0,0,0,0,0,0,0,0,0,0,0,0,0,0,0,0,0,0,0,0,2,0,0,0,31,0,4,0,0,0,10,0,0,0,19,0,17,0,0,0,16,0,0,0,0,0,0,0,0,0,0,0,0,0,0,0,0,0,0,0,0,0,0,0,0,0,0,0,46,199,43,0,0,0,0,0,1,0,0,0,0,0,0
0,129,0,331,150,259,0,37,0,0,0,294,19,0,101,88,0,62,44,0,29,79,22,42,0,23,0,0,0,27,0,44,0,0,0,42,0,266,0,14,0,0,0,49,0,21,0,0,0,0,0,47,0,0,0,0,0,0,0,0,0,22,0,30,0,0,0,0,0,0,0,0,0,0,0,0,0,0,0,0,0,0,0,0,0,0,0,0,0,0,0,0,0,0,0,0,0,0,0,0,0,0,0,0,0,0,0,0,0,0,0,0,0,0,0,0,0,0,0,0,0,0,0,0,0,0,0,0,0,0,0,0,0,0,0,0,0,0,0,70,0,76,0,0,0,0,0,0,0,0,0,0,0,0,0,2,0,20,0,13,0,0,0,0,0,0,0,100,0,6,0,0,0,13,0,0,27,77,0,154,0,0,0,2,0,0,0,0,0,0,0,0,0,0,0,0,0,0,0,0,0,0,0,0,0,0,0,0,0,0,0,0,0,0,41,0,0,0,36,340,63,9,0,0,0
0,0,0,0,160,60,0,0,0,0,36,20,68,0,124,36,21,0,257,40,191,39,27,0,0,0,73,0,8,0,73,0,24,0,0,0,165,7,0,0,0,0,47,0,12,0,0,0,0,0,81,0,5,0,0,0,0,0,0,0,0,0,0,0,0,0,0,0,0,0,0,0,0,0,0,0,0,0,0,0,0,0,0,0,0,0,0,0,0,0,0,0,0,0,0,0,0,0,0,0,0,0,0,0,0,0,0,0,0,0,0,0,0,0,0,0,0,0,0,0,0,0,0,0,0,0,0,0,0,0,0,0,0,0,0,0,0,0,0,0,0,0,0,0,19,0,0,0,0,0,0,0,0,0,0,0,1,0,0,1,0,0,0,0,31,0,56,0,18,0,0,0,0,0,0,0,14,0,29,0,4,0,0,0,0,0,0,0,0,0,0,0,0,0,0,0,0,0,0,0,0,0,0,0,0,0,0,0,0,0,69,261,117,0,0,0,0,0,0,0,0,0,0,0,0
0,0,0,15,0,272,0,0,0,0,0,84,0,96,0,36,0,0,0,248,0,221,0,24,0,6,0,45,0,0,0,28,0,42,0,0,0,121,0,6,0,0,0,85,0,65,0,3,0,0,0,44,0,0,0,0,0,23,0,0,0,0,0,0,0,0,0,0,0,0,0,0,0,0,0,0,0,0,0,0,0,0,0,0,0,0,0,0,0,0,0,0,0,0,0,0,0,0,0,0,0,0,0,0,0,0,0,0,0,0,0,0,0,0,0,0,0,0,0,0,0,0,0,0,0,0,0,0,0,0,0,0,0,0,0,0,0,0,0,84,0,159,0,196,0,0,0,0,0,0,0,0,0,0,0,9,0,0,0,0,0,0,0,0,0,49,0,36,0,30,0,0,0,16,0,0,5,39,0,32,0,0,0,0,0,0,0,22,0,0,0,0,0,0,0,0,0,0,0,0,0,0,0,0,0,0,0,0,0,0,0,0,0,0,0,0,0,0,61,195,92,0,0,0,0
37,0,135,0,319,0,0,0,0,0,114,0,56,0,170,0,13,0,95,6,111,0,18,0,0,0,79,0,13,0,33,0,135,0,165,0,0,0,65,0,0,0,107,0,48,0,0,0,4,0,138,0,6,0,2,0,0,0,0,0,7,0,21,0,0,0,0,0,0,0,86,0,19,0,71,0,0,0,0,0,0,0,0,0,0,0,0,0,0,0,0,0,0,0,0,0,0,0,0,0,128,0,0,0,0,0,0,0,0,0,0,0,0,0,0,0,0,0,0,0,0,0,0,0,0,0,0,0,3,0,0,0,0,0,0,0,0,0,63,0,78,0,0,0,148,0,0,0,0,0,0,0,0,0,6,0,27,0,0,0,0,0,26,0,35,0,29,0,19,0,37,0,26,0,0,0,34,0,36,0,0,0,11,0,0,0,0,0,0,0,0,0,0,0,0,0,0,0,0,0,0,0,0,0,0,0,0,0,0,0,45,123,65,0,0,0,0,0,0,0,0,0,0,0,0
0,125,0,59,0,282,0,0,0,0,0,91,22,0,21,47,0,12,0,96,0,46,9,16,0,0,0,37,0,7,0,10,0,266,7,121,0,0,0,38,0,0,0,99,0,40,0,0,0,0,0,91,0,0,0,3,0,12,0,0,0,45,0,23,0,0,0,0,0,0,0,0,0,0,0,0,0,0,0,0,0,0,0,0,0,20,0,25,0,0,0,0,0,0,0,0,0,0,0,0,0,0,0,0,0,0,0,0,0,0,0,0,0,0,0,0,0,0,0,0,0,0,0,0,0,0,0,0,0,0,0,0,0,0,0,0,0,0,0,223,0,374,0,299,0,232,0,0,0,0,0,0,0,0,0,14,0,81,0,28,0,0,0,3,0,31,0,39,0,67,0,0,0,43,0,0,7,65,0,56,0,0,0,12,0,0,0,7,0,0,0,0,0,0,0,0,0,0,0,0,0,0,0,0,0,0,0,0,0,0,0,0,0,0,25,0,0,0,39,277,77,0,0,1,0
328,0,770,0,76,0,93,0,0,0,40,0,0,0,0,0,289,0,0,0,18,0,38,0,35,8,0,0,5,0,5,0,0,0,0,0,65,0,0,0,0,0,3,0,1,0,0,0,0,0,2,0,10,0,0,3,0,0,0,0,3,0,13,0,0,0,0,0,0,0,9,0,0,0,3,0,0,0,0,0,0,0,0,0,0,0,0,0,0,0,0,0,0,0,0,0,0,0,0,0,0,0,0,0,0,0,0,0,0,0,0,0,0,0,0,0,0,0,1,0,0,0,0,0,0,0,0,0,0,0,0,0,0,0,0,0,0,0,33,0,48,0,0,0,26,0,0,0,0,0,0,0,0,0,8,0,38,0,0,0,0,0,0,0,0,0,26,0,0,0,9,0,77,0,0,0,30,0,0,0,0,0,47,0,12,0,0,0,0,0,0,0,0,0,0,0,0,0,0,0,0,0,0,0,0,0,0,0,0,0,0,187,9,0,2,0,0,0,0,0,0,0,0,0,0
31,242,0,322,0,0,0,263,0,0,0,0,0,0,14,9,0,144,0,0,0,11,49,21,0,75,0,0,0,21,0,19,0,14,0,6,0,38,0,0,0,0,0,0,0,0,0,0,0,0,0,3,0,0,0,0,0,0,0,0,0,16,0,28,0,0,0,0,0,0,0,0,0,0,0,0,0,0,0,0,0,0,0,0,0,0,0,0,0,0,0,0,0,0,0,0,0,0,0,0,0,0,0,0,0,0,0,0,0,0,0,0,0,0,0,0,0,0,0,0,0,0,0,0,0,0,0,0,0,0,0,0,0,0,0,0,0,0,0,72,0,59,0,27,0,60,0,0,0,0,0,0,0,0,0,5,0,27,0,30,0,0,0,0,0,0,0,19,0,0,0,0,0,23,0,0,0,74,0,66,0,0,0,19,0,0,0,0,0,0,0,0,0,0,0,0,0,0,0,0,0,0,0,0,0,0,0,0,0,0,0,0,0,0,0,0,0,0,0,232,0,0,0,0,0
35,0,0,0,104,0,0,0,0,0,73,4,138,243,0,0,0,0,0,0,0,0,0,0,0,0,16,187,0,0,0,0,0,0,0,0,0,0,0,0,0,177,36,72,64,55,142,195,59,6,10,0,0,0,0,0,0,0,0,0,0,0,0,0,0,0,0,0,0,0,0,0,0,0,0,0,0,0,0,0,0,0,0,0,0,0,0,0,0,0,0,0,0,0,0,0,0,0,0,0,0,0,0,0,0,0,0,0,0,0,0,0,0,0,0,0,0,0,0,0,0,0,0,0,0,0,0,0,0,0,0,0,0,0,0,0,0,0,0,0,0,0,0,0,0,0,0,0,0,0,0,0,0,0,0,0,0,0,0,0,0,0,0,0,0,0,0,0,0,0,0,0,0,0,0,0,21,51,30,0,0,0,5,0,6,0,36,39,0,0,0,0,0,0,0,0,0,0,0,0,0,0,0,0,0,0,0,0,0,0,0,135,22,0,0,0,0,10,0,0,0,0,0,0,0
0,24,0,0,0,48,0,0,0,0,0,165,48,138,0,0,0,0,0,0,1,0,0,0,0,0,123,45,0,0,0,0,0,0,0,0,0,0,0,0,177,0,5,26,134,35,227,288,96,165,0,0,0,0,0,0,0,0,0,0,0,0,0,0,0,0,0,0,0,0,0,0,0,0,0,0,0,0,0,0,0,0,0,0,0,0,0,0,0,0,0,0,0,0,0,0,0,0,0,0,0,0,0,0,0,0,0,0,0,0,0,0,0,0,0,0,0,0,0,0,0,0,0,0,0,0,0,0,0,0,0,0,0,0,0,0,0,0,0,0,0,0,0,0,0,0,0,0,0,0,0,0,0,0,0,0,0,0,0,0,0,0,0,0,0,0,0,0,0,0,0,0,0,0,0,0,1,188,2,18,0,0,0,0,0,0,86,19,0,0,0,0,0,0,0,0,0,0,0,0,0,0,0,0,0,0,0,0,0,0,0,23,0,0,0,0,0,4,0,125,22,0,0,0,47
0,0,0,0,16,0,0,0,0,0,0,0,91,29,0,0,0,0,39,21,12,0,11,0,0,0,261,0,8,0,25,0,9,0,47,0,107,0,3,0,36,5,0,0,274,0,33,0,39,0,78,0,4,0,0,0,0,0,0,0,0,0,15,0,0,0,0,0,0,0,24,0,5,0,26,0,0,0,0,0,0,0,0,0,0,0,0,0,0,0,0,0,0,0,0,0,0,0,0,0,0,0,0,0,0,0,0,0,0,0,0,0,0,0,0,0,0,0,0,0,0,0,0,0,0,0,0,0,0,0,0,0,0,0,0,0,0,0,0,0,0,0,0,0,28,0,0,0,0,0,0,0,0,0,1,0,0,0,0,0,0,0,0,0,56,0,32,0,0,0,0,0,11,0,0,0,0,0,19,0,0,0,0,0,1,0,48,0,0,0,0,0,0,0,0,0,0,0,0,0,0,0,0,0,0,0,0,0,0,0,23,196,125,19,9,0,0,53,0,0,0,0,0,0,0
0,0,0,0,0,0,0,0,0,0,0,22,73,127,0,13,0,0,30,165,0,126,0,26,0,0,91,294,0,13,0,72,0,49,0,85,0,99,0,0,72,26,0,0,21,206,0,64,0,39,0,55,0,0,0,0,0,38,0,0,0,0,0,0,0,0,0,0,0,0,0,17,0,0,0,0,0,0,0,0,0,0,0,0,0,0,0,0,0,0,0,0,0,0,0,0,0,0,0,0,0,0,0,0,0,0,0,0,0,0,0,0,0,0,0,0,0,0,0,0,0,0,0,0,0,0,0,0,0,0,0,0,0,0,0,0,0,0,0,0,0,168,0,341,0,0,0,0,0,0,0,0,0,0,0,0,0,16,0,0,0,0,0,10,0,76,0,25,0,40,0,15,0,42,0,0,0,37,0,0,0,0,0,0,0,0,22,112,0,0,0,0,0,0,0,0,0,0,0,0,0,0,0,0,0,0,0,0,0,0,0,0,0,0,39,0,0,0,134,262,186,0,0,0,0
28,0,0,0,46,0,0,0,12,0,0,0,90,102,0,0,0,0,14,0,7,0,0,0,0,0,249,74,0,0,0,0,5,0,12,0,48,0,1,0,64,134,274,21,0,54,214,135,149,0,94,0,0,0,2,0,0,0,3,0,0,0,0,0,0,0,1,0,0,0,0,0,4,0,0,0,0,0,0,0,15,0,0,0,0,0,0,0,0,0,0,0,0,0,0,0,0,0,0,0,0,0,0,0,0,0,0,0,0,0,0,0,0,0,0,0,0,0,0,0,0,0,0,0,0,0,0,0,0,0,0,0,0,0,0,0,0,0,0,0,0,0,0,0,0,0,0,0,0,0,0,0,0,0,0,0,0,0,0,0,0,0,0,0,133,0,14,1,65,0,8,0,17,0,0,0,83,17,21,0,0,0,8,0,0,0,59,20,0,0,0,0,0,0,0,0,0,0,0,0,0,0,0,0,0,0,0,0,0,0,17,263,141,13,0,0,2,133,0,3,0,0,0,0,3
0,0,0,0,0,30,0,0,0,2,0,33,0,71,0,0,0,0,0,123,0,149,0,15,0,0,0,330,0,5,0,26,0,21,0,65,0,40,0,0,55,35,0,206,54,0,75,280,34,260,1,105,0,0,0,0,0,0,0,0,0,0,0,0,0,0,0,0,0,9,0,0,0,0,0,0,0,0,0,0,0,81,0,56,0,0,0,0,0,16,0,0,0,18,0,47,0,0,0,0,0,0,0,9,0,0,0,0,0,0,0,0,0,0,0,0,0,0,0,0,0,33,0,0,0,0,0,0,0,0,0,0,0,0,0,0,0,0,0,0,0,134,0,0,0,30,0,0,0,0,0,0,0,0,0,0,0,0,0,0,0,0,0,8,0,173,0,15,0,198,0,19,0,29,0,0,0,49,0,0,0,0,0,0,0,0,31,42,0,0,0,0,0,0,0,0,0,0,0,0,0,0,0,0,0,0,0,0,0,0,0,4,0,0,14,0,0,0,46,290,278,12,0,0,130
52,0,51,0,157,0,0,0,22,0,57,0,164,110,0,0,0,0,0,0,0,0,0,0,0,0,106,87,0,0,0,0,0,0,0,0,0,0,0,0,142,227,33,0,214,75,0,222,190,14,14,10,0,0,0,0,0,0,0,0,0,0,0,0,0,0,0,0,0,0,0,0,0,0,0,0,0,0,0,0,0,0,0,0,0,0,0,0,0,0,0,0,0,0,0,0,0,0,0,0,0,0,0,0,0,0,0,0,0,0,0,0,0,0,0,0,0,0,0,0,0,0,0,0,0,0,0,0,0,0,0,0,0,0,0,0,0,0,0,0,0,0,0,0,0,0,0,0,0,0,0,0,0,0,0,0,0,0,0,0,0,0,0,0,21,0,0,0,7,0,0,0,0,0,0,0,29,48,23,0,0,0,9,0,8,0,70,25,0,0,0,0,0,0,0,0,0,0,0,0,0,0,0,0,0,0,0,0,0,0,0,311,52,0,0,0,0,156,0,0,0,0,0,0,3
0,100,0,0,0,148,0,0,0,7,0,216,50,220,0,1,0,0,0,43,0,0,0,0,0,0,106,315,0,0,0,0,0,0,0,3,0,0,0,0,195,288,0,64,135,280,222,0,152,112,0,22,0,0,0,0,0,0,0,0,0,0,0,0,0,0,0,0,0,0,0,0,0,0,0,0,0,0,0,0,0,0,0,0,0,0,0,0,0,0,0,0,1,0,0,0,0,0,0,0,0,0,0,0,0,0,0,0,0,0,0,0,0,0,0,0,0,0,0,0,0,0,0,0,0,0,0,0,0,0,0,0,0,0,0,0,0,0,0,0,0,0,0,0,0,0,0,0,0,0,0,5,0,0,0,0,0,0,0,0,0,0,0,0,0,35,0,0,0,0,0,0,0,0,0,0,0,95,0,0,0,6,0,3,0,0,93,20,0,0,0,0,0,0,0,0,0,0,0,0,0,0,0,0,0,0,0,0,0,0,0,23,5,0,0,0,0,7,0,381,48,0,0,0,124
10,0,21,0,23,0,71,0,46,0,8,0,46,0,0,0,0,0,9,3,0,0,0,0,15,0,31,20,0,0,0,0,0,0,0,0,4,0,0,0,59,96,39,0,149,34,190,152,0,57,13,0,20,0,43,0,37,0,82,0,9,0,8,0,3,0,0,0,12,0,2,0,1,0,0,0,0,0,7,0,0,0,34,0,5,0,6,0,8,0,0,0,21,0,14,0,0,0,0,0,19,0,77,0,20,0,0,0,10,0,0,0,0,0,2,0,0,0,0,0,0,0,0,0,0,0,0,0,0,0,0,0,0,0,33,0,0,0,0,0,23,0,42,0,14,0,0,0,0,0,28,0,6,0,0,0,9,0,0,0,53,0,13,0,43,0,30,0,71,0,21,0,35,0,0,0,111,43,13,0,3,0,4,0,0,0,117,7,31,0,22,0,64,0,54,0,0,0,45,0,0,0,67,0,44,0,34,0,41,0,112,190,285,15,119,72,14,72,0,14,1,0,0,0,6
0,10,0,0,0,8,0,8,0,2,0,45,3,56,0,0,0,5,0,13,0,15,0,0,0,0,0,48,0,0,0,0,0,0,0,0,0,0,0,0,6,165,0,39,0,260,14,112,57,0,1,11,0,1,0,5,0,3,0,0,0,1,0,0,0,0,0,0,0,0,0,0,0,2,0,0,0,9,0,0,0,0,0,0,0,0,0,7,0,18,0,0,0,9,0,12,0,0,0,0,0,6,0,0,0,8,0,0,0,0,0,0,0,0,0,0,0,1,0,0,0,2,0,0,0,0,0,0,0,0,0,0,0,0,0,7,0,0,0,0,0,0,0,0,0,0,0,0,0,0,0,0,0,6,0,0,0,0,0,3,0,3,0,0,0,61,0,2,0,58,0,9,0,3,0,7,0,177,0,4,0,8,0,3,0,6,31,111,0,4,0,0,0,0,0,8,0,0,0,0,0,6,0,10,0,12,0,0,0,0,0,4,0,0,8,0,0,15,16,45,34,0,0,2,43
4,0,0,0,55,0,0,0,0,0,0,0,153,33,25,0,0,0,320,43,206,20,0,0,0,0,309,0,13,0,71,0,25,0,81,0,138,0,2,0,10,0,78,0,94,1,14,0,13,1,0,0,0,0,0,0,3,0,6,0,0,0,0,0,0,0,0,0,0,0,32,0,0,0,29,0,0,0,0,0,0,0,0,0,0,0,37,0,0,0,0,0,0,0,21,0,0,0,0,0,0,0,0,0,0,0,0,0,0,0,0,0,0,0,1,0,0,0,0,0,0,0,0,0,0,0,0,0,0,0,3,0,0,0,0,0,0,0,0,0,0,0,0,0,0,0,0,0,0,0,0,0,0,0,0,0,0,0,0,0,0,0,0,0,80,0,43,0,97,0,8,0,25,0,0,0,9,0,24,0,0,0,2,0,0,0,12,0,0,0,0,0,0,0,0,0,0,0,0,0,0,0,0,0,0,0,0,0,0,0,41,241,205,34,40,5,0,9,0,0,0,0,0,0,0
0,10,0,17,0,174,0,22,0,0,0,37,57,266,0,13,0,0,0,266,0,102,0,0,0,0,37,250,0,3,0,29,0,47,0,44,0,91,0,3,0,0,0,55,0,105,10,22,0,11,0,0,0,0,0,0,0,51,0,0,0,0,0,0,0,0,0,0,0,0,0,7,0,0,0,0,0,0,0,0,0,161,0,0,0,0,0,54,0,0,0,0,0,0,0,0,0,0,0,86,0,59,0,0,0,0,0,0,0,0,0,0,0,0,0,0,0,0,0,0,0,60,0,0,0,0,0,0,0,0,0,0,0,0,0,0,0,0,0,52,0,143,0,311,0,94,0,0,0,0,0,0,0,0,0,0,0,0,0,0,0,39,0,7,0,90,0,29,0,48,0,27,0,74,0,0,0,42,0,0,0,0,0,0,0,0,9,105,0,0,0,0,0,0,0,0,0,0,0,0,0,0,0,0,0,0,0,0,0,0,0,0,0,0,28,0,0,0,73,100,120,0,0,0,2
15,0,6,0,3,0,20,9,34,37,0,0,0,0,10,0,111,0,0,0,33,0,7,0,81,0,0,0,3,0,2,0,0,0,5,0,6,0,10,0,0,0,4,0,0,0,0,0,20,0,0,0,0,12,100,55,213,12,47,71,25,0,70,5,3,0,3,43,0,0,0,0,0,0,0,0,0,0,0,0,0,0,0,0,20,0,0,0,0,0,0,0,0,0,0,0,0,0,20,0,0,0,0,0,0,0,10,0,0,0,0,0,0,0,0,0,0,0,0,0,5,0,6,0,0,0,0,0,69,0,0,0,0,0,0,0,24,0,150,0,52,0,37,1,21,0,0,0,0,0,0,0,0,0,162,5,95,0,119,0,6,0,9,0,2,0,0,0,0,0,225,0,21,0,0,0,12,0,0,0,0,0,4,0,4,4,0,0,0,0,0,0,0,0,0,0,0,0,0,0,0,0,0,0,0,0,0,0,0,0,129,232,124,143,154,2,35,1,0,0,0,0,0,0,0
0,25,0,0,0,0,0,0,60,53,0,0,0,0,0,0,0,41,0,22,0,11,0,4,41,14,0,0,0,9,0,0,0,0,0,0,0,0,0,0,0,0,0,0,0,0,0,0,0,1,0,0,12,0,34,46,3,94,25,10,0,66,12,98,0,0,18,0,0,0,0,0,0,0,0,0,0,0,0,0,0,0,0,0,0,14,0,0,0,0,0,0,0,0,0,0,0,7,0,0,0,0,0,0,0,0,0,0,0,0,0,0,0,0,0,0,0,0,0,0,0,3,0,0,0,0,0,0,0,63,0,4,0,10,0,15,0,12,0,139,0,0,0,81,0,41,0,0,0,0,0,0,0,0,0,221,0,128,0,145,0,0,0,0,0,2,0,0,1,15,0,39,1,10,0,0,7,30,0,0,1,0,0,0,0,3,0,0,0,0,0,0,0,0,0,0,0,0,0,0,0,0,0,0,0,0,0,0,0,0,0,0,0,0,56,0,0,0,23,566,53,38,0,0,0
9,0,166,0,0,0,146,0,43,118,2,0,0,0,38,0,16,0,0,0,0,0,22,0,163,0,0,0,0,0,0,0,0,0,0,0,2,0,0,0,0,0,0,0,2,0,0,0,43,0,0,0,100,34,0,127,51,25,177,138,11,0,4,0,4,1,0,68,0,0,0,0,0,0,0,0,0,0,0,0,0,0,0,0,0,0,0,0,0,0,0,0,0,0,0,0,0,0,0,0,0,0,0,0,0,0,0,0,0,0,0,0,0,0,0,0,0,0,0,0,0,0,0,0,21,0,57,0,74,0,12,0,25,0,55,0,131,1,3,0,0,0,80,0,0,0,0,0,0,0,0,0,0,0,19,3,7,0,10,0,18,0,0,0,0,0,0,0,19,0,196,0,34,0,0,0,28,1,0,0,0,0,0,0,0,13,0,0,0,0,0,0,0,0,0,0,0,0,0,0,22,0,0,0,0,0,0,0,0,0,295,65,188,240,316,0,0,0,0,0,0,0,0,0,0
88,25,62,82,0,11,167,296,376,89,0,0,0,0,0,47,22,65,0,38,0,85,20,65,344,231,0,0,0,34,0,0,0,0,0,0,0,3,3,0,0,0,0,0,0,0,0,0,0,5,0,0,55,46,127,0,11,157,98,251,0,17,54,110,1,0,47,8,0,0,0,0,0,0,0,0,0,0,0,0,0,0,0,0,0,38,0,8,0,0,0,125,0,0,0,0,0,0,0,0,0,0,0,0,0,0,0,0,0,0,0,0,0,0,0,0,0,0,0,0,0,0,0,0,0,0,0,0,0,76,0,20,0,40,0,87,0,114,0,56,0,58,0,216,0,0,1,0,0,0,0,3,0,0,0,88,0,0,0,48,0,27,1,0,0,6,0,0,0,46,0,82,0,55,0,0,30,116,0,0,0,0,19,8,5,18,0,0,0,0,0,0,0,0,0,0,0,0,0,0,0,8,0,0,0,1,0,0,0,19,0,1,0,0,526,0,0,0,294,283,203,239,0,86,0
0,0,0,0,0,0,18,0,2,0,0,0,0,0,0,0,7,0,0,0,0,0,0,0,20,0,0,0,0,0,0,0,0,0,0,0,0,0,0,0,0,0,0,0,0,0,0,0,37,0,3,0,213,3,51,11,0,0,410,83,0,0,6,0,45,12,27,55,0,0,0,0,0,0,0,0,0,0,0,0,0,0,0,0,0,0,0,0,0,0,0,0,0,0,0,0,0,0,0,0,0,0,0,0,0,0,0,0,0,0,0,0,0,0,0,0,0,0,0,0,0,0,0,0,55,0,39,0,192,0,81,0,33,0,0,0,0,0,14,0,0,0,0,0,2,0,0,0,5,0,0,0,0,0,110,16,16,0,93,21,73,0,55,0,0,0,9,0,19,0,153,0,22,0,19,0,0,0,0,0,0,9,0,0,23,9,0,0,0,0,0,0,0,0,0,0,0,0,0,0,0,0,0,0,0,0,0,0,9,0,502,132,302,453,808,0,144,0,1,0,1,0,0,0,0
0,0,0,0,0,0,0,24,18,18,0,0,0,0,0,0,0,100,0,0,0,0,0,21,0,59,0,0,0,17,0,0,0,0,0,23,0,12,0,0,0,0,0,38,0,0,0,0,0,3,0,51,12,94,25,157,0,0,67,366,0,2,1,29,2,0,44,73,0,0,0,0,0,0,0,0,0,0,0,0,0,0,0,0,0,0,0,0,0,0,0,0,0,0,0,0,0,0,1,0,0,0,0,0,0,0,0,31,0,0,0,0,0,0,0,0,0,0,0,0,0,0,0,0,0,21,0,20,0,153,0,54,0,42,0,0,0,26,0,42,0,0,0,57,0,0,0,2,0,0,0,0,0,0,4,153,0,4,0,225,0,121,0,0,0,7,0,15,0,73,0,134,0,20,1,0,0,0,0,3,0,0,0,0,5,6,0,0,0,0,0,0,0,0,0,0,0,0,0,0,0,0,0,0,0,0,0,0,0,0,0,0,0,0,794,0,0,0,346,169,434,388,0,79,2
0,0,0,0,0,0,27,0,176,0,0,0,0,0,0,0,0,0,0,0,0,0,2,0,24,0,0,0,0,0,0,0,0,0,0,0,0,0,0,0,0,0,0,0,3,0,0,0,82,0,6,0,47,25,177,98,410,67,0,429,20,0,0,0,138,29,237,217,0,0,0,0,0,0,0,0,0,0,0,0,0,0,0,0,0,0,0,0,0,0,0,0,0,0,0,0,0,0,0,0,0,0,0,0,0,0,0,1,0,0,0,0,0,0,10,0,0,0,0,0,0,0,0,0,41,0,37,0,26,0,45,0,16,0,0,0,0,0,4,0,0,0,7,0,0,4,0,0,11,0,0,0,0,0,21,30,40,4,0,16,12,8,0,0,0,0,8,0,25,0,173,0,0,0,43,0,0,0,0,0,42,0,0,0,451,48,0,0,0,0,0,0,0,0,0,0,0,0,0,0,0,0,0,0,0,0,0,0,11,0,1168,326,269,579,1161,0,143,0,3,0,0,0,0,0,0
0,0,0,0,0,0,0,25,0,207,0,0,0,0,0,0,0,0,0,0,0,0,0,0,0,0,0,0,0,0,0,0,0,0,0,0,0,0,0,0,0,0,0,0,0,0,0,0,0,0,0,0,71,10,138,251,83,366,429,0,0,15,0,3,29,169,216,224,0,0,0,0,0,3,0,0,0,0,0,0,0,0,0,0,0,0,0,0,0,0,0,0,0,0,0,0,0,0,0,0,0,0,0,0,0,0,0,8,0,0,0,0,0,0,1,0,0,0,0,0,0,0,0,0,0,65,0,42,0,62,0,153,0,67,0,0,0,20,6,8,0,0,0,0,0,5,0,8,0,19,0,0,0,0,29,27,0,29,9,13,0,119,0,0,0,4,0,0,0,34,0,0,0,0,12,16,10,0,0,0,33,26,0,0,42,371,0,0,0,0,0,0,0,0,0,0,0,0,0,0,0,0,0,0,0,0,0,0,0,30,4,0,0,0,1616,0,0,0,1138,368,403,470,1,64,0
60,0,70,0,0,0,108,0,126,0,0,0,0,0,2,0,43,0,0,0,0,0,7,0,47,0,0,0,62,0,3,0,2,0,0,0,7,0,3,0,0,0,0,0,0,0,0,0,9,0,0,0,25,0,11,0,0,0,20,0,0,0,79,0,0,0,0,0,0,0,5,0,0,0,6,0,0,0,0,0,0,0,0,0,0,0,0,0,0,0,0,0,0,0,0,0,0,0,0,0,0,0,0,0,0,0,0,0,0,0,0,0,0,0,0,0,0,0,0,0,9,0,0,0,0,0,0,0,8,0,0,0,0,0,0,0,0,0,101,0,84,0,0,0,129,0,0,0,0,0,0,0,0,0,26,0,201,0,13,0,0,0,11,0,0,0,0,0,0,0,145,0,129,0,0,0,92,0,0,0,0,0,12,0,21,0,0,0,0,0,0,0,0,0,0,0,0,0,0,0,0,0,0,0,0,0,0,0,0,0,8,108,22,0,0,0,4,0,0,0,0,0,0,0,0
0,227,0,0,0,0,0,289,0,78,0,14,0,0,0,14,0,34,0,0,0,0,7,0,0,48,0,0,0,13,0,5,0,22,0,0,0,45,0,16,0,0,0,0,0,0,0,0,0,1,0,0,0,66,0,17,0,2,0,15,0,0,0,112,0,0,0,0,0,2,0,0,0,0,0,0,0,0,0,0,0,0,0,0,0,0,0,0,0,0,0,0,0,0,0,0,0,0,0,0,0,0,0,0,0,0,0,0,0,0,0,0,0,0,0,0,0,0,0,0,0,0,0,0,0,0,0,0,0,0,0,0,0,0,0,0,0,0,0,81,0,68,0,0,0,122,0,0,0,0,0,0,0,0,0,33,0,167,0,38,0,0,0,5,0,2,0,0,0,13,0,99,0,93,0,0,7,99,0,8,0,0,0,47,0,0,0,0,0,0,0,0,0,0,0,0,0,0,0,0,0,0,0,0,0,0,0,0,0,0,0,0,0,0,64,0,0,0,69,340,80,71,0,20,0
27,2,0,0,0,0,120,12,52,41,0,0,0,0,38,0,101,0,13,0,133,0,45,0,156,0,0,0,17,0,21,0,12,0,0,0,21,0,13,0,0,0,15,0,0,0,0,0,8,0,0,0,70,12,4,54,6,1,0,0,79,0,0,9,1,0,0,0,0,0,35,0,0,0,22,0,2,0,0,0,0,0,0,0,0,0,0,0,0,0,0,0,0,0,0,0,0,0,0,0,0,0,0,0,0,0,0,0,0,0,0,0,0,0,0,0,0,0,0,0,0,0,0,0,0,0,0,0,25,1,2,0,0,0,0,0,0,0,175,0,197,0,20,0,42,0,0,0,0,0,0,0,0,0,97,0,35,0,52,0,0,0,0,0,0,0,2,0,8,0,54,0,52,0,0,0,37,0,0,0,0,0,18,1,0,1,0,0,0,0,0,0,0,0,0,0,0,0,0,0,0,0,0,0,0,0,0,0,0,0,20,150,31,15,15,0,5,0,0,0,0,0,0,0,0
53,118,43,0,0,0,0,239,54,31,0,0,0,0,0,0,9,177,0,0,0,79,26,83,83,53,0,0,0,42,0,23,0,30,0,0,0,23,0,28,0,0,0,0,0,0,0,0,0,0,0,0,5,98,0,110,0,29,0,3,0,112,9,0,0,0,0,0,0,0,0,0,0,0,0,0,0,0,0,0,0,0,0,0,0,8,0,0,0,0,0,0,0,0,0,0,0,0,0,0,0,0,0,0,0,0,0,0,0,0,0,0,0,0,0,0,0,0,0,0,0,0,0,0,0,0,0,0,0,0,0,0,0,0,0,0,0,0,0,267,0,82,0,58,0,63,0,0,0,0,0,0,0,0,0,93,0,62,0,133,0,0,0,0,0,1,0,0,0,3,0,0,0,0,0,0,14,76,0,0,0,0,0,41,0,0,0,0,0,0,0,0,0,0,0,0,0,0,0,0,0,0,0,0,0,0,0,0,0,0,0,0,0,0,15,0,0,0,26,332,6,7,0,0,0
26,0,25,0,23,0,26,0,243,0,2,0,6,0,0,0,0,0,0,0,0,0,0,0,0,2,0,0,0,0,0,0,0,0,0,0,0,0,0,0,0,0,0,0,0,0,0,0,3,0,0,0,3,0,4,1,45,2,138,29,0,0,1,0,0,41,125,0,0,0,0,0,2,0,0,0,0,0,0,0,0,0,0,0,0,0,0,0,0,0,0,0,0,0,0,0,0,0,0,0,0,1,0,0,0,0,0,0,0,0,0,0,0,0,0,0,0,0,0,0,0,0,0,0,9,0,3,0,0,0,13,0,0,0,0,0,0,0,0,47,0,0,0,0,0,0,0,0,21,0,3,0,0,0,0,7,0,0,1,0,536,62,0,0,0,0,0,0,0,0,0,0,0,0,26,0,0,0,0,0,209,55,0,0,276,0,0,0,0,0,0,0,0,0,0,0,0,0,0,0,0,0,0,0,0,0,0,0,0,0,53,36,0,0,70,0,0,0,1,0,0,0,0,0,0
0,90,2,0,0,0,0,13,0,143,0,41,0,0,0,13,0,0,0,0,0,0,0,0,0,0,0,0,0,0,0,0,0,0,0,0,0,0,0,0,0,0,0,0,0,0,0,0,0,0,0,0,0,0,1,0,12,0,29,169,0,0,0,0,41,0,10,900,0,0,0,0,0,0,0,7,0,0,0,0,0,0,0,0,0,0,0,0,0,0,0,0,0,0,0,1,0,0,0,0,0,0,0,0,0,0,0,4,0,0,0,0,0,0,0,0,0,0,0,0,0,0,0,0,0,72,0,59,16,0,92,151,0,11,0,0,0,34,21,9,0,0,0,0,28,29,0,51,53,268,0,0,0,6,4,0,0,0,9,0,58,453,0,4,0,0,0,0,0,0,0,0,0,0,6,61,0,7,0,0,66,182,0,0,15,89,0,3,0,0,0,0,0,0,0,0,0,0,0,0,0,0,0,0,0,0,0,0,0,0,0,0,0,0,70,0,0,0,60,5,0,0,0,0,0
7,0,0,0,0,0,9,0,140,0,2,0,0,0,0,0,0,0,0,0,0,0,0,0,0,0,0,0,0,0,0,0,0,0,0,0,0,0,0,0,0,0,0,0,1,0,0,0,0,0,0,0,3,18,0,47,27,44,237,216,0,0,0,0,125,10,0,56,0,0,0,0,0,0,0,0,0,0,0,0,0,0,0,0,0,0,0,0,0,0,0,0,0,0,0,0,0,0,0,0,0,0,0,0,0,0,0,0,0,0,0,0,0,0,0,0,0,0,0,0,0,0,0,0,2,0,0,0,0,0,0,0,0,0,0,0,0,0,0,2,0,0,0,0,0,0,0,0,5,0,0,0,0,0,0,13,0,0,1,3,3,3,0,0,0,0,0,0,0,0,22,0,3,0,26,4,28,0,0,0,23,0,0,0,610,24,0,0,0,0,0,0,0,0,0,0,0,0,0,0,0,0,0,0,0,0,0,0,0,0,114,59,21,0,59,0,0,0,0,0,1,0,0,0,0
0,19,0,0,0,0,0,0,0,183,0,12,0,0,0,0,0,0,0,4,0,0,0,1,0,0,0,3,0,0,0,0,0,0,0,0,0,0,0,0,0,0,0,0,0,0,0,0,0,0,0,0,43,0,68,8,55,73,217,224,0,0,0,0,0,900,56,0,0,0,0,0,0,0,0,0,0,0,0,0,0,0,0,0,0,0,0,0,0,0,0,0,0,0,0,0,0,0,0,0,0,0,0,0,0,0,0,0,0,0,0,0,0,0,0,0,0,0,0,0,0,0,0,0,0,36,0,0,0,2,0,154,0,0,0,0,0,0,0,0,0,0,0,1,4,0,0,17,0,57,0,0,0,2,25,1,5,2,0,0,0,77,0,0,0,1,0,0,0,0,0,0,0,0,14,37,0,2,0,0,28,0,0,0,24,702,0,0,0,0,0,0,0,0,0,0,0,0,0,0,0,0,0,0,0,0,0,0,0,0,0,0,0,0,172,0,0,0,147,112,0,0,0,0,0
0,0,0,0,0,0,0,0,0,0,0,0,0,0,0,0,0,0,0,0,0,0,0,0,0,0,0,0,0,0,0,0,0,0,0,0,0,0,0,0,0,0,0,0,0,0,0,0,12,0,0,0,0,0,0,0,0,0,0,0,0,0,0,0,0,0,0,0,0,0,0,0,0,0,0,0,93,0,13,0,9,0,37,0,0,0,0,0,12,0,0,0,67,0,23,0,0,0,0,0,27,0,273,0,0,0,78,0,62,0,13,0,25,0,49,0,0,0,0,0,0,0,0,0,0,0,0,0,0,0,0,0,0,0,0,0,0,0,0,0,0,0,0,0,0,0,0,0,0,0,0,0,0,0,0,0,0,0,0,0,0,0,1,0,15,0,0,0,135,0,23,0,0,0,0,0,0,0,0,0,0,0,0,0,0,0,0,0,0,0,0,1,0,0,0,0,12,0,0,0,0,0,0,0,0,0,0,0,0,0,69,0,88,0,0,80,80,0,0,0,0,0,0,0,0
0,0,0,0,0,0,0,3,0,0,0,0,0,0,0,0,0,0,0,0,0,0,0,0,0,0,0,0,0,0,0,0,0,0,0,0,0,0,0,0,0,0,0,0,0,9,0,0,0,0,0,0,0,0,0,0,0,0,0,0,0,2,0,0,0,0,0,0,0,0,0,0,0,4,0,0,0,64,0,0,0,0,0,45,0,0,0,14,0,8,0,0,0,178,0,31,0,0,0,0,0,4,0,220,0,0,0,0,0,21,0,0,0,0,0,0,0,8,0,0,0,0,0,0,0,0,0,0,0,0,0,0,0,0,0,0,0,0,0,0,0,0,0,4,0,0,0,0,0,0,0,0,0,0,0,0,0,2,0,0,0,0,0,2,0,14,0,0,0,121,0,5,0,0,0,0,0,0,0,0,0,0,0,0,0,0,0,0,0,0,0,0,0,0,0,0,0,0,0,0,0,0,0,0,0,0,0,0,0,0,0,0,0,0,0,0,0,0,26,12,59,0,19,152,3
0,0,0,0,0,0,0,1,0,0,0,0,0,0,0,0,65,0,0,0,86,0,0,0,0,0,0,0,13,0,10,0,5,0,0,0,86,0,9,0,0,0,24,0,0,0,0,0,2,0,32,0,0,0,0,0,0,0,0,0,5,0,35,0,0,0,0,0,0,0,0,0,176,0,284,0,7,0,161,0,0,0,0,0,0,0,23,0,0,0,0,0,0,0,3,0,0,0,0,0,0,0,0,0,0,0,0,0,0,0,0,0,0,0,0,0,0,0,0,0,0,0,5,0,43,0,22,0,14,9,28,0,21,4,0,0,17,0,6,8,114,12,31,0,77,0,0,0,22,0,50,0,0,0,2,0,9,0,0,0,0,0,74,0,0,0,3,0,28,0,29,0,23,0,13,0,0,0,0,0,48,0,0,0,26,1,0,0,0,0,0,0,0,0,0,0,0,0,0,0,0,0,0,0,0,0,0,0,19,0,11,0,15,0,0,0,3,0,0,0,0,0,0,0,0
0,0,0,0,0,0,0,0,0,0,0,0,0,0,0,0,0,0,0,0,0,4,0,9,0,0,0,0,0,0,0,0,0,0,0,0,0,0,0,0,0,0,0,17,0,0,0,0,0,0,0,7,0,0,0,0,0,0,0,0,0,0,0,0,0,0,0,0,0,0,0,0,0,275,0,190,0,35,2,14,0,0,0,0,0,0,0,111,0,0,0,0,0,0,0,0,0,0,0,0,0,0,0,0,0,0,0,0,0,0,0,0,0,0,0,0,0,0,0,0,0,0,0,5,0,76,0,0,0,0,0,33,0,11,0,0,0,0,0,9,0,48,0,22,0,94,0,0,0,62,0,18,0,0,0,0,0,0,0,2,0,0,0,35,0,1,0,0,0,16,0,8,0,6,0,6,0,0,0,0,0,0,0,0,0,14,0,0,0,0,0,0,0,0,0,0,0,0,0,2,0,0,0,0,0,0,0,0,0,0,0,0,0,0,4,0,0,0,40,0,36,0,0,1,0
0,0,0,0,0,0,0,0,0,0,0,0,0,0,0,0,16,0,0,0,35,0,0,0,0,0,0,0,5,0,0,0,0,0,0,0,19,0,0,0,0,0,5,0,4,0,0,0,1,0,0,0,0,0,0,0,0,0,0,0,0,0,0,0,2,0,0,0,0,0,176,0,0,0,104,0,22,0,115,0,2,0,19,0,0,0,4,0,0,0,0,0,3,0,0,0,0,0,0,0,0,0,0,0,0,0,0,0,0,0,0,0,0,0,0,0,0,0,0,0,35,0,0,0,36,0,0,0,11,2,21,4,20,0,85,0,41,0,5,4,114,4,158,0,68,0,0,0,0,0,98,0,19,2,0,0,0,0,0,0,2,1,91,0,0,0,0,0,12,0,6,0,0,0,8,0,0,0,0,0,45,0,0,0,19,0,0,0,0,0,0,0,0,0,0,0,0,0,31,0,27,0,0,0,0,0,0,0,78,0,297,0,12,2,12,0,0,0,0,0,0,0,0,0,0
0,0,0,0,0,0,0,3,0,0,0,0,0,0,0,0,0,0,0,0,0,0,0,0,0,0,0,0,0,0,0,0,0,0,0,0,0,0,0,0,0,0,0,0,0,0,0,0,0,2,0,0,0,0,0,0,0,0,0,3,0,0,0,0,0,0,0,0,0,4,0,275,0,0,0,224,0,54,0,39,0,15,0,15,0,93,0,100,0,0,0,0,0,0,0,0,0,0,0,0,0,2,0,0,0,0,0,0,0,0,0,0,0,0,0,0,0,0,0,0,0,33,0,32,0,52,0,36,0,0,0,0,0,17,0,0,0,0,0,0,0,57,0,125,0,127,0,0,0,42,0,0,1,9,0,0,0,0,0,0,0,3,0,28,0,0,0,3,0,5,0,10,0,5,0,4,0,0,0,0,0,0,0,0,0,8,0,0,0,0,0,15,0,0,0,18,0,0,0,0,0,59,0,0,0,0,0,0,0,44,0,0,0,0,15,0,0,0,128,5,0,4,0,0,0
0,0,0,0,0,0,0,0,0,0,0,0,0,0,17,0,84,0,0,0,87,0,0,0,0,0,0,0,8,0,5,0,0,0,0,0,71,0,3,0,0,0,26,0,0,0,0,0,0,0,29,0,0,0,0,0,0,0,0,0,6,0,22,0,0,0,0,0,0,0,284,0,104,0,0,0,12,0,248,0,27,1,37,0,16,0,89,0,0,0,0,2,7,0,15,0,2,0,44,0,25,2,0,0,0,0,0,3,0,0,0,0,0,0,0,0,0,0,0,0,113,0,32,0,35,0,0,0,18,9,32,0,22,9,72,0,24,6,10,0,174,0,140,0,76,0,0,0,29,24,85,0,33,0,2,0,0,0,0,0,0,0,58,0,0,0,0,0,28,0,0,0,28,0,49,0,0,0,0,0,104,6,0,0,14,0,0,0,0,0,0,0,0,0,0,0,0,0,0,0,0,0,0,0,0,0,0,0,60,0,18,0,0,0,0,0,0,0,0,0,0,0,0,0,0
0,0,0,0,0,0,0,0,0,0,0,0,0,0,0,0,0,0,0,0,0,0,0,0,0,0,0,0,0,2,0,0,0,0,0,0,0,0,0,0,0,0,0,0,0,0,0,0,0,0,0,0,0,0,0,0,0,0,0,0,0,0,0,0,0,7,0,0,0,0,0,190,0,224,0,0,0,17,0,45,0,7,0,0,0,8,0,178,0,0,0,0,0,0,0,0,0,0,0,0,0,0,0,0,0,0,0,0,0,0,0,0,0,0,0,0,0,0,0,0,0,108,0,36,0,60,0,0,6,0,12,35,0,0,0,59,0,24,0,7,0,63,0,87,0,166,0,0,0,78,0,0,0,34,0,0,0,0,0,0,0,7,0,53,0,0,0,0,0,0,0,9,0,10,0,8,0,0,0,0,0,30,0,0,0,0,0,0,0,0,0,0,0,0,0,0,0,0,0,0,0,1,0,0,0,0,0,0,0,0,0,0,0,0,8,0,0,0,48,0,33,0,0,0,0
0,0,0,0,0,0,0,0,2,0,0,0,0,0,0,0,0,0,0,0,0,0,0,0,0,0,0,0,0,0,0,0,0,0,0,0,0,0,0,0,0,0,0,0,0,0,0,0,0,0,0,0,0,0,0,0,0,0,0,0,0,0,2,0,0,0,0,0,93,0,7,0,22,0,12,0,0,0,13,0,6,0,52,0,17,0,19,0,0,0,0,0,123,0,10,0,0,0,0,0,11,0,118,0,0,0,29,0,3,0,0,0,3,0,5,0,0,0,0,0,3,0,7,0,0,0,0,0,0,0,0,0,0,0,41,0,0,0,0,0,0,0,14,0,0,0,0,0,0,0,4,0,0,0,0,0,0,0,0,0,4,0,2,0,0,0,0,0,26,0,0,0,0,0,1,0,0,0,0,0,0,0,0,0,0,0,0,0,64,0,0,3,46,0,66,0,0,0,0,0,32,0,0,0,67,0,0,0,0,0,29,2,18,0,0,19,0,0,0,0,0,0,0,0,0
0,0,0,0,0,0,0,0,0,0,0,0,0,0,0,0,0,0,0,0,0,0,0,0,0,0,0,0,0,0,0,0,0,0,0,0,0,0,0,0,0,0,0,0,0,0,0,0,0,9,0,0,0,0,0,0,0,0,0,0,0,0,0,0,0,0,0,0,0,64,0,35,0,54,0,17,0,0,0,13,0,48,0,159,0,38,0,132,0,6,0,0,0,41,0,42,0,0,0,0,0,3,0,48,0,49,0,0,0,4,0,0,0,0,0,1,0,9,0,0,0,21,0,14,0,0,0,0,0,0,0,0,0,0,1,0,0,0,0,0,0,0,0,0,0,0,0,18,0,0,0,14,0,10,0,0,0,0,0,0,0,0,0,1,0,17,0,0,0,89,0,3,0,0,0,2,0,0,0,1,0,0,0,0,0,0,0,0,0,0,0,0,0,0,0,56,0,0,0,0,0,0,0,76,0,0,0,0,0,0,0,0,0,0,13,0,0,0,66,9,36,7,0,5,0
0,0,0,0,0,0,0,0,0,0,0,0,0,0,0,0,0,0,0,0,0,0,0,0,0,0,0,0,0,0,0,0,0,0,0,0,0,0,0,0,0,0,0,0,0,0,0,0,7,0,0,0,0,0,0,0,0,0,0,0,0,0,0,0,0,0,0,0,13,0,161,2,115,0,248,0,13,0,0,0,12,0,152,0,77,0,61,0,0,0,0,0,76,0,14,0,20,0,13,0,4,0,0,0,0,0,0,0,2,0,0,0,0,0,0,0,0,0,0,0,111,0,32,0,0,0,0,0,0,0,0,0,6,0,95,0,0,0,0,0,100,5,190,0,21,0,0,0,0,0,0,0,0,0,0,0,0,0,0,0,0,0,17,0,6,0,0,0,44,0,0,0,0,0,0,0,0,0,0,0,0,0,0,0,8,0,0,0,0,0,0,0,74,0,37,0,0,0,130,0,96,0,114,0,112,0,0,0,75,0,261,5,26,0,15,14,0,0,0,0,0,0,0,0,0
0,0,0,0,0,0,0,0,0,0,0,0,0,0,0,0,0,0,0,0,0,0,0,0,0,0,0,0,0,0,0,0,0,0,0,0,0,0,0,0,0,0,0,0,0,0,0,0,0,0,0,0,0,0,0,0,0,0,0,0,0,0,0,0,0,0,0,0,0,0,0,14,0,39,0,45,0,13,0,0,0,2,0,0,0,17,0,41,0,0,0,0,0,0,0,0,0,0,0,0,0,0,0,0,0,0,0,0,0,0,0,0,0,0,0,0,0,0,0,0,0,10,0,15,0,0,0,0,0,0,0,13,0,0,0,24,0,0,0,8,0,50,0,61,0,32,0,0,0,25,0,0,0,0,0,0,0,0,0,0,0,1,0,4,0,0,0,0,0,0,0,1,0,0,0,0,0,0,0,0,0,0,0,0,0,3,0,0,0,0,0,0,0,0,0,0,0,0,0,0,0,0,0,0,0,0,0,0,0,0,0,0,0,0,2,0,0,0,18,3,0,0,0,0,0
