0,263,87,42,91,0,44,164,125,132,102,15,81,0,16,72,58,23,8,0,9,0,8,114,8,193,24,0,199,0,15,0,0,0,1,0,34,0,349,0,11,0,0,0,0,0,12,0,13,0,6,0,7,0,0,26,0,0,0,0,233,12,64,6,11,0,33,0,0,0,0,0,0,0,0,0,0,0,0,0,0,0,0,0,0,0,0,0,0,0,0,0,0,0,0,0,0,0,0,0,0,0,0,0,0,0,0,0,0,0,0,0,0,0,0,0,0,0,0,0,0,0,0,0,1,0,2,0,0,0,7,0,0,0,13,0,0,0,0,0,0,0,2,0,0,0,17,0,33,0,10,0,15,0,0,0,0,0,0,0,0,0,1,0,14,0,0,0,23,1,31,0,289,0,0,0,133,352,23,0,0,0,54,7,53,0,5,0,0,0,0,0,0,0,0,0,0,0,3,0,0,0,2,0,0,0,0,0,0,0,484,75,200,159,395,3,0,2,0,1,0,0,0,0,0
263,0,221,20,0,203,64,44,23,152,22,206,0,181,0,10,52,61,0,78,0,0,197,68,198,18,0,148,0,165,0,0,0,146,0,0,0,98,0,438,0,29,0,0,0,2,0,91,2,10,0,0,2,44,0,3,0,0,0,8,0,129,5,38,0,94,0,9,0,0,0,0,0,0,0,0,0,0,0,0,0,2,0,0,0,0,0,0,0,0,0,0,0,0,0,0,0,0,0,0,0,0,0,0,0,0,0,0,0,0,0,0,0,0,0,0,0,0,0,0,0,0,0,0,0,59,0,20,0,0,0,119,0,0,0,42,0,61,0,0,0,0,0,0,0,0,0,29,0,160,0,87,0,186,0,10,0,41,0,0,0,22,0,6,0,8,0,0,0,41,0,39,0,149,0,62,3,448,0,44,0,74,15,33,0,136,0,0,0,0,0,0,0,0,0,0,0,4,0,17,0,3,0,0,0,0,0,0,0,34,0,0,0,0,567,0,0,0,576,65,304,149,0,22,0
87,221,0,65,294,38,279,60,46,25,44,66,58,0,211,123,119,32,141,0,116,12,187,144,77,93,108,1,512,8,154,0,115,0,3,0,35,8,471,17,0,0,0,0,0,0,33,0,13,0,0,0,0,0,55,0,11,0,16,0,169,0,106,0,27,0,12,0,0,0,0,0,0,0,6,0,0,0,0,0,0,0,0,0,0,0,0,0,0,0,0,0,0,0,0,0,0,0,0,0,0,0,0,0,16,0,0,0,0,0,0,0,0,0,0,0,0,0,0,0,0,0,0,0,75,0,36,0,5,0,114,0,0,0,90,0,67,0,0,0,0,0,81,0,0,0,79,0,184,0,18,0,20,0,2,0,0,0,0,0,36,0,0,0,20,0,0,0,46,0,41,0,293,15,0,0,23,205,9,0,5,0,0,3,11,0,0,0,0,0,1,0,0,0,0,0,3,0,27,0,58,0,0,0,1,0,0,0,19,0,459,56,355,243,641,0,0,0,0,0,0,0,0,0,0
42,20,65,0,0,84,0,131,0,0,41,0,0,6,0,130,9,48,0,95,0,27,92,302,9,163,0,22,0,117,0,77,4,346,0,0,3,61,0,191,0,0,0,0,0,0,0,0,0,3,0,0,0,0,0,55,0,11,0,17,0,0,0,0,0,8,0,2,0,0,0,0,0,0,0,0,0,0,0,0,0,0,0,0,0,0,0,0,0,0,0,0,0,0,0,0,0,0,0,0,0,0,0,0,0,0,0,0,0,0,0,0,0,0,0,0,0,0,0,0,0,0,0,0,0,0,0,0,0,97,0,154,0,0,0,0,0,121,0,0,0,0,0,0,0,0,0,0,0,0,0,55,0,0,0,27,0,0,0,0,0,48,0,0,0,15,0,107,0,41,0,40,0,133,0,0,0,45,2,3,0,0,9,0,0,0,0,0,0,0,0,0,0,0,0,2,0,0,0,0,0,0,0,0,0,0,0,0,0,89,0,0,0,0,352,0,0,0,185,24,428,111,0,0,0
91,0,294,0,0,353,50,0,39,0,96,230,400,88,195,223,28,1,123,300,325,73,53,104,5,0,221,24,140,0,275,0,373,0,129,13,212,0,230,0,75,0,8,4,9,0,101,0,5,0,81,14,4,0,10,0,0,0,0,0,0,0,0,0,0,0,11,0,0,0,0,0,0,0,0,0,0,0,0,0,0,0,0,0,0,0,0,0,0,0,0,0,0,0,0,0,0,0,0,0,0,0,0,0,0,0,0,0,0,0,0,0,0,0,0,0,0,0,0,0,0,0,0,0,0,0,10,0,0,0,0,0,7,0,52,0,0,0,6,0,0,0,19,0,6,0,41,0,75,0,14,0,63,0,0,0,0,0,0,0,0,0,0,0,24,0,103,0,58,0,16,0,86,0,29,0,79,250,205,0,24,0,51,0,34,0,6,2,0,0,0,0,0,0,0,0,0,0,0,0,25,0,0,0,0,0,0,0,5,0,667,155,621,180,627,0,0,7,41,0,59,0,0,0,0
0,203,38,84,353,0,0,118,0,15,164,223,171,263,429,77,0,0,172,290,84,211,82,64,2,15,0,353,0,17,0,156,0,313,22,301,0,270,0,0,0,56,0,25,4,0,0,70,0,9,0,146,0,0,0,19,0,0,0,13,0,0,0,7,0,35,0,0,0,0,0,0,0,0,0,0,0,0,0,0,0,37,0,0,0,0,0,0,0,0,0,0,0,0,0,0,0,0,0,0,0,0,0,0,0,0,0,0,0,0,0,0,0,0,0,0,0,0,0,0,1,0,0,3,0,77,0,0,0,25,0,136,0,0,0,0,0,92,0,0,0,0,0,0,0,0,0,12,0,92,0,37,0,45,0,6,0,0,0,0,0,16,1,6,0,30,0,336,0,127,0,38,0,128,0,0,0,326,34,85,0,0,0,0,0,29,8,31,0,0,0,3,0,0,0,0,0,0,0,51,0,0,0,0,0,0,0,0,0,50,0,0,0,0,932,0,0,0,1074,195,1197,187,0,0,0
44,64,279,0,50,0,0,73,194,260,19,0,7,0,31,0,6,15,0,0,0,0,54,0,209,50,0,0,19,0,0,0,0,0,0,0,0,0,49,0,0,0,0,0,0,0,0,0,34,0,0,0,115,52,143,101,81,0,38,0,436,0,250,33,57,0,185,19,0,0,0,0,0,0,0,0,2,0,0,0,0,0,0,0,0,0,0,0,0,0,0,0,0,0,0,0,0,0,0,0,0,0,0,0,0,0,3,0,0,0,0,0,0,0,0,0,0,0,0,0,0,0,0,0,58,0,15,0,1,0,133,0,10,0,10,0,11,0,3,0,0,0,11,0,0,0,23,0,78,0,3,0,0,0,4,0,12,0,0,0,74,0,4,0,11,0,10,0,14,1,193,0,179,5,0,0,30,89,2,0,0,0,0,0,0,11,0,0,0,0,0,0,0,0,0,0,0,0,0,0,4,0,0,0,0,0,0,0,0,0,690,74,469,336,812,17,43,10,7,0,0,0,0,0,0
164,44,60,131,0,118,73,0,44,40,0,16,0,11,0,72,30,92,0,49,0,5,26,14,136,107,0,13,0,363,0,0,0,0,0,0,0,68,0,585,0,0,0,0,0,0,0,6,0,0,0,0,10,3,6,46,0,31,0,56,0,319,25,119,0,9,0,9,0,0,0,0,0,0,0,0,0,0,0,0,0,0,0,0,0,0,0,0,0,0,0,0,0,0,0,0,0,0,0,0,0,0,0,0,0,0,0,6,0,0,0,0,0,0,0,0,0,0,0,0,0,0,0,0,0,134,0,29,0,37,0,227,0,0,0,0,0,33,0,0,0,0,1,0,0,0,0,11,0,51,0,69,0,3,0,17,0,0,0,0,0,96,0,6,0,5,0,0,0,30,0,48,0,224,0,0,2,55,1,0,0,0,8,7,3,0,0,0,0,0,0,0,0,0,0,0,0,0,0,12,0,0,0,0,0,0,0,13,0,51,0,0,0,0,542,0,0,0,386,14,359,197,0,0,0
125,23,46,0,39,0,194,44,0,492,37,0,13,0,9,0,0,19,7,0,0,0,0,3,7,34,7,0,0,0,0,0,0,0,0,0,0,0,0,0,6,0,0,0,0,0,0,0,9,0,2,0,68,75,3,277,25,10,115,31,233,0,85,55,157,0,223,90,0,0,0,0,0,0,0,0,0,0,0,0,1,0,0,0,0,0,0,0,0,0,0,0,0,0,2,0,0,0,0,0,0,0,0,0,0,0,1,0,0,0,0,0,0,0,0,0,0,0,0,0,0,0,0,0,18,0,10,0,1,0,18,0,0,0,0,0,0,0,0,0,0,0,0,0,0,0,41,0,91,0,9,0,8,0,0,0,16,0,0,0,62,0,0,0,0,0,0,0,4,0,51,0,42,0,0,0,383,234,10,0,0,0,70,9,90,51,0,0,0,0,0,0,0,0,0,0,0,0,0,0,0,0,0,0,0,0,0,0,0,0,311,44,148,106,299,0,0,4,19,3,0,8,0,0,0
132,152,25,0,0,15,260,40,492,0,0,11,0,0,0,0,24,0,0,0,0,2,0,0,228,1,0,16,0,38,0,0,0,0,0,0,0,22,0,73,0,4,0,0,0,0,0,0,0,1,0,0,85,101,251,72,0,55,55,57,18,613,144,353,1,178,40,101,0,0,0,0,0,0,0,0,0,0,0,0,0,0,0,0,0,0,0,0,0,0,0,0,0,0,0,0,20,0,0,0,0,0,0,0,0,0,0,0,0,0,0,0,0,0,0,0,0,0,0,0,0,0,0,0,0,74,1,9,0,5,0,158,0,9,0,14,0,16,0,0,0,0,0,0,0,0,0,4,0,107,0,22,0,4,4,14,8,52,0,7,0,65,0,3,0,0,0,6,0,36,0,66,0,130,0,1,25,383,0,0,0,7,0,73,2,93,0,0,0,0,0,0,0,0,0,0,0,0,0,0,0,0,0,0,0,0,0,7,0,9,0,0,0,0,649,0,0,0,599,33,373,262,2,160,3
102,22,44,41,96,164,19,0,37,0,0,105,250,0,31,169,32,0,4,22,123,48,25,86,0,0,32,0,54,0,117,0,282,0,7,2,157,12,147,0,17,0,0,0,2,0,26,0,0,0,0,0,2,0,0,0,0,0,0,0,7,0,0,0,0,0,0,0,0,0,2,0,0,0,0,0,0,0,0,0,0,0,0,0,0,0,0,0,0,0,0,0,0,0,0,0,0,0,0,0,0,0,0,0,1,0,0,0,0,0,0,0,0,0,0,0,0,0,0,0,0,0,0,0,0,0,3,0,0,0,0,0,0,0,3,0,0,0,0,0,5,0,0,0,7,0,14,0,17,0,14,0,61,0,0,0,0,0,0,0,0,0,0,0,0,0,57,0,14,0,4,0,35,0,19,0,77,168,124,0,0,0,65,0,26,0,23,0,0,0,0,0,0,0,0,0,0,0,0,0,0,0,1,0,0,0,0,0,0,0,379,107,139,66,261,0,0,0,0,0,20,0,0,0,0
15,206,66,0,230,223,0,16,0,11,105,0,36,358,243,7,2,3,68,28,37,139,158,81,0,0,2,98,0,12,0,30,0,184,5,92,0,110,0,16,0,89,0,0,0,4,0,89,0,31,0,13,0,3,0,0,0,0,0,0,0,0,0,0,0,13,0,0,0,0,0,0,0,0,0,0,0,0,0,0,0,0,0,0,0,0,0,0,0,0,0,0,0,0,0,0,0,0,0,0,0,0,0,0,0,2,0,0,0,0,0,0,0,0,0,0,0,0,0,0,0,0,0,0,0,16,0,0,0,0,0,18,0,0,0,0,0,0,0,0,0,0,0,0,0,0,0,0,0,48,0,64,0,183,0,0,0,0,0,0,0,0,0,0,0,3,0,0,0,0,0,7,0,0,0,68,0,506,19,96,0,148,0,16,0,45,0,6,0,0,0,0,0,3,0,0,0,0,0,0,0,0,0,0,0,0,0,0,0,0,0,5,0,0,311,0,0,0,497,140,261,55,0,2,0
81,0,58,0,400,171,7,0,13,0,250,36,0,569,19,0,0,0,123,351,63,51,0,2,0,0,156,504,0,0,5,0,4,0,110,19,83,0,0,0,212,81,144,39,41,34,263,167,40,8,471,38,0,0,0,0,0,0,0,0,0,0,0,0,0,0,7,0,0,0,0,0,0,0,0,0,0,0,0,0,0,0,0,0,0,0,0,0,0,0,0,0,0,0,0,0,0,0,0,0,0,0,0,0,0,0,0,0,0,0,0,0,0,1,0,0,0,0,0,0,0,0,0,0,3,0,0,0,0,0,0,0,0,0,0,0,0,0,9,0,0,0,0,0,0,0,4,0,9,0,0,0,44,0,0,0,0,0,0,0,0,0,0,0,52,0,27,3,21,0,0,1,3,0,28,0,256,117,92,0,54,0,37,0,8,0,94,6,0,0,0,0,0,0,0,0,0,0,0,0,0,0,0,0,5,0,0,0,0,0,129,272,356,0,121,0,0,0,24,59,58,0,0,0,0
0,181,0,6,88,263,0,11,0,0,0,358,569,0,17,6,0,0,421,47,72,47,0,0,0,0,230,200,0,0,0,0,0,0,25,79,0,9,0,0,146,196,18,136,0,30,17,152,0,49,81,165,0,0,0,0,0,0,0,0,0,0,0,0,0,7,0,3,0,0,0,0,0,0,0,0,0,0,0,0,0,0,0,0,0,0,0,0,0,0,0,0,0,0,0,0,0,0,0,0,0,0,0,0,0,0,0,0,0,0,0,0,0,0,0,0,0,0,0,0,0,0,0,0,0,0,0,0,0,0,0,24,0,0,0,0,0,0,0,0,0,0,0,0,0,0,0,0,0,0,0,17,0,17,0,0,0,0,0,0,0,0,0,0,0,0,0,0,0,48,0,0,0,0,0,29,0,477,0,48,0,0,0,0,0,20,41,100,0,0,0,0,0,0,0,0,0,0,0,0,0,0,0,0,0,0,0,0,0,0,11,0,0,0,120,0,0,0,142,341,474,0,0,0,0
16,0,211,0,195,429,31,0,9,0,31,243,19,17,0,208,92,0,376,175,457,140,471,33,54,0,174,0,6,0,192,0,184,26,87,11,112,10,11,0,0,0,0,0,4,1,0,0,0,0,30,0,10,0,53,0,0,0,0,0,0,0,22,0,0,0,0,0,0,0,0,0,0,0,0,0,0,0,0,0,0,0,0,0,0,0,0,0,0,0,0,0,0,0,0,0,69,0,0,0,0,0,0,0,0,0,0,0,0,0,0,0,0,0,0,0,0,0,0,0,0,0,0,0,14,0,0,0,14,0,37,0,0,0,103,0,55,0,0,0,0,0,162,0,0,0,43,0,53,0,17,0,23,0,0,0,0,0,0,0,0,0,0,0,3,0,49,0,17,0,0,0,18,0,0,0,24,71,20,0,2,0,16,0,20,0,0,0,0,0,0,0,0,0,0,0,0,0,0,0,110,0,0,0,0,0,0,0,23,0,103,84,142,0,72,0,0,1,43,10,35,0,0,0,0
72,10,123,130,223,77,0,72,0,0,169,7,0,6,208,0,10,18,22,466,42,122,253,334,16,111,0,33,0,38,0,162,23,297,3,116,0,143,0,27,2,0,0,9,0,0,0,0,0,2,0,13,0,11,0,196,0,10,0,3,0,0,1,14,0,6,0,0,0,0,0,0,0,0,0,0,0,0,0,4,0,0,0,0,0,0,0,0,0,0,0,0,0,0,0,0,0,0,0,0,0,0,0,0,0,0,0,0,0,0,0,0,0,0,0,0,0,0,0,0,0,0,0,0,0,0,0,0,0,0,0,52,0,0,0,346,0,315,0,0,0,0,0,0,0,0,0,0,0,21,0,0,0,14,0,8,0,0,0,0,0,0,0,0,0,2,0,101,0,17,0,12,0,54,0,0,0,58,5,12,0,11,0,0,0,6,0,0,0,0,0,0,0,0,0,0,0,0,0,0,0,56,0,0,0,0,0,36,0,107,25,5,28,0,72,0,0,0,82,18,138,17,0,0,0
58,52,119,9,28,0,6,30,0,24,32,2,0,0,92,10,0,0,102,0,444,0,257,22,219,27,282,0,281,0,43,0,18,0,22,0,33,0,53,0,0,0,21,0,206,0,21,0,4,0,37,0,190,0,38,2,9,0,0,0,138,2,642,2,0,0,0,0,0,0,18,0,0,0,21,0,0,0,0,0,46,0,0,0,196,0,36,0,0,0,187,0,0,0,0,0,666,0,58,0,0,0,0,0,0,0,101,0,0,0,0,0,0,0,0,0,0,0,0,0,37,0,26,0,0,0,0,0,82,0,0,0,30,0,87,0,145,0,195,0,22,0,887,0,3,0,0,0,0,0,0,0,0,0,22,0,0,0,16,0,0,0,1,0,3,0,0,0,0,0,8,0,38,0,0,0,9,14,5,0,0,0,21,3,0,0,0,0,0,0,0,0,0,0,0,0,0,0,0,0,330,0,0,0,0,0,0,0,0,0,26,60,69,34,34,0,0,0,0,0,0,0,0,0,0
23,61,32,48,1,0,15,92,19,0,0,3,0,0,0,18,0,0,0,18,0,211,23,133,15,183,0,0,0,184,0,41,0,33,0,0,0,0,0,50,0,0,0,0,0,0,0,0,0,0,0,0,0,128,4,155,0,42,0,0,0,0,3,146,0,0,0,0,0,0,0,0,0,0,0,0,0,0,0,0,0,27,0,0,0,143,0,22,0,0,0,0,0,0,0,0,0,45,0,33,0,0,0,0,0,0,0,0,0,0,0,0,0,0,0,0,0,0,0,0,0,0,0,0,0,0,0,0,0,215,0,0,0,175,0,395,0,323,0,250,0,21,0,153,0,0,0,0,0,0,0,0,0,0,0,41,0,0,0,55,0,0,0,0,0,0,0,0,0,0,0,1,0,0,0,0,0,26,0,1,0,0,1,1,0,0,0,0,0,0,0,0,0,0,0,0,0,4,0,40,0,78,0,0,0,0,0,13,0,56,0,0,0,0,0,0,0,0,6,9,0,0,0,0,0
8,0,141,0,123,172,0,0,7,0,4,68,123,421,376,22,102,0,0,306,223,55,568,0,0,0,263,260,0,0,12,6,0,0,246,23,47,0,0,0,9,21,147,39,13,0,7,62,6,0,486,32,18,0,110,0,0,0,0,0,0,0,36,0,0,0,0,0,0,0,0,0,0,0,0,0,0,0,0,0,0,0,0,0,0,0,0,0,0,0,0,0,0,0,0,0,0,0,0,0,0,0,0,0,0,0,0,0,0,0,0,0,0,0,0,0,0,0,0,0,0,0,0,0,0,0,0,0,0,0,0,0,0,0,0,0,0,0,0,0,0,0,0,0,2,0,0,0,0,0,0,0,0,0,0,0,1,0,0,0,1,0,0,0,45,0,46,2,38,0,0,0,4,0,3,0,38,31,13,0,4,0,11,0,18,0,13,4,0,0,0,0,0,0,0,0,0,0,0,0,199,0,0,0,0,0,0,0,0,0,147,199,217,41,96,0,0,1,43,32,54,0,0,0,0
0,78,0,95,300,290,0,49,0,0,22,28,351,47,175,466,0,18,306,0,72,630,0,203,7,69,24,850,0,0,12,71,9,0,51,330,0,61,0,0,11,9,0,104,0,51,0,56,1,9,0,337,0,54,0,100,0,0,0,4,0,0,0,78,0,42,0,0,0,0,0,0,0,0,0,0,0,0,0,0,0,82,0,0,0,0,0,0,0,0,0,0,0,0,0,0,0,0,0,68,0,0,0,0,0,0,0,0,0,0,0,0,0,0,0,0,0,0,0,0,0,0,0,0,0,0,0,0,0,0,0,88,0,0,0,432,0,283,0,0,0,0,0,0,0,0,0,0,0,81,0,52,0,78,0,0,0,31,0,0,0,0,0,0,0,0,0,92,0,113,0,0,0,27,0,0,0,62,27,7,3,0,0,1,0,55,14,15,0,59,0,0,0,0,0,0,0,0,0,0,0,79,0,0,0,0,0,0,0,127,39,22,75,0,106,0,0,0,154,53,285,35,0,11,0
9,0,116,0,325,84,0,0,0,0,123,37,63,72,457,42,444,0,223,72,0,25,394,9,38,0,159,64,52,0,37,0,12,0,87,0,13,0,8,0,0,8,57,0,80,0,0,0,0,0,147,0,23,0,24,0,0,0,0,0,0,0,96,0,0,0,0,0,0,0,16,0,0,0,25,0,0,0,0,0,0,0,0,0,123,0,30,0,0,0,0,0,0,0,0,0,431,0,116,0,12,0,0,0,0,0,0,0,0,0,0,0,0,0,0,0,0,0,0,0,42,0,0,0,0,0,0,0,0,0,0,0,0,0,44,0,0,0,26,0,0,0,189,0,6,0,0,0,0,0,0,0,8,0,1,0,0,0,0,0,0,0,0,0,14,0,31,2,22,0,4,0,16,0,0,0,54,24,40,0,0,0,15,0,0,0,16,0,0,0,0,0,3,0,0,0,0,0,0,0,105,0,0,0,0,0,0,0,0,0,194,230,207,56,111,0,0,0,7,0,0,0,0,0,0
0,0,12,27,73,211,0,5,0,2,48,139,51,47,140,122,0,211,55,630,25,0,30,275,0,87,0,445,1,143,1,207,0,223,10,172,5,79,0,12,0,0,0,78,0,33,0,15,0,5,6,141,0,19,0,49,0,0,0,0,0,0,0,90,0,0,0,0,0,0,0,0,0,0,0,0,0,0,0,3,0,165,0,0,0,628,0,98,0,0,0,0,0,0,0,0,0,0,0,92,0,157,0,0,0,0,0,0,0,0,0,0,0,0,0,0,0,0,0,0,0,40,0,0,0,0,0,0,0,0,0,0,0,0,0,425,0,259,0,309,0,230,0,660,0,29,0,0,0,0,0,0,0,0,0,12,0,0,0,16,0,0,0,0,0,14,0,53,0,41,0,0,0,17,0,0,0,51,3,13,0,0,0,0,0,0,0,9,0,0,0,1,0,0,0,8,0,0,0,0,0,98,0,0,0,0,0,0,0,0,12,0,0,0,32,0,0,0,81,80,71,6,0,0,0
8,197,187,92,53,82,54,26,0,0,25,158,0,0,471,253,257,23,568,0,394,30,0,231,69,30,397,0,216,6,113,5,66,59,0,0,26,0,174,9,4,0,0,0,52,1,41,0,0,0,0,0,8,0,134,0,16,0,0,0,12,0,30,0,0,0,0,0,0,0,0,0,0,0,0,0,0,0,0,0,0,0,0,0,0,0,0,0,0,0,0,0,0,0,0,0,62,0,0,0,0,0,0,0,0,0,0,0,0,0,0,0,0,0,0,0,0,0,0,0,0,0,0,0,0,0,10,0,31,0,47,0,42,0,97,0,97,0,10,0,0,0,380,0,0,0,5,0,0,0,2,0,6,0,0,0,0,0,2,0,4,0,0,0,4,0,14,0,13,0,0,1,107,0,0,0,0,79,8,0,0,0,9,0,1,0,0,0,0,0,0,0,0,0,0,0,0,0,0,0,131,0,0,0,0,0,0,0,11,0,100,131,125,63,107,0,0,2,0,0,17,0,0,0,0
114,68,144,302,104,64,0,14,3,0,86,81,2,0,33,334,22,133,0,203,9,275,231,0,30,30,0,32,7,112,0,68,0,140,0,18,0,18,0,22,0,0,0,7,0,0,0,0,0,0,0,2,0,34,0,29,0,2,0,0,0,0,0,87,0,0,0,0,0,0,0,0,0,0,0,0,0,0,0,0,0,45,0,0,0,171,0,21,0,0,0,46,0,0,0,0,0,0,0,29,0,0,0,0,0,0,0,0,0,0,0,0,0,0,0,0,0,0,0,0,0,0,0,8,0,0,0,0,0,49,0,0,0,46,0,254,0,120,0,47,0,11,0,129,0,0,0,0,0,0,0,0,0,0,0,0,0,0,0,0,0,0,0,0,0,0,0,0,0,0,0,4,0,12,0,0,0,92,0,8,1,0,6,0,0,0,0,0,0,0,0,0,0,0,0,0,0,0,0,28,0,60,0,0,0,0,0,0,0,29,9,0,0,0,8,0,0,0,7,28,24,4,0,0,0
8,198,77,9,5,2,209,136,7,228,0,0,0,0,54,16,219,15,0,7,38,0,69,30,0,159,0,0,173,4,0,0,7,3,0,0,0,0,120,0,0,0,0,0,15,0,18,0,8,0,0,0,51,11,179,31,28,0,7,0,334,13,337,30,0,0,0,0,0,0,0,0,0,0,0,0,0,0,0,0,0,0,0,0,0,0,0,0,0,0,0,0,0,0,0,0,0,0,0,0,1,0,0,0,0,0,0,0,0,0,0,0,0,0,0,0,0,0,0,0,0,0,0,0,0,0,0,0,53,0,48,0,31,0,65,0,154,0,33,0,0,0,342,0,0,0,0,1,0,0,0,0,0,0,26,0,0,0,11,0,9,0,0,0,10,0,4,0,13,0,54,1,281,12,0,0,3,70,0,0,0,0,0,17,1,0,0,0,2,0,0,0,0,0,0,0,0,0,0,0,64,0,0,0,0,0,0,0,0,0,267,61,289,167,315,0,0,4,17,0,18,0,0,0,0
193,18,93,163,0,15,50,107,34,1,0,0,0,0,0,111,27,183,0,69,0,87,30,30,159,0,0,0,0,261,0,14,0,17,0,0,0,0,0,152,0,0,0,0,0,0,0,0,0,0,0,0,0,25,0,195,0,17,0,0,0,16,11,19,0,0,0,0,0,0,0,0,0,0,0,0,0,0,0,0,0,3,0,0,0,0,0,0,0,0,0,0,0,0,0,0,0,0,0,0,0,0,0,0,0,0,0,0,0,0,0,0,0,0,0,0,0,0,0,0,0,0,0,0,0,29,0,0,0,87,0,31,0,110,0,179,0,171,0,43,1,0,0,0,0,0,0,0,0,0,0,8,0,2,0,15,0,0,0,0,0,15,0,1,0,3,0,0,0,4,0,2,0,41,0,0,0,27,0,0,0,0,8,1,0,0,0,0,0,0,0,0,0,0,0,0,0,0,0,62,0,23,0,4,0,0,0,9,0,73,0,0,0,0,35,0,0,0,20,9,58,22,0,0,0
24,0,108,0,221,0,0,0,7,0,32,2,156,230,174,0,282,0,263,24,159,0,397,0,0,0,0,292,30,0,8,0,0,0,15,0,11,0,0,0,57,155,156,21,175,45,385,315,17,23,233,16,47,0,0,0,0,0,0,0,0,0,91,0,0,0,0,0,0,0,37,0,0,0,41,0,0,0,0,0,0,0,0,0,0,0,59,0,0,0,0,0,0,0,0,0,0,0,0,0,0,0,0,0,0,0,0,0,1,0,0,0,0,0,0,0,0,0,1,0,0,0,0,0,0,0,0,0,0,0,0,0,0,0,0,0,0,0,0,0,0,0,0,0,0,0,0,0,0,0,0,0,15,0,0,0,0,0,0,0,0,0,0,0,106,0,0,0,0,0,0,0,8,0,7,0,21,32,18,0,0,0,15,0,10,0,48,8,0,0,0,0,0,0,4,0,0,0,0,0,0,0,0,0,6,0,0,0,0,0,68,452,459,69,63,0,0,23,0,0,8,0,0,0,0
0,148,1,22,24,353,0,13,0,16,0,98,504,200,0,33,0,0,260,850,64,445,0,32,0,0,292,0,0,0,0,0,0,4,20,55,8,7,0,0,278,43,56,364,0,318,40,262,4,83,96,271,0,29,0,9,0,0,0,5,0,0,0,30,0,33,0,0,0,0,0,0,0,0,0,0,0,0,0,0,0,0,0,0,0,91,0,0,0,0,0,0,0,0,0,0,0,0,0,0,0,0,0,33,0,0,0,0,0,0,0,0,0,0,0,0,0,0,0,0,0,0,0,0,0,0,0,0,0,0,0,0,0,0,0,0,0,0,0,0,0,0,0,0,0,0,0,0,0,0,0,42,0,0,0,0,0,23,0,0,0,0,0,0,0,96,0,28,0,100,0,0,0,0,0,0,4,128,11,12,0,42,0,0,0,36,63,23,0,0,0,5,0,0,0,69,0,0,0,0,0,0,0,0,0,0,0,0,0,0,0,8,0,0,93,0,0,0,92,535,595,0,0,0,21
199,0,512,0,140,0,19,0,0,0,54,0,0,0,6,0,281,0,0,0,52,1,216,7,173,0,30,0,0,0,20,0,27,0,31,0,58,0,20,0,0,0,24,0,0,0,0,0,0,0,18,0,38,0,31,0,0,0,0,0,26,0,81,0,0,0,0,0,0,0,37,0,0,0,29,0,0,0,0,0,59,0,0,0,142,0,46,0,0,0,0,0,0,0,0,0,260,0,100,0,0,0,0,0,0,0,0,0,0,0,0,0,0,0,0,0,0,0,0,0,67,0,32,0,0,0,0,0,0,0,0,0,0,0,0,0,36,0,106,0,34,0,224,0,22,0,0,0,0,0,0,0,0,0,14,0,0,0,0,0,0,0,0,0,0,0,0,0,0,0,2,0,0,0,0,0,28,9,0,0,0,0,32,0,0,0,0,0,0,0,0,0,0,0,0,0,0,0,0,0,133,0,0,0,0,0,0,0,15,0,9,18,0,0,0,0,0,0,0,0,0,0,0,0,0
0,165,8,117,0,17,0,363,0,38,0,12,0,0,0,38,0,184,0,0,0,143,6,112,4,261,0,0,0,0,0,44,0,29,0,19,0,15,0,5,0,0,0,4,0,1,0,0,0,0,0,2,0,21,0,363,0,6,0,0,0,41,0,29,0,0,0,0,0,0,0,0,0,0,0,0,0,0,0,0,0,0,0,0,0,0,0,0,0,0,0,3,0,0,0,0,0,0,0,0,0,0,0,0,0,0,0,0,0,0,0,0,0,0,0,0,0,0,0,0,0,0,0,0,0,0,0,0,0,29,0,0,0,0,0,58,0,38,0,115,0,24,0,35,0,21,0,0,0,0,0,0,0,0,0,4,0,9,0,16,0,0,0,0,0,0,0,0,0,0,0,0,0,0,0,1,0,44,0,3,0,0,0,11,0,0,0,0,0,0,0,0,0,0,0,0,0,0,0,0,0,0,0,0,0,0,0,0,0,0,0,0,0,0,5,0,0,0,2,10,1,2,0,1,0
15,0,154,0,275,0,0,0,0,0,117,0,5,0,192,0,43,0,12,12,37,1,113,0,0,0,8,0,20,0,0,0,8,0,25,1,1,0,2,0,0,0,3,0,3,0,0,0,0,0,8,0,0,0,4,0,0,0,0,0,0,0,0,0,0,0,0,0,0,0,1,0,0,0,0,0,0,0,0,0,0,0,0,0,0,0,6,0,0,0,0,0,0,0,0,0,35,0,10,0,0,0,0,0,0,0,0,0,0,0,0,0,0,0,0,0,0,0,0,0,0,0,0,0,0,0,0,0,0,0,0,0,0,0,0,0,0,0,0,0,0,0,0,0,0,0,0,0,0,0,0,0,0,0,0,0,0,0,0,0,0,0,1,0,2,0,22,0,6,0,0,0,3,0,0,0,33,11,42,0,0,0,3,0,0,0,0,0,0,0,0,0,0,0,0,0,0,0,0,0,0,0,0,0,0,0,0,0,0,0,33,48,55,11,19,0,0,0,0,0,0,0,0,0,0
0,0,0,77,0,156,0,0,0,0,0,30,0,0,0,162,0,41,6,71,0,207,5,68,0,14,0,0,0,44,0,0,0,19,0,34,0,2,0,9,0,0,0,9,0,0,0,0,0,0,0,10,0,8,0,17,0,0,0,0,0,0,0,14,0,0,0,0,0,0,0,0,0,0,0,0,0,0,0,0,0,0,0,0,0,65,0,0,0,0,0,0,0,0,0,0,0,0,0,0,0,0,0,0,0,0,0,0,0,0,0,0,0,0,0,0,0,0,0,0,0,0,0,0,0,0,0,0,0,12,0,0,0,0,0,0,0,0,0,84,0,50,0,101,0,0,0,0,0,0,0,0,0,1,0,0,0,0,0,5,0,0,0,0,0,0,0,0,0,0,0,0,0,0,0,0,0,9,0,0,0,0,0,0,0,0,0,0,0,0,0,0,0,0,0,0,0,0,0,0,0,0,0,0,0,0,0,0,0,6,0,0,0,0,0,0,0,0,3,0,0,0,0,0,0
0,0,115,4,373,0,0,0,0,0,282,0,4,0,184,23,18,0,0,9,12,0,66,0,7,0,0,0,27,0,8,0,0,0,8,0,56,0,6,0,0,0,1,0,0,0,0,0,0,0,6,0,10,0,0,0,0,0,0,0,14,0,7,0,0,0,0,0,0,0,4,0,0,0,3,0,0,0,0,0,0,0,0,0,10,0,3,0,0,0,0,0,0,0,0,0,33,0,0,0,0,0,0,0,0,0,0,0,0,0,0,0,0,0,0,0,0,0,0,0,0,0,0,0,0,0,0,0,0,0,0,0,0,0,0,0,0,0,7,0,0,0,0,0,5,0,0,0,0,0,0,0,0,0,0,0,10,0,0,0,0,0,2,0,0,0,54,0,9,0,0,0,13,0,0,0,75,30,72,0,0,0,0,0,0,0,1,0,0,0,0,0,0,0,0,0,0,0,0,0,5,0,0,0,0,0,0,0,0,0,31,50,91,15,16,0,0,0,0,0,0,0,0,0,0
0,146,0,346,0,313,0,0,0,0,0,184,0,0,26,297,0,33,0,0,0,223,59,140,3,17,0,4,0,29,0,19,0,0,0,36,0,81,0,5,0,0,0,16,0,0,0,0,0,0,0,10,0,0,0,36,0,0,0,0,0,17,0,8,0,0,0,0,0,0,0,0,0,0,0,0,0,0,0,0,0,0,0,0,0,0,0,0,0,0,0,0,0,0,0,0,0,0,0,0,0,0,0,0,0,0,0,0,0,0,0,0,0,0,0,0,0,0,0,0,0,0,0,0,0,0,0,0,0,0,0,0,0,0,0,0,0,0,0,62,0,0,0,0,0,31,0,0,0,0,0,0,0,0,0,11,0,25,0,23,0,0,0,0,0,0,0,16,0,0,0,0,0,7,0,0,0,112,0,19,0,0,0,0,0,0,0,0,0,0,0,0,0,0,0,0,0,0,0,0,0,0,0,0,0,0,0,0,0,0,0,0,0,0,0,0,0,0,0,77,0,1,0,0,0
1,0,3,0,129,22,0,0,0,0,7,5,110,25,87,3,22,0,246,51,87,10,0,0,0,0,15,20,31,0,25,0,8,0,0,0,16,0,3,0,0,0,8,0,10,0,0,0,0,0,39,0,0,0,0,0,0,0,0,0,1,0,6,0,0,0,3,0,2,0,3,0,0,0,4,0,0,0,0,0,0,0,0,0,16,0,7,0,0,0,0,0,0,0,0,0,44,0,15,0,0,0,0,0,0,0,0,0,0,0,0,0,0,0,0,0,0,0,0,0,0,0,0,0,0,0,0,0,0,0,0,0,0,0,0,0,0,0,0,0,0,0,0,0,0,0,0,0,0,0,0,0,0,0,0,0,0,0,0,0,0,0,0,0,0,0,91,0,19,0,1,0,3,0,0,0,40,15,13,0,0,0,0,0,0,0,12,0,0,0,0,0,0,0,0,0,0,0,0,0,0,0,0,0,0,0,0,0,0,0,81,124,176,0,54,0,0,1,5,4,0,0,0,0,0
0,0,0,0,13,301,0,0,0,0,2,92,19,79,11,116,0,0,23,330,0,172,0,18,0,0,0,55,0,19,1,34,0,36,0,0,0,268,0,5,0,0,0,8,0,6,0,0,0,0,3,20,0,0,0,7,0,0,0,0,0,0,0,3,0,0,0,0,0,0,0,0,0,0,0,0,0,0,0,0,0,56,0,0,0,178,0,17,0,0,0,0,0,0,0,0,0,0,0,15,0,0,0,0,0,0,0,0,0,0,0,0,0,0,0,0,0,0,0,0,0,38,0,18,0,0,0,0,0,0,0,0,0,0,0,68,0,65,0,105,0,114,0,258,0,26,0,0,0,0,0,0,0,0,0,3,0,10,0,13,0,0,0,0,0,2,0,32,0,12,0,6,0,5,0,0,0,23,0,9,0,0,0,0,0,0,0,3,0,0,0,0,0,0,0,0,0,0,0,0,0,0,0,0,0,0,0,0,0,0,0,0,0,0,3,0,0,0,0,9,30,0,0,0,0
34,0,35,3,212,0,0,0,0,0,157,0,83,0,112,0,33,0,47,0,13,5,26,0,0,0,11,8,58,0,1,0,56,0,16,0,0,0,159,0,0,0,31,0,30,0,2,0,3,0,96,0,24,0,9,0,0,0,4,0,18,0,23,0,0,0,2,0,0,0,153,0,8,0,63,0,0,0,0,0,106,1,0,0,161,0,80,0,0,0,0,0,0,0,18,0,206,0,193,0,0,0,0,0,0,0,23,0,0,0,0,0,0,0,0,0,0,0,0,0,100,0,0,0,0,0,0,0,0,0,0,0,0,0,0,0,36,0,89,0,121,0,51,0,163,0,0,0,0,0,0,0,0,0,12,0,50,0,12,0,0,0,35,0,11,0,103,0,29,0,21,0,40,0,0,0,37,22,43,0,0,0,9,0,0,0,3,0,0,0,0,0,0,0,0,0,0,0,0,0,0,0,0,0,0,0,0,0,0,0,44,52,162,24,26,0,0,1,0,0,0,0,0,0,0
0,98,8,61,0,270,0,68,0,22,12,110,0,9,10,143,0,0,0,61,0,79,0,18,0,0,0,7,0,15,0,2,0,81,0,268,0,0,0,10,0,0,0,23,0,14,0,0,0,1,0,75,0,0,0,0,0,0,0,0,0,58,0,4,0,0,0,0,0,0,0,9,0,0,0,17,0,0,0,0,0,32,0,0,0,90,0,0,0,0,0,14,0,0,0,0,0,0,0,17,0,0,0,0,0,0,0,0,0,0,0,0,0,0,0,0,0,0,0,0,0,20,0,17,0,0,0,0,0,0,0,0,0,0,0,0,0,31,0,121,0,133,0,143,0,114,0,0,0,0,0,0,0,0,0,10,0,48,0,9,0,0,0,0,0,1,0,62,0,15,0,15,0,46,0,0,0,90,0,9,0,0,0,13,0,0,0,1,0,2,0,0,0,0,0,3,0,0,0,0,0,3,0,0,0,0,0,0,0,0,0,0,3,0,0,0,0,0,0,220,40,0,0,0,0
349,0,471,0,230,0,49,0,0,0,147,0,0,0,11,0,53,0,0,0,8,0,174,0,120,0,0,0,20,0,2,0,6,0,3,0,159,0,0,0,0,0,3,0,0,0,0,0,0,0,0,0,13,0,0,0,0,0,0,0,10,0,17,0,1,0,0,0,0,0,0,0,0,0,0,0,0,0,0,0,1,0,0,0,0,0,0,0,0,0,0,0,0,0,0,0,0,0,0,0,0,0,0,0,0,0,0,0,0,0,0,0,0,0,0,0,0,0,0,0,0,0,0,0,0,0,0,0,0,0,0,0,0,0,0,0,0,0,0,0,3,0,0,0,27,0,0,0,0,0,0,0,0,0,10,0,13,0,0,0,0,0,0,0,0,0,25,0,0,0,4,0,63,0,0,0,39,20,28,0,0,0,105,0,0,0,0,0,0,0,0,0,0,0,0,0,0,0,0,0,0,0,0,0,0,0,0,0,0,0,0,77,10,0,0,0,0,0,0,0,0,0,0,0,0
0,438,17,191,0,0,0,585,0,73,0,16,0,0,0,27,0,50,0,0,0,12,9,22,0,152,0,0,0,5,0,9,0,5,0,5,0,10,0,0,0,0,0,0,0,0,0,0,0,0,0,0,0,4,0,144,0,0,0,0,0,36,0,3,0,0,0,0,0,0,0,0,0,0,0,0,0,0,0,0,0,0,0,0,0,0,0,0,0,0,0,0,0,0,0,0,0,0,0,0,0,0,0,0,0,0,0,0,0,0,0,0,0,0,0,0,0,0,0,0,0,0,0,0,0,0,0,0,0,0,0,0,0,0,0,0,0,0,0,11,0,0,0,0,0,38,0,0,0,0,0,0,0,0,0,10,0,61,0,9,0,0,0,0,0,0,0,0,0,1,0,2,0,13,0,0,0,160,0,9,0,0,0,58,0,0,0,0,0,0,0,0,0,0,0,0,0,0,0,0,0,0,0,0,0,0,0,0,0,0,0,0,0,0,0,0,0,0,4,60,16,2,0,0,0
11,0,0,0,75,0,0,0,6,0,17,0,212,146,0,2,0,0,9,11,0,0,4,0,0,0,57,278,0,0,0,0,0,0,0,0,0,0,0,0,0,176,28,15,9,89,208,422,109,107,23,6,0,0,0,0,0,0,0,0,0,0,0,0,1,0,0,0,0,0,0,0,0,0,0,0,0,0,1,0,0,0,0,0,0,0,0,0,3,0,0,0,0,0,0,0,0,0,0,0,0,0,0,0,0,0,0,0,0,0,0,0,0,0,0,0,0,0,0,0,0,0,0,0,0,0,0,0,0,0,0,0,0,0,0,0,0,0,0,0,0,0,0,0,0,0,0,0,0,0,0,0,0,0,0,0,0,0,0,0,0,0,0,0,4,0,0,0,0,0,0,0,0,0,0,0,10,72,23,0,20,0,8,0,4,0,203,9,0,0,0,0,0,0,0,0,0,0,0,0,0,0,0,0,0,0,0,0,0,0,0,317,63,0,6,0,0,39,0,6,6,0,0,0,4
0,29,0,0,0,56,0,0,0,4,0,89,81,196,0,0,0,0,21,9,8,0,0,0,0,0,155,43,0,0,0,0,0,0,0,0,0,0,0,0,176,0,18,18,13,31,82,298,7,76,26,3,0,1,0,0,0,0,0,0,0,0,0,0,0,0,0,0,0,0,0,0,0,0,0,0,0,0,0,0,0,0,0,0,0,0,0,0,0,0,0,0,0,0,0,0,0,0,0,0,0,0,0,0,0,0,0,0,0,0,0,0,0,0,0,0,0,1,0,0,0,0,0,0,0,0,0,0,0,0,0,0,0,0,0,0,0,0,0,0,0,0,0,0,0,0,0,0,0,0,0,0,0,0,0,0,0,0,0,0,0,0,0,0,0,8,0,0,0,0,0,0,0,0,0,0,0,216,0,21,0,0,0,7,0,0,24,17,0,0,0,0,0,0,0,0,0,0,0,0,0,0,0,0,0,0,0,0,0,0,0,4,0,0,0,0,0,0,4,61,16,0,0,0,19
0,0,0,0,8,0,0,0,0,0,0,0,144,18,0,0,21,0,147,0,57,0,0,0,0,0,156,56,24,0,3,0,1,0,8,0,31,0,3,0,28,18,0,0,153,14,61,80,14,6,102,0,14,0,0,0,5,0,3,0,3,0,32,0,0,0,0,0,0,0,58,0,0,0,39,0,0,0,0,0,62,0,1,0,0,0,0,0,0,0,0,0,0,0,0,0,0,0,144,0,13,0,0,0,0,0,0,0,0,0,0,0,0,0,0,0,0,0,0,0,0,0,0,0,0,0,0,0,0,0,0,0,0,0,0,0,0,0,0,0,0,0,0,0,18,0,0,0,0,0,0,0,0,0,0,0,0,0,0,0,0,0,11,0,36,0,24,0,0,0,8,0,5,0,2,0,30,4,0,0,3,0,0,0,2,0,37,2,0,0,0,0,0,0,0,0,0,0,0,0,0,0,0,0,0,0,0,0,0,0,0,91,59,10,5,0,0,2,0,2,0,0,0,0,0
0,0,0,0,4,25,0,0,0,0,0,0,39,136,0,9,0,0,39,104,0,78,0,7,0,0,21,364,0,4,0,9,0,16,0,8,0,23,0,0,15,18,0,0,0,320,2,41,0,41,11,128,0,0,0,0,0,0,0,0,0,0,0,0,0,0,0,0,0,0,0,0,0,0,0,0,0,0,0,2,0,41,0,0,0,92,0,21,0,0,0,0,0,0,0,0,0,0,0,0,0,26,0,7,0,0,0,0,0,0,0,0,0,0,0,0,0,0,0,0,0,0,0,22,0,0,0,0,0,0,0,0,0,0,0,0,0,0,0,35,0,56,0,75,0,41,0,0,0,0,0,0,0,0,0,0,0,10,0,0,0,0,0,0,0,46,0,30,0,33,0,6,0,8,0,0,0,36,0,0,0,0,0,0,0,0,0,102,0,21,0,0,0,0,0,0,0,0,0,0,0,0,0,0,0,0,0,0,0,0,0,0,0,0,10,0,0,0,17,44,72,0,0,0,0
0,0,0,0,9,4,0,0,0,0,2,0,41,0,4,0,206,0,13,0,80,0,52,0,15,0,175,0,0,0,3,0,0,0,10,0,30,0,0,0,9,13,153,0,0,0,266,39,191,30,94,0,44,0,27,0,19,0,0,0,0,0,145,0,0,0,0,0,6,0,199,0,0,0,129,0,0,0,0,0,0,0,0,0,357,0,182,0,22,0,0,0,0,0,0,0,981,0,417,0,0,0,0,0,0,0,0,0,0,0,0,0,0,0,0,0,0,0,0,0,175,0,0,0,0,0,0,0,0,0,0,0,0,0,0,0,0,0,30,0,0,0,223,0,53,0,0,0,0,0,0,0,0,0,2,0,0,0,0,0,4,0,0,0,173,0,44,0,0,0,14,0,26,0,0,0,11,16,5,0,0,0,0,0,0,0,17,0,0,0,0,0,0,0,0,0,1,0,0,0,100,0,0,0,0,0,0,0,0,0,68,129,293,35,37,0,4,55,0,0,1,0,0,0,2
0,2,0,0,0,0,0,0,0,0,0,4,34,30,1,0,0,0,0,51,0,33,1,0,0,0,45,318,0,1,0,0,0,0,0,6,0,14,0,0,89,31,14,320,0,0,36,210,14,248,7,119,0,0,0,0,0,0,0,0,0,0,0,0,0,0,0,0,0,33,0,39,0,7,0,35,0,22,0,0,0,115,0,93,0,211,0,48,0,55,0,0,0,107,0,142,0,0,0,32,0,67,0,66,0,22,0,0,0,0,0,0,0,15,0,0,0,9,0,0,0,82,0,40,0,0,0,0,0,0,0,0,0,0,0,37,0,0,0,0,0,83,0,129,0,49,0,0,0,0,0,0,1,0,0,1,0,3,0,0,0,0,0,13,0,211,0,32,0,87,0,17,0,32,0,0,0,27,0,0,0,0,0,0,0,0,8,14,0,41,0,0,0,0,0,23,0,2,0,0,0,0,0,0,0,0,0,0,0,0,0,5,3,0,24,0,0,0,32,247,431,10,0,0,137
12,0,33,0,101,0,0,0,0,0,26,0,263,17,0,0,21,0,7,0,0,0,41,0,18,0,385,40,0,0,0,0,0,0,0,0,2,0,0,0,208,82,61,2,266,36,0,247,273,152,0,0,0,0,15,0,0,0,0,0,0,0,13,0,0,0,0,0,0,0,0,0,0,0,1,0,0,0,0,0,0,0,0,0,0,0,0,0,0,0,0,0,0,0,0,0,0,0,11,0,0,0,0,0,0,0,0,0,0,0,0,0,0,0,0,0,0,0,0,0,0,0,0,0,0,0,0,0,0,0,0,0,8,0,0,0,0,0,0,0,0,0,0,0,0,0,0,0,0,0,0,0,0,0,0,0,0,0,0,0,0,0,0,0,46,0,0,0,2,0,0,0,1,0,11,0,18,54,35,0,12,0,11,0,0,0,61,0,0,0,0,0,0,0,0,0,0,0,0,0,42,0,0,0,0,0,0,0,7,0,50,433,242,0,12,0,0,135,0,15,0,0,0,0,16
0,91,0,0,0,70,0,6,0,0,0,89,167,152,0,0,0,0,62,56,0,15,0,0,0,0,315,262,0,0,0,0,0,0,0,0,0,0,0,0,422,298,80,41,39,210,247,0,64,142,84,13,0,0,0,0,0,0,0,0,0,0,0,0,0,0,0,1,0,0,0,0,0,0,0,0,0,0,0,0,0,0,0,0,0,0,0,0,0,7,0,0,0,0,0,0,0,0,0,0,0,0,0,0,0,0,0,0,0,0,0,0,0,0,0,0,0,0,0,0,0,0,0,0,0,0,0,0,0,0,0,0,0,0,0,0,0,0,0,0,0,0,0,0,0,0,0,0,0,0,0,0,0,0,0,0,0,0,0,0,0,0,0,0,0,0,0,0,0,0,0,0,0,0,0,0,0,154,0,0,0,0,0,1,0,0,52,20,0,0,0,0,0,0,0,0,0,0,0,0,0,0,0,0,0,0,0,0,0,0,0,11,1,0,0,0,0,4,0,388,51,0,0,0,86
13,2,13,0,5,0,34,0,9,0,0,0,40,0,0,0,4,0,6,1,0,0,0,0,8,0,17,4,0,0,0,0,0,0,0,0,3,0,0,0,109,7,14,0,191,14,273,64,0,82,5,0,8,0,24,0,51,0,34,0,2,0,0,0,0,0,4,0,10,0,0,1,0,0,0,0,3,0,4,0,5,0,9,0,0,0,3,0,8,0,0,0,10,0,13,0,10,0,0,1,9,0,12,0,0,0,8,0,0,0,0,0,0,0,0,0,0,0,0,0,0,0,0,0,0,0,0,0,0,0,4,0,0,0,16,0,7,0,1,0,0,0,7,0,0,0,4,0,0,0,5,0,8,0,7,0,0,0,7,0,18,0,0,0,12,1,11,0,1,0,6,0,6,0,10,0,93,29,17,0,23,0,3,0,3,0,208,0,17,0,5,0,19,0,5,0,0,0,21,0,5,0,29,0,13,0,16,0,11,0,149,150,139,33,83,2,0,31,0,11,8,0,0,0,7
0,10,0,3,0,9,0,0,0,1,0,31,8,49,0,2,0,0,0,9,0,5,0,0,0,0,23,83,0,0,0,0,0,0,0,0,0,1,0,0,107,76,6,41,30,248,152,142,82,0,0,6,0,0,0,1,0,1,0,0,0,0,0,0,0,0,0,0,0,0,0,6,0,0,0,6,0,0,0,0,0,0,0,5,0,0,0,9,0,9,0,0,0,10,0,0,0,0,0,0,0,0,0,0,0,0,0,0,0,0,0,0,0,0,0,0,0,0,0,0,0,0,0,0,0,0,0,0,0,0,0,0,0,0,0,0,0,0,0,0,0,0,0,0,0,8,0,0,0,0,0,3,0,13,0,0,0,0,0,0,0,0,0,0,0,15,0,5,0,0,0,0,0,12,0,0,0,276,0,13,0,13,0,3,0,11,39,57,0,0,0,0,0,0,0,0,0,0,0,1,0,0,0,0,0,0,0,0,0,0,0,18,0,0,6,0,0,5,21,31,23,0,0,0,28
6,0,0,0,81,0,0,0,2,0,0,0,471,81,30,0,37,0,486,0,147,6,0,0,0,0,233,96,18,0,8,0,6,0,39,3,96,0,0,0,23,26,102,11,94,7,0,84,5,0,0,0,0,0,0,0,12,0,0,0,0,0,12,0,0,0,5,0,7,0,59,0,8,0,36,0,14,0,0,0,39,0,17,0,48,0,41,0,10,0,0,0,0,0,38,0,0,0,89,0,11,0,0,0,0,0,0,0,0,0,0,0,0,0,0,0,0,0,0,0,36,0,0,0,0,0,0,0,0,0,0,0,0,0,0,0,0,0,0,0,9,0,0,0,19,0,0,0,0,0,0,0,0,0,0,0,0,0,0,0,0,0,21,0,63,0,96,0,74,0,22,0,30,0,0,0,40,14,13,0,0,0,0,0,3,0,54,0,0,0,0,0,0,0,0,0,0,0,0,0,5,0,6,0,0,0,0,0,0,0,47,118,189,38,36,1,0,0,0,0,0,0,0,0,0
0,0,0,0,14,146,0,0,0,0,0,13,38,165,0,13,0,0,32,337,0,141,0,2,0,0,16,271,0,2,0,10,0,10,0,20,0,75,0,0,6,3,0,128,0,119,0,13,0,6,0,0,0,0,0,0,0,0,0,0,0,3,0,0,0,0,0,0,0,0,0,0,0,0,0,27,0,9,0,0,0,91,0,14,0,153,0,45,0,0,0,13,0,0,0,0,0,0,0,17,0,24,0,0,0,0,0,0,0,0,0,0,0,0,0,0,0,0,0,0,0,61,0,36,0,0,0,0,0,0,0,0,0,0,0,0,0,0,0,61,0,106,0,148,0,50,0,0,0,0,0,0,0,0,0,0,0,8,0,0,0,0,0,0,0,29,0,40,0,103,0,16,0,34,0,0,0,39,0,1,0,0,0,1,0,0,3,39,0,0,0,0,0,0,0,26,0,0,0,0,0,0,0,0,0,41,0,0,0,9,0,0,6,0,14,0,0,0,28,10,65,3,1,2,0
7,2,0,0,4,0,115,10,68,85,2,0,0,0,10,0,190,0,18,0,23,0,8,0,51,0,47,0,38,0,0,0,10,0,0,0,24,0,13,0,0,0,14,0,44,0,0,0,8,0,0,0,0,10,206,77,110,1,49,27,49,0,177,2,0,0,3,67,0,0,0,0,0,0,0,0,0,0,0,0,0,0,0,0,43,0,0,0,0,0,16,0,0,0,0,0,87,0,9,0,0,0,0,0,0,0,7,0,0,0,0,0,0,0,0,0,0,0,0,0,0,0,9,0,0,0,8,0,71,0,13,0,15,0,0,0,102,0,332,0,37,0,169,0,18,0,0,0,0,0,0,0,0,0,323,0,67,0,82,0,4,0,4,0,2,0,0,0,2,0,110,0,10,0,0,1,0,6,0,0,0,0,0,0,9,2,0,0,0,0,0,0,0,0,0,0,0,0,0,0,22,0,0,0,0,0,0,0,0,0,62,142,136,60,59,8,12,0,6,1,3,0,0,0,0
0,44,0,0,0,0,52,3,75,101,0,3,0,0,0,11,0,128,0,54,0,19,0,34,11,25,0,29,0,21,0,8,0,0,0,0,0,0,0,4,0,1,0,0,0,0,0,0,0,0,0,0,10,0,40,158,5,111,27,18,0,46,17,138,0,0,13,37,0,0,0,0,0,0,0,0,0,0,0,0,0,0,0,0,0,0,0,0,0,0,0,0,0,0,0,0,0,0,0,0,1,0,0,0,0,0,0,6,0,0,0,0,0,0,0,0,0,0,0,0,0,0,0,0,0,0,0,0,0,101,0,6,0,55,0,49,0,48,0,192,0,13,0,10,0,9,0,0,0,0,0,0,0,0,0,154,0,37,0,155,0,0,0,0,0,0,0,0,0,0,0,0,0,0,0,0,0,47,0,0,0,0,0,32,0,28,0,0,0,0,0,0,0,0,0,0,0,0,0,0,0,10,0,0,0,0,0,0,0,0,0,0,0,0,0,0,0,0,0,1,0,2,0,2,1
0,0,55,0,10,0,143,6,3,251,0,0,0,0,53,0,38,4,110,0,24,0,134,0,179,0,0,0,31,0,4,0,0,0,0,0,9,0,0,0,0,0,0,0,27,0,15,0,24,0,0,0,206,40,0,145,104,11,73,41,44,5,89,27,0,0,0,93,0,0,0,0,0,0,0,0,0,0,0,0,0,0,0,0,0,0,0,0,0,0,0,0,0,0,0,0,0,0,0,0,0,0,0,0,0,0,0,0,0,0,0,0,0,0,0,0,0,0,0,0,0,0,0,0,4,0,0,0,28,0,65,0,10,0,0,0,38,0,17,0,0,0,58,0,0,0,0,0,3,0,0,0,0,0,57,1,40,4,19,0,34,0,0,0,0,0,0,0,3,0,115,0,18,0,0,0,3,11,1,0,0,0,0,7,0,3,0,0,0,0,0,0,0,0,0,0,0,0,0,0,0,0,0,0,0,0,0,0,0,0,263,131,338,247,320,45,49,6,0,4,0,0,0,0,0
26,3,0,55,0,19,101,46,277,72,0,0,0,0,0,196,2,155,0,100,0,49,0,29,31,195,0,9,0,363,0,17,0,36,0,7,0,0,0,144,0,0,0,0,0,0,0,0,0,1,0,0,77,158,145,0,0,204,69,38,12,534,39,683,0,0,73,27,0,0,0,0,0,0,0,0,0,0,0,0,0,0,0,0,0,0,0,0,0,0,1,0,0,0,0,0,0,0,0,0,0,0,0,0,0,0,0,0,0,0,0,0,0,0,0,0,0,0,0,0,0,0,0,0,0,50,0,0,0,195,0,74,0,119,0,85,0,132,0,40,0,0,1,0,0,0,0,0,0,5,0,26,0,0,4,118,7,48,0,39,0,75,0,14,0,10,0,0,0,88,0,266,0,323,0,0,0,30,0,0,0,0,0,8,0,6,0,0,0,0,0,0,0,0,0,0,0,0,0,0,0,0,0,0,0,0,0,0,0,58,0,2,0,0,751,0,0,0,369,47,714,505,0,287,5
0,0,11,0,0,0,81,0,25,0,0,0,0,0,0,0,9,0,0,0,0,0,16,0,28,0,0,0,0,0,0,0,0,0,0,0,0,0,0,0,0,0,5,0,19,0,0,0,51,0,12,0,110,5,104,0,0,5,292,56,0,0,7,0,19,22,39,71,1,0,0,0,0,0,0,0,0,0,0,0,0,0,0,0,0,0,0,0,0,0,0,0,0,0,0,0,0,0,0,0,0,0,0,0,0,0,0,0,0,0,0,0,0,0,0,0,0,0,0,0,0,0,0,0,6,0,0,0,27,0,87,0,12,0,0,0,27,0,14,3,0,0,30,0,24,0,0,0,3,0,0,0,0,0,143,11,81,0,67,15,188,21,8,0,0,0,11,0,5,0,186,0,21,0,0,3,0,0,0,0,11,46,0,0,6,3,0,0,0,0,0,0,0,0,0,0,0,0,1,0,0,0,0,0,0,0,0,0,0,0,655,243,683,560,891,134,114,16,0,10,10,0,0,0,0
0,0,0,11,0,0,0,31,10,55,0,0,0,0,0,10,0,42,0,0,0,0,0,2,0,17,0,0,0,6,0,0,0,0,0,0,0,0,0,0,0,0,0,0,0,0,0,0,0,1,0,0,1,111,11,204,5,0,47,279,0,13,0,37,5,8,76,87,0,3,0,0,0,1,0,0,0,0,0,0,0,0,0,0,0,0,0,0,0,0,0,0,0,8,0,0,0,0,0,0,0,0,0,0,0,0,0,0,0,0,0,0,0,0,0,0,0,1,0,0,0,0,0,0,0,18,0,0,0,96,0,53,0,39,0,30,0,30,2,41,0,0,0,0,0,13,0,0,0,0,0,6,0,0,5,277,2,72,0,205,0,114,0,22,0,14,0,7,0,117,0,340,0,45,0,0,0,0,0,0,0,0,0,0,5,3,0,0,0,0,0,0,0,0,0,0,0,2,0,0,0,0,0,0,0,0,0,4,0,18,0,0,0,0,911,0,0,0,379,56,1109,678,37,210,0
0,0,16,0,0,0,38,0,115,55,0,0,0,0,0,0,0,0,0,0,0,0,0,0,7,0,0,0,0,0,0,0,0,0,0,0,4,0,0,0,0,0,3,0,0,0,0,0,34,0,0,0,49,27,73,69,292,47,0,299,21,0,9,0,294,24,203,283,0,0,0,0,1,0,0,0,0,0,0,0,0,0,0,0,0,0,0,0,0,0,0,0,0,0,0,0,0,0,0,0,0,0,0,0,0,0,0,0,0,0,0,0,0,0,0,0,0,0,0,0,0,0,0,0,5,0,0,0,2,0,27,0,0,0,2,0,0,0,11,0,0,0,0,0,7,0,0,0,19,0,0,0,0,0,49,34,88,0,0,10,60,0,0,0,0,0,6,0,1,0,46,0,12,0,0,18,13,0,0,0,0,40,0,0,150,24,0,0,0,0,0,0,2,0,0,0,0,0,0,0,0,0,0,0,0,0,2,0,0,0,676,299,289,334,698,97,72,7,37,22,20,13,0,0,0
0,8,0,17,0,13,0,56,31,57,0,0,0,0,0,3,0,0,0,4,0,0,0,0,0,0,0,5,0,0,0,0,0,0,0,0,0,0,0,0,0,0,0,0,0,0,0,0,0,0,0,0,27,18,41,38,56,279,299,0,0,20,0,11,18,216,264,349,0,3,0,0,0,0,0,0,0,0,0,0,0,0,0,3,0,0,0,0,0,0,0,0,0,6,0,0,0,0,0,0,0,0,0,0,0,0,0,0,0,0,0,0,0,0,0,0,0,0,0,0,0,0,0,0,0,16,0,0,0,0,0,38,0,0,0,0,0,0,0,0,0,0,0,0,0,35,0,0,0,3,0,0,0,0,21,90,12,158,0,88,9,105,0,10,0,3,0,3,0,27,0,24,0,0,0,17,0,0,0,0,0,25,0,0,34,51,0,0,0,0,0,0,0,0,0,0,0,2,0,0,0,0,0,0,0,0,0,0,0,7,0,1,0,0,1115,0,0,0,884,182,679,565,23,141,4
233,0,169,0,0,0,436,0,233,18,7,0,0,0,0,0,138,0,0,0,0,0,12,0,334,0,0,0,26,0,0,0,14,0,1,0,18,0,10,0,0,0,3,0,0,0,0,0,2,0,0,0,49,0,44,12,0,0,21,0,0,0,29,0,0,0,0,0,0,0,23,0,0,0,0,0,0,0,0,0,0,0,0,0,11,0,0,0,0,0,0,0,0,0,0,0,0,0,0,0,0,0,0,0,0,0,0,0,0,0,0,0,0,0,0,0,0,0,0,0,0,0,13,0,0,0,0,0,0,0,0,0,6,0,0,0,0,0,59,0,62,0,15,0,226,0,0,0,0,0,0,0,0,0,30,0,137,0,8,0,0,0,14,0,0,0,0,0,0,0,105,0,107,0,0,0,16,6,1,0,0,0,16,0,0,0,0,0,0,0,0,0,0,0,0,0,0,0,0,0,0,0,0,0,0,0,0,0,0,0,14,27,52,33,30,0,0,2,0,0,0,0,0,0,0
12,129,0,0,0,0,0,319,0,613,0,0,0,0,0,0,2,0,0,0,0,0,0,0,13,16,0,0,0,41,0,0,0,17,0,0,0,58,0,36,0,0,0,0,0,0,0,0,0,0,0,3,0,46,5,534,0,13,0,20,0,0,5,13,0,0,0,39,0,0,0,0,0,1,0,0,0,0,0,0,0,1,0,0,0,0,0,0,0,0,0,0,0,0,0,0,0,0,0,0,0,0,0,0,0,0,0,0,0,0,0,0,0,0,0,0,0,0,0,0,0,0,0,0,0,0,0,0,0,10,0,0,0,0,0,1,0,0,0,174,0,74,0,0,0,207,0,0,0,0,0,0,0,0,0,41,0,129,0,39,0,2,0,5,0,0,0,4,0,6,0,40,0,68,0,0,0,158,0,0,0,0,0,92,0,0,0,0,0,0,0,0,0,0,0,0,0,0,0,0,0,0,0,0,0,0,0,0,0,0,0,0,0,0,5,0,0,0,3,102,62,15,0,14,0
64,5,106,0,0,0,250,25,85,144,0,0,0,0,22,1,642,3,36,0,96,0,30,0,337,11,91,0,81,0,0,0,7,0,6,0,23,0,17,0,0,0,32,0,145,0,13,0,0,0,12,0,177,17,89,39,7,0,9,0,29,5,0,13,0,0,0,5,0,0,20,0,0,0,17,0,0,0,0,0,49,0,0,0,176,0,43,0,0,0,0,0,0,0,0,0,239,0,0,0,0,0,0,0,0,0,0,0,0,0,0,0,0,0,0,0,0,0,0,0,56,0,46,0,0,0,0,0,74,0,7,0,19,0,0,0,100,0,346,0,53,0,236,0,34,1,0,0,0,0,0,0,0,0,95,0,25,0,56,0,0,1,0,0,0,0,1,1,0,0,6,1,16,0,0,0,6,17,1,0,0,0,0,0,0,0,0,0,0,0,0,0,0,0,0,0,0,0,0,0,36,0,0,0,0,0,0,0,0,0,12,63,25,14,25,0,0,0,5,0,4,0,0,0,0
6,38,0,0,0,7,33,119,55,353,0,0,0,0,0,14,2,146,0,78,0,90,0,87,30,19,0,30,0,29,0,14,0,8,0,3,0,4,0,3,0,0,0,0,0,0,0,0,0,0,0,0,2,138,27,683,0,37,0,11,0,13,13,0,0,0,0,8,0,0,0,0,0,0,0,0,0,0,0,0,0,0,0,0,0,0,0,0,0,0,1,0,0,0,0,0,0,0,0,0,0,0,0,0,0,0,0,1,0,0,0,0,0,0,0,0,0,0,0,0,0,0,0,0,0,0,0,0,0,25,0,0,0,0,0,0,0,12,0,46,0,3,0,5,0,4,0,0,0,0,0,0,0,0,0,27,0,9,0,21,0,0,0,0,0,0,0,0,0,0,0,0,0,2,0,0,0,112,0,0,0,0,0,66,0,4,0,0,0,0,0,0,0,0,0,0,0,0,0,0,0,2,0,0,0,0,0,0,0,0,1,0,0,0,3,0,0,0,0,18,0,1,0,0,0
11,0,27,0,0,0,57,0,157,1,0,0,0,0,0,0,0,0,0,0,0,0,0,0,0,0,0,0,0,0,0,0,0,0,0,0,0,0,1,0,1,0,0,0,0,0,0,0,0,0,0,0,0,0,0,0,19,5,294,18,0,0,0,0,0,48,206,7,0,0,0,0,0,0,1,0,0,0,0,0,0,0,0,0,0,0,0,0,0,0,0,0,0,0,0,0,0,0,0,0,0,0,0,0,0,0,0,0,0,0,0,0,0,0,0,0,0,0,0,0,0,0,0,0,11,0,1,0,0,0,31,0,0,0,0,0,0,0,5,18,0,0,0,0,17,36,3,0,77,5,0,0,0,0,0,25,2,0,0,39,588,116,0,0,0,0,0,0,0,0,2,0,0,0,26,1,0,0,0,0,162,158,11,0,77,0,0,0,0,0,0,0,0,0,0,0,0,0,0,0,0,0,0,0,0,0,0,0,0,0,57,28,0,0,77,0,0,0,29,0,0,0,0,0,0
0,94,0,8,0,35,0,9,0,178,0,13,0,7,0,6,0,0,0,42,0,0,0,0,0,0,0,33,0,0,0,0,0,0,0,0,0,0,0,0,0,0,0,0,0,0,0,0,0,0,0,0,0,0,0,0,22,8,24,216,0,0,0,0,48,0,33,906,0,0,0,12,0,0,0,7,0,0,0,0,0,0,0,0,0,0,0,0,0,0,0,0,0,0,0,0,0,0,0,0,0,0,0,0,0,0,0,0,0,0,0,0,0,0,0,0,0,0,0,1,0,0,0,2,0,22,0,12,0,0,0,96,0,0,0,0,0,0,28,13,0,6,0,0,16,54,0,37,32,174,0,14,0,12,15,8,0,6,31,12,114,439,0,0,0,0,0,0,0,0,0,0,0,0,0,49,0,0,0,0,24,193,0,4,0,144,0,0,0,0,0,0,0,0,0,0,0,0,0,0,0,0,0,0,0,0,0,0,0,0,0,0,0,0,114,0,0,0,87,28,60,0,7,0,0
33,0,12,0,11,0,185,0,223,40,0,0,7,0,0,0,0,0,0,0,0,0,0,0,0,0,0,0,0,0,0,0,0,0,3,0,2,0,0,0,0,0,0,0,0,0,0,0,4,0,5,0,3,13,0,73,39,76,203,264,0,0,0,0,206,33,0,202,0,0,0,0,0,0,0,0,0,0,0,0,1,0,0,0,0,0,0,0,0,0,0,0,0,0,0,0,0,0,0,0,0,0,0,0,0,0,0,0,0,0,0,0,0,0,0,0,0,0,0,0,0,0,0,0,18,0,7,0,0,0,18,0,2,0,10,0,0,0,5,0,0,0,1,0,5,4,15,0,57,0,4,0,1,0,0,38,15,3,0,26,194,18,0,0,0,0,0,0,0,0,5,0,0,0,6,17,33,0,3,0,24,93,17,0,643,30,0,0,0,0,0,0,0,0,0,0,0,0,4,0,1,0,0,0,0,0,1,0,1,0,122,78,34,0,151,15,0,0,30,19,11,15,0,0,0
0,9,0,2,0,0,19,9,90,101,0,0,0,3,0,0,0,0,0,0,0,0,0,0,0,0,0,0,0,0,0,0,0,0,0,0,0,0,0,0,0,0,0,0,0,0,0,1,0,0,0,0,67,37,93,27,71,87,283,349,0,39,5,8,7,906,202,0,0,0,0,0,0,0,0,0,0,0,0,0,0,0,0,0,0,0,0,0,0,0,0,0,0,0,0,0,0,0,0,0,0,0,0,0,0,0,0,0,0,0,0,0,0,0,0,0,0,0,0,0,0,0,0,0,0,21,0,0,0,0,0,118,0,0,0,5,0,3,0,0,0,0,0,0,1,13,0,0,0,42,0,2,0,1,11,42,0,93,0,51,8,104,0,0,0,0,0,0,0,6,0,0,0,0,0,66,0,7,0,0,0,78,0,0,25,398,0,0,0,0,0,0,0,0,0,0,0,0,0,0,0,0,0,0,0,0,0,1,0,0,0,0,0,0,337,0,0,0,326,97,144,0,10,0,0
0,0,0,0,0,0,0,0,0,0,0,0,0,0,0,0,0,0,0,0,0,0,0,0,0,0,0,0,0,0,0,0,0,0,2,0,0,0,0,0,0,0,0,0,6,0,0,0,10,0,7,0,0,0,0,0,1,0,0,0,0,0,0,0,0,0,0,0,0,0,0,0,1,0,3,1,33,0,11,0,11,0,63,0,5,0,7,0,37,0,3,0,42,0,22,0,8,0,0,0,10,0,96,0,14,0,12,0,32,0,3,0,18,0,10,0,1,0,0,0,0,0,0,0,4,0,0,0,0,0,0,0,1,0,8,0,7,0,0,0,3,0,0,0,0,0,0,0,0,0,4,0,3,0,0,0,0,0,0,0,0,0,0,0,63,0,1,0,62,0,0,0,0,0,1,0,0,0,0,0,0,0,0,0,0,0,0,0,31,0,7,0,17,0,10,0,0,0,0,0,0,0,12,0,14,0,0,0,0,0,121,2,145,0,0,23,9,0,0,0,0,0,0,0,0
0,0,0,0,0,0,0,0,0,0,0,0,0,0,0,0,0,0,0,0,0,0,0,0,0,0,0,0,0,0,0,0,0,0,0,0,0,0,0,0,0,0,0,0,0,33,0,0,0,0,0,0,0,0,0,0,0,3,0,3,0,0,0,0,0,0,0,0,0,0,0,0,0,0,0,0,0,63,0,0,0,0,0,8,0,0,0,4,0,53,0,0,0,39,0,31,0,0,0,0,0,4,0,106,0,0,0,0,0,10,0,2,0,33,0,3,0,22,0,0,0,0,0,0,2,0,0,0,0,0,0,0,0,0,0,0,0,4,0,0,0,0,0,0,0,0,0,0,0,0,0,0,0,0,0,0,0,0,0,0,0,1,0,0,0,87,0,0,0,47,0,2,0,0,0,0,0,0,0,0,0,0,0,0,0,0,0,0,0,0,0,0,0,0,0,11,0,0,0,0,0,0,0,8,0,0,0,0,0,0,0,0,0,0,0,0,0,0,41,15,67,0,22,32,1
0,0,0,0,0,0,0,0,0,0,2,0,0,0,0,0,18,0,0,0,16,0,0,0,0,0,37,0,37,0,1,0,4,0,3,0,153,0,0,0,0,0,58,0,199,0,0,0,0,0,59,0,0,0,0,0,0,0,0,0,23,0,20,0,0,0,0,0,0,0,0,0,255,0,202,0,14,0,214,0,6,2,0,0,7,0,17,0,0,0,0,0,0,0,0,0,0,0,0,0,0,0,0,0,0,0,0,0,0,0,0,0,0,0,0,0,0,0,0,0,22,0,8,0,32,17,94,0,61,0,63,0,41,0,27,0,117,0,64,0,238,0,131,0,195,0,59,11,13,0,114,0,51,0,0,0,16,0,1,0,0,0,119,0,0,0,15,0,15,0,53,0,54,0,51,0,0,0,0,0,83,22,6,0,0,0,0,0,0,0,0,0,0,0,0,0,0,0,0,0,0,0,0,0,0,0,0,0,0,0,13,0,7,0,0,0,0,0,18,0,45,0,0,0,0
0,0,0,0,0,0,0,0,0,0,0,0,0,0,0,0,0,0,0,0,0,0,0,0,0,0,0,0,0,0,0,0,0,0,0,0,0,9,0,0,0,0,0,0,0,39,0,0,1,6,0,0,0,0,0,0,0,0,0,0,0,0,0,0,0,12,0,0,0,0,0,0,0,32,0,156,0,3,0,0,2,0,0,0,0,0,0,37,1,0,10,0,0,0,0,0,13,0,0,0,2,0,0,0,0,0,0,0,0,0,0,0,0,0,0,0,0,0,0,0,0,0,0,8,0,119,18,122,14,18,0,33,0,129,0,0,13,0,9,9,0,36,0,8,0,125,20,38,0,33,0,0,0,42,0,0,0,6,1,0,20,13,0,30,0,0,0,0,0,3,0,20,0,13,0,32,0,0,0,0,19,132,0,0,0,0,0,0,0,0,0,0,0,0,0,0,0,0,0,0,0,0,0,0,0,0,0,0,1,0,0,0,0,0,0,0,0,0,57,3,10,0,0,0,0
0,0,0,0,0,0,0,0,0,0,0,0,0,0,0,0,0,0,0,0,0,0,0,0,0,0,0,0,0,0,0,0,0,0,0,0,8,0,0,0,0,0,0,0,0,0,0,0,0,0,8,0,0,0,0,0,0,0,1,0,0,0,0,0,0,0,0,0,1,0,255,0,0,0,177,0,53,0,205,0,4,0,23,0,0,0,13,0,0,2,0,0,3,0,10,0,0,0,0,0,2,0,0,0,0,0,1,0,0,0,0,0,0,0,0,0,1,0,0,0,24,0,0,0,32,0,55,0,25,1,26,0,27,0,85,0,75,12,12,0,51,0,106,0,53,0,0,0,0,0,92,0,32,0,0,0,2,0,0,0,0,0,32,0,0,0,0,0,9,0,6,0,6,1,0,0,0,0,0,0,31,0,0,0,0,0,0,0,2,0,0,0,0,0,0,0,3,0,40,0,0,0,0,0,0,0,0,0,52,0,178,0,24,0,9,0,0,0,3,0,0,0,0,0,0
0,0,0,0,0,0,0,0,0,0,0,0,0,0,0,0,0,0,0,0,0,0,0,0,0,0,0,0,0,0,0,0,0,0,0,0,0,0,0,0,0,0,0,0,0,7,0,0,0,0,0,0,0,0,0,0,0,1,0,0,0,1,0,0,0,0,0,0,0,0,0,32,0,0,0,202,0,73,0,23,4,17,0,29,0,6,0,118,0,0,0,0,0,0,0,0,0,0,0,0,0,0,0,0,0,0,0,0,0,0,0,0,0,0,0,0,0,0,0,0,0,22,0,59,0,34,0,35,0,0,0,0,0,0,0,64,0,0,0,1,0,44,0,13,0,22,0,0,0,0,0,0,8,0,0,0,0,0,0,0,0,0,0,32,0,0,0,0,0,17,0,13,0,2,0,0,0,0,0,0,0,0,0,0,0,0,0,0,0,0,0,0,0,0,0,0,0,0,0,0,0,35,0,42,0,22,0,0,0,0,0,0,0,0,6,0,0,0,83,2,13,0,1,0,0
0,0,6,0,0,0,0,0,0,0,0,0,0,0,0,0,21,0,0,0,25,0,0,0,0,0,41,0,29,0,0,0,3,0,4,0,63,0,0,0,0,0,39,0,129,0,1,0,0,0,36,0,0,0,0,0,0,0,0,0,0,0,17,0,1,0,0,0,3,0,202,0,177,0,0,0,17,0,189,0,15,0,0,0,32,0,59,0,0,0,0,0,0,0,0,0,9,0,6,0,0,0,0,0,0,0,0,0,0,0,0,0,0,0,0,0,0,0,0,0,79,0,47,0,16,7,36,0,39,0,23,0,21,16,116,0,85,0,15,6,200,0,336,0,67,0,19,0,10,0,80,0,34,0,0,0,17,0,0,0,0,0,46,0,0,0,0,0,18,0,20,0,20,0,37,0,0,0,0,0,58,0,0,0,0,0,0,0,0,0,0,0,9,0,0,0,0,0,62,0,76,0,49,0,11,0,0,0,35,0,87,2,0,0,9,0,0,0,0,0,45,0,0,0,0
0,0,0,0,0,0,0,0,0,0,0,0,0,0,0,0,0,0,0,0,0,0,0,0,0,0,0,0,0,0,0,0,0,0,0,0,0,17,0,0,0,0,0,0,0,35,0,0,0,6,0,27,0,0,0,0,0,0,0,0,0,0,0,0,0,7,0,0,1,0,0,156,0,202,0,0,0,5,0,22,0,6,0,0,0,9,0,59,0,0,0,0,0,0,0,0,0,0,0,0,1,0,0,0,0,0,18,0,0,0,0,0,0,0,0,0,0,0,0,0,0,44,0,67,0,73,29,201,11,0,18,0,26,135,0,92,19,62,0,5,0,46,16,41,7,196,39,24,0,13,16,103,0,59,0,0,0,6,0,0,0,7,0,45,0,0,0,16,0,3,0,28,0,16,1,22,0,0,0,1,40,191,0,0,0,2,0,0,0,0,1,0,0,0,0,0,0,0,0,0,0,26,0,0,0,0,0,0,0,98,18,0,46,0,13,0,0,0,120,0,12,0,0,0,0
0,0,0,0,0,0,2,0,0,0,0,0,0,0,0,0,0,0,0,0,0,0,0,0,0,0,0,0,0,0,0,0,0,0,0,0,0,0,0,0,0,0,0,0,0,0,0,0,3,0,14,0,0,0,0,0,0,0,0,0,0,0,0,0,0,0,0,0,33,0,14,0,53,0,17,0,0,0,65,0,26,0,111,0,0,0,48,0,24,0,0,0,69,0,34,0,19,0,0,0,13,0,66,0,0,0,18,0,2,0,1,0,2,0,6,0,11,0,0,0,0,0,3,0,0,2,0,0,0,0,0,0,9,0,0,0,9,0,0,0,0,0,28,0,0,0,0,1,0,0,0,0,0,0,0,0,0,0,0,0,0,0,0,0,25,0,9,0,74,0,4,0,0,0,6,0,0,0,0,0,6,0,0,0,0,0,0,0,26,0,7,0,0,0,0,0,0,0,0,0,36,0,0,0,34,0,0,0,0,0,75,6,59,0,0,4,11,0,0,0,0,0,0,0,0
0,0,0,0,0,0,0,0,0,0,0,0,0,0,0,0,0,0,0,0,0,0,0,0,0,0,0,0,0,0,0,0,0,0,0,0,0,0,0,0,0,0,0,0,0,22,0,0,0,0,0,9,0,0,0,0,0,0,0,0,0,0,0,0,0,0,0,0,0,63,0,3,0,73,0,5,0,0,0,4,0,101,0,154,0,0,0,166,0,26,0,0,0,40,0,124,0,2,0,12,0,18,0,54,0,0,0,0,0,6,0,0,0,0,0,0,0,32,0,0,0,0,0,0,0,0,0,0,0,0,0,0,0,0,0,0,0,0,0,1,0,0,0,0,0,0,0,0,0,0,0,0,0,0,0,0,0,0,0,0,0,2,0,9,0,36,0,0,0,126,0,4,0,0,0,0,0,0,0,0,0,0,0,0,0,0,0,0,0,0,0,0,0,0,0,50,0,0,0,0,0,26,0,49,0,35,0,0,0,0,0,0,3,0,8,0,0,0,63,6,108,0,7,4,0
0,0,0,0,0,0,0,0,0,0,0,0,0,0,0,0,0,0,0,0,0,0,0,0,0,0,0,0,0,0,0,0,0,0,0,0,0,0,0,0,1,0,0,0,0,0,0,0,4,0,0,0,0,0,0,0,0,0,0,0,0,0,0,0,0,0,0,0,11,0,214,0,205,0,189,0,65,0,0,0,48,0,64,0,24,0,127,0,0,0,7,0,9,0,25,0,30,0,27,0,6,0,23,0,0,0,29,0,3,0,0,0,0,0,13,0,10,0,0,0,75,0,20,0,0,0,0,5,0,0,0,0,0,0,138,0,36,9,9,0,86,0,163,0,0,0,0,0,0,0,46,0,0,0,0,0,0,0,0,0,0,0,11,0,5,0,3,0,79,0,5,0,0,0,0,0,0,0,0,0,0,0,0,0,0,0,0,0,66,0,0,0,70,0,23,0,0,0,132,0,109,0,118,0,97,0,0,0,0,0,420,4,92,0,31,2,21,0,0,0,0,0,0,0,0
