0,532,22,134,62,8,43,59,65,5,101,20,60,0,28,36,67,33,49,0,0,0,25,95,5,178,35,0,113,39,0,0,15,0,22,0,38,7,282,58,28,0,0,0,12,0,6,0,3,0,29,0,0,0,3,0,1,0,7,1,150,23,87,0,5,0,10,0,0,0,0,0,0,0,0,0,0,0,0,0,0,0,0,0,0,0,0,0,0,0,0,0,0,0,0,0,0,0,0,0,0,0,0,0,0,0,0,0,1,0,0,0,0,0,0,0,0,0,2,0,0,0,0,0,5,0,6,0,0,0,0,0,0,1,2,0,0,0,0,0,0,0,0,0,0,0,5,0,8,0,20,0,25,0,0,0,0,0,0,0,2,0,1,0,9,0,43,0,30,0,3,0,151,5,7,0,136,110,38,0,18,0,13,0,45,0,12,0,0,0,0,0,0,0,0,0,0,0,0,0,0,0,0,0,0,0,1,0,3,0,0,0,0,0,47,1,0,0,8,0,232,25,17,0,39,0,118,60,91,0,179,3,128,13,27,2,7,0,134,0,65,2,42,0,432,9,0,0,0
532,0,245,76,28,78,240,36,170,54,43,395,0,103,37,60,53,43,0,70,0,20,280,55,326,28,0,45,14,135,0,5,0,81,0,8,3,142,11,161,0,67,0,5,0,0,0,50,0,5,0,0,0,4,19,20,0,4,0,15,20,125,72,29,0,57,0,10,0,0,0,0,0,5,0,0,0,0,0,0,0,4,0,0,0,15,0,0,0,0,0,0,0,0,0,1,0,65,0,0,0,3,0,0,0,0,0,39,0,0,0,0,0,0,0,0,0,0,0,0,0,0,0,0,0,36,0,17,0,5,1,34,1,25,0,96,0,115,0,21,0,5,0,21,0,0,0,50,0,90,0,88,0,72,0,7,0,4,0,0,0,9,0,3,0,2,0,0,1,9,0,14,7,63,0,18,71,225,0,4,0,0,0,12,0,46,1,7,0,0,0,0,0,0,0,0,0,0,0,0,0,21,0,0,0,0,0,41,0,105,0,4,0,0,0,45,0,0,1,0,14,505,1,16,0,25,14,329,0,184,3,192,3,545,0,46,0,22,0,105,2,36,0,37,10,390,0,0,0
22,245,0,98,86,53,68,11,70,0,60,61,51,0,425,144,40,14,149,8,94,13,530,79,102,31,21,0,171,48,87,0,201,26,14,0,94,15,327,29,23,0,0,0,0,0,1,0,0,0,19,0,6,0,113,0,10,0,21,0,96,9,109,0,28,0,26,0,0,0,1,0,0,0,0,0,0,0,0,0,0,0,0,0,26,0,0,0,0,0,0,0,0,0,2,0,0,0,0,0,0,0,0,0,24,0,0,0,0,0,0,0,0,0,0,0,0,0,0,0,0,0,0,0,76,0,91,0,0,0,64,0,49,0,182,0,67,0,0,0,0,0,79,0,0,0,199,0,102,0,116,0,52,0,0,0,0,0,0,0,8,0,4,0,3,0,137,0,29,0,5,0,153,2,2,0,23,67,0,0,0,0,2,0,23,0,0,1,0,0,0,0,4,0,0,0,7,0,73,0,74,0,0,0,0,0,0,0,99,0,11,0,0,0,73,2,0,0,9,0,435,40,30,1,18,0,104,42,251,12,163,0,176,35,23,0,9,1,100,4,41,0,41,2,402,20,0,0,0
134,76,98,0,38,82,0,74,0,2,49,17,5,14,42,250,0,18,0,89,7,59,79,141,18,44,0,32,3,145,2,24,0,221,0,0,3,59,5,60,1,0,0,0,0,0,0,0,0,0,0,0,0,0,0,57,0,0,0,5,0,5,0,0,2,0,0,0,0,0,1,0,0,0,0,1,0,0,0,0,0,0,0,0,0,42,0,0,0,0,0,0,0,0,0,0,0,96,0,0,0,0,0,0,0,4,0,41,0,0,0,0,0,0,0,0,0,0,0,0,0,0,0,0,0,9,0,5,0,4,0,6,0,16,0,119,0,107,0,52,0,7,0,77,0,2,0,4,0,3,0,14,0,0,0,1,0,0,0,0,0,0,0,1,0,2,0,5,0,5,0,0,0,28,0,0,22,9,0,0,0,0,0,0,0,0,0,0,0,0,0,0,0,0,0,2,0,0,0,0,0,0,0,0,0,0,0,0,0,40,0,4,0,0,0,8,0,0,0,0,0,210,0,0,0,6,9,119,0,112,0,47,0,116,2,6,0,0,0,9,0,0,0,0,14,69,0,0,0
62,28,86,38,0,201,0,0,20,0,85,103,127,99,148,232,0,0,363,114,45,58,17,37,0,0,146,113,0,13,40,12,45,26,78,0,183,22,21,2,91,15,13,17,9,0,13,0,4,0,123,18,0,0,0,0,1,0,3,0,0,0,0,0,4,0,1,0,0,0,0,0,0,0,0,0,1,0,0,0,0,0,0,0,0,0,0,0,0,0,0,0,0,0,0,0,0,0,0,0,0,0,0,0,0,0,0,0,0,0,0,0,0,0,0,0,0,0,0,0,0,0,0,0,2,0,0,0,0,0,0,0,0,0,0,0,0,0,0,0,0,0,0,0,0,0,0,0,13,0,17,0,21,0,0,0,0,0,0,0,0,0,0,0,0,2,104,3,30,2,0,0,50,2,15,0,105,163,11,1,24,0,8,0,20,0,8,6,0,0,0,0,0,0,0,0,0,0,0,0,0,0,0,0,0,0,0,0,5,0,0,0,2,0,14,0,0,0,20,29,140,33,14,0,92,34,120,18,140,0,130,4,40,23,10,1,6,0,26,0,17,0,20,0,217,0,0,0,0
8,78,53,82,201,0,0,18,0,0,137,139,131,164,346,116,0,0,129,305,96,132,22,12,0,16,0,121,0,8,23,45,18,176,45,85,33,137,4,6,0,146,10,22,0,8,0,45,2,0,47,84,0,0,0,0,0,0,1,0,0,0,0,0,0,0,0,0,0,0,0,0,0,0,0,0,0,0,0,5,0,17,0,0,0,56,0,0,0,0,0,0,0,3,0,0,0,51,0,28,0,0,0,0,0,0,0,22,0,0,0,0,0,0,0,0,0,0,0,0,0,0,0,0,0,5,0,4,0,0,0,9,0,12,0,79,0,51,0,15,0,9,0,43,0,3,0,0,0,0,0,24,0,24,0,4,0,2,0,0,0,3,0,2,1,0,9,13,0,19,0,0,0,13,0,0,16,107,0,17,0,23,0,5,0,9,0,6,0,0,0,0,0,6,0,0,0,0,0,0,0,0,0,0,0,0,0,20,0,39,0,1,0,0,0,11,0,0,2,41,0,150,0,19,0,98,9,246,8,194,0,120,0,152,0,9,0,15,0,20,2,6,0,22,15,126,0,0,0
43,240,68,0,0,0,0,121,82,166,3,0,2,0,0,0,42,15,0,0,0,0,6,7,233,124,0,1,18,23,0,0,0,0,0,0,0,10,19,26,0,0,0,0,0,0,0,0,11,0,0,0,53,1,190,10,11,0,26,1,189,36,367,22,37,0,29,0,1,0,0,0,0,0,1,0,0,0,0,0,0,0,0,0,0,0,0,0,0,0,0,0,0,0,0,0,0,0,0,0,0,0,0,0,0,0,0,0,0,0,0,0,0,0,0,0,0,0,0,0,0,0,0,0,95,0,83,0,0,0,110,0,49,0,50,0,27,0,0,1,2,0,16,0,0,0,75,0,32,0,24,0,0,0,0,0,0,0,1,0,22,0,2,0,0,0,0,0,27,0,122,0,231,0,0,0,5,19,0,0,0,0,0,11,1,0,0,0,0,0,0,0,3,0,0,0,0,0,15,0,0,0,0,0,0,0,7,0,55,0,0,0,0,0,252,0,0,0,31,0,270,5,95,0,39,1,83,0,220,4,83,0,284,5,54,0,5,0,184,0,53,0,53,1,579,1,0,0,0
59,36,11,74,0,18,121,0,331,87,0,20,0,9,0,73,26,37,0,31,0,0,0,49,99,429,0,15,2,114,0,0,0,3,0,0,0,9,0,132,0,6,0,0,0,1,0,0,0,1,0,2,16,7,60,101,3,39,15,64,27,159,143,160,0,0,14,20,0,0,0,0,0,1,0,0,0,0,0,0,0,0,0,0,0,4,0,0,0,0,0,0,0,0,0,0,0,0,0,0,0,0,0,0,0,0,0,0,0,0,0,0,0,0,0,0,0,0,0,0,0,0,0,0,0,37,0,14,0,55,0,82,0,62,0,55,0,84,0,28,0,2,0,19,0,0,0,0,0,5,0,33,0,0,0,29,0,0,0,6,0,27,0,0,0,0,0,0,1,11,0,22,0,49,0,0,6,12,0,0,0,0,0,5,0,1,0,0,0,0,0,0,0,0,0,0,0,0,0,0,0,0,0,0,0,0,0,27,0,79,0,0,0,0,0,117,0,0,0,19,0,495,0,27,0,47,7,141,0,250,1,72,1,448,0,63,0,13,0,66,0,15,0,18,0,346,0,0,0
65,170,70,0,20,0,82,331,0,601,34,0,17,0,34,0,5,22,66,0,0,0,0,0,0,183,17,0,0,7,0,0,0,0,0,0,4,0,0,8,17,0,0,0,0,0,0,0,5,0,16,0,15,6,30,125,9,3,65,15,139,21,130,41,92,0,118,64,0,0,0,0,0,0,0,0,0,0,0,0,0,0,0,0,0,2,0,0,0,0,0,0,0,0,0,0,0,0,0,0,1,0,0,0,0,0,0,0,0,0,0,0,0,0,0,0,0,0,0,0,0,0,0,0,36,0,24,0,0,0,19,0,0,0,7,0,0,0,0,0,0,0,2,5,3,0,76,0,70,0,23,1,22,0,0,0,0,0,0,0,23,0,3,0,8,0,0,0,14,0,68,0,72,1,29,0,191,43,16,0,4,1,0,39,77,2,0,0,0,0,0,0,0,0,0,0,1,0,0,0,0,0,0,0,0,0,0,0,14,0,0,0,0,0,95,2,0,0,9,0,75,0,24,0,24,0,138,3,114,10,61,1,121,2,22,0,0,0,141,0,54,0,30,0,319,3,0,0,0
5,54,0,2,0,0,166,87,601,0,0,35,0,0,0,2,10,0,0,4,2,2,2,0,48,7,0,5,3,0,0,0,0,0,0,3,0,3,1,10,0,0,0,0,0,0,0,4,0,2,0,0,48,20,306,76,0,17,158,46,30,150,201,200,0,185,149,116,0,0,0,0,0,3,0,0,0,0,0,0,0,0,0,0,0,0,0,0,0,0,0,0,0,0,0,0,0,0,0,0,0,0,0,1,0,0,0,0,0,0,0,0,0,0,0,0,0,0,0,0,0,0,0,0,0,50,0,15,0,12,0,107,0,23,0,29,0,12,0,0,0,0,7,3,0,0,0,64,0,133,0,70,0,51,0,8,2,0,0,0,0,22,1,0,0,1,0,0,0,2,0,18,0,29,6,4,34,262,0,2,0,0,0,78,0,36,0,0,0,1,0,0,0,7,0,0,0,0,0,8,0,0,1,0,0,0,1,20,0,35,0,0,0,0,0,98,0,3,0,15,0,189,0,16,3,21,8,115,5,158,0,55,0,251,0,42,0,3,0,77,0,12,0,7,0,370,0,0,0
101,43,60,49,85,137,3,0,34,0,0,62,242,13,63,227,12,1,88,41,39,34,9,32,0,0,99,16,4,0,22,5,40,0,27,9,128,9,52,0,112,0,8,0,11,0,9,0,3,0,58,4,0,0,0,0,1,0,3,0,0,0,0,0,3,0,0,0,0,0,0,0,0,0,0,0,0,0,0,0,0,0,0,0,0,0,0,0,0,0,0,0,0,0,0,0,0,0,0,0,0,0,0,0,0,0,0,0,0,0,0,0,0,0,0,0,0,0,1,0,0,0,0,0,0,0,1,0,0,0,0,0,0,0,0,0,0,0,0,0,0,0,0,0,0,0,0,0,7,0,11,1,22,0,1,0,0,0,0,0,0,0,0,1,5,0,63,0,23,0,0,0,17,1,13,0,110,69,38,0,18,0,8,0,30,0,23,1,0,0,0,0,0,0,0,0,0,0,0,0,0,0,1,0,0,0,0,0,0,0,0,0,0,0,7,0,3,0,8,6,84,31,0,1,35,5,114,19,102,0,114,3,36,22,6,2,8,1,24,0,17,0,25,0,207,0,0,0,0
20,395,61,17,103,139,0,20,0,35,62,0,15,255,156,14,0,3,25,94,20,54,60,27,0,0,0,89,0,31,0,8,9,116,9,33,10,66,0,16,5,216,3,8,0,6,0,62,0,6,5,25,0,0,0,9,0,0,0,0,0,3,0,0,0,37,0,7,0,0,0,3,0,0,0,0,0,0,0,0,0,5,0,0,0,0,0,5,0,0,0,0,0,0,0,0,0,12,0,0,0,0,0,0,0,0,0,8,0,0,0,0,0,0,0,0,0,0,0,0,0,0,0,0,0,20,0,5,0,0,0,15,0,0,0,38,0,32,0,8,0,0,0,0,0,0,0,26,0,36,0,101,1,111,0,0,0,1,0,0,0,0,0,0,0,6,7,4,0,0,0,0,0,6,0,54,15,196,2,45,0,78,0,30,0,63,0,36,0,0,0,0,0,0,0,0,0,0,0,0,0,0,0,0,0,3,0,16,0,53,0,0,0,0,0,6,0,0,0,28,4,152,3,20,0,42,5,262,5,98,2,96,0,134,0,14,0,6,0,0,0,9,0,11,16,133,0,0,0
60,0,51,5,127,131,2,0,17,0,242,15,0,289,58,59,0,0,77,189,6,61,0,2,0,0,148,355,0,0,7,5,0,0,43,22,13,11,0,0,213,78,98,25,36,21,30,53,57,1,133,24,0,0,0,0,0,0,0,0,0,0,0,0,4,0,1,0,0,0,0,0,0,0,0,0,0,0,0,0,0,0,1,0,0,0,9,0,0,0,0,0,0,0,0,0,0,0,0,0,0,0,0,0,3,0,0,0,0,0,0,0,0,0,0,0,0,0,0,0,0,0,0,0,1,0,0,0,0,0,0,0,0,0,0,0,0,0,0,0,0,0,0,0,0,0,0,0,10,0,14,0,42,0,1,0,0,0,0,0,0,0,0,0,40,0,4,1,0,0,2,0,7,0,25,0,133,198,56,0,48,0,13,0,35,0,41,15,0,0,0,0,0,0,0,0,0,0,0,0,0,0,0,0,0,0,0,0,0,0,0,0,0,0,0,0,0,0,52,54,15,13,13,26,110,31,29,0,13,11,0,3,3,7,0,0,0,1,5,0,0,0,0,0,22,3,0,0,0
0,103,0,14,99,164,0,9,0,0,13,255,289,0,70,11,0,0,366,45,35,15,0,0,0,0,134,101,0,0,9,0,0,2,47,0,0,0,0,0,237,268,26,54,73,36,34,97,5,27,59,138,0,0,0,0,0,0,0,0,0,0,0,0,0,0,0,3,0,0,0,0,0,0,0,0,0,0,0,4,0,8,0,0,0,9,0,4,0,0,0,0,0,0,0,0,0,0,0,0,0,0,0,0,0,0,0,0,0,0,0,0,0,0,0,0,0,0,0,0,0,0,0,2,0,11,0,0,0,0,0,0,0,0,0,0,0,26,1,0,0,0,0,0,0,0,0,0,0,0,0,21,0,0,0,0,0,1,0,0,0,0,0,0,1,9,0,1,0,0,0,0,0,2,0,7,13,214,2,27,0,0,0,4,0,0,27,99,0,0,0,0,0,0,0,0,0,0,0,0,0,0,0,0,0,0,0,15,0,31,0,0,0,0,1,3,0,0,0,248,0,16,0,60,18,185,0,79,0,24,0,0,0,0,0,6,0,0,0,0,0,0,0,0,0,16,0,0,0
28,37,425,42,148,346,0,0,34,0,63,156,58,70,0,394,28,0,296,130,236,99,387,65,48,0,80,69,0,21,121,17,61,69,104,26,233,61,8,0,9,9,0,10,4,1,3,8,0,0,83,20,0,0,50,0,0,0,0,0,1,0,21,0,0,0,0,0,0,0,0,2,0,0,0,0,0,0,0,0,0,2,0,0,74,0,0,0,0,0,0,0,0,0,0,0,86,0,0,0,0,0,0,0,18,0,0,0,0,0,0,0,0,0,0,0,0,0,0,0,0,0,0,0,0,0,0,0,0,0,0,0,0,0,0,0,83,0,0,0,10,0,142,0,0,0,34,0,43,0,41,0,51,0,0,0,0,0,0,0,0,0,0,0,6,1,68,0,0,0,4,0,15,0,0,0,30,89,2,0,0,0,4,0,44,0,0,6,0,0,0,0,0,0,1,0,0,0,0,0,0,0,0,0,0,0,14,0,45,0,0,0,0,0,8,0,5,0,2,10,35,45,4,0,33,19,222,31,56,56,68,11,0,33,0,0,14,0,31,0,31,0,34,4,94,28,0,0,0
36,60,144,250,232,116,0,73,0,2,227,14,59,11,394,0,13,24,25,293,71,289,91,61,5,82,9,241,0,23,26,97,20,118,10,20,20,59,5,4,2,9,0,9,3,6,0,21,0,0,0,6,0,1,0,19,0,3,0,0,0,0,0,37,0,0,0,0,0,0,0,4,0,8,0,2,0,0,0,0,0,94,0,0,0,278,0,55,0,0,0,0,0,0,0,16,0,166,0,130,0,54,0,0,0,0,0,34,0,0,0,0,0,0,0,0,0,0,0,0,0,41,0,20,0,2,0,0,0,4,0,0,0,0,0,92,0,74,0,41,0,49,0,306,0,11,2,0,0,0,0,2,0,6,0,0,0,0,0,0,0,0,0,0,0,3,8,5,0,0,0,1,0,8,0,6,8,24,6,15,0,6,0,0,1,0,0,0,0,0,0,0,0,0,0,0,0,0,0,0,0,0,0,0,0,0,0,0,0,12,0,0,0,0,0,0,0,0,0,3,12,23,2,5,0,9,13,314,0,46,17,41,0,39,0,4,0,8,0,15,0,0,0,13,25,45,0,0,0
67,53,40,0,0,0,42,26,5,10,12,0,0,0,28,13,0,8,77,3,283,0,175,14,109,30,80,0,335,5,161,0,118,0,37,0,10,2,30,7,0,0,41,0,13,0,0,0,1,0,16,0,34,0,45,0,6,0,0,0,40,5,418,2,1,0,0,1,0,0,55,0,11,0,81,0,0,0,0,0,362,0,0,0,484,0,248,0,0,0,93,0,0,0,0,0,533,0,384,0,19,0,0,0,0,0,0,0,0,0,0,0,0,0,0,0,0,0,0,0,100,0,98,0,0,0,9,0,0,0,0,0,0,0,15,0,56,0,62,0,99,0,266,0,20,0,0,0,0,0,2,0,0,0,10,1,0,0,37,0,0,0,0,0,0,0,0,0,0,0,0,0,20,0,3,0,0,4,0,0,0,0,0,0,0,0,5,0,0,0,0,0,0,0,0,0,0,0,0,0,44,0,0,0,0,0,0,0,17,0,1,0,0,0,7,0,0,0,0,0,48,4,0,0,0,0,214,7,26,0,19,0,0,2,0,0,0,0,21,0,23,0,6,0,42,0,0,0,0
33,43,14,18,0,0,15,37,22,0,1,3,0,0,0,24,8,0,0,12,0,76,16,176,31,65,0,0,0,352,0,12,0,47,0,4,0,0,0,141,0,0,0,3,0,0,0,0,0,0,0,2,0,8,0,14,0,23,1,0,2,16,9,110,0,0,0,0,0,0,0,0,0,0,0,0,0,0,0,0,0,56,0,0,0,132,0,18,0,7,0,0,0,0,0,4,0,49,0,58,0,21,0,0,0,0,0,0,0,0,0,0,0,0,0,0,0,0,0,0,0,15,0,19,0,0,0,31,0,46,0,0,0,43,0,0,0,123,0,188,0,153,0,501,1,5,0,0,0,0,0,0,0,0,0,22,0,0,1,16,0,0,0,0,0,0,0,0,0,5,0,0,0,1,0,0,0,2,0,0,0,0,0,4,0,0,0,0,0,0,0,0,0,0,0,0,0,0,0,0,0,0,0,0,0,0,0,0,0,13,0,0,0,0,0,0,0,0,0,0,0,35,0,0,0,0,0,186,0,23,0,5,0,11,0,3,0,0,0,5,0,0,0,1,2,9,0,0,0
49,0,149,0,363,129,0,0,66,0,88,25,77,366,296,25,77,0,0,208,106,82,233,0,22,0,140,371,4,0,32,0,4,3,170,23,0,16,2,0,42,153,89,49,30,27,12,104,2,2,397,25,0,0,0,0,0,0,0,0,0,0,0,0,14,0,3,0,0,0,0,1,0,0,0,0,0,0,0,0,23,0,0,0,54,0,0,0,0,0,0,0,0,0,8,0,0,0,22,0,0,0,0,0,0,0,0,0,0,0,0,0,0,0,0,0,0,0,0,0,0,1,0,0,0,0,5,0,0,0,0,0,0,0,0,0,0,0,0,0,0,0,0,0,0,0,31,0,58,0,39,0,46,0,0,0,0,0,0,0,0,0,0,0,77,7,32,0,67,0,0,0,16,1,6,0,22,108,3,0,19,0,13,0,53,0,8,23,0,0,0,0,0,0,2,0,0,0,0,0,0,0,0,0,0,0,0,0,30,1,0,0,0,0,6,0,0,0,107,82,22,0,5,37,240,36,95,0,38,18,0,5,0,11,0,0,0,0,0,0,0,0,9,0,52,0,0,0,0
0,70,8,89,114,305,0,31,0,4,41,94,189,45,130,293,3,12,208,0,47,160,7,35,0,22,39,404,0,7,7,10,2,0,51,106,0,58,1,2,39,33,0,147,9,27,0,72,2,1,49,234,0,0,0,15,0,0,0,5,0,4,0,0,0,0,0,0,0,0,0,3,0,0,0,0,0,0,0,8,0,66,0,0,0,165,0,0,0,0,0,0,0,0,0,0,0,91,0,102,0,46,0,4,0,0,0,0,0,0,0,0,0,0,0,0,0,0,0,0,0,41,0,11,0,0,0,0,0,0,0,0,0,16,0,66,0,57,0,25,0,43,0,142,0,5,0,0,0,0,0,0,0,19,0,3,0,0,0,0,0,2,0,0,0,11,0,2,0,14,0,3,0,8,0,0,3,29,1,6,0,8,0,5,0,0,0,6,0,0,0,0,0,0,0,0,0,0,0,4,0,0,0,0,0,0,0,20,0,31,0,0,0,0,0,4,0,0,0,52,0,18,0,0,25,136,0,110,0,77,0,28,0,32,0,3,0,5,0,4,0,0,0,0,0,0,0,0,0
0,0,94,7,45,96,0,0,0,2,39,20,6,35,236,71,283,0,106,47,0,32,198,12,17,0,116,34,54,4,63,2,62,9,64,6,5,0,2,0,1,7,45,6,15,3,3,6,0,0,66,6,4,0,0,0,0,0,16,3,0,0,64,0,0,0,0,3,0,0,87,0,14,0,84,0,0,0,0,0,226,0,0,0,166,0,143,0,0,0,67,0,0,0,0,0,240,0,268,0,31,0,0,0,0,0,29,0,0,0,0,0,0,0,0,0,0,0,0,0,64,0,0,1,0,0,0,0,0,0,0,0,0,0,0,0,0,0,0,0,14,0,57,0,15,0,0,0,4,0,6,0,0,0,0,0,0,0,0,0,0,0,0,0,14,0,45,0,24,0,0,0,13,0,3,0,9,13,6,1,0,0,2,0,4,0,2,4,0,0,0,0,0,0,0,0,0,0,5,0,31,0,0,0,0,0,0,0,0,0,0,0,0,0,10,0,0,0,0,8,67,10,4,5,38,10,217,5,41,0,91,0,26,5,8,0,16,0,38,0,33,0,28,0,155,0,0,0,0
0,20,13,59,58,132,0,0,0,2,34,54,61,15,99,289,0,76,82,160,32,0,14,158,2,0,6,213,0,111,6,36,0,22,15,46,5,19,0,2,9,0,0,58,0,35,0,4,1,0,0,46,0,0,0,16,1,2,0,0,0,2,0,27,0,0,0,0,0,0,0,9,0,5,0,0,0,0,0,6,0,113,0,0,0,79,0,63,0,0,0,0,0,0,1,0,0,0,0,93,0,0,0,9,0,0,0,0,0,0,0,0,0,0,0,0,0,0,0,0,0,74,0,0,0,0,0,0,0,0,0,0,0,0,0,22,0,0,0,111,0,343,0,362,0,107,0,0,0,0,0,0,0,0,0,4,0,0,0,0,0,0,0,0,1,10,0,6,0,23,0,0,1,6,0,0,0,39,0,16,0,0,0,0,0,0,0,3,0,0,0,0,0,0,0,0,0,0,0,0,0,0,0,0,0,0,0,0,0,0,0,0,0,0,0,2,0,0,0,23,0,33,0,0,0,77,0,212,0,67,0,60,0,43,0,0,0,13,0,0,0,6,0,10,0,41,0,0,0
25,280,530,79,17,22,6,0,0,2,9,60,0,0,387,91,175,16,233,7,198,14,0,105,85,20,72,0,102,63,47,5,41,31,23,2,8,14,59,26,3,0,19,0,8,0,0,0,0,0,8,0,5,0,157,0,0,0,10,0,22,3,80,0,0,0,0,0,0,0,0,0,0,0,0,0,0,0,0,0,42,0,0,0,308,0,0,0,0,0,0,0,0,0,0,0,286,0,39,0,0,0,0,0,31,0,0,0,0,0,0,0,0,0,0,0,0,0,0,0,0,0,38,0,0,0,31,0,0,0,0,0,44,0,93,0,212,0,15,0,34,0,425,0,0,0,19,0,9,1,26,0,0,0,0,0,2,0,0,0,1,0,0,0,0,0,5,0,11,0,1,0,23,0,0,0,2,29,0,0,0,0,0,0,7,0,1,0,0,0,0,0,0,0,0,0,3,0,46,0,140,0,0,0,9,0,17,0,80,0,0,0,0,0,11,0,0,0,3,0,61,24,7,0,5,2,310,46,35,0,21,5,21,0,0,0,0,0,29,0,33,0,18,2,54,11,0,0,0
95,55,79,141,37,12,7,49,0,0,32,27,2,0,65,61,14,176,0,35,12,158,105,0,23,82,0,69,0,107,0,62,8,46,0,28,0,21,5,27,0,0,0,5,0,0,0,0,0,0,0,10,0,0,0,15,0,0,0,0,0,6,0,70,0,0,0,0,0,0,0,0,0,0,0,0,0,10,0,4,0,90,0,15,0,207,0,28,0,0,0,8,0,0,0,10,0,111,0,104,0,37,0,0,0,3,0,25,0,0,0,0,0,0,0,0,0,0,0,0,0,27,0,24,0,0,0,0,0,9,0,0,0,11,0,54,0,67,0,61,0,99,0,430,0,10,0,0,0,0,0,1,0,0,0,0,0,0,0,1,1,0,0,1,0,0,3,2,0,3,0,0,0,0,0,1,6,14,1,28,0,0,0,8,0,0,0,0,0,0,0,0,0,0,0,0,0,0,0,0,0,4,0,0,0,0,0,0,0,0,0,0,0,1,0,0,0,0,0,0,7,9,0,0,0,7,6,578,0,21,3,27,0,21,0,0,0,0,2,7,0,0,0,9,0,20,0,0,0
5,326,102,18,0,0,233,99,0,48,0,0,0,0,48,5,109,31,22,0,17,2,85,23,0,114,0,0,124,32,7,0,4,0,0,0,0,16,32,54,0,0,0,0,0,0,0,0,0,0,4,0,44,0,422,0,11,0,9,0,76,25,156,12,0,0,0,0,0,0,0,0,0,0,0,0,0,0,0,0,0,0,0,0,148,0,0,0,0,0,0,0,0,0,0,0,117,0,0,0,0,0,0,0,0,0,66,0,0,0,0,0,0,0,0,0,0,0,0,0,0,0,0,0,6,0,44,0,55,0,9,0,43,0,91,0,204,0,0,0,0,0,375,1,0,0,0,0,4,0,9,0,0,0,12,0,0,0,14,0,0,1,0,0,0,0,4,0,11,0,8,0,66,1,0,0,0,8,0,0,0,0,0,2,1,0,0,0,0,0,0,0,0,0,0,0,1,0,15,0,64,0,0,0,0,0,3,0,47,0,0,0,0,0,33,0,0,0,0,0,102,3,11,0,0,0,151,7,65,5,14,4,50,6,9,0,0,0,28,0,19,0,8,0,102,7,0,0,0
178,28,31,44,0,16,124,429,183,7,0,0,0,0,0,82,30,65,0,22,0,0,20,82,114,0,0,0,10,154,0,3,0,3,0,1,0,7,6,61,0,0,0,0,0,0,0,0,0,0,0,0,2,14,36,170,0,22,11,0,26,68,87,114,0,0,12,0,0,0,0,0,0,0,0,0,0,0,0,0,1,0,0,0,0,195,0,0,0,0,0,0,0,0,0,0,0,166,0,0,0,28,0,0,0,0,0,38,0,0,0,0,0,0,0,0,0,0,0,0,0,2,0,0,0,2,0,0,0,57,0,1,0,70,0,226,0,194,0,176,0,36,0,307,0,0,0,0,0,0,0,0,0,0,0,25,0,1,0,0,0,6,0,2,0,0,0,0,0,7,0,12,4,19,0,0,0,2,0,1,0,0,0,6,0,0,0,0,0,0,0,0,0,0,0,0,0,0,0,0,0,0,0,0,0,0,0,6,0,23,0,5,0,0,1,17,0,0,0,2,0,204,0,0,0,6,0,442,0,101,0,27,2,179,1,18,0,2,0,29,0,6,0,7,5,101,0,0,0
35,0,21,0,146,0,0,0,17,0,99,0,148,134,80,9,80,0,140,39,116,6,72,0,0,0,0,231,0,0,47,0,4,1,27,0,22,0,5,0,48,109,98,17,179,18,29,57,34,5,136,10,1,0,0,0,3,0,0,0,0,0,15,0,4,0,0,0,0,0,18,0,0,0,0,0,0,0,0,0,0,0,0,0,0,0,0,0,0,0,0,0,10,0,0,0,0,0,0,0,0,0,0,0,0,0,0,0,0,0,0,0,0,0,0,0,0,0,0,0,0,0,0,0,0,0,3,0,0,0,0,1,3,0,0,0,0,0,1,0,0,0,0,0,0,0,0,0,9,0,8,0,14,0,0,0,0,0,0,0,1,0,0,0,66,0,5,0,26,0,1,0,0,0,0,0,18,26,12,0,6,0,7,0,21,0,5,9,0,0,0,0,0,0,0,0,1,0,0,0,0,0,0,0,0,0,0,0,0,0,0,0,2,0,0,0,0,0,197,28,0,0,29,57,169,0,18,0,12,0,0,1,0,0,0,0,0,0,0,0,0,0,0,0,0,0,0,0,0
0,45,0,32,113,121,1,15,0,5,16,89,355,101,69,241,0,0,371,404,34,213,0,69,0,0,231,0,0,12,8,8,0,5,49,9,0,17,0,1,382,17,48,198,112,107,72,67,16,53,71,209,0,0,0,0,0,0,0,0,0,0,0,28,0,14,0,0,0,0,0,15,0,0,0,0,0,14,0,13,0,104,0,0,0,0,0,0,0,0,0,0,0,0,0,10,0,0,0,107,0,0,0,0,0,0,0,17,0,0,0,0,0,0,0,0,0,0,0,0,0,75,0,37,0,0,0,0,0,0,0,9,0,0,0,0,0,0,0,52,0,101,0,249,0,0,0,0,0,0,0,21,0,0,0,0,0,0,0,0,0,0,0,0,0,12,0,0,0,36,0,0,0,0,0,0,0,92,0,0,0,0,0,13,0,10,33,12,0,0,0,0,0,0,0,0,0,0,0,0,0,0,0,0,0,0,0,0,0,33,0,0,0,0,0,0,0,0,17,381,0,0,0,127,19,140,0,88,1,35,0,0,0,16,0,3,1,0,0,0,0,0,0,4,0,0,0,0,0
113,14,171,3,0,0,18,2,0,3,4,0,0,0,0,0,335,0,4,0,54,0,102,0,124,10,0,0,0,0,66,0,48,0,7,0,4,0,7,2,0,0,8,0,8,0,0,0,0,0,6,0,1,0,2,0,3,0,0,0,4,1,63,0,0,0,0,0,0,0,64,0,8,0,80,0,0,0,0,0,174,0,0,0,55,0,106,0,0,0,18,0,0,0,0,0,72,0,137,0,12,0,0,0,0,0,0,0,0,0,0,0,0,0,0,0,0,0,0,0,63,0,0,0,0,0,0,0,0,0,0,0,0,0,0,0,0,0,30,0,66,0,49,0,71,0,0,0,0,1,0,0,2,0,8,0,6,0,4,0,0,0,0,0,0,0,0,0,0,0,0,0,0,0,0,0,3,4,0,0,0,0,0,0,0,0,3,0,0,0,0,0,0,0,0,0,0,0,0,0,0,0,0,0,0,0,0,0,0,0,1,0,0,0,0,0,0,0,0,0,3,0,0,0,0,0,79,0,0,0,0,1,0,0,0,0,0,0,5,0,6,0,7,0,17,0,0,0,0
39,135,48,145,13,8,23,114,7,0,0,31,0,0,21,23,5,352,0,7,4,111,63,107,32,154,0,12,0,0,0,11,0,74,0,10,1,12,1,47,0,0,0,6,0,0,0,0,0,0,0,6,0,0,0,20,0,0,0,2,2,20,4,44,0,0,0,0,0,0,0,0,0,0,0,0,0,0,0,0,0,22,0,0,0,50,0,5,0,0,0,0,0,0,0,0,0,0,0,26,0,10,0,0,0,0,0,0,0,0,0,0,0,0,0,0,0,0,0,0,0,12,0,5,0,0,0,0,0,0,2,0,0,0,0,0,0,52,0,206,0,209,0,213,0,22,0,0,0,0,0,0,0,6,0,6,0,4,0,5,0,1,0,0,0,0,0,0,0,0,0,0,0,0,0,0,2,23,0,6,0,0,0,15,0,0,0,0,0,0,0,0,0,0,0,0,0,0,0,0,0,0,0,0,0,0,0,0,0,0,0,0,0,0,0,0,0,0,0,0,0,8,0,0,0,0,0,308,0,14,0,0,0,6,0,0,0,0,1,6,0,3,0,0,5,12,0,0,0
0,0,87,2,40,23,0,0,0,0,22,0,7,9,121,26,161,0,32,7,63,6,47,0,7,0,47,8,66,0,0,0,10,0,31,0,22,0,29,0,0,0,47,0,6,0,0,0,0,0,63,2,2,0,0,1,11,0,17,4,0,0,7,0,0,0,3,0,0,0,84,0,0,0,69,0,0,0,0,0,147,0,0,0,0,0,74,0,0,0,0,0,0,0,0,0,0,0,128,0,0,0,0,0,0,0,11,0,0,0,0,0,0,0,0,0,0,0,0,0,0,0,0,0,0,0,0,0,0,0,0,0,0,0,0,0,0,0,0,0,15,0,0,0,14,0,0,0,0,0,0,0,0,0,0,0,0,0,0,0,0,0,0,0,3,0,57,0,0,3,8,0,14,0,0,0,6,0,6,0,0,0,0,0,8,0,0,0,0,0,0,0,0,0,0,0,0,0,0,0,0,0,0,0,0,0,0,0,0,0,0,0,0,0,0,0,0,0,0,0,38,0,3,0,0,0,83,0,48,0,34,0,0,3,2,0,11,0,0,0,8,0,12,0,69,0,0,0,0
0,5,0,24,12,45,0,0,0,0,5,8,5,0,17,97,0,12,0,10,2,36,5,62,0,3,0,8,0,11,0,0,0,0,0,28,0,3,0,2,0,0,0,32,0,0,0,0,0,0,0,27,0,0,0,0,0,0,0,0,0,2,0,1,0,0,0,0,0,0,0,0,0,0,0,0,0,0,0,0,0,17,0,0,0,14,0,0,0,0,0,0,0,0,0,2,0,0,0,18,0,5,0,0,0,0,0,0,0,0,0,0,0,0,0,0,0,0,0,0,0,13,0,12,0,0,0,0,0,0,0,0,0,0,0,0,0,9,0,21,0,60,0,62,0,28,0,0,0,0,0,0,0,0,0,0,0,0,0,0,0,0,0,0,0,0,0,0,0,5,0,0,0,3,0,0,0,6,0,4,0,0,0,0,0,0,0,0,0,0,0,0,0,0,0,0,0,0,0,0,0,0,0,0,0,0,0,0,0,0,0,0,0,0,0,0,0,0,0,0,0,15,0,0,0,20,0,36,0,20,0,13,0,10,0,0,0,0,0,4,0,0,0,0,0,15,0,0,0
15,0,201,0,45,18,0,0,0,0,40,9,0,0,61,20,118,0,4,2,62,0,41,8,4,0,4,0,48,0,10,0,0,0,11,0,85,0,7,0,0,0,8,0,6,0,0,0,0,0,31,0,0,0,0,0,5,0,10,0,3,0,4,0,0,0,0,0,0,0,32,0,0,1,37,0,0,0,0,0,70,0,0,0,0,0,0,0,0,0,0,0,0,0,0,0,0,0,61,0,0,0,0,0,0,1,0,0,0,0,0,0,0,0,0,0,0,0,0,0,23,0,9,0,0,0,0,0,0,0,0,0,0,0,0,0,0,0,0,0,16,0,16,0,26,0,0,0,0,0,0,0,0,0,0,0,9,0,0,0,0,0,5,0,0,0,29,0,9,0,0,0,16,0,0,0,5,2,7,0,2,0,0,0,12,0,0,0,0,0,0,0,0,0,0,0,0,0,0,0,0,0,0,0,0,0,0,0,0,0,0,0,0,0,5,0,1,0,0,0,22,0,0,0,0,1,76,0,19,0,0,0,0,0,0,0,0,0,13,0,11,0,11,0,49,0,0,0,0
0,81,26,221,26,176,0,3,0,0,0,116,0,2,69,118,0,47,3,0,9,22,31,46,0,3,1,5,0,74,0,0,0,0,0,6,0,87,0,1,0,0,0,5,0,0,0,0,0,0,0,14,0,0,0,2,0,0,0,0,0,0,0,5,0,0,0,0,0,0,0,0,0,0,0,0,0,0,0,0,0,0,0,0,0,22,0,4,0,0,0,0,0,0,0,0,0,0,0,0,0,4,0,0,0,0,0,0,0,0,0,0,0,0,0,0,0,0,0,0,0,9,0,0,0,0,0,0,0,0,0,0,0,0,0,0,0,6,0,36,0,42,0,34,0,13,0,0,0,0,0,0,0,12,0,0,0,0,0,0,0,0,0,0,0,0,0,2,0,3,0,0,0,4,0,7,3,21,0,43,0,0,0,5,0,0,0,1,0,0,0,0,0,0,0,0,0,0,0,0,0,0,0,0,0,0,0,0,0,0,0,0,0,0,0,3,0,0,0,0,0,16,0,0,0,7,0,182,0,40,0,20,0,28,0,0,0,0,0,9,0,5,0,0,7,22,0,0,0
22,0,14,0,78,45,0,0,0,0,27,9,43,47,104,10,37,0,170,51,64,15,23,0,0,0,27,49,7,0,31,0,11,0,0,0,89,0,1,0,4,0,10,8,22,4,0,8,0,0,55,9,0,0,0,0,0,0,3,0,0,0,0,0,0,0,0,0,0,0,17,0,0,0,15,0,0,0,0,0,0,0,0,0,0,0,24,0,0,0,0,0,0,0,0,0,0,0,34,0,0,0,0,0,0,0,0,0,0,0,0,0,0,0,0,0,0,0,0,0,0,0,0,0,0,0,0,0,0,0,2,0,0,0,0,0,0,0,0,0,0,0,0,0,0,0,0,0,0,0,10,0,0,0,1,0,0,0,0,0,1,0,5,0,17,0,47,0,24,0,3,0,15,0,0,0,15,0,4,0,0,0,0,0,20,0,5,0,0,0,0,0,0,0,0,0,0,0,0,0,0,0,0,0,0,0,0,0,0,0,0,0,0,0,5,0,0,0,11,20,35,0,0,0,94,0,132,0,42,0,26,0,0,0,4,0,7,0,11,0,5,0,8,0,39,0,0,0,0
0,8,0,0,0,85,0,0,0,3,9,33,22,0,26,20,0,4,23,106,6,46,2,28,0,1,0,9,0,10,0,28,0,6,0,0,0,52,1,7,0,0,2,3,3,1,0,0,0,1,0,1,0,0,0,0,0,1,0,0,0,0,0,0,0,0,0,0,0,0,0,9,0,0,0,5,0,0,0,8,0,36,0,6,0,0,0,21,0,0,0,0,0,0,0,5,0,0,0,0,0,13,0,0,0,0,0,0,0,0,0,0,0,0,0,0,0,0,0,0,0,29,0,19,0,0,0,0,0,0,0,0,0,0,0,0,0,0,0,32,0,87,0,94,0,69,0,0,0,0,0,0,0,0,0,0,0,8,0,0,0,0,0,0,0,4,0,2,0,6,0,0,0,5,0,0,0,31,0,7,0,0,0,0,0,0,0,0,0,0,0,0,0,0,0,0,0,0,0,0,0,0,0,0,0,0,0,0,0,0,0,0,0,0,0,0,0,0,0,8,0,13,0,5,0,34,0,35,0,43,0,0,0,0,0,2,0,2,0,0,0,0,0,0,1,12,0,0,0
38,3,94,3,183,33,0,0,4,0,128,10,13,0,233,20,10,0,0,0,5,5,8,0,0,0,22,0,4,1,22,0,85,0,89,0,0,0,13,0,0,0,41,0,38,1,0,0,0,0,115,0,2,0,4,0,12,0,24,4,48,0,4,0,0,0,2,0,0,0,91,0,10,0,65,0,0,0,0,0,95,0,0,0,0,0,76,0,4,0,0,0,0,0,0,0,0,0,59,0,0,0,0,0,1,0,0,0,0,0,0,0,0,0,0,0,0,0,1,0,0,0,26,0,0,0,0,0,0,0,3,0,0,0,0,0,0,0,0,0,94,0,25,0,88,0,0,0,0,0,0,0,0,0,2,0,33,0,0,0,2,0,32,0,12,0,47,0,25,0,27,0,54,1,9,0,14,22,6,0,0,0,0,0,16,0,2,0,0,0,0,0,0,0,0,0,1,0,0,0,0,0,0,0,0,0,0,0,0,0,0,0,0,0,7,0,0,0,0,0,35,0,4,1,22,2,65,0,68,12,16,0,0,0,0,0,0,0,8,0,5,0,0,0,52,0,0,0,0
7,142,15,59,22,137,10,9,0,3,9,66,11,0,61,59,2,0,16,58,0,19,14,21,16,7,0,17,0,12,0,3,0,87,0,52,0,0,0,2,0,0,0,20,0,18,0,0,0,0,0,35,0,0,0,0,0,2,0,0,0,35,0,5,0,0,0,0,0,0,0,8,0,0,0,0,0,0,0,4,0,49,0,0,0,20,0,28,0,0,0,0,0,0,0,5,0,0,0,34,0,7,0,1,0,0,0,0,0,0,0,0,0,0,0,0,0,0,0,0,0,44,0,21,0,0,0,0,0,0,0,2,0,0,0,0,0,10,0,136,0,210,0,96,0,163,0,0,0,0,0,0,0,14,0,0,0,55,0,4,0,3,0,2,0,3,0,3,0,0,0,6,0,0,0,7,1,55,0,31,0,0,0,9,0,9,0,6,0,0,0,0,0,0,0,1,0,0,0,0,0,0,0,0,0,0,0,0,0,3,0,0,0,1,0,0,0,0,0,4,0,10,0,2,0,25,0,221,0,39,0,8,0,10,0,3,0,2,0,3,0,1,0,4,0,7,0,0,0
282,11,327,5,21,4,19,0,0,1,52,0,0,0,8,5,30,0,2,1,2,0,59,5,32,6,5,0,7,1,29,0,7,0,1,1,13,0,0,0,0,0,14,0,0,0,0,0,0,0,4,0,7,0,4,0,2,0,0,0,18,0,3,0,0,0,0,0,0,0,10,0,0,0,9,0,0,0,0,0,11,0,0,0,11,0,9,0,0,0,0,0,0,0,0,0,0,0,9,0,0,0,0,0,0,0,0,0,0,0,0,0,0,0,0,0,0,0,0,0,5,0,0,0,0,0,0,0,0,0,0,0,0,0,0,0,0,0,48,0,61,0,0,0,47,0,0,0,0,0,0,0,0,0,11,0,69,0,13,0,0,0,2,0,0,0,1,0,0,0,3,0,9,0,0,0,6,0,0,0,0,0,2,0,0,0,0,0,0,0,0,0,0,0,0,0,0,0,0,0,0,0,0,0,0,0,0,0,3,0,0,0,0,0,2,0,0,0,0,0,7,0,0,0,2,0,126,0,7,0,2,0,6,0,2,0,1,0,12,0,7,0,5,0,9,0,0,0,0
58,161,29,60,2,6,26,132,8,10,0,16,0,0,0,4,7,141,0,2,0,2,26,27,54,61,0,1,2,47,0,2,0,1,0,7,0,2,0,0,0,0,0,1,0,0,0,0,0,0,0,0,0,3,2,0,0,0,0,0,0,5,0,32,0,0,0,0,0,0,0,0,0,0,0,0,0,0,0,0,0,0,0,0,0,0,0,2,0,0,0,0,0,0,0,0,0,0,0,0,0,0,0,0,0,0,0,0,0,0,0,0,0,0,0,0,0,0,0,0,0,0,0,1,0,0,0,0,0,0,0,0,0,0,0,0,0,0,0,26,0,22,0,0,0,15,0,0,0,0,0,0,0,0,0,8,0,27,0,8,0,0,0,0,0,0,0,0,0,0,0,0,0,2,0,0,5,25,0,0,0,5,0,18,0,0,0,1,0,0,0,0,0,0,0,0,0,0,0,0,0,0,0,0,0,0,0,0,0,0,0,0,0,0,0,0,0,0,0,0,0,9,0,0,0,1,0,212,0,4,0,0,0,6,0,0,0,0,0,13,0,3,0,0,0,12,0,0,0
28,0,23,1,91,0,0,0,17,0,112,5,213,237,9,2,0,0,42,39,1,9,3,0,0,0,48,382,0,0,0,0,0,0,4,0,0,0,0,0,0,242,71,23,66,41,19,144,149,3,28,0,0,0,0,0,0,0,0,0,0,0,0,0,0,0,0,0,0,0,0,0,0,0,0,0,0,0,0,0,0,0,0,0,0,0,0,0,0,0,5,0,7,0,0,0,0,0,0,0,0,0,8,0,0,0,0,0,0,0,0,0,0,0,0,0,0,0,0,0,0,0,0,0,0,0,0,0,0,0,1,0,0,0,0,0,0,0,0,0,0,0,0,0,0,0,0,0,5,0,14,0,15,0,0,0,0,0,0,0,0,0,0,0,30,0,0,0,25,0,0,0,0,0,12,0,62,129,47,0,23,0,11,0,10,0,55,10,0,0,0,0,0,0,0,0,0,0,0,0,0,0,0,0,0,0,0,0,0,0,0,0,0,0,2,0,0,0,220,13,0,0,83,58,58,0,4,0,0,1,0,1,0,0,0,0,0,0,0,0,3,0,0,0,0,0,0,0,0
0,67,0,0,15,146,0,6,0,0,0,216,78,268,9,9,0,0,153,33,7,0,0,0,0,0,109,17,0,0,0,0,0,0,0,0,0,0,0,0,242,0,24,4,118,12,57,52,9,144,25,0,0,0,0,0,0,0,0,0,0,0,0,1,0,0,0,0,0,2,0,0,0,0,0,0,0,0,0,0,0,0,0,0,0,0,0,3,0,0,0,0,0,0,0,0,0,0,0,0,0,0,0,0,0,0,0,0,0,0,0,0,0,0,0,0,0,0,0,0,0,3,0,0,0,0,0,0,0,0,0,0,0,0,0,32,0,20,0,0,0,0,0,6,0,0,0,0,0,0,0,0,0,0,0,1,0,3,0,0,0,0,0,0,0,9,0,0,0,0,0,0,0,0,0,3,3,190,0,9,0,0,0,0,0,0,53,60,0,0,0,0,0,0,0,0,0,0,0,0,0,0,0,0,0,0,0,0,0,36,0,0,0,0,0,0,0,0,71,148,0,0,7,268,0,0,0,8,0,0,0,0,0,0,0,0,0,0,0,0,0,0,0,0,0,0,0,0,0
0,0,0,0,13,10,0,0,0,0,8,3,98,26,0,0,41,0,89,0,45,0,19,0,0,0,98,48,8,0,47,0,8,0,10,2,41,0,14,0,71,24,0,0,168,4,30,16,25,0,54,5,0,0,0,0,0,0,9,3,0,0,0,0,0,0,0,2,0,0,29,0,4,0,0,0,0,0,0,0,42,0,0,0,0,0,0,0,0,0,0,0,5,0,0,0,0,0,0,0,4,0,0,0,0,0,0,0,0,0,0,0,0,0,0,0,0,0,0,0,0,0,0,0,0,0,0,0,0,0,0,0,0,0,0,0,0,0,0,0,0,0,0,0,0,0,0,0,0,1,0,0,0,0,0,0,2,0,0,0,2,0,3,0,39,0,10,0,4,0,8,0,5,0,0,0,13,10,6,0,0,0,0,0,0,0,3,3,0,0,0,0,0,0,0,0,0,0,0,0,0,0,0,0,0,0,0,0,0,0,0,0,0,0,2,0,0,0,102,0,11,0,23,10,58,0,25,0,15,0,5,0,0,0,4,0,0,0,2,0,0,0,1,0,14,0,0,0,0
0,5,0,0,17,22,0,0,0,0,0,8,25,54,10,9,0,3,49,147,6,58,0,5,0,0,17,198,0,6,0,32,0,5,8,3,0,20,0,1,23,4,0,0,0,59,2,18,0,29,4,63,0,0,0,0,0,0,0,0,0,0,0,0,0,0,0,1,0,4,0,6,0,0,0,0,0,0,0,5,0,11,0,5,0,0,0,11,0,4,0,0,0,0,0,0,0,0,0,17,0,0,0,0,0,0,0,0,0,0,0,0,0,0,0,0,0,0,0,0,0,23,0,12,0,0,0,0,0,0,0,0,0,0,0,0,0,1,0,29,0,53,0,18,0,26,0,0,0,0,0,0,0,0,0,0,0,7,0,1,0,0,0,0,0,5,0,2,0,16,0,0,0,1,0,0,0,11,0,0,0,0,0,1,0,0,4,16,0,0,0,0,0,0,0,0,0,1,0,1,0,0,0,0,0,0,0,0,0,0,0,0,0,0,0,0,0,2,2,205,0,10,0,58,0,51,0,61,0,20,0,0,0,0,0,0,0,2,0,0,0,0,0,0,0,0,0,0,0
12,0,0,0,9,0,0,0,0,0,11,0,36,73,4,3,13,0,30,9,15,0,8,0,0,0,179,112,8,0,6,0,6,0,22,3,38,0,0,0,66,118,168,0,0,15,67,55,112,3,162,0,0,0,0,0,3,0,0,0,0,0,0,0,0,0,0,0,0,0,16,0,0,0,16,0,0,0,0,0,0,0,0,0,0,0,29,0,0,0,0,0,13,0,9,0,0,0,0,0,7,0,8,0,0,0,0,0,0,0,0,0,0,0,0,0,0,0,0,0,0,0,0,0,0,0,0,0,0,0,0,0,0,0,0,0,0,0,0,0,0,0,0,0,0,0,3,0,0,0,0,0,0,0,0,0,0,0,0,0,0,0,0,0,115,0,4,0,0,0,0,0,4,0,5,0,20,33,13,0,0,0,7,0,4,0,12,3,0,0,0,0,0,0,0,0,0,0,0,0,0,0,0,0,0,0,0,0,0,0,0,0,0,0,0,0,0,0,230,10,2,0,163,43,66,0,5,1,11,0,0,0,0,0,2,0,0,0,0,0,0,0,0,0,4,0,0,0,0
0,0,0,0,0,8,0,1,0,0,0,6,21,36,1,6,0,0,27,27,3,35,0,0,0,0,18,107,0,0,0,0,0,0,4,1,1,18,0,0,41,12,4,59,15,0,5,62,1,42,4,40,0,0,0,0,0,0,0,0,0,0,0,0,0,0,0,0,0,1,0,0,0,0,0,0,0,7,0,0,0,0,0,11,0,0,0,4,0,0,0,0,0,0,0,5,0,0,0,0,0,0,0,0,0,0,0,0,0,0,0,0,0,0,0,0,0,0,0,0,0,0,0,0,0,0,0,2,0,0,0,0,0,0,0,0,0,0,0,0,0,0,0,0,0,0,0,0,0,0,0,0,0,0,0,0,0,0,0,0,0,0,0,0,0,17,0,0,0,16,0,0,0,0,0,0,1,11,0,0,0,0,0,0,0,0,0,3,0,0,0,0,0,0,0,2,0,1,0,1,0,0,0,0,0,0,0,0,0,0,0,0,0,0,0,1,0,0,11,176,0,0,6,200,0,8,0,25,0,6,0,0,0,0,0,0,0,0,0,1,0,0,0,0,0,3,0,0,0
6,0,1,0,13,0,0,0,0,0,9,0,30,34,3,0,0,0,12,0,3,0,0,0,0,0,29,72,0,0,0,0,0,0,0,0,0,0,0,0,19,57,30,2,67,5,0,23,20,2,18,0,0,0,0,0,1,0,0,0,0,0,0,0,0,0,0,0,0,0,0,0,0,0,0,0,3,0,1,0,0,0,0,0,0,0,0,0,0,0,0,0,0,0,0,0,0,0,0,0,0,0,0,0,0,0,0,0,0,0,0,0,0,0,0,0,0,0,0,0,0,0,0,0,1,0,0,0,0,0,0,0,0,0,1,0,0,0,0,0,0,0,0,0,0,0,0,0,0,0,0,0,4,0,0,0,0,0,0,0,0,0,0,0,25,0,0,0,7,0,0,0,0,0,3,0,4,22,6,0,0,0,3,0,0,0,5,1,3,0,0,0,0,0,0,0,0,0,0,0,0,0,0,0,0,0,0,0,0,0,0,0,0,0,0,0,0,0,109,7,0,0,31,19,38,2,0,2,0,0,0,0,0,0,0,0,0,0,0,0,0,0,0,0,2,0,0,0,0
0,50,0,0,0,45,0,0,0,4,0,62,53,97,8,21,0,0,104,72,6,4,0,0,0,0,57,67,0,0,0,0,0,0,8,0,0,0,0,0,144,52,16,18,55,62,23,0,10,28,16,10,0,0,0,0,0,0,0,0,0,0,0,0,0,9,0,0,0,0,0,0,0,0,0,0,0,7,0,0,0,0,0,0,0,0,0,0,0,0,0,0,0,0,0,3,0,0,0,0,0,4,0,1,0,0,0,0,0,1,0,0,0,0,0,0,0,0,0,0,0,0,0,0,0,0,0,0,0,0,0,0,0,8,0,0,0,26,0,0,0,0,0,0,0,0,0,6,0,0,0,20,0,0,0,0,0,0,0,0,0,0,0,0,0,12,0,0,0,3,0,0,0,1,0,0,0,63,0,11,0,0,0,0,0,0,20,23,0,0,0,0,0,0,0,0,0,0,0,0,0,0,0,0,0,0,0,9,0,27,0,0,0,0,0,0,0,0,0,229,0,0,2,234,0,0,0,8,0,4,0,0,0,10,0,0,0,0,0,0,0,0,0,0,0,0,0,0,0
3,0,0,0,4,2,11,0,5,0,3,0,57,5,0,0,1,0,2,2,0,1,0,0,0,0,34,16,0,0,0,0,0,0,0,0,0,0,0,0,149,9,25,0,112,1,20,10,0,0,2,0,2,0,0,0,5,0,0,0,0,0,1,0,0,0,0,0,2,0,0,0,0,0,0,0,2,0,0,0,0,0,0,0,0,0,4,0,3,0,0,0,6,0,2,0,0,0,0,0,1,0,2,0,0,0,0,0,0,0,0,0,0,0,0,0,0,0,0,0,0,0,0,0,0,0,0,0,0,0,0,0,0,0,0,0,0,0,0,0,0,0,0,0,1,0,0,0,1,0,0,0,0,0,1,0,0,0,0,0,0,0,0,0,19,0,1,0,5,0,0,0,1,0,3,0,12,5,9,0,0,0,1,0,1,0,42,0,6,0,0,0,0,0,0,0,0,0,3,0,4,0,0,0,4,0,1,0,0,0,0,0,0,0,1,0,9,0,92,0,9,0,56,15,27,1,2,0,12,0,0,0,0,0,2,0,0,0,1,0,0,0,0,0,6,0,0,0,0
0,5,0,0,0,0,0,1,0,2,0,6,1,27,0,0,0,0,2,1,0,0,0,0,0,0,5,53,0,0,0,0,0,0,0,1,0,0,0,0,3,144,0,29,3,42,2,28,0,0,0,10,0,0,0,4,0,0,0,0,0,0,0,0,0,0,0,0,0,3,0,0,0,0,0,0,0,6,0,0,0,4,0,9,0,0,0,0,0,0,0,0,0,0,0,0,0,0,0,0,0,0,0,0,0,2,0,0,0,1,0,0,0,0,0,0,0,0,0,0,0,0,0,2,0,0,0,0,0,0,0,0,0,0,0,0,0,0,0,0,0,2,0,5,0,2,0,0,0,0,0,0,0,0,0,0,0,0,0,0,0,0,0,0,0,5,0,0,0,0,0,0,0,0,0,0,0,55,0,6,0,0,0,0,0,0,1,50,0,2,0,0,0,0,0,0,0,0,0,0,0,0,0,0,0,0,0,0,0,0,0,0,0,0,0,0,0,0,17,16,0,1,1,94,0,1,0,2,0,3,0,0,0,0,0,0,0,0,0,0,0,0,0,0,0,0,0,0,0
29,0,19,0,123,47,0,0,16,0,58,5,133,59,83,0,16,0,397,49,66,0,8,0,4,0,136,71,6,0,63,0,31,0,55,0,115,0,4,0,28,25,54,4,162,4,18,16,2,0,0,9,1,0,0,0,5,0,6,0,0,0,0,0,0,0,0,0,0,0,10,0,0,0,0,0,2,0,0,0,0,0,5,0,0,0,19,0,0,0,0,0,0,0,14,0,0,0,19,0,6,0,0,0,12,0,10,0,0,0,0,0,0,0,0,0,0,0,0,0,0,0,0,0,0,0,0,0,0,0,0,0,0,0,0,0,0,0,0,0,0,0,0,0,0,0,0,0,8,0,0,0,0,0,0,0,0,0,0,0,0,0,0,0,42,0,21,1,95,0,0,0,19,1,0,0,35,26,17,0,11,0,0,0,0,0,33,0,0,0,0,0,0,0,2,0,0,0,0,0,0,0,0,0,19,0,0,0,0,0,0,0,0,0,12,0,0,0,45,25,35,0,14,13,159,11,86,0,58,8,35,0,18,0,12,0,6,0,6,0,4,0,11,0,65,0,0,0,0
0,0,0,0,18,84,0,2,0,0,4,25,24,138,20,6,0,2,25,234,6,46,0,10,0,0,10,209,0,6,2,27,0,14,9,1,0,35,0,0,0,0,5,63,0,40,0,10,0,10,9,0,0,0,0,0,0,2,0,1,0,1,0,0,0,0,0,0,0,2,0,27,0,1,0,5,0,0,0,4,0,32,0,11,0,22,0,48,0,6,0,0,0,2,0,6,1,10,0,33,0,10,0,0,0,0,0,0,0,0,0,0,0,0,0,0,0,0,0,0,0,26,0,12,0,0,0,0,0,0,0,0,0,0,0,0,0,0,0,18,0,39,0,46,0,39,0,0,0,0,0,0,0,0,0,0,0,0,0,0,0,3,0,3,0,3,0,1,0,25,0,3,0,2,0,0,0,27,0,10,2,0,0,3,0,0,0,50,0,0,0,0,0,0,0,5,0,0,0,0,0,0,0,0,0,0,0,0,0,0,0,0,0,0,0,0,0,7,0,57,1,23,0,22,5,62,1,69,1,42,0,18,0,21,0,8,0,3,0,0,0,0,0,0,0,13,0,0,0
0,0,6,0,0,0,53,16,15,48,0,0,0,0,0,0,34,0,0,0,4,0,5,0,44,2,1,0,1,0,2,0,0,0,0,0,2,0,7,0,0,0,0,0,0,0,0,0,2,0,1,0,0,7,130,47,172,0,47,53,13,0,54,8,4,3,0,45,0,0,7,0,0,0,8,0,0,0,0,0,56,0,0,0,119,0,30,0,4,0,9,0,0,0,0,0,63,0,33,0,0,0,0,0,0,0,13,0,0,0,0,0,0,0,0,0,0,0,0,0,17,0,27,0,0,0,14,0,74,0,21,0,20,0,0,1,120,0,246,0,102,0,169,0,50,0,0,0,0,0,0,0,0,0,285,0,77,0,229,0,21,0,20,0,1,0,0,0,14,0,81,0,3,0,0,0,29,1,0,0,0,0,0,0,2,5,0,0,0,0,0,0,0,0,0,0,0,0,0,0,13,0,0,0,0,0,0,0,11,0,8,0,0,0,140,0,0,0,0,0,80,0,42,0,30,0,212,0,172,2,0,0,67,0,14,0,0,0,25,0,2,0,15,0,134,0,0,0,0
0,4,0,0,0,0,1,7,6,20,0,0,0,0,0,1,0,8,0,0,0,0,0,0,0,14,0,0,0,0,0,0,0,0,0,0,0,0,0,3,0,0,0,0,0,0,0,0,0,0,0,0,7,0,4,63,3,64,28,21,0,16,0,39,0,0,12,0,0,0,0,0,0,1,0,0,0,0,0,0,0,2,0,0,0,0,0,0,0,0,0,0,0,0,0,0,0,0,0,1,0,0,0,0,0,0,0,0,0,0,0,0,0,0,0,0,0,0,0,0,0,0,0,0,0,2,0,4,0,45,0,1,0,26,0,7,1,54,0,185,0,55,0,68,0,34,0,0,1,0,0,0,0,0,0,156,2,51,0,114,0,14,0,0,0,0,0,0,0,1,0,15,0,0,0,0,2,16,0,0,0,0,0,1,0,29,0,0,0,0,0,0,0,0,0,0,0,0,0,0,0,0,0,0,0,0,0,0,0,3,0,4,0,0,0,26,0,0,0,2,0,44,0,0,0,1,0,41,0,49,0,0,0,17,0,0,0,0,0,0,0,0,0,1,0,10,0,0,0
3,19,113,0,0,0,190,60,30,306,0,0,0,0,50,0,45,0,0,0,0,0,157,0,422,36,0,0,2,0,0,0,0,0,0,0,4,0,4,2,0,0,0,0,0,0,0,0,0,0,0,0,130,4,0,114,141,3,53,36,16,5,103,35,61,0,45,131,0,0,0,0,0,0,0,0,0,0,0,0,8,1,0,0,51,0,0,0,0,0,0,0,0,0,2,0,33,1,10,0,0,0,0,0,0,0,0,0,0,0,0,0,0,0,0,0,0,0,0,0,4,0,11,0,39,0,45,0,97,0,81,0,64,0,53,0,168,0,19,0,14,0,169,1,0,0,21,0,15,0,6,0,0,0,70,1,6,0,44,0,57,0,0,0,0,0,1,0,24,0,108,1,11,0,0,0,9,0,0,0,0,0,0,0,1,0,0,0,0,0,0,0,0,0,0,0,0,0,0,0,34,0,0,0,0,0,0,0,30,0,15,0,5,0,276,0,0,0,16,0,162,0,77,0,52,0,343,0,236,0,6,0,158,1,17,0,0,0,104,0,22,0,18,0,293,3,0,0,0
0,20,0,57,0,0,10,101,125,76,0,9,0,0,0,19,0,14,0,15,0,16,0,15,0,170,0,0,0,20,1,0,0,2,0,0,0,0,0,0,0,0,0,0,0,0,0,0,0,4,0,0,47,63,114,0,5,40,180,36,0,21,37,211,0,4,125,16,0,0,0,0,0,0,0,0,0,0,0,0,0,3,0,0,0,16,0,0,0,0,0,2,0,0,0,1,0,0,0,0,0,0,0,0,0,2,0,16,0,0,0,0,0,0,0,0,0,0,0,0,0,0,0,0,0,15,0,0,0,87,0,34,0,67,1,86,2,112,0,120,0,19,0,76,0,4,0,0,0,5,0,0,0,0,8,74,0,13,0,19,0,22,0,3,0,0,0,0,1,17,0,42,0,56,0,0,9,2,0,2,0,0,0,0,2,9,0,0,0,0,0,0,0,0,0,0,0,0,0,0,0,0,0,0,0,0,0,0,0,27,0,12,0,6,0,226,0,0,0,31,0,358,0,75,0,54,3,108,0,344,0,18,0,296,0,59,0,0,0,65,0,5,0,6,1,309,0,0,0
1,0,10,0,1,0,11,3,9,0,1,0,0,0,0,0,6,0,0,0,0,1,0,0,11,0,3,0,3,0,11,0,5,0,0,0,12,0,2,0,0,0,0,0,3,0,1,0,5,0,5,0,172,3,141,5,0,4,256,44,0,0,0,0,16,4,24,63,0,0,0,0,0,0,0,0,0,0,0,0,0,0,0,0,0,0,0,0,0,0,0,0,0,0,0,0,0,0,0,0,0,0,0,0,0,0,0,0,0,0,0,0,0,0,0,0,0,0,0,0,0,0,0,0,11,0,16,0,126,0,82,0,37,0,24,0,29,0,11,3,0,0,34,0,0,0,6,0,4,0,6,0,0,0,99,22,40,0,69,13,53,9,37,0,0,0,3,0,53,0,29,0,8,0,1,7,0,0,0,0,0,4,0,0,0,9,0,0,0,0,0,0,0,0,0,0,0,0,0,0,12,0,0,0,0,0,0,0,20,0,20,0,52,1,482,0,0,0,22,0,347,0,210,0,114,0,82,1,404,0,5,0,252,1,117,0,4,0,89,0,8,0,28,0,342,0,0,0,0
0,4,0,0,0,0,0,39,3,17,0,0,0,0,0,3,0,23,0,0,0,2,0,0,0,22,0,0,0,0,0,0,0,0,0,1,0,2,0,0,0,0,0,0,0,0,0,0,0,0,0,2,0,64,3,40,4,0,34,25,0,15,2,18,3,1,31,21,0,0,0,0,0,0,0,0,0,0,0,0,0,0,0,0,0,9,0,0,0,0,0,0,0,0,0,0,0,11,0,2,0,0,0,0,0,0,0,0,0,0,0,0,0,0,0,0,0,0,0,0,0,0,0,0,0,10,0,10,0,125,0,46,0,39,0,0,0,58,0,90,0,17,0,31,0,3,0,0,0,1,0,0,0,0,7,130,2,22,0,60,0,81,0,6,0,0,0,0,0,40,0,143,0,7,0,0,4,1,0,0,0,0,0,0,1,4,0,0,0,0,0,0,0,0,0,0,0,0,0,0,0,0,0,0,0,0,0,0,0,12,0,0,0,10,0,222,0,3,0,15,0,367,0,62,0,33,0,42,0,423,0,0,0,182,1,132,0,3,0,41,0,0,0,6,0,262,0,0,0
7,0,21,0,3,1,26,15,65,158,3,0,0,0,0,0,0,1,0,0,16,0,10,0,9,11,0,0,0,0,17,0,10,0,3,0,24,0,0,0,0,0,9,0,0,0,0,0,0,0,6,0,47,28,53,180,256,34,0,318,11,0,5,36,189,0,145,324,0,0,0,0,0,0,0,0,0,0,0,0,0,0,0,0,0,0,0,0,0,0,0,0,0,0,2,0,0,0,0,1,0,0,0,0,0,0,0,0,0,0,0,0,0,0,0,0,0,0,0,0,0,0,0,0,20,0,12,0,10,0,48,0,15,0,4,0,10,0,0,2,0,0,0,0,3,2,5,0,13,0,0,0,1,1,17,39,58,2,12,11,35,9,0,0,1,0,6,0,24,0,57,0,10,0,0,5,79,11,0,0,6,4,0,0,0,48,0,0,0,0,0,0,0,0,0,0,0,0,0,0,0,0,0,0,0,0,0,0,8,0,0,0,19,0,533,0,0,0,17,0,315,0,115,0,77,0,191,0,207,0,13,0,319,1,122,0,2,0,191,0,51,0,54,0,610,0,0,0,0
1,15,0,5,0,0,1,64,15,46,0,0,0,0,0,0,0,0,0,5,3,0,0,0,0,0,0,0,0,2,4,0,0,0,0,0,4,0,0,0,0,0,3,0,0,0,0,0,0,0,0,1,53,21,36,36,44,25,318,0,0,0,9,16,52,131,317,271,0,0,0,0,0,0,0,0,0,2,0,1,0,0,0,0,0,0,0,0,0,0,0,0,0,0,0,0,0,0,0,0,0,0,0,0,0,0,0,0,0,0,0,0,0,0,0,0,0,0,0,0,0,0,0,0,0,3,0,2,0,11,0,31,0,4,0,0,0,0,0,2,0,0,0,0,4,5,0,0,0,28,0,0,0,0,66,48,34,49,16,20,14,28,0,6,0,0,0,1,0,30,0,42,0,10,0,3,35,38,0,0,1,10,0,0,18,220,0,0,0,0,0,0,0,0,0,0,0,0,0,0,0,0,0,0,0,0,0,0,0,0,0,8,0,8,0,334,0,0,0,15,0,433,1,93,0,28,0,183,0,292,0,7,0,314,0,333,0,6,1,114,0,17,0,30,0,497,0,0,0
150,20,96,0,0,0,189,27,139,30,0,0,0,0,1,0,40,2,0,0,0,0,22,0,76,26,0,0,4,2,0,0,3,0,0,0,48,0,18,0,0,0,0,0,0,0,0,0,0,0,0,0,13,0,16,0,0,0,11,0,0,0,9,0,0,0,0,6,0,0,16,0,2,0,12,0,1,0,0,0,0,0,0,0,0,0,0,0,0,0,0,0,0,0,0,0,2,0,0,0,0,0,0,0,0,0,0,0,0,0,0,0,0,0,0,0,0,0,0,0,0,0,0,0,0,0,0,0,1,0,0,0,0,0,0,0,0,0,118,0,141,0,28,0,209,0,0,0,0,0,0,0,0,0,73,0,131,0,33,0,0,0,5,0,0,0,0,0,0,0,83,0,80,0,4,0,6,1,0,0,0,0,0,1,0,0,0,0,0,0,0,0,0,0,0,0,0,0,0,0,0,0,0,0,0,0,0,0,1,0,0,0,2,0,54,0,0,0,3,0,37,0,10,0,0,0,141,0,27,0,9,2,42,0,0,1,0,0,38,0,16,0,14,0,65,0,0,0,0
23,125,9,5,0,0,36,159,21,150,0,3,0,0,0,0,5,16,0,4,0,2,3,6,25,68,0,0,1,20,0,2,0,0,0,0,0,35,0,5,0,0,0,0,0,0,0,0,0,0,0,1,0,16,5,21,0,15,0,0,0,0,6,94,0,2,0,0,0,0,0,2,0,6,0,0,0,0,0,0,0,4,0,0,0,0,0,2,0,0,0,0,0,0,0,0,0,0,1,2,0,0,0,0,0,0,0,0,0,0,0,0,0,0,0,0,0,0,0,0,0,3,0,0,0,0,0,0,0,0,0,0,0,2,0,0,0,0,0,136,0,118,0,12,0,184,0,0,0,0,0,0,0,4,0,76,0,236,0,54,0,0,0,3,0,0,0,0,0,2,0,28,0,17,0,0,0,63,0,0,0,0,0,26,0,6,0,0,0,0,0,0,0,0,0,0,0,0,0,0,0,0,0,0,0,0,0,0,0,0,0,0,0,0,0,0,0,0,0,0,0,42,0,6,0,0,4,291,0,49,0,0,0,28,0,6,0,0,0,20,0,6,0,9,0,32,0,0,0
87,72,109,0,0,0,367,143,130,201,0,0,0,0,21,0,418,9,0,0,64,0,80,0,156,87,15,0,63,4,7,0,4,0,0,0,4,0,3,0,0,0,0,0,0,0,0,0,1,0,0,0,54,0,103,37,0,2,5,9,9,6,0,8,0,0,0,11,0,0,51,0,0,0,57,0,0,0,0,0,141,1,0,0,82,0,102,1,0,0,14,0,0,0,0,0,42,0,98,0,0,0,0,0,0,0,0,0,0,0,0,0,0,0,0,0,0,0,0,0,77,0,77,0,0,0,0,0,9,0,0,0,0,0,0,0,35,0,133,0,135,0,143,2,58,0,0,0,0,0,4,0,0,0,97,0,44,0,51,0,0,0,0,0,0,0,0,0,0,0,6,0,17,2,0,0,15,7,0,0,0,0,0,7,0,2,1,0,0,0,0,0,0,0,0,0,0,0,0,0,0,0,0,0,0,0,3,0,0,0,0,0,0,0,31,0,0,0,1,0,22,0,8,0,0,0,536,2,15,5,6,0,24,0,3,0,0,0,36,0,15,0,10,0,57,1,0,0,0
0,29,0,0,0,0,22,160,41,200,0,0,0,0,0,37,2,110,0,0,0,27,0,70,12,114,0,28,0,44,0,1,0,5,0,0,0,5,0,32,0,1,0,0,0,0,0,0,0,0,0,0,8,39,35,211,0,18,36,16,0,94,8,0,0,0,16,0,0,0,0,0,0,4,0,0,0,0,0,0,0,2,0,0,0,3,0,1,0,0,0,0,0,0,0,0,0,2,0,0,0,0,0,0,0,0,0,0,0,0,0,0,0,0,0,0,0,0,0,0,0,0,0,0,0,2,0,0,0,23,0,0,0,18,0,0,0,23,0,226,0,65,0,50,0,59,0,0,0,0,0,0,0,0,0,148,0,106,0,62,0,8,0,0,0,0,0,0,0,2,0,5,0,2,0,0,2,75,0,0,0,0,0,16,0,18,0,0,0,0,0,0,0,0,0,0,0,0,0,0,0,0,0,0,0,0,0,0,0,2,0,4,0,0,0,36,0,0,0,0,0,62,0,8,0,3,0,211,1,39,0,0,0,36,0,4,0,0,0,10,0,1,0,0,0,19,0,0,0
5,0,28,2,4,0,37,0,92,0,3,0,4,0,0,0,1,0,14,0,0,0,0,0,0,0,4,0,0,0,0,0,0,0,0,0,0,0,0,0,0,0,0,0,0,0,0,0,0,0,0,0,4,0,61,0,16,3,189,52,0,0,0,0,0,45,195,66,0,0,0,0,0,0,0,0,0,0,0,0,0,0,0,0,0,0,0,0,0,0,0,0,0,0,0,0,0,0,0,0,0,0,0,0,0,0,0,0,0,0,0,0,0,0,0,0,0,0,0,0,0,0,0,0,21,0,8,0,0,0,62,0,0,0,0,1,0,0,0,25,0,0,0,1,4,5,57,0,99,0,15,0,16,4,5,34,0,0,0,17,215,49,1,0,0,0,0,0,0,0,2,0,2,0,36,14,14,0,0,0,82,8,0,0,61,20,0,0,0,0,0,0,0,0,0,0,0,0,2,0,0,0,0,0,1,0,6,0,8,0,0,0,0,0,0,0,0,0,1,0,0,0,0,0,1,0,13,0,11,0,0,0,0,0,73,0,0,0,22,0,0,0,2,0,41,0,0,0,0
0,57,0,0,0,0,0,0,0,185,0,37,0,0,0,0,0,0,0,0,0,0,0,0,0,0,0,14,0,0,0,0,0,0,0,0,0,0,0,0,0,0,0,0,0,0,0,9,0,0,0,0,3,0,0,4,4,1,0,131,0,2,0,0,45,0,7,284,0,0,0,30,0,5,0,0,0,1,0,0,0,0,0,0,0,0,0,5,0,0,0,0,0,0,0,0,0,0,0,1,0,0,0,0,0,0,0,0,0,0,0,0,0,0,0,0,0,0,0,0,0,0,0,0,4,32,0,15,0,0,49,41,0,2,0,0,0,2,53,13,0,0,0,0,61,70,0,82,73,293,0,45,10,29,12,0,2,13,34,0,103,135,0,0,0,0,0,0,0,4,0,0,0,0,0,90,0,0,0,0,0,25,0,15,9,61,0,0,0,0,0,0,0,0,0,0,0,1,0,0,0,0,0,0,0,0,0,7,0,18,0,0,0,0,0,9,0,0,0,0,0,0,0,0,0,0,0,39,0,46,0,0,0,0,0,115,0,0,0,11,0,0,0,0,0,22,0,0,0
10,0,26,0,1,0,29,14,118,149,0,0,1,0,0,0,0,0,3,0,0,0,0,0,0,12,0,0,0,0,3,0,0,0,0,0,2,0,0,0,0,0,0,0,0,0,0,0,0,0,0,0,0,12,45,125,24,31,145,317,0,0,0,16,195,7,0,194,0,0,0,0,0,0,0,0,0,0,0,0,0,0,0,0,0,0,0,0,0,0,0,0,0,0,0,0,0,0,0,0,0,0,0,0,0,0,0,0,0,0,0,0,0,0,0,0,0,0,0,0,0,0,0,0,21,0,0,0,0,0,20,0,0,0,0,0,0,0,0,2,0,0,0,0,0,0,16,0,27,1,0,0,0,0,4,28,7,2,0,3,37,18,2,0,0,0,0,0,0,0,3,0,0,0,2,2,261,18,0,0,28,3,1,0,82,58,0,0,0,0,0,0,0,0,0,0,0,0,0,1,0,0,0,0,0,0,0,0,0,0,0,0,0,0,65,0,0,0,0,1,35,0,14,0,0,0,23,0,7,0,0,0,68,0,32,0,0,0,39,0,5,0,10,0,103,0,0,0,0
0,10,0,0,0,0,0,20,64,116,0,7,0,3,0,0,1,0,0,0,3,0,0,0,0,0,0,0,0,0,0,0,0,0,0,0,0,0,0,0,0,0,2,1,0,0,0,0,0,0,0,0,45,0,131,16,63,21,324,271,6,0,11,0,66,284,194,0,0,0,0,0,0,0,0,0,0,0,0,1,0,0,0,0,0,0,0,0,0,0,0,0,0,0,0,0,0,0,0,0,0,0,0,0,0,0,0,0,0,0,0,0,0,0,0,0,0,0,0,0,0,0,0,0,0,15,0,2,0,0,0,50,0,2,0,0,0,0,0,3,0,0,0,0,9,23,0,17,0,186,1,14,1,18,58,0,15,14,20,1,60,14,0,0,0,0,0,0,0,2,0,0,0,0,0,41,34,233,0,0,0,71,0,0,12,437,0,0,0,0,0,0,0,0,0,0,0,0,0,1,0,1,0,1,0,0,0,0,0,12,0,0,0,0,0,79,0,0,0,1,0,95,0,0,0,11,0,47,1,36,0,0,0,66,0,194,0,0,0,36,0,0,0,7,1,82,0,0,0
0,0,0,0,0,0,1,0,0,0,0,0,0,0,0,0,0,0,0,0,0,0,0,0,0,0,0,0,0,0,0,0,0,0,0,0,0,0,0,0,0,0,0,0,0,0,0,0,2,0,0,0,0,0,0,0,0,0,0,0,0,0,0,0,0,0,0,0,0,0,0,0,0,0,0,0,35,0,3,0,0,0,0,0,0,0,0,0,20,0,0,0,12,0,3,0,0,0,0,0,8,0,95,0,10,0,0,0,20,0,0,0,1,0,0,0,2,0,0,0,0,0,0,0,0,0,0,0,0,0,0,0,0,0,0,0,0,0,0,0,0,0,0,1,0,0,0,0,0,0,0,0,0,0,0,0,0,0,0,0,0,0,0,0,18,0,0,0,27,0,0,0,0,0,0,0,0,0,0,0,0,0,0,0,0,0,0,0,0,0,0,0,0,0,0,0,0,0,0,0,0,0,0,0,0,0,0,0,0,0,4,0,122,0,109,0,44,0,6,0,0,0,27,0,7,0,0,0,23,0,0,0,0,0,0,0,0,0,8,0,0,0,0,0,0,0,0,0,0
0,0,0,0,0,0,0,0,0,0,0,0,0,0,0,0,0,0,0,0,0,0,0,0,0,0,0,0,0,0,0,0,0,0,0,0,0,0,0,0,0,2,0,4,0,1,0,0,0,3,0,2,0,0,0,0,0,0,0,0,0,0,0,0,0,0,0,0,0,0,0,0,0,0,0,0,0,14,0,0,0,0,0,34,0,0,0,0,0,57,0,0,0,23,0,15,0,0,0,0,0,1,0,101,0,0,0,4,0,18,0,3,0,0,0,0,0,0,0,0,0,0,0,0,0,0,0,0,0,0,0,0,0,0,0,0,0,0,0,0,0,0,0,0,0,0,0,0,0,0,0,1,0,0,0,0,0,0,0,0,0,0,0,0,0,22,0,0,0,23,0,1,0,0,0,1,0,0,0,0,0,0,0,0,0,0,0,0,0,0,0,0,0,0,0,0,0,0,0,0,0,0,0,0,0,0,0,0,0,0,0,8,0,279,0,32,0,33,0,23,0,0,0,78,0,27,0,1,0,73,0,0,0,0,0,2,0,0,0,0,0,0,0,0,0,0,0,0,0
0,0,1,1,0,0,0,0,0,0,0,0,0,0,0,0,55,0,0,0,87,0,0,0,0,0,18,0,64,0,84,0,32,0,17,0,91,0,10,0,0,0,29,0,16,0,0,0,0,0,10,0,7,0,0,0,0,0,0,0,16,0,51,0,0,0,0,0,0,0,0,0,229,0,282,0,17,0,182,0,9,0,9,0,0,0,53,0,0,0,0,0,0,0,0,0,0,0,0,0,1,0,0,0,0,0,0,0,0,0,0,0,0,0,0,0,0,0,0,0,58,0,31,0,4,4,25,1,2,0,3,3,3,0,12,0,0,0,1,1,88,0,56,0,145,0,13,0,16,0,20,0,17,3,0,0,10,0,2,0,0,0,78,0,0,0,0,0,25,0,48,0,25,0,28,6,0,0,0,0,8,6,0,0,0,0,0,0,0,0,0,0,0,0,0,0,0,0,19,0,14,0,7,0,7,0,15,0,30,0,1,0,0,0,0,0,0,0,0,0,0,0,0,0,0,0,0,0,10,0,0,0,0,0,0,0,0,0,7,0,8,0,19,0,1,0,0,0,0
0,0,0,0,0,0,0,0,0,0,0,3,0,0,2,4,0,0,1,3,0,9,0,0,0,0,0,15,0,0,0,0,0,0,0,9,0,8,0,0,0,0,0,6,0,0,0,0,0,0,0,27,0,0,0,0,0,0,0,0,0,2,0,0,0,30,0,0,0,0,0,0,0,253,0,71,0,19,0,124,0,2,0,0,1,5,0,56,0,0,0,0,0,0,0,0,0,0,0,0,0,0,0,0,0,0,0,0,0,0,0,0,0,0,0,0,0,0,0,0,0,27,0,110,0,11,0,18,0,7,8,28,0,0,0,15,0,5,0,13,0,43,0,20,4,189,0,19,0,70,0,11,3,12,0,0,0,6,3,0,0,2,0,45,0,0,0,0,0,8,0,4,0,5,1,16,0,3,0,0,2,24,0,0,0,0,0,0,0,0,0,0,0,0,0,0,0,2,0,0,0,0,1,0,0,0,0,15,0,21,0,0,0,0,0,0,0,0,0,0,0,4,0,0,1,0,1,11,0,10,0,0,0,1,0,12,0,0,0,27,0,1,0,0,0,14,0,0,0
