0,496,28,135,40,0,36,201,106,48,102,0,58,0,14,97,37,118,0,0,0,0,31,224,4,369,64,0,99,30,0,0,0,0,8,0,8,0,196,0,33,0,0,0,6,0,50,0,3,0,8,0,2,0,0,0,0,0,4,0,159,0,143,0,48,0,16,0,1,0,0,0,0,0,0,0,0,0,0,0,0,0,0,0,0,0,0,0,0,0,0,0,0,0,0,0,0,0,0,0,0,0,0,0,0,0,0,0,0,0,0,0,0,0,0,0,0,0,0,0,0,0,0,0,40,0,23,0,0,0,0,0,0,0,18,0,0,0,0,0,0,0,0,0,0,0,32,0,42,0,37,0,15,0,0,0,0,0,0,0,9,0,0,0,0,0,0,0,12,0,10,0,295,8,4,0,431,166,20,0,0,0,74,0,59,0,4,0,0,0,0,0,0,0,0,0,0,0,0,0,0,0,0,0,0,0,0,0,9,0,678,185,280,80,203,0,0,0,0,0,0,0,0,0,0
496,0,355,109,54,204,222,10,63,58,29,399,0,164,0,101,84,48,0,73,17,0,297,55,446,5,0,101,24,133,0,0,0,99,0,6,0,77,0,231,0,51,0,10,0,38,0,127,0,0,0,18,0,9,8,2,0,1,0,0,0,104,45,11,0,22,0,0,0,0,0,0,0,0,0,0,0,0,0,0,0,0,0,0,0,20,0,0,0,0,0,0,0,0,0,0,0,18,0,0,0,0,0,0,0,0,0,93,0,0,0,0,0,0,0,0,0,0,0,0,0,0,0,0,0,54,0,52,1,8,0,47,0,19,0,54,0,23,0,4,0,1,0,0,0,4,0,30,0,46,0,52,0,106,0,0,0,0,0,0,0,8,0,7,0,0,0,0,0,0,0,13,0,213,0,39,145,484,5,6,0,26,23,2,0,34,0,0,0,0,0,5,0,0,0,0,0,0,0,0,0,0,0,0,0,0,0,37,0,111,0,0,0,0,213,0,0,0,868,130,280,0,0,4,0
28,355,0,158,122,161,33,48,42,0,36,112,49,2,200,196,84,63,100,11,68,29,362,344,43,104,64,0,240,44,29,0,187,38,0,0,36,0,267,0,15,0,0,0,0,0,24,0,1,0,0,0,14,0,99,0,0,0,0,2,115,0,151,0,26,0,2,0,0,0,1,0,0,0,0,0,0,0,0,0,0,0,0,0,20,0,0,0,0,0,0,0,0,0,0,0,34,0,0,0,0,0,0,0,59,0,0,0,0,0,0,0,0,0,0,0,0,0,0,0,0,0,0,0,114,0,97,0,0,0,74,0,62,0,407,0,105,0,0,0,2,0,128,0,0,0,126,0,129,0,131,0,43,0,0,0,9,0,0,0,0,0,0,0,0,0,92,0,0,0,0,0,359,0,0,0,67,66,0,1,4,0,3,0,17,0,0,0,0,0,0,0,0,0,0,0,0,0,0,0,190,0,0,0,0,0,57,0,157,0,754,137,614,124,297,0,0,0,0,0,0,0,0,0,0
135,109,158,0,95,121,7,82,0,16,46,5,0,0,23,347,44,37,0,160,14,153,179,250,0,33,0,0,13,68,0,104,0,215,0,0,0,64,9,71,0,0,0,0,0,0,0,0,0,0,0,0,0,0,0,48,0,0,0,4,0,0,0,0,0,0,0,0,0,0,0,1,0,0,0,0,0,0,0,0,0,0,0,0,0,61,0,0,0,0,0,0,0,0,0,0,0,61,0,0,0,0,0,0,0,0,0,300,0,0,0,0,0,0,0,0,0,0,0,0,0,0,0,0,0,0,0,37,0,17,0,0,0,0,0,323,0,124,0,20,0,5,0,10,0,0,0,0,0,0,0,0,0,0,0,0,0,0,0,0,0,5,1,5,0,6,0,48,0,0,0,0,0,102,0,0,56,37,0,0,0,0,0,0,0,0,0,0,0,0,0,0,0,0,0,0,0,1,0,53,0,142,0,0,0,0,0,0,0,144,0,0,0,0,102,0,0,0,347,34,336,50,0,4,0
40,54,122,95,0,516,6,0,35,0,111,189,400,94,139,472,22,0,243,254,262,155,91,233,1,0,224,60,0,0,64,0,253,0,193,16,276,65,82,0,118,0,15,0,12,0,175,10,9,0,36,0,0,0,0,0,0,0,0,0,0,0,3,0,6,0,0,0,0,0,2,0,0,0,0,0,0,0,0,0,0,0,0,0,0,0,0,0,0,0,0,0,0,0,0,0,0,0,0,0,0,0,0,0,0,0,0,0,0,0,0,0,0,0,0,0,0,0,1,0,0,0,0,0,21,0,0,0,0,0,0,0,0,0,21,0,0,0,0,0,0,0,0,0,0,1,24,0,36,0,33,0,47,0,0,0,0,0,0,0,0,0,0,1,16,0,280,0,56,0,0,0,134,0,16,0,161,168,25,0,16,0,33,0,45,0,0,0,0,0,0,0,0,0,0,0,0,0,0,0,0,0,0,0,0,0,0,0,15,0,681,341,442,0,299,0,0,0,0,24,0,0,0,0,0
0,204,161,121,516,0,0,25,0,13,210,193,309,261,655,342,46,0,260,278,276,270,257,104,0,2,0,417,0,8,0,261,0,365,88,150,0,357,0,0,0,77,0,0,0,50,0,262,0,9,0,0,0,9,0,6,0,0,0,0,0,5,0,0,0,0,0,0,0,0,0,0,0,0,0,0,0,0,0,0,0,0,0,0,0,0,0,0,0,0,0,0,0,0,0,0,0,0,0,0,0,0,0,0,0,0,0,104,0,0,0,0,0,0,0,0,0,0,0,0,0,0,0,0,0,0,0,0,0,0,0,0,0,13,0,124,0,45,0,13,0,0,0,0,0,0,0,0,0,0,0,53,1,104,0,0,0,0,0,0,0,6,0,0,0,0,0,313,0,61,0,0,0,71,0,56,46,307,56,6,0,78,0,9,0,0,0,8,0,0,0,0,0,0,0,0,0,0,0,20,0,0,0,0,0,0,0,0,0,74,0,0,0,0,251,0,0,0,803,381,513,165,0,0,1
36,222,33,7,6,0,0,201,59,242,2,0,0,0,0,0,23,69,0,0,0,0,8,0,288,220,0,0,0,0,0,0,1,0,0,0,0,0,0,13,0,0,0,0,0,0,0,0,10,0,0,0,38,0,132,32,19,0,9,0,87,0,263,34,63,0,42,0,0,0,0,0,0,0,0,0,0,0,0,0,0,0,0,0,0,0,0,0,0,0,7,0,0,0,0,0,0,0,0,0,0,0,0,0,12,0,0,0,0,0,0,0,0,0,0,0,0,0,0,0,0,0,0,0,142,0,98,0,17,0,158,0,34,0,75,0,37,0,0,0,0,0,38,0,0,0,30,0,49,0,67,0,0,0,3,0,0,0,0,0,71,0,0,0,1,0,7,0,9,0,75,0,337,2,0,0,59,111,0,0,0,0,7,0,1,0,0,0,0,0,0,0,0,0,0,0,0,0,12,0,0,0,0,0,0,0,16,0,59,0,955,83,552,473,630,0,26,0,0,0,0,0,0,0,0
201,10,48,82,0,25,201,0,227,108,0,11,0,9,5,106,0,36,0,37,0,0,23,24,223,288,0,0,0,239,0,0,0,0,0,0,0,0,0,180,0,0,0,0,0,0,0,0,1,0,0,0,0,17,72,94,0,10,0,33,8,205,119,127,0,2,0,19,0,0,0,0,0,0,0,0,0,0,0,0,0,0,0,0,0,0,0,0,0,0,0,0,0,0,0,0,0,0,0,0,0,0,0,0,0,0,0,0,0,0,0,0,0,0,0,0,0,0,0,0,0,0,0,0,0,36,0,32,0,83,0,85,0,48,0,50,0,73,0,11,0,0,0,0,0,0,0,14,0,1,0,25,0,0,0,3,0,0,0,51,0,12,0,0,0,3,0,0,0,9,0,29,0,194,0,1,47,100,0,0,0,0,0,0,0,0,0,0,0,0,0,4,0,0,0,0,0,0,0,0,0,0,0,0,0,0,0,0,0,130,0,0,7,0,639,0,0,1,949,66,368,330,0,36,7
106,63,42,0,35,0,59,227,0,517,43,0,23,0,0,0,0,84,7,0,0,0,0,0,5,223,44,0,0,5,0,0,0,0,0,0,0,0,0,0,0,0,0,0,0,0,21,0,0,0,0,0,25,46,14,329,3,0,42,0,29,0,46,137,107,0,186,116,0,0,0,0,1,0,0,0,0,0,0,0,0,0,0,0,0,0,0,0,0,0,0,0,0,0,0,0,0,0,0,0,0,0,0,0,0,0,0,0,0,0,0,0,0,0,0,0,0,0,0,0,0,0,0,0,39,0,8,0,0,0,33,0,0,0,8,0,0,0,0,0,0,0,0,0,0,0,25,0,46,0,23,0,17,0,0,0,14,0,0,0,24,0,0,0,4,0,0,0,0,0,29,0,98,0,2,0,617,162,4,0,0,0,28,0,95,11,0,0,0,0,0,0,0,0,0,0,0,0,0,0,0,0,0,0,0,0,0,0,7,0,528,62,73,153,182,1,0,0,0,0,0,0,0,0,0
48,58,0,16,0,13,242,108,517,0,0,57,0,11,0,8,0,6,0,17,0,0,0,0,113,15,0,21,0,0,0,0,0,0,0,0,0,0,0,22,0,0,0,0,0,0,0,40,1,1,0,0,138,41,349,34,0,1,0,37,0,233,158,173,0,235,0,16,0,0,0,1,0,0,0,0,0,0,0,0,0,0,0,0,0,0,0,0,0,0,0,0,0,0,0,0,0,6,0,0,0,0,0,0,0,0,0,0,0,0,0,0,0,0,0,0,0,0,0,0,0,0,0,0,0,139,0,74,0,28,0,213,0,44,0,0,0,11,0,0,0,0,0,2,0,2,0,64,0,104,0,57,0,102,0,5,0,15,0,17,0,45,0,8,0,4,0,6,0,0,0,108,0,155,0,11,104,624,0,0,0,20,0,10,0,99,0,0,0,0,0,3,0,0,0,0,0,0,0,9,0,0,0,0,0,0,0,28,0,117,3,0,0,0,345,0,0,0,860,83,108,150,0,14,3
102,29,36,46,111,210,2,0,43,0,0,73,339,0,17,273,25,0,24,72,131,66,22,156,0,4,82,16,18,0,35,0,219,0,0,0,150,0,95,0,107,0,6,0,0,0,89,0,4,0,31,0,0,0,0,1,0,0,0,0,4,0,3,0,0,0,0,0,0,0,0,0,0,0,0,0,0,0,0,0,0,0,0,0,0,0,0,0,0,0,0,0,0,0,0,0,0,0,0,0,0,0,0,0,0,0,0,0,0,0,0,0,0,0,0,0,0,0,0,0,0,0,0,0,3,0,0,0,0,0,0,0,0,0,4,0,0,0,0,0,0,0,0,0,0,0,5,0,11,0,15,0,29,0,1,0,0,0,0,0,0,0,0,0,0,0,117,0,14,0,0,0,90,0,0,0,216,77,65,0,12,0,50,0,34,0,15,0,0,0,0,0,0,0,0,0,0,0,0,0,0,0,0,0,0,0,0,0,0,0,513,240,187,56,155,0,0,0,0,0,0,0,0,0,0
0,399,112,5,189,193,0,11,0,57,73,0,36,144,189,23,21,0,18,27,75,98,195,56,0,0,9,99,0,0,0,75,0,243,0,59,4,178,0,0,0,83,0,59,0,32,0,223,0,17,0,64,0,4,0,1,0,0,0,0,0,0,0,0,0,16,0,0,0,0,0,0,0,0,0,0,0,0,0,0,0,0,0,0,0,0,0,0,0,0,0,0,0,0,0,0,0,5,0,0,0,2,0,0,0,0,0,0,0,0,0,0,0,5,0,0,0,0,0,0,0,0,0,2,0,44,0,0,0,0,0,0,0,0,0,31,0,14,0,0,0,0,0,0,0,0,0,0,0,47,0,77,0,210,0,0,0,3,0,0,0,14,0,0,0,13,0,78,0,0,0,0,0,29,0,207,48,244,15,12,0,178,3,53,0,72,0,9,0,0,0,0,0,0,0,0,0,0,0,0,0,0,0,0,0,0,0,25,0,80,0,0,0,0,82,0,0,0,416,203,176,47,0,0,0
58,0,49,0,400,309,0,0,23,0,339,36,0,469,11,90,0,0,32,506,100,87,0,10,0,0,223,483,0,0,10,0,0,0,158,0,88,38,2,0,257,44,84,28,56,46,246,178,53,0,301,22,0,0,0,0,0,0,0,0,0,0,0,0,0,0,0,0,0,0,0,0,0,0,0,0,0,0,0,0,0,0,0,0,0,1,0,0,0,0,0,0,0,0,0,0,0,0,0,0,2,0,0,0,0,0,0,0,0,0,0,0,0,0,0,0,0,0,0,0,0,0,0,0,0,0,0,0,0,0,0,0,0,0,0,0,0,0,0,0,0,0,0,0,0,0,0,0,0,0,14,0,0,0,0,0,0,0,0,0,0,0,0,0,86,0,26,0,41,0,2,0,19,0,0,0,100,245,125,0,49,0,88,0,28,0,230,0,0,0,0,0,0,0,0,0,0,0,0,0,0,0,0,0,0,0,0,0,0,0,82,241,168,0,22,0,0,2,8,11,0,0,0,0,1
0,164,2,0,94,261,0,9,0,11,0,144,469,0,174,12,0,0,387,59,188,96,8,0,0,0,553,168,0,0,0,0,0,2,70,48,20,56,0,0,250,305,0,254,78,84,152,328,0,64,99,224,0,0,0,0,0,0,0,0,0,0,0,0,0,0,0,0,0,0,0,0,0,0,0,0,0,0,0,0,0,0,0,0,0,0,0,0,0,0,0,0,0,0,0,0,0,3,0,0,0,0,0,0,0,0,0,0,0,0,0,0,0,0,0,0,0,0,0,0,0,0,0,0,0,0,0,0,0,0,0,9,0,0,0,0,0,0,0,0,0,0,0,0,0,0,0,0,0,0,0,10,0,0,0,0,0,0,0,0,0,0,0,0,0,19,0,33,0,0,0,0,0,0,0,20,0,329,7,8,0,27,0,6,0,0,47,97,0,0,0,0,0,0,0,0,0,0,0,0,0,0,0,0,0,0,0,0,0,33,0,0,15,0,22,0,0,0,69,178,171,31,0,0,3
14,0,200,23,139,655,0,5,0,0,17,189,11,174,0,566,50,0,335,398,188,257,428,153,56,0,199,81,2,0,87,54,91,110,64,51,148,87,0,0,8,0,0,0,0,14,28,15,0,0,7,0,17,0,75,0,0,0,0,0,0,0,36,0,0,0,0,2,0,0,0,0,0,0,16,0,0,0,0,0,0,0,0,0,134,0,0,0,0,0,0,0,0,0,0,0,330,0,81,0,0,0,0,0,0,0,0,0,0,0,0,0,0,0,0,0,0,0,0,0,0,0,0,0,0,0,0,0,0,0,0,0,0,0,0,0,0,0,0,0,36,0,228,0,12,0,26,0,35,0,62,0,40,1,10,0,0,0,3,0,1,0,0,0,4,0,130,0,0,0,10,0,16,0,0,0,22,70,10,0,0,0,22,0,53,0,0,0,0,0,0,0,0,0,0,0,0,0,0,0,232,0,0,0,1,0,0,0,73,0,115,121,69,0,46,0,0,0,0,32,43,0,0,0,0
97,101,196,347,472,342,0,106,0,8,273,23,90,12,566,0,86,15,32,393,299,265,364,95,14,24,0,163,14,0,18,67,32,50,32,31,33,54,19,0,4,0,0,0,0,53,0,0,1,15,0,5,0,6,0,67,0,0,0,0,0,0,0,13,0,0,0,0,0,0,0,0,0,0,0,0,0,0,0,0,0,88,0,0,0,454,0,0,0,0,0,0,0,0,0,0,0,241,0,0,0,124,0,0,0,0,0,518,0,0,0,0,0,0,0,0,0,0,0,2,0,0,0,0,0,0,0,40,0,0,0,0,0,46,0,563,0,158,0,45,0,33,0,158,0,0,0,0,0,0,0,17,0,39,0,0,0,0,0,0,0,0,0,0,0,0,0,30,0,0,0,3,8,23,0,7,46,95,30,13,0,0,0,1,0,11,0,0,0,0,0,0,0,0,0,0,0,0,0,39,0,152,0,0,0,0,0,0,0,118,0,0,0,0,0,0,0,0,290,260,49,0,0,0,0
37,84,84,44,22,46,23,0,0,0,25,21,0,0,50,86,0,0,68,3,287,10,161,131,207,32,78,0,151,19,47,0,59,18,31,0,5,0,29,0,0,0,13,0,41,0,1,0,1,0,7,0,22,0,13,0,0,0,0,0,25,0,273,0,0,0,0,0,0,0,54,0,0,0,78,0,0,0,0,0,245,0,0,0,466,0,163,0,0,0,268,0,0,0,0,0,734,0,557,0,24,0,0,0,126,0,376,0,0,0,0,0,0,0,0,0,0,0,0,0,178,0,103,0,0,0,0,0,0,0,0,0,0,0,33,0,78,0,126,0,54,0,340,0,11,0,0,0,0,0,2,0,0,0,4,0,0,0,13,0,0,0,0,0,0,0,0,0,10,0,0,0,51,0,0,0,16,7,2,0,0,0,4,0,0,0,0,0,0,0,0,0,0,0,0,0,0,0,0,0,59,0,0,0,0,0,0,0,11,0,65,179,73,4,16,0,1,0,0,0,0,0,0,0,0
118,48,63,37,0,0,69,36,84,6,0,0,0,0,0,15,0,0,0,0,0,113,70,145,103,110,0,0,0,295,0,53,0,33,0,3,0,0,0,88,0,0,0,0,0,0,0,0,0,0,0,0,9,23,28,47,0,22,3,0,8,15,32,125,0,0,0,0,0,0,0,0,0,0,0,0,0,0,0,2,0,43,0,0,0,198,0,0,0,0,0,0,0,0,0,30,0,41,0,81,0,33,0,0,0,0,0,0,0,0,0,0,0,0,0,0,0,0,0,0,0,10,0,0,0,0,0,0,0,29,0,0,0,63,0,371,0,313,0,194,0,104,0,344,0,2,0,0,0,0,0,0,0,3,0,17,0,0,0,16,0,0,0,0,0,0,0,0,0,0,0,0,2,23,0,0,0,11,0,12,0,0,0,10,0,0,0,0,0,0,0,0,0,0,0,0,0,0,0,0,0,0,0,0,0,0,0,0,0,0,0,0,0,0,0,0,0,0,34,209,35,10,0,0,0
0,0,100,0,243,260,0,0,7,0,24,18,32,387,335,32,68,0,0,412,425,68,179,0,20,0,172,284,4,0,17,0,3,6,183,0,82,42,0,0,13,39,24,22,33,0,13,90,0,2,210,19,15,0,0,0,0,0,0,0,0,0,35,0,0,0,0,0,0,0,0,0,0,0,22,0,0,0,0,0,0,0,0,0,82,0,0,0,0,0,0,0,0,0,0,0,0,0,0,0,0,0,0,0,0,0,0,0,0,0,0,0,0,0,0,0,0,0,0,0,0,0,0,0,0,0,0,0,0,0,0,0,0,0,0,0,0,0,0,0,25,0,0,0,0,0,0,0,40,0,0,0,25,0,6,0,0,0,0,0,0,1,0,0,88,5,69,8,52,0,0,0,23,0,0,0,13,135,12,0,0,0,27,0,37,0,14,13,0,0,0,0,0,0,0,0,0,0,0,0,92,0,0,0,0,0,0,0,0,0,104,201,171,0,38,0,0,2,0,0,0,0,0,0,0
0,73,11,160,254,278,0,37,0,17,72,27,506,59,398,393,3,0,412,0,321,238,26,70,0,0,269,439,1,0,16,10,0,5,117,81,30,138,1,0,61,0,0,64,0,80,0,67,0,0,125,206,0,10,0,0,0,0,0,0,0,0,0,23,0,0,0,0,0,0,0,0,0,0,0,0,0,0,0,0,0,0,0,0,0,352,0,93,0,0,0,0,0,0,0,0,0,121,0,0,0,0,0,0,0,0,0,0,0,0,0,0,0,0,0,0,0,0,0,0,0,75,0,0,0,0,0,0,0,0,0,0,0,0,0,213,0,0,0,0,0,46,0,0,0,18,0,0,0,0,0,0,0,69,0,0,0,0,0,0,0,0,0,0,0,30,0,46,0,69,0,0,0,9,0,0,0,37,23,0,0,31,0,7,0,14,5,11,0,0,0,0,0,0,0,0,0,0,0,0,0,0,0,0,0,0,0,0,0,60,7,0,15,0,0,0,0,0,209,331,123,0,0,0,0
0,17,68,14,262,276,0,0,0,0,131,75,100,188,188,299,287,0,425,321,0,144,72,73,18,0,269,155,59,0,71,22,33,43,89,0,9,51,1,0,0,16,34,0,58,24,0,39,3,0,36,8,9,0,0,0,0,0,0,0,2,0,70,0,4,0,1,0,0,0,52,0,0,0,74,0,0,0,32,0,156,0,0,0,86,0,111,0,0,0,151,0,0,0,0,0,335,0,343,0,14,0,0,0,65,0,243,0,0,0,0,0,0,0,0,0,0,0,0,0,84,0,16,0,0,0,0,0,0,0,0,0,0,0,0,0,0,0,0,0,17,0,44,0,25,0,6,0,0,0,0,0,0,0,0,1,0,0,0,0,0,0,0,0,21,3,78,7,52,2,0,0,43,0,0,0,18,22,51,0,0,0,0,0,0,0,8,5,0,0,0,0,0,0,0,0,0,0,0,0,0,0,0,0,0,0,0,0,0,0,258,416,107,41,102,0,0,0,0,18,0,0,0,0,0
0,0,29,153,155,270,0,0,0,0,66,98,87,96,257,265,10,113,68,238,144,0,70,256,0,0,11,267,0,64,0,56,14,22,23,74,15,46,0,7,0,0,0,83,0,206,0,14,0,24,0,103,0,4,0,10,0,0,0,2,0,0,0,55,0,0,0,0,0,0,0,8,0,0,0,0,0,0,0,0,0,339,0,0,0,699,0,100,0,0,0,0,0,0,0,236,0,69,0,0,0,143,0,0,0,0,0,0,0,0,0,0,0,0,0,0,0,0,0,0,0,245,0,66,0,0,0,0,0,0,0,0,0,0,0,0,0,285,0,194,0,607,0,1055,0,122,0,0,0,0,0,0,0,0,0,0,0,0,0,0,0,0,0,0,0,21,0,123,0,89,0,0,0,12,0,0,6,88,8,27,0,0,0,0,0,0,1,9,0,0,0,0,0,0,0,0,0,0,0,0,0,0,0,0,0,0,0,0,0,0,0,0,0,0,80,0,0,0,319,463,151,60,0,0,0
31,297,362,179,91,257,8,23,0,0,22,195,0,8,428,364,161,70,179,26,72,70,0,529,49,54,76,0,129,27,21,0,60,48,0,0,16,15,110,0,0,0,0,0,26,0,6,0,0,0,0,0,4,0,161,0,0,0,0,0,0,0,46,0,0,0,0,1,0,0,0,0,0,0,0,0,0,0,0,0,0,0,0,0,121,0,0,0,0,0,0,0,0,0,0,0,279,0,33,0,6,0,0,0,181,0,0,0,0,0,0,0,0,0,0,0,0,0,0,0,0,0,0,0,0,0,0,0,0,0,0,0,32,0,0,0,160,0,0,0,0,0,311,0,0,0,0,0,0,0,25,0,0,0,1,0,0,0,0,0,0,0,0,0,0,0,23,0,0,0,0,0,125,0,0,0,25,29,0,0,0,0,0,0,0,0,0,0,0,0,0,0,0,0,0,0,3,0,0,0,183,0,0,0,0,0,0,0,42,0,157,163,179,40,60,0,1,0,0,15,0,0,0,0,0
224,55,344,250,233,104,0,24,0,0,156,56,10,0,153,95,131,145,0,70,73,256,529,0,117,58,0,41,33,75,0,54,0,33,0,33,0,14,0,23,0,0,0,0,0,31,0,0,0,0,0,3,0,0,0,16,0,2,0,2,0,2,8,34,0,0,0,0,0,0,0,2,0,0,0,0,0,0,0,1,0,125,0,43,0,440,0,40,0,0,0,0,0,0,0,0,0,156,0,267,0,102,0,0,0,0,0,158,0,0,0,0,0,0,0,0,0,0,0,0,0,42,0,8,0,0,1,0,0,0,0,0,0,50,0,506,0,190,0,60,0,56,0,365,0,9,0,0,0,0,0,0,0,2,0,0,0,0,0,0,0,0,0,0,0,0,0,6,0,0,0,0,0,18,0,0,53,114,0,48,0,3,0,0,0,0,0,0,0,0,0,0,0,0,0,0,0,0,0,0,0,0,0,0,0,0,0,0,0,13,0,0,10,0,0,0,0,0,91,543,30,4,0,0,0
4,446,43,0,1,0,288,223,5,113,0,0,0,0,56,14,207,103,20,0,18,0,49,117,0,379,0,0,96,41,0,0,0,0,0,0,0,3,33,29,0,0,0,0,7,0,0,0,0,0,0,0,58,0,313,4,13,0,7,0,76,10,109,6,0,0,0,0,0,0,0,0,0,0,0,0,0,0,0,0,25,0,0,0,197,0,0,0,0,0,155,0,0,0,0,0,322,0,0,0,0,0,0,0,200,0,282,0,0,0,0,0,0,0,0,0,0,0,0,0,0,0,44,0,0,0,21,0,42,0,13,0,39,1,171,0,290,0,113,0,0,0,464,0,0,0,6,0,0,0,8,0,0,0,2,0,0,0,25,0,4,0,0,0,0,0,9,0,0,1,4,0,122,0,0,0,11,45,0,0,0,0,1,0,0,0,0,0,0,0,0,0,0,0,0,0,0,0,0,0,185,0,0,0,0,0,0,0,50,0,152,205,143,27,60,0,0,0,9,5,1,0,0,0,0
369,5,104,33,0,2,220,288,223,15,4,0,0,0,0,24,32,110,0,0,0,0,54,58,379,0,0,0,13,163,0,0,0,12,0,0,0,7,0,99,0,0,0,0,0,0,0,0,0,0,0,0,19,23,32,144,0,30,0,0,16,41,140,33,0,0,0,0,0,0,0,0,0,0,0,0,0,0,0,1,0,0,0,0,0,78,0,0,0,0,0,9,0,0,0,0,0,53,0,0,0,0,0,0,0,0,0,132,0,0,0,0,0,0,0,0,0,0,0,0,0,0,0,0,0,0,0,50,0,22,0,0,0,103,0,397,0,188,0,84,0,20,0,85,0,0,0,0,0,0,0,0,0,0,0,10,0,1,0,11,0,0,0,0,0,0,0,0,0,0,0,8,0,62,0,0,22,38,0,0,0,0,14,0,0,0,0,0,0,0,0,0,0,0,0,0,0,0,0,0,0,80,0,0,0,0,0,0,0,55,3,2,4,0,111,0,0,0,226,145,108,47,0,2,0
64,0,64,0,224,0,0,0,44,0,82,9,223,553,199,0,78,0,172,269,269,11,76,0,0,0,0,679,33,0,35,0,12,4,58,0,41,0,0,0,44,184,275,66,211,69,194,371,31,24,452,63,17,0,0,0,5,1,0,0,0,0,47,0,0,0,0,1,0,0,0,0,14,0,0,0,0,0,0,0,0,0,0,0,0,0,0,0,0,0,0,0,0,0,0,0,0,0,0,0,0,0,0,2,0,0,0,0,0,0,0,0,0,0,0,0,0,0,0,0,0,0,0,0,0,0,0,0,0,0,0,0,0,0,0,0,0,0,0,0,0,0,0,0,55,0,36,0,50,0,0,0,0,0,0,0,0,0,0,0,0,0,0,0,230,0,0,0,60,8,0,0,0,0,0,0,21,134,17,0,0,1,59,0,70,0,57,17,0,0,0,0,0,0,0,3,0,0,0,0,0,0,0,0,0,0,0,0,0,0,67,330,282,15,25,0,0,17,0,19,0,0,0,0,0
0,101,0,0,60,417,0,0,0,21,16,99,483,168,81,163,0,0,284,439,155,267,0,41,0,0,679,0,0,0,7,4,0,0,78,64,22,10,0,0,400,6,124,351,143,231,284,231,0,40,203,372,0,9,0,0,0,0,0,0,0,12,0,11,0,0,0,0,0,0,0,6,0,0,0,28,0,0,0,0,0,0,0,0,0,194,0,0,0,0,0,0,0,0,0,0,0,0,0,0,0,0,0,0,0,0,0,0,0,0,0,0,0,8,0,0,0,0,0,0,0,64,0,0,0,0,0,0,0,0,0,0,0,0,0,0,0,0,0,0,0,0,0,0,0,0,0,0,0,0,0,50,0,73,0,0,0,0,0,0,0,0,0,0,0,64,0,12,0,0,0,0,0,4,0,0,0,72,0,0,0,55,0,0,0,0,47,17,0,0,0,0,0,0,0,0,0,0,0,0,0,0,0,0,0,0,0,22,0,82,0,0,0,0,72,0,0,0,112,682,388,64,0,0,22
99,24,240,13,0,0,0,0,0,0,18,0,0,0,2,14,151,0,4,1,59,0,129,33,96,13,33,0,0,0,31,0,12,2,32,0,7,0,1,0,0,0,14,0,13,0,0,0,0,0,2,0,7,0,3,0,0,0,0,0,1,0,42,0,0,0,0,0,0,0,98,0,0,0,94,0,0,0,31,0,203,0,0,0,0,0,115,0,0,0,0,0,0,0,0,0,72,0,211,0,0,0,0,0,0,0,0,0,0,0,0,0,0,0,0,0,0,0,0,0,129,0,58,0,0,0,0,0,0,0,0,0,0,0,0,0,28,0,64,0,105,0,91,0,115,0,0,0,0,0,0,0,0,0,1,0,0,0,0,0,0,0,17,0,0,0,0,0,0,0,0,0,0,0,0,0,11,3,0,0,0,0,28,1,0,0,0,0,0,0,0,0,0,0,0,0,0,0,0,0,0,0,0,0,0,0,0,0,0,0,12,72,0,0,7,0,0,0,1,0,0,0,0,0,0
30,133,44,68,0,8,0,239,5,0,0,0,0,0,0,0,19,295,0,0,0,64,27,75,41,163,0,0,0,0,0,28,0,21,0,7,0,10,0,73,0,0,0,3,0,0,0,0,0,1,0,0,0,2,0,18,0,2,0,0,0,83,0,32,0,0,0,0,0,0,0,0,0,1,0,0,0,0,0,0,0,0,0,0,0,35,0,0,0,0,0,0,0,0,0,0,0,0,0,0,0,0,0,0,0,0,0,0,0,0,0,0,0,0,0,0,0,0,0,0,0,3,0,0,0,0,0,0,0,0,0,0,0,0,0,69,0,111,0,125,0,198,0,165,0,0,0,0,0,0,0,0,0,0,0,0,0,8,0,6,0,0,0,0,0,0,1,0,0,0,0,0,0,0,0,0,0,24,0,32,0,3,0,15,0,0,0,0,0,0,0,0,0,0,0,0,0,0,0,0,0,0,0,0,0,0,1,0,0,9,0,0,0,0,0,0,0,0,18,158,4,0,0,0,0
0,0,29,0,64,0,0,0,0,0,35,0,10,0,87,18,47,0,17,16,71,0,21,0,0,0,35,7,31,0,0,0,9,0,12,0,18,0,0,0,0,0,31,1,4,0,0,2,0,0,23,0,0,0,0,0,0,0,0,0,0,0,0,0,0,0,0,0,0,0,33,0,0,0,22,0,0,0,0,0,40,0,0,0,0,0,50,0,0,0,0,0,0,0,0,0,0,0,92,0,0,0,0,0,0,0,0,0,0,0,0,0,0,0,0,0,0,0,0,0,26,0,0,0,0,0,0,0,0,0,0,0,0,0,0,0,0,0,0,0,0,0,0,0,11,0,0,0,0,0,0,0,0,0,0,0,0,0,0,0,0,0,0,0,0,0,11,0,0,0,0,0,0,0,0,0,0,0,14,0,0,0,0,0,0,0,0,0,0,0,0,0,0,0,0,0,0,0,0,0,0,0,0,0,0,0,0,0,0,0,36,65,27,0,0,0,0,0,0,0,0,0,0,0,0
0,0,0,104,0,261,0,0,0,0,0,75,0,0,54,67,0,53,0,10,22,56,0,54,0,0,0,4,0,28,0,0,0,1,0,22,0,28,3,0,0,0,0,18,0,3,0,0,0,0,0,9,0,0,0,3,0,0,0,0,0,2,1,15,0,0,0,0,0,0,0,0,0,0,0,0,0,0,0,0,0,0,0,0,0,50,0,0,0,0,0,0,0,0,0,0,0,0,0,0,0,0,0,0,0,0,0,0,0,0,0,0,0,0,0,0,0,0,0,0,0,0,0,0,0,0,0,0,0,0,0,0,0,0,0,0,0,0,0,61,0,102,0,54,0,19,0,0,0,0,0,0,0,0,0,0,0,0,0,0,0,1,0,1,0,0,0,28,0,0,0,0,0,7,0,0,0,56,0,33,0,0,0,0,0,1,0,0,0,0,0,0,0,0,0,0,0,0,0,0,0,0,0,0,0,0,0,0,0,0,0,0,0,0,13,0,0,0,29,77,38,0,0,0,0
0,0,187,0,253,0,1,0,0,0,219,0,0,0,91,32,59,0,3,0,33,14,60,0,0,0,12,0,12,0,9,0,0,0,13,0,47,0,0,0,0,0,5,0,1,0,0,0,0,0,15,0,0,0,0,0,0,0,0,0,4,0,3,0,0,0,0,0,0,0,13,0,0,0,16,0,0,0,11,0,0,0,0,0,0,0,19,0,0,0,0,0,0,0,0,0,26,0,0,0,0,0,0,0,0,0,0,0,0,0,0,0,0,0,0,0,0,0,0,0,10,0,0,0,0,0,0,0,0,0,0,0,0,0,0,0,0,0,0,0,0,0,0,0,11,0,0,0,0,0,0,0,0,0,0,1,0,0,0,0,0,0,4,0,0,0,34,1,4,0,0,0,16,0,0,0,25,4,29,0,0,0,0,0,0,0,0,0,0,0,0,0,0,0,0,0,0,0,0,0,0,0,0,0,0,0,0,0,0,0,67,91,32,0,10,0,0,0,0,0,0,0,0,0,0
0,99,38,215,0,365,0,0,0,0,0,243,0,2,110,50,18,33,6,5,43,22,48,33,0,12,4,0,2,21,0,1,0,0,0,5,0,218,0,1,0,1,0,2,0,0,0,0,0,0,0,0,0,4,0,0,0,3,0,0,0,2,0,9,0,0,0,0,0,0,0,0,0,0,0,0,0,0,0,0,0,11,0,0,0,0,0,0,0,0,0,0,0,0,0,0,0,0,0,0,0,0,0,0,0,0,0,0,0,0,0,0,0,0,0,0,0,0,0,0,0,0,0,0,0,0,0,0,0,0,0,0,0,0,0,0,0,0,0,31,0,37,0,38,0,22,0,0,0,0,0,0,0,0,0,0,0,11,0,0,0,1,0,0,0,0,0,64,0,2,0,2,0,47,0,0,13,108,0,175,0,0,0,7,0,0,0,0,0,0,0,0,0,0,0,0,0,0,0,0,0,0,0,0,0,0,0,0,0,0,0,0,0,0,0,0,0,0,22,148,66,4,0,0,0
8,0,0,0,193,88,0,0,0,0,0,0,158,70,64,32,31,0,183,117,89,23,0,0,0,0,58,78,32,0,12,0,13,0,0,0,190,0,0,0,0,0,6,0,4,0,0,0,0,0,89,0,0,0,0,0,0,0,2,3,2,0,0,0,3,0,1,0,0,0,44,0,0,0,24,0,0,0,0,0,0,0,0,0,0,0,0,0,0,0,0,0,0,0,0,0,0,0,0,0,7,0,0,0,0,0,0,0,0,0,0,0,0,0,0,0,0,0,0,0,0,0,0,0,0,0,0,0,0,0,0,0,0,0,0,0,0,0,0,0,9,0,0,0,30,0,0,0,0,0,6,0,0,0,0,1,0,0,0,2,0,0,0,0,37,0,83,0,53,0,0,0,0,0,0,0,15,31,63,0,0,0,0,0,0,0,12,1,0,0,0,0,0,0,0,0,0,0,0,0,0,0,0,0,0,0,0,0,0,0,113,258,194,49,44,0,0,0,0,0,0,0,0,0,0
0,6,0,0,16,150,0,0,0,0,0,59,0,48,51,31,0,3,0,81,0,74,0,33,0,0,0,64,0,7,0,22,0,5,0,0,0,349,0,6,0,0,0,19,0,15,0,8,0,1,2,27,0,0,0,0,0,0,0,0,0,6,0,0,0,0,0,0,0,0,0,0,0,0,0,0,0,0,0,0,0,0,0,0,0,148,0,0,0,0,0,0,0,0,0,0,0,0,0,146,0,0,0,0,0,0,0,0,0,0,0,0,0,0,0,0,0,0,0,0,0,0,0,23,0,0,0,0,0,0,0,0,0,0,0,0,0,42,0,47,0,171,0,196,0,93,0,0,0,0,0,0,0,7,0,0,0,9,0,2,0,0,0,0,0,17,0,106,0,31,0,6,0,0,0,0,1,34,0,0,0,0,0,0,0,0,0,15,0,0,0,0,0,0,0,0,0,0,0,0,0,0,0,0,0,0,0,0,0,0,0,0,0,0,0,0,0,0,97,160,117,30,0,0,0
8,0,36,0,276,0,0,0,0,0,150,4,88,20,148,33,5,0,82,30,9,15,16,0,0,0,41,22,7,0,18,0,47,0,190,0,0,0,26,0,0,1,22,0,43,0,0,0,0,0,40,0,4,0,0,0,7,0,0,4,45,0,4,0,3,0,2,0,0,0,93,0,12,0,68,0,0,0,0,0,104,0,0,0,0,0,0,0,0,0,0,0,0,0,0,0,0,0,134,0,11,0,0,0,0,0,0,0,0,0,0,0,0,0,0,0,0,0,0,0,81,0,52,0,0,1,0,0,0,0,2,0,0,0,0,0,0,0,56,0,105,0,45,0,166,0,0,0,7,0,0,0,0,0,2,2,39,0,0,0,5,0,79,0,10,0,77,0,31,0,62,0,52,0,0,0,18,0,76,0,0,0,0,0,25,0,0,0,0,0,0,0,0,0,0,0,0,0,0,0,0,0,0,0,0,0,0,0,0,0,60,94,98,29,21,0,0,0,0,0,1,0,0,0,0
0,77,0,64,65,357,0,0,0,0,0,178,38,56,87,54,0,0,42,138,51,46,15,14,3,7,0,10,0,10,0,28,0,218,0,349,0,0,0,9,0,0,0,23,0,14,0,3,0,1,0,86,0,0,0,3,0,0,0,0,0,12,0,8,0,0,0,0,0,0,0,5,0,0,0,0,0,0,0,0,0,92,0,0,0,76,0,0,0,0,0,0,0,0,0,0,0,0,0,0,0,18,0,0,0,0,0,0,0,0,0,0,0,0,0,0,0,0,0,0,0,174,0,24,0,0,0,0,0,0,0,0,0,0,0,0,0,71,0,82,0,194,0,178,0,179,0,0,0,0,0,0,0,0,0,0,0,35,0,0,0,4,0,0,0,5,0,37,0,33,0,18,0,50,0,0,5,89,0,74,0,20,0,5,0,0,0,7,0,0,0,0,0,0,0,0,0,0,0,3,0,0,0,0,0,0,0,0,0,0,0,0,0,0,16,0,0,0,33,59,51,12,0,0,0
196,0,267,9,82,0,0,0,0,0,95,0,2,0,0,19,29,0,0,1,1,0,110,0,33,0,0,0,1,0,0,3,0,0,0,0,26,0,0,0,0,0,0,0,1,0,0,0,0,0,0,0,4,0,0,0,2,0,0,0,5,0,3,0,0,0,0,0,0,0,0,0,0,0,0,0,0,0,0,0,0,0,0,0,0,0,0,0,0,0,0,0,0,0,0,0,0,0,0,0,0,0,0,0,0,0,0,0,0,0,0,0,0,0,0,0,0,0,0,0,0,0,0,0,0,0,0,0,0,0,0,0,0,0,0,0,0,0,57,0,0,0,0,0,53,0,0,0,0,0,0,0,0,0,17,0,91,0,4,0,0,0,3,0,0,0,23,0,0,0,22,0,67,0,0,0,0,0,12,0,0,0,27,0,0,0,0,0,0,0,0,0,0,0,0,0,0,0,0,0,0,0,0,0,0,0,0,0,0,0,18,76,27,0,5,0,0,0,1,0,0,0,0,0,0
0,231,0,71,0,0,13,180,0,22,0,0,0,0,0,0,0,88,0,0,0,7,0,23,29,99,0,0,0,73,0,0,0,1,0,6,0,9,0,0,0,0,0,1,0,0,0,0,0,0,0,0,0,8,0,4,0,0,0,0,0,28,1,14,0,0,0,0,0,0,0,0,0,0,0,0,0,0,0,0,0,0,0,0,0,0,0,0,0,0,0,0,0,0,0,0,0,0,0,0,0,0,0,0,0,0,0,0,0,0,0,0,0,0,0,0,0,0,0,0,0,0,0,0,0,0,0,0,0,0,0,0,0,0,0,0,0,0,0,14,0,0,0,0,0,14,0,0,0,0,0,0,0,0,1,4,0,42,0,18,0,0,0,0,0,0,0,0,0,0,0,4,0,41,0,0,7,80,0,26,0,0,0,34,0,0,0,0,0,0,0,0,0,0,0,0,0,0,0,0,0,0,0,0,0,0,0,0,0,0,0,0,0,0,56,0,0,0,75,206,19,0,1,0,0
33,0,15,0,118,0,0,0,0,0,107,0,257,250,8,4,0,0,13,61,0,0,0,0,0,0,44,400,0,0,0,0,0,0,0,0,0,0,0,0,0,172,83,93,42,70,177,304,172,46,31,49,2,0,0,0,0,0,0,0,0,0,0,0,0,0,0,0,2,0,0,0,0,0,0,0,0,0,0,0,0,0,0,0,0,0,0,0,0,0,0,0,0,0,0,0,0,0,0,0,1,0,0,0,0,0,0,0,0,0,0,0,0,0,0,0,0,0,1,0,0,0,0,0,0,0,0,0,0,0,0,0,0,0,0,0,0,0,0,0,0,0,0,0,0,0,0,0,0,0,9,0,0,0,0,0,0,0,0,0,0,0,0,0,45,0,0,0,0,0,0,0,0,0,24,0,64,110,55,0,38,0,48,0,0,0,94,3,0,0,0,0,0,0,0,0,0,0,0,0,0,0,0,0,0,0,0,0,0,0,0,117,59,0,0,0,0,23,0,15,0,0,0,0,0
0,51,0,0,0,77,0,0,0,0,0,83,44,305,0,0,0,0,39,0,16,0,0,0,0,0,184,6,0,0,0,0,0,1,0,0,1,0,0,0,172,0,33,20,119,46,245,157,21,183,22,0,0,0,0,0,0,0,0,0,0,0,0,0,0,0,0,0,0,0,0,1,0,0,0,0,0,0,0,0,0,0,0,8,0,0,0,0,0,0,0,0,0,7,0,0,0,0,0,0,0,0,0,4,0,0,0,0,0,0,0,0,0,0,0,0,0,0,0,0,0,0,0,0,0,0,0,0,0,0,0,0,0,0,0,0,0,0,0,0,0,0,0,0,0,0,0,0,0,0,0,0,0,0,0,0,0,0,0,0,0,0,0,0,0,25,0,0,0,7,0,0,0,0,0,0,0,205,0,10,0,8,0,0,0,0,46,9,0,0,0,0,0,0,0,0,0,0,0,0,0,0,0,0,0,0,0,0,0,0,0,0,0,0,0,0,0,0,0,76,17,0,0,0,30
0,0,0,0,15,0,0,0,0,0,6,0,84,0,0,0,13,0,24,0,34,0,0,0,0,0,275,124,14,0,31,0,5,0,6,0,22,0,0,0,83,33,0,10,199,28,101,98,23,5,52,7,0,0,0,0,1,0,5,0,0,0,6,0,0,0,0,0,0,0,0,0,0,0,0,0,0,0,0,0,0,0,0,0,0,0,0,0,0,0,0,0,0,0,0,0,0,0,0,0,0,0,0,0,0,0,0,0,0,0,0,0,0,0,0,0,0,0,0,0,0,0,0,0,0,0,0,0,0,0,0,0,0,0,0,0,0,0,0,0,17,0,0,0,45,0,0,0,0,0,0,0,0,0,0,0,0,0,0,0,3,0,0,0,42,2,8,0,11,0,0,0,17,0,0,0,0,0,8,0,0,0,0,0,0,0,82,0,0,0,0,0,0,0,0,0,0,0,0,0,0,0,0,0,0,0,0,0,0,0,19,72,84,3,0,0,1,4,0,8,0,0,0,0,0
0,10,0,0,0,0,0,0,0,0,0,59,28,254,0,0,0,0,22,64,0,83,0,0,0,0,66,351,0,3,1,18,0,2,0,19,0,23,0,1,93,20,10,0,28,208,79,115,1,90,0,106,0,0,0,0,0,0,0,1,0,0,0,0,0,0,0,0,0,0,0,0,0,0,0,0,0,0,0,10,0,56,0,0,0,0,0,0,0,0,0,0,0,0,0,0,0,0,0,0,0,0,0,0,0,0,0,0,0,0,0,0,0,2,0,0,0,0,0,0,0,0,0,0,0,0,0,0,0,0,0,0,0,0,0,0,0,0,0,23,0,0,0,0,0,24,0,0,0,0,0,0,0,0,0,0,0,0,0,0,0,0,0,0,0,33,0,0,0,0,0,0,0,2,0,0,0,66,0,0,0,0,0,0,0,0,7,84,0,0,0,0,0,0,0,0,0,0,0,0,0,0,0,0,0,0,0,0,0,0,0,0,0,0,20,0,0,0,39,127,133,0,0,0,0
6,0,0,0,12,0,0,0,0,0,0,0,56,78,0,0,41,0,33,0,58,0,26,0,7,0,211,143,13,0,4,0,1,0,4,0,43,0,1,0,42,119,199,28,0,53,157,181,156,52,74,13,6,0,0,0,3,0,0,3,4,0,48,0,6,0,0,0,0,0,80,0,0,0,82,0,0,0,0,0,165,0,0,0,102,0,0,0,0,0,0,0,43,0,43,0,270,0,0,0,0,0,0,0,0,0,0,1,0,0,0,0,0,0,0,0,0,0,0,0,69,0,0,0,0,0,0,0,0,0,0,0,0,0,0,0,0,0,0,3,26,0,35,0,40,0,0,0,0,0,0,0,0,0,0,2,0,0,1,0,6,0,0,0,271,12,12,0,46,0,0,0,26,0,0,0,4,32,0,0,0,0,0,0,9,0,57,0,0,0,0,0,0,0,8,0,0,0,0,0,0,0,0,0,0,0,0,0,0,0,28,106,182,0,11,0,1,47,0,11,4,0,0,0,3
0,38,0,0,0,50,0,0,0,0,0,32,46,84,14,53,0,0,0,80,24,206,0,31,0,0,69,231,0,0,0,3,0,0,0,15,0,14,0,0,70,46,28,208,53,0,81,255,14,306,22,152,0,0,0,0,0,0,0,0,0,0,0,0,0,0,0,0,0,7,0,0,0,0,0,0,0,40,0,0,0,0,0,113,0,0,0,57,0,0,0,0,0,39,0,117,0,0,0,0,0,0,0,27,0,0,0,0,0,1,0,0,0,0,0,0,0,2,0,0,0,171,0,0,0,0,0,0,0,0,0,0,0,0,0,0,0,0,0,0,0,155,0,294,0,0,3,0,0,0,0,0,0,0,0,0,0,5,0,0,0,0,0,0,0,166,0,0,0,112,0,0,0,11,0,0,0,65,0,0,0,0,0,0,0,0,10,29,0,0,0,0,0,0,0,31,0,0,0,0,0,0,0,0,0,0,0,0,0,0,0,3,0,0,0,0,0,1,0,328,361,0,8,0,195
50,0,24,0,175,0,0,0,21,0,89,0,246,152,28,0,1,0,13,0,0,0,6,0,0,0,194,284,0,0,0,0,0,0,0,0,0,0,0,0,177,245,101,79,157,81,0,432,228,104,22,43,0,0,0,0,0,0,0,0,0,0,5,0,0,0,0,0,6,0,0,0,0,0,0,0,0,0,0,0,0,0,0,0,0,0,0,0,0,1,0,0,0,0,0,0,0,0,0,0,0,0,7,0,0,0,0,0,0,0,0,0,0,0,0,0,0,0,0,0,0,0,0,0,0,0,0,0,0,0,0,0,0,0,0,0,0,0,0,0,0,1,0,0,0,0,0,0,8,0,0,0,0,0,0,0,0,0,0,0,0,0,0,0,164,0,0,0,0,12,0,0,0,0,0,0,16,117,38,0,12,0,63,0,33,0,71,0,0,0,0,0,0,0,0,0,0,0,0,0,0,0,0,0,0,0,0,0,0,0,0,207,150,0,0,0,0,98,0,16,0,0,0,0,0
0,127,0,0,10,262,0,0,0,40,0,223,178,328,15,0,0,0,90,67,39,14,0,0,0,0,371,231,0,0,2,0,0,0,0,8,0,3,0,0,304,157,98,115,181,255,432,0,39,133,63,0,0,0,0,0,0,0,0,0,0,0,0,0,0,0,0,0,0,0,0,0,0,0,0,0,0,0,0,0,0,0,0,0,0,0,0,0,0,0,0,0,0,0,0,0,0,0,0,0,0,0,0,0,0,0,0,0,0,0,0,0,0,0,0,0,0,0,0,0,0,0,0,0,0,0,0,0,0,0,0,0,0,0,0,0,0,0,0,0,0,0,0,0,0,0,0,0,0,0,0,0,0,0,0,0,0,0,0,0,0,0,0,0,0,0,1,0,0,0,0,0,0,0,0,0,1,114,0,0,0,0,0,0,0,0,61,17,0,0,0,0,0,0,0,0,0,0,0,0,0,0,0,0,0,0,0,0,0,0,0,9,0,0,0,0,0,0,0,401,61,0,0,0,128
3,0,1,0,9,0,10,1,0,1,4,0,53,0,0,1,1,0,0,0,3,0,0,0,0,0,31,0,0,0,0,0,0,0,0,0,0,0,0,0,172,21,23,1,156,14,228,39,0,87,10,0,1,0,6,1,10,0,6,0,1,0,2,0,0,0,0,0,17,0,0,0,0,0,0,0,7,1,4,0,0,0,8,2,0,0,0,0,10,0,0,0,60,0,27,0,0,0,9,0,5,0,44,1,0,0,18,0,6,0,0,0,0,0,0,0,0,0,0,0,0,0,0,0,6,3,0,0,3,0,0,0,0,0,0,0,3,0,0,0,0,1,2,0,0,0,7,2,0,0,11,0,5,0,6,0,0,0,2,0,9,0,16,0,20,0,0,0,7,0,7,0,6,0,4,0,12,21,8,0,2,5,0,0,0,0,260,0,36,0,0,1,11,0,28,0,0,0,13,0,19,0,22,0,45,0,15,0,10,0,25,55,86,4,40,1,2,29,0,10,23,0,0,0,5
0,0,0,0,0,9,0,0,0,1,0,17,0,64,0,15,0,0,2,0,0,24,0,0,0,0,24,40,0,1,0,0,0,0,0,1,0,1,0,0,46,183,5,90,52,306,104,133,87,0,0,18,0,0,0,3,0,0,0,0,0,0,0,0,0,0,0,0,0,8,0,0,0,0,0,0,0,17,0,0,0,81,0,51,0,113,0,26,0,12,0,0,0,29,0,51,0,0,0,0,0,0,0,9,0,1,1,6,0,1,0,0,0,2,0,0,0,1,0,0,0,87,0,12,0,0,0,0,0,0,0,0,0,1,0,0,0,0,0,0,0,0,0,107,0,19,0,0,0,0,0,0,0,0,0,0,0,0,0,0,0,0,0,0,0,47,0,5,0,10,0,0,0,0,0,0,0,114,0,0,0,2,0,0,0,0,41,41,0,0,0,0,0,0,0,0,0,0,0,0,0,0,0,0,0,0,0,1,0,0,0,13,2,0,0,0,0,1,63,26,20,0,0,0,41
8,0,0,0,36,0,0,0,0,0,31,0,301,99,7,0,7,0,210,125,36,0,0,0,0,0,452,203,2,0,23,0,15,0,89,2,40,0,0,0,31,22,52,0,74,22,22,63,10,0,0,9,0,0,0,0,0,0,9,1,0,0,0,0,0,0,1,0,0,0,0,0,0,0,5,0,0,0,0,0,0,0,0,0,0,0,0,0,0,0,0,0,0,0,0,0,26,0,33,0,4,0,0,0,0,0,0,0,0,0,0,0,0,0,0,0,0,0,0,0,7,0,0,0,0,0,0,0,0,0,0,0,0,0,0,0,0,0,0,0,0,0,7,0,0,0,0,0,0,0,0,0,9,0,4,0,0,0,0,0,4,0,0,0,111,0,28,0,55,0,0,0,20,0,0,0,0,19,25,0,0,0,0,0,10,0,77,0,0,0,0,0,0,0,0,0,0,0,0,0,0,0,0,0,0,0,0,0,0,0,77,171,175,18,23,2,0,1,0,0,0,0,0,0,1
0,18,0,0,0,0,0,0,0,0,0,64,22,224,0,5,0,0,19,206,8,103,0,3,0,0,63,372,0,0,0,9,0,0,0,27,0,86,0,0,49,0,7,106,13,152,43,0,0,18,9,0,0,0,0,2,0,0,0,0,0,0,0,0,0,0,0,1,0,0,0,36,0,0,0,43,0,16,0,0,0,134,0,65,0,90,0,55,0,0,0,0,0,0,0,101,0,0,0,122,0,0,1,5,0,0,0,0,0,0,0,0,0,5,0,0,0,0,0,0,0,137,0,0,0,0,0,0,0,0,0,0,0,0,0,0,0,0,0,0,0,0,0,0,0,80,0,0,0,0,0,0,0,0,0,0,0,2,0,0,0,11,0,0,0,11,0,29,0,88,0,16,0,36,0,0,0,35,0,6,0,0,0,0,0,0,7,31,0,0,0,0,0,0,0,0,0,0,0,0,0,0,0,0,0,0,0,0,0,0,0,0,0,0,60,0,0,0,130,91,95,44,0,4,2
2,0,14,0,0,0,38,0,25,138,0,0,0,0,17,0,22,9,15,0,9,0,4,0,58,19,17,0,7,0,0,0,0,0,0,0,4,0,4,0,2,0,0,0,6,0,0,0,1,0,0,0,0,60,60,181,127,12,31,104,19,0,25,45,9,10,0,129,0,0,6,0,0,0,0,0,1,0,0,0,25,0,0,0,98,0,14,0,0,0,0,0,0,0,0,0,127,0,62,0,3,0,0,0,0,0,44,0,0,0,0,0,0,0,0,0,0,0,0,0,18,0,44,0,0,3,0,0,68,0,43,0,11,0,23,0,159,0,246,0,129,0,227,0,19,0,0,0,0,0,0,0,0,0,147,13,63,2,108,0,34,3,0,0,0,0,3,0,0,0,97,0,14,0,0,0,51,4,0,0,0,0,15,0,24,7,0,0,0,0,0,0,1,0,0,0,0,0,0,0,0,0,0,0,0,0,0,0,0,0,106,291,89,195,91,0,19,0,0,0,0,0,0,0,0
0,9,0,0,0,9,0,17,46,41,0,4,0,0,0,6,0,23,0,10,0,4,0,0,0,23,0,9,0,2,0,0,0,4,0,0,0,0,0,8,0,0,0,0,0,0,0,0,0,0,0,0,60,0,56,72,21,34,112,28,0,36,9,57,0,0,55,13,0,0,0,0,0,0,0,0,0,0,0,0,0,0,0,0,0,0,0,0,0,0,0,0,0,0,0,0,0,0,0,0,0,0,0,0,0,0,0,0,0,0,0,0,0,0,0,0,0,0,0,0,0,0,0,0,0,0,0,0,0,31,0,1,0,48,0,113,0,113,0,285,0,51,0,77,0,7,0,0,0,0,0,0,0,0,8,106,10,21,0,198,0,8,0,0,0,0,0,1,0,0,0,14,0,4,0,1,4,24,0,0,0,0,0,9,0,2,0,0,0,0,0,0,0,0,0,0,0,0,0,0,0,0,0,0,0,0,0,0,0,0,0,0,0,0,58,0,0,0,52,66,13,61,7,3,0
0,8,99,0,0,0,132,72,14,349,0,0,0,0,75,0,13,28,0,0,0,0,161,0,313,32,0,0,3,0,0,0,0,0,0,0,0,0,0,0,0,0,0,0,0,0,0,0,6,0,0,0,60,56,0,216,54,0,65,37,12,7,30,107,29,0,14,129,0,0,0,0,0,0,0,0,1,0,0,0,0,0,0,0,0,0,0,0,0,0,0,0,0,0,0,0,41,0,0,3,0,0,0,0,0,0,0,0,0,0,0,0,0,0,0,0,0,0,0,0,0,0,5,0,20,0,19,0,102,0,106,0,50,0,126,0,273,0,0,0,0,0,157,0,0,0,2,0,1,0,0,0,0,0,20,0,16,0,15,0,42,0,0,0,0,0,0,0,13,0,84,0,46,0,0,0,26,14,0,0,2,0,2,0,2,0,0,0,0,0,0,0,0,0,0,0,0,0,0,0,112,0,0,0,0,0,0,0,0,0,384,148,177,391,309,0,42,0,0,0,0,0,0,0,0
0,2,0,48,0,6,32,94,329,34,1,1,0,0,0,67,0,47,0,0,0,10,0,16,4,144,0,0,0,18,0,3,0,0,0,0,0,3,0,4,0,0,0,0,0,0,0,0,1,3,0,2,181,72,216,0,24,51,239,33,0,67,57,136,0,0,135,1,0,1,0,0,0,0,0,0,0,0,0,0,0,0,0,0,0,14,0,0,0,0,0,0,0,0,0,0,0,23,0,0,0,0,0,0,0,0,0,70,0,0,0,0,0,0,0,0,0,0,0,0,0,0,0,0,0,6,0,40,0,77,0,26,0,92,0,152,1,188,1,65,0,10,0,15,0,0,0,0,0,0,0,0,0,0,22,28,26,25,0,43,0,12,0,21,0,0,0,0,0,16,0,206,0,67,0,0,22,33,0,0,0,0,0,0,0,5,0,0,0,0,0,0,0,0,0,0,0,0,0,0,0,0,0,0,0,0,0,0,0,46,0,0,0,0,692,0,1,0,804,119,368,566,46,122,0
0,0,0,0,0,0,19,0,3,0,0,0,0,0,0,0,0,0,0,0,0,0,0,0,13,0,5,0,0,0,0,0,0,0,0,0,7,0,2,0,0,0,1,0,3,0,0,0,10,0,0,0,127,21,54,24,0,0,255,0,0,0,1,5,10,0,17,0,0,0,0,0,0,0,0,0,3,0,0,0,0,0,0,0,0,0,0,0,0,0,0,0,0,0,0,0,0,0,0,0,0,0,1,0,0,0,0,0,0,0,0,0,0,0,0,0,0,0,0,0,0,0,0,0,22,0,18,0,57,0,133,0,0,0,0,0,34,0,10,0,0,0,24,0,3,0,0,0,8,0,9,0,0,0,54,38,9,0,60,0,118,0,48,0,7,0,23,0,23,0,115,0,29,0,0,0,11,0,0,0,0,13,0,0,0,17,0,0,0,0,0,0,0,0,0,0,0,0,0,0,15,0,0,0,0,0,0,0,4,0,474,119,294,579,563,3,72,4,0,0,0,0,0,0,0
0,1,0,0,0,0,0,10,0,1,0,0,0,0,0,0,0,22,0,0,0,0,0,2,0,30,1,0,0,2,0,0,0,3,0,0,0,0,0,0,0,0,0,0,0,0,0,0,0,0,0,0,12,34,0,51,0,0,0,96,0,7,0,20,0,0,40,0,0,0,0,0,0,0,0,0,0,0,0,0,0,0,0,0,0,0,0,0,0,0,0,0,0,0,0,0,0,0,0,0,0,0,0,0,0,0,0,0,0,0,0,0,0,0,0,0,0,0,0,0,0,0,0,0,0,0,0,0,0,104,0,11,0,60,0,30,0,61,0,84,0,8,0,8,0,0,0,0,0,0,0,0,0,0,12,150,10,0,0,123,0,31,0,14,0,0,0,0,0,16,0,253,0,8,0,0,1,0,0,0,0,0,0,0,0,4,0,0,0,0,0,0,0,0,0,0,0,0,0,5,0,0,0,0,0,0,0,0,0,31,1,0,0,0,195,0,0,0,226,44,218,244,48,52,0
4,0,0,0,0,0,9,0,42,0,0,0,0,0,0,0,0,3,0,0,0,0,0,0,7,0,0,0,0,0,0,0,0,0,2,0,0,0,0,0,0,0,5,0,0,0,0,0,6,0,9,0,31,112,65,239,255,0,0,318,6,0,0,65,159,66,73,454,0,0,0,0,0,0,0,0,0,0,0,0,0,0,0,0,2,0,0,0,0,0,0,0,0,0,0,0,0,0,0,0,0,0,0,0,0,0,0,0,0,0,0,0,0,0,0,0,0,0,0,0,0,0,0,0,26,0,31,0,20,0,108,0,14,0,28,0,0,0,0,0,0,0,0,0,3,3,0,0,10,2,0,0,0,0,31,95,58,0,0,29,54,0,0,0,10,0,27,0,19,0,105,0,47,0,0,18,222,6,0,0,0,10,0,0,94,42,0,0,0,0,0,0,0,0,0,0,0,0,0,0,0,0,0,0,0,0,0,0,20,0,1132,364,287,774,817,0,66,0,1,0,2,1,0,0,0
0,0,2,4,0,0,0,33,0,37,0,0,0,0,0,0,0,0,0,0,0,2,0,2,0,0,0,0,0,0,0,0,0,0,3,0,4,0,0,0,0,0,0,1,3,0,0,0,0,0,1,0,104,28,37,33,0,96,318,0,0,21,9,6,0,99,231,56,0,0,0,0,0,0,0,0,0,0,0,0,0,0,0,0,0,0,0,0,0,0,0,0,0,0,0,0,0,0,0,0,0,0,0,0,0,1,0,2,0,0,0,0,0,0,0,0,0,0,0,0,0,0,0,0,0,18,0,0,0,24,0,69,0,12,0,0,0,6,0,7,0,0,0,0,19,0,0,0,0,12,0,0,0,0,133,82,54,94,0,45,11,17,0,13,0,2,0,4,0,32,0,227,0,29,0,51,44,0,0,0,0,32,0,0,30,32,0,0,0,0,0,0,0,0,0,0,0,0,0,0,0,0,0,0,0,0,0,0,0,0,0,1,0,0,789,0,0,0,1090,296,441,631,298,85,0
159,0,115,0,0,0,87,8,29,0,4,0,0,0,0,0,25,8,0,0,2,0,0,0,76,16,0,0,1,0,0,0,4,0,2,0,45,0,5,0,0,0,0,0,4,0,0,0,1,0,0,0,19,0,12,0,0,0,6,0,0,0,30,3,0,0,0,0,0,0,15,0,2,0,0,0,0,0,0,0,0,0,0,0,0,0,0,0,0,0,0,0,0,0,0,0,0,0,0,0,0,0,0,0,0,0,0,0,0,0,0,0,0,0,0,0,0,0,0,0,0,0,0,0,0,0,0,0,0,0,0,0,0,0,0,0,0,0,205,0,133,0,0,0,216,0,0,0,1,0,0,0,0,0,38,0,140,0,8,0,0,2,20,0,0,0,4,0,0,0,84,0,167,0,0,0,33,6,0,0,0,0,35,0,0,0,0,0,0,0,0,0,0,0,0,0,0,0,0,0,0,0,0,0,0,0,0,0,0,0,100,197,121,92,42,0,0,0,0,0,0,0,0,0,0
0,104,0,0,0,5,0,205,0,233,0,0,0,0,0,0,0,15,0,0,0,0,0,2,10,41,0,12,0,83,0,2,0,2,0,6,0,12,0,28,0,0,0,0,0,0,0,0,0,0,0,0,0,36,7,67,0,7,0,21,0,0,3,77,0,0,0,14,0,0,0,0,0,0,0,0,0,0,0,0,0,0,0,0,0,0,0,0,0,0,0,0,0,0,0,0,0,0,0,0,0,0,0,0,0,0,0,0,0,0,0,0,0,0,0,0,0,0,0,0,0,0,0,0,0,0,0,0,0,0,0,0,0,0,0,0,0,0,0,117,0,178,0,48,0,182,0,0,0,0,0,0,0,0,2,9,0,172,0,76,0,0,0,5,0,1,0,0,0,3,0,98,0,44,0,0,0,120,0,0,0,0,0,50,0,0,0,0,0,0,0,0,0,0,0,0,0,0,0,0,0,0,0,0,0,0,0,0,0,0,0,0,0,0,70,0,0,0,87,163,61,94,2,19,2
143,45,151,0,3,0,263,119,46,158,3,0,0,0,36,0,273,32,35,0,70,0,46,8,109,140,47,0,42,0,0,1,3,0,0,0,4,0,3,1,0,0,6,0,48,0,5,0,2,0,0,0,25,9,30,57,1,0,0,9,30,3,0,30,0,5,0,10,0,0,57,0,0,0,87,0,0,0,0,0,164,0,0,0,164,0,105,0,0,0,0,0,0,0,0,0,0,0,241,0,0,0,0,0,5,0,0,0,0,0,0,0,0,0,0,0,0,0,0,0,158,0,112,0,0,0,0,0,8,1,0,0,0,0,8,0,44,0,222,3,119,0,180,0,42,0,0,0,0,0,0,0,0,0,36,0,37,0,17,0,0,0,0,0,0,0,0,0,0,0,14,0,15,0,0,0,61,16,0,0,0,0,34,0,9,0,0,0,0,0,0,0,0,0,0,0,0,0,0,0,0,0,0,0,0,0,0,0,0,0,88,444,28,40,17,0,4,0,6,0,0,1,0,0,0
0,11,0,0,0,0,34,127,137,173,0,0,0,0,0,13,0,125,0,23,0,55,0,34,6,33,0,11,0,32,0,15,0,9,0,0,0,8,0,14,0,0,0,0,0,0,0,0,0,0,0,0,45,57,107,136,5,20,65,6,3,77,30,0,0,0,16,2,0,0,0,0,0,0,0,1,0,0,0,1,0,0,0,0,0,4,0,0,0,0,0,1,0,0,0,0,0,0,0,0,0,0,0,0,0,0,0,0,0,0,0,0,0,0,0,0,0,0,0,0,0,0,0,1,0,0,0,0,0,0,0,0,0,13,0,0,0,58,0,190,0,61,0,24,0,4,0,0,0,0,0,0,0,0,2,27,0,18,0,37,0,0,0,0,0,0,0,0,0,0,0,18,0,5,0,0,4,99,0,0,0,0,0,37,0,2,0,0,0,0,0,0,0,0,0,0,0,0,0,0,0,2,0,0,0,0,0,0,0,0,0,0,0,0,46,0,0,0,46,69,16,49,0,3,0
48,0,26,0,6,0,63,0,107,0,0,0,0,0,0,0,0,0,0,0,4,0,0,0,0,0,0,0,0,0,0,0,0,0,3,0,3,0,0,0,0,0,0,0,6,0,0,0,0,0,0,0,9,0,29,0,10,0,159,0,0,0,0,0,0,70,202,29,0,0,0,0,0,0,0,0,0,0,0,0,0,0,0,0,0,0,0,0,0,0,0,0,0,0,0,0,0,0,0,0,0,0,0,0,0,0,0,0,0,0,0,0,0,0,0,0,0,0,0,0,0,0,0,0,30,0,0,0,0,0,49,0,0,0,0,0,0,0,9,42,0,0,0,0,59,10,35,0,78,23,0,0,3,0,4,45,0,1,0,40,298,109,0,0,0,0,0,0,0,0,4,0,2,0,9,7,78,0,0,0,160,56,0,0,112,7,0,0,0,0,0,0,0,0,0,0,0,0,0,0,0,0,0,0,0,0,0,0,10,0,131,38,0,0,88,0,0,0,0,0,0,0,0,0,0
0,22,0,0,0,0,0,2,0,235,0,16,0,0,0,0,0,0,0,0,0,0,0,0,0,0,0,0,0,0,0,0,0,0,0,0,0,0,0,0,0,0,0,0,0,0,0,0,0,0,0,0,10,0,0,0,0,0,66,99,0,0,5,0,70,0,43,457,0,0,0,4,0,0,0,0,0,0,0,0,0,0,0,0,0,0,0,0,0,0,0,0,0,0,0,0,0,0,0,0,0,0,0,0,0,0,0,0,0,0,0,0,0,0,0,0,0,0,0,0,0,0,0,0,0,133,0,31,0,2,0,110,0,12,0,0,0,0,40,16,0,0,0,0,38,18,0,56,23,155,0,16,0,59,28,2,0,5,38,3,107,401,0,5,0,0,0,0,0,0,0,0,2,0,0,112,14,0,0,0,8,184,0,0,6,61,0,0,0,0,0,0,0,0,0,0,0,0,0,0,0,0,0,0,0,0,0,0,0,14,0,0,0,0,64,0,0,0,71,62,19,0,11,0,0
16,0,2,0,0,0,42,0,186,0,0,0,0,0,0,0,0,0,0,0,1,0,0,0,0,0,0,0,0,0,0,0,0,0,1,0,2,0,0,0,0,0,0,0,0,0,0,0,0,0,1,0,0,55,14,135,17,40,73,231,0,0,0,16,202,43,0,197,0,0,0,0,0,0,0,0,0,0,0,0,0,0,0,0,0,0,0,0,0,0,0,0,0,0,0,0,0,0,0,0,0,0,0,0,0,0,0,0,0,0,0,0,0,0,0,0,0,0,0,0,0,0,0,0,19,0,0,0,0,0,21,0,0,0,0,0,0,0,0,0,0,0,0,0,3,1,0,0,49,4,0,0,0,0,0,94,10,0,0,29,82,14,0,0,0,0,2,0,0,0,15,0,12,0,0,9,326,0,0,0,0,17,0,0,494,23,0,0,0,0,0,0,0,0,0,0,0,0,0,0,0,0,0,0,0,0,0,0,0,0,173,98,0,0,92,1,0,0,0,0,0,0,0,0,0
0,0,0,0,0,0,0,19,116,16,0,0,0,0,2,0,0,0,0,0,0,0,1,0,0,0,1,0,0,0,0,0,0,0,0,0,0,0,0,0,0,0,0,0,0,0,0,0,0,0,0,1,129,13,129,1,0,0,454,56,0,14,10,2,29,457,197,0,0,0,0,0,0,0,0,0,0,0,0,0,0,0,0,0,0,0,0,0,0,0,0,0,0,0,0,0,0,0,0,0,0,0,0,0,0,0,0,3,0,0,0,0,0,0,0,0,0,0,0,0,0,0,0,0,0,17,0,0,0,1,0,73,0,8,0,0,0,0,10,0,0,0,0,0,8,4,0,0,0,58,0,0,0,6,137,51,39,45,38,0,0,36,0,0,0,0,0,1,0,5,0,23,0,0,0,174,98,28,0,0,0,0,0,1,22,408,0,0,0,0,0,0,0,0,0,0,0,0,0,1,0,0,0,1,0,0,0,0,0,5,0,0,0,0,165,0,0,0,277,132,59,130,54,0,0
1,0,0,0,0,0,0,0,0,0,0,0,0,0,0,0,0,0,0,0,0,0,0,0,0,0,0,0,0,0,0,0,0,0,0,0,0,0,0,0,2,0,0,0,0,0,6,0,17,0,0,0,0,0,0,0,0,0,0,0,0,0,0,0,0,0,0,0,0,0,0,0,13,0,5,0,61,0,29,0,10,0,18,0,0,0,11,0,11,0,0,0,76,0,10,0,0,0,0,0,14,1,145,0,0,0,57,0,151,0,23,0,11,0,21,0,13,0,1,0,0,0,0,0,0,0,0,0,0,0,0,0,0,0,0,0,0,0,0,0,0,1,0,0,0,0,5,0,0,0,0,0,8,0,0,0,0,0,0,0,0,0,6,0,34,0,0,0,141,0,1,0,0,0,0,0,0,0,0,0,0,0,0,0,0,0,0,0,56,0,0,0,0,0,48,0,2,0,0,0,0,0,0,0,68,0,0,0,0,0,38,0,150,10,15,40,129,4,0,0,0,0,0,0,0
0,0,0,0,0,0,0,0,0,0,0,0,0,0,0,0,0,0,0,0,0,0,0,0,0,0,0,0,0,0,0,0,0,0,0,0,0,0,0,0,0,0,0,0,0,7,0,0,0,8,0,0,0,0,0,1,0,0,0,0,0,0,0,0,0,0,0,0,0,0,0,0,0,2,0,0,0,21,0,0,0,0,0,29,0,0,0,0,0,40,0,0,0,44,0,13,0,0,0,0,0,3,0,153,0,0,0,0,0,53,0,5,0,9,0,13,0,20,0,0,0,0,0,0,0,0,0,0,0,0,0,1,0,0,0,0,0,0,0,0,0,0,0,0,0,0,0,0,0,0,0,0,0,0,0,0,0,0,0,0,0,0,0,0,0,36,0,0,0,18,0,1,0,0,0,0,0,0,0,0,0,0,0,0,0,0,0,0,0,0,0,2,0,0,0,6,0,0,0,0,0,2,0,0,0,5,0,0,0,0,0,0,0,0,3,0,0,0,10,11,86,1,14,27,5
0,0,1,0,2,0,0,0,0,0,0,0,0,0,0,0,54,0,0,0,52,0,0,0,0,0,0,0,98,0,33,0,13,0,44,0,93,0,0,0,0,0,0,0,80,0,0,0,0,0,0,0,6,0,0,0,0,0,0,0,15,0,57,0,0,0,0,0,0,0,0,0,221,0,277,0,8,0,128,0,0,0,12,0,0,0,22,0,0,0,0,0,0,0,0,0,0,0,0,0,0,0,0,0,0,0,0,0,0,0,0,0,0,0,0,0,0,0,0,0,42,0,12,0,0,0,0,0,21,0,19,0,5,0,43,0,26,0,0,0,98,0,64,0,131,0,0,3,0,0,32,0,23,0,0,0,4,0,0,0,1,0,145,0,0,0,2,0,35,0,36,0,16,0,12,0,0,0,0,0,30,0,0,0,0,0,0,0,0,0,0,0,0,0,0,0,0,0,0,0,0,0,0,0,4,0,0,0,41,0,47,0,23,5,0,0,1,0,0,0,0,0,0,0,0
0,0,0,1,0,0,0,0,0,1,0,0,0,0,0,0,0,0,0,0,0,8,0,2,0,0,0,6,0,0,0,0,0,0,0,0,0,5,0,0,0,1,0,0,0,0,0,0,0,0,0,36,0,0,0,0,0,0,0,0,0,0,0,0,0,4,0,0,0,0,0,0,0,181,0,299,0,18,0,14,0,5,0,0,0,0,0,86,0,0,0,0,0,0,0,0,0,0,0,0,0,0,0,0,0,0,0,0,0,0,0,0,0,0,0,0,0,0,0,0,0,0,0,56,0,45,0,0,0,7,0,55,0,15,0,0,0,0,0,14,1,45,0,5,0,119,0,0,2,48,0,0,0,0,0,0,0,0,0,0,0,0,0,28,0,0,0,0,0,0,0,4,0,25,0,15,0,2,0,0,0,37,0,0,0,0,0,0,0,0,0,0,0,0,0,0,0,0,0,0,0,0,0,0,0,0,0,0,0,0,0,0,0,0,0,0,0,0,12,0,0,0,0,0,0
0,0,0,0,0,0,0,0,1,0,0,0,0,0,0,0,0,0,0,0,0,0,0,0,0,0,14,0,0,0,0,0,0,0,0,0,12,0,0,0,0,0,0,0,0,0,0,0,0,0,0,0,0,0,0,0,0,0,0,0,2,0,0,0,0,0,0,0,13,0,221,0,0,0,101,0,44,0,90,0,3,0,21,0,0,0,15,0,1,0,0,0,18,0,1,0,0,0,0,0,0,0,3,0,0,0,15,0,0,0,0,0,0,0,0,0,0,0,0,0,39,0,7,0,26,5,36,0,7,0,11,0,23,0,118,0,20,0,6,0,43,0,83,0,53,0,18,0,11,0,77,0,0,1,0,0,0,0,0,0,0,0,74,0,0,0,0,0,55,0,8,0,2,0,8,0,0,0,0,0,12,4,0,0,4,0,0,0,0,0,0,0,0,0,4,0,0,0,88,0,42,0,81,0,39,0,134,0,135,0,256,2,51,7,26,1,0,0,0,0,0,0,0,0,0
0,0,0,0,0,0,0,0,0,0,0,0,0,0,0,0,0,0,0,0,0,0,0,0,0,0,0,0,0,1,0,0,0,0,0,0,0,0,0,0,0,0,0,0,0,0,0,0,0,0,0,0,0,0,0,0,0,0,0,0,0,0,0,0,0,0,0,0,0,2,0,181,0,0,0,132,0,63,0,49,0,15,0,28,0,53,0,154,0,0,0,0,0,0,0,5,0,0,0,0,0,0,0,0,0,0,0,0,0,0,0,0,0,0,0,0,0,0,0,0,0,46,0,48,0,55,0,56,0,0,0,31,0,28,0,195,0,0,0,17,0,20,0,41,0,81,0,0,0,37,0,60,0,12,0,0,0,0,1,0,5,0,0,31,0,0,0,0,0,3,0,8,0,4,0,0,0,2,0,0,0,0,0,2,0,0,0,0,0,50,0,0,0,0,0,19,0,0,0,143,0,93,0,0,0,58,0,190,0,0,0,0,0,0,0,0,0,0,151,2,23,0,0,0,0
0,0,0,0,0,0,0,0,0,0,0,0,0,0,16,0,78,0,22,0,74,0,0,0,0,0,0,0,94,0,22,0,16,0,24,0,68,0,0,0,0,0,0,0,82,0,0,0,0,0,5,0,0,0,0,0,0,0,0,0,0,0,87,0,0,0,0,0,5,0,277,0,101,0,0,0,8,0,135,0,34,0,27,0,30,0,73,0,0,0,1,0,0,0,0,0,11,0,9,0,0,0,0,0,0,0,0,0,0,0,0,0,0,0,0,0,0,0,0,0,141,0,60,0,0,0,0,0,11,0,21,0,2,0,47,0,7,0,18,6,103,5,98,0,173,0,0,0,0,0,17,0,66,0,2,0,0,0,0,0,2,0,74,0,0,0,0,0,72,0,0,0,0,0,26,0,0,0,0,0,50,21,0,0,0,0,0,0,0,0,0,0,0,0,0,0,0,0,0,0,21,0,0,0,0,0,0,0,0,0,61,0,23,0,7,0,0,0,0,0,0,0,0,0,0
0,0,0,0,0,0,0,0,0,0,0,0,0,0,0,0,0,0,0,0,0,0,0,0,0,0,0,28,0,0,0,0,0,0,0,0,0,0,0,0,0,0,0,0,0,0,0,0,0,0,0,43,0,0,0,0,0,0,0,0,0,0,0,1,0,0,0,0,0,0,0,299,0,132,0,0,0,11,0,60,0,13,0,5,0,0,0,134,0,0,0,0,0,0,0,5,0,0,0,0,0,0,0,0,0,0,0,0,0,0,0,0,0,0,0,0,0,0,0,0,0,88,0,58,0,0,0,0,19,12,0,0,0,0,0,31,5,0,16,16,0,106,0,31,0,261,0,0,0,45,0,0,0,42,0,0,0,0,0,0,0,0,0,64,0,0,0,0,0,6,0,7,0,0,0,26,0,0,0,0,0,81,0,0,0,0,0,0,0,0,0,0,0,0,0,0,0,0,0,0,0,0,0,0,0,0,0,0,0,0,0,0,0,0,0,0,0,0,26,0,0,2,0,0,0
0,0,0,0,0,0,0,0,0,0,0,0,0,0,0,0,0,0,0,0,0,0,0,0,0,0,0,0,0,0,0,0,0,0,0,0,0,0,0,0,0,0,0,0,0,0,0,0,7,0,0,0,1,0,1,0,3,0,0,0,0,0,0,0,0,0,0,0,61,0,8,0,44,0,8,0,0,0,21,0,0,0,24,0,0,0,18,0,0,0,0,0,84,0,10,0,25,0,0,0,3,0,41,0,19,0,16,0,16,0,1,0,1,0,1,0,0,0,0,0,0,0,0,0,0,0,0,0,0,0,0,0,0,0,0,0,0,0,1,1,0,0,0,0,0,0,0,0,0,0,3,0,0,0,0,0,1,0,0,0,0,0,2,0,11,0,0,0,34,0,0,0,0,0,0,0,0,0,0,0,0,0,0,0,0,0,0,0,38,0,0,0,13,0,15,0,0,0,0,0,23,0,0,0,0,0,0,0,5,0,48,3,69,0,13,8,0,0,0,0,0,0,0,0,0
0,0,0,0,0,0,0,0,0,0,0,0,0,0,0,0,0,0,0,0,0,0,0,0,0,0,0,0,0,0,0,0,0,0,0,0,0,0,0,0,0,0,0,0,0,40,0,0,1,17,0,16,0,0,0,0,0,0,0,0,0,0,0,0,0,0,0,0,0,21,0,18,0,63,0,11,0,0,0,13,0,84,0,322,0,53,0,229,0,108,0,0,0,138,0,238,0,0,0,32,0,8,0,126,0,0,0,50,0,12,0,2,0,9,0,0,0,19,0,0,0,18,0,0,0,0,0,0,0,0,0,0,0,0,0,0,0,0,0,0,0,0,2,0,0,9,0,0,0,12,0,0,0,0,0,0,0,0,0,0,0,3,0,0,0,25,0,0,0,43,0,3,0,0,0,0,0,6,0,0,0,0,0,0,0,0,0,0,0,123,0,0,0,0,0,109,0,0,0,0,0,79,0,0,0,92,0,0,0,0,0,0,0,0,19,0,0,0,130,20,187,0,18,4,4
0,0,0,0,0,0,0,0,0,0,0,0,0,0,0,0,0,0,0,0,32,0,0,0,0,0,0,0,31,0,0,0,11,0,0,0,0,0,0,0,0,0,0,0,0,0,0,0,4,0,0,0,0,0,0,0,0,0,0,0,0,0,0,0,0,0,0,0,29,0,128,0,90,0,135,0,21,0,0,0,14,0,105,0,51,0,43,0,0,0,0,0,94,0,14,0,36,0,13,0,0,0,21,0,0,0,25,0,4,0,0,0,0,0,0,0,0,0,0,0,89,0,32,0,0,0,0,0,16,0,10,0,0,0,0,0,11,0,0,0,36,0,116,0,38,1,0,0,26,0,0,0,0,0,0,0,0,0,0,0,0,0,20,0,12,0,0,0,67,0,0,0,0,0,0,0,0,0,0,0,0,0,0,0,1,0,0,0,62,0,0,0,0,0,24,0,0,0,173,0,144,0,0,0,188,0,0,0,0,0,386,9,113,0,64,5,3,2,0,0,0,0,0,0,0
