0,457,22,138,28,0,8,216,30,112,27,0,79,0,18,25,70,111,0,0,0,1,9,62,0,298,29,0,69,5,0,0,0,0,0,0,48,0,344,0,44,0,0,0,5,0,31,0,0,0,0,0,23,0,6,89,0,2,8,0,117,0,121,26,13,0,13,1,0,0,0,0,0,0,0,0,0,0,0,0,0,0,0,0,0,0,0,0,0,0,0,0,0,0,0,0,0,0,0,0,0,0,0,0,0,0,0,0,0,0,0,0,0,0,0,0,0,0,0,0,0,0,0,0,15,0,4,1,0,0,17,0,1,0,11,0,0,0,0,0,0,0,0,0,0,0,0,0,44,0,25,0,0,0,0,0,0,0,0,0,4,0,0,0,24,0,15,0,101,0,28,0,459,0,0,0,347,160,12,0,0,0,56,5,30,0,2,0,0,0,0,0,0,0,0,0,0,0,0,0,0,0,0,0,0,0,0,0,18,0,309,144,249,0,76,2,7,0,0,0,0,0,0,0,0
457,0,541,24,131,81,0,16,38,36,155,161,0,79,0,14,134,26,0,43,12,0,385,0,240,16,0,89,4,134,0,0,0,127,0,0,0,578,0,729,0,24,0,0,0,14,0,39,0,21,0,0,0,10,0,27,0,4,0,0,0,156,30,63,0,28,0,0,0,0,0,0,0,0,0,0,0,0,0,0,0,0,0,0,0,0,0,0,0,0,0,0,0,0,0,0,0,0,0,0,0,0,0,1,0,0,7,0,0,0,0,0,0,0,0,0,0,0,0,0,0,0,0,0,0,0,0,0,0,1,0,3,0,0,0,72,0,35,0,0,0,0,0,0,0,0,0,0,0,23,0,120,0,155,0,0,0,0,0,0,0,6,0,0,0,12,0,0,0,47,0,46,0,382,0,0,270,454,0,4,0,39,23,14,0,111,0,0,0,0,0,0,0,0,0,0,0,0,0,15,0,31,0,0,0,3,0,23,0,38,0,0,0,0,185,0,0,0,695,384,234,120,11,16,0
22,541,0,135,62,0,20,99,23,40,29,77,84,0,113,70,51,123,25,0,81,0,192,78,180,254,73,0,106,9,0,0,153,0,0,0,81,0,541,0,21,0,0,0,0,0,29,0,13,0,0,0,19,0,54,0,0,0,0,0,122,0,109,11,0,0,5,0,1,0,0,0,0,0,0,0,0,0,0,0,0,0,0,0,0,0,0,0,0,0,0,0,0,0,0,0,0,0,0,0,0,0,0,0,0,0,0,0,0,0,0,0,0,0,0,0,0,0,0,0,0,0,0,0,40,0,36,0,0,0,95,0,0,0,171,0,38,0,0,0,0,0,0,0,0,0,19,0,59,0,37,0,0,0,0,0,0,0,0,0,26,0,14,0,23,0,67,0,107,0,34,0,485,0,0,0,93,167,0,0,29,1,8,10,12,0,0,0,0,0,0,0,0,0,0,0,10,0,37,0,0,0,0,0,0,0,0,0,76,0,740,126,311,0,202,0,10,0,0,0,0,0,0,0,0
138,24,135,0,59,162,0,23,0,16,98,23,0,25,19,161,35,64,0,65,0,41,130,90,0,62,0,18,0,208,0,0,0,163,0,0,0,318,0,506,0,0,0,0,0,0,0,0,0,0,0,0,0,18,0,128,0,20,0,0,0,0,0,17,0,0,0,0,0,0,0,0,0,0,0,0,0,0,0,0,0,0,0,0,0,0,0,0,0,0,0,0,0,0,0,0,0,0,0,0,0,0,0,0,0,0,0,0,0,0,0,0,0,0,0,0,0,0,0,0,0,0,0,0,0,0,0,4,0,0,0,22,0,0,0,248,0,121,0,0,0,17,0,0,0,0,0,0,0,0,0,10,0,0,0,0,0,0,0,0,0,0,0,3,0,0,0,0,0,12,0,0,0,138,0,0,45,23,0,0,0,0,5,0,0,0,0,0,0,0,0,0,0,0,0,1,0,2,0,0,0,0,0,0,0,0,0,21,0,77,0,0,0,0,209,0,0,0,578,91,273,0,0,0,0
28,131,62,59,0,344,11,0,18,0,69,182,317,56,72,381,17,16,99,184,196,0,50,83,0,20,203,0,0,0,275,0,397,0,239,0,308,11,122,0,86,0,0,0,0,0,116,0,6,0,22,0,0,0,3,0,0,0,0,0,0,0,0,0,10,0,1,0,0,0,0,0,0,0,0,0,0,0,0,0,0,0,0,0,0,0,4,0,0,0,0,0,0,0,0,0,0,0,0,0,0,0,0,0,12,0,0,0,0,0,0,0,0,0,0,0,0,0,0,0,0,0,0,0,21,0,7,0,0,0,13,0,0,0,34,0,0,0,0,0,2,0,0,0,0,0,0,0,51,0,0,0,36,0,0,0,0,0,0,0,0,0,0,0,19,2,258,0,64,0,3,0,108,0,0,0,436,301,156,6,93,0,62,0,55,0,1,0,0,0,0,0,0,0,0,0,0,0,13,0,5,0,0,0,0,0,11,0,20,0,568,232,392,0,94,6,0,0,5,0,0,0,0,0,0
0,81,0,162,344,0,0,6,0,13,160,115,95,60,444,163,8,0,348,110,89,267,119,77,0,8,14,175,0,127,0,133,0,320,0,122,0,203,0,0,0,35,3,0,0,0,0,45,0,9,0,16,0,0,0,37,0,0,0,0,0,13,0,0,0,26,0,4,0,0,0,0,0,0,0,0,0,0,0,0,0,0,0,0,0,0,0,0,0,0,0,0,0,0,0,0,0,0,0,0,0,0,0,0,0,0,0,0,0,0,0,0,0,0,0,0,0,0,0,0,0,0,0,0,0,0,0,8,0,0,0,0,0,0,0,234,0,97,0,0,0,0,0,0,0,0,0,0,0,29,0,153,0,123,0,0,0,0,0,0,0,0,0,0,0,48,0,169,0,56,0,0,0,83,0,0,101,412,13,34,0,111,0,0,0,47,0,16,0,0,0,4,0,0,0,0,0,0,0,0,0,0,0,0,0,0,0,0,0,112,0,0,0,0,196,0,0,0,848,433,544,102,11,0,0
8,0,20,0,11,0,0,0,31,411,16,0,11,0,0,0,9,0,0,0,0,0,27,0,182,78,0,0,10,0,0,0,0,0,0,0,0,0,0,0,0,0,0,0,8,0,0,0,35,0,0,0,214,42,275,179,39,0,27,0,395,0,396,38,20,2,85,66,0,0,0,0,0,0,0,0,0,0,0,0,0,0,0,0,0,0,0,0,0,0,0,0,0,0,0,0,0,0,0,0,0,0,0,0,0,0,0,0,0,0,0,0,0,0,0,0,0,0,0,0,0,0,0,0,53,0,46,0,0,0,243,0,12,0,52,0,30,0,0,0,0,0,62,0,0,0,0,0,44,0,6,0,0,0,30,0,24,0,19,0,112,0,0,0,17,0,0,0,109,0,407,0,247,0,0,0,39,72,0,0,0,0,0,0,9,28,0,0,0,0,0,0,0,0,0,0,0,0,0,0,0,0,0,0,0,0,5,0,45,0,944,149,371,379,382,0,135,5,0,0,0,0,0,0,0
216,16,99,23,0,6,0,0,174,63,0,4,0,4,0,26,27,13,0,0,0,0,23,12,150,45,0,0,0,46,0,3,0,0,0,0,0,109,0,361,0,0,0,0,0,0,0,0,0,0,0,0,0,19,0,256,0,32,0,7,0,223,56,261,0,0,0,15,0,0,0,0,0,0,0,0,0,2,0,0,0,0,0,0,0,0,0,0,0,0,0,0,0,0,0,0,0,0,0,0,0,0,0,0,0,0,0,0,0,0,0,0,0,0,0,0,0,0,0,0,0,0,0,0,0,27,2,0,0,6,0,51,0,0,0,0,0,33,0,0,0,0,0,0,0,0,0,0,0,7,0,10,0,2,0,0,0,0,0,0,0,0,0,0,0,8,0,0,0,40,0,106,0,181,0,0,49,34,0,0,0,0,0,0,0,0,0,0,0,0,0,0,0,1,0,0,0,0,0,0,0,0,0,0,0,0,0,20,0,56,0,0,0,0,490,0,0,0,666,118,272,477,49,130,0
30,38,23,0,18,0,31,174,0,462,19,0,20,0,26,0,5,0,0,0,0,0,0,0,5,49,0,0,0,0,0,0,0,0,0,0,0,0,0,0,17,0,3,0,0,0,14,0,16,0,5,0,139,108,12,362,8,28,52,80,177,0,197,36,121,10,93,158,0,0,0,0,0,0,0,0,0,0,0,0,0,0,0,0,0,0,0,0,0,0,2,0,0,0,0,0,0,0,0,0,0,0,0,0,0,0,0,0,0,0,0,0,0,0,0,0,0,0,0,0,0,0,0,0,33,0,17,0,0,0,113,0,0,0,27,0,0,0,1,0,4,0,0,0,0,0,6,0,104,0,19,0,4,0,0,0,14,0,0,1,34,0,4,0,14,0,5,0,59,0,171,0,0,0,2,0,271,84,14,0,0,0,42,0,166,58,0,0,0,0,0,0,0,0,0,0,11,0,8,0,0,0,0,0,0,0,0,0,34,0,333,113,286,174,128,0,49,0,0,0,0,0,0,0,0
112,36,40,16,0,13,411,63,462,0,0,50,0,15,0,0,20,5,0,4,0,0,0,0,204,0,0,30,0,5,0,0,0,0,0,0,0,16,0,72,0,7,0,0,0,8,0,15,0,0,0,0,96,67,122,120,0,21,0,60,0,408,112,305,0,247,0,304,0,0,0,0,0,0,0,0,0,3,0,0,0,0,0,0,0,0,0,0,0,0,0,0,0,2,0,0,0,0,0,0,0,0,0,2,0,0,0,0,0,0,0,0,0,0,0,0,0,0,0,0,0,0,0,0,0,53,0,51,0,2,0,59,0,0,0,30,0,10,0,0,0,0,0,0,0,0,0,78,0,102,0,144,0,56,0,5,0,0,0,0,0,24,0,0,0,5,0,0,0,40,0,207,0,119,0,2,209,130,0,1,0,0,0,12,0,62,0,0,0,0,0,0,0,0,0,0,0,0,0,0,0,9,0,0,0,1,0,88,0,89,0,0,0,0,265,0,0,0,601,196,258,287,32,108,0
27,155,29,98,69,160,16,0,19,0,0,90,227,0,14,214,17,24,0,17,84,0,4,92,0,0,56,0,0,0,139,0,300,0,29,0,187,0,124,2,101,0,0,0,4,0,82,0,3,0,0,0,1,0,0,0,0,0,0,0,0,0,0,0,0,0,0,0,0,0,0,0,0,0,0,0,0,0,0,0,0,0,0,0,0,0,0,0,0,0,0,0,0,0,0,0,0,0,0,0,0,0,1,0,0,0,0,0,0,0,0,0,0,0,0,0,0,0,0,0,0,0,0,0,0,0,0,0,0,0,8,0,0,0,0,0,0,0,0,0,0,0,0,0,0,0,0,0,26,0,0,0,22,0,0,0,0,0,0,0,0,0,0,0,11,0,220,0,52,0,5,0,100,0,0,0,279,178,81,3,67,0,42,0,26,0,15,0,0,0,0,0,0,0,0,0,0,0,2,0,0,0,0,0,0,0,0,0,0,0,241,120,132,0,32,4,0,0,0,0,0,0,0,0,0
0,161,77,23,182,115,0,4,0,50,90,0,0,421,264,35,0,0,84,46,51,110,181,48,0,0,15,235,0,128,0,148,0,281,0,96,0,227,0,115,0,95,0,13,0,15,0,150,0,43,0,12,0,0,0,0,0,6,0,0,0,12,0,0,0,45,0,5,0,0,0,0,0,0,0,0,0,0,0,0,0,0,0,0,0,0,0,0,0,0,0,0,0,0,0,0,0,0,0,0,0,0,0,0,0,0,0,0,0,0,0,0,0,0,0,0,0,0,0,0,0,0,0,0,0,4,0,2,0,0,0,0,0,0,0,68,0,35,0,0,0,0,0,0,0,0,0,13,0,0,0,192,0,192,0,0,0,0,0,0,0,0,0,0,0,16,0,82,0,19,0,7,0,76,0,78,55,410,0,21,0,130,0,36,0,106,0,10,0,0,0,3,0,0,0,0,0,0,0,0,0,34,0,0,0,3,0,0,0,38,0,0,0,0,114,0,0,0,501,295,222,38,0,0,0
79,0,84,0,317,95,11,0,20,0,227,0,0,344,69,44,0,0,133,500,79,35,25,0,0,0,205,469,0,0,9,0,0,0,235,26,19,0,0,0,130,59,64,0,17,48,173,169,18,0,207,18,0,0,0,0,0,0,0,0,2,0,0,0,0,0,0,0,0,0,0,0,0,0,0,0,0,0,0,0,0,0,0,0,2,0,0,0,0,0,0,0,0,0,0,0,0,0,0,0,0,0,0,0,0,0,0,0,0,0,0,0,0,0,0,0,0,0,3,0,0,0,0,0,0,0,0,0,0,0,15,0,0,0,26,0,0,0,0,0,0,0,0,0,0,0,4,0,0,0,0,0,0,0,0,0,0,0,0,0,0,0,0,0,56,0,4,0,0,0,0,0,0,0,0,0,400,154,142,0,60,0,28,0,32,0,171,14,0,0,0,0,0,0,0,0,0,0,0,0,0,0,0,0,0,0,0,0,0,0,63,263,227,0,0,0,0,0,0,15,0,0,0,0,0
0,79,0,25,56,60,0,4,0,15,0,421,344,0,21,19,0,0,661,117,85,42,0,0,0,0,201,283,0,0,0,34,0,0,44,136,0,24,0,0,94,344,26,121,12,21,0,280,0,61,40,102,0,0,0,0,0,0,0,0,0,8,0,0,0,14,0,0,0,0,0,0,0,0,0,0,0,0,0,0,0,0,0,0,0,0,0,0,0,0,0,0,0,0,0,0,0,0,0,0,0,0,0,0,0,0,0,0,0,0,0,0,0,0,0,0,0,0,0,0,0,0,0,0,0,0,0,10,0,0,0,0,0,0,0,0,0,0,0,0,0,0,0,0,0,0,0,0,0,0,0,177,0,110,0,0,0,0,0,0,0,0,0,0,0,0,0,0,0,0,0,3,0,0,0,0,82,732,0,43,0,104,0,30,0,57,0,53,0,0,0,0,0,0,0,0,0,0,0,0,0,0,0,0,0,0,0,37,0,43,0,0,0,0,0,0,0,0,43,292,184,0,11,0,2
18,0,113,19,72,444,0,0,26,0,14,264,69,21,0,627,57,0,267,136,237,13,342,59,75,0,327,0,0,0,305,0,181,0,89,0,112,0,0,0,30,0,0,0,9,0,71,0,0,0,4,0,12,0,43,0,0,0,0,0,0,0,40,0,26,0,0,0,0,0,0,0,0,0,0,0,0,0,0,0,0,0,0,0,0,0,0,0,0,0,0,0,0,0,0,0,19,0,0,0,0,0,0,0,48,0,0,0,0,0,0,0,0,0,0,0,0,0,0,0,0,0,1,0,55,0,27,0,0,0,32,0,13,0,322,0,140,0,0,0,0,0,92,0,0,0,50,0,177,0,109,0,38,0,17,0,0,0,0,0,0,0,0,0,0,0,109,0,19,0,7,0,13,0,0,0,144,259,20,22,52,0,17,0,74,0,0,0,0,0,0,0,0,0,0,0,33,0,96,0,72,0,0,0,0,0,60,0,100,0,303,257,170,0,37,0,0,0,0,0,0,0,0,0,0
25,14,70,161,381,163,0,26,0,0,214,35,44,19,627,0,0,150,102,199,121,509,105,295,0,56,0,76,0,150,25,120,0,204,0,67,20,127,0,0,0,3,0,14,0,7,7,0,0,0,0,14,0,16,0,272,0,38,0,0,0,0,0,94,0,3,0,0,0,0,0,0,0,0,0,0,0,0,0,0,0,298,0,0,0,197,0,218,0,0,0,78,0,0,0,0,0,237,0,280,0,98,0,0,0,0,0,455,0,0,0,0,0,0,0,0,0,0,0,0,0,57,0,11,0,0,0,4,0,0,0,0,0,0,0,573,0,230,0,0,0,0,0,218,0,0,0,0,0,0,0,35,0,0,0,14,0,0,0,0,0,0,0,0,0,28,0,145,0,22,1,11,0,61,0,6,52,56,0,68,0,0,0,0,0,0,0,2,0,0,0,0,0,0,0,0,0,0,0,0,0,228,0,0,0,0,0,0,0,0,0,0,0,0,109,0,0,0,333,243,306,0,0,0,0
70,134,51,35,17,8,9,27,5,20,17,0,0,0,57,0,0,39,112,0,229,0,284,8,149,52,235,0,167,0,63,0,73,0,9,0,0,0,127,0,0,0,0,0,41,0,0,0,0,0,0,0,70,0,30,16,42,0,0,0,0,0,314,0,0,0,0,0,0,0,0,0,0,0,0,0,0,0,0,0,110,0,0,0,183,0,0,0,0,0,191,0,0,0,0,0,202,0,258,0,234,0,0,0,16,0,452,0,0,0,0,0,0,0,0,0,0,0,0,0,29,0,15,0,0,0,0,0,0,0,0,0,18,0,58,0,165,0,0,0,46,0,283,0,0,0,0,0,0,0,0,0,0,0,121,0,0,0,139,0,22,0,0,0,0,0,0,0,0,0,0,0,44,0,0,0,0,5,2,0,0,0,39,0,0,0,0,0,0,0,0,0,0,0,0,0,0,0,0,0,37,0,0,0,0,0,0,0,6,0,63,222,24,0,20,0,7,0,0,0,0,0,0,0,0
111,26,123,64,16,0,0,13,0,5,24,0,0,0,0,150,39,0,0,82,0,104,84,260,43,195,0,0,0,250,0,57,0,58,0,38,0,14,0,106,0,0,0,0,0,0,0,5,0,0,0,10,0,55,0,56,0,123,0,0,0,0,2,141,0,0,0,0,0,0,0,0,0,0,0,0,0,0,0,0,0,112,0,113,0,261,0,0,0,47,0,170,0,0,0,0,0,157,0,312,0,152,0,0,0,0,0,370,0,0,0,0,0,0,0,0,0,0,0,0,0,12,0,0,0,0,0,0,0,0,0,17,0,0,0,294,0,201,0,109,0,182,0,564,0,0,0,1,0,0,0,0,0,0,0,41,0,0,0,102,0,12,0,0,0,0,0,0,0,0,0,0,0,7,0,0,10,11,0,8,1,0,0,11,0,0,0,0,0,0,0,0,0,0,0,0,0,0,0,0,0,0,0,0,0,0,0,0,0,0,0,0,0,0,0,0,0,0,0,133,14,0,0,0,0
0,0,25,0,99,348,0,0,0,0,0,84,133,661,267,102,112,0,0,834,387,53,210,0,0,0,317,477,14,0,22,6,0,0,320,48,57,0,0,0,19,75,19,72,26,43,26,126,3,6,95,0,14,0,0,0,0,0,0,0,10,0,51,0,0,0,0,0,0,0,13,0,0,0,0,0,2,0,0,0,0,0,0,0,0,0,0,0,0,0,50,0,0,0,0,0,0,0,0,0,0,0,0,0,0,0,0,0,0,0,0,0,0,0,0,0,0,0,0,0,0,0,0,0,0,0,0,0,0,0,0,0,0,0,0,0,69,0,0,0,0,0,0,0,0,0,0,0,69,0,36,0,0,0,0,0,0,0,0,0,0,0,7,0,95,0,27,0,33,0,0,0,0,0,0,0,113,151,13,0,0,0,19,0,36,0,22,19,0,0,0,0,0,0,0,0,15,0,0,0,0,0,0,0,0,0,0,0,0,0,169,344,252,25,45,0,0,0,0,0,0,0,0,0,0
0,43,0,65,184,110,0,0,0,4,17,46,500,117,136,199,0,82,834,0,93,292,0,106,0,0,74,483,0,11,0,82,0,9,0,193,0,103,0,0,0,27,0,83,0,79,10,92,0,30,36,211,0,0,0,34,0,0,0,0,0,0,0,53,0,0,0,0,0,0,0,0,0,0,0,0,0,0,0,0,0,268,0,0,0,124,0,185,0,0,0,0,0,0,0,96,0,0,0,218,0,0,0,0,0,0,0,260,0,0,0,0,0,0,0,0,0,0,0,0,0,46,0,8,0,0,0,0,0,0,0,0,0,0,0,0,1,121,0,0,0,43,0,0,0,0,0,13,0,21,0,151,0,0,0,0,0,0,0,0,0,0,0,0,0,183,0,49,0,84,0,0,0,0,0,0,66,127,7,7,0,0,0,0,0,0,11,45,0,0,0,0,0,0,0,0,0,0,0,0,0,0,0,0,0,0,0,52,0,111,0,1,0,0,59,0,0,0,278,421,367,33,13,5,0
0,12,81,0,196,89,0,0,0,0,84,51,79,85,237,121,229,0,387,93,0,10,272,24,18,0,338,102,97,2,60,0,24,0,41,0,26,0,10,0,0,0,0,0,61,0,14,0,3,1,23,0,16,0,0,0,6,0,0,0,5,0,82,0,0,0,0,0,0,0,31,0,0,0,59,0,0,0,0,0,200,0,0,0,0,0,84,0,0,0,89,0,0,0,0,0,69,0,327,0,171,0,0,0,0,0,225,0,0,0,0,0,0,0,0,0,0,0,0,0,50,0,0,0,0,0,0,0,0,0,0,0,0,0,0,0,0,0,40,0,0,0,137,0,0,0,0,0,0,0,0,0,0,0,15,0,7,0,0,0,0,0,14,0,55,0,81,0,20,0,0,0,0,0,0,0,30,0,47,0,0,0,9,0,0,0,6,0,0,0,0,0,0,0,0,0,0,0,0,0,0,0,0,0,0,0,0,0,0,0,414,626,175,60,99,0,0,0,0,0,0,0,0,0,0
1,0,0,41,0,267,0,0,0,0,0,110,35,42,13,509,0,104,53,292,10,0,9,271,0,0,4,112,0,44,0,119,0,22,3,200,0,44,0,13,0,0,0,125,0,38,0,12,0,15,0,172,0,10,0,0,0,26,0,0,0,6,0,85,0,0,0,0,0,0,0,0,0,0,0,30,0,0,0,0,0,319,0,0,0,249,0,195,0,0,0,0,0,0,0,0,0,27,0,253,0,0,0,0,0,0,0,0,0,0,0,0,0,0,0,0,0,0,0,0,0,61,0,0,0,0,0,0,0,0,0,0,0,0,0,0,0,0,0,126,0,171,0,392,0,56,0,0,0,0,0,0,0,0,0,0,0,21,0,27,0,0,0,0,0,10,0,12,0,19,0,0,0,10,0,0,0,22,0,75,0,0,0,0,0,0,0,0,0,0,0,0,0,0,0,0,0,0,0,0,0,0,0,0,0,0,0,0,0,0,0,0,0,0,32,0,0,0,104,265,97,0,0,0,0
9,385,192,130,50,119,27,23,0,0,4,181,25,0,342,105,284,84,210,0,272,9,0,191,188,104,278,0,188,28,88,0,273,0,0,3,56,12,484,0,0,0,0,0,0,0,66,0,0,0,0,0,25,0,98,0,0,0,0,0,0,0,96,0,6,0,0,0,0,0,0,0,0,0,0,0,0,0,0,0,0,0,0,0,0,0,0,0,0,0,101,0,0,0,0,0,82,0,0,0,0,0,0,0,0,0,0,0,0,0,0,0,0,0,0,0,0,0,0,0,0,0,0,0,38,0,46,0,0,0,37,0,38,0,404,0,325,0,0,0,0,0,257,0,0,0,0,0,40,0,31,0,0,0,97,0,0,0,0,0,24,0,0,0,0,0,58,0,52,0,20,0,216,0,0,0,13,74,0,0,0,0,0,4,0,0,0,0,0,0,0,0,0,0,0,0,18,0,0,0,123,0,0,0,22,0,0,0,76,0,408,56,295,0,138,0,0,0,0,0,0,0,0,0,0
62,0,78,90,83,77,0,12,0,0,92,48,0,0,59,295,8,260,0,106,24,271,191,0,0,93,0,0,0,254,0,80,9,150,0,45,0,53,0,209,2,0,0,0,0,0,0,3,0,0,0,0,0,21,0,69,0,0,0,0,0,0,0,73,0,0,0,0,0,0,0,0,0,0,0,12,0,0,0,0,0,177,0,0,0,125,0,119,0,0,0,82,0,0,0,78,0,82,0,228,0,93,0,0,0,0,0,216,0,0,0,0,0,0,0,0,0,0,0,0,0,26,0,0,0,0,0,0,0,0,0,4,0,0,0,150,0,80,0,0,0,34,0,153,0,0,0,0,0,0,0,0,0,0,0,6,0,0,0,14,0,0,0,0,0,0,0,11,0,11,0,0,0,37,0,0,8,14,2,65,0,0,0,0,0,0,0,0,0,0,0,0,0,0,0,0,0,0,0,0,0,0,0,0,0,0,0,0,0,0,0,0,0,0,30,0,0,0,79,277,123,27,0,0,0
0,240,180,0,0,0,182,150,5,204,0,0,0,0,75,0,149,43,0,0,18,0,188,0,0,148,0,0,177,0,14,0,0,0,0,0,0,0,237,0,0,0,0,0,0,0,0,0,0,0,0,0,84,0,288,102,50,0,47,0,156,0,521,26,0,0,0,0,0,0,0,0,0,0,0,0,3,0,0,0,0,0,0,0,0,0,0,0,0,0,0,0,0,0,0,0,0,0,0,0,0,0,0,0,0,0,0,0,0,0,0,0,0,0,0,0,0,0,0,0,0,0,0,0,17,0,26,0,0,0,44,0,20,0,275,0,198,0,0,0,0,0,196,0,0,0,0,0,13,0,0,0,0,0,65,0,0,0,51,0,30,0,0,0,16,0,0,0,58,0,77,0,288,0,0,0,9,23,1,0,0,0,0,0,1,6,0,0,0,0,0,0,0,0,0,0,0,0,0,0,50,0,0,0,0,0,11,0,41,0,486,93,185,253,253,0,18,0,0,0,0,0,0,0,0
298,16,254,62,20,8,78,45,49,0,0,0,0,0,0,56,52,195,0,0,0,0,104,93,148,0,0,0,0,320,0,0,1,0,0,0,2,90,0,534,0,0,0,0,0,0,0,0,0,0,0,0,0,18,0,270,0,55,0,15,0,43,14,77,0,0,0,0,0,0,0,0,0,0,0,0,0,0,0,0,0,0,0,0,0,0,0,0,0,0,0,32,0,0,0,0,0,87,0,0,0,0,0,0,1,0,0,213,0,0,0,0,0,0,0,0,0,0,0,0,0,0,0,0,0,0,1,0,0,22,0,6,0,0,0,298,0,120,1,20,0,29,0,88,0,3,2,0,0,0,0,0,0,0,0,39,0,0,0,22,0,0,0,0,0,0,0,0,0,13,0,4,0,69,0,0,32,8,0,0,0,0,0,9,0,0,0,0,0,0,0,0,0,0,0,0,0,0,0,0,0,129,0,0,0,0,0,0,0,0,0,0,0,0,201,0,0,0,346,131,184,158,0,15,0
29,0,73,0,203,14,0,0,0,0,56,15,205,201,327,0,235,0,317,74,338,4,278,0,0,0,0,392,51,0,14,0,8,0,43,2,87,0,7,0,46,231,117,59,288,101,209,434,26,47,206,0,51,0,0,0,0,0,0,0,0,0,135,0,0,1,0,0,0,0,81,0,0,0,155,0,0,0,0,0,511,0,0,0,227,0,199,0,0,0,0,0,0,0,0,0,0,0,0,0,457,0,0,0,0,0,0,0,0,0,0,0,0,0,0,0,0,0,0,0,0,0,0,0,0,0,0,0,0,0,0,0,0,0,0,0,68,0,0,0,0,0,0,0,58,0,0,0,0,0,59,0,0,0,0,0,0,0,0,0,0,0,0,0,92,0,14,0,0,0,0,0,23,0,0,0,17,55,25,0,0,0,45,0,55,0,37,3,0,0,0,0,0,0,0,0,0,0,0,0,0,0,0,0,0,0,0,0,0,0,98,544,296,0,18,0,0,0,0,40,0,0,0,0,0
0,89,0,18,0,175,0,0,0,30,0,235,469,283,0,76,0,0,477,483,102,112,0,0,0,0,392,0,0,0,0,62,0,16,0,166,0,85,0,0,238,38,49,429,0,288,99,145,0,76,53,267,0,0,0,0,0,0,0,0,0,0,0,0,0,49,0,0,0,0,0,0,0,0,0,0,0,0,0,0,0,0,0,0,0,0,0,0,0,0,0,0,0,0,0,0,0,0,0,0,0,0,0,0,0,0,0,0,0,0,0,0,0,0,0,0,0,0,0,9,0,0,0,0,0,0,0,0,0,0,0,0,0,0,0,0,0,59,0,0,0,0,0,0,0,0,0,0,0,30,0,0,0,0,0,0,0,0,0,0,0,0,0,0,0,70,0,5,0,20,0,0,0,5,0,0,47,164,0,16,0,56,0,0,0,129,47,15,0,0,0,0,0,0,0,0,0,0,0,0,0,0,0,0,0,0,0,0,0,0,0,3,0,0,21,0,0,0,82,462,309,0,10,0,5
69,4,106,0,0,0,10,0,0,0,0,0,0,0,0,0,167,0,14,0,97,0,188,0,177,0,51,0,0,0,19,0,11,0,32,0,10,0,13,0,0,0,29,0,14,0,0,0,0,0,22,0,29,0,7,0,0,0,0,0,3,0,37,0,0,0,0,0,0,0,17,0,0,0,40,0,0,0,0,0,174,0,0,0,133,0,78,0,0,0,64,0,0,0,0,0,0,0,268,0,144,0,0,0,0,0,177,0,0,0,0,0,0,0,0,0,0,0,0,0,42,0,31,0,0,0,0,0,0,0,0,0,0,0,0,0,0,0,33,0,36,0,97,0,6,0,0,0,0,0,0,0,0,0,9,0,1,0,30,0,4,0,2,0,0,0,1,0,0,0,0,0,0,0,0,0,0,0,0,0,0,0,14,0,0,0,0,0,0,0,0,0,0,0,0,0,0,0,0,0,0,0,0,0,0,0,0,0,0,0,9,40,0,0,0,0,0,0,0,0,0,0,0,0,0
5,134,9,208,0,127,0,46,0,5,0,128,0,0,0,150,0,250,0,11,2,44,28,254,0,320,0,0,0,0,0,41,0,35,0,71,0,36,0,18,0,0,0,0,0,0,0,0,0,0,0,12,0,14,0,30,0,20,0,0,0,0,0,125,0,0,0,0,0,0,0,0,0,0,0,0,0,0,0,0,0,74,0,0,0,127,0,47,0,0,0,0,0,0,0,0,0,0,0,94,0,29,0,0,0,0,0,0,0,0,0,0,0,0,0,0,0,0,0,0,0,0,0,0,0,0,0,0,0,36,0,0,0,0,0,0,0,53,0,242,0,296,0,481,0,36,0,0,0,0,0,0,0,0,0,39,0,0,0,104,0,0,0,0,0,0,0,8,0,0,0,0,0,0,0,0,3,29,0,135,0,0,0,0,0,0,0,0,0,0,0,0,0,0,0,0,0,0,0,0,0,0,0,0,0,0,0,0,0,0,0,0,0,0,3,0,0,0,10,122,10,0,0,0,0
0,0,0,0,275,0,0,0,0,0,139,0,9,0,305,25,63,0,22,0,60,0,88,0,14,0,14,0,19,0,0,0,2,0,11,0,7,0,3,0,0,0,28,0,1,0,0,0,4,0,47,0,0,0,0,0,0,0,0,0,0,0,5,0,0,0,0,0,0,0,9,0,0,0,34,0,0,0,0,0,83,0,0,0,49,0,39,0,0,0,0,0,0,0,0,0,0,0,158,0,99,0,0,0,0,0,0,0,0,0,0,0,0,0,0,0,0,0,0,0,0,0,0,0,0,0,0,0,0,0,0,0,0,0,0,0,0,0,6,0,0,0,0,0,0,0,0,0,0,0,0,0,0,0,0,0,0,0,0,0,0,0,0,0,0,0,77,0,0,0,3,0,0,0,0,0,0,0,58,1,0,0,0,0,0,0,0,0,0,0,0,0,0,0,0,0,0,0,0,0,0,0,0,0,0,0,0,0,0,0,164,162,107,0,0,1,0,0,0,0,0,0,0,0,0
0,0,0,0,0,133,0,3,0,0,0,148,0,34,0,120,0,57,6,82,0,119,0,80,0,0,0,62,0,41,0,0,0,27,0,68,0,9,0,12,0,0,0,62,0,0,0,0,0,0,0,87,0,0,0,0,0,0,0,0,0,4,0,18,0,0,0,0,0,0,0,0,0,0,0,18,0,0,0,0,0,0,0,0,0,72,0,0,0,0,0,0,0,0,0,0,0,0,0,0,0,0,0,0,0,0,0,0,0,0,0,0,0,0,0,0,0,0,0,0,0,0,0,6,0,0,0,0,0,0,0,0,0,0,0,0,0,0,0,88,0,145,0,189,0,50,0,0,0,0,0,0,0,0,0,0,0,0,0,0,0,0,0,0,0,6,0,23,0,0,0,0,0,6,0,0,0,13,0,89,0,0,0,0,0,0,0,20,0,0,0,0,0,0,0,0,0,1,0,0,0,0,0,0,0,0,0,0,0,0,0,0,0,0,0,0,0,0,48,51,52,11,0,0,0
0,0,153,0,397,0,0,0,0,0,300,0,0,0,181,0,73,0,0,0,24,0,273,9,0,1,8,0,11,0,2,0,0,0,19,0,93,0,0,0,0,0,2,0,2,0,0,0,0,0,1,0,9,0,0,0,0,0,0,0,8,0,16,0,0,0,0,0,0,0,14,0,0,0,35,0,0,0,0,0,128,0,0,0,45,0,46,0,0,0,0,0,0,0,0,0,0,0,162,0,117,0,0,0,0,0,0,0,0,0,0,0,0,0,0,0,0,0,0,0,24,0,0,0,0,0,0,0,0,0,0,0,0,0,0,0,0,0,59,0,31,0,33,0,36,0,0,0,0,0,0,0,0,0,5,0,16,0,0,0,0,0,0,0,0,0,44,0,0,0,0,0,0,0,0,0,0,0,63,0,0,0,13,0,0,0,0,0,0,0,0,0,0,0,0,0,0,0,0,0,0,0,0,0,0,0,0,0,0,0,93,154,88,0,18,0,0,0,0,0,0,0,0,0,0
0,127,0,163,0,320,0,0,0,0,0,281,0,0,0,204,0,58,0,9,0,22,0,150,0,0,0,16,0,35,0,27,0,0,0,60,0,94,0,2,0,0,0,36,0,0,0,0,0,0,0,27,0,3,0,0,0,0,0,0,0,4,0,16,0,0,0,0,0,0,0,0,0,0,0,13,0,0,0,0,0,0,0,0,0,62,0,0,0,0,0,0,0,0,0,0,0,0,0,0,0,0,0,0,0,0,0,0,0,0,0,0,0,0,0,0,0,0,0,0,0,0,0,0,0,0,0,0,0,15,0,0,0,0,0,0,0,0,0,94,0,106,0,157,0,43,0,0,0,0,0,0,0,0,0,2,0,6,0,0,0,0,0,0,0,3,0,80,0,3,0,0,0,24,0,0,0,52,0,319,0,0,0,0,0,0,0,5,0,0,0,0,0,0,0,0,0,0,0,0,0,0,0,0,0,0,0,0,0,0,0,0,0,0,0,0,0,0,29,172,93,0,0,0,0
0,0,0,0,239,0,0,0,0,0,29,0,235,44,89,0,9,0,320,0,41,3,0,0,0,0,43,0,32,0,11,0,19,0,0,0,118,0,6,0,8,0,12,0,0,0,0,0,6,0,71,0,0,0,0,0,0,0,0,0,0,0,9,0,0,0,0,0,0,0,5,0,0,0,0,0,0,0,0,0,0,0,0,0,16,0,0,0,0,0,9,0,0,0,0,0,0,0,0,0,38,0,0,0,1,0,0,0,0,0,0,0,0,0,0,0,0,0,0,0,0,0,0,0,0,0,0,0,0,0,0,0,0,0,0,0,0,0,0,0,0,0,0,0,0,0,0,0,0,0,0,0,0,0,0,0,0,0,0,0,0,0,0,0,64,0,73,0,0,0,0,0,0,0,0,0,0,0,114,0,0,0,0,0,0,0,12,0,0,0,0,0,0,0,0,0,0,0,0,0,0,0,0,0,0,0,0,0,0,0,107,203,217,0,32,0,0,0,0,0,0,0,0,0,0
0,0,0,0,0,122,0,0,0,0,0,96,26,136,0,67,0,38,48,193,0,200,3,45,0,0,2,166,0,71,0,68,0,60,0,0,0,217,0,13,0,1,0,43,0,11,0,14,0,0,0,92,0,0,0,0,0,0,0,0,0,2,0,21,0,0,0,2,0,0,0,0,0,0,0,0,0,0,0,0,0,251,0,0,0,131,0,0,0,0,0,0,0,0,0,0,0,0,0,0,0,0,0,0,0,0,0,0,0,0,0,0,0,0,0,0,0,0,0,2,0,0,0,0,0,0,0,0,0,0,0,0,0,0,0,0,0,16,0,79,0,176,0,257,0,62,0,0,0,0,0,0,0,0,0,5,0,16,0,34,0,0,0,0,0,96,0,89,0,33,0,7,0,22,0,0,0,43,0,89,0,0,0,0,0,0,0,114,0,0,0,1,0,0,0,0,0,0,0,0,0,0,0,0,0,0,0,0,0,0,0,0,0,0,0,0,0,0,108,194,196,0,0,0,0
48,0,81,0,308,0,0,0,0,0,187,0,19,0,112,20,0,0,57,0,26,0,56,0,0,2,87,0,10,0,7,0,93,0,118,0,0,0,29,0,0,0,48,0,28,0,0,0,0,0,48,0,12,0,0,0,1,0,0,0,25,0,8,0,0,0,0,0,0,0,67,0,0,0,85,0,0,0,0,0,167,0,0,0,0,0,86,0,35,0,0,0,0,0,0,0,0,0,163,0,108,0,8,0,0,0,0,0,0,0,0,0,0,0,0,0,0,0,0,0,45,0,0,0,0,0,0,0,0,0,0,0,0,0,0,0,0,0,78,0,61,0,49,0,87,0,0,0,0,0,0,0,0,0,3,0,48,0,0,0,2,0,22,0,26,0,39,0,26,0,0,0,30,0,0,0,0,5,72,0,0,0,32,0,0,0,5,0,0,0,0,0,0,0,0,0,0,0,0,0,0,0,0,0,0,0,0,0,0,0,58,73,130,17,8,0,0,0,0,0,0,0,0,0,0
0,578,0,318,11,203,0,109,0,16,0,227,0,24,0,127,0,14,0,103,0,44,12,53,0,90,0,85,0,36,0,9,0,94,0,217,0,0,0,97,0,0,0,100,1,20,0,22,0,2,0,120,0,0,0,6,0,0,0,0,0,21,0,21,0,0,0,0,0,0,0,12,0,0,0,0,0,0,0,0,0,159,0,0,0,63,0,0,0,8,0,0,0,0,0,0,0,0,0,0,0,0,0,0,0,0,0,0,0,0,0,0,0,0,0,0,0,0,0,0,0,0,0,0,0,0,0,0,0,0,0,4,0,0,0,0,0,0,0,204,0,283,0,162,0,153,0,0,0,0,0,0,0,15,0,0,0,32,0,71,0,0,0,0,0,56,0,55,0,46,0,0,0,41,0,0,0,57,0,139,0,0,0,59,0,0,0,22,0,0,0,0,0,0,0,0,0,0,0,0,0,0,0,1,0,0,0,0,0,0,0,0,0,0,0,0,0,0,0,194,101,0,0,0,0
344,0,541,0,122,0,0,0,0,0,124,0,0,0,0,0,127,0,0,0,10,0,484,0,237,0,7,0,13,0,3,0,0,0,6,0,29,0,0,0,0,0,3,0,0,0,0,0,8,0,9,0,16,0,0,0,0,0,0,0,20,0,29,0,0,0,0,0,0,0,18,0,0,0,33,0,0,0,0,0,0,0,0,0,0,0,37,0,0,0,0,0,0,0,0,0,0,1,92,0,24,0,0,0,0,0,0,0,0,0,0,0,0,0,0,0,0,0,0,0,29,0,23,0,0,0,0,0,0,0,0,0,0,0,0,0,0,0,49,0,47,0,77,0,25,0,0,0,0,0,0,0,0,0,0,0,27,0,31,0,0,0,0,0,0,0,35,0,0,0,0,0,60,0,0,0,38,0,6,0,0,0,67,0,0,0,0,0,0,0,0,0,0,0,0,0,0,0,0,0,0,0,1,0,0,0,0,0,0,0,92,103,65,0,63,2,0,0,0,0,0,0,0,0,0
0,729,0,506,0,0,0,361,0,72,2,115,0,0,0,0,0,106,0,0,0,13,0,209,0,534,0,0,0,18,0,12,0,2,0,13,0,97,0,0,0,0,0,0,0,0,0,0,0,0,0,0,0,1,0,15,0,0,0,0,0,15,0,24,0,0,0,0,0,0,0,0,0,0,0,0,0,0,0,0,0,12,0,0,0,0,0,0,0,0,0,0,0,0,0,0,0,0,0,0,0,0,0,0,0,0,0,0,0,0,0,0,0,0,0,0,0,0,0,0,0,0,0,0,0,0,0,0,0,0,0,0,0,0,0,0,0,0,0,77,0,38,0,41,0,58,0,0,0,0,0,0,0,0,0,6,0,10,0,29,0,0,0,0,0,0,0,29,0,0,0,0,0,6,0,0,6,69,1,78,0,0,0,48,0,0,0,0,0,0,0,0,0,0,0,0,0,0,0,0,0,0,0,0,0,0,0,0,0,0,0,0,0,0,1,0,0,0,0,105,17,0,0,0,0
44,0,21,0,86,0,0,0,17,0,101,0,130,94,30,0,0,0,19,0,0,0,0,2,0,0,46,238,0,0,0,0,0,0,8,0,0,0,0,0,0,162,44,44,37,98,105,378,38,61,53,0,3,0,0,0,0,0,0,0,1,0,0,0,0,0,0,0,0,0,0,0,0,0,0,0,0,0,0,0,0,0,0,0,0,0,0,0,0,0,0,0,0,0,0,0,0,0,0,0,0,0,2,0,0,0,0,0,0,0,0,0,0,0,0,0,0,0,1,0,0,0,0,0,0,0,0,0,0,0,0,0,0,0,0,0,0,0,0,0,0,0,0,0,0,0,0,0,0,0,0,0,0,0,0,0,0,0,0,0,0,0,0,0,14,0,2,0,0,0,0,0,0,0,11,0,71,64,61,0,18,0,30,0,0,0,153,0,0,0,0,0,0,0,0,0,0,0,0,0,0,0,0,0,0,0,0,0,0,0,0,184,62,4,0,0,0,9,0,56,0,0,0,0,0
0,24,0,0,0,35,0,0,0,7,0,95,59,344,0,3,0,0,75,27,0,0,0,0,0,0,231,38,0,0,0,0,0,0,0,1,0,0,0,0,162,0,19,69,37,27,172,112,4,92,17,18,0,0,0,0,0,0,0,0,0,0,0,0,0,0,0,0,0,0,0,0,0,0,0,0,0,0,0,0,0,0,0,0,0,0,0,0,0,0,0,0,0,0,0,0,0,0,0,0,0,0,0,0,0,0,0,0,0,0,0,0,0,0,0,0,0,0,0,0,0,0,0,0,0,1,0,0,0,0,0,0,0,0,0,0,0,0,0,0,0,0,0,0,0,0,0,0,0,0,0,0,0,0,0,0,0,0,0,0,0,0,0,0,0,0,0,0,0,0,0,0,0,0,0,0,7,201,0,24,0,0,0,0,0,0,31,3,0,0,0,0,0,0,0,0,0,0,0,0,0,0,0,0,0,0,0,0,0,0,0,6,0,0,0,0,0,0,0,135,16,0,0,0,7
0,0,0,0,0,3,0,0,3,0,0,0,64,26,0,0,0,0,19,0,0,0,0,0,0,0,117,49,29,0,28,0,2,0,12,0,48,0,3,0,44,19,0,9,146,16,49,54,19,8,60,0,0,0,5,0,0,0,8,0,6,0,0,0,0,0,0,0,0,0,14,0,11,0,0,0,0,0,0,0,0,0,0,0,0,0,0,0,0,0,0,0,0,0,0,0,8,0,66,0,33,0,5,0,0,0,0,0,0,0,0,0,0,0,0,0,0,0,0,0,0,0,0,0,0,0,0,0,1,0,0,0,0,0,0,0,0,0,0,0,0,0,0,0,0,0,0,0,0,0,0,0,0,0,0,0,0,0,0,0,2,0,5,0,37,0,26,0,0,0,0,0,11,0,0,0,11,5,9,0,0,0,0,0,0,0,137,0,0,0,0,0,0,0,0,0,0,0,0,0,0,0,0,0,0,0,0,0,0,0,31,108,82,15,11,0,0,6,0,4,0,0,0,0,0
0,0,0,0,0,0,0,0,0,0,0,13,0,121,0,14,0,0,72,83,0,125,0,0,0,0,59,429,0,0,0,62,0,36,0,43,0,100,0,0,44,69,9,0,0,199,21,106,0,48,0,118,0,0,0,0,0,0,0,34,0,0,0,0,0,0,0,0,0,0,0,32,0,0,0,33,0,0,0,0,0,241,0,0,0,0,0,136,0,0,0,10,0,0,0,65,0,0,0,0,0,0,0,0,0,0,0,0,0,0,0,0,0,0,0,0,0,0,0,0,0,90,0,6,0,0,0,0,0,0,0,0,0,0,0,0,0,0,0,0,0,0,0,0,0,75,0,0,0,0,0,0,0,0,0,9,0,0,0,0,0,0,0,0,0,56,0,20,0,12,0,0,0,4,0,0,0,31,0,0,0,0,0,0,0,0,13,67,0,0,0,0,0,0,0,0,0,0,0,0,0,0,0,0,0,0,0,0,0,0,0,0,0,0,19,0,0,0,112,204,136,12,4,0,0
5,0,0,0,0,0,8,0,0,0,4,0,17,12,9,0,41,0,26,0,61,0,0,0,0,0,288,0,14,0,1,0,2,0,0,0,28,1,0,0,37,37,146,0,0,43,160,95,82,69,106,0,9,0,0,0,0,0,0,0,2,0,35,0,0,0,3,0,6,0,40,0,0,0,52,0,0,0,0,0,0,0,0,0,0,0,0,0,0,0,0,0,0,0,128,0,0,0,0,0,0,0,0,0,0,0,0,0,0,0,0,0,0,0,0,0,0,0,0,0,0,0,0,0,0,0,0,0,0,0,0,0,0,0,0,0,0,0,0,0,0,0,0,0,0,0,0,0,0,0,0,0,0,0,0,0,0,0,0,0,7,0,0,0,113,0,29,0,22,0,12,0,7,0,0,0,15,41,13,0,14,0,8,0,0,0,30,0,0,0,0,0,0,0,0,0,0,0,0,0,0,0,0,0,5,0,0,0,0,0,51,121,120,0,15,5,0,48,0,36,0,0,0,0,0
0,14,0,0,0,0,0,0,0,8,0,15,48,21,0,7,0,0,43,79,0,38,0,0,0,0,101,288,0,0,0,0,0,0,0,11,0,20,0,0,98,27,16,199,43,0,102,220,12,157,0,65,0,0,0,5,0,25,0,30,0,0,0,0,0,0,0,0,0,6,0,0,0,0,0,12,0,0,0,0,0,72,0,40,0,0,0,60,0,9,0,0,0,12,0,50,0,0,0,0,0,0,0,11,0,0,0,15,0,0,0,0,0,0,0,0,0,1,0,0,0,27,0,0,0,0,0,0,0,0,0,0,0,0,0,17,0,0,0,0,0,21,0,0,0,23,0,0,0,0,1,0,0,0,0,6,0,0,0,0,0,0,0,0,0,125,0,7,0,56,0,14,0,17,0,0,0,25,0,0,0,20,0,0,0,0,23,25,0,20,0,0,0,0,0,8,0,0,0,2,0,6,0,0,0,0,0,0,0,0,0,12,0,0,14,0,0,0,48,261,210,10,11,0,35
31,0,29,0,116,0,0,0,14,0,82,0,173,0,71,7,0,0,26,10,14,0,66,0,0,0,209,99,0,0,0,0,0,0,0,0,0,0,0,0,105,172,49,21,160,102,0,312,115,132,14,0,13,0,0,0,0,0,0,0,0,0,59,0,0,0,0,0,0,0,0,0,0,0,0,0,0,0,0,0,0,0,0,0,0,0,0,0,0,0,0,0,0,0,0,0,0,0,100,0,0,0,0,0,0,0,0,0,0,0,0,0,0,0,0,0,0,0,8,0,8,0,0,0,0,0,0,0,0,0,0,0,0,0,0,0,28,0,0,0,0,0,0,0,0,0,0,0,0,0,48,0,0,0,0,0,0,0,0,0,0,0,2,0,39,0,0,0,0,0,0,0,0,0,0,0,41,106,51,0,0,0,59,0,53,0,87,0,0,0,0,0,0,0,0,0,0,0,0,0,18,0,0,0,0,0,0,0,0,0,57,410,108,13,5,8,0,73,0,65,0,0,1,0,0
0,39,0,0,0,45,0,0,0,15,0,150,169,280,0,0,0,5,126,92,0,12,0,3,0,0,434,145,0,0,0,0,0,0,0,14,0,22,0,0,378,112,54,106,95,220,312,0,0,180,34,47,0,0,0,0,0,0,0,0,0,0,0,0,0,13,1,0,0,0,0,0,0,0,0,0,0,0,0,0,0,0,0,0,0,0,0,0,0,0,0,0,0,5,0,0,0,0,0,0,0,0,0,0,0,0,0,0,0,0,0,0,0,0,0,0,0,0,0,0,0,0,0,0,0,0,0,0,0,3,0,0,0,0,0,0,0,0,0,0,0,0,0,0,0,0,0,0,0,0,0,0,0,0,0,0,0,0,0,0,0,0,0,0,0,0,0,0,0,0,0,4,0,0,0,0,0,137,0,10,0,0,0,0,0,33,81,4,0,0,0,0,0,0,0,0,0,0,0,0,0,0,0,0,0,0,0,0,0,0,0,23,0,0,0,0,0,0,0,593,115,0,0,0,33
0,0,13,0,6,0,35,0,16,0,3,0,18,0,0,0,0,0,3,0,3,0,0,0,0,0,26,0,0,0,4,0,0,0,6,0,0,0,8,0,38,4,19,0,82,12,115,0,0,34,8,0,3,0,18,0,38,0,25,0,22,0,0,0,5,0,4,0,19,0,0,0,0,0,2,0,0,0,2,0,0,0,14,0,0,0,4,0,8,0,3,0,25,0,36,0,2,0,0,0,1,0,23,0,0,0,0,0,0,0,0,0,0,0,0,0,0,0,0,0,0,0,0,0,0,0,0,0,0,0,4,0,0,0,0,0,0,0,0,0,0,0,0,0,2,0,0,0,0,0,0,0,0,0,0,0,0,0,3,0,13,0,6,0,4,0,11,0,6,0,28,0,0,0,0,0,45,17,10,0,7,0,6,0,0,0,59,0,17,0,0,0,22,0,11,0,14,0,18,0,0,0,20,0,0,0,0,0,11,0,79,170,183,14,72,13,2,3,0,12,4,2,0,0,0
0,21,0,0,0,9,0,0,0,0,0,43,0,61,0,0,0,0,6,30,1,15,0,0,0,0,47,76,0,0,0,0,0,0,0,0,0,2,0,0,61,92,8,48,69,157,132,180,34,0,0,8,0,1,0,0,0,0,0,0,0,0,0,0,0,6,0,0,0,1,0,0,0,0,0,0,0,2,0,0,0,0,0,0,0,0,0,30,0,3,0,0,0,7,0,0,0,0,0,0,0,0,0,2,0,0,0,0,0,0,0,0,0,0,0,0,0,0,0,0,0,9,0,0,0,0,0,0,0,0,0,0,0,0,0,0,0,0,0,0,0,0,0,0,0,5,0,0,0,0,0,61,0,89,0,0,0,0,0,0,0,0,0,4,0,23,0,4,0,4,0,0,0,0,0,16,0,89,0,26,0,52,0,0,0,31,31,4,0,0,0,0,0,0,0,0,0,0,0,0,0,0,0,0,0,1,0,3,0,0,0,11,0,0,12,0,0,0,71,19,6,0,0,0,8
0,0,0,0,22,0,0,0,5,0,0,0,207,40,4,0,0,0,95,36,23,0,0,0,0,0,206,53,22,0,47,0,1,0,71,0,48,0,9,0,53,17,60,0,106,0,14,34,8,0,0,0,0,0,0,0,16,0,16,0,0,0,4,0,0,0,0,0,0,0,12,0,0,0,15,0,0,0,0,0,56,0,0,0,0,0,0,0,0,0,14,0,0,0,39,0,0,0,92,0,52,0,0,0,0,0,0,0,0,0,0,0,0,0,0,0,0,0,0,0,0,0,5,0,0,0,0,0,0,0,0,0,0,0,0,0,0,0,0,0,0,0,0,0,0,0,0,0,0,0,0,0,0,0,0,0,2,0,0,0,0,0,13,0,99,0,45,0,64,0,12,0,19,0,0,0,10,7,16,0,0,0,0,0,0,0,66,0,0,0,0,0,0,0,0,0,0,0,0,0,1,0,0,0,0,0,0,0,0,0,72,192,143,25,20,0,0,4,0,0,0,0,0,0,0
0,0,0,0,0,16,0,0,0,0,0,12,18,102,0,14,0,10,0,211,0,172,0,0,0,0,0,267,0,12,0,87,0,27,0,92,0,120,0,0,0,18,0,118,0,65,0,47,0,8,0,0,0,2,0,0,0,0,0,59,0,0,0,0,0,0,0,5,0,2,0,27,0,0,0,0,0,0,0,0,0,198,0,60,0,75,0,112,0,0,0,0,0,0,0,57,0,0,0,107,0,0,0,0,0,0,0,0,0,0,0,0,0,0,0,0,0,0,0,0,0,68,0,8,0,0,0,0,0,0,0,0,0,0,0,0,0,0,0,0,0,90,0,0,0,104,0,0,0,0,0,0,0,0,0,0,0,0,0,0,0,0,0,0,0,44,0,18,0,51,0,29,0,24,0,0,0,0,0,9,0,0,0,0,0,0,2,29,0,0,0,0,0,0,0,5,0,0,0,0,0,0,0,0,0,0,0,0,0,0,0,0,0,0,21,0,0,0,93,86,110,0,7,0,0
23,0,19,0,0,0,214,0,139,96,1,0,0,0,12,0,70,0,14,0,16,0,25,0,84,0,51,0,29,0,0,0,9,0,0,0,12,0,16,0,3,0,0,0,9,0,13,0,3,0,0,0,0,12,116,68,117,10,14,21,66,0,103,0,0,1,0,45,0,0,5,0,0,0,12,0,0,0,0,0,0,0,0,0,108,0,0,0,0,0,50,0,0,0,0,0,61,0,103,0,0,0,0,0,0,0,0,0,0,0,0,0,0,0,0,0,0,0,0,0,14,0,19,0,0,0,6,0,42,0,30,0,0,0,0,0,228,0,181,0,121,0,265,0,21,0,0,0,0,0,0,0,0,0,370,0,77,0,280,0,33,0,10,0,2,0,0,0,0,0,91,0,7,0,0,0,11,0,0,0,0,0,53,0,0,3,0,0,0,0,0,0,0,0,0,0,0,0,0,0,15,0,0,0,0,0,0,0,0,0,62,86,89,94,28,0,34,0,0,0,0,0,0,0,0
0,10,0,18,0,0,42,19,108,67,0,0,0,0,0,16,0,55,0,0,0,10,0,21,0,18,0,0,0,14,0,0,0,3,0,0,0,0,0,1,0,0,0,0,0,0,0,0,0,1,0,2,12,0,26,148,4,123,29,53,0,111,6,188,0,0,11,12,0,0,0,0,0,0,0,0,0,0,0,0,0,0,0,0,1,9,0,0,0,0,0,15,0,1,0,0,0,40,0,21,0,0,0,0,0,2,0,42,0,0,0,0,0,0,0,0,0,0,0,0,0,0,0,0,0,0,0,0,0,57,0,23,0,0,0,84,0,52,0,91,0,50,0,88,0,31,0,0,0,1,0,0,0,0,0,133,0,28,1,255,0,8,0,0,0,0,0,0,0,0,0,8,0,1,0,0,1,0,0,0,0,0,0,2,5,52,0,0,0,0,0,0,0,0,0,0,0,0,0,0,0,19,0,0,0,0,0,0,0,0,0,0,0,0,2,0,0,0,0,98,0,0,0,0,0
6,0,54,0,3,0,275,0,12,122,0,0,0,0,43,0,30,0,0,0,0,0,98,0,288,0,0,0,7,0,0,0,0,0,0,0,0,0,0,0,0,0,5,0,0,0,0,0,18,0,0,0,116,26,0,68,58,13,33,24,82,0,33,7,27,2,85,68,0,0,1,0,0,0,1,0,0,0,0,0,0,0,0,0,0,0,0,0,0,0,0,0,0,0,0,0,0,0,0,0,0,0,0,0,0,0,0,0,0,0,0,0,0,0,0,0,0,0,0,0,0,0,0,0,9,0,16,0,40,0,109,0,26,0,83,0,138,0,0,0,11,0,37,0,0,0,0,0,0,0,0,0,0,0,129,3,37,0,15,0,81,1,0,0,4,0,0,0,24,0,209,0,14,0,0,0,0,2,0,0,0,0,1,0,10,7,0,0,0,0,0,0,0,0,0,0,0,0,0,0,0,0,0,0,3,0,0,0,8,0,349,54,181,320,171,1,141,3,0,0,0,0,0,0,0
89,27,0,128,0,37,179,256,362,120,0,0,0,0,0,272,16,56,0,34,0,0,0,69,102,270,0,0,0,30,0,0,0,0,0,0,0,6,0,15,0,0,0,0,0,5,0,0,0,0,0,0,68,148,68,0,0,139,0,43,0,127,73,208,3,13,15,158,0,0,0,0,0,0,0,0,0,0,0,0,0,0,0,0,0,0,0,0,0,0,0,15,0,0,0,0,1,0,0,0,0,0,0,0,0,0,0,0,0,0,0,0,0,0,0,0,0,0,0,0,0,0,0,0,0,49,0,11,0,29,0,102,0,24,4,221,0,273,0,34,0,22,0,41,0,3,0,0,0,12,0,9,0,2,0,111,0,26,0,51,0,29,0,0,0,6,0,0,0,23,0,232,0,59,0,0,23,0,0,0,0,0,0,9,8,27,0,0,0,0,0,0,0,0,0,0,0,0,0,0,0,0,0,0,0,0,0,21,0,80,4,2,0,0,327,0,0,0,460,272,353,438,75,220,0
0,0,0,0,0,0,39,0,8,0,0,0,0,0,0,0,42,0,0,0,6,0,0,0,50,0,0,0,0,0,0,0,0,0,0,0,1,0,0,0,0,0,0,0,0,0,0,0,38,0,16,0,117,4,58,0,0,11,38,22,14,0,30,0,7,0,11,49,7,0,0,0,0,0,0,0,0,0,0,0,0,0,0,0,0,0,0,0,0,0,0,0,0,0,0,0,0,0,0,0,0,0,0,0,0,0,0,0,0,0,0,0,0,0,0,0,0,0,0,0,0,0,0,0,0,0,0,0,51,0,88,0,20,0,19,0,0,0,2,0,0,0,0,0,23,0,0,0,0,0,0,0,0,0,154,4,57,0,72,6,66,0,129,0,19,0,24,0,40,0,277,0,0,0,3,0,0,0,0,0,0,9,0,0,3,0,0,0,0,0,0,0,0,0,0,0,1,0,0,0,0,0,0,0,0,0,0,0,0,0,570,111,777,876,596,37,253,0,0,0,1,0,0,0,0
2,4,0,20,0,0,0,32,28,21,0,6,0,0,0,38,0,123,0,0,0,26,0,0,0,55,0,0,0,20,0,0,0,0,0,0,0,0,0,0,0,0,0,0,0,25,0,0,0,0,0,0,10,123,13,139,11,0,39,249,0,23,2,76,3,0,33,6,0,0,0,0,0,0,0,0,0,0,0,0,0,0,0,0,0,0,0,0,0,0,0,0,0,2,0,0,0,11,0,0,0,0,0,0,0,0,0,7,0,0,0,0,0,0,0,0,0,0,0,0,0,0,0,0,0,46,0,5,0,21,0,73,0,20,0,38,0,43,0,10,0,6,0,0,0,6,0,0,0,3,0,0,0,0,0,124,0,0,0,138,0,45,0,70,0,7,0,0,0,64,0,300,0,34,0,2,2,0,0,0,0,0,0,0,2,4,0,0,0,0,0,0,0,0,0,0,0,0,0,0,0,0,0,0,0,0,0,0,0,0,0,0,0,0,355,0,0,0,311,72,635,666,37,150,0
8,0,0,0,0,0,27,0,52,0,0,0,0,0,0,0,0,0,0,0,0,0,0,0,47,0,0,0,0,0,0,0,0,0,0,0,0,0,0,0,0,0,8,0,0,0,0,0,25,0,16,0,14,29,33,0,38,39,0,112,0,0,5,0,69,56,300,179,0,0,0,0,0,0,0,0,0,0,0,0,0,0,0,0,0,0,0,0,0,0,0,0,0,0,0,0,0,0,0,0,0,0,0,0,0,0,0,0,0,0,0,0,0,0,0,0,0,0,0,0,0,0,0,0,11,0,0,0,0,0,56,0,0,0,0,0,0,0,1,1,0,0,0,0,14,0,0,0,7,0,0,0,0,0,74,14,91,0,5,8,24,4,19,0,0,0,0,0,23,0,193,0,6,0,0,14,0,0,0,0,50,7,0,0,16,12,0,0,0,0,0,0,0,0,0,0,0,0,0,0,0,0,0,0,0,0,0,0,0,0,622,257,429,1005,549,39,280,3,0,0,0,0,0,0,0
0,0,0,0,0,0,0,7,80,60,0,0,0,0,0,0,0,0,0,0,0,0,0,0,0,15,0,0,0,0,0,0,0,0,0,0,0,0,0,0,0,0,0,34,0,30,0,0,0,0,0,59,21,53,24,43,22,249,112,0,0,0,0,37,13,68,172,248,0,0,0,0,0,0,0,1,0,0,0,0,0,0,0,0,0,0,0,0,0,0,0,0,0,0,0,0,0,0,0,0,0,0,0,0,0,0,0,0,0,0,0,0,0,0,0,0,0,0,0,0,0,0,0,0,0,42,0,20,0,2,0,90,0,1,0,0,0,0,0,1,0,0,0,0,0,32,0,0,0,27,0,5,0,0,0,116,0,160,0,57,0,62,0,0,0,8,0,0,0,50,0,168,0,48,0,8,1,0,0,0,6,4,0,0,26,20,0,0,0,0,0,0,0,0,0,0,0,1,0,0,0,0,0,0,0,0,0,7,0,7,2,0,0,0,968,0,0,0,1159,417,782,1018,54,121,0
117,0,122,0,0,0,395,0,177,0,0,0,2,0,0,0,0,0,10,0,5,0,0,0,156,0,0,0,3,0,0,0,8,0,0,0,25,0,20,0,1,0,6,0,2,0,0,0,22,0,0,0,66,0,82,0,14,0,0,0,0,0,39,0,0,0,0,0,0,0,6,0,0,0,14,0,0,0,0,0,0,0,0,0,0,0,0,0,0,0,0,0,0,0,0,0,0,0,0,0,5,0,0,0,0,0,0,0,0,0,0,0,0,0,0,0,0,0,0,0,9,0,14,0,0,0,0,0,0,0,0,0,0,0,0,0,0,0,76,0,52,0,29,0,118,0,0,0,0,0,0,0,0,0,20,0,139,0,29,0,0,0,7,0,0,0,1,0,7,0,94,0,25,0,0,0,62,0,0,0,0,0,50,0,0,0,0,0,0,0,0,0,0,0,0,0,0,0,0,0,0,0,0,0,0,0,0,0,0,0,55,100,139,138,43,0,43,0,0,0,0,0,0,0,0
0,156,0,0,0,13,0,223,0,408,0,12,0,8,0,0,0,0,0,0,0,6,0,0,0,43,0,0,0,0,0,4,0,4,0,2,0,21,0,15,0,0,0,0,0,0,0,0,0,0,0,0,0,111,0,127,0,23,0,0,0,0,1,127,0,0,0,19,0,0,0,0,0,0,0,0,0,0,0,0,0,0,0,0,0,0,0,0,0,0,0,0,0,1,0,0,0,0,0,0,0,0,0,0,0,0,0,0,0,0,0,0,0,0,0,0,0,0,0,0,0,0,0,0,0,3,0,0,0,17,0,0,0,0,0,0,0,0,0,149,0,84,0,0,0,348,0,0,0,0,0,0,0,0,0,12,0,173,0,88,0,1,0,0,0,0,0,0,0,2,0,94,0,7,0,0,0,98,0,0,0,0,0,0,0,8,0,0,0,0,0,0,0,0,0,0,0,0,0,0,0,0,0,0,0,0,0,0,0,0,0,0,0,0,22,0,0,0,19,231,140,100,5,49,0
121,30,109,0,0,0,396,56,197,112,0,0,0,0,40,0,314,2,51,0,82,0,96,0,521,14,135,0,37,0,5,0,16,0,9,0,8,0,29,0,0,0,0,0,35,0,59,0,0,0,4,0,103,6,33,73,30,2,5,0,39,1,0,15,0,0,1,5,0,0,7,0,0,0,28,0,0,0,0,0,110,0,0,0,157,0,35,0,0,0,40,0,0,0,0,0,66,0,185,0,83,0,0,0,0,0,70,0,0,0,0,0,0,0,0,0,0,0,0,0,48,0,31,0,0,0,0,0,0,0,0,0,0,0,0,0,81,0,42,0,76,0,200,0,8,0,0,0,0,0,0,0,0,0,64,0,34,0,133,0,20,0,0,0,0,0,1,0,0,0,10,0,13,0,0,0,51,0,1,0,0,0,136,0,1,2,0,0,0,0,0,0,0,0,0,0,0,0,0,0,0,0,0,0,0,0,0,0,2,0,47,92,24,36,20,0,0,0,0,0,1,0,0,0,0
26,63,11,17,0,0,38,261,36,305,0,0,0,0,0,94,0,141,0,53,0,85,0,73,26,77,0,0,0,125,0,18,0,16,0,21,0,21,0,24,0,0,0,0,0,0,0,0,0,0,0,0,0,188,7,208,0,76,0,37,0,127,15,0,0,1,0,0,0,0,0,0,0,0,0,0,0,0,0,0,0,0,0,0,0,0,0,0,0,0,0,0,0,0,0,0,0,0,0,8,0,0,0,0,0,0,0,0,0,0,0,0,0,0,0,0,0,0,0,0,0,0,0,0,0,0,0,0,0,0,0,6,0,0,0,0,0,0,0,113,0,48,0,38,0,89,0,0,0,0,0,0,0,0,0,66,0,31,0,134,0,0,0,0,0,0,0,0,0,0,0,0,0,2,0,0,6,99,0,0,0,0,0,20,0,38,0,0,0,0,0,0,0,0,0,0,0,0,0,0,0,0,0,0,0,0,0,0,0,0,0,0,0,0,0,0,0,0,3,354,11,15,0,0,0
13,0,0,0,10,0,20,0,121,0,0,0,0,0,26,0,0,0,0,0,0,0,6,0,0,0,0,0,0,0,0,0,0,0,0,0,0,0,0,0,0,0,0,0,0,0,0,0,5,0,0,0,0,0,27,3,7,3,69,13,0,0,0,0,0,19,108,12,0,0,0,0,0,0,0,0,0,0,0,0,0,0,0,0,0,0,0,0,0,0,0,0,0,0,0,0,0,2,0,0,0,0,0,0,0,0,0,0,0,0,0,0,0,0,0,0,0,0,0,0,0,0,0,0,21,0,5,0,0,0,46,10,0,0,9,0,0,0,44,25,3,0,0,0,54,0,12,0,70,0,19,0,10,0,5,9,4,0,0,29,118,0,0,0,0,0,0,0,0,0,0,0,0,0,55,5,0,0,6,0,374,44,15,0,167,0,0,0,0,0,0,0,0,0,0,0,1,0,0,0,0,1,0,0,0,0,0,0,15,0,170,11,30,0,150,0,0,0,0,0,0,0,0,0,0
0,28,0,0,0,26,2,0,10,247,0,45,0,14,0,3,0,0,0,0,0,0,0,0,0,0,1,49,0,0,0,0,0,0,0,0,0,0,0,0,0,0,0,0,0,0,0,13,0,6,0,0,1,0,2,13,0,0,56,68,0,0,0,1,19,0,39,221,0,0,0,6,0,0,0,5,0,0,0,0,0,7,0,0,0,0,0,0,0,0,0,0,0,0,0,0,0,0,0,0,0,0,0,0,0,0,0,0,0,0,0,0,0,0,0,0,0,0,0,0,0,0,0,0,0,33,0,20,0,0,0,15,0,0,0,2,0,0,4,43,0,0,0,0,0,104,0,63,0,89,0,71,0,68,0,0,0,0,12,4,0,222,0,0,0,0,0,0,0,5,0,0,0,0,0,38,0,5,0,8,36,172,0,6,0,63,0,0,0,0,0,0,0,0,0,0,0,0,0,0,0,0,0,0,0,0,0,7,0,7,0,0,0,0,114,0,0,0,140,14,0,0,0,0,0
13,0,5,0,1,0,85,0,93,0,0,0,0,0,0,0,0,0,0,0,0,0,0,0,0,0,0,0,0,0,0,0,0,0,0,0,0,0,0,0,0,0,0,0,3,0,0,1,4,0,0,0,0,11,85,15,11,33,300,172,0,0,1,0,108,39,0,83,0,0,0,0,0,0,0,0,0,0,0,0,0,0,0,0,0,0,0,0,0,0,0,0,0,0,0,0,0,0,0,0,0,0,0,0,0,0,0,0,0,0,0,0,0,0,0,0,0,0,0,0,0,0,0,0,7,0,0,0,0,0,21,0,0,0,0,0,0,0,2,0,0,0,0,0,5,0,0,0,21,0,0,0,0,0,6,12,15,0,0,8,56,0,0,0,0,0,0,0,1,0,0,0,1,0,11,26,4,0,0,0,70,8,3,0,285,20,0,0,0,0,0,0,0,0,0,0,0,0,0,0,0,0,0,0,0,0,0,0,1,0,80,65,42,122,55,4,20,0,0,0,0,0,0,0,0
1,0,0,0,0,4,66,15,158,304,0,5,0,0,0,0,0,0,0,0,0,0,0,0,0,0,0,0,0,0,0,0,0,0,0,2,0,0,0,0,0,0,0,0,0,0,0,0,0,0,0,5,45,12,68,158,49,6,179,248,0,19,5,0,12,221,83,0,0,0,0,0,0,0,0,0,0,0,0,0,0,0,0,0,0,0,0,0,0,0,0,0,0,0,0,0,0,0,0,0,0,0,0,0,0,0,0,0,0,0,0,0,0,0,0,0,0,0,0,0,0,0,0,0,0,33,0,15,1,3,0,32,0,0,0,0,0,0,0,0,0,0,0,0,0,9,0,7,0,34,0,9,0,0,0,11,0,0,0,6,6,22,0,5,0,0,0,0,0,2,0,24,0,0,0,26,18,2,0,0,13,36,0,0,25,233,0,0,0,0,0,0,0,0,0,0,0,0,0,0,0,0,0,0,0,0,0,0,0,0,0,0,0,0,177,0,0,0,221,183,102,173,0,0,0
0,0,1,0,0,0,0,0,0,0,0,0,0,0,0,0,0,0,0,0,0,0,0,0,0,0,0,0,0,0,0,0,0,0,0,0,0,0,0,0,0,0,0,0,6,0,0,0,19,0,0,0,0,0,0,0,7,0,0,0,0,0,0,0,0,0,0,0,0,0,0,0,0,0,0,0,112,0,20,0,5,0,56,0,0,0,29,0,28,0,0,0,68,0,29,0,0,0,0,0,6,0,133,0,0,0,27,0,4,0,37,0,3,0,37,0,7,0,0,0,0,0,0,0,0,0,0,0,0,0,0,0,1,0,0,0,0,0,0,0,0,0,0,0,0,0,0,0,0,0,0,0,0,0,0,0,0,0,0,0,0,0,0,0,37,0,0,0,118,0,4,0,1,0,2,0,0,0,0,0,0,0,0,0,0,0,0,0,0,0,0,0,0,0,0,0,0,0,0,0,0,0,0,0,0,0,0,0,0,0,58,8,103,0,8,76,44,6,0,0,0,0,0,0,0
0,0,0,0,0,0,0,0,0,0,0,0,0,0,0,0,0,0,0,0,0,0,0,0,0,0,0,0,0,0,0,0,0,0,0,0,0,0,0,0,0,0,0,0,0,6,0,0,0,1,0,2,0,0,0,0,0,0,0,0,0,0,0,0,0,0,0,0,0,0,0,0,0,3,0,0,0,118,0,0,0,0,0,46,0,0,0,6,0,17,0,0,0,12,0,27,0,0,0,0,0,0,0,89,0,0,0,15,0,35,0,1,0,3,0,1,0,34,0,0,0,0,0,0,0,0,0,0,0,0,0,1,0,0,0,0,0,0,0,0,0,0,0,0,0,0,0,0,0,0,0,0,0,0,0,0,0,0,0,0,0,0,0,0,0,47,0,0,0,68,0,0,0,0,0,0,0,0,0,0,0,0,0,0,0,0,0,0,0,0,0,0,0,0,0,14,0,0,0,0,0,0,0,0,0,0,0,2,0,2,0,0,0,0,0,0,0,0,18,6,93,1,59,33,0
0,0,0,0,0,0,0,0,0,0,0,0,0,0,0,0,0,0,13,0,31,0,0,0,0,0,81,0,17,0,9,0,14,0,5,0,67,0,18,0,0,0,14,0,40,0,0,0,0,0,12,0,5,0,1,0,0,0,0,0,6,0,7,0,0,0,0,0,0,0,0,0,85,0,185,0,0,0,125,0,0,0,10,0,0,0,27,0,0,0,0,0,0,0,0,0,0,0,1,0,0,0,0,0,0,0,0,0,0,0,0,0,0,0,0,0,0,0,0,0,31,0,0,0,52,0,78,0,8,0,9,0,39,0,0,0,11,0,0,0,59,0,46,0,52,0,24,0,9,0,32,0,5,0,0,0,10,0,0,3,0,2,70,0,0,0,71,0,0,0,22,0,61,0,4,0,0,0,0,0,17,0,0,0,3,0,0,0,0,0,0,0,0,0,0,0,4,0,0,0,0,0,0,0,0,0,0,0,70,0,117,0,39,9,12,0,0,0,0,0,0,0,0,0,0
0,0,0,0,0,0,0,0,0,0,0,0,0,0,0,0,0,0,0,0,0,0,0,0,0,0,0,0,0,0,0,0,0,0,0,0,0,12,0,0,0,0,0,32,0,0,0,0,0,0,0,27,0,0,0,0,0,0,0,0,0,0,0,0,0,6,0,0,0,0,0,0,0,126,0,234,0,17,0,13,0,6,0,1,0,0,0,27,0,0,0,0,0,0,0,0,0,0,0,0,1,0,0,0,0,0,0,0,0,0,0,0,0,0,0,0,0,0,0,0,0,9,0,2,0,156,0,0,0,0,0,25,0,0,0,0,0,0,0,3,0,35,0,15,0,81,0,53,0,16,0,0,1,12,0,0,0,12,0,0,0,3,0,22,0,0,0,35,0,2,0,16,0,19,0,8,0,0,0,0,0,0,0,0,0,0,0,0,0,0,0,0,0,0,0,0,0,0,0,0,0,0,0,0,0,0,0,0,0,52,0,0,0,0,5,0,0,0,52,0,14,0,0,0,0
0,0,0,0,0,0,0,0,0,0,0,0,0,0,0,0,0,0,0,0,0,0,0,0,0,0,0,0,0,0,0,0,0,0,0,0,0,0,0,0,0,0,11,0,0,0,0,0,0,0,0,0,0,0,0,0,0,0,0,0,0,0,0,0,0,0,0,0,0,0,85,0,0,0,270,0,39,0,209,0,3,0,28,0,0,0,7,0,0,0,11,0,11,0,0,0,0,0,0,0,0,0,0,0,0,0,0,0,0,0,0,0,0,0,0,0,0,0,0,0,46,0,6,0,43,0,151,0,0,0,0,0,40,0,148,0,0,0,0,0,34,0,109,0,44,0,20,0,0,0,70,0,0,0,0,0,0,0,0,0,0,0,25,0,0,0,9,0,5,0,9,0,14,0,0,0,0,0,0,0,0,0,0,0,0,0,0,0,0,0,0,0,0,0,0,0,0,0,173,0,29,0,0,0,0,0,232,0,246,0,300,0,11,0,19,0,2,0,0,0,0,0,0,0,0
0,0,0,0,0,0,0,0,0,0,0,0,0,0,0,0,0,0,0,0,0,0,0,0,0,0,0,0,0,0,0,0,0,0,0,0,0,0,0,0,0,0,0,0,0,0,0,0,0,0,0,0,0,0,0,0,0,0,0,0,0,0,0,0,0,0,0,0,0,3,0,126,0,0,0,154,0,121,0,69,0,30,0,23,0,0,0,147,0,0,0,0,0,0,0,2,0,0,0,19,0,0,0,0,1,0,0,0,0,0,0,0,0,0,0,0,0,0,0,0,0,81,0,16,4,0,0,97,0,4,0,12,2,0,0,180,0,0,0,0,0,12,0,0,0,36,0,38,0,0,0,0,0,0,0,0,0,0,0,7,0,0,0,40,0,0,0,0,0,2,0,6,0,0,0,3,0,0,0,0,0,5,0,0,0,0,0,0,0,0,0,0,0,0,0,36,0,96,0,237,0,104,0,452,0,0,0,174,0,230,0,0,0,0,18,0,0,0,253,0,10,0,5,0,0
0,0,0,0,0,0,0,0,0,0,0,0,0,0,0,0,0,0,0,0,59,0,0,0,0,0,155,0,40,0,34,0,35,0,0,0,85,0,33,0,0,0,0,0,52,0,0,0,2,0,15,0,12,0,1,0,0,0,0,0,14,0,28,0,0,0,0,0,0,0,185,0,270,0,0,0,22,0,223,0,47,0,29,0,54,0,43,0,0,0,9,0,22,0,6,0,33,0,12,0,0,0,0,0,0,0,0,0,0,0,0,0,0,0,0,0,0,0,0,0,95,0,38,0,47,0,95,0,26,0,0,2,30,0,131,0,0,0,4,0,103,0,201,0,87,0,34,0,12,0,46,0,0,0,0,0,13,0,1,0,0,0,102,0,0,0,50,0,0,0,15,0,41,0,14,0,0,0,0,0,24,0,0,0,0,0,0,0,0,0,0,0,0,0,0,0,0,0,193,0,76,0,105,0,0,0,150,0,168,0,109,0,15,0,13,0,0,0,0,0,0,0,0,0,0
0,0,0,0,0,0,0,0,0,0,0,0,0,0,0,0,0,0,0,0,0,30,0,12,0,0,0,0,0,0,0,18,0,13,0,0,0,0,0,0,0,0,0,33,0,12,0,0,0,0,0,0,0,0,0,0,0,0,0,1,0,0,0,0,0,5,0,0,0,0,0,234,0,154,0,0,0,21,0,16,0,7,0,3,0,10,0,46,0,0,0,0,0,0,0,0,0,0,0,0,0,0,0,0,0,0,0,0,0,0,0,0,0,0,0,0,0,0,0,0,0,92,0,48,0,140,0,120,1,0,0,0,0,0,0,130,0,65,0,9,1,76,0,126,0,172,0,75,0,0,0,76,0,22,0,0,0,14,0,0,0,0,0,40,0,0,0,36,0,0,0,10,0,12,0,3,0,0,0,0,4,19,0,0,0,0,0,0,0,0,0,0,0,0,0,0,0,0,0,66,0,0,0,0,0,0,0,162,0,291,0,0,0,0,5,0,0,0,110,0,8,0,3,0,0
0,0,0,0,0,0,0,0,0,0,0,0,0,0,0,0,0,0,2,0,0,0,0,0,3,0,0,0,0,0,0,0,0,0,0,0,0,0,0,0,0,0,0,0,0,0,0,0,0,0,0,0,0,0,0,0,0,0,0,0,0,0,0,0,0,0,0,0,112,0,0,0,39,0,22,0,0,0,68,0,0,0,53,0,0,0,46,0,0,0,33,0,37,0,11,0,0,0,0,0,0,0,29,0,0,0,0,0,4,0,0,0,1,0,12,0,8,0,0,0,0,0,0,0,0,0,0,0,0,0,0,0,0,0,0,0,0,0,0,0,0,0,0,0,2,0,0,0,0,0,0,0,1,0,0,0,0,0,0,0,0,0,0,0,0,0,4,0,52,0,4,0,0,0,0,0,0,0,0,0,0,0,0,0,0,0,0,0,90,0,0,0,98,0,0,0,0,0,127,0,0,0,58,0,131,0,0,0,0,0,30,2,28,0,2,19,12,0,0,0,0,0,0,0,0
0,0,0,0,0,0,0,2,0,3,0,0,0,0,0,0,0,0,0,0,0,0,0,0,0,0,0,0,0,0,0,0,0,0,0,0,0,0,0,0,0,0,0,0,0,0,0,0,0,2,0,0,0,0,0,0,0,0,0,0,0,0,0,0,0,0,0,0,0,118,0,17,0,121,0,21,0,0,0,32,0,67,0,223,0,0,0,300,0,0,0,0,0,63,0,50,0,56,0,23,0,4,0,108,0,39,2,52,0,9,0,0,0,0,0,0,0,73,0,0,0,28,0,5,0,0,1,0,0,0,0,0,0,0,0,42,0,0,0,0,0,0,0,0,0,0,0,0,0,0,0,12,0,14,0,0,0,0,0,0,0,0,0,1,0,5,0,0,0,111,0,0,0,0,0,0,0,0,0,0,0,0,0,0,0,0,0,0,0,243,0,0,0,0,0,122,0,0,0,52,0,97,0,0,0,289,0,0,0,0,0,0,0,0,0,0,0,0,46,0,50,0,48,0,0
0,0,0,0,0,0,0,0,0,0,0,0,0,0,0,0,0,0,0,0,0,0,0,0,0,0,0,0,0,0,0,0,0,0,0,0,0,0,0,0,0,0,0,0,0,0,0,0,2,0,0,0,0,0,0,0,0,0,0,0,0,0,0,0,0,0,0,0,20,0,125,0,209,0,223,0,68,0,0,0,27,0,113,0,29,0,160,0,9,0,62,0,36,0,16,0,51,0,11,0,0,0,46,0,0,0,45,0,14,0,0,0,2,0,23,0,3,0,0,0,87,0,12,0,0,0,0,0,0,0,0,0,0,0,0,0,0,0,0,0,15,0,81,0,20,0,0,0,0,0,0,0,0,0,0,0,0,0,0,0,0,0,24,0,0,0,0,0,60,0,0,0,0,0,0,0,0,0,0,0,0,0,0,0,0,0,0,0,0,0,0,0,259,0,61,0,0,0,306,0,119,0,0,0,217,0,0,0,0,0,215,0,56,0,27,26,7,0,0,0,0,0,0,0,0
