0,425,62,361,262,273,38,93,64,17,280,165,139,0,35,325,235,76,34,0,26,23,66,422,18,218,31,0,296,37,63,7,269,29,0,0,109,0,865,23,42,0,0,0,43,1,46,0,13,0,0,0,1,0,4,0,4,0,0,0,97,0,41,0,5,0,12,0,0,0,0,0,0,0,0,0,0,0,0,0,0,0,0,0,0,0,2,0,0,0,0,0,0,0,0,0,0,0,0,0,0,0,0,0,0,0,0,0,0,0,0,0,0,0,0,0,0,0,1,0,0,0,0,0,22,0,17,0,0,0,19,0,0,0,0,0,0,3,0,0,0,0,3,0,0,0,21,0,75,0,18,0,0,0,0,0,0,0,0,0,4,0,4,0,11,0,74,0,12,0,5,0,354,0,0,0,229,339,13,0,21,0,13,20,46,0,4,0,0,0,0,0,0,0,0,0,0,0,0,0,4,0,0,0,0,0,13,0,31,0,1199,441,487,100,272,0,0,0,13,12,26,0,0,0,0
425,0,119,69,0,356,175,35,122,102,13,296,0,169,0,29,102,51,0,84,0,38,184,70,324,18,0,176,0,229,0,0,0,323,0,13,0,242,0,392,0,100,0,0,0,23,0,177,0,14,0,0,0,8,3,22,0,4,0,0,5,31,42,15,0,43,0,4,0,0,0,0,0,0,0,7,0,0,0,0,0,0,0,0,0,0,0,1,0,0,0,0,0,0,0,0,0,0,0,0,0,0,0,0,0,0,0,0,0,0,0,0,0,0,0,0,0,0,0,0,0,0,0,0,0,8,0,12,0,8,0,21,0,3,0,50,0,27,0,6,0,0,0,0,0,0,0,17,0,138,0,72,0,94,0,3,0,0,0,0,0,12,0,6,0,10,0,0,0,13,0,7,0,141,0,14,89,458,0,29,0,50,12,20,0,74,0,6,0,0,0,0,0,0,0,0,0,5,0,0,0,1,0,0,0,0,0,64,0,44,8,0,0,0,267,0,0,0,1122,324,409,156,0,0,0
62,119,0,0,325,152,202,0,6,0,19,124,20,7,255,138,138,18,65,20,127,27,782,131,307,41,42,0,537,9,250,7,419,21,0,0,0,0,444,11,4,0,0,0,22,0,11,0,6,0,0,0,6,0,200,0,0,1,7,0,28,0,79,0,8,0,0,0,0,0,0,0,0,0,0,0,0,0,0,0,0,0,0,0,16,0,0,0,0,0,25,0,0,0,0,0,0,0,0,0,0,0,0,0,0,0,0,0,0,0,0,0,0,0,0,0,0,0,0,0,0,0,0,0,37,0,53,0,10,0,17,0,18,0,177,0,43,0,12,0,9,0,75,0,0,0,113,0,128,0,76,0,64,0,3,0,0,0,0,0,13,0,0,0,0,0,144,0,33,0,3,0,185,0,0,0,6,69,0,1,0,0,0,10,30,0,0,0,0,0,6,0,0,0,0,0,5,0,26,0,111,0,0,0,0,0,32,0,294,0,771,122,614,0,288,0,0,0,0,0,0,0,0,0,0
361,69,0,0,0,114,0,209,0,41,17,2,0,6,0,236,85,80,0,54,6,67,157,195,94,119,0,18,0,214,1,29,0,176,0,0,4,52,0,159,0,0,0,0,0,0,0,0,0,0,0,0,0,0,0,317,0,14,0,10,0,0,0,0,0,2,0,0,0,0,0,0,0,0,0,0,0,0,0,0,0,0,0,0,0,0,0,0,0,0,0,0,0,0,0,0,0,0,0,0,0,0,0,0,0,0,0,0,0,0,0,0,0,0,0,0,0,0,0,0,0,0,0,0,0,5,0,0,0,12,0,6,0,13,0,130,0,126,4,60,0,14,0,17,1,0,0,0,7,0,0,0,0,11,0,0,0,0,0,0,0,5,0,0,0,2,0,0,0,16,0,4,0,79,0,0,40,70,0,0,0,0,0,2,0,0,0,0,0,0,0,0,0,0,0,0,0,3,0,3,0,31,0,0,0,0,0,49,0,57,2,0,0,0,144,0,0,0,390,42,292,84,0,0,0
262,0,325,0,0,308,64,0,25,0,161,250,145,259,241,169,42,0,199,408,173,147,88,51,7,0,148,133,63,0,435,0,530,16,401,54,234,19,53,0,82,0,0,0,97,0,73,0,4,1,106,0,0,0,9,0,0,0,0,0,0,0,0,0,9,0,0,0,0,0,0,0,0,0,0,0,0,0,0,0,0,0,0,0,0,0,0,0,0,0,5,0,0,0,0,0,0,0,0,0,0,0,0,0,0,0,0,0,0,0,0,0,0,0,0,0,0,0,0,0,0,0,0,0,22,0,5,0,0,0,0,0,0,0,21,0,0,0,0,0,0,0,0,0,0,0,54,0,96,0,53,0,60,0,0,0,0,0,0,0,0,0,0,0,169,0,235,0,190,0,5,0,88,0,0,0,48,96,16,0,24,0,28,0,50,0,9,3,0,0,0,0,0,0,0,0,0,0,0,0,0,0,0,0,0,0,17,0,77,0,760,526,845,0,295,0,0,0,9,11,36,0,0,0,0
273,356,152,114,308,0,0,43,0,19,447,154,120,179,381,163,118,0,0,273,127,156,451,99,0,4,0,259,0,40,30,187,0,347,0,352,0,340,35,11,0,26,0,18,7,0,0,58,1,9,0,71,0,9,0,50,0,0,0,10,0,0,0,3,0,0,0,0,0,0,0,0,0,0,0,0,0,0,0,0,0,0,0,0,0,0,0,0,0,0,0,0,0,0,0,0,0,0,0,0,0,0,0,0,0,0,0,0,0,0,0,0,0,0,0,0,0,0,0,0,0,0,0,0,0,13,0,0,0,0,0,7,0,0,0,109,0,68,0,0,0,0,0,0,0,0,0,0,0,32,0,48,0,85,0,2,0,0,0,0,0,0,0,8,0,50,0,234,0,186,0,0,0,35,0,0,85,291,105,23,0,112,3,15,0,0,0,0,0,0,0,0,0,0,0,0,0,0,0,0,0,0,0,0,0,0,0,68,0,67,17,0,0,0,235,0,0,0,853,435,660,204,1,0,0
38,175,202,0,64,0,0,73,19,206,11,0,0,1,22,0,11,28,7,0,21,0,44,0,379,182,0,0,41,8,0,0,0,0,0,0,0,4,88,0,0,0,0,0,0,0,0,0,20,0,0,0,116,6,130,28,5,0,13,0,343,0,389,58,6,0,0,0,0,0,0,0,0,0,0,0,0,0,0,0,0,0,0,0,3,0,0,0,0,0,0,0,0,0,1,0,0,0,0,0,0,0,0,0,0,0,0,0,0,0,0,0,0,0,0,0,0,0,0,0,0,0,0,0,34,0,22,0,6,0,17,0,27,0,10,0,6,0,0,0,0,0,14,0,0,0,15,0,19,0,7,0,0,0,0,0,0,0,0,0,9,0,0,0,2,0,3,0,4,0,15,0,204,0,0,0,10,86,0,0,0,0,0,24,0,0,0,0,0,0,0,0,0,0,0,0,0,0,0,0,0,0,0,0,0,0,8,0,122,0,1161,166,509,236,400,0,7,2,0,5,0,1,0,0,0
93,35,0,209,0,43,73,0,271,74,0,0,0,0,0,61,0,18,0,22,0,11,0,22,140,568,0,0,0,71,0,0,0,40,0,0,0,41,0,479,0,0,0,0,0,5,0,0,0,4,0,0,30,5,20,235,0,5,0,18,0,75,72,119,0,0,0,2,0,0,0,0,0,0,0,0,0,0,0,0,0,0,0,0,0,0,0,0,0,0,0,0,0,0,0,0,0,0,0,0,0,0,0,0,0,0,0,0,0,0,0,0,0,0,0,0,0,0,0,0,0,0,0,0,0,12,0,6,0,7,0,18,0,7,0,59,0,59,0,0,0,3,0,0,0,0,1,0,0,0,0,0,0,0,0,3,0,0,0,0,0,18,0,2,0,6,0,0,0,8,0,22,0,144,0,0,0,0,0,0,0,0,0,1,0,0,0,0,0,0,0,0,0,0,0,0,0,0,0,0,0,0,0,0,0,0,0,29,0,35,3,0,0,0,336,0,0,0,913,103,666,226,0,6,0
64,122,6,0,25,0,19,271,0,901,89,0,32,0,16,0,0,40,16,0,0,0,0,12,9,334,0,0,2,0,0,0,0,0,0,0,0,0,10,12,10,0,0,0,0,0,0,0,6,0,0,0,116,39,52,296,9,0,143,54,250,3,216,120,125,0,257,255,0,0,0,0,0,0,0,0,0,0,0,0,0,0,0,0,0,0,0,0,0,0,0,0,0,0,0,0,0,0,0,0,0,0,0,0,0,0,0,0,0,0,0,0,0,0,0,0,0,0,0,0,0,0,0,0,26,0,8,0,0,0,44,0,0,0,4,0,0,0,2,5,0,0,0,4,0,0,58,0,180,0,35,0,22,0,0,0,8,0,0,0,7,0,0,0,0,0,0,0,4,0,28,1,85,3,0,0,317,202,9,0,0,0,12,13,110,23,0,0,0,0,0,0,0,0,0,0,1,0,0,0,1,0,0,0,0,0,18,0,53,0,533,191,188,165,239,7,26,0,0,5,0,1,0,0,0
17,102,0,41,0,19,206,74,901,0,0,16,0,6,0,22,11,0,0,0,0,0,0,9,209,54,0,0,0,0,0,0,0,0,0,0,0,11,0,56,0,0,0,0,0,0,0,0,0,0,0,6,139,69,248,168,0,7,68,74,5,228,186,199,0,197,37,181,0,0,0,0,0,0,0,0,0,0,0,0,0,3,0,0,0,0,0,0,0,0,0,0,0,0,0,0,0,0,0,0,0,0,0,0,0,0,0,0,0,0,0,0,0,0,0,0,0,0,0,0,0,0,0,0,0,87,0,61,0,10,0,101,0,16,0,41,0,121,0,9,0,0,0,3,0,0,0,37,0,182,0,43,0,0,0,5,0,0,0,0,0,86,0,0,0,6,0,0,0,9,0,47,0,94,0,0,34,318,0,5,0,0,4,31,0,51,0,0,0,0,0,2,0,0,0,0,0,4,0,12,5,0,0,0,0,0,0,102,0,106,3,0,0,0,301,0,0,0,968,240,489,182,0,4,0
280,13,19,17,161,447,11,0,89,0,0,247,553,146,35,309,67,0,41,318,149,137,53,82,0,0,56,0,39,0,249,14,563,0,55,21,207,23,35,0,150,0,0,0,92,0,158,0,25,0,24,0,0,0,2,0,0,0,2,0,0,0,0,0,5,0,0,0,0,0,0,0,0,0,0,0,0,0,0,0,0,2,0,0,0,0,0,0,0,0,0,0,0,0,0,0,0,0,0,0,1,0,0,0,0,0,0,0,0,0,0,0,0,0,0,0,0,0,0,0,0,0,0,0,4,0,2,0,0,0,0,0,0,0,0,0,0,0,0,0,0,0,0,0,0,0,11,0,37,0,26,0,127,0,0,0,0,0,0,0,0,0,1,0,49,0,151,0,73,0,0,0,82,0,31,0,137,202,65,0,85,0,57,0,96,0,41,4,0,0,0,0,0,0,0,0,0,0,0,0,0,0,0,0,0,0,5,0,12,0,518,347,347,0,109,0,0,0,26,0,37,0,0,0,0
165,296,124,2,250,154,0,0,0,16,247,0,60,433,237,6,42,0,22,20,47,32,329,15,0,0,0,95,6,19,6,33,0,114,5,44,0,130,0,7,4,187,0,4,0,27,0,242,1,70,0,32,0,4,0,0,0,0,0,1,0,4,0,3,0,6,0,0,0,0,0,0,0,0,0,0,0,0,0,0,0,2,0,0,0,0,0,2,0,0,0,0,0,1,0,13,0,0,0,0,0,0,0,0,0,3,0,0,0,0,0,0,0,0,0,0,0,0,0,0,0,0,0,0,0,0,0,0,0,0,0,0,0,0,0,0,0,0,0,0,0,0,0,0,0,0,0,11,0,16,0,81,0,215,0,0,0,0,0,0,0,0,0,0,0,2,0,62,0,42,0,1,0,12,0,106,61,590,38,172,0,184,0,70,0,62,0,30,0,0,0,0,0,0,0,0,0,0,0,0,0,0,0,0,0,0,0,0,0,0,5,0,0,0,48,0,0,0,238,134,111,27,2,0,0
139,0,20,0,145,120,0,0,32,0,553,60,0,505,12,23,0,0,30,496,12,94,0,0,0,0,66,598,0,0,23,2,19,0,347,0,142,0,0,0,299,107,19,0,89,86,278,262,34,3,120,45,0,0,0,0,0,0,0,0,0,0,0,0,0,0,0,0,0,0,0,0,0,0,0,0,0,0,0,0,0,0,0,0,0,0,1,0,0,0,0,0,0,0,0,8,0,0,0,0,0,0,0,0,0,0,0,0,0,0,0,0,0,0,0,0,0,0,0,0,0,0,0,0,0,0,0,0,0,0,0,0,0,0,0,0,0,0,0,0,0,0,0,0,0,0,0,0,0,0,0,0,23,0,0,0,0,0,0,0,0,0,0,0,127,0,0,0,0,0,0,0,4,0,0,0,84,115,80,2,17,0,30,0,23,0,275,19,0,0,0,0,0,0,0,0,0,0,0,0,0,0,0,0,0,0,0,0,0,0,63,200,226,25,30,0,0,0,3,0,22,0,0,0,0
0,169,7,6,259,179,1,0,0,6,146,433,505,0,225,0,0,0,335,25,72,17,0,1,0,0,152,42,0,0,0,0,0,0,38,139,0,40,0,0,77,318,0,141,18,48,65,185,0,105,39,360,0,0,0,0,0,0,0,0,0,0,0,0,0,0,0,0,0,4,0,0,0,0,0,0,0,7,0,0,0,0,0,0,0,3,0,0,0,25,0,0,0,0,0,86,0,0,0,0,0,0,0,5,0,0,0,0,0,0,0,0,0,2,0,0,0,0,0,0,0,0,0,0,0,0,0,2,0,0,0,0,0,0,0,0,0,0,0,0,0,0,0,0,0,0,0,0,0,0,0,0,0,0,0,0,0,0,0,0,0,0,0,0,0,84,0,8,0,78,0,0,0,1,0,29,37,480,41,60,0,47,0,7,0,0,18,75,0,0,0,0,0,0,0,18,0,0,0,4,0,0,0,0,0,0,0,7,0,0,7,0,0,0,38,0,0,0,116,162,312,56,0,0,0
35,0,255,0,241,381,22,0,16,0,35,237,12,225,0,199,76,0,266,386,117,165,431,35,57,0,158,76,2,1,210,9,123,9,215,33,124,16,0,0,0,7,0,0,61,0,0,0,0,4,52,0,0,0,112,0,0,0,0,0,0,0,21,0,0,0,0,0,0,0,0,0,0,0,0,0,0,0,0,0,0,0,0,0,71,0,0,0,0,0,0,0,0,0,0,0,0,0,0,0,0,0,0,0,0,0,0,0,0,0,0,0,0,0,0,0,0,0,0,0,0,0,0,0,10,0,10,0,0,0,0,0,0,0,95,0,20,0,0,0,3,0,90,0,0,0,37,0,92,0,63,0,67,0,0,0,0,0,0,0,5,0,0,0,80,0,106,0,93,0,0,0,0,0,5,0,27,37,8,0,25,0,7,0,76,0,0,3,0,0,0,0,0,0,0,0,5,0,0,0,0,0,0,0,0,0,0,0,38,0,164,298,195,12,45,0,0,0,0,0,0,0,0,0,0
325,29,138,236,169,163,0,61,0,22,309,6,23,0,199,0,124,11,0,484,66,256,424,365,22,70,0,119,22,48,24,95,62,110,5,114,9,80,26,0,0,0,1,11,0,38,0,14,0,38,0,7,0,0,1,437,0,27,0,0,0,2,0,30,0,0,0,0,0,0,0,0,0,0,0,0,0,0,0,0,0,41,0,0,0,115,0,0,0,0,0,34,0,0,0,0,0,0,0,0,0,0,0,0,0,0,0,470,0,0,0,0,0,0,0,0,0,0,0,0,0,0,0,0,0,0,0,0,6,0,0,0,0,20,0,249,0,199,9,96,1,39,0,98,9,0,0,0,0,13,0,0,0,0,0,0,0,0,7,4,0,0,0,0,0,3,0,120,0,27,0,0,0,17,0,0,35,38,33,0,0,0,0,0,0,0,0,0,0,0,0,0,0,0,0,0,0,0,0,0,0,168,0,0,0,0,0,86,0,74,13,12,24,0,31,0,0,0,114,97,132,20,1,0,0
235,102,138,85,42,118,11,0,0,11,67,42,0,0,76,124,0,15,88,0,432,18,111,157,165,65,87,0,289,11,49,0,81,13,28,0,10,0,29,9,0,0,30,0,92,0,3,0,5,0,0,0,76,0,29,2,12,0,4,0,12,0,472,0,0,0,1,1,0,0,59,0,13,0,123,0,0,0,0,0,127,0,0,0,773,0,109,0,0,0,164,0,0,0,0,0,313,0,264,0,69,0,0,0,75,0,368,0,0,0,0,0,0,0,0,0,0,0,0,0,129,0,134,0,0,0,0,0,16,0,0,0,9,0,33,0,70,0,80,0,50,0,220,0,35,0,0,0,3,0,0,0,0,0,57,0,0,0,34,2,3,0,0,0,0,0,7,0,34,0,0,0,13,0,0,0,11,14,1,0,2,0,0,0,0,0,0,0,0,0,0,0,0,0,0,0,0,0,0,0,0,0,0,0,0,0,0,0,5,1,43,301,58,3,20,0,0,0,3,0,0,1,0,0,0
76,51,18,80,0,0,28,18,40,0,0,0,0,0,0,11,15,0,0,0,0,150,12,150,130,125,0,0,0,196,0,62,0,64,0,37,0,38,0,54,0,0,0,7,0,0,0,0,0,0,0,6,0,35,0,33,0,54,0,0,0,0,14,135,0,0,0,0,0,0,0,0,0,0,0,0,0,0,0,0,0,29,0,0,0,75,0,19,0,0,0,0,0,0,0,22,0,70,0,0,0,0,0,0,0,0,0,122,0,0,0,0,0,0,0,0,0,0,0,0,0,21,0,8,0,0,0,0,0,24,0,2,0,19,0,61,0,233,0,138,0,68,0,210,0,2,0,0,5,1,0,0,0,0,0,42,0,0,0,31,4,4,0,0,0,2,1,6,0,0,0,0,0,8,0,0,2,38,0,0,0,0,0,7,0,0,0,0,0,0,0,0,0,0,0,0,0,0,0,0,0,27,0,0,0,0,0,7,0,20,0,0,0,0,0,0,0,0,14,161,23,3,0,0,0
34,0,65,0,199,0,7,0,16,0,41,22,30,335,266,0,88,0,0,229,110,30,227,0,0,0,109,269,0,0,30,0,0,0,205,0,49,0,0,0,12,54,54,23,67,22,10,110,0,3,256,19,0,0,0,0,0,0,0,0,0,0,42,0,0,0,1,0,0,0,20,0,0,0,0,0,0,0,0,0,0,0,0,0,0,0,0,0,0,0,0,0,0,0,0,0,0,0,0,0,0,0,0,0,0,0,0,0,0,0,0,0,0,0,0,0,0,0,0,0,0,0,0,0,0,0,0,0,0,0,0,0,0,0,35,0,20,0,0,0,0,0,0,0,7,0,15,0,33,0,0,0,29,0,0,0,0,0,0,2,0,0,0,0,91,0,16,0,30,0,1,0,4,0,0,0,6,16,5,0,0,0,14,0,35,0,17,8,0,0,0,0,0,0,0,0,0,0,0,0,0,0,0,0,0,0,0,0,0,0,67,190,147,13,22,0,0,0,0,0,0,1,0,0,0
0,84,20,54,408,273,0,22,0,0,318,20,496,25,386,484,0,0,229,0,173,466,15,160,0,13,69,280,0,2,7,66,0,9,83,354,8,112,0,0,67,9,4,142,13,101,30,56,0,11,48,227,0,19,0,142,0,16,0,0,0,13,0,49,0,12,0,0,0,0,0,0,0,0,0,14,0,0,0,0,0,119,0,89,0,128,0,74,0,0,0,0,0,0,0,183,0,0,0,60,0,0,0,0,0,0,0,342,0,0,0,0,0,0,0,0,0,0,0,2,0,56,0,0,0,0,0,0,0,0,0,5,0,0,0,123,0,115,0,37,0,52,0,109,0,0,0,0,0,39,0,0,0,0,0,0,0,0,0,0,0,2,0,0,4,135,0,66,0,202,0,0,1,0,0,0,24,62,85,2,0,0,0,3,0,0,9,0,0,0,0,0,0,0,0,0,0,0,0,0,0,0,0,0,0,0,0,54,0,65,0,0,12,0,72,0,0,0,224,245,270,65,0,0,0
26,0,127,6,173,127,21,0,0,0,149,47,12,72,117,66,432,0,110,173,0,60,173,18,59,0,98,60,26,0,230,3,101,2,193,13,66,8,11,0,0,8,9,0,34,0,0,25,0,0,70,0,27,0,14,0,29,0,20,4,6,0,227,0,9,0,0,0,0,0,207,0,0,0,251,0,0,0,0,0,183,0,0,0,456,0,0,0,0,0,0,0,0,0,0,0,175,0,353,0,0,0,0,0,42,0,217,1,0,0,0,0,0,0,0,0,0,0,0,0,152,0,52,0,0,0,0,0,0,0,0,0,0,0,0,0,14,0,38,0,55,0,60,0,134,0,0,0,0,0,0,0,0,0,9,0,0,0,0,0,17,2,29,0,59,0,68,0,72,0,10,0,16,0,0,0,0,0,2,0,0,0,0,0,0,0,1,1,0,0,0,0,0,0,0,0,0,0,0,0,0,0,0,0,0,0,0,0,0,0,159,248,88,9,38,4,0,0,0,0,9,0,0,0,0
23,38,27,67,147,156,0,11,0,0,137,32,94,17,165,256,18,150,30,466,60,0,77,346,0,61,25,254,0,54,14,89,18,22,0,163,0,51,3,0,12,0,2,87,0,122,0,10,0,34,12,97,0,27,0,54,0,22,0,0,0,0,0,143,0,0,0,0,0,0,0,0,0,0,0,44,0,22,0,0,0,192,0,0,0,222,0,115,0,0,0,0,0,0,0,95,0,0,0,116,0,0,0,0,0,0,0,0,0,0,0,0,0,1,0,0,0,0,0,0,0,165,0,0,0,0,0,0,0,0,1,0,0,0,0,0,0,332,0,159,0,354,0,570,0,134,0,0,0,0,0,0,0,0,0,14,0,0,0,0,0,0,0,0,0,49,0,62,0,96,0,2,0,13,0,0,0,24,15,2,0,0,0,3,0,0,1,0,0,0,0,0,0,0,0,0,0,0,0,0,0,0,0,0,0,0,0,0,0,0,12,3,6,0,89,0,0,0,447,423,231,39,0,0,0
66,184,782,157,88,451,44,0,0,0,53,329,0,0,431,424,111,12,227,15,173,77,0,426,346,39,115,0,16,36,34,17,44,49,14,12,20,26,30,12,0,0,5,0,78,0,16,0,0,0,10,0,16,0,187,2,0,0,0,0,0,0,11,0,0,0,0,0,0,0,0,0,0,0,0,0,0,0,0,0,0,0,0,0,132,0,0,0,0,0,0,0,0,0,0,0,113,0,0,0,0,0,0,0,0,0,130,0,0,0,0,0,0,0,0,0,0,0,0,0,0,0,13,0,0,0,0,0,27,0,0,0,0,0,86,0,73,0,18,4,0,0,177,0,0,3,0,0,10,0,27,0,12,0,15,0,0,0,0,0,0,0,0,0,0,0,23,0,0,0,0,0,13,0,0,0,15,61,0,0,9,0,0,4,7,0,0,0,0,0,0,0,0,0,0,0,0,0,0,0,159,0,0,0,0,0,0,0,19,0,22,151,29,0,0,0,0,0,0,0,9,0,0,0,0
422,70,131,195,51,99,0,22,12,9,82,15,0,1,35,365,157,150,0,160,18,346,426,0,165,218,0,90,18,75,9,77,24,42,0,27,0,19,20,8,0,0,0,7,0,37,0,0,0,52,0,3,0,27,0,44,0,11,0,0,0,0,4,129,0,0,0,0,0,0,0,0,0,0,0,0,0,0,0,0,0,67,0,0,0,156,0,0,0,0,0,67,0,0,0,0,0,113,0,0,0,58,0,0,0,0,0,283,0,0,0,0,0,0,0,0,0,0,0,0,0,56,0,0,0,0,0,0,0,0,0,0,0,0,0,71,0,140,0,44,0,40,0,215,0,4,0,0,0,0,0,0,0,6,0,0,0,0,0,6,0,0,0,0,0,1,0,53,0,21,0,3,0,21,0,0,9,44,6,0,0,0,8,0,0,1,0,0,0,0,0,0,0,0,0,0,0,0,0,0,0,44,0,0,0,0,0,0,0,0,9,0,16,1,21,0,0,0,95,279,103,18,0,0,0
18,324,307,94,7,0,379,140,9,209,0,0,0,0,57,22,165,130,0,0,59,0,346,165,0,421,16,0,79,34,0,0,0,0,0,0,0,13,29,59,0,0,0,0,19,0,0,0,0,0,0,0,85,0,197,16,9,0,0,0,26,0,72,61,1,0,0,0,0,0,0,0,0,0,5,0,0,0,0,0,0,0,0,0,85,0,0,0,0,0,38,0,0,0,0,0,58,0,10,0,0,0,0,0,0,0,49,1,0,0,0,0,0,0,0,0,0,0,0,0,3,0,9,0,0,0,0,0,42,1,0,0,2,0,27,0,76,0,43,3,11,0,95,0,1,0,0,0,0,0,1,0,0,0,21,4,0,0,0,0,0,0,3,0,0,0,0,0,0,0,4,0,21,7,0,1,0,56,0,0,2,0,0,26,0,0,0,0,0,0,0,0,0,0,0,0,0,0,0,0,51,0,0,0,0,0,0,0,13,0,83,151,45,24,40,2,1,0,12,0,11,0,0,0,0
218,18,41,119,0,4,182,568,334,54,0,0,0,0,0,70,65,125,0,13,0,61,39,218,421,0,0,0,0,244,0,14,0,34,0,0,0,8,4,128,0,0,0,0,0,10,0,0,0,0,0,0,25,0,17,271,0,42,0,0,15,13,145,94,9,0,0,0,0,0,0,0,0,0,0,0,0,0,0,0,0,0,0,0,0,10,0,0,0,0,0,0,0,0,0,0,1,0,0,0,0,0,0,0,0,0,0,60,0,0,0,0,0,0,0,0,0,0,0,0,0,0,0,0,0,0,0,0,0,5,0,1,0,7,0,49,0,61,0,25,0,11,0,18,0,0,0,0,0,0,0,0,0,0,0,6,1,0,0,0,7,0,0,0,0,0,0,5,0,0,0,0,1,20,0,0,12,30,0,0,0,0,13,23,0,0,0,0,0,0,0,0,0,0,0,0,0,0,0,0,0,0,0,0,0,0,0,7,0,8,0,0,0,0,16,0,0,0,23,141,54,6,0,0,0
31,0,42,0,148,0,0,0,0,0,56,0,66,152,158,0,87,0,109,69,98,25,115,0,16,0,0,247,0,0,7,0,7,0,23,10,77,2,0,0,31,65,149,23,233,50,103,212,27,10,223,29,0,0,0,0,0,0,0,0,0,0,33,0,0,0,0,0,0,0,79,0,0,0,0,0,0,0,0,0,0,0,0,0,0,0,0,0,0,0,0,0,0,0,0,0,0,0,0,0,0,0,0,0,0,0,0,0,0,0,0,0,0,0,0,0,0,0,0,0,41,0,0,0,0,0,0,0,0,0,0,0,0,0,0,0,0,0,8,0,13,0,0,0,52,0,0,0,0,0,0,0,0,0,0,0,0,0,0,0,0,1,0,0,182,0,0,0,30,0,6,0,21,0,0,0,3,15,0,0,0,0,0,0,18,0,55,5,0,0,0,0,0,0,0,0,4,0,0,0,0,0,0,0,0,0,0,0,0,0,59,264,275,10,18,0,0,0,0,1,0,0,0,0,0
0,176,0,18,133,259,0,0,0,0,0,95,598,42,76,119,0,0,269,280,60,254,0,90,0,0,247,0,0,0,0,0,0,0,0,84,0,35,0,0,236,22,15,501,34,335,92,180,8,23,84,509,0,15,0,42,0,15,0,0,0,14,0,37,0,0,0,0,0,18,0,0,0,0,0,33,0,0,0,10,0,0,0,0,0,150,0,67,0,37,0,0,0,0,0,192,0,0,0,0,0,135,0,0,0,0,0,0,0,2,0,0,0,0,0,0,0,0,0,0,0,151,0,0,0,3,0,10,0,0,0,0,0,0,0,0,0,127,0,0,0,106,0,202,0,55,0,0,0,22,0,0,0,0,2,0,0,0,0,0,0,0,0,0,0,164,0,0,0,0,0,8,0,0,0,0,21,94,43,3,1,0,0,0,0,0,58,20,0,0,0,0,0,0,0,0,0,0,0,0,0,0,0,0,0,0,0,57,0,42,0,0,0,0,45,0,0,0,124,227,385,72,0,0,1
296,0,537,0,63,0,41,0,2,0,39,6,0,0,2,22,289,0,0,0,26,0,16,18,79,0,0,0,0,0,104,0,16,0,39,0,4,0,8,0,0,0,19,0,0,0,0,0,0,0,32,0,37,0,0,0,0,0,0,0,9,0,142,0,0,0,0,0,0,0,33,0,0,0,51,0,0,0,0,0,43,0,0,0,106,0,44,0,0,0,32,0,0,0,0,0,44,0,87,0,0,0,0,0,19,0,59,0,0,0,0,0,0,0,0,0,0,0,0,0,41,0,29,0,0,0,0,0,4,0,0,0,0,0,25,0,19,0,91,0,107,0,44,0,76,0,0,0,0,0,0,0,0,0,26,0,4,0,19,0,0,0,0,0,0,0,1,0,0,0,0,0,1,0,0,0,0,0,0,0,3,0,0,0,4,0,0,0,0,0,0,0,0,0,0,0,0,0,0,0,22,0,0,0,0,0,0,0,0,0,16,83,3,0,3,0,0,0,0,0,0,0,0,0,0
37,229,9,214,0,40,8,71,0,0,0,19,0,0,1,48,11,196,0,2,0,54,36,75,34,244,0,0,0,0,0,21,0,37,0,35,0,62,0,51,0,0,0,11,0,0,0,0,0,0,0,8,0,13,0,45,0,21,0,0,0,15,0,103,0,0,0,0,0,0,0,0,0,0,0,0,0,0,0,0,0,0,0,0,0,19,0,0,0,0,0,0,0,0,0,0,0,0,0,0,0,0,0,0,0,0,0,0,0,0,0,0,0,0,0,0,0,0,0,0,0,0,0,4,0,1,0,0,0,0,0,0,0,5,0,0,0,214,0,228,0,205,0,167,0,51,0,0,0,3,0,0,0,0,0,66,0,5,0,44,0,4,0,0,0,0,0,0,0,0,0,0,0,0,0,0,4,22,0,0,0,0,0,0,0,0,0,0,0,0,0,0,0,0,0,0,0,0,0,0,0,0,0,0,0,0,0,0,0,0,0,0,0,0,29,0,0,0,70,90,21,13,0,0,0
63,0,250,1,435,30,0,0,0,0,249,6,23,0,210,24,49,0,30,7,230,14,34,9,0,0,7,0,104,0,0,0,48,2,26,0,25,0,60,0,0,0,16,0,0,0,0,0,0,0,29,0,3,0,2,0,0,0,0,0,9,0,11,0,0,0,0,0,0,0,16,0,3,0,20,0,0,0,0,0,0,0,0,0,0,0,0,0,0,0,0,0,0,0,0,0,6,0,37,0,0,0,0,0,0,0,0,0,0,0,0,0,0,0,0,0,0,0,0,0,0,0,0,0,0,0,0,0,0,0,0,0,0,0,0,0,0,0,0,0,10,0,0,0,18,0,0,0,21,0,14,0,0,0,2,0,4,0,0,0,0,0,4,0,2,0,5,0,0,0,1,0,3,0,0,0,0,6,10,0,0,0,0,0,26,0,0,0,0,0,0,0,0,0,0,0,0,0,0,0,0,0,0,0,0,0,0,0,0,0,19,20,10,5,7,0,0,0,0,0,1,0,0,0,0
7,0,7,29,0,187,0,0,0,0,14,33,2,0,9,95,0,62,0,66,3,89,17,77,0,14,0,0,0,21,0,0,0,8,0,66,0,13,0,0,0,0,0,11,0,0,0,0,0,0,0,36,0,0,0,0,0,0,0,0,0,0,0,14,0,0,0,0,0,0,0,0,0,2,0,0,0,0,0,0,0,0,0,0,0,0,0,7,0,0,0,0,0,0,0,0,0,0,0,0,0,0,0,0,0,0,0,0,0,0,0,0,0,0,0,0,0,0,0,0,0,0,0,0,0,0,0,0,0,0,0,0,0,0,0,0,0,0,0,0,0,41,0,38,0,24,0,0,0,0,0,0,0,0,0,0,0,0,0,8,0,0,0,0,0,0,0,7,0,0,0,0,0,3,0,1,2,13,1,0,0,0,0,0,0,0,0,0,0,0,0,0,0,0,0,0,0,0,0,0,0,0,0,0,0,0,0,0,0,0,2,0,0,0,8,0,0,0,52,40,24,9,0,0,0
269,0,419,0,530,0,0,0,0,0,563,0,19,0,123,62,81,0,0,0,101,18,44,24,0,0,7,0,16,0,48,0,0,0,61,0,234,0,15,0,0,0,49,0,0,0,0,0,0,0,64,0,3,0,0,0,0,0,4,1,22,0,15,0,0,0,0,0,0,0,10,0,0,0,0,0,0,0,0,0,0,0,0,0,0,0,0,0,0,0,0,0,0,0,0,0,0,0,0,0,0,0,0,0,0,0,0,0,0,0,0,0,0,0,0,0,0,0,0,0,0,0,0,0,0,0,0,0,0,0,0,0,0,0,0,0,0,0,12,0,9,0,0,0,9,0,0,0,0,0,0,0,0,0,0,0,0,0,3,0,0,0,0,0,8,0,35,0,5,0,0,0,7,0,0,0,13,26,15,0,0,0,0,0,0,0,0,0,0,0,0,0,0,0,0,0,0,0,0,0,0,0,0,0,0,0,0,0,0,0,30,91,62,0,6,0,0,0,0,0,0,0,0,0,0
29,323,21,176,16,347,0,40,0,0,0,114,0,0,9,110,13,64,0,9,2,22,49,42,0,34,0,0,0,37,2,8,0,0,0,50,0,78,0,1,0,0,0,18,0,1,0,0,0,0,0,17,0,6,0,10,0,0,0,0,0,22,0,19,0,0,0,2,0,0,0,0,0,0,0,0,0,0,0,0,0,0,0,0,0,0,0,0,0,0,0,0,0,0,0,0,0,0,0,0,0,0,0,0,0,0,0,0,0,0,0,0,0,0,0,0,0,0,0,0,0,0,0,0,0,0,0,0,0,0,0,0,0,0,0,0,0,0,0,52,0,60,0,0,0,43,0,0,0,0,0,0,0,0,0,14,0,19,0,29,0,0,0,0,0,1,0,20,0,0,0,0,0,4,0,0,0,51,2,1,0,19,0,5,0,7,0,0,0,0,0,0,0,0,0,0,0,0,0,0,0,0,0,0,0,0,0,0,0,0,0,0,0,0,15,0,0,0,40,78,43,8,0,0,0
0,0,0,0,401,0,0,0,0,0,55,5,347,38,215,5,28,0,205,83,193,0,14,0,0,0,23,0,39,0,26,0,61,0,0,0,49,0,29,0,5,0,12,0,3,0,0,0,0,0,87,6,0,0,0,0,0,0,4,0,9,0,7,0,0,0,0,0,0,0,27,0,0,0,25,0,0,0,0,0,0,0,0,0,0,0,18,0,0,0,0,0,0,0,0,0,0,0,0,0,0,0,0,0,0,0,0,0,0,0,0,0,0,0,0,0,0,0,0,0,5,0,0,0,0,0,0,0,0,0,0,0,0,0,0,0,0,0,0,0,0,0,6,0,4,0,0,0,0,0,0,0,0,0,0,0,0,0,0,0,0,0,0,0,40,0,7,0,0,0,0,0,0,0,0,0,0,0,15,0,2,0,5,0,0,0,14,0,0,0,0,0,0,0,0,0,0,0,0,0,0,0,0,0,0,0,0,0,0,0,0,21,44,5,0,0,0,0,0,0,0,0,0,0,0
0,13,0,0,54,352,0,0,0,0,21,44,0,139,33,114,0,37,0,354,13,163,12,27,0,0,10,84,0,35,0,66,0,50,0,0,0,143,0,0,0,0,0,63,0,17,3,4,1,0,0,64,0,0,0,0,0,0,0,0,0,11,0,9,0,0,0,0,0,0,0,0,0,0,0,26,0,0,0,2,0,45,0,0,0,37,0,28,0,0,0,0,0,0,0,0,0,0,0,32,0,0,0,0,0,0,0,0,0,0,0,0,0,0,0,0,0,0,0,0,0,74,0,0,0,0,0,0,0,0,0,0,0,0,0,0,0,47,0,65,0,147,0,111,0,76,0,0,0,0,0,0,0,0,0,8,0,0,0,14,0,0,0,0,0,8,0,36,0,36,0,6,0,11,0,0,4,26,0,0,0,0,0,0,0,0,1,3,0,0,0,0,0,0,0,0,0,0,0,0,0,0,0,0,0,0,0,0,0,0,3,0,5,0,25,0,0,0,82,112,66,24,0,0,0
109,0,0,4,234,0,0,0,0,0,207,0,142,0,124,9,10,0,49,8,66,0,20,0,0,0,77,0,4,0,25,0,234,0,49,0,0,0,169,0,0,0,144,1,43,0,0,0,0,0,55,0,4,0,0,0,0,0,14,0,24,0,9,0,4,0,0,0,0,0,14,0,0,0,23,0,0,0,0,0,17,0,0,0,0,0,11,0,0,0,0,0,0,0,0,0,0,0,0,0,0,0,2,0,0,0,0,0,0,0,0,0,0,0,0,0,0,0,0,0,0,0,0,0,0,0,0,0,0,0,0,0,0,0,0,0,0,0,31,0,40,0,4,0,69,0,0,0,0,0,0,0,0,0,10,0,17,0,9,0,6,0,12,0,30,0,18,0,22,0,8,0,28,0,0,0,0,0,13,0,0,0,0,0,0,0,0,0,0,0,0,0,0,0,1,0,0,0,0,0,1,0,0,0,0,0,0,0,0,0,27,37,48,0,6,0,0,0,0,0,0,0,0,0,0
0,242,0,52,19,340,4,41,0,11,23,130,0,40,16,80,0,38,0,112,8,51,26,19,13,8,2,35,0,62,0,13,0,78,0,143,0,0,0,52,0,0,0,183,0,80,0,0,1,5,0,125,0,0,0,0,0,7,0,13,0,37,0,18,0,0,0,0,0,1,0,5,0,0,0,18,0,0,0,0,0,32,0,6,0,18,0,0,0,3,0,0,0,0,0,0,0,0,0,0,0,0,0,0,0,0,0,0,0,0,0,0,0,0,0,0,0,0,0,0,0,49,0,6,0,0,0,0,0,2,0,0,0,0,0,0,0,28,0,73,0,147,0,53,0,108,0,0,0,9,0,0,0,0,0,6,0,29,0,25,0,0,0,0,0,16,0,78,0,50,0,5,0,41,0,0,8,71,0,12,0,7,2,16,0,4,0,0,0,0,0,0,0,0,0,0,0,0,0,0,0,0,0,0,0,0,0,0,0,0,0,0,0,0,7,0,0,0,36,104,67,6,0,0,0
865,0,444,0,53,35,88,0,10,0,35,0,0,0,0,26,29,0,0,0,11,3,30,20,29,4,0,0,8,0,60,0,15,0,29,0,169,0,0,0,0,0,26,0,2,0,0,0,0,0,27,0,16,0,4,0,0,0,0,0,13,0,38,0,0,0,0,0,0,0,4,0,0,0,8,0,0,0,0,0,0,0,0,0,0,0,0,0,0,0,0,0,0,0,0,0,0,0,0,0,0,0,0,0,0,0,0,0,0,0,0,0,0,0,0,0,0,0,0,0,0,0,0,0,0,0,0,0,0,0,0,0,0,0,0,0,0,0,68,0,43,0,0,0,46,0,0,0,0,0,0,0,0,0,41,0,37,0,15,0,0,0,2,0,0,0,23,0,0,0,0,0,90,0,0,0,7,0,0,0,0,0,0,0,0,0,0,0,0,0,0,0,0,0,0,0,0,0,0,0,0,0,0,0,0,0,0,0,0,0,3,147,12,0,3,0,0,0,0,0,0,0,0,0,0
23,392,11,159,0,11,0,479,12,56,0,7,0,0,0,0,9,54,0,0,0,0,12,8,59,128,0,0,0,51,0,0,0,1,0,0,0,52,0,0,0,0,0,1,0,0,0,0,0,0,0,1,0,8,0,17,0,0,0,2,0,16,9,16,0,0,0,0,0,0,0,0,0,0,0,0,0,0,0,0,0,0,0,0,0,1,0,0,0,0,0,0,0,0,0,0,0,0,0,0,0,0,0,0,0,0,0,0,0,0,0,0,0,0,0,0,0,0,0,0,0,0,0,0,0,0,0,0,0,0,0,0,0,0,0,0,0,17,0,30,0,30,0,16,0,15,0,0,0,0,0,0,0,0,0,16,0,13,0,6,0,0,0,1,0,0,0,3,0,0,0,1,0,48,0,0,8,117,0,0,0,0,0,26,0,18,0,0,0,0,0,0,0,0,0,0,0,0,0,0,0,0,0,0,0,0,0,0,0,0,0,0,0,0,19,0,0,0,47,215,26,7,0,0,0
42,0,4,0,82,0,0,0,10,0,150,4,299,77,0,0,0,0,12,67,0,12,0,0,0,0,31,236,0,0,0,0,0,0,5,0,0,0,0,0,0,73,21,5,74,110,195,281,304,30,11,18,0,0,0,0,0,0,0,0,0,0,0,0,0,0,0,0,0,0,0,0,0,0,0,0,0,0,0,0,0,0,0,0,0,0,0,0,0,0,0,0,0,0,2,0,0,0,0,0,0,0,1,0,0,0,0,0,0,0,0,0,0,0,0,0,0,0,0,0,0,0,0,0,0,0,0,0,0,0,0,0,0,0,0,0,0,0,0,0,0,0,0,0,0,0,0,0,0,0,0,0,0,0,0,0,0,0,0,0,0,0,0,0,38,0,0,0,0,0,0,0,0,0,0,0,9,31,68,0,0,0,9,0,6,0,298,16,1,0,0,0,8,0,0,0,0,0,0,0,0,0,0,0,0,0,0,0,0,0,0,103,70,3,0,0,0,46,0,6,0,0,0,0,0
0,100,0,0,0,26,0,0,0,0,0,187,107,318,7,0,0,0,54,9,8,0,0,0,0,0,65,22,0,0,0,0,0,0,0,0,0,0,0,0,73,0,4,62,18,123,42,156,3,369,10,31,0,0,0,0,0,0,0,0,0,0,0,0,0,0,0,0,0,4,0,0,0,0,0,0,0,0,0,0,0,0,0,0,0,0,0,0,0,1,0,0,0,0,0,4,0,0,0,0,0,0,0,2,0,0,0,0,0,0,0,0,0,0,0,0,0,0,0,0,0,0,0,0,0,0,0,0,0,0,0,0,0,0,0,0,0,0,0,0,0,0,0,0,0,0,0,0,0,0,0,0,0,0,0,0,0,0,0,0,0,0,0,0,0,62,0,0,0,0,0,0,0,0,0,0,0,243,6,48,0,49,0,0,0,20,37,33,0,0,0,0,0,0,0,0,0,0,0,0,0,0,0,0,0,0,0,0,0,0,0,0,0,0,0,0,0,0,0,18,31,0,0,0,19
0,0,0,0,0,0,0,0,0,0,0,0,19,0,0,1,30,0,54,4,9,2,5,0,0,0,149,15,19,0,16,0,49,0,12,0,144,0,26,0,21,4,0,0,208,4,23,6,24,0,39,0,4,0,0,0,16,0,12,0,31,0,10,0,0,0,0,0,0,0,43,0,6,0,67,0,0,0,0,0,0,0,0,0,36,0,0,0,0,0,0,0,0,0,0,0,0,0,91,0,0,0,6,0,0,0,26,0,0,0,0,0,0,0,0,0,0,0,0,0,34,0,0,0,0,0,0,0,0,0,0,0,0,0,0,0,0,0,39,0,55,0,0,0,81,0,0,0,0,0,0,0,0,0,5,0,13,0,0,0,4,0,0,0,47,0,11,0,6,0,7,0,37,0,0,0,1,0,0,0,0,0,0,0,0,0,19,1,0,0,0,0,0,0,0,0,0,0,0,0,0,0,0,0,0,0,0,0,1,0,48,72,52,5,9,0,0,0,0,2,0,0,0,0,0
0,0,0,0,0,18,0,0,0,0,0,4,0,141,0,11,0,7,23,142,0,87,0,7,0,0,23,501,0,11,0,11,0,18,0,63,1,183,0,1,5,62,0,0,8,378,8,110,0,85,7,71,0,0,0,0,0,9,0,0,0,14,0,0,0,0,0,0,0,4,0,0,0,0,0,0,0,0,0,0,0,90,0,0,0,74,0,0,0,0,0,0,0,0,0,0,0,0,0,0,0,0,0,0,0,0,0,0,0,0,0,0,0,0,0,0,0,0,0,0,0,77,0,0,0,0,0,0,0,0,0,0,0,0,0,0,0,0,0,50,0,105,0,105,0,62,0,0,0,0,0,0,0,0,0,9,0,2,0,0,0,0,0,0,0,80,0,12,0,0,0,4,0,13,0,0,1,13,0,0,0,0,0,0,0,0,1,40,0,0,0,0,0,0,0,0,0,0,0,0,0,0,0,0,0,0,0,0,0,0,0,0,0,0,9,0,0,0,59,68,111,0,0,0,0
43,0,22,0,97,7,0,0,0,0,92,0,89,18,61,0,92,0,67,13,34,0,78,0,19,0,233,34,0,0,0,0,0,0,3,0,43,0,2,0,74,18,208,8,0,23,225,99,185,26,114,3,0,0,0,0,19,0,14,0,7,0,76,0,0,0,0,0,0,0,47,0,0,0,59,0,8,0,0,0,48,0,18,0,183,0,53,0,0,0,68,0,0,0,54,0,100,0,85,0,0,0,28,0,0,0,138,0,1,0,0,0,0,0,0,0,0,0,0,0,26,0,17,0,0,0,3,0,0,0,0,0,0,0,19,0,0,0,0,0,10,0,0,0,21,0,0,0,0,0,22,0,28,0,0,0,0,0,0,0,12,0,5,0,311,0,12,0,33,0,13,0,17,0,0,0,8,11,19,0,22,0,21,0,15,0,66,2,0,0,0,0,0,0,20,0,0,0,0,0,0,0,0,0,0,0,0,0,0,0,119,228,264,18,27,0,2,44,0,7,0,0,0,0,0
1,23,0,0,0,0,0,5,0,0,0,27,86,48,0,38,0,0,22,101,0,122,0,37,0,10,50,335,0,0,0,0,0,1,0,17,0,80,0,0,110,123,4,378,23,0,90,470,18,272,6,190,0,0,0,0,0,0,0,12,0,0,0,17,0,0,0,0,0,12,0,0,0,0,0,40,0,0,0,8,0,121,0,0,0,63,0,0,0,22,0,0,0,17,0,62,0,0,0,65,0,70,0,18,0,0,0,0,0,0,0,0,0,1,0,0,0,0,0,0,0,104,0,20,0,0,0,0,0,0,0,0,0,0,0,0,0,0,0,0,0,63,0,128,0,65,0,0,0,7,0,0,0,0,0,4,0,0,0,0,0,0,0,9,0,248,0,17,0,17,0,15,0,34,0,0,0,58,0,0,0,0,0,0,0,4,32,29,0,0,0,0,0,0,0,0,0,0,0,0,0,0,0,0,0,0,0,0,0,0,0,2,0,0,20,0,0,0,76,284,421,15,0,1,70
46,0,11,0,73,0,0,0,0,0,158,0,278,65,0,0,3,0,10,30,0,0,16,0,0,0,103,92,0,0,0,0,0,0,0,3,0,0,0,0,195,42,23,8,225,90,0,193,272,52,4,7,0,0,3,0,0,0,0,0,0,0,0,0,0,0,0,0,0,0,0,0,0,0,0,0,0,0,0,0,4,0,0,0,0,0,0,0,0,0,0,0,2,0,5,0,0,0,0,0,0,0,0,0,0,0,0,0,0,0,0,0,0,0,0,0,0,0,0,0,0,0,0,0,0,0,0,0,0,0,0,0,0,0,6,0,1,0,0,0,0,0,0,0,0,0,0,0,19,0,0,0,0,0,0,0,0,0,0,0,0,0,0,0,63,0,0,0,0,0,0,0,0,0,0,0,18,20,140,0,0,0,35,0,0,0,230,0,0,0,0,0,0,0,0,0,0,0,0,0,0,0,0,0,2,0,0,0,0,0,0,162,152,0,0,0,0,92,0,16,0,0,0,0,0
0,177,0,0,0,58,0,0,0,0,0,242,262,185,0,14,0,0,110,56,25,10,0,0,0,0,212,180,0,0,0,0,0,0,0,4,0,0,0,0,281,156,6,110,99,470,193,0,39,274,33,65,0,0,0,0,0,0,0,0,0,0,0,0,0,0,0,0,0,0,0,0,0,0,0,0,0,0,0,0,0,0,0,0,0,0,0,0,0,0,0,0,0,3,0,7,0,0,0,0,0,0,0,0,0,0,0,0,0,0,0,0,0,0,0,0,0,0,0,0,0,0,0,0,0,0,0,0,0,1,0,0,0,0,0,0,0,0,0,0,0,0,0,0,0,0,0,0,0,15,0,0,0,0,0,1,0,0,0,0,0,1,0,0,0,43,0,0,0,0,0,0,0,0,0,0,0,256,11,27,0,0,0,7,0,0,71,27,0,0,0,0,0,0,0,0,0,2,0,0,0,0,0,0,0,0,0,0,0,27,0,3,0,0,3,0,0,0,0,209,192,10,0,0,73
13,0,6,0,4,1,20,0,6,0,25,1,34,0,0,0,5,0,0,0,0,0,0,0,0,0,27,8,0,0,0,0,0,0,0,1,0,1,0,0,304,3,24,0,185,18,272,39,0,39,5,0,0,0,5,0,4,0,6,0,0,0,0,0,0,0,0,0,6,0,0,0,0,0,0,0,0,0,2,0,3,0,7,0,5,0,5,0,1,0,5,0,11,0,34,1,0,0,2,0,12,0,32,1,13,0,3,0,1,0,0,0,0,0,0,0,0,0,0,0,0,0,0,0,0,0,0,0,0,0,1,0,0,0,0,0,0,2,0,0,2,0,0,0,0,0,0,0,0,0,0,0,6,0,2,0,0,0,1,0,4,0,0,0,9,1,0,0,9,0,0,0,4,0,0,0,15,0,36,0,3,0,0,0,0,0,398,0,18,1,17,0,29,0,11,0,2,0,8,0,0,0,14,0,16,0,0,0,0,0,13,45,127,0,16,1,0,31,0,12,5,11,0,0,0
0,14,0,0,1,9,0,4,0,0,0,70,3,105,4,38,0,0,3,11,0,34,0,52,0,0,10,23,0,0,0,0,0,0,0,0,0,5,0,0,30,369,0,85,26,272,52,274,39,0,0,28,0,3,0,32,0,4,0,6,0,0,0,22,0,0,0,1,0,2,0,0,0,0,0,0,0,0,0,0,0,42,0,0,0,46,0,0,0,7,0,0,0,8,0,0,0,22,0,0,0,32,0,6,0,0,0,101,0,0,0,0,0,0,0,0,0,0,0,0,0,36,0,0,0,0,0,0,0,0,0,0,0,0,0,7,0,0,0,7,0,12,0,31,0,2,0,0,0,0,0,0,0,17,0,0,0,0,0,3,0,0,0,5,1,41,0,1,0,9,0,7,0,7,0,8,0,271,4,19,0,17,1,0,0,0,12,60,0,1,0,0,0,0,0,0,0,0,0,0,0,0,0,0,0,0,0,0,0,0,0,3,0,0,6,0,0,3,48,101,71,5,0,0,16
0,0,0,0,106,0,0,0,0,0,24,0,120,39,52,0,0,0,256,48,70,12,10,0,0,0,223,84,32,0,29,0,64,0,87,0,55,0,27,0,11,10,39,7,114,6,4,33,5,0,0,0,0,0,0,0,20,0,13,0,21,0,7,0,0,0,1,0,2,0,16,0,3,0,17,0,0,0,0,0,7,0,11,0,0,0,16,0,0,1,0,0,0,0,24,0,0,0,29,0,12,0,14,0,0,0,0,0,0,0,0,0,1,0,0,0,0,0,0,0,9,0,6,0,0,0,2,0,0,0,0,0,0,0,0,0,0,0,19,0,24,0,4,0,21,0,0,0,0,0,0,0,0,0,0,0,9,0,0,0,10,0,9,0,102,0,19,0,42,0,10,0,46,0,0,0,0,0,15,0,0,0,0,0,0,0,102,0,0,0,0,0,0,0,5,0,2,0,0,0,6,0,0,0,0,0,0,0,0,0,48,95,91,15,18,2,0,0,0,0,0,0,0,0,0
0,0,0,0,0,71,0,0,0,6,0,32,45,360,0,7,0,6,19,227,0,97,0,3,0,0,29,509,0,8,0,36,0,17,6,64,0,125,0,1,18,31,0,71,3,190,7,65,0,28,0,0,0,0,0,7,0,10,0,19,0,10,0,0,0,0,0,0,0,15,0,0,0,0,0,22,0,8,0,0,0,43,0,28,0,0,0,23,0,15,0,0,0,11,0,68,0,0,0,0,0,34,0,9,0,0,0,0,0,0,0,0,0,0,0,0,0,0,0,0,0,47,0,6,0,0,0,0,0,1,0,0,0,0,0,0,0,12,0,15,0,48,0,37,0,54,0,0,0,0,0,0,0,0,0,5,0,2,0,3,0,9,0,4,0,57,0,27,0,48,0,17,0,56,0,0,0,23,0,2,0,0,0,0,0,0,6,55,0,0,0,2,0,0,0,4,0,0,0,0,0,2,0,0,0,0,0,0,0,0,0,0,0,0,11,0,0,0,46,45,62,0,0,0,0
1,0,6,0,0,0,116,30,116,139,0,0,0,0,0,0,76,0,0,0,27,0,16,0,85,25,0,0,37,0,3,0,3,0,0,0,4,0,16,0,0,0,4,0,0,0,0,0,0,0,0,0,0,25,283,95,343,16,90,91,28,1,139,23,3,9,3,211,0,0,4,0,0,0,9,1,0,0,0,0,11,0,0,0,136,0,0,0,0,0,0,0,0,0,0,0,33,0,26,0,0,0,7,0,0,0,34,3,0,0,0,0,0,0,0,0,0,0,0,0,34,0,45,0,3,0,4,0,43,0,3,0,17,0,0,2,60,2,182,6,106,0,106,0,17,3,1,0,5,0,0,0,0,1,397,5,99,0,160,3,13,0,7,0,0,0,0,0,0,0,34,0,4,0,0,0,0,0,0,0,0,0,0,0,0,0,0,0,0,0,0,0,0,0,0,0,0,0,0,0,0,0,0,0,0,0,0,0,0,0,91,566,59,64,54,0,10,0,0,0,0,0,0,0,0
0,8,0,0,0,9,6,5,39,69,0,4,0,0,0,0,0,35,0,19,0,27,0,27,0,0,0,15,0,13,0,0,0,6,0,0,0,0,0,8,0,0,0,0,0,0,0,0,0,3,0,0,25,0,30,103,0,124,67,23,0,62,8,73,0,0,37,8,0,0,0,0,0,0,0,0,0,0,0,0,0,0,0,0,0,4,0,0,0,0,0,0,0,0,0,0,0,0,0,0,0,0,0,0,0,0,0,12,0,0,0,0,0,0,0,0,0,0,0,0,0,0,0,0,0,0,0,0,0,15,0,6,0,11,2,21,0,128,0,166,0,39,0,54,0,10,0,0,0,0,0,0,0,0,2,94,0,87,0,107,0,8,0,0,0,0,0,0,0,0,0,7,0,2,0,0,0,3,0,0,0,0,0,3,5,0,0,0,0,0,0,0,0,0,0,0,0,0,0,0,0,4,0,0,0,0,0,0,0,0,1,0,2,0,45,0,0,0,68,70,45,46,0,0,0
4,3,200,0,9,0,130,20,52,248,2,0,0,0,112,1,29,0,0,0,14,0,187,0,197,17,0,0,0,0,2,0,0,0,0,0,0,0,4,0,0,0,0,0,0,0,3,0,5,0,0,0,283,30,0,140,91,15,63,29,12,2,31,37,4,0,0,213,0,0,0,0,0,0,0,0,0,0,0,0,0,0,0,0,0,0,0,0,0,0,0,0,0,0,0,0,0,0,0,0,0,0,0,0,0,0,12,0,0,0,0,0,0,0,0,0,0,0,0,0,0,0,0,0,0,0,0,0,79,0,6,0,24,0,50,0,63,0,11,5,5,0,69,0,0,1,3,0,4,6,0,0,0,0,58,0,28,0,10,0,14,0,0,0,0,0,0,0,0,0,56,0,6,0,0,0,0,0,0,0,0,0,0,4,0,6,0,0,0,0,0,0,0,0,1,0,0,0,1,0,35,0,0,0,0,0,0,0,31,0,268,151,267,156,123,0,43,0,0,0,1,0,0,0,0
0,22,0,317,0,50,28,235,296,168,0,0,0,0,0,437,2,33,0,142,0,54,2,44,16,271,0,42,0,45,0,0,0,10,0,0,0,0,0,17,0,0,0,0,0,0,0,0,0,32,0,7,95,103,140,0,20,124,155,229,0,84,28,143,6,2,105,17,0,0,0,0,0,0,0,0,0,0,0,0,0,0,0,0,0,0,0,0,0,0,0,0,0,0,0,0,0,0,0,0,0,0,0,0,0,0,0,18,0,0,0,0,0,0,0,0,0,0,0,0,0,0,0,0,0,13,0,8,0,64,0,14,0,36,0,141,0,191,3,62,0,12,0,13,2,0,0,0,9,0,0,4,0,0,0,54,6,12,0,16,0,55,0,0,0,2,0,8,0,3,0,88,0,39,0,0,5,13,0,1,0,4,0,0,0,0,0,0,0,0,0,0,0,0,0,0,0,0,0,0,0,0,0,0,0,0,0,0,0,50,2,1,0,0,135,0,0,0,307,110,469,160,0,6,0
4,0,0,0,0,0,5,0,9,0,0,0,0,0,0,0,12,0,0,0,29,0,0,0,9,0,0,0,0,0,0,0,0,0,0,0,0,0,0,0,0,0,16,0,19,0,0,0,4,0,20,0,343,0,91,20,0,0,304,43,9,0,12,3,113,0,24,89,0,0,0,0,0,0,0,0,0,0,0,0,0,0,0,0,0,0,0,0,0,0,0,0,0,0,0,0,0,0,0,0,0,0,0,0,0,0,0,0,0,0,0,0,0,0,0,0,0,0,0,0,0,0,0,0,13,0,13,0,68,0,57,0,57,0,11,0,5,0,9,0,1,0,0,0,20,0,0,0,3,0,4,0,0,0,203,14,70,0,73,0,141,0,29,0,2,0,4,0,19,0,146,0,16,0,0,0,0,0,0,0,0,0,0,0,0,0,0,0,0,0,0,0,0,0,0,0,0,0,0,0,0,0,0,0,0,0,0,0,70,0,591,180,711,325,419,137,87,0,2,0,0,0,0,0,0
0,4,1,14,0,0,0,5,0,7,0,0,0,0,0,27,0,54,0,16,0,22,0,11,0,42,0,15,0,21,0,0,0,0,0,0,0,7,0,0,0,0,0,9,0,0,0,0,0,4,0,10,16,124,15,124,0,0,65,153,0,35,0,21,10,9,68,18,0,0,0,0,0,0,0,0,0,0,0,0,0,0,0,0,0,3,0,0,0,0,0,0,0,0,0,2,0,0,0,0,0,0,0,0,0,0,0,0,0,0,0,0,0,0,0,0,0,0,0,0,0,0,0,0,0,6,0,1,0,92,0,30,0,20,0,25,0,52,0,33,0,3,0,12,1,0,0,0,0,2,0,0,0,0,10,381,2,43,3,63,0,97,0,18,0,2,0,0,0,11,0,213,0,39,0,0,0,0,0,0,3,0,0,0,0,0,0,0,0,0,0,0,0,1,0,0,0,0,0,0,0,0,0,0,0,0,0,0,0,6,0,0,0,0,295,0,0,0,418,134,643,314,18,7,0
0,0,7,0,0,0,13,0,143,68,2,0,0,0,0,0,4,0,0,0,20,0,0,0,0,0,0,0,0,0,0,0,4,0,4,0,14,0,0,0,0,0,12,0,14,0,0,0,6,0,13,0,90,67,63,155,304,65,0,246,47,0,0,21,226,43,239,616,0,0,0,0,0,0,0,0,0,0,0,0,0,0,0,0,0,0,0,0,0,0,0,0,0,0,0,0,0,0,0,0,0,0,0,0,0,0,0,0,0,0,0,0,0,0,0,0,0,0,0,0,0,0,0,0,3,0,4,0,0,0,4,0,10,0,0,0,0,0,0,0,0,0,0,0,17,0,0,0,0,0,0,0,0,0,65,16,201,0,6,7,18,0,0,0,0,0,4,0,9,0,117,0,21,0,0,5,40,0,0,0,6,0,0,1,20,17,0,0,0,0,0,0,0,0,0,0,0,0,0,0,0,0,0,0,0,0,1,0,18,0,918,561,656,533,617,136,150,2,0,0,1,1,0,0,0
0,0,0,10,0,10,0,18,54,74,0,1,0,0,0,0,0,0,0,0,4,0,0,0,0,0,0,0,0,0,0,0,1,0,0,0,0,13,0,2,0,0,0,0,0,12,0,0,0,6,0,19,91,23,29,229,43,153,246,0,0,93,0,16,97,113,234,240,0,0,0,0,0,0,0,0,0,0,0,0,0,1,0,0,0,0,0,0,0,0,0,0,0,0,0,0,0,0,0,0,0,0,0,0,0,0,0,0,0,0,0,0,0,0,0,0,0,0,0,0,0,0,0,0,0,12,0,3,0,33,0,72,0,5,0,2,0,8,13,0,0,0,0,1,7,30,0,0,0,6,0,0,0,0,84,87,0,168,28,46,6,122,0,0,0,1,0,0,0,10,0,96,1,52,0,17,12,0,0,0,0,24,0,0,19,22,0,0,0,0,0,0,0,0,0,0,0,0,0,0,0,0,0,0,0,0,0,0,0,1,0,0,0,0,880,0,1,0,1101,417,759,553,64,12,0
97,5,28,0,0,0,343,0,250,5,0,0,0,0,0,0,12,0,0,0,6,0,0,0,26,15,0,0,9,0,9,0,22,0,9,0,24,0,13,0,0,0,31,0,7,0,0,0,0,0,21,0,28,0,12,0,9,0,47,0,0,0,81,6,0,0,0,2,0,0,6,0,3,0,0,0,0,0,0,0,0,0,0,0,0,0,4,0,0,0,0,0,0,0,0,0,0,0,10,0,0,0,0,0,0,0,1,0,0,0,0,0,0,0,0,0,0,0,0,0,0,0,0,0,0,0,0,0,0,0,0,0,2,0,2,0,0,0,87,0,60,0,0,0,113,0,0,0,0,0,0,0,0,0,17,0,34,0,17,0,0,0,9,0,0,0,1,0,0,0,100,0,91,0,0,0,0,0,0,0,0,0,0,0,0,0,0,0,0,0,0,0,0,0,0,0,0,0,0,0,0,0,0,0,0,0,0,0,0,0,36,231,47,21,23,0,0,0,0,0,0,0,0,0,0
0,31,0,0,0,0,0,75,3,228,0,4,0,0,0,2,0,0,0,13,0,0,0,0,0,13,0,14,0,15,0,0,0,22,0,11,0,37,0,16,0,0,0,14,0,0,0,0,0,0,0,10,1,62,2,84,0,35,0,93,0,0,0,54,0,0,0,29,0,0,0,2,0,0,0,0,0,0,0,0,0,4,0,0,0,0,0,0,0,0,0,0,0,0,0,0,0,0,0,0,0,0,0,0,0,0,0,0,0,0,0,0,0,0,0,0,0,0,0,0,0,0,0,0,0,0,0,0,0,0,0,0,0,0,0,0,0,34,0,69,0,108,0,22,0,127,0,0,0,0,0,0,0,0,0,22,0,66,0,22,0,0,0,2,0,1,0,3,0,0,0,83,0,29,0,0,0,29,0,0,0,0,0,22,0,0,0,0,0,0,0,0,0,0,0,0,0,0,0,0,0,0,0,0,0,0,0,0,0,0,0,0,0,0,29,0,0,0,157,189,88,0,0,0,0
41,42,79,0,0,0,389,72,216,186,0,0,0,0,21,0,472,14,42,0,227,0,11,4,72,145,33,0,142,0,11,0,15,0,7,0,9,0,38,9,0,0,10,0,76,0,0,0,0,0,7,0,139,8,31,28,12,0,0,0,81,0,0,40,0,0,0,8,0,0,63,0,0,0,105,0,0,0,0,0,109,0,0,0,322,0,77,0,0,0,16,0,0,0,0,0,62,0,162,0,0,0,8,0,0,0,60,0,0,0,0,0,0,0,0,0,0,0,0,0,118,0,88,0,0,0,0,0,23,0,0,0,15,0,0,0,41,0,104,0,135,0,68,2,56,0,0,0,0,0,0,0,0,0,34,1,69,0,48,0,0,0,0,0,0,0,0,0,0,0,0,0,17,0,0,0,1,6,0,0,0,0,0,2,0,0,0,0,0,0,0,0,0,0,0,0,0,0,0,0,0,0,0,0,0,0,0,0,0,0,36,202,16,18,23,0,0,0,0,1,3,0,0,0,0
0,15,0,0,0,3,58,119,120,199,0,3,0,0,0,30,0,135,0,49,0,143,0,129,61,94,0,37,0,103,0,14,0,19,0,9,0,18,0,16,0,0,0,0,0,17,0,0,0,22,0,0,23,73,37,143,3,21,21,16,6,54,40,0,0,0,5,14,0,0,0,0,0,0,0,0,0,0,0,0,0,0,0,0,0,6,0,0,0,0,0,0,0,0,0,0,0,0,0,0,0,0,0,0,0,0,0,0,0,0,0,0,0,0,0,0,0,0,0,0,0,0,0,0,0,0,0,0,0,7,0,0,0,0,0,0,0,29,1,48,0,19,0,16,1,13,0,0,0,0,0,0,0,0,0,87,0,38,0,43,0,0,0,0,0,0,0,4,0,0,0,3,0,7,0,0,0,59,0,0,0,0,0,30,0,0,0,0,0,0,0,0,0,0,0,0,0,0,0,0,0,0,0,0,0,0,0,0,0,0,0,0,0,0,29,0,0,0,60,237,34,23,0,1,0
5,0,8,0,9,0,6,0,125,0,5,0,0,0,0,0,0,0,0,0,9,0,0,0,1,9,0,0,0,0,0,0,0,0,0,0,4,0,0,0,0,0,0,0,0,0,0,0,0,0,0,0,3,0,4,6,113,10,226,97,0,0,0,0,0,90,97,71,0,0,0,0,1,0,0,0,0,0,0,0,0,0,0,0,0,0,0,0,0,0,0,0,0,0,0,0,0,0,0,0,0,0,0,0,0,0,0,0,0,0,0,0,0,0,0,0,0,0,0,0,0,0,0,0,11,1,0,0,0,0,32,0,0,0,0,0,0,0,12,47,0,0,0,0,106,18,13,0,85,18,4,1,0,0,18,82,16,1,11,68,344,0,14,0,0,0,0,0,2,0,6,0,11,0,1,4,13,0,2,0,376,66,0,0,133,4,0,0,0,0,0,0,0,0,0,0,0,0,0,0,0,0,0,0,0,0,3,0,11,0,214,148,92,0,145,0,0,0,0,0,3,0,0,0,0
0,43,0,2,0,0,0,0,0,197,0,6,0,0,0,0,0,0,0,12,0,0,0,0,0,0,0,0,0,0,0,0,0,0,0,0,0,0,0,0,0,0,0,0,0,0,0,0,0,0,0,0,9,0,0,2,0,9,43,113,0,0,0,0,90,0,26,573,0,0,0,0,0,0,0,0,0,0,0,0,0,0,0,0,0,0,0,0,0,0,0,0,0,0,0,0,0,0,0,0,0,0,0,0,0,0,0,0,0,0,0,0,0,0,0,0,0,0,0,0,0,0,0,0,7,30,0,7,12,0,66,208,0,0,0,0,0,4,54,14,0,0,0,0,17,43,0,21,72,294,0,3,0,3,42,0,0,2,55,5,76,216,0,9,0,0,0,0,0,0,0,6,0,3,0,34,3,0,0,4,38,363,0,55,8,151,0,0,0,0,0,0,0,0,0,0,0,0,0,0,0,0,0,0,0,0,0,23,0,16,0,0,2,0,100,0,0,0,162,47,32,0,0,0,0
12,0,0,0,0,0,0,0,257,37,0,0,0,0,0,0,1,0,1,0,0,0,0,0,0,0,0,0,0,0,0,0,0,0,0,0,0,0,0,0,0,0,0,0,0,0,0,0,0,0,1,0,3,37,0,105,24,68,239,234,0,0,0,5,97,26,0,278,0,0,0,0,0,0,0,0,0,0,0,0,0,0,0,0,0,0,0,0,0,0,0,0,0,0,0,0,0,0,0,0,0,0,0,0,0,0,0,0,0,0,0,0,0,0,0,0,0,0,0,0,0,0,0,0,4,0,1,0,0,0,10,0,0,0,0,3,0,0,0,0,0,0,0,0,4,0,2,0,20,0,0,0,0,0,7,8,11,0,0,0,47,0,0,0,0,0,0,0,0,0,0,0,0,0,0,7,181,0,0,0,14,10,0,0,244,12,0,0,0,0,0,0,0,0,0,0,0,0,0,0,0,0,0,0,0,0,0,0,0,0,41,91,30,0,46,19,0,0,0,0,0,0,0,0,0
0,4,0,0,0,0,0,2,255,181,0,0,0,0,0,0,1,0,0,0,0,0,0,0,0,0,0,0,0,0,0,0,0,2,0,0,0,0,0,0,0,0,0,0,0,0,0,0,0,1,0,0,211,8,213,17,89,18,616,240,2,29,8,14,71,573,278,0,0,0,0,0,0,0,0,0,0,0,0,0,0,0,0,0,0,0,0,0,0,0,0,0,0,0,0,0,0,0,0,0,0,0,0,0,0,0,0,0,0,0,0,0,0,0,0,0,0,0,0,0,0,0,0,0,0,16,0,0,0,0,0,89,0,0,0,0,0,0,8,0,0,0,0,0,0,10,0,3,0,31,0,0,0,0,123,10,23,34,21,6,16,215,0,0,0,0,0,0,0,0,0,0,0,0,0,68,65,15,0,0,0,53,0,4,38,305,0,0,0,0,0,0,0,0,0,0,0,0,0,1,0,0,0,0,0,0,0,5,0,2,0,0,0,0,198,0,2,0,227,148,124,133,21,0,0
0,0,0,0,0,0,0,0,0,0,0,0,0,0,0,0,0,0,0,0,0,0,0,0,0,0,0,0,0,0,0,0,0,0,0,0,0,0,0,0,0,0,0,0,0,0,0,0,6,0,2,0,0,0,0,0,0,0,0,0,0,0,0,0,0,0,0,0,0,0,0,0,8,0,2,0,183,0,34,0,9,0,26,0,0,0,12,0,5,0,0,0,17,0,30,0,5,1,0,0,5,0,228,0,0,0,0,0,26,0,23,0,14,0,0,0,0,0,0,0,0,0,0,0,2,0,4,0,0,0,0,0,0,0,0,0,0,4,0,0,4,0,0,0,1,0,0,0,0,0,0,0,0,0,0,0,0,0,0,0,0,0,0,0,43,0,0,0,116,0,1,0,0,0,0,0,0,0,0,0,0,0,0,0,0,0,0,0,0,0,0,0,0,0,0,0,0,0,7,0,0,0,9,0,0,0,0,0,3,0,42,2,33,3,3,25,10,5,0,0,0,0,0,0,0
0,0,0,0,0,0,0,0,0,0,0,0,0,4,0,0,0,0,0,0,0,0,0,0,0,0,0,18,0,0,0,0,0,0,0,0,0,1,0,0,0,4,0,4,0,12,0,0,0,2,0,15,0,0,0,0,0,0,0,0,0,0,0,0,0,0,0,0,0,0,0,0,0,16,0,0,0,36,0,3,0,4,0,9,0,0,0,13,0,17,0,0,0,10,0,14,0,7,0,0,0,3,0,81,0,20,0,8,0,7,0,0,0,0,0,0,0,7,0,0,0,0,0,0,0,0,0,0,0,0,0,0,0,0,0,0,0,0,0,0,0,0,1,0,0,0,0,3,0,0,0,0,0,0,0,0,0,0,0,0,0,0,0,1,0,100,0,0,0,27,0,0,0,0,0,0,0,0,0,0,0,0,0,0,0,0,0,0,0,30,0,0,0,0,0,22,0,1,0,0,0,0,0,0,0,0,0,0,0,0,0,0,0,0,3,0,0,0,25,3,88,0,7,4,2
0,0,0,0,0,0,0,0,0,0,0,0,0,0,0,0,59,0,20,0,207,0,0,0,0,0,79,0,33,0,16,0,10,0,27,0,14,0,4,0,0,0,43,0,47,0,0,0,0,0,16,0,4,0,0,0,0,0,0,0,6,0,63,0,0,0,0,0,0,0,0,0,312,0,406,0,10,0,186,0,0,0,7,0,9,1,27,0,0,0,0,0,0,0,0,0,0,0,0,0,0,0,0,0,0,0,0,0,0,0,0,0,0,0,0,0,0,0,0,0,48,0,10,0,26,0,18,0,0,0,8,8,30,0,36,0,108,0,16,11,118,16,105,0,250,2,34,8,13,5,18,0,33,4,0,0,4,0,0,0,1,0,99,0,2,0,0,0,31,0,17,0,42,0,150,0,1,0,0,0,24,0,0,0,13,0,0,0,0,0,0,0,0,0,0,0,0,0,0,0,0,0,0,0,0,0,0,0,0,1,40,0,4,0,1,0,0,0,0,0,0,0,0,0,0
0,0,0,0,0,0,0,0,0,0,0,0,0,0,0,0,0,0,0,0,0,0,0,0,0,0,0,0,0,0,0,0,0,0,0,0,0,5,0,0,0,0,0,0,0,0,0,0,0,0,0,0,0,0,0,0,0,0,0,0,0,2,0,0,0,0,0,0,0,0,0,0,0,180,0,306,0,21,0,9,0,0,0,0,0,10,1,50,0,0,1,0,0,0,0,0,0,0,0,0,0,0,0,0,0,0,0,0,0,0,0,0,0,0,0,0,0,0,0,0,0,16,0,32,0,31,0,37,0,0,9,23,0,57,0,41,0,55,0,12,0,46,0,17,0,223,0,0,0,47,0,19,0,0,0,0,0,0,0,0,0,0,0,27,0,0,0,0,0,9,0,30,0,17,0,21,0,0,0,0,0,47,0,0,0,0,0,0,0,2,0,0,0,2,0,0,0,4,0,0,0,0,0,0,0,0,0,0,0,0,0,0,0,0,0,0,0,0,58,0,7,0,0,0,0
0,0,0,0,0,0,0,0,0,0,0,0,0,0,0,0,13,0,0,0,0,0,0,0,0,0,0,0,0,0,3,0,0,0,0,0,0,0,0,0,0,0,6,0,0,0,0,0,0,0,3,0,0,0,0,0,0,0,0,0,3,0,0,0,1,0,0,0,8,0,312,0,0,0,156,0,85,0,258,0,2,0,37,0,57,0,17,0,0,0,0,0,18,0,0,0,7,0,1,0,0,0,0,0,0,0,0,0,0,0,0,0,0,0,0,0,0,0,0,0,36,0,16,0,29,0,0,0,13,0,18,0,59,0,92,0,169,0,21,0,104,0,203,0,185,0,0,0,5,0,22,0,30,0,0,0,5,0,0,0,2,0,138,0,1,0,0,0,79,0,7,0,10,0,15,0,0,0,0,0,0,0,0,0,0,0,0,0,0,0,0,0,58,0,0,0,0,0,93,0,63,0,57,0,0,0,0,0,55,0,324,0,16,3,17,0,2,0,0,0,0,0,0,0,0
0,0,0,0,0,0,0,0,0,0,0,0,0,0,0,0,0,0,0,0,0,0,0,0,0,0,0,0,0,0,0,2,0,0,0,0,0,0,0,0,0,0,0,0,0,0,0,0,0,0,0,0,0,0,0,0,0,0,0,0,0,0,0,0,0,0,0,0,0,16,0,180,0,0,0,255,0,186,0,51,0,16,0,36,0,64,0,138,0,0,0,0,0,0,0,0,0,0,0,2,0,0,0,6,0,0,0,0,0,0,0,0,0,0,0,0,0,5,0,0,0,31,0,38,0,50,0,37,0,28,0,25,0,49,0,121,0,67,0,19,0,46,0,41,0,169,0,0,0,0,0,46,0,22,0,0,0,0,0,0,0,0,0,33,0,0,0,0,0,17,0,6,0,0,0,13,0,0,0,1,7,42,0,0,0,0,0,0,0,83,0,0,0,0,0,25,0,0,0,0,0,94,0,99,0,25,0,0,0,0,0,0,0,0,6,0,0,0,257,1,31,3,5,0,0
0,0,0,0,0,0,0,0,0,0,0,0,0,0,0,0,123,0,0,0,251,0,0,0,5,0,0,0,51,0,20,0,0,0,25,0,23,0,8,0,0,0,67,0,59,0,0,0,0,0,17,0,9,0,0,0,0,0,0,0,0,0,105,0,0,0,0,0,2,0,406,0,156,0,0,0,24,0,198,0,20,0,80,0,100,0,98,0,0,0,0,0,0,0,23,0,5,0,0,0,0,3,0,0,0,0,0,0,0,0,0,0,0,0,0,0,0,0,0,0,216,0,66,0,25,16,16,0,0,0,8,11,22,17,40,0,80,30,22,0,264,32,189,0,179,2,22,0,15,0,16,0,40,0,5,0,0,0,0,0,0,0,53,0,0,0,1,0,23,0,15,0,30,0,146,0,0,0,0,0,21,5,0,0,0,0,0,0,0,0,0,0,15,0,0,0,6,0,77,0,45,0,0,0,0,0,0,0,0,2,97,0,6,0,3,1,0,0,0,0,0,3,0,0,0
0,7,0,0,0,0,0,0,0,0,0,0,0,0,0,0,0,0,0,14,0,44,0,0,0,0,0,33,0,0,0,0,0,0,0,26,0,18,0,0,0,0,0,0,0,40,0,0,0,0,0,22,1,0,0,0,0,0,0,0,0,0,0,0,0,0,0,0,0,0,0,306,0,255,0,0,0,52,0,92,0,16,0,12,0,69,0,216,0,0,0,0,0,0,0,0,0,0,0,0,0,0,0,0,0,0,0,0,0,0,0,0,0,0,0,0,0,0,0,0,0,194,0,78,0,64,0,50,0,19,13,0,0,81,0,126,0,134,2,17,0,172,1,70,0,429,21,52,0,73,0,0,0,102,0,0,0,12,2,0,0,0,0,59,0,0,0,16,0,20,0,25,0,33,0,42,0,1,0,0,8,80,0,0,0,3,0,0,0,0,0,0,0,0,0,0,0,22,0,0,0,0,0,0,0,0,0,0,4,0,0,0,0,0,6,0,0,0,100,0,30,0,4,0,0
0,0,0,0,0,0,0,0,0,0,0,0,0,0,0,0,0,0,0,0,0,0,0,0,0,0,0,0,0,0,0,0,0,0,0,0,0,0,0,0,0,0,0,0,8,0,0,0,0,0,0,0,0,0,0,0,0,0,0,0,0,0,0,0,0,0,0,0,183,0,10,0,85,0,24,0,0,0,82,0,32,0,84,0,0,0,42,0,0,0,0,0,21,0,23,0,8,0,0,0,0,0,99,0,0,0,11,0,18,0,0,0,8,0,2,0,0,0,0,0,0,0,0,0,0,0,0,0,0,0,2,0,0,0,0,0,0,0,0,0,0,0,16,3,0,0,0,0,0,0,0,0,11,0,0,0,0,0,0,0,0,0,0,0,19,0,2,0,7,0,0,0,0,0,0,1,0,0,0,0,0,0,0,0,0,0,0,0,0,0,26,0,0,0,26,0,0,0,0,0,19,0,0,0,23,0,0,0,0,0,95,4,43,4,5,13,0,0,0,0,0,0,0,0,0
0,0,0,0,0,0,0,0,0,0,0,0,0,7,0,0,0,0,0,0,0,22,0,0,0,0,0,0,0,0,0,0,0,0,0,0,0,0,0,0,0,0,0,0,0,0,0,0,0,0,0,8,0,0,0,0,0,0,0,0,0,0,0,0,0,0,0,0,0,36,0,21,0,186,0,52,0,0,0,20,0,34,0,70,0,0,0,99,0,3,0,4,0,9,0,15,0,0,0,11,0,0,0,138,0,0,0,5,0,31,0,2,0,3,0,0,0,9,0,0,0,19,0,9,0,0,0,0,0,0,0,0,0,0,0,0,0,0,0,0,0,0,0,0,0,0,0,0,0,0,0,0,0,0,0,0,0,0,0,0,0,1,0,6,0,35,0,1,0,72,0,0,0,1,0,0,0,0,0,0,0,0,0,0,0,0,0,0,0,85,0,0,0,0,0,68,0,0,0,0,1,29,0,0,0,0,0,0,8,0,0,0,0,0,0,0,0,0,110,0,179,0,11,0,0
0,0,0,0,0,0,0,0,0,0,0,0,0,0,0,0,0,0,0,0,0,0,0,0,0,0,0,0,0,0,0,0,0,0,0,0,0,0,0,0,0,0,0,0,0,0,0,0,2,0,0,0,0,0,0,0,0,0,0,0,0,0,0,0,0,0,0,0,34,0,186,0,258,0,198,0,82,0,0,0,20,0,96,0,87,0,51,0,1,0,0,0,21,0,38,0,16,0,0,0,2,0,36,0,24,0,7,0,11,0,0,0,1,0,0,0,1,0,0,0,155,0,39,0,0,0,0,0,0,0,0,0,0,0,27,0,0,0,0,0,78,0,109,0,39,0,0,0,0,0,0,0,0,0,0,0,0,0,0,0,0,0,12,0,0,0,0,0,16,0,0,0,0,0,20,0,0,0,0,0,0,0,0,0,0,0,0,0,26,0,0,0,0,0,12,0,13,0,121,0,86,0,86,0,0,0,0,0,0,0,283,0,47,4,15,4,0,0,0,0,3,0,0,0,0
