0,138,138,0,109,0,27,159,69,0,148,0,163,0,29,18,241,28,0,0,0,0,87,32,24,208,0,0,0,0,0,0,0,0,0,0,26,1,379,0,37,0,0,0,0,0,62,0,113,0,6,0,0,2,0,62,0,0,4,0,513,0,248,15,30,0,36,0,0,0,0,0,0,0,0,0,0,0,0,0,0,0,0,0,0,0,0,0,0,0,0,0,0,0,0,0,0,0,0,0,0,0,0,0,0,0,0,0,0,0,0,0,0,0,0,0,0,0,0,0,0,0,1,0,23,0,13,0,0,0,23,0,2,0,10,0,0,0,0,0,0,0,0,0,0,0,13,0,44,0,21,0,14,0,0,0,0,0,0,0,15,0,6,0,0,0,0,0,122,0,101,0,421,0,0,0,446,119,15,0,0,0,21,0,47,0,0,0,0,0,0,0,0,0,0,0,0,0,0,0,0,0,0,0,0,0,0,0,21,0,653,218,278,761,806,0,0,18,0,0,0,0,0,0,0
138,0,279,165,0,92,0,100,0,84,0,346,0,172,14,104,50,0,0,133,3,0,269,38,257,93,0,504,0,91,0,0,0,187,0,0,0,132,0,865,0,54,0,0,0,230,0,286,0,69,0,60,0,0,4,18,0,0,0,0,0,278,8,99,0,77,0,29,0,0,0,0,0,0,0,0,0,0,0,0,0,0,0,0,0,0,0,8,0,0,0,0,0,0,0,0,0,0,0,0,0,0,0,0,0,0,0,0,0,0,0,0,0,0,0,0,0,0,0,0,0,0,0,0,0,0,0,15,0,0,0,47,0,0,0,90,0,62,0,0,0,0,0,0,0,0,0,66,0,66,0,0,0,48,0,0,0,5,0,0,0,0,0,56,0,0,0,0,0,226,0,141,0,455,0,0,69,986,0,9,0,26,0,13,0,75,0,0,0,0,0,0,0,0,0,0,0,15,0,0,0,44,0,0,0,0,0,0,0,64,0,0,0,0,849,0,0,1,1004,253,397,1261,14,92,5
138,279,0,0,605,0,110,0,18,0,80,0,173,0,282,125,102,0,150,0,78,0,505,81,57,254,224,0,179,0,11,0,58,0,0,0,0,0,541,19,45,0,0,0,201,0,220,0,191,2,0,0,0,0,93,0,0,0,17,0,423,0,368,15,23,0,5,0,0,0,0,0,0,0,0,0,0,0,0,0,0,0,7,0,0,0,0,0,0,0,0,0,0,0,0,0,0,0,0,0,0,0,0,0,0,0,0,0,0,0,0,0,0,0,0,0,0,0,0,0,0,0,0,0,0,0,95,0,0,0,128,0,56,0,231,0,127,0,0,0,0,0,0,0,0,0,70,0,201,0,67,0,0,0,7,0,0,0,0,0,65,0,0,0,0,0,0,0,191,0,112,0,297,0,0,0,401,178,0,0,0,0,6,0,41,0,0,0,0,0,0,0,0,0,0,0,0,0,0,0,0,0,0,0,0,0,0,0,161,0,589,204,454,0,943,4,0,0,3,0,0,0,0,0,0
0,165,0,0,153,211,0,201,0,14,0,27,0,0,65,211,10,34,0,253,0,81,188,206,15,184,0,203,0,140,0,0,0,134,0,0,0,0,0,374,0,0,0,0,0,102,0,0,0,14,0,0,0,1,0,26,0,0,0,0,0,0,0,0,0,39,0,9,0,0,0,0,0,0,0,0,0,2,0,0,0,0,0,0,0,0,0,0,0,0,0,0,0,0,0,0,0,0,0,0,0,0,0,0,0,0,0,0,0,0,0,0,0,0,0,0,0,0,0,0,0,0,0,0,0,0,0,0,0,0,0,71,0,0,0,342,0,253,0,0,0,0,0,0,0,0,0,0,0,71,0,0,0,0,0,0,0,4,0,0,0,0,0,22,0,0,0,0,0,83,0,0,0,141,0,0,0,185,0,0,0,0,0,0,0,0,0,0,0,0,0,0,0,0,0,0,0,0,0,0,0,0,0,0,0,0,0,0,0,95,0,0,0,0,155,0,0,0,118,44,0,0,0,0,0
109,0,605,153,0,574,51,0,33,0,138,0,490,0,230,508,0,0,55,150,159,0,208,0,21,0,223,0,0,0,179,0,219,0,74,0,145,0,425,0,133,0,0,0,61,0,135,0,83,0,22,0,0,0,0,0,0,0,0,0,0,0,0,0,14,0,4,0,0,0,0,0,0,0,0,0,0,0,0,0,0,0,0,0,0,0,0,0,0,0,0,0,0,0,0,0,0,0,0,0,0,0,0,0,0,0,0,0,0,0,0,0,0,0,0,0,0,0,0,0,0,0,0,0,0,0,0,0,0,0,0,0,0,0,0,0,0,0,0,0,0,0,0,0,0,0,0,0,104,0,0,0,0,0,0,0,0,0,0,0,0,0,32,0,0,0,201,0,0,0,0,0,286,0,0,0,820,293,145,0,0,0,72,0,137,0,12,0,0,0,0,0,0,0,0,0,0,0,0,0,0,0,0,0,0,0,1,0,0,0,694,265,511,0,643,0,0,11,0,0,0,0,0,0,0
0,92,0,211,574,0,0,33,0,0,0,83,116,66,468,257,0,0,67,179,192,191,133,211,0,26,0,347,0,0,35,259,0,740,0,199,7,185,0,0,0,0,0,8,0,0,0,152,0,25,0,25,0,0,0,0,0,0,0,0,0,0,0,0,0,24,0,0,0,0,0,0,0,0,0,0,0,0,0,0,0,0,0,0,0,0,0,0,0,0,0,0,0,0,0,0,0,0,0,0,0,0,0,0,0,0,0,0,0,0,0,0,0,0,0,0,0,0,0,0,0,0,0,0,0,0,0,0,0,0,0,0,0,0,0,0,0,0,0,0,0,0,0,0,0,0,0,0,0,0,0,0,0,0,0,0,0,0,0,0,0,15,0,0,0,0,0,185,0,282,0,45,0,186,0,0,85,521,4,8,0,0,0,0,0,19,0,0,0,0,0,0,0,0,0,0,0,0,0,0,0,0,0,0,0,0,0,0,0,0,0,0,0,0,253,0,0,0,306,109,299,0,0,13,0
27,0,110,0,51,0,0,0,19,0,30,0,0,0,0,0,28,0,0,0,0,0,33,0,137,0,0,0,15,0,0,0,0,0,0,0,0,0,0,0,0,0,0,0,44,0,0,0,201,0,0,0,166,50,188,200,50,0,37,0,547,0,313,0,61,0,51,0,0,0,0,0,0,0,0,0,0,0,0,0,0,0,0,0,0,0,0,0,0,0,0,0,0,0,0,0,0,0,0,0,0,0,0,0,0,0,0,0,0,0,0,0,0,0,0,0,0,0,0,0,0,0,0,0,0,0,47,0,3,0,131,0,21,0,51,0,16,0,0,0,0,0,0,0,0,0,0,0,73,0,30,0,0,0,0,0,0,6,0,0,55,0,0,0,0,0,0,0,76,0,434,0,235,0,0,0,172,39,0,0,0,0,0,0,0,0,0,0,0,0,0,0,0,0,0,0,0,0,0,0,0,0,0,0,0,0,0,0,73,0,692,125,397,961,1027,0,292,0,0,0,0,0,0,0,0
159,100,0,201,0,33,0,0,0,31,0,74,0,0,0,68,29,51,0,0,0,89,0,66,245,336,0,133,0,128,0,0,0,0,0,0,0,0,0,481,0,0,0,0,0,67,0,0,0,33,0,0,5,20,16,591,0,42,1,37,0,500,0,504,0,23,0,5,0,0,0,2,0,0,0,0,0,0,0,0,0,0,0,0,0,0,0,0,0,0,0,0,0,0,0,0,0,0,0,0,0,0,0,0,0,0,0,0,0,0,0,0,0,0,0,0,0,0,0,0,0,0,0,0,0,31,0,0,0,0,0,89,0,0,0,468,0,532,0,0,0,0,0,0,0,0,0,42,0,44,0,0,0,0,0,9,0,0,0,0,0,22,0,48,0,0,0,0,0,149,0,156,0,518,0,0,54,204,0,0,0,0,0,5,0,0,0,0,0,0,0,0,0,0,0,0,0,0,0,0,0,0,0,0,0,0,0,0,0,111,0,0,0,0,1024,0,0,0,747,119,559,1361,58,356,0
69,0,18,0,33,0,19,0,0,211,65,0,34,0,0,0,11,0,0,0,0,0,0,0,15,3,0,0,0,0,0,0,0,0,0,0,0,0,0,0,0,0,0,0,0,0,0,0,107,0,0,0,233,91,76,282,17,30,52,0,529,0,262,0,66,0,69,44,0,0,0,0,0,0,0,0,0,0,0,0,0,0,0,0,0,0,0,0,0,0,0,0,0,0,0,0,0,0,0,0,0,0,0,0,0,0,0,0,0,0,0,0,0,0,0,0,0,0,0,0,0,0,0,0,17,0,0,0,0,0,29,0,0,0,0,0,0,0,0,0,0,0,0,0,0,0,12,0,64,0,0,0,12,0,0,0,117,0,0,0,12,0,9,0,0,0,13,0,56,0,530,0,85,0,0,0,508,77,13,0,0,0,15,0,129,9,0,0,0,0,0,0,0,0,0,0,0,0,0,0,0,0,0,0,0,0,0,0,14,0,719,217,341,0,828,2,191,44,0,0,0,0,0,0,0
0,84,0,14,0,0,0,31,211,0,0,53,0,30,0,0,0,0,0,0,0,0,0,0,113,0,0,0,0,0,0,0,0,0,0,0,0,0,0,0,0,0,0,0,0,63,0,0,0,25,0,0,32,188,172,368,34,45,50,44,0,215,21,215,0,223,22,161,0,19,0,0,0,0,0,0,0,0,0,1,0,0,0,0,0,0,0,0,0,0,0,0,0,0,0,0,0,0,0,0,0,0,0,0,0,0,0,0,0,0,0,0,0,0,0,0,0,0,0,0,0,0,0,0,0,50,0,20,0,0,0,82,0,0,0,105,0,65,0,0,0,0,0,0,0,0,0,80,0,115,0,0,0,25,0,15,0,121,0,0,0,14,0,25,0,0,0,0,0,0,0,178,0,221,0,0,82,404,0,0,0,0,0,46,0,159,0,0,0,0,0,0,0,0,0,0,0,14,0,20,0,51,0,0,0,0,0,32,0,66,0,0,0,0,1203,0,0,0,1069,194,442,0,130,455,7
148,0,80,0,138,0,30,0,65,0,0,0,511,0,49,212,21,0,23,0,78,0,60,65,0,0,41,0,0,0,27,0,105,0,0,0,117,0,436,0,87,0,4,0,31,0,110,0,40,0,0,0,0,0,0,0,0,0,0,0,0,0,0,0,16,0,2,0,0,0,0,0,0,0,0,0,0,0,0,0,0,0,0,0,0,0,0,0,0,0,0,0,0,0,0,0,0,0,0,0,0,0,0,0,0,0,0,0,0,0,0,0,0,0,0,0,0,0,0,0,0,0,0,0,0,0,0,0,0,0,0,0,0,0,0,0,1,0,0,0,0,0,0,0,0,0,0,0,36,0,31,0,0,0,0,0,0,0,0,0,0,0,0,0,0,0,37,0,0,0,0,0,99,0,14,0,605,127,141,0,8,0,70,0,74,0,9,0,0,0,0,0,0,0,0,0,0,0,0,0,0,0,0,0,0,0,0,0,9,0,377,169,152,0,285,0,0,5,0,0,0,0,0,0,0
0,346,0,27,0,83,0,74,0,53,0,0,0,357,354,51,0,11,0,0,143,0,130,45,0,0,0,280,0,0,0,57,0,438,0,0,0,81,0,241,0,95,0,32,0,107,0,356,0,117,0,22,0,0,0,0,0,0,0,0,0,0,0,0,0,43,0,0,0,0,0,0,0,0,0,0,0,0,0,0,0,0,0,0,0,0,0,0,0,0,0,0,0,0,0,0,0,0,0,0,0,0,0,0,0,0,0,0,0,0,0,0,0,0,0,0,0,0,0,0,0,0,0,0,0,0,0,0,0,0,0,0,0,0,0,0,0,0,0,0,0,0,0,0,0,0,0,30,0,17,0,49,0,43,0,0,0,0,0,0,0,0,0,53,0,0,0,93,0,0,0,0,0,137,0,12,66,855,0,75,0,42,0,18,0,64,0,12,0,0,0,0,0,0,0,0,0,0,0,0,0,0,0,0,0,0,0,0,0,0,0,0,0,0,314,0,0,0,461,115,197,0,5,18,2
163,0,173,0,490,116,0,0,34,0,511,0,0,462,75,50,0,0,84,103,105,13,0,0,0,0,174,751,0,0,39,0,0,0,99,0,0,0,0,0,281,0,77,2,48,0,164,542,49,0,135,0,0,0,39,0,0,0,0,0,0,0,0,0,15,0,0,0,0,0,0,0,0,0,0,0,0,0,0,0,0,0,0,0,0,0,0,0,0,0,0,0,0,0,0,0,0,0,0,0,0,0,0,0,0,0,0,0,0,0,0,0,0,0,0,0,0,0,0,0,0,0,0,0,0,0,0,0,0,0,0,0,0,0,53,0,0,0,0,0,0,0,0,0,0,0,0,0,60,0,0,0,0,0,0,0,0,0,0,0,0,0,0,0,0,0,0,0,0,0,0,0,0,0,0,0,550,51,298,0,0,0,80,0,90,0,365,0,0,0,0,0,0,0,0,0,0,0,0,0,0,0,0,0,0,0,0,0,0,0,0,90,155,0,36,0,0,0,0,0,0,0,0,0,0
0,172,0,0,0,66,0,0,0,30,0,357,462,0,255,6,0,0,473,149,405,29,0,0,0,0,175,110,0,0,0,27,0,0,0,203,0,112,0,0,0,166,0,75,0,80,34,267,0,26,9,164,0,0,0,0,0,0,0,0,0,0,0,2,0,0,0,0,0,0,0,0,0,0,0,0,0,0,0,0,0,0,0,0,0,0,0,0,0,0,0,0,0,0,0,0,0,0,0,0,0,0,0,0,0,0,0,0,0,0,0,0,0,0,0,0,0,0,0,0,0,0,0,0,0,0,0,0,0,0,0,0,0,0,0,0,0,0,0,0,0,0,0,0,0,0,0,0,0,0,0,0,0,26,0,0,0,0,0,0,0,0,0,7,0,0,0,0,0,0,0,0,0,0,0,8,97,788,0,28,0,34,0,11,0,37,0,129,0,0,0,0,0,0,0,0,0,0,0,0,0,0,0,0,0,0,0,0,0,0,0,0,0,0,41,0,0,0,62,79,0,0,0,0,0
29,14,282,65,230,468,0,0,0,0,49,354,75,255,0,318,0,0,218,121,128,15,365,30,45,0,257,80,0,0,108,0,139,12,29,0,33,0,91,0,0,0,2,0,45,0,51,0,8,0,7,0,0,0,0,0,0,0,0,0,0,0,0,0,0,0,0,0,0,0,0,0,0,0,0,0,0,0,0,0,0,0,0,0,0,0,0,0,0,0,0,0,0,0,0,0,0,0,0,0,0,0,0,0,0,0,0,0,0,0,0,0,0,0,0,0,0,0,0,0,0,0,0,0,0,0,0,0,0,0,0,0,0,0,0,0,0,0,0,0,0,0,0,0,0,0,35,0,52,0,0,0,0,0,0,0,0,0,0,0,0,0,0,0,0,0,33,0,78,0,0,0,53,0,0,0,225,125,22,0,3,0,18,0,59,0,2,0,0,0,0,0,0,0,0,0,0,0,0,0,0,0,0,0,0,0,0,0,38,0,118,115,0,0,100,0,0,0,0,0,0,0,0,0,0
18,104,125,211,508,257,0,68,0,0,212,51,50,6,318,0,0,31,0,329,155,106,177,164,0,33,0,93,0,8,0,39,0,102,2,19,0,19,0,20,0,0,0,10,0,46,0,0,0,7,0,0,0,0,0,26,0,0,0,0,0,0,0,0,0,22,0,2,0,0,0,0,0,0,0,0,0,0,0,0,0,0,0,0,0,253,0,0,0,0,0,0,0,0,0,0,0,35,0,0,0,0,0,0,0,0,0,0,0,0,0,0,0,0,0,0,0,0,0,0,0,0,0,0,0,0,0,0,0,0,0,20,0,0,0,238,0,132,0,0,0,0,0,0,0,0,0,57,0,0,0,10,0,0,0,0,0,2,0,0,0,0,0,22,0,0,2,56,0,155,0,29,0,52,0,0,32,119,0,6,0,0,0,0,0,24,0,0,0,0,0,0,0,0,0,0,0,0,0,0,0,0,0,0,0,0,0,0,0,58,0,0,0,0,200,0,0,0,480,420,129,0,2,0,3
241,50,102,10,0,0,28,29,11,0,21,0,0,0,0,0,0,0,27,0,176,0,34,0,57,53,89,0,73,0,14,0,86,0,0,0,7,0,81,0,0,0,51,0,224,0,0,0,0,0,0,0,125,0,12,0,0,0,1,0,69,0,280,0,0,0,0,0,0,0,128,0,0,0,121,0,0,0,0,0,698,0,0,0,666,0,182,0,0,0,544,0,0,0,0,0,804,0,1129,0,0,0,0,0,0,0,0,0,0,0,0,0,0,0,0,0,0,0,0,0,232,0,193,0,0,0,0,0,0,0,0,0,0,0,133,0,267,0,112,0,291,0,999,0,52,0,0,0,0,0,0,0,0,0,17,0,0,0,14,0,0,0,0,0,0,0,4,0,42,0,9,0,34,0,0,0,44,0,0,0,0,0,18,0,4,0,0,0,0,0,0,0,0,0,0,0,0,0,0,0,346,0,0,0,0,0,0,0,0,0,40,353,42,50,0,0,0,4,0,0,0,0,0,0,0
28,0,0,34,0,0,0,51,0,0,0,11,0,0,0,31,0,0,0,0,0,250,44,86,21,102,0,0,0,119,0,65,0,82,0,15,0,8,0,156,0,0,0,0,0,0,0,0,0,11,0,0,0,83,0,47,0,18,0,0,0,44,0,322,0,0,0,0,0,0,0,0,0,0,0,10,0,0,0,0,0,402,0,0,0,1266,0,124,0,0,0,0,0,0,0,292,0,81,0,261,0,378,0,0,0,0,0,0,0,0,0,0,0,0,0,0,0,0,0,0,0,87,0,41,0,0,0,0,1,0,0,0,0,0,0,0,0,269,0,201,0,91,0,864,0,12,0,0,0,0,0,0,0,0,0,22,0,0,0,13,0,0,0,0,0,0,0,16,0,50,0,25,0,63,0,0,0,0,0,0,0,0,0,0,0,0,0,0,0,0,0,0,0,0,0,0,0,0,0,0,0,0,0,0,0,0,0,0,0,0,0,1,0,0,93,0,0,0,93,533,83,168,0,0,2
0,0,150,0,55,67,0,0,0,0,23,0,84,473,218,0,27,0,0,86,174,9,275,0,54,0,120,551,0,0,40,0,0,0,38,0,73,0,0,0,61,50,21,0,35,38,106,372,15,0,53,0,0,0,0,0,0,0,0,0,0,0,0,0,0,0,0,0,0,0,0,0,5,0,0,0,0,0,0,0,0,0,0,0,0,0,0,0,0,0,0,0,0,0,0,0,0,0,0,0,0,0,0,0,0,0,0,0,0,0,0,0,0,0,0,0,0,0,0,0,0,0,0,0,0,0,0,0,0,0,0,0,0,0,0,0,0,0,0,0,0,0,0,0,0,0,0,0,0,0,0,0,0,0,0,0,0,0,0,0,0,0,0,0,0,0,41,0,0,0,0,0,0,0,0,0,182,0,22,0,0,0,0,0,35,0,172,0,0,0,0,0,0,0,0,0,0,0,0,0,0,0,0,0,0,0,0,0,0,0,148,93,114,0,0,0,0,0,0,0,0,0,0,0,0
0,133,0,253,150,179,0,0,0,0,0,0,103,149,121,329,0,0,86,0,121,249,0,214,0,140,0,314,0,0,0,124,0,54,0,209,0,126,0,0,0,5,0,10,0,137,0,93,0,4,0,55,0,0,0,0,0,21,0,0,0,0,0,0,0,81,0,12,0,0,0,0,0,0,0,0,0,0,0,0,0,0,0,0,0,0,0,0,0,0,0,0,0,0,0,0,0,0,0,0,0,0,0,0,0,0,0,0,0,0,0,0,0,0,0,0,0,0,0,0,0,0,0,0,0,0,0,0,0,0,0,0,0,0,0,0,0,0,0,0,0,0,0,0,0,0,0,0,0,0,0,0,0,0,0,3,0,0,0,0,0,0,0,0,0,76,0,97,0,0,0,0,0,0,0,0,21,29,0,0,0,0,0,5,0,0,0,1,0,0,0,0,0,0,0,0,0,0,0,0,0,0,0,0,0,0,0,0,0,0,0,0,0,0,139,0,0,0,178,191,256,0,0,0,0
0,3,78,0,159,192,0,0,0,0,78,143,105,405,128,155,176,0,174,121,0,16,131,5,74,0,319,253,57,0,19,3,87,0,11,0,18,0,17,0,0,0,56,0,119,0,0,135,32,0,29,0,0,0,40,0,0,0,0,0,0,0,15,0,0,1,0,0,0,0,0,0,0,0,28,0,0,0,0,0,138,0,0,0,218,0,25,0,0,0,183,0,0,0,0,0,365,0,281,0,0,0,0,0,0,0,0,0,0,0,0,0,0,0,0,0,0,0,0,0,0,0,0,0,0,0,24,0,0,0,0,0,0,0,0,0,0,0,0,0,71,0,351,0,0,0,0,0,0,0,0,0,0,0,0,0,8,0,0,0,0,0,0,0,71,0,121,0,235,0,26,0,86,0,0,0,56,27,14,0,0,0,0,0,0,0,0,0,0,0,9,0,0,0,0,0,0,0,0,0,0,0,0,0,0,0,0,0,0,0,492,391,321,338,350,0,0,9,0,0,0,0,0,0,0
0,0,0,81,0,191,0,89,0,0,0,0,13,29,15,106,0,250,9,249,16,0,0,565,0,228,0,157,0,72,1,37,0,34,0,143,0,93,0,0,0,0,0,80,0,195,0,10,0,43,0,57,0,0,0,0,0,0,1,0,0,0,0,162,0,0,0,0,0,0,0,71,0,0,0,122,0,0,0,0,0,1502,0,0,0,1918,0,0,0,0,0,0,0,0,0,0,0,190,0,0,0,0,0,0,0,0,0,0,0,0,0,0,0,0,0,0,0,0,0,0,0,499,0,0,0,0,0,0,0,0,0,0,0,0,0,0,0,0,0,0,0,167,0,834,0,214,0,0,0,0,0,0,0,0,0,0,0,0,0,0,0,0,0,20,0,77,0,196,0,326,0,43,0,75,0,0,0,0,0,0,0,0,0,0,0,0,0,0,0,0,0,0,0,0,0,0,0,0,0,0,0,0,0,0,0,0,0,0,0,0,0,0,0,0,127,0,0,0,197,143,250,0,0,0,0
87,269,505,188,208,133,33,0,0,0,60,130,0,0,365,177,34,44,275,0,131,0,0,147,138,212,324,0,102,0,20,0,30,19,7,0,0,0,115,0,0,0,36,0,323,0,126,0,36,0,0,0,14,0,152,0,0,0,0,0,0,0,44,0,6,0,0,0,0,0,0,0,0,0,0,0,0,0,0,0,0,0,0,0,273,0,0,0,0,0,0,0,0,0,0,0,0,0,0,0,0,0,0,0,0,0,0,0,0,0,0,0,0,0,0,0,0,0,0,0,0,0,0,0,0,0,0,0,0,0,17,0,27,0,311,0,377,0,0,0,88,0,620,0,0,0,28,0,77,0,22,0,29,0,7,0,0,0,0,0,9,0,0,0,0,0,0,0,66,0,0,0,78,0,0,0,200,120,19,0,0,0,17,0,45,0,0,0,0,0,0,0,0,0,0,0,0,0,0,0,356,0,0,0,0,0,0,0,78,0,164,447,91,216,179,1,0,0,0,0,0,0,0,0,0
32,38,81,206,0,211,0,66,0,0,65,45,0,0,30,164,0,86,0,214,5,565,147,0,0,95,0,32,0,63,0,36,0,54,0,10,0,22,0,50,0,0,0,17,0,0,0,0,0,17,0,11,0,30,0,42,0,0,0,0,0,0,0,89,0,7,0,0,0,0,0,0,0,0,0,8,0,0,0,0,0,263,0,0,0,862,0,0,0,0,0,0,0,0,0,0,0,0,0,0,0,336,0,0,0,0,0,0,0,0,0,0,0,0,0,0,0,0,0,0,0,0,0,15,0,0,0,0,0,0,0,0,0,0,0,321,0,0,0,35,0,0,0,387,0,0,0,19,0,0,0,0,0,0,0,0,0,0,0,0,0,0,0,26,0,12,0,91,0,141,0,38,0,98,0,0,0,47,0,7,0,0,0,0,0,0,0,0,0,0,0,0,0,0,0,0,0,12,0,0,0,0,0,0,0,0,0,0,0,0,0,0,0,0,248,0,0,0,343,444,122,342,0,10,3
24,257,57,15,21,0,137,245,15,113,0,0,0,0,45,0,57,21,54,0,74,0,138,0,0,164,0,0,50,0,0,0,13,0,0,0,0,0,24,0,0,0,0,0,93,0,0,0,19,0,0,0,71,11,314,183,23,0,7,0,92,4,331,49,2,0,0,0,0,0,0,0,0,0,0,0,0,0,0,0,0,0,0,0,124,0,0,0,0,0,0,0,0,0,0,0,0,0,0,0,0,0,0,0,0,0,0,0,0,0,0,0,0,0,0,0,0,0,0,0,0,0,0,0,49,0,0,0,167,0,0,0,64,0,295,0,450,0,41,0,115,0,461,0,0,0,27,0,37,0,18,0,11,0,26,0,0,1,24,0,32,0,0,0,0,0,0,0,14,0,33,0,50,1,0,0,119,87,0,0,0,0,0,1,5,0,0,0,0,0,0,0,0,0,0,0,0,0,0,0,246,0,0,0,0,0,0,0,74,0,54,133,67,0,87,0,0,0,0,0,0,0,0,0,0
208,93,254,184,0,26,0,336,3,0,0,0,0,0,0,33,53,102,0,140,0,228,212,95,164,0,0,0,0,69,0,28,0,17,0,14,0,0,0,79,0,0,0,0,0,0,0,0,0,5,0,0,0,26,0,147,0,23,0,6,11,25,4,71,0,6,0,0,0,0,0,0,0,0,0,0,0,0,0,0,0,0,0,0,0,731,0,0,0,0,0,0,0,0,0,0,0,74,0,0,0,297,0,0,0,0,0,0,0,0,0,0,0,0,0,0,0,0,0,0,0,0,0,3,0,0,0,0,0,39,0,0,0,0,0,876,0,720,0,187,0,0,0,784,0,0,0,0,0,0,0,0,0,0,0,29,0,0,0,0,0,0,0,0,0,0,0,4,0,0,0,12,0,37,0,0,39,113,0,0,0,0,5,0,2,0,0,0,0,0,0,2,0,0,0,0,0,0,0,0,0,386,0,0,0,0,0,0,0,0,7,0,0,0,75,0,0,0,60,395,52,80,0,11,0
0,0,224,0,223,0,0,0,0,0,41,0,174,175,257,0,89,0,120,0,319,0,324,0,0,0,0,486,0,0,0,0,0,0,9,0,67,0,0,0,134,182,91,0,245,191,412,788,108,50,179,0,0,0,0,0,0,0,0,0,0,0,0,0,0,0,0,0,0,0,0,0,0,0,0,0,0,0,0,0,0,0,0,0,0,0,0,0,0,0,0,0,0,0,0,0,0,0,0,0,0,0,0,0,0,0,0,0,0,0,0,0,0,0,0,0,0,0,0,0,0,0,0,0,0,0,0,0,0,0,0,0,0,0,0,0,0,0,0,0,0,0,0,0,0,0,0,0,0,0,0,0,0,0,0,0,0,0,0,0,0,0,0,0,119,0,39,0,0,0,0,0,0,0,0,0,0,0,0,0,0,0,0,0,52,0,170,0,0,0,0,0,0,0,0,0,0,0,0,0,0,0,0,0,0,0,0,0,0,0,0,379,903,0,121,0,12,48,0,0,0,0,0,0,0
0,504,0,203,0,347,0,133,0,0,0,280,751,110,80,93,0,0,551,314,253,157,0,32,0,0,486,0,0,0,0,25,1,13,0,138,0,83,0,0,115,23,19,98,17,86,165,153,0,41,24,273,0,0,0,0,0,0,0,0,0,0,0,0,0,192,0,0,0,0,0,0,0,0,0,0,0,0,0,0,0,0,0,0,0,0,0,0,0,0,0,0,0,0,0,0,0,0,0,0,0,0,0,0,0,0,0,0,0,0,0,0,0,0,0,0,0,0,0,0,0,0,0,0,0,0,0,0,0,0,0,0,0,0,0,0,0,148,0,0,0,0,0,0,0,0,0,0,0,0,0,0,0,0,0,0,0,0,0,0,0,0,0,0,0,126,0,65,0,0,0,0,0,0,0,0,45,171,0,0,0,0,0,0,0,0,48,9,0,0,0,0,0,0,0,0,0,0,0,0,0,0,0,0,0,0,0,0,0,0,0,0,0,0,113,0,0,0,122,418,670,173,0,8,0
0,0,179,0,0,0,15,0,0,0,0,0,0,0,0,0,73,0,0,0,57,0,102,0,50,0,0,0,0,0,23,0,12,0,12,0,9,0,7,0,0,0,125,0,0,0,0,0,0,0,8,0,0,0,0,0,0,0,0,0,11,0,19,0,0,0,0,0,0,0,73,0,0,0,65,0,0,0,0,0,168,0,0,0,61,0,51,0,0,0,91,0,0,0,0,0,0,0,389,0,0,0,0,0,0,0,0,0,0,0,0,0,0,0,0,0,0,0,0,0,0,0,0,0,0,0,0,0,0,0,0,0,0,0,0,0,0,0,61,0,124,0,0,0,92,0,0,0,0,0,0,0,0,0,0,0,0,0,0,0,0,0,0,0,0,0,0,0,0,0,0,0,0,0,0,0,0,0,0,0,0,0,0,0,0,0,0,0,0,0,0,0,0,0,0,0,0,0,0,0,0,0,0,0,0,0,0,0,0,0,0,0,10,0,0,0,0,0,0,0,0,0,0,0,0
0,91,0,140,0,0,0,128,0,0,0,0,0,0,0,8,0,119,0,0,0,72,0,63,0,69,0,0,0,0,0,88,0,39,0,64,0,5,0,31,0,0,0,12,0,0,0,0,0,0,0,3,0,19,0,0,0,0,0,1,0,11,0,121,0,0,0,0,0,0,0,0,0,0,0,0,0,0,0,0,0,258,0,0,0,379,0,0,0,0,0,0,0,0,0,0,0,0,0,86,0,94,0,0,0,0,0,0,0,0,0,0,0,0,0,0,0,0,0,0,0,107,0,26,0,0,0,0,0,0,0,6,0,0,0,0,0,0,0,110,0,133,0,376,0,59,0,0,0,0,0,0,0,0,0,3,0,0,0,5,0,0,0,2,0,0,0,0,0,0,0,0,0,0,0,0,0,2,0,0,0,0,0,0,0,0,0,0,0,0,0,0,0,0,0,0,0,0,0,0,0,0,0,0,0,0,0,0,0,0,0,0,0,0,3,0,0,0,0,12,0,5,0,0,0
0,0,11,0,179,35,0,0,0,0,27,0,39,0,108,0,14,0,40,0,19,1,20,0,0,0,0,0,23,0,0,0,2,0,0,0,26,0,4,0,0,0,28,0,0,0,0,0,20,0,25,0,0,0,0,0,0,0,0,0,4,0,5,0,0,0,0,0,0,0,0,0,0,0,14,0,0,0,0,0,0,0,0,0,36,0,0,0,0,0,31,0,0,0,0,0,0,0,70,0,0,0,0,0,0,0,0,0,0,0,0,0,0,0,0,0,0,0,0,0,0,0,0,0,0,0,0,0,0,0,0,0,0,0,0,0,0,0,0,0,15,0,0,0,0,0,0,0,0,0,0,0,0,0,0,0,2,0,0,0,0,0,0,0,0,0,168,0,117,0,0,0,0,0,0,0,0,0,0,0,0,0,0,0,0,0,0,0,0,0,0,0,0,0,0,0,0,0,0,0,0,0,0,0,0,0,0,0,0,0,280,195,214,0,146,0,0,1,0,0,0,0,0,0,0
0,0,0,0,0,259,0,0,0,0,0,57,0,27,0,39,0,65,0,124,3,37,0,36,0,28,0,25,0,88,0,0,0,0,0,28,0,0,0,37,0,0,0,21,0,15,0,0,0,1,0,1,0,0,0,9,0,0,0,0,0,0,0,56,0,0,0,0,0,0,0,0,0,0,0,0,0,0,0,0,0,0,0,0,0,0,0,0,0,0,0,0,0,0,0,0,0,28,0,0,0,0,0,0,0,0,0,0,0,0,0,0,0,0,0,0,0,0,0,0,0,0,0,0,0,0,0,0,0,0,0,0,0,0,0,0,0,0,0,0,0,0,0,0,0,189,0,0,0,0,0,0,0,0,0,0,0,0,0,0,0,0,0,0,0,0,0,33,0,0,0,0,0,0,0,0,0,0,0,0,0,0,0,0,0,0,0,0,0,0,0,0,0,0,0,0,0,0,0,0,0,0,0,0,0,0,0,4,0,0,0,0,0,0,0,0,0,0,0,30,0,0,0,0,0
0,0,58,0,219,0,0,0,0,0,105,0,0,0,139,0,86,0,0,0,87,0,30,0,13,0,0,1,12,0,2,0,0,0,5,0,87,0,3,0,0,0,40,0,32,0,0,0,0,0,0,0,0,0,0,0,0,0,0,0,9,0,0,0,0,0,0,0,0,0,0,0,0,0,0,0,0,0,0,0,0,0,0,0,0,0,11,0,0,0,35,0,0,0,0,0,0,0,74,0,0,0,0,0,0,0,0,0,0,0,0,0,0,0,0,0,0,0,0,0,10,0,0,0,0,0,0,0,0,0,0,0,0,0,0,0,0,0,12,0,0,0,0,0,16,0,0,0,0,0,0,0,0,0,0,0,0,0,0,0,0,0,0,0,10,0,89,0,64,0,0,0,43,0,0,0,33,0,21,0,0,0,0,0,0,0,0,0,0,0,0,0,0,0,0,0,0,0,0,0,0,0,0,0,0,0,0,0,0,0,105,88,95,101,59,0,4,0,0,0,0,0,0,0,0
0,187,0,134,0,740,0,0,0,0,0,438,0,0,12,102,0,82,0,54,0,34,19,54,0,17,0,13,0,39,0,0,0,0,0,45,0,128,0,2,0,0,0,10,0,8,0,0,0,0,0,5,0,5,0,0,0,0,0,0,0,16,0,36,0,0,0,0,0,0,0,0,0,0,0,5,0,0,0,0,0,0,0,0,0,0,0,0,0,0,0,0,0,0,0,0,0,0,0,0,0,0,0,0,0,0,0,0,0,0,0,0,0,0,0,0,0,0,0,0,0,0,0,0,0,0,0,0,0,0,0,0,0,0,0,0,0,0,0,0,0,0,0,0,0,22,0,0,0,0,0,0,0,0,0,0,0,12,0,0,0,0,0,0,0,0,0,47,0,33,0,0,0,15,0,0,0,29,0,91,0,0,0,0,0,0,0,2,0,0,0,0,0,0,0,0,0,0,0,0,0,0,0,0,0,0,0,0,0,0,0,0,0,0,26,0,0,0,69,82,0,0,0,0,0
0,0,0,0,74,0,0,0,0,0,0,0,99,0,29,2,0,0,38,0,11,0,7,0,0,0,9,0,12,0,0,0,5,0,0,0,41,0,0,0,0,0,4,0,0,0,0,0,0,0,67,0,0,0,0,0,0,0,0,0,1,0,0,0,0,0,0,0,0,0,0,0,0,0,3,0,0,0,0,0,0,0,0,0,0,0,0,0,0,0,0,0,0,0,0,0,0,0,0,0,0,0,0,0,0,0,0,0,0,0,0,0,0,0,0,0,0,0,0,0,0,0,0,0,0,0,0,0,0,0,0,0,0,0,0,0,0,0,0,0,0,0,0,0,0,0,0,0,0,0,0,0,0,0,0,0,0,0,0,0,0,0,0,0,82,0,102,0,126,0,6,0,19,0,0,0,0,3,0,0,0,0,0,0,0,0,0,0,0,0,0,0,0,0,0,0,0,0,0,0,0,0,0,0,0,0,0,0,0,0,123,117,227,0,0,0,0,0,0,0,0,0,0,0,0
0,0,0,0,0,199,0,0,0,0,0,0,0,203,0,19,0,15,0,209,0,143,0,10,0,14,0,138,0,64,0,28,0,45,0,0,0,70,0,121,0,0,0,22,0,12,0,0,0,2,0,11,0,0,0,0,0,0,0,0,0,41,0,30,0,0,0,0,0,0,0,0,0,0,0,29,0,0,0,0,0,292,0,0,0,291,0,0,0,0,0,0,0,0,0,0,0,17,0,0,0,0,0,0,0,0,0,0,0,0,0,0,0,0,0,0,0,0,0,0,0,0,0,33,0,0,0,0,0,0,0,0,0,0,0,0,0,0,0,0,0,164,0,275,0,0,0,0,0,0,0,0,0,0,0,0,0,80,0,0,0,0,0,0,0,0,0,60,0,0,0,0,0,15,0,0,0,0,0,10,0,0,0,0,0,0,0,5,0,0,0,0,0,0,0,0,0,0,0,0,0,0,0,0,0,0,0,0,0,0,0,0,0,0,0,0,0,0,0,27,35,0,0,0,0
26,0,0,0,145,7,0,0,0,0,117,0,0,0,33,0,7,0,73,0,18,0,0,0,0,0,67,0,9,0,26,0,87,0,41,0,0,0,19,0,0,0,140,0,78,0,0,0,7,0,26,0,0,0,0,0,0,0,0,0,55,0,10,0,0,0,0,0,0,0,46,0,0,0,55,0,0,0,0,0,102,0,0,0,0,0,23,0,0,0,0,0,0,0,0,0,0,0,0,0,0,0,0,0,0,0,0,0,0,0,0,0,0,0,0,0,0,0,0,0,35,0,0,0,0,0,0,0,0,0,0,0,6,0,0,0,30,0,85,0,158,0,0,0,129,0,4,0,0,0,0,0,0,0,6,0,78,0,11,0,0,0,23,0,24,0,57,0,77,0,30,0,48,0,0,0,25,0,37,0,0,0,0,0,0,0,0,0,0,0,0,0,0,0,0,0,0,0,0,0,0,0,0,0,0,0,0,0,0,0,35,62,79,0,30,0,0,0,0,0,0,0,0,0,0
1,132,0,0,0,185,0,0,0,0,0,81,0,112,0,19,0,8,0,126,0,93,0,22,0,0,0,83,0,5,0,0,0,128,0,70,0,0,0,21,0,0,0,103,0,51,0,0,0,7,0,55,0,0,0,0,0,0,0,0,0,37,0,50,0,0,0,0,0,0,0,0,0,0,0,70,0,0,0,0,0,360,0,0,0,136,0,137,0,0,0,0,0,0,0,0,0,18,0,76,0,0,0,0,0,0,0,0,0,0,0,0,0,0,0,0,0,0,0,0,0,0,0,28,0,0,0,0,0,0,0,0,0,0,0,0,0,0,0,0,0,122,0,0,0,151,0,0,0,0,0,0,0,3,0,0,0,103,0,0,0,0,0,0,0,25,0,39,0,75,0,23,0,57,0,0,0,8,0,65,0,0,0,0,0,1,0,12,0,0,0,0,0,0,0,2,0,0,0,2,0,0,0,0,0,0,0,0,0,0,0,0,0,0,16,0,0,0,35,67,48,0,0,3,0
379,0,541,0,425,0,0,0,0,0,436,0,0,0,91,0,81,0,0,0,17,0,115,0,24,0,0,0,7,0,4,0,3,0,0,0,19,0,0,0,0,0,11,0,13,0,0,0,4,0,2,0,3,0,0,0,0,0,0,0,20,0,7,0,0,0,0,0,0,0,0,0,0,0,16,0,0,0,0,0,0,0,0,0,0,0,0,0,0,0,0,0,0,0,0,0,0,0,0,0,0,0,0,0,0,0,0,0,0,0,0,0,0,0,0,0,0,0,0,0,0,0,0,0,0,0,0,0,0,0,0,0,0,0,0,0,0,0,73,0,0,0,65,0,39,0,0,0,18,0,0,0,0,0,16,0,25,0,0,0,2,0,5,0,1,0,44,0,0,0,9,0,40,0,0,0,111,0,74,0,0,0,55,0,32,0,0,0,0,0,0,0,0,0,0,0,0,0,0,0,0,0,0,0,0,0,0,0,0,0,0,95,20,0,0,0,0,0,0,0,0,0,0,0,0
0,865,19,374,0,0,0,481,0,0,0,241,0,0,0,20,0,156,0,0,0,0,0,50,0,79,0,0,0,31,0,37,0,2,0,121,0,21,0,0,0,0,0,13,0,0,0,0,0,0,0,12,0,0,0,0,0,0,0,0,0,9,0,36,0,0,0,0,0,0,0,0,0,0,0,0,0,0,0,0,0,45,0,0,0,0,0,0,0,0,0,0,0,0,0,0,0,1,0,0,0,0,0,0,0,0,0,0,0,0,0,0,0,0,0,0,0,0,0,0,0,0,0,0,0,0,0,0,0,0,0,0,0,0,0,0,0,0,0,82,0,96,0,92,0,54,0,0,0,0,0,0,0,0,0,0,0,31,0,0,0,0,0,0,0,3,0,4,0,3,0,0,0,23,0,0,0,28,0,19,0,0,0,4,0,0,0,0,0,0,0,0,0,0,0,0,0,0,0,0,0,0,0,0,0,0,0,0,0,0,0,0,0,0,0,0,0,0,0,116,0,0,0,0,0
37,0,45,0,133,0,0,0,0,0,87,0,281,0,0,0,0,0,61,0,0,0,0,0,0,0,134,115,0,0,0,0,0,0,0,0,0,0,0,0,0,63,6,0,42,121,190,242,160,76,0,0,0,0,0,0,0,0,0,0,0,0,0,0,0,0,0,0,0,0,0,0,0,0,0,0,0,0,0,0,0,0,0,0,0,0,0,0,0,0,0,0,0,0,0,0,0,0,0,0,0,0,0,0,0,0,0,0,0,0,0,0,0,0,0,0,0,0,0,0,0,0,0,0,0,0,0,0,0,0,0,0,0,0,0,0,0,0,0,0,0,0,0,0,0,0,0,0,0,0,0,0,0,0,0,0,0,0,0,0,0,0,0,0,0,0,0,0,0,0,0,0,0,0,0,0,108,0,51,0,0,0,62,0,0,0,237,0,0,0,0,0,0,0,0,0,0,0,0,0,0,0,0,0,0,0,0,0,0,0,0,69,0,0,0,0,0,0,0,3,0,0,0,0,0
0,54,0,0,0,0,0,0,0,0,0,95,0,166,0,0,0,0,50,5,0,0,0,0,0,0,182,23,0,0,0,0,0,0,0,0,0,0,0,0,63,0,0,28,0,39,145,346,8,86,0,0,0,0,0,0,0,0,0,0,0,0,0,0,0,0,0,0,0,0,0,0,0,0,0,0,0,0,0,0,0,0,0,0,0,0,0,0,0,0,0,0,0,0,0,0,0,0,0,0,0,0,0,0,0,0,0,0,0,0,0,0,0,0,0,0,0,0,0,0,0,0,0,0,0,0,0,0,0,0,0,0,0,0,0,0,0,0,0,0,0,0,0,0,0,0,0,0,0,0,0,0,0,0,0,0,0,0,0,0,0,0,0,0,0,0,0,0,0,0,0,0,0,0,0,0,0,263,0,106,0,0,0,0,0,0,31,9,0,0,0,0,0,0,0,0,0,0,0,0,0,0,0,0,0,0,0,0,0,0,0,0,0,0,0,0,0,0,0,52,0,0,0,0,14
0,0,0,0,0,0,0,0,0,0,4,0,77,0,2,0,51,0,21,0,56,0,36,0,0,0,91,19,125,0,28,0,40,0,4,0,140,0,11,0,6,0,0,0,71,0,22,36,81,0,35,0,0,0,0,0,23,0,0,0,0,0,0,0,0,0,0,0,0,0,72,0,0,0,0,0,0,0,0,0,0,0,0,0,0,0,0,0,0,0,0,0,0,0,0,0,0,0,343,0,0,0,0,0,0,0,0,0,0,0,0,0,0,0,0,0,0,0,0,0,0,0,0,0,0,0,0,0,0,0,0,0,0,0,0,0,0,0,0,0,0,0,0,0,0,0,0,0,0,0,0,0,0,0,0,0,0,0,0,0,0,0,0,0,54,0,40,0,41,0,0,0,49,0,0,0,0,0,4,0,0,0,3,0,0,0,42,0,0,0,0,0,0,0,0,0,0,0,0,0,0,0,0,0,0,0,0,0,0,0,66,66,150,47,47,0,3,12,0,0,0,0,0,0,0
0,0,0,0,0,8,0,0,0,0,0,32,2,75,0,10,0,0,0,10,0,80,0,17,0,0,0,98,0,12,0,21,0,10,0,22,0,103,0,13,0,28,0,0,0,59,0,22,0,12,0,15,0,0,0,0,0,0,0,0,0,13,0,0,0,0,0,0,0,0,0,0,0,0,0,0,0,0,0,0,0,208,0,0,0,206,0,0,0,0,0,0,0,0,0,0,0,0,0,0,0,0,0,0,0,0,0,0,0,0,0,0,0,0,0,0,0,0,0,0,0,0,0,0,0,0,0,0,0,0,0,0,0,0,0,0,0,0,0,0,0,0,0,149,0,83,0,0,0,0,0,0,0,0,0,0,0,34,0,0,0,0,0,0,0,28,0,18,0,27,0,0,0,0,0,0,0,36,0,0,0,0,0,0,0,0,0,121,0,0,0,0,0,0,0,0,0,0,0,0,0,0,0,0,0,0,0,0,0,13,0,0,0,0,27,0,0,0,66,43,71,35,1,0,0
0,0,201,0,61,0,44,0,0,0,31,0,48,0,45,0,224,0,35,0,119,0,323,0,93,0,245,17,0,0,0,0,32,0,0,0,78,0,13,0,42,0,71,0,0,0,172,33,133,18,37,0,0,0,120,0,0,0,47,0,0,0,0,0,0,0,10,0,0,0,156,0,0,0,0,0,0,0,0,0,0,0,111,0,0,0,0,0,0,0,0,0,232,0,0,0,0,0,0,0,0,0,0,0,0,0,0,0,0,0,0,0,0,0,0,0,2,0,0,0,0,0,0,0,0,0,0,0,0,0,0,0,0,0,524,0,0,0,0,0,0,0,0,0,0,0,0,0,0,0,0,0,52,0,0,0,0,0,0,0,0,0,84,0,129,0,65,0,170,0,45,0,0,0,15,0,0,0,0,0,0,0,0,0,0,0,55,0,0,0,0,0,248,0,0,0,0,0,0,0,0,0,0,0,0,0,0,0,0,0,125,274,314,88,68,0,16,206,0,0,0,0,0,0,0
0,230,0,102,0,0,0,67,0,63,0,107,0,80,0,46,0,0,38,137,0,195,0,0,0,0,191,86,0,0,0,15,0,8,0,12,0,51,0,0,121,39,0,59,0,0,220,89,16,185,2,43,0,0,0,0,0,0,0,0,0,0,0,0,0,73,0,0,0,0,0,18,0,0,0,28,0,0,0,0,0,148,0,155,0,0,0,161,0,0,0,0,0,43,0,265,0,0,0,0,0,0,0,0,0,0,0,0,0,0,0,0,0,0,0,0,0,0,0,0,0,0,0,0,0,0,0,0,0,0,0,0,0,0,0,0,0,0,0,0,0,0,0,0,0,0,0,0,0,0,0,0,0,0,0,0,0,0,0,0,0,0,0,25,0,272,0,34,0,179,0,29,0,23,0,0,0,132,0,0,1,0,0,0,0,81,45,86,0,0,0,0,0,0,0,0,0,51,0,0,0,0,0,0,0,0,0,0,0,0,0,0,0,0,103,0,0,0,168,281,461,93,0,13,61
62,0,220,0,135,0,0,0,0,0,110,0,164,34,51,0,0,0,106,0,0,0,126,0,0,0,412,165,0,0,0,0,0,0,0,0,0,0,0,0,190,145,22,0,172,220,0,390,221,187,6,0,0,0,0,0,0,0,0,0,0,0,0,0,0,0,0,0,0,0,0,0,0,0,0,0,0,0,0,0,0,0,0,0,0,0,0,0,0,0,0,0,0,0,0,0,0,0,0,0,0,0,0,0,0,0,0,0,0,0,0,0,0,0,0,0,0,0,0,0,0,0,0,0,0,0,0,0,0,0,0,0,0,0,0,0,0,0,0,0,0,0,0,0,0,0,0,0,0,0,0,0,0,0,0,0,0,0,0,0,0,0,0,0,0,0,0,0,0,0,0,0,0,0,0,0,0,5,41,0,0,0,89,0,103,0,325,0,0,0,0,0,0,0,0,0,0,0,0,0,0,0,0,0,0,0,0,0,0,0,0,398,114,0,0,0,0,185,0,15,0,0,0,0,0
0,286,0,0,0,152,0,0,0,0,0,356,542,267,0,0,0,0,372,93,135,10,0,0,0,0,788,153,0,0,0,0,0,0,0,0,0,0,0,0,242,346,36,22,33,89,390,0,23,148,24,22,0,0,0,0,0,0,0,0,0,0,0,0,0,48,0,12,0,0,0,0,0,0,0,0,0,0,0,0,0,0,0,0,0,0,0,0,0,0,0,0,0,0,0,0,0,0,0,0,0,0,0,0,0,0,0,0,0,0,0,0,0,0,0,0,0,0,0,0,0,0,0,0,0,0,0,0,0,0,0,0,0,0,0,0,0,0,0,0,0,0,0,0,0,0,0,0,0,0,0,0,0,5,0,0,0,0,0,0,0,0,0,0,0,0,0,0,0,0,0,0,0,0,0,0,14,321,0,8,0,0,0,0,0,0,126,16,0,0,0,0,0,0,0,0,0,0,0,0,0,0,0,0,0,0,0,0,0,0,0,2,0,0,0,0,0,0,0,243,90,0,0,0,40
113,0,191,0,83,0,201,0,107,0,40,0,49,0,8,0,0,0,15,0,32,0,36,0,19,0,108,0,0,0,20,0,0,0,0,0,7,0,4,0,160,8,81,0,133,16,221,23,0,29,44,0,17,0,41,0,114,0,45,0,7,0,0,0,0,0,0,0,52,0,0,0,0,0,0,0,0,0,0,0,0,1,47,0,32,0,0,0,12,0,0,0,206,0,48,2,0,0,6,0,3,1,46,2,20,0,0,0,0,0,0,0,0,0,2,0,0,0,0,0,0,0,0,0,0,0,0,0,0,0,37,5,0,0,0,0,19,0,0,0,0,0,130,0,0,0,16,0,29,0,0,0,63,0,11,0,0,0,0,0,47,0,48,0,43,0,27,0,29,0,51,0,22,0,33,0,185,3,35,0,53,0,34,0,30,0,314,1,58,0,0,2,222,2,0,0,0,0,0,0,134,0,0,3,0,0,0,0,33,0,171,325,63,37,144,19,10,70,3,17,11,0,0,4,0
0,69,2,14,0,25,0,33,0,25,0,117,0,26,0,7,0,11,0,4,0,43,0,17,0,5,50,41,0,0,0,1,0,0,0,2,0,7,0,0,76,86,0,12,18,185,187,148,29,0,0,18,0,0,0,6,0,0,0,0,0,0,0,5,0,0,0,1,0,9,0,0,0,0,0,0,0,0,0,0,0,0,0,62,0,0,0,0,0,6,0,0,0,35,0,72,0,0,0,0,0,0,0,8,0,0,0,0,0,0,0,0,0,0,0,0,0,0,0,0,0,0,0,0,0,2,0,0,0,0,0,0,0,0,0,18,0,0,0,0,0,0,0,0,0,0,0,15,0,0,0,26,0,32,0,0,0,0,0,2,0,0,0,4,0,61,0,41,0,22,0,18,0,16,0,0,0,148,0,50,0,38,0,12,0,25,65,24,0,0,0,0,0,0,0,13,0,6,0,0,0,0,0,0,0,0,0,9,0,6,0,2,0,0,53,0,0,2,46,117,53,8,0,6,56
6,0,0,0,22,0,0,0,0,0,0,0,135,9,7,0,0,0,53,0,29,0,0,0,0,0,179,24,8,0,25,0,0,0,67,0,26,0,2,0,0,0,35,0,37,2,6,24,44,0,0,0,0,0,0,0,0,0,0,0,0,0,1,0,0,0,0,0,0,0,0,0,0,0,0,0,0,0,0,0,0,0,32,0,0,0,0,0,0,0,0,0,30,0,0,0,0,0,0,0,0,0,0,0,0,0,0,0,2,0,0,0,0,0,0,0,0,0,0,0,0,0,0,0,0,0,0,0,0,0,0,0,0,0,0,0,0,0,0,0,0,0,0,0,2,0,2,0,0,0,0,0,0,0,0,0,0,0,0,0,0,0,15,0,63,0,33,0,158,0,23,0,69,0,2,0,0,0,0,0,0,0,0,0,0,0,6,0,0,0,0,0,0,0,0,0,0,0,0,0,0,0,0,0,0,0,0,0,0,0,72,112,361,79,45,0,0,16,1,0,0,0,0,0,0
0,60,0,0,0,25,0,0,0,0,0,22,0,164,0,0,0,0,0,55,0,57,0,11,0,0,0,273,0,3,0,1,0,5,0,11,0,55,0,12,0,0,0,15,0,43,0,22,0,18,0,0,0,0,0,0,0,0,0,0,0,4,0,4,0,0,0,2,0,0,0,16,0,3,0,22,0,0,0,0,0,87,0,42,0,0,0,75,0,0,0,0,0,0,0,71,0,0,0,0,0,0,0,0,0,0,0,0,0,0,0,0,0,0,0,0,0,0,0,0,0,0,0,0,0,0,0,0,0,0,0,5,0,0,0,0,0,0,0,0,0,0,0,0,0,0,0,0,0,0,0,0,0,7,0,1,0,7,0,0,0,9,0,18,0,44,0,34,0,146,0,0,0,26,0,0,0,16,0,0,0,0,0,0,0,9,0,18,0,0,0,0,0,0,0,26,0,13,0,0,0,0,0,0,0,0,0,0,0,0,0,0,0,0,45,0,0,0,87,102,143,41,3,6,0
0,0,0,0,0,0,166,5,233,32,0,0,0,0,0,0,125,0,0,0,0,0,14,0,71,0,0,0,0,0,0,0,0,0,0,0,0,0,3,0,0,0,0,0,0,0,0,0,17,0,0,0,0,6,104,25,36,3,50,13,12,0,53,0,1,0,3,14,0,0,5,0,0,0,15,0,0,0,0,0,63,0,0,0,68,0,0,0,0,0,31,0,0,0,0,0,0,0,111,0,0,0,0,0,0,0,0,0,0,0,0,0,0,0,0,0,0,0,0,0,0,0,0,0,8,0,0,0,117,0,17,0,33,0,18,0,195,0,185,0,210,0,297,0,42,0,0,0,0,0,0,0,0,0,222,1,108,0,110,0,14,0,32,0,0,0,0,0,16,0,186,0,3,0,0,0,58,4,0,0,0,0,0,0,6,4,0,0,0,0,0,0,0,0,0,0,0,0,0,0,0,0,0,0,0,0,0,0,0,0,52,445,96,116,84,0,76,4,0,0,0,0,0,0,0
2,0,0,1,0,0,50,20,91,188,0,0,0,0,0,0,0,83,0,0,0,0,0,30,11,26,0,0,0,19,0,0,0,5,0,0,0,0,0,0,0,0,0,0,0,0,0,0,0,0,0,0,6,0,41,135,7,109,13,9,0,50,4,81,0,0,3,2,0,3,0,0,0,0,0,0,0,0,0,0,0,0,0,0,0,71,0,4,0,0,0,0,0,0,0,0,0,0,0,0,0,0,0,0,0,0,0,0,0,0,0,0,0,0,0,0,0,0,0,0,0,0,0,0,0,12,0,0,0,32,0,0,0,0,0,35,0,145,0,290,0,48,0,210,0,72,0,0,0,0,0,0,0,0,0,104,1,134,1,82,0,6,0,0,0,0,0,0,0,0,0,17,0,10,0,0,14,81,0,0,0,0,0,4,0,9,0,0,0,0,0,0,0,0,0,0,0,0,0,0,0,0,0,0,0,0,0,0,0,0,2,0,0,0,52,0,0,0,29,82,44,37,5,20,0
0,4,93,0,0,0,188,16,76,172,0,0,39,0,0,0,12,0,0,0,40,0,152,0,314,0,0,0,0,0,0,0,0,0,0,0,0,0,0,0,0,0,0,0,120,0,0,0,41,0,0,0,104,41,0,143,76,6,145,32,15,5,20,10,0,0,2,20,0,0,0,0,1,0,0,0,0,0,0,0,4,0,0,0,27,0,0,0,0,0,5,0,0,0,0,0,0,0,0,0,0,0,0,0,0,0,0,0,0,0,0,0,0,0,0,0,0,0,0,0,0,0,0,0,0,0,0,0,121,0,37,0,78,0,94,0,160,0,12,0,14,0,111,0,0,2,0,0,0,0,0,0,0,0,13,0,21,5,0,0,135,0,0,0,5,0,0,0,24,0,174,0,10,0,0,0,59,12,0,0,0,0,0,0,0,2,0,0,0,0,0,0,0,0,0,0,0,0,0,0,19,0,0,0,0,0,0,0,55,0,111,132,190,263,257,0,187,7,6,0,0,0,0,0,0
62,18,0,26,0,0,200,591,282,368,0,0,0,0,0,26,0,47,0,0,0,0,0,42,183,147,0,0,0,0,0,9,0,0,0,0,0,0,0,0,0,0,0,0,0,0,0,0,0,6,0,0,25,135,143,0,0,106,45,162,0,56,36,147,0,0,22,5,0,8,0,0,0,0,0,0,0,0,0,0,0,0,0,0,0,139,0,0,0,0,0,0,0,0,0,0,0,0,0,0,0,0,0,0,0,0,0,0,0,0,0,0,0,0,0,0,0,0,0,0,0,0,0,0,0,11,0,0,13,63,0,60,0,130,9,308,0,523,1,181,0,0,0,297,0,0,0,0,0,0,0,0,0,0,0,77,0,32,0,142,0,20,0,0,0,0,0,0,0,31,0,195,0,111,0,0,64,193,0,0,0,0,0,6,4,0,0,0,0,0,0,0,0,0,0,0,0,0,0,0,0,0,0,0,0,0,0,0,0,39,0,0,0,0,352,0,0,0,209,190,327,295,57,240,0
0,0,0,0,0,0,50,0,17,34,0,0,0,0,0,0,0,0,0,0,0,0,0,0,23,0,0,0,0,0,0,0,0,0,0,0,0,0,0,0,0,0,23,0,0,0,0,0,114,0,0,0,36,7,76,0,0,20,202,67,0,0,4,0,81,11,41,76,0,0,0,0,0,0,0,0,0,0,0,0,0,0,20,0,0,0,0,0,0,0,0,0,0,0,0,0,0,0,0,0,0,0,0,0,0,0,0,0,0,0,0,0,0,0,0,0,0,0,0,0,0,0,0,0,0,0,5,0,91,0,44,0,12,0,0,0,0,0,39,0,0,0,0,0,34,5,0,0,0,0,0,0,0,0,67,13,47,5,91,9,139,20,213,0,0,0,0,0,132,0,306,0,39,0,0,0,43,0,0,0,32,0,0,0,23,4,0,0,0,0,0,0,0,0,0,0,0,0,0,0,0,0,0,0,0,0,0,0,0,0,538,270,710,898,1183,151,525,24,0,0,0,0,0,0,0
0,0,0,0,0,0,0,42,30,45,0,0,0,0,0,0,0,18,0,21,0,0,0,0,0,23,0,0,0,0,0,0,0,0,0,0,0,0,0,0,0,0,0,0,0,0,0,0,0,0,0,0,3,109,6,106,20,0,64,170,0,0,0,35,9,21,38,51,0,23,0,0,0,0,0,0,0,9,0,0,0,0,0,0,0,0,0,0,0,0,0,0,0,0,0,0,0,0,0,0,0,0,0,0,0,0,0,0,0,0,0,0,0,0,0,0,0,0,0,0,0,0,0,0,0,12,0,0,0,24,0,71,0,40,0,0,0,117,0,66,0,7,0,50,0,9,0,4,0,18,0,0,0,0,0,166,2,24,8,127,0,34,0,164,0,0,0,0,0,30,0,527,0,11,0,0,7,0,0,0,0,0,0,0,0,8,0,0,0,0,0,0,0,0,0,0,0,0,0,0,0,0,0,0,0,0,0,8,0,7,0,0,1,0,702,0,0,0,227,198,761,0,231,456,0
4,0,17,0,0,0,37,1,52,50,0,0,0,0,0,0,1,0,0,0,0,1,0,0,7,0,0,0,0,0,0,0,0,0,0,0,0,0,0,0,0,0,0,0,47,0,0,0,45,0,0,0,50,13,145,45,202,64,0,114,0,1,4,0,267,4,230,115,0,0,0,0,2,0,0,0,0,0,0,0,0,0,0,0,0,0,0,0,0,0,0,0,0,0,0,0,0,0,0,0,0,0,0,0,0,0,0,0,0,0,0,0,0,0,0,0,0,0,0,0,0,0,0,0,19,0,7,0,0,0,43,0,0,0,0,0,0,0,0,0,0,0,0,0,0,1,0,0,47,0,4,0,0,0,8,10,156,6,5,8,38,5,0,0,0,0,13,0,24,0,173,0,22,0,1,0,163,0,0,0,0,0,0,0,195,10,0,0,0,0,0,0,0,0,0,0,0,0,0,0,0,0,0,0,0,0,0,0,0,0,557,322,296,650,951,0,394,9,4,0,0,0,0,0,0
0,0,0,0,0,0,0,37,0,44,0,0,0,0,0,0,0,0,0,0,0,0,0,0,0,6,0,0,0,1,0,0,0,0,0,0,0,0,0,0,0,0,0,0,0,0,0,0,0,0,0,0,13,9,32,162,67,170,114,0,0,0,0,5,15,123,76,300,0,10,0,0,0,0,0,0,0,0,1,0,0,0,0,14,0,0,0,0,0,0,0,0,0,0,0,0,0,0,0,0,0,0,0,0,0,0,0,0,0,0,0,0,0,0,0,0,0,0,0,0,0,0,0,0,0,12,0,12,0,2,0,66,0,6,0,16,0,20,0,1,0,0,0,0,6,8,0,0,0,15,0,0,0,0,8,7,0,55,4,10,10,30,0,0,0,0,0,0,0,0,0,209,0,0,0,5,16,0,0,0,0,0,0,0,0,67,0,0,0,0,0,0,0,0,0,2,0,0,0,0,0,0,0,0,0,0,0,0,1,11,3,0,0,0,1095,0,0,0,423,319,537,738,365,468,0
513,0,423,0,0,0,547,0,529,0,0,0,0,0,0,0,69,0,0,0,0,0,0,0,92,11,0,0,11,0,4,0,9,0,1,0,55,0,20,0,0,0,0,0,0,0,0,0,7,0,0,0,12,0,15,0,0,0,0,0,0,0,45,0,0,0,0,0,0,0,26,0,0,0,35,0,0,0,0,0,0,0,0,0,0,0,0,0,0,0,0,0,0,0,0,0,0,0,0,0,0,0,0,0,0,0,0,0,0,0,0,0,0,0,0,0,0,0,0,0,0,0,0,0,0,0,0,0,0,0,0,0,0,0,0,0,0,0,241,0,232,0,0,0,243,0,0,0,0,0,0,0,0,0,56,0,129,0,0,0,0,0,12,0,0,0,0,0,0,0,82,0,134,0,0,0,108,0,0,0,0,0,13,0,9,0,0,0,0,0,0,0,0,0,0,0,0,0,0,0,0,0,0,0,0,0,0,0,8,0,26,375,15,50,12,0,18,0,0,0,0,0,0,0,0
0,278,0,0,0,0,0,500,0,215,0,0,0,0,0,0,0,44,0,0,0,0,0,0,4,25,0,0,0,11,0,0,0,16,0,41,0,37,0,9,0,0,0,13,0,0,0,0,0,0,0,4,0,50,5,56,0,0,1,0,0,0,0,94,0,0,0,0,0,0,0,0,0,0,0,0,0,0,0,0,0,0,0,0,0,0,0,0,0,0,0,0,0,0,0,0,0,0,0,0,0,0,0,0,0,0,0,0,0,0,0,0,0,0,0,0,0,0,0,0,0,0,0,0,0,0,1,0,0,0,0,0,0,0,0,0,0,0,0,89,0,74,0,0,0,148,0,0,0,0,0,0,0,0,0,15,0,198,0,13,0,0,0,12,0,0,0,3,0,9,0,30,0,53,0,0,0,22,0,1,0,0,0,13,0,0,0,0,0,0,0,0,0,0,0,0,0,0,0,0,0,0,0,0,0,0,0,0,0,0,0,0,0,0,0,0,0,0,8,141,50,54,0,27,0
248,8,368,0,0,0,313,0,262,21,0,0,0,0,0,0,280,0,0,0,15,0,44,0,331,4,0,0,19,0,5,0,0,0,0,0,10,0,7,0,0,0,0,0,0,0,0,0,0,0,1,0,53,4,20,36,4,0,4,0,45,0,0,5,0,0,0,0,0,0,52,0,0,0,75,0,0,0,0,0,0,0,0,0,0,0,0,0,0,0,0,0,0,0,0,0,0,0,0,0,0,0,0,0,0,0,0,0,0,0,0,0,0,0,0,0,0,0,0,0,0,0,46,0,0,0,0,0,18,0,0,0,0,0,0,0,56,0,151,0,196,0,0,0,93,0,0,0,0,0,0,0,0,0,30,0,32,0,22,0,0,0,0,0,0,0,0,0,0,0,9,0,9,0,0,0,67,7,0,0,0,0,13,0,0,0,0,0,0,0,0,0,0,0,0,0,0,0,0,0,0,0,0,0,0,0,0,0,0,0,15,296,9,13,0,0,0,1,0,0,0,0,0,1,0
15,99,15,0,0,0,0,504,0,215,0,0,0,2,0,0,0,322,0,0,0,162,0,89,49,71,0,0,0,121,0,56,0,36,0,30,0,50,0,36,0,0,0,0,0,0,0,0,0,5,0,4,0,81,10,147,0,35,0,5,0,94,5,0,0,0,0,0,0,0,0,0,0,0,0,0,0,0,0,0,0,0,0,0,0,0,0,0,0,0,0,0,0,0,0,0,0,0,0,0,0,0,0,0,0,0,0,0,0,0,0,0,0,0,0,0,0,0,0,0,0,0,0,0,0,0,0,0,0,0,0,0,0,24,0,0,0,147,0,408,0,268,0,319,0,242,0,0,0,0,0,0,0,0,2,97,0,102,0,42,0,0,0,3,0,0,0,0,0,0,0,12,0,20,0,0,11,54,0,0,0,0,0,11,0,0,0,0,0,0,0,0,0,0,0,0,0,0,0,0,0,0,0,0,0,0,0,0,0,0,0,0,0,0,28,0,0,0,24,110,35,0,0,13,0
30,0,23,0,14,0,61,0,66,0,16,0,15,0,0,0,0,0,0,0,0,0,6,0,2,0,0,0,0,0,0,0,0,0,0,0,0,0,0,0,0,0,0,0,0,0,0,0,0,0,0,0,1,0,0,0,81,9,267,15,0,0,0,0,0,0,52,16,0,0,3,0,0,0,3,0,0,0,0,0,0,0,0,0,0,0,0,2,0,0,0,0,0,0,0,0,0,0,0,0,0,0,0,0,0,0,0,0,0,0,0,0,0,0,0,0,0,0,0,0,0,0,0,0,12,0,10,0,0,0,20,0,0,0,1,0,0,0,3,20,4,0,0,0,5,28,8,0,33,0,0,0,1,0,2,22,0,0,1,40,218,0,0,0,0,0,0,0,0,0,0,0,0,0,4,0,13,0,0,0,159,9,0,0,153,0,1,0,0,0,0,0,0,0,0,0,0,0,0,0,0,0,0,0,0,0,0,0,7,0,42,0,0,0,115,0,0,0,0,1,0,0,0,0,0
0,77,0,39,0,24,0,23,0,223,0,43,0,0,0,22,0,0,0,81,1,0,0,7,0,6,0,192,0,0,0,0,0,0,0,0,0,0,0,0,0,0,0,0,0,73,0,48,0,0,0,0,0,0,0,0,11,21,4,123,0,0,0,0,0,0,0,276,0,0,0,7,0,4,0,25,0,0,0,0,0,0,0,0,0,0,0,7,0,0,0,0,0,0,0,0,0,0,0,0,0,0,0,0,0,0,0,0,0,0,0,0,0,0,0,0,0,0,0,0,9,0,0,5,0,27,0,19,0,0,0,158,3,0,0,26,0,30,45,14,53,14,0,0,30,35,0,88,53,231,0,0,0,10,7,1,0,4,18,0,0,243,0,0,0,0,0,0,1,4,0,0,0,0,0,30,0,0,0,0,37,191,0,0,0,84,0,0,0,0,0,0,0,0,0,0,0,4,0,9,0,0,0,0,0,0,0,0,0,31,3,0,0,0,219,0,0,0,112,27,0,0,0,0,0
36,0,5,0,4,0,51,0,69,22,2,0,0,0,0,0,0,0,0,0,0,0,0,0,0,0,0,0,0,0,0,0,0,0,0,0,0,0,0,0,0,0,0,0,10,0,0,0,0,0,0,0,3,3,2,22,41,38,230,76,0,0,0,0,52,0,0,67,0,0,0,0,0,0,0,0,0,0,0,0,0,0,0,0,0,0,0,0,0,0,0,0,0,0,0,0,0,0,0,0,0,0,0,0,0,0,0,0,0,0,0,0,0,0,0,0,0,0,0,0,0,0,0,0,0,0,0,0,0,0,21,0,0,0,0,0,0,0,0,0,0,0,0,0,0,1,0,0,10,0,0,0,0,0,0,0,14,0,0,3,15,0,0,0,0,0,0,0,0,0,0,0,1,0,2,0,174,0,0,0,0,0,0,0,483,17,0,0,0,0,0,0,0,0,0,0,0,0,0,0,0,0,0,0,0,0,0,0,0,0,80,74,0,0,0,0,36,0,0,0,0,0,0,0,0
0,29,0,9,0,0,0,5,44,161,0,0,0,0,0,2,0,0,0,12,0,0,0,0,0,0,0,0,0,0,0,0,0,0,0,0,0,0,0,0,0,0,0,0,0,0,0,12,0,1,0,2,14,2,20,5,76,51,115,300,0,0,0,0,16,276,67,0,0,0,0,0,0,0,0,0,0,0,0,0,0,0,0,0,0,0,0,0,0,0,0,0,0,0,0,0,0,0,0,0,0,0,0,0,0,0,0,0,0,0,0,0,0,0,0,0,0,0,0,0,0,0,0,0,0,14,0,0,0,0,0,38,0,0,0,3,0,4,0,0,0,0,0,0,14,18,0,0,0,15,0,0,0,0,23,4,0,33,19,1,29,25,0,0,0,0,0,0,0,0,0,0,0,0,0,20,16,11,0,0,0,0,0,0,15,405,0,0,0,0,0,0,0,0,0,0,0,0,0,0,0,0,0,0,0,0,0,0,0,0,0,0,0,0,433,0,0,0,186,243,171,378,151,156,2
0,0,0,0,0,0,0,0,0,0,0,0,0,0,0,0,0,0,0,0,0,0,0,0,0,0,0,0,0,0,0,0,0,0,0,0,0,0,0,0,0,0,0,0,0,0,0,0,52,0,0,0,0,0,0,0,0,0,0,0,0,0,0,0,0,0,0,0,0,0,0,0,45,0,4,0,190,0,78,0,0,0,14,0,0,0,0,0,0,0,0,0,19,0,0,0,0,0,0,0,0,0,194,0,76,0,108,0,107,0,5,0,0,0,3,0,0,0,0,0,0,0,0,0,0,0,0,0,0,0,0,0,0,0,0,0,0,0,0,0,0,3,0,0,0,0,0,0,0,0,0,0,0,0,0,0,0,0,0,0,0,0,0,0,72,0,0,0,227,0,18,0,0,0,0,0,0,0,0,0,0,0,0,0,0,0,0,0,156,0,0,0,326,0,23,0,0,0,0,0,0,0,0,0,0,0,0,0,0,0,89,0,52,0,0,48,141,26,0,0,0,0,0,0,0
0,0,0,0,0,0,0,0,0,19,0,0,0,0,0,0,0,0,0,0,0,0,0,0,0,0,0,0,0,0,0,0,0,0,0,0,0,0,0,0,0,0,0,0,0,0,0,0,0,9,0,0,0,3,0,8,0,23,0,10,0,0,0,0,0,0,0,0,0,0,0,0,0,4,0,0,0,30,0,0,0,0,0,2,0,0,0,0,0,0,0,0,0,0,0,2,0,0,0,0,0,0,0,9,0,0,0,0,0,8,0,0,0,0,0,0,0,0,0,0,0,0,0,1,0,0,0,0,0,0,0,0,0,0,0,0,0,0,0,0,0,0,0,0,0,0,0,0,0,0,0,0,0,0,0,0,0,0,0,0,0,7,0,5,0,6,0,0,0,34,0,45,0,7,0,0,0,0,0,0,0,6,0,0,0,0,0,0,0,29,0,9,0,0,0,11,0,9,0,0,0,15,0,0,0,0,0,0,0,0,0,0,0,0,0,0,0,0,8,45,31,0,2,54,0
0,0,0,0,0,0,0,0,0,0,0,0,0,0,0,0,128,0,0,0,0,0,0,0,0,0,0,0,73,0,0,0,0,0,0,0,46,0,0,0,0,0,72,0,156,0,0,0,0,0,0,0,5,0,0,0,0,0,0,0,26,0,52,0,3,0,0,0,0,0,0,0,280,0,323,0,0,0,248,0,0,2,0,0,0,0,18,0,0,0,0,0,0,0,0,0,0,0,0,0,0,0,0,0,0,0,0,0,0,0,0,0,0,0,0,0,0,0,0,0,9,0,6,0,0,0,0,0,0,0,13,28,0,0,0,0,10,0,3,0,88,0,0,0,101,0,0,0,31,0,0,0,0,0,2,0,21,0,0,0,0,0,96,0,0,0,0,0,34,0,64,0,54,0,0,0,0,0,0,0,54,0,0,0,7,0,0,0,0,0,0,0,0,0,0,0,0,0,0,0,0,0,0,0,0,0,0,0,0,0,32,0,27,0,0,0,0,0,0,0,0,0,0,0,0
0,0,0,0,0,0,0,2,0,0,0,0,0,0,0,0,0,0,0,0,0,71,0,0,0,0,0,0,0,0,0,0,0,0,0,0,0,0,0,0,0,0,0,0,0,18,0,0,0,0,0,16,0,0,0,0,0,0,0,0,0,0,0,0,0,7,0,0,0,0,0,0,0,219,0,417,0,21,0,26,0,13,0,0,0,0,0,93,0,0,0,0,0,0,0,0,0,0,0,0,0,0,0,0,0,0,0,0,0,0,0,0,0,0,0,0,0,0,0,0,0,12,0,22,0,0,0,73,0,0,0,24,0,50,0,0,0,0,0,0,0,21,0,17,0,93,0,29,0,0,0,20,0,0,0,0,0,4,0,0,0,3,0,44,0,0,0,0,0,9,0,25,0,25,0,19,0,0,0,0,12,48,0,0,0,0,0,0,0,0,0,0,0,0,0,0,0,0,0,0,0,0,0,0,0,0,0,0,0,0,0,0,0,0,5,0,0,0,31,0,27,0,0,0,0
0,0,0,0,0,0,0,0,0,0,0,0,0,0,0,0,0,0,5,0,0,0,0,0,0,0,0,0,0,0,0,0,0,0,0,0,0,0,0,0,0,0,0,0,0,0,0,0,0,0,0,0,0,0,1,0,0,0,2,0,0,0,0,0,0,0,0,0,45,0,280,0,0,0,136,0,55,0,362,0,0,0,16,0,69,0,0,0,0,0,0,0,0,0,1,0,0,0,0,0,0,0,0,0,0,0,0,0,0,0,0,0,0,0,0,0,0,0,0,0,87,0,0,0,37,0,93,0,0,0,0,0,0,0,204,0,21,0,0,0,85,0,284,0,48,0,0,0,0,0,48,0,0,0,0,0,0,0,0,0,0,1,30,0,0,0,0,0,11,0,12,0,0,0,0,0,0,0,0,0,0,10,0,0,0,0,0,0,0,0,0,0,0,0,0,0,0,0,0,0,0,0,0,0,0,0,0,0,78,0,204,0,19,0,36,2,0,0,0,0,0,0,0,0,0
0,0,0,0,0,0,0,0,0,0,0,0,0,0,0,0,0,0,0,0,0,0,0,0,0,0,0,0,0,0,0,0,0,0,0,0,0,0,0,0,0,0,0,0,0,0,0,0,0,0,0,3,0,0,0,0,0,0,0,0,0,0,0,0,0,4,0,0,0,4,0,219,0,0,0,259,0,221,0,28,0,2,0,12,0,0,0,166,0,0,0,0,0,0,0,0,0,0,0,0,0,0,0,0,0,0,0,0,0,0,0,0,0,0,0,0,0,0,0,0,0,56,0,25,0,182,0,172,0,32,0,55,0,83,0,301,0,150,0,0,0,16,0,50,0,49,0,0,0,6,0,74,0,13,0,0,0,0,0,0,0,0,0,62,0,0,0,0,0,7,0,5,0,0,0,0,0,0,0,0,0,0,0,0,0,0,0,0,0,0,0,0,0,0,0,0,0,0,1,0,0,290,0,0,0,0,0,0,0,301,0,0,0,0,7,0,0,0,30,0,7,0,0,0,0
0,0,0,0,0,0,0,0,0,0,0,0,0,0,0,0,121,0,0,0,28,0,0,0,0,0,0,0,65,0,14,0,0,0,3,0,55,0,16,0,0,0,0,0,0,0,0,0,0,0,0,0,15,0,0,0,0,0,0,0,35,0,75,0,3,0,0,0,4,0,323,0,136,0,0,0,0,0,192,0,29,0,6,0,24,0,50,2,0,0,0,0,0,0,0,0,0,0,25,0,0,0,0,0,0,0,0,0,0,0,0,0,0,0,0,0,0,0,0,0,135,0,61,0,0,17,0,0,1,8,19,76,5,0,0,0,3,0,0,0,136,35,112,0,155,0,40,8,66,15,27,0,88,0,0,0,33,0,0,0,2,0,50,0,0,0,7,0,0,0,0,0,43,0,75,0,0,0,0,0,150,14,0,0,10,0,0,0,0,0,0,0,0,0,0,0,0,0,0,0,23,0,0,0,0,0,0,1,13,0,11,0,0,0,0,0,0,0,0,0,0,0,0,0,0
0,0,0,0,0,0,0,0,0,0,0,0,0,0,0,0,0,10,0,0,0,122,0,8,0,0,0,0,0,0,0,0,0,5,0,29,0,70,0,0,0,0,0,0,0,28,0,0,0,0,0,22,0,0,0,0,0,0,0,0,0,0,0,0,0,25,0,0,0,0,0,417,0,259,0,0,0,43,0,80,1,20,0,0,0,0,0,188,0,0,0,0,0,0,0,3,0,0,0,0,0,3,0,0,0,0,0,0,0,0,0,0,0,0,0,0,0,0,0,0,0,80,0,31,0,0,0,0,0,0,0,12,0,0,0,125,0,142,0,0,0,35,0,66,1,288,0,60,0,27,0,0,0,18,0,0,0,0,0,0,0,0,0,104,0,0,0,16,0,7,0,30,0,47,0,49,0,0,0,0,5,62,0,0,0,3,0,0,0,0,0,0,0,0,0,0,0,0,0,0,0,0,0,0,0,0,0,0,0,215,0,0,0,0,0,0,0,0,70,0,62,0,0,0,0
0,0,0,0,0,0,0,0,0,0,0,0,0,0,0,0,0,0,0,0,0,0,0,0,0,0,0,0,0,0,0,0,0,0,0,0,0,0,0,0,0,0,0,0,0,0,0,0,0,0,0,0,0,0,0,0,0,0,0,0,0,0,0,0,0,0,0,0,190,0,0,0,55,0,0,0,0,0,99,0,0,0,12,0,0,0,35,0,0,0,14,0,9,0,11,0,44,0,7,0,0,0,31,0,0,0,48,0,76,0,0,0,0,0,9,0,6,0,0,0,10,0,0,0,0,0,0,0,0,0,0,0,0,0,0,0,0,0,0,0,0,0,0,0,0,1,0,0,0,0,0,0,0,0,0,0,0,0,0,0,0,0,0,0,31,0,0,0,52,0,6,0,0,0,0,0,0,0,0,0,0,0,0,0,0,0,0,0,0,0,0,0,205,0,6,0,0,0,0,0,137,0,0,0,0,0,0,0,0,0,0,9,0,0,0,18,12,0,0,0,0,0,0,0,0
0,0,0,2,0,0,0,0,0,0,0,0,0,0,0,0,0,0,0,0,0,0,0,0,0,0,0,0,0,0,0,0,0,0,0,0,0,0,0,0,0,0,0,0,0,0,0,0,0,0,0,0,0,0,0,0,0,9,0,0,0,0,0,0,0,0,0,0,0,30,0,21,0,221,0,43,0,0,0,5,0,29,0,7,0,0,0,306,0,5,0,1,0,15,0,0,0,0,0,0,0,0,1,118,0,0,0,0,0,59,0,0,0,0,0,0,0,37,0,0,0,25,0,4,0,0,0,0,0,0,0,0,0,0,0,0,0,0,0,0,0,0,0,0,0,0,0,0,0,0,0,0,0,0,0,0,0,0,0,0,0,0,0,6,0,35,0,0,0,94,0,15,0,0,0,0,0,0,0,0,0,0,0,0,0,0,0,0,0,0,0,0,0,0,0,42,0,11,0,0,0,127,0,0,0,0,0,0,0,0,0,0,0,0,0,0,0,0,11,17,16,0,3,11,0
0,0,0,0,0,0,0,0,0,0,0,0,0,0,0,0,0,0,0,0,0,0,0,0,0,0,0,0,0,0,0,0,0,0,0,0,0,0,0,0,0,0,0,0,0,0,0,0,0,0,0,0,0,0,0,0,0,0,0,1,0,0,0,0,0,0,0,0,78,0,248,0,362,0,192,0,99,0,0,0,24,0,97,0,163,0,93,0,0,0,0,0,39,0,24,0,0,0,29,0,0,0,9,0,25,0,46,0,14,0,0,0,0,0,5,0,0,0,0,0,153,0,116,0,0,0,0,0,0,0,0,11,0,0,0,0,0,0,0,0,138,0,310,0,73,0,0,0,0,0,0,0,0,0,0,0,0,0,4,0,0,0,13,0,49,0,0,0,46,0,0,0,0,0,0,0,0,0,0,0,0,0,0,0,0,0,0,0,56,0,0,0,0,0,0,0,0,0,0,0,238,0,0,0,103,0,0,0,0,0,180,0,54,0,23,29,4,0,0,0,0,0,0,0,0
0,0,0,0,0,0,0,0,0,1,0,0,0,0,0,0,0,0,0,0,0,0,0,0,0,0,0,0,0,0,0,0,0,0,0,0,0,0,0,0,0,0,0,0,0,0,0,0,0,0,0,0,0,0,0,0,0,0,0,0,0,0,0,0,0,0,0,0,0,0,0,26,0,28,0,80,0,5,0,0,0,19,0,3,0,6,0,43,0,0,0,0,0,0,0,0,0,0,0,0,0,0,0,0,0,0,0,0,0,0,0,0,0,0,0,0,0,0,0,0,0,5,0,4,0,0,0,0,0,0,0,0,0,0,0,0,0,50,0,0,0,17,0,37,0,51,0,0,0,0,0,0,0,0,0,0,0,0,0,0,0,0,0,18,0,0,0,0,0,0,0,0,0,0,0,8,0,0,0,0,0,0,0,0,0,0,0,0,0,0,0,0,0,0,0,0,0,0,0,0,0,0,0,0,0,0,0,0,0,93,0,0,0,0,0,0,0,0,25,0,0,0,0,0,0
