0,121,25,145,32,39,22,64,86,0,97,24,78,0,13,56,120,32,0,2,22,0,38,176,50,124,18,0,30,11,12,0,203,0,0,0,80,0,190,0,0,0,0,0,0,0,0,0,7,0,12,0,0,0,0,0,0,0,0,0,26,0,22,0,57,0,47,0,0,0,0,0,0,0,0,0,0,0,0,0,0,0,0,0,0,0,0,0,0,0,0,0,0,0,0,0,0,0,0,0,0,0,0,0,0,0,0,0,0,0,0,0,0,0,0,0,0,0,1,0,0,0,0,0,6,0,0,0,0,0,14,0,0,0,0,0,0,0,0,0,0,0,0,0,0,0,0,0,23,0,32,0,0,0,0,0,0,0,0,0,1,0,0,0,7,0,0,0,42,0,40,0,323,0,0,0,487,66,16,0,7,0,86,4,69,0,0,0,0,0,0,0,0,0,0,0,0,0,0,0,0,0,0,0,0,0,6,0,0,0,477,173,496,100,336,0,0,0,0,0,0,0,0,0,0
121,0,179,156,11,181,146,23,52,97,0,260,0,137,0,29,85,78,0,43,0,30,365,175,282,16,0,96,0,193,0,30,0,160,0,0,0,139,0,288,0,27,0,0,0,18,0,32,0,0,0,0,0,1,0,0,0,0,1,9,0,37,17,14,0,76,0,22,0,0,0,0,0,0,0,0,0,0,0,0,0,0,0,0,0,4,0,0,0,0,0,0,0,0,0,0,0,0,0,0,0,0,0,0,0,0,0,0,0,0,0,0,0,0,0,0,0,0,0,0,0,0,0,0,0,12,0,0,0,0,0,26,0,0,0,31,0,34,0,0,0,0,0,0,0,0,0,13,0,20,0,17,0,0,0,3,0,0,0,0,0,0,0,0,0,0,0,0,0,21,0,36,0,225,0,0,98,439,0,3,0,0,6,6,0,110,0,0,0,0,0,0,0,0,0,0,0,0,0,0,0,0,0,0,0,0,0,0,0,25,0,0,0,0,409,0,0,0,820,69,554,126,0,0,1
25,179,0,146,322,81,41,40,8,0,118,69,196,0,194,148,118,0,63,0,90,0,442,254,185,87,109,0,149,0,21,0,289,0,0,3,93,0,400,0,24,0,0,0,0,0,26,0,20,0,10,0,5,0,32,0,0,0,0,0,30,1,36,0,14,0,4,0,0,0,0,0,0,0,0,0,0,0,0,0,0,0,0,0,0,0,0,0,0,0,0,0,0,0,0,0,0,0,0,0,0,0,0,0,0,0,0,0,0,0,0,0,0,0,0,0,0,0,0,0,0,0,0,0,15,0,55,0,4,0,34,0,0,0,33,0,28,0,0,0,0,0,0,0,0,0,47,0,27,0,47,0,0,0,0,0,0,0,0,0,0,0,6,0,11,0,41,0,70,0,69,0,463,0,0,0,196,71,0,0,10,0,9,8,24,0,0,0,0,0,0,0,0,0,0,0,2,0,0,0,0,0,0,0,0,0,7,0,31,0,436,48,447,157,428,0,2,0,0,0,0,0,0,0,0
145,156,146,0,0,322,0,37,0,15,0,26,0,51,0,364,58,27,0,164,0,96,308,231,71,28,0,43,0,47,0,99,0,162,0,31,0,66,0,34,0,10,0,0,0,0,0,0,0,1,0,0,1,0,0,44,0,0,0,10,0,2,2,0,0,10,0,0,0,0,0,0,0,0,0,0,0,0,0,0,0,0,0,0,0,0,0,0,0,0,0,0,0,0,0,0,0,4,0,0,0,0,0,0,0,0,0,0,0,0,0,0,0,0,0,0,0,0,0,0,0,0,0,0,0,24,0,30,0,9,0,18,0,0,0,83,0,130,0,0,0,0,0,0,0,0,0,0,0,5,0,0,0,0,0,5,0,0,0,0,0,3,0,0,0,0,0,0,0,28,0,16,0,163,0,0,42,121,0,5,0,0,0,0,0,1,0,0,0,0,0,0,0,0,0,0,0,0,0,17,0,0,0,0,0,0,0,0,0,52,0,0,0,0,138,0,0,0,128,12,272,29,0,0,0
32,11,322,0,0,359,30,0,60,0,151,110,332,92,183,446,19,0,88,290,229,30,147,0,10,0,193,37,0,0,192,0,228,0,195,58,277,24,9,0,23,0,0,0,0,0,37,0,0,0,70,0,0,0,14,0,0,0,0,0,0,0,0,0,12,0,0,0,0,0,0,0,0,0,0,0,0,0,0,0,0,0,0,0,0,0,0,0,0,0,0,0,0,0,0,0,0,0,0,0,0,0,0,0,0,0,0,0,0,0,0,0,0,0,1,0,0,0,0,0,0,0,0,0,14,0,0,0,0,0,0,0,0,0,29,0,23,0,0,0,0,0,0,0,0,0,55,0,34,0,104,0,45,0,0,0,0,0,0,0,0,0,1,0,19,0,182,0,146,0,16,0,276,0,0,0,356,178,47,3,35,0,91,0,127,0,0,5,0,0,0,0,0,0,0,0,0,0,0,0,0,0,0,0,0,0,7,0,14,0,362,171,514,0,208,0,0,0,4,0,0,0,0,0,0
39,181,81,322,359,0,0,62,0,21,121,260,148,277,414,306,18,0,237,221,72,454,193,130,0,8,0,147,0,0,0,105,0,80,0,277,0,146,0,6,0,25,0,0,0,12,0,31,0,0,0,48,0,4,0,7,0,0,0,0,0,0,0,0,0,68,0,4,0,0,0,0,0,0,0,0,0,0,0,0,0,0,0,0,0,0,0,0,0,0,0,0,0,0,0,0,0,0,0,0,0,0,0,0,0,0,0,0,0,0,0,0,0,0,0,0,0,0,0,0,0,0,0,0,0,0,0,9,0,0,0,0,0,0,0,0,0,116,0,0,0,0,0,0,0,0,0,0,0,52,0,118,0,97,0,11,0,0,0,7,0,0,0,0,0,44,0,347,0,182,0,15,0,156,0,0,112,502,25,87,0,39,0,0,0,288,0,12,0,0,0,0,0,4,0,0,0,0,0,0,0,59,0,0,0,0,0,0,0,42,0,0,0,0,213,0,0,0,404,158,537,79,0,0,0
22,146,41,0,30,0,0,0,76,177,29,0,58,0,14,3,29,33,0,0,0,0,13,34,291,232,28,0,24,0,0,0,0,0,0,0,0,0,203,13,11,0,0,0,6,0,14,0,32,0,9,0,197,10,236,44,13,0,7,0,341,5,340,41,19,0,28,0,0,0,0,0,0,0,0,0,0,0,0,0,0,0,0,0,0,0,0,0,0,0,0,0,0,0,0,0,5,0,0,0,0,0,0,0,0,0,0,0,0,0,0,0,0,0,0,0,0,0,0,0,0,0,0,0,43,0,95,0,22,0,160,0,15,0,48,0,34,0,0,0,0,0,0,0,0,0,20,0,28,0,75,0,0,0,18,0,10,0,0,0,11,0,12,0,31,0,6,0,66,0,302,0,425,0,0,0,144,40,0,0,0,0,0,19,0,0,0,0,0,0,0,0,3,0,0,0,0,0,0,0,0,0,0,0,0,0,15,0,51,0,789,108,739,293,1079,0,0,0,0,0,0,0,0,0,0
64,23,40,37,0,62,0,0,170,17,0,47,0,25,0,61,50,0,0,32,0,12,25,11,230,109,0,20,0,194,0,0,0,60,0,4,0,46,0,272,0,0,0,0,0,0,0,0,0,1,0,0,9,6,0,90,0,7,0,24,0,181,53,123,0,8,0,3,0,0,0,0,0,0,1,0,0,0,0,0,0,0,0,0,0,0,0,0,0,0,0,2,0,0,0,0,0,0,0,2,0,0,0,0,0,0,0,0,0,0,0,0,0,0,0,0,0,0,0,0,0,0,0,0,0,44,0,35,0,8,0,32,0,12,0,41,0,51,0,4,0,1,0,2,0,0,0,0,0,5,0,0,0,0,0,6,0,6,0,7,0,6,0,0,0,10,0,0,0,21,0,101,0,220,0,1,57,123,0,0,0,0,0,0,0,0,0,0,0,0,0,0,0,0,0,0,0,1,0,8,0,10,0,0,0,0,0,0,0,29,0,0,0,0,533,0,0,0,682,49,546,210,0,15,0
86,52,8,0,60,0,76,170,0,280,54,0,49,0,11,0,28,0,0,0,0,0,0,0,24,262,12,0,0,0,0,0,0,0,0,0,0,0,0,6,0,0,0,0,5,0,0,0,0,0,5,0,144,40,75,174,20,0,26,0,142,0,215,100,69,0,87,74,0,0,0,0,0,0,0,0,1,0,0,0,0,0,0,0,0,0,0,0,0,0,0,0,0,0,0,0,0,0,0,0,0,0,0,0,0,0,0,0,0,0,0,0,0,0,0,0,0,0,0,0,0,0,0,0,9,0,0,0,0,0,23,0,0,0,5,0,0,0,0,0,0,0,0,0,0,0,35,0,36,0,40,0,12,0,0,0,7,0,0,0,0,0,0,0,8,0,0,0,26,0,134,0,103,0,0,0,560,56,9,0,0,0,18,3,90,40,0,0,0,0,0,0,0,0,0,0,0,0,0,0,0,0,0,0,0,0,3,0,12,0,428,152,282,111,412,0,19,3,0,0,0,1,0,0,0
0,97,0,15,0,21,177,17,280,0,0,23,0,0,0,0,10,0,0,0,0,0,0,0,105,12,0,15,0,0,0,0,0,0,0,0,0,8,0,32,0,0,0,0,0,4,0,4,0,2,0,0,92,37,187,77,0,26,42,20,0,174,142,112,0,145,34,86,0,0,0,0,0,0,0,0,0,0,0,0,0,0,0,0,0,0,0,0,0,0,0,0,0,0,0,0,0,0,0,0,0,0,0,0,0,0,0,0,0,0,0,0,0,0,0,0,0,0,0,0,0,0,0,0,0,88,0,61,0,16,0,66,0,0,0,0,0,17,0,0,0,1,0,0,0,0,0,26,0,42,0,15,0,0,0,8,0,61,0,0,0,5,0,0,0,5,0,0,0,14,0,110,0,29,0,0,126,288,0,9,0,1,0,7,0,219,0,0,0,0,0,2,0,3,0,0,0,0,0,4,0,0,0,0,0,0,0,20,0,89,0,0,2,0,425,0,0,0,582,102,255,184,0,38,0
97,0,118,0,151,121,29,0,54,0,0,41,241,0,44,321,13,0,16,42,169,7,17,21,0,0,33,0,0,0,143,0,230,0,25,5,260,0,2,0,13,0,0,0,0,0,0,0,2,0,0,0,0,0,0,0,0,0,0,0,0,0,0,0,11,0,8,0,0,0,0,0,0,0,0,0,0,0,0,0,0,0,0,0,0,0,0,0,0,0,0,0,0,0,0,0,0,0,0,0,0,0,0,0,0,0,0,0,0,0,0,0,0,0,0,0,0,0,0,0,0,0,0,0,12,0,0,0,0,0,0,0,0,0,0,0,0,0,0,0,0,0,0,0,0,0,0,0,12,0,0,0,21,0,0,0,0,0,0,0,0,0,0,0,6,0,106,0,0,0,0,0,119,0,0,0,308,56,120,0,36,0,69,0,55,0,4,0,0,0,0,0,0,0,0,0,0,0,0,0,0,0,0,0,0,0,0,0,0,0,221,103,226,41,94,1,0,0,0,0,0,0,0,0,0
24,260,69,26,110,260,0,47,0,23,41,0,0,314,167,44,14,0,26,69,28,161,192,95,0,0,0,79,0,0,0,82,0,136,0,154,0,162,0,11,0,60,0,0,0,15,0,72,0,6,0,15,0,0,0,0,0,0,0,0,0,0,0,0,0,47,0,3,0,0,0,0,0,0,0,0,0,0,0,0,0,0,0,0,0,0,0,0,0,0,0,0,0,0,0,0,0,0,0,3,0,0,0,0,0,0,0,0,0,0,0,0,0,0,0,0,0,0,0,0,0,0,0,0,0,0,0,7,0,0,0,0,0,0,0,0,0,21,0,0,0,0,0,0,0,0,0,0,0,43,0,160,0,175,0,0,0,0,0,1,0,0,0,0,0,15,0,135,0,72,0,5,0,60,0,0,53,352,0,26,0,88,0,206,0,204,0,1,0,0,0,0,0,3,0,0,0,2,0,0,0,0,0,0,0,0,0,0,0,8,0,0,0,0,126,0,0,0,347,89,347,0,0,0,0
78,0,196,0,332,148,58,0,49,0,241,0,0,286,61,37,0,0,125,599,38,0,35,0,0,0,249,419,3,0,0,0,0,0,221,29,79,0,0,0,151,47,186,33,70,24,233,52,24,0,302,45,1,0,0,0,0,0,0,0,0,0,3,0,0,0,0,0,5,0,0,0,0,0,0,0,0,0,0,0,0,0,0,0,0,0,0,0,0,0,0,0,0,0,0,0,0,0,0,0,0,0,0,0,0,0,0,0,0,0,0,0,0,0,0,0,0,0,0,0,0,0,0,0,16,0,0,0,0,0,22,0,0,0,14,0,0,0,0,0,0,0,0,0,0,0,0,0,14,0,44,0,0,0,0,0,0,0,0,0,0,0,0,0,71,0,0,0,56,0,0,0,0,1,0,0,360,223,162,0,32,0,71,0,78,0,298,49,0,0,0,0,0,0,0,0,0,0,0,0,0,0,0,0,0,0,0,0,13,0,59,196,152,0,18,0,0,0,0,23,0,0,0,0,0
0,137,0,51,92,277,0,25,0,0,0,314,286,0,46,0,0,0,294,88,0,88,2,0,0,0,421,144,0,0,0,7,0,0,0,213,0,30,0,0,67,272,0,270,41,48,65,179,0,12,32,249,0,0,0,0,0,0,0,0,0,0,0,0,0,21,0,4,0,3,0,0,0,0,0,0,0,0,0,0,0,0,0,0,0,0,0,0,0,0,0,0,0,0,0,0,0,0,0,0,0,2,0,3,0,0,0,0,0,0,0,0,0,3,0,0,0,0,0,0,0,0,0,0,0,0,0,0,0,0,0,0,0,0,0,0,0,0,0,0,0,0,0,0,0,0,0,0,0,0,0,49,0,0,0,0,0,1,0,0,0,0,0,0,0,89,0,0,0,54,0,0,0,0,0,0,43,543,12,9,0,60,0,70,0,36,33,92,0,0,0,0,0,0,0,0,0,0,0,0,0,0,0,0,0,0,0,0,0,0,0,8,0,0,14,0,0,0,65,405,231,25,1,0,0
13,0,194,0,183,414,14,0,11,0,44,167,61,46,0,582,15,1,308,182,363,65,398,29,66,2,166,0,2,0,209,17,86,5,89,0,110,19,0,0,0,0,5,0,4,0,6,0,0,0,17,0,0,0,78,0,0,0,0,0,0,0,6,0,0,0,0,0,0,0,0,0,0,0,13,0,0,0,0,0,0,0,0,0,0,0,0,0,0,0,0,0,0,0,0,0,50,0,0,0,0,0,1,0,0,0,0,0,0,0,0,0,0,0,0,0,0,0,0,0,0,0,0,0,0,0,8,0,0,0,0,0,17,0,115,0,145,0,4,0,0,0,110,0,0,0,18,0,0,0,16,0,0,0,0,0,0,0,0,0,0,0,2,0,0,0,147,0,53,0,0,0,155,0,0,0,107,61,7,0,0,0,8,0,36,0,0,2,0,0,0,0,0,0,0,0,0,0,0,0,0,0,0,0,0,0,0,0,15,0,154,102,170,0,71,0,0,0,0,0,25,0,0,0,0
56,29,148,364,446,306,3,61,0,0,321,44,37,0,582,0,25,39,24,476,80,268,446,343,0,88,0,39,0,4,19,35,0,33,0,34,0,73,0,0,0,0,0,16,0,0,0,0,0,0,0,6,0,10,0,57,0,0,0,0,0,0,0,49,0,5,0,0,0,0,0,0,0,0,0,0,0,0,0,0,0,0,0,0,0,89,0,24,0,0,0,0,0,0,0,0,0,0,0,50,0,0,0,0,0,0,0,0,0,0,0,0,0,0,0,0,0,0,0,0,0,0,0,0,0,0,0,0,0,0,0,0,0,0,1,261,0,300,0,0,0,10,0,79,0,0,0,0,0,0,0,0,0,0,0,11,0,0,0,0,0,0,0,0,0,0,6,155,0,46,0,2,4,59,0,0,77,165,33,70,0,0,0,0,0,24,1,0,0,0,0,0,0,0,0,0,0,0,0,0,0,0,0,0,0,0,0,0,0,0,0,0,11,0,48,0,0,0,131,163,101,20,0,0,0
120,85,118,58,19,18,29,50,28,10,13,14,0,0,15,25,0,22,73,1,344,1,121,86,99,88,68,0,90,0,160,0,277,0,37,0,29,0,153,0,0,0,51,0,35,0,0,0,0,0,24,0,108,0,16,2,0,0,0,0,38,0,397,4,0,0,0,0,0,0,102,0,2,0,185,0,0,0,18,0,94,0,0,0,341,0,58,0,0,0,185,0,0,0,0,0,500,0,418,0,72,0,0,0,0,0,0,0,0,0,0,0,0,0,0,0,0,0,0,0,120,0,66,0,0,0,1,0,0,0,0,0,0,0,8,0,53,0,83,0,128,0,110,0,24,0,0,0,0,0,0,0,0,0,21,0,0,0,10,0,0,0,0,0,0,0,11,0,18,0,13,0,121,1,0,0,24,7,1,0,0,0,12,6,0,0,0,0,0,0,0,0,0,0,0,0,0,0,0,0,38,0,0,0,0,0,0,0,0,0,14,17,72,20,20,0,0,0,0,0,0,0,0,0,0
32,78,0,27,0,0,33,0,0,0,0,0,0,0,1,39,22,0,0,53,0,223,37,259,91,176,0,33,0,148,0,15,0,36,0,7,0,9,1,73,0,0,0,0,0,0,0,0,0,0,0,12,0,72,0,43,0,38,0,0,0,17,3,197,0,0,0,0,0,0,0,0,0,0,0,0,0,0,0,0,0,89,0,0,0,266,0,32,0,0,0,0,0,6,0,0,0,60,0,89,0,100,0,0,0,0,0,0,0,0,0,0,0,0,0,0,0,0,0,0,1,0,0,0,0,0,0,0,0,56,0,0,0,104,0,235,0,349,0,116,0,109,0,226,0,2,0,0,0,0,0,0,0,0,0,44,0,1,0,8,0,9,0,0,0,0,0,0,0,0,0,10,0,26,0,0,0,13,0,0,0,0,0,11,0,0,0,0,0,0,0,0,0,0,0,0,0,0,0,0,0,35,0,0,0,0,0,0,0,0,0,0,0,0,11,0,0,0,20,16,35,0,0,0,0
0,0,63,0,88,237,0,0,0,0,16,26,125,294,308,24,73,0,0,622,141,38,413,0,60,0,146,250,3,0,31,0,0,0,151,50,49,14,0,0,0,10,42,20,5,0,0,0,0,0,217,47,3,0,0,0,0,0,0,0,0,0,9,0,0,0,0,0,0,0,0,0,0,0,0,0,0,0,0,0,0,0,0,0,0,0,0,0,0,0,0,0,0,0,0,0,0,0,0,0,0,0,0,0,0,0,0,0,0,0,0,0,0,0,0,0,0,0,0,0,0,0,0,0,0,0,0,0,0,0,0,0,0,0,0,0,141,0,0,0,0,0,0,0,0,0,0,0,0,0,43,0,46,0,0,0,0,0,0,0,0,0,0,0,55,0,46,0,88,0,1,0,34,0,0,0,80,68,43,0,0,0,63,0,44,0,11,35,0,0,0,0,0,0,0,0,0,0,0,0,0,0,0,0,0,0,0,0,0,0,70,135,141,30,27,0,0,0,0,0,15,0,0,0,0
2,43,0,164,290,221,0,32,0,0,42,69,599,88,182,476,1,53,622,0,59,478,0,387,0,60,331,387,0,0,0,30,0,0,25,243,0,70,0,0,17,3,0,116,0,31,0,7,0,0,56,391,0,0,0,36,0,0,0,0,0,6,0,129,0,24,0,0,0,0,0,0,0,0,0,14,0,0,0,0,0,301,0,0,0,346,0,0,0,0,0,0,0,0,0,103,0,0,0,193,0,192,0,0,0,0,0,0,0,0,0,0,0,0,0,0,0,0,0,0,0,73,0,37,0,0,0,0,0,0,0,0,0,0,0,0,0,250,0,10,0,0,0,210,0,0,0,0,0,0,0,0,0,49,0,5,0,10,0,0,0,0,0,0,0,127,0,134,0,126,0,0,0,11,0,0,66,163,28,59,0,0,0,0,0,174,12,59,0,0,0,0,0,0,0,0,0,0,0,0,0,0,0,0,0,0,0,0,0,0,0,0,0,0,87,0,0,0,295,273,283,0,0,3,0
22,0,90,0,229,72,0,0,0,0,169,28,38,0,363,80,344,0,141,59,0,5,300,19,50,0,257,0,27,0,69,0,20,0,80,5,15,0,0,0,0,0,39,0,28,0,0,0,0,0,94,0,6,0,0,0,0,0,0,0,0,0,61,0,0,0,0,0,0,0,46,0,0,0,52,0,0,0,0,0,0,0,0,0,0,0,0,0,0,0,0,0,0,0,0,0,156,0,0,0,0,0,0,0,0,0,0,0,0,0,0,0,0,0,0,0,0,0,0,0,40,0,7,0,0,0,0,0,0,0,0,0,0,0,0,0,0,0,0,0,0,0,0,0,18,0,0,0,0,0,0,0,0,0,0,0,2,0,0,0,0,0,2,0,0,0,52,0,54,0,8,0,84,0,0,0,35,11,59,1,0,0,0,0,0,0,0,0,0,0,0,0,0,0,0,0,0,0,0,0,0,0,0,0,0,0,0,0,0,0,178,191,145,0,72,0,0,0,0,0,0,0,0,0,0
0,30,0,96,30,454,0,12,0,0,7,161,0,88,65,268,1,223,38,478,5,0,16,350,0,75,0,265,0,33,0,49,0,19,3,98,0,45,0,7,0,0,0,190,1,34,1,0,0,0,1,52,0,19,0,33,0,0,0,2,0,10,0,108,0,0,0,0,0,0,0,4,0,0,0,0,0,0,0,4,0,143,0,0,0,419,0,0,0,0,0,0,0,0,0,51,0,0,0,128,0,0,0,0,0,0,0,0,0,0,0,0,0,0,0,0,0,0,0,0,0,0,0,36,0,0,0,0,0,0,0,5,0,0,0,157,0,174,0,131,0,403,0,469,0,29,0,0,0,0,0,0,0,0,0,6,0,6,0,5,0,0,0,0,0,26,0,31,0,43,0,2,0,30,0,0,4,81,0,98,0,0,0,12,0,0,0,11,0,0,0,0,0,0,0,0,0,0,0,0,0,0,0,0,0,0,0,0,0,0,0,0,0,0,30,0,0,0,116,157,116,27,0,0,0
38,365,442,308,147,193,13,25,0,0,17,192,35,2,398,446,121,37,413,0,300,16,0,419,248,110,143,0,35,0,72,0,142,0,24,6,39,8,41,0,0,0,22,0,18,0,2,0,0,0,0,0,9,0,133,0,7,0,0,0,7,0,49,0,0,0,1,0,0,0,16,0,0,0,28,0,0,0,0,0,20,0,0,0,182,0,0,0,0,0,175,0,0,0,10,0,244,0,154,0,47,0,0,0,0,0,84,0,0,0,0,0,0,0,0,0,0,0,0,0,26,0,32,0,0,0,0,0,0,0,0,0,0,0,126,0,183,0,0,0,0,0,223,0,0,0,6,0,0,0,4,0,0,0,0,0,0,0,0,0,2,0,0,0,0,0,26,0,27,0,11,0,91,0,0,0,153,37,0,0,4,0,24,11,0,0,0,0,0,0,0,0,0,0,0,0,0,0,0,0,70,0,0,0,0,0,0,0,0,0,101,62,124,0,89,0,0,0,17,0,18,0,0,0,0
176,175,254,231,0,130,34,11,0,0,21,95,0,0,29,343,86,259,0,387,19,350,419,0,140,231,0,45,0,48,0,33,2,71,0,9,0,23,0,25,0,0,0,13,0,0,0,0,0,0,0,0,0,12,0,19,0,5,0,0,0,1,0,85,0,3,0,0,0,0,0,0,0,0,0,0,0,0,0,0,0,93,0,0,0,140,0,32,0,0,0,14,0,0,0,0,0,0,0,81,0,55,0,0,0,0,0,0,0,0,0,0,0,0,0,0,0,0,0,0,0,12,0,0,0,0,0,0,0,0,0,0,0,0,2,148,0,135,0,22,0,17,0,77,0,0,0,0,0,0,0,0,0,4,0,0,0,0,0,0,0,0,0,0,0,0,0,23,0,9,0,6,0,69,0,0,16,76,0,56,0,0,0,29,0,0,0,0,0,0,0,0,0,0,0,0,0,0,0,0,0,0,0,0,0,0,0,0,0,0,0,0,0,0,20,0,0,0,65,249,68,11,0,0,0
50,282,185,71,10,0,291,230,24,105,0,0,0,0,66,0,99,91,60,0,50,0,248,140,0,500,0,0,9,14,16,0,8,0,0,0,0,0,13,20,0,0,15,0,0,0,0,0,0,0,0,0,82,4,91,0,4,0,0,0,11,3,111,39,0,0,0,0,0,0,0,0,4,0,16,0,0,0,0,0,0,0,0,0,127,0,0,0,0,0,86,0,0,0,0,0,199,0,0,0,0,0,0,0,0,0,0,0,0,0,0,0,0,0,0,0,0,0,0,0,0,0,18,0,0,0,0,0,12,0,0,0,0,0,70,0,178,1,72,0,78,0,210,0,0,0,0,0,0,0,0,0,0,0,33,0,0,1,15,0,1,0,0,0,6,0,0,0,11,0,22,0,44,0,0,0,80,36,0,0,0,0,0,32,0,0,0,0,0,0,0,0,0,0,0,0,0,0,0,0,41,0,0,0,0,0,0,0,0,0,67,21,76,31,50,0,0,1,0,0,5,0,0,0,0
124,16,87,28,0,8,232,109,262,12,0,0,0,0,2,88,88,176,0,60,0,75,110,231,500,0,0,16,0,155,0,19,0,53,0,0,0,30,0,159,0,0,0,6,0,0,0,0,0,1,0,6,11,21,29,92,0,15,0,0,3,35,84,37,0,0,0,0,0,0,0,0,0,0,0,0,0,0,0,0,0,4,0,0,0,15,0,0,0,0,0,0,0,0,0,0,0,0,0,8,0,20,0,0,0,0,0,0,0,0,0,0,0,0,0,0,0,0,0,0,0,0,0,0,0,0,0,10,0,10,0,0,0,46,0,174,0,292,0,25,0,15,0,44,0,0,0,0,0,0,0,3,0,0,0,22,0,1,0,0,0,0,0,2,0,1,0,0,0,9,0,39,6,99,0,0,36,71,0,0,0,0,0,0,0,1,0,0,0,0,0,0,0,0,0,0,0,0,0,10,0,29,0,0,0,0,0,0,0,19,0,0,6,0,122,0,0,0,171,25,197,56,0,1,0
18,0,109,0,193,0,28,0,12,0,33,0,249,421,166,0,68,0,146,331,257,0,143,0,0,0,0,679,83,0,48,0,0,0,40,0,30,0,0,0,13,155,471,93,186,64,22,185,0,0,466,0,0,0,0,0,0,0,3,0,0,0,0,0,6,0,0,0,0,0,0,0,0,0,65,0,0,0,0,0,0,0,0,0,0,0,0,0,0,0,0,0,0,0,0,0,0,0,0,0,0,0,0,0,0,0,0,0,0,0,0,0,0,0,0,0,0,0,0,0,0,0,0,0,0,0,0,0,0,0,0,0,0,0,0,0,0,0,0,0,0,0,0,0,56,0,0,0,14,0,0,0,14,0,0,0,0,0,0,0,0,0,0,0,152,0,10,0,52,2,0,0,27,0,4,0,38,103,70,0,10,0,0,0,27,0,98,31,0,0,0,0,0,0,0,0,0,0,0,0,0,0,0,0,0,0,0,0,0,0,28,479,279,37,27,0,0,11,0,34,5,0,0,0,0
0,96,0,43,37,147,0,20,0,15,0,79,419,144,0,39,0,33,250,387,0,265,0,45,0,16,679,0,0,0,0,14,0,6,0,39,0,15,0,0,140,15,15,558,63,238,97,127,2,14,43,344,0,0,0,0,0,0,0,0,0,0,0,0,0,20,0,5,0,14,0,0,0,0,0,0,0,0,0,0,0,0,0,26,0,0,0,0,0,0,0,0,0,0,0,0,0,0,0,0,0,0,0,10,0,0,0,0,0,0,0,0,0,0,0,0,0,0,0,0,0,0,0,0,0,0,0,0,0,0,0,0,0,0,0,0,0,59,0,0,0,0,0,0,0,14,0,0,0,12,0,33,0,0,0,0,0,0,0,0,0,0,0,0,0,210,0,0,0,106,0,0,0,0,0,0,25,232,3,0,0,0,0,0,0,56,51,48,0,0,0,0,0,0,0,0,0,0,0,0,0,0,0,0,0,0,0,0,0,0,0,0,0,0,0,0,0,0,73,514,439,0,0,0,1
30,0,149,0,0,0,24,0,0,0,0,0,3,0,2,0,90,0,3,0,27,0,35,0,9,0,83,0,0,0,20,0,6,0,53,0,16,0,5,0,0,0,58,0,0,0,0,0,0,0,44,0,0,0,0,0,0,0,0,0,2,0,13,0,0,0,0,0,0,0,38,0,0,0,48,0,0,0,0,0,0,0,0,0,38,0,14,0,0,0,19,0,0,0,0,0,59,0,103,0,0,0,0,0,0,0,0,0,0,0,0,0,0,0,0,0,0,0,0,0,54,0,12,0,0,0,0,0,5,0,0,0,0,0,0,0,0,0,41,0,44,0,0,0,41,0,0,0,0,0,0,0,0,0,0,0,5,0,0,0,0,0,0,0,0,0,0,0,0,0,1,0,0,0,0,0,0,0,0,0,0,0,0,0,0,0,0,0,0,0,0,0,0,0,0,0,0,0,0,0,0,0,0,0,0,0,0,0,0,0,0,3,0,0,0,0,0,0,0,0,0,0,0,0,0
11,193,0,47,0,0,0,194,0,0,0,0,0,0,0,4,0,148,0,0,0,33,0,48,14,155,0,0,0,0,0,0,0,3,0,1,0,10,0,26,0,0,0,0,0,3,0,0,0,0,0,0,0,8,0,11,0,7,0,0,0,24,0,64,0,2,0,0,0,0,0,0,0,0,0,0,0,0,0,0,0,20,0,0,0,40,0,4,0,0,0,0,0,0,0,0,0,13,0,11,0,14,0,0,0,0,0,0,0,0,0,0,0,0,0,0,0,0,0,0,0,1,0,0,0,0,0,0,0,39,0,0,0,36,0,51,0,80,0,127,0,144,0,106,0,9,0,0,0,0,0,0,0,0,0,15,0,1,0,10,0,0,0,0,0,0,0,0,0,0,0,2,0,11,0,0,0,30,0,4,0,0,0,11,0,0,0,0,0,0,0,0,0,0,0,0,0,0,0,0,0,0,0,0,0,0,0,0,0,0,0,0,0,0,3,0,0,0,0,19,0,2,0,0,0
12,0,21,0,192,0,0,0,0,0,143,0,0,0,209,19,160,0,31,0,69,0,72,0,16,0,48,0,20,0,0,0,2,0,39,0,24,0,4,0,0,0,49,0,0,0,0,0,0,0,50,0,0,0,0,0,3,0,0,0,0,0,28,0,0,0,0,0,0,0,56,0,0,0,37,0,0,0,0,0,39,0,0,0,52,0,0,0,0,0,0,0,0,0,0,0,80,0,0,0,16,0,0,0,0,0,0,0,0,0,0,0,0,0,0,0,0,0,0,0,0,0,0,0,0,0,0,0,0,0,0,0,0,0,0,0,10,0,14,0,7,0,0,0,32,0,0,0,0,0,0,0,0,0,1,0,0,0,0,0,0,0,0,0,0,0,57,0,0,0,0,0,60,0,0,0,22,0,60,0,0,0,0,0,0,0,0,0,3,0,0,0,0,0,0,0,0,0,0,0,0,0,0,0,0,0,0,0,0,0,66,68,69,0,39,0,0,0,0,0,0,0,0,0,0
0,30,0,99,0,105,0,0,0,0,0,82,0,7,17,35,0,15,0,30,0,49,0,33,0,19,0,14,0,0,0,0,0,0,2,18,0,8,0,1,0,0,0,30,0,0,0,0,0,0,0,58,0,3,0,7,0,4,0,0,0,4,0,12,0,0,0,0,0,0,0,0,0,0,0,0,0,0,0,0,0,18,0,0,0,34,0,0,0,0,0,0,0,0,0,0,0,0,0,0,0,0,0,0,0,0,0,0,0,0,0,0,0,0,0,0,0,0,0,0,0,0,0,0,0,0,0,0,0,0,0,0,0,0,0,0,0,0,0,106,0,256,0,85,0,0,0,0,0,0,0,0,0,0,0,6,0,7,0,0,0,0,0,0,0,0,0,5,0,0,0,0,0,0,0,0,0,41,0,40,0,0,0,0,0,0,0,0,0,0,0,0,0,0,0,0,0,0,0,0,0,0,0,0,0,0,0,0,0,0,0,0,0,0,0,0,0,0,0,25,7,0,0,0,0
203,0,289,0,228,0,0,0,0,0,230,0,0,0,86,0,277,0,0,0,20,0,142,2,8,0,0,0,6,0,2,0,0,0,0,1,140,0,0,0,0,0,4,0,0,0,0,0,0,0,8,0,4,0,0,0,0,0,0,0,4,0,36,0,0,0,0,0,0,0,25,0,0,0,27,0,0,0,0,0,27,0,0,0,0,0,0,0,0,0,0,0,0,0,0,0,0,0,0,0,0,0,0,0,0,0,0,0,0,0,0,0,0,0,0,0,0,0,0,0,0,0,0,0,0,0,0,0,0,0,0,0,0,0,0,0,0,0,43,0,13,0,0,0,34,0,0,0,0,0,0,0,0,0,6,0,10,0,0,0,0,0,1,0,0,0,24,0,15,0,0,0,34,0,0,0,42,4,37,0,0,0,22,0,0,0,0,0,0,0,0,0,0,0,0,0,0,0,0,0,0,0,0,0,0,0,0,0,0,0,26,52,56,0,14,0,0,0,0,0,0,0,0,0,0
0,160,0,162,0,80,0,60,0,0,0,136,0,0,5,33,0,36,0,0,0,19,0,71,0,53,0,6,0,3,0,0,0,0,0,13,0,12,0,0,0,0,0,7,0,0,0,0,0,0,0,7,0,3,0,0,0,0,0,0,0,9,0,3,0,0,0,0,0,0,0,0,0,0,0,0,0,0,0,0,0,0,0,0,0,0,0,0,0,0,0,0,0,0,0,0,0,0,0,0,0,0,0,0,0,0,0,0,0,0,0,0,0,0,0,0,0,0,0,0,0,0,0,0,0,0,0,0,0,0,0,0,0,0,0,0,0,0,1,44,0,38,0,19,0,12,0,0,0,0,0,0,0,5,0,6,0,9,0,14,0,0,0,0,0,0,0,0,0,0,0,0,0,7,0,0,0,48,0,55,0,0,0,13,0,0,0,0,0,0,0,0,0,0,0,0,0,0,0,0,0,0,0,0,0,0,0,0,0,0,0,0,0,0,0,0,0,0,0,64,2,0,0,0,0
0,0,0,0,195,0,0,0,0,0,25,0,221,0,89,0,37,0,151,25,80,3,24,0,0,0,40,0,53,0,39,2,0,0,0,0,273,0,2,0,0,0,63,0,0,0,0,0,0,0,105,0,0,0,0,0,0,0,0,0,1,0,0,0,0,0,0,0,0,0,23,0,0,0,15,0,0,0,0,0,0,0,0,0,0,0,0,0,0,0,0,0,0,0,0,0,0,0,0,0,0,0,0,0,0,0,0,0,0,0,0,0,0,0,0,0,0,0,0,0,0,0,0,0,0,0,0,0,0,0,0,0,0,0,0,0,0,0,0,0,0,0,0,0,22,0,3,0,0,0,0,0,0,0,0,0,0,0,0,0,0,0,0,0,32,0,60,0,47,0,0,0,41,0,0,0,29,0,108,0,0,0,0,0,0,0,0,0,0,0,0,0,0,0,0,0,0,0,0,0,0,0,0,0,0,0,0,0,0,0,70,168,132,0,24,0,0,0,0,0,0,0,0,0,0
0,0,3,31,58,277,0,4,0,0,5,154,29,213,0,34,0,7,50,243,5,98,6,9,0,0,0,39,0,1,0,18,1,13,0,0,0,445,0,0,0,0,0,14,0,7,0,0,0,0,0,56,0,0,0,17,0,0,0,0,0,0,0,4,0,0,0,0,0,0,0,3,0,0,0,0,0,0,0,0,0,70,0,0,0,92,0,18,0,0,0,0,0,0,0,0,0,0,0,36,0,0,0,0,0,0,0,0,0,0,0,0,0,0,0,0,0,0,0,0,0,26,0,15,0,0,0,0,0,0,0,0,0,0,0,0,0,0,0,0,0,63,0,116,0,0,0,0,0,0,0,0,0,0,0,0,0,0,0,0,0,0,0,0,0,15,0,30,0,14,0,0,0,7,0,0,10,168,0,74,0,0,0,0,0,0,0,21,0,0,0,0,0,0,0,0,0,0,0,0,0,0,0,0,0,0,0,0,0,0,0,0,0,0,0,0,0,0,38,68,80,5,0,0,0
80,0,93,0,277,0,0,0,0,0,260,0,79,0,110,0,29,0,49,0,15,0,39,0,0,0,30,0,16,0,24,0,140,0,273,0,0,0,20,0,0,0,73,0,0,0,0,0,0,0,56,0,0,0,0,0,0,0,0,0,6,0,22,0,0,0,0,0,0,0,104,0,0,0,73,0,0,0,0,0,67,0,14,0,0,0,0,0,0,0,13,0,0,0,8,0,0,0,157,0,0,0,0,0,0,0,0,0,0,0,0,0,0,0,0,0,0,0,0,0,84,0,13,0,0,0,0,0,0,0,0,0,0,0,0,0,0,0,95,0,73,0,0,0,148,0,0,0,0,0,0,0,0,0,6,0,15,0,7,0,3,0,20,0,8,0,18,0,38,0,21,0,58,0,0,0,37,0,82,0,6,0,13,0,0,0,0,0,0,0,0,0,0,0,0,0,0,0,0,0,0,0,0,0,0,0,0,0,0,0,30,48,64,0,12,0,0,0,1,0,0,0,0,0,0
0,139,0,66,24,146,0,46,0,8,0,162,0,30,19,73,0,9,14,70,0,45,8,23,0,30,0,15,0,10,0,8,0,12,0,445,0,0,0,17,0,0,0,41,0,0,0,0,0,0,0,66,0,0,0,0,0,0,0,0,0,53,0,6,0,0,0,0,0,0,0,9,0,0,0,0,0,0,0,0,0,72,0,0,0,126,0,0,0,1,0,0,0,0,0,0,0,0,0,0,0,0,0,0,0,0,0,0,0,0,0,0,0,0,0,0,0,0,0,0,0,40,0,27,0,0,0,0,0,3,0,0,0,0,0,0,0,22,0,58,0,246,0,158,0,77,0,0,0,0,0,0,0,0,0,0,0,55,0,0,0,0,0,0,0,4,0,15,0,17,0,9,0,48,0,0,0,73,0,83,0,0,0,11,0,0,0,5,0,0,0,0,0,0,0,0,0,0,0,0,0,0,0,0,0,0,0,0,0,0,0,0,0,0,5,0,0,0,0,362,17,0,0,0,0
190,0,400,0,9,0,203,0,0,0,2,0,0,0,0,0,153,1,0,0,0,0,41,0,13,0,0,0,5,0,4,0,0,0,2,0,20,0,0,0,0,0,0,0,0,0,0,0,0,0,5,0,0,0,0,0,0,0,0,0,9,0,11,0,0,0,0,0,0,0,15,0,0,0,16,0,0,0,0,0,0,0,0,0,0,0,0,0,0,0,0,0,0,0,0,0,24,0,0,0,0,0,0,0,0,0,0,0,0,0,0,0,0,0,0,0,0,0,0,0,32,0,0,0,0,0,0,0,0,0,0,0,0,0,0,0,0,0,86,0,31,0,0,0,58,0,0,0,0,0,0,0,0,0,8,0,17,0,8,0,0,0,5,0,0,0,15,0,0,0,0,0,89,0,0,0,8,0,0,0,0,0,6,0,1,0,0,0,0,0,0,0,0,0,0,0,0,0,0,0,0,0,0,0,0,0,0,0,0,0,38,54,4,1,6,0,0,0,0,0,0,0,0,0,0
0,288,0,34,0,6,13,272,6,32,0,11,0,0,0,0,0,73,0,0,0,7,0,25,20,159,0,0,0,26,0,1,0,0,0,0,0,17,0,0,0,0,0,0,0,0,0,0,0,0,0,1,0,1,0,9,0,1,0,0,0,41,1,18,0,0,0,0,0,0,0,0,0,0,0,0,0,0,0,0,0,0,0,0,0,0,0,0,0,0,0,0,0,0,0,0,0,1,0,0,0,0,0,0,0,0,0,0,0,0,0,0,0,0,0,0,0,0,0,0,0,0,0,0,0,0,0,0,0,0,0,0,0,0,0,0,0,13,0,36,0,16,0,0,0,0,0,0,0,0,0,0,0,1,0,3,0,5,0,3,0,0,0,0,0,0,0,0,0,0,0,0,0,28,0,0,0,41,0,1,0,0,0,10,0,0,0,0,0,0,0,0,0,0,0,0,0,0,0,0,0,0,0,0,0,0,0,0,0,0,0,0,0,0,0,0,0,0,3,107,0,0,0,0,0
0,0,24,0,23,0,11,0,0,0,13,0,151,67,0,0,0,0,0,17,0,0,0,0,0,0,13,140,0,0,0,0,0,0,0,0,0,0,0,0,0,67,40,28,67,35,79,118,74,0,10,9,0,0,0,0,0,0,0,0,0,0,0,0,0,0,0,0,0,0,0,0,0,0,0,0,0,0,0,0,0,0,0,0,0,0,0,0,0,0,0,0,0,0,0,0,0,0,0,0,0,0,0,0,0,0,0,0,0,0,0,0,0,0,0,0,0,0,0,0,0,0,0,0,0,0,0,0,0,0,0,0,0,0,0,0,0,0,0,0,0,0,0,0,0,0,2,0,0,0,0,0,0,0,0,0,0,0,0,0,0,0,0,0,17,2,0,0,0,0,1,0,0,0,0,0,0,87,4,0,3,0,0,0,0,0,202,0,0,0,0,0,0,0,0,0,0,0,0,0,0,0,0,0,0,0,0,0,0,0,0,121,19,0,0,0,0,6,0,59,0,0,0,0,0
0,27,0,10,0,25,0,0,0,0,0,60,47,272,0,0,0,0,10,3,0,0,0,0,0,0,155,15,0,0,0,0,0,0,0,0,0,0,0,0,67,0,0,132,59,70,59,86,0,143,0,29,0,0,0,0,0,0,0,0,0,0,0,0,0,0,0,0,0,0,0,0,0,0,0,0,0,0,0,0,0,0,0,0,0,0,0,0,0,0,0,0,0,0,0,0,0,0,0,0,0,0,0,0,0,0,0,0,0,0,0,0,0,0,0,0,0,0,0,0,0,0,0,0,0,0,0,0,0,0,0,0,0,0,0,0,0,1,0,0,0,0,0,0,0,0,0,0,0,0,0,0,0,0,0,0,0,0,0,0,0,0,0,0,0,17,0,0,0,0,0,0,0,0,0,0,0,288,0,4,0,0,0,11,0,11,27,1,0,0,0,0,0,0,0,0,0,0,0,0,0,0,0,0,0,0,0,0,0,0,0,22,0,0,0,0,0,0,0,154,12,0,0,0,14
0,0,0,0,0,0,0,0,0,0,0,0,186,0,5,0,51,0,42,0,39,0,22,0,15,0,471,15,58,0,49,0,4,0,63,0,73,0,0,0,40,0,0,1,131,0,58,0,7,0,72,0,0,0,0,0,0,0,0,0,0,0,21,0,0,0,0,0,0,0,27,0,0,0,25,0,0,0,0,0,0,0,0,0,38,0,0,0,0,0,0,0,0,0,0,0,0,0,0,0,0,0,0,0,0,0,0,0,0,0,0,0,0,0,0,0,0,0,0,0,0,0,6,0,0,0,0,0,0,0,0,0,0,0,0,0,0,0,0,0,0,0,0,0,0,0,0,0,0,0,0,0,0,0,0,0,0,0,0,0,0,0,6,0,38,0,25,0,0,0,11,0,15,0,0,0,15,2,97,0,0,0,0,0,0,0,27,0,0,0,0,0,0,0,0,0,0,0,0,0,0,0,0,0,0,0,0,0,0,0,40,164,86,13,8,1,0,1,0,2,0,0,0,0,0
0,0,0,0,0,0,0,0,0,0,0,0,33,270,0,16,0,0,20,116,0,190,0,13,0,6,93,558,0,0,0,30,0,7,0,14,0,41,0,0,28,132,1,0,0,112,21,78,0,1,0,128,0,0,0,12,0,0,0,0,0,0,0,0,0,0,0,0,0,0,0,0,0,0,0,0,0,7,0,0,0,0,0,0,0,0,0,0,0,0,0,0,0,0,0,0,0,0,0,0,0,0,0,0,0,0,0,0,0,0,0,0,0,0,0,0,0,0,0,0,0,0,0,14,0,0,0,0,0,0,0,0,0,0,0,0,0,0,0,0,0,51,0,0,0,0,0,0,0,0,0,0,0,0,0,1,0,0,0,0,0,0,0,0,0,45,0,0,0,32,0,0,0,0,0,0,0,31,0,0,0,0,0,0,0,0,0,41,0,0,0,0,0,0,0,0,0,0,0,0,0,0,0,0,0,0,0,0,0,0,0,0,0,0,0,0,0,0,19,70,79,0,0,0,0
0,0,0,0,0,0,6,0,5,0,0,0,70,41,4,0,35,0,5,0,28,1,18,0,0,0,186,63,0,0,0,0,0,0,0,0,0,0,0,0,67,59,131,0,0,33,263,82,116,6,35,0,1,0,3,0,0,0,0,0,0,0,0,0,0,0,0,0,0,0,42,0,0,0,37,0,0,0,0,0,0,0,18,0,0,0,0,0,1,0,0,0,7,0,0,0,0,0,119,0,0,0,0,0,0,0,0,0,0,0,0,0,0,0,0,0,0,0,1,0,0,0,0,0,0,0,0,0,0,0,0,0,0,0,0,0,0,0,0,0,0,0,0,0,0,0,0,0,0,0,0,0,0,0,0,0,0,0,0,0,0,0,7,0,181,0,12,0,15,0,9,0,17,0,0,0,14,38,30,0,0,0,7,0,5,0,73,1,0,0,0,0,0,0,0,0,0,0,0,0,0,0,0,0,0,0,0,0,0,0,11,130,83,0,10,0,0,25,0,26,0,0,0,0,0
0,18,0,0,0,12,0,0,0,4,0,15,24,48,0,0,0,0,0,31,0,34,0,0,0,0,64,238,0,3,0,0,0,0,0,7,0,0,0,0,35,70,0,112,33,0,0,326,0,94,0,62,0,0,0,0,0,0,0,0,0,0,0,0,0,8,0,0,0,20,0,0,0,0,0,4,0,29,0,0,0,27,0,33,0,0,0,0,0,0,0,0,0,10,0,28,0,0,0,0,0,10,0,0,0,0,0,0,0,0,0,0,0,0,0,0,0,0,0,0,0,0,0,0,0,0,0,0,0,0,0,0,0,0,0,24,0,26,0,0,0,0,0,0,0,0,0,0,0,0,0,0,0,0,0,2,0,0,0,0,0,0,0,1,0,261,0,2,0,81,0,7,0,0,0,0,0,60,0,0,0,0,0,0,0,35,21,3,0,0,0,0,0,0,0,12,0,0,0,0,0,0,0,0,0,0,0,0,0,8,0,4,0,0,11,0,0,0,34,90,137,0,0,0,11
0,0,26,0,37,0,14,0,0,0,0,0,233,65,6,0,0,0,0,0,0,1,2,0,0,0,22,97,0,0,0,0,0,0,0,0,0,0,0,0,79,59,58,21,263,0,0,102,165,0,13,0,0,0,0,0,0,0,0,0,0,0,0,0,0,0,2,0,0,0,0,0,0,0,0,0,0,0,0,0,0,0,0,0,0,0,0,0,0,0,0,0,0,0,0,0,0,0,0,0,0,0,0,0,0,0,0,0,0,0,0,0,0,0,0,0,0,0,0,0,0,0,0,0,0,0,0,0,0,0,0,0,0,0,0,0,0,0,0,0,0,0,0,0,0,0,0,0,3,0,0,0,0,0,0,0,0,0,0,0,0,0,0,0,75,0,0,0,0,0,0,0,0,0,0,0,18,61,18,0,0,0,5,0,0,0,170,0,0,0,0,0,0,0,0,0,0,0,0,0,0,0,0,0,0,0,0,0,0,0,0,193,32,1,0,0,0,45,0,45,0,0,0,0,0
0,32,0,0,0,31,0,0,0,4,0,72,52,179,0,0,0,0,0,7,0,0,0,0,0,0,185,127,0,0,0,0,0,0,0,0,0,0,0,0,118,86,0,78,82,326,102,0,0,173,0,21,0,0,0,0,0,0,0,0,0,0,0,0,0,3,0,0,0,3,0,0,0,0,0,0,0,0,0,0,0,0,0,0,0,0,0,0,0,0,0,0,0,0,0,0,0,0,0,0,0,0,0,0,0,0,0,0,0,0,0,0,0,0,0,0,0,0,0,0,0,0,0,0,0,0,0,0,0,0,0,0,0,0,0,2,0,0,0,0,0,0,0,0,0,0,0,0,0,0,0,0,0,3,0,0,0,0,0,0,0,0,0,0,0,94,0,0,0,0,0,0,0,1,0,0,0,199,0,0,0,0,0,0,0,0,58,3,0,0,0,0,0,0,0,0,0,0,0,0,0,0,0,0,0,0,0,0,0,0,0,19,0,0,0,0,0,0,0,384,86,0,0,0,15
7,0,20,0,0,0,32,0,0,0,2,0,24,0,0,0,0,0,0,0,0,0,0,0,0,0,0,2,0,0,0,0,0,0,0,0,0,0,0,0,74,0,7,0,116,0,165,0,0,3,5,0,0,0,17,0,31,0,30,0,3,0,0,0,0,0,3,0,30,0,0,0,0,0,0,0,0,0,0,0,0,0,57,0,0,0,4,0,0,0,0,0,79,0,23,1,9,0,0,0,10,2,23,0,0,0,0,0,4,0,0,0,0,0,0,0,0,0,0,0,0,0,0,0,8,0,3,0,0,0,0,0,5,0,14,0,2,0,1,0,0,0,3,0,0,0,0,0,0,0,0,0,0,0,0,0,0,0,0,0,17,0,1,0,6,0,0,0,12,0,0,0,1,0,3,0,27,8,17,0,0,0,0,0,0,0,142,0,18,0,44,0,0,0,9,0,0,0,13,0,20,0,0,0,41,0,0,0,0,0,56,71,225,3,56,32,8,2,0,4,4,0,0,0,0
0,0,0,1,0,0,0,1,0,2,0,6,0,12,0,0,0,0,0,0,0,0,0,0,0,1,0,14,0,0,0,0,0,0,0,0,0,0,0,0,0,143,0,1,6,94,0,173,3,0,0,0,0,0,0,0,0,0,0,0,0,0,0,0,0,1,0,0,0,7,0,0,0,0,0,0,0,0,0,0,0,0,0,1,0,0,0,0,0,0,0,0,0,2,0,3,0,0,0,0,0,0,0,1,0,3,0,0,0,0,0,0,0,0,0,0,0,0,0,0,0,0,0,0,1,0,0,0,0,0,0,0,0,0,0,0,0,0,0,0,0,0,0,0,0,0,0,0,0,0,0,0,0,2,0,0,0,0,0,0,0,0,0,0,0,22,0,2,0,0,0,2,0,1,0,0,0,85,0,0,0,0,0,2,0,0,4,21,0,1,0,0,0,0,0,5,0,0,0,0,0,1,0,1,0,0,0,0,0,0,0,6,0,0,5,0,0,0,0,13,11,0,0,0,6
12,0,10,0,70,0,9,0,5,0,0,0,302,32,17,0,24,0,217,56,94,1,0,0,0,0,466,43,44,0,50,0,8,0,105,0,56,0,5,0,10,0,72,0,35,0,13,0,5,0,0,0,0,0,0,0,0,0,5,0,0,0,0,0,0,0,0,0,21,0,30,0,0,0,22,0,23,0,15,0,43,0,118,0,0,0,0,0,0,0,0,0,0,0,0,0,27,0,78,0,10,0,12,0,0,0,0,0,0,0,0,0,0,0,0,0,0,0,0,0,0,0,0,0,0,0,0,0,0,0,0,0,0,0,0,0,0,0,0,0,0,0,0,0,12,0,0,0,0,0,0,0,25,0,0,0,0,0,0,0,6,0,3,0,63,0,37,0,82,0,21,0,40,0,3,0,55,0,123,0,9,0,0,0,0,0,16,6,0,0,0,0,0,0,0,0,0,0,0,0,0,0,0,0,0,0,0,0,0,0,123,204,159,72,55,0,0,2,0,0,0,0,0,0,0
0,0,0,0,0,48,0,0,0,0,0,15,45,249,0,6,0,12,47,391,0,52,0,0,0,6,0,344,0,0,0,58,0,7,0,56,0,66,0,1,9,29,0,128,0,62,0,21,0,0,0,0,0,0,0,34,0,0,0,0,0,6,0,0,0,0,0,0,0,5,0,18,0,0,0,22,0,10,0,0,0,228,0,37,0,182,0,79,0,0,0,0,0,0,0,53,0,0,0,76,0,0,0,0,0,0,0,0,0,0,0,0,0,0,0,0,0,0,0,0,0,160,0,68,0,0,2,0,0,0,0,0,0,0,0,0,0,0,0,15,0,108,0,212,0,69,0,0,0,0,0,0,0,0,0,0,0,0,0,0,0,0,0,6,0,31,0,19,0,101,0,48,0,19,0,0,0,55,0,0,0,0,0,0,0,0,0,74,0,26,0,0,0,6,0,0,0,0,0,0,0,0,0,0,0,0,0,0,0,0,0,0,0,0,45,0,0,0,110,71,86,15,0,0,0
0,0,5,1,0,0,197,9,144,92,0,0,1,0,0,0,108,0,3,0,6,0,9,0,82,11,0,0,0,0,0,0,4,0,0,0,0,0,0,0,0,0,0,0,1,0,0,0,0,0,0,0,0,4,147,52,172,0,54,43,51,0,69,11,1,4,9,77,0,0,8,0,0,0,23,0,0,0,0,0,0,0,0,0,69,0,0,0,0,0,0,0,0,0,0,0,69,0,43,0,12,0,0,0,0,0,0,0,0,0,0,0,0,0,0,0,0,0,0,0,0,0,32,0,0,0,0,0,36,0,0,0,4,0,0,0,60,0,296,1,106,0,69,0,29,0,0,0,8,0,13,0,0,0,268,1,159,1,85,0,4,0,0,0,4,0,0,0,8,0,55,0,1,0,0,2,9,0,0,0,0,0,0,0,6,0,0,0,0,0,0,0,0,0,0,0,0,0,0,0,0,0,0,0,0,0,0,0,0,0,55,76,88,31,51,0,0,0,0,0,0,0,0,0,0
0,1,0,0,0,4,10,6,40,37,0,0,0,0,0,10,0,72,0,0,0,19,0,12,4,21,0,0,0,8,0,3,0,3,0,0,0,0,0,1,0,0,0,0,0,0,0,0,0,0,0,0,4,0,29,138,7,98,37,22,0,35,5,67,0,0,29,15,0,0,0,0,0,0,0,0,0,0,0,0,0,0,0,0,0,4,0,0,0,0,0,2,0,0,0,0,0,0,0,0,0,0,0,0,0,0,0,0,0,0,0,0,0,0,0,0,0,0,0,0,0,0,0,0,0,0,0,0,0,36,0,10,0,34,0,21,0,65,0,88,0,22,0,17,0,9,0,0,0,0,0,0,0,0,0,74,0,84,0,63,0,9,0,0,0,0,0,0,1,0,0,0,0,0,0,0,2,4,0,0,0,0,0,0,0,8,0,0,0,0,0,0,0,0,0,0,0,0,0,0,0,0,0,0,0,0,0,0,0,0,0,0,0,0,15,0,0,0,17,21,10,13,0,0,0
0,0,32,0,14,0,236,0,75,187,0,0,0,0,78,0,16,0,0,0,0,0,133,0,91,29,0,0,0,0,0,0,0,0,0,0,0,0,0,0,0,0,0,0,3,0,0,0,17,0,0,0,147,29,0,109,121,0,82,21,63,0,89,43,2,2,12,77,0,0,0,0,0,0,0,0,0,0,0,0,0,0,0,0,24,0,0,0,0,0,0,0,0,0,0,0,0,0,0,0,0,0,0,0,0,0,0,0,0,0,0,0,0,0,0,0,0,0,0,0,0,0,0,0,0,0,31,0,78,0,84,0,55,0,123,0,323,0,61,0,69,0,131,0,0,0,0,0,0,1,13,0,3,0,103,0,16,0,65,0,48,0,0,0,0,0,0,0,29,0,207,0,22,0,0,0,42,3,0,0,0,0,0,0,0,10,0,0,0,0,0,0,0,0,0,0,0,0,3,0,0,0,0,0,0,0,0,0,29,0,253,52,315,131,332,0,19,0,0,0,3,0,0,0,0
0,0,0,44,0,7,44,90,174,77,0,0,0,0,0,57,2,43,0,36,0,33,0,19,0,92,0,0,0,11,0,7,0,0,0,17,0,0,0,9,0,0,0,12,0,0,0,0,0,0,0,34,52,138,109,0,11,151,56,98,0,95,44,76,0,0,67,11,0,0,0,0,0,0,0,0,0,0,0,0,0,0,0,0,0,0,0,0,0,0,0,0,0,2,0,0,0,0,0,0,0,0,0,0,0,0,0,0,0,0,0,0,0,0,0,0,0,0,0,0,0,0,0,0,0,70,0,48,0,38,0,56,0,59,0,49,0,143,0,34,0,6,0,13,0,2,0,0,0,5,0,0,0,0,2,86,0,33,0,16,0,23,0,0,0,12,0,0,0,41,0,379,2,94,0,0,15,6,0,0,0,0,0,0,4,5,0,0,0,0,0,0,0,0,0,0,0,0,0,8,0,12,0,0,0,0,0,0,0,56,1,0,0,0,617,0,0,0,343,38,639,358,14,67,0
0,0,0,0,0,0,13,0,20,0,0,0,0,0,0,0,0,0,0,0,0,0,7,0,4,0,0,0,0,0,3,0,0,0,0,0,0,0,0,0,0,0,0,0,0,0,0,0,31,0,0,0,172,7,121,11,0,0,189,39,22,0,14,0,28,20,34,88,0,0,0,0,0,0,0,0,0,0,2,0,0,0,0,0,0,1,0,0,0,0,0,0,0,0,0,0,0,0,0,0,0,0,0,0,0,0,0,0,0,0,0,0,0,0,0,0,0,0,0,0,0,0,0,0,4,0,11,0,75,0,145,0,8,0,0,0,22,0,25,15,0,4,15,0,22,9,0,0,15,0,14,0,5,0,261,0,95,0,107,0,80,0,73,0,15,0,0,0,78,0,260,0,17,0,0,12,0,0,0,0,23,9,0,0,15,0,0,0,0,0,0,0,0,0,0,0,0,0,0,0,0,0,0,0,0,0,0,0,9,0,467,110,743,563,847,4,181,6,0,0,0,0,0,0,0
0,0,0,0,0,0,0,7,0,26,0,0,0,0,0,0,0,38,0,0,0,0,0,5,0,15,0,0,0,7,0,4,0,0,0,0,0,0,0,1,0,0,0,0,0,0,0,0,0,0,0,0,0,98,0,151,0,0,18,412,0,0,1,15,0,0,18,5,0,0,0,0,0,0,0,0,0,1,0,0,0,0,0,1,0,0,0,0,0,0,0,0,0,0,0,0,0,0,0,0,0,0,0,0,0,0,0,0,0,0,0,0,0,0,0,0,0,0,0,0,0,0,0,0,0,0,0,17,0,41,0,13,0,60,0,24,0,61,0,36,0,3,0,0,0,4,0,1,0,0,0,0,0,0,0,180,0,13,0,54,0,38,0,0,0,7,0,0,0,36,0,370,0,0,0,0,0,0,0,0,0,0,0,0,2,0,0,0,0,0,0,0,0,0,0,0,0,0,0,0,0,0,0,0,0,0,0,0,0,25,0,0,0,0,340,0,0,0,152,28,404,282,45,80,0
0,1,0,0,0,0,7,0,26,42,0,0,0,0,0,0,0,0,0,0,0,0,0,0,0,0,3,0,0,0,0,0,0,0,0,0,0,0,0,0,0,0,0,0,0,0,0,0,30,0,5,0,54,37,82,56,189,18,0,142,63,0,17,0,128,28,239,305,0,0,0,0,0,0,0,0,2,0,0,0,0,0,0,0,0,1,0,0,0,0,0,0,0,0,0,0,0,0,0,3,0,0,0,0,0,0,0,0,0,0,0,0,0,0,0,0,0,0,0,0,0,0,0,0,0,0,0,0,0,0,87,0,1,0,0,0,2,0,2,17,0,0,0,0,2,10,0,0,18,0,0,0,0,0,52,16,125,0,6,17,38,0,21,0,5,0,0,0,58,0,121,0,11,0,22,35,14,0,0,0,27,6,0,0,77,17,0,0,0,0,0,0,0,0,0,0,0,0,0,0,0,0,0,0,0,0,0,0,0,0,573,194,524,494,1120,0,177,6,0,0,0,0,0,0,0
0,9,0,10,0,0,0,24,0,20,0,0,0,0,0,0,0,0,0,0,0,2,0,0,0,0,0,0,0,0,0,0,0,0,0,0,0,0,0,0,0,0,0,0,0,0,0,0,0,0,0,0,43,22,21,98,39,412,142,0,0,18,0,4,0,74,190,45,0,0,0,0,0,0,0,2,0,0,0,0,0,0,0,1,0,0,0,0,0,0,0,0,0,0,0,1,0,0,0,0,0,0,0,0,0,0,0,0,0,0,0,0,0,0,0,0,0,0,0,0,0,6,0,0,0,10,0,0,0,11,0,46,0,17,0,0,0,16,0,6,0,0,0,0,0,25,0,0,0,2,0,0,0,0,12,36,0,130,0,0,1,17,0,0,0,6,0,0,0,38,0,193,0,0,0,38,0,0,0,0,4,0,0,0,27,71,0,0,0,0,0,1,0,0,0,0,0,0,0,0,0,0,0,0,0,0,0,0,0,23,0,0,1,0,1703,0,0,0,1009,206,727,721,124,156,0
26,0,30,0,0,0,341,0,142,0,0,0,0,0,0,0,38,0,0,0,0,0,7,0,11,3,0,0,2,0,0,0,4,0,1,0,6,0,9,0,0,0,0,0,0,0,0,0,3,0,0,0,51,0,63,0,22,0,63,0,0,0,67,0,1,0,4,0,0,0,4,0,0,0,0,0,0,0,0,0,0,0,0,0,0,0,0,0,0,0,0,0,0,0,0,0,0,0,0,0,0,0,0,0,0,0,0,0,0,0,0,0,0,0,0,0,0,0,0,0,0,0,7,0,0,0,1,0,0,0,0,0,0,0,0,0,0,0,203,0,40,0,0,0,105,0,0,0,0,0,0,0,0,0,7,0,49,0,4,0,0,0,6,0,1,0,2,0,7,0,137,0,41,0,0,0,7,0,0,0,0,0,0,0,0,0,0,0,0,0,0,0,0,0,0,0,0,0,0,0,0,0,0,0,0,0,0,0,0,0,69,34,91,22,50,0,8,0,0,0,0,0,0,0,0
0,37,1,2,0,0,5,181,0,174,0,0,0,0,0,0,0,17,0,6,0,10,0,1,3,35,0,0,0,24,0,4,0,9,0,0,0,53,0,41,0,0,0,0,0,0,0,0,0,0,0,6,0,35,0,95,0,0,0,18,0,0,0,28,0,0,0,0,0,0,0,0,0,0,0,0,0,0,0,0,0,0,0,0,0,0,0,0,0,0,0,0,0,0,0,0,0,0,0,0,0,0,0,0,0,0,0,0,0,0,0,0,0,0,0,0,0,0,0,0,0,2,0,3,0,0,0,0,0,0,0,0,0,0,0,0,0,0,0,76,0,88,0,0,0,120,0,0,0,0,0,0,0,0,0,2,0,140,0,29,0,1,0,0,0,0,0,0,0,0,0,84,0,10,0,0,0,44,0,0,0,0,0,0,0,0,0,0,0,0,0,0,0,0,0,0,0,0,0,0,0,0,0,0,0,0,0,0,0,0,0,0,0,0,0,0,0,0,72,139,15,10,0,2,0
22,17,36,2,0,0,340,53,215,142,0,0,3,0,6,0,397,3,9,0,61,0,49,0,111,84,0,0,13,0,28,0,36,0,0,0,22,0,11,1,0,0,21,0,0,0,0,0,0,0,0,0,69,5,89,44,14,1,17,0,67,0,0,35,0,0,0,8,0,0,69,0,0,0,86,0,0,0,0,0,24,0,0,0,0,0,15,0,0,0,0,0,0,0,0,0,81,0,0,0,0,0,0,0,0,0,0,0,0,0,0,0,0,0,0,0,0,0,0,0,0,0,39,0,0,0,0,0,0,0,0,0,2,0,0,0,24,0,235,0,161,0,36,0,95,0,0,0,0,0,0,0,0,0,82,0,8,0,59,0,3,0,0,0,1,0,0,0,0,0,0,0,9,0,0,0,26,3,0,0,0,0,0,0,0,0,0,0,0,0,0,0,0,0,0,0,0,0,0,0,0,0,0,0,0,0,0,0,0,0,17,29,26,16,23,0,0,0,0,1,2,0,0,0,0
0,14,0,0,0,0,41,123,100,112,0,0,0,0,0,49,4,197,0,129,0,108,0,85,39,37,0,0,0,64,0,12,0,3,0,4,0,6,0,18,0,0,0,0,0,0,0,0,0,0,0,0,11,67,43,76,0,15,0,4,0,28,35,0,0,0,0,0,0,0,0,0,0,0,0,0,0,0,0,0,0,0,0,0,0,0,0,2,0,0,0,0,0,1,0,0,0,0,0,0,0,0,0,0,0,0,0,0,0,0,0,0,0,0,0,0,0,0,0,0,0,0,0,0,0,0,0,0,0,18,0,0,0,18,0,0,0,44,0,65,0,39,0,20,0,12,0,0,0,0,0,0,0,0,0,27,0,19,0,40,0,5,0,0,0,0,0,0,0,0,0,12,0,11,0,1,3,29,0,0,0,0,0,0,0,4,0,0,0,0,0,0,0,0,0,0,0,0,0,0,0,0,0,0,0,0,0,0,0,0,0,1,0,0,14,0,0,0,21,24,16,0,0,0,0
57,0,14,0,12,0,19,0,69,0,11,0,0,0,0,0,0,0,0,0,0,0,0,0,0,0,6,0,0,0,0,0,0,0,0,0,0,0,0,0,0,0,0,0,0,0,0,0,0,0,0,0,1,0,2,0,28,0,128,0,1,0,0,0,0,0,75,0,0,0,0,0,0,0,0,0,0,0,0,0,0,0,0,0,0,4,0,3,0,0,0,0,0,1,0,0,0,0,2,8,0,7,0,0,0,0,0,0,0,0,0,0,0,0,0,0,0,0,0,0,0,0,0,0,27,0,26,0,1,0,43,42,0,0,0,0,0,0,6,62,0,0,0,3,32,21,12,0,30,0,16,0,0,0,5,0,5,0,0,25,105,110,0,0,0,0,0,0,1,0,0,0,1,0,64,8,0,0,0,0,229,38,1,0,116,0,0,0,0,0,0,0,0,0,0,0,1,0,0,0,0,1,1,0,0,0,0,0,12,0,132,0,13,0,102,0,0,0,0,0,1,0,0,0,0
0,76,0,10,0,68,0,8,0,145,0,47,0,21,0,5,0,0,0,24,0,0,0,3,0,0,0,20,0,2,0,0,0,0,0,0,0,0,0,0,0,0,0,0,0,8,0,3,0,1,0,0,4,0,2,0,20,0,28,74,0,0,0,0,0,0,19,263,0,0,0,0,0,6,0,19,0,0,0,1,1,20,0,0,0,0,0,9,0,0,0,0,0,0,0,0,0,0,0,6,0,5,0,0,0,0,0,1,0,0,0,0,0,0,0,0,0,0,0,0,0,0,0,0,0,35,0,43,0,1,0,57,0,0,0,0,0,5,22,23,2,21,0,2,9,96,0,65,0,179,0,40,0,16,3,0,0,0,0,0,78,285,0,0,0,0,0,0,0,0,0,0,0,0,13,57,0,0,0,3,70,200,0,19,9,67,0,0,0,0,0,3,0,0,0,0,0,0,0,0,0,0,0,0,0,0,0,42,0,38,0,0,0,0,79,0,0,0,112,5,0,0,0,0,0
47,0,4,0,0,0,28,0,87,34,8,0,0,0,0,0,0,0,0,0,0,0,1,0,0,0,0,0,0,0,0,0,0,0,0,0,0,0,0,0,0,0,0,0,0,0,2,0,3,0,0,0,9,29,12,67,34,18,239,190,4,0,0,0,75,19,0,249,0,0,0,0,0,0,0,0,0,0,0,0,0,0,0,0,0,0,0,0,0,0,0,0,0,0,0,0,0,0,0,3,0,0,0,0,0,0,0,0,0,0,0,0,0,0,0,0,0,0,0,0,0,0,0,0,2,0,4,0,0,0,11,0,0,0,0,0,0,0,1,5,0,0,0,0,3,7,0,0,7,0,0,0,0,0,8,6,23,0,0,29,23,16,0,0,0,0,0,0,0,1,7,0,0,0,50,33,42,0,0,0,38,3,0,0,564,34,0,0,0,0,0,0,0,0,0,0,0,0,0,0,0,0,0,0,0,0,0,0,0,0,118,52,40,98,201,2,29,0,0,0,0,0,0,0,0
0,22,0,0,0,4,0,3,74,86,0,3,0,4,0,0,0,0,0,0,0,0,0,0,0,0,0,5,0,0,0,0,0,0,0,0,0,0,0,0,0,0,0,0,0,0,0,0,0,0,0,0,77,15,77,11,88,5,305,45,0,0,8,0,0,263,249,0,0,0,0,0,0,0,0,0,0,0,0,0,0,6,0,0,0,0,0,0,0,0,0,0,0,0,0,1,0,0,0,2,0,0,0,0,0,0,0,0,0,0,0,0,0,0,0,0,0,0,0,0,0,6,0,0,0,22,0,4,0,1,0,77,0,0,0,1,0,0,0,7,0,0,0,0,2,37,0,5,0,23,0,0,0,0,21,26,0,45,2,8,0,48,0,2,0,0,0,0,0,2,0,0,0,1,0,167,11,0,0,0,0,13,0,3,49,523,0,0,0,0,0,0,0,0,0,0,0,0,0,0,0,0,0,0,0,0,0,1,0,0,0,0,0,0,381,0,0,0,355,180,75,0,27,23,0
0,0,0,0,0,0,0,0,0,0,0,0,5,0,0,0,0,0,0,0,0,0,0,0,0,0,0,0,0,0,0,0,0,0,0,0,0,0,0,0,0,0,0,0,0,0,0,0,30,0,21,0,0,0,0,0,0,0,0,0,0,0,0,0,0,0,0,0,0,0,0,0,4,0,0,0,142,0,57,0,5,0,81,0,0,0,0,0,33,0,6,0,47,0,23,0,0,0,0,0,33,0,223,0,0,0,68,0,7,0,8,0,3,0,20,0,5,0,0,0,0,0,0,0,0,0,0,0,0,0,0,0,0,0,0,0,0,0,0,0,0,0,0,0,0,0,0,0,0,0,0,0,0,0,0,0,0,0,1,0,0,0,0,0,48,0,0,0,62,0,0,0,0,0,0,0,0,0,0,0,0,0,0,0,0,0,0,0,0,0,0,0,0,0,35,0,0,0,0,0,0,1,0,0,0,0,0,0,0,0,0,20,112,0,0,34,39,7,0,0,0,0,0,0,0
0,0,0,0,0,0,0,0,0,0,0,0,0,3,0,0,0,0,0,0,0,0,0,0,0,0,0,14,0,0,0,0,0,0,0,0,0,0,0,0,0,0,0,0,0,20,0,3,0,7,0,5,0,0,0,0,0,0,0,0,0,0,0,0,0,0,0,0,0,0,0,0,0,1,0,0,0,128,0,0,0,0,0,49,0,0,0,9,0,17,0,0,0,17,0,18,0,0,0,0,0,0,0,100,0,0,0,0,0,5,0,0,0,12,0,0,0,3,0,1,0,0,0,0,0,0,0,0,0,0,0,0,0,0,0,0,0,0,0,0,0,0,0,0,0,0,0,0,0,0,0,0,0,0,0,0,0,0,0,0,0,0,0,0,0,47,0,0,0,55,0,6,0,0,0,0,0,0,0,0,0,0,0,0,0,0,0,0,0,16,0,0,0,0,0,0,0,2,0,0,0,10,0,0,0,0,0,0,0,0,0,0,0,0,0,0,0,0,31,25,128,5,43,52,0
0,0,0,0,0,0,0,0,0,0,0,0,0,0,0,0,102,0,0,0,46,0,16,0,0,0,0,0,38,0,56,0,25,0,23,0,104,0,15,0,0,0,27,0,42,0,0,0,0,0,30,0,8,0,0,0,0,0,0,0,4,0,69,0,0,0,0,0,0,0,0,0,173,0,295,0,19,0,250,0,20,0,0,0,0,0,58,0,0,0,1,0,0,0,0,0,0,0,0,0,0,0,0,0,0,0,0,0,0,0,0,0,0,0,0,0,0,0,0,0,16,0,8,0,23,0,39,0,0,1,22,0,17,0,62,0,63,0,8,0,53,0,39,0,144,0,23,0,11,0,0,0,0,0,0,0,7,0,0,0,0,0,33,0,0,0,15,0,0,0,22,0,51,0,8,0,0,0,0,0,15,1,0,0,7,0,0,0,0,0,0,0,0,0,0,0,0,0,0,0,0,0,0,0,0,0,16,0,26,0,18,0,4,0,0,0,0,0,0,0,0,0,0,0,0
0,0,0,0,0,0,0,0,0,0,0,0,0,0,0,0,0,0,0,0,0,4,0,0,0,0,0,0,0,0,0,0,0,0,0,3,0,9,0,0,0,0,0,0,0,0,0,0,0,0,0,18,0,0,0,0,0,0,0,0,0,0,0,0,0,0,0,0,0,0,0,0,0,131,0,223,0,22,0,10,0,0,0,0,0,0,0,36,0,0,0,0,0,0,0,0,0,0,0,0,0,0,0,0,0,0,0,0,0,0,0,0,0,0,0,0,0,0,0,0,0,3,0,3,0,64,0,0,0,0,0,0,0,32,0,0,0,0,0,1,0,12,0,0,0,111,0,27,0,30,0,12,0,0,0,0,0,3,0,0,0,16,0,14,0,0,0,7,0,3,0,9,0,0,0,4,0,0,0,0,0,0,0,0,0,0,0,0,0,0,0,0,0,0,0,0,0,0,0,0,0,0,0,0,0,0,0,0,0,0,0,0,0,0,0,0,0,0,20,0,2,0,0,0,0
0,0,0,0,0,0,0,0,0,0,0,0,0,0,0,0,2,0,0,0,0,0,0,0,4,0,0,0,0,0,0,0,0,0,0,0,0,0,0,0,0,0,0,0,0,0,0,0,0,0,0,0,0,0,0,0,0,0,0,0,0,0,0,0,0,0,0,0,4,0,173,0,0,0,40,0,20,0,196,0,5,0,0,0,11,0,10,0,0,0,0,0,2,0,0,0,0,0,0,0,0,0,0,0,0,0,2,0,0,0,0,0,0,0,0,0,0,0,0,0,8,0,11,0,62,0,76,0,18,0,56,0,15,0,134,0,52,0,0,0,67,0,70,0,84,0,45,2,6,0,27,0,0,0,0,0,1,0,0,0,0,0,49,0,0,0,0,0,11,0,23,0,5,0,15,0,0,0,0,0,0,0,0,0,0,0,0,0,0,0,0,0,0,0,0,0,0,0,53,0,40,0,0,0,9,0,31,0,83,0,261,3,41,0,29,1,0,0,0,0,0,0,0,0,0
0,0,0,0,0,0,0,0,0,0,0,0,0,0,0,0,0,0,0,0,0,0,0,0,0,0,0,0,0,0,0,0,0,0,0,0,0,0,0,0,0,0,0,0,0,0,0,0,0,0,0,0,0,0,0,0,0,0,0,0,0,0,0,0,0,6,0,0,0,1,0,131,0,0,0,111,0,39,0,32,0,5,0,3,0,0,1,68,0,0,0,0,0,0,0,0,7,0,0,0,0,0,0,0,0,0,0,0,0,0,0,0,0,0,0,0,0,0,0,0,0,24,0,11,0,38,0,55,0,0,0,22,0,21,0,86,0,40,2,0,0,12,0,6,0,33,0,0,0,15,0,0,0,0,0,0,0,0,0,0,0,1,0,41,0,0,0,0,0,11,0,7,0,1,0,0,0,0,0,0,0,0,0,0,0,0,0,0,0,42,0,0,0,0,0,0,0,0,0,0,0,99,0,0,0,0,0,0,0,117,0,0,0,0,14,0,0,0,111,3,18,0,0,0,0
0,0,0,0,0,0,0,1,0,0,0,0,0,0,13,0,185,0,0,0,52,0,28,0,16,0,65,0,48,0,37,0,27,0,15,0,73,0,16,0,0,0,25,0,37,0,0,0,0,0,22,0,23,0,0,0,0,0,0,0,0,0,86,0,0,0,0,0,0,0,295,0,40,0,0,0,7,0,90,0,20,0,12,0,17,0,34,0,0,0,0,0,0,0,3,0,2,0,11,0,2,0,0,0,0,0,0,0,0,0,0,0,0,0,0,0,0,0,0,0,59,0,21,0,14,0,15,0,3,0,23,4,0,0,60,0,23,0,6,0,48,0,42,0,111,0,0,0,18,0,11,0,23,0,0,0,11,0,0,0,0,0,21,0,0,0,0,0,3,0,17,0,30,0,23,0,1,0,0,0,14,0,0,0,6,0,0,0,0,0,0,0,0,0,0,0,0,0,25,0,12,0,18,0,0,0,0,0,52,0,52,0,12,1,7,5,0,0,0,0,0,0,0,0,0
0,0,0,0,0,0,0,0,0,0,0,0,0,0,0,0,0,0,0,14,0,0,0,0,0,0,0,0,0,0,0,0,0,0,0,0,0,0,0,0,0,0,0,0,0,4,0,0,0,0,0,22,0,0,0,0,0,0,0,2,0,0,0,0,0,19,0,0,0,0,0,223,0,111,0,0,0,19,0,19,0,3,0,0,0,0,0,69,0,0,0,0,0,0,0,0,0,0,0,0,0,0,0,0,0,0,0,2,0,0,0,0,0,0,0,0,0,0,0,0,0,113,0,13,0,82,0,92,20,9,0,27,0,0,0,85,0,78,0,1,0,37,0,15,0,240,0,89,0,56,4,0,0,36,0,0,0,4,0,0,0,0,0,24,0,0,0,0,0,10,0,8,0,8,1,7,0,0,0,0,0,0,0,0,0,0,0,0,0,0,0,2,0,0,0,0,0,0,0,0,0,24,0,0,0,0,0,0,0,136,0,0,0,0,9,0,0,0,94,0,15,0,0,0,0
0,0,0,0,0,0,0,0,1,0,0,0,0,0,0,0,0,0,0,0,0,0,0,0,0,0,0,0,0,0,0,0,0,0,0,0,0,0,0,0,0,0,0,0,0,0,0,0,0,0,23,0,0,0,0,0,0,0,2,0,0,0,0,0,0,0,0,0,142,0,19,0,20,0,7,0,0,0,50,0,30,0,61,0,0,0,25,0,0,0,0,0,20,0,23,0,32,0,17,0,15,0,63,0,65,0,79,0,7,0,0,0,0,0,1,0,5,0,0,0,0,0,0,0,0,0,0,0,0,0,0,0,0,0,0,0,8,0,0,0,0,0,0,0,0,0,4,0,0,0,0,0,0,0,0,0,0,0,0,0,0,0,0,0,21,0,0,0,20,0,0,0,0,0,0,0,0,0,0,0,0,0,0,0,0,0,0,0,114,0,105,0,0,0,47,0,22,0,0,0,59,0,58,0,0,0,0,0,0,0,60,11,85,0,14,13,3,0,0,0,0,0,0,0,0
0,0,0,0,0,0,0,0,0,0,0,0,0,0,0,0,0,0,0,0,0,0,0,0,0,0,0,0,0,0,0,0,0,0,0,0,0,0,0,0,0,0,0,7,0,29,0,0,0,0,0,10,0,0,0,0,0,1,0,0,0,0,0,0,0,0,0,0,0,128,0,22,0,39,0,19,0,0,0,10,0,88,0,137,0,0,0,94,0,5,0,0,0,30,0,8,0,13,0,5,0,0,0,68,0,38,0,37,0,3,0,0,0,0,0,0,0,5,0,0,0,16,0,3,0,0,0,0,0,0,0,0,0,0,0,40,0,14,0,0,0,0,0,0,0,2,0,0,0,0,0,0,0,0,0,0,0,0,0,0,0,1,0,7,0,50,0,0,0,28,0,1,0,0,0,0,0,2,0,0,0,0,0,0,0,0,0,0,0,81,0,0,0,0,0,52,0,0,0,32,0,73,0,38,0,46,0,0,0,18,0,0,0,0,13,0,0,0,30,39,90,0,6,3,0
0,0,0,0,0,0,0,0,0,0,0,0,0,0,0,0,18,0,0,0,0,0,0,0,0,0,0,0,0,0,0,0,0,0,0,0,0,0,0,0,0,0,0,0,0,0,0,0,0,0,15,0,0,0,0,0,2,0,0,0,0,0,0,0,0,0,0,0,57,0,250,0,196,0,90,0,50,0,0,0,53,0,106,0,38,0,64,0,0,0,0,2,23,0,13,0,21,0,14,0,3,0,0,0,0,0,0,0,0,0,0,0,0,0,0,0,0,0,0,0,68,0,37,0,0,0,0,0,0,0,0,0,0,0,0,0,0,3,0,0,49,0,0,0,37,0,0,0,0,0,0,0,0,0,0,0,0,0,0,0,0,0,13,0,0,0,0,0,42,0,0,0,0,0,0,0,0,0,0,0,0,0,0,0,0,0,0,0,0,0,0,1,0,0,0,0,15,0,37,0,92,0,112,0,0,0,0,0,42,0,235,10,85,0,36,21,1,0,0,0,0,0,0,0,0
0,0,0,0,0,0,0,0,0,0,0,0,0,0,0,0,0,0,0,0,0,4,0,0,0,0,0,0,0,0,0,0,0,0,0,0,0,0,0,0,0,0,0,0,0,0,0,0,0,0,0,0,0,0,0,0,0,0,0,0,0,0,0,0,0,1,0,0,0,0,0,10,0,32,0,19,0,10,0,0,0,1,0,0,0,5,0,24,0,0,0,0,0,0,0,0,0,1,0,0,0,0,0,0,0,0,0,0,0,0,0,0,0,0,0,0,0,0,0,0,0,11,0,2,0,0,0,25,0,0,0,0,0,0,0,42,0,22,0,1,0,3,0,7,0,12,0,0,0,0,0,0,0,0,0,0,0,0,0,0,0,2,0,0,0,0,0,0,0,0,0,0,0,0,0,0,0,0,0,0,0,0,0,0,0,0,0,0,0,0,0,0,0,0,0,0,0,0,0,0,0,28,0,8,0,0,0,0,0,31,0,0,0,0,3,0,0,0,16,0,0,0,0,0,0
