0,244,18,111,83,64,30,0,119,0,239,47,127,0,0,55,103,67,65,0,11,0,29,112,91,85,37,2,36,0,22,0,57,0,0,0,90,1,541,0,0,0,1,0,8,0,0,0,13,0,3,0,9,2,2,0,0,0,7,0,89,0,81,0,65,0,18,0,0,0,0,0,0,0,0,0,0,0,0,0,0,0,0,0,0,0,0,0,0,0,0,0,0,0,0,0,0,0,0,0,0,0,0,0,0,0,0,0,0,0,0,0,0,0,0,0,0,0,0,0,0,0,0,0,44,0,72,0,0,0,54,0,0,0,34,0,13,0,0,0,0,0,0,0,0,0,48,0,103,0,0,0,29,0,0,0,0,0,0,0,0,0,4,0,8,0,34,0,18,0,26,0,511,0,0,0,416,82,31,4,26,0,133,0,74,0,0,0,0,0,0,0,0,0,0,0,0,0,0,0,0,0,0,0,0,0,0,0,47,0,691,89,225,123,243,1,0,0,0,0,0,0,0,0,0
244,0,160,78,0,227,256,27,135,111,0,78,0,85,10,87,62,69,0,119,0,34,117,83,367,82,0,58,0,0,0,0,0,57,0,0,0,97,0,168,0,41,0,0,0,23,0,48,0,7,0,0,12,102,35,60,0,0,0,6,0,473,41,436,0,120,0,61,0,0,0,0,0,0,0,0,0,0,0,0,0,0,0,0,0,47,0,0,0,0,0,0,0,0,0,0,0,0,0,0,0,0,0,0,0,0,0,0,0,0,0,0,0,0,0,0,0,0,0,0,0,0,0,0,0,55,0,153,0,26,0,79,0,0,0,143,0,223,0,0,0,0,0,0,0,0,0,22,0,77,0,46,0,55,0,60,0,33,0,0,0,0,0,0,0,8,0,0,0,36,0,64,0,178,0,7,174,390,0,14,0,47,30,29,0,80,0,26,0,0,0,0,0,0,0,0,0,0,0,0,0,0,0,0,0,0,0,0,0,0,6,0,0,0,484,0,0,0,1344,170,449,0,0,0,0
18,160,0,68,349,180,92,0,28,0,126,72,213,0,261,164,211,50,105,0,85,0,505,100,331,0,54,0,353,0,260,0,345,0,0,0,100,0,898,0,0,0,0,0,0,0,0,0,16,0,0,0,3,0,39,0,0,0,15,0,69,0,67,0,26,0,9,0,0,0,39,0,0,0,0,0,0,0,0,0,0,0,0,0,0,0,0,0,0,0,0,0,0,0,0,0,0,0,0,0,0,0,0,0,0,0,0,0,0,0,0,0,0,0,0,0,0,0,0,0,0,0,0,0,214,0,351,0,0,0,160,0,0,0,370,0,170,0,0,0,0,0,0,0,0,0,169,0,158,0,154,0,65,0,13,0,9,0,0,0,0,0,0,0,0,0,0,0,42,0,0,0,533,0,0,0,229,103,18,6,0,0,21,0,54,0,0,0,0,0,0,0,0,0,0,0,0,0,0,0,0,0,0,0,0,0,0,0,245,0,938,96,661,199,504,1,4,0,0,0,4,0,0,0,0
111,78,68,0,0,90,0,48,0,0,0,6,0,0,7,373,25,51,0,94,0,20,59,210,60,101,0,37,2,58,0,0,0,48,0,0,0,51,0,283,0,0,0,0,0,8,0,0,0,0,0,0,0,0,0,66,0,11,0,10,4,156,5,114,0,20,0,0,0,0,0,0,0,0,0,0,0,0,0,0,0,0,0,0,0,0,0,0,0,0,0,0,0,0,0,0,0,0,0,0,0,0,0,0,0,0,0,0,0,0,0,0,0,0,0,0,0,0,0,0,0,0,0,0,0,0,0,148,0,35,0,56,0,24,0,104,0,201,0,0,0,0,0,46,0,0,0,0,0,32,0,0,0,0,0,0,0,0,0,0,0,12,0,0,0,6,0,0,0,0,0,36,0,130,0,1,34,65,0,0,0,0,11,0,0,0,0,0,0,0,0,0,0,0,0,4,0,0,0,0,0,0,0,0,0,0,0,0,0,184,0,0,0,0,141,0,0,0,409,18,270,0,2,0,0
83,0,349,0,0,405,72,0,51,0,283,112,597,240,171,252,43,0,379,563,122,293,98,40,0,0,281,289,0,0,394,0,606,0,288,0,412,0,0,0,0,25,61,0,68,24,0,0,6,2,235,0,2,0,4,0,0,0,0,0,0,0,0,0,18,0,11,0,0,0,0,0,0,0,0,0,0,0,0,0,0,0,0,0,0,0,0,0,0,0,0,0,0,0,0,0,0,0,0,0,0,0,0,0,0,0,0,0,0,0,0,0,0,0,0,0,0,0,0,0,0,0,0,0,0,0,0,0,0,0,0,0,0,0,0,0,0,0,0,0,0,0,0,0,0,0,0,0,0,0,0,0,0,0,0,0,0,0,0,0,0,0,0,0,0,0,337,0,230,0,0,0,207,0,38,0,525,229,196,5,111,0,55,0,54,0,22,19,0,0,0,0,0,0,0,0,0,0,0,0,0,0,0,0,0,0,0,0,22,0,731,177,777,131,301,0,2,0,0,0,0,0,0,0,0
64,227,180,90,405,0,0,69,0,7,118,409,0,321,591,258,10,16,152,472,0,218,178,85,9,8,0,311,0,94,0,121,0,389,0,124,0,367,0,130,0,150,0,0,0,39,0,206,0,9,0,92,0,0,0,13,0,0,0,7,0,65,0,9,0,19,0,0,0,0,0,0,0,0,0,0,0,0,0,0,0,0,0,0,0,0,0,14,0,0,0,0,0,0,0,0,0,0,0,0,0,0,0,0,0,0,0,0,0,0,0,0,0,0,0,0,0,0,0,0,0,0,0,0,0,0,0,0,0,0,0,0,0,0,0,0,0,0,0,0,0,0,0,397,0,0,0,0,5,0,0,0,18,0,0,0,0,0,0,0,0,0,0,6,0,0,0,270,0,0,0,45,0,246,0,0,148,528,14,21,0,0,9,7,0,0,1,25,0,0,0,0,0,0,0,0,0,0,0,0,0,0,0,0,0,0,0,0,0,21,0,0,0,0,394,0,0,0,930,281,760,0,8,0,1
30,256,92,0,72,0,0,0,23,89,33,11,42,0,6,0,14,69,0,0,0,0,17,81,386,148,0,0,22,0,0,0,10,0,0,0,0,0,192,0,0,0,0,0,0,0,0,0,29,0,2,0,129,19,232,28,6,0,3,0,430,0,394,55,11,0,8,0,0,0,0,0,1,0,0,0,0,0,0,0,0,0,0,0,3,0,0,0,0,0,0,0,0,0,0,0,0,0,0,0,0,0,0,0,0,0,0,0,0,0,0,0,0,0,0,0,0,0,0,0,0,0,0,0,49,0,75,0,0,0,101,0,7,0,22,0,16,0,0,0,0,0,0,0,0,0,17,0,29,0,0,0,0,0,0,0,3,0,0,0,5,0,8,0,12,0,5,0,31,0,182,0,319,0,0,0,80,55,0,2,0,0,0,0,0,0,0,0,0,0,0,0,0,0,0,0,0,0,0,0,0,0,0,0,0,0,0,0,27,0,793,38,424,509,794,0,82,0,0,0,0,3,0,0,0
0,27,0,48,0,69,0,0,135,12,0,19,0,12,0,21,4,131,0,20,0,0,0,16,57,236,0,0,0,0,0,1,0,0,0,0,0,0,0,0,0,0,0,0,0,0,0,0,0,0,0,0,55,227,92,534,0,27,0,10,0,205,11,272,0,28,0,9,0,0,0,0,0,0,0,0,0,0,0,0,0,0,0,0,0,57,0,0,0,0,0,0,0,0,0,0,0,0,0,0,0,0,0,0,0,0,0,0,0,0,0,0,0,0,0,0,0,0,0,0,0,0,0,2,0,68,0,150,0,42,0,77,0,28,0,0,0,92,0,0,0,0,0,73,0,11,0,0,0,19,0,22,0,0,0,0,0,0,0,0,0,11,0,0,0,15,0,0,0,38,0,102,4,175,0,0,46,48,0,0,0,0,0,0,0,0,0,0,0,0,0,0,0,0,0,0,0,0,0,0,0,10,0,0,0,0,0,0,0,146,5,0,0,2,467,0,0,0,657,43,339,291,0,56,1
119,135,28,0,51,0,23,135,0,361,61,0,39,0,37,0,0,54,52,0,0,0,10,0,46,159,0,0,0,0,0,0,0,0,0,0,0,0,32,0,0,0,0,0,0,0,0,0,5,0,0,0,385,69,107,215,11,0,44,36,288,0,408,67,96,0,126,17,0,0,0,0,3,0,0,0,0,0,0,0,0,0,0,0,1,0,0,0,0,0,0,0,0,0,0,0,0,0,0,0,0,0,0,0,0,0,0,0,0,0,0,0,0,0,0,0,0,0,0,0,0,0,0,0,47,0,66,0,0,0,104,0,0,0,33,0,0,0,0,0,12,0,0,0,0,0,41,0,184,0,37,0,40,0,54,0,60,0,0,0,9,0,0,0,0,0,0,0,0,0,268,0,165,0,14,0,654,145,13,0,0,0,33,0,102,0,0,0,0,0,0,0,0,0,0,0,0,0,0,0,0,0,0,0,0,0,0,0,29,0,690,41,174,211,513,0,43,0,0,0,0,0,0,0,0
0,111,0,0,0,7,89,12,361,0,0,15,0,0,0,0,0,5,0,24,0,6,0,0,39,34,0,0,0,0,0,4,0,0,0,0,0,0,0,0,0,5,0,0,0,0,0,0,0,2,0,0,138,317,291,215,0,40,139,32,5,95,13,113,0,241,103,156,0,0,0,0,0,0,0,0,0,0,0,0,0,0,0,0,0,43,0,7,0,0,0,0,0,0,0,0,0,0,0,0,0,0,0,2,0,0,0,0,0,0,0,0,0,0,0,0,0,0,0,0,0,12,0,0,0,49,0,76,0,10,0,89,0,0,0,94,0,122,0,3,0,0,0,44,0,7,0,13,0,66,0,29,0,35,3,88,0,148,0,13,0,28,0,0,0,8,0,1,0,17,0,127,0,66,0,0,128,315,0,5,0,0,0,6,0,73,0,0,0,0,0,0,0,0,0,2,0,0,0,0,0,0,0,0,0,0,0,0,0,67,0,0,0,0,351,0,0,0,637,104,239,341,0,30,0
239,0,126,0,283,118,33,0,61,0,0,32,402,0,25,83,15,0,90,82,106,51,37,15,0,0,49,0,7,0,116,2,293,0,68,0,177,0,0,0,15,0,0,0,0,0,0,0,5,0,31,0,1,0,4,0,0,0,0,0,0,0,0,0,0,1,2,0,0,0,0,0,0,0,0,0,0,0,0,0,0,0,0,0,0,0,0,0,0,0,0,0,0,0,0,0,0,0,0,0,0,0,1,0,0,0,0,0,0,0,0,0,0,0,0,0,0,0,0,0,0,0,0,0,11,0,0,0,0,0,0,0,0,0,0,0,0,0,0,0,0,0,0,0,0,0,5,0,0,0,20,0,39,0,3,0,0,0,0,0,0,0,0,0,7,1,57,0,16,0,3,0,38,2,48,0,234,57,231,0,114,0,97,0,32,0,6,0,0,0,0,0,0,0,0,0,0,0,0,0,0,0,0,0,0,0,0,0,0,0,259,87,180,0,86,0,0,0,0,0,0,0,0,0,0
47,78,72,6,112,409,11,19,0,15,32,0,0,164,148,12,0,68,0,74,6,40,87,88,30,8,0,88,0,30,0,24,0,112,0,11,0,184,0,134,0,174,0,0,0,31,0,84,0,41,0,0,0,12,0,7,0,7,0,0,0,84,0,33,0,13,0,3,0,0,0,0,0,0,0,0,0,0,0,0,0,0,0,0,0,0,0,0,0,0,0,0,0,0,0,0,0,0,0,0,0,0,0,0,0,0,0,0,0,0,0,0,0,0,0,0,0,0,0,0,0,0,0,0,0,5,0,8,0,0,0,0,0,0,0,0,0,64,0,0,0,47,0,95,0,0,0,0,0,0,0,59,0,125,0,21,0,0,0,0,0,0,0,3,0,0,0,25,0,0,0,24,0,76,0,60,60,405,0,34,0,176,6,48,7,61,0,81,0,0,0,0,0,0,0,0,0,0,0,0,0,1,0,0,0,0,0,0,0,13,4,0,0,0,125,0,0,0,555,137,181,29,0,0,0
127,0,213,0,597,0,42,0,39,0,402,0,0,252,67,0,6,1,59,287,40,107,0,2,0,0,231,512,0,0,22,0,0,0,106,0,83,0,0,0,293,121,193,15,272,133,311,415,72,0,265,0,0,0,0,0,0,0,0,0,0,0,0,0,0,0,0,0,0,0,0,0,0,0,0,0,0,0,0,0,0,0,0,0,0,0,0,0,0,0,0,0,0,0,0,0,0,0,0,0,0,0,0,0,0,0,0,0,0,0,0,0,0,0,0,0,0,0,0,0,0,0,0,0,0,0,0,0,0,0,0,0,0,0,0,0,0,0,0,0,0,0,0,0,0,0,0,0,0,0,0,0,0,0,0,0,0,0,0,0,0,0,0,0,70,0,0,0,0,0,0,0,0,0,20,0,316,139,222,0,0,0,45,0,0,0,287,10,0,0,0,0,0,0,0,0,0,0,0,0,0,0,0,0,0,0,0,0,0,0,0,88,219,0,20,0,0,2,0,0,0,0,0,0,0
0,85,0,0,240,321,0,12,0,0,0,164,252,0,139,10,0,3,532,87,21,70,0,5,0,0,156,184,0,0,0,0,0,0,0,98,0,96,0,0,22,259,0,168,22,92,12,181,0,53,0,337,0,0,0,0,0,0,0,0,0,0,0,0,0,0,0,0,0,0,0,0,0,0,0,0,0,0,0,0,0,0,0,0,0,0,0,0,0,0,0,0,0,0,0,0,0,0,0,0,0,0,0,0,0,0,0,0,0,0,0,0,0,0,0,0,0,0,0,0,0,0,0,0,0,0,0,0,0,0,0,0,0,0,0,0,0,0,0,0,0,0,0,0,0,0,0,0,0,0,0,0,0,0,0,0,0,0,0,0,0,0,0,0,0,35,0,21,0,0,0,7,0,0,0,0,97,497,4,85,0,0,0,18,0,11,22,35,0,0,0,0,0,0,0,0,0,0,0,0,0,0,0,0,0,0,0,0,0,0,0,0,0,0,49,0,0,0,82,180,461,0,0,0,0
0,10,261,7,171,591,6,0,37,0,25,148,67,139,0,354,69,0,377,535,192,410,216,46,24,0,83,49,19,0,343,11,252,0,159,31,175,0,0,0,15,0,0,0,0,0,12,0,5,0,42,0,0,0,0,0,0,0,0,1,0,0,0,0,0,0,0,0,0,0,0,0,0,0,0,0,0,0,0,0,0,0,0,0,0,0,0,0,0,0,0,0,0,0,0,0,0,0,0,0,0,0,0,0,0,0,0,0,0,0,0,0,0,0,0,0,0,0,0,0,0,0,0,0,58,0,94,0,0,0,0,0,0,0,207,0,143,0,0,0,63,0,82,0,0,0,0,0,142,0,0,0,107,0,71,0,25,0,0,0,0,0,0,0,10,0,146,0,99,0,0,0,49,0,19,0,124,113,43,9,0,0,44,0,93,0,4,43,0,0,0,0,0,0,0,0,0,0,0,0,0,0,0,0,0,0,0,0,121,0,177,67,276,20,70,0,0,0,12,0,0,0,0,0,0
55,87,164,373,252,258,0,21,0,0,83,12,0,10,354,0,15,74,21,20,23,276,133,430,21,93,3,83,0,147,17,154,9,258,0,30,0,77,0,145,0,0,0,0,0,21,0,0,0,26,0,0,0,0,0,72,0,0,0,0,0,0,0,0,0,16,0,1,0,0,0,0,0,0,0,0,0,0,0,0,0,0,0,0,0,21,0,0,0,0,0,0,0,0,0,10,0,0,0,0,0,0,0,0,0,0,0,0,0,0,0,0,0,0,0,0,0,0,0,0,0,0,0,0,0,0,0,106,0,0,0,0,0,0,0,202,0,341,0,0,0,0,0,205,0,0,0,7,0,0,0,9,4,0,3,6,0,22,0,0,0,0,0,0,0,5,0,38,0,19,0,15,0,103,1,0,53,86,9,20,0,0,8,0,0,0,0,0,0,0,0,0,0,0,0,0,0,0,0,0,0,0,0,0,0,0,0,0,0,0,0,0,0,0,90,0,0,0,256,41,155,0,0,0,0
103,62,211,25,43,10,14,4,0,0,15,0,6,0,69,15,0,12,89,0,353,0,192,21,175,22,67,0,196,0,87,0,43,0,32,0,0,0,267,0,0,0,0,0,31,0,0,0,0,0,0,0,77,0,27,0,18,0,0,0,0,0,200,2,0,0,2,0,0,0,28,0,0,0,21,0,0,0,0,0,36,0,0,0,307,0,32,0,0,0,72,0,0,0,0,0,276,0,95,0,0,0,0,0,0,0,0,0,0,0,0,0,0,0,0,0,0,0,0,0,0,0,78,0,0,0,0,0,80,0,0,0,159,0,147,0,554,0,51,0,112,0,926,0,12,0,0,0,17,0,0,0,44,0,57,0,2,0,16,0,15,0,0,0,2,0,0,0,26,0,0,0,53,0,0,0,16,9,0,1,0,0,40,0,0,0,0,0,0,0,0,0,0,0,0,0,0,0,0,0,126,0,0,0,2,0,0,0,0,0,93,15,111,44,38,0,2,0,0,0,0,0,0,0,0
67,69,50,51,0,16,69,131,54,5,0,68,1,3,0,74,12,0,0,45,0,152,19,124,85,54,0,29,0,188,0,27,0,37,0,0,0,6,0,196,0,0,0,0,0,0,0,0,0,0,0,0,0,95,7,116,0,123,0,0,1,160,11,550,0,0,0,0,0,0,0,0,0,0,0,0,0,0,0,0,0,0,0,0,0,19,0,0,0,0,0,0,0,0,0,0,0,0,0,0,0,0,0,0,0,0,0,0,0,0,0,0,0,0,0,0,0,0,0,0,0,0,0,0,0,0,0,157,0,456,0,0,0,147,0,265,0,753,0,224,0,43,0,259,0,0,0,0,0,0,0,0,0,0,0,91,0,0,0,58,0,17,0,0,0,2,0,0,0,12,0,7,1,62,0,0,16,28,0,21,0,0,2,9,0,0,0,0,0,0,0,0,0,0,0,0,0,0,0,0,0,0,0,0,0,0,0,0,1,209,0,0,0,0,39,0,0,0,98,98,123,0,0,0,0
65,0,105,0,379,152,0,0,52,0,90,0,59,532,377,21,89,0,0,503,246,258,175,0,44,0,109,605,0,0,39,0,12,0,146,39,69,14,0,0,8,85,223,18,64,101,16,310,9,0,442,0,0,0,0,0,0,0,0,0,0,0,0,0,0,0,0,0,0,0,0,0,0,0,0,0,0,0,0,0,0,0,0,0,0,0,0,0,0,0,0,0,0,0,0,0,0,0,0,0,0,0,0,0,0,0,0,0,0,0,0,0,0,0,0,0,0,0,0,0,0,0,0,0,0,0,0,0,0,0,0,0,0,0,0,0,0,0,0,0,0,1,0,0,0,0,0,0,0,0,0,0,0,0,0,0,0,0,0,0,0,0,0,0,63,0,34,0,120,0,0,0,0,0,0,0,92,58,83,3,0,0,77,0,0,0,32,51,0,0,0,0,0,0,0,0,0,0,0,0,0,0,0,0,0,0,0,0,0,0,66,93,331,0,37,0,0,0,0,0,3,0,0,0,0
0,119,0,94,563,472,0,20,0,24,82,74,287,87,535,20,0,45,503,0,0,494,0,155,0,41,82,375,0,0,0,203,0,176,0,267,0,524,0,0,0,16,0,50,0,88,1,162,0,35,0,184,0,0,0,0,0,0,0,0,0,0,0,0,0,32,0,0,0,0,0,0,0,0,0,0,0,0,0,0,0,0,0,0,0,0,0,0,0,0,0,0,0,0,0,0,0,0,0,0,0,0,0,0,0,1,0,0,0,0,0,0,0,0,0,0,0,0,0,0,0,0,0,0,0,0,0,105,0,0,0,0,0,0,0,0,0,0,0,0,0,0,0,165,0,32,0,21,0,18,0,0,0,17,0,4,1,0,0,0,0,0,0,0,0,9,0,121,0,0,0,0,0,48,0,0,74,282,28,28,0,0,0,14,0,0,0,31,0,0,0,0,0,0,0,0,0,0,0,0,0,0,0,0,0,0,0,0,0,0,0,0,0,0,0,0,0,0,131,54,176,0,0,0,0
11,0,85,0,122,0,0,0,0,0,106,6,40,21,192,23,353,0,246,0,0,57,176,0,42,0,244,0,71,0,168,0,72,0,126,0,86,0,16,0,0,0,45,0,54,0,29,0,4,0,205,0,11,0,0,0,0,0,7,0,0,0,112,0,0,0,0,0,0,0,134,0,0,0,88,0,0,0,0,0,0,0,0,0,483,0,85,0,0,0,134,0,0,0,0,0,475,0,0,0,0,0,0,0,0,0,0,0,0,0,0,0,0,0,0,0,0,0,0,0,177,0,197,0,0,0,0,0,0,0,0,0,0,0,0,0,0,0,47,0,102,0,617,0,85,0,0,0,0,0,0,0,0,0,10,0,0,0,0,0,0,0,15,0,53,0,350,0,172,0,0,0,117,0,0,0,0,0,32,0,2,0,0,0,0,0,0,8,0,0,0,0,0,0,0,0,0,0,0,0,0,0,0,0,0,0,0,0,0,0,144,106,430,33,101,0,0,0,0,0,0,0,0,0,0
0,34,0,20,293,218,0,0,0,6,51,40,107,70,410,276,0,152,258,494,57,0,0,316,0,37,38,243,0,70,0,62,0,30,0,65,0,11,0,6,0,0,5,18,0,101,0,0,0,58,0,60,0,22,0,30,0,0,0,5,0,0,0,114,0,0,0,0,0,0,0,0,0,0,0,0,0,0,0,0,0,0,0,0,0,80,0,14,0,0,0,0,0,0,0,0,0,0,0,0,0,0,0,0,0,0,0,0,0,0,0,0,0,0,0,0,0,0,0,0,0,0,0,4,0,0,0,0,0,169,0,0,0,0,0,0,0,534,0,166,0,314,0,684,0,33,0,0,0,0,0,0,0,0,0,0,0,0,0,0,0,0,0,7,0,6,0,39,0,74,0,0,0,40,0,0,10,64,7,32,0,0,0,0,0,0,1,16,0,0,0,0,0,0,0,0,0,0,0,0,0,0,0,0,0,0,0,0,0,0,0,0,0,0,140,0,0,0,346,229,211,68,0,0,0
29,117,505,59,98,178,17,0,10,0,37,87,0,0,216,133,192,19,175,0,176,0,0,61,188,7,124,0,36,2,65,0,32,6,10,0,11,0,55,5,0,0,0,0,8,0,18,0,2,0,0,0,19,0,107,0,18,0,0,0,0,0,20,1,7,0,0,0,0,0,27,0,0,0,0,0,0,0,0,0,0,0,0,0,156,0,0,0,0,0,0,0,0,0,0,0,0,0,46,0,0,0,0,0,0,0,0,0,0,0,0,0,0,0,0,0,0,0,0,0,0,0,0,0,57,0,0,0,0,0,0,0,70,0,283,0,431,0,0,0,28,0,427,0,6,0,0,0,34,0,0,0,98,0,52,0,0,0,0,0,0,0,0,0,0,0,16,0,22,0,0,0,47,0,0,0,134,65,0,5,0,0,16,0,17,0,0,0,0,0,0,0,0,0,0,0,0,0,0,0,0,0,0,0,0,0,0,0,117,0,123,13,69,0,35,0,0,0,0,0,0,0,0,0,0
112,83,100,210,40,85,81,16,0,0,15,88,2,5,46,430,21,124,0,155,0,316,61,0,109,83,0,63,0,158,0,82,0,71,0,10,0,13,0,50,0,3,0,0,0,0,0,0,0,29,0,0,0,10,0,80,0,37,0,0,0,15,4,123,0,0,0,0,0,0,0,0,0,0,0,0,0,0,0,0,0,0,0,0,0,40,0,6,0,0,0,0,0,0,0,0,0,0,0,0,0,0,0,0,0,0,0,0,0,0,0,0,0,0,0,0,0,0,0,0,0,12,0,2,0,0,0,0,0,185,0,46,0,0,0,338,0,596,0,65,0,42,0,251,0,0,0,0,0,0,0,0,5,0,0,13,0,0,0,0,0,0,0,0,0,0,0,7,0,0,1,0,0,31,0,0,33,47,0,54,0,0,8,3,0,0,0,1,0,0,0,0,0,0,0,0,0,0,0,0,0,0,0,0,0,0,0,0,0,0,2,0,0,0,41,0,0,0,214,78,64,0,0,0,0
91,367,331,60,0,9,386,57,46,39,0,30,0,0,24,21,175,85,44,0,42,0,188,109,0,152,0,0,54,0,7,0,0,0,0,0,2,0,65,0,0,0,0,0,0,0,9,0,0,0,0,0,64,25,181,18,39,0,0,0,0,0,28,60,0,0,0,0,0,0,0,0,0,0,4,0,0,0,3,0,0,0,0,0,0,0,0,0,0,0,0,0,0,0,0,0,0,0,0,0,0,0,0,0,0,0,0,0,0,0,0,0,0,0,0,0,0,0,0,0,0,0,0,0,70,0,59,0,0,0,0,0,153,0,271,0,368,0,0,0,19,0,244,0,1,0,19,0,0,0,0,0,31,0,42,0,2,0,10,0,12,0,0,0,0,0,0,0,0,0,15,0,57,0,0,0,74,27,0,2,0,0,36,0,0,1,0,0,0,0,0,0,0,0,0,0,0,0,0,0,0,0,0,0,0,0,0,0,128,0,68,7,81,0,73,0,17,0,0,0,0,3,0,0,0
85,82,0,101,0,8,148,236,159,34,0,8,0,0,0,93,22,54,0,41,0,37,7,83,152,0,0,0,0,34,0,7,0,0,0,3,0,0,2,69,0,0,0,0,0,0,0,0,0,0,0,0,31,54,66,319,0,97,4,20,0,151,30,349,0,18,0,0,0,0,0,0,0,0,0,0,0,0,0,0,0,0,0,0,0,17,0,0,0,0,0,0,0,0,0,9,0,0,0,0,0,0,0,0,0,0,0,0,0,0,0,0,0,0,0,0,0,0,0,0,0,0,0,0,0,0,0,275,0,113,0,97,0,90,0,181,0,336,0,0,0,8,0,43,0,1,0,0,0,25,0,0,0,0,0,10,0,2,0,18,0,0,0,7,0,9,0,0,0,23,0,18,6,97,0,0,41,88,0,0,0,0,10,9,0,0,0,0,0,0,0,0,0,0,0,0,0,0,0,0,0,0,0,0,0,0,0,0,0,330,0,0,0,0,141,0,0,0,289,60,183,94,0,0,0
37,0,54,0,281,0,0,0,0,0,49,0,231,156,83,3,67,0,109,82,244,38,124,0,0,0,0,230,0,0,68,0,30,0,77,0,43,0,0,0,27,109,137,9,291,105,53,339,16,0,145,0,0,0,0,0,0,0,0,0,0,0,24,0,0,0,0,0,0,0,71,0,0,0,35,0,0,0,0,0,0,0,0,0,0,0,0,0,0,0,0,0,0,0,0,0,0,0,0,0,0,0,0,0,0,0,0,0,0,0,0,0,0,0,0,0,0,0,0,0,0,0,0,0,0,0,0,0,0,0,0,0,0,0,0,0,0,0,0,0,0,0,0,0,0,0,0,0,0,0,0,0,0,0,0,0,0,0,0,0,0,0,0,0,78,0,0,0,0,0,0,0,0,0,0,0,84,40,105,0,0,0,31,0,0,0,52,4,0,0,0,0,0,0,0,0,0,0,0,0,0,0,0,0,0,0,0,0,0,0,0,95,225,0,0,0,0,2,0,0,0,0,0,0,0
2,58,0,37,289,311,0,0,0,0,0,88,512,184,49,83,0,29,605,375,0,243,0,63,0,0,230,0,0,0,0,19,0,0,0,40,0,28,0,14,0,44,0,184,51,285,0,137,0,10,0,323,0,0,0,0,0,0,0,0,0,12,0,0,0,0,0,0,0,0,0,0,0,0,0,0,0,0,0,0,0,0,0,0,0,20,0,7,0,0,0,0,0,0,0,0,0,0,0,0,0,0,0,0,0,0,0,0,0,0,0,0,0,0,0,0,0,0,0,0,0,0,0,0,0,0,0,0,0,0,0,0,0,0,0,0,0,0,0,0,0,0,0,0,0,0,0,0,0,0,0,0,0,0,0,9,0,0,0,0,0,0,0,0,0,58,0,14,0,84,0,0,0,0,0,0,56,234,6,18,0,0,0,9,0,0,16,25,0,0,0,0,0,0,0,0,0,0,0,0,0,0,0,0,0,0,0,0,0,0,0,0,0,0,42,0,0,0,0,246,403,0,0,0,3
36,0,353,2,0,0,22,0,0,0,7,0,0,0,19,0,196,0,0,0,71,0,36,0,54,0,0,0,0,0,61,0,31,0,29,0,33,0,15,0,0,0,12,0,0,0,0,0,0,0,0,0,13,0,0,0,0,0,0,0,6,0,83,0,0,0,0,0,0,0,29,0,0,0,12,0,0,0,0,0,0,0,0,0,100,0,0,0,0,0,0,0,8,0,0,0,89,0,0,0,0,0,0,0,0,0,0,0,0,0,0,0,0,0,0,0,0,0,0,0,0,0,59,0,0,0,0,0,0,0,0,0,0,0,0,0,120,0,137,0,151,0,296,0,46,0,0,0,0,0,0,0,0,0,23,0,11,0,13,0,0,0,0,0,0,0,0,0,0,0,0,0,0,0,0,0,0,0,0,0,0,0,7,0,0,0,0,0,0,0,0,0,0,0,0,0,0,0,0,0,0,0,0,0,0,0,0,0,0,0,14,8,6,0,0,0,0,0,0,0,0,0,0,0,0
0,0,0,58,0,94,0,0,0,0,0,30,0,0,0,147,0,188,0,0,0,70,2,158,0,34,0,0,0,0,0,27,0,36,0,37,0,6,0,20,0,0,0,0,0,9,0,0,0,0,0,0,0,44,0,37,0,0,0,0,0,10,0,257,0,0,0,0,0,0,0,0,0,0,0,0,0,0,0,0,0,0,0,0,0,28,0,0,0,0,0,0,0,0,0,0,0,0,0,0,0,0,0,0,0,0,0,0,0,0,0,0,0,0,0,0,0,0,0,0,0,0,0,0,0,0,0,0,0,268,0,0,0,0,0,197,0,503,0,209,0,233,0,489,0,0,0,0,0,0,0,0,0,0,0,30,0,5,0,28,0,0,0,0,0,0,0,0,0,0,0,0,0,5,0,0,1,4,0,18,0,0,0,0,0,0,0,0,0,0,0,0,0,0,0,0,0,0,0,0,0,0,0,0,0,0,0,0,0,0,0,0,0,0,0,0,0,0,43,15,0,0,0,0,0
22,0,260,0,394,0,0,0,0,0,116,0,22,0,343,17,87,0,39,0,168,0,65,0,7,0,68,0,61,0,0,0,18,0,75,0,33,0,0,0,0,0,42,0,39,0,11,0,0,0,33,0,0,0,0,0,0,0,0,0,4,0,32,0,0,0,0,0,0,0,21,0,0,0,0,0,0,0,0,0,0,0,0,0,0,0,16,0,0,0,0,0,0,0,0,0,79,0,0,0,0,0,0,0,0,0,0,0,0,0,0,0,0,0,0,0,0,0,0,0,0,0,0,0,0,0,0,0,0,0,0,0,0,0,0,0,0,0,0,0,0,0,177,0,33,0,0,0,0,0,0,0,0,0,6,0,0,0,0,0,0,0,0,0,0,0,9,0,0,0,0,0,0,0,0,0,11,0,28,0,0,0,0,0,0,0,0,0,0,0,0,0,0,0,0,0,0,0,0,0,0,0,0,0,0,0,0,0,0,0,0,0,42,0,0,0,0,0,0,0,0,0,0,0,0
0,0,0,0,0,121,0,1,0,4,2,24,0,0,11,154,0,27,0,203,0,62,0,82,0,7,0,19,0,27,0,0,1,3,0,34,0,20,0,31,0,0,0,8,0,4,0,0,0,0,0,13,0,11,0,0,0,0,0,0,0,7,0,55,0,0,0,0,0,0,0,0,0,0,0,0,0,0,0,0,0,0,0,0,0,0,0,0,0,0,0,0,0,0,0,0,0,0,0,0,0,0,0,0,0,0,0,0,0,0,0,0,0,0,0,0,0,0,0,0,0,0,0,0,0,0,0,0,0,0,0,0,0,0,0,0,0,98,0,70,0,153,0,218,0,0,0,0,0,0,0,0,0,0,0,0,0,18,0,10,0,0,0,2,0,0,0,56,0,0,0,0,0,41,0,0,0,0,0,15,0,0,0,0,0,0,0,1,0,0,0,0,0,0,0,0,0,0,0,0,0,0,0,0,0,0,0,0,0,0,0,0,0,0,0,0,0,0,0,35,95,0,0,2,0
57,0,345,0,606,0,10,0,0,0,293,0,0,0,252,9,43,0,12,0,72,0,32,0,0,0,30,0,31,0,18,1,0,0,51,0,239,0,0,0,0,0,32,0,43,0,7,0,0,0,35,0,2,0,0,0,0,0,0,0,17,0,0,0,0,0,0,0,0,0,14,0,0,0,0,0,0,0,0,0,0,0,0,0,45,0,0,0,0,0,12,0,0,0,0,0,30,0,0,0,0,0,0,0,0,0,0,0,0,0,0,0,0,0,0,0,0,0,0,0,0,0,0,0,0,0,0,0,0,0,0,0,0,0,0,0,0,0,0,0,0,0,81,0,23,0,0,0,0,0,0,0,0,0,7,0,13,0,0,0,0,0,0,0,0,0,40,0,5,0,0,0,16,0,0,0,16,0,44,0,0,0,11,0,0,0,0,0,0,0,0,0,0,0,0,0,0,0,0,0,0,0,0,0,0,0,0,0,0,0,0,0,39,0,0,0,0,0,0,0,0,0,0,0,0
0,57,0,48,0,389,0,0,0,0,0,112,0,0,0,258,0,37,0,176,0,30,6,71,0,0,0,0,0,36,0,3,0,0,0,53,0,402,0,11,1,0,0,10,0,12,0,0,0,6,0,13,0,10,0,8,0,0,0,0,0,26,0,29,0,0,0,0,0,0,0,0,0,0,0,0,0,0,0,0,0,0,0,0,0,0,0,0,0,0,0,0,0,0,0,0,0,0,0,0,0,0,0,0,0,0,0,0,0,0,0,0,0,0,0,0,0,0,0,0,0,0,0,0,0,0,0,0,0,0,0,0,0,0,0,0,0,0,0,81,0,138,0,101,0,31,0,0,0,0,0,0,0,0,0,0,0,30,0,11,0,0,0,1,0,0,0,61,0,12,0,6,0,28,0,0,2,34,0,123,0,0,0,0,0,0,0,3,0,0,0,0,0,0,0,0,0,0,0,0,0,0,0,0,0,0,0,0,0,0,0,0,0,0,0,0,0,0,60,46,73,0,0,0,0
0,0,0,0,288,0,0,0,0,0,68,0,106,0,159,0,32,0,146,0,126,0,10,0,0,0,77,0,29,0,75,0,51,0,0,0,158,0,2,0,1,0,34,0,55,0,7,0,2,0,30,0,0,0,0,0,0,0,0,0,0,0,13,0,0,0,0,0,0,0,27,0,0,0,0,0,0,0,0,0,0,0,0,0,0,0,0,0,0,0,0,0,0,0,0,0,0,0,0,0,0,0,0,0,0,0,0,0,0,0,0,0,0,0,0,0,0,0,0,0,45,0,48,0,0,0,0,0,0,0,0,0,0,0,0,0,0,0,0,0,0,0,128,0,36,0,0,0,0,0,0,0,0,0,0,0,0,0,0,0,0,0,0,0,7,0,18,0,0,0,0,0,6,0,0,0,0,0,103,0,0,0,0,0,0,0,3,0,0,0,0,0,0,0,0,0,0,0,0,0,0,0,0,0,0,0,0,0,0,0,16,8,45,0,0,0,0,0,0,0,0,0,0,0,0
0,0,0,0,0,124,0,0,0,0,0,11,0,98,31,30,0,0,39,267,0,65,0,10,0,3,0,40,0,37,0,34,0,53,0,0,0,320,0,54,0,0,0,17,0,19,0,0,0,0,0,24,0,0,0,0,0,0,0,0,0,27,0,8,0,0,0,0,0,0,0,0,0,0,0,0,0,0,0,0,0,0,0,0,0,0,0,0,0,0,0,0,0,0,0,0,0,0,0,0,0,0,0,0,0,0,0,0,0,0,0,0,0,0,0,0,0,0,0,0,0,0,0,0,0,0,0,0,0,0,0,0,0,0,0,0,0,0,0,58,0,84,0,0,0,21,0,0,0,0,0,0,0,0,0,0,0,15,0,0,0,0,0,0,0,14,0,55,0,55,0,0,0,22,0,0,0,0,0,7,0,0,0,0,0,0,0,29,0,0,0,0,0,0,0,0,0,0,0,0,0,0,0,0,0,0,0,0,0,0,0,0,0,0,20,0,0,0,75,86,187,0,0,0,0
90,0,100,0,412,0,0,0,0,0,177,0,83,0,175,0,0,0,69,0,86,0,11,0,2,0,43,0,33,0,33,0,239,0,158,0,0,0,46,0,0,0,41,0,98,0,10,0,4,0,113,0,5,0,0,0,0,0,0,0,50,0,29,0,0,0,0,0,0,0,111,0,0,0,62,0,0,0,0,0,0,0,0,0,167,0,0,0,0,0,0,0,0,0,0,0,165,0,159,0,0,0,0,0,0,0,0,0,0,0,0,0,0,0,0,0,0,0,0,0,127,0,109,0,0,0,0,0,0,0,0,0,0,0,0,0,0,0,171,0,143,0,314,0,178,0,0,0,0,0,0,0,0,0,16,0,55,0,17,0,16,0,28,0,12,0,41,0,50,0,39,0,45,0,0,0,12,0,119,0,0,0,9,0,0,0,5,1,0,0,0,0,0,0,0,0,0,0,0,0,0,0,0,0,0,0,0,0,0,0,13,11,62,0,0,0,2,0,0,0,0,0,0,0,0
1,97,0,51,0,367,0,0,0,0,0,184,0,96,0,77,0,6,14,524,0,11,0,13,0,0,0,28,0,6,0,20,0,402,0,320,0,0,0,20,0,0,0,22,0,42,0,0,0,8,0,89,0,7,0,0,0,0,0,0,0,57,0,41,0,0,0,0,0,0,0,0,0,0,0,0,0,0,0,0,0,0,0,0,0,0,0,0,0,0,0,0,0,0,0,0,0,0,0,1,0,0,0,0,0,0,0,0,0,0,0,0,0,0,0,0,0,0,0,0,0,0,0,0,0,3,0,0,0,83,0,0,0,0,0,0,0,0,0,145,0,200,0,92,0,72,0,0,0,0,0,0,0,0,0,18,0,47,0,0,0,0,0,0,0,7,0,54,0,67,0,16,0,102,0,0,7,71,0,69,0,0,0,0,1,0,0,25,0,0,0,0,0,0,0,0,0,0,0,0,0,0,0,0,0,0,0,0,0,0,0,0,0,0,13,0,0,0,54,172,94,0,1,0,0
541,0,898,0,0,0,192,0,32,0,0,0,0,0,0,0,267,0,0,0,16,0,55,0,65,2,0,0,15,0,0,0,0,0,2,0,46,0,0,0,0,0,0,0,7,0,0,0,0,0,3,0,13,0,0,0,0,0,0,0,43,0,105,0,0,0,0,0,0,0,6,0,0,0,4,0,0,0,0,0,0,0,0,0,0,0,0,0,0,0,0,0,0,0,0,0,0,0,0,0,0,0,0,0,0,0,0,0,0,0,0,0,0,0,0,0,0,0,0,0,0,0,0,0,0,0,0,0,0,0,0,0,0,0,0,0,24,0,94,0,65,0,92,0,39,0,0,0,0,0,0,0,0,0,24,0,74,0,17,0,0,0,0,0,0,0,57,0,0,0,3,0,117,0,0,0,19,0,7,0,0,0,49,0,0,0,0,0,0,0,0,0,0,0,0,0,0,0,0,0,0,0,0,0,0,0,0,0,6,0,106,55,20,0,20,0,0,0,0,0,0,0,0,0,0
0,168,0,283,0,130,0,0,0,0,0,134,0,0,0,145,0,196,0,0,0,6,5,50,0,69,0,14,0,20,0,31,0,11,0,54,0,20,0,0,0,0,0,3,0,0,0,0,0,0,0,23,0,24,0,21,0,0,0,0,0,16,0,80,0,0,0,0,0,0,0,0,0,0,0,0,0,0,0,0,0,0,0,0,0,12,0,0,0,0,0,0,0,0,0,0,0,0,0,0,0,0,0,0,0,0,0,0,0,0,0,0,0,0,0,0,0,0,0,0,0,0,0,0,0,0,0,0,0,39,0,0,0,0,0,0,0,0,0,107,0,72,0,52,0,36,0,0,0,0,0,0,0,0,0,32,0,68,0,0,0,0,0,3,0,0,0,6,0,0,0,0,0,22,0,0,0,23,0,30,0,0,0,0,0,0,0,0,0,0,0,0,0,0,0,0,0,0,0,0,0,0,0,0,0,0,0,0,0,0,0,0,0,0,9,0,0,0,21,71,4,0,0,2,0
0,0,0,0,0,0,0,0,0,0,15,0,293,22,15,0,0,0,8,0,0,0,0,0,0,0,27,0,0,0,0,0,0,1,1,0,0,0,0,0,0,51,36,1,39,57,132,142,77,22,17,0,0,0,0,0,0,0,0,0,0,0,0,0,0,0,0,0,0,0,0,0,0,0,0,0,0,0,0,0,0,0,0,0,0,0,0,0,0,0,0,0,0,0,0,0,0,0,0,0,0,0,0,0,0,0,0,0,0,0,0,0,0,0,0,0,0,0,0,0,0,0,0,0,0,0,0,0,0,0,0,0,3,0,0,0,0,0,0,0,0,0,0,0,0,0,0,0,0,0,0,0,0,0,0,0,0,0,0,0,0,0,0,0,24,0,0,0,0,0,0,0,0,0,0,0,48,54,49,0,0,0,0,0,0,0,235,0,0,0,0,0,0,0,0,0,0,0,0,0,0,0,0,0,0,0,0,0,0,0,0,67,31,0,0,0,0,3,0,0,0,0,0,0,0
0,41,0,0,25,150,0,0,0,5,0,174,121,259,0,0,0,0,85,16,0,0,0,3,0,0,109,44,0,0,0,0,0,0,0,0,0,0,0,0,51,0,0,74,30,104,40,153,0,185,0,23,0,0,0,0,0,0,0,0,0,0,0,0,0,0,0,0,0,0,0,0,0,0,0,0,0,0,0,0,0,0,0,0,0,0,0,3,0,0,0,0,0,0,0,6,0,0,0,0,0,0,0,0,0,0,0,0,0,0,0,0,0,0,0,0,0,0,0,0,0,0,0,0,0,0,0,0,0,0,0,0,0,0,0,0,0,4,0,0,0,0,0,0,0,0,0,2,0,0,0,0,0,0,0,0,0,0,0,0,0,0,0,0,0,23,0,0,0,0,0,0,0,0,0,0,14,391,0,52,0,39,0,25,0,11,25,22,0,0,0,0,0,0,0,0,0,0,0,0,0,0,0,0,0,0,0,0,0,0,0,0,0,0,0,0,0,0,0,97,43,0,0,0,12
1,0,0,0,61,0,0,0,0,0,0,0,193,0,0,0,0,0,223,0,45,5,0,0,0,0,137,0,12,0,42,0,32,0,34,0,41,0,0,0,36,0,0,0,222,0,94,6,27,0,67,0,2,0,0,0,0,0,0,0,3,0,0,0,0,0,0,0,0,0,0,0,0,0,0,0,0,0,0,0,0,0,0,0,0,0,0,0,0,0,0,0,0,0,0,0,0,0,0,0,0,0,0,0,0,0,0,0,0,0,0,0,0,0,0,0,0,0,0,0,0,0,0,0,0,0,0,0,0,0,0,0,0,0,0,0,0,0,0,0,0,0,0,0,0,0,0,0,0,0,0,0,0,0,0,0,0,0,0,0,0,0,0,0,44,0,7,0,0,0,4,0,0,0,0,0,18,0,75,0,0,0,4,0,0,0,41,0,0,0,0,0,0,0,0,0,0,0,0,0,0,0,0,0,0,0,0,0,0,0,0,38,85,8,0,0,0,1,0,0,0,0,0,0,0
0,0,0,0,0,0,0,0,0,0,0,0,15,168,0,0,0,0,18,50,0,18,0,0,0,0,9,184,0,0,0,8,0,10,0,17,0,22,0,3,1,74,0,0,1,147,0,24,0,7,0,41,0,0,0,0,0,0,0,0,0,0,0,3,0,0,0,0,0,0,0,0,0,0,0,0,0,0,0,0,0,0,0,0,0,0,0,0,0,0,0,0,0,0,0,0,0,0,0,0,0,0,0,0,0,0,0,0,0,0,0,0,0,0,0,0,0,0,0,0,0,0,0,0,0,0,0,0,0,0,0,0,0,0,0,0,0,0,0,31,0,54,0,0,0,0,0,0,0,0,0,0,0,0,0,0,0,0,0,0,0,0,0,0,0,25,0,0,0,21,0,0,0,0,0,0,0,0,0,0,0,0,0,0,0,0,0,78,0,0,0,0,0,0,0,0,0,0,0,0,0,0,0,0,0,0,0,0,0,0,0,0,0,0,11,0,0,0,19,68,144,0,0,0,0
8,0,0,0,68,0,0,0,0,0,0,0,272,22,0,0,31,0,64,0,54,0,8,0,0,0,291,51,0,0,39,0,43,0,55,0,98,0,7,0,39,30,222,1,0,43,133,108,240,27,156,0,0,0,5,0,2,0,0,0,0,0,21,0,0,0,1,0,0,0,55,0,0,0,0,0,0,0,0,0,0,0,14,0,0,0,0,0,0,0,0,0,18,0,0,0,0,0,0,0,0,0,0,0,0,0,0,0,0,0,0,0,0,0,0,0,1,0,0,0,0,0,72,0,0,0,0,0,0,0,0,0,0,0,0,0,0,0,0,0,0,0,0,0,95,0,0,0,0,0,0,0,0,0,0,0,0,0,0,0,0,0,11,0,177,0,0,0,29,0,13,0,23,0,0,0,123,28,140,0,0,0,31,0,14,0,125,0,0,0,0,0,0,0,0,0,0,0,0,0,0,0,0,0,0,0,0,0,0,0,22,143,205,0,8,0,0,67,0,1,0,0,0,0,0
0,23,0,8,24,39,0,0,0,0,0,31,133,92,0,21,0,0,101,88,0,101,0,0,0,0,105,285,0,9,0,4,0,12,0,19,0,42,0,0,57,104,0,147,43,0,74,422,7,88,0,106,0,0,0,0,0,0,0,1,0,0,0,17,0,0,0,0,0,6,0,0,0,0,0,6,0,14,0,0,0,0,0,0,0,18,0,0,0,0,0,0,0,47,0,116,0,0,0,0,0,0,0,7,0,0,0,0,0,0,0,0,0,0,0,0,0,0,0,0,0,0,0,0,0,0,0,0,0,0,0,0,0,0,0,0,0,0,0,0,0,215,0,261,0,44,0,0,0,0,0,2,0,0,0,0,0,41,0,0,0,0,0,0,0,215,0,28,0,140,0,20,0,29,0,0,0,130,0,22,0,0,0,0,0,0,38,62,0,0,0,0,0,0,0,0,0,0,0,0,0,0,0,0,0,0,0,0,0,0,0,0,0,0,13,0,0,0,45,291,279,16,0,0,74
0,0,0,0,0,0,0,0,0,0,0,0,311,12,12,0,0,0,16,1,29,0,18,0,9,0,53,0,0,0,11,0,7,0,7,0,10,0,0,0,132,40,94,0,133,74,0,124,83,42,55,0,0,0,0,0,0,0,0,0,0,0,0,0,0,0,0,0,0,0,0,0,0,0,0,0,0,0,0,0,0,0,0,0,0,0,0,0,0,0,0,0,0,0,0,0,0,0,0,0,0,0,0,0,0,0,0,0,0,0,0,0,0,0,0,0,0,0,0,0,0,0,0,0,0,0,0,0,0,0,0,0,0,0,0,0,0,0,0,0,0,0,0,0,0,0,0,0,0,0,0,0,0,0,0,0,0,0,0,0,0,0,0,0,49,0,0,0,0,0,0,0,0,0,0,0,32,20,49,0,0,0,0,0,0,0,245,1,0,0,0,0,0,0,0,0,0,0,0,0,0,0,0,0,0,0,0,0,0,0,0,135,51,3,0,0,0,23,0,0,0,0,0,0,0
0,48,0,0,0,206,0,0,0,0,0,84,415,181,0,0,0,0,310,162,0,0,0,0,0,0,339,137,0,0,0,0,0,0,0,0,0,0,0,0,142,153,6,24,108,422,124,0,15,47,0,37,0,0,0,4,0,2,0,0,0,0,0,0,0,0,0,0,0,2,0,0,0,0,0,0,0,0,0,0,0,0,0,0,0,0,0,0,0,0,0,0,0,0,0,0,0,0,0,0,0,0,0,0,0,0,0,0,0,0,0,0,0,0,0,0,0,0,0,0,0,0,0,0,0,0,0,0,0,0,0,6,0,0,0,0,0,0,0,0,0,0,0,0,0,0,0,0,0,0,0,0,0,0,0,0,0,0,0,0,0,0,0,0,0,37,0,0,0,0,0,0,0,0,0,0,16,294,0,10,0,0,0,0,0,0,82,26,0,0,0,0,0,0,0,0,0,0,0,0,0,0,0,0,0,0,0,0,0,0,0,0,0,0,0,0,0,0,2,208,97,0,0,0,14
13,0,16,0,6,0,29,0,5,0,5,0,72,0,5,0,0,0,9,0,4,0,2,0,0,0,16,0,0,0,0,0,0,0,2,0,4,0,0,0,77,0,27,0,240,7,83,15,0,12,13,0,0,0,4,0,0,0,0,0,3,0,1,0,0,0,0,0,18,0,0,0,0,0,0,0,1,0,0,0,0,0,7,0,1,0,0,0,0,0,0,0,26,0,30,0,0,0,0,0,0,0,9,0,4,0,0,0,0,0,0,0,0,0,0,0,0,0,0,0,0,0,0,0,0,0,0,0,0,0,0,0,0,0,0,0,2,0,0,0,0,0,0,0,2,0,0,0,0,0,0,0,0,0,1,0,1,0,0,0,2,0,3,0,63,0,3,0,16,0,5,0,11,0,0,0,288,11,117,0,0,0,0,0,0,0,256,0,0,0,0,0,3,0,0,0,4,0,0,0,3,0,0,1,5,0,0,0,0,0,19,75,112,10,86,16,5,32,1,1,0,4,0,0,0
0,7,0,0,2,9,0,0,0,2,0,41,0,53,0,26,0,0,0,35,0,58,0,29,0,0,0,10,0,0,0,0,0,6,0,0,0,8,0,0,22,185,0,7,27,88,42,47,12,0,0,3,0,0,0,5,0,0,0,0,0,0,0,25,0,0,0,0,0,14,0,0,0,0,0,0,0,13,0,0,0,0,0,38,0,22,0,0,0,0,0,0,0,92,0,84,0,0,0,0,0,0,0,6,0,0,0,0,0,0,0,0,0,0,0,0,0,0,0,0,0,0,0,0,0,0,0,0,0,0,0,0,0,0,0,0,0,0,0,0,0,114,0,223,0,23,0,0,0,0,0,0,0,0,0,4,0,11,0,0,0,0,0,0,0,69,0,18,0,39,0,8,0,13,0,0,0,259,0,25,0,21,0,8,0,0,35,56,0,0,0,0,0,0,0,0,0,0,0,0,0,0,0,0,0,12,0,0,0,0,0,0,0,0,12,0,0,0,29,57,63,6,2,0,30
3,0,0,0,235,0,2,0,0,0,31,0,265,0,42,0,0,0,442,0,205,0,0,0,0,0,145,0,0,0,33,0,35,0,30,0,113,0,3,0,17,0,67,0,156,0,55,0,13,0,0,0,0,0,0,0,0,0,10,0,0,0,0,0,0,0,0,0,0,0,62,0,0,0,0,0,3,0,11,0,0,0,15,0,66,0,0,0,0,0,0,0,0,0,28,0,87,0,0,0,8,0,3,0,0,0,0,0,0,0,0,0,0,0,0,0,0,0,0,0,53,0,0,0,0,0,0,0,0,0,0,0,0,0,0,0,0,0,0,0,0,0,119,0,0,0,0,0,0,0,0,0,0,0,0,0,0,0,0,0,0,0,20,0,58,0,40,0,146,0,39,0,31,0,0,0,0,0,206,0,0,0,0,0,0,0,31,1,0,0,0,0,0,0,0,0,0,0,0,0,0,0,0,0,0,0,0,0,0,0,102,51,156,22,60,3,2,0,0,0,0,0,0,0,0
0,0,0,0,0,92,0,0,0,0,0,0,0,337,0,0,0,0,0,184,0,60,0,0,0,0,0,323,0,0,0,13,0,13,0,24,0,89,0,23,0,23,0,41,0,106,0,37,0,3,0,0,0,0,0,0,0,0,0,0,0,21,0,0,0,0,0,0,0,0,0,6,0,0,0,0,0,0,0,0,0,0,0,0,0,0,0,0,0,0,0,0,0,0,0,0,0,0,0,0,0,0,0,0,0,0,0,0,0,0,0,0,0,0,0,0,0,0,0,0,0,0,0,0,0,0,0,0,0,0,0,0,0,0,0,0,0,0,0,0,0,141,0,136,0,38,0,0,0,0,0,0,0,0,0,0,0,21,0,0,0,0,0,0,0,27,0,41,0,145,0,17,0,72,0,0,5,53,0,0,0,0,0,0,0,0,0,77,0,0,0,0,0,0,0,0,0,0,0,0,0,0,0,0,0,0,0,0,0,0,0,0,0,0,0,0,0,0,54,33,100,0,0,0,0
9,12,3,0,2,0,129,55,385,138,1,0,0,0,0,0,77,0,0,0,11,0,19,0,64,31,0,0,13,0,0,0,2,0,0,0,5,0,13,0,0,0,2,0,0,0,0,0,0,0,0,0,0,19,293,73,269,0,57,30,50,0,256,6,0,0,9,14,0,0,0,0,0,0,0,0,0,0,0,0,0,0,0,0,20,0,0,0,0,0,0,0,0,0,0,0,0,0,0,0,0,0,0,0,0,0,0,0,0,0,0,0,0,0,0,0,0,0,0,0,0,0,0,0,0,0,17,0,108,0,8,0,125,0,31,0,249,0,135,0,76,0,178,0,0,0,0,0,0,0,0,0,0,0,234,2,115,0,123,0,17,0,8,0,0,0,0,0,6,0,111,1,7,0,0,0,71,11,0,0,0,0,7,0,11,2,0,0,0,0,0,0,0,0,0,0,0,0,0,0,0,0,0,0,0,0,0,0,0,0,151,46,110,199,202,2,28,0,0,0,0,0,0,0,0
2,102,0,0,0,0,19,227,69,317,0,12,0,0,0,0,0,95,0,0,0,22,0,10,25,54,0,0,0,44,0,11,0,10,0,0,0,7,0,24,0,0,0,0,0,0,0,0,0,0,0,0,19,0,41,52,0,113,24,18,2,58,5,90,0,0,11,0,0,0,0,0,0,0,0,0,0,0,0,0,0,0,0,0,0,0,0,0,0,0,0,0,0,0,0,0,0,0,0,0,0,0,0,0,0,0,0,0,0,0,0,0,0,0,0,0,0,0,0,0,0,0,0,0,0,0,0,27,0,216,0,10,0,55,0,41,0,205,0,221,0,52,0,37,0,37,0,0,0,0,0,0,0,0,0,206,1,103,0,112,0,0,0,0,0,2,0,0,0,4,0,15,0,7,0,0,6,92,0,0,0,0,0,61,2,0,0,0,0,0,0,0,0,0,0,0,0,0,0,0,0,0,0,0,0,0,0,0,0,27,0,0,0,0,69,0,0,0,106,479,52,117,0,5,0
2,35,39,0,4,0,232,92,107,291,4,0,0,0,0,0,27,7,0,0,0,0,107,0,181,66,0,0,0,0,0,0,0,0,0,0,0,0,0,0,0,0,0,0,5,0,0,0,4,0,0,0,293,41,0,113,97,3,334,24,32,0,43,16,2,1,0,22,1,0,0,0,0,0,0,0,0,0,0,0,0,1,0,0,0,0,0,0,0,0,0,0,0,0,0,0,0,0,0,0,0,0,0,0,0,0,0,0,0,0,0,0,0,0,0,0,0,0,0,0,0,0,0,0,101,0,136,0,51,0,89,0,52,0,140,0,101,0,0,0,0,0,40,0,0,0,34,0,13,0,0,0,0,0,56,0,26,0,8,0,42,0,13,0,0,0,2,0,11,1,233,0,10,0,0,0,61,17,0,0,0,0,1,0,0,0,0,0,0,0,0,0,0,0,0,0,0,0,7,0,0,0,0,0,0,0,0,0,120,0,235,32,253,402,420,0,112,0,0,0,0,0,0,0,0
0,60,0,66,0,13,28,534,215,215,0,7,0,0,0,72,0,116,0,0,0,30,0,80,18,319,0,0,0,37,0,0,0,8,0,0,0,0,0,21,0,0,0,0,0,0,0,4,0,5,0,0,73,52,113,0,6,211,128,45,5,15,7,124,4,5,108,3,0,0,0,0,0,0,0,0,0,0,0,0,0,0,0,0,0,0,0,0,0,0,0,0,0,0,0,0,0,0,0,0,0,0,0,0,0,0,0,0,0,0,0,0,0,0,0,0,0,0,0,0,0,0,0,0,0,45,0,97,0,86,0,99,0,56,0,0,0,30,0,52,0,6,0,0,0,6,0,0,0,16,0,5,0,3,0,114,2,37,0,52,0,24,0,0,0,5,0,0,0,11,0,208,1,47,0,0,34,69,0,0,0,0,0,11,9,7,0,0,0,0,0,0,0,0,0,0,0,0,0,0,0,0,0,0,0,0,0,10,0,86,1,0,0,0,161,0,0,0,248,160,263,295,0,20,0
0,0,0,0,0,0,6,0,11,0,0,0,0,0,0,0,18,0,0,0,0,0,18,0,39,0,0,0,0,0,0,0,0,0,0,0,0,0,0,0,0,0,0,0,2,0,0,0,0,0,0,0,269,0,97,6,0,3,577,25,0,0,17,0,110,8,0,36,0,0,0,0,0,0,0,0,0,0,0,0,0,0,0,0,0,0,0,0,0,0,0,0,0,0,0,0,0,0,0,0,0,0,0,0,0,0,0,0,0,0,0,0,0,0,0,0,0,0,0,0,0,0,0,0,29,0,24,0,27,0,65,0,16,0,17,0,28,0,9,0,0,0,12,0,0,0,0,0,5,0,0,0,0,0,161,2,54,0,68,0,108,7,87,0,7,0,6,0,11,0,123,0,9,0,2,2,0,0,0,0,0,3,0,0,38,10,0,0,0,0,0,0,0,0,0,0,0,0,0,0,0,0,0,0,0,0,0,0,20,0,346,63,561,448,706,10,77,0,0,0,0,0,0,0,0
0,0,0,11,0,0,0,27,0,40,0,7,0,0,0,0,0,123,0,0,0,0,0,37,0,97,0,0,0,0,0,0,0,0,0,0,0,0,0,0,0,0,0,0,0,0,0,2,0,0,0,0,0,113,3,211,3,0,24,410,0,0,0,13,3,5,36,16,0,0,0,0,0,0,0,0,0,2,0,0,0,0,0,0,0,0,0,0,0,0,0,0,0,0,0,0,0,0,0,0,0,0,0,0,0,0,0,0,0,0,0,0,0,0,0,0,0,0,0,0,0,1,0,0,0,53,0,42,0,89,0,100,0,18,0,0,0,0,0,27,0,0,0,0,0,10,0,0,0,12,0,0,0,0,2,292,0,0,0,126,2,79,0,64,0,7,0,0,0,33,0,344,0,20,0,1,0,3,0,0,0,0,0,0,4,3,0,0,0,0,0,0,0,0,0,0,0,1,0,0,0,0,0,0,0,0,0,0,0,31,0,0,0,0,488,0,0,0,490,99,629,566,12,47,0
7,0,15,0,0,0,3,0,44,139,0,0,0,0,0,0,0,0,0,0,7,0,0,0,0,4,0,0,0,0,0,0,0,0,0,0,0,0,0,0,0,0,0,0,0,0,0,0,0,0,10,0,57,24,334,128,577,24,0,249,0,1,6,1,42,13,192,250,0,0,0,0,0,0,0,0,0,0,0,0,0,0,0,0,0,0,0,0,0,0,0,0,0,0,0,0,0,0,0,0,0,0,0,0,0,0,0,0,0,0,0,0,0,0,0,0,0,0,0,0,0,0,0,0,10,0,0,0,0,0,9,0,0,0,0,0,0,0,0,0,0,0,0,0,0,2,0,0,0,0,3,0,0,0,131,5,166,0,5,2,16,5,0,0,1,0,11,0,9,0,109,0,17,0,0,2,76,8,0,0,0,1,0,0,138,69,0,0,0,0,0,0,0,0,0,0,0,0,0,0,0,0,0,0,0,0,0,0,22,0,729,272,369,661,866,0,133,0,1,0,0,0,0,0,0
0,6,0,10,0,7,0,10,36,32,0,0,0,0,1,0,0,0,0,0,0,5,0,0,0,20,0,0,0,0,0,0,0,0,0,0,0,0,0,0,0,0,0,0,0,1,0,0,0,0,0,0,30,18,24,45,25,410,249,0,0,0,0,3,26,44,259,304,0,4,0,0,0,0,0,0,0,0,0,0,0,0,0,2,0,0,0,0,0,0,0,0,0,0,0,0,0,0,0,0,0,0,0,0,0,0,0,0,0,0,0,0,0,0,0,0,0,0,0,0,0,0,0,0,0,30,0,34,0,16,1,82,0,0,0,0,0,0,0,1,0,3,0,4,0,34,0,5,0,16,0,0,0,0,12,61,0,65,1,30,9,115,0,0,0,9,0,0,0,13,0,151,0,16,3,6,13,5,0,0,3,25,0,0,50,203,0,0,0,0,0,0,0,0,0,0,0,0,0,0,0,0,0,0,0,0,0,0,0,18,0,0,0,0,680,0,0,0,1008,284,513,677,24,64,0
89,0,69,4,0,0,430,0,288,5,0,0,0,0,0,0,0,1,0,0,0,0,0,0,0,0,0,0,6,0,4,0,17,0,0,0,50,0,43,0,0,0,3,0,0,0,0,0,3,0,0,0,50,2,32,5,0,0,0,0,0,0,47,1,0,0,0,0,0,0,0,0,0,0,0,0,0,0,0,0,0,0,0,0,4,0,0,0,0,0,0,0,0,0,0,0,0,0,0,0,0,0,0,0,0,0,0,0,0,0,0,0,0,0,0,0,0,0,0,0,0,0,0,0,0,0,0,0,0,0,0,0,0,0,0,0,0,0,199,0,103,0,91,0,134,0,0,0,0,0,0,0,0,0,42,0,122,0,0,0,0,0,8,0,0,0,4,0,5,0,112,0,73,0,0,0,31,0,0,0,0,0,0,0,0,0,0,0,0,0,0,0,0,0,0,0,0,0,0,0,0,0,0,0,0,0,0,0,0,0,57,96,87,118,68,0,26,0,1,0,0,0,0,0,0
0,473,0,156,0,65,0,205,0,95,0,84,0,0,0,0,0,160,0,0,0,0,0,15,0,151,0,12,0,10,0,7,0,26,0,27,0,57,0,16,0,0,0,0,0,0,0,0,0,0,0,21,0,58,0,15,0,0,1,0,0,0,0,34,0,0,0,0,0,0,0,0,0,0,0,0,0,0,0,0,0,0,0,0,0,0,0,0,0,0,0,0,0,0,0,0,0,0,0,0,0,0,0,0,0,0,0,0,0,0,0,0,0,0,0,0,0,0,0,0,0,0,0,0,0,0,0,0,0,0,0,0,0,0,0,0,0,0,0,54,0,47,0,0,0,113,0,0,0,0,0,0,0,0,0,44,0,197,0,19,0,0,0,4,0,0,0,0,0,3,0,15,0,76,0,0,0,75,0,16,0,0,0,52,0,0,0,0,0,0,0,0,0,0,0,0,0,0,0,0,0,0,0,0,0,0,0,1,0,0,0,0,0,0,71,0,0,0,92,568,124,70,0,5,0
81,41,67,5,0,0,394,11,408,13,0,0,0,0,0,0,200,11,0,0,112,0,20,4,28,30,24,0,83,0,32,0,0,0,13,0,29,0,105,0,0,0,0,0,21,0,0,0,1,0,0,0,256,5,43,7,17,0,6,0,47,0,0,8,0,0,0,0,0,0,18,0,0,0,12,0,0,0,0,0,0,0,0,0,112,0,0,0,0,0,0,0,0,0,0,0,0,0,0,0,0,0,0,0,0,0,0,0,0,0,0,0,0,0,0,0,0,0,0,0,0,0,59,0,0,0,0,0,0,0,0,0,0,0,0,0,355,0,312,0,267,0,554,0,47,0,0,0,0,0,0,0,0,0,191,0,99,0,90,0,9,0,3,0,3,0,0,0,0,0,11,0,27,0,0,0,71,3,0,0,0,0,16,0,0,0,0,0,0,0,0,0,0,0,0,0,0,0,0,0,0,0,0,0,0,0,0,0,0,0,58,39,54,69,48,0,0,0,0,0,0,1,0,0,0
0,436,0,114,0,9,55,272,67,113,0,33,0,0,0,0,2,550,0,0,0,114,1,123,60,349,0,0,0,257,0,55,0,29,0,8,0,41,0,80,0,0,0,3,0,17,0,0,0,25,0,0,6,90,16,124,0,13,1,3,1,34,8,0,0,0,0,0,0,0,0,0,0,0,0,0,0,0,0,0,0,0,0,0,0,0,0,0,0,0,0,0,0,0,0,0,0,0,0,0,0,0,0,0,0,0,0,0,0,0,0,0,0,0,0,0,0,0,0,0,0,2,0,0,0,0,0,0,0,114,0,0,0,0,0,0,0,161,0,100,0,35,0,76,0,24,0,0,0,0,0,0,0,0,0,54,0,40,0,31,0,0,0,0,0,0,0,0,0,0,0,7,2,0,0,0,12,98,0,0,0,0,0,53,0,0,0,0,0,0,0,0,0,0,0,0,0,0,0,0,0,0,0,0,0,0,0,0,0,0,0,0,0,0,14,0,0,0,18,270,14,0,0,0,0
65,0,26,0,18,0,11,0,96,0,0,0,0,0,0,0,0,0,0,0,0,0,7,0,0,0,0,0,0,0,0,0,0,0,0,0,0,0,0,0,0,0,0,0,0,0,0,0,0,0,0,0,0,0,2,4,110,3,42,26,0,0,0,0,0,16,151,18,0,0,0,0,0,0,0,0,0,0,0,0,0,0,0,0,0,0,0,0,0,0,0,0,0,0,0,0,0,0,0,0,0,0,0,0,0,0,0,0,0,0,0,0,0,0,0,0,0,0,0,0,0,0,0,0,19,0,37,0,0,0,41,11,0,0,10,0,0,0,0,0,0,0,0,0,0,0,41,0,74,0,45,0,14,0,9,0,30,0,0,0,294,42,0,0,0,0,0,0,0,0,0,0,0,0,13,2,0,0,2,0,72,31,0,0,313,6,0,0,0,0,0,0,0,0,0,0,0,0,0,0,0,0,0,0,0,0,0,0,14,0,35,0,0,0,25,0,0,0,0,0,0,0,0,0,0
0,120,0,20,0,19,0,28,0,241,1,13,0,0,0,16,0,0,0,32,0,0,0,0,0,18,0,0,0,0,0,0,0,0,0,0,0,0,0,0,0,0,0,0,0,0,0,0,0,0,0,0,0,0,1,5,8,5,13,44,0,0,0,0,16,0,13,310,0,0,0,5,0,0,0,0,0,0,0,0,0,0,0,0,0,0,0,0,0,0,0,0,0,0,0,0,0,0,0,0,0,0,0,0,0,2,0,0,0,0,0,0,0,0,0,0,0,0,0,0,0,0,0,0,0,62,0,86,7,2,83,153,0,0,0,17,0,10,19,0,0,0,0,4,10,18,0,47,0,186,0,53,0,19,3,1,0,0,0,0,55,477,0,0,0,0,0,1,0,0,0,0,0,0,3,12,0,1,0,0,40,233,0,0,24,108,0,0,0,0,0,0,0,0,0,0,0,0,0,0,0,0,0,0,0,0,0,13,1,50,0,0,0,0,36,0,0,0,68,0,37,0,0,0,0
18,0,9,0,11,0,8,0,126,103,2,0,0,0,0,0,2,0,0,0,0,0,0,0,0,0,0,0,0,0,0,0,0,0,0,0,0,0,0,0,0,0,0,0,1,0,0,0,0,0,0,0,9,11,0,108,0,36,192,259,0,0,0,0,151,13,0,152,0,0,0,0,0,0,0,0,0,0,0,0,0,0,0,0,0,0,0,0,0,0,0,0,0,0,0,0,0,0,0,0,0,0,0,0,0,0,0,0,0,0,0,0,0,0,0,0,0,0,0,0,0,0,0,0,11,0,7,0,0,0,26,0,0,0,0,0,0,0,0,0,0,0,0,0,0,0,2,0,62,0,0,0,0,0,34,0,41,0,2,0,24,0,0,0,0,0,3,0,1,0,12,0,0,0,0,0,175,17,0,0,5,1,5,0,543,100,0,0,0,0,0,0,0,0,0,0,0,0,0,0,0,0,0,0,0,0,0,0,0,0,97,49,26,0,78,0,0,0,0,0,0,0,0,0,0
0,61,0,0,0,0,0,9,17,156,0,3,0,0,0,1,0,0,0,0,0,0,0,0,0,0,0,0,0,0,0,0,0,0,0,0,0,0,0,0,0,0,0,0,0,0,0,0,0,0,0,0,14,0,22,3,36,16,250,304,0,0,0,0,18,310,152,0,0,0,0,1,0,0,0,0,0,0,0,0,0,1,0,0,0,4,0,0,0,0,0,0,0,0,0,0,0,0,0,0,0,0,0,0,0,0,0,0,0,0,0,0,0,0,0,0,0,0,0,0,0,0,0,1,0,31,0,0,0,0,0,79,0,0,0,0,0,0,0,1,0,0,0,4,0,12,0,0,0,42,0,1,0,0,8,18,2,0,0,0,6,171,0,5,0,0,0,1,0,2,0,0,0,0,0,11,21,23,0,0,0,17,0,0,36,615,0,1,0,0,0,0,0,0,0,0,0,0,0,0,0,0,0,0,0,0,0,0,0,0,0,0,0,0,71,0,0,0,171,118,77,0,0,5,0
0,0,0,0,0,0,0,0,0,0,0,0,0,0,0,0,0,0,0,0,0,0,0,0,0,0,0,0,0,0,0,0,0,0,0,0,0,0,0,0,0,0,0,0,0,0,0,0,18,0,0,0,0,0,1,0,0,0,0,0,0,0,0,0,0,0,0,0,0,0,0,0,12,0,0,0,141,0,19,0,0,0,29,0,19,0,9,0,7,0,10,0,31,0,30,0,13,0,0,0,0,0,146,0,0,0,29,0,21,0,0,0,0,0,0,0,5,0,0,0,0,0,8,0,0,0,0,0,0,0,0,0,0,0,0,0,1,0,0,0,0,2,0,0,0,0,0,0,0,0,0,0,0,0,0,0,0,0,0,0,0,0,0,0,66,0,0,0,198,0,6,0,0,0,0,0,0,0,0,0,0,0,0,0,0,0,2,0,0,0,5,0,58,0,14,0,0,0,0,0,45,0,0,0,43,0,0,0,0,0,25,10,155,0,4,25,63,0,0,0,0,0,0,0,0
0,0,0,0,0,0,0,0,0,0,0,0,0,0,0,0,0,0,0,0,0,0,0,0,0,0,0,0,0,0,0,0,0,0,0,0,0,0,0,0,0,0,0,0,0,6,0,2,0,14,0,0,0,0,0,0,0,0,0,4,0,0,0,0,0,0,0,0,0,0,0,0,0,12,0,0,0,88,0,0,0,4,0,13,0,0,0,17,0,2,0,0,0,8,0,4,0,0,0,1,0,0,0,14,0,5,0,4,0,0,0,0,0,1,0,0,0,6,0,0,0,2,0,0,0,0,0,0,0,1,0,0,0,0,0,0,0,0,0,0,0,1,0,5,0,0,0,0,0,0,0,0,0,0,0,0,0,1,0,0,0,1,0,0,0,22,0,0,0,24,0,1,0,0,0,0,0,0,0,0,0,0,0,0,0,0,0,1,0,10,0,0,0,0,0,9,0,0,0,0,0,5,0,0,0,0,0,0,0,0,0,0,0,0,0,0,0,0,11,7,31,4,7,16,1
0,0,39,0,0,0,0,0,0,0,0,0,0,0,0,0,28,0,0,0,134,0,27,0,0,0,71,0,29,0,21,0,14,0,27,0,111,0,6,0,0,0,0,0,55,0,0,0,0,0,62,0,0,0,0,0,0,0,0,0,0,0,18,0,0,0,0,0,0,0,0,0,332,0,470,0,14,0,373,0,0,0,0,0,0,0,88,0,0,0,0,0,0,0,0,0,0,0,0,0,0,0,0,0,0,0,0,0,0,0,0,0,0,0,0,0,0,0,0,0,18,0,6,0,14,0,0,0,3,0,0,6,22,0,0,0,41,4,4,0,125,0,51,0,71,0,0,0,23,1,10,0,19,0,0,0,8,0,0,0,2,0,63,0,0,0,38,0,16,0,61,0,68,0,37,0,0,0,0,0,10,4,0,0,4,0,0,0,0,0,0,0,0,0,0,0,0,0,0,0,0,0,0,0,0,0,0,0,0,0,8,0,8,0,1,0,0,0,0,0,0,0,0,0,0
0,0,0,0,0,0,0,0,0,0,0,0,0,0,0,0,0,0,0,0,0,0,0,0,0,0,0,0,0,0,0,0,0,0,0,0,0,0,0,0,0,0,0,0,0,0,0,0,0,0,0,6,0,0,0,0,0,0,0,0,0,0,0,0,0,5,0,1,0,0,0,0,0,163,0,470,0,31,0,8,0,0,0,3,0,0,0,100,0,0,0,0,0,0,0,0,0,0,0,0,0,0,0,0,0,0,0,0,0,0,0,0,0,0,0,0,0,0,0,0,0,9,0,36,0,89,0,0,0,137,3,47,0,114,0,0,0,62,0,32,0,82,0,41,0,128,0,0,0,29,0,0,0,0,0,0,0,0,0,0,0,0,0,40,0,0,0,0,0,0,0,4,0,0,0,11,0,0,0,0,0,0,0,0,0,3,0,0,0,0,0,0,0,0,0,0,0,0,0,0,0,5,0,0,0,0,0,0,0,0,0,0,0,0,0,0,0,0,26,0,0,0,0,0,0
0,0,0,0,0,0,1,0,3,0,0,0,0,0,0,0,0,0,0,0,0,0,0,0,0,0,0,0,0,0,0,0,0,0,0,0,0,0,0,0,0,0,0,0,0,0,0,0,0,0,0,0,0,0,0,0,0,0,0,0,0,0,0,0,0,0,0,0,12,0,332,0,0,0,258,0,104,0,345,0,0,0,80,0,45,2,9,0,0,0,0,0,21,0,4,0,0,1,0,0,0,0,0,0,0,0,0,0,0,0,0,0,0,0,0,0,0,0,0,0,37,0,12,0,0,0,28,0,12,0,0,0,60,0,74,0,81,0,15,0,78,0,140,0,102,0,0,0,3,0,28,4,11,0,0,0,0,0,0,0,1,0,42,1,0,0,7,0,15,0,11,0,6,0,3,0,0,0,0,0,0,0,0,0,0,0,0,0,0,0,0,0,0,0,0,0,13,0,0,0,0,0,0,0,0,0,0,0,0,0,254,5,29,0,29,0,2,0,0,0,0,0,0,0,0
0,0,0,0,0,0,0,0,0,0,0,0,0,0,0,0,0,0,0,0,0,0,0,0,0,0,0,0,0,0,0,0,0,0,0,0,0,0,0,0,0,0,0,0,0,0,0,0,0,0,0,0,0,0,0,0,0,0,0,0,0,0,0,0,0,0,0,0,0,12,0,163,0,0,0,338,0,173,0,34,0,20,0,111,0,10,0,113,0,0,0,0,0,2,0,7,0,0,0,12,0,0,0,6,0,0,0,0,0,5,0,0,0,0,0,0,0,4,0,0,0,32,0,42,0,43,0,30,0,53,0,20,0,30,0,158,0,62,0,10,0,37,0,50,0,35,3,0,0,0,0,32,0,0,0,1,0,0,0,2,0,0,0,42,0,0,0,0,0,45,0,0,0,0,0,2,0,0,0,0,0,11,0,0,0,0,0,0,0,79,0,0,0,0,0,0,0,0,0,67,0,0,0,144,0,0,0,0,0,0,0,0,0,0,4,0,0,0,51,0,21,0,0,2,0
0,0,0,0,0,0,0,0,0,0,0,0,0,0,0,0,21,0,0,0,88,0,0,0,4,0,35,0,12,0,0,0,0,0,0,0,62,0,4,0,0,0,0,0,0,0,0,0,0,0,0,0,0,0,0,0,0,0,0,0,0,0,12,0,0,0,0,0,0,0,470,0,258,0,0,0,13,0,301,0,24,0,0,0,25,0,68,0,0,0,3,0,0,0,0,0,0,0,20,0,0,0,0,0,0,0,0,0,0,0,0,0,0,0,0,0,0,0,0,0,90,0,35,0,41,17,18,2,0,0,5,8,27,0,85,5,78,0,0,0,133,3,256,0,76,0,21,0,43,10,38,0,19,0,0,0,5,0,0,0,2,0,56,0,0,0,0,0,0,0,16,0,0,0,33,0,0,0,0,0,9,7,0,0,0,0,0,0,0,0,0,0,0,0,0,0,2,0,0,0,0,0,21,0,5,0,0,0,83,0,11,0,14,1,0,0,0,0,0,0,0,0,0,0,0
0,0,0,0,0,0,0,0,0,0,0,0,0,0,0,0,0,0,0,0,0,0,0,0,0,0,0,0,0,0,0,0,0,0,0,0,0,0,0,0,0,0,0,0,0,6,0,0,0,0,0,0,0,0,0,0,0,0,0,0,0,0,0,0,0,0,0,0,0,0,0,470,0,338,0,0,0,24,0,152,0,0,0,0,0,10,0,95,0,0,0,0,0,0,0,0,0,0,0,0,0,0,0,0,0,0,0,0,0,0,0,0,0,0,0,0,0,0,0,0,0,197,0,118,0,105,3,119,0,93,0,48,0,150,0,220,0,132,0,27,0,87,0,97,0,212,5,0,0,32,0,0,0,0,0,0,0,0,0,0,0,0,0,91,0,0,0,3,0,3,0,7,0,0,0,20,0,0,0,0,0,45,0,0,0,0,0,0,0,0,0,0,0,0,0,0,0,0,0,0,0,14,0,65,0,0,0,0,0,0,0,0,0,0,0,0,0,0,88,0,0,0,1,0,0
0,0,0,0,0,0,0,0,0,0,0,0,0,0,0,0,0,0,0,0,0,0,0,0,0,0,0,0,0,0,0,0,0,0,0,0,0,0,0,0,0,0,0,0,0,0,0,0,1,0,3,0,0,0,0,0,0,0,0,0,0,0,0,0,0,0,0,0,141,0,14,0,104,0,13,0,0,0,121,0,5,0,55,0,21,0,56,0,0,0,0,0,43,0,17,0,15,0,9,0,0,0,30,0,16,0,13,0,21,0,0,0,0,0,3,0,40,0,0,0,22,0,0,0,0,0,0,0,0,0,0,0,0,0,0,0,0,0,0,0,0,0,0,0,4,0,0,0,0,0,0,0,0,0,0,0,0,0,0,0,0,0,0,0,0,0,0,0,41,0,0,0,0,0,0,0,0,0,0,0,0,0,0,0,0,0,0,0,0,0,0,0,0,0,8,0,40,0,0,0,54,0,0,0,0,0,0,0,0,0,32,0,34,0,6,7,0,0,0,0,0,0,0,0,0
0,0,0,0,0,0,0,0,0,0,0,0,0,0,0,0,0,0,0,0,0,0,0,0,0,0,0,0,0,0,0,0,0,0,0,0,0,0,0,0,0,0,0,0,0,14,0,0,0,13,0,0,0,0,0,0,0,2,0,0,0,0,0,0,0,0,0,0,0,88,0,31,0,173,0,24,0,0,0,9,0,42,0,120,0,13,0,191,0,20,0,0,0,85,0,42,0,0,0,0,0,0,0,239,0,0,0,25,0,17,0,0,0,11,0,0,0,39,0,1,0,0,0,0,0,0,0,0,0,0,0,0,0,0,0,0,0,0,0,0,0,0,0,0,0,0,0,0,0,0,0,14,0,0,0,0,0,2,0,0,0,0,0,0,0,34,0,0,0,135,0,0,0,0,0,0,0,0,0,0,0,0,0,0,0,0,0,0,0,0,0,0,0,0,0,0,0,0,0,0,0,0,0,0,0,0,0,0,0,0,0,0,0,0,6,0,0,0,32,0,84,0,19,6,0
0,0,0,0,0,0,0,0,0,0,0,0,0,0,0,0,0,0,0,0,0,0,0,0,3,0,0,0,0,0,0,0,0,0,0,0,0,0,0,0,0,0,0,0,0,0,0,0,0,0,11,0,0,0,0,0,0,0,0,0,0,0,0,0,0,0,0,0,19,0,373,0,345,0,301,0,121,0,0,0,7,0,164,0,102,0,93,0,0,0,0,0,49,0,29,0,0,0,6,0,0,0,23,0,0,0,0,0,5,0,0,0,0,0,4,0,0,0,0,0,82,0,29,0,0,0,0,0,0,0,0,0,0,0,0,0,0,0,0,0,0,0,162,0,18,0,8,0,0,0,9,0,0,1,0,0,0,0,0,0,0,0,0,0,0,0,0,0,47,0,0,0,0,0,0,0,0,0,0,0,0,0,0,0,0,0,0,0,0,0,5,0,45,0,0,0,0,0,0,0,66,0,161,0,0,0,0,0,82,0,188,0,49,1,26,5,0,0,0,0,0,0,0,0,0
