0,121,72,14,82,2,20,59,42,26,147,0,119,0,11,28,42,88,5,0,0,0,16,61,47,113,26,0,50,0,0,0,0,0,0,0,0,0,151,0,21,0,0,0,0,0,6,0,33,0,0,0,14,0,9,21,0,0,4,0,297,26,346,17,7,0,2,0,0,0,0,0,0,0,0,0,0,0,0,0,3,0,0,1,15,0,0,0,0,0,3,0,0,0,0,0,9,0,8,0,0,0,0,0,0,0,4,0,0,0,0,0,0,0,0,0,0,0,0,0,5,0,0,0,1,0,0,0,0,0,10,0,0,0,7,0,6,0,0,0,0,0,11,1,0,0,1,0,29,0,12,0,10,0,3,0,0,4,0,0,0,0,0,0,4,0,0,0,45,0,85,6,277,11,1,0,150,33,6,0,4,0,21,3,22,0,13,0,0,0,0,0,0,0,0,0,0,0,0,0,0,0,1,0,0,0,0,0,3,0,0,5,0,0,115,0,0,0,10,0,78,0,33,5,53,2,209,10,161,0,197,0,219,0,19,5,31,6,80,0,28,0,51,0,392,0,0,0,0
121,0,100,75,31,285,33,98,10,84,7,205,0,165,0,58,131,85,2,124,0,0,136,59,125,19,0,105,0,233,0,0,0,118,0,0,0,79,0,307,0,47,0,0,0,9,0,14,0,8,0,10,1,23,11,38,0,7,0,15,11,532,25,174,1,27,0,15,0,0,0,0,0,0,0,0,0,0,0,0,1,15,0,0,0,7,0,10,0,2,0,6,0,0,0,0,0,21,0,20,0,9,0,0,0,3,0,0,0,0,0,0,0,0,0,0,0,0,0,0,0,0,0,0,0,23,0,6,0,4,0,13,0,5,0,49,0,46,0,0,0,0,0,23,0,0,0,0,0,40,0,15,0,18,0,8,0,35,0,2,0,12,0,8,0,5,0,0,0,43,0,75,14,177,0,0,0,256,0,1,0,9,2,63,0,13,0,5,0,0,0,0,0,0,0,0,0,0,0,1,0,0,0,0,0,0,0,8,0,28,0,0,0,10,0,211,0,0,0,46,0,275,0,93,0,41,6,145,0,366,0,149,0,654,0,95,0,43,0,40,0,9,0,20,0,307,0,0,0
72,100,0,29,261,0,33,33,58,14,105,32,164,0,302,66,228,70,88,0,36,0,368,123,276,86,80,0,196,5,53,0,93,0,0,1,13,0,317,13,41,0,0,0,7,0,11,0,38,0,0,0,0,0,25,8,0,0,8,0,180,30,385,13,6,0,0,0,0,0,19,0,0,0,0,1,0,0,0,0,0,3,0,0,0,0,0,0,0,0,0,0,0,0,0,0,0,6,0,4,0,0,0,0,0,0,0,0,0,0,0,0,0,0,0,0,0,0,0,0,8,0,19,0,11,0,11,0,4,0,32,0,11,0,18,0,47,5,0,0,0,0,92,0,0,0,19,0,24,0,37,0,0,0,0,0,0,4,0,0,22,0,0,0,0,0,0,0,0,0,26,0,193,12,0,0,53,27,1,0,0,0,11,3,5,0,9,0,0,0,1,0,0,0,0,0,2,1,0,0,54,0,0,0,0,0,12,0,21,0,43,2,0,0,118,9,0,0,0,0,130,22,35,0,39,0,67,0,96,0,129,0,252,30,0,0,26,0,38,0,10,0,19,0,276,17,0,0,0
14,75,29,0,34,262,0,60,0,0,24,25,0,50,0,165,31,101,0,184,8,23,58,303,0,105,0,76,0,239,0,20,0,158,0,0,0,36,20,199,0,0,0,3,0,0,0,8,0,0,0,3,0,3,0,36,0,11,0,6,0,105,0,22,0,7,0,2,0,0,0,0,0,0,0,0,0,0,0,0,0,7,0,0,0,0,0,0,0,0,0,0,0,0,0,0,0,20,0,0,0,0,0,0,0,0,0,0,0,0,0,0,0,0,0,0,0,0,0,0,0,4,0,0,0,18,0,14,0,0,0,12,0,27,0,120,0,74,0,9,0,0,0,7,0,0,0,4,0,22,0,4,0,3,0,7,0,0,0,0,0,8,0,4,0,0,0,3,0,14,0,29,0,48,0,0,4,61,1,0,0,0,0,2,0,0,0,0,0,0,0,0,0,0,0,0,0,0,0,0,0,23,0,0,0,0,0,0,0,13,0,0,0,0,0,51,0,0,0,9,0,0,0,0,0,10,0,15,0,104,0,16,3,122,0,13,0,0,1,4,0,0,0,0,0,44,0,0,0
82,31,261,34,0,121,23,0,32,0,141,72,369,61,332,156,31,38,93,68,119,35,86,99,42,0,123,0,86,2,206,8,239,24,62,7,181,33,423,0,42,0,4,2,5,0,14,0,41,0,33,0,0,0,9,0,7,0,3,0,56,0,23,0,0,0,4,0,0,0,0,0,0,0,8,0,0,0,0,0,43,0,0,0,0,1,0,0,0,0,0,0,0,0,0,0,0,0,0,0,0,0,0,0,0,0,6,0,0,0,0,0,0,0,0,0,0,0,0,0,0,0,0,0,6,0,4,0,0,0,9,0,0,0,15,1,0,0,0,0,0,0,72,0,17,0,10,0,24,0,41,0,25,0,0,0,0,0,2,0,12,0,0,0,0,0,164,0,91,0,0,6,250,7,0,0,171,60,39,0,22,0,38,0,22,0,18,2,0,0,0,0,0,0,0,0,0,0,0,0,0,0,0,0,0,0,0,0,14,0,30,0,0,0,55,0,0,0,13,2,218,0,45,0,123,7,194,18,257,48,194,0,264,31,27,0,114,56,69,0,15,0,44,0,407,0,0,0,0
2,285,0,262,121,0,0,91,0,26,66,159,70,266,299,237,0,26,38,142,107,201,23,178,0,12,0,172,0,56,0,167,6,562,0,108,9,443,9,63,0,32,0,3,0,0,0,48,0,1,3,9,0,0,0,28,0,6,2,13,0,46,0,17,0,10,0,6,0,0,0,0,0,0,0,0,0,0,0,0,0,0,0,0,0,9,0,0,0,0,0,0,0,0,0,0,0,0,0,0,0,2,0,0,0,0,0,0,0,0,0,0,0,0,0,0,0,0,0,0,0,0,0,5,0,0,0,0,0,0,0,17,0,17,0,75,0,76,0,0,0,0,0,34,0,0,0,0,0,22,0,0,0,8,0,8,0,7,0,0,2,12,0,6,0,23,6,102,0,80,0,27,0,179,0,0,14,150,0,7,0,0,0,0,0,5,0,2,0,0,0,0,0,0,0,0,0,0,0,0,0,0,0,0,0,0,0,0,0,11,0,0,0,0,0,134,0,0,1,28,14,437,0,39,0,65,0,142,0,364,0,146,0,368,1,41,0,29,0,22,0,0,2,30,0,137,0,0,0
20,33,33,0,23,0,0,34,47,58,27,0,27,0,10,0,11,0,0,0,0,2,8,2,77,32,0,0,0,0,0,0,0,0,0,0,0,0,0,0,13,0,0,0,0,0,0,0,28,0,0,0,30,3,58,45,8,0,1,0,59,0,130,16,4,0,15,0,0,0,0,0,0,0,0,0,0,0,0,0,0,0,0,0,0,0,0,0,0,0,0,0,0,0,0,0,0,0,0,4,0,0,0,0,0,0,0,0,0,0,0,0,0,0,0,0,0,0,0,0,2,0,0,0,7,0,7,0,2,0,18,0,0,0,6,0,13,0,3,0,0,0,20,0,0,0,11,0,9,0,5,0,1,0,5,3,7,0,1,0,9,0,0,0,0,0,0,0,8,0,32,0,36,0,0,0,18,12,0,0,0,0,0,1,5,2,3,0,0,0,0,0,0,0,0,0,0,0,0,0,0,0,0,0,0,0,4,0,13,0,0,0,0,0,172,0,0,0,10,0,109,4,33,0,32,0,66,5,98,0,75,1,181,0,22,3,9,0,84,1,22,0,22,0,308,2,0,0,0
59,98,33,60,0,91,34,0,37,25,0,29,0,41,0,85,25,65,0,63,2,34,6,36,139,263,0,38,0,122,0,0,0,28,0,0,0,16,0,98,0,18,0,12,0,0,0,0,0,0,0,17,7,22,25,160,0,40,2,28,4,234,38,183,0,0,1,7,0,0,0,0,0,0,0,0,0,0,0,0,0,0,0,0,0,0,0,0,0,0,0,0,0,0,0,0,0,0,0,0,0,0,0,0,0,0,0,0,0,0,0,0,0,0,0,0,0,0,0,0,0,0,0,0,0,16,0,6,0,11,0,9,0,10,0,40,0,44,0,6,0,0,0,0,0,0,0,0,0,14,0,0,0,0,0,4,0,22,0,1,0,21,0,7,0,5,0,5,0,26,0,26,0,30,0,0,0,28,0,0,0,0,0,15,0,0,0,0,0,0,0,0,0,0,0,0,0,0,0,0,0,0,0,0,0,0,0,0,0,15,2,0,0,0,0,112,0,3,2,26,0,129,0,60,0,41,9,33,2,183,0,38,0,285,0,40,0,6,0,7,0,0,0,0,0,106,0,0,0
42,10,58,0,32,0,47,37,0,151,29,0,37,0,8,0,10,0,4,1,0,0,0,0,34,14,14,0,0,0,0,0,0,0,0,0,2,0,2,0,16,0,0,0,0,0,5,0,0,0,2,0,203,30,241,171,19,84,44,15,94,0,212,8,72,0,136,52,0,0,0,0,4,0,0,0,0,0,0,0,0,0,0,0,26,1,6,0,0,0,0,0,0,0,0,0,0,1,15,0,0,0,0,0,0,0,0,0,0,0,0,0,0,0,0,0,0,0,0,0,9,0,6,0,8,0,4,0,0,0,27,0,4,0,5,0,3,0,0,0,0,0,4,2,0,0,17,0,43,0,2,1,6,0,33,36,29,0,3,0,12,0,0,0,0,0,0,0,12,0,51,0,26,0,0,0,182,26,2,0,0,0,4,0,68,11,7,0,0,0,0,0,0,0,0,0,0,0,0,0,5,0,0,0,0,0,0,0,5,0,0,0,9,0,321,0,0,0,25,1,140,0,67,4,58,0,173,0,156,0,67,0,184,12,52,0,9,2,198,0,41,0,26,0,565,0,0,0,0
26,84,14,0,0,26,58,25,151,0,0,63,0,22,0,14,17,0,0,31,0,0,0,0,142,0,0,30,0,4,0,0,0,0,0,0,0,0,0,7,1,0,0,0,0,0,0,4,0,2,0,17,35,204,201,416,11,93,13,120,0,84,27,230,0,108,16,166,0,0,0,0,0,0,0,0,0,3,0,0,0,2,0,3,0,2,0,0,0,1,0,0,0,0,0,0,0,0,0,9,0,0,0,0,0,0,0,0,0,0,0,0,0,0,0,0,0,0,0,1,0,0,0,0,0,51,0,11,0,3,0,58,0,10,0,56,0,49,0,1,0,0,0,1,0,2,0,0,0,60,0,26,0,9,0,37,0,52,0,8,2,74,0,4,0,0,0,0,0,0,0,22,3,9,0,0,13,311,0,1,0,0,0,60,0,99,0,0,0,0,0,0,0,0,0,0,0,0,0,0,0,6,0,0,0,0,0,0,0,37,0,28,0,41,0,314,0,0,0,52,3,276,0,118,0,73,3,166,2,213,0,50,2,502,2,67,1,21,0,51,0,0,0,0,11,282,0,0,0
147,7,105,24,141,66,27,0,29,0,0,23,155,1,27,81,41,12,0,6,62,0,27,67,0,7,43,0,33,0,63,0,178,11,4,0,109,9,330,3,42,0,0,0,0,0,0,0,17,0,2,0,0,0,2,0,0,0,0,0,6,5,6,0,5,0,2,0,0,0,12,0,0,0,0,0,0,0,0,0,0,0,0,0,0,0,9,0,0,0,0,0,0,0,0,0,0,0,24,0,0,0,0,0,0,0,0,0,0,0,0,0,0,0,0,0,0,0,0,0,0,0,0,0,1,0,0,0,0,0,0,0,0,0,0,0,0,0,0,0,0,0,8,0,5,0,5,0,16,0,28,0,34,0,1,0,0,0,0,0,0,0,0,0,5,0,66,0,66,0,0,0,135,5,0,0,109,12,29,0,29,0,83,0,34,0,24,0,0,0,1,0,0,0,0,0,0,0,0,0,0,0,0,0,0,0,0,0,2,0,0,2,0,0,0,6,5,0,9,1,107,16,14,0,33,0,105,24,143,0,138,0,170,22,18,0,78,27,42,0,16,0,29,0,296,4,0,0,0
0,205,32,25,72,159,0,29,0,63,23,0,22,323,169,29,6,22,18,34,55,130,32,66,0,0,0,140,0,32,0,58,3,355,0,31,0,494,4,67,0,218,0,7,0,11,0,61,0,17,0,6,0,12,1,9,0,0,0,10,0,71,0,27,0,9,0,7,0,0,0,0,0,0,0,0,0,0,0,0,0,7,0,0,0,0,0,0,0,0,0,0,0,0,0,0,0,0,0,3,0,0,0,0,0,0,0,0,0,0,0,0,0,0,0,0,0,0,0,0,0,11,0,3,0,0,0,0,0,0,0,0,0,0,0,0,0,18,0,0,0,0,0,0,0,0,0,0,0,19,0,27,0,47,0,0,0,20,0,0,0,10,0,6,0,11,3,37,0,51,1,0,5,120,0,16,7,236,0,24,0,72,0,6,0,18,0,16,0,0,0,0,0,0,0,0,0,4,0,0,0,0,0,0,0,0,0,0,0,9,0,0,0,0,0,131,0,0,0,31,0,304,1,31,0,40,1,232,0,315,0,169,0,422,1,55,3,48,0,21,0,13,0,38,12,198,0,0,0
119,0,164,0,369,70,27,0,37,0,155,22,0,299,145,53,23,0,95,247,61,27,0,6,23,0,111,434,0,0,57,0,38,8,88,14,136,29,12,0,274,91,105,9,51,12,60,94,59,2,132,3,2,0,4,0,3,0,0,0,1,0,0,0,0,0,1,0,0,0,0,0,0,0,0,0,0,0,0,0,0,0,0,0,37,0,0,0,0,0,8,0,0,0,0,0,37,0,0,0,0,0,0,0,0,0,0,0,0,0,0,0,0,0,0,0,0,0,3,1,0,0,0,0,0,0,0,0,0,0,5,0,0,0,0,0,23,0,0,0,0,0,0,0,0,0,6,0,12,0,32,0,16,0,0,0,1,0,0,0,0,0,0,0,75,0,47,0,0,7,0,0,33,0,7,0,209,119,82,0,65,2,33,0,24,0,140,10,0,0,0,0,0,0,0,0,0,0,0,0,40,0,0,0,0,0,0,0,0,0,0,0,0,0,11,0,0,0,116,32,81,0,0,0,358,16,181,0,140,35,86,0,35,0,10,1,93,34,23,0,13,0,21,0,173,0,0,0,0
0,165,0,50,61,266,0,41,0,22,1,323,299,0,84,23,0,0,276,140,71,64,0,8,0,0,303,91,0,0,0,32,0,0,47,168,14,202,0,0,41,430,37,165,21,16,18,186,0,12,38,193,0,0,0,22,0,7,1,12,0,0,0,0,0,7,0,8,0,0,0,0,0,0,0,0,0,0,0,0,0,0,0,0,0,0,0,0,0,0,0,0,0,0,0,0,0,0,0,0,0,0,0,0,0,0,0,0,0,0,0,0,0,0,0,0,0,0,0,0,0,0,0,0,0,0,0,0,0,0,0,0,0,0,0,0,0,0,0,0,0,0,0,0,0,0,0,0,0,0,0,0,0,11,0,0,0,0,0,0,0,10,0,0,0,63,0,50,0,71,0,9,0,47,0,0,19,226,1,6,0,11,0,0,0,5,16,67,0,0,0,0,0,0,0,0,0,0,0,0,0,0,0,0,0,0,0,0,0,0,0,0,1,0,0,0,0,0,26,184,0,0,0,38,16,447,2,110,0,359,0,0,1,0,0,42,0,33,0,0,0,0,2,17,0,88,0,0,0
11,0,302,0,332,299,10,0,8,0,27,169,145,84,0,205,104,10,244,111,163,73,356,124,128,0,221,0,6,0,153,27,156,122,74,7,121,121,65,1,26,0,8,0,6,0,11,0,13,0,18,1,0,1,0,2,0,0,0,2,0,0,0,0,5,0,1,0,0,0,5,0,0,0,0,0,0,0,0,0,0,0,0,0,0,0,0,0,0,1,0,0,0,0,0,0,0,0,15,0,0,0,0,0,0,0,0,0,0,0,0,0,0,0,0,0,0,0,0,0,0,0,0,0,0,0,0,0,0,0,17,0,0,0,17,0,0,0,0,0,19,0,80,0,0,0,22,0,16,0,27,0,8,0,6,0,0,0,5,0,0,0,0,0,11,3,63,11,41,0,7,2,43,20,0,0,54,61,1,0,0,0,0,0,3,0,0,0,0,0,0,0,0,0,0,0,0,0,0,0,73,0,0,0,0,0,12,0,28,0,0,0,0,0,0,30,0,0,0,0,57,114,0,4,47,0,94,45,73,88,0,29,29,77,0,0,29,20,10,0,0,0,0,0,86,0,0,0,0
28,58,66,165,156,237,0,85,0,14,81,29,53,23,205,0,42,93,35,305,79,186,145,480,0,62,11,88,0,27,10,79,0,324,7,44,7,156,25,25,2,5,0,0,0,0,0,0,0,0,4,1,0,6,0,44,0,7,0,0,0,26,2,14,0,3,0,0,0,0,0,0,0,0,0,0,0,0,0,0,0,0,0,0,0,7,0,0,0,0,0,0,0,0,0,0,0,0,0,21,0,0,0,0,0,0,0,14,0,0,0,0,0,0,0,0,0,0,0,0,0,0,0,0,0,19,0,0,0,14,0,15,0,33,0,155,0,106,0,8,0,9,0,25,0,0,0,2,0,20,0,9,0,6,0,14,0,4,0,3,0,10,0,3,0,8,4,40,0,21,0,10,10,62,0,0,7,89,0,5,0,0,0,1,0,1,2,0,0,0,0,0,0,0,0,0,0,0,0,0,2,37,0,0,0,0,0,0,0,0,0,0,0,0,0,14,0,0,0,9,0,122,0,6,0,0,0,17,16,134,0,24,22,87,0,8,0,0,0,3,0,0,0,0,0,43,0,0,0
42,131,228,31,31,0,11,25,10,17,41,6,23,0,104,42,0,109,215,0,438,0,153,87,110,142,229,0,129,0,130,0,104,3,28,0,14,0,131,0,0,0,16,0,65,0,4,0,8,0,11,0,157,5,20,8,0,0,0,0,54,44,639,14,0,0,0,0,0,0,9,0,0,0,17,0,0,0,11,0,31,3,0,0,314,0,19,0,0,0,74,0,0,0,0,2,283,0,87,8,21,0,0,1,0,0,0,3,0,0,0,0,0,0,0,0,0,0,0,0,37,0,74,1,0,0,0,0,24,0,9,0,0,0,0,0,245,0,53,0,137,0,157,4,8,0,0,0,0,0,0,0,0,0,83,0,0,0,67,0,7,0,0,2,0,0,3,0,40,0,13,0,44,0,0,0,16,15,1,0,0,1,96,0,0,0,2,0,0,0,0,0,0,0,0,0,0,0,0,0,111,0,0,0,0,0,8,0,0,0,25,0,0,0,37,0,0,0,4,0,39,0,24,2,28,0,107,23,55,0,23,8,74,33,4,9,0,0,9,0,0,0,3,0,63,0,0,0,0
88,85,70,101,38,26,0,65,0,0,12,22,0,0,10,93,109,0,0,83,1,206,124,62,41,31,0,41,0,173,0,30,0,58,0,12,0,11,22,97,0,0,0,0,0,0,0,3,0,1,0,3,0,66,0,46,0,9,0,0,8,77,0,296,0,0,0,0,0,0,0,0,0,0,0,0,0,0,0,0,0,28,0,2,0,26,0,13,0,0,0,14,0,0,0,14,0,61,0,63,0,8,0,0,0,0,0,10,0,0,0,0,0,0,0,0,0,0,0,0,0,0,0,0,0,7,0,12,0,69,0,8,0,52,2,116,0,206,0,55,0,41,0,107,0,0,0,0,0,0,0,0,0,0,0,23,0,0,0,23,0,14,0,0,0,0,0,0,0,0,0,3,0,12,0,0,2,27,1,0,0,0,0,0,0,0,0,0,0,0,0,0,0,0,0,0,0,0,0,0,0,14,0,0,0,0,0,0,0,5,0,0,0,0,1,8,0,0,0,0,0,13,0,7,0,4,0,56,4,34,0,2,0,15,0,5,0,0,0,0,0,0,0,0,7,0,0,0,0
5,2,88,0,93,38,0,0,4,0,0,18,95,276,244,35,215,0,0,168,297,19,221,2,81,0,242,316,30,0,46,0,17,0,243,0,109,17,0,0,12,27,47,9,32,0,4,36,7,0,237,4,0,0,0,0,1,0,2,0,4,0,21,0,3,1,0,0,0,0,0,0,0,0,0,0,0,0,0,0,0,0,0,0,0,0,0,0,0,0,21,0,0,0,0,0,67,0,0,0,0,0,0,0,0,0,31,0,0,0,0,0,0,0,0,0,0,0,0,0,0,0,0,0,0,0,0,0,0,0,10,0,0,0,0,0,82,0,0,0,0,0,0,0,0,0,5,0,6,0,10,0,6,0,13,0,0,0,0,0,9,0,0,0,76,0,52,0,45,6,4,0,26,2,0,0,22,47,3,0,0,0,0,0,3,0,6,4,0,0,0,0,0,0,0,0,0,0,0,0,0,0,0,0,0,0,0,0,15,0,0,0,0,0,4,0,0,0,27,0,55,0,0,0,176,24,103,8,74,34,0,0,0,0,6,0,57,25,12,0,0,0,0,0,106,0,0,0,0
0,124,0,184,68,142,0,63,1,31,6,34,247,140,111,305,0,83,168,0,87,209,0,337,0,40,77,291,0,8,0,175,0,23,41,259,21,149,0,0,7,40,17,28,0,11,0,45,0,2,25,73,0,20,0,43,0,0,0,9,0,0,0,43,0,17,0,5,0,0,0,0,0,0,0,0,0,0,0,0,0,19,0,0,0,23,0,0,0,0,0,0,0,0,0,0,0,81,0,42,0,6,0,0,0,0,0,0,0,0,0,0,0,0,0,0,0,0,0,0,0,0,0,0,0,0,0,0,0,0,0,0,0,37,0,155,0,166,0,0,0,0,0,54,0,0,0,0,0,29,0,17,0,10,0,9,0,0,0,0,0,11,0,1,0,20,0,32,0,33,0,5,0,13,0,0,6,30,1,0,0,3,0,0,0,2,14,14,0,0,0,0,0,0,0,0,0,0,0,0,0,0,0,0,0,0,0,0,0,20,0,0,0,0,0,14,0,0,8,60,0,0,0,15,15,111,0,57,1,112,0,45,0,91,0,7,0,0,0,0,0,0,0,0,0,55,0,0,0
0,0,36,8,119,107,0,2,0,0,62,55,61,71,163,79,438,1,297,87,0,26,143,52,17,0,174,33,129,0,109,17,45,37,47,4,66,21,30,0,0,5,34,3,53,1,0,6,10,0,57,0,21,0,8,0,0,0,0,0,6,0,58,0,0,0,0,0,0,0,35,0,0,0,25,0,0,0,0,0,57,0,4,0,161,0,26,0,8,0,0,0,0,0,0,0,150,0,115,0,0,0,0,0,0,0,0,0,0,0,0,0,0,0,0,0,0,0,0,0,60,0,66,0,0,0,0,0,0,0,0,0,0,0,0,0,46,0,0,0,48,0,74,0,45,0,0,0,0,0,0,0,0,0,0,0,0,0,0,0,0,0,3,1,20,3,95,0,59,4,0,0,45,0,0,0,13,8,9,0,0,0,5,0,0,0,3,2,0,0,0,0,0,0,0,0,0,0,0,0,0,0,0,0,0,0,0,0,0,0,4,0,0,0,0,7,0,0,10,0,57,45,20,0,65,7,133,22,118,28,46,4,44,46,3,0,42,12,0,0,10,0,12,0,130,14,0,0,0
0,0,0,23,35,201,2,34,0,0,0,130,27,64,73,186,0,206,19,209,26,0,0,132,0,41,5,210,0,55,0,45,0,53,5,43,4,58,0,5,0,0,0,6,0,18,0,7,0,6,0,15,0,15,0,28,0,0,0,0,0,21,0,99,0,0,0,4,0,0,0,7,0,0,0,0,0,0,0,0,0,66,0,0,0,25,0,12,0,0,0,0,0,0,0,30,0,0,0,63,0,7,0,0,0,0,0,0,0,0,0,0,0,0,0,0,0,0,0,0,0,0,0,0,0,0,0,0,0,14,0,0,0,0,0,38,0,84,0,120,0,84,0,200,0,41,0,0,0,0,0,0,0,0,0,10,0,11,0,0,0,4,0,0,0,10,0,28,0,25,0,2,0,39,0,0,1,31,0,6,0,0,0,0,0,0,0,9,0,0,0,0,0,0,0,0,0,1,0,0,0,9,0,0,0,0,0,0,0,0,0,0,0,0,0,12,0,0,0,37,0,98,0,10,1,66,0,47,0,178,0,48,0,94,0,8,0,11,0,3,0,1,0,9,0,36,0,0,0
16,136,368,58,86,23,8,6,0,0,27,32,0,0,356,145,153,124,221,0,143,0,0,183,119,73,106,0,53,6,9,6,18,16,0,0,19,14,115,0,1,0,0,0,17,0,0,0,4,0,0,0,0,3,16,5,0,0,0,0,25,40,68,11,0,0,0,0,0,0,0,0,0,0,0,0,0,0,0,0,0,0,0,0,38,0,3,0,0,0,6,0,0,0,0,1,25,0,0,0,2,0,0,0,3,0,9,0,0,0,0,0,0,0,0,0,0,0,0,0,0,0,0,0,0,0,0,0,9,0,13,0,12,0,0,0,65,0,0,0,10,0,51,0,0,0,0,0,6,0,14,0,4,0,7,0,0,0,0,0,9,0,0,0,1,0,6,0,12,3,5,0,45,20,0,0,36,19,0,0,0,0,19,0,0,0,3,0,0,0,0,0,0,0,0,0,0,0,0,0,52,0,0,0,0,0,0,0,14,0,0,0,0,0,8,0,0,0,0,0,0,29,10,0,2,0,60,31,31,44,41,16,48,75,1,0,9,0,10,3,5,1,5,0,60,0,0,0,0
61,59,123,303,99,178,2,36,0,0,67,66,6,8,124,480,87,62,2,337,52,132,183,0,13,21,0,106,0,6,2,17,9,24,0,6,0,11,29,12,0,0,0,0,0,0,0,0,0,5,0,2,0,11,0,11,0,8,0,0,3,15,3,32,0,0,0,0,0,0,0,0,0,0,0,0,0,0,0,0,0,12,0,0,0,16,0,5,0,0,0,7,0,0,0,0,0,29,0,33,0,0,0,0,0,0,0,0,0,0,0,0,0,0,0,0,0,0,0,0,0,0,0,0,0,0,0,2,0,0,0,0,0,24,0,51,0,61,0,15,0,5,0,43,0,0,0,0,0,0,0,0,0,0,0,5,0,0,0,2,0,5,0,0,0,0,0,0,0,0,0,2,19,11,0,0,7,35,1,4,0,0,0,0,0,0,0,0,0,0,0,0,0,0,0,0,0,0,0,0,0,0,0,0,0,0,0,0,0,5,0,2,0,0,0,0,0,0,0,0,8,11,1,5,0,0,6,35,0,25,0,10,10,30,0,0,0,2,0,1,2,0,0,0,19,18,0,0,0
47,125,276,0,42,0,77,139,34,142,0,0,23,0,128,0,110,41,81,0,17,0,119,13,0,173,70,0,34,0,7,0,0,1,0,0,0,1,0,0,4,0,6,0,19,0,4,0,26,0,0,0,133,18,146,134,45,8,3,0,51,38,199,61,0,2,0,2,0,0,0,0,0,3,0,0,0,0,2,0,0,5,0,1,35,2,0,0,0,5,11,0,0,0,0,4,24,0,0,19,0,0,0,0,0,0,15,0,0,0,0,0,0,0,0,0,0,0,0,0,0,2,0,0,12,0,6,0,68,0,52,0,55,0,16,0,228,10,15,0,36,0,213,7,0,0,8,0,10,0,29,0,6,0,60,0,2,0,54,0,103,0,0,0,0,0,0,0,14,2,22,0,34,0,0,0,13,18,0,0,2,0,13,2,0,0,6,0,0,0,0,0,0,0,0,0,0,0,0,0,105,0,0,0,0,0,6,0,31,0,0,0,0,0,72,7,0,0,4,0,45,17,20,0,31,3,150,17,91,29,48,0,0,31,8,0,5,0,22,0,9,0,12,0,168,0,0,0,0
113,19,86,105,0,12,32,263,14,0,7,0,0,0,0,62,142,31,0,40,0,41,73,21,173,0,0,0,0,21,0,7,0,7,0,0,0,7,6,22,0,0,0,3,0,0,0,0,0,0,0,0,0,10,6,39,0,21,0,3,0,63,28,56,0,0,0,1,0,0,0,0,0,0,0,0,0,0,0,0,0,0,0,0,0,0,0,2,0,0,0,0,0,0,0,0,0,33,0,0,0,0,0,0,0,0,0,10,0,0,0,0,0,0,0,0,0,0,0,0,4,0,0,0,0,11,0,16,1,25,0,14,0,36,0,88,0,92,0,13,0,0,0,12,0,0,0,0,0,4,0,0,0,0,0,34,0,2,1,0,0,10,0,2,0,0,0,1,2,3,0,10,9,24,0,0,0,27,0,0,0,0,0,2,0,0,0,0,0,0,0,0,0,0,0,0,0,0,0,0,0,32,0,0,0,0,0,0,0,7,1,0,0,0,0,22,0,0,0,2,0,18,0,0,0,7,5,29,0,42,0,14,0,53,0,4,0,4,0,0,1,0,2,2,0,45,0,0,0
26,0,80,0,123,0,0,0,14,0,43,0,111,303,221,11,229,0,242,77,174,5,106,0,70,0,0,397,35,0,11,0,11,0,50,0,91,4,0,0,67,252,182,16,134,25,20,253,27,4,203,0,0,0,0,0,0,0,0,0,9,0,35,0,5,0,0,0,0,0,17,0,0,0,0,0,0,0,0,0,0,0,0,0,0,0,0,0,0,0,0,0,0,0,0,0,0,0,32,0,0,0,0,0,0,0,0,0,0,0,0,0,0,0,0,0,0,0,2,0,0,0,0,0,0,0,0,0,0,0,0,0,0,0,0,0,113,0,0,0,0,0,0,0,19,0,9,0,29,0,34,0,25,0,20,0,0,0,17,0,0,0,0,0,101,0,35,0,0,0,0,0,0,0,0,0,29,52,5,0,0,0,29,0,18,0,24,5,0,0,0,0,0,0,2,0,0,0,0,0,90,0,0,0,0,0,0,0,19,0,6,0,0,0,0,0,0,0,317,34,24,0,44,12,360,13,35,0,42,0,0,0,0,0,0,1,17,0,7,0,0,0,0,0,0,0,0,0,0
0,105,0,76,0,172,0,38,0,30,0,140,434,91,0,88,0,41,316,291,33,210,0,106,0,0,397,0,0,0,0,91,0,26,36,142,0,69,0,0,96,57,73,164,39,97,27,85,0,13,76,150,0,22,0,31,0,10,0,14,0,0,0,0,0,13,0,8,0,0,0,0,0,0,0,0,0,5,0,0,0,51,0,6,0,0,0,0,0,0,0,0,0,0,0,30,0,0,0,80,0,0,0,0,0,0,0,0,0,0,0,0,0,0,0,0,0,0,0,0,0,0,0,0,0,0,0,0,0,0,0,0,0,38,0,0,0,140,0,0,0,0,0,99,0,18,0,0,0,37,0,19,0,32,0,0,0,0,0,0,1,6,0,1,4,54,0,42,0,67,0,0,0,26,0,0,13,74,0,0,0,0,0,4,0,10,39,17,0,0,0,0,0,0,0,0,0,0,0,0,0,0,0,0,0,0,0,0,0,0,0,0,0,0,0,13,0,0,40,417,0,0,0,113,0,364,0,59,0,193,0,0,0,0,0,11,0,0,0,3,0,0,0,0,0,32,0,0,0
50,0,196,0,86,0,0,0,0,0,33,0,0,0,6,0,129,0,30,0,129,0,53,0,34,0,35,0,0,0,63,0,17,0,32,0,34,0,9,0,0,0,13,0,0,0,0,0,0,0,14,0,5,1,5,0,0,0,0,0,0,0,44,0,0,0,0,0,0,0,21,0,0,0,35,0,0,0,0,0,36,0,0,0,0,0,9,0,0,0,0,0,0,0,0,0,36,0,56,0,0,0,0,0,0,0,0,0,0,0,0,0,0,0,0,0,0,0,0,0,41,0,64,0,0,0,0,0,0,0,0,0,0,0,0,0,0,0,54,0,124,0,85,0,61,0,0,0,0,0,0,0,0,0,39,0,0,0,27,0,0,0,0,0,0,0,1,0,0,0,0,0,1,0,0,0,12,0,0,0,0,0,15,0,0,0,0,0,0,0,0,0,0,0,0,0,0,0,0,0,8,0,0,0,0,0,0,0,0,0,0,0,0,0,0,0,0,0,0,0,0,0,0,0,0,0,3,2,0,0,0,0,1,0,0,0,0,0,0,0,0,0,0,0,0,0,0,0,0
0,233,5,239,2,56,0,122,0,4,0,32,0,0,0,27,0,173,0,8,0,55,6,6,0,21,0,0,0,0,0,57,0,35,0,25,0,54,0,5,0,0,0,0,0,2,0,0,0,0,0,0,0,8,0,20,0,0,0,0,0,4,0,29,0,0,0,0,0,0,0,0,0,0,0,0,0,0,0,0,0,0,0,0,0,4,0,1,0,0,0,0,0,0,0,0,0,0,0,12,0,0,0,0,0,0,0,0,0,0,0,0,0,0,0,0,0,0,0,0,1,0,0,0,0,0,0,0,0,17,0,0,0,13,0,54,0,75,0,114,0,59,0,68,0,20,0,0,0,0,0,0,0,0,0,9,0,0,0,3,0,0,0,0,0,0,0,1,0,0,0,0,0,0,0,0,0,24,0,0,0,0,0,0,0,0,0,1,0,0,0,0,0,0,0,0,0,0,0,0,0,13,0,0,0,0,0,0,0,0,0,0,0,0,0,0,0,0,0,0,0,0,0,0,0,0,0,0,0,0,0,0,0,0,0,0,0,0,0,0,0,0,0,0,0,0,0,0,0
0,0,53,0,206,0,0,0,0,0,63,0,57,0,153,10,130,0,46,0,109,0,9,2,7,0,11,0,63,0,0,0,6,0,7,0,24,0,39,0,0,0,12,0,3,0,0,0,1,0,7,0,7,0,0,0,0,0,0,0,0,0,26,0,0,0,0,0,0,0,15,0,0,0,0,0,0,0,0,0,0,0,0,0,36,0,0,0,0,0,0,0,0,0,0,0,0,0,32,0,0,0,0,0,0,0,0,0,0,0,0,0,0,0,0,0,0,0,0,0,0,0,20,0,0,0,0,0,0,0,0,0,0,0,0,0,0,0,0,0,0,0,20,0,17,0,0,0,0,0,0,0,4,0,4,0,0,0,0,0,0,0,0,0,0,0,41,0,18,0,0,0,10,0,0,0,12,3,6,0,0,0,0,0,0,0,0,0,0,0,0,0,0,0,1,0,0,0,0,0,0,0,0,0,0,0,0,0,0,0,0,0,0,0,4,0,0,0,0,0,0,4,0,0,18,0,20,0,0,0,0,0,0,0,0,0,0,0,0,0,0,0,0,0,0,0,0,0,0
0,0,0,20,8,167,0,0,0,0,0,58,0,32,27,79,0,30,0,175,17,45,6,17,0,7,0,91,0,57,0,0,0,9,0,28,1,11,1,6,0,0,0,2,0,4,0,0,0,2,0,6,0,6,0,9,0,0,0,0,0,0,0,34,0,0,0,0,0,0,0,1,0,0,0,0,0,0,0,0,0,21,0,1,0,13,0,0,0,0,0,0,0,0,0,0,0,17,0,30,0,3,0,0,0,0,0,0,0,0,0,0,0,0,0,0,0,0,0,0,0,14,0,0,0,0,0,4,0,0,0,2,0,0,0,17,0,25,0,56,0,33,0,87,0,21,0,0,0,0,0,0,0,0,0,0,0,9,0,0,0,1,0,0,0,1,0,0,0,0,0,3,0,9,0,0,0,27,0,2,0,2,0,0,0,0,0,1,0,0,0,0,0,0,0,0,0,0,0,0,0,0,0,0,0,0,0,0,0,0,0,0,0,0,0,0,0,0,0,0,0,17,0,3,0,0,0,3,0,15,0,0,0,11,0,0,0,0,0,0,0,0,0,0,0,0,0,0,0
0,0,93,0,239,6,0,0,0,0,178,3,38,0,156,0,104,0,17,0,45,0,18,9,0,0,11,0,17,0,6,0,0,0,11,0,65,0,3,0,0,0,13,0,2,0,0,0,1,0,11,0,0,0,0,0,0,0,0,0,13,0,17,0,0,0,0,0,0,0,2,0,0,0,3,0,0,0,0,0,0,0,0,0,0,0,0,0,0,0,0,0,0,0,0,0,0,0,14,0,0,0,0,0,0,0,0,0,0,0,0,0,0,0,0,0,0,0,0,0,0,0,7,0,0,0,0,0,1,0,0,0,0,0,0,0,0,0,0,0,12,0,0,0,0,0,0,0,1,0,0,0,3,0,0,0,1,0,0,0,0,0,0,0,0,0,18,0,0,0,0,0,5,0,0,0,31,0,9,0,0,0,7,0,0,0,0,0,0,0,0,0,0,0,0,0,0,0,0,0,0,0,0,0,0,0,0,0,0,0,0,0,0,0,2,0,0,0,0,0,4,0,0,0,0,0,30,0,0,0,3,1,4,0,0,0,0,0,0,0,3,0,0,0,11,0,0,0,0
0,118,0,158,24,562,0,28,0,0,11,355,8,0,122,324,3,58,0,23,37,53,16,24,1,7,0,26,0,35,0,9,0,0,0,38,0,22,0,0,0,0,0,2,0,3,0,0,0,0,0,3,0,8,0,21,0,4,0,0,0,0,0,33,0,0,0,0,0,0,0,0,0,0,0,0,0,0,0,0,0,25,0,0,0,0,0,0,0,0,0,4,0,0,0,0,0,0,0,29,0,0,0,0,0,0,0,0,0,0,0,0,0,0,0,0,0,0,0,0,0,10,0,0,0,0,0,2,0,0,0,0,0,0,0,0,0,37,0,37,0,0,0,55,0,9,0,0,0,5,0,0,0,0,0,0,0,5,0,0,0,0,0,2,0,0,0,13,0,0,0,2,0,2,0,0,1,86,0,20,0,0,0,0,0,0,0,1,0,0,0,0,0,0,0,0,0,0,0,0,0,0,0,0,0,0,0,0,0,0,0,0,0,0,0,0,0,0,0,0,0,0,0,1,0,0,0,14,0,8,0,1,0,0,0,0,0,0,0,0,0,0,0,0,10,0,0,0,0
0,0,0,0,62,0,0,0,0,0,4,0,88,47,74,7,28,0,243,41,47,5,0,0,0,0,50,36,32,0,7,0,11,0,0,0,25,0,23,0,0,0,9,1,15,0,0,4,0,0,42,0,0,0,0,0,0,0,0,0,0,0,11,0,0,0,0,0,0,0,7,0,0,0,10,0,0,0,0,0,0,0,2,0,0,0,0,0,0,0,0,0,0,0,0,0,0,0,0,0,0,0,0,0,0,0,0,0,0,0,0,0,0,0,0,0,0,0,0,0,0,0,0,0,0,0,0,0,0,0,0,0,0,0,0,0,0,0,0,0,0,0,0,0,13,0,0,0,1,0,0,0,0,0,0,0,0,0,0,0,0,0,0,0,45,0,50,0,15,0,2,0,13,0,0,0,17,6,9,0,0,0,1,0,0,0,4,0,3,0,0,0,0,0,0,0,0,0,0,0,0,0,0,0,0,0,0,0,0,0,0,0,0,0,0,0,0,0,13,0,0,5,9,0,64,0,36,0,39,0,0,0,0,0,3,0,0,11,0,0,0,0,0,0,0,0,0,0,0
0,0,1,0,7,108,0,0,0,0,0,31,14,168,7,44,0,12,0,259,4,43,0,6,0,0,0,142,0,25,0,28,0,38,0,0,0,59,0,8,0,0,0,5,0,17,0,0,0,0,0,20,0,0,0,10,0,4,0,0,0,17,0,25,0,0,0,0,0,0,0,0,0,0,0,2,0,0,0,0,0,0,0,0,0,0,0,0,0,0,0,0,0,0,0,0,0,0,0,22,0,0,0,0,0,0,0,0,0,0,0,0,0,0,0,0,0,0,0,0,0,0,0,0,0,0,0,0,0,0,0,0,0,0,0,5,0,0,0,43,0,33,0,57,0,25,0,0,0,0,0,0,0,0,0,4,0,9,0,0,0,0,0,0,0,12,0,16,0,14,0,0,0,9,0,0,0,12,0,0,0,0,0,0,0,0,0,12,0,0,0,0,0,0,0,0,0,0,0,0,0,0,0,0,0,0,0,0,0,0,0,0,0,0,0,0,0,0,0,0,0,18,0,5,1,0,0,12,0,38,0,7,0,0,0,0,0,3,0,0,0,0,0,2,0,6,0,0,0
0,0,13,0,181,9,0,0,2,0,109,0,136,14,121,7,14,0,109,21,66,4,19,0,0,0,91,0,34,0,24,1,65,0,25,0,0,0,54,0,0,0,70,0,49,0,0,0,1,0,103,0,10,0,2,0,0,0,0,0,70,0,41,0,0,0,0,0,0,0,30,0,0,0,49,0,0,0,0,0,26,0,0,0,0,0,8,0,0,0,9,0,0,0,0,0,32,0,55,0,0,0,0,0,2,0,0,0,0,0,0,0,0,0,0,0,0,0,1,0,37,0,27,0,0,0,0,0,1,0,0,0,0,0,0,0,0,0,89,0,78,0,46,0,130,0,0,0,0,0,0,0,0,0,58,0,36,0,25,0,0,0,0,0,22,0,60,0,37,0,10,0,36,0,0,0,9,3,17,0,0,0,0,0,0,0,3,0,0,0,0,0,0,0,0,0,0,0,0,0,0,0,0,0,0,0,0,0,0,0,0,0,0,0,0,0,0,0,3,0,30,0,8,0,37,0,18,3,56,5,16,0,4,0,2,0,15,7,5,0,1,0,0,0,38,0,0,0,0
0,79,0,36,33,443,0,16,0,0,9,494,29,202,121,156,0,11,17,149,21,58,14,11,1,7,4,69,0,54,0,11,0,22,0,59,0,0,0,29,0,0,0,45,1,54,0,1,0,1,2,50,0,5,0,6,0,6,0,0,0,82,0,52,0,0,0,0,0,1,0,0,0,1,0,0,0,0,0,0,0,0,0,0,0,0,0,0,0,1,0,0,0,0,0,0,0,0,0,7,0,0,0,0,0,0,0,0,0,0,0,0,0,0,0,0,0,0,0,0,0,0,0,2,0,0,0,0,0,0,0,0,0,0,0,0,0,13,0,76,0,61,0,64,0,72,0,0,0,0,0,0,0,0,0,4,0,88,0,0,0,0,0,0,0,8,0,25,0,7,0,1,0,12,0,0,2,103,0,11,0,0,0,5,0,0,1,20,0,0,0,0,0,0,0,0,0,0,0,0,0,0,0,0,0,0,0,0,0,0,0,0,0,0,0,0,0,0,0,0,0,9,0,2,0,14,0,98,0,45,0,4,0,13,0,0,0,2,1,0,0,0,1,1,0,0,0,0,0
151,0,317,20,423,9,0,0,2,0,330,4,12,0,65,25,131,22,0,0,30,0,115,29,0,6,0,0,9,0,39,1,3,0,23,0,54,0,0,0,0,0,23,0,4,0,0,0,0,0,35,0,7,0,0,0,0,0,0,0,21,0,31,0,1,0,0,0,0,0,0,0,0,0,9,0,0,0,0,0,0,0,0,0,0,0,0,0,0,0,0,0,0,0,0,0,0,0,0,0,0,0,0,0,0,0,0,0,0,0,0,0,0,0,0,0,0,0,0,0,6,0,0,0,0,0,0,0,0,0,0,0,0,0,0,0,0,0,0,0,0,0,0,0,12,0,0,0,0,0,0,0,0,0,3,0,2,0,6,0,0,0,1,0,0,0,17,0,3,0,0,0,5,0,3,0,142,8,2,0,0,0,107,0,0,0,0,0,0,0,0,0,0,0,0,0,0,0,0,0,0,0,0,0,0,0,0,0,0,0,0,1,0,0,4,4,0,0,0,0,15,0,0,0,0,0,22,0,14,0,0,0,14,0,0,0,0,0,2,1,0,0,1,0,7,0,0,0,0
0,307,13,199,0,63,0,98,0,7,3,67,0,0,1,25,0,97,0,0,0,5,0,12,0,22,0,0,0,5,0,6,0,0,0,8,0,29,0,0,0,0,0,0,0,1,0,0,0,0,0,0,0,1,0,14,0,0,0,0,0,10,0,41,0,3,0,0,0,0,0,0,0,0,0,0,0,0,0,0,0,0,0,1,0,0,0,0,0,0,0,0,0,0,0,0,0,0,0,0,0,1,0,0,0,0,0,0,0,0,0,0,0,0,0,0,0,0,0,0,0,0,0,0,0,0,0,0,0,0,0,0,0,0,0,0,0,31,0,56,0,21,0,17,0,36,0,0,0,0,0,0,0,0,0,2,0,21,0,1,0,0,0,0,0,0,0,0,0,0,0,0,0,7,0,0,0,50,0,4,0,0,0,0,0,2,0,0,0,0,0,0,0,0,0,0,0,0,0,0,0,0,0,0,0,0,0,0,0,0,0,0,0,0,0,0,0,0,0,0,0,0,0,2,0,0,1,8,0,9,0,0,0,0,0,0,0,0,0,0,0,0,0,0,0,1,0,0,0
21,0,41,0,42,0,13,0,16,1,42,0,274,41,26,2,0,0,12,7,0,0,1,0,4,0,67,96,0,0,0,0,0,0,0,0,0,0,0,0,0,165,15,2,31,20,22,173,58,11,0,0,1,0,0,0,0,0,0,0,0,0,0,0,1,0,0,0,0,0,0,0,0,0,0,0,0,0,0,0,0,0,0,0,0,0,0,0,0,0,0,0,0,0,0,0,0,0,0,0,0,0,0,0,0,0,0,0,0,0,0,0,0,0,0,0,0,0,1,0,0,0,0,0,0,0,0,0,0,0,0,0,0,0,0,0,3,0,0,0,0,0,0,0,0,0,2,0,0,0,7,0,7,0,0,0,0,0,0,0,0,0,0,0,11,0,4,0,0,0,0,0,0,0,0,0,12,24,17,0,9,0,10,0,2,0,93,3,0,0,0,0,0,0,0,0,0,0,0,0,0,0,0,0,0,0,0,0,0,0,0,0,0,0,0,0,0,0,242,64,0,0,87,117,24,0,0,0,0,0,0,0,0,0,2,0,0,0,0,0,0,0,0,0,8,0,0,0,0
0,47,0,0,0,32,0,18,0,0,0,218,91,430,0,5,0,0,27,40,5,0,0,0,0,0,252,57,0,0,0,0,0,0,0,0,0,0,0,0,165,0,30,7,88,12,89,79,0,102,7,5,0,0,0,4,0,0,0,0,0,0,0,0,0,0,0,0,0,0,0,0,0,0,0,0,0,0,0,0,0,0,0,0,0,0,0,0,0,0,0,0,0,0,0,0,0,0,0,0,0,0,0,0,0,0,0,0,0,0,0,0,0,0,0,0,0,0,0,0,0,0,0,0,0,0,0,0,0,0,0,0,0,0,0,0,0,0,0,0,0,0,0,0,0,0,0,0,0,0,0,11,0,8,0,2,0,0,0,0,0,0,0,0,0,13,0,1,0,0,0,0,0,0,0,4,0,134,0,2,0,8,0,1,0,2,16,19,0,0,0,0,0,0,0,0,0,0,0,0,0,0,0,0,0,0,0,0,0,2,0,0,0,0,0,0,0,0,104,105,0,0,7,205,0,0,0,0,0,0,0,0,0,0,0,0,0,0,0,0,0,0,0,0,1,0,0,0,0
0,0,0,0,4,0,0,0,0,0,0,0,105,37,8,0,16,0,47,17,34,0,0,0,6,0,182,73,13,0,12,0,13,0,9,0,70,0,23,0,15,30,0,3,134,4,28,39,6,1,32,0,0,0,0,0,4,0,0,0,4,0,11,0,0,0,0,0,0,0,21,0,0,0,0,0,0,0,5,0,15,0,0,0,20,0,0,0,0,0,0,0,0,0,6,0,23,0,37,0,0,0,3,0,0,0,0,0,0,0,0,0,0,0,0,0,0,0,0,0,21,0,7,0,0,0,0,0,0,0,0,0,0,0,0,0,0,0,0,0,0,0,0,0,14,0,0,0,0,0,0,0,0,0,0,0,0,0,0,0,0,0,0,0,36,0,49,0,14,0,2,0,14,0,0,0,0,2,0,0,0,0,0,0,0,0,35,1,0,0,0,0,0,0,0,0,0,0,0,0,0,0,0,0,0,0,0,0,0,0,1,0,0,0,3,0,0,0,90,8,0,0,21,0,75,0,6,0,8,0,0,0,0,0,2,0,0,3,0,0,0,0,0,0,12,0,0,0,0
0,0,0,3,2,3,0,12,0,0,0,7,9,165,0,0,0,0,9,28,3,6,0,0,0,3,16,164,0,0,0,2,0,2,1,5,0,45,0,0,2,7,3,0,3,16,0,10,0,1,1,6,0,0,0,9,0,1,0,0,0,4,0,0,0,0,0,0,0,0,0,0,0,0,0,0,0,0,0,0,0,8,0,0,0,0,0,3,0,0,0,0,0,0,0,0,0,0,0,0,0,0,0,0,0,0,0,0,0,0,0,0,0,0,0,0,0,0,0,0,0,9,0,0,0,0,0,0,0,0,0,0,0,0,0,1,0,0,0,8,0,10,0,19,0,13,0,0,0,1,0,0,0,0,0,0,0,0,0,1,0,2,0,0,0,6,0,4,0,12,0,0,0,0,0,0,0,13,0,1,0,0,0,0,0,0,0,36,0,0,0,0,0,0,0,0,0,0,0,0,0,0,0,0,0,0,0,0,0,0,0,0,0,0,0,0,0,0,4,10,0,10,0,2,1,15,0,12,0,17,0,3,0,7,0,0,0,0,0,0,0,0,0,0,0,4,0,0,0
0,0,7,0,5,0,0,0,0,0,0,0,51,21,6,0,65,0,32,0,53,0,17,0,19,0,134,39,0,0,3,0,2,0,15,0,49,1,4,0,31,88,134,3,0,12,64,93,41,5,29,0,4,0,2,0,0,0,0,0,0,0,14,0,0,0,0,0,3,0,12,0,0,0,0,0,0,0,0,0,23,0,0,0,53,0,0,0,0,0,11,0,3,0,8,0,41,0,0,0,0,0,6,0,0,0,9,0,0,0,0,0,0,0,0,0,0,0,0,0,27,0,18,0,0,0,0,0,5,0,0,0,0,0,0,0,36,0,0,0,0,0,36,0,26,0,0,0,1,0,0,0,2,0,10,0,0,0,0,0,0,0,4,0,84,0,11,0,15,0,10,0,9,0,0,0,0,6,1,0,2,0,2,0,0,0,24,0,0,0,0,0,0,0,0,0,5,0,0,0,28,0,0,0,0,0,0,0,6,0,5,0,0,0,0,0,3,0,258,31,6,0,170,55,95,0,29,0,33,0,0,0,0,0,6,0,15,0,3,0,0,0,0,0,23,0,0,0,0
0,9,0,0,0,0,0,0,0,0,0,11,12,16,0,0,0,0,0,11,1,18,0,0,0,0,25,97,0,2,0,4,0,3,0,17,0,54,0,1,20,12,4,16,12,0,6,52,3,58,2,28,0,0,0,0,0,8,0,4,0,3,0,7,0,0,0,0,0,0,0,3,0,0,0,4,0,8,0,0,0,17,0,4,0,10,0,17,0,0,0,8,0,0,0,15,0,0,0,22,0,0,0,2,0,7,0,6,0,0,0,0,0,0,0,0,0,0,0,0,0,0,0,6,0,0,0,0,0,0,0,0,0,0,0,0,0,8,0,0,0,15,0,44,0,16,0,1,0,0,0,4,0,0,0,0,0,0,0,0,0,5,0,0,0,74,0,27,0,55,0,1,0,9,0,5,0,18,0,0,0,0,0,0,0,0,0,26,0,0,0,0,0,0,0,15,0,7,0,2,0,0,0,0,0,0,0,0,0,0,0,0,0,2,0,3,0,11,6,125,0,10,2,212,0,46,0,33,0,43,0,9,0,16,0,0,0,2,0,1,0,1,0,0,0,10,0,0,0
6,0,11,0,14,0,0,0,5,0,0,0,60,18,11,0,4,0,4,0,0,0,0,0,4,0,20,27,0,0,0,0,0,0,0,0,0,0,0,0,22,89,28,0,64,6,0,74,25,3,5,0,0,0,0,0,0,0,0,0,0,0,0,0,0,0,0,0,0,0,0,0,0,0,0,0,0,0,0,0,0,0,0,0,0,0,0,0,0,0,0,0,0,0,0,0,0,0,0,0,0,0,0,0,0,0,0,0,0,0,0,0,0,0,0,0,0,0,0,0,0,0,0,0,0,0,0,0,0,0,0,0,0,0,0,0,0,0,0,0,0,0,0,0,2,0,0,0,1,0,3,0,0,0,0,0,0,0,0,0,0,0,0,0,0,2,0,0,0,0,0,0,0,0,1,0,4,10,4,0,0,0,0,0,1,0,17,0,0,0,0,0,0,0,0,0,0,0,0,0,0,0,0,0,0,0,0,0,0,0,0,0,0,0,0,0,0,0,195,35,0,0,46,31,0,0,3,0,0,0,2,0,0,0,0,0,1,0,0,0,0,0,0,0,0,0,0,0,0
0,14,0,8,0,48,0,0,0,4,0,61,94,186,0,0,0,3,36,45,6,7,0,0,0,0,253,85,0,0,0,0,0,0,4,0,0,1,0,0,173,79,39,10,93,52,74,0,6,31,11,6,0,0,0,0,0,0,0,0,0,0,0,0,0,0,0,1,0,0,0,0,0,0,0,0,0,0,0,0,0,0,0,0,0,0,0,0,0,0,0,0,0,0,0,0,0,0,0,0,0,3,0,0,0,0,0,0,0,0,0,0,0,0,0,0,0,0,0,0,0,0,0,0,0,1,0,0,0,0,0,0,0,0,0,0,0,8,0,0,0,0,0,0,0,0,0,0,0,0,0,3,0,0,0,0,0,0,0,1,0,0,0,0,0,14,0,1,0,0,0,0,0,0,0,0,0,63,0,0,0,0,0,0,0,0,14,5,0,0,0,0,0,0,0,0,0,0,0,0,0,0,0,0,0,0,0,0,0,0,0,0,0,0,0,0,0,0,52,272,0,0,0,217,0,0,0,5,0,0,0,3,0,0,0,0,0,0,0,0,0,0,0,0,0,0,0,0,0
33,0,38,0,41,0,28,0,0,0,17,0,59,0,13,0,8,0,7,0,10,0,4,0,26,0,27,0,0,0,1,0,1,0,0,0,1,0,0,0,58,0,6,0,41,3,25,6,0,0,4,0,12,0,25,0,19,0,5,1,17,0,4,0,0,0,0,0,4,0,1,0,2,0,0,0,0,0,2,0,0,0,0,0,8,0,2,0,6,0,0,0,4,0,6,0,3,0,0,0,0,0,22,0,2,0,0,0,0,0,0,0,0,0,0,0,0,0,0,0,0,0,3,0,0,0,0,0,0,0,0,0,0,0,2,1,5,0,0,0,3,1,9,0,0,0,0,0,4,0,7,0,7,0,7,0,8,0,0,0,6,0,4,0,10,0,26,0,13,0,7,0,10,0,0,0,14,5,6,0,8,0,6,0,6,0,52,0,0,0,9,0,15,0,5,0,10,0,6,0,10,0,18,0,16,0,0,0,4,1,2,0,5,0,6,0,12,0,172,19,81,0,167,88,63,0,59,0,56,0,2,0,0,0,7,0,5,0,5,0,0,0,5,0,9,0,0,0,0
0,8,0,0,0,1,0,0,0,2,0,17,2,12,0,0,0,1,0,2,0,6,0,5,0,0,4,13,0,0,0,2,0,0,0,0,0,1,0,0,11,102,1,1,5,58,3,31,0,0,0,0,0,0,0,2,0,0,0,0,0,0,0,6,0,0,0,0,0,4,1,0,0,0,0,0,0,3,0,0,0,0,0,6,0,2,0,3,0,2,0,2,0,0,0,8,0,1,0,6,0,2,0,1,0,0,0,2,0,0,0,0,0,0,0,0,0,1,0,0,0,0,0,0,0,0,0,0,0,0,0,0,0,0,0,0,0,2,0,0,0,1,0,1,0,3,0,0,0,0,0,1,0,0,0,1,0,0,0,0,0,0,0,2,0,16,0,26,0,10,0,2,0,0,0,1,0,62,0,0,0,5,0,0,0,0,0,32,0,0,0,0,0,0,0,5,0,0,0,0,0,3,0,0,0,0,0,0,0,0,0,0,0,1,0,2,0,8,15,11,0,6,13,138,0,6,0,8,0,19,0,0,0,4,0,3,0,1,0,0,0,0,0,0,0,5,0,0,0
0,0,0,0,33,3,0,0,2,0,2,0,132,38,18,4,11,0,237,25,57,0,0,0,0,0,203,76,14,0,7,0,11,0,42,0,103,2,35,0,0,7,32,1,29,2,5,11,4,0,0,0,0,0,1,0,4,0,1,0,5,0,6,0,0,0,0,0,0,0,17,0,0,0,8,0,0,0,0,0,0,0,0,0,30,0,9,0,0,0,0,0,0,0,0,0,26,0,28,0,0,0,0,0,0,0,0,0,0,0,0,0,0,0,0,0,0,0,0,0,15,0,13,0,0,0,0,0,0,0,0,0,0,0,0,0,0,0,0,0,0,0,0,0,16,0,0,0,0,0,0,0,0,0,0,0,2,0,0,0,0,0,10,0,36,0,21,0,22,0,8,0,40,0,0,0,3,2,14,0,0,0,0,0,0,0,8,0,0,0,0,0,0,0,3,0,0,0,3,0,0,0,0,0,0,0,0,0,1,0,0,0,0,0,10,0,0,0,16,0,19,0,21,0,86,3,6,0,35,1,0,0,10,0,4,0,0,5,5,0,0,0,0,0,15,0,0,0,0
0,10,0,3,0,9,0,17,0,17,0,6,3,193,1,1,0,3,4,73,0,15,0,2,0,0,0,150,0,0,0,6,0,3,0,20,0,50,0,0,0,5,0,6,0,28,0,6,0,0,0,0,0,0,0,16,0,5,0,2,0,4,0,2,0,0,0,0,0,0,0,0,0,0,0,0,0,2,0,0,0,6,0,0,0,0,0,7,0,0,0,0,0,0,0,4,0,0,0,0,0,0,0,0,0,0,0,0,0,0,0,0,0,0,0,0,0,0,0,0,0,10,0,0,0,0,0,0,0,0,0,0,0,0,0,0,0,7,0,6,0,11,0,30,0,24,0,0,0,0,0,0,0,0,0,5,0,7,0,0,0,0,0,2,0,1,0,3,0,27,0,3,0,9,0,0,0,6,0,0,0,0,0,0,0,0,0,30,0,6,0,1,0,0,0,2,0,0,0,0,0,0,0,0,0,0,0,0,0,0,0,0,0,0,0,6,0,3,1,0,0,25,0,7,0,15,0,18,0,29,0,8,0,27,0,1,0,0,0,1,0,0,0,3,0,19,0,0,0
14,1,0,0,0,0,30,7,203,35,0,0,2,0,0,0,157,0,0,0,21,0,0,0,133,0,0,0,5,0,7,0,0,0,0,0,10,0,7,0,1,0,0,0,4,0,0,0,12,0,0,0,0,7,122,46,75,16,9,6,74,0,94,4,0,0,23,24,0,0,5,0,0,0,9,0,0,0,0,0,0,0,0,0,52,0,0,0,0,0,7,0,0,0,0,0,26,0,0,0,0,0,0,0,0,0,6,0,0,0,0,0,0,0,0,0,0,0,0,0,0,0,19,0,1,0,0,0,26,0,25,0,20,0,2,0,135,0,127,0,126,0,58,0,28,0,0,0,2,0,0,0,0,0,353,11,69,0,136,0,10,0,13,0,1,0,0,0,18,0,64,0,8,0,0,0,17,4,0,0,0,0,8,0,95,6,0,0,0,0,0,0,0,0,0,0,0,0,0,0,20,0,0,0,0,0,3,0,0,0,20,0,0,0,85,0,0,0,10,0,46,0,39,0,28,0,59,2,179,0,0,0,31,0,4,2,1,0,7,0,0,0,1,0,43,5,0,0,0
0,23,0,3,0,0,3,22,30,204,0,12,0,0,1,6,5,66,0,20,0,15,3,11,18,10,0,22,1,8,0,6,0,8,0,0,0,5,0,1,0,0,0,0,0,0,0,0,0,0,0,0,7,0,46,58,2,56,7,7,0,14,0,30,0,0,4,12,0,0,0,0,0,0,0,0,0,0,0,0,0,0,0,0,0,1,0,0,0,0,0,0,0,0,0,0,0,2,0,0,0,0,0,0,0,0,0,0,0,0,0,0,0,0,0,0,0,0,0,0,0,0,0,0,0,0,0,5,0,40,0,5,0,7,0,2,0,24,0,64,0,9,0,10,0,25,0,0,0,0,0,0,0,0,0,60,0,24,0,29,0,24,0,0,0,0,0,0,0,0,0,13,0,5,0,0,3,57,0,0,0,0,0,11,0,13,0,0,0,0,0,0,0,0,0,0,0,0,0,0,0,0,0,0,0,0,0,0,1,0,0,0,0,2,0,28,0,0,0,0,0,27,0,12,0,2,0,4,0,41,0,2,0,14,0,2,0,0,0,0,0,0,0,0,6,5,0,0,0
9,11,25,0,9,0,58,25,241,201,2,1,4,0,0,0,20,0,0,0,8,0,16,0,146,6,0,0,5,0,0,0,0,0,0,0,2,0,0,0,0,0,0,0,2,0,0,0,25,0,1,0,122,46,0,200,65,58,3,7,20,0,39,19,24,0,23,38,0,0,0,0,0,0,0,0,0,0,2,0,0,0,0,0,0,0,0,0,0,0,0,0,0,0,0,0,0,1,0,1,0,0,0,0,0,0,0,0,0,0,0,0,0,0,0,0,0,0,0,0,0,0,0,0,11,0,1,0,8,0,46,0,7,0,0,0,28,0,7,0,8,0,19,0,0,0,2,0,21,0,0,0,0,0,31,27,8,0,13,0,68,0,0,0,2,0,0,0,29,0,66,0,4,0,0,0,21,24,0,0,0,0,2,0,11,8,2,0,0,0,0,0,0,0,0,0,0,0,0,0,6,0,0,0,0,0,0,0,4,0,40,0,23,1,301,12,0,0,0,0,158,0,56,0,57,1,124,9,241,0,21,1,155,22,45,0,0,0,106,0,26,0,15,0,271,12,0,0,0
21,38,8,36,0,28,45,160,171,416,0,9,0,22,2,44,8,46,0,43,0,28,5,11,134,39,0,31,0,20,0,9,0,21,0,10,0,6,0,14,0,4,0,9,0,0,0,0,0,2,0,16,46,58,200,0,4,128,8,58,2,23,37,144,0,0,13,9,0,0,0,0,0,0,0,0,0,0,0,0,0,0,0,0,0,0,0,0,0,0,0,3,0,0,0,0,0,11,0,1,0,0,0,0,0,0,0,0,0,0,0,0,0,0,0,0,0,0,0,0,0,0,0,0,0,21,0,13,0,51,0,23,0,27,0,44,0,83,0,14,0,2,0,4,0,3,0,3,0,8,0,0,0,2,1,38,0,8,0,1,0,27,0,0,0,0,0,3,0,15,0,12,0,13,0,0,9,55,0,0,0,0,0,10,0,6,0,1,0,0,0,0,0,0,0,0,0,0,0,0,0,6,0,0,0,0,0,0,0,12,0,0,0,24,0,176,0,0,1,28,0,196,2,68,0,40,8,54,0,226,0,6,6,216,0,32,0,0,0,22,0,1,0,3,11,104,0,0,0
0,0,0,0,7,0,8,0,19,11,0,0,3,0,0,0,0,0,1,0,0,0,0,0,45,0,0,0,0,0,0,0,0,0,0,0,0,0,0,0,0,0,4,0,0,0,0,0,19,0,4,0,75,2,65,4,0,22,40,20,3,0,0,0,20,15,58,88,0,0,0,0,3,0,0,0,0,0,0,0,0,0,0,0,2,0,0,0,0,0,0,0,0,0,0,0,0,0,0,0,0,0,0,0,0,0,0,0,0,0,0,0,0,0,0,0,0,0,0,0,0,0,0,0,7,0,3,0,27,0,41,0,22,0,0,0,27,1,7,8,0,0,19,0,8,7,0,0,6,0,0,0,0,0,110,34,20,0,61,37,115,0,29,0,0,0,3,0,44,0,40,0,6,0,0,7,2,1,0,0,6,6,0,0,15,11,2,0,0,0,0,0,0,0,0,0,0,0,0,0,6,0,0,0,0,0,0,0,4,0,55,0,67,0,348,0,0,0,26,0,230,3,129,0,52,1,96,2,372,0,11,0,388,4,302,0,11,0,102,0,9,0,7,0,424,0,0,0,0
0,7,0,11,0,6,0,40,84,93,0,0,0,7,0,7,0,9,0,0,0,0,0,8,8,21,0,10,0,0,0,0,0,4,0,4,0,6,0,0,0,0,0,1,0,8,0,0,0,0,0,5,16,56,58,128,22,0,20,112,0,0,3,26,2,0,33,9,0,0,0,0,0,0,0,0,0,0,0,0,0,0,0,1,0,0,0,0,0,0,0,0,0,0,0,0,0,2,0,0,0,0,0,0,0,0,0,0,0,0,0,0,0,0,0,0,0,0,0,0,0,0,0,0,0,14,0,16,0,50,0,35,0,36,0,52,0,45,0,23,0,0,0,4,0,1,0,2,0,0,0,0,0,0,0,242,0,10,0,79,0,42,0,0,0,0,0,0,0,19,0,34,0,6,0,0,0,10,0,0,1,0,0,0,1,24,0,0,0,0,0,0,0,0,0,0,0,0,0,0,0,10,0,0,0,0,0,0,0,4,0,12,0,38,0,194,0,0,0,20,3,235,1,108,0,40,3,38,0,305,0,0,4,136,2,62,1,0,2,4,1,0,0,0,5,52,0,0,0
4,0,8,0,3,2,1,2,44,13,0,0,0,1,0,0,0,0,2,0,0,0,0,0,3,0,0,0,0,0,0,0,0,0,0,0,0,0,0,0,0,0,0,0,0,0,0,0,5,0,1,0,9,7,3,8,40,20,0,32,4,0,0,0,174,18,284,105,0,0,1,0,0,0,0,1,0,0,0,0,0,0,0,0,0,0,0,0,0,0,0,0,0,0,0,0,0,0,0,0,0,0,0,0,0,0,0,0,0,0,0,0,0,0,0,0,0,0,0,0,0,0,0,0,2,0,1,0,0,0,25,0,5,0,0,0,0,0,0,0,0,0,1,0,2,10,0,0,18,0,0,0,0,0,80,44,23,0,12,34,17,0,6,0,0,0,5,0,0,0,0,0,0,0,13,4,15,3,0,0,12,14,0,0,47,24,0,0,0,0,0,0,0,0,0,0,0,0,0,0,0,0,0,0,0,0,0,0,0,0,0,0,0,0,165,0,0,0,12,0,134,4,54,1,18,0,63,3,95,0,12,0,291,4,264,4,13,0,89,0,13,0,0,0,422,0,0,0,0
0,15,0,6,0,13,0,28,15,120,0,10,0,12,2,0,0,0,0,9,0,0,0,0,0,3,0,14,0,0,0,0,0,0,0,0,0,0,0,0,0,0,0,0,0,4,0,0,1,0,0,2,6,7,7,58,20,112,32,0,0,0,0,4,4,37,67,51,0,0,0,0,0,0,0,0,0,0,0,0,0,0,0,0,0,0,0,0,0,0,0,0,0,0,0,0,0,0,0,0,0,0,0,0,0,0,0,0,0,0,0,0,0,0,0,0,0,0,0,0,0,0,0,0,0,6,0,0,0,3,0,3,0,2,0,2,0,5,0,1,0,0,0,0,0,7,0,0,0,3,0,3,0,0,21,109,0,16,0,19,0,17,0,5,0,0,0,0,0,12,0,17,0,5,1,3,0,3,0,0,0,0,0,1,1,49,0,0,0,0,0,0,0,0,0,0,0,0,0,0,0,0,0,0,0,0,0,1,0,2,0,10,0,55,4,369,0,0,1,32,0,385,0,111,0,49,2,53,0,341,0,6,0,497,0,392,0,4,0,0,0,0,0,1,0,96,0,0,0
297,11,180,0,56,0,59,4,94,0,6,0,1,0,0,0,54,8,4,0,6,0,25,3,51,0,9,0,0,0,0,0,13,0,0,0,70,0,21,0,0,0,4,0,0,0,0,0,17,0,5,0,74,0,20,2,3,0,4,0,0,0,59,0,0,0,0,0,0,0,4,0,1,0,4,0,0,0,0,0,0,0,0,0,0,0,0,0,0,0,0,0,0,0,0,0,0,0,0,0,0,0,0,0,0,0,0,0,0,0,0,0,0,0,0,0,0,0,0,0,3,0,8,0,1,0,0,0,0,0,0,0,0,0,0,0,0,0,138,0,62,0,0,0,139,0,0,0,1,0,3,0,0,0,90,0,91,0,57,0,0,0,11,0,0,0,2,0,5,0,50,0,39,0,0,0,65,1,0,0,2,0,84,0,8,0,0,0,0,0,0,0,0,0,0,0,0,0,0,0,0,0,0,0,0,0,0,0,0,0,18,0,2,0,41,0,0,0,4,0,33,0,17,0,8,0,49,0,61,0,8,0,27,0,4,0,0,0,2,0,1,0,0,0,19,0,0,0,0
26,532,30,105,0,46,0,234,0,84,5,71,0,0,0,26,44,77,0,0,0,21,40,15,38,63,0,0,0,4,0,0,0,0,0,17,0,82,0,10,0,0,0,4,0,3,0,0,0,0,0,4,0,14,0,23,0,0,0,0,0,0,0,84,0,0,0,0,0,0,0,2,0,0,0,0,0,0,0,0,0,0,0,0,0,0,0,0,0,0,0,0,0,0,0,1,0,0,0,1,0,0,0,0,0,0,0,0,0,0,0,0,0,0,0,0,0,0,0,0,0,2,0,0,0,0,0,0,0,0,0,0,0,0,0,0,0,0,0,182,0,104,0,56,0,243,0,0,0,2,0,0,0,0,0,12,0,63,0,5,0,3,0,3,0,2,0,4,0,4,0,35,9,38,0,0,2,94,0,7,0,0,0,34,0,0,0,0,0,0,0,0,0,0,0,0,0,1,0,0,0,0,0,0,0,0,0,0,0,0,0,0,0,0,1,13,0,0,0,5,0,18,0,8,0,0,0,31,0,81,0,5,0,12,0,3,0,2,0,1,0,0,0,0,0,16,0,0,0
346,25,385,0,23,0,130,38,212,27,6,0,0,0,0,2,639,0,21,0,58,0,68,3,199,28,35,0,44,0,26,0,17,0,11,0,41,0,31,0,0,0,11,0,14,0,0,0,4,0,6,0,94,0,39,37,0,3,0,0,59,0,0,0,0,0,1,0,0,0,6,0,0,0,7,0,0,0,0,0,0,0,0,0,37,0,3,0,0,0,0,0,0,0,0,0,19,0,5,0,0,0,0,0,0,0,6,0,0,0,0,0,0,0,0,0,0,0,0,0,0,0,15,0,0,0,0,0,0,0,0,0,0,0,0,0,39,0,67,0,53,0,35,0,46,0,0,0,0,0,0,0,0,0,130,0,64,0,43,0,0,0,4,0,0,0,0,0,7,0,15,0,21,0,0,0,43,7,0,0,0,0,91,0,6,0,0,0,0,0,0,0,0,0,0,0,0,0,0,0,10,0,0,0,0,0,0,0,1,0,0,0,0,0,29,5,0,0,3,0,28,0,9,3,11,0,25,0,30,0,0,0,18,0,0,0,1,0,0,1,0,0,0,0,16,7,0,0,0
17,174,13,22,0,17,16,183,8,230,0,27,0,0,0,14,14,296,0,43,0,99,11,32,61,56,0,0,0,29,0,34,0,33,0,25,0,52,0,41,0,0,0,0,0,7,0,0,0,6,0,2,4,30,19,144,0,26,0,4,0,84,0,0,0,0,0,2,0,0,0,1,0,0,0,0,0,0,0,0,0,1,0,0,0,0,0,0,0,0,0,0,0,0,0,0,0,0,0,0,0,0,0,0,0,0,0,0,0,0,0,0,0,0,0,0,0,0,0,0,0,0,0,0,0,0,0,0,0,11,0,0,0,5,0,0,0,0,0,197,0,24,0,10,0,96,0,0,0,0,0,0,0,0,0,59,0,107,0,38,0,7,0,0,0,2,0,0,0,0,0,10,0,0,0,0,0,103,0,0,0,0,0,44,0,6,0,0,0,0,0,0,0,0,0,0,0,0,0,0,0,0,0,0,0,0,0,0,0,0,0,0,0,0,0,14,0,0,0,1,0,7,0,7,0,0,0,11,2,30,0,5,0,22,0,5,0,1,1,0,0,0,0,0,0,11,0,0,0
7,1,6,0,0,0,4,0,72,0,5,0,0,0,5,0,0,0,3,0,0,0,0,0,0,0,5,0,0,0,0,0,0,0,0,0,0,0,1,0,1,0,0,0,0,0,0,0,0,0,0,0,0,0,24,0,20,2,174,4,0,0,0,0,0,0,174,14,0,0,3,0,0,0,0,0,0,1,0,0,0,4,0,0,0,0,0,0,0,0,0,0,0,0,0,3,0,0,0,0,0,0,0,0,1,0,0,0,0,0,0,0,0,0,0,0,0,0,0,0,3,0,0,0,1,0,2,0,0,0,8,2,1,0,3,0,1,0,21,10,0,4,1,0,10,0,3,0,42,3,3,0,1,0,3,18,0,0,10,18,122,30,0,3,0,0,0,0,0,0,0,0,0,0,45,26,1,0,0,0,21,0,0,0,34,3,0,0,0,0,0,0,0,0,0,0,0,0,0,0,0,0,0,0,0,0,1,0,0,0,0,0,0,0,20,0,0,0,0,0,0,0,21,0,0,0,10,6,17,0,0,0,0,3,82,22,0,0,59,0,1,0,4,0,30,3,0,0,0
0,27,0,7,0,10,0,0,0,108,0,9,0,7,0,3,0,0,1,17,0,0,0,0,2,0,0,13,0,0,0,0,0,0,0,0,0,0,0,3,0,0,0,0,0,0,0,0,0,0,0,0,0,0,0,0,15,0,18,37,0,0,0,0,0,0,7,307,0,0,0,12,0,0,0,0,0,0,0,5,0,0,0,0,0,1,0,0,0,0,0,0,0,0,0,0,0,0,0,12,0,0,0,0,0,0,0,0,0,0,0,0,0,0,0,0,0,0,0,0,0,0,0,7,0,39,0,7,0,0,5,58,0,1,0,7,0,9,0,39,0,13,1,0,5,86,0,43,1,201,1,22,1,28,19,9,0,2,33,27,11,304,0,7,0,0,0,0,0,0,0,0,0,0,4,60,0,4,0,0,0,39,0,2,0,49,0,0,0,0,0,0,0,0,0,0,0,0,0,0,0,0,0,0,0,0,0,3,0,40,0,0,0,0,0,0,0,0,0,5,0,0,0,0,0,5,0,42,3,58,0,5,0,0,0,247,0,1,0,11,0,0,0,3,4,47,0,0,0
2,0,0,0,4,0,15,1,136,16,2,0,1,0,1,0,0,0,0,0,0,0,0,0,0,0,0,0,0,0,0,0,0,0,0,0,0,0,0,0,0,0,0,0,0,0,0,0,0,0,0,0,23,4,23,13,58,33,284,67,0,0,1,0,174,7,0,113,0,0,1,0,0,0,0,0,0,0,0,0,0,0,0,0,0,0,0,0,0,0,0,0,0,0,0,0,0,0,0,0,0,0,0,0,0,0,0,0,0,0,0,0,0,0,0,0,0,0,0,0,0,0,0,0,1,1,0,0,0,0,11,0,0,0,0,0,0,0,0,0,0,0,0,0,6,8,0,0,23,0,0,0,0,0,70,45,17,0,7,17,33,0,3,0,0,0,1,0,0,0,0,0,1,0,16,9,59,1,0,0,37,8,2,0,81,16,1,0,0,0,0,0,0,0,0,0,0,0,0,0,0,1,0,0,0,0,0,0,0,0,3,0,0,2,54,4,0,0,3,0,41,0,0,0,5,0,31,3,33,0,4,0,82,9,135,3,0,0,38,0,1,0,6,0,193,0,0,0,0
0,15,0,2,0,6,0,7,52,166,0,7,0,8,0,0,0,0,0,5,0,4,0,0,2,1,0,8,0,0,0,0,0,0,0,0,0,0,0,0,0,0,0,0,0,0,0,1,0,0,0,0,24,12,38,9,88,9,105,51,0,0,0,2,14,307,113,0,0,0,1,0,0,0,0,0,0,0,0,0,0,0,0,0,0,0,0,0,0,0,0,0,0,0,0,0,0,0,0,0,0,0,0,0,0,0,0,0,0,0,0,0,0,0,0,0,0,0,0,0,0,1,0,0,0,12,0,2,0,0,0,13,0,0,0,0,0,0,0,0,0,0,0,0,0,19,0,2,0,18,0,0,0,3,33,86,0,15,17,31,0,45,0,12,0,0,0,0,0,3,0,4,0,0,0,23,5,64,0,0,1,38,0,1,0,309,0,0,0,0,0,0,0,0,0,0,0,0,0,0,0,0,0,0,0,0,0,0,0,8,0,0,0,0,5,244,0,4,0,13,0,247,0,73,0,20,0,128,0,163,1,7,6,617,1,720,0,0,0,10,0,0,0,2,9,161,0,0,0
0,0,0,0,0,0,0,0,0,0,0,0,0,0,0,0,0,0,0,0,0,0,0,0,0,0,0,0,0,0,0,0,0,0,0,0,0,0,0,0,0,0,0,0,3,0,0,0,4,0,0,0,0,0,0,0,0,0,0,0,0,0,0,0,0,0,0,0,0,0,0,0,0,0,0,0,135,0,28,0,0,0,19,0,0,0,13,0,22,0,7,0,71,0,21,0,0,0,4,0,5,0,325,0,0,0,24,0,21,0,0,0,12,0,0,0,0,0,0,0,5,0,0,0,0,0,0,0,0,0,0,0,0,0,0,0,0,0,0,0,0,0,0,2,0,0,0,0,2,0,0,0,3,0,0,0,0,0,0,0,0,1,3,0,29,0,0,0,91,0,0,0,0,0,0,0,0,0,0,0,0,0,0,0,0,0,0,0,11,0,0,0,0,0,13,0,8,0,0,0,0,0,0,0,0,0,0,0,0,0,0,0,180,0,106,0,55,0,0,0,0,0,130,0,30,0,4,0,98,0,0,0,0,0,14,0,0,0,12,0,0,0,0,0,0,0,0,0,0
0,0,0,0,0,0,0,0,0,0,0,0,0,0,0,0,0,0,0,0,0,0,0,0,0,0,0,0,0,0,0,0,0,0,0,0,0,1,0,0,0,0,0,0,0,0,0,0,0,4,0,0,0,0,0,0,0,0,0,0,0,0,0,0,0,0,0,0,0,0,0,0,0,0,0,0,0,137,0,3,0,0,0,29,0,0,0,33,0,56,0,0,0,16,0,17,0,0,0,5,0,0,0,90,0,10,0,9,0,6,0,8,0,27,0,1,0,14,0,3,0,0,0,0,0,0,0,0,0,0,0,0,0,0,0,4,0,0,0,0,0,0,0,0,0,0,0,0,0,0,0,0,1,0,0,0,0,0,0,0,0,0,0,0,0,24,0,0,0,67,0,0,0,1,0,0,0,3,0,0,0,0,0,0,0,0,0,0,0,0,0,0,0,0,0,27,0,0,0,0,0,0,0,0,0,8,0,0,0,1,0,2,0,231,0,36,0,71,0,0,0,9,0,99,0,6,0,0,0,122,0,0,0,0,0,4,0,0,0,0,0,0,0,0,0,0,0,0,0
0,0,19,0,0,0,0,0,0,0,12,0,0,0,5,0,9,0,0,0,35,0,0,0,0,0,17,0,21,0,15,0,2,0,7,0,30,0,0,0,0,0,21,0,12,0,0,0,1,1,17,0,5,0,0,0,0,0,1,0,4,0,6,0,3,0,1,1,0,0,0,3,369,0,224,0,24,0,266,0,19,0,0,0,7,1,49,0,0,0,0,0,0,0,3,0,0,0,4,0,2,0,0,0,0,0,0,0,0,0,0,0,0,0,0,0,0,0,0,0,69,0,53,0,27,0,0,0,28,0,17,0,42,0,0,0,30,19,19,0,58,18,38,0,153,10,6,5,24,8,15,4,25,7,0,2,18,0,0,0,8,5,48,6,0,0,32,0,48,0,41,0,20,0,83,9,0,0,0,0,59,18,0,0,5,0,0,0,0,0,0,0,2,0,0,0,0,0,0,0,0,0,0,0,0,0,9,0,19,0,0,1,0,0,0,0,14,0,0,0,16,10,26,24,7,0,13,0,55,31,3,0,0,0,0,29,0,0,35,0,32,0,13,0,0,5,0,0,0
0,0,0,0,0,0,0,0,0,0,0,0,0,0,0,0,0,0,0,0,0,7,0,0,0,0,0,0,0,0,0,1,0,0,0,0,0,0,0,0,0,0,0,0,0,3,0,0,0,0,0,0,0,0,0,0,0,0,0,0,0,2,0,1,0,12,0,0,0,0,3,0,0,191,0,97,0,7,0,58,0,0,0,0,0,12,0,24,0,0,0,0,0,0,0,0,0,0,0,0,0,0,0,0,0,0,0,0,0,0,0,0,0,0,0,0,0,0,0,0,0,10,0,36,4,8,0,36,0,5,13,0,6,8,0,11,0,0,0,0,0,31,5,16,0,92,5,25,0,6,2,27,0,21,0,0,0,2,6,0,0,0,1,20,0,0,0,0,0,8,0,4,0,2,0,42,0,0,0,0,0,28,0,0,0,2,0,0,0,0,0,0,0,0,0,0,0,7,0,0,0,0,0,0,0,0,0,25,0,8,0,0,0,0,0,0,0,0,0,0,0,4,0,0,0,0,0,7,0,27,0,0,0,0,0,2,1,0,6,3,0,0,0,0,0,0,0,0,0
