0,70,299,46,249,0,115,0,60,0,168,0,107,0,26,14,72,32,15,0,5,1,78,74,27,121,7,0,89,0,0,0,0,0,0,0,20,0,373,0,14,0,0,0,0,0,24,0,20,0,3,0,0,0,0,0,0,0,0,0,303,0,308,0,9,0,0,0,0,0,0,0,0,0,0,0,0,0,0,0,0,0,0,0,0,0,0,0,0,0,0,0,0,0,0,0,0,0,0,0,0,0,0,0,0,0,0,0,0,0,0,0,0,0,0,0,0,0,0,0,0,0,0,0,0,0,0,0,0,0,0,0,0,0,0,0,0,0,0,0,0,0,0,0,0,0,0,0,18,0,0,0,37,0,0,0,0,0,0,0,0,0,0,0,11,0,0,0,68,0,37,0,437,0,9,0,292,75,28,0,30,0,27,0,42,0,8,0,0,0,0,0,0,0,0,0,0,0,0,0,0,0,0,0,0,0,0,0,1,0,761,119,628,211,374,0,0,3,0,0,0,0,0,0,0
70,0,50,84,20,368,0,58,0,170,0,298,0,210,0,110,72,33,0,75,7,12,218,101,44,24,0,351,0,86,0,0,0,141,0,5,0,83,0,382,0,34,0,9,0,0,0,156,0,13,0,13,0,9,0,15,0,3,0,0,0,110,0,77,0,17,0,6,0,0,0,0,0,0,0,0,0,0,0,0,0,0,0,0,0,0,0,0,0,0,0,0,0,0,0,0,0,0,0,0,0,0,0,0,0,0,0,0,0,0,0,0,0,0,0,0,0,0,0,0,0,0,0,0,0,30,0,38,0,0,0,28,0,0,0,22,0,53,0,0,0,0,0,0,0,0,0,20,0,46,0,0,0,37,0,0,0,4,0,0,0,0,0,0,0,0,0,0,0,0,0,39,0,137,0,0,66,556,0,7,0,0,0,35,0,73,0,2,0,0,0,0,0,0,0,0,0,0,0,0,0,0,0,0,0,0,0,0,0,37,3,0,0,0,231,0,0,0,424,103,400,78,0,24,0
299,50,0,47,204,0,159,0,63,0,27,0,41,0,73,45,105,21,44,0,15,2,397,78,166,57,0,0,233,0,0,0,70,0,3,1,21,3,393,0,9,0,0,0,10,0,16,0,11,0,0,1,0,0,78,0,10,0,6,0,129,0,319,0,26,0,15,0,0,0,0,0,0,0,0,0,0,0,0,0,0,0,0,0,0,0,0,0,0,0,0,0,0,0,0,0,0,0,0,0,0,0,0,0,0,0,0,0,0,0,0,0,0,0,0,0,0,0,0,0,0,0,0,0,21,0,0,0,33,0,63,0,15,0,117,0,222,0,0,0,0,0,132,0,0,0,43,0,46,0,38,0,52,0,0,0,2,0,0,0,40,0,0,0,0,0,13,0,0,0,19,0,239,0,0,0,124,0,0,0,0,0,5,0,55,0,0,0,0,0,0,0,0,0,0,0,0,0,0,0,0,0,0,0,0,0,0,0,46,0,279,31,326,0,176,0,0,2,0,0,0,0,0,0,0
46,84,47,0,0,114,0,217,0,25,13,2,0,0,0,375,34,66,0,70,12,75,169,387,40,53,0,74,0,80,0,16,0,299,0,0,0,78,0,292,0,1,0,9,0,0,0,0,0,0,0,4,0,0,0,115,0,19,0,26,0,11,0,9,0,15,0,0,0,0,0,0,0,0,0,0,0,0,0,0,0,0,0,0,0,24,0,0,0,0,0,0,0,0,0,0,0,0,0,0,0,0,0,0,0,0,0,0,0,0,0,0,0,0,0,0,0,0,0,0,0,0,0,0,0,18,0,18,0,3,0,14,0,8,0,37,0,134,0,17,0,11,0,47,0,0,0,0,0,21,0,0,0,3,2,4,0,0,2,0,0,0,0,0,0,0,0,218,0,0,0,10,0,54,0,0,50,165,0,2,0,5,0,0,0,0,0,0,0,0,0,0,0,0,0,0,0,0,0,0,0,0,0,0,0,0,0,0,0,0,0,0,0,0,0,0,0,0,66,23,177,0,0,0,0
249,20,204,0,0,184,40,0,55,1,234,110,257,70,122,202,12,0,129,195,72,55,67,57,5,0,54,0,126,0,171,0,389,0,117,2,289,0,216,0,61,0,0,0,0,0,93,0,13,0,5,0,0,0,15,0,7,0,0,0,0,0,0,0,53,0,0,0,0,0,0,0,0,0,0,0,0,0,0,0,0,0,0,0,0,0,0,0,0,0,0,0,0,0,0,0,0,0,0,0,0,0,0,0,0,0,0,0,0,0,0,0,0,0,0,0,0,0,0,0,0,0,0,0,0,0,0,0,0,0,0,0,0,0,0,0,0,0,0,0,0,0,0,0,0,0,29,0,68,0,70,0,167,0,0,0,0,0,0,0,0,0,0,0,47,0,187,0,0,0,0,0,249,0,0,0,347,110,36,0,97,0,59,0,147,0,3,0,0,0,0,0,0,0,0,0,0,0,0,0,0,0,0,0,0,0,0,0,21,0,407,156,567,0,365,0,6,0,0,0,0,0,0,0,0
0,368,0,114,184,0,0,99,0,69,0,202,177,162,321,241,0,2,115,98,123,219,20,61,0,0,0,262,0,0,17,127,0,375,0,127,0,194,0,0,6,25,0,21,0,0,0,107,0,0,0,30,0,0,0,21,0,0,0,0,0,0,0,0,0,0,0,0,0,0,0,0,0,0,0,0,0,0,0,0,0,0,0,0,0,0,0,0,0,0,0,0,0,0,0,0,0,0,0,0,0,0,0,0,0,0,0,0,0,0,0,0,0,0,0,0,0,0,0,0,0,0,0,0,0,19,0,0,0,0,0,0,0,0,0,0,0,0,0,0,0,0,0,0,0,0,0,0,0,21,0,0,0,69,0,0,0,0,0,0,0,6,0,3,0,0,0,239,0,65,0,34,0,67,0,0,70,400,0,25,0,0,0,0,0,58,5,0,0,0,0,0,0,0,0,0,0,1,0,0,0,0,0,0,0,0,0,0,0,0,0,0,0,0,157,0,0,0,246,287,505,60,0,0,0
115,0,159,0,40,0,0,0,158,0,13,0,0,0,10,0,24,0,0,0,0,0,24,10,318,106,0,0,0,0,0,0,0,0,0,0,0,0,0,0,0,0,0,0,9,0,0,0,79,0,0,0,81,6,174,0,25,2,11,0,184,0,417,27,25,0,88,0,0,0,0,0,0,0,0,0,0,0,0,0,0,0,0,0,6,0,0,0,0,0,0,0,0,0,0,0,0,0,0,0,0,0,0,0,0,0,0,0,0,0,0,0,0,0,0,0,0,0,0,0,0,0,0,0,55,0,43,0,9,0,123,0,11,0,10,0,26,0,0,0,0,0,0,0,0,0,27,0,22,0,7,0,3,0,0,0,0,0,0,0,61,0,0,0,0,0,0,0,40,0,133,0,257,0,0,0,81,41,0,0,0,0,0,0,0,0,0,0,1,0,0,0,0,0,0,0,2,0,0,0,0,0,0,0,0,0,0,0,20,0,479,21,603,285,375,0,0,4,0,0,0,0,0,0,0
0,58,0,217,0,99,0,0,67,87,0,0,0,15,0,70,35,82,0,22,0,0,44,37,155,76,0,55,0,136,0,0,0,0,0,0,0,25,0,438,0,0,0,0,0,0,0,0,0,0,0,0,4,42,12,407,0,70,0,28,0,165,21,370,0,0,0,20,0,0,0,0,0,0,0,0,0,0,0,0,0,0,0,3,0,0,0,0,0,0,0,0,0,0,0,0,0,0,0,0,0,0,0,0,0,0,0,0,0,0,0,0,0,0,0,0,0,0,0,0,0,0,0,0,0,48,0,60,0,8,0,46,0,12,0,50,0,132,0,26,0,16,0,54,0,0,0,0,0,25,0,0,0,0,0,6,0,0,0,3,0,0,0,11,0,0,0,0,0,32,0,61,0,144,0,1,59,189,0,0,0,0,0,7,0,0,0,0,0,0,0,0,0,0,0,0,0,0,0,0,0,0,0,0,0,0,0,0,0,45,0,0,0,0,351,0,0,0,537,51,577,223,0,0,0
60,0,63,0,55,0,158,67,0,162,49,0,36,0,16,0,7,0,0,0,0,0,0,2,28,147,0,0,0,0,0,0,0,0,0,0,0,0,0,0,0,0,0,0,0,0,0,0,76,0,0,0,213,42,107,218,16,25,107,0,188,0,261,36,62,0,153,57,1,0,0,0,1,0,0,0,0,0,0,0,0,0,0,0,0,0,0,0,0,0,0,0,0,0,0,0,0,0,0,0,0,0,0,0,0,0,0,0,0,0,0,0,0,0,0,0,0,0,0,0,0,0,0,0,93,0,27,0,0,0,68,1,0,0,11,0,0,0,0,0,0,0,9,0,0,0,72,0,107,0,13,0,17,0,26,0,54,0,0,0,21,0,0,0,0,0,5,0,18,0,116,0,116,0,0,0,567,108,4,0,0,0,19,0,51,0,0,0,0,0,0,0,0,0,0,0,1,0,0,0,0,0,0,0,0,0,0,0,17,0,953,110,502,415,538,4,137,0,6,0,0,3,0,0,0
0,170,0,25,1,69,0,87,162,0,0,48,0,30,0,19,0,13,0,38,0,6,0,0,107,32,0,90,0,7,0,0,0,9,0,0,0,0,0,49,0,0,0,1,0,4,0,0,0,5,0,0,33,230,168,179,19,8,0,75,0,219,29,451,0,159,0,121,0,0,0,0,0,0,0,2,0,0,0,0,0,0,0,0,0,0,0,0,0,0,0,0,0,0,0,0,0,0,0,0,0,0,0,0,0,0,0,0,0,0,0,0,0,0,0,0,0,0,0,0,0,0,0,0,0,63,0,55,0,0,0,44,0,8,0,58,0,116,0,4,0,0,0,0,0,0,0,25,0,97,0,0,0,7,0,0,0,0,0,4,0,14,0,15,0,30,0,0,0,20,0,96,0,105,0,0,110,403,0,0,0,0,0,21,0,68,0,0,0,0,0,0,0,0,0,0,0,0,0,3,0,0,0,0,0,0,0,0,0,123,0,0,0,0,490,0,0,0,850,87,514,322,1,130,0
168,0,27,13,234,0,13,0,49,0,0,17,287,0,17,72,27,1,13,30,49,0,51,21,0,0,0,0,44,0,39,0,182,0,0,0,85,0,132,0,21,0,0,0,0,0,48,0,0,0,4,0,0,0,0,0,0,0,0,0,0,0,0,0,9,0,0,0,0,0,0,0,0,0,0,0,0,0,0,0,0,0,0,0,0,0,0,0,0,0,0,0,0,0,0,0,0,0,0,0,0,0,0,0,0,0,0,0,0,0,0,0,0,0,0,0,0,0,0,0,0,0,0,0,0,0,0,0,0,0,5,0,0,0,0,0,0,0,0,0,0,0,0,0,0,0,0,0,24,0,0,0,107,0,0,0,0,0,0,0,0,0,0,0,0,0,0,6,0,0,0,0,79,0,34,0,171,29,44,0,64,0,92,0,101,0,29,0,0,0,0,0,0,0,0,0,0,0,0,0,0,0,0,0,0,0,0,0,3,0,236,71,198,110,137,0,0,0,0,0,0,0,0,0,0
0,298,0,2,110,202,0,0,0,48,17,0,0,214,153,43,0,1,74,53,66,57,32,27,0,0,13,184,0,6,0,7,0,146,0,21,0,76,0,43,0,50,0,33,0,37,4,128,0,62,2,26,0,0,0,0,0,0,0,0,0,0,0,0,0,0,0,0,0,0,0,0,0,0,0,0,0,0,0,0,0,0,0,0,0,0,0,0,0,0,0,0,0,0,0,0,0,0,0,0,0,0,0,0,0,0,0,0,0,0,0,0,0,0,0,0,0,0,0,0,0,0,0,0,0,0,0,4,0,0,0,0,0,0,0,0,0,0,0,0,0,0,0,0,0,0,0,45,0,15,0,101,0,183,0,0,0,0,0,0,0,0,0,0,0,0,0,116,0,0,0,8,0,30,0,81,37,369,0,33,0,47,0,111,0,120,0,8,0,0,0,0,0,0,0,0,0,0,0,0,0,0,0,0,0,0,0,0,0,0,0,0,0,0,52,0,0,0,146,131,157,33,10,0,0
107,0,41,0,257,177,0,0,36,0,287,0,0,466,39,29,0,0,45,355,51,40,7,0,0,0,31,348,0,0,50,0,61,0,372,0,237,1,0,0,108,12,116,0,62,34,108,95,34,0,277,0,0,0,0,0,0,0,0,0,0,0,0,0,13,0,2,0,0,0,0,0,0,0,0,0,0,0,2,0,0,0,0,0,0,0,0,0,0,0,0,0,0,0,0,0,0,0,0,0,0,0,0,0,0,0,0,0,0,0,0,0,0,0,0,0,0,0,0,0,0,0,0,0,0,0,0,0,0,0,0,0,0,0,0,0,0,0,0,0,0,0,0,0,0,0,0,0,0,0,0,0,85,0,0,0,0,0,0,0,0,0,0,0,78,0,51,0,0,0,0,0,0,0,0,0,331,191,155,0,44,0,58,0,68,0,80,0,0,0,0,0,0,0,0,0,0,0,0,0,0,0,0,0,0,0,0,0,0,0,49,70,332,68,31,0,0,0,0,0,0,0,0,0,0
0,210,0,0,70,162,0,15,0,30,0,214,466,0,75,6,0,0,489,81,87,28,0,0,0,0,440,97,0,0,0,3,0,7,85,18,0,42,0,0,129,129,70,113,0,95,36,165,3,71,114,141,0,0,0,3,0,0,0,0,0,0,0,0,0,0,0,0,0,0,0,0,0,0,0,0,0,0,0,0,0,0,0,0,0,0,0,0,0,0,0,0,0,0,0,0,0,0,0,2,0,16,0,0,0,0,0,0,0,0,0,0,0,0,0,0,0,0,0,0,0,0,0,0,0,0,0,0,0,0,0,0,0,0,0,0,0,0,0,0,0,0,0,0,0,0,0,0,0,0,0,0,0,7,0,0,0,0,0,0,0,0,0,0,0,0,0,9,0,0,0,3,0,0,0,0,22,384,0,18,0,0,0,0,0,0,63,53,0,0,0,0,0,0,0,0,0,0,0,0,0,0,0,0,0,0,0,0,0,0,0,0,0,0,0,0,0,0,0,119,156,0,0,1,0
26,0,73,0,122,321,10,0,16,0,17,153,39,75,0,228,34,0,164,250,81,73,262,61,23,0,149,0,25,0,159,0,275,0,61,0,101,0,49,0,4,0,2,0,82,0,25,0,0,0,0,1,24,0,66,0,0,0,0,0,0,0,46,0,13,0,0,0,0,0,10,0,0,0,14,0,0,0,0,0,0,0,0,0,93,0,0,0,0,0,0,0,0,0,0,0,0,0,0,0,0,0,0,0,0,0,0,0,0,0,0,0,0,0,0,0,0,0,0,0,0,0,0,0,11,0,0,0,0,0,24,0,10,0,0,0,276,0,0,0,0,0,120,0,0,0,32,0,0,0,0,0,0,0,0,0,0,0,0,0,0,0,0,0,0,0,87,0,96,0,3,0,64,0,0,0,120,88,0,0,11,0,0,0,46,0,0,0,0,0,0,0,0,0,0,0,0,0,0,0,0,0,0,0,0,0,0,0,42,0,140,63,215,86,79,0,0,0,0,0,0,0,0,0,0
14,110,45,375,202,241,0,70,0,19,72,43,29,6,228,0,15,32,0,258,137,67,118,74,0,99,0,106,0,7,10,51,14,120,0,19,0,20,0,5,0,0,0,12,0,13,0,0,0,4,0,0,0,0,0,211,0,70,0,0,0,0,0,39,0,29,0,0,0,0,0,0,0,0,0,0,0,0,0,0,0,62,0,0,0,178,0,0,0,0,0,0,0,0,0,0,0,0,0,0,0,0,0,0,0,0,0,0,0,0,0,0,0,0,0,0,0,0,0,0,0,0,0,10,0,0,0,0,0,0,0,8,0,0,0,71,0,138,0,0,0,0,0,171,0,6,0,0,0,28,0,0,0,22,0,5,0,3,0,0,0,0,0,0,0,5,0,56,0,0,0,9,0,17,0,0,49,82,3,4,0,0,0,0,0,49,2,0,0,0,0,0,0,0,0,0,0,0,0,2,0,0,0,0,0,0,0,0,0,0,0,0,6,0,60,0,0,0,92,96,102,44,0,7,0
72,72,105,34,12,0,24,35,7,0,27,0,0,0,34,15,0,26,26,2,157,0,67,66,162,78,11,0,91,0,24,0,53,0,0,0,0,0,98,0,0,0,0,0,35,0,2,0,3,0,12,0,140,1,14,0,0,0,0,0,38,0,548,0,0,0,0,0,0,0,33,0,15,0,23,0,0,0,0,0,0,0,0,0,331,0,35,0,0,0,0,0,0,0,0,0,226,0,136,0,30,0,0,0,0,0,0,0,0,0,0,0,0,0,0,0,0,0,0,0,0,0,53,0,0,0,0,0,80,0,0,0,22,0,14,0,297,0,159,0,71,0,513,0,19,0,0,0,0,0,0,0,0,0,43,0,0,0,15,0,4,0,10,0,0,0,0,0,40,1,5,0,24,0,0,0,36,32,0,0,0,0,43,0,0,0,0,0,0,0,0,0,0,0,0,0,0,0,0,0,144,0,0,0,0,0,0,0,28,0,19,6,34,9,17,0,0,0,0,0,0,0,0,0,0
32,33,21,66,0,2,0,82,0,13,1,1,0,0,0,32,26,0,0,5,1,98,45,137,29,91,0,0,0,59,0,9,0,37,0,0,0,4,2,147,0,0,0,9,0,0,0,0,0,0,0,0,0,8,0,19,0,0,0,0,0,25,0,207,3,0,0,0,0,0,0,0,0,0,0,51,0,0,0,0,0,252,0,0,0,441,0,70,0,0,0,66,0,0,0,0,0,22,0,129,0,130,0,0,0,0,0,0,0,0,0,0,0,0,0,0,0,0,0,0,0,82,0,73,0,7,0,0,0,0,0,0,0,23,0,50,0,148,0,175,0,183,0,394,0,33,0,0,0,0,0,0,0,0,0,8,0,0,0,0,0,2,0,0,0,0,0,5,0,0,0,13,0,17,0,0,6,49,0,0,0,0,3,0,0,0,0,0,0,0,0,0,0,0,0,0,0,0,0,0,0,0,0,0,0,0,0,0,0,0,0,0,0,0,0,0,1,0,13,18,49,7,0,4,0
15,0,44,0,129,115,0,0,0,0,13,74,45,489,164,0,26,0,0,267,127,47,144,0,0,0,25,170,0,0,0,0,0,0,125,0,155,0,0,0,30,0,39,0,44,4,58,21,0,0,205,2,0,0,0,0,0,0,0,0,0,0,0,0,0,0,0,0,0,0,0,0,0,0,0,0,0,0,0,0,0,0,9,0,0,0,0,0,0,0,0,0,0,0,0,0,0,0,0,0,0,0,0,0,0,0,0,0,0,0,0,0,0,0,0,0,0,0,0,0,0,0,0,0,0,0,0,0,0,0,0,0,0,0,0,0,0,0,0,0,0,0,0,0,0,0,0,0,31,0,0,0,0,0,0,0,0,0,0,0,0,0,0,0,50,0,41,0,0,0,0,0,0,0,0,0,31,58,8,0,11,0,0,0,0,0,3,15,0,0,0,0,0,0,0,0,0,0,0,0,0,0,0,0,0,0,0,0,0,0,37,68,253,76,60,0,0,0,0,0,0,0,0,0,0
0,75,0,70,195,98,0,22,0,38,30,53,355,81,250,258,2,5,267,0,108,166,0,41,0,22,109,229,0,0,29,100,0,119,39,106,0,226,0,0,0,0,0,21,0,21,8,17,2,16,34,39,0,0,0,0,0,0,0,0,0,0,0,12,0,22,0,0,0,0,0,0,0,0,0,0,0,0,0,0,0,0,0,0,0,0,0,0,0,0,0,0,0,0,0,0,0,0,0,0,0,0,0,0,0,0,0,0,0,0,0,0,0,0,0,0,0,0,0,0,0,0,0,0,0,0,0,0,0,0,0,0,0,0,0,0,0,62,0,0,0,0,0,0,0,0,0,18,0,22,0,0,0,31,0,0,0,0,0,0,0,0,0,0,0,13,0,65,0,62,0,0,0,12,0,0,34,58,5,3,0,0,0,0,0,31,11,1,0,0,0,0,0,0,0,8,0,0,0,0,0,0,0,0,0,0,0,0,0,0,0,0,0,0,39,0,0,0,72,149,208,35,0,0,0
5,7,15,12,72,123,0,0,0,0,49,66,51,87,81,137,157,1,127,108,0,19,128,18,20,0,70,47,73,0,50,0,121,9,71,0,50,0,17,0,0,0,39,3,107,0,5,0,7,0,80,2,26,0,6,0,0,0,0,0,0,0,106,0,0,0,0,0,0,0,76,0,17,0,44,0,0,0,0,0,0,0,0,0,249,0,46,0,0,0,0,0,0,0,0,0,317,0,198,0,0,0,0,0,0,0,0,0,0,0,0,0,0,0,0,0,1,0,0,0,0,0,0,0,0,0,0,0,0,0,0,0,0,0,0,0,100,0,0,0,0,0,247,0,83,0,0,0,0,0,0,0,0,0,5,0,0,0,0,0,0,0,0,0,39,0,70,0,83,0,0,0,47,0,0,0,20,23,3,0,0,0,0,0,0,0,0,0,0,0,0,0,0,0,0,0,0,0,0,0,0,0,0,0,0,0,0,0,0,0,98,65,177,76,60,0,0,3,0,0,11,0,0,0,0
1,12,2,75,55,219,0,0,0,6,0,57,40,28,73,67,0,98,47,166,19,0,5,105,0,33,0,110,0,48,10,14,5,48,9,32,3,63,0,21,4,0,0,67,0,112,0,0,0,33,0,137,0,0,0,16,0,0,0,0,0,23,0,87,0,0,0,0,0,0,0,54,0,0,0,0,0,0,0,0,0,288,0,0,0,182,0,0,0,0,0,0,0,0,0,0,0,0,0,0,0,150,0,0,0,0,0,0,0,0,0,0,0,0,0,0,0,0,0,0,0,0,0,95,0,0,0,0,0,0,0,0,0,0,0,0,0,0,0,114,0,264,0,233,0,204,0,0,0,0,0,0,0,0,0,0,0,32,0,0,0,0,0,0,0,43,0,130,0,87,0,25,0,41,0,0,0,14,1,0,0,0,0,8,0,0,0,0,0,0,0,0,0,0,0,0,0,0,0,0,0,0,0,0,0,0,0,0,0,0,0,0,0,0,53,0,0,0,105,269,263,37,0,0,0
78,218,397,169,67,20,24,44,0,0,51,32,7,0,262,118,67,45,144,0,128,5,0,319,97,101,44,0,41,0,26,0,25,0,0,0,7,0,35,0,15,0,0,0,153,0,48,0,8,0,0,0,26,0,140,0,13,0,0,0,0,0,77,0,11,0,0,0,0,0,10,0,0,0,11,0,0,0,0,0,0,0,0,0,143,0,0,0,0,0,0,0,0,0,0,0,95,0,0,0,0,0,0,0,0,0,0,0,0,0,0,0,0,0,0,0,0,0,0,0,0,0,0,0,0,0,0,0,127,0,34,0,26,0,99,0,492,0,38,1,53,0,342,0,3,0,11,0,15,0,16,0,18,0,12,0,0,0,0,0,0,0,0,0,0,0,0,14,0,0,0,0,18,0,0,0,173,94,0,0,0,0,14,0,22,0,8,0,0,0,0,0,0,0,0,0,0,0,0,0,155,0,0,0,0,0,0,0,59,0,27,15,33,12,14,0,0,0,0,8,20,0,0,0,0
74,101,78,387,57,61,10,37,2,0,21,27,0,0,61,74,66,137,0,41,18,105,319,0,30,93,0,38,0,61,0,9,0,35,0,0,0,17,16,39,0,0,0,9,2,10,0,0,0,0,0,0,0,0,0,50,0,22,0,35,0,10,0,142,0,0,0,0,0,0,0,17,0,0,0,0,0,0,0,0,0,223,0,0,0,420,0,72,0,0,0,0,0,0,0,0,0,45,0,158,0,164,0,0,0,0,0,0,0,0,0,0,0,0,0,0,0,0,0,0,0,37,0,58,0,0,0,0,0,0,0,0,0,0,0,48,0,69,0,32,0,51,0,265,0,21,0,0,0,0,0,0,0,0,0,0,0,2,0,0,0,7,0,0,0,0,0,45,0,0,0,15,16,21,0,0,48,102,0,3,0,0,1,1,0,0,0,0,0,0,0,0,0,0,0,1,0,0,0,0,0,50,0,0,0,0,0,0,0,0,12,0,0,0,32,0,0,1,82,140,78,10,0,0,0
27,44,166,40,5,0,318,155,28,107,0,0,0,0,23,0,162,29,0,0,20,0,97,30,0,230,0,0,0,0,0,0,0,1,0,0,0,0,0,0,0,0,0,0,3,0,0,0,0,0,0,0,25,5,57,12,14,0,0,0,0,0,81,22,3,2,0,0,0,0,0,0,0,0,0,0,0,0,0,0,0,0,0,0,19,0,0,0,0,0,0,0,0,0,0,0,0,0,0,0,0,0,0,0,0,0,0,0,0,0,0,0,0,0,0,0,0,0,0,0,0,0,0,0,0,0,34,0,137,0,34,0,18,0,41,0,204,0,57,0,26,0,132,0,0,0,0,0,0,0,13,0,1,0,16,0,0,1,17,0,35,5,0,0,0,0,0,0,0,0,0,0,7,0,0,0,149,64,0,0,0,0,7,0,0,0,0,0,0,0,0,0,0,0,0,0,0,0,4,0,55,0,0,0,0,0,0,0,30,0,14,3,20,0,5,0,0,0,4,0,3,0,0,0,0
121,24,57,53,0,0,106,76,147,32,0,0,0,0,0,99,78,91,0,22,0,33,101,93,230,0,0,0,0,14,0,2,0,0,0,2,0,2,0,31,0,0,0,0,0,0,0,0,0,0,0,4,2,11,26,353,0,81,0,67,5,5,18,124,0,0,0,0,0,0,0,0,0,0,0,0,0,0,0,0,0,35,0,0,0,241,0,0,0,0,0,0,0,0,0,0,0,15,0,0,0,0,0,0,0,0,0,0,0,0,0,0,0,0,0,0,0,0,0,0,0,0,0,5,2,0,0,0,0,12,0,0,0,28,0,96,0,162,0,176,0,59,0,284,0,0,0,0,0,2,0,0,0,0,0,5,0,0,0,0,0,0,0,0,0,0,0,0,3,0,0,3,12,7,0,0,57,261,0,0,0,3,4,2,0,0,0,0,0,0,0,0,0,0,0,0,0,0,0,0,0,67,0,0,0,0,0,0,0,0,0,0,23,1,14,0,0,1,13,9,13,0,0,0,0
7,0,0,0,54,0,0,0,0,0,0,13,31,440,149,0,11,0,25,109,70,0,44,0,0,0,0,349,3,0,21,0,11,0,42,0,26,0,0,0,46,64,256,12,205,132,85,267,41,0,386,0,0,0,0,0,0,0,0,0,0,0,0,0,0,0,0,0,0,0,0,0,0,0,0,0,0,0,0,0,0,0,0,0,0,0,0,0,0,0,0,0,0,0,0,0,0,0,0,0,0,0,0,0,0,0,0,0,0,0,0,0,0,0,0,0,0,0,0,0,0,0,0,0,0,0,0,0,0,0,0,0,0,0,0,0,0,0,0,0,0,0,0,0,0,0,0,0,0,0,13,0,0,0,0,0,0,0,0,0,0,0,6,0,127,0,0,0,0,0,0,0,8,0,0,0,47,72,8,0,0,0,16,0,0,0,14,33,0,0,0,0,0,0,0,0,0,0,0,0,0,0,0,0,0,0,0,0,0,0,0,73,191,0,0,0,0,10,0,0,0,0,0,0,0
0,351,0,74,0,262,0,55,0,90,0,184,348,97,0,106,0,0,170,229,47,110,0,38,0,0,349,0,0,0,0,4,0,7,45,47,0,72,0,0,231,21,91,119,44,272,65,158,6,112,130,247,0,0,0,0,0,0,0,0,0,0,0,0,0,30,0,0,0,0,0,0,0,0,0,0,0,0,0,0,0,0,0,0,0,0,0,0,0,0,0,0,0,0,0,0,0,0,0,0,0,88,0,18,0,0,0,0,0,0,0,0,0,0,0,0,0,0,0,0,0,0,0,0,0,0,0,0,0,0,0,0,0,0,0,0,0,76,0,0,0,0,0,0,0,0,0,0,0,0,0,0,0,0,0,0,0,0,0,0,0,0,0,0,0,112,0,34,0,149,0,0,0,9,0,0,0,65,3,5,0,0,0,0,0,0,98,20,0,0,0,0,0,0,0,0,0,1,0,0,0,0,0,0,0,0,0,0,0,0,0,0,0,0,36,0,0,0,68,318,492,73,0,0,0
89,0,233,0,126,0,0,0,0,0,44,0,0,0,25,0,91,0,0,0,73,0,41,0,0,0,3,0,0,0,76,0,13,0,10,0,15,0,21,0,0,0,7,0,16,0,0,0,0,0,9,0,21,0,4,0,0,0,0,0,2,0,39,0,0,0,0,0,0,0,64,0,0,0,29,0,0,0,0,0,0,0,0,0,159,0,44,0,0,0,0,0,0,0,0,0,129,0,0,0,0,0,7,0,0,0,0,0,0,0,0,0,0,0,0,0,0,0,0,0,0,0,43,0,0,0,0,0,4,0,0,0,8,0,0,0,60,0,67,0,0,0,167,0,118,0,0,0,0,0,0,0,0,0,7,0,0,0,0,0,0,0,8,0,0,0,3,0,0,0,0,0,0,0,0,0,12,0,0,0,0,0,2,0,0,0,0,0,0,0,0,0,0,0,0,0,0,0,0,0,0,0,0,0,0,0,0,0,0,0,0,0,0,0,0,0,0,0,0,0,0,0,0,0,0
0,86,0,80,0,0,0,136,0,7,0,6,0,0,0,7,0,59,0,0,0,48,0,61,0,14,0,0,0,0,0,15,0,119,0,10,0,3,0,48,0,0,0,0,0,0,0,0,0,0,0,0,0,8,0,5,0,0,0,0,0,40,0,65,0,0,0,0,0,0,0,18,0,0,0,0,0,0,0,0,0,90,0,0,0,69,0,34,0,0,0,15,0,0,0,0,0,0,0,0,0,36,0,0,0,0,0,0,0,0,0,0,0,0,0,0,0,0,0,0,0,0,0,40,0,0,0,0,0,0,0,0,0,0,0,0,0,31,0,84,0,122,0,117,0,59,0,0,0,0,0,0,0,0,0,1,0,4,0,1,0,0,0,0,0,0,0,0,0,0,0,0,0,3,0,0,0,7,0,0,0,0,0,1,0,0,0,0,0,0,0,0,0,0,0,0,0,0,0,0,0,7,0,0,0,0,0,0,0,0,0,0,0,0,2,0,0,0,0,2,0,1,0,0,0
0,0,0,0,171,17,0,0,0,0,39,0,50,0,159,10,24,0,0,29,50,10,26,0,0,0,21,0,76,0,0,0,64,0,10,2,40,0,54,0,0,0,82,0,20,0,0,0,0,0,75,0,7,0,0,0,0,0,0,0,4,0,19,0,0,0,0,0,0,0,23,0,0,0,15,0,0,0,0,0,0,0,0,0,66,0,0,0,0,0,0,0,0,0,0,0,68,0,71,0,0,0,0,0,4,0,0,0,0,0,0,0,0,0,0,0,0,0,0,0,0,0,0,0,0,0,0,0,0,0,0,0,0,0,0,0,0,0,19,0,0,0,81,0,69,0,0,0,0,0,0,0,0,0,0,0,4,0,0,0,0,0,0,0,14,0,17,0,0,0,0,0,22,0,0,0,0,0,13,0,0,0,0,0,0,0,0,0,0,0,0,0,0,0,0,0,0,0,0,0,19,0,0,0,0,0,0,0,0,0,23,16,63,24,18,0,1,0,0,0,0,0,0,0,0
0,0,0,16,0,127,0,0,0,0,0,7,0,3,0,51,0,9,0,100,0,14,0,9,0,2,0,4,0,15,0,0,0,1,0,2,0,27,0,10,0,0,0,0,0,14,0,0,0,0,0,7,0,0,0,3,0,0,0,0,0,5,0,24,0,0,0,0,0,0,0,9,0,0,0,0,0,0,0,0,0,0,0,0,0,0,0,0,0,0,0,0,0,0,0,0,0,0,0,0,0,0,0,0,0,0,0,0,0,0,0,0,0,0,0,0,0,0,0,0,0,0,0,0,0,0,0,0,0,0,0,0,0,0,0,0,0,0,0,0,0,29,0,36,0,48,0,0,0,0,0,0,0,0,0,0,0,12,0,0,0,0,0,0,0,0,0,40,0,16,0,0,0,13,0,2,0,3,0,1,0,0,0,0,0,0,0,0,0,0,0,0,0,0,0,0,0,0,0,0,0,0,0,0,0,0,0,0,0,0,0,0,0,0,0,0,0,0,16,26,47,0,0,0,0
0,0,70,0,389,0,0,0,0,0,182,0,61,0,275,14,53,0,0,0,121,5,25,0,0,0,11,0,13,0,64,0,0,0,49,0,134,0,12,0,0,0,54,0,42,0,0,0,2,0,30,0,2,0,0,0,0,0,0,0,15,0,16,0,0,0,0,0,0,0,29,0,1,0,0,0,0,0,0,0,0,0,0,0,0,0,0,0,0,0,0,0,0,0,0,0,0,0,0,0,0,0,0,0,0,0,0,0,0,0,0,0,0,0,0,0,0,0,0,0,0,0,0,0,0,0,0,0,0,0,0,0,0,0,0,0,0,0,19,0,0,0,58,0,53,0,0,0,0,0,0,0,0,0,0,0,9,0,0,0,0,0,0,0,0,0,33,0,12,0,0,0,20,0,0,0,0,0,21,0,0,0,0,0,0,0,0,0,1,0,0,0,0,0,0,0,0,0,0,0,0,0,0,0,0,0,0,0,0,0,0,6,0,0,0,0,0,0,0,0,0,0,0,0,0
0,141,0,299,0,375,0,0,0,9,0,146,0,7,0,120,0,37,0,119,9,48,0,35,1,0,0,7,0,119,0,1,0,0,0,28,0,169,0,12,0,0,0,3,0,0,0,0,0,0,0,3,0,0,0,0,0,0,0,0,0,0,0,35,0,0,0,0,0,0,0,0,0,0,0,0,0,0,0,0,0,0,0,0,0,0,0,0,0,0,0,0,0,0,0,0,0,0,0,0,0,0,0,0,0,0,0,0,0,0,0,0,0,0,0,0,0,0,0,0,0,0,0,0,0,0,0,0,0,0,0,0,0,0,0,0,0,0,0,0,0,32,0,0,0,41,0,0,0,0,0,0,0,0,0,0,0,11,0,0,0,0,0,0,0,0,0,152,0,11,0,14,0,29,0,0,0,60,0,3,0,0,0,0,0,0,0,0,0,0,0,0,0,0,0,0,0,0,0,0,0,0,0,0,0,0,0,0,0,0,0,0,0,0,8,0,0,0,26,37,44,0,0,0,0
0,0,3,0,117,0,0,0,0,0,0,0,372,85,61,0,0,0,125,39,71,9,0,0,0,0,42,45,10,0,10,0,49,0,0,0,58,0,18,0,0,0,123,0,31,7,0,12,13,0,200,0,0,0,0,0,0,0,0,0,0,0,5,0,0,0,0,0,0,0,12,0,0,0,7,0,0,0,0,0,0,0,0,0,0,0,0,0,0,0,0,0,0,0,0,0,0,0,0,0,0,0,0,0,0,0,0,0,0,0,0,0,0,0,0,0,0,0,0,0,0,0,0,0,0,0,0,0,0,0,0,0,0,0,0,0,0,0,0,0,0,0,0,0,39,0,0,0,0,0,0,0,0,0,0,0,0,0,0,0,0,0,8,0,44,0,40,0,105,0,0,0,22,0,0,0,0,0,27,0,0,0,0,0,0,0,0,0,0,0,6,0,0,0,0,0,0,0,0,0,0,0,0,0,0,0,0,0,0,0,0,24,131,0,22,0,0,0,0,0,0,0,0,0,0
0,5,1,0,2,127,0,0,0,0,0,21,0,18,0,19,0,0,0,106,0,32,0,0,0,2,0,47,0,10,2,2,0,28,0,0,0,161,0,26,0,0,0,10,0,29,0,2,0,10,0,51,0,0,0,0,0,0,0,0,0,16,0,19,0,0,0,0,0,0,0,12,0,0,0,0,0,0,0,0,0,60,0,0,0,0,0,0,0,0,0,0,0,0,0,0,0,0,0,0,0,0,0,0,0,0,0,0,0,0,0,0,0,0,0,0,0,0,0,0,0,0,0,0,0,0,0,0,0,0,0,0,0,0,0,0,0,0,0,41,0,0,0,50,0,80,0,0,0,2,0,0,0,0,0,0,0,23,0,0,0,0,0,0,0,14,0,104,0,0,0,0,0,19,0,0,0,7,0,0,0,0,0,0,0,4,0,0,0,0,0,0,0,0,0,0,0,0,0,0,0,0,0,0,0,0,0,0,0,0,0,0,0,0,0,0,0,0,0,57,105,0,0,0,0
20,0,21,0,289,0,0,0,0,0,85,0,237,0,101,0,0,0,155,0,50,3,7,0,0,0,26,0,15,0,40,0,134,0,58,0,0,0,59,0,0,0,52,0,67,0,0,0,2,0,111,0,10,0,0,0,0,0,0,0,21,0,34,0,0,0,0,0,0,0,63,0,0,0,36,0,0,0,21,0,45,0,0,0,77,0,0,0,0,0,24,0,0,0,0,0,123,0,119,0,22,0,0,0,5,0,0,0,0,0,0,0,0,0,0,0,0,0,0,0,0,0,26,0,0,0,0,0,4,0,0,0,0,0,0,0,39,0,60,0,0,0,78,0,165,0,0,2,0,0,0,0,0,0,7,0,22,0,0,0,0,0,27,0,59,0,63,0,106,0,12,0,66,0,1,0,0,0,41,0,0,0,0,0,0,0,0,0,0,0,1,0,0,0,0,0,0,0,0,0,0,0,0,0,0,0,0,0,0,0,0,13,75,15,0,0,1,0,0,0,0,0,0,0,0
0,83,3,78,0,194,0,25,0,0,0,76,1,42,0,20,0,4,0,226,0,63,0,17,0,2,0,72,0,3,0,27,0,169,0,161,0,0,0,35,0,0,0,23,0,17,0,0,0,24,0,53,0,6,0,0,0,0,0,0,0,35,0,42,0,0,0,0,0,0,0,24,0,0,0,0,0,0,0,0,0,142,0,0,0,0,0,0,0,0,0,0,0,0,0,0,0,0,0,0,0,0,0,0,0,0,0,5,0,0,0,0,0,0,0,0,0,0,0,0,0,0,0,0,0,0,0,0,0,0,0,0,0,0,0,0,0,0,0,16,0,86,0,36,0,133,0,0,0,0,0,0,0,0,0,7,0,61,0,0,0,0,0,0,0,24,0,100,0,92,0,0,0,21,0,0,0,28,0,0,0,1,0,2,0,0,0,0,0,0,0,0,0,0,0,0,0,0,0,0,0,0,0,0,0,0,0,0,0,0,0,0,0,0,0,0,0,0,0,44,105,0,0,0,0
373,0,393,0,216,0,0,0,0,0,132,0,0,0,49,0,98,2,0,0,17,0,35,16,0,0,0,0,21,0,54,0,12,0,18,0,59,0,0,0,0,0,0,0,0,0,0,0,0,0,10,0,8,0,0,0,0,0,0,0,7,0,21,0,0,0,0,0,0,0,11,0,0,0,4,0,0,0,0,0,0,0,0,0,50,0,0,0,0,0,0,0,0,0,0,0,39,0,0,0,10,0,0,0,0,0,0,0,0,0,0,0,0,0,0,0,0,0,0,0,0,0,0,0,0,0,0,0,0,0,0,0,0,0,0,0,0,0,0,0,9,0,0,0,63,0,0,0,0,0,0,0,0,0,5,0,28,0,0,0,0,0,4,0,1,0,15,0,0,0,0,0,38,0,0,0,53,0,2,0,0,0,32,0,0,0,0,0,0,0,0,0,0,0,0,0,0,0,0,0,0,0,0,0,0,0,0,0,0,0,0,10,8,0,0,0,0,0,0,0,0,0,0,0,0
0,382,0,292,0,0,0,438,0,49,0,43,0,0,0,5,0,147,0,0,0,21,0,39,0,31,0,0,0,48,0,10,0,12,0,26,0,35,0,0,0,0,0,1,0,0,0,0,0,0,0,4,0,3,0,0,0,0,0,0,0,11,0,63,0,0,0,0,0,0,0,0,0,0,0,0,0,0,0,0,0,0,0,0,0,0,0,0,0,0,0,0,0,0,0,0,0,0,0,0,0,0,0,0,0,0,0,0,0,0,0,0,0,0,0,0,0,0,0,0,0,6,0,0,0,0,0,0,0,0,0,0,0,0,0,0,0,0,0,30,0,28,0,0,0,50,0,0,0,0,0,1,0,0,0,3,0,45,0,0,0,0,0,0,0,0,0,42,0,0,0,0,0,10,0,0,7,78,0,0,0,0,0,0,0,0,0,0,0,0,0,0,0,0,0,0,0,0,0,0,0,0,0,0,0,0,0,0,0,0,0,0,0,0,0,0,0,0,4,87,0,0,0,0,0
14,0,9,0,61,6,0,0,0,0,21,0,108,129,4,0,0,0,30,0,0,4,15,0,0,0,46,231,0,0,0,0,0,0,0,0,0,0,0,0,0,54,101,0,142,156,58,300,223,53,47,0,0,0,0,0,0,0,0,0,0,0,0,0,0,0,0,0,0,0,0,0,0,0,0,0,0,0,0,0,0,0,0,0,0,0,0,0,0,0,0,0,0,0,0,0,0,0,0,0,0,0,0,0,0,0,0,0,0,0,0,0,0,0,0,0,0,0,0,0,0,0,0,0,0,0,0,0,0,0,0,0,0,0,0,0,0,0,0,0,0,0,0,0,0,0,0,0,0,0,0,0,94,0,0,0,0,0,0,0,0,0,0,0,34,0,0,0,0,0,0,0,0,0,0,0,46,86,48,0,48,0,36,0,0,0,86,17,0,0,0,0,0,0,0,0,0,0,0,0,0,0,0,0,0,0,0,0,0,0,3,69,91,0,0,0,0,38,0,0,0,0,0,0,0
0,34,0,1,0,25,0,0,0,0,0,50,12,129,0,0,0,0,0,0,0,0,0,0,0,0,64,21,0,0,0,0,0,0,0,0,0,0,0,0,54,0,0,5,53,77,34,311,0,117,17,0,0,0,0,0,0,0,0,0,0,0,0,0,0,0,0,0,0,4,0,0,0,0,0,0,0,0,0,0,0,0,0,0,0,0,0,0,0,0,0,0,0,0,0,0,0,0,0,0,0,0,0,1,0,0,0,0,0,0,0,0,0,0,0,0,0,0,0,0,0,0,0,0,0,0,0,0,0,0,0,0,0,0,0,0,0,0,0,0,0,0,0,0,0,0,0,0,0,0,0,0,0,0,0,0,0,0,0,0,0,0,0,0,0,25,0,0,0,0,0,0,0,0,0,0,0,119,0,49,0,8,0,18,0,0,9,19,0,0,0,0,0,0,0,0,0,0,0,0,0,0,0,0,0,0,0,0,0,0,0,0,0,0,0,0,0,0,0,28,12,0,0,0,43
0,0,0,0,0,0,0,0,0,0,0,0,116,70,2,0,0,0,39,0,39,0,0,0,0,0,256,91,7,0,82,0,54,0,123,0,52,0,0,0,101,0,0,0,115,78,39,120,29,20,90,0,0,0,0,0,0,0,3,0,0,0,0,0,3,0,0,0,0,0,8,0,0,0,12,0,0,0,0,0,0,0,7,0,50,0,0,0,1,0,0,0,0,0,17,0,0,0,43,0,0,0,0,0,0,0,0,0,0,0,0,0,0,0,0,0,0,0,0,0,0,0,0,0,0,0,0,0,0,0,0,0,0,0,0,0,0,0,0,0,0,0,0,0,0,0,0,0,0,0,0,0,0,0,0,0,0,0,0,0,0,0,0,0,60,0,21,0,13,0,0,0,13,0,0,0,12,5,13,0,0,0,0,0,0,0,76,0,0,0,0,0,0,0,1,0,0,0,0,0,0,0,0,0,0,0,0,0,0,0,66,95,66,0,13,0,0,11,0,0,0,0,0,0,0
0,9,0,9,0,21,0,0,0,1,0,33,0,113,0,12,0,9,0,21,3,67,0,9,0,0,12,119,0,0,0,0,0,3,0,10,0,23,0,1,0,5,0,0,4,62,0,38,0,58,5,77,0,0,0,4,0,0,0,0,0,0,0,0,0,0,0,0,0,0,0,0,0,0,0,4,0,0,0,0,0,21,0,0,0,0,0,0,0,0,0,0,0,0,0,0,0,3,0,0,0,0,0,0,0,0,0,0,0,0,0,0,0,0,0,0,0,0,0,0,0,0,0,0,0,0,0,0,0,0,0,0,0,0,0,0,0,0,0,0,0,18,0,0,0,0,0,0,0,0,0,0,0,0,0,0,0,0,0,0,0,1,0,0,0,0,0,35,0,35,0,4,0,7,0,0,0,0,0,0,0,0,0,0,0,0,0,5,0,0,0,0,0,0,0,0,0,0,0,0,0,0,0,0,0,0,0,0,0,0,0,0,0,0,13,0,0,0,24,69,61,0,0,0,0
0,0,10,0,0,0,9,0,0,0,0,0,62,0,82,0,35,0,44,0,107,0,153,2,3,0,205,44,16,0,20,0,42,0,31,0,67,0,0,0,142,53,115,4,0,134,230,154,245,190,62,0,11,0,0,0,0,0,0,0,0,0,45,0,0,0,0,0,0,0,53,0,0,0,36,0,0,0,0,0,0,0,0,0,0,0,0,0,0,0,0,0,0,0,0,0,0,0,0,0,0,0,0,0,0,0,0,0,0,1,0,0,0,0,0,0,0,0,0,0,0,0,0,0,0,0,0,0,0,0,0,0,0,0,0,0,0,0,0,0,0,0,0,0,88,0,0,0,23,0,0,0,80,0,0,0,0,0,0,0,0,0,0,0,196,0,63,0,60,0,6,0,59,0,0,0,21,48,13,0,0,0,0,0,0,0,84,0,0,0,0,0,0,0,0,0,0,0,0,0,0,0,0,0,0,0,0,0,0,0,74,140,245,27,33,0,6,99,0,0,0,0,0,0,1
0,0,0,0,0,0,0,0,0,4,0,37,34,95,0,13,0,0,4,21,0,112,0,10,0,0,132,272,0,0,0,14,0,0,7,29,0,17,0,0,156,77,78,62,134,0,116,246,26,299,55,53,0,0,0,0,0,2,0,0,0,0,0,6,0,0,0,0,0,15,0,0,0,0,0,0,0,0,0,1,0,0,0,50,0,0,0,0,0,0,0,0,0,0,0,103,0,0,0,0,0,57,0,18,0,0,0,0,0,0,0,0,0,0,0,0,0,0,0,0,0,0,0,4,0,0,0,0,0,0,0,0,0,0,0,0,0,0,0,0,0,0,0,0,0,0,0,0,0,0,0,0,0,0,0,0,0,0,0,0,0,8,0,3,1,205,0,0,0,96,0,9,0,24,0,0,0,63,0,4,0,0,0,4,0,0,41,34,0,0,0,0,0,1,0,0,0,0,0,0,0,0,0,0,0,0,0,0,0,0,0,0,0,0,16,0,0,0,15,210,210,27,0,6,91
24,0,16,0,93,0,0,0,0,0,48,4,108,36,25,0,2,0,58,8,5,0,48,0,0,0,85,65,0,0,0,0,0,0,0,0,0,0,0,0,58,34,39,0,230,116,0,169,235,72,17,0,0,0,3,0,0,0,0,0,0,0,0,0,0,0,0,0,0,0,0,0,0,0,0,0,0,0,0,0,0,0,0,0,0,0,0,0,0,0,0,0,0,0,0,0,0,0,0,0,0,0,0,0,0,0,0,0,0,0,0,0,0,0,0,0,0,0,0,0,0,0,0,0,0,0,0,0,0,0,0,0,1,0,0,0,26,0,0,0,0,0,22,0,0,0,0,0,0,0,38,0,81,0,0,0,0,0,0,0,0,0,0,0,0,0,0,0,0,0,0,0,0,0,0,0,23,40,17,0,0,0,32,0,50,0,46,0,0,0,0,0,0,0,0,0,0,0,0,0,0,0,0,0,0,0,0,0,3,0,7,78,77,3,6,0,0,76,0,2,0,0,0,0,0
0,156,0,0,0,107,0,0,0,0,0,128,95,165,0,0,0,0,21,17,0,0,0,0,0,0,267,158,0,0,0,0,0,0,12,2,0,0,0,0,300,311,120,38,154,246,169,0,21,249,112,30,0,0,0,0,0,0,0,0,0,0,0,0,0,0,0,0,0,0,0,0,0,0,0,0,0,0,0,0,0,0,0,0,0,0,0,0,0,0,0,0,0,0,0,0,0,0,0,0,0,0,0,0,0,0,0,0,0,0,0,0,0,0,0,0,0,0,0,0,0,0,0,0,0,0,0,0,0,0,0,0,0,0,0,0,0,0,0,0,0,0,0,0,0,0,0,0,0,0,0,0,0,0,0,0,0,0,0,0,0,0,0,0,0,85,0,0,0,0,0,0,0,0,0,0,0,204,0,0,0,0,0,0,0,0,84,46,0,0,0,0,0,0,0,0,0,0,0,0,0,0,0,0,0,0,0,0,0,0,0,0,0,0,0,0,0,0,0,322,168,0,0,0,151
20,0,11,0,13,0,79,0,76,0,0,0,34,3,0,0,3,0,0,2,7,0,8,0,0,0,41,6,0,0,0,0,2,0,13,0,2,0,0,0,223,0,29,0,245,26,235,21,0,103,13,0,13,0,33,0,29,0,66,0,6,0,4,0,8,0,22,0,14,0,0,0,0,0,0,0,0,0,2,0,0,0,23,0,4,0,16,0,1,0,0,0,20,0,27,0,5,0,0,0,10,0,37,0,22,0,12,0,0,0,0,0,0,0,0,0,0,0,0,0,0,0,0,0,0,0,0,0,0,0,0,0,6,0,32,0,0,0,0,0,0,0,26,0,0,0,0,0,0,0,0,0,0,0,5,0,0,0,0,0,0,0,4,0,30,0,11,0,22,0,18,0,45,0,0,0,24,17,18,0,0,0,0,0,5,0,222,0,31,0,11,0,63,0,16,0,0,0,0,0,42,0,73,0,27,0,0,0,18,0,57,91,261,6,93,40,22,59,0,2,3,0,0,0,1
0,13,0,0,0,0,0,0,0,5,0,62,0,71,0,4,0,0,0,16,0,33,0,0,0,0,0,112,0,0,0,0,0,0,0,10,0,24,0,0,53,117,20,58,190,299,72,249,103,0,0,21,0,0,0,0,0,0,0,0,0,0,0,0,0,1,0,0,0,10,0,0,0,0,0,0,0,4,0,0,0,0,0,33,0,0,0,0,0,1,0,0,0,0,0,28,0,0,0,0,0,0,0,0,0,0,0,0,0,0,0,0,0,0,0,0,0,0,0,0,0,0,0,1,0,1,0,0,0,0,0,0,0,0,0,0,0,0,0,0,0,0,0,0,0,0,0,0,0,0,0,0,0,0,0,0,0,0,0,0,0,0,0,0,0,66,0,0,0,0,0,0,0,0,0,0,0,77,0,3,0,0,0,0,0,3,60,23,0,1,0,0,0,0,0,0,0,0,0,4,0,0,0,0,0,0,0,0,0,0,0,2,0,0,8,0,0,0,2,27,21,1,0,2,53
3,0,0,0,5,0,0,0,0,0,4,2,277,114,0,0,12,0,205,34,80,0,0,0,0,0,386,130,9,0,75,0,30,0,200,0,111,0,10,0,47,17,90,5,62,55,17,112,13,0,0,0,6,0,0,0,0,0,5,0,0,0,15,0,0,0,0,0,0,0,24,0,0,0,0,0,0,0,0,0,0,0,13,0,85,0,21,0,0,0,0,0,0,0,0,0,79,0,66,0,0,0,0,0,0,0,0,0,0,0,0,0,0,0,0,0,0,0,0,0,6,0,0,0,0,0,0,0,0,0,0,0,0,0,0,0,22,0,0,0,0,0,59,0,27,0,0,0,0,0,0,0,0,0,0,0,0,0,0,0,14,0,0,0,79,0,20,0,117,0,1,0,25,0,0,0,0,6,32,0,0,0,3,0,0,0,40,4,0,0,0,0,0,0,12,0,0,0,0,0,0,0,0,0,0,0,0,0,0,0,68,44,85,27,23,8,1,6,0,0,0,0,0,0,0
0,13,1,4,0,30,0,0,0,0,0,26,0,141,1,0,0,0,2,39,2,137,0,0,0,4,0,247,0,0,0,7,0,3,0,51,0,53,0,4,0,0,0,77,0,53,0,30,0,21,0,0,0,0,0,2,0,3,0,0,0,1,0,4,0,0,0,0,0,7,0,5,0,0,0,0,0,9,0,0,0,0,0,33,0,0,0,12,0,0,0,0,0,0,0,58,0,0,0,0,0,37,0,0,0,7,0,15,0,0,0,0,0,1,0,0,0,0,0,0,0,0,0,0,0,0,0,0,0,0,0,0,0,0,0,0,0,0,0,0,0,0,0,0,0,19,0,0,0,0,0,0,0,3,0,0,0,0,0,0,0,0,0,0,0,12,0,42,0,138,0,13,0,29,0,0,0,1,0,0,0,0,0,0,0,0,1,0,0,8,0,4,0,0,0,0,0,0,0,0,0,0,0,0,0,0,0,0,0,0,0,0,0,0,20,0,0,0,29,87,74,12,0,4,1
0,0,0,0,0,0,81,4,213,33,0,0,0,0,24,0,140,0,0,0,26,0,26,0,25,2,0,0,21,0,7,0,2,0,0,0,10,0,8,0,0,0,0,0,11,0,0,0,13,0,6,0,0,4,74,31,101,2,35,35,44,0,82,1,0,0,22,38,0,0,0,0,0,0,7,0,0,0,0,0,0,0,0,0,0,0,0,0,0,0,3,0,0,0,0,0,5,0,0,0,0,0,0,0,0,0,0,0,0,0,0,0,0,0,0,0,0,0,0,0,2,0,0,0,5,0,15,0,96,0,14,0,4,0,4,0,103,0,337,0,76,0,73,0,86,0,0,0,3,0,0,0,0,0,277,1,90,0,99,0,8,0,6,0,0,0,0,0,4,0,71,0,5,0,0,0,49,0,0,0,0,0,0,0,2,1,0,0,0,0,0,0,0,0,0,0,0,0,0,0,0,0,0,0,0,0,0,0,4,0,77,50,84,44,24,0,11,1,0,0,0,0,0,0,0
0,9,0,0,0,0,6,42,42,230,0,0,0,0,0,0,1,8,0,0,0,0,0,0,5,11,0,0,0,8,0,0,0,0,0,0,0,6,0,3,0,0,0,0,0,0,0,0,0,0,0,0,4,0,31,75,12,61,10,180,0,17,1,68,0,4,11,39,0,0,0,0,0,0,0,0,0,0,0,0,0,0,0,0,0,34,0,0,0,0,0,0,0,0,0,0,0,0,0,0,0,0,0,0,0,0,0,0,0,0,0,0,0,0,0,0,0,0,0,0,0,1,0,0,0,0,0,9,0,16,0,4,0,14,0,22,0,57,0,322,0,48,0,100,0,109,0,0,0,1,0,0,0,1,0,88,0,43,0,153,0,8,0,0,0,0,0,0,0,9,0,38,0,11,0,0,5,67,0,0,0,0,0,5,0,8,0,0,0,0,0,0,0,0,0,0,0,0,0,0,0,0,0,0,0,0,0,0,0,25,3,0,0,0,172,0,0,0,322,249,100,112,2,0,0
0,0,78,0,15,0,174,12,107,168,0,0,0,0,66,0,14,0,0,0,6,0,140,0,57,26,0,0,4,0,0,0,0,0,0,0,0,0,0,0,0,0,0,0,0,0,3,0,33,0,0,0,74,31,0,93,54,11,111,45,8,0,60,16,0,0,17,55,0,0,0,0,0,0,0,0,0,0,0,0,0,0,0,0,0,0,0,0,0,0,0,0,0,0,0,0,0,0,0,0,0,0,0,0,0,0,0,0,0,0,0,0,0,0,0,0,0,0,0,0,0,0,0,0,17,0,70,0,169,0,92,0,16,0,23,0,105,1,30,0,0,0,0,0,0,0,4,0,1,0,0,0,0,0,71,0,14,0,54,1,108,0,0,0,5,0,0,0,7,0,113,0,9,1,0,0,34,16,0,0,0,0,0,0,0,2,0,0,0,0,0,0,0,0,0,0,0,0,0,0,0,0,0,0,0,0,0,0,41,0,90,9,151,91,68,4,31,0,0,1,4,0,0,0,0
0,15,0,115,0,21,0,407,218,179,0,0,0,3,0,211,0,19,0,0,0,16,0,50,12,353,0,0,0,5,0,3,0,0,0,0,0,0,0,0,0,0,0,4,0,0,0,0,0,0,0,2,31,75,93,0,35,87,61,175,0,0,10,67,85,12,48,21,0,0,3,0,0,0,0,0,0,0,0,0,0,0,0,0,0,38,0,0,0,0,0,0,0,0,0,0,0,0,0,0,0,0,0,0,0,0,0,0,0,0,0,0,0,0,0,0,0,0,0,0,0,0,0,0,0,0,0,10,0,0,61,0,0,28,0,49,0,173,0,157,0,39,0,130,0,7,0,0,0,5,0,0,0,0,0,76,0,18,0,34,96,18,0,0,0,16,0,0,0,15,0,90,0,15,0,0,26,45,0,0,0,0,0,5,0,10,0,0,0,0,0,0,0,0,0,0,0,0,0,1,0,0,0,0,0,0,0,0,0,0,0,0,12,0,153,0,0,0,140,14,276,150,0,72,0
0,0,10,0,7,0,25,0,16,19,0,0,0,0,0,0,0,0,0,0,0,0,13,0,14,0,0,0,0,0,0,0,0,0,0,0,0,0,0,0,0,0,0,0,0,0,0,0,29,0,0,0,101,12,54,35,0,33,413,57,2,0,7,1,75,27,59,138,0,0,0,0,0,0,0,0,0,0,0,0,0,0,0,0,0,0,0,0,0,0,0,0,0,0,0,0,0,0,0,0,0,0,0,0,0,0,0,0,0,0,0,0,0,0,0,0,0,0,0,0,0,0,0,0,12,0,20,0,14,0,83,0,0,0,0,0,4,0,0,0,0,0,0,0,3,0,5,0,6,0,5,0,0,0,134,17,57,0,132,0,187,0,0,0,3,0,5,0,15,0,109,0,15,0,0,0,11,0,0,0,0,0,0,0,0,0,0,0,0,0,0,0,0,0,0,0,0,0,0,0,0,0,0,0,0,0,0,0,0,0,250,64,390,416,481,3,72,0,0,0,0,0,0,0,0
0,3,0,19,0,0,2,70,25,8,0,0,0,0,0,70,0,0,0,0,0,0,0,22,0,81,0,0,0,0,0,0,0,0,0,0,0,0,0,0,0,0,0,0,0,2,0,0,0,0,0,3,2,61,11,87,33,0,38,280,0,0,0,12,70,21,72,32,0,0,0,0,0,0,0,0,0,0,0,0,0,0,0,0,0,9,0,0,0,0,0,0,0,0,0,0,0,0,0,0,0,0,0,0,0,0,0,0,0,0,0,0,0,0,0,0,0,0,0,0,0,0,0,0,0,24,0,11,0,54,5,34,0,19,0,24,0,87,0,84,0,9,0,27,0,9,0,0,0,7,0,0,0,0,51,165,0,0,0,126,41,56,0,0,0,22,0,0,0,19,0,217,0,0,0,0,6,2,0,0,0,0,0,0,20,9,0,0,0,0,0,0,0,0,0,0,0,0,0,0,0,0,0,0,0,0,0,0,0,29,4,0,0,0,280,0,0,0,180,26,317,212,17,143,0
0,0,6,0,0,0,11,0,107,0,0,0,0,0,0,0,0,0,0,0,0,0,0,0,0,0,0,0,0,0,0,0,0,0,0,0,0,0,0,0,0,0,3,0,0,0,0,0,66,0,5,0,35,10,111,61,413,38,0,95,10,0,8,0,220,12,97,181,0,0,0,0,0,0,0,0,0,0,0,0,0,0,0,0,0,0,0,0,0,0,0,0,0,0,0,0,0,0,0,0,0,0,0,0,0,0,0,0,0,0,0,0,0,0,0,0,0,0,0,0,0,0,0,0,8,0,17,0,13,0,85,0,5,0,0,0,0,0,0,0,0,0,0,0,0,0,0,0,46,0,3,0,0,0,122,0,195,0,10,4,105,0,0,0,0,0,0,0,37,0,149,0,0,0,0,0,0,0,0,0,0,0,0,0,59,0,0,0,0,0,0,0,0,0,0,0,0,0,0,0,0,0,0,0,0,0,0,0,11,0,520,106,502,663,739,7,183,0,0,0,0,0,0,0,0
0,0,0,26,0,0,0,28,0,75,0,0,0,0,0,0,0,0,0,0,0,0,0,35,0,67,0,0,0,0,0,0,0,0,0,0,0,0,0,0,0,0,0,0,0,0,0,0,0,0,0,0,35,180,45,175,57,280,95,0,0,0,0,50,58,217,189,289,0,6,0,0,0,0,0,0,0,0,0,0,0,0,0,0,0,0,0,0,0,0,0,0,0,0,0,0,0,0,0,0,0,0,0,0,0,0,0,0,0,0,0,0,0,0,0,0,0,0,0,0,0,0,0,0,0,28,0,14,0,5,0,72,0,3,0,10,0,44,0,6,0,2,0,8,0,22,0,0,0,35,0,1,0,0,36,139,0,123,10,56,31,156,0,0,0,33,0,0,0,59,1,328,0,57,0,6,22,34,0,0,0,0,0,0,26,63,0,0,0,1,0,0,0,0,0,0,0,0,0,0,0,0,0,0,0,0,0,0,0,12,0,0,0,0,935,0,0,0,789,101,820,697,55,384,1
303,0,129,0,0,0,184,0,188,0,0,0,0,0,0,0,38,0,0,0,0,0,0,0,0,5,0,0,2,0,4,0,15,0,0,0,21,0,7,0,0,0,0,0,0,0,0,0,6,0,0,0,44,0,8,0,2,0,10,0,0,0,48,0,0,0,0,0,0,0,6,0,0,0,0,0,0,0,0,0,0,0,0,0,0,0,2,0,0,0,0,0,0,0,0,0,0,0,0,0,0,0,0,0,0,0,0,0,0,0,0,0,0,0,0,0,0,0,0,0,2,0,0,0,0,0,0,0,0,0,0,0,0,0,0,0,0,0,174,0,57,0,0,0,245,0,0,0,0,0,0,0,0,0,43,0,84,0,7,0,0,0,8,0,0,0,0,0,6,0,69,0,153,0,0,0,84,0,0,0,0,0,21,0,0,0,0,0,0,0,0,0,0,0,0,0,0,0,0,0,0,0,0,0,0,0,0,0,0,0,119,124,74,73,60,0,0,0,0,0,0,0,0,0,0
0,110,0,11,0,0,0,165,0,219,0,0,0,0,0,0,0,25,0,0,0,23,0,10,0,5,0,0,0,40,0,5,0,0,0,16,0,35,0,11,0,0,0,0,0,0,0,0,0,0,0,1,0,17,0,0,0,0,0,0,0,0,0,90,0,0,0,0,0,0,0,0,0,0,0,0,0,0,0,0,0,18,0,0,0,0,0,0,0,0,0,0,0,0,0,0,0,1,0,0,0,0,0,0,0,0,0,0,0,0,0,0,0,0,0,0,0,0,0,0,0,0,0,0,0,0,0,0,0,0,0,0,0,0,0,0,0,0,0,19,0,36,0,0,0,158,0,0,0,0,0,0,0,0,0,0,0,186,0,24,0,0,0,3,0,0,0,0,0,0,0,80,0,111,0,0,0,97,0,0,0,0,0,33,0,0,0,0,0,0,0,0,0,0,0,0,0,0,0,0,0,0,0,0,0,0,0,0,0,0,0,0,0,0,58,0,0,0,130,360,121,0,0,40,0
308,0,319,0,0,0,417,21,261,29,0,0,0,0,46,0,548,0,0,0,106,0,77,0,81,18,0,0,39,0,19,0,16,0,5,0,34,0,21,0,0,0,0,0,45,0,0,0,4,0,15,0,82,1,60,10,7,0,8,0,48,0,0,4,0,0,3,0,0,0,26,0,0,0,39,0,0,0,0,0,0,0,0,0,76,0,36,0,0,0,0,0,0,0,0,0,69,0,0,0,0,0,0,0,0,0,0,0,0,0,0,0,0,0,0,0,0,0,0,0,13,0,0,0,0,0,0,0,38,0,7,0,0,0,0,0,119,0,284,0,62,0,215,0,112,0,0,0,0,0,0,0,0,0,83,0,64,0,18,0,0,0,0,0,0,0,0,0,0,0,8,0,17,0,0,0,52,0,0,0,0,0,10,0,0,0,0,0,0,0,0,0,0,0,0,0,0,0,0,0,0,0,0,0,0,0,0,0,0,0,22,65,0,0,26,0,0,0,0,0,0,0,0,0,0
0,77,0,9,0,0,27,370,36,451,0,0,0,0,0,39,0,207,0,12,0,87,0,142,22,124,0,0,0,65,0,24,0,35,0,19,0,42,0,63,0,0,0,0,0,6,0,0,0,0,0,4,1,68,16,67,1,12,0,50,0,90,4,0,0,0,0,0,0,0,0,0,0,0,0,0,0,0,0,0,0,19,0,0,0,0,0,0,0,0,0,0,0,0,0,0,0,0,0,8,0,0,0,0,0,0,0,0,0,0,0,0,0,0,0,0,0,0,0,0,0,0,0,0,0,3,0,0,0,6,0,0,0,6,0,0,0,60,0,331,0,129,0,129,0,132,0,0,0,0,0,0,0,0,0,50,0,89,0,56,0,0,0,0,0,0,0,3,0,0,0,26,0,17,0,0,10,165,0,0,0,0,0,29,0,2,0,0,0,0,0,0,0,0,0,0,0,0,0,0,0,0,0,0,0,0,0,0,0,0,0,0,0,0,56,0,0,0,118,175,98,45,1,0,0
9,0,26,0,53,0,25,0,62,0,9,0,13,0,13,0,0,3,0,0,0,0,11,0,3,0,0,0,0,0,0,0,0,0,0,0,0,0,0,0,0,0,3,0,0,0,0,0,8,0,0,0,0,0,0,85,75,70,220,58,0,0,0,0,0,95,153,82,0,0,0,0,0,0,1,0,0,0,0,0,0,0,0,0,0,0,0,0,0,0,1,0,0,0,0,0,0,0,0,0,0,0,0,0,0,0,0,0,0,0,0,0,0,0,0,0,0,0,0,0,0,0,0,0,20,0,9,1,0,0,40,42,0,0,9,0,9,0,16,32,0,0,0,0,71,33,31,0,27,24,0,0,0,0,80,120,50,0,46,90,468,249,17,13,0,0,6,0,0,0,0,1,0,0,25,0,0,0,0,0,55,43,28,0,180,0,0,0,0,0,0,0,0,0,0,0,0,0,0,0,0,0,0,0,0,0,0,0,0,0,202,62,0,0,523,0,0,0,0,0,18,0,0,0,0
0,17,0,15,0,0,0,0,0,159,0,0,0,0,0,29,0,0,0,22,0,0,0,0,2,0,0,30,0,0,0,0,0,0,0,0,0,0,0,0,0,0,0,0,0,0,0,0,0,1,0,0,0,4,0,12,27,21,12,217,0,0,0,0,95,0,17,268,0,0,0,1,0,0,0,0,0,0,0,0,0,0,0,0,0,0,0,0,0,0,0,0,0,0,0,0,0,0,0,0,0,0,0,0,0,4,0,0,0,0,0,0,0,0,0,0,0,0,0,0,0,0,0,0,0,34,0,31,0,1,0,40,0,0,0,28,0,30,0,80,0,0,0,0,0,113,0,39,0,236,0,12,3,0,22,49,0,9,0,54,72,492,0,30,0,0,0,4,1,0,0,0,0,0,0,34,0,0,0,0,1,198,0,0,10,74,0,0,0,0,0,0,0,0,0,0,0,0,1,0,0,0,0,0,0,0,0,0,0,27,0,3,0,0,213,0,2,0,85,56,0,0,24,0,0
0,0,15,0,0,0,88,0,153,0,0,0,2,0,0,0,0,0,0,0,0,0,0,0,0,0,0,0,0,0,0,0,0,0,0,0,0,0,0,0,0,0,0,0,0,0,0,0,22,0,0,0,22,11,17,48,59,72,97,189,0,0,3,0,153,17,0,178,0,0,0,0,0,0,0,0,0,0,0,0,0,0,0,0,0,0,0,0,0,0,0,0,0,0,0,0,0,0,0,0,0,0,0,0,0,0,0,0,0,0,0,0,0,0,0,0,0,0,0,0,0,0,0,0,0,0,0,0,0,0,39,0,0,0,0,0,0,0,0,0,0,0,0,0,4,0,5,0,21,0,0,0,0,0,43,20,73,0,0,10,163,0,0,0,0,0,0,0,3,0,0,0,0,0,0,0,158,5,0,0,0,0,2,0,226,0,0,0,0,0,0,0,0,0,0,0,0,0,0,0,0,0,0,0,0,0,0,0,0,0,193,64,163,301,275,4,50,0,0,0,0,0,0,0,0
0,6,0,0,0,0,0,20,57,121,0,0,0,0,0,0,0,0,0,0,0,0,0,0,0,0,0,0,0,0,0,0,0,0,0,0,0,0,0,0,0,0,0,0,0,0,0,0,0,0,0,0,38,39,55,21,138,32,181,289,0,0,0,0,82,268,178,0,0,0,0,0,0,0,0,0,0,0,0,0,0,0,0,0,0,0,0,0,0,0,0,0,0,0,0,0,0,0,0,0,0,0,0,0,0,0,0,0,0,0,0,0,0,0,0,0,0,0,0,0,0,0,0,0,0,30,0,23,0,2,0,37,0,0,0,0,0,6,0,3,0,0,0,0,0,20,0,5,0,62,0,0,0,0,44,55,0,47,0,32,0,150,0,0,0,0,0,0,0,0,0,0,0,0,0,21,23,104,0,0,0,0,0,0,18,319,0,0,0,0,0,0,0,0,0,0,0,0,0,0,0,0,0,0,0,0,0,0,0,26,0,0,0,0,409,0,0,0,251,92,210,0,48,0,0
0,0,0,0,0,0,0,0,1,0,0,0,0,0,0,0,0,0,0,0,0,0,0,0,0,0,0,0,0,0,0,0,0,0,0,0,0,0,0,0,0,0,0,0,0,0,0,0,14,0,0,0,0,0,0,0,0,0,0,0,0,0,0,0,0,0,0,0,0,0,0,0,18,0,0,0,199,0,41,0,0,0,40,0,0,0,0,0,4,0,4,0,29,0,47,0,0,0,18,0,30,0,120,0,0,0,15,0,21,0,25,0,7,0,4,0,12,0,0,0,0,0,0,0,0,0,0,0,0,0,0,0,0,0,0,0,0,0,0,0,0,0,0,0,0,0,0,0,0,0,0,0,0,0,0,0,0,0,0,0,0,0,6,0,69,0,0,0,193,0,7,0,0,0,0,0,0,0,0,0,0,0,0,0,0,0,0,0,0,0,0,0,0,0,13,0,0,0,0,0,0,0,0,0,0,0,0,0,0,0,40,0,98,0,24,31,177,0,0,0,0,0,0,0,0
0,0,0,0,0,0,0,0,0,0,0,0,0,0,0,0,0,0,0,0,0,0,0,0,0,0,0,0,0,0,0,0,0,0,0,0,0,0,0,0,0,4,0,0,0,15,0,0,0,10,0,7,0,0,0,0,0,0,0,6,0,0,0,0,0,0,0,0,0,0,0,0,0,0,0,0,0,31,0,0,0,0,0,70,0,0,0,3,0,5,0,0,0,68,0,32,0,0,0,0,0,7,0,107,0,0,0,0,0,22,0,12,0,1,0,3,0,0,0,0,0,0,0,0,0,0,0,0,0,0,0,0,0,0,0,0,0,0,0,0,0,0,0,0,0,0,0,0,0,0,0,0,0,0,0,0,0,0,0,0,0,0,0,0,0,55,0,0,0,21,0,0,0,0,0,0,0,0,0,0,0,0,0,0,0,0,0,0,0,0,0,0,0,0,0,0,0,0,0,0,0,0,0,0,0,0,0,0,0,0,0,0,0,0,7,1,0,0,23,7,81,3,14,169,2
0,0,0,0,0,0,0,0,0,0,0,0,0,0,10,0,33,0,0,0,76,0,10,0,0,0,0,0,64,0,23,0,29,0,12,0,63,0,11,0,0,0,8,0,53,0,0,0,0,0,24,0,0,0,0,3,0,0,0,0,6,0,26,0,0,0,0,0,0,0,0,0,172,0,147,0,24,0,182,0,14,0,0,0,13,0,47,0,0,0,0,0,0,0,0,0,0,0,0,0,0,0,0,0,0,0,0,0,0,0,0,0,0,0,0,0,0,0,0,0,11,0,9,0,32,43,76,0,0,0,70,30,21,0,49,0,39,0,14,9,72,0,186,0,109,24,0,26,44,32,60,0,72,0,0,1,8,0,0,0,6,0,69,0,0,0,10,0,50,0,24,0,61,0,36,0,0,0,0,0,108,31,0,0,0,0,0,0,0,0,0,0,0,0,0,0,0,0,0,0,50,0,0,0,0,0,0,0,84,0,39,0,21,0,22,0,2,0,0,0,0,0,0,0,0
0,0,0,0,0,0,0,0,0,0,0,0,0,0,0,0,0,0,0,0,0,54,0,17,0,0,0,0,0,18,0,9,0,0,0,12,0,24,0,0,0,0,0,0,0,0,0,0,0,0,0,5,0,0,0,0,0,0,0,0,0,0,0,0,0,1,0,0,0,0,0,0,0,91,0,232,0,7,0,36,0,7,0,11,0,0,0,85,0,0,0,0,0,0,0,7,0,0,0,0,0,0,0,0,0,0,0,0,0,0,0,0,0,0,0,0,0,0,0,0,0,1,0,13,0,0,10,85,2,0,30,0,0,0,0,33,0,44,0,2,0,33,0,17,0,132,0,0,0,67,0,0,0,36,0,0,0,5,0,0,0,0,0,39,0,0,0,53,0,11,0,20,0,59,0,0,0,0,0,0,0,80,0,0,0,0,0,0,0,0,0,0,0,0,0,0,0,0,0,0,0,0,0,0,0,0,0,16,0,0,0,0,0,0,0,0,0,0,19,4,35,0,0,0,0
0,0,0,0,0,0,0,0,1,0,0,0,0,0,0,0,15,0,0,0,17,0,0,0,0,0,0,0,0,0,0,0,1,0,0,0,0,0,0,0,0,0,0,0,0,0,0,0,0,0,0,0,0,0,0,0,0,0,0,0,0,0,0,0,0,0,0,0,18,0,172,0,0,0,74,0,40,0,142,0,11,0,8,0,21,0,21,0,0,0,0,0,14,0,0,0,0,0,7,0,0,0,2,0,0,0,0,0,0,0,0,0,0,0,0,0,0,0,0,0,30,0,0,0,56,0,78,0,5,0,26,0,34,0,41,0,18,0,9,2,44,0,124,0,60,0,36,0,0,0,62,17,55,0,0,0,0,0,0,0,2,0,62,0,0,0,1,0,14,0,3,0,0,0,15,0,0,0,0,0,39,0,0,0,0,0,0,0,11,0,0,0,0,0,0,0,0,0,55,0,58,0,0,0,0,0,0,0,71,0,341,0,25,12,28,0,6,3,0,0,0,0,0,0,0
0,0,0,0,0,0,0,0,0,0,0,0,0,0,0,0,0,0,0,0,0,0,0,0,0,0,0,0,0,0,0,0,0,0,0,0,0,0,0,0,0,0,0,0,0,0,0,0,0,0,0,0,0,0,0,0,0,0,0,0,0,0,0,0,0,0,0,0,0,0,0,91,0,0,5,107,0,100,0,19,0,61,0,32,0,0,1,87,0,2,0,0,0,5,0,0,0,0,0,1,0,0,0,7,0,3,0,0,0,0,0,0,0,0,0,0,0,0,0,0,0,0,0,16,0,67,0,188,0,0,48,13,0,77,0,144,0,114,0,0,0,15,11,0,0,53,0,0,16,55,0,0,0,42,0,0,0,0,0,0,0,0,0,37,0,2,0,0,0,4,0,8,0,13,0,29,0,0,0,0,0,87,0,0,0,0,0,0,0,54,0,0,0,0,0,0,0,0,0,94,0,20,0,142,0,19,0,0,13,233,0,0,0,0,13,0,0,0,127,8,6,0,0,0,0
0,0,0,0,0,0,0,0,0,0,0,0,0,0,14,0,23,0,0,0,44,0,11,0,0,0,0,0,29,0,15,0,0,0,7,0,36,0,4,0,0,0,12,0,36,0,0,0,0,0,0,0,7,0,0,0,0,0,0,0,0,0,39,0,1,0,0,0,0,0,147,0,74,5,0,0,0,0,135,0,19,0,19,0,21,0,48,0,0,0,0,0,0,0,0,0,0,0,8,0,0,0,0,0,1,0,0,0,0,0,0,0,0,0,0,0,0,0,0,0,42,0,22,0,0,40,0,0,0,0,31,0,0,0,55,0,40,0,15,5,66,0,254,0,73,0,11,20,22,13,31,0,22,9,0,0,3,0,0,1,0,0,29,21,0,0,0,0,20,0,7,0,28,0,31,0,0,0,0,0,59,0,0,0,0,0,0,0,0,0,2,0,0,0,0,0,0,0,43,1,33,0,0,0,5,0,0,0,62,0,46,0,12,0,19,0,0,0,0,0,0,0,0,0,0
0,0,0,0,0,0,0,0,0,2,0,0,0,0,0,0,0,51,0,0,0,0,0,0,0,0,0,0,0,0,0,0,0,0,0,0,0,0,0,0,0,0,0,4,0,0,0,0,0,0,0,0,0,0,0,0,0,0,0,0,0,0,0,0,0,0,0,0,0,0,0,232,0,107,0,0,0,0,0,46,0,22,0,20,0,0,0,108,0,0,0,0,0,0,0,15,0,0,4,0,0,0,0,0,0,0,0,0,0,0,0,0,0,0,0,0,0,0,0,0,0,31,0,62,0,0,0,0,0,0,0,5,6,0,0,79,0,0,0,5,0,107,0,26,23,181,0,0,0,40,0,0,0,0,0,0,0,7,0,0,0,0,0,77,0,0,0,44,0,8,0,14,0,49,0,0,0,0,0,0,7,88,0,0,0,0,0,0,0,2,0,0,0,0,0,0,0,0,0,15,0,0,0,0,0,0,0,0,0,96,0,0,0,0,0,0,0,0,59,5,42,0,0,6,0
0,0,0,0,0,0,0,0,0,0,0,0,0,0,0,0,0,0,0,0,0,0,0,0,0,0,0,0,0,0,0,0,0,0,0,0,0,0,0,0,0,0,0,0,0,0,0,0,0,0,0,0,0,0,0,0,0,0,0,0,0,0,0,0,0,0,0,0,199,0,24,0,40,0,0,0,0,0,49,0,0,0,31,0,0,0,34,0,0,0,0,0,36,0,57,0,0,0,41,0,21,0,68,0,0,0,19,0,6,0,0,0,0,0,3,0,14,0,0,0,0,0,0,0,0,0,0,0,0,0,0,0,0,0,0,0,0,0,0,0,0,0,0,0,0,0,0,0,0,0,0,0,0,0,0,0,0,0,0,0,0,0,0,0,7,0,0,0,0,0,4,0,0,0,0,0,0,0,0,0,0,0,0,0,0,0,0,0,0,0,0,0,0,0,0,0,0,0,0,0,88,1,0,0,0,0,0,0,0,0,81,2,19,0,23,0,66,2,0,0,0,0,0,0,0
0,0,0,0,0,0,0,0,0,0,0,0,0,0,0,0,0,0,0,0,0,0,0,0,0,0,0,0,0,0,0,0,0,0,0,0,0,0,0,0,0,0,0,0,0,0,0,0,0,4,0,9,0,0,0,0,0,0,0,0,0,0,0,0,0,0,0,0,0,31,0,7,0,100,0,0,0,0,0,6,0,88,0,143,0,3,0,53,0,8,0,0,0,98,0,86,0,9,0,27,0,60,0,92,0,0,0,0,0,0,0,0,0,0,0,0,0,1,0,0,0,0,0,5,11,0,0,0,0,0,0,0,0,0,0,61,0,25,0,0,0,0,0,0,0,0,0,0,2,0,0,0,0,0,0,0,0,0,0,0,0,0,0,6,0,17,0,0,0,35,0,0,0,0,0,3,0,0,0,0,0,16,0,0,0,0,0,0,0,42,0,0,0,0,0,62,0,0,0,0,0,0,0,147,0,0,0,0,0,68,0,0,0,0,23,0,0,0,182,8,81,0,27,9,3
0,0,0,0,0,0,0,0,0,0,0,0,2,0,0,0,0,0,0,0,0,0,0,0,0,0,0,0,0,0,0,0,0,0,0,0,21,0,0,0,0,0,0,0,0,0,0,0,2,0,0,0,0,0,0,0,0,0,0,0,0,0,0,0,0,0,0,0,41,0,182,0,142,0,135,0,49,0,0,0,20,0,47,0,37,0,42,0,0,0,0,0,50,0,31,0,15,0,47,0,5,0,20,0,0,0,4,0,0,0,0,0,0,0,0,0,0,0,0,0,60,0,31,0,0,0,13,0,0,0,0,0,0,0,43,0,0,0,0,0,40,0,85,0,33,0,0,0,0,0,0,0,0,0,0,0,2,0,0,0,0,0,11,0,16,0,0,0,12,0,0,0,0,0,0,0,0,0,0,0,0,0,0,0,0,0,0,0,0,0,0,0,0,0,0,0,0,0,0,0,74,0,0,0,0,0,0,0,0,0,220,6,19,5,56,0,6,0,0,0,0,0,0,0,0
0,0,0,0,0,0,0,0,0,0,0,0,0,0,0,0,0,0,0,0,0,0,0,0,0,0,0,0,0,0,0,0,0,0,0,0,0,0,0,0,0,0,0,0,0,1,0,0,0,0,0,0,0,0,0,0,0,0,0,0,0,0,0,0,0,0,0,0,0,0,0,36,0,19,0,46,0,6,0,0,0,14,0,24,0,6,0,25,0,0,0,0,0,0,0,21,0,0,0,0,0,0,0,0,0,0,0,0,0,0,0,0,0,0,0,0,0,0,0,0,0,0,0,37,0,0,0,0,0,0,0,0,0,0,0,33,0,16,0,3,0,29,0,17,0,29,0,0,0,0,0,0,0,0,0,0,0,0,0,0,0,0,0,10,0,0,0,0,0,0,0,0,0,10,0,0,0,0,0,0,0,0,0,0,0,0,0,0,0,0,0,0,0,0,0,0,0,0,0,7,0,0,0,0,0,0,0,0,0,0,0,0,0,0,0,0,0,0,0,0,0,0,0,0,0
