0,358,7,145,60,40,45,237,80,109,146,0,102,0,21,100,84,9,3,0,8,0,8,202,0,126,0,0,57,0,18,0,0,0,0,0,0,0,141,14,16,0,0,0,7,0,0,0,0,0,0,0,0,0,0,8,0,0,9,0,272,0,100,52,0,0,20,0,0,0,0,0,0,0,0,0,0,0,1,0,0,0,0,0,0,0,0,0,0,0,0,0,1,0,0,0,0,0,0,0,0,0,0,0,0,0,0,0,0,0,0,0,0,0,0,0,0,0,0,0,0,0,0,0,40,0,0,0,0,0,39,0,0,0,0,0,0,0,0,0,0,0,0,0,0,0,52,0,65,0,22,0,0,0,0,0,0,0,0,0,0,0,2,0,0,0,0,0,21,0,10,0,227,0,0,0,340,105,18,0,0,0,27,0,12,0,0,0,0,0,0,0,0,0,0,0,0,0,0,0,1,0,0,0,0,0,0,0,44,0,691,218,495,0,248,0,0,2,0,0,8,0,0,0,0
358,0,307,18,0,214,71,25,45,85,29,267,0,139,0,13,182,9,0,141,2,0,373,32,406,1,0,284,0,122,0,0,0,203,0,0,0,146,0,541,0,26,0,0,0,0,0,67,0,6,0,0,0,0,0,13,0,7,0,0,0,151,16,62,0,38,0,18,0,0,0,0,0,0,0,0,0,0,0,0,0,0,0,0,0,0,0,0,0,0,0,0,0,0,0,0,0,0,0,0,0,0,0,0,0,0,0,0,0,0,0,0,0,0,0,0,0,0,0,0,0,0,0,1,0,88,0,87,0,0,0,71,0,0,0,47,0,51,0,0,0,0,0,0,0,0,0,84,0,164,0,90,0,167,0,0,0,0,0,0,0,3,0,0,0,8,0,0,0,28,0,0,0,193,0,40,50,352,0,6,0,20,12,0,0,106,0,0,0,0,0,0,0,0,0,0,0,0,0,0,0,0,0,1,0,0,0,22,0,89,6,0,0,0,237,0,0,0,556,209,457,0,0,0,0
7,307,0,0,136,0,52,93,7,0,27,79,72,0,263,93,212,9,101,0,124,0,195,134,66,46,137,0,260,13,155,0,23,0,0,0,24,0,283,0,18,0,0,0,63,0,37,0,3,0,0,0,0,2,124,0,17,0,26,0,249,0,233,16,0,0,3,0,0,0,0,0,0,0,0,0,0,0,0,0,0,0,0,0,0,0,0,0,0,0,0,0,0,0,0,0,0,0,0,0,0,0,1,0,0,0,0,0,0,0,0,0,0,0,0,0,0,0,0,0,0,0,0,0,95,0,186,0,15,0,91,0,34,0,146,0,0,0,0,0,0,0,0,0,0,0,84,0,61,0,85,0,18,0,0,0,0,0,0,0,14,0,2,0,0,0,0,0,51,1,17,0,470,0,0,0,75,57,0,0,0,0,0,0,0,0,0,0,0,0,0,0,0,0,0,0,11,0,16,0,45,0,0,0,0,0,21,0,301,0,670,93,782,0,375,0,0,2,0,0,0,0,0,0,0
145,18,0,0,0,261,0,48,0,5,0,33,0,37,0,224,48,46,0,307,0,35,136,129,78,46,0,184,5,219,0,89,0,233,0,0,0,38,0,340,0,4,0,0,0,0,0,0,0,4,0,0,0,5,0,106,0,10,0,5,0,0,0,30,0,0,0,2,0,3,0,0,0,0,0,0,0,0,0,0,0,0,0,0,0,0,0,0,0,0,0,0,0,0,0,0,0,0,0,0,0,0,0,0,0,0,0,0,0,0,0,0,0,0,0,0,0,0,0,0,0,0,0,0,0,40,0,0,0,0,0,58,0,46,0,117,0,200,0,0,0,0,0,23,0,0,0,0,0,0,0,9,0,5,0,7,0,0,0,0,0,0,0,6,0,7,0,38,0,24,0,16,0,167,0,5,0,23,0,0,0,0,0,0,0,0,0,0,0,0,0,0,0,0,0,0,0,1,0,0,0,0,0,0,0,0,0,0,0,47,0,0,0,0,172,0,0,0,318,31,458,0,0,0,0
60,0,136,0,0,390,30,0,28,0,101,290,318,218,280,279,111,0,192,305,354,134,54,98,0,0,203,117,110,0,443,0,426,18,0,76,378,50,603,0,110,0,0,0,69,0,133,9,0,0,112,0,0,0,0,0,0,0,0,0,7,0,0,0,31,0,7,0,0,0,0,0,0,0,0,0,0,0,0,0,0,0,0,0,0,0,0,0,0,0,0,0,0,0,0,0,0,0,0,0,0,0,0,0,0,0,0,0,0,0,0,0,0,0,0,0,0,0,0,0,0,0,0,0,0,0,58,0,0,0,0,0,0,0,83,0,0,0,0,0,0,0,0,0,0,0,79,0,114,0,140,0,66,0,0,0,3,0,0,0,0,0,0,0,77,0,348,0,139,0,0,0,188,0,0,0,193,176,65,0,36,0,27,0,33,0,0,0,0,0,0,0,0,0,0,0,0,0,0,0,0,0,0,0,0,0,0,0,141,0,598,467,880,0,287,0,0,1,0,0,0,0,0,0,0
40,214,0,261,390,0,0,42,0,0,305,114,66,271,366,55,34,0,92,259,134,185,223,159,0,11,0,403,0,0,0,332,0,272,0,364,0,294,58,0,0,23,0,0,0,0,0,98,0,0,0,0,0,0,0,29,0,0,0,0,0,0,0,8,0,0,0,0,0,0,0,0,0,0,0,0,0,0,0,0,0,0,0,0,0,0,0,0,0,0,0,0,0,0,0,0,0,0,0,0,0,0,0,0,0,0,0,0,0,0,0,0,0,0,0,0,0,0,0,0,0,0,0,0,0,21,0,0,0,0,0,0,0,0,0,111,0,159,0,0,0,0,0,0,0,0,0,0,0,79,0,100,0,251,0,0,0,0,0,0,0,0,0,0,0,68,0,257,0,84,0,0,0,175,0,0,73,203,39,23,0,78,0,5,0,48,0,1,0,0,0,0,0,3,0,0,0,0,0,0,0,0,0,0,0,0,0,8,0,50,0,0,0,0,294,0,0,0,709,307,681,0,0,0,0
45,71,52,0,30,0,0,130,81,396,11,0,0,0,15,1,34,0,0,0,0,0,7,1,77,111,0,0,2,0,0,0,0,0,0,0,0,0,0,0,0,0,0,0,0,0,0,0,13,0,0,0,89,31,121,66,10,0,25,0,301,0,389,101,0,0,89,40,0,0,0,0,0,0,0,0,1,0,0,0,0,0,1,0,0,0,0,0,0,0,0,0,0,0,0,0,0,0,0,0,0,0,0,0,0,0,0,0,0,0,0,0,0,0,0,0,0,0,0,0,0,0,0,0,105,0,116,0,0,0,187,0,36,0,30,0,7,0,0,0,0,0,0,0,0,0,46,0,31,0,0,0,0,0,0,0,0,0,0,0,16,0,4,0,5,0,5,0,81,0,181,0,302,0,0,0,19,28,0,0,0,0,0,11,1,0,0,0,0,0,0,0,0,0,0,0,0,0,0,0,0,0,0,0,0,0,0,0,124,0,797,69,775,0,792,0,256,1,0,0,0,0,0,0,0
237,25,93,48,0,42,130,0,221,50,0,14,0,10,0,22,97,5,0,56,0,0,63,19,311,9,0,64,0,0,0,0,0,0,0,0,0,23,0,153,0,3,0,3,0,0,0,7,0,3,0,0,11,6,29,109,0,22,0,4,16,152,32,165,0,1,0,2,0,0,0,0,0,0,0,0,0,0,0,0,0,0,0,0,0,0,0,0,0,0,0,0,0,0,0,0,0,0,0,0,0,0,0,0,0,0,0,0,0,0,0,0,0,0,0,0,0,0,0,0,0,0,0,0,0,26,0,0,0,56,0,44,0,44,0,93,0,146,0,6,0,0,0,14,0,0,0,0,0,8,0,5,0,0,0,9,0,0,0,0,0,0,0,0,0,17,0,0,0,32,0,53,10,156,0,0,13,56,0,0,0,0,0,5,0,0,0,0,0,0,0,0,0,0,0,0,0,0,0,0,0,0,0,0,0,0,0,8,0,47,2,4,18,0,344,0,0,0,827,76,558,0,0,0,0
80,45,7,0,28,0,81,221,0,784,51,0,22,0,0,0,4,0,0,0,0,0,0,0,0,120,0,0,0,0,0,0,0,0,0,0,0,1,0,0,9,0,0,0,3,0,0,0,0,0,0,0,95,128,14,219,0,0,125,71,176,14,151,143,150,0,277,221,0,0,0,0,0,0,0,0,0,0,0,0,0,0,0,0,0,0,1,0,0,0,0,0,0,1,0,0,0,0,0,0,0,0,0,0,0,0,0,0,0,0,0,0,0,0,0,0,0,0,0,0,0,0,0,0,83,0,0,0,0,0,152,0,0,0,6,0,0,0,0,0,0,0,0,0,0,0,107,0,220,0,71,0,19,0,5,0,12,9,0,2,4,0,0,0,0,0,0,0,20,0,55,0,78,0,2,0,201,49,0,0,0,0,20,0,146,0,0,0,0,0,0,0,0,0,0,0,14,0,0,0,0,0,0,0,3,0,0,0,45,0,270,92,150,0,211,0,50,0,0,5,0,0,0,2,0
109,85,0,5,0,0,396,50,784,0,0,50,0,0,3,0,17,0,0,0,0,0,11,0,312,5,0,27,0,0,0,0,0,0,0,0,0,0,0,0,0,0,0,0,1,0,0,0,0,2,0,0,95,34,273,126,0,25,87,54,28,140,69,159,0,175,0,82,0,1,0,0,0,0,0,0,0,0,0,0,0,0,0,0,0,0,0,0,0,0,0,0,0,0,0,0,0,0,1,0,0,0,0,0,0,0,0,0,0,0,0,0,0,0,0,0,0,0,0,0,0,0,0,0,0,80,0,61,0,0,0,73,0,32,0,24,0,24,0,0,0,0,0,0,0,0,0,63,0,224,0,30,0,29,0,7,0,21,0,0,0,14,0,0,0,6,0,4,0,14,5,53,15,31,0,1,14,178,0,1,0,0,2,53,0,53,0,0,0,0,0,0,0,0,0,0,0,1,0,0,0,0,0,0,0,0,0,0,0,60,15,22,30,3,389,0,0,0,640,118,329,0,0,127,0
146,29,27,0,101,305,11,0,51,0,0,191,364,31,13,310,96,0,16,81,70,62,22,137,0,0,39,11,100,0,176,0,162,13,0,15,172,21,316,0,48,0,11,0,0,0,64,0,0,0,0,0,4,0,0,1,0,0,3,0,5,0,0,0,26,0,4,0,0,0,0,0,0,0,0,0,0,0,0,0,0,0,0,0,0,0,0,0,0,0,0,0,0,0,0,0,0,0,0,0,0,0,0,0,0,0,0,0,0,0,0,0,0,0,0,0,0,0,0,0,0,0,0,0,32,0,0,0,0,0,0,0,0,0,0,0,0,0,0,0,0,0,0,0,0,0,57,0,74,1,94,0,96,0,0,0,1,0,0,0,0,0,0,0,0,0,115,9,38,0,0,0,113,0,39,0,219,108,63,0,85,0,52,0,34,0,7,0,0,0,0,0,0,0,0,0,10,0,0,0,0,0,0,0,0,0,0,0,61,0,224,236,208,0,67,0,7,0,15,0,0,0,0,0,0
0,267,79,33,290,114,0,14,0,50,191,0,13,517,306,6,30,0,42,72,100,56,264,27,0,1,0,308,0,57,34,95,0,245,0,95,0,217,0,119,0,123,0,0,0,0,0,206,0,13,0,4,0,0,0,6,0,0,0,0,0,0,0,0,0,34,0,0,0,0,0,0,0,0,0,0,0,2,0,0,0,0,0,0,0,0,0,0,0,0,0,0,0,0,0,0,0,0,0,0,0,0,0,0,0,0,0,0,0,0,0,0,0,0,0,0,0,0,0,0,0,0,0,0,0,27,0,0,0,1,0,0,0,0,0,35,0,20,0,0,0,0,0,0,0,0,0,0,0,79,0,104,0,364,0,0,0,0,0,0,0,0,0,0,0,22,0,101,0,33,0,0,0,105,0,145,47,290,21,78,0,87,0,48,0,107,0,10,0,0,0,0,0,0,0,0,0,0,0,0,0,8,0,0,0,0,0,0,0,25,0,0,0,0,144,0,0,0,427,215,278,0,0,0,0
102,0,72,0,318,66,0,0,22,0,364,13,0,249,31,11,0,0,120,280,85,94,6,0,0,0,181,473,0,0,26,0,18,0,109,41,56,0,0,0,163,77,241,53,75,51,196,124,7,0,335,52,0,0,0,0,0,0,0,0,0,0,0,0,0,0,0,0,0,0,0,0,0,0,0,0,7,0,0,0,0,0,0,0,0,0,0,0,0,0,0,0,0,0,0,0,0,0,0,0,0,0,0,0,0,0,0,0,0,0,0,0,0,0,0,0,0,0,0,0,0,0,0,0,0,0,0,0,0,0,0,0,0,0,0,0,0,0,0,0,0,0,0,0,0,0,0,0,48,0,66,0,39,0,1,0,0,0,0,0,0,0,0,0,101,4,54,0,86,0,0,0,10,0,0,0,304,73,85,0,39,0,29,0,0,0,489,0,0,0,0,0,0,0,0,0,0,0,0,0,0,0,0,0,0,0,12,0,0,0,81,344,311,0,23,0,0,0,0,0,0,0,0,0,0
0,139,0,37,218,271,0,10,0,0,31,517,249,0,80,0,0,0,639,152,293,64,0,0,0,0,184,315,0,0,40,0,0,0,114,286,63,105,0,0,0,202,40,204,0,80,0,268,0,14,70,271,0,0,0,0,0,1,0,0,0,0,0,0,0,0,0,0,0,0,0,0,0,0,0,0,0,5,0,0,0,0,0,0,0,0,0,5,0,0,0,0,0,0,0,0,0,0,0,0,0,0,0,0,0,0,0,0,0,0,0,0,0,0,0,0,0,0,0,0,0,0,0,0,0,0,0,0,0,0,0,0,0,0,0,0,0,0,0,0,0,0,0,0,0,0,0,0,0,21,0,0,0,81,0,0,0,0,0,0,0,2,0,4,0,87,0,36,0,41,0,0,0,17,0,0,59,399,13,34,0,31,0,0,0,0,24,103,0,0,0,0,0,0,0,0,0,0,0,0,0,0,0,0,0,0,0,0,0,0,0,0,25,0,29,0,1,0,0,372,433,0,0,0,0
21,0,263,0,280,366,15,0,0,3,13,306,31,80,0,298,89,0,214,257,484,183,322,42,80,0,262,37,43,1,309,60,149,24,29,58,118,51,168,0,16,6,0,0,76,0,33,0,0,0,23,0,6,0,65,0,0,0,0,0,0,0,12,0,19,0,0,0,0,0,0,0,0,0,0,0,0,0,0,0,0,0,0,0,0,0,0,0,0,0,0,0,0,0,0,0,0,0,0,0,0,0,0,0,0,0,44,0,0,0,0,0,0,0,0,0,0,0,0,0,0,0,0,0,0,0,0,0,0,0,19,0,0,0,339,0,129,0,0,0,0,0,207,0,0,0,32,0,44,0,90,0,0,0,0,0,0,0,0,0,0,0,0,0,0,0,132,0,45,0,0,0,38,0,0,0,38,71,2,0,7,0,10,0,0,0,0,0,0,0,0,0,0,0,0,0,6,0,0,0,211,0,0,0,0,0,0,0,140,0,92,95,237,0,44,0,0,0,0,0,0,0,0,0,0
100,13,93,224,279,55,1,22,0,0,310,6,11,0,298,0,52,54,0,500,68,216,282,303,27,76,0,135,0,45,0,338,37,145,0,105,28,68,61,0,0,0,0,0,0,0,0,0,0,0,0,0,0,0,0,41,0,0,0,0,0,0,0,50,0,0,0,0,0,0,0,0,0,0,0,0,0,0,0,0,0,0,0,0,0,34,0,0,0,0,0,0,0,0,0,0,0,0,0,0,0,0,0,0,0,0,0,0,0,0,0,0,0,0,0,0,0,0,0,0,0,0,0,0,0,0,0,0,0,0,0,0,1,27,0,116,0,244,0,0,0,0,0,51,0,0,0,0,0,0,0,19,0,15,0,10,0,0,0,0,0,0,0,0,0,0,0,156,0,26,0,0,0,77,0,8,24,43,32,8,0,7,0,0,0,0,0,0,0,0,0,0,0,0,0,0,0,0,0,0,0,0,0,0,0,0,0,0,0,0,0,0,0,0,65,0,0,0,144,112,162,0,0,2,0
84,182,212,48,111,34,34,97,4,17,96,30,0,0,89,52,0,5,140,4,199,0,73,87,149,35,116,0,121,0,157,0,13,0,46,0,11,0,48,0,0,0,0,0,26,0,0,0,0,0,33,0,102,0,80,0,14,0,3,1,37,0,225,28,0,0,0,0,0,0,0,0,0,0,4,0,0,0,0,0,28,0,0,0,242,0,5,0,0,0,0,0,0,0,0,0,566,0,129,0,0,0,0,0,0,0,0,0,2,0,0,0,0,0,0,0,0,0,0,0,0,0,43,0,0,0,0,0,290,0,7,0,0,0,296,0,696,6,302,0,74,0,1131,0,0,0,0,0,0,0,0,0,0,0,60,0,0,0,31,0,10,0,0,0,0,0,0,0,0,0,0,0,20,0,0,0,0,9,9,0,0,1,11,0,0,0,0,0,0,0,0,0,0,0,0,0,0,0,0,0,126,0,0,0,0,0,0,0,0,0,17,184,25,6,0,0,0,0,0,1,0,0,0,0,0
9,9,9,46,0,0,0,5,0,0,0,0,0,0,0,54,5,0,0,163,0,222,1,188,0,86,0,69,0,322,0,69,0,54,0,20,0,0,0,114,0,0,0,0,0,0,0,0,0,1,0,0,0,15,2,24,0,55,0,0,0,16,4,145,0,0,0,0,0,0,0,0,0,0,0,0,0,0,0,1,0,0,0,0,1,59,0,0,0,0,0,0,0,0,0,0,0,0,0,0,0,0,0,0,0,0,0,0,0,0,0,0,0,0,0,0,0,0,0,0,0,0,0,0,0,0,0,0,0,97,0,0,0,29,0,63,0,254,0,78,0,13,0,105,0,0,0,0,0,0,0,0,0,0,0,49,0,0,0,52,0,14,0,0,0,4,0,4,0,8,0,0,0,0,0,0,0,0,0,1,0,0,0,0,0,0,0,0,0,0,0,0,0,0,0,0,0,0,0,0,0,0,0,0,0,0,0,0,0,0,0,2,0,0,0,0,0,0,0,17,62,5,0,0,0
3,0,101,0,192,92,0,0,0,0,16,42,120,639,214,0,140,0,0,449,343,210,188,0,28,0,263,536,0,0,90,0,25,0,276,136,142,37,0,0,9,42,62,52,54,0,15,60,0,1,283,112,0,0,0,0,0,0,0,0,1,0,0,0,11,0,0,0,0,0,0,0,0,0,9,0,14,0,0,0,57,0,0,0,217,0,0,0,0,0,0,0,0,0,0,0,0,0,0,0,0,0,0,0,0,0,0,0,0,0,0,0,0,0,0,0,0,0,0,0,0,0,0,0,0,0,0,0,0,0,0,0,0,0,0,0,0,0,0,0,0,0,290,0,6,0,0,0,37,0,44,0,12,0,0,0,0,0,0,0,0,0,4,0,81,0,58,0,79,0,7,0,0,0,0,0,94,73,4,0,0,0,0,0,0,0,176,11,0,0,0,0,0,0,0,0,3,0,0,0,0,0,0,0,0,0,0,0,44,0,84,230,224,0,0,0,2,0,0,0,0,0,0,0,0
0,141,0,307,305,259,0,56,0,0,81,72,280,152,257,500,4,163,449,0,256,261,0,342,0,0,55,363,0,0,73,204,31,0,69,553,66,109,0,0,0,8,17,43,0,62,0,13,0,14,63,194,0,0,0,39,0,0,0,0,0,0,0,119,0,0,0,0,0,0,0,0,0,0,0,0,0,0,0,0,0,0,0,0,0,541,0,0,0,0,0,0,0,0,0,0,0,0,0,0,0,0,0,0,0,0,0,0,0,0,0,0,0,0,0,0,0,0,0,0,0,0,0,0,1,0,0,0,0,0,0,0,0,0,0,198,0,691,0,0,0,0,0,551,0,0,0,0,3,65,0,0,0,0,0,0,0,0,0,0,0,0,0,0,0,45,0,43,0,24,0,0,0,19,0,0,30,123,40,0,0,0,0,0,0,0,8,13,0,0,0,0,0,0,0,2,0,0,0,0,0,0,0,0,0,0,0,14,0,40,0,0,17,0,56,0,0,0,69,211,140,0,0,0,0
8,2,124,0,354,134,0,0,0,0,70,100,85,293,484,68,199,0,343,256,0,119,175,12,45,0,249,317,61,0,122,23,27,4,88,79,18,27,9,0,4,63,14,50,0,0,0,81,1,0,29,49,0,0,0,0,0,0,0,0,5,0,26,0,0,0,0,0,0,0,0,0,0,0,14,0,0,0,0,0,58,0,0,0,0,0,0,0,0,0,22,0,0,0,0,0,290,0,181,0,0,0,0,0,0,0,0,0,0,0,0,0,0,0,0,0,0,0,0,0,0,0,56,0,0,0,0,0,14,0,0,0,0,0,0,0,0,0,31,0,0,0,314,0,0,0,0,0,0,0,0,0,0,0,0,0,0,0,0,0,0,0,7,0,46,0,57,7,48,0,0,0,16,0,0,0,35,27,40,0,3,0,0,0,0,0,66,0,0,0,0,0,0,0,0,0,0,0,0,0,0,0,0,0,0,0,0,0,0,0,213,333,144,0,65,0,0,0,10,8,0,0,0,0,0
0,0,0,35,134,185,0,0,0,0,62,56,94,64,183,216,0,222,210,261,119,0,25,332,0,37,20,100,0,120,30,125,22,3,0,69,29,58,12,4,0,0,5,11,0,141,0,0,0,8,16,28,0,0,0,0,0,18,0,0,0,0,0,89,0,0,0,0,0,0,0,0,0,0,0,0,0,0,0,0,0,0,0,0,0,251,0,0,0,0,0,0,0,0,0,0,0,0,0,13,0,0,0,0,0,0,0,0,0,0,0,0,0,0,0,0,0,0,0,0,0,0,0,0,0,0,0,0,0,0,0,0,0,0,0,87,0,446,0,0,0,263,0,539,0,0,0,0,0,0,0,0,0,0,0,0,0,0,0,0,0,0,0,0,0,33,0,17,4,20,0,4,0,18,0,2,0,33,13,27,0,0,0,0,0,0,0,20,0,0,0,0,0,0,0,0,0,0,0,0,0,0,0,0,0,0,0,0,0,0,0,0,0,0,41,0,0,0,206,534,111,0,0,0,0
8,373,195,136,54,223,7,63,0,11,22,264,6,0,322,282,73,1,188,0,175,25,0,337,54,30,91,0,36,25,56,23,7,39,0,0,0,10,27,27,21,0,9,0,59,0,28,0,6,0,0,0,8,0,233,0,0,0,0,0,18,1,31,3,1,0,0,0,0,0,0,0,0,0,0,0,0,0,0,0,2,0,0,0,0,0,0,0,0,0,0,0,0,0,0,0,279,0,0,0,0,0,0,0,0,0,0,0,0,0,0,0,0,0,0,0,0,0,0,0,0,0,0,0,3,0,39,0,0,0,0,0,0,1,434,0,220,0,0,0,0,0,409,0,0,0,0,0,0,0,24,0,0,0,5,0,0,0,1,0,0,0,0,0,0,0,0,0,0,0,7,0,57,0,0,0,21,44,4,0,5,0,0,0,0,0,0,0,0,0,0,0,0,0,0,0,2,0,0,0,184,0,0,0,0,0,0,0,105,0,26,119,59,6,0,0,0,0,16,0,9,0,0,0,0
202,32,134,129,98,159,1,19,0,0,137,27,0,0,42,303,87,188,0,342,12,332,337,0,51,99,0,95,10,318,0,123,5,103,0,0,0,17,28,236,0,0,0,0,0,0,0,0,0,0,0,0,0,7,0,31,0,20,0,0,1,0,0,123,0,0,0,0,0,0,0,0,0,0,0,0,0,0,0,0,0,0,0,0,0,88,0,0,0,0,0,0,0,0,0,0,0,0,0,0,0,0,0,0,0,0,0,0,0,0,0,0,0,0,0,0,0,0,0,0,0,0,0,0,0,0,0,0,0,0,0,0,0,20,0,82,0,219,0,0,0,0,0,122,0,0,0,0,0,0,0,0,0,0,0,13,0,0,0,0,0,0,0,0,0,0,0,0,0,0,0,0,0,74,0,1,0,0,0,28,0,0,0,0,0,0,0,0,0,0,0,0,0,0,0,1,0,0,0,0,0,0,0,0,0,0,0,0,0,0,0,0,0,0,49,0,0,0,119,178,215,0,0,4,0
0,406,66,78,0,0,77,311,0,312,0,0,0,0,80,27,149,0,28,0,45,0,54,51,0,140,38,0,54,0,9,0,0,0,0,0,0,0,16,0,0,0,0,0,0,0,0,0,0,0,0,0,34,12,170,28,16,0,12,0,79,10,208,100,0,0,0,7,0,0,0,0,0,0,0,0,0,0,0,0,0,0,0,0,0,13,0,0,0,0,0,0,0,0,0,0,28,0,0,0,0,0,0,0,0,0,0,0,0,0,0,0,0,0,0,0,0,0,0,0,0,0,0,0,0,0,34,0,52,0,9,0,24,0,188,0,105,0,0,0,0,0,75,0,0,0,4,0,0,0,0,0,3,0,2,0,0,0,0,0,3,0,0,0,0,0,0,0,15,0,14,0,79,0,0,0,0,20,0,0,0,0,0,3,0,0,0,0,0,0,0,0,0,0,0,0,0,0,0,0,34,0,0,0,0,0,0,0,51,0,68,77,131,0,41,0,26,0,0,0,11,0,0,0,0
126,1,46,46,0,11,111,9,120,5,0,1,0,0,0,76,35,86,0,0,0,37,30,99,140,0,0,0,1,198,0,24,0,23,0,0,0,0,1,275,0,0,0,0,0,0,0,0,0,5,0,0,7,13,25,46,0,7,0,0,9,99,19,325,0,0,0,0,0,0,0,0,0,0,0,0,0,0,0,0,0,0,0,0,0,0,0,0,0,0,0,0,0,0,0,0,0,0,0,0,0,0,0,1,0,0,0,0,0,0,0,0,0,0,0,0,0,0,0,0,0,0,0,0,0,0,0,0,0,45,0,5,0,18,0,28,1,77,0,7,0,0,0,0,0,0,1,0,0,1,0,0,0,0,0,4,0,0,0,6,0,0,0,0,0,16,0,10,0,45,1,66,0,131,0,0,0,0,0,0,1,0,0,0,0,0,0,0,0,0,0,0,0,0,0,0,0,0,0,0,0,0,0,0,0,0,0,2,0,9,8,0,4,0,310,0,0,0,471,42,615,92,3,101,0
0,0,137,0,203,0,0,0,0,0,39,0,181,184,262,0,116,0,263,55,249,20,91,0,38,0,0,514,30,0,58,0,25,0,25,0,181,0,0,0,62,270,196,113,121,138,164,443,17,22,269,73,0,0,0,0,0,0,0,0,0,0,0,0,0,0,0,0,0,0,75,0,0,0,0,0,0,0,0,0,207,0,0,0,653,0,68,0,13,2,0,0,0,0,0,0,870,0,981,0,0,0,0,2,0,0,0,0,0,0,0,0,0,0,0,0,0,0,0,0,290,0,0,0,0,0,0,0,0,0,0,0,0,0,0,0,0,0,0,0,0,0,0,0,0,0,0,0,40,0,0,0,0,0,0,0,0,0,0,0,0,0,0,0,106,0,25,0,0,0,0,0,0,0,0,0,23,57,0,0,0,0,12,0,8,0,300,0,0,0,0,0,0,0,0,0,0,0,0,0,64,0,0,0,0,0,0,0,0,0,47,404,326,0,0,2,0,8,0,19,0,0,0,0,0
0,284,0,184,117,403,0,64,0,27,11,308,473,315,37,135,0,69,536,363,317,100,0,95,0,0,514,0,0,21,0,26,0,0,171,81,0,106,0,0,47,45,145,346,34,135,0,96,0,11,185,270,0,0,0,0,0,0,0,0,0,0,0,70,0,0,0,0,0,0,0,0,0,0,0,0,0,0,0,0,0,0,0,0,0,881,0,0,0,1,0,0,0,0,0,0,0,0,0,0,0,0,0,0,0,0,0,0,0,0,0,0,0,0,0,0,0,0,0,0,0,0,0,0,0,0,0,0,0,0,0,0,0,0,0,267,0,650,0,0,0,124,0,883,0,0,0,0,0,0,0,80,0,128,0,0,0,0,0,0,0,0,0,5,0,122,0,31,3,58,0,0,0,26,0,34,40,168,8,16,0,39,0,0,0,59,63,54,0,0,0,0,0,0,0,0,0,3,0,0,0,0,0,0,0,0,0,0,0,0,0,0,0,0,77,0,0,0,103,636,465,0,0,0,0
57,0,260,5,110,0,2,0,0,0,100,0,0,0,43,0,121,0,0,0,61,0,36,10,54,1,30,0,0,0,54,0,33,0,44,0,68,0,11,0,2,0,14,0,0,0,0,0,0,0,32,0,0,0,0,0,0,0,0,0,3,0,18,0,0,0,0,0,0,0,23,0,0,0,20,0,0,0,0,0,63,0,0,0,303,0,29,0,0,0,10,0,0,0,0,0,278,0,273,0,0,0,0,0,0,0,0,0,0,0,0,0,0,0,0,0,0,0,0,0,137,0,121,0,0,0,0,0,0,0,0,0,0,0,0,0,137,0,169,0,257,0,493,0,78,0,0,0,0,0,0,0,0,0,0,0,6,0,0,0,2,0,0,0,0,0,0,0,0,0,0,0,0,0,0,0,0,0,9,0,0,0,11,0,0,0,1,0,0,0,0,0,0,0,0,0,0,0,0,0,0,0,0,0,0,0,0,0,0,0,21,61,8,0,8,0,0,0,0,0,2,0,0,0,0
0,122,13,219,0,0,0,0,0,0,0,57,0,0,1,45,0,322,0,0,0,120,25,318,0,198,0,21,0,0,0,182,0,34,0,211,0,10,0,22,0,0,0,0,0,9,0,0,0,0,0,37,0,10,0,31,0,24,0,0,0,7,0,105,0,0,0,0,0,0,0,0,0,0,0,0,0,0,0,0,0,0,0,0,0,136,0,0,0,0,0,0,0,0,0,0,0,7,0,0,0,0,0,0,0,0,0,0,0,0,0,0,0,0,0,0,0,0,0,0,0,0,0,0,0,0,0,0,0,35,0,0,0,21,0,68,0,372,0,329,0,164,0,284,0,8,0,0,0,0,0,0,0,0,0,14,0,0,0,54,0,11,0,0,0,0,0,0,0,0,0,0,0,0,0,1,0,0,0,47,0,0,0,1,0,0,0,0,0,0,0,0,0,0,0,0,0,0,0,0,0,0,0,0,0,0,0,0,0,0,0,0,0,0,0,0,0,0,7,74,0,0,0,0,0
18,0,155,0,443,0,0,0,0,0,176,34,26,40,309,0,157,0,90,73,122,30,56,0,9,0,58,0,54,0,0,6,12,0,185,0,13,10,0,1,0,0,22,0,12,0,0,0,0,0,79,0,0,0,6,0,0,0,0,0,0,0,16,0,0,0,1,0,0,0,15,0,0,0,0,0,0,0,0,0,72,0,0,0,0,0,0,0,0,0,0,0,0,0,0,0,0,0,279,0,0,0,0,0,0,0,0,0,0,0,0,0,0,0,0,0,0,0,0,0,0,0,0,0,0,0,0,0,0,0,0,0,0,0,0,0,0,0,36,0,0,0,0,0,0,0,0,0,0,0,0,0,8,0,0,0,0,0,0,0,0,0,0,0,16,0,101,0,16,0,0,0,9,0,0,0,0,0,44,0,5,0,0,0,0,0,0,0,0,0,0,0,0,0,0,0,0,0,0,0,0,0,0,0,0,0,0,0,0,0,130,249,152,0,35,3,0,0,0,0,10,0,0,0,0
0,0,0,89,0,332,0,0,0,0,0,95,0,0,60,338,0,69,0,204,23,125,23,123,0,24,0,26,0,182,6,0,0,2,0,108,0,6,5,0,0,0,0,49,0,17,0,0,0,1,0,68,0,0,0,10,0,0,0,0,0,6,0,28,0,0,0,0,0,0,0,0,0,0,0,0,0,0,0,0,0,0,0,0,0,0,0,0,0,0,0,0,0,0,0,0,0,0,0,0,0,0,0,0,0,0,0,0,0,0,0,0,0,0,0,0,0,0,0,0,0,0,0,0,0,0,0,0,0,0,0,0,0,0,0,0,0,0,0,0,0,0,0,148,0,0,0,0,0,0,0,0,0,0,0,5,0,0,0,0,0,0,0,0,0,0,0,23,0,9,0,0,0,17,0,0,0,31,0,30,0,0,0,0,0,0,0,0,0,0,0,0,0,0,0,0,0,0,0,0,0,0,0,0,0,0,0,0,0,0,0,0,0,0,0,0,0,0,83,104,91,14,0,0,0
0,0,23,0,426,0,0,0,0,0,162,0,18,0,149,37,13,0,25,31,27,22,7,5,0,0,25,0,33,0,12,0,0,4,10,0,71,0,0,0,0,0,6,0,22,0,0,0,0,1,19,0,0,0,0,0,0,0,0,0,6,0,0,0,0,0,0,0,0,0,20,0,0,0,7,0,0,0,0,0,30,0,0,0,82,0,0,0,0,0,0,0,0,0,0,0,0,0,0,0,0,0,0,0,0,0,0,0,0,0,0,0,0,0,0,0,0,0,0,0,0,0,36,0,0,0,0,0,0,0,0,0,0,0,0,0,0,0,0,0,0,0,0,0,19,0,0,0,0,0,0,0,0,0,0,0,0,0,0,0,0,0,0,0,0,0,82,0,13,0,0,0,0,0,0,0,35,11,68,0,0,0,0,0,0,0,3,0,0,0,0,0,1,0,0,0,0,0,0,0,0,0,0,0,0,0,0,0,0,0,54,128,91,0,0,0,0,0,0,0,0,0,0,0,0
0,203,0,233,18,272,0,0,0,0,13,245,0,0,24,145,0,54,0,0,4,3,39,103,0,23,0,0,0,34,0,2,4,0,0,10,0,57,3,10,0,0,0,4,0,1,0,0,0,0,0,5,0,0,0,0,0,0,0,0,0,2,0,28,0,0,0,0,0,0,0,0,0,0,0,0,0,0,0,0,0,0,0,0,0,38,0,0,0,0,0,0,0,0,0,0,0,0,0,0,0,0,0,0,0,0,0,0,0,0,0,0,0,0,0,0,0,0,0,0,0,0,0,0,0,0,0,0,0,0,0,0,0,0,0,0,0,153,0,105,0,77,0,84,0,11,0,0,0,0,0,0,0,0,0,8,0,7,0,0,0,0,0,0,0,0,0,17,0,8,0,0,0,4,0,0,0,29,2,180,0,7,0,0,0,0,0,0,0,0,0,0,0,0,0,0,0,0,0,0,0,0,0,0,0,0,0,0,0,0,0,0,0,0,12,0,0,0,17,124,36,0,0,0,0
0,0,0,0,0,0,0,0,0,0,0,0,109,114,29,0,46,0,276,69,88,0,0,0,0,0,25,171,44,0,185,0,10,0,0,0,35,0,0,0,0,11,0,0,11,0,0,23,12,0,86,23,0,0,0,0,0,0,0,0,0,0,0,0,0,0,0,0,0,0,0,0,0,0,0,0,0,0,0,0,0,0,0,0,0,0,0,0,0,0,0,0,0,0,0,0,0,0,0,0,0,0,0,0,0,0,0,0,0,0,0,0,0,0,0,0,0,0,0,0,0,0,0,0,0,0,0,0,0,0,0,0,0,0,0,0,0,0,0,0,0,0,0,0,0,0,0,0,0,0,0,0,0,0,0,0,0,0,0,0,0,0,0,0,62,0,53,0,25,0,7,0,3,0,0,0,0,0,5,0,0,0,0,0,0,0,32,0,0,0,0,0,0,0,0,0,0,0,0,0,0,0,0,0,0,0,0,0,0,0,46,152,117,0,0,0,3,0,0,0,8,0,0,0,0
0,0,0,0,76,364,0,0,0,0,15,95,41,286,58,105,0,20,136,553,79,69,0,0,0,0,0,81,0,211,0,108,0,10,0,0,0,229,0,26,0,0,0,24,1,12,0,0,0,0,10,94,0,0,0,7,0,0,0,0,0,0,0,14,0,0,0,0,0,0,0,0,0,0,0,0,0,0,0,0,0,0,0,0,0,158,0,0,0,0,0,0,0,0,0,0,0,0,0,0,0,0,0,0,0,0,0,0,0,0,0,0,0,0,0,0,0,0,0,0,0,0,0,0,0,0,0,0,0,0,0,0,0,0,0,0,0,138,0,0,0,194,0,243,0,0,0,0,0,0,0,0,0,0,0,0,0,0,0,0,0,0,0,0,0,117,0,138,0,55,0,0,0,45,0,0,0,118,7,17,0,0,0,0,0,0,0,50,0,0,0,0,0,0,0,0,0,0,0,0,0,0,0,0,0,0,0,0,0,0,0,3,0,0,30,0,0,0,0,222,307,11,0,0,0
0,0,24,0,378,0,0,0,0,0,172,0,56,63,118,28,11,0,142,66,18,29,0,0,0,0,181,0,68,0,13,0,71,0,35,0,0,0,28,0,0,1,68,0,29,0,0,0,0,0,161,0,0,0,0,0,0,0,0,0,37,0,0,0,0,0,0,0,0,0,122,0,0,0,64,0,0,0,0,0,131,0,0,0,136,0,59,0,0,0,0,0,0,0,0,0,103,0,443,0,0,0,0,0,0,0,0,0,0,0,0,0,0,0,0,0,0,0,0,0,293,0,54,0,0,0,0,0,5,0,0,0,0,0,0,0,0,0,28,0,104,0,111,0,171,0,0,0,5,0,0,0,0,0,2,0,19,0,0,0,0,0,65,0,40,0,69,0,32,0,34,0,43,0,0,0,0,21,25,0,0,0,0,0,0,0,5,0,0,0,1,0,0,0,0,0,0,0,0,0,0,0,0,0,0,0,0,0,0,0,38,56,82,0,13,0,0,0,0,0,0,0,0,0,0
0,146,0,38,50,294,0,23,1,0,21,217,0,105,51,68,0,0,37,109,27,58,10,17,0,0,0,106,0,10,10,6,0,57,0,229,0,0,0,33,0,0,0,168,0,20,0,0,0,0,0,98,0,0,0,0,0,0,0,0,0,18,0,16,0,0,0,0,0,0,0,0,0,0,0,16,0,0,0,0,0,0,0,0,0,269,0,0,0,0,0,0,0,0,0,0,0,0,0,22,0,0,0,0,0,0,0,0,0,0,0,0,0,0,0,0,0,0,0,0,0,49,0,33,0,0,0,0,0,0,0,0,0,5,0,0,0,0,0,239,0,495,0,434,0,206,0,0,0,0,0,6,0,0,0,5,0,59,0,0,0,0,0,10,0,25,0,37,0,16,0,11,0,39,0,0,0,70,0,91,0,0,0,2,0,0,0,12,0,0,0,0,0,0,0,0,0,0,0,0,0,0,0,0,0,0,0,0,0,0,0,0,7,0,7,0,0,0,8,109,88,0,0,0,0
141,0,283,0,603,58,0,0,0,0,316,0,0,0,168,61,48,0,0,0,9,12,27,28,16,1,0,0,11,0,0,5,0,3,0,0,28,0,0,1,0,0,4,0,0,0,0,0,0,0,7,0,0,0,0,0,0,0,0,0,8,0,2,0,0,0,0,0,0,0,43,0,0,0,36,0,0,0,0,0,81,0,0,0,168,0,36,0,0,0,0,0,0,0,0,0,92,0,301,0,0,0,0,0,0,0,0,0,0,0,0,0,0,0,0,0,0,0,0,0,180,0,55,0,0,0,0,0,0,0,0,0,0,0,0,0,30,0,67,0,84,0,129,0,107,0,0,0,0,0,0,0,0,0,3,0,16,0,0,0,0,0,19,0,0,0,31,0,0,0,0,0,35,0,0,0,42,0,59,0,0,0,15,0,0,0,2,0,0,0,0,0,0,0,0,0,0,0,0,0,0,0,0,0,0,0,0,0,0,0,82,273,48,10,0,0,0,0,0,0,0,0,0,0,0
14,541,0,340,0,0,0,153,0,0,0,119,0,0,0,0,0,114,0,0,0,4,27,236,0,275,0,0,0,22,1,0,0,10,0,26,0,33,1,0,0,0,0,8,0,0,0,0,0,0,0,0,0,7,0,12,0,0,0,0,0,8,0,18,0,0,0,0,0,0,0,2,0,0,0,0,0,0,0,0,0,0,0,0,0,12,0,0,0,0,0,0,0,0,0,0,0,0,0,0,0,0,0,0,0,0,0,0,0,0,0,0,0,0,0,0,0,0,0,0,0,0,0,0,0,0,0,0,0,0,0,0,0,0,0,0,0,0,0,286,0,214,0,101,0,66,0,0,0,0,0,0,0,0,0,11,0,15,0,0,0,0,0,0,0,0,0,3,0,0,0,5,0,19,0,0,0,62,0,106,0,0,0,10,0,0,0,0,0,0,0,0,0,0,0,0,0,0,0,0,0,0,0,0,0,0,0,0,0,0,0,0,0,0,0,0,0,0,14,95,7,0,0,0,0
16,0,18,0,110,0,0,0,9,0,48,0,163,0,16,0,0,0,9,0,4,0,21,0,0,0,62,47,2,0,0,0,0,0,0,0,0,0,0,0,0,26,21,0,13,44,40,143,62,47,5,0,0,0,0,0,0,0,0,0,0,0,1,0,0,0,0,0,0,0,0,0,0,0,0,0,0,0,0,0,0,0,0,0,0,0,0,0,0,0,0,0,0,0,0,0,0,0,0,0,0,0,0,0,0,0,0,0,0,0,0,0,0,0,0,0,0,0,0,0,0,0,0,0,0,0,0,0,0,0,0,0,0,0,0,0,0,0,0,0,0,0,0,0,0,0,0,0,0,0,0,0,0,0,0,0,0,0,0,0,0,0,0,0,0,0,0,0,0,0,0,0,0,0,0,0,26,21,8,0,0,0,13,0,0,0,108,0,0,0,0,0,0,0,0,0,0,0,0,0,0,0,0,0,0,0,0,0,0,0,0,87,9,0,0,0,0,8,0,0,0,0,0,0,0
0,26,0,4,0,23,0,3,0,0,0,123,77,202,6,0,0,0,42,8,63,0,0,0,0,0,270,45,0,0,0,0,0,0,11,0,1,0,0,0,26,0,84,95,46,86,80,82,0,131,69,0,0,0,0,2,0,0,0,0,0,0,0,0,0,0,0,0,0,0,0,0,0,0,0,0,0,0,0,0,0,0,0,0,0,0,0,0,0,0,0,0,0,0,0,0,0,0,0,0,0,0,0,1,0,0,0,0,0,0,0,0,0,0,0,0,0,0,0,0,0,0,0,0,0,0,0,0,0,0,0,0,0,0,0,0,0,0,0,0,0,0,0,0,0,0,0,0,0,0,0,0,0,0,0,0,0,0,0,0,0,0,0,0,0,0,0,0,0,0,0,0,0,0,0,0,0,136,0,22,0,9,0,0,0,0,33,10,0,0,0,0,0,0,0,1,0,0,0,0,0,0,0,0,0,0,0,0,0,0,0,0,0,0,0,0,0,0,0,62,18,0,0,0,0
0,0,0,0,0,0,0,0,0,0,11,0,241,40,0,0,0,0,62,17,14,5,9,0,0,0,196,145,14,0,22,0,6,0,0,0,68,0,4,0,21,84,0,22,89,56,47,191,12,3,7,0,0,0,0,0,0,0,0,0,0,0,0,0,0,0,0,0,0,0,22,0,0,0,0,0,0,0,0,0,46,0,0,0,0,0,20,0,0,0,0,0,0,0,0,0,0,0,159,0,0,0,0,0,0,0,0,0,0,0,0,0,0,0,0,0,1,0,0,0,0,0,0,0,0,0,0,0,0,0,0,0,0,0,0,0,0,0,0,0,0,0,0,0,25,0,0,0,0,0,0,0,0,0,0,0,0,0,0,0,0,0,0,0,23,0,5,0,0,0,3,0,12,0,0,0,22,20,10,0,0,0,0,0,0,0,125,0,0,0,0,0,0,0,0,0,0,0,0,0,0,0,0,0,0,0,0,0,0,0,13,115,98,0,0,0,0,2,0,0,7,0,0,0,0
0,0,0,0,0,0,0,3,0,0,0,0,53,204,0,0,0,0,52,43,50,11,0,0,0,0,113,346,0,0,0,49,0,4,0,24,0,168,0,8,0,95,22,0,0,118,0,59,0,20,0,56,0,0,0,0,0,0,0,0,0,0,0,0,0,0,0,0,0,2,0,0,0,0,0,0,0,0,0,0,0,0,0,0,0,265,0,0,0,0,0,0,0,1,0,0,0,0,0,27,0,0,0,0,0,0,0,0,0,0,0,0,0,0,0,0,0,0,0,0,0,0,0,0,0,0,0,0,0,0,0,0,0,0,0,0,0,0,0,0,0,97,0,235,0,0,0,0,0,0,0,0,0,0,0,0,0,0,0,0,0,0,0,5,0,35,0,30,0,21,0,0,0,14,0,0,0,252,0,1,0,1,0,0,0,0,14,172,0,0,0,0,0,0,0,0,0,1,0,0,0,0,0,0,0,0,0,0,0,0,0,0,0,0,10,0,0,0,30,65,84,0,0,0,0
7,0,63,0,69,0,0,0,3,1,0,0,75,0,76,0,26,0,54,0,0,0,59,0,0,0,121,34,0,0,12,0,22,0,11,1,29,0,0,0,13,46,89,0,0,27,89,86,181,28,37,0,0,0,0,0,0,0,0,0,0,0,0,0,0,0,1,0,19,0,47,0,0,0,0,0,11,0,0,0,102,0,60,0,0,0,0,0,0,0,0,0,48,0,42,0,423,0,540,0,0,0,21,0,0,0,0,0,0,0,0,0,0,0,0,0,0,0,0,0,0,0,0,0,5,0,0,0,0,0,0,0,0,0,0,0,0,0,0,0,0,0,0,0,0,0,0,0,0,0,0,0,0,0,2,0,0,0,0,0,6,0,17,0,208,0,27,0,68,0,16,0,17,0,0,0,12,13,0,0,0,0,0,0,8,0,28,0,0,0,0,0,0,0,0,0,0,0,0,0,0,0,0,0,0,0,0,0,0,0,14,380,297,5,9,2,3,48,0,5,5,0,0,0,0
0,0,0,0,0,0,0,0,0,0,0,0,51,80,0,0,0,0,0,62,0,141,0,0,0,0,138,135,0,9,0,17,0,1,0,12,0,20,0,0,44,86,56,118,27,0,56,106,12,81,34,67,0,0,0,6,0,0,0,0,0,0,0,0,0,0,0,0,0,31,0,0,0,0,0,15,0,51,0,0,0,102,0,99,0,158,0,71,0,0,0,0,0,33,0,134,0,0,0,27,0,21,0,23,0,0,0,0,0,0,0,0,0,0,0,0,0,0,0,0,0,0,0,14,0,0,0,0,0,0,0,0,0,0,0,0,0,0,0,0,0,45,0,168,0,39,0,0,0,0,0,0,0,0,0,0,0,0,0,0,0,0,0,15,0,134,0,13,0,139,0,19,0,24,0,0,3,98,0,0,0,0,0,0,0,2,21,41,0,84,0,21,0,0,0,39,0,0,0,0,0,0,0,0,0,0,0,0,0,0,0,1,0,0,21,0,0,0,62,477,337,10,13,0,24
0,0,37,0,133,0,0,0,0,0,64,0,196,0,33,0,0,0,15,0,0,0,28,0,0,0,164,0,0,0,0,0,0,0,0,0,0,0,0,0,40,80,47,0,89,56,0,223,233,152,9,0,8,0,0,0,0,0,0,0,0,0,0,0,0,0,0,0,3,0,0,0,0,0,0,0,0,0,0,0,0,0,6,0,0,0,7,0,0,0,0,0,0,1,0,0,0,0,0,0,0,0,5,0,0,0,0,0,0,0,0,0,1,0,0,0,0,0,0,0,0,0,0,0,0,0,0,0,0,0,0,0,0,0,22,0,0,0,0,0,0,0,0,0,0,0,0,0,35,0,49,0,26,0,0,0,0,0,0,0,0,0,0,0,29,0,0,0,0,0,1,0,3,0,0,0,0,61,10,0,0,0,21,0,12,0,185,0,0,0,0,0,0,0,0,0,0,0,0,0,22,0,0,0,0,0,0,0,0,0,0,444,59,0,0,0,0,45,0,11,7,0,0,0,4
0,67,0,0,9,98,0,7,0,0,0,206,124,268,0,0,0,0,60,13,81,0,0,0,0,0,443,96,0,0,0,0,0,0,23,0,0,0,0,0,143,82,191,59,86,106,223,0,9,79,114,8,0,0,0,0,0,0,0,0,0,0,0,0,0,0,0,0,0,0,0,0,0,0,0,0,0,0,0,0,0,0,0,0,0,0,0,0,0,0,0,0,0,0,0,0,3,0,0,0,0,2,0,0,0,0,0,0,0,0,0,0,0,0,0,0,0,0,0,0,0,0,0,0,0,0,0,0,0,0,0,0,0,0,0,0,0,0,0,0,0,0,0,7,0,0,0,0,0,0,0,0,0,34,0,0,0,0,0,0,0,0,0,0,0,0,0,0,1,0,0,0,0,0,0,15,0,135,2,5,0,6,0,0,0,15,60,15,0,0,0,0,0,0,0,0,0,0,0,0,0,0,0,0,0,0,0,0,0,0,0,0,0,0,0,0,0,0,0,403,40,0,0,0,20
0,0,3,0,0,0,13,0,0,0,0,0,7,0,0,0,0,0,0,0,1,0,6,0,0,0,17,0,0,0,0,0,0,0,12,0,0,0,0,0,62,0,12,0,181,12,233,9,0,41,8,0,0,0,0,0,0,0,8,0,0,0,1,0,1,0,0,0,1,1,0,0,0,0,0,0,8,0,3,0,1,0,33,1,0,0,0,0,20,0,0,0,21,0,28,0,12,0,0,0,6,0,33,0,5,0,8,0,0,0,0,0,0,0,0,0,0,0,0,0,0,0,0,0,3,0,1,0,0,0,0,0,0,0,0,0,0,0,0,0,0,0,0,0,0,0,0,0,0,0,0,0,0,0,0,0,0,0,0,0,15,0,1,0,37,0,6,0,15,0,0,0,1,0,4,0,20,14,4,0,5,0,0,0,0,0,64,0,4,0,4,0,31,0,7,0,0,0,0,0,4,0,0,0,4,0,7,0,0,0,22,48,90,5,72,14,17,27,0,4,6,7,0,1,5
0,6,0,4,0,0,0,3,0,2,0,13,0,14,0,0,0,1,1,14,0,8,0,0,0,5,22,11,0,0,0,1,1,0,0,0,0,0,0,0,47,131,3,20,28,81,152,79,41,0,2,5,0,0,0,1,0,3,0,1,0,0,0,0,0,1,0,0,0,3,0,0,0,0,0,0,0,0,0,0,0,6,0,9,0,17,0,0,0,0,0,0,0,8,0,6,0,0,0,0,0,0,0,5,0,0,0,0,0,0,0,0,0,0,0,0,0,0,0,0,0,0,0,1,0,0,0,0,0,0,0,0,0,0,0,0,0,4,0,0,0,0,0,0,0,1,0,0,0,0,0,0,0,16,0,0,0,0,0,0,0,3,0,1,0,31,0,0,0,3,0,2,0,3,0,0,1,93,0,3,0,6,0,5,0,0,26,28,0,4,0,0,0,0,0,0,0,0,0,0,0,0,0,0,0,0,0,0,0,0,0,2,1,0,7,0,0,0,38,64,31,2,2,2,26
0,0,0,0,112,0,0,0,0,0,0,0,335,70,23,0,33,0,283,63,29,16,0,0,0,0,269,185,32,0,79,0,19,0,86,10,161,0,7,0,5,69,7,0,37,34,9,114,8,2,0,0,0,0,0,0,0,0,0,0,0,0,0,0,0,0,0,0,0,0,45,0,0,0,33,0,0,0,0,0,64,0,0,0,121,0,22,0,0,0,0,0,0,0,25,3,158,0,286,0,0,0,5,0,0,0,0,0,0,0,0,0,0,1,0,0,0,0,0,0,114,0,0,0,0,0,0,0,0,0,0,0,0,0,0,0,0,0,0,0,0,0,68,0,0,0,0,0,0,0,0,0,0,0,0,0,0,0,0,0,0,0,18,0,88,0,37,0,61,0,28,0,26,0,0,0,0,0,12,0,0,0,0,0,0,0,80,0,0,0,0,0,0,0,0,0,0,0,0,0,0,0,0,0,0,0,0,0,0,0,58,161,208,16,31,0,0,1,0,3,0,0,0,0,0
0,0,0,0,0,0,0,0,0,0,0,4,52,271,0,0,0,0,112,194,49,28,0,0,0,0,73,270,0,37,0,68,0,5,23,94,0,98,0,0,0,0,0,56,0,67,0,8,0,5,0,0,0,0,0,13,0,14,0,0,0,0,0,0,0,0,0,0,0,0,0,13,0,0,0,0,0,5,0,0,0,208,0,0,0,503,0,59,0,0,0,0,0,5,0,0,0,0,0,33,0,0,0,0,0,0,0,0,0,0,0,0,0,0,0,0,0,0,0,0,0,0,0,24,0,1,0,0,0,0,0,0,0,0,0,0,0,0,0,0,0,126,0,407,0,69,0,0,0,0,0,0,0,0,0,0,0,0,0,0,0,10,0,12,0,49,0,37,0,54,0,24,0,30,0,0,4,187,0,3,0,0,0,0,0,0,19,111,0,0,0,0,0,0,0,0,0,0,0,0,0,0,0,0,0,0,0,0,0,0,0,0,0,0,16,0,0,0,47,85,82,0,0,0,0
0,0,0,0,0,0,89,11,95,95,4,0,0,0,6,0,102,0,0,0,0,0,8,0,34,7,0,0,0,0,0,0,0,0,0,0,0,0,0,0,0,0,0,0,0,0,8,0,0,0,0,0,0,55,70,44,153,18,31,85,13,3,33,13,1,5,10,183,0,0,0,0,0,0,0,0,0,0,0,0,2,0,0,0,0,0,0,0,0,0,0,0,1,0,0,0,0,0,2,0,0,0,0,0,0,0,0,0,0,0,0,0,0,0,0,0,0,0,0,0,0,0,0,0,2,0,0,0,185,0,6,0,14,0,23,0,131,0,256,0,62,0,74,0,36,0,0,0,0,0,0,0,0,0,248,13,61,6,110,3,32,0,0,0,0,0,0,0,16,0,77,0,4,0,0,0,3,0,0,0,0,0,25,1,3,0,0,0,0,0,0,0,0,0,0,0,0,0,0,0,0,0,0,0,0,0,0,0,0,0,8,113,52,0,21,5,25,1,0,0,0,0,0,0,0
0,0,2,5,0,0,31,6,128,34,0,0,0,0,0,0,0,15,0,0,0,0,0,7,12,13,0,0,0,10,0,0,0,0,0,0,0,0,0,7,0,0,0,0,0,0,0,0,0,0,0,0,55,0,79,56,0,89,125,9,0,75,1,120,0,0,85,19,0,0,0,0,0,0,0,0,0,0,0,0,0,0,0,0,0,0,0,0,0,0,0,0,0,0,0,0,0,0,0,0,0,0,0,0,0,0,0,0,0,0,0,0,0,0,0,0,0,0,0,0,0,0,0,0,0,1,0,0,0,43,0,22,0,11,0,8,0,109,0,275,0,25,0,23,1,24,0,0,0,0,0,0,0,0,8,133,16,54,0,142,0,19,0,0,0,0,0,1,0,0,0,0,1,0,0,0,3,3,0,0,0,0,0,0,0,13,0,0,0,0,0,0,0,0,0,0,0,0,0,0,0,0,0,0,0,0,0,0,0,0,0,0,0,0,35,0,0,0,26,88,24,16,0,13,0
0,0,124,0,0,0,121,29,14,273,0,0,0,0,65,0,80,2,0,0,0,0,233,0,170,25,0,0,0,0,6,0,0,0,0,0,0,0,0,0,0,0,0,0,0,0,0,0,0,0,0,0,70,79,0,99,93,0,63,58,21,18,19,74,0,0,2,163,0,0,0,0,0,0,0,0,2,0,0,0,0,0,0,0,0,0,0,0,0,0,0,0,0,0,0,0,0,0,0,0,0,0,0,0,0,0,0,0,0,0,0,0,0,0,0,0,0,0,0,0,0,0,0,0,29,0,74,0,92,0,57,0,68,0,60,0,49,0,2,0,0,0,11,0,0,0,0,0,4,0,7,0,0,0,31,6,9,0,6,0,50,0,0,0,2,0,0,0,25,0,193,0,31,0,0,0,0,1,0,0,0,0,3,0,1,4,0,0,0,0,0,0,0,0,0,0,0,0,0,0,0,0,0,0,0,0,0,0,77,0,191,51,283,208,234,33,195,0,0,0,4,0,0,0,0
8,13,0,106,0,29,66,109,219,126,1,6,0,0,0,41,0,24,0,39,0,0,0,31,28,46,0,0,0,31,0,10,0,0,0,7,0,0,0,12,0,2,0,0,0,6,0,0,0,1,0,13,44,56,99,0,0,103,78,6,10,43,16,101,0,0,50,5,0,1,0,0,0,0,0,0,0,1,0,0,0,0,0,0,0,0,0,0,0,0,0,0,0,0,0,0,0,0,0,0,0,0,0,0,0,0,0,0,0,0,0,0,0,0,0,0,0,0,0,0,0,0,0,0,0,69,0,15,0,70,0,135,0,82,0,0,0,89,0,6,0,0,0,0,0,3,0,0,0,11,0,7,0,0,6,58,0,22,0,19,0,23,0,0,0,18,0,0,0,43,0,324,0,38,0,0,0,0,0,0,0,0,0,0,0,0,0,0,0,0,0,0,0,0,0,0,0,0,0,0,0,0,0,0,0,0,0,0,0,42,0,0,8,0,749,0,0,0,507,98,712,386,42,348,0
0,0,17,0,0,0,10,0,0,0,0,0,0,0,0,0,14,0,0,0,0,0,0,0,16,0,0,0,0,0,0,0,0,0,0,0,0,0,0,0,0,0,0,0,0,0,0,0,0,0,0,0,153,0,93,0,0,0,42,37,0,0,6,0,14,40,18,129,0,0,0,0,0,0,0,0,2,0,0,0,0,0,0,0,0,0,0,0,0,0,0,0,0,0,0,0,0,0,0,0,0,0,0,0,0,0,0,0,0,0,0,0,0,0,0,0,0,0,0,0,0,0,0,0,23,0,21,0,42,0,71,0,29,0,0,0,2,0,5,1,0,0,0,0,9,0,0,0,0,0,0,0,0,0,42,16,24,14,22,21,68,0,30,0,7,0,7,0,67,0,231,0,17,0,0,0,3,0,0,0,0,5,0,0,0,0,0,0,0,0,0,0,0,0,0,0,0,0,0,0,0,0,0,0,0,0,0,0,18,0,656,100,772,776,926,233,656,9,0,0,3,0,0,0,0
0,7,0,10,0,0,0,22,0,25,0,0,0,1,0,0,0,55,0,0,0,18,0,20,0,7,0,0,0,24,0,0,0,0,0,0,0,0,0,0,0,0,0,0,0,0,0,0,0,3,0,14,18,89,0,103,0,0,0,83,0,18,0,56,0,0,0,29,0,9,0,0,0,0,0,0,0,0,0,0,0,0,0,0,0,2,0,1,0,0,0,0,0,4,0,0,0,0,0,0,0,0,0,1,0,0,0,0,0,0,0,0,0,0,0,0,0,0,0,0,0,0,0,0,0,15,0,6,0,80,0,158,0,55,0,10,0,28,0,6,0,1,0,0,0,0,0,0,0,0,0,0,0,0,21,176,7,28,0,155,0,104,0,0,0,16,0,0,0,65,0,360,0,16,0,0,0,0,0,0,0,0,0,0,7,0,0,0,0,0,0,0,0,0,0,0,0,0,0,0,0,0,0,0,0,0,0,0,0,14,0,0,5,0,936,0,0,0,480,85,713,768,132,293,0
9,0,26,0,0,0,25,0,125,87,3,0,0,0,0,0,3,0,0,0,0,0,0,0,12,0,0,0,0,0,0,0,0,0,0,0,0,0,0,0,0,0,0,0,0,0,0,0,8,0,0,0,31,125,63,78,42,0,0,147,100,0,13,0,76,54,156,417,0,0,0,0,0,0,0,0,0,0,0,0,0,0,0,0,0,0,0,0,0,0,0,0,0,0,0,0,0,0,0,0,0,0,1,0,0,0,0,0,0,0,0,0,0,0,0,0,0,0,0,0,0,0,0,0,24,0,6,0,0,0,43,0,0,0,0,0,0,0,0,0,0,0,0,0,4,4,0,0,6,0,2,0,0,0,14,43,98,43,2,25,11,0,5,0,3,0,0,0,33,0,180,0,6,0,0,0,62,0,0,0,0,0,1,0,27,0,0,0,0,0,0,0,0,0,1,0,0,0,0,0,0,0,0,0,0,0,0,0,0,0,922,377,448,628,992,180,546,1,0,0,0,0,0,0,0
0,0,0,5,0,0,0,4,71,54,0,0,0,0,0,0,1,0,0,0,0,0,0,0,0,0,0,0,0,0,0,0,0,0,0,0,0,0,0,0,0,0,0,0,0,0,0,0,0,1,0,0,85,9,58,6,37,83,147,0,0,28,0,7,36,55,213,51,0,0,0,0,0,0,0,0,0,0,0,0,0,0,0,2,0,0,0,0,0,0,0,0,0,0,0,1,0,0,0,0,0,0,0,3,0,0,0,0,0,0,0,0,0,0,0,0,0,0,0,0,0,0,0,0,0,50,1,16,0,0,0,105,0,32,0,0,0,2,0,0,0,0,0,0,17,4,0,6,0,11,0,0,0,0,76,10,37,19,18,8,22,28,0,0,0,0,0,0,0,7,0,0,0,0,0,0,5,0,0,0,0,0,0,0,19,10,0,0,0,0,0,0,0,0,0,0,0,0,0,0,0,0,0,0,0,0,0,0,0,17,8,0,3,0,797,0,0,0,695,318,307,494,105,0,0
272,0,249,0,7,0,301,16,176,28,5,0,0,0,0,0,37,0,1,0,5,0,18,1,79,9,0,0,3,0,0,0,6,0,0,0,37,0,8,0,0,0,0,0,0,0,0,0,0,0,0,0,13,0,21,10,0,0,100,0,0,0,42,6,2,0,13,0,0,0,3,0,0,0,0,0,0,0,0,0,0,0,0,0,5,1,0,0,0,0,0,0,0,0,0,0,0,0,0,0,0,0,0,0,0,0,0,0,0,0,0,0,0,0,0,0,0,0,0,0,5,0,5,0,0,0,0,0,0,0,0,0,0,0,0,0,0,0,142,0,94,0,46,0,201,0,0,0,0,1,0,0,0,0,22,0,91,0,12,0,0,0,0,0,0,0,0,0,1,0,74,0,65,0,0,0,12,2,0,0,0,0,28,0,0,1,0,0,0,0,0,0,0,0,0,0,0,0,0,0,0,0,0,0,0,0,0,0,0,0,12,185,0,5,0,0,0,0,0,0,0,0,0,0,0
0,151,0,0,0,0,0,152,14,140,0,0,0,0,0,0,0,16,0,0,0,0,1,0,10,99,0,0,0,7,0,6,0,2,0,0,0,18,0,8,0,0,0,0,0,0,0,0,0,0,0,0,3,75,18,43,0,18,0,28,0,0,2,43,0,0,0,19,0,0,0,0,0,0,0,6,0,0,0,0,0,0,0,0,0,7,0,0,0,0,0,0,0,0,0,0,0,0,0,0,0,0,0,0,0,0,0,0,0,0,0,0,0,0,0,0,0,0,0,0,0,0,0,0,0,0,0,0,0,0,0,0,0,0,0,0,0,0,0,91,0,117,0,24,0,127,0,0,0,0,0,0,0,1,0,7,0,101,0,7,0,0,0,0,0,0,0,0,0,3,0,94,0,31,0,1,0,76,0,7,0,0,0,20,0,3,0,0,0,0,0,0,0,0,0,0,0,0,0,0,0,0,0,0,0,0,0,0,0,0,0,0,0,0,15,0,0,0,11,153,44,10,0,19,0
100,16,233,0,0,0,389,32,151,69,0,0,0,0,12,0,225,4,0,0,26,0,31,0,208,19,0,0,18,0,16,0,0,0,0,0,0,0,2,0,1,0,0,0,0,0,0,0,1,0,0,0,33,1,19,16,6,0,13,0,42,2,0,18,0,0,0,6,0,0,0,0,0,0,8,0,0,0,0,0,0,0,0,0,0,3,0,0,0,0,0,0,0,0,0,0,0,0,0,0,0,0,0,0,0,0,0,0,0,0,0,0,0,0,0,0,0,0,0,0,0,0,0,0,0,0,0,0,0,0,0,0,0,0,10,0,91,0,237,0,166,0,89,0,50,0,0,0,0,0,0,0,2,0,70,0,57,1,21,0,4,0,0,0,0,0,0,0,0,0,1,0,8,0,0,0,9,3,0,0,0,0,8,0,3,0,0,0,0,0,0,0,0,0,0,0,0,0,0,0,0,0,0,0,0,0,0,0,0,0,0,120,6,1,4,0,1,0,0,0,0,0,0,0,0
52,62,16,30,0,8,101,165,143,159,0,0,0,0,0,50,28,145,0,119,0,89,3,123,100,325,0,70,0,105,0,28,0,28,0,14,0,16,0,18,0,0,0,0,0,0,0,0,0,0,0,0,13,120,74,101,0,56,0,7,6,43,18,0,0,0,7,10,0,0,0,0,0,0,0,0,0,0,0,0,0,0,0,0,0,12,0,0,0,0,0,0,0,0,0,0,0,0,0,0,0,0,0,0,0,0,0,2,0,0,0,0,0,0,0,0,0,0,0,0,0,0,0,0,0,1,0,0,0,0,0,0,0,0,0,19,0,154,0,274,0,134,0,66,0,66,0,0,0,0,0,0,0,0,0,114,0,17,2,97,0,0,0,0,0,2,0,0,0,3,0,7,0,13,0,0,0,76,0,0,0,0,1,22,0,0,0,0,0,0,0,0,0,0,0,0,0,0,0,0,0,0,0,0,0,0,0,1,0,0,0,0,6,0,18,0,0,0,23,131,54,0,0,17,0
0,0,0,0,31,0,0,0,150,0,26,0,0,0,19,0,0,0,11,0,0,0,1,0,0,0,0,0,0,0,0,0,0,0,0,0,0,0,0,0,0,0,0,0,0,0,0,0,1,0,0,0,1,0,0,0,14,0,76,36,2,0,0,0,0,189,156,53,0,0,8,0,0,0,8,0,0,0,0,0,0,0,0,0,0,2,0,0,0,0,0,0,0,0,0,0,0,0,0,0,0,0,0,0,0,0,0,0,0,0,0,0,0,0,0,0,0,0,0,0,0,0,0,0,3,0,0,0,0,0,15,24,0,0,0,0,0,0,26,62,0,25,0,0,121,41,11,0,20,22,0,0,0,0,13,24,3,0,4,80,143,60,12,0,0,0,0,0,0,1,0,0,2,0,28,0,14,0,0,0,85,33,48,0,200,31,0,0,0,0,0,0,0,0,0,0,0,0,0,0,0,0,0,0,0,0,0,0,4,0,167,9,79,0,74,0,0,0,0,0,0,0,0,0,0
0,38,0,0,0,0,0,1,0,175,0,34,0,0,0,0,0,0,0,0,0,0,0,0,0,0,0,0,0,0,0,0,0,0,0,0,0,0,0,0,0,0,0,0,0,0,0,0,0,1,0,0,5,0,0,0,40,0,54,55,0,0,0,0,189,0,79,373,0,0,0,20,0,0,5,32,0,0,0,9,0,0,0,0,0,0,0,12,0,0,0,0,0,0,0,0,4,0,0,0,0,1,0,0,0,0,0,0,0,0,0,0,0,0,0,0,0,0,0,0,0,13,0,6,0,39,0,35,7,0,69,81,0,0,0,0,0,0,99,31,0,22,0,1,101,99,0,34,52,212,0,11,3,0,56,0,0,4,112,3,136,152,0,15,0,0,0,0,0,0,0,0,0,0,0,35,1,0,0,0,31,122,0,3,36,53,0,0,0,0,0,0,0,0,0,0,0,0,0,0,0,0,0,0,0,0,0,0,0,15,54,0,0,0,127,0,6,0,173,38,158,0,0,9,0
20,0,3,0,7,0,89,0,277,0,4,0,0,0,0,0,0,0,0,0,0,0,0,0,0,0,0,0,0,0,1,0,0,0,0,0,0,0,0,0,0,0,0,0,1,0,0,0,0,0,0,0,10,85,2,50,18,0,156,213,13,0,0,7,156,79,0,271,0,0,0,0,0,0,0,0,0,0,0,0,0,0,0,0,0,0,0,0,0,0,0,0,0,0,0,0,0,0,0,0,0,0,0,0,0,0,0,0,0,0,0,0,0,0,0,0,0,0,0,0,0,0,0,0,12,0,0,0,0,1,7,0,0,0,0,0,0,0,3,0,0,0,0,0,14,7,12,1,19,0,0,0,0,0,39,48,62,41,0,39,32,0,2,0,0,0,0,0,0,0,11,0,0,0,0,0,154,0,0,0,0,0,5,0,221,14,0,0,0,0,0,0,0,0,0,0,0,0,0,0,0,0,0,0,0,0,0,0,0,0,144,142,35,0,103,0,37,0,0,0,0,0,0,0,0
0,18,0,2,0,0,40,2,221,82,0,0,0,0,0,0,0,0,0,0,0,0,0,0,7,0,0,0,0,0,0,0,0,0,0,0,0,0,0,0,0,0,0,0,0,0,0,0,0,0,0,0,183,19,163,5,129,29,417,51,0,19,6,10,53,373,271,0,0,0,0,0,0,0,0,0,0,0,0,0,0,0,0,0,0,0,0,2,0,0,0,0,0,0,0,0,0,0,0,0,0,0,0,0,0,0,0,0,0,0,0,0,0,0,0,0,0,0,0,0,0,0,0,0,0,22,0,0,0,0,0,53,0,0,0,0,0,0,10,0,0,0,0,0,34,26,0,0,0,53,0,0,2,0,139,22,48,15,36,9,37,38,0,0,0,0,0,0,0,3,0,0,0,0,0,16,20,5,0,0,0,0,0,0,49,212,0,0,0,0,0,0,0,0,0,0,0,0,0,0,0,0,0,0,0,0,0,0,5,6,8,0,0,0,186,0,0,0,255,248,108,187,33,0,0
0,0,0,0,0,0,0,0,0,0,0,0,0,0,0,0,0,0,0,0,0,0,0,0,0,0,0,0,0,0,0,0,0,0,0,0,0,0,0,0,0,0,0,0,19,0,3,0,1,0,0,0,0,0,0,0,0,0,0,0,0,0,0,0,0,0,0,0,0,0,0,0,16,0,0,0,83,0,32,0,0,0,27,0,0,0,19,0,13,0,0,0,7,0,5,0,79,0,0,0,0,0,79,0,9,0,16,0,59,0,9,0,8,0,22,0,7,0,0,0,0,0,0,0,0,0,0,0,0,0,0,0,0,0,0,0,0,2,0,0,0,0,0,0,0,0,4,0,2,0,0,0,0,0,0,0,0,0,0,0,0,0,0,0,37,0,0,0,99,0,0,0,2,0,0,0,0,0,0,0,0,0,0,0,0,0,0,0,0,0,24,0,152,0,37,0,0,0,24,0,0,0,65,0,0,0,0,0,0,0,43,18,51,0,0,41,50,4,0,0,1,0,0,0,0
0,0,0,3,0,0,0,0,0,1,0,0,0,0,0,0,0,0,0,0,0,0,0,0,0,0,0,0,0,0,0,0,0,0,0,0,0,0,0,0,0,0,0,2,0,31,0,0,1,3,0,0,0,0,0,1,0,9,0,0,0,0,0,0,0,0,0,0,0,0,0,0,0,5,0,1,0,47,0,0,0,14,0,19,0,0,0,33,0,17,0,1,0,6,0,36,0,0,0,6,0,26,0,25,0,13,0,9,0,6,0,0,0,0,0,3,0,1,0,0,0,0,0,0,0,0,0,0,0,0,0,0,0,0,0,0,0,0,0,0,0,0,0,0,0,0,0,0,0,0,0,0,0,0,0,0,0,0,0,1,0,0,0,1,0,17,0,0,0,40,0,0,0,2,0,0,0,0,0,0,0,0,0,0,0,0,0,0,0,25,0,0,0,5,0,12,0,0,0,0,0,0,0,0,0,0,0,0,0,0,0,0,0,0,0,0,0,0,18,9,54,0,18,14,2
0,0,0,0,0,0,0,0,0,0,0,0,0,0,0,0,0,0,0,0,0,0,0,0,0,0,75,0,23,0,15,0,20,0,0,0,122,0,43,0,0,0,22,0,47,0,0,0,0,0,45,0,0,0,0,0,0,0,0,0,3,0,0,0,8,0,0,0,0,0,0,0,147,2,147,0,3,0,130,0,3,0,2,0,7,0,3,0,0,0,0,0,0,0,0,0,0,0,0,0,0,0,0,0,0,0,0,0,0,0,0,0,0,0,0,0,0,0,0,0,17,0,13,0,66,0,0,0,19,1,53,0,0,0,62,0,26,0,5,0,56,8,74,0,47,2,0,0,56,19,30,0,0,0,0,0,1,0,0,0,16,0,57,0,0,0,71,0,0,4,27,0,44,0,25,0,0,0,0,0,59,0,0,0,0,0,0,0,0,0,0,0,0,0,0,0,0,0,0,0,14,0,0,0,0,0,0,0,0,0,0,0,3,0,0,0,0,0,6,0,0,0,0,0,0
0,0,0,0,0,0,0,0,0,0,0,0,0,0,0,0,0,0,0,0,0,0,0,0,0,0,0,0,0,0,0,0,0,0,0,0,0,0,0,2,0,0,0,0,0,0,0,0,0,0,0,13,0,0,0,0,0,0,0,0,0,0,0,0,0,20,0,0,0,0,0,0,0,78,0,100,0,3,0,16,0,20,0,0,0,0,0,33,0,0,0,0,0,0,0,1,0,0,0,0,0,0,0,0,0,0,0,0,0,0,0,0,0,0,0,0,0,0,0,0,0,12,0,6,0,62,0,0,0,25,8,34,0,56,0,34,0,0,0,0,0,69,0,0,0,51,0,0,0,65,0,0,0,0,0,0,0,0,0,1,0,12,0,24,0,0,0,19,0,8,0,0,0,22,0,14,0,0,0,0,0,25,0,0,0,3,0,0,0,0,0,0,0,0,0,0,0,0,0,0,0,0,0,0,0,0,0,0,0,0,0,0,0,0,5,0,0,0,52,3,20,5,0,0,0
0,0,0,0,0,0,0,0,0,0,0,0,0,0,0,0,0,0,0,0,0,0,0,0,0,0,0,0,0,0,0,0,0,0,0,0,0,0,0,0,0,0,0,0,0,0,0,0,0,0,0,0,0,0,0,0,0,0,0,0,0,0,0,0,0,0,0,0,16,0,147,0,0,0,104,0,73,0,91,0,0,0,30,0,11,0,6,0,0,0,0,0,0,0,0,0,26,0,0,0,0,2,0,0,0,0,0,0,0,0,0,0,0,0,0,0,0,0,0,0,92,0,31,0,121,4,48,0,0,0,67,0,55,0,245,0,57,0,10,0,45,0,182,0,38,0,45,0,0,0,87,0,51,0,0,0,0,0,0,0,4,0,36,0,0,0,14,0,9,0,8,0,8,0,10,0,0,0,0,0,0,16,0,0,0,0,0,0,0,0,0,0,0,0,0,0,0,0,0,0,82,0,0,0,0,0,0,0,98,0,269,9,43,0,11,5,0,0,0,0,0,0,0,0,0
0,0,0,0,0,0,0,0,0,0,0,0,0,0,0,0,0,0,0,0,0,0,0,0,0,0,0,0,0,0,0,0,0,0,0,0,0,0,0,0,0,0,0,0,0,0,0,0,0,0,0,0,0,0,0,0,0,0,0,0,0,0,0,0,0,0,0,0,0,5,2,78,0,0,0,131,0,56,0,69,0,15,0,9,0,19,0,133,0,0,0,0,0,1,0,2,0,0,0,0,0,0,0,0,0,0,0,0,0,0,0,0,0,0,0,0,0,0,0,0,0,12,0,18,0,0,0,0,1,7,0,15,0,0,0,234,0,287,0,0,0,35,0,32,0,28,0,0,0,38,0,0,0,0,0,0,0,0,0,0,0,0,0,48,0,0,0,6,2,6,0,8,0,11,0,9,0,0,0,0,0,31,0,0,0,0,0,0,0,0,0,0,0,0,0,0,0,0,0,0,4,0,0,276,0,27,0,0,0,0,0,0,0,0,10,0,0,0,107,5,21,0,1,0,0
0,0,0,0,0,0,0,0,0,0,0,0,0,0,0,0,4,0,9,0,14,0,0,0,0,0,0,0,20,0,0,0,7,0,0,0,64,0,36,0,0,0,0,0,0,0,0,0,0,0,33,0,0,0,0,0,0,0,0,0,0,0,8,0,8,5,0,0,0,0,147,0,104,0,0,0,8,0,183,0,1,9,0,0,18,0,0,0,0,0,0,0,0,0,0,0,6,0,0,0,0,0,0,0,0,0,0,0,0,0,0,0,0,0,0,0,0,0,0,0,60,0,42,0,55,7,0,0,0,0,48,20,0,0,105,0,32,0,5,0,22,7,155,0,71,0,36,0,75,35,43,0,29,0,0,0,3,0,0,0,16,0,21,0,0,0,36,0,3,0,0,0,35,0,34,0,0,0,0,0,74,18,0,0,16,0,0,0,0,0,0,0,0,0,0,0,0,0,0,0,77,0,0,0,0,0,0,0,43,0,12,0,0,0,0,0,0,0,3,0,0,0,0,0,0
0,0,0,0,0,0,0,0,0,0,0,0,0,0,0,0,0,0,0,0,0,0,0,0,0,0,0,0,0,0,0,0,0,0,0,0,0,16,0,0,0,0,0,0,0,15,0,0,0,0,0,0,0,0,0,0,0,0,0,0,0,6,0,0,0,32,0,0,0,1,0,100,0,131,0,0,0,18,0,52,0,29,0,0,0,5,0,81,0,0,0,0,0,0,0,0,0,0,8,8,1,0,0,0,0,0,0,0,0,0,0,0,0,0,0,0,0,0,0,0,0,46,0,22,0,89,0,0,8,0,19,54,2,0,0,140,0,216,9,0,4,43,0,91,0,109,0,51,11,116,0,0,0,19,0,0,0,0,0,0,0,14,0,55,0,0,0,25,0,0,0,12,0,37,0,20,0,0,0,0,0,74,0,0,0,4,0,0,0,0,0,0,0,5,0,0,0,0,0,0,0,0,0,0,0,0,0,0,0,128,15,0,0,0,12,1,0,0,59,0,14,2,0,0,0
0,0,0,0,0,0,1,0,0,0,0,0,7,0,0,0,0,0,14,0,0,0,0,0,0,0,0,0,0,0,0,0,0,0,0,0,0,0,0,0,0,0,0,0,11,0,0,0,8,0,0,0,0,0,2,0,2,0,0,0,0,0,0,0,0,0,0,0,83,0,3,0,73,0,8,0,0,0,35,0,0,0,87,0,0,0,31,0,3,0,0,0,29,0,0,0,111,0,21,0,0,0,25,0,0,0,15,0,44,0,9,0,0,0,0,0,10,0,0,0,15,0,5,0,0,0,0,0,0,0,0,0,0,0,0,0,0,0,0,0,0,0,0,0,0,0,0,0,0,0,0,0,0,0,0,0,0,0,0,0,1,0,0,0,58,0,5,0,21,0,0,0,0,0,0,0,0,0,2,0,0,0,0,0,0,0,0,0,0,0,0,0,97,0,0,0,0,0,0,0,0,0,0,0,0,0,0,0,0,0,0,20,30,0,0,28,13,0,0,0,0,0,0,0,0
0,0,0,0,0,0,0,0,0,0,0,2,0,5,0,0,0,0,0,0,0,0,0,0,0,0,0,0,0,0,0,0,0,0,0,0,0,0,0,0,0,0,0,0,0,51,0,0,0,0,0,5,0,0,0,1,0,0,0,0,0,0,0,0,0,0,0,0,0,47,0,3,0,56,0,18,0,0,0,12,0,18,0,39,0,0,0,152,0,0,0,0,0,12,0,5,0,0,0,7,0,0,0,57,0,0,0,0,0,1,0,11,0,2,0,0,0,5,0,0,0,0,0,0,0,0,0,5,0,0,1,0,0,0,0,0,0,19,0,0,0,0,0,0,0,0,0,0,0,0,0,0,0,0,0,0,0,0,0,0,0,0,0,3,0,15,0,0,0,29,0,0,0,0,0,1,0,0,0,0,0,0,0,0,0,0,0,0,0,0,0,0,0,0,0,0,0,0,0,0,0,18,0,61,0,0,0,0,0,12,0,0,0,0,4,0,0,0,23,12,19,0,3,11,0
1,0,0,0,0,0,0,0,0,0,0,0,0,0,0,0,0,0,0,0,0,0,0,0,0,0,0,0,0,0,0,0,0,0,0,0,0,0,0,0,0,0,0,0,0,0,0,0,3,0,0,0,0,0,0,0,0,0,0,0,0,0,0,0,0,0,0,0,32,0,130,0,91,0,183,0,35,0,0,0,14,0,115,0,96,0,74,0,6,0,6,0,25,0,10,0,136,0,42,0,0,0,32,0,0,0,25,0,20,0,0,0,0,0,0,0,6,0,2,0,112,0,24,0,0,0,0,3,0,0,0,0,0,0,0,0,0,0,1,0,16,0,102,0,9,0,0,0,0,0,0,0,0,0,0,0,0,0,0,0,0,0,7,0,0,0,0,0,20,0,0,0,0,0,0,0,0,0,0,0,0,0,0,0,3,0,0,0,0,0,0,0,0,0,0,0,5,0,64,0,182,0,0,0,0,0,0,0,0,0,203,26,78,0,15,7,0,2,0,0,0,0,0,0,0
