0,159,61,189,91,0,65,57,122,0,159,0,144,0,10,73,51,101,0,0,0,0,50,326,25,293,0,3,139,0,0,0,70,0,0,0,68,0,461,38,0,0,0,0,0,0,0,0,0,0,3,0,6,0,0,0,0,0,0,0,93,0,72,8,25,0,14,0,0,0,0,0,0,0,0,0,0,0,0,0,0,0,0,0,0,0,0,0,0,0,0,0,0,0,0,0,0,0,0,0,0,0,0,0,0,0,0,0,0,0,0,0,0,0,0,0,0,0,0,0,0,0,0,0,0,0,0,0,0,0,0,2,0,0,0,0,0,0,0,0,0,0,0,0,0,0,0,0,33,0,0,0,0,0,0,0,0,0,0,0,0,0,0,0,3,0,63,0,5,0,13,1,281,0,0,0,599,123,4,0,0,0,61,0,15,0,0,0,0,0,0,0,0,0,0,0,0,0,0,0,0,0,0,0,0,0,0,0,2,0,912,88,188,0,163,0,0,0,0,5,0,0,0,0,0
159,0,183,19,0,370,95,29,0,70,0,528,0,199,0,134,97,41,0,87,0,0,229,43,327,52,0,211,0,138,0,0,0,0,0,0,0,189,0,654,0,29,0,0,0,16,0,129,0,9,0,0,0,0,7,4,0,5,0,3,0,501,23,164,0,53,0,9,0,0,0,0,0,1,0,0,0,0,0,0,0,8,0,0,0,16,0,0,0,0,0,1,0,0,0,0,0,2,0,0,0,0,0,0,0,0,0,0,0,0,0,0,0,0,0,0,0,0,0,0,0,0,0,0,0,44,0,0,0,0,0,79,0,0,0,0,0,0,0,0,0,0,0,18,0,0,0,28,0,122,0,110,0,78,0,0,0,0,0,0,0,11,0,0,0,0,0,0,0,7,0,82,0,220,0,14,182,435,0,9,0,34,4,15,0,58,0,0,0,0,0,10,0,0,0,0,0,0,0,0,0,0,0,0,0,0,0,16,0,17,0,0,0,0,280,0,0,0,1498,156,386,113,0,0,0
61,183,0,151,318,0,105,0,44,0,103,81,165,0,153,150,53,85,70,0,28,0,476,253,282,167,42,0,367,0,128,0,134,0,0,1,66,0,537,0,52,0,2,0,0,0,85,0,0,0,0,0,4,0,42,0,11,0,0,0,54,0,88,0,21,0,1,1,0,0,0,0,0,0,0,0,0,0,0,0,0,0,0,0,0,0,0,0,0,0,0,0,0,0,0,0,0,0,0,0,0,0,0,0,0,0,0,0,0,0,0,0,0,0,0,0,0,0,0,0,0,0,0,0,321,0,47,0,0,0,222,0,26,0,36,0,0,0,0,0,0,0,0,0,0,0,175,0,197,0,82,0,29,0,0,0,0,0,0,0,20,0,0,0,0,0,42,0,10,0,14,0,183,10,0,0,220,97,4,0,0,0,0,0,33,0,0,0,0,0,0,0,0,0,0,0,2,0,6,0,0,0,0,0,0,0,24,0,94,0,916,56,382,0,277,0,0,0,17,11,0,0,0,0,0
189,19,151,0,33,215,0,102,0,0,0,4,0,22,0,404,73,47,0,93,0,17,224,297,132,183,0,50,0,187,4,13,0,106,0,6,0,38,17,394,0,0,0,0,0,0,0,0,0,0,0,2,0,0,0,19,0,1,0,12,0,0,3,3,0,0,0,0,0,1,0,0,0,0,0,0,0,0,0,0,0,0,0,0,0,0,0,0,0,0,0,0,0,0,0,0,0,0,0,0,0,0,0,0,0,0,0,0,0,0,0,0,0,0,0,0,0,0,0,0,0,0,0,0,0,17,0,0,0,0,0,37,0,0,0,0,0,19,0,0,0,0,0,0,0,0,0,0,0,0,0,30,0,0,0,0,0,0,0,0,0,11,0,1,0,0,0,15,0,0,0,12,0,57,0,0,90,83,0,0,0,0,12,0,0,0,0,0,0,0,0,0,0,0,0,0,0,0,0,12,0,6,0,0,0,0,0,0,0,57,9,1,0,0,96,0,0,0,327,26,274,41,0,0,0
91,0,318,33,0,429,41,0,145,0,148,140,526,226,313,549,22,0,91,326,193,86,235,130,0,0,70,78,111,0,430,0,276,0,228,0,155,0,0,0,173,0,0,0,0,0,156,0,3,0,117,0,9,0,0,0,0,0,3,0,0,0,0,0,35,0,1,0,0,0,0,0,0,0,0,0,0,0,0,0,0,0,0,0,0,0,0,0,0,0,0,0,0,0,0,0,0,0,0,0,0,0,0,0,0,0,0,0,0,0,0,0,0,0,0,0,0,0,0,0,7,0,0,0,94,0,0,0,0,0,64,0,5,0,0,0,0,0,0,0,0,0,0,0,0,0,115,0,161,0,170,0,149,0,0,0,0,0,0,0,0,0,0,0,21,0,196,0,27,0,0,0,112,0,0,0,309,115,90,4,129,0,119,0,175,0,0,10,0,0,0,0,0,0,0,0,0,0,0,0,0,0,0,0,0,0,0,0,51,0,1317,295,750,0,177,0,0,0,0,15,0,0,0,0,0
0,370,0,215,429,0,0,102,0,112,163,162,240,306,502,429,22,3,179,157,225,177,237,146,0,0,0,249,0,96,0,150,0,330,56,110,0,0,0,0,0,55,0,2,0,7,0,182,0,3,0,0,0,0,0,11,0,17,0,0,0,0,0,3,0,58,0,0,0,0,0,0,0,0,0,0,0,0,0,6,0,0,0,0,0,64,0,0,0,0,0,0,0,0,0,0,0,0,0,0,0,0,0,0,0,0,0,0,0,0,0,0,0,0,0,0,0,0,0,0,0,0,0,25,0,35,0,0,0,0,0,47,0,0,0,0,0,25,0,0,0,0,0,0,0,0,0,43,0,116,0,130,0,0,0,14,0,19,0,8,0,11,0,0,0,0,0,225,0,40,0,30,0,115,0,0,358,364,0,18,0,38,0,32,0,46,0,5,0,0,0,0,0,0,0,0,0,0,0,0,0,0,0,0,0,0,0,0,0,64,0,0,0,0,384,0,0,0,1460,199,732,0,4,0,0
65,95,105,0,41,0,0,0,50,221,28,0,32,0,20,0,0,0,0,0,12,0,26,0,444,293,0,0,0,0,0,0,0,0,0,0,0,1,0,0,16,0,0,0,9,0,12,0,13,0,0,0,74,26,407,161,82,0,14,0,155,0,291,56,45,0,57,0,0,0,0,0,0,0,0,0,0,0,0,0,0,0,0,0,0,0,0,0,0,0,0,0,0,0,0,0,0,0,0,0,0,1,0,0,0,0,0,0,0,0,0,0,0,0,0,0,0,0,0,0,0,0,1,0,85,0,7,0,0,0,239,0,0,0,6,0,0,0,0,0,0,0,0,0,0,0,0,0,62,0,0,0,0,0,7,0,0,0,0,0,52,0,0,0,0,0,0,0,16,0,178,0,147,0,0,0,94,104,0,0,0,0,6,0,2,2,0,0,0,0,0,0,0,0,0,0,0,0,0,0,0,0,0,0,0,0,0,0,4,0,1063,48,439,360,557,0,13,2,6,0,0,0,0,0,0
57,29,0,102,0,102,0,0,95,18,0,18,0,16,0,183,35,21,0,96,0,16,0,50,226,432,0,0,0,47,0,0,0,0,0,0,0,42,0,281,0,0,0,0,0,0,0,0,0,0,0,0,12,52,0,90,0,35,0,132,0,464,51,436,0,10,0,50,0,0,0,0,0,1,0,0,0,0,0,0,0,0,0,0,1,0,0,0,0,0,0,0,0,1,0,0,0,0,0,0,0,2,0,0,0,0,0,0,0,0,0,0,0,0,0,0,0,0,0,0,0,0,0,0,0,50,0,0,0,0,0,106,0,0,0,0,0,15,0,0,0,0,0,0,0,0,0,10,0,39,0,68,0,0,0,0,0,0,0,0,0,67,0,0,0,3,0,3,0,13,0,114,7,114,0,0,84,123,0,0,0,0,0,0,0,0,0,0,0,0,0,8,0,0,0,0,0,0,0,0,0,0,0,0,0,0,0,54,0,71,0,0,0,0,454,0,0,0,1169,56,455,213,0,43,0
122,0,44,0,145,0,50,95,0,421,45,0,84,0,46,0,0,0,19,0,0,0,0,0,27,254,17,0,3,0,0,0,0,0,0,0,0,0,21,0,17,0,6,0,12,0,33,0,6,0,0,0,111,70,62,494,44,46,24,0,156,0,269,92,293,0,146,150,0,0,0,0,0,0,0,0,0,0,0,0,0,0,0,0,0,0,0,0,0,0,0,0,0,0,0,0,0,0,0,0,0,0,0,0,0,0,0,0,0,0,0,0,0,0,0,0,0,0,0,0,0,0,0,0,72,0,0,0,0,0,169,0,0,0,0,0,0,0,0,0,1,0,0,0,0,0,52,0,225,0,56,0,38,0,12,2,37,0,0,0,77,0,5,0,7,0,0,0,19,0,134,0,88,0,0,0,497,172,0,0,3,0,17,0,163,6,7,0,0,0,0,0,0,0,0,0,0,0,0,0,0,0,0,0,0,0,0,0,0,0,1311,91,269,292,627,2,24,1,3,0,0,0,0,0,0
0,70,0,0,0,112,221,18,421,0,0,161,0,0,0,27,20,0,0,23,0,0,0,2,176,14,0,78,0,0,0,0,0,0,0,0,0,0,0,0,0,0,0,0,0,6,0,0,0,2,0,0,134,135,441,56,0,30,0,66,0,272,113,118,0,164,42,163,0,0,0,0,0,0,0,0,0,2,0,0,0,0,0,0,0,0,0,0,0,0,0,0,0,0,0,0,0,0,0,0,0,0,0,0,0,0,0,0,0,0,0,0,0,0,0,0,0,0,0,0,0,0,0,0,0,33,0,15,0,0,0,120,0,0,0,0,0,0,0,0,0,0,0,2,0,0,0,46,0,138,0,83,0,71,0,39,0,59,0,5,0,36,0,0,0,1,0,0,0,18,0,254,0,63,0,10,159,516,0,0,0,0,0,17,5,90,0,0,0,0,0,0,0,2,0,0,0,0,0,0,0,0,0,0,0,0,0,20,0,17,8,0,4,0,356,0,0,0,970,141,258,212,0,35,0
159,0,103,0,148,163,28,0,45,0,0,62,304,0,48,366,20,0,8,0,98,0,56,109,0,0,13,0,52,0,209,0,409,0,41,0,204,0,121,0,78,1,0,0,0,0,58,0,8,0,9,0,0,0,0,0,0,0,0,0,2,0,0,0,11,0,2,0,0,0,0,0,0,0,0,0,0,0,0,0,0,0,0,0,0,0,0,0,0,0,0,0,0,0,0,0,0,0,0,0,0,0,0,0,0,0,0,0,0,0,0,0,0,0,0,0,0,0,0,0,0,0,0,0,12,0,3,0,0,0,15,0,0,0,0,0,0,0,0,0,0,0,0,0,0,0,0,0,28,0,55,0,71,0,1,0,0,0,0,0,0,0,0,0,0,0,208,0,0,0,6,0,47,0,0,0,363,47,116,0,86,0,71,0,46,0,33,1,0,0,0,0,0,0,0,0,0,0,0,0,0,0,0,0,0,0,0,0,0,0,718,184,240,0,63,0,0,0,3,10,0,0,0,0,0
0,528,81,4,140,162,0,18,0,161,62,0,0,562,195,77,0,13,30,11,80,53,218,109,0,0,0,161,0,96,0,147,0,564,0,170,0,462,0,402,0,151,0,0,5,0,0,194,0,49,0,0,0,0,0,5,0,4,0,0,0,0,0,0,0,15,0,0,0,0,0,0,0,0,0,0,0,0,0,0,0,55,0,0,0,53,0,0,0,0,0,0,0,0,0,0,0,0,0,21,0,24,0,1,0,0,0,0,0,0,0,0,0,0,0,0,0,0,0,0,0,74,0,33,0,0,0,0,0,0,0,0,0,0,0,0,0,0,0,0,0,0,0,31,0,14,0,31,0,46,0,136,0,90,0,0,0,0,0,2,0,0,0,9,0,14,0,49,0,32,0,50,0,120,0,16,189,403,0,38,0,161,1,49,0,50,0,51,0,0,0,0,0,0,0,0,0,0,0,0,0,0,0,0,0,0,0,0,0,17,21,0,0,0,193,0,0,0,1469,418,366,63,3,0,0
144,0,165,0,526,240,32,0,84,0,304,0,0,604,79,78,0,0,101,345,121,75,20,0,0,0,54,584,0,0,51,0,14,0,221,40,55,0,0,0,242,51,134,0,33,0,230,145,19,0,407,65,0,0,0,0,0,0,0,0,0,0,0,0,24,0,0,0,0,0,0,0,0,0,0,0,0,0,0,0,0,0,0,0,0,0,0,0,0,0,0,0,0,0,0,0,0,0,0,0,0,0,4,0,0,0,0,0,0,0,0,0,0,0,0,0,0,0,0,0,0,0,0,0,48,0,8,0,0,0,0,0,0,0,12,0,0,0,0,0,0,0,0,0,0,0,0,0,0,0,54,0,0,0,1,0,0,0,0,0,0,0,0,0,58,0,36,0,0,0,0,0,12,0,0,0,446,134,232,0,113,0,102,0,64,0,142,30,0,0,0,0,0,0,0,0,0,0,0,0,0,0,0,0,0,0,0,0,0,0,473,548,462,38,52,2,0,0,0,11,26,0,0,0,0
0,199,0,22,226,306,0,16,0,0,0,562,604,0,143,15,0,0,542,109,274,105,0,0,0,0,492,95,0,0,0,41,0,0,129,237,0,96,0,0,174,253,57,99,36,25,89,166,0,31,131,402,0,3,0,2,0,0,0,0,0,0,0,0,0,0,0,0,0,0,0,0,0,0,0,0,0,0,0,0,0,0,0,0,0,0,0,0,0,0,0,0,0,0,0,0,0,0,0,0,0,0,0,1,0,0,0,0,0,0,0,0,0,0,0,0,0,0,0,0,0,0,0,0,0,0,0,0,0,0,0,0,0,0,0,0,0,0,0,0,0,0,0,0,0,0,0,0,0,0,0,0,0,0,0,0,0,0,0,0,0,0,0,0,0,70,0,0,0,29,0,0,0,33,0,0,117,456,0,40,2,24,0,0,0,16,43,133,0,0,0,0,0,0,0,0,0,0,0,0,0,0,0,0,0,0,0,0,0,0,0,0,0,0,48,0,0,0,532,458,511,0,0,0,0
10,0,153,0,313,502,20,0,46,0,48,195,79,143,0,743,52,0,207,386,188,118,615,63,66,0,120,0,0,0,183,59,22,0,89,75,55,20,1,0,11,0,0,0,0,0,44,0,0,0,27,0,0,0,153,0,0,0,0,0,0,0,6,0,9,0,0,0,0,0,0,0,0,0,0,0,0,0,0,0,0,0,0,0,0,0,0,0,0,0,0,0,0,0,0,0,0,0,0,0,0,0,0,0,0,0,0,0,0,0,0,0,0,0,0,0,0,0,0,0,0,0,0,0,23,0,0,0,0,0,0,0,0,0,254,0,0,0,0,0,0,0,0,0,0,0,68,0,90,0,67,0,0,0,3,0,0,0,0,0,0,0,0,0,2,0,73,0,5,0,0,0,21,0,0,0,143,55,40,0,22,0,26,0,109,0,0,8,0,0,0,0,0,0,0,0,0,0,38,0,40,0,0,0,0,0,0,0,179,0,127,159,104,0,20,0,0,0,0,13,19,1,0,0,0
73,134,150,404,549,429,0,183,0,27,366,77,78,15,743,0,57,64,48,484,324,262,500,331,23,158,0,132,0,0,70,26,62,44,27,18,32,53,0,14,0,0,0,0,0,0,0,0,0,0,0,13,0,11,0,76,0,25,0,13,0,0,0,0,0,22,0,0,0,0,0,0,0,0,0,0,0,0,0,0,0,0,0,0,0,60,0,13,0,11,0,15,0,0,0,0,0,84,0,0,0,35,0,0,0,0,0,81,0,0,0,0,0,0,0,0,0,0,0,0,0,0,0,0,0,39,0,38,0,0,0,73,0,0,0,412,0,267,0,0,0,0,0,53,0,0,0,38,0,114,0,206,0,29,0,21,0,15,0,0,0,0,0,0,0,8,0,46,0,0,0,0,0,24,0,0,175,90,0,0,0,0,0,21,0,27,0,0,0,0,0,0,0,0,0,0,0,0,0,102,0,74,0,0,0,0,0,0,0,337,53,0,59,0,52,0,0,0,199,397,88,28,0,0,0
51,97,53,73,22,22,0,35,0,20,20,0,0,0,52,57,0,77,94,0,624,0,183,170,208,208,171,0,591,0,119,0,37,0,1,0,13,0,255,0,0,0,0,0,0,0,0,0,0,0,0,0,102,0,27,11,12,0,0,0,15,0,423,18,0,0,0,0,0,0,0,0,0,0,0,0,0,0,0,0,0,0,0,0,27,0,0,0,0,0,137,0,0,0,0,0,327,0,0,0,0,0,0,0,34,0,141,0,0,0,0,0,0,0,0,0,0,0,0,0,0,0,0,0,0,0,0,0,113,0,0,0,27,0,395,0,315,0,80,0,29,0,604,0,0,0,0,0,0,0,13,0,0,0,9,0,1,0,34,0,15,0,0,0,0,0,0,0,7,0,9,0,49,0,0,0,71,12,8,0,0,0,0,0,8,0,0,0,0,0,0,0,0,0,0,0,0,0,47,0,276,0,0,0,0,0,34,0,54,0,158,563,79,23,45,0,0,0,0,1,0,0,0,0,0
101,41,85,47,0,3,0,21,0,0,0,13,0,0,0,64,77,0,0,40,0,305,103,244,264,77,0,0,0,341,0,40,0,40,0,15,0,1,0,128,0,0,0,0,0,0,0,0,0,0,0,0,5,27,6,71,0,52,0,2,0,24,15,413,0,0,0,0,0,0,0,0,0,0,0,8,0,0,0,3,0,18,0,0,0,64,0,0,0,0,0,24,0,0,0,0,2,103,0,33,0,52,0,0,0,0,2,54,0,0,0,0,0,0,0,0,0,0,0,0,0,13,0,3,0,0,0,0,0,26,0,0,0,0,0,438,0,182,0,215,0,197,0,273,0,4,0,0,0,0,0,0,0,0,0,21,0,0,0,0,0,12,0,2,0,2,0,5,1,17,0,14,0,19,0,0,0,22,0,0,0,0,0,0,0,0,0,0,0,0,0,0,0,0,0,0,0,0,0,33,0,55,0,0,0,0,0,0,0,34,0,0,0,0,19,0,0,0,59,654,36,13,0,1,0
0,0,70,0,91,179,0,0,19,0,8,30,101,542,207,48,94,0,0,261,262,117,368,0,0,0,198,386,0,0,20,15,0,0,241,71,28,5,0,0,7,0,40,0,25,7,69,52,0,1,226,77,0,0,0,0,0,0,0,0,0,0,0,0,0,0,0,0,0,0,0,0,0,0,0,0,0,0,0,0,0,0,0,0,0,0,0,0,0,0,0,0,0,0,0,0,0,0,0,0,0,0,0,0,0,0,0,0,0,0,0,0,0,0,0,0,0,0,0,0,0,0,0,0,0,0,0,0,0,0,0,0,0,0,0,0,0,0,0,0,0,0,0,0,0,0,0,0,0,0,0,0,0,0,0,0,0,0,0,0,4,0,1,0,15,0,18,0,0,0,1,0,0,0,0,0,89,54,15,0,22,0,25,0,28,0,5,19,0,0,0,0,0,0,0,0,0,0,0,0,61,0,0,0,0,0,0,0,154,0,219,251,113,14,0,0,0,0,0,11,27,0,0,0,0
0,87,0,93,326,157,0,96,0,23,0,11,345,109,386,484,0,40,261,0,234,415,0,254,0,50,109,476,0,0,54,53,0,11,97,181,21,141,0,0,35,0,27,40,0,11,0,46,0,0,70,180,0,0,0,54,0,12,0,0,0,0,0,0,0,0,0,0,0,0,0,0,0,0,0,0,0,0,0,0,0,0,0,0,0,189,0,48,0,0,0,73,0,0,0,0,0,181,0,135,0,144,0,0,0,29,0,182,0,0,0,0,0,0,0,0,0,0,0,0,0,0,0,26,0,0,0,0,0,0,0,0,0,0,0,0,0,0,0,0,0,0,0,124,0,0,0,0,0,32,0,0,0,0,0,6,0,0,0,0,0,0,0,0,1,54,0,53,0,52,0,13,0,35,0,0,47,25,0,1,0,0,0,0,0,14,4,5,0,0,0,0,0,0,0,0,0,0,0,0,0,81,0,0,0,0,0,0,0,217,14,0,0,0,27,0,0,0,191,231,148,0,0,0,0
0,0,28,0,193,225,12,0,0,0,98,80,121,274,188,324,624,0,262,234,0,95,246,51,45,0,197,160,68,0,232,28,18,0,54,84,14,0,3,0,6,0,4,11,17,0,18,0,4,0,29,25,26,0,76,0,0,0,0,0,0,0,175,0,0,0,0,0,0,0,44,0,0,0,52,0,0,0,0,0,44,0,0,0,220,0,0,0,25,0,384,0,0,0,0,0,812,0,232,0,71,0,0,0,44,0,301,0,0,0,0,0,0,0,0,0,0,0,0,0,0,0,32,0,0,0,0,0,0,0,0,0,0,0,383,0,166,0,73,0,91,0,592,0,35,0,0,0,0,0,0,0,0,0,0,0,0,0,0,0,6,0,0,0,32,0,19,0,11,0,0,0,9,0,0,0,68,19,78,0,0,0,9,0,0,0,5,9,0,0,0,0,0,0,0,0,0,0,62,0,255,0,0,0,0,0,0,0,116,0,350,502,159,14,23,0,0,0,0,0,0,0,0,0,0
0,0,0,17,86,177,0,16,0,0,0,53,75,105,118,262,0,305,117,415,95,0,0,448,0,98,47,334,0,107,0,92,3,101,36,93,0,54,0,8,11,0,0,48,0,23,0,0,0,0,24,67,0,88,0,71,0,24,0,0,0,8,0,323,0,0,0,0,0,0,0,0,0,0,0,0,0,0,0,0,0,239,0,0,0,382,0,69,0,64,0,65,0,0,0,74,0,0,0,249,0,211,0,0,0,0,0,138,0,0,0,0,0,0,0,0,0,0,0,0,0,149,0,56,0,0,0,0,0,0,0,0,0,0,0,485,0,0,0,278,0,481,0,604,0,104,0,0,0,0,0,0,0,0,0,41,0,0,0,51,0,0,0,0,0,8,0,20,0,0,0,0,0,22,0,0,0,0,0,4,0,0,0,0,0,0,0,26,0,0,0,0,0,0,0,0,0,0,0,0,0,0,0,0,0,0,0,0,0,0,0,0,0,0,22,0,0,0,248,355,87,14,0,0,0
50,229,476,224,235,237,26,0,0,0,56,218,20,0,615,500,183,103,368,0,246,0,0,562,145,73,189,0,56,0,62,0,46,0,2,0,28,35,50,69,0,0,2,0,37,0,37,0,0,0,0,0,4,0,212,0,39,0,0,0,0,0,2,0,5,0,0,0,0,0,0,0,0,0,0,0,0,0,0,0,0,0,1,0,0,0,0,0,0,0,0,0,0,0,0,0,0,0,0,0,0,0,0,0,0,0,0,0,0,0,0,0,0,0,0,0,0,0,0,0,0,0,0,0,61,0,57,4,0,0,0,0,79,0,309,0,133,0,0,0,0,0,99,0,0,0,87,0,70,0,104,0,31,0,3,0,0,0,0,0,24,0,0,0,0,0,39,0,0,2,2,2,21,16,0,0,232,92,17,0,0,4,17,0,31,0,0,0,0,0,0,0,0,0,0,0,0,0,46,0,39,0,0,0,0,0,53,0,231,0,86,343,57,0,17,2,0,0,26,0,0,0,0,0,0
326,43,253,297,130,146,0,50,0,2,109,109,0,0,63,331,170,244,0,254,51,448,562,0,220,276,0,0,0,110,9,40,30,71,0,0,0,33,0,24,0,0,0,0,0,0,0,0,0,0,0,11,0,0,0,113,0,9,0,0,0,2,0,46,0,0,0,3,0,0,0,0,0,0,0,0,0,0,0,0,0,0,0,0,0,59,0,0,0,0,0,24,0,0,0,0,0,102,0,57,0,30,0,0,0,0,0,101,0,0,0,0,0,0,0,0,0,0,0,0,0,16,0,0,0,0,0,0,0,0,0,0,0,0,0,413,0,187,0,63,0,71,0,112,0,6,0,0,0,0,0,0,0,0,0,13,0,0,0,0,0,0,0,3,0,0,0,20,0,0,0,10,13,19,0,0,53,51,0,0,0,0,0,0,0,0,0,0,0,0,0,0,0,4,0,0,0,0,0,0,0,90,0,0,0,0,0,0,0,114,28,0,0,0,31,0,0,0,134,766,100,21,0,0,0
25,327,282,132,0,0,444,226,27,176,0,0,0,0,66,23,208,264,0,0,45,0,145,220,0,950,0,0,22,0,5,0,0,0,0,0,0,0,54,0,0,0,0,0,0,0,0,0,3,0,0,0,29,0,166,79,52,0,0,0,21,34,141,119,0,0,0,0,0,0,0,0,0,0,0,0,0,0,0,0,0,9,0,0,0,0,0,0,0,0,0,0,0,0,0,0,0,0,0,0,0,0,0,0,0,0,3,2,0,0,0,0,0,0,0,0,0,0,0,0,0,0,0,0,21,0,24,0,61,0,13,0,66,0,205,0,179,0,7,0,0,0,104,12,0,0,15,0,0,0,0,0,0,0,15,0,0,0,0,0,62,0,0,0,0,0,1,0,0,0,8,0,63,0,0,1,92,83,0,0,0,0,0,0,0,0,0,0,0,0,0,0,0,0,0,0,0,0,21,0,33,0,0,0,0,0,15,0,81,0,109,190,41,0,31,0,0,0,24,0,8,0,0,0,0
293,52,167,183,0,0,293,432,254,14,0,0,0,0,0,158,208,77,0,50,0,98,73,276,950,0,0,0,3,66,0,4,0,0,0,5,0,0,33,85,0,0,0,0,0,1,0,0,0,0,0,0,13,11,58,166,0,30,0,7,15,72,114,144,0,0,0,0,0,0,0,0,0,0,0,0,0,0,0,0,0,0,0,0,0,0,0,1,0,0,6,3,0,0,0,0,0,17,0,0,0,3,0,0,0,9,0,12,0,0,0,0,0,0,0,0,0,0,0,0,0,0,0,0,0,12,0,0,0,26,0,0,0,19,0,140,0,126,0,17,0,0,16,26,0,0,0,0,0,0,0,31,0,0,0,14,0,1,0,0,0,43,0,0,1,0,0,0,0,1,0,36,15,40,0,0,103,123,0,0,0,0,0,0,0,0,0,0,0,0,0,0,0,4,0,0,0,0,0,0,0,17,0,0,0,0,0,0,0,101,24,0,0,0,46,0,0,0,124,248,66,20,0,0,0
0,0,42,0,70,0,0,0,17,0,13,0,54,492,120,0,171,0,198,109,197,47,189,0,0,0,0,678,19,0,76,0,9,0,41,0,53,0,0,0,24,165,378,0,377,45,168,414,9,0,360,88,0,0,0,0,0,0,0,0,9,0,0,0,0,0,0,0,0,0,73,0,0,0,0,0,0,0,0,0,0,0,0,0,266,0,0,0,0,0,358,0,0,0,0,0,663,0,0,0,57,0,0,0,0,0,0,0,0,0,0,0,0,0,0,0,0,0,0,0,0,0,44,0,0,0,0,0,0,0,0,0,0,0,0,0,0,0,82,0,110,0,407,0,73,0,0,0,0,0,0,0,0,0,3,0,0,0,0,0,0,0,0,0,80,0,12,0,42,0,2,0,6,0,0,0,65,43,17,0,0,0,0,0,26,0,63,26,0,0,0,0,0,0,0,0,0,0,0,0,0,0,0,0,0,0,0,0,146,0,102,493,309,0,11,0,0,5,0,16,0,0,0,0,0
3,211,0,50,78,249,0,0,0,78,0,161,584,95,0,132,0,0,386,476,160,334,0,0,0,0,678,0,0,0,0,21,0,0,105,98,13,149,0,0,437,11,125,365,70,451,224,230,0,42,230,529,0,0,0,16,0,8,0,8,0,0,0,0,0,0,0,0,0,0,0,0,0,0,0,0,0,0,0,0,0,0,0,0,0,78,0,0,0,0,0,48,0,0,0,0,0,0,0,121,0,69,0,0,0,0,0,0,0,0,0,0,0,0,0,0,0,0,0,0,0,0,0,0,0,17,0,0,0,0,0,0,0,0,0,0,0,0,0,0,0,0,0,0,0,0,0,0,0,53,0,0,0,0,0,0,0,0,0,0,0,0,0,0,0,100,0,13,0,53,1,0,0,0,0,0,61,136,0,9,0,0,0,0,0,0,90,25,0,7,0,0,0,0,0,5,0,0,0,0,0,0,0,0,0,0,0,0,0,86,0,0,0,0,24,0,0,0,201,589,476,16,0,0,5
139,0,367,0,111,0,0,0,3,0,52,0,0,0,0,0,591,0,0,0,68,0,56,0,22,3,19,0,0,0,41,0,18,0,0,0,29,0,3,0,0,0,9,0,14,0,0,0,0,0,3,0,11,0,7,0,0,0,0,0,5,0,103,0,0,0,0,0,0,0,0,0,0,0,2,0,0,0,0,0,4,0,0,0,49,0,0,0,0,0,44,0,0,0,0,0,141,0,25,0,0,0,0,0,0,0,34,0,0,0,0,0,0,0,0,0,0,0,0,0,0,0,0,0,0,0,0,0,22,0,0,0,0,0,0,0,54,0,105,0,57,0,183,0,0,0,0,0,0,0,9,0,0,0,6,0,2,0,19,0,0,0,0,0,0,0,0,0,0,0,0,0,8,0,0,0,56,4,19,0,0,0,33,0,9,0,0,0,0,0,0,0,0,0,0,0,0,0,0,0,29,0,0,0,0,0,0,0,0,0,30,144,0,0,0,0,0,0,0,0,0,0,0,0,0
0,138,0,187,0,96,0,47,0,0,0,96,0,0,0,0,0,341,0,0,0,107,0,110,0,66,0,0,0,0,0,58,0,31,0,38,3,10,0,59,0,0,0,5,0,0,0,0,0,0,0,21,0,37,0,49,0,11,0,0,0,1,0,198,0,0,0,0,0,0,0,0,0,0,0,0,0,0,0,1,0,0,0,0,0,45,0,0,0,0,0,11,0,0,0,0,0,0,0,0,0,22,0,0,0,0,0,0,0,0,0,0,0,0,0,0,0,0,0,0,0,5,0,0,0,0,0,0,0,0,0,0,0,0,0,139,0,0,0,128,0,142,0,190,0,7,0,0,0,0,0,0,0,0,0,22,0,0,0,0,0,0,0,0,0,0,0,2,0,0,0,0,0,6,0,0,0,10,0,0,0,0,0,0,0,0,0,0,0,0,0,0,0,0,0,0,0,0,0,0,0,0,0,0,0,0,0,0,0,0,0,0,0,0,0,0,0,0,20,100,11,5,0,0,0
0,0,128,4,430,0,0,0,0,0,209,0,51,0,183,70,119,0,20,54,232,0,62,9,5,0,76,0,41,0,0,0,6,0,21,0,37,0,0,0,0,0,19,0,0,0,0,0,0,0,10,0,5,0,0,0,0,0,0,0,4,0,97,0,0,0,0,0,0,0,21,0,0,0,0,0,0,0,0,0,0,0,0,0,149,0,0,0,0,0,127,0,0,0,0,0,285,0,109,0,23,0,0,0,0,0,70,0,0,0,0,0,0,0,0,0,0,0,0,0,0,0,23,0,0,0,0,0,0,0,0,0,0,0,0,0,0,0,84,0,55,0,258,0,21,0,0,0,0,0,0,0,0,0,4,0,1,0,6,0,0,0,0,0,0,0,28,0,0,0,4,0,9,0,0,0,88,12,109,0,7,0,24,0,0,0,0,0,0,0,0,0,0,0,0,0,0,0,0,0,39,0,0,0,0,0,0,0,0,0,109,183,72,7,9,1,0,0,0,0,5,0,0,0,0
0,0,0,13,0,150,0,0,0,0,0,147,0,41,59,26,0,40,15,53,28,92,0,40,0,4,0,21,0,58,0,0,0,11,7,17,0,8,0,5,0,0,0,0,0,0,0,0,0,0,0,8,0,41,0,11,0,0,0,0,0,0,0,79,0,0,0,0,0,0,0,4,0,0,0,0,0,0,0,0,0,0,0,0,0,96,0,0,0,0,0,2,0,0,0,0,0,0,0,47,0,20,0,0,0,0,0,0,0,0,0,0,0,0,0,0,0,0,0,0,0,0,0,0,0,0,0,0,0,0,0,0,0,0,0,0,0,0,0,106,0,252,0,207,0,51,0,0,0,0,0,0,0,0,0,23,0,4,0,18,0,0,0,0,0,0,0,11,0,0,0,4,0,6,0,0,0,13,0,11,0,0,0,0,0,0,0,3,0,0,0,0,0,0,0,0,0,0,0,0,0,0,0,0,0,0,0,0,0,0,0,0,0,0,5,0,0,0,62,141,13,0,0,0,0
70,0,134,0,276,0,0,0,0,0,409,0,14,0,22,62,37,0,0,0,18,3,46,30,0,0,9,0,18,0,6,0,0,0,4,0,204,0,0,0,0,0,11,0,6,0,0,0,0,0,4,0,0,0,0,0,0,1,0,0,6,0,3,0,0,0,0,0,0,0,0,0,0,0,0,0,0,0,0,0,0,0,0,0,0,0,0,0,0,0,0,0,0,0,0,0,0,0,0,0,0,0,0,0,0,0,0,0,0,0,0,0,0,0,0,0,0,0,0,0,0,0,0,0,0,0,0,0,0,0,0,0,0,0,0,0,0,0,0,0,0,0,0,0,0,0,0,0,0,0,0,0,0,0,0,0,0,0,0,0,0,0,0,0,1,0,33,0,0,0,0,0,5,0,6,0,205,0,174,0,0,0,56,0,0,0,0,0,0,0,0,0,0,0,0,0,0,0,0,0,0,0,0,0,0,0,0,0,0,0,0,190,15,0,0,0,0,0,0,0,0,0,0,0,0
0,0,0,106,0,330,0,0,0,0,0,564,0,0,0,44,0,40,0,11,0,101,0,71,0,0,0,0,0,31,0,11,0,0,0,44,0,61,0,0,0,0,0,1,0,0,0,0,0,0,0,15,0,10,0,0,0,4,0,0,0,4,0,49,0,0,0,0,0,0,0,2,0,0,0,0,0,0,0,0,0,0,0,3,0,0,0,0,0,0,0,0,0,0,0,0,0,0,0,0,0,0,0,0,0,0,0,4,0,0,0,0,0,0,0,0,0,0,0,0,0,0,0,4,0,0,0,0,0,0,0,0,0,0,0,0,0,0,0,43,0,64,0,63,0,0,0,0,0,0,0,0,0,0,0,11,0,3,0,10,0,0,0,0,0,1,0,13,0,0,0,0,0,5,0,0,0,0,0,10,0,0,0,0,0,0,0,0,0,0,0,0,0,0,0,0,0,0,0,0,0,0,0,0,0,0,0,0,0,0,0,0,0,0,0,0,0,0,0,289,8,0,0,0,0
0,0,0,0,228,56,0,0,0,0,41,0,221,129,89,27,1,0,241,97,54,36,2,0,0,0,41,105,0,0,21,7,4,0,0,0,274,0,0,0,0,0,14,0,0,0,0,0,1,0,41,0,0,0,0,0,0,0,0,0,0,0,0,0,0,0,0,0,0,0,10,0,0,0,0,0,0,0,0,0,0,0,0,0,19,0,5,0,0,0,16,0,5,0,0,0,0,0,0,0,0,0,0,0,0,0,0,0,0,0,0,0,0,0,0,0,0,0,0,0,0,0,3,0,0,0,0,0,0,0,0,0,0,0,0,0,3,0,7,0,0,0,0,0,0,0,0,0,0,0,0,0,0,0,0,0,0,0,0,0,0,0,0,0,5,0,22,0,0,0,0,0,6,0,0,0,49,12,106,0,0,0,0,0,0,0,17,6,0,0,0,0,0,0,0,0,0,0,0,0,0,0,0,0,0,0,0,0,0,0,94,99,66,0,0,0,0,0,0,0,0,0,0,0,0
0,0,1,6,0,110,0,0,0,0,0,170,40,237,75,18,0,15,71,181,84,93,0,0,0,5,0,98,0,38,0,17,0,44,0,0,0,203,0,4,0,0,0,18,0,3,0,0,0,2,10,74,0,18,0,0,0,0,0,0,0,0,0,52,0,0,0,0,0,0,0,0,0,1,0,0,0,0,0,0,0,0,0,0,0,68,0,0,0,0,0,0,0,0,0,0,0,0,0,0,0,0,0,0,0,0,0,0,0,0,0,0,0,0,0,0,0,0,0,0,0,36,0,0,0,0,0,0,0,0,0,0,0,0,0,0,0,0,0,117,0,345,0,219,0,102,0,0,0,0,0,0,0,0,0,30,0,0,0,43,0,0,0,0,0,22,0,59,0,0,0,0,0,19,1,0,0,10,0,16,0,0,0,0,0,0,0,77,0,0,0,0,0,0,0,0,0,0,0,0,0,0,0,0,0,0,0,0,0,0,0,0,0,0,16,0,0,0,180,211,105,0,0,0,0
68,0,66,0,155,0,0,0,0,0,204,0,55,0,55,32,13,0,28,21,14,0,28,0,0,0,53,13,29,3,37,0,204,0,274,0,0,0,96,0,0,0,33,0,28,0,0,0,3,0,67,0,2,0,4,0,0,0,3,0,17,0,20,0,0,0,0,0,0,0,104,0,0,0,79,0,0,0,0,0,0,0,0,0,156,0,0,0,0,0,105,0,0,0,0,0,177,0,206,0,25,0,3,0,0,0,0,0,0,0,0,0,0,0,0,0,0,0,0,0,31,0,35,0,0,0,0,0,0,0,0,0,0,0,0,0,0,0,131,0,143,0,141,0,150,0,0,0,0,0,0,0,0,0,23,0,36,0,21,0,2,0,0,0,7,0,23,0,12,0,14,0,27,0,0,0,68,15,115,0,0,0,34,0,0,0,5,3,0,0,0,0,0,0,0,0,0,0,0,0,0,0,0,0,0,0,0,0,0,0,22,44,49,9,20,0,0,0,0,0,0,0,0,0,0
0,189,0,38,0,0,1,42,0,0,0,462,0,96,20,53,0,1,5,141,0,54,35,33,0,0,0,149,0,10,0,8,0,61,0,203,0,0,0,46,0,0,0,62,0,3,0,0,0,5,0,110,0,13,0,6,0,2,0,0,0,15,0,58,0,0,1,0,0,0,0,0,0,0,0,0,0,0,0,0,0,0,0,0,0,0,0,0,0,0,0,0,0,0,0,0,0,0,0,0,0,0,0,0,0,0,0,0,0,0,0,0,0,0,0,0,0,0,0,0,0,0,0,17,0,0,0,0,0,0,0,0,0,0,0,0,0,0,0,81,0,214,0,92,0,172,0,0,0,0,0,0,0,0,0,40,0,46,0,47,0,4,0,0,0,28,0,41,0,4,0,8,0,66,0,0,0,46,0,32,0,0,0,0,0,0,0,27,0,0,0,0,0,0,0,0,0,0,0,0,0,0,0,0,0,1,0,0,0,3,0,0,0,0,4,0,0,0,0,289,78,2,0,0,0
461,0,537,17,0,0,0,0,21,0,121,0,0,0,1,0,255,0,0,0,3,0,50,0,54,33,0,0,3,0,0,0,0,0,0,0,96,0,0,0,0,0,2,0,0,0,0,0,0,0,0,0,11,0,3,0,0,0,0,0,8,0,71,0,0,0,0,0,0,0,0,0,0,0,0,0,0,0,0,0,0,0,0,0,14,0,0,0,0,0,0,0,0,0,0,0,47,0,0,0,0,0,0,0,0,0,0,0,0,0,0,0,0,0,0,0,0,0,0,0,0,0,9,0,0,0,0,0,0,0,0,0,0,0,0,0,20,0,61,0,28,0,53,0,33,0,0,0,0,1,28,0,0,0,27,0,22,0,0,0,0,0,0,0,0,0,11,0,0,0,4,0,74,0,0,0,228,0,28,0,0,0,79,0,37,0,0,0,0,0,0,0,0,0,0,0,0,0,0,0,6,0,0,0,0,0,0,0,0,0,102,294,62,21,34,0,0,0,2,1,0,0,0,0,0
38,654,0,394,0,0,0,281,0,0,0,402,0,0,0,14,0,128,0,0,0,8,69,24,0,85,0,0,0,59,0,5,0,0,0,4,0,46,0,0,0,0,0,0,0,0,0,0,0,0,0,2,0,29,0,22,0,12,0,4,0,6,0,95,0,0,0,0,0,0,0,0,0,0,0,4,0,0,0,0,0,0,0,0,0,0,0,0,0,0,0,0,0,0,0,0,0,0,0,0,0,2,0,0,0,0,0,0,0,0,0,0,0,0,0,0,0,0,0,0,0,0,0,0,0,0,0,0,0,0,0,0,0,0,0,0,0,0,0,35,0,58,0,32,0,35,0,0,0,0,0,0,0,0,0,22,0,27,0,20,0,6,0,0,0,0,0,10,0,0,0,3,0,27,0,0,21,73,0,30,0,0,0,3,0,0,0,0,0,0,0,0,0,0,0,0,0,0,0,0,0,0,0,0,0,0,0,0,0,0,0,0,0,0,0,0,0,0,19,179,24,0,0,0,0
0,0,52,0,173,0,16,0,17,0,78,0,242,174,11,0,0,0,7,35,6,11,0,0,0,0,24,437,0,0,0,0,0,0,0,0,0,0,0,0,0,200,119,17,58,117,126,670,175,59,70,0,0,0,0,0,0,0,0,0,0,0,0,0,0,0,0,0,0,0,0,0,0,0,0,0,0,0,0,0,0,0,0,0,0,0,0,0,3,0,0,0,0,0,0,0,0,0,0,0,0,0,0,0,0,0,0,0,0,0,0,0,0,0,0,0,0,0,0,0,0,0,0,0,0,0,0,0,0,0,0,0,0,0,0,0,0,0,0,0,0,0,0,0,0,0,0,0,27,0,39,0,0,0,0,0,0,0,0,0,0,0,0,0,27,0,0,0,0,0,0,0,0,0,24,0,154,101,57,0,70,0,48,0,0,0,280,18,0,0,0,0,0,0,0,0,0,0,0,0,0,0,0,0,0,0,0,0,0,0,0,215,76,0,0,3,0,27,0,49,0,0,0,0,0
0,29,0,0,0,55,0,0,0,0,1,151,51,253,0,0,0,0,0,0,0,0,0,0,0,0,165,11,0,0,0,0,0,0,0,0,0,0,0,0,200,0,22,34,74,43,171,102,11,128,0,0,0,0,0,0,0,0,0,0,0,0,0,0,0,0,0,0,0,0,0,0,0,0,0,0,0,0,0,0,0,0,0,0,0,0,0,0,0,0,0,0,0,0,0,0,0,0,0,0,0,0,0,0,0,0,0,0,0,0,0,0,0,0,0,0,0,0,0,0,0,1,0,0,0,0,0,0,0,0,0,0,0,0,0,0,0,0,0,0,0,0,0,0,0,0,0,0,0,0,0,0,0,0,0,0,0,0,0,0,0,0,0,0,0,10,0,0,0,4,0,0,0,0,0,0,4,226,0,16,0,10,0,4,0,0,51,18,0,0,0,0,0,0,0,0,0,0,0,0,0,0,0,0,0,2,0,0,0,0,0,6,0,0,0,0,0,0,4,84,28,0,0,0,26
0,0,2,0,0,0,0,0,6,0,0,0,134,57,0,0,0,0,40,27,4,0,2,0,0,0,378,125,9,0,19,0,11,0,14,0,33,0,2,0,119,22,0,0,160,12,117,76,27,0,63,0,0,0,0,0,0,1,4,0,0,0,0,0,0,0,0,0,0,0,60,0,2,0,38,0,0,0,0,0,21,0,0,0,31,0,0,0,0,0,70,0,0,0,0,0,0,0,114,0,20,0,3,0,0,0,0,0,0,0,0,0,0,0,0,0,0,0,0,0,18,0,0,0,0,0,0,0,0,0,0,0,0,0,0,0,0,0,8,0,0,0,0,0,0,0,0,0,0,0,0,0,0,0,0,0,0,0,0,0,0,0,0,0,34,0,52,0,22,0,0,0,0,0,0,0,4,7,13,0,0,0,0,0,0,0,112,7,0,0,0,0,0,0,0,0,0,0,0,0,0,0,0,0,0,0,0,0,0,0,0,96,125,0,0,0,0,27,0,6,0,0,0,0,0
0,0,0,0,0,2,0,0,0,0,0,0,0,99,0,0,0,0,0,40,11,48,0,0,0,0,0,365,0,5,0,0,0,1,0,18,0,62,0,0,17,34,0,0,0,157,0,54,0,31,0,121,0,7,0,0,0,5,0,0,0,0,0,0,0,0,0,0,0,0,0,2,0,0,0,6,0,0,0,0,0,0,0,0,0,0,0,0,0,0,0,0,0,0,0,0,0,0,0,0,0,0,0,1,0,2,0,0,0,0,0,0,0,0,0,0,0,0,0,0,0,0,0,25,0,0,0,0,0,0,0,0,0,0,0,0,0,0,0,0,0,93,0,98,0,0,0,0,0,0,0,0,0,0,0,7,0,0,0,0,0,0,0,0,0,34,0,11,0,17,0,0,0,10,0,0,0,5,0,0,0,0,0,0,0,0,4,79,0,0,0,0,0,0,0,0,0,0,0,0,0,0,0,0,0,0,0,0,0,0,0,0,0,0,0,0,0,0,54,192,128,0,0,0,0
0,0,0,0,0,0,9,0,12,0,0,5,33,36,0,0,0,0,25,0,17,0,37,0,0,0,377,70,14,0,0,0,6,0,0,0,28,0,0,0,58,74,160,0,0,43,282,247,118,47,110,5,0,0,0,0,3,0,6,0,0,0,0,0,0,0,0,0,0,0,105,0,0,0,82,0,8,0,0,0,0,0,25,0,286,0,29,0,0,0,0,0,33,0,51,0,439,0,0,0,61,0,18,0,11,0,98,0,0,0,0,0,0,0,0,0,0,0,0,0,35,0,0,0,0,0,0,0,0,0,0,0,0,0,0,0,0,0,0,0,0,0,302,0,0,0,0,0,0,0,0,0,0,0,2,0,0,0,0,0,1,0,0,0,195,0,19,0,138,0,13,0,20,0,0,0,7,35,4,0,0,0,0,0,0,0,109,0,0,0,0,0,0,0,8,0,0,0,0,0,41,0,0,0,0,0,0,0,0,0,28,183,272,9,6,0,0,82,0,16,0,0,0,0,1
0,16,0,0,0,7,0,0,0,6,0,0,0,25,0,0,0,0,7,11,0,23,0,0,0,1,45,451,0,0,0,0,0,0,0,3,0,3,0,0,117,43,12,157,43,0,66,275,18,156,0,129,0,0,0,2,0,3,0,0,0,0,0,0,0,0,0,2,0,4,0,0,0,0,0,6,0,8,0,0,0,15,0,16,0,0,0,8,0,8,0,0,0,3,0,25,0,0,0,0,0,0,0,9,0,0,0,1,0,2,0,0,0,0,0,0,0,2,0,0,0,0,0,0,0,0,0,0,0,0,0,0,0,0,0,0,0,0,0,0,0,0,0,0,0,0,0,0,0,0,0,0,0,0,0,0,0,0,0,0,0,0,0,3,1,129,0,9,0,156,0,7,0,22,0,0,0,21,0,0,0,0,0,0,0,0,21,31,0,16,0,0,0,1,0,16,0,0,0,0,0,3,0,0,0,0,0,0,0,0,0,7,0,0,0,0,0,0,14,309,354,6,0,0,47
0,0,85,0,156,0,12,0,33,0,58,0,230,89,44,0,0,0,69,0,18,0,37,0,0,0,168,224,0,0,0,0,0,0,0,0,0,0,0,0,126,171,117,0,282,66,0,462,125,96,37,0,0,0,0,0,0,0,0,0,0,0,0,0,0,0,0,0,1,0,0,0,0,0,0,0,3,0,0,0,0,0,0,0,0,0,0,0,0,0,0,0,3,0,0,0,0,0,0,0,0,0,12,0,0,0,0,0,0,0,0,0,0,0,0,0,0,0,0,0,0,0,0,0,0,0,0,0,0,0,0,0,0,0,0,0,0,0,0,0,0,0,0,0,0,0,34,0,0,0,0,0,0,0,0,0,0,0,0,0,0,0,1,0,31,0,0,0,0,0,0,0,0,0,0,0,29,89,37,0,0,0,42,0,42,0,92,5,0,0,0,0,0,0,1,0,2,0,0,0,0,0,0,0,0,0,0,0,29,0,0,479,142,0,0,0,0,112,0,54,0,0,0,0,0
0,129,0,0,0,182,0,0,0,0,0,194,145,166,0,0,0,0,52,46,0,0,0,0,0,0,414,230,0,0,0,0,0,0,0,0,0,0,0,0,670,102,76,54,247,275,462,0,65,130,39,63,0,0,0,0,0,0,0,0,0,0,0,0,0,0,0,0,0,0,0,0,0,0,0,0,0,0,0,0,0,0,0,0,0,0,0,0,0,0,0,0,0,0,0,0,0,0,0,0,0,2,0,2,0,0,0,2,0,0,0,0,0,0,0,0,0,0,0,0,0,0,0,0,0,0,0,0,0,0,0,0,0,0,0,0,0,5,0,0,0,0,0,0,0,0,0,0,0,0,0,0,0,0,0,0,0,0,0,0,0,0,0,0,0,54,0,0,0,5,0,0,0,2,0,0,11,226,0,0,0,2,0,0,0,0,172,20,0,0,0,0,0,0,0,0,0,0,0,0,0,0,0,0,0,4,0,0,0,0,0,37,17,0,0,0,0,3,0,720,154,0,0,0,63
0,0,0,0,3,0,13,0,6,0,8,0,19,0,0,0,0,0,0,0,4,0,0,0,3,0,9,0,0,0,0,0,0,0,1,0,3,0,0,0,175,11,27,0,118,18,125,65,0,59,0,0,1,0,7,0,8,0,2,0,6,0,0,0,1,0,0,0,12,0,0,0,0,0,0,0,7,0,9,0,1,0,17,0,0,0,0,0,14,0,0,0,26,0,16,0,7,0,2,0,15,0,67,1,10,0,15,0,0,0,0,0,0,0,0,0,0,0,0,0,0,0,0,0,0,0,0,0,0,0,5,0,0,0,0,0,0,0,0,0,3,0,2,0,0,0,0,0,1,0,0,0,0,0,2,0,2,0,0,0,0,0,7,1,13,0,2,0,32,0,2,0,6,0,0,0,84,28,11,0,0,0,0,0,2,0,266,0,43,0,3,0,7,0,15,0,0,0,6,0,13,0,5,0,39,0,0,0,0,0,54,76,166,8,22,6,1,8,0,20,18,6,0,0,1
0,9,0,0,0,3,0,0,0,2,0,49,0,31,0,0,0,0,1,0,0,0,0,0,0,0,0,42,0,0,0,0,0,0,0,2,0,5,0,0,59,128,0,31,47,156,96,130,59,0,0,19,0,0,0,0,0,0,0,1,0,0,0,0,0,0,0,0,0,2,0,0,0,0,0,0,0,0,0,0,0,0,0,3,0,0,0,0,0,2,0,0,0,2,0,5,0,0,0,0,0,1,0,1,0,0,0,0,0,1,0,0,0,0,0,0,0,1,0,0,0,1,0,0,0,0,0,0,0,0,0,0,0,0,0,0,0,0,0,0,0,0,0,0,0,0,0,0,0,2,0,0,0,0,0,0,0,0,0,0,0,0,0,1,0,80,0,0,0,21,0,5,0,1,0,0,1,101,0,5,1,0,0,2,0,1,43,36,0,0,0,2,0,0,0,0,0,0,0,0,0,0,0,0,0,0,0,0,0,0,0,20,0,0,1,0,0,0,10,27,38,0,0,0,19
3,0,0,0,117,0,0,0,0,0,9,0,407,131,27,0,0,0,226,70,29,24,0,0,0,0,360,230,3,0,10,0,4,0,41,10,67,0,0,0,70,0,63,0,110,0,37,39,0,0,0,0,1,0,1,0,0,0,3,1,0,0,0,0,0,0,0,0,0,0,69,0,0,0,35,0,0,0,0,1,36,0,0,0,61,0,0,0,0,0,101,0,9,0,0,0,133,0,161,0,32,0,9,0,0,0,59,0,0,0,0,0,0,0,0,0,0,0,0,0,22,0,12,0,0,0,0,0,0,0,0,0,0,0,0,0,0,0,0,0,13,0,50,0,21,0,0,0,0,0,0,0,0,0,0,0,0,0,1,0,0,0,0,0,63,0,43,0,38,0,0,0,17,0,0,0,41,18,34,0,0,0,0,0,0,0,52,10,0,0,0,0,0,0,0,0,0,0,0,0,0,0,0,0,0,0,0,0,0,0,20,66,121,4,5,0,0,0,0,3,0,0,0,0,0
0,0,0,2,0,0,0,0,0,0,0,0,65,402,0,13,0,0,77,180,25,67,0,11,0,0,88,529,0,21,0,8,0,15,0,74,0,110,0,2,0,0,0,121,5,129,0,63,0,19,0,0,0,0,0,18,0,0,0,8,0,0,0,25,0,0,0,11,0,0,0,9,0,0,0,15,0,0,0,7,0,0,0,0,0,91,0,0,0,0,0,3,0,0,0,0,0,0,0,0,0,0,0,3,0,0,0,0,0,0,0,0,0,0,0,0,0,0,0,0,0,65,0,42,0,0,0,0,0,0,0,0,0,0,0,0,0,0,0,46,0,204,0,191,0,125,0,0,0,0,0,5,0,0,0,0,0,0,0,0,0,0,0,0,0,70,0,16,0,39,0,19,0,46,0,0,2,13,0,0,0,0,0,0,0,0,3,150,0,4,0,0,0,0,0,4,0,0,0,0,0,0,0,0,0,0,0,0,0,0,0,0,0,0,6,0,0,0,95,155,126,11,0,0,0
6,0,4,0,9,0,74,12,111,134,0,0,0,0,0,0,102,5,0,0,26,0,4,0,29,13,0,0,11,0,5,0,0,0,0,0,2,0,11,0,0,0,0,0,0,0,0,0,1,0,1,0,0,19,236,162,126,58,11,41,75,0,108,9,0,5,0,126,0,0,0,0,3,0,0,0,0,0,0,0,0,0,0,0,0,0,0,0,0,0,10,0,0,0,0,0,0,0,0,0,0,0,0,0,0,0,9,0,0,0,0,0,0,0,0,0,0,0,0,0,0,0,0,0,0,0,0,0,141,0,12,0,0,0,36,0,146,0,279,0,60,0,196,0,20,1,0,0,0,0,0,0,0,0,296,4,134,0,192,0,15,0,0,0,0,0,2,0,0,0,17,0,6,0,0,0,16,0,1,0,1,0,5,0,70,0,0,0,0,0,0,0,0,0,0,0,0,0,0,0,27,0,0,0,0,0,0,0,0,0,136,175,53,82,96,0,7,0,0,0,0,0,0,0,0
0,0,0,0,0,0,26,52,70,135,0,0,0,3,0,11,0,27,0,0,0,88,0,0,0,11,0,0,0,37,0,41,0,10,0,18,0,13,0,29,0,0,0,7,0,0,0,0,0,0,0,0,19,0,80,134,2,73,14,38,0,55,10,80,0,0,21,37,0,0,0,0,0,0,0,0,0,0,0,0,0,0,0,0,0,2,0,0,0,0,0,3,0,0,0,0,0,11,0,0,0,0,0,0,0,0,0,0,0,0,0,0,0,0,0,0,0,0,0,0,0,0,0,0,0,8,0,0,0,40,0,0,0,33,0,75,0,74,0,201,0,95,0,36,0,67,0,0,0,0,0,0,0,0,0,223,0,82,0,185,0,38,0,0,0,0,0,0,0,0,0,18,0,4,0,0,4,15,0,0,0,0,0,0,1,10,0,0,0,0,0,0,0,0,0,0,0,0,0,0,0,0,0,0,0,0,0,4,0,17,0,1,0,0,76,0,0,0,137,311,42,69,0,3,0
0,7,42,0,0,0,407,0,62,441,0,0,0,0,153,0,27,6,0,0,76,0,212,0,166,58,0,0,7,0,0,0,0,0,0,0,4,0,3,0,0,0,0,0,0,0,0,0,7,0,1,0,236,80,0,377,211,57,23,0,18,0,28,60,0,0,7,203,0,0,0,0,0,0,0,0,0,0,0,0,0,0,0,0,0,0,0,0,0,0,0,0,0,0,0,0,0,0,0,0,0,0,1,0,0,0,0,0,0,0,0,0,0,0,0,0,0,0,0,0,0,0,0,0,21,0,14,0,65,0,35,0,41,0,62,0,103,0,15,0,3,0,43,0,0,0,0,0,3,0,0,0,0,0,75,4,14,0,26,0,87,0,0,0,0,0,2,0,12,0,65,0,14,0,0,0,13,25,0,0,0,0,3,0,6,6,0,0,0,0,0,0,0,0,1,0,0,0,0,0,10,0,0,0,0,0,0,0,13,0,333,123,151,179,220,0,17,0,0,0,0,0,0,0,0
0,4,0,19,0,11,161,90,494,56,0,5,0,2,0,76,11,71,0,54,0,71,0,113,79,166,0,16,0,49,0,11,0,0,0,0,0,6,0,22,0,0,0,0,0,2,0,0,0,0,0,18,162,134,377,0,20,256,27,154,4,63,81,168,0,0,87,108,0,0,0,0,0,0,0,0,0,0,0,0,0,0,0,0,0,2,0,0,0,0,0,0,0,0,0,0,0,0,0,0,0,0,0,0,0,0,0,0,0,0,0,0,0,0,0,0,0,0,0,0,0,0,0,0,0,38,0,33,0,46,0,75,0,29,0,88,0,75,0,25,0,17,0,23,0,3,0,0,0,10,0,27,0,0,3,75,5,27,0,36,0,155,0,0,0,0,0,0,0,13,0,174,0,29,0,0,28,28,0,0,0,0,0,0,8,4,0,0,0,0,0,0,0,2,0,0,0,0,0,0,0,0,0,0,0,0,0,0,0,73,7,2,4,0,399,0,0,0,548,118,329,399,0,0,0
0,0,11,0,0,0,82,0,44,0,0,0,0,0,0,0,12,0,0,0,0,0,39,0,52,0,0,0,0,0,0,0,0,0,0,0,0,0,0,0,0,0,0,0,3,0,0,0,8,0,0,0,126,2,211,20,0,35,132,49,3,0,13,0,34,0,26,108,0,0,0,0,0,0,0,0,0,0,0,0,0,0,0,0,0,0,0,0,0,0,0,0,0,0,0,0,0,0,0,0,1,0,0,0,0,0,0,0,0,0,0,0,0,0,0,0,0,0,0,0,0,0,0,0,7,0,0,0,44,0,63,0,28,0,0,0,18,0,8,0,0,0,0,0,2,0,0,0,4,0,0,0,0,0,165,55,24,0,58,42,239,0,96,0,0,0,9,0,16,0,116,0,40,0,12,2,0,0,0,0,37,3,0,0,0,6,0,0,0,0,0,0,0,0,0,0,0,0,0,0,0,0,0,0,0,0,0,0,2,0,798,200,352,383,654,0,32,2,0,2,0,0,0,0,0
0,5,0,1,0,17,0,35,46,30,0,4,0,0,0,25,0,52,0,12,0,24,0,9,0,30,0,8,0,11,0,0,1,4,0,0,0,2,0,12,0,0,1,5,0,3,0,0,0,0,0,0,58,73,57,256,35,0,99,70,0,5,0,18,0,1,121,43,0,0,0,0,0,0,0,0,0,0,0,0,0,0,0,0,0,0,0,0,0,0,0,0,0,0,0,0,0,0,0,0,0,0,0,0,0,0,0,0,0,0,0,0,0,0,0,0,0,0,0,0,0,0,0,0,0,12,0,0,0,24,0,28,0,18,0,13,0,24,3,13,0,6,0,0,0,8,0,0,0,2,0,2,0,0,26,215,11,36,0,144,0,145,0,55,0,1,0,0,0,31,0,197,0,0,2,4,0,3,0,0,6,0,0,0,8,7,0,0,0,1,0,0,0,0,0,0,0,0,0,0,0,0,0,0,0,0,0,0,0,21,4,0,2,0,613,0,0,0,637,178,383,300,0,4,0
0,0,0,0,3,0,14,0,24,0,0,0,0,0,0,0,0,0,0,0,0,0,0,0,0,0,0,0,0,0,0,0,0,0,0,0,3,0,0,0,0,0,4,0,6,0,0,0,2,0,3,0,11,14,23,27,132,99,0,131,8,0,1,0,224,14,80,219,0,0,0,0,0,0,0,0,0,0,0,0,0,0,0,0,0,0,0,0,0,0,0,0,0,0,0,0,0,0,0,0,0,0,0,0,0,0,0,0,0,0,0,0,0,0,0,0,0,0,0,0,0,0,0,0,6,0,0,0,2,0,45,0,0,0,0,0,0,0,1,0,0,0,0,0,0,0,0,0,7,0,0,0,0,0,27,74,28,4,6,34,27,16,17,0,0,0,11,0,7,0,33,0,29,0,18,0,10,0,0,0,39,0,0,0,101,11,0,0,0,0,0,0,0,0,0,0,0,0,0,0,0,0,0,0,0,0,0,0,0,0,730,240,137,241,521,2,23,0,0,0,0,0,0,0,0
0,3,0,12,0,0,0,132,0,66,0,0,0,0,0,13,0,2,0,0,0,0,0,0,0,7,0,8,0,0,0,0,0,0,0,0,0,0,0,4,0,0,0,0,0,0,0,0,0,1,1,8,41,38,0,154,49,70,131,0,0,25,0,0,0,97,127,227,0,0,0,0,0,0,0,0,0,0,0,0,0,0,0,0,0,0,0,0,0,0,0,0,0,0,0,0,0,0,0,0,0,0,0,0,0,0,0,0,0,0,0,0,0,0,0,0,0,0,0,0,0,0,0,0,0,7,0,0,0,0,0,30,0,0,0,0,0,0,0,0,0,0,0,0,0,17,0,0,0,5,0,1,0,0,36,113,15,113,0,55,0,44,0,20,0,0,0,0,0,29,0,118,1,0,4,6,0,0,0,0,15,2,0,0,0,45,0,0,0,0,0,0,0,0,0,0,0,0,0,0,0,0,0,0,0,0,0,0,0,0,6,0,0,0,688,0,0,0,1151,252,322,245,5,7,0
93,0,54,0,0,0,155,0,156,0,2,0,0,0,0,0,15,0,0,0,0,0,0,0,21,15,9,0,5,0,4,0,6,0,0,0,17,0,8,0,0,0,0,0,0,0,0,0,6,0,0,0,75,0,18,4,3,0,8,0,0,0,39,0,0,0,4,0,0,0,5,0,0,0,0,0,0,0,0,0,0,0,0,0,0,0,0,0,0,0,0,0,0,0,0,0,0,0,0,0,0,0,0,0,0,0,0,0,0,0,0,0,0,0,0,0,0,0,0,0,0,0,0,0,0,0,0,0,0,0,0,0,0,0,0,0,22,0,163,0,103,0,45,0,221,0,0,0,0,0,0,0,0,1,61,0,73,0,20,0,0,0,8,0,0,0,1,0,3,0,103,0,54,0,0,0,45,4,1,0,0,0,11,0,24,0,0,0,0,0,0,0,0,0,0,0,0,0,0,0,0,0,0,0,0,0,0,0,0,0,157,149,89,114,65,0,4,0,0,0,0,0,0,0,0
0,501,0,0,0,0,0,464,0,272,0,0,0,0,0,0,0,24,0,0,0,8,0,2,34,72,0,0,0,1,0,0,0,4,0,0,0,15,0,6,0,0,0,0,0,0,0,0,0,0,0,0,0,55,0,63,0,5,0,25,0,0,0,38,0,0,0,30,0,0,0,0,0,0,0,0,0,0,0,0,0,0,0,0,0,0,0,0,0,0,0,0,0,0,0,0,0,0,0,0,0,0,0,0,0,0,0,0,0,0,0,0,0,0,0,0,0,0,0,0,0,0,0,2,0,0,0,0,0,0,0,0,0,0,0,0,0,6,0,46,0,46,0,0,0,155,0,0,0,0,0,0,0,0,0,38,0,140,0,22,0,0,0,2,0,0,0,11,0,2,0,70,1,36,0,0,8,66,0,0,0,0,0,16,0,0,0,0,0,0,0,0,0,0,0,0,0,0,0,0,0,0,0,0,0,0,0,0,0,0,0,0,0,0,43,0,0,0,96,422,57,50,0,3,0
72,23,88,3,0,0,291,51,269,113,0,0,0,0,6,0,423,15,0,0,175,0,2,0,141,114,0,0,103,0,97,0,3,0,0,0,20,0,71,0,0,0,0,0,0,0,0,0,0,0,0,0,108,10,28,81,13,0,1,0,39,0,0,49,0,0,0,0,0,0,0,0,0,0,0,0,0,0,0,0,0,0,0,0,0,0,0,0,0,0,16,0,0,0,0,0,53,0,0,0,0,0,0,0,0,0,0,0,0,0,0,0,0,0,0,0,0,0,0,0,0,0,0,0,0,0,0,0,41,0,0,0,0,0,11,0,109,0,144,0,26,0,192,1,0,0,0,0,0,0,0,0,0,0,66,0,25,0,57,0,4,0,0,0,0,0,0,0,0,0,7,0,9,0,0,0,96,0,2,0,0,0,23,0,35,0,0,0,0,0,0,0,0,0,0,0,0,0,0,0,35,0,0,0,0,0,0,0,0,0,81,228,9,15,20,0,0,0,0,0,0,0,0,0,0
8,164,0,3,0,3,56,436,92,118,0,0,0,0,0,0,18,413,0,0,0,323,0,46,119,144,0,0,0,198,0,79,0,49,0,52,0,58,0,95,0,0,0,0,0,0,0,0,0,0,0,25,9,80,60,168,0,18,0,0,0,38,49,0,0,0,0,4,0,0,0,0,0,0,0,0,0,0,0,0,0,0,0,0,0,0,0,1,0,0,0,0,0,0,0,0,2,0,0,0,0,0,0,0,0,0,0,0,0,0,0,0,0,0,0,0,0,0,0,0,0,0,0,0,0,0,0,3,0,0,0,4,0,0,0,54,0,34,0,73,0,55,0,27,0,34,0,0,0,0,0,0,0,0,0,54,0,31,0,37,0,0,0,0,0,0,0,2,0,0,0,12,0,6,0,0,8,31,0,0,0,0,0,14,0,0,0,0,0,0,0,0,0,0,0,0,0,0,0,0,0,0,0,0,0,0,0,0,0,15,0,0,0,0,20,0,0,0,109,624,19,0,0,1,0
25,0,21,0,35,0,45,0,293,0,11,0,24,0,9,0,0,0,0,0,0,0,5,0,0,0,0,0,0,0,0,0,0,0,0,0,0,0,0,0,0,0,0,0,0,0,0,0,1,0,0,0,0,0,0,0,34,0,224,0,0,0,0,0,0,56,262,18,0,0,0,0,0,0,0,0,0,0,0,0,0,0,0,0,0,0,0,0,0,0,0,0,0,0,0,0,0,6,0,0,0,0,0,0,0,0,0,0,0,0,0,0,0,0,0,0,0,0,0,0,0,0,0,0,24,0,0,0,0,0,20,0,0,0,0,0,0,0,23,22,0,0,0,0,11,41,12,0,65,0,3,0,4,0,31,53,0,0,23,162,121,187,8,0,0,0,0,0,0,0,0,0,0,0,29,11,0,1,0,0,313,49,10,0,71,5,0,0,0,0,0,0,0,0,0,0,0,0,0,0,0,0,0,0,0,0,0,0,0,0,138,17,0,0,74,0,1,0,0,0,0,0,0,0,0
0,53,0,0,0,58,0,10,0,164,0,15,0,0,0,22,0,0,0,0,0,0,0,0,0,0,0,0,0,0,0,0,0,0,0,0,0,0,0,0,0,0,0,0,0,0,0,0,0,0,0,0,5,0,0,0,0,1,14,97,0,0,0,0,56,0,14,355,0,0,0,18,0,3,0,0,0,0,0,0,0,0,0,0,0,0,0,0,0,0,0,0,0,0,0,0,0,0,0,11,0,6,0,0,0,0,0,0,0,0,0,0,0,0,0,0,0,0,0,0,0,12,0,3,0,19,0,2,0,0,0,116,0,0,0,0,0,0,0,23,0,0,0,0,17,110,0,25,0,234,0,3,0,6,0,4,6,0,45,33,87,197,0,20,0,0,0,0,0,0,0,0,0,0,4,48,1,0,0,0,62,170,0,0,0,94,0,0,0,0,0,0,0,0,0,0,0,0,0,0,0,0,0,0,0,0,0,0,0,0,2,0,0,0,65,0,0,0,141,7,0,0,0,0,0
14,0,1,0,1,0,57,0,146,42,2,0,0,0,0,0,0,0,0,0,0,0,0,0,0,0,0,0,0,0,0,0,0,0,0,0,0,1,0,0,0,0,0,0,0,0,0,0,0,0,0,0,0,21,7,87,26,121,80,127,4,0,0,0,262,14,0,235,0,0,0,0,0,0,0,0,0,0,0,0,0,0,0,0,0,0,0,0,0,0,0,0,0,0,0,0,0,0,0,0,0,0,0,0,0,0,0,0,0,0,0,0,0,0,0,0,0,0,0,0,0,0,0,0,2,0,0,0,0,0,42,0,0,0,0,0,0,0,0,0,0,0,0,0,0,0,0,0,46,0,0,0,0,0,42,49,5,0,9,0,50,0,3,0,0,0,0,0,3,0,8,0,9,0,50,0,72,0,0,0,81,0,0,0,391,21,0,0,0,0,0,0,0,0,0,0,0,0,0,0,0,0,0,0,0,0,0,0,0,0,173,50,30,0,110,0,1,0,0,0,0,0,0,0,0
0,9,1,0,0,0,0,50,150,163,0,0,0,0,0,0,0,0,0,0,0,0,0,3,0,0,0,0,0,0,0,0,0,0,0,0,0,0,0,0,0,0,0,0,0,2,0,0,0,0,0,11,126,37,203,108,108,43,219,227,0,30,0,4,18,355,235,0,0,0,0,0,0,0,0,2,0,0,0,0,0,1,0,0,0,0,0,0,0,0,0,0,0,0,0,0,0,0,0,0,0,0,0,0,0,0,0,0,0,0,0,0,0,0,0,0,0,0,0,0,0,2,0,0,0,16,0,0,0,0,0,113,0,0,0,0,0,0,7,0,0,0,0,1,0,19,0,3,0,58,0,2,0,1,47,60,15,83,0,40,21,84,0,15,0,0,0,0,0,9,0,49,1,12,5,40,11,26,0,0,18,18,1,0,26,194,0,0,0,0,0,0,0,0,0,0,0,1,0,1,0,0,0,0,0,0,0,0,0,0,5,0,0,0,217,0,0,0,538,136,89,0,0,0,0
0,0,0,0,0,0,0,0,0,0,0,0,0,0,0,0,0,0,0,0,0,0,0,0,0,0,0,0,0,0,0,0,0,0,0,0,0,0,0,0,0,0,0,0,0,0,1,0,12,0,0,0,0,0,0,0,0,0,0,0,0,0,0,0,0,0,0,0,0,0,0,0,0,0,0,0,161,0,30,0,0,0,59,0,0,0,21,0,27,0,0,0,53,0,20,0,0,0,0,0,10,0,241,0,0,0,40,0,111,0,10,0,27,0,5,0,9,0,1,0,0,0,0,0,0,0,0,0,0,0,0,0,0,0,3,0,0,0,0,0,0,0,0,0,0,1,0,0,0,0,0,0,0,0,0,0,1,0,0,0,0,0,0,0,7,0,0,0,49,0,0,0,0,0,0,1,0,0,0,0,0,0,0,0,0,0,0,0,0,0,0,0,3,0,20,0,0,0,0,0,0,0,0,0,0,0,0,0,0,0,52,0,20,4,5,21,36,0,0,0,1,1,0,0,0
0,0,0,1,0,0,0,0,0,0,0,0,0,0,0,0,0,0,0,0,0,0,0,0,0,0,0,0,0,0,0,0,0,0,0,0,0,0,0,0,0,0,0,0,0,4,0,0,0,2,0,0,0,0,0,0,0,0,0,0,0,0,0,0,0,0,0,0,0,0,0,0,0,0,0,0,0,38,0,0,0,0,0,66,0,0,0,3,0,38,0,0,0,49,0,35,0,0,0,0,0,0,0,123,0,0,0,5,0,32,0,10,0,0,0,0,0,1,0,0,0,0,0,0,0,2,0,0,0,0,0,0,0,0,0,2,0,0,0,0,0,0,0,2,0,0,0,0,0,0,0,0,0,0,0,0,0,0,0,0,0,0,0,0,0,13,0,0,0,63,0,2,0,0,0,1,0,0,0,0,0,0,0,0,0,0,0,0,0,4,0,1,0,0,0,0,0,0,0,1,0,0,0,0,0,0,0,0,0,0,0,0,0,0,0,0,0,0,42,0,36,1,6,24,0
0,0,0,0,0,0,0,0,0,0,0,0,0,0,0,0,0,0,0,0,44,0,0,0,0,0,73,0,0,0,21,0,0,0,10,0,104,0,0,0,0,0,60,0,105,0,0,0,0,0,69,0,0,0,0,0,0,0,0,0,5,0,0,0,0,0,0,0,0,0,0,0,257,0,170,0,17,0,209,0,21,5,0,0,5,5,41,0,0,0,0,0,0,0,0,0,0,0,28,0,0,0,0,0,0,0,0,5,0,0,0,0,0,0,0,0,0,0,0,0,22,0,11,0,16,33,0,0,40,42,16,0,13,30,0,6,23,0,25,36,34,14,26,0,160,0,22,7,64,29,42,0,84,13,0,0,33,0,1,6,2,1,122,0,0,0,74,0,39,0,46,0,109,0,25,0,1,0,0,0,74,20,0,0,43,0,0,0,0,1,0,0,0,0,0,0,0,0,4,0,0,0,0,0,0,0,0,0,20,0,11,0,0,0,0,0,0,0,0,0,16,0,0,0,0
0,0,0,0,0,0,0,0,0,0,0,0,0,0,0,0,0,0,0,0,0,0,0,0,0,0,0,0,0,0,0,4,0,2,0,0,0,0,0,0,0,0,0,2,0,0,0,0,0,0,0,9,0,0,0,0,0,0,0,0,0,0,0,0,0,18,0,0,0,0,0,0,0,78,0,348,0,4,0,5,0,0,0,0,0,3,0,24,0,0,0,0,0,0,0,0,0,0,0,0,0,0,0,0,0,0,0,0,0,0,0,0,0,0,0,0,0,0,0,0,0,7,0,14,13,39,0,33,14,7,0,23,0,0,0,0,0,7,4,0,0,15,0,18,0,86,0,33,0,78,0,25,0,49,0,0,0,6,0,5,3,6,0,75,0,2,0,6,0,13,0,16,0,13,0,41,0,0,0,0,0,19,0,0,0,14,0,0,0,0,0,0,0,0,0,0,0,3,0,13,0,0,0,0,0,0,0,0,0,0,0,0,0,0,8,0,0,0,80,0,18,4,0,0,0
0,0,0,0,0,0,0,0,0,0,0,0,0,0,0,0,0,0,0,0,0,0,0,0,0,0,0,0,0,0,0,0,0,0,0,0,0,0,0,0,0,0,2,0,0,0,0,0,0,0,0,0,3,0,0,0,0,0,0,0,0,0,0,0,0,0,0,0,0,0,257,0,0,0,207,0,50,0,352,0,4,0,18,0,0,0,35,0,0,0,0,0,4,0,0,0,13,0,7,0,0,0,0,0,0,0,0,0,0,0,0,0,0,0,0,0,0,0,0,0,55,0,29,0,6,0,1,0,3,0,0,0,0,0,24,0,14,3,15,0,81,0,70,0,41,0,15,0,0,1,47,0,0,0,0,0,2,0,0,0,0,0,124,0,0,0,0,0,13,0,8,0,12,0,0,0,0,0,0,0,17,5,0,0,2,0,0,0,0,0,0,0,0,0,0,0,0,0,0,0,77,0,32,0,55,0,0,0,17,0,305,1,41,0,10,6,0,0,0,0,0,0,0,0,0
0,1,0,0,0,0,0,1,0,0,0,0,0,0,0,0,0,0,0,0,0,0,0,0,0,0,0,0,0,0,0,0,0,0,0,1,0,0,0,0,0,0,0,0,0,0,0,0,0,0,0,0,0,0,0,0,0,0,0,0,0,0,0,0,0,3,0,0,0,0,0,78,0,0,0,377,0,43,0,43,0,11,0,13,0,27,0,110,0,0,0,0,0,0,0,0,0,1,0,2,0,0,0,0,0,0,0,0,0,0,0,0,0,0,0,0,0,0,0,0,0,58,0,48,0,0,0,32,0,0,0,8,0,6,0,42,0,0,0,3,0,26,0,45,1,38,0,10,0,17,1,0,0,0,0,0,0,0,0,0,0,0,0,81,0,0,0,0,0,14,0,7,0,0,0,8,0,0,0,0,3,0,0,0,0,0,0,0,0,0,0,0,0,0,0,0,0,0,0,75,0,58,0,0,0,0,0,0,0,53,0,0,0,0,8,0,0,0,126,4,37,9,0,0,0
0,0,0,0,0,0,0,0,0,0,0,0,0,0,0,0,0,0,0,0,52,0,0,0,0,0,0,0,2,0,0,0,0,0,0,0,79,0,0,0,0,0,38,0,82,0,0,0,0,0,35,0,0,0,0,0,0,0,0,0,0,0,0,0,0,0,0,0,0,0,170,0,207,0,0,0,5,0,209,0,20,0,0,0,41,0,52,0,0,0,3,0,0,0,5,0,0,0,42,8,0,0,0,0,0,0,0,0,0,0,0,0,0,0,0,0,0,0,1,0,84,9,65,0,24,76,0,26,43,37,15,34,33,68,22,8,67,0,22,60,88,38,80,32,86,0,19,0,48,0,70,0,76,29,3,0,13,0,2,8,0,0,68,0,0,0,47,0,29,4,22,0,50,0,45,0,0,0,0,0,102,32,0,0,0,0,0,0,0,0,0,0,0,0,0,0,1,0,22,0,51,0,0,0,9,0,0,0,26,2,121,0,0,0,0,3,0,0,0,0,0,0,0,0,0
0,0,0,0,0,0,0,0,0,0,0,0,0,0,0,0,0,8,0,0,0,0,0,0,0,0,0,0,0,0,0,0,0,0,0,0,0,0,0,4,0,0,0,6,0,6,0,0,0,0,0,15,0,0,0,0,0,0,0,0,0,0,0,0,0,0,0,2,0,0,0,348,0,377,0,0,0,5,0,129,0,19,0,6,0,27,0,132,0,0,0,0,0,0,0,0,0,0,0,0,0,0,0,0,0,0,0,0,0,0,0,0,0,0,0,0,0,0,0,0,0,162,0,152,0,60,0,0,37,0,23,0,0,0,0,70,0,0,9,7,16,39,3,107,0,251,0,70,0,70,0,27,0,129,0,0,0,13,0,0,0,7,0,90,0,0,0,16,1,36,0,0,0,0,0,88,0,0,0,0,0,0,0,0,0,24,0,0,0,0,0,0,1,0,0,0,0,0,0,0,0,28,0,0,0,0,1,0,0,78,0,0,0,0,13,0,0,0,164,0,43,7,0,0,0
0,0,0,0,0,0,0,0,0,0,0,0,0,0,0,0,0,0,0,0,0,0,0,0,0,0,0,0,0,0,0,0,0,0,0,0,0,0,0,0,0,0,0,0,8,0,3,0,7,0,0,0,0,0,0,0,0,0,0,0,0,0,0,0,0,0,0,0,161,0,17,0,50,0,5,0,0,0,71,0,9,0,157,0,0,0,55,0,20,0,0,0,56,0,35,0,68,0,0,0,0,0,136,0,0,0,66,0,36,0,0,0,3,0,1,0,9,0,0,0,11,0,11,0,0,0,0,0,4,0,0,0,0,0,0,0,0,0,0,0,0,0,19,0,0,0,0,0,0,0,0,0,2,0,0,0,1,0,0,0,0,0,0,0,6,0,0,0,25,0,0,0,0,0,0,0,0,0,0,0,0,0,0,0,0,0,0,0,0,0,13,0,0,0,20,0,0,0,0,0,88,0,0,0,76,0,0,0,0,0,62,0,30,0,0,13,3,1,0,0,0,0,0,0,0
0,0,0,0,0,0,0,0,0,2,0,0,0,0,0,0,0,0,0,0,0,0,0,0,0,0,0,0,0,0,0,0,0,0,0,0,0,0,0,0,0,0,0,0,0,8,0,0,0,0,0,0,0,0,0,0,0,0,0,0,0,0,0,0,0,0,0,0,0,38,0,4,0,43,0,5,0,0,0,5,0,107,0,270,0,29,0,227,0,33,0,0,0,71,0,146,0,43,0,22,0,13,0,79,0,0,0,0,0,25,0,1,0,0,0,0,0,24,0,0,0,48,0,6,0,0,0,0,0,0,0,1,0,0,0,29,0,0,0,0,0,0,0,27,0,4,0,0,0,7,0,0,0,0,0,0,0,0,0,0,0,0,0,13,0,7,0,0,0,78,0,3,0,0,0,0,0,0,0,0,0,0,0,0,0,3,0,0,0,42,0,0,0,0,0,43,0,0,0,0,0,62,0,0,0,50,0,0,0,0,0,0,0,0,0,0,0,0,75,0,97,1,13,0,0
0,0,0,0,0,0,0,0,0,0,0,0,0,0,0,0,0,0,0,0,0,0,0,0,0,0,0,0,0,0,0,0,0,0,0,0,0,0,0,0,0,0,0,0,0,0,0,0,9,0,0,0,0,0,0,0,0,0,0,0,0,0,0,0,0,0,0,0,30,0,209,0,352,0,209,0,71,0,0,0,24,0,111,0,65,0,151,0,17,0,0,0,37,0,60,0,108,0,38,0,0,0,85,0,0,0,55,0,0,0,0,0,0,0,3,0,2,0,0,0,98,0,74,0,0,0,0,0,0,3,0,0,0,0,0,0,0,0,0,0,109,1,95,0,35,0,0,0,0,0,0,0,3,0,0,0,0,0,0,0,0,0,14,0,2,0,0,0,45,0,0,0,5,0,0,0,0,0,0,0,10,0,0,0,6,0,0,0,45,1,0,0,0,0,22,0,0,0,56,0,238,0,0,0,152,0,0,0,0,0,323,2,61,0,18,14,0,0,0,0,0,0,0,0,0
