0,130,118,64,153,0,45,65,112,26,402,0,83,0,26,18,90,0,31,0,22,0,79,24,45,106,59,0,177,0,0,0,99,0,0,0,76,0,423,0,24,0,0,0,0,0,9,0,16,0,0,0,5,0,0,0,7,0,0,0,67,0,57,14,0,0,0,0,0,0,0,0,0,0,0,0,0,0,0,0,0,0,0,0,17,0,0,0,0,0,0,0,0,0,0,1,0,0,0,0,0,0,0,0,0,0,0,0,0,0,0,0,0,0,0,0,0,0,0,0,0,0,0,0,0,0,0,0,0,0,8,0,0,0,1,0,0,0,0,0,0,0,0,0,0,0,0,0,14,0,0,0,0,0,3,0,0,0,0,0,0,0,0,0,12,0,0,0,31,0,46,0,319,0,0,0,501,118,20,0,0,0,63,18,5,0,8,0,0,0,0,0,0,0,0,0,0,0,0,0,1,0,0,0,0,0,0,0,0,0,669,115,148,223,380,0,0,3,0,0,0,0,0,0,0
130,0,172,126,0,180,27,85,8,64,33,407,0,90,0,61,74,84,0,137,0,0,173,74,112,52,0,181,3,92,0,20,0,120,0,0,0,94,0,343,0,44,0,0,0,28,0,70,0,15,0,0,0,0,0,15,0,0,0,0,0,136,0,147,0,43,0,6,0,0,0,0,0,0,0,0,0,0,0,0,0,0,0,0,0,8,0,0,0,0,0,0,0,0,0,0,0,3,0,0,0,0,0,0,0,0,0,0,0,0,0,0,0,0,0,0,0,0,0,0,0,0,0,0,0,8,0,0,0,0,0,0,0,0,0,27,0,25,0,0,0,0,0,0,1,0,0,13,6,44,0,31,0,78,0,0,0,0,0,0,0,0,0,0,0,0,0,0,0,19,0,65,0,213,0,0,135,533,0,42,0,43,27,52,1,111,0,0,0,0,0,0,0,0,0,0,0,0,0,0,0,3,0,0,0,0,0,8,0,33,0,0,0,0,636,0,0,0,1003,192,321,237,0,6,5
118,172,0,89,171,33,69,0,37,16,106,0,68,0,175,46,75,20,40,0,85,0,364,38,47,52,86,0,295,0,53,0,166,0,0,0,40,0,262,0,0,0,0,0,12,1,18,0,23,0,0,0,0,0,19,2,3,0,2,0,0,0,87,16,18,0,3,0,0,0,0,0,0,0,0,0,0,0,0,0,0,0,0,0,33,0,0,0,0,0,15,0,0,0,0,0,0,0,0,0,0,0,0,0,0,0,0,0,0,0,0,0,0,0,0,0,0,0,0,0,0,0,0,0,36,0,9,0,3,0,64,0,19,0,64,0,129,0,0,0,0,0,72,0,0,0,27,0,94,0,0,0,21,0,0,0,0,0,0,0,18,0,0,0,0,0,108,0,31,0,35,0,300,0,2,0,250,91,28,2,6,0,25,17,37,0,3,0,0,0,0,0,0,0,0,0,0,0,0,0,44,0,0,0,0,0,0,0,13,0,609,77,154,236,446,0,0,0,3,0,0,1,0,0,0
64,126,89,0,0,202,0,308,0,53,32,68,0,29,0,343,56,17,0,194,16,178,129,181,18,93,0,97,0,122,0,50,0,188,0,0,0,43,0,290,0,11,0,0,0,28,0,23,0,11,0,0,0,0,0,114,0,0,0,5,0,38,0,31,0,21,0,0,0,0,0,0,0,0,0,0,0,0,0,0,0,0,0,0,0,0,0,0,0,0,0,0,0,0,0,0,0,31,0,0,0,0,0,0,0,0,0,0,0,0,0,0,0,0,0,0,0,0,0,0,0,0,0,0,0,0,0,30,0,0,0,0,0,0,0,198,0,367,0,39,0,7,0,46,0,0,0,0,0,21,0,0,1,15,0,0,0,0,0,0,0,17,0,0,0,11,0,50,0,26,0,32,0,180,0,5,32,209,10,0,0,24,7,0,0,11,0,0,0,0,0,0,0,0,0,0,0,0,0,0,0,0,0,0,0,0,0,28,0,69,0,0,0,0,260,0,0,0,269,61,240,124,1,0,6
153,0,171,0,0,215,38,0,42,0,403,51,304,188,277,75,26,0,163,231,287,55,143,10,0,0,258,70,63,0,144,0,329,0,170,0,269,0,42,0,66,0,14,0,0,0,20,0,0,0,95,0,0,0,7,0,0,0,0,0,0,0,0,0,3,0,1,0,0,0,0,0,0,0,0,0,0,0,0,0,0,0,0,0,0,0,0,0,0,0,9,0,0,0,0,0,0,0,0,0,0,0,0,0,0,0,0,0,0,0,0,0,0,0,0,0,0,0,1,1,0,0,0,0,18,0,0,0,0,0,15,0,5,0,0,0,40,0,0,0,0,0,47,0,0,0,0,0,40,0,0,0,0,0,0,0,0,0,0,0,3,0,0,0,40,0,302,0,94,0,0,0,267,0,0,0,297,140,260,4,0,0,31,0,50,0,0,0,0,0,0,0,0,0,0,0,0,0,0,0,16,0,0,0,0,0,0,0,0,0,1186,428,292,249,420,1,1,0,11,0,0,0,0,0,0
0,180,33,202,215,0,0,64,0,36,62,418,189,241,241,159,22,0,115,322,182,139,99,78,0,21,0,295,0,20,14,137,9,288,9,74,3,201,0,36,0,46,0,0,0,39,0,123,0,5,0,28,0,0,0,0,0,0,0,0,0,0,0,0,0,18,0,0,0,0,0,0,0,0,0,0,0,0,0,0,0,0,0,0,0,0,0,0,0,0,0,0,0,1,0,0,0,0,0,0,0,0,0,0,0,0,0,0,0,0,0,0,0,0,0,0,0,0,0,9,0,0,0,0,0,0,0,0,0,0,0,0,0,0,0,67,0,86,0,0,0,0,0,0,0,0,0,0,0,0,0,0,0,25,0,0,0,0,0,0,0,0,0,0,0,22,0,145,0,0,0,15,0,102,0,0,42,1062,107,71,0,36,0,36,0,34,0,5,0,0,0,0,0,0,0,0,0,0,0,0,0,0,0,0,0,0,0,0,0,0,0,0,0,0,382,0,0,0,695,375,496,0,0,0,1
45,27,69,0,38,0,0,0,160,121,20,0,12,0,0,0,21,0,0,0,0,0,6,0,234,65,0,0,15,0,0,0,0,0,0,0,5,0,64,0,0,0,4,0,0,0,6,0,64,0,15,0,94,11,132,26,0,1,5,5,148,0,408,17,3,0,1,0,0,0,0,0,0,0,0,0,0,0,0,0,0,0,0,0,0,0,0,0,0,0,0,0,0,0,3,0,0,0,0,0,0,0,0,0,0,0,0,0,0,0,0,0,0,0,0,0,0,0,1,0,0,0,0,0,18,0,0,0,11,0,58,0,5,0,0,0,20,0,0,0,0,0,0,0,0,0,6,0,30,0,0,0,0,0,9,0,10,0,6,0,13,0,0,0,14,0,0,0,111,0,240,0,301,0,0,0,174,90,0,0,0,0,0,5,0,0,0,0,0,0,0,0,0,0,0,0,0,0,0,0,2,0,0,0,0,0,0,0,6,0,830,126,442,435,747,0,19,12,0,0,0,1,0,0,0
65,85,0,308,0,64,0,0,0,72,0,52,0,20,0,60,31,66,0,76,4,49,0,57,65,115,0,63,1,44,0,15,0,0,0,0,0,0,0,136,0,0,0,0,0,47,0,0,2,8,0,0,5,64,10,317,0,25,0,0,0,201,31,333,0,0,0,0,0,0,0,0,0,0,0,0,0,0,0,0,0,0,0,0,0,0,0,0,0,0,0,0,0,0,0,0,0,0,0,0,0,0,0,0,0,0,0,0,0,0,0,0,0,0,0,0,0,0,0,0,0,0,0,0,0,28,0,0,0,0,0,13,0,25,0,42,0,105,0,14,0,0,0,0,0,0,0,0,0,15,0,12,0,29,0,7,0,12,0,3,0,28,0,0,0,14,0,0,0,21,0,132,0,256,0,0,54,117,0,0,0,0,17,0,0,0,1,0,0,0,0,0,0,0,0,1,0,0,0,0,0,0,0,0,0,0,0,0,0,47,6,0,0,0,709,0,0,0,774,157,608,345,4,17,5
112,8,37,0,42,0,160,0,0,230,103,0,27,0,25,0,0,0,40,0,0,0,8,0,0,51,37,0,8,0,0,0,0,0,0,0,3,0,24,0,0,0,0,0,0,0,4,0,31,0,0,0,191,20,135,83,9,7,93,64,140,0,250,0,69,0,44,47,0,0,0,0,0,0,0,0,1,0,0,0,0,0,0,0,0,0,0,0,0,0,0,0,0,0,0,0,0,0,0,0,0,0,0,0,0,0,0,0,0,0,0,0,0,0,0,0,0,0,1,0,0,0,0,0,8,0,0,0,0,0,38,0,3,0,5,0,0,0,0,0,0,0,0,0,0,0,9,0,70,0,0,0,12,0,9,0,33,0,0,0,17,0,3,0,6,0,0,0,37,0,131,0,97,0,2,0,444,105,9,0,0,0,65,0,186,12,15,0,0,0,0,0,0,0,0,0,1,0,0,0,0,0,0,0,0,0,0,0,1,0,638,135,202,218,357,0,21,7,0,0,0,0,0,0,0
26,64,16,53,0,36,121,72,230,0,0,65,0,9,0,0,14,0,0,42,0,0,6,4,129,23,0,51,0,0,0,0,0,0,0,0,0,12,0,0,0,0,0,0,0,13,0,0,0,3,0,14,27,113,142,92,0,7,34,102,0,60,87,124,0,253,0,115,0,2,0,0,0,0,0,0,0,0,0,0,0,0,0,0,0,0,0,0,0,0,0,0,0,0,0,2,0,0,0,0,0,0,0,0,0,0,0,3,0,0,0,0,0,0,0,0,0,0,0,0,0,0,0,0,0,50,0,14,0,0,0,23,0,12,0,31,0,44,0,0,0,4,0,0,0,0,0,20,0,102,0,27,0,30,0,11,0,46,0,0,0,15,0,0,0,0,0,0,0,11,0,110,0,105,0,2,156,592,0,25,0,0,0,3,2,234,0,0,0,0,0,1,0,0,0,0,0,0,0,0,0,0,0,0,0,0,0,13,0,77,0,0,0,0,802,0,0,1,897,253,453,510,8,24,0
402,33,106,32,403,62,20,0,103,0,0,0,321,0,73,43,32,0,69,28,114,0,36,15,0,0,125,0,22,0,54,3,286,0,20,0,226,0,34,0,49,1,0,0,21,0,24,0,10,0,19,0,0,1,4,0,0,0,0,0,1,0,0,0,3,0,0,0,0,0,0,0,0,0,0,0,0,0,0,0,0,0,0,0,5,0,0,0,0,0,0,0,0,0,0,0,0,0,0,0,0,0,0,0,0,0,0,0,0,0,0,0,0,0,0,0,0,0,0,0,0,0,0,0,4,0,0,0,0,0,0,0,0,0,0,0,0,0,0,0,0,0,6,0,0,0,13,0,21,0,8,0,36,0,0,0,0,0,0,0,0,0,0,0,7,0,70,0,30,0,0,0,99,0,7,0,201,102,255,0,14,0,51,0,48,0,56,0,0,0,0,0,0,0,0,0,1,0,0,0,0,0,0,0,0,0,0,0,0,0,567,235,100,0,154,3,0,0,9,0,0,0,0,0,0
0,407,0,68,51,418,0,52,0,65,0,0,27,177,89,18,7,13,0,142,40,27,30,43,2,2,0,302,0,0,0,47,0,180,0,27,0,103,0,67,0,169,0,8,0,52,0,211,0,15,0,0,0,0,0,5,0,0,0,0,0,0,0,0,0,16,0,2,0,0,0,0,0,0,0,0,0,0,0,0,0,0,0,0,0,6,0,0,0,0,0,0,0,0,0,0,0,0,0,0,0,0,0,0,0,0,0,0,0,0,0,0,0,0,0,0,0,0,0,0,0,0,0,0,0,3,0,0,0,0,0,0,0,0,0,0,0,9,0,0,0,0,0,0,0,0,0,0,0,17,0,0,0,0,0,0,0,0,0,0,0,0,0,0,0,0,0,0,0,10,0,0,0,21,0,0,17,739,0,40,0,57,0,104,0,32,0,32,0,0,0,0,0,0,0,0,0,0,0,0,0,0,0,0,0,0,0,0,0,3,0,0,0,0,115,0,0,0,252,143,96,45,0,0,0
83,0,68,0,304,189,12,0,27,0,321,27,0,507,26,0,14,0,71,323,20,67,0,0,5,0,349,445,0,0,0,0,12,0,65,0,36,0,0,0,311,55,140,10,74,27,178,69,58,0,203,0,1,0,0,0,0,0,0,0,0,0,9,0,1,0,0,0,0,0,0,0,0,0,0,0,0,0,0,0,0,0,0,0,28,0,0,0,0,0,0,0,0,0,0,0,0,0,0,0,0,0,0,0,0,0,0,0,0,0,0,0,0,0,0,0,0,0,0,0,0,0,0,0,0,0,0,0,0,0,0,0,0,0,0,0,16,0,0,0,0,0,0,0,0,0,0,0,0,0,0,0,9,0,1,0,0,0,0,0,0,0,0,0,39,0,26,0,34,0,0,0,16,0,0,0,185,180,234,0,0,0,9,0,18,0,107,26,0,0,0,0,0,0,0,0,0,0,0,0,0,0,0,0,0,0,0,0,0,0,116,193,152,46,0,0,0,0,0,17,0,0,0,0,0
0,90,0,29,188,241,0,20,0,9,0,177,507,0,61,7,0,0,297,64,87,39,0,0,0,0,631,193,0,0,0,0,0,2,13,48,0,31,0,0,169,306,36,119,56,45,76,278,0,20,35,156,0,0,0,0,0,0,0,0,0,0,0,0,0,5,0,0,0,0,0,0,0,0,0,0,0,0,0,0,0,0,0,0,0,0,0,0,0,0,0,0,0,0,0,0,0,0,0,0,0,0,0,0,0,0,0,0,0,0,0,0,0,0,0,0,0,0,0,0,0,0,0,0,0,0,0,0,0,0,0,0,0,0,0,0,0,0,0,0,0,0,0,0,0,0,0,0,0,0,0,0,0,0,0,0,0,0,0,0,0,0,0,0,0,27,0,18,0,38,0,0,0,0,0,0,0,773,40,79,0,68,0,27,0,0,31,75,0,0,0,0,0,0,0,0,0,0,0,0,0,0,0,0,0,0,0,0,0,0,0,0,0,0,34,0,0,0,66,300,119,0,0,0,0
26,0,175,0,277,241,0,0,25,0,73,89,26,61,0,109,32,0,217,121,346,35,376,0,65,0,156,15,6,0,113,0,102,0,96,7,138,7,3,0,0,0,0,0,3,0,3,0,0,2,33,0,0,0,38,0,0,0,0,0,0,0,1,0,0,0,0,0,0,0,0,0,0,0,1,0,0,0,0,0,0,0,0,0,53,0,0,0,0,0,15,0,0,0,0,0,0,0,0,0,0,0,0,0,0,0,25,0,0,0,0,0,0,0,0,0,0,0,0,0,0,0,0,0,33,0,0,0,0,0,12,1,19,0,0,0,245,0,0,0,42,0,163,0,6,0,0,0,92,0,0,0,45,0,0,0,0,0,0,0,0,0,0,0,19,0,210,0,32,0,0,0,104,0,0,0,244,175,102,4,0,0,20,0,86,0,0,3,0,0,0,0,0,0,0,0,0,0,0,0,83,0,0,0,0,0,0,0,0,0,246,107,114,0,120,1,0,0,0,1,0,0,0,0,0
18,61,46,343,75,159,0,60,0,0,43,18,0,7,109,0,27,56,0,251,70,333,117,438,4,204,0,59,0,0,0,78,10,49,5,0,0,82,2,32,0,3,0,19,0,25,0,0,0,0,0,13,0,1,0,62,0,0,0,0,0,0,0,7,0,15,0,0,0,0,0,0,0,0,0,0,0,0,0,0,0,0,0,0,0,65,0,21,0,4,0,0,0,0,0,0,0,14,0,29,0,0,0,0,0,0,1,0,0,0,0,0,0,0,0,0,0,0,0,0,0,0,0,0,0,0,0,10,0,10,0,0,0,0,0,121,0,209,0,87,0,22,0,109,0,0,0,4,0,19,0,9,0,0,0,0,0,4,0,0,0,0,0,3,0,14,0,111,0,32,0,10,0,62,0,0,22,327,22,12,0,0,1,8,0,21,0,0,0,0,0,0,0,0,0,0,0,0,0,0,0,0,0,0,0,0,1,0,0,0,0,0,0,0,149,0,0,0,274,375,162,57,0,0,0
90,74,75,56,26,22,21,31,0,14,32,7,14,0,32,27,0,6,133,0,632,0,90,15,208,27,171,0,317,0,287,0,105,0,45,0,18,4,110,0,0,0,0,0,29,0,0,0,10,0,32,0,88,0,41,0,14,0,0,0,6,0,302,6,0,0,0,0,0,0,2,0,0,0,0,0,0,0,0,0,0,0,0,0,302,0,0,0,0,0,86,0,0,0,0,0,354,0,82,0,0,0,0,0,0,0,0,0,0,0,0,0,0,0,0,0,0,0,0,0,46,0,71,0,0,0,0,0,0,0,0,0,30,0,0,0,249,0,157,0,265,0,411,0,0,0,0,0,0,0,0,0,0,0,190,0,0,0,60,0,0,0,3,0,0,0,19,0,8,0,19,0,93,0,0,0,83,46,4,0,0,0,5,7,2,0,1,0,0,0,0,0,0,0,0,0,0,0,0,0,0,0,0,0,0,0,0,0,0,0,85,41,39,76,77,0,0,3,1,0,0,0,0,0,0
0,84,20,17,0,0,0,66,0,0,0,13,0,0,0,56,6,0,0,31,2,107,15,192,3,213,0,15,3,146,0,49,0,51,0,17,0,7,0,123,0,0,0,0,0,10,0,0,0,0,0,0,0,66,0,94,0,50,0,3,0,19,0,420,1,0,0,0,0,0,0,0,0,0,0,1,0,0,0,0,0,131,0,0,0,258,0,32,0,0,0,22,0,1,0,0,0,0,0,90,0,0,0,0,0,0,0,0,0,0,0,0,0,0,0,0,0,0,0,0,0,0,0,0,0,0,0,0,0,42,0,0,0,0,0,68,0,0,0,320,0,97,0,357,0,9,0,0,0,2,0,0,0,0,1,80,0,1,0,75,0,0,0,1,0,0,0,14,0,0,0,7,0,20,0,0,0,48,0,30,0,0,2,27,0,2,0,0,0,0,0,0,0,0,0,0,0,0,0,0,0,11,0,0,0,0,0,0,0,0,0,1,0,0,28,0,0,0,93,275,42,18,0,0,0
31,0,40,0,163,115,0,0,40,0,69,0,71,297,217,0,133,0,0,155,380,31,323,0,90,0,163,136,12,0,18,0,0,0,127,0,71,0,0,0,8,28,43,0,9,7,2,0,21,0,306,10,0,0,0,0,0,0,0,0,0,0,0,0,0,0,0,0,0,0,0,0,0,0,0,0,0,0,0,0,0,0,0,0,0,0,0,0,0,0,0,0,0,0,0,0,0,0,0,0,0,0,0,0,0,0,0,0,0,0,0,0,0,0,0,0,0,0,0,0,0,0,12,0,0,0,0,0,0,0,0,0,0,0,0,0,0,0,0,0,57,0,225,0,0,0,0,0,0,0,0,0,0,0,0,0,0,0,0,0,0,0,0,0,88,0,41,0,122,0,12,0,31,0,0,0,30,28,29,0,0,0,13,0,55,0,1,11,0,0,0,0,0,0,0,0,0,0,0,0,0,0,0,0,0,0,0,0,0,0,166,213,249,70,53,0,0,0,1,0,0,0,0,0,0
0,137,0,194,231,322,0,76,0,42,28,142,323,64,121,251,0,31,155,0,111,496,0,151,0,36,124,576,0,13,0,67,0,45,21,145,0,126,0,0,30,4,11,113,0,47,0,66,0,6,17,200,0,0,0,18,0,0,0,0,0,0,0,39,0,35,0,0,0,0,0,0,0,0,0,0,0,0,0,0,0,0,0,0,0,0,0,0,0,0,0,0,0,0,0,0,0,0,0,0,0,0,0,0,0,0,0,0,0,0,0,0,0,0,0,0,0,0,0,0,0,0,0,0,0,0,0,0,0,0,0,0,0,0,0,98,0,93,0,17,0,20,0,71,0,0,0,0,0,0,0,0,0,9,0,0,0,0,0,0,2,0,0,0,0,66,0,81,0,92,0,6,0,17,0,0,0,156,73,6,0,0,0,0,0,13,6,18,0,0,0,0,0,0,0,0,0,0,0,0,0,0,0,0,0,0,0,0,0,58,0,0,0,0,170,0,0,0,362,262,402,0,0,0,0
22,0,85,16,287,182,0,4,0,0,114,40,20,87,346,70,632,2,380,111,0,37,282,6,110,0,383,40,90,1,187,0,113,0,146,4,21,0,4,0,0,4,32,4,16,0,2,0,14,0,59,0,9,0,0,0,0,0,0,0,0,0,115,0,0,0,0,0,0,0,0,0,0,0,0,0,0,0,0,0,0,0,0,0,244,0,0,0,0,0,71,0,0,0,0,0,252,0,0,0,0,0,0,0,0,0,0,0,0,0,0,0,0,0,0,0,0,0,0,0,84,0,59,0,0,0,0,0,0,0,0,0,0,0,0,0,149,0,0,0,150,0,233,0,0,0,0,0,0,0,0,0,0,0,47,0,0,0,0,0,0,0,0,0,0,0,93,1,33,0,11,0,70,0,0,0,81,97,24,1,0,0,0,0,9,0,0,0,0,0,0,0,0,0,0,0,0,0,0,0,24,0,0,0,0,0,0,0,0,0,287,180,65,58,100,0,0,0,0,0,0,0,0,0,0
0,0,0,178,55,139,0,49,0,0,0,27,67,39,35,333,0,107,31,496,37,0,2,363,0,70,0,241,0,71,1,71,0,7,2,109,2,41,0,4,0,0,0,176,0,92,0,0,0,2,0,93,0,0,0,0,0,8,0,0,0,1,0,93,0,0,0,1,0,0,0,0,0,0,0,0,0,0,0,0,0,0,0,0,0,0,0,0,0,0,0,0,0,0,0,0,0,0,0,0,0,0,0,0,0,0,0,0,0,0,0,0,0,0,0,0,0,0,0,0,0,0,0,0,0,0,0,0,0,0,0,0,0,0,0,0,0,0,0,240,0,114,0,150,0,26,0,0,0,0,0,0,0,0,0,0,0,16,0,0,0,0,0,1,0,17,0,27,0,32,0,0,0,13,0,0,0,54,20,15,0,0,0,0,0,0,0,15,0,0,0,0,0,0,0,0,0,0,0,0,0,0,0,0,0,0,0,0,0,0,0,0,0,0,103,0,0,0,442,544,131,55,0,0,1
79,173,364,129,143,99,6,0,8,6,36,30,0,0,376,117,90,15,323,0,282,2,0,60,206,25,264,0,68,0,24,0,31,3,22,0,27,0,63,0,5,0,0,0,50,0,21,0,0,0,11,0,16,0,98,0,4,0,0,0,0,0,23,5,0,0,0,0,0,0,0,0,0,0,0,0,0,0,0,0,5,0,0,0,82,0,0,0,0,0,25,0,0,0,0,0,84,0,0,0,0,0,0,0,0,0,0,0,0,0,0,0,0,0,0,0,0,0,0,0,0,0,0,0,10,0,0,0,0,0,0,0,20,0,58,0,373,0,0,0,88,0,256,1,0,0,0,0,38,0,3,0,13,0,31,0,0,0,0,0,0,0,0,0,0,0,13,0,0,0,6,0,69,0,0,2,139,116,17,0,0,0,14,8,18,0,10,0,0,0,0,0,0,0,0,0,0,0,0,0,69,0,0,0,0,0,0,0,0,0,129,45,21,0,71,0,1,0,2,0,0,0,0,0,0
24,74,38,181,10,78,0,57,0,4,15,43,0,0,0,438,15,192,0,151,6,363,60,0,5,154,1,76,1,80,0,89,0,29,0,76,0,31,0,32,0,0,0,48,0,17,0,3,0,4,0,33,0,2,0,64,0,0,0,0,0,0,0,82,0,0,0,0,0,0,0,0,0,0,0,0,0,0,0,0,0,57,0,0,0,94,0,0,0,0,0,0,0,0,0,0,0,0,0,60,0,0,0,0,0,0,0,0,0,0,0,0,0,0,0,0,0,0,0,0,0,0,0,0,0,0,0,0,0,0,0,0,0,0,0,86,0,0,0,97,0,64,0,162,0,6,0,0,0,0,0,0,0,0,0,14,0,0,0,0,1,0,0,0,0,4,0,23,0,5,0,10,0,43,0,0,0,168,0,53,0,0,0,13,0,6,0,0,0,0,0,0,0,0,0,0,0,0,0,0,0,18,0,0,0,0,0,0,0,0,0,0,0,0,72,0,0,0,230,589,40,19,0,0,0
45,112,47,18,0,0,234,65,0,129,0,2,5,0,65,4,208,3,90,0,110,0,206,5,0,101,72,0,54,0,20,0,0,0,9,0,13,0,63,0,0,0,0,0,20,0,0,0,11,0,0,0,73,0,235,13,22,0,1,0,47,2,162,22,2,0,0,0,0,0,0,0,0,0,0,0,0,0,0,0,0,0,0,0,32,0,0,0,0,0,0,0,0,0,0,0,53,0,0,0,0,0,0,0,0,0,0,0,0,0,0,0,0,0,0,0,0,0,0,0,0,0,4,0,13,0,0,0,51,0,34,0,23,0,66,0,355,0,51,0,67,0,288,0,0,0,0,0,8,0,2,0,0,0,53,0,3,0,18,0,14,0,0,0,3,0,9,0,21,0,61,1,190,0,0,0,166,74,0,0,0,0,7,15,3,1,0,0,0,0,0,0,0,0,0,0,0,0,0,0,40,0,0,0,0,0,0,0,17,0,234,74,144,135,210,0,0,7,0,0,3,0,0,0,0
106,52,52,93,0,21,65,115,51,23,0,2,0,0,0,204,27,213,0,36,0,70,25,154,101,0,0,26,0,108,0,17,0,14,0,0,0,0,0,72,0,0,0,0,0,16,0,0,0,4,0,0,0,35,0,428,0,92,0,0,0,57,19,190,1,0,0,0,0,0,0,0,0,0,0,0,0,0,0,0,0,0,0,8,0,44,0,7,0,0,0,0,0,0,0,3,0,0,0,0,0,0,0,0,0,0,0,0,0,0,0,0,0,0,0,0,0,0,0,0,0,0,0,0,0,3,0,0,0,13,0,0,0,22,0,103,0,194,0,115,0,23,0,156,0,0,0,0,0,0,0,0,0,0,2,41,0,8,0,7,0,0,0,0,0,0,0,0,0,6,0,35,0,52,0,0,56,182,0,0,1,8,13,16,0,3,0,0,0,0,0,0,0,0,0,0,0,0,0,0,0,0,0,0,0,0,0,0,0,2,0,0,0,0,174,0,0,0,199,385,146,64,0,4,0
59,0,86,0,258,0,0,0,37,0,125,0,349,631,156,0,171,0,163,124,383,0,264,1,72,0,0,597,63,0,53,0,29,0,27,0,151,0,3,0,83,205,334,41,251,48,223,234,52,0,254,20,0,0,0,0,0,0,0,0,0,0,76,0,0,0,0,0,0,0,0,0,0,0,0,0,0,0,0,0,0,0,0,0,394,0,0,0,0,0,0,0,0,0,0,0,0,0,0,0,11,0,0,0,0,0,0,0,0,0,0,0,0,0,0,0,0,0,0,0,174,0,0,0,0,0,0,0,0,0,0,0,0,0,0,0,163,0,0,0,181,0,242,0,56,0,0,0,0,0,0,0,0,0,0,0,0,0,0,0,0,0,0,0,92,0,0,0,70,0,0,0,41,0,0,0,39,117,66,0,0,0,13,0,53,0,51,29,0,0,0,0,0,0,0,0,0,0,0,0,0,0,0,0,0,0,0,0,0,0,130,458,257,0,47,2,0,20,0,14,0,0,0,0,0
0,181,0,97,70,295,0,63,0,51,0,302,445,193,15,59,0,15,136,576,40,241,0,76,0,26,597,0,0,0,0,8,0,0,18,43,0,21,0,0,273,45,44,336,73,463,138,297,0,50,51,340,0,0,0,0,0,0,0,6,0,0,0,0,0,32,0,0,0,0,0,0,0,0,0,0,0,0,0,0,0,0,0,0,0,89,0,0,0,0,0,0,0,0,0,0,0,0,0,55,0,0,0,0,0,0,0,0,0,0,0,0,0,0,0,0,0,0,0,0,0,0,0,4,0,0,0,0,0,0,0,0,0,0,0,0,0,0,0,0,0,31,0,0,0,11,0,0,0,0,0,0,0,0,0,0,0,0,0,0,0,0,0,0,0,104,0,15,0,0,0,0,0,0,0,0,0,130,0,13,0,0,0,0,0,5,31,39,0,0,0,0,0,0,0,0,0,0,0,0,0,0,0,0,0,0,0,0,0,0,0,0,0,0,119,0,0,0,221,1198,361,0,0,0,0
177,3,295,0,63,0,15,1,8,0,22,0,0,0,6,0,317,3,12,0,90,0,68,1,54,0,63,0,0,0,93,0,44,0,28,0,29,0,40,0,0,0,42,0,5,0,0,0,0,0,45,0,11,0,3,0,0,0,1,0,2,0,148,0,0,0,0,0,0,0,13,0,0,0,8,0,0,0,0,0,20,0,0,0,130,0,0,0,0,0,32,0,0,0,0,0,131,0,75,0,0,0,0,0,0,0,0,0,0,0,0,0,0,0,0,0,0,0,0,0,58,0,47,0,0,0,0,0,0,0,0,0,0,0,0,0,43,0,196,0,135,0,111,0,23,0,0,0,0,0,2,0,0,0,16,0,8,0,0,0,0,0,0,0,0,0,0,0,0,0,5,0,0,0,0,0,11,3,0,0,0,0,17,0,9,0,0,0,0,0,0,0,0,0,0,0,0,0,0,0,0,0,0,0,0,0,0,0,0,0,0,21,0,0,0,0,0,0,0,0,0,0,0,0,0
0,92,0,122,0,20,0,44,0,0,0,0,0,0,0,0,0,146,0,13,1,71,0,80,0,108,0,0,0,0,0,94,0,135,0,113,0,7,0,35,0,0,0,22,0,0,0,0,0,0,0,81,0,26,0,21,0,11,0,0,0,7,0,212,0,0,0,0,0,0,0,0,0,0,0,0,0,0,0,0,0,0,0,0,0,135,0,13,0,0,0,0,0,0,0,0,0,0,0,37,0,0,0,0,0,0,0,0,0,0,0,0,0,0,0,0,0,0,0,0,0,0,0,4,0,0,0,0,0,0,0,0,0,0,0,0,0,30,0,257,0,104,0,176,0,24,0,0,0,0,0,0,0,6,0,13,0,18,0,0,0,5,0,0,0,0,0,4,0,0,0,0,0,6,0,0,0,29,0,22,0,1,0,18,0,3,0,0,0,0,0,0,0,0,0,0,0,0,0,0,0,0,0,0,0,0,0,0,0,0,0,0,0,0,0,0,0,0,78,93,8,0,0,0,0
0,0,53,0,144,14,0,0,0,0,54,0,0,0,113,0,287,0,18,0,187,1,24,0,20,0,53,0,93,0,0,0,16,1,63,0,43,0,2,0,0,0,65,0,0,0,1,0,0,0,67,0,6,0,0,0,0,0,0,0,0,0,44,0,0,0,0,0,0,0,11,0,0,0,0,0,0,0,0,0,0,0,0,0,168,0,0,0,0,0,39,0,0,0,0,0,0,0,0,0,2,0,0,0,0,0,0,0,0,0,0,0,0,0,0,0,0,0,0,0,90,0,52,0,0,0,0,0,0,0,0,0,0,0,0,0,0,0,0,0,50,0,0,0,21,0,0,0,0,0,0,0,0,0,0,0,0,0,0,0,0,0,0,0,13,0,53,0,20,0,0,0,29,0,0,0,14,0,0,0,0,0,2,0,0,0,0,0,0,0,0,0,0,0,0,0,0,0,0,0,0,0,0,0,0,0,0,0,0,0,113,61,46,0,52,0,0,0,0,0,0,0,0,0,0
0,20,0,50,0,137,0,15,0,0,3,47,0,0,0,78,0,49,0,67,0,71,0,89,0,17,0,8,0,94,0,0,0,2,0,30,0,35,0,6,0,0,0,21,0,2,0,0,0,0,0,41,0,4,0,0,0,0,0,0,0,3,0,40,0,0,0,0,0,0,0,0,0,0,0,0,0,0,0,0,0,0,0,0,0,0,0,0,0,0,0,0,0,0,0,0,0,0,0,0,0,0,0,0,0,0,0,0,0,0,0,0,0,0,0,0,0,0,0,0,0,0,0,2,0,0,0,0,0,0,0,0,0,0,0,0,0,0,0,54,0,25,0,56,0,0,0,0,0,0,0,0,0,3,0,3,0,5,0,0,0,0,0,0,0,4,0,30,0,0,0,4,0,18,0,0,0,99,0,8,0,0,0,3,0,0,0,0,0,0,0,0,0,0,0,0,0,0,0,1,0,0,0,0,0,0,0,0,0,0,0,0,0,0,77,0,0,0,236,261,71,28,0,0,0
99,0,166,0,329,9,0,0,0,0,286,0,12,0,102,10,105,0,0,0,113,0,31,0,0,0,29,0,44,0,16,0,0,0,25,0,145,0,2,0,0,0,44,0,2,0,0,0,0,0,31,0,0,0,0,0,0,0,2,0,17,0,28,0,0,0,0,0,0,0,3,0,0,0,0,0,0,0,0,0,0,0,0,0,0,0,0,0,0,0,0,0,0,0,0,0,0,0,0,0,0,0,0,0,0,0,0,0,0,0,0,0,0,0,0,0,0,0,0,0,0,0,0,0,0,0,0,0,0,0,0,0,0,0,0,0,0,0,68,0,44,0,0,0,18,0,0,0,0,0,0,0,0,0,15,0,32,0,0,0,2,0,0,0,1,0,26,0,3,0,5,0,17,0,0,0,17,16,25,0,0,0,11,0,0,0,1,0,0,0,0,0,0,0,0,0,0,0,0,0,0,0,0,0,0,0,0,0,0,0,68,46,9,0,0,0,0,0,0,0,0,0,0,0,0
0,120,0,188,0,288,0,0,0,0,0,180,0,2,0,49,0,51,0,45,0,7,3,29,0,14,0,0,0,135,1,2,0,0,0,6,0,129,0,3,0,0,0,0,0,0,0,0,0,0,0,11,0,0,0,0,0,0,0,0,0,0,0,13,0,16,0,0,0,0,0,0,0,0,0,0,0,0,0,0,0,14,0,0,0,0,0,0,0,0,0,0,0,0,0,0,0,0,0,0,0,0,0,0,0,0,0,0,0,0,0,0,0,0,0,0,0,0,0,0,0,0,0,2,0,0,0,0,0,0,0,0,0,0,0,0,0,29,0,29,0,0,0,0,0,4,0,0,0,0,0,0,0,0,0,0,0,0,0,0,0,0,0,0,0,2,0,94,0,0,0,1,0,14,0,0,0,207,0,109,0,0,0,18,0,14,0,0,0,0,0,0,0,0,0,0,0,0,0,0,0,0,0,0,0,0,0,0,0,0,0,0,0,0,34,0,0,0,130,177,52,0,0,0,0
0,0,0,0,170,9,0,0,0,0,20,0,65,13,96,5,45,0,127,21,146,2,22,0,9,0,27,18,28,0,63,0,25,0,0,0,183,0,0,0,0,0,25,0,4,0,0,0,0,0,102,0,0,0,0,0,0,0,0,0,0,0,28,0,0,0,0,0,0,0,0,0,4,0,0,0,0,0,0,0,0,0,5,0,0,0,0,0,0,0,0,0,0,0,0,0,0,0,0,0,0,0,0,0,0,0,0,0,0,0,0,0,0,0,0,0,0,0,0,0,58,0,0,0,0,0,0,0,0,0,0,0,0,0,0,0,0,0,0,0,0,0,0,0,0,0,0,0,0,0,0,0,0,0,0,0,0,0,0,0,0,0,0,0,49,0,107,0,50,0,6,0,62,0,0,0,0,5,14,0,0,0,0,0,0,0,0,0,0,0,0,0,0,0,0,0,0,0,0,0,0,0,0,0,0,0,0,0,1,0,168,155,113,78,67,0,0,2,0,0,0,0,0,0,0
0,0,0,0,0,74,0,0,0,0,0,27,0,48,7,0,0,17,0,145,4,109,0,76,0,0,0,43,0,113,0,30,0,6,0,0,0,242,0,19,1,0,0,63,0,39,0,0,0,0,0,73,0,0,0,0,0,2,0,0,0,18,0,18,0,1,0,0,0,1,0,0,0,0,0,0,0,0,0,0,0,0,0,0,0,0,0,0,0,0,0,0,0,0,0,0,0,0,0,0,0,0,0,0,0,0,0,0,0,0,0,0,0,0,0,0,0,0,0,0,0,0,0,0,0,0,0,0,0,0,0,0,0,0,0,0,0,0,0,139,0,79,0,76,0,30,0,0,0,0,0,0,0,0,0,0,0,38,0,11,0,0,0,0,0,0,0,28,0,16,0,0,0,0,0,0,0,25,0,0,0,0,0,0,0,0,0,6,0,0,0,0,0,0,0,0,0,0,0,0,0,0,0,0,0,0,0,0,0,0,0,0,0,0,0,0,0,0,97,177,49,17,0,2,0
76,0,40,0,269,3,5,0,3,0,226,0,36,0,138,0,18,0,71,0,21,2,27,0,13,0,151,0,29,0,43,0,145,0,183,0,0,0,98,0,0,0,114,0,24,0,0,0,13,0,140,0,4,0,3,0,0,0,0,0,32,0,41,0,0,0,0,0,0,0,24,0,2,0,13,0,0,0,0,0,0,0,0,0,115,0,13,0,0,0,19,0,0,0,0,0,124,0,97,0,0,0,0,0,0,0,0,0,0,0,0,0,0,0,0,0,0,0,0,0,106,0,0,0,0,0,0,0,0,0,0,0,0,0,0,0,0,0,157,0,131,0,67,0,101,0,0,0,0,0,0,0,0,0,7,0,44,0,5,0,0,0,36,0,28,0,66,0,53,0,33,0,100,0,0,0,7,5,28,0,0,0,10,0,7,0,0,0,0,0,0,0,0,0,0,0,0,0,0,0,0,0,0,0,0,0,0,0,0,0,106,84,87,72,73,0,0,0,0,0,0,0,0,0,0
0,94,0,43,0,201,0,0,0,12,0,103,0,31,7,82,4,7,0,126,0,41,0,31,0,0,0,21,0,7,0,35,0,129,0,242,0,0,0,16,0,0,0,71,0,5,0,4,0,0,0,114,0,0,0,5,0,0,0,0,0,10,0,16,0,0,0,0,0,0,0,0,0,0,0,0,0,0,0,0,0,0,0,0,0,91,0,0,0,0,0,0,0,0,0,0,0,0,0,21,0,0,0,0,0,0,0,0,0,0,0,0,0,0,0,0,0,0,0,0,0,0,0,0,0,0,0,0,0,0,0,0,0,0,0,21,0,0,0,130,0,98,0,108,0,83,0,0,0,0,0,0,0,0,0,3,0,115,0,0,0,0,0,1,0,27,0,56,0,35,0,0,0,62,0,0,0,50,0,64,0,0,0,30,0,10,0,17,0,0,0,0,0,0,0,1,0,0,0,0,0,0,0,0,0,0,0,0,0,0,0,0,0,0,17,0,0,0,19,101,29,7,0,0,0
423,0,262,0,42,0,64,0,24,0,34,0,0,0,3,2,110,0,0,0,4,0,63,0,63,0,3,0,40,0,2,0,2,0,0,0,98,0,0,0,0,0,1,0,0,0,0,0,0,0,4,0,0,0,2,0,0,0,0,0,30,0,50,0,0,0,0,0,0,0,0,0,0,0,0,0,0,0,0,0,0,0,0,0,26,0,0,0,0,0,0,0,0,0,0,0,33,0,17,0,0,0,0,0,0,0,0,0,0,0,0,0,0,0,0,0,0,0,0,0,13,0,7,0,0,0,0,0,0,0,0,0,0,0,0,0,0,0,53,0,43,0,6,0,18,0,0,0,0,0,0,0,0,0,14,0,27,0,0,0,0,0,0,0,0,0,18,0,3,0,13,0,163,0,0,0,12,0,0,0,0,0,34,0,12,0,0,0,0,0,0,0,0,0,0,0,0,0,0,0,0,0,0,0,0,0,0,0,0,0,31,123,8,8,0,0,0,1,0,0,0,0,0,0,0
0,343,0,290,0,36,0,136,0,0,0,67,0,0,0,32,0,123,0,0,0,4,0,32,0,72,0,0,0,35,0,6,0,3,0,19,0,16,0,0,0,0,0,0,0,0,0,0,0,0,0,8,0,8,0,14,0,6,0,0,0,11,0,75,0,0,0,0,0,0,0,0,0,0,0,0,0,0,0,0,0,0,0,0,0,20,0,0,0,0,0,0,0,0,0,0,0,0,0,0,0,0,0,0,0,0,0,0,0,0,0,0,0,0,0,0,0,0,0,0,0,0,0,0,0,0,0,0,0,0,0,0,0,0,0,0,0,0,0,144,0,0,0,43,0,56,0,0,0,0,0,0,0,18,0,20,0,92,0,0,0,0,0,0,0,0,0,0,0,0,0,4,0,46,0,0,0,53,0,84,0,5,0,121,0,17,0,0,0,0,0,0,0,0,0,0,0,0,0,0,0,0,0,0,0,0,0,0,0,0,0,0,0,0,0,0,0,0,59,232,10,0,0,0,0
24,0,0,0,66,0,0,0,0,0,49,0,311,169,0,0,0,0,8,30,0,0,5,0,0,0,83,273,0,0,0,0,0,0,0,1,0,0,0,0,0,122,39,16,62,51,232,184,187,0,8,3,0,0,0,0,0,0,0,0,0,0,0,0,0,0,0,0,0,0,0,0,0,0,0,0,0,0,0,0,0,0,0,0,0,0,0,0,0,0,0,0,0,0,0,0,0,0,0,0,0,0,0,0,0,0,0,0,0,0,0,0,0,0,0,0,0,0,0,0,3,0,0,0,0,0,0,0,0,0,0,0,0,0,0,0,0,0,0,0,0,0,0,0,0,0,0,0,0,0,0,0,0,0,0,0,0,0,0,0,0,0,0,0,0,0,0,0,0,0,0,0,0,0,0,0,34,89,53,0,0,0,4,0,0,0,193,14,0,0,0,0,0,0,0,0,0,0,0,0,0,0,0,0,0,0,0,0,0,0,0,75,0,0,1,0,0,15,0,25,0,0,0,0,1
0,44,0,11,0,46,0,0,0,0,1,169,55,306,0,3,0,0,28,4,4,0,0,0,0,0,205,45,0,0,0,0,0,0,0,0,0,0,0,0,122,0,13,70,170,89,130,246,21,182,0,59,0,0,0,0,0,0,0,0,0,0,0,4,0,4,0,0,0,2,0,0,0,0,0,0,0,4,0,0,0,0,0,0,0,0,0,0,0,1,0,0,0,0,0,0,0,0,0,0,0,0,0,0,0,0,0,0,0,0,0,0,0,0,0,0,0,0,0,0,0,0,0,0,0,0,0,0,0,0,0,0,0,0,0,0,0,0,0,0,0,2,0,0,0,1,0,3,0,0,0,0,0,0,0,0,0,0,0,0,0,0,0,0,0,23,0,0,0,0,0,0,0,0,0,11,0,425,0,15,0,33,0,13,0,7,15,31,0,0,0,0,0,0,0,0,0,0,0,0,0,0,0,0,0,0,0,0,0,0,0,3,0,0,0,0,0,0,0,214,37,0,0,0,23
0,0,0,0,14,0,4,0,0,0,0,0,140,36,0,0,0,0,43,11,32,0,0,0,0,0,334,44,42,0,65,0,44,0,25,0,114,0,1,0,39,13,0,0,221,6,48,11,58,0,89,0,0,0,0,0,0,0,0,0,0,0,0,0,0,0,0,0,0,0,0,0,3,0,0,0,0,0,0,0,0,0,0,0,85,0,0,0,0,0,15,0,4,0,0,0,0,0,0,0,0,0,3,0,0,0,5,0,0,0,0,0,0,0,0,0,0,0,0,0,67,0,11,0,0,0,0,0,0,0,1,0,0,0,0,0,18,0,0,0,0,0,0,0,28,0,0,0,0,0,0,0,0,0,0,0,0,0,0,0,0,0,0,0,59,0,17,0,50,0,0,0,0,0,0,0,0,7,40,0,0,0,0,0,0,0,149,0,0,0,0,0,0,0,0,0,0,0,0,0,0,0,0,0,0,0,0,0,0,0,0,200,122,16,16,0,1,34,0,0,0,0,0,0,0
0,0,0,0,0,0,0,0,0,0,0,8,10,119,0,19,0,0,0,113,4,176,0,48,0,0,41,336,0,22,0,21,0,0,0,63,0,71,0,0,16,70,0,0,0,105,0,55,0,20,0,70,0,0,0,0,0,0,0,3,0,14,0,29,0,0,0,0,0,0,0,0,0,0,0,0,0,0,0,0,0,88,0,0,0,105,0,0,0,0,0,0,0,0,0,0,0,0,0,34,0,0,0,0,0,0,0,0,0,0,0,0,0,0,0,0,0,0,0,0,0,0,0,0,0,0,0,0,0,0,0,0,0,0,0,0,0,0,0,152,0,81,0,110,0,31,0,0,0,1,0,0,0,0,0,0,0,27,0,0,0,0,0,0,0,36,0,21,0,28,0,0,0,18,0,0,0,22,0,2,0,0,0,0,0,0,0,75,0,0,0,0,0,0,0,0,0,0,0,0,0,0,0,0,0,0,0,0,0,0,0,0,0,0,27,0,0,0,64,210,82,0,0,0,0
0,0,12,0,0,0,0,0,0,0,21,0,74,56,3,0,29,0,9,0,16,0,50,0,20,0,251,73,5,0,0,0,2,0,4,0,24,0,0,0,62,170,221,0,0,60,287,145,366,15,67,0,0,0,0,0,0,0,0,0,0,0,23,0,0,0,1,0,0,0,0,0,0,0,0,0,0,0,9,0,0,0,0,0,118,0,19,0,0,0,0,0,9,0,0,0,0,0,0,0,0,0,0,0,0,0,0,0,0,0,0,0,0,0,0,0,0,0,0,0,48,0,0,0,0,0,0,0,0,0,0,0,0,0,0,0,56,0,0,0,45,0,100,0,17,0,8,0,0,0,0,0,0,0,0,0,0,0,0,0,0,0,9,0,92,0,9,0,87,0,7,0,29,0,0,0,0,22,12,0,0,0,6,0,0,0,176,0,0,0,0,0,0,0,0,0,2,0,0,0,0,0,0,0,0,0,0,0,0,0,34,286,279,13,10,0,0,152,0,32,0,0,0,0,0
0,28,1,28,0,39,0,47,0,13,0,52,27,45,0,25,0,10,7,47,0,92,0,17,0,16,48,463,0,0,0,2,0,0,0,39,0,5,0,0,51,89,6,105,60,0,63,424,18,262,1,125,0,0,0,17,0,8,0,5,0,0,0,27,0,0,0,0,0,0,0,0,0,0,0,0,0,11,0,0,0,163,0,45,0,180,0,56,0,6,0,0,0,5,0,0,0,0,0,36,0,0,0,0,0,0,0,0,0,0,0,0,0,0,0,0,0,0,0,0,0,34,0,11,0,0,0,0,0,0,0,2,0,0,0,0,0,0,0,81,0,47,0,124,0,27,0,1,0,0,0,0,0,0,0,0,0,0,0,0,0,0,0,2,0,191,0,19,0,227,0,12,0,17,0,0,0,74,0,0,0,0,0,0,0,1,7,98,0,0,0,0,0,0,0,0,0,0,0,0,0,0,0,0,0,0,0,0,0,0,0,0,0,0,44,0,0,0,80,519,407,28,0,2,95
9,0,18,0,20,0,6,0,4,0,24,0,178,76,3,0,0,0,2,0,2,0,21,0,0,0,223,138,0,0,1,0,0,0,0,0,0,0,0,0,232,130,48,0,287,63,0,112,220,9,0,0,0,0,0,0,0,0,0,0,0,0,5,0,0,0,0,0,0,0,0,0,0,0,0,0,0,0,0,0,0,0,0,0,50,0,10,0,0,0,0,0,0,0,0,0,0,0,51,0,0,0,0,0,0,0,0,0,0,0,0,0,0,0,0,0,0,0,0,0,13,0,0,0,0,0,0,0,0,0,0,0,0,0,0,0,23,0,0,0,12,0,36,0,2,0,0,0,0,0,0,0,0,0,0,0,0,0,0,0,0,0,0,0,0,0,0,0,0,0,0,0,0,0,0,0,0,26,18,0,0,0,0,0,0,0,150,0,0,0,0,0,0,0,0,0,0,0,0,0,0,0,0,0,0,0,0,0,0,0,9,183,82,0,0,0,0,81,0,27,0,0,0,0,3
0,70,0,23,0,123,0,0,0,0,0,211,69,278,0,0,0,0,0,66,0,0,0,3,0,0,234,297,0,0,0,0,0,0,0,0,0,4,0,0,184,246,11,55,145,424,112,0,31,128,13,44,0,0,0,0,0,0,0,0,0,0,0,0,0,0,0,0,0,0,0,0,0,0,0,0,0,0,0,0,0,0,0,0,0,0,0,0,0,0,0,0,0,0,0,0,0,0,0,0,0,0,0,4,0,0,0,0,0,0,0,0,0,0,0,0,0,0,0,0,0,0,0,0,0,0,0,0,0,0,0,0,0,0,0,0,0,0,0,0,0,0,0,0,0,0,0,0,0,0,0,0,0,0,0,0,0,0,0,0,0,0,0,0,0,45,0,0,0,0,0,0,0,1,0,0,0,157,0,0,0,0,0,0,0,0,26,6,0,0,0,0,0,0,0,0,0,0,0,0,0,0,0,0,0,0,0,0,0,0,0,6,0,0,6,0,0,0,0,346,105,0,0,0,60
16,0,23,0,0,0,64,2,31,0,10,0,58,0,0,0,10,0,21,0,14,0,0,0,11,0,52,0,0,0,0,0,0,0,0,0,13,0,0,0,187,21,58,0,366,18,220,31,0,27,25,0,0,0,40,0,49,0,21,0,0,0,8,0,0,0,0,0,8,0,0,0,0,0,3,0,10,0,9,0,0,0,45,0,25,0,29,0,5,0,0,0,27,0,77,0,0,0,0,0,21,0,11,0,0,0,0,0,5,0,0,0,0,0,0,0,0,0,0,0,19,0,4,0,0,0,11,0,22,0,23,0,9,0,19,0,21,0,0,0,12,0,32,0,8,0,7,0,0,0,0,0,0,0,20,0,6,0,0,0,27,0,9,0,56,0,25,0,98,0,8,0,39,0,0,0,32,7,18,0,6,0,0,0,3,0,440,0,10,0,0,0,17,0,14,0,9,0,51,0,0,0,71,0,0,0,22,0,11,0,139,142,253,17,208,0,1,72,0,9,3,0,0,0,4
0,15,0,11,0,5,0,8,0,3,0,15,0,20,2,0,0,0,0,6,0,2,0,4,0,4,0,50,0,0,0,0,0,0,0,0,0,0,0,0,0,182,0,20,15,262,9,128,27,0,0,23,0,0,0,3,0,0,0,3,0,0,0,8,0,1,0,0,0,3,0,4,0,0,0,4,0,0,0,0,0,17,0,8,0,37,0,11,0,0,0,0,0,1,0,10,0,0,0,0,0,3,0,3,0,0,0,0,0,1,0,0,0,0,0,0,0,0,0,0,0,0,0,0,0,0,0,0,0,0,0,0,0,0,0,8,0,7,0,0,0,2,0,0,0,0,0,0,0,0,0,0,0,4,0,0,0,0,0,0,0,4,0,0,0,68,0,13,0,59,0,7,0,7,0,0,0,168,0,3,0,0,0,3,0,2,6,67,0,2,0,0,0,0,0,0,0,0,0,0,0,0,0,0,0,0,0,1,0,3,2,2,0,0,22,0,0,1,51,45,66,10,0,0,19
0,0,0,0,95,0,15,0,0,0,19,0,203,35,33,0,32,0,306,17,59,0,11,0,0,0,254,51,45,0,67,0,31,0,102,0,140,0,4,0,8,0,89,0,67,1,0,13,25,0,0,0,3,0,0,0,0,0,4,0,0,0,0,0,0,0,0,0,0,0,12,0,0,0,0,0,0,0,9,0,22,0,0,0,90,0,0,0,0,0,14,0,6,0,4,0,108,0,0,0,0,0,0,0,0,0,0,0,0,0,0,0,0,0,0,0,0,0,0,0,62,0,22,0,0,0,0,0,2,0,0,0,0,0,0,0,0,0,0,0,0,0,50,0,16,0,0,0,0,0,0,0,0,0,3,0,0,0,0,0,0,0,16,0,53,0,24,0,84,0,28,0,38,0,0,0,0,2,38,0,0,0,0,0,7,0,32,1,0,0,0,0,0,0,0,0,0,0,0,0,0,0,0,0,0,0,0,0,0,0,101,144,143,81,60,0,0,8,0,0,0,0,0,0,0
0,0,0,0,0,28,0,0,0,14,0,0,0,156,0,13,0,0,10,200,0,93,0,33,0,0,20,340,0,81,0,41,0,11,0,73,0,114,0,8,3,59,0,70,0,125,0,44,0,23,0,0,0,0,0,16,0,15,0,5,0,28,0,19,0,0,0,0,0,0,0,0,0,0,0,0,0,0,0,0,0,181,0,0,0,154,0,54,0,0,0,0,0,2,0,33,0,0,0,62,0,15,0,0,0,0,0,0,0,0,0,0,0,0,0,0,0,0,0,1,0,33,0,11,0,0,0,0,0,0,0,0,0,0,0,0,0,0,0,128,0,86,0,129,0,0,0,0,0,0,0,0,0,0,0,0,0,30,0,0,0,0,0,4,0,36,0,25,0,86,0,19,0,59,0,0,0,26,0,7,0,0,0,0,0,0,0,126,0,0,0,0,0,0,0,0,0,0,0,0,0,0,0,0,0,0,0,0,0,0,1,0,0,0,41,0,0,0,71,158,110,23,0,0,3
5,0,0,0,0,0,94,5,191,27,0,0,1,0,0,0,88,0,0,0,9,0,16,0,73,0,0,0,11,0,6,0,0,0,0,0,4,0,0,0,0,0,0,0,0,0,0,0,0,0,3,0,0,2,228,3,146,2,44,11,45,0,183,0,2,0,0,4,0,0,0,0,0,0,0,0,0,0,0,0,0,0,0,0,31,0,0,0,0,0,0,0,0,0,0,0,22,0,0,0,0,0,0,0,0,0,0,0,0,0,0,0,0,0,0,0,0,0,0,0,5,0,12,0,0,0,0,0,76,0,0,0,0,0,0,1,82,0,493,0,116,0,76,0,25,0,0,0,2,0,0,0,4,0,513,0,128,0,186,0,33,0,16,0,0,0,1,0,27,0,175,0,9,0,0,0,101,3,0,0,0,0,29,0,36,0,0,0,0,0,0,0,0,0,0,0,0,0,0,0,10,0,0,0,0,0,0,0,0,0,43,213,100,69,45,0,0,0,0,0,0,0,0,0,0
0,0,0,0,0,0,11,64,20,113,1,0,0,0,0,1,0,66,0,0,0,0,0,2,0,35,0,0,0,26,0,4,0,0,0,0,0,0,0,8,0,0,0,0,0,0,0,0,0,0,0,0,2,0,10,54,0,129,4,10,0,50,3,125,0,0,0,2,0,0,0,0,0,0,0,0,0,2,0,0,0,7,0,0,0,31,0,0,0,0,0,3,0,0,0,0,0,0,0,5,0,4,0,0,0,0,0,0,0,0,0,0,0,0,0,0,0,0,0,0,0,0,0,0,0,0,0,0,0,43,0,15,0,28,0,26,0,67,0,436,0,47,0,157,0,54,0,0,0,0,0,0,0,0,0,332,0,73,0,236,0,15,0,2,0,0,0,0,0,0,0,30,0,0,0,0,3,24,0,2,0,0,0,4,0,2,0,0,0,0,0,0,0,0,0,0,0,0,0,0,0,0,0,0,0,0,0,0,0,0,0,0,0,0,58,0,0,0,36,386,50,39,0,0,1
0,0,19,0,7,0,132,10,135,142,4,0,0,0,38,0,41,0,0,0,0,0,98,0,235,0,0,0,3,0,0,0,0,0,0,0,3,0,2,0,0,0,0,0,0,0,0,0,40,0,0,0,228,10,0,49,152,4,190,47,27,0,57,0,23,0,3,27,0,0,0,0,0,0,0,0,0,0,0,0,2,0,0,0,0,0,1,0,0,0,0,0,0,0,0,0,3,0,0,0,0,0,0,0,0,0,0,0,0,0,0,0,0,0,0,0,0,0,0,0,0,0,0,0,29,1,0,0,150,0,134,0,82,0,35,0,196,0,53,0,18,0,90,0,0,0,5,0,42,0,0,0,0,0,151,0,44,0,47,0,233,0,34,0,4,0,0,0,113,0,323,0,32,0,0,0,63,14,0,0,2,1,1,0,0,6,0,0,0,0,0,0,0,0,0,0,0,0,0,0,27,0,0,0,0,0,0,0,8,0,342,122,414,465,456,0,90,0,0,0,0,0,0,0,0
0,15,2,114,0,0,26,317,83,92,0,5,0,0,0,62,0,94,0,18,0,0,0,64,13,428,0,0,0,21,0,0,0,0,0,0,0,5,0,14,0,0,0,0,0,17,0,0,0,3,0,16,3,54,49,0,2,282,35,113,0,18,13,59,0,8,4,0,0,1,0,0,0,0,0,0,0,4,0,0,0,0,0,0,0,22,0,0,0,0,0,0,0,0,0,0,0,0,0,5,0,0,0,0,0,0,0,0,0,0,0,0,0,0,0,0,0,0,0,0,0,0,0,0,0,20,0,29,0,40,0,57,0,61,0,101,0,277,0,139,0,16,0,90,0,0,0,4,0,0,0,0,0,0,0,167,0,21,0,49,2,98,0,0,0,5,0,0,0,13,0,189,0,68,0,0,22,48,0,0,0,0,3,0,3,5,0,0,0,0,0,0,0,0,0,1,0,0,0,0,0,0,0,0,0,0,0,0,0,33,0,0,0,1,559,0,0,0,374,321,363,390,14,9,4
7,0,3,0,0,0,0,0,9,0,0,0,0,0,0,0,14,0,0,0,0,0,4,0,22,0,0,0,0,0,0,0,0,0,0,0,0,0,0,0,0,0,0,0,0,0,0,0,49,0,0,0,146,0,152,2,0,1,567,20,0,0,10,0,62,10,66,13,0,0,0,0,2,0,0,0,0,0,2,0,3,0,0,0,0,0,0,0,0,0,0,0,0,0,0,0,0,0,0,0,0,0,0,0,0,0,0,0,0,0,0,0,0,0,0,0,0,0,0,3,0,0,0,0,16,0,0,0,75,0,86,0,26,0,4,0,7,0,14,0,0,2,10,0,17,1,0,0,10,0,0,0,0,0,231,2,54,0,39,0,282,0,85,0,0,0,5,0,108,0,134,0,20,0,0,2,3,0,0,0,0,33,0,0,10,0,0,0,0,0,0,0,0,0,0,0,0,0,0,0,0,0,0,0,0,0,0,0,1,0,482,173,676,630,985,0,139,0,1,0,0,0,0,0,0
0,0,0,0,0,0,1,25,7,7,0,0,0,0,0,0,0,50,0,0,0,8,0,0,0,92,0,0,0,11,0,0,0,0,0,2,0,0,0,6,0,0,0,0,0,8,0,0,0,0,0,15,2,129,4,282,1,0,21,402,0,0,0,27,0,9,3,18,0,3,0,0,0,0,0,0,0,0,0,0,0,0,0,0,0,0,0,0,0,0,0,0,0,0,0,0,0,0,0,0,0,0,0,0,0,0,0,0,0,1,0,0,0,0,0,0,0,0,0,0,0,0,0,0,0,26,0,19,0,31,0,102,0,68,0,0,0,36,0,57,0,6,0,0,0,0,0,0,0,9,0,0,0,0,0,314,0,0,0,90,0,163,0,12,0,2,0,0,0,34,0,329,0,16,0,0,1,0,0,0,0,4,0,3,1,0,0,0,0,0,0,0,0,0,0,0,0,0,0,0,0,0,0,0,0,0,0,0,0,17,9,3,0,0,789,0,0,0,432,191,522,385,38,4,3
0,0,2,0,0,0,5,0,93,34,0,0,0,0,0,0,0,0,0,0,0,0,0,0,1,0,0,0,1,0,0,0,2,0,0,0,0,0,0,0,0,0,0,0,0,0,0,0,21,0,4,0,44,4,190,35,567,21,0,167,20,0,5,0,71,23,399,99,0,0,0,0,0,0,0,0,0,0,0,0,0,0,0,0,0,0,2,0,0,0,0,0,0,0,0,0,0,0,0,0,0,0,0,0,0,0,0,0,0,0,0,0,0,0,2,0,0,0,0,0,0,0,0,0,4,0,0,0,0,0,4,4,0,0,1,0,0,0,0,2,0,0,0,0,8,1,0,0,0,0,0,0,0,0,92,13,76,0,0,9,10,12,0,0,5,0,0,0,32,0,54,0,14,0,5,4,97,0,0,0,0,85,0,0,341,11,0,0,0,0,0,0,0,0,1,0,0,0,0,0,0,0,0,0,0,0,0,0,0,0,567,290,189,370,775,1,56,0,0,1,0,0,0,0,0
0,0,0,5,0,0,5,0,64,102,0,0,0,0,0,0,0,3,0,0,0,0,0,0,0,0,0,6,0,0,0,0,0,0,0,0,0,0,0,0,0,0,0,3,0,5,0,0,0,3,0,5,11,10,47,113,20,402,167,0,0,0,0,0,2,248,86,433,0,0,0,2,0,0,0,0,0,1,0,0,0,0,0,0,0,0,0,0,0,0,0,0,0,0,0,2,0,0,0,0,0,0,0,1,0,0,0,0,0,0,0,0,0,0,0,7,0,0,0,0,0,0,0,0,0,39,0,12,0,0,0,66,0,20,0,0,0,12,0,6,0,0,0,0,0,20,0,1,0,24,0,3,0,0,0,26,1,16,0,17,0,95,0,0,0,3,0,1,0,5,0,49,0,16,0,25,7,1,0,0,0,97,0,0,28,247,0,0,0,0,0,0,0,0,0,0,0,0,0,1,0,0,0,0,0,0,0,2,0,9,15,0,2,1,1595,0,0,0,1154,639,390,473,48,3,4
67,0,0,0,0,0,148,0,140,0,1,0,0,0,0,0,6,0,0,0,0,0,0,0,47,0,0,0,2,0,0,0,17,0,0,0,32,0,30,0,0,0,0,0,0,0,0,0,0,0,0,0,45,0,27,0,0,0,20,0,0,0,91,0,0,0,0,0,0,0,0,0,0,0,0,0,0,0,0,0,0,0,0,0,0,0,0,0,0,0,0,0,0,0,0,0,0,0,0,0,0,0,0,0,0,0,0,0,0,0,0,0,0,0,0,0,0,0,0,0,8,0,2,0,0,0,0,0,0,0,0,0,0,0,0,0,0,0,124,0,90,0,11,0,99,0,0,0,0,0,0,0,0,0,67,0,199,0,0,0,0,0,0,0,0,0,0,0,0,0,138,0,100,0,1,0,21,3,1,0,0,0,6,0,0,0,0,0,0,0,0,0,0,0,0,0,0,0,0,0,0,0,0,0,0,0,0,0,0,0,86,340,18,31,50,0,0,2,0,0,0,0,0,0,0
0,136,0,38,0,0,0,201,0,60,0,0,0,0,0,0,0,19,0,0,0,1,0,0,2,57,0,0,0,7,0,3,0,0,0,18,0,10,0,11,0,0,0,14,0,0,0,0,0,0,0,28,0,50,0,18,0,0,0,0,0,0,0,81,0,0,0,0,0,0,0,0,0,0,0,0,0,0,0,0,0,0,0,0,0,1,0,0,0,0,0,0,0,0,0,0,0,0,0,0,0,0,0,0,0,0,0,0,0,0,0,0,0,0,0,0,0,0,0,0,0,0,0,0,0,0,0,0,0,0,0,0,0,0,0,0,0,0,0,41,0,29,0,0,0,101,0,0,0,2,0,0,0,0,0,16,0,164,0,25,0,0,0,0,0,0,0,0,0,0,0,30,0,141,0,0,0,16,0,11,0,0,0,41,0,4,0,0,0,0,0,0,0,0,0,0,0,0,0,0,0,0,0,0,0,0,0,0,0,0,0,0,0,0,0,0,0,0,15,633,17,0,0,1,0
57,0,87,0,0,0,408,31,250,87,0,0,9,0,1,0,302,0,0,0,115,0,23,0,162,19,76,0,148,0,44,0,28,0,28,0,41,0,50,0,0,0,0,0,23,0,5,0,8,0,0,0,183,3,57,13,10,0,5,0,91,0,0,0,0,0,0,2,0,0,4,0,0,0,8,0,0,0,0,0,0,0,0,0,70,0,0,0,0,0,0,0,0,0,0,0,31,0,0,0,0,0,0,0,0,0,0,0,0,0,0,0,0,0,0,0,0,0,0,0,24,0,20,0,0,0,0,0,0,0,0,0,11,0,0,0,47,0,421,0,169,0,112,0,40,0,6,0,0,0,0,0,3,0,184,0,82,0,48,0,0,0,0,0,0,0,0,0,0,0,20,0,61,0,2,0,130,38,0,0,2,0,20,0,10,0,0,0,0,0,0,0,0,0,0,0,0,0,0,0,0,0,0,0,0,0,0,0,0,1,69,276,30,41,42,0,1,0,0,0,0,0,0,0,0
14,147,16,31,0,0,17,333,0,124,0,0,0,0,0,7,6,420,0,39,0,93,5,82,22,190,0,0,0,212,0,40,0,13,0,18,0,16,0,75,0,4,0,29,0,27,0,0,0,8,0,19,0,125,0,59,0,27,0,0,0,81,0,0,0,0,0,0,0,0,0,0,0,0,0,0,0,0,0,0,0,0,0,0,0,16,0,0,0,0,0,0,0,0,0,0,0,0,0,1,0,0,0,0,0,0,0,0,0,0,0,0,0,0,0,0,0,0,0,0,0,0,0,0,0,0,0,0,0,18,0,6,0,0,0,17,0,0,0,151,0,15,0,45,0,39,0,0,0,0,0,0,0,0,0,81,0,76,0,67,0,4,0,0,0,0,0,0,0,0,0,4,0,25,0,0,13,98,0,0,0,0,1,39,0,0,0,0,0,0,0,0,0,0,0,0,0,0,0,0,0,2,0,0,0,0,0,0,0,0,0,0,0,0,27,0,0,0,18,669,0,14,0,0,0
0,0,18,0,3,0,3,0,69,0,3,0,1,0,0,0,0,1,0,0,0,0,0,0,2,1,0,0,0,0,0,0,0,0,0,0,0,0,0,0,0,0,0,0,0,0,0,0,0,0,0,0,2,0,23,0,62,0,71,2,0,0,0,0,0,18,131,0,0,0,1,0,0,0,0,0,0,0,0,0,0,0,0,0,0,0,0,0,0,0,0,0,0,0,0,0,0,0,0,0,0,0,0,0,0,0,0,0,0,0,0,0,0,0,0,0,0,0,0,0,0,0,0,0,0,8,0,0,0,0,24,24,0,0,3,0,0,0,7,4,0,10,0,0,32,0,1,0,22,44,0,0,0,6,0,0,0,0,0,0,360,9,0,0,0,0,0,0,0,0,0,0,2,0,35,0,6,0,0,0,163,111,0,0,95,5,2,0,0,0,0,0,0,0,0,0,0,0,0,0,1,3,0,0,0,0,0,0,0,0,35,0,0,0,42,0,0,0,2,0,0,0,0,0,0
0,43,0,21,0,18,0,0,0,253,0,16,0,5,0,15,0,0,0,35,0,0,0,0,0,0,0,32,0,0,0,0,0,16,0,1,0,0,0,0,0,4,0,0,0,0,0,0,0,1,0,0,0,0,0,8,10,9,23,248,0,0,0,0,18,0,0,349,0,0,0,6,0,0,0,0,0,0,0,0,0,5,0,0,0,2,0,0,0,0,0,0,0,0,0,0,0,0,0,0,0,0,0,0,0,0,0,0,0,0,0,0,0,0,0,0,0,0,0,0,0,0,0,0,1,18,0,7,1,0,0,36,0,0,0,21,0,11,0,47,0,37,0,0,0,105,0,9,8,34,0,0,0,6,5,1,0,0,10,0,25,446,0,7,0,1,0,7,0,0,0,0,0,0,0,67,4,0,0,0,6,256,0,8,9,73,0,0,0,0,0,0,0,0,0,0,0,0,0,2,0,0,0,0,0,0,0,0,0,33,1,0,0,0,102,0,0,0,145,19,66,0,0,0,0
0,0,3,0,1,0,1,0,44,0,0,0,0,0,0,0,0,0,0,0,0,0,0,0,0,0,0,0,0,0,0,0,0,0,0,0,0,0,0,0,0,0,0,0,1,0,0,0,0,0,0,0,0,0,3,4,66,3,399,86,0,0,0,0,131,0,0,41,0,0,0,0,0,0,0,0,0,0,0,0,0,0,0,0,0,0,0,0,0,0,0,0,0,0,0,0,0,0,0,0,0,0,0,0,0,0,0,0,0,0,0,0,0,0,0,0,0,0,0,0,0,0,0,0,4,0,0,0,0,0,36,0,0,0,0,0,0,0,0,0,0,0,0,0,10,0,0,0,40,3,0,0,0,0,13,5,8,0,0,0,76,9,4,0,0,0,2,0,0,0,2,0,0,0,18,3,112,0,0,0,62,97,0,0,374,0,0,0,0,0,0,0,0,0,0,0,0,0,0,0,0,0,0,0,0,0,0,0,0,0,66,48,0,0,105,1,3,0,0,0,0,0,0,0,0
0,6,0,0,0,0,0,0,47,115,0,2,0,0,0,0,0,0,0,0,0,1,0,0,0,0,0,0,0,0,0,0,0,0,0,0,0,0,0,0,0,0,0,0,0,0,0,0,0,0,0,0,4,2,27,0,13,18,99,433,0,0,2,0,0,349,41,0,0,0,0,0,0,0,0,0,0,0,0,0,0,0,0,0,0,0,0,0,0,0,0,0,0,0,0,0,0,0,0,0,0,0,0,0,0,0,0,0,0,0,0,0,0,0,0,0,0,0,0,0,0,0,0,0,0,26,0,0,0,1,0,55,0,0,0,0,0,0,0,2,0,0,0,0,0,10,0,0,0,37,0,0,0,0,2,2,0,0,0,3,1,133,0,3,0,0,0,1,0,0,0,3,0,0,0,40,7,1,0,0,0,123,0,3,15,386,0,0,0,0,0,0,0,0,0,0,0,0,0,0,0,0,0,0,0,0,0,3,0,6,3,0,0,0,68,0,0,0,88,120,0,0,0,0,0
0,0,0,0,0,0,0,0,0,0,0,0,0,0,0,0,0,0,0,0,0,0,0,0,0,0,0,0,0,0,0,0,0,0,0,0,0,0,0,0,0,0,0,0,0,0,0,0,8,0,0,0,0,0,0,0,0,0,0,0,0,0,0,0,0,0,0,0,0,0,0,0,1,0,0,0,88,0,6,0,0,0,16,0,0,0,4,0,27,0,0,0,16,0,8,0,0,0,0,0,0,0,116,0,0,0,0,0,50,0,0,0,3,0,31,0,4,0,0,0,0,0,0,0,0,0,0,0,0,0,0,0,0,0,0,0,0,0,0,0,0,0,0,0,0,0,0,0,0,0,0,0,0,0,0,0,0,0,0,0,0,0,0,0,9,0,0,0,116,0,3,0,0,0,0,0,0,0,0,0,0,0,0,0,0,0,0,0,0,0,0,0,13,0,20,0,0,0,0,0,0,0,22,0,0,0,0,0,0,0,84,0,60,4,11,26,154,2,0,0,0,0,0,0,0
0,0,0,0,0,0,0,0,0,2,0,0,0,0,0,0,0,0,0,0,0,0,0,0,0,0,0,0,0,0,0,0,0,0,0,1,0,0,0,0,0,2,0,0,0,0,0,0,0,3,0,0,0,0,0,1,0,3,0,0,0,0,0,0,0,0,0,0,0,0,0,0,0,0,0,0,0,46,0,0,0,1,0,17,0,0,0,4,0,46,0,0,0,16,0,33,0,0,0,1,0,6,0,54,0,0,0,0,0,50,0,0,0,12,0,6,0,21,0,0,0,0,0,0,0,3,0,0,0,0,0,0,0,0,0,0,0,0,0,0,0,0,0,0,0,0,0,0,0,0,0,0,0,0,0,0,0,0,0,0,0,0,0,0,0,3,0,0,0,46,0,3,0,0,0,0,0,0,0,0,0,0,0,0,0,0,0,0,0,22,0,0,0,0,0,25,0,0,0,0,0,0,0,12,0,0,0,0,0,0,0,0,0,0,5,0,0,0,63,9,99,0,17,13,5
0,0,0,0,0,0,0,0,0,0,0,0,0,0,0,0,2,0,0,0,0,0,0,0,0,0,0,0,13,0,11,0,3,0,0,0,24,0,0,0,0,0,0,0,0,0,0,0,0,0,12,0,0,0,0,0,0,0,0,0,0,0,4,0,1,0,0,0,0,0,0,0,208,0,403,0,4,0,125,0,6,0,0,0,1,0,4,0,0,0,0,0,0,0,1,0,0,0,0,0,0,0,0,0,0,0,0,0,0,0,0,0,0,0,0,0,0,0,0,0,27,0,16,0,0,0,18,0,27,0,0,0,13,0,0,0,32,0,0,0,50,0,47,0,65,0,15,0,18,0,0,0,13,0,0,0,1,0,0,0,0,0,25,0,0,0,0,0,12,0,30,0,19,0,28,0,0,0,0,0,0,2,0,0,2,0,0,0,0,0,0,0,0,0,0,0,0,0,0,0,1,0,0,0,0,0,0,0,15,0,29,4,0,1,2,0,0,0,0,0,0,0,0,0,0
0,0,0,0,0,0,0,0,0,0,0,0,0,0,0,0,0,0,0,0,0,0,0,0,0,0,0,0,0,0,0,0,0,0,0,0,0,0,0,0,0,0,0,0,0,0,0,0,0,4,0,0,0,0,0,0,0,0,0,2,0,0,0,0,0,6,0,0,0,0,0,0,0,108,0,215,0,11,0,12,0,0,0,0,0,2,0,60,0,0,0,0,0,0,0,0,0,0,0,0,0,0,0,0,0,0,0,0,0,0,0,0,0,0,0,0,0,0,0,0,0,19,0,1,0,0,0,19,0,16,0,43,0,0,0,0,0,93,0,0,0,21,0,23,0,122,0,0,0,19,0,0,0,0,0,0,0,0,0,0,0,0,0,34,0,0,0,0,0,13,0,10,0,16,0,0,0,0,0,0,2,7,0,0,0,2,0,0,0,0,0,0,0,0,0,0,0,0,0,0,0,0,0,0,0,0,0,0,0,0,0,0,0,0,0,0,0,0,52,0,4,0,0,0,0
0,0,0,0,0,0,0,0,0,0,0,0,0,0,0,0,0,0,0,0,0,0,0,0,0,0,0,0,0,0,0,0,0,0,4,0,2,0,0,0,0,0,3,0,0,0,0,0,0,0,0,0,0,0,0,0,2,0,0,0,0,0,0,0,0,0,0,0,1,0,208,0,0,0,155,0,18,0,130,0,3,0,12,0,8,0,11,0,0,0,0,0,6,0,1,0,4,0,0,0,0,0,0,0,0,0,0,0,0,0,0,0,0,0,0,0,0,0,0,0,91,0,57,0,29,0,0,0,62,0,8,0,13,0,85,0,97,0,0,0,110,0,165,0,66,0,0,0,0,0,28,0,0,0,0,0,0,0,0,0,0,0,76,0,0,0,0,0,18,0,0,0,0,0,0,1,0,0,0,0,0,0,0,0,1,0,0,0,16,0,0,0,0,0,0,0,0,0,103,0,42,0,0,0,0,0,0,0,0,0,288,6,20,0,26,0,0,0,0,0,0,0,0,0,0
0,0,0,0,0,0,0,0,0,0,0,0,0,0,0,0,0,0,0,0,0,0,0,0,0,0,0,0,0,0,0,0,0,0,0,0,0,0,0,0,0,0,0,0,0,0,0,0,0,0,0,0,0,0,0,0,0,0,0,0,0,0,0,0,0,0,0,0,0,0,0,108,0,0,0,358,0,111,0,31,0,0,0,6,0,26,0,142,0,0,2,0,0,0,0,0,0,0,0,2,0,0,0,1,0,8,0,0,0,0,0,0,0,0,0,0,0,0,0,0,0,82,0,31,0,0,0,62,0,23,0,26,0,78,0,223,3,189,0,54,0,15,0,48,0,45,0,0,0,19,0,0,0,0,0,0,0,0,0,0,0,0,0,56,0,0,0,0,0,11,0,1,0,0,0,0,0,0,0,0,3,0,0,0,0,0,0,0,0,0,0,0,0,0,0,7,0,0,0,0,0,93,0,0,0,69,0,0,0,0,0,0,0,0,13,0,0,0,118,3,9,2,0,0,0
0,0,0,0,0,0,0,0,0,0,0,0,0,0,1,0,0,0,0,0,0,0,0,0,0,0,0,0,8,0,0,0,0,0,0,0,13,0,0,0,0,0,0,0,0,0,0,0,3,0,0,0,0,0,0,0,0,0,0,0,0,0,8,0,0,0,0,0,0,0,403,0,155,0,0,0,11,0,164,0,21,1,7,0,0,0,10,0,0,0,0,0,1,0,4,0,0,0,22,0,1,0,0,0,0,0,0,0,0,0,0,0,0,0,0,0,0,0,0,0,270,0,55,0,0,0,0,0,13,0,20,0,11,0,55,4,54,0,0,0,72,0,108,0,173,0,24,2,31,0,0,0,34,0,0,0,0,0,0,0,0,0,25,0,0,0,2,0,5,0,17,0,0,0,82,0,0,0,0,0,33,2,0,0,10,0,0,0,0,0,0,0,0,0,0,0,0,0,44,0,10,0,0,0,0,0,0,0,21,0,77,0,0,0,12,0,0,0,1,0,3,0,0,0,0
0,0,0,0,0,0,0,0,0,0,0,0,0,0,0,0,0,1,0,0,0,0,0,0,0,0,0,0,0,0,0,0,0,0,0,0,0,0,0,0,0,0,0,0,0,0,0,0,0,4,0,0,0,0,0,0,0,0,0,0,0,0,0,0,0,0,0,0,0,0,0,215,0,358,0,0,0,11,0,71,0,6,0,0,0,0,0,68,0,0,0,0,0,0,0,1,0,0,0,1,0,0,0,0,0,0,0,0,0,0,0,0,0,0,0,0,0,0,0,0,0,240,0,93,0,29,0,39,0,0,0,0,0,80,0,135,0,209,0,34,0,41,0,70,0,185,0,23,0,42,0,0,0,0,0,0,0,0,0,0,0,4,0,62,0,0,0,0,0,0,0,12,0,0,0,6,0,0,0,0,0,21,0,0,0,0,0,0,0,0,0,0,0,0,0,0,0,0,0,19,0,0,0,0,0,0,0,0,0,0,0,0,0,0,0,0,0,0,70,0,9,0,0,0,0
0,0,0,0,0,0,0,0,1,0,0,0,0,0,0,0,0,0,0,0,0,0,0,0,0,0,0,0,0,0,0,0,0,0,0,0,0,0,0,0,0,0,0,0,0,0,0,0,10,0,0,0,0,0,0,0,0,0,0,0,0,0,0,0,0,0,0,0,88,0,4,0,18,0,11,0,0,0,56,0,3,0,27,0,21,1,56,0,17,0,9,0,50,0,0,0,0,0,13,0,4,0,84,0,44,0,0,0,34,0,0,0,0,0,22,0,1,0,0,1,11,0,0,0,0,0,0,0,0,0,0,0,0,0,17,0,0,0,0,0,0,0,0,0,0,0,0,0,0,0,0,0,0,0,0,0,0,0,0,0,0,0,0,0,19,0,0,0,37,0,0,0,7,0,0,0,0,0,0,0,0,0,0,0,0,0,0,0,106,0,65,0,114,0,111,0,12,0,0,0,67,0,160,0,135,0,0,0,0,0,46,6,50,3,12,1,19,0,0,0,0,0,0,0,0
0,0,0,0,0,0,0,0,0,0,0,0,0,0,0,0,0,0,0,0,0,0,0,0,0,0,0,0,0,0,0,0,0,0,0,0,0,0,0,0,0,4,0,0,0,11,0,0,0,0,0,0,0,2,0,4,0,0,0,1,0,0,0,0,0,0,0,0,0,46,0,11,0,111,0,11,0,0,0,12,0,34,0,40,0,19,0,146,0,17,0,0,0,14,0,13,0,0,0,0,0,1,0,49,0,65,0,8,0,15,0,0,0,7,0,2,0,33,0,0,0,17,0,0,0,0,0,14,0,2,0,4,0,0,0,0,1,0,0,4,0,0,0,0,0,0,0,0,0,4,0,0,0,3,0,0,0,0,0,0,0,0,0,0,0,14,0,0,0,107,0,4,0,0,0,0,0,0,0,0,0,10,0,1,0,1,0,0,0,140,0,0,0,0,0,94,0,0,0,0,0,40,0,95,0,111,0,0,0,0,0,0,0,0,0,0,0,0,68,0,76,0,9,0,0
0,0,0,0,0,0,0,0,0,0,0,0,0,0,0,0,0,0,0,0,0,0,0,0,0,0,0,0,0,0,0,0,0,0,0,0,0,0,0,0,0,0,0,0,9,0,0,0,9,0,9,0,0,0,0,0,2,0,0,0,0,0,0,0,0,0,0,0,6,0,125,0,130,0,164,0,56,0,0,0,3,0,55,0,53,0,86,0,0,0,3,0,77,0,3,0,29,0,9,0,0,0,0,0,38,0,12,0,4,0,0,0,0,0,1,0,0,0,0,0,117,0,65,0,0,0,0,0,0,0,0,0,0,0,0,0,0,0,0,0,33,0,105,0,8,0,0,0,6,0,0,0,0,0,0,0,0,0,0,0,0,0,0,0,0,0,3,0,62,0,5,0,2,0,6,0,0,0,0,0,0,0,0,0,0,0,0,0,59,0,57,0,95,0,39,0,0,0,160,0,124,0,205,0,88,0,0,0,0,0,146,0,53,7,17,2,2,1,1,0,0,0,0,0,0
