0,248,36,184,150,82,35,91,70,0,120,0,246,0,12,197,0,42,21,0,0,4,41,255,0,191,40,0,51,21,0,0,0,0,0,0,12,9,269,0,48,0,0,0,0,0,75,0,0,0,0,0,2,0,0,0,0,0,13,0,22,0,0,0,18,0,7,0,0,0,0,0,0,0,0,0,0,0,0,0,0,0,0,0,0,0,0,0,0,0,0,0,0,0,0,0,0,0,0,0,0,0,0,0,0,0,0,0,0,0,0,0,0,0,0,0,0,0,0,0,0,0,0,0,17,0,0,0,0,0,10,0,1,0,7,0,0,0,0,0,0,0,0,0,0,0,30,0,55,0,25,0,0,0,0,0,1,0,0,0,0,0,2,0,0,0,0,0,16,0,23,0,115,0,0,0,457,89,34,0,0,0,68,0,87,0,0,0,0,0,0,0,0,0,0,0,0,0,0,0,0,0,0,0,0,0,0,0,16,0,510,47,207,0,152,0,0,0,0,1,0,0,0,0,0
248,0,229,25,34,340,270,58,131,88,0,332,0,193,0,17,96,0,0,83,0,0,280,0,258,5,0,168,0,0,0,0,0,135,0,0,0,138,33,319,0,63,0,0,0,37,0,164,0,16,0,0,0,0,42,25,0,0,3,17,0,128,46,29,0,97,0,3,0,0,0,0,0,0,0,3,0,0,0,0,0,0,0,0,0,3,0,2,0,0,0,0,0,0,0,0,0,7,0,0,0,8,0,0,0,0,0,0,0,0,0,0,0,0,0,0,0,0,0,0,0,0,0,0,0,61,0,57,0,0,0,0,0,0,0,84,0,12,0,0,0,0,0,0,0,0,0,72,0,129,0,80,0,64,0,0,0,0,0,0,0,5,0,3,0,11,0,8,0,26,0,4,0,73,0,0,177,734,0,3,0,45,4,23,0,96,0,2,0,1,0,0,0,0,0,0,0,0,0,0,0,17,0,0,0,0,0,0,0,100,5,0,0,0,367,0,0,0,782,114,366,120,0,0,0
36,229,0,0,168,0,74,0,10,0,48,89,238,0,161,199,71,0,77,0,33,0,421,193,35,72,128,0,192,0,74,0,161,0,0,0,0,0,457,15,0,0,0,0,0,0,81,0,19,0,0,0,0,0,19,0,0,0,30,0,22,0,14,0,16,0,4,0,0,0,0,0,0,0,0,0,0,0,0,0,0,0,0,0,0,0,0,0,0,0,0,0,0,0,0,0,0,0,0,0,0,0,0,0,0,0,0,0,0,0,0,0,0,0,0,0,0,0,0,0,0,0,0,0,50,0,128,0,0,0,43,0,7,0,332,0,46,0,0,0,0,0,0,0,0,0,144,0,167,0,136,0,0,0,0,0,0,0,0,0,10,0,4,0,0,0,0,0,23,0,20,0,198,0,0,0,175,88,0,0,0,0,14,0,79,0,0,0,0,0,0,0,0,0,0,0,0,0,69,0,0,0,0,0,0,0,25,0,195,0,581,40,328,0,285,0,0,0,0,0,0,0,0,0,0
184,25,0,0,0,189,0,96,0,8,0,2,0,0,0,200,40,43,0,161,0,32,166,129,65,68,0,96,0,260,0,83,0,179,0,0,0,0,0,256,0,0,0,0,0,0,0,0,1,0,0,0,0,0,0,111,0,0,0,12,0,0,5,7,1,5,0,0,0,0,0,0,0,0,0,0,0,0,0,0,0,0,0,0,0,0,0,0,0,0,0,0,0,0,0,0,0,0,0,0,0,0,0,0,0,0,0,0,0,0,0,0,0,0,0,0,0,0,0,0,0,0,0,0,0,32,0,42,0,0,0,68,0,0,0,317,0,124,0,0,0,0,0,0,0,0,0,0,0,30,0,23,0,0,0,0,0,0,0,0,0,0,0,0,0,5,0,0,0,0,1,8,0,60,0,0,49,79,0,0,0,0,0,2,0,0,0,0,0,0,0,0,0,0,0,0,0,0,0,0,0,70,0,0,0,0,0,0,0,183,3,0,0,0,239,0,0,0,287,49,352,90,0,0,0
150,34,168,0,0,656,24,0,65,0,168,274,641,81,255,395,47,0,226,207,328,0,157,0,0,0,210,0,0,0,186,0,223,0,160,0,119,0,169,0,53,0,0,0,0,10,208,0,0,0,0,0,0,0,0,0,0,0,9,0,0,0,0,0,28,0,7,0,0,0,0,0,0,0,0,0,0,0,0,0,0,0,0,0,0,0,0,0,0,0,0,0,0,0,0,0,0,0,0,0,0,0,0,0,0,0,0,0,0,0,0,0,0,0,0,0,0,0,0,0,0,0,0,0,0,0,0,0,0,0,0,0,0,0,0,0,0,0,0,0,0,0,0,0,0,0,70,0,162,0,96,0,0,0,0,0,0,0,0,0,0,0,0,0,40,0,125,0,75,0,0,0,157,0,0,0,411,164,18,0,0,0,130,0,112,0,0,0,0,0,0,0,0,0,0,0,0,0,0,0,0,0,0,0,0,0,0,0,0,0,772,310,656,0,295,0,0,0,0,22,0,0,0,0,0
82,340,0,189,656,0,0,114,0,36,430,200,312,199,703,139,0,0,124,203,313,191,327,138,0,35,0,292,0,55,68,182,0,228,73,337,0,204,35,14,0,52,0,0,0,0,0,241,0,0,0,0,0,0,0,36,0,0,0,0,0,0,0,0,0,51,0,0,0,0,0,0,0,0,0,0,0,0,0,0,0,0,0,0,0,0,0,0,0,0,0,0,0,0,0,0,0,0,0,0,0,0,0,0,0,0,0,0,0,0,0,0,0,0,0,0,0,0,0,0,0,17,0,0,0,0,0,0,0,0,0,73,0,0,0,0,0,117,0,0,0,0,0,0,0,0,0,0,0,127,0,0,0,0,0,0,0,0,0,0,0,0,0,0,0,0,0,183,0,130,0,11,0,64,0,0,257,425,33,0,0,0,0,0,0,0,0,0,0,0,0,0,0,0,0,0,0,0,0,0,0,93,0,0,0,0,0,0,0,141,0,0,0,0,332,0,0,0,642,385,585,0,0,0,0
35,270,74,0,24,0,0,0,36,0,7,0,30,0,81,0,28,0,57,0,23,0,65,0,128,204,0,0,166,18,0,0,4,0,0,0,0,0,164,36,0,0,0,0,0,0,0,0,40,0,0,0,17,0,205,7,20,0,86,0,172,0,197,55,19,0,25,0,0,0,0,0,0,0,0,0,0,0,0,0,0,0,0,0,0,0,0,0,0,0,0,0,0,0,0,0,0,0,0,0,0,0,0,0,0,0,0,0,0,0,0,0,0,0,0,0,0,0,0,0,0,0,0,0,120,0,223,0,70,0,129,0,22,0,225,0,89,0,4,0,0,0,0,0,0,0,68,0,39,0,72,0,0,0,0,0,0,0,6,0,50,0,0,0,0,0,0,0,19,0,106,0,189,0,0,0,126,66,0,0,0,0,1,0,1,0,0,0,0,0,0,0,0,0,0,0,0,0,46,0,0,0,0,0,0,0,31,0,208,0,683,88,565,0,646,0,132,0,5,0,0,0,0,0,0
91,58,0,96,0,114,0,0,305,17,0,23,0,18,0,83,22,65,0,52,0,0,0,27,110,47,0,68,0,159,0,0,0,0,0,0,0,47,0,243,0,0,0,0,0,0,0,0,0,0,0,0,0,53,90,395,0,47,0,66,0,188,63,356,0,20,0,0,0,0,0,0,0,0,0,0,0,0,0,0,0,0,0,0,0,0,0,0,0,0,0,0,0,0,0,0,0,0,0,0,0,0,0,0,0,0,0,0,0,0,0,0,0,0,0,0,0,0,0,0,0,0,0,0,0,76,0,104,0,16,0,134,0,0,0,122,0,85,0,0,0,0,0,2,0,0,0,53,0,49,0,54,0,0,0,0,0,0,0,0,0,6,0,0,0,14,0,0,0,33,0,0,0,146,0,0,62,77,0,0,0,0,0,6,0,0,0,0,0,0,0,0,0,0,0,0,0,0,0,0,0,0,0,0,0,2,0,0,0,228,0,0,0,0,787,0,0,0,1035,104,628,424,42,79,0
70,131,10,0,65,0,36,305,0,381,24,0,75,0,0,4,1,46,7,0,0,0,0,0,2,125,0,0,0,10,0,0,0,3,0,0,0,3,0,11,0,0,0,0,0,0,0,0,5,0,0,0,24,69,17,162,3,0,219,36,91,0,44,112,151,0,190,32,0,0,0,0,0,0,0,0,0,0,0,0,0,0,0,0,0,0,0,0,0,0,0,0,0,0,0,0,0,0,0,0,0,0,0,0,0,0,0,0,0,0,0,0,0,0,0,0,0,0,0,0,0,0,0,0,46,0,72,0,0,0,76,0,0,0,0,0,0,0,0,0,0,0,0,0,0,0,57,0,131,0,40,0,11,0,0,0,3,0,0,0,41,0,0,0,0,0,0,0,11,0,48,0,27,0,0,0,535,163,4,0,0,0,12,0,149,0,0,0,0,0,0,0,0,0,0,0,0,0,9,0,0,0,0,0,0,0,0,0,18,0,228,75,89,60,146,0,46,0,0,0,0,0,0,0,0
0,88,0,8,0,36,0,17,381,0,0,97,0,0,0,2,0,3,0,23,0,0,0,0,36,0,0,54,0,0,0,0,0,0,0,0,0,0,0,0,0,0,0,0,0,0,0,37,0,0,0,0,56,40,312,53,23,21,171,150,0,83,43,64,0,388,64,286,0,0,0,0,0,0,0,0,0,0,0,0,0,0,0,0,0,2,0,0,0,0,0,0,0,0,0,6,0,3,0,0,0,0,0,0,0,0,0,0,0,0,0,0,0,0,0,0,0,0,0,0,0,0,0,1,0,153,0,65,0,0,0,81,0,0,0,17,0,10,0,0,0,1,0,0,0,0,0,70,0,112,0,44,0,0,0,0,0,0,0,2,3,19,0,0,0,0,0,2,0,0,0,12,0,0,0,0,55,784,0,0,0,0,3,9,12,86,0,0,0,0,0,0,0,0,0,0,0,0,0,0,0,0,0,0,0,0,0,34,0,66,0,0,0,0,298,0,0,0,391,152,187,247,0,0,0
120,0,48,0,168,430,7,0,24,0,0,94,374,0,36,368,0,0,41,71,97,0,14,0,0,0,0,0,0,0,80,8,97,0,28,15,45,4,41,0,79,0,0,0,0,0,119,2,17,0,14,0,0,0,0,0,0,0,3,0,0,0,1,0,11,0,0,0,0,0,0,0,0,0,0,0,0,0,0,0,0,0,0,0,0,0,0,0,0,0,0,0,0,0,0,0,0,0,0,0,0,0,0,0,0,0,0,0,0,0,0,0,0,0,0,0,0,0,0,0,0,0,0,0,5,0,19,0,0,0,0,0,0,0,0,0,0,0,0,0,0,0,0,0,0,0,0,0,17,0,32,0,0,0,0,0,0,0,0,0,0,0,0,0,0,0,32,0,0,0,0,0,38,0,0,0,580,117,123,0,68,0,73,0,22,0,7,0,0,0,0,0,0,0,0,0,0,0,0,0,0,0,0,0,0,0,0,0,0,0,385,122,175,0,128,0,0,0,0,0,0,0,0,0,0
0,332,89,2,274,200,0,23,0,97,94,0,74,380,336,7,0,0,20,20,109,28,223,0,0,0,0,102,0,0,36,42,0,106,17,123,0,81,0,0,0,214,0,0,0,40,0,189,0,47,0,6,0,0,0,0,0,0,0,7,0,2,0,0,0,28,0,0,0,0,0,2,0,0,0,0,0,0,0,0,0,13,0,0,0,0,0,0,0,0,0,0,0,0,0,0,0,0,0,6,0,0,0,0,0,0,0,0,0,0,0,0,0,0,0,0,0,0,0,0,0,0,0,0,0,11,0,0,0,0,0,0,0,0,0,30,0,5,0,0,0,0,0,0,0,0,0,48,0,50,0,108,0,134,0,0,0,0,0,0,0,0,0,0,0,0,0,35,0,0,0,0,0,14,0,0,146,675,0,63,0,132,0,78,0,144,0,0,0,0,0,0,0,0,0,0,0,0,0,0,0,0,0,0,0,0,0,0,0,0,2,0,0,0,93,0,0,0,318,159,130,0,2,0,0
246,0,238,0,641,312,30,0,75,0,374,74,0,789,58,35,0,0,235,340,193,44,35,0,0,0,224,566,0,0,0,0,0,0,276,0,58,0,0,0,306,161,93,0,64,153,416,528,105,0,441,0,0,0,0,0,0,0,0,0,0,0,0,0,0,0,0,0,0,0,0,0,0,0,0,0,0,0,0,0,0,0,0,0,0,0,0,0,0,0,0,0,0,0,0,0,0,0,0,0,0,0,0,0,0,0,0,0,0,0,0,0,0,0,0,0,0,0,0,0,0,0,0,0,0,0,0,0,0,0,0,0,0,0,0,0,0,0,0,0,0,0,0,0,0,0,0,0,0,0,79,0,0,0,0,0,0,0,0,0,0,0,0,0,89,8,33,0,81,0,0,0,28,0,0,0,389,155,68,0,66,0,83,0,0,0,242,0,0,0,0,0,0,0,0,0,0,0,0,0,0,0,0,0,0,0,0,0,0,0,242,411,276,0,56,0,0,2,0,18,0,0,0,0,0
0,193,0,0,81,199,0,18,0,0,0,380,789,0,59,0,0,0,436,70,282,53,0,1,0,0,453,75,0,0,0,0,0,0,101,311,2,82,0,0,76,412,0,110,0,54,114,282,0,79,82,318,0,0,0,0,0,0,0,0,0,0,0,0,0,0,0,0,0,2,0,0,0,0,0,0,0,0,0,0,0,0,0,0,0,0,0,0,0,0,0,0,0,1,0,0,0,0,0,0,0,0,0,0,0,0,0,0,0,0,0,0,0,0,0,0,0,0,0,0,0,0,0,0,0,0,0,0,0,0,0,0,0,0,0,0,0,0,0,0,0,0,0,0,0,0,0,28,0,0,0,47,0,53,0,0,0,0,0,0,0,0,0,0,0,100,0,28,0,93,0,0,0,0,0,0,47,461,22,24,0,46,0,20,0,34,82,120,0,0,0,0,0,0,0,0,0,0,0,0,0,0,0,0,0,0,0,0,0,0,5,0,0,0,56,0,0,0,122,382,283,0,16,0,0
12,0,161,0,255,703,81,0,0,0,36,336,58,59,0,285,42,0,395,194,370,58,311,0,65,0,292,0,0,0,181,30,118,0,23,101,82,21,11,0,0,0,0,0,0,5,26,0,6,0,18,0,0,0,115,0,0,0,0,0,0,0,0,0,12,0,0,0,0,0,0,0,0,0,0,0,0,0,0,0,0,0,0,0,0,0,0,0,0,0,0,0,0,0,0,0,0,0,0,0,0,0,0,0,0,0,0,0,0,0,0,0,0,0,0,0,0,0,0,0,0,0,0,0,0,0,0,0,22,0,0,0,0,0,528,0,0,0,0,0,0,0,0,0,0,0,80,0,153,0,63,0,0,0,0,0,0,0,0,0,0,2,0,0,10,0,45,0,0,6,0,0,49,2,0,0,112,89,0,0,0,0,11,0,44,0,0,0,0,0,0,0,0,0,0,0,0,0,0,0,0,0,0,0,0,0,0,0,136,0,202,167,283,0,85,0,0,0,0,19,0,0,0,0,0
197,17,199,200,395,139,0,83,4,2,368,7,35,0,285,0,107,30,0,422,119,223,438,304,29,98,0,91,0,29,41,88,39,135,0,0,18,143,57,8,0,0,0,0,0,9,0,0,0,0,0,0,0,0,0,102,0,0,0,0,0,0,0,6,0,9,0,0,0,0,0,0,0,0,0,0,0,0,0,0,0,0,0,0,0,94,0,0,0,0,0,0,0,0,0,0,0,80,0,0,0,0,0,0,0,0,0,0,0,0,0,0,0,0,0,0,0,0,0,0,0,0,0,4,0,0,0,0,0,47,0,0,0,0,0,714,0,271,1,32,0,0,0,45,0,0,0,0,0,32,0,0,0,0,0,0,0,0,0,0,0,4,0,0,0,10,0,123,0,41,0,0,0,52,0,0,77,57,7,0,0,0,0,0,0,0,0,0,0,0,0,0,0,0,0,0,0,0,0,0,0,214,0,0,0,0,0,0,0,0,0,0,0,0,55,0,0,0,125,462,191,19,0,0,0
0,96,71,40,47,0,28,22,1,0,0,0,0,0,42,107,0,0,96,0,171,0,66,76,119,44,228,0,366,0,142,0,48,0,0,0,3,9,86,0,0,0,4,0,0,0,0,0,5,0,4,0,129,0,83,0,0,0,19,0,0,2,164,0,3,0,2,0,0,0,0,0,0,0,0,0,0,0,0,0,0,0,0,0,191,0,40,0,0,0,214,0,0,0,0,0,875,0,177,0,0,0,0,0,0,0,328,0,0,0,0,0,0,0,0,0,0,0,0,0,23,0,0,0,0,0,0,0,111,0,0,0,31,0,260,0,490,0,166,0,129,0,433,0,1,0,0,0,0,0,0,0,0,0,111,0,0,0,93,0,0,0,0,0,0,0,1,0,0,0,2,0,9,0,0,0,44,15,0,0,0,1,0,0,0,0,0,0,0,0,0,0,0,0,0,0,0,0,84,0,501,0,0,0,0,0,0,0,23,0,57,186,38,7,0,0,0,0,0,0,0,0,0,0,0
42,0,0,43,0,0,0,65,46,3,0,0,0,0,0,30,0,0,0,39,0,164,14,105,36,134,0,69,0,229,0,47,0,26,0,17,0,9,0,23,0,0,0,0,0,0,0,0,0,0,0,5,0,19,6,50,0,135,0,0,0,0,0,37,0,0,0,0,0,0,0,0,0,0,0,0,0,0,0,0,0,62,0,0,0,69,0,0,0,0,0,14,0,0,0,0,0,58,0,83,0,56,0,0,0,0,0,0,0,0,0,0,0,0,0,0,0,0,0,0,0,0,0,0,0,0,0,0,0,171,0,0,0,169,0,592,0,394,0,203,0,66,0,70,0,0,0,0,0,0,0,0,0,0,0,47,0,0,0,85,0,5,0,0,0,0,0,0,0,0,0,0,0,0,0,0,7,0,0,0,0,0,0,0,0,0,0,0,0,0,0,0,0,0,0,0,0,0,0,0,0,85,0,0,0,0,0,0,0,0,0,0,0,0,0,0,0,0,0,67,8,0,0,0,0
21,0,77,0,226,124,57,0,7,0,41,20,235,436,395,0,96,0,0,177,492,30,219,0,71,0,325,288,22,0,48,0,8,0,138,59,35,8,0,0,0,21,51,3,9,0,23,93,0,0,213,0,0,0,82,0,0,0,0,0,0,0,15,0,6,0,0,0,0,0,11,0,0,0,0,0,0,0,0,0,0,0,0,0,0,0,0,0,0,0,0,0,0,0,0,0,0,0,0,0,0,0,0,0,0,0,0,0,0,0,0,0,0,0,0,0,0,0,0,0,0,0,0,0,0,0,0,0,0,0,0,0,0,0,0,0,0,0,0,0,0,0,0,0,0,0,0,0,0,0,0,0,0,0,0,0,0,0,0,0,0,0,0,0,44,0,34,0,42,0,0,0,24,0,0,0,71,51,8,0,0,0,32,0,0,0,102,0,0,0,0,0,0,0,0,0,0,0,0,0,0,0,0,0,0,0,0,0,0,0,139,228,165,0,37,0,0,1,0,6,0,0,0,0,0
0,83,0,161,207,203,0,52,0,23,71,20,340,70,194,422,0,39,177,0,153,403,0,177,0,85,0,405,0,0,0,138,0,11,76,486,8,127,0,0,0,2,0,51,0,61,0,53,0,4,0,148,0,0,0,0,0,0,0,0,0,0,0,19,0,40,0,0,0,0,0,0,0,0,0,0,0,0,0,0,0,0,0,0,0,196,0,0,0,0,0,0,0,0,0,119,0,0,0,0,0,0,0,0,0,0,0,0,0,0,0,0,0,0,0,0,0,0,0,0,0,71,0,0,0,0,0,0,0,0,0,0,0,0,0,1257,0,372,0,0,0,0,0,0,0,0,0,0,0,130,0,27,0,0,0,0,0,0,0,0,0,0,0,0,0,0,0,97,0,95,0,0,0,13,0,0,31,32,18,0,0,0,0,0,0,24,0,0,0,0,0,0,0,0,0,0,0,0,0,0,0,396,0,0,0,0,0,0,0,0,0,0,0,0,82,0,0,0,215,476,177,0,0,0,0
0,0,33,0,328,313,23,0,0,0,97,109,193,282,370,119,171,0,492,153,0,30,173,16,66,0,541,118,102,0,76,0,45,2,56,72,31,14,9,0,0,22,7,0,0,16,0,74,0,0,17,0,2,0,45,0,0,0,0,0,5,0,80,0,0,0,0,0,0,0,17,0,0,0,0,0,0,0,0,0,0,0,0,0,201,0,66,0,0,0,0,0,0,0,0,0,567,0,256,0,0,0,0,0,0,0,0,0,0,0,0,0,0,0,0,0,0,0,0,0,63,0,0,0,0,0,0,0,0,0,0,0,0,0,95,0,118,0,55,0,0,0,190,0,0,0,0,0,0,0,0,0,0,0,0,0,0,0,0,0,2,0,0,0,21,3,42,7,0,5,0,0,45,0,0,0,26,13,10,0,0,0,0,0,0,0,13,0,0,0,0,0,0,0,0,0,0,0,0,0,0,0,0,0,0,0,0,0,0,0,319,337,139,69,123,0,0,0,0,0,14,0,0,0,0
4,0,0,32,0,191,0,0,0,0,0,28,44,53,58,223,0,164,30,403,30,0,0,365,0,53,0,290,0,69,0,179,0,59,0,82,0,32,0,10,0,5,0,38,0,83,0,0,0,0,0,126,0,5,0,0,0,37,0,0,0,0,0,28,0,0,0,0,0,0,0,0,0,0,0,0,0,0,0,7,0,113,0,0,0,124,0,0,0,0,0,0,0,0,0,0,0,58,0,0,0,0,0,0,0,3,0,0,0,0,0,0,0,0,0,0,0,0,0,0,0,0,0,0,0,0,0,0,0,32,0,0,0,0,0,574,0,467,0,221,0,114,0,242,0,29,0,0,0,0,0,0,0,0,0,0,0,0,0,0,0,0,0,0,0,0,0,30,0,50,0,0,0,0,0,0,0,59,3,6,0,0,0,0,0,0,0,4,0,0,0,0,0,0,0,0,0,0,0,0,0,0,0,0,0,0,0,0,0,0,0,0,0,0,121,0,0,0,365,646,135,45,0,0,0
41,280,421,166,157,327,65,0,0,0,14,223,35,0,311,438,66,14,219,0,173,0,0,269,45,105,243,0,71,37,39,0,0,39,0,0,0,28,32,0,0,0,0,0,18,0,0,0,7,0,2,0,0,0,96,0,26,0,0,0,0,0,3,0,0,0,0,0,0,0,0,0,0,0,0,0,0,0,0,0,0,0,0,0,0,0,0,0,0,0,0,0,0,0,0,0,0,0,0,0,0,0,0,0,0,0,0,0,0,0,0,0,0,0,0,0,0,0,0,0,0,0,0,0,0,0,8,0,0,0,0,0,0,0,291,0,73,0,5,0,0,0,0,0,0,0,53,0,88,0,37,0,13,0,0,0,0,0,0,0,0,0,0,0,1,0,0,0,0,0,0,0,19,0,0,0,79,68,0,0,7,0,10,0,22,0,2,0,0,0,0,0,0,0,0,0,0,0,81,0,115,0,0,0,0,0,0,0,61,0,54,220,27,0,0,0,0,0,0,13,0,0,0,0,0
255,0,193,129,0,138,0,27,0,0,0,0,0,1,0,304,76,105,0,177,16,365,269,0,85,201,0,0,0,87,0,76,0,36,0,12,0,9,0,13,0,0,0,0,0,3,0,0,0,0,0,0,0,3,0,139,0,57,0,0,0,0,0,29,0,0,0,0,0,0,0,0,0,0,0,0,0,0,0,0,0,0,0,0,0,79,0,0,0,0,0,0,0,0,0,0,0,0,0,68,0,0,0,0,0,0,0,0,0,0,0,0,0,0,0,0,0,0,0,0,0,0,0,0,0,0,0,0,0,118,0,0,0,0,0,610,0,308,0,0,0,0,0,0,0,0,0,0,0,0,0,0,0,0,0,9,0,0,0,0,0,0,0,0,0,0,0,0,0,0,0,0,0,8,0,0,29,17,0,0,0,0,0,0,0,0,0,0,0,0,0,0,0,0,0,0,0,0,0,0,0,0,0,0,0,0,0,0,0,0,0,0,0,0,32,0,0,0,74,322,24,0,0,0,0
0,258,35,65,0,0,128,110,2,36,0,0,0,0,65,29,119,36,71,0,66,0,45,85,0,207,0,0,177,24,25,0,0,8,0,0,0,12,40,25,0,0,0,0,0,0,0,0,0,0,0,0,64,1,168,3,42,0,15,0,0,5,36,10,0,0,1,0,0,0,0,0,0,0,0,0,0,0,0,0,0,0,0,0,0,0,0,0,0,0,24,0,0,0,0,0,0,0,0,0,0,0,0,0,0,0,0,0,0,0,0,0,0,0,0,0,0,0,0,0,0,0,0,0,0,0,0,0,88,0,0,0,0,0,277,0,168,0,0,4,24,0,146,0,0,0,16,0,14,0,9,0,4,0,51,0,0,0,0,0,0,1,0,0,2,0,0,0,0,0,0,0,0,0,0,0,27,19,0,0,0,0,0,0,0,0,0,0,0,0,0,0,0,0,0,0,0,0,38,0,159,0,0,0,5,0,6,0,50,0,25,84,38,0,21,0,0,0,0,0,1,0,0,0,0
191,5,72,68,0,35,204,47,125,0,0,0,0,0,0,98,44,134,0,85,0,53,105,201,207,0,0,0,17,373,3,19,0,34,0,0,0,30,23,175,0,0,0,0,0,0,0,0,0,0,0,0,0,14,20,149,0,70,0,0,0,20,25,153,0,0,0,0,0,0,0,0,0,0,0,0,0,0,0,0,0,0,0,0,0,6,0,0,0,0,0,0,0,0,0,0,0,5,0,0,0,0,0,0,0,0,0,0,0,0,0,0,0,0,0,0,0,0,0,0,0,0,0,0,0,11,0,3,0,42,0,15,0,0,0,306,0,171,0,19,0,9,0,0,0,0,0,0,0,0,0,0,0,0,0,5,0,0,0,27,0,0,0,0,0,2,0,0,0,8,0,0,0,34,0,0,42,26,0,0,0,0,8,0,0,0,0,0,0,0,0,0,0,0,0,0,0,0,0,0,0,79,0,0,0,0,0,0,0,0,4,0,12,0,53,0,0,0,72,124,156,50,0,12,0
40,0,128,0,210,0,0,0,0,0,0,0,224,453,292,0,228,0,325,0,541,0,243,0,0,0,0,279,112,0,104,0,61,0,96,0,172,0,24,0,20,212,245,9,130,146,83,541,29,0,290,0,0,0,0,0,0,0,0,0,0,0,68,0,0,0,1,0,0,0,0,0,0,0,155,0,0,0,0,0,262,0,0,0,575,0,203,0,0,0,465,0,0,0,0,0,1917,0,920,0,0,0,0,0,0,0,0,0,0,0,0,0,0,0,0,0,0,0,1,0,0,0,0,0,0,0,0,0,0,0,0,0,0,0,0,0,217,0,0,0,205,0,0,0,0,0,0,0,0,0,0,0,0,0,0,0,5,0,0,0,0,0,0,0,92,0,26,0,0,0,0,0,34,0,0,0,0,0,4,0,0,0,36,0,0,0,203,2,0,0,0,0,0,0,0,0,0,0,0,0,0,0,0,0,0,0,0,0,0,0,160,568,531,0,88,0,0,18,0,12,0,0,0,0,0
0,168,0,96,0,292,0,68,0,54,0,102,566,75,0,91,0,69,288,405,118,290,0,0,0,0,279,0,0,0,0,93,0,103,76,118,0,75,0,0,69,46,22,336,0,266,89,331,0,13,82,377,0,0,0,0,0,0,0,0,0,0,0,35,0,99,0,0,0,0,0,0,0,0,0,0,0,0,0,0,0,400,0,0,0,327,0,0,0,0,0,0,0,0,0,0,0,185,0,0,0,0,0,0,0,0,0,0,0,0,0,0,0,0,0,0,0,0,0,0,0,0,0,84,0,0,0,0,0,0,0,0,0,0,0,1664,0,991,0,0,0,206,0,611,0,0,0,0,0,141,0,0,0,0,0,0,0,0,0,0,0,0,0,0,0,128,0,19,0,0,0,0,0,0,0,0,10,94,18,0,0,0,0,0,0,45,35,15,0,0,0,0,0,0,0,0,0,0,0,0,0,0,0,0,0,0,0,0,0,0,0,0,0,0,104,0,0,0,233,773,275,0,23,0,3
51,0,192,0,0,0,166,0,0,0,0,0,0,0,0,0,366,0,22,0,102,0,71,0,177,17,112,0,0,0,112,0,84,0,14,0,93,0,36,0,0,0,0,0,0,0,0,0,0,0,16,0,24,0,13,0,7,0,0,0,13,0,52,0,0,0,4,0,0,0,9,0,0,0,13,0,0,0,0,0,48,0,0,0,62,0,21,0,0,0,0,0,0,0,0,0,173,0,85,0,0,0,0,0,0,0,0,0,0,0,0,0,0,0,0,0,0,0,0,0,26,0,0,0,0,0,0,0,0,0,0,0,0,0,0,0,34,0,68,0,97,0,75,0,0,0,0,0,0,0,0,0,0,0,10,0,0,0,22,0,0,0,0,0,0,0,0,0,1,0,0,0,0,0,0,0,29,0,0,0,0,0,0,0,0,0,0,0,0,0,0,0,0,0,0,0,0,0,0,0,0,0,0,0,0,0,0,0,0,0,18,77,2,0,11,0,0,0,0,0,0,0,0,0,0
21,0,0,260,0,55,18,159,10,0,0,0,0,0,0,29,0,229,0,0,0,69,37,87,24,373,0,0,0,0,0,78,0,72,0,37,0,36,0,43,0,0,0,31,0,3,0,0,0,0,0,0,0,12,0,25,0,31,0,0,0,7,2,14,0,0,0,0,0,0,0,0,0,0,0,0,0,0,0,0,0,0,0,0,0,21,0,0,0,0,0,0,0,0,0,0,0,0,0,0,0,0,0,0,0,0,0,0,0,0,0,0,0,0,0,0,0,0,0,0,0,0,0,0,0,0,0,0,0,24,0,0,0,0,0,185,0,148,0,142,0,39,0,35,0,0,0,0,0,0,0,0,0,0,0,6,0,0,0,23,0,4,0,0,0,0,0,0,0,0,0,0,0,1,0,0,0,0,0,0,0,0,0,3,0,0,0,0,0,0,0,0,0,0,0,0,0,0,0,0,0,0,0,0,0,0,0,0,0,0,0,0,0,0,0,0,0,0,36,173,0,0,0,0,0
0,0,74,0,186,68,0,0,0,0,80,36,0,0,181,41,142,0,48,0,76,0,39,0,25,3,104,0,112,0,0,0,17,0,30,0,45,0,5,0,0,0,0,0,0,0,0,0,0,0,9,0,7,0,11,0,0,0,0,0,0,0,90,0,0,0,0,0,0,0,0,0,0,0,31,0,0,0,0,0,75,0,0,0,98,0,0,0,0,0,0,0,0,0,0,0,0,0,145,0,0,0,0,0,0,0,0,0,0,0,0,0,0,0,0,0,0,0,0,0,53,0,0,0,0,0,0,0,0,0,0,0,0,0,0,0,0,0,0,0,104,0,0,0,16,0,0,0,0,0,0,0,0,0,5,0,0,0,0,0,0,0,0,0,0,0,41,0,18,0,0,0,33,0,0,0,11,0,0,0,0,0,0,0,0,0,0,0,0,0,0,0,0,0,0,0,0,0,0,0,0,0,0,0,0,0,0,0,0,0,187,141,108,0,81,0,0,0,2,0,0,0,0,0,0
0,0,0,83,0,182,0,0,0,0,8,42,0,0,30,88,0,47,0,138,0,179,0,76,0,19,0,93,0,78,0,0,0,35,0,92,0,7,0,8,0,0,0,68,0,0,0,0,0,0,0,20,0,0,0,10,0,0,0,0,0,0,0,18,0,0,0,0,0,0,0,0,0,0,0,0,0,0,0,0,0,0,0,0,0,0,0,0,0,0,0,0,0,0,0,0,0,0,0,0,0,0,0,0,0,0,0,0,0,0,0,0,0,0,0,0,0,0,0,0,0,0,0,0,0,0,0,0,0,12,0,0,0,0,0,0,0,130,0,94,0,0,0,58,0,0,0,0,0,0,0,0,0,0,0,0,0,0,0,15,0,0,0,0,0,0,0,28,0,0,0,0,0,0,0,0,6,56,0,24,0,0,0,0,0,0,0,0,0,0,0,0,0,0,0,0,0,0,0,0,0,0,0,0,0,0,0,0,0,0,0,0,0,0,49,0,0,0,132,230,67,20,0,0,0
0,0,161,0,223,0,4,0,0,0,97,0,0,0,118,39,48,0,8,0,45,0,0,0,0,0,61,0,84,0,17,0,0,1,47,0,88,0,1,0,0,0,16,0,19,0,0,0,0,0,14,0,0,0,0,0,0,0,0,0,13,0,37,0,0,0,0,0,0,0,15,0,0,0,27,0,0,0,0,0,42,0,0,0,0,0,0,0,0,0,0,0,0,0,0,0,0,0,93,0,0,0,0,0,0,0,0,0,0,0,0,0,0,0,0,0,0,0,0,0,0,0,0,0,0,0,0,0,0,0,0,0,0,0,0,0,27,0,66,0,105,0,0,0,60,0,0,0,0,0,0,0,0,0,18,0,0,0,21,0,1,0,0,0,7,0,67,0,13,0,4,0,50,0,0,0,44,0,0,0,0,0,13,0,0,0,1,0,0,0,0,0,0,0,0,0,0,0,0,0,0,0,0,0,0,0,0,0,0,0,132,178,165,0,61,0,0,0,0,4,0,0,0,0,0
0,135,0,179,0,228,0,0,3,0,0,106,0,0,0,135,0,26,0,11,2,59,39,36,8,34,0,103,0,72,0,35,1,0,0,147,0,62,0,4,0,0,0,132,0,31,0,0,0,0,0,39,0,10,0,9,0,0,0,0,0,12,0,14,0,3,0,0,0,0,0,0,0,0,0,0,0,0,0,0,0,0,0,0,0,0,0,0,0,0,0,0,0,0,0,0,0,0,0,0,0,0,0,0,0,0,0,0,0,0,0,0,0,0,0,0,0,0,0,0,0,0,0,0,0,0,0,1,0,0,0,0,0,0,0,0,0,73,0,179,0,66,0,41,0,24,0,0,0,0,0,0,0,0,0,5,0,15,0,29,0,0,0,0,0,0,0,44,0,15,0,2,0,38,0,0,0,59,0,21,0,0,0,0,0,0,0,0,0,0,0,0,0,0,0,0,0,0,0,0,0,0,0,0,0,0,0,0,0,0,0,0,0,0,50,0,0,0,77,462,97,0,0,0,0
0,0,0,0,160,73,0,0,0,0,28,17,276,101,23,0,0,0,138,76,56,0,0,0,0,0,96,76,14,0,30,0,47,0,0,17,64,0,4,0,0,0,45,0,21,0,0,0,0,0,163,0,4,0,0,0,0,0,0,0,0,0,0,0,0,0,0,0,0,0,0,0,0,0,0,0,0,0,0,0,13,0,0,0,16,0,0,0,0,0,0,0,0,0,0,0,35,0,33,0,0,0,0,0,0,0,0,0,0,0,0,0,0,0,0,0,0,0,0,0,8,0,0,0,0,0,0,0,0,0,0,0,0,0,0,0,0,0,0,0,0,0,0,0,0,0,0,0,0,0,0,0,0,0,0,0,0,0,0,0,0,0,0,0,58,0,74,0,46,0,0,0,0,0,0,0,10,0,7,0,0,0,0,0,0,0,0,0,0,0,0,0,0,0,0,0,0,0,0,0,0,0,0,0,0,0,0,0,0,0,217,286,220,57,65,0,0,0,0,0,1,0,0,0,0
0,0,0,0,0,337,0,0,0,0,15,123,0,311,101,0,0,17,59,486,72,82,0,12,0,0,0,118,0,37,0,92,0,147,17,0,0,234,0,5,0,0,0,59,0,0,0,0,0,0,0,40,0,0,0,0,0,0,0,0,0,2,0,6,0,0,0,0,0,0,0,0,0,0,0,0,0,0,0,0,0,0,0,19,0,0,0,0,0,0,0,0,0,0,0,0,0,0,0,0,0,0,0,0,0,0,0,0,0,0,0,0,0,0,0,0,0,0,0,0,0,0,0,0,0,0,0,0,0,0,0,0,0,0,0,173,0,177,0,163,0,0,0,123,0,0,0,0,0,0,0,0,0,0,0,0,0,0,0,8,0,0,0,0,0,30,0,89,0,46,0,0,0,6,0,0,0,180,0,6,0,0,0,0,0,0,0,29,0,0,0,0,0,0,0,0,0,0,0,0,0,0,0,0,0,0,0,0,0,0,0,0,0,0,69,0,0,0,189,376,187,0,0,0,0
12,0,0,0,119,0,0,0,0,0,45,0,58,2,82,18,3,0,35,8,31,0,0,0,0,0,172,0,93,0,45,0,88,0,64,0,0,0,65,0,0,0,161,0,183,0,0,0,5,0,90,0,0,0,6,0,0,0,0,0,51,0,14,0,0,0,0,1,0,0,54,0,0,0,126,0,0,0,74,0,164,0,0,0,152,0,79,0,0,0,106,0,299,0,0,0,393,0,327,0,0,0,0,0,0,0,0,0,0,0,0,0,0,0,0,0,0,0,0,0,127,0,0,0,0,0,0,0,0,0,0,0,0,0,0,0,31,0,87,0,174,0,78,0,220,0,0,0,0,0,0,0,0,0,11,0,22,0,0,0,0,0,0,0,19,0,73,0,64,0,20,0,106,0,0,0,13,0,4,0,0,0,0,0,0,0,6,0,0,0,0,0,0,0,0,0,0,0,0,0,43,0,0,0,0,0,0,0,0,0,102,171,183,22,36,0,0,0,0,0,0,0,0,0,0
9,138,0,0,0,204,0,47,3,0,4,81,0,82,21,143,9,9,8,127,14,32,28,9,12,30,0,75,0,36,0,7,0,62,0,234,0,0,0,12,0,0,0,168,0,86,0,0,0,0,0,102,0,13,0,10,0,0,0,0,0,22,1,20,0,0,0,0,0,0,0,0,0,0,0,0,0,0,0,0,0,32,0,0,0,0,0,0,0,0,0,0,0,0,0,0,0,0,0,0,0,0,0,0,0,0,0,0,0,0,0,0,0,0,0,0,0,0,0,0,0,19,0,26,0,0,0,0,0,0,0,0,0,0,0,164,0,251,0,334,0,318,0,269,0,183,0,0,0,0,0,0,0,0,0,0,0,73,0,38,0,0,0,3,0,25,0,65,0,66,0,0,0,63,0,0,5,64,0,23,0,0,0,0,0,8,0,19,0,0,0,0,0,0,0,0,0,0,0,0,0,0,0,0,0,0,0,0,0,0,0,0,0,0,33,0,0,0,80,371,162,13,0,0,0
269,33,457,0,169,35,164,0,0,0,41,0,0,0,11,57,86,0,0,0,9,0,32,0,40,23,24,0,36,0,5,0,1,0,4,0,65,0,0,0,0,0,4,0,13,0,0,0,0,0,6,0,25,0,8,0,0,0,6,0,28,1,23,0,1,0,0,0,0,0,11,0,8,0,29,0,0,0,0,0,41,0,0,0,0,0,31,0,18,0,32,0,96,0,0,0,135,0,91,0,22,0,0,0,0,0,0,0,0,0,0,0,0,0,0,0,0,0,0,0,40,0,2,0,0,0,0,0,2,0,0,0,0,0,0,0,17,0,30,0,59,0,0,0,61,0,0,0,0,0,0,0,0,0,22,0,58,0,16,0,0,0,0,0,0,0,12,0,8,0,16,0,135,0,0,0,184,0,2,0,0,0,69,0,0,0,0,0,0,0,0,0,0,0,0,0,0,0,0,0,0,0,0,0,0,0,0,0,3,0,95,562,94,0,50,0,0,0,0,0,0,0,0,0,0
0,319,15,256,0,14,36,243,11,0,0,0,0,0,0,8,0,23,0,0,0,10,0,13,25,175,0,0,0,43,0,8,0,4,0,5,0,12,0,0,0,0,0,11,0,0,0,0,0,0,0,6,0,7,4,11,0,2,0,0,0,15,1,13,0,0,0,0,0,0,0,0,0,0,0,0,0,0,0,0,0,0,0,0,0,0,0,0,0,0,0,0,0,0,0,0,0,0,0,0,0,0,0,0,0,0,0,0,0,0,0,0,0,0,0,0,0,0,0,0,0,0,0,0,0,0,0,0,0,0,0,0,0,0,0,0,0,31,0,78,0,22,0,18,0,14,0,0,0,9,0,0,0,0,0,3,0,4,0,15,0,0,0,0,0,2,0,0,0,0,0,0,0,19,0,0,0,61,0,0,0,0,0,0,0,11,0,0,0,0,0,0,0,0,0,0,0,0,0,0,0,0,0,0,0,0,0,0,0,0,0,0,0,0,0,0,0,0,0,170,3,0,0,0,0
48,0,0,0,53,0,0,0,0,0,79,0,306,76,0,0,0,0,0,0,0,0,0,0,0,0,20,69,0,0,0,0,0,0,0,0,0,0,0,0,0,50,53,0,10,0,181,168,126,4,36,0,0,0,0,0,0,0,0,0,0,0,0,0,0,0,0,0,0,0,0,0,0,0,0,0,0,0,0,0,0,0,0,0,0,0,0,0,0,0,0,0,0,0,0,0,0,0,0,0,0,0,0,0,0,0,0,0,0,0,0,0,0,0,0,0,0,0,0,0,0,0,0,0,0,0,0,0,0,0,0,0,0,0,0,0,0,0,0,0,0,0,0,0,0,0,0,0,0,0,0,0,0,0,0,0,0,0,0,0,0,0,0,0,0,0,0,0,0,0,0,0,0,0,0,0,31,15,93,0,0,0,8,0,0,0,318,0,0,0,0,0,0,0,0,0,0,0,0,0,0,0,0,0,0,0,0,0,0,0,0,113,0,0,0,0,0,9,0,7,0,0,0,0,0
0,63,0,0,0,52,0,0,0,0,0,214,161,412,0,0,0,0,21,2,22,5,0,0,0,0,212,46,0,0,0,0,0,0,0,0,0,0,0,0,50,0,46,67,25,26,146,158,0,216,33,28,0,0,0,0,0,0,0,0,0,0,0,0,0,0,0,0,0,0,0,0,0,0,0,0,0,0,0,0,0,0,0,0,0,0,0,0,0,0,0,0,0,0,0,0,0,0,0,0,0,0,0,0,0,0,0,0,0,0,0,0,0,0,0,0,0,0,0,0,0,0,0,0,0,0,0,0,0,0,0,0,0,0,0,0,0,0,0,0,0,0,0,0,0,0,0,0,0,0,0,0,0,0,0,0,0,0,0,0,0,0,0,0,0,0,0,0,0,0,0,0,0,0,0,0,0,179,0,0,0,33,0,0,0,0,146,29,0,0,0,0,0,0,0,0,0,0,0,0,0,0,0,0,0,0,0,0,0,0,0,6,0,0,0,0,0,0,0,41,13,0,0,0,20
0,0,0,0,0,0,0,0,0,0,0,0,93,0,0,0,4,0,51,0,7,0,0,0,0,0,245,22,0,0,0,0,16,0,45,0,161,0,4,0,53,46,0,0,123,41,120,93,115,0,40,0,0,0,0,0,0,0,0,0,0,0,0,0,0,0,0,0,0,0,0,0,0,0,0,0,0,0,0,0,13,0,0,0,28,0,14,0,0,0,21,0,0,0,45,0,0,0,0,0,0,0,0,0,0,0,0,0,0,0,0,0,0,0,0,0,0,0,0,0,0,0,3,0,0,0,0,0,0,0,0,0,0,0,0,0,0,0,0,0,0,0,0,0,0,0,0,0,0,0,0,0,0,0,0,0,0,0,0,0,0,0,1,0,49,0,8,0,27,0,0,0,0,0,0,0,0,1,14,0,0,0,0,0,0,0,170,0,0,0,0,0,0,0,0,0,0,0,0,0,0,0,0,0,0,0,0,0,0,0,30,163,187,0,6,0,0,8,0,3,0,0,0,0,0
0,0,0,0,0,0,0,0,0,0,0,0,0,110,0,0,0,0,3,51,0,38,0,0,0,0,9,336,0,31,0,68,0,132,0,59,0,168,0,11,0,67,0,0,0,203,0,145,0,25,0,44,0,0,0,2,0,5,0,0,0,0,0,15,0,0,0,0,0,0,0,0,0,0,0,0,0,4,0,0,0,0,0,0,0,39,0,0,0,0,0,0,0,5,0,0,0,0,0,0,0,0,0,0,0,0,0,0,0,0,0,0,0,0,0,0,0,0,0,0,0,23,0,0,0,0,0,0,0,0,0,0,0,0,0,235,0,152,0,0,0,0,0,172,0,0,0,0,0,0,0,0,0,0,0,0,0,0,0,0,0,0,0,0,0,55,0,17,0,30,0,0,0,0,0,0,0,0,0,0,0,0,0,0,0,0,0,42,0,0,0,0,0,0,0,5,0,0,0,0,0,0,0,0,0,0,0,0,0,0,0,0,0,0,22,0,0,0,61,193,140,9,4,0,1
0,0,0,0,0,0,0,0,0,0,0,0,64,0,0,0,0,0,9,0,0,0,18,0,0,0,130,0,0,0,0,0,19,0,21,0,183,0,13,0,10,25,123,0,0,0,138,0,148,0,95,0,3,0,19,0,0,0,10,0,0,0,0,0,0,0,0,0,0,0,29,0,0,0,0,0,24,0,0,0,0,0,189,0,0,0,42,0,0,0,151,0,288,0,200,0,563,0,251,0,0,0,0,0,35,0,0,0,0,0,0,0,0,0,0,0,0,0,0,0,0,0,0,0,0,0,0,0,0,0,0,0,0,0,0,0,0,0,0,0,0,0,0,0,0,0,0,0,0,0,0,0,0,0,0,0,0,0,0,0,0,0,2,0,200,0,46,0,158,0,17,0,51,0,0,0,0,14,0,0,0,0,9,0,0,0,99,0,0,0,0,0,0,0,0,0,0,0,0,0,122,0,0,0,0,0,0,0,0,0,45,277,476,15,25,39,3,98,0,11,0,0,0,0,0
0,37,0,0,10,0,0,0,0,0,0,40,153,54,5,9,0,0,0,61,16,83,0,3,0,0,146,266,0,3,0,0,0,31,0,0,0,86,0,0,0,26,41,203,0,0,152,203,0,167,49,84,0,0,0,0,0,0,0,0,0,0,0,0,0,17,0,0,0,16,0,0,0,0,0,28,0,33,0,0,0,158,0,96,0,83,0,0,0,0,0,0,0,17,0,117,0,0,0,0,0,75,0,11,0,10,0,0,0,0,0,0,0,0,0,0,0,4,0,0,0,87,0,51,0,0,0,0,0,0,0,0,0,0,0,335,0,0,0,0,0,0,0,250,0,64,0,0,0,0,0,0,0,0,0,0,0,0,0,1,0,0,0,5,0,225,0,41,0,77,0,0,0,0,0,0,0,32,0,0,0,0,0,0,0,0,117,5,0,0,0,0,0,0,0,10,0,0,0,0,0,0,0,0,0,0,0,0,0,30,0,0,0,0,0,0,0,0,86,467,200,5,0,3,113
75,0,81,0,208,0,0,0,0,0,119,0,416,114,26,0,0,0,23,0,0,0,0,0,0,0,83,89,0,0,0,0,0,0,0,0,0,0,0,0,181,146,120,0,138,152,0,330,196,0,29,0,0,0,0,0,0,0,0,0,0,0,0,0,0,0,0,0,0,0,0,0,0,0,0,0,0,0,0,0,0,0,0,0,0,0,0,0,0,0,0,0,0,0,0,0,0,0,0,0,0,0,0,0,0,0,0,0,0,0,0,0,0,0,0,0,0,0,0,0,0,0,0,0,0,0,0,0,0,0,0,0,0,0,0,0,0,0,0,0,0,0,0,0,0,0,0,0,0,0,0,0,0,0,0,0,0,0,0,0,0,0,0,0,15,0,0,0,0,0,2,0,0,0,0,0,25,24,54,0,0,0,23,0,0,0,497,1,0,0,0,0,0,0,0,0,0,0,0,0,0,0,0,0,0,0,0,0,0,0,0,728,192,0,0,0,0,119,0,24,0,0,0,0,0
0,164,0,0,0,241,0,0,0,37,2,189,528,282,0,0,0,0,93,53,74,0,0,0,0,0,541,331,0,0,0,0,0,0,0,0,0,0,0,0,168,158,93,145,0,203,330,0,0,119,103,30,0,0,0,0,0,0,0,0,0,0,0,0,0,0,0,0,0,0,0,0,0,0,0,0,0,0,0,0,0,0,0,0,0,0,0,0,0,0,0,0,0,0,0,8,0,0,0,0,0,0,0,0,0,0,0,0,0,0,0,0,0,0,0,0,0,0,0,0,0,0,0,0,0,0,0,0,0,0,0,0,0,0,0,0,0,0,0,0,0,0,0,0,0,0,0,0,0,0,0,0,0,0,0,0,0,0,0,0,0,0,0,0,0,0,0,0,0,0,0,0,0,0,0,0,0,148,0,0,0,0,0,0,0,0,207,17,0,0,0,0,0,0,0,0,0,0,0,0,0,0,0,0,0,0,0,0,0,0,1,0,0,0,0,0,0,0,17,406,85,0,0,1,50
0,0,19,1,0,0,40,0,5,0,17,0,105,0,6,0,5,0,0,0,0,0,7,0,0,0,29,0,0,0,0,0,0,0,0,0,5,0,0,0,126,0,115,0,148,0,196,0,0,0,21,0,7,0,25,0,48,0,26,0,15,0,0,0,0,0,0,0,22,0,0,0,0,0,0,0,6,0,3,0,3,0,43,0,6,0,4,0,3,0,11,0,39,0,72,0,35,0,0,0,6,0,18,0,0,0,39,0,0,0,0,0,0,0,0,0,0,0,0,0,0,0,0,0,0,0,0,0,3,0,14,0,3,0,0,0,0,0,1,0,3,0,0,0,0,0,0,0,19,0,0,0,15,0,0,0,0,0,0,0,57,0,3,0,23,0,3,0,34,0,18,0,14,0,0,0,64,0,57,0,0,0,12,0,0,0,74,1,22,0,0,0,0,0,14,0,1,0,23,0,0,0,0,0,0,0,0,0,11,0,83,89,304,22,157,31,31,47,0,0,0,0,0,0,0
0,16,0,0,0,0,0,0,0,0,0,47,0,79,0,0,0,0,0,4,0,0,0,0,0,0,0,13,0,0,0,0,0,0,0,0,0,0,0,0,4,216,0,25,0,167,0,119,0,0,0,5,0,0,0,0,0,0,0,0,0,0,0,0,0,0,0,0,0,0,0,0,0,0,0,0,0,1,0,4,0,0,0,11,0,0,0,8,0,0,0,0,0,2,0,0,0,5,0,12,0,16,0,0,0,0,0,0,0,0,0,0,0,0,0,0,0,0,0,0,0,0,0,0,0,0,0,0,0,0,0,0,0,1,0,0,0,0,0,0,0,1,0,0,0,0,0,0,0,0,0,0,0,0,0,0,0,0,0,0,0,1,0,0,0,35,0,12,0,5,0,0,0,0,0,0,0,72,0,4,0,11,0,0,0,7,37,57,0,1,0,1,0,0,0,0,0,0,0,0,0,0,0,0,0,1,0,0,0,0,0,0,1,0,11,0,0,0,17,42,20,0,3,0,26
0,0,0,0,0,0,0,0,0,0,14,0,441,82,18,0,4,0,213,0,17,0,2,0,0,0,290,82,16,0,9,0,14,0,163,0,90,0,6,0,36,33,40,0,95,49,29,103,21,0,0,0,0,0,0,0,7,0,10,0,2,0,4,0,0,0,0,0,0,0,0,0,0,0,0,0,0,0,0,0,0,0,0,0,11,0,0,0,0,0,20,0,0,0,0,0,0,0,21,0,0,0,0,0,0,0,0,0,0,0,0,0,0,0,0,0,0,0,0,0,0,0,0,0,0,0,0,0,0,0,0,0,0,0,0,0,0,0,0,0,9,0,0,0,0,0,0,0,0,0,0,0,0,0,0,0,0,0,0,0,0,0,2,0,114,0,51,0,87,0,34,0,92,0,0,0,14,8,20,0,0,0,0,0,5,0,107,0,0,0,0,0,0,0,0,0,0,0,0,0,0,0,0,0,0,0,0,0,0,0,66,245,273,43,30,0,0,7,0,0,0,0,0,0,0
0,0,0,0,0,0,0,0,0,0,0,6,0,318,0,0,0,5,0,148,0,126,0,0,0,0,0,377,0,0,0,20,0,39,0,40,0,102,0,6,0,28,0,44,0,84,0,30,0,5,0,0,0,0,0,0,0,0,0,0,0,0,0,0,0,0,0,0,0,7,0,0,0,0,0,25,0,13,0,0,0,80,0,42,0,0,0,23,0,0,0,0,0,0,0,60,0,9,0,26,0,44,0,0,0,0,0,0,0,0,0,0,0,0,0,0,0,1,0,0,0,67,0,52,0,0,0,0,0,0,0,0,0,0,0,163,0,0,0,0,0,0,0,159,0,56,0,0,0,0,0,0,0,0,0,0,0,0,0,0,0,0,0,8,0,96,0,27,0,113,0,16,0,40,0,0,0,0,0,0,0,0,0,0,0,0,2,82,0,0,0,0,0,0,0,0,0,0,0,0,0,0,0,0,0,0,0,0,0,0,0,0,0,0,46,0,0,0,89,257,243,0,14,1,0
2,0,0,0,0,0,17,0,24,56,0,0,0,0,0,0,129,0,0,0,2,0,0,0,64,0,0,0,24,0,7,0,0,0,4,0,0,0,25,0,0,0,0,0,3,0,0,0,7,0,0,0,0,11,56,39,86,13,43,53,27,0,114,6,3,5,17,66,0,0,0,0,0,0,0,0,0,0,0,0,0,0,0,0,0,0,0,0,0,0,8,0,0,0,0,0,50,0,0,0,0,0,0,0,0,0,0,0,0,0,0,0,0,0,0,0,0,0,0,0,0,0,0,0,3,0,2,0,93,0,7,0,11,0,0,0,132,0,110,0,43,0,57,0,4,0,0,0,1,0,0,0,0,0,113,2,51,0,177,0,7,0,0,0,0,0,1,0,9,0,82,0,0,0,0,0,6,5,0,0,0,0,0,0,0,0,1,0,0,0,0,0,0,0,0,0,0,0,0,0,36,0,0,0,0,0,0,0,0,0,125,491,124,121,156,0,51,0,0,0,1,0,0,0,0
0,0,0,0,0,0,0,53,69,40,0,0,0,0,0,0,0,19,0,0,0,5,0,3,1,14,0,0,0,12,0,0,0,10,0,0,0,13,0,7,0,0,0,0,0,0,0,0,0,0,0,0,11,0,43,84,0,124,63,28,0,58,0,43,0,0,27,0,0,0,0,0,0,0,0,0,0,0,0,0,0,0,0,0,0,0,0,0,0,0,0,0,0,0,0,0,0,0,0,0,0,0,0,0,0,0,0,0,0,0,0,0,0,0,0,0,0,0,0,0,0,0,0,0,0,9,0,1,0,71,0,0,0,93,0,94,0,113,0,143,0,17,0,19,0,3,0,0,0,0,0,0,0,0,0,34,0,17,0,164,0,4,0,0,0,1,0,0,0,1,0,3,0,0,0,0,0,37,0,0,0,0,0,0,0,4,0,0,0,0,0,0,0,0,0,0,0,0,0,0,0,0,0,0,0,0,0,0,0,0,0,0,0,0,20,0,0,0,29,759,15,26,0,0,0
0,42,19,0,0,0,205,90,17,312,0,0,0,0,115,0,83,6,82,0,45,0,96,0,168,20,0,0,13,0,11,0,0,0,0,0,6,0,8,4,0,0,0,0,19,0,0,0,25,0,0,0,56,43,0,73,41,7,31,30,56,14,81,70,11,0,19,62,0,0,0,0,0,0,0,0,0,0,0,0,0,0,0,0,0,0,0,0,0,0,0,0,0,0,0,0,0,0,0,0,0,0,0,0,0,0,0,0,0,0,0,0,0,0,0,0,0,0,0,0,0,0,0,0,8,0,0,0,0,0,17,0,6,0,128,0,74,0,8,0,0,0,0,0,0,0,0,0,4,0,0,0,0,0,45,0,8,0,21,0,24,0,0,0,0,1,0,0,22,0,104,0,11,0,0,0,6,35,0,0,0,0,0,0,0,1,0,0,0,0,0,0,0,0,0,0,0,0,0,0,0,0,0,0,0,0,0,0,0,0,225,194,172,264,328,4,192,1,0,0,0,0,0,0,0
0,25,0,111,0,36,7,395,162,53,0,0,0,0,0,102,0,50,0,0,0,0,0,139,3,149,0,0,0,25,0,10,0,9,0,0,0,10,0,11,0,0,0,2,0,0,0,0,0,0,0,0,39,84,73,0,42,133,248,54,0,29,0,112,0,0,128,12,0,0,0,0,0,0,0,0,0,0,0,0,0,0,0,0,0,0,0,0,0,0,0,0,0,0,0,0,0,0,0,0,0,0,0,0,0,0,0,0,0,0,0,0,0,0,0,0,0,0,0,0,0,0,0,0,0,87,0,52,0,93,0,125,0,80,0,142,0,182,0,55,0,0,0,0,0,0,0,0,0,0,0,0,0,0,0,49,0,6,0,48,0,32,0,4,0,15,0,0,0,22,0,19,0,32,0,0,0,0,0,0,0,2,0,0,0,6,0,0,0,0,0,0,0,0,0,0,0,0,0,0,0,18,0,0,0,0,0,0,0,122,0,0,0,0,279,0,0,0,233,601,262,334,44,26,0
0,0,0,0,0,0,20,0,3,23,0,0,0,0,0,0,0,0,0,0,0,0,26,0,42,0,0,0,7,0,0,0,0,0,0,0,0,0,0,0,0,0,0,0,0,0,0,0,48,0,7,0,86,0,41,42,0,22,226,98,0,0,10,0,20,31,3,119,0,0,0,0,0,0,0,0,0,0,0,0,0,0,0,0,0,0,0,0,0,0,0,0,0,0,0,0,0,0,0,0,0,0,0,0,0,0,0,0,0,0,0,0,0,0,0,0,0,0,0,0,0,0,0,0,12,0,0,0,69,0,43,2,14,0,38,0,22,0,14,2,0,0,0,0,0,1,0,0,1,0,3,0,0,0,121,37,47,0,63,0,106,0,0,0,0,0,5,0,38,0,119,0,0,0,0,0,3,0,0,0,47,0,0,0,1,0,0,0,0,0,0,0,0,0,0,0,0,0,0,0,0,0,0,0,0,0,0,0,27,0,638,155,467,493,701,0,224,0,0,0,0,0,0,0,0
0,0,0,0,0,0,0,47,0,21,0,0,0,0,0,0,0,135,0,0,0,37,0,57,0,70,0,0,0,31,0,0,0,0,0,0,0,0,0,2,0,0,0,5,0,0,0,0,0,0,0,0,13,124,7,133,22,0,89,154,0,13,0,37,13,1,56,20,0,0,0,0,0,0,0,0,0,0,0,0,0,0,0,0,0,0,0,0,0,0,0,0,0,0,0,0,0,0,0,0,0,0,0,0,0,0,0,0,0,0,0,0,0,0,0,0,0,0,0,0,0,0,0,0,0,52,0,11,1,44,0,66,0,0,0,0,0,40,0,0,0,0,0,0,0,5,0,5,0,0,0,4,0,0,7,144,1,9,0,98,0,28,0,0,0,21,0,0,0,43,0,101,0,0,0,1,0,4,0,0,4,0,0,0,0,2,0,0,0,0,0,0,0,0,0,0,0,0,0,0,0,0,0,0,0,0,0,0,0,17,2,1,0,0,392,0,0,0,535,235,648,491,0,13,3
13,3,30,0,9,0,86,0,219,171,3,0,0,0,0,0,19,0,0,0,0,0,0,0,15,0,0,0,0,0,0,0,0,0,0,0,0,0,6,0,0,0,0,0,10,0,0,0,26,0,10,0,43,63,31,248,226,89,0,324,56,0,9,0,93,0,153,356,0,0,0,0,0,0,0,0,0,0,0,0,0,0,0,0,0,0,0,0,0,0,0,0,0,0,0,0,0,0,0,0,0,0,0,0,0,0,0,0,0,0,0,0,0,0,0,0,0,0,0,0,0,0,0,0,7,0,0,0,15,0,21,0,0,0,0,0,0,0,4,0,0,0,0,0,4,0,0,0,6,0,0,0,0,0,68,34,79,0,0,8,35,8,0,0,0,0,15,0,10,0,87,0,10,0,0,0,54,0,0,0,37,1,2,0,73,14,0,0,0,0,0,0,0,0,1,0,0,0,0,0,0,0,0,0,0,0,0,0,12,0,883,322,257,400,796,43,187,0,0,0,0,0,0,0,0
0,17,0,12,0,0,0,66,36,150,0,7,0,0,0,0,0,0,0,0,0,0,0,0,0,0,0,0,0,0,0,0,0,0,0,0,0,0,0,0,0,0,0,0,0,0,0,0,0,0,0,0,53,28,30,54,98,154,324,0,0,0,0,19,42,107,175,77,0,0,0,0,0,2,0,0,0,0,0,0,0,0,0,0,0,1,0,0,0,0,0,0,0,0,0,0,0,0,0,0,0,0,0,1,0,0,0,0,0,0,0,0,0,0,0,0,0,0,0,0,0,0,0,0,0,57,0,10,0,1,0,49,0,0,0,0,0,0,0,2,0,0,0,1,0,4,0,0,0,11,0,0,0,1,25,2,11,0,0,2,0,58,0,0,0,16,0,10,0,41,0,30,0,0,0,2,4,18,0,0,6,0,0,0,20,68,0,0,0,0,0,0,0,0,0,0,0,0,0,0,0,0,0,0,0,0,0,0,0,0,0,0,1,0,1146,0,0,0,1068,444,720,0,240,21,5
22,0,22,0,0,0,172,0,91,0,0,0,0,0,0,0,0,0,0,0,5,0,0,0,0,0,0,0,13,0,0,0,13,0,0,0,51,0,28,0,0,0,0,0,0,0,0,0,15,0,2,0,27,0,56,0,0,0,56,0,0,0,23,0,0,0,0,0,0,0,4,0,0,0,0,0,0,0,0,0,0,0,0,0,0,0,0,0,0,0,0,0,0,0,0,0,0,0,0,0,0,0,2,0,0,0,0,0,0,0,0,0,0,0,0,0,0,0,0,0,0,0,0,0,0,0,0,0,0,0,0,0,0,0,0,0,0,0,203,0,128,0,0,0,293,0,0,0,0,0,0,0,0,0,95,0,208,0,28,0,4,0,9,0,1,0,0,0,7,0,234,0,79,0,0,0,76,0,0,0,0,0,21,0,0,0,0,0,0,0,0,0,0,0,0,0,0,0,0,0,0,0,0,0,0,0,0,0,0,0,102,288,64,55,59,0,26,0,0,0,0,0,0,0,0
0,128,0,0,0,0,0,188,0,83,0,2,0,0,0,0,2,0,0,0,0,0,0,0,5,20,0,0,0,7,0,0,0,12,0,2,0,22,1,15,0,0,0,0,0,0,0,0,0,0,0,0,0,58,14,29,0,13,0,0,0,0,4,38,0,0,1,0,0,0,0,0,0,0,0,2,0,0,0,0,0,0,0,0,0,0,0,0,0,0,0,0,0,0,0,0,0,0,0,0,0,0,0,0,0,0,0,0,0,0,0,0,0,0,0,0,0,0,0,0,0,0,0,0,0,0,0,0,0,0,0,0,0,0,0,0,0,0,0,138,0,118,0,0,0,277,0,0,0,0,0,0,0,0,0,7,0,151,0,78,0,0,0,0,0,5,0,1,0,34,0,68,0,128,0,0,0,56,0,0,0,0,0,0,0,46,0,0,0,0,0,0,0,0,0,0,0,0,0,0,0,0,0,0,0,0,0,0,0,0,0,0,0,0,34,0,0,0,26,456,148,63,9,0,0
0,46,14,5,0,0,197,63,44,43,1,0,0,0,0,0,164,0,15,0,80,0,3,0,36,25,68,0,52,2,90,0,37,0,0,0,14,1,23,1,0,0,0,0,0,0,0,0,0,0,4,0,114,0,81,0,10,0,9,0,23,4,0,12,0,0,3,0,0,0,0,0,0,0,0,0,0,0,0,0,0,0,0,0,0,0,0,0,0,0,0,0,0,0,0,0,0,0,0,0,0,0,0,0,0,0,0,0,0,0,0,0,0,0,0,0,0,0,0,0,0,0,0,0,3,0,0,0,8,0,5,0,0,0,0,0,54,0,112,0,82,0,0,0,11,0,0,0,5,0,0,0,0,0,41,0,19,0,55,0,0,0,0,0,0,0,0,0,0,0,7,0,0,0,0,0,35,8,0,0,0,0,8,0,0,0,0,0,0,0,0,0,0,0,0,0,0,0,0,0,0,0,0,0,0,0,0,0,0,0,98,456,21,25,54,0,10,0,0,0,3,0,0,0,0
0,29,0,7,0,0,55,356,112,64,0,0,0,0,0,6,0,37,0,19,0,28,0,29,10,153,0,35,0,14,0,18,0,14,0,6,0,20,0,13,0,0,0,15,0,0,0,0,0,0,0,0,6,43,70,112,0,37,0,19,0,38,12,0,0,2,0,0,0,0,0,0,0,0,0,0,0,0,0,0,0,0,0,0,0,0,0,0,0,0,0,0,0,0,0,0,0,0,0,0,0,0,0,0,0,0,0,0,0,0,0,0,0,0,0,0,0,0,0,0,0,0,0,0,0,5,0,0,0,24,0,5,0,0,0,0,0,43,0,0,0,26,0,0,0,9,0,0,0,0,0,0,0,0,0,19,0,13,0,49,0,6,0,0,0,0,0,0,0,0,0,0,0,0,0,1,0,50,0,0,0,0,0,0,0,0,0,0,0,0,0,0,0,0,0,0,0,0,0,0,0,0,0,0,0,0,0,0,0,0,0,0,4,1,0,0,0,0,13,485,7,13,0,0,0
18,0,16,1,28,0,19,0,151,0,11,0,0,0,12,0,3,0,6,0,0,0,0,0,0,0,0,0,0,0,0,0,0,0,0,0,0,0,1,0,0,0,0,0,0,0,0,0,0,0,0,0,3,0,11,0,20,13,93,42,0,0,0,0,0,0,66,33,0,0,0,0,0,0,0,0,0,0,0,0,0,0,0,0,0,0,0,0,0,0,0,0,0,0,0,0,0,0,0,0,0,0,0,0,0,0,0,0,0,0,0,0,0,0,0,0,0,0,0,0,0,0,0,0,10,0,0,0,0,0,40,0,0,0,0,0,0,0,0,4,0,0,0,0,0,8,30,0,29,7,12,1,1,0,0,44,5,0,0,34,304,54,0,0,0,0,0,0,0,0,0,0,0,0,4,0,26,0,0,0,292,15,4,0,192,0,0,0,0,0,0,0,0,0,0,0,0,0,0,0,1,0,0,0,0,0,0,0,0,0,95,14,0,0,0,0,0,0,0,0,0,0,0,0,0
0,97,0,5,0,51,0,20,0,388,0,28,0,0,0,9,0,0,0,40,0,0,0,0,0,0,0,99,0,0,0,0,0,3,0,0,0,0,0,0,0,0,0,0,0,17,0,0,0,0,0,0,5,0,0,0,31,1,0,107,0,0,0,2,0,0,0,282,0,0,0,4,0,0,0,5,0,0,0,0,0,0,3,0,0,0,0,0,0,0,2,0,0,0,1,0,0,0,0,0,0,0,0,0,0,0,0,0,0,0,0,0,0,0,0,0,0,0,0,0,0,0,0,0,0,34,0,34,0,0,68,57,0,0,0,0,0,0,37,6,0,0,0,0,0,8,0,76,0,235,0,50,0,13,13,2,0,0,29,0,46,226,0,0,0,0,0,0,0,0,0,0,0,0,0,11,0,0,0,0,35,161,0,2,0,81,0,0,0,0,0,1,0,0,0,0,0,0,0,0,0,4,0,0,0,0,0,18,0,39,0,0,0,0,140,0,0,0,158,56,0,0,0,0,0
7,0,4,0,7,0,25,0,190,64,0,0,0,0,0,0,2,0,0,0,0,0,0,0,1,0,1,0,4,0,0,0,0,0,0,0,0,0,0,0,0,0,0,0,0,0,0,0,0,0,0,0,17,27,19,128,3,56,153,175,0,1,3,0,66,0,0,154,0,0,0,0,0,0,0,0,0,0,0,0,0,0,0,0,0,0,0,0,0,0,0,0,0,0,0,0,0,0,0,0,0,0,0,0,0,0,0,0,0,0,0,0,0,0,0,0,0,0,0,0,0,0,0,0,8,0,0,0,1,0,10,0,0,0,0,0,0,0,4,0,0,0,0,0,0,0,0,0,18,0,0,0,0,0,3,10,0,0,0,7,61,0,0,0,0,0,1,0,0,0,0,0,0,0,0,0,87,14,0,0,20,0,0,0,303,3,0,0,0,0,0,0,0,0,0,0,0,0,0,0,0,0,0,0,0,0,0,0,0,0,40,42,0,0,30,0,0,0,0,0,0,0,0,0,0
0,3,0,0,0,0,0,0,32,286,0,0,0,0,0,0,0,0,0,0,0,0,0,0,0,0,0,0,0,0,0,0,0,0,0,0,1,0,0,0,0,0,0,0,0,0,0,0,0,0,0,0,66,0,62,12,119,20,356,77,0,0,0,0,33,282,154,0,0,0,0,0,0,0,0,0,0,0,0,0,0,2,0,0,0,1,0,0,0,0,0,0,0,0,0,0,0,0,0,0,0,0,0,0,0,0,0,0,0,0,0,0,0,0,0,0,0,0,0,0,0,0,0,0,0,42,0,0,0,0,0,37,0,0,0,0,0,0,0,0,0,0,0,0,2,0,0,4,0,28,0,0,0,0,36,0,0,0,0,0,0,65,0,0,0,3,0,0,0,0,0,0,0,0,0,5,5,67,0,0,11,20,0,0,23,447,0,0,0,0,0,0,0,0,0,0,0,0,0,0,0,0,0,0,0,0,0,0,0,0,0,0,0,0,232,0,0,0,280,402,100,0,0,0,0
0,0,0,0,0,0,0,0,0,0,0,0,0,0,0,0,0,0,0,0,0,0,0,0,0,0,0,0,0,0,0,0,0,0,0,0,0,0,0,0,0,0,0,0,0,0,0,0,22,0,0,0,0,0,0,0,0,0,0,0,0,0,0,0,0,0,0,0,0,0,0,0,0,0,0,0,149,0,21,0,0,0,6,0,0,0,0,0,0,0,0,0,33,0,8,0,0,0,5,0,2,0,146,0,48,0,37,0,23,0,5,0,0,0,0,0,1,0,0,0,4,0,0,0,0,0,0,0,0,0,0,0,0,1,0,0,0,0,0,0,0,0,0,0,0,0,0,0,0,0,0,0,0,0,0,0,0,0,0,0,0,0,0,0,8,0,0,0,56,0,2,0,0,0,0,0,0,0,0,0,0,0,0,0,0,0,0,0,0,0,12,0,0,0,26,0,0,0,0,0,0,0,0,0,0,0,0,0,0,0,44,0,68,0,13,68,114,0,0,0,0,0,0,0,0
0,0,0,0,0,0,0,0,0,0,0,0,0,2,0,0,0,0,0,0,0,0,0,0,0,0,0,0,0,0,0,0,0,0,0,0,0,0,0,0,0,0,0,0,0,16,0,0,0,0,0,7,0,0,0,0,0,0,0,0,0,0,0,0,0,0,0,0,0,0,0,0,0,0,0,0,0,65,0,0,0,0,0,46,0,0,0,0,0,15,0,0,0,117,0,40,0,0,1,4,0,23,0,151,0,0,0,0,0,22,0,2,0,14,0,4,0,22,0,1,0,0,0,0,0,0,0,0,0,0,0,0,0,0,0,0,0,0,0,0,0,0,0,0,0,0,0,0,0,0,0,0,0,0,0,0,0,0,0,0,0,2,0,4,0,54,0,0,0,35,0,0,0,0,0,0,0,0,0,0,0,0,0,0,0,0,0,0,0,0,0,0,0,0,0,0,0,0,0,0,0,0,0,0,0,0,0,0,0,0,0,0,0,0,14,0,0,0,94,0,154,0,85,107,0
0,0,0,0,0,0,0,0,0,0,0,0,0,0,0,0,0,0,11,0,17,0,0,0,0,0,0,0,9,0,0,0,15,0,0,0,54,0,11,0,0,0,0,0,29,0,0,0,0,0,0,0,0,0,0,0,0,0,0,0,4,0,0,0,0,0,0,0,0,0,0,0,158,0,272,0,0,0,210,0,0,0,0,0,1,0,7,0,0,0,0,2,0,0,0,0,0,0,0,0,0,0,0,0,0,0,0,0,0,0,0,0,0,0,0,0,0,0,0,0,14,0,11,5,10,0,0,0,0,0,14,43,4,0,40,0,9,6,5,0,120,18,71,0,63,11,27,0,50,0,0,0,40,0,0,0,1,0,1,0,0,0,44,0,0,0,33,0,22,0,55,0,62,0,39,0,0,0,0,0,87,15,0,0,3,0,0,0,0,0,0,0,0,1,0,0,0,0,0,0,0,12,0,0,0,1,0,0,20,0,38,0,32,9,19,1,0,0,0,0,0,0,0,0,0
0,0,0,0,0,0,0,0,0,0,0,2,0,0,0,0,0,0,0,0,0,0,0,0,0,0,0,0,0,0,0,0,0,0,0,0,0,0,0,0,0,0,0,0,0,0,0,0,0,0,0,0,0,0,0,0,0,0,0,0,0,0,0,0,0,4,0,0,0,0,0,0,2,165,0,301,0,31,0,22,1,0,0,0,0,0,0,40,0,0,0,0,0,0,0,1,0,0,0,0,0,0,0,0,0,0,0,0,0,0,0,0,0,0,0,0,0,0,0,0,0,0,0,9,0,78,0,0,0,0,0,0,0,0,0,0,0,0,0,1,0,37,0,0,0,119,0,0,4,41,0,50,0,35,0,0,0,0,2,0,1,2,0,24,0,0,0,16,0,3,0,17,0,19,0,0,0,0,0,0,0,0,0,0,0,13,0,0,0,0,0,0,0,0,0,0,0,0,0,0,0,0,0,0,0,0,0,0,0,0,0,0,0,0,0,0,0,0,16,0,0,0,0,0,0
0,0,0,0,0,0,0,0,0,0,0,0,0,0,0,0,0,0,0,0,0,0,0,0,0,0,0,0,0,0,0,0,0,0,0,0,0,0,8,0,0,0,0,0,0,0,0,0,0,0,0,0,0,0,0,0,0,0,0,0,0,0,0,0,0,0,0,0,0,0,158,2,0,0,140,0,115,0,363,0,0,0,30,0,0,0,14,0,0,0,18,0,0,0,0,0,0,0,0,0,0,0,0,0,0,0,31,0,0,0,0,0,0,0,0,0,0,0,0,0,35,0,8,0,26,0,0,0,3,1,13,18,0,0,139,0,0,0,0,0,49,0,174,0,80,0,37,0,47,0,106,0,24,0,0,0,0,0,0,0,0,0,30,0,0,0,0,0,5,0,18,0,11,0,18,0,0,0,0,0,62,0,0,0,0,0,0,0,0,1,0,0,55,0,0,0,0,0,0,0,79,0,0,0,94,0,0,0,96,0,213,0,13,0,7,3,0,0,0,0,0,0,0,0,0
0,0,0,0,0,0,0,0,0,0,0,0,0,0,0,0,0,0,0,0,0,0,0,0,0,0,0,0,0,0,0,0,0,0,0,0,0,0,0,0,0,0,0,0,0,0,0,0,0,0,0,0,0,0,0,0,0,0,0,2,0,0,0,0,0,0,0,0,0,0,0,165,0,0,7,256,0,112,0,75,0,21,0,13,0,16,0,142,0,0,0,0,0,0,0,2,0,0,0,0,0,0,0,2,0,0,0,0,0,0,0,0,0,0,0,0,0,0,0,0,0,48,0,26,0,102,0,86,0,0,0,8,0,26,0,119,0,0,0,0,0,31,0,23,0,68,0,0,0,0,0,0,2,17,0,0,0,0,0,0,0,0,0,34,0,0,0,0,0,0,0,3,0,0,0,0,0,0,0,0,8,0,0,0,0,4,0,0,0,0,0,0,0,0,0,0,0,0,0,0,0,90,0,0,0,0,0,0,0,0,0,0,0,0,0,0,0,0,128,0,8,0,0,0,0
0,0,0,0,0,0,0,0,0,0,0,0,0,0,0,0,0,0,0,0,0,0,0,0,0,0,155,0,13,0,31,0,27,0,0,0,126,0,29,0,0,0,0,0,0,0,0,0,0,0,0,0,0,0,0,0,0,0,0,0,0,0,0,0,0,0,0,0,0,0,272,0,140,7,0,0,0,0,280,0,19,15,41,0,24,3,47,11,0,0,0,0,10,0,0,19,0,0,0,0,0,0,2,0,0,0,0,0,0,0,0,0,0,0,0,0,0,0,0,0,112,0,44,7,19,48,0,0,0,0,9,0,0,0,37,0,0,0,13,0,123,45,90,0,127,15,0,51,82,45,35,12,110,39,0,0,0,0,1,0,0,0,47,0,0,0,0,0,22,0,34,0,73,0,59,0,0,0,0,0,169,42,0,0,0,0,0,0,0,0,0,0,0,0,0,0,0,0,144,0,62,32,0,0,0,0,0,0,0,0,84,0,31,0,19,0,0,0,0,0,0,0,0,0,0
0,3,0,0,0,0,0,0,0,0,0,0,0,0,0,0,0,0,0,0,0,0,0,0,0,0,0,0,0,0,0,0,0,0,0,0,0,0,0,0,0,0,0,0,0,28,0,0,0,0,0,25,0,0,0,0,0,0,0,0,0,2,0,0,0,5,0,0,0,0,0,301,0,256,0,0,0,31,0,82,0,6,0,0,0,2,0,58,0,0,0,0,0,0,0,0,0,0,0,0,0,0,0,0,0,0,0,0,0,0,0,0,0,0,0,0,0,0,0,1,3,124,0,63,13,0,0,0,0,0,0,0,0,0,0,74,0,2,0,2,0,107,0,39,0,276,0,0,9,70,0,143,0,90,0,0,0,2,0,0,0,0,0,25,0,0,0,0,0,0,0,17,0,0,0,24,0,0,0,0,11,90,0,0,0,0,0,0,0,0,0,0,0,0,0,0,0,0,0,0,0,0,0,0,0,0,0,0,9,106,0,0,0,0,0,0,0,0,64,0,25,0,0,0,0
0,0,0,0,0,0,0,0,0,0,0,0,0,0,0,0,0,0,0,0,0,0,0,0,0,0,0,0,0,0,0,0,0,0,0,0,0,0,0,0,0,0,0,0,24,0,0,0,6,0,0,0,0,0,0,0,0,0,0,0,0,0,0,0,0,0,0,0,149,0,0,0,115,0,0,0,0,0,37,0,3,0,23,0,14,0,20,0,0,0,0,0,44,0,16,0,0,0,0,0,0,0,115,0,46,0,56,0,47,0,0,0,3,0,1,0,0,0,0,0,10,0,0,1,0,0,0,0,0,0,0,0,0,0,0,0,0,0,0,1,0,0,0,0,0,0,0,0,6,0,0,0,6,0,0,0,2,0,1,0,0,0,1,0,15,0,0,0,18,0,0,0,0,0,0,0,0,0,0,0,10,0,0,0,0,0,0,0,0,0,0,0,0,0,51,0,0,0,0,0,68,0,0,0,0,0,0,0,0,0,68,4,41,0,14,40,0,0,0,0,0,0,0,0,0
0,0,0,0,0,0,0,0,0,0,0,0,0,0,0,0,0,0,0,0,0,0,0,0,0,0,0,0,0,0,0,0,0,0,0,0,0,0,0,0,0,0,0,4,0,33,0,0,0,1,0,13,0,0,0,0,0,0,0,0,0,0,0,0,0,0,0,0,0,65,0,31,0,112,0,31,0,0,0,40,0,82,0,76,0,0,0,143,0,0,0,0,0,65,0,0,0,24,3,0,0,14,0,112,3,0,0,0,0,30,0,0,0,0,0,0,0,66,0,0,0,37,0,12,0,0,0,0,0,0,3,0,0,0,0,0,0,0,0,0,0,9,0,0,0,0,0,0,0,0,0,0,0,0,0,0,0,0,0,0,0,0,4,0,0,59,0,0,1,31,0,0,0,0,0,0,0,0,0,0,0,16,0,0,0,0,0,4,0,0,0,0,0,0,0,19,0,0,0,0,0,97,0,152,0,0,0,0,0,40,0,0,0,0,8,0,0,0,148,15,36,0,19,1,1
0,0,0,0,0,0,0,0,0,0,0,0,0,0,0,0,0,0,0,0,0,0,0,0,0,0,0,0,0,0,0,0,0,0,0,0,74,0,0,0,0,0,0,0,0,0,0,0,3,0,0,0,0,0,0,0,0,0,0,0,0,0,0,0,0,0,0,0,21,0,210,0,363,0,280,0,37,0,0,0,11,0,49,0,21,0,60,0,0,0,0,0,0,0,11,0,57,0,0,0,0,0,27,0,0,0,56,0,10,0,0,0,0,0,0,0,0,0,0,0,177,0,28,0,0,0,0,0,0,0,0,0,0,0,64,0,0,0,0,0,69,0,153,2,41,0,0,0,49,0,0,0,52,0,0,0,0,0,0,0,0,0,24,0,8,0,0,0,31,0,0,0,0,0,0,0,0,0,0,0,0,0,0,0,0,0,0,0,0,0,21,0,0,0,28,0,0,0,0,0,150,0,0,0,0,0,0,0,0,0,199,0,36,0,40,25,0,0,0,0,0,0,0,1,0
