0,237,144,190,86,150,18,0,42,8,108,59,124,0,31,301,56,14,43,0,24,29,98,243,18,46,42,0,86,0,23,4,203,43,9,3,110,0,305,0,25,0,5,0,14,0,27,0,17,0,0,0,0,0,2,0,0,0,3,0,17,0,0,0,10,0,12,0,1,0,0,0,0,0,1,0,0,0,0,0,0,0,0,0,0,0,0,0,0,0,0,0,0,0,0,0,0,0,0,0,0,0,0,0,1,0,0,0,0,0,0,0,0,0,0,0,0,0,0,0,0,0,0,0,6,4,14,0,0,0,0,0,0,0,13,0,0,0,0,0,0,0,0,0,0,0,0,0,4,0,8,0,0,0,0,0,0,0,0,0,0,1,0,0,2,0,56,0,27,0,8,0,299,0,0,0,43,214,43,0,0,0,42,0,42,0,52,0,0,0,0,0,0,0,0,0,0,0,6,0,10,0,0,0,2,0,0,0,7,0,484,240,307,63,265,0,3,2,0,9,0,0,0,0,0
237,0,169,123,0,117,164,18,168,57,0,133,0,74,0,62,72,57,0,163,0,43,101,159,238,25,0,203,0,151,0,66,0,462,0,18,0,165,0,182,0,26,0,7,0,10,0,52,4,5,0,0,0,3,0,18,0,1,0,0,0,31,25,12,0,13,0,0,0,0,0,0,0,0,0,1,0,0,0,1,0,0,0,0,0,0,1,0,0,0,0,3,0,0,0,0,0,0,0,0,0,0,0,0,0,0,0,0,0,0,0,0,0,0,0,0,0,0,0,0,0,0,0,0,0,27,0,12,0,0,0,0,0,0,0,41,0,31,0,0,0,0,0,5,0,0,0,0,0,22,0,23,0,14,0,0,0,0,0,0,0,0,0,0,0,8,0,0,0,25,0,36,33,199,0,6,6,293,0,52,0,16,33,59,0,43,2,4,0,0,0,0,0,0,0,0,0,0,0,0,0,5,0,0,0,0,0,0,0,17,3,10,0,0,444,0,0,0,790,351,435,150,0,21,0
144,169,0,92,221,352,210,0,10,0,45,195,104,0,255,259,106,0,41,20,57,46,660,173,139,0,83,0,191,0,100,24,438,84,0,0,63,45,321,0,17,0,0,0,0,0,25,0,26,0,0,0,0,0,34,3,0,0,0,0,15,0,10,0,0,0,0,0,0,0,0,0,0,0,0,0,0,0,0,0,0,0,0,0,0,0,0,0,0,0,0,0,0,0,0,0,0,0,0,0,0,0,0,0,0,0,0,0,0,0,0,0,0,0,0,0,0,0,0,0,0,0,0,0,17,1,35,0,0,0,0,0,16,0,104,0,51,0,0,0,0,0,54,0,0,0,12,0,0,0,20,0,0,0,0,0,0,0,0,0,0,0,0,0,0,0,85,0,15,0,2,0,145,2,0,0,29,168,0,0,0,0,11,0,9,0,6,0,0,0,0,0,0,0,0,0,0,0,0,0,95,0,0,0,0,0,6,0,25,0,358,141,338,0,303,0,0,0,0,16,0,0,0,0,0
190,123,92,0,0,51,0,100,34,5,0,16,1,0,0,140,50,14,0,95,0,80,74,191,72,43,0,20,0,34,0,109,0,274,0,0,0,41,0,22,0,0,0,0,0,0,0,0,0,4,0,0,0,0,0,46,0,5,0,1,0,0,1,0,0,0,0,0,0,0,0,0,0,0,0,0,0,0,0,0,0,0,0,0,0,136,0,0,0,0,0,32,1,0,0,0,0,0,0,101,0,0,0,0,0,0,0,0,0,0,0,0,0,0,0,0,0,0,0,0,0,0,0,0,0,0,0,0,0,0,0,2,0,0,0,98,0,3,0,0,0,5,0,62,0,0,0,0,1,0,0,0,0,0,0,0,0,0,0,0,3,0,0,0,0,0,0,60,3,4,0,5,0,62,0,0,6,27,0,5,0,0,21,0,0,0,0,0,0,0,0,0,0,0,0,0,0,0,0,0,0,0,0,0,0,0,0,0,0,0,7,0,0,0,124,0,0,0,148,67,295,57,0,8,1
86,0,221,0,0,453,38,0,18,0,118,184,224,140,386,143,0,0,136,329,163,187,79,15,0,0,158,81,5,0,128,0,164,0,134,0,166,16,0,0,42,0,9,0,7,0,85,0,19,0,143,0,0,0,0,0,0,0,0,0,0,0,0,0,0,0,3,0,0,0,0,0,0,0,0,0,1,0,0,0,0,0,0,0,0,0,0,0,0,0,0,0,0,0,0,0,0,0,0,0,0,0,0,0,0,0,0,0,0,0,0,0,0,0,0,0,0,0,0,0,0,0,0,0,0,0,0,0,0,0,0,0,0,0,0,0,0,0,0,0,0,0,0,0,0,0,0,0,4,0,10,0,0,0,0,0,0,0,0,0,0,0,0,0,0,0,212,0,0,1,10,0,44,0,0,0,84,155,76,0,0,0,31,0,21,0,11,10,0,0,0,0,0,0,0,0,0,0,0,0,34,0,0,0,0,0,0,0,15,0,190,242,292,0,101,0,0,0,0,6,0,0,0,0,0
150,117,352,51,453,0,0,22,4,8,264,172,121,65,396,204,26,0,62,463,235,225,264,38,0,1,0,303,0,1,39,158,52,181,0,283,33,219,0,0,0,22,0,0,0,0,0,57,0,10,0,0,0,0,0,0,0,2,0,0,0,0,0,0,0,0,0,0,0,0,0,0,0,0,0,1,0,0,0,0,0,0,0,0,0,0,0,0,0,0,0,0,0,0,0,0,0,0,0,0,0,0,0,0,0,0,0,0,0,0,0,0,0,0,0,0,0,0,0,0,0,0,0,0,0,5,0,0,0,0,0,0,0,0,0,14,0,0,0,0,0,0,0,0,0,0,0,0,0,2,0,0,0,0,0,0,0,0,0,0,0,3,0,0,0,0,0,183,0,0,0,0,0,14,0,0,31,402,44,61,0,0,13,0,0,0,0,3,0,0,0,0,0,1,0,0,0,0,0,0,0,0,0,0,0,0,0,0,0,0,0,18,0,0,278,0,0,0,460,491,497,126,2,0,0
18,164,210,0,38,0,0,0,15,87,29,0,40,0,31,75,46,25,12,0,0,0,32,111,272,140,25,0,46,18,0,0,38,0,0,0,7,0,248,13,0,0,0,0,0,0,14,0,9,0,0,0,25,0,124,0,12,2,1,0,264,0,318,0,4,0,7,1,0,0,0,0,0,0,0,0,0,0,0,0,0,0,0,0,0,0,0,0,0,0,0,0,0,0,0,0,0,0,0,0,0,0,0,0,0,0,0,0,0,0,0,0,0,0,0,0,0,0,0,0,0,0,0,0,47,0,51,0,0,0,27,0,39,0,79,0,38,0,0,0,0,0,24,0,0,0,26,0,3,0,0,0,1,0,0,0,0,0,0,0,54,0,2,0,0,0,9,0,19,0,82,0,445,0,0,0,3,25,0,0,0,0,4,1,0,0,0,0,0,0,0,0,0,0,0,0,0,0,6,0,25,0,0,0,0,0,0,0,45,0,728,202,369,302,771,0,0,0,8,0,0,0,0,0,0
0,18,0,100,0,22,0,0,260,43,0,3,0,0,0,48,23,50,0,8,0,22,4,54,135,195,0,0,0,269,0,0,0,137,0,0,0,0,5,232,0,3,0,0,0,0,0,0,0,0,0,0,8,9,0,129,0,2,0,2,0,53,41,37,0,2,17,0,0,1,0,0,0,0,0,0,0,0,0,0,0,0,0,4,0,0,0,0,0,0,0,3,0,0,0,0,0,0,0,0,0,0,0,0,0,0,0,0,0,0,0,0,0,0,0,0,0,0,0,0,0,0,0,0,0,1,0,0,0,0,0,0,0,0,0,19,0,9,0,6,0,0,0,17,0,0,0,0,0,0,0,0,0,0,0,0,0,0,0,0,0,0,0,0,0,0,0,0,0,30,2,34,0,242,0,0,0,39,0,1,0,0,0,4,0,2,0,0,0,0,0,0,0,0,0,0,0,0,0,0,0,0,0,0,0,0,0,0,0,3,0,13,5,0,459,0,0,0,451,70,329,296,0,70,2
42,168,10,34,18,4,15,260,0,692,20,0,4,0,10,50,24,80,4,0,4,0,3,86,18,524,12,0,8,21,0,0,11,0,0,0,3,0,118,20,0,0,0,0,0,0,6,0,7,0,0,0,12,8,38,176,5,0,37,33,211,9,203,91,107,0,238,25,0,0,0,0,0,0,0,0,0,0,0,0,0,0,0,0,0,0,0,0,0,0,0,0,0,0,1,0,0,0,0,0,0,0,0,0,0,0,0,0,0,0,0,0,0,0,0,0,0,0,0,0,0,0,0,0,28,0,43,1,0,0,34,0,8,0,21,0,0,0,0,0,0,0,2,0,0,0,30,0,36,0,9,0,1,0,0,0,0,0,0,0,10,0,2,0,0,0,0,0,31,0,160,0,227,19,0,0,109,140,7,0,0,0,110,10,71,0,6,0,0,0,0,0,0,0,0,0,0,0,0,0,0,0,0,0,0,0,4,0,34,0,670,293,191,0,406,2,22,6,10,8,0,0,0,0,0
8,57,0,5,0,8,87,43,692,0,0,15,0,15,0,5,0,25,0,29,0,9,3,0,79,24,0,72,0,85,0,0,0,0,0,0,0,25,0,206,0,7,0,2,0,6,0,0,0,1,0,0,71,17,145,81,40,23,139,39,0,126,63,84,0,131,205,127,0,0,0,0,0,0,0,0,0,0,0,0,0,7,0,0,0,0,0,0,0,0,0,0,0,0,0,0,0,7,0,9,0,0,0,0,0,0,0,0,0,0,0,0,0,0,0,0,0,0,0,0,0,0,0,0,0,102,0,22,0,0,0,47,0,0,0,146,0,49,0,5,0,0,0,8,0,0,0,8,0,89,0,39,0,12,0,0,0,13,0,0,0,8,0,2,0,4,0,0,0,34,0,80,6,216,0,3,12,223,0,7,0,0,16,10,0,88,0,3,0,0,0,1,0,0,0,0,0,4,0,16,0,10,0,0,0,0,0,0,0,60,3,0,2,2,618,0,0,0,636,200,242,296,0,79,0
108,0,45,0,118,264,29,0,20,0,0,76,241,0,59,118,21,0,48,177,111,81,28,0,0,0,67,0,5,0,79,0,183,0,39,0,226,15,6,0,52,0,0,0,6,1,19,0,17,0,45,0,0,0,0,0,0,0,0,0,0,0,0,0,3,0,0,0,0,0,0,0,0,0,0,0,0,0,0,0,0,0,0,0,0,0,0,0,0,0,0,0,0,0,0,0,0,0,0,0,0,0,0,0,0,0,0,0,0,0,0,0,0,0,0,0,0,0,0,0,0,0,0,0,0,0,0,0,0,0,0,0,0,0,0,0,0,0,0,0,0,0,0,0,0,0,0,0,2,0,0,0,0,0,0,0,0,0,0,0,0,0,0,0,0,0,141,0,0,0,5,0,36,0,4,0,131,98,199,0,0,0,28,0,39,0,58,0,0,0,0,0,0,0,0,0,0,0,2,0,0,0,0,0,0,0,0,0,0,0,120,188,175,0,53,0,0,0,0,0,0,0,0,0,0
59,133,195,16,184,172,0,3,0,15,76,0,24,212,174,10,23,0,20,90,81,13,122,8,13,0,0,340,0,0,8,23,0,87,0,55,17,100,0,0,0,159,0,25,0,12,0,173,0,31,0,0,0,0,0,0,0,1,0,0,0,0,0,0,0,3,0,0,0,0,0,0,0,0,0,0,0,0,0,0,0,0,0,0,0,1,0,0,0,0,0,0,0,0,0,0,0,0,0,0,0,0,0,0,0,0,0,4,0,0,0,0,0,0,0,0,0,0,0,0,0,0,0,0,0,0,0,0,0,0,0,0,0,0,0,31,0,3,0,0,0,0,0,0,0,0,0,0,0,1,0,13,0,5,0,0,0,0,0,0,0,0,0,0,0,0,9,18,0,6,1,2,0,8,0,0,16,410,10,76,0,17,0,2,2,10,2,0,0,0,0,0,0,0,0,0,0,1,0,0,0,2,0,0,0,0,0,0,0,6,8,0,0,0,59,0,0,0,84,132,64,0,0,0,0
124,0,104,1,224,121,40,0,4,0,241,24,0,291,56,8,0,0,135,295,55,77,6,0,0,0,151,456,0,0,12,0,0,0,92,0,34,0,0,0,239,60,204,0,43,0,230,186,72,14,500,0,0,0,0,0,0,0,0,0,0,0,0,0,3,0,2,0,0,0,0,0,0,0,0,0,0,0,0,0,0,0,0,0,0,0,0,0,0,0,0,0,0,0,0,0,0,0,0,0,0,0,0,0,0,0,0,0,0,0,0,0,0,0,0,0,0,0,0,0,0,0,0,0,0,0,0,0,0,0,0,0,0,0,0,0,0,0,0,0,0,0,0,0,0,0,3,0,0,0,0,0,0,0,0,0,0,0,1,0,0,0,1,0,44,0,38,0,22,0,0,0,0,0,0,0,148,110,46,0,2,0,15,0,0,0,113,23,0,0,0,0,0,0,0,0,0,0,0,0,0,0,0,0,0,0,0,0,0,0,29,102,100,0,12,0,1,0,0,15,0,0,0,0,0
0,74,0,0,140,65,0,0,0,15,0,212,291,0,153,0,0,0,375,154,267,130,0,0,0,0,244,214,0,0,18,0,0,0,78,282,0,214,0,0,60,240,17,432,24,45,79,298,13,48,84,397,0,0,0,0,0,0,0,0,0,0,0,0,0,0,0,0,0,0,0,0,0,0,0,0,0,0,0,0,0,0,0,0,0,0,0,0,0,0,0,0,0,0,0,0,0,0,0,0,0,0,0,0,0,0,0,0,0,0,0,0,0,0,0,0,0,0,0,0,0,0,0,0,0,0,0,0,0,0,0,0,0,0,0,0,0,0,0,0,0,0,0,0,0,0,0,0,0,1,0,0,0,0,0,0,0,0,0,0,0,1,0,0,0,68,0,46,0,45,0,0,1,0,0,2,14,370,15,8,0,4,0,0,0,5,11,80,0,0,0,0,0,0,0,0,0,0,0,0,0,0,0,0,0,0,0,0,0,0,0,13,18,0,0,0,0,3,0,170,131,29,0,0,0
31,0,255,0,386,396,31,0,10,0,59,174,56,153,0,94,53,0,323,268,303,166,224,7,49,0,327,47,3,0,88,13,72,19,90,0,73,26,0,0,0,0,0,0,49,0,35,0,16,0,60,0,6,0,18,0,0,1,0,0,0,0,16,0,0,0,0,0,0,0,0,0,0,0,3,0,0,0,0,0,0,0,0,0,48,0,0,0,0,0,0,0,0,0,0,0,0,0,0,0,0,0,0,0,0,0,0,0,0,0,0,0,0,0,0,0,0,0,0,0,2,0,0,0,0,0,0,0,0,0,0,0,0,0,79,0,44,0,0,0,0,0,81,0,0,0,5,0,0,0,0,0,0,0,0,0,1,0,0,0,0,0,0,0,8,0,41,0,0,0,0,0,7,0,0,0,72,58,17,0,0,0,7,0,16,0,0,0,0,0,0,0,0,0,0,0,0,0,0,0,111,0,0,0,0,0,0,0,0,0,29,136,74,0,23,0,0,0,0,2,0,0,0,0,0
301,62,259,140,143,204,75,48,50,5,118,10,8,0,94,0,68,4,0,355,31,362,184,160,138,25,0,120,0,3,10,182,38,194,0,55,14,36,37,2,2,0,0,0,0,0,0,0,0,0,0,4,1,0,0,20,0,0,0,0,0,0,0,6,0,0,0,0,0,0,0,0,0,0,0,9,0,0,0,0,0,137,0,11,0,155,0,47,0,0,0,0,0,0,0,0,0,0,0,109,0,73,0,0,0,0,0,29,0,0,0,0,0,0,0,0,0,0,0,0,0,13,0,0,0,0,0,0,0,0,0,0,0,0,0,42,0,0,0,0,0,6,0,61,0,0,0,0,0,0,0,0,0,0,0,4,0,0,0,0,0,0,0,0,0,3,0,125,0,16,1,6,12,23,0,0,9,42,4,3,0,0,24,2,0,0,0,0,0,0,0,0,0,0,0,0,0,0,0,0,0,0,0,0,0,0,0,0,0,0,14,0,29,0,65,0,0,0,90,338,159,34,0,0,0
56,72,106,50,0,26,46,23,24,0,21,23,0,0,53,68,0,6,49,0,373,0,86,78,132,40,94,0,191,4,75,4,213,11,8,0,19,5,347,0,0,0,0,0,94,0,0,0,0,0,0,0,92,0,25,0,7,0,0,0,48,0,529,3,0,0,3,0,0,0,14,0,5,0,0,0,0,0,0,0,43,0,0,0,459,0,83,0,0,0,83,0,0,0,0,0,470,0,0,0,0,0,0,0,0,0,0,0,0,0,0,0,0,0,0,0,0,0,0,0,34,0,98,0,0,0,0,0,14,0,0,0,0,0,57,0,326,0,73,0,63,0,527,0,30,0,0,0,0,0,0,0,0,0,37,0,0,0,29,0,0,0,0,0,0,0,25,0,30,0,0,0,62,0,0,0,9,15,0,0,0,0,31,0,1,0,0,0,0,0,0,0,0,0,0,0,0,0,0,0,224,0,0,0,0,0,0,0,0,0,48,242,152,34,35,0,0,0,0,0,0,0,0,0,0
14,57,0,14,0,0,25,50,80,25,0,0,0,0,0,4,6,0,0,0,0,89,0,138,34,100,0,0,0,177,0,26,0,49,0,18,0,5,0,36,0,0,0,0,0,0,0,0,0,0,0,0,3,120,11,6,0,10,0,0,0,4,16,174,0,0,0,0,0,0,0,2,0,0,0,0,0,0,0,0,0,124,0,0,0,171,0,0,0,0,0,0,0,0,0,0,0,0,0,0,0,0,0,0,0,0,0,0,0,0,0,0,0,0,0,0,0,0,0,0,0,0,0,0,0,0,0,0,0,13,0,0,0,0,0,12,0,62,0,173,0,69,0,203,0,9,0,0,0,0,1,0,0,0,0,40,0,0,0,26,0,0,0,0,0,0,0,0,0,3,0,0,0,21,0,0,0,17,0,0,0,0,1,7,0,0,0,0,0,0,0,0,0,0,0,0,0,0,0,0,0,0,0,0,0,0,0,0,0,0,0,0,0,0,20,0,0,0,27,92,31,26,0,0,0
43,0,41,0,136,62,12,0,4,0,48,20,135,375,323,0,49,0,0,300,152,76,151,0,24,0,181,526,9,0,24,0,0,0,107,0,39,0,0,0,7,41,10,35,30,0,22,119,6,0,208,39,5,0,14,0,0,0,0,0,0,0,22,0,0,0,3,0,0,0,0,0,0,0,0,0,0,0,0,0,0,0,0,0,0,0,0,0,0,0,19,0,0,0,0,1,0,0,0,0,0,0,0,0,0,0,0,0,0,0,0,0,0,0,0,0,0,0,0,0,0,0,0,0,0,0,0,0,0,0,0,0,0,0,0,0,0,0,0,0,0,0,0,0,0,0,0,0,0,0,0,0,0,0,0,0,0,0,0,0,0,0,0,0,16,0,0,0,0,0,0,0,6,0,0,0,89,77,29,0,0,0,8,0,0,0,16,33,0,0,0,0,0,0,0,0,0,0,0,0,0,0,0,0,0,0,0,0,0,0,17,117,66,0,12,0,0,1,0,0,0,0,0,0,0
0,163,20,95,329,463,0,8,0,29,177,90,295,154,268,355,0,0,300,0,339,541,13,65,0,3,100,513,0,0,59,38,0,7,127,348,0,215,0,0,17,9,11,103,0,24,26,63,7,31,34,196,0,0,0,3,0,0,0,2,0,12,0,0,0,0,0,0,0,0,0,0,0,0,0,0,0,0,0,0,0,0,0,0,0,55,0,0,0,0,0,0,0,0,0,0,0,0,0,0,0,0,0,0,0,0,0,0,0,0,0,0,0,0,0,0,0,0,0,0,0,0,0,0,0,6,0,0,0,0,0,0,0,0,0,105,0,42,0,23,0,0,0,39,0,0,0,6,0,0,0,13,0,0,0,0,0,0,0,0,0,0,0,2,0,39,0,135,0,28,0,17,0,6,0,0,12,120,53,5,0,0,0,5,0,14,11,18,0,0,0,0,0,0,0,0,0,0,0,4,0,8,0,0,0,0,0,0,0,16,0,12,24,0,103,0,0,0,197,457,317,42,0,1,0
24,0,57,0,163,235,0,0,4,0,111,81,55,267,303,31,373,0,152,339,0,126,239,0,48,0,236,296,59,0,62,0,66,0,76,0,33,9,5,0,0,0,3,0,96,0,6,69,6,0,86,25,6,0,0,0,5,0,5,0,0,0,72,0,0,0,3,0,0,0,55,0,0,0,25,0,0,0,0,0,0,0,0,0,393,0,99,0,0,0,0,0,0,0,0,0,415,0,0,0,0,0,0,0,0,0,0,0,0,0,0,0,0,0,0,0,0,0,0,0,73,0,79,0,0,0,0,0,0,0,0,0,0,0,0,0,66,0,37,0,173,0,268,0,66,0,0,0,0,0,0,0,0,0,0,0,6,0,0,0,0,0,0,0,12,0,39,0,0,0,15,0,22,0,0,0,91,48,45,0,0,0,0,0,0,0,0,0,0,0,0,0,0,0,0,0,0,0,0,0,0,0,0,0,0,0,0,0,0,0,113,323,103,44,73,0,0,0,0,4,0,0,0,0,0
29,43,46,80,187,225,0,22,0,9,81,13,77,130,166,362,0,89,76,541,126,0,30,590,6,29,0,513,0,38,23,179,15,115,0,92,11,41,0,0,0,0,0,129,0,126,10,10,0,71,0,127,0,46,0,13,0,0,0,0,0,10,0,143,0,1,0,0,0,0,0,23,0,0,0,31,0,0,0,0,0,360,0,0,0,343,0,139,0,0,0,0,0,0,0,0,0,0,0,0,0,0,0,0,0,0,0,0,0,0,0,0,0,0,0,0,0,0,0,0,0,106,0,0,0,0,0,0,0,0,0,0,0,0,0,0,0,90,0,285,0,203,0,480,0,89,0,0,0,0,0,0,0,0,0,8,0,0,0,0,0,0,0,4,0,39,8,97,0,30,0,6,0,15,0,0,0,51,21,2,0,0,0,7,0,0,0,0,0,0,0,0,0,0,0,0,0,0,0,0,0,1,0,0,0,0,0,0,0,0,0,13,9,0,103,0,0,0,278,826,214,48,0,4,0
98,101,660,74,79,264,32,4,3,3,28,122,6,0,224,184,86,0,151,13,239,30,0,110,117,0,175,0,34,0,32,15,51,46,0,9,16,29,24,0,0,0,0,0,153,0,0,0,34,0,0,0,14,0,36,2,8,0,0,0,0,0,35,0,0,0,0,0,0,0,2,0,0,0,0,0,0,0,0,0,0,0,0,0,45,0,0,0,0,0,45,0,0,0,0,0,122,0,0,0,0,0,0,0,0,0,25,0,0,0,0,0,0,0,0,0,0,0,0,0,0,0,0,0,0,0,0,0,0,0,0,0,0,0,63,0,61,0,0,0,2,0,98,0,7,0,0,0,3,0,10,0,8,0,7,0,0,0,0,0,0,0,0,0,0,0,35,2,10,0,0,0,46,0,0,0,6,46,0,0,0,0,23,0,9,0,0,0,0,0,0,0,0,0,0,0,2,0,0,0,102,0,0,0,0,0,0,0,9,0,83,355,87,0,53,0,0,0,16,10,13,0,0,0,0
243,159,173,191,15,38,111,54,86,0,0,8,0,0,7,160,78,138,0,65,0,590,110,0,185,76,0,69,10,70,0,135,0,124,0,39,0,28,60,7,0,0,0,0,0,43,0,0,1,46,0,5,0,29,0,10,0,0,0,0,0,3,0,93,0,0,0,0,0,0,0,8,0,0,0,17,0,0,0,0,0,238,0,0,0,278,0,82,0,0,0,0,0,0,0,41,0,0,0,0,0,0,0,0,0,0,0,26,0,0,0,0,0,0,0,0,0,0,0,0,0,42,0,0,0,0,0,0,0,0,0,0,0,0,0,0,0,0,0,62,0,30,0,209,0,7,0,0,0,0,0,0,0,0,0,0,0,2,0,10,0,0,0,0,0,0,0,42,0,8,0,1,28,35,0,0,0,88,0,19,0,0,19,13,0,0,0,0,0,0,0,0,0,0,0,0,0,0,0,0,0,0,0,0,0,1,0,0,0,0,0,0,0,0,30,0,0,0,81,640,94,18,1,0,0
18,238,139,72,0,0,272,135,18,79,0,13,0,0,49,138,132,34,24,0,48,6,117,185,0,229,0,0,9,29,2,0,0,17,0,0,0,9,29,26,0,0,0,1,17,0,0,0,0,0,7,0,49,0,170,0,22,0,1,0,24,0,103,6,0,1,0,0,0,0,0,0,7,0,0,0,0,0,0,0,0,0,0,0,101,0,0,0,0,0,87,0,0,0,0,0,182,0,0,0,0,0,0,0,0,0,18,0,0,0,0,0,0,0,0,0,0,0,0,0,0,0,0,0,0,0,0,0,15,0,0,0,40,0,170,0,289,0,23,0,0,0,275,0,0,0,0,0,0,0,8,0,0,0,29,0,0,0,23,0,0,0,0,0,0,0,0,0,0,0,4,0,49,11,0,0,0,25,0,0,0,0,3,4,0,0,0,0,0,0,0,0,0,0,0,0,1,0,3,0,267,0,0,0,0,0,0,0,12,0,20,97,88,23,0,0,0,3,25,0,0,6,0,0,0
46,25,0,43,0,1,140,195,524,24,0,0,0,0,0,25,40,100,0,3,0,29,0,76,229,0,0,0,0,79,0,3,0,0,0,0,0,0,22,18,0,0,0,0,0,0,0,0,0,0,0,0,14,14,63,126,6,55,28,0,0,3,97,15,0,0,15,0,0,0,0,0,0,0,0,0,0,0,0,0,0,133,0,0,0,233,0,0,0,0,0,0,0,0,0,0,0,0,0,145,0,122,0,0,0,0,0,0,0,0,0,0,0,0,0,0,0,0,0,0,0,0,0,0,0,2,0,0,0,13,5,0,0,39,0,186,0,41,0,95,0,24,0,266,0,5,0,0,0,0,0,0,0,0,0,31,0,0,0,11,0,0,0,0,0,0,0,0,0,0,0,8,29,36,0,0,0,32,0,1,0,0,14,5,0,0,0,0,0,0,0,0,0,0,0,0,0,0,0,0,0,3,0,0,0,0,0,0,0,0,12,6,4,0,57,0,0,0,32,83,46,57,0,8,1
42,0,83,0,158,0,25,0,12,0,67,0,151,244,327,0,94,0,181,100,236,0,175,0,0,0,0,481,34,0,41,0,46,0,27,8,74,0,5,0,64,140,95,0,83,49,240,333,39,34,247,19,15,0,21,0,0,0,0,0,0,0,22,0,0,0,0,0,0,0,17,0,0,0,0,0,0,0,0,0,0,0,0,0,0,0,0,0,0,0,0,0,0,0,0,0,0,0,0,0,0,0,0,0,0,0,0,0,0,0,0,0,0,0,0,0,0,0,0,0,0,0,0,0,0,0,0,0,0,0,0,0,0,0,0,0,0,0,0,0,0,0,0,0,0,0,7,0,0,0,0,0,5,0,0,0,0,0,0,0,0,0,0,0,45,0,12,0,0,0,5,0,22,0,0,0,46,75,20,0,0,0,0,0,0,0,67,44,0,0,0,0,0,0,0,0,0,0,0,0,93,0,0,0,0,0,0,0,0,0,13,192,236,8,13,0,0,5,0,11,0,0,0,0,0
0,203,0,20,81,303,0,0,0,72,0,340,456,214,47,120,0,0,526,513,296,513,0,69,0,0,481,0,0,0,0,0,0,0,97,78,0,41,0,0,157,63,59,333,75,182,197,346,30,22,155,286,0,0,0,5,0,0,0,0,0,0,0,14,0,5,0,0,0,0,0,0,0,0,0,0,0,0,0,0,0,0,0,0,0,0,0,24,0,0,0,0,0,4,0,0,0,0,0,0,0,0,0,0,0,0,0,0,0,0,0,0,0,0,0,0,0,0,0,0,0,0,0,0,0,0,0,0,0,0,0,0,0,0,0,71,0,34,0,53,0,0,0,107,0,0,0,7,0,0,0,0,0,0,0,0,0,0,0,0,0,0,0,0,0,95,1,12,0,59,0,0,0,6,0,2,9,110,8,0,0,0,0,0,0,46,25,43,0,0,0,0,0,0,0,0,0,0,0,0,0,0,0,0,0,0,0,0,0,0,0,12,0,0,49,0,0,1,114,737,334,38,0,1,9
86,0,191,0,5,0,46,0,8,0,5,0,0,0,3,0,191,0,9,0,59,0,34,10,9,0,34,0,0,0,19,0,20,0,13,0,11,0,63,0,0,0,7,0,0,0,0,0,0,0,15,0,3,0,0,0,0,0,0,0,6,0,12,0,0,0,1,0,0,0,8,0,0,0,0,0,0,0,0,0,0,0,0,0,56,0,0,0,0,0,0,0,0,0,0,0,0,0,0,0,0,0,0,0,0,0,0,0,0,0,0,0,0,0,0,0,0,0,0,0,0,0,24,0,0,0,0,0,0,0,0,0,0,0,0,0,21,0,34,0,89,0,77,0,0,0,0,0,0,0,0,0,0,0,0,0,0,0,0,0,0,0,0,0,0,0,0,0,0,0,0,0,0,0,0,0,0,6,0,0,0,0,61,0,0,0,0,0,0,0,0,0,0,0,0,0,0,0,0,0,14,0,0,0,0,0,0,0,0,0,0,30,6,0,0,0,0,0,0,0,0,0,0,0,0
0,151,0,34,0,1,18,269,21,85,0,0,0,0,0,3,4,177,0,0,0,38,0,70,29,79,0,0,0,0,0,17,0,33,0,43,0,35,0,117,0,0,0,19,0,0,0,0,0,0,0,22,0,22,3,12,0,0,0,0,0,8,2,78,0,0,0,0,0,0,0,0,0,0,0,0,0,0,0,0,0,5,0,0,0,6,0,0,0,0,0,0,0,0,0,0,0,0,0,0,0,0,0,0,0,0,0,0,0,0,0,0,0,0,0,0,0,0,0,0,0,0,0,0,0,0,0,0,0,0,0,0,0,0,0,0,0,0,0,105,0,35,0,16,0,41,0,0,0,0,0,0,0,0,0,8,0,11,0,12,0,0,0,0,0,0,0,0,1,0,0,5,0,6,0,0,0,36,0,4,0,0,0,30,0,0,0,0,0,0,0,0,0,0,0,0,0,0,0,0,0,0,0,0,0,0,0,0,0,0,5,0,0,0,20,0,0,0,53,129,9,7,0,2,0
23,0,100,0,128,39,0,0,0,0,79,8,12,18,88,10,75,0,24,59,62,23,32,0,2,0,41,0,19,0,0,0,22,0,34,0,65,0,7,0,0,0,24,0,0,0,0,0,0,0,47,0,4,0,0,0,0,0,0,0,0,0,10,0,0,0,0,0,0,0,2,0,1,0,0,0,0,0,0,0,0,0,0,0,29,0,11,0,0,0,0,0,0,0,0,0,46,0,0,0,0,0,0,0,0,0,0,0,0,0,0,0,0,0,0,0,0,0,0,0,7,0,6,0,0,0,0,0,0,0,0,0,0,0,0,0,8,0,0,0,24,0,19,0,15,0,0,0,0,0,0,0,0,0,0,0,0,0,0,0,0,0,0,0,0,0,39,0,0,0,0,0,9,0,0,0,43,10,27,0,0,0,0,0,0,0,0,0,0,0,0,0,0,0,0,0,0,0,0,0,14,0,0,0,0,0,0,0,0,0,50,146,59,28,33,0,0,0,0,0,0,0,0,0,0
4,66,24,109,0,158,0,0,0,0,0,23,0,0,13,182,4,26,0,38,0,179,15,135,0,3,0,0,0,17,0,0,0,5,0,128,0,29,0,0,0,0,0,12,0,6,0,0,0,0,0,30,0,8,0,0,0,0,0,0,0,0,0,0,0,0,0,0,0,0,0,0,0,0,0,0,0,0,0,0,0,0,0,0,0,0,0,0,0,0,0,0,0,0,0,0,0,0,0,0,0,0,0,0,0,0,0,0,0,0,0,0,0,0,0,0,0,0,0,0,0,0,0,0,0,0,0,0,0,0,0,0,0,0,0,0,0,0,0,34,0,35,0,49,0,15,0,0,0,0,0,0,0,0,0,0,0,1,0,0,0,0,0,0,0,0,0,22,0,5,0,2,0,1,0,0,2,46,0,0,0,0,0,0,0,0,0,0,0,0,0,0,0,0,0,0,0,0,0,0,0,0,0,0,0,0,0,0,0,0,0,0,0,0,30,0,0,0,70,235,25,15,0,1,0
203,0,438,0,164,52,38,0,11,0,183,0,0,0,72,38,213,0,0,0,66,15,51,0,0,0,46,0,20,0,22,0,0,0,35,0,90,0,9,0,0,0,31,0,10,0,0,0,2,0,25,0,9,0,0,0,0,0,4,0,7,0,9,0,0,0,0,0,0,0,8,0,0,0,0,0,0,0,0,0,0,0,0,0,0,0,0,0,0,0,0,0,0,0,0,0,52,0,0,0,0,0,0,0,0,0,0,0,0,0,0,0,0,0,0,0,0,0,0,0,0,0,16,0,0,0,0,0,0,0,0,0,0,0,0,0,0,0,42,0,55,0,0,0,11,0,0,0,0,0,0,0,0,0,4,0,6,0,0,0,0,0,0,0,0,0,53,0,0,0,0,0,8,0,0,0,91,28,15,0,0,0,110,0,16,0,0,0,0,0,0,0,0,0,0,0,0,0,0,0,0,0,0,0,0,0,0,0,0,0,28,197,41,14,19,0,0,0,0,1,0,0,0,0,0
43,462,84,274,0,181,0,137,0,0,0,87,0,0,19,194,11,49,0,7,0,115,46,124,17,0,0,0,0,33,0,5,0,0,0,80,0,86,0,4,0,0,0,7,0,0,0,0,0,0,0,14,0,10,0,5,0,0,0,0,0,35,0,9,0,0,0,0,0,0,0,1,0,0,0,0,0,0,0,0,0,0,0,0,0,0,0,0,0,0,0,0,0,0,0,0,0,0,0,0,0,0,0,0,0,0,0,0,0,0,0,0,0,0,0,0,0,0,0,0,0,0,0,0,0,0,0,0,0,0,0,0,0,0,0,0,0,0,0,45,0,17,0,18,0,32,0,0,0,0,0,0,0,0,0,0,0,23,0,5,0,0,0,0,0,2,0,55,0,0,0,6,0,29,0,0,0,231,0,54,0,0,0,36,0,0,0,0,0,0,0,0,0,0,0,0,0,0,0,0,0,0,0,0,0,0,0,0,0,0,0,0,0,0,37,0,0,0,73,356,68,32,0,0,0
9,0,0,0,134,0,0,0,0,0,39,0,92,78,90,0,8,0,107,127,76,0,0,0,0,0,27,97,13,0,34,0,35,0,0,0,127,0,0,0,0,0,8,0,1,0,5,12,4,2,103,0,0,0,0,0,0,0,0,0,0,0,0,0,0,0,3,0,0,0,0,0,0,0,0,0,0,0,0,0,0,0,0,0,0,0,0,0,0,0,0,0,0,0,0,0,0,0,0,0,0,0,0,0,0,0,0,0,0,0,0,0,0,0,0,0,0,0,0,0,0,0,0,0,0,0,0,0,0,0,0,0,0,0,0,0,0,0,0,0,0,0,25,0,0,0,0,0,0,0,0,0,0,0,0,0,0,0,0,0,0,0,0,0,33,0,45,0,0,0,0,0,0,0,0,0,40,9,27,0,0,0,0,0,0,0,0,0,0,0,0,0,0,0,0,0,0,0,0,0,0,0,0,0,0,0,0,0,0,0,42,212,198,0,47,0,1,0,0,0,0,0,0,0,0
3,18,0,0,0,283,0,0,0,0,0,55,0,282,0,55,0,18,0,348,0,92,9,39,0,0,8,78,0,43,0,128,0,80,0,0,0,337,0,3,0,0,0,28,0,41,0,2,0,1,0,61,0,0,0,0,0,0,0,0,0,9,0,13,0,0,0,0,0,0,0,0,0,0,0,0,0,0,0,0,0,0,0,0,0,0,0,9,0,0,0,0,0,0,0,0,0,0,0,0,0,0,0,0,0,0,0,0,0,0,0,0,0,0,0,0,0,0,0,0,0,0,0,0,0,0,0,0,0,0,0,0,0,0,0,0,0,0,0,72,0,84,0,68,0,64,0,0,0,0,0,0,0,0,0,0,0,6,0,0,0,0,0,0,0,31,0,86,0,0,0,0,0,4,0,0,0,46,0,9,0,3,0,0,0,0,0,21,0,0,0,0,0,0,0,0,0,0,0,0,0,0,0,0,0,0,0,0,0,0,2,0,0,1,54,0,0,0,151,484,184,0,0,1,0
110,0,63,0,166,33,7,0,3,0,226,17,34,0,73,14,19,0,39,0,33,11,16,0,0,0,74,0,11,0,65,0,90,0,127,0,0,0,34,0,0,0,38,0,74,0,0,0,11,0,34,2,6,0,0,0,7,0,0,0,0,0,3,0,2,0,0,0,0,0,9,0,0,0,0,0,0,0,0,0,0,0,0,0,51,0,0,0,0,0,0,0,0,0,0,0,43,0,0,0,0,0,0,0,0,0,0,0,0,0,0,0,0,0,0,0,0,0,0,0,21,0,12,0,0,0,0,0,0,0,0,0,0,0,0,0,11,0,22,0,69,0,37,0,40,0,0,0,0,0,0,0,0,0,0,0,11,0,0,0,1,0,0,0,26,0,60,0,34,0,17,0,35,0,0,0,0,30,44,0,0,0,93,0,5,0,0,0,0,0,0,0,0,0,0,0,0,0,0,0,0,0,0,0,0,0,0,0,0,0,43,151,99,22,32,0,0,2,0,0,0,0,0,0,0
0,165,45,41,16,219,0,0,0,25,15,100,0,214,26,36,5,5,0,215,9,41,29,28,9,0,0,41,0,35,0,29,0,86,0,337,0,0,0,5,1,0,0,122,0,63,0,0,0,0,0,65,0,5,0,0,0,0,0,0,0,25,0,19,0,0,0,0,0,0,0,10,0,5,0,0,0,0,0,0,0,0,0,0,0,21,0,0,0,0,0,0,0,0,0,0,0,0,0,0,0,0,0,0,0,0,0,0,0,0,0,0,0,0,0,0,0,0,0,0,0,35,0,16,0,0,0,0,0,0,0,0,0,13,0,0,0,18,0,86,0,110,0,132,0,168,0,0,0,0,0,0,0,0,0,0,0,20,0,5,0,0,0,0,0,19,0,66,0,25,0,8,0,75,0,1,0,122,0,20,0,0,0,0,0,15,0,0,0,0,0,0,0,0,0,0,0,0,0,0,0,0,0,0,0,0,0,0,0,0,0,0,0,0,25,0,0,0,49,334,118,19,0,3,0
305,0,321,0,0,0,248,5,118,0,6,0,0,0,0,37,347,0,0,0,5,0,24,60,29,22,5,0,63,0,7,0,9,0,0,0,34,0,0,0,0,0,4,0,0,0,0,0,0,0,0,0,4,0,0,0,0,0,6,0,25,0,36,0,0,0,0,0,0,0,16,0,0,0,0,0,0,0,0,0,10,0,0,0,46,0,36,0,0,0,0,0,0,0,0,0,0,0,0,0,0,0,0,0,0,0,0,0,0,0,0,0,0,0,0,0,0,0,0,0,11,0,19,0,0,0,0,0,0,0,0,0,0,0,0,0,19,0,36,0,62,0,64,0,27,0,0,0,0,0,0,0,0,0,0,0,13,0,0,0,0,0,0,0,0,0,4,0,2,0,5,0,133,0,0,0,33,44,0,0,0,0,245,0,19,0,0,0,0,0,0,0,0,0,0,0,0,0,0,0,0,0,0,0,0,0,0,0,0,0,26,165,15,23,25,0,0,1,0,0,0,0,0,0,0
0,182,0,22,0,0,13,232,20,206,0,0,0,0,0,2,0,36,0,0,0,0,0,7,26,18,0,0,0,117,0,0,0,4,0,3,0,5,0,0,0,0,0,0,0,0,0,0,0,0,0,0,1,29,0,19,0,0,0,8,0,43,0,40,0,0,0,1,0,0,0,0,0,0,0,0,0,0,0,0,0,0,0,0,0,0,0,0,0,0,0,0,0,0,0,0,0,0,0,0,0,0,0,0,0,0,0,0,0,0,0,0,0,0,0,0,0,0,0,0,0,0,0,0,0,0,0,0,0,0,0,0,0,0,0,0,0,1,0,37,0,0,0,4,0,54,0,0,0,0,0,0,0,0,0,0,0,19,0,6,0,0,0,0,0,0,0,0,0,0,0,5,0,40,0,0,0,76,0,0,0,0,0,31,0,8,0,0,0,0,0,0,0,0,0,0,0,0,0,0,0,0,0,0,0,0,0,0,0,0,0,0,1,0,28,0,0,0,51,306,10,20,0,0,0
25,0,17,0,42,0,0,0,0,0,52,0,239,60,0,2,0,0,7,17,0,0,0,0,0,0,64,157,0,0,0,0,0,0,0,0,0,1,0,0,0,106,73,0,20,48,179,247,179,59,34,0,0,0,0,0,0,0,0,0,0,0,0,0,0,0,0,0,0,0,0,0,0,0,0,0,0,0,0,0,0,0,0,0,0,0,0,0,0,0,0,0,0,0,0,0,0,0,0,0,0,0,0,0,0,0,0,0,0,0,0,0,0,0,0,0,0,0,0,0,0,0,0,0,0,0,2,0,0,0,0,0,0,0,4,0,0,0,0,0,0,0,0,0,0,0,0,0,0,0,0,0,0,0,0,0,0,0,0,0,0,0,0,0,0,0,0,0,0,0,1,0,0,0,0,0,15,68,7,0,0,0,5,0,0,0,168,15,0,0,0,0,0,0,0,0,0,0,0,0,4,0,0,0,0,0,0,0,2,0,0,52,53,1,0,0,0,14,0,27,0,0,0,0,0
0,26,0,0,0,22,0,3,0,7,0,159,60,240,0,0,0,0,41,9,0,0,0,0,0,0,140,63,0,0,0,0,0,0,0,0,0,0,0,0,106,0,28,209,67,62,182,233,14,194,44,46,0,0,0,0,0,0,0,0,0,0,0,0,0,0,0,0,0,0,0,0,0,0,0,0,0,0,0,0,0,0,0,0,0,0,0,0,0,0,0,0,0,0,0,0,0,0,0,0,0,0,0,0,0,0,0,0,0,0,0,0,0,0,0,0,0,0,0,0,0,0,0,0,0,0,0,0,0,0,0,0,0,0,0,0,0,0,0,0,0,0,0,0,0,0,0,0,0,0,0,0,0,0,0,0,0,0,0,0,0,0,0,0,0,0,0,0,0,0,0,0,0,0,0,1,0,100,0,0,0,0,0,0,0,0,14,20,0,0,0,0,0,0,0,0,0,0,0,0,0,0,0,0,0,0,0,0,0,0,0,7,0,0,0,0,0,4,0,80,13,0,0,0,19
5,0,0,0,9,0,0,0,0,0,0,0,204,17,0,0,0,0,10,11,3,0,0,0,0,0,95,59,7,0,24,0,31,0,8,0,38,0,4,0,73,28,0,0,171,31,102,116,81,28,79,0,1,0,0,0,0,0,20,0,1,0,0,0,1,0,0,0,0,0,0,0,0,0,0,0,0,0,1,0,0,0,0,0,0,0,0,0,0,0,0,0,0,0,0,0,0,0,0,0,0,0,0,0,0,0,0,0,0,0,0,0,0,0,0,0,0,0,0,0,0,0,0,0,0,0,0,0,0,0,0,0,0,0,4,0,0,0,0,0,0,0,0,0,0,0,0,0,0,0,0,0,0,0,0,0,0,0,0,0,0,0,4,0,31,0,60,0,0,0,7,0,25,0,0,0,5,9,0,0,0,0,0,0,0,0,152,3,0,0,0,0,0,0,0,0,0,0,0,0,0,0,0,0,0,0,0,0,0,0,33,114,149,9,7,0,0,6,0,11,0,0,0,0,0
0,7,0,0,0,0,0,0,0,2,0,25,0,432,0,0,0,0,35,103,0,129,0,0,1,0,0,333,0,19,0,12,0,7,0,28,0,122,0,0,0,209,0,0,1,223,10,125,0,65,0,109,0,0,0,0,0,0,0,0,0,9,0,0,0,0,0,0,0,0,0,0,0,0,0,0,0,0,0,0,0,0,0,0,0,0,0,0,0,0,0,0,0,0,0,0,0,0,0,0,0,0,0,0,0,0,0,0,0,0,0,0,0,0,0,0,0,0,0,0,0,0,0,0,0,0,0,0,0,0,0,0,0,0,0,0,0,0,0,111,0,0,0,137,0,121,0,0,0,0,0,0,0,0,0,0,0,0,0,0,0,0,0,0,0,54,0,16,0,32,0,0,0,16,0,0,0,18,0,0,0,0,0,0,0,0,2,247,0,0,0,0,0,0,0,0,0,0,0,0,0,0,0,0,0,0,0,0,0,0,1,0,0,0,0,0,0,0,42,134,197,9,0,0,0
14,0,0,0,7,0,0,0,0,0,6,0,43,24,49,0,94,0,30,0,96,0,153,0,17,0,83,75,0,0,0,0,10,0,1,0,74,0,0,0,20,67,171,1,0,41,216,138,370,69,136,0,9,0,11,0,17,0,18,0,0,0,36,0,4,0,0,0,0,0,22,0,0,0,0,0,0,0,0,0,0,0,0,0,317,0,108,0,0,0,0,0,0,0,0,0,320,0,87,0,0,0,0,0,11,0,0,0,0,0,0,0,0,0,0,0,0,0,0,0,38,0,59,0,0,0,0,0,0,0,0,0,0,0,0,0,0,0,0,0,31,0,131,0,49,0,0,0,0,0,7,0,0,0,0,0,0,0,0,0,0,0,33,0,226,0,66,0,98,0,28,0,55,0,0,0,0,35,0,0,0,0,0,0,0,0,100,7,0,0,0,0,0,0,0,0,1,0,0,0,0,0,0,0,0,0,0,0,0,0,51,218,450,22,26,0,4,77,0,22,0,0,0,0,0
0,10,0,0,0,0,0,0,0,6,1,12,0,45,0,0,0,0,0,24,0,126,0,43,0,0,49,182,0,0,0,6,0,0,0,41,0,63,0,0,48,62,31,223,41,0,75,264,15,228,0,54,0,10,0,0,0,0,1,0,0,8,0,0,0,0,0,0,0,1,0,14,0,0,0,0,0,0,0,4,0,118,0,16,0,71,0,52,0,3,0,0,0,0,0,29,0,0,0,0,0,14,0,1,0,0,0,0,0,0,0,0,0,0,0,0,0,0,0,0,0,39,0,0,0,2,0,0,0,0,0,3,0,0,0,0,0,0,0,55,0,59,0,131,0,70,0,0,0,0,0,0,0,0,0,0,0,0,0,0,0,0,0,0,0,332,0,25,0,95,0,8,0,16,0,0,0,18,0,0,0,4,0,0,0,0,11,131,0,0,0,0,0,0,0,11,0,0,0,0,0,0,0,0,0,0,0,0,0,0,0,3,0,0,39,0,0,2,113,379,472,39,0,1,86
27,0,25,0,85,0,14,0,6,0,19,0,230,79,35,0,0,0,22,26,6,10,0,0,0,0,240,197,0,0,0,0,0,0,5,0,0,0,0,0,179,182,102,10,216,75,0,414,246,126,39,3,0,0,7,0,0,0,0,0,0,0,0,0,0,0,0,0,0,0,0,0,0,0,0,0,0,0,0,0,0,0,0,0,0,0,6,0,0,0,0,0,0,0,0,0,0,0,0,0,0,0,0,0,0,0,0,0,0,0,0,0,0,0,0,0,0,0,0,0,0,0,0,0,0,0,0,0,0,0,0,0,0,0,0,0,0,0,0,0,0,0,0,0,0,0,0,0,0,0,0,0,2,0,0,0,0,0,0,0,0,0,0,0,49,0,0,0,0,0,0,0,0,0,0,0,18,147,6,0,0,0,7,0,3,0,303,23,0,0,0,0,0,0,0,0,0,0,0,0,0,0,0,0,0,0,0,0,0,0,0,257,250,0,0,0,0,90,0,66,0,0,0,0,8
0,52,0,0,0,57,0,0,0,0,0,173,186,298,0,0,0,0,119,63,69,10,0,0,0,0,333,346,0,0,0,0,0,0,12,2,0,0,0,0,247,233,116,125,138,264,414,0,44,210,109,0,0,0,0,0,0,0,0,0,0,0,0,0,0,0,0,0,0,0,0,0,0,0,0,0,0,0,0,0,0,0,0,0,0,0,0,0,0,0,0,0,0,0,0,0,0,0,0,0,0,0,0,0,0,0,0,0,0,0,0,0,0,0,0,0,0,0,0,0,0,0,0,0,0,0,0,0,0,0,0,0,0,0,0,0,0,0,0,0,0,0,0,0,0,0,0,0,0,4,0,0,0,0,0,0,0,0,0,0,0,0,0,0,0,53,0,0,0,0,0,0,0,0,0,0,0,174,0,0,0,0,0,0,0,0,33,46,0,0,0,0,0,0,0,0,0,0,0,0,0,0,0,0,0,0,0,0,0,0,0,10,0,0,0,0,0,10,0,397,76,0,0,0,41
17,4,26,0,19,0,9,0,7,0,17,0,72,13,16,0,0,0,6,7,6,0,34,1,0,0,39,30,0,0,0,0,2,0,4,0,11,0,0,0,179,14,81,0,370,15,246,44,0,42,24,0,2,0,0,0,14,0,11,0,0,0,0,0,1,0,0,0,0,0,0,0,1,0,0,0,5,0,0,0,0,0,7,0,20,0,0,0,2,0,6,0,6,0,3,0,30,0,0,0,0,0,8,0,5,0,0,0,1,0,0,0,0,0,0,0,0,0,0,0,0,0,0,0,2,0,0,0,0,0,0,0,6,0,17,0,11,0,0,0,0,0,19,0,8,0,0,0,0,0,3,0,0,0,0,0,2,0,6,0,0,0,13,0,27,0,16,0,21,0,7,0,20,0,0,0,46,27,9,0,0,0,6,0,4,0,252,0,9,0,4,0,23,0,0,0,1,0,42,0,31,0,53,0,17,0,16,0,0,0,31,141,241,7,24,1,2,50,0,24,0,0,0,0,5
0,5,0,4,0,10,0,0,0,1,0,31,14,48,0,0,0,0,0,31,0,71,0,46,0,0,34,22,0,0,0,0,0,0,2,1,0,0,0,0,59,194,28,65,69,228,126,210,42,0,10,17,0,0,0,0,0,0,0,0,0,0,0,4,0,0,0,0,0,0,0,0,0,0,0,0,0,0,0,2,0,0,0,3,0,0,0,0,0,0,0,0,0,0,0,7,0,0,0,0,0,0,0,0,0,0,0,0,0,0,0,0,0,0,0,0,0,0,0,0,0,0,0,8,0,0,0,0,0,0,0,0,0,0,0,0,0,0,0,8,0,0,0,0,0,6,0,3,0,0,0,0,0,2,0,0,0,0,0,0,0,1,0,0,0,29,0,4,0,4,0,4,0,3,0,1,0,36,0,1,0,5,0,1,0,5,29,71,0,0,0,0,0,2,0,1,0,0,0,0,0,0,0,0,0,0,0,0,0,0,0,7,1,0,6,0,0,2,25,44,26,0,0,0,34
0,0,0,0,143,0,0,0,0,0,45,0,500,84,60,0,0,0,208,34,86,0,0,0,7,0,247,155,15,0,47,0,25,0,103,0,34,0,0,0,34,44,79,0,136,0,39,109,24,10,0,9,0,0,0,0,5,0,15,0,0,0,0,0,0,0,13,0,0,0,0,0,0,0,0,0,0,0,0,0,0,0,0,0,0,0,0,0,0,0,0,0,0,0,0,0,0,0,0,0,0,0,0,0,0,0,0,0,0,0,0,0,0,0,0,0,0,0,0,0,0,0,0,0,0,0,0,0,0,0,0,0,0,0,0,0,0,0,0,0,0,0,0,0,0,0,0,0,0,0,0,0,0,0,0,0,0,0,0,0,0,0,0,0,92,0,52,0,88,0,16,0,29,0,0,0,41,20,25,0,0,0,4,0,0,0,39,0,4,0,0,0,0,0,0,0,0,0,0,0,0,0,0,0,0,0,0,0,0,0,31,162,147,0,0,0,0,3,0,8,0,0,0,0,0
0,0,0,0,0,0,0,0,0,0,0,0,0,397,0,4,0,0,39,196,25,127,0,5,0,0,19,286,0,22,0,30,0,14,0,61,2,65,0,0,0,46,0,109,0,54,3,0,0,17,9,0,0,0,0,1,0,0,0,4,0,7,0,4,0,0,0,0,0,0,0,5,0,0,0,0,0,0,0,5,0,0,0,3,0,0,0,31,0,0,0,0,0,0,0,0,0,0,0,0,0,0,0,0,0,0,0,0,0,0,0,0,0,0,0,0,0,0,0,0,0,0,0,0,0,0,0,0,0,0,0,0,0,0,0,0,0,0,0,75,0,0,0,57,0,80,0,0,0,0,0,0,0,0,0,0,0,6,0,0,0,0,0,0,0,23,0,9,0,54,0,11,0,14,0,0,0,29,0,0,0,0,0,0,0,0,0,234,0,0,0,0,0,0,0,0,0,0,0,0,0,0,0,0,0,0,0,0,0,0,0,0,0,0,17,0,0,0,41,98,124,33,0,1,0
0,0,0,0,0,0,25,8,12,71,0,0,0,0,6,1,92,3,5,0,6,0,14,0,49,14,15,0,3,0,4,0,9,0,0,0,6,0,4,1,0,0,1,0,9,0,0,0,2,0,0,0,0,9,98,56,162,9,84,62,19,0,70,11,0,0,22,68,0,0,0,0,0,0,0,0,0,0,0,0,0,0,0,0,21,0,0,0,0,0,0,0,0,0,0,0,0,0,0,0,0,0,0,0,0,0,0,0,0,0,0,0,0,0,0,0,0,0,0,0,0,0,2,1,2,0,0,0,16,0,0,3,0,0,35,0,145,0,221,0,36,0,70,0,61,0,0,0,1,0,0,0,0,0,159,0,139,0,68,0,3,0,8,0,0,0,1,0,6,0,94,0,7,0,0,0,0,1,0,0,0,0,0,0,0,0,0,0,0,0,0,0,0,0,0,0,0,0,0,0,17,0,0,0,0,0,0,0,1,0,220,346,64,77,162,0,0,0,0,0,0,0,0,0,0
0,3,0,0,0,0,0,9,8,17,0,0,0,0,0,0,0,120,0,0,0,46,0,29,0,14,0,0,0,22,0,8,0,10,0,0,0,5,0,29,0,0,0,0,0,10,0,0,0,0,0,0,9,0,0,91,11,181,33,74,0,54,3,135,2,0,44,17,0,0,0,0,0,0,0,0,0,0,0,0,0,0,0,0,0,18,0,0,0,0,0,0,0,0,0,0,0,0,0,0,0,4,0,1,0,0,0,0,0,0,0,0,0,0,0,0,0,0,0,0,0,1,0,0,0,0,0,0,0,8,0,0,0,15,0,10,0,18,0,102,0,5,0,25,0,6,0,0,0,0,0,0,0,0,0,163,0,50,0,72,0,8,0,0,0,2,0,0,0,6,0,80,0,0,0,1,0,0,0,0,0,0,0,0,0,56,0,0,0,0,0,0,0,0,0,0,0,0,0,0,0,0,0,0,0,0,0,0,0,0,2,0,0,0,103,0,0,0,98,169,97,124,3,16,1
2,0,34,0,0,0,124,0,38,145,0,0,0,0,18,0,25,11,14,0,0,0,36,0,170,63,21,0,0,3,0,0,0,0,0,0,0,0,0,0,0,0,0,0,11,0,7,0,0,0,0,0,98,0,0,72,69,4,30,38,59,0,91,24,5,0,1,34,0,0,0,0,2,0,0,0,0,0,0,0,0,0,0,0,0,0,0,0,0,0,0,0,0,0,0,0,0,0,0,0,0,0,0,0,0,0,0,0,0,0,0,0,0,0,0,0,0,0,0,0,0,0,0,0,30,0,22,0,34,0,20,0,45,0,87,0,107,0,6,0,0,0,57,0,0,0,13,0,0,0,7,0,0,0,21,0,9,0,8,0,40,0,3,0,0,0,4,0,13,0,224,0,54,0,0,0,0,5,0,0,0,0,0,0,0,0,0,0,0,0,0,0,0,0,0,0,0,0,0,0,0,0,0,0,0,0,0,0,22,0,222,110,210,236,369,5,81,7,0,0,0,0,0,0,0
0,18,3,46,0,0,0,129,176,81,0,0,0,0,0,20,0,6,0,3,0,13,2,10,0,126,0,5,0,12,0,0,0,5,0,0,0,0,0,19,0,0,0,0,0,0,0,0,0,0,0,1,56,91,72,0,37,124,127,54,0,40,10,66,0,0,300,0,0,0,0,0,0,0,0,0,0,0,0,0,0,0,0,0,0,8,0,0,0,0,0,0,0,0,0,0,0,0,0,0,0,0,0,0,0,0,0,0,0,0,0,0,0,0,0,0,0,0,0,0,0,0,0,0,0,0,0,1,0,8,0,0,0,10,0,97,0,34,0,39,0,0,0,38,0,0,0,0,0,0,0,0,0,0,2,100,0,23,0,12,0,7,0,0,0,5,0,9,0,18,0,161,0,49,0,0,2,4,0,0,0,0,0,1,25,17,0,0,0,0,0,0,0,0,0,0,0,0,0,1,0,2,0,0,0,0,0,0,0,0,0,0,0,0,281,0,0,0,199,178,254,255,14,62,0
0,0,0,0,0,0,12,0,5,40,0,0,0,0,0,0,7,0,0,0,5,0,8,0,22,6,0,0,0,0,0,0,0,0,0,0,7,0,0,0,0,0,0,0,17,0,0,0,14,0,5,0,162,11,69,37,0,0,110,173,22,0,10,9,14,25,11,135,0,0,0,0,0,0,0,0,1,0,0,0,0,0,0,0,0,0,0,0,0,0,0,0,0,0,0,0,0,0,0,0,0,0,0,0,0,0,0,0,0,0,0,0,0,0,0,0,0,0,0,0,0,0,0,0,38,0,35,0,43,0,65,0,52,0,51,0,20,0,15,0,0,0,0,0,8,4,12,0,0,0,0,0,0,0,194,14,127,0,124,5,285,14,102,0,3,0,16,0,18,0,268,0,11,0,2,0,0,0,0,0,0,0,0,0,30,0,0,0,0,0,0,0,0,0,0,0,0,0,0,0,0,0,0,0,0,0,0,0,40,0,537,298,435,461,840,20,127,22,6,4,4,0,0,0,0
0,1,0,5,0,2,2,2,0,23,0,1,0,0,1,0,0,10,0,0,0,0,0,0,0,55,0,0,0,0,0,0,0,0,0,0,0,0,0,0,0,0,0,0,0,0,0,0,0,0,0,0,9,181,4,124,0,0,36,104,0,30,0,25,13,6,66,4,0,3,0,0,0,0,0,0,0,2,0,0,0,0,0,0,0,0,0,0,0,0,0,0,0,2,0,0,0,0,0,0,0,0,0,0,0,0,0,0,0,0,0,0,0,0,0,0,0,1,0,0,0,0,0,2,0,35,0,0,0,44,0,26,0,30,0,29,0,38,0,81,0,8,0,36,4,0,0,0,0,0,0,0,0,0,7,188,0,42,3,89,11,98,0,0,0,12,0,4,0,43,0,246,0,0,0,0,0,0,0,0,0,0,0,0,5,0,0,0,0,0,0,0,0,0,0,1,0,0,0,0,0,0,0,0,0,0,0,2,0,30,4,2,0,0,421,0,0,0,252,88,485,407,23,37,0
3,0,0,0,0,0,1,0,37,139,0,0,0,0,0,0,0,0,0,0,5,0,0,0,1,28,0,0,0,0,0,0,4,0,0,0,0,0,6,0,0,0,20,0,18,1,0,0,11,0,15,0,84,33,30,127,110,36,0,294,116,0,17,23,67,34,133,261,0,0,0,0,0,0,0,0,0,0,0,0,0,0,0,0,0,0,0,0,0,0,0,0,0,0,0,0,1,0,0,0,0,0,0,0,0,0,0,0,0,0,0,0,0,0,0,0,0,0,0,0,0,0,0,0,14,0,13,0,0,0,26,0,8,0,0,0,0,0,4,0,0,0,0,0,9,0,0,0,0,0,0,0,0,0,78,10,182,0,10,3,76,0,19,0,0,0,20,0,15,0,264,0,41,0,2,0,14,0,0,0,0,0,0,0,63,7,0,0,0,0,0,0,0,0,0,0,0,0,0,0,0,0,0,0,0,0,0,1,11,0,817,429,275,465,875,14,127,12,6,9,0,0,0,0,0
0,0,0,1,0,0,0,2,33,39,0,0,0,0,0,0,0,0,0,2,0,0,0,0,0,0,0,0,0,0,0,0,0,0,0,0,0,0,0,8,0,0,0,0,0,0,0,0,0,0,0,4,62,74,38,54,173,104,294,0,0,71,2,31,61,88,459,173,0,1,0,0,0,0,0,0,0,1,0,0,0,0,0,0,0,0,0,0,0,0,0,0,0,0,0,0,0,0,0,0,0,0,0,0,0,0,0,1,0,0,0,0,0,0,0,0,0,0,0,0,0,0,0,0,0,32,0,13,0,17,0,54,0,19,0,13,0,34,17,6,0,0,0,1,17,35,0,0,0,5,0,0,0,2,74,25,17,114,36,0,96,67,0,17,0,0,0,5,0,22,0,92,0,29,0,24,6,2,0,0,0,0,0,0,79,91,0,0,0,0,0,0,0,0,0,0,0,0,0,0,0,0,0,0,0,0,0,5,0,19,0,0,0,0,833,0,0,0,666,365,407,547,32,88,2
17,0,15,0,0,0,264,0,211,0,0,0,0,0,0,0,48,0,0,0,0,0,0,0,24,0,0,0,6,0,0,0,7,0,0,0,0,0,25,0,0,0,1,0,0,0,0,0,0,0,0,0,19,0,59,0,22,0,116,0,0,0,78,0,0,0,0,0,0,0,5,0,0,0,0,0,0,0,0,0,0,0,0,0,0,0,0,0,0,0,0,0,0,0,0,0,0,0,0,0,0,0,0,0,0,0,0,0,0,0,0,0,0,0,0,0,0,0,0,0,0,0,0,0,0,0,0,0,0,0,0,0,0,0,0,0,17,0,260,0,171,0,20,0,195,0,0,0,0,0,0,0,0,0,7,0,68,0,2,0,0,0,0,0,0,0,0,0,1,0,112,0,92,0,0,0,0,0,0,0,0,0,33,0,2,0,0,0,0,0,0,0,0,0,0,0,0,0,0,0,2,0,0,0,0,0,0,0,0,0,168,148,55,83,140,0,30,2,4,2,0,0,0,0,1
0,31,0,0,0,0,0,53,9,126,0,0,0,0,0,0,0,4,0,12,0,10,0,3,0,3,0,0,0,8,0,0,0,35,0,9,0,25,0,43,0,0,0,9,0,8,0,0,0,0,0,7,0,54,0,40,0,30,0,71,0,0,0,58,0,0,0,15,0,0,0,2,0,0,0,0,0,0,0,0,0,0,0,0,0,0,0,0,0,0,0,0,0,0,0,0,0,0,0,0,0,0,0,0,0,0,0,0,0,0,0,0,0,0,0,0,0,0,0,0,0,0,0,0,0,0,0,0,0,0,0,0,0,3,0,0,0,0,0,77,0,61,0,15,0,319,0,0,0,0,0,0,0,0,0,32,0,90,0,12,1,0,0,10,0,0,0,0,0,8,0,129,0,51,0,0,0,44,0,0,0,0,0,22,0,62,0,0,0,0,0,0,0,0,0,0,0,0,0,0,0,0,0,0,0,0,0,0,0,0,0,0,0,0,18,0,0,0,36,177,55,33,0,0,0
0,25,10,1,0,0,318,41,203,63,0,0,0,0,16,0,529,16,22,0,72,0,35,0,103,97,22,0,12,2,10,0,9,0,0,0,3,0,36,0,0,0,0,0,36,0,0,0,0,0,0,0,70,3,91,10,10,0,17,2,78,0,0,14,0,0,11,0,0,0,0,0,0,0,0,0,0,0,0,0,0,0,0,0,52,0,0,0,0,0,0,0,0,0,0,0,0,0,0,0,0,0,0,0,0,0,0,0,0,0,0,0,0,0,0,0,0,0,0,0,0,0,20,0,0,0,0,0,7,0,0,0,6,0,18,0,111,0,221,0,154,0,129,0,29,0,0,0,0,0,0,0,0,0,48,0,33,0,22,0,0,0,1,0,0,0,0,0,0,0,15,0,6,3,0,0,2,6,0,0,0,0,24,0,1,0,0,0,0,0,0,0,0,0,0,0,0,0,0,0,22,0,0,0,0,0,0,0,0,0,123,265,30,28,67,0,0,0,0,2,1,0,0,0,0
0,12,0,0,0,0,0,37,91,84,0,0,0,0,0,6,3,174,0,0,0,143,0,93,6,15,0,14,0,78,0,0,0,9,0,13,0,19,0,40,0,0,0,0,0,0,0,0,0,4,0,4,11,135,24,66,9,25,23,31,0,58,14,0,0,0,29,7,0,0,0,0,0,0,0,0,0,0,0,0,0,1,0,0,0,0,0,0,0,0,0,0,0,0,0,0,0,0,0,0,0,0,0,0,0,0,0,0,0,0,0,0,0,0,0,0,0,0,0,0,0,0,0,0,0,0,0,0,0,0,0,0,0,0,1,0,0,0,0,36,0,0,0,5,0,30,0,0,0,0,0,0,0,0,0,36,0,66,0,16,0,0,0,0,0,1,0,0,0,4,0,49,0,17,0,0,0,36,0,0,0,0,0,3,0,59,0,0,0,0,0,0,0,0,0,0,0,0,0,0,0,0,0,0,0,0,0,0,0,0,0,0,1,0,41,0,0,0,48,228,71,68,1,5,0
10,0,0,0,0,0,4,0,107,0,3,0,3,0,0,0,0,0,0,0,0,0,0,0,0,0,0,0,0,0,0,0,0,0,0,0,2,0,0,0,0,0,1,0,4,0,0,0,1,0,0,0,0,2,5,0,14,13,67,61,0,0,0,0,0,49,124,34,0,0,1,0,0,0,0,0,0,0,0,0,0,0,0,0,0,0,0,0,0,0,0,0,0,0,0,0,0,0,0,0,0,0,0,0,0,0,0,0,0,0,0,0,0,0,0,0,0,0,0,0,0,0,0,0,19,0,11,0,0,0,61,0,0,0,8,0,0,0,4,7,0,0,4,0,30,13,32,2,13,2,7,0,0,0,3,21,20,0,0,16,362,61,6,0,0,0,0,0,0,0,1,0,0,0,43,0,0,0,0,0,0,2,7,0,204,0,0,0,0,0,0,0,0,0,0,0,0,0,0,0,0,0,0,0,0,0,0,0,13,0,0,18,0,0,70,0,0,0,0,0,0,0,0,0,0
0,13,0,0,0,0,0,2,0,131,0,3,0,0,0,0,0,0,0,0,0,1,0,0,1,0,0,5,0,0,0,0,0,0,0,0,0,0,0,0,0,0,0,0,0,0,0,0,0,0,0,0,0,0,0,0,25,6,34,88,0,0,0,0,49,0,21,277,0,0,0,0,0,0,0,0,0,0,0,0,0,0,0,0,0,0,0,0,0,0,0,0,0,0,0,0,0,0,0,0,0,0,0,0,0,0,0,0,0,0,0,0,0,0,0,0,0,0,0,0,0,0,0,0,0,29,0,11,56,0,117,156,0,0,0,50,0,22,34,0,0,0,0,0,18,23,0,22,56,116,0,50,0,14,0,0,0,0,28,0,122,503,0,11,0,0,0,0,0,0,0,2,0,0,2,64,0,0,0,0,3,81,0,0,42,130,0,2,0,0,0,1,0,0,0,0,0,0,0,17,0,13,0,0,0,0,0,5,0,40,0,0,1,0,0,0,0,0,28,15,17,35,1,0,0
12,0,0,0,3,0,7,17,238,205,0,0,2,0,0,0,3,0,3,0,3,0,0,0,0,15,0,0,1,0,0,0,0,0,3,0,0,0,0,0,0,0,0,0,0,0,0,0,0,0,13,0,22,44,1,300,11,66,133,459,0,0,11,29,124,21,0,296,0,0,0,0,0,0,0,0,0,0,0,0,0,0,0,0,0,0,0,0,0,0,0,0,0,0,0,0,0,0,0,0,0,0,0,0,0,0,0,0,0,0,0,0,0,0,0,0,0,0,0,0,0,0,0,0,0,0,1,0,0,0,24,0,0,0,0,0,0,0,0,0,0,0,0,0,0,0,4,0,6,0,0,0,0,0,31,0,85,0,0,0,62,0,0,0,0,0,10,0,0,0,78,0,17,0,0,0,194,6,0,0,0,0,12,0,380,22,0,0,0,0,0,0,0,0,0,0,0,0,0,0,0,0,0,0,0,0,0,0,0,0,171,194,52,0,153,0,0,1,0,0,0,0,0,0,0
0,0,0,0,0,0,1,0,25,127,0,0,0,0,0,0,0,0,0,0,0,0,0,0,0,0,0,0,0,0,0,0,0,0,0,0,0,0,0,1,0,0,0,0,0,0,0,0,0,0,0,0,68,17,34,0,135,4,261,173,0,15,0,7,34,277,296,0,0,1,0,0,0,0,0,0,0,0,0,0,0,0,0,0,0,0,0,0,0,0,0,0,0,0,0,0,0,0,0,0,0,0,0,0,0,0,0,0,0,0,0,0,0,0,0,0,0,0,0,0,0,0,0,0,0,22,0,3,0,0,0,32,0,0,0,1,0,3,0,0,0,0,0,0,8,16,0,2,0,40,0,9,0,1,25,4,0,16,21,6,68,38,0,4,0,0,0,0,0,0,0,6,0,0,0,22,7,3,0,0,0,0,0,0,47,326,0,0,0,0,0,0,0,0,0,0,0,0,0,0,0,2,0,0,0,0,0,5,0,11,0,2,0,0,75,0,0,0,88,63,30,0,0,0,0
1,0,0,0,0,0,0,0,0,0,0,0,0,0,0,0,0,0,0,0,0,0,0,0,0,0,0,0,0,0,0,0,0,0,0,0,0,0,0,0,0,0,0,0,0,0,0,0,0,0,0,0,0,0,0,0,0,0,0,0,0,0,0,0,0,0,0,0,0,0,0,0,7,0,0,0,88,0,26,0,3,0,29,0,17,0,16,0,31,0,0,0,10,0,10,0,0,0,13,0,14,0,109,0,46,0,26,0,43,0,3,0,3,0,3,0,7,0,0,0,0,0,0,0,0,0,3,0,0,0,0,0,0,0,0,0,0,0,0,0,0,0,7,0,0,0,4,0,0,0,0,0,0,0,0,0,0,0,0,0,0,0,3,0,2,0,0,0,16,0,5,0,1,0,0,0,0,0,0,0,0,0,0,0,0,0,0,0,28,0,0,0,0,0,0,0,1,0,0,0,0,0,38,0,45,0,0,0,0,0,39,4,75,5,9,69,79,6,0,0,0,0,0,0,0
0,0,0,0,0,0,0,1,0,0,0,0,0,0,0,0,0,0,0,0,0,0,0,0,0,0,0,0,0,0,0,0,0,0,0,0,0,0,0,0,0,0,0,0,0,1,0,0,0,0,0,0,0,0,0,0,0,3,0,1,0,0,0,0,0,0,0,1,0,0,0,0,0,0,0,0,0,86,0,0,0,0,0,34,0,2,0,0,0,12,0,0,0,3,0,10,0,0,0,0,0,2,0,51,0,9,0,0,0,6,0,14,0,27,0,1,0,0,0,0,0,0,0,0,0,2,0,0,0,0,0,0,0,0,0,1,0,3,0,0,0,0,0,0,0,0,0,1,0,0,0,1,0,0,0,0,0,0,0,0,0,2,0,0,0,4,0,2,0,49,0,8,0,2,0,0,0,1,0,0,0,0,0,0,0,0,0,2,0,8,0,8,0,0,0,0,0,0,0,0,0,0,0,11,0,0,0,0,0,0,0,0,0,0,4,0,0,0,19,2,55,0,45,12,1
0,0,0,0,0,0,0,0,0,0,0,0,0,0,0,0,14,0,0,0,55,0,2,0,0,0,17,0,8,0,2,0,8,0,0,0,9,0,16,0,0,0,0,0,22,0,0,0,0,0,0,0,0,0,0,0,0,0,0,0,5,0,0,0,1,0,0,0,0,0,0,0,87,0,214,0,6,0,39,0,1,0,0,0,6,0,46,0,0,0,0,0,0,0,0,0,1,0,0,0,0,0,0,0,0,0,0,0,0,0,0,0,0,0,0,0,0,0,0,0,89,0,18,0,23,0,0,0,6,0,8,0,35,0,13,0,75,0,0,0,70,0,121,0,68,0,0,0,18,0,0,0,12,0,0,0,7,0,0,0,0,0,71,1,0,0,3,0,9,0,13,0,22,0,9,0,0,0,0,0,0,0,0,0,26,0,0,0,0,0,0,0,1,0,0,0,0,0,0,0,0,0,0,0,0,0,0,0,6,0,4,0,11,3,4,0,0,0,0,0,0,0,0,0,0
0,0,0,0,0,0,0,0,0,0,0,0,0,0,0,0,0,2,0,0,0,23,0,8,0,0,0,0,0,0,0,0,0,1,0,0,0,10,0,0,0,0,0,0,0,14,0,0,0,0,0,5,0,0,0,0,0,0,0,0,0,2,0,0,0,0,0,0,0,0,0,0,0,92,0,304,0,3,0,13,0,0,0,0,0,5,0,69,0,0,0,0,0,0,0,0,0,0,3,0,0,0,0,0,0,0,0,0,0,0,0,0,0,0,0,0,0,0,0,0,0,20,0,18,3,90,0,23,0,15,7,43,0,84,0,0,0,40,0,30,0,89,0,16,0,103,0,21,0,37,0,0,0,43,0,0,0,5,0,0,0,3,0,56,0,0,0,0,0,13,0,6,0,22,0,3,0,0,0,0,0,33,0,0,0,5,0,0,0,0,0,0,0,0,0,0,0,1,0,0,0,0,0,0,0,0,0,0,0,0,0,0,0,0,8,0,0,0,19,0,37,0,0,0,0
0,0,0,0,0,0,0,0,0,0,0,0,0,0,0,0,5,0,0,0,0,0,0,0,7,0,0,0,0,0,1,0,0,0,0,0,0,0,0,0,0,0,0,0,0,0,0,0,1,0,0,0,0,0,2,0,0,0,0,0,0,0,0,0,0,0,0,0,7,0,87,0,0,0,127,0,35,0,143,0,7,0,5,0,33,0,33,0,0,0,0,0,3,0,0,0,2,0,1,0,0,0,0,0,0,0,0,0,1,0,0,0,0,0,0,0,0,0,0,0,41,0,41,0,13,0,0,0,10,0,0,0,23,0,77,0,74,0,7,0,52,0,111,0,37,0,3,0,0,0,0,0,0,0,0,0,0,0,0,0,0,0,42,0,0,0,0,0,18,0,2,0,0,0,0,0,0,0,0,0,0,0,0,0,5,0,0,0,0,0,0,0,0,0,0,0,0,0,0,0,18,0,0,0,0,0,35,0,0,0,162,0,14,0,0,0,0,0,0,0,0,0,0,0,0
0,0,0,0,0,0,0,0,0,0,0,0,0,0,0,0,0,0,0,0,0,0,0,0,0,0,0,0,0,0,0,0,0,0,0,0,0,5,0,0,0,0,0,0,0,0,0,0,0,0,0,0,0,0,0,0,0,0,0,0,0,0,0,0,0,0,0,0,0,0,0,92,0,0,0,468,0,65,0,58,0,9,0,8,0,33,0,138,0,1,5,0,0,0,2,2,0,0,0,2,0,0,0,1,0,3,0,0,0,0,0,0,0,1,0,0,0,2,0,0,0,41,0,26,0,110,0,0,0,17,0,33,5,94,0,80,10,76,1,21,0,84,2,20,0,52,0,29,0,31,0,0,0,24,0,0,0,0,1,0,0,0,0,64,0,2,0,0,0,10,0,4,0,0,0,6,0,0,0,0,0,25,0,0,0,0,0,0,0,0,0,0,0,0,0,0,0,0,0,34,0,23,0,58,0,0,0,0,0,0,0,0,0,0,5,1,0,1,118,4,10,6,0,0,0
1,0,0,0,0,0,0,0,0,0,0,0,0,0,3,0,0,0,0,0,25,0,0,0,0,0,0,0,0,0,0,0,0,0,0,0,0,0,0,0,0,0,0,0,0,0,0,0,0,0,0,0,0,0,0,0,0,0,0,0,0,0,0,0,0,0,0,0,0,0,214,0,127,0,0,0,17,0,74,0,7,0,0,0,32,0,34,0,0,0,0,0,0,0,0,0,1,0,0,0,0,0,0,0,0,0,0,0,0,0,0,0,0,0,0,0,0,0,0,0,33,0,47,0,17,0,5,0,0,0,0,4,0,0,47,0,34,0,0,0,27,0,95,0,32,0,4,0,15,0,0,0,7,0,0,0,0,0,0,0,0,0,26,0,0,0,0,0,10,0,0,0,0,0,13,0,0,0,0,0,5,0,0,0,8,0,0,0,0,0,0,0,0,0,0,0,0,0,0,0,19,0,31,0,0,0,0,0,16,0,38,0,4,0,0,1,0,0,0,0,0,0,0,0,0
0,1,0,0,0,1,0,0,0,0,0,0,0,0,0,9,0,0,0,0,0,31,0,17,0,0,0,0,0,0,0,0,0,0,0,0,0,0,0,0,0,0,0,0,0,0,0,0,0,0,0,0,0,0,0,0,0,0,0,0,0,0,0,0,0,0,0,0,0,0,0,304,0,468,0,0,0,11,0,87,0,0,0,0,0,25,0,193,0,0,0,0,0,1,0,0,0,0,0,0,0,0,0,0,0,0,0,0,0,0,0,0,0,0,0,0,0,0,0,0,0,98,0,46,0,64,0,40,0,5,3,0,0,57,0,0,6,76,0,11,0,85,0,49,0,150,0,29,0,29,0,0,0,47,0,0,0,3,0,0,0,3,0,48,0,0,0,5,0,0,0,4,0,7,0,0,0,0,0,0,0,0,0,0,0,0,0,0,0,0,0,0,0,0,0,0,0,0,0,0,0,0,0,0,0,0,0,0,0,0,0,0,0,0,0,0,0,0,40,0,0,0,3,0,0
0,0,0,0,1,0,0,0,0,0,0,0,0,0,0,0,0,0,0,0,0,0,0,0,0,0,0,0,0,0,0,0,0,0,0,0,0,0,0,0,0,0,0,0,0,0,0,0,5,0,0,0,0,0,0,0,1,0,0,0,0,0,0,0,0,0,0,0,88,0,6,0,35,0,17,0,0,0,67,0,9,0,81,0,66,0,83,0,0,0,17,0,24,0,10,0,11,0,31,0,28,0,59,0,62,0,34,0,21,0,1,0,0,0,4,0,7,0,0,0,0,0,0,0,0,0,0,0,0,0,0,0,0,0,0,0,0,0,0,2,0,0,0,1,0,0,0,0,0,0,0,0,0,0,0,0,0,0,0,0,0,0,2,0,14,0,0,0,24,0,4,0,0,0,0,0,0,0,0,0,0,0,0,0,0,0,0,0,0,0,0,0,0,0,0,0,0,0,0,0,0,0,0,0,0,0,0,0,0,0,69,0,47,0,0,29,9,5,0,0,0,0,0,0,0
0,0,0,0,0,0,0,0,0,0,0,0,0,0,0,0,0,0,0,0,0,0,0,0,0,0,0,0,0,0,0,0,0,0,0,0,0,0,0,0,0,0,0,0,0,0,0,0,0,0,0,0,0,0,0,0,0,2,0,1,0,0,0,0,0,0,0,0,0,86,0,3,0,65,0,11,0,0,0,11,0,51,0,95,0,21,0,94,0,54,3,0,0,32,0,17,0,0,0,11,0,5,0,73,0,0,0,0,0,10,0,0,0,9,0,1,0,42,0,0,0,6,0,0,0,0,0,30,0,0,0,6,3,0,0,0,0,0,0,0,0,0,0,8,1,2,0,0,0,0,0,10,0,0,0,0,0,0,0,0,0,0,0,0,0,0,0,0,0,56,0,0,0,0,0,1,0,1,0,0,0,0,0,0,0,2,0,0,0,0,0,0,0,0,0,20,0,0,0,0,0,18,0,0,0,0,0,0,0,0,0,0,0,0,11,0,0,0,37,0,43,0,11,7,0
0,0,0,0,0,0,0,0,0,0,0,0,0,0,0,0,0,0,0,0,0,0,0,0,0,0,0,0,0,0,0,0,0,0,0,0,0,0,0,0,0,0,1,0,0,0,0,0,0,0,0,0,0,0,0,0,0,0,0,0,0,0,0,0,0,0,0,0,26,0,39,0,143,0,74,0,67,0,0,0,36,0,31,0,140,0,144,0,4,0,6,0,15,0,7,0,0,0,21,0,0,0,14,0,0,0,0,0,10,0,0,0,0,0,1,0,5,0,0,0,49,0,55,0,0,0,0,0,0,0,0,0,0,0,0,0,0,0,0,0,0,0,49,0,0,0,0,0,4,0,0,0,0,0,0,0,0,0,0,0,0,0,0,0,2,0,0,0,35,0,2,0,0,0,3,0,0,0,0,0,0,1,0,0,0,0,0,0,0,0,0,0,17,0,0,0,0,0,0,0,27,0,54,0,0,0,0,0,0,0,226,0,60,0,17,18,7,0,0,0,0,0,0,0,0
0,1,0,0,0,0,0,0,0,0,0,0,0,0,0,0,0,0,0,0,0,0,0,0,0,0,0,0,0,0,0,0,0,0,0,0,0,0,0,0,0,0,0,0,0,4,0,0,0,2,0,5,0,0,0,0,0,0,0,0,0,0,0,0,0,0,0,0,0,0,0,13,0,58,0,87,0,11,0,0,0,2,0,0,0,19,0,71,0,0,0,0,0,0,0,1,0,0,0,0,0,0,0,0,0,0,0,0,0,0,0,0,0,0,0,0,0,0,0,0,0,15,0,24,0,0,0,0,0,0,0,0,0,27,0,22,0,18,0,4,0,39,0,8,0,32,0,0,0,0,0,0,0,15,0,0,0,0,0,0,0,0,0,4,0,0,0,0,0,0,0,2,0,0,0,3,0,0,0,0,0,0,0,0,0,2,0,0,0,0,0,0,0,0,0,0,0,0,0,0,0,0,0,0,0,0,0,0,0,0,0,0,0,0,2,0,0,0,10,0,0,1,0,0,0
