0,553,30,177,83,0,28,193,106,41,78,0,79,0,16,62,48,70,10,0,7,0,20,238,8,380,35,0,112,27,0,0,0,0,0,0,11,0,142,47,65,0,0,0,0,0,49,0,3,0,0,0,0,0,5,0,0,0,16,0,230,0,126,0,48,0,57,0,0,0,0,0,0,0,0,0,0,0,0,0,0,0,0,0,0,0,0,0,0,0,0,0,0,0,0,0,0,0,0,0,0,0,0,0,0,0,0,0,0,0,0,0,0,0,0,0,0,0,0,0,0,0,0,0,37,0,41,0,0,0,35,0,0,0,15,0,0,0,0,0,0,0,0,0,0,0,39,0,104,0,74,0,0,0,0,0,0,0,0,0,14,0,0,0,0,0,0,0,10,0,11,0,291,0,0,0,396,178,22,0,6,0,51,1,81,0,0,0,0,0,0,0,0,0,0,0,0,0,0,0,0,0,0,0,0,0,0,0,0,0,566,128,192,0,134,0,0,0,5,0,0,0,0,0,0
553,0,406,95,113,246,366,19,119,67,59,280,0,136,0,56,99,68,3,67,15,0,304,55,483,9,0,184,8,139,0,0,0,89,0,0,0,41,0,360,0,70,0,0,0,50,0,89,0,0,0,0,0,0,53,0,0,0,0,6,0,182,70,18,0,25,0,9,0,0,0,0,0,0,0,6,0,0,0,0,0,0,0,0,0,10,0,0,0,0,2,0,0,0,0,0,0,7,0,0,0,0,0,0,0,0,0,0,0,0,0,0,0,0,0,0,0,0,0,0,0,0,0,0,0,33,0,0,0,0,0,28,0,13,0,34,0,14,0,0,0,8,0,0,0,9,0,39,0,58,0,55,0,117,0,5,0,11,0,0,0,0,0,0,0,0,0,17,0,0,0,7,0,86,0,57,192,445,0,3,0,0,32,4,0,43,2,0,0,0,0,0,0,0,0,0,0,0,0,0,0,7,0,0,0,0,0,18,0,55,0,0,0,0,188,0,0,0,800,125,272,84,4,0,0
30,406,0,183,118,0,48,0,37,0,34,81,62,2,258,162,119,0,52,0,51,0,303,336,26,164,74,0,283,0,27,0,206,34,0,0,33,0,204,0,21,0,3,0,15,0,32,0,0,0,0,0,9,0,141,0,2,0,0,0,176,0,138,0,17,0,7,0,0,0,0,0,0,0,0,0,0,0,0,0,0,0,0,0,0,0,4,0,0,0,0,0,0,0,0,0,27,0,0,0,0,0,0,0,86,0,143,0,0,0,0,0,0,0,0,0,0,0,0,0,0,0,0,0,92,0,85,0,21,0,98,0,35,0,372,0,120,0,0,0,0,0,137,0,0,0,78,0,154,0,128,0,31,1,0,0,0,0,0,0,0,0,0,0,0,0,38,0,20,0,14,0,321,7,0,0,61,95,0,0,0,0,0,0,18,0,0,0,0,0,0,0,0,0,0,0,0,0,54,0,238,0,0,0,0,0,35,0,154,0,734,91,509,0,236,0,0,0,0,0,0,0,0,0,0
177,95,183,0,108,96,0,66,0,20,57,6,0,0,0,310,48,51,0,112,7,97,124,311,91,35,0,0,9,94,0,121,0,217,0,0,0,23,7,180,0,0,0,0,0,0,0,0,0,0,0,0,0,0,0,26,0,4,0,13,0,0,0,0,0,0,0,1,0,0,0,0,0,0,0,0,0,0,0,0,0,2,0,0,0,0,0,0,0,2,0,0,0,0,0,0,0,0,0,0,0,0,0,0,0,0,0,0,0,0,0,0,0,0,0,0,0,0,0,0,0,0,0,0,0,24,0,40,0,49,0,0,0,76,0,175,0,105,0,18,0,0,0,0,0,0,0,0,0,0,0,28,0,13,0,3,0,0,0,14,0,0,0,0,0,0,0,59,0,0,0,1,0,74,0,0,52,25,0,0,0,0,0,0,0,1,0,0,0,0,0,4,0,0,0,0,0,0,0,0,0,0,0,0,0,0,0,0,0,75,0,0,0,0,137,0,0,0,337,32,378,57,0,0,0
83,113,118,108,0,628,13,1,24,0,77,284,384,97,183,545,17,0,85,414,196,197,92,271,0,0,142,101,0,0,112,0,272,117,109,0,349,0,96,0,281,8,0,0,20,0,138,0,4,0,51,0,0,0,6,0,0,0,0,0,0,0,0,0,0,0,3,0,0,0,0,0,0,0,0,0,0,0,0,0,0,0,0,0,0,0,0,0,0,0,0,0,0,0,0,0,0,0,0,0,0,0,0,0,0,0,0,0,0,0,0,0,0,0,0,0,0,0,0,0,0,0,0,0,25,0,0,0,0,0,14,0,0,0,72,0,0,0,0,0,0,0,0,0,0,0,44,0,95,0,75,0,31,0,0,0,0,0,0,0,0,0,3,0,0,0,206,0,44,0,11,0,114,0,0,0,192,243,26,0,24,0,0,0,88,0,0,0,0,0,0,0,0,0,0,0,0,0,0,0,0,0,0,0,0,0,0,0,46,0,652,240,461,62,195,0,0,0,0,0,0,0,0,0,0
0,246,0,96,628,0,0,23,0,0,184,214,249,109,520,276,0,4,167,151,233,286,187,151,0,0,0,420,0,4,0,209,0,443,0,133,0,511,0,0,0,107,2,0,0,60,0,154,0,0,0,54,0,0,0,0,0,0,0,0,0,0,0,0,0,0,0,0,0,0,0,0,0,0,0,0,0,0,0,0,0,0,0,0,0,30,0,0,0,0,0,0,0,0,0,0,0,0,0,0,0,0,0,0,0,0,0,0,0,0,0,0,0,0,0,0,0,0,0,0,0,0,0,0,0,0,0,0,0,0,0,26,0,20,0,96,0,54,0,27,0,6,0,0,0,0,0,0,0,0,0,61,0,0,0,0,0,4,0,0,0,0,0,0,0,25,0,363,0,71,0,6,0,73,0,89,87,222,37,7,0,117,0,0,0,29,0,5,0,0,0,0,0,0,0,0,0,0,0,0,0,0,0,0,0,0,0,0,0,69,0,0,49,0,226,0,0,0,950,363,660,171,11,0,0
28,366,48,0,13,0,0,248,124,287,0,0,0,0,0,0,30,99,0,0,0,0,6,0,168,225,0,0,0,0,0,0,0,0,0,0,0,0,0,0,1,0,0,0,0,0,0,0,26,0,0,0,58,0,153,65,32,0,4,0,226,0,352,25,33,0,55,0,2,0,0,0,0,0,0,0,0,0,0,0,0,0,0,0,0,0,0,0,0,0,7,0,0,0,0,0,12,0,0,0,0,0,0,0,0,0,0,0,0,0,0,0,0,0,0,0,0,0,0,0,0,0,0,0,88,0,76,0,20,0,154,0,22,0,87,0,38,0,0,0,0,0,38,0,0,0,33,0,71,0,48,0,0,0,0,0,0,0,0,0,40,0,0,0,0,0,0,0,18,0,75,0,369,5,0,0,62,96,0,0,0,0,0,0,2,0,0,0,0,0,0,0,0,0,0,0,0,0,7,0,25,0,0,0,0,0,0,0,69,0,1157,66,368,433,488,1,0,1,0,0,0,0,0,0,0
193,19,0,66,1,23,248,0,271,70,0,7,0,0,0,61,36,41,0,0,0,0,0,32,214,246,0,0,0,157,0,0,0,0,0,0,0,0,0,179,0,0,0,0,0,0,0,0,0,0,0,3,0,23,100,124,0,16,0,56,0,202,111,163,0,6,0,13,0,0,0,0,0,0,0,0,0,0,0,0,0,0,0,0,0,0,0,0,0,0,0,0,0,0,0,0,0,0,0,0,0,0,0,0,0,0,0,0,0,0,0,0,0,0,0,0,0,0,0,0,0,0,0,0,0,44,0,39,0,79,0,80,0,61,0,23,0,34,0,9,0,0,0,0,0,0,0,0,0,0,0,20,0,7,0,3,0,0,0,31,0,16,0,7,0,0,0,0,0,9,0,0,0,135,0,0,33,98,0,0,0,0,26,0,0,0,0,0,0,0,0,0,0,0,0,1,0,7,0,0,0,0,0,0,0,0,0,21,0,59,3,0,0,0,404,0,0,0,876,63,458,189,1,0,0
106,119,37,0,24,0,124,271,0,581,42,0,25,0,11,0,0,111,7,0,0,0,0,6,0,143,0,0,1,9,0,0,0,0,0,0,0,0,0,1,15,0,0,0,0,0,0,0,0,0,0,0,73,36,36,378,0,0,53,0,87,0,210,88,61,0,102,125,1,0,0,0,0,0,0,0,0,0,0,0,0,0,0,0,0,0,0,0,0,0,0,0,0,0,0,0,0,0,0,0,0,0,0,0,0,0,0,0,0,0,0,0,0,0,0,0,0,0,0,0,0,0,0,0,21,0,23,0,0,0,40,0,0,0,7,0,0,0,0,0,0,0,0,0,0,0,17,0,70,0,30,0,4,0,0,2,0,0,0,0,12,0,0,0,0,0,0,0,5,0,77,0,151,0,1,0,637,106,6,0,0,0,29,5,79,31,0,0,0,0,0,0,0,0,0,0,0,0,0,0,0,0,0,0,0,0,0,0,11,0,489,75,100,0,115,0,0,0,0,0,0,0,0,0,0
41,67,0,20,0,0,287,70,581,0,0,47,0,19,0,7,0,2,0,0,0,0,0,0,43,2,0,33,0,0,0,0,0,0,0,0,0,0,0,0,0,19,0,0,0,0,0,18,0,0,0,0,79,101,389,38,0,5,110,65,2,141,87,255,0,201,0,30,0,0,0,0,0,0,0,0,0,0,0,0,0,0,0,0,0,12,0,0,0,0,0,0,0,0,0,0,0,0,0,0,0,0,0,0,0,6,0,0,0,0,0,0,0,0,0,0,0,0,0,0,0,0,0,0,0,105,0,52,0,43,0,136,0,47,0,28,0,13,0,0,0,0,0,2,0,0,0,38,0,106,0,48,0,54,2,10,0,28,0,21,0,53,0,0,0,2,0,0,0,13,0,101,0,158,0,17,132,568,0,0,0,0,6,22,0,160,0,0,0,0,0,0,0,0,0,0,0,2,1,0,0,0,0,0,0,0,0,34,0,51,0,0,0,0,310,0,0,0,812,90,203,170,2,0,0
78,59,34,57,77,184,0,0,42,0,0,66,205,0,24,204,48,0,9,81,153,50,29,153,0,0,35,8,14,0,25,0,120,0,0,0,145,0,103,0,86,2,0,0,0,0,81,0,2,0,0,0,0,0,0,0,0,0,0,0,4,0,0,0,0,0,0,0,0,0,0,0,0,0,0,0,0,0,0,0,0,0,0,0,0,0,0,0,0,0,0,0,0,0,0,0,0,0,0,0,0,0,0,0,0,0,0,0,0,0,0,0,0,0,0,0,0,0,0,0,0,0,0,0,0,0,0,0,0,0,3,0,0,0,0,0,0,0,0,0,0,0,0,0,0,0,0,0,11,0,0,0,0,0,0,0,0,0,0,0,0,0,0,0,0,0,100,0,0,0,3,0,86,0,0,0,130,64,56,0,12,0,58,0,52,0,30,0,0,0,0,0,0,0,0,0,0,0,0,0,0,0,0,0,0,0,0,0,0,0,336,160,213,40,56,0,0,0,0,0,0,0,0,0,0
0,280,81,6,284,214,0,7,0,47,66,0,29,284,202,31,8,0,0,37,86,101,134,45,0,0,0,118,0,12,0,36,6,199,0,37,18,139,0,24,0,141,0,36,0,42,0,142,0,27,0,30,0,0,0,0,0,0,0,0,0,0,0,0,0,18,0,8,0,0,0,16,0,0,0,0,0,4,0,0,0,0,0,0,0,14,0,0,0,0,0,0,0,0,0,0,0,0,0,0,0,0,0,0,0,0,0,0,0,0,0,0,0,0,0,0,0,0,0,0,0,0,0,0,0,28,0,0,0,0,0,22,0,0,0,43,0,9,0,43,0,14,0,0,0,16,0,0,0,58,0,63,0,229,0,11,0,0,0,0,0,0,0,0,0,5,0,72,0,12,0,0,0,42,0,163,34,200,6,11,0,166,0,70,0,81,0,1,0,0,0,0,0,0,0,0,0,0,0,0,0,11,0,0,0,0,0,0,0,61,15,0,0,0,56,0,0,0,342,202,145,34,6,0,0
79,0,62,0,384,249,0,0,25,0,205,29,0,393,17,69,0,0,28,541,62,113,6,0,0,0,154,413,0,0,21,0,0,0,114,0,43,66,0,0,127,96,64,0,42,35,130,142,6,4,160,50,0,0,0,0,0,0,0,0,0,0,1,0,5,0,0,0,0,0,0,0,0,0,0,0,0,0,0,0,0,0,10,0,0,0,0,0,0,0,0,0,0,0,0,0,0,0,0,0,0,0,0,0,0,0,0,0,0,0,0,0,0,0,0,0,0,0,1,0,0,0,0,0,0,0,0,0,2,0,0,0,0,0,0,0,0,0,0,0,0,0,10,0,0,0,0,0,0,0,0,0,0,0,0,0,0,0,0,0,0,0,0,0,48,0,24,21,0,0,0,0,0,0,0,0,230,248,126,0,20,0,95,0,49,0,141,0,0,0,0,0,0,0,0,0,0,0,0,0,0,0,0,0,0,0,0,0,0,0,78,225,173,0,22,0,0,2,0,45,77,1,0,0,0
0,136,2,0,97,109,0,0,0,19,0,284,393,0,117,0,0,0,295,69,145,98,4,0,0,0,483,126,0,0,0,0,0,6,72,56,0,86,0,0,231,258,30,236,38,55,111,213,0,33,113,340,0,0,0,0,0,0,0,0,0,0,0,0,0,7,0,0,0,0,0,0,0,0,0,0,0,0,0,0,0,0,0,0,0,0,0,0,0,0,0,0,0,0,0,0,0,0,0,0,0,0,0,0,0,0,0,0,0,0,0,0,0,0,0,0,0,0,0,0,0,0,0,0,0,0,0,0,0,0,0,0,0,0,0,30,0,0,0,0,0,0,0,0,0,0,0,6,0,32,0,24,0,0,0,0,0,0,0,0,0,0,0,0,0,35,0,36,0,0,0,0,0,7,0,0,3,312,0,15,0,0,0,0,0,11,37,27,0,0,0,0,0,0,0,0,0,0,0,0,0,0,0,0,0,0,0,0,0,0,0,0,0,0,0,0,0,0,54,193,247,28,0,0,6
16,0,258,0,183,520,0,0,11,0,24,202,17,117,0,421,56,0,362,461,242,242,397,140,35,0,241,75,3,0,112,0,122,115,54,38,182,83,6,0,18,0,0,0,0,0,43,9,0,0,11,17,10,0,110,0,0,0,0,0,0,0,37,0,0,0,2,0,0,0,0,0,0,0,12,0,0,0,0,0,0,0,0,0,118,2,0,0,0,0,0,0,0,0,0,0,397,0,0,0,0,0,0,0,0,0,717,0,0,0,0,0,0,0,0,0,0,0,0,0,0,0,0,0,11,0,0,0,0,0,0,0,0,0,169,0,172,0,0,0,10,0,375,0,2,0,17,0,50,0,44,0,0,0,0,0,0,0,0,0,0,0,0,0,0,0,60,0,0,0,9,0,32,0,0,0,24,62,0,0,0,0,10,0,39,0,0,0,0,0,0,0,0,0,0,0,0,0,0,0,399,0,0,0,0,0,0,0,98,0,133,95,66,54,47,0,0,0,0,20,45,0,0,0,0
62,56,162,310,545,276,0,61,0,7,204,31,69,0,421,0,52,20,20,336,201,226,310,111,14,29,0,300,3,0,0,111,18,81,0,68,41,63,10,6,0,0,0,21,0,51,0,5,0,0,0,0,0,0,0,84,0,0,0,0,0,0,0,28,0,5,0,0,0,0,0,0,0,0,0,0,0,0,0,0,0,122,0,0,0,384,0,0,0,0,0,0,0,0,0,0,0,205,0,0,0,68,0,0,0,0,0,613,0,0,0,0,0,0,0,0,0,0,0,0,0,0,0,0,0,31,0,52,0,0,0,26,0,102,0,800,0,380,0,111,0,68,0,140,0,0,0,0,0,19,0,24,0,62,0,16,0,0,0,0,0,0,0,0,1,0,0,38,0,0,0,0,0,19,0,0,35,78,31,13,0,41,0,0,0,0,0,0,0,0,0,5,0,0,0,0,0,0,0,0,0,0,0,0,0,0,0,0,0,158,0,0,0,0,35,0,0,0,97,216,20,21,0,0,0
48,99,119,48,17,0,30,36,0,0,48,8,0,0,56,52,0,17,72,6,247,0,129,87,165,57,109,2,146,0,82,0,116,8,11,0,0,0,32,15,0,0,3,0,27,0,0,0,3,0,0,0,25,0,18,0,0,0,0,0,24,4,203,0,0,0,0,0,0,0,100,0,0,0,182,0,0,0,0,0,302,0,0,0,564,0,290,0,0,0,387,0,0,0,0,0,828,0,767,0,68,0,0,0,31,0,377,0,0,0,0,0,0,0,0,0,0,0,0,0,314,0,163,0,0,0,0,0,0,0,0,0,0,0,0,0,75,0,115,0,113,0,318,0,46,0,0,0,0,0,0,0,0,0,10,0,0,0,17,0,2,0,9,0,0,0,6,0,0,0,1,0,52,0,0,0,6,0,0,0,0,0,8,0,0,0,0,0,0,0,0,0,0,0,0,0,0,0,0,0,70,0,0,0,0,0,0,0,0,0,36,139,82,0,21,0,0,0,0,0,0,0,0,0,0
70,68,0,51,0,4,99,41,111,2,0,0,0,0,0,20,17,0,0,0,1,154,23,174,98,56,0,0,2,228,0,54,0,25,0,0,0,4,0,54,0,0,0,0,0,0,0,0,0,0,0,0,7,47,41,31,0,25,0,1,5,7,45,136,0,0,0,0,0,0,0,0,0,0,0,0,0,0,0,0,0,85,0,0,0,223,0,28,0,0,0,0,0,0,0,0,0,68,0,155,0,36,0,0,0,0,0,77,0,0,0,0,0,0,0,0,0,0,0,0,0,0,0,0,0,0,0,0,0,32,0,0,0,80,0,347,0,391,0,217,0,174,0,399,0,0,0,0,0,0,0,0,0,0,0,13,0,0,0,19,0,2,0,0,0,0,0,0,0,0,0,5,0,4,0,0,4,10,0,27,0,0,0,1,0,0,0,0,0,0,0,0,0,0,0,0,0,0,0,0,0,0,0,0,0,0,0,0,0,0,0,0,0,0,3,0,0,0,14,194,19,0,0,0,0
10,3,52,0,85,167,0,0,7,0,9,0,28,295,362,20,72,0,0,404,338,113,254,0,0,0,157,285,15,0,51,0,9,0,284,35,102,52,0,0,0,37,20,0,55,0,6,67,0,1,251,47,14,0,0,0,0,0,0,0,0,0,57,0,0,0,0,0,0,0,0,0,0,0,0,0,0,0,0,0,0,0,0,0,0,0,0,0,0,0,0,0,0,0,0,0,0,0,0,0,0,0,0,0,0,0,0,0,0,0,0,0,0,0,0,0,0,0,0,0,0,0,0,0,8,0,0,0,0,0,0,0,0,0,0,0,0,0,0,0,0,0,0,0,0,0,0,0,0,0,0,0,16,0,0,0,0,0,0,0,0,0,0,0,26,0,43,0,0,13,7,0,0,0,0,0,25,87,0,0,0,0,0,0,41,0,5,1,0,0,0,0,0,0,0,0,0,0,0,0,155,0,0,0,0,0,0,0,0,0,147,200,132,0,0,0,0,0,0,26,30,0,0,0,0
0,67,0,112,414,151,0,0,0,0,81,37,541,69,461,336,6,0,404,0,298,261,53,76,0,0,218,439,0,0,0,17,0,0,134,151,42,112,0,0,45,0,0,77,0,32,0,41,0,2,106,196,0,0,0,0,0,0,0,0,0,0,0,37,0,0,0,0,0,0,0,18,0,0,0,0,0,0,0,0,0,0,0,0,0,352,1,0,0,0,0,0,0,0,0,0,0,0,0,0,0,0,0,0,0,0,0,0,0,0,0,0,0,0,0,0,0,0,0,0,0,0,0,0,0,0,0,0,0,0,0,0,0,0,0,270,0,0,0,36,0,44,0,0,0,0,0,0,0,0,0,36,0,74,0,0,0,0,0,0,0,0,0,0,3,32,0,29,0,60,0,0,0,0,0,0,18,82,15,5,0,42,0,0,0,0,6,4,0,0,0,0,0,0,0,0,0,0,0,0,0,0,0,0,0,0,0,0,0,78,0,0,0,0,0,0,0,0,183,315,115,24,0,0,0
7,15,51,7,196,233,0,0,0,0,153,86,62,145,242,201,247,1,338,298,0,138,51,72,19,0,359,125,47,0,117,17,108,53,49,21,17,29,0,0,0,25,65,0,69,18,0,33,0,0,35,7,17,0,0,0,0,0,0,0,3,0,71,0,2,0,0,0,0,0,90,0,0,0,107,0,0,0,0,0,117,0,0,0,81,0,149,0,0,0,193,0,0,0,0,0,312,0,358,0,31,0,0,0,0,0,223,0,0,0,0,0,0,0,0,0,0,0,0,0,97,0,0,0,0,0,0,0,0,0,0,0,0,0,7,0,0,0,0,0,19,0,53,0,27,0,0,0,0,0,0,0,0,0,0,0,0,0,0,0,5,3,0,0,7,0,60,0,48,6,9,0,23,0,0,0,8,12,28,0,0,0,4,0,18,0,4,0,0,0,0,0,0,0,0,0,0,0,0,0,0,0,0,0,0,0,0,0,0,0,286,337,139,55,56,0,0,0,0,0,28,0,0,0,0
0,0,0,97,197,286,0,0,0,0,50,101,113,98,242,226,0,154,113,261,138,0,49,294,0,0,0,321,0,80,0,61,0,34,0,104,0,28,0,7,7,0,0,137,0,63,0,17,0,4,0,56,0,2,0,0,0,0,0,2,0,0,0,31,0,0,0,0,0,0,0,50,0,0,0,43,0,0,0,0,0,551,0,0,0,587,0,0,0,0,0,0,0,0,0,0,0,0,0,611,0,144,0,0,0,0,0,0,0,0,0,0,0,1,0,0,0,0,0,0,0,259,0,196,0,0,0,0,0,0,0,0,0,0,0,183,0,202,0,200,0,579,0,1090,0,303,0,0,0,0,0,7,0,0,0,0,0,20,0,0,0,0,0,0,0,25,0,75,0,81,0,14,0,0,0,0,5,138,4,51,0,0,0,0,0,0,0,37,0,0,0,0,0,0,0,13,0,0,0,0,0,0,0,0,0,0,0,0,0,0,0,0,0,0,57,0,0,0,348,508,153,70,0,0,0
20,304,303,124,92,187,6,0,0,0,29,134,6,4,397,310,129,23,254,53,51,49,0,428,55,89,137,0,69,11,8,23,50,101,0,0,21,17,72,44,0,0,0,0,43,0,45,0,2,0,0,0,0,0,138,0,0,0,0,0,0,0,40,0,0,0,0,0,0,0,0,0,0,0,0,0,0,0,0,0,0,0,0,0,108,0,0,0,0,0,0,0,0,0,0,0,248,0,0,0,0,0,0,0,0,0,338,0,0,0,0,0,0,0,0,0,0,0,0,0,13,0,0,0,8,0,0,0,0,0,0,0,0,0,116,0,168,0,0,0,0,0,329,0,0,0,7,0,0,0,13,0,0,0,1,0,0,0,0,0,0,0,0,0,0,0,26,0,0,0,3,0,122,0,0,0,13,10,0,0,0,0,0,0,0,0,0,0,0,0,0,0,0,0,0,0,0,0,0,0,243,0,0,0,0,0,0,0,48,0,135,65,181,0,59,0,0,0,0,2,0,0,0,0,0
238,55,336,311,271,151,0,32,6,0,153,45,0,0,140,111,87,174,0,76,72,294,428,0,96,45,0,63,0,84,2,96,0,78,0,22,0,26,8,47,0,0,0,25,0,0,0,0,0,0,0,0,0,10,0,20,0,7,0,0,0,0,0,69,0,0,0,0,0,0,0,8,0,0,1,14,0,0,0,0,0,238,0,0,0,584,0,80,0,0,0,0,0,0,0,206,0,267,0,367,0,140,0,0,0,0,0,334,0,0,0,0,0,0,0,0,0,0,0,0,0,50,0,35,0,0,0,0,0,0,0,0,0,0,0,567,0,230,0,59,0,119,0,420,0,10,0,0,0,0,0,0,0,0,0,2,0,1,0,0,0,0,1,0,0,0,0,8,0,0,0,0,0,29,0,1,26,14,0,82,0,0,0,2,0,0,0,0,0,0,0,0,0,0,0,0,0,0,0,0,0,0,0,0,0,0,0,0,0,0,0,0,0,0,0,0,0,0,71,458,23,6,0,0,0
8,483,26,91,0,0,168,214,0,43,0,0,0,0,35,14,165,98,0,0,19,0,55,96,0,374,0,0,70,26,2,0,0,0,0,0,0,4,28,50,0,0,0,0,0,0,0,0,3,0,0,0,100,0,340,3,9,0,0,0,60,18,101,10,0,0,0,1,0,0,0,0,0,0,0,0,0,0,0,0,0,0,0,0,156,0,0,0,0,0,0,0,0,0,0,0,254,0,0,0,0,0,0,0,0,0,272,0,0,0,0,0,0,0,0,0,0,0,0,0,22,0,0,0,0,0,0,0,27,0,0,0,29,0,110,0,365,0,79,0,0,0,527,0,0,0,3,0,0,0,17,0,0,0,11,0,0,0,24,0,3,0,0,0,0,0,0,0,0,0,5,0,190,3,0,0,0,32,0,0,0,0,0,0,0,0,0,0,0,0,0,0,0,0,0,0,1,0,17,0,202,0,0,0,0,0,10,0,44,0,164,87,168,57,74,0,0,0,0,5,0,2,0,0,0
380,9,164,35,0,0,225,246,143,2,0,0,0,0,0,29,57,56,0,0,0,0,89,45,374,0,0,0,0,156,0,0,0,0,0,0,0,0,6,70,0,0,0,0,0,0,0,0,0,0,0,0,6,20,47,189,0,28,3,0,10,39,80,14,0,0,0,0,0,0,0,0,0,0,0,0,0,0,0,0,0,0,0,0,0,66,0,0,0,0,0,0,0,0,0,0,0,48,0,0,0,0,0,0,0,0,0,0,0,0,0,0,0,0,0,0,0,0,0,0,0,0,0,0,0,0,0,29,0,46,0,6,0,131,0,441,0,313,0,129,0,33,0,84,0,0,0,0,0,0,0,0,0,0,0,12,0,0,0,26,0,3,0,0,0,0,0,0,0,0,0,4,7,31,0,0,32,17,0,0,0,0,24,0,0,0,0,0,0,0,0,0,0,0,0,0,0,0,0,0,0,45,0,0,0,0,0,0,0,60,0,0,0,0,42,0,0,0,158,203,92,29,1,0,0
35,0,74,0,142,0,0,0,0,0,35,0,154,483,241,0,109,0,157,218,359,0,137,0,0,0,0,764,64,0,30,0,7,0,28,0,50,0,3,0,61,293,218,43,249,68,132,316,27,32,290,88,17,0,0,0,0,0,0,0,0,0,85,0,0,0,4,0,5,0,66,0,0,0,0,0,0,0,0,0,0,0,0,0,0,0,0,0,0,0,0,0,0,0,0,0,0,0,0,0,0,0,0,0,0,0,0,0,0,0,0,0,0,0,0,0,0,0,0,0,0,0,0,0,0,0,0,0,0,0,0,0,0,0,0,0,0,0,0,0,0,0,0,0,0,0,0,0,67,0,0,0,0,0,0,0,0,0,0,0,0,3,20,0,148,4,29,0,143,0,39,0,46,0,24,0,18,139,5,0,0,0,0,0,82,0,101,0,0,0,0,0,0,0,0,0,0,0,0,0,0,0,0,0,0,0,0,0,35,0,106,467,442,41,14,0,1,18,0,28,0,0,0,0,0
0,184,0,0,101,420,0,0,0,33,8,118,413,126,75,300,2,0,285,439,125,321,0,63,0,0,764,0,0,0,12,6,0,0,95,26,0,30,0,0,425,36,60,402,0,170,169,316,0,40,163,346,0,12,0,0,0,0,0,0,0,0,0,0,0,0,0,0,0,0,0,0,0,0,0,0,0,0,0,0,0,0,0,0,0,0,0,0,0,0,0,0,0,0,0,0,0,58,0,0,0,97,0,0,0,0,0,0,0,0,0,0,0,0,0,0,0,0,0,0,0,0,0,0,0,0,0,0,0,0,0,0,0,0,0,0,0,77,0,0,0,0,0,0,0,0,0,0,0,0,0,53,0,96,0,0,0,0,0,0,0,0,0,0,3,31,0,0,0,39,0,0,0,0,0,0,5,120,0,0,0,47,0,5,0,0,39,22,0,0,0,0,0,0,0,0,0,0,0,0,0,0,0,0,0,0,0,0,0,125,0,0,0,1,36,0,0,0,121,503,321,59,0,0,6
112,8,283,9,0,0,0,0,1,0,14,0,0,0,3,3,146,2,15,0,47,0,69,0,70,0,64,0,0,0,39,0,15,0,27,0,5,0,0,0,0,0,25,0,18,0,0,0,3,0,10,0,3,0,3,0,1,0,0,0,10,0,13,0,0,0,0,0,0,0,115,0,0,0,140,0,0,0,0,0,119,0,0,0,0,0,0,0,0,0,0,0,0,0,0,0,0,0,131,0,22,0,0,0,0,0,0,0,0,0,0,0,0,0,0,0,0,0,0,0,121,0,56,0,0,0,0,0,0,0,0,0,0,0,0,0,0,0,44,0,134,0,0,0,161,0,0,0,0,0,0,0,0,0,0,0,13,0,1,0,0,0,29,0,3,0,3,0,0,0,8,0,0,0,0,0,11,0,0,0,0,0,0,0,0,0,0,0,0,0,0,0,0,0,0,0,0,0,0,0,0,0,0,0,0,0,0,0,0,0,26,68,8,0,0,0,0,0,0,0,0,0,0,0,0
27,139,0,94,0,4,0,157,9,0,0,12,0,0,0,0,0,228,0,0,0,80,11,84,26,156,0,0,0,0,0,7,0,7,0,5,0,0,0,24,0,0,0,0,0,0,0,0,0,0,0,1,0,6,0,11,0,4,0,5,0,49,4,15,0,0,0,0,0,0,0,0,0,0,0,0,0,0,0,0,0,0,0,0,0,31,0,0,0,0,0,0,0,0,0,8,0,0,0,21,0,0,0,0,0,0,0,0,0,0,0,0,0,0,0,0,0,0,0,0,0,3,0,5,0,0,0,0,0,0,0,0,0,0,0,57,0,140,0,179,0,184,0,167,0,24,0,0,0,0,0,0,0,0,0,4,0,3,0,6,0,0,0,0,0,0,0,0,0,0,0,6,0,0,0,0,2,0,0,27,0,0,0,0,0,0,0,0,0,0,0,0,0,0,0,0,0,0,0,0,0,0,0,0,0,0,0,0,0,0,0,0,1,0,7,0,0,0,40,137,2,4,0,0,0
0,0,27,0,112,0,0,0,0,0,25,0,21,0,112,0,82,0,51,0,117,0,8,2,2,0,30,12,39,0,0,0,2,0,20,0,70,0,0,0,0,0,61,0,8,0,0,0,1,0,24,0,4,0,0,0,0,0,0,0,0,0,0,0,0,0,0,0,0,0,24,0,0,0,40,0,0,0,0,0,0,0,0,0,0,0,0,0,0,0,0,0,0,0,0,0,0,0,0,0,8,0,0,0,0,0,0,0,0,0,0,0,0,0,0,0,0,0,0,0,0,0,0,0,0,0,0,0,0,0,0,0,0,0,0,0,0,0,0,0,0,0,0,0,11,0,0,0,0,0,0,0,0,0,0,0,0,0,0,0,0,0,21,0,0,0,41,0,0,0,0,0,17,0,0,0,0,0,12,0,3,0,0,0,7,0,0,0,0,0,0,0,0,0,0,0,0,0,0,0,0,0,0,0,0,0,0,0,0,0,103,89,61,0,23,0,0,0,0,0,0,0,0,0,0
0,0,0,121,0,209,0,0,0,0,0,36,0,0,0,111,0,54,0,17,17,61,23,96,0,0,0,6,0,7,0,0,0,4,0,18,0,10,0,0,2,0,0,25,0,0,0,0,0,0,0,29,0,2,0,3,0,0,0,0,0,1,0,0,0,0,0,0,0,0,0,0,0,0,0,0,0,0,0,0,0,0,0,0,0,0,0,0,0,0,0,0,0,0,0,0,0,0,0,0,0,0,0,0,0,0,0,0,0,0,0,0,0,0,0,0,0,0,0,0,0,0,0,7,0,0,0,0,0,0,0,0,0,0,0,0,0,0,0,119,0,149,0,92,0,41,0,0,0,0,0,0,0,0,0,4,0,5,0,0,0,0,0,3,0,0,3,9,0,4,0,0,0,6,0,0,0,0,0,39,0,0,0,0,0,0,0,2,0,0,0,0,0,0,0,0,0,0,0,0,0,0,0,0,0,0,0,0,0,0,0,0,0,0,0,0,0,0,0,44,21,0,0,0,0
0,0,206,0,272,0,0,0,0,0,120,6,0,0,122,18,116,0,9,0,108,0,50,0,0,0,7,0,15,0,2,0,0,0,16,0,86,0,0,0,0,0,34,0,9,0,0,0,0,0,21,0,0,0,0,0,0,0,0,0,0,0,3,0,0,0,0,0,0,0,17,0,0,0,0,0,0,0,0,0,0,0,0,0,0,0,0,0,0,0,0,0,0,0,0,0,0,0,0,0,0,0,0,0,0,0,0,0,0,0,0,0,0,0,0,0,0,0,0,0,0,0,0,0,0,0,0,0,0,0,0,0,0,0,0,0,0,0,0,0,0,0,0,0,0,0,0,0,0,0,0,0,0,0,0,0,0,0,0,0,0,0,0,0,0,0,27,0,0,0,3,0,0,0,0,0,15,2,20,0,0,0,0,0,9,0,0,0,0,0,0,0,0,0,0,0,0,0,0,0,0,0,0,0,0,0,0,0,0,0,0,86,39,0,0,0,0,0,0,0,0,0,0,0,0
0,89,34,217,117,443,0,0,0,0,0,199,0,6,115,81,8,25,0,0,53,34,101,78,0,0,0,0,0,7,0,4,0,0,0,3,0,271,0,1,0,0,0,0,0,1,0,0,0,0,0,0,0,0,0,2,0,0,0,0,0,0,0,4,0,0,0,0,0,0,0,0,0,0,0,0,0,0,0,0,0,0,0,0,0,0,0,0,0,0,0,0,0,0,0,0,0,0,0,0,0,0,0,0,0,0,0,0,0,0,0,0,0,0,0,0,0,0,0,0,0,0,0,0,0,0,0,0,0,0,0,0,0,0,0,0,0,0,0,68,0,88,0,31,0,30,0,0,0,0,0,0,0,0,0,0,0,0,0,5,0,0,0,0,0,0,0,74,0,0,0,9,0,19,0,0,2,87,0,151,0,0,0,0,0,0,0,0,0,0,0,0,0,0,0,0,0,0,0,0,0,0,0,0,0,0,0,0,0,0,0,0,0,0,1,0,0,0,29,169,30,0,0,0,0
0,0,0,0,109,0,0,0,0,0,0,0,114,72,54,0,11,0,284,134,49,0,0,0,0,0,28,95,27,0,20,0,16,0,0,0,204,0,2,0,0,19,28,0,3,15,0,35,0,0,63,0,0,0,0,0,0,0,0,0,0,0,3,0,3,0,0,0,0,0,13,0,0,0,0,0,0,0,0,0,0,0,0,0,0,0,0,0,0,0,0,0,0,0,0,0,0,0,0,0,4,0,0,0,0,0,0,0,0,0,0,0,0,0,0,0,0,0,0,0,0,0,0,0,0,0,0,0,0,0,0,0,0,0,0,0,0,0,0,0,0,0,0,0,0,0,0,0,0,0,0,0,0,0,0,0,0,0,0,0,0,0,9,0,14,0,72,0,43,0,0,0,31,0,0,0,35,26,36,0,0,0,0,0,0,0,21,0,0,0,0,0,0,0,0,0,0,0,0,0,0,0,0,0,0,0,0,0,0,0,89,179,160,0,20,0,0,0,0,0,0,0,0,0,0
0,0,0,0,0,133,0,0,0,0,0,37,0,56,38,68,0,0,35,151,21,104,0,22,0,0,0,26,0,5,0,18,0,3,0,0,0,246,0,0,0,0,0,21,0,0,0,0,0,0,0,14,0,0,0,0,0,0,0,0,0,3,0,0,0,0,0,0,0,0,0,13,0,0,0,0,0,0,0,0,0,83,0,32,0,0,0,0,0,0,0,0,0,0,0,29,0,0,0,72,0,0,0,0,0,0,0,0,0,0,0,0,0,0,0,0,0,0,0,0,0,0,0,42,0,0,0,0,0,0,0,0,0,0,0,0,0,0,0,0,0,99,0,143,0,89,0,0,0,0,0,0,0,0,0,0,0,17,0,0,0,0,0,0,0,17,0,70,0,36,0,0,1,15,0,0,0,48,0,0,0,0,0,0,0,0,0,34,0,0,0,0,0,0,0,0,0,0,0,0,0,0,0,0,0,0,0,0,0,0,0,0,0,0,0,0,0,0,100,185,162,25,4,0,0
11,0,33,0,349,0,0,0,0,0,145,18,43,0,182,41,0,0,102,42,17,0,21,0,0,0,50,0,5,0,70,0,86,0,204,0,0,0,25,0,0,0,43,0,61,0,0,0,0,0,53,0,0,0,0,0,0,0,10,0,24,0,3,0,0,0,4,0,0,0,80,0,0,0,77,0,0,0,43,0,0,0,0,0,0,0,0,0,0,0,0,0,0,0,0,0,0,0,0,0,9,0,0,0,0,0,0,0,0,0,0,0,0,0,0,0,0,0,0,0,56,0,0,0,0,0,0,0,0,0,0,0,0,0,0,0,13,0,79,0,175,0,0,0,159,0,0,0,0,0,0,0,0,0,5,0,55,0,0,0,0,0,70,0,20,0,48,0,30,0,63,0,67,0,0,0,39,34,35,0,10,0,0,0,0,0,1,0,0,0,0,0,0,0,0,0,0,0,0,0,0,0,0,0,0,0,0,0,0,0,70,92,115,19,0,0,0,0,0,0,0,0,0,0,0
0,41,0,23,0,511,0,0,0,0,0,139,66,86,83,63,0,4,52,112,29,28,17,26,4,0,0,30,0,0,0,10,0,271,0,246,0,0,0,5,0,0,0,63,0,23,0,0,0,0,0,74,0,0,0,0,0,0,0,1,0,10,0,1,0,2,0,5,0,0,0,0,0,0,0,0,0,0,0,0,0,0,0,0,0,41,0,0,0,0,0,0,0,0,0,47,0,0,0,46,0,15,0,0,0,0,0,0,0,0,0,0,0,0,0,0,0,0,0,0,0,111,0,50,0,0,0,0,0,0,0,0,0,0,0,0,0,0,0,84,0,146,0,126,0,224,0,0,0,0,0,0,0,0,0,0,0,34,0,0,0,0,0,0,0,7,0,60,0,53,0,32,0,44,0,0,0,108,0,54,0,0,0,0,0,0,0,8,0,0,0,0,0,0,0,0,0,0,0,0,0,0,0,0,0,0,0,0,0,0,0,0,0,0,10,0,0,0,49,122,63,17,4,0,0
142,0,204,7,96,0,0,0,0,0,103,0,0,0,6,10,32,0,0,0,0,0,72,8,28,6,3,0,0,0,0,0,0,0,2,0,25,0,0,0,0,0,4,0,2,0,0,0,0,0,1,0,3,0,0,0,0,0,0,0,5,0,3,0,0,0,1,0,0,0,0,0,0,0,0,0,0,0,0,0,0,0,0,0,0,0,0,0,0,0,0,0,0,0,0,0,0,0,0,0,0,0,0,0,0,0,0,0,0,0,0,0,0,0,0,0,0,0,0,0,0,0,0,0,0,0,0,0,0,0,0,0,0,0,0,0,0,0,90,0,71,0,0,0,56,0,0,0,0,0,0,0,0,0,15,0,54,0,3,0,0,0,0,0,0,0,16,0,0,0,8,0,27,0,0,0,24,4,5,0,0,0,10,0,0,0,0,0,0,0,0,0,0,0,0,0,0,0,0,0,0,0,0,0,0,0,0,0,0,0,28,124,11,0,7,0,0,0,0,0,0,0,0,0,0
47,360,0,180,0,0,0,179,1,0,0,24,0,0,0,6,15,54,0,0,0,7,44,47,50,70,0,0,0,24,0,0,0,1,0,0,0,5,0,0,0,0,0,1,0,0,0,0,0,0,0,0,0,4,0,3,0,0,0,0,0,12,1,9,0,0,0,0,0,0,0,0,0,0,0,2,0,0,0,0,0,0,0,0,0,14,0,0,0,0,0,0,0,0,0,0,0,0,0,0,0,0,0,0,0,0,0,0,0,0,0,0,0,0,0,0,0,0,0,0,0,0,0,0,0,0,0,0,0,0,0,0,0,0,0,0,0,0,0,62,0,23,0,12,0,29,0,0,0,0,0,0,0,8,0,11,0,27,0,14,0,0,0,1,0,0,0,0,0,0,0,6,0,68,0,2,3,35,0,107,0,0,0,37,0,0,0,0,0,0,0,0,0,0,0,0,0,0,0,0,0,0,0,0,0,0,0,0,0,0,0,0,0,0,0,0,0,0,31,217,13,7,0,0,0
65,0,21,0,281,0,1,0,15,0,86,0,127,231,18,0,0,0,0,45,0,7,0,0,0,0,61,425,0,0,0,2,0,0,0,0,0,0,0,0,0,394,81,32,97,58,136,414,128,92,44,31,5,0,0,0,0,0,0,0,0,0,0,0,4,0,0,0,0,0,0,0,0,0,0,0,0,0,0,0,0,0,0,0,0,0,0,0,0,0,0,0,0,0,0,0,0,0,0,0,0,0,0,0,0,0,0,0,0,0,0,0,0,0,0,0,0,0,0,0,0,0,0,0,0,0,0,0,0,0,0,0,0,0,0,0,0,0,0,0,0,0,0,0,0,0,0,0,0,0,0,0,52,0,0,0,0,0,0,0,0,0,0,0,0,0,0,0,0,0,0,0,0,0,34,0,45,124,76,0,53,0,60,0,60,0,170,0,0,0,0,0,0,0,0,0,0,0,0,0,0,0,0,0,0,0,0,0,0,0,0,153,72,0,0,0,4,65,0,51,0,0,0,0,9
0,70,0,0,8,107,0,0,0,19,2,141,96,258,0,0,0,0,37,0,25,0,0,0,0,0,293,36,0,0,0,0,0,0,19,0,0,0,0,0,394,0,36,31,95,50,258,66,39,180,70,20,0,0,0,0,0,0,0,0,0,0,0,0,0,5,0,0,0,5,0,0,0,0,0,0,0,0,0,0,0,0,0,0,0,0,0,0,0,0,0,0,0,0,0,0,0,0,0,0,0,1,0,0,0,0,0,0,0,0,0,0,0,0,0,0,0,0,0,0,0,0,0,0,0,0,0,0,0,0,0,0,0,0,0,0,0,0,0,0,0,0,0,0,0,0,0,0,0,0,0,0,0,0,0,0,0,0,0,0,0,0,0,0,0,33,0,0,0,0,0,0,0,0,0,0,0,270,0,10,0,10,0,6,0,3,37,0,0,0,0,0,0,0,0,0,0,0,0,0,0,0,0,0,0,0,0,0,0,31,0,1,0,0,0,0,0,0,0,146,30,0,0,0,34
0,0,3,0,0,2,0,0,0,0,0,0,64,30,0,0,3,0,20,0,65,0,0,0,0,0,218,60,25,0,61,0,34,0,28,0,43,0,4,0,81,36,0,0,160,0,82,49,9,8,61,0,0,0,0,0,0,0,0,0,2,0,0,0,0,0,0,0,0,0,0,0,0,0,0,0,0,0,0,0,0,0,0,0,0,0,0,0,0,0,0,0,0,0,6,0,0,0,0,0,0,0,0,0,0,0,0,0,0,0,0,0,0,0,0,0,0,0,0,0,0,0,0,0,0,0,0,0,0,0,0,0,0,0,0,0,0,0,0,0,0,0,0,0,0,0,0,0,0,0,0,0,3,0,0,0,0,0,0,0,0,0,10,0,22,0,9,0,16,0,0,0,10,0,0,0,6,0,2,0,0,0,0,0,0,0,93,0,0,0,0,0,0,0,0,0,0,0,0,0,0,0,0,0,0,0,0,0,0,0,0,79,70,4,0,0,0,8,0,6,0,0,0,0,0
0,0,0,0,0,0,0,0,0,0,0,36,0,236,0,21,0,0,0,77,0,137,0,25,0,0,43,402,0,0,0,25,0,0,0,21,0,63,0,1,32,31,0,0,0,187,11,69,0,92,0,57,0,0,0,0,0,0,0,0,0,0,0,0,0,0,0,0,0,0,0,24,0,0,0,0,0,0,0,0,0,0,0,0,0,0,0,0,0,0,0,0,0,0,0,53,0,0,0,0,0,0,0,0,0,0,0,0,0,0,0,0,0,0,0,0,0,0,0,0,0,0,0,0,0,0,0,0,0,0,0,0,0,0,0,0,0,0,0,0,0,126,0,119,0,118,0,0,0,0,0,0,0,0,0,0,0,0,0,0,0,0,0,0,0,23,0,16,0,0,0,0,0,0,0,0,0,49,0,4,0,0,0,0,0,0,0,119,0,0,0,0,0,0,0,0,0,0,0,0,0,0,0,0,0,0,0,0,0,0,0,0,0,0,0,0,0,0,39,112,136,0,1,0,0
0,0,15,0,20,0,0,0,0,0,0,0,42,38,0,0,27,0,55,0,69,0,43,0,0,0,249,0,18,0,8,0,9,0,3,0,61,0,2,0,97,95,160,0,0,0,286,92,110,18,91,0,0,0,0,0,8,0,20,0,1,0,42,0,6,0,5,0,13,0,130,0,0,0,137,0,0,0,0,0,124,0,96,0,0,0,0,0,0,0,142,0,45,0,40,0,0,0,449,0,44,0,29,0,0,0,207,0,0,0,0,0,0,0,0,0,0,0,0,0,108,0,0,0,0,0,0,0,0,0,0,0,0,0,0,0,0,0,0,0,46,0,0,0,62,0,0,0,0,0,0,0,0,0,0,1,4,0,0,0,5,0,53,0,274,0,33,0,129,0,53,0,43,0,10,0,5,9,0,0,0,0,12,0,23,2,56,1,0,0,4,0,0,0,0,0,0,0,0,0,0,0,0,0,0,0,0,0,0,0,22,163,176,10,0,0,0,60,0,16,0,0,0,0,2
0,50,0,0,0,60,0,0,0,0,0,42,35,55,0,51,0,0,0,32,18,63,0,0,0,0,68,170,0,0,0,0,0,1,15,0,0,23,0,0,58,50,0,187,0,0,37,270,0,308,26,115,0,0,0,0,0,0,0,0,0,0,0,0,0,0,0,0,0,38,0,24,0,0,0,0,0,48,0,0,0,208,0,183,0,136,0,0,0,0,0,0,0,61,0,159,0,0,0,0,0,48,0,24,0,0,0,0,0,0,0,0,0,0,0,0,0,0,0,0,0,0,0,0,0,0,0,0,0,0,0,0,0,0,0,0,0,0,0,0,0,0,0,119,0,0,0,0,0,0,0,0,0,0,0,0,0,0,0,0,0,0,0,0,0,175,0,9,0,106,0,0,0,0,0,0,0,0,1,0,0,0,0,0,0,0,9,11,0,0,0,0,0,0,0,0,0,1,0,0,0,0,0,0,0,0,0,0,0,0,0,0,0,0,7,0,0,0,22,401,333,8,0,0,128
49,0,32,0,138,0,0,0,0,0,81,0,130,111,43,0,0,0,6,0,0,0,45,0,0,0,132,169,0,0,0,0,0,0,0,0,0,0,0,0,136,258,82,11,286,37,0,210,160,73,28,16,5,0,24,0,0,0,0,0,0,0,10,0,0,0,1,0,12,0,0,0,0,0,0,0,0,0,0,0,0,0,38,0,0,0,0,0,0,0,0,0,32,0,0,0,0,0,0,0,0,0,0,0,0,0,0,0,0,0,0,0,0,0,0,0,0,0,0,0,0,0,0,0,0,0,0,0,0,0,0,0,0,0,0,0,0,0,0,0,0,0,0,0,0,0,0,0,46,0,0,0,0,0,0,0,0,0,0,0,0,0,0,0,153,0,0,0,39,0,0,0,0,0,18,0,28,65,21,0,0,0,92,0,112,0,74,0,0,0,0,0,0,0,0,0,0,0,0,0,0,0,0,0,0,0,0,0,0,0,0,213,148,0,0,0,2,85,0,28,0,0,0,0,10
0,89,0,0,0,154,0,0,0,18,0,142,142,213,9,5,0,0,67,41,33,17,0,0,0,0,316,316,0,0,0,0,0,0,35,0,0,0,0,0,414,66,49,69,92,270,210,0,47,193,122,30,0,0,0,0,0,0,0,0,0,0,0,0,0,0,0,0,1,24,0,0,0,0,0,0,0,0,0,0,0,0,0,0,0,0,0,0,0,0,0,0,0,0,0,0,0,0,0,0,0,0,0,0,0,0,0,0,0,0,0,0,0,0,0,0,0,1,0,0,0,0,0,0,0,0,0,0,0,0,0,0,0,0,0,0,0,0,0,0,0,0,0,0,0,0,0,0,0,0,0,10,0,26,0,0,0,0,0,0,0,0,0,0,0,54,0,0,0,0,0,0,0,0,0,0,0,142,0,6,0,0,0,0,0,14,33,8,0,0,0,0,0,0,0,0,0,0,0,0,0,0,0,0,0,0,0,0,0,0,0,0,0,0,0,0,0,2,0,460,86,0,0,0,110
3,0,0,0,4,0,26,0,0,0,2,0,6,0,0,0,3,0,0,0,0,0,2,0,3,0,27,0,3,0,1,0,0,0,0,0,0,0,0,0,128,39,9,0,110,0,160,47,0,47,7,0,6,0,9,0,0,0,10,0,0,0,2,0,0,0,0,0,25,0,0,0,0,0,0,0,5,0,0,0,0,0,57,1,0,0,11,0,16,0,8,0,92,0,19,1,15,1,20,0,7,0,84,0,39,0,30,0,4,0,0,0,0,0,0,0,0,0,0,0,1,0,0,0,0,0,0,3,3,0,0,0,0,0,0,0,6,1,1,0,2,0,1,4,0,0,4,0,0,0,6,0,12,0,9,0,0,0,0,0,0,0,4,0,44,0,0,0,17,0,6,0,8,0,0,0,0,24,2,0,0,0,0,0,0,0,143,0,43,0,7,0,0,0,25,0,0,0,0,0,15,0,21,0,68,0,6,0,12,0,53,58,143,8,62,5,29,29,0,9,10,0,0,0,6
0,0,0,0,0,0,0,0,0,0,0,27,4,33,0,0,0,0,1,2,0,4,0,0,0,0,32,40,0,0,0,0,0,0,0,0,0,0,0,0,92,180,8,92,18,308,73,193,47,0,3,10,0,0,0,0,0,0,0,0,0,0,0,0,0,0,0,0,0,24,0,0,0,0,0,0,0,9,0,0,0,0,0,46,0,0,0,0,0,7,0,0,0,35,0,10,0,0,0,2,0,0,0,6,0,0,0,0,0,0,0,0,0,0,0,0,0,0,0,1,0,0,0,0,0,0,0,1,0,0,0,0,0,0,0,0,0,0,0,0,0,0,0,0,0,0,0,1,0,0,0,0,0,0,0,0,0,0,0,0,0,0,0,0,2,72,0,0,0,0,0,0,1,0,0,0,0,123,0,2,0,3,0,0,0,0,30,27,0,0,0,0,0,1,0,0,0,0,0,0,0,1,0,1,0,0,0,0,0,0,0,0,0,0,2,0,0,0,0,15,9,0,0,1,23
0,0,0,0,51,0,0,0,0,0,0,0,160,113,11,0,0,0,251,106,35,0,0,0,0,0,290,163,10,0,24,0,21,0,63,0,53,0,1,0,44,70,61,0,91,26,28,122,7,3,0,0,6,0,3,0,9,0,19,0,0,0,0,0,0,0,2,0,0,0,5,0,0,0,11,0,0,0,6,0,0,0,23,0,0,0,0,0,0,0,0,0,0,0,12,0,0,0,40,0,0,0,0,0,0,0,34,0,0,0,0,0,0,0,0,0,0,0,0,0,8,0,0,0,0,0,0,0,2,0,0,0,0,0,0,0,0,0,0,0,0,0,0,0,0,0,0,0,0,0,0,0,16,0,1,0,0,0,1,0,0,0,7,0,66,0,31,0,148,0,10,0,43,0,0,0,23,19,11,0,0,0,0,0,0,0,32,0,0,0,0,0,0,0,8,0,0,0,0,0,0,0,0,0,0,0,0,0,0,0,44,198,192,27,19,0,0,3,0,9,10,0,0,0,0
0,0,0,0,0,54,0,3,0,0,0,30,50,340,17,0,0,0,47,196,7,56,0,0,0,0,88,346,0,1,0,29,0,0,0,14,0,74,0,0,31,20,0,57,0,115,16,30,0,10,0,0,0,0,0,0,0,0,0,5,0,0,0,0,0,0,0,3,0,0,0,25,0,3,0,0,0,0,0,0,0,96,0,46,0,0,0,0,0,0,0,0,0,8,0,0,0,0,0,50,0,14,0,0,0,0,0,10,0,0,0,0,0,9,0,0,0,0,0,0,0,57,0,0,0,0,0,0,0,0,1,0,0,0,0,0,0,0,0,0,0,50,0,46,0,70,0,0,0,0,0,0,0,0,0,0,0,7,0,0,0,0,0,0,0,22,0,24,0,88,0,21,0,39,0,0,0,71,0,0,0,0,0,0,0,0,5,189,0,0,0,0,0,0,0,0,0,0,0,0,0,0,0,0,0,0,0,0,0,0,0,0,0,0,29,0,0,0,126,71,114,27,0,0,0
0,0,9,0,0,0,58,0,73,79,0,0,0,0,10,0,25,7,14,0,17,0,0,0,100,6,17,0,3,0,4,0,0,0,0,0,0,0,3,0,5,0,0,0,0,0,5,0,6,0,6,0,0,28,99,115,125,10,26,72,21,0,22,19,14,12,0,124,0,0,0,0,0,0,28,0,0,0,0,0,37,0,0,0,102,0,28,0,0,0,0,0,0,0,0,0,114,0,110,0,5,0,0,0,0,0,44,0,0,0,0,0,0,0,0,0,0,0,0,0,36,0,58,0,0,0,11,0,87,0,26,0,8,0,0,0,165,0,418,0,169,0,205,0,27,0,0,0,0,0,4,0,0,0,156,4,30,0,146,1,22,0,6,0,0,0,0,0,10,0,173,0,16,0,0,0,8,0,0,0,0,0,0,0,79,9,0,0,0,0,0,0,0,0,0,0,0,0,0,0,15,0,0,0,0,0,0,0,0,0,137,257,146,131,85,0,53,0,0,0,1,0,0,0,0
0,0,0,0,0,0,0,23,36,101,0,0,0,0,0,0,0,47,0,0,0,2,0,10,0,20,0,12,0,6,0,2,0,0,0,0,0,0,0,4,0,0,0,0,0,0,0,0,0,0,0,0,28,0,27,93,7,53,75,18,0,11,0,26,0,0,38,17,0,0,0,0,0,0,0,0,0,0,0,0,0,0,0,0,0,14,0,0,0,0,0,0,0,0,0,0,0,2,0,0,0,0,0,0,0,0,0,0,0,0,0,0,0,0,0,0,0,0,0,0,0,0,0,0,0,0,0,15,0,59,0,2,0,71,0,86,0,177,0,375,0,95,0,93,0,9,0,0,0,0,0,0,0,0,6,83,0,31,0,144,0,10,0,0,0,0,0,0,0,1,0,28,0,8,0,0,0,31,0,0,0,0,0,8,2,10,0,0,0,0,0,0,0,0,0,0,0,0,0,0,0,0,0,0,0,0,0,0,0,0,0,0,0,0,78,0,0,0,108,63,43,87,1,1,0
5,53,141,0,6,0,153,100,36,389,0,0,0,0,110,0,18,41,0,0,0,0,138,0,340,47,0,0,3,0,0,0,0,0,0,0,0,0,0,0,0,0,0,0,0,0,24,0,9,0,3,0,99,27,0,209,71,0,62,27,11,0,20,49,34,0,14,129,0,0,0,0,0,0,0,0,0,0,0,0,0,0,0,0,23,0,0,0,0,0,0,0,0,0,0,0,37,0,0,0,0,0,0,0,0,0,0,0,0,0,0,0,0,0,0,0,0,0,0,0,0,0,0,0,0,0,12,0,131,0,108,0,42,0,121,0,345,2,14,0,0,0,217,0,0,0,2,0,9,0,0,0,0,0,19,2,5,0,12,0,30,0,0,0,0,0,0,0,7,0,105,0,47,1,0,0,19,3,0,0,0,0,0,2,0,0,0,0,0,0,0,0,0,0,0,0,0,0,7,0,0,0,0,0,0,0,0,0,0,0,435,90,326,273,221,1,76,0,0,2,0,0,0,0,0
0,0,0,26,0,0,65,124,378,38,0,0,0,0,0,84,0,31,0,0,0,0,0,20,3,189,0,0,0,11,0,3,0,2,0,0,0,0,0,3,0,0,0,0,0,0,0,0,0,0,0,0,115,93,209,0,18,59,180,16,0,43,57,132,0,1,105,3,0,0,0,0,0,0,0,0,0,0,0,0,0,0,0,0,0,7,0,0,0,0,0,0,0,0,0,0,0,0,0,0,0,0,0,0,0,0,0,0,0,0,0,0,0,0,0,0,0,0,0,0,0,0,0,0,0,0,0,0,0,57,0,18,0,70,0,128,0,163,0,80,0,0,0,0,0,0,0,0,0,0,0,0,0,0,11,71,0,40,0,35,0,13,0,0,0,6,0,4,0,21,0,229,0,111,0,0,32,36,0,0,0,0,0,0,6,0,0,0,0,0,0,0,0,0,0,0,0,0,1,0,0,0,0,0,0,0,0,0,0,42,0,1,0,0,510,0,0,0,762,184,499,551,18,21,0
0,0,2,0,0,0,32,0,0,0,0,0,0,0,0,0,0,0,0,0,0,0,0,0,9,0,0,0,1,0,0,0,0,0,0,0,0,0,0,0,0,0,0,0,8,0,0,0,0,0,9,0,125,7,71,18,0,0,143,37,0,0,0,5,25,39,15,80,0,0,0,0,0,0,0,0,0,0,0,0,0,0,0,0,0,0,0,0,0,0,0,0,0,0,0,0,0,0,0,0,0,0,0,0,0,0,0,0,0,0,0,0,0,0,0,0,0,0,0,0,0,0,0,0,25,0,8,0,59,0,101,0,0,0,0,0,50,0,0,0,0,0,0,0,8,0,3,0,8,0,0,0,2,0,56,26,25,0,31,14,131,0,43,0,0,0,14,0,28,0,132,0,17,0,0,0,10,0,0,0,0,0,0,0,0,19,0,0,0,0,0,0,0,0,0,0,0,0,0,0,0,0,0,0,0,0,0,0,17,0,453,118,553,531,417,4,153,0,0,0,0,0,0,0,0
0,0,0,4,0,0,0,16,0,5,0,0,0,0,0,0,0,25,0,0,0,0,0,7,0,28,0,0,0,4,0,0,0,0,0,0,0,0,0,0,0,0,0,0,0,0,0,0,0,0,0,0,10,53,0,59,0,0,12,29,0,3,0,28,0,1,29,0,0,0,0,0,0,0,0,0,0,0,0,0,0,0,0,0,0,0,0,0,0,0,0,0,0,0,0,0,0,0,0,0,0,0,0,0,0,0,0,4,0,0,0,0,0,0,0,0,0,0,0,0,0,0,0,0,0,0,0,0,0,71,0,11,0,46,0,21,0,54,0,74,0,0,0,0,0,0,0,0,0,0,0,0,0,0,20,112,0,7,0,147,0,15,0,0,0,0,0,0,0,10,0,222,0,16,0,1,0,0,0,0,0,0,0,0,6,0,0,0,0,0,0,0,0,0,0,0,0,0,0,0,0,0,0,0,0,0,0,0,0,9,0,0,0,0,171,0,0,0,285,72,250,251,22,13,0
16,0,0,0,0,0,4,0,53,110,0,0,0,0,0,0,0,0,0,0,0,0,0,0,0,3,0,0,0,0,0,0,0,0,0,0,10,0,0,0,0,0,0,0,20,0,0,0,10,0,19,0,26,75,62,180,143,12,0,234,0,0,0,50,131,87,70,443,0,0,0,0,0,0,0,0,0,0,0,0,0,0,0,0,0,0,0,0,0,0,0,0,0,0,0,0,0,0,0,0,0,0,0,0,5,0,0,0,0,0,0,0,0,0,0,0,0,0,0,0,0,0,0,0,35,0,19,0,21,0,101,0,0,0,28,0,29,0,0,0,0,0,0,0,7,0,2,0,13,0,0,0,0,0,56,66,61,0,2,12,47,0,14,0,0,0,18,0,14,0,105,0,39,0,1,1,168,0,0,0,2,0,0,0,87,72,0,0,0,0,0,0,0,0,0,0,0,0,0,0,0,0,0,0,0,0,0,0,20,0,939,411,518,763,563,3,221,0,0,0,0,0,0,0,0
0,6,0,13,0,0,0,56,0,65,0,0,0,0,0,0,0,1,0,0,0,2,0,0,0,0,0,0,0,5,0,0,0,0,0,0,0,1,0,0,0,0,0,0,0,0,0,0,0,0,0,5,72,18,27,16,37,29,234,0,0,0,4,13,27,40,223,12,0,1,0,0,0,0,0,0,0,2,0,0,0,0,0,0,0,0,0,0,0,0,0,0,0,0,0,0,0,0,0,0,0,0,0,0,0,0,0,0,0,0,0,0,0,0,0,0,0,0,0,0,0,0,0,0,0,4,0,8,0,19,0,41,0,13,0,0,0,0,0,0,0,0,0,0,0,6,0,3,0,21,0,0,0,0,104,109,9,57,0,102,0,33,0,0,0,4,0,4,0,34,0,216,0,0,0,0,22,0,0,0,0,0,0,0,24,26,0,0,0,0,0,0,0,0,0,0,0,0,0,0,0,0,0,0,0,0,0,0,0,0,0,0,0,0,623,0,0,0,1030,449,432,672,125,0,0
230,0,176,0,0,0,226,0,87,2,4,0,0,0,0,0,24,5,0,0,3,0,0,0,60,10,0,0,10,0,0,0,0,0,0,0,24,0,5,0,0,0,2,0,1,0,0,0,0,0,0,0,21,0,11,0,0,0,0,0,0,0,34,0,0,0,0,0,0,0,5,0,0,0,0,0,0,0,0,0,0,0,0,0,0,0,0,0,0,0,0,0,0,0,0,0,0,0,0,0,0,0,0,0,0,0,0,0,0,0,0,0,0,0,0,0,0,0,0,0,0,0,0,0,0,0,0,0,0,0,0,0,0,0,0,0,0,0,157,0,153,0,0,0,207,0,0,0,0,0,0,0,0,0,25,1,99,0,6,0,3,0,23,0,0,0,0,0,0,0,133,0,145,0,0,0,7,3,0,0,0,0,6,0,0,0,0,0,0,0,0,0,0,0,0,0,0,0,0,0,0,0,0,0,0,0,0,0,0,0,107,125,99,45,30,0,0,0,0,0,0,0,0,0,0
0,182,0,0,0,0,0,202,0,141,0,0,0,0,0,0,4,7,0,0,0,0,0,0,18,39,0,0,0,49,0,1,0,0,0,3,0,10,0,12,0,0,0,0,0,0,0,0,0,0,0,0,0,11,0,43,0,3,0,0,0,0,1,33,0,0,0,0,0,0,0,0,0,0,0,0,0,0,0,0,0,0,0,0,0,0,0,0,0,0,0,0,0,0,0,0,0,0,0,0,0,0,0,0,0,0,0,0,0,0,0,0,0,0,0,0,0,0,0,0,0,0,0,0,0,0,0,0,0,0,0,0,0,0,0,0,0,12,0,126,0,116,0,48,0,161,0,0,0,0,0,0,0,0,0,13,0,217,0,101,0,0,0,10,0,0,0,0,0,3,0,152,0,89,0,0,0,51,0,7,0,0,0,64,0,3,0,0,0,0,0,0,0,0,0,0,0,0,0,0,0,0,0,0,0,0,0,0,0,0,0,0,0,0,72,0,0,0,84,106,139,95,0,5,0
126,70,138,0,0,0,352,111,210,87,0,0,1,0,37,0,203,45,57,0,71,0,40,0,101,80,85,0,13,4,0,0,3,0,3,0,3,0,3,1,0,0,0,0,42,0,10,0,2,0,0,0,22,0,20,57,0,0,0,4,34,1,0,10,0,0,0,7,0,0,63,0,0,0,134,0,0,0,0,0,149,0,0,0,167,0,0,0,0,0,0,0,0,0,0,0,0,0,306,0,15,0,0,0,0,0,0,0,0,0,0,0,0,0,0,0,0,0,0,0,205,0,133,0,0,0,0,0,0,0,0,0,0,0,0,0,0,0,239,0,250,0,123,0,72,0,0,0,0,0,0,0,0,0,40,0,17,0,10,0,0,0,0,0,0,0,1,0,0,0,26,0,26,1,0,0,3,3,0,0,0,0,0,0,13,0,0,0,0,0,0,0,0,0,0,0,0,0,0,0,0,0,0,0,0,0,0,0,0,0,101,359,32,25,26,0,0,0,0,0,0,0,0,0,0
0,18,0,0,0,0,25,163,88,255,0,0,0,0,0,28,0,136,0,37,0,31,0,69,10,14,0,0,0,15,0,0,0,4,0,0,0,1,0,9,0,0,0,0,0,0,0,0,0,0,0,0,19,26,49,132,5,28,50,13,0,33,10,0,0,0,11,5,0,0,0,0,0,0,0,0,0,0,0,0,0,0,0,0,0,3,0,0,0,0,0,0,0,0,0,0,0,0,0,0,0,0,0,0,0,0,0,2,0,0,0,0,0,0,0,0,0,0,0,0,0,0,0,0,0,0,0,0,0,15,0,1,0,15,0,30,0,95,0,137,0,63,0,37,0,21,0,0,0,0,0,1,0,0,0,19,0,20,0,32,0,3,0,1,0,0,0,0,0,0,0,33,0,10,0,0,0,80,0,0,0,0,0,50,0,0,0,0,0,0,0,0,0,0,0,0,0,0,0,0,0,0,0,0,0,0,0,0,0,0,0,0,0,0,65,0,0,0,108,102,45,74,0,5,0
48,0,17,0,0,0,33,0,61,0,0,0,5,0,0,0,0,0,0,0,2,0,0,0,0,0,0,0,0,0,0,0,0,0,3,0,0,0,0,0,4,0,0,0,6,0,0,0,0,0,0,0,14,0,34,0,25,0,131,27,0,0,0,0,0,56,156,32,0,0,0,0,0,0,0,0,0,0,0,0,0,0,0,0,0,0,0,0,0,0,0,0,0,0,0,0,0,0,0,0,0,0,0,0,0,0,0,0,0,0,0,0,0,0,0,0,0,0,0,0,1,0,0,0,21,0,0,0,1,5,22,0,0,0,0,0,0,0,7,34,0,0,0,0,53,6,9,0,70,33,0,0,0,0,0,45,0,0,0,0,262,122,0,0,0,0,0,0,0,0,0,0,0,0,46,0,27,0,0,0,102,39,9,0,192,11,0,0,0,0,0,0,0,0,0,0,0,0,0,0,0,0,0,0,0,0,0,0,0,0,89,41,7,0,67,0,0,0,0,0,0,0,0,0,0
0,25,0,0,0,0,0,6,0,201,0,18,0,7,0,5,0,0,0,0,0,0,0,0,0,0,0,0,0,0,0,0,0,0,0,0,0,2,0,0,0,5,0,0,0,0,0,0,0,0,0,0,12,0,0,1,39,1,87,40,0,0,0,0,56,0,85,323,0,0,0,0,0,0,0,0,0,0,0,0,0,0,0,0,0,0,0,0,0,0,0,0,0,0,0,0,0,0,0,0,0,0,0,0,0,0,0,0,0,0,0,0,0,0,0,0,0,0,0,0,0,0,0,0,0,219,0,50,0,21,0,130,0,0,0,0,0,0,27,2,0,0,0,1,20,16,0,55,14,126,0,50,0,26,46,0,3,2,25,2,101,344,0,0,0,0,0,0,0,0,0,0,0,0,4,20,9,0,0,0,0,189,0,20,0,65,0,0,0,0,0,0,0,0,0,0,0,0,0,0,0,0,0,0,0,0,0,22,0,31,0,0,0,0,0,0,2,0,60,63,0,0,0,0,0
57,0,7,0,3,0,55,0,102,0,0,0,0,0,2,0,0,0,0,0,0,0,0,0,0,0,4,0,0,0,0,0,0,0,0,0,4,0,1,0,0,0,0,0,5,0,1,0,0,0,2,0,0,38,14,105,15,29,70,223,0,0,0,11,156,85,0,266,0,0,0,0,0,0,0,0,0,0,0,0,0,0,0,0,0,0,0,0,0,0,0,0,0,0,0,0,0,0,0,0,0,0,0,0,0,0,0,0,0,0,0,0,0,0,0,0,0,0,0,0,0,0,0,0,23,0,6,0,0,0,27,0,0,0,0,0,0,0,0,0,0,0,0,0,17,0,0,0,59,0,0,0,0,0,4,50,13,0,0,14,77,0,0,0,0,0,0,0,0,0,7,0,0,0,0,0,223,0,0,0,0,0,0,0,481,48,0,0,0,0,0,0,0,0,0,0,0,0,0,0,0,0,0,0,0,0,0,0,0,0,136,139,36,118,65,1,0,0,0,0,0,0,0,0,0
0,9,0,1,0,0,0,13,125,30,0,8,0,0,0,0,0,0,0,0,0,0,0,0,1,0,0,0,0,0,0,0,0,0,0,0,0,5,0,0,0,0,0,0,0,0,0,0,0,0,0,3,124,17,129,3,80,0,443,12,0,0,7,5,32,323,266,0,0,0,0,0,0,0,0,0,0,0,0,0,0,0,0,0,0,0,0,0,0,0,0,0,0,0,0,0,0,0,0,0,0,0,0,0,0,0,0,0,0,0,0,0,0,0,0,0,0,0,0,0,0,0,0,0,0,16,0,0,0,0,0,37,0,9,0,1,0,0,3,0,0,0,0,0,0,2,0,5,0,37,0,5,0,1,105,15,9,23,16,5,16,34,0,0,0,0,0,0,0,1,1,25,0,0,0,17,110,26,0,0,0,71,0,1,24,364,0,0,0,0,0,0,0,0,0,0,0,0,0,1,0,0,0,0,0,0,0,3,0,0,0,0,0,0,149,0,0,0,274,205,56,0,0,0,0
0,0,0,0,0,0,2,0,1,0,0,0,0,0,0,0,0,0,0,0,0,0,0,0,0,0,5,0,0,0,0,0,0,0,0,0,0,0,0,0,0,0,0,0,13,0,12,1,25,0,0,0,0,0,0,0,0,0,0,0,0,0,0,0,0,0,0,0,0,0,1,0,10,0,0,0,53,0,29,0,0,0,8,0,0,0,8,0,20,0,0,0,104,0,12,0,0,0,25,0,14,0,173,0,0,0,50,0,108,0,7,0,11,0,5,0,8,0,0,0,0,0,0,0,0,0,0,0,0,0,0,0,0,0,0,0,0,0,0,0,0,0,0,0,0,0,0,0,0,0,0,0,0,0,0,0,1,0,0,0,0,0,0,0,44,0,0,0,105,0,8,0,0,0,0,0,0,0,0,0,1,2,0,0,0,0,0,0,0,0,0,0,0,0,30,0,0,0,0,0,0,0,0,0,0,0,0,0,0,0,46,14,127,0,31,29,100,3,0,0,0,0,0,0,0
0,0,0,0,0,0,0,0,0,0,0,0,0,0,0,0,0,0,0,0,0,0,0,0,0,0,0,0,0,0,0,0,0,0,0,0,0,0,0,0,0,5,0,0,0,38,0,24,0,24,0,0,0,0,0,0,0,0,0,1,0,0,0,0,0,0,0,0,0,0,0,0,0,1,0,0,0,23,0,0,0,0,0,21,0,0,0,0,0,47,0,0,0,80,0,17,0,0,0,0,0,0,0,241,0,0,0,0,0,81,0,17,0,13,0,2,0,3,0,0,0,0,0,0,0,0,0,0,0,0,0,0,0,0,0,0,0,0,0,0,0,0,0,0,0,0,0,0,0,0,0,0,1,0,0,0,0,0,0,0,0,4,0,0,0,60,0,0,0,22,0,0,0,0,0,0,0,3,0,1,0,0,0,0,0,0,0,0,0,0,0,0,0,0,0,0,0,0,0,0,0,0,0,0,0,0,0,1,0,0,0,0,0,0,0,0,0,0,17,18,54,0,6,23,5
0,0,0,0,0,0,0,0,0,0,0,0,0,0,0,0,100,0,0,0,90,0,0,0,0,0,66,0,115,0,24,0,17,0,13,0,80,0,0,0,0,0,0,0,130,0,0,0,0,0,5,0,0,0,0,0,0,0,0,0,5,0,63,0,0,0,0,0,1,0,0,0,201,0,268,0,10,0,70,0,0,0,5,0,4,0,0,0,0,0,0,0,0,0,0,0,4,0,1,1,0,0,0,0,0,0,0,0,0,0,0,0,0,0,0,0,0,0,0,0,46,0,39,0,0,0,10,0,38,0,53,9,9,0,41,0,30,0,12,0,107,0,93,0,107,0,0,0,53,0,28,0,0,0,0,0,7,0,0,0,9,1,97,0,0,0,2,0,25,0,57,0,31,0,22,0,0,0,0,0,34,0,0,0,3,0,0,0,0,0,0,0,0,0,0,0,0,0,27,0,0,0,0,0,6,0,0,0,47,0,11,0,0,0,0,0,0,0,0,0,0,3,0,0,0
0,0,0,0,0,0,0,0,0,0,0,16,0,0,0,0,0,0,0,18,0,50,0,8,0,0,0,0,0,0,0,0,0,0,0,13,0,0,0,0,0,0,0,24,0,24,0,0,0,0,0,25,0,0,0,0,0,0,0,0,0,0,0,0,0,0,0,0,0,0,0,0,0,187,0,356,0,16,0,19,0,7,0,0,0,0,0,93,0,0,0,0,0,0,0,0,0,0,0,0,0,0,0,0,0,0,0,0,0,0,0,0,0,0,0,0,0,0,0,0,0,27,0,49,0,71,0,29,12,0,0,36,0,22,0,0,0,0,7,9,0,53,0,24,2,139,0,0,0,51,0,0,0,0,0,0,0,0,0,0,6,8,0,29,0,0,0,12,0,2,0,24,0,33,0,12,0,0,0,0,9,31,0,10,0,0,0,0,0,1,0,0,0,0,0,0,0,0,0,0,0,0,0,0,0,0,0,0,0,71,0,0,0,0,0,0,0,0,19,3,9,0,0,0,0
0,0,0,0,0,0,0,0,0,0,0,0,0,0,0,0,0,0,0,0,0,0,0,0,0,0,0,0,0,0,0,0,0,0,0,0,0,0,0,0,0,0,0,0,0,0,0,0,0,0,0,0,0,0,0,0,0,0,0,0,0,0,0,0,0,0,0,0,10,0,201,0,0,0,99,0,31,0,73,0,0,0,16,0,11,0,8,0,0,0,0,0,16,0,5,0,0,0,0,0,0,0,11,0,31,0,0,0,0,0,0,0,0,0,0,0,0,0,0,0,66,0,16,0,22,0,72,0,0,0,0,0,19,0,152,0,74,0,6,0,82,0,157,0,72,0,17,0,15,1,77,0,31,0,0,0,0,0,0,0,0,0,52,0,0,0,0,0,26,0,10,0,4,0,0,0,0,0,0,0,19,0,0,0,2,0,0,0,0,0,0,0,22,0,0,0,0,0,147,0,85,0,131,0,0,0,0,0,180,0,318,0,17,0,12,0,0,0,0,0,0,0,0,0,0
0,0,0,0,0,0,0,0,0,0,0,0,0,0,0,0,0,0,0,0,0,0,0,0,0,0,0,0,0,0,0,0,0,0,0,0,0,0,0,0,0,0,0,0,0,0,0,0,0,0,0,3,0,0,0,0,0,0,0,0,0,0,0,0,0,0,0,0,0,1,0,187,0,0,0,150,0,92,0,36,0,15,0,13,0,38,0,115,0,0,0,0,0,0,0,2,0,0,0,1,0,2,0,0,1,0,0,0,0,0,0,0,0,0,0,0,0,0,0,0,0,41,0,24,0,34,0,82,0,0,0,11,0,0,0,219,0,19,0,0,0,12,0,27,0,75,0,0,0,0,0,0,0,0,0,0,0,0,0,0,0,5,0,27,0,0,0,0,0,13,0,19,0,4,0,19,0,0,0,0,0,55,0,0,0,0,0,0,0,0,0,0,0,0,0,0,0,0,0,0,0,0,0,0,0,0,0,0,0,261,1,0,0,0,0,0,0,0,78,3,15,0,0,0,0
0,0,0,0,0,0,0,0,0,0,0,0,0,0,12,0,182,0,0,0,107,0,0,1,0,0,0,0,140,0,40,0,0,0,0,0,77,0,0,0,0,0,0,0,137,0,0,0,0,0,11,0,28,0,0,0,0,0,0,0,0,0,134,0,0,0,0,0,0,0,268,0,99,0,0,0,38,0,110,0,12,0,89,0,48,0,65,0,0,0,0,0,36,0,0,0,32,0,6,0,1,0,0,0,5,0,0,0,0,0,0,0,0,0,0,0,0,0,0,0,146,0,77,0,0,0,0,0,25,0,30,0,0,0,35,0,8,0,28,0,123,17,87,5,138,0,0,0,40,0,15,0,56,0,0,0,0,0,0,0,0,0,57,11,0,0,0,0,91,0,0,0,0,0,45,0,0,0,0,0,45,16,0,0,0,0,0,0,0,0,0,0,0,0,0,0,0,0,0,0,0,0,0,0,0,0,0,0,34,0,14,0,0,0,0,0,0,1,0,0,0,0,0,0,0
0,6,0,0,0,0,0,0,0,0,0,0,0,0,0,0,0,0,0,0,0,43,0,14,0,0,0,0,0,0,0,0,0,0,0,0,0,0,0,2,0,0,0,0,0,0,0,0,0,0,0,0,0,0,0,0,0,0,0,0,0,0,0,0,0,0,0,0,0,0,0,356,0,150,0,0,0,12,1,89,0,11,0,0,0,0,0,124,0,0,2,0,0,0,0,0,0,0,0,3,1,0,0,0,0,0,0,0,0,0,0,0,0,0,0,0,0,0,0,0,0,126,0,98,0,0,0,0,0,0,0,22,0,0,0,45,0,0,0,11,6,62,0,28,0,179,0,0,0,42,0,0,0,30,0,0,0,2,0,0,0,0,0,32,0,0,0,0,0,5,0,0,0,0,0,20,0,0,0,0,0,59,0,0,0,0,0,0,0,0,0,0,0,0,0,0,0,0,0,0,0,0,0,0,0,0,0,0,0,0,0,0,0,0,0,0,0,0,12,0,8,0,0,0,0
0,0,0,0,0,0,0,0,0,0,0,0,0,0,0,0,0,0,0,0,0,0,0,0,0,0,0,0,0,0,0,0,0,0,0,0,0,0,0,0,0,0,0,0,0,0,0,0,5,0,0,0,0,0,0,0,0,0,0,0,0,0,0,0,0,0,0,0,53,0,10,0,31,0,38,0,0,0,38,0,0,0,48,0,0,0,23,0,19,0,0,0,96,0,13,0,0,0,20,0,11,0,94,0,45,0,44,0,4,0,2,0,0,0,0,0,0,0,0,0,17,0,0,0,0,0,0,5,0,0,0,0,0,0,0,0,0,0,0,0,0,0,0,0,2,0,0,1,0,0,0,0,0,0,0,0,0,0,0,0,0,0,3,0,13,0,0,0,47,0,0,0,0,0,0,0,0,1,0,0,3,0,0,0,0,0,0,0,0,0,0,0,0,0,11,0,0,0,0,0,0,0,0,0,27,0,0,0,0,0,26,0,54,0,9,2,3,0,0,0,0,0,0,0,0
0,0,0,0,0,0,0,0,0,0,0,4,0,0,0,0,0,0,0,0,0,0,0,0,0,0,0,0,0,0,0,0,0,0,0,0,0,0,0,0,0,0,0,0,0,48,0,0,0,9,0,0,0,0,0,0,0,0,0,2,0,0,0,0,0,0,0,0,0,23,0,16,0,92,0,12,0,0,0,14,0,72,0,295,0,77,0,171,0,81,0,0,0,93,0,287,0,0,0,25,0,26,0,97,0,0,0,18,0,1,0,1,0,22,0,0,0,0,0,2,0,15,0,0,0,0,0,0,0,0,0,0,0,0,0,102,0,0,0,3,0,0,0,0,0,12,0,0,0,0,0,0,0,18,0,0,0,0,0,0,0,0,0,7,0,52,0,0,0,97,0,0,0,0,0,0,0,0,0,0,0,0,0,0,0,0,0,0,0,0,0,0,0,0,0,116,0,0,0,52,1,56,0,0,0,73,0,0,0,0,0,0,0,0,0,0,0,0,111,18,151,4,0,0,3
0,0,0,0,0,0,0,0,0,0,0,0,0,0,0,0,0,0,0,0,0,0,0,0,0,0,0,0,0,0,0,0,0,0,0,0,43,0,0,0,0,0,0,0,0,0,0,0,0,0,6,0,0,0,0,0,0,0,0,0,0,0,0,0,0,0,0,0,29,0,70,0,73,0,110,1,38,0,0,0,14,0,126,0,63,0,48,0,0,0,0,0,120,0,20,0,85,0,26,3,11,0,23,0,52,0,0,0,0,0,0,0,0,0,0,0,0,0,0,0,111,0,21,0,8,0,0,0,28,0,0,0,3,0,0,0,0,0,0,0,40,0,142,0,28,0,5,0,0,0,0,0,0,0,0,0,0,0,0,0,0,0,0,0,0,0,0,0,51,0,0,0,0,0,13,0,0,0,0,0,0,8,0,0,0,0,0,0,97,0,24,0,0,0,17,0,0,0,142,2,168,0,0,0,269,0,0,0,0,0,303,5,70,0,21,1,2,0,0,0,0,0,0,0,0
