0,102,51,55,37,0,34,85,94,74,175,0,94,0,18,29,20,37,8,0,7,0,19,51,5,259,0,0,31,0,0,0,0,0,0,0,37,0,342,0,9,0,0,0,4,0,15,0,16,0,0,0,0,0,0,0,0,0,0,0,186,0,111,0,0,0,0,0,0,0,0,0,0,0,0,0,0,0,0,0,0,0,0,0,0,0,0,0,0,0,2,0,0,0,0,0,0,0,0,0,0,0,0,0,0,0,0,0,0,0,0,0,0,0,0,0,2,0,0,0,0,0,0,0,0,0,0,0,0,0,0,0,0,0,2,0,0,0,3,0,0,0,0,0,0,0,0,0,3,0,0,0,0,0,0,0,0,0,0,0,7,0,9,0,0,0,0,0,162,0,158,0,347,0,3,0,169,102,21,0,0,0,96,2,5,0,1,0,0,0,0,0,0,0,0,0,0,0,0,0,0,0,0,0,0,0,0,0,0,0,686,164,320,333,414,4,73,8,0,0,0,0,0,0,0
102,0,117,48,0,118,0,32,0,60,18,254,0,143,15,45,32,72,0,129,12,21,355,70,57,18,0,95,0,61,0,12,0,245,0,0,0,291,0,338,0,20,0,0,0,72,0,54,0,17,0,0,0,0,0,11,0,0,0,7,0,199,0,82,0,15,0,8,0,0,0,0,0,0,0,0,0,0,0,0,0,0,0,0,0,0,0,0,0,0,0,0,0,0,0,0,0,0,0,1,0,0,0,0,0,0,0,0,0,0,0,0,0,0,0,0,0,0,0,0,0,0,0,0,0,29,0,0,0,0,0,15,0,0,0,0,0,0,0,0,0,0,0,0,0,0,0,11,0,17,0,44,0,0,0,0,0,0,0,0,0,15,0,0,0,0,0,0,0,0,0,0,0,139,0,19,61,288,0,6,0,28,0,7,0,120,1,0,0,0,0,0,0,0,0,0,0,0,0,0,0,0,0,0,0,0,0,0,0,0,4,0,0,0,740,0,0,0,949,174,355,283,0,188,1
51,117,0,62,171,0,50,0,113,0,62,12,145,0,187,79,16,36,77,0,44,0,98,98,14,216,65,0,131,0,21,0,219,0,0,0,70,0,564,0,14,0,0,0,27,0,73,0,28,0,0,0,13,0,43,5,18,0,0,0,149,0,107,0,12,0,0,2,0,0,4,0,0,0,0,0,0,0,0,0,0,0,0,0,0,0,0,0,0,0,0,0,0,0,0,0,0,0,0,0,0,0,0,0,0,0,0,0,0,0,0,0,0,0,0,0,0,0,0,0,0,0,0,0,28,0,39,0,11,0,55,0,0,1,215,0,48,0,0,0,0,0,118,0,0,0,39,0,0,0,31,0,20,0,0,0,0,0,0,0,16,0,0,0,0,0,63,0,0,0,154,0,453,0,0,0,156,129,2,0,0,0,43,6,27,0,0,0,0,0,0,0,0,0,0,0,0,0,77,0,70,0,0,0,0,0,34,0,118,0,592,80,349,400,461,0,0,7,0,0,0,0,0,0,0
55,48,62,0,0,78,0,90,3,19,0,11,0,16,0,166,0,4,0,203,10,35,291,46,0,31,0,44,0,70,0,14,0,249,0,0,1,117,0,162,0,0,0,0,0,22,0,0,0,0,0,0,0,0,0,70,0,15,0,6,0,0,0,0,0,2,0,2,0,0,0,0,0,0,0,0,0,0,0,0,0,0,0,0,0,0,0,0,0,0,0,0,0,0,0,0,0,0,1,0,0,0,0,0,0,0,0,0,0,0,0,0,0,0,0,0,0,0,0,0,0,0,0,0,1,33,0,0,0,0,0,18,0,0,0,56,0,7,0,0,0,0,0,12,0,0,2,6,0,0,0,18,0,11,0,4,0,0,0,0,0,13,0,0,0,0,0,66,0,0,0,0,0,146,0,0,41,73,0,0,0,0,0,3,0,0,0,0,0,0,0,0,0,0,0,0,0,0,0,0,0,0,0,0,0,0,0,9,0,15,0,0,0,0,361,0,0,0,292,28,330,0,2,74,2
37,0,171,0,0,0,6,0,19,0,161,40,383,0,148,125,0,0,61,77,263,17,29,30,0,0,121,0,12,0,175,0,300,0,342,0,250,0,57,0,65,0,0,0,25,0,69,0,11,0,43,0,0,0,0,0,0,0,0,0,1,0,4,0,5,0,0,0,0,0,0,0,2,0,0,0,0,0,0,0,0,0,0,0,0,0,0,0,0,0,0,0,0,0,0,0,0,0,0,0,0,0,0,0,0,0,0,0,0,0,0,0,0,0,0,0,0,0,0,0,0,0,0,0,0,0,0,0,0,0,0,0,0,0,75,0,0,0,0,0,0,0,0,0,0,0,0,0,12,0,47,0,47,0,1,0,0,0,0,0,0,0,0,0,33,0,263,0,390,0,0,0,388,0,0,0,174,84,78,0,90,0,81,0,86,0,0,0,0,0,0,0,0,0,0,0,0,0,0,0,0,0,0,0,0,0,0,0,59,0,513,186,556,178,272,0,4,0,0,0,0,0,0,0,0
0,118,0,78,0,0,0,40,0,22,64,212,47,275,165,84,0,0,70,293,137,71,0,11,0,0,0,203,0,0,0,221,0,251,0,249,0,302,0,0,0,32,0,0,0,63,0,142,0,0,0,65,0,3,0,0,0,0,0,0,0,0,0,0,0,7,0,0,0,0,0,0,0,0,0,5,0,0,0,0,0,0,0,0,0,0,0,0,0,0,0,0,0,0,0,0,0,0,0,0,0,0,0,0,0,0,0,0,0,0,0,0,0,0,0,0,0,0,0,0,0,0,0,0,0,0,0,0,0,0,0,0,0,0,0,0,0,0,0,0,0,0,0,0,0,0,0,4,0,11,0,22,0,23,0,0,0,0,0,0,0,0,0,0,0,0,0,154,0,290,0,0,0,152,0,0,53,284,11,31,0,12,0,8,0,0,0,0,0,0,0,0,0,0,0,0,0,0,0,0,0,0,0,0,0,0,0,0,0,0,0,1,0,0,328,0,0,0,521,204,700,126,0,21,7
34,0,50,0,6,0,0,0,158,220,11,0,0,0,0,1,8,17,0,0,0,0,12,6,110,146,0,0,0,0,0,0,6,0,0,0,4,0,0,0,0,0,1,0,0,0,0,0,34,0,0,0,170,22,132,118,87,0,48,0,444,0,238,16,0,0,25,42,0,0,0,0,0,0,0,0,0,0,0,0,0,0,0,0,0,0,0,0,0,0,0,0,0,0,0,0,0,0,0,0,0,0,7,0,0,0,0,0,0,0,0,0,0,0,0,0,0,0,0,0,0,0,0,0,45,0,81,0,8,0,132,0,10,0,37,0,13,0,0,0,0,0,0,0,0,0,0,0,0,0,0,0,0,0,13,0,0,0,6,0,73,0,9,0,0,0,0,0,134,0,277,0,83,0,0,0,131,42,0,0,0,0,6,0,0,0,0,0,0,0,0,0,0,0,0,0,0,0,0,0,0,0,0,0,0,0,0,0,63,0,647,133,491,544,643,0,221,12,0,0,0,0,0,0,0
85,32,0,90,0,40,0,0,39,32,0,19,0,20,0,17,26,11,0,64,0,0,116,2,101,101,0,0,0,41,0,0,0,39,0,0,0,78,0,340,0,0,0,0,0,0,0,0,0,4,0,0,1,56,0,237,0,17,0,6,0,355,10,231,0,4,0,3,0,1,0,0,0,0,0,0,0,0,0,0,0,0,0,0,0,0,0,0,0,0,0,0,0,0,0,0,0,2,0,0,0,0,0,0,0,0,0,0,0,0,0,0,0,0,0,0,0,0,0,0,0,0,0,0,0,48,0,0,0,0,0,26,0,0,0,29,0,8,0,0,0,0,0,0,0,0,0,11,0,0,0,32,0,3,0,0,0,0,0,0,0,0,0,13,0,0,0,10,0,0,0,170,0,165,0,0,41,64,0,1,0,0,3,0,0,0,0,0,0,0,0,0,0,0,0,0,0,0,0,0,0,0,0,0,0,0,0,9,0,39,0,0,0,0,755,0,0,0,757,62,477,446,10,392,0
94,0,113,3,19,0,158,39,0,141,16,0,24,0,0,0,11,8,8,0,0,0,11,0,14,85,0,0,0,0,0,0,0,0,0,0,0,0,0,0,3,0,0,0,0,0,7,0,9,0,0,0,121,26,53,176,23,15,68,35,211,0,137,12,224,3,32,60,0,0,0,0,0,0,0,0,0,0,0,0,0,0,0,0,0,0,0,0,0,0,0,0,0,0,0,0,0,0,0,0,0,0,0,0,0,0,0,0,0,0,0,0,0,0,0,0,0,0,0,0,0,0,0,0,55,0,78,0,0,0,71,0,0,0,30,0,2,0,0,0,0,0,0,0,0,0,59,0,74,0,66,0,13,0,0,0,0,0,2,0,25,0,0,0,0,0,0,0,41,0,74,0,26,0,0,0,363,30,16,0,0,0,42,0,140,7,0,0,0,0,0,0,0,0,0,0,0,0,11,0,5,0,0,0,0,0,12,0,92,0,325,98,160,242,352,4,91,0,0,0,0,0,0,0,0
74,60,0,19,0,22,220,32,141,0,0,22,0,32,1,5,18,37,0,54,0,0,42,2,402,53,0,28,0,0,0,0,0,0,0,0,0,0,0,0,0,0,0,0,0,16,0,0,0,0,0,0,10,219,57,164,0,31,0,37,0,542,46,305,0,244,0,88,0,0,0,0,0,0,0,0,0,0,0,0,0,0,0,0,0,0,0,0,0,0,0,0,0,0,0,0,0,0,0,0,0,0,0,0,0,0,0,0,0,0,0,0,0,0,0,0,0,0,0,0,0,0,0,0,0,90,0,49,0,1,0,81,0,0,0,20,0,8,0,0,0,0,0,1,0,0,0,40,0,112,0,95,0,26,0,0,0,0,0,0,0,51,0,0,0,0,0,6,0,0,5,149,8,82,0,0,118,216,0,0,0,7,5,0,0,95,0,0,0,0,0,0,0,0,0,0,0,0,0,0,0,0,0,0,0,0,0,0,0,36,0,4,0,0,819,0,0,0,918,125,421,439,28,389,0
175,18,62,0,161,64,11,0,16,0,0,34,281,0,31,128,4,0,15,17,71,0,9,41,0,0,25,0,0,0,52,0,206,0,70,0,130,0,26,0,29,0,0,0,14,0,33,0,14,0,0,0,0,0,0,0,0,0,0,0,0,0,0,0,3,0,0,0,0,0,3,0,0,0,0,0,0,0,0,0,0,0,0,0,0,0,0,0,0,0,0,0,0,0,0,0,0,0,0,0,0,0,0,0,0,0,0,0,0,0,0,0,0,0,0,0,0,0,0,0,0,0,0,0,0,0,0,0,0,0,0,0,0,0,0,0,2,0,0,0,0,0,0,0,0,0,0,0,0,0,20,0,21,0,0,0,0,0,0,0,0,0,0,0,0,0,63,0,150,0,0,0,181,0,23,0,163,68,127,0,64,0,33,0,30,0,8,0,0,0,0,0,0,0,0,0,0,0,0,0,0,0,0,0,0,0,0,0,0,0,268,110,293,0,148,3,7,0,0,0,0,0,0,0,0
0,254,12,11,40,212,0,19,0,22,34,0,54,403,191,28,0,0,42,108,125,32,60,17,0,0,0,133,0,11,0,106,0,266,0,115,0,186,0,0,0,76,0,32,0,80,0,145,0,63,0,38,0,0,0,2,0,0,0,2,0,0,0,0,0,5,0,0,0,0,0,0,0,0,0,0,0,0,0,0,0,0,0,0,0,0,0,0,0,0,0,0,0,0,0,0,0,0,0,0,0,0,0,0,0,0,0,0,0,0,0,0,0,0,0,0,0,0,0,0,0,0,0,0,0,0,0,0,0,0,0,0,0,1,0,0,0,0,0,0,0,0,0,0,0,0,0,0,0,0,0,63,0,76,0,0,0,0,0,0,0,0,0,0,0,0,0,0,0,0,0,0,0,0,0,48,44,388,0,45,0,64,0,28,0,95,0,21,0,0,0,0,0,0,0,0,0,0,0,0,0,0,0,0,0,0,0,0,0,0,0,0,0,0,151,0,0,0,184,95,243,0,0,0,0
94,0,145,0,383,47,0,0,24,0,281,54,0,259,106,38,15,0,71,306,124,64,101,0,0,0,289,381,0,0,32,0,0,0,440,8,94,0,0,0,233,17,51,0,74,56,238,0,30,0,365,0,0,0,0,0,0,0,0,0,0,0,0,0,3,0,0,0,0,0,0,0,2,0,0,0,0,0,0,0,0,0,0,0,0,0,0,0,0,0,0,0,0,0,0,0,0,0,0,0,0,0,0,0,0,0,0,0,0,0,0,0,0,0,0,0,0,0,0,0,0,0,0,0,0,0,7,0,0,0,0,0,0,0,0,0,0,0,0,0,0,0,0,0,0,0,0,0,0,0,63,0,54,0,0,0,0,0,0,0,0,0,11,0,172,0,111,0,0,0,0,0,47,0,0,0,384,128,181,0,175,0,75,0,122,0,143,18,0,0,0,0,0,0,0,0,0,0,0,0,0,0,0,0,0,0,0,0,64,0,188,200,558,0,78,0,0,9,0,0,0,0,0,0,0
0,143,0,16,0,275,0,20,0,32,0,403,259,0,59,5,0,0,526,79,274,55,0,0,0,0,524,92,0,0,0,39,0,0,0,193,0,51,0,0,115,175,0,309,40,70,100,261,3,101,45,425,0,0,0,0,0,5,0,0,0,0,0,0,0,0,0,2,0,0,0,0,0,0,0,0,0,0,0,0,0,0,0,0,0,0,0,0,0,0,0,0,0,0,0,0,0,0,0,0,0,0,0,0,0,0,0,0,0,0,0,0,0,0,0,0,0,0,0,0,0,0,0,0,0,0,0,6,0,0,0,0,0,0,0,0,0,0,0,0,0,0,0,0,0,0,0,0,0,0,0,22,0,0,0,0,0,0,0,0,0,0,0,0,0,56,0,17,0,0,0,0,0,0,0,7,20,223,9,4,0,0,0,14,0,46,31,79,0,0,0,0,0,0,0,0,0,0,0,0,0,0,0,0,0,0,0,0,0,0,0,0,0,0,24,0,0,0,0,144,365,0,0,3,9
18,15,187,0,148,165,0,0,0,1,31,191,106,59,0,308,35,0,221,107,261,46,507,30,65,0,125,0,0,0,166,0,148,0,147,0,117,0,0,0,18,0,5,0,15,0,23,0,4,0,0,0,0,0,44,0,0,0,0,0,0,0,9,0,1,0,0,0,0,0,7,0,0,0,0,0,0,0,0,0,0,0,0,0,0,0,0,0,0,0,0,0,0,0,0,0,0,0,0,0,0,0,0,0,0,0,0,0,0,0,0,0,0,0,0,0,0,0,0,0,0,0,0,0,0,0,0,0,0,0,0,0,0,0,0,0,0,0,0,0,0,0,0,0,0,0,42,0,17,0,0,0,0,0,6,0,0,0,0,0,0,0,0,0,0,0,154,0,0,0,3,0,109,0,0,0,150,140,15,0,0,0,32,0,51,0,0,0,0,0,0,0,0,0,0,0,6,0,0,0,0,0,0,0,0,0,0,0,85,0,80,36,86,0,0,0,0,0,0,0,0,0,0,0,0
29,45,79,166,125,84,1,17,0,5,128,28,38,5,308,0,10,16,14,281,196,188,351,86,6,84,0,64,0,0,0,130,18,137,0,51,0,30,0,11,0,0,0,0,0,0,0,0,0,0,0,8,0,0,0,104,0,0,0,14,0,5,0,5,0,3,0,0,0,0,0,0,0,0,0,0,0,0,0,0,0,0,0,0,0,89,0,0,0,0,0,0,0,0,0,0,0,72,0,0,0,0,0,0,0,0,0,0,0,0,0,0,0,0,0,0,0,0,0,0,0,0,0,2,0,0,0,0,0,0,0,0,0,0,0,197,0,32,0,0,0,0,0,0,0,0,0,12,0,0,3,27,0,0,0,8,0,1,0,0,0,0,0,0,1,0,0,65,0,0,0,0,16,77,0,0,75,192,11,7,0,17,0,0,0,65,0,0,0,0,0,0,0,0,0,0,0,0,0,0,0,0,0,0,0,0,0,0,0,25,8,0,0,0,208,0,0,0,319,233,263,71,3,6,0
20,32,16,0,0,0,8,26,11,18,4,0,15,0,35,10,0,13,99,0,292,0,65,22,88,76,188,0,206,0,43,0,197,0,0,0,11,0,299,0,0,0,0,0,81,0,72,0,0,0,0,0,159,0,11,0,4,0,0,0,67,0,290,0,0,0,0,0,0,0,6,0,0,0,18,0,0,0,0,0,41,0,0,0,567,0,0,0,0,0,198,0,0,0,0,0,535,0,0,0,0,0,0,0,0,0,152,0,0,0,0,0,0,0,0,0,0,0,0,0,68,0,42,0,0,0,0,0,119,0,0,0,0,0,0,0,230,0,136,0,75,0,402,0,0,0,0,0,0,0,0,0,0,0,54,0,0,0,96,0,20,0,0,0,0,0,0,0,45,0,35,0,48,0,0,0,0,8,0,0,0,0,8,0,0,0,0,0,0,0,0,0,0,0,0,0,0,0,0,0,182,0,0,0,0,0,2,0,0,0,16,0,40,28,21,0,7,0,0,0,0,0,0,0,0
37,72,36,4,0,0,17,11,8,37,0,0,0,0,0,16,13,0,0,0,1,81,60,18,49,34,0,0,0,81,0,18,0,96,0,5,0,53,0,257,0,0,0,0,0,0,0,0,0,2,0,0,0,62,0,37,0,51,0,0,0,39,0,138,0,0,0,0,0,0,0,0,0,0,0,0,0,0,0,0,0,15,0,0,0,98,0,0,0,0,0,0,0,0,0,0,0,54,0,0,0,0,0,0,0,0,0,0,0,0,0,0,0,0,0,0,0,0,0,0,0,0,0,0,0,1,0,1,0,0,0,0,0,0,0,153,0,0,0,47,0,8,0,0,0,1,0,0,0,0,0,0,0,0,0,51,0,0,0,29,0,0,0,0,0,0,0,5,0,24,0,13,0,18,0,0,6,12,0,0,0,0,1,17,0,0,0,0,0,0,0,0,0,0,0,0,0,0,0,0,0,0,0,0,0,0,0,0,0,0,2,0,1,0,52,0,0,0,30,28,73,20,0,32,0
8,0,77,0,61,70,0,0,8,0,15,42,71,526,221,14,99,0,0,439,325,124,329,0,0,0,127,278,7,0,75,2,0,0,270,0,42,7,0,0,13,0,0,0,9,33,13,0,10,0,99,0,0,0,0,0,0,0,0,0,0,0,0,0,0,0,0,0,0,0,20,0,0,0,0,0,0,0,0,0,0,0,0,0,0,0,0,0,0,0,0,0,0,0,0,0,0,0,0,0,0,0,0,0,0,0,0,0,0,0,0,0,0,0,0,0,0,0,0,0,0,0,0,0,0,0,0,0,0,0,0,0,0,0,0,0,0,0,0,0,8,0,0,0,0,0,0,0,0,0,0,0,0,0,3,0,0,0,0,0,0,0,0,0,0,0,42,0,0,0,0,0,0,0,0,0,106,119,15,0,0,0,19,0,37,0,3,21,0,0,0,0,0,0,0,0,0,0,0,0,0,0,0,0,0,0,0,0,0,0,0,48,121,0,22,0,1,1,0,0,0,0,0,0,0
0,129,0,203,77,293,0,64,0,54,17,108,306,79,107,281,0,0,439,0,266,185,0,93,0,123,217,158,0,6,0,183,0,0,0,237,0,66,0,0,42,0,0,54,0,97,0,107,1,5,0,231,0,0,0,0,0,0,0,0,0,0,0,0,0,24,0,0,0,0,0,0,0,0,0,0,0,0,0,0,0,0,0,0,0,324,0,0,0,0,0,0,0,0,0,0,0,0,0,0,0,0,0,0,0,0,0,0,0,0,0,0,0,0,0,0,0,0,0,0,0,0,0,0,0,0,0,0,0,0,0,0,0,0,0,436,0,0,0,0,0,0,0,0,0,0,0,0,0,34,0,130,0,60,0,18,0,5,0,0,0,0,0,0,0,45,1,37,0,146,0,0,0,0,0,0,23,85,13,0,0,0,0,18,0,132,17,4,0,0,0,0,0,0,0,0,0,0,0,0,0,0,0,0,0,0,0,0,0,0,0,0,0,0,59,0,0,0,112,102,237,0,0,9,5
7,12,44,10,263,137,0,0,0,0,71,125,124,274,261,196,292,1,325,266,0,114,268,22,48,0,361,0,85,0,136,0,23,9,133,32,19,0,0,0,0,7,30,0,82,0,19,0,0,0,59,0,11,0,10,0,0,0,3,0,0,0,71,0,0,0,5,0,0,0,50,0,9,0,34,0,0,0,0,0,43,0,0,0,351,0,36,0,0,0,199,0,0,0,0,0,379,0,413,0,53,0,0,0,0,0,0,0,0,0,0,0,0,0,0,0,0,0,0,0,0,0,33,0,0,0,0,0,0,0,0,0,0,0,0,0,0,0,60,0,34,0,192,0,26,0,0,0,0,0,0,0,0,0,6,0,0,0,0,0,0,0,23,0,0,0,140,0,163,0,0,0,92,0,0,0,61,67,6,0,0,0,9,0,0,0,0,8,0,0,0,0,0,0,0,0,0,0,0,0,0,0,0,0,0,0,0,0,0,0,284,181,257,78,117,0,0,4,0,0,0,0,0,0,0
0,21,0,35,17,71,0,0,0,0,0,32,64,55,46,188,0,81,124,185,114,0,0,314,0,167,34,163,0,65,0,62,0,87,0,145,0,81,0,19,0,0,0,26,0,48,0,0,0,0,0,117,0,26,0,0,0,0,0,0,0,0,0,58,0,0,0,0,0,0,0,0,0,0,0,0,0,0,0,0,0,597,0,0,0,864,0,0,0,0,0,0,0,0,0,0,0,353,0,345,0,391,0,0,0,0,0,0,0,0,0,0,0,0,0,0,0,0,0,0,0,167,0,0,0,0,0,0,0,0,0,0,0,0,0,563,0,0,0,205,0,163,0,628,0,110,0,0,0,0,0,0,0,0,0,46,0,0,0,0,0,11,0,0,0,31,0,51,0,169,0,21,0,50,0,2,0,9,0,0,0,0,0,5,0,28,0,0,0,0,0,0,0,0,0,0,0,7,0,0,0,0,0,0,0,0,0,0,0,0,0,0,0,0,83,0,0,0,169,181,297,71,0,4,6
19,355,98,291,29,0,12,116,11,42,9,60,101,0,507,351,65,60,329,0,268,0,0,331,63,328,364,0,112,0,24,0,189,0,0,0,47,0,128,0,32,0,0,0,91,0,178,0,9,0,0,0,15,0,69,0,18,0,0,0,18,0,33,4,0,0,0,0,0,0,0,0,0,0,0,0,0,0,0,0,0,0,0,0,71,0,0,0,0,0,0,0,0,0,0,0,117,0,0,0,0,0,0,0,0,0,178,0,0,0,0,0,0,0,0,0,0,0,0,0,0,0,0,0,0,0,0,0,0,0,7,0,0,0,148,0,122,0,6,0,10,0,220,0,0,0,38,0,6,0,26,0,37,0,9,0,0,0,0,0,8,0,0,0,8,0,23,0,0,0,45,0,213,0,0,0,276,214,0,0,20,0,59,10,48,2,0,0,0,0,0,0,0,0,0,0,0,0,55,0,175,0,0,0,0,0,0,0,76,0,160,21,145,114,141,0,19,0,0,0,0,0,0,0,0
51,70,98,46,30,11,6,2,0,2,41,17,0,0,30,86,22,18,0,93,22,314,331,0,19,24,0,29,0,45,3,46,0,176,0,11,3,65,0,54,0,0,0,0,0,0,0,0,0,1,0,0,0,2,0,22,0,0,0,0,0,6,0,5,0,0,0,0,0,0,0,0,0,0,0,0,0,0,0,0,0,0,0,0,0,35,0,0,0,0,0,0,0,0,0,0,0,21,0,0,0,0,1,0,0,0,0,0,0,0,0,0,0,0,0,0,0,0,0,0,0,0,0,1,0,0,0,0,0,0,0,0,0,0,0,46,0,0,0,0,0,0,0,0,0,0,0,0,0,0,0,0,0,0,0,4,0,0,0,0,0,0,0,5,0,6,0,55,0,32,0,27,16,59,0,0,13,25,0,0,0,0,0,4,0,0,0,0,0,0,0,0,0,0,0,0,0,0,0,0,0,0,0,0,0,0,0,0,0,0,0,0,0,0,113,0,0,0,234,152,127,56,1,0,0
5,57,14,0,0,0,110,101,14,402,0,0,0,0,65,6,88,49,0,0,48,0,63,19,0,417,0,0,55,0,7,0,26,0,0,0,4,0,77,0,0,0,0,0,0,0,0,0,17,0,4,0,177,22,57,125,15,0,7,0,166,0,360,23,0,0,0,36,0,0,0,0,0,0,0,0,0,0,0,0,0,0,0,0,36,0,0,0,0,0,0,0,0,0,0,0,63,0,0,0,0,0,0,0,82,0,121,0,0,0,0,0,0,0,0,0,0,0,0,0,0,0,0,0,6,0,0,0,38,0,17,0,4,0,98,0,111,0,0,0,4,0,190,0,0,0,0,0,0,0,0,0,0,0,24,0,9,0,5,0,6,0,0,0,0,0,0,0,48,0,143,0,65,0,0,0,48,53,0,0,0,0,0,0,0,0,0,0,0,0,0,0,0,0,0,0,0,0,33,0,113,0,0,0,0,0,0,0,37,0,161,31,194,242,234,0,90,5,0,0,0,0,0,0,0
259,18,216,31,0,0,146,101,85,53,0,0,0,0,0,84,76,34,0,123,0,167,328,24,417,0,0,0,0,77,0,10,1,37,0,0,0,0,0,101,0,0,0,0,0,0,0,0,0,0,0,0,0,36,0,54,0,35,0,3,0,46,10,140,0,0,0,0,0,0,0,0,0,0,0,0,0,0,0,0,0,0,0,0,0,12,0,0,0,0,0,0,0,0,0,0,0,13,0,0,0,0,0,0,0,0,0,15,0,0,0,0,0,0,0,0,0,0,0,0,0,0,0,0,0,0,0,0,0,0,0,0,0,0,0,55,0,17,0,4,0,0,0,10,0,0,0,0,0,0,1,0,0,0,0,9,0,0,0,0,0,0,0,0,0,0,0,0,0,0,0,21,23,32,0,0,55,51,0,0,0,0,10,27,0,0,0,0,0,0,0,0,0,0,0,0,0,0,0,0,0,0,0,0,0,0,0,0,0,0,14,0,0,0,89,0,0,0,69,22,57,0,0,0,0
0,0,65,0,121,0,0,0,0,0,25,0,289,524,125,0,188,0,127,217,361,34,364,0,0,0,0,791,76,0,36,0,2,0,117,0,91,0,3,0,37,115,183,21,168,88,177,455,45,0,467,14,0,0,0,0,0,0,0,0,0,0,0,0,2,0,0,0,0,0,82,0,0,0,0,0,0,0,0,0,0,0,0,0,0,0,0,0,0,0,0,0,0,0,0,0,0,0,0,0,0,0,0,0,0,0,0,0,0,0,0,0,0,0,0,0,0,0,0,0,0,0,0,0,0,0,0,0,0,0,0,0,0,0,0,0,0,0,0,0,0,0,0,0,0,0,0,0,0,0,0,0,0,0,0,0,0,0,0,0,0,0,0,0,270,0,45,0,0,0,0,0,0,0,0,0,54,96,0,0,0,0,0,0,0,0,90,14,0,0,0,0,0,0,0,0,0,0,0,0,0,0,0,0,0,0,0,0,0,0,0,173,350,0,25,0,1,66,0,0,0,0,0,0,0
0,95,0,44,0,203,0,0,0,28,0,133,381,92,0,64,0,0,278,158,0,163,0,29,0,0,791,0,0,0,0,36,0,0,0,158,0,46,0,0,311,22,68,314,128,306,238,124,7,45,83,539,0,8,0,0,0,0,0,0,0,0,0,0,0,0,0,0,0,0,0,0,0,0,0,0,0,0,0,0,0,0,0,0,0,0,0,0,0,0,0,0,0,0,0,0,0,0,0,0,0,0,0,0,0,0,0,0,0,0,0,0,0,0,0,0,0,0,0,0,0,0,0,0,0,0,0,0,0,0,0,0,0,0,0,0,0,0,0,0,0,0,0,0,0,0,0,0,0,0,0,0,0,0,0,0,0,0,0,0,0,0,0,0,0,145,0,17,0,84,0,0,0,16,0,0,0,84,13,2,0,27,0,0,0,0,58,12,0,0,0,0,0,0,0,0,0,0,0,0,0,0,0,0,0,0,0,0,0,0,0,0,0,0,30,0,0,0,0,368,590,35,0,0,30
31,0,131,0,12,0,0,0,0,0,0,0,0,0,0,0,206,0,7,0,85,0,112,0,55,0,76,0,0,0,24,0,10,0,20,0,11,0,5,0,0,0,34,0,21,0,0,0,0,0,29,0,2,0,4,0,0,0,0,0,1,0,6,0,0,0,0,0,0,0,13,0,0,0,0,0,0,0,0,0,0,0,0,0,168,0,0,0,0,0,0,0,0,0,0,0,86,0,0,0,7,0,0,0,0,0,0,0,0,0,0,0,0,0,0,0,0,0,0,0,36,0,38,0,0,0,0,0,15,0,0,0,0,0,0,0,0,0,49,0,29,0,0,0,11,0,0,0,0,0,0,0,0,0,3,0,0,0,0,0,0,0,1,0,0,0,0,0,0,0,0,0,0,0,0,0,3,0,0,0,0,0,3,0,1,0,0,0,0,0,0,0,0,0,0,0,0,0,0,0,18,0,0,0,0,0,0,0,0,0,0,3,0,0,0,0,0,0,0,0,0,0,0,0,0
0,61,0,70,0,0,0,41,0,0,0,11,0,0,0,0,0,81,0,6,0,65,0,45,0,77,0,0,0,0,0,20,0,54,0,80,0,9,0,77,0,0,0,12,0,0,0,0,0,0,0,30,0,0,0,13,0,19,0,0,0,10,0,23,0,0,0,0,0,0,0,0,0,0,0,0,0,0,0,0,0,0,0,0,0,334,0,0,0,0,0,0,0,0,0,0,0,70,0,0,0,76,0,0,0,0,0,0,0,0,0,0,0,0,0,0,0,0,0,0,0,26,0,0,0,0,0,0,0,0,0,0,0,0,0,212,0,0,0,174,0,121,0,311,0,0,0,0,0,0,0,0,0,0,0,70,0,5,0,72,0,0,0,0,0,0,0,0,0,0,0,0,0,0,0,0,0,0,0,0,0,0,0,0,0,0,0,0,0,0,0,0,0,0,0,0,0,0,0,0,0,0,0,0,0,0,0,0,0,0,0,0,0,0,0,0,0,0,22,0,0,0,0,2,0
0,0,21,0,175,0,0,0,0,0,52,0,32,0,166,0,43,0,75,0,136,0,24,3,7,0,36,0,24,0,0,0,0,0,15,0,15,0,5,0,0,0,48,0,4,0,0,0,0,0,58,0,0,0,0,0,0,0,2,0,2,0,31,0,0,0,0,0,0,0,14,0,0,0,0,0,0,0,0,0,0,0,0,0,44,0,0,0,0,0,0,0,0,0,0,0,59,0,0,0,0,0,0,0,0,0,0,0,0,0,0,0,0,0,0,0,0,0,0,0,15,0,0,0,0,0,0,0,0,0,0,0,0,0,0,0,0,0,0,0,15,0,0,0,23,0,0,0,0,0,0,0,0,0,2,0,2,0,3,0,0,0,0,0,0,0,50,0,35,0,0,0,28,0,0,0,10,0,6,0,0,0,0,0,0,0,0,0,0,0,0,0,0,0,0,0,0,0,0,0,0,0,0,0,0,0,0,0,0,0,72,50,61,20,0,0,0,0,0,0,0,0,0,0,0
0,12,0,14,0,221,0,0,0,0,0,106,0,39,0,130,0,18,2,183,0,62,0,46,0,10,0,36,0,20,0,0,0,3,0,69,0,6,0,3,0,0,0,11,0,6,0,0,0,0,0,43,0,6,0,0,0,6,0,0,0,0,0,0,0,0,0,0,0,0,0,0,0,0,0,0,0,0,0,0,0,0,0,0,0,116,0,0,0,0,0,0,0,0,0,0,0,35,0,0,0,54,0,0,0,0,0,0,0,0,0,0,0,0,0,0,0,0,0,0,0,0,0,0,0,0,0,0,0,0,0,0,0,0,0,0,0,0,0,38,0,34,0,0,0,33,0,0,0,0,0,0,0,0,0,8,0,3,0,0,0,0,0,0,0,0,0,19,0,25,0,0,0,0,0,0,0,0,0,0,0,0,0,0,0,0,0,0,0,0,0,0,0,0,0,0,0,0,0,0,0,0,0,0,0,0,0,0,0,0,0,0,0,0,12,0,0,0,0,25,30,13,0,0,0
0,0,219,0,300,0,6,0,0,0,206,0,0,0,148,18,197,0,0,0,23,0,189,0,26,1,2,0,10,0,0,0,0,0,8,0,50,0,0,0,0,0,0,0,0,0,0,0,0,0,6,0,4,0,4,0,0,0,0,0,3,0,14,0,0,0,0,0,0,0,8,0,0,0,9,0,0,0,0,0,0,0,0,0,50,0,4,0,0,0,0,0,0,0,0,0,75,0,80,0,6,0,0,0,0,0,0,0,0,0,0,0,0,0,0,0,0,0,0,0,11,0,8,0,0,0,0,0,0,0,0,0,0,0,0,0,0,0,25,0,8,0,0,0,10,0,0,0,0,0,0,0,0,0,0,0,0,0,0,0,0,0,0,0,0,0,28,0,29,0,3,0,29,0,0,0,37,5,20,0,0,0,8,0,0,0,0,0,0,0,0,0,0,0,0,0,0,0,0,0,0,0,0,0,0,0,0,0,0,0,80,104,40,17,47,1,1,0,0,0,0,0,0,0,0
0,245,0,249,0,251,0,39,0,0,0,266,0,0,0,137,0,96,0,0,9,87,0,176,0,37,0,0,0,54,0,3,0,0,0,96,0,58,0,0,0,0,0,9,0,0,0,0,0,0,0,36,0,4,0,0,0,0,0,0,0,5,0,20,0,0,0,0,0,0,0,0,0,0,0,0,0,0,0,0,0,0,0,0,0,61,0,11,0,0,0,0,0,0,0,0,0,0,0,0,0,0,0,0,0,0,0,0,0,0,0,0,0,0,0,0,0,0,0,0,0,0,0,0,0,0,0,0,0,0,0,0,0,0,0,55,0,0,0,55,0,34,0,0,0,36,0,0,0,0,0,0,0,0,0,0,0,36,0,22,0,0,0,0,0,2,0,17,0,0,0,0,0,9,0,0,0,22,0,0,0,0,0,0,0,0,0,0,0,0,0,0,0,0,0,0,0,0,0,0,0,0,0,0,0,0,0,0,0,0,0,0,0,0,0,0,0,0,0,0,13,0,0,0,0
0,0,0,0,342,0,0,0,0,0,70,0,440,0,147,0,0,0,270,0,133,0,0,0,0,0,117,0,20,0,15,0,8,0,0,0,105,0,0,0,0,0,30,0,5,0,0,0,0,0,54,0,0,0,0,0,0,0,0,0,0,0,3,0,3,0,0,0,0,0,22,0,4,0,0,0,4,0,0,0,5,0,0,0,0,0,0,0,0,0,0,0,0,0,0,0,0,0,81,0,0,0,0,0,0,0,0,0,0,0,0,0,0,0,0,0,0,0,0,0,0,0,4,0,0,0,0,0,0,0,0,0,0,0,0,0,0,0,0,0,0,0,0,0,0,0,0,0,0,0,0,0,0,0,0,0,0,0,0,0,0,0,13,0,42,0,86,0,77,0,12,0,51,0,0,0,0,3,15,0,0,0,0,0,0,0,3,0,0,0,0,0,0,0,0,0,0,0,0,0,0,0,0,0,0,0,0,0,0,0,111,50,185,28,42,0,4,0,0,0,0,0,0,0,0
0,0,0,0,0,249,0,0,0,0,0,115,8,193,0,51,0,5,0,237,32,145,0,11,0,0,0,158,0,80,0,69,0,96,0,0,0,91,0,16,0,0,0,17,0,5,0,0,0,0,0,56,0,0,0,0,0,0,0,0,0,0,0,6,0,0,0,0,0,0,0,5,0,4,0,0,0,0,0,1,0,156,0,0,0,145,0,0,0,0,0,0,0,0,0,0,0,0,0,60,0,71,0,0,0,0,0,0,0,0,0,0,0,0,0,0,0,0,0,0,0,0,0,0,0,0,0,0,0,0,0,0,0,0,0,0,0,0,0,0,0,0,0,176,0,47,0,0,0,0,0,0,0,0,0,8,0,11,0,0,0,2,0,0,0,26,0,56,2,80,0,0,0,24,0,0,0,0,0,0,0,0,0,0,0,0,0,0,0,0,0,0,0,0,0,0,0,0,0,0,0,0,0,0,0,0,0,0,0,0,0,0,0,0,20,0,0,0,0,67,131,0,0,0,0
37,0,70,1,250,0,4,0,0,0,130,0,94,0,117,0,11,0,42,0,19,0,47,3,4,0,91,0,11,0,15,0,50,0,105,0,0,0,37,0,8,0,101,0,92,0,0,0,3,0,86,0,7,0,0,0,0,0,0,0,22,0,10,0,0,0,0,0,0,0,49,0,12,0,43,0,0,0,12,0,27,0,0,0,173,0,19,0,0,0,31,0,0,0,0,0,65,0,340,0,0,0,0,0,0,0,0,0,0,0,0,0,0,0,0,0,0,0,0,0,97,0,55,0,0,0,0,0,0,0,0,0,0,0,0,0,0,0,144,0,70,0,0,0,179,0,0,0,0,0,0,0,0,0,19,0,27,0,0,0,0,0,22,0,16,0,35,0,76,0,0,0,68,0,0,0,20,0,8,0,0,0,0,0,7,0,0,0,2,0,0,0,0,0,0,0,0,0,0,0,0,0,0,0,0,0,0,0,0,0,40,46,88,0,20,0,0,0,0,0,0,0,0,0,0
0,291,0,117,0,302,0,78,0,0,0,186,0,51,0,30,0,53,7,66,0,81,0,65,0,0,0,46,0,9,0,6,0,58,0,91,0,0,0,52,0,0,0,48,0,15,0,0,0,0,0,135,0,18,0,0,0,0,0,0,0,41,0,22,0,0,0,0,0,0,0,0,0,4,0,0,0,0,0,0,0,183,0,0,0,74,0,10,0,0,0,5,0,0,0,0,0,0,0,45,0,40,0,0,0,0,0,0,0,0,0,0,0,0,0,0,0,0,0,0,0,84,0,7,0,0,0,0,0,0,0,0,0,0,0,40,0,0,0,66,0,97,0,272,0,173,0,0,0,0,0,0,0,0,0,6,0,90,0,0,0,0,0,5,0,8,0,22,0,71,0,40,0,59,0,0,0,0,0,0,0,0,0,13,0,0,0,0,0,0,0,0,0,0,0,0,0,0,0,0,0,0,0,0,0,0,0,0,0,0,0,0,0,0,14,0,0,0,10,139,67,10,0,0,1
342,0,564,0,57,0,0,0,0,0,26,0,0,0,0,0,299,0,0,0,0,0,128,0,77,0,3,0,5,0,5,0,0,0,0,0,37,0,0,0,0,0,0,0,0,0,0,0,0,0,2,0,13,0,0,0,0,0,0,0,6,0,7,0,0,0,0,0,0,0,4,0,0,0,4,0,0,0,0,0,3,0,0,0,41,0,2,0,0,0,0,0,0,0,0,0,0,0,31,0,0,0,0,0,0,0,0,0,0,0,0,0,0,0,0,0,0,0,0,0,0,0,9,0,0,0,0,0,0,0,0,0,0,0,0,0,11,0,34,0,20,0,29,0,33,0,0,0,0,0,0,0,0,0,9,0,7,0,13,0,0,0,0,0,0,0,4,0,0,0,1,0,7,0,0,0,26,0,0,0,0,0,15,0,0,0,0,0,0,0,0,0,0,0,0,0,0,0,0,0,9,0,0,0,0,0,0,0,0,0,0,128,1,1,1,0,0,0,0,0,0,0,0,0,0
0,338,0,162,0,0,0,340,0,0,0,0,0,0,0,11,0,257,0,0,0,19,0,54,0,101,0,0,0,77,0,3,0,0,0,16,0,52,0,0,0,0,0,0,0,0,0,0,0,0,0,19,0,6,0,0,0,0,0,0,0,29,0,27,0,0,0,0,0,0,0,0,0,0,0,0,0,0,0,0,0,0,0,0,0,16,0,0,0,0,0,0,0,0,0,0,0,0,0,0,0,0,0,0,0,0,0,0,0,0,0,0,0,0,0,0,0,0,0,0,0,0,0,0,0,0,0,0,0,0,0,0,0,0,0,0,0,0,0,36,0,6,0,28,0,21,0,0,0,0,0,0,0,0,0,0,0,27,0,17,0,0,0,0,0,0,0,0,0,0,0,0,0,0,0,0,0,59,0,0,0,0,0,14,0,0,0,0,0,0,0,0,0,0,0,0,0,0,0,0,0,0,0,0,0,0,0,0,0,0,0,0,0,0,0,0,0,0,0,36,0,0,1,0,0
9,0,14,0,65,0,0,0,3,0,29,0,233,115,18,0,0,0,13,42,0,0,32,0,0,0,37,311,0,0,0,0,0,0,0,0,8,0,0,0,0,74,24,0,63,139,166,276,116,18,33,0,0,0,0,0,0,0,1,0,0,0,4,0,0,0,0,0,0,0,0,0,0,0,0,0,0,0,0,0,0,0,0,0,0,0,0,0,0,0,0,0,0,0,0,0,0,0,0,0,0,0,0,0,0,0,0,0,0,0,0,0,0,0,0,0,0,0,0,0,0,0,0,0,0,0,0,0,0,0,0,0,0,0,0,0,0,0,0,0,0,0,0,0,0,0,0,0,0,0,0,0,0,0,0,0,0,0,0,0,0,0,0,0,49,0,0,0,16,0,0,0,0,0,0,0,63,35,28,0,38,0,16,0,0,0,180,4,0,0,0,0,0,0,0,0,0,0,0,0,0,0,0,0,0,0,0,0,0,0,0,54,74,0,6,0,0,34,0,0,0,0,0,0,0
0,20,0,0,0,32,0,0,0,0,0,76,17,175,0,0,0,0,0,0,7,0,0,0,0,0,115,22,0,0,0,0,0,0,0,0,0,0,0,0,74,0,8,0,38,48,70,210,2,158,0,0,0,0,0,1,0,0,0,0,0,0,0,0,0,0,0,0,0,0,0,0,0,0,0,0,0,0,0,0,0,0,0,0,0,0,0,0,0,0,0,0,0,0,0,0,0,0,0,0,0,0,0,0,0,0,0,0,0,0,0,0,0,0,0,0,0,0,0,0,0,0,0,0,0,0,0,0,0,0,0,0,0,0,0,0,0,0,0,0,0,0,0,0,0,0,0,0,0,2,0,13,0,0,0,0,0,0,0,0,0,0,0,0,0,21,0,0,0,0,0,0,0,0,0,0,0,142,0,24,0,10,0,5,0,0,15,7,0,0,0,0,0,0,0,2,0,0,0,0,0,0,0,0,0,0,0,0,0,0,0,0,0,0,0,0,0,0,0,10,14,0,0,0,9
0,0,0,0,0,0,1,0,0,0,0,0,51,0,5,0,0,0,0,0,30,0,0,0,0,0,183,68,34,0,48,0,0,0,30,0,101,0,0,0,24,8,0,0,239,9,58,32,34,0,80,0,0,0,0,0,0,0,0,0,0,0,0,0,1,0,0,0,0,0,0,0,4,0,22,0,0,0,0,0,0,0,0,0,0,0,0,0,0,0,0,0,0,0,0,0,0,0,0,0,0,0,0,0,0,0,0,0,0,0,0,0,0,0,0,0,0,0,0,0,37,0,0,0,0,0,0,0,0,0,0,0,0,0,0,0,0,0,0,0,0,0,0,0,31,0,0,0,0,0,0,0,0,0,0,0,0,0,0,0,0,0,12,0,76,0,12,0,0,0,0,0,8,0,0,0,0,2,0,0,0,0,0,0,1,0,16,0,0,0,0,0,0,0,0,0,0,0,0,0,0,0,0,0,0,0,0,0,0,0,0,32,54,0,0,0,0,17,0,0,0,0,0,0,0
0,0,0,0,0,0,0,0,0,0,0,32,0,309,0,0,0,0,0,54,0,26,0,0,0,0,21,314,0,12,0,11,0,9,0,17,0,48,0,0,0,0,0,0,0,175,0,74,0,9,0,142,0,0,0,0,0,0,0,0,0,0,0,3,0,0,0,0,0,0,0,0,0,0,0,0,0,0,0,0,0,0,0,0,0,30,0,0,0,0,0,0,0,0,0,0,0,0,0,0,0,33,0,0,0,0,0,14,0,0,0,0,0,0,0,0,0,0,0,0,0,0,0,6,0,0,0,0,0,0,0,0,0,0,0,0,0,0,0,0,0,0,0,0,0,42,0,0,0,2,0,0,0,0,0,0,0,0,0,0,0,0,0,1,0,64,0,5,0,28,0,0,0,0,0,4,0,10,0,5,0,0,0,2,0,0,2,90,0,0,0,0,0,0,0,0,0,0,0,0,0,0,0,0,0,0,0,0,0,0,0,0,0,0,4,0,0,0,20,67,193,0,0,0,0
4,0,27,0,25,0,0,0,0,0,14,0,74,40,15,0,81,0,9,0,82,0,91,0,0,0,168,128,21,0,4,0,0,0,5,0,92,0,0,0,63,38,239,0,0,97,242,213,81,19,121,0,0,0,0,0,0,0,20,0,0,0,25,0,5,0,16,1,10,0,111,0,0,0,94,0,0,0,0,0,0,0,0,0,348,0,46,0,0,0,218,0,0,0,0,0,0,0,736,0,0,0,0,0,0,0,0,0,0,0,0,0,0,0,0,0,0,0,0,0,187,0,0,0,0,0,0,0,0,0,0,0,0,0,0,0,0,0,0,0,0,0,0,0,0,0,0,0,5,0,0,0,0,0,7,0,0,0,0,0,2,0,0,0,181,0,34,0,57,0,0,0,39,0,0,0,0,18,10,0,0,0,7,0,12,0,47,0,0,0,0,0,0,0,0,0,0,0,0,0,0,0,0,0,0,0,0,0,0,0,32,0,50,39,34,0,6,64,0,0,1,0,0,0,0
0,72,0,22,0,63,0,0,0,16,0,80,56,70,0,0,0,0,33,97,0,48,0,0,0,0,88,306,0,0,0,6,0,0,0,5,0,15,0,0,139,48,9,175,97,0,173,202,29,178,8,89,0,0,0,0,0,0,0,0,0,0,0,0,0,5,0,0,0,16,0,16,0,0,0,11,0,12,0,7,0,250,0,0,0,183,0,62,0,0,0,0,0,13,0,80,0,0,0,0,0,104,0,31,0,0,0,0,0,0,0,0,0,0,0,0,0,0,0,0,0,119,0,24,0,0,0,0,0,0,0,0,0,0,0,0,0,0,0,0,0,33,0,124,0,53,0,0,0,0,0,0,0,29,0,7,0,3,0,0,0,4,0,6,0,127,0,12,0,41,0,0,0,10,0,19,0,57,0,0,0,31,0,15,0,48,45,78,0,0,0,0,0,0,0,0,0,0,0,0,0,0,0,0,0,0,0,0,0,0,0,0,0,0,26,0,0,0,50,134,159,21,0,0,92
15,0,73,0,69,0,0,0,7,0,33,0,238,100,23,0,72,0,13,0,19,0,178,0,0,0,177,238,0,0,0,0,0,0,0,0,0,0,0,0,166,70,58,0,242,173,0,358,198,46,28,0,0,0,0,0,0,0,0,0,0,0,50,0,0,0,0,0,0,0,0,0,0,0,0,0,0,0,0,0,0,0,0,0,170,0,0,0,0,0,0,0,0,0,0,0,0,0,0,0,0,0,0,0,0,0,0,0,0,0,0,0,0,0,0,0,0,0,0,0,0,0,0,0,0,0,0,0,0,0,0,0,0,0,0,0,0,0,0,0,0,0,0,0,0,0,0,0,0,0,27,0,26,0,0,0,0,0,0,0,0,0,0,0,162,0,0,0,23,0,0,0,0,0,0,0,38,41,55,0,62,0,26,0,0,0,171,5,0,0,0,0,0,0,0,0,0,0,0,0,0,0,0,0,0,0,0,0,23,0,40,52,112,0,12,0,0,90,0,0,0,0,0,0,0
0,54,0,0,0,142,0,0,0,0,0,145,0,261,0,0,0,0,0,107,0,0,0,0,0,0,455,124,0,0,0,0,0,0,0,0,0,0,0,0,276,210,32,74,213,202,358,0,35,201,39,37,0,0,0,0,0,0,0,0,0,0,0,0,0,0,0,0,0,0,0,0,0,0,0,0,0,0,0,0,0,0,0,0,0,0,0,0,0,0,0,0,0,0,0,0,0,0,0,0,0,0,0,0,0,0,0,0,0,0,0,0,0,0,0,0,0,0,0,0,0,0,0,0,0,8,0,0,0,0,0,0,0,0,0,0,0,0,0,0,0,0,0,0,0,0,0,0,0,0,0,0,0,0,0,0,0,0,0,0,0,0,0,0,0,0,0,0,0,0,0,0,0,0,0,0,0,196,0,0,0,0,0,0,0,0,78,16,0,0,0,0,0,0,0,0,0,0,0,0,0,0,0,0,0,0,0,0,0,0,0,0,0,0,0,0,0,0,0,92,59,0,0,0,26
16,0,28,0,11,0,34,0,9,0,14,0,30,3,4,0,0,0,10,1,0,0,9,0,17,0,45,7,0,0,0,0,0,0,0,0,3,0,0,0,116,2,34,0,81,29,198,35,0,25,20,0,7,0,27,0,69,0,37,0,3,0,2,0,1,0,0,0,11,0,0,0,4,0,0,0,0,0,2,0,0,0,6,0,6,0,3,0,10,0,0,0,17,0,11,0,0,0,0,1,13,0,23,0,0,0,0,0,0,0,0,0,0,0,0,0,1,0,0,0,0,0,0,0,18,3,0,0,0,0,21,0,10,0,20,0,0,0,5,0,3,2,30,1,0,0,15,0,0,0,15,0,14,0,1,0,0,0,0,0,17,0,19,0,17,0,17,0,13,1,10,0,12,0,0,0,30,16,10,0,19,0,0,0,0,0,173,0,28,0,0,0,17,0,4,0,0,0,52,0,23,0,67,0,42,0,0,0,16,0,91,54,145,32,63,33,11,6,1,0,0,0,0,0,0
0,17,0,0,0,0,0,4,0,0,0,63,0,101,0,0,0,2,0,5,0,0,0,1,0,0,0,45,0,0,0,0,0,0,0,0,0,0,0,0,18,158,0,9,19,178,46,201,25,0,0,5,0,0,0,1,0,0,0,0,0,0,0,0,0,1,0,0,0,17,0,0,0,0,0,0,0,4,0,0,0,27,0,36,0,31,0,6,0,9,0,0,0,17,0,14,0,10,0,14,0,12,0,21,0,7,0,0,0,4,0,0,0,0,0,0,0,0,0,1,0,0,0,2,0,0,0,0,0,0,1,0,0,0,0,7,0,0,0,0,0,1,0,0,0,0,0,0,0,0,0,28,0,29,0,1,0,0,0,0,0,2,0,4,0,44,0,9,0,7,0,5,0,6,0,22,0,72,0,5,0,34,0,15,0,17,24,111,0,0,0,0,0,0,0,0,0,3,0,0,0,0,0,3,0,10,0,0,0,0,0,0,1,0,9,0,0,0,24,26,30,3,7,1,9
0,0,0,0,43,0,0,0,0,0,0,0,365,45,0,0,0,0,99,0,59,0,0,0,4,0,467,83,29,0,58,0,6,0,54,0,86,0,2,0,33,0,80,0,121,8,28,39,20,0,0,0,0,0,0,0,7,0,0,0,0,0,0,0,6,0,5,0,5,0,42,0,0,0,0,0,0,0,0,0,0,0,0,0,0,0,20,0,0,0,0,0,0,0,0,0,0,0,181,0,0,0,0,0,0,0,0,0,0,0,0,0,0,0,0,0,0,0,0,0,0,0,0,0,0,0,0,0,0,0,0,0,0,0,0,0,0,0,0,0,0,0,0,0,25,0,0,0,0,0,0,0,0,0,0,0,0,0,0,0,0,0,44,0,102,0,40,0,77,0,25,0,55,0,0,0,0,0,8,0,0,0,2,0,0,0,29,0,0,0,0,0,0,0,0,0,0,0,0,0,0,0,0,0,0,0,0,0,0,0,33,50,148,26,35,0,6,19,0,0,0,0,0,0,0
0,0,0,0,0,65,0,0,0,0,0,38,0,425,0,8,0,0,0,231,0,117,0,0,0,0,14,539,0,30,0,43,0,36,0,56,0,135,0,19,0,0,0,142,0,89,0,37,0,5,0,0,0,0,0,0,0,14,0,0,0,10,0,0,0,0,0,0,0,6,0,32,0,16,0,31,0,10,0,0,0,270,0,0,0,126,0,0,0,0,0,0,0,0,0,59,0,0,0,0,0,82,0,0,0,0,0,0,0,2,0,0,0,0,0,0,0,0,0,0,0,136,0,20,0,0,0,0,0,0,0,0,0,0,0,0,0,0,0,0,0,47,0,0,0,145,0,0,0,0,0,0,0,0,0,0,0,14,0,0,0,0,0,17,0,42,0,34,0,129,0,16,0,45,0,0,0,0,0,0,0,0,0,0,0,0,0,31,0,0,0,0,0,0,0,18,0,0,0,0,0,0,0,0,0,0,0,0,0,0,0,0,0,0,28,0,0,0,47,54,138,19,0,1,3
0,0,13,0,0,0,170,1,121,10,0,0,0,0,0,0,159,0,0,0,11,0,15,0,177,0,0,0,2,0,0,0,4,0,0,0,7,0,13,0,0,0,0,0,0,0,0,0,7,0,0,0,0,0,266,18,92,1,46,14,31,0,96,0,0,1,23,37,3,0,0,0,0,0,0,0,4,0,0,0,0,0,0,0,52,0,0,0,2,0,34,0,0,0,0,0,70,0,12,0,0,0,0,0,16,0,53,0,0,0,0,0,0,0,0,0,0,0,0,0,0,0,0,0,0,0,0,0,70,0,9,0,8,0,0,0,94,0,109,0,40,0,108,0,33,0,0,0,0,0,1,0,0,0,158,0,112,0,122,1,13,0,46,0,0,0,0,0,60,0,104,0,4,0,0,0,16,0,0,0,0,0,0,0,3,5,0,0,0,0,0,0,0,0,0,0,0,0,0,0,48,0,0,0,0,0,0,0,8,0,28,116,229,139,88,4,56,4,0,0,0,0,0,0,0
0,0,0,0,0,3,22,56,26,219,0,0,0,0,0,0,0,62,0,0,0,26,0,2,22,36,0,8,0,0,0,6,0,4,0,0,0,18,0,6,0,0,0,0,0,0,0,0,0,0,0,0,0,0,21,87,0,194,3,14,0,94,3,108,0,0,3,18,0,0,0,0,0,0,0,0,0,0,0,0,0,0,0,0,0,67,0,0,0,0,0,0,0,0,0,0,0,32,0,0,0,0,0,0,0,0,0,16,0,0,0,0,0,0,0,0,0,0,0,0,0,0,0,0,0,3,0,0,0,16,0,0,0,21,0,96,0,56,1,212,0,34,0,88,0,45,0,0,0,0,0,0,0,0,0,187,0,167,0,173,0,24,0,0,0,0,0,0,0,7,0,8,0,0,0,0,3,11,0,0,0,0,0,19,0,12,0,0,0,0,0,0,0,0,0,0,0,0,0,0,0,17,0,0,0,0,0,5,0,0,0,0,3,1,53,0,0,0,64,40,0,26,0,7,0
0,0,43,0,0,0,132,0,53,57,0,0,0,0,44,0,11,0,0,0,10,0,69,0,57,0,0,0,4,0,0,0,4,0,0,0,0,0,0,0,0,0,0,0,0,0,0,0,27,0,0,0,266,21,0,115,88,12,19,52,27,0,39,2,0,6,21,154,5,0,0,0,0,0,0,0,0,0,0,0,0,0,0,0,7,0,0,0,0,0,0,0,0,0,0,0,0,0,0,0,0,0,0,0,0,0,20,0,0,0,0,0,0,0,0,0,0,0,0,0,0,0,0,0,0,0,16,0,59,0,44,0,19,0,0,0,97,0,0,0,5,0,116,0,0,0,2,0,0,0,0,0,0,0,77,0,47,0,11,0,28,0,17,0,0,0,0,0,108,0,160,0,7,0,0,0,20,0,0,0,0,1,0,0,3,11,0,0,0,0,0,0,0,0,0,0,0,0,0,0,56,0,0,0,0,0,0,0,22,0,181,91,429,468,412,26,182,6,0,0,0,0,0,0,0
0,11,5,70,0,0,118,237,176,164,0,2,0,0,0,104,0,37,0,0,0,0,0,22,125,54,0,0,0,13,0,0,0,0,0,0,0,0,0,0,0,1,0,0,0,0,0,0,0,1,0,0,18,87,115,0,0,48,19,120,0,73,35,97,0,0,27,41,0,0,0,0,0,0,0,0,0,0,0,0,0,0,0,0,0,8,0,0,0,0,0,3,0,0,0,0,0,0,0,0,0,0,0,0,0,0,0,0,0,0,0,0,0,0,0,0,0,0,0,0,0,0,0,0,0,35,0,20,0,14,0,34,0,62,0,214,0,71,0,8,3,0,0,9,0,0,0,11,0,0,0,37,0,3,0,39,0,16,0,20,0,13,0,0,0,13,0,4,0,62,4,232,0,53,0,0,45,16,0,0,0,0,0,19,0,36,0,0,0,0,0,0,0,0,0,0,0,0,0,0,0,0,0,0,0,0,0,0,0,90,14,0,0,9,368,0,0,0,150,18,472,390,20,191,0
0,0,18,0,0,0,87,0,23,0,0,0,0,0,0,0,4,0,0,0,0,0,18,0,15,0,0,0,0,0,0,0,0,0,0,0,0,0,0,0,0,0,0,0,0,0,0,0,69,0,7,0,92,0,88,0,0,5,48,60,3,0,0,0,32,26,67,73,0,0,0,0,0,0,0,0,0,0,1,0,0,0,0,0,2,0,0,0,0,0,0,0,0,0,0,0,0,0,0,0,0,0,0,0,0,0,0,0,4,0,0,0,0,0,0,0,0,0,0,0,0,0,0,0,20,0,29,0,86,0,70,0,16,0,26,0,42,0,16,0,2,2,38,0,15,0,0,0,3,0,0,0,0,0,96,8,37,0,32,4,54,0,164,0,0,0,6,0,217,0,81,0,16,0,0,0,0,0,0,0,0,6,0,0,18,7,0,0,0,0,0,0,0,0,0,0,0,0,0,0,0,0,0,0,0,0,0,0,0,0,288,138,862,1079,1445,177,196,20,0,0,0,0,0,0,0
0,0,0,15,0,0,0,17,15,31,0,0,0,5,0,0,0,51,0,0,0,0,0,0,0,35,0,0,0,19,0,6,0,0,0,0,0,0,0,0,0,0,0,0,0,0,0,0,0,0,0,14,1,194,12,48,5,0,10,122,0,0,0,82,0,2,15,23,0,6,0,0,0,0,0,0,0,0,0,0,0,0,0,0,0,15,0,2,0,0,0,0,0,0,0,0,0,0,0,0,0,0,0,0,0,0,0,24,0,0,0,0,0,0,0,0,0,0,0,0,0,0,0,0,0,46,0,23,0,17,0,41,0,152,0,147,0,43,0,22,0,3,0,13,0,6,0,0,0,0,0,0,0,0,0,169,0,38,0,73,0,22,0,177,0,7,0,0,0,165,0,506,0,0,0,0,0,0,0,0,2,0,0,0,0,6,0,0,0,0,0,0,0,0,0,0,0,0,0,14,0,37,0,0,0,0,0,11,0,38,0,0,0,0,803,0,2,0,153,17,884,760,117,207,3
0,0,0,0,0,0,48,0,68,0,0,0,0,0,0,0,0,0,0,0,3,0,0,0,7,0,0,0,0,0,2,0,0,0,0,0,0,0,0,0,1,0,0,0,20,0,0,0,37,0,0,0,46,3,19,19,48,10,0,125,0,0,0,0,40,23,210,194,0,0,0,0,0,0,0,0,0,0,0,0,0,0,0,0,0,0,0,0,0,0,0,0,0,0,0,0,0,0,0,0,1,0,0,0,0,0,0,0,0,0,0,0,0,0,0,0,0,0,0,0,0,0,0,0,15,0,28,0,4,0,36,0,0,0,0,0,5,0,0,0,0,0,0,0,0,0,0,0,0,0,0,0,0,0,110,5,97,0,0,6,10,0,0,0,0,0,7,0,0,0,0,0,0,0,0,1,15,0,0,0,0,0,0,0,141,19,0,0,0,0,0,0,0,0,0,0,0,0,0,0,0,0,0,0,0,0,0,0,9,0,473,285,293,0,1505,114,0,9,0,0,0,0,0,0,0
0,7,0,6,0,0,0,6,35,37,0,2,0,0,0,14,0,0,0,0,0,0,0,0,0,3,0,0,0,0,0,0,0,0,0,0,0,0,0,0,0,0,0,0,0,0,0,0,0,0,0,0,14,14,52,120,60,122,125,0,0,0,6,0,17,127,129,155,0,0,0,0,0,0,0,0,0,0,0,0,0,0,0,0,0,0,0,0,0,0,0,0,0,1,0,0,0,0,0,0,0,0,0,0,0,0,0,0,0,0,0,0,0,0,0,0,0,0,0,0,0,0,0,0,0,9,0,4,0,0,0,33,0,15,0,0,0,0,0,0,0,0,0,0,0,28,0,0,0,8,0,0,0,0,30,22,0,29,0,16,1,25,0,0,0,5,0,0,0,65,0,107,0,0,0,13,0,0,0,0,0,0,1,0,12,95,0,0,0,0,0,0,0,0,0,0,0,0,0,0,0,0,0,0,0,0,0,0,0,5,0,4,0,0,1996,0,0,0,748,285,717,1342,234,230,4
186,0,149,0,1,0,444,0,211,0,0,0,0,0,0,0,67,0,0,0,0,0,18,0,166,0,0,0,1,0,2,0,3,0,0,0,22,0,6,0,0,0,0,0,0,0,0,0,3,0,0,0,31,0,27,0,3,0,0,0,0,0,63,0,0,0,0,0,0,0,0,0,0,0,0,0,0,0,0,0,0,0,0,0,0,0,0,0,0,0,0,0,0,0,0,0,0,0,0,0,0,0,0,0,0,0,0,0,0,0,0,0,0,0,0,0,0,0,0,0,0,0,0,0,0,0,0,0,0,0,0,0,0,0,0,0,6,0,70,0,0,0,0,0,69,0,0,0,0,0,0,0,0,0,35,0,72,0,17,0,0,0,0,0,0,0,0,0,0,0,132,0,18,0,0,0,44,0,0,0,0,0,40,0,0,0,0,0,0,0,0,0,0,0,0,0,0,0,0,0,0,0,0,0,0,0,0,0,0,0,82,111,21,25,35,0,0,0,0,0,0,0,0,0,0
0,199,0,0,0,0,0,355,0,542,0,0,0,0,0,5,0,39,0,0,0,0,0,6,0,46,0,0,0,10,0,0,0,5,0,0,0,41,0,29,0,0,0,0,0,0,0,0,0,0,0,10,0,94,0,73,0,0,0,0,0,0,0,58,0,0,0,24,0,0,0,0,0,0,0,0,0,0,0,0,0,0,0,0,0,0,0,0,0,0,0,0,0,0,0,0,0,0,0,0,0,0,0,0,0,0,0,0,0,0,0,0,0,0,0,0,0,0,0,0,0,0,0,0,0,0,0,0,0,0,0,0,0,0,0,0,0,0,0,34,0,0,0,0,0,39,0,0,0,0,0,0,0,0,0,11,0,126,0,6,0,0,0,1,0,0,0,4,0,8,0,89,1,24,0,0,0,67,0,0,0,0,0,36,0,2,0,0,0,0,0,0,0,0,0,0,0,0,0,0,0,0,0,0,0,0,0,0,0,0,0,0,0,0,25,0,0,0,73,152,45,49,0,20,0
111,0,107,0,4,0,238,10,137,46,0,0,0,0,9,0,290,0,0,0,71,0,33,0,360,10,0,0,6,0,31,0,14,0,3,0,10,0,7,0,4,0,0,0,25,0,50,0,2,0,0,0,96,3,39,35,0,0,0,6,63,0,0,0,0,1,0,11,0,0,0,0,0,0,0,0,0,0,0,0,6,0,0,0,84,0,0,0,0,0,0,0,0,0,0,0,44,0,0,0,0,0,0,0,0,0,0,0,0,0,0,0,0,0,0,0,0,0,0,0,0,0,31,0,0,0,0,0,17,0,0,0,0,0,0,0,39,0,172,0,45,0,0,0,24,0,0,0,0,0,0,0,0,0,35,0,16,0,49,0,0,0,1,0,2,0,0,0,13,0,61,0,6,0,0,0,18,0,0,0,0,0,14,0,0,2,0,0,0,0,0,0,0,0,0,0,0,0,0,0,0,0,0,0,0,0,0,0,0,0,24,29,30,24,19,0,12,0,0,0,0,0,0,0,0
0,82,0,0,0,0,16,231,12,305,0,0,0,0,0,5,0,138,0,0,0,58,4,5,23,140,0,0,0,23,0,0,0,20,0,6,0,22,0,27,0,0,0,3,0,0,0,0,0,0,0,0,0,108,2,97,0,82,0,0,0,58,0,0,0,0,0,0,0,0,0,0,0,0,0,0,0,0,0,0,0,0,0,0,0,20,0,1,0,0,0,0,0,0,0,0,0,0,0,0,0,0,0,0,0,0,0,0,0,0,0,0,0,0,0,0,0,0,0,0,0,0,0,0,0,0,0,0,0,2,0,0,0,0,0,25,0,0,0,68,0,13,0,29,0,53,0,0,0,0,0,0,0,0,0,40,0,41,0,38,0,2,0,0,0,0,0,0,0,0,0,5,0,0,0,0,0,33,0,0,0,0,0,36,0,0,0,0,0,0,0,0,0,0,0,0,0,0,0,0,0,0,0,0,0,0,0,0,0,0,0,0,0,0,21,0,0,0,40,27,0,7,0,9,0
0,0,12,0,5,0,0,0,224,0,3,0,3,0,1,0,0,0,0,0,0,0,0,0,0,0,2,0,0,0,0,0,0,0,3,0,0,0,0,0,0,0,1,0,5,0,0,0,1,0,6,0,0,0,0,0,32,0,40,17,0,0,0,0,0,15,253,16,0,0,19,0,5,0,0,0,0,0,0,0,0,0,0,0,0,0,2,0,0,0,0,0,0,0,0,0,0,0,0,0,0,0,0,0,0,0,0,0,0,0,0,0,0,0,0,0,0,0,0,0,8,0,0,0,22,0,7,0,0,0,55,0,0,0,4,0,0,0,0,21,0,0,0,0,86,0,29,0,24,0,19,0,3,0,53,0,42,0,22,21,182,0,8,0,0,0,0,0,0,0,0,0,0,0,98,0,0,0,0,0,53,32,0,0,259,6,0,0,0,0,0,0,0,0,0,0,1,0,0,0,0,0,0,0,0,0,0,0,30,0,128,0,0,0,185,0,0,0,0,0,0,0,0,0,0
0,15,0,2,0,7,0,4,3,244,0,5,0,0,0,3,0,0,0,24,0,0,0,0,0,0,0,0,0,0,0,0,0,0,0,0,0,0,0,0,0,0,0,0,0,5,0,0,0,1,0,0,1,0,6,0,26,2,23,127,0,0,1,0,15,0,17,247,0,0,0,17,0,0,0,12,0,0,0,3,0,0,0,0,0,0,0,0,0,0,0,0,0,0,0,0,0,0,0,0,0,0,0,0,0,0,0,0,0,0,0,0,0,0,0,0,0,0,0,0,0,0,0,0,0,48,0,18,0,0,0,46,0,0,0,3,0,1,13,11,0,13,0,0,17,70,0,37,0,175,0,47,0,23,44,1,0,3,35,7,0,242,0,0,0,0,0,0,0,0,0,0,0,0,0,38,0,0,0,1,0,234,0,3,6,165,0,0,0,0,0,0,0,0,0,0,0,0,0,5,0,0,0,0,0,0,0,0,0,14,7,0,0,2,191,0,0,0,216,30,0,0,0,0,1
0,0,0,0,0,0,25,0,32,0,0,0,0,0,0,0,0,0,0,0,5,0,0,0,0,0,0,0,0,0,0,0,0,0,0,0,0,0,0,0,0,0,0,0,16,0,0,0,0,0,5,0,23,3,21,27,67,15,210,129,0,0,0,0,253,17,0,78,0,0,0,0,0,0,0,0,0,0,0,0,0,0,0,0,0,0,0,0,0,0,0,0,0,0,0,0,0,0,0,0,0,0,0,0,0,0,0,0,0,0,0,0,0,0,0,0,0,0,0,0,0,0,0,0,71,0,31,0,0,0,65,0,0,0,0,0,0,0,0,0,0,0,0,0,0,0,27,0,84,0,12,0,0,0,98,8,78,0,0,5,112,0,0,0,0,0,2,0,0,0,0,0,0,0,0,0,58,0,0,0,0,5,0,0,587,22,0,0,0,0,0,0,0,0,0,0,0,0,0,0,0,0,0,0,0,0,1,0,14,0,199,178,59,282,499,0,30,0,0,0,0,0,0,0,0
0,8,2,2,0,0,42,3,60,88,0,0,0,2,0,0,0,0,0,0,0,0,0,0,36,0,0,0,0,0,0,0,0,0,0,0,0,0,0,0,0,0,0,0,1,0,0,0,0,0,0,0,37,18,154,41,73,23,194,155,0,24,11,0,16,247,78,0,0,1,0,0,0,0,0,0,0,0,0,0,0,0,0,0,0,0,0,0,0,0,0,0,0,0,0,0,0,0,0,0,0,0,0,0,0,0,0,0,0,0,0,0,0,0,0,0,0,0,0,0,0,0,0,0,0,8,0,6,0,0,0,17,0,0,0,0,0,0,0,0,0,0,0,0,0,18,0,3,0,23,0,4,0,0,27,14,0,24,0,15,0,37,0,0,0,0,0,0,0,0,0,0,0,0,0,52,12,17,0,0,0,0,1,0,16,562,0,0,0,0,0,0,0,0,0,0,0,0,0,0,0,1,0,0,0,0,0,0,0,0,5,8,0,0,819,0,0,0,465,295,189,524,65,65,0
0,0,0,0,0,0,0,0,0,0,0,0,0,0,0,0,0,0,0,0,0,0,0,0,0,0,0,0,0,0,0,0,0,0,0,0,0,0,0,0,0,0,0,0,10,0,0,0,11,0,5,0,3,0,5,0,0,0,0,0,0,0,0,0,0,0,0,0,0,0,3,0,9,0,0,0,71,0,7,0,0,0,18,0,0,0,11,0,10,0,0,0,38,0,14,0,0,0,30,0,16,0,177,0,68,0,59,0,89,0,28,0,50,0,3,0,9,0,0,0,0,0,0,0,0,0,0,0,0,0,0,0,1,0,0,0,0,0,0,0,0,1,0,0,0,0,0,0,0,0,0,0,0,0,0,0,0,0,0,0,0,0,5,0,57,0,0,0,123,0,7,0,0,0,0,0,0,0,0,0,8,0,0,0,0,0,0,0,0,0,0,0,48,0,22,0,0,0,0,0,0,0,0,0,0,0,0,0,0,0,41,5,69,0,11,101,78,0,0,0,0,0,0,0,0
0,0,0,0,0,0,0,1,0,0,0,0,0,0,0,0,0,0,0,0,0,0,0,0,0,0,0,0,0,0,0,0,0,0,0,0,0,0,0,0,0,0,0,0,0,16,0,0,0,17,0,6,0,0,0,0,0,6,0,0,0,0,0,0,0,0,0,1,0,0,0,0,0,0,0,0,0,50,0,0,0,0,0,9,0,0,0,2,0,6,0,0,0,34,0,18,0,0,0,0,0,0,0,149,0,5,0,0,0,37,0,0,0,0,0,1,0,5,0,0,0,0,0,0,0,0,0,0,0,0,0,0,0,0,0,0,0,0,0,0,0,0,0,0,0,0,0,0,0,0,0,0,0,0,0,0,0,0,0,0,0,1,0,0,0,76,0,0,0,30,0,0,0,0,0,0,0,0,0,0,0,0,0,0,0,0,0,0,0,0,0,0,0,0,0,5,0,0,0,0,0,4,0,0,0,0,0,0,0,0,0,0,0,0,0,0,0,0,13,25,94,0,5,81,0
0,0,4,0,0,0,0,0,0,0,3,0,0,0,7,0,6,0,20,0,50,0,0,0,0,0,82,0,13,0,14,0,8,0,22,0,49,0,4,0,0,0,0,0,111,0,0,0,0,0,42,0,0,0,0,0,0,0,0,0,0,0,0,0,19,0,0,0,3,0,0,0,189,0,280,0,10,0,208,0,26,0,0,0,0,0,46,0,0,0,0,0,0,0,18,0,0,0,15,0,0,0,0,0,0,0,0,0,0,0,0,0,0,0,0,0,0,0,0,0,16,0,9,0,0,0,0,0,0,0,44,0,14,0,0,0,18,0,4,0,56,0,84,0,58,0,27,0,0,0,51,0,35,0,4,0,20,0,14,0,36,0,42,0,0,0,28,0,18,5,32,0,0,0,0,0,0,0,0,0,85,0,0,0,27,0,0,0,0,0,0,0,0,0,0,0,0,0,0,0,0,0,0,0,0,0,0,0,0,0,27,1,14,0,0,0,0,0,0,0,0,0,0,0,0
0,0,0,0,0,0,0,0,0,0,0,0,0,0,0,0,0,0,0,0,0,0,0,0,0,0,0,0,0,0,0,0,0,0,0,5,0,0,0,0,0,0,0,0,0,16,0,0,0,0,0,32,0,0,0,0,0,0,0,0,0,0,0,0,0,17,0,0,0,0,0,0,0,207,0,250,0,15,0,13,3,4,0,0,0,0,0,73,0,0,0,0,0,0,0,0,0,0,0,0,0,0,0,0,0,0,0,0,0,0,0,0,0,0,0,0,0,0,0,0,0,0,0,16,0,79,0,72,0,26,0,0,0,86,0,38,0,0,0,0,0,22,0,8,0,70,0,0,0,23,0,0,0,0,0,0,0,0,0,0,0,23,0,35,0,0,0,12,0,9,0,10,0,24,0,40,0,0,0,0,0,0,0,0,0,0,0,0,0,0,0,0,0,0,0,0,0,0,0,0,0,0,0,0,0,0,0,0,0,0,0,0,0,0,8,0,0,0,79,0,9,4,0,0,0
0,0,0,0,2,0,0,0,0,0,0,0,2,0,0,0,0,0,0,0,9,0,0,0,0,0,0,0,0,0,0,0,0,0,4,0,12,0,0,0,0,0,4,0,0,0,0,0,4,0,0,0,0,0,0,0,0,0,0,0,0,0,0,0,5,0,0,0,9,0,189,0,0,0,211,0,63,0,320,0,20,0,42,0,31,0,46,0,1,0,2,0,13,0,26,0,0,0,0,0,6,0,6,0,0,0,0,0,0,0,1,0,0,0,0,0,0,0,0,0,50,0,45,0,41,0,31,0,13,0,27,0,59,0,68,0,0,0,19,3,51,0,144,0,32,0,44,0,0,0,111,0,0,0,0,0,5,0,3,0,16,0,50,0,0,0,0,0,18,0,9,0,6,0,0,0,0,0,0,0,0,22,0,0,10,0,0,0,12,0,0,0,0,0,0,0,0,0,0,0,87,0,92,0,0,0,0,0,0,0,313,7,9,0,41,0,3,0,0,0,0,0,0,0,0
0,0,0,0,0,0,0,0,0,0,0,0,0,0,0,0,0,0,0,0,0,0,0,0,0,0,0,0,0,0,0,0,0,0,0,4,0,4,0,0,0,0,0,0,0,0,0,0,0,0,0,16,0,0,0,0,0,0,0,0,0,0,0,0,0,0,0,0,0,0,0,207,0,0,0,214,0,72,0,55,0,27,0,26,0,97,0,127,0,1,0,0,0,4,0,10,0,0,29,3,0,0,0,15,0,0,0,0,0,0,0,0,0,0,0,0,0,0,0,0,0,44,0,69,0,0,28,102,0,0,0,45,0,56,0,171,9,60,0,0,0,36,0,14,0,60,0,24,0,0,0,0,0,0,0,0,0,0,0,0,3,0,0,48,0,0,0,10,0,16,0,9,0,0,0,41,0,0,0,0,15,0,0,0,1,0,0,0,0,0,0,0,0,0,0,0,0,13,0,0,7,99,0,0,0,0,0,0,0,0,0,0,0,0,16,0,0,0,106,0,12,0,1,0,0
0,0,0,0,0,0,0,0,0,0,0,0,0,0,0,0,18,0,0,0,34,0,0,0,0,0,0,0,0,0,0,0,9,0,0,0,43,0,4,0,0,0,22,0,94,0,0,0,0,0,0,0,0,0,0,0,0,0,0,0,0,0,0,0,0,0,0,0,0,0,280,0,211,0,0,0,8,0,193,0,16,0,29,0,31,0,24,0,0,0,2,0,3,0,12,0,7,0,17,0,4,0,0,0,0,0,0,0,0,0,0,0,0,0,0,0,0,0,0,0,59,0,65,1,0,0,0,0,0,0,0,0,0,0,126,0,17,0,10,0,69,0,212,0,89,7,0,0,0,0,92,0,44,0,0,0,20,0,16,0,0,0,43,0,0,0,0,0,8,6,19,0,0,0,0,0,0,0,0,0,82,22,0,0,0,0,0,0,0,0,0,0,0,0,0,0,4,0,120,0,56,0,0,0,0,0,0,0,0,0,55,0,7,0,15,0,0,0,0,0,0,8,0,0,0
0,0,0,0,0,5,0,0,0,0,0,0,0,0,0,0,0,0,0,0,0,0,0,0,0,0,0,0,0,0,0,0,0,0,0,0,0,0,0,0,0,0,0,0,0,11,0,0,0,0,0,31,0,0,0,0,0,0,0,0,0,0,0,0,0,12,0,0,0,0,0,250,0,214,0,0,0,35,0,90,0,7,0,12,0,0,0,148,0,0,0,0,0,0,0,0,0,0,0,0,0,0,0,0,0,0,0,0,0,0,0,0,0,0,0,0,0,0,0,0,0,92,0,34,0,43,0,116,0,0,0,0,0,65,0,105,0,24,0,0,0,35,0,9,0,138,0,39,0,32,0,0,0,0,0,0,0,0,0,0,0,0,0,47,0,0,0,0,0,19,0,6,0,19,0,0,0,0,0,0,0,82,0,0,0,0,0,0,0,0,0,0,0,0,0,0,0,0,0,0,0,22,0,0,0,0,0,0,0,78,0,0,0,0,18,0,0,0,52,0,0,0,0,0,0
0,0,0,0,0,0,0,0,0,0,0,0,0,0,0,0,0,0,0,0,0,0,0,0,0,0,0,0,0,0,0,0,0,0,4,0,0,0,0,0,0,0,0,0,0,0,0,0,0,0,0,0,4,0,0,0,0,0,0,0,0,0,0,0,0,0,0,0,71,0,10,0,63,0,8,0,0,0,49,0,0,0,42,0,43,0,29,0,18,0,0,0,149,0,33,0,0,0,48,0,19,0,119,0,0,0,94,0,9,0,8,0,0,0,6,0,5,0,0,0,0,0,0,0,0,0,0,0,0,0,0,0,0,0,0,0,0,0,0,0,0,0,0,0,0,0,0,0,0,0,0,0,0,0,0,0,0,0,0,0,0,0,0,0,6,0,0,0,36,0,0,0,2,0,0,0,0,0,0,0,0,0,0,0,0,0,0,0,156,0,38,0,101,0,35,0,3,0,0,0,0,0,0,0,0,0,0,0,0,0,84,0,0,0,14,18,14,0,0,0,0,0,0,0,0
0,0,0,0,0,0,0,0,0,0,0,0,0,0,0,0,0,0,0,0,0,0,0,0,0,0,0,0,0,0,0,0,0,0,0,0,0,0,0,0,0,0,0,0,0,12,0,0,0,4,0,10,0,0,0,0,0,0,0,0,0,0,0,0,0,0,0,0,0,50,0,15,0,72,0,35,0,0,0,17,0,94,0,109,0,33,0,185,0,16,0,0,0,85,0,54,0,0,0,33,0,49,0,178,0,0,0,54,0,13,0,0,0,0,0,0,0,11,0,0,0,0,0,0,0,0,0,0,0,0,0,0,0,0,0,0,0,0,0,0,0,0,0,0,0,8,0,0,0,0,0,0,0,0,0,0,0,0,0,0,0,0,0,8,0,25,0,0,0,125,0,0,0,0,0,0,0,0,0,0,0,0,0,0,0,0,0,0,0,29,0,0,0,0,0,38,0,0,0,0,0,0,0,0,0,0,0,0,0,0,0,0,0,0,15,0,0,0,170,22,79,0,31,5,1
0,0,0,0,0,0,0,0,0,0,0,0,0,0,0,0,0,0,0,0,0,0,0,0,0,0,0,0,0,0,0,0,0,0,0,0,12,0,0,0,0,0,0,0,0,0,0,0,2,0,0,0,0,0,0,0,1,0,0,0,0,0,0,0,0,0,0,0,7,0,208,0,320,0,193,0,49,0,0,0,12,0,68,0,74,0,38,0,9,0,12,0,29,0,62,0,43,0,34,0,27,0,53,0,32,0,39,0,0,0,0,0,0,0,0,0,0,0,0,0,60,0,36,0,0,0,0,0,0,0,0,0,0,0,0,0,0,0,0,0,16,0,117,0,10,0,0,0,0,0,0,0,0,0,0,0,0,0,0,0,0,0,10,0,0,0,0,0,24,0,0,0,0,0,0,0,0,0,0,0,0,0,0,0,0,0,0,0,97,0,0,0,42,0,0,0,0,0,0,0,111,0,117,0,0,0,0,0,0,0,156,0,0,0,18,13,3,0,0,0,0,0,0,0,0
0,0,0,0,0,0,0,0,0,0,0,0,0,0,0,0,0,0,0,0,0,0,0,0,0,0,0,0,0,0,0,0,0,0,0,1,0,0,0,0,0,0,0,0,0,7,0,0,0,0,0,0,0,0,0,0,0,0,0,0,0,0,0,0,0,3,0,0,0,0,0,13,0,55,0,90,0,17,0,0,0,3,0,4,0,12,0,30,0,0,0,0,0,0,0,0,0,0,0,0,2,0,0,0,0,0,0,0,0,0,0,0,0,0,0,0,0,0,0,0,0,11,0,16,0,0,0,0,0,6,0,0,0,0,0,34,0,0,0,0,0,15,0,0,0,18,0,0,0,0,0,0,0,0,0,0,0,0,0,0,0,4,0,3,0,0,0,0,0,0,0,0,0,0,0,0,0,0,0,0,0,0,0,0,0,0,0,0,0,0,0,0,0,0,0,0,0,0,0,0,0,0,0,0,0,0,0,0,0,0,0,0,0,0,0,0,0,0,9,0,0,1,0,0,0
