0,80,74,45,48,0,20,114,135,0,152,0,101,0,46,0,162,44,0,0,0,0,179,64,27,226,17,0,97,2,0,0,119,0,0,0,0,0,382,14,54,0,0,0,4,0,32,0,13,0,0,0,12,0,3,10,0,0,2,0,81,0,155,12,18,0,7,0,3,0,0,0,0,0,5,0,0,0,0,0,0,0,0,0,0,0,0,0,0,0,0,0,0,0,0,0,0,0,0,0,0,0,0,0,0,0,0,0,0,0,0,0,0,0,0,0,0,0,0,0,0,0,0,0,13,0,6,0,0,0,27,0,0,0,0,0,6,0,0,0,0,0,0,0,0,0,24,0,34,0,8,0,2,0,0,0,0,0,0,0,18,0,4,0,0,0,0,0,44,0,91,0,670,0,0,0,157,262,28,0,0,0,77,0,18,0,0,0,0,0,0,0,0,0,0,0,0,0,0,0,0,0,0,0,0,0,0,0,4,0,774,250,423,179,311,0,0,0,0,4,9,0,0,0,0
80,0,94,56,0,174,34,68,19,84,15,368,0,142,0,55,112,39,0,52,9,0,177,27,150,20,0,97,0,139,0,14,0,196,0,0,0,223,0,449,0,34,0,0,0,0,0,94,0,13,0,0,0,7,0,19,0,9,0,0,0,146,0,110,0,35,0,17,0,0,0,0,0,0,0,0,0,0,0,0,0,0,0,0,0,0,0,0,0,0,0,0,0,0,0,0,0,1,0,0,0,0,0,0,0,0,0,0,0,0,0,0,0,0,0,0,0,0,0,2,0,0,0,0,0,15,0,6,0,0,0,32,0,0,0,0,0,4,0,0,0,0,0,4,0,0,0,7,0,26,0,22,0,15,0,6,0,0,0,0,0,8,0,0,0,0,0,43,0,83,0,120,0,318,0,0,19,575,0,18,0,0,0,52,0,83,0,0,0,0,0,0,0,0,0,0,0,0,0,0,0,0,0,0,0,0,0,0,0,11,2,0,0,0,371,0,0,0,768,115,459,146,3,54,0
74,94,0,0,359,0,103,0,8,0,46,41,92,0,181,115,168,50,16,0,37,0,867,104,133,106,0,0,212,0,71,0,327,0,0,0,82,0,376,0,0,0,0,0,9,0,52,0,0,0,7,0,0,0,46,0,8,0,6,0,72,0,170,0,0,0,0,1,3,0,7,0,0,0,0,0,0,0,0,0,0,0,0,0,0,0,0,0,0,0,0,0,0,0,0,0,0,0,0,0,0,0,0,0,0,0,0,0,0,0,0,0,0,0,0,0,0,0,0,0,4,0,0,0,31,0,7,0,0,0,40,0,0,0,48,0,60,0,0,0,0,0,0,0,0,0,24,0,68,0,21,0,0,0,0,0,0,0,2,2,16,0,0,0,0,0,0,0,34,0,28,0,319,0,0,0,113,218,7,0,8,0,7,0,19,0,0,0,0,0,0,0,0,0,0,0,0,0,0,0,0,0,0,0,0,0,6,0,0,0,476,77,277,0,242,0,19,0,0,2,0,0,0,0,0
45,56,0,0,0,173,0,74,0,4,0,16,2,24,0,295,41,32,0,108,7,66,84,88,0,80,0,38,2,264,0,30,0,244,0,0,0,87,0,278,0,0,0,0,0,0,0,0,0,0,0,0,0,9,0,62,0,15,0,0,0,29,0,5,0,8,0,0,0,0,0,0,0,0,0,0,0,0,0,0,0,0,0,0,0,0,0,0,0,0,0,11,0,0,0,0,0,0,0,0,0,0,0,0,0,0,0,0,0,0,0,0,0,0,0,0,0,0,0,0,0,0,0,0,0,0,0,0,0,0,0,40,0,18,0,0,0,88,0,13,0,11,0,0,0,0,0,5,0,10,0,16,0,0,0,8,0,0,0,4,0,9,0,1,0,0,0,36,0,47,0,38,0,140,0,3,0,112,0,13,0,0,0,0,0,9,0,0,0,0,0,0,0,0,0,0,0,2,0,0,0,0,0,0,0,0,0,0,0,35,0,0,0,0,127,0,0,0,215,19,272,0,0,13,0
48,0,359,0,0,145,37,0,0,0,77,67,410,78,445,219,38,0,97,145,154,45,203,46,0,0,37,0,107,0,117,0,422,0,43,0,306,0,54,0,222,0,0,0,0,0,163,0,18,0,91,0,0,0,12,0,0,0,0,0,0,0,0,0,4,0,0,0,0,0,0,0,0,0,0,0,0,0,0,0,0,0,0,0,0,0,0,0,0,0,0,0,0,0,0,0,0,0,0,0,0,0,0,0,0,0,0,0,0,0,0,0,0,0,0,0,0,0,0,0,0,0,0,0,0,0,0,0,0,0,19,1,0,0,12,0,30,0,0,0,8,0,0,0,0,0,0,0,40,1,9,0,0,0,0,0,0,0,0,0,10,0,0,0,25,0,206,0,84,0,10,0,193,0,0,0,109,230,123,0,8,0,27,0,25,0,0,0,0,0,0,0,0,0,0,0,0,0,0,0,0,0,0,0,0,0,0,0,0,0,549,194,505,0,229,0,0,0,0,0,0,0,0,0,0
0,174,0,173,145,0,0,69,0,38,81,197,111,225,428,214,0,0,94,213,190,238,61,44,0,14,0,321,0,75,0,216,10,527,0,146,0,373,0,30,0,47,1,0,0,21,0,202,0,0,0,66,0,0,0,0,0,0,0,0,0,0,0,0,0,37,0,2,0,0,0,0,0,0,0,0,0,0,0,0,0,0,0,0,0,0,0,0,0,0,0,0,0,0,0,0,0,0,0,0,0,0,0,0,0,0,0,0,0,0,0,0,0,0,0,0,0,0,0,0,0,0,0,0,0,0,0,0,0,0,0,0,0,0,0,0,2,31,0,0,0,0,0,0,0,0,0,0,0,16,0,23,0,0,0,0,0,0,0,0,0,0,0,0,0,0,0,285,0,86,0,29,0,121,0,0,5,404,24,76,0,19,0,3,0,46,10,4,0,0,0,0,0,0,0,0,0,0,0,0,0,0,0,0,0,0,0,0,0,24,0,0,0,0,189,0,0,0,528,115,558,0,0,0,0
20,34,103,0,37,0,0,0,39,132,10,1,16,0,18,0,36,22,0,0,0,0,33,0,235,99,0,0,0,0,2,0,11,0,0,0,0,0,0,0,0,0,0,0,0,0,0,0,31,0,0,0,152,55,219,183,6,0,20,35,165,0,309,39,4,0,8,0,3,0,0,0,0,0,0,0,0,0,0,0,0,0,0,0,0,0,0,0,0,0,0,0,0,0,0,0,0,0,0,1,0,0,0,0,0,0,0,0,0,0,0,0,0,0,0,0,0,0,0,0,0,0,0,0,8,0,0,0,0,0,26,0,0,0,0,0,0,0,0,0,0,0,0,0,0,0,0,0,2,0,8,0,0,0,0,0,6,0,1,0,10,0,0,0,0,0,0,0,19,0,210,0,147,0,0,0,15,176,0,0,0,0,3,0,30,5,0,0,0,0,0,0,0,0,0,0,0,0,0,0,0,0,0,0,0,0,0,0,2,0,808,68,381,461,578,0,144,0,0,0,0,0,0,0,0
114,68,0,74,0,69,0,0,140,31,0,38,0,28,1,56,74,60,0,11,1,37,0,14,202,313,0,0,0,164,0,0,0,0,0,0,0,0,0,314,0,12,0,0,0,0,0,0,0,6,0,25,25,46,10,346,0,37,0,21,6,245,67,313,0,21,0,19,0,0,0,0,0,0,0,0,0,0,0,0,0,0,0,0,0,0,0,0,0,0,1,0,0,0,0,0,0,0,0,0,0,0,0,0,0,0,0,0,0,0,0,0,0,0,0,0,0,0,0,0,0,0,0,0,0,21,0,0,0,7,0,92,0,13,0,41,0,59,0,0,0,0,0,0,0,0,0,0,0,35,0,23,0,9,0,4,0,6,0,3,0,39,0,10,0,8,0,0,0,59,0,184,0,259,0,0,0,186,0,0,0,0,0,12,0,14,0,0,0,0,0,0,0,0,0,0,0,0,0,0,0,0,0,0,0,0,0,0,0,34,4,0,0,0,616,0,0,0,653,67,465,282,0,151,2
135,19,8,0,0,0,39,140,0,167,54,0,17,0,24,0,0,0,0,0,4,0,0,0,0,83,0,0,0,0,0,0,0,0,0,0,4,0,0,0,17,0,0,0,0,0,25,0,22,0,0,0,88,90,60,364,13,0,47,112,138,0,83,41,104,0,135,58,0,0,0,0,0,0,0,0,0,0,0,0,0,0,0,0,0,0,0,0,0,0,0,0,0,0,0,0,0,0,0,0,0,0,0,0,0,0,0,0,0,0,0,0,0,0,0,0,0,0,0,0,0,0,0,0,20,0,7,0,0,1,35,0,0,0,0,0,1,0,0,0,0,0,0,0,0,0,29,0,75,0,14,0,8,0,6,0,20,0,0,0,29,0,0,0,5,0,0,0,11,0,103,4,38,4,0,0,74,236,12,0,0,0,146,0,276,17,0,0,0,0,0,0,0,0,0,0,0,0,0,0,0,0,2,0,0,0,0,0,1,0,541,83,162,225,257,0,64,1,11,0,0,0,0,0,0
0,84,0,4,0,38,132,31,167,0,0,52,0,12,0,23,0,7,0,21,0,0,0,0,126,14,0,0,0,4,0,0,0,0,0,0,0,0,0,24,0,0,0,0,0,0,0,14,0,2,0,0,67,135,116,87,0,31,14,67,0,236,62,241,0,131,3,97,0,0,0,0,0,0,0,0,0,0,0,0,0,0,0,0,0,0,0,1,0,0,0,0,0,0,0,0,0,0,0,0,0,0,0,0,0,0,0,0,0,0,0,0,0,0,0,0,0,0,0,0,0,0,0,0,0,15,0,0,0,0,0,29,0,0,0,2,0,7,0,0,0,0,0,0,0,0,0,0,0,27,0,15,0,8,0,9,0,31,0,0,0,15,0,0,0,0,0,18,0,29,0,176,1,82,0,0,1,346,0,3,0,0,0,48,5,119,0,0,0,0,0,0,0,0,0,0,0,1,0,0,0,0,0,0,0,0,0,5,0,12,3,0,2,0,328,0,0,0,506,160,215,182,0,135,0
152,15,46,0,77,81,10,0,54,0,0,0,257,0,101,188,36,16,9,24,48,0,94,35,0,0,0,0,31,0,73,0,396,11,0,0,180,0,32,0,83,0,1,0,0,0,90,0,16,0,7,0,0,0,0,0,0,0,0,0,0,0,0,0,0,0,0,0,0,0,6,0,0,0,0,0,0,0,0,0,0,0,0,0,0,0,0,0,0,0,0,0,0,0,0,0,0,0,0,0,0,0,0,0,0,0,0,0,0,0,0,0,0,0,0,0,0,0,0,0,0,0,0,0,0,0,0,0,0,0,16,0,0,0,0,0,0,0,0,0,0,0,0,0,0,0,0,0,18,0,0,0,4,0,0,0,1,0,0,0,0,0,0,0,0,0,117,0,28,0,0,0,162,0,0,0,88,143,127,0,7,0,43,0,22,0,19,0,0,0,0,0,0,0,0,0,1,0,0,0,0,0,0,0,0,0,0,0,0,0,379,178,231,0,136,0,0,0,0,0,0,0,0,0,0
0,368,41,16,67,197,1,38,0,52,0,0,0,325,130,16,15,9,25,18,73,98,61,34,0,6,0,122,0,0,0,99,0,347,0,103,0,230,0,0,0,129,0,0,0,9,0,187,0,38,0,0,0,0,0,0,0,0,0,0,0,0,0,0,0,37,0,0,0,0,0,0,0,0,0,0,0,0,0,0,0,0,0,0,0,0,0,0,0,0,0,0,0,0,0,0,0,0,0,0,0,0,0,0,0,0,0,0,0,0,0,0,0,0,0,0,0,0,0,0,0,0,0,0,0,0,0,0,0,0,0,0,0,0,0,0,0,4,0,0,0,0,0,0,0,0,0,0,0,15,0,22,0,18,0,0,0,0,0,0,0,0,0,0,0,0,4,151,0,58,0,39,0,71,0,34,0,372,5,58,0,78,0,15,0,86,0,36,0,0,0,0,0,0,0,0,0,0,0,0,0,0,0,0,0,0,0,0,0,0,0,0,0,0,140,0,0,0,406,117,339,0,0,0,0
101,0,92,2,410,111,16,0,17,0,257,0,0,298,60,62,0,0,205,319,97,69,10,0,0,0,114,317,0,0,10,0,0,0,118,28,40,0,0,0,221,19,26,32,16,18,112,115,50,4,244,0,0,0,0,0,0,0,0,0,0,0,0,0,0,0,0,0,0,0,0,0,0,0,0,0,0,0,0,0,0,0,0,0,0,0,0,0,0,0,0,0,0,0,0,0,0,0,0,0,0,0,0,0,0,0,0,0,0,0,0,0,0,0,0,0,0,0,0,0,0,0,0,0,0,0,3,0,0,0,0,0,0,0,0,0,0,0,0,0,0,0,0,0,0,0,0,0,19,0,4,0,0,0,0,0,0,0,0,0,10,0,0,0,0,0,20,0,0,0,0,0,0,0,3,0,39,173,79,0,19,0,28,0,16,0,214,0,0,0,0,0,0,0,0,0,0,0,0,0,0,0,0,0,0,0,0,0,3,0,53,86,253,28,24,0,0,4,0,0,0,0,0,0,0
0,142,0,24,78,225,0,28,0,12,0,325,298,0,138,0,0,0,275,155,156,183,0,0,0,0,270,179,0,0,0,41,0,0,0,362,0,44,0,0,63,124,0,196,0,48,52,245,4,70,100,401,0,0,0,0,0,0,0,0,0,0,0,0,0,18,0,0,0,0,0,0,0,0,0,0,0,0,0,0,0,0,0,0,0,0,0,0,0,0,0,0,0,0,0,0,0,0,0,0,0,0,0,0,0,0,0,0,0,0,0,0,0,0,0,0,0,0,0,0,0,0,0,0,0,0,0,0,0,0,0,0,0,0,0,0,0,0,0,0,0,0,0,0,0,0,0,0,0,0,0,0,0,0,0,0,0,0,0,0,0,0,0,0,0,36,0,56,0,57,0,0,0,0,0,0,0,416,0,45,0,52,0,0,0,27,10,79,0,0,0,0,0,0,0,0,0,0,0,0,0,0,0,0,0,0,0,0,0,0,0,0,0,0,25,0,0,0,0,191,323,26,1,0,0
46,0,181,0,445,428,18,1,24,0,101,130,60,138,0,618,84,5,277,245,217,91,389,82,36,0,188,34,0,0,24,0,23,37,24,0,103,43,0,0,35,0,0,0,16,0,79,0,10,0,39,0,0,0,0,0,0,0,5,0,0,0,16,0,0,0,0,0,0,0,0,0,0,0,10,0,0,0,0,0,8,0,0,0,30,0,0,0,0,0,0,0,0,0,0,0,77,0,0,0,0,0,0,0,0,0,0,0,0,0,0,0,0,0,0,0,0,0,0,0,0,0,0,0,0,0,0,0,0,0,0,0,0,0,49,0,130,0,0,0,20,0,0,0,7,0,18,0,66,0,0,0,20,0,0,0,0,0,0,0,0,0,0,0,13,0,42,0,19,0,0,0,25,0,2,0,73,385,105,0,0,0,39,0,28,0,0,0,0,0,0,0,1,0,0,0,1,0,0,0,83,0,0,0,0,0,0,0,8,0,104,126,65,0,47,0,0,0,0,13,30,0,0,0,0
0,55,115,295,219,214,0,56,0,23,188,16,62,0,618,0,66,85,41,228,233,277,294,166,0,84,5,77,0,30,19,49,48,103,11,29,15,62,0,19,0,0,0,0,0,0,0,0,0,0,0,9,0,0,0,41,0,0,0,0,0,0,2,33,0,23,0,0,0,0,0,0,0,0,0,0,0,0,0,0,0,72,0,0,0,180,0,39,0,2,0,105,0,0,0,0,0,171,0,234,0,118,0,0,0,0,0,0,0,0,0,0,0,0,0,0,0,0,0,0,0,15,0,0,0,0,0,0,0,0,0,0,0,0,0,179,0,183,0,37,0,44,0,49,0,0,0,0,0,16,0,26,0,0,0,0,0,0,0,0,0,6,0,0,0,6,0,60,0,27,0,0,0,19,0,4,0,317,36,22,0,0,0,6,0,30,0,0,0,0,0,0,0,0,0,0,0,0,0,0,0,0,0,0,0,0,0,0,0,80,0,0,24,0,38,0,0,0,192,127,96,0,0,0,0
162,112,168,41,38,0,36,74,0,0,36,15,0,0,84,66,0,36,96,0,467,0,117,96,84,126,123,0,186,0,99,0,194,0,38,0,20,0,200,11,0,0,18,0,45,0,0,0,12,0,19,0,166,0,9,7,7,0,0,0,18,2,392,6,0,0,0,0,0,0,57,0,0,0,76,2,0,0,0,0,118,0,0,0,298,0,46,0,0,0,552,0,0,0,0,0,877,0,432,0,39,0,0,0,0,0,306,0,0,0,0,0,0,0,0,0,0,0,0,0,74,0,99,0,0,0,0,0,0,0,0,0,0,0,0,0,287,0,84,0,139,0,472,0,44,0,0,0,0,0,4,0,0,0,31,0,0,0,0,0,0,1,0,0,0,0,9,2,22,5,9,0,89,6,0,0,17,101,0,0,0,0,20,0,0,0,0,0,0,0,0,0,0,0,0,0,0,0,0,0,237,0,0,0,0,0,0,0,0,0,84,348,91,42,32,0,5,0,6,3,9,0,0,0,0
44,39,50,32,0,0,22,60,0,7,16,9,0,0,5,85,36,0,0,36,0,200,66,138,28,100,0,0,0,152,0,12,0,61,0,0,0,13,0,155,0,0,0,6,0,0,0,0,0,0,0,0,1,128,0,50,0,23,0,0,0,17,9,161,0,0,0,0,0,0,0,1,0,0,0,0,0,0,0,0,0,51,0,25,0,203,0,0,0,0,0,49,0,0,0,0,0,121,0,156,0,77,0,0,0,0,0,0,0,0,0,0,0,0,0,0,0,0,0,0,0,12,0,6,0,0,0,0,0,0,0,0,0,11,0,131,0,89,0,69,0,86,0,48,3,0,0,0,0,0,0,1,0,0,0,30,0,0,0,16,6,0,0,0,0,0,0,0,0,0,0,7,0,10,0,0,0,58,0,0,0,0,4,5,0,2,0,0,0,0,0,0,0,0,0,0,0,0,0,0,0,0,0,0,0,0,0,0,0,0,0,0,0,0,0,0,0,0,26,13,17,0,0,0,0
0,0,16,0,97,94,0,0,0,0,9,25,205,275,277,41,96,0,0,263,169,50,184,0,16,0,149,193,14,0,16,0,0,0,72,27,82,0,1,0,32,10,10,18,20,0,97,28,0,0,154,0,0,0,0,0,0,0,1,0,0,0,29,0,0,0,0,0,0,0,0,0,0,0,14,0,0,0,0,0,0,0,0,0,0,0,0,0,0,0,0,0,0,0,0,0,0,0,0,0,0,0,0,0,0,0,0,0,0,0,0,0,0,0,0,0,0,0,0,0,0,0,0,0,0,0,0,0,0,0,0,0,0,0,0,0,0,0,15,0,0,0,0,0,23,0,0,0,12,0,0,0,0,0,0,0,0,0,0,0,0,0,0,0,0,0,0,0,29,0,0,0,38,0,0,0,35,73,37,0,6,0,0,0,0,0,107,3,0,0,0,0,0,0,0,0,0,0,0,0,40,0,0,0,0,0,0,0,5,0,29,42,103,0,0,0,0,0,0,0,0,0,0,0,0
0,52,0,108,145,213,0,11,0,21,24,18,319,155,245,228,0,36,263,0,216,275,0,53,0,29,106,411,0,0,0,77,0,8,46,238,14,52,0,0,25,0,0,55,0,42,25,79,0,0,66,159,0,0,0,0,0,0,0,0,0,0,0,22,0,11,0,0,0,0,0,0,0,0,0,4,0,0,0,0,0,39,0,0,0,0,0,22,0,0,0,0,0,0,0,0,0,0,0,0,0,0,0,0,0,0,0,0,0,0,0,0,0,0,0,0,0,0,0,0,0,0,0,0,0,0,0,0,0,0,0,0,0,0,0,0,0,0,0,11,0,0,0,0,0,0,0,0,0,10,0,0,0,0,0,0,0,0,0,3,0,0,0,0,0,23,0,49,0,29,0,0,0,0,0,0,0,117,10,1,0,0,0,5,0,0,12,5,0,0,0,0,0,0,0,0,0,0,0,0,0,0,0,0,0,0,0,0,0,0,0,0,0,0,29,0,0,0,95,110,138,0,1,0,0
0,9,37,7,154,190,0,1,4,0,48,73,97,156,217,233,467,0,169,216,0,52,229,26,23,0,256,68,39,0,138,0,70,19,128,0,61,0,9,0,0,6,8,8,55,0,0,0,5,0,66,0,13,0,0,0,0,1,10,0,7,0,158,0,0,0,2,0,0,0,89,0,0,0,104,0,0,0,0,0,83,0,0,0,80,0,35,0,0,0,246,0,0,0,0,0,0,0,458,0,0,0,0,0,0,0,0,0,0,0,0,0,0,0,0,0,0,0,0,0,71,0,30,0,0,0,0,0,0,0,0,0,0,0,0,0,0,0,29,0,53,0,95,0,95,0,0,0,0,0,0,0,0,0,0,0,0,0,6,0,0,0,14,0,17,3,39,0,48,0,5,0,63,0,0,0,29,75,64,0,0,0,7,0,0,0,57,0,0,0,0,0,0,0,0,0,0,0,0,0,0,0,0,0,0,0,0,0,0,0,258,261,221,72,95,0,0,1,0,0,19,0,0,0,0
0,0,0,66,45,238,0,37,0,0,0,98,69,183,91,277,0,200,50,275,52,0,5,275,0,37,29,225,0,64,0,69,0,123,0,173,0,114,0,20,0,0,0,56,0,63,0,14,0,0,10,89,0,20,0,32,0,12,0,0,0,12,0,141,0,0,0,0,0,0,0,0,0,0,0,25,0,0,0,0,0,239,0,0,0,360,0,106,0,0,0,0,0,0,0,0,0,0,0,326,0,0,0,0,0,0,0,0,0,0,0,0,0,0,0,0,0,0,0,0,0,127,0,18,0,0,0,0,0,0,0,0,0,0,0,168,0,83,0,172,0,209,0,253,0,118,0,0,0,0,0,4,0,0,0,37,0,0,0,43,0,0,0,0,0,18,0,112,0,49,0,20,0,32,0,0,1,78,0,2,0,0,0,0,0,0,0,5,0,0,0,0,0,0,0,0,0,0,0,0,0,0,0,0,0,0,0,0,0,0,0,0,0,0,57,0,0,0,194,181,208,0,0,0,0
179,177,867,84,203,61,33,0,0,0,94,61,10,0,389,294,117,66,184,0,229,5,0,255,124,187,124,0,75,5,31,0,42,0,17,0,7,0,0,18,6,0,0,0,27,0,25,0,11,0,0,0,9,0,52,0,0,0,0,0,5,0,36,2,0,0,0,0,0,0,0,0,0,0,0,0,0,0,0,0,0,0,0,0,82,0,0,0,0,0,0,0,0,0,0,0,230,0,0,0,0,0,0,0,0,0,0,0,0,0,0,0,0,0,0,0,0,0,0,0,0,0,0,0,0,0,0,0,0,0,0,0,0,0,74,0,264,0,0,0,43,0,213,0,10,0,0,0,59,3,0,0,17,0,0,0,0,0,0,0,0,0,0,0,0,0,13,0,0,0,4,0,40,0,0,0,121,236,55,0,0,0,15,0,0,0,0,0,0,0,0,0,0,0,0,0,0,0,0,0,193,0,0,0,0,0,0,0,0,0,63,263,39,0,34,0,0,1,0,0,24,2,0,0,0
64,27,104,88,46,44,0,14,0,0,35,34,0,0,82,166,96,138,0,53,26,275,255,0,31,81,0,17,0,78,0,42,0,56,0,39,9,38,0,38,1,0,0,0,0,0,0,0,0,0,0,10,1,27,0,13,0,0,0,0,0,0,0,27,0,0,0,0,0,0,0,0,0,0,0,0,0,0,0,0,0,44,0,0,0,155,0,0,0,0,0,55,0,1,0,0,0,100,0,147,0,71,0,0,0,0,2,70,0,0,0,0,0,0,0,0,0,0,0,0,0,19,0,0,0,0,0,0,0,0,0,0,0,0,0,75,0,80,0,31,0,0,0,35,0,4,0,0,0,0,0,0,0,0,0,6,0,0,0,0,0,0,0,0,0,5,0,40,0,14,0,13,0,24,0,0,12,146,0,3,0,0,7,0,0,2,0,0,0,0,0,0,0,0,0,0,0,0,0,0,0,65,0,0,0,0,0,0,0,31,0,1,0,0,46,0,0,0,165,138,117,0,0,0,1
27,150,133,0,0,0,235,202,0,126,0,0,0,0,36,0,84,28,16,0,23,0,124,31,0,240,0,0,13,0,0,0,0,0,0,0,0,0,15,0,0,0,0,0,0,0,7,0,18,0,5,0,113,37,191,156,42,0,7,0,74,0,303,53,0,0,0,0,0,0,0,0,0,0,0,0,0,0,0,0,0,0,0,0,19,0,0,0,0,0,0,0,0,0,0,0,57,0,0,0,0,0,0,0,0,0,0,0,0,0,0,0,0,0,0,0,0,0,0,0,0,0,0,0,38,0,4,0,132,0,30,0,19,0,87,0,321,0,0,0,46,11,223,0,0,0,20,0,35,0,24,0,13,0,48,0,0,0,17,0,19,0,0,0,0,0,0,0,10,0,72,0,77,0,0,0,4,151,1,0,7,0,0,0,0,0,0,0,0,0,0,0,0,0,0,0,0,0,18,0,131,0,0,0,6,0,0,0,17,0,212,38,126,136,120,0,31,0,0,0,0,9,0,0,0
226,20,106,80,0,14,99,313,83,14,0,6,0,0,0,84,126,100,0,29,0,37,187,81,240,0,0,0,0,103,0,5,0,20,0,0,0,0,0,79,0,0,0,0,0,0,0,0,0,1,1,0,11,51,0,248,0,40,0,11,0,32,46,150,0,13,0,2,0,0,0,0,0,0,0,0,0,0,0,0,0,0,0,0,0,0,0,0,0,0,0,43,0,0,0,0,0,57,0,63,0,0,0,0,0,0,0,0,0,0,0,0,0,0,0,0,0,0,0,0,0,0,0,0,0,17,0,0,0,44,0,25,1,0,0,247,0,408,0,71,0,33,0,35,0,0,0,8,0,9,0,17,0,5,0,13,0,2,0,7,0,5,0,0,0,1,0,0,0,0,0,11,0,14,0,0,8,188,0,1,0,0,0,16,0,8,0,0,0,0,0,0,0,0,0,0,0,3,0,49,0,194,0,0,0,0,0,46,4,115,2,0,2,0,47,0,0,0,29,8,52,0,0,0,0
17,0,0,0,37,0,0,0,0,0,0,0,114,270,188,5,123,0,149,106,256,29,124,0,0,0,0,393,14,0,9,0,16,0,35,0,38,0,0,0,65,87,150,31,354,68,283,241,65,2,271,32,0,0,0,0,0,0,0,0,0,0,0,0,0,0,0,0,0,0,0,0,0,0,0,0,0,0,0,0,0,1,0,0,0,0,0,0,0,0,0,0,0,0,0,0,0,0,0,0,0,0,0,0,0,0,0,0,0,0,0,0,0,0,0,0,0,0,0,0,0,0,0,0,0,0,0,0,0,0,0,0,0,0,0,0,0,0,0,0,47,0,0,0,0,0,0,0,15,0,0,0,6,0,0,0,0,0,0,0,0,0,0,0,92,0,0,0,0,0,0,0,0,0,0,0,0,60,0,0,0,0,5,0,0,0,51,15,0,0,0,0,0,0,0,0,0,0,0,0,0,0,0,0,0,0,0,0,0,0,0,176,311,15,0,0,0,9,0,0,0,0,0,0,0
0,97,0,38,0,321,0,0,0,0,0,122,317,179,34,77,0,0,193,411,68,225,0,17,0,0,393,0,0,0,0,23,0,0,20,187,0,21,0,0,226,62,117,278,0,289,187,411,5,42,123,453,0,0,0,0,0,0,0,0,0,0,0,0,0,0,0,0,0,0,0,0,0,0,0,0,0,0,0,0,0,0,0,0,0,0,0,0,0,0,0,0,0,0,0,0,0,0,0,0,0,0,0,0,0,0,0,0,0,0,0,0,0,0,0,0,0,0,0,0,0,0,0,0,0,0,0,0,0,0,0,0,0,0,0,0,0,0,0,4,0,0,0,0,0,0,0,0,0,10,0,0,0,0,0,0,0,0,0,0,0,0,0,0,0,121,0,20,0,100,0,0,0,0,0,0,0,185,4,0,0,0,0,0,0,0,31,54,0,0,0,0,0,0,0,0,0,0,0,0,0,0,0,0,0,0,0,0,0,11,0,0,0,0,0,0,0,0,0,338,377,15,0,0,0
97,0,212,2,107,0,0,0,0,0,31,0,0,0,0,0,186,0,14,0,39,0,75,0,13,0,14,0,0,0,22,0,23,0,12,0,12,0,17,0,0,0,7,0,5,0,0,0,0,0,6,0,0,0,0,0,0,0,0,0,1,0,7,0,0,0,0,0,0,0,9,0,1,0,20,0,0,0,0,0,25,0,0,0,13,0,7,0,0,0,39,0,0,0,0,0,68,0,0,0,0,0,0,0,0,0,0,0,0,0,0,0,0,0,0,0,0,0,0,0,18,0,0,0,0,0,0,0,0,0,0,0,0,0,0,0,15,0,11,0,18,0,0,0,24,0,0,0,0,0,0,0,0,0,2,0,0,0,0,0,0,0,0,0,0,0,0,0,0,0,0,0,0,0,0,0,0,0,0,0,0,0,0,0,1,0,0,0,0,0,0,0,0,0,0,0,0,0,0,0,0,0,0,0,0,0,0,0,0,0,3,26,0,0,0,0,0,0,0,0,0,0,0,0,0
2,139,0,264,0,75,0,164,0,4,0,0,0,0,0,30,0,152,0,0,0,64,5,78,0,103,0,0,0,0,0,28,0,101,0,23,0,9,0,55,0,0,0,3,0,0,0,0,0,0,0,6,0,13,0,11,0,9,0,0,0,0,0,37,0,0,0,0,0,0,0,0,0,0,0,0,0,0,0,0,0,63,0,0,0,138,0,0,0,0,0,23,0,0,0,0,0,0,0,87,0,0,0,0,0,0,0,0,0,0,0,0,0,0,0,0,0,0,0,0,0,17,0,0,0,0,0,0,0,0,0,0,0,0,0,0,0,0,0,53,0,70,0,72,0,0,0,0,0,0,0,0,0,0,0,26,0,0,0,20,0,0,0,0,0,0,0,0,0,0,0,0,0,0,0,0,0,11,0,7,0,0,0,0,0,0,0,0,0,0,0,0,0,0,0,0,0,0,0,0,0,14,0,0,0,0,0,0,0,9,0,0,0,0,0,0,0,0,0,0,0,0,0,0,0
0,0,71,0,117,0,2,0,0,0,73,0,10,0,24,19,99,0,16,0,138,0,31,0,0,0,9,0,22,0,0,0,53,0,7,0,80,0,15,0,0,0,14,1,4,0,4,0,0,0,16,0,0,0,0,0,0,0,1,0,0,0,20,0,1,0,0,0,0,0,33,0,0,0,34,0,0,0,0,0,0,0,0,0,0,0,0,0,0,0,46,0,0,0,0,0,0,0,141,0,0,0,0,0,0,0,0,0,0,0,0,0,0,0,0,0,0,0,0,0,19,0,0,0,0,0,0,0,0,0,0,0,0,0,0,0,0,0,16,0,0,0,0,0,35,0,0,0,2,0,0,0,0,0,4,0,0,0,0,0,0,0,0,0,0,0,18,0,0,0,0,0,16,0,0,0,6,0,35,0,0,0,0,0,0,0,0,0,0,0,0,0,0,0,0,0,0,0,0,0,0,0,0,0,0,0,0,0,0,0,82,79,101,30,33,0,0,0,1,0,0,0,0,0,0
0,14,0,30,0,216,0,0,0,0,0,99,0,41,0,49,0,12,0,77,0,69,0,42,0,5,0,23,0,28,0,0,0,9,0,17,0,18,0,32,0,0,0,11,0,6,0,0,0,0,0,21,0,6,0,9,0,0,0,0,0,0,0,18,0,0,0,0,0,0,0,0,0,0,0,0,0,0,0,0,0,0,0,0,0,48,0,0,0,0,0,0,0,0,0,0,0,0,0,0,0,0,0,0,0,0,0,0,0,0,0,0,0,0,0,0,0,0,0,0,0,0,0,0,0,0,0,0,0,0,0,0,0,0,0,0,0,0,0,19,0,0,0,32,0,37,0,0,0,0,0,0,0,0,0,10,0,0,0,0,0,0,0,0,0,1,0,28,0,0,0,0,0,0,0,0,0,0,0,0,0,0,0,1,0,0,0,0,0,0,0,0,0,0,0,0,0,0,0,0,0,0,0,0,0,0,0,0,0,0,0,0,0,0,9,0,0,0,0,15,31,0,0,0,0
119,0,327,0,422,10,11,0,0,0,396,0,0,0,23,48,194,0,0,0,70,0,42,0,0,0,16,0,23,0,53,0,0,0,33,0,237,0,14,0,0,0,38,0,0,0,0,0,0,0,22,0,0,0,0,0,0,0,0,0,4,0,30,0,0,0,0,0,0,0,5,0,0,0,9,0,0,0,0,0,0,0,0,0,0,0,0,0,0,0,0,0,0,0,0,0,0,0,0,0,0,0,0,0,0,0,0,0,0,0,0,0,0,0,0,0,0,0,0,0,0,0,0,0,0,0,0,0,0,0,0,0,0,0,0,0,6,0,7,0,9,0,0,0,0,0,0,0,0,0,0,0,0,0,0,0,0,0,4,0,0,0,1,0,0,0,26,0,7,0,0,0,14,0,0,0,48,0,111,0,0,0,0,0,5,0,2,0,0,0,0,0,0,0,0,0,0,0,0,0,0,0,0,0,0,0,0,0,1,0,67,296,54,0,33,0,2,0,0,0,0,0,0,0,0
0,196,0,244,0,527,0,0,0,0,11,347,0,0,37,103,0,61,0,8,19,123,0,56,0,20,0,0,0,101,0,9,0,0,0,22,0,139,0,12,0,0,0,3,0,1,0,0,0,0,0,21,0,3,0,2,0,4,0,0,0,18,0,15,0,10,0,0,0,0,0,0,0,0,0,0,0,0,0,0,0,0,0,0,0,0,0,0,0,0,0,0,0,0,0,0,0,0,0,0,0,0,0,0,0,0,0,0,0,0,0,0,0,0,0,0,0,0,0,0,0,0,0,0,0,0,0,0,0,0,0,0,0,0,0,0,0,0,0,15,0,9,0,0,0,19,0,0,0,0,0,0,0,0,0,9,0,8,0,0,0,0,0,0,0,0,0,78,0,0,0,0,0,5,0,0,0,123,0,37,0,0,0,0,0,0,0,0,0,0,0,0,0,0,0,0,0,0,0,0,0,0,0,0,0,0,0,0,0,0,0,0,0,0,0,0,0,0,0,57,12,0,0,0,0
0,0,0,0,43,0,0,0,0,0,0,0,118,0,24,11,38,0,72,46,128,0,17,0,0,0,35,20,12,0,7,0,33,0,0,0,154,0,0,0,2,0,7,0,22,0,0,0,5,0,95,0,0,0,0,0,0,0,4,0,0,0,15,0,0,0,2,0,0,0,42,0,0,0,33,0,0,0,0,0,36,0,0,0,20,0,14,0,0,0,0,0,0,0,0,0,0,0,0,0,0,0,0,0,0,0,0,0,0,0,0,0,0,0,0,0,0,0,0,0,0,0,0,0,0,0,0,0,0,0,0,0,0,0,0,0,0,0,4,0,29,0,0,0,49,0,0,0,0,0,0,0,0,0,0,0,0,0,0,0,0,0,0,0,41,0,37,0,53,0,0,0,33,0,0,0,0,9,19,0,0,0,0,0,0,0,51,0,0,0,0,0,0,0,0,0,0,0,0,0,0,0,0,0,0,0,0,0,0,0,74,113,228,20,22,0,0,1,0,0,0,0,0,0,0
0,0,0,0,0,146,0,0,0,0,0,103,28,362,0,29,0,0,27,238,0,173,0,39,0,0,0,187,0,23,0,17,0,22,0,0,0,182,0,6,0,0,0,28,0,16,0,0,0,0,0,76,0,2,0,4,0,0,0,0,0,5,0,10,0,0,0,0,0,0,0,0,0,0,0,0,0,0,0,0,0,0,0,0,0,0,0,0,0,0,0,0,0,0,0,0,0,5,0,0,0,0,0,0,0,0,0,0,0,0,0,0,0,0,0,0,0,0,0,0,0,0,0,0,0,0,0,0,0,0,0,0,0,0,0,0,0,0,0,23,0,28,0,0,0,0,0,0,0,0,0,0,0,0,0,5,0,0,0,5,0,1,0,0,0,13,0,72,0,0,0,4,0,0,0,0,0,58,0,0,0,0,0,0,0,0,0,32,0,0,0,0,0,0,0,0,0,0,0,0,0,0,0,0,0,0,0,0,0,0,1,0,0,0,14,0,0,0,35,69,130,13,0,0,0
0,0,82,0,306,0,0,0,4,0,180,0,40,0,103,15,20,0,82,14,61,0,7,9,0,0,38,0,12,0,80,0,237,0,154,0,0,0,14,0,0,0,17,0,13,0,5,0,1,0,23,1,0,0,0,0,0,0,0,0,0,0,17,0,2,0,2,0,0,0,22,0,0,0,15,0,0,0,0,0,0,0,0,0,0,0,0,0,0,0,0,0,0,0,0,0,0,0,0,0,0,0,0,0,0,0,0,0,0,0,0,0,0,0,0,0,0,0,0,0,0,0,0,0,0,0,0,0,0,0,0,0,0,0,0,0,0,0,43,0,28,0,29,0,63,0,0,0,0,0,0,0,0,0,11,0,12,0,0,0,0,0,0,0,7,0,26,0,37,0,0,0,50,0,0,0,32,15,53,0,0,0,0,0,0,0,15,0,0,0,0,0,0,0,0,0,0,0,0,0,0,0,0,0,0,0,0,0,0,0,82,136,158,36,38,0,0,0,0,0,0,0,0,0,0
0,223,0,87,0,373,0,0,0,0,0,230,0,44,43,62,0,13,0,52,0,114,0,38,0,0,0,21,0,9,0,18,0,139,0,182,0,0,0,17,0,0,0,28,0,5,0,0,0,2,0,55,0,0,0,0,0,0,0,0,0,8,0,14,0,0,0,0,0,0,0,0,0,0,0,3,0,0,0,0,0,0,0,0,0,0,0,0,0,0,0,0,0,0,0,0,0,0,0,0,0,0,0,0,0,0,0,0,0,0,0,0,0,0,0,0,0,0,0,0,0,29,0,0,0,0,0,0,0,0,0,0,0,0,0,0,0,0,0,70,0,58,0,58,0,103,0,0,0,4,0,0,0,0,0,12,0,22,0,17,0,0,0,0,0,5,0,85,0,19,0,15,0,98,0,0,0,100,0,33,0,0,0,0,0,0,0,2,0,0,0,0,0,0,0,0,0,0,0,0,0,0,0,0,0,0,0,0,0,0,0,0,0,0,0,0,0,0,33,212,65,0,0,2,0
382,0,376,0,54,0,0,0,0,0,32,0,0,0,0,0,200,0,1,0,9,0,0,0,15,0,0,0,17,0,15,0,14,0,0,0,14,0,0,0,0,0,0,0,0,0,0,0,0,0,0,0,0,0,0,0,0,0,0,0,0,0,19,0,0,0,0,0,0,0,4,0,0,0,8,0,0,0,0,0,0,0,0,0,2,0,0,0,0,0,0,0,0,0,0,0,0,0,34,0,0,0,0,0,0,0,0,0,0,0,0,0,0,0,0,0,0,0,0,0,0,0,0,0,0,0,0,0,0,0,0,0,0,0,0,0,0,0,7,0,14,0,16,0,15,0,0,0,0,0,0,0,0,0,3,0,0,0,7,0,0,0,0,0,0,0,1,0,0,0,1,0,119,0,0,0,22,9,0,0,0,0,34,0,0,0,0,0,0,0,0,0,0,0,0,0,0,0,0,0,0,0,0,0,0,0,0,0,0,0,128,217,35,0,59,0,0,0,0,0,0,0,0,0,0
14,449,0,278,0,30,0,314,0,24,0,0,0,0,0,19,11,155,0,0,0,20,18,38,0,79,0,0,0,55,0,32,0,12,0,6,0,17,0,0,0,0,0,0,0,0,0,0,0,1,0,8,0,0,0,10,0,4,0,0,0,49,0,24,0,0,0,2,0,0,0,0,0,0,0,0,0,0,0,0,0,0,0,0,0,0,0,0,0,0,0,0,0,0,0,0,0,0,0,0,0,0,0,0,0,0,0,0,0,0,0,0,0,0,0,0,0,0,0,0,0,0,0,0,0,0,0,0,0,0,0,0,0,0,0,0,0,0,0,43,0,16,0,0,0,14,0,0,0,0,0,0,0,0,0,27,0,9,0,21,0,0,0,2,0,0,0,2,0,2,0,7,0,48,0,0,0,107,0,30,0,0,0,55,0,13,0,0,0,0,0,0,0,0,0,0,0,0,0,0,0,0,0,0,0,0,0,0,0,0,0,0,0,0,27,0,0,0,48,133,11,0,0,0,0
54,0,0,0,222,0,0,0,17,0,83,0,221,63,35,0,0,0,32,25,0,0,6,1,0,0,65,226,0,0,0,0,0,0,2,0,0,0,0,0,0,101,19,14,36,82,175,360,174,43,12,13,0,0,0,0,0,0,0,0,0,0,0,0,0,0,0,0,0,0,0,0,0,0,0,0,0,0,0,0,0,0,0,0,0,0,0,0,0,0,0,0,0,0,0,0,0,0,0,0,0,0,0,0,0,0,0,0,0,0,0,0,0,0,0,0,0,0,0,0,0,0,0,0,0,0,2,0,0,0,0,0,0,0,6,0,0,0,0,0,0,0,0,0,0,0,0,0,0,0,0,0,9,0,0,0,0,0,0,0,0,0,0,0,0,6,0,0,0,0,0,0,0,0,0,0,11,55,35,0,5,1,17,0,8,0,108,14,0,0,0,0,0,0,0,0,1,0,0,0,0,0,0,0,0,0,0,0,0,0,0,57,42,0,0,0,0,14,0,0,10,0,0,0,1
0,34,0,0,0,47,0,12,0,0,0,129,19,124,0,0,0,0,10,0,6,0,0,0,0,0,87,62,0,0,0,0,0,0,0,0,0,0,0,0,101,0,21,24,30,48,143,318,31,159,14,11,0,0,0,0,0,0,0,0,0,0,0,0,0,0,0,0,0,0,0,0,0,0,0,0,0,0,0,0,0,0,0,0,0,0,0,0,0,0,0,0,0,0,0,0,0,0,0,2,0,0,0,0,0,0,0,0,0,0,0,0,0,0,0,0,0,0,0,0,0,0,0,0,0,1,0,0,0,0,0,0,0,0,0,0,0,0,0,0,0,0,0,0,0,0,0,0,0,0,0,0,0,0,0,0,0,0,0,0,0,0,0,0,7,11,0,0,0,12,0,0,0,0,0,0,0,150,0,42,0,23,0,3,0,0,19,11,0,0,0,0,0,0,0,0,0,0,0,0,0,0,0,0,0,0,0,0,0,1,0,3,0,0,0,0,0,1,0,26,23,0,0,0,22
0,0,0,0,0,1,0,0,0,0,1,0,26,0,0,0,18,0,10,0,8,0,0,0,0,0,150,117,7,0,14,0,38,0,7,0,17,0,0,0,19,21,0,7,123,14,47,73,44,0,45,0,1,0,0,0,0,0,2,0,0,0,9,0,0,0,0,0,0,0,13,0,0,0,9,0,0,0,0,0,0,0,0,0,0,0,0,0,0,0,0,0,0,0,0,0,11,0,35,0,0,0,0,0,0,0,13,0,0,0,0,0,0,0,0,0,0,0,0,0,0,0,0,0,0,0,0,0,0,0,0,0,0,0,0,0,0,0,0,0,9,0,0,0,0,0,0,0,0,0,0,0,0,0,0,0,0,0,0,0,0,0,5,0,24,0,37,0,0,0,0,0,14,0,0,0,0,18,0,0,0,0,0,0,0,0,52,5,0,0,0,0,0,0,0,0,0,0,0,0,0,0,0,0,0,0,0,0,0,0,17,28,71,4,6,0,0,9,0,0,0,0,0,0,0
0,0,0,0,0,0,0,0,0,0,0,0,32,196,0,0,0,6,18,55,8,56,0,0,0,0,31,278,0,3,1,11,0,3,0,28,0,28,0,0,14,24,7,0,0,134,0,104,0,50,6,65,0,0,0,11,0,0,0,0,0,0,0,8,0,0,0,0,0,0,0,3,0,0,0,16,0,0,0,4,0,80,0,0,0,0,0,42,0,0,0,0,0,0,0,0,0,0,0,61,0,37,0,0,0,0,0,0,0,0,0,0,0,0,0,0,0,0,0,0,0,34,0,0,0,0,0,0,0,0,0,0,0,0,0,0,0,0,0,6,0,0,0,48,0,41,0,0,0,0,0,0,0,0,0,0,0,0,0,0,0,0,0,0,0,60,0,38,0,45,0,0,0,12,0,0,0,38,0,0,0,1,0,0,0,0,1,43,0,0,0,0,0,0,0,0,0,0,0,0,0,0,0,0,0,0,0,0,0,0,0,0,0,0,33,0,0,0,107,144,92,0,0,0,0
4,0,9,0,0,0,0,0,0,0,0,0,16,0,16,0,45,0,20,0,55,0,27,0,0,0,354,0,5,0,4,0,0,0,22,0,13,0,0,0,36,30,123,0,0,12,201,65,167,20,206,0,0,0,0,0,6,1,6,0,1,0,22,0,0,0,1,0,6,0,50,0,0,0,43,0,0,0,0,0,0,0,13,0,23,0,0,0,0,0,0,0,14,0,20,0,0,0,0,0,0,0,10,0,0,0,0,0,0,0,0,0,0,0,0,0,0,0,0,0,0,0,0,0,0,0,1,0,0,0,0,0,0,0,0,0,0,0,15,0,0,0,0,0,65,0,0,0,4,0,0,0,0,0,0,0,0,0,0,0,0,0,19,0,116,0,58,0,48,0,11,0,42,0,0,0,0,11,2,0,0,1,0,0,0,0,29,0,0,0,0,0,0,0,0,0,0,0,0,0,0,0,0,0,0,0,0,0,0,0,36,95,250,23,19,0,3,61,0,3,0,0,0,0,0
0,0,0,0,0,21,0,0,0,0,0,9,18,48,0,0,0,0,0,42,0,63,0,0,0,0,68,289,0,0,0,6,0,1,0,16,0,5,0,0,82,48,14,134,12,0,89,274,18,179,9,165,0,3,0,0,0,0,0,0,0,0,0,22,0,0,0,0,0,0,0,7,0,0,0,0,0,0,0,0,0,94,0,74,0,0,0,65,0,24,0,0,0,29,0,79,0,0,0,50,0,52,0,52,0,0,0,0,0,0,0,0,0,0,0,0,0,0,0,0,0,35,0,0,0,0,0,0,5,0,0,0,0,0,0,0,0,0,0,0,0,22,0,18,0,0,0,0,0,0,0,0,1,0,0,0,0,0,0,0,0,0,0,0,3,162,0,14,0,189,0,7,0,9,0,0,0,73,0,0,0,0,0,2,0,0,7,38,0,0,0,0,0,0,0,0,0,0,0,0,0,0,0,0,0,0,0,0,0,0,0,0,0,0,30,0,0,0,96,157,217,18,0,11,12
32,0,52,0,163,0,0,0,25,0,90,0,112,52,79,0,0,0,97,25,0,0,25,0,7,0,283,187,0,0,4,0,0,0,0,0,5,0,0,0,175,143,47,0,201,89,0,399,206,51,57,0,0,0,0,0,0,0,0,0,0,0,0,0,0,0,0,0,3,0,0,0,0,0,0,0,0,0,0,0,0,0,0,0,0,0,0,0,0,0,0,0,0,0,0,0,0,0,0,0,0,0,3,0,0,0,0,0,0,0,0,0,0,0,0,0,0,0,0,0,0,0,0,0,0,0,0,0,0,0,0,0,0,0,0,0,0,0,0,0,0,0,0,0,0,0,0,0,29,0,0,0,6,0,0,0,0,0,0,0,0,1,0,0,48,3,0,0,0,0,0,0,0,0,0,0,12,56,26,0,0,0,31,0,26,0,87,10,0,0,0,0,0,0,0,0,0,0,0,0,0,0,0,0,0,0,0,0,0,0,0,205,80,0,0,0,0,75,0,4,0,0,0,0,0
0,94,0,0,0,202,0,0,0,14,0,187,115,245,0,0,0,0,28,79,0,14,0,0,0,0,241,411,0,0,0,0,0,0,0,0,0,0,0,0,360,318,73,104,65,274,399,0,64,189,52,84,0,0,0,0,0,0,0,0,0,0,0,0,0,0,0,0,0,0,0,0,0,0,0,0,0,0,0,0,1,0,0,0,0,0,0,0,0,0,0,0,1,0,0,0,0,0,0,0,0,0,0,0,0,0,0,0,0,0,0,0,0,0,0,0,0,2,0,0,0,0,0,0,0,0,0,0,0,0,0,0,0,5,0,0,0,0,0,0,0,0,0,0,0,0,0,3,0,0,0,0,0,0,0,0,0,0,0,0,0,0,0,0,6,0,0,0,0,0,0,0,0,0,0,0,0,244,0,0,0,0,0,0,0,9,31,35,0,0,0,0,0,0,0,0,0,0,0,0,0,0,0,0,0,0,0,0,0,0,0,15,0,0,0,0,0,0,0,248,106,0,0,0,30
13,0,0,0,18,0,31,0,22,0,16,0,50,4,10,0,12,0,0,0,5,0,11,0,18,0,65,5,0,0,0,0,0,0,5,0,1,0,0,0,174,31,44,0,167,18,206,64,0,98,15,0,21,0,28,0,35,0,0,0,0,0,14,0,0,0,0,0,38,1,0,0,0,0,1,0,9,0,7,0,6,0,38,0,0,0,23,3,22,0,20,0,48,0,77,0,30,1,27,0,39,3,122,0,18,0,30,0,2,0,0,0,0,0,0,0,1,0,0,0,11,0,0,0,0,0,0,0,22,0,28,0,0,0,11,0,17,0,0,0,0,1,0,0,15,0,0,0,0,0,28,0,6,0,0,0,0,0,19,0,40,0,6,0,19,0,7,0,38,0,16,0,21,0,0,0,22,36,13,0,0,0,8,0,2,0,194,0,0,0,0,0,33,0,0,0,0,0,54,0,30,0,57,0,64,0,41,0,0,0,72,130,147,13,107,5,26,61,0,13,12,4,0,3,4
0,13,0,0,0,0,0,6,0,2,0,38,4,70,0,0,0,0,0,0,0,0,0,0,0,1,2,42,0,0,0,0,0,0,0,0,0,2,0,1,43,159,0,50,20,179,51,189,98,0,0,21,0,0,0,0,0,0,0,4,0,2,0,0,0,0,0,0,0,9,0,0,0,2,0,0,0,0,0,0,0,8,0,16,0,0,0,0,0,15,0,0,0,26,0,45,0,0,0,0,0,0,0,28,0,5,0,3,0,1,0,0,0,0,0,0,0,8,0,0,0,0,0,0,0,0,0,0,2,0,2,0,0,0,0,2,0,0,0,0,0,0,0,0,0,0,0,0,0,3,0,0,1,0,0,2,0,6,0,0,0,5,0,1,0,57,0,1,0,36,0,0,0,3,0,6,0,181,1,5,0,0,0,0,0,0,16,53,0,0,0,0,0,0,0,6,0,0,0,0,0,0,0,6,0,7,0,0,0,0,0,10,0,0,8,0,0,16,10,55,48,5,0,2,38
0,0,7,0,91,0,0,0,0,0,7,0,244,100,39,0,19,0,154,66,66,10,0,0,5,1,271,123,6,0,16,0,22,0,95,0,23,0,0,0,12,14,45,6,206,9,57,52,15,0,0,0,0,0,1,0,0,0,0,0,1,0,7,0,0,0,3,0,8,0,19,0,0,0,0,0,0,0,0,0,12,0,14,0,0,0,0,0,0,0,0,0,0,0,0,0,0,0,73,0,0,0,0,0,0,0,0,0,0,0,0,0,0,0,0,0,0,0,0,0,0,0,0,0,0,0,0,0,0,0,0,0,0,0,0,0,0,0,0,0,0,0,0,0,15,0,0,0,0,0,0,0,0,0,0,0,0,0,0,0,0,0,0,0,46,0,27,0,138,0,9,0,37,0,0,0,0,18,27,0,0,0,0,0,0,0,145,0,0,0,0,0,0,0,0,0,0,0,0,0,0,0,0,0,0,0,0,0,0,0,34,57,162,18,22,0,0,1,0,0,0,0,0,0,0
0,0,0,0,0,66,0,25,0,0,0,0,0,401,0,9,0,0,0,159,0,89,0,10,0,0,32,453,0,6,0,21,0,21,0,76,1,55,0,8,13,11,0,65,0,165,0,84,0,21,0,0,0,0,0,0,0,16,0,11,0,0,0,0,0,0,0,0,0,0,0,0,0,0,0,0,0,0,0,0,0,95,0,30,0,0,0,40,0,0,0,0,0,0,0,0,0,0,0,87,0,50,0,0,0,0,0,0,0,0,0,0,0,0,0,0,0,0,0,0,0,51,0,0,0,0,0,0,0,0,0,0,0,0,0,24,0,0,0,0,0,21,0,0,0,62,0,0,0,0,0,0,0,0,0,4,0,0,0,7,0,0,0,0,0,28,0,38,0,104,0,19,0,57,0,0,0,40,0,0,0,0,0,0,0,0,0,51,0,0,0,0,0,0,0,0,0,0,0,0,0,0,0,0,0,0,0,0,0,0,0,0,0,0,56,0,0,1,55,57,117,33,0,15,0
12,0,0,0,0,0,152,25,88,67,0,0,0,0,0,0,166,1,0,0,13,0,9,1,113,11,0,0,0,0,0,0,0,0,0,0,0,0,0,0,0,0,1,0,0,0,0,0,21,0,0,0,0,44,287,229,70,49,25,136,75,0,133,6,4,0,26,93,0,0,8,0,0,0,12,0,0,0,0,0,0,0,0,0,39,0,0,0,0,0,31,0,0,0,0,0,86,0,0,0,0,0,0,0,0,0,0,0,0,0,0,0,0,0,0,0,0,0,0,0,0,0,0,0,0,0,0,0,118,0,6,0,14,0,0,0,147,0,167,0,69,0,152,1,34,0,6,0,2,2,4,0,0,0,224,6,141,0,147,0,36,2,20,0,0,0,0,0,14,0,126,0,6,1,0,0,3,14,0,0,0,0,12,0,0,4,0,0,0,0,0,0,0,0,0,0,0,0,1,0,45,0,0,0,0,0,0,0,4,0,178,135,163,220,176,0,27,0,9,6,5,5,1,3,0
0,7,0,9,0,0,55,46,90,135,0,0,0,0,0,0,0,128,0,0,0,20,0,27,37,51,0,0,0,13,0,6,0,3,0,2,0,0,0,0,0,0,0,0,0,3,0,0,0,0,0,0,44,0,72,78,6,107,26,41,1,82,17,51,3,0,24,19,0,1,0,0,0,0,0,0,0,0,0,0,0,15,0,0,0,63,0,6,0,1,0,17,0,0,0,0,0,30,1,35,0,14,0,0,0,0,0,36,0,0,0,0,0,0,0,0,0,0,0,0,0,0,0,0,0,0,0,0,0,29,0,9,0,20,0,148,0,147,0,146,0,104,0,55,0,18,0,0,0,0,0,0,0,0,0,229,2,157,0,63,0,11,0,0,0,0,0,6,0,11,0,65,0,8,0,0,0,52,0,0,0,1,1,12,4,10,0,0,0,0,0,0,0,0,0,0,0,0,0,12,0,51,0,0,0,0,0,0,0,0,0,0,0,0,216,0,0,0,212,67,79,0,0,82,0
3,0,46,0,12,0,219,10,60,116,0,0,0,0,0,0,9,0,0,0,0,0,52,0,191,0,0,0,0,0,0,0,0,0,0,0,0,0,0,0,0,0,0,0,0,0,0,0,28,0,1,0,287,72,0,239,82,45,55,115,35,0,13,21,3,0,28,88,0,0,0,0,3,1,0,0,0,0,0,0,0,0,0,0,2,0,0,0,0,0,0,0,0,0,0,0,0,0,0,0,0,0,0,0,0,0,3,0,0,0,0,0,0,0,0,0,0,0,0,0,0,0,0,0,22,0,0,0,57,0,20,0,20,0,0,0,39,0,0,0,7,0,0,0,0,0,5,0,3,0,8,0,0,0,95,0,26,0,19,0,35,0,0,0,0,0,0,0,27,0,96,0,0,0,0,0,0,9,0,0,0,0,0,0,0,16,0,0,0,0,0,0,0,0,0,0,0,0,0,0,0,0,0,0,0,0,0,0,0,0,365,76,233,401,305,0,86,0,0,8,0,6,0,0,0
10,19,0,62,0,0,183,346,364,87,0,0,0,0,0,41,7,50,0,0,0,32,0,13,156,248,0,0,0,11,0,9,0,2,0,4,0,0,0,10,0,0,0,11,0,0,0,0,0,0,0,0,229,78,239,0,0,224,98,150,0,67,129,214,0,7,39,13,0,0,0,0,0,0,0,0,0,2,0,0,0,0,0,0,0,0,0,0,0,0,0,0,0,0,0,0,0,0,0,0,0,0,0,0,0,0,0,0,0,0,0,0,0,0,0,0,0,0,0,0,0,0,0,0,0,16,0,0,0,38,0,61,0,40,0,41,0,82,0,22,0,0,0,0,0,0,0,0,0,4,2,21,0,0,0,33,8,23,0,10,0,49,0,19,0,0,0,13,0,58,0,215,0,69,0,0,0,122,0,0,0,0,0,2,18,11,0,0,0,0,1,0,0,0,0,0,0,0,0,0,0,0,0,0,0,0,0,7,0,15,0,3,0,0,383,0,0,0,180,51,270,252,39,205,5
0,0,8,0,0,0,6,0,13,0,0,0,0,0,0,0,7,0,0,0,0,0,0,0,42,0,0,0,0,0,0,0,0,0,0,0,0,0,0,0,0,0,0,0,6,0,0,0,35,0,0,0,70,6,82,0,0,29,395,63,0,0,0,0,57,20,60,87,0,0,1,0,4,0,0,0,0,0,0,0,0,0,0,0,0,0,0,0,0,0,0,0,0,0,0,0,0,0,0,0,0,0,0,0,0,0,0,0,0,0,0,0,0,0,0,0,0,0,0,0,0,0,0,0,18,0,0,0,54,0,86,0,7,0,0,0,11,0,0,0,0,0,0,0,0,0,4,0,8,0,3,0,0,0,156,0,26,1,116,0,382,0,0,0,0,0,0,0,33,0,93,0,13,0,0,0,30,0,0,0,0,0,0,0,6,6,0,0,0,0,0,0,0,0,0,0,0,0,0,0,0,0,0,0,0,0,0,0,0,0,509,158,497,750,1058,13,87,3,0,0,0,0,0,0,0
0,9,0,15,0,0,0,37,0,31,0,0,0,0,0,0,0,23,0,0,1,12,0,0,0,40,0,0,0,9,0,0,0,4,0,0,0,0,0,4,0,0,0,0,1,0,0,0,0,0,0,16,49,107,45,224,29,0,157,335,0,29,4,14,0,28,85,91,0,0,0,0,0,0,0,0,0,0,0,0,0,0,0,0,0,0,0,0,0,0,0,0,0,0,0,4,0,0,0,0,0,0,0,0,0,0,0,0,0,0,0,0,0,0,0,0,0,0,0,0,0,0,0,0,0,23,0,11,0,67,0,159,0,25,0,0,0,63,0,17,0,0,0,0,0,0,0,4,0,11,0,16,0,2,38,177,11,40,0,68,0,109,0,0,0,15,0,21,0,132,0,340,0,43,0,2,0,4,0,0,0,0,0,0,17,6,0,0,0,0,0,0,0,0,0,0,0,0,0,0,0,0,0,0,0,0,0,0,0,14,0,0,0,0,1064,0,0,0,441,104,472,437,138,219,0
2,0,6,0,0,0,20,0,47,14,0,0,0,0,5,0,0,0,1,0,10,0,0,0,7,0,0,0,0,0,1,0,0,0,4,0,0,0,0,0,0,0,2,0,6,0,0,0,0,0,0,0,25,26,55,98,395,157,0,225,0,0,0,0,202,29,414,209,0,0,0,0,0,0,0,0,0,0,0,0,0,0,0,0,0,0,0,0,0,0,0,0,0,0,0,0,0,0,0,0,0,0,0,0,0,0,0,0,0,0,0,0,0,0,0,0,0,0,0,0,0,0,0,0,15,0,0,0,5,0,50,0,0,0,0,0,0,0,0,7,0,0,0,0,0,4,2,0,20,0,0,0,0,0,11,50,45,0,0,25,55,35,0,1,0,0,0,0,0,0,0,0,6,0,2,10,120,0,0,0,0,0,0,0,239,20,0,0,0,0,0,0,0,0,0,0,0,0,0,0,0,0,0,0,0,0,0,0,0,0,443,323,92,356,657,0,0,0,12,8,0,0,0,0,0
0,0,0,0,0,0,35,21,112,67,0,0,0,0,0,0,0,0,0,0,0,0,0,0,0,11,0,0,0,0,0,0,0,0,0,0,0,0,0,0,0,0,0,0,0,0,0,0,0,4,0,11,136,41,115,150,63,335,225,0,0,0,0,7,35,230,105,359,0,0,0,0,0,0,0,0,0,0,0,0,0,1,0,0,0,0,0,0,0,0,0,0,0,2,0,0,0,0,0,0,0,0,0,0,0,0,0,0,0,0,0,0,0,0,1,0,0,0,0,0,0,0,0,0,0,10,0,0,0,0,0,89,0,5,0,0,0,7,0,0,0,0,0,0,9,4,0,0,0,9,0,13,0,0,70,74,0,75,0,41,0,44,0,0,0,3,0,0,0,40,0,114,0,32,0,38,9,0,0,0,0,24,0,1,46,164,0,0,0,0,0,0,0,0,0,0,0,1,0,0,0,0,0,0,0,0,0,0,0,7,0,1,0,0,1231,0,0,0,725,278,281,379,111,260,0
81,0,72,0,0,0,165,6,138,0,0,0,0,0,0,0,18,0,0,0,7,0,5,0,74,0,0,0,1,0,0,0,4,0,0,0,0,0,0,0,0,0,0,0,1,0,0,0,0,0,1,0,75,1,35,0,0,0,0,0,0,0,46,1,0,0,0,0,0,0,5,0,0,0,0,0,0,0,0,0,0,0,0,0,1,0,0,0,0,0,5,0,0,0,0,0,0,0,0,0,0,0,0,0,0,0,0,0,0,0,0,0,0,0,0,0,0,0,0,0,0,0,0,0,0,0,0,0,0,0,0,0,0,0,0,0,10,0,116,0,37,0,33,0,191,0,0,0,0,0,0,0,0,0,68,0,104,0,24,0,0,0,14,0,0,0,0,0,1,0,106,0,74,0,0,0,4,0,0,0,0,0,34,0,6,0,0,0,0,0,0,0,0,0,0,0,0,0,0,0,0,0,0,0,0,0,0,0,0,0,102,134,52,102,57,1,34,0,0,0,0,0,0,0,0
0,146,0,29,0,0,0,245,0,236,0,0,0,0,0,0,2,17,0,0,0,12,0,0,0,32,0,0,0,0,0,0,0,18,0,5,0,8,0,49,0,0,0,0,0,0,0,0,0,2,0,0,0,82,0,67,0,29,0,0,0,0,3,83,0,0,0,0,0,0,0,0,0,2,0,0,0,0,0,0,0,0,0,0,0,0,0,0,0,0,0,0,0,0,0,0,0,0,0,0,0,0,0,0,0,0,0,0,0,0,0,0,0,0,0,0,0,0,0,0,0,0,0,0,0,0,0,0,0,0,0,0,0,0,0,0,0,0,0,84,0,62,0,12,0,220,0,0,1,0,0,0,0,0,0,66,0,74,0,43,0,0,0,10,0,0,0,4,0,10,0,105,0,95,0,0,0,87,0,0,0,0,0,115,0,0,0,0,0,0,0,0,0,0,0,0,0,0,0,0,0,0,0,0,0,0,0,0,0,0,0,0,0,0,100,0,0,0,93,186,102,62,0,88,0
155,0,170,0,0,0,309,67,83,62,0,0,0,0,16,2,392,9,29,0,158,0,36,0,303,46,0,0,7,0,20,0,30,0,15,0,17,0,19,0,0,0,9,0,22,0,0,0,14,0,7,0,133,17,13,129,0,4,0,0,46,3,0,12,0,0,0,4,0,0,29,0,7,0,56,0,0,0,0,0,46,0,0,0,58,0,18,0,0,0,0,0,0,0,0,0,0,0,0,0,0,0,0,0,0,0,0,0,0,0,0,0,0,0,0,0,0,0,0,0,26,0,0,0,0,0,0,0,0,0,0,0,0,0,0,0,65,0,65,0,78,0,0,0,57,0,0,0,0,0,0,0,0,0,51,0,15,0,22,0,0,0,0,0,0,0,0,0,0,0,33,0,32,0,0,0,4,34,0,0,0,0,31,0,1,1,0,0,0,0,0,0,0,0,0,0,0,0,0,0,0,0,0,0,0,0,0,0,0,0,59,157,38,39,34,0,9,0,3,2,0,0,0,0,0
12,110,0,5,0,0,39,313,41,241,0,0,0,0,0,33,6,161,0,22,0,141,2,27,53,150,0,0,0,37,0,18,0,15,0,10,0,14,0,24,0,0,0,8,0,22,0,0,0,0,0,0,6,51,21,214,0,14,0,7,1,83,12,0,0,0,0,2,0,0,0,0,0,0,0,0,0,0,0,0,0,0,0,0,0,13,0,0,0,0,0,0,0,0,0,0,0,0,0,0,0,2,0,0,0,0,0,0,0,0,0,0,0,0,0,0,0,0,0,0,0,3,0,0,0,0,0,0,0,0,0,0,0,0,0,19,0,0,0,13,0,8,0,4,0,7,0,0,0,1,0,0,0,1,0,15,0,16,0,8,0,0,0,0,0,1,0,0,0,3,0,7,0,0,0,0,0,161,0,0,0,0,0,86,0,7,0,0,0,0,0,0,0,0,0,0,0,0,0,0,0,0,0,0,0,0,0,0,0,0,0,0,0,0,106,0,0,0,147,41,25,34,5,33,0
18,0,0,0,4,0,4,0,104,0,0,0,0,0,0,0,0,0,0,0,0,0,0,0,0,0,0,0,0,0,1,0,0,0,0,0,2,0,0,0,0,0,0,0,0,0,0,0,0,0,0,0,4,3,3,0,57,0,202,35,0,0,0,0,0,0,144,24,0,0,0,0,2,0,1,0,0,0,0,0,1,0,0,0,0,0,0,0,0,0,0,0,0,0,0,0,0,0,0,0,0,0,0,0,0,0,0,0,0,0,0,0,0,0,0,0,0,0,0,0,0,0,0,0,14,0,0,0,0,0,59,0,0,0,0,0,0,0,0,32,0,0,0,0,11,22,8,0,37,0,0,0,2,0,3,26,4,0,0,42,502,105,6,0,0,0,1,0,0,0,2,0,3,0,75,9,118,0,6,0,81,87,0,0,206,18,0,0,0,0,0,0,0,0,0,0,0,0,0,0,0,0,0,0,0,0,0,0,0,0,72,31,0,0,72,0,0,0,0,0,0,0,0,0,0
0,35,0,8,0,37,0,21,0,131,0,37,0,18,0,23,0,0,0,11,0,0,0,0,0,13,0,0,0,0,0,0,0,10,0,0,0,0,0,0,0,0,0,0,0,0,0,0,0,0,0,0,0,0,0,7,20,28,29,230,0,0,0,0,0,0,12,536,0,0,0,35,0,0,0,69,0,0,0,0,0,0,0,0,0,0,0,28,0,0,0,0,0,0,0,0,0,0,0,0,0,0,0,0,0,0,0,0,0,0,0,0,0,0,0,0,0,0,0,0,0,0,0,0,8,35,0,4,0,0,0,210,0,14,0,0,0,0,40,36,9,61,0,0,39,93,0,27,0,401,0,12,0,15,35,1,0,0,0,8,86,420,0,0,0,0,0,0,0,17,0,0,0,0,5,72,0,5,0,6,5,252,0,9,0,61,0,0,0,0,0,0,0,0,0,0,0,0,0,0,0,0,0,0,0,0,0,0,0,4,0,1,0,1,186,0,0,0,205,12,92,74,0,0,0
7,0,0,0,0,0,8,0,135,3,0,0,0,0,0,0,0,0,0,0,2,0,0,0,0,0,0,0,0,0,0,0,0,0,2,0,2,0,0,0,0,0,0,0,1,0,0,0,0,0,3,0,26,24,28,39,60,85,414,105,0,0,0,0,144,12,0,66,0,0,0,0,0,0,0,0,0,0,0,0,0,0,0,0,0,0,0,0,0,0,0,0,0,0,0,0,0,0,0,0,0,0,0,0,0,0,0,0,0,0,0,0,0,0,0,0,0,0,0,0,0,0,0,0,10,0,0,0,0,0,27,0,0,0,0,0,0,0,2,0,0,0,0,0,3,0,11,0,55,0,0,0,1,0,0,27,6,0,0,19,141,21,0,0,0,0,5,0,0,0,0,0,0,0,3,0,131,0,0,0,0,7,0,0,580,22,0,0,0,0,0,0,0,0,0,0,0,0,0,0,0,0,0,0,0,0,0,0,0,0,66,79,0,0,77,0,0,0,0,3,0,1,0,0,0
0,17,1,0,0,2,0,19,58,97,0,0,0,0,0,0,0,0,0,0,0,0,0,0,0,2,0,0,0,0,0,0,0,0,0,0,0,0,0,2,0,0,0,0,0,0,0,0,0,0,0,0,93,19,88,13,87,91,209,359,0,0,4,2,24,536,66,0,0,0,0,0,0,0,0,0,0,0,0,0,0,0,0,0,0,0,0,0,0,0,0,0,0,0,0,0,0,0,0,0,0,0,0,0,0,0,0,0,0,0,0,0,0,0,0,0,0,0,0,0,0,0,0,0,0,3,0,0,0,0,0,46,0,2,0,0,0,0,0,0,0,0,0,0,0,9,0,0,0,21,0,1,0,0,80,19,0,17,0,20,0,104,0,0,0,0,0,0,0,0,0,0,0,0,0,104,16,0,0,0,0,44,0,7,29,510,0,0,0,0,0,0,0,0,0,0,0,0,0,0,0,0,0,0,0,0,0,0,0,0,0,0,0,0,395,0,0,0,247,158,50,0,0,44,0
3,0,3,0,0,0,3,0,0,0,0,0,0,0,0,0,0,0,0,0,0,0,0,0,0,0,0,0,0,0,0,0,0,0,0,0,0,0,0,0,0,0,0,0,6,0,3,0,38,0,8,0,0,0,0,0,0,0,0,0,0,0,0,0,0,0,0,0,0,0,0,0,18,0,0,0,150,0,35,0,0,0,47,0,0,0,37,0,31,0,0,0,24,0,37,0,0,0,0,0,53,0,205,0,0,0,62,0,208,0,41,0,14,0,26,0,19,0,0,0,0,0,0,0,0,0,0,0,0,0,0,0,0,0,0,0,0,0,0,0,0,0,0,0,0,0,0,0,0,0,0,0,4,0,0,0,0,0,1,0,0,0,0,0,85,0,0,0,202,0,21,0,3,0,0,0,0,0,0,0,0,0,0,0,0,0,0,0,0,0,0,0,0,0,34,0,0,0,0,0,0,0,0,0,0,0,0,0,0,0,126,8,143,9,46,49,105,4,0,0,0,0,0,0,0
0,0,0,0,0,0,0,0,0,0,0,0,0,0,0,0,0,0,0,0,0,0,0,0,0,0,0,0,0,0,0,0,0,0,0,0,0,0,0,0,0,0,0,0,0,0,0,0,1,9,0,0,0,1,0,0,0,0,0,0,0,0,0,0,0,0,0,0,0,0,0,0,0,0,0,0,0,48,0,0,0,9,0,83,0,0,0,0,0,14,0,0,0,46,0,27,0,0,0,0,0,0,0,204,0,0,0,0,0,51,0,8,0,0,0,1,0,5,0,0,0,0,0,0,0,0,0,0,0,0,0,0,0,0,0,0,0,0,0,0,0,0,0,0,0,0,0,0,0,0,0,0,0,0,0,0,0,0,0,0,0,1,0,0,0,25,0,1,0,36,0,1,0,0,0,0,0,0,0,0,0,0,0,0,0,0,0,0,0,0,0,0,0,0,0,0,0,0,0,0,0,0,0,0,0,0,0,0,0,0,0,0,0,0,0,0,0,0,10,7,114,0,11,178,11
0,0,7,0,0,0,0,0,0,0,6,0,0,0,0,0,57,0,0,0,89,0,0,0,0,0,0,0,9,0,33,0,5,0,42,0,22,0,4,0,0,0,13,0,50,0,0,0,0,0,19,0,8,0,0,0,1,0,0,0,5,0,29,0,0,0,0,0,0,0,0,0,255,0,268,6,9,0,32,0,13,0,0,0,0,0,20,0,0,0,0,0,0,0,0,0,0,1,0,0,0,5,0,0,0,0,0,0,0,0,0,0,0,0,0,0,0,0,0,0,24,0,3,0,0,0,0,0,11,16,38,46,0,0,0,0,10,0,2,4,32,18,0,0,86,0,25,0,18,0,31,0,0,0,0,0,23,0,1,9,20,0,48,8,0,0,21,0,32,0,20,0,73,0,36,0,0,0,0,0,30,32,0,0,4,0,0,0,0,0,0,0,0,0,0,0,0,0,0,0,0,0,0,0,0,0,0,2,47,0,27,5,31,4,9,0,0,0,6,0,0,0,0,0,0
0,0,0,0,0,0,0,0,0,0,0,0,0,0,0,0,0,1,0,0,0,0,0,0,0,0,0,0,0,0,0,0,0,0,0,0,0,0,0,0,0,0,0,3,0,7,0,0,0,0,0,0,0,0,0,0,0,0,0,0,0,0,0,0,0,35,0,0,0,0,0,0,0,115,0,249,0,17,0,19,0,0,0,0,0,0,0,61,0,0,0,0,0,0,0,0,0,0,0,0,0,0,0,0,0,0,0,0,0,0,0,0,0,0,0,0,0,0,0,0,0,5,0,10,0,0,0,0,0,18,0,0,0,69,0,0,0,0,0,4,0,21,0,0,10,80,0,0,0,0,0,32,0,26,0,0,0,2,0,0,20,8,0,36,0,0,0,16,1,17,0,10,0,31,0,9,0,0,0,0,16,69,0,0,0,11,0,0,0,0,0,0,0,0,0,0,0,1,0,0,0,0,0,0,0,0,0,0,0,12,0,0,0,0,3,0,2,0,21,0,6,0,0,0,0
0,0,0,0,0,0,0,0,0,0,0,0,0,0,0,0,0,0,0,0,0,0,0,0,0,0,0,0,1,0,0,0,0,0,0,0,0,0,0,0,0,0,0,0,0,0,0,0,0,0,0,0,0,0,3,0,4,0,0,0,0,0,7,0,2,0,0,0,18,0,255,0,0,0,142,0,37,0,184,0,0,0,20,0,3,0,5,0,0,0,0,0,6,0,0,0,0,0,1,0,0,0,0,0,0,0,0,0,0,0,0,0,0,0,0,0,0,0,0,0,83,0,10,0,61,0,48,0,27,0,23,0,60,0,0,0,14,0,0,0,28,0,47,0,73,0,66,0,8,2,89,0,0,3,0,0,0,0,0,0,14,2,85,0,0,0,0,0,8,0,22,0,11,0,7,0,0,0,0,0,0,12,0,0,0,0,0,0,0,0,0,0,0,0,0,0,0,0,95,0,34,0,55,0,37,0,0,0,106,0,395,6,17,1,24,0,0,0,0,0,10,0,0,0,0
0,0,0,0,0,0,0,0,0,0,0,0,0,0,0,0,0,0,0,0,0,0,0,0,0,0,0,0,0,0,0,0,0,0,0,0,0,0,0,0,0,0,0,0,0,0,0,0,0,2,0,0,0,0,1,0,0,0,0,0,0,2,0,0,0,0,0,0,0,0,0,115,0,0,0,197,0,28,0,52,0,7,0,4,0,33,0,64,0,0,0,1,0,2,0,0,0,0,0,0,0,0,0,2,0,0,0,0,0,0,0,0,0,0,0,0,0,0,0,0,7,19,0,15,0,136,0,70,0,0,0,0,0,96,0,46,0,0,15,0,19,16,0,0,0,110,37,0,0,10,0,94,0,49,0,0,0,2,3,0,0,0,0,78,0,0,0,0,0,22,0,18,0,12,0,4,0,0,0,0,0,97,0,0,0,0,0,0,0,0,0,0,0,0,0,0,0,0,0,104,0,51,0,0,0,0,0,147,0,76,0,0,13,0,25,0,0,0,127,1,55,13,3,3,0
5,0,0,0,0,0,0,0,0,0,0,0,0,0,10,0,76,0,14,0,104,0,0,0,0,0,0,0,20,0,34,0,9,0,33,0,15,0,8,0,0,0,9,0,43,0,0,0,1,0,0,0,12,0,0,0,0,0,0,0,0,0,56,0,1,0,0,0,0,0,268,0,142,0,0,0,14,0,195,0,4,8,0,0,7,0,5,0,0,0,0,0,0,0,4,0,13,0,0,0,0,0,0,0,0,0,0,0,0,0,0,0,0,0,0,1,0,0,0,0,73,0,17,0,0,45,10,0,0,0,29,52,20,28,55,0,5,22,0,6,44,25,68,13,91,0,44,9,32,0,52,0,65,0,0,0,0,0,0,8,15,0,9,28,0,0,0,0,11,0,17,0,36,0,93,0,0,0,0,0,59,46,0,0,18,0,0,0,0,0,0,0,12,0,0,0,0,0,116,0,82,0,36,0,13,0,96,0,91,0,65,2,8,4,14,0,3,0,13,0,29,0,0,0,0
0,0,0,0,0,0,0,0,0,0,0,0,0,0,0,0,2,0,0,4,0,25,0,0,0,0,0,0,0,0,0,0,0,0,0,0,0,3,0,0,0,0,0,16,0,0,0,0,0,0,0,0,0,0,0,0,0,0,0,0,0,0,0,0,0,69,0,0,0,0,6,249,0,197,0,0,0,18,0,139,0,3,0,0,1,15,0,111,0,0,0,0,0,0,0,0,0,0,0,0,0,0,0,0,0,0,0,0,0,0,0,0,0,0,0,0,0,0,0,0,0,240,0,34,28,99,0,72,32,0,0,20,0,75,0,34,0,25,35,1,25,36,0,17,37,269,0,0,19,0,0,109,0,0,0,0,0,6,0,0,0,0,0,22,0,0,0,19,0,19,0,9,0,31,0,16,0,0,0,0,26,123,0,0,0,10,0,0,0,0,0,0,0,0,0,0,0,0,0,0,0,0,0,0,0,0,0,0,0,63,0,0,0,0,14,0,0,0,76,3,14,0,0,2,0
0,0,0,0,0,0,0,0,0,0,0,0,0,0,0,0,0,0,0,0,0,0,0,0,0,0,0,0,0,0,0,0,0,0,0,0,0,0,0,0,0,0,0,0,0,0,0,0,9,0,0,0,0,0,0,0,0,0,0,0,0,0,0,0,0,0,0,0,150,0,9,0,37,0,14,0,0,0,45,0,6,0,20,0,0,0,24,0,6,0,0,0,48,0,18,0,22,0,12,0,0,0,99,0,30,0,21,0,25,0,3,0,2,0,3,0,9,0,0,0,17,0,0,0,0,0,0,0,0,0,0,0,0,0,0,0,0,0,0,0,0,0,8,0,0,0,0,0,0,0,0,3,0,0,0,0,0,0,0,0,0,0,0,0,0,0,0,0,40,0,1,0,0,0,0,0,0,0,0,0,0,0,0,0,0,0,0,0,0,0,0,0,50,0,31,0,0,0,0,0,44,0,0,0,0,0,0,0,0,0,76,0,75,6,11,8,8,0,0,0,0,0,0,0,0
0,0,0,0,0,0,0,0,0,0,0,0,0,0,0,0,0,0,0,0,0,0,0,0,0,0,0,0,0,0,0,0,0,0,0,0,0,0,0,0,0,0,0,0,0,0,0,0,0,0,0,0,0,0,0,2,0,0,0,0,0,0,0,0,0,0,0,0,0,48,0,17,0,28,0,18,0,0,0,11,0,54,0,60,0,9,0,75,0,5,0,0,0,67,0,15,0,0,0,0,0,0,0,106,0,0,0,0,0,0,0,2,0,0,0,0,0,24,0,0,0,12,0,3,0,0,0,0,0,0,0,0,0,0,0,0,0,0,0,0,0,0,0,0,0,3,0,0,0,0,0,0,3,0,0,0,0,0,0,0,0,0,0,15,0,0,0,0,0,58,0,2,0,0,0,0,0,0,0,0,0,0,0,0,0,0,0,0,0,61,0,0,0,0,0,27,0,0,0,53,0,0,0,61,0,82,0,31,0,0,0,0,0,0,13,0,0,0,50,10,102,9,6,8,0
0,0,0,0,0,0,0,0,0,0,0,0,0,0,0,0,0,0,0,0,0,0,0,0,0,0,0,0,0,0,0,0,0,0,0,0,0,0,0,0,0,0,0,0,0,0,0,0,7,0,0,0,0,0,0,0,0,0,0,0,0,0,0,0,0,0,0,0,35,0,32,0,184,0,195,0,45,0,0,0,20,0,43,0,15,0,77,0,0,0,27,0,38,0,15,0,57,0,34,0,19,0,46,0,0,0,25,0,2,0,1,0,0,0,0,0,0,0,0,0,67,0,44,0,0,0,4,0,0,3,0,0,0,0,0,0,0,0,0,0,13,0,54,0,9,0,0,0,0,0,18,0,0,0,0,0,0,0,0,0,0,0,11,0,0,0,0,0,82,0,3,0,0,0,0,0,0,0,0,0,0,0,0,0,0,0,0,0,24,2,0,0,64,0,0,0,0,0,101,0,151,0,140,0,139,0,0,0,0,0,329,1,51,0,29,7,4,0,0,0,0,0,0,0,0
