0,202,9,57,38,9,7,74,39,24,208,30,58,0,21,20,136,16,42,0,0,2,18,15,35,169,29,0,82,0,44,0,86,0,4,0,90,3,309,0,0,0,0,0,5,0,0,0,11,0,7,0,5,0,0,6,0,0,0,0,65,3,77,9,15,0,2,0,0,0,0,0,0,0,0,0,0,0,0,0,0,0,0,0,0,0,0,0,0,0,0,0,0,0,0,0,0,0,0,0,0,0,0,0,0,0,0,0,0,0,0,0,0,0,0,0,0,0,0,0,0,0,0,0,12,0,0,0,0,0,16,0,0,0,0,0,0,0,0,0,0,0,0,0,0,0,25,0,54,0,0,0,0,0,0,0,0,0,0,0,13,0,0,0,0,0,12,0,45,0,103,0,379,1,4,0,155,71,7,0,0,0,50,0,30,0,0,0,0,0,0,0,0,0,0,0,0,0,0,0,0,0,0,0,0,0,0,0,0,0,564,191,372,166,254,0,17,0,2,0,8,0,0,0,0
202,0,151,18,27,33,54,7,59,50,31,167,0,27,8,27,52,40,0,87,10,29,191,46,274,46,0,77,3,186,0,16,0,158,0,0,2,149,20,463,0,23,0,0,0,45,0,40,0,24,0,0,2,14,2,11,0,0,0,5,0,180,18,51,0,90,0,26,0,0,0,0,0,0,0,7,0,0,0,0,0,30,0,0,0,18,0,8,0,0,0,0,0,0,0,0,0,0,0,10,0,15,0,0,0,0,0,0,0,0,0,0,0,0,0,0,0,0,0,0,0,7,0,2,0,29,0,60,0,0,0,54,0,10,0,62,0,47,0,0,0,8,0,10,0,5,0,44,0,130,0,112,0,184,0,9,0,7,0,0,0,17,0,2,0,19,0,22,0,39,3,54,25,219,0,7,100,429,0,1,0,56,8,2,0,107,0,3,0,0,0,0,0,0,0,0,0,6,0,25,0,0,0,0,0,3,0,26,0,170,16,7,19,0,365,0,0,0,510,132,602,206,4,35,1
9,151,0,69,71,91,22,14,2,0,45,120,19,0,171,89,132,18,98,0,202,0,490,41,89,75,72,0,262,0,315,0,249,7,0,0,93,0,404,0,0,0,0,0,0,0,0,0,16,0,0,0,7,0,119,1,7,0,4,0,17,0,17,0,7,1,1,0,0,0,0,0,0,0,0,0,0,0,0,0,0,0,0,0,0,0,0,1,0,0,0,0,0,0,0,0,0,0,0,0,0,0,0,0,23,0,0,0,0,0,0,0,0,0,0,0,0,0,0,0,0,0,0,0,63,0,48,0,0,0,82,0,2,0,227,0,30,0,0,0,0,0,27,0,0,0,102,0,109,0,67,0,37,0,0,0,0,0,0,0,40,0,3,0,3,0,56,0,53,0,54,0,381,1,0,0,82,56,7,0,22,0,4,0,25,0,0,0,0,0,0,0,0,0,0,0,0,0,59,0,22,0,0,0,26,0,0,0,41,0,555,75,431,213,343,0,21,0,6,3,0,0,0,0,0
57,18,69,0,50,94,0,24,0,4,50,13,1,5,10,353,51,98,0,138,5,69,142,451,55,176,0,33,2,159,4,34,0,176,0,0,1,45,0,145,0,0,0,0,0,0,0,11,0,0,0,0,0,3,0,102,0,0,0,0,0,4,1,5,0,0,0,0,0,0,0,0,0,0,0,0,0,0,0,0,0,47,0,0,0,0,0,6,0,0,0,13,0,6,0,0,0,0,0,48,0,36,0,0,0,0,0,0,0,0,0,0,0,0,0,0,0,0,0,0,0,5,0,0,0,0,0,3,0,0,0,3,0,0,0,151,0,112,0,13,0,21,0,26,0,2,0,0,0,0,0,0,0,0,0,0,0,0,0,0,0,0,0,0,1,11,0,8,0,16,0,19,6,94,0,0,28,38,0,0,0,3,0,0,0,0,0,0,0,0,0,0,0,0,0,0,0,0,0,0,0,0,0,0,0,0,0,0,0,20,0,0,0,0,75,0,0,0,68,46,203,0,2,0,1
38,27,71,50,0,762,0,0,4,0,188,384,274,201,225,308,9,6,735,180,131,51,65,68,0,10,393,28,15,3,261,8,448,21,100,51,235,27,44,0,10,0,24,2,41,0,0,6,15,0,163,0,0,0,0,0,0,0,0,0,0,0,0,0,0,0,0,0,0,0,0,0,0,0,3,0,0,0,0,0,0,0,0,0,0,0,0,0,0,0,0,0,3,0,0,0,0,0,11,0,0,0,0,0,0,0,0,0,0,0,0,0,0,0,0,0,0,0,0,0,0,0,0,0,0,0,0,0,0,0,0,0,0,0,0,0,0,0,0,0,0,0,0,0,0,0,18,0,23,0,39,0,195,0,0,0,0,0,0,0,0,0,5,0,36,0,202,0,97,0,0,0,184,0,129,0,486,123,192,0,329,0,70,0,86,0,6,0,0,0,0,0,0,0,0,0,0,0,0,0,0,0,0,0,0,0,0,0,0,0,638,376,659,188,376,3,5,2,9,4,0,0,0,0,0
9,33,91,94,762,0,0,14,0,0,240,142,245,140,543,222,10,27,338,530,162,190,133,180,0,18,60,216,0,9,16,84,0,322,17,109,10,137,0,37,0,29,0,15,7,16,0,52,0,0,0,47,0,0,0,18,0,0,0,0,0,0,0,0,0,0,0,0,0,0,0,0,0,0,0,0,0,0,0,2,0,0,0,0,0,52,0,22,0,0,0,0,0,0,0,0,0,0,0,48,0,0,0,0,0,0,0,0,0,0,0,0,0,0,0,0,0,0,0,0,0,0,0,0,0,0,0,0,0,0,0,0,0,0,0,84,0,43,0,0,0,0,0,24,0,12,0,0,0,0,0,0,0,0,0,1,0,0,0,0,0,0,0,8,0,67,0,213,0,249,0,86,0,229,0,0,188,317,38,52,0,26,0,2,0,0,8,20,0,0,0,0,0,0,0,0,0,0,0,0,0,10,0,0,0,0,0,2,0,23,5,0,0,1,390,0,0,0,593,638,992,168,0,7,0
7,54,22,0,0,0,0,43,13,160,8,0,0,0,6,0,89,3,11,0,4,0,7,0,243,34,0,0,29,0,0,0,0,0,0,0,0,0,215,0,0,0,0,0,8,0,0,0,55,0,0,0,219,10,297,62,24,0,39,0,250,3,568,42,126,4,109,8,0,0,1,0,0,0,0,0,0,0,0,0,0,3,0,0,0,0,0,0,0,0,0,0,0,0,0,0,0,0,0,0,0,0,0,0,0,0,0,0,0,0,0,0,0,0,0,0,0,0,0,0,0,0,0,0,50,0,31,0,0,0,133,0,9,0,50,0,0,0,0,0,0,0,3,0,0,0,49,0,67,0,41,1,0,0,9,0,9,0,0,0,143,0,0,0,21,0,0,0,53,0,292,0,290,0,0,0,6,27,0,0,0,0,1,0,1,0,0,0,0,0,0,0,0,0,0,0,0,0,13,0,0,0,0,0,0,0,0,0,24,0,614,99,535,438,363,20,101,0,9,0,0,0,0,0,0
74,7,14,24,0,14,43,0,109,84,0,3,0,0,0,45,12,16,0,0,0,16,9,15,120,389,0,6,0,223,0,0,0,18,0,0,0,0,10,188,0,0,0,0,0,5,0,4,0,1,0,0,6,26,16,200,0,12,0,11,5,273,21,198,0,11,0,19,0,0,0,0,0,1,0,0,0,0,0,0,0,4,0,0,0,0,0,0,0,0,0,0,0,0,0,0,0,0,0,3,0,0,0,0,0,0,0,0,0,0,0,0,0,0,0,0,0,0,0,0,0,0,0,0,0,15,0,36,0,7,0,86,0,31,0,45,0,43,0,5,0,2,0,0,1,0,0,8,0,7,0,0,0,1,0,24,0,13,0,0,0,40,0,11,0,21,0,2,0,18,0,54,19,128,0,0,11,22,0,0,0,0,12,2,0,0,0,0,0,1,0,0,0,0,0,0,0,3,0,0,0,0,0,0,0,1,0,0,0,117,0,3,0,0,283,0,0,0,409,78,320,214,7,41,1
39,59,2,0,4,0,13,109,0,675,17,3,3,0,12,0,11,5,20,0,4,0,2,0,18,68,0,0,0,0,0,0,1,0,0,0,3,0,4,2,0,0,0,0,0,0,0,0,27,0,0,0,334,39,38,243,8,3,106,77,195,6,215,46,216,2,177,102,1,0,0,0,0,0,0,0,0,0,0,0,0,0,0,0,0,0,0,0,0,0,0,0,0,0,0,0,0,0,0,0,0,3,0,0,0,0,0,0,0,0,0,0,0,0,0,0,0,0,0,0,0,0,0,0,24,0,0,0,0,0,33,0,0,0,4,0,0,0,0,0,0,0,0,0,0,0,29,0,98,0,11,0,6,0,14,0,12,0,0,0,39,0,0,0,0,0,0,0,31,0,242,0,41,0,0,0,5,74,6,0,0,0,25,5,174,7,1,0,0,0,0,0,0,0,0,0,0,0,0,0,0,0,0,0,3,0,0,0,0,0,257,110,307,283,162,0,56,2,4,7,1,0,0,0,0
24,50,0,4,0,0,160,84,675,0,0,8,0,0,0,3,8,0,0,0,0,0,6,0,93,13,0,0,0,3,0,0,0,0,0,0,0,0,0,0,0,0,0,0,2,4,0,0,6,0,0,3,55,98,200,72,12,2,60,117,11,317,74,185,0,233,37,300,0,1,0,0,0,0,0,0,0,1,0,0,0,4,0,0,0,0,0,3,0,0,0,0,0,0,0,4,1,0,0,4,0,7,0,0,0,0,0,0,0,0,0,0,0,0,0,0,0,0,0,0,0,0,0,0,0,109,0,121,0,8,0,226,0,31,0,21,0,14,0,0,0,2,0,0,1,0,0,80,0,122,0,70,0,31,1,11,0,39,0,1,0,32,0,4,1,8,0,2,1,14,24,82,23,98,0,0,0,294,0,0,0,0,6,18,14,71,0,0,0,0,0,0,0,0,0,2,0,4,0,10,0,0,0,0,0,0,0,29,0,195,17,7,21,0,255,0,0,0,524,120,263,182,3,44,0
208,31,45,50,188,240,8,0,17,0,0,143,316,20,47,200,25,0,228,36,102,10,0,50,0,20,250,0,4,4,132,3,245,0,35,7,105,0,29,0,16,0,8,0,25,0,26,0,6,0,48,0,0,0,0,0,0,0,0,0,0,0,0,0,11,0,0,0,0,0,0,0,0,0,0,0,0,0,0,0,0,0,0,0,0,0,0,0,0,0,0,0,0,0,0,0,2,0,0,0,0,0,0,0,0,0,0,0,0,0,0,0,0,0,0,0,0,0,0,0,0,0,0,0,1,0,0,0,0,0,0,0,0,0,0,0,0,0,0,0,0,0,0,0,3,0,23,0,40,0,23,0,169,0,0,0,0,0,0,0,7,0,0,0,0,0,40,0,25,0,0,0,82,0,62,0,335,55,140,0,197,0,63,0,85,0,19,0,0,0,0,0,0,0,0,0,0,0,0,0,0,0,0,0,0,0,0,0,0,0,215,167,237,53,96,0,2,0,0,0,0,0,0,0,0
30,167,120,13,384,142,0,3,3,8,143,0,0,351,308,33,22,31,28,186,77,96,278,112,7,0,0,264,0,42,7,85,0,378,6,146,0,299,0,81,0,339,0,0,0,123,0,321,0,91,1,6,0,1,0,2,0,0,0,3,0,0,0,3,0,40,0,0,0,0,0,1,0,0,0,10,0,0,0,0,0,33,0,0,0,17,0,10,0,0,0,0,0,1,0,0,0,0,0,6,0,5,0,0,0,2,0,0,0,0,0,0,0,0,0,0,0,0,0,0,0,8,0,0,0,4,0,8,0,0,0,2,0,0,0,20,0,8,0,0,0,0,0,0,0,9,0,27,0,60,0,105,0,208,0,0,0,0,0,0,0,0,0,1,0,7,0,57,0,26,0,32,0,113,0,21,141,538,10,86,0,155,0,21,1,82,3,28,0,0,0,0,0,0,0,0,0,0,0,11,0,0,0,0,0,0,0,0,0,12,0,0,0,0,272,0,0,0,414,198,445,113,0,5,0
58,0,19,1,274,245,0,0,3,0,316,0,0,531,22,11,0,0,94,192,18,0,0,0,0,0,515,305,0,0,0,2,0,0,15,0,0,0,0,0,467,35,80,5,93,28,343,126,74,0,94,0,1,0,2,0,0,0,0,0,0,0,1,0,0,0,0,0,0,0,3,0,0,0,0,0,0,0,0,0,0,0,0,0,13,0,0,0,0,0,0,0,0,0,0,0,0,0,0,0,0,0,0,0,0,0,0,0,0,0,1,0,0,0,0,0,0,0,0,0,0,0,0,0,0,0,0,0,0,0,0,0,0,0,0,0,0,0,0,0,0,0,0,0,0,0,0,0,0,0,0,0,0,0,0,0,0,0,0,0,0,0,1,0,60,0,0,0,0,0,0,0,0,0,99,0,512,75,291,0,139,0,69,0,0,0,129,14,0,0,0,0,0,0,0,0,0,0,0,0,0,0,0,0,0,0,0,0,0,0,33,177,181,5,10,0,0,0,0,5,0,0,0,0,0
0,27,0,5,201,140,0,0,0,0,20,351,531,0,124,0,0,0,622,55,103,17,0,0,0,0,430,246,0,0,3,0,0,0,18,34,4,10,0,0,245,425,69,173,39,102,132,270,0,228,66,130,0,0,0,0,0,0,0,0,0,0,0,0,0,0,0,0,0,0,0,0,0,0,0,0,0,3,0,0,0,0,0,0,0,0,0,0,0,0,0,0,0,0,0,0,0,0,0,0,0,0,0,0,0,0,0,0,0,0,0,0,0,0,0,0,0,0,0,0,0,0,0,0,0,0,0,0,0,0,0,0,0,0,0,0,0,0,0,0,0,0,0,0,0,0,0,0,0,0,0,0,0,0,0,0,0,0,0,0,0,0,0,0,0,52,0,12,0,118,0,4,0,0,0,0,62,540,0,92,0,36,0,0,0,0,103,163,0,0,0,0,0,0,0,21,0,0,0,0,0,0,0,0,0,0,0,0,0,0,2,0,0,0,14,0,0,0,0,289,391,12,0,0,0
21,8,171,10,225,543,6,0,12,0,47,308,22,124,0,212,32,3,286,102,472,53,191,42,13,0,186,7,1,2,316,13,250,16,181,29,173,9,5,0,0,0,0,0,12,0,0,0,10,0,80,3,1,0,30,0,0,0,0,0,0,0,1,0,9,0,0,0,0,0,0,0,0,0,2,0,0,0,0,0,10,0,13,0,23,0,0,0,0,0,23,0,0,0,17,0,65,0,77,0,36,0,0,0,0,0,27,0,0,0,0,0,0,0,0,0,0,0,0,0,7,0,0,0,13,0,7,0,0,0,10,0,0,0,0,0,0,0,0,0,0,0,23,0,0,0,26,0,67,0,15,0,29,0,0,0,0,0,0,0,5,0,0,0,23,0,276,0,61,0,6,0,120,0,17,0,80,35,9,0,44,0,55,0,95,0,0,0,0,0,0,0,0,0,0,0,0,0,0,0,0,0,0,0,0,0,0,0,0,0,314,281,442,104,162,0,2,2,5,0,0,0,0,0,0
20,27,89,353,308,222,0,45,0,3,200,33,11,0,212,0,19,21,10,426,51,243,161,388,0,80,5,101,0,0,11,44,9,168,0,32,0,87,0,12,0,0,0,0,0,51,0,0,0,20,0,0,0,16,0,34,0,0,0,3,0,0,0,67,0,0,0,0,0,0,0,9,0,0,0,24,0,0,0,0,0,356,0,0,0,363,0,61,0,0,0,23,0,18,0,89,0,59,0,211,0,154,0,0,0,0,0,0,0,0,0,0,0,0,0,0,0,0,0,0,0,76,0,28,0,0,0,0,0,0,0,0,0,0,0,176,0,124,0,49,0,96,0,155,0,22,0,0,0,0,0,0,0,0,0,0,0,0,0,0,0,0,0,2,0,0,0,90,0,62,0,19,0,98,0,0,47,26,16,4,0,0,0,0,0,0,0,0,0,0,0,0,0,0,0,0,0,0,0,0,0,0,0,0,0,0,0,2,0,23,0,4,0,0,98,0,0,0,156,313,187,43,3,4,0
136,52,132,51,9,10,89,12,11,8,25,22,0,0,32,19,0,10,24,0,320,2,88,7,210,46,74,0,232,0,241,1,14,0,41,0,10,1,106,4,0,0,0,0,11,0,0,0,6,0,13,0,60,0,26,0,0,0,0,0,4,0,186,1,0,0,0,0,0,0,5,0,9,0,14,0,0,0,0,0,166,0,0,0,459,0,50,0,48,0,226,0,64,0,62,0,789,0,678,0,302,0,0,0,0,0,125,0,0,0,0,0,0,0,0,0,0,0,2,0,38,0,174,0,0,0,0,0,58,0,0,0,0,0,76,0,291,0,231,3,125,0,336,0,19,0,0,0,0,0,0,0,0,0,342,0,0,0,129,0,16,0,0,0,0,0,0,0,0,0,0,0,20,1,0,0,22,14,0,0,0,2,49,0,0,0,0,0,0,0,0,0,0,0,0,0,0,0,0,0,101,0,0,0,0,0,2,0,18,0,8,30,28,7,7,0,0,0,0,0,1,0,0,0,0
16,40,18,98,6,27,3,16,5,0,0,31,0,0,3,21,10,0,0,0,0,152,44,256,28,111,0,0,3,639,0,36,0,102,0,12,0,10,0,314,0,0,0,0,0,4,0,0,0,1,0,2,0,52,0,27,0,18,0,0,0,24,4,254,0,0,0,0,0,0,0,0,0,0,0,0,0,0,0,0,0,183,0,0,0,343,0,0,0,4,0,0,0,9,0,0,0,20,0,80,0,0,0,0,0,0,0,0,0,0,0,0,0,0,0,0,0,0,0,0,0,29,0,23,0,0,0,55,0,61,0,0,0,0,0,104,0,327,0,215,0,235,0,259,0,4,0,0,0,0,0,0,0,2,0,91,0,0,0,41,0,0,0,0,0,0,0,0,0,0,0,9,0,39,0,0,2,6,0,0,0,0,0,0,0,0,0,0,0,0,0,0,0,0,0,0,0,0,0,0,0,0,0,0,0,0,0,0,0,0,5,0,0,0,0,0,0,0,22,206,66,33,0,5,0
42,0,98,0,735,338,11,0,20,0,228,28,94,622,286,10,24,0,0,232,387,34,129,0,12,0,515,218,2,0,23,0,0,0,152,54,35,21,0,0,13,20,56,10,20,9,53,53,2,1,422,31,0,0,0,0,0,0,0,0,0,0,0,0,7,0,0,0,0,0,4,0,0,0,0,0,0,0,0,0,0,0,0,0,27,0,21,0,0,0,22,0,0,0,0,0,0,0,54,0,52,0,0,0,0,0,0,0,0,0,0,0,0,0,0,0,0,0,0,0,0,0,0,0,0,0,0,0,0,0,8,0,0,0,0,0,0,0,0,0,0,0,0,0,3,0,26,0,41,0,13,0,0,0,0,0,0,0,0,0,4,0,5,0,238,0,97,0,109,0,3,0,69,0,0,0,153,29,56,0,20,0,37,0,57,0,12,5,0,0,0,0,0,0,0,0,0,0,0,0,0,0,0,0,0,0,0,0,0,0,131,419,427,36,90,0,1,0,0,5,0,0,0,0,0
0,87,0,138,180,530,0,0,0,0,36,186,192,55,102,426,0,0,232,0,53,195,0,251,0,11,53,447,0,0,0,28,0,12,12,413,0,134,0,0,0,3,10,119,0,139,0,138,0,0,25,211,0,16,0,15,0,0,0,9,0,5,0,46,0,0,0,0,0,0,0,10,0,0,0,0,0,0,0,0,0,275,0,0,0,0,0,65,0,0,0,0,0,0,0,0,0,0,0,103,0,96,0,0,0,0,0,0,0,0,0,0,0,0,0,0,0,0,0,0,0,117,0,40,0,3,0,0,0,0,0,0,0,0,0,106,0,62,0,0,0,84,0,109,0,0,0,0,0,0,0,0,0,13,0,0,0,0,0,0,0,0,0,5,0,53,0,164,0,188,0,42,0,92,0,0,25,42,5,0,0,0,0,0,0,0,0,1,0,0,0,0,0,0,0,0,0,0,0,0,0,0,0,0,0,0,0,0,0,32,0,0,0,0,93,0,0,0,143,311,398,56,0,3,0
0,10,202,5,131,162,4,0,4,0,102,77,18,103,472,51,320,0,387,53,0,16,439,17,76,7,470,19,21,0,352,4,38,7,197,19,32,5,15,0,5,3,23,0,76,5,17,5,24,1,165,0,3,0,20,1,0,0,2,0,0,0,26,0,0,0,0,0,0,0,51,0,0,0,24,0,0,0,0,0,220,0,0,0,263,0,84,0,0,0,96,0,0,0,91,0,243,0,517,0,286,0,0,0,0,0,0,0,0,0,0,0,0,0,0,0,0,0,0,0,76,0,78,0,0,0,0,0,0,0,0,0,0,0,36,0,58,0,0,0,35,0,85,0,19,0,0,0,14,0,0,0,14,0,19,0,0,0,0,0,0,0,0,0,26,0,136,0,24,0,2,0,41,0,0,0,19,10,8,0,0,0,0,0,25,0,0,0,0,0,0,0,0,0,0,0,0,0,16,0,0,0,0,0,0,0,0,0,0,0,120,206,121,26,68,0,0,1,0,0,2,0,0,0,0
2,29,0,69,51,190,0,16,0,0,10,96,0,17,53,243,2,152,34,195,16,0,0,448,0,20,0,143,0,75,0,122,0,99,0,299,0,106,0,20,0,0,0,61,0,128,0,3,0,0,1,65,0,47,0,29,0,0,0,0,0,7,0,170,0,0,0,0,0,0,0,20,0,0,0,65,0,0,0,0,0,519,0,0,0,471,0,122,0,12,0,0,0,0,0,88,0,15,0,155,0,104,0,0,0,0,0,0,0,0,0,0,0,0,0,0,0,0,0,0,0,271,0,121,0,4,0,0,0,0,0,0,0,0,0,43,0,281,0,294,0,521,0,566,0,155,0,0,0,0,0,12,0,0,0,10,0,0,0,0,2,0,0,0,0,14,0,64,0,61,0,15,0,35,0,0,5,19,0,0,0,0,0,0,0,0,0,0,0,0,0,0,0,0,0,0,0,0,0,0,0,0,0,0,0,0,0,1,0,0,2,0,0,0,52,0,0,0,119,303,171,23,0,0,0
18,191,490,142,65,133,7,9,2,6,0,278,0,0,191,161,88,44,129,0,439,0,0,136,92,141,110,0,49,11,237,3,92,13,21,0,30,0,80,12,0,0,0,0,23,0,17,0,7,0,16,0,2,0,232,0,0,0,3,0,0,0,6,0,0,0,0,0,0,0,2,0,0,0,0,0,0,0,0,0,27,0,0,0,57,0,0,0,0,0,107,0,0,0,0,0,299,0,115,0,69,0,30,0,0,0,154,0,0,0,0,0,0,0,0,0,0,0,0,0,0,0,7,0,0,0,0,0,0,0,3,0,0,0,185,0,174,0,4,1,0,0,146,0,4,0,10,0,14,0,10,0,12,0,100,0,0,0,19,0,0,0,0,1,0,0,14,0,28,0,9,0,83,0,3,0,73,57,34,2,0,3,16,0,12,0,0,0,0,0,0,0,0,0,0,0,0,0,43,0,96,0,0,0,0,0,0,0,32,0,50,120,112,21,32,0,0,0,0,0,4,0,0,0,0
15,46,41,451,68,180,0,15,0,0,50,112,0,0,42,388,7,256,0,251,17,448,136,0,2,127,0,28,1,154,0,145,0,176,0,97,0,32,0,0,0,0,0,8,0,33,0,0,0,9,0,2,0,40,0,24,0,0,0,0,0,3,0,194,0,0,0,0,0,0,0,3,0,0,0,9,0,31,0,0,0,454,0,0,0,618,0,84,0,0,0,0,0,17,0,0,0,45,0,189,0,134,0,0,0,0,0,0,0,0,0,0,0,0,0,0,0,0,0,0,0,88,0,33,0,0,0,0,0,0,0,0,0,0,0,156,0,203,0,93,0,174,0,328,0,7,0,0,0,0,0,0,0,0,0,13,0,0,0,0,0,0,0,1,0,10,1,7,0,24,0,0,0,33,0,0,9,0,0,0,0,0,0,0,0,0,0,0,0,0,0,0,0,0,0,0,0,0,0,7,1,6,0,0,0,0,0,0,0,0,0,0,0,0,23,0,0,0,58,502,62,12,0,7,0
35,274,89,55,0,0,243,120,18,93,0,7,0,0,13,0,210,28,12,0,76,0,92,2,0,218,0,0,152,3,62,0,5,0,0,0,0,5,70,7,0,0,0,0,0,0,0,0,5,0,0,0,41,0,184,19,2,0,4,0,6,9,89,21,0,0,0,0,0,0,0,0,0,0,0,0,3,0,0,0,0,0,0,0,9,3,0,0,0,0,37,0,0,0,0,0,110,0,23,0,0,0,0,0,0,0,43,0,0,0,0,0,0,0,0,0,0,0,0,0,0,0,2,0,0,0,0,0,24,0,4,0,0,0,141,0,132,0,20,0,0,0,103,0,0,0,2,0,0,0,9,0,0,0,183,0,0,0,26,0,11,0,1,0,0,0,0,0,3,0,9,0,40,5,0,0,20,45,2,0,0,1,30,1,1,0,0,0,0,0,0,0,0,0,0,0,0,0,0,0,46,0,0,0,0,0,0,0,25,0,51,16,49,35,32,0,6,0,4,0,6,4,0,0,0
169,46,75,176,10,18,34,389,68,13,20,0,0,0,0,80,46,111,0,11,7,20,141,127,218,0,0,0,6,181,5,6,0,23,0,0,0,28,6,207,0,0,0,0,0,0,0,0,0,0,0,0,0,13,5,322,0,15,0,5,4,64,28,94,0,0,0,0,0,0,0,0,0,0,0,0,0,0,0,0,0,29,0,0,0,74,0,3,0,0,0,0,0,0,0,3,0,28,0,37,0,17,0,0,0,0,0,0,0,0,0,0,0,0,0,0,0,0,0,0,0,3,0,0,0,0,0,0,0,38,0,7,0,25,0,235,0,293,0,89,0,65,0,59,0,0,0,0,0,0,0,1,0,0,0,36,0,0,0,10,0,3,0,0,0,2,0,2,0,6,7,16,13,77,0,0,25,18,0,0,0,0,13,0,0,0,0,0,0,0,0,0,0,0,0,0,0,0,0,0,0,0,0,0,0,0,0,0,0,28,22,5,22,0,126,0,1,0,128,237,176,83,0,15,0
29,0,72,0,393,60,0,0,0,0,250,0,515,430,186,5,74,0,515,53,470,0,110,0,0,0,0,265,20,0,154,0,0,0,115,8,88,0,0,0,107,60,266,0,380,28,236,217,31,6,366,0,0,0,0,0,0,0,0,0,0,0,0,0,0,0,0,0,12,0,55,0,0,0,31,0,0,0,0,0,0,0,0,0,88,0,81,0,0,0,0,0,0,0,0,0,0,0,0,0,0,0,22,0,0,0,0,0,0,0,0,0,0,0,0,0,0,0,0,0,0,0,0,0,0,0,0,0,0,0,0,0,0,0,0,0,0,0,0,0,0,0,0,0,0,0,0,0,19,0,0,0,0,0,0,0,0,0,0,0,3,0,10,0,250,0,27,0,0,0,0,0,0,0,0,0,79,29,74,0,26,0,34,0,39,0,91,19,0,0,0,0,0,0,0,0,0,0,0,0,0,0,0,0,0,0,0,0,0,0,0,406,442,0,12,0,1,8,0,0,0,0,0,0,0
0,77,0,33,28,216,0,6,0,0,0,264,305,246,7,101,0,0,218,447,19,143,0,28,0,0,265,0,0,3,0,0,0,3,7,95,0,35,0,0,182,6,58,476,30,385,97,138,0,22,54,481,0,0,0,0,0,0,0,0,0,2,0,0,0,7,0,0,0,0,0,0,0,0,0,0,0,12,0,0,0,0,0,24,0,0,0,52,0,0,0,0,0,0,0,35,0,0,0,0,0,33,0,0,0,0,0,0,0,0,0,0,0,0,0,0,0,0,0,0,0,0,0,0,0,0,0,0,0,0,0,0,0,0,0,0,0,0,0,0,0,61,0,0,0,37,0,0,0,0,0,0,0,0,0,0,0,0,0,0,0,0,0,0,0,188,0,15,0,284,0,12,0,0,0,0,8,46,2,0,0,0,0,0,0,0,33,21,0,0,0,0,0,0,0,0,0,0,0,0,0,0,0,0,0,0,0,0,0,0,0,0,0,1,22,0,0,0,44,549,733,20,49,0,0
82,3,262,2,15,0,29,0,0,0,4,0,0,0,1,0,232,3,2,0,21,0,49,1,152,6,20,0,0,0,56,0,14,0,33,0,26,0,29,0,0,0,0,0,0,0,0,0,0,0,10,0,18,0,0,0,0,0,0,0,0,0,42,0,1,0,0,0,0,0,5,0,0,0,4,0,0,0,0,0,44,0,0,0,58,0,26,0,0,0,7,0,0,0,0,0,0,0,91,0,29,0,0,0,0,0,0,0,0,0,0,0,0,0,0,0,0,0,0,0,16,0,31,0,0,0,0,0,4,0,0,0,0,0,0,0,24,0,130,0,69,0,39,0,14,0,0,0,0,0,0,0,0,0,33,0,3,0,37,0,0,0,0,0,0,0,0,0,0,0,0,0,0,0,0,0,13,1,0,0,0,0,14,0,0,0,0,0,0,0,0,0,0,0,0,0,0,0,0,0,0,0,0,0,0,0,0,0,0,0,0,8,0,0,0,0,0,0,0,0,0,0,0,0,0
0,186,0,159,3,9,0,223,0,3,4,42,0,0,2,0,0,639,0,0,0,75,11,154,3,181,0,3,0,0,0,28,0,35,0,33,0,5,0,37,0,0,0,5,0,0,0,0,0,0,0,1,0,4,0,9,0,1,0,0,0,6,0,65,0,0,0,0,0,0,0,0,0,0,0,0,0,0,0,0,0,19,0,0,0,40,0,0,0,0,0,0,0,0,0,0,0,0,0,0,0,0,0,0,0,0,0,0,0,0,0,0,0,0,0,0,0,0,0,0,0,0,0,0,0,0,0,0,0,21,0,0,0,0,0,0,0,63,0,96,0,65,0,32,0,9,0,0,0,0,0,0,0,0,0,9,0,0,0,16,0,0,0,0,0,0,0,0,0,0,0,0,0,0,0,0,0,12,0,0,0,0,0,0,0,3,0,0,0,0,0,0,0,0,0,0,0,0,0,0,0,0,0,0,0,0,0,0,0,0,0,0,0,0,0,0,0,0,0,34,0,3,0,0,0
44,0,315,4,261,16,0,0,0,0,132,7,0,3,316,11,241,0,23,0,352,0,237,0,62,5,154,0,56,0,0,0,15,0,193,2,17,0,2,0,0,0,32,0,13,0,0,0,0,0,69,0,2,0,10,0,0,0,1,0,6,0,10,0,0,0,0,0,0,0,42,0,0,0,24,0,0,0,0,0,186,0,0,0,135,0,68,0,0,0,40,0,0,0,0,0,0,0,340,0,150,0,0,0,0,0,0,0,0,0,0,0,0,0,0,0,0,0,0,0,42,0,40,0,0,0,0,0,0,0,0,0,0,0,0,0,18,0,57,0,66,0,50,0,47,0,6,0,17,0,0,0,15,0,0,0,11,0,0,0,0,0,0,0,0,0,35,0,23,0,0,0,13,0,0,0,20,5,0,0,0,0,16,0,27,0,0,0,0,0,0,0,0,0,0,0,0,0,0,0,0,0,0,0,0,0,0,0,0,0,46,87,48,0,0,0,0,0,0,0,0,0,0,0,0
0,16,0,34,8,84,0,0,0,0,3,85,2,0,13,44,1,36,0,28,4,122,3,145,0,6,0,0,0,28,0,0,0,7,0,36,0,7,0,10,0,0,0,17,0,5,0,0,0,0,0,17,0,3,0,1,0,0,0,0,0,7,0,8,0,0,0,0,0,0,0,0,0,0,0,0,0,0,0,0,0,34,0,0,0,40,0,0,0,0,0,0,0,0,0,0,0,0,0,0,0,0,0,0,0,0,0,0,0,0,0,0,0,0,0,0,0,0,0,0,0,16,0,0,0,0,0,0,0,0,0,0,0,0,0,0,0,0,0,59,0,66,0,52,0,14,0,0,0,0,0,0,0,0,0,0,0,0,0,0,0,0,0,1,0,2,0,5,0,0,0,0,0,0,0,0,0,6,0,1,0,0,0,0,0,0,0,0,0,0,0,0,0,0,0,0,0,0,0,0,0,0,0,0,0,0,0,0,0,0,0,0,0,0,8,0,0,0,19,109,15,5,0,0,0
86,0,249,0,448,0,0,0,1,0,245,0,0,0,250,9,14,0,0,0,38,0,92,0,5,0,0,0,14,0,15,0,0,2,17,0,42,0,2,0,0,0,9,0,9,0,0,0,1,0,11,0,0,0,0,0,0,0,0,0,8,0,3,0,0,0,0,0,0,0,19,0,0,0,8,0,0,0,0,0,44,0,0,0,0,0,13,0,0,0,0,0,0,0,0,0,0,0,60,0,30,0,0,0,0,0,5,0,0,0,0,0,0,0,0,0,0,0,0,0,15,0,0,0,0,0,0,0,0,0,0,0,2,0,0,0,0,0,41,0,34,0,17,0,27,0,0,0,0,0,0,0,0,0,7,0,21,0,0,0,0,0,4,0,0,0,33,0,0,0,2,0,21,0,0,0,42,5,33,0,0,0,17,0,21,0,0,0,0,0,0,0,0,0,0,0,0,0,0,0,0,0,0,0,0,0,0,0,0,0,44,189,5,0,15,0,0,0,0,0,0,0,0,0,0
0,158,7,176,21,322,0,18,0,0,0,378,0,0,16,168,0,102,0,12,7,99,13,176,0,23,0,3,0,35,0,7,2,0,0,87,0,61,0,14,0,0,0,37,0,11,0,0,0,0,0,18,0,5,0,5,0,0,0,0,0,45,0,29,0,0,0,0,0,0,0,1,0,0,0,0,0,0,0,0,0,0,0,0,0,0,0,0,0,0,0,0,0,0,0,0,0,0,0,0,0,0,0,0,0,0,0,0,0,0,0,0,0,0,0,0,0,0,0,0,0,0,0,0,0,0,0,0,0,0,0,0,0,0,0,29,0,0,0,68,0,34,0,15,0,54,0,0,1,0,0,0,0,0,0,0,0,49,0,10,0,0,0,0,0,1,0,13,0,7,0,8,0,20,0,0,0,25,1,12,0,0,0,0,1,0,0,0,0,0,0,0,0,0,0,0,0,0,0,0,0,0,0,0,0,0,0,0,0,0,0,0,0,0,17,0,0,0,31,375,22,0,0,0,0
4,0,0,0,100,17,0,0,0,0,35,6,15,18,181,0,41,0,152,12,197,0,21,0,0,0,115,7,33,0,193,0,17,0,0,0,54,0,0,0,0,0,45,0,42,1,0,1,1,0,110,0,0,0,0,0,0,0,3,0,0,0,0,0,0,0,0,0,0,0,55,0,12,0,48,0,0,0,0,0,176,0,0,0,106,0,88,0,0,0,0,0,0,0,0,0,0,0,273,0,155,0,0,0,0,0,0,0,0,0,0,0,0,0,0,0,0,0,0,0,67,0,25,0,0,0,0,0,0,0,0,0,0,0,0,0,0,0,31,0,0,0,0,0,42,0,0,0,0,0,0,0,0,0,0,0,0,0,0,0,0,0,14,0,47,0,94,0,42,0,0,0,40,0,0,0,7,0,7,0,0,0,9,0,8,0,1,0,0,0,0,0,10,0,0,0,0,0,0,0,0,0,0,0,0,0,0,0,0,0,59,101,141,0,31,0,0,0,0,0,0,0,0,0,0
0,0,0,0,51,109,0,0,0,0,7,146,0,34,29,32,0,12,54,413,19,299,0,97,0,0,8,95,0,33,2,36,0,87,0,0,0,149,0,41,0,0,3,82,0,16,0,0,0,0,0,43,0,6,0,0,0,0,0,0,0,10,0,23,0,0,0,0,0,0,0,9,0,0,0,57,0,0,0,0,0,146,0,0,0,123,0,50,0,0,0,0,0,0,0,0,0,0,0,0,0,0,0,0,0,0,0,0,0,0,0,0,0,0,0,0,0,0,0,0,0,121,0,70,0,0,0,0,0,0,0,0,0,0,0,0,0,51,0,130,0,221,0,188,0,127,0,0,0,0,0,0,0,0,0,0,0,19,0,0,0,0,0,0,0,15,0,85,0,76,0,27,0,51,0,0,0,4,0,6,0,0,0,0,0,0,0,0,0,0,0,0,0,0,0,0,0,0,0,0,0,0,0,0,0,0,0,0,0,0,0,0,0,0,40,0,0,0,99,214,151,0,0,1,0
90,2,93,1,235,10,0,0,3,0,105,0,0,4,173,0,10,0,35,0,32,0,30,0,0,0,88,0,26,0,17,0,42,0,54,0,0,0,13,0,0,0,92,0,49,0,0,0,0,0,130,0,2,0,0,0,0,0,14,0,23,0,3,0,4,0,0,0,0,0,116,0,44,0,88,0,0,0,11,0,246,0,0,0,68,0,115,0,0,0,0,0,0,0,0,0,0,0,179,0,0,0,0,0,0,0,0,0,0,0,0,0,0,0,0,0,0,0,0,0,75,0,0,0,0,0,0,0,0,0,0,0,0,0,0,0,9,0,148,0,111,0,0,0,136,0,0,0,0,0,0,0,0,0,19,0,29,0,46,0,11,0,43,0,24,0,71,0,15,0,17,0,79,0,0,0,37,0,22,0,0,0,14,0,0,0,0,0,0,0,0,0,0,0,0,0,0,0,0,0,0,0,0,0,0,0,0,0,0,0,34,166,47,0,13,0,0,0,0,0,0,0,0,0,0
3,149,0,45,27,137,0,0,0,0,0,299,0,10,9,87,1,10,21,134,5,106,0,32,5,28,0,35,0,5,0,7,0,61,0,149,0,0,0,37,0,0,0,150,1,35,0,0,0,0,0,109,0,4,0,0,0,5,0,6,0,31,0,6,0,0,0,0,0,0,0,6,0,0,0,30,0,0,0,4,0,42,0,0,0,0,0,22,0,0,0,0,0,0,0,0,0,0,0,9,0,9,0,0,0,0,0,1,0,0,0,0,0,0,0,0,0,0,0,0,0,39,0,0,0,0,0,0,0,0,0,0,0,0,0,0,0,33,0,183,0,164,0,74,0,185,0,0,0,0,0,0,0,0,0,0,0,76,0,0,0,2,0,0,0,12,0,46,0,38,0,22,0,81,0,0,3,29,0,8,0,0,0,0,0,0,0,0,0,1,0,0,0,0,0,1,0,0,0,0,0,0,0,0,0,0,0,0,0,0,0,0,0,0,19,0,0,0,30,373,41,9,2,3,0
309,20,404,0,44,0,215,10,4,0,29,0,0,0,5,0,106,0,0,0,15,0,80,0,70,6,0,0,29,0,2,0,2,0,0,0,13,0,0,1,0,0,0,0,0,0,0,0,0,0,1,0,4,0,0,0,0,0,0,1,8,0,16,0,0,0,0,0,0,0,10,0,0,0,0,0,0,0,0,0,25,0,0,0,17,0,10,0,0,0,0,0,0,0,0,0,0,0,41,0,16,0,0,0,0,0,0,0,0,0,0,0,0,0,0,0,0,0,0,0,16,0,0,0,0,0,0,0,0,0,0,0,0,1,0,0,5,0,71,0,17,0,0,0,15,0,0,0,0,0,0,0,0,0,38,0,66,0,44,0,1,0,4,0,0,0,0,0,0,0,0,0,111,0,0,0,38,11,0,0,4,0,30,0,0,0,0,0,0,0,0,0,0,0,0,0,0,0,1,0,0,0,0,0,0,0,0,0,0,0,27,217,6,15,15,1,0,0,0,0,0,0,0,0,0
0,463,0,145,0,37,0,188,2,0,0,81,0,0,0,12,4,314,0,0,0,20,12,0,7,207,0,0,0,37,0,10,0,14,0,41,0,37,1,0,0,0,0,4,0,0,0,0,0,0,0,3,0,7,0,7,0,1,0,4,0,4,0,27,0,0,0,0,0,0,0,0,0,0,0,0,0,0,0,0,0,0,0,0,0,0,0,0,0,0,0,0,0,0,0,4,0,0,0,0,0,0,0,0,0,0,0,0,0,0,0,0,0,0,0,0,0,0,0,0,0,0,0,0,0,0,0,0,0,0,0,0,0,7,0,0,0,21,0,140,0,25,0,15,0,88,0,0,0,0,0,0,0,0,0,21,0,27,0,16,0,0,0,0,0,0,0,1,0,0,0,7,0,43,0,0,9,56,0,5,0,0,0,3,0,13,0,0,0,0,0,0,0,0,0,0,0,0,0,0,0,0,0,0,0,0,0,0,0,0,0,0,0,0,32,0,0,0,44,175,12,18,0,0,0
0,0,0,0,10,0,0,0,0,0,16,0,467,245,0,0,0,0,13,0,5,0,0,0,0,0,107,182,0,0,0,0,0,0,0,0,0,0,0,0,0,116,27,0,24,90,177,357,218,79,15,0,0,0,0,0,0,0,0,0,0,0,0,0,0,0,0,0,1,0,0,0,0,0,0,0,0,0,0,0,0,0,0,0,0,0,1,0,0,0,0,0,0,0,2,0,5,0,4,0,0,0,0,0,0,0,0,0,0,0,0,0,0,0,0,0,0,0,0,0,0,0,0,0,0,0,0,0,0,0,0,0,0,0,0,0,0,0,0,0,0,0,0,0,0,0,0,0,0,0,0,0,0,0,0,0,0,0,0,0,0,0,0,0,14,0,0,0,0,0,0,0,0,0,7,0,97,43,31,0,9,0,5,0,0,0,157,18,0,0,0,0,0,0,0,0,0,0,0,0,0,0,0,0,0,0,0,0,0,0,0,131,73,0,0,0,0,8,0,30,0,0,0,0,0
0,23,0,0,0,29,0,0,0,0,0,339,35,425,0,0,0,0,20,3,3,0,0,0,0,0,60,6,0,0,0,0,0,0,0,0,0,0,0,0,116,0,0,55,12,48,141,150,8,411,0,13,0,0,0,0,0,0,0,0,0,0,0,0,0,0,0,0,0,3,0,0,0,0,0,0,0,0,0,0,0,0,0,0,0,0,0,0,0,1,0,0,0,0,0,3,0,0,0,0,0,2,0,1,0,0,0,0,0,0,0,0,0,0,0,0,0,0,0,0,0,0,0,0,0,0,0,0,0,0,0,0,0,0,0,0,0,0,0,0,0,0,0,0,0,0,0,0,0,0,0,0,0,0,0,0,0,0,0,0,0,0,0,0,0,10,0,0,0,4,0,2,0,0,0,0,0,85,0,4,0,0,0,0,0,0,19,34,0,0,0,0,0,0,0,0,0,0,0,0,0,0,0,0,0,0,0,0,0,0,0,0,0,0,0,0,0,0,0,73,29,0,0,0,11
0,0,0,0,24,0,0,0,0,0,8,0,80,69,0,0,0,0,56,10,23,0,0,0,0,0,266,58,0,0,32,0,9,0,45,3,92,0,0,0,27,0,0,0,275,6,41,35,24,0,60,0,0,0,2,0,0,0,2,0,0,0,0,0,0,0,0,0,0,0,30,0,0,0,21,0,0,0,0,0,0,0,0,0,0,0,0,0,0,0,0,0,0,0,0,0,0,0,0,0,0,0,0,0,0,0,0,0,0,0,0,0,0,0,0,0,0,0,0,0,0,0,0,0,0,0,0,0,0,0,0,0,0,0,0,0,0,0,0,0,0,0,0,0,0,0,0,0,0,0,0,0,0,0,0,0,0,0,0,0,0,0,0,0,84,0,8,0,10,0,1,0,9,0,0,0,10,0,8,0,0,0,0,0,3,0,24,0,5,0,0,0,0,0,0,0,0,0,0,0,0,0,0,0,5,0,0,0,0,0,36,121,144,18,29,0,1,5,0,0,0,0,0,0,0
0,0,0,0,2,15,0,0,0,0,0,0,5,173,0,0,0,0,10,119,0,61,0,8,0,0,0,476,0,5,0,17,0,37,0,82,0,150,0,4,0,55,0,0,0,237,0,85,1,7,0,119,0,0,0,4,0,0,0,0,0,0,0,5,0,0,0,0,0,0,0,0,0,0,0,21,0,0,0,0,0,57,0,0,0,0,0,20,0,0,0,0,0,0,0,0,0,0,0,0,0,0,0,0,0,0,0,4,0,0,0,0,0,0,0,0,0,0,0,0,0,36,0,20,0,1,0,0,0,0,0,0,0,0,0,0,0,0,0,0,0,43,0,0,0,49,0,0,0,0,0,2,0,0,0,0,0,0,0,0,0,0,0,0,0,66,0,33,0,61,0,10,0,19,0,0,0,0,0,0,0,0,0,0,0,0,0,96,0,0,0,0,0,0,0,0,0,0,0,0,0,0,0,0,0,0,0,0,0,0,0,0,0,0,0,0,0,0,3,57,89,2,0,0,0
5,0,0,0,41,7,8,0,0,2,25,0,93,39,12,0,11,0,20,0,76,0,23,0,0,0,380,30,0,0,13,0,9,0,42,0,49,1,0,0,24,12,275,0,0,9,317,37,216,58,164,0,0,0,0,0,4,0,8,0,0,0,0,0,0,0,0,0,0,0,0,0,6,0,0,0,0,0,0,0,0,0,41,0,47,0,0,0,0,0,0,0,39,0,0,0,48,0,0,0,80,0,46,0,0,0,25,0,0,0,0,0,0,0,0,0,0,0,0,0,0,0,0,0,0,0,0,0,0,0,0,0,0,0,0,0,0,0,0,0,0,0,0,0,18,0,0,0,0,0,0,0,0,0,0,0,0,0,0,0,0,0,7,0,267,0,18,0,19,0,4,0,0,0,0,0,21,0,9,0,13,0,0,0,0,0,108,0,0,0,15,0,0,0,23,0,0,0,0,0,12,0,30,0,0,0,0,0,0,0,0,207,207,8,16,0,0,33,0,0,0,0,0,0,1
0,45,0,0,0,16,0,5,0,4,0,123,28,102,0,51,0,4,9,139,5,128,0,33,0,0,28,385,0,0,0,5,0,11,1,16,0,35,0,0,90,48,6,237,9,0,102,258,9,136,4,72,0,7,0,8,0,0,0,11,0,0,0,14,0,0,0,0,0,17,0,15,0,0,0,49,0,19,0,2,0,159,0,55,0,96,0,47,0,0,0,0,0,8,0,46,0,13,0,27,0,36,0,12,0,0,0,0,0,0,0,0,0,0,0,0,0,0,0,0,0,79,0,29,0,0,0,10,0,0,0,0,0,0,0,0,0,0,0,0,0,66,0,71,0,59,0,0,0,0,0,0,0,0,0,0,0,0,0,0,0,3,0,5,0,225,0,22,0,150,0,19,0,23,0,0,0,18,0,1,0,0,0,0,0,0,8,31,0,25,0,0,0,0,0,31,0,0,0,0,0,0,0,0,0,0,0,0,0,0,0,3,0,0,12,0,0,0,25,125,190,0,17,0,72
0,0,0,0,0,0,0,0,0,0,26,0,343,132,0,0,0,0,53,0,17,0,17,0,0,0,236,97,0,0,0,0,0,0,0,0,0,0,0,0,177,141,41,0,317,102,0,341,345,220,39,0,0,0,0,0,0,0,0,0,0,0,0,0,0,0,0,0,0,0,1,0,0,0,0,0,0,0,0,0,2,0,0,0,0,0,0,0,0,0,0,0,15,0,0,0,0,0,0,0,0,0,22,0,0,0,0,0,0,0,0,0,0,0,0,0,0,0,0,0,0,0,0,0,0,0,0,0,0,0,0,0,0,0,0,0,0,0,0,0,0,0,0,0,0,0,0,0,0,0,0,0,0,0,0,0,0,0,0,0,0,0,0,0,105,0,2,0,0,0,0,0,3,0,0,0,25,39,18,0,10,0,0,0,0,0,103,12,0,0,15,0,0,0,0,0,0,0,0,0,0,0,0,0,0,0,0,0,0,0,6,569,301,0,4,0,1,79,0,39,0,0,0,0,4
0,40,0,11,6,52,0,4,0,0,0,321,126,270,0,0,0,0,53,138,5,3,0,0,0,0,217,138,0,0,0,0,0,0,1,0,0,0,0,0,357,150,35,85,37,258,341,0,9,188,28,35,0,0,0,0,0,0,0,0,0,0,0,0,0,3,0,0,0,11,0,0,0,0,0,0,0,8,0,0,0,0,0,18,0,0,0,6,0,0,0,0,0,3,0,0,0,0,0,0,0,0,0,0,0,0,0,0,0,0,0,0,0,0,0,0,0,0,0,1,0,0,0,0,0,0,0,0,0,0,0,0,0,0,0,0,0,10,0,0,0,0,0,0,0,0,0,0,0,0,0,0,0,0,0,0,0,0,0,0,0,0,0,0,0,44,0,0,0,34,0,0,0,0,0,0,0,114,0,0,0,1,0,0,0,0,45,46,0,0,0,0,0,0,0,0,0,0,0,0,0,0,0,0,0,0,0,0,0,0,0,3,0,0,1,0,0,0,6,422,176,0,0,0,60
11,0,16,0,15,0,55,0,27,6,6,0,74,0,10,0,6,0,2,0,24,0,7,0,5,0,31,0,0,0,0,0,1,0,1,0,0,0,0,0,218,8,24,1,216,9,345,9,0,83,15,0,7,0,55,0,20,0,47,0,20,0,1,0,0,0,0,0,11,0,5,0,0,0,0,0,0,0,0,0,11,0,22,0,8,0,6,0,0,0,0,0,19,0,11,0,9,0,0,0,12,0,41,0,21,0,17,0,1,0,0,0,0,0,0,0,0,0,0,0,0,0,0,0,1,0,2,0,1,0,0,0,0,1,9,0,3,3,0,0,0,0,0,0,3,0,0,1,0,0,8,0,14,0,0,0,0,0,2,0,6,0,8,0,56,0,7,0,3,0,3,0,4,0,13,0,189,0,10,0,22,0,0,1,5,0,164,0,19,0,6,0,16,0,17,0,0,0,9,0,8,0,13,0,21,0,0,0,5,0,66,81,269,20,124,0,2,15,1,7,0,0,0,0,5
0,24,0,0,0,0,0,1,0,0,0,91,0,228,0,20,0,1,1,0,1,0,0,9,0,0,6,22,0,0,0,0,0,0,0,0,0,0,0,0,79,411,0,7,58,136,220,188,83,0,0,7,0,3,0,10,0,0,0,4,0,0,0,0,0,0,0,0,0,10,0,0,0,0,0,0,0,17,0,0,0,25,0,26,0,28,0,18,0,0,0,0,0,11,0,27,0,0,0,0,0,13,0,5,0,4,0,5,0,0,0,0,0,0,0,0,0,0,0,0,0,9,0,4,0,0,0,4,0,0,0,0,0,0,0,15,0,5,0,0,0,10,0,0,0,0,0,0,0,0,0,0,0,0,0,0,0,0,0,0,0,1,0,0,0,135,0,0,0,32,0,3,0,0,0,0,0,88,0,4,0,0,0,0,0,0,29,158,0,13,0,0,0,0,0,14,0,0,0,0,0,0,0,0,0,0,0,0,0,0,0,26,0,0,8,0,0,0,0,83,107,0,3,0,74
7,0,0,0,163,0,0,0,0,0,48,1,94,66,80,0,13,0,422,25,165,1,16,0,0,0,366,54,10,0,69,0,11,0,110,0,130,0,1,0,15,0,60,0,164,4,39,28,15,0,0,0,0,0,0,0,14,0,21,0,4,0,0,0,3,0,0,0,7,0,81,0,40,0,60,0,5,0,0,0,140,0,54,0,68,0,67,0,0,0,0,0,0,0,67,0,0,0,195,0,122,0,0,0,0,0,27,0,0,0,0,0,0,0,0,0,0,0,0,0,56,0,0,0,0,0,0,0,0,0,0,0,0,0,0,0,0,0,0,0,0,0,0,0,38,0,0,0,0,0,0,0,0,0,0,0,5,0,0,0,0,0,25,0,136,0,73,0,62,0,21,0,73,0,4,0,12,0,13,0,0,0,6,0,0,0,4,0,19,0,0,0,0,0,0,0,0,0,0,0,0,0,0,0,0,0,0,0,0,0,136,120,202,59,82,4,2,3,0,0,0,0,0,0,0
0,0,0,0,0,47,0,0,0,3,0,6,0,130,3,0,0,2,31,211,0,65,0,2,0,0,0,481,0,1,0,17,0,18,0,43,0,109,0,3,0,13,0,119,0,72,0,35,0,7,0,0,0,0,0,2,0,0,0,0,0,0,0,0,0,0,0,0,0,0,0,21,0,6,0,55,0,8,0,0,0,68,0,0,0,0,0,24,0,0,0,0,0,0,0,0,0,0,0,0,0,0,0,0,0,0,0,0,0,0,0,0,0,0,0,0,0,0,0,0,0,55,0,27,0,0,0,0,0,3,0,0,0,0,0,0,0,0,0,0,0,65,0,29,0,59,0,0,0,0,0,0,0,0,0,0,0,6,0,0,0,0,0,7,0,36,0,57,0,144,0,36,0,93,0,0,0,3,0,0,0,0,0,0,0,0,0,15,0,0,0,0,0,0,0,0,0,0,0,0,0,0,0,0,0,0,0,1,0,0,0,0,0,0,5,0,0,0,16,59,112,11,0,0,0
5,2,7,0,0,0,219,6,334,55,0,0,1,0,1,0,60,0,0,0,3,0,2,0,41,0,0,0,18,0,2,0,0,0,0,0,2,0,4,0,0,0,0,0,0,0,0,0,7,0,0,0,0,2,153,16,75,0,50,13,73,0,86,3,0,0,10,12,0,0,0,0,0,0,0,0,0,0,0,0,0,0,0,0,28,1,0,0,0,0,0,0,0,0,0,0,51,0,47,0,18,0,0,0,0,0,0,0,0,0,0,0,0,0,0,0,0,0,0,0,0,0,18,0,8,0,0,0,55,0,20,0,0,0,41,0,106,0,202,0,32,0,72,0,2,0,0,0,0,2,12,0,0,0,671,0,20,0,190,0,64,1,28,0,0,0,4,0,7,0,94,0,0,0,0,0,0,1,0,0,0,0,0,0,1,1,0,0,0,0,0,0,0,0,0,0,0,0,7,0,13,0,0,0,0,0,0,0,16,0,72,128,152,98,51,3,16,0,0,1,1,0,0,0,0
0,14,0,3,0,0,10,26,39,98,0,1,0,0,0,16,0,52,0,16,0,47,0,40,0,13,0,0,0,4,0,3,0,5,0,6,0,4,0,7,0,0,0,0,0,7,0,0,0,3,0,0,2,0,6,171,0,210,6,63,0,29,0,34,0,0,2,2,0,0,0,0,0,0,0,0,0,0,0,0,0,5,0,0,0,22,0,0,0,0,0,0,0,0,0,0,0,0,0,0,0,0,0,0,0,0,0,0,0,0,0,0,0,0,0,0,0,0,0,0,0,0,0,0,0,0,0,0,0,126,0,39,0,42,0,16,0,104,0,238,0,57,0,34,0,21,0,0,0,0,0,0,0,0,0,279,0,8,0,243,0,41,0,1,0,0,0,1,0,3,0,30,0,13,0,0,0,10,0,0,0,0,0,14,0,0,0,0,0,0,0,0,0,0,0,0,0,0,0,0,0,0,0,0,0,1,0,0,0,17,1,0,2,0,21,0,0,0,40,65,62,56,2,5,0
0,2,119,0,0,0,297,16,38,200,0,0,2,0,30,0,26,0,0,0,20,0,232,0,184,5,0,0,0,0,10,0,0,0,0,0,0,0,0,0,0,0,2,0,0,0,0,0,55,0,0,0,153,6,0,65,193,1,144,24,30,0,29,12,1,2,3,41,2,0,0,0,0,0,0,0,0,0,0,0,0,0,0,0,0,0,0,0,0,0,0,0,0,0,0,0,0,0,0,0,0,0,0,0,0,0,0,0,0,0,0,0,0,0,0,0,0,0,0,0,0,0,0,0,28,0,58,0,19,0,108,2,0,0,373,0,235,0,9,0,5,0,92,0,0,0,32,0,0,0,65,0,0,0,262,1,49,0,48,0,194,2,10,0,12,0,0,0,53,0,425,0,28,0,3,0,0,4,0,0,0,0,0,4,0,2,0,0,0,0,0,0,0,0,0,0,0,0,62,0,52,1,0,0,0,0,0,0,121,0,229,38,366,327,187,0,78,10,6,0,4,4,0,0,0
6,11,1,102,0,18,62,200,243,72,0,2,0,0,0,34,0,27,0,15,1,29,0,24,19,322,0,0,0,9,0,1,0,5,0,0,0,0,0,7,0,0,0,4,0,8,0,0,0,10,0,2,16,171,65,0,0,188,30,48,6,72,18,101,0,2,20,4,0,9,0,0,0,0,0,0,0,5,0,0,0,0,0,0,0,5,0,0,0,0,0,0,0,0,0,0,0,0,0,0,0,0,0,0,0,0,0,0,0,0,0,0,0,0,0,0,0,0,0,0,0,3,0,0,0,0,0,0,0,50,0,33,0,58,0,95,0,267,0,72,0,12,0,0,0,0,0,0,0,0,0,0,0,0,0,239,0,76,0,27,0,44,0,0,0,12,1,0,0,29,5,232,0,84,0,0,0,2,0,0,0,0,0,10,4,0,0,0,0,0,0,0,0,0,0,1,0,0,0,13,0,0,0,0,0,0,0,0,0,139,8,6,8,3,234,0,1,0,428,202,596,372,11,44,3
0,0,7,0,0,0,24,0,8,12,0,0,0,0,0,0,0,0,0,0,0,0,0,0,2,0,0,0,0,0,0,0,0,0,0,0,0,0,0,0,0,0,0,0,4,0,0,0,20,0,14,0,75,0,193,0,0,0,153,26,0,0,6,0,40,36,3,68,0,0,0,0,0,0,0,0,5,0,0,0,0,0,0,0,0,0,0,0,0,0,0,0,0,0,0,0,0,0,0,0,0,0,0,0,0,0,0,0,0,0,0,0,0,0,0,0,0,0,0,0,0,0,0,0,10,0,26,0,2,0,60,0,0,1,7,0,0,0,13,0,0,0,6,0,36,0,0,0,0,0,15,0,2,0,259,5,104,0,44,4,290,14,114,0,0,0,3,0,22,0,147,0,6,0,0,0,0,0,0,0,0,0,0,0,0,3,0,0,0,0,0,0,0,0,0,0,0,0,5,0,0,0,0,0,0,0,0,0,22,0,343,74,554,452,425,21,52,5,0,0,0,1,0,0,0
0,0,0,0,0,0,0,12,3,2,0,0,0,0,0,0,0,18,0,0,0,0,0,0,0,15,0,0,0,1,0,0,0,0,0,0,0,5,0,1,0,0,0,0,0,0,0,0,0,0,0,0,0,210,1,188,0,0,4,91,0,8,0,27,0,0,9,1,0,2,0,0,0,0,0,0,0,1,0,0,0,0,0,3,0,0,0,0,0,0,0,0,0,0,0,0,0,0,0,0,0,0,0,0,0,0,0,0,0,0,0,0,0,0,0,0,0,0,0,0,0,0,0,0,0,0,0,11,0,63,0,30,0,55,0,21,0,99,0,40,0,6,0,0,0,0,0,0,0,0,0,0,0,0,0,313,0,35,0,123,0,118,0,0,0,0,0,0,0,17,0,161,0,9,0,0,0,0,0,0,0,0,0,0,0,0,0,0,0,0,0,0,0,0,0,0,0,0,0,11,0,0,0,0,0,0,0,0,0,70,0,0,0,0,150,0,0,0,215,60,521,233,14,21,0
0,0,4,0,0,0,39,0,106,60,0,0,0,0,0,0,0,0,0,0,2,0,3,0,4,0,0,0,0,0,1,0,0,0,3,0,14,0,0,0,0,0,2,0,8,0,0,0,47,0,21,0,50,6,144,30,153,4,0,170,0,0,3,0,184,78,242,414,0,0,0,0,0,0,0,0,4,0,0,0,0,0,0,0,0,0,0,0,0,0,0,0,2,0,0,0,0,0,0,0,0,0,0,0,0,0,0,0,0,0,0,0,0,0,0,0,0,0,0,0,0,0,0,0,12,0,0,0,0,0,78,0,2,0,0,0,0,0,9,0,1,0,0,0,15,0,0,0,13,0,0,0,0,0,221,17,204,0,6,18,122,0,25,0,0,0,8,0,37,0,201,0,14,0,8,0,2,0,0,0,0,0,0,0,14,26,0,0,0,0,0,0,0,0,0,0,0,0,0,0,0,0,0,0,0,0,0,0,11,0,833,391,546,759,883,34,122,10,15,0,0,0,0,0,0
0,5,0,0,0,0,0,11,77,117,0,3,0,0,0,3,0,0,0,9,0,0,0,0,0,5,0,0,0,0,0,0,0,0,0,0,0,6,1,4,0,0,0,0,0,11,0,0,0,4,0,0,13,63,24,48,26,91,170,0,0,52,1,9,39,107,252,259,0,0,0,0,0,0,0,0,0,0,0,0,0,0,0,0,0,0,0,1,0,0,0,0,0,0,0,2,0,0,0,0,0,0,0,0,0,0,0,0,0,0,0,0,0,0,1,0,0,0,0,1,0,0,0,0,0,12,0,28,0,21,0,159,0,9,0,1,0,7,2,3,0,0,0,0,1,46,0,3,0,12,0,0,0,0,19,131,0,356,3,57,11,153,0,16,0,9,0,0,0,17,0,181,0,20,0,2,0,0,0,0,0,0,0,0,51,7,0,0,0,0,0,0,0,0,0,0,0,0,0,0,0,0,0,0,0,0,0,0,0,16,0,10,0,0,1134,0,0,0,1439,482,837,728,114,151,3
65,0,17,0,0,0,250,5,195,11,0,0,0,0,0,0,4,0,0,0,0,0,0,0,6,4,0,0,0,0,6,0,8,0,0,0,23,0,8,0,0,0,0,0,0,0,0,0,20,0,4,0,73,0,30,6,0,0,0,0,0,0,56,0,0,0,0,1,0,0,2,0,0,0,0,0,0,0,0,0,0,0,0,0,0,0,2,0,0,0,0,0,0,0,0,0,0,0,0,0,0,0,0,0,0,0,0,0,0,0,0,0,0,0,0,0,0,0,0,0,0,0,0,0,0,0,0,0,0,0,0,0,0,0,0,0,5,0,71,0,58,0,0,0,101,0,0,0,0,0,0,0,0,0,24,0,96,0,35,0,0,0,5,0,3,0,0,0,2,0,154,0,73,0,0,0,0,7,0,0,0,0,0,0,0,0,0,0,0,0,0,0,0,0,0,0,0,0,0,0,0,0,0,0,0,0,0,0,0,0,136,257,88,137,55,0,25,2,0,0,0,0,0,0,0
3,180,0,4,0,0,3,273,6,317,0,0,0,0,0,0,0,24,0,5,0,7,0,3,9,64,0,2,0,6,0,7,0,45,0,10,0,31,0,4,0,0,0,0,0,0,0,0,0,0,0,0,0,29,0,72,0,8,0,52,0,0,1,48,0,0,0,0,0,0,0,0,0,1,0,7,0,1,0,0,0,0,0,0,0,0,0,0,0,0,0,0,0,0,0,0,0,2,0,0,0,0,0,0,0,0,0,0,0,0,0,0,0,0,0,0,0,0,0,0,0,0,0,2,0,0,0,0,0,0,0,4,0,0,0,5,0,24,0,165,0,52,0,0,0,236,0,0,0,0,0,0,0,0,0,22,0,206,0,35,0,0,0,4,0,0,0,0,0,0,0,72,0,50,0,0,2,27,0,1,0,0,0,35,0,11,0,0,0,0,0,0,0,0,0,0,0,0,0,0,0,0,0,0,0,0,0,0,0,0,2,0,0,0,96,0,0,0,149,210,124,142,0,21,1
77,18,17,1,0,0,568,21,215,74,0,0,1,0,1,0,186,4,0,0,26,0,6,0,89,28,0,0,42,0,10,0,3,0,0,0,3,0,16,0,0,0,0,0,0,0,0,0,1,0,0,0,86,0,29,18,6,0,3,1,56,1,0,17,0,0,0,0,0,0,0,0,0,0,1,0,0,0,0,0,0,0,0,0,16,0,0,0,0,0,0,0,0,0,0,0,0,0,0,0,5,1,0,0,0,0,0,0,0,0,0,0,0,0,0,0,0,0,0,0,0,0,0,0,0,0,0,0,0,0,0,0,0,0,8,0,13,0,50,0,15,0,20,0,0,0,0,0,0,0,1,0,0,0,62,0,22,0,27,0,8,0,0,0,0,0,0,0,0,0,0,1,2,1,0,0,2,3,0,0,0,0,7,0,0,0,0,0,0,0,0,0,0,0,0,0,0,0,0,0,0,0,0,0,0,0,0,0,0,0,27,62,9,0,14,0,4,0,0,0,0,2,0,0,0
9,51,0,5,0,0,42,198,46,185,0,3,0,0,0,67,1,254,0,46,0,170,0,194,21,94,0,0,0,65,0,8,0,29,0,23,0,6,0,27,0,0,0,5,0,14,0,0,0,0,0,0,3,34,12,101,0,27,0,9,0,48,17,0,0,0,0,0,0,0,0,0,0,0,0,0,0,0,0,0,0,0,0,0,0,37,0,2,0,0,0,0,0,0,0,0,0,0,0,6,0,0,0,0,0,0,0,0,0,0,0,0,0,0,0,0,0,0,0,0,0,0,0,0,0,0,0,0,0,34,0,14,0,26,0,23,0,75,0,191,0,86,0,45,0,25,0,0,0,0,0,0,0,0,0,126,0,25,0,54,0,0,0,0,0,1,0,1,0,1,3,10,6,13,0,0,0,14,0,0,0,0,0,15,0,0,0,0,0,0,0,0,0,0,0,0,0,0,0,0,0,0,0,0,0,0,0,0,0,9,0,1,0,0,37,0,0,0,42,28,57,38,1,0,0
15,0,7,0,0,0,126,0,216,0,11,0,0,0,9,0,0,0,7,0,0,0,0,0,0,0,0,0,1,0,0,0,0,0,0,0,4,0,0,0,0,0,0,0,0,0,0,0,0,0,3,0,0,0,1,0,40,0,184,39,0,0,0,0,0,142,185,79,0,0,0,2,0,0,0,0,0,0,0,0,0,0,0,0,0,0,0,0,0,0,0,0,0,0,0,0,0,0,0,0,0,1,0,0,0,0,0,0,0,0,0,0,0,0,0,0,0,0,0,0,0,0,0,0,10,0,5,0,0,0,22,0,0,0,0,0,0,0,7,23,1,0,0,0,64,7,17,0,47,0,0,0,0,0,2,27,13,0,5,24,359,139,18,0,0,0,0,0,0,0,4,0,6,0,34,0,0,0,0,0,116,16,6,0,135,12,0,0,0,0,0,0,0,0,0,0,0,0,0,0,0,0,0,0,0,0,0,0,0,0,98,10,26,0,71,0,0,0,3,0,0,0,0,0,0
0,90,1,0,0,0,4,11,2,233,0,40,0,0,0,0,0,0,0,0,0,0,0,0,0,0,0,7,0,0,0,0,0,0,0,0,0,0,0,0,0,0,0,0,0,0,0,3,0,0,0,0,0,0,2,2,36,0,78,107,0,0,0,0,142,0,88,295,0,0,2,23,0,4,2,22,0,0,0,0,0,0,0,0,0,2,0,9,0,0,0,0,0,0,0,9,2,0,0,0,0,5,1,1,0,0,0,0,0,0,0,0,0,0,0,0,0,0,0,0,0,0,0,0,0,26,0,30,0,0,33,95,0,0,0,1,0,2,25,22,1,0,0,0,41,62,10,22,0,207,0,0,0,4,17,2,2,0,104,4,268,166,0,0,0,0,0,0,0,4,0,0,0,0,4,24,0,0,0,0,48,94,0,27,24,179,0,0,0,0,0,0,0,0,0,0,0,0,0,3,0,0,0,1,0,0,0,9,1,13,16,0,10,0,116,1,1,0,160,48,61,0,0,0,0
2,0,1,0,0,0,109,0,177,37,0,0,0,0,0,0,0,0,0,0,0,0,0,0,0,0,0,0,0,0,0,0,0,0,0,0,0,0,0,0,0,0,0,0,0,0,0,0,0,0,0,0,10,2,3,20,3,9,242,252,0,0,0,0,185,88,0,437,0,0,0,0,0,0,0,0,0,0,0,0,0,0,0,0,0,0,0,0,0,0,0,0,0,0,0,0,0,0,0,0,0,0,0,0,0,0,0,0,0,0,0,0,0,0,0,0,0,0,0,0,0,0,0,0,0,0,0,0,0,0,4,0,0,0,0,0,0,0,6,1,0,0,0,0,13,0,6,0,19,0,0,0,0,0,14,19,30,0,3,14,66,13,3,0,0,0,1,0,0,0,16,0,0,0,16,0,9,0,0,0,0,0,0,0,254,29,0,0,0,0,0,0,0,0,0,0,0,0,0,0,0,0,0,0,0,0,0,0,0,0,112,85,48,112,116,7,0,0,4,0,1,1,0,0,0
0,26,0,0,0,0,8,19,102,300,0,0,0,0,0,0,0,0,0,0,0,0,0,0,0,0,0,0,0,0,0,0,0,0,0,0,0,0,0,0,0,0,0,0,0,0,0,0,0,0,0,0,12,2,41,4,68,1,414,259,1,0,0,0,79,295,437,0,0,0,0,0,0,0,0,0,0,0,0,0,0,0,0,0,0,0,0,0,0,0,0,0,0,0,0,0,0,0,0,0,0,0,0,0,0,0,0,0,0,0,0,0,0,0,0,0,0,0,0,0,0,0,0,0,0,14,0,9,0,0,0,61,0,0,0,0,0,0,3,0,0,0,0,0,3,17,0,5,0,35,0,0,0,0,45,9,3,22,30,11,22,26,0,0,0,0,0,0,0,0,0,8,0,0,0,16,0,2,0,0,1,0,2,2,83,252,0,0,0,0,0,0,0,0,0,0,0,0,0,0,0,0,0,0,0,0,0,0,0,3,6,0,3,5,252,0,0,0,294,279,118,150,15,15,1
0,0,0,0,0,0,0,0,1,0,0,0,0,0,0,0,0,0,0,0,0,0,0,0,0,0,12,0,0,0,0,0,0,0,0,0,0,0,0,0,1,0,0,0,0,0,0,0,11,0,7,0,0,0,2,0,0,0,0,0,0,0,0,0,0,0,0,0,0,0,0,0,0,0,0,0,60,0,5,0,0,0,38,0,0,0,0,0,42,0,0,0,90,0,21,0,0,0,0,0,29,0,480,0,0,0,27,0,82,0,5,0,6,0,3,0,6,0,0,0,0,0,0,0,0,1,0,0,0,0,1,0,0,0,0,0,0,0,0,0,0,0,0,0,0,0,0,0,1,0,3,0,0,0,0,0,0,0,0,0,0,0,0,0,65,0,0,0,35,0,3,0,0,0,3,0,0,0,0,0,0,0,0,0,0,0,0,0,11,0,0,0,0,0,11,0,1,0,0,0,0,0,0,0,0,0,0,0,0,0,57,2,114,1,10,30,80,3,0,0,0,0,0,0,0
0,0,0,0,0,0,0,0,0,1,0,0,0,0,0,0,0,0,0,0,0,0,0,0,0,0,0,0,0,0,0,0,0,0,0,0,0,0,0,0,0,3,0,0,0,17,0,11,0,10,0,0,0,0,0,9,0,2,0,0,0,0,0,0,0,0,0,0,0,0,0,0,0,0,0,0,0,31,0,0,0,4,0,81,0,0,0,0,0,44,0,6,0,102,0,36,0,9,0,0,0,7,0,150,0,3,0,8,0,46,0,16,0,4,0,1,0,1,0,0,0,1,0,0,0,0,0,0,0,0,0,0,0,0,0,4,0,0,0,0,0,0,0,0,0,0,0,0,0,0,0,0,0,1,0,0,0,0,0,0,0,1,0,3,0,28,0,0,0,47,0,10,0,0,0,0,0,0,0,0,0,2,0,0,0,0,0,0,0,22,0,0,0,0,0,17,0,0,0,0,0,9,0,9,0,0,0,0,0,14,0,0,0,0,0,0,0,0,19,7,58,1,22,8,3
0,0,0,0,0,0,1,0,0,0,0,0,3,0,0,0,5,0,4,0,51,0,2,0,0,0,55,0,5,0,42,0,19,0,55,0,116,0,10,0,0,0,30,0,0,0,1,0,5,0,81,0,0,0,0,0,0,0,0,0,2,0,0,0,0,2,0,0,0,0,0,0,324,0,152,0,6,0,186,0,0,0,4,0,2,0,31,0,0,0,0,0,0,0,0,0,0,0,0,0,0,0,0,0,0,0,0,0,0,0,0,0,0,0,0,0,0,0,0,0,37,0,0,0,28,0,0,2,0,2,42,8,0,0,0,0,0,7,3,0,55,0,4,0,85,0,53,0,39,4,26,0,26,0,0,0,3,0,4,0,2,1,70,0,0,0,5,0,32,0,18,0,59,0,30,0,0,0,0,0,23,0,0,0,0,0,0,0,0,0,0,0,0,0,0,0,0,0,0,0,0,0,0,0,0,0,0,0,0,0,27,1,33,1,0,0,1,0,6,0,4,0,0,0,0
0,0,0,0,0,0,0,0,0,0,0,1,0,0,0,9,0,0,0,10,0,20,0,3,0,0,0,0,0,0,0,0,0,1,0,9,0,6,0,0,0,0,0,0,0,15,0,0,0,0,0,21,0,0,0,0,0,0,0,0,0,0,0,0,2,23,0,0,0,0,0,0,0,195,2,326,0,25,0,7,0,0,0,0,0,7,0,58,0,0,0,0,0,0,0,0,0,0,0,0,0,0,0,0,0,0,0,0,0,0,0,0,0,0,0,0,0,0,0,0,0,5,0,12,0,48,0,0,0,37,9,49,0,73,0,26,2,71,0,4,0,26,0,11,0,159,0,0,0,31,0,0,3,0,0,0,0,0,0,0,6,15,0,40,0,1,0,18,0,16,0,40,0,33,0,7,0,0,0,0,0,22,0,0,0,2,0,0,0,0,0,0,0,0,0,0,0,0,0,0,0,0,0,0,0,0,0,0,0,0,3,0,0,0,9,0,0,0,54,2,26,0,0,0,0
0,0,0,0,0,0,0,0,0,0,0,0,0,0,0,0,9,0,0,0,0,0,0,0,0,0,0,0,0,0,0,0,0,0,12,0,44,0,0,0,0,0,0,0,6,0,0,0,0,0,40,0,0,0,0,0,0,0,0,0,0,0,0,0,0,0,0,0,0,0,324,0,0,0,214,0,31,0,355,0,0,2,65,0,7,0,21,0,0,0,0,0,7,0,0,0,0,0,0,0,0,0,0,0,0,0,0,0,0,0,0,0,0,0,0,0,0,0,0,0,47,0,0,0,78,0,52,0,22,1,93,0,0,0,103,0,0,18,3,0,40,4,27,0,57,0,117,0,33,0,170,0,67,0,0,0,0,0,14,0,9,1,61,0,2,0,8,0,32,0,20,0,46,0,45,0,0,0,0,0,53,31,0,0,0,0,0,0,0,0,0,0,0,0,0,0,0,0,85,0,27,0,0,0,0,0,0,0,95,0,379,6,41,0,41,0,0,0,5,0,0,0,0,0,0
0,0,0,0,0,0,0,1,0,0,0,0,0,0,0,0,0,0,0,0,0,0,0,0,0,0,0,0,0,0,0,0,0,0,0,0,0,0,0,0,0,0,0,0,0,0,0,0,0,0,0,6,0,0,0,0,0,0,0,0,0,1,0,0,0,4,0,0,0,0,0,195,0,0,0,369,0,172,0,52,0,17,0,18,0,41,0,218,0,0,0,0,0,0,0,0,0,0,0,2,0,0,0,1,0,0,0,0,0,0,0,0,0,0,0,0,0,0,0,0,0,30,0,26,0,51,0,145,0,45,4,78,0,86,0,107,0,79,0,7,0,34,0,0,0,89,0,0,3,13,0,39,3,0,0,2,0,0,0,0,0,1,0,105,0,0,0,0,0,24,0,18,0,6,0,0,0,0,0,0,0,0,0,0,0,0,0,0,0,61,0,0,0,0,0,0,2,0,0,0,0,112,2,72,0,0,0,0,0,111,3,0,9,0,30,0,0,0,158,5,64,0,0,0,0
0,0,0,0,3,0,0,0,0,0,0,0,0,0,2,0,14,0,0,0,24,0,0,0,0,0,31,0,4,0,24,0,8,0,48,0,88,0,0,0,0,0,21,0,0,0,0,0,0,0,60,0,0,0,0,0,0,0,0,0,0,0,1,0,0,2,0,0,0,0,152,2,214,0,0,0,5,0,175,0,56,0,9,0,74,0,66,0,0,0,0,4,0,0,0,0,33,4,0,0,0,0,0,0,0,0,0,0,0,0,0,0,0,0,0,0,0,0,0,0,167,2,26,0,56,0,39,0,0,3,39,12,0,8,81,18,35,20,6,0,67,0,51,10,86,2,82,8,53,9,141,0,55,0,0,0,0,0,0,0,2,2,43,0,0,0,0,0,11,0,7,0,39,0,84,0,0,0,0,0,54,33,0,0,5,0,0,0,0,0,0,0,0,1,0,0,0,0,98,8,60,0,0,0,11,0,45,0,83,0,4,0,15,0,4,0,0,0,6,0,0,0,0,0,0
0,7,0,0,0,0,0,0,0,0,0,10,0,0,0,24,0,0,0,0,0,65,0,9,0,0,0,0,0,0,0,0,0,0,0,57,0,30,0,0,0,0,0,21,0,49,0,0,0,0,0,55,0,0,0,0,0,0,0,0,0,7,0,0,0,22,0,0,0,0,0,326,0,369,0,0,0,50,0,154,0,43,0,17,0,50,0,378,0,0,0,0,0,1,2,0,0,0,0,0,0,3,0,0,2,0,0,0,0,0,0,0,0,0,0,0,0,0,0,0,0,180,0,53,10,80,0,235,0,0,35,69,0,79,0,188,0,156,0,0,0,76,0,77,0,241,12,56,14,86,0,0,5,48,0,0,0,0,2,0,4,8,0,58,0,0,0,41,2,23,0,36,0,51,0,22,0,0,0,0,11,63,0,0,0,5,0,0,0,0,0,0,1,0,0,0,0,8,0,82,0,51,0,39,0,15,0,0,0,97,0,0,0,0,20,0,0,0,117,8,32,0,0,1,0
0,0,0,0,0,0,0,0,0,0,0,0,0,0,0,0,0,0,0,0,0,0,0,0,3,0,0,0,0,0,0,0,0,0,0,0,0,0,0,0,0,0,0,0,0,0,0,0,0,0,5,0,0,0,0,0,5,0,4,0,0,0,0,0,0,0,0,0,60,0,6,0,31,0,5,0,0,0,48,0,24,0,105,0,15,0,61,0,0,0,15,0,107,0,39,0,50,0,24,0,32,0,139,0,0,0,42,0,19,0,0,0,0,0,6,0,14,0,0,0,8,0,0,1,0,0,0,0,0,0,0,0,0,0,0,0,0,13,0,0,4,0,0,0,0,0,14,0,0,0,19,0,0,0,0,0,0,0,0,0,1,0,0,0,17,0,0,0,36,0,0,0,0,0,0,0,0,0,0,0,10,4,0,0,0,0,0,0,84,0,33,0,0,0,24,0,0,0,0,0,28,0,0,0,96,0,0,0,0,0,133,0,136,1,20,8,4,1,0,0,0,0,0,0,0
0,0,0,0,0,0,0,0,0,1,0,0,0,3,0,0,0,0,0,0,0,0,0,31,0,0,0,12,0,0,0,0,0,0,0,0,0,0,0,0,0,0,0,0,0,19,0,8,0,17,0,8,0,0,0,5,0,1,0,0,0,1,0,0,0,0,0,0,0,31,0,25,0,172,0,50,0,0,0,22,0,113,0,302,0,36,0,342,0,26,0,0,0,25,0,120,0,0,0,27,0,66,0,139,0,53,2,29,0,7,0,4,0,0,0,0,0,0,0,0,0,57,0,0,0,5,0,0,0,0,0,0,0,0,0,0,0,0,0,0,0,11,2,0,0,12,0,0,0,0,0,0,2,0,0,0,0,0,0,0,0,0,1,4,0,28,0,0,0,66,0,0,0,2,0,0,0,0,0,0,0,12,0,0,0,1,0,0,0,132,0,0,0,0,0,83,0,12,0,0,0,86,0,0,0,0,0,0,0,93,2,0,0,0,18,0,0,0,54,10,106,0,71,4,0
0,0,0,0,0,0,0,0,0,0,0,0,0,0,0,0,0,0,0,0,0,0,0,0,0,0,0,0,0,0,0,0,0,0,0,0,11,0,0,0,0,0,0,0,0,0,0,0,0,0,0,0,0,0,0,0,0,0,0,0,0,0,0,0,0,0,0,0,5,0,186,0,355,0,175,0,48,0,0,0,47,0,47,0,47,0,70,0,0,0,0,0,27,0,51,0,100,0,32,0,24,0,18,0,24,0,10,0,5,0,0,0,0,0,2,0,0,0,0,0,99,0,4,0,0,8,0,13,0,3,0,8,21,0,166,0,0,24,0,0,68,0,59,0,24,0,74,0,29,0,113,0,43,14,0,0,0,0,0,0,0,0,8,4,0,0,1,0,16,0,5,0,0,0,0,0,0,0,0,0,0,0,0,0,4,0,0,0,35,0,0,0,0,0,10,0,4,0,239,0,122,0,150,0,96,0,0,0,142,0,271,6,44,0,26,1,2,0,0,0,0,0,0,0,0
