0,570,33,233,69,0,77,193,85,40,74,14,34,0,14,68,93,68,34,2,12,4,11,120,5,276,43,0,146,65,1,0,41,0,0,0,26,0,199,56,28,0,0,0,0,0,0,0,16,0,0,0,0,0,0,1,0,0,7,0,258,0,153,3,40,0,38,0,0,0,0,0,0,0,0,0,0,0,0,0,0,0,0,0,0,0,0,0,0,0,0,0,0,0,0,0,0,0,0,0,0,0,0,0,0,0,0,0,0,0,0,0,0,0,0,0,0,0,0,0,0,0,0,0,0,0,29,0,0,0,20,0,0,0,3,0,0,0,0,0,0,0,0,0,0,0,26,0,38,0,0,0,7,0,0,0,0,0,0,0,0,1,0,0,7,0,8,0,8,0,11,0,308,0,0,0,340,232,7,0,6,0,87,0,53,0,0,0,0,0,0,0,0,0,0,0,0,0,0,0,0,0,0,0,0,0,0,0,17,0,778,107,238,120,320,0,0,3,9,13,14,0,0,0,0
570,0,345,174,0,85,268,22,83,82,53,394,0,124,23,41,42,28,0,54,0,45,291,67,355,9,0,50,4,127,0,25,1,82,0,0,0,44,0,145,0,34,0,7,0,0,0,82,0,0,0,0,0,2,36,6,0,1,0,14,0,117,100,27,0,38,0,6,0,0,0,0,0,2,0,0,0,0,0,0,0,11,0,0,0,15,0,0,0,0,0,0,0,0,0,0,0,42,0,0,0,0,0,0,0,0,0,0,0,0,0,0,0,0,0,0,0,0,0,0,0,0,0,0,0,93,0,49,4,0,0,41,0,0,0,95,0,28,0,0,0,0,0,0,0,0,0,47,0,60,0,72,0,124,0,3,0,0,0,0,0,11,0,0,0,0,0,35,0,0,0,0,8,144,0,0,110,429,0,1,0,15,42,6,0,56,0,3,0,0,0,0,0,0,0,0,0,0,0,0,0,58,0,0,0,0,0,54,0,90,3,0,0,0,537,0,0,0,950,197,388,185,0,0,0
33,345,0,153,70,118,54,0,85,8,57,61,39,0,338,174,106,24,99,0,62,23,397,182,84,75,48,0,358,43,88,0,294,0,21,0,56,7,257,57,0,0,0,0,0,0,0,0,20,0,22,0,3,0,105,0,4,0,8,0,207,0,186,0,32,0,20,0,0,0,0,0,0,0,0,0,0,0,0,0,0,0,0,0,0,0,0,0,0,0,0,0,0,0,0,0,0,0,0,0,1,0,0,0,0,0,0,0,0,0,0,0,0,0,0,0,0,0,0,0,0,0,0,0,109,0,165,0,0,0,125,0,108,0,330,0,174,0,0,0,0,1,137,0,0,0,108,0,152,0,102,0,41,0,0,0,0,0,0,0,0,0,0,0,0,0,168,0,14,0,0,0,369,7,0,0,0,76,0,0,11,0,0,0,22,0,0,0,0,0,0,0,0,0,4,0,0,0,83,0,114,0,7,0,0,0,0,0,165,0,749,82,526,195,418,0,0,2,0,6,20,0,0,0,0
233,174,153,0,107,114,11,90,0,11,82,14,0,52,17,292,0,51,0,116,0,125,158,245,52,21,0,0,0,89,0,89,0,193,0,5,0,0,0,99,0,18,0,0,0,0,0,0,0,0,0,0,0,0,0,58,0,0,0,13,0,0,6,0,0,0,0,0,0,0,0,0,0,0,0,0,0,0,0,0,0,0,0,0,0,54,0,0,0,0,0,0,0,0,0,0,0,159,0,0,0,0,0,0,0,0,0,123,0,0,0,0,0,0,0,0,0,0,0,0,0,3,0,0,0,38,0,31,0,0,0,0,0,50,0,398,0,213,0,29,0,18,0,20,0,0,0,0,0,0,3,33,0,0,0,0,0,0,0,0,0,0,0,0,0,0,0,76,0,0,0,0,0,109,0,0,29,0,8,0,0,0,12,0,0,0,0,0,0,0,0,0,0,0,0,0,0,1,0,0,0,205,0,0,0,0,0,0,0,157,12,0,0,0,175,0,0,0,222,59,347,0,0,0,0
69,0,70,107,0,532,9,0,28,0,94,140,328,97,183,490,20,0,281,266,126,148,70,169,1,0,359,101,0,0,52,0,266,58,109,33,239,0,92,5,147,0,10,16,11,0,59,30,10,0,151,26,1,0,0,1,0,0,0,0,2,0,6,0,0,0,0,0,0,0,0,0,0,0,0,0,0,0,0,0,0,0,0,0,0,0,0,0,0,0,0,0,0,0,0,0,0,0,0,0,0,0,3,0,0,0,0,0,0,0,0,0,0,0,0,0,0,0,0,0,0,0,0,0,0,0,0,0,0,0,0,0,0,0,22,0,0,0,0,0,0,0,0,0,0,0,0,0,38,0,0,0,0,0,0,0,0,0,0,0,3,0,0,0,41,0,404,0,114,0,12,0,186,0,0,0,221,236,32,0,0,0,39,0,53,0,2,2,0,0,0,0,0,0,0,0,0,0,0,0,0,0,0,0,0,0,0,0,0,0,867,234,624,0,386,0,0,0,0,0,0,4,0,0,0
0,85,118,114,532,0,0,41,0,7,156,288,252,212,508,273,17,0,280,462,119,293,151,166,0,0,0,309,0,17,0,144,21,453,62,150,49,225,0,0,0,117,22,34,0,0,0,182,0,0,0,88,0,0,0,0,0,0,0,0,0,3,0,0,0,6,0,0,0,0,0,0,0,0,0,0,0,0,0,0,0,0,0,0,0,70,0,0,0,0,0,0,0,0,0,0,0,0,0,0,0,0,0,0,0,0,0,0,0,0,0,0,0,0,0,0,0,0,0,0,0,32,0,0,0,26,0,0,0,0,0,7,0,0,0,153,0,63,0,0,0,0,0,0,0,0,0,0,0,0,0,38,0,57,0,0,0,0,0,0,0,0,0,0,0,21,0,409,0,78,0,15,0,113,0,33,53,160,22,0,0,30,0,0,0,0,6,12,0,0,0,0,0,0,0,0,0,0,0,0,0,0,0,0,0,0,0,0,0,80,0,0,0,0,402,0,0,0,829,516,686,170,0,4,0
77,268,54,11,9,0,0,190,89,224,6,0,0,0,0,0,31,0,0,0,0,0,17,0,282,120,0,0,11,13,0,0,0,0,0,0,0,0,0,22,0,0,1,0,0,0,0,0,68,0,0,0,51,0,163,48,26,0,15,0,158,0,323,29,71,0,33,0,0,0,0,0,0,0,0,0,0,0,0,0,0,0,0,0,0,0,0,0,0,0,0,0,0,0,0,0,0,0,0,1,0,0,0,0,0,0,0,0,0,0,0,0,0,0,0,0,0,0,0,0,0,0,0,0,128,0,89,0,13,0,234,0,46,0,76,0,49,0,0,0,0,0,34,0,0,0,50,0,79,0,34,0,0,0,5,0,0,1,0,0,58,0,0,0,0,0,0,0,21,0,128,0,384,3,0,0,37,78,0,0,0,0,3,0,4,0,0,0,0,0,0,0,0,0,0,0,0,0,0,0,0,0,0,0,0,0,11,0,58,0,783,85,425,459,826,0,73,7,4,3,0,0,0,0,0
193,22,0,90,0,41,190,0,295,88,0,23,0,6,0,57,26,35,0,0,0,23,0,26,128,313,0,0,3,192,0,0,0,0,0,0,0,5,0,108,0,0,0,0,0,0,0,0,0,0,0,0,0,9,69,101,0,15,0,91,45,181,199,144,1,0,0,10,0,0,0,0,0,4,0,0,0,0,0,0,0,0,0,0,0,0,0,0,0,0,0,0,0,0,0,1,0,0,0,0,0,0,0,0,0,0,0,0,0,0,0,0,0,0,0,0,0,0,0,0,0,0,0,0,0,51,0,0,0,98,0,76,0,78,0,67,0,71,0,8,0,0,0,0,0,1,0,0,0,0,0,39,0,4,0,17,0,0,0,25,1,12,0,0,0,12,0,0,0,28,0,45,0,202,0,0,0,89,0,0,0,0,0,4,0,1,0,0,0,0,0,0,0,0,0,0,0,0,0,15,0,0,0,0,0,0,0,31,0,131,0,0,0,0,853,0,0,0,798,151,421,331,0,0,4
85,83,85,0,28,0,89,295,0,660,57,0,11,0,18,0,0,26,29,0,0,0,0,0,0,113,0,0,0,7,0,0,0,0,0,0,0,0,0,0,0,0,0,0,0,0,4,0,0,0,0,0,15,31,16,329,15,0,81,0,58,0,57,73,112,0,132,155,0,0,0,0,0,0,0,0,0,0,0,0,0,0,0,0,0,0,0,0,0,0,0,0,0,0,0,0,0,0,0,0,0,0,0,0,0,0,0,0,0,0,0,0,0,0,0,0,0,0,0,0,0,0,0,0,17,0,0,0,0,0,26,0,4,0,9,0,0,0,0,0,0,0,0,0,0,0,19,0,60,0,21,0,22,0,0,0,0,0,0,0,24,0,0,0,0,0,0,0,7,0,69,0,101,0,0,0,592,120,4,0,0,0,29,0,184,16,0,0,0,0,0,0,0,0,0,0,0,0,0,0,7,0,0,0,0,0,6,0,5,0,407,87,88,168,233,0,0,2,0,0,0,0,0,0,0
40,82,8,11,0,7,224,88,660,0,0,34,0,19,0,0,0,0,0,10,0,4,0,0,35,7,0,0,0,0,0,2,0,0,0,0,0,0,0,12,0,0,0,0,0,0,0,0,0,0,0,0,81,48,370,56,13,11,142,66,0,177,160,159,0,278,35,42,0,0,0,0,0,0,0,0,0,0,0,0,0,0,0,0,0,0,0,0,0,0,0,0,0,0,0,0,0,0,0,0,0,0,0,0,0,0,0,0,0,0,0,0,0,0,0,0,0,0,0,0,0,0,0,0,0,143,0,51,0,16,0,163,0,41,0,0,0,16,0,3,0,1,0,0,0,0,0,55,0,111,0,103,0,53,2,10,0,37,0,16,0,44,0,0,0,0,0,0,0,24,0,88,4,98,0,14,85,590,0,5,0,0,0,27,0,102,0,0,0,0,0,0,0,0,0,0,0,0,0,0,0,14,0,0,0,0,0,55,0,102,3,0,0,0,385,0,0,0,669,105,140,188,0,0,10
74,53,57,82,94,156,6,0,57,0,0,53,216,10,32,250,61,0,58,63,87,48,10,97,0,0,142,6,19,0,0,7,193,0,25,0,137,0,118,0,143,0,0,0,10,0,66,0,7,0,67,0,0,0,0,0,0,0,2,0,0,0,1,0,0,0,1,0,0,0,0,0,0,0,0,0,0,0,0,0,0,0,0,0,0,0,0,0,0,0,0,0,0,0,5,0,0,0,0,0,0,0,0,0,0,0,0,0,0,0,0,0,0,0,0,0,0,0,0,0,0,0,0,0,0,0,0,0,0,0,0,0,0,0,0,0,0,0,0,0,0,0,0,0,0,0,0,0,22,0,9,0,23,0,0,0,1,0,0,0,0,0,0,0,0,0,145,29,0,0,0,0,57,0,0,0,164,84,79,0,0,0,55,0,39,0,20,2,0,0,0,0,0,0,0,0,0,0,0,0,0,0,0,0,0,0,0,0,8,0,439,144,183,80,135,0,0,0,0,0,0,0,0,0,0
14,394,61,14,140,288,0,23,0,34,53,0,0,320,153,10,0,8,30,84,0,77,67,70,2,0,0,131,0,15,0,46,0,162,0,38,0,84,0,0,0,138,0,16,0,0,0,144,0,14,0,39,0,5,0,14,0,2,0,2,0,0,0,0,0,21,0,0,0,0,0,2,0,0,0,0,0,0,0,0,0,0,0,3,0,0,0,0,0,0,0,0,0,0,0,0,0,0,0,0,0,0,0,0,0,0,0,0,0,0,0,0,0,0,0,0,0,0,0,0,0,6,0,0,0,77,0,0,0,0,0,31,0,0,0,80,0,33,0,0,0,0,0,0,0,0,0,36,0,77,0,150,0,263,0,2,0,5,0,0,0,0,1,0,0,0,0,85,0,0,0,0,0,24,0,138,22,178,0,24,1,115,0,39,0,39,0,8,0,0,0,0,0,0,0,0,0,0,0,0,0,45,0,0,0,0,0,37,0,104,0,0,0,0,125,0,0,0,282,166,165,79,6,0,0
34,0,39,0,328,252,0,0,11,0,216,0,0,365,34,81,14,0,46,435,29,66,0,2,0,0,257,540,0,0,4,0,0,0,77,42,34,90,0,0,345,55,92,49,90,74,140,201,63,11,209,54,0,0,0,0,0,0,2,0,0,0,6,0,0,0,0,0,0,0,0,0,0,0,2,0,0,0,0,0,0,0,0,0,0,0,0,0,0,0,0,0,0,0,0,0,0,0,0,0,0,0,0,0,0,0,0,0,0,0,0,0,0,0,0,0,0,0,0,0,0,0,0,0,0,0,0,0,0,0,0,0,0,0,0,0,0,0,0,0,0,0,0,0,0,0,0,0,0,0,0,0,0,0,0,0,0,0,0,0,0,0,0,0,79,0,23,42,75,7,0,0,0,0,0,0,290,288,117,0,42,0,56,0,25,0,53,6,0,0,0,0,0,0,0,0,0,0,0,0,0,0,0,0,0,0,0,0,0,0,80,149,188,18,25,0,0,0,0,36,73,0,1,0,0
0,124,0,52,97,212,0,6,0,19,10,320,365,0,97,14,0,0,337,55,37,44,0,0,0,0,415,129,0,0,0,4,3,5,43,46,10,39,0,0,267,255,34,133,128,67,199,295,0,61,71,234,0,0,0,0,0,0,0,0,0,0,0,2,0,7,0,0,0,3,0,0,0,0,0,0,0,0,0,2,0,0,0,10,0,49,0,0,0,0,0,0,0,0,0,0,0,0,0,0,0,0,0,0,0,0,0,0,0,0,0,0,0,0,0,0,0,0,0,0,0,11,0,4,0,48,0,0,0,0,0,0,0,0,0,0,0,40,0,0,0,0,0,0,0,0,0,0,0,36,0,49,0,42,0,0,0,8,0,0,0,0,0,0,0,38,0,0,0,0,0,0,0,2,0,23,4,297,0,23,0,26,0,18,0,0,37,59,0,0,0,0,0,0,0,0,0,0,0,0,0,0,0,0,0,0,0,0,0,83,0,0,0,0,31,0,0,0,55,395,310,23,0,0,17
14,23,338,17,183,508,0,0,18,0,32,153,34,97,0,565,35,0,466,258,220,183,463,151,23,2,159,46,0,0,52,0,79,73,68,47,165,100,3,0,14,0,2,12,0,0,5,0,0,0,27,23,0,0,62,0,0,0,0,0,0,0,29,0,10,0,0,0,0,0,0,0,0,0,0,0,0,0,0,0,0,0,0,0,94,0,0,5,0,0,0,0,0,0,0,0,0,0,0,0,0,0,0,0,0,0,0,0,0,0,0,0,0,0,0,0,0,0,0,0,0,2,0,0,0,0,32,0,0,0,0,0,34,0,0,0,182,0,0,0,9,0,248,0,0,0,27,0,72,0,72,0,78,0,0,0,0,0,0,0,0,0,0,0,0,0,119,83,0,0,1,0,19,0,0,0,37,58,6,0,21,0,24,0,93,0,0,7,0,0,0,0,0,0,0,0,0,0,0,0,163,0,0,0,0,0,0,0,109,0,226,220,99,0,65,0,0,0,78,19,98,0,0,0,0
68,41,174,292,490,273,0,57,0,0,250,10,81,14,565,0,23,29,58,308,141,263,219,118,17,43,0,180,5,7,5,97,38,96,0,68,50,80,6,0,0,0,0,10,0,0,0,49,0,2,0,8,0,2,0,54,0,0,0,0,0,0,0,17,0,0,0,0,0,0,0,0,0,0,0,0,0,0,0,0,0,139,0,0,0,445,0,0,0,0,0,0,0,0,0,0,0,478,0,191,0,78,0,0,0,0,0,0,0,0,0,0,0,0,0,0,0,0,0,0,0,0,0,0,0,30,0,0,0,21,0,0,0,0,0,560,0,212,0,50,0,72,0,214,0,0,0,0,0,0,0,22,0,12,0,0,0,0,0,0,0,0,0,0,0,0,0,77,0,36,1,0,0,15,0,12,32,40,25,9,0,11,0,0,0,2,4,0,0,0,0,0,0,0,0,0,0,0,0,0,0,202,0,0,0,0,0,0,0,73,60,0,42,0,61,0,0,0,142,233,80,13,7,0,0
93,42,106,0,20,17,31,26,0,0,61,0,14,0,35,23,0,0,70,0,341,4,121,25,202,21,101,0,139,7,80,0,87,5,49,0,15,0,36,1,0,0,19,0,43,0,4,0,0,0,10,0,19,0,29,0,0,0,4,0,22,0,296,0,0,0,0,0,0,0,48,0,0,0,103,0,0,0,0,0,284,0,0,0,669,0,164,0,0,0,180,0,0,0,0,0,1157,0,357,0,39,0,0,0,0,0,170,0,0,0,0,0,0,0,0,0,0,0,0,0,169,0,152,0,0,0,0,0,0,0,0,0,0,0,39,0,101,0,110,0,67,0,460,1,19,0,0,0,0,0,0,0,0,0,3,0,0,0,17,0,1,0,0,0,0,0,0,0,0,0,1,0,40,0,0,0,7,2,2,0,6,0,0,0,0,0,0,0,0,0,0,0,0,0,0,0,0,0,0,0,96,0,0,0,0,0,0,0,36,0,78,183,37,0,21,0,0,2,0,0,0,0,0,0,0
68,28,24,51,0,0,0,35,26,0,0,8,0,0,0,29,0,0,0,0,0,136,29,214,40,110,0,13,0,259,0,83,0,51,0,7,0,0,0,120,0,0,0,0,0,0,0,0,0,0,0,0,1,14,5,18,0,37,1,0,0,15,0,105,0,0,0,0,0,0,0,0,0,0,0,0,0,0,0,0,0,0,0,0,0,212,0,0,0,0,0,0,0,0,0,0,0,52,0,104,0,0,0,0,0,0,0,0,0,0,0,0,0,0,0,0,0,0,0,0,0,14,0,0,0,0,0,0,0,105,0,0,0,103,0,368,0,306,0,225,0,201,0,474,0,3,0,0,0,0,0,0,0,0,0,22,0,0,0,19,0,0,0,0,0,0,0,0,0,0,0,2,0,22,0,0,5,12,0,14,0,0,0,18,0,0,0,0,0,0,0,0,0,0,0,0,0,0,0,0,0,0,0,0,0,0,0,0,0,0,0,0,0,0,0,0,0,0,28,162,32,11,0,0,0
34,0,99,0,281,280,0,0,29,0,58,30,46,337,466,58,70,0,0,435,357,96,309,0,0,0,168,308,0,0,12,0,0,0,151,66,134,128,0,0,49,40,49,56,7,48,10,145,5,0,375,0,0,0,0,0,0,0,0,0,0,0,0,0,0,0,3,0,0,0,0,0,0,0,0,0,0,0,0,2,0,0,0,0,0,0,0,0,0,0,0,0,0,0,0,0,0,0,0,0,0,0,0,0,0,0,0,0,0,0,0,0,0,0,0,0,0,0,0,0,0,0,0,0,0,0,0,0,0,0,0,0,0,0,0,0,0,0,0,0,0,0,0,0,0,0,0,0,69,0,46,0,75,2,0,0,0,0,0,0,0,0,0,0,140,0,63,0,138,11,3,0,33,0,11,0,41,94,21,0,21,0,67,0,81,0,5,3,0,0,0,0,0,0,0,0,0,0,0,0,0,0,0,0,0,0,0,0,58,0,118,194,220,38,39,0,0,3,18,22,56,0,0,0,0
2,54,0,116,266,462,0,0,0,10,63,84,435,55,258,308,0,0,435,0,90,251,0,94,0,0,214,427,0,0,0,12,8,0,79,188,24,193,0,0,0,36,33,195,0,70,32,182,0,0,103,326,0,5,0,0,0,0,0,0,0,0,0,37,0,0,0,0,0,0,0,0,0,0,0,0,0,0,0,0,0,192,0,0,0,434,0,0,0,0,0,0,0,0,0,0,0,309,0,266,0,83,0,0,0,0,0,0,0,0,0,0,0,0,0,0,0,0,0,0,0,0,0,0,0,16,0,0,0,0,0,0,0,0,0,315,0,0,0,0,0,0,0,0,0,15,0,0,0,0,0,0,0,45,0,0,0,0,0,0,0,0,0,0,0,39,0,46,0,0,0,7,4,0,0,0,0,49,8,0,0,0,0,3,0,15,0,7,0,0,0,0,0,0,0,0,0,0,0,0,0,0,0,0,0,0,0,0,0,58,13,0,0,0,34,0,0,0,150,272,147,44,0,0,0
12,0,62,0,126,119,0,0,0,0,87,0,29,37,220,141,341,0,357,90,0,57,129,38,15,0,374,39,45,0,103,0,58,15,101,0,25,0,0,0,0,5,32,4,44,6,7,18,7,0,45,13,7,0,0,0,0,0,36,0,8,0,98,0,0,0,0,0,0,0,82,0,0,0,160,0,0,0,0,0,347,0,0,0,349,0,228,0,0,0,0,0,0,0,0,0,862,0,476,0,36,0,0,0,0,0,0,0,0,0,0,0,0,0,0,0,0,0,0,0,132,0,0,0,0,0,0,0,0,0,0,0,0,0,0,0,0,0,0,0,26,0,102,0,54,0,0,0,0,0,0,0,0,0,0,0,0,0,0,0,0,0,17,0,28,0,65,0,68,0,12,0,42,0,0,0,15,0,25,0,6,0,0,0,0,0,5,0,0,0,0,0,0,0,0,0,0,0,0,0,0,0,0,0,0,0,0,0,0,0,308,364,159,55,96,0,0,0,0,4,19,0,0,0,0
4,45,23,125,148,293,0,23,0,4,48,77,66,44,183,263,4,136,96,251,57,0,32,219,0,14,26,337,0,46,4,67,0,67,0,164,10,44,0,1,0,0,0,46,0,86,0,0,0,0,14,48,0,3,0,18,0,0,0,0,0,0,0,37,0,0,0,0,0,0,0,25,0,0,0,0,0,0,0,3,0,345,0,0,0,490,0,62,0,0,0,0,0,0,0,0,0,0,0,281,0,79,0,0,0,0,0,0,0,0,0,0,0,0,0,0,0,0,0,0,0,145,0,68,0,0,0,0,0,0,0,0,0,0,0,0,0,209,0,155,0,519,0,823,0,155,0,0,0,0,0,0,0,0,0,0,0,0,0,0,0,0,0,2,0,22,0,74,0,77,0,0,0,0,0,0,0,35,0,30,0,0,0,0,0,0,0,11,0,0,0,0,0,0,0,0,0,0,0,0,0,0,0,0,0,0,0,0,0,0,0,0,0,0,72,0,0,0,284,439,133,57,0,0,0
11,291,397,158,70,151,17,0,0,0,10,67,0,0,463,219,121,29,309,0,129,32,0,249,23,40,85,0,95,32,32,22,72,35,0,0,7,10,65,24,0,0,0,0,21,0,0,0,4,0,0,0,0,0,192,0,2,0,0,0,19,0,72,0,0,0,0,0,0,0,0,0,0,0,0,0,0,0,0,0,0,0,0,0,206,0,0,0,0,0,0,0,0,0,0,0,461,0,0,0,0,0,0,0,0,0,0,0,0,0,0,0,0,0,0,0,0,0,0,0,0,0,0,0,13,0,39,0,0,0,0,0,72,0,268,0,488,0,16,0,0,0,647,0,0,0,7,0,9,0,35,0,10,0,0,0,0,0,0,0,5,0,0,0,0,0,16,0,0,1,2,0,59,0,5,0,9,21,2,0,0,0,0,0,5,0,0,1,0,0,0,0,0,0,0,0,0,0,0,0,350,0,0,0,0,0,0,0,160,0,109,174,59,0,38,0,0,0,32,0,26,0,0,0,0
120,67,182,245,169,166,0,26,0,0,97,70,2,0,151,118,25,214,0,94,38,219,249,0,35,72,0,83,2,67,0,43,0,51,0,41,0,17,9,40,0,1,0,0,0,0,0,14,0,0,0,0,0,7,0,12,0,0,0,0,0,3,4,63,0,0,0,0,0,0,0,0,0,0,0,0,0,0,0,0,0,160,0,0,0,464,0,39,0,0,0,0,0,0,0,72,0,267,0,257,0,63,0,0,0,0,0,101,0,0,0,0,0,0,0,0,0,0,0,0,0,0,0,0,0,0,0,0,0,0,0,0,0,0,0,437,0,207,0,68,0,124,0,463,0,10,0,0,0,0,0,0,0,0,0,1,0,0,0,0,0,0,0,1,0,0,0,4,0,0,0,0,0,11,0,0,0,18,0,52,0,0,0,3,0,0,0,0,0,0,0,0,0,0,0,0,0,0,0,0,0,41,0,0,0,0,0,0,0,0,0,6,0,0,0,0,0,0,76,497,41,0,0,0,0
5,355,84,52,1,0,282,128,0,35,0,2,0,0,23,17,202,40,0,0,15,0,23,35,0,162,0,0,92,42,0,0,0,0,0,0,0,4,19,59,0,0,0,0,0,0,0,0,5,0,0,0,43,0,388,2,13,0,0,0,75,23,173,0,0,0,0,0,0,0,0,0,0,0,0,0,0,0,0,0,0,0,0,0,202,0,0,0,0,0,0,0,0,0,0,0,278,0,0,0,0,0,0,0,0,0,0,0,0,0,0,0,0,0,0,0,0,0,0,0,0,0,0,0,0,0,34,0,0,0,25,0,51,0,171,0,436,0,99,0,36,0,734,0,0,0,0,0,0,0,0,0,0,0,16,0,0,0,32,0,0,0,0,0,0,0,0,0,0,0,3,0,117,0,0,0,4,15,0,0,0,0,0,2,0,0,0,0,0,0,0,0,0,0,0,0,0,0,0,0,165,0,0,0,0,0,0,0,96,0,140,175,75,52,90,0,0,0,9,0,0,0,0,0,0
276,9,75,21,0,0,120,313,113,7,0,0,0,0,2,43,21,110,0,0,0,14,40,72,162,0,0,6,0,212,0,0,1,2,0,0,0,0,6,83,0,0,0,0,0,0,0,0,0,0,0,0,0,6,28,111,1,25,0,0,38,51,95,33,0,0,0,0,0,0,0,0,0,0,0,0,0,0,0,0,0,0,0,0,0,138,0,0,0,0,0,0,0,0,0,0,0,211,0,0,0,0,0,0,0,0,0,0,0,0,0,0,0,0,0,0,0,0,0,0,0,0,0,0,0,3,0,0,0,48,0,0,0,107,0,472,0,373,0,149,0,45,0,141,0,1,0,0,0,0,0,0,0,0,1,13,0,0,0,0,0,0,0,0,0,0,0,0,0,0,0,13,0,72,0,0,15,21,0,0,0,0,18,15,0,0,0,0,0,0,0,0,0,0,0,0,0,0,0,0,0,138,0,0,0,0,0,0,0,23,0,0,0,0,188,0,0,0,287,360,198,50,0,0,0
43,0,48,0,359,0,0,0,0,0,142,0,257,415,159,0,101,0,168,214,374,26,85,0,0,0,0,678,10,0,52,0,25,0,38,6,45,0,0,0,31,132,241,48,352,139,115,386,81,54,241,0,0,0,0,1,0,0,15,0,0,0,0,0,0,0,0,2,0,0,46,0,0,0,0,0,0,0,0,0,0,0,0,0,0,0,0,0,0,0,0,0,0,0,0,0,0,0,0,1,22,0,0,0,0,0,0,0,0,0,0,0,0,0,0,0,0,0,0,0,0,0,0,0,8,0,0,0,0,0,0,0,0,0,0,0,0,0,0,0,0,0,0,0,0,0,0,0,76,0,46,0,0,0,0,0,0,0,0,0,6,0,0,0,142,1,0,6,119,0,0,0,0,0,0,0,33,56,35,0,0,0,52,0,81,0,20,14,0,0,0,0,0,0,0,0,0,0,0,0,0,0,0,0,0,0,0,0,0,0,56,269,245,0,22,0,0,37,0,26,0,0,0,0,0
0,50,0,0,101,309,0,0,0,0,6,131,540,129,46,180,0,13,308,427,39,337,0,83,0,6,678,0,0,8,0,0,0,1,37,18,0,40,0,0,427,11,60,217,180,335,307,157,17,34,92,312,0,0,0,0,0,0,0,0,0,6,0,0,0,0,0,0,0,6,0,5,0,0,0,0,0,0,0,0,0,0,0,0,0,0,0,0,0,0,0,0,0,0,1,0,0,0,0,0,0,0,0,0,0,0,0,0,0,0,0,0,0,0,0,0,0,0,0,0,0,108,0,0,0,0,0,0,0,0,0,0,0,0,0,0,0,80,0,0,0,0,0,0,0,0,0,0,0,0,0,36,0,0,0,0,0,0,0,0,0,0,0,0,0,37,0,11,0,38,0,7,0,0,0,0,0,93,0,11,0,0,0,0,0,0,41,20,0,0,0,0,0,0,0,0,0,0,0,0,0,0,0,0,0,0,0,0,0,0,0,0,14,0,0,0,0,0,0,370,278,0,0,0,25
146,4,358,0,0,0,11,3,0,0,19,0,0,0,0,5,139,0,0,0,45,0,95,2,92,0,10,0,0,0,15,0,13,0,0,0,3,1,6,0,0,0,3,0,0,0,0,0,0,0,0,0,0,0,0,0,0,0,0,0,14,0,18,0,0,0,0,0,0,0,84,0,13,0,88,0,0,0,0,0,187,0,0,0,125,0,0,0,0,0,0,0,0,0,0,0,0,0,0,0,0,0,0,0,0,0,0,0,0,0,0,0,0,0,0,0,0,0,0,0,149,0,63,0,0,0,0,0,0,0,0,0,0,0,0,0,0,0,59,0,163,0,123,0,111,0,0,0,0,0,0,0,0,0,0,0,14,0,0,0,0,0,0,0,0,0,0,0,0,0,0,0,0,0,0,0,4,1,0,0,0,0,0,0,0,0,0,0,0,0,0,0,0,0,0,0,0,0,0,0,0,0,0,0,0,0,0,0,0,0,30,28,4,0,3,0,0,0,0,1,2,0,0,0,0
65,127,43,89,0,17,13,192,7,0,0,15,0,0,0,7,7,259,0,0,0,46,32,67,42,212,0,8,0,0,0,14,0,29,0,5,0,2,0,64,0,0,0,0,0,0,0,0,0,0,0,0,0,3,0,12,0,0,0,0,1,99,7,39,0,0,0,0,0,0,0,0,0,0,0,0,0,0,0,0,0,0,0,0,0,24,0,3,0,0,0,0,0,0,0,0,0,0,0,0,0,0,0,0,0,0,0,0,0,0,0,0,0,0,0,0,0,0,0,0,0,0,0,1,0,0,0,0,0,0,0,0,0,0,0,52,0,92,0,199,0,259,0,131,0,0,0,0,0,0,0,0,0,0,0,9,0,13,0,9,0,2,0,0,0,0,0,0,0,0,0,0,0,2,0,0,5,27,0,26,0,0,0,28,0,0,0,0,0,0,0,0,0,0,0,0,0,0,0,0,0,0,0,0,0,0,0,0,0,0,0,0,0,0,0,0,0,0,8,119,3,0,0,0,0
1,0,88,0,52,0,0,0,0,0,0,0,4,0,52,5,80,0,12,0,103,4,32,0,0,0,52,0,15,0,0,0,21,0,14,0,24,0,0,0,0,0,48,0,15,3,0,0,0,0,53,0,0,0,0,0,0,0,0,0,3,0,0,0,0,0,0,0,0,0,43,0,0,0,0,0,0,0,0,0,0,0,0,0,0,0,52,0,0,0,0,0,0,0,0,0,0,0,0,0,0,0,0,0,0,0,0,0,0,0,0,0,0,0,0,0,0,0,0,0,37,0,0,0,0,0,0,0,0,0,0,0,0,0,0,0,14,0,0,0,0,0,0,0,31,0,0,0,0,0,0,0,0,0,0,0,2,0,0,0,0,0,21,0,5,0,15,0,0,0,0,0,0,0,0,0,0,0,7,0,0,0,0,0,0,0,0,1,0,0,0,0,0,0,0,0,0,0,0,0,0,0,0,0,0,0,0,0,0,0,0,38,25,0,0,0,0,0,0,0,0,0,0,0,0
0,25,0,89,0,144,0,0,0,2,7,46,0,4,0,97,0,83,0,12,0,67,22,43,0,0,0,0,0,14,0,0,0,4,0,41,0,0,0,1,0,0,0,27,0,5,0,0,0,0,0,22,0,0,0,0,0,0,0,0,0,0,0,7,0,0,0,0,0,0,0,2,0,0,0,0,0,0,0,0,0,0,0,0,0,0,0,0,0,0,0,0,0,0,0,0,0,0,0,0,0,0,0,0,0,0,0,0,0,0,0,0,0,0,0,0,0,0,0,0,0,0,0,0,0,0,0,0,0,0,0,0,0,0,0,0,0,0,0,0,0,100,0,0,0,0,0,0,0,0,0,0,0,0,0,0,0,6,0,0,0,0,0,2,0,0,0,13,0,8,0,4,0,0,0,0,0,9,1,14,0,0,0,0,0,0,0,0,0,0,0,0,0,0,0,0,0,0,0,0,0,0,0,0,0,0,0,0,0,0,0,0,0,0,9,0,0,0,50,60,0,0,0,0,0
41,1,294,0,266,21,0,0,0,0,193,0,0,3,79,38,87,0,0,8,58,0,72,0,0,1,25,0,13,0,21,0,0,0,23,0,53,4,1,0,0,0,17,0,25,0,0,0,0,0,23,0,0,0,0,0,0,0,5,0,2,0,0,0,0,0,0,0,0,0,15,0,0,0,0,0,0,0,0,0,35,0,0,0,29,0,0,0,0,0,0,0,0,0,0,0,0,0,43,0,0,0,0,0,0,0,0,0,1,0,0,0,0,0,0,0,0,0,0,0,0,0,0,0,0,0,0,0,1,0,0,0,0,0,0,0,0,0,0,0,9,0,43,0,0,0,0,0,0,0,0,0,0,0,0,0,0,0,0,0,0,0,0,0,0,0,22,0,0,0,1,0,0,0,0,0,0,5,8,0,0,0,0,0,8,0,0,0,0,0,0,0,0,0,0,0,0,0,0,0,0,0,0,0,0,0,0,0,0,0,46,89,16,4,0,0,0,0,0,0,0,0,0,0,0
0,82,0,193,58,453,0,0,0,0,0,162,0,5,73,96,5,51,0,0,15,67,35,51,0,2,0,1,0,29,0,4,0,0,0,5,0,334,0,1,0,0,0,0,0,0,0,0,0,0,0,4,0,0,0,0,0,0,0,2,0,3,0,0,0,0,0,1,0,0,0,0,0,0,0,0,0,0,0,0,0,0,0,0,0,0,0,0,0,0,0,0,0,0,0,0,0,0,0,0,0,0,0,0,0,0,0,0,0,0,0,0,0,0,0,0,0,0,0,0,0,0,0,0,0,0,0,0,0,0,0,0,0,0,0,37,0,0,0,0,0,41,0,0,0,0,0,0,0,0,0,0,0,0,0,0,0,8,0,0,0,0,0,0,0,0,0,100,0,0,0,0,0,20,0,0,6,49,0,92,0,0,0,0,0,0,0,0,0,0,0,0,0,0,0,0,0,0,0,0,0,0,0,0,0,0,0,0,0,0,0,0,0,0,0,0,0,0,71,180,19,10,0,0,0
0,0,21,0,109,62,0,0,0,0,25,0,77,43,68,0,49,0,151,79,101,0,0,0,0,0,38,37,0,0,14,0,23,0,0,0,199,0,1,0,0,0,10,0,9,10,0,9,4,0,69,0,0,0,0,0,0,0,0,0,4,0,0,0,0,1,0,0,0,0,52,0,0,0,0,1,0,0,0,0,0,0,0,0,0,0,0,0,0,0,0,0,0,0,0,0,0,0,0,0,0,0,0,0,0,0,0,0,0,0,0,0,0,0,0,0,0,0,0,0,0,0,0,0,0,0,0,0,0,0,0,0,0,0,0,0,0,0,0,0,0,0,0,0,0,0,0,0,0,0,0,0,10,0,0,0,0,0,0,0,0,0,0,0,37,0,62,0,83,0,11,0,47,0,0,0,0,15,29,0,0,0,0,0,0,0,10,0,0,0,0,0,0,0,0,0,0,0,0,0,0,0,0,0,0,0,0,0,0,0,98,165,112,0,28,0,1,0,0,0,0,0,0,0,0
0,0,0,5,33,150,0,0,0,0,0,38,42,46,47,68,0,7,66,188,0,164,0,41,0,0,6,18,0,5,0,41,0,5,0,0,5,301,0,1,0,0,0,20,0,12,0,0,0,0,0,17,0,0,0,0,0,0,0,0,0,1,0,0,0,0,0,0,0,0,0,0,0,0,0,0,0,0,0,0,0,167,0,0,0,153,0,0,0,0,0,0,0,0,0,0,0,0,0,114,0,0,0,0,0,0,0,0,0,0,0,0,0,0,0,0,0,0,0,0,0,0,0,0,0,0,0,0,0,0,0,0,0,0,0,0,0,0,0,46,0,160,0,212,0,100,0,0,0,0,0,0,0,0,0,1,0,13,0,0,0,0,0,0,0,9,0,51,0,37,0,0,0,11,0,0,0,47,0,6,0,0,0,1,0,0,0,25,0,0,0,0,0,0,0,0,0,0,0,0,0,0,0,0,0,0,0,0,0,0,0,0,0,0,19,0,0,0,64,87,98,0,0,0,0
26,0,56,0,239,49,0,0,0,0,137,0,34,10,165,50,15,0,134,24,25,10,7,0,0,0,45,0,3,0,24,0,53,0,199,5,0,0,29,0,0,0,20,0,48,0,0,3,1,0,72,0,0,0,0,0,3,0,8,0,53,0,5,0,0,0,2,0,0,0,106,0,17,0,100,0,0,0,0,0,124,0,0,0,0,0,0,0,0,0,0,0,0,0,0,0,62,0,0,0,13,0,0,0,0,0,0,0,0,0,0,0,0,0,0,0,0,0,0,0,71,0,0,0,0,0,0,0,0,0,0,0,0,0,0,0,0,0,43,0,110,0,50,0,126,0,0,0,0,0,0,0,0,0,0,0,28,0,0,0,0,0,67,0,8,0,53,0,32,0,44,0,55,0,0,0,16,0,14,0,9,0,0,0,19,0,0,0,0,0,0,0,0,0,0,0,0,0,0,0,0,0,0,0,0,0,0,0,0,0,39,107,55,15,24,0,0,0,0,0,0,0,0,0,0
0,44,7,0,0,225,0,5,0,0,0,84,90,39,100,80,0,0,128,193,0,44,10,17,4,0,0,40,1,2,0,0,4,334,0,301,0,0,0,8,0,0,0,37,0,17,0,0,0,0,0,126,0,0,0,6,0,0,0,0,0,9,0,0,0,0,0,0,0,0,0,0,0,0,0,0,0,0,0,0,0,115,0,0,0,143,0,0,0,0,0,0,0,0,0,0,0,0,0,89,0,23,0,0,0,0,0,0,0,0,0,0,0,0,0,0,0,0,0,0,0,112,0,38,0,0,0,0,0,0,0,0,0,0,0,0,0,45,0,119,0,328,0,202,0,239,0,0,0,0,0,0,0,85,0,0,0,70,0,0,0,0,0,0,0,10,0,34,0,50,0,26,0,47,0,0,8,100,0,34,0,0,0,0,0,0,0,6,0,0,0,0,0,0,0,0,0,0,0,0,0,0,0,0,0,0,0,0,0,0,0,0,0,0,0,0,0,0,0,94,38,13,9,0,0
199,0,257,0,92,0,0,0,0,0,118,0,0,0,3,6,36,0,0,0,0,0,65,9,19,6,0,0,6,0,0,0,1,0,1,0,29,0,0,0,0,0,1,0,1,0,0,0,0,0,1,0,10,0,0,0,0,0,0,0,15,0,1,0,0,0,0,0,0,0,0,0,0,0,0,0,0,0,0,0,0,0,0,0,0,0,0,0,0,0,0,0,0,0,0,0,0,0,5,0,0,0,0,0,0,0,0,0,0,0,0,0,0,0,0,0,0,0,0,0,0,0,0,0,0,0,3,0,0,0,0,0,0,0,0,0,0,0,52,0,35,0,0,0,0,0,1,0,0,0,0,0,0,0,20,0,76,0,0,0,0,0,0,0,0,0,14,0,0,0,14,0,38,0,0,0,6,5,11,0,0,0,0,0,0,0,0,0,0,0,0,0,0,0,0,0,0,0,0,0,0,0,0,0,0,0,0,0,0,0,59,81,0,0,8,0,0,0,0,0,0,0,0,0,0
56,145,57,99,5,0,22,108,0,12,0,0,0,0,0,0,1,120,0,0,0,1,24,40,59,83,0,0,0,64,0,1,0,1,0,1,0,8,0,0,0,0,0,0,0,0,0,0,0,0,0,0,0,2,0,0,0,0,0,0,0,15,3,27,0,0,0,0,0,0,0,0,0,0,0,0,0,0,0,0,0,0,0,0,0,0,0,0,0,0,0,0,0,0,0,0,0,0,0,0,0,0,0,0,0,0,0,0,0,0,0,0,0,0,0,0,0,0,0,0,0,0,0,0,0,0,0,0,0,0,0,0,0,0,0,0,0,0,0,0,0,0,0,0,0,34,0,0,0,0,0,0,0,7,0,0,0,46,0,0,0,0,0,0,0,0,0,1,0,0,0,0,1,31,0,0,6,37,0,28,0,0,1,34,0,0,0,0,0,0,0,0,0,0,0,0,0,0,0,0,0,0,0,0,0,0,0,0,0,0,0,0,0,0,0,0,0,0,9,226,0,2,0,0,0
28,0,0,0,147,0,0,0,0,0,143,0,345,267,14,0,0,0,49,0,0,0,0,0,0,0,31,427,0,0,0,0,0,0,0,0,0,0,0,0,0,123,98,0,91,74,137,273,129,37,26,0,0,0,0,0,0,0,0,0,0,0,0,0,0,0,0,0,0,0,0,0,0,0,0,0,0,0,0,0,0,1,0,0,0,0,0,0,0,0,0,0,0,0,14,0,0,0,0,0,0,0,0,0,0,0,0,0,0,0,0,0,0,0,0,0,0,0,0,0,0,0,0,0,0,0,0,0,0,0,0,0,0,0,0,0,0,0,0,0,0,0,0,0,0,0,0,0,0,0,0,0,23,0,0,0,0,0,0,0,0,0,0,0,49,0,0,0,0,0,0,0,0,0,0,0,86,113,74,0,20,0,14,0,16,0,44,5,0,0,0,0,0,0,0,0,0,0,0,0,0,0,0,0,0,0,0,0,4,0,0,91,51,0,0,0,0,9,0,14,0,0,0,0,0
0,34,0,18,0,117,0,0,0,0,0,138,55,255,0,0,0,0,40,36,5,0,0,1,0,0,132,11,0,0,0,0,0,0,0,0,0,0,0,0,123,0,15,6,127,11,177,91,41,211,0,0,0,0,0,0,0,0,0,0,0,0,0,0,0,0,0,0,0,0,0,0,0,0,0,0,0,0,0,0,0,0,0,0,0,0,0,0,0,0,0,0,0,0,0,0,0,0,0,0,0,0,0,0,0,0,0,0,0,0,0,0,0,0,0,0,0,0,0,0,0,0,0,0,0,0,0,0,0,0,0,0,0,0,0,0,0,0,0,0,0,0,0,0,0,0,0,0,0,0,0,0,0,0,0,0,0,1,0,0,0,0,0,0,2,0,0,0,0,0,0,0,0,0,0,0,0,140,0,16,0,3,0,0,0,0,32,25,0,0,0,0,0,0,0,0,0,0,0,0,0,0,0,0,0,0,0,0,0,0,0,0,0,0,0,0,0,0,0,106,22,0,0,0,12
0,0,0,0,10,22,1,0,0,0,0,0,92,34,2,0,19,0,49,33,32,0,0,0,0,0,241,60,3,0,48,0,17,0,10,0,20,0,1,0,98,15,0,4,193,0,82,0,38,0,63,3,0,0,0,0,0,0,2,0,0,0,0,0,0,0,0,0,0,0,13,0,0,0,0,0,0,0,0,0,0,0,0,0,0,0,0,0,0,0,0,0,0,0,0,0,0,0,0,0,0,0,0,0,0,0,0,0,0,0,0,0,0,0,0,0,0,0,0,0,0,0,0,0,0,0,0,0,0,0,0,0,0,0,0,0,0,0,0,0,0,0,0,0,0,0,0,0,0,0,0,0,0,0,0,0,0,0,0,0,0,0,0,0,42,3,9,0,0,0,2,0,5,0,0,0,6,5,15,0,0,0,0,0,0,0,57,2,0,0,0,0,0,0,0,0,0,0,0,0,0,0,0,0,0,0,0,0,0,0,0,90,75,7,7,0,1,15,0,0,0,0,0,0,0
0,7,0,0,16,34,0,0,0,0,0,16,49,133,12,10,0,0,56,195,4,46,0,0,0,0,48,217,0,0,0,27,0,0,0,20,0,37,0,0,0,6,4,0,0,262,0,43,0,26,0,141,0,0,0,0,0,0,0,1,0,0,0,0,0,0,0,0,0,3,0,0,0,0,0,0,0,0,0,0,0,0,0,24,0,0,0,0,0,0,0,0,0,0,0,0,0,0,0,0,0,7,0,0,0,0,0,0,0,0,0,0,0,0,0,0,0,0,0,0,0,28,0,0,0,0,0,0,0,0,0,0,0,0,0,0,0,0,0,31,0,0,0,0,0,0,0,0,0,0,0,0,0,0,0,0,0,7,0,0,0,0,0,0,0,42,0,0,0,17,0,4,0,0,0,0,0,16,0,0,0,0,0,0,0,0,0,52,0,0,0,0,0,0,0,0,0,0,0,0,0,0,0,0,0,0,0,0,0,0,0,0,0,0,0,0,0,0,0,220,111,0,0,0,14
0,0,0,0,11,0,0,0,0,0,10,0,90,128,0,0,43,0,7,0,44,0,21,0,0,0,352,180,0,0,15,0,25,0,9,0,48,0,1,0,91,127,193,0,0,73,194,209,253,61,104,3,3,0,0,0,0,0,0,0,0,0,0,0,0,0,0,0,8,0,39,0,0,0,0,0,7,0,0,0,68,0,0,0,43,0,0,0,0,0,0,0,58,0,0,0,0,0,0,0,0,0,0,0,0,0,0,0,0,0,0,0,0,0,0,0,0,0,0,0,0,0,0,0,0,0,0,0,1,0,1,0,0,0,0,0,0,0,0,0,0,0,0,0,0,0,0,0,0,0,0,0,0,0,0,0,0,0,0,0,4,0,0,0,189,0,13,0,0,0,0,0,17,0,0,0,37,46,53,0,0,0,0,0,6,0,44,0,0,0,0,0,0,0,0,0,0,0,0,0,0,0,0,0,0,0,0,0,0,0,21,112,98,8,17,0,1,142,0,12,0,0,0,0,0
0,0,0,0,0,0,0,0,0,0,0,0,74,67,0,0,0,0,48,70,6,86,0,0,0,0,139,335,0,0,3,5,0,0,10,12,0,17,0,0,74,11,0,262,73,0,114,316,41,171,0,179,0,0,0,0,0,0,0,0,0,0,0,0,0,0,0,0,0,5,0,0,0,0,0,6,0,31,0,0,0,73,0,84,0,0,0,0,0,0,0,0,0,0,0,53,0,0,0,0,0,0,0,0,0,0,0,0,0,0,0,0,0,0,0,0,0,0,0,0,0,25,0,0,0,0,0,0,0,0,0,0,0,0,0,0,0,0,0,0,0,0,0,0,0,45,1,0,0,0,0,0,0,0,0,0,0,0,0,0,0,0,0,0,1,142,0,0,0,79,0,0,0,5,0,0,0,38,0,0,0,0,0,0,0,0,9,10,0,0,0,0,0,0,0,0,0,0,0,0,0,17,0,0,0,0,0,0,0,0,0,0,0,0,0,0,0,0,0,220,126,0,0,0,101
0,0,0,0,59,0,0,0,4,0,66,0,140,199,5,0,4,0,10,32,7,0,0,0,0,0,115,307,0,0,0,0,0,0,0,0,0,0,0,0,137,177,82,0,194,114,0,403,200,86,30,0,0,0,0,0,0,0,0,0,0,0,0,0,0,0,0,0,0,0,0,0,0,0,0,0,0,0,0,0,0,0,9,0,0,0,0,0,0,0,0,0,0,0,19,0,47,0,0,0,0,0,17,0,0,0,0,0,0,0,0,0,0,0,0,0,0,0,0,0,0,0,0,0,0,0,0,0,0,0,0,0,0,0,0,0,0,0,0,0,0,0,0,0,0,0,0,0,0,0,0,0,0,1,0,0,0,0,0,0,0,0,0,0,104,0,4,0,40,0,0,0,0,0,0,0,40,110,54,0,0,0,11,0,0,0,85,0,0,0,0,0,0,0,16,0,1,0,0,0,0,0,0,0,0,0,0,0,0,0,0,136,95,0,0,0,0,75,0,21,0,0,0,0,2
0,82,0,0,30,182,0,0,0,0,0,144,201,295,0,49,0,0,145,182,18,0,0,14,0,0,386,157,0,0,0,0,0,0,9,0,3,0,0,0,273,91,0,43,209,316,403,0,64,179,48,55,0,2,0,0,0,0,0,0,0,0,0,0,0,0,0,0,0,0,0,0,0,0,0,0,0,13,0,0,0,0,0,0,0,0,0,0,0,0,0,0,0,13,0,0,0,0,0,0,0,0,0,0,0,0,0,0,0,1,0,0,0,0,0,0,0,0,0,0,0,33,0,0,0,0,0,0,0,0,0,0,0,0,0,0,0,0,0,0,0,0,0,133,0,0,0,0,0,0,0,0,0,0,0,0,0,6,0,0,0,0,0,0,0,98,0,0,0,0,0,0,0,0,0,0,0,194,0,6,0,0,0,0,0,0,52,44,0,0,0,0,0,0,0,0,0,0,0,0,0,0,0,0,0,0,0,0,0,93,0,0,0,0,0,0,0,1,0,363,130,0,0,1,72
16,0,20,0,10,0,68,0,0,0,7,0,63,0,0,0,0,0,5,0,7,0,4,0,5,0,81,17,0,0,0,0,0,0,4,0,1,0,0,0,129,41,38,0,253,41,200,64,0,100,6,0,11,0,39,0,25,0,39,0,4,0,1,0,1,0,0,0,16,0,0,0,2,0,0,0,1,0,13,0,0,0,28,0,14,0,11,0,16,0,20,0,108,0,29,0,0,0,0,0,9,0,40,0,33,0,40,0,0,0,0,0,0,0,0,0,0,0,0,0,0,0,0,0,2,0,0,0,0,0,0,0,0,0,0,0,0,0,2,0,4,0,0,1,0,0,0,1,0,0,0,0,0,2,3,0,0,0,0,0,17,0,2,0,72,0,0,0,8,0,7,2,7,0,3,0,60,30,15,0,0,0,4,0,0,0,182,0,26,0,0,0,9,0,26,0,0,0,0,0,47,0,0,0,121,0,0,0,0,0,44,89,93,14,113,6,23,13,0,14,4,0,0,0,3
0,0,0,0,0,0,0,0,0,0,0,14,11,61,0,2,0,0,0,0,0,0,0,0,0,0,54,34,0,0,0,0,0,0,0,0,0,0,0,0,37,211,0,26,61,171,86,179,100,0,0,9,0,0,0,2,0,4,0,3,0,0,0,0,0,0,0,0,0,4,0,0,0,0,0,0,0,6,0,0,0,29,0,33,0,39,0,0,0,0,0,0,0,21,0,0,0,0,0,28,0,0,0,12,0,0,0,0,0,0,0,1,0,2,0,0,0,1,0,0,0,8,0,0,0,2,0,2,0,2,0,6,0,0,0,0,0,4,0,1,0,0,0,0,0,0,0,0,0,3,0,0,0,2,0,0,0,0,0,2,0,9,0,2,1,98,0,1,0,0,0,7,0,0,0,0,0,150,0,0,0,0,0,0,0,0,28,77,0,0,0,0,0,0,0,5,0,0,0,1,0,0,0,0,0,0,0,3,0,0,0,0,1,0,10,0,0,4,10,53,81,0,3,1,26
0,0,22,0,151,0,0,0,0,0,67,0,209,71,27,0,10,0,375,103,45,14,0,0,0,0,241,92,0,0,53,0,23,0,69,0,72,0,1,0,26,0,63,0,104,0,30,48,6,0,0,0,0,0,0,0,0,0,0,0,0,0,2,0,0,0,0,0,0,0,9,0,0,0,0,0,0,0,0,0,13,0,2,0,0,0,0,0,0,0,0,0,6,0,19,0,0,0,0,0,0,0,6,0,0,0,0,0,0,0,0,0,0,0,0,0,0,0,0,0,0,0,0,0,0,0,0,0,0,0,0,0,0,0,0,0,0,0,0,0,0,0,0,0,0,0,0,0,0,0,0,0,0,0,0,0,0,0,0,0,0,0,6,0,82,0,31,6,96,0,0,0,21,0,0,0,26,0,41,0,0,0,61,0,32,0,80,0,0,0,0,0,0,0,9,0,0,0,0,0,0,0,0,0,0,0,0,0,0,0,120,148,145,49,42,0,2,5,0,12,0,0,0,0,0
0,0,0,0,26,88,0,0,0,0,0,39,54,234,23,8,0,0,0,326,13,48,0,0,0,0,0,312,0,0,0,22,0,4,0,17,0,126,0,0,0,0,3,141,3,179,0,55,0,9,0,0,0,2,0,0,0,0,0,3,0,0,0,0,0,0,0,0,0,2,0,28,0,0,0,0,0,0,0,10,0,155,0,54,0,0,0,55,0,0,0,0,0,0,0,67,0,0,0,114,0,0,0,0,0,26,0,0,0,0,0,0,0,6,0,0,0,0,0,0,0,68,0,15,0,0,0,0,0,0,0,0,0,0,0,40,0,0,0,0,0,0,0,78,0,65,0,0,0,0,0,0,0,0,0,0,0,0,0,0,0,0,0,7,0,22,0,24,0,128,0,10,0,35,0,0,0,50,0,6,0,0,0,0,0,0,0,75,0,0,0,0,0,0,0,0,0,0,0,0,0,0,0,0,0,0,0,0,0,0,0,0,0,0,49,0,0,0,67,134,109,45,15,5,6
0,0,3,0,1,0,51,0,15,81,0,0,0,0,0,0,19,1,0,0,7,0,0,0,43,0,0,0,0,0,0,0,0,0,0,0,0,0,10,0,0,0,0,0,3,0,0,0,11,0,0,0,0,4,119,79,132,0,35,43,20,0,36,6,4,5,1,89,0,0,2,0,0,0,0,0,0,0,0,0,0,0,0,0,93,1,0,0,0,0,0,0,0,0,0,0,108,0,28,0,0,0,0,0,0,0,0,0,0,0,0,0,0,0,0,0,0,0,0,0,0,0,41,0,0,0,12,0,97,0,42,0,0,0,0,0,169,0,436,0,106,0,214,0,32,0,0,0,0,0,0,0,0,0,195,0,97,0,177,0,32,0,19,0,0,0,2,0,18,0,169,0,6,0,0,0,50,0,0,0,0,0,3,0,6,6,0,0,0,0,0,0,0,0,0,0,0,0,0,0,14,0,0,0,0,0,0,0,10,0,133,372,163,144,129,0,17,0,0,0,0,0,0,0,0
0,2,0,0,0,0,0,9,31,48,0,5,0,0,0,2,0,14,0,5,0,3,0,7,0,6,0,0,0,3,0,0,0,0,0,0,0,0,0,2,0,0,0,0,0,0,0,2,0,0,0,2,4,0,26,57,2,41,40,14,0,13,2,51,0,0,15,2,0,0,0,0,0,1,0,0,0,0,0,0,0,0,0,0,0,9,0,0,0,0,0,0,0,0,0,0,0,0,0,0,0,0,0,0,0,0,0,0,0,0,0,0,0,0,0,0,0,0,0,0,0,0,0,0,0,0,0,19,0,59,0,0,0,32,0,71,0,124,0,171,0,74,0,42,0,56,0,0,0,0,0,0,0,0,0,107,0,58,0,153,0,13,0,0,0,0,0,0,0,0,0,33,0,0,0,0,2,23,0,0,0,0,0,2,0,24,0,0,0,0,0,0,0,0,0,0,0,0,0,0,0,0,0,0,0,0,0,0,0,0,0,0,0,0,71,0,0,0,60,37,24,74,20,11,0
0,36,105,0,0,0,163,69,16,370,0,0,0,0,62,0,29,5,0,0,0,0,192,0,388,28,0,0,0,0,0,0,0,0,0,0,0,0,0,0,0,0,0,0,0,0,0,0,39,0,0,0,119,26,0,144,78,0,69,32,14,0,68,37,23,0,9,131,0,0,0,0,0,0,0,0,0,0,0,0,0,0,0,0,26,0,0,0,0,0,0,0,0,0,0,0,0,0,0,0,0,0,0,0,0,0,0,0,0,0,0,0,0,0,0,0,0,0,0,0,0,0,0,0,12,0,0,0,82,0,115,0,74,0,83,0,356,0,0,0,14,0,215,0,0,0,0,0,16,0,0,0,0,0,24,2,11,0,26,0,40,0,0,0,4,0,0,0,20,0,190,0,56,0,0,0,18,13,0,0,0,0,0,0,0,0,0,0,0,0,0,0,0,0,2,0,0,0,0,0,41,0,0,0,0,0,0,0,0,0,372,239,303,410,381,0,60,0,0,0,0,0,0,0,0
1,6,0,58,1,0,48,101,329,56,0,14,0,0,0,54,0,18,0,0,0,18,0,12,2,111,1,0,0,12,0,0,0,0,0,0,0,6,0,0,0,0,0,0,0,0,0,0,0,2,0,0,79,57,144,0,0,81,145,33,2,62,54,211,0,0,72,5,0,0,0,0,0,0,0,0,0,2,0,0,0,0,0,0,0,12,0,0,0,0,0,0,0,0,0,0,0,0,0,0,0,0,0,0,0,0,0,0,0,0,0,0,0,0,0,0,0,0,0,0,0,0,0,0,0,15,0,33,0,111,0,29,0,72,0,154,0,189,0,88,0,14,0,20,0,7,0,0,0,0,1,0,0,0,8,80,0,33,0,60,0,17,0,0,0,10,0,0,0,52,2,374,0,134,0,0,11,18,0,0,0,0,0,11,0,5,0,1,0,0,0,0,0,0,0,0,0,0,0,0,0,0,0,0,0,0,0,0,0,59,0,0,0,0,806,0,0,1,780,158,379,635,160,123,14
0,0,4,0,0,0,26,0,15,13,0,0,0,0,0,0,0,0,0,0,0,0,2,0,13,1,0,0,0,0,0,0,0,0,0,0,3,0,0,0,0,0,0,0,0,0,0,0,25,0,0,0,132,2,78,0,0,0,259,21,4,0,0,2,14,36,29,58,0,0,0,0,0,0,0,0,0,0,0,0,0,0,0,0,1,0,0,0,0,0,0,0,0,0,0,0,0,0,0,0,0,0,0,0,0,0,0,0,0,0,0,0,0,0,0,0,0,0,0,0,0,0,0,0,19,0,9,0,45,0,118,0,17,0,0,0,0,0,0,4,3,0,0,0,1,4,0,0,6,0,0,0,0,0,67,21,0,0,57,12,82,24,109,0,0,0,7,0,32,0,140,0,0,0,0,0,14,0,0,0,0,0,0,0,0,12,0,0,0,0,0,0,0,0,0,0,0,0,0,0,0,0,0,0,0,0,0,0,10,0,271,116,491,741,508,6,80,1,1,0,0,0,0,0,0
0,1,0,0,0,0,0,15,0,11,0,2,0,0,0,0,0,37,0,0,0,0,0,0,0,25,0,0,0,0,0,0,0,0,0,0,0,0,0,0,0,0,0,0,0,0,0,0,0,4,0,0,0,41,0,81,0,0,28,77,0,0,0,14,4,0,18,5,0,0,0,0,0,0,0,0,0,0,0,0,0,0,0,0,0,0,0,0,0,0,1,0,0,0,0,0,0,0,0,0,0,0,0,0,0,0,0,0,0,0,0,0,0,0,0,0,0,0,0,0,0,0,0,0,0,5,0,0,0,96,0,19,0,39,0,50,0,74,0,83,0,0,0,10,0,7,0,0,0,0,0,0,0,0,8,102,0,17,0,134,0,21,0,0,0,4,0,0,0,42,0,332,0,0,0,0,1,1,0,0,0,0,0,0,0,6,0,0,0,0,0,0,0,0,0,0,0,0,0,0,0,0,0,0,0,0,0,0,0,12,0,0,1,0,175,0,0,0,258,45,208,217,61,0,0
7,0,8,0,0,0,15,0,81,142,2,0,2,0,0,0,4,1,0,0,36,0,0,0,0,0,15,0,0,0,0,0,5,0,0,0,8,0,0,0,0,0,2,0,0,0,0,0,39,0,0,0,35,40,69,145,259,28,0,255,5,0,0,27,213,78,30,510,3,0,0,0,0,0,0,0,2,0,0,0,0,0,0,0,0,0,0,0,0,0,0,0,0,0,0,0,0,0,0,0,0,0,0,0,0,0,0,0,0,0,0,0,0,0,0,0,0,0,0,0,0,0,0,0,38,0,24,0,23,0,152,0,25,0,18,0,64,0,0,0,0,0,0,0,1,1,0,0,31,0,0,0,0,0,12,34,21,2,10,10,81,0,30,0,0,0,0,0,38,0,0,0,0,0,0,0,122,0,0,0,0,0,0,0,103,35,0,0,0,0,0,0,0,0,0,0,0,0,0,0,0,0,0,0,0,0,0,0,0,0,915,418,401,1131,1112,11,61,3,0,0,0,0,0,0,0
0,14,0,13,0,0,0,91,0,66,0,2,0,0,0,0,0,0,0,0,0,0,0,0,0,0,0,0,0,0,0,0,0,2,0,0,0,0,0,0,0,0,0,1,0,0,0,0,0,3,0,3,43,14,32,33,21,77,255,0,0,0,0,8,24,143,268,94,0,0,0,0,0,0,0,0,0,4,0,0,0,0,0,0,0,0,0,0,0,0,0,0,0,0,0,0,0,0,0,0,0,0,0,0,0,0,0,0,0,0,0,0,0,0,0,0,0,0,0,0,0,0,0,0,0,19,0,0,0,35,0,84,0,0,0,0,0,4,0,8,0,0,0,1,0,3,0,0,0,28,0,0,0,0,51,65,12,64,0,75,0,43,0,0,0,5,0,0,0,55,0,220,0,16,0,5,14,1,0,0,0,9,0,0,26,17,0,0,0,0,0,0,0,0,0,0,0,0,0,0,0,1,0,0,0,0,0,4,0,7,0,0,2,2,711,0,0,0,1190,349,404,1073,370,99,5
258,0,207,0,2,0,158,45,58,0,0,0,0,0,0,0,22,0,0,0,8,0,19,0,75,38,0,0,14,1,3,0,2,0,4,0,53,0,15,0,0,0,0,0,0,0,0,0,4,0,0,0,20,0,14,2,4,0,5,0,0,0,16,1,0,0,0,0,0,0,13,0,0,0,0,0,0,0,0,0,0,0,0,0,0,0,7,0,0,0,0,0,0,0,0,0,0,0,0,0,0,0,0,0,0,0,0,0,0,0,0,0,0,0,0,0,0,0,0,0,0,0,0,0,0,0,0,0,0,1,0,0,0,0,0,0,0,0,251,0,186,0,0,0,204,0,0,0,0,0,0,0,0,0,58,0,122,0,8,0,0,0,7,0,0,0,0,0,2,0,117,0,148,0,0,0,18,9,0,0,0,0,0,0,0,0,0,0,0,0,0,0,0,0,0,0,0,0,0,0,0,0,0,0,0,0,0,0,0,0,130,170,38,62,67,0,7,0,0,0,0,0,0,0,0
0,117,0,0,0,3,0,181,0,177,0,0,0,0,0,0,0,15,0,0,0,0,0,3,23,51,0,6,0,99,0,0,0,3,0,1,0,9,0,15,0,0,0,0,0,0,0,0,0,0,0,0,0,13,0,62,0,0,0,0,0,0,0,110,0,0,0,8,0,0,0,0,0,0,0,0,0,0,0,0,0,0,0,0,0,0,0,0,0,0,0,0,0,0,0,0,0,0,0,0,0,0,0,0,0,0,0,0,0,0,0,0,0,0,0,0,0,0,0,0,0,0,0,0,0,0,0,0,0,0,0,0,0,0,0,0,0,0,0,78,0,127,0,0,0,205,0,0,0,0,0,0,0,0,0,26,0,215,0,27,0,0,0,0,0,2,0,0,0,0,0,84,0,85,0,0,0,84,0,0,0,0,0,42,0,2,0,0,0,0,0,0,0,0,0,0,0,0,0,0,0,0,0,0,0,0,0,0,0,0,0,0,2,0,43,0,0,0,90,399,24,38,0,0,3
153,100,186,6,6,0,323,199,57,160,1,0,6,0,29,0,296,0,0,0,98,0,72,4,173,95,0,0,18,7,0,0,0,0,0,0,5,0,1,3,0,0,0,0,0,0,0,0,1,0,2,0,36,2,68,54,0,0,0,0,16,0,0,12,0,0,0,0,0,0,52,0,4,0,94,0,0,0,0,0,0,0,0,0,237,0,97,0,0,0,0,0,0,0,0,0,0,0,0,0,9,0,0,0,0,0,0,0,0,0,0,0,0,0,0,0,0,0,0,0,133,0,144,0,0,0,0,0,9,0,0,0,0,0,0,0,0,0,219,0,179,0,235,0,57,0,0,0,0,0,0,0,0,0,50,0,44,0,37,0,0,0,2,0,0,0,1,0,5,0,25,0,14,0,0,0,53,27,0,0,0,0,0,1,3,0,0,0,0,0,0,0,0,0,0,0,0,0,0,0,3,0,0,0,0,0,0,0,0,0,129,499,23,26,36,1,0,1,3,0,0,0,0,0,0
3,27,0,0,0,0,29,144,73,159,0,0,0,2,0,17,0,105,0,37,0,37,0,63,0,33,0,0,0,39,0,7,0,0,0,0,0,0,0,27,0,0,0,0,0,0,0,0,0,0,0,0,6,51,37,211,2,14,27,8,1,110,12,0,0,0,7,0,0,0,0,0,0,0,0,0,0,0,0,0,0,0,0,0,0,0,0,0,0,0,0,0,0,0,0,0,0,3,0,0,0,0,0,0,0,0,0,0,0,0,0,0,0,0,0,0,0,0,0,0,0,0,0,0,0,0,0,0,0,0,0,0,0,0,0,38,0,47,0,223,0,75,0,36,0,35,0,0,0,0,0,0,0,0,0,69,0,60,0,42,0,3,0,0,0,0,0,0,0,0,0,28,0,11,0,0,2,60,0,0,0,0,0,21,1,5,0,0,0,0,0,0,0,0,0,0,0,0,0,0,0,2,0,0,0,0,0,0,0,0,0,0,0,0,35,0,0,0,42,108,14,47,9,0,0
40,0,32,0,0,0,71,1,112,0,0,0,0,0,10,0,0,0,0,0,0,0,0,0,0,0,0,0,0,0,0,0,0,0,0,0,0,0,0,0,0,0,0,0,0,0,0,0,1,0,0,0,4,0,23,0,14,4,213,24,0,0,0,0,0,67,259,29,0,0,0,3,0,0,0,0,0,0,0,2,0,0,0,0,0,0,0,0,0,0,0,0,0,0,0,0,0,0,0,0,0,0,0,0,0,0,0,0,0,0,0,0,0,0,0,0,0,0,0,0,0,0,0,0,23,0,9,0,0,0,36,0,0,3,0,0,1,0,2,27,0,4,0,0,7,12,22,0,77,32,0,0,3,4,7,42,0,0,1,24,269,91,0,0,0,0,0,0,0,0,1,0,0,0,18,0,44,0,0,0,84,28,8,0,138,11,0,0,0,0,0,0,0,0,0,0,0,0,2,0,0,0,0,0,0,0,0,0,0,1,83,37,0,0,58,0,3,0,0,1,0,0,0,0,0
0,38,0,0,0,6,0,0,0,278,0,21,0,7,0,0,0,0,0,0,0,0,0,0,0,0,0,0,0,0,0,0,0,0,1,0,0,0,0,0,0,0,0,0,0,0,0,0,0,0,0,0,5,0,0,0,36,0,78,143,0,0,0,0,67,0,78,548,0,0,0,1,0,0,0,0,0,0,0,2,0,0,0,0,0,0,0,0,0,0,0,0,0,0,0,0,0,0,0,0,0,0,0,0,0,0,0,0,0,0,0,0,0,0,0,0,0,0,0,0,0,0,0,0,0,175,0,24,0,0,0,106,0,33,0,0,0,0,25,14,0,0,0,0,15,30,0,76,21,220,0,32,0,32,27,3,1,4,29,10,116,308,0,0,0,0,0,3,0,0,0,0,0,1,0,24,8,0,0,0,0,151,0,10,19,58,0,0,0,0,0,0,0,0,0,0,0,0,0,0,0,0,0,0,0,0,0,20,0,21,0,2,0,0,54,0,0,0,76,65,0,0,0,0,0
38,0,20,0,0,0,33,0,132,35,1,0,0,0,0,0,0,0,3,0,0,0,0,0,0,0,0,0,0,0,0,0,0,0,0,0,2,0,0,0,0,0,0,0,0,0,0,0,0,0,0,0,1,15,9,72,29,18,30,268,0,0,0,7,259,78,0,321,0,0,0,0,0,0,0,0,0,0,0,0,0,0,0,0,0,0,0,0,0,0,0,0,0,0,0,0,0,0,0,0,0,0,0,0,0,0,0,0,0,0,0,0,0,0,0,0,0,0,0,0,0,0,0,0,18,0,0,0,0,0,19,0,0,0,0,0,0,0,0,0,0,0,0,0,2,1,0,0,45,0,0,0,0,0,1,37,4,1,0,18,57,22,0,0,0,0,0,0,0,0,0,0,0,0,0,0,242,0,0,0,0,0,3,0,550,22,0,0,0,0,0,0,0,0,0,0,0,0,0,0,0,0,0,0,0,0,0,0,0,0,132,147,19,0,87,0,9,0,0,0,0,0,0,0,0
0,6,0,0,0,0,0,10,155,42,0,0,0,0,0,0,0,0,0,0,0,0,0,0,0,0,2,0,0,0,0,0,0,1,0,0,0,0,0,0,0,0,0,0,0,0,0,0,0,0,0,0,89,2,131,5,58,5,510,94,0,8,0,0,29,548,321,0,0,0,0,0,0,0,0,0,0,0,0,0,0,0,0,0,0,0,0,0,0,0,0,0,0,0,0,0,0,0,0,0,0,0,0,0,0,0,0,1,0,0,0,0,0,0,0,0,0,0,0,0,0,0,0,0,0,25,0,0,0,0,0,62,0,13,0,3,0,0,6,0,0,0,0,0,7,10,0,0,0,36,0,1,0,10,81,14,15,18,7,4,0,29,0,0,0,0,0,0,0,0,0,15,0,2,0,33,61,25,0,0,0,40,0,1,51,345,0,0,0,0,0,0,0,0,0,0,0,0,0,0,0,2,0,1,0,0,0,0,0,3,0,1,0,0,169,0,0,0,290,219,0,192,51,0,0
0,0,0,0,0,0,0,0,0,0,0,0,0,0,0,0,0,0,0,0,0,0,0,0,0,0,0,0,0,0,0,0,0,0,0,0,0,0,0,0,0,0,0,0,8,0,0,0,16,0,0,0,0,0,0,0,0,0,3,0,0,0,0,0,0,0,0,0,0,0,0,0,14,0,0,0,76,0,22,0,0,0,14,0,0,0,8,0,25,0,24,0,75,0,15,0,0,0,0,0,30,0,179,0,0,0,89,0,202,0,1,0,0,0,11,0,4,0,0,0,0,0,0,0,0,0,0,0,0,0,0,0,0,0,0,0,0,0,0,0,0,0,0,0,0,0,0,0,0,0,0,0,0,0,0,0,0,0,0,0,0,0,4,0,49,0,0,0,119,0,5,0,2,0,0,0,0,0,0,0,0,0,0,0,0,0,0,0,0,0,0,0,0,0,30,0,0,0,0,0,0,0,0,0,0,0,0,0,0,0,81,8,102,10,13,32,189,2,0,0,1,0,0,0,0
0,0,0,0,0,0,0,0,0,0,0,0,0,3,0,0,0,0,0,0,0,0,0,0,0,0,0,6,0,0,0,0,0,0,0,0,0,0,0,0,0,0,0,3,0,5,0,0,0,4,0,2,0,0,0,0,0,0,0,0,0,0,0,0,0,0,0,0,0,0,0,0,0,0,0,0,0,14,0,0,0,0,0,41,0,3,0,6,0,9,0,0,0,19,0,12,0,0,0,3,0,3,0,120,0,0,0,0,0,29,0,17,0,5,0,4,0,9,0,0,0,0,0,1,0,0,0,0,0,1,0,1,0,0,0,0,0,0,0,0,0,0,0,0,0,0,0,0,0,0,0,0,0,0,0,1,0,0,0,0,0,0,0,0,0,32,0,0,0,17,0,0,0,0,0,0,0,0,0,0,0,0,0,0,0,0,0,0,0,0,0,0,0,0,0,0,0,0,0,0,0,2,0,0,0,0,0,0,0,0,0,0,0,0,1,0,0,0,0,12,58,0,12,64,3
0,0,0,0,0,0,0,0,0,0,0,0,0,0,0,0,48,0,0,0,82,0,0,0,0,0,46,0,84,0,43,0,15,0,52,0,106,0,0,0,0,0,13,0,39,0,0,0,0,0,9,0,2,0,0,0,0,0,0,0,13,0,52,0,0,0,0,0,0,0,0,0,238,0,322,0,24,0,165,0,7,1,29,0,0,0,21,0,0,0,0,0,0,0,0,1,0,0,1,0,0,0,0,0,0,0,0,0,0,0,0,0,0,0,0,0,0,0,0,0,62,0,13,0,0,0,0,0,6,7,11,0,0,0,0,0,16,0,9,0,96,0,81,0,135,0,0,0,16,0,0,0,13,0,0,0,0,0,0,0,2,0,88,0,0,0,2,0,32,0,59,0,16,0,15,0,0,0,0,0,30,10,0,0,11,0,0,0,0,0,0,0,0,0,0,0,0,0,0,0,0,0,0,0,0,0,0,0,64,0,53,2,8,2,4,0,0,0,0,0,0,0,0,0,0
0,0,0,0,0,0,0,0,0,0,0,2,0,0,0,0,0,0,0,0,0,25,0,0,0,0,0,5,0,0,0,2,0,0,0,0,0,0,0,0,0,0,0,0,0,0,0,0,0,0,0,28,0,0,0,0,0,0,0,0,0,0,0,0,3,1,0,0,0,0,0,0,0,236,0,253,0,33,0,9,0,1,0,3,0,1,0,139,0,0,0,0,0,0,0,0,0,0,0,0,0,0,0,0,0,0,0,0,0,0,0,0,0,0,0,0,0,0,0,0,0,9,0,22,0,32,0,0,4,6,0,29,0,0,0,14,0,0,8,10,0,37,0,10,0,181,0,9,0,59,0,21,0,0,0,0,0,0,0,0,0,0,0,20,0,0,0,0,0,3,0,33,0,33,1,0,0,0,0,0,5,40,0,0,0,0,0,0,0,0,0,0,0,0,0,0,0,0,0,4,0,0,0,0,0,0,0,13,0,34,0,0,0,0,0,0,0,0,20,0,9,0,0,0,0
0,0,0,0,0,0,0,0,0,0,0,0,0,0,0,0,0,0,0,0,0,0,0,0,0,0,0,0,13,0,0,0,0,0,0,0,17,0,0,0,0,0,0,0,0,0,0,0,2,0,0,0,0,0,0,0,0,0,0,0,0,0,4,0,0,0,0,0,14,0,238,0,0,0,89,0,62,0,142,0,0,0,40,0,5,0,15,0,0,0,0,0,17,0,1,0,0,0,0,0,0,0,1,0,0,0,0,0,0,0,0,0,0,0,0,0,0,0,0,0,49,0,11,0,0,0,46,0,3,0,8,2,22,0,118,0,12,0,7,0,64,0,170,0,46,0,0,0,12,0,74,0,21,8,0,0,0,0,0,0,0,0,59,0,0,0,0,0,33,0,8,0,4,0,10,0,0,0,0,0,20,0,0,0,0,0,0,0,10,0,0,0,0,0,2,0,0,0,222,0,109,0,0,0,100,0,189,0,158,0,256,0,35,0,28,0,0,0,0,0,0,0,0,0,0
0,2,0,0,0,0,0,4,0,0,0,0,0,0,0,0,0,0,0,0,0,0,0,0,0,0,0,0,0,0,0,0,0,0,0,0,0,0,0,0,0,0,0,0,0,0,0,0,0,0,0,0,0,1,0,0,0,0,0,0,0,0,0,0,0,0,0,0,0,0,0,236,0,0,0,89,0,108,0,51,0,9,0,29,0,65,0,172,0,0,0,0,0,0,0,14,0,0,0,2,0,0,0,3,0,0,0,0,0,0,0,0,0,3,0,0,0,0,0,0,0,16,0,26,0,0,0,0,0,0,0,11,0,0,0,163,0,0,0,0,0,25,2,0,0,103,0,0,0,0,0,0,0,0,0,0,0,0,0,1,2,0,0,49,0,1,0,0,0,12,0,35,0,0,0,4,0,1,0,0,12,22,0,0,0,0,0,0,0,0,0,0,0,0,0,23,0,0,0,0,0,104,0,0,0,0,0,0,0,146,0,0,0,0,14,0,0,0,237,0,16,0,0,0,0
0,0,0,0,0,0,0,0,0,0,0,0,2,0,0,0,103,0,0,0,160,0,0,0,0,0,0,0,88,0,0,0,0,0,0,0,100,0,0,0,0,0,0,0,0,0,0,0,0,0,0,0,0,0,0,0,0,0,0,0,0,0,94,0,0,0,0,0,0,0,322,0,89,0,0,0,11,0,112,0,39,0,54,0,26,0,61,0,0,0,0,0,5,0,9,0,12,0,15,0,0,0,0,0,0,0,0,0,0,0,0,0,0,0,0,0,0,0,0,0,159,0,74,0,0,51,17,0,9,0,0,0,6,0,61,0,0,0,0,15,110,0,143,0,144,0,23,0,45,10,0,0,67,0,0,0,0,0,0,0,0,0,63,0,0,0,0,0,26,0,32,0,0,0,43,0,0,0,0,0,64,19,0,0,0,0,0,0,0,0,0,0,0,0,0,0,0,0,0,0,38,0,0,0,0,0,0,0,51,0,41,0,15,0,5,0,1,0,0,0,0,0,0,0,0
0,0,0,0,0,0,0,0,0,0,0,0,0,0,0,0,0,0,0,0,0,0,0,0,0,0,0,0,0,0,0,0,0,0,1,0,0,0,0,0,0,0,0,0,0,6,0,0,0,0,0,0,0,0,0,0,0,0,0,0,0,0,0,0,0,0,0,0,0,0,0,253,0,89,0,0,0,18,0,97,0,5,0,0,0,0,0,159,0,0,0,0,0,0,0,0,0,0,0,0,0,0,0,0,0,0,0,0,0,0,0,0,0,0,0,0,0,0,0,0,0,106,0,22,15,80,0,14,0,0,0,0,0,0,0,45,4,6,0,9,0,90,1,60,0,246,0,36,0,77,0,0,3,47,0,0,0,2,0,0,0,0,0,32,0,0,0,0,0,0,0,23,0,39,2,0,0,0,0,0,0,55,0,0,0,0,0,0,0,0,0,0,0,0,0,0,0,0,0,0,0,0,0,0,0,0,0,0,0,0,0,0,0,0,6,0,0,0,26,3,0,0,0,0,0
0,0,0,0,0,0,0,0,0,0,0,0,0,0,0,0,0,0,0,0,0,0,0,0,0,0,0,0,0,0,0,0,0,0,0,0,0,0,0,0,0,0,0,0,7,0,0,0,1,0,0,0,0,0,0,0,0,0,2,0,0,0,0,0,0,0,0,0,76,0,24,0,62,0,11,0,0,0,20,0,13,0,54,0,0,0,56,0,0,0,21,0,86,0,19,0,0,0,21,0,13,0,27,0,0,0,31,0,17,0,0,0,0,0,0,0,12,0,0,0,0,0,0,0,0,0,0,0,0,0,0,0,0,1,0,0,0,0,0,0,0,0,28,0,0,0,0,0,0,0,0,0,0,0,0,0,0,0,0,0,0,0,5,0,15,0,0,0,27,0,0,0,2,0,0,0,0,0,0,0,0,0,0,0,0,0,0,0,25,0,0,0,11,0,0,0,0,0,57,0,0,0,0,0,0,0,0,0,0,0,55,3,82,6,9,0,5,0,0,0,0,0,0,0,0
0,0,0,0,0,0,0,0,0,0,0,0,0,0,0,0,0,0,0,0,0,0,0,0,0,0,0,0,0,0,0,0,0,0,0,0,0,0,0,0,0,0,0,0,0,31,0,13,0,6,0,0,0,0,0,2,0,0,0,4,0,0,0,0,0,0,0,0,0,14,0,33,0,108,0,18,0,0,0,9,0,103,0,276,0,63,0,253,0,79,0,19,0,98,0,173,0,33,8,64,0,27,0,240,0,54,0,53,0,6,0,0,0,32,0,0,0,20,0,0,0,18,0,0,0,0,0,0,0,0,16,0,0,0,0,0,0,10,0,0,0,0,0,0,0,0,0,0,0,0,0,27,0,0,0,0,0,0,0,1,0,0,0,8,0,47,0,4,0,77,0,4,0,0,0,0,0,0,0,0,0,0,0,0,0,0,0,0,0,91,0,0,0,0,0,147,0,0,0,0,0,48,0,0,0,0,0,0,0,0,0,0,0,0,28,0,0,0,113,8,143,0,25,1,4
0,0,0,0,0,0,0,0,0,0,0,0,0,0,0,0,0,0,0,0,0,0,0,0,0,0,0,0,0,0,0,0,0,0,0,0,0,0,0,0,0,0,0,0,0,0,0,0,13,0,0,0,0,0,0,0,0,0,0,0,0,0,0,0,0,0,0,0,22,0,165,0,142,0,112,0,20,0,0,0,9,0,130,0,29,0,26,0,0,0,0,0,113,0,24,0,45,0,9,0,3,0,6,0,0,0,0,0,0,0,0,0,0,0,0,0,1,0,0,0,112,0,30,0,0,0,0,0,3,0,0,0,0,0,0,0,0,0,0,0,44,0,148,0,52,0,0,0,0,0,0,0,0,0,0,0,0,0,0,0,0,0,10,0,21,0,0,0,50,0,0,0,0,0,0,0,0,0,0,0,0,0,0,0,0,0,0,0,0,0,0,0,0,0,0,0,0,0,0,0,178,0,66,0,0,0,0,0,0,0,267,12,117,4,26,3,0,3,0,0,0,0,0,0,0
