0,105,121,134,119,89,72,9,93,0,91,57,142,0,73,212,24,34,87,11,0,7,42,181,7,72,61,0,50,26,34,12,95,0,0,0,25,6,624,20,36,0,0,0,5,0,18,0,18,0,0,0,0,0,5,0,6,0,5,0,21,0,0,0,9,0,0,0,0,0,9,0,0,0,0,0,0,0,0,0,0,0,0,0,0,0,0,0,0,0,0,0,0,0,0,0,0,0,0,0,0,0,0,0,0,0,0,0,0,0,0,0,0,0,2,0,0,0,0,0,0,0,0,0,0,0,0,0,0,0,0,0,0,0,0,0,0,0,0,0,0,0,0,0,0,0,6,0,26,0,32,0,20,0,0,0,0,0,1,0,2,0,0,0,0,0,10,0,0,0,0,0,128,0,17,0,182,64,9,0,75,1,55,0,43,0,2,0,0,0,0,0,0,0,0,0,0,0,0,0,0,0,0,0,0,0,0,0,5,1,0,0,0,0,38,0,4,0,4,0,76,0,9,0,16,0,180,18,94,2,59,0,116,0,0,0,7,0,95,0,89,0,95,0,284,1,0,0,0
105,0,40,134,0,289,98,35,134,40,0,329,0,82,17,52,17,15,0,199,0,43,101,15,31,39,0,93,3,59,10,0,0,124,0,8,0,205,15,298,0,44,0,0,0,24,0,10,1,0,1,4,0,0,3,4,0,0,0,7,0,122,30,45,0,37,0,4,0,0,0,0,0,0,0,0,0,0,0,0,0,0,0,1,0,0,0,2,0,0,0,0,0,0,0,4,0,0,0,0,0,0,0,0,0,0,3,4,0,0,0,0,0,0,0,0,0,0,0,0,0,4,0,0,0,9,1,4,1,0,0,6,0,0,0,45,0,12,0,0,0,0,0,4,0,0,0,24,0,38,0,38,0,95,0,0,0,0,0,0,0,3,0,0,0,0,0,0,0,9,0,7,0,41,0,12,11,244,0,10,0,23,0,94,0,44,0,0,0,0,0,0,0,0,0,0,0,11,0,4,0,0,0,0,0,0,0,35,0,34,0,7,0,0,0,54,0,0,0,0,0,251,0,8,0,13,0,236,0,219,0,167,0,392,0,26,0,31,0,142,0,66,0,66,0,328,0,0,0
121,40,0,40,180,67,170,2,44,0,39,68,40,0,139,126,52,0,156,13,101,0,93,63,26,5,25,0,61,16,113,9,78,0,0,0,30,0,284,7,9,0,2,0,0,0,13,0,13,0,0,0,1,0,10,0,3,0,4,0,2,0,0,0,14,1,2,0,0,0,4,0,0,0,0,0,0,0,0,0,0,0,0,0,0,0,0,0,0,0,0,0,0,0,0,0,0,0,0,0,2,0,0,0,0,0,0,0,0,0,0,0,0,0,3,0,0,0,0,0,0,0,0,0,0,0,14,0,0,0,11,0,0,0,39,0,10,0,0,0,0,0,0,0,0,0,10,0,14,0,50,0,23,0,0,0,0,0,1,0,3,0,3,0,0,0,0,0,0,0,0,0,70,0,0,0,30,19,0,3,0,0,0,1,2,0,0,0,0,0,0,0,0,0,0,0,5,0,0,0,0,0,0,0,0,0,0,0,16,0,11,0,0,0,72,0,0,0,0,0,174,0,18,0,22,0,99,4,73,0,114,0,0,2,17,0,13,0,74,1,91,0,78,0,402,1,0,0,0
134,134,40,0,17,95,57,113,66,6,10,25,0,6,9,176,27,24,0,96,0,95,86,105,14,118,0,9,0,136,0,49,7,143,0,0,0,80,0,336,0,0,0,0,0,0,0,0,0,0,0,0,0,1,0,38,0,0,0,4,1,18,5,9,0,0,0,0,0,0,0,0,0,0,0,0,0,0,0,0,0,0,0,0,0,0,0,0,0,0,2,10,0,0,0,0,0,0,0,6,0,0,0,0,0,0,0,0,0,0,0,0,0,0,0,0,0,0,0,0,0,0,0,0,0,0,0,9,1,0,0,15,0,0,0,298,0,116,0,12,0,10,0,21,0,0,1,17,0,15,0,0,0,24,0,0,0,0,0,1,0,3,0,0,0,2,0,5,0,3,0,4,0,41,0,0,13,83,0,3,0,6,0,10,0,0,0,0,0,0,0,0,0,0,0,0,0,0,0,7,0,36,0,0,0,0,0,52,0,122,0,0,0,1,0,45,0,0,0,0,0,291,0,14,0,8,2,59,0,118,0,95,0,291,0,16,0,16,0,49,0,24,0,27,1,155,0,0,0
119,0,180,17,0,223,15,0,20,0,91,138,152,159,80,240,0,0,189,172,103,135,23,13,0,0,74,0,0,3,91,0,75,0,93,7,70,0,52,0,58,0,6,0,11,0,34,0,3,0,11,0,0,0,0,0,0,0,1,0,0,0,0,0,5,0,0,0,0,0,5,0,0,0,0,0,0,0,0,0,12,0,0,0,0,0,0,0,0,0,0,0,0,0,0,0,0,0,0,0,0,0,0,0,0,0,0,0,0,0,0,0,0,0,0,0,0,0,0,0,0,0,0,0,0,0,0,0,0,1,0,0,0,0,24,0,0,0,0,0,0,0,0,0,0,0,6,0,12,0,33,0,33,0,0,0,0,0,0,0,0,0,0,0,0,0,57,0,20,0,0,0,0,0,0,0,133,51,12,0,31,0,37,0,18,0,5,0,0,0,0,0,0,0,0,0,5,0,0,0,0,0,0,0,0,0,0,0,18,0,0,0,0,0,27,0,0,0,8,0,120,0,0,0,0,1,254,0,46,0,167,0,0,0,0,0,24,2,0,0,33,0,77,0,208,0,0,0,0
89,289,67,95,223,0,0,53,0,10,158,164,81,132,267,95,12,6,84,395,134,237,111,36,0,0,0,217,0,20,31,162,0,171,0,86,7,113,5,20,0,55,0,26,1,53,0,25,2,1,0,33,0,0,0,11,0,0,0,4,0,0,0,7,0,18,0,0,0,0,0,4,0,0,0,3,0,0,0,0,0,0,0,0,0,18,0,32,0,0,0,0,0,0,0,22,0,0,0,13,0,8,0,0,0,0,0,10,0,0,0,0,0,0,0,0,0,0,0,0,0,0,0,3,0,0,0,15,0,0,0,0,0,0,0,0,0,33,0,0,0,7,0,18,0,0,0,28,0,16,0,26,0,29,0,0,0,0,0,0,0,0,0,0,0,3,0,8,0,0,0,0,0,10,0,10,37,322,0,36,0,27,6,0,0,8,0,11,0,0,0,0,0,0,0,0,0,0,0,0,0,0,0,0,0,0,0,22,0,47,0,0,0,0,0,9,0,6,0,0,0,229,0,0,0,21,0,172,0,105,0,153,0,0,0,6,0,25,0,20,0,15,0,8,0,89,0,0,0
72,98,170,57,15,0,0,0,64,44,14,0,6,0,49,50,14,28,0,0,0,0,76,49,110,124,5,0,107,0,0,0,0,0,0,0,0,4,364,0,4,0,3,0,0,0,0,0,12,0,0,0,8,1,87,0,7,0,25,0,158,3,195,0,2,0,1,0,0,0,0,0,0,0,0,0,0,0,0,0,0,0,0,0,0,0,0,0,0,0,0,0,0,0,0,0,0,0,0,0,0,0,0,0,0,0,0,0,0,0,0,0,0,0,3,0,0,0,0,0,0,0,0,0,9,0,47,0,0,0,48,1,12,0,41,0,28,1,6,0,0,0,0,0,0,0,0,0,8,0,42,0,8,0,0,0,0,0,0,0,11,0,0,0,5,0,0,0,0,0,25,0,64,0,2,0,8,10,0,0,0,0,3,1,0,0,0,0,0,0,1,0,0,0,0,0,0,0,0,0,0,0,0,0,0,0,0,0,19,0,17,0,0,0,134,0,0,0,2,0,79,0,33,1,38,0,102,3,122,2,37,0,222,4,0,1,12,3,102,0,94,0,106,0,373,0,0,0,0
9,35,2,113,0,53,0,0,226,16,0,12,0,0,0,65,10,67,0,36,1,0,6,22,0,183,0,0,0,39,0,0,0,15,0,0,0,27,10,164,0,0,0,0,0,0,0,0,0,1,0,0,0,48,32,123,0,5,12,38,10,115,57,689,0,8,35,4,0,0,0,0,0,0,0,0,0,0,0,0,0,0,0,0,0,0,1,0,0,0,0,0,0,0,0,0,0,0,0,0,0,0,0,0,0,0,0,0,0,0,0,0,0,0,0,0,0,0,0,0,0,0,0,0,0,31,0,40,0,0,0,44,0,0,0,53,0,77,0,0,0,0,0,0,0,2,0,39,0,29,0,18,0,0,0,8,0,0,0,5,0,14,0,0,0,1,0,0,0,10,0,0,0,14,0,0,7,36,0,0,0,0,0,8,0,0,0,0,0,0,0,0,0,0,0,0,0,2,0,6,0,0,0,0,0,0,0,12,0,53,0,0,1,6,0,163,0,2,0,7,0,314,0,21,0,32,0,25,1,237,0,69,0,489,0,32,0,33,1,94,0,19,0,29,2,236,0,0,0
93,134,44,66,20,0,64,226,0,361,16,0,16,1,10,22,9,57,17,4,4,0,12,26,22,424,13,0,27,6,0,3,0,0,0,0,4,0,175,15,3,0,0,0,0,0,0,0,7,0,0,0,32,0,71,53,24,0,44,4,369,6,283,97,51,0,27,17,0,0,0,0,0,1,0,0,0,0,0,0,0,0,0,0,0,0,0,0,0,0,0,0,0,0,0,0,0,0,0,0,0,0,0,0,0,0,0,0,0,0,0,0,0,0,1,0,0,0,1,0,0,0,0,0,12,0,14,0,7,0,62,0,5,0,11,0,2,0,0,0,0,0,0,0,0,0,14,0,73,0,24,0,21,0,0,0,11,0,0,0,18,0,9,0,6,0,8,0,33,0,60,0,82,0,45,0,291,68,0,0,4,1,45,10,20,0,0,0,0,0,0,0,1,0,0,0,5,0,0,0,0,0,0,0,0,0,2,0,6,0,0,0,15,0,141,3,0,0,7,0,82,0,24,0,28,0,166,0,131,0,15,0,170,0,0,1,26,0,152,0,69,0,95,0,340,2,0,0,0
0,40,0,6,0,10,44,16,361,0,0,9,0,0,0,3,14,16,0,17,0,0,0,1,25,9,0,0,2,0,0,0,0,3,0,0,0,0,0,30,0,0,0,0,0,0,0,0,0,0,0,2,48,67,177,45,13,27,60,144,0,250,163,431,0,99,87,113,0,0,0,0,0,0,0,0,0,0,0,0,0,0,0,0,0,0,0,0,0,0,0,0,0,0,0,0,0,0,0,0,0,0,0,0,0,0,0,0,0,0,0,0,0,0,0,0,0,0,0,0,0,0,0,0,0,31,0,22,0,0,0,23,0,12,0,12,0,12,2,0,0,0,0,0,0,0,0,55,0,47,0,22,0,38,3,6,0,14,0,0,0,13,0,0,0,0,0,0,0,7,0,11,0,4,0,1,32,416,0,0,0,0,0,38,0,163,0,0,0,0,0,0,0,0,0,0,0,0,0,0,0,2,0,0,0,0,0,13,0,29,0,13,0,0,0,120,0,1,0,4,0,126,0,11,0,16,0,85,0,153,0,50,0,429,1,36,0,13,2,108,0,24,0,33,0,293,0,0,0
91,0,39,10,91,158,14,0,16,0,0,60,245,11,9,183,5,0,45,49,14,60,1,19,0,0,42,0,0,0,44,14,49,0,4,0,35,0,30,0,50,0,0,0,6,0,21,0,10,0,4,2,0,0,0,0,0,0,0,0,0,0,0,0,0,0,0,0,0,0,0,0,0,0,0,0,0,0,0,0,11,0,0,0,0,0,0,0,6,0,6,0,0,0,0,0,0,0,13,0,0,0,0,0,0,0,0,0,0,0,0,0,0,0,0,0,0,0,0,0,0,0,0,0,0,0,0,0,0,0,0,0,0,0,2,0,0,0,0,0,0,0,0,0,4,0,0,0,2,0,13,0,0,0,0,0,0,0,0,0,0,0,0,0,0,0,31,0,32,0,0,0,39,0,7,0,126,37,27,0,19,0,33,0,18,0,3,0,0,0,0,0,0,0,0,0,0,0,0,0,0,0,0,0,0,0,0,0,0,0,1,0,0,0,4,0,0,0,10,0,45,0,6,0,11,0,126,6,59,0,59,0,0,0,0,0,7,2,13,0,23,0,29,0,79,0,0,0,0
57,329,68,25,138,164,0,12,0,9,60,0,18,238,154,9,0,0,35,161,82,74,96,10,0,0,0,117,0,0,27,0,13,157,1,35,0,109,3,39,0,182,0,15,0,33,0,30,0,8,0,27,0,0,0,0,0,0,0,0,0,0,0,0,0,18,0,0,0,0,0,5,0,0,0,0,0,0,0,0,0,15,0,0,0,19,0,19,0,0,0,0,0,0,0,16,0,0,0,0,0,0,0,0,0,0,0,0,0,0,0,0,0,0,0,0,0,0,0,1,0,14,0,5,0,0,0,5,0,0,0,0,0,0,0,0,0,12,0,0,0,0,0,9,0,5,0,0,0,10,0,46,0,67,0,0,0,0,0,0,0,0,0,0,0,3,0,0,0,0,0,0,0,14,0,17,25,363,2,60,0,65,0,39,0,46,0,29,0,0,0,0,0,0,0,0,0,9,0,0,0,0,0,0,0,0,0,12,0,20,0,3,0,0,0,2,0,10,0,10,0,111,0,7,0,22,0,188,0,91,0,96,0,0,0,0,0,0,0,18,0,12,0,10,0,65,0,0,0
142,0,40,0,152,81,6,0,16,0,245,18,0,280,14,50,0,0,68,319,73,152,0,0,0,0,66,246,1,0,22,13,4,0,120,8,23,0,0,0,111,72,24,35,20,0,46,25,32,0,45,0,0,0,0,0,0,0,0,0,0,0,0,0,4,0,0,0,0,0,0,0,0,0,1,0,0,0,0,0,0,0,0,0,0,0,1,1,0,0,0,0,0,0,0,0,0,0,0,0,0,0,0,0,0,0,1,0,0,0,0,0,0,0,0,0,0,0,0,0,0,0,0,0,0,0,3,0,0,0,1,0,0,0,0,0,0,0,0,0,0,0,0,0,0,0,4,0,3,0,9,0,7,0,0,0,0,0,0,0,0,0,0,0,10,1,0,0,0,0,0,0,3,0,20,0,180,41,56,0,34,0,32,0,0,0,44,5,0,0,0,0,0,0,0,0,2,0,0,0,0,0,0,0,0,0,0,0,2,0,0,0,0,0,0,0,0,0,45,17,20,0,0,0,38,0,70,0,0,0,0,0,0,0,0,0,9,2,0,0,0,0,2,0,0,0,0,0,0
0,82,0,6,159,132,0,0,1,0,11,238,280,0,146,0,0,0,372,154,95,95,0,0,0,0,217,110,0,0,0,0,2,0,34,22,0,57,0,0,71,350,0,61,0,28,16,77,2,13,11,56,0,0,0,3,0,0,0,1,0,0,0,0,0,5,0,0,0,0,0,1,0,0,0,0,0,0,0,0,0,0,0,0,0,5,0,8,0,0,0,0,0,0,0,0,0,0,0,0,0,0,0,2,0,0,0,2,0,0,0,0,0,1,0,0,0,0,0,0,0,0,0,0,0,0,0,0,0,0,0,0,0,0,0,0,0,2,0,0,0,0,0,0,0,0,0,0,0,2,0,19,0,33,0,0,0,0,0,0,0,0,0,0,0,13,0,0,0,10,0,0,0,1,0,16,24,356,0,16,0,104,0,7,0,9,6,84,0,0,0,0,0,0,0,0,0,6,0,0,0,0,0,0,0,0,0,0,0,0,0,0,0,0,0,0,0,0,4,64,0,8,0,26,0,25,0,106,0,12,0,9,0,0,0,0,0,0,0,4,0,0,0,1,0,0,0,0,0
73,17,139,9,80,267,49,0,10,0,9,154,14,146,0,202,125,2,173,141,120,121,136,11,55,3,70,0,13,2,213,20,74,12,63,0,64,0,5,0,0,2,0,0,6,0,0,0,0,0,8,0,0,0,0,0,3,0,0,0,0,0,19,0,10,0,0,0,0,0,0,0,0,0,0,0,0,0,0,0,26,0,0,0,20,1,0,0,7,0,31,0,0,0,0,0,7,0,0,0,0,0,0,0,0,0,90,0,0,0,0,0,0,0,0,0,0,0,0,0,0,0,0,0,7,0,35,0,0,0,0,0,0,0,162,0,69,0,0,0,25,0,107,0,0,0,26,0,29,0,103,0,97,0,0,0,0,0,0,0,0,0,0,0,11,0,67,0,0,0,0,0,20,0,0,0,33,31,0,0,34,0,7,0,17,0,1,0,1,0,0,0,0,0,0,0,18,0,0,0,9,0,0,0,0,0,0,0,84,2,5,0,0,0,6,0,0,0,9,0,94,0,1,0,8,0,183,0,38,0,113,0,0,2,4,0,7,0,10,0,20,0,18,0,114,0,0,0,0
212,52,126,176,240,95,50,65,22,3,183,9,50,0,202,0,37,18,51,131,101,224,190,65,0,35,14,16,5,40,46,135,27,77,0,29,6,27,30,27,0,0,0,15,0,32,1,0,2,0,0,15,0,0,0,26,0,0,0,4,0,2,0,3,0,0,0,0,0,0,0,0,0,0,0,0,0,0,0,0,0,0,0,0,0,15,0,13,0,0,0,21,0,0,0,16,0,11,0,12,0,0,0,0,0,0,0,21,0,0,0,0,0,0,0,0,0,0,0,0,0,0,0,1,0,0,0,10,0,0,0,0,0,0,0,255,0,71,0,0,0,10,0,27,0,0,0,0,0,10,0,12,1,7,0,0,0,0,0,0,0,0,0,0,0,0,0,3,2,0,0,1,0,8,0,0,17,94,0,1,0,0,8,0,2,2,0,0,0,0,0,0,0,0,0,0,0,0,0,0,0,42,0,0,0,0,0,33,0,55,0,1,0,0,0,6,0,0,0,3,0,82,1,0,0,15,4,154,0,84,0,49,0,59,0,0,1,8,2,10,0,7,0,0,0,32,0,0,0
24,17,52,27,0,12,14,10,9,14,5,0,0,0,125,37,0,0,81,0,232,0,191,14,98,32,47,0,137,0,92,0,67,3,21,0,23,0,63,3,0,0,0,0,0,0,2,0,0,0,6,0,37,0,38,1,5,0,0,0,12,0,254,3,0,0,0,1,0,0,0,0,0,0,0,0,0,0,0,0,0,0,0,0,28,0,20,0,8,0,67,0,0,0,0,0,5,0,57,0,0,0,14,0,22,0,235,0,0,0,0,0,0,0,0,0,0,0,0,0,0,0,0,0,0,0,0,0,28,0,0,0,0,0,72,0,125,0,29,0,60,0,239,0,3,0,0,0,0,0,0,0,2,0,11,0,0,0,9,0,0,0,0,0,0,0,0,0,9,0,9,0,8,0,0,0,0,2,0,1,0,0,5,0,0,0,0,0,0,0,0,0,0,0,3,0,0,0,0,0,5,0,0,0,0,0,0,0,17,0,0,0,0,0,16,0,0,0,0,0,0,0,5,0,9,0,149,3,38,0,0,0,0,0,0,0,4,0,14,0,9,0,12,0,48,0,0,0,0
34,15,0,24,0,6,28,67,57,16,0,0,0,0,2,18,0,0,0,90,1,113,15,42,8,52,0,16,0,104,0,65,0,26,0,3,0,7,6,105,0,0,0,0,0,12,0,0,0,0,0,8,0,2,8,53,0,12,0,4,3,12,10,58,0,0,2,1,0,0,0,0,0,1,0,0,0,0,0,0,0,19,0,0,0,68,0,16,0,0,0,34,0,0,0,37,0,44,0,41,0,26,0,0,1,0,1,41,0,0,0,0,0,0,0,0,0,0,0,0,0,5,0,0,0,0,0,0,0,50,0,9,0,0,0,261,0,113,0,62,0,21,0,165,0,4,0,3,0,0,0,0,1,0,0,10,0,1,0,14,0,0,0,1,0,0,0,0,0,0,0,1,0,1,0,0,1,8,0,0,0,0,0,0,0,0,0,0,0,0,0,0,0,0,0,0,0,0,0,0,0,32,0,0,0,0,0,0,0,0,0,0,0,0,0,0,0,0,0,0,0,7,0,0,0,0,0,72,0,19,0,0,0,16,0,0,0,0,0,6,0,4,0,1,0,18,0,0,0
87,0,156,0,189,84,0,0,17,0,45,35,68,372,173,51,81,0,0,334,260,127,72,0,17,4,134,194,0,3,79,0,9,1,131,13,42,9,14,0,9,85,22,32,24,0,14,23,5,1,127,24,0,0,6,0,0,0,1,0,0,0,25,0,10,0,0,0,0,0,11,0,0,0,0,0,0,0,0,0,0,0,0,0,34,0,0,0,0,0,59,0,0,0,0,0,0,0,99,0,8,0,0,0,19,0,150,0,0,0,0,0,0,0,2,0,0,0,0,0,0,0,17,0,0,0,0,0,0,0,5,0,0,0,69,0,71,0,0,0,57,0,101,0,0,1,18,0,12,0,36,0,40,0,0,0,0,0,0,0,0,0,0,0,40,1,9,0,29,0,0,0,12,0,4,0,31,32,7,0,0,0,13,0,14,1,0,0,0,0,0,0,0,0,0,0,12,0,0,0,0,0,0,0,0,0,0,0,42,0,0,0,0,0,4,0,0,0,87,8,59,0,10,4,144,0,236,0,16,0,67,0,0,0,5,0,29,3,6,0,8,0,13,0,48,0,0,0,0
11,199,13,96,172,395,0,36,4,17,49,161,319,154,141,131,0,90,334,0,101,264,8,64,0,28,212,227,0,18,26,73,6,22,44,28,19,61,0,0,81,9,0,52,7,128,25,26,0,8,25,72,1,0,0,6,1,0,0,0,0,0,0,53,0,36,0,0,0,0,0,7,0,0,0,0,0,0,0,7,0,117,0,0,0,117,0,91,0,0,0,60,0,0,0,124,0,0,0,96,0,0,0,0,0,0,0,76,0,0,0,0,0,0,0,0,0,0,0,0,0,40,0,18,0,0,0,24,0,0,0,0,0,0,0,307,0,138,0,0,0,53,0,143,0,27,0,78,0,38,0,82,0,67,0,0,0,0,0,0,0,0,0,0,3,27,0,1,0,33,0,2,0,6,0,5,7,109,7,13,0,17,0,23,0,23,8,23,0,0,0,0,0,0,0,0,0,0,0,0,0,60,0,0,0,0,0,76,0,151,0,1,0,0,0,0,0,4,6,208,0,38,0,49,2,155,2,266,0,47,0,45,0,0,0,0,0,31,0,0,0,3,0,9,0,13,0,0,0
0,0,101,0,103,134,0,1,4,0,14,82,73,95,120,101,232,1,260,101,0,89,143,9,0,2,129,29,93,4,34,18,57,0,80,0,19,0,34,0,0,0,10,0,39,0,1,0,2,0,66,8,8,0,0,0,2,0,0,0,0,0,42,0,0,0,0,0,0,0,10,0,0,0,0,0,0,0,0,0,0,0,0,0,55,0,49,0,0,0,48,0,0,0,0,0,5,0,103,0,5,0,0,0,0,0,150,0,0,0,0,0,0,0,0,0,0,0,1,0,0,0,0,0,0,0,0,0,0,0,0,0,0,0,0,0,111,0,37,0,123,0,0,0,0,0,3,0,1,0,0,0,0,1,5,0,0,0,0,0,1,0,0,0,20,1,32,0,12,0,0,0,15,0,0,0,14,6,0,0,0,0,4,0,0,0,0,0,0,0,0,0,0,0,0,0,0,0,0,0,0,0,0,0,0,0,0,0,0,0,0,0,0,0,5,0,0,0,16,0,51,0,8,1,26,0,323,2,18,0,82,0,0,0,0,0,20,2,14,0,29,0,25,0,89,0,0,0,0
7,43,0,95,135,237,0,0,0,0,60,74,152,95,121,224,0,113,127,264,89,0,25,90,0,21,35,68,0,29,23,76,9,45,17,42,14,60,0,32,15,0,1,44,0,68,4,1,5,9,3,83,0,0,0,6,0,1,0,0,0,0,0,77,0,0,0,0,0,0,0,0,0,0,0,0,0,0,0,9,0,0,0,0,0,59,0,56,0,0,0,37,0,0,0,43,0,0,0,34,0,0,0,0,0,0,0,0,0,0,0,0,0,0,0,0,0,0,0,0,0,16,0,0,0,0,0,0,0,0,0,0,0,0,0,0,0,0,0,44,0,48,0,87,0,26,0,15,0,0,0,0,0,0,0,0,0,2,0,0,0,0,0,1,0,25,0,4,0,18,0,0,0,12,0,0,6,24,2,0,0,6,0,8,0,6,0,19,0,0,0,0,0,0,0,0,0,0,0,0,0,0,0,0,0,0,0,0,0,0,0,3,0,1,0,7,0,1,0,92,3,70,0,24,0,92,0,519,0,99,0,100,0,0,0,12,0,47,0,10,0,0,0,15,0,44,0,0,0
42,101,93,86,23,111,76,6,12,0,1,96,0,0,136,190,191,15,72,8,143,25,0,114,142,38,52,0,265,27,119,12,112,17,4,1,14,8,281,16,0,0,0,0,13,0,4,0,0,0,0,0,4,0,33,0,6,0,5,0,0,0,29,0,13,0,0,0,0,0,0,0,0,0,0,0,0,0,0,0,0,0,0,0,9,0,0,0,0,0,37,0,0,0,0,0,4,0,0,0,0,0,0,0,0,0,69,0,0,0,0,0,0,0,6,0,0,0,0,0,0,0,0,0,4,0,42,0,0,0,9,0,0,0,313,0,100,0,6,0,5,0,260,0,0,0,0,0,13,0,137,0,48,0,4,0,0,0,0,0,3,0,0,0,0,0,22,0,10,0,0,0,79,0,3,0,12,34,0,0,0,0,8,0,3,0,0,0,0,0,0,0,0,0,6,0,7,0,0,0,41,0,0,0,0,0,0,0,121,0,15,0,1,0,65,0,1,0,0,0,163,0,16,0,21,0,158,13,58,3,38,0,0,1,0,0,5,0,44,0,38,0,26,0,200,0,0,0,0
181,15,63,105,13,36,49,22,26,1,19,10,0,0,11,65,14,42,0,64,9,90,114,0,0,24,0,12,9,39,5,46,12,34,0,7,1,5,31,34,0,0,0,0,0,9,0,0,0,0,0,0,0,0,0,17,0,0,0,0,0,0,0,14,0,0,0,0,0,0,1,0,0,0,0,0,0,0,0,0,0,10,0,0,0,19,0,9,0,0,0,20,0,0,0,20,0,25,0,14,0,12,0,0,0,0,0,25,0,0,0,0,0,0,1,0,0,0,0,0,0,0,0,0,0,0,0,0,0,0,0,0,0,0,0,132,0,40,0,0,0,0,0,42,0,0,0,0,0,0,0,0,0,0,0,0,0,0,0,0,0,0,0,0,0,0,0,0,0,6,0,0,1,13,0,0,10,12,0,0,0,0,8,0,0,0,0,0,0,0,0,0,0,0,0,0,0,0,0,1,0,14,0,0,0,0,0,0,0,11,0,0,0,0,0,0,0,0,0,0,0,25,0,0,0,1,0,201,0,10,0,10,0,22,0,0,0,3,0,4,0,2,0,2,0,10,0,0,0
7,31,26,14,0,0,110,0,22,25,0,0,0,0,55,0,98,8,17,0,0,0,142,0,0,31,0,0,263,0,7,1,4,0,0,0,0,0,184,2,0,0,0,0,0,0,0,0,11,0,0,0,8,1,169,0,16,1,15,1,83,3,256,5,0,0,0,0,0,0,0,0,0,0,0,0,0,0,0,0,0,0,0,0,0,0,0,0,0,0,0,0,0,0,0,0,0,0,0,0,1,0,0,0,22,0,0,0,0,0,0,0,0,0,5,0,0,0,0,0,0,0,0,0,0,0,19,0,114,0,14,0,16,0,197,1,101,0,24,0,7,0,207,0,0,0,1,0,7,0,29,0,0,0,0,0,0,0,5,0,23,0,0,0,0,0,0,0,26,0,42,0,50,0,0,0,0,5,0,0,0,0,1,0,0,0,0,0,0,0,0,0,0,0,0,0,0,0,8,0,0,0,0,0,0,0,0,0,42,0,17,0,3,0,116,0,0,0,6,0,77,3,27,0,60,0,31,2,143,0,10,0,222,1,16,0,6,0,34,2,23,0,17,0,257,0,0,0,0
72,39,5,118,0,0,124,183,424,9,0,0,0,0,3,35,32,52,4,28,2,21,38,24,31,0,0,2,11,62,3,10,0,7,0,0,0,9,22,79,0,0,0,0,0,0,0,0,0,0,0,0,9,15,32,138,0,14,3,4,18,37,77,124,0,0,11,0,0,1,0,0,0,0,0,0,0,0,0,0,0,0,0,0,0,13,0,8,0,3,0,22,0,0,0,14,0,29,2,10,0,5,0,1,3,0,0,39,0,0,0,0,0,0,0,0,0,0,0,0,0,1,0,0,0,9,0,18,1,39,0,22,0,33,0,394,0,199,0,17,0,9,0,57,0,0,0,4,0,2,0,0,0,0,0,15,0,0,0,7,0,0,0,0,0,1,0,0,0,0,0,0,0,3,0,0,9,44,0,0,0,0,0,7,0,0,0,0,0,0,0,0,0,0,0,0,0,0,0,0,0,44,0,0,0,0,0,23,0,43,0,0,0,0,0,13,0,0,0,0,0,64,0,9,0,0,0,70,0,58,0,6,0,86,1,0,0,2,0,25,0,0,0,0,0,62,0,0,0
61,0,25,0,74,0,5,0,13,0,42,0,66,217,70,14,47,0,134,212,129,35,52,0,0,0,0,367,37,0,38,1,35,0,22,1,61,0,20,0,34,358,184,0,163,0,69,161,71,0,196,0,0,0,0,0,0,0,2,0,0,0,29,0,5,0,0,0,0,0,21,0,0,0,0,0,0,0,0,0,0,1,0,0,69,0,88,0,37,0,78,0,0,0,0,0,9,0,174,0,0,0,0,0,0,0,0,0,0,0,0,0,0,0,0,0,0,0,0,0,0,0,0,0,0,0,5,0,0,0,0,0,0,0,26,0,106,0,0,0,129,0,102,0,0,0,0,0,6,0,0,0,13,0,0,0,0,0,0,0,3,0,0,0,48,0,5,0,0,0,3,0,5,0,3,0,28,33,7,0,9,0,10,0,7,0,20,14,0,1,0,0,0,0,0,0,0,0,0,0,0,0,0,0,0,0,0,0,15,0,0,0,0,0,5,0,0,0,452,43,0,0,55,29,165,0,93,0,18,0,0,0,0,0,0,0,21,5,0,0,0,0,0,0,0,0,0,0,0
0,93,0,9,0,217,0,0,0,0,0,117,246,110,0,16,0,16,194,227,29,68,0,12,0,2,367,0,0,0,0,15,0,0,30,6,0,58,0,5,261,54,36,101,27,187,61,31,4,72,20,105,0,0,0,0,0,0,0,0,0,0,0,0,0,8,0,0,0,0,0,0,0,0,0,0,0,11,0,0,0,0,0,0,0,0,0,40,0,0,0,0,0,0,0,41,0,0,0,0,0,0,0,0,0,0,0,0,0,0,0,0,0,0,0,0,0,0,0,0,0,0,0,0,0,0,0,10,0,0,0,0,0,0,0,0,0,0,0,0,0,0,0,0,0,0,0,0,0,0,0,0,0,0,0,0,0,0,0,0,0,0,0,0,6,90,0,0,0,43,0,3,0,2,0,0,2,56,2,10,0,0,0,4,0,0,32,14,0,0,0,0,0,0,0,0,0,0,0,0,0,0,0,0,0,0,0,0,0,0,0,1,0,4,0,0,0,0,24,567,0,9,3,286,0,118,0,187,0,24,0,0,0,0,0,0,0,11,0,0,0,0,0,3,0,0,0,0,0
50,3,61,0,0,0,107,0,27,2,0,0,1,0,13,5,137,0,0,0,93,0,265,9,263,11,37,0,0,1,59,0,41,0,21,0,57,0,19,0,0,0,12,0,20,0,0,0,0,0,12,0,43,1,31,0,0,0,0,0,0,0,131,0,0,0,0,0,0,0,0,0,0,0,0,0,0,0,0,0,0,0,0,0,28,0,6,0,0,0,31,0,0,0,0,0,0,0,35,0,0,0,0,0,0,0,88,0,0,0,0,0,0,0,1,0,0,0,0,0,0,0,0,0,0,0,0,0,0,1,0,0,0,0,0,0,95,0,125,0,121,0,90,0,31,0,0,0,0,0,0,0,0,0,14,0,2,0,17,0,0,0,0,0,0,0,0,0,0,0,0,0,3,0,0,0,0,0,0,0,0,0,0,0,0,0,0,0,0,0,0,0,0,0,0,0,0,0,0,0,0,0,0,0,0,0,0,0,11,1,0,0,0,0,4,0,0,0,2,1,0,0,1,0,4,0,50,0,13,0,7,0,28,0,5,0,5,0,30,1,23,0,19,0,63,1,0,0,0
26,59,16,136,3,20,0,39,6,0,0,0,0,0,2,40,0,104,3,18,4,29,27,39,0,62,0,0,1,0,0,24,0,21,0,11,0,6,8,22,0,0,0,0,0,10,0,0,0,2,0,9,0,3,0,5,0,1,0,0,0,0,0,140,0,0,0,0,0,0,0,0,0,0,0,1,0,0,0,0,0,0,0,0,0,34,0,10,0,0,0,9,0,0,0,29,0,6,0,9,0,4,0,0,0,0,0,3,0,0,0,0,0,0,0,0,0,0,0,0,0,9,0,0,0,0,0,0,0,27,0,0,0,0,0,83,0,51,0,30,0,27,0,89,0,15,0,0,0,0,0,0,0,0,0,5,0,0,0,4,0,0,0,0,0,2,0,0,0,0,0,1,0,8,0,1,1,0,0,0,0,0,0,0,0,0,0,0,0,0,0,0,0,0,0,0,0,0,0,0,0,0,0,0,0,0,0,0,0,0,0,0,0,0,0,0,0,0,0,0,0,11,0,0,0,2,0,114,0,6,0,0,0,17,0,0,0,0,0,0,0,3,0,2,0,13,0,0,0
34,10,113,0,91,31,0,0,0,0,44,27,22,0,213,46,92,0,79,26,34,23,119,5,7,3,38,0,59,0,0,12,12,0,31,0,30,0,19,0,0,0,20,0,10,0,0,0,0,0,28,0,0,0,7,0,0,0,0,0,1,0,40,0,0,0,0,0,0,0,7,0,0,0,0,0,0,0,5,0,46,0,0,0,12,0,0,0,0,0,0,0,0,0,0,0,0,0,29,0,0,0,0,0,0,0,0,0,0,0,0,0,0,0,0,0,0,0,0,0,0,0,7,0,0,0,0,0,0,0,0,0,0,0,0,0,27,0,57,0,79,0,33,0,29,0,0,0,0,0,0,0,8,0,3,0,0,0,3,0,2,0,0,0,7,0,59,0,0,0,0,0,27,0,0,0,0,2,1,0,0,0,0,0,2,0,0,0,0,0,0,0,0,0,0,0,0,0,0,0,0,0,0,0,0,0,0,0,0,0,0,0,0,0,12,0,0,0,7,0,56,0,0,0,8,0,220,0,28,0,92,0,0,0,12,0,12,2,29,0,34,0,32,0,137,0,0,0,0
12,0,9,49,0,162,0,0,3,0,14,0,13,0,20,135,0,65,0,73,18,76,12,46,1,10,1,15,0,24,12,0,0,42,0,17,1,28,0,50,0,0,0,19,0,28,0,0,0,0,1,48,0,0,0,4,0,0,0,1,0,7,0,59,0,0,0,0,0,0,0,0,0,0,0,0,0,0,0,0,0,0,0,0,0,0,0,0,0,0,0,11,0,0,0,0,0,0,0,13,0,0,0,0,0,0,0,0,0,0,0,0,0,0,0,0,0,0,0,0,0,0,0,0,0,1,0,0,0,0,0,0,0,0,0,0,0,0,0,25,0,32,0,42,0,22,0,0,0,0,0,0,0,0,0,1,0,4,0,5,1,0,0,0,0,11,0,16,1,5,0,1,0,10,0,0,0,0,0,0,0,0,2,0,0,0,0,2,0,0,0,0,0,0,0,0,0,0,0,0,0,0,0,0,0,0,0,0,0,0,0,0,0,0,0,10,0,0,0,0,0,123,0,11,0,33,0,309,0,86,0,126,0,100,0,14,0,37,0,11,0,0,0,0,0,0,0,0,0
95,0,78,7,75,0,0,0,0,0,49,13,4,2,74,27,67,0,9,6,57,9,112,12,4,0,35,0,41,0,12,0,0,0,36,0,69,0,7,0,0,0,7,0,23,0,0,0,2,0,20,0,3,0,5,0,2,0,0,0,4,0,27,0,0,0,1,0,0,0,5,0,0,0,4,0,0,0,0,0,0,0,0,0,5,0,8,0,6,0,0,0,0,0,0,0,0,0,27,0,0,0,0,0,0,0,36,0,0,0,0,0,0,0,0,0,0,0,0,0,6,0,0,0,0,0,0,0,0,0,0,0,0,0,0,0,20,0,83,3,79,0,0,0,50,0,0,0,0,0,0,0,0,0,10,0,14,0,0,0,0,0,0,0,9,0,90,0,15,0,0,0,35,0,0,0,12,0,1,0,0,0,11,0,2,0,0,0,0,0,0,0,0,0,0,0,2,0,0,0,0,0,0,0,0,0,0,0,0,0,0,0,0,0,18,0,0,0,6,0,71,0,0,0,4,0,239,0,20,0,67,0,38,0,0,0,0,0,18,0,0,0,15,0,104,0,0,0,0
0,124,0,143,0,171,0,15,0,3,0,157,0,0,12,77,3,26,1,22,0,45,17,34,0,7,0,0,0,21,0,42,0,0,0,19,2,80,3,4,0,0,0,15,0,13,0,0,0,1,0,22,0,0,0,1,0,0,0,0,0,0,0,23,0,0,0,0,0,0,0,0,0,0,0,0,0,0,0,0,0,0,0,0,0,12,0,0,0,0,0,4,0,0,0,0,0,0,0,0,0,0,0,0,0,0,0,3,0,0,0,0,0,0,0,0,0,0,0,0,0,0,0,0,0,0,0,0,0,0,0,0,0,0,0,0,0,30,0,12,0,16,0,22,0,11,0,0,0,0,0,0,0,0,0,0,0,0,0,0,0,0,0,0,0,2,0,11,0,0,0,0,0,27,0,0,0,32,0,5,0,0,0,6,0,0,0,0,0,0,0,0,0,0,0,0,0,1,0,0,0,0,0,0,0,0,0,0,0,0,0,0,0,0,0,0,0,0,0,3,0,132,0,0,0,7,0,249,0,60,0,33,0,49,0,6,0,10,0,0,0,0,0,2,0,19,0,0,0
0,0,0,0,93,0,0,0,0,0,4,1,120,34,63,0,21,0,131,44,80,17,4,0,0,0,22,30,21,0,31,0,36,0,0,5,39,0,14,0,3,0,16,0,8,2,6,0,0,0,50,3,0,0,0,0,2,0,0,0,1,0,0,0,0,0,0,0,0,0,10,0,4,0,0,0,0,0,0,0,68,0,0,0,0,0,0,0,15,0,0,0,0,0,0,0,0,0,62,0,3,0,0,0,0,0,0,0,0,0,0,0,0,0,0,0,0,0,0,0,0,0,0,0,0,0,0,0,0,0,0,0,0,0,0,0,49,0,0,0,72,0,0,0,0,0,0,0,0,0,0,0,0,0,0,0,0,0,1,0,0,0,0,0,20,0,30,0,8,0,0,0,9,0,0,0,4,0,12,0,0,0,0,0,0,0,0,0,0,0,0,0,0,0,0,0,0,0,0,0,0,0,0,0,0,0,0,0,0,0,1,0,0,0,2,0,0,0,34,0,56,0,0,0,112,0,150,0,16,0,43,0,0,0,5,0,30,5,0,0,0,0,7,0,32,0,0,0,0
0,8,0,0,7,86,0,0,0,0,0,35,8,22,0,29,0,3,13,28,0,42,1,7,0,0,1,6,0,11,0,17,0,19,5,0,2,33,0,20,0,0,0,7,0,8,0,0,0,0,0,7,0,1,0,0,0,0,0,0,0,1,0,14,0,0,0,0,0,0,0,0,0,0,0,0,0,0,0,0,0,10,0,0,0,0,0,3,0,0,0,0,0,0,0,0,0,0,0,0,0,0,0,0,0,0,0,0,0,0,0,0,0,0,0,0,0,0,0,0,0,0,0,0,0,0,0,0,0,5,0,0,0,0,0,0,0,0,0,12,0,6,0,0,0,16,0,0,0,0,0,0,0,0,0,0,0,0,0,0,0,0,0,0,0,12,0,5,0,6,0,0,0,2,0,0,0,11,0,0,0,0,0,0,0,0,0,12,0,0,0,0,0,0,0,0,0,0,0,0,0,0,0,0,0,0,0,0,0,0,0,0,0,0,0,0,0,0,0,15,0,49,0,0,0,35,0,127,0,37,0,45,0,33,0,0,0,14,0,4,0,0,0,0,0,22,0,0,0
25,0,30,0,70,7,0,0,4,0,35,0,23,0,64,6,23,0,42,19,19,14,14,1,0,0,61,0,57,0,30,1,69,2,39,2,0,0,79,0,0,0,19,0,37,0,0,0,6,0,79,0,0,0,2,0,4,0,0,0,10,0,5,0,0,0,0,0,0,0,23,0,0,0,0,0,0,0,0,0,42,0,0,0,21,0,41,0,13,0,17,0,0,0,17,0,6,0,65,0,9,0,0,0,0,0,58,0,0,0,0,0,0,0,1,0,0,0,0,0,0,0,14,0,0,0,0,0,0,0,0,0,0,0,0,0,31,0,46,0,166,0,32,0,80,0,0,0,0,0,0,0,3,0,7,0,0,0,2,0,0,0,3,0,35,0,141,0,30,0,12,0,61,0,0,0,0,0,5,0,0,0,5,0,0,0,0,0,0,0,0,0,0,0,1,0,0,0,0,0,0,0,0,0,0,0,0,0,0,0,3,0,0,0,9,0,0,0,13,0,173,0,5,0,32,0,170,1,73,0,97,0,31,0,10,0,27,0,0,0,0,0,16,0,87,0,0,0,0
6,205,0,80,0,113,4,27,0,0,0,109,0,57,0,27,0,7,9,61,0,60,8,5,0,9,0,58,0,6,0,28,0,80,0,33,0,0,1,29,0,1,0,49,0,18,0,2,0,2,0,32,0,0,0,0,0,1,0,2,0,40,0,49,0,0,0,0,0,0,0,0,0,0,0,0,0,0,0,0,0,0,0,3,0,13,0,0,0,0,0,3,0,0,0,0,0,0,0,5,0,0,0,0,0,0,0,0,0,0,0,0,0,0,0,0,0,0,0,0,0,6,0,0,0,0,0,0,0,19,0,0,0,0,0,19,0,23,0,58,0,83,0,42,0,82,0,0,0,0,0,0,0,0,0,10,0,39,0,4,0,0,0,1,0,17,0,9,0,11,0,3,0,25,0,0,0,38,0,0,0,0,0,3,0,0,0,1,0,0,0,0,0,0,0,0,0,0,0,0,0,0,0,0,0,0,0,0,0,0,0,0,0,0,0,0,0,0,0,12,0,173,0,13,0,89,0,309,0,151,0,46,0,63,0,6,0,23,0,8,0,5,0,3,0,24,0,0,0
624,15,284,0,52,5,364,10,175,0,30,3,0,0,5,30,63,6,14,0,34,0,281,31,184,22,20,0,19,8,19,0,7,3,14,0,79,1,0,1,0,0,0,0,17,0,2,0,2,0,18,0,13,0,19,0,0,0,0,0,22,0,39,1,0,0,0,0,0,0,3,0,0,0,0,0,0,0,0,0,0,0,0,0,5,0,0,0,0,0,8,0,0,0,0,0,2,0,10,0,0,0,0,0,0,0,0,0,0,0,0,0,0,0,2,0,0,0,0,0,0,0,5,0,0,0,0,0,0,0,0,0,0,0,0,1,28,0,68,0,59,1,0,0,27,0,0,0,0,0,0,0,0,0,8,0,18,0,4,0,0,0,1,0,7,0,6,0,5,0,7,0,80,0,0,0,24,6,0,0,5,0,42,0,2,0,0,0,0,0,0,0,0,0,0,0,0,0,0,0,0,0,0,0,0,0,0,0,0,0,0,0,0,0,27,0,0,0,0,0,93,0,6,0,10,0,234,0,41,0,5,0,62,0,6,0,0,0,10,0,0,0,6,0,84,0,0,0,0
20,298,7,336,0,20,0,164,15,30,0,39,0,0,0,27,3,105,0,0,0,32,16,34,2,79,0,5,0,22,0,50,0,4,0,20,0,29,1,0,0,0,0,0,0,7,0,0,0,1,0,15,0,0,0,4,0,0,0,0,1,5,1,122,0,0,0,0,0,0,0,0,0,0,0,0,0,0,0,0,0,0,0,0,0,6,0,0,0,0,0,0,0,0,0,0,0,0,0,3,0,0,0,0,0,0,0,0,0,0,0,0,0,0,0,0,0,0,0,0,0,1,0,0,0,0,0,0,0,13,0,0,0,0,0,29,0,37,0,54,0,43,0,37,0,40,0,0,0,0,0,0,0,2,0,7,0,5,0,6,0,0,0,3,0,1,0,0,0,1,0,0,0,11,0,2,0,64,0,3,0,0,0,7,0,1,0,0,0,0,0,0,0,0,0,0,0,0,0,0,0,0,0,0,0,0,0,0,0,0,0,0,0,0,0,0,0,0,0,0,0,34,0,0,0,4,0,157,1,23,0,5,0,21,0,2,0,0,0,0,0,0,0,3,0,8,0,0,0
36,0,9,0,58,0,4,0,3,0,50,0,111,71,0,0,0,0,9,81,0,15,0,0,0,0,34,261,0,0,0,0,0,0,3,0,0,0,0,0,0,237,35,8,28,19,17,131,221,6,21,4,0,0,0,0,0,0,0,0,0,0,0,0,0,0,0,0,2,0,0,0,0,0,0,0,0,0,0,0,0,0,0,0,0,0,0,0,0,0,0,0,0,0,0,0,0,0,0,0,0,0,0,0,1,0,0,0,0,0,0,0,0,0,0,0,0,0,0,0,0,0,0,0,0,0,0,0,0,0,0,0,0,0,5,0,0,0,0,0,0,0,0,0,0,0,0,0,0,0,0,0,0,0,0,0,0,0,0,0,0,0,0,0,15,0,0,0,0,0,0,0,1,0,9,0,35,43,8,0,14,0,4,0,0,0,70,2,0,0,0,0,0,0,0,0,0,0,0,0,0,0,0,0,0,0,0,0,0,0,0,0,0,0,0,0,2,0,251,15,0,0,106,53,14,1,0,0,0,0,0,0,0,0,0,0,0,0,0,0,0,0,0,0,0,0,0,0,0
0,44,0,0,0,55,0,0,0,0,0,182,72,350,2,0,0,0,85,9,0,0,0,0,0,0,358,54,0,0,0,0,0,0,0,0,0,1,0,0,237,0,56,21,50,76,115,37,6,88,43,0,0,0,0,0,0,0,0,0,0,0,0,0,0,0,0,0,0,6,0,0,0,0,0,0,0,7,0,0,0,0,0,0,0,0,0,0,0,0,0,0,0,0,0,4,0,0,0,0,0,4,0,0,0,0,0,0,0,2,0,0,0,0,0,0,0,0,0,0,0,0,0,0,0,0,0,0,0,0,0,0,0,0,0,0,0,0,0,0,0,0,0,0,0,0,0,0,0,0,0,0,0,0,0,0,0,0,0,0,0,0,0,0,0,42,0,0,0,12,0,0,0,1,0,6,0,256,0,10,0,13,0,0,0,0,46,25,0,0,0,0,0,0,0,0,0,0,0,0,0,0,0,0,0,0,0,0,0,0,0,0,0,1,0,0,0,0,95,135,0,0,34,309,0,0,0,0,0,4,0,0,0,0,0,0,0,0,0,0,0,0,0,0,0,0,0,0,0
0,0,2,0,6,0,3,0,0,0,0,0,24,0,0,0,0,0,22,0,10,1,0,0,0,0,184,36,12,0,20,0,7,0,16,0,19,0,0,0,35,56,0,0,89,5,44,28,30,0,53,0,0,0,0,0,0,0,0,0,0,0,0,0,0,0,0,0,0,0,12,0,0,0,3,0,0,0,0,0,0,0,0,0,0,0,25,0,2,0,0,0,0,0,0,0,0,0,23,0,4,0,0,0,0,0,0,0,0,0,0,0,0,0,0,0,0,0,0,0,15,0,2,0,0,0,0,0,0,0,0,0,0,0,0,0,0,0,0,0,0,0,0,0,6,0,0,0,0,0,0,0,0,0,0,0,2,0,0,0,0,0,9,0,37,0,4,0,0,0,5,0,13,0,0,0,0,3,7,0,0,0,0,0,0,0,17,1,0,0,0,0,0,0,0,0,0,0,0,0,0,0,0,0,0,0,0,0,0,0,0,0,0,0,0,0,0,0,208,5,7,0,63,12,80,0,42,0,16,0,0,0,0,0,0,0,0,0,7,0,0,0,4,0,12,0,0,0,0
0,0,0,0,0,26,0,0,0,0,0,15,35,61,0,15,0,0,32,52,0,44,0,0,0,0,0,101,0,0,0,19,0,15,0,7,0,49,0,0,8,21,0,0,0,20,3,4,3,38,0,24,0,0,0,0,0,0,0,0,0,1,0,0,0,0,0,0,0,0,0,16,0,0,0,0,0,0,0,0,0,0,0,0,0,31,0,35,0,0,0,8,0,0,0,28,0,0,0,17,0,12,0,0,0,0,0,0,0,0,0,0,0,0,0,0,0,0,0,0,0,28,0,14,0,0,0,0,0,0,0,0,0,0,0,0,0,25,0,10,0,51,0,75,0,63,0,0,0,0,0,0,0,0,0,0,0,5,0,0,0,0,0,2,0,27,0,0,0,14,0,5,0,3,0,0,0,36,0,0,0,0,0,0,0,0,0,59,0,0,0,0,0,0,0,0,0,0,0,0,0,0,0,0,0,0,0,0,0,0,0,0,0,0,0,0,0,0,2,226,0,8,0,62,0,83,0,119,0,31,0,20,0,0,0,0,0,0,0,0,0,0,0,2,0,1,0,0,0
5,0,0,0,11,1,0,0,0,0,6,0,20,0,6,0,0,0,24,7,39,0,13,0,0,0,163,27,20,0,10,0,23,0,8,0,37,0,17,0,28,50,89,0,0,0,77,38,95,0,38,0,0,0,0,0,0,0,0,0,0,0,0,0,0,0,0,0,0,0,30,0,13,0,0,0,0,0,0,0,146,0,25,0,44,0,124,0,32,0,0,0,3,0,0,0,0,0,145,0,24,0,0,0,0,0,160,0,0,0,0,0,1,0,1,0,0,0,0,0,0,0,25,0,0,0,0,0,0,0,0,0,0,0,0,0,0,0,0,0,90,0,53,0,19,0,1,0,0,0,0,0,0,0,0,0,0,0,0,0,0,0,0,0,26,0,5,0,20,0,0,0,0,0,0,0,4,6,3,0,0,0,0,0,2,0,34,0,0,0,0,0,0,0,0,0,0,0,0,0,0,0,0,0,0,0,0,0,0,0,0,0,1,0,2,0,0,0,180,3,8,0,115,20,43,0,11,0,12,0,0,0,0,0,0,0,1,0,0,0,0,0,0,0,11,0,0,0,0
0,24,0,0,0,53,0,0,0,0,0,33,0,28,0,32,0,12,0,128,0,68,0,9,0,0,0,187,0,10,0,28,0,13,2,8,0,18,0,7,19,76,5,20,0,0,4,88,0,59,2,18,0,0,0,0,0,0,0,0,0,5,0,29,0,0,0,0,0,0,0,35,0,6,0,0,0,0,0,14,0,77,0,0,0,79,0,61,0,0,0,13,0,0,0,36,0,0,0,36,0,0,0,0,0,0,0,0,0,0,0,0,0,0,0,0,0,0,0,0,0,78,0,23,0,0,0,0,1,0,0,0,0,0,0,56,0,54,0,55,0,71,0,136,0,102,0,0,0,0,0,0,0,12,0,0,0,0,0,0,0,0,0,0,0,10,0,1,0,13,0,0,0,4,0,0,0,11,0,0,0,0,0,0,0,4,0,19,0,0,0,0,0,0,0,0,0,0,0,0,0,0,0,0,0,0,0,0,0,0,0,0,0,1,0,0,0,0,3,106,0,19,0,97,0,6,0,48,0,29,0,0,0,0,0,0,0,0,0,3,0,0,0,0,0,7,0,0,0
18,0,13,0,34,0,0,0,0,0,21,0,46,16,0,1,2,0,14,25,1,4,4,0,0,0,69,61,0,0,0,0,0,0,6,0,0,0,2,0,17,115,44,3,77,4,0,68,101,2,12,0,1,0,0,0,0,0,0,0,0,0,0,0,2,0,0,0,0,0,1,0,0,0,0,0,0,0,0,0,0,0,0,0,0,0,0,0,0,0,0,0,0,0,4,0,0,0,4,0,3,0,0,0,0,0,0,0,2,0,0,0,0,0,0,0,0,0,0,0,0,0,2,0,0,0,0,0,0,0,0,0,0,0,0,0,0,0,0,0,0,0,0,0,0,0,0,0,0,0,0,0,0,0,0,0,0,0,0,0,0,0,0,0,14,0,0,0,8,0,0,0,0,0,0,0,5,16,4,0,0,0,3,0,0,0,20,2,0,0,0,0,0,0,0,0,0,0,0,0,0,0,0,0,0,0,0,0,0,0,0,0,0,0,0,0,0,0,252,0,0,0,105,27,20,0,11,0,3,0,3,0,0,0,0,0,0,0,0,0,0,0,0,0,0,0,0,0,0
0,10,0,0,0,25,0,0,0,0,0,30,25,77,0,0,0,0,23,26,0,1,0,0,0,0,161,31,0,0,0,0,0,0,0,0,0,2,0,0,131,37,28,4,38,88,68,0,0,42,20,7,0,0,0,0,0,0,0,0,0,0,0,0,0,1,0,0,0,0,0,0,0,0,0,0,0,0,0,0,0,0,0,0,0,0,0,4,0,0,0,0,0,0,0,0,0,0,0,0,0,0,0,0,0,0,0,0,0,0,0,0,0,0,0,0,0,0,0,0,0,0,0,0,0,0,0,0,0,0,0,0,0,0,0,0,0,0,0,0,0,1,0,1,0,0,0,0,0,0,0,0,0,0,0,0,0,0,0,0,0,0,0,0,0,22,0,0,0,0,0,0,0,0,0,0,0,38,0,0,0,0,0,0,0,0,24,0,1,0,0,0,0,0,0,0,0,0,0,0,0,4,0,0,0,0,0,0,0,0,0,0,0,0,0,0,0,0,40,167,0,0,5,210,0,12,0,22,0,6,0,0,0,0,0,0,0,0,0,0,0,0,0,0,0,0,0,0,0
18,1,13,0,3,2,12,0,7,0,10,0,32,2,0,2,0,0,5,0,2,5,0,0,11,0,71,4,0,0,0,0,2,0,0,0,6,0,2,0,221,6,30,3,95,0,101,0,0,1,12,0,0,0,6,0,10,0,8,0,6,0,0,0,0,0,1,0,4,0,0,0,4,0,0,0,15,0,0,0,13,0,17,0,2,0,29,0,4,0,0,0,7,0,14,0,0,0,14,0,1,0,17,0,7,0,24,0,9,0,0,0,0,0,0,0,0,0,0,0,4,0,2,0,1,0,0,0,0,0,0,0,0,0,2,0,0,0,0,0,0,0,6,0,4,0,0,0,0,0,0,0,0,0,0,0,0,0,1,0,3,0,5,0,13,0,4,0,32,0,3,0,13,0,8,0,39,5,13,0,11,0,2,0,2,0,97,0,11,0,0,0,0,0,6,0,0,0,0,0,0,0,0,0,9,0,0,0,0,0,0,0,7,0,11,0,11,0,94,0,74,0,86,12,23,0,56,0,44,0,7,0,0,0,0,0,7,0,5,0,11,0,6,0,14,0,0,0,0
0,0,0,0,0,1,0,1,0,0,0,8,0,13,0,0,0,0,1,8,0,9,0,0,0,0,0,72,0,2,0,0,0,1,0,0,0,2,0,1,6,88,0,38,0,59,2,42,1,0,0,7,0,0,0,0,0,0,0,0,0,0,0,2,0,0,0,0,0,3,0,1,0,0,0,1,0,0,0,0,0,8,0,1,0,1,0,5,0,0,0,0,0,0,0,4,0,0,0,4,0,0,0,0,0,0,0,0,0,0,0,0,0,0,0,0,0,0,0,0,0,4,0,0,0,0,0,0,0,0,0,0,0,0,0,0,0,0,0,0,0,0,0,3,0,2,0,0,0,0,0,0,0,1,0,0,0,0,0,0,0,0,0,1,0,3,0,1,0,1,0,0,0,0,0,0,1,90,0,0,0,21,0,0,0,0,2,4,0,0,0,0,0,0,0,0,0,0,0,0,0,1,0,0,0,0,0,0,0,0,0,0,0,1,0,0,0,1,3,0,0,3,6,24,0,0,0,8,0,0,0,3,0,1,0,0,0,0,0,2,0,0,0,0,0,1,0,0,0
0,1,0,0,11,0,0,0,0,0,4,0,45,11,8,0,6,0,127,25,66,3,0,0,0,0,196,20,12,0,28,1,20,0,50,0,79,0,18,0,21,43,53,0,38,2,12,20,12,0,0,0,0,0,0,0,10,0,0,0,0,0,0,0,0,0,0,0,0,0,67,0,8,0,0,0,0,0,0,0,134,0,0,0,16,0,94,0,19,0,20,0,0,0,46,0,6,0,123,0,15,0,0,0,0,0,113,0,0,0,0,0,0,0,0,0,0,0,0,0,20,0,12,0,0,0,0,0,0,0,0,0,0,0,0,0,18,0,0,0,32,1,22,0,37,0,0,0,0,0,0,0,0,0,0,0,6,0,0,0,0,0,27,0,42,0,29,0,50,0,41,0,39,0,0,0,2,0,10,0,0,0,1,0,0,0,10,0,0,0,0,0,0,0,0,0,0,0,0,0,0,0,0,0,0,0,0,0,0,0,0,0,0,0,0,0,2,0,133,4,36,0,25,0,148,0,107,0,47,0,31,0,0,0,0,0,27,5,9,0,10,0,11,0,0,0,0,0,0
0,4,0,0,0,33,0,0,0,2,2,27,0,56,0,15,0,8,24,72,8,83,0,0,0,0,0,105,0,9,0,48,0,22,3,7,0,32,0,15,4,0,0,24,0,18,0,7,0,7,0,0,0,0,0,1,0,0,0,0,0,2,0,0,0,2,0,0,0,0,0,15,0,2,0,3,0,9,0,4,0,24,0,5,0,19,0,22,0,0,0,0,0,0,0,19,0,0,0,10,0,0,0,0,0,0,0,0,0,0,0,0,0,0,0,0,0,0,0,0,0,23,0,5,0,0,0,0,0,0,0,0,0,0,0,18,0,15,0,21,0,32,0,36,0,36,0,0,0,0,0,0,0,0,0,0,0,0,0,0,0,0,0,1,0,11,0,1,0,17,0,3,0,6,0,0,0,11,0,3,0,0,0,0,0,0,0,24,0,0,0,0,0,0,0,0,0,0,0,0,0,0,0,0,0,0,0,0,0,0,0,0,0,0,0,3,0,0,0,58,0,14,0,19,0,54,0,68,0,12,0,11,0,0,0,0,0,0,0,0,0,1,0,2,0,12,0,0,0
0,0,1,0,0,0,8,0,32,48,0,0,0,0,0,0,37,0,0,1,8,0,4,0,8,9,0,0,43,0,0,0,3,0,0,0,0,0,13,0,0,0,0,0,0,0,1,0,0,0,0,0,0,0,219,30,112,0,23,22,30,0,101,14,0,0,10,28,0,0,0,0,1,0,0,0,0,0,0,0,3,0,0,0,5,0,0,0,0,0,19,0,0,0,0,0,3,0,0,0,0,0,0,0,14,0,95,0,0,0,0,0,0,0,0,0,0,0,0,0,0,0,0,0,1,0,0,0,70,0,5,0,4,0,18,0,137,0,179,0,52,0,193,0,17,0,0,0,0,0,1,0,0,0,168,0,50,0,77,0,16,0,6,0,0,0,0,0,0,0,36,0,6,0,0,0,2,3,0,0,0,2,0,0,0,0,0,0,0,0,2,0,0,0,0,0,0,0,0,0,7,0,0,0,0,0,0,0,10,0,14,0,13,0,89,0,0,0,2,0,52,0,0,0,23,0,69,0,77,0,0,0,58,1,17,0,1,0,25,0,7,0,10,0,58,0,0,0,0
0,0,0,1,0,0,1,48,0,67,0,0,0,0,0,0,0,2,0,0,0,0,0,0,1,15,0,0,1,3,0,0,0,0,0,1,0,0,0,0,0,0,0,0,0,0,0,0,0,0,0,0,0,0,10,111,6,26,26,50,1,22,2,17,0,0,19,21,0,0,0,0,0,0,0,0,0,0,0,0,0,0,0,0,0,11,0,4,0,0,0,0,0,0,0,3,0,10,0,0,0,0,0,0,0,0,0,0,0,0,0,0,0,0,0,0,0,0,0,0,0,0,0,0,0,0,0,0,0,161,0,18,0,48,0,89,0,83,0,194,0,43,1,81,0,38,0,0,0,0,0,1,0,0,1,70,0,16,0,105,0,35,0,0,0,0,0,0,0,0,0,16,0,0,0,0,0,0,0,0,0,0,0,0,1,17,0,0,0,0,0,0,0,0,0,0,0,0,0,0,0,1,0,0,0,0,0,0,0,0,0,0,0,0,0,60,0,1,0,2,0,92,0,4,0,8,0,35,0,56,0,2,0,136,0,34,0,1,0,16,0,4,0,5,0,47,0,0,0
5,3,10,0,0,0,87,32,71,177,0,0,0,0,0,0,38,8,6,0,0,0,33,0,169,32,0,0,31,0,7,0,5,0,0,0,2,0,19,0,0,0,0,0,0,0,0,0,6,0,0,0,219,10,0,70,121,0,27,0,92,5,162,53,4,0,34,41,0,0,0,0,0,0,0,0,0,0,0,0,0,0,0,0,0,0,0,0,0,0,11,0,0,0,0,0,0,0,0,0,0,0,0,0,9,0,34,0,0,0,0,0,0,0,0,0,0,0,0,0,0,0,3,0,0,0,13,0,62,0,24,0,0,0,37,0,43,0,15,0,5,0,120,0,0,0,0,0,5,0,0,0,0,0,54,0,41,0,14,0,48,0,0,0,17,0,8,0,35,0,131,0,29,0,0,0,7,6,0,0,0,0,0,0,0,20,0,0,0,0,0,0,0,0,1,0,0,0,0,0,7,0,0,0,0,0,0,0,0,0,84,0,0,0,420,0,0,0,9,1,219,0,110,0,67,0,80,1,270,0,0,0,232,1,56,0,7,0,94,1,24,0,30,0,214,0,0,0,0
0,4,0,38,0,11,0,123,53,45,0,0,0,3,0,26,1,53,0,6,0,6,0,17,0,138,0,0,0,5,0,4,0,1,0,0,0,0,0,4,0,0,0,0,0,0,0,0,0,0,0,1,30,111,70,0,25,95,125,87,4,67,23,235,0,1,137,5,0,0,0,0,0,0,0,0,0,0,0,0,0,0,0,0,0,2,0,0,0,0,0,0,0,0,0,0,0,5,0,0,0,1,0,0,0,0,0,0,0,0,0,0,0,0,0,0,0,0,0,0,0,0,0,0,0,40,0,40,0,94,0,104,0,68,0,202,0,187,0,54,0,5,0,35,0,2,0,9,0,0,0,0,0,0,2,154,0,20,0,54,0,61,0,0,0,0,0,0,0,20,0,47,0,0,0,0,6,4,0,0,0,0,0,0,0,49,0,0,0,0,0,0,0,0,0,0,0,0,0,1,0,10,0,0,0,0,0,10,0,40,0,30,0,8,0,302,0,2,0,13,0,341,0,39,0,52,0,37,0,300,0,5,0,338,3,42,0,5,1,39,0,10,0,9,0,130,0,0,0
6,0,3,0,0,0,7,0,24,13,0,0,0,0,3,0,5,0,0,1,2,0,6,0,16,0,0,0,0,0,0,0,2,0,2,0,4,0,0,0,0,0,0,0,0,0,0,0,10,0,10,0,112,6,121,25,0,8,104,57,23,0,16,5,27,18,78,104,1,0,0,0,0,0,0,0,0,0,0,0,0,0,0,0,0,0,0,0,1,0,0,0,0,0,0,0,0,0,0,0,0,0,0,0,0,0,0,0,0,0,0,0,0,0,0,0,0,0,0,0,0,0,0,0,0,0,0,0,46,0,19,0,2,1,3,0,6,0,27,0,0,0,15,0,3,0,1,0,3,1,0,0,0,0,201,0,148,0,55,0,51,5,11,0,0,0,10,0,55,0,52,0,24,0,4,0,6,0,0,0,0,5,0,0,8,24,0,0,0,0,0,0,0,0,0,0,1,0,0,0,0,0,0,0,0,0,0,0,0,0,37,0,51,0,429,0,0,0,14,0,303,0,128,0,70,0,79,0,287,0,12,0,445,0,315,0,4,0,94,0,10,0,23,0,327,0,0,0,0
0,0,0,0,0,0,0,5,0,27,0,0,0,0,0,0,0,12,0,0,0,1,0,0,1,14,0,0,0,1,0,0,0,0,0,0,0,1,0,0,0,0,0,0,0,0,0,0,0,0,0,0,0,26,0,95,8,0,0,142,0,3,0,31,4,1,20,31,0,1,0,0,0,0,0,0,0,0,0,0,0,0,0,0,0,0,0,0,0,0,0,0,0,0,0,0,0,0,0,0,0,0,0,0,0,0,0,0,0,0,0,0,0,0,0,0,0,0,0,0,0,0,0,0,0,21,0,7,0,31,0,46,0,23,0,23,0,24,0,13,0,4,0,0,0,3,0,2,0,5,0,0,0,0,2,300,0,10,0,136,0,101,0,7,0,0,0,0,0,3,0,23,0,1,0,0,0,0,0,0,0,0,0,0,0,16,0,0,0,0,0,0,0,0,0,0,0,0,0,0,0,0,0,0,0,0,0,0,0,3,0,0,0,3,0,212,0,0,0,0,0,251,0,28,0,28,0,9,0,204,0,0,0,131,2,113,0,0,2,13,0,3,0,2,0,48,0,0,0
5,0,4,0,1,0,25,12,44,60,0,0,0,0,0,0,0,0,1,0,0,0,5,0,15,3,2,0,0,0,0,0,0,0,0,0,0,0,0,0,0,0,0,0,0,0,0,0,8,0,0,0,23,26,27,125,104,0,0,98,69,0,28,22,89,14,140,172,0,0,0,0,0,0,0,0,2,0,0,0,0,0,0,0,0,0,0,0,0,0,0,0,0,0,0,0,0,0,0,0,0,0,0,0,0,0,0,0,0,0,0,0,0,0,0,0,0,0,0,0,0,0,0,0,0,0,0,0,0,0,10,0,0,0,0,0,0,0,0,0,0,0,0,0,0,0,0,0,11,0,0,0,0,0,30,13,67,0,1,0,4,0,0,0,0,0,0,0,0,0,19,0,0,0,0,1,64,14,0,0,0,12,0,0,33,94,0,0,0,0,0,0,0,0,0,0,0,0,0,0,0,0,0,0,0,0,0,0,0,0,0,0,0,0,239,0,0,0,4,0,149,0,26,0,24,0,67,0,103,0,7,0,338,0,160,1,7,0,105,0,20,0,45,0,279,0,0,0,0
0,7,0,4,0,4,0,38,4,144,0,0,0,1,0,4,0,4,0,0,0,0,0,0,1,4,0,0,0,0,0,1,0,0,0,0,0,2,0,0,0,0,0,0,0,0,0,0,0,0,0,0,22,50,0,87,57,142,98,0,0,26,6,29,39,79,111,130,0,0,0,0,0,0,0,0,0,0,0,0,0,0,0,0,0,0,0,0,0,0,0,0,0,0,0,0,0,0,0,0,0,0,0,0,0,0,0,0,0,0,0,0,0,0,0,0,0,0,0,0,0,0,0,0,0,24,0,3,0,0,0,16,0,13,0,0,0,0,6,4,1,1,0,0,0,5,0,0,5,80,0,0,0,0,20,76,21,32,3,30,34,28,1,0,0,0,0,0,1,8,0,0,0,0,0,7,0,5,0,0,0,23,0,0,3,106,0,0,0,0,0,1,0,0,0,0,0,0,0,0,0,0,0,0,0,0,0,0,0,5,0,0,0,0,0,459,0,0,0,11,0,473,0,45,0,24,0,91,0,177,0,15,0,528,2,553,0,12,2,128,0,27,0,21,1,295,0,0,0
21,0,2,1,0,0,158,10,369,0,0,0,0,0,0,0,12,3,0,0,0,0,0,0,83,18,0,0,0,0,1,0,4,0,1,0,10,0,22,1,0,0,0,0,0,0,0,0,6,0,0,0,30,1,92,4,23,0,69,0,0,1,57,5,0,1,47,0,0,0,4,0,0,0,0,0,0,0,3,0,0,0,0,0,0,0,0,0,0,0,0,0,0,0,0,0,0,0,0,0,0,0,0,0,0,0,0,0,0,0,0,0,0,0,0,0,0,0,0,0,0,0,0,0,0,0,0,0,0,0,0,0,0,0,0,0,0,0,108,0,76,0,4,0,213,0,0,0,1,0,0,0,0,0,6,0,88,0,2,0,4,0,4,0,2,0,4,0,8,0,126,0,105,0,0,0,12,0,0,0,0,0,23,0,0,0,0,0,0,0,0,0,0,0,0,0,0,0,0,0,0,0,0,0,0,0,0,0,0,0,10,0,3,0,51,0,0,0,1,0,52,0,20,0,14,0,173,0,67,0,1,0,48,0,0,0,3,0,0,0,0,0,4,0,56,0,0,0,0
0,122,0,18,0,0,3,115,6,250,0,0,0,0,0,2,0,12,0,0,0,0,0,0,3,37,0,0,0,0,0,7,0,0,0,1,0,40,0,5,0,0,0,1,0,5,0,0,0,0,0,2,0,22,5,67,0,3,0,26,1,0,0,27,0,0,1,0,0,0,0,0,0,2,0,0,0,0,0,0,0,0,0,0,0,0,0,0,0,0,0,0,0,0,0,0,0,0,0,0,0,0,0,0,0,0,0,0,0,0,0,0,0,0,0,0,0,0,0,0,0,1,0,0,0,0,0,0,0,0,0,0,0,3,0,0,0,3,0,39,0,40,0,5,0,90,0,0,0,0,0,0,0,0,0,13,0,28,0,3,0,0,0,0,0,0,0,1,0,6,0,42,0,3,0,0,1,45,0,0,0,0,0,20,0,1,0,0,0,0,0,0,0,0,0,0,0,0,0,0,0,0,0,0,0,0,0,0,0,0,0,15,0,1,0,77,0,0,0,0,0,157,0,20,0,10,0,148,0,148,0,1,0,70,0,3,0,2,0,5,0,1,0,2,0,27,0,0,0
0,30,0,5,0,0,195,57,283,163,0,0,0,0,19,0,254,10,25,0,42,0,29,0,256,77,29,0,131,0,40,0,27,0,0,0,5,0,39,1,0,0,0,0,0,0,0,0,0,0,0,0,101,2,162,23,16,0,28,6,57,0,0,43,0,0,13,4,0,0,0,0,0,0,0,0,0,0,0,0,0,0,0,0,0,0,0,0,3,0,0,0,0,0,0,0,0,0,2,0,1,0,0,0,0,0,30,0,1,0,0,0,0,0,0,0,0,0,0,0,0,0,5,1,0,0,0,0,0,0,0,0,0,0,12,0,59,0,92,0,38,0,57,0,17,0,0,0,0,0,0,0,0,0,53,0,57,0,10,0,0,0,0,0,0,0,1,0,7,0,17,0,9,0,0,0,27,8,0,0,0,0,4,0,0,0,0,0,0,0,0,0,0,0,0,0,0,0,0,0,2,0,0,0,0,0,0,0,0,0,3,0,3,0,54,0,0,0,0,0,19,0,0,0,5,0,147,0,29,1,0,0,50,0,8,0,4,0,30,0,11,0,13,0,90,0,0,0,0
0,45,0,9,0,7,0,689,97,431,0,0,0,0,0,3,3,58,0,53,0,77,0,14,5,124,0,0,0,140,0,59,0,23,0,14,0,49,1,122,0,0,0,0,0,29,0,0,0,2,0,0,14,17,53,235,5,31,22,29,5,27,43,0,0,0,25,4,0,0,0,0,0,0,0,0,0,4,0,0,0,4,0,0,0,14,0,0,0,0,0,0,0,0,0,0,0,8,0,4,0,0,0,0,0,0,0,13,0,0,0,0,0,0,0,0,0,0,0,0,0,0,0,0,0,0,0,0,0,63,0,14,0,0,0,102,0,67,0,90,0,35,0,74,0,29,0,0,0,0,0,0,0,0,0,42,0,17,0,36,0,8,0,0,0,0,0,0,0,3,0,7,0,0,0,0,4,61,0,0,0,0,0,18,0,3,0,0,0,0,0,0,0,0,0,0,0,0,0,0,0,6,0,0,0,0,0,0,2,0,0,0,0,0,0,50,0,0,0,0,1,95,0,9,0,4,0,122,1,62,0,0,0,163,0,12,0,7,2,21,0,5,0,7,0,75,0,0,0
9,0,14,0,5,0,2,0,51,0,0,0,4,0,10,0,0,0,10,0,0,0,13,0,0,0,5,0,0,0,0,0,0,0,0,0,0,0,0,0,0,0,0,0,0,0,2,0,0,0,0,0,0,0,4,0,27,4,89,39,0,0,0,0,0,37,163,28,0,0,0,0,4,0,2,0,0,0,0,0,0,0,0,0,0,0,0,0,0,0,0,0,0,0,0,0,0,0,0,0,0,0,0,0,0,0,0,0,0,0,0,0,0,0,0,0,0,0,0,0,0,0,0,0,3,0,0,0,0,0,24,10,0,0,2,2,0,0,0,11,0,5,0,0,21,7,20,0,70,0,20,0,32,0,48,36,22,0,21,23,246,45,2,0,0,0,0,0,0,0,0,0,0,0,74,35,8,0,0,0,76,26,4,0,78,14,0,0,0,0,0,0,0,0,0,0,0,0,0,0,0,0,0,0,0,0,0,0,2,0,0,0,0,0,11,0,0,0,1,0,0,0,0,0,0,0,6,0,0,0,0,0,0,0,47,0,1,0,27,0,0,0,4,0,0,0,0,0,0
0,37,1,0,0,18,0,8,0,99,0,18,0,5,0,0,0,0,0,36,0,0,0,0,0,0,0,8,0,0,0,0,0,0,0,0,0,0,0,0,0,0,0,0,0,0,0,1,0,0,0,2,0,0,0,1,18,1,14,79,1,0,0,0,37,0,7,401,0,0,8,53,3,0,0,21,0,0,0,0,0,0,0,0,0,0,0,20,0,0,0,0,0,0,0,0,0,0,0,0,0,0,0,0,0,0,0,0,0,0,0,0,0,0,0,0,0,0,0,0,0,3,0,11,0,47,0,30,0,0,47,31,0,2,0,8,0,9,49,23,28,28,0,0,56,111,0,96,0,233,0,34,4,49,4,3,0,5,8,10,88,187,0,0,0,0,0,0,0,6,0,0,0,0,0,142,0,2,0,0,7,79,0,0,2,73,0,0,0,0,0,0,0,0,0,0,0,0,0,0,0,0,0,0,0,0,0,15,0,16,0,3,0,0,3,50,0,0,0,0,0,72,0,13,0,0,0,72,0,86,0,3,0,31,0,222,0,0,0,16,0,4,0,2,1,39,0,0,0
0,0,2,0,0,0,1,35,27,87,0,0,0,0,0,0,0,2,0,0,0,0,0,0,0,11,0,0,0,0,0,0,1,0,0,0,0,0,0,0,0,0,0,0,0,0,0,0,1,0,0,0,10,19,34,137,78,20,140,111,47,1,13,25,163,7,0,73,0,0,0,0,1,0,0,0,0,0,0,0,0,0,0,0,0,0,0,0,0,0,0,0,0,0,0,0,0,0,0,0,0,0,0,0,0,0,0,0,0,0,0,0,0,0,0,0,0,0,0,0,0,0,0,0,0,0,1,0,0,0,29,0,0,0,0,0,0,0,0,0,0,0,0,0,0,0,6,0,42,0,0,0,0,0,24,18,38,0,0,6,62,0,1,0,0,0,0,0,0,0,10,0,0,0,10,0,215,10,0,0,15,12,0,0,139,87,0,0,0,0,0,0,0,0,0,0,0,0,0,0,0,0,0,0,0,0,0,0,0,0,0,0,5,0,49,0,0,0,0,0,24,0,0,0,5,0,29,0,19,0,0,0,65,0,48,0,3,0,42,0,7,0,11,0,95,0,0,0,0
0,4,0,0,0,0,0,4,17,113,0,0,0,0,0,0,1,1,0,0,0,0,0,0,0,0,0,0,0,0,0,0,0,0,0,0,0,0,0,0,0,0,0,0,0,0,0,0,0,0,0,0,28,21,41,5,104,31,172,130,0,0,4,4,28,401,73,0,0,0,0,0,0,0,0,0,0,0,0,0,0,0,0,0,0,0,0,0,0,0,1,0,0,0,0,0,0,0,0,0,0,0,0,0,0,0,0,0,0,0,0,0,0,0,0,0,0,0,0,0,0,0,0,0,0,33,0,18,0,0,0,26,0,0,0,1,0,1,12,0,0,0,0,0,7,3,0,26,8,137,0,12,0,5,25,12,30,10,4,9,36,86,0,2,0,0,0,0,0,0,0,0,0,0,3,34,2,85,0,0,2,106,0,0,4,438,0,0,0,0,0,0,0,0,0,0,0,0,0,0,0,0,0,0,0,0,0,3,0,7,0,0,0,0,0,97,0,0,0,0,0,105,0,0,0,6,0,102,2,39,0,4,0,175,0,282,0,0,0,74,0,18,0,13,0,113,0,0,0
0,0,0,0,0,0,0,0,0,0,0,0,0,0,0,0,0,0,0,0,0,0,0,0,0,0,0,0,0,0,0,0,0,0,0,0,0,0,0,0,2,0,0,0,0,0,0,0,4,0,0,0,0,0,0,0,1,0,0,0,0,0,0,0,0,0,0,0,0,0,0,0,0,0,0,0,25,0,8,0,0,0,39,0,0,0,4,0,30,0,0,0,9,0,0,0,0,0,0,0,0,0,85,0,0,0,18,0,48,0,1,0,9,0,0,0,1,0,0,0,0,0,0,0,0,0,0,0,0,0,0,0,0,0,0,0,0,0,0,0,0,0,0,0,1,0,0,0,0,0,0,0,0,0,0,0,0,0,0,0,0,0,0,0,10,0,0,0,12,0,0,0,0,0,0,0,0,0,0,0,0,0,0,0,0,0,0,0,0,0,0,0,0,0,0,0,0,0,0,0,5,0,0,0,0,0,0,0,0,0,2,0,80,0,108,0,34,0,5,0,2,0,25,0,3,0,0,0,3,0,0,0,0,0,0,0,0,0,0,0,0,0,0,0,0,0,0,0,0
0,0,0,0,0,0,0,0,0,0,0,0,0,0,0,0,0,0,0,0,0,0,0,0,0,1,0,0,0,0,0,0,0,0,0,0,0,0,0,0,0,6,0,0,0,0,0,0,0,3,0,0,0,0,0,0,0,1,0,0,0,0,0,0,0,0,0,0,0,0,0,0,0,0,0,0,0,3,0,1,0,1,0,57,0,0,0,4,0,21,0,0,0,10,0,10,0,0,0,0,0,0,0,64,0,0,0,0,0,48,0,5,0,0,0,0,0,0,0,0,0,0,0,0,0,0,0,0,0,0,0,0,0,0,0,0,0,0,0,0,0,0,0,0,0,0,0,0,0,0,0,0,0,0,0,0,0,0,0,0,0,0,0,0,0,9,0,0,0,4,0,0,0,0,0,0,0,0,0,0,0,0,0,0,0,0,0,3,0,0,0,0,0,0,0,0,0,0,0,0,0,0,0,0,0,0,0,0,0,0,0,2,0,131,0,56,0,24,0,0,0,1,0,34,0,1,0,0,0,28,0,0,0,0,0,0,0,0,0,0,0,0,0,0,0,0,0,0,0
9,0,4,0,5,0,0,0,0,0,0,0,0,0,0,0,0,0,11,0,10,0,0,1,0,0,21,0,0,0,7,0,5,0,10,0,23,0,3,0,0,0,12,0,30,0,1,0,0,0,67,0,0,0,0,0,0,0,0,0,4,0,0,0,0,8,0,0,0,0,0,0,263,0,243,0,8,0,206,0,0,2,0,0,0,0,84,0,0,0,0,0,0,0,0,0,1,0,0,0,0,0,0,0,0,0,0,0,0,0,0,0,0,0,0,0,0,0,0,0,45,0,22,0,16,0,0,0,0,0,16,10,0,0,0,0,8,0,12,8,36,9,18,0,59,0,0,0,30,0,23,0,36,0,1,0,10,0,0,3,13,0,40,0,4,0,20,0,26,0,17,0,24,0,24,0,1,0,0,0,0,0,0,0,0,0,0,0,0,0,0,0,1,0,0,0,0,0,2,0,0,0,0,0,0,0,0,0,10,0,0,0,0,0,5,0,0,0,0,0,5,0,0,0,0,0,11,0,50,0,0,0,0,0,0,0,0,0,17,0,7,0,8,0,0,0,0,0,0
0,0,0,0,0,4,0,0,0,0,0,5,0,1,0,0,0,0,0,7,0,0,0,0,0,0,0,0,0,0,0,0,0,0,0,0,0,0,0,0,0,0,0,16,0,35,0,0,0,1,0,15,0,0,0,0,0,0,0,0,0,0,0,0,0,53,0,0,0,0,0,0,0,254,0,141,0,11,0,45,2,6,1,1,0,8,0,21,0,0,0,0,0,0,0,3,0,0,0,0,0,0,0,0,0,0,0,0,0,0,0,0,0,0,0,0,0,0,0,0,0,23,0,71,4,21,0,18,0,9,7,18,0,11,0,16,0,25,2,6,0,22,0,5,0,94,0,0,0,50,0,28,0,37,0,0,0,2,0,0,0,5,0,33,0,0,0,1,0,2,0,6,0,2,0,18,0,0,0,0,0,0,0,0,0,4,0,0,0,0,0,0,0,0,0,0,1,0,0,0,0,4,0,0,0,0,0,0,0,14,0,0,0,0,0,3,0,0,0,0,0,9,0,0,0,1,0,17,0,23,0,0,0,0,0,4,0,0,0,16,0,0,0,0,0,3,0,0,0
