0,247,21,69,36,16,6,89,61,20,263,42,65,0,23,19,151,31,46,0,0,0,22,20,40,201,34,0,97,0,58,0,87,0,4,0,82,4,361,0,0,0,0,0,7,0,0,0,25,0,4,0,7,0,0,7,0,0,0,0,88,4,109,14,14,0,6,0,0,0,0,0,0,0,0,0,0,0,0,0,0,0,0,0,0,0,0,0,0,0,0,0,0,0,0,0,0,0,0,0,0,0,0,0,0,0,0,0,0,0,0,0,0,0,0,0,0,0,0,0,0,0,0,0,12,0,0,0,0,0,23,0,0,0,0,0,0,0,0,0,0,0,0,0,0,0,31,0,64,0,0,0,0,0,0,0,0,0,0,0,13,0,0,0,14,0,16,0,74,0,101,0,449,0,5,0,178,99,7,0,0,0,97,0,29,0,0,0,0,0,0,0,0,0,0,0,0,0,0,0,0,0,0,0,0,0,0,0,0,0,660,235,415,201,305,0,26,0,1,0,7,0,0,0,0
247,0,150,34,36,40,72,13,87,79,25,214,0,18,9,30,75,44,0,92,6,33,226,44,339,58,0,82,4,223,0,20,0,154,0,0,0,163,23,541,0,20,0,0,0,48,0,38,0,20,0,0,4,16,12,23,0,0,0,3,0,234,27,75,0,108,0,25,0,0,0,0,0,0,0,10,0,0,0,0,0,34,0,0,0,18,0,9,0,0,0,0,0,0,0,0,0,0,0,0,0,20,0,0,0,0,0,0,0,0,0,0,0,0,0,0,0,0,0,0,0,8,0,1,0,0,0,52,0,0,0,70,0,15,0,66,0,52,0,8,0,14,0,11,0,5,0,41,0,120,0,116,0,209,0,8,0,8,0,0,0,20,1,4,0,21,0,25,0,42,0,68,27,289,0,5,115,536,0,1,0,52,13,2,0,109,0,1,0,0,0,0,0,0,1,0,0,8,0,22,0,0,0,0,0,2,0,26,0,185,20,10,0,0,421,0,0,0,592,144,668,229,0,31,2
21,150,0,102,88,100,23,16,4,5,66,149,23,0,197,94,168,25,87,0,237,0,522,57,115,87,82,0,246,0,321,0,307,0,0,0,94,0,403,0,0,0,0,0,19,0,0,0,40,0,0,0,8,0,110,1,0,0,5,0,17,0,12,0,6,1,2,0,0,0,0,0,0,0,0,0,0,0,0,0,0,0,0,0,0,0,0,0,0,0,0,0,0,0,0,0,0,0,0,0,0,0,0,0,0,0,0,0,0,0,0,0,0,0,0,0,0,0,0,0,0,0,0,0,67,0,43,0,0,0,89,0,0,0,240,0,32,0,0,0,0,0,34,0,0,0,119,0,111,0,63,0,41,0,0,0,0,0,0,0,51,0,4,0,6,0,62,0,75,0,71,0,409,1,0,0,127,64,10,0,22,0,8,0,30,0,0,0,0,0,0,0,0,0,0,0,0,0,62,0,27,0,0,0,27,0,0,0,49,0,627,83,395,293,404,0,27,0,6,0,0,0,0,0,0
69,34,102,0,55,115,0,34,5,3,66,19,1,7,12,371,56,112,0,155,7,79,180,456,51,208,0,41,0,183,4,39,0,177,0,0,0,41,0,181,0,0,0,0,0,0,0,15,0,0,0,0,0,0,0,109,0,0,0,0,0,3,1,5,0,0,0,0,0,0,0,0,0,0,0,3,0,0,0,0,0,48,0,0,0,51,0,5,0,0,0,15,0,0,0,0,0,0,0,60,0,41,0,0,0,0,0,0,0,0,0,0,0,0,0,0,0,0,0,0,0,10,0,0,0,0,0,0,0,0,0,8,0,0,0,151,0,119,0,14,0,31,0,36,0,4,0,0,0,0,0,0,0,0,0,6,0,0,0,0,0,0,0,1,0,11,0,13,0,0,0,0,0,117,0,0,34,63,0,0,0,0,0,0,0,0,0,0,0,0,0,0,0,0,0,0,0,0,0,0,0,0,0,0,0,0,0,0,0,27,0,0,0,0,91,0,0,0,86,54,211,46,0,0,3
36,36,88,55,0,820,0,0,5,0,190,430,461,238,288,354,7,9,696,203,125,72,76,90,0,11,405,38,9,4,276,13,463,33,91,49,238,20,39,0,13,0,25,0,46,0,0,7,17,0,160,6,0,0,0,0,0,0,0,0,0,0,0,0,0,0,0,0,0,0,0,0,0,0,0,0,0,0,0,0,0,0,0,0,0,0,0,0,0,0,0,0,0,0,0,0,0,0,0,0,0,0,0,0,0,0,0,0,0,0,0,0,0,0,0,0,0,0,0,0,0,0,0,0,0,0,0,0,0,0,0,0,0,0,0,0,0,0,0,0,0,0,0,0,0,0,18,0,0,0,0,0,203,0,0,0,0,0,0,0,0,0,4,0,45,0,275,0,144,0,0,0,210,0,124,0,570,135,179,0,333,0,96,0,79,0,6,0,0,0,0,0,0,0,0,0,0,0,0,0,0,0,0,0,0,0,0,0,0,0,678,374,662,216,424,2,4,3,8,2,0,0,0,0,0
16,40,100,115,820,0,0,17,1,0,241,259,252,187,589,233,15,21,359,379,174,184,135,199,0,20,63,232,0,18,13,81,0,368,17,99,11,193,0,24,0,22,0,20,6,20,0,47,0,10,0,35,0,0,0,20,0,0,0,0,0,0,0,0,0,0,0,0,0,0,0,0,0,0,0,0,0,0,0,2,0,87,0,0,0,57,0,29,0,0,0,0,0,0,0,0,0,0,0,59,0,0,0,0,0,0,0,0,0,0,0,0,0,0,0,0,0,0,0,0,0,0,0,0,0,0,0,0,0,0,0,0,0,0,0,86,0,51,0,0,0,0,0,0,0,0,0,0,0,0,0,0,0,0,0,1,0,0,0,0,0,0,0,14,0,71,0,246,0,294,0,98,0,231,0,0,191,364,32,53,0,22,0,4,0,0,0,19,0,0,0,0,0,0,0,0,0,0,0,0,0,0,0,0,0,0,0,2,0,22,0,0,0,1,415,0,0,0,624,656,1051,193,0,6,0
6,72,23,0,0,0,0,61,12,171,7,0,0,0,4,0,121,4,8,0,4,0,12,0,279,50,0,0,57,0,0,0,0,0,0,0,0,0,220,0,0,0,0,0,8,0,0,0,94,0,0,0,252,10,336,67,30,0,46,0,282,0,561,48,111,0,100,7,0,0,0,0,0,0,0,0,0,0,0,0,0,0,0,0,0,0,0,0,0,0,0,0,0,0,0,0,0,0,0,0,0,0,0,0,0,0,0,0,0,0,0,0,0,0,0,0,0,0,0,0,0,0,0,0,57,0,30,0,0,0,156,0,6,0,58,0,0,0,0,0,0,0,6,0,0,0,62,0,71,0,43,1,0,0,9,0,0,0,0,0,147,0,0,0,19,0,0,0,66,0,352,0,329,0,0,0,0,40,0,0,0,0,1,0,0,0,0,0,0,0,0,0,0,0,0,0,0,0,17,0,0,0,0,0,0,0,4,0,32,0,652,100,597,542,422,21,111,0,8,0,0,0,0,0,0
89,13,16,34,0,17,61,0,115,82,0,4,0,0,0,40,11,20,0,0,0,13,11,11,142,407,0,7,0,243,0,0,0,0,0,0,0,0,10,210,0,0,0,0,0,7,0,4,0,2,0,0,9,38,19,253,0,13,0,10,6,273,27,190,0,15,0,21,0,0,0,0,0,3,0,0,0,0,0,0,0,7,0,0,0,0,0,0,0,0,0,0,0,0,0,0,0,0,0,2,0,0,0,0,0,0,0,0,0,0,0,0,0,0,0,0,0,0,0,0,0,0,0,0,0,0,0,39,0,5,0,81,0,34,0,47,0,54,0,7,0,0,0,0,1,0,0,0,0,4,0,0,0,1,0,20,0,14,0,0,0,36,0,10,0,23,0,4,0,0,0,69,23,137,0,0,15,39,0,0,0,0,9,3,0,0,0,0,0,1,0,0,0,0,0,0,0,4,0,0,0,0,0,0,0,3,0,0,0,116,0,0,0,0,345,0,0,0,437,79,355,236,4,32,2
61,87,4,5,5,1,12,115,0,657,19,7,6,0,11,0,18,9,22,0,7,0,4,0,31,76,13,0,3,0,0,0,0,0,0,0,3,0,8,2,0,0,0,0,0,0,0,0,56,0,0,0,354,46,45,247,14,1,101,85,222,6,262,57,215,0,210,76,1,0,0,0,0,0,0,0,0,0,0,0,0,0,1,0,0,0,0,0,0,0,0,0,0,0,0,0,0,0,0,0,0,2,0,0,0,0,0,0,0,0,0,0,0,0,0,0,0,0,0,0,0,0,0,0,20,0,0,0,0,0,35,0,0,0,0,0,0,0,0,0,0,0,0,0,0,0,35,0,124,0,10,0,5,0,16,0,0,0,0,0,35,0,0,0,0,0,0,0,26,0,292,0,51,0,0,0,13,116,4,0,0,0,35,6,214,24,1,0,0,0,0,0,0,0,0,0,0,0,0,0,0,0,0,0,4,0,0,0,0,0,276,123,316,327,173,11,61,3,5,5,0,0,0,0,0
20,79,5,3,0,0,171,82,657,0,0,14,0,0,0,0,8,0,0,0,0,0,4,0,78,15,0,0,0,0,0,0,0,0,0,0,0,0,0,0,0,0,0,0,1,3,0,0,5,0,0,3,56,109,203,83,9,2,64,102,9,320,73,186,0,293,27,316,0,0,0,0,0,0,0,0,0,3,0,0,0,3,0,0,0,0,0,3,0,0,0,0,0,0,0,3,0,0,0,4,0,4,0,0,0,0,0,0,0,0,0,0,0,0,0,0,0,0,0,0,0,0,0,0,0,102,0,134,0,10,0,224,0,33,0,19,0,9,0,0,0,2,0,2,0,0,0,80,0,139,0,81,0,35,0,10,0,51,0,1,0,29,0,0,0,7,0,0,4,15,29,106,22,108,0,0,0,345,0,0,0,0,4,22,22,147,0,0,0,0,0,0,0,0,0,2,0,3,0,9,0,0,0,0,0,0,0,28,0,203,14,7,20,12,259,0,0,0,532,126,266,194,4,42,0
263,25,66,66,190,241,7,0,19,0,0,169,417,19,54,195,31,0,245,44,108,18,0,69,0,20,255,0,12,3,119,0,293,0,40,0,109,0,41,0,18,0,10,0,20,0,27,0,13,0,50,0,0,0,0,0,0,0,0,0,0,0,0,0,10,0,0,0,0,0,0,0,0,0,0,0,0,0,0,0,0,0,0,0,0,0,0,0,0,0,0,0,0,0,0,0,0,0,0,0,0,0,0,0,0,0,0,0,0,0,0,0,0,0,0,0,0,0,0,0,0,0,0,0,0,0,0,0,0,0,0,0,0,0,0,0,0,0,0,0,0,0,0,0,4,0,24,0,40,0,25,0,149,0,0,0,0,0,0,0,3,0,0,0,0,0,63,0,38,0,4,0,82,1,72,0,353,65,166,0,194,0,73,0,99,0,27,0,0,0,0,0,0,0,0,0,0,0,0,0,0,0,0,0,0,0,0,0,0,0,236,178,224,56,109,1,0,0,0,0,0,0,0,0,0
42,214,149,19,430,259,0,4,7,14,169,0,10,412,334,38,24,46,28,213,75,117,328,133,10,1,0,321,0,56,6,101,0,479,4,153,0,294,0,96,0,392,0,0,0,153,0,362,0,73,2,0,0,4,0,1,0,0,0,3,0,0,0,0,0,40,0,0,0,0,0,3,0,0,0,13,0,0,0,0,0,39,0,0,0,25,0,19,0,0,0,0,0,1,0,0,0,0,0,0,0,0,0,0,0,2,0,0,0,0,0,0,0,0,0,0,0,0,0,0,0,0,0,0,0,6,0,0,0,0,0,4,0,0,0,28,0,11,0,0,0,0,0,0,0,11,0,18,0,64,0,101,0,245,0,0,0,0,0,0,0,0,0,3,0,20,0,59,0,50,0,41,0,140,0,22,135,596,10,98,0,157,0,24,1,84,2,27,0,0,0,0,0,0,0,0,0,0,0,0,0,0,0,0,0,0,0,0,0,18,0,0,0,0,313,0,0,0,444,242,490,128,0,4,0
65,0,23,1,461,252,0,0,6,0,417,10,0,551,31,12,0,0,184,179,20,0,0,0,0,0,487,284,0,0,0,0,0,0,17,0,0,0,0,0,507,38,83,5,102,31,349,123,89,4,81,0,0,0,0,0,0,0,0,0,0,0,1,0,0,0,0,0,0,0,4,0,0,0,0,0,0,0,0,0,0,0,0,0,12,0,0,0,0,0,0,0,0,0,0,0,0,0,0,0,0,0,0,0,0,0,0,0,0,0,1,0,0,0,0,0,0,0,0,0,0,0,0,0,0,0,0,0,0,0,0,0,0,0,0,0,0,0,0,0,0,0,0,0,0,0,0,0,0,0,0,0,0,0,0,0,0,0,0,0,0,0,0,0,69,0,0,0,0,0,0,0,0,0,81,0,546,79,282,0,132,0,87,0,45,0,153,15,0,0,0,0,0,0,0,0,0,0,0,0,0,0,0,0,0,0,0,0,0,0,32,179,162,0,0,0,0,0,0,5,0,0,0,0,0
0,18,0,7,238,187,0,0,0,0,19,412,551,0,124,4,0,0,665,88,107,22,0,0,0,0,451,267,0,0,1,0,0,0,21,40,5,0,0,0,232,418,66,169,35,98,116,311,0,205,66,159,0,0,0,0,0,0,0,0,0,0,0,0,0,0,0,0,0,0,0,0,0,0,0,0,0,0,0,0,0,0,0,0,0,0,0,0,0,0,0,0,0,0,0,0,0,0,0,0,0,0,0,0,0,0,0,0,0,0,0,0,0,0,0,0,0,0,0,0,0,0,0,0,0,0,0,0,0,0,0,0,0,0,0,0,0,0,0,0,0,0,0,0,0,0,0,0,0,0,0,0,0,0,0,0,0,0,0,0,0,0,0,0,0,61,0,16,0,171,0,0,0,0,0,0,60,560,0,99,0,30,0,0,0,0,107,187,0,0,0,0,0,0,0,12,0,0,0,0,0,0,0,0,0,0,0,0,0,0,1,0,0,0,19,0,0,0,41,277,412,0,0,0,0
23,9,197,12,288,589,4,0,11,0,54,334,31,124,0,221,37,4,291,113,496,63,221,61,11,0,185,7,0,2,279,19,257,26,189,31,185,12,5,0,0,0,0,0,12,0,0,0,17,0,78,0,1,0,30,0,0,0,0,0,0,0,0,0,10,0,0,0,0,0,0,0,0,0,0,0,0,0,0,0,22,0,9,0,31,0,0,1,0,0,27,0,0,0,0,0,68,0,73,0,48,0,0,0,0,0,29,0,0,0,0,0,0,0,0,0,0,0,0,0,6,0,8,0,11,0,0,0,0,0,14,0,0,0,0,0,0,0,0,0,0,0,27,0,0,0,22,0,70,0,16,0,34,0,0,0,0,0,0,0,7,0,0,0,28,0,333,0,78,0,4,0,135,0,14,0,102,38,9,0,47,0,65,0,106,0,1,0,0,0,0,0,0,0,0,0,0,0,0,0,0,0,0,0,0,0,0,0,0,0,342,283,433,93,183,0,2,0,0,0,0,0,0,0,0
19,30,94,371,354,233,0,40,0,0,195,38,12,4,221,0,19,41,10,471,46,256,169,437,0,92,6,97,0,5,10,45,6,179,0,28,0,83,0,12,0,0,0,0,0,56,0,0,0,14,0,0,0,17,0,39,0,0,0,3,0,0,0,71,0,0,0,0,0,0,0,6,0,0,0,18,0,0,0,0,0,411,0,0,0,405,0,80,0,0,0,24,0,0,0,0,0,66,0,248,0,175,0,0,0,0,0,0,0,0,0,0,0,0,0,0,0,0,0,0,0,80,0,32,0,0,0,0,0,0,0,0,0,0,0,194,0,156,0,39,0,117,0,190,0,25,0,0,0,0,0,0,0,0,0,0,0,0,0,0,0,0,0,1,0,0,0,93,0,73,0,20,0,112,0,0,54,45,16,4,0,0,0,0,0,0,0,0,0,0,0,0,0,0,0,0,0,0,0,0,0,0,0,0,0,0,0,1,0,22,0,0,12,0,101,0,0,0,170,311,213,39,2,3,0
151,75,168,56,7,15,121,11,18,8,31,24,0,0,37,19,0,15,22,0,337,2,100,12,225,59,78,0,218,2,274,1,19,0,45,0,11,0,115,4,0,0,0,0,12,0,0,0,6,0,0,0,90,1,38,1,5,0,0,0,9,0,207,0,0,0,0,0,0,0,0,0,6,0,17,0,0,0,0,0,196,0,0,0,501,0,54,0,0,0,239,0,95,0,42,0,841,0,738,0,383,0,0,0,0,0,140,0,0,0,0,0,0,0,0,0,0,0,0,0,58,0,186,0,0,0,0,0,56,0,0,0,0,0,82,0,301,0,237,3,131,0,373,0,24,0,0,0,0,0,0,0,0,0,362,0,0,0,113,0,14,0,0,0,0,0,0,0,0,0,0,0,26,2,0,0,26,20,0,0,0,0,50,0,0,0,0,0,0,0,0,0,0,0,0,0,0,0,15,0,106,0,0,0,0,0,2,0,22,0,7,38,31,9,8,0,0,0,0,0,2,0,0,0,0
31,44,25,112,9,21,4,20,9,0,0,46,0,0,4,41,15,0,0,24,0,185,55,286,36,136,0,0,0,682,0,44,0,99,0,16,0,11,0,338,0,0,0,0,0,0,0,0,0,3,0,2,0,64,0,42,0,30,0,0,0,20,0,277,0,1,0,0,0,0,0,0,0,0,0,0,0,0,0,0,0,220,0,0,0,410,0,27,0,1,0,0,0,0,0,0,0,29,0,108,0,40,0,0,0,0,0,0,0,0,0,0,0,0,0,0,0,0,0,0,0,33,0,30,0,0,0,62,0,76,0,0,0,56,0,133,0,357,0,284,0,275,0,322,0,4,0,0,0,0,0,0,0,1,0,78,0,0,0,46,0,0,0,0,1,0,0,0,0,0,0,12,0,46,0,0,5,8,0,0,0,0,0,0,0,0,0,0,0,0,0,0,0,0,0,0,0,0,0,0,0,0,0,0,0,0,0,0,0,0,5,1,0,0,0,0,0,0,31,249,78,33,0,6,0
46,0,87,0,696,359,8,0,22,0,245,28,184,665,291,10,22,0,0,236,408,36,122,0,0,0,517,215,2,0,14,0,4,0,140,51,33,21,0,0,13,24,65,10,23,10,67,52,0,3,387,34,0,0,0,0,0,0,0,0,0,0,0,0,10,0,0,0,0,0,6,0,0,0,0,0,0,0,0,0,32,0,0,0,28,0,0,0,0,0,0,0,0,0,0,0,0,0,0,0,50,0,0,0,0,0,0,0,0,0,0,0,0,0,0,0,0,0,0,0,0,0,0,0,0,0,0,0,0,0,0,0,0,0,0,0,0,0,0,0,0,0,0,0,0,0,28,0,42,0,0,0,0,0,0,0,0,0,0,0,0,0,5,0,286,0,139,0,140,0,3,0,56,0,0,0,183,28,47,0,0,0,36,0,60,0,19,0,0,0,0,0,0,0,0,0,0,0,0,0,0,0,0,0,0,0,0,0,4,0,127,435,429,38,85,0,1,0,0,5,0,0,0,0,0
0,92,0,155,203,379,0,0,0,0,44,213,179,88,113,471,0,24,236,0,58,212,0,266,0,14,44,476,0,0,0,30,0,16,12,409,0,145,0,0,0,4,13,110,5,145,0,155,0,0,20,216,0,18,0,16,0,0,0,13,0,0,0,52,0,0,0,0,0,0,0,14,0,0,0,0,0,0,0,0,0,327,0,0,0,0,0,95,0,0,0,0,0,0,0,0,0,0,0,105,0,125,0,0,0,0,0,0,0,0,0,0,0,0,0,0,0,0,0,0,0,130,0,0,0,0,0,0,0,0,0,0,0,0,0,117,0,102,0,0,0,98,0,140,0,48,0,0,0,0,0,0,0,16,0,0,0,0,0,0,0,0,0,9,0,63,0,184,0,240,0,35,0,87,0,0,35,40,0,0,0,0,0,0,0,0,0,1,0,0,0,0,0,0,0,0,0,0,0,0,0,12,0,0,0,0,0,0,0,32,0,0,0,0,106,0,0,0,169,341,439,56,0,3,0
0,6,237,7,125,174,4,0,7,0,108,75,20,107,496,46,337,0,408,58,0,17,441,20,71,7,563,25,21,0,380,4,57,8,192,15,33,8,19,0,4,4,28,0,69,0,15,7,20,2,174,0,4,0,17,0,0,0,4,0,0,0,30,0,0,0,0,0,0,0,54,0,0,0,22,0,0,0,0,0,280,0,0,0,268,0,92,0,0,0,98,0,0,0,119,0,288,0,592,0,352,0,0,0,0,0,123,0,0,0,0,0,0,0,0,0,0,0,0,0,84,0,89,0,0,0,0,0,0,0,0,0,0,0,0,0,50,0,0,0,38,0,0,0,30,0,0,0,26,0,0,0,0,0,27,0,0,0,0,0,0,0,0,0,31,0,152,0,28,0,0,0,41,0,0,0,23,6,8,0,0,0,0,0,30,0,0,0,0,0,0,0,0,0,0,0,0,0,0,0,0,0,0,0,0,0,0,0,0,0,129,221,121,33,71,0,0,1,0,0,2,0,0,0,0
0,33,0,79,72,184,0,13,0,0,18,117,0,22,63,256,2,185,36,212,17,0,0,448,0,18,0,138,0,98,3,154,0,109,0,319,0,141,0,17,0,0,0,72,0,128,0,0,0,0,0,71,0,43,0,23,0,6,0,0,0,0,0,169,0,0,0,0,0,0,0,20,0,0,0,59,0,0,0,0,0,516,0,0,0,536,0,134,0,12,0,0,0,0,0,82,0,0,0,160,0,118,0,0,0,0,0,0,0,0,0,0,0,0,0,0,0,0,0,0,0,297,0,134,0,0,0,0,0,0,0,0,0,0,0,49,0,320,0,315,0,587,0,581,0,165,0,0,0,0,0,11,0,0,0,8,0,0,0,0,2,0,0,0,0,22,0,76,0,83,0,16,0,42,0,0,0,22,0,3,0,0,0,0,0,0,0,0,0,0,0,0,0,0,0,0,0,0,0,0,0,0,0,0,0,0,0,0,0,0,2,0,0,0,62,0,0,0,128,332,174,0,0,0,0
22,226,522,180,76,135,12,11,4,4,0,328,0,0,221,169,100,55,122,0,441,0,0,152,100,143,124,0,65,12,222,3,99,14,21,0,33,0,98,14,0,0,0,0,23,0,17,0,10,0,0,0,6,0,244,0,0,0,3,0,0,0,9,0,0,3,0,0,0,0,2,0,0,0,5,0,0,0,0,0,32,0,0,0,65,0,0,0,28,0,125,0,0,0,0,0,369,0,140,0,91,0,21,0,0,0,174,0,0,0,0,0,0,0,0,0,0,0,0,0,0,0,0,0,0,0,0,0,0,0,0,0,0,0,192,0,212,0,11,0,0,0,198,0,5,0,11,0,18,0,9,0,13,0,118,0,0,0,17,0,0,0,0,1,0,0,0,0,33,0,9,0,97,0,3,0,85,62,34,0,0,0,19,0,13,0,0,0,0,0,0,0,0,0,0,0,0,0,43,0,106,0,0,0,0,0,0,0,38,0,50,128,114,34,37,0,0,0,0,0,3,0,0,0,0
20,44,57,456,90,199,0,11,0,0,69,133,0,0,61,437,12,286,0,266,20,448,152,0,1,137,0,34,1,157,0,167,0,199,0,91,0,28,0,0,0,0,0,0,0,38,0,0,0,10,0,3,0,34,0,20,0,0,0,0,0,0,0,194,0,0,0,0,0,0,0,2,0,0,0,0,0,19,0,0,0,491,0,0,0,692,0,99,0,0,0,0,0,0,0,0,0,54,0,223,0,148,0,0,0,0,0,0,0,0,0,0,0,0,0,0,0,0,0,0,0,82,0,29,0,0,0,0,0,0,0,0,0,0,0,155,0,224,0,91,0,201,0,349,0,6,0,0,0,0,0,0,0,0,0,12,0,0,0,0,0,0,0,0,0,11,0,8,0,29,0,0,0,46,0,0,5,10,0,0,0,0,0,0,0,0,0,0,0,0,0,0,0,0,0,0,0,0,0,9,1,0,0,0,0,0,0,0,0,0,0,0,0,0,25,0,0,0,58,489,55,21,0,0,0
40,339,115,51,0,0,279,142,31,78,0,10,0,0,11,0,225,36,0,0,71,0,100,1,0,227,0,0,152,2,63,0,6,0,0,0,0,5,73,0,0,0,0,0,0,0,0,0,8,0,0,0,49,0,187,20,3,0,3,0,8,11,99,23,0,0,0,0,0,0,0,0,0,0,0,0,0,0,0,0,0,0,0,0,15,3,0,0,0,0,35,0,0,0,0,0,128,0,0,0,0,0,0,0,0,0,0,0,0,0,0,0,0,0,0,0,0,0,0,0,0,0,4,0,0,0,12,0,25,0,6,0,0,0,147,0,140,0,31,0,0,0,117,0,0,0,0,0,0,2,0,0,0,0,163,0,0,0,29,0,11,0,1,0,0,0,0,0,0,0,15,0,52,8,0,0,21,61,0,0,0,1,27,0,2,0,0,0,0,0,0,0,0,0,0,0,0,0,0,0,43,0,0,0,0,0,0,0,0,0,50,14,50,47,41,0,10,0,8,2,8,5,0,0,0
201,58,87,208,11,20,50,407,76,15,20,1,0,0,0,92,59,136,0,14,7,18,143,137,227,0,0,0,7,180,4,7,0,17,0,0,0,30,6,210,0,0,0,0,0,0,0,0,1,0,0,0,0,13,4,318,0,11,0,10,3,70,22,93,0,0,0,0,0,0,0,0,0,0,0,0,0,0,0,0,0,34,0,0,0,81,0,5,0,0,0,0,0,0,0,0,0,26,0,39,0,16,0,2,0,0,0,0,0,0,0,0,0,0,0,0,0,0,0,0,0,0,0,0,0,0,0,0,0,30,0,0,0,0,0,228,0,282,0,91,0,74,0,66,0,0,0,0,0,0,0,1,0,0,0,38,0,0,0,0,0,0,0,0,0,3,0,1,0,8,6,22,14,101,0,0,31,35,0,0,0,0,13,0,0,0,0,0,0,0,0,0,0,0,0,0,0,0,0,0,0,0,0,0,0,0,0,0,0,31,24,4,20,0,132,0,1,0,144,261,170,93,0,14,0
34,0,82,0,405,63,0,0,13,0,255,0,487,451,185,6,78,0,517,44,563,0,124,0,0,0,0,275,19,0,142,0,0,0,123,7,90,0,0,0,102,62,278,0,385,22,233,234,65,0,349,0,0,0,0,0,0,0,0,0,0,0,0,0,0,0,0,0,9,0,53,0,0,0,37,0,0,0,0,0,0,0,0,0,90,0,0,0,0,0,0,0,0,0,0,0,0,0,0,0,0,0,41,0,0,0,0,0,0,0,0,0,0,0,0,0,0,0,0,0,0,0,0,0,0,0,0,0,0,0,0,0,0,0,0,0,0,0,0,0,0,0,0,0,0,0,0,0,0,0,0,0,0,0,0,0,0,0,0,0,1,0,0,0,263,0,24,0,0,0,0,0,20,0,0,0,86,39,65,0,27,0,38,0,47,0,100,22,0,0,0,0,0,0,0,0,0,0,0,0,0,0,0,0,0,0,0,0,0,0,0,379,387,0,20,0,1,9,0,0,0,0,0,0,0
0,82,0,41,38,232,0,7,0,0,0,321,284,267,7,97,0,0,215,476,25,138,0,34,0,0,275,0,0,0,0,2,0,3,6,98,0,29,0,0,204,5,63,490,32,351,105,145,0,20,47,524,0,0,0,0,0,0,0,0,0,2,0,0,0,8,0,0,0,0,0,0,0,0,0,0,0,0,0,0,0,0,0,0,0,0,0,0,0,0,0,0,0,0,0,36,0,0,0,0,0,0,0,0,0,0,0,0,0,0,0,0,0,0,0,0,0,0,0,0,0,0,0,0,0,1,0,0,0,0,0,0,0,0,0,0,0,0,0,0,0,0,0,0,0,0,0,0,0,0,0,0,0,0,0,0,0,0,0,0,0,0,0,0,0,227,0,16,0,373,0,17,0,14,0,0,8,50,1,0,0,0,0,0,0,0,39,24,0,0,0,0,0,0,0,0,0,0,0,0,0,0,0,0,0,0,0,0,0,0,0,0,0,1,20,0,0,0,49,572,809,19,0,0,11
97,4,246,0,9,0,57,0,3,0,12,0,0,0,0,0,218,0,2,0,21,0,65,1,152,7,19,0,0,0,60,0,27,0,29,0,35,0,58,0,0,0,0,0,0,0,0,0,0,0,7,0,17,0,0,0,0,0,0,0,4,0,48,0,1,0,0,0,0,0,5,0,0,0,7,0,0,0,0,0,47,0,0,0,58,0,33,0,0,0,6,0,0,0,0,0,0,0,87,0,38,0,0,0,0,0,0,0,0,0,0,0,0,0,0,0,0,0,0,0,22,0,31,0,0,0,0,0,4,0,0,0,0,0,0,0,27,0,144,0,73,0,38,0,16,0,0,0,0,0,0,0,0,0,29,0,3,0,38,0,0,0,0,0,0,0,0,0,0,0,0,0,2,0,0,0,15,1,0,0,0,0,17,0,0,0,0,0,0,0,0,0,0,0,0,0,0,0,0,0,0,0,0,0,0,0,0,0,0,0,0,8,0,0,0,0,0,0,0,0,0,0,0,0,0
0,223,0,183,4,18,0,243,0,0,3,56,0,0,2,5,2,682,0,0,0,98,12,157,2,180,0,0,0,0,0,34,1,32,0,38,0,9,0,44,0,0,0,5,0,0,0,0,0,0,0,1,0,9,0,9,0,1,0,0,0,19,0,76,0,1,0,0,0,0,0,0,0,0,0,0,0,0,0,0,0,0,0,0,0,46,0,0,0,0,0,0,0,0,0,0,0,0,0,0,0,0,0,0,0,0,0,0,0,0,0,0,0,0,0,0,0,0,0,0,0,0,0,0,0,0,0,0,0,29,0,0,0,0,0,0,0,72,0,108,0,75,0,39,0,3,0,0,0,0,0,0,0,0,0,11,0,0,0,19,0,0,0,0,0,0,0,0,0,0,0,4,0,1,0,0,0,16,0,0,0,0,0,0,0,0,0,0,0,0,0,0,0,0,0,0,0,0,0,0,0,0,0,0,0,0,0,0,0,0,0,0,0,0,0,0,0,0,0,42,0,3,0,0,0
58,0,321,4,276,13,0,0,0,0,119,6,0,1,279,10,274,0,14,0,380,3,222,0,63,4,142,0,60,0,0,0,11,0,193,2,22,0,1,0,0,0,32,0,16,0,0,0,0,0,73,0,0,0,0,0,0,0,3,0,0,0,10,0,0,0,0,0,0,0,42,0,4,0,26,0,0,0,0,0,216,0,0,0,151,0,0,0,0,0,45,0,0,0,0,0,0,0,369,0,0,0,0,0,0,0,0,0,0,0,0,0,0,0,0,0,0,0,0,0,49,0,46,0,0,0,0,0,0,0,0,0,0,0,0,0,18,0,65,0,58,0,69,0,44,0,4,0,0,0,0,0,0,0,0,0,10,0,0,0,0,0,0,0,0,0,42,0,24,0,0,0,9,0,0,0,21,0,0,0,0,0,18,0,19,0,0,0,0,0,0,0,0,0,0,0,0,0,0,0,0,0,0,0,0,0,0,0,0,0,60,80,42,0,0,0,0,0,0,0,0,0,0,0,0
0,20,0,39,13,81,0,0,0,0,0,101,0,0,19,45,1,44,0,30,4,154,3,167,0,7,0,2,0,34,0,0,0,11,0,32,0,19,0,13,0,0,0,18,0,4,0,0,0,0,0,19,0,2,0,2,0,0,0,0,0,8,0,12,0,0,0,0,0,0,0,2,0,0,0,0,0,0,0,0,0,43,0,0,0,43,0,0,0,0,0,0,0,0,0,0,0,0,0,0,0,0,0,0,0,0,0,0,0,0,0,0,0,0,0,0,0,0,0,0,0,24,0,0,0,0,0,0,0,0,0,0,0,0,0,9,0,0,0,61,0,73,0,51,0,21,0,0,0,0,0,0,0,0,0,0,0,0,0,1,0,0,0,0,0,1,0,4,0,0,0,2,0,2,0,0,0,7,0,2,0,0,0,0,0,0,0,0,0,0,0,0,0,0,0,0,0,0,0,0,0,0,0,0,0,0,0,0,0,0,0,0,0,0,11,0,0,0,21,117,14,5,0,0,0
87,0,307,0,463,0,0,0,0,0,293,0,0,0,257,6,19,0,4,0,57,0,99,0,6,0,0,0,27,1,11,0,0,0,22,0,123,0,5,0,0,0,10,0,9,0,0,0,1,0,9,0,0,0,0,0,0,0,0,0,12,0,5,0,0,0,0,0,0,0,24,0,0,0,10,0,0,0,0,0,62,0,0,0,23,0,26,0,0,0,0,0,0,0,0,0,0,0,76,0,0,0,0,0,0,0,8,0,0,0,0,0,0,0,0,0,0,0,0,0,18,0,0,0,0,0,0,0,0,0,0,0,2,0,0,0,0,0,50,0,34,0,20,0,34,0,0,0,0,0,0,0,0,0,13,0,22,0,0,0,0,0,9,0,0,0,29,0,0,0,0,0,17,0,0,0,43,10,33,0,0,0,22,0,29,0,0,0,0,0,0,0,0,0,0,0,0,0,0,0,0,0,0,0,0,0,0,0,0,0,50,193,4,0,14,0,0,0,0,0,0,0,0,0,0
0,154,0,177,33,368,0,0,0,0,0,479,0,0,26,179,0,99,0,16,8,109,14,199,0,17,0,3,0,32,0,11,0,0,0,97,0,140,0,21,0,0,0,34,0,16,0,0,0,0,0,22,0,9,0,4,0,0,0,0,0,40,0,30,0,0,0,0,0,0,0,1,0,0,0,0,0,0,0,0,0,0,0,0,0,0,0,0,0,0,0,0,0,0,0,0,0,0,0,0,0,0,0,0,0,0,0,0,0,0,0,0,0,0,0,0,0,0,0,0,0,0,0,0,0,0,0,0,0,0,0,0,0,0,0,0,0,0,0,78,0,40,0,23,0,68,0,0,0,0,0,0,0,0,0,0,0,47,0,11,0,0,0,0,0,0,0,9,0,0,0,15,0,27,0,0,0,31,2,8,0,6,0,0,1,0,0,0,0,0,0,0,0,0,0,0,0,0,0,0,0,0,0,0,0,0,0,0,0,0,0,0,0,0,12,0,0,0,38,404,25,0,0,0,0
4,0,0,0,91,17,0,0,0,0,40,4,17,21,189,0,45,0,140,12,192,0,21,0,0,0,123,6,29,0,193,0,22,0,0,0,84,0,2,0,0,0,45,0,45,1,0,1,3,0,108,0,0,0,0,0,0,0,0,0,0,0,0,0,0,0,0,0,0,0,51,0,0,0,48,0,0,0,0,0,214,0,0,0,110,0,109,0,0,0,0,0,0,0,0,0,0,0,282,0,172,0,0,0,0,0,0,0,0,0,0,0,0,0,0,0,0,0,0,0,62,0,0,0,0,0,0,0,0,0,0,0,0,0,0,0,0,0,28,0,0,0,0,0,42,0,0,0,0,0,0,0,0,0,0,0,0,0,0,0,0,0,0,0,70,0,113,0,48,0,0,0,31,0,0,0,8,0,8,0,0,0,0,0,0,0,0,0,0,0,0,0,0,0,0,0,0,0,0,0,0,0,0,0,0,0,0,0,0,0,55,102,135,0,41,0,0,0,0,0,0,0,0,0,0
0,0,0,0,49,99,0,0,0,0,0,153,0,40,31,28,0,16,51,409,15,319,0,91,0,0,7,98,0,38,2,32,0,97,0,0,0,120,0,35,0,0,0,76,0,17,0,0,0,0,2,76,0,7,0,0,0,0,0,0,0,11,0,22,0,0,0,0,0,0,0,13,0,0,0,0,0,0,0,0,0,0,0,0,0,0,0,60,0,0,0,0,0,0,0,0,0,0,0,0,0,0,0,0,0,0,0,0,0,0,0,0,0,0,0,0,0,0,0,0,0,130,0,77,0,0,0,0,0,0,0,0,0,0,0,0,0,61,0,136,0,229,0,209,0,144,0,0,0,0,0,0,0,0,0,0,0,0,0,0,0,0,0,0,0,16,0,86,0,83,0,22,0,53,0,0,0,0,0,6,0,0,0,0,0,0,0,0,0,0,0,0,0,0,0,0,0,0,0,0,0,0,0,0,0,0,0,0,0,0,0,0,0,0,42,0,0,0,98,196,136,0,0,1,0
82,0,94,0,238,11,0,0,3,0,109,0,0,5,185,0,11,0,33,0,33,0,33,0,0,0,90,0,35,0,22,0,123,0,84,0,0,0,16,0,0,0,88,0,63,0,0,0,0,0,123,0,1,0,0,0,0,0,15,0,27,0,9,0,5,0,0,0,0,0,120,0,49,0,102,0,0,0,0,0,261,0,0,0,76,0,131,0,0,0,0,0,0,0,0,0,0,0,219,0,0,0,0,0,0,0,0,0,0,0,0,0,0,0,0,0,0,0,0,0,81,0,0,0,0,0,0,0,0,0,0,0,0,0,0,0,0,0,153,0,107,0,0,0,164,0,0,0,0,0,0,0,0,0,20,0,48,0,50,0,10,0,45,0,22,0,86,0,22,0,18,0,62,0,0,0,27,0,22,0,0,0,18,0,11,0,0,0,0,0,0,0,0,0,0,0,0,0,0,0,0,0,0,0,0,0,0,0,0,0,45,171,50,0,17,0,0,0,0,0,0,0,0,0,0
4,163,0,41,20,193,0,0,0,0,0,294,0,0,12,83,0,11,21,145,8,141,0,28,5,30,0,29,0,9,0,19,0,140,0,120,0,0,0,43,0,0,0,144,1,36,0,0,0,0,0,127,0,7,0,0,0,6,0,7,0,23,0,10,0,0,0,0,0,0,0,7,0,0,0,34,0,0,0,4,0,0,0,0,0,0,0,31,0,0,0,0,0,0,0,0,0,0,0,11,0,0,0,0,0,0,0,1,0,0,0,0,0,0,0,0,0,0,0,0,0,50,0,0,0,0,0,0,0,0,0,0,0,0,0,0,0,38,0,207,0,182,0,68,0,229,0,0,0,0,0,0,0,0,0,0,0,88,0,0,1,0,0,0,0,10,0,51,0,54,0,23,0,79,0,0,2,23,0,16,0,0,0,0,0,0,0,1,0,0,0,0,0,0,0,1,0,0,0,0,0,1,0,0,0,0,0,0,0,0,0,0,0,0,0,0,0,0,30,371,44,9,0,1,0
361,23,403,0,39,0,220,10,8,0,41,0,0,0,5,0,115,0,0,0,19,0,98,0,73,6,0,0,58,0,1,0,5,0,2,0,16,0,0,1,0,0,0,0,0,0,0,0,0,0,1,0,3,0,0,0,0,0,0,1,8,0,16,0,0,0,0,0,0,0,14,0,0,0,0,0,0,0,0,0,29,0,0,0,16,0,18,0,0,0,0,0,0,0,0,0,0,0,41,0,0,0,0,0,0,0,0,0,0,0,0,0,0,0,0,0,0,0,0,0,15,0,0,0,0,1,0,0,0,0,0,0,0,0,0,0,4,0,95,0,23,0,0,0,18,0,0,0,0,0,0,0,0,0,37,0,68,0,39,0,0,0,0,0,0,0,0,0,0,0,0,0,134,0,0,0,53,13,0,0,3,0,42,0,0,0,0,0,0,0,0,0,0,0,0,0,0,0,1,0,0,0,0,0,0,0,0,0,1,0,31,230,9,15,0,0,0,0,0,0,0,0,0,0,0
0,541,0,181,0,24,0,210,2,0,0,96,0,0,0,12,4,338,0,0,0,17,14,0,0,210,0,0,0,44,0,13,0,21,0,35,0,43,1,0,0,0,0,3,0,0,0,0,0,0,0,2,0,11,0,0,0,1,0,3,0,3,0,29,0,0,0,0,0,0,0,0,0,0,0,0,0,0,0,0,0,0,0,0,0,0,0,0,0,0,0,0,0,0,0,3,0,0,0,0,0,0,0,0,0,0,0,0,0,0,0,0,0,0,0,0,0,0,0,0,0,0,0,0,0,0,0,0,0,0,0,0,0,4,0,0,0,24,0,160,0,35,0,19,0,93,0,0,0,0,0,0,0,0,0,25,0,27,0,20,0,0,0,0,0,0,0,1,0,0,0,0,0,62,0,0,9,49,0,14,0,0,0,3,0,17,0,0,0,0,0,0,0,0,0,0,0,0,0,0,0,2,0,0,0,0,0,0,0,0,0,0,0,0,33,0,0,0,50,197,17,19,0,0,0
0,0,0,0,13,0,0,0,0,0,18,0,507,232,0,0,0,0,13,0,4,0,0,0,0,0,102,204,0,0,0,0,0,0,0,0,0,0,0,0,0,130,37,0,23,76,198,378,157,81,7,0,0,0,0,0,0,0,0,0,0,0,0,0,0,0,0,0,1,0,0,0,0,0,0,0,0,0,0,0,0,0,0,0,0,0,1,0,0,0,0,0,0,0,0,0,0,0,0,0,0,0,0,0,0,0,0,0,0,0,0,0,0,0,0,0,0,0,0,0,0,0,0,0,0,0,0,0,0,0,0,0,0,0,0,0,0,0,0,0,0,0,0,0,0,0,0,0,0,0,0,0,0,0,0,0,0,0,0,0,0,0,0,0,18,0,0,0,0,0,0,0,1,0,10,0,99,58,38,0,13,0,0,0,0,0,163,18,0,0,0,0,0,0,0,0,0,0,0,0,0,0,0,0,0,0,0,0,0,0,0,135,67,0,0,0,0,9,0,31,0,0,0,0,0
0,20,0,0,0,22,0,0,0,0,0,392,38,418,0,0,0,0,24,4,4,0,0,0,0,0,62,5,0,0,0,0,0,0,0,0,0,0,0,0,130,0,0,55,15,50,140,232,0,373,0,18,0,0,0,0,0,0,0,0,0,0,0,0,0,0,0,0,0,2,0,0,0,0,0,0,0,0,0,0,0,0,0,0,0,0,0,2,0,1,0,0,0,0,0,5,0,0,0,0,0,0,0,1,0,0,0,0,0,0,0,0,0,0,0,0,0,0,0,0,0,0,0,0,0,0,0,0,0,0,0,0,0,0,0,0,0,0,0,0,0,0,0,0,0,0,0,0,0,0,0,0,0,0,0,0,0,0,0,0,0,0,0,0,0,12,0,0,0,0,0,2,0,0,0,0,0,94,0,2,0,0,0,0,0,0,28,32,0,0,0,0,0,0,0,0,0,0,0,0,0,0,0,0,0,0,0,0,0,0,0,0,0,0,0,0,0,0,0,77,24,0,0,0,10
0,0,0,0,25,0,0,0,0,0,10,0,83,66,0,0,0,0,65,13,28,0,0,0,0,0,278,63,0,0,32,0,10,0,45,0,88,0,0,0,37,0,0,0,323,10,47,34,28,0,62,1,0,0,2,0,0,0,4,0,0,0,0,0,0,0,0,0,0,0,37,0,0,0,26,0,0,0,0,0,0,0,0,0,0,0,0,0,0,0,0,0,0,0,0,0,0,0,0,0,0,0,0,0,0,0,0,0,0,0,0,0,0,0,0,0,0,0,0,0,0,0,0,0,0,0,0,0,0,0,0,0,0,0,0,0,0,0,0,0,0,0,0,0,0,0,4,0,0,0,0,0,0,0,0,0,0,0,0,0,0,0,0,0,125,0,12,0,11,0,0,0,15,0,0,0,13,0,7,0,0,0,0,0,5,0,31,0,6,1,0,0,0,0,0,0,0,0,0,0,0,0,0,0,7,0,0,0,0,0,38,113,156,22,37,0,0,6,0,0,0,0,0,0,0
0,0,0,0,0,20,0,0,0,0,0,0,5,169,0,0,0,0,10,110,0,72,0,0,0,0,0,490,0,5,0,18,0,34,0,76,0,144,0,3,0,55,0,0,1,258,0,76,0,6,0,113,0,0,0,3,0,0,0,0,0,0,0,3,0,0,0,0,0,0,0,0,0,0,0,16,0,0,0,0,0,59,0,0,0,0,0,0,0,0,0,0,0,0,0,0,0,0,0,0,0,0,0,0,0,0,0,0,0,0,0,0,0,0,0,0,0,0,0,0,0,37,0,15,0,0,0,0,0,0,0,0,0,0,0,0,0,0,0,26,0,61,0,0,0,44,0,0,0,0,0,2,0,0,0,0,0,0,0,0,0,0,0,4,0,79,0,32,0,85,0,7,0,17,0,0,0,0,0,0,0,0,0,0,0,0,0,95,0,0,0,0,0,0,0,0,0,0,0,0,0,0,0,0,0,0,0,0,0,0,0,0,0,0,0,0,0,0,5,57,99,0,0,0,0
7,0,19,0,46,6,8,0,0,1,20,0,102,35,12,0,12,0,23,5,69,0,23,0,0,0,385,32,0,0,16,0,9,0,45,0,63,1,0,0,23,15,323,1,0,15,358,40,245,55,155,0,0,0,0,0,4,0,8,0,0,0,0,0,0,0,0,0,0,0,34,0,8,0,0,0,0,0,0,0,0,0,46,0,53,0,0,0,0,0,0,0,40,0,32,0,0,0,0,0,98,0,55,0,0,0,40,0,0,0,0,0,0,0,0,0,0,0,0,0,0,0,0,0,0,0,0,0,0,0,0,0,0,0,0,0,0,0,0,0,0,0,0,0,33,0,0,0,0,0,0,0,0,0,0,0,0,0,0,0,0,0,7,0,271,0,18,0,24,1,5,0,0,0,0,0,27,5,6,0,15,0,0,0,0,0,114,0,0,0,0,0,0,0,43,0,0,0,0,0,13,0,0,0,0,0,0,0,0,0,0,207,173,0,0,0,0,28,0,0,0,0,0,0,0
0,48,0,0,0,20,0,7,0,3,0,153,31,98,0,56,0,0,10,145,0,128,0,38,0,0,22,351,0,0,0,4,0,16,1,17,0,36,0,0,76,50,10,258,15,0,103,256,7,131,3,106,0,3,0,9,0,0,0,10,0,0,0,15,0,0,0,0,0,18,0,21,0,0,0,41,0,0,0,0,0,150,0,59,0,110,0,65,0,0,0,0,0,8,0,43,0,0,0,0,0,40,0,21,0,0,0,0,0,0,0,0,0,0,0,0,0,0,0,0,0,81,0,39,0,0,0,9,0,0,0,0,0,0,0,0,0,20,0,0,0,71,0,73,0,71,0,0,0,0,0,0,0,0,0,0,0,0,0,0,0,3,0,7,0,212,0,26,0,208,0,18,0,38,0,0,0,30,0,2,0,0,0,0,0,0,5,37,0,0,0,0,0,0,0,23,0,0,0,0,0,0,0,0,0,0,0,0,0,0,0,4,0,0,11,0,0,0,26,101,185,0,0,0,72
0,0,0,0,0,0,0,0,0,0,27,0,349,116,0,0,0,0,67,0,15,0,17,0,0,0,233,105,0,0,0,0,0,0,0,0,0,0,0,0,198,140,47,0,358,103,0,367,382,233,33,0,0,0,0,0,0,0,0,0,0,0,0,0,0,0,0,0,0,0,1,0,0,0,0,0,0,0,0,0,0,0,0,0,0,0,0,0,0,0,0,0,0,0,0,0,0,0,0,0,0,0,23,0,0,0,0,0,0,0,0,0,0,0,0,0,0,0,0,0,0,0,0,0,0,0,0,0,0,0,0,0,0,0,0,0,0,0,0,0,0,0,0,0,0,0,0,0,0,0,0,0,0,0,0,0,0,0,0,0,0,0,0,0,120,0,0,0,0,0,0,0,2,0,0,0,29,38,18,0,8,0,0,0,0,0,116,0,0,0,0,0,0,0,32,0,0,0,0,0,0,0,0,0,0,0,0,0,0,0,0,582,272,0,3,0,1,72,0,40,0,0,0,0,3
0,38,0,15,7,47,0,4,0,0,0,362,123,311,0,0,0,0,52,155,7,0,0,0,0,0,234,145,0,0,0,0,0,0,1,0,0,0,0,0,378,232,34,76,40,256,367,0,0,182,27,38,0,0,0,0,0,0,0,0,0,0,0,0,0,3,0,0,0,12,0,0,0,0,0,0,0,0,0,0,0,0,0,0,0,0,0,0,0,0,0,0,0,4,0,0,0,0,0,0,0,0,0,0,0,0,0,0,0,0,0,0,0,0,0,0,0,0,0,0,0,0,0,0,0,0,0,0,0,0,0,0,0,0,0,0,0,13,0,0,0,0,0,0,0,0,0,0,0,0,0,0,0,0,0,0,0,0,0,0,0,0,0,0,0,81,0,0,0,0,0,0,0,0,0,0,0,134,0,0,0,2,0,0,0,0,55,34,0,0,0,0,0,0,0,0,0,0,0,0,0,0,0,0,0,0,0,0,0,0,0,4,0,0,0,0,0,0,6,426,181,0,0,0,68
25,0,40,0,17,0,94,0,56,5,13,0,89,0,17,0,6,0,0,0,20,0,10,0,8,1,65,0,0,0,0,0,1,0,3,0,0,0,0,0,157,0,28,0,245,7,382,0,0,66,20,0,12,0,88,0,28,0,70,1,24,0,2,0,0,0,0,0,22,0,0,0,0,0,0,0,0,0,0,0,0,0,32,0,8,0,8,0,5,0,0,0,29,0,18,0,0,0,0,0,30,0,55,0,16,0,21,0,3,0,0,0,0,0,0,0,0,0,0,0,0,0,0,0,0,0,1,0,0,0,0,0,0,3,7,0,2,3,0,0,1,0,0,0,2,0,4,0,0,0,10,0,7,0,6,0,0,0,3,0,14,1,8,0,58,0,7,0,4,0,5,0,4,0,0,0,179,5,8,0,18,0,0,1,5,0,193,0,21,0,9,0,19,0,44,0,0,0,21,0,10,0,25,0,28,0,5,0,7,0,120,119,345,22,176,0,5,14,2,6,1,0,0,0,2
0,20,0,0,0,10,0,2,0,0,0,73,4,205,0,14,0,3,3,0,2,0,0,10,0,0,0,20,0,0,0,0,0,0,0,0,0,0,0,0,81,373,0,6,55,131,233,182,66,0,0,8,0,0,0,9,0,0,0,5,0,0,0,0,0,0,0,0,0,8,0,0,0,0,0,0,0,22,0,0,0,29,0,24,0,26,0,18,0,0,0,0,0,7,0,21,0,0,0,0,0,11,0,8,0,0,0,5,0,0,0,0,0,1,0,0,0,0,0,0,0,0,0,0,0,0,0,0,0,0,0,0,0,0,0,0,0,0,0,0,0,9,0,0,0,0,0,0,0,0,0,0,0,0,0,0,0,0,0,0,0,1,0,0,0,157,0,0,0,44,0,4,0,3,0,0,0,118,0,3,0,0,0,0,0,0,36,174,0,11,0,0,0,0,0,8,0,0,0,0,0,0,0,0,0,0,0,0,0,0,0,23,0,0,8,0,0,0,0,86,102,0,0,0,73
4,0,0,0,160,0,0,0,0,0,50,2,81,66,78,0,0,0,387,20,174,0,0,0,0,0,349,47,7,0,73,0,9,0,108,2,123,0,1,0,7,0,62,0,155,3,33,27,20,0,0,0,0,0,0,0,13,0,25,0,2,0,0,0,4,0,0,0,4,0,85,0,44,0,63,0,8,0,0,0,185,0,59,0,65,0,66,0,0,0,0,0,0,0,77,0,0,0,219,0,158,0,0,0,0,0,0,0,0,0,0,0,0,0,0,0,0,0,0,0,65,0,16,0,0,0,0,0,0,0,6,0,0,0,0,0,0,0,0,0,0,0,0,0,39,0,0,0,0,0,0,0,0,0,0,0,6,0,0,0,0,0,25,0,137,0,82,0,85,0,22,0,79,0,3,0,16,0,10,0,0,0,6,0,0,0,5,0,0,0,0,0,0,0,0,0,0,0,0,0,0,0,0,0,0,0,0,0,0,0,128,118,185,50,81,0,4,4,0,0,0,0,0,0,0
0,0,0,0,6,35,0,0,0,3,0,0,0,159,0,0,0,2,34,216,0,71,0,3,0,0,0,524,0,1,0,19,0,22,0,76,0,127,0,2,0,18,1,113,0,106,0,38,0,8,0,0,0,0,0,0,0,0,0,0,0,0,0,0,0,0,0,0,0,0,0,24,0,0,0,53,0,0,0,0,0,76,0,0,0,35,0,33,0,0,0,0,0,0,0,0,0,0,0,0,0,0,0,0,0,0,0,0,0,0,0,0,0,0,0,0,0,0,0,0,0,61,0,39,0,0,0,0,0,4,0,0,0,0,0,0,0,0,0,0,0,67,0,39,0,63,0,0,0,0,0,0,0,0,0,0,0,6,0,0,0,0,0,7,0,41,0,70,0,145,0,32,0,122,0,0,0,4,0,0,0,0,0,0,0,0,0,12,0,0,0,0,0,0,0,0,0,0,0,0,0,0,0,0,0,0,0,1,0,0,0,0,0,0,0,0,0,0,14,62,111,9,7,0,0
7,4,8,0,0,0,252,9,354,56,0,0,0,0,1,0,90,0,0,0,4,0,6,0,49,0,0,0,17,0,0,0,0,0,0,0,1,0,3,0,0,0,0,0,0,0,0,0,12,0,0,0,0,2,256,17,96,1,69,14,75,0,108,4,0,2,10,14,0,0,0,0,0,0,0,0,0,0,0,0,0,0,0,0,39,0,0,0,0,0,0,0,0,0,0,0,60,0,45,0,0,0,0,0,0,0,0,0,0,0,0,0,0,0,0,0,0,0,0,0,0,0,0,0,10,0,0,0,52,0,21,0,0,0,48,0,109,0,229,0,43,0,73,1,4,0,0,0,0,2,9,0,0,0,691,1,27,0,209,0,64,0,41,0,0,0,6,0,12,0,130,0,0,0,0,0,1,4,0,0,0,0,0,0,2,2,0,0,0,0,0,0,0,0,0,0,0,0,0,0,13,0,0,0,0,0,0,0,18,0,90,137,141,120,71,3,18,0,0,0,2,0,0,0,0
0,16,0,0,0,0,10,38,46,109,0,4,0,0,0,17,1,64,0,18,0,43,0,34,0,13,0,0,0,9,0,2,0,9,0,7,0,7,0,11,0,0,0,0,0,3,0,0,0,0,0,0,2,0,6,215,0,182,5,61,1,43,2,51,0,0,3,2,0,0,0,0,0,0,0,0,0,0,0,0,0,0,0,0,0,0,0,0,0,0,0,0,0,0,0,0,0,0,0,0,0,0,0,0,0,0,0,0,0,0,0,0,0,0,0,0,0,0,0,0,0,0,0,0,0,0,0,11,0,140,0,36,0,38,0,9,0,117,0,237,0,55,0,25,0,33,0,0,0,0,0,0,0,0,0,394,0,23,0,265,0,36,0,2,0,1,0,1,0,0,1,33,0,20,0,0,0,7,0,0,0,0,0,10,1,0,0,0,0,0,0,0,0,0,0,0,0,0,0,0,0,0,0,0,0,0,0,0,0,23,0,0,0,0,27,0,0,0,45,66,80,62,1,5,0
0,12,110,0,0,0,336,19,45,203,0,0,0,0,30,0,38,0,0,0,17,0,244,0,187,4,0,0,0,0,0,0,0,0,0,0,0,0,0,0,0,0,2,0,0,0,0,0,88,0,0,0,256,6,0,71,212,2,152,27,34,0,42,19,0,3,4,42,0,0,0,0,0,0,0,0,0,0,0,0,0,0,0,0,0,0,0,0,0,0,0,0,0,0,0,0,0,0,0,0,0,0,0,0,0,0,0,0,0,0,0,0,0,0,0,0,0,0,0,0,0,0,0,0,37,0,0,0,14,0,116,0,12,0,424,0,234,0,11,0,0,0,101,0,0,0,49,0,0,0,66,0,0,0,271,1,52,0,42,0,238,2,0,0,19,0,0,0,60,0,498,0,37,1,5,0,0,6,0,0,0,0,0,0,0,3,0,0,0,0,0,0,0,0,0,0,0,0,74,0,47,1,0,0,0,0,0,0,135,0,258,42,385,410,227,0,84,11,7,0,4,4,0,0,0
7,23,1,109,0,20,67,253,247,83,0,1,0,0,0,39,1,42,0,16,0,23,0,20,20,318,0,0,0,9,0,2,0,4,0,0,0,0,0,0,0,0,0,3,0,9,0,0,0,9,0,0,17,215,71,0,0,134,33,65,5,71,24,107,0,0,21,0,0,6,0,0,0,0,0,0,0,10,0,0,0,0,0,0,0,0,0,0,0,0,0,0,0,0,0,0,0,0,0,0,0,0,0,0,0,0,0,0,0,0,0,0,0,0,0,0,0,0,0,0,0,0,0,0,0,0,0,23,0,54,0,45,0,78,0,106,0,299,0,80,0,16,0,0,0,0,0,0,0,0,0,0,0,0,0,253,0,66,0,29,0,55,0,13,0,16,1,0,0,28,4,294,0,90,0,0,0,9,0,0,0,0,0,9,7,0,0,0,0,0,0,0,0,0,0,0,0,0,0,0,0,0,0,0,0,0,0,0,0,145,7,4,7,6,249,0,0,0,432,249,550,429,12,56,3
0,0,0,0,0,0,30,0,14,9,0,0,0,0,0,0,5,0,0,0,0,0,0,0,3,0,0,0,0,0,0,0,0,0,0,0,0,0,0,0,0,0,0,0,4,0,0,0,28,0,13,0,96,0,212,0,0,0,248,25,0,0,3,0,66,33,7,76,1,0,0,0,0,0,0,0,6,0,0,0,0,0,0,0,0,0,0,0,0,0,0,0,0,0,0,0,0,0,0,0,0,0,0,0,0,0,0,0,0,0,0,0,0,0,0,0,0,0,0,0,0,0,0,0,10,0,24,0,4,0,71,0,7,1,0,0,0,0,12,0,0,0,5,0,41,0,0,0,0,0,15,0,0,0,236,7,102,0,45,6,346,17,141,0,12,0,5,0,46,0,210,0,10,0,6,0,0,0,0,0,0,0,0,0,0,0,0,0,0,0,0,0,0,0,0,0,0,0,0,0,0,0,0,0,0,0,0,0,23,0,368,73,555,475,498,16,49,7,0,0,0,1,0,0,0
0,0,0,0,0,0,0,13,1,2,0,0,0,0,0,0,0,30,0,0,0,6,0,0,0,11,0,0,0,1,0,0,0,0,0,0,0,6,0,1,0,0,0,0,0,0,0,0,0,0,0,0,1,182,2,134,0,0,3,95,0,0,0,30,0,0,9,4,0,0,0,0,0,0,0,0,0,1,0,0,0,0,0,0,0,0,0,0,0,0,0,0,0,0,0,0,0,0,0,0,0,0,0,0,0,0,0,0,0,0,0,0,0,0,0,0,0,0,0,0,0,0,0,0,0,0,0,0,0,72,0,35,0,49,0,27,0,111,0,49,0,7,0,0,0,0,0,0,0,0,0,0,0,0,0,355,0,46,0,127,0,145,0,0,0,0,0,0,0,29,0,185,0,0,0,0,0,0,0,0,0,0,0,0,0,0,0,0,0,0,0,0,0,0,0,0,0,0,0,8,0,0,0,0,0,0,0,0,0,72,0,0,0,0,196,0,0,0,202,54,525,264,9,38,0
0,0,5,0,0,0,46,0,101,64,0,0,0,0,0,0,0,0,0,0,4,0,3,0,3,0,0,0,0,0,3,0,0,0,0,0,15,0,0,0,0,0,4,0,8,0,0,0,70,0,25,0,69,5,152,33,248,3,0,213,0,0,6,0,158,68,271,423,3,0,0,0,0,0,0,0,2,0,0,0,0,0,0,0,0,0,0,0,0,0,0,0,0,0,0,0,0,0,0,0,0,0,0,0,0,0,0,0,0,0,0,0,0,0,0,0,0,0,0,0,0,0,0,0,13,0,0,0,0,0,75,0,0,0,0,0,0,0,9,0,1,0,0,0,15,0,0,0,14,0,0,0,0,0,226,20,198,0,0,16,118,0,33,0,0,0,10,0,42,0,263,0,15,0,4,0,0,0,0,0,0,0,0,0,32,32,0,0,0,0,0,0,0,0,0,0,0,0,0,0,0,0,0,0,0,0,0,0,12,0,851,425,605,902,944,46,137,10,19,0,0,0,0,0,0
0,3,0,0,0,0,0,10,85,102,0,3,0,0,0,3,0,0,0,13,0,0,0,0,0,10,0,0,0,0,0,0,0,0,0,0,0,7,1,3,0,0,0,0,0,10,0,0,1,5,0,0,14,61,27,65,25,95,213,0,0,38,1,10,47,116,241,259,0,0,0,0,0,0,0,0,0,4,0,0,0,0,0,0,0,0,0,1,0,0,0,0,0,0,0,2,0,0,0,0,0,0,0,0,0,0,0,0,0,0,0,0,0,0,0,0,0,0,0,1,0,0,0,0,0,15,0,30,0,21,0,162,0,9,0,0,0,7,0,0,0,0,0,0,1,42,0,4,0,12,0,0,0,0,24,135,2,400,5,57,0,170,0,39,0,0,0,0,0,21,0,220,0,34,0,3,0,0,0,0,0,0,0,0,62,22,0,0,0,0,0,0,0,0,0,0,0,0,0,0,0,0,0,0,0,0,0,0,0,13,0,12,0,0,1200,0,0,0,1563,475,876,863,74,147,2
88,0,17,0,0,0,282,6,222,9,0,0,0,0,0,0,9,0,0,0,0,0,0,0,8,3,0,0,4,0,0,0,12,0,0,0,27,0,8,0,0,0,0,0,0,0,0,0,24,0,2,0,75,1,34,5,0,0,0,0,0,0,68,3,0,0,0,1,0,0,2,0,0,0,0,0,0,0,0,0,0,0,0,0,0,0,3,0,0,0,0,0,0,0,0,0,0,0,0,0,0,0,0,0,0,0,0,0,0,0,0,0,0,0,0,0,0,0,0,0,0,0,0,0,0,0,0,0,0,0,0,0,0,0,0,0,7,0,81,0,51,0,0,0,91,0,0,0,0,0,0,0,0,0,24,0,120,0,27,0,0,0,7,0,3,0,0,0,3,0,176,0,89,0,0,0,0,9,0,0,0,0,1,0,0,0,0,0,0,0,0,0,0,0,0,0,0,0,0,0,0,0,0,0,0,0,0,0,0,0,140,278,82,158,59,3,30,2,0,0,0,0,0,0,0
4,234,0,3,0,0,0,273,6,320,0,0,0,0,0,0,0,20,0,0,0,0,0,0,11,70,0,2,0,19,0,8,0,40,0,11,0,23,0,3,0,0,0,0,0,0,0,0,0,0,0,0,0,43,0,71,0,0,0,38,0,0,1,58,0,0,0,0,0,0,0,0,0,1,0,11,0,1,0,0,0,0,0,0,0,0,0,0,0,0,0,0,0,0,0,0,0,2,0,0,0,0,0,0,0,0,0,0,0,0,0,0,0,0,0,0,0,0,0,0,0,0,0,1,0,0,0,0,0,0,0,0,0,0,0,0,0,26,0,151,0,65,0,11,0,246,0,0,0,0,0,0,0,0,0,21,0,248,0,29,0,6,0,0,0,0,0,2,0,3,0,90,0,77,0,0,0,34,0,0,0,0,0,34,0,14,0,0,0,0,0,0,0,0,0,0,0,0,0,0,0,0,0,0,0,0,0,0,0,0,2,0,0,0,107,0,0,0,157,210,111,147,0,14,1
109,27,12,1,0,0,561,27,262,73,0,0,1,0,0,0,207,0,0,0,30,0,9,0,99,22,0,0,48,0,10,0,5,0,0,0,9,0,16,0,0,0,0,0,0,0,0,0,2,0,0,0,108,2,42,24,3,0,6,1,68,1,0,18,0,0,0,0,0,0,0,0,0,0,1,0,0,0,0,0,0,0,0,0,17,0,0,0,0,0,0,0,0,0,0,0,0,0,0,0,0,1,0,0,0,0,0,0,0,0,0,0,0,0,0,0,0,0,0,0,0,0,0,0,0,0,0,0,0,0,0,0,0,0,12,0,19,0,49,0,16,0,20,0,0,0,0,0,0,0,0,0,0,0,68,0,20,0,31,0,7,0,0,0,0,0,0,0,0,0,0,1,0,0,0,0,3,2,0,0,0,0,4,0,3,0,0,0,0,0,0,0,0,0,0,0,0,0,0,0,0,0,0,0,0,0,0,0,0,0,35,71,6,0,16,0,5,0,0,0,0,2,0,0,0
14,75,0,5,0,0,48,190,57,186,0,0,0,0,0,71,0,277,0,52,0,169,0,194,23,93,0,0,0,76,0,12,0,30,0,22,0,10,0,29,0,0,0,3,0,15,0,0,0,0,0,0,4,51,19,107,0,30,0,10,3,58,18,0,0,0,0,0,0,0,0,0,0,0,0,0,0,1,0,0,0,0,0,0,0,36,0,3,0,0,0,0,0,0,0,0,0,0,0,4,0,0,0,0,0,0,0,0,0,0,0,0,0,0,0,0,0,0,0,0,0,0,0,2,0,0,0,0,0,48,0,15,0,19,0,12,0,93,0,233,0,85,0,60,0,39,0,0,0,0,0,0,0,0,0,119,0,29,0,68,0,0,0,0,0,2,0,0,0,2,0,16,8,19,0,0,0,13,0,0,0,0,0,21,0,0,0,0,0,0,0,0,0,0,0,0,0,0,0,0,0,0,0,0,0,0,0,0,0,0,4,0,0,0,34,0,0,0,52,43,63,53,2,0,0
14,0,6,0,0,0,111,0,215,0,10,0,0,0,10,0,0,0,10,0,0,0,0,0,0,0,0,0,1,0,0,0,0,0,0,0,5,0,0,0,0,0,0,0,0,0,0,0,0,0,4,0,0,0,0,0,66,0,158,47,0,0,0,0,0,138,205,96,1,0,0,2,0,0,0,0,0,0,0,0,0,1,0,0,0,0,0,0,0,0,0,1,0,0,0,0,0,0,0,0,0,0,0,0,0,0,0,0,0,0,0,0,0,0,0,0,0,0,0,0,0,0,0,0,16,0,3,0,0,0,29,0,0,0,0,0,0,0,8,21,0,0,0,0,76,8,23,0,63,0,0,0,0,0,0,27,14,0,7,29,361,141,18,0,0,0,0,0,0,0,3,0,9,0,76,10,0,0,0,0,81,14,8,0,203,9,0,0,0,0,0,0,0,0,0,0,0,0,0,0,0,0,0,0,0,0,0,0,0,0,109,15,30,0,79,0,0,0,6,0,0,0,0,0,0
0,108,1,0,0,0,0,15,0,293,0,40,0,0,0,0,0,1,0,0,0,0,3,0,0,0,0,8,0,1,0,0,0,0,0,0,0,0,0,0,0,0,0,0,0,0,0,3,0,0,0,0,2,0,3,0,33,0,68,116,0,0,0,0,138,0,89,247,0,0,3,19,0,5,0,24,0,0,0,0,0,0,0,0,0,2,0,10,0,0,0,0,0,0,0,9,2,0,0,0,0,4,1,2,0,0,0,1,0,0,0,0,0,0,0,0,0,0,0,0,0,0,0,4,0,28,0,27,0,0,35,115,0,0,0,0,0,2,22,25,0,0,0,0,49,62,0,27,46,217,0,24,0,3,21,2,1,0,107,4,274,193,8,0,0,0,0,0,0,0,0,4,0,0,22,84,0,0,0,0,47,74,0,29,26,207,0,0,0,0,0,0,0,0,0,0,0,0,0,2,0,0,0,0,0,0,0,9,0,21,13,0,14,0,142,1,0,0,173,56,59,0,5,0,2
6,0,2,0,0,0,100,0,210,27,0,0,0,0,0,0,0,0,0,0,0,0,0,0,0,0,0,0,0,0,0,0,0,0,0,0,0,0,0,0,0,0,0,0,0,0,0,0,0,0,0,0,10,3,4,21,7,9,271,241,0,0,0,0,205,89,0,386,0,0,0,0,0,0,0,0,0,0,0,0,0,0,0,0,0,0,0,0,0,0,0,0,0,0,0,0,0,0,0,0,0,0,0,0,0,0,0,0,0,0,0,0,0,0,1,0,0,0,0,0,0,0,0,0,0,0,0,0,0,0,4,0,0,0,0,0,0,0,5,0,0,0,0,0,10,0,4,0,18,0,0,0,0,0,15,17,29,0,0,15,65,0,0,0,0,0,1,0,0,0,19,0,0,0,12,6,1,0,0,0,0,0,2,0,443,38,0,0,0,0,0,0,0,0,0,0,0,0,0,0,0,0,0,0,0,0,0,0,0,0,95,89,43,107,104,7,0,0,0,0,3,2,0,0,0
0,25,0,0,0,0,7,21,76,316,0,0,0,0,0,0,0,0,0,0,0,0,0,0,0,0,0,0,0,0,0,0,0,0,0,0,0,0,0,0,0,0,0,0,0,0,0,0,0,0,0,0,14,2,42,0,76,4,423,259,1,0,0,0,96,247,386,0,0,0,0,0,0,0,0,0,0,0,0,0,0,0,0,0,0,0,0,0,0,0,0,0,0,0,0,0,0,0,0,0,0,0,0,0,0,0,0,0,0,0,0,0,0,0,0,0,0,0,0,0,0,0,0,0,0,13,0,8,0,0,0,70,0,0,0,0,0,0,5,0,0,0,0,0,3,18,0,10,0,46,0,0,0,0,47,9,6,24,36,12,22,36,0,0,0,0,0,0,0,0,0,16,0,0,2,13,1,0,0,0,1,0,0,0,89,445,0,0,0,0,0,0,0,0,0,0,0,0,0,0,0,0,0,0,0,0,0,0,0,4,8,0,3,3,303,0,0,0,348,311,135,174,6,17,2
0,0,0,0,0,0,0,0,1,0,0,0,0,0,0,0,0,0,0,0,0,0,0,0,0,0,9,0,0,0,0,0,0,0,0,0,0,0,0,0,1,0,0,0,0,0,0,0,22,0,4,0,0,0,0,0,1,0,3,0,0,0,0,0,1,0,0,0,0,0,0,0,0,0,0,0,65,0,6,0,0,0,42,0,0,0,0,0,45,0,0,0,117,0,9,0,0,0,0,0,29,0,513,0,0,0,36,0,72,0,18,0,9,0,5,0,6,0,0,0,0,0,0,0,0,0,0,0,0,0,0,0,0,0,0,0,0,0,0,0,0,0,0,0,0,0,0,0,1,0,0,0,0,0,0,0,0,0,2,0,0,0,0,0,68,0,0,0,48,0,5,0,0,0,3,0,0,0,0,0,0,0,0,0,0,0,0,0,11,0,0,0,0,0,17,0,0,0,0,0,0,0,0,0,0,0,0,0,0,0,74,2,127,3,15,23,82,1,0,0,0,0,0,0,0
0,0,0,0,0,0,0,0,0,0,0,0,0,0,0,0,0,0,0,0,0,0,0,0,0,0,0,0,0,0,0,0,0,0,0,0,0,0,0,0,0,2,0,0,0,18,0,12,0,8,0,0,0,0,0,6,0,0,0,0,0,0,0,0,0,0,0,0,0,0,0,0,0,0,0,1,0,39,0,0,0,5,0,78,0,0,0,0,0,50,0,5,0,111,0,44,0,0,0,3,0,11,0,179,0,3,0,6,0,47,0,19,0,0,0,1,0,2,0,0,0,4,0,0,0,0,0,0,0,0,0,0,0,0,0,6,0,0,0,0,0,0,0,0,0,0,0,0,0,0,0,0,0,2,0,0,0,0,0,0,0,1,0,2,0,41,0,0,0,66,0,15,0,1,0,0,0,0,0,0,0,2,0,0,0,0,0,0,0,0,0,0,0,0,0,12,0,6,0,0,0,12,0,9,0,0,0,0,0,10,0,0,0,0,0,0,0,0,18,6,65,2,27,12,3
0,0,0,0,0,0,0,0,0,0,0,0,4,0,0,0,0,0,6,0,54,0,2,0,0,0,53,0,5,0,42,0,24,0,51,0,120,0,14,0,0,0,37,0,34,0,1,0,0,0,85,0,0,0,0,0,0,0,0,0,2,0,0,0,0,3,0,0,0,0,0,0,279,0,217,0,9,0,167,0,5,0,4,0,0,0,25,0,0,0,0,0,0,0,0,0,0,0,0,0,0,0,0,0,0,0,0,0,0,0,0,0,0,0,0,0,0,0,0,0,32,0,0,0,36,0,0,0,0,4,40,8,0,8,0,0,0,9,0,0,46,0,7,4,87,0,67,0,46,2,31,0,33,0,0,0,3,0,5,0,0,1,68,0,0,0,7,0,33,0,23,0,64,0,35,0,0,0,0,0,24,14,0,0,2,0,0,0,0,0,0,0,0,0,0,0,0,0,0,1,0,0,0,0,0,0,0,0,0,0,24,1,36,0,4,0,1,0,3,0,3,0,0,0,0
0,0,0,0,0,0,0,0,0,0,0,3,0,0,0,6,0,0,0,14,0,20,0,2,0,0,0,0,0,0,0,2,0,1,0,13,0,7,0,0,0,0,0,0,0,21,0,0,0,0,0,24,0,0,0,0,0,0,0,0,0,0,0,0,2,19,0,0,0,0,0,0,0,206,2,470,0,25,0,12,0,0,0,0,0,0,0,63,0,0,0,0,0,0,0,0,0,0,0,0,0,0,0,0,0,0,0,0,0,0,0,0,0,0,0,0,0,0,0,0,0,6,0,13,0,54,0,0,0,45,9,54,0,75,0,33,0,0,0,0,0,28,0,13,0,126,3,0,0,33,0,0,5,0,0,0,0,3,0,0,6,13,0,41,0,1,0,17,0,18,0,43,0,57,0,7,0,0,0,0,0,22,0,0,0,0,0,0,0,0,0,0,0,0,0,0,0,0,0,0,0,0,0,0,0,0,0,0,0,0,4,0,0,0,8,0,0,0,54,2,27,0,0,1,0
0,0,0,0,0,0,0,0,0,0,0,0,0,0,0,0,6,0,0,0,0,0,0,0,0,0,0,0,0,0,4,0,0,0,0,0,49,0,0,0,0,0,0,0,8,0,0,0,0,0,44,0,0,0,0,0,0,0,0,0,0,0,0,0,0,0,0,0,0,0,279,0,0,0,217,0,27,0,376,0,0,0,58,0,8,0,16,0,0,0,0,0,9,0,1,0,0,0,4,0,0,0,0,0,0,0,0,0,0,0,0,0,0,0,0,0,0,0,0,0,47,0,0,0,89,0,57,0,0,2,101,0,0,0,117,0,36,0,4,1,47,0,31,0,53,0,139,0,32,0,194,0,0,0,0,0,0,0,10,0,12,1,73,0,2,0,10,0,35,0,24,0,50,0,52,0,0,0,0,0,40,33,0,0,0,0,0,0,0,0,0,0,0,0,0,0,1,0,84,0,33,0,0,0,0,0,0,0,112,0,383,0,35,0,38,0,0,0,6,0,0,0,0,0,0
0,0,0,0,0,0,0,3,0,0,0,0,0,0,0,0,0,0,0,0,0,0,0,0,0,0,0,0,0,0,0,0,0,0,0,0,0,0,0,0,0,0,0,0,0,0,0,0,0,0,0,0,0,0,0,0,0,0,0,0,0,1,0,0,0,5,0,0,0,0,0,206,0,0,0,384,0,143,0,45,0,18,0,19,0,46,0,206,0,0,0,0,0,0,0,0,0,0,0,1,0,0,0,0,0,0,0,0,0,0,0,0,0,0,0,0,0,0,0,0,0,30,0,26,0,47,0,171,0,48,4,66,0,88,0,140,0,103,0,6,0,35,0,53,0,91,0,0,0,14,0,0,0,0,0,1,0,0,0,0,0,1,0,104,0,0,0,0,0,24,0,14,0,9,0,0,0,0,0,0,0,23,0,0,0,0,0,0,0,38,0,0,0,0,0,0,2,19,0,121,0,111,0,0,0,0,0,0,0,0,0,0,8,0,27,0,0,0,152,4,56,0,0,0,0
0,0,0,0,0,0,0,0,0,0,0,0,0,0,0,0,17,0,0,0,22,0,5,0,0,0,37,0,7,0,26,0,10,0,48,0,102,0,0,0,0,0,26,0,0,0,0,0,0,0,63,0,0,0,0,0,0,0,0,0,0,0,1,0,0,0,0,0,0,0,217,2,217,0,0,0,8,0,235,0,64,0,10,0,86,0,89,0,0,0,0,4,0,0,0,0,39,5,7,0,0,0,0,0,0,0,0,0,0,0,0,0,0,0,0,0,0,0,0,0,146,2,23,0,72,0,0,0,0,2,39,13,0,11,90,15,42,23,0,0,74,0,53,9,65,0,88,8,50,0,166,0,66,19,0,0,0,0,0,0,2,2,45,0,0,0,0,0,15,0,0,0,41,0,100,2,0,0,0,0,61,39,0,0,4,0,0,0,0,0,0,0,0,1,0,0,3,0,103,0,63,0,0,0,10,0,55,0,87,0,10,0,17,0,2,0,0,0,0,0,0,0,0,0,0
0,10,0,3,0,0,0,0,0,0,0,13,0,0,0,18,0,0,0,0,0,59,0,0,0,0,0,0,0,0,0,0,0,0,0,0,0,34,0,0,0,0,0,16,0,41,0,0,0,0,0,53,0,0,0,0,0,0,0,0,0,11,0,0,0,24,0,0,0,1,0,470,0,384,0,0,0,54,0,127,0,29,0,15,0,52,0,360,0,0,0,0,0,0,2,0,0,0,0,0,0,3,0,0,0,0,0,0,0,0,0,0,0,0,0,0,0,0,0,0,0,271,0,60,9,0,0,255,0,0,26,68,0,77,0,182,5,154,0,0,0,75,0,84,0,256,7,62,13,91,0,0,5,52,0,0,0,9,0,0,2,0,0,51,0,0,0,36,0,22,0,27,0,70,0,24,0,2,0,0,0,60,0,0,0,7,0,0,0,9,0,0,0,0,0,0,0,12,0,97,0,58,0,0,0,19,0,0,0,0,0,0,0,0,20,0,0,0,112,9,28,0,0,2,0
0,0,0,0,0,0,0,0,0,0,0,0,0,0,0,0,0,0,0,0,0,0,0,0,0,0,0,0,0,0,0,0,0,0,0,0,0,0,0,0,0,0,0,0,0,0,0,0,0,0,8,0,0,0,0,0,6,0,2,0,0,0,0,0,0,0,0,0,65,0,9,0,27,0,8,0,0,0,54,0,0,0,128,0,21,0,70,0,0,0,9,0,124,0,48,0,52,0,31,0,33,0,151,0,0,0,54,0,19,0,0,0,0,0,12,0,14,0,0,0,7,0,0,0,0,0,0,0,0,0,0,0,0,0,0,0,0,0,0,0,7,0,12,0,4,0,18,0,0,0,25,0,0,0,0,0,0,0,0,0,0,0,5,0,34,0,2,0,50,0,0,0,0,0,0,0,0,0,0,0,15,0,0,0,0,0,0,0,80,0,46,0,0,0,57,0,0,0,0,0,33,0,0,0,120,0,0,0,0,0,125,0,130,1,24,10,6,1,0,0,0,0,0,0,0
0,0,0,0,0,0,0,0,0,3,0,0,0,0,0,0,0,0,0,0,0,0,0,19,0,0,0,0,0,0,0,0,0,0,0,0,0,0,0,0,0,0,0,0,0,0,0,0,0,22,0,0,0,0,0,10,0,1,0,4,0,1,0,1,0,0,0,0,0,39,0,25,0,143,0,54,0,0,0,20,0,91,0,305,0,0,0,402,0,31,0,0,0,22,0,127,0,0,0,0,0,50,0,146,0,37,0,20,0,8,0,5,0,0,0,0,0,0,0,0,0,56,0,0,0,0,0,0,0,0,0,0,0,0,0,0,0,0,0,0,0,10,3,0,0,12,0,0,0,0,0,0,3,0,0,0,0,0,0,0,0,0,1,11,0,33,0,0,0,75,0,4,0,5,0,0,0,0,0,0,0,14,0,0,0,1,0,0,0,120,0,0,0,0,0,80,0,0,0,0,0,82,0,0,0,0,0,0,0,0,1,0,0,1,22,0,0,0,48,13,112,0,70,3,1
