0,0,62,45,45,0,65,0,72,0,106,0,70,0,32,0,45,46,25,0,8,0,6,47,12,151,38,0,0,0,0,0,0,0,0,0,0,0,359,14,17,0,0,0,3,0,23,0,4,0,0,0,53,0,2,4,0,0,3,0,78,0,263,0,2,0,5,0,0,0,0,0,0,0,0,0,0,0,0,0,0,0,0,0,0,0,0,0,0,0,0,0,0,0,0,0,0,0,0,0,0,0,0,0,0,0,0,0,0,0,0,0,0,0,0,0,0,0,0,0,0,0,0,0,0,0,0,0,0,0,0,0,0,0,0,0,0,0,0,0,0,0,0,0,0,0,1,0,0,0,5,0,0,0,0,0,0,0,0,0,0,0,0,0,1,0,0,0,17,0,16,0,206,0,0,0,646,109,0,0,0,0,63,0,16,0,0,0,0,0,0,0,0,0,0,0,0,0,0,0,0,0,0,0,0,0,0,0,0,0,488,73,152,0,226,0,0,0,7,0,0,0,0,0,0
0,0,89,55,0,259,0,56,0,108,0,244,0,203,15,30,149,74,0,188,0,0,159,45,167,38,0,229,0,170,0,32,0,56,0,22,0,88,25,515,0,230,0,0,0,17,0,229,0,20,0,0,1,14,0,0,0,5,1,4,0,362,14,172,0,37,0,22,0,0,0,0,0,0,0,0,0,0,0,0,0,0,0,0,0,0,0,0,0,0,0,0,0,0,0,0,0,0,0,0,0,0,0,0,0,0,0,0,0,0,0,0,0,0,0,0,0,0,0,0,0,0,0,0,0,0,0,7,0,0,0,13,0,0,0,6,0,0,0,0,0,0,0,0,0,0,0,6,0,30,0,12,0,11,0,13,0,11,0,0,0,0,0,3,0,8,0,26,0,12,0,33,0,325,0,7,146,500,0,12,0,28,0,38,0,68,0,0,0,0,0,0,0,0,0,0,0,0,0,0,0,0,0,0,0,0,0,0,0,7,0,1,0,0,509,0,0,0,1027,81,311,0,0,0,0
62,89,0,0,329,0,81,0,11,0,124,52,135,0,189,65,18,47,57,0,26,0,195,71,105,84,60,0,133,14,0,0,58,0,0,0,0,0,316,0,30,0,0,0,0,0,50,0,0,0,0,0,7,0,30,0,0,0,0,0,29,7,122,0,3,0,0,0,0,0,0,0,0,0,0,0,0,0,0,0,0,0,0,0,0,0,0,0,0,0,0,0,0,0,0,0,0,0,0,0,0,0,0,0,0,0,8,0,0,0,0,0,0,0,0,0,0,0,0,0,0,0,0,0,0,0,0,0,0,0,0,0,0,0,14,0,0,0,0,0,0,0,0,0,0,0,0,0,16,0,70,0,0,0,0,0,0,0,0,0,0,0,0,0,0,0,0,0,9,0,8,0,170,0,0,0,262,71,0,0,0,0,47,0,34,0,0,0,0,0,0,0,0,0,0,0,0,0,0,0,0,0,0,0,0,0,0,0,20,0,438,59,199,0,303,0,0,0,0,0,0,0,0,0,0
45,55,0,0,104,196,0,114,0,24,0,17,0,42,31,209,71,37,0,187,57,49,133,346,11,115,0,99,0,267,0,74,0,70,0,0,0,20,40,208,0,31,0,0,0,0,0,48,0,0,0,0,0,0,0,27,0,8,0,0,0,0,0,4,0,25,0,6,0,0,0,0,0,0,0,0,0,0,0,0,0,0,0,0,0,0,0,0,0,0,0,0,0,0,0,0,0,0,0,0,0,0,0,0,0,0,0,0,0,0,0,0,0,0,0,0,0,0,0,0,0,0,0,0,0,17,0,22,0,0,0,13,0,0,0,0,0,0,0,0,0,0,0,0,0,0,0,11,0,26,0,28,0,5,0,13,0,9,0,0,0,0,0,0,0,7,0,0,0,0,0,0,0,132,0,0,72,113,3,0,0,0,0,6,0,12,0,0,0,0,0,0,0,0,0,0,0,0,0,0,0,4,0,0,0,0,0,11,0,36,0,0,0,0,150,0,0,0,278,52,270,0,0,0,0
45,0,329,104,0,480,36,0,122,0,134,189,225,0,473,238,0,0,93,226,344,0,73,126,23,0,136,0,0,0,328,31,432,58,225,0,235,0,149,0,58,0,0,0,0,0,84,0,0,0,0,0,0,0,10,0,0,0,0,0,0,0,7,0,0,0,5,0,0,0,0,0,0,0,0,0,0,0,0,0,13,0,0,0,0,0,0,0,0,0,0,0,0,0,0,0,0,0,0,0,0,0,0,0,0,0,0,0,0,0,0,0,0,0,0,0,0,0,0,0,0,0,0,0,0,0,0,0,0,0,0,0,0,0,0,0,0,0,0,0,0,0,0,0,0,0,16,0,20,0,59,0,31,0,0,0,0,0,0,0,0,0,0,0,0,0,95,0,56,0,0,0,97,0,0,0,348,105,67,0,37,0,94,0,156,0,0,0,0,0,0,0,0,0,0,0,0,0,0,0,0,0,0,0,0,0,0,0,0,0,808,301,398,0,316,0,0,0,0,0,0,0,0,0,0
0,259,0,196,480,0,0,113,0,63,189,370,326,200,531,128,46,0,251,142,394,250,133,261,0,11,0,223,0,95,0,269,70,399,0,182,0,234,0,72,0,92,0,0,0,0,0,146,0,0,0,0,0,0,0,0,0,0,0,0,0,0,0,0,0,29,0,0,0,0,0,0,0,0,0,0,0,0,0,0,0,0,0,0,0,0,0,0,0,0,0,0,0,0,0,0,0,0,0,0,0,0,0,0,0,0,0,0,0,0,0,0,0,0,0,0,0,0,0,0,0,0,0,0,0,0,0,24,0,0,0,16,0,0,0,0,0,0,0,0,0,0,0,0,0,0,0,0,0,0,0,11,0,0,0,0,0,0,0,0,0,0,0,0,0,0,0,126,0,38,0,0,0,110,0,0,183,405,63,10,0,43,0,47,0,21,0,0,0,0,0,0,0,0,0,0,0,0,0,0,0,0,0,0,0,0,0,0,0,0,0,0,0,0,226,0,0,0,656,264,394,0,0,0,0
65,0,81,0,36,0,0,0,22,98,23,0,29,0,18,0,20,33,0,0,0,0,16,3,247,105,24,0,0,0,0,0,0,0,1,0,0,0,41,0,0,0,0,0,0,0,0,0,0,0,4,0,208,21,207,0,22,0,80,0,0,0,372,44,23,0,9,0,0,0,0,0,0,0,0,0,0,0,0,0,0,0,0,0,0,0,0,0,0,0,0,0,0,0,0,0,0,0,0,0,0,0,0,0,0,0,0,0,0,0,0,0,0,0,0,0,0,0,0,0,0,0,0,0,107,0,54,0,0,0,64,0,33,0,0,0,5,0,6,0,0,0,3,0,0,0,49,0,39,0,77,0,4,0,0,0,4,0,0,0,34,0,4,0,0,0,0,0,24,0,68,0,101,0,0,0,159,56,0,0,0,0,3,1,3,1,0,0,0,0,0,0,0,0,0,0,0,0,0,0,0,0,0,0,0,0,0,0,27,0,514,52,157,223,481,0,0,0,0,0,0,0,0,0,0
0,56,0,114,0,113,0,0,0,66,0,19,0,41,0,47,51,58,0,74,0,21,0,60,113,409,0,64,0,140,0,0,0,0,0,0,0,0,0,334,0,49,0,0,0,0,0,35,0,0,0,0,0,98,44,282,0,20,0,5,0,401,31,643,0,17,0,13,0,0,0,0,0,0,0,0,0,0,0,0,0,0,0,2,0,0,0,0,0,0,0,0,0,0,0,0,0,0,0,0,0,0,0,0,0,0,0,0,0,0,0,0,0,0,0,0,0,0,0,0,0,0,0,0,0,32,0,24,0,11,0,15,0,0,0,0,0,70,0,0,0,0,0,0,0,0,0,6,0,13,0,36,0,0,0,6,0,29,0,0,0,10,0,0,0,0,0,15,0,16,0,47,0,268,0,1,84,89,0,0,0,0,0,0,0,0,0,0,0,0,0,0,0,0,0,0,0,0,0,0,0,0,0,0,0,0,0,20,0,38,0,0,1,0,722,0,0,0,736,55,255,405,1,48,0
72,0,11,0,122,0,22,0,0,220,36,0,26,0,65,0,7,15,41,0,0,0,10,0,6,58,39,0,2,0,0,0,0,0,0,0,0,0,33,0,9,0,0,0,0,0,20,0,8,0,14,0,433,85,123,176,21,0,61,0,185,0,322,48,112,0,46,0,0,0,0,0,0,0,0,0,0,0,0,0,0,0,0,0,0,0,0,0,0,0,0,0,0,0,0,0,0,0,0,0,0,0,0,0,0,0,0,0,0,0,0,0,0,0,0,0,0,0,0,0,0,0,0,0,65,0,21,0,13,0,62,0,7,0,0,0,0,0,0,0,3,0,0,0,0,0,29,0,64,0,43,0,0,0,0,0,26,0,0,0,34,0,3,0,0,0,1,0,32,0,215,0,93,0,0,0,642,40,0,0,0,0,5,0,98,9,0,0,0,0,0,0,0,0,0,0,1,0,0,0,0,0,0,0,0,0,0,0,5,0,491,120,164,142,363,0,13,0,0,0,0,0,0,0,0
0,108,0,24,0,63,98,66,220,0,0,24,0,6,0,14,11,0,0,80,0,0,0,0,189,24,0,43,0,7,0,0,0,0,0,0,0,0,0,0,0,0,0,0,0,0,0,23,0,0,0,0,91,166,289,109,9,72,6,55,0,285,46,331,0,242,40,247,0,0,0,0,0,0,0,0,0,0,0,0,0,0,0,0,0,0,0,1,0,0,0,0,0,0,0,0,0,0,0,0,0,0,0,0,0,0,0,0,0,0,0,0,0,0,0,0,0,0,0,1,0,0,0,0,0,31,0,37,1,0,0,48,0,0,0,7,0,0,0,0,0,2,0,0,0,0,0,12,0,55,0,13,0,14,0,20,0,75,0,3,0,9,0,0,0,0,0,10,0,6,0,143,0,141,0,0,161,297,0,4,0,15,0,12,0,131,0,1,0,0,0,0,0,0,0,0,0,0,0,0,0,0,0,0,0,0,0,0,0,6,0,0,0,0,440,0,0,0,563,84,108,310,3,0,0
106,0,124,0,134,189,23,0,36,0,0,0,299,0,71,141,23,22,59,0,162,17,9,63,0,0,123,0,48,0,127,0,370,0,36,0,168,0,137,0,75,0,0,0,3,0,145,0,20,0,28,0,0,0,0,0,1,0,1,0,0,0,0,0,2,0,0,0,0,0,0,0,1,0,0,0,0,0,0,0,0,0,0,0,0,0,0,0,0,0,0,0,0,0,0,0,0,0,0,0,0,0,0,0,0,0,0,0,0,0,0,0,0,0,0,0,0,0,0,0,0,0,0,0,0,0,0,0,0,0,0,0,0,0,0,0,0,0,0,0,0,0,0,0,0,0,0,0,0,0,5,0,0,0,0,0,0,0,0,0,0,0,0,0,0,0,30,0,0,0,0,0,42,0,0,0,335,60,111,0,71,0,145,0,50,0,6,0,0,0,0,0,0,0,0,0,0,0,0,0,0,0,0,0,0,0,0,0,0,0,428,144,159,0,106,0,0,0,0,0,0,0,0,0,0
0,244,52,17,189,370,0,19,0,24,0,0,75,364,227,4,0,0,58,23,168,41,84,71,0,0,0,94,0,0,39,61,0,179,0,60,0,81,0,33,2,198,0,0,0,0,0,119,0,33,0,0,0,0,0,0,0,0,0,0,0,0,0,0,0,0,0,0,0,0,0,0,0,0,0,0,0,0,0,0,0,0,0,0,0,0,0,0,0,0,0,0,0,0,0,0,0,4,0,0,0,0,0,0,0,0,0,0,0,0,0,0,0,0,0,0,0,0,0,0,0,0,0,0,0,0,0,2,0,0,0,0,0,0,0,0,0,0,0,0,0,0,0,0,0,0,0,0,0,4,0,0,0,0,0,1,0,0,0,0,0,3,0,0,0,0,0,33,0,0,0,0,3,27,0,0,123,351,13,7,0,96,0,132,0,55,0,2,0,0,0,0,0,0,0,0,0,0,0,0,0,0,0,0,0,0,0,0,0,0,10,0,0,0,60,0,0,0,204,68,95,0,1,0,0
70,0,135,0,225,326,29,0,26,0,299,75,0,701,66,39,0,0,79,549,92,115,0,13,0,0,148,496,0,0,71,11,23,0,342,32,101,30,0,0,382,19,12,28,0,0,328,0,49,0,138,38,0,0,0,0,0,0,0,0,0,0,0,0,0,0,3,0,0,0,0,0,0,0,0,0,0,0,0,0,0,0,0,0,0,0,0,0,0,0,0,0,0,0,0,0,0,0,0,0,0,0,0,0,0,0,0,0,0,0,0,0,0,0,0,0,0,0,0,0,0,0,0,0,0,0,0,0,0,0,0,0,0,0,0,0,0,0,0,0,0,0,0,0,0,0,0,0,0,0,0,0,0,0,0,0,0,0,0,0,1,0,0,0,94,0,42,0,63,0,0,0,17,0,1,0,261,100,229,0,0,0,62,0,0,0,202,1,0,0,0,0,0,0,0,0,0,0,0,0,0,0,0,0,0,0,0,0,0,0,178,194,216,0,53,0,0,1,0,0,0,0,0,0,0
0,203,0,42,0,200,0,41,0,6,0,364,701,0,48,0,0,0,546,16,0,18,0,0,0,0,482,70,0,0,0,0,0,4,156,122,0,38,0,0,0,413,0,35,0,7,109,260,0,25,64,43,0,0,0,0,0,0,0,0,0,0,0,0,0,0,0,0,0,0,0,0,0,0,0,0,0,0,0,0,0,0,0,0,0,0,0,0,0,0,0,0,0,0,0,0,0,0,0,0,0,0,0,0,0,0,0,0,0,0,0,0,0,0,0,0,0,0,0,0,0,0,0,0,0,0,0,0,0,0,0,0,0,0,0,0,0,0,0,0,0,0,0,0,0,0,0,0,0,0,0,0,0,0,0,0,0,0,0,0,0,0,0,0,0,0,0,0,0,0,0,0,0,0,0,0,64,677,35,3,0,24,0,29,0,0,118,39,0,0,0,0,0,0,0,0,0,0,0,0,0,0,0,0,0,0,0,0,0,0,0,1,11,0,35,0,0,0,63,62,109,0,0,0,0
32,15,189,31,473,531,18,0,65,0,71,227,66,48,0,196,63,0,169,199,295,72,319,106,109,0,108,0,12,0,81,36,172,59,35,0,30,13,0,5,12,0,0,0,0,0,6,0,0,0,2,0,0,0,64,0,0,0,0,0,0,0,18,0,14,0,4,0,0,0,0,0,0,0,0,0,0,0,3,0,0,0,0,0,0,0,0,0,0,0,0,0,0,0,0,0,27,0,0,0,0,0,0,0,0,0,0,0,0,0,0,0,0,0,0,0,0,0,0,0,0,0,0,0,0,0,28,0,0,0,0,0,0,0,57,0,0,0,0,0,0,0,0,0,3,0,0,0,0,0,174,0,67,0,0,0,0,0,3,0,0,0,0,0,0,0,18,0,0,0,0,0,21,0,0,0,112,43,17,0,18,0,43,0,145,0,0,0,0,0,0,0,0,0,0,0,0,0,0,0,0,0,0,0,0,0,0,0,110,0,223,115,119,0,57,0,0,0,30,0,31,0,0,0,0
0,30,65,209,238,128,0,47,0,14,141,4,39,0,196,0,83,51,22,257,242,279,150,506,0,69,0,48,10,52,60,118,65,100,0,28,20,57,24,26,0,0,0,0,0,0,0,16,0,0,0,0,0,3,0,87,0,10,0,0,0,0,0,1,0,18,0,0,0,0,0,0,0,0,0,0,0,0,0,0,0,0,0,0,0,0,0,0,0,0,0,0,0,0,0,15,0,0,0,0,0,0,0,0,0,0,0,0,0,0,0,0,0,0,0,0,0,0,0,0,0,0,0,12,0,0,0,26,0,0,0,7,0,54,0,138,0,158,0,0,0,0,0,36,0,0,0,0,0,25,0,58,0,0,0,0,0,8,0,0,0,0,0,2,0,0,0,26,0,0,1,0,0,85,0,0,70,64,23,0,0,0,0,20,0,17,0,0,0,0,0,0,0,0,0,0,0,0,0,0,0,18,0,0,0,0,0,0,0,95,0,0,0,0,45,0,0,0,228,111,119,15,0,0,0
45,149,18,71,0,46,20,51,7,11,23,0,0,0,63,83,0,40,166,0,477,0,71,82,246,110,150,0,167,0,94,0,31,2,14,0,5,0,78,17,0,0,0,0,0,0,0,0,1,0,0,0,72,0,84,0,32,0,0,0,0,0,186,4,0,0,0,0,0,0,0,0,0,0,3,0,0,0,0,0,21,0,0,0,208,0,0,0,0,0,0,0,0,0,0,0,134,0,0,0,0,0,0,0,0,0,130,0,0,0,0,0,0,0,0,0,0,0,0,0,0,0,0,0,22,0,45,0,61,0,1,0,42,0,181,0,91,0,103,0,64,0,250,0,15,0,11,0,0,0,87,0,13,0,131,1,0,0,56,0,20,0,0,0,0,0,0,0,0,0,3,2,22,0,0,0,145,56,3,0,0,0,7,0,0,0,0,0,0,0,0,0,0,0,0,0,0,0,0,0,264,0,0,0,0,0,12,0,213,0,39,73,26,10,20,0,0,0,0,0,0,2,0,0,0
46,74,47,37,0,0,33,58,15,0,22,0,0,0,0,51,40,0,0,46,0,213,41,153,96,132,0,0,0,156,0,29,6,4,0,0,0,2,9,62,0,0,0,0,0,0,0,0,0,0,0,0,2,33,0,57,0,58,0,0,0,3,12,204,0,0,0,0,0,1,0,0,0,0,0,0,0,0,0,0,0,89,0,0,0,145,0,0,0,0,0,34,0,0,0,38,0,0,0,125,0,55,0,0,0,0,0,0,0,0,0,0,0,0,0,0,0,0,0,0,0,0,0,39,0,0,0,10,0,34,0,0,0,67,0,358,0,423,0,172,0,21,0,175,0,0,0,0,0,0,0,20,0,0,0,69,0,0,0,39,0,0,0,0,0,0,0,0,0,0,0,1,1,4,0,0,31,91,0,19,0,0,0,2,0,0,0,0,0,0,0,0,0,0,0,0,0,0,0,0,0,40,0,0,0,0,0,0,0,57,0,0,0,0,10,0,0,0,42,68,0,0,0,0,0
25,0,57,0,93,251,0,0,41,0,59,58,79,546,169,22,166,0,0,350,319,68,296,0,0,0,248,280,8,0,29,0,14,0,228,27,71,27,0,0,31,0,8,0,0,0,30,44,6,0,158,35,0,0,0,0,0,0,0,0,0,0,37,0,0,0,0,0,0,0,0,0,0,0,0,0,0,0,0,0,0,0,0,0,194,0,0,0,0,0,0,0,0,0,0,0,0,0,0,0,0,0,0,0,0,0,130,0,0,0,0,0,0,0,0,0,0,0,0,0,0,0,0,0,0,0,0,0,0,0,0,0,0,0,0,0,0,0,0,0,0,0,0,0,0,0,28,0,0,0,0,0,0,0,0,0,0,0,0,0,0,0,0,0,92,0,31,0,81,0,0,0,25,0,0,0,59,33,30,0,0,0,103,0,67,0,18,0,0,0,0,0,0,0,0,0,0,0,0,0,0,0,0,0,0,0,0,0,151,0,345,311,341,81,119,0,0,0,3,0,0,0,0,0,0
0,188,0,187,226,142,0,74,0,80,0,23,549,16,199,257,0,46,350,0,145,151,0,237,0,30,146,413,0,0,0,49,0,0,145,201,49,127,0,0,0,20,14,16,0,34,0,162,0,14,44,98,0,0,0,0,0,0,0,0,0,0,0,0,0,40,0,29,0,0,0,0,0,0,0,0,0,0,0,0,0,0,0,0,0,0,0,0,0,0,0,0,0,0,0,0,0,0,0,0,0,0,0,0,0,0,0,0,0,0,0,0,0,0,0,0,0,0,0,0,0,0,0,0,0,24,0,0,0,0,0,20,0,0,0,0,0,0,0,0,0,0,0,0,0,0,0,14,0,30,0,51,0,0,0,0,0,0,0,0,0,0,0,0,0,0,0,100,0,98,0,0,0,26,0,0,48,49,39,0,0,0,0,26,0,40,35,3,0,0,0,0,0,0,0,5,0,0,0,0,0,0,0,0,0,0,0,0,0,0,0,0,0,0,224,0,0,0,411,259,417,0,0,0,0
8,0,26,57,344,394,0,0,0,0,162,168,92,0,295,242,477,0,319,145,0,48,223,98,96,0,240,0,130,0,130,0,24,55,63,14,51,0,9,0,0,0,3,0,4,0,0,0,0,0,71,0,19,0,0,0,78,0,0,0,0,0,120,0,0,0,0,0,0,0,21,0,0,0,28,0,0,0,0,0,0,0,0,0,659,0,0,0,0,0,0,0,0,0,0,0,443,0,0,0,0,0,0,0,0,0,344,0,0,0,0,0,0,0,0,0,0,0,0,0,46,0,0,0,0,0,0,0,0,0,0,0,0,0,180,0,0,0,0,0,68,0,404,0,152,0,0,0,0,0,108,0,0,0,0,0,0,0,0,0,0,0,0,1,27,1,109,0,92,0,31,0,58,0,0,0,108,32,76,0,0,0,0,0,3,0,6,0,0,0,0,0,0,0,0,0,0,0,0,0,268,0,0,0,0,0,0,0,160,0,322,185,322,0,141,0,0,0,0,0,0,0,0,0,0
0,0,0,49,0,250,0,21,0,0,17,41,115,18,72,279,0,213,68,151,48,0,0,601,0,72,0,164,0,51,0,56,0,0,34,242,0,115,0,0,0,6,0,104,0,39,0,13,0,10,0,90,0,16,0,90,0,50,0,0,0,0,0,43,0,0,0,0,0,0,0,0,0,0,0,0,0,0,0,0,0,0,0,0,0,260,0,0,0,0,0,0,0,0,0,0,0,0,0,0,0,0,0,0,0,0,0,0,0,0,0,0,0,0,0,0,0,0,0,0,0,0,0,88,0,0,0,0,0,0,0,0,0,0,0,380,0,413,0,270,0,353,0,506,0,104,0,0,0,0,0,0,0,0,0,0,0,0,0,0,0,0,0,0,0,28,0,145,0,88,0,0,0,71,0,0,0,40,0,19,0,0,0,0,0,0,2,0,0,0,0,0,0,0,0,0,0,0,0,0,0,0,0,0,0,0,0,0,0,0,0,0,0,0,189,0,0,0,309,172,331,0,0,4,0
6,159,195,133,73,133,16,0,10,0,9,84,0,0,319,150,71,41,296,0,223,0,0,158,147,43,112,0,254,33,65,0,127,20,5,0,0,0,237,30,1,0,0,0,9,0,0,0,0,0,0,0,0,0,64,0,0,0,0,0,0,0,31,0,2,0,0,0,0,0,3,0,0,0,0,0,0,0,0,0,0,0,0,0,17,0,7,0,0,0,4,0,0,0,0,0,0,0,0,0,0,0,0,0,0,0,0,0,0,0,0,0,0,0,0,0,0,0,0,0,0,0,0,0,10,0,0,0,0,0,0,0,0,0,0,0,0,0,6,0,0,0,27,0,0,0,23,0,14,0,111,0,29,0,12,0,1,0,0,0,4,0,1,0,0,0,5,0,8,0,0,0,87,0,0,0,131,63,0,0,22,0,14,0,36,0,0,0,0,0,0,0,0,0,0,0,0,0,0,0,32,0,0,0,0,0,0,0,68,0,229,72,141,52,127,0,0,0,0,0,17,0,0,0,0
47,45,71,346,126,261,3,60,0,0,63,71,13,0,106,506,82,153,0,237,98,601,158,0,12,191,0,0,8,86,0,20,0,0,5,6,0,12,0,24,0,0,0,0,0,0,0,0,0,0,0,0,0,7,0,84,0,22,0,0,0,0,0,47,0,2,0,0,0,0,0,0,0,4,0,0,0,0,0,0,0,101,0,0,0,140,0,25,0,0,0,0,0,0,0,0,0,0,0,0,0,0,0,0,0,0,0,0,0,0,0,0,0,0,0,0,0,0,0,0,0,0,0,35,0,0,0,0,0,0,0,0,0,0,0,248,0,279,0,58,0,38,0,149,0,0,0,0,0,0,0,0,0,0,0,24,0,0,1,0,0,0,0,0,0,0,0,26,0,0,1,2,0,40,0,0,50,164,0,62,0,0,0,0,0,0,0,0,0,0,0,0,0,0,0,0,0,0,0,0,0,0,0,0,0,0,0,0,0,97,0,0,0,0,65,0,0,0,209,133,68,0,0,0,0
12,167,105,11,23,0,247,113,6,189,0,0,0,0,109,0,246,96,0,0,96,0,147,12,0,309,0,0,184,0,18,0,0,0,0,0,0,0,180,17,0,0,0,0,0,0,0,0,6,0,0,0,49,18,84,48,11,0,0,0,9,0,402,70,0,0,0,0,0,0,0,0,0,0,0,0,0,0,0,0,0,0,0,0,0,0,0,0,0,0,0,0,0,0,0,0,0,0,0,0,0,0,0,0,0,0,0,0,0,0,0,0,0,0,0,0,0,0,0,0,0,0,0,0,13,0,0,0,26,0,4,0,20,0,27,0,11,0,0,0,0,0,0,0,0,0,14,0,0,0,67,0,13,0,18,0,0,0,8,0,6,0,0,0,0,0,0,0,0,0,16,3,90,12,0,0,167,81,0,0,0,0,0,1,5,0,0,0,0,0,0,0,0,0,0,0,0,0,0,0,0,0,0,0,0,0,3,0,48,0,231,12,110,120,240,0,0,0,0,3,0,0,0,0,0
151,38,84,115,0,11,105,409,58,24,0,0,0,0,0,69,110,132,0,30,0,72,43,191,309,0,0,0,2,38,0,0,0,0,0,0,0,0,19,20,0,0,0,0,0,0,0,0,0,0,0,0,14,0,30,131,0,16,0,0,0,0,44,44,0,4,0,0,0,0,0,0,0,0,0,0,0,0,0,0,0,0,0,0,0,0,0,0,0,0,0,0,0,0,0,1,0,0,0,0,0,0,0,0,0,0,0,0,0,0,0,0,0,0,0,0,0,0,0,0,0,0,0,0,0,0,0,0,0,11,0,0,0,56,0,0,0,169,0,7,0,0,0,0,0,0,0,0,0,0,0,40,0,0,0,13,0,0,0,0,0,0,0,0,0,0,0,0,0,0,0,0,0,17,0,0,110,153,0,0,0,0,0,5,0,0,0,0,0,0,0,0,0,0,0,0,0,0,0,0,0,0,0,0,0,0,0,0,0,65,0,0,3,0,0,0,0,0,28,27,0,0,0,0,0
38,0,60,0,136,0,24,0,39,0,123,0,148,482,108,0,150,0,248,146,240,0,112,0,0,0,0,866,28,0,66,0,22,0,79,0,186,0,2,0,48,96,96,81,224,118,203,346,23,0,239,95,0,0,0,0,0,0,24,0,0,0,36,0,0,0,0,0,0,0,0,0,0,0,17,0,0,0,0,0,0,0,0,0,642,0,0,0,0,0,0,0,0,0,0,0,0,0,0,0,0,0,0,0,0,0,0,0,0,0,0,0,0,0,0,0,0,0,0,0,0,0,0,0,0,0,0,0,0,0,0,0,0,0,0,0,0,0,0,0,0,0,0,0,169,0,0,0,0,0,0,0,0,0,0,0,8,0,0,0,0,0,0,0,251,0,34,0,144,0,0,0,61,0,0,0,0,65,47,0,0,0,39,0,0,0,98,0,0,0,0,0,0,0,0,0,0,0,0,0,0,0,0,0,0,0,0,0,0,0,207,290,763,109,119,0,0,2,0,4,0,0,0,0,0
0,229,0,99,0,223,0,64,0,43,0,94,496,70,0,48,0,0,280,413,0,164,0,0,0,0,866,0,0,0,0,0,0,8,187,93,0,53,0,0,343,55,115,289,0,212,644,163,0,17,162,275,0,0,0,0,0,0,0,0,0,0,0,0,0,0,0,0,0,0,0,0,0,0,0,0,0,0,0,0,0,0,0,0,0,0,0,0,0,0,0,0,0,0,0,0,0,0,0,0,0,0,0,0,0,0,0,0,0,0,0,0,0,0,0,0,0,0,0,0,0,0,0,0,0,0,0,0,0,0,0,0,0,0,0,0,0,0,0,0,0,0,0,0,0,0,0,0,0,0,0,0,0,0,0,0,0,0,0,0,0,0,0,0,0,165,0,48,0,170,0,0,0,19,0,0,0,141,0,0,0,0,0,11,0,0,116,13,0,0,0,0,0,0,0,0,0,0,0,0,0,0,0,0,0,0,0,0,0,0,0,0,3,0,151,0,0,0,152,415,740,0,0,0,0
0,0,133,0,0,0,0,0,2,0,48,0,0,0,12,10,167,0,8,0,130,0,254,8,184,2,28,0,0,0,45,0,3,0,0,0,5,0,1,0,0,0,4,0,0,0,0,0,0,0,0,0,2,0,5,0,0,0,0,0,0,0,20,0,0,0,0,0,0,0,2,0,0,0,2,0,0,0,0,0,13,0,0,0,140,0,0,0,0,0,0,0,0,0,0,0,79,0,0,0,0,0,0,0,0,0,38,0,0,0,0,0,0,0,0,0,0,0,0,0,0,0,43,0,0,0,0,0,0,0,1,0,0,0,54,0,43,0,50,0,62,0,136,0,52,0,0,0,0,0,0,0,0,0,11,0,3,0,8,0,0,0,0,0,0,0,0,0,0,0,0,0,1,0,0,0,34,0,0,0,0,0,15,0,4,0,0,0,0,0,0,0,0,0,0,0,0,0,0,0,52,0,0,0,0,0,0,0,17,0,7,18,0,0,0,0,0,0,0,0,0,0,0,0,0
0,170,14,267,0,95,0,140,0,7,0,0,0,0,0,52,0,156,0,0,0,51,33,86,0,38,0,0,0,0,0,4,7,0,0,4,0,8,0,7,0,0,0,0,0,0,0,0,0,0,0,0,0,15,0,53,0,27,0,9,0,0,0,26,0,0,0,0,0,0,0,0,0,0,0,2,0,0,0,0,0,0,0,0,0,49,0,0,0,0,0,12,0,0,0,11,0,0,0,0,0,0,0,0,0,0,0,0,0,0,0,0,0,0,0,0,0,0,0,0,0,0,0,8,0,0,0,0,0,0,0,0,0,0,0,122,0,148,0,184,0,91,0,72,0,0,0,0,0,0,0,0,0,0,0,28,0,0,0,23,0,0,0,0,0,0,0,0,0,0,0,0,0,0,0,0,10,93,0,54,0,0,0,7,0,0,0,0,0,0,0,0,0,0,0,0,0,0,0,0,0,0,0,0,0,0,0,0,0,12,0,0,0,0,7,0,0,0,20,15,0,0,0,0,0
0,0,0,0,328,0,0,0,0,0,127,39,71,0,81,60,94,0,29,0,130,0,65,0,18,0,66,0,45,0,0,0,23,0,31,0,25,0,0,0,0,0,15,0,9,0,0,0,0,0,60,0,4,0,0,0,21,0,0,0,0,0,40,0,0,0,0,0,0,0,7,0,0,0,7,0,0,0,11,0,20,0,0,0,169,0,0,0,0,0,0,0,0,0,0,0,109,0,38,0,0,0,0,0,0,0,64,0,0,0,0,0,0,0,0,0,0,0,0,0,10,0,48,0,0,0,0,0,0,0,0,0,0,0,0,0,33,0,37,0,48,0,128,0,70,0,0,0,0,0,0,0,0,0,0,0,8,0,0,0,0,0,3,0,4,0,41,0,34,0,11,0,17,0,0,0,62,3,45,0,0,0,0,0,0,0,0,0,0,0,0,0,0,0,0,0,0,0,0,0,66,0,0,0,0,0,0,0,0,0,57,37,74,0,29,0,0,0,10,0,0,0,0,0,0
0,32,0,74,31,269,0,0,0,0,0,61,11,0,36,118,0,29,0,49,0,56,0,20,0,0,0,0,0,4,0,0,0,1,0,44,0,26,0,0,0,0,0,48,0,0,0,0,0,0,0,38,0,0,0,6,0,0,0,0,0,0,0,7,0,0,0,0,0,0,0,2,0,0,0,1,0,0,0,0,0,0,0,0,0,0,0,0,0,0,0,0,0,0,0,0,0,0,0,0,0,0,0,0,0,0,0,0,0,0,0,0,0,0,0,0,0,0,0,0,0,0,0,0,0,0,0,0,0,0,0,0,0,0,0,0,0,0,0,84,0,73,0,32,0,27,0,0,0,0,0,0,0,0,0,0,0,0,0,0,0,0,0,0,0,1,0,58,0,0,0,0,0,14,0,0,5,66,3,18,0,0,0,0,0,0,0,0,0,0,0,0,0,0,0,0,0,0,0,0,0,0,0,0,0,0,0,0,0,0,0,0,0,0,0,0,0,0,49,13,65,0,0,0,0
0,0,58,0,432,70,0,0,0,0,370,0,23,0,172,65,31,6,14,0,24,0,127,0,0,0,22,0,3,7,23,0,0,0,39,2,86,0,2,0,0,0,21,0,18,0,8,0,0,0,86,0,0,0,0,0,0,0,0,0,1,0,3,0,0,0,0,0,0,0,0,0,0,0,0,0,0,0,0,0,0,0,0,0,0,0,2,0,0,0,0,0,0,0,0,0,0,0,0,0,0,0,0,0,0,0,0,0,0,0,0,0,0,0,0,0,0,0,0,0,0,0,0,0,0,0,0,0,0,0,0,0,0,0,0,0,0,0,0,0,0,0,0,0,0,0,0,0,0,0,0,0,2,0,1,0,0,0,0,0,0,0,0,0,1,0,50,0,6,0,0,0,16,0,0,0,70,0,77,0,0,0,20,0,0,0,0,0,0,0,0,0,0,0,0,0,0,0,0,0,0,0,0,0,0,0,0,0,0,0,28,60,76,19,16,0,0,0,0,0,0,0,0,0,0
0,56,0,70,58,399,0,0,0,0,0,179,0,4,59,100,2,4,0,0,55,0,20,0,0,0,0,8,0,0,0,1,0,0,0,17,0,82,0,1,0,0,0,7,0,1,0,0,0,0,0,11,0,0,0,0,0,0,0,0,0,5,0,4,0,0,0,0,0,0,0,0,0,0,0,0,0,0,0,0,0,0,0,0,0,0,0,0,0,0,0,0,0,0,0,0,0,0,0,0,0,0,0,0,0,0,0,0,0,0,0,0,0,0,0,0,0,0,0,0,0,0,0,0,0,0,0,0,0,0,0,0,0,0,0,0,0,0,0,0,0,0,0,0,0,9,0,0,0,0,0,0,0,0,0,0,0,4,0,2,0,0,0,0,0,0,0,38,0,0,0,0,0,20,0,0,24,132,0,83,0,0,0,5,0,0,1,0,0,0,0,0,0,0,0,0,0,0,0,0,0,0,0,0,0,0,0,0,0,0,0,0,0,0,0,0,0,0,0,125,10,0,0,0,0
0,0,0,0,225,0,1,0,0,0,36,0,342,156,35,0,14,0,228,145,63,34,5,5,0,0,79,187,0,0,31,0,39,0,0,10,307,8,0,0,15,0,11,0,22,15,0,31,4,0,113,21,0,0,0,0,0,0,3,0,2,0,6,0,0,0,0,0,0,0,5,0,0,0,0,0,0,0,0,0,0,0,0,0,0,0,0,0,0,0,0,0,0,0,0,0,22,0,0,0,0,0,0,0,0,0,0,0,0,0,0,0,0,0,0,0,0,0,0,0,0,0,0,0,0,0,0,0,0,0,0,0,0,0,0,0,0,0,0,0,0,0,0,0,29,0,0,0,0,0,0,0,0,0,0,0,0,0,0,0,0,0,0,0,68,0,54,0,56,0,11,0,17,0,0,0,64,0,78,0,0,0,0,0,2,0,50,0,0,0,0,0,0,0,0,0,0,0,0,0,0,0,0,0,0,0,0,0,0,0,97,111,228,0,43,0,0,0,2,0,0,1,0,0,0
0,22,0,0,0,182,0,0,0,0,0,60,32,122,0,28,0,0,27,201,14,242,0,6,0,0,0,93,0,4,0,44,2,17,10,0,0,403,0,2,0,0,0,44,0,21,0,0,0,0,0,32,0,0,0,0,0,0,0,0,0,10,0,0,0,4,0,0,0,0,0,0,0,0,0,0,0,0,0,0,0,0,0,0,0,0,0,0,0,0,0,0,0,1,0,0,0,0,0,26,0,8,0,0,0,0,0,0,0,0,0,0,0,0,0,0,0,0,0,0,0,0,0,0,0,0,0,0,0,0,0,0,0,0,0,0,0,0,0,63,0,141,0,0,0,42,0,0,0,0,0,0,0,0,0,2,0,0,0,0,0,0,0,0,0,0,1,68,0,22,0,0,0,28,0,0,0,19,0,0,0,0,0,0,0,0,0,0,0,0,0,0,0,0,0,0,0,0,0,0,0,0,0,0,0,0,0,0,0,0,0,0,0,0,45,0,0,0,66,74,117,0,0,0,0
0,0,0,0,235,0,0,0,0,0,168,0,101,0,30,20,5,0,71,49,51,0,0,0,0,0,186,0,5,0,25,0,86,0,307,0,0,0,76,0,0,0,81,0,65,0,10,0,5,0,94,0,0,0,0,0,0,0,0,0,27,0,31,0,2,0,0,0,0,0,13,0,0,0,10,0,0,0,0,0,0,0,0,0,160,0,0,0,0,0,0,0,0,0,0,0,129,0,0,0,0,0,0,0,0,0,96,0,0,0,0,0,0,0,0,0,0,0,0,0,0,0,55,0,0,0,0,0,0,1,0,0,2,0,0,0,0,0,79,0,99,0,74,0,266,0,0,0,0,0,0,0,0,0,7,0,69,0,0,0,0,0,23,0,35,0,50,0,58,0,39,0,71,0,0,0,39,0,42,0,0,0,11,0,5,0,0,0,0,0,0,0,0,0,0,0,0,0,0,0,0,0,0,0,0,0,0,0,0,0,36,56,103,21,20,0,0,0,0,0,0,0,0,0,0
0,88,0,20,0,234,0,0,0,0,0,81,30,38,13,57,0,2,27,127,0,115,0,12,0,0,0,53,0,8,0,26,0,82,8,403,0,0,0,41,0,0,0,128,0,21,0,0,0,0,0,108,0,0,0,0,0,0,0,0,0,30,0,21,0,0,0,3,0,0,0,2,0,0,0,4,0,0,0,0,0,0,0,0,0,16,0,0,0,0,0,0,0,0,0,0,0,0,0,0,0,0,0,0,0,0,0,0,0,0,0,0,0,0,0,0,0,0,0,0,0,0,0,15,0,0,0,0,0,0,0,0,0,0,0,0,0,0,0,170,0,238,0,76,0,158,0,0,0,0,0,0,0,0,0,4,0,68,0,0,0,0,0,0,0,24,0,48,0,32,0,12,1,54,0,0,0,34,0,19,0,0,0,7,0,0,0,0,0,0,0,0,0,0,0,0,0,0,0,0,0,0,0,0,0,0,0,0,0,0,0,0,0,0,24,0,0,0,8,143,46,11,0,0,0
359,25,316,40,149,0,41,0,33,0,137,0,0,0,0,24,78,9,0,0,9,0,237,0,180,19,2,0,1,0,0,0,2,0,0,0,76,0,0,0,0,0,0,0,0,0,0,0,0,0,0,0,0,0,0,2,0,0,0,0,24,0,25,0,0,0,0,0,0,0,2,0,0,0,0,0,0,0,0,0,0,0,0,0,44,0,0,0,0,0,0,0,0,0,0,0,26,0,0,0,0,0,0,0,0,0,0,0,0,0,0,0,0,0,0,0,0,0,0,0,0,0,15,0,0,0,0,0,0,0,0,0,0,0,0,0,0,0,66,0,37,0,50,0,109,0,0,0,0,0,0,0,0,0,7,0,57,0,0,0,0,0,0,0,0,0,6,0,0,0,0,0,169,0,0,0,202,21,7,0,10,0,122,0,26,0,0,0,0,0,0,0,0,0,0,0,0,0,0,0,17,0,0,0,0,0,0,0,0,0,29,314,18,10,18,0,0,0,0,0,0,0,0,0,0
14,515,0,208,0,72,0,334,0,0,0,33,0,0,5,26,17,62,0,0,0,0,30,24,17,20,0,0,0,7,0,0,0,1,0,2,0,41,0,0,0,0,0,0,0,0,0,0,0,0,0,1,0,0,0,0,0,0,0,0,0,26,0,15,0,0,0,0,0,0,0,0,0,0,0,2,0,0,0,0,0,0,0,0,0,0,0,0,0,0,0,0,0,0,0,0,0,0,0,0,0,0,0,0,0,0,0,0,0,0,0,0,0,0,0,0,0,0,0,0,0,0,0,1,0,0,0,0,0,0,0,0,0,0,0,0,0,0,0,95,0,55,0,0,0,40,0,0,0,0,0,0,0,0,0,5,0,8,0,0,0,0,0,0,0,0,0,2,0,0,0,0,0,63,0,1,30,220,0,56,0,0,0,41,0,0,0,0,0,0,0,0,0,0,0,0,0,0,0,0,0,0,0,1,0,0,0,1,0,0,0,0,0,0,12,0,0,0,0,183,14,0,0,0,0
17,0,30,0,58,0,0,0,9,0,75,2,382,0,12,0,0,0,31,0,0,0,1,0,0,0,48,343,0,0,0,0,0,0,15,0,0,0,0,0,0,74,19,0,15,160,334,218,247,40,43,20,0,0,0,0,0,0,0,0,0,0,0,0,0,0,0,0,0,0,0,0,0,0,0,0,0,0,0,0,0,0,0,0,0,0,0,0,0,0,0,0,0,0,0,0,0,0,0,0,0,0,0,0,0,0,0,0,0,0,0,0,0,0,0,0,0,0,0,0,0,0,0,0,0,0,0,0,0,0,0,0,0,0,0,0,0,0,0,0,0,0,0,0,0,0,0,0,0,0,0,0,0,0,0,0,0,0,0,0,0,0,0,0,9,0,0,0,0,0,0,0,0,0,0,0,0,46,34,0,0,0,11,0,0,0,200,0,0,0,0,0,0,0,0,0,0,0,0,0,0,0,0,0,0,0,0,0,0,0,0,37,36,0,0,0,0,7,0,3,0,0,0,0,0
0,230,0,31,0,92,0,49,0,0,0,198,19,413,0,0,0,0,0,20,0,6,0,0,0,0,96,55,0,0,0,0,0,0,0,0,0,0,0,0,74,0,11,31,29,59,251,344,18,123,0,4,0,0,0,0,0,0,0,0,0,0,0,0,0,0,0,0,0,0,0,0,0,0,0,0,0,0,0,0,0,0,0,0,0,0,0,0,0,0,0,0,0,0,0,0,0,0,0,0,0,0,0,0,0,0,0,0,0,0,0,0,0,0,0,0,0,0,0,0,0,0,0,0,0,0,0,0,0,0,0,0,0,0,0,0,0,0,0,0,0,0,0,0,0,0,0,0,0,0,0,0,0,0,0,0,0,0,0,0,0,0,0,0,0,0,0,0,0,0,0,0,0,0,0,2,0,64,0,0,0,0,0,2,0,1,37,1,0,0,0,0,0,0,0,0,0,0,0,0,0,0,0,0,0,0,0,0,0,0,0,0,0,0,1,0,0,0,0,6,12,0,0,0,1
0,0,0,0,0,0,0,0,0,0,0,0,12,0,0,0,0,0,8,14,3,0,0,0,0,0,96,115,4,0,15,0,21,0,11,0,81,0,0,0,19,11,0,3,277,17,88,46,37,1,211,0,0,0,0,0,0,0,0,0,0,0,0,0,0,0,0,0,0,0,0,0,0,0,1,0,2,0,0,0,0,0,0,0,18,0,0,0,0,0,0,0,0,0,12,0,0,0,0,0,0,0,0,0,0,0,0,0,0,0,0,0,0,0,0,0,0,0,0,0,0,0,0,0,0,0,0,0,0,0,0,0,0,0,0,0,0,0,0,0,0,0,0,0,0,0,0,0,0,0,0,0,0,0,0,0,0,0,0,0,0,0,0,0,46,0,24,0,17,0,0,0,36,0,0,0,0,6,6,0,0,0,0,0,0,0,102,0,0,0,0,0,0,0,2,0,0,0,0,0,0,0,0,0,0,0,0,0,0,0,28,42,125,16,9,0,0,2,0,0,0,0,0,0,0
0,0,0,0,0,0,0,0,0,0,0,0,28,35,0,0,0,0,0,16,0,104,0,0,0,0,81,289,0,0,0,48,0,7,0,44,0,128,0,0,0,31,3,0,0,291,32,36,0,79,0,87,0,0,0,0,0,0,0,0,0,14,0,0,0,0,0,0,0,0,0,0,0,0,0,0,0,0,0,0,0,0,0,0,0,0,0,0,0,0,0,0,0,0,0,0,0,0,0,0,0,0,0,0,0,0,0,0,0,0,0,0,0,0,0,0,0,0,0,0,0,0,0,21,0,0,0,0,0,0,0,0,0,0,0,0,0,0,0,81,0,186,0,118,0,0,0,0,0,0,0,0,0,0,0,0,0,0,0,0,0,0,0,0,0,131,0,49,0,88,0,0,0,44,0,0,0,70,0,0,0,0,0,0,0,0,0,57,0,0,0,0,0,0,0,0,0,0,0,0,0,0,0,0,0,0,0,0,0,0,0,0,0,0,32,0,0,0,0,47,234,0,0,2,0
3,0,0,0,0,0,0,0,0,0,3,0,0,0,0,0,0,0,0,0,4,0,9,0,0,0,224,0,0,0,9,0,18,0,22,0,65,0,0,0,15,29,277,0,0,74,227,90,229,24,170,0,0,0,0,0,38,0,8,0,0,0,0,0,0,0,0,0,0,0,0,0,0,0,0,0,0,0,0,0,0,0,0,0,182,0,0,0,0,0,0,0,0,0,0,0,0,0,0,0,0,0,16,0,0,0,0,0,0,0,0,0,0,0,0,0,0,0,0,0,0,0,0,0,0,0,0,0,0,0,0,0,0,0,34,0,0,0,0,0,14,0,75,0,0,0,0,0,0,0,0,0,0,0,0,0,0,0,0,0,0,0,12,0,261,0,25,0,58,0,19,0,66,0,0,0,0,11,3,0,0,0,0,0,0,0,58,0,0,0,0,0,0,0,0,0,0,0,0,0,0,0,0,0,0,0,0,0,0,0,62,146,348,21,48,0,0,60,2,1,0,0,0,0,0
0,17,0,0,0,0,0,0,0,0,0,0,0,7,0,0,0,0,0,34,0,39,0,0,0,0,118,212,0,0,0,0,0,1,15,21,0,21,0,0,160,59,17,291,74,0,415,123,22,177,0,120,0,0,0,0,0,0,0,0,0,0,0,0,0,0,0,0,0,20,0,0,0,0,0,0,0,20,0,0,0,0,0,0,0,0,0,0,0,0,0,0,0,0,0,12,0,0,0,21,0,19,0,0,0,0,0,0,0,0,0,0,0,15,0,0,0,0,0,0,0,0,0,0,0,0,0,0,0,0,0,0,0,0,0,0,0,0,0,0,0,0,0,0,0,14,0,0,0,0,0,0,0,0,0,0,0,0,0,0,0,0,0,0,0,296,0,23,0,76,0,0,0,14,0,0,0,71,1,0,0,0,0,0,0,0,41,54,0,0,0,0,0,0,0,0,0,0,0,0,0,0,0,0,0,0,0,0,0,0,0,0,0,0,13,0,0,0,41,257,372,11,0,0,87
23,0,50,0,84,0,0,0,20,0,145,0,328,109,6,0,0,0,30,0,0,0,0,0,0,0,203,644,0,0,0,0,8,0,0,0,10,0,0,0,334,251,88,32,227,415,0,677,252,145,26,0,0,0,0,0,0,0,0,0,0,0,0,0,0,0,2,0,0,0,0,0,0,0,0,0,6,0,0,0,0,0,0,0,0,0,0,0,0,0,0,0,0,0,0,0,0,0,0,0,0,0,0,0,0,0,0,0,0,0,0,0,0,0,0,0,0,0,0,0,0,0,0,0,0,0,0,0,0,0,0,0,0,0,0,0,0,0,0,0,0,0,0,0,0,0,0,0,0,0,0,0,0,0,0,0,0,0,0,0,0,0,0,0,40,0,0,0,0,0,0,0,7,0,0,0,9,82,39,0,0,0,0,0,0,0,182,2,0,0,0,0,0,0,0,0,0,0,0,0,0,0,0,0,0,0,0,0,0,0,50,201,140,19,10,0,0,51,0,8,0,0,0,0,1
0,229,0,48,0,146,0,35,0,23,0,119,0,260,0,16,0,0,44,162,0,13,0,0,0,0,346,163,0,0,0,0,0,0,31,0,0,0,0,0,218,344,46,36,90,123,677,0,29,159,0,11,0,0,0,0,0,0,0,0,0,0,0,0,0,0,0,0,0,0,0,0,0,0,0,0,0,0,0,0,0,0,0,0,0,0,0,0,0,0,0,0,0,0,0,0,0,0,0,0,0,0,0,0,0,0,0,0,0,0,0,0,0,0,0,0,0,0,0,0,0,0,0,0,0,0,0,0,0,0,0,0,0,0,0,0,0,0,0,0,0,0,0,0,0,0,0,0,0,0,0,0,0,0,0,0,0,0,0,0,0,0,0,0,0,0,0,0,0,3,0,0,0,0,0,0,0,257,0,0,0,0,0,0,0,0,76,5,0,0,0,0,0,0,0,0,0,0,0,0,0,0,0,0,0,0,0,0,0,0,0,0,0,0,0,0,0,0,8,114,34,0,0,0,13
4,0,0,0,0,0,0,0,8,0,20,0,49,0,0,0,1,0,6,0,0,0,0,0,6,0,23,0,0,0,0,0,0,0,4,0,5,0,0,0,247,18,37,0,229,22,252,29,0,104,13,0,4,0,13,0,57,0,32,0,4,0,0,0,0,0,0,0,39,1,0,0,0,0,0,0,12,0,0,0,5,2,69,2,0,0,10,0,0,0,0,0,35,1,30,0,3,0,0,0,6,1,37,0,0,0,1,0,1,0,0,0,3,0,0,0,0,0,0,0,0,0,0,0,0,0,0,0,8,0,0,0,0,0,0,0,0,0,0,0,6,0,0,0,5,0,0,0,0,0,3,0,0,0,6,0,1,0,12,0,41,0,4,0,12,0,3,0,10,0,7,0,13,0,0,0,4,20,14,0,0,0,0,0,0,0,191,0,0,0,0,0,31,0,6,0,11,0,0,0,16,1,19,0,0,0,0,0,0,0,58,67,191,4,55,2,6,44,0,8,13,16,1,0,1
0,20,0,0,0,0,0,0,0,0,0,33,0,25,0,0,0,0,0,14,0,10,0,0,0,0,0,17,0,0,0,0,0,0,0,0,0,0,0,0,40,123,1,79,24,177,145,159,104,0,0,0,0,0,0,0,0,0,0,0,0,0,0,0,0,0,0,0,0,1,0,0,0,0,0,0,0,3,0,0,0,9,0,9,0,0,0,1,0,0,0,0,0,7,0,0,0,0,0,0,0,2,0,0,0,0,0,2,0,0,0,0,0,1,0,0,0,0,0,0,0,0,0,0,0,0,0,0,0,0,0,0,0,0,0,5,0,0,0,0,0,0,0,0,0,0,0,0,0,0,0,0,0,0,0,0,0,0,0,0,0,1,0,0,0,31,0,7,0,0,0,0,0,0,0,0,0,177,0,0,0,0,0,3,0,0,43,36,0,0,0,0,0,0,0,3,0,1,0,0,0,0,0,0,0,0,0,0,0,0,0,4,0,0,0,0,0,1,0,107,21,0,0,1,29
0,0,0,0,0,0,4,0,14,0,28,0,138,64,2,0,0,0,158,44,71,0,0,0,0,0,239,162,0,0,60,0,86,0,113,0,94,0,0,0,43,0,211,0,170,0,26,0,13,0,0,18,0,0,2,0,0,0,0,0,0,0,0,0,0,0,0,0,0,0,4,0,0,0,0,0,0,0,9,0,0,0,14,0,0,0,0,0,0,0,0,0,0,0,0,0,0,0,0,0,0,0,13,0,0,0,0,0,0,0,0,0,0,0,0,0,0,0,0,0,0,0,0,0,0,0,0,0,0,0,2,0,0,0,0,0,0,0,0,0,7,0,0,0,16,0,0,0,0,0,0,0,0,0,0,0,0,0,0,0,0,0,4,0,70,0,24,0,82,0,6,0,42,0,0,0,5,0,0,0,0,0,0,0,0,0,61,1,0,0,0,0,0,0,0,0,0,0,0,0,0,0,0,0,0,0,0,0,0,0,44,88,140,0,21,0,0,0,0,0,0,0,0,0,0
0,0,0,0,0,0,0,0,0,0,0,0,38,43,0,0,0,0,35,98,0,90,0,0,0,0,95,275,0,0,0,38,0,11,21,32,0,108,0,1,20,4,0,87,0,120,0,11,0,0,18,0,0,0,0,0,0,0,0,0,0,0,0,3,0,0,0,0,0,18,0,0,0,0,0,0,0,8,0,0,0,51,0,27,0,0,0,0,0,0,0,0,0,0,0,23,0,0,0,0,0,7,0,0,0,0,0,0,0,0,0,0,0,2,0,0,0,0,0,0,0,0,0,0,0,0,0,0,0,0,0,0,0,0,0,0,0,0,0,0,0,0,0,76,0,32,0,0,0,0,0,0,0,0,0,0,0,9,1,0,0,0,0,4,0,60,0,67,0,121,0,0,0,40,0,0,0,34,0,0,0,0,0,0,0,0,0,45,0,0,0,0,0,0,0,0,0,0,0,0,0,0,0,0,0,0,0,0,0,0,1,0,0,0,20,0,0,0,34,0,109,13,0,0,0
53,1,7,0,0,0,208,0,433,91,0,0,0,0,0,0,72,2,0,0,19,0,0,0,49,14,0,0,2,0,4,0,0,0,0,0,0,0,0,0,0,0,0,0,0,0,0,0,4,0,0,0,0,24,509,92,155,13,10,40,16,1,79,14,1,0,9,64,0,0,1,0,0,0,0,0,0,0,0,0,0,0,0,0,126,0,0,0,0,0,0,0,0,0,0,0,69,0,0,0,0,0,0,0,0,0,65,0,0,0,0,0,0,0,0,0,0,0,0,0,0,0,24,0,0,0,0,0,46,0,12,0,12,0,112,0,84,0,325,0,79,0,238,0,73,0,3,0,0,0,13,0,0,0,269,2,88,3,211,0,16,0,0,0,0,0,0,0,23,0,111,0,3,0,0,0,138,2,0,0,0,0,9,0,0,2,0,0,0,0,0,0,0,0,0,0,0,0,0,0,156,0,0,0,0,0,0,0,59,0,110,360,89,144,170,0,8,0,0,1,0,0,0,0,0
0,14,0,0,0,0,21,98,85,166,0,0,0,0,0,3,0,33,0,0,0,16,0,7,18,0,0,0,0,15,0,0,0,0,0,0,0,0,0,0,0,0,0,0,0,0,0,0,0,0,0,0,24,0,112,140,9,120,13,31,0,30,2,33,0,0,27,8,0,0,0,0,0,0,0,0,0,0,0,0,0,0,0,0,0,0,0,0,0,0,0,0,0,0,0,0,0,7,0,11,0,0,0,0,0,0,0,0,0,0,0,0,0,0,0,0,0,0,0,0,0,0,0,0,0,0,0,0,0,31,0,0,0,26,0,46,0,102,0,118,0,18,0,22,0,11,1,0,0,0,0,3,0,0,0,157,0,157,0,79,0,7,0,0,0,0,0,0,0,0,0,34,0,7,0,0,23,57,0,0,0,0,0,8,2,7,0,0,0,0,0,0,0,0,0,0,0,0,0,0,0,8,0,0,0,0,0,0,0,20,0,0,0,0,179,0,0,0,172,32,65,103,0,0,0
2,0,30,0,10,0,207,44,123,289,0,0,0,0,64,0,84,0,0,0,0,0,64,0,84,30,0,0,5,0,0,0,0,0,0,0,0,0,0,0,0,0,0,0,0,0,0,0,13,0,2,0,509,112,0,218,173,21,46,60,38,0,38,67,0,0,105,128,0,0,0,0,0,0,0,0,0,0,2,0,0,0,0,0,0,0,0,0,0,0,0,0,0,0,0,0,3,0,0,0,0,0,0,0,0,0,0,0,0,0,0,0,0,0,0,0,0,0,0,0,0,0,0,0,56,0,16,0,59,0,56,0,47,0,31,0,25,0,39,0,0,0,17,0,5,0,12,0,9,0,52,0,0,0,98,0,42,4,29,0,54,0,4,0,1,0,0,0,30,0,190,0,11,1,0,0,59,0,0,0,0,0,0,0,1,5,0,0,0,0,0,0,0,0,0,0,0,0,0,0,0,0,0,0,0,0,0,0,73,0,375,86,221,297,499,0,24,10,0,0,0,0,0,0,0
4,0,0,27,0,0,0,282,176,109,0,0,0,0,0,87,0,57,0,0,0,90,0,84,48,131,0,0,0,53,0,6,0,0,0,0,0,0,2,0,0,0,0,0,0,0,0,0,0,0,0,0,92,140,218,0,12,203,34,78,0,13,17,109,0,9,88,6,0,0,0,0,0,0,0,0,0,0,0,0,1,0,0,0,0,0,0,0,0,0,0,0,0,0,0,0,0,0,0,0,0,0,0,0,0,0,0,0,0,0,0,0,0,0,0,0,0,0,0,0,0,0,0,0,0,12,0,43,0,63,0,18,0,156,0,53,0,166,0,34,0,10,0,3,0,0,0,8,0,0,0,71,0,0,0,103,0,21,0,49,0,73,0,0,0,0,0,10,0,15,0,118,0,39,0,0,30,19,0,0,0,0,0,4,2,7,0,0,0,0,0,0,0,0,0,0,0,0,0,0,0,0,0,0,0,0,0,29,0,115,2,0,0,0,413,0,0,0,311,70,199,353,21,23,1
0,0,0,0,0,0,22,0,21,9,1,0,0,0,0,0,32,0,0,0,78,0,0,0,11,0,0,0,0,0,21,0,0,0,0,0,0,0,0,0,0,0,0,0,38,0,0,0,57,0,0,0,155,9,173,12,0,26,283,70,0,0,7,0,89,0,81,117,1,0,2,0,0,0,0,0,0,0,0,0,0,0,0,0,0,0,0,0,0,0,0,0,0,0,0,0,0,0,0,0,0,0,0,0,0,0,0,0,0,0,0,0,0,0,0,0,0,0,0,0,0,0,0,0,33,0,0,0,85,0,106,0,30,0,10,0,0,0,3,4,0,0,0,0,1,0,0,0,13,0,0,0,0,0,147,18,72,0,103,0,181,4,25,0,6,0,0,0,74,0,240,0,13,0,1,0,13,0,0,0,0,0,0,0,4,0,0,0,0,0,0,0,0,0,0,0,0,0,0,0,0,0,0,0,0,0,0,0,0,0,626,191,535,593,702,9,57,27,0,0,0,0,0,0,0
0,5,0,8,0,0,0,20,0,72,0,0,0,0,0,10,0,58,0,0,0,50,0,22,0,16,0,0,0,27,0,0,0,0,0,0,0,0,0,0,0,0,0,0,0,0,0,0,0,0,0,0,13,120,21,203,26,0,48,389,0,0,0,25,19,0,68,52,0,0,0,0,0,0,0,0,0,0,0,0,0,0,0,0,0,0,0,0,0,0,0,0,0,0,0,0,0,0,0,0,0,0,0,0,0,0,0,0,0,0,0,0,0,0,0,0,0,0,0,0,0,0,0,0,0,28,0,35,0,81,0,31,0,52,0,0,0,36,0,27,0,4,0,0,0,0,0,0,0,8,0,44,0,2,14,423,0,0,0,76,3,87,0,0,0,0,0,0,0,36,0,457,1,28,0,0,0,0,0,0,3,5,0,0,5,3,0,0,0,0,0,0,0,0,0,0,0,0,0,0,0,2,0,0,0,0,0,10,0,36,1,0,0,0,621,0,0,0,399,146,414,502,62,7,0
3,1,0,0,0,0,80,0,61,6,1,0,0,0,0,0,0,0,0,0,0,0,0,0,0,0,24,0,0,0,0,0,0,0,3,0,0,0,0,0,0,0,0,0,8,0,0,0,32,0,0,0,10,13,46,34,283,48,0,173,2,0,0,0,447,13,199,243,0,0,0,0,0,0,0,0,0,0,0,0,0,0,0,0,0,0,0,0,0,0,0,0,0,0,0,0,0,0,0,0,0,0,0,0,0,0,0,0,0,0,0,0,0,0,0,0,0,0,0,0,0,0,0,0,0,0,2,0,0,0,82,0,0,0,0,0,0,0,0,0,0,0,0,0,0,1,0,0,31,0,0,0,0,0,11,19,89,2,4,9,194,0,0,0,0,0,3,0,29,0,78,0,10,0,0,0,44,0,0,0,0,0,0,0,102,39,0,0,0,0,0,0,0,0,0,0,0,0,0,0,0,0,0,0,0,0,0,0,0,0,549,258,240,385,473,0,0,17,0,0,0,0,0,0,0
0,4,0,0,0,0,0,5,0,55,0,0,0,0,0,0,0,0,0,0,0,0,0,0,0,0,0,0,0,9,0,0,0,0,0,0,0,0,0,0,0,0,0,0,0,0,0,0,0,0,0,0,40,31,60,78,70,389,173,0,0,14,0,13,93,202,270,595,0,1,0,0,0,0,0,0,0,0,0,0,0,0,0,0,0,0,0,0,0,0,0,0,0,0,0,0,0,0,0,0,0,0,0,0,0,0,0,0,0,0,0,0,0,0,0,0,0,0,0,0,0,0,0,0,0,26,0,27,0,17,8,87,0,12,0,0,0,0,8,3,0,0,0,0,2,12,0,0,0,81,0,29,0,0,50,65,6,72,14,31,36,92,0,0,0,0,1,14,0,18,0,163,0,0,0,15,14,0,0,0,13,59,0,0,38,154,0,0,0,0,0,0,0,0,0,0,0,1,0,0,0,0,0,0,0,0,0,8,0,25,4,0,0,0,1106,0,0,0,1010,351,529,557,59,0,2
78,0,29,0,0,0,0,0,185,0,0,0,0,0,0,0,0,0,0,0,0,0,0,0,9,0,0,0,0,0,0,0,1,0,2,0,27,0,24,0,0,0,0,0,0,0,0,0,4,0,0,0,16,0,38,0,0,0,2,0,0,0,8,0,0,0,5,0,0,0,8,0,0,0,4,0,0,0,0,0,0,0,0,0,0,0,0,0,0,0,0,0,0,0,0,0,0,0,0,0,0,0,0,0,0,0,0,0,0,0,0,0,0,0,0,0,0,0,0,0,0,0,12,0,0,0,0,0,0,0,0,0,1,0,0,0,0,0,54,0,30,0,10,0,188,0,0,0,0,0,0,0,0,0,9,0,193,0,0,0,0,0,0,0,0,0,0,0,8,0,75,0,42,0,0,0,13,0,0,0,0,0,11,0,29,0,0,0,0,0,0,0,0,0,0,0,0,0,0,0,0,0,0,0,0,0,0,0,0,0,48,143,69,63,81,0,0,0,0,0,0,0,0,0,0
0,362,7,0,0,0,0,401,0,285,0,0,0,0,0,0,0,3,0,0,0,0,0,0,0,0,0,0,0,0,0,0,0,5,0,10,0,30,0,26,0,0,0,14,0,0,0,0,0,0,0,0,1,30,0,13,0,0,0,14,0,0,6,25,0,0,1,0,0,0,0,0,0,0,0,0,0,0,0,0,0,0,0,0,0,3,0,0,0,0,0,0,0,0,0,0,0,0,0,0,0,0,0,0,0,0,0,0,0,0,0,0,0,0,0,0,0,0,0,0,0,0,0,6,0,0,0,0,0,0,0,0,0,0,0,0,0,0,0,43,0,37,0,8,0,122,0,0,0,0,0,0,0,0,0,4,0,117,0,22,0,0,0,4,0,0,0,1,0,3,0,48,0,52,0,0,0,187,0,0,0,0,0,102,0,0,0,0,0,0,0,0,0,0,0,0,0,0,0,0,0,0,0,0,0,0,0,0,0,0,0,1,0,0,144,0,0,0,124,69,69,194,6,13,0
263,14,122,0,7,0,372,31,322,46,0,0,0,0,18,0,186,12,37,0,120,0,31,0,402,44,36,0,20,0,40,0,3,0,6,0,31,0,25,0,0,0,0,0,0,0,0,0,0,0,0,0,79,2,38,17,7,0,0,0,8,6,0,12,0,0,0,1,0,0,0,0,0,0,6,0,0,0,0,0,0,0,0,0,89,0,0,0,0,0,0,0,0,0,0,0,0,0,0,0,0,0,0,0,0,0,0,0,0,0,0,0,0,0,0,0,0,0,0,0,0,0,56,0,0,0,0,0,0,0,0,0,0,0,59,0,90,0,243,1,145,0,188,0,167,0,0,0,0,0,0,0,0,0,69,0,79,0,0,0,0,0,0,0,0,0,0,0,8,0,3,0,2,0,0,0,132,6,0,0,0,1,46,0,72,0,0,0,0,0,0,0,0,0,0,0,0,0,0,0,0,0,0,0,0,0,0,0,0,0,42,116,0,0,41,0,0,0,0,0,0,0,0,0,0
0,172,0,4,0,0,44,643,48,331,0,0,0,0,0,1,4,204,0,0,0,43,0,47,70,44,0,0,0,26,0,7,0,4,0,0,0,21,0,15,0,0,0,0,0,0,0,0,0,0,0,3,14,33,67,109,0,25,0,13,0,25,12,0,0,0,0,3,0,0,0,0,0,0,0,0,0,0,0,0,0,0,0,0,0,0,0,1,0,0,0,2,0,0,0,0,0,0,0,4,0,0,0,0,0,0,0,0,0,0,0,0,0,0,0,0,0,0,0,0,0,0,0,0,0,0,0,0,0,0,0,0,0,7,0,6,0,23,0,81,0,21,0,0,0,37,0,0,0,0,0,0,0,0,0,10,0,24,0,14,0,0,0,0,0,0,0,0,0,3,0,9,0,1,0,0,30,205,0,0,0,0,0,109,0,0,0,0,0,0,0,0,0,0,0,0,0,0,0,0,0,0,0,0,0,0,0,2,0,0,0,0,0,0,80,0,0,0,107,39,17,62,0,0,0
2,0,3,0,0,0,23,0,112,0,2,0,0,0,14,0,0,0,0,0,0,0,2,0,0,0,0,0,0,0,0,0,0,0,0,0,2,0,0,0,0,0,0,0,0,0,0,0,0,0,0,0,1,0,0,0,89,19,447,93,0,0,0,0,0,33,185,46,0,0,0,0,0,0,0,0,0,0,0,0,0,0,0,0,0,0,0,0,0,0,0,0,0,0,0,0,0,0,0,0,0,0,0,0,0,0,0,0,0,0,0,0,0,0,0,0,0,0,0,0,0,0,0,0,0,0,0,0,0,0,59,0,0,0,0,0,0,0,6,17,0,0,0,0,8,12,8,0,86,2,3,0,2,0,2,35,3,0,0,51,152,52,0,0,1,0,0,0,4,0,7,0,0,0,36,4,0,0,0,0,283,42,0,0,185,0,0,0,0,0,0,0,0,0,0,0,0,0,0,0,0,0,0,0,0,0,0,0,3,0,152,0,0,0,117,5,0,0,0,0,0,0,0,0,0
0,37,0,25,0,29,0,17,0,242,0,0,0,0,0,18,0,0,0,40,0,0,0,2,0,4,0,0,0,0,0,0,0,0,0,4,0,0,0,0,0,0,0,0,0,0,0,0,0,0,0,0,0,0,0,9,0,0,13,202,0,0,0,0,33,0,6,320,0,0,1,13,0,0,0,5,0,0,0,0,0,1,0,0,0,0,0,0,0,0,0,0,0,0,0,3,0,0,0,2,0,0,0,0,0,0,0,0,0,0,0,0,0,0,0,0,0,0,0,0,0,0,0,3,0,123,0,54,32,0,111,118,0,5,0,0,0,0,72,21,8,0,0,0,11,33,0,55,39,206,0,27,0,23,0,0,4,0,26,3,69,423,0,20,0,2,0,0,0,0,0,0,0,0,1,53,0,0,0,0,34,362,0,4,8,74,0,0,0,0,0,0,0,0,0,0,0,0,0,0,0,0,0,0,0,0,0,3,0,6,0,0,0,0,133,0,0,0,95,0,53,0,0,0,0
5,0,0,0,5,0,9,0,46,40,0,0,3,0,4,0,0,0,0,0,0,0,0,0,0,0,0,0,0,0,0,0,0,0,0,0,0,0,0,0,0,0,0,0,0,0,2,0,0,0,0,0,9,27,105,88,81,68,199,270,5,1,0,0,185,6,0,135,0,0,0,0,0,0,0,0,0,0,0,0,0,0,0,0,0,0,0,0,0,0,0,0,0,0,0,0,0,0,0,0,0,0,0,0,0,0,0,0,0,0,0,0,0,0,0,0,0,0,0,0,0,0,0,0,1,0,0,0,0,0,55,0,0,0,0,0,0,0,0,0,0,0,0,0,0,3,2,0,22,1,0,0,0,0,7,11,26,0,1,12,81,0,2,0,0,0,0,0,6,0,27,0,0,0,9,0,282,0,0,0,0,0,0,0,629,46,0,0,0,0,0,0,0,0,0,0,0,0,0,0,0,0,0,0,0,0,0,0,0,0,169,99,69,106,126,0,5,1,1,1,0,0,0,0,0
0,22,0,6,0,0,0,13,0,247,0,0,0,0,0,0,0,0,0,29,0,0,0,0,0,0,0,0,0,0,0,0,0,0,0,0,0,3,0,0,0,0,0,0,0,0,0,0,0,0,0,0,64,8,128,6,117,52,243,595,0,0,1,3,46,320,135,0,0,0,0,0,0,0,0,0,0,0,0,0,0,0,0,0,0,0,0,0,0,0,0,0,0,0,0,0,0,0,0,0,0,0,0,0,0,0,0,0,0,0,0,0,0,0,0,0,0,0,0,0,0,0,0,0,0,13,0,9,0,0,0,66,0,0,0,0,0,3,0,1,0,0,0,0,0,2,0,2,0,145,0,3,0,0,44,17,6,20,0,5,26,123,0,0,0,0,0,0,0,0,0,0,0,0,0,36,18,0,0,0,7,82,0,2,33,986,0,0,0,0,0,0,0,0,0,0,0,0,0,0,0,0,0,0,0,0,0,0,0,0,1,0,0,0,274,0,0,0,323,133,97,138,0,0,0
0,0,0,0,0,0,0,0,0,0,0,0,0,0,0,0,0,0,0,0,0,0,0,0,0,0,0,0,0,0,0,0,0,0,0,0,0,0,0,0,0,0,0,0,0,0,0,0,39,0,0,0,0,0,0,0,1,0,0,0,0,0,0,0,0,0,0,0,0,0,0,0,2,0,0,0,133,0,17,0,0,0,36,0,0,0,20,0,10,0,0,0,57,0,40,0,0,0,0,0,14,0,342,0,0,0,0,0,49,0,0,0,7,0,2,0,50,0,0,0,0,0,0,0,0,0,0,0,0,0,0,0,0,0,0,0,0,0,0,0,0,0,0,0,0,0,5,0,0,0,0,0,0,0,0,0,0,0,0,0,0,0,0,0,21,0,0,0,85,0,0,0,0,0,0,0,0,0,0,0,0,0,0,0,0,0,0,0,0,0,0,0,0,0,0,0,0,0,0,0,0,0,0,0,0,0,0,0,0,0,46,0,85,0,0,29,117,4,0,0,0,0,0,0,0
0,0,0,0,0,0,0,0,0,0,0,0,0,0,0,0,0,1,0,0,0,0,0,0,0,0,0,0,0,0,0,0,0,0,0,0,0,0,0,0,0,0,0,0,0,20,0,0,1,1,0,18,0,0,0,0,0,0,0,1,0,0,0,0,0,0,0,0,0,0,0,0,0,0,0,0,0,131,0,0,0,17,0,122,0,0,0,9,0,35,0,5,0,44,0,62,0,0,0,0,0,29,0,112,0,9,0,6,0,8,0,0,0,35,0,0,0,6,0,0,0,0,0,0,0,0,0,0,0,0,0,0,0,0,0,10,0,0,0,0,0,0,0,0,0,0,0,0,0,0,0,0,0,0,0,0,0,0,0,0,0,0,0,0,0,144,0,0,0,109,0,0,0,0,0,0,0,0,0,0,0,0,0,0,0,0,0,0,0,0,0,0,0,0,0,0,0,0,0,8,0,0,0,0,0,0,0,0,0,0,0,0,0,0,2,0,0,0,42,6,62,1,23,2,5
0,0,0,0,0,0,0,0,0,0,0,0,0,0,0,0,0,0,0,0,21,0,3,0,0,0,0,0,2,0,7,0,0,0,5,0,13,0,2,0,0,0,0,0,0,0,0,0,0,0,4,0,1,0,0,0,2,0,0,0,8,0,0,0,0,1,0,0,0,0,0,0,165,0,347,0,0,0,167,0,16,0,0,0,5,0,51,0,0,0,0,0,0,0,0,0,0,0,6,0,0,0,0,0,0,0,0,0,0,0,0,0,0,0,0,0,0,0,0,0,72,0,5,0,39,0,23,0,14,0,42,0,9,0,64,0,25,0,0,9,87,8,116,0,83,4,28,0,40,6,50,0,42,0,0,0,3,0,0,0,0,0,35,0,0,0,0,0,51,0,11,0,16,0,26,0,0,0,0,0,0,0,0,0,88,0,0,0,0,0,0,0,0,0,0,0,0,0,0,0,18,0,0,0,0,0,0,0,57,0,47,0,73,0,0,0,5,0,0,0,1,0,0,0,0
0,0,0,0,0,0,0,0,0,0,0,0,0,0,0,0,0,0,0,0,0,0,0,0,0,0,0,0,0,0,0,2,0,0,0,0,0,2,0,0,0,0,0,0,0,0,0,0,0,0,0,0,0,0,0,0,0,0,0,0,0,0,0,0,0,13,0,0,0,0,0,0,0,130,1,391,0,4,0,25,0,8,0,0,0,0,0,61,0,0,0,0,0,0,0,0,0,0,0,0,0,0,0,0,0,0,0,0,0,0,0,0,0,0,0,0,0,0,0,0,0,11,0,35,0,0,0,0,30,35,0,50,4,22,0,56,0,0,0,14,0,40,0,39,3,94,0,0,0,122,0,0,0,55,0,0,0,0,0,5,0,22,0,24,0,0,0,0,0,19,0,0,0,0,0,16,0,0,0,0,9,39,0,0,0,44,0,0,0,0,0,0,0,0,0,0,0,0,0,0,0,0,0,0,0,0,0,0,0,51,0,0,0,0,4,0,0,0,20,0,18,0,0,0,0
0,0,0,0,0,0,0,0,0,0,1,0,0,0,0,0,0,0,0,0,0,0,0,0,0,0,0,0,0,0,0,0,0,0,0,0,0,0,0,0,0,0,0,0,0,0,0,0,0,0,0,0,0,0,0,0,0,0,0,0,0,0,0,0,0,0,0,0,2,0,165,0,0,0,164,0,34,0,155,0,7,0,8,0,29,0,11,0,0,0,0,0,0,0,0,0,5,0,0,0,0,0,0,0,0,0,0,0,0,0,0,0,0,0,0,0,0,0,0,0,48,0,0,0,25,0,26,0,9,0,15,0,0,0,84,0,39,0,4,0,97,0,127,0,77,0,34,0,11,0,65,0,19,0,0,0,0,0,0,0,3,0,75,0,0,0,2,0,10,0,7,0,6,0,7,0,0,0,0,0,0,0,0,0,40,0,0,0,0,0,0,0,0,0,7,0,0,0,135,0,114,0,0,0,0,0,28,0,48,0,173,0,23,0,14,0,1,0,0,0,0,0,0,0,0
0,0,0,0,0,0,0,0,0,0,0,0,0,0,0,0,0,0,0,0,0,0,0,4,0,0,0,0,0,0,0,0,0,0,0,0,0,0,0,0,0,0,0,0,0,0,0,0,0,0,0,0,0,0,0,0,0,0,0,0,0,0,0,0,0,0,0,0,0,0,0,130,0,0,0,287,0,79,0,31,0,0,0,57,0,0,0,87,0,0,0,0,0,0,0,6,0,0,0,0,0,0,0,0,0,0,3,0,0,0,0,0,0,0,0,0,0,0,0,0,0,17,0,54,6,0,0,0,0,12,0,8,0,0,0,145,0,44,0,13,0,28,0,26,0,63,0,0,0,34,0,0,0,27,0,0,0,0,0,0,0,0,0,56,0,0,0,0,0,10,0,0,0,0,0,0,0,0,0,0,0,0,0,0,0,31,0,0,0,0,0,0,0,0,0,0,0,0,0,0,0,127,0,0,0,0,0,0,0,0,0,0,0,0,24,0,0,0,94,1,11,6,0,0,0
0,0,0,0,0,0,0,0,0,0,0,0,0,0,0,0,3,0,0,0,28,0,0,0,0,0,17,0,2,0,7,0,0,0,0,0,10,0,0,0,0,0,1,0,0,0,0,0,0,0,0,0,0,0,0,0,0,0,0,0,4,0,6,0,0,0,0,0,0,0,347,1,164,0,0,0,6,0,130,0,33,0,14,0,41,0,88,0,0,0,0,0,0,0,11,0,13,0,23,0,0,0,0,0,0,0,0,0,0,0,0,0,0,0,0,0,0,0,0,0,284,0,68,0,18,0,5,0,17,0,6,0,9,9,21,0,0,0,4,7,64,0,90,0,62,0,19,0,20,0,24,0,88,0,0,0,0,0,0,0,0,0,25,0,0,0,0,0,14,0,6,0,0,0,33,0,0,0,0,0,43,2,0,0,51,0,0,0,0,0,0,0,4,0,0,0,0,0,50,0,31,0,0,0,0,0,0,0,18,0,61,0,14,0,13,0,0,0,2,0,0,0,0,0,0
0,0,0,0,0,0,0,0,0,0,0,0,0,0,0,0,0,0,0,0,0,0,0,0,0,0,0,0,0,2,0,1,0,0,0,0,0,4,0,2,0,0,0,0,0,0,0,0,0,0,0,0,0,0,0,0,0,0,0,0,0,0,0,0,0,5,0,0,0,0,0,391,0,287,0,0,0,31,0,144,0,6,0,6,0,0,0,190,0,0,0,0,0,0,0,0,0,0,0,0,0,0,0,0,0,0,0,0,0,0,0,0,0,0,0,0,0,0,0,0,0,60,0,87,0,23,0,0,0,0,0,0,0,0,0,30,0,14,0,0,0,27,0,22,0,104,0,0,0,49,0,0,0,63,0,0,0,0,0,0,0,0,0,25,0,0,0,0,0,19,0,0,0,0,0,0,0,0,0,0,0,0,0,0,0,0,0,0,0,0,0,0,0,0,0,0,0,0,0,0,0,0,0,0,0,0,0,0,1,0,0,0,0,0,1,0,0,0,34,2,13,0,0,0,0
0,0,0,0,0,0,0,0,0,0,0,0,0,0,0,0,0,0,0,0,0,0,0,0,0,0,0,0,0,0,0,0,0,0,0,0,0,0,0,0,0,0,2,0,0,0,6,0,12,0,0,0,0,0,0,0,0,0,0,0,0,0,0,0,0,0,0,0,133,0,0,0,34,0,6,0,0,0,73,0,15,0,177,0,0,0,60,0,0,0,0,0,21,0,35,0,0,0,0,0,3,0,85,0,0,0,0,0,48,0,0,0,0,0,1,0,16,0,0,0,14,0,0,0,0,0,0,0,2,0,0,0,0,0,0,0,0,0,0,0,0,0,0,0,0,0,0,0,0,0,0,0,0,0,0,0,1,0,0,0,0,0,0,0,41,0,0,0,41,0,5,0,0,0,0,0,0,0,0,0,0,0,0,0,0,0,0,0,0,0,0,0,0,0,22,0,0,0,0,0,69,0,0,0,0,0,0,0,0,0,76,0,57,3,8,14,0,0,0,0,0,0,0,0,0
0,0,0,0,0,0,0,0,0,0,0,0,0,0,0,0,0,0,0,0,0,0,0,0,0,0,0,0,0,0,0,0,0,0,0,0,0,0,0,0,0,0,0,0,0,20,0,0,0,3,0,8,0,0,0,0,0,0,0,0,0,0,0,0,0,0,0,0,0,131,0,4,0,79,0,31,0,0,0,9,0,79,0,214,0,7,0,99,0,13,0,0,0,87,0,108,0,0,0,12,0,18,0,97,0,0,0,5,0,0,0,0,0,0,0,0,0,16,0,0,1,0,0,0,0,12,0,0,0,0,0,0,0,0,0,0,0,0,0,0,0,0,0,0,0,0,0,12,0,0,0,0,0,0,0,0,0,0,0,0,0,0,0,2,0,47,0,0,0,86,0,0,0,0,0,0,0,0,0,0,0,0,0,0,0,0,0,0,0,0,0,20,0,0,0,23,0,0,0,0,0,30,0,0,0,0,0,0,0,0,0,0,0,0,0,0,0,0,121,7,74,5,17,0,0
0,0,0,0,0,0,0,0,0,0,0,0,0,0,3,0,0,0,0,0,0,0,0,0,0,0,0,0,0,0,11,0,0,0,0,0,0,0,0,0,0,0,0,0,0,0,0,0,0,0,9,0,0,0,2,0,0,0,0,0,0,0,0,0,0,0,0,0,17,0,167,0,155,0,130,0,73,0,0,0,20,0,50,0,31,0,58,0,0,0,1,0,6,0,14,0,0,0,7,0,0,0,40,0,0,0,0,0,6,0,0,0,0,0,0,0,2,0,1,0,114,0,27,0,0,0,0,0,8,0,0,0,0,0,0,0,14,0,0,0,21,0,55,0,33,0,0,0,0,0,0,0,0,0,0,0,0,0,0,0,0,0,23,0,8,0,0,0,17,0,0,0,0,0,0,0,0,0,0,0,0,1,0,0,0,0,0,0,86,0,0,0,140,0,0,0,0,0,0,0,111,0,0,0,96,0,0,0,0,0,197,0,40,0,14,3,0,0,0,0,0,0,0,0,0
0,0,0,0,0,0,0,0,0,0,0,0,0,0,0,0,0,0,0,0,0,0,0,0,0,0,0,0,0,0,0,0,0,0,0,0,0,0,0,0,0,0,0,0,0,0,0,0,0,0,0,0,0,0,0,0,0,0,0,0,0,0,0,0,0,0,0,0,0,0,0,25,0,31,0,144,0,9,0,0,0,5,0,0,0,0,0,28,0,0,0,0,0,0,0,0,0,0,0,1,0,0,0,0,0,0,0,0,0,0,0,0,0,0,0,0,0,0,0,0,0,6,0,28,0,0,0,0,0,0,0,0,0,0,0,0,0,0,0,3,0,10,0,24,0,27,0,0,0,0,0,0,0,0,0,0,0,0,0,0,0,0,0,4,0,0,0,0,0,0,0,0,0,0,0,0,0,0,0,0,0,0,0,0,0,0,0,0,0,0,0,0,0,0,0,0,0,0,0,0,0,0,0,0,0,0,0,0,0,4,0,0,0,0,0,0,0,0,22,0,3,0,0,0,0
