0,243,22,75,67,0,12,40,43,26,77,7,86,0,10,33,124,45,0,0,17,0,42,108,7,225,11,0,96,7,14,0,139,0,4,0,53,0,291,6,6,0,0,0,0,0,0,0,10,0,5,0,0,0,1,0,0,0,0,0,34,0,17,2,12,0,3,0,0,0,0,0,0,0,0,0,0,0,0,0,0,0,0,0,0,0,0,0,0,0,3,0,0,0,0,0,0,0,0,0,0,0,0,0,0,0,0,0,0,0,0,0,0,0,0,0,0,0,0,0,0,0,0,0,8,0,10,0,0,0,5,0,0,0,0,0,0,0,0,0,0,0,0,0,0,0,17,0,10,0,23,0,11,0,0,0,0,0,0,0,0,0,0,0,3,0,11,0,10,0,8,0,228,0,4,0,126,26,14,1,15,0,1,13,27,0,0,0,0,0,0,0,0,0,0,0,0,0,0,0,0,0,0,0,0,0,6,0,4,0,0,0,0,0,54,0,0,1,3,0,278,4,6,0,9,0,73,0,336,0,147,1,201,4,21,0,9,0,85,1,75,0,68,0,390,2,0,0,0
243,0,164,64,23,148,65,2,47,130,10,165,2,62,13,65,108,100,0,68,6,16,447,98,175,91,0,40,0,182,2,16,3,135,0,1,0,153,0,263,0,36,0,0,0,0,0,41,0,0,0,0,0,0,0,8,0,0,0,5,0,40,16,7,0,55,0,58,0,0,0,0,0,0,0,0,0,0,0,0,0,0,0,0,0,0,0,0,0,0,0,0,0,1,0,0,0,5,0,2,0,0,0,0,0,0,0,0,0,0,0,0,0,0,0,0,0,0,0,0,0,0,0,0,0,6,0,4,0,2,0,7,0,5,0,28,0,42,0,0,0,0,0,0,0,0,0,0,0,30,0,45,0,7,0,1,0,1,0,0,0,3,0,0,0,0,0,0,1,6,0,0,0,78,0,0,16,277,0,16,1,0,0,39,0,58,0,0,0,0,0,3,0,2,0,0,0,2,0,0,0,5,0,0,0,0,0,7,0,11,0,0,0,1,0,85,0,0,0,5,5,561,0,7,1,24,2,78,0,432,0,164,0,502,0,40,0,13,0,142,0,24,0,28,0,287,0,0,0
22,164,0,71,160,27,62,3,8,0,28,47,51,1,129,116,166,41,24,4,52,3,381,103,140,53,39,0,169,6,18,0,138,0,0,0,25,8,246,0,6,0,0,0,0,0,0,0,0,0,0,0,0,0,36,0,0,0,0,0,17,0,24,0,4,0,0,0,0,0,0,0,0,0,2,0,0,0,0,0,0,0,0,0,0,0,0,0,0,0,28,0,1,0,0,0,15,0,0,0,3,0,0,0,0,0,0,0,0,0,0,0,0,0,0,0,0,0,0,0,7,0,0,0,9,0,18,0,0,0,7,0,6,0,38,0,37,0,0,0,8,0,22,0,0,0,20,0,33,0,26,0,10,0,7,0,0,0,0,0,8,0,0,0,5,0,26,0,6,0,8,0,180,1,0,0,58,16,0,1,9,0,1,0,35,0,0,0,0,0,0,0,0,0,0,0,0,0,1,0,10,0,0,0,0,0,3,0,11,0,3,0,1,0,32,0,0,0,0,0,187,0,0,0,8,0,21,0,196,7,59,0,159,10,11,2,4,0,30,0,21,0,20,0,170,0,0,0,0
75,64,71,0,21,95,6,28,0,6,17,7,2,12,39,271,22,17,0,115,0,50,157,214,31,98,0,17,0,25,0,28,6,72,0,3,0,34,0,16,0,6,1,0,0,1,0,0,0,0,0,1,0,0,0,64,0,0,0,0,0,0,0,4,0,9,0,0,0,0,0,0,0,0,0,0,0,0,0,0,0,0,0,0,0,4,0,0,0,5,0,0,0,0,0,0,0,0,0,5,0,0,0,0,0,0,0,0,0,0,0,0,0,0,0,0,0,0,0,0,0,0,0,0,0,0,0,0,0,1,0,0,0,0,0,107,0,171,0,2,0,0,0,0,0,0,0,0,0,2,0,7,0,0,0,0,0,0,0,0,0,1,0,0,0,0,0,7,0,5,0,2,0,42,0,0,5,43,0,0,0,0,0,1,0,1,0,0,0,0,0,0,0,0,0,0,0,0,0,0,0,14,0,0,0,0,0,0,0,36,0,0,0,0,0,0,0,0,0,0,0,164,0,2,0,2,0,22,1,177,0,30,0,65,0,0,0,0,0,8,0,4,0,10,0,25,0,0,0
67,23,160,21,0,165,18,0,27,1,55,100,174,55,140,239,21,0,35,145,136,24,115,19,7,3,33,22,10,0,76,10,226,11,30,7,174,14,6,0,28,4,0,0,0,0,4,0,0,0,26,0,0,0,8,0,0,0,0,0,0,0,0,0,5,0,3,0,0,0,0,0,1,0,0,0,1,0,0,0,0,0,0,0,0,0,0,0,0,0,0,0,0,0,0,0,0,0,0,0,0,0,0,0,0,0,0,0,0,0,0,0,0,0,0,0,0,0,0,0,0,0,0,0,5,0,8,0,1,0,0,0,5,0,13,0,0,0,0,0,0,0,0,0,0,0,31,0,36,0,58,0,54,0,0,0,0,0,0,0,6,0,0,0,7,1,106,3,33,0,0,0,100,0,0,0,120,70,14,6,48,0,10,0,85,0,2,5,0,0,0,0,0,0,0,0,0,0,0,0,2,0,0,0,0,0,0,0,7,0,0,0,0,0,0,0,0,0,0,0,201,16,0,0,37,9,129,4,279,25,118,0,0,6,12,1,16,0,36,0,29,0,48,0,171,0,0,0,0
0,148,27,95,165,0,0,6,0,28,44,146,78,79,305,62,0,5,55,46,47,145,39,70,0,12,20,25,0,4,11,65,5,101,0,53,0,83,0,0,2,22,0,6,0,0,0,28,0,0,0,13,0,1,0,7,0,0,0,0,0,4,0,1,0,29,0,12,0,0,0,0,0,0,0,0,0,0,0,0,0,0,0,0,0,4,0,0,0,0,0,0,0,0,0,0,0,0,0,0,0,0,0,0,0,0,0,0,0,0,0,0,0,0,0,0,0,0,0,0,0,0,0,4,0,5,0,3,0,0,0,10,0,5,0,0,0,15,0,0,0,0,0,0,0,2,0,21,0,40,0,44,0,42,0,0,0,0,0,1,0,0,0,0,0,6,0,20,0,9,0,0,2,12,0,16,16,177,16,33,0,24,0,4,0,91,0,3,0,0,0,0,0,0,0,0,0,0,0,0,0,0,0,0,0,0,0,0,0,5,0,0,0,0,0,4,0,0,0,12,3,141,0,0,0,60,4,53,0,232,0,84,0,103,0,9,0,11,0,16,0,6,0,13,0,58,0,0,0
12,65,62,6,18,0,0,46,35,153,12,0,24,0,18,0,45,0,5,0,0,0,46,13,308,181,0,0,55,0,0,0,7,0,0,0,4,0,169,0,6,0,4,0,0,0,0,0,0,0,0,0,230,9,335,44,12,0,12,0,349,0,275,28,10,0,28,7,0,0,0,0,0,0,3,0,1,0,0,0,0,0,0,0,0,0,0,0,0,0,0,0,0,0,0,0,0,0,0,0,0,0,0,0,0,0,0,0,0,0,0,0,0,0,0,0,0,0,0,0,0,0,0,0,41,0,61,0,12,0,59,0,26,0,47,0,18,0,0,0,0,0,14,0,0,0,17,0,16,0,30,0,0,0,35,0,0,0,2,0,13,0,0,0,6,0,1,0,17,0,98,0,288,0,0,0,19,20,0,1,0,0,1,33,0,0,0,0,0,0,0,0,0,0,0,0,0,0,0,0,3,0,0,0,0,0,0,0,56,0,0,0,10,0,224,1,0,0,0,0,396,0,20,0,47,0,88,2,504,0,108,0,395,0,43,0,10,0,165,0,107,0,66,0,521,0,0,0,0
40,2,3,28,0,6,46,0,122,20,0,0,0,4,0,18,23,19,0,0,0,3,10,8,125,181,0,0,0,73,0,0,0,23,0,0,0,15,0,275,0,0,0,0,0,0,0,0,0,0,0,0,25,7,33,173,0,9,0,3,0,127,9,130,0,3,0,6,0,0,0,0,0,0,0,0,0,0,0,0,0,0,0,0,0,2,0,0,0,0,0,2,0,0,0,0,0,2,0,0,0,0,0,0,0,0,0,0,0,0,0,0,0,0,0,0,0,0,0,0,0,0,0,0,0,18,0,22,0,7,0,10,0,15,0,27,0,33,0,2,0,0,0,0,0,0,0,0,0,10,0,30,0,0,0,4,0,0,0,1,0,14,0,0,0,0,0,0,0,4,0,26,0,64,0,0,4,22,0,0,0,0,0,6,0,0,0,0,0,0,0,0,0,1,0,0,0,0,0,0,0,0,0,0,0,0,0,0,0,38,0,20,0,0,0,126,0,0,0,5,0,319,0,8,0,15,0,26,0,305,0,42,0,333,0,35,0,2,0,64,0,4,0,9,0,246,0,0,0
43,47,8,0,27,0,35,122,0,377,26,0,24,0,16,0,4,30,5,0,0,0,0,1,5,322,7,0,0,0,0,0,0,0,0,0,0,0,0,0,6,0,0,0,1,0,0,0,2,0,0,0,79,37,98,173,9,8,12,31,151,0,103,78,126,0,145,42,0,0,0,0,0,0,0,0,0,0,0,0,0,0,0,0,0,0,0,0,0,0,0,0,0,0,0,0,0,0,0,0,0,0,0,0,0,0,0,0,0,0,0,0,0,0,0,0,0,0,0,0,0,0,1,0,41,0,70,0,9,0,46,0,9,0,11,2,0,0,0,0,0,0,0,0,0,0,44,0,68,0,48,0,9,0,7,6,0,0,0,0,0,0,0,0,3,0,0,0,6,0,74,0,86,0,0,0,331,68,1,0,3,0,9,19,47,14,0,0,0,0,0,0,0,0,0,0,0,0,0,0,2,0,0,0,0,0,17,0,21,0,0,0,0,0,116,3,0,0,1,0,173,0,9,0,22,0,108,0,203,0,65,0,225,2,29,2,6,0,146,1,67,0,62,0,392,0,0,0,0
26,130,0,6,1,28,153,20,377,0,0,46,0,0,0,4,11,8,0,10,0,0,4,1,234,21,0,12,0,0,0,0,0,0,0,0,0,0,0,90,0,7,0,0,0,0,0,0,0,1,0,3,152,64,196,90,0,19,0,8,1,160,5,317,0,99,25,137,0,0,0,0,0,0,0,0,0,0,0,0,0,0,0,0,0,7,0,0,0,2,0,0,0,0,0,0,0,0,0,2,0,0,0,0,0,0,0,0,0,0,0,0,0,0,0,0,0,0,0,0,0,0,0,0,0,32,0,26,0,12,0,38,0,36,0,4,0,16,0,0,0,0,0,0,0,1,0,7,0,66,0,81,0,2,28,5,0,17,0,0,0,1,0,1,0,1,0,2,0,4,0,7,0,23,0,0,33,353,0,14,0,0,0,52,0,21,0,0,0,0,0,0,0,1,0,0,0,0,0,1,0,0,0,0,0,0,0,11,0,55,0,0,0,7,0,231,0,0,0,7,3,253,0,20,0,10,0,63,0,255,1,23,0,432,0,48,0,3,0,141,0,9,1,14,0,415,0,0,0
77,10,28,17,55,44,12,0,26,0,0,52,155,0,26,176,52,0,9,12,143,6,39,14,0,1,10,0,7,0,51,0,324,2,11,0,178,4,8,0,11,0,0,0,0,0,0,0,2,0,8,1,0,0,2,0,0,0,0,0,0,0,0,0,3,0,1,0,0,0,0,0,0,0,0,0,0,0,0,0,0,0,0,0,0,0,0,0,0,0,0,0,0,0,0,0,0,0,0,0,2,0,0,0,0,0,0,0,0,0,0,0,0,0,0,0,0,0,0,0,0,0,0,0,2,0,4,0,0,0,0,0,0,0,0,0,0,0,0,0,0,0,0,0,0,0,0,0,5,0,23,0,24,0,0,0,0,0,0,0,0,0,0,0,2,0,46,0,0,0,4,0,57,0,0,0,61,23,5,1,23,0,5,0,25,0,0,0,0,0,0,0,0,0,0,0,0,0,0,0,0,0,0,0,0,0,0,0,0,0,3,0,0,0,0,0,2,0,1,0,183,11,4,0,9,0,92,8,167,11,122,0,86,0,0,0,10,0,30,0,24,0,37,0,140,0,0,0,0
7,165,47,7,100,146,0,0,0,46,52,0,24,199,235,13,0,12,25,23,18,86,107,54,0,2,0,51,0,13,0,56,0,141,0,32,6,142,0,0,0,70,1,0,0,7,0,36,0,0,0,4,0,0,0,0,0,1,0,0,0,2,0,2,0,25,0,7,0,0,0,0,0,0,0,0,0,0,0,0,0,6,0,1,0,0,0,0,0,0,0,0,0,0,0,0,0,1,0,0,0,0,0,0,0,0,0,0,0,0,0,0,0,0,0,0,0,0,0,2,0,5,0,0,1,9,0,0,0,0,0,0,0,3,0,0,0,0,0,0,0,0,0,0,0,0,0,28,0,62,0,108,0,110,0,0,0,0,0,0,0,0,0,0,0,0,0,10,0,3,0,0,0,18,0,50,14,187,3,37,0,114,0,18,0,136,1,4,0,0,0,0,0,1,0,0,0,6,0,0,0,1,0,0,0,0,0,0,0,5,0,0,0,0,0,9,0,2,0,6,0,131,0,0,0,17,3,83,0,118,0,87,1,91,0,9,0,7,0,25,0,6,0,6,1,64,0,0,0
86,2,51,2,174,78,24,0,24,0,155,24,0,260,56,30,0,0,80,274,64,36,2,0,0,0,107,217,0,1,31,0,18,0,150,12,106,10,0,0,219,34,60,37,18,24,8,23,21,0,174,32,0,0,1,0,0,0,1,0,0,0,0,0,4,0,7,0,0,0,0,0,0,0,0,0,0,0,0,0,0,0,0,0,0,0,0,0,0,0,0,0,0,0,0,0,0,0,0,0,0,0,0,0,0,0,0,0,0,0,0,0,0,0,0,0,0,0,0,0,0,0,0,0,6,0,14,0,0,0,0,0,0,0,4,0,0,0,0,0,0,0,4,0,0,0,19,0,13,0,36,0,24,0,0,0,0,0,0,0,0,0,0,0,24,2,21,0,0,0,0,0,10,0,18,0,200,109,67,0,52,0,16,0,48,0,75,28,2,0,0,0,0,0,0,0,0,0,0,0,6,0,0,0,0,0,0,0,0,0,0,0,0,0,3,0,0,0,71,74,36,0,4,13,151,15,118,0,59,12,42,0,19,0,4,0,0,0,11,0,11,0,11,0,46,0,0,0,0
0,62,1,12,55,79,0,4,0,0,0,199,260,0,34,0,1,0,284,14,31,36,1,0,0,0,218,26,0,0,0,0,0,4,24,84,0,53,0,0,44,191,35,119,7,26,10,57,0,11,36,162,0,0,0,0,0,0,0,1,0,0,0,0,0,14,0,6,0,0,0,0,0,0,0,0,0,0,0,0,0,4,0,0,0,0,0,0,0,0,0,0,0,0,0,0,0,0,0,0,0,1,0,0,0,0,0,0,0,0,0,0,0,0,0,0,0,0,0,0,0,0,1,0,0,0,0,0,0,0,0,3,0,0,0,0,0,0,0,0,0,0,0,0,0,0,0,0,0,0,0,0,0,19,0,0,0,0,0,0,0,0,0,0,0,30,0,0,0,10,0,0,0,2,0,0,13,298,8,36,0,25,0,0,0,8,5,79,0,0,0,0,0,0,0,0,0,0,0,0,0,0,0,0,0,0,0,0,0,5,0,0,0,0,0,2,0,0,17,223,0,0,0,42,0,122,5,78,0,48,0,17,0,15,0,2,0,1,0,0,0,3,0,5,4,10,0,0,0
10,13,129,39,140,305,18,0,16,0,26,235,56,34,0,466,63,2,157,118,331,32,350,21,54,0,215,14,2,0,161,31,186,27,36,6,130,14,0,0,16,0,0,0,3,0,4,0,0,0,25,1,15,0,51,0,0,0,0,0,0,0,8,0,5,0,0,0,0,0,0,0,0,0,0,0,0,0,0,0,0,0,0,0,0,0,0,0,0,0,0,0,0,0,0,0,20,0,0,0,0,0,0,0,0,0,8,0,0,0,0,0,0,0,0,0,0,0,1,0,0,0,0,0,0,0,0,0,3,0,0,0,13,0,50,0,72,0,0,0,0,0,81,0,0,0,24,0,34,0,20,0,24,0,0,0,0,0,0,0,0,0,0,0,2,2,110,6,10,0,0,0,31,0,3,0,43,54,2,5,16,0,1,0,69,0,0,0,0,0,0,0,0,0,0,0,0,0,0,0,19,0,0,0,0,0,0,0,12,0,1,0,0,0,11,0,0,0,0,0,63,33,0,0,26,0,97,11,104,29,0,0,29,0,8,0,3,0,18,0,19,0,21,0,65,5,0,0,0
33,65,116,271,239,62,0,18,0,4,176,13,30,0,466,0,16,81,14,207,36,222,292,320,0,138,6,16,0,0,15,82,10,82,0,17,21,35,0,0,0,0,0,22,0,1,0,0,0,0,0,14,0,1,0,17,0,0,0,0,0,2,0,17,0,11,0,0,0,0,0,0,0,0,0,0,0,0,0,0,0,26,0,0,0,49,0,0,0,0,0,19,0,1,0,0,0,33,0,24,0,29,0,7,0,0,0,0,0,0,0,0,0,0,0,0,0,0,0,0,0,5,0,0,0,0,0,0,0,2,0,0,0,0,0,111,0,148,0,3,0,4,0,36,0,0,0,2,0,8,0,14,0,6,0,7,0,0,0,0,0,0,0,0,0,0,0,22,0,5,0,0,0,11,0,0,13,41,12,26,0,0,0,0,0,19,0,1,0,0,0,0,0,0,0,0,0,0,0,0,0,0,0,0,0,0,0,4,0,31,0,0,0,0,0,7,0,0,0,0,6,85,0,0,0,6,0,185,0,118,0,38,0,64,0,3,0,3,0,14,2,4,0,7,0,40,0,0,0
124,108,166,22,21,0,45,23,4,11,52,0,0,1,63,16,0,31,49,0,355,0,95,49,106,163,136,0,159,0,115,0,114,0,58,0,18,2,180,0,0,0,0,0,0,0,1,0,0,0,21,0,58,0,31,0,4,0,0,0,30,0,405,0,0,0,0,0,0,0,59,0,0,0,99,0,0,0,0,0,160,0,0,0,186,0,41,0,0,0,154,0,0,0,0,0,201,0,329,0,33,0,0,0,0,0,33,0,0,0,0,0,0,0,0,0,0,0,0,0,129,0,107,0,0,0,0,0,0,0,0,0,0,0,20,0,29,0,44,0,89,0,117,0,15,0,0,0,0,0,0,0,0,0,8,0,0,0,8,0,2,0,2,0,1,0,0,0,9,0,3,0,47,0,0,0,1,0,0,0,0,0,0,6,0,0,0,0,0,0,0,0,0,0,0,0,0,0,0,0,31,0,0,0,0,0,0,0,0,0,0,0,0,0,9,1,0,0,0,0,35,0,0,0,0,0,33,9,43,0,7,0,20,0,0,0,2,0,4,0,6,0,2,0,26,0,0,0,0
45,100,41,17,0,5,0,19,30,8,0,12,0,0,2,81,31,0,0,66,0,206,122,184,54,246,0,9,0,113,1,62,0,25,0,12,0,31,0,71,0,0,0,21,0,0,0,0,0,0,0,13,2,27,11,48,0,23,0,0,0,20,0,274,0,0,0,0,0,0,0,0,0,0,0,0,0,0,0,0,0,96,0,0,0,172,0,39,0,28,0,0,0,0,0,21,0,25,0,85,0,71,0,0,0,0,0,9,0,0,0,0,0,0,0,0,0,0,0,0,0,28,0,19,0,0,0,0,2,54,0,0,0,69,0,160,0,276,0,136,0,88,0,228,0,15,0,0,0,0,0,0,0,0,0,31,0,4,0,0,0,10,0,0,0,0,0,0,0,5,0,2,0,6,0,0,0,26,0,8,0,0,0,66,0,0,0,0,0,0,0,0,0,0,0,0,0,0,0,0,0,0,0,0,0,0,0,0,0,15,0,0,0,0,0,4,0,0,0,0,0,27,0,0,0,0,0,97,0,28,0,0,0,22,0,0,0,0,0,7,0,2,0,0,0,12,0,0,0
0,0,24,0,35,55,5,0,5,0,9,25,80,284,157,14,49,0,0,278,93,50,97,0,24,0,115,149,2,0,17,3,2,3,111,9,39,9,0,0,7,12,23,26,2,9,0,3,0,0,145,42,2,0,10,0,2,0,0,0,0,0,6,0,0,0,0,0,0,0,0,1,0,0,2,0,0,0,0,0,6,0,0,0,0,0,0,0,0,0,0,0,0,0,4,0,0,0,14,0,0,0,4,0,0,0,0,0,0,0,0,0,0,0,0,0,0,0,0,0,7,0,0,0,1,0,0,0,0,0,0,0,0,0,0,0,11,0,0,0,0,0,12,0,0,0,0,0,5,0,0,0,4,0,2,0,0,0,0,0,1,0,0,0,22,0,31,0,23,0,0,0,1,0,0,0,24,34,6,0,0,0,0,0,6,0,3,30,0,0,0,0,0,0,0,0,0,0,0,0,0,0,0,0,0,0,0,0,0,0,0,0,0,0,2,1,0,0,20,12,24,0,0,0,142,20,92,7,36,6,24,0,0,4,0,0,6,0,13,0,8,0,5,0,56,0,0,0,0
0,68,4,115,145,46,0,0,0,10,12,23,274,14,118,207,0,66,278,0,57,254,0,145,0,38,74,142,0,0,6,73,3,19,35,189,15,71,0,0,0,4,0,84,0,9,0,6,1,0,31,79,0,0,0,0,0,0,0,0,0,1,0,21,0,21,0,0,0,0,0,0,0,0,0,0,0,0,0,0,0,57,0,0,0,62,0,0,0,26,0,25,0,0,0,18,0,0,0,31,0,47,0,0,0,0,0,0,0,0,0,0,0,0,0,0,0,0,0,0,0,0,0,0,0,0,0,0,0,0,0,0,0,0,0,74,0,78,0,0,0,2,0,26,0,5,0,0,0,13,0,26,0,12,0,0,0,0,0,0,0,0,0,0,0,33,4,19,0,21,0,0,0,8,0,0,13,46,15,12,0,0,0,1,0,44,1,28,0,0,0,0,0,0,0,0,0,4,0,0,0,0,0,0,0,0,0,0,0,0,0,1,0,0,0,12,0,0,2,46,0,44,0,6,21,193,6,63,0,117,0,50,0,37,0,0,0,6,0,13,0,6,0,0,7,36,0,0,0
17,6,52,0,136,47,0,0,0,0,143,18,64,31,331,36,355,0,93,57,0,0,197,0,45,2,120,13,19,0,83,2,48,5,95,2,20,5,0,1,0,0,60,0,6,0,0,0,1,0,39,0,4,0,8,0,0,0,0,0,6,0,68,0,0,0,0,0,0,0,54,0,4,0,29,0,0,0,0,0,0,0,0,0,35,0,28,0,0,0,48,0,0,0,0,0,41,0,111,0,0,0,0,0,0,0,0,0,0,0,0,0,0,0,0,0,0,0,0,0,64,0,19,0,0,0,0,0,0,0,0,0,0,0,0,0,0,0,0,0,15,0,38,0,15,0,0,0,0,0,0,0,0,0,0,0,0,0,0,0,2,0,0,0,9,1,88,1,16,0,4,0,24,0,0,0,16,5,8,0,0,0,0,0,0,0,0,0,0,0,0,0,4,0,0,0,0,0,0,0,0,0,0,0,0,0,0,0,0,0,1,0,2,0,12,0,0,0,7,3,79,0,7,0,37,7,156,2,87,0,71,0,37,0,7,0,8,0,16,0,14,0,26,0,101,0,0,0,0
0,16,3,50,24,145,0,3,0,0,6,86,36,36,32,222,0,206,50,254,0,0,6,191,0,70,16,48,0,8,0,60,0,17,0,29,0,10,0,0,1,0,0,111,0,0,0,0,0,0,0,73,0,7,0,0,0,0,0,0,0,2,0,63,0,0,0,0,0,0,0,0,0,0,0,0,0,0,0,6,0,103,0,0,0,122,0,64,0,15,0,0,0,0,0,22,0,7,0,46,0,0,0,5,0,0,0,0,0,0,0,0,0,0,0,0,0,0,0,0,0,53,0,25,0,0,0,0,0,0,0,0,0,0,0,68,0,78,0,25,0,55,0,104,0,13,0,0,0,0,0,0,0,0,0,0,0,0,0,0,0,0,0,0,0,49,0,2,0,5,0,1,0,4,0,0,0,57,0,40,0,0,0,0,0,9,0,13,0,0,0,0,0,0,0,0,0,0,0,0,0,0,0,0,0,0,0,0,0,0,0,0,0,0,0,0,0,0,1,20,1,37,0,0,1,101,2,98,0,67,0,35,0,50,0,3,0,3,0,14,0,5,0,4,0,33,0,0,0
42,447,381,157,115,39,46,10,0,4,39,107,2,1,350,292,95,122,97,0,197,6,0,279,173,204,105,0,42,24,43,0,109,9,14,0,26,17,33,12,2,0,2,0,3,0,1,0,0,0,0,0,23,0,74,0,0,0,0,0,0,0,20,0,0,0,0,0,0,0,6,0,0,0,8,0,0,0,0,0,0,0,0,0,45,0,0,0,0,0,29,0,0,0,0,0,25,0,0,0,0,0,0,0,0,0,8,0,0,0,0,0,0,0,0,0,0,0,0,0,0,0,13,0,0,0,0,0,0,0,0,3,5,0,55,0,83,0,2,0,0,0,104,0,0,0,0,0,0,0,1,0,0,0,8,0,0,0,0,0,0,0,0,0,0,0,11,0,5,0,2,0,52,2,0,0,25,31,0,1,0,0,0,10,0,0,0,0,0,0,0,0,0,0,0,0,0,0,0,0,20,0,0,0,0,0,0,0,12,0,0,0,0,0,12,0,0,0,0,0,55,0,0,0,0,0,75,31,64,0,27,5,46,0,4,0,0,0,13,1,8,0,7,0,52,11,0,0,0
108,98,103,214,19,70,13,8,1,1,14,54,0,0,21,320,49,184,0,145,0,191,279,0,55,314,0,15,1,8,0,43,0,16,0,14,2,23,0,12,0,0,0,41,0,5,0,1,0,0,0,21,0,7,0,10,0,6,0,0,0,3,7,50,0,0,0,0,0,0,0,0,0,0,0,0,0,1,0,0,0,38,0,0,0,76,0,0,0,15,0,16,0,0,0,13,0,17,0,42,0,29,0,5,0,0,0,0,0,0,0,0,0,0,0,0,0,0,0,0,0,18,0,0,0,0,0,0,0,3,0,1,0,16,0,105,0,106,0,0,0,5,0,54,0,0,0,0,0,0,0,0,0,0,0,7,0,0,0,0,0,0,0,0,1,0,0,3,0,0,0,1,0,13,0,0,0,49,0,29,0,0,2,7,0,0,0,0,0,0,0,0,0,0,0,0,0,0,0,0,0,2,0,0,0,0,0,0,0,8,0,0,0,0,0,8,0,0,0,0,0,56,0,2,0,8,0,285,0,82,0,18,0,27,0,3,0,0,0,13,0,6,0,8,0,36,0,0,0
7,175,140,31,7,0,308,125,5,234,0,0,0,0,54,0,106,54,24,0,45,0,173,55,0,494,29,0,26,0,4,0,8,0,8,0,2,0,29,7,0,0,0,0,0,0,0,0,0,0,0,0,109,0,159,16,2,0,2,0,18,3,120,26,0,0,0,0,0,0,0,0,0,0,10,0,0,0,0,0,0,0,0,0,109,0,0,0,0,0,90,0,0,0,0,0,122,0,67,0,0,0,0,0,0,0,0,0,0,0,0,0,0,0,0,0,0,0,0,0,0,1,28,0,5,0,14,0,5,0,3,0,19,0,86,0,133,0,20,0,50,0,190,0,3,0,3,0,4,0,0,0,0,0,45,0,0,0,12,0,1,0,0,0,0,0,0,0,4,0,8,0,20,0,0,0,2,8,0,0,0,0,0,61,3,0,0,0,0,0,0,0,0,0,0,0,0,0,0,0,39,0,0,0,0,0,0,0,13,0,2,0,1,0,7,0,0,0,0,0,34,0,0,0,0,0,17,0,43,0,9,0,26,0,3,0,1,0,11,3,10,0,2,0,39,0,0,0,0
225,91,53,98,3,12,181,181,322,21,1,2,0,0,0,138,163,246,0,38,2,70,204,314,494,0,0,2,1,182,0,22,0,57,0,4,0,47,0,205,0,0,0,0,0,0,0,0,0,0,0,0,27,5,122,109,0,17,0,1,0,56,48,61,0,0,2,0,0,0,0,0,0,0,0,0,0,0,0,0,0,15,0,0,0,29,0,11,0,0,0,13,0,0,0,0,0,33,0,17,1,11,0,0,0,0,0,0,0,0,0,0,0,0,0,0,0,0,0,0,0,0,0,0,0,0,0,0,0,21,0,6,0,26,3,120,0,214,0,5,0,0,0,49,0,0,0,1,0,0,0,0,0,0,0,30,0,0,0,11,0,6,0,0,0,0,0,0,0,4,0,12,3,50,0,0,5,32,0,0,0,0,0,4,0,0,0,0,0,0,0,1,0,0,0,0,0,3,0,7,0,6,0,0,0,0,0,0,0,24,0,9,0,0,0,24,0,0,0,1,0,157,1,1,0,4,0,26,7,178,0,11,0,146,0,10,0,1,0,22,0,5,0,2,0,99,0,0,0
11,0,39,0,33,20,0,0,7,0,10,0,107,218,215,6,136,0,115,74,120,16,105,0,29,0,0,194,24,0,27,2,11,0,37,0,60,0,0,0,9,72,241,39,57,26,5,33,4,1,216,33,0,0,5,0,0,0,0,0,0,0,35,0,0,0,1,0,8,0,73,0,5,0,21,0,0,0,0,0,0,1,0,0,0,0,0,0,0,0,0,0,0,0,0,0,0,0,113,0,0,0,0,0,0,0,0,0,0,0,0,0,0,0,0,0,0,0,0,0,0,0,0,0,0,0,0,0,0,0,0,0,0,0,17,0,0,0,0,0,0,0,0,0,0,0,0,0,8,0,5,0,7,0,0,0,0,0,0,0,0,0,0,0,82,0,0,0,0,0,0,0,0,0,0,0,30,36,32,0,8,0,1,0,11,0,14,4,0,0,0,0,0,0,0,0,0,0,0,0,0,0,0,0,0,0,0,0,0,0,0,0,2,0,0,0,0,0,419,74,17,0,14,12,247,3,24,0,0,0,13,0,10,0,0,0,0,0,11,0,3,0,7,0,20,0,0,0,0
0,40,0,17,22,25,0,0,0,12,0,51,217,26,14,16,0,9,149,142,13,48,0,15,0,2,194,0,0,0,0,19,0,5,7,92,0,32,0,0,77,26,47,335,15,120,19,24,3,4,40,248,0,0,0,0,0,0,0,1,0,0,0,0,0,26,0,11,0,7,0,0,0,0,0,0,0,0,0,1,0,0,0,0,0,0,0,19,0,0,0,0,0,0,0,0,0,0,0,8,0,0,0,0,0,0,0,0,0,0,0,0,0,0,0,0,0,0,0,0,0,6,0,0,0,0,0,0,0,0,0,0,0,0,0,14,0,0,0,0,0,0,0,0,0,0,0,0,0,13,0,14,0,5,0,0,0,0,0,0,0,0,0,0,0,87,0,0,0,48,0,0,0,0,0,0,3,60,2,17,0,0,0,0,0,23,5,22,0,0,0,0,0,0,0,0,0,0,0,0,0,0,0,0,0,0,0,0,0,5,0,0,0,0,0,0,0,0,0,371,0,0,0,111,0,167,0,61,0,33,0,0,0,13,0,2,0,3,0,4,0,1,0,0,0,0,0,0,0
96,0,169,0,10,0,55,0,0,0,7,0,0,0,2,0,159,0,2,0,19,0,42,1,26,1,24,0,0,0,7,0,7,0,23,0,13,0,5,0,0,0,36,0,4,0,0,0,0,0,19,0,6,0,3,0,0,0,2,0,4,0,43,0,0,0,0,0,0,0,48,0,2,0,15,0,0,0,4,0,31,0,0,0,22,0,22,0,0,0,18,0,0,0,0,0,12,0,71,0,8,0,0,0,0,0,0,0,0,0,0,0,0,0,0,0,0,0,0,0,39,0,28,0,0,0,0,0,0,0,1,0,0,0,0,0,0,0,34,0,34,0,28,0,31,0,0,0,0,0,0,0,0,0,0,0,0,0,2,0,0,0,0,0,0,0,0,0,0,0,1,0,0,0,0,0,0,0,0,0,0,0,0,0,0,0,0,0,0,0,0,0,0,0,0,0,0,0,0,0,0,0,0,0,0,0,0,0,0,0,0,0,0,0,0,0,0,0,0,0,0,0,0,0,0,0,2,0,0,0,0,0,0,0,0,0,0,0,0,0,0,0,0,0,0,0,0,0,0
7,182,6,25,0,4,0,73,0,0,0,13,1,0,0,0,0,113,0,0,0,8,24,8,0,182,0,0,0,0,0,1,0,10,0,0,0,4,0,14,0,0,0,0,0,0,0,0,0,0,0,3,0,8,0,24,0,16,0,0,0,11,0,48,0,0,0,0,0,0,0,0,0,0,0,0,0,0,0,0,0,0,0,0,0,34,0,0,0,0,0,0,0,0,0,0,0,0,0,0,0,2,0,0,0,0,0,1,0,0,0,0,0,0,0,0,0,0,0,0,0,14,0,6,1,4,0,0,0,27,0,0,0,22,0,43,0,111,0,155,0,109,0,84,0,14,0,0,0,0,0,0,0,0,0,12,0,0,0,13,0,3,0,0,0,0,0,0,0,0,0,0,0,2,0,0,1,47,0,1,0,0,0,54,0,0,0,0,0,0,0,0,0,0,0,0,0,0,0,1,0,0,0,0,0,0,0,0,0,0,0,0,0,0,0,0,0,0,0,0,0,3,0,0,0,0,0,42,0,6,0,2,0,0,0,0,0,0,0,0,0,0,0,0,0,4,0,0,0
14,2,18,0,76,11,0,0,0,0,51,0,31,0,161,15,115,1,17,6,83,0,43,0,4,0,27,0,7,0,0,0,3,1,37,0,15,0,1,0,0,0,30,0,0,0,0,0,0,0,35,0,0,0,4,0,0,0,0,0,0,0,23,0,0,0,0,0,0,0,41,0,1,0,12,0,0,0,0,0,24,0,0,0,14,0,8,0,0,0,0,0,0,0,0,0,0,0,54,0,5,0,0,0,0,0,0,0,0,0,0,0,0,0,0,0,0,0,0,0,17,0,13,0,0,0,0,0,0,0,0,0,0,0,0,0,0,0,0,0,4,0,8,0,4,0,0,0,0,0,0,0,0,0,0,0,0,0,0,0,0,0,0,0,1,0,38,0,0,0,2,0,10,0,0,0,9,2,11,0,1,0,0,0,0,0,0,0,0,0,0,0,0,0,0,0,0,0,0,0,0,0,0,0,0,0,0,0,0,0,0,0,0,0,0,0,0,0,0,0,25,0,0,0,8,0,58,0,46,0,14,0,0,0,0,0,0,0,1,0,0,0,3,0,0,0,0,0,0
0,16,0,28,10,65,0,0,0,0,0,56,0,0,31,82,0,62,3,73,2,60,0,43,0,22,2,19,0,1,0,0,0,3,0,40,0,17,0,0,0,0,0,62,0,4,0,0,0,0,0,19,0,1,0,3,0,0,0,0,0,0,0,13,0,0,0,0,0,0,0,0,0,0,0,0,0,0,0,1,0,30,0,0,0,36,0,0,0,0,0,0,0,0,0,0,0,0,0,0,0,0,0,0,0,0,0,0,0,0,0,0,0,0,0,0,0,0,0,0,0,16,0,0,0,0,0,0,0,0,0,0,0,0,0,23,0,26,0,7,0,24,0,27,0,2,0,0,0,0,0,2,0,0,0,0,0,1,0,0,0,0,0,0,0,0,0,2,0,1,0,0,0,3,0,0,1,51,0,36,0,5,0,0,0,0,0,4,0,0,0,0,0,0,0,0,0,0,0,0,0,0,0,0,0,0,0,0,0,0,0,0,0,0,0,0,0,0,0,2,0,14,0,0,0,5,0,35,0,10,0,11,0,10,0,0,0,3,0,3,0,0,0,0,0,6,0,0,0
139,3,138,6,226,5,7,0,0,0,324,0,18,0,186,10,114,0,2,3,48,0,109,0,8,0,11,0,7,0,3,0,0,2,16,0,27,0,0,0,0,0,14,0,0,0,0,0,0,0,13,0,0,0,3,0,0,0,0,0,2,0,30,0,0,0,0,0,0,0,40,0,0,0,21,0,0,0,0,0,39,0,0,0,0,0,0,0,0,0,0,0,0,0,0,0,0,0,81,0,0,0,0,0,0,0,0,0,0,0,0,0,0,0,0,0,0,0,0,0,40,0,0,0,0,0,0,0,0,0,0,0,0,0,4,0,0,0,8,0,8,0,0,0,11,0,0,0,0,0,7,0,0,0,0,0,1,0,1,0,0,0,0,0,0,0,59,0,4,0,2,0,21,0,0,0,19,0,3,0,3,0,2,0,6,0,0,0,0,0,0,0,0,0,0,0,0,0,0,0,1,0,0,0,0,0,0,0,0,0,0,0,0,0,0,0,0,0,0,0,37,0,1,0,2,0,33,0,57,0,16,0,0,0,0,0,0,0,9,0,1,0,8,0,16,0,0,0,0
0,135,0,72,11,101,0,23,0,0,2,141,0,4,27,82,0,25,3,19,5,17,9,16,0,57,0,5,0,10,1,3,2,0,0,11,0,47,0,0,0,0,0,15,0,2,0,0,0,0,0,8,0,3,0,5,0,0,0,0,0,12,0,7,0,0,0,0,0,0,0,0,0,1,0,0,0,0,0,0,0,20,0,0,0,0,0,0,0,0,0,0,0,0,0,0,0,0,0,4,0,0,0,0,0,0,0,0,0,0,0,0,0,0,0,0,0,0,0,0,0,7,0,11,0,0,0,0,0,8,0,0,0,0,0,15,0,24,0,47,0,51,0,50,0,9,0,0,0,0,0,0,0,0,0,3,0,7,0,0,0,0,0,0,0,1,0,1,0,2,0,0,0,4,0,0,1,76,1,76,0,0,0,20,0,5,0,1,0,0,0,0,0,0,0,0,0,0,0,0,0,0,0,0,0,0,0,0,0,0,0,0,0,0,0,0,0,0,0,0,0,19,0,0,0,3,0,59,0,45,0,0,0,5,0,0,0,0,0,0,0,1,0,0,0,3,0,0,0
4,0,0,0,30,0,0,0,0,0,11,0,150,24,36,0,58,0,111,35,95,0,14,0,8,0,37,7,23,0,37,0,16,0,0,2,100,0,0,0,0,1,30,0,5,0,0,0,1,0,92,0,0,0,0,0,5,0,3,0,0,0,0,0,0,0,0,0,2,0,37,0,0,0,10,0,0,0,0,0,0,0,0,0,0,0,20,0,0,0,0,0,0,0,0,0,0,0,62,0,0,0,0,0,0,0,0,0,0,0,0,0,0,0,0,0,0,0,0,0,31,0,0,0,0,0,0,0,0,0,0,0,0,0,0,0,0,0,0,0,0,0,0,0,0,0,0,0,0,0,0,0,0,0,0,0,0,0,0,0,0,0,0,0,48,0,40,0,31,0,0,0,9,0,0,0,13,2,32,0,3,0,0,0,1,0,0,3,0,0,0,0,0,0,0,0,0,0,0,0,0,0,0,0,0,0,0,0,0,0,0,0,0,0,0,0,0,0,33,3,23,0,0,0,150,0,104,0,49,0,44,0,6,0,2,0,0,0,4,0,7,0,0,0,38,0,0,0,0
0,1,0,3,7,53,0,0,0,0,0,32,12,84,6,17,0,12,9,189,2,29,0,14,0,4,0,92,0,0,0,40,0,11,2,0,0,52,0,0,0,0,0,33,0,3,0,0,0,0,2,15,0,0,0,0,0,0,0,1,0,3,0,6,0,0,0,0,0,0,0,0,0,0,0,1,0,0,0,0,0,50,0,0,0,45,0,21,0,6,0,0,0,0,0,0,0,0,0,17,0,0,0,0,0,0,0,0,0,0,0,0,0,0,0,0,0,0,0,0,0,21,0,15,0,0,0,0,0,0,0,0,0,0,0,0,0,20,0,17,0,35,0,53,0,11,0,0,0,1,0,0,0,3,0,0,0,0,0,0,0,1,0,0,0,7,0,5,0,4,0,3,0,1,0,0,3,38,1,17,0,0,0,0,0,0,0,17,0,0,0,0,0,0,0,0,0,0,0,0,0,0,0,0,0,0,0,0,0,0,0,0,0,1,0,0,0,0,0,2,0,6,0,0,4,45,0,17,0,36,0,12,0,7,0,1,0,0,0,0,0,0,0,0,0,5,0,0,0
53,0,25,0,174,0,4,0,0,0,178,6,106,0,130,21,18,0,39,15,20,0,26,2,2,0,60,0,13,0,15,0,27,0,100,0,0,0,5,0,0,0,72,0,13,0,0,0,0,0,84,0,0,0,3,0,8,0,0,0,15,0,7,0,0,0,1,0,0,0,105,0,3,0,27,0,0,0,0,0,65,0,0,0,0,0,47,0,0,0,17,0,0,0,0,0,0,0,83,0,14,0,0,0,0,0,0,0,0,0,0,0,0,0,0,0,0,0,0,0,70,0,0,0,0,0,0,0,0,0,0,0,0,0,0,0,0,0,24,0,39,0,0,0,68,0,0,0,0,0,0,0,0,0,1,0,11,0,0,0,4,0,19,0,11,0,99,0,20,0,24,0,41,0,0,0,19,4,35,0,5,0,0,0,4,0,0,0,2,0,0,0,0,0,0,0,0,0,0,0,0,0,0,0,0,0,0,0,0,0,0,0,0,0,6,0,0,0,3,1,57,0,0,0,46,0,58,0,125,0,20,0,17,0,18,0,5,0,15,0,0,0,7,0,34,0,0,0,0
0,153,8,34,14,83,0,15,0,0,4,142,10,53,14,35,2,31,9,71,5,10,17,23,0,47,0,32,0,4,0,17,0,47,0,52,0,0,0,1,0,0,0,30,0,3,0,0,0,0,0,11,0,0,0,0,0,5,0,0,0,30,0,0,0,0,0,0,0,0,0,7,0,1,0,3,0,0,0,3,0,37,0,0,0,74,0,28,0,7,0,3,0,0,0,0,0,0,0,17,0,0,0,0,0,0,0,0,0,0,0,0,0,0,0,0,0,0,0,0,0,37,0,23,0,0,0,0,0,0,0,0,0,0,0,0,0,18,0,48,1,105,0,99,0,40,0,0,0,7,0,0,0,6,0,0,0,14,0,0,0,0,0,0,0,5,0,4,0,4,0,7,0,8,0,0,0,76,1,63,0,0,0,16,0,0,0,18,0,0,0,0,0,0,0,0,0,0,0,0,0,0,0,0,0,0,0,0,0,0,0,0,0,0,0,0,0,2,0,0,0,9,0,0,0,37,0,153,0,62,0,6,0,0,0,1,0,0,0,0,0,0,0,0,0,0,0,0,0
291,0,246,0,6,0,169,0,0,0,8,0,0,0,0,0,180,0,0,0,0,0,33,0,29,0,0,0,5,0,1,0,0,0,0,0,5,0,0,0,0,0,0,0,0,0,0,0,0,0,2,0,14,0,7,0,0,0,3,0,5,0,56,0,0,0,0,0,0,0,30,0,0,0,12,0,0,0,0,0,0,0,0,0,11,0,0,0,0,0,0,0,0,0,0,0,0,0,51,0,0,0,0,0,0,0,0,0,0,0,0,0,0,0,0,0,0,0,0,0,32,0,8,0,0,0,0,0,0,0,0,0,0,0,0,0,1,0,39,0,32,0,9,0,45,0,0,0,0,0,0,0,0,0,1,0,6,0,2,0,0,0,4,0,0,0,0,0,0,0,6,0,61,0,0,0,4,0,0,0,0,0,2,0,5,0,0,0,0,0,0,0,0,0,0,0,0,0,0,0,0,0,0,0,0,0,0,0,0,0,0,0,0,0,3,0,0,0,0,0,0,0,2,0,0,0,33,0,9,0,10,0,10,0,0,0,0,0,0,0,6,0,6,0,30,0,0,0,0
6,263,0,16,0,0,0,275,0,90,0,0,0,0,0,0,0,71,0,0,1,0,12,12,7,205,0,0,0,14,0,0,0,0,0,0,0,1,0,0,0,0,0,0,0,0,0,0,0,0,0,0,0,0,0,0,0,4,0,0,0,14,0,11,0,0,0,0,0,0,0,0,0,0,0,0,0,0,0,0,0,0,0,0,0,4,0,0,0,0,0,0,0,0,0,0,0,0,0,2,0,0,0,0,0,0,0,0,0,0,0,0,0,0,0,0,0,0,0,0,0,0,0,0,0,0,0,0,0,0,0,0,0,0,0,0,0,16,0,59,0,18,0,6,0,22,0,0,0,0,0,0,0,1,0,15,0,13,0,3,0,0,0,0,0,0,0,0,0,0,0,1,0,7,0,2,1,43,0,2,0,0,0,43,0,0,0,0,0,0,0,0,0,0,0,0,0,0,0,0,0,0,0,0,0,0,0,2,0,0,0,0,0,0,0,0,0,0,0,0,0,0,0,0,0,0,0,152,0,7,0,0,0,0,0,0,0,0,0,5,0,0,0,0,0,3,0,0,0
6,0,6,0,28,2,6,0,6,0,11,0,219,44,16,0,0,0,7,0,0,1,2,0,0,0,9,77,0,0,0,0,0,0,0,0,0,0,0,0,0,141,45,9,63,25,13,75,58,2,8,0,0,0,0,0,0,0,0,0,0,0,0,0,2,0,1,0,2,0,0,0,0,0,0,0,0,0,0,0,0,0,0,0,0,0,0,0,0,0,0,0,0,0,0,0,0,0,0,0,0,0,0,0,0,0,0,0,0,0,0,0,0,0,0,0,0,0,0,0,0,0,0,0,0,0,0,0,0,0,0,0,0,0,0,0,0,0,0,0,0,0,0,0,0,0,0,0,3,0,6,0,0,0,0,0,0,0,0,0,0,0,0,0,47,0,0,0,0,0,0,0,0,0,3,0,9,24,7,0,2,0,0,0,2,0,35,0,0,0,0,0,0,0,0,0,0,0,0,0,0,0,0,0,0,0,0,0,0,0,0,0,0,0,0,0,0,0,349,75,0,0,88,86,0,0,1,0,6,0,0,0,0,0,0,0,0,0,0,0,0,0,0,0,0,0,0,0,0
0,36,0,6,4,22,0,0,0,7,0,70,34,191,0,0,0,0,12,4,0,0,0,0,0,0,72,26,0,0,0,0,0,0,1,0,0,0,0,0,141,0,17,32,12,55,31,62,2,94,10,5,0,0,0,0,0,0,0,0,0,0,0,0,0,9,0,4,0,1,0,0,0,0,0,0,0,0,0,0,0,0,0,0,0,0,0,0,0,0,0,0,0,0,0,3,0,0,0,0,0,0,0,0,0,0,0,0,0,0,0,0,0,0,0,0,0,0,0,0,0,0,0,0,0,0,0,0,0,0,0,0,0,0,0,0,0,0,0,0,0,0,0,0,0,0,0,0,0,0,0,3,0,0,0,0,0,0,0,0,0,0,0,0,3,39,0,0,0,8,0,0,0,0,0,6,1,173,0,14,0,22,0,0,0,4,11,14,0,0,0,0,0,0,0,0,0,1,0,0,0,0,0,0,0,0,0,0,0,0,0,0,0,0,0,0,0,0,93,122,0,2,9,407,0,0,0,0,0,0,0,0,0,0,0,0,0,0,0,0,0,0,0,0,0,0,0,0,0
0,0,0,1,0,0,4,0,0,0,0,1,60,35,0,0,0,0,23,0,60,0,2,0,0,0,241,47,36,0,30,0,14,0,30,0,72,0,0,0,45,17,0,8,129,14,40,15,8,0,61,7,0,0,0,0,0,0,0,0,0,0,0,0,0,0,1,0,0,0,25,0,0,0,0,0,0,0,0,0,0,0,0,0,0,0,0,0,0,0,0,0,0,0,0,0,0,0,0,0,0,0,0,0,0,0,0,0,0,0,0,0,0,0,0,0,0,0,0,0,21,0,0,0,0,0,0,0,0,0,0,0,0,0,0,0,0,0,0,0,2,0,0,0,0,0,0,0,0,0,0,0,2,0,0,0,0,0,0,0,0,0,5,0,21,0,5,0,4,0,0,0,6,0,0,0,4,6,20,0,1,0,0,0,0,0,13,0,0,0,0,0,0,0,0,0,0,0,0,0,0,0,0,0,0,0,0,0,0,0,0,0,0,0,0,0,0,0,143,21,6,0,13,11,48,0,11,0,19,0,3,0,0,0,5,0,0,0,0,0,0,0,0,0,10,0,0,0,0
0,0,0,0,0,6,0,0,0,0,0,0,37,119,0,22,0,21,26,84,0,111,0,41,0,0,39,335,0,0,0,62,0,15,0,33,0,30,0,0,9,32,8,0,0,42,2,17,0,0,3,76,0,0,0,0,0,0,0,0,0,5,0,13,0,0,0,0,0,0,0,0,0,0,0,4,0,0,0,0,0,47,0,4,0,0,0,0,0,0,0,0,0,0,0,8,0,0,0,16,0,0,0,0,0,0,0,0,0,0,0,0,0,0,0,0,0,0,0,0,0,26,0,4,0,0,0,0,0,0,0,0,0,0,0,0,0,0,0,12,0,44,0,0,0,12,0,0,0,0,0,0,0,0,0,0,0,0,0,0,0,0,0,0,0,61,0,1,0,0,0,3,0,0,0,0,0,14,1,0,0,0,0,0,0,0,0,28,0,0,0,0,0,0,0,0,0,4,0,0,0,0,0,0,0,0,0,0,0,0,0,0,0,0,0,0,0,0,7,68,0,5,0,19,0,54,0,23,0,15,0,13,0,10,0,0,0,1,0,3,0,0,0,2,0,12,0,0,0
0,0,0,0,0,0,0,0,1,0,0,0,18,7,3,0,0,0,2,0,6,0,3,0,0,0,57,15,4,0,0,0,0,0,5,0,13,0,0,0,63,12,129,0,0,3,51,0,37,0,14,2,0,0,0,0,2,0,0,0,0,0,0,0,0,0,0,0,0,0,20,0,0,0,0,0,3,0,0,0,0,0,10,0,0,0,0,0,0,0,0,0,0,0,10,0,0,0,16,0,0,0,3,0,0,0,0,0,0,0,0,0,0,0,0,0,0,0,0,0,0,0,0,0,0,0,0,0,0,0,0,0,0,0,0,0,0,0,0,0,0,0,0,0,0,0,0,0,0,0,0,0,0,0,0,0,0,0,0,0,0,0,2,0,71,0,3,0,2,0,2,0,3,0,0,0,3,4,7,0,0,0,0,0,0,0,22,1,0,0,0,0,0,0,0,0,0,0,0,0,0,0,0,0,0,0,0,0,0,0,0,0,0,0,1,0,0,0,135,11,3,0,53,8,49,0,0,0,20,0,0,0,0,0,3,0,0,0,0,0,0,0,0,0,4,0,0,0,0
0,0,0,1,0,0,0,0,0,0,0,7,24,26,0,1,0,0,9,9,0,0,0,5,0,0,26,120,0,0,0,4,0,2,0,3,0,3,0,0,25,55,14,42,3,0,5,99,0,6,6,43,0,0,0,0,0,0,0,0,0,0,0,0,0,2,0,0,0,8,0,0,0,0,0,0,0,0,0,0,0,0,0,5,0,0,0,0,0,0,0,0,0,2,0,5,0,0,0,0,0,0,0,0,0,0,0,1,0,0,0,0,0,0,0,0,0,0,0,0,0,0,0,0,0,0,0,0,0,0,0,0,0,0,0,0,0,0,0,0,0,0,0,0,0,0,0,0,0,3,0,0,0,0,0,0,0,0,0,0,0,0,0,0,0,44,0,0,0,30,0,0,0,0,0,1,0,19,0,2,0,0,0,1,0,6,0,3,0,0,0,0,0,0,0,0,0,0,0,0,0,0,0,0,0,0,0,0,0,0,0,0,0,0,0,0,0,0,0,129,0,7,0,52,0,30,0,12,0,12,0,0,0,3,0,0,0,0,0,0,0,0,0,0,0,2,0,0,0
0,0,0,0,4,0,0,0,0,0,0,0,8,10,4,0,1,0,0,0,0,0,1,0,0,0,5,19,0,0,0,0,0,0,0,0,0,0,0,0,13,31,40,2,51,5,0,15,17,0,6,0,0,0,0,0,0,0,0,0,0,0,0,0,0,0,0,0,0,0,0,0,0,0,0,0,0,0,0,0,0,0,2,0,0,0,0,0,0,0,0,0,0,0,0,0,0,0,0,0,0,0,0,0,0,0,0,0,0,0,0,0,0,0,0,0,0,0,0,0,0,0,0,0,0,0,0,0,0,0,0,0,0,0,0,0,0,0,0,0,0,0,0,0,0,0,0,0,0,0,0,0,1,0,0,0,0,0,0,0,0,0,0,0,39,0,0,0,0,0,0,0,0,0,0,0,0,12,1,0,0,0,0,0,2,0,7,2,0,0,0,0,0,0,0,0,0,0,0,0,0,0,0,0,0,0,0,0,0,0,0,0,0,0,0,0,0,0,207,26,0,0,39,18,10,0,0,0,2,0,0,0,0,0,0,0,0,0,0,0,0,0,0,0,0,0,0,0,0
0,41,0,0,0,28,0,0,0,0,0,36,23,57,0,0,0,0,3,6,0,0,0,1,0,0,33,24,0,0,0,0,0,0,0,0,0,0,0,0,75,62,15,17,0,99,15,0,2,49,0,4,0,0,0,0,0,0,0,0,0,0,0,0,0,0,0,3,0,3,0,0,0,0,0,0,0,0,0,0,0,0,0,0,0,0,0,2,0,0,0,0,0,0,0,5,0,0,0,1,0,0,0,2,0,0,0,0,0,0,0,0,0,0,0,0,0,0,0,0,0,0,0,0,0,0,0,0,0,0,0,1,0,0,0,0,0,0,0,0,0,0,0,0,0,0,0,0,0,2,0,5,0,0,0,0,0,0,0,0,0,0,0,0,0,74,0,0,0,9,0,0,0,0,0,0,0,30,0,0,0,0,0,0,0,0,2,0,0,0,0,0,0,0,0,0,0,0,0,1,0,0,0,0,0,0,0,0,0,3,0,0,0,0,0,0,0,0,44,176,0,0,0,228,0,0,0,2,0,0,0,0,0,1,0,0,0,0,0,0,0,0,0,0,0,0,0,0,0
10,0,0,0,0,0,0,0,2,0,2,0,21,0,0,0,0,0,0,1,1,0,0,0,0,0,4,3,0,0,0,0,0,0,1,0,0,0,0,0,58,2,8,0,37,0,17,2,0,0,0,0,0,0,0,0,0,0,0,0,0,0,0,0,0,0,0,0,10,0,0,0,0,0,0,0,0,0,0,0,1,0,16,0,0,0,0,0,0,0,0,0,3,0,8,0,3,0,0,0,0,0,4,0,3,0,2,0,1,0,0,0,0,0,0,0,0,0,0,0,0,0,0,0,1,0,0,0,0,0,0,0,0,0,2,0,0,0,0,0,1,0,0,0,0,0,0,0,0,0,0,0,0,0,0,0,0,0,0,0,0,0,0,0,3,0,0,0,0,0,1,0,1,0,0,0,8,0,5,0,0,0,0,0,0,0,42,0,0,0,0,0,0,0,0,0,0,0,5,0,0,0,0,0,0,0,0,0,0,0,0,0,2,0,1,0,4,0,73,0,61,0,40,8,3,0,13,0,19,1,0,0,0,0,3,0,0,0,3,0,0,0,0,0,6,0,0,0,0
0,0,0,0,0,0,0,0,0,1,0,0,0,11,0,0,0,0,0,0,0,0,0,0,0,0,1,4,0,0,0,0,0,0,0,0,0,0,0,0,2,94,0,0,0,6,0,49,0,0,0,0,0,0,0,0,0,0,0,0,0,0,0,0,0,0,0,0,0,2,0,0,0,0,0,0,0,1,0,0,0,0,0,3,0,0,0,0,0,1,0,0,0,2,0,0,0,0,0,0,0,0,0,0,0,0,0,0,0,0,0,0,0,0,0,0,0,0,0,0,0,0,0,0,0,0,0,0,0,0,0,0,0,0,0,0,0,0,0,0,0,0,0,0,0,0,0,0,0,0,0,0,0,2,0,0,0,0,0,0,0,1,0,0,0,0,0,0,0,0,0,0,0,1,0,0,0,16,0,1,0,3,0,0,0,1,0,0,0,0,0,0,0,0,0,0,0,0,0,0,0,0,0,0,0,0,0,1,0,0,0,0,0,0,0,0,0,1,6,5,0,0,3,23,0,0,0,0,0,2,0,0,0,0,0,0,0,0,0,0,0,0,0,0,0,0,0,0,0
5,0,0,0,26,0,0,0,0,0,8,0,174,36,25,0,21,0,145,31,39,0,0,0,0,0,216,40,19,0,35,0,13,0,92,2,84,0,2,0,8,10,61,3,14,6,6,0,0,0,0,5,0,0,0,0,12,0,12,0,0,0,8,0,1,0,0,0,0,0,0,0,0,0,7,0,10,0,0,0,24,0,44,0,0,0,0,0,0,0,0,0,9,0,0,0,0,0,38,0,0,0,0,0,0,0,0,0,0,0,0,0,0,0,0,0,0,0,0,0,25,0,0,0,0,0,0,0,0,0,0,0,0,0,4,0,0,0,0,0,0,0,0,0,0,0,1,0,0,0,0,0,4,0,0,0,0,0,0,0,2,0,7,0,53,0,21,0,35,0,12,0,25,0,0,0,9,14,101,0,0,0,0,0,0,0,10,0,0,0,0,0,0,0,0,0,0,0,0,0,0,0,0,0,0,0,0,0,0,0,0,0,0,0,7,0,0,0,79,12,44,0,7,0,146,0,29,0,34,0,28,0,31,0,17,0,0,1,19,0,0,0,7,0,64,0,0,0,0
0,0,0,1,0,13,0,0,0,3,1,4,32,162,1,14,0,13,42,79,0,73,0,21,0,0,33,248,0,3,0,19,0,8,0,15,0,11,0,0,0,5,7,76,2,43,0,4,0,0,5,0,0,0,0,11,0,7,0,5,0,2,0,6,0,0,0,0,0,6,0,9,0,3,0,6,0,0,0,5,0,67,0,4,0,80,0,40,0,12,0,3,0,0,0,8,0,0,0,25,0,0,0,3,0,0,0,0,0,0,0,0,0,0,0,0,0,0,0,0,0,61,0,26,0,0,0,0,0,0,0,0,0,0,0,0,0,20,0,7,0,26,0,31,0,25,0,0,0,0,0,0,0,0,0,0,0,1,0,0,0,0,0,1,0,12,0,0,0,7,0,4,0,1,0,1,0,31,0,0,0,0,0,0,0,1,2,37,0,0,0,0,0,0,0,0,0,0,0,0,0,0,0,0,0,0,0,0,0,0,0,0,0,0,0,0,0,0,4,15,0,22,0,3,0,31,0,23,0,10,0,19,0,18,0,3,0,0,0,6,0,3,0,0,0,14,0,0,0
0,0,0,0,0,0,230,25,79,152,0,0,0,0,15,0,58,2,2,0,4,0,23,0,109,27,0,0,6,0,0,0,0,0,0,0,0,0,14,0,0,0,0,0,0,0,0,0,0,0,0,0,0,16,188,98,84,0,48,37,52,0,89,20,0,3,4,75,0,0,9,0,0,0,16,0,0,0,0,0,0,0,0,0,95,0,0,0,0,0,52,0,0,0,9,0,68,0,84,0,6,0,2,0,0,0,4,0,0,0,0,0,0,0,0,0,0,0,0,0,15,0,55,0,3,0,0,0,52,0,14,0,8,0,15,0,78,1,242,0,114,0,138,0,39,0,0,0,2,0,0,0,0,0,227,8,100,0,206,0,12,0,0,0,0,0,0,0,0,0,28,0,4,0,0,0,3,4,0,0,0,0,0,0,0,9,0,0,0,0,0,0,0,0,0,0,0,0,0,0,14,0,0,0,0,0,0,0,0,0,6,0,9,0,60,1,0,0,4,0,84,0,0,0,0,0,32,0,72,1,3,0,53,0,11,0,0,0,33,0,7,0,14,0,62,2,0,0,0
0,0,0,0,0,1,9,7,37,64,0,0,0,0,0,1,0,27,0,0,0,7,0,7,0,5,0,0,0,8,0,1,0,3,0,0,0,0,0,0,0,0,0,0,0,0,0,0,0,0,0,0,16,0,13,86,4,79,13,31,0,8,1,30,0,0,19,52,0,0,0,0,0,0,0,0,0,0,0,0,0,1,0,0,0,3,0,0,0,0,0,0,0,0,0,0,0,0,0,0,0,0,0,0,0,0,0,0,0,0,0,0,0,0,0,0,0,0,0,0,0,0,0,0,0,2,0,0,0,35,0,9,0,22,0,16,0,70,0,68,0,8,0,10,0,9,0,0,0,0,0,0,0,0,5,73,0,31,0,45,0,3,0,0,0,0,0,0,0,0,0,3,0,0,0,0,0,10,0,0,0,1,0,0,0,6,0,0,0,0,0,0,0,0,0,0,0,0,0,0,0,0,0,0,0,0,0,0,0,0,0,0,0,0,0,11,0,0,0,0,0,8,0,0,0,0,0,37,0,18,0,0,0,15,0,0,0,0,0,2,0,0,0,0,0,12,0,0,0
1,0,36,0,8,0,335,33,98,196,2,0,1,0,51,0,31,11,10,0,8,0,74,0,159,122,5,0,3,0,4,0,3,0,0,0,3,0,7,0,0,0,0,0,0,0,0,0,0,0,0,0,188,13,0,53,49,3,41,0,92,2,78,37,13,0,64,22,0,0,0,0,0,0,0,0,0,0,0,0,6,0,0,0,28,0,0,0,0,0,13,0,0,0,0,0,17,0,10,1,0,0,0,0,0,0,0,0,0,0,0,0,0,0,0,0,0,0,0,0,0,0,8,0,13,0,0,0,66,0,80,0,32,0,55,0,157,0,20,0,36,0,105,0,0,0,0,0,17,0,4,0,0,0,119,3,25,0,21,0,54,0,2,0,0,0,0,0,4,0,87,0,29,0,0,0,6,5,0,0,0,0,0,9,0,6,0,0,0,0,0,0,0,0,0,0,1,0,0,0,17,0,0,0,0,0,0,0,14,0,13,0,11,0,133,0,0,0,0,0,175,0,24,0,17,0,46,0,173,0,8,0,149,3,13,0,1,0,66,0,14,0,7,0,153,3,0,0,0
0,8,0,64,0,7,44,173,173,90,0,0,0,0,0,17,0,48,0,0,0,0,0,10,16,109,0,0,0,24,0,3,0,5,0,0,0,0,0,0,0,0,0,0,0,0,0,0,0,0,0,11,98,86,53,0,15,210,41,29,0,39,3,94,0,1,63,6,0,0,0,0,0,0,0,0,0,0,0,0,0,0,0,0,0,0,0,0,0,0,0,0,0,1,0,0,0,0,0,0,0,0,0,0,0,0,0,0,0,0,0,0,0,0,0,0,0,0,0,0,0,0,0,0,0,6,0,16,0,21,0,6,0,29,0,24,0,97,0,7,0,1,0,8,0,0,0,3,0,4,0,16,0,0,27,43,0,16,0,14,0,24,0,0,0,3,0,0,0,6,0,54,0,47,0,0,0,5,0,0,0,0,0,0,0,10,0,0,0,0,0,0,0,1,0,0,0,0,0,0,0,0,0,0,0,0,0,0,0,37,0,34,0,20,0,296,0,0,0,9,1,423,0,42,0,31,0,57,0,498,0,0,0,242,0,31,0,1,0,40,0,0,0,0,0,164,0,0,0
0,0,0,0,0,0,12,0,9,0,0,0,0,0,0,0,4,0,2,0,0,0,0,0,2,0,0,0,0,0,0,0,0,0,5,0,8,0,0,0,0,0,0,0,2,0,0,0,0,0,12,0,84,4,49,15,0,3,227,44,23,0,3,0,11,19,21,49,0,0,0,0,0,0,0,0,0,0,0,0,0,0,0,0,0,0,0,0,0,0,0,0,0,0,0,0,0,0,1,0,0,0,0,0,0,0,0,0,0,0,0,0,0,0,0,0,0,0,0,0,0,0,0,0,9,0,14,0,55,0,63,0,21,0,25,0,19,0,12,0,2,0,0,0,26,4,2,0,2,0,0,0,0,0,222,0,67,0,95,7,62,8,39,0,2,0,5,0,21,0,81,0,0,0,4,6,3,0,0,0,9,4,0,0,0,12,0,0,0,0,0,0,0,0,0,0,0,0,0,0,0,0,0,0,0,0,0,0,26,0,17,0,38,0,467,0,0,0,10,0,383,0,151,0,48,0,83,0,496,0,10,0,234,0,240,0,0,0,150,0,14,0,19,0,303,0,0,0,0
0,0,0,0,0,0,0,9,8,19,0,1,0,0,0,0,0,23,0,0,0,0,0,6,0,17,0,0,0,16,0,0,0,0,0,0,0,5,0,4,0,0,0,0,0,0,0,0,0,0,0,7,0,79,3,210,3,0,11,103,0,3,0,21,0,0,10,0,0,0,0,0,0,0,0,0,0,0,0,0,0,0,0,0,0,0,0,0,0,0,0,0,0,0,0,0,0,3,0,0,0,0,0,0,0,0,0,0,0,0,0,0,0,0,0,0,0,0,0,0,0,0,0,0,0,0,0,8,0,18,0,16,0,21,0,0,0,36,0,15,0,0,0,0,0,0,0,0,0,0,0,12,0,0,2,212,0,10,0,66,0,26,0,0,0,0,0,0,0,7,0,32,0,2,0,0,0,0,0,0,0,0,0,0,1,0,0,0,0,0,0,0,0,0,0,0,0,0,0,0,0,0,0,0,0,0,0,0,0,31,0,0,0,0,0,221,0,0,0,0,0,228,0,31,0,11,0,21,0,384,0,4,0,81,0,95,0,0,0,8,0,0,0,0,0,45,0,0,0
0,0,0,0,0,0,12,0,12,0,0,0,1,0,0,0,0,0,0,0,0,0,0,0,2,0,0,0,2,0,0,0,0,0,3,0,0,0,3,0,0,0,0,0,0,0,0,0,0,0,12,0,48,13,41,41,227,11,0,216,60,0,7,0,98,27,191,149,2,0,0,0,0,0,0,0,0,0,0,0,0,0,0,0,0,0,0,0,0,0,0,0,0,0,0,0,0,0,0,0,0,0,0,0,0,0,0,0,0,0,0,0,0,0,0,0,0,0,0,0,0,0,0,0,0,0,0,0,0,0,12,0,0,0,0,0,0,0,4,7,0,1,0,0,3,11,0,0,0,1,0,0,0,0,53,12,109,0,6,11,23,19,6,0,0,0,0,0,8,0,72,0,12,0,5,13,36,0,0,0,40,11,0,0,11,70,0,0,0,0,0,0,0,0,0,0,0,0,0,0,0,0,0,0,0,0,0,0,0,0,0,0,0,0,534,0,0,0,7,0,334,0,82,0,44,0,98,0,300,0,6,0,379,0,268,1,0,0,159,0,28,0,37,0,414,0,0,0,0
0,5,0,0,0,0,0,3,31,8,0,0,0,1,0,0,0,0,0,0,0,0,0,0,0,1,0,1,0,0,0,0,0,0,0,1,0,0,0,0,0,0,0,0,0,0,0,0,0,0,0,5,37,31,0,29,44,103,216,0,0,9,0,24,16,110,213,128,0,0,0,0,0,0,0,1,0,0,0,0,0,0,0,0,0,0,0,0,0,0,0,0,0,0,0,0,0,0,0,1,0,1,0,1,0,0,0,0,0,0,0,0,0,0,0,0,0,0,0,0,0,0,0,0,0,0,0,0,0,7,0,18,0,5,0,2,0,2,0,2,0,0,0,0,0,11,0,1,0,6,0,0,0,0,57,54,0,39,0,8,0,11,0,0,0,1,0,1,0,7,0,14,0,4,0,4,0,8,0,0,0,25,0,0,0,172,0,0,0,0,0,0,0,0,0,0,0,0,0,0,0,0,0,0,0,0,0,0,0,3,0,42,0,19,0,923,0,0,0,14,2,615,0,97,0,23,0,289,0,577,0,13,0,617,0,685,0,6,0,110,0,2,0,24,0,373,0,0,0
34,0,17,0,0,0,349,0,151,1,0,0,0,0,0,0,30,0,0,0,6,0,0,0,18,0,0,0,4,0,0,0,2,0,0,0,15,0,5,0,0,0,0,0,0,0,0,0,0,0,0,0,52,0,92,0,23,0,60,0,0,0,41,0,0,0,0,0,0,0,8,0,0,0,4,0,0,0,0,0,7,0,0,0,0,0,0,0,0,0,0,0,0,0,0,0,0,0,13,0,0,0,0,0,0,0,0,0,0,0,0,0,0,0,0,0,0,0,0,0,8,0,0,0,0,0,0,0,0,0,0,0,1,0,0,0,0,0,118,0,36,0,10,0,99,0,1,0,0,0,0,0,0,0,9,0,38,0,14,0,0,0,7,0,0,0,0,0,1,0,57,0,13,0,0,0,0,0,0,0,0,0,0,0,0,0,0,0,0,0,0,0,0,0,0,0,0,0,0,0,0,0,0,0,0,0,1,0,0,0,0,0,0,0,14,0,0,0,0,0,21,0,0,0,0,0,86,0,52,0,0,0,18,0,3,0,0,0,29,0,7,0,6,0,32,1,0,0,0
0,40,0,0,0,4,0,127,0,160,0,2,0,0,0,2,0,20,0,1,0,2,0,3,3,56,0,0,0,11,0,0,0,12,0,3,0,30,0,14,0,0,0,5,0,0,0,0,0,0,0,2,0,8,2,39,0,3,0,9,0,0,0,15,0,0,0,2,0,0,0,0,0,0,0,0,0,0,0,0,0,0,0,0,0,0,0,0,0,0,0,0,0,0,0,0,0,0,0,0,0,0,0,0,0,0,0,0,0,0,0,0,0,0,0,0,0,0,0,0,0,2,0,3,0,0,0,0,0,0,0,0,0,0,0,0,0,4,0,74,0,59,0,0,0,60,0,0,0,0,0,0,0,0,0,11,0,42,0,5,0,0,0,2,0,0,0,0,0,0,0,30,0,10,0,0,0,40,0,0,0,0,0,8,0,2,0,0,0,0,0,0,0,0,0,0,0,0,0,0,0,0,0,0,0,0,0,0,0,0,0,0,0,2,0,20,0,0,0,0,0,51,0,3,0,0,0,127,0,50,0,4,0,29,0,2,0,1,0,7,0,0,0,0,0,35,0,0,0
17,16,24,0,0,0,275,9,103,5,0,0,0,0,8,0,405,0,6,0,68,0,20,7,120,48,35,0,43,0,23,0,30,0,0,0,7,0,56,0,0,0,0,0,0,0,0,0,0,0,8,0,89,1,78,3,3,0,7,0,41,0,0,0,0,0,0,0,0,0,27,0,0,0,34,0,0,0,0,0,0,0,0,0,70,0,0,0,0,0,23,0,0,0,0,0,62,0,79,0,0,0,0,0,0,0,0,0,0,0,0,0,0,0,0,0,0,0,0,0,46,0,63,0,0,0,0,0,13,0,0,0,0,0,0,0,0,0,113,0,113,0,65,0,54,0,0,0,0,0,0,0,0,0,45,0,20,0,45,0,0,1,0,0,0,0,0,0,0,0,9,0,9,0,0,0,0,0,0,0,0,0,0,2,0,0,0,0,0,0,0,0,0,0,0,0,0,0,0,0,0,0,0,0,0,0,0,0,0,0,1,0,0,0,4,0,0,0,0,0,13,0,0,0,0,0,94,0,24,0,0,0,0,0,0,0,0,0,6,0,0,0,2,0,11,0,0,0,0
2,7,0,4,0,1,28,130,78,317,0,2,0,0,0,17,0,274,0,21,0,63,0,50,26,61,0,0,0,48,0,13,0,7,0,6,0,0,0,11,0,0,0,13,0,0,0,0,0,0,0,6,20,30,37,94,0,21,0,24,0,15,0,0,0,0,2,14,0,0,0,0,0,0,0,0,0,0,0,0,0,0,0,0,0,0,0,1,0,0,0,0,0,0,0,0,0,0,0,0,0,1,0,0,0,0,0,0,0,0,0,0,0,0,0,0,0,0,0,0,0,0,0,0,0,0,0,0,0,10,0,0,0,5,0,10,0,24,0,27,0,10,0,5,0,8,0,0,0,0,0,0,0,0,0,30,0,32,0,8,0,1,0,0,0,0,0,0,0,0,0,2,0,1,0,0,2,40,0,0,0,0,0,9,0,7,0,0,0,0,0,0,0,0,0,0,0,0,0,0,0,0,0,0,0,0,0,0,0,0,0,0,0,0,0,12,0,0,0,0,0,11,0,0,0,0,0,59,0,20,0,1,0,20,0,2,0,0,0,8,0,0,0,2,0,40,0,0,0
12,0,4,0,5,0,10,0,126,0,3,0,4,0,5,0,0,0,0,0,0,0,0,0,0,0,0,0,0,0,0,0,0,0,0,0,0,0,0,0,2,0,0,0,0,0,0,0,0,0,1,0,0,0,13,0,11,0,98,16,0,0,0,0,0,33,20,9,0,0,0,0,0,0,0,0,0,0,0,0,0,0,0,0,0,0,0,0,0,0,0,0,0,0,0,0,0,0,0,0,0,0,0,0,0,0,0,0,0,0,0,0,0,0,0,0,0,0,0,0,4,0,0,2,5,0,11,0,0,0,13,21,1,0,0,0,0,0,9,17,0,3,0,0,23,9,9,0,43,4,8,0,0,0,5,3,0,0,2,4,112,30,0,0,0,0,0,0,0,0,0,0,0,0,24,32,15,0,0,0,80,9,0,1,8,0,0,0,0,0,0,0,0,0,0,0,0,0,0,0,0,0,0,0,0,0,0,0,0,0,0,0,0,0,11,0,0,0,0,0,13,0,0,0,0,0,7,0,12,0,0,0,0,0,41,0,0,0,34,0,1,0,0,0,16,0,0,0,0
0,55,0,9,0,29,0,3,0,99,0,25,0,14,0,11,0,0,0,21,0,0,0,0,0,0,0,26,0,0,0,0,0,0,0,0,0,0,0,0,0,9,0,0,0,2,0,0,0,0,0,0,3,0,0,1,19,0,27,110,0,0,0,0,33,0,14,190,0,0,0,19,0,0,0,7,0,0,0,0,0,3,0,0,2,3,0,0,0,0,0,0,0,0,0,2,0,0,0,0,0,0,0,0,0,0,0,0,0,0,0,0,0,0,0,0,0,0,0,0,0,6,0,0,0,69,0,9,14,0,27,76,0,3,0,5,0,4,0,10,0,8,0,0,6,59,0,25,19,146,0,61,0,10,7,0,0,0,21,0,74,147,0,0,0,0,0,1,0,0,0,0,0,1,12,114,0,10,0,7,0,140,0,17,0,113,0,0,0,0,0,0,0,0,0,0,0,0,0,0,0,2,0,0,0,0,0,5,0,13,0,1,0,0,0,25,0,0,0,0,0,0,0,0,0,0,0,108,4,45,0,3,0,0,0,84,0,0,6,20,0,0,0,0,0,50,0,0,0
3,0,0,0,3,0,28,0,145,25,1,0,7,0,0,0,0,0,0,0,0,0,0,0,0,2,1,0,0,0,0,0,0,0,0,0,1,0,0,0,1,0,1,0,0,0,0,0,0,0,0,0,4,19,64,63,21,10,191,213,0,0,0,2,20,14,0,99,0,0,0,0,0,0,0,0,0,0,0,0,0,0,0,0,0,0,0,0,0,0,0,0,0,0,0,0,0,0,0,0,0,0,0,0,0,0,0,0,0,0,0,0,0,0,0,0,0,0,0,0,0,0,0,0,0,0,4,0,0,0,1,0,0,0,0,0,0,0,0,0,0,0,0,0,0,0,1,0,0,0,0,0,0,0,0,7,4,0,3,4,15,7,0,0,0,0,0,0,0,0,4,0,0,0,11,3,151,1,0,0,46,5,0,0,55,83,0,0,0,0,0,0,0,0,0,0,0,0,0,0,0,0,0,0,0,0,0,0,0,0,3,0,3,0,58,0,0,0,0,0,46,0,10,0,3,0,11,0,22,0,0,0,54,0,37,0,0,0,16,0,2,0,4,0,43,1,0,0,0
0,58,0,0,0,12,7,6,42,137,0,7,0,6,0,0,0,0,0,0,0,0,0,0,0,0,0,11,0,0,0,0,0,0,0,0,0,0,0,0,0,4,0,0,0,0,0,3,0,0,0,0,75,52,22,6,49,0,149,128,0,2,0,14,9,190,99,0,0,0,0,2,0,0,0,0,0,0,0,0,0,0,0,0,0,0,0,0,0,0,0,0,0,0,0,0,0,0,0,0,0,0,0,0,0,0,0,0,0,0,0,0,0,0,0,0,0,0,0,0,0,0,0,0,0,3,0,0,0,0,0,23,0,0,0,0,0,0,0,0,0,0,0,0,0,11,0,0,0,14,0,4,0,2,44,15,1,12,9,3,0,44,0,0,0,0,0,0,0,0,0,0,0,0,0,18,5,117,0,2,0,78,0,26,4,407,0,0,0,0,0,0,0,0,0,0,0,0,0,0,0,0,0,0,0,0,0,0,0,1,0,2,0,0,0,90,0,0,0,1,0,28,0,0,0,3,0,110,0,28,0,0,0,62,0,153,0,0,0,6,0,0,1,2,1,69,0,0,0
0,0,0,0,0,0,0,0,0,0,0,0,0,0,0,0,0,0,0,0,0,0,0,0,0,0,8,0,0,0,0,0,0,0,2,0,0,0,0,0,2,0,0,0,0,0,0,0,10,0,0,0,0,0,0,0,0,0,2,0,0,0,0,0,0,0,0,0,0,0,0,0,1,0,0,0,89,0,18,0,4,0,47,0,0,0,10,0,52,0,0,0,0,0,12,0,17,0,0,0,8,0,170,0,15,0,18,0,35,0,4,0,0,0,24,0,8,0,0,0,0,0,0,0,0,0,0,0,0,0,0,0,0,0,0,0,0,0,0,0,0,0,0,0,0,0,0,0,0,0,0,0,0,0,0,0,0,0,0,0,0,0,0,0,33,0,0,0,33,0,0,0,0,0,0,0,0,0,2,0,0,0,0,0,0,0,0,0,0,0,0,0,0,0,0,0,0,0,0,0,0,0,0,0,0,0,0,0,0,0,3,0,100,0,58,0,58,0,16,0,0,0,74,0,45,0,0,0,29,0,0,0,0,0,0,0,0,0,0,0,0,0,0,0,0,0,0,0,0
0,0,0,0,0,0,0,0,0,0,0,0,0,0,0,0,0,0,0,0,0,0,0,0,0,0,0,7,0,0,0,0,0,0,0,0,0,0,0,0,0,1,0,0,0,8,0,3,0,2,0,6,0,0,0,0,0,0,0,0,0,0,0,0,0,0,0,0,0,0,0,0,0,0,0,0,0,43,0,5,0,0,0,67,0,3,0,23,0,0,0,0,0,4,0,5,0,0,0,0,0,0,0,47,0,0,0,0,0,10,0,0,0,0,0,3,0,22,0,0,0,0,0,0,0,0,0,0,0,0,0,0,0,0,0,0,0,0,0,0,0,0,0,0,0,0,0,0,0,0,0,0,0,0,0,0,0,0,0,0,0,0,0,0,0,39,0,0,0,38,0,0,0,0,0,0,0,0,0,0,0,0,0,0,0,0,0,0,0,0,0,0,0,0,0,0,0,0,0,0,0,0,0,0,0,0,0,0,0,0,0,7,0,139,0,31,0,40,0,30,0,0,0,87,0,18,0,0,0,120,0,0,0,0,0,0,0,0,0,0,0,0,0,0,0,0,0,0,0
0,0,0,0,0,0,0,0,0,0,0,0,0,0,0,0,59,0,0,0,54,0,6,0,0,0,73,0,48,0,41,0,40,0,37,0,105,0,30,0,0,0,25,0,20,0,0,0,0,0,0,0,9,0,0,0,0,0,0,0,8,0,27,0,0,0,0,0,0,0,0,0,113,0,167,0,18,0,182,0,12,0,0,0,0,0,89,0,0,0,0,0,0,0,0,0,0,0,4,0,0,0,0,0,0,0,0,0,0,0,0,0,0,0,0,0,0,0,0,0,71,0,2,0,39,0,43,0,22,0,0,0,26,0,52,0,21,0,9,0,66,0,37,0,135,0,48,0,22,0,12,0,0,0,0,0,11,0,0,0,3,0,48,0,0,0,5,0,15,0,65,0,39,0,39,4,0,0,0,0,13,6,0,0,0,0,0,0,0,0,0,0,0,0,0,0,0,0,5,0,0,0,0,0,0,0,11,0,31,0,0,0,0,0,0,0,1,0,0,1,0,0,5,0,0,0,0,0,5,0,0,0,0,0,0,0,1,0,4,0,4,0,3,0,2,0,0,0,0
0,0,0,0,0,0,0,0,0,0,0,0,0,0,0,0,0,0,1,0,0,0,0,0,0,0,0,0,0,0,0,0,0,0,0,0,0,7,0,0,0,0,0,0,0,0,0,0,0,0,0,9,0,0,0,0,0,0,0,0,0,0,0,0,0,19,0,2,0,0,0,0,1,191,0,95,0,14,0,54,0,0,0,0,0,0,0,9,0,0,3,0,0,0,0,0,0,0,0,0,0,0,0,0,0,0,0,0,0,0,0,0,0,0,0,0,0,0,0,0,0,5,0,16,15,25,0,44,0,0,10,21,0,71,0,0,0,23,3,0,3,5,0,9,0,82,5,27,9,26,0,27,0,12,0,0,0,1,0,0,8,0,0,26,0,0,0,0,0,0,0,9,0,4,3,27,0,0,0,0,0,29,0,0,0,2,0,0,0,0,0,0,0,3,0,0,0,0,0,0,0,0,0,0,0,0,0,0,0,29,0,0,0,0,0,0,1,0,0,0,0,0,0,0,0,0,0,15,0,29,0,0,0,2,0,12,0,0,0,39,0,3,0,0,0,16,0,0,0
0,0,0,0,1,0,0,0,0,0,0,0,0,0,0,0,0,0,0,0,4,0,0,0,0,0,5,0,2,0,1,0,0,0,0,0,3,0,0,0,0,0,0,0,0,0,0,0,0,0,0,0,0,0,0,0,0,0,0,0,0,0,0,0,0,0,0,0,1,0,113,1,0,0,25,0,40,0,147,0,2,0,1,0,4,0,0,0,0,0,0,0,0,0,0,0,0,0,0,0,0,0,0,0,0,0,0,0,0,0,0,0,0,0,0,0,0,0,0,0,13,0,9,0,55,0,67,0,18,0,27,0,44,0,135,0,24,0,0,1,66,1,96,0,67,0,69,0,3,0,20,0,8,0,0,0,0,0,1,0,2,0,63,0,1,0,0,0,23,0,11,0,7,0,12,0,0,0,0,0,0,4,0,0,0,0,0,0,0,0,0,0,0,0,0,0,0,0,24,0,11,0,0,0,5,0,49,0,92,0,1,0,0,0,5,0,1,0,2,0,4,0,8,0,8,0,4,0,29,0,0,0,0,0,10,0,1,0,153,0,61,0,37,0,9,0,0,0,0
