0,46,67,6,118,3,48,0,37,0,169,6,121,0,22,18,82,57,18,0,0,2,58,19,72,50,23,3,80,5,1,0,35,0,0,0,72,0,504,0,31,0,0,0,17,0,8,0,12,0,0,0,0,1,0,1,0,0,0,0,90,5,38,12,6,0,0,0,0,0,0,0,0,2,0,0,0,0,0,0,0,0,0,0,1,0,0,0,0,0,0,0,0,0,0,0,0,0,0,0,0,0,0,0,0,0,0,0,0,0,0,0,0,0,2,0,0,0,1,0,0,0,0,0,0,0,7,0,0,0,0,0,0,0,0,0,0,0,0,0,0,0,0,0,0,0,4,0,5,0,10,0,4,0,2,0,0,0,0,0,0,0,0,0,5,0,7,0,27,1,13,0,227,0,0,0,30,2,2,0,5,0,1,3,44,0,4,0,0,0,0,0,0,0,0,0,0,0,0,0,0,0,0,0,0,0,4,0,0,0,0,0,0,0,56,0,0,0,19,0,101,0,39,0,71,0,54,7,205,4,140,0,188,0,31,1,23,1,111,2,43,0,33,0,330,0,0,0,0
46,0,99,24,2,112,26,7,4,19,0,117,0,99,0,23,22,37,0,58,0,0,69,2,65,26,0,93,6,41,0,0,3,0,0,0,7,36,36,165,1,62,0,10,0,14,0,59,0,2,0,2,0,18,0,11,1,1,2,5,8,315,0,214,0,16,0,4,0,0,0,0,0,49,0,0,0,0,0,0,0,0,0,0,0,0,0,0,0,0,0,0,0,0,0,0,0,0,0,0,0,0,0,0,0,0,0,0,0,0,0,0,0,0,0,0,0,0,0,0,0,0,0,0,0,3,0,0,0,0,0,0,0,0,0,0,0,6,0,0,0,0,0,0,0,0,0,14,0,9,0,0,0,3,0,0,0,11,0,0,0,0,0,0,0,3,0,2,0,10,0,22,28,80,0,0,17,213,0,11,0,2,0,92,1,3,0,2,0,0,0,1,0,0,0,0,0,0,0,0,0,0,0,0,0,0,0,3,0,2,0,0,0,0,4,158,0,0,4,15,8,232,5,35,0,26,3,61,24,153,2,31,0,441,3,25,0,3,0,78,0,16,0,14,9,272,0,0,0
67,99,0,18,260,14,121,6,8,0,66,23,106,0,300,31,111,56,97,0,45,0,312,45,105,70,75,0,177,7,21,0,76,0,0,0,58,0,473,0,30,0,0,0,41,0,11,0,10,0,4,0,18,0,76,2,5,0,0,0,69,10,24,14,13,0,2,0,0,0,10,0,0,0,0,0,0,0,0,0,20,2,0,0,9,0,0,0,0,0,14,0,0,0,0,0,18,0,0,0,0,0,0,0,0,0,0,0,0,0,0,0,0,0,0,0,0,0,0,0,0,0,5,0,19,0,88,0,4,0,15,0,14,0,19,0,10,0,0,0,0,0,21,0,0,0,38,0,37,0,37,0,8,0,3,0,0,0,0,0,0,0,0,0,11,0,23,0,39,0,14,0,163,0,0,0,25,2,0,0,3,0,0,0,11,0,2,0,0,0,4,0,0,0,0,0,0,0,6,0,22,0,0,0,5,0,19,0,31,0,0,0,0,0,59,0,0,0,20,0,136,5,48,0,51,0,25,9,198,2,61,0,190,8,22,3,0,0,84,0,19,0,11,0,218,5,0,0,0
6,24,18,0,4,66,3,16,0,0,2,4,0,13,7,125,8,16,0,75,5,14,22,28,8,54,0,27,3,44,0,0,0,21,0,0,0,23,9,161,0,2,0,2,0,0,0,0,0,0,0,0,0,0,0,25,0,2,0,0,0,67,2,11,0,2,0,0,0,0,0,0,0,7,0,0,0,0,0,0,0,0,0,0,0,0,0,0,0,0,0,0,0,0,0,0,0,0,0,0,0,0,0,0,0,0,0,0,0,0,0,0,0,0,0,0,0,0,0,0,0,0,0,0,0,0,0,0,0,0,0,0,0,0,0,13,0,3,0,0,0,0,0,6,0,0,0,0,0,1,0,5,0,1,0,0,0,0,0,0,0,0,0,0,0,0,0,5,0,2,0,7,0,27,0,1,3,31,0,0,0,0,0,4,0,0,0,0,0,0,0,0,0,0,0,0,0,0,0,3,0,5,0,0,0,0,0,0,0,16,0,3,0,0,0,22,0,1,0,4,0,111,0,7,0,4,2,20,0,61,0,11,0,116,0,6,0,2,0,18,0,2,0,3,0,64,0,0,0
118,2,260,4,0,30,46,0,34,0,113,39,191,0,176,100,44,6,66,27,84,35,54,44,11,0,106,13,32,0,136,8,71,7,44,0,69,0,50,0,68,0,18,0,36,0,34,0,8,0,23,0,2,0,13,0,0,0,0,0,0,0,4,0,6,0,1,0,0,0,4,0,1,0,0,0,0,0,0,0,0,0,0,0,0,0,6,0,0,0,0,0,0,0,0,0,7,0,0,0,0,0,0,0,0,0,0,0,0,0,0,0,0,0,0,0,0,0,0,0,0,0,0,0,0,0,33,0,0,0,0,1,0,0,16,0,0,0,0,0,0,0,0,0,3,1,19,0,12,0,14,0,6,0,0,0,0,0,0,0,0,0,0,0,0,0,106,0,0,0,3,0,46,0,2,0,50,18,8,0,5,0,0,0,40,0,4,0,0,0,0,0,0,0,0,0,0,0,0,0,0,0,0,0,0,0,14,0,25,0,0,0,9,0,0,0,0,0,26,0,151,0,0,0,114,0,87,2,206,0,88,0,0,1,0,1,35,0,36,0,10,0,17,0,159,0,0,0,0
3,112,14,66,30,0,0,4,0,5,18,196,13,72,98,121,8,4,20,92,116,45,18,41,0,7,0,131,0,43,12,73,6,164,0,29,18,131,0,111,0,55,0,4,0,7,0,49,0,0,0,2,0,0,0,0,0,2,0,0,0,8,0,0,0,17,0,5,0,0,0,0,0,3,0,0,0,0,0,0,0,0,1,0,0,0,0,0,0,0,0,0,0,0,0,0,0,1,0,0,0,0,0,0,0,0,0,0,0,0,0,0,0,0,0,0,0,0,0,0,0,0,0,0,0,0,0,0,0,0,0,2,0,0,0,8,0,0,0,0,0,0,0,0,0,0,0,8,0,9,0,0,0,8,0,0,0,0,0,0,0,7,0,3,0,8,7,29,0,29,0,6,0,51,0,5,4,156,0,63,0,3,0,1,0,6,0,32,0,0,0,0,0,0,0,0,0,0,0,3,0,0,0,0,0,0,0,0,0,6,0,0,0,2,0,20,0,0,0,17,0,267,0,18,0,67,0,113,0,187,0,77,0,209,0,12,0,7,0,33,0,14,0,12,0,162,0,0,0
48,26,121,3,46,0,0,62,88,168,33,0,27,0,25,0,9,34,0,0,4,0,20,0,203,63,0,0,27,0,0,0,4,0,0,0,5,1,64,0,9,0,0,0,0,0,5,0,6,0,0,0,164,27,296,102,7,28,3,8,333,12,200,42,31,0,95,0,0,0,0,0,0,0,0,0,0,0,0,0,0,0,0,0,0,0,0,0,0,0,2,0,0,0,0,0,0,0,0,0,0,0,0,0,0,0,0,0,0,0,0,0,0,0,0,0,0,0,0,0,0,0,1,0,20,0,40,0,0,0,24,0,9,0,3,0,4,0,3,0,0,0,8,0,0,0,22,0,48,0,19,0,10,0,5,3,46,0,0,0,10,0,6,0,0,0,0,0,16,0,109,0,164,0,2,0,19,9,0,0,0,0,0,3,22,5,0,0,0,0,0,0,0,0,0,0,0,0,0,0,0,0,0,0,0,0,0,0,17,0,0,0,10,0,294,0,2,0,32,0,248,0,66,0,102,0,41,0,215,10,66,0,204,0,30,0,11,0,129,0,34,0,28,0,378,6,0,0,0
0,7,6,16,0,4,62,0,58,78,0,2,0,2,0,15,1,53,0,5,0,8,4,7,0,50,0,4,0,29,0,0,0,1,0,0,0,0,0,14,0,1,0,0,0,0,0,0,0,0,0,0,13,119,22,165,0,28,0,14,8,98,0,288,0,20,5,18,0,0,0,0,0,0,0,0,0,0,0,0,0,0,0,0,0,0,0,0,0,0,0,0,0,0,0,0,0,0,1,0,0,0,0,2,0,0,0,0,0,0,0,0,0,0,0,0,0,0,0,0,0,0,0,0,0,0,0,0,0,0,0,6,0,0,0,17,0,3,0,0,0,0,0,0,0,0,0,2,0,15,0,0,0,4,0,13,0,47,0,0,1,8,2,0,0,1,0,0,0,0,4,30,0,18,0,0,15,25,0,1,0,0,0,4,6,10,0,0,0,0,0,0,0,0,0,0,0,1,0,7,0,0,0,0,0,0,0,0,0,11,0,0,0,13,0,249,0,0,0,11,0,250,0,33,2,23,8,37,0,246,0,2,0,413,0,48,0,2,0,30,0,0,0,3,5,140,0,0,0
37,4,8,0,34,0,88,58,0,161,46,0,32,0,0,0,17,26,6,0,2,0,0,0,114,48,7,0,5,0,0,0,4,0,0,0,0,0,9,0,13,0,0,0,8,0,0,0,0,0,0,0,141,24,169,100,16,74,29,37,267,1,309,37,120,4,223,12,0,0,0,0,0,0,0,0,0,0,0,0,0,0,0,0,0,0,1,0,0,0,0,0,0,0,0,0,0,0,0,0,0,0,0,0,0,0,0,0,0,0,0,0,0,0,0,0,0,0,0,0,0,0,0,0,0,0,20,0,0,0,6,0,0,0,8,0,0,0,0,0,0,0,0,0,0,0,0,0,32,0,25,0,7,0,5,17,37,3,0,5,18,0,0,0,0,0,0,0,13,0,77,0,110,0,6,0,90,8,2,0,1,2,5,2,113,8,1,0,0,0,0,0,0,0,0,0,0,0,0,0,4,0,0,0,0,0,21,0,30,0,3,0,0,0,184,0,0,0,10,1,169,4,34,2,72,0,56,0,224,4,56,0,199,0,29,0,2,0,122,2,35,0,31,0,319,6,0,0,0
0,19,0,0,0,5,168,78,161,0,0,11,0,5,0,5,0,11,0,5,0,0,2,0,5,1,0,8,1,5,0,0,0,0,0,4,0,0,0,0,0,0,0,0,0,2,0,1,0,3,0,2,19,82,191,49,15,4,42,22,13,104,8,168,0,77,49,79,0,0,0,0,0,6,0,0,0,0,0,0,0,0,0,0,0,0,0,0,0,0,0,0,0,0,0,0,0,0,0,0,0,0,0,0,0,0,0,0,0,0,0,0,0,0,0,0,0,0,0,0,0,0,0,0,0,4,0,0,0,0,0,0,0,0,0,0,0,1,0,0,0,0,0,2,0,0,0,21,0,66,0,0,0,8,2,44,3,53,0,5,1,11,0,1,0,0,0,1,3,8,8,23,12,9,1,0,49,183,0,0,0,6,0,14,18,208,0,0,0,0,0,0,0,0,0,0,0,0,0,0,0,0,0,0,0,1,0,0,0,0,0,5,0,0,14,222,0,0,0,6,12,206,0,30,0,2,8,45,24,147,2,5,5,453,2,142,0,0,7,43,0,3,0,4,11,197,0,0,0
169,0,66,2,113,18,33,0,46,0,0,12,280,1,29,63,44,3,13,0,63,1,21,25,2,0,8,0,32,5,32,1,81,0,2,0,39,0,25,0,64,0,5,0,16,0,10,0,8,0,0,0,3,0,8,0,0,0,0,0,0,0,1,0,14,0,0,0,0,0,2,0,0,0,0,0,0,0,0,0,2,0,0,0,0,0,0,0,0,0,0,0,0,0,0,0,0,0,2,0,0,0,0,0,0,0,0,0,0,0,0,0,0,0,0,0,0,0,0,0,0,0,0,0,0,0,11,0,0,0,0,0,0,0,6,0,0,0,0,0,2,0,0,0,2,0,5,0,8,0,8,0,3,0,0,0,0,0,0,0,0,0,0,0,0,0,46,0,34,0,3,0,26,0,0,0,23,4,1,0,1,0,2,0,33,0,4,0,0,0,0,0,4,0,0,0,0,0,4,0,0,0,0,0,0,0,8,0,8,0,6,0,1,0,7,0,0,0,8,0,122,0,18,0,27,0,35,3,167,2,67,0,81,1,8,0,14,0,33,0,13,0,13,0,136,2,0,0,0
6,117,23,4,39,196,0,2,0,11,12,0,0,353,144,18,8,0,19,41,114,18,67,3,0,0,0,88,5,25,6,14,6,137,0,4,12,117,8,163,0,80,0,0,0,17,0,68,0,6,2,0,0,0,0,0,0,0,0,2,0,0,0,0,0,0,0,3,0,0,0,0,0,1,0,0,0,0,0,0,0,0,0,0,0,0,0,0,0,1,0,0,0,0,0,0,0,0,0,0,0,0,0,0,0,0,0,0,0,0,0,0,0,0,0,0,0,0,0,0,0,1,0,0,0,2,0,2,0,0,0,1,0,0,0,0,0,0,0,0,0,0,0,1,0,2,0,2,0,8,0,2,0,4,0,1,0,0,0,0,0,3,0,1,0,5,13,9,0,13,0,2,6,34,0,0,4,413,0,83,0,9,0,5,0,7,0,21,0,0,0,0,0,0,0,0,0,0,1,0,0,0,0,0,0,0,0,0,0,0,0,0,0,0,0,29,0,0,0,7,9,192,0,14,0,27,0,87,21,110,1,92,0,274,3,9,2,7,0,54,0,12,0,12,7,177,0,0,0
121,0,106,0,191,13,27,0,32,0,280,0,0,39,92,18,0,0,49,59,55,52,3,3,5,0,66,144,0,0,54,12,10,3,164,13,51,11,0,0,188,11,47,13,32,0,48,0,61,1,119,0,0,0,5,0,0,0,0,0,2,0,0,0,14,0,2,0,0,0,0,0,0,0,0,0,0,0,0,0,0,0,0,0,0,0,0,0,0,0,0,0,0,0,0,0,10,0,0,0,0,0,0,0,0,0,0,0,0,0,0,0,0,0,0,0,0,0,0,0,0,0,0,0,0,0,0,0,0,0,3,0,0,0,0,0,0,0,0,0,0,0,0,0,0,0,0,0,11,0,13,0,4,0,0,0,0,0,0,0,0,0,0,0,51,0,0,2,0,1,0,0,12,0,0,0,50,24,13,0,7,0,11,0,17,0,38,2,0,0,0,0,0,0,0,0,0,0,4,0,0,0,0,0,0,0,8,0,0,0,0,0,0,0,0,0,0,0,77,14,76,0,19,2,364,4,115,1,96,0,43,1,28,0,0,1,7,0,18,0,0,0,0,0,73,0,0,0,0
0,99,0,13,0,72,0,2,0,5,1,353,39,0,17,14,0,0,114,20,76,17,0,0,0,0,124,31,0,2,0,46,0,32,38,99,6,144,0,0,12,256,24,31,28,22,0,114,0,37,23,23,0,0,0,0,0,0,0,1,0,0,0,0,0,5,0,0,0,0,0,0,0,0,0,0,0,0,0,0,0,0,0,1,0,0,0,0,0,0,0,0,0,0,0,0,0,0,0,0,0,0,0,0,0,0,0,0,0,0,0,0,0,0,0,0,0,0,0,0,0,0,0,0,0,2,0,0,0,0,0,0,0,0,0,0,0,0,0,0,0,0,0,0,0,0,0,0,0,0,0,4,0,6,0,0,0,0,0,0,0,0,0,0,3,16,0,17,0,27,0,0,0,3,0,9,3,253,0,5,0,8,0,0,0,7,4,97,0,0,0,0,0,0,0,0,0,0,0,0,0,0,0,0,0,0,0,0,0,0,0,0,0,0,0,0,0,0,5,87,2,37,0,18,5,128,2,57,0,47,0,0,0,40,0,3,0,3,0,6,0,0,0,4,0,21,0,0,0
22,0,300,7,176,98,25,0,0,0,29,144,92,17,0,298,51,3,122,41,173,61,195,97,102,3,178,12,0,8,116,12,68,20,48,4,83,13,11,0,16,0,34,0,46,0,9,0,0,0,20,0,11,0,51,0,0,0,0,0,0,0,0,0,0,0,0,0,1,0,0,0,0,0,0,0,0,0,0,0,6,0,0,0,0,0,4,0,0,0,13,0,0,0,3,0,17,0,12,0,0,0,0,0,0,0,0,0,0,0,0,0,0,0,0,0,0,0,0,0,0,0,0,0,0,0,42,0,0,0,0,0,0,0,38,0,10,0,0,0,0,0,26,0,0,0,0,0,0,0,28,0,0,0,8,0,0,0,0,0,1,0,0,0,13,0,74,2,32,0,0,0,25,0,0,0,58,21,12,0,3,0,0,0,30,0,0,0,0,0,0,0,0,0,0,0,2,0,8,0,14,0,0,0,0,0,13,0,29,0,4,0,0,0,4,0,0,0,4,0,82,0,11,0,44,0,38,10,111,11,28,5,27,0,2,0,10,0,6,3,0,0,8,0,70,4,0,0,0
18,23,31,125,100,121,0,15,0,5,63,18,18,14,298,0,20,31,44,312,288,306,85,148,0,83,0,113,5,153,40,63,17,84,11,11,37,82,12,164,2,11,0,9,0,6,0,9,0,6,0,4,0,0,0,40,0,8,0,2,0,14,0,8,0,45,0,3,0,0,0,0,0,2,0,0,0,0,0,0,0,0,0,0,0,39,0,0,0,0,0,0,0,0,0,0,0,0,0,15,0,0,0,0,0,0,0,0,0,0,0,0,0,0,0,0,0,0,0,0,0,0,0,3,0,3,0,0,0,0,0,0,0,11,0,37,0,0,3,0,0,4,0,41,0,0,0,4,0,12,0,21,0,6,0,0,0,0,0,0,0,1,0,0,0,1,22,21,19,13,2,6,6,38,0,2,8,119,0,45,0,0,0,2,0,5,0,6,0,0,0,0,0,0,0,0,0,0,0,6,0,0,0,0,0,0,0,8,0,15,0,0,0,0,0,17,0,0,0,3,29,130,0,11,0,11,6,104,46,95,8,27,0,134,3,6,1,2,0,25,0,6,0,0,20,67,0,0,0
82,22,111,8,44,8,9,1,17,0,44,8,0,0,51,20,0,12,55,0,250,0,70,33,53,22,29,0,135,3,17,0,23,0,36,0,35,0,116,2,2,0,54,0,34,0,1,0,0,0,46,0,48,0,34,0,2,0,0,0,19,0,187,2,0,0,0,0,0,0,15,0,0,1,0,0,0,0,6,0,108,0,0,0,49,0,51,0,0,0,53,0,0,0,7,0,109,0,122,0,26,0,2,0,0,0,0,0,0,0,0,0,0,0,0,0,0,0,0,0,43,0,93,0,1,0,7,0,2,0,0,0,0,0,10,0,10,0,14,0,11,0,51,0,12,0,0,0,0,0,0,0,0,0,16,0,1,0,2,0,2,0,1,0,3,0,8,0,0,0,3,0,6,0,0,0,31,5,1,0,1,0,0,0,2,0,0,0,0,0,0,0,0,0,0,0,0,0,2,1,7,0,0,0,0,0,0,0,0,0,0,0,1,0,5,0,0,0,2,0,13,0,0,0,4,0,2,0,16,0,8,0,0,0,0,0,0,0,7,0,0,0,1,0,9,1,0,0,0
57,37,56,16,6,4,34,53,26,11,3,0,0,0,3,31,12,0,0,7,0,93,55,84,70,58,0,0,0,323,0,22,0,15,0,3,5,2,26,94,0,0,0,3,0,0,0,0,0,0,0,4,3,42,4,76,0,122,0,10,17,70,6,192,0,0,0,0,0,0,0,0,0,5,0,0,0,0,0,2,0,36,0,0,0,93,0,36,0,0,2,0,0,0,0,1,0,0,1,40,0,0,0,0,0,0,0,0,0,0,0,0,0,0,0,0,0,0,0,0,0,0,0,16,0,5,0,18,0,0,0,9,0,88,0,65,0,85,11,116,2,53,0,262,4,4,0,0,0,0,0,0,1,0,2,79,0,0,0,29,0,9,1,0,0,0,0,0,0,0,3,4,36,6,0,0,7,6,0,0,0,0,0,2,0,0,0,0,0,0,0,0,0,0,0,0,0,0,0,0,0,0,0,0,0,0,0,0,0,22,0,0,0,2,0,13,0,0,0,0,6,24,0,0,0,2,5,42,14,11,0,0,14,0,0,0,0,0,0,0,0,0,0,0,9,5,0,0,0
18,0,97,0,66,20,0,0,6,0,13,19,49,114,122,44,55,0,0,169,96,102,116,0,40,0,133,221,14,0,30,20,4,7,135,22,50,39,0,0,15,0,87,0,25,6,14,11,3,0,178,8,14,0,20,0,3,0,0,0,0,0,9,0,2,0,0,0,0,0,5,0,0,0,0,0,0,0,0,0,18,0,0,0,11,0,11,0,0,0,0,0,0,0,0,0,26,0,22,0,0,0,0,0,0,0,0,0,0,0,0,0,0,0,0,0,0,0,0,0,9,0,0,0,0,0,17,0,0,0,0,0,0,0,11,0,0,0,0,0,0,0,0,0,5,0,4,0,3,0,12,0,4,0,1,0,0,0,0,0,2,0,0,0,77,0,21,1,57,0,0,0,14,0,1,0,38,37,6,0,4,0,0,0,0,0,8,6,0,0,0,0,0,0,0,0,0,0,0,0,0,0,0,0,0,0,0,0,0,0,0,0,2,0,0,0,0,0,22,12,59,0,13,0,322,14,50,0,69,0,13,0,0,0,0,0,7,0,5,0,1,0,1,0,0,0,0,0,0
0,58,0,75,27,92,0,5,0,5,0,41,59,20,41,312,0,7,169,0,143,121,0,69,0,0,76,183,0,8,16,59,0,14,53,67,10,60,0,2,4,15,20,27,9,85,0,52,0,2,19,37,0,0,0,10,0,4,0,2,0,0,0,0,0,44,0,2,0,0,0,0,0,0,0,0,0,2,0,0,0,0,0,0,0,0,0,8,0,0,0,0,0,0,0,0,0,0,0,0,0,0,0,0,0,0,0,0,0,0,0,0,0,0,0,0,0,0,0,0,0,0,0,0,0,0,0,4,0,0,0,0,0,0,0,0,0,0,0,0,0,2,0,0,0,1,0,0,0,20,0,14,0,11,0,0,0,0,0,0,0,0,0,0,0,26,2,23,6,29,0,3,0,7,0,0,4,121,0,2,0,0,0,0,0,10,2,23,0,0,0,0,0,0,0,0,0,0,0,0,0,0,0,0,0,0,0,0,0,9,0,0,0,0,0,2,0,0,0,59,5,38,0,0,0,109,0,47,0,91,0,30,0,26,0,5,0,0,0,0,0,0,0,2,0,22,0,0,0
0,0,45,5,84,116,4,0,2,0,63,114,55,76,173,288,250,0,96,143,0,165,297,55,91,0,74,110,77,3,23,39,17,22,49,28,84,53,0,0,0,5,100,0,27,0,0,9,0,0,131,0,25,0,27,0,1,0,0,0,7,0,62,0,0,0,0,0,0,0,27,0,0,0,0,0,0,0,0,0,55,0,0,0,18,0,38,0,0,0,0,0,0,0,0,0,61,0,72,0,0,0,0,0,0,0,7,0,0,0,0,0,0,0,0,0,0,0,0,0,33,0,45,0,0,0,0,0,8,0,0,0,0,0,9,0,11,0,22,0,13,0,47,0,42,0,0,0,0,0,0,0,0,0,7,0,0,0,0,0,0,0,0,0,24,0,56,4,33,0,6,1,25,0,0,0,40,28,6,0,0,0,0,0,0,0,1,3,0,0,0,0,0,0,0,0,0,0,0,0,15,0,0,0,0,0,0,0,0,0,0,0,0,0,0,0,4,0,8,0,56,19,2,0,92,0,52,8,67,0,0,0,19,7,0,0,2,0,6,0,0,0,4,0,22,0,0,0,0
2,0,0,14,35,45,0,8,0,0,1,18,52,17,61,306,0,93,102,121,165,0,0,208,0,48,14,124,0,83,16,68,1,63,16,75,8,65,0,10,0,0,0,77,0,47,0,5,0,8,0,47,0,0,0,20,0,5,0,0,0,0,0,29,0,10,0,0,0,0,0,0,0,0,0,0,0,0,0,0,0,50,0,0,0,69,0,60,0,0,0,0,0,0,0,0,0,0,0,0,0,0,0,0,0,0,0,0,0,0,0,0,0,0,0,0,0,0,0,0,0,30,0,14,0,0,0,0,0,0,0,0,0,0,0,0,0,16,0,33,0,31,0,131,0,5,0,2,0,0,0,6,0,0,0,2,0,0,0,1,0,0,0,1,0,15,0,35,0,23,0,0,0,7,0,0,2,34,0,0,0,0,0,2,0,3,0,6,0,0,0,0,0,0,0,0,0,0,0,0,0,0,0,2,0,0,0,0,0,6,0,0,0,0,0,2,0,7,0,29,0,52,0,15,0,68,0,81,0,76,0,0,0,32,0,4,0,1,0,11,0,3,0,0,5,23,0,0,0
58,69,312,22,54,18,20,4,0,2,21,67,3,0,195,85,70,55,116,0,297,0,0,104,77,29,52,0,57,7,6,0,32,0,17,0,8,0,70,0,3,0,24,0,52,0,1,0,0,1,13,1,17,0,63,0,0,0,0,0,5,10,7,9,4,0,0,0,0,0,0,0,0,0,0,0,0,0,0,0,16,0,0,0,7,0,0,0,0,0,6,0,0,0,0,0,13,0,12,1,3,0,0,0,0,0,0,0,0,0,0,0,0,0,0,0,0,0,0,0,0,0,0,0,0,0,11,0,0,0,0,0,0,0,23,0,11,0,0,0,0,0,30,0,1,0,0,0,0,0,8,0,4,0,0,0,0,0,1,0,0,0,0,0,2,0,13,0,0,0,0,0,22,2,4,2,26,2,0,0,0,0,2,0,13,0,0,0,1,0,0,0,0,0,0,0,0,0,0,0,12,0,0,0,0,0,0,0,16,0,0,0,0,0,0,0,0,0,3,0,16,0,4,0,6,1,8,21,23,7,0,0,18,0,0,0,5,0,10,0,7,0,3,0,19,7,0,0,0
19,2,45,28,44,41,0,7,0,0,25,3,3,0,97,148,33,84,0,69,55,208,104,0,8,48,0,35,14,77,4,6,12,7,0,2,5,16,26,111,0,0,0,5,0,2,1,0,0,1,0,0,0,0,2,44,0,13,0,3,0,20,0,9,0,4,0,0,0,0,0,0,0,3,0,0,0,0,0,0,0,15,0,0,0,42,0,12,0,0,0,0,0,0,0,0,0,6,0,24,0,9,0,0,0,0,0,0,0,0,0,0,0,0,0,0,0,0,0,0,0,4,0,0,0,0,0,0,0,0,0,0,0,0,0,23,0,0,0,0,0,1,0,45,0,1,0,1,0,2,0,0,0,0,0,2,0,0,0,0,0,0,0,0,0,0,3,2,6,7,0,1,11,11,0,0,0,22,0,1,0,0,0,0,0,0,0,0,0,0,1,0,0,0,0,0,0,0,0,3,0,0,0,0,0,0,0,0,0,0,0,2,0,1,0,8,0,0,0,0,8,35,0,0,1,3,0,179,16,10,0,5,6,38,0,1,0,0,6,5,0,2,1,3,9,20,0,0,0
72,65,105,8,11,0,203,0,114,5,2,0,5,0,102,0,53,70,40,0,91,0,77,8,0,132,30,0,59,3,1,0,0,0,0,0,3,0,41,0,0,0,21,0,25,0,0,0,0,0,0,0,21,0,83,3,5,0,1,0,23,12,17,37,0,0,0,0,0,0,0,0,0,0,0,0,1,0,0,0,8,0,0,0,10,0,6,0,1,0,2,0,0,0,0,0,15,0,10,0,0,0,0,0,0,0,0,0,0,0,0,0,0,0,0,0,0,0,0,0,5,0,7,0,1,0,3,0,0,0,1,0,9,0,6,0,10,0,6,0,3,0,20,0,0,0,0,0,0,0,4,0,0,0,8,0,0,0,1,0,1,0,0,0,0,0,0,0,2,0,3,0,24,1,0,2,5,0,0,0,2,0,1,0,0,0,0,0,0,0,1,0,0,0,0,0,0,0,0,0,3,0,0,0,0,0,0,0,6,0,0,0,0,0,6,2,0,0,0,0,14,0,2,0,7,0,4,2,30,3,2,0,14,0,3,0,0,0,2,2,1,0,0,1,12,8,0,0,0
50,26,70,54,0,7,63,50,48,1,0,0,0,0,3,83,22,58,0,0,0,48,29,48,132,0,0,0,7,59,0,0,0,2,0,2,1,2,25,40,0,0,0,0,0,3,1,0,0,0,0,1,0,7,16,198,0,26,0,0,28,48,27,122,0,0,0,0,0,0,0,0,0,7,0,0,0,0,0,0,0,8,0,0,0,31,0,6,0,0,0,0,0,0,0,0,0,0,0,12,0,0,0,0,0,0,0,0,0,0,0,0,0,0,0,0,0,0,0,0,0,0,0,0,0,0,0,0,0,0,0,1,0,15,0,74,0,20,0,0,0,0,1,35,0,0,0,1,4,7,0,30,2,2,0,11,0,0,1,5,0,0,0,0,0,0,0,0,0,0,0,0,60,7,7,0,7,32,0,0,0,2,0,21,1,0,0,0,0,0,0,0,0,0,0,0,0,3,0,6,0,15,0,0,0,0,0,7,0,30,2,0,0,0,5,16,0,0,0,0,8,51,0,11,0,0,12,10,24,27,8,2,12,55,0,3,0,2,6,2,3,2,0,0,25,15,0,0,0
23,0,75,0,106,0,0,0,7,0,8,0,66,124,178,0,29,0,133,76,74,14,52,0,30,0,0,492,10,0,5,5,0,0,52,16,30,18,0,0,35,66,261,29,81,26,10,100,13,1,174,28,12,0,13,0,0,0,0,0,0,0,8,0,8,0,0,1,0,0,0,0,0,0,0,0,0,0,0,0,0,0,0,0,0,0,0,0,0,0,0,0,0,0,0,0,14,0,21,0,0,0,0,0,0,0,0,0,0,0,0,0,0,0,0,0,0,0,0,0,0,0,0,0,0,0,16,0,0,0,0,0,1,0,0,0,6,0,0,0,0,0,16,0,0,0,0,0,0,0,8,0,0,0,4,0,0,0,0,0,0,0,0,0,57,0,6,0,0,2,0,0,12,0,4,0,25,43,2,0,0,0,0,0,21,0,32,5,0,0,0,0,0,0,0,0,0,0,0,0,0,0,0,0,0,0,0,0,0,0,0,0,0,0,0,0,0,0,147,27,16,0,29,10,369,0,0,1,0,0,0,0,0,0,0,0,0,0,0,0,0,0,0,0,24,0,0,0,0
3,93,0,27,13,131,0,4,0,8,0,88,144,31,12,113,0,0,221,183,110,124,0,35,0,0,492,0,0,0,4,26,0,0,114,119,7,74,0,0,146,59,221,120,127,173,58,71,2,32,97,117,0,0,0,0,0,2,0,0,0,0,0,0,0,27,0,0,0,0,0,0,0,0,0,0,0,0,0,0,0,0,0,0,0,0,0,0,0,0,0,0,0,0,0,0,0,0,0,0,0,0,0,0,0,0,0,0,0,0,0,0,0,0,0,0,0,0,0,0,0,5,0,2,0,0,0,4,0,0,0,0,0,0,0,0,0,0,0,0,0,3,0,0,0,0,0,7,0,0,0,7,0,12,0,0,0,0,0,0,0,1,0,0,0,69,0,12,0,47,0,0,0,2,0,0,4,223,0,1,0,0,0,0,0,0,28,68,0,0,0,0,0,0,0,18,0,0,0,1,0,0,0,0,0,0,0,0,0,6,0,0,0,0,0,3,0,0,35,409,0,19,0,137,0,157,0,57,0,40,0,12,1,26,0,4,0,4,0,9,0,0,0,0,0,16,0,0,0
80,6,177,3,32,0,27,0,5,1,32,5,0,0,0,5,135,0,14,0,77,0,57,14,59,7,10,0,0,2,108,0,5,0,47,0,101,0,3,0,0,0,29,0,0,0,0,0,0,0,29,0,8,0,6,0,0,0,0,0,7,0,29,0,0,0,0,0,0,0,0,0,0,0,0,0,0,0,0,0,19,0,0,0,3,0,9,0,0,0,6,0,0,0,0,0,12,0,17,0,4,0,0,0,0,0,0,0,0,0,0,0,0,0,0,0,0,0,0,0,6,0,11,0,0,0,0,0,0,0,0,0,0,0,0,0,1,0,21,0,10,0,23,0,12,0,1,0,0,0,3,0,0,0,1,0,0,0,0,0,0,0,0,0,0,0,0,0,2,0,0,0,1,0,1,0,11,0,0,0,2,0,0,0,0,0,0,0,0,0,0,0,0,0,0,0,0,0,0,0,0,0,0,0,0,0,0,0,0,0,0,0,0,0,1,0,0,0,0,0,1,0,0,0,5,0,2,3,1,0,1,0,0,0,0,0,0,0,0,0,0,0,0,0,0,0,0,0,0
5,41,7,44,0,43,0,29,0,5,5,25,0,2,8,153,3,323,0,8,3,83,7,77,3,59,0,0,2,0,0,54,0,41,0,14,0,14,0,28,0,0,0,19,0,3,0,0,0,0,0,8,0,5,0,19,0,9,0,11,0,6,0,83,0,0,0,0,0,0,0,0,0,3,0,0,0,0,0,0,0,67,0,0,0,98,0,49,0,0,0,0,0,0,0,0,0,0,0,43,0,0,0,0,0,0,0,0,0,0,0,0,0,0,0,0,0,0,0,0,0,43,0,14,0,4,0,7,0,0,0,3,0,17,0,20,0,47,0,58,0,28,0,185,0,6,0,0,0,0,0,0,0,0,0,12,0,1,0,3,0,3,0,0,0,0,0,1,0,0,0,2,1,2,0,0,0,9,0,2,0,0,0,3,0,0,0,1,0,0,0,0,0,0,0,0,0,0,0,0,0,0,0,0,0,0,0,0,0,3,0,0,0,0,0,0,0,0,0,0,0,12,0,0,0,3,0,63,0,4,0,0,0,0,0,0,0,0,0,4,0,4,0,0,0,12,0,0,0
1,0,21,0,136,12,0,0,0,0,32,6,54,0,116,40,17,0,30,16,23,16,6,4,1,0,5,4,108,0,0,5,4,0,39,1,54,0,7,0,3,0,26,1,2,1,0,0,2,0,37,0,1,0,0,0,0,0,0,0,3,0,6,0,0,0,0,0,0,0,0,0,0,0,0,0,0,0,0,0,0,0,0,0,0,0,0,0,0,0,6,0,0,0,0,0,0,0,0,0,0,1,0,0,0,0,0,0,0,0,0,0,0,0,0,0,0,0,0,0,2,0,4,0,0,0,0,0,0,0,0,0,0,0,0,0,0,0,6,0,3,0,6,0,0,0,0,0,0,0,0,0,0,0,0,0,0,0,0,0,0,0,0,0,3,0,1,0,3,0,1,0,0,0,0,0,15,3,2,0,0,0,0,0,0,0,0,0,0,0,0,0,0,0,0,0,0,0,1,0,0,0,0,0,0,0,0,0,0,0,1,0,0,0,0,0,0,0,2,0,1,7,0,0,0,0,2,0,7,0,3,0,0,3,0,0,0,1,0,0,0,0,0,0,3,1,0,0,0
0,0,0,0,8,73,0,0,0,0,1,14,12,46,12,63,0,22,20,59,39,68,0,6,0,0,5,26,0,54,5,0,0,32,7,25,0,32,0,28,0,0,0,45,0,6,0,1,0,6,0,7,0,0,0,0,0,0,0,2,0,0,0,16,0,0,0,1,0,0,0,0,0,0,0,0,0,0,0,0,0,8,0,0,0,9,0,5,0,0,0,0,0,0,0,0,0,0,0,5,0,0,0,0,0,0,0,0,0,0,0,0,0,0,0,0,0,0,0,0,0,9,0,0,0,0,0,0,0,0,0,0,0,3,0,2,0,14,0,19,0,13,0,31,0,7,0,0,0,0,0,0,0,1,0,0,0,3,0,2,0,0,0,0,0,1,0,2,0,4,0,0,0,4,0,0,0,22,0,0,0,0,0,0,0,0,0,8,0,0,0,0,0,0,0,0,0,0,0,0,0,0,0,0,0,0,0,1,0,0,0,0,0,0,0,0,0,1,0,4,2,11,0,0,1,13,0,13,0,19,0,5,0,8,0,0,0,0,0,2,0,0,0,0,0,0,0,0,0
35,3,76,0,71,6,4,0,4,0,81,6,10,0,68,17,23,0,4,0,17,1,32,12,0,0,0,0,5,0,4,0,0,0,8,0,40,0,3,0,2,0,14,0,0,0,0,0,0,0,14,0,0,0,3,0,0,0,0,0,4,0,9,0,0,0,0,0,0,0,0,0,0,0,0,0,0,0,0,0,2,0,0,0,0,0,2,0,0,0,0,0,0,0,0,0,0,0,0,0,0,0,0,0,0,0,1,0,0,0,0,0,0,0,0,0,0,0,0,0,1,0,0,0,0,0,0,0,0,0,0,0,0,0,0,0,2,0,4,0,0,0,0,0,5,0,0,0,0,0,0,0,0,0,0,0,1,0,0,0,0,0,0,0,0,0,5,0,3,0,0,0,0,0,0,0,22,1,0,0,0,0,0,0,0,0,0,0,0,0,0,0,0,0,0,0,0,0,0,0,0,0,0,0,0,0,0,0,0,0,0,0,0,0,0,0,0,0,0,0,7,1,1,0,0,0,6,3,10,0,0,0,3,0,1,0,0,0,0,0,0,0,0,0,3,0,0,0,0
0,0,0,21,7,164,0,1,0,0,0,137,3,32,20,84,0,15,7,14,22,63,0,7,0,2,0,0,0,41,0,32,0,0,0,19,0,29,0,13,0,1,0,18,0,5,0,0,0,1,0,14,0,0,0,4,0,1,0,1,0,17,0,11,0,1,0,0,0,0,0,0,0,0,0,0,0,0,0,0,0,5,0,0,0,0,0,0,0,0,1,0,0,0,0,0,0,0,0,0,0,0,0,0,0,0,0,0,0,0,0,0,0,0,0,0,0,0,0,0,0,4,0,2,0,0,0,0,0,0,0,0,0,0,0,0,0,5,0,19,0,4,0,8,0,8,0,0,0,0,0,0,0,0,0,0,0,7,0,1,0,0,1,0,0,0,1,3,0,0,0,1,0,2,0,0,0,34,0,8,0,0,0,0,0,0,0,0,0,0,0,0,0,0,0,0,0,0,0,0,0,0,0,0,0,0,0,0,0,0,0,0,0,0,0,0,0,0,0,0,1,3,0,0,1,0,0,30,0,10,0,0,0,3,0,0,0,0,0,0,0,0,0,0,3,2,0,0,0
0,0,0,0,44,0,0,0,0,0,2,0,164,38,48,11,36,0,135,53,49,16,17,0,0,0,52,114,47,0,39,7,8,0,0,10,68,11,0,0,7,5,19,0,12,4,5,13,0,0,53,1,0,0,0,0,0,0,0,0,3,0,15,0,0,0,0,0,0,0,7,0,0,0,0,0,0,0,0,0,0,0,0,0,0,0,0,0,0,0,9,0,0,0,0,0,15,0,24,0,0,0,0,0,0,0,0,0,0,0,0,0,0,0,0,0,0,0,0,0,16,0,7,0,0,0,0,0,0,0,0,0,0,0,3,0,0,0,4,0,6,0,12,0,15,0,0,0,0,0,0,0,0,0,0,0,0,0,0,0,0,0,2,0,9,0,6,0,7,0,0,0,10,0,0,0,4,5,1,0,0,0,0,0,0,0,3,0,0,0,0,0,0,0,0,0,0,0,0,0,0,0,0,0,0,0,0,0,0,0,0,0,0,0,0,0,0,0,4,8,7,0,0,0,23,0,5,0,20,0,0,0,0,0,0,0,0,0,0,0,0,0,0,0,6,0,0,0,0
0,0,0,0,0,29,0,0,0,4,0,4,13,99,4,11,0,3,22,67,28,75,0,2,0,2,16,119,0,14,1,25,0,19,10,0,1,40,0,21,0,7,3,7,3,39,0,5,0,6,0,16,0,4,0,0,0,0,0,6,0,11,0,8,0,0,0,0,0,0,0,2,0,0,0,0,0,0,0,0,0,9,0,2,0,4,0,17,0,0,0,0,0,0,0,0,0,0,0,0,0,0,0,0,0,0,0,0,0,0,0,0,0,0,0,0,0,0,0,0,0,8,0,0,0,0,0,0,0,0,0,0,0,0,0,0,0,5,0,27,0,12,0,24,0,11,0,0,0,0,0,0,0,0,0,0,0,0,0,1,0,0,0,0,0,15,0,0,0,8,0,0,1,0,0,0,0,17,0,0,0,0,0,0,0,0,0,39,0,0,0,0,0,0,0,0,0,0,0,0,0,0,0,0,0,0,0,0,0,0,0,0,0,0,0,0,0,0,0,53,0,6,0,12,0,39,0,15,0,7,0,0,0,12,0,2,1,1,0,0,0,0,0,1,0,13,0,0,0
72,7,58,0,69,18,5,0,0,0,39,12,51,6,83,37,35,5,50,10,84,8,8,5,3,1,30,7,101,0,54,0,40,0,68,1,0,3,16,0,0,0,53,0,11,0,0,0,6,0,114,0,3,0,5,0,0,0,0,0,29,0,19,0,0,0,1,0,0,0,23,0,0,0,0,0,0,0,0,0,45,0,0,0,13,0,11,0,0,0,0,0,0,0,9,0,0,0,33,0,8,0,0,0,0,0,0,0,0,0,0,0,0,0,0,0,0,0,0,0,24,0,27,0,0,0,3,0,7,0,0,0,0,0,0,0,8,0,50,0,32,0,37,0,89,0,0,0,0,0,0,0,0,0,14,0,22,0,4,0,0,0,5,0,21,0,8,0,43,0,32,0,51,0,0,0,16,5,3,0,0,0,0,0,3,0,1,1,0,0,0,0,0,0,0,0,0,0,0,0,1,0,0,0,0,0,0,0,0,0,1,0,0,0,0,0,0,0,0,0,16,0,1,0,23,0,3,3,48,0,3,0,4,0,0,2,0,0,2,0,0,0,0,0,7,0,0,0,0
0,36,0,23,0,131,1,0,0,0,0,117,11,144,13,82,0,2,39,60,53,65,0,16,0,2,18,74,0,14,0,32,0,29,11,40,3,0,0,40,0,0,0,49,2,12,0,6,0,4,3,38,0,5,0,0,0,4,0,0,0,66,0,69,0,2,0,0,0,0,0,0,0,3,0,1,0,0,0,1,0,8,0,0,0,17,0,16,0,0,0,0,0,0,0,0,0,0,0,2,0,0,0,0,0,0,0,0,0,0,0,0,0,0,0,0,0,0,0,0,0,27,0,16,0,0,0,0,0,0,0,1,0,0,0,0,0,0,0,60,0,36,0,32,0,44,0,0,0,0,0,0,0,0,0,3,0,30,0,8,0,2,0,0,0,10,1,5,0,12,0,2,0,8,0,0,1,63,0,9,0,0,0,2,0,1,0,36,0,0,0,0,0,0,0,0,0,0,0,0,0,0,0,1,0,0,0,0,0,0,0,0,0,0,0,2,0,0,0,15,0,31,0,11,2,49,0,128,0,30,0,0,0,11,0,0,0,0,0,0,0,0,0,0,2,7,0,0,0
504,36,473,9,50,0,64,0,9,0,25,8,0,0,11,12,116,26,0,0,0,0,70,26,41,25,0,0,3,0,7,0,3,0,0,0,16,0,0,5,0,0,5,0,0,0,0,0,0,0,3,0,4,0,0,0,0,0,0,0,12,5,9,0,4,0,0,0,0,0,1,0,0,0,0,0,0,0,0,0,0,0,0,0,2,0,0,0,0,0,2,0,0,0,0,0,0,0,5,0,0,0,0,0,0,0,0,0,0,0,0,0,0,0,0,0,0,0,0,0,4,0,0,0,0,0,0,0,0,0,0,0,2,0,0,0,0,0,24,0,2,0,4,0,19,0,0,0,0,0,8,0,0,0,7,0,6,0,5,0,1,0,0,0,0,0,3,0,0,0,2,1,10,0,0,0,93,1,0,0,10,0,2,0,6,0,0,0,0,0,0,0,0,0,0,0,0,0,0,0,0,0,0,0,0,0,2,0,0,0,0,0,0,0,2,0,0,0,0,0,1,0,0,0,2,0,13,0,7,2,0,0,0,0,0,1,0,0,2,0,0,0,0,0,6,0,0,0,0
0,165,0,161,0,111,0,14,0,0,0,163,0,0,0,164,2,94,0,2,0,10,0,111,0,40,0,0,0,28,0,28,0,13,0,21,0,40,5,0,0,0,0,7,0,0,0,0,1,0,0,7,0,1,0,4,0,4,0,0,0,31,0,47,0,0,0,0,0,0,0,0,0,0,0,0,0,0,0,0,0,17,0,0,0,22,0,21,0,0,0,0,0,0,0,0,0,0,0,0,0,0,0,0,0,0,0,0,0,0,0,0,0,0,0,0,0,0,0,0,0,22,0,8,0,0,0,2,0,0,0,2,0,12,0,8,0,26,0,61,0,23,0,71,0,19,0,0,0,0,0,0,0,0,0,2,0,13,0,0,0,0,0,1,0,0,0,0,0,0,0,1,0,0,0,0,0,66,0,9,0,0,0,5,0,4,0,0,0,0,0,0,0,0,0,0,0,0,0,0,0,0,0,0,0,0,0,0,0,0,0,0,0,0,0,0,0,0,0,0,0,0,0,0,0,1,0,69,0,3,0,0,0,12,0,2,0,0,0,0,0,0,0,0,0,12,0,0,0
31,1,30,0,68,0,9,0,13,0,64,0,188,12,16,2,2,0,15,4,0,0,3,0,0,0,35,146,0,0,3,0,2,0,7,0,0,0,0,0,0,35,138,6,70,24,25,45,108,0,25,10,0,0,0,0,0,0,0,0,0,0,0,0,8,0,0,0,0,0,0,0,0,0,0,0,0,0,0,0,0,0,0,0,0,0,0,0,0,0,0,0,0,0,0,0,0,0,0,0,0,0,0,0,0,0,0,0,0,0,0,0,0,0,0,0,0,0,0,0,0,0,0,0,0,0,8,0,0,0,0,0,0,0,2,0,0,0,0,0,0,0,1,0,0,0,0,0,0,0,0,0,0,0,0,0,0,0,0,0,0,0,0,0,38,0,0,0,0,0,0,0,0,0,0,0,10,23,1,0,1,0,0,0,10,0,36,0,0,0,0,0,0,0,0,0,0,0,0,0,0,0,0,0,0,0,0,0,0,0,0,0,0,0,0,0,0,0,203,30,9,0,52,27,102,0,7,0,0,0,0,0,0,0,0,0,0,0,0,0,0,0,0,0,0,0,0,0,0
0,62,0,2,0,55,0,1,0,0,0,80,11,256,0,11,0,0,0,15,5,0,0,0,0,0,66,59,0,0,0,0,0,1,5,7,0,0,0,0,35,0,49,10,89,42,23,139,3,91,15,5,0,0,0,0,0,0,0,0,0,0,0,0,0,0,0,0,0,0,0,0,0,0,0,0,0,0,0,0,0,0,0,0,0,0,0,3,0,0,0,0,0,0,0,0,0,0,0,0,0,0,0,0,0,0,0,0,0,0,0,0,0,0,0,0,0,0,0,0,0,0,0,0,0,0,0,1,0,0,0,0,0,0,0,0,0,0,0,0,0,0,0,0,0,0,0,3,0,0,0,0,0,0,0,0,0,0,0,0,0,0,0,0,0,16,0,0,0,6,0,0,0,0,0,0,0,82,0,0,0,0,0,0,0,0,3,13,0,0,0,0,0,0,0,0,0,0,0,0,0,0,0,0,0,0,0,0,0,0,0,0,0,0,0,0,0,0,40,66,0,0,5,129,0,0,0,0,0,0,0,0,0,0,0,0,0,0,0,0,0,0,0,0,0,0,0,0,0
0,0,0,0,18,0,0,0,0,0,5,0,47,24,34,0,54,0,87,20,100,0,24,0,21,0,261,221,29,0,26,0,14,0,19,3,53,0,5,0,138,49,0,11,233,18,68,65,30,0,136,15,6,0,0,0,0,0,0,0,2,0,30,0,0,0,0,0,4,0,23,0,0,0,0,0,0,0,0,0,39,0,0,0,0,0,21,0,0,0,16,0,0,0,0,0,0,0,40,0,10,0,1,0,0,0,6,0,0,0,0,0,0,0,0,0,0,0,0,0,35,0,14,0,0,0,0,0,0,0,0,0,0,0,7,0,0,0,0,0,0,0,20,0,0,0,0,0,1,0,0,0,0,0,0,0,0,0,0,0,0,0,16,0,38,0,27,0,13,0,22,0,21,0,0,0,7,12,3,0,1,0,0,0,0,0,44,0,0,0,0,0,0,0,0,0,1,0,0,0,0,0,0,0,0,0,0,0,0,0,0,0,0,0,0,0,0,0,182,14,26,0,30,6,122,0,30,0,58,0,19,0,31,0,0,0,0,0,0,0,6,0,1,0,35,0,0,0,0
0,10,0,2,0,4,0,0,0,0,0,0,13,31,0,9,0,3,0,27,0,77,0,5,0,0,29,120,0,19,1,45,0,18,0,7,0,49,0,7,6,10,11,0,7,65,3,23,1,20,2,32,0,0,0,0,0,0,0,7,0,6,0,21,0,0,0,0,0,0,0,0,0,0,0,0,0,0,0,0,0,11,0,0,0,0,0,14,0,1,0,0,0,0,0,0,0,0,0,5,0,0,0,0,0,0,0,0,0,0,0,0,0,0,0,0,0,0,0,0,0,30,0,12,0,0,0,0,0,0,0,0,0,5,0,3,0,0,0,31,0,25,0,38,0,21,0,0,0,0,0,0,0,0,0,0,0,0,0,0,0,0,0,0,0,16,0,4,0,10,0,0,0,4,0,0,0,0,0,0,0,0,0,0,0,0,2,27,0,7,0,0,0,0,0,0,0,0,0,0,0,0,0,0,0,0,0,0,0,0,0,0,0,0,0,0,0,0,3,87,0,10,0,47,0,53,0,19,0,14,0,0,0,0,0,0,0,0,0,0,0,0,0,0,0,7,0,0,0
17,0,41,0,36,0,0,0,8,0,16,0,32,28,46,0,34,0,25,9,27,0,52,0,25,0,81,127,0,0,2,0,0,0,12,3,11,2,0,0,70,89,233,7,0,35,36,101,52,14,61,14,16,0,24,0,0,0,0,0,0,0,27,0,0,0,0,0,2,0,8,0,0,0,0,0,3,0,0,0,19,0,3,0,5,0,13,0,0,0,0,0,0,0,6,0,0,0,23,0,9,0,0,0,0,0,0,0,0,0,0,0,0,0,0,0,0,0,0,0,10,0,6,0,0,0,11,0,0,0,7,0,0,0,17,0,5,0,0,0,0,0,15,0,0,0,3,0,0,0,12,0,2,0,7,0,0,0,0,0,0,0,2,0,82,1,7,0,23,0,4,0,7,0,2,0,0,11,1,0,0,0,0,0,21,0,25,3,0,0,0,0,0,0,0,0,0,0,7,0,14,0,0,0,0,0,0,0,11,0,0,0,0,0,0,0,14,0,145,30,25,0,143,44,139,0,9,0,45,0,6,0,14,0,0,0,0,0,5,0,0,0,0,0,10,0,0,0,0
0,14,0,0,0,7,0,0,0,2,0,17,0,22,0,6,0,0,6,85,0,47,0,2,0,3,26,173,0,3,1,6,0,5,4,39,0,12,0,0,24,42,18,65,35,0,6,90,0,30,5,58,0,0,0,0,0,3,0,0,0,0,0,0,0,0,0,0,0,0,0,2,0,0,0,0,0,2,0,0,0,7,0,0,0,0,0,13,0,0,0,0,0,0,0,0,0,0,0,0,0,0,0,0,0,0,0,0,0,0,0,0,0,0,0,0,0,0,0,0,0,10,0,7,0,0,0,0,0,0,0,0,0,0,0,0,0,0,0,7,0,6,0,0,0,4,0,2,0,0,0,0,0,0,0,0,0,0,0,0,0,2,0,0,0,46,0,9,0,19,0,3,0,3,0,0,0,14,0,0,0,0,0,0,0,0,0,26,0,7,0,0,0,0,0,0,0,0,0,0,0,0,0,0,0,0,0,0,0,0,0,0,0,0,0,0,0,8,12,198,0,11,0,181,0,30,0,8,0,21,0,3,0,7,0,2,0,0,0,3,0,0,0,0,0,8,0,0,0
8,0,11,0,34,0,5,0,0,0,10,0,48,0,9,0,1,0,14,0,0,0,1,1,0,1,10,58,0,0,0,0,0,0,5,0,0,0,0,0,25,23,68,3,36,6,0,20,14,0,8,11,0,0,0,0,0,0,0,0,0,0,0,0,0,0,0,0,0,0,0,0,0,0,0,0,0,0,0,0,0,0,2,0,0,0,0,0,0,0,0,0,0,0,2,0,0,0,1,0,0,0,0,0,0,0,0,0,0,0,0,0,0,0,0,0,0,0,0,0,0,0,0,0,0,0,0,0,0,0,0,0,0,0,0,0,0,0,0,0,0,0,0,0,0,0,1,0,3,0,0,0,0,0,0,0,0,0,0,0,0,0,0,0,11,0,0,0,0,0,0,0,0,0,0,0,0,6,0,0,2,0,0,0,0,0,7,1,0,0,0,0,0,0,0,0,0,0,0,0,0,0,0,0,0,0,0,0,0,0,0,0,0,0,0,0,0,0,109,10,0,0,24,4,46,0,0,0,2,0,0,0,0,0,0,0,0,0,0,0,0,0,0,0,0,0,0,0,0
0,59,0,0,0,49,0,0,0,1,0,68,0,114,0,9,0,0,11,52,9,5,0,0,0,0,100,71,0,0,0,1,0,0,13,5,0,6,0,0,45,139,65,23,101,90,20,0,3,53,17,7,0,0,0,0,0,0,0,0,0,0,0,0,0,0,0,0,0,0,0,0,0,0,0,0,0,0,0,0,0,0,0,0,0,0,0,0,0,0,0,0,0,0,0,0,0,0,0,0,0,0,0,0,0,0,0,0,0,0,0,0,0,0,0,0,0,0,0,0,0,0,0,0,0,0,0,0,0,0,0,0,0,0,0,0,0,0,0,0,0,0,0,0,0,0,0,4,0,2,0,0,0,0,0,0,0,0,0,0,0,0,0,0,0,25,0,0,0,0,0,0,0,0,0,1,0,132,0,0,0,0,0,0,0,0,5,14,0,0,0,0,0,0,0,0,0,0,0,0,0,0,0,0,0,0,0,0,0,0,0,0,0,0,0,0,0,0,18,106,0,0,0,136,0,4,0,0,0,0,0,0,0,0,0,1,0,0,0,0,0,0,0,0,0,0,0,0,0
12,0,10,0,8,0,6,0,0,0,8,0,61,0,0,0,0,0,3,0,0,0,0,0,0,0,13,2,0,0,2,0,0,0,0,0,6,0,0,1,108,3,30,1,52,0,14,3,0,0,9,0,0,0,6,0,0,0,0,0,0,0,0,0,0,0,0,0,0,0,0,0,0,0,0,0,0,0,0,0,0,0,0,0,0,0,1,0,0,0,0,0,0,0,0,0,0,0,1,0,0,0,0,0,0,0,0,0,0,0,0,0,0,0,0,0,0,0,0,0,0,0,0,0,0,0,2,0,0,0,0,0,0,0,0,0,0,0,0,0,0,0,0,0,2,0,0,0,0,0,3,0,1,0,0,0,0,0,0,0,7,0,0,0,14,0,0,0,2,0,2,0,0,0,0,0,4,0,3,0,0,0,0,0,6,0,13,0,6,0,0,0,2,0,0,0,1,0,3,0,1,0,0,0,1,0,0,0,5,0,1,0,1,0,0,0,2,0,69,3,25,0,31,7,11,0,12,0,39,0,2,0,1,0,1,0,0,0,2,0,0,0,0,0,3,0,0,0,0
0,2,0,0,0,0,0,0,0,3,0,6,1,37,0,6,0,0,0,2,0,8,1,1,0,0,1,32,0,0,0,6,0,1,0,6,0,4,0,0,0,91,0,20,14,30,0,53,0,0,0,11,0,0,0,0,0,0,0,0,0,0,0,0,0,3,0,0,0,3,0,0,0,0,0,0,0,4,0,0,0,0,0,2,0,0,0,5,0,2,0,1,0,2,0,3,0,1,0,0,0,0,0,6,0,5,0,0,0,0,0,0,0,0,0,0,0,0,0,0,0,0,0,0,0,1,0,0,0,0,0,0,0,0,0,0,0,0,0,0,0,0,0,2,0,0,0,0,0,0,0,0,0,0,0,0,0,0,0,0,0,0,0,0,0,8,0,1,0,19,0,0,0,0,0,0,0,27,0,0,0,1,0,0,0,0,1,16,0,0,0,0,0,0,0,7,0,0,0,2,0,0,0,0,0,0,0,1,0,1,0,1,0,0,0,1,0,6,17,8,0,10,0,57,0,4,0,2,0,12,0,8,0,15,0,2,0,0,0,1,0,0,0,0,0,9,0,0,0
0,0,4,0,23,0,0,0,0,0,0,2,119,23,20,0,46,0,178,19,131,0,13,0,0,0,174,97,29,0,37,0,14,0,53,0,114,3,3,0,25,15,136,2,61,5,8,17,9,0,0,4,0,0,7,0,0,0,3,0,3,0,13,0,0,0,0,0,5,0,18,0,2,0,1,0,1,0,2,0,58,0,0,0,0,0,23,0,7,0,0,0,0,0,0,0,23,0,37,0,13,0,0,0,0,0,6,0,0,0,0,0,0,0,0,0,0,0,0,0,25,0,12,0,0,0,0,0,0,0,0,0,0,0,0,0,0,0,0,0,4,0,7,0,19,0,0,0,0,0,0,0,1,0,0,0,0,0,0,0,2,0,19,0,37,0,31,0,63,0,25,0,32,0,0,0,1,0,1,0,0,0,0,0,0,0,10,0,0,0,0,0,0,0,0,0,0,0,0,0,7,0,0,0,0,0,0,0,0,0,0,0,0,0,0,0,22,0,12,7,20,0,12,0,103,0,13,0,60,1,16,0,12,0,3,0,0,0,8,0,0,0,2,0,28,0,0,0,0
0,2,0,0,0,2,0,0,0,2,0,0,0,23,0,4,0,4,8,37,0,47,1,0,0,1,28,117,0,8,0,7,0,14,1,16,0,38,0,7,10,5,15,32,14,58,11,7,0,11,4,0,0,2,0,0,0,0,0,5,0,5,0,6,0,0,0,1,0,0,0,0,0,0,0,0,0,0,0,0,0,5,0,1,0,2,0,11,0,0,0,0,0,0,0,0,0,0,0,0,0,0,0,0,0,0,0,0,0,0,0,0,0,0,0,0,0,0,0,0,0,4,0,4,0,0,0,0,0,0,0,0,0,0,0,0,0,7,0,0,0,2,0,14,0,2,0,0,0,0,0,0,0,0,0,0,0,1,0,0,0,0,0,0,0,3,0,3,0,23,0,0,0,6,0,0,0,9,0,0,0,0,0,0,0,0,2,33,0,8,0,4,0,0,0,0,0,0,0,0,0,1,0,1,0,0,0,0,0,2,0,0,0,0,0,3,0,7,2,22,0,7,0,13,0,26,0,13,0,14,0,9,0,22,0,3,0,0,0,2,0,0,0,0,0,0,0,0,0
0,0,18,0,2,0,164,13,141,19,3,0,0,0,11,0,48,3,14,0,25,0,17,0,21,0,12,0,8,0,1,0,0,0,0,0,3,0,4,0,0,0,6,0,16,0,0,0,0,0,0,0,0,5,304,22,228,11,54,7,26,0,15,3,5,0,4,7,0,0,1,0,0,0,4,0,0,0,0,0,54,0,0,0,61,0,7,1,3,0,21,0,0,0,0,0,93,0,36,0,7,0,0,0,0,0,3,0,0,0,0,0,0,0,0,0,0,0,0,0,5,0,45,0,16,0,0,0,17,0,39,0,0,0,8,0,37,0,114,0,40,0,117,0,19,0,4,0,23,0,0,0,1,0,101,4,32,0,34,0,22,0,5,0,0,0,0,0,0,0,19,0,0,0,4,1,58,0,0,0,0,0,0,0,37,0,0,0,0,0,0,0,0,0,0,0,1,0,2,0,20,0,0,0,0,0,0,0,8,0,3,0,0,0,17,0,0,0,0,0,34,0,11,0,11,0,10,0,40,0,3,0,22,4,4,0,0,0,7,0,4,0,3,0,34,0,0,0,0
1,18,0,0,0,0,27,119,24,82,0,0,0,0,0,0,0,42,0,0,0,0,0,0,0,7,0,0,0,5,0,0,0,0,0,4,0,5,0,1,0,0,0,0,0,0,0,0,0,0,0,2,5,0,15,85,3,38,0,2,0,36,1,54,0,4,0,1,0,0,0,0,0,0,0,0,0,0,0,0,0,0,0,0,0,0,0,0,0,0,0,0,0,0,0,0,0,0,0,0,0,0,0,0,0,0,0,0,0,0,0,0,0,0,0,0,0,0,0,0,0,0,0,0,0,3,0,3,0,5,0,4,0,11,0,10,0,2,0,61,0,7,0,8,0,35,0,0,0,0,0,1,0,0,0,60,0,39,0,46,0,3,0,0,0,0,0,0,0,0,1,4,3,2,0,0,9,33,0,0,0,0,0,1,2,11,0,0,0,0,0,0,0,0,0,0,0,0,0,2,0,2,0,0,0,0,0,0,0,3,0,0,0,3,2,31,0,0,0,0,4,62,0,9,0,2,1,4,5,29,0,1,0,50,0,15,0,0,0,7,0,0,0,0,0,24,0,0,0
0,0,76,0,13,0,296,22,169,191,8,0,5,0,51,0,34,4,20,0,27,0,63,2,83,16,13,0,6,0,0,0,3,0,0,0,5,0,0,0,0,0,0,0,24,0,0,0,6,0,7,0,304,15,0,110,41,68,33,28,65,0,28,12,39,0,32,32,0,0,0,0,0,0,0,0,0,0,0,0,0,0,0,0,0,0,0,1,1,0,0,0,0,0,0,0,8,0,7,0,0,0,0,0,0,0,0,0,0,0,0,0,0,0,0,0,0,0,0,0,1,0,3,0,36,0,44,0,18,0,56,0,40,0,17,0,40,0,14,0,9,0,37,1,0,0,0,0,82,0,13,0,4,0,60,19,56,0,8,0,23,0,5,0,0,0,3,0,8,0,85,0,4,0,0,0,19,2,0,0,0,0,1,1,19,5,0,0,0,0,0,0,0,0,0,0,0,0,0,0,8,0,0,0,0,0,4,0,26,0,0,0,0,0,219,3,0,0,10,0,266,0,55,0,42,0,21,0,189,0,0,0,186,0,20,0,5,0,40,0,6,0,10,0,131,0,0,0,0
1,11,2,25,0,0,102,165,100,49,0,0,0,0,0,40,0,76,0,10,0,20,0,44,3,198,0,0,0,19,0,0,0,4,0,0,0,0,0,4,0,0,0,0,0,0,0,0,0,0,0,0,22,85,110,0,0,166,9,73,16,13,15,88,0,44,18,13,0,0,0,0,0,0,0,0,0,0,0,0,0,4,0,0,0,9,0,0,0,0,0,0,0,0,0,0,1,6,0,3,0,0,0,0,0,0,0,0,0,0,0,0,0,0,0,0,0,0,0,0,0,0,0,0,0,47,0,27,0,10,0,44,0,21,0,42,0,28,0,13,0,3,0,20,0,8,0,29,0,86,0,62,1,10,6,63,0,32,0,15,0,41,0,0,0,0,0,0,0,0,7,37,12,11,7,0,13,15,0,0,0,0,0,0,24,12,0,0,0,0,0,0,0,0,0,0,0,0,2,16,2,3,0,0,0,0,0,13,0,51,0,4,0,6,12,212,0,0,0,0,0,236,0,69,2,9,6,31,17,209,0,0,6,223,1,100,0,0,8,15,4,0,0,1,13,71,0,0,0
0,1,5,0,0,0,7,0,16,15,0,0,0,0,0,0,2,0,3,0,1,0,0,0,5,0,0,0,0,0,0,0,0,0,0,0,0,0,0,0,0,0,0,0,0,0,0,0,0,0,0,0,228,3,41,0,0,6,169,0,0,0,3,0,14,7,15,21,0,0,0,0,1,0,0,0,0,0,0,0,0,0,0,0,0,0,0,0,0,0,0,0,0,0,0,0,0,0,0,0,0,0,0,0,0,0,0,0,0,0,0,0,0,0,0,0,1,0,0,0,0,0,0,0,7,0,10,0,9,0,14,0,14,0,1,0,6,0,4,0,0,0,2,0,0,3,3,0,52,5,0,0,0,0,16,8,3,0,3,3,20,0,26,0,1,0,1,0,0,0,32,0,0,0,5,0,0,0,0,0,10,5,0,0,0,0,0,0,0,0,0,0,0,0,0,0,0,0,0,0,0,0,0,0,0,0,0,0,0,0,0,0,6,0,200,0,0,0,8,0,189,0,80,0,25,0,29,0,187,0,11,0,197,0,243,0,2,0,47,0,7,0,3,0,151,0,0,0,0
0,1,0,2,0,2,28,28,74,4,0,0,0,0,0,8,0,122,0,4,0,5,0,13,0,26,0,2,0,9,0,0,0,1,0,0,0,4,0,4,0,0,0,0,0,3,0,0,0,0,0,0,11,38,68,166,6,0,34,39,0,1,0,35,10,10,42,4,0,0,0,1,0,0,0,0,0,0,0,0,0,0,0,2,0,6,0,0,0,0,0,0,0,0,0,0,0,0,0,0,0,0,0,0,0,0,0,0,0,0,0,0,0,0,0,0,0,0,0,0,0,0,0,0,0,6,0,0,0,21,0,13,0,10,0,17,0,0,5,6,0,0,0,6,0,8,0,0,0,15,0,8,0,0,14,102,0,7,2,142,12,45,0,24,0,1,0,1,0,7,5,15,0,5,0,0,9,10,0,0,0,0,0,0,15,15,0,0,0,0,0,0,0,1,0,0,0,0,0,1,0,0,0,0,0,0,0,2,0,9,0,4,0,1,3,113,0,0,0,11,4,264,2,49,0,18,0,32,7,306,0,0,8,85,0,198,0,0,0,4,2,0,0,0,0,32,0,0,0
0,2,0,0,0,0,3,0,29,42,0,0,0,0,0,0,0,0,0,0,0,0,0,0,1,0,0,0,0,0,0,0,0,0,0,0,0,0,0,0,0,0,0,0,0,0,0,0,0,0,3,0,54,0,33,9,169,34,0,81,0,0,0,0,265,13,130,106,0,0,0,0,0,0,0,0,0,0,0,0,0,0,0,0,0,0,0,1,0,0,1,0,0,0,0,0,0,0,1,0,0,0,0,0,1,0,0,0,0,0,0,0,0,0,0,0,0,0,0,0,0,0,0,0,4,0,0,0,0,0,10,5,0,0,0,0,3,0,11,3,0,0,0,0,2,7,0,0,160,3,0,0,5,0,11,40,11,0,2,29,44,0,0,0,0,0,0,0,7,0,22,0,1,0,12,6,21,0,0,0,29,25,0,0,7,13,0,0,1,0,0,0,0,0,1,0,0,0,0,0,0,0,0,0,2,0,0,0,0,0,0,0,9,0,414,0,0,0,21,0,226,0,59,0,39,0,73,0,180,0,22,0,563,0,567,0,3,0,146,0,17,0,9,0,580,0,0,0,0
0,5,0,0,0,0,8,14,37,22,0,2,0,1,0,2,0,10,0,2,0,0,0,3,0,0,0,0,0,11,0,2,0,1,0,6,0,0,0,0,0,0,0,7,0,0,0,0,0,0,0,5,7,2,28,73,0,39,81,0,0,0,0,5,8,38,81,107,0,0,0,0,0,0,0,0,0,0,0,0,0,0,0,0,0,0,0,0,0,0,0,0,0,0,0,0,0,0,0,0,0,0,0,0,0,0,0,0,0,0,0,0,0,0,0,0,0,0,0,0,0,0,0,0,0,0,0,4,0,2,0,8,0,0,0,0,0,0,4,10,0,0,0,0,0,20,0,2,0,20,0,0,0,1,15,54,0,6,3,24,0,11,0,3,0,0,0,4,0,9,0,11,0,7,0,15,2,5,0,0,1,22,0,0,24,103,0,1,0,0,0,0,0,0,0,0,0,0,0,1,0,0,0,0,0,0,0,0,0,1,0,0,0,0,0,232,0,0,0,22,0,256,0,97,0,21,0,96,0,225,1,3,2,341,0,799,0,3,0,25,0,3,0,2,2,92,0,0,0
90,8,69,0,0,0,333,8,267,13,0,0,2,0,0,0,19,17,0,0,7,0,5,0,23,28,0,0,7,0,3,0,4,0,3,0,29,0,12,0,0,0,2,0,0,0,0,0,0,0,3,0,26,0,65,16,0,0,0,0,0,0,38,9,0,0,4,0,0,0,0,0,1,0,0,0,0,0,0,0,0,0,0,0,2,0,0,0,0,0,0,0,0,0,0,0,0,0,0,0,0,0,0,0,0,0,0,0,0,0,0,0,0,0,0,0,0,0,1,0,0,0,2,0,0,0,0,0,8,0,0,0,0,0,0,0,0,0,101,0,8,0,9,0,99,0,0,0,0,0,0,0,0,0,16,0,104,0,13,0,5,0,2,0,0,0,0,0,1,0,88,0,35,0,9,0,91,8,0,0,0,0,0,0,56,0,0,0,0,0,0,0,0,0,0,0,0,0,0,0,1,0,0,0,0,0,0,0,0,0,0,0,0,0,46,0,0,0,3,0,28,0,7,0,9,0,8,0,39,0,2,0,22,3,6,0,3,0,15,0,1,0,3,0,35,0,0,0,0
5,315,10,67,0,8,12,98,1,104,0,0,0,0,0,14,0,70,0,0,0,0,10,20,12,48,0,0,0,6,0,0,0,17,0,11,0,66,5,31,0,0,0,6,0,0,0,0,0,0,0,5,0,36,0,13,0,1,0,0,0,0,1,92,0,2,0,0,0,0,0,0,0,26,0,0,0,0,0,0,0,0,0,0,0,0,0,0,0,0,0,0,0,0,0,0,0,0,0,0,0,0,0,0,0,0,0,0,0,0,0,0,0,0,0,0,0,0,0,0,0,6,0,4,0,0,0,0,0,3,0,0,0,0,0,3,0,10,0,74,0,26,0,7,0,119,0,0,0,6,0,5,0,0,0,14,0,75,0,34,0,0,0,0,0,0,0,0,0,0,0,13,6,15,0,0,2,60,0,1,0,0,0,18,0,1,0,0,0,0,0,0,0,0,0,0,0,0,0,0,0,0,0,0,0,0,0,0,0,0,0,1,0,2,0,8,0,0,0,0,5,38,2,16,0,0,0,62,0,32,0,0,3,36,0,0,0,0,0,0,1,0,1,0,3,23,0,0,0
38,0,24,2,4,0,200,0,309,8,1,0,0,0,0,0,187,6,9,0,62,0,7,0,17,27,8,0,29,0,6,0,9,0,15,0,19,0,9,0,0,0,30,0,27,0,0,0,0,0,13,0,15,1,28,15,3,0,0,0,38,1,0,9,0,0,0,0,0,0,0,0,0,0,0,0,0,0,0,0,37,0,0,0,13,0,7,0,0,0,8,0,0,0,0,0,23,0,25,0,2,0,0,0,0,0,0,0,0,0,0,0,0,0,0,0,0,0,0,0,12,0,53,0,0,0,0,0,9,0,0,0,4,0,0,0,6,0,75,0,20,0,58,0,33,0,0,0,0,0,0,0,0,0,79,1,42,0,15,0,3,0,1,0,0,0,0,0,0,0,8,0,8,0,17,0,65,0,0,0,0,0,2,0,0,0,0,0,0,0,0,0,0,0,0,0,0,0,0,0,0,0,0,0,0,0,0,0,0,0,2,0,0,0,17,0,0,0,2,0,10,0,4,0,4,0,3,0,14,0,0,0,14,0,0,0,0,0,3,0,1,0,1,0,8,2,0,0,0
12,214,14,11,0,0,42,288,37,168,0,0,0,0,0,8,2,192,0,0,0,29,9,9,37,122,0,0,0,83,0,16,0,11,0,8,0,69,0,47,0,0,0,21,0,0,0,0,0,0,0,6,3,54,12,88,0,35,0,5,9,92,9,0,0,5,0,0,0,0,0,0,0,6,0,0,0,0,0,0,0,0,0,0,0,9,0,3,0,0,0,0,0,0,0,0,0,4,0,0,0,0,0,0,0,0,0,0,0,0,0,0,0,0,0,0,0,0,0,0,0,0,0,0,0,3,0,0,0,6,0,0,0,24,0,10,0,27,0,94,0,19,0,12,0,44,0,0,0,0,0,0,0,0,0,55,0,18,0,23,0,0,0,1,0,0,0,0,0,0,4,0,19,2,0,0,4,36,0,0,0,0,0,21,0,3,0,0,0,0,0,0,0,0,0,0,0,0,0,0,0,0,0,0,0,0,0,0,0,4,0,0,0,0,7,0,0,0,2,0,5,0,0,0,4,1,3,3,0,10,3,0,0,19,0,2,0,0,4,4,2,0,0,0,12,8,0,0,0
6,0,13,0,6,0,31,0,120,0,14,0,14,0,0,0,0,0,2,0,0,0,4,0,0,0,8,0,0,0,0,0,0,0,0,0,0,0,4,0,8,0,0,0,0,0,0,0,0,0,0,0,5,0,39,0,14,10,265,8,0,0,0,0,0,33,102,9,0,0,0,0,0,0,0,0,0,0,0,0,4,0,0,0,0,1,11,0,0,0,0,0,0,0,0,0,3,0,4,0,2,0,0,0,0,0,0,0,0,0,0,0,0,0,0,0,0,0,0,0,0,1,0,1,6,3,25,0,0,2,14,27,0,0,4,0,2,0,13,9,7,27,3,0,17,0,38,0,83,20,9,0,11,1,0,21,2,0,0,19,125,36,0,0,0,0,0,0,4,0,0,0,3,0,41,21,1,0,0,0,67,2,7,0,17,1,0,0,0,0,0,0,0,0,0,0,0,0,2,0,0,0,0,0,0,0,7,0,10,0,0,0,0,0,22,0,0,0,0,0,0,0,0,0,4,1,21,2,32,0,0,0,0,0,109,0,0,0,86,0,7,0,12,0,35,0,0,0,0
0,16,0,2,0,17,0,20,4,77,0,0,0,5,0,45,0,0,0,44,0,10,0,4,0,0,0,27,0,0,0,0,0,1,0,0,0,2,0,0,0,0,0,0,0,0,0,0,0,3,0,0,0,4,0,44,7,10,13,38,0,2,0,5,33,0,15,184,0,0,0,5,0,0,0,1,0,0,0,1,0,7,0,0,1,6,0,12,0,0,0,0,0,0,0,0,0,0,0,0,0,0,0,0,0,0,0,0,0,0,0,0,0,0,0,0,0,0,0,0,0,9,0,5,0,6,0,12,0,0,35,20,0,0,0,2,4,0,38,28,0,33,0,2,3,65,0,63,0,145,0,12,0,32,11,11,0,0,6,3,91,78,0,0,0,0,0,0,0,1,0,0,0,0,23,86,0,5,0,0,0,66,0,0,4,59,0,0,0,0,0,0,0,0,0,0,0,0,0,1,0,0,0,0,0,0,0,2,0,12,0,0,0,0,0,0,0,0,0,7,0,0,0,10,0,14,0,26,0,44,0,0,0,20,0,119,0,2,0,24,0,0,0,0,0,43,0,0,0
0,0,2,0,1,0,95,5,223,49,0,0,2,0,0,0,0,0,0,0,0,0,0,0,0,0,0,0,0,0,0,0,0,0,0,0,1,0,0,0,0,0,0,0,0,0,0,0,0,0,0,0,4,0,32,18,15,42,130,81,4,0,0,0,102,15,0,42,0,0,0,0,0,0,0,0,0,0,0,0,0,0,0,0,0,0,0,0,0,0,0,0,0,0,0,0,0,0,1,0,0,0,0,0,0,0,0,0,0,0,0,0,0,0,0,0,0,0,0,0,0,0,0,0,1,0,2,0,0,0,4,0,0,0,0,0,0,0,7,0,0,0,0,0,2,0,3,0,24,0,2,0,4,0,7,45,7,0,4,24,46,18,0,0,0,0,0,0,0,0,8,0,0,0,7,0,63,0,0,0,46,12,1,0,61,13,0,0,0,0,0,0,0,0,0,0,0,0,0,0,0,0,0,0,0,0,1,0,1,0,0,0,0,0,51,0,0,0,0,0,41,0,6,1,5,0,24,0,28,0,6,0,104,0,128,0,0,0,51,0,3,0,2,0,191,0,0,0,0
0,4,0,0,0,5,0,18,12,79,0,3,0,0,0,3,0,0,0,2,0,0,0,0,0,0,1,0,0,0,0,1,0,0,0,0,0,0,0,0,0,0,0,0,0,0,0,0,0,0,0,1,7,1,32,13,21,4,106,107,0,0,0,0,9,184,42,0,0,0,0,0,0,0,0,0,0,0,0,0,0,0,0,0,0,0,0,0,0,0,0,0,0,0,0,0,0,0,0,0,0,0,0,0,0,0,0,0,0,0,0,0,0,0,0,0,0,0,0,0,0,0,0,0,0,2,0,0,0,0,0,3,0,0,0,0,0,0,3,8,0,0,0,0,0,31,0,6,0,57,0,0,0,0,14,18,0,6,6,15,18,19,0,0,0,0,0,0,0,2,0,0,0,0,2,32,2,21,0,0,2,69,0,0,9,226,0,0,0,0,0,0,0,0,0,0,0,0,0,0,0,0,0,0,0,0,0,0,0,2,0,0,0,0,0,55,0,0,0,11,0,44,0,26,2,10,2,104,0,48,0,0,0,164,0,458,0,2,0,21,1,2,0,0,0,83,0,0,0
0,0,0,0,0,0,0,0,0,0,0,0,0,0,1,0,0,0,0,0,0,0,0,0,0,0,0,0,0,0,0,0,0,0,0,0,0,0,0,0,0,0,4,0,2,0,0,0,0,0,5,0,0,0,0,0,0,0,0,0,0,0,0,0,0,0,0,0,0,0,0,0,12,0,0,0,134,0,11,0,3,0,2,0,0,0,16,0,2,0,9,0,1,0,5,0,0,0,10,0,8,0,48,0,0,0,7,0,5,0,7,0,0,0,1,0,0,0,0,0,0,0,0,0,0,0,1,0,0,0,0,0,0,0,0,0,0,0,0,0,0,0,0,0,0,0,0,0,0,0,0,0,0,0,0,0,0,0,0,0,0,0,4,0,11,0,1,0,165,0,4,0,2,0,0,0,1,0,0,0,0,0,0,0,0,0,0,0,24,0,0,0,0,0,0,0,2,0,0,0,11,0,0,0,0,0,0,0,0,0,0,0,114,0,86,0,40,0,4,0,0,0,80,0,28,0,7,0,107,0,0,0,0,0,4,0,0,0,9,0,11,0,0,0,4,0,0,0,0
0,0,0,0,0,0,0,0,0,0,0,0,0,0,0,0,0,0,0,0,0,0,0,0,0,0,0,0,0,0,0,0,0,0,0,0,0,0,0,0,0,0,0,0,0,0,0,0,0,3,0,0,0,0,0,0,0,0,0,0,0,0,0,0,0,0,0,0,0,0,0,0,0,2,0,0,0,47,0,0,0,4,0,4,0,0,0,0,0,4,0,0,0,15,0,4,0,0,0,0,0,1,0,35,0,5,0,0,0,1,0,2,0,0,0,1,0,0,0,0,0,0,0,0,0,0,0,0,0,0,0,0,0,0,0,0,0,0,0,0,0,0,0,0,0,0,0,0,0,0,0,0,0,0,0,0,0,0,0,0,0,0,0,0,0,11,0,0,0,30,0,1,0,0,0,0,0,0,0,0,0,0,0,0,0,0,0,0,0,0,0,0,0,0,0,0,0,0,0,0,0,4,0,0,0,0,0,0,0,0,0,1,0,206,0,22,0,22,0,7,0,0,0,86,0,13,0,3,0,119,0,0,0,0,0,0,0,0,0,0,0,7,0,0,0,0,0,0,0
0,0,10,0,4,0,0,0,0,0,2,0,0,0,0,0,15,0,5,0,27,0,0,0,0,0,0,0,0,0,0,0,0,0,7,0,23,0,1,0,0,0,23,0,8,0,0,0,0,0,18,0,1,0,0,0,0,0,0,0,0,0,0,0,0,0,0,0,0,0,0,0,170,0,82,0,11,0,73,0,8,0,0,0,3,0,44,0,0,0,0,0,0,0,0,0,0,0,6,0,0,0,1,0,0,0,0,0,0,0,0,0,0,0,0,0,0,0,0,0,66,0,67,0,6,0,2,0,0,0,6,0,9,0,22,0,0,0,4,0,8,0,28,0,37,0,8,0,8,0,20,0,2,0,0,0,4,0,0,0,0,0,36,0,0,0,1,0,4,0,14,0,9,0,1,0,0,0,0,0,0,0,0,0,0,0,0,0,0,0,0,0,0,0,0,0,3,0,20,0,11,0,4,0,0,0,43,0,26,0,0,0,0,0,4,0,0,0,0,0,0,0,27,0,0,0,19,0,44,0,1,0,1,0,0,0,0,0,31,0,10,0,11,0,0,0,0,0,0
0,0,0,0,0,0,0,0,0,0,0,0,0,0,0,0,0,0,0,0,0,0,0,0,0,0,0,0,0,0,0,0,0,0,0,2,0,0,0,0,0,0,0,0,0,2,0,0,0,0,0,0,0,0,0,0,0,1,0,0,0,0,0,0,0,5,0,0,0,0,0,0,0,145,0,91,0,2,0,113,0,0,0,2,0,0,0,55,0,0,0,0,0,0,0,1,0,0,0,0,0,0,0,0,0,0,0,0,0,0,0,0,0,0,0,0,0,0,0,0,0,28,0,141,0,11,0,0,0,0,0,5,0,9,1,0,0,27,0,7,0,26,0,28,0,51,0,17,0,0,0,11,1,8,0,0,0,0,0,0,0,0,0,18,0,0,0,0,0,0,0,0,0,0,0,0,0,0,0,0,0,0,0,0,0,0,0,0,0,0,0,0,0,0,0,0,0,0,1,5,0,0,0,0,0,0,0,8,0,10,0,0,0,0,0,1,0,2,0,0,0,0,0,2,0,0,0,21,0,0,0,1,0,0,0,18,0,0,0,44,0,1,0,0,0,15,0,0,0
0,0,0,0,1,0,0,0,0,0,0,0,0,0,0,0,0,0,0,0,0,0,0,0,0,0,0,0,0,0,0,0,0,0,0,0,0,0,0,0,0,0,0,0,0,0,0,0,0,0,2,0,0,0,0,0,1,0,0,0,1,0,0,0,0,0,0,0,12,0,170,0,0,0,114,0,64,0,107,0,4,0,3,0,27,0,12,0,0,0,3,0,0,0,0,0,4,0,3,0,0,0,0,0,0,0,2,0,0,0,0,0,0,0,0,0,0,0,0,0,80,0,73,0,2,0,0,0,5,0,4,0,11,0,15,0,0,0,0,0,2,0,9,0,8,0,2,0,2,0,4,0,0,0,0,0,0,0,0,0,3,0,9,0,1,0,0,0,0,0,0,0,1,0,0,0,1,0,0,0,0,0,0,0,0,0,0,0,28,0,0,0,34,0,0,0,0,0,45,0,32,0,38,0,48,0,25,0,0,0,0,0,0,0,0,0,5,0,0,0,0,0,5,0,1,0,0,0,4,0,1,0,0,0,7,0,0,0,30,0,17,0,11,0,3,0,0,0,0
