0,162,77,128,57,0,10,35,38,0,135,9,101,0,21,50,75,19,24,0,12,0,72,109,35,48,0,0,78,2,9,0,104,0,0,0,71,0,311,0,31,0,6,0,3,0,0,0,37,0,0,0,4,1,2,0,0,0,0,0,43,0,52,0,12,0,21,0,0,0,0,0,3,0,0,0,0,0,0,0,0,0,0,0,0,0,0,0,0,0,0,0,0,0,0,0,0,0,0,0,0,0,0,0,0,0,0,0,0,0,0,0,0,0,0,0,0,0,1,0,0,0,0,0,16,0,0,0,0,0,11,0,4,0,3,0,0,0,0,0,0,0,4,0,0,0,0,0,9,0,7,0,18,0,0,0,0,0,0,0,6,0,0,0,10,0,0,0,57,0,27,0,394,0,0,0,243,124,13,0,12,0,247,0,63,0,0,0,0,0,0,0,0,0,0,0,0,0,0,0,0,0,0,0,0,0,0,0,0,0,635,169,108,216,280,0,9,0,16,0,0,0,0,0,0
162,0,130,74,0,303,117,87,58,18,0,225,0,95,0,116,114,71,0,72,0,36,288,77,268,75,0,109,0,132,0,15,0,75,0,12,0,57,0,413,0,20,0,0,0,0,0,24,1,2,0,0,0,66,0,78,0,0,0,0,0,488,33,460,0,14,0,4,0,0,0,0,0,0,0,2,0,0,0,0,0,0,0,1,0,0,0,0,0,0,0,0,0,0,0,0,0,0,0,0,0,0,0,0,0,0,0,0,0,0,0,0,0,0,0,0,0,0,0,0,0,0,0,0,0,0,0,0,0,0,0,0,0,0,0,0,0,0,0,0,0,0,0,0,0,0,0,0,0,39,0,0,0,107,0,11,0,16,0,0,0,0,0,0,0,26,0,0,0,40,0,49,0,152,0,0,80,592,0,24,0,115,14,101,0,130,0,2,0,0,0,0,0,0,0,0,0,2,0,0,0,0,0,0,0,0,0,0,0,9,0,4,0,0,807,0,0,0,1212,156,273,306,0,76,5
77,130,0,100,276,121,81,0,74,0,61,82,116,0,198,92,76,0,163,0,144,0,409,122,60,0,45,0,141,0,54,0,365,0,0,0,108,0,278,0,71,0,0,1,0,0,46,0,47,0,10,0,10,0,25,0,6,0,0,0,0,0,7,0,10,0,14,0,0,0,1,0,0,0,0,0,1,0,0,0,0,0,0,0,0,0,0,0,0,0,0,0,0,0,0,0,0,0,0,0,0,0,0,0,0,0,0,0,0,0,0,0,0,0,1,0,0,0,0,0,0,0,0,0,50,0,41,0,3,0,40,0,18,0,128,0,17,0,0,0,0,0,29,0,0,0,86,0,72,0,29,0,55,0,0,0,0,0,0,0,37,0,0,0,22,0,86,0,62,0,11,0,272,0,0,0,237,160,3,3,16,0,32,0,71,0,0,0,0,0,0,0,0,0,0,0,0,0,0,0,0,0,0,0,0,0,0,0,48,0,573,82,170,207,333,1,0,3,19,0,8,0,0,0,0
128,74,100,0,0,118,0,64,35,23,0,17,0,3,0,401,87,33,0,102,0,103,216,142,135,75,0,0,0,179,0,43,0,162,0,12,0,0,0,398,0,0,0,0,0,0,0,0,0,3,0,0,0,0,0,79,0,8,0,0,0,157,15,53,0,2,0,0,0,0,0,0,0,0,0,0,0,0,0,0,0,0,0,0,0,0,0,0,0,0,0,0,0,0,0,0,0,0,0,0,0,0,0,0,0,0,0,0,0,0,0,0,0,0,0,0,0,0,0,0,0,0,0,0,0,48,0,28,0,0,0,70,0,0,0,0,0,0,0,0,0,0,0,0,0,0,0,0,0,18,0,20,0,0,0,12,0,0,0,0,0,14,0,0,0,10,0,0,0,50,0,8,0,155,0,0,35,113,2,24,0,0,0,10,0,0,0,0,0,0,0,0,0,0,0,0,0,0,0,0,0,0,0,0,0,0,0,0,0,60,0,0,0,0,382,0,0,0,324,39,182,205,0,32,0
57,0,276,0,0,193,9,0,53,0,127,80,228,103,384,66,31,0,194,114,348,0,145,5,0,0,63,99,0,0,161,0,338,0,132,27,346,0,34,0,55,10,25,0,0,0,25,0,66,0,160,0,0,0,0,0,0,0,0,0,0,0,0,0,0,0,0,0,0,0,3,0,0,0,0,0,0,0,0,0,0,0,0,0,0,0,0,0,0,0,0,0,0,0,0,0,0,0,0,0,0,0,0,0,0,0,0,0,0,0,0,0,0,0,0,0,0,0,2,0,0,0,0,0,0,0,7,0,0,0,0,0,0,0,0,0,0,0,0,0,0,0,0,0,0,0,15,0,24,0,0,0,30,0,0,0,0,0,0,0,0,0,0,0,111,0,174,0,71,0,6,0,78,0,10,0,326,118,327,0,0,0,43,0,34,0,11,21,0,0,0,0,0,0,0,0,0,0,0,0,0,0,0,0,0,0,0,0,0,0,536,338,467,0,174,5,0,4,14,0,0,0,0,0,0
0,303,121,118,193,0,0,28,0,35,80,304,38,265,501,387,40,0,36,205,131,226,363,64,6,6,0,348,0,0,22,134,40,328,0,131,0,257,0,79,0,30,0,0,0,15,0,53,0,0,14,0,0,0,1,26,0,0,0,0,0,0,0,0,0,15,0,1,0,0,0,17,0,0,0,13,0,0,0,0,0,0,0,0,0,23,0,39,0,0,0,0,0,0,0,0,0,0,0,0,0,0,0,0,0,0,0,0,0,0,0,0,0,0,0,0,0,0,0,0,0,19,0,8,0,0,0,21,0,0,0,0,0,0,0,0,0,0,0,0,0,0,0,26,0,25,0,0,0,36,0,24,0,35,0,0,0,0,0,0,0,0,0,0,0,0,0,44,0,122,0,13,0,82,0,0,101,419,22,52,0,62,0,30,0,34,0,5,0,0,0,0,0,0,0,0,0,0,0,0,0,0,0,0,0,0,0,0,0,0,0,11,0,0,299,0,0,0,523,224,349,275,0,9,4
10,117,81,0,9,0,0,0,84,0,0,0,4,0,0,0,22,0,9,0,0,0,12,0,257,114,0,0,39,0,6,0,13,0,0,0,26,0,116,0,0,0,0,0,0,0,0,0,37,0,0,0,66,0,145,38,12,0,26,0,160,0,315,18,18,0,20,0,0,0,0,0,0,0,0,0,0,0,0,0,0,0,0,0,0,0,0,0,0,0,0,0,0,0,0,0,0,0,0,0,0,0,0,0,0,0,0,0,0,0,0,0,0,0,0,0,0,0,2,0,0,0,0,0,41,0,40,0,0,0,49,0,22,0,22,0,0,0,0,0,0,0,0,0,0,0,25,0,14,0,6,0,3,0,0,0,0,0,0,0,17,0,0,0,6,0,9,0,50,0,131,0,342,0,1,0,50,83,2,0,0,0,5,0,3,0,0,0,0,0,0,0,0,0,0,0,0,0,6,0,0,0,0,0,0,0,0,0,16,0,627,109,201,351,587,0,91,9,0,6,0,0,0,0,0
35,87,0,64,0,28,0,0,133,52,0,4,0,0,0,41,0,21,0,8,0,0,0,0,160,212,0,0,0,51,0,0,0,0,0,0,0,0,0,141,0,2,0,0,0,0,0,1,0,4,0,0,24,70,0,377,0,35,10,7,0,201,93,339,0,5,0,16,0,0,0,0,0,0,0,0,0,0,0,0,0,0,0,0,0,0,0,0,0,0,0,0,0,0,0,0,0,0,0,0,0,0,0,0,0,0,0,0,0,0,0,0,0,0,0,0,0,0,0,0,0,0,0,0,0,38,1,20,0,0,0,70,0,0,0,12,0,0,0,0,0,0,0,0,0,0,0,7,0,13,0,17,0,3,0,27,0,20,0,0,0,51,0,0,0,13,0,0,0,23,0,0,0,76,0,0,32,156,0,0,0,0,0,26,3,0,0,0,0,0,0,0,0,0,0,0,0,0,1,6,0,0,0,0,0,0,0,10,0,42,20,15,0,0,866,0,0,0,586,61,323,388,5,112,3
38,58,74,35,53,0,84,133,0,285,31,0,27,0,23,0,30,0,14,0,0,0,0,0,94,146,0,0,3,0,4,0,0,0,0,0,0,0,17,0,15,0,0,0,0,0,10,0,22,0,0,0,317,37,212,377,7,85,18,22,169,0,504,25,31,0,89,92,0,0,1,0,0,0,0,0,0,0,0,0,0,0,0,0,0,0,0,0,0,0,0,0,0,0,0,0,0,0,0,0,0,0,0,0,0,0,0,0,0,0,0,0,0,0,0,0,0,0,2,0,1,0,0,0,23,0,16,0,0,0,21,0,14,0,0,0,0,0,0,0,0,0,0,0,0,0,11,0,14,0,15,0,15,0,41,0,0,2,0,0,9,0,0,0,0,0,0,0,61,0,323,0,175,0,2,0,159,135,7,0,0,0,12,0,273,14,0,0,0,0,0,0,0,0,0,0,0,0,0,0,0,0,0,0,0,0,0,0,5,0,595,254,222,187,559,0,82,12,0,0,0,0,0,0,0
0,18,0,23,0,35,0,52,285,0,0,5,0,0,0,40,0,0,0,44,0,0,0,5,83,13,0,44,0,0,0,0,0,0,0,0,0,0,0,3,0,0,0,0,0,0,0,0,0,0,0,0,83,178,215,204,0,62,71,58,0,0,91,252,0,140,55,73,0,0,0,0,0,0,0,0,0,0,0,0,0,1,0,0,0,0,0,1,0,0,0,0,0,2,0,0,0,0,0,0,0,0,0,1,0,0,0,0,0,0,0,0,0,0,0,0,0,0,0,0,0,0,0,0,0,118,0,39,0,0,0,156,0,0,0,9,0,0,0,2,0,0,0,0,0,0,0,37,0,119,0,53,0,23,0,49,0,49,0,6,0,60,0,0,0,0,0,0,0,22,0,24,0,0,0,5,66,253,0,0,0,0,0,16,42,116,0,0,0,0,0,0,0,0,0,2,0,2,0,4,0,0,0,0,0,0,0,23,0,49,0,5,0,0,685,0,0,0,503,76,223,310,3,36,0
135,0,61,0,127,80,0,0,31,0,0,0,316,5,47,38,37,0,11,17,89,0,47,3,0,0,19,0,0,0,67,0,235,0,0,0,138,0,10,0,53,0,0,0,0,0,29,0,22,0,10,0,0,0,0,0,0,0,0,0,0,0,0,0,0,0,0,0,0,0,0,0,0,0,0,0,0,0,0,0,0,0,0,0,0,0,0,0,0,0,0,0,0,0,0,0,0,0,0,0,0,0,0,0,0,0,0,0,0,0,0,0,0,0,0,0,0,0,0,0,0,0,0,0,0,0,1,0,0,0,0,0,0,0,0,0,0,0,0,0,0,0,0,0,0,0,0,0,0,0,4,0,11,0,0,0,0,0,0,0,0,0,0,0,0,0,0,0,0,0,0,0,18,0,19,0,144,44,155,0,27,0,55,0,20,0,4,2,0,0,0,0,0,0,0,0,0,0,0,0,0,0,0,0,0,0,0,0,0,0,267,173,101,46,68,0,0,0,10,0,0,0,0,0,0
9,225,82,17,80,304,0,4,0,5,0,0,0,280,153,85,20,8,0,63,43,113,261,101,0,0,0,137,0,20,0,52,0,183,0,71,0,122,0,113,0,51,0,0,0,0,0,66,0,4,0,0,0,0,0,2,0,0,0,7,0,21,0,0,0,0,0,0,0,0,0,8,0,0,0,8,0,0,0,0,0,0,0,0,0,0,0,14,0,0,0,3,0,0,0,0,0,0,0,0,0,0,0,0,0,0,0,0,0,0,0,0,0,0,0,0,0,0,0,0,0,0,0,4,0,0,0,0,0,0,0,0,0,0,0,0,0,0,0,0,0,0,0,0,0,6,0,0,0,5,0,0,0,42,0,0,0,0,0,0,0,0,0,5,0,8,0,22,0,0,0,4,0,0,0,0,52,439,0,92,0,59,0,65,0,23,0,39,0,0,0,0,0,0,0,0,0,0,0,0,0,0,0,0,0,0,0,0,0,0,0,0,0,0,110,0,0,0,230,115,104,99,0,0,0
101,0,116,0,228,38,4,0,27,0,316,0,0,121,30,0,0,0,130,66,150,43,18,0,0,0,107,390,0,0,0,0,11,0,108,30,27,0,0,0,323,84,261,50,33,37,86,135,37,0,374,76,0,0,0,0,0,0,0,0,0,0,3,0,0,0,0,0,0,0,0,0,0,0,0,0,0,0,0,0,0,0,0,0,0,0,0,0,0,0,0,0,0,0,0,0,0,0,0,0,0,0,0,0,0,0,0,0,0,0,0,0,0,0,0,0,0,0,0,0,0,0,0,0,0,0,0,0,0,0,0,0,2,0,0,0,0,0,0,0,0,0,0,0,0,0,0,0,13,0,4,0,0,0,0,0,0,0,0,0,0,0,0,0,104,0,0,0,0,0,0,0,0,0,0,0,102,62,136,0,0,0,33,0,19,0,247,27,0,0,0,0,0,0,0,0,0,0,0,0,0,0,0,0,0,0,0,0,0,0,0,215,284,21,17,0,0,0,4,0,0,0,0,0,0
0,95,0,3,103,265,0,0,0,0,5,280,121,0,242,0,0,0,163,133,154,190,0,0,0,0,39,217,0,0,0,0,0,0,42,239,0,81,0,0,0,225,0,78,0,28,3,141,1,9,50,198,0,0,0,0,0,0,0,0,0,0,0,0,0,0,0,0,0,0,0,0,0,0,0,0,0,0,0,0,0,0,0,0,0,0,0,0,0,0,0,0,0,0,0,0,0,0,0,0,0,0,0,0,0,0,0,0,0,0,0,0,0,0,0,0,0,0,0,0,0,0,0,0,0,0,0,0,0,0,0,0,0,0,0,0,0,0,0,0,0,0,0,0,0,0,0,0,0,0,0,0,0,0,0,0,0,0,0,0,0,0,0,0,0,42,0,17,0,39,0,0,0,16,0,0,37,314,22,67,0,0,0,25,0,0,10,78,0,0,0,0,0,0,0,0,0,0,0,0,0,0,0,0,0,0,0,0,0,0,6,0,0,0,42,0,0,0,124,135,247,77,0,0,0
21,0,198,0,384,501,0,0,23,0,47,153,30,242,0,114,13,0,264,277,214,92,211,1,11,0,67,95,6,0,125,19,130,0,21,110,148,0,3,0,4,0,0,6,15,0,0,0,13,0,25,0,10,0,0,0,0,0,0,0,0,0,3,0,0,0,0,0,0,0,0,0,0,0,0,0,0,0,0,0,0,0,0,0,0,0,0,0,0,0,18,0,0,0,0,0,0,0,0,0,0,0,0,0,0,0,0,0,0,0,0,0,0,0,0,0,0,0,0,0,0,0,0,0,5,0,0,0,0,0,0,0,0,0,0,0,0,0,0,0,0,0,22,0,0,0,23,0,34,0,16,0,21,0,0,0,0,0,0,0,0,0,0,0,48,0,52,0,12,0,0,0,0,0,0,0,245,111,39,0,13,0,34,0,56,0,0,9,0,0,0,0,0,0,0,0,0,0,3,0,0,0,0,0,0,0,0,0,0,0,170,216,114,32,46,0,3,2,0,7,0,0,0,0,0
50,116,92,401,66,387,0,41,0,40,38,85,0,0,114,0,47,20,0,325,20,115,203,286,46,22,0,70,0,8,0,40,19,101,0,27,0,100,0,40,0,1,0,1,0,1,0,0,0,0,0,5,0,2,0,68,0,0,0,0,0,9,6,7,0,0,0,3,0,0,0,13,0,0,0,0,0,0,0,0,0,21,0,0,0,42,0,0,0,0,0,0,0,0,0,0,0,0,0,31,0,0,0,0,0,0,0,0,0,0,0,0,0,0,0,0,0,0,0,0,0,0,0,0,0,0,0,0,0,0,0,75,0,0,0,164,0,163,1,29,0,0,0,0,0,8,0,0,0,58,0,41,0,14,0,33,0,0,0,0,0,0,0,4,0,6,0,49,0,43,0,0,0,38,0,0,20,142,5,98,0,0,0,17,0,40,0,0,0,0,0,0,0,0,0,0,0,0,0,0,0,0,0,0,0,0,0,0,0,109,0,5,0,0,86,0,0,0,164,100,133,62,0,0,0
75,114,76,87,31,40,22,0,30,0,37,20,0,0,13,47,0,16,73,0,225,0,119,80,52,52,0,0,315,0,85,0,168,9,22,0,13,1,173,0,0,0,0,0,0,0,0,0,20,0,16,0,58,0,39,0,18,0,0,0,14,0,415,0,0,0,0,0,0,0,23,0,0,0,18,0,0,0,0,0,96,0,0,0,178,0,57,0,0,0,127,0,0,0,0,0,157,0,332,0,0,0,0,0,0,0,123,0,0,0,0,0,0,0,0,0,0,0,0,0,167,0,119,0,0,0,0,0,68,0,27,0,0,0,0,0,268,0,94,0,140,0,473,0,13,0,0,0,0,0,0,0,0,0,139,0,0,0,156,0,53,0,5,0,0,0,13,0,32,0,11,0,133,0,0,0,52,65,3,0,0,2,32,0,1,0,0,0,0,0,0,0,0,0,0,0,0,0,0,0,104,0,0,0,0,0,1,0,0,0,164,94,146,113,147,0,22,2,0,0,0,0,0,0,0
19,71,0,33,0,0,0,21,0,0,0,8,0,0,0,20,16,0,0,33,0,129,35,205,34,217,0,0,0,64,0,31,0,12,0,19,0,0,0,72,0,0,0,0,0,0,0,0,0,0,0,0,0,45,0,48,0,34,0,9,0,30,0,220,0,0,0,0,0,0,0,1,0,0,0,3,0,0,0,0,0,39,0,0,0,101,0,0,0,0,0,0,0,0,0,0,0,66,0,85,0,57,0,0,0,0,0,0,0,0,0,0,0,0,0,0,0,0,0,0,0,14,0,3,0,0,0,0,0,0,0,19,0,0,0,136,0,213,0,61,0,76,0,152,0,1,0,0,0,0,0,0,0,0,0,48,0,0,0,0,0,60,0,0,0,0,0,1,0,0,0,0,0,11,0,0,3,18,0,8,0,0,0,5,0,0,0,0,0,0,0,0,0,0,0,0,0,0,0,0,0,57,0,0,0,0,0,0,0,0,0,0,0,0,9,0,0,0,0,0,9,13,0,0,0
24,0,163,0,194,36,9,0,14,0,11,0,130,163,264,0,73,0,0,138,297,48,252,0,0,0,171,302,23,0,46,0,14,0,110,0,60,0,0,0,31,39,57,27,29,0,29,0,0,0,246,65,0,0,0,0,0,0,0,0,0,0,25,0,0,0,0,0,0,0,16,0,0,0,10,0,0,0,0,0,0,0,0,0,0,0,0,0,0,0,0,0,0,0,0,0,0,0,0,0,0,0,0,0,0,0,0,0,0,0,0,0,0,0,0,0,0,0,0,0,0,0,0,0,0,0,0,0,0,0,0,0,0,0,0,0,0,0,0,0,0,0,0,0,0,0,0,0,4,0,0,0,0,0,0,0,0,0,0,0,0,0,3,0,116,0,25,0,35,0,0,0,16,0,0,0,57,38,35,0,0,0,15,0,20,0,71,27,0,0,0,0,0,0,0,0,0,0,0,0,0,0,0,0,0,0,0,0,0,0,63,124,225,0,15,0,0,0,4,0,0,0,0,0,0
0,72,0,102,114,205,0,8,0,44,17,63,66,133,277,325,0,33,138,0,121,358,11,73,0,4,23,288,0,7,11,31,0,0,24,146,0,60,0,0,0,0,0,31,0,10,0,36,0,3,37,129,0,0,0,28,0,0,1,0,0,0,0,16,0,32,0,0,0,0,0,10,0,0,0,0,0,0,0,6,0,0,0,0,0,0,0,0,0,0,0,0,0,0,0,0,0,0,0,0,0,0,0,0,0,0,0,0,0,0,0,0,0,0,0,0,0,0,0,0,0,0,0,0,0,0,0,17,0,0,0,0,0,0,0,103,0,108,0,0,0,0,0,105,0,26,0,0,0,0,0,0,0,0,0,0,0,0,0,0,0,0,0,4,0,29,0,65,0,48,0,6,0,0,0,0,27,81,20,11,0,0,0,0,0,35,6,38,0,0,0,0,0,0,0,0,0,0,0,0,0,0,0,0,0,0,0,0,0,59,0,0,0,0,76,0,0,0,199,139,186,85,0,0,2
12,0,144,0,348,131,0,0,0,0,89,43,150,154,214,20,225,0,297,121,0,60,173,0,10,0,152,251,57,0,79,7,84,0,97,50,79,0,4,0,0,41,36,0,41,0,13,0,39,0,119,55,5,0,0,0,0,0,0,0,0,0,88,0,0,0,0,0,0,0,28,0,0,0,15,0,0,0,0,0,143,0,0,0,133,0,54,0,0,0,0,0,0,0,0,0,0,0,371,0,0,0,0,0,0,0,0,0,0,0,0,0,0,0,0,0,0,0,0,0,209,0,111,0,0,0,0,0,0,0,0,0,0,0,0,0,111,0,104,0,155,0,260,0,57,0,0,0,0,0,0,0,0,0,0,0,0,0,0,0,0,0,0,0,101,0,126,0,55,0,0,0,44,0,0,1,79,54,44,0,0,0,7,0,0,0,34,26,0,0,0,0,0,0,0,0,0,0,0,0,0,0,0,0,0,0,0,0,0,0,271,206,312,100,99,0,0,5,0,0,0,0,0,0,0
0,36,0,103,0,226,0,0,0,0,0,113,43,190,92,115,0,129,48,358,60,0,7,177,0,38,0,287,0,40,0,95,0,173,12,179,0,71,0,42,0,0,0,86,0,39,0,8,0,2,0,48,0,32,0,58,0,34,0,0,0,0,0,92,0,0,0,0,0,0,0,29,0,0,0,0,1,0,0,0,0,0,0,0,0,208,0,119,0,0,0,0,0,0,0,0,0,0,0,0,0,0,0,0,0,0,0,0,0,0,0,0,0,0,0,0,0,0,0,0,0,0,0,34,0,0,0,3,0,0,0,0,0,0,0,110,0,261,0,217,0,250,0,356,0,68,0,0,0,0,0,0,0,5,0,70,0,0,0,40,0,0,0,0,0,0,0,41,0,74,0,0,0,40,0,0,0,101,0,72,0,0,0,0,0,0,0,83,0,0,0,0,0,0,0,0,0,0,0,0,0,0,0,0,0,0,0,0,0,0,3,0,0,0,96,0,0,0,285,139,203,102,1,3,0
72,288,409,216,145,363,12,0,0,0,47,261,18,0,211,203,119,35,252,11,173,7,0,241,113,34,30,0,71,5,67,0,206,30,0,0,39,0,104,0,58,0,0,0,0,0,37,0,15,0,0,0,6,0,101,0,0,0,0,0,0,21,16,0,0,0,0,0,0,0,0,0,0,0,0,0,0,0,0,0,0,0,0,0,63,0,13,0,0,0,0,0,0,0,0,0,0,0,0,0,0,0,0,0,0,0,0,0,0,0,0,0,0,0,1,0,0,0,1,0,0,0,0,0,0,0,0,0,0,0,0,0,0,0,93,0,254,0,0,0,0,0,210,0,0,0,25,0,7,0,0,0,33,0,40,0,0,0,73,0,34,0,0,0,6,0,39,0,26,0,0,0,138,0,0,0,224,250,1,4,0,0,37,0,10,0,0,0,0,0,0,0,0,0,0,0,0,0,0,0,0,0,0,0,0,0,0,0,22,0,235,101,69,71,123,0,8,0,25,8,0,0,0,0,0
109,77,122,142,5,64,0,0,0,5,3,101,0,0,1,286,80,205,0,73,0,177,241,0,87,20,0,16,0,25,2,22,0,48,0,6,0,0,0,69,0,0,0,0,0,0,0,0,0,1,0,0,0,0,0,50,0,0,0,0,0,49,0,35,0,0,0,0,0,0,0,0,0,0,0,8,0,0,0,0,0,51,0,0,0,87,0,30,0,0,0,24,0,0,0,0,0,33,0,56,0,49,0,0,0,0,0,22,0,0,0,0,0,0,0,0,0,0,0,0,0,0,0,0,0,5,0,0,0,0,0,0,0,0,0,113,0,115,0,29,0,41,0,86,0,2,0,0,0,0,0,0,0,0,1,26,0,0,0,0,0,0,0,0,0,0,0,15,0,11,2,1,0,38,0,0,18,99,0,136,0,7,8,0,0,0,0,0,0,0,0,0,0,0,0,0,0,0,0,0,0,52,0,1,0,0,0,0,0,0,9,0,0,0,72,0,0,0,186,120,34,41,0,5,0
35,268,60,135,0,6,257,160,94,83,0,0,0,0,11,46,52,34,0,0,10,0,113,87,0,282,0,0,20,0,0,0,8,0,0,0,0,0,34,15,0,0,0,0,0,0,0,0,8,0,0,0,8,0,134,70,16,0,17,0,28,13,87,44,3,0,0,0,0,0,0,0,0,0,0,0,0,0,0,0,0,0,0,0,25,0,0,0,0,0,0,0,0,0,0,0,0,0,0,0,7,0,0,0,0,0,0,0,0,0,0,0,0,0,0,0,0,0,1,0,6,0,0,0,6,0,0,0,13,0,14,0,4,0,152,0,207,0,3,0,0,0,150,0,0,0,34,0,8,0,11,0,15,0,77,0,0,0,80,0,63,0,0,0,0,2,0,0,17,0,16,0,107,4,0,0,71,114,0,0,0,2,12,0,0,0,0,0,0,0,0,0,0,0,0,0,0,0,0,0,86,0,0,0,0,0,0,0,22,0,131,45,49,82,121,2,0,0,25,5,0,0,0,0,0
48,75,0,75,0,6,114,212,146,13,0,0,0,0,0,22,52,217,0,4,0,38,34,20,282,0,0,0,0,41,0,0,0,0,0,6,0,0,0,39,0,0,0,0,0,0,0,0,0,0,0,0,6,23,0,335,0,34,0,0,0,102,117,149,0,0,0,0,0,0,0,0,0,0,0,0,0,1,0,0,0,0,0,0,0,0,0,0,0,0,0,0,0,0,0,0,0,0,0,0,0,0,0,0,0,0,0,27,0,0,0,0,0,1,0,0,0,0,0,0,0,0,0,0,0,76,0,0,0,16,0,65,0,19,0,176,0,170,0,15,0,8,0,0,0,0,0,0,0,0,0,15,0,0,0,93,0,0,0,19,0,40,0,0,0,0,0,0,0,9,0,4,0,15,0,1,14,104,0,0,0,0,0,0,0,0,0,0,0,0,0,0,0,0,0,0,0,0,0,0,0,0,0,0,0,0,0,0,0,80,8,9,7,0,87,0,0,0,75,15,47,60,0,17,0
0,0,45,0,63,0,0,0,0,0,19,0,107,39,67,0,0,0,171,23,152,0,30,0,0,0,0,232,17,0,12,0,11,0,30,0,59,0,0,0,66,101,294,41,243,34,172,180,60,0,290,48,0,0,0,0,0,0,0,0,0,0,18,0,0,0,1,0,0,0,0,0,0,0,6,0,0,0,0,0,0,0,0,0,0,0,0,0,0,0,0,0,0,0,0,0,0,0,0,0,0,0,0,0,0,0,0,0,0,0,0,0,0,0,0,0,0,0,0,0,0,0,0,0,0,0,0,0,0,0,0,0,0,0,0,0,0,0,0,0,0,0,0,0,0,0,0,0,11,0,0,0,0,0,0,0,0,0,0,0,0,0,0,0,208,0,0,0,0,0,0,0,10,0,0,0,0,19,6,0,0,0,6,0,0,0,153,14,0,0,0,0,0,0,0,0,0,0,0,0,0,0,0,0,0,0,0,0,0,0,0,143,285,17,11,0,1,43,0,0,0,0,0,0,0
0,109,0,0,99,348,0,0,0,44,0,137,390,217,95,70,0,0,302,288,251,287,0,16,0,0,232,0,0,9,6,7,0,11,62,70,0,58,0,0,67,122,82,251,24,255,28,264,0,67,147,275,0,0,0,0,0,0,0,0,0,0,0,0,0,0,0,0,0,0,0,0,0,0,0,0,0,0,0,0,0,0,0,0,0,0,0,0,0,0,0,0,0,0,0,0,0,0,0,0,0,0,0,0,0,0,0,0,0,0,0,0,0,0,0,0,0,0,0,0,0,0,0,0,0,0,0,0,0,0,0,0,0,0,0,0,0,0,0,0,0,0,0,194,0,0,0,0,0,0,0,0,0,0,0,0,0,0,0,0,0,0,0,0,0,80,0,13,0,0,0,0,0,0,0,0,0,205,0,0,0,0,0,0,0,20,47,66,0,0,0,0,0,0,0,0,0,0,0,0,0,0,0,0,0,0,0,0,0,0,0,0,0,0,45,0,0,0,143,315,517,0,0,5,35
78,0,141,0,0,0,39,0,3,0,0,0,0,0,6,0,315,0,23,0,57,0,71,0,20,0,17,0,0,0,59,0,33,0,35,0,56,0,26,0,0,0,24,0,0,0,0,0,0,0,26,0,4,0,0,0,0,0,1,0,9,0,23,0,0,0,0,0,0,0,5,0,0,0,3,0,0,0,0,0,27,0,0,0,0,0,7,0,0,0,0,0,0,0,0,0,0,0,66,0,0,0,0,0,0,0,22,0,0,0,0,0,0,0,0,0,0,0,0,0,45,0,27,0,0,0,0,0,0,0,0,0,0,0,0,0,30,0,96,0,79,0,90,0,42,0,0,0,0,0,0,0,0,0,19,0,5,0,38,0,3,0,0,0,0,0,0,0,0,0,1,0,0,0,0,0,0,0,0,0,0,0,12,0,0,0,0,0,0,0,0,0,0,0,0,0,0,0,0,0,0,0,0,0,0,0,0,0,0,0,38,17,0,0,9,0,0,0,0,0,0,0,0,0,0
2,132,0,179,0,0,0,51,0,0,0,20,0,0,0,8,0,64,0,7,0,40,5,25,0,41,0,9,0,0,0,14,0,27,0,7,0,5,0,44,0,0,0,0,0,0,0,0,0,0,0,0,0,23,0,37,0,9,0,0,0,11,0,38,0,0,0,0,0,0,0,0,0,0,0,0,0,0,0,0,0,0,0,0,0,38,0,0,0,0,0,0,0,0,0,0,0,14,0,39,0,0,0,0,0,0,0,0,0,0,0,0,0,0,0,0,0,0,0,0,0,9,0,0,0,0,0,0,0,0,0,0,0,0,0,29,0,63,0,61,0,57,0,72,0,8,0,0,0,0,0,0,0,0,0,14,0,0,0,18,0,0,0,1,0,0,0,0,0,3,0,0,0,2,0,0,3,36,0,15,0,0,0,5,0,0,0,0,0,0,0,0,0,0,0,0,0,0,0,0,0,0,0,0,0,0,0,0,0,0,0,0,0,0,6,0,0,0,0,0,0,13,0,0,0
9,0,54,0,161,22,6,0,4,0,67,0,0,0,125,0,85,0,46,11,79,0,67,2,0,0,12,6,59,0,0,0,0,0,31,0,60,0,0,0,0,0,20,0,8,0,2,0,0,0,48,0,1,0,0,0,0,0,0,0,0,0,35,0,0,0,0,0,0,0,4,0,0,0,0,0,0,0,0,0,0,0,0,0,0,0,0,0,0,0,0,0,0,0,0,0,0,0,83,0,0,0,0,0,0,0,0,0,0,0,0,0,0,0,0,0,0,0,0,0,0,0,58,0,0,0,0,0,0,0,0,0,0,0,0,0,20,0,54,0,79,0,52,0,30,0,0,0,0,0,0,0,0,0,0,0,0,0,5,0,0,0,0,0,8,0,0,0,0,0,4,0,0,0,0,0,21,7,26,0,0,0,0,0,0,0,0,0,0,0,0,0,0,0,0,0,0,0,0,0,0,0,0,0,0,0,0,0,0,0,0,19,13,0,5,0,0,0,0,0,0,0,0,0,0
0,15,0,43,0,134,0,0,0,0,0,52,0,0,19,40,0,31,0,31,7,95,0,22,0,0,0,7,0,14,0,0,0,8,0,24,0,32,0,0,0,0,0,15,0,0,0,0,0,0,0,10,0,0,0,10,0,4,0,0,0,1,0,7,0,0,0,0,0,0,0,8,0,0,0,0,0,0,0,0,0,0,0,0,0,0,0,0,0,0,0,0,0,0,0,0,0,0,0,0,0,0,0,0,0,0,0,0,0,0,0,0,0,0,0,0,0,0,0,0,0,14,0,0,0,0,0,0,0,0,0,0,0,0,0,0,0,46,0,50,0,94,0,92,0,29,0,0,0,0,0,0,0,0,0,12,0,5,0,0,0,0,0,0,0,0,0,12,0,7,0,3,0,0,0,0,0,47,0,54,0,0,0,0,0,0,1,0,0,0,0,0,0,0,0,0,0,0,0,0,0,0,0,0,0,0,0,0,0,0,0,0,0,0,5,0,0,0,15,23,16,0,0,0,0
104,0,365,0,338,40,13,0,0,0,235,0,11,0,130,19,168,0,14,0,84,0,206,0,8,0,11,0,33,0,0,0,0,0,17,0,358,0,0,0,0,0,16,0,0,0,3,0,0,0,23,0,0,0,0,0,0,0,0,0,34,0,39,0,0,0,0,0,0,0,5,0,0,0,9,0,0,0,0,0,0,0,0,0,49,0,0,0,0,0,0,0,0,0,0,0,0,0,0,0,0,0,0,0,0,0,0,0,0,0,0,0,0,0,0,0,0,0,0,0,44,0,37,0,0,0,0,0,0,0,0,0,0,0,0,0,19,0,50,0,0,0,71,0,37,0,0,0,0,0,0,0,0,0,0,0,13,0,0,0,0,0,0,0,7,0,33,0,0,0,0,0,25,0,0,0,46,0,24,0,0,0,39,0,0,0,0,0,0,0,0,0,0,0,0,0,0,0,0,0,0,0,0,0,0,0,0,0,0,0,45,16,8,0,0,0,1,1,0,0,0,0,0,0,0
0,75,0,162,0,328,0,0,0,0,0,183,0,0,0,101,9,12,0,0,0,173,30,48,0,0,0,11,0,27,0,8,0,0,0,45,0,170,0,24,0,0,0,18,0,2,0,1,0,0,0,40,0,10,0,19,0,5,0,0,0,58,0,28,0,0,0,0,0,0,0,0,0,0,0,0,0,0,0,0,0,0,0,0,0,0,0,0,0,0,0,0,0,0,0,0,0,0,0,0,0,0,0,0,0,0,0,0,0,0,0,0,0,0,0,0,0,0,0,0,0,0,0,0,0,0,0,0,0,0,0,0,0,0,0,0,0,53,0,117,0,129,0,0,0,53,0,0,0,0,0,0,0,0,0,56,0,42,0,27,0,0,0,0,0,0,0,31,0,0,0,0,0,4,0,0,0,140,0,246,0,0,0,11,0,0,0,0,0,0,0,0,0,0,0,0,0,0,0,0,0,0,0,0,0,0,0,0,0,0,0,0,0,0,0,0,0,0,21,29,0,5,0,0,0
0,0,0,0,132,0,0,0,0,0,0,0,108,42,21,0,22,0,110,24,97,12,0,0,0,0,30,62,35,0,31,0,17,0,0,0,174,0,2,0,0,12,51,6,28,0,0,0,20,0,148,0,0,0,0,0,0,0,0,0,0,0,0,0,0,0,0,0,0,0,14,0,0,0,0,0,0,0,0,0,0,0,0,0,0,0,0,0,0,0,0,0,0,0,0,0,0,0,0,0,0,0,0,0,0,0,0,0,0,0,0,0,0,0,0,0,0,0,0,0,0,0,0,0,0,0,0,0,0,0,0,0,0,0,0,0,0,0,0,0,0,0,0,0,26,0,0,0,0,0,0,0,0,0,0,0,0,0,0,0,0,0,0,0,75,0,15,0,0,0,7,0,15,0,0,0,29,19,24,0,0,0,0,0,0,0,11,8,0,0,0,0,0,0,0,0,0,0,0,0,0,0,0,0,0,0,0,0,0,0,0,33,94,0,17,0,0,0,0,0,0,0,0,0,0
0,12,0,12,27,131,0,0,0,0,0,71,30,239,110,27,0,19,0,146,50,179,0,6,0,6,0,70,0,7,0,24,0,45,0,0,0,365,0,6,0,0,0,24,0,3,0,0,0,0,0,76,0,0,0,6,0,16,0,0,0,1,0,11,0,0,0,0,0,0,0,0,0,0,0,15,0,0,0,0,0,0,0,0,0,87,0,0,0,0,0,0,0,0,0,0,0,0,0,0,0,0,0,0,0,0,0,0,0,0,0,0,0,0,0,0,0,0,0,0,0,48,0,0,0,0,0,0,0,0,0,0,0,0,0,0,0,106,0,95,0,152,0,146,0,45,0,0,0,0,0,0,0,0,0,18,0,0,0,0,0,0,0,0,0,43,0,42,0,39,0,5,0,10,0,0,8,127,0,36,0,0,0,0,0,0,1,129,0,0,0,0,0,0,0,0,0,0,0,0,0,0,0,0,0,0,0,0,0,0,0,0,0,0,20,0,0,0,68,53,114,0,0,0,0
71,0,108,0,346,0,26,0,0,0,138,0,27,0,148,0,13,0,60,0,79,0,39,0,0,0,59,0,56,0,60,0,358,0,174,0,0,0,106,0,0,0,27,0,10,0,13,0,6,0,197,0,2,0,0,0,0,0,0,0,82,0,39,0,0,0,0,0,0,0,15,0,0,0,11,0,0,0,0,0,49,0,0,0,0,0,0,0,0,0,0,0,0,0,0,0,0,0,123,0,0,0,0,0,0,0,0,0,0,0,0,0,0,0,0,0,0,0,0,0,88,0,76,0,0,0,0,0,0,0,0,0,0,0,0,0,0,0,169,0,142,0,72,0,122,0,0,0,0,0,0,0,0,0,9,0,37,0,47,0,12,0,6,0,128,0,42,0,31,0,16,0,90,0,0,0,52,7,21,0,0,0,23,0,3,0,0,1,0,0,0,0,0,0,0,0,0,0,0,0,0,0,0,0,0,0,0,0,0,0,57,18,72,26,13,0,0,0,2,0,0,0,0,0,0
0,57,0,0,0,257,0,0,0,0,0,122,0,81,0,100,1,0,0,60,0,71,0,0,0,0,0,58,0,5,0,32,0,170,0,365,0,0,0,31,0,2,0,75,0,24,0,0,0,0,0,87,0,0,0,0,0,0,0,0,0,39,0,10,0,0,0,0,0,0,0,0,0,0,0,15,0,0,0,0,0,0,0,0,0,0,0,27,0,0,0,0,0,0,0,0,0,0,0,0,0,21,0,0,0,0,0,0,0,0,0,0,0,0,0,0,0,0,0,0,0,28,0,0,0,0,0,0,0,0,0,0,0,0,0,0,0,88,0,132,0,248,0,168,0,119,0,0,0,0,0,0,0,0,0,21,0,98,0,0,0,0,0,0,0,21,0,58,0,52,0,20,0,87,0,0,10,77,0,121,0,0,0,0,0,0,0,23,0,0,0,0,0,0,0,0,0,0,0,0,0,0,0,0,0,0,0,0,0,0,0,0,0,0,0,0,0,0,14,91,61,17,0,0,0
311,0,278,0,34,0,116,0,17,0,10,0,0,0,3,0,173,0,0,0,4,0,104,0,34,0,0,0,26,0,0,0,0,0,2,0,106,0,0,0,0,0,0,0,0,0,0,0,3,0,0,0,0,0,0,0,0,0,0,0,45,0,16,0,0,0,0,0,0,0,2,0,0,0,0,0,0,0,0,0,7,0,0,0,0,0,9,0,0,0,0,0,0,0,0,0,0,0,0,0,0,0,0,0,0,0,0,0,0,0,0,0,0,0,0,0,0,0,0,0,0,0,3,0,0,0,0,0,0,0,0,0,0,0,0,0,0,0,35,0,0,0,20,0,0,0,0,0,0,0,0,0,0,0,0,0,26,0,6,0,0,0,0,0,0,0,53,0,0,0,2,0,175,0,0,0,46,0,0,0,0,0,47,0,0,0,0,0,0,0,0,0,0,0,0,0,0,0,0,0,0,0,0,0,0,0,0,0,0,0,50,80,17,14,20,0,0,0,0,0,0,0,0,0,0
0,413,0,398,0,79,0,141,0,3,0,113,0,0,0,40,0,72,0,0,0,42,0,69,15,39,0,0,0,44,0,0,0,24,0,6,0,31,0,0,0,0,0,0,0,0,0,0,0,0,0,0,0,13,0,11,0,4,0,0,0,28,0,37,0,0,0,0,0,0,0,0,0,0,0,0,0,0,0,0,0,0,0,0,0,12,0,0,0,0,0,0,0,0,0,0,0,0,0,0,0,0,0,0,0,0,0,0,0,0,0,0,0,0,0,0,0,0,0,0,0,0,0,0,0,0,0,0,0,0,0,0,0,0,0,0,0,0,0,49,0,0,0,24,0,0,0,0,0,0,0,0,0,0,0,32,0,52,0,15,0,4,0,0,0,0,0,0,0,0,0,4,0,44,0,0,0,103,0,62,0,0,0,14,0,0,0,0,0,0,0,0,0,0,0,0,0,0,0,0,0,0,0,0,0,0,0,0,0,0,0,0,0,0,12,0,0,0,0,38,0,0,0,0,0
31,0,71,0,55,0,0,0,15,0,53,0,323,0,4,0,0,0,31,0,0,0,58,0,0,0,66,67,0,0,0,0,0,0,0,0,0,0,0,0,0,64,202,0,103,66,128,88,133,0,50,0,0,0,45,0,0,0,0,0,0,0,0,0,0,0,0,0,0,0,0,0,4,0,0,0,0,0,0,0,0,0,0,0,0,0,0,0,0,0,0,0,0,0,0,0,0,0,0,0,0,0,0,0,0,0,0,0,0,0,0,0,0,0,0,0,0,0,0,0,0,0,0,0,0,0,0,0,0,0,0,0,0,0,0,0,65,0,0,0,0,0,65,0,0,0,0,0,0,0,0,0,0,0,0,0,0,0,0,0,0,0,0,0,0,0,0,0,0,0,0,0,0,0,0,0,23,7,47,0,0,0,22,0,10,0,277,4,0,0,0,0,0,0,0,0,0,0,0,0,0,0,0,0,0,0,0,0,0,0,20,98,91,4,9,2,0,64,0,1,0,0,0,0,0
0,20,0,0,10,30,0,2,0,0,0,51,84,225,0,1,0,0,39,0,41,0,0,0,0,0,101,122,0,0,0,0,0,0,12,0,0,2,0,0,64,0,43,75,29,93,45,262,7,116,47,52,0,0,0,0,0,0,0,0,0,0,0,0,0,0,0,0,0,1,0,0,0,0,0,0,0,0,0,0,0,0,0,0,0,0,0,0,0,0,0,0,0,0,0,0,0,0,0,0,0,0,0,0,0,0,0,0,0,0,0,0,0,0,0,0,0,0,0,0,0,0,0,0,0,0,0,0,0,0,0,0,0,0,0,0,0,0,0,0,0,0,0,0,0,0,0,0,0,0,0,0,0,0,0,0,0,0,0,0,0,0,0,0,0,12,0,0,0,0,0,0,0,0,0,0,0,172,0,39,0,0,0,0,0,0,30,61,0,0,0,0,0,0,0,0,0,0,0,0,0,0,0,0,0,0,0,0,0,0,0,3,0,0,2,0,0,0,3,29,23,0,0,0,22
6,0,0,0,25,0,0,0,0,0,0,0,261,0,0,0,0,0,57,0,36,0,0,0,0,0,294,82,24,0,20,0,16,0,51,0,27,0,0,0,202,43,0,0,232,29,168,60,57,0,63,0,0,0,0,0,0,0,10,0,0,0,0,0,7,0,0,0,0,0,24,0,0,0,5,0,0,0,0,0,0,0,0,0,0,0,22,0,0,0,0,0,0,0,0,0,0,0,112,0,19,0,0,0,0,0,0,0,0,0,0,0,0,0,0,0,0,0,1,0,0,0,0,0,0,0,0,0,0,0,0,0,0,0,0,0,0,0,0,0,0,0,0,0,36,0,0,0,0,0,0,0,0,0,0,0,0,0,0,0,21,0,17,0,88,0,58,0,0,0,22,0,28,0,0,0,0,0,0,0,0,0,0,0,0,0,68,5,0,0,0,0,0,0,0,0,0,0,0,0,0,0,0,0,0,0,0,0,0,0,59,172,119,24,19,0,1,13,0,0,0,0,0,0,0
0,0,1,0,0,0,0,0,0,0,0,0,50,78,6,1,0,0,27,31,0,86,0,0,0,0,41,251,0,0,0,15,0,18,6,24,0,75,0,0,0,75,0,0,0,201,0,124,0,68,23,75,0,0,0,0,0,8,0,0,0,1,0,0,0,0,0,4,0,0,0,0,0,0,0,0,0,0,0,0,0,0,0,0,0,0,0,19,0,0,0,0,0,0,0,0,0,0,0,0,0,0,0,0,0,0,0,0,0,0,0,0,0,0,0,0,0,0,0,0,0,0,0,7,0,0,0,0,0,0,0,0,0,0,0,0,0,16,0,0,0,30,0,39,0,26,0,0,0,0,0,0,0,0,0,0,0,0,0,0,0,0,0,0,0,46,0,19,0,35,0,0,0,21,0,0,0,106,0,0,0,0,0,0,0,0,11,89,0,0,0,0,0,0,0,0,0,0,0,0,0,0,0,0,0,0,0,0,0,0,0,0,0,0,10,0,0,0,37,70,139,15,0,0,10
3,0,0,0,0,0,0,0,0,0,0,0,33,0,15,0,0,0,29,0,41,0,0,0,0,0,243,24,0,0,8,0,0,0,28,0,10,0,0,0,103,29,232,0,0,37,280,47,243,43,50,0,0,0,0,0,0,0,0,0,0,0,0,0,0,0,0,0,2,0,3,0,0,0,0,0,3,0,0,0,0,0,0,0,0,0,0,0,0,0,0,0,0,0,0,0,0,0,0,0,0,0,0,0,0,0,0,0,0,0,0,0,0,0,0,0,0,0,0,0,0,0,25,0,0,0,0,0,0,0,0,0,0,0,0,0,0,0,0,0,0,0,0,0,0,0,0,0,0,0,0,0,0,0,0,0,0,0,0,0,0,0,0,0,188,0,13,0,67,0,7,0,0,0,0,0,4,4,0,0,0,0,0,0,5,0,127,0,0,0,0,0,0,0,0,0,0,0,0,0,0,0,0,0,0,0,0,0,0,0,0,92,112,15,10,0,0,117,0,0,0,0,0,0,0
0,0,0,0,0,15,0,0,0,0,0,0,37,28,0,1,0,0,0,10,0,39,0,0,0,0,34,255,0,0,0,0,0,2,0,3,0,24,0,0,66,93,29,201,37,0,56,265,44,261,13,100,0,0,0,0,0,0,0,34,0,0,0,0,0,0,0,0,0,6,0,6,0,0,0,0,0,0,0,0,0,0,0,0,0,0,0,29,0,0,0,0,0,0,0,0,0,0,0,0,0,0,0,0,0,0,0,0,0,0,0,0,0,0,0,0,0,0,0,0,0,0,0,0,0,0,0,0,0,0,0,0,0,0,0,0,0,0,0,0,0,0,0,44,0,18,0,0,0,0,0,0,0,0,0,0,0,0,0,0,0,0,0,7,1,189,0,48,0,72,0,20,0,50,0,0,0,70,0,0,0,0,0,0,0,0,19,23,0,0,0,0,0,0,0,11,0,2,0,0,0,0,0,0,0,0,0,0,0,0,0,1,0,0,7,0,0,1,68,139,248,0,0,0,147
0,0,46,0,25,0,0,0,10,0,29,0,86,3,0,0,0,0,29,0,13,0,37,0,0,0,172,28,0,0,2,0,3,0,0,0,13,0,0,0,128,45,168,0,280,56,0,84,283,34,50,0,0,0,0,0,0,0,0,0,0,0,0,0,0,0,0,0,0,0,15,0,0,0,15,0,1,0,0,0,41,0,0,0,0,0,26,0,0,0,0,0,0,0,0,0,0,0,154,0,0,0,0,0,0,0,0,0,0,0,0,0,0,0,0,0,0,0,0,0,41,0,0,0,0,0,0,0,0,0,0,0,0,0,0,0,44,0,0,0,0,0,68,0,0,0,0,0,0,0,0,0,12,0,0,0,1,0,0,0,0,0,0,0,0,0,5,0,0,0,0,0,0,0,0,0,19,0,19,0,0,0,8,0,10,0,181,4,0,0,0,0,0,0,0,0,0,0,0,0,0,0,0,0,0,0,0,0,0,0,46,130,102,0,0,0,0,123,0,0,1,0,0,0,0
0,24,0,0,0,53,0,1,0,0,0,66,135,141,0,0,0,0,0,36,0,8,0,0,0,0,180,264,0,0,0,0,0,1,0,0,0,0,0,0,88,262,60,124,47,265,84,0,20,81,87,58,0,0,0,1,0,0,0,0,0,0,0,0,0,0,0,0,0,0,0,0,0,0,0,0,0,0,0,0,0,0,0,0,0,0,0,0,0,0,0,0,0,0,0,0,0,0,0,0,0,0,0,0,0,0,0,1,0,0,0,0,0,0,0,0,0,0,0,0,0,0,0,0,0,0,0,0,0,0,0,0,0,0,0,0,0,0,0,0,0,0,0,0,0,1,0,0,0,0,0,0,0,0,0,0,0,0,0,0,0,0,0,0,0,22,0,0,0,0,0,0,0,0,0,0,3,182,0,19,0,0,0,0,0,0,54,60,0,0,0,0,0,0,0,0,0,0,0,0,0,0,0,0,0,0,0,0,0,0,0,0,0,0,0,0,0,0,0,117,67,0,0,1,49
37,1,47,0,66,0,37,0,22,0,22,0,37,1,13,0,20,0,0,0,39,0,15,0,8,0,60,0,0,0,0,0,0,0,20,0,6,0,3,0,133,7,57,0,243,44,283,20,0,82,28,0,17,0,15,0,23,0,48,0,5,0,0,0,5,0,5,0,8,0,0,0,3,0,0,0,4,0,12,0,5,0,15,0,21,0,8,0,0,0,5,0,0,0,11,0,21,0,10,0,3,0,11,0,35,0,6,0,0,0,0,0,0,0,0,0,0,0,0,0,0,0,0,0,0,0,0,0,0,0,0,0,0,0,16,0,11,0,4,0,16,0,27,0,8,0,6,0,0,0,8,0,0,0,11,0,3,0,9,0,0,0,14,0,73,0,99,0,110,0,16,0,70,0,2,0,42,14,18,0,0,0,0,0,0,0,191,0,74,0,0,0,95,0,39,1,12,0,31,0,54,0,63,0,67,0,0,0,22,0,184,213,164,20,92,57,12,35,2,0,0,0,0,0,2
0,2,0,3,0,0,0,4,0,0,0,4,0,9,0,0,0,0,0,3,0,2,0,1,0,0,0,67,0,0,0,0,0,0,0,0,0,0,0,0,0,116,0,68,43,261,34,81,82,0,0,16,0,0,0,1,0,0,0,0,0,0,0,0,0,0,0,0,0,0,0,3,0,2,0,0,0,0,0,0,0,5,0,5,0,0,0,9,0,0,0,1,0,4,0,3,0,2,0,0,0,0,0,0,0,0,0,0,0,1,0,0,0,0,0,0,0,0,0,0,0,0,0,0,0,0,0,0,0,0,0,0,0,0,0,1,0,0,0,0,0,0,0,0,0,0,0,0,0,0,0,0,0,0,0,0,0,0,0,0,0,1,0,1,0,78,0,33,0,46,0,0,0,3,0,0,0,214,0,3,0,0,0,0,0,0,62,21,0,0,0,3,0,2,0,0,0,0,0,0,0,1,0,0,0,0,0,0,0,2,0,4,0,0,11,0,0,8,24,49,35,0,0,1,40
0,0,10,0,160,14,0,0,0,0,10,0,374,50,25,0,16,0,246,37,119,0,0,0,0,0,290,147,26,0,48,0,23,0,148,0,197,0,0,0,50,47,63,23,50,13,50,87,28,0,0,21,2,0,0,0,0,0,0,0,4,0,14,0,0,0,0,0,4,0,22,0,0,0,11,0,0,0,0,0,0,0,0,0,0,0,0,0,0,0,0,0,0,0,0,0,40,0,216,0,0,0,0,0,0,0,0,0,0,0,0,0,0,0,0,0,0,0,0,0,107,0,35,0,0,0,0,0,0,0,0,0,0,0,0,0,0,0,0,0,42,0,60,0,0,0,0,0,0,0,0,0,0,0,0,0,0,0,0,0,0,0,21,0,97,0,61,0,49,0,33,0,80,0,0,0,37,31,31,0,0,0,0,0,0,0,49,8,0,0,0,0,0,0,2,0,0,0,0,0,0,0,0,0,0,0,0,0,0,0,100,61,137,46,31,0,5,9,0,0,0,0,0,0,0
0,0,0,0,0,0,0,0,0,0,0,0,76,198,0,5,0,0,65,129,55,48,0,0,0,0,48,275,0,0,0,10,0,40,0,76,0,87,0,0,0,52,0,75,0,100,0,58,0,16,21,0,0,0,0,0,0,0,0,53,0,0,0,0,0,0,0,0,0,0,0,11,0,5,0,9,0,0,0,0,0,35,0,12,0,0,0,56,0,0,0,0,0,0,0,0,0,0,0,0,0,34,0,9,0,0,0,0,0,0,0,0,0,0,0,0,0,0,0,0,0,0,0,0,0,0,0,0,0,0,0,0,0,0,0,0,0,0,0,0,0,59,0,129,0,36,0,0,0,0,0,0,0,0,0,0,0,0,0,9,0,0,0,4,0,79,0,38,0,125,0,17,0,25,0,0,0,107,0,0,0,0,0,0,0,0,22,116,0,0,0,0,0,0,0,0,0,0,0,0,0,0,0,11,0,0,0,0,0,0,0,0,0,0,24,0,0,0,54,59,180,27,0,0,4
4,0,10,0,0,0,66,24,317,83,0,0,0,0,10,0,58,0,0,0,5,0,6,0,8,6,0,0,4,0,1,0,0,0,0,0,2,0,0,0,0,0,0,0,0,0,0,0,17,0,2,0,0,6,142,109,235,32,84,38,73,0,86,0,13,0,55,53,0,0,3,0,0,0,0,0,0,0,0,0,0,0,0,0,0,0,0,0,0,0,3,0,0,0,0,0,3,0,0,0,0,0,0,0,0,0,0,0,0,0,0,0,0,0,0,0,0,0,0,0,0,0,0,0,0,0,0,0,20,0,26,0,11,0,4,0,29,0,96,0,22,0,0,0,22,0,3,0,0,0,0,0,0,0,258,0,48,0,206,0,52,0,0,0,0,0,0,0,12,0,100,0,19,0,1,0,26,2,0,0,0,0,10,0,193,12,0,0,0,0,0,0,0,0,0,0,0,0,0,0,0,0,0,0,0,0,0,0,7,0,211,74,143,188,246,3,99,4,7,0,2,0,0,0,0
1,66,0,0,0,0,0,70,37,178,0,0,0,0,0,2,0,45,0,0,0,32,0,0,0,23,0,0,0,23,0,0,0,10,0,0,0,0,0,13,0,0,0,0,0,0,0,0,0,0,0,0,6,0,32,94,1,104,12,12,0,47,0,84,0,0,0,34,0,2,0,0,0,0,0,0,0,0,0,0,0,0,0,0,0,15,0,5,0,0,0,0,0,0,0,2,0,0,0,0,0,0,0,0,0,0,0,0,0,0,0,0,0,0,0,0,0,0,0,0,0,0,0,0,0,0,0,0,0,89,0,35,0,22,0,64,0,159,0,252,0,102,0,82,0,38,0,0,0,0,0,0,0,1,0,252,0,186,0,164,0,110,0,0,0,7,0,0,0,14,0,60,3,22,0,0,5,49,0,0,0,0,0,38,0,13,0,0,0,0,0,0,0,0,0,0,0,0,0,0,0,36,0,0,0,0,0,0,0,0,0,0,0,0,149,0,0,0,64,4,107,145,0,13,0
2,0,25,0,0,1,145,0,212,215,0,0,0,0,0,0,39,0,0,0,0,0,101,0,134,0,0,0,0,0,0,0,0,0,0,0,0,0,0,0,45,0,0,0,0,0,0,0,15,0,0,0,142,32,0,315,115,77,94,0,28,0,49,4,14,0,61,94,0,0,0,0,0,0,0,0,0,0,0,0,0,0,0,0,0,0,0,0,0,0,0,0,0,0,0,0,0,0,0,0,0,0,0,0,0,0,0,0,0,0,0,0,0,0,0,0,0,0,0,0,0,0,0,0,26,0,49,0,13,0,50,0,23,0,76,0,127,0,0,0,0,0,62,0,0,0,0,0,12,0,7,0,0,0,103,2,14,0,59,0,153,3,0,0,0,0,3,0,23,0,211,0,21,0,2,0,18,25,4,0,0,0,8,0,124,13,0,0,0,0,0,0,0,0,0,0,0,0,0,0,0,0,0,0,0,0,0,0,55,0,209,77,212,180,281,0,62,8,0,0,0,0,0,0,0
0,78,0,79,0,26,38,377,377,204,0,2,0,0,0,68,0,48,0,28,0,58,0,50,70,335,0,0,0,37,0,10,0,19,0,6,0,0,0,11,0,0,0,0,0,0,0,1,0,1,0,0,109,94,315,0,15,282,79,66,0,39,94,91,0,9,90,53,0,0,0,0,0,0,0,0,0,0,0,0,0,3,0,0,0,12,0,0,0,0,0,0,0,1,0,0,0,0,0,2,0,0,0,1,0,0,0,0,0,0,0,0,0,0,0,0,0,0,0,0,0,0,0,0,0,46,0,0,0,32,0,114,0,0,0,73,0,114,0,27,0,0,0,32,0,4,0,0,0,10,3,0,0,0,0,162,0,26,0,25,0,154,1,0,0,5,0,0,0,35,0,112,13,42,0,0,32,127,0,0,0,0,0,13,47,18,0,0,0,0,0,0,0,0,0,0,0,0,0,0,0,0,0,0,0,0,0,0,0,35,29,0,0,25,491,0,0,0,211,43,289,339,0,35,0
0,0,6,0,0,0,12,0,7,0,0,0,0,0,0,0,18,0,0,0,0,0,0,0,16,0,0,0,0,0,0,0,0,0,0,0,0,0,0,0,0,0,0,0,0,0,0,0,23,0,0,0,235,1,115,15,0,7,285,0,0,0,0,0,78,0,45,29,0,0,0,0,0,0,0,0,0,0,0,0,0,0,0,0,0,0,0,0,0,0,0,0,0,0,0,0,0,0,0,0,0,0,0,0,0,0,0,0,0,0,0,0,0,0,0,0,0,0,0,0,0,0,0,0,20,0,46,0,14,0,96,0,25,0,15,0,29,0,0,0,0,0,0,0,5,0,0,0,2,0,0,0,0,0,182,0,0,0,147,0,226,2,0,0,0,0,0,0,33,0,187,0,0,0,0,0,0,0,0,0,0,2,0,0,26,0,0,0,0,0,0,0,0,0,0,0,0,0,0,0,0,0,0,0,0,0,0,0,38,0,274,69,313,292,510,0,89,8,0,0,0,0,0,0,0
0,0,0,8,0,0,0,35,85,62,0,0,0,0,0,0,0,34,0,0,0,34,0,0,0,34,0,0,0,9,0,4,0,5,0,16,0,0,0,4,0,0,0,8,0,0,0,0,0,0,0,0,32,104,77,282,7,0,83,119,0,2,0,4,0,7,82,117,0,0,0,0,0,0,0,0,0,0,0,0,0,0,0,0,0,0,0,0,0,0,0,0,0,0,0,0,0,6,0,0,0,0,0,0,0,0,0,0,0,0,0,0,0,0,0,0,0,0,0,0,0,0,0,0,0,31,0,2,0,45,0,77,0,34,0,11,0,54,0,10,0,0,0,4,0,0,0,0,0,9,0,0,0,0,5,270,0,20,0,138,0,236,0,0,0,8,0,0,0,48,0,126,2,42,0,4,3,4,0,0,0,0,0,0,23,22,0,0,0,0,0,0,0,0,0,0,0,0,0,0,0,0,0,0,0,0,0,2,0,10,0,0,0,0,353,0,0,0,205,66,281,228,7,0,0
0,0,0,0,0,0,26,10,18,71,0,0,0,0,0,0,0,0,0,1,0,0,0,0,17,0,0,0,1,0,0,0,0,0,0,0,0,0,0,0,0,0,10,0,0,0,0,0,48,0,0,0,84,12,94,79,285,83,0,154,0,0,2,0,190,5,379,209,0,0,0,0,0,0,0,0,0,0,0,0,0,0,2,0,0,0,0,0,0,0,0,0,0,0,0,0,0,0,0,0,0,0,0,0,0,0,0,0,0,0,0,0,0,0,0,0,0,0,0,0,0,0,0,0,6,0,14,0,0,0,21,0,6,0,0,0,4,0,0,0,0,0,0,0,2,0,7,0,6,0,2,0,0,0,81,18,28,0,13,0,24,3,0,0,0,0,0,0,28,0,155,0,0,0,16,7,0,0,0,0,0,0,0,0,101,67,0,0,0,0,0,0,0,0,0,0,0,0,0,0,0,0,0,0,0,1,0,0,4,0,669,358,496,595,1272,13,174,24,0,0,4,0,0,0,0
0,0,0,0,0,0,0,7,22,58,0,7,0,0,0,0,0,9,0,0,0,0,0,0,0,0,0,0,0,0,0,0,0,0,0,0,0,0,0,0,0,0,0,0,0,34,0,0,0,0,0,53,38,12,0,66,0,119,154,0,0,2,0,2,0,92,189,382,0,6,0,0,0,0,0,0,0,0,0,0,0,0,0,0,0,0,0,0,0,0,0,0,0,0,0,0,0,0,0,0,0,0,0,7,0,0,0,0,0,1,0,0,0,0,0,0,0,1,0,0,0,0,0,0,0,8,0,0,0,0,0,30,0,0,0,0,0,4,0,3,0,0,0,0,0,0,0,0,1,6,0,0,0,0,53,96,0,7,7,98,0,111,0,0,0,10,0,0,0,75,0,115,0,81,10,73,0,0,0,0,10,0,0,0,33,172,0,0,0,0,0,0,0,0,0,0,0,0,0,0,0,0,0,0,0,0,0,0,0,0,0,0,0,0,1215,0,0,0,687,184,602,495,25,9,2
43,0,0,0,0,0,160,0,169,0,0,0,0,0,0,0,14,0,0,0,0,0,0,0,28,0,0,0,9,0,0,0,34,0,0,0,82,0,45,0,0,0,0,0,0,0,0,0,5,0,4,0,73,0,28,0,0,0,0,0,0,0,168,0,1,0,8,0,0,0,0,0,0,0,4,0,0,0,0,0,0,0,0,0,0,0,0,0,0,0,0,0,0,0,0,0,0,0,0,0,0,0,0,0,0,0,0,0,0,0,0,0,0,0,0,0,0,0,1,0,0,0,11,0,0,0,0,0,0,0,0,0,0,0,0,0,0,0,195,0,100,0,23,0,220,0,0,0,0,0,0,0,0,0,45,0,106,0,34,0,0,0,6,0,0,0,0,0,14,0,118,0,107,0,0,0,0,0,0,0,0,0,0,0,0,0,0,0,0,0,0,0,0,0,0,0,0,0,0,0,0,0,0,0,0,0,0,0,0,0,36,31,76,56,59,0,44,0,0,0,0,0,0,0,0
0,488,0,157,0,0,0,201,0,0,0,21,0,0,0,9,0,30,0,0,0,0,21,49,13,102,0,0,0,11,0,1,0,58,0,1,0,39,0,28,0,0,0,1,0,0,0,0,0,0,0,0,0,47,0,39,0,2,0,2,0,0,5,34,0,0,0,0,0,0,0,5,0,0,0,4,0,0,0,0,0,0,0,0,0,0,0,0,0,0,0,0,0,0,0,0,0,0,0,0,0,0,0,0,0,0,0,0,0,0,0,0,0,0,0,0,0,0,0,0,0,0,0,0,0,0,0,0,0,0,0,0,0,0,0,0,0,0,0,76,0,77,0,0,0,123,0,0,0,0,0,0,0,0,0,42,0,249,0,12,0,0,0,1,0,0,0,0,0,8,0,44,0,191,0,0,9,72,0,20,0,0,0,37,0,0,0,0,0,0,0,0,0,0,0,0,0,0,0,0,0,0,0,0,0,0,0,0,0,0,0,0,0,0,88,0,0,0,42,77,66,140,0,27,0
52,33,7,15,0,0,315,93,504,91,0,0,3,0,3,6,415,0,25,0,88,0,16,0,87,117,18,0,23,0,35,0,39,0,0,0,39,0,16,0,0,0,0,0,0,0,0,0,0,0,14,0,86,0,49,94,0,0,2,0,168,5,0,12,0,0,0,0,0,0,0,0,0,0,0,0,0,0,0,0,0,0,0,0,0,0,0,0,0,0,0,0,0,0,0,0,0,0,0,0,0,0,0,0,0,0,0,0,0,0,0,0,0,0,0,0,0,0,0,0,0,0,0,0,0,0,0,0,0,0,0,0,0,0,3,0,17,0,230,0,0,0,60,0,31,0,0,0,0,0,0,0,0,0,133,0,28,0,177,0,9,0,0,0,0,0,0,0,6,0,31,0,39,0,0,0,96,39,0,0,0,0,32,0,17,0,0,0,0,0,0,0,0,0,0,0,0,0,0,0,0,0,0,0,0,0,0,0,0,0,125,35,55,67,116,0,34,0,0,0,0,0,0,0,0
0,460,0,53,0,0,18,339,25,252,0,0,0,0,0,7,0,220,0,16,0,92,0,35,44,149,0,0,0,38,0,7,0,28,0,11,0,10,0,37,0,0,0,0,0,0,0,0,0,0,0,0,0,84,4,91,0,4,0,2,0,34,12,0,0,0,0,5,0,0,0,0,0,0,0,0,0,0,0,0,0,0,0,0,0,0,0,0,0,0,0,0,0,0,0,0,0,0,0,0,0,0,0,0,0,0,0,0,0,0,0,0,0,0,0,0,0,0,0,0,0,1,0,0,0,0,0,0,0,0,0,9,0,10,0,17,0,25,0,47,0,34,0,0,0,15,0,0,0,0,0,0,0,0,0,28,0,78,0,34,0,20,0,0,0,2,0,0,0,1,0,10,0,22,0,0,9,106,0,0,0,0,0,66,0,1,0,0,0,0,0,0,0,0,0,0,0,0,0,0,0,0,0,0,0,0,0,0,0,0,0,0,0,0,76,0,0,0,49,11,48,75,0,10,0
12,0,10,0,0,0,18,0,31,0,0,0,0,0,0,0,0,0,0,0,0,0,0,0,3,0,0,0,0,0,0,0,0,0,0,0,0,0,0,0,0,0,7,0,0,0,0,0,5,0,0,0,13,0,14,0,78,0,190,0,1,0,0,0,0,0,81,8,0,0,0,0,0,0,0,0,0,0,0,0,0,0,0,0,0,0,0,0,0,0,0,0,0,0,0,0,0,0,0,0,0,0,0,0,0,0,0,0,0,0,0,0,0,0,0,0,0,0,0,0,0,0,0,0,4,0,0,0,0,0,23,0,0,0,2,0,0,0,0,0,0,0,0,0,68,0,0,0,25,0,2,0,1,0,27,0,8,0,18,14,211,33,20,0,0,0,0,0,0,0,13,0,13,0,64,7,0,0,0,0,176,21,0,0,236,4,0,0,0,0,0,0,0,0,0,0,0,0,0,0,0,0,0,0,0,0,0,0,0,0,177,27,28,0,116,0,0,0,0,0,0,0,0,0,0
0,14,0,2,0,15,0,5,0,140,0,0,0,0,0,0,0,0,0,32,0,0,0,0,0,0,0,0,0,0,0,0,0,0,0,0,0,0,0,0,0,0,0,0,0,0,0,0,0,0,0,0,0,0,0,9,0,7,5,92,0,0,0,0,0,0,0,291,0,0,0,6,0,0,0,0,0,0,0,0,0,0,0,0,0,7,0,0,0,0,0,0,0,0,0,0,0,0,0,0,0,0,0,0,0,0,0,0,0,0,0,0,0,0,0,0,0,0,0,0,0,0,0,0,0,42,0,17,0,1,42,51,0,0,0,0,0,0,7,6,0,0,0,0,0,34,0,34,0,278,0,32,0,9,8,0,0,0,16,13,31,299,0,0,0,0,0,0,0,7,0,2,0,0,0,90,0,0,0,0,39,176,0,6,3,166,0,0,0,0,0,0,0,0,0,0,0,0,0,1,0,5,0,0,0,0,0,11,0,21,0,0,0,0,190,0,0,0,133,40,67,100,0,0,0
21,0,14,0,0,0,20,0,89,55,0,0,0,0,0,0,0,0,0,0,0,0,0,0,0,0,1,0,0,0,0,0,0,0,0,0,0,0,0,0,0,0,0,0,0,0,0,0,5,0,0,0,55,0,61,90,45,82,379,189,8,0,0,0,81,0,0,150,0,0,0,0,0,0,0,0,0,0,0,0,0,0,0,0,0,0,0,0,0,0,0,0,0,0,0,0,0,0,0,0,0,0,0,0,0,0,0,0,0,0,0,0,0,0,0,0,0,0,0,0,0,0,0,0,0,0,0,0,0,0,15,0,0,0,0,0,0,0,0,0,0,0,0,0,5,0,0,0,15,0,0,0,0,0,53,11,31,0,0,11,58,0,0,0,0,0,0,0,0,0,33,0,0,0,56,12,0,1,0,0,0,0,0,0,716,64,0,0,0,0,0,0,0,0,0,0,0,0,0,0,0,0,0,0,0,0,0,0,0,0,231,115,45,101,251,0,0,0,0,0,0,0,0,0,0
0,4,0,0,0,1,0,16,92,73,0,0,0,0,0,3,0,0,0,0,0,0,0,0,0,0,0,0,0,0,0,0,0,0,0,0,0,0,0,0,0,0,0,4,0,0,0,0,0,0,0,0,53,34,94,53,29,117,209,382,0,0,0,5,8,291,150,0,0,0,0,0,0,0,0,0,0,0,0,0,0,0,0,0,0,1,0,0,0,0,0,0,0,0,0,0,0,0,0,0,0,0,0,0,0,0,0,0,0,0,0,0,0,0,0,0,0,0,0,0,0,0,0,0,0,4,0,0,0,0,0,40,0,0,0,9,0,3,2,2,0,0,0,0,0,15,0,0,0,48,0,4,0,5,32,64,2,10,0,26,0,80,0,0,0,0,0,0,0,0,0,11,0,0,0,121,11,28,0,0,13,11,0,15,76,367,0,0,0,0,0,0,0,0,0,0,0,0,0,4,0,0,0,0,0,0,0,2,0,0,0,0,0,0,517,0,0,0,397,192,134,232,8,2,0
0,0,0,0,0,0,0,0,0,0,0,0,0,0,0,0,0,0,0,0,0,0,0,0,0,0,0,0,0,0,0,0,0,0,0,0,0,0,0,0,0,0,0,0,2,0,0,0,8,0,4,0,0,0,0,0,0,0,0,0,0,0,0,0,0,0,0,0,0,0,0,0,25,0,4,0,131,0,76,0,30,0,44,0,0,0,41,0,36,0,0,0,34,0,24,0,0,0,37,0,30,0,472,0,0,0,74,0,48,0,26,0,21,0,43,0,21,0,2,0,0,0,0,0,0,0,0,0,0,0,0,0,0,0,0,0,0,0,0,0,0,0,0,0,0,0,0,0,0,0,0,0,0,0,0,0,0,0,0,0,0,0,6,0,5,0,0,0,190,0,6,0,6,0,0,0,0,0,0,0,0,0,0,0,0,0,0,0,0,0,0,0,0,0,56,0,12,0,0,0,0,0,0,0,0,0,0,0,0,0,57,0,87,0,8,162,148,0,0,0,0,0,0,0,0
0,0,0,0,0,0,0,0,0,0,0,0,0,0,0,0,0,0,0,0,0,0,0,0,0,0,0,0,0,0,0,0,0,0,0,0,0,0,0,0,0,1,0,0,0,6,0,0,0,0,0,0,0,2,0,0,0,0,0,6,0,0,0,0,0,0,0,0,0,0,0,0,0,10,0,0,0,84,0,0,0,10,0,64,0,0,0,44,0,42,0,0,0,34,0,22,0,0,0,0,0,24,0,242,0,27,0,0,0,90,0,10,0,0,0,19,0,17,0,0,0,0,0,0,0,0,0,0,0,0,0,0,0,0,0,11,0,0,0,0,0,0,0,0,0,0,0,5,0,0,0,0,0,0,0,3,0,0,0,0,0,6,0,1,0,45,0,0,0,112,0,7,0,4,0,0,0,0,0,0,0,0,0,0,0,0,0,1,0,0,0,0,0,0,0,50,0,0,0,0,0,0,0,0,0,12,0,0,0,0,0,0,0,0,0,0,0,0,41,3,84,0,46,76,0
0,0,1,0,3,0,0,0,1,0,0,0,0,0,0,0,23,0,16,0,28,0,0,0,0,0,0,0,5,0,4,0,5,0,14,0,15,0,2,0,0,0,24,0,3,0,15,0,0,0,22,0,3,0,0,0,0,0,0,0,0,0,0,0,0,0,0,0,0,0,0,0,329,0,230,0,9,0,101,0,5,0,0,0,24,0,27,0,0,0,0,0,0,0,2,0,0,0,0,0,0,0,0,0,0,0,0,0,0,0,0,0,0,0,0,0,0,0,0,0,19,0,11,0,16,0,0,0,3,0,24,0,11,1,0,0,29,0,4,0,102,0,76,0,60,0,0,0,48,0,0,0,25,0,0,0,0,0,0,0,7,0,99,0,0,0,16,0,51,0,29,0,37,0,31,0,2,0,0,0,0,4,0,0,7,0,0,0,0,0,0,0,0,0,0,0,0,0,0,0,14,0,0,0,0,0,0,0,45,0,38,0,83,0,14,0,12,0,0,0,0,0,0,0,0
0,0,0,0,0,17,0,0,0,0,0,8,0,0,0,13,0,1,0,10,0,29,0,0,0,0,0,0,0,0,0,8,0,0,0,0,0,0,0,0,0,0,0,0,0,6,0,0,0,3,0,11,0,0,0,0,0,0,0,0,0,5,0,0,0,6,0,0,0,0,0,0,0,147,1,305,0,50,0,22,0,4,0,3,0,15,2,49,0,0,0,0,0,0,0,0,0,0,0,0,0,0,0,0,0,0,0,0,0,0,0,0,0,0,0,0,0,0,0,0,0,28,0,36,0,82,0,78,0,0,0,0,18,46,0,0,0,12,0,0,0,27,0,20,0,264,0,81,6,31,0,42,10,56,0,0,0,5,0,0,0,6,0,33,0,0,0,0,0,12,0,21,0,18,0,18,0,6,0,0,7,48,0,0,0,0,0,0,0,0,0,0,0,0,0,0,0,0,0,0,0,0,0,0,0,0,0,0,0,37,0,0,0,0,4,0,0,0,66,0,26,6,0,1,1
3,0,0,0,0,0,0,0,0,0,0,0,0,0,0,0,0,0,0,0,0,0,0,0,0,0,0,0,0,0,0,0,0,0,0,0,0,0,0,0,4,0,0,0,0,0,0,0,3,0,0,0,0,0,0,0,0,0,0,0,0,0,0,0,0,0,0,0,25,0,329,0,0,0,144,0,53,0,228,0,0,0,16,0,49,0,19,0,0,0,0,0,0,0,1,0,0,0,0,0,0,0,4,0,0,0,5,0,0,0,0,0,0,0,0,0,0,0,0,0,31,0,31,0,0,0,0,0,4,0,0,0,0,0,52,0,0,0,14,0,70,0,104,0,100,0,34,0,0,0,28,0,6,0,0,0,0,0,0,0,0,0,61,0,0,0,0,0,25,0,10,0,0,0,0,0,0,0,0,0,0,0,1,0,1,0,0,0,0,0,0,0,0,0,0,0,0,0,0,0,61,0,0,0,31,0,0,0,105,0,252,7,24,11,29,10,0,0,0,0,0,0,0,0,0
0,0,0,0,0,0,0,0,0,0,0,0,0,0,0,0,0,0,0,0,0,0,0,0,0,0,0,0,0,0,0,0,0,0,0,0,0,0,0,0,0,0,0,0,0,0,0,0,0,2,0,5,0,0,0,0,0,0,0,0,0,0,0,0,0,0,0,0,0,10,0,147,0,0,0,315,0,95,0,54,0,9,0,29,0,24,0,108,0,0,0,0,0,0,0,12,0,0,0,0,0,0,0,0,0,6,0,0,0,0,0,0,0,0,0,0,0,0,0,2,0,29,0,15,0,72,0,0,0,0,0,0,11,20,3,58,0,0,0,0,0,0,0,25,0,105,0,40,0,13,0,0,0,19,0,0,0,1,0,1,0,0,0,15,0,4,0,0,0,19,0,3,0,0,0,18,0,0,0,0,0,23,0,0,0,0,0,0,0,0,0,0,0,0,0,0,0,0,0,0,0,49,0,0,0,50,0,0,0,0,0,0,0,0,13,0,0,0,328,5,18,4,0,0,0
0,0,0,0,0,0,0,0,0,0,0,0,0,0,0,0,18,0,10,0,15,0,0,0,0,0,6,0,3,0,0,0,9,0,0,0,11,0,0,0,0,0,5,0,0,0,15,0,0,0,11,0,0,0,0,0,0,0,0,0,4,0,0,0,0,0,0,0,4,0,230,1,144,0,0,0,20,0,116,0,7,0,15,0,35,0,40,0,0,0,0,0,0,0,3,0,0,0,7,0,1,0,0,0,0,0,0,0,0,0,0,0,0,0,0,0,0,0,0,0,50,0,30,0,17,9,0,0,0,0,20,0,0,0,0,0,3,0,3,0,55,0,82,0,31,0,9,0,24,0,7,0,21,0,0,0,0,0,0,0,0,3,15,0,0,0,3,0,27,0,3,0,15,0,34,1,0,0,0,0,23,5,0,0,0,0,0,0,0,0,0,0,0,0,0,0,2,0,12,0,21,0,17,0,0,0,0,0,12,0,32,0,13,0,7,0,5,0,2,0,0,0,0,0,0
0,2,0,0,0,13,0,0,0,0,0,8,0,0,0,0,0,3,0,0,0,0,0,8,0,0,0,0,0,0,0,0,0,0,0,15,0,15,0,0,0,0,0,0,0,0,0,0,0,0,0,9,0,0,0,0,0,0,0,0,0,4,0,0,0,0,0,0,0,0,0,305,0,315,0,0,0,27,0,69,0,10,0,0,0,19,0,147,0,0,0,1,0,0,0,0,0,3,0,3,0,0,0,0,0,0,0,0,0,0,0,0,0,0,0,0,0,0,0,0,0,92,0,83,0,0,0,55,0,0,2,5,0,20,0,57,0,17,0,8,0,39,0,45,0,302,0,63,0,41,0,44,6,46,0,0,0,0,0,0,0,0,0,53,0,0,0,0,0,20,0,22,0,0,0,0,0,0,0,4,0,50,0,0,0,9,0,0,0,0,0,0,0,0,0,0,0,0,0,14,0,29,0,0,0,0,2,0,0,0,0,0,0,0,3,0,0,0,66,4,16,0,0,0,0
0,0,1,0,0,0,0,0,0,0,0,0,0,0,0,0,0,0,0,0,0,1,0,0,0,0,0,0,0,0,0,0,0,0,0,0,0,0,0,0,0,0,0,0,3,0,1,0,4,0,0,0,0,0,0,0,0,0,0,0,0,0,0,0,0,0,0,0,131,0,9,0,53,0,20,0,0,0,34,0,0,0,36,0,33,0,29,0,0,0,11,0,45,0,0,0,28,0,12,0,0,0,73,0,54,0,28,0,14,0,3,0,5,0,14,0,6,0,0,0,13,0,0,0,0,0,0,0,0,0,0,0,0,0,0,0,0,0,0,0,0,0,0,0,0,0,0,0,0,0,0,0,0,0,0,0,0,0,0,0,0,0,0,0,1,0,0,0,27,0,1,0,2,0,0,0,0,0,0,0,0,0,0,0,0,0,0,0,71,0,0,0,0,0,24,0,0,0,0,0,0,0,0,0,80,0,0,0,0,0,49,0,27,3,2,33,20,0,0,0,0,0,0,0,0
0,0,0,0,0,0,0,0,0,0,0,0,0,0,0,0,0,0,0,0,0,0,0,0,0,1,0,0,0,0,0,0,0,0,0,0,0,0,0,0,0,0,0,0,0,0,0,0,0,0,0,0,0,0,0,0,0,0,0,0,0,0,0,0,0,0,0,0,0,84,0,50,0,95,0,27,0,0,0,17,0,10,0,73,0,0,0,206,0,102,0,0,0,132,0,52,0,0,0,0,0,9,0,181,0,18,0,0,0,57,0,0,0,0,0,2,0,90,0,0,0,0,0,2,0,0,0,0,0,0,0,0,0,0,0,0,0,0,0,0,0,1,0,0,0,0,0,0,0,0,0,0,2,0,0,0,0,0,0,0,0,3,0,6,0,20,0,0,0,120,0,7,0,1,0,3,0,0,0,0,0,0,0,0,0,0,0,0,0,0,0,9,0,0,0,40,0,6,0,0,0,0,0,0,0,0,0,0,0,0,0,0,0,0,12,0,0,0,71,0,52,0,8,1,0
0,0,0,0,0,0,0,0,0,0,0,0,0,0,0,0,0,0,0,0,0,0,0,0,0,0,0,0,0,0,0,0,0,0,0,0,0,0,0,0,0,0,0,0,0,0,0,0,12,0,0,0,0,0,0,0,0,0,0,0,0,0,0,0,0,0,0,0,76,0,101,0,228,0,116,0,34,0,0,0,25,0,60,0,61,0,73,0,0,0,16,0,11,0,0,0,40,0,12,0,3,0,23,0,24,0,0,0,4,0,0,0,0,0,2,0,4,0,1,0,79,0,31,0,0,0,0,0,0,0,0,0,0,0,0,0,0,0,0,0,0,0,0,0,0,0,0,0,0,0,0,0,0,0,0,0,0,0,0,0,0,0,0,0,2,0,0,0,36,0,0,0,0,0,0,0,0,0,0,0,0,0,0,0,0,0,0,0,36,0,0,0,0,0,3,0,6,0,0,0,46,0,46,0,0,0,0,0,16,0,260,0,38,0,20,34,9,0,0,0,0,0,0,0,0
