0,209,67,158,113,0,27,155,34,0,182,0,79,0,0,104,32,59,10,0,0,0,36,185,8,280,24,0,88,0,10,0,124,0,0,0,40,0,241,0,0,0,0,0,0,0,0,0,9,0,0,0,0,0,1,0,0,0,0,0,69,0,89,0,5,0,3,0,0,0,0,0,0,0,0,0,0,0,0,0,0,0,0,0,0,0,0,0,0,0,0,0,0,0,0,0,0,0,0,0,0,0,0,0,0,0,0,0,0,0,0,0,0,0,0,0,0,0,0,0,0,0,0,0,0,0,0,0,0,0,0,0,0,0,4,0,0,0,0,0,0,0,0,0,0,0,0,0,0,0,0,0,0,0,0,0,0,0,0,0,0,0,0,0,0,0,27,0,38,0,0,0,321,0,0,0,436,121,17,0,0,0,48,0,5,0,0,0,0,0,0,0,0,0,0,0,0,0,0,0,0,0,0,0,0,0,0,0,1,0,480,348,303,0,268,0,0,0,0,0,0,0,0,0,0
209,0,262,61,0,144,84,75,51,40,0,157,0,66,10,27,128,13,0,31,13,11,297,0,319,13,0,144,26,138,0,0,0,180,0,0,2,167,28,452,0,23,1,0,0,36,0,68,0,9,0,11,0,11,0,12,0,3,0,8,0,112,22,78,0,31,0,12,0,0,0,0,0,0,0,0,0,0,0,0,0,0,0,0,0,32,0,0,0,0,0,0,0,0,0,0,0,0,0,0,0,0,0,0,0,0,0,0,0,0,0,0,0,0,0,0,0,0,0,0,0,36,0,0,0,0,0,0,0,0,0,26,0,6,0,104,0,64,0,0,0,0,0,0,0,0,0,0,0,21,0,19,0,0,0,0,0,0,0,0,0,0,0,0,0,7,0,60,0,38,0,28,0,232,0,38,85,607,3,7,0,0,12,3,0,99,0,0,0,0,0,0,0,0,0,0,0,0,0,0,0,0,0,0,0,0,0,0,0,45,9,0,0,0,399,0,0,0,721,303,304,0,0,0,0
67,262,0,0,243,0,67,0,8,0,55,50,60,0,63,136,37,0,40,0,22,0,199,129,81,161,48,0,235,0,88,0,240,0,0,0,57,0,246,0,25,0,0,0,0,0,0,0,10,0,0,0,0,0,50,0,0,0,0,0,37,0,68,0,7,0,5,0,0,0,0,0,0,0,0,0,0,0,0,0,0,0,0,0,0,0,0,0,0,0,0,0,0,0,0,0,0,0,0,0,0,0,0,0,0,0,0,0,0,0,0,0,0,0,0,0,0,0,1,0,0,0,0,0,11,0,51,0,0,0,39,0,0,0,188,0,0,0,0,0,0,0,76,0,0,0,140,0,18,0,49,0,50,0,0,0,0,0,0,0,8,0,0,0,0,0,128,0,40,0,0,0,430,0,4,0,146,107,0,0,0,0,10,0,18,0,0,0,0,0,0,0,0,0,1,0,0,0,29,0,188,0,2,0,0,0,0,0,60,0,657,191,400,269,460,0,23,0,0,0,0,0,0,0,0
158,61,0,0,0,202,0,113,0,10,78,26,0,0,35,141,39,29,0,155,26,36,213,91,46,45,0,60,0,249,14,0,0,293,0,0,0,92,0,231,0,0,0,0,0,0,0,0,0,0,0,0,0,0,0,29,0,12,0,0,0,0,0,3,0,2,0,0,0,0,0,0,0,0,0,0,0,0,0,0,0,0,0,0,0,48,0,0,0,0,0,0,0,0,0,0,0,0,0,0,0,0,0,0,0,0,0,0,0,0,0,0,0,0,0,0,0,0,0,0,0,0,0,0,0,0,0,0,0,0,0,10,0,23,0,215,0,175,3,31,5,49,0,0,0,0,0,0,0,0,0,8,0,0,0,16,0,0,0,0,0,6,0,3,0,6,0,134,0,14,0,19,0,123,0,0,39,99,0,0,0,0,10,0,0,0,0,0,0,0,0,0,0,0,0,0,0,0,0,0,0,0,0,0,0,0,0,0,0,31,5,0,0,0,212,0,0,0,302,75,252,108,0,6,0
113,0,243,0,0,294,23,0,82,0,141,191,511,101,95,401,0,13,152,288,94,0,26,155,1,11,205,0,34,0,265,0,269,0,426,0,293,0,0,0,184,0,0,0,53,0,159,0,0,0,61,0,0,0,0,0,0,0,0,0,0,0,0,0,0,0,10,0,0,0,0,0,0,0,0,0,0,0,0,0,0,0,0,0,0,0,0,0,0,0,0,0,0,0,0,0,0,0,0,0,0,0,0,0,0,0,0,0,0,0,0,0,0,0,0,0,0,0,0,0,0,0,0,0,0,0,0,0,0,0,0,0,0,0,51,0,0,0,0,0,0,0,0,0,0,0,81,0,16,0,0,0,27,0,0,0,0,0,0,0,0,0,0,0,63,0,328,0,72,0,5,0,86,0,6,0,482,160,119,0,4,0,69,0,49,0,0,2,0,0,0,0,0,0,0,0,0,0,0,0,39,0,0,0,0,0,0,0,18,0,525,466,515,0,211,0,0,0,0,0,0,0,0,0,0
0,144,0,202,294,0,0,120,0,20,194,121,0,296,489,65,0,0,136,220,194,172,147,38,0,12,0,486,0,39,0,120,10,251,0,157,17,124,0,0,0,117,0,0,0,81,0,240,0,5,0,0,0,16,0,6,0,0,0,0,0,0,0,0,0,27,0,0,0,0,0,0,0,0,0,0,0,0,0,0,0,0,0,0,0,0,0,0,0,17,0,0,0,0,0,0,0,0,0,0,0,0,0,0,0,0,0,0,0,0,0,0,0,0,0,0,0,0,0,0,0,0,0,0,0,0,0,0,0,0,0,0,0,0,0,0,0,155,0,0,0,0,0,0,0,0,0,0,0,0,0,0,0,0,0,0,0,0,0,0,0,0,0,0,0,36,0,264,0,37,0,0,0,77,0,0,124,364,25,21,0,0,0,0,0,21,0,11,0,0,0,0,0,0,0,0,0,0,0,0,0,0,0,0,0,0,0,0,0,41,14,0,0,0,208,0,0,0,409,246,331,97,0,0,0
27,84,67,0,23,0,0,148,59,215,30,0,0,0,0,2,5,0,0,0,0,0,18,4,171,155,0,0,54,0,0,0,0,0,0,0,0,0,0,0,0,0,0,0,0,0,0,0,21,0,4,0,0,46,246,94,11,0,12,15,141,0,237,0,15,0,29,15,0,0,0,0,0,0,0,0,0,0,0,0,0,0,2,0,0,0,0,0,0,0,0,0,0,0,0,0,3,0,0,0,0,0,0,0,0,0,0,0,0,0,0,0,0,0,0,0,1,0,1,0,0,0,0,0,13,0,49,0,0,0,56,0,4,0,18,0,7,0,0,0,0,0,0,0,0,0,39,0,7,0,26,0,0,1,0,0,22,0,3,0,13,0,0,0,0,0,0,0,72,0,222,0,377,0,0,0,129,49,0,0,0,0,0,25,10,0,0,0,0,0,0,0,0,0,0,0,0,0,0,0,0,0,0,0,0,0,0,0,31,0,911,163,354,496,845,0,103,0,0,0,0,3,0,0,0
155,75,0,113,0,120,148,0,190,44,0,62,0,21,0,27,0,15,0,0,4,0,0,24,309,76,0,0,21,152,0,0,0,0,0,0,0,0,0,324,0,0,0,0,0,7,0,0,0,0,0,0,0,0,0,66,0,8,0,12,0,182,81,295,0,0,0,0,0,0,0,0,0,0,0,0,0,0,0,0,0,7,0,0,0,0,0,0,0,0,0,0,0,0,0,0,0,4,0,0,0,0,0,0,0,0,0,7,0,0,0,0,0,0,0,0,0,0,0,0,0,0,0,0,0,0,0,3,0,25,0,58,0,23,0,152,0,140,0,11,1,18,0,41,0,0,0,0,0,6,0,0,0,3,0,11,0,0,0,0,0,19,0,0,0,0,0,8,0,49,1,66,0,246,0,0,48,125,0,0,0,0,21,1,0,0,0,0,0,0,0,0,0,0,0,0,0,2,0,0,0,9,0,0,0,0,0,0,0,43,5,0,0,0,703,0,0,0,706,87,321,456,11,116,0
34,51,8,0,82,0,59,190,0,351,44,0,46,0,16,0,18,0,9,0,4,0,0,0,25,234,30,0,14,0,0,0,0,0,0,0,0,0,0,0,31,0,0,0,0,0,31,0,4,0,0,0,88,78,58,243,15,0,126,0,233,0,361,62,146,0,66,23,2,0,0,0,0,0,0,0,0,0,0,0,0,0,0,0,0,0,0,0,1,0,0,0,0,0,0,0,0,0,0,0,0,0,0,0,0,0,0,0,0,0,0,0,0,0,0,0,0,0,0,0,0,0,0,0,6,0,44,0,0,0,60,0,0,0,28,0,0,0,0,0,0,0,2,0,0,0,129,0,47,0,0,0,22,0,0,3,19,0,0,0,19,0,0,0,0,0,0,0,45,0,130,0,114,0,3,0,477,97,5,0,0,0,6,10,144,11,0,0,0,0,0,0,0,0,0,0,1,0,0,0,0,0,0,0,0,0,0,0,37,0,567,184,134,0,306,0,0,0,2,0,0,1,0,0,0
0,40,0,10,0,20,215,44,351,0,0,40,0,0,0,0,31,0,0,0,0,0,4,0,248,8,0,0,0,0,0,0,0,2,0,0,0,0,0,0,0,0,0,0,0,0,0,16,0,0,0,0,134,78,353,137,34,37,102,124,0,142,160,208,0,200,13,133,0,0,0,0,0,0,0,0,0,0,0,0,0,0,0,0,0,7,0,0,0,0,0,0,0,0,0,0,0,3,0,0,0,0,0,0,0,0,0,0,0,0,0,0,0,0,0,0,0,0,0,0,0,0,0,0,0,39,0,0,0,0,0,120,0,0,0,139,0,85,0,0,0,0,0,0,0,0,0,27,0,80,0,89,0,45,3,12,0,0,0,1,0,9,0,0,0,0,0,0,0,31,0,76,0,95,0,0,72,467,0,0,0,0,8,0,13,62,0,0,0,0,0,0,0,0,0,0,0,2,0,0,0,34,0,0,0,0,0,15,0,152,5,0,0,0,377,0,0,0,547,87,160,251,12,59,0
182,0,55,78,141,194,30,0,44,0,0,0,294,0,0,348,1,0,12,59,15,0,0,112,0,0,36,0,0,0,53,0,97,0,70,0,95,0,0,0,88,0,0,0,21,0,55,0,6,0,0,0,0,0,2,0,0,0,0,0,0,0,0,0,7,0,6,0,0,0,0,0,0,0,0,0,0,0,0,0,0,0,0,0,0,0,0,0,0,0,0,0,0,0,0,0,0,0,0,0,0,0,0,0,0,0,0,0,0,0,0,0,0,0,0,0,0,0,0,0,0,0,0,0,0,0,0,0,0,0,0,0,0,0,0,0,0,0,0,0,0,0,0,0,0,0,0,0,6,0,6,0,0,0,0,0,0,0,0,0,0,0,0,0,0,0,84,0,26,0,1,0,0,0,10,0,385,81,51,0,6,0,38,0,0,0,5,0,0,0,0,0,0,0,0,0,0,0,0,0,0,0,0,0,0,0,0,0,0,0,168,182,130,0,0,0,0,0,0,2,0,0,0,0,0
0,157,50,26,191,121,0,62,0,40,0,0,0,375,268,6,27,2,58,0,130,78,199,20,0,0,0,265,3,81,22,50,0,496,0,101,7,138,0,74,0,204,0,0,0,66,0,219,0,21,3,0,0,4,0,0,0,0,0,3,0,0,0,0,0,19,0,1,0,0,0,0,0,0,0,0,0,0,0,0,0,0,0,0,0,0,0,0,0,0,0,0,0,0,0,0,0,4,0,0,0,0,0,0,0,0,0,0,0,0,0,0,0,0,0,0,0,0,0,1,0,0,0,1,0,0,0,0,0,0,0,0,0,6,0,0,0,35,0,0,0,0,0,0,0,0,0,0,0,9,0,0,0,38,0,3,0,0,0,0,0,0,0,0,0,5,0,87,0,13,0,0,0,37,0,120,87,506,9,39,0,94,0,0,0,88,0,7,0,0,0,0,0,0,0,0,0,1,0,0,0,0,0,0,0,0,0,0,0,45,0,0,0,0,54,0,0,0,241,139,78,0,0,0,0
79,0,60,0,511,0,0,0,46,0,294,0,0,192,34,54,0,0,138,527,41,151,0,0,0,0,255,295,0,0,0,0,0,0,197,0,0,0,0,0,277,50,177,91,55,0,162,84,26,0,282,0,0,0,0,0,0,0,0,0,1,0,0,0,0,0,0,0,0,0,0,0,0,0,0,0,0,0,0,0,0,0,0,0,0,0,0,0,0,0,0,0,0,0,0,0,0,0,0,0,0,0,0,0,0,0,0,0,0,0,0,0,0,0,0,0,0,0,0,0,0,0,0,0,0,0,0,0,0,0,0,0,0,0,0,0,0,0,0,0,0,0,0,0,0,0,0,0,11,0,0,0,0,0,0,0,0,0,0,0,0,0,0,0,64,0,10,0,0,0,0,0,0,0,0,0,273,55,126,0,0,0,40,0,12,0,310,0,0,0,0,0,0,0,0,0,0,0,0,0,0,0,0,0,0,0,0,0,11,0,0,183,94,10,0,0,0,10,0,0,0,0,0,0,0
0,66,0,0,101,296,0,21,0,0,0,375,192,0,74,0,0,0,499,149,131,153,0,0,0,0,488,140,0,0,0,59,0,65,0,232,0,45,0,0,0,231,101,338,55,91,55,300,0,53,77,332,0,0,0,0,0,0,0,0,0,2,0,8,0,13,0,0,0,0,0,0,0,2,0,0,0,0,0,0,0,0,0,0,0,0,0,0,0,0,0,0,0,0,0,0,0,0,0,0,0,0,0,0,0,0,0,0,0,0,0,0,0,0,0,0,0,0,0,0,0,21,0,0,0,0,0,0,0,0,0,0,0,0,0,0,0,23,0,0,0,0,0,0,0,0,0,0,0,0,0,0,0,6,0,0,0,0,0,0,0,0,0,0,0,61,0,52,0,35,0,0,0,0,0,0,47,436,0,14,0,45,0,6,0,23,18,100,0,0,0,0,0,0,0,0,0,0,0,0,0,0,0,0,0,0,0,0,0,0,4,0,0,0,36,0,0,0,0,253,248,0,0,0,0
0,10,63,35,95,489,0,0,16,0,0,268,34,74,0,424,4,0,169,264,116,111,191,82,4,0,266,0,0,0,141,32,47,80,142,0,54,0,0,0,26,0,5,0,3,0,19,0,0,0,15,0,0,0,0,0,0,0,0,0,0,0,1,0,0,0,1,0,0,0,0,0,0,0,0,0,0,0,0,0,0,0,0,0,0,0,0,0,0,0,0,0,0,0,0,0,0,0,0,0,0,0,0,0,0,0,0,0,0,0,0,0,0,0,0,0,0,0,0,0,0,0,0,0,0,0,15,0,0,0,0,0,2,1,51,0,0,0,0,0,0,0,58,0,0,0,26,0,9,0,24,0,31,0,0,0,0,0,0,0,0,0,0,0,24,0,89,0,12,0,0,0,8,0,4,0,128,81,9,0,2,0,17,0,27,0,0,0,0,0,0,0,0,0,0,0,0,0,0,0,0,0,0,0,0,0,0,0,0,0,86,220,102,0,36,0,0,0,0,0,0,0,0,0,0
104,27,136,141,401,65,2,27,0,0,348,6,54,0,424,0,40,5,46,412,146,225,327,88,0,36,0,151,0,0,36,66,27,79,0,57,0,88,0,5,0,0,0,55,0,20,0,0,0,0,0,50,0,0,0,23,0,31,0,0,0,0,0,27,0,0,0,0,0,0,0,0,0,0,0,0,0,0,0,0,0,118,0,0,0,196,0,0,0,0,0,0,0,0,0,0,0,81,0,0,0,0,0,0,0,0,0,0,0,0,0,0,0,0,0,0,0,0,0,0,0,0,0,0,0,0,0,0,0,0,0,0,0,18,0,273,0,150,0,84,0,92,0,362,0,0,0,0,0,0,0,0,0,0,0,54,0,0,0,7,0,0,0,0,0,0,0,126,0,33,0,10,0,29,0,0,65,86,24,0,0,0,0,0,0,0,0,0,0,0,0,0,0,0,0,0,0,0,0,0,0,35,0,0,0,0,0,0,0,0,0,0,0,0,48,0,0,0,146,237,101,0,0,0,0
32,128,37,39,0,0,5,0,18,31,1,27,0,0,4,40,0,32,22,0,124,0,74,86,34,142,99,0,146,5,38,0,75,0,0,0,9,12,167,19,13,0,24,0,19,0,0,0,0,0,16,0,90,0,13,0,0,0,0,0,10,0,255,0,0,0,0,0,0,0,0,0,0,0,0,0,0,0,0,0,177,0,0,0,306,0,88,0,0,0,0,0,0,0,0,0,595,0,221,0,0,0,0,0,0,0,0,0,0,0,0,0,0,0,0,0,2,0,0,0,106,0,103,0,0,0,0,0,23,0,0,0,17,0,59,0,226,0,59,0,185,0,456,0,0,1,0,0,0,0,0,0,0,0,40,0,0,0,23,0,0,0,0,0,0,0,20,0,26,0,0,0,113,0,0,0,15,23,0,0,0,0,0,0,1,0,0,0,0,0,0,0,0,0,0,0,0,0,0,0,57,0,0,0,0,0,0,0,0,0,56,148,89,46,50,0,0,0,3,0,0,0,0,0,0
59,13,0,29,13,0,0,15,0,0,0,2,0,0,0,5,32,0,0,9,3,61,47,90,0,75,0,0,6,48,0,9,0,65,0,8,0,13,10,143,0,0,0,0,0,0,0,0,0,0,0,6,0,22,0,7,0,18,0,0,0,5,0,158,0,0,0,0,0,0,0,0,0,0,0,0,0,0,0,0,0,57,0,0,0,0,0,0,0,0,0,0,0,0,0,0,0,24,0,0,0,0,0,0,0,0,0,0,0,0,0,0,0,0,0,0,0,0,0,0,0,19,0,0,0,0,0,0,0,63,0,0,0,19,0,44,0,55,0,161,0,202,0,454,0,0,0,0,0,0,0,0,0,0,0,25,0,0,0,17,0,0,0,1,0,0,0,5,0,0,0,2,0,24,0,0,0,0,0,0,0,0,5,0,0,0,0,0,0,0,0,0,0,0,0,0,0,0,0,0,0,0,0,0,0,0,0,0,0,0,0,0,0,0,0,0,0,0,13,140,40,0,0,7,0
10,0,40,0,152,136,0,0,9,0,12,58,138,499,169,46,22,0,0,627,89,225,168,0,0,0,269,243,12,0,40,46,0,0,235,104,30,0,0,0,18,33,26,64,17,0,7,0,0,0,112,108,0,0,0,0,0,0,0,0,0,0,0,0,0,0,1,0,0,0,0,0,0,0,0,0,0,0,0,0,0,0,0,0,0,0,23,0,0,0,0,0,0,0,0,0,0,0,0,0,0,0,0,0,0,0,0,0,0,0,0,0,0,0,0,0,0,0,0,0,0,0,0,0,0,0,0,0,0,0,0,0,0,0,0,0,0,0,0,0,0,0,0,0,0,0,9,0,0,0,0,0,14,0,0,0,0,0,0,0,0,0,0,0,73,0,0,0,20,0,0,0,5,0,5,0,123,44,14,0,0,0,8,0,0,0,43,7,0,0,0,0,0,0,0,0,0,0,0,0,0,0,0,0,0,0,0,0,0,0,37,248,82,0,0,0,0,0,0,10,0,0,0,0,0
0,31,0,155,288,220,0,0,0,0,59,0,527,149,264,412,0,9,627,0,209,304,0,141,0,26,229,422,0,10,0,104,0,28,61,215,0,44,0,0,0,0,62,69,0,41,0,45,0,0,61,145,0,0,0,0,0,0,0,0,0,0,0,50,0,7,0,1,0,0,0,8,0,0,0,0,0,0,0,0,0,0,0,0,0,0,0,0,0,0,0,0,0,0,0,0,0,126,0,0,0,0,0,0,0,0,0,0,0,0,0,0,0,0,0,0,0,0,0,0,0,0,0,0,0,0,0,0,0,0,0,0,0,0,0,290,0,188,0,40,0,0,0,0,0,0,0,0,0,0,0,7,0,0,0,30,0,0,0,0,0,0,0,0,0,0,0,56,0,53,0,27,0,28,0,0,47,156,0,2,0,0,0,1,0,49,0,8,0,0,0,0,0,0,0,0,0,0,0,0,0,0,0,0,0,0,0,0,0,0,4,0,0,0,72,0,0,0,155,248,212,0,7,0,0
0,13,22,26,94,194,0,4,4,0,15,130,41,131,116,146,124,3,89,209,0,94,176,33,9,0,180,0,76,0,80,25,50,30,114,0,52,15,8,3,0,0,15,0,16,0,1,0,0,0,96,32,8,0,0,0,0,0,0,0,0,0,43,0,0,0,0,0,0,0,55,0,0,0,57,0,0,0,0,0,369,0,0,0,262,0,219,0,0,0,0,0,0,0,0,0,373,0,476,0,0,0,0,0,0,0,0,0,0,0,0,0,0,0,0,0,0,0,0,0,318,0,105,0,0,0,0,0,0,0,0,0,0,0,0,0,67,0,30,0,89,0,268,0,53,0,0,0,0,0,2,0,0,0,0,0,0,0,8,0,0,0,9,0,99,0,85,0,76,0,0,0,15,0,0,0,0,10,18,0,0,0,0,0,0,0,4,0,0,0,0,0,0,0,0,0,0,0,0,0,0,0,0,0,0,0,0,0,0,0,143,381,165,0,53,0,11,0,0,0,0,0,0,0,0
0,11,0,36,0,172,0,0,0,0,0,78,151,153,111,225,0,61,225,304,94,0,0,227,0,26,79,220,0,86,0,16,0,54,0,71,0,26,0,10,15,0,0,64,0,68,0,15,0,9,24,77,0,14,0,10,0,10,0,0,0,0,0,84,0,0,0,0,0,0,0,0,0,1,0,0,0,15,0,0,0,122,0,0,0,0,0,40,0,0,0,0,0,0,0,0,0,0,0,0,0,0,0,0,0,0,0,0,0,0,0,0,0,0,0,0,0,0,0,0,0,51,0,0,0,0,0,0,0,0,0,0,0,0,0,0,0,0,0,195,0,518,0,475,0,58,0,0,0,0,0,0,0,0,0,18,0,0,0,0,0,0,0,0,0,15,0,68,0,30,0,0,0,19,0,0,0,85,0,6,0,0,0,0,0,0,0,7,0,0,0,0,0,0,0,0,0,0,0,0,0,0,0,0,0,0,0,0,0,0,0,0,0,0,31,0,0,0,96,261,108,21,0,0,0
36,297,199,213,26,147,18,0,0,4,0,199,0,0,191,327,74,47,168,0,176,0,0,271,76,149,235,0,64,0,35,3,72,0,0,0,16,0,51,0,58,0,25,0,20,0,67,0,0,0,34,0,0,0,216,1,19,0,0,0,0,0,15,0,0,0,0,0,0,0,0,0,0,0,0,0,0,0,0,0,0,0,0,0,208,0,0,0,0,0,0,0,0,0,0,0,453,0,0,0,0,1,0,0,0,0,0,0,0,0,0,0,0,0,0,0,0,0,0,0,0,0,0,1,0,0,0,0,0,0,0,0,30,0,247,0,225,0,0,0,60,0,467,0,0,0,26,0,3,0,14,0,17,0,29,0,0,0,23,0,0,0,0,0,0,0,61,0,32,0,0,0,67,0,3,0,76,72,0,0,0,0,3,0,8,0,0,0,0,0,0,0,0,0,0,0,0,0,0,0,333,0,0,0,0,0,0,0,0,0,152,289,126,31,68,0,0,0,0,0,0,0,0,0,0
185,0,129,91,155,38,4,24,0,0,112,20,0,0,82,88,86,90,0,141,33,227,271,0,0,46,0,56,18,95,21,16,31,83,0,25,12,50,0,51,0,0,0,0,0,0,0,0,0,0,0,31,0,18,0,4,0,10,0,0,0,3,0,74,0,0,0,0,0,0,0,4,0,0,0,0,0,0,0,0,0,115,0,0,0,138,0,0,0,0,0,0,0,0,0,0,0,66,0,76,0,80,0,0,0,0,0,0,0,0,0,0,0,0,0,0,0,0,0,0,0,43,0,0,0,0,0,0,0,0,0,0,0,0,0,62,0,33,0,42,0,103,0,388,0,0,0,0,0,0,0,0,0,0,0,19,0,0,0,0,0,0,0,5,0,16,0,73,0,26,0,5,0,26,0,0,21,57,0,0,0,0,0,0,0,0,0,0,0,0,0,0,0,0,0,0,0,0,0,0,0,0,0,0,0,0,0,0,0,0,0,0,3,0,56,0,0,0,104,560,88,0,0,0,0
8,319,81,46,1,0,171,309,25,248,0,0,0,0,4,0,34,0,0,0,9,0,76,0,0,469,0,0,23,0,3,0,0,0,0,0,0,0,32,0,7,0,16,0,0,0,0,0,0,0,0,0,71,18,251,33,33,0,0,0,9,0,56,87,0,0,0,0,0,0,0,0,0,0,0,0,0,0,0,0,0,0,0,0,80,0,0,0,0,0,0,0,0,0,0,0,168,0,0,0,0,0,0,0,0,0,0,0,0,0,0,0,0,0,0,0,0,0,0,0,0,0,0,0,0,0,0,0,55,0,0,0,31,0,167,0,271,0,0,0,0,0,344,0,0,0,0,0,0,0,0,0,6,0,30,0,0,0,0,0,0,0,0,0,0,0,0,0,0,0,12,0,66,0,1,0,46,67,0,0,0,0,0,30,0,0,0,0,0,0,0,0,0,0,0,0,0,0,10,0,158,0,0,0,0,0,0,0,12,0,64,213,57,51,76,0,0,0,0,0,0,0,0,0,0
280,13,161,45,11,12,155,76,234,8,0,0,0,0,0,36,142,75,0,26,0,26,149,46,469,0,0,0,32,27,0,0,11,0,0,0,0,8,38,67,0,0,2,0,0,0,0,0,0,0,0,0,0,42,28,49,0,86,0,0,0,17,134,148,0,0,0,0,0,1,0,0,0,0,0,0,0,0,0,0,0,0,0,0,0,74,0,0,0,23,0,0,0,0,0,37,0,33,1,27,0,26,0,0,0,0,0,0,0,0,0,0,0,0,0,0,0,0,0,0,0,0,0,0,0,0,0,0,0,23,0,0,0,17,0,127,0,103,0,83,0,91,0,255,0,0,0,0,0,0,0,0,0,0,3,58,0,0,0,0,0,0,0,1,0,0,0,0,0,12,0,0,0,31,0,0,32,54,0,0,0,0,34,13,0,0,0,0,0,0,0,0,0,0,0,0,0,0,0,0,0,15,0,0,0,0,0,0,0,0,0,0,0,0,37,0,0,0,21,338,38,33,0,0,1
24,0,48,0,205,0,0,0,30,0,36,0,255,488,266,0,99,0,269,229,180,79,235,0,0,0,0,515,90,0,41,0,0,0,28,0,66,0,29,0,69,302,253,193,150,143,37,275,31,22,177,110,0,0,0,0,0,0,0,0,0,0,0,0,0,0,0,0,0,0,51,0,0,0,49,0,0,0,0,0,224,0,0,0,0,0,0,0,0,0,0,0,0,0,0,0,0,0,0,0,0,0,0,0,0,0,0,0,0,0,0,0,0,0,0,0,0,0,0,0,0,0,0,0,0,0,0,0,0,0,0,0,0,0,0,0,0,0,0,0,70,0,0,0,0,0,22,0,0,0,0,0,0,0,0,0,0,0,0,0,0,0,0,0,65,0,0,0,0,0,0,0,0,0,0,0,59,41,10,0,0,0,18,0,43,0,114,0,0,0,0,0,0,0,0,0,0,0,0,0,0,0,0,0,0,0,0,0,0,0,0,305,145,0,0,0,0,25,0,19,0,0,0,0,0
0,144,0,60,0,486,0,0,0,0,0,265,295,140,0,151,0,0,243,422,0,220,0,56,0,0,515,0,0,0,0,22,0,0,0,186,0,25,0,0,216,14,147,429,51,203,84,118,0,47,0,401,0,12,0,0,0,0,0,0,0,0,0,36,0,19,0,0,0,0,0,0,0,0,0,0,0,0,0,0,0,350,0,0,0,0,0,0,0,0,0,0,0,0,0,0,0,114,0,0,0,0,0,0,0,0,0,0,0,0,0,0,0,0,0,0,0,0,0,0,0,156,0,0,0,0,0,0,0,0,0,0,0,0,0,210,0,144,0,0,0,213,0,655,0,0,0,0,0,16,0,0,0,0,0,17,0,0,1,0,0,0,0,0,0,106,0,33,0,105,0,0,0,13,0,0,0,113,0,7,0,0,0,0,0,58,0,31,0,0,0,0,0,0,0,0,0,0,0,0,0,0,0,0,0,0,0,0,0,0,0,2,0,0,58,0,0,0,125,303,369,50,0,0,2
88,26,235,0,34,0,54,21,14,0,0,3,0,0,0,0,146,6,12,0,76,0,64,18,23,32,90,0,0,0,65,0,72,0,71,0,61,0,6,0,0,0,65,0,47,0,0,0,0,0,34,0,18,0,0,0,0,0,0,0,7,0,38,0,0,0,0,0,0,0,7,0,0,0,6,0,0,0,0,0,44,0,0,0,0,0,34,0,0,0,0,0,0,0,0,0,0,0,0,0,0,0,0,0,0,0,0,0,0,0,0,0,0,0,0,0,0,0,0,0,80,0,45,0,0,0,0,0,5,0,0,0,5,0,0,0,50,0,59,0,72,0,134,0,0,0,0,0,0,0,0,0,0,0,3,0,0,0,7,0,0,0,0,0,0,0,0,0,0,0,0,0,2,0,0,0,12,0,0,0,0,0,1,0,0,0,0,0,0,0,0,0,0,0,0,0,0,0,0,0,0,0,0,0,0,0,0,0,0,0,5,46,0,0,0,0,0,0,0,0,0,0,0,0,0
0,138,0,249,0,39,0,152,0,0,0,81,0,0,0,0,5,48,0,10,0,86,0,95,0,27,0,0,0,0,0,74,0,55,0,65,0,17,0,8,0,0,0,0,0,4,0,0,0,0,0,11,0,3,0,0,0,2,0,0,0,0,0,28,0,0,0,0,0,0,0,0,0,0,0,0,0,0,0,0,0,29,0,0,0,0,0,0,0,0,0,0,0,0,0,12,0,0,0,0,0,0,0,0,0,0,0,0,0,0,0,0,0,0,0,0,0,0,0,0,0,0,0,0,0,0,0,0,0,0,0,0,0,0,0,0,0,0,0,106,0,186,0,188,0,6,0,0,0,0,0,0,0,0,0,10,0,0,0,15,0,0,0,0,0,0,0,5,0,0,0,0,0,0,0,0,0,30,0,37,0,0,0,0,0,0,0,0,0,0,0,0,0,0,0,0,0,0,0,0,0,0,0,0,0,0,0,0,0,0,0,0,0,0,0,0,0,0,0,39,0,0,0,0,0
10,0,88,14,265,0,0,0,0,0,53,22,0,0,141,36,38,0,40,0,80,0,35,21,3,0,41,0,65,0,0,0,11,0,13,0,17,0,11,2,0,0,34,0,9,0,0,0,0,0,29,0,0,0,0,0,0,0,0,0,0,0,22,0,0,0,0,0,0,0,25,0,0,0,13,0,0,0,0,0,0,0,0,0,0,0,54,0,0,0,0,0,0,0,0,0,0,0,0,0,0,0,0,0,0,0,0,0,0,0,0,0,0,0,0,0,0,0,0,0,79,0,0,0,0,0,0,0,0,0,0,0,0,0,0,0,0,0,19,0,0,0,117,0,9,0,0,0,0,0,0,0,0,0,3,0,0,0,0,0,0,0,0,0,0,0,23,0,0,0,0,0,0,0,0,0,0,2,13,0,0,0,0,0,0,0,0,0,0,0,0,0,0,0,0,0,0,0,0,0,0,0,0,0,0,0,0,0,0,0,38,101,22,0,10,0,0,0,0,0,0,0,0,0,0
0,0,0,0,0,120,0,0,0,0,0,50,0,59,32,66,0,9,46,104,25,16,3,16,0,0,0,22,0,74,0,0,0,2,0,25,0,10,0,15,0,0,0,27,0,21,2,0,0,0,4,18,0,0,0,0,0,0,0,0,0,0,0,16,0,0,0,0,0,0,0,0,0,0,0,0,0,0,0,0,0,0,0,0,0,0,0,0,0,0,0,0,0,0,0,0,0,0,0,0,0,0,0,0,0,0,0,0,0,0,0,0,0,0,0,0,0,0,0,0,0,0,0,0,0,0,0,0,0,0,0,0,0,0,0,0,0,0,0,25,0,78,0,0,0,0,0,0,0,0,0,0,0,0,0,0,0,0,0,0,0,0,0,1,0,0,0,9,0,0,0,1,0,5,0,0,0,20,0,7,0,0,0,0,0,0,0,2,0,0,0,0,0,0,0,0,0,0,0,0,0,0,0,0,0,0,0,0,0,0,0,0,0,0,6,0,0,0,0,57,12,0,0,0,0
124,0,240,0,269,10,0,0,0,0,97,0,0,0,47,27,75,0,0,0,50,0,72,31,0,11,0,0,72,0,11,0,0,0,83,0,121,0,37,3,0,0,77,0,12,0,0,0,0,0,50,0,9,0,0,0,0,0,0,0,0,0,28,0,0,0,0,0,0,0,23,0,0,0,0,0,0,0,0,0,35,0,0,0,0,0,0,0,0,0,0,0,0,0,0,0,0,0,0,0,0,0,0,0,0,0,0,0,0,0,0,0,0,0,0,0,0,0,0,0,66,0,0,0,0,0,0,0,0,0,0,0,0,0,0,0,0,0,49,0,118,0,96,0,38,0,0,0,0,0,3,0,0,0,0,0,0,0,0,0,0,0,0,0,0,0,53,0,0,0,0,0,7,0,0,0,9,0,4,0,0,0,11,0,0,0,0,0,0,0,0,0,0,0,0,0,0,0,0,0,0,0,0,0,0,0,0,0,0,0,46,265,29,0,24,0,0,0,0,0,0,0,0,0,0
0,180,0,293,0,251,0,0,0,2,0,496,0,65,80,79,0,65,0,28,30,54,0,83,0,0,0,0,0,55,0,2,0,0,0,44,0,246,0,12,0,0,0,11,0,10,0,0,0,0,0,17,0,0,0,0,0,0,0,0,0,13,0,16,0,0,0,0,0,0,0,0,0,0,0,0,0,0,0,0,0,0,0,0,0,0,0,0,0,0,0,0,0,0,0,0,0,0,0,0,0,0,0,0,0,0,0,0,0,0,0,0,0,0,0,0,0,0,0,0,0,0,0,0,0,0,0,0,0,0,0,0,0,0,0,0,0,0,0,27,0,131,0,0,0,31,0,0,0,0,0,0,0,0,0,0,0,0,0,2,0,0,0,0,1,2,0,65,0,0,0,0,0,4,0,0,0,161,0,164,0,0,0,0,0,0,0,5,0,0,0,0,0,0,0,0,0,0,0,0,0,0,0,0,0,0,0,0,0,0,0,0,0,0,0,0,0,0,20,160,13,0,0,0,0
0,0,0,0,426,0,0,0,0,0,70,0,197,0,142,0,0,0,235,61,114,0,0,0,0,0,28,0,71,0,13,0,83,0,0,0,182,0,27,0,0,0,44,0,9,0,0,0,0,0,102,0,0,0,0,0,0,0,0,0,0,0,0,0,0,0,0,0,0,0,12,0,0,0,0,0,0,0,0,0,0,0,0,0,0,0,0,0,0,0,0,0,0,0,0,0,0,0,0,0,0,0,0,0,0,0,0,0,0,0,0,0,0,0,0,0,0,0,0,0,0,0,0,0,0,0,0,0,0,0,0,0,0,0,0,0,0,0,0,0,0,0,27,0,0,0,0,0,0,0,0,0,0,0,0,0,0,0,0,0,0,0,0,0,105,0,30,0,37,0,0,0,12,0,0,0,0,2,49,0,0,0,0,0,0,0,0,0,0,0,0,0,0,0,0,0,0,0,0,0,0,0,0,0,0,0,0,0,0,0,0,209,156,0,0,0,0,0,0,0,0,0,0,0,0
0,0,0,0,0,157,0,0,0,0,0,101,0,232,0,57,0,8,104,215,0,71,0,25,0,0,0,186,0,65,0,25,0,44,0,0,0,84,0,50,0,0,0,20,0,92,0,9,0,0,0,21,0,0,0,0,0,0,0,0,0,8,0,14,0,0,0,0,0,0,0,0,0,0,0,0,0,0,0,0,0,0,0,0,0,0,0,0,0,0,0,0,0,0,0,0,0,0,0,0,0,0,0,0,0,0,0,0,0,0,0,0,0,0,0,0,0,0,0,0,0,0,0,3,0,0,0,0,0,0,0,0,0,0,0,0,0,0,0,69,0,302,0,235,0,61,0,0,0,0,0,0,0,0,0,0,0,4,0,0,0,0,0,0,0,0,0,26,0,4,0,0,0,5,0,0,0,46,0,0,0,0,0,0,0,3,0,8,0,0,0,0,0,0,0,0,0,0,0,0,0,0,0,0,0,0,0,0,0,0,0,0,0,0,0,0,0,0,36,108,53,0,0,0,0
40,2,57,0,293,17,0,0,0,0,95,7,0,0,54,0,9,0,30,0,52,0,16,12,0,0,66,0,61,0,17,0,121,0,182,0,0,0,38,1,8,1,52,0,45,0,0,0,0,0,85,0,5,0,0,0,0,0,8,0,11,0,7,0,0,0,0,0,0,0,39,0,0,0,32,0,0,0,0,0,94,0,0,0,0,0,72,0,0,0,0,0,0,0,0,0,32,0,130,0,0,0,0,0,0,0,0,0,0,0,0,0,0,0,0,0,0,0,0,0,125,0,0,0,0,0,0,0,0,0,0,0,1,0,0,0,28,0,51,0,137,0,81,0,99,0,0,0,0,0,0,0,0,0,0,0,6,0,3,0,0,0,18,0,46,0,18,0,13,0,13,0,8,0,0,0,7,1,0,0,0,0,0,0,0,0,0,0,0,0,0,0,0,0,0,0,0,0,0,0,3,0,0,0,0,0,0,0,0,0,49,131,47,12,29,0,0,0,0,0,0,0,0,0,0
0,167,0,92,0,124,0,0,0,0,0,138,0,45,0,88,12,13,0,44,15,26,0,50,0,8,0,25,0,17,0,10,0,246,0,84,0,0,2,38,0,0,0,29,0,17,0,0,0,0,0,101,0,4,0,1,0,0,0,0,0,23,0,35,0,0,0,0,0,0,0,0,0,0,0,0,0,0,0,3,0,52,0,0,0,0,0,44,0,0,0,0,0,0,0,46,0,0,0,0,0,0,0,0,0,0,0,0,0,0,0,0,0,0,0,0,0,0,0,0,0,46,0,21,0,0,0,0,0,0,0,0,0,0,0,0,0,0,0,84,0,414,0,359,0,190,0,0,0,0,0,0,0,0,0,10,0,50,0,9,0,0,0,10,0,7,0,27,0,19,0,10,0,27,0,0,0,29,0,93,0,0,0,4,0,0,0,2,0,0,0,0,0,0,0,0,0,0,0,0,0,0,0,0,0,0,0,0,0,0,0,0,0,0,0,0,0,0,29,202,31,8,0,0,0
241,28,246,0,0,0,0,0,0,0,0,0,0,0,0,0,167,10,0,0,8,0,51,0,32,38,29,0,6,0,11,0,37,0,27,0,38,2,0,0,0,0,33,0,19,0,0,0,0,0,15,0,33,0,0,0,0,0,0,0,19,0,13,0,0,0,0,0,0,0,0,0,0,0,7,0,0,0,0,0,0,0,0,0,0,0,0,0,0,0,0,0,0,0,0,0,0,0,0,0,0,0,0,0,0,0,0,0,0,0,0,0,0,0,0,0,0,0,0,0,0,0,0,0,0,0,0,0,0,0,0,0,3,0,0,0,45,0,191,0,210,0,54,0,78,0,0,0,0,0,0,0,0,0,74,0,26,0,24,0,0,0,0,0,0,0,0,0,0,1,8,0,5,0,0,0,31,1,0,0,0,0,19,0,17,0,0,0,0,0,0,0,0,0,0,0,0,0,0,0,0,0,0,0,0,0,0,0,0,0,15,111,21,15,20,0,4,0,0,0,0,0,0,0,0
0,452,0,231,0,0,0,324,0,0,0,74,0,0,0,5,19,143,0,0,3,10,0,51,0,67,0,0,0,8,2,15,3,12,0,50,1,38,0,0,0,0,0,0,0,0,0,0,0,2,0,3,0,5,0,5,0,0,0,0,0,4,2,35,0,0,0,0,0,0,0,0,0,0,0,0,0,0,0,0,0,0,0,0,0,0,0,0,0,0,0,0,0,0,0,0,0,0,0,0,0,0,0,0,0,0,0,0,0,0,0,0,0,0,0,0,0,0,0,0,0,0,0,0,0,0,0,0,0,1,0,0,0,1,0,0,0,0,0,70,0,182,0,0,0,93,0,0,0,0,0,0,0,0,0,31,0,13,0,25,0,0,0,0,0,0,0,11,0,0,0,0,0,14,0,0,0,85,0,80,0,0,0,23,0,0,0,0,0,0,0,0,0,0,0,0,0,0,0,0,0,0,0,0,0,0,0,0,0,1,0,0,0,0,0,0,0,0,0,161,11,0,0,0,0
0,0,25,0,184,0,0,0,31,0,88,0,277,0,26,0,13,0,18,0,0,15,58,0,7,0,69,216,0,0,0,0,0,0,0,0,8,0,0,0,0,168,68,68,42,126,66,269,128,35,0,0,0,0,0,0,0,0,0,0,0,0,0,0,0,0,0,0,0,0,0,0,0,0,0,0,0,0,0,0,0,0,0,0,0,0,0,0,0,0,0,0,0,0,0,0,0,0,0,0,0,0,0,0,0,0,0,0,0,0,0,0,0,0,0,0,0,0,0,0,0,0,0,0,0,0,0,0,0,0,0,0,0,0,0,0,0,0,0,0,0,0,0,0,0,0,0,0,0,0,0,0,7,0,0,0,0,0,0,0,0,0,0,0,0,0,0,0,0,0,0,0,0,0,0,0,34,31,36,0,0,0,23,0,18,0,279,0,0,0,0,0,0,0,0,0,0,0,0,0,0,0,0,0,0,0,0,0,0,0,10,162,30,2,0,0,0,46,0,46,0,0,0,0,3
0,23,0,0,0,117,0,0,0,0,0,204,50,231,0,0,0,0,33,0,0,0,0,0,0,0,302,14,0,0,0,0,0,0,0,0,1,0,0,0,168,0,62,62,92,45,127,99,0,120,18,26,0,0,0,0,0,0,0,0,0,0,0,0,0,0,0,0,0,0,0,0,0,0,0,0,0,0,0,0,0,0,0,0,0,0,0,0,0,0,0,0,0,0,0,0,0,0,0,0,0,0,0,0,0,0,0,0,0,0,0,0,0,0,0,0,0,0,0,0,0,0,0,0,0,0,0,0,0,0,0,0,0,0,0,0,0,0,0,0,0,1,0,0,0,0,0,0,0,0,0,0,0,0,0,0,0,0,0,0,0,0,0,0,0,9,0,0,0,0,0,0,0,0,0,25,0,165,0,22,0,30,0,6,0,0,51,11,0,0,0,0,0,0,0,0,0,0,0,0,0,0,0,0,0,0,0,0,0,0,0,5,0,0,0,0,0,0,0,137,24,0,0,0,20
0,1,0,0,0,0,0,0,0,0,0,0,177,101,5,0,24,0,26,62,15,0,25,0,16,2,253,147,65,0,34,0,77,0,44,0,52,0,33,0,68,62,0,61,158,0,60,81,59,0,40,0,14,0,0,0,0,0,0,0,0,0,32,0,0,0,0,0,0,0,0,0,0,0,0,0,0,0,0,0,47,0,0,0,0,0,31,0,0,0,0,0,0,0,0,0,89,0,90,0,0,0,0,0,0,0,0,0,0,0,0,0,0,0,0,0,0,0,0,0,0,0,0,0,0,0,0,0,0,0,0,0,0,0,0,0,0,0,0,0,0,0,0,0,0,0,0,0,0,0,0,0,0,0,0,0,0,0,0,0,0,0,7,0,51,0,10,0,0,0,8,0,12,0,0,0,18,0,8,0,0,0,0,0,0,0,30,0,0,0,0,0,0,0,0,0,0,0,0,0,0,0,0,0,0,0,0,0,0,0,59,308,102,23,0,0,0,58,0,3,0,0,0,0,0
0,0,0,0,0,0,0,0,0,0,0,0,91,338,0,55,0,0,64,69,0,64,0,0,0,0,193,429,0,0,0,27,0,11,0,20,0,29,0,0,68,62,61,0,0,168,48,148,0,39,28,66,0,0,0,0,0,0,0,0,0,0,0,0,0,0,0,0,0,0,0,7,0,0,0,0,0,0,0,0,0,0,0,0,0,0,0,0,0,0,0,0,0,0,0,0,0,0,0,0,0,0,0,0,0,0,0,0,0,0,0,0,0,0,0,0,0,0,0,0,0,0,0,0,0,0,0,0,0,0,0,0,0,0,0,0,0,0,0,0,0,117,0,0,1,50,0,0,0,0,0,0,0,0,0,0,0,0,0,0,0,0,0,0,0,48,0,16,0,0,0,3,0,12,0,0,0,30,0,0,0,0,0,0,0,0,0,10,0,0,0,0,0,0,0,0,0,0,0,0,0,0,0,0,0,0,0,0,0,0,0,0,0,0,13,0,0,0,56,191,119,0,0,0,2
0,0,0,0,53,0,0,0,0,0,21,0,55,55,3,0,19,0,17,0,16,0,20,0,0,0,150,51,47,0,9,0,12,0,9,0,45,0,19,0,42,92,158,0,0,54,155,74,99,21,70,0,0,0,0,0,0,0,0,0,0,0,11,0,0,0,0,0,0,0,0,0,0,0,0,0,0,0,0,0,33,0,0,0,0,0,27,0,9,0,0,0,0,0,0,0,0,0,0,0,21,0,0,0,0,0,0,0,0,0,0,0,0,0,0,0,0,0,0,0,0,0,0,0,0,0,0,0,0,0,0,0,0,0,0,0,0,0,0,1,0,0,57,0,23,0,0,0,0,0,0,0,7,0,0,0,0,0,0,0,0,0,0,0,152,0,5,0,68,0,3,0,22,0,0,0,27,6,15,0,0,0,0,0,7,0,35,0,0,0,0,0,0,0,0,0,0,0,0,0,0,0,0,0,0,0,0,0,0,0,33,253,132,0,5,0,0,99,0,12,0,0,0,0,1
0,36,0,0,0,81,0,7,0,0,0,66,0,91,0,20,0,0,0,41,0,68,0,0,0,0,143,203,0,4,0,21,0,10,0,92,0,17,0,0,126,45,0,168,54,0,57,341,7,206,0,81,0,0,0,0,0,0,0,0,0,3,0,0,0,0,0,0,0,0,0,0,0,0,0,0,0,14,0,0,0,0,0,0,0,0,0,31,0,0,0,0,0,0,0,58,0,0,0,22,0,10,0,7,0,0,0,0,0,0,0,0,0,0,0,0,0,0,0,1,0,0,0,0,0,0,0,0,0,0,0,0,0,0,0,0,0,0,0,0,0,108,0,0,0,0,0,0,0,0,0,0,0,0,0,0,0,0,0,0,0,0,0,0,0,162,0,8,0,169,0,7,0,11,0,0,0,33,0,0,0,0,0,0,0,0,38,12,0,0,0,0,0,0,0,0,0,0,0,0,0,0,0,0,0,0,0,0,0,0,0,5,0,0,0,0,0,2,50,175,198,0,5,0,46
0,0,0,0,159,0,0,0,31,0,55,0,162,55,19,0,0,0,7,0,1,0,67,0,0,0,37,84,0,0,0,2,0,0,0,0,0,0,0,0,66,127,60,48,155,57,0,104,154,39,22,0,0,0,0,0,0,0,0,0,0,0,0,0,0,0,0,0,0,0,0,0,0,0,0,0,0,0,2,0,0,0,0,0,0,0,0,0,0,0,0,0,0,0,0,0,0,0,0,0,0,0,0,0,0,0,0,0,0,0,0,0,0,0,0,0,0,0,0,0,0,0,0,0,0,0,6,0,0,0,0,0,0,0,0,0,0,0,0,0,0,0,0,0,0,0,0,0,8,0,0,0,0,0,0,0,0,0,0,0,0,0,0,0,53,0,0,0,0,0,0,0,0,0,0,0,37,24,19,0,0,0,0,0,21,0,77,0,0,0,0,0,0,0,0,0,0,0,0,0,0,0,0,0,0,0,0,0,0,0,0,140,67,0,0,0,0,76,0,40,0,0,0,0,0
0,68,0,0,0,240,0,0,0,16,0,219,84,300,0,0,0,0,0,45,0,15,0,0,0,0,275,118,0,0,0,0,0,0,0,9,0,0,0,0,269,99,81,148,74,341,104,0,11,194,0,43,0,0,0,0,0,0,0,0,0,0,0,0,0,0,0,0,0,0,0,0,0,0,0,0,0,0,0,0,0,0,0,0,0,0,0,0,0,0,0,0,0,0,0,0,0,0,0,0,0,0,0,0,0,0,0,0,0,0,0,0,0,0,0,0,0,0,0,0,0,0,0,0,0,0,0,0,0,0,0,0,0,0,0,0,0,0,0,0,0,0,0,0,0,0,0,0,0,0,0,0,0,0,0,0,0,0,0,0,0,0,0,0,0,0,0,0,0,0,0,0,0,0,0,0,0,74,0,0,0,0,0,0,0,0,68,7,0,0,0,0,0,0,0,0,0,0,0,0,0,0,0,0,0,0,0,0,0,0,0,0,0,0,5,0,0,0,0,357,106,0,0,0,44
9,0,10,0,0,0,21,0,4,0,6,0,26,0,0,0,0,0,0,0,0,0,0,0,0,0,31,0,0,0,0,0,0,0,0,0,0,0,0,0,128,0,59,0,99,7,154,11,0,8,12,0,6,0,8,0,2,0,4,0,3,0,0,0,0,0,0,0,32,0,0,0,0,0,0,0,0,0,0,0,0,0,36,1,16,0,5,0,22,0,0,0,22,0,28,0,0,0,11,0,25,0,35,0,0,0,6,0,0,0,0,0,0,0,0,0,0,0,0,0,7,0,8,0,5,0,0,0,0,0,5,0,0,0,0,0,0,0,0,0,3,0,0,0,0,0,4,0,0,0,0,0,0,0,1,0,2,0,5,0,9,0,6,0,26,0,0,0,35,0,7,0,18,0,0,0,51,0,34,0,15,0,2,0,0,0,147,0,33,0,0,0,28,0,17,0,6,0,42,0,27,0,0,0,36,0,0,0,0,0,52,69,95,3,27,3,1,12,0,18,12,1,0,0,2
0,9,0,0,0,5,0,0,0,0,0,21,0,53,0,0,0,0,0,0,0,9,0,0,0,0,22,47,0,0,0,0,0,0,0,0,0,0,0,2,35,120,0,39,21,206,39,194,8,0,0,12,0,0,0,0,0,0,0,0,0,0,0,0,0,3,0,0,0,10,0,0,0,0,0,0,0,13,0,0,0,0,0,29,0,8,0,13,0,3,0,0,0,5,0,34,0,0,0,0,0,9,0,5,0,5,0,0,0,0,0,0,0,0,0,0,0,0,0,0,0,0,0,0,0,0,0,0,0,0,0,0,0,0,0,0,0,0,1,0,0,0,0,7,0,0,0,0,0,0,0,0,0,0,0,0,0,0,0,0,0,0,0,2,0,37,0,1,0,30,0,1,0,1,0,0,0,57,0,7,0,0,0,0,0,3,46,42,0,0,0,0,0,0,0,13,0,0,0,0,0,9,0,9,0,0,0,0,0,0,0,6,0,0,8,0,0,0,10,30,26,11,4,1,11
0,0,0,0,61,0,4,0,0,0,0,3,282,77,15,0,16,0,112,61,96,24,34,0,0,0,177,0,34,0,29,4,50,0,102,0,85,0,15,0,0,18,40,28,70,0,22,0,12,0,0,0,9,0,0,0,10,0,10,0,1,0,14,0,0,0,0,0,0,0,16,0,0,0,32,0,0,0,0,0,102,0,0,0,69,0,92,0,0,0,0,0,0,0,0,0,128,0,148,0,0,0,0,0,0,0,0,0,0,0,0,0,0,0,0,0,0,0,0,0,62,0,0,0,0,2,0,0,0,0,0,0,0,0,0,0,0,0,0,0,12,0,0,0,17,0,0,0,0,0,0,0,0,0,0,0,0,0,0,0,4,0,11,0,95,0,48,0,64,0,15,0,39,0,0,0,12,0,13,0,0,0,0,0,0,0,12,0,0,0,0,0,0,0,3,0,0,0,0,0,0,0,0,0,0,0,0,0,0,0,140,307,198,41,75,0,3,12,0,0,0,0,0,0,0
0,11,0,0,0,0,0,0,0,0,0,0,0,332,0,50,0,6,108,145,32,77,0,31,0,0,110,401,0,11,0,18,0,17,0,21,0,101,0,3,0,26,0,66,0,81,0,43,0,12,0,0,0,0,0,0,1,0,0,0,0,9,0,13,0,0,0,0,0,0,0,19,0,0,0,25,0,0,0,0,0,171,0,0,0,0,0,95,0,0,0,0,0,0,0,0,0,0,0,79,0,0,0,0,0,0,0,0,0,0,0,0,0,0,0,0,0,0,0,0,0,93,0,0,0,0,0,0,0,0,0,0,0,0,0,0,0,0,0,0,0,206,0,393,0,107,0,0,0,0,0,0,0,2,0,0,0,0,0,0,0,0,0,12,0,33,0,50,0,51,0,27,0,49,0,0,4,13,0,0,0,0,0,0,0,0,0,22,0,0,0,0,0,0,0,0,0,0,0,0,0,0,0,0,0,0,0,0,0,0,0,0,0,0,37,0,0,0,127,100,111,0,0,0,0
0,0,0,0,0,0,0,0,88,134,0,0,0,0,0,0,90,0,0,0,8,0,0,0,71,0,0,0,18,0,0,0,9,0,0,0,5,0,33,0,0,0,14,0,0,0,0,0,6,0,9,0,0,50,80,132,184,12,7,62,47,0,109,21,0,0,0,70,3,0,0,0,0,0,0,0,4,0,0,0,0,0,0,0,35,0,0,0,0,0,0,0,0,0,0,0,0,0,0,0,0,0,0,0,0,0,0,0,0,0,0,0,0,0,0,0,1,0,0,0,0,0,0,0,0,0,0,0,22,0,6,0,31,0,0,0,227,0,171,0,141,0,178,0,0,0,0,0,0,0,0,0,0,0,228,10,79,0,96,0,4,0,8,0,0,0,0,0,17,0,163,0,21,0,0,0,0,0,0,0,0,0,0,0,0,3,0,0,0,0,0,0,0,0,0,0,0,0,0,0,0,0,0,0,0,0,0,0,0,0,113,398,274,278,282,0,27,0,0,0,0,0,0,0,0
0,11,0,0,0,16,46,0,78,78,0,4,0,0,0,0,0,22,0,0,0,14,0,18,18,42,0,12,0,3,0,0,0,0,0,0,0,4,0,5,0,0,0,0,0,0,0,0,0,0,0,0,50,0,97,131,16,190,95,11,0,44,30,54,0,0,33,0,0,0,0,0,0,0,0,0,0,0,0,0,0,0,0,0,0,0,0,0,0,0,0,0,0,0,0,0,0,0,0,0,0,0,0,0,0,0,0,0,0,0,0,0,0,0,0,0,0,0,0,0,0,0,0,0,0,0,0,0,0,25,0,2,0,8,0,18,0,33,0,176,0,122,0,72,4,47,0,0,0,0,0,0,0,0,9,51,0,49,0,94,0,13,0,0,0,0,0,0,0,3,0,19,0,6,0,3,0,71,0,0,0,0,0,33,0,4,0,0,0,0,0,0,0,0,0,0,0,0,0,0,0,0,0,0,0,0,0,0,0,0,0,1,0,0,43,0,0,0,40,310,37,58,4,0,0
1,0,50,0,0,0,246,0,58,353,2,0,0,0,0,0,13,0,0,0,0,0,216,0,251,28,0,0,0,0,0,0,0,0,0,0,0,0,0,0,0,0,0,0,0,0,0,0,8,0,0,0,80,97,0,226,36,11,26,57,19,0,17,34,5,0,6,117,0,0,0,0,0,0,0,0,0,0,0,0,0,0,0,0,0,0,0,0,0,0,0,0,0,0,0,0,0,0,0,0,0,0,0,0,0,0,0,0,0,0,0,0,0,0,0,0,0,0,0,0,0,0,0,0,30,0,51,0,71,0,97,0,58,0,104,0,154,0,0,0,0,0,46,0,0,0,30,0,0,0,0,0,0,0,45,8,58,0,16,0,34,0,0,0,0,0,6,0,17,0,98,0,16,0,0,0,21,12,0,0,0,0,0,0,1,16,0,0,0,0,0,0,0,0,0,0,0,0,4,0,22,0,0,0,0,0,0,0,46,0,334,142,179,320,456,0,28,0,0,0,0,0,0,0,0
0,12,0,29,0,6,94,66,243,137,0,0,0,0,0,23,0,7,0,0,0,10,1,4,33,49,0,0,0,0,0,0,0,0,0,0,0,1,0,5,0,0,0,0,0,0,0,0,0,0,0,0,132,131,226,0,0,66,109,15,0,27,74,130,0,6,29,29,0,2,0,0,0,0,0,0,0,0,0,0,0,0,0,0,0,0,0,0,0,0,0,0,0,0,0,0,0,1,0,0,0,0,0,0,0,0,0,0,0,0,0,0,0,0,0,0,0,0,0,0,0,0,0,0,0,0,0,0,0,48,0,49,0,23,0,39,0,104,0,19,3,8,0,18,0,0,0,0,1,0,0,14,0,0,0,28,4,0,0,7,0,34,0,0,0,2,0,0,0,37,0,140,0,85,0,0,14,27,0,0,0,0,0,10,12,2,0,0,0,0,0,0,0,0,0,0,0,0,0,0,0,8,0,0,0,0,0,0,0,44,0,2,0,0,325,0,0,0,287,116,263,435,19,97,1
0,0,0,0,0,0,11,0,15,34,0,0,0,0,0,0,0,0,0,0,0,0,19,0,33,0,0,0,0,0,0,0,0,0,0,0,0,0,0,0,0,0,0,0,0,0,0,0,2,0,10,1,184,16,36,0,0,16,157,0,0,0,3,0,50,0,14,83,1,0,0,0,0,0,0,0,0,0,0,0,0,0,4,0,0,0,0,0,0,0,0,0,0,0,0,0,0,0,0,0,0,0,0,0,0,0,0,0,0,0,0,0,0,0,0,0,0,0,0,0,0,0,0,0,12,0,0,0,28,0,83,0,23,0,0,0,4,0,7,0,0,0,0,0,23,0,6,0,1,0,0,0,0,0,109,31,50,0,110,33,53,0,0,0,0,0,14,0,37,0,88,0,0,0,0,0,0,0,0,0,0,0,0,0,5,8,0,0,0,0,0,0,0,0,0,0,0,0,0,0,0,0,0,0,0,0,0,0,7,0,433,173,418,655,967,44,73,0,1,0,0,0,0,0,0
0,3,0,12,0,0,0,8,0,37,0,0,0,0,0,31,0,18,0,0,0,10,0,10,0,86,0,0,0,2,0,0,0,0,0,0,0,0,0,0,0,0,0,0,0,0,0,0,0,0,0,0,12,190,11,66,16,0,100,125,0,4,0,30,11,5,0,52,0,0,0,0,0,0,0,0,0,8,0,0,0,0,0,0,0,0,0,0,0,0,0,0,0,0,0,0,0,0,0,0,0,0,0,0,0,0,0,0,0,0,0,0,0,0,0,0,0,0,0,0,0,4,0,0,0,0,0,0,0,19,0,48,0,9,0,0,0,57,0,34,0,32,0,69,9,0,0,0,0,4,0,2,0,0,26,184,0,44,0,61,0,29,0,43,0,2,0,0,0,87,0,252,0,21,0,0,0,0,0,0,0,0,0,0,7,1,0,0,0,0,0,0,0,0,0,0,0,0,0,0,0,0,0,0,0,0,0,0,0,8,1,0,0,0,650,0,0,0,336,90,560,777,108,58,0
0,0,0,0,0,0,12,0,126,102,0,0,0,0,0,0,0,0,0,0,0,0,0,0,0,0,0,0,0,0,0,0,0,0,0,0,8,0,0,0,0,0,0,0,0,0,0,0,4,0,10,0,7,95,26,109,157,100,0,373,0,0,0,0,185,39,260,265,0,0,0,0,0,0,0,0,0,0,0,0,0,0,0,0,0,0,0,0,0,0,0,0,0,0,0,0,0,0,0,0,0,0,0,0,0,0,0,0,0,0,0,0,0,0,0,0,0,0,0,0,0,0,0,0,3,0,3,0,0,0,41,0,6,0,0,0,0,0,0,4,0,0,0,0,7,3,0,0,3,0,0,0,0,0,41,81,52,23,14,48,20,0,4,0,0,0,10,0,5,0,38,0,26,0,0,0,53,0,0,0,0,0,0,0,177,33,0,0,0,0,0,0,0,0,0,0,0,0,0,0,0,0,0,0,0,0,0,0,3,0,522,575,121,277,731,0,0,0,2,0,0,0,0,0,0
0,8,0,0,0,0,15,12,0,124,0,3,0,0,0,0,0,0,0,0,0,0,0,0,0,0,0,0,0,0,0,0,0,0,0,0,0,0,0,0,0,0,0,0,0,0,0,0,0,0,0,0,62,11,57,15,0,125,373,0,0,0,0,0,87,161,168,533,0,0,0,0,0,0,0,0,0,0,0,0,0,0,0,0,0,0,0,0,0,0,0,0,0,0,0,0,0,0,0,0,0,0,0,0,0,0,0,0,0,0,0,0,0,0,0,0,0,0,0,0,0,0,0,0,0,17,0,0,0,2,0,54,0,1,0,0,0,0,43,4,0,0,0,0,61,25,0,0,0,13,0,0,0,1,128,76,31,150,0,28,45,20,0,33,0,0,0,0,0,29,0,81,0,14,0,9,6,0,0,0,0,0,0,0,47,120,0,0,0,0,0,0,0,0,0,0,0,0,0,0,0,0,0,0,0,0,0,0,0,21,0,0,0,0,983,0,0,0,692,539,379,644,96,46,0
69,0,37,0,0,0,141,0,233,0,0,0,1,0,0,0,10,0,0,0,0,0,0,0,9,0,0,0,7,0,0,0,0,0,0,0,11,0,19,0,0,0,0,0,0,0,0,0,3,0,1,0,47,0,19,0,0,0,0,0,0,0,20,0,0,0,0,0,0,0,4,0,0,0,5,0,0,0,0,0,3,0,0,0,0,0,0,0,1,0,0,0,0,0,0,0,0,0,0,0,0,0,0,0,0,0,0,0,0,0,0,0,0,0,0,0,0,0,0,0,12,0,0,0,0,0,0,0,0,0,0,0,0,0,0,0,26,0,137,0,169,0,27,0,135,0,0,0,0,0,0,0,0,0,74,0,165,0,24,0,0,0,0,0,0,0,0,0,4,0,69,0,109,0,0,0,0,0,0,0,0,0,0,0,0,0,0,0,0,0,0,0,0,0,0,0,0,0,0,0,0,0,0,0,0,0,0,0,0,0,33,310,51,67,50,0,0,0,0,0,0,0,0,0,0
0,112,0,0,0,0,0,182,0,142,0,0,0,2,0,0,0,5,0,0,0,0,0,3,0,17,0,0,0,0,0,0,0,13,0,8,0,23,0,4,0,0,0,0,0,3,0,0,0,0,0,9,0,44,0,27,0,4,0,0,0,0,4,25,0,0,0,0,0,0,0,0,0,0,0,0,0,1,0,0,0,0,0,0,0,0,0,0,0,0,0,0,0,0,0,0,0,0,0,0,0,0,0,0,0,0,0,0,0,0,0,0,0,0,0,0,0,0,0,0,0,0,0,0,0,0,0,0,0,0,0,0,0,0,0,0,0,0,0,9,0,44,0,9,0,120,0,0,0,0,0,0,0,0,0,0,0,101,0,10,0,0,0,0,0,0,0,0,0,7,0,55,0,65,0,0,0,131,0,0,0,0,1,60,0,0,0,0,0,0,0,0,0,0,0,0,0,0,0,0,0,0,0,0,0,0,0,0,0,0,0,0,0,0,36,0,0,0,20,261,84,92,2,20,0
89,22,68,0,0,0,237,81,361,160,0,0,0,0,1,0,255,0,0,0,43,0,15,0,56,134,0,0,38,0,22,0,28,0,0,0,7,0,13,2,0,0,32,0,11,0,0,0,0,0,14,0,109,30,17,74,3,0,0,0,20,4,0,61,0,0,0,3,0,0,3,0,0,0,0,0,0,0,0,0,19,0,0,0,25,0,0,0,0,0,0,0,0,0,0,0,0,0,0,0,0,0,0,0,0,0,0,0,0,0,0,0,0,0,0,0,0,0,0,0,27,0,17,0,0,0,0,0,7,0,0,0,9,0,0,0,55,0,95,0,79,0,128,0,14,0,0,0,0,0,0,0,0,0,62,0,18,0,0,0,2,0,0,0,0,0,0,0,3,0,47,0,40,0,0,0,25,18,0,0,0,0,0,0,0,1,0,0,0,0,0,0,0,0,0,0,0,0,0,0,0,0,0,0,0,0,0,0,0,0,27,318,43,109,96,0,17,0,0,0,0,0,0,0,0
0,78,0,3,0,0,0,295,62,208,0,0,0,8,0,27,0,158,0,50,0,84,0,74,87,148,0,36,0,28,0,16,0,16,0,14,0,35,0,35,0,0,0,0,0,0,0,0,0,0,0,13,21,54,34,130,0,30,0,0,0,25,61,0,0,0,0,1,0,0,0,0,0,0,0,0,0,0,0,0,0,0,0,0,0,0,0,0,0,0,0,0,0,0,0,0,0,0,0,0,0,0,0,0,0,0,0,0,0,0,0,0,0,0,0,0,0,0,0,0,0,0,0,0,0,0,0,0,0,5,0,0,0,0,0,0,0,19,0,152,0,120,0,0,0,136,0,0,0,0,0,0,0,0,0,84,1,37,0,70,0,8,0,0,0,0,0,0,0,0,0,0,0,10,0,0,0,131,0,0,0,0,0,101,0,0,0,0,0,0,0,0,0,0,0,0,0,0,0,0,0,0,0,0,0,0,0,0,0,0,0,0,0,0,13,0,0,0,8,129,11,0,0,0,0
5,0,7,0,0,0,15,0,146,0,7,0,0,0,0,0,0,0,0,0,0,0,0,0,0,0,0,0,0,0,0,0,0,0,0,0,0,0,0,0,0,0,0,0,0,0,0,0,0,0,0,0,0,0,5,0,50,11,185,87,0,0,0,0,0,126,32,40,0,0,5,0,0,0,0,0,0,0,0,0,0,0,0,0,0,0,0,0,0,0,0,0,0,0,0,0,0,0,0,0,0,0,0,0,0,0,0,0,0,0,0,0,0,0,0,0,0,0,0,0,0,0,0,0,5,0,3,0,0,0,26,0,0,0,0,0,0,0,9,64,0,0,0,0,17,45,51,0,14,2,10,0,1,0,8,69,8,6,4,101,276,123,0,3,0,0,0,0,0,0,2,0,0,0,2,0,45,0,0,0,46,11,0,0,241,7,0,0,0,0,0,0,0,0,0,0,0,0,0,0,0,0,0,0,0,0,0,0,5,0,24,54,0,0,0,0,1,0,0,0,0,0,0,0,0
0,31,0,2,0,27,0,0,0,200,0,19,0,13,0,0,0,0,0,7,0,0,0,0,0,0,0,19,0,0,0,0,0,0,0,0,0,0,0,0,0,0,0,0,0,0,0,0,0,3,0,0,0,0,0,6,0,5,39,161,0,0,0,0,126,0,14,111,0,0,0,36,0,41,0,72,0,0,0,16,0,0,0,0,0,0,0,0,0,0,0,0,0,0,0,0,0,0,0,0,0,0,0,0,0,0,0,0,0,0,0,0,0,0,0,0,0,0,0,0,0,0,0,0,0,14,0,14,0,0,0,163,0,1,0,22,0,6,148,56,117,57,0,0,75,166,0,38,0,213,0,69,0,22,0,4,4,9,0,0,280,384,8,65,0,0,0,0,0,0,0,0,0,0,0,119,0,0,0,0,0,91,0,1,0,172,0,0,0,0,0,0,0,0,0,0,0,0,0,2,0,0,0,0,0,0,0,13,0,59,4,0,0,0,65,0,0,0,89,36,40,0,7,0,0
3,0,5,0,10,0,29,0,66,13,6,0,0,0,1,0,0,0,1,0,0,0,0,0,0,0,0,0,0,0,0,0,0,0,0,0,0,0,0,0,0,0,0,0,0,0,0,0,0,0,0,0,0,33,6,29,14,0,260,168,0,0,0,0,32,14,0,61,0,0,0,0,0,1,0,0,0,0,0,0,0,0,0,0,0,0,0,0,0,0,0,0,0,0,0,0,0,0,0,0,0,0,0,0,0,0,0,0,0,0,0,0,0,0,0,0,0,0,0,0,0,0,0,0,1,0,2,0,0,0,13,0,0,0,0,0,0,0,2,0,0,0,0,0,0,0,10,0,3,0,11,0,0,1,3,24,7,0,0,24,58,0,0,0,0,0,0,0,0,0,0,0,0,0,0,0,81,0,0,0,0,0,0,0,277,15,0,0,0,0,0,0,0,0,0,0,0,0,0,0,0,0,0,0,0,0,0,0,4,0,29,62,0,0,0,0,0,0,0,0,0,0,0,0,0
0,12,0,0,0,0,15,0,23,133,0,1,0,0,0,0,0,0,0,1,0,0,0,0,0,0,0,0,0,0,0,0,0,0,0,0,0,0,0,0,0,0,0,0,0,0,0,0,0,0,0,0,70,0,117,29,83,52,265,533,0,0,3,1,40,111,61,0,0,0,0,0,0,0,0,0,0,0,0,0,0,0,0,0,0,0,0,0,0,0,0,0,0,0,0,0,0,0,0,0,0,0,0,0,0,0,0,0,0,0,0,0,0,0,0,0,0,0,0,0,0,0,0,0,0,0,0,0,0,0,0,14,0,0,0,3,0,1,24,0,0,0,0,0,0,12,0,5,0,4,0,0,0,0,43,0,16,17,14,4,0,16,0,14,0,0,0,0,0,5,0,7,0,2,0,20,0,13,0,0,0,0,0,0,19,475,0,0,0,0,0,0,0,0,0,0,0,0,0,0,0,2,0,0,0,0,0,0,0,0,0,0,0,0,44,0,0,0,48,86,24,59,6,0,0
0,0,0,0,0,0,0,0,2,0,0,0,0,0,0,0,0,0,0,0,0,0,0,0,0,0,0,0,0,0,0,0,0,0,0,0,0,0,0,0,0,0,0,0,0,0,0,0,32,0,0,0,3,0,0,0,1,0,0,0,0,0,0,0,0,0,0,0,0,0,0,0,0,0,0,0,112,0,16,0,4,0,32,0,0,0,0,0,14,0,0,0,36,0,0,0,0,0,0,0,10,0,159,0,0,0,0,0,0,0,1,0,5,0,0,0,1,0,0,0,0,0,0,0,0,0,0,0,0,0,0,0,0,0,0,0,0,0,0,0,0,0,0,0,0,0,0,0,0,0,0,0,0,0,0,0,0,0,0,0,0,0,0,0,7,0,0,0,102,0,5,0,5,0,0,0,0,0,0,0,0,0,0,0,0,0,0,0,0,0,0,0,0,0,0,0,0,0,28,0,0,0,0,0,0,0,0,0,0,0,60,12,63,3,21,46,160,4,0,0,0,0,0,0,0
0,0,0,0,0,0,0,0,0,0,0,0,0,0,0,0,0,0,0,0,0,0,0,0,0,1,0,0,0,0,0,0,0,0,0,0,0,0,0,0,0,0,0,0,0,0,0,0,0,10,0,0,0,0,0,2,0,0,0,0,0,0,0,0,0,0,0,0,0,0,0,0,0,1,0,0,0,34,0,0,0,8,0,53,0,0,0,13,0,8,0,0,0,31,0,10,0,0,0,0,0,0,0,24,0,0,0,0,0,6,0,0,0,0,0,0,0,0,0,0,0,0,0,0,0,0,0,0,0,0,0,0,0,0,0,0,0,0,0,0,0,0,0,0,0,0,0,0,0,0,0,0,0,0,0,0,0,0,0,0,0,0,0,0,0,32,0,0,0,46,0,0,0,4,0,0,0,0,0,0,0,0,0,0,0,0,0,0,0,0,0,0,0,0,0,0,0,0,0,0,0,0,0,0,0,0,0,0,0,0,0,0,1,0,0,0,0,0,18,9,124,2,9,57,1
0,0,0,0,0,0,0,0,0,0,0,0,0,0,0,0,0,0,0,0,55,0,0,0,0,0,51,0,7,0,25,0,23,0,12,0,39,0,0,0,0,0,0,0,0,0,0,0,0,0,16,0,0,0,0,0,0,0,0,0,4,0,3,0,5,0,0,0,0,0,0,3,405,0,318,0,20,0,155,0,0,0,0,0,0,0,19,0,0,0,0,0,0,0,0,2,0,0,0,0,0,0,0,0,0,0,0,0,0,0,0,0,0,0,0,0,0,0,0,0,25,0,13,0,38,0,45,0,0,0,69,0,31,0,0,0,37,0,3,24,52,15,68,0,38,17,40,0,55,9,0,0,24,0,1,0,2,0,0,0,24,25,62,0,0,0,18,0,55,0,24,0,39,0,16,0,0,0,0,0,54,0,0,0,5,3,0,0,0,0,0,0,0,0,0,0,0,0,0,0,3,0,0,0,0,0,0,0,22,0,12,0,29,1,6,0,3,0,0,0,0,0,0,0,0
0,0,0,0,0,0,0,0,0,0,0,0,0,0,0,0,0,0,0,8,0,0,0,4,0,0,0,0,0,0,0,0,0,0,0,0,0,0,0,0,0,0,0,7,0,0,0,0,0,0,0,19,0,0,0,0,0,0,0,0,0,0,0,0,0,36,0,0,0,0,3,0,0,125,0,284,0,5,0,8,0,2,0,0,0,3,0,29,0,0,0,0,0,0,0,0,0,0,0,0,0,0,0,0,0,0,0,0,0,0,0,0,0,0,0,0,0,0,0,0,1,6,0,30,0,81,0,34,14,11,25,88,0,35,0,0,1,45,7,7,0,70,0,43,0,76,0,0,0,54,0,0,0,14,0,0,0,0,0,0,0,11,0,28,0,0,0,4,0,7,0,5,0,16,0,0,0,0,0,0,3,44,0,0,0,8,0,0,0,0,0,1,0,0,0,0,0,0,0,0,0,0,0,0,0,0,0,0,0,42,0,0,0,0,4,0,0,0,3,3,18,0,0,0,0
0,0,0,0,0,0,0,0,0,0,0,0,0,0,0,0,0,0,0,0,0,0,0,0,0,0,0,0,0,0,0,0,0,0,0,0,0,0,0,0,0,0,0,0,0,0,0,0,0,0,0,0,0,0,0,0,0,0,0,0,0,0,0,0,0,0,0,0,0,0,405,0,0,0,208,0,30,0,141,0,0,0,28,0,20,0,7,0,3,0,0,0,12,0,0,0,0,0,1,0,1,1,0,0,0,0,0,0,2,0,0,0,0,0,0,0,0,0,2,0,51,0,45,0,69,0,0,0,20,0,53,0,84,0,190,0,106,0,0,13,80,0,240,0,27,0,118,0,22,0,124,0,0,0,0,0,0,0,0,0,10,17,51,0,1,0,2,0,7,1,13,0,0,0,0,0,0,0,0,0,31,0,0,0,0,0,0,0,0,0,0,0,0,0,1,0,0,0,0,0,35,0,72,0,0,0,0,0,245,0,225,4,26,1,33,3,0,0,0,0,0,0,0,0,0
0,0,0,0,0,0,0,0,0,0,0,0,0,2,0,0,0,0,0,0,0,1,0,0,0,0,0,0,0,0,0,0,0,0,0,0,0,0,0,0,0,0,0,0,0,0,0,0,0,0,0,0,0,0,0,0,0,0,0,0,0,0,0,0,0,41,1,0,0,1,0,125,0,0,0,255,0,62,0,142,0,7,0,10,0,31,0,95,0,0,0,0,0,1,0,2,6,0,0,0,1,0,0,0,0,0,0,0,0,0,0,0,0,0,0,0,0,0,0,0,0,22,0,58,0,109,0,0,5,21,0,65,0,50,0,216,0,103,0,6,9,66,0,156,0,77,0,0,9,31,0,0,0,30,0,0,0,0,0,0,4,8,0,80,0,5,0,0,0,10,0,6,0,9,0,0,0,0,0,0,0,36,0,0,0,4,0,0,0,0,0,0,0,0,0,0,0,0,0,0,0,0,0,0,0,0,0,0,0,0,0,0,0,0,13,0,0,0,62,6,24,12,2,0,0
0,0,0,0,0,0,0,0,0,0,0,0,0,0,0,0,0,0,0,0,57,0,0,0,0,0,49,0,6,0,13,0,0,0,0,0,32,0,7,0,0,0,0,0,0,0,0,0,0,0,32,0,0,0,0,0,0,0,0,0,5,0,0,0,0,0,0,0,0,0,318,0,208,0,0,3,40,0,224,0,9,1,41,0,72,0,41,0,0,0,1,0,0,0,0,0,0,0,5,0,0,0,0,0,0,0,0,0,0,0,0,0,0,0,0,0,0,0,0,0,173,0,100,0,27,17,0,0,0,0,53,91,14,0,119,0,38,0,8,0,85,10,262,0,79,12,0,0,53,0,0,0,27,0,0,0,0,0,0,0,8,0,59,0,0,0,0,0,39,0,17,0,31,0,18,2,0,0,0,0,52,21,0,0,6,5,0,0,0,0,0,0,0,0,0,0,0,0,34,0,35,0,0,0,0,0,0,0,104,0,10,0,14,0,0,0,0,0,0,0,0,0,0,1,0
0,0,0,0,0,0,0,0,0,0,0,0,0,0,0,0,0,0,0,0,0,0,0,0,0,0,0,0,0,0,0,0,0,0,0,0,0,0,0,0,0,0,0,0,0,0,0,0,0,0,0,25,0,0,0,0,0,0,0,0,0,0,0,0,0,72,0,0,0,0,0,284,0,255,3,0,0,9,0,179,0,10,0,0,0,12,0,127,0,0,0,0,0,1,0,0,0,0,0,0,0,0,0,0,0,0,0,0,0,0,0,0,0,0,0,0,0,0,0,0,0,90,0,27,0,126,0,0,28,0,0,109,0,0,0,231,0,68,19,0,25,65,9,198,0,174,0,0,0,160,0,0,0,0,0,0,0,0,0,0,13,13,0,48,0,3,0,10,0,28,0,11,0,0,0,0,0,0,0,0,9,94,0,0,0,0,0,0,0,0,0,0,0,0,0,0,0,0,0,0,0,49,0,0,0,0,0,0,0,0,0,0,0,0,0,0,0,0,24,0,47,25,0,0,0
0,0,0,0,0,0,0,0,0,0,0,0,0,0,0,0,0,0,0,0,0,0,0,0,0,0,0,0,0,0,0,0,0,0,0,0,0,0,0,0,0,0,0,0,0,0,0,0,0,0,0,0,4,0,0,0,0,0,0,0,0,0,0,0,0,0,0,0,112,0,20,0,30,0,40,0,0,0,33,0,0,0,48,0,49,0,23,0,12,0,0,0,84,0,16,0,0,0,0,0,15,0,34,0,9,0,9,0,0,0,0,0,0,0,0,0,3,0,0,0,32,0,8,0,0,0,0,0,0,0,0,0,0,0,0,0,0,0,0,0,0,0,0,0,0,0,0,0,0,0,0,0,0,0,0,0,0,0,0,0,0,0,0,0,3,0,0,0,29,0,1,0,0,0,0,0,0,0,0,0,0,0,0,0,0,0,0,0,0,0,0,0,0,0,0,0,0,0,0,0,0,0,0,0,0,0,0,0,0,0,59,15,50,5,21,11,29,1,0,0,0,0,0,0,0
0,0,0,0,0,0,0,0,0,0,0,0,0,0,0,0,0,0,0,0,0,15,0,0,0,0,0,0,0,0,0,0,0,0,0,0,0,0,0,0,0,0,0,0,0,14,0,0,0,13,0,0,0,0,0,0,0,8,0,0,0,1,0,0,0,0,0,0,0,34,0,5,0,62,0,9,0,0,0,18,0,32,0,129,0,41,0,125,0,1,0,0,0,20,0,52,0,0,0,10,0,9,0,29,0,0,0,0,0,0,0,0,0,0,0,0,0,1,0,0,0,20,0,4,0,0,0,0,0,0,0,0,0,0,0,0,2,10,1,0,0,0,0,0,0,11,0,0,0,0,0,0,0,0,0,0,0,0,0,0,0,0,0,6,0,18,0,0,0,83,0,0,0,0,0,0,0,0,0,0,0,0,0,1,0,0,0,0,0,0,0,0,0,0,0,0,0,0,0,0,0,0,0,0,0,0,0,0,0,0,0,0,0,0,0,0,0,0,65,11,68,0,7,2,0
0,0,0,0,0,0,0,0,0,0,0,0,0,0,0,0,0,0,0,0,0,0,0,0,0,0,0,0,0,0,0,0,0,0,0,0,0,0,0,0,0,0,0,0,0,0,2,0,0,0,0,0,0,0,0,0,0,0,0,0,0,0,0,0,0,0,0,0,16,0,155,0,141,0,224,0,33,0,0,0,10,0,75,0,58,0,56,0,5,0,0,0,59,0,8,0,0,0,8,0,0,0,6,0,0,0,0,0,0,0,0,0,0,0,0,0,0,0,0,0,93,0,61,0,0,0,0,0,0,0,0,0,0,0,105,0,0,0,0,0,27,0,158,0,13,0,0,0,0,0,0,0,0,0,0,0,0,0,0,0,0,0,0,0,0,0,0,0,38,0,0,0,0,0,0,0,0,0,0,0,0,0,0,0,0,0,0,0,0,0,0,0,27,0,0,0,0,0,48,0,58,0,0,0,0,0,0,0,88,0,99,0,55,0,37,0,3,0,0,0,0,0,0,0,0
0,0,0,0,0,0,0,0,0,0,0,0,0,0,0,0,0,0,0,0,0,0,0,0,0,0,0,0,0,0,0,0,0,0,0,0,0,3,0,0,0,0,0,0,0,0,0,0,0,0,0,0,0,0,0,0,0,0,0,0,0,0,0,0,0,16,0,0,0,0,0,8,0,142,0,179,0,18,0,0,0,0,0,0,0,8,0,105,0,0,0,0,0,0,0,0,0,0,0,0,0,0,0,0,0,0,0,0,0,0,0,0,0,0,0,0,0,0,0,0,0,9,0,40,0,0,0,0,0,0,0,0,0,7,0,89,0,0,0,0,0,76,0,105,0,28,0,0,0,20,0,0,0,0,0,0,0,0,0,0,1,0,0,8,0,1,0,0,0,16,0,0,0,0,0,0,0,0,0,0,0,8,0,0,0,0,0,0,0,0,0,0,0,0,0,0,0,0,0,0,0,18,0,0,0,0,0,0,0,39,0,0,0,0,0,0,0,0,0,1,6,3,0,0,0
