0,97,79,34,109,0,46,103,168,0,138,0,101,0,8,83,0,65,13,0,4,0,40,91,16,215,0,0,78,0,0,0,0,0,0,0,24,0,469,0,24,0,0,0,0,0,28,0,54,1,0,0,5,0,0,0,0,0,0,0,245,0,236,11,0,0,0,0,0,0,0,0,0,0,3,0,2,0,0,0,0,0,0,0,0,0,0,0,0,0,0,0,0,0,0,0,0,0,0,0,0,0,0,0,0,0,0,0,0,0,0,0,0,0,0,0,0,0,0,0,0,0,0,0,0,0,0,0,0,0,5,0,0,0,16,5,4,0,0,0,0,0,21,0,0,0,0,0,24,0,21,0,0,0,0,0,0,0,0,0,0,0,0,0,0,0,0,0,64,0,73,0,461,0,0,0,432,108,15,0,0,0,79,0,18,0,24,0,0,0,0,0,0,0,0,0,0,0,0,0,17,0,0,0,0,0,0,0,0,0,669,64,115,322,347,0,6,5,23,0,0,16,0,0,0
97,0,110,64,35,340,0,95,0,100,0,185,0,169,10,30,44,72,0,107,0,0,217,77,70,12,0,181,0,176,0,0,0,312,0,0,0,368,0,655,0,50,0,0,0,28,0,84,2,9,0,0,0,0,0,55,0,12,0,51,6,262,0,48,0,30,0,10,0,2,0,0,0,0,0,0,0,0,0,0,0,0,0,0,0,18,0,9,0,0,0,0,0,0,0,0,0,0,0,0,0,0,0,0,2,0,0,0,0,0,0,0,0,0,0,0,0,0,0,0,0,0,0,0,0,23,0,13,0,0,0,37,0,0,0,75,0,44,0,0,0,0,0,22,0,0,0,0,0,25,0,50,0,35,0,10,0,11,0,0,0,16,0,0,0,22,0,0,0,93,0,163,11,428,0,0,89,289,0,3,0,33,0,43,0,47,0,2,0,0,0,0,0,0,0,0,0,0,0,4,0,0,0,0,0,0,0,0,0,27,5,0,5,5,482,0,0,0,1114,169,380,675,0,87,10
79,110,0,25,389,0,88,0,34,0,163,12,137,0,373,169,188,71,73,0,23,0,602,180,254,150,89,0,198,0,27,0,83,0,0,0,36,0,549,0,27,0,0,0,0,0,44,0,69,0,0,0,0,0,24,0,4,1,0,2,159,0,455,10,3,0,0,0,0,0,0,0,0,0,17,0,0,0,0,0,0,0,0,0,0,0,0,0,0,0,0,0,0,0,0,0,0,0,0,0,0,1,0,0,0,0,0,0,0,0,0,0,0,0,0,0,0,0,0,0,0,0,0,0,14,0,16,0,0,0,43,0,0,0,117,7,56,0,0,0,0,0,0,0,0,0,0,0,30,0,56,0,0,0,0,0,0,0,0,0,20,0,0,0,0,0,10,1,59,8,51,0,328,0,0,0,259,103,0,0,0,0,27,0,8,0,0,0,0,0,0,0,0,0,0,0,0,0,0,0,0,0,0,0,0,0,16,0,59,0,440,32,108,316,389,0,17,3,0,8,0,0,0,0,0
34,64,25,0,22,273,0,113,0,17,0,30,0,53,0,96,6,21,0,170,4,0,71,297,0,47,0,58,0,153,0,15,0,337,0,0,0,64,0,172,0,0,0,0,0,0,0,30,0,2,0,0,0,0,0,22,0,5,0,16,0,0,0,0,0,16,0,0,0,0,0,0,0,0,0,0,0,0,0,0,0,0,0,0,0,0,0,0,0,0,0,0,0,0,0,0,0,0,0,8,0,0,0,0,0,0,0,0,0,0,0,0,0,0,0,0,0,0,0,0,0,4,0,0,0,60,0,0,0,0,0,40,0,0,0,304,0,157,0,0,0,0,0,0,0,0,0,4,0,42,0,13,0,0,0,0,0,0,0,0,0,0,0,0,0,0,0,0,0,37,0,0,0,122,0,0,15,79,0,11,0,0,0,9,0,2,0,0,0,0,0,0,0,0,0,0,0,0,0,10,0,86,0,0,0,0,0,0,0,40,0,0,0,0,70,0,0,0,141,29,72,0,0,0,2
109,35,389,22,0,128,101,0,52,0,93,45,272,56,291,144,0,15,116,100,99,0,110,148,52,0,188,0,129,0,158,8,443,0,96,0,201,0,328,0,73,0,22,0,0,0,54,0,50,0,60,0,0,0,0,0,0,0,0,0,0,0,0,0,13,0,0,0,0,0,0,0,11,0,29,0,0,0,0,0,0,0,0,0,0,0,0,0,0,0,0,0,0,0,0,0,0,0,0,0,0,0,0,0,0,0,0,0,0,0,0,0,0,0,0,0,0,0,0,0,0,0,0,0,19,0,18,0,0,0,18,0,0,0,0,0,0,0,0,0,0,0,117,0,0,0,49,0,39,0,54,0,16,0,0,0,0,0,0,0,0,0,0,0,54,0,179,0,284,0,0,0,282,0,0,0,330,129,110,5,0,0,38,0,39,0,16,0,0,0,0,0,0,0,0,0,0,0,0,0,0,0,0,0,0,0,16,0,0,0,830,163,380,0,301,3,0,0,44,0,0,0,0,0,0
0,340,0,273,128,0,4,194,0,101,54,139,59,187,377,235,0,0,69,123,78,148,26,249,0,17,0,225,0,63,0,243,0,906,0,200,10,272,2,0,0,36,0,0,0,0,0,81,0,0,0,51,0,0,0,54,0,8,0,44,0,0,0,20,0,23,0,0,0,0,0,0,0,0,0,0,0,0,0,0,0,0,0,0,0,0,0,0,0,0,0,0,0,0,0,0,0,0,0,0,0,0,0,0,0,0,0,0,0,0,0,0,0,0,0,0,0,0,0,0,0,0,0,0,0,0,0,0,0,0,0,0,0,0,0,115,0,93,0,0,0,0,0,0,0,0,0,0,0,0,0,0,0,0,0,0,0,0,0,0,0,0,0,0,0,57,0,335,0,214,0,63,0,272,0,0,78,169,24,14,0,0,0,0,0,5,0,0,0,0,0,0,0,0,0,0,0,0,0,0,0,0,0,0,0,0,0,0,0,0,0,0,0,0,325,0,0,0,655,113,633,0,0,0,4
46,0,88,0,101,4,0,60,121,109,71,0,62,0,25,0,52,9,0,0,0,0,40,0,60,102,0,0,0,0,0,0,0,0,0,0,0,0,0,0,31,0,0,0,0,0,20,0,125,0,0,0,65,0,87,74,15,0,16,0,223,0,318,0,18,1,3,0,0,0,0,0,0,0,0,0,0,0,0,0,2,2,0,0,0,0,0,0,0,0,0,0,0,0,0,0,0,0,0,0,0,0,0,0,0,0,0,0,0,0,0,0,0,0,0,0,0,0,0,0,0,0,0,0,17,0,13,0,0,0,37,1,3,0,36,0,24,0,4,0,0,0,8,0,0,0,26,0,27,0,23,0,0,0,0,0,16,0,0,0,20,0,0,0,0,0,0,0,20,3,150,0,95,0,0,1,153,49,0,0,0,0,9,0,5,0,11,0,0,0,0,0,0,0,0,0,0,0,1,0,0,0,0,0,0,0,5,0,24,0,673,96,172,341,612,0,29,0,0,0,0,0,0,0,0
103,95,0,113,0,194,60,0,0,8,0,59,0,72,0,227,51,62,0,120,0,44,0,130,189,341,0,87,0,247,1,0,0,79,0,0,0,137,0,781,0,0,0,0,0,0,0,0,0,10,0,0,0,37,0,87,0,16,1,65,0,409,21,160,0,0,0,16,0,7,0,0,0,0,0,0,0,0,0,0,0,0,0,0,0,0,0,0,0,0,0,1,0,0,0,0,0,0,0,0,0,0,0,0,0,0,0,0,0,0,0,0,0,0,0,0,0,0,0,0,0,0,0,0,1,0,0,0,0,0,0,27,0,11,0,0,0,64,0,0,0,0,0,0,0,6,0,0,0,11,0,0,0,0,0,8,0,17,0,0,0,10,0,0,0,0,0,0,0,65,0,122,0,0,0,0,81,140,0,0,0,0,1,20,0,0,0,0,0,0,0,0,0,0,0,0,0,0,0,7,0,0,0,0,0,0,0,0,0,39,0,0,0,0,474,0,0,0,641,101,302,552,0,86,10
168,0,34,0,52,0,121,0,0,123,77,0,43,0,8,0,26,5,5,0,0,0,0,0,42,63,35,0,0,0,0,0,0,0,0,0,5,0,19,0,8,0,0,0,0,0,23,0,78,0,0,0,280,43,204,251,18,53,95,0,249,0,307,0,69,0,132,74,0,0,7,0,0,0,0,0,0,0,0,0,0,0,0,0,40,0,7,0,0,0,0,0,0,0,0,0,0,0,0,0,0,2,2,0,0,0,0,0,0,0,0,0,0,0,0,0,0,0,0,0,8,0,0,0,17,0,17,0,0,0,31,0,0,0,17,0,0,0,0,0,6,0,13,0,0,0,66,0,72,0,29,0,14,0,14,0,49,0,0,0,20,0,0,0,0,0,0,0,61,0,255,0,130,0,0,0,412,23,11,0,0,0,36,0,178,34,10,0,0,0,0,0,0,0,0,0,0,0,0,0,14,0,0,0,0,0,0,0,8,0,1043,276,282,334,595,1,0,0,0,0,0,0,0,0,0
0,100,0,17,0,101,109,8,123,0,0,48,0,61,0,0,20,0,0,87,0,0,18,0,377,18,0,115,0,0,0,0,0,0,0,0,0,0,0,0,0,6,0,0,0,27,0,17,0,12,0,0,34,284,189,250,0,27,0,163,0,253,77,264,0,82,6,123,0,4,0,0,0,0,0,2,0,0,0,0,0,0,0,0,0,0,0,0,0,0,0,0,0,0,0,0,0,18,0,12,0,7,0,0,0,0,0,32,0,0,0,0,0,0,0,0,0,0,0,0,0,0,0,0,0,68,0,20,0,0,0,76,0,0,0,128,0,77,0,0,0,0,0,0,0,0,0,31,0,99,0,32,0,37,0,22,0,83,0,0,0,49,1,0,0,29,0,0,0,45,0,103,0,54,0,0,145,352,0,3,0,0,0,63,0,132,0,0,0,0,0,0,0,0,0,0,0,0,0,8,0,39,0,0,0,0,0,7,0,101,0,0,4,0,627,0,0,0,934,230,482,504,0,150,20
138,0,163,0,93,54,71,0,77,0,0,21,384,0,63,90,33,9,9,27,78,12,41,62,0,0,37,0,54,0,72,0,300,35,0,0,175,0,310,0,68,0,0,0,0,0,33,0,42,0,3,0,0,0,0,0,0,0,0,0,0,0,0,0,0,0,0,0,0,0,0,0,0,0,0,0,0,0,0,0,0,0,0,0,0,0,0,0,0,0,0,0,0,0,0,0,0,0,0,0,0,0,0,0,0,0,0,0,0,0,0,0,0,0,0,0,0,0,0,0,0,0,0,0,0,0,0,0,0,0,0,0,0,0,13,0,0,0,0,0,0,0,0,0,0,0,16,0,38,0,66,0,44,0,0,0,0,0,0,0,0,0,0,0,9,0,102,0,148,6,0,0,165,0,0,0,279,64,146,0,53,0,103,0,67,0,45,0,0,0,0,0,0,0,0,0,0,0,0,0,0,0,0,0,0,0,0,0,0,0,675,149,202,219,202,0,0,0,0,0,0,0,0,0,0
0,185,12,30,45,139,0,59,0,48,21,0,0,266,208,25,0,0,23,16,41,100,15,126,0,0,0,135,0,0,3,83,0,713,0,49,3,200,5,17,0,124,0,0,0,23,0,166,0,27,0,15,0,0,0,0,0,0,0,14,0,0,0,0,0,0,0,3,0,0,0,0,0,0,0,0,0,0,0,0,0,0,0,3,0,0,0,0,0,0,0,0,0,0,0,0,0,0,0,0,0,0,0,0,0,0,0,0,0,0,0,0,0,0,0,0,0,0,0,0,0,0,0,0,0,0,0,0,0,0,0,3,0,0,0,0,0,0,0,0,0,0,0,0,0,0,0,0,0,0,0,40,0,47,0,0,0,0,0,0,0,0,0,9,0,0,0,127,0,81,1,41,0,96,0,17,37,281,5,27,0,60,0,25,0,36,0,7,0,0,0,0,0,0,0,0,0,0,0,0,0,0,0,0,0,0,0,0,0,0,11,5,13,2,233,0,0,0,664,175,359,379,0,0,3
101,0,137,0,272,59,62,0,43,0,384,0,0,277,115,0,9,0,89,189,50,56,0,0,0,0,118,643,0,0,0,0,37,7,169,0,85,0,0,0,208,123,212,0,49,48,168,162,46,7,235,12,0,0,0,0,0,0,0,0,0,0,0,0,0,0,0,0,0,0,0,0,0,0,0,0,0,0,0,0,0,0,0,0,62,0,0,0,0,0,0,0,0,0,0,0,0,0,0,0,0,0,0,0,0,0,0,0,0,0,0,0,0,0,0,0,0,0,0,0,0,0,0,0,0,0,0,0,0,0,0,0,0,0,0,0,0,0,0,0,0,0,0,0,0,0,0,0,0,0,26,0,0,0,0,0,0,0,0,0,0,0,0,0,173,0,22,0,0,0,0,0,0,0,0,0,251,89,178,0,26,0,24,0,22,0,191,4,0,0,0,0,0,0,0,0,0,0,0,0,56,0,0,0,0,0,0,0,0,0,197,216,513,0,34,0,0,0,0,0,0,0,0,0,0
0,169,0,53,56,187,0,72,0,61,0,266,277,0,108,11,0,0,216,98,86,60,0,0,0,0,273,135,0,0,0,24,0,68,0,251,0,267,0,0,35,333,52,189,25,52,0,252,0,20,70,473,0,0,0,0,0,4,0,0,0,0,0,0,0,0,0,0,0,0,0,0,0,0,0,0,0,0,0,0,0,0,0,0,0,0,0,0,0,0,0,0,0,0,0,0,0,0,0,0,0,0,0,0,0,0,0,0,0,0,0,0,0,0,0,0,0,0,0,0,0,0,0,0,0,0,0,0,0,0,0,0,0,0,0,0,0,0,0,0,0,0,0,0,0,0,0,0,0,0,0,0,0,0,0,0,0,0,0,0,0,0,0,0,0,162,0,102,0,150,0,23,0,35,0,0,70,218,7,18,0,0,0,0,0,0,27,50,0,0,0,0,0,0,0,0,0,0,0,0,0,0,0,0,0,0,0,0,0,0,0,0,0,0,137,0,0,0,373,228,721,171,0,3,0
8,10,373,0,291,377,25,0,8,0,63,208,115,108,0,181,22,12,288,244,99,76,433,235,131,0,237,33,14,0,96,20,145,231,26,0,48,19,23,0,16,0,4,0,0,0,25,0,4,0,13,0,0,0,0,0,0,0,0,0,2,0,9,0,0,0,1,0,0,0,4,1,0,0,2,0,0,0,0,0,0,0,0,0,0,0,0,0,0,0,0,0,0,0,0,0,0,0,0,0,0,0,0,0,0,0,0,0,0,0,0,0,0,0,0,0,0,0,0,0,0,0,0,0,0,0,0,0,0,0,0,0,0,0,0,0,82,0,0,0,0,0,0,0,0,0,0,0,35,0,50,0,0,0,3,0,0,0,0,0,6,0,0,2,0,0,44,0,60,0,0,4,41,0,4,0,216,161,13,4,0,0,0,0,22,0,0,0,0,0,0,0,0,0,0,0,0,0,0,0,0,0,0,0,0,0,0,0,47,0,138,68,76,0,59,0,0,0,128,0,166,101,0,3,0
83,30,169,96,144,235,0,227,0,0,90,25,0,11,181,0,39,81,5,343,51,169,249,373,0,69,0,121,0,42,0,72,0,378,0,14,0,59,0,28,0,0,0,3,0,6,0,0,0,0,0,0,0,19,0,57,0,0,0,0,0,10,0,23,0,0,0,0,0,0,0,0,0,0,0,0,0,0,0,0,0,18,0,0,0,27,0,10,0,0,0,0,0,0,0,0,0,67,0,0,0,0,0,0,0,0,0,0,0,0,0,0,0,0,0,0,0,0,0,0,0,0,0,0,0,0,0,0,0,0,0,0,1,46,0,302,0,256,0,0,0,15,0,0,0,0,0,0,0,11,0,0,0,0,0,10,0,5,0,10,0,0,0,0,0,0,0,93,0,48,0,22,0,71,0,0,87,225,0,15,0,0,1,0,0,0,0,0,0,0,0,0,0,0,0,0,0,0,0,0,0,183,0,0,0,0,0,0,0,0,0,0,0,0,43,0,0,0,98,20,114,72,0,0,0
0,44,188,6,0,0,52,51,26,20,33,0,9,0,22,39,0,28,46,0,269,0,118,41,96,95,175,0,86,0,95,0,110,0,54,0,4,0,121,0,0,0,0,0,70,0,28,0,0,0,15,0,121,6,2,0,0,0,1,0,51,0,497,0,0,0,0,0,6,0,4,0,0,0,11,0,0,0,0,0,43,0,0,0,346,0,29,0,0,0,14,0,0,0,0,0,345,0,127,0,0,0,0,0,0,0,35,0,0,0,0,0,0,0,0,0,0,0,0,0,24,0,54,0,0,0,0,0,75,0,0,0,8,0,0,0,224,0,57,0,71,0,227,0,3,0,0,0,0,0,0,0,0,0,47,0,3,0,17,0,0,0,0,0,0,0,0,0,0,0,14,0,29,0,0,0,37,8,0,0,0,0,95,0,0,0,0,0,0,0,0,0,0,0,0,0,0,0,0,0,114,3,0,0,0,0,0,0,0,0,64,19,33,104,66,0,0,0,27,0,18,0,0,0,0
65,72,71,21,15,0,9,62,5,0,9,0,0,0,12,81,28,0,0,75,0,188,123,80,44,65,0,82,0,87,0,38,0,52,0,35,0,31,0,138,0,0,0,13,0,0,0,0,0,0,0,0,0,157,1,65,0,12,0,0,3,46,0,234,0,0,0,0,0,0,0,0,0,0,0,0,0,4,0,0,0,52,0,13,0,52,0,0,0,0,0,9,0,0,0,0,0,41,0,58,0,22,0,0,0,0,0,11,0,0,0,0,0,0,0,0,0,0,0,0,0,0,0,0,0,0,0,7,0,35,0,0,0,24,0,143,0,162,0,130,0,45,0,188,0,1,0,0,0,0,0,0,0,0,0,20,0,0,0,37,0,10,0,0,0,6,0,4,0,0,0,13,0,16,0,0,28,37,0,0,0,0,0,0,0,0,0,0,0,0,0,0,0,0,0,0,0,0,0,0,0,30,0,0,0,0,0,0,0,9,0,0,0,0,5,0,0,0,5,4,14,15,0,4,0
13,0,73,0,116,69,0,0,5,0,9,23,89,216,288,5,46,0,0,249,186,43,350,0,96,0,312,292,12,0,44,0,70,0,332,0,93,8,12,0,26,9,57,0,53,0,41,0,9,0,204,0,0,0,0,0,0,0,0,0,0,0,20,0,1,0,0,0,0,0,0,0,0,0,0,0,0,0,0,0,0,0,0,0,0,0,0,0,0,0,0,0,0,0,0,0,0,0,0,0,0,0,0,0,0,0,0,0,0,0,0,0,0,0,0,0,0,0,0,0,0,0,0,0,0,0,0,0,0,0,0,0,0,0,0,0,0,0,0,0,0,0,96,0,0,0,0,0,0,0,25,0,0,0,0,0,0,0,0,0,0,0,0,0,62,0,33,0,75,0,0,0,19,0,0,0,55,45,8,0,0,0,0,0,3,0,11,5,0,0,0,0,0,0,0,0,0,0,0,0,0,0,0,0,0,0,0,0,0,0,153,69,134,0,26,0,0,0,0,0,0,0,0,0,0
0,107,0,170,100,123,0,120,0,87,27,16,189,98,244,343,0,75,249,0,135,203,0,242,0,56,100,324,0,9,0,154,0,109,0,542,0,171,0,0,0,11,12,34,0,22,0,89,0,0,44,108,0,42,0,54,0,8,0,13,0,0,0,40,0,24,0,0,0,0,0,0,0,0,0,0,0,0,0,0,0,0,0,0,0,0,0,0,0,0,0,0,0,0,0,0,0,0,0,96,0,52,0,0,0,0,0,0,0,0,0,0,0,0,0,0,0,0,0,0,0,0,0,0,0,0,0,0,0,0,0,0,0,0,0,427,0,246,0,0,0,0,0,0,0,0,0,0,0,60,0,0,0,0,0,0,0,0,0,0,0,15,0,0,0,23,0,61,0,51,0,0,0,10,0,0,30,59,11,6,0,0,0,5,0,22,3,1,0,0,0,0,0,0,0,0,0,0,0,0,0,219,0,0,0,0,0,0,0,0,0,0,0,0,0,0,0,0,107,46,112,0,0,0,0
4,0,23,4,99,78,0,0,0,0,78,41,50,86,99,51,269,0,186,135,0,29,310,48,37,0,228,105,78,0,58,0,91,47,49,0,20,0,35,0,0,0,48,0,81,0,6,10,9,0,91,0,20,0,0,0,0,0,0,0,7,0,52,0,0,0,0,0,0,0,25,0,9,0,24,0,0,0,0,0,78,0,5,0,230,0,0,0,0,0,0,0,0,0,0,0,231,0,202,0,0,0,0,0,0,0,0,0,0,0,0,0,0,0,0,0,0,0,0,0,47,0,29,0,0,0,0,0,0,0,0,0,0,0,0,0,66,0,0,0,88,0,0,0,27,0,0,0,0,0,0,1,0,0,12,0,0,0,0,0,0,0,0,0,66,0,83,16,144,0,0,0,37,7,0,0,46,26,23,0,0,0,0,0,0,0,0,1,0,0,0,0,0,0,0,0,0,0,0,0,0,0,0,0,0,0,0,0,5,0,319,124,156,115,62,0,0,3,32,0,35,0,0,1,0
0,0,0,0,0,148,0,44,0,0,12,100,56,60,76,169,0,188,43,203,29,0,0,243,0,57,27,241,0,47,0,39,0,45,11,82,4,15,0,12,0,0,9,39,0,115,0,10,0,16,0,40,0,0,0,64,0,0,0,0,0,28,0,108,0,0,0,0,0,0,0,0,0,0,0,0,0,0,0,0,0,114,0,0,0,103,0,28,0,0,0,0,0,0,0,0,0,0,0,79,0,0,0,0,0,0,0,0,0,0,0,0,0,0,0,0,0,0,0,0,0,0,0,0,0,0,0,0,0,0,0,0,0,0,0,0,0,0,0,128,0,162,0,271,0,0,0,0,0,1,0,0,0,0,0,0,0,0,0,0,0,0,0,10,0,37,0,113,0,80,0,24,0,40,0,0,8,18,5,10,0,0,0,0,0,0,0,4,0,0,0,0,0,0,0,0,0,0,0,0,0,0,0,0,0,0,0,0,0,0,0,0,0,0,90,0,0,0,297,120,285,128,0,0,1
40,217,602,71,110,26,40,0,0,18,41,15,0,0,433,249,118,123,350,0,310,0,0,303,119,307,333,0,33,4,36,0,28,0,0,0,18,0,154,0,0,0,0,0,47,0,94,0,11,0,11,0,14,0,19,0,0,0,0,0,0,0,81,14,0,0,0,0,0,0,0,0,0,0,0,0,0,0,0,0,0,0,0,0,142,0,0,0,0,0,4,0,0,0,0,0,122,0,0,7,0,0,0,0,0,0,0,0,0,0,0,0,0,0,0,0,0,0,0,0,0,0,0,0,8,0,0,0,49,0,10,0,0,0,63,0,163,0,0,0,0,0,143,6,0,0,6,0,0,0,21,0,0,0,31,0,0,0,6,0,30,0,0,0,0,0,6,0,62,14,10,0,99,69,1,0,215,117,0,0,0,0,70,0,2,0,6,0,0,0,1,0,0,0,0,0,0,0,0,0,187,0,0,0,0,0,13,0,37,0,123,27,37,58,86,0,0,0,124,12,0,73,0,0,0
91,77,180,297,148,249,0,130,0,0,62,126,0,0,235,373,41,80,0,242,48,243,303,0,0,48,0,193,0,120,0,14,11,42,0,40,0,20,24,22,0,0,0,14,0,20,0,0,0,6,0,20,0,28,0,34,0,9,0,0,0,0,0,88,0,0,0,0,0,0,0,2,0,0,0,0,0,0,0,0,0,80,0,0,0,70,0,0,0,0,0,0,0,0,0,23,0,43,0,75,0,21,0,0,0,0,0,15,0,0,0,0,0,0,0,0,0,0,0,0,0,0,0,0,0,0,0,0,0,19,0,0,0,0,0,130,0,100,0,64,0,29,0,167,0,0,0,0,0,1,0,0,0,0,0,6,0,0,0,0,0,0,0,0,0,0,0,37,0,22,0,14,0,38,0,0,78,162,3,10,0,0,3,0,0,0,0,0,0,0,0,0,0,0,0,0,0,0,0,0,0,49,0,0,0,0,0,0,0,0,0,0,0,0,0,0,0,0,55,19,55,30,0,9,0
16,70,254,0,52,0,60,189,42,377,0,0,0,0,131,0,96,44,96,0,37,0,119,0,0,356,187,0,10,0,0,0,0,0,9,0,2,0,8,0,0,0,0,0,39,0,65,0,20,0,0,0,199,38,81,306,49,0,9,0,70,62,243,69,0,0,0,0,0,0,0,1,0,0,0,0,0,0,0,0,0,7,0,6,116,9,1,0,0,0,0,0,0,0,0,10,54,0,0,0,0,7,0,0,0,0,0,0,0,0,0,0,0,0,0,0,0,0,0,0,0,0,0,0,25,0,11,0,152,0,57,0,59,0,142,0,363,11,0,0,0,0,221,15,0,0,11,0,0,0,70,0,5,0,59,0,5,0,37,0,140,0,0,0,0,0,1,0,0,5,106,14,63,42,0,0,219,65,0,0,0,0,54,0,0,0,8,0,0,0,0,0,0,0,0,0,0,0,0,0,237,0,0,0,0,0,14,0,54,0,190,106,111,101,152,0,6,0,0,0,44,0,0,0,0
215,12,150,47,0,17,102,341,63,18,0,0,0,0,0,69,95,65,0,56,0,57,307,48,356,0,0,0,0,14,0,7,0,11,0,0,0,23,0,40,0,0,0,0,0,5,0,0,2,0,0,0,5,48,15,168,0,54,0,5,16,59,35,62,0,1,0,0,0,0,0,0,0,0,0,0,0,0,0,0,3,0,0,0,0,0,0,0,0,0,0,0,0,0,0,0,0,29,0,12,0,0,0,0,0,0,0,0,0,0,0,0,0,0,0,0,0,0,0,0,0,0,0,0,0,0,0,0,0,52,0,36,0,0,0,237,0,223,0,53,0,0,0,26,0,2,0,0,0,6,0,0,0,0,0,31,0,0,0,23,0,24,0,0,0,0,0,0,0,0,0,25,0,58,0,0,88,117,0,0,0,0,0,4,0,0,0,0,0,0,0,0,0,0,0,0,0,0,0,0,0,116,0,0,0,0,0,2,0,12,0,0,0,0,43,1,0,0,139,24,57,33,0,0,0
0,0,89,0,188,0,0,0,35,0,37,0,118,273,237,0,175,0,312,100,228,27,333,0,187,0,0,677,37,0,14,0,32,0,94,0,81,0,14,0,30,258,315,30,199,63,75,362,32,7,283,0,0,0,0,0,0,0,0,0,0,0,62,0,0,0,0,0,0,0,0,0,0,0,0,0,0,0,0,0,0,0,0,0,0,0,0,0,0,0,0,0,0,0,0,0,0,0,0,0,0,0,0,0,0,0,0,0,0,0,0,0,0,0,0,0,0,0,0,0,0,0,0,0,0,0,18,0,0,0,22,0,0,0,116,0,248,0,0,0,0,0,0,0,0,0,51,0,56,0,0,0,0,0,0,0,6,0,0,0,0,0,0,0,181,0,38,0,0,0,0,0,0,0,0,0,41,96,15,0,0,0,39,0,24,0,84,5,0,0,0,0,0,0,0,0,0,0,0,0,0,0,0,0,0,0,0,0,0,0,131,233,514,0,45,0,0,34,0,0,0,0,0,0,0
0,181,0,58,0,225,0,87,0,115,0,135,643,135,33,121,0,82,292,324,105,241,0,193,0,0,677,0,0,0,0,71,0,0,54,223,0,73,0,0,126,23,150,215,53,225,102,223,6,29,162,404,0,0,0,60,0,0,0,28,0,0,0,139,0,24,0,0,0,0,0,0,0,0,0,0,0,0,0,0,0,192,0,0,0,0,0,0,0,0,0,0,0,0,0,0,0,0,0,224,0,0,0,0,0,0,0,0,0,0,0,0,0,0,0,0,0,0,0,1,0,0,0,0,0,0,0,0,0,0,0,0,0,0,0,0,0,0,0,0,0,0,0,0,0,0,1,0,0,0,0,0,0,35,0,0,0,23,0,0,0,0,0,0,0,162,0,68,0,152,0,0,0,0,0,0,41,115,7,5,0,33,0,9,0,42,36,15,0,0,0,0,0,0,0,0,0,0,0,0,0,0,0,0,0,0,0,0,0,0,0,0,0,0,96,0,0,0,268,235,733,146,0,0,28
78,0,198,0,129,0,0,0,0,0,54,0,0,0,14,0,86,0,12,0,78,0,33,0,10,0,37,0,0,0,46,0,7,0,38,0,15,0,22,0,0,0,22,0,6,0,0,0,0,0,21,0,9,0,0,0,0,0,0,0,0,0,40,0,0,0,0,0,0,0,12,0,0,0,19,0,0,0,0,0,0,0,0,0,118,0,0,0,0,0,0,0,0,0,0,0,0,0,95,0,0,0,0,0,0,0,0,0,0,0,0,0,0,0,0,0,0,0,0,0,22,0,33,0,0,0,0,0,0,0,0,0,0,0,0,0,33,0,0,0,107,0,106,0,16,0,0,0,0,0,0,0,0,0,12,0,0,0,0,0,1,0,0,0,0,0,0,0,0,0,0,0,2,0,0,0,17,0,0,0,0,0,18,0,0,0,0,0,0,0,0,0,0,0,0,0,0,0,0,0,0,0,0,0,0,0,0,0,0,0,6,0,4,0,0,0,0,0,0,0,0,0,0,0,0
0,176,0,153,0,63,0,247,0,0,0,0,0,0,0,42,0,87,0,9,0,47,4,120,0,14,0,0,0,0,0,63,0,64,0,54,0,12,0,73,0,0,0,0,0,0,0,0,0,0,0,0,0,17,0,51,0,4,0,0,0,4,0,120,0,0,0,0,0,0,0,0,0,0,0,0,0,1,0,0,0,41,0,0,0,41,0,0,0,0,0,0,0,0,0,0,0,22,0,0,0,0,0,0,0,0,0,0,0,0,0,0,0,0,0,0,0,0,0,0,0,0,0,0,0,0,0,0,0,0,0,0,0,16,0,115,0,142,0,186,0,122,0,237,0,8,0,0,0,0,0,0,0,0,0,4,0,0,0,0,0,0,0,0,0,0,0,1,0,0,0,0,0,0,0,0,0,0,0,5,0,0,0,0,0,0,0,0,0,0,0,0,0,0,0,0,0,0,0,0,0,0,0,0,0,0,0,0,0,0,0,1,0,0,0,0,0,0,0,0,0,5,0,0,0
0,0,27,0,158,0,0,1,0,0,72,3,0,0,96,0,95,0,44,0,58,0,36,0,0,0,14,0,46,0,0,0,17,0,4,0,26,0,37,0,0,0,14,0,4,0,0,0,5,0,11,0,6,0,0,0,0,0,0,0,7,0,23,0,0,0,0,0,0,0,12,0,0,0,0,0,0,0,8,0,0,0,0,0,0,0,0,0,0,0,0,0,0,0,0,0,0,0,0,0,0,0,0,0,0,0,0,0,0,0,0,0,0,0,0,0,0,0,0,0,18,0,0,0,0,0,0,0,0,0,0,0,0,0,0,0,0,0,0,0,59,0,43,0,0,0,0,0,0,0,0,0,0,0,0,0,0,0,0,0,0,0,0,0,17,0,33,0,38,0,0,0,23,0,0,0,15,0,20,0,0,0,0,0,0,0,0,0,0,0,0,0,0,0,0,0,0,0,0,0,0,0,0,0,0,0,0,0,0,0,46,21,0,0,13,0,0,0,0,0,0,0,0,0,0
0,0,0,15,8,243,0,0,0,0,0,83,0,24,20,72,0,38,0,154,0,39,0,14,0,7,0,71,0,63,0,0,0,3,0,22,0,9,0,16,0,0,0,9,0,8,0,0,0,1,0,15,0,7,0,13,0,0,0,0,0,6,0,42,0,0,0,0,0,0,0,0,0,0,0,2,0,0,0,0,0,0,0,0,0,0,0,0,0,0,0,0,0,0,0,9,0,0,0,0,0,0,0,0,0,0,0,0,0,0,0,0,0,0,0,0,0,0,0,0,0,0,0,0,0,0,0,0,0,0,0,0,0,0,0,34,0,0,0,94,0,81,0,101,0,0,0,0,0,0,0,0,0,0,0,1,0,0,0,0,0,0,0,0,0,0,0,9,0,0,0,0,0,0,0,0,3,27,0,5,0,0,0,0,0,0,0,0,0,0,0,0,0,0,0,0,0,0,0,0,0,0,0,0,0,0,0,0,0,0,0,0,0,0,0,0,0,0,8,0,0,0,0,0,0
0,0,83,0,443,0,0,0,0,0,300,0,37,0,145,0,110,0,70,0,91,0,28,11,0,0,32,0,7,0,17,0,0,0,47,0,284,0,3,0,0,0,66,0,11,0,0,0,0,0,43,0,0,0,2,0,0,0,0,0,15,0,9,0,0,0,0,0,0,0,0,0,0,0,0,0,0,0,0,0,0,0,0,0,0,0,0,0,0,0,0,0,0,0,0,0,0,0,30,0,0,0,0,0,0,0,0,0,0,0,0,0,0,0,0,0,0,0,0,0,0,0,0,0,0,0,0,0,0,0,0,0,0,0,0,0,0,0,0,0,0,0,0,0,0,0,0,0,0,0,0,0,0,0,9,0,0,0,0,0,0,0,0,0,5,0,26,0,30,0,2,0,16,1,0,0,58,9,116,0,0,1,0,0,0,0,0,0,0,0,0,0,0,0,0,0,0,0,0,0,0,0,0,0,0,0,0,0,0,0,42,20,32,14,12,0,0,0,0,0,0,0,0,0,0
0,312,0,337,0,906,0,79,0,0,35,713,7,68,231,378,0,52,0,109,47,45,0,42,0,11,0,0,0,64,0,3,0,0,0,127,0,110,0,16,0,0,0,64,0,22,0,0,0,6,0,29,0,32,0,27,0,0,0,0,0,17,0,48,0,0,0,0,0,0,0,0,0,0,0,0,0,0,0,0,0,35,0,0,0,0,0,0,0,0,0,0,0,0,0,0,0,0,0,0,0,0,0,0,0,0,0,0,0,0,0,0,0,0,0,0,0,0,0,0,0,0,0,0,0,0,0,0,0,0,0,0,0,0,0,0,0,0,0,61,0,54,0,98,0,0,0,0,0,0,0,0,0,0,0,0,0,39,0,9,0,0,0,0,0,0,0,58,0,5,0,0,0,0,0,0,39,186,0,67,0,0,0,0,0,0,0,2,0,0,0,0,0,0,0,0,0,0,0,0,0,0,0,0,0,0,0,0,0,0,0,0,0,0,0,0,0,0,0,9,0,0,0,0,0
0,0,0,0,96,0,0,0,0,0,0,0,169,0,26,0,54,0,332,0,49,11,0,0,9,0,94,54,38,0,4,0,47,0,0,0,45,0,37,0,0,6,13,0,9,0,0,0,7,0,48,0,0,0,0,0,0,0,0,0,8,0,0,0,0,0,0,0,0,0,18,0,0,0,0,0,0,0,0,0,0,0,0,0,0,0,0,0,0,0,0,0,0,0,0,0,0,0,0,0,0,0,0,0,0,0,0,0,0,0,0,0,0,0,0,0,0,0,0,0,0,0,0,0,0,0,0,0,0,0,0,0,0,0,0,0,0,0,0,0,40,0,0,0,20,0,0,0,0,0,0,0,0,0,0,0,0,0,0,0,0,0,0,0,94,0,77,0,73,0,0,0,23,0,0,0,0,0,25,2,0,0,0,0,0,0,9,0,0,0,0,0,0,0,0,0,0,0,0,0,0,0,0,0,0,0,0,0,0,0,115,54,123,0,0,0,0,0,0,0,0,0,0,0,0
0,0,0,0,0,200,0,0,0,0,0,49,0,251,0,14,0,35,0,542,0,82,0,40,0,0,0,223,0,54,0,22,0,127,0,0,0,68,0,39,0,0,0,10,0,56,0,0,0,4,0,52,0,0,0,0,0,0,0,0,0,38,0,75,0,0,0,0,0,0,0,0,0,0,0,0,0,0,0,0,0,0,0,0,0,0,0,0,0,0,0,0,0,0,0,0,0,0,0,0,0,15,0,0,0,0,0,0,0,0,0,0,0,0,0,0,0,0,0,0,0,0,0,0,0,0,0,0,0,0,0,0,0,0,0,0,0,0,0,144,0,142,0,164,0,49,0,0,0,0,0,0,0,0,0,0,0,0,0,0,0,0,0,0,0,19,0,48,0,40,0,8,0,10,0,0,0,14,0,0,0,0,0,0,0,0,0,15,0,0,0,0,0,0,0,0,0,0,0,0,0,0,0,0,0,0,0,0,0,0,0,0,0,0,0,0,0,0,60,14,83,40,0,0,0
24,0,36,0,201,10,0,0,5,0,175,3,85,0,48,0,4,0,93,0,20,4,18,0,2,0,81,0,15,0,26,0,284,0,45,0,0,0,49,0,0,0,46,0,29,0,0,0,4,0,50,0,17,0,0,0,0,0,0,0,47,0,15,0,0,0,0,0,0,0,42,0,0,0,16,0,0,0,0,0,0,0,0,0,0,0,0,0,0,0,0,0,0,0,0,0,68,0,0,0,0,0,0,0,0,0,0,0,0,0,0,0,0,0,0,0,0,0,0,0,16,0,0,0,0,0,0,0,0,0,0,0,0,0,0,0,0,0,131,0,195,0,50,0,114,0,0,0,0,0,0,0,0,0,40,0,26,0,32,0,0,0,5,0,33,0,19,1,80,0,11,0,43,0,0,0,40,0,44,0,0,0,18,0,0,0,0,0,0,0,0,0,0,0,0,0,0,0,0,0,0,0,0,0,0,0,0,0,0,0,38,6,32,26,0,0,0,0,0,0,0,0,0,0,0
0,368,0,64,0,272,0,137,0,0,0,200,0,267,19,59,0,31,8,171,0,15,0,20,0,23,0,73,0,12,0,9,0,110,0,68,0,0,0,81,0,0,0,74,0,30,0,0,0,2,0,42,0,13,0,46,0,3,0,0,0,82,0,57,0,0,0,0,0,0,0,0,0,0,0,0,0,0,0,0,0,0,0,0,0,0,0,0,0,0,0,0,0,0,0,0,0,0,0,0,0,0,0,0,0,0,0,0,0,0,0,0,0,0,0,0,0,0,0,0,0,0,0,0,0,0,0,0,0,0,0,0,0,0,0,0,0,0,0,135,0,179,0,164,0,119,0,0,0,0,0,0,0,0,0,0,0,78,0,0,0,0,0,2,0,13,0,46,0,41,0,10,0,51,0,0,6,110,3,16,0,0,0,20,0,0,0,8,0,0,0,0,0,0,0,0,0,0,0,0,0,0,0,0,0,0,0,0,0,0,0,0,0,0,0,0,0,0,0,14,35,14,0,0,0
469,0,549,0,328,2,0,0,19,0,310,5,0,0,23,0,121,0,12,0,35,0,154,24,8,0,14,0,22,0,37,0,3,0,37,0,49,0,0,0,0,0,49,0,10,0,4,0,5,0,21,0,15,0,0,0,0,0,0,0,16,0,32,0,0,0,0,0,0,0,0,0,0,0,0,0,1,0,0,0,0,0,0,0,0,0,0,0,0,0,0,0,0,0,0,0,0,0,0,0,0,0,0,0,0,0,0,0,0,0,0,0,0,0,0,0,0,0,0,0,0,0,0,0,0,0,0,0,0,0,0,0,0,0,0,0,0,0,59,0,56,0,11,0,0,0,0,0,4,0,0,0,0,0,52,0,8,0,0,0,0,0,0,0,0,0,42,0,0,0,0,0,33,0,0,0,184,24,29,0,0,0,212,0,0,0,0,0,0,0,0,0,0,0,0,0,1,0,0,0,0,0,0,0,0,0,1,0,0,0,13,0,9,24,8,0,1,0,0,0,0,0,0,0,0
0,655,0,172,0,0,0,781,0,0,0,17,0,0,0,28,0,138,0,0,0,12,0,22,0,40,0,0,0,73,0,16,0,16,0,39,0,81,0,0,0,0,0,0,0,0,0,0,0,0,0,11,0,13,0,46,0,0,0,0,0,0,0,44,0,0,0,0,0,0,0,0,0,0,0,0,0,0,0,0,0,0,0,0,0,4,0,0,0,0,0,4,0,0,0,0,0,0,0,0,0,0,0,0,0,0,0,0,0,0,0,0,0,0,0,0,0,0,0,0,0,0,0,0,0,0,0,0,0,0,0,0,0,0,0,97,0,51,0,116,0,46,0,21,0,36,0,0,0,0,0,0,0,0,0,1,0,16,0,21,0,0,0,0,0,0,0,3,0,0,0,5,0,20,0,0,0,82,0,16,0,0,0,14,0,0,0,0,0,0,0,0,0,0,0,0,0,0,1,0,0,0,0,0,0,0,0,0,0,0,0,0,0,0,0,0,0,0,0,0,0,0,0,0,0
24,0,27,0,73,0,31,0,8,0,68,0,208,35,16,0,0,0,26,0,0,0,0,0,0,0,30,126,0,0,0,0,0,0,0,0,0,0,0,0,0,99,27,0,43,58,211,204,101,26,8,0,0,0,0,0,0,0,0,0,0,0,0,0,0,0,0,0,0,0,0,0,0,0,0,0,0,0,0,0,0,0,0,0,0,0,0,0,0,0,0,0,0,0,0,0,0,0,0,0,0,0,0,0,0,0,0,0,0,0,0,0,0,0,0,0,0,0,0,0,0,0,0,0,2,0,0,0,0,0,0,0,0,0,0,0,0,0,0,0,0,0,0,0,0,0,0,0,0,0,0,0,0,0,0,0,0,0,0,0,0,0,0,0,16,0,0,0,0,0,0,0,0,0,0,0,6,36,19,0,0,0,13,0,14,0,145,0,0,0,0,0,0,0,0,0,0,0,0,0,0,0,0,0,0,0,0,0,0,0,0,49,29,0,0,0,0,14,0,0,0,0,0,0,0
0,50,0,0,0,36,0,0,0,6,0,124,123,333,0,0,0,0,9,11,0,0,0,0,0,0,258,23,0,0,0,0,0,0,6,0,0,0,0,0,99,0,40,27,133,27,168,202,21,115,19,0,0,0,0,0,0,2,0,4,0,0,0,0,0,0,0,0,0,0,0,0,0,0,0,0,0,0,0,0,0,0,0,0,0,0,0,0,0,0,0,0,0,0,0,0,0,0,0,0,0,0,0,0,0,0,0,0,0,0,0,0,0,0,0,0,0,0,0,0,0,0,0,0,0,0,0,0,0,0,0,0,0,0,0,0,0,0,0,0,0,0,0,0,0,0,0,0,0,0,0,0,0,11,0,0,0,0,0,0,0,0,0,0,0,0,0,0,0,0,0,0,0,0,0,0,2,139,0,18,0,24,0,8,0,0,20,11,0,0,0,0,0,0,0,0,0,0,0,0,0,0,0,0,0,0,0,0,0,0,0,0,0,0,0,0,0,0,0,13,35,3,0,0,14
0,0,0,0,22,0,0,0,0,0,0,0,212,52,4,0,0,0,57,12,48,9,0,0,0,0,315,150,22,0,14,0,66,0,13,0,46,0,49,0,27,40,0,4,101,0,28,76,21,0,35,0,0,0,0,0,0,0,1,0,7,0,14,0,0,0,0,0,0,0,35,0,0,0,15,0,0,0,0,0,47,0,0,0,74,0,28,0,0,0,4,0,0,0,0,0,91,0,107,0,6,0,0,0,0,0,0,0,0,0,0,0,0,0,0,0,0,0,0,0,30,0,15,0,0,0,0,0,0,0,0,0,0,0,0,0,0,0,0,0,33,0,0,0,0,0,0,0,0,0,0,0,0,0,11,0,0,0,0,0,0,0,9,0,46,0,26,0,24,0,8,0,35,0,0,0,5,11,18,0,0,0,0,0,3,0,68,1,0,0,0,0,0,0,0,0,0,0,0,0,0,0,0,0,0,0,0,0,0,0,49,48,87,22,13,0,0,11,0,0,0,0,0,0,1
0,0,0,0,0,0,0,0,0,0,0,0,0,189,0,3,0,13,0,34,0,39,0,14,0,0,30,215,0,0,0,9,0,64,0,10,0,74,0,0,0,27,4,0,0,62,4,36,0,4,0,51,0,0,0,46,0,0,0,0,0,0,0,16,0,0,0,0,0,0,0,0,0,0,0,0,0,0,0,5,0,70,0,0,0,0,0,0,0,0,0,0,0,0,0,0,0,0,0,0,0,0,0,0,0,0,0,0,0,0,0,0,0,0,0,0,0,0,0,0,0,0,0,0,0,0,0,0,0,0,0,0,0,0,0,23,0,0,0,35,0,0,0,145,0,0,0,0,0,0,0,0,0,0,0,0,0,14,0,0,0,0,0,0,0,31,0,41,0,29,0,0,0,20,0,0,0,15,0,0,0,0,0,0,0,0,0,40,0,0,0,0,0,0,0,0,0,0,0,0,0,0,0,0,0,0,0,0,0,0,1,0,0,0,16,0,0,0,79,25,51,20,0,0,0
0,0,0,0,0,0,0,0,0,0,0,0,49,25,0,0,70,0,53,0,81,0,47,0,39,0,199,53,6,0,4,0,11,0,9,0,29,0,10,0,43,133,101,0,0,41,328,209,163,26,46,0,18,0,0,0,0,0,0,0,0,0,29,0,0,0,0,0,0,0,31,0,7,0,0,0,0,0,0,0,0,0,0,0,215,0,41,0,0,0,0,0,0,0,18,0,172,0,158,0,17,0,13,1,34,0,0,0,0,0,0,0,0,0,0,0,0,0,0,0,42,0,0,0,0,0,0,0,0,0,0,0,0,0,0,0,96,0,0,0,85,0,102,0,0,0,0,0,7,0,0,0,0,0,17,0,0,0,11,0,0,0,12,0,127,0,34,0,76,0,23,0,49,0,0,0,8,25,4,0,10,0,0,0,0,0,62,2,0,0,0,0,0,0,0,0,0,0,0,0,98,0,0,0,0,0,0,1,0,0,82,101,136,44,16,0,0,85,0,0,0,0,0,0,0
0,28,0,0,0,0,0,0,0,27,0,23,48,52,0,6,0,0,0,22,0,115,0,20,0,5,63,225,0,0,0,8,0,22,0,56,0,30,0,0,58,27,0,62,41,0,149,208,42,172,0,85,0,24,0,60,0,0,0,0,0,18,0,45,0,0,0,0,0,3,0,3,0,0,0,6,0,0,0,0,0,139,0,111,0,91,0,0,0,0,0,0,0,12,0,58,0,28,0,74,0,24,0,19,0,0,0,69,0,0,0,0,0,0,0,0,0,0,0,0,0,25,0,0,0,0,0,0,0,0,0,0,0,0,0,0,0,0,0,0,0,0,0,0,0,0,0,0,0,0,0,0,0,0,0,0,0,19,0,0,0,0,0,9,0,239,0,56,0,166,0,15,0,31,0,0,0,59,0,0,0,0,0,4,0,0,13,19,0,0,0,0,0,0,0,94,0,0,0,0,0,49,0,0,0,0,0,38,7,0,0,0,0,0,28,0,0,0,118,112,314,29,0,2,77
28,0,44,0,54,0,20,0,23,0,33,0,168,0,25,0,28,0,41,0,6,0,94,0,65,0,75,102,0,0,0,0,0,0,0,0,0,0,4,0,211,168,28,4,328,149,0,362,203,76,4,0,0,0,0,0,0,0,0,0,0,0,18,0,4,0,0,0,0,0,0,0,0,0,3,0,0,0,0,0,0,0,0,0,183,0,0,0,0,0,0,0,0,0,0,0,0,0,0,0,0,0,0,0,0,0,0,0,0,0,0,0,0,0,0,0,0,0,0,0,0,0,0,0,0,0,0,0,0,0,13,0,0,0,0,0,163,0,0,0,0,0,123,0,0,0,0,0,41,0,42,0,0,0,7,0,0,0,0,0,0,0,0,0,40,0,7,0,0,0,0,0,0,0,0,0,0,76,9,0,30,0,32,0,40,0,248,0,0,0,0,0,0,0,0,0,0,0,0,0,0,0,0,0,0,0,0,0,0,0,61,112,83,0,0,0,0,91,0,0,7,0,0,0,2
0,84,0,30,0,81,0,0,0,17,0,166,162,252,0,0,0,0,0,89,10,10,0,0,0,0,362,223,0,0,0,0,0,0,0,0,0,0,0,0,204,202,76,36,209,208,362,0,69,162,32,32,0,0,0,0,0,0,0,0,0,0,0,0,0,0,0,0,0,0,0,0,0,0,0,0,0,0,0,0,0,0,0,0,0,0,0,0,0,0,0,0,0,0,0,0,0,0,0,0,0,0,0,0,0,0,0,0,0,0,0,0,0,0,0,0,0,0,0,0,0,0,0,0,0,0,0,0,0,0,0,0,0,0,0,0,0,0,0,0,0,0,0,0,0,0,0,0,0,0,0,22,0,11,0,3,0,0,0,2,0,0,0,0,0,45,0,0,0,0,0,0,0,0,0,0,0,197,0,6,0,20,0,5,0,0,36,16,0,0,0,0,0,0,0,0,0,0,0,0,0,0,0,0,0,0,0,0,0,0,0,0,0,0,0,0,0,0,0,147,155,0,0,0,73
54,2,69,0,50,0,125,0,78,0,42,0,46,0,4,0,0,0,9,0,9,0,11,0,20,2,32,6,0,0,5,0,0,0,7,0,4,0,5,0,101,21,21,0,163,42,203,69,0,38,7,0,14,0,54,0,39,0,39,0,19,0,11,0,0,0,0,0,5,0,10,0,6,0,1,0,0,0,7,0,10,0,5,0,50,0,9,0,14,0,0,0,13,0,14,0,25,0,0,0,18,0,29,0,67,0,14,0,0,0,0,0,0,0,0,0,0,0,0,0,0,0,0,0,9,0,0,0,0,0,0,0,7,0,0,0,0,0,0,0,0,0,33,1,7,0,13,0,7,0,14,0,12,0,0,0,11,0,0,0,16,0,14,0,48,4,66,0,57,0,30,0,76,0,0,0,55,25,18,0,27,2,20,0,18,0,227,0,15,0,17,0,40,0,17,0,5,0,36,0,43,0,103,0,33,0,22,0,9,0,106,208,277,23,73,2,19,31,0,0,5,0,0,3,2
1,9,0,2,0,0,0,10,0,12,0,27,7,20,0,0,0,0,0,0,0,16,0,6,0,0,7,29,0,0,0,1,0,6,0,4,0,2,0,0,26,115,0,4,26,172,76,162,38,0,0,6,0,0,0,0,0,9,0,6,0,2,0,0,0,0,0,0,0,0,0,0,0,0,0,0,0,0,0,0,0,28,0,43,0,20,0,0,0,0,0,0,0,7,0,25,0,9,0,0,0,9,0,12,0,19,0,20,0,0,0,0,0,0,0,0,0,0,0,0,0,0,0,0,0,0,0,0,0,0,0,0,0,0,2,0,0,0,0,0,0,0,0,17,0,3,0,1,0,1,0,0,0,0,0,4,0,0,0,0,0,6,0,2,0,51,0,37,0,20,0,8,0,6,0,5,0,157,0,6,0,0,0,0,0,7,15,63,0,0,0,0,0,0,0,20,0,0,0,0,0,9,0,20,0,0,0,6,0,0,0,0,1,0,16,0,0,0,55,41,79,9,0,3,13
0,0,0,0,60,0,0,0,0,0,3,0,235,70,13,0,15,0,204,44,91,0,11,0,0,0,283,162,21,0,11,0,43,0,48,0,50,0,21,0,8,19,35,0,46,0,4,32,7,0,0,0,6,0,0,0,0,0,0,0,2,0,14,0,0,0,0,0,0,0,0,0,0,0,23,0,0,0,0,0,0,0,0,0,0,0,0,0,0,0,0,0,0,0,0,0,0,0,70,0,0,0,0,0,0,0,0,0,0,0,0,0,0,0,0,0,0,0,0,0,0,0,4,0,0,0,0,0,0,0,0,0,0,0,0,0,0,0,0,0,0,0,0,0,17,0,2,0,0,0,0,0,0,0,0,0,0,0,0,0,0,0,10,0,74,0,16,0,68,0,11,0,51,0,0,0,15,4,26,0,0,0,0,0,0,0,16,0,0,0,0,0,0,0,0,0,0,0,0,0,0,0,0,0,0,0,0,0,0,0,55,46,104,38,14,0,1,2,0,0,0,0,0,0,0
0,0,0,0,0,51,0,0,0,0,0,15,12,473,0,0,0,0,0,108,0,40,0,20,0,0,0,404,0,0,0,15,0,29,0,52,0,42,0,11,0,0,0,51,0,85,0,32,0,6,0,0,0,22,0,43,0,18,0,0,0,31,0,0,0,0,0,0,0,0,0,0,0,2,0,6,0,1,0,0,0,96,0,18,0,0,0,0,0,0,0,0,0,0,0,0,0,0,0,56,0,0,0,0,0,0,0,0,0,0,0,0,0,0,0,0,0,0,0,0,0,0,0,0,0,2,0,0,0,0,0,0,0,0,0,0,0,0,0,0,0,0,0,161,0,63,0,0,0,0,0,0,0,0,0,0,0,34,0,0,0,0,0,18,0,19,0,16,0,57,0,26,0,61,0,0,0,14,0,0,0,0,0,1,0,0,0,19,0,0,0,0,0,0,0,9,0,0,0,0,0,0,0,0,0,0,0,0,0,0,0,1,0,0,24,0,0,0,68,25,85,48,0,1,1
5,0,0,0,0,0,65,0,280,34,0,0,0,0,0,0,121,0,0,0,20,0,14,0,199,5,0,0,9,0,6,0,0,0,0,0,17,0,15,0,0,0,0,0,18,0,0,0,14,0,6,0,0,15,113,98,62,19,52,9,138,0,116,0,0,0,40,40,0,0,2,0,0,0,0,0,0,0,0,0,1,0,0,0,95,0,0,0,0,0,0,0,0,0,0,0,57,0,0,0,0,0,0,0,0,0,9,0,0,0,0,0,0,0,0,0,0,0,0,0,0,0,14,0,6,0,3,0,76,0,24,0,0,0,0,0,182,0,202,0,146,0,100,0,18,0,0,0,3,0,0,0,0,0,368,0,136,0,119,0,28,0,8,0,0,0,1,0,18,0,136,0,12,0,0,1,31,0,0,0,0,0,13,0,151,7,0,0,0,0,0,0,0,0,0,0,0,0,0,0,45,0,0,0,0,0,0,0,4,0,17,21,98,82,53,0,0,0,0,0,0,0,0,2,0
0,0,0,0,0,0,0,37,43,284,0,0,0,0,0,19,6,157,0,42,0,0,0,28,38,48,0,0,0,17,0,7,0,32,0,0,0,13,0,13,0,0,0,0,0,24,0,0,0,0,0,22,15,0,88,117,9,78,22,19,0,96,14,58,0,0,12,65,0,0,0,0,0,0,0,0,0,0,0,0,0,0,0,0,0,0,0,0,0,0,0,0,0,0,0,0,0,0,0,0,0,0,0,0,0,0,0,0,0,0,0,0,0,0,0,0,0,0,0,0,0,0,0,0,0,0,0,0,0,39,0,2,0,9,0,0,0,0,0,56,0,16,0,28,0,12,0,0,0,0,0,0,0,0,0,129,0,92,0,68,0,12,0,0,0,2,0,0,0,5,0,32,0,17,0,0,21,42,0,0,0,0,0,17,0,43,0,0,0,0,0,0,0,0,0,0,0,0,0,0,0,0,0,0,0,0,0,0,0,0,9,0,0,0,0,0,0,0,20,0,25,27,0,11,0
0,0,24,0,0,0,87,0,204,189,0,0,0,0,0,0,2,1,0,0,0,0,19,0,81,15,0,0,0,0,0,0,2,0,0,0,0,0,0,0,0,0,0,0,0,0,0,0,54,0,0,0,113,88,0,300,51,46,114,11,0,0,28,0,20,0,12,121,0,0,0,0,0,0,0,0,0,0,0,0,0,0,0,0,0,0,1,0,0,0,0,0,0,0,0,0,0,0,0,0,0,0,0,0,0,0,0,1,0,0,0,0,0,0,0,0,0,0,0,0,0,0,0,0,17,0,7,0,22,0,48,0,0,0,0,0,36,0,0,0,0,0,21,0,0,0,0,0,15,0,6,0,0,0,21,0,22,0,6,1,83,0,0,0,4,0,0,0,32,0,204,0,0,0,0,0,45,8,0,0,0,0,0,0,37,32,0,0,0,0,0,0,0,0,0,0,0,0,0,0,7,0,0,0,0,0,0,0,6,0,296,103,239,331,307,0,56,0,0,0,5,0,0,0,0
0,55,0,22,0,54,74,87,251,250,0,0,0,0,0,57,0,65,0,54,0,64,0,34,306,168,0,60,0,51,0,13,0,27,0,0,0,46,0,46,0,0,0,46,0,60,0,0,0,0,0,43,98,117,300,0,24,180,68,103,0,100,97,223,0,2,47,83,0,0,0,0,0,0,0,0,0,0,0,0,0,0,0,0,0,0,0,0,0,0,0,0,0,0,0,0,0,1,0,0,0,0,0,0,0,0,0,0,0,0,0,0,0,0,0,0,0,0,0,0,0,0,0,0,0,0,0,11,0,52,0,58,0,60,0,135,0,73,0,24,0,0,0,3,0,6,0,0,0,13,0,0,0,0,0,39,0,9,0,42,0,30,0,0,0,9,0,0,1,50,0,185,0,102,0,1,74,57,0,0,0,0,0,1,0,58,0,0,0,0,0,0,0,0,0,0,0,0,0,5,0,0,0,0,0,0,0,2,0,22,0,0,0,8,309,0,0,0,331,96,390,437,0,106,0
0,0,4,0,0,0,15,0,18,0,0,0,0,0,0,0,0,0,0,0,0,0,0,0,49,0,0,0,0,0,0,0,0,0,0,0,0,0,0,0,0,0,0,0,0,0,0,0,39,0,0,0,62,9,51,24,0,32,248,36,0,0,2,0,6,7,37,101,0,0,0,0,4,0,0,0,0,0,0,0,0,0,0,0,0,0,0,0,0,0,0,0,0,0,0,0,0,0,0,0,0,0,0,0,1,0,0,0,0,0,0,0,0,0,31,0,0,0,0,0,0,0,0,0,14,0,8,0,36,0,59,0,13,0,26,0,34,0,0,0,0,0,20,0,11,0,4,0,10,0,4,0,0,0,82,29,14,0,46,27,200,0,47,0,0,0,0,0,83,0,221,0,0,0,0,23,19,0,0,0,17,41,0,0,0,10,0,0,0,0,0,0,0,0,0,0,0,0,0,0,0,0,0,0,0,0,0,0,3,0,410,91,386,516,905,3,124,0,12,0,0,0,0,0,0
0,12,1,5,0,8,0,16,53,27,0,0,0,4,0,0,0,12,0,8,0,0,0,9,0,54,0,0,0,4,0,0,0,0,0,0,0,3,0,0,0,2,0,0,0,0,0,0,0,9,0,18,19,78,46,180,32,0,100,309,0,3,0,11,2,9,59,138,0,0,0,0,0,0,0,0,0,0,0,0,0,0,0,0,0,0,0,0,0,0,0,0,0,3,0,0,0,0,0,0,0,0,0,0,0,0,0,4,0,0,0,0,0,0,0,0,0,0,0,0,0,0,0,0,0,73,0,8,0,94,0,76,0,60,0,69,0,71,0,41,0,0,0,0,0,0,0,0,0,5,0,0,0,0,13,249,0,11,0,159,0,90,0,18,0,7,0,0,0,37,0,239,0,0,0,0,16,0,0,0,0,0,0,0,7,57,0,0,0,0,0,0,0,0,0,0,0,0,0,0,0,0,0,0,0,0,0,0,0,21,0,0,0,0,396,0,0,0,268,84,442,479,1,141,0
0,0,0,0,0,0,16,1,95,0,0,0,0,0,0,0,1,0,0,0,0,0,0,0,9,0,0,0,0,0,0,0,0,0,0,0,0,0,0,0,0,0,1,0,0,0,0,0,39,0,0,0,52,22,114,68,248,100,0,91,0,0,0,0,171,23,431,221,0,0,0,0,0,0,0,0,2,0,0,0,0,0,0,0,0,0,0,0,0,0,0,0,0,0,0,0,0,0,0,0,0,0,0,0,0,0,0,0,0,0,0,0,0,0,22,0,0,0,0,0,0,0,0,0,6,0,4,0,4,0,63,0,0,0,1,0,0,2,0,0,0,0,0,0,9,0,0,0,25,0,2,0,0,0,83,32,43,0,2,31,33,0,20,0,0,0,0,0,31,0,97,0,0,0,34,60,130,0,0,0,0,18,0,0,107,38,0,0,0,0,0,0,0,0,0,0,0,0,0,0,0,0,0,0,0,0,0,0,0,0,966,144,289,536,1432,0,140,0,0,0,0,0,0,0,0
0,51,2,16,0,44,0,65,0,163,0,14,0,0,0,0,0,0,0,13,0,0,0,0,0,5,0,28,0,0,0,0,0,0,0,0,0,0,0,0,0,4,0,0,0,0,0,0,0,6,0,0,9,19,11,103,36,309,91,0,0,3,0,6,7,57,81,392,0,0,0,0,0,0,0,0,0,1,0,0,0,0,0,8,0,0,0,0,0,0,0,0,0,0,0,0,0,0,0,0,0,0,0,0,0,0,0,0,0,0,0,0,0,0,0,0,0,0,0,0,0,0,0,0,0,22,0,6,0,5,0,25,0,0,0,0,0,0,0,0,0,0,0,0,0,0,0,0,0,3,0,0,0,0,0,90,0,17,0,32,0,70,0,44,0,5,0,0,0,39,0,117,0,0,2,69,0,6,0,0,4,10,0,0,0,48,0,0,0,0,0,0,0,0,0,0,0,0,0,0,0,0,0,0,0,0,0,0,0,12,0,0,3,0,1322,0,0,0,624,71,640,905,4,199,11
245,6,159,0,0,0,223,0,249,0,0,0,0,0,2,0,51,3,0,0,7,0,0,0,70,16,0,0,0,0,7,0,15,0,8,0,47,0,16,0,0,0,7,0,0,0,0,0,19,0,2,0,138,0,0,0,0,0,0,0,0,0,55,0,0,0,0,0,0,0,9,0,0,0,0,0,0,0,0,0,0,0,0,0,0,0,0,0,0,0,0,0,0,0,0,0,0,0,0,0,0,0,0,0,0,0,0,0,0,0,0,0,0,0,0,0,0,0,0,0,0,0,0,0,0,0,0,0,0,0,0,0,0,0,0,0,0,0,179,0,85,0,0,0,216,0,0,0,0,0,0,0,0,0,100,0,81,0,38,0,0,0,6,0,0,0,0,0,0,0,54,0,81,0,0,0,56,0,0,0,0,0,99,0,0,0,0,0,0,0,0,0,0,0,0,0,0,0,0,0,0,0,0,0,0,0,0,0,0,0,11,11,30,84,30,0,7,2,0,0,0,0,0,0,0
0,262,0,0,0,0,0,409,0,253,0,0,0,0,0,10,0,46,0,0,0,28,0,0,62,59,0,0,0,4,0,6,0,17,0,38,0,82,0,0,0,0,0,0,0,18,0,0,0,2,0,31,0,96,0,100,0,3,0,3,0,0,0,71,0,0,0,0,0,0,0,0,0,0,0,0,0,0,0,0,0,0,0,0,0,0,0,0,0,0,0,0,0,0,0,0,0,0,0,0,0,0,0,0,0,0,0,0,0,0,0,0,0,0,0,0,0,0,0,0,0,0,0,0,0,0,0,0,0,0,0,0,0,0,0,0,0,0,0,189,0,90,0,60,0,244,0,0,0,0,0,0,0,0,0,8,0,112,0,36,0,0,0,0,0,3,0,10,0,8,0,150,0,84,0,0,35,58,0,3,0,0,0,50,0,0,0,0,0,0,0,0,0,0,0,0,0,0,0,0,0,0,0,0,0,0,0,0,0,0,0,0,0,0,14,0,0,0,33,9,30,36,0,7,0
236,0,455,0,0,0,318,21,307,77,0,0,0,0,9,0,497,0,20,0,52,0,81,0,243,35,62,0,40,0,23,0,9,0,0,0,15,0,32,0,0,0,14,0,29,0,18,0,11,0,14,0,116,14,28,97,2,0,0,0,55,0,0,7,3,0,0,4,0,0,11,0,0,0,7,0,0,0,0,0,23,0,0,0,85,0,0,0,0,0,3,0,0,0,0,0,58,1,0,0,0,0,0,0,0,0,0,0,0,0,0,0,0,0,0,0,0,0,0,0,17,0,27,0,0,0,0,0,24,0,0,0,0,0,0,3,36,0,109,0,159,0,107,0,25,0,0,0,0,0,0,0,0,0,118,0,47,0,43,0,0,0,0,0,0,0,0,0,0,0,28,0,21,0,0,0,69,14,0,0,0,0,110,0,11,2,1,0,0,0,0,0,0,0,0,0,0,0,0,0,0,0,0,0,0,0,0,0,0,0,16,12,23,33,30,0,2,0,0,0,0,0,0,0,1
11,48,10,0,0,20,0,160,0,264,0,0,0,0,0,23,0,234,0,40,0,108,14,88,69,62,0,139,0,120,0,42,0,48,0,75,0,57,0,44,0,0,0,16,0,45,0,0,0,0,0,0,0,58,0,223,0,11,0,6,0,71,7,0,0,0,0,0,0,0,0,0,0,0,0,1,0,0,0,0,0,0,0,0,0,0,0,0,0,0,0,0,0,0,0,0,0,0,0,0,0,2,0,0,0,0,0,0,0,0,0,0,0,0,0,0,0,0,0,0,0,0,0,0,0,0,0,0,0,19,0,0,0,0,0,23,0,49,0,313,0,132,0,70,0,66,0,0,0,0,0,0,0,0,0,52,0,99,0,106,0,6,0,3,0,0,0,0,0,0,0,5,0,0,0,0,15,69,0,0,0,0,0,34,0,0,0,0,0,0,0,0,0,0,0,0,0,0,0,0,0,0,0,0,0,0,0,0,0,0,0,0,0,0,0,0,0,0,17,1,11,15,0,0,0
0,0,3,0,13,0,18,0,69,0,0,0,0,0,0,0,0,0,1,0,0,0,0,0,0,0,0,0,0,0,0,0,0,0,0,0,0,0,0,0,0,0,0,0,0,0,4,0,0,0,0,0,0,0,20,0,6,2,171,7,0,0,3,0,0,0,250,6,0,0,1,0,0,0,0,1,0,0,0,0,1,0,0,0,0,0,0,0,0,0,0,0,0,0,0,0,0,0,0,0,0,0,0,0,0,0,0,0,0,0,0,0,0,0,0,0,0,0,0,0,0,0,0,0,5,0,4,0,0,0,22,0,0,0,0,0,0,0,0,17,0,0,0,0,14,0,21,0,19,0,0,0,0,0,13,16,0,0,0,29,311,35,0,0,0,0,0,0,0,0,0,0,2,0,41,9,3,0,0,0,93,48,4,0,162,3,0,0,0,0,0,0,0,0,0,0,0,0,0,0,0,0,0,0,0,0,0,0,4,0,115,0,0,0,118,0,0,0,0,0,0,0,0,0,0
0,30,0,16,0,23,1,0,0,82,0,0,0,0,0,0,0,0,0,24,0,0,0,0,0,1,0,24,0,0,0,0,0,0,0,0,0,0,0,0,0,0,0,0,0,0,0,0,0,0,0,0,0,0,0,2,7,9,23,57,0,0,0,0,0,0,0,617,0,0,0,21,0,0,0,17,0,2,0,0,0,0,0,0,0,4,0,0,0,0,0,0,0,0,0,0,0,0,0,0,0,0,0,0,0,0,0,0,0,0,0,0,0,0,0,0,0,0,0,0,0,6,0,0,0,71,0,20,7,0,0,80,0,0,0,0,0,10,0,72,0,17,1,0,0,57,0,15,3,343,0,8,0,20,11,9,1,0,30,24,21,372,0,0,0,0,0,0,0,0,0,0,0,0,2,71,0,3,0,0,21,78,0,3,2,55,0,0,0,0,0,0,0,0,0,0,0,0,0,17,0,0,0,1,0,0,0,11,0,60,0,0,3,0,327,0,0,0,370,0,0,0,0,0,0
0,0,0,0,0,0,3,0,132,6,0,0,0,0,1,0,0,0,0,0,0,0,0,0,0,0,0,0,0,0,0,0,0,0,0,0,0,0,0,0,0,0,0,0,0,0,0,0,0,0,0,0,40,12,12,47,37,59,431,81,0,0,0,0,250,0,0,160,0,0,0,0,0,0,0,0,0,0,0,0,0,0,0,0,0,0,0,0,0,0,0,0,0,0,0,0,0,0,0,1,0,0,0,0,0,0,0,0,0,0,0,0,0,0,0,0,0,0,0,0,0,0,0,0,7,0,0,0,0,0,20,0,0,0,0,0,0,0,0,0,0,0,0,0,0,0,2,0,29,0,0,0,0,0,71,14,16,0,0,13,41,0,0,0,0,0,0,0,0,0,0,0,0,0,45,35,254,0,0,0,34,0,1,0,519,50,0,0,0,0,0,0,0,0,0,0,0,0,0,0,0,0,0,0,0,0,0,0,0,0,302,48,0,0,331,1,29,0,0,0,0,0,0,0,0
0,10,0,0,0,0,0,16,74,123,0,3,0,0,0,0,0,0,0,0,0,0,0,0,0,0,0,0,0,0,0,0,0,0,0,0,0,0,0,0,0,0,0,0,0,0,0,0,0,0,0,0,40,65,121,83,101,138,221,392,0,0,4,0,6,617,160,0,0,0,0,0,0,0,0,0,0,0,0,0,0,0,0,0,0,0,0,0,0,0,0,0,0,0,0,4,0,0,0,0,0,1,0,0,0,0,0,0,0,0,0,0,0,0,0,0,0,0,0,0,0,0,0,0,0,33,0,20,0,4,0,78,0,0,0,15,0,5,0,0,0,0,0,0,0,3,0,15,0,55,0,9,0,4,21,52,0,29,0,28,4,110,0,0,0,0,0,0,0,14,0,0,0,0,3,208,48,13,0,0,0,39,0,0,23,475,0,0,0,0,0,0,0,0,0,0,0,0,0,0,0,0,0,0,0,0,0,0,0,25,0,0,4,0,1391,0,0,0,1179,138,260,633,1,0,6
0,0,0,0,0,0,0,0,0,0,0,0,0,0,0,0,6,0,0,0,0,0,0,0,0,0,0,0,0,0,0,0,0,0,0,0,0,0,0,0,0,0,0,0,0,0,0,0,5,0,0,0,0,0,0,0,0,0,0,0,0,0,0,0,0,0,0,0,0,0,0,0,15,0,0,0,164,0,72,0,5,0,61,0,0,0,23,0,18,0,0,0,75,0,33,0,0,0,0,0,9,0,320,0,0,0,43,0,129,0,1,0,15,0,3,0,1,0,0,0,0,0,0,0,0,0,0,0,0,0,0,0,0,0,0,0,0,0,0,0,0,0,0,0,0,0,0,0,0,0,0,0,0,0,0,0,0,0,0,0,0,0,0,0,27,0,0,0,200,0,27,0,0,0,0,0,0,0,0,0,0,0,0,0,0,0,0,0,0,1,0,0,0,0,20,0,0,0,0,0,0,0,0,0,0,0,0,0,0,0,53,6,160,0,13,39,154,0,0,0,0,0,0,0,0
0,2,0,0,0,0,0,7,0,4,0,0,0,0,0,0,0,0,0,0,0,0,0,0,0,0,0,0,0,0,0,0,0,0,0,0,0,0,0,0,0,0,0,0,0,3,0,0,0,0,0,0,0,0,0,0,0,0,0,0,0,0,0,0,0,0,0,0,0,0,0,0,0,0,0,0,0,120,0,0,0,11,0,24,0,0,0,14,0,14,0,0,0,24,0,39,0,0,0,0,0,0,0,149,0,8,0,0,0,13,0,5,0,4,0,0,0,9,0,0,0,0,0,0,0,0,0,0,0,0,0,0,0,0,0,0,0,0,0,0,0,0,0,0,0,0,0,0,0,0,0,0,0,0,0,2,0,1,0,0,0,0,0,1,0,8,0,0,0,53,0,10,0,1,0,0,0,0,1,0,0,0,0,0,0,0,0,1,0,0,0,0,0,0,0,11,0,0,0,0,0,0,0,0,0,0,0,1,0,0,0,0,0,0,5,0,0,0,16,6,99,3,2,156,1
0,0,0,0,0,0,0,0,7,0,0,0,0,0,4,0,4,0,0,0,25,0,0,0,0,0,0,0,12,0,12,0,0,0,18,0,42,0,0,0,0,0,35,0,31,0,0,0,10,0,0,0,2,0,0,0,0,0,0,0,9,0,11,0,1,0,0,0,0,0,0,0,324,0,214,0,30,0,223,0,27,0,0,0,0,0,40,0,0,0,0,0,0,0,0,0,0,0,0,0,0,0,0,0,0,0,0,0,0,0,0,0,0,0,1,0,0,0,0,0,21,0,3,0,0,0,16,2,19,0,11,0,46,0,0,0,21,0,14,0,148,0,30,0,55,0,22,1,30,0,18,0,29,0,0,0,0,0,0,0,0,0,31,0,0,0,12,0,104,0,48,0,34,0,51,0,0,0,0,0,96,16,0,0,16,0,0,0,0,0,0,0,0,0,0,0,1,0,2,0,0,0,0,0,0,0,14,0,8,0,19,9,72,0,19,0,0,0,6,0,29,0,0,0,0
0,0,0,0,0,0,0,0,0,0,0,0,0,0,1,0,0,0,0,0,0,0,0,2,1,0,0,0,0,0,0,0,0,0,0,0,0,0,0,0,0,0,0,0,0,3,0,0,0,0,0,0,0,0,0,0,0,0,0,0,0,0,0,0,0,21,0,0,0,0,0,0,0,143,0,256,0,22,0,33,0,0,0,0,0,17,0,34,0,0,0,0,0,0,0,0,0,0,0,0,0,0,0,0,0,0,0,0,0,0,0,0,0,0,0,0,0,0,0,0,0,7,0,22,0,0,0,59,0,0,0,4,0,0,0,18,0,17,0,0,0,28,0,11,0,97,0,0,12,0,0,0,1,0,0,0,0,1,1,0,8,0,0,33,0,0,0,3,0,25,0,13,0,8,0,0,0,0,0,0,23,37,0,0,0,4,0,0,0,0,0,0,0,0,0,0,0,0,0,0,0,0,0,0,0,0,0,70,0,33,0,0,0,0,0,0,3,0,11,0,15,0,0,0,0
0,0,0,0,11,0,0,0,0,0,0,0,0,0,0,0,0,0,0,0,9,0,0,0,0,0,0,0,0,0,0,0,0,0,0,0,0,0,0,0,0,0,0,0,7,0,0,0,6,0,0,0,0,0,0,0,4,0,0,0,0,0,0,0,0,0,0,0,15,0,324,0,0,0,189,0,22,0,161,0,4,0,6,0,0,0,11,0,0,0,0,0,5,0,0,0,0,0,0,0,0,0,0,0,0,0,0,0,0,0,0,0,0,0,0,0,0,0,0,0,12,0,18,0,0,0,0,0,0,0,8,0,37,0,0,0,12,0,13,0,108,0,82,0,43,0,7,0,0,0,24,0,16,0,0,0,0,0,0,0,0,0,41,0,0,2,0,0,14,0,16,0,0,0,0,0,0,0,0,0,27,20,0,0,0,0,0,0,0,0,0,0,0,0,0,0,0,0,22,0,0,0,0,0,0,0,0,0,16,0,356,8,28,0,22,8,4,0,0,0,0,0,0,0,0
0,0,0,0,0,0,0,0,0,0,0,0,0,0,0,0,0,0,0,0,0,0,0,0,0,0,0,0,0,0,0,0,0,0,0,0,0,0,0,0,0,0,0,0,0,0,0,0,0,0,0,2,0,0,0,0,0,0,0,0,0,0,0,0,0,0,0,0,0,0,0,143,0,0,0,450,0,31,0,87,0,3,0,4,0,56,0,78,0,0,0,0,0,0,0,0,0,2,0,0,1,0,0,2,0,0,0,0,0,1,0,0,0,0,0,0,0,0,0,0,0,72,0,46,0,40,0,45,0,3,0,0,0,0,0,41,0,11,0,0,0,0,0,9,0,69,0,0,0,0,0,37,0,0,0,0,0,0,0,1,0,0,0,42,0,0,0,0,3,14,0,0,0,2,0,0,0,0,0,0,0,0,0,0,0,0,0,0,0,0,0,0,0,0,0,0,0,0,0,0,0,10,0,0,0,0,0,52,3,0,0,0,0,0,0,0,0,0,42,5,21,0,0,3,0
3,0,17,0,29,0,0,0,0,0,0,0,0,0,2,0,11,0,0,0,24,0,0,0,0,0,0,0,19,0,0,0,0,0,0,0,16,0,0,0,0,0,15,0,0,0,3,0,1,0,23,0,0,0,0,0,0,0,0,0,0,0,7,0,0,0,0,0,0,0,214,0,189,0,0,0,27,0,241,0,55,0,0,4,13,0,68,0,0,0,0,0,0,0,0,0,3,0,0,0,0,0,0,0,0,0,0,0,0,0,0,0,0,0,0,0,0,0,0,0,51,0,44,0,18,0,9,0,6,0,0,0,0,0,0,0,0,0,12,0,105,0,49,0,56,0,8,3,22,0,20,0,27,0,0,0,0,0,0,0,0,0,14,15,0,0,8,0,39,1,27,0,13,0,25,0,0,0,0,0,67,8,2,0,6,0,0,0,0,0,0,0,0,0,0,0,0,0,0,0,3,0,0,0,0,0,0,0,11,0,40,0,0,9,8,3,5,0,10,0,17,3,0,0,0
0,0,0,0,0,0,0,0,0,2,0,0,0,0,0,0,0,0,0,0,0,0,0,0,0,0,0,0,0,0,0,2,0,0,0,0,0,0,0,0,0,0,0,0,0,6,0,0,0,0,0,6,0,0,0,0,0,0,0,0,0,0,0,1,1,17,0,0,0,0,0,256,0,450,0,0,0,19,0,54,0,7,0,4,0,27,0,120,0,0,0,0,0,0,0,0,0,0,0,0,0,0,0,0,0,0,0,0,0,0,0,0,0,0,0,0,0,0,0,0,0,34,0,22,8,23,0,48,0,0,12,0,0,0,0,30,0,0,4,0,0,39,0,18,0,128,0,0,0,0,0,57,0,0,0,0,0,0,0,0,7,0,0,69,0,0,0,0,0,23,0,7,0,9,0,19,0,0,0,0,0,67,0,0,0,4,0,0,0,0,0,0,0,0,0,0,0,0,0,0,0,8,0,0,0,0,0,66,0,32,9,0,0,0,0,0,4,0,28,0,28,2,0,0,0
2,0,0,0,0,0,0,0,0,0,0,0,0,0,0,0,0,0,0,0,0,0,0,0,0,0,0,0,0,0,0,0,0,0,0,0,0,0,1,0,0,0,0,0,0,0,0,0,0,0,0,0,0,0,0,0,0,0,2,0,0,0,0,0,0,0,0,0,164,0,30,0,22,0,27,0,0,0,75,0,8,0,19,0,35,0,27,0,7,0,0,0,64,0,18,0,0,0,5,0,8,0,87,0,41,0,15,0,10,0,0,0,4,0,3,0,0,0,0,0,22,0,0,0,0,0,3,0,0,0,0,0,0,0,0,0,0,0,0,0,0,0,38,0,0,0,3,0,0,0,7,0,5,0,0,0,0,0,0,0,0,0,3,0,6,0,2,0,28,0,0,0,0,0,0,0,0,0,0,0,0,0,0,0,0,0,0,0,16,0,0,0,0,0,6,0,0,0,20,0,0,0,0,0,0,0,0,0,0,0,64,0,40,0,21,4,7,0,0,0,0,0,0,0,0
0,0,0,0,0,0,0,0,0,0,0,0,0,0,0,0,0,4,0,0,0,0,0,0,0,0,0,0,0,1,0,0,0,0,0,0,0,0,0,0,0,0,0,0,0,0,0,0,0,0,0,1,0,0,0,0,0,0,0,1,0,0,0,0,0,2,0,0,0,120,0,22,0,31,0,19,0,0,0,12,0,97,0,53,0,28,0,206,0,2,0,2,0,22,0,14,0,10,2,19,0,8,0,57,0,13,0,21,0,12,0,0,0,0,0,6,0,28,0,0,0,18,0,4,0,0,0,0,0,0,0,0,0,0,0,0,0,0,0,0,0,0,0,6,0,0,0,0,0,0,0,0,0,0,0,0,0,0,0,0,0,0,0,0,0,9,0,0,0,73,0,10,0,0,0,0,0,0,0,0,0,0,0,0,0,0,0,0,0,0,0,0,0,0,0,23,0,0,0,0,0,0,0,0,0,0,0,0,0,0,0,0,0,0,14,0,0,0,65,3,117,5,4,8,0
0,0,0,0,0,0,0,0,0,0,0,0,0,0,0,0,0,0,0,0,0,0,0,0,0,0,0,0,0,0,8,0,0,0,0,0,0,0,0,0,0,0,0,0,0,0,0,0,7,0,0,0,0,0,0,0,0,0,0,0,0,0,0,0,0,0,0,0,72,0,223,0,161,0,241,0,75,0,0,0,29,0,35,0,78,0,94,0,6,0,2,0,45,0,32,0,20,0,38,0,13,0,34,0,22,0,12,0,4,0,0,0,0,0,0,0,0,0,0,0,77,0,52,0,0,0,0,0,0,0,0,0,0,0,0,0,8,0,0,0,70,7,90,0,0,0,0,0,8,0,0,0,0,0,1,0,0,0,0,1,0,0,8,0,23,0,0,0,46,0,7,0,0,0,0,0,0,0,0,0,0,0,0,0,0,0,0,0,15,0,0,0,0,0,0,0,1,0,0,0,0,0,0,0,0,0,0,0,0,0,292,13,49,8,40,16,15,0,0,0,0,0,0,0,0
