0,147,52,112,65,12,2,37,31,0,112,0,71,0,3,38,94,10,12,0,12,0,34,68,12,38,35,0,87,0,0,0,146,0,0,0,39,0,384,0,15,0,0,0,0,0,0,0,34,0,0,0,2,0,0,0,0,0,3,0,67,0,33,0,3,0,13,0,0,0,0,0,1,0,0,0,0,0,0,0,0,0,1,0,0,0,0,0,0,0,0,0,0,0,0,0,0,0,0,0,0,0,0,0,0,0,0,0,0,0,0,0,0,0,0,0,0,0,0,0,0,0,0,0,3,0,3,0,0,0,0,0,0,0,0,0,2,0,0,0,0,0,1,0,0,0,0,0,7,0,17,0,31,0,0,0,0,0,0,0,0,0,6,0,0,0,18,0,35,0,34,0,380,0,22,0,260,115,32,0,33,0,130,0,58,0,0,0,0,0,0,0,0,0,0,0,0,0,0,0,0,0,0,0,0,0,0,0,3,0,725,180,173,170,384,2,5,8,0,0,5,0,0,0,0
147,0,196,26,16,366,106,27,66,32,0,210,0,171,0,67,55,41,0,61,0,19,291,57,232,61,0,121,0,135,0,0,0,119,0,14,0,48,0,388,0,14,0,0,0,19,0,74,0,0,0,0,5,29,0,19,0,0,0,0,9,449,23,318,0,21,0,0,0,0,0,0,0,0,0,0,0,0,0,0,0,0,0,3,0,0,0,0,0,0,0,0,0,0,0,0,0,0,0,3,0,0,0,0,0,0,0,0,0,0,0,0,0,0,0,0,0,0,0,0,0,0,0,0,0,0,0,0,0,0,0,0,0,3,0,0,0,0,0,0,0,0,2,0,0,0,0,0,0,22,0,0,0,47,0,0,0,10,0,0,0,0,0,8,0,12,0,0,0,29,0,42,8,102,0,0,38,723,0,22,0,75,9,55,0,133,0,6,0,0,0,0,0,0,0,0,1,0,0,0,0,4,0,0,0,0,0,0,0,0,0,10,0,0,646,0,0,0,1039,148,195,0,3,58,0
52,196,0,127,158,68,105,23,79,0,34,54,84,0,148,77,93,0,101,0,75,0,433,100,50,15,114,0,174,0,51,0,378,0,0,0,48,4,327,0,0,0,0,0,0,0,12,0,53,0,0,0,4,0,25,0,0,0,0,0,0,0,5,0,19,0,58,0,0,0,1,0,0,0,0,0,0,0,0,0,0,0,0,0,0,0,0,0,0,0,0,0,0,0,0,0,0,0,0,0,0,0,0,0,0,0,0,0,0,0,0,0,0,0,0,0,0,0,0,0,0,0,0,0,32,0,47,0,0,0,58,0,34,0,175,0,75,0,0,0,0,0,48,0,0,0,75,0,55,0,44,0,47,1,0,0,0,0,0,0,30,0,0,0,36,0,132,0,87,0,16,0,314,0,13,0,191,145,3,0,15,0,19,0,22,0,0,0,0,0,0,0,0,0,0,0,0,0,0,0,76,0,0,0,0,0,0,0,71,0,638,92,294,180,428,0,13,19,0,0,0,0,0,0,0
112,26,127,0,0,105,15,43,13,4,3,6,0,16,0,375,32,31,0,58,0,103,177,151,85,115,0,0,0,206,0,57,0,199,0,0,0,26,0,351,0,0,0,0,0,0,0,0,0,7,0,0,0,0,0,40,0,0,0,0,0,124,9,55,0,6,0,0,0,0,0,1,0,0,0,0,0,0,0,0,0,0,0,0,0,0,0,0,0,0,0,0,0,0,0,0,0,3,0,0,0,0,0,0,0,0,0,0,0,0,0,0,0,0,0,0,0,0,0,0,0,0,0,0,0,17,0,0,0,0,0,32,0,0,0,34,0,45,0,7,0,0,0,0,0,0,0,0,0,0,0,0,0,0,0,0,0,0,0,0,0,0,0,10,0,0,0,0,0,36,2,26,0,117,0,0,16,88,0,3,0,0,0,0,0,0,0,0,0,0,0,0,0,0,0,0,0,0,0,0,0,0,0,0,0,6,0,0,0,33,0,0,0,0,397,0,0,0,400,49,186,174,2,42,0
65,16,158,0,0,197,0,0,42,0,123,71,198,142,371,83,87,0,169,133,260,16,142,0,0,0,135,157,10,0,232,1,319,0,183,10,267,0,15,0,41,0,0,0,10,0,63,0,66,0,190,0,2,0,0,0,0,0,0,0,0,0,0,0,6,0,7,0,0,0,0,0,0,0,0,0,0,0,0,0,0,0,0,0,0,0,0,0,0,0,0,0,0,0,0,0,0,0,0,0,0,0,4,0,0,0,0,0,0,0,0,0,1,0,0,0,0,0,0,0,0,0,0,0,0,0,0,0,0,0,3,0,0,0,25,0,0,0,0,0,0,0,0,0,5,0,0,0,17,0,31,0,0,0,0,0,0,0,0,0,0,0,0,0,203,0,146,0,115,0,6,0,76,0,0,0,243,101,210,0,31,0,76,0,102,0,16,13,0,0,0,0,0,0,0,0,0,0,0,0,0,0,0,0,0,0,0,0,13,0,550,346,731,0,226,4,0,0,0,0,0,0,0,0,0
12,366,68,105,197,0,0,36,0,27,94,223,59,291,498,304,18,4,42,315,166,286,219,20,0,0,0,237,0,0,28,139,38,324,0,113,27,131,0,57,0,32,0,0,0,0,0,105,0,0,0,0,0,0,0,4,0,0,0,14,0,0,0,0,0,0,0,0,0,0,0,0,0,0,0,0,0,0,0,0,0,0,0,0,0,0,0,48,0,0,0,0,0,0,0,0,0,0,0,20,0,0,0,0,0,0,0,0,0,0,0,0,0,0,0,0,0,0,0,0,0,0,0,0,0,17,0,0,0,0,0,32,0,0,0,0,0,33,0,0,0,0,0,0,0,25,0,6,0,19,0,0,0,23,0,0,0,0,0,0,0,0,0,0,0,54,0,126,0,176,0,13,0,100,0,0,79,452,34,0,0,0,0,22,0,29,0,0,0,0,0,0,0,0,0,0,0,0,0,0,0,0,0,0,0,0,0,0,0,0,0,0,0,0,317,0,0,0,599,203,553,0,0,27,0
2,106,105,15,0,0,0,47,113,0,1,0,5,0,0,0,18,0,0,0,8,0,8,0,331,88,0,0,26,0,0,0,0,0,0,0,0,0,114,0,0,0,0,0,0,0,0,0,94,0,11,0,45,0,144,24,8,0,17,0,206,0,246,22,33,0,56,0,0,0,0,0,0,0,0,0,0,0,0,0,0,0,3,0,0,0,0,0,0,0,0,0,0,0,0,0,0,0,0,0,0,0,0,0,0,0,0,0,0,0,0,0,0,0,0,0,0,0,0,0,0,0,0,0,47,0,64,0,0,0,88,0,37,0,30,0,18,0,0,0,0,0,0,0,0,0,30,0,26,0,20,0,0,0,0,0,0,0,0,0,37,0,0,0,4,0,0,0,26,0,123,0,255,0,0,0,51,76,0,0,0,0,3,0,0,0,0,0,0,0,0,0,0,0,0,0,0,0,0,0,0,0,3,0,0,0,11,0,50,0,633,90,245,530,846,0,0,19,0,0,0,0,0,0,0
37,27,23,43,0,36,47,0,174,53,0,0,0,2,0,40,10,0,0,0,0,0,14,0,175,185,0,0,0,76,0,0,0,0,0,0,0,0,0,111,0,0,0,0,0,0,0,0,0,0,0,4,28,115,0,293,0,13,0,30,0,263,90,432,0,0,0,1,0,0,0,0,0,1,0,0,0,0,0,0,0,0,0,0,0,0,0,0,0,0,0,0,0,0,0,0,0,0,0,0,0,0,0,0,0,0,0,0,0,0,0,0,0,0,0,0,0,0,0,0,0,0,0,0,0,84,0,51,0,6,0,113,0,0,0,0,0,22,0,0,0,0,0,0,0,0,0,19,0,28,0,41,0,0,0,28,0,46,0,5,0,52,0,7,0,15,0,0,0,34,0,58,0,88,0,0,24,110,0,0,0,0,0,3,0,0,0,0,0,0,0,0,0,0,0,0,0,0,0,0,0,0,0,0,0,0,0,18,0,53,0,0,0,0,889,0,0,0,774,105,321,302,8,0,11
31,66,79,13,42,0,113,174,0,437,29,0,32,0,17,0,30,0,18,0,6,0,0,3,113,101,18,0,2,0,0,0,0,0,5,0,0,0,28,0,4,0,0,0,2,0,0,0,43,0,0,0,322,26,171,387,4,35,29,0,199,0,448,47,20,0,38,89,0,0,0,0,0,0,0,0,0,0,0,0,0,0,0,0,0,0,0,0,0,0,0,0,0,0,0,0,0,0,0,0,0,0,0,0,0,0,0,0,0,0,0,0,0,0,0,0,0,0,0,0,0,0,0,0,9,0,8,0,0,0,23,0,0,0,0,0,0,0,0,0,0,0,0,0,3,0,13,0,12,0,17,0,22,0,13,0,0,0,0,0,8,0,0,0,0,0,0,0,55,0,308,0,156,0,16,0,184,118,12,0,0,0,13,0,231,32,0,0,0,0,0,0,0,0,0,0,0,0,0,0,0,0,0,0,0,0,0,0,17,0,1006,279,367,274,906,3,59,8,0,19,0,0,0,4,0
0,32,0,4,0,27,0,53,437,0,0,11,0,11,0,14,0,5,0,32,0,0,0,4,102,21,0,23,0,0,0,0,0,0,0,0,0,0,0,0,0,2,0,0,0,0,0,0,0,7,0,0,83,305,217,173,9,41,64,48,0,64,75,321,0,211,82,165,0,0,0,0,0,0,0,0,0,0,0,0,0,0,0,0,0,0,0,0,0,0,0,0,0,0,0,0,0,0,0,0,0,0,0,0,0,0,0,0,0,0,0,0,0,0,0,0,0,0,0,0,0,0,0,0,0,115,0,21,0,1,0,146,0,0,0,0,0,1,0,0,0,0,0,0,0,0,0,26,0,142,0,59,0,19,0,79,0,139,0,4,0,37,0,0,1,9,0,0,0,15,0,47,0,19,0,0,68,243,0,0,0,16,0,31,18,148,0,0,0,0,0,0,0,0,0,1,0,2,0,0,0,4,0,0,0,0,0,15,0,38,0,13,0,0,816,0,0,0,620,150,205,291,13,68,6
112,0,34,3,123,94,1,0,29,0,0,29,271,9,29,55,41,0,10,44,69,5,37,0,0,0,35,0,6,0,49,0,114,0,0,2,49,0,13,0,13,0,0,0,0,0,21,0,11,0,0,0,0,0,0,0,0,0,0,0,0,0,0,0,2,0,0,0,0,0,0,0,0,0,1,0,0,0,0,0,0,0,0,0,0,0,3,0,0,0,0,0,0,0,0,0,0,0,0,0,0,0,0,0,0,0,0,0,0,0,0,0,0,0,0,0,0,0,0,0,0,0,0,0,0,0,0,0,0,0,0,0,0,0,2,0,0,0,0,0,0,0,0,0,0,0,0,0,0,0,11,0,19,0,0,0,0,0,0,0,0,0,0,0,0,0,0,0,0,0,0,0,20,0,18,0,128,37,83,0,39,0,44,0,26,0,0,0,0,0,0,0,0,0,0,0,0,0,0,0,0,0,0,0,0,0,0,0,2,0,202,78,141,0,57,1,0,0,10,2,0,0,0,0,0
0,210,54,6,71,223,0,0,0,11,29,0,0,289,78,33,0,4,0,51,30,52,139,40,0,0,0,86,0,9,0,30,0,120,0,33,0,51,0,65,0,53,0,0,0,7,0,89,2,0,0,13,0,0,0,0,0,0,0,2,0,0,0,0,0,0,0,0,0,0,0,0,0,2,0,0,0,0,0,0,0,0,0,0,0,0,0,0,0,0,0,0,0,0,0,0,0,0,0,0,0,11,0,0,0,0,0,0,0,0,0,0,0,0,0,0,0,0,0,0,0,0,0,0,0,0,0,0,0,0,0,0,0,0,0,0,0,0,0,0,0,0,0,0,0,0,0,0,0,12,0,14,0,0,0,0,0,0,0,0,0,0,0,0,0,0,0,11,0,24,0,0,0,19,0,0,21,469,2,53,0,75,0,51,0,43,0,30,0,0,0,0,0,0,0,0,0,0,0,0,0,0,1,0,0,0,0,0,0,0,0,0,0,0,87,0,0,0,159,71,98,0,0,0,0
71,0,84,0,198,59,5,0,32,0,271,0,0,175,17,3,0,0,101,128,54,24,38,0,0,0,124,566,0,0,15,0,0,0,79,16,17,0,0,0,288,161,263,0,116,0,160,366,54,0,330,70,0,0,0,0,0,0,0,0,0,0,0,0,9,0,0,0,0,0,4,1,0,0,0,0,0,0,0,0,0,0,0,0,0,0,0,0,0,0,0,0,0,0,0,0,0,0,0,0,0,0,0,0,0,0,0,0,0,0,0,0,0,0,0,0,0,0,0,0,0,0,0,0,4,0,0,0,0,0,0,0,0,0,0,0,0,0,0,0,0,0,0,0,0,0,9,0,7,0,15,0,26,0,0,0,0,0,0,0,0,0,0,0,46,0,0,0,0,0,0,0,0,0,19,0,142,64,86,0,30,0,48,0,50,0,310,0,0,0,0,0,0,0,0,0,0,0,0,0,0,0,0,0,0,0,0,0,0,0,86,185,244,0,18,0,0,15,0,0,0,0,0,0,0
0,171,0,16,142,291,0,2,0,11,9,289,175,0,188,0,0,0,225,78,134,136,0,0,0,0,58,88,0,0,11,6,0,0,57,135,0,21,0,0,0,201,11,20,5,19,0,175,0,58,0,171,0,0,0,0,0,0,0,0,0,0,0,0,0,0,0,0,0,0,0,0,0,0,0,0,0,0,0,0,0,0,0,0,0,0,0,0,0,0,0,0,0,0,0,0,0,0,0,0,0,5,0,0,0,0,0,0,0,0,0,0,0,0,0,0,0,0,0,0,0,0,0,0,0,0,0,0,0,0,0,0,0,0,0,0,0,0,0,0,0,0,0,23,0,0,0,0,0,0,0,0,0,0,0,0,0,0,0,0,0,0,0,0,0,84,0,21,0,0,1,0,0,13,0,0,31,390,0,61,0,39,0,35,0,23,12,53,0,0,0,0,0,0,0,0,0,0,0,0,0,0,0,0,0,0,0,0,0,0,0,0,0,0,0,0,0,0,78,108,312,0,0,0,0
3,0,148,0,371,498,0,0,17,0,29,78,17,188,0,83,23,0,208,295,266,19,207,0,5,0,54,96,3,0,128,0,69,0,72,19,107,0,0,0,0,0,0,0,3,0,0,0,10,0,30,0,4,0,21,0,0,0,0,0,0,0,4,0,0,0,0,0,0,0,2,0,0,0,0,1,1,0,0,0,0,0,0,0,0,0,0,0,0,0,0,0,0,0,0,0,0,0,18,0,0,0,0,0,0,0,0,0,0,0,0,0,0,0,0,0,0,0,0,0,0,0,0,0,0,0,0,0,0,0,0,0,0,0,39,0,0,0,0,0,11,0,0,0,4,0,16,0,21,0,0,0,44,0,0,0,0,0,2,0,5,0,0,0,52,0,59,0,0,0,0,0,9,0,17,0,256,123,22,0,0,0,20,0,58,0,0,16,0,0,0,0,0,0,0,0,0,0,0,0,0,0,0,0,0,0,0,0,12,0,238,231,226,46,73,0,2,2,0,0,0,0,0,0,0
38,67,77,375,83,304,0,40,0,14,55,33,3,0,83,0,18,13,0,405,32,198,185,288,12,51,0,67,0,13,0,37,19,66,0,25,0,59,0,22,0,0,0,3,0,0,0,0,0,0,0,11,0,0,0,47,0,0,0,0,0,10,3,6,0,37,0,1,0,0,0,0,0,0,0,0,0,0,0,0,0,45,0,0,0,63,0,25,0,0,0,0,0,0,0,0,0,0,0,0,0,0,0,0,0,0,0,0,0,0,0,0,0,0,0,0,0,0,0,0,0,19,0,0,0,0,0,38,0,0,0,96,0,0,0,202,0,190,0,0,0,0,0,95,0,0,0,0,0,66,0,38,0,0,0,0,0,0,0,3,0,18,0,0,0,0,0,73,0,56,0,0,0,54,0,0,13,116,0,60,0,0,0,4,0,23,0,0,0,0,0,0,0,0,0,0,0,0,0,0,0,116,0,0,0,0,0,0,0,154,0,3,0,0,82,0,0,0,135,52,107,0,0,9,0
94,55,93,32,87,18,18,10,30,0,41,0,0,0,23,18,0,3,74,0,207,0,64,25,69,22,55,0,267,0,102,0,183,0,24,0,12,0,270,0,0,0,0,0,8,0,0,0,26,0,11,0,67,0,20,6,14,0,0,0,47,4,416,0,0,0,0,0,0,0,16,0,0,0,11,0,0,0,0,0,85,0,0,0,179,0,76,0,0,0,138,0,0,0,0,0,280,0,366,0,0,0,0,0,0,0,200,0,0,0,0,0,0,0,0,0,0,0,0,0,195,0,167,0,0,0,0,0,122,0,0,0,9,0,0,0,280,0,132,0,100,0,380,0,14,0,0,0,2,0,0,0,0,0,102,0,0,0,151,3,44,0,0,0,0,0,13,0,51,0,14,0,89,0,0,0,37,37,10,0,0,0,34,0,0,0,0,0,0,0,0,0,0,0,0,0,0,0,0,0,271,0,0,0,0,0,0,0,0,0,72,49,99,120,115,0,7,0,0,0,0,5,0,0,0
10,41,0,31,0,4,0,0,0,5,0,4,0,0,0,13,3,0,0,0,0,88,13,99,8,171,0,0,0,69,0,21,0,11,0,0,0,4,0,60,0,0,0,0,0,0,0,0,0,0,0,0,0,31,0,57,0,33,0,8,0,26,0,225,0,0,0,0,0,0,0,0,0,0,0,0,0,0,0,0,0,46,0,0,0,135,0,0,0,0,0,0,0,0,0,0,0,31,0,0,0,0,0,0,0,0,0,0,0,0,0,0,0,0,0,0,0,0,0,0,0,0,0,0,0,25,0,0,0,0,0,26,0,0,0,130,0,193,0,84,0,65,0,256,0,4,0,0,0,0,0,0,0,0,0,41,0,0,0,55,0,0,0,0,0,0,0,0,0,7,0,3,0,26,0,0,0,24,0,13,0,0,0,4,0,0,0,0,0,0,0,0,0,0,0,0,0,0,0,0,0,70,0,0,0,0,0,0,0,10,0,0,0,0,28,0,0,0,0,7,27,11,0,6,0
12,0,101,0,169,42,0,0,18,0,10,0,101,225,208,0,74,0,0,140,272,0,201,0,0,0,122,392,0,0,15,0,0,0,136,0,20,0,0,0,18,61,123,14,12,8,13,151,12,0,277,44,0,0,0,0,0,0,0,0,0,0,14,0,0,0,0,0,0,0,0,0,0,0,0,0,0,0,0,0,0,0,0,0,0,0,0,0,0,0,0,0,0,0,0,0,0,0,0,0,0,0,0,0,0,0,0,0,0,0,0,0,0,0,0,0,0,0,0,0,0,0,0,0,0,0,0,0,0,0,0,0,0,0,0,0,0,0,0,0,0,1,0,0,0,0,0,0,13,0,0,0,0,0,0,0,0,0,0,0,0,0,0,0,121,0,0,0,23,0,4,0,0,0,0,0,54,41,8,0,0,0,20,0,39,0,16,17,0,0,0,0,0,0,0,0,0,0,0,0,0,0,0,0,0,0,0,0,0,0,0,112,250,29,0,0,0,0,0,0,0,0,0,0,0
0,61,0,58,133,315,0,0,0,32,44,51,128,78,295,405,0,0,140,0,152,348,0,73,0,16,0,185,0,0,25,23,15,7,80,297,0,77,0,0,0,5,4,23,0,48,0,40,0,0,35,231,0,2,0,0,0,0,0,0,0,0,0,0,0,46,0,0,0,0,0,0,0,0,0,0,0,0,0,0,0,0,0,0,0,0,0,0,0,0,0,0,0,0,0,0,0,0,0,0,0,0,0,0,0,0,0,0,0,0,0,0,0,0,0,0,0,0,0,0,0,0,0,0,0,56,0,31,0,0,0,0,0,0,0,0,0,0,0,0,0,0,0,0,0,24,0,0,0,58,0,29,0,0,0,0,0,0,0,0,0,0,0,0,0,58,0,64,0,81,0,0,0,14,0,0,0,66,15,8,0,0,0,0,0,33,2,4,0,0,0,0,0,0,0,0,0,0,0,0,0,0,0,0,0,0,0,0,0,77,0,0,0,0,79,0,0,0,130,96,206,0,0,0,0
12,0,75,0,260,166,8,0,6,0,69,30,54,134,266,32,207,0,272,152,0,19,143,0,8,0,129,152,58,1,53,0,36,0,97,10,74,0,0,0,0,0,20,0,16,0,0,0,16,0,140,0,0,0,0,0,0,0,0,0,8,0,71,0,0,0,0,0,0,0,18,0,0,0,31,0,0,0,0,0,0,0,0,0,0,0,22,0,0,0,0,0,0,0,0,0,0,0,227,0,0,0,0,0,0,0,0,0,0,0,0,0,0,0,0,0,0,0,0,0,0,0,131,0,0,0,0,0,0,0,0,0,0,0,0,0,0,0,109,0,138,0,213,0,60,0,0,0,0,0,0,0,0,0,0,0,0,0,0,0,0,0,0,0,119,0,120,0,69,0,7,0,31,0,0,0,71,42,29,0,0,0,7,0,0,0,0,3,0,0,0,0,0,0,0,0,0,0,0,0,0,0,0,0,0,0,0,0,0,0,147,127,318,0,69,3,0,0,0,3,0,0,0,0,0
0,19,0,103,16,286,0,0,0,0,5,52,24,136,19,198,0,88,0,348,19,0,5,241,0,48,0,197,0,62,5,107,0,156,13,150,0,107,0,19,0,11,0,33,0,69,0,0,1,6,0,57,0,22,0,45,0,37,0,0,0,4,0,111,0,9,0,0,0,0,0,16,0,0,0,26,0,0,0,0,0,162,0,0,0,228,0,0,0,0,0,0,0,0,0,0,0,0,0,0,0,0,0,0,0,0,0,0,0,0,0,0,0,0,0,0,0,0,0,0,0,62,0,0,0,0,0,0,0,0,0,0,0,0,0,0,0,328,0,279,0,359,0,605,0,87,0,0,0,21,0,0,0,0,0,76,0,0,0,73,0,0,0,0,0,0,0,36,0,29,0,0,0,31,0,0,0,80,3,45,0,0,0,0,0,0,0,34,0,0,0,0,0,0,0,0,0,0,0,0,0,0,0,0,0,0,0,0,0,0,2,0,0,0,0,0,0,0,102,91,120,0,1,0,0
34,291,433,177,142,219,8,14,0,0,37,139,38,0,207,185,64,13,201,0,143,5,0,143,118,10,144,0,51,0,72,0,168,50,0,2,0,15,49,27,0,0,0,0,10,0,6,0,0,0,0,0,5,0,191,0,0,0,0,0,0,13,28,0,0,0,0,0,0,0,0,0,0,0,0,0,0,0,0,0,28,0,0,0,100,0,24,0,0,0,0,0,0,0,0,0,0,0,0,0,0,0,0,0,0,0,186,0,0,0,0,0,0,0,0,0,0,0,0,0,0,0,26,0,0,0,0,0,0,0,5,0,0,0,0,1,339,0,0,0,37,0,181,0,4,0,0,0,2,0,20,0,0,0,61,0,0,0,48,0,61,0,0,0,0,0,44,0,0,0,7,3,69,0,0,0,169,170,8,0,0,0,18,0,7,0,1,0,0,0,0,0,0,0,0,0,0,0,0,0,379,0,0,0,0,0,0,0,34,0,142,63,69,74,110,0,0,0,48,7,15,0,0,0,0
68,57,100,151,0,20,0,0,3,4,0,40,0,0,0,288,25,99,0,73,0,241,143,0,33,35,0,26,0,41,0,25,0,62,0,0,0,14,0,52,0,0,0,0,0,6,0,0,0,0,0,0,0,0,0,40,0,0,0,0,0,17,0,73,0,0,0,0,0,0,0,0,0,0,0,0,0,0,0,0,0,0,0,0,0,185,0,52,0,0,0,24,0,0,0,0,0,0,0,65,0,0,0,0,0,0,0,0,0,0,0,0,0,0,0,0,0,0,0,0,0,18,0,0,0,0,0,0,0,0,0,0,0,0,0,149,0,132,0,35,0,49,0,217,0,0,0,1,0,0,0,0,0,0,0,0,0,0,0,10,0,0,0,0,0,0,0,37,0,21,0,9,0,73,0,0,4,82,0,109,0,0,0,5,0,0,0,0,0,0,0,0,0,0,0,0,0,0,0,0,0,79,0,0,0,0,0,0,0,0,0,0,0,0,68,0,0,0,81,131,65,0,0,0,1
12,232,50,85,0,0,331,175,113,102,0,0,0,0,5,12,69,8,0,0,8,0,118,33,0,180,0,0,17,0,0,0,0,0,0,0,0,0,28,0,0,0,0,0,0,0,0,0,14,0,3,0,20,23,173,98,33,0,34,0,19,29,39,47,1,0,3,0,0,0,0,0,0,0,0,0,0,0,0,0,0,0,0,0,40,0,0,0,0,0,32,0,0,0,0,0,86,0,0,0,0,0,0,0,0,0,95,0,0,0,0,0,0,0,0,0,0,0,0,0,13,0,9,0,0,0,16,0,38,0,21,0,9,0,98,0,195,0,7,4,21,0,134,0,2,0,0,0,2,0,15,0,9,0,72,0,0,0,78,0,68,0,0,0,0,0,0,0,0,0,19,0,60,0,0,0,36,111,0,0,0,0,9,0,0,0,0,0,0,0,0,0,0,0,0,0,0,0,0,0,243,0,0,0,0,0,0,0,17,0,70,54,44,103,99,0,6,0,28,9,11,0,0,4,0
38,61,15,115,0,0,88,185,101,21,0,0,0,0,0,51,22,171,0,16,0,48,10,35,180,0,0,0,1,74,0,4,0,0,0,0,0,0,0,66,0,0,0,0,0,0,0,0,0,1,0,0,2,16,6,208,0,33,0,3,11,85,45,194,0,0,0,0,0,0,0,0,0,0,0,0,0,0,0,0,0,7,0,0,0,21,0,0,0,0,0,0,0,0,0,0,0,0,0,0,0,0,0,0,0,0,0,26,0,0,0,0,0,0,0,0,0,0,0,0,0,0,0,0,0,43,0,10,0,25,0,53,0,32,0,244,0,250,0,35,0,0,0,123,0,0,0,0,0,4,0,12,0,0,0,78,0,0,0,0,0,54,0,1,0,2,0,0,0,9,0,7,8,28,0,0,9,69,0,0,0,0,0,5,0,0,0,0,0,0,0,0,0,0,0,0,0,0,0,21,0,131,0,2,0,0,0,16,0,86,15,0,5,5,109,0,0,0,141,26,42,40,0,15,1
35,0,114,0,135,0,0,0,18,0,35,0,124,58,54,0,55,0,122,0,129,0,144,0,0,0,0,215,39,0,18,0,12,0,52,0,58,0,0,0,12,79,277,24,362,0,82,172,54,0,190,36,0,0,0,0,0,0,0,0,0,0,47,0,0,0,2,0,0,0,44,0,0,0,0,0,0,0,0,0,0,0,0,0,0,0,0,0,0,0,0,0,0,0,0,0,0,0,0,0,0,0,0,0,0,0,0,0,0,0,0,0,0,0,0,0,0,0,0,0,0,0,0,0,0,0,0,0,0,0,0,0,0,0,0,0,0,0,0,0,0,0,0,0,0,0,0,0,0,0,0,0,18,0,0,0,0,0,0,0,10,0,9,0,193,0,30,0,0,0,0,0,35,0,0,0,0,10,26,0,0,0,17,0,52,0,47,5,0,0,0,0,0,0,0,0,0,0,0,0,0,0,0,0,0,0,0,0,0,0,34,221,241,36,0,0,0,71,0,0,0,0,0,0,0
0,121,0,0,157,237,0,0,0,23,0,86,566,88,96,67,0,0,392,185,152,197,0,26,0,0,215,0,0,0,0,0,2,0,90,131,0,60,0,0,105,68,64,299,38,444,37,253,15,104,86,395,0,0,0,0,0,0,0,0,0,3,0,0,0,0,0,0,0,0,0,0,0,0,0,0,0,0,0,0,0,0,0,0,0,0,0,0,0,0,0,0,0,0,0,0,0,0,0,0,0,0,0,0,0,0,0,0,0,0,0,0,0,0,0,0,0,0,0,0,0,0,0,0,0,0,0,0,0,0,0,0,0,0,0,0,0,0,0,0,0,0,0,0,0,0,0,0,0,0,0,0,0,0,0,0,0,0,0,0,0,0,0,0,0,157,0,5,0,0,0,0,0,11,0,0,6,170,11,0,0,0,0,0,0,0,46,36,0,0,0,0,0,0,0,0,0,0,0,0,0,0,0,0,0,0,0,0,0,0,0,0,0,0,22,0,0,0,0,198,388,19,0,1,2
87,0,174,0,10,0,26,0,2,0,6,0,0,0,3,0,267,0,0,0,58,0,51,0,17,1,39,0,0,0,63,0,42,0,48,0,29,0,16,0,0,0,14,0,0,0,0,0,0,0,34,0,2,0,0,0,0,0,2,0,5,0,14,0,0,0,0,0,0,0,4,0,0,0,0,0,0,0,0,0,0,0,0,0,19,0,19,0,0,0,0,0,0,0,0,0,0,0,0,0,0,0,0,0,0,0,0,0,0,0,0,0,0,0,0,0,0,0,0,0,40,0,46,0,0,0,0,0,8,0,0,0,0,0,0,0,17,0,70,0,65,0,64,0,13,0,0,0,0,0,0,0,0,0,9,0,0,0,18,0,0,0,0,0,0,0,0,0,0,0,0,0,3,0,0,0,13,0,5,0,0,0,10,0,0,0,0,0,0,0,0,0,0,0,0,0,0,0,0,0,42,0,0,0,0,0,0,0,0,0,0,3,0,0,3,0,0,0,0,0,0,0,0,0,0
0,135,0,206,0,0,0,76,0,0,0,9,0,0,0,13,0,69,0,0,1,62,0,41,0,74,0,0,0,0,0,31,0,47,0,10,0,5,0,51,0,0,0,0,0,0,0,0,0,1,0,0,0,8,0,30,0,5,0,0,0,10,0,25,0,0,0,0,0,0,0,0,0,0,0,0,0,0,0,0,0,0,0,0,0,20,0,0,0,0,0,0,0,0,0,0,0,0,0,13,0,0,0,0,0,0,0,0,0,0,0,0,0,0,0,0,0,0,0,0,0,0,0,0,0,0,0,0,0,0,0,0,0,0,0,0,0,62,0,42,0,45,0,73,0,2,0,0,0,0,0,0,0,0,0,11,0,1,0,11,0,9,0,0,0,0,0,0,0,0,0,0,0,11,0,0,0,0,0,12,0,0,0,0,0,0,0,0,0,0,0,0,0,0,0,0,0,0,0,0,0,0,0,0,0,0,0,0,0,0,0,0,0,0,0,0,0,0,4,0,0,0,0,0,0
0,0,51,0,232,28,0,0,0,0,49,0,15,11,128,0,102,0,15,25,53,5,72,0,0,0,18,0,63,0,0,0,1,0,17,0,36,0,2,0,0,0,14,0,4,0,0,0,0,0,27,0,0,0,0,0,0,0,0,0,0,0,43,0,0,0,0,0,0,0,0,0,0,0,0,0,0,0,0,0,0,0,0,0,18,0,0,0,0,0,0,0,0,0,0,0,0,0,0,0,0,0,0,0,0,0,19,0,0,0,0,0,0,0,0,0,0,0,0,0,0,0,0,0,0,0,0,0,0,0,0,0,0,0,0,0,29,0,0,0,0,0,0,0,25,0,0,0,0,0,0,0,0,0,0,0,7,0,0,0,0,0,0,0,8,0,22,0,15,0,0,0,8,0,0,0,0,3,23,0,0,0,0,0,0,0,0,0,0,0,0,0,0,0,0,0,0,0,0,0,0,0,2,0,0,0,0,0,0,0,0,0,0,11,0,0,0,0,0,0,0,0,0,0,0
0,0,0,57,1,139,0,0,0,0,0,30,0,6,0,37,0,21,0,23,0,107,0,25,0,4,0,0,0,31,0,0,0,22,0,32,0,29,0,5,0,0,0,0,0,0,0,0,0,0,0,8,0,7,0,0,0,0,0,0,0,0,0,10,0,0,0,0,0,0,0,0,0,0,0,0,0,0,0,0,0,0,0,0,0,0,0,0,0,0,0,0,0,0,0,0,0,0,0,0,0,0,0,0,0,0,0,0,0,0,0,0,0,0,0,0,0,0,0,0,0,0,0,0,0,0,0,0,0,0,0,0,0,0,0,0,0,0,0,0,0,60,0,73,0,0,0,0,0,6,0,0,0,1,0,11,0,0,0,0,0,0,0,0,0,0,0,0,0,0,0,0,0,0,0,0,2,56,0,48,0,0,0,0,0,0,0,2,0,0,0,0,0,0,0,0,0,0,0,0,0,0,0,0,0,0,0,0,0,0,0,0,0,0,0,0,0,0,0,16,9,0,0,0,0
146,0,378,0,319,38,0,0,0,0,114,0,0,0,69,19,183,0,0,15,36,0,168,0,0,0,12,2,42,0,1,0,0,0,14,0,274,0,1,0,0,0,13,0,0,0,0,0,0,0,22,0,4,0,0,0,0,0,0,0,20,0,40,0,0,0,0,0,0,0,0,0,0,0,0,0,0,0,0,0,0,0,0,0,0,0,0,0,0,0,0,0,0,0,0,0,0,0,0,0,0,0,0,0,0,0,0,0,0,0,0,0,0,0,0,0,0,0,0,0,0,0,0,0,0,0,0,0,0,0,0,0,0,0,0,0,0,0,30,0,42,0,0,0,0,0,0,0,0,0,0,0,0,0,10,0,9,0,15,0,0,0,0,0,7,0,26,0,0,0,2,0,7,0,0,0,53,15,27,0,0,0,31,0,0,0,0,0,0,0,0,0,0,0,0,0,0,0,0,0,0,0,0,0,0,0,0,0,0,0,0,9,12,0,0,0,0,0,0,0,0,0,0,0,0
0,119,0,199,0,324,0,0,0,0,0,120,0,0,0,66,0,11,0,7,0,156,50,62,0,0,0,0,0,47,0,22,0,0,0,26,0,118,0,22,0,1,0,0,0,4,0,0,0,0,0,9,0,0,0,1,0,0,0,0,0,35,0,22,0,0,0,0,0,0,0,0,0,0,0,0,0,0,0,0,0,0,0,0,0,0,0,0,0,0,0,0,0,0,0,0,0,0,0,0,0,0,0,0,0,0,0,0,0,0,0,0,0,0,0,0,0,0,0,0,0,0,0,0,0,0,0,0,0,0,0,0,0,0,0,0,0,0,0,78,0,77,0,0,0,36,0,0,0,0,0,0,0,0,0,20,0,40,0,35,0,0,0,1,0,0,0,18,0,8,0,0,0,12,0,0,0,210,0,202,0,0,0,8,0,0,0,1,0,0,0,0,0,0,0,0,0,0,0,0,0,0,0,0,0,0,0,0,0,0,0,0,0,0,0,0,0,0,0,21,14,0,0,1,0
0,0,0,0,183,0,0,0,5,0,0,0,79,57,72,0,24,0,136,80,97,13,0,0,0,0,52,90,48,0,17,0,14,0,0,0,212,0,2,0,0,0,39,0,29,0,0,0,8,0,103,0,0,0,0,0,0,0,0,0,0,0,0,0,0,0,0,0,0,0,0,0,0,0,0,0,0,0,0,0,0,0,0,0,0,0,0,0,0,0,0,0,0,0,0,0,0,0,0,0,0,0,0,0,0,0,0,0,0,0,0,0,0,0,0,0,0,0,0,0,85,0,0,0,0,0,0,0,0,0,0,0,0,0,0,0,0,0,0,0,47,0,0,0,21,0,0,0,0,0,0,0,0,0,0,0,0,0,0,0,0,0,0,0,75,0,27,0,0,0,0,0,14,0,0,0,40,0,37,0,0,0,0,0,0,0,0,1,0,0,0,0,0,0,0,0,0,0,0,0,0,0,0,0,0,0,0,0,0,0,0,37,111,21,0,0,0,0,0,0,0,0,0,0,0
0,14,0,0,10,113,0,0,0,0,2,33,16,135,19,25,0,0,0,297,10,150,2,0,0,0,0,131,0,10,0,32,0,26,0,0,0,301,0,7,0,5,0,20,0,13,0,0,0,4,0,85,0,0,0,0,0,0,0,0,0,0,0,0,0,0,0,0,0,0,0,0,0,0,0,0,0,0,0,0,0,0,0,0,0,36,0,0,0,0,0,0,0,0,0,0,0,0,0,0,0,0,0,0,0,0,0,0,0,0,0,0,0,0,0,0,0,0,0,0,0,0,0,0,0,0,0,0,0,0,0,0,0,0,0,0,0,89,0,99,0,195,0,221,0,41,0,0,0,0,0,0,0,0,0,21,0,0,0,28,0,0,0,0,0,45,0,22,0,41,0,0,0,14,0,0,0,55,0,20,0,0,0,0,0,0,0,25,0,0,0,0,0,0,0,0,0,0,0,0,0,0,0,0,0,0,0,0,0,6,0,0,0,0,23,0,0,0,65,58,182,0,0,0,0
39,0,48,0,267,27,0,0,0,0,49,0,17,0,107,0,12,0,20,0,74,0,0,0,0,0,58,0,29,0,36,0,274,0,212,0,0,0,128,0,0,0,24,0,7,0,0,0,4,0,188,0,13,0,0,0,3,0,0,0,59,0,21,0,1,0,0,0,0,0,31,0,0,0,18,0,0,0,0,0,44,0,0,0,35,0,37,0,0,0,0,0,0,0,0,0,0,0,188,0,0,0,0,0,0,0,0,0,0,0,0,0,0,0,0,0,0,0,0,0,137,0,111,0,0,0,0,0,0,0,0,0,0,0,0,0,0,0,179,0,155,0,113,0,108,0,0,0,0,0,0,0,0,0,7,0,22,0,43,0,0,0,0,0,122,0,44,0,30,0,17,0,40,0,0,0,0,0,24,0,0,0,8,0,0,0,0,3,0,0,0,0,0,0,0,0,0,0,0,0,0,0,0,0,0,0,0,0,0,0,11,23,68,0,0,0,0,0,0,0,0,0,0,0,0
0,48,4,26,0,131,0,0,0,0,0,51,0,21,0,59,0,4,0,77,0,107,15,14,0,0,0,60,0,5,0,29,0,118,0,301,0,0,0,39,0,1,0,90,0,9,0,0,0,4,0,45,0,0,0,0,0,0,0,4,0,70,0,14,0,0,0,0,0,0,0,7,0,0,0,12,0,0,0,0,0,14,0,0,0,0,0,0,0,0,0,0,0,0,0,0,0,0,0,0,0,0,0,0,0,0,0,0,0,0,0,0,0,0,0,0,0,0,0,0,0,9,0,0,0,0,0,0,0,0,0,0,0,4,0,0,0,82,0,144,0,299,0,189,0,103,0,0,0,0,0,0,0,0,0,48,0,102,0,44,0,11,0,6,0,25,0,35,0,54,0,0,0,90,0,0,0,90,0,96,0,0,0,0,0,2,0,11,0,0,0,0,0,0,0,0,0,0,0,0,0,0,0,0,0,0,0,0,0,0,0,0,0,0,21,0,0,0,15,37,98,0,0,0,0
384,0,327,0,15,0,114,0,28,0,13,0,0,0,0,0,270,0,0,0,0,0,49,0,28,0,0,0,16,0,2,0,1,0,2,0,128,0,0,0,0,0,0,0,0,0,0,0,0,0,0,0,0,0,0,0,0,0,0,0,44,0,16,0,1,0,0,0,0,0,2,0,0,0,0,0,0,0,0,0,7,0,0,0,0,0,0,0,0,0,0,0,0,0,0,0,0,0,0,0,0,0,0,0,0,0,0,0,0,0,0,0,0,0,0,0,0,0,0,0,0,0,11,0,0,0,0,0,0,0,0,0,0,0,0,0,0,0,0,0,0,0,0,0,0,0,0,0,0,0,0,0,2,0,7,0,11,0,0,0,0,0,0,0,0,0,54,0,0,0,1,0,120,0,0,0,37,5,0,0,0,0,66,0,0,0,0,0,0,0,0,0,0,0,0,0,1,0,0,0,0,0,0,0,0,0,0,0,0,0,0,61,0,0,5,0,0,0,4,0,0,0,0,0,0
0,388,0,351,0,57,0,111,0,0,0,65,0,0,0,22,0,60,0,0,0,19,27,52,0,66,0,0,0,51,0,5,0,22,0,7,0,39,0,0,0,0,0,0,0,0,0,0,0,0,0,0,0,8,0,8,0,0,0,0,0,11,0,28,0,0,0,0,0,0,0,0,0,0,0,0,0,0,0,0,0,0,0,0,0,0,0,0,0,0,0,0,0,0,0,0,0,0,0,0,0,0,0,0,0,0,0,0,0,0,0,0,0,0,0,0,0,0,0,0,0,0,0,0,0,0,0,0,0,0,0,0,0,0,0,0,0,0,0,37,0,0,0,0,0,53,0,0,0,0,0,0,0,0,0,38,0,60,0,0,0,4,0,0,0,0,0,1,0,3,0,0,0,27,0,0,1,131,0,102,0,0,0,24,0,0,0,0,0,0,0,0,0,0,0,0,0,0,0,0,0,0,0,0,0,3,0,0,0,0,0,0,0,0,0,0,0,0,0,14,5,0,0,0,0
15,0,0,0,41,0,0,0,4,0,13,0,288,0,0,0,0,0,18,0,0,0,0,0,0,0,12,105,0,0,0,0,0,0,0,0,0,0,0,0,0,76,54,12,71,36,106,191,106,15,10,0,0,0,0,0,0,0,0,0,0,0,0,0,0,0,1,0,0,0,0,0,0,0,0,0,0,0,0,0,0,0,0,0,0,0,0,0,0,0,0,0,0,0,0,0,0,0,0,0,0,0,0,0,0,0,0,0,0,0,0,0,0,0,0,0,0,0,0,0,0,0,0,0,0,0,0,0,0,0,0,0,0,0,0,0,0,0,0,0,0,0,0,0,0,0,0,0,1,0,0,0,0,0,0,0,0,0,0,0,0,0,0,0,0,0,0,0,0,0,0,0,0,0,0,0,0,8,12,0,0,0,0,0,0,0,145,1,0,0,0,0,0,0,0,0,0,0,0,0,0,0,0,0,0,0,0,0,0,0,0,61,26,0,0,0,0,28,0,0,0,0,0,0,0
0,14,0,0,0,32,0,0,0,2,0,53,161,201,0,0,0,0,61,5,0,11,0,0,0,0,79,68,0,0,0,0,0,1,0,5,0,1,0,0,76,0,29,98,44,90,52,105,26,159,0,71,0,0,0,0,0,0,0,0,0,0,0,0,0,0,0,0,0,0,0,0,0,0,0,0,0,0,0,0,0,0,0,0,0,0,0,0,0,0,0,0,0,0,0,0,0,0,0,6,0,0,0,0,0,0,0,0,0,0,0,0,0,0,0,0,0,0,0,0,0,0,0,0,0,0,0,0,0,0,0,0,0,0,0,0,0,0,0,0,0,0,0,41,0,0,0,0,0,0,0,0,0,0,0,0,0,0,0,0,0,0,0,0,0,17,0,1,0,0,0,0,0,0,0,0,0,172,0,17,0,0,0,0,0,0,31,46,0,0,0,0,0,0,0,0,0,0,0,0,0,0,0,0,0,0,0,0,0,0,0,0,0,0,0,0,0,0,0,39,26,0,0,0,11
0,0,0,0,0,0,0,0,0,0,0,0,263,11,0,0,0,0,123,4,20,0,0,0,0,0,277,64,14,0,14,0,13,0,39,0,24,0,0,0,54,29,0,0,159,9,67,65,21,1,75,0,2,0,0,0,0,0,0,0,0,0,0,0,0,0,0,0,0,0,19,0,0,0,0,0,0,0,0,0,27,0,0,0,0,0,27,0,0,0,0,0,0,0,15,0,0,0,116,0,0,0,0,0,0,0,0,0,0,0,0,0,0,0,0,0,0,0,0,0,0,0,0,0,0,0,0,0,0,0,0,0,0,0,0,0,0,0,0,0,0,0,0,0,0,0,0,0,0,0,0,0,0,0,0,0,0,0,0,0,0,0,7,0,63,0,22,0,0,0,14,0,19,0,0,0,13,2,38,0,0,0,3,0,0,0,74,0,0,0,0,0,0,0,0,0,0,0,0,0,0,0,0,0,0,0,0,0,0,0,108,109,66,25,27,0,3,14,0,0,0,0,0,0,0
0,0,0,0,0,0,0,0,0,0,0,0,0,20,0,3,0,0,14,23,0,33,0,0,0,0,24,299,0,0,0,0,0,0,0,20,0,90,0,0,12,98,0,0,0,221,0,115,3,54,0,78,0,0,0,0,0,0,0,0,0,0,0,0,0,0,0,0,0,0,0,2,0,0,0,5,0,0,0,0,0,0,0,0,0,0,0,0,0,0,0,0,0,0,0,0,0,0,0,0,0,0,0,0,0,0,0,0,0,0,0,0,0,0,0,0,0,0,0,0,0,4,0,1,0,0,0,0,0,0,0,0,0,0,0,0,0,0,0,0,0,0,0,41,0,10,0,0,0,0,0,0,0,0,0,0,0,0,0,0,0,0,0,0,0,51,0,15,0,0,0,5,0,29,0,0,0,27,0,1,0,0,0,0,0,0,0,61,0,0,0,0,0,0,0,0,0,0,0,0,0,0,0,0,0,0,0,0,0,0,0,0,0,0,0,0,0,0,0,37,82,8,0,0,0
0,0,0,0,10,0,0,0,2,0,0,0,116,5,3,0,8,0,12,0,16,0,10,0,0,0,362,38,0,0,4,0,0,0,29,0,7,0,0,0,71,44,159,0,0,35,301,104,211,46,92,0,0,0,0,0,0,0,0,0,0,0,0,0,0,0,0,0,0,0,5,0,0,0,0,0,0,0,0,0,0,0,0,0,0,0,0,0,0,0,0,0,0,0,0,0,0,0,44,0,0,0,1,0,0,0,0,0,0,0,0,0,0,0,0,0,0,0,0,0,0,0,0,0,0,0,0,0,0,0,0,0,0,0,0,0,0,0,0,0,0,0,0,0,0,0,0,0,0,0,0,0,0,0,0,0,0,0,0,0,0,0,0,0,199,0,4,0,28,0,5,0,12,0,2,0,12,2,11,0,0,0,5,0,0,0,119,0,0,0,0,0,0,0,0,0,0,0,0,0,0,0,0,0,0,0,0,0,0,0,14,130,115,0,0,0,1,148,0,0,0,0,0,0,0
0,19,0,0,0,0,0,0,0,0,0,7,0,19,0,0,0,0,8,48,0,69,0,6,0,0,0,444,0,0,0,0,0,4,0,13,0,9,0,0,36,90,9,221,35,0,43,298,47,144,0,179,0,0,0,6,0,0,0,0,0,0,0,0,0,0,0,0,0,0,0,0,0,0,0,0,0,0,0,0,0,39,0,0,0,0,0,30,0,0,0,0,0,0,0,0,0,0,0,0,0,0,0,0,0,0,0,0,0,0,0,0,0,0,0,0,0,0,0,0,0,0,0,0,0,0,0,1,0,0,0,0,0,0,0,0,0,0,0,0,0,75,0,123,0,66,0,0,0,0,0,0,0,0,0,0,0,4,0,0,0,10,0,10,0,164,0,32,0,62,0,24,0,67,0,0,0,26,0,0,0,0,0,0,0,0,17,17,0,0,0,0,0,0,0,0,0,0,0,0,0,0,0,0,0,0,0,0,0,0,0,0,0,0,13,0,0,2,33,121,135,13,0,0,58
0,0,12,0,63,0,0,0,0,0,21,0,160,0,0,0,0,0,13,0,0,0,6,0,0,0,82,37,0,0,0,0,0,0,0,0,0,0,0,0,106,52,67,0,301,43,0,112,302,28,6,0,0,0,0,0,0,0,0,0,0,0,0,0,0,0,0,0,0,0,0,0,0,0,0,0,1,0,0,0,0,0,0,0,0,0,0,0,0,0,0,0,0,0,0,0,0,0,0,0,0,0,0,0,0,0,0,0,0,0,0,0,0,0,0,0,0,0,0,0,0,0,0,0,0,0,0,0,0,0,0,0,0,0,0,0,0,0,0,0,0,0,0,0,0,0,0,0,0,0,0,0,0,0,0,0,0,0,0,0,0,0,0,0,47,0,0,0,0,0,4,0,0,0,0,0,12,5,27,0,0,0,0,0,0,0,158,0,0,0,0,0,0,0,0,0,0,0,0,0,0,0,0,0,0,0,0,0,0,0,0,205,110,0,0,0,0,101,0,0,0,0,0,0,0
0,74,0,0,0,105,0,0,0,0,0,89,366,175,0,0,0,0,151,40,0,0,0,0,0,0,172,253,0,0,0,0,0,0,0,0,0,0,0,0,191,105,65,115,104,298,112,0,67,112,19,98,0,0,0,0,0,0,0,0,0,0,0,0,0,0,0,0,0,0,0,0,0,0,0,0,0,0,0,0,0,0,0,0,0,0,0,0,0,0,0,0,0,0,0,0,0,0,0,0,0,0,0,0,0,0,0,0,0,0,0,0,0,0,0,0,0,0,0,0,0,0,0,0,0,0,0,0,0,0,0,0,0,0,0,0,0,0,0,0,0,0,0,0,0,0,0,0,0,0,0,0,0,0,0,0,0,0,0,0,0,0,0,0,0,0,0,0,0,0,0,0,0,0,0,0,0,280,4,25,0,0,0,0,0,0,39,26,0,0,0,0,0,0,0,0,0,0,0,0,0,0,0,0,0,0,0,0,0,0,0,0,0,0,0,0,0,3,0,143,113,0,0,0,27
34,0,53,0,66,0,94,0,43,0,11,2,54,0,10,0,26,0,12,0,16,1,0,0,14,0,54,15,0,0,0,0,0,0,8,0,4,0,0,0,106,26,21,3,211,47,302,67,0,86,25,0,0,0,12,0,15,0,31,0,16,0,1,0,0,0,0,0,12,0,5,0,0,0,0,0,4,0,0,0,4,0,11,0,19,0,3,2,5,0,0,0,5,0,6,0,0,0,0,0,4,0,11,0,10,0,0,0,0,0,0,0,0,0,0,0,0,0,0,0,0,0,0,0,0,0,0,0,0,0,0,0,6,0,0,0,0,0,0,0,0,0,28,0,0,0,11,0,0,0,6,0,0,0,13,0,0,0,5,0,18,0,19,0,45,0,41,0,68,0,11,0,73,0,0,0,52,5,50,0,0,0,0,0,0,0,214,0,61,0,21,0,57,0,10,0,3,0,31,0,42,0,60,0,40,0,0,0,27,0,151,230,260,21,151,16,6,35,1,3,2,0,0,0,4
0,0,0,7,0,0,0,0,0,7,0,0,0,58,0,0,0,0,0,0,0,6,0,0,0,1,0,104,0,1,0,0,0,0,0,4,0,4,0,0,15,159,1,54,46,144,28,112,86,0,0,34,0,2,0,5,0,8,0,10,0,0,0,2,0,0,0,0,0,1,0,0,0,0,0,0,0,0,0,1,0,25,0,6,0,0,0,25,0,0,0,0,0,0,0,4,0,0,0,0,0,9,0,1,0,0,0,0,0,0,0,0,0,0,0,0,0,0,0,0,0,12,0,0,0,0,0,0,0,1,0,0,0,0,0,0,0,0,0,0,0,0,0,50,0,20,0,1,0,0,0,0,0,0,0,0,0,3,0,0,0,5,0,2,0,79,0,6,0,21,0,3,0,5,0,4,0,219,0,0,0,0,0,0,0,5,31,53,0,7,0,0,0,0,0,4,0,0,0,0,0,0,0,0,0,0,0,0,0,0,0,2,0,0,17,0,0,2,34,50,57,4,2,2,47
0,0,0,0,190,0,11,0,0,0,0,0,330,0,30,0,11,0,277,35,140,0,0,0,3,0,190,86,34,0,27,0,22,0,103,0,188,0,0,0,10,0,75,0,92,0,6,19,25,0,0,0,0,0,0,0,0,0,9,0,8,0,0,0,3,0,0,0,0,0,29,0,0,0,0,0,0,0,0,0,65,0,0,0,66,0,54,0,0,0,57,0,0,0,0,0,0,0,311,0,54,0,0,0,0,0,0,0,0,0,0,0,0,0,0,0,0,0,0,0,118,0,0,0,0,0,0,0,4,0,0,0,0,0,0,0,20,0,29,0,61,0,74,0,47,0,0,0,0,0,0,0,0,0,0,0,0,0,0,0,0,0,12,0,128,0,45,0,47,0,18,0,62,0,0,0,41,12,48,0,0,0,0,0,0,0,14,0,0,0,0,0,0,0,0,0,0,0,0,0,0,0,0,0,0,0,0,0,0,0,82,76,111,41,32,0,4,9,0,0,0,0,0,0,0
0,0,0,0,0,0,0,4,0,0,0,13,70,171,0,11,0,0,44,231,0,57,0,0,0,0,36,395,0,0,0,8,0,9,0,85,0,45,0,0,0,71,0,78,0,179,0,98,0,34,0,0,0,0,0,0,0,10,0,8,0,4,0,2,0,0,0,0,0,0,0,0,0,0,0,7,0,0,0,0,0,0,0,0,0,0,0,15,0,0,0,0,0,0,0,0,0,0,0,0,0,0,0,5,0,0,0,0,0,0,0,0,0,0,0,0,0,0,0,0,0,0,0,0,0,0,0,0,0,0,2,0,0,0,0,0,0,41,0,0,0,0,0,110,0,0,0,0,0,0,0,0,0,0,0,0,0,4,0,0,0,0,0,0,0,126,0,19,0,112,0,8,0,44,0,0,0,21,0,0,0,0,0,0,0,0,0,73,0,0,0,0,0,0,0,0,0,0,0,0,0,0,0,0,0,0,0,0,0,0,0,0,0,0,11,0,0,0,0,45,164,9,0,0,2
2,5,4,0,2,0,45,28,322,83,0,0,0,0,4,0,67,0,0,0,0,0,5,0,20,2,0,0,2,0,0,0,4,0,0,0,13,0,0,0,0,0,2,0,0,0,0,0,0,0,0,0,0,4,147,124,156,22,88,44,18,0,94,0,3,3,22,52,0,0,0,0,0,0,0,0,0,0,0,0,0,0,0,0,0,0,0,0,0,0,0,0,0,0,0,0,0,0,0,0,0,0,0,0,0,0,0,0,0,0,0,0,0,0,0,0,0,0,0,0,0,0,0,0,4,0,9,0,41,0,50,0,7,0,6,0,35,0,81,0,19,0,25,0,21,0,0,0,0,1,0,0,0,0,202,0,45,0,168,0,61,0,0,0,0,0,0,0,8,0,42,0,12,0,1,1,30,9,0,0,0,0,0,0,116,0,0,0,0,0,0,0,0,0,0,0,0,0,0,0,14,0,0,0,0,0,0,0,6,0,176,46,122,149,213,0,23,0,9,7,0,0,1,0,0
0,29,0,0,0,0,0,115,26,305,0,0,0,0,0,0,0,31,0,2,0,22,0,0,23,16,0,0,0,8,0,7,0,0,0,0,0,0,0,8,0,0,0,0,0,0,0,0,0,2,0,0,4,0,0,137,0,82,5,7,0,30,11,96,0,0,0,17,0,0,0,0,0,0,0,0,0,0,0,0,0,0,0,0,0,19,0,0,0,0,0,4,0,0,0,0,0,0,0,0,0,0,0,0,0,0,0,0,0,0,0,0,0,0,0,0,0,0,0,0,0,0,0,0,0,13,0,0,0,54,0,36,0,18,0,43,0,127,0,160,0,77,0,107,0,30,0,1,0,0,0,0,0,0,0,158,0,153,0,182,0,65,0,0,0,10,0,0,0,8,0,54,0,17,0,0,6,83,0,0,0,2,0,47,0,55,0,0,0,0,0,0,0,0,0,0,0,0,0,0,0,25,0,0,0,0,0,0,0,0,0,0,0,0,132,0,0,0,68,0,112,146,4,40,0
0,0,25,0,0,0,144,0,171,217,0,0,0,0,21,0,20,0,0,0,0,0,191,0,173,6,0,0,0,0,0,0,0,0,0,0,0,0,0,0,0,0,0,0,0,0,0,0,12,0,0,0,147,0,0,238,110,31,63,40,0,0,28,12,21,0,26,86,0,0,0,0,0,0,0,0,0,0,0,0,0,0,0,0,0,0,2,0,0,0,0,0,0,0,0,0,0,0,0,0,0,0,0,0,0,0,0,0,0,0,0,0,0,0,0,0,0,0,0,0,0,0,0,0,0,0,32,0,24,0,79,0,23,0,66,0,81,0,0,0,0,0,51,0,0,0,0,0,13,0,0,0,0,0,81,0,1,0,53,0,172,0,0,0,2,0,0,0,17,0,149,0,13,0,0,1,7,0,0,0,0,0,0,0,88,14,0,0,0,0,0,0,0,0,0,0,0,0,0,0,50,0,0,0,0,0,0,0,38,0,112,24,161,186,225,0,43,0,0,10,0,0,0,0,0
0,19,0,40,0,4,24,293,387,173,0,0,0,0,0,47,6,57,0,0,0,45,0,40,98,208,0,0,0,30,0,0,0,1,0,0,0,0,0,8,0,0,0,0,0,6,0,0,0,5,0,0,124,137,238,0,20,229,81,64,0,13,80,71,0,10,101,43,0,0,0,0,0,0,0,0,0,0,0,0,0,0,0,0,0,0,0,0,0,0,0,0,0,0,0,0,0,0,0,0,0,0,0,0,0,0,0,0,0,0,0,0,0,0,0,0,0,0,0,0,0,1,0,1,0,75,0,15,0,48,0,173,0,0,0,90,0,132,0,25,0,0,0,102,0,2,0,0,0,15,0,14,0,5,0,138,0,21,0,32,0,151,0,0,0,20,0,0,0,28,0,97,0,23,0,0,24,52,0,0,0,0,0,6,22,17,0,0,0,0,0,0,0,0,0,0,0,0,0,0,0,45,0,0,0,0,0,0,0,45,31,6,0,0,495,0,0,2,248,51,301,346,14,73,0
0,0,0,0,0,0,8,0,4,9,0,0,0,0,0,0,14,0,0,0,0,0,0,0,33,0,0,0,0,0,0,0,0,0,0,0,3,0,0,0,0,0,0,0,0,0,0,0,15,0,0,0,156,0,110,20,0,20,181,0,0,0,0,0,55,0,21,57,0,0,0,0,0,0,0,0,0,0,0,0,0,0,0,0,0,0,0,0,0,0,0,0,0,0,0,0,0,0,0,0,5,0,0,0,0,0,0,0,0,0,0,0,0,0,0,0,0,0,0,0,0,0,0,0,9,0,21,0,0,0,108,0,23,0,0,0,0,0,0,0,0,0,0,0,0,0,0,0,5,0,0,0,0,0,150,9,0,0,145,0,204,0,31,0,0,0,0,0,27,0,166,0,0,0,12,4,0,0,0,0,0,0,0,0,10,0,0,0,0,0,0,0,0,0,0,0,0,0,0,0,0,0,0,0,0,0,0,0,0,0,245,66,392,0,566,4,100,0,0,1,0,0,0,0,0
0,0,0,0,0,0,0,13,35,41,0,0,0,0,0,0,0,33,0,0,0,37,0,0,0,33,0,0,0,5,0,0,0,0,0,0,0,0,0,0,0,0,0,0,0,0,0,0,0,8,0,10,22,82,31,229,20,0,72,79,0,0,1,13,0,3,74,64,0,0,0,0,0,0,0,0,0,0,0,0,0,0,0,0,0,0,0,0,0,0,0,0,0,0,0,0,0,0,0,0,0,0,0,0,0,0,0,0,0,0,0,0,0,0,0,0,0,0,0,0,0,0,0,0,0,25,0,6,0,55,0,56,0,37,0,0,0,39,2,11,0,4,0,0,0,1,0,0,0,0,1,0,0,0,9,199,0,2,2,90,0,190,0,30,0,5,0,0,0,18,0,111,0,0,0,5,0,0,0,1,3,0,0,0,7,33,0,0,0,0,0,0,0,0,0,0,0,0,0,0,0,0,0,0,0,0,0,0,0,7,0,0,0,0,292,0,0,0,129,35,332,215,0,37,4
3,0,0,0,0,0,17,0,29,64,0,0,0,0,0,0,0,0,0,0,0,0,0,0,34,0,0,0,2,0,0,0,0,0,0,0,0,0,0,0,0,0,0,0,0,0,0,0,31,0,9,0,88,5,63,81,181,72,0,161,8,0,2,0,200,0,239,195,0,0,0,0,0,0,0,0,0,0,0,0,0,0,0,0,0,0,0,0,0,0,0,0,0,0,5,0,0,0,0,0,0,0,0,0,0,0,0,0,0,0,0,0,0,0,0,0,0,0,0,0,0,0,0,0,0,1,9,0,0,0,47,0,4,0,4,0,0,0,0,0,0,0,0,0,0,0,6,0,2,0,0,0,0,0,82,18,45,0,18,12,33,0,0,0,0,0,0,0,47,0,233,0,0,0,23,18,0,0,0,0,23,5,0,0,113,11,0,0,0,0,0,0,0,0,0,0,0,0,0,0,0,0,0,0,0,0,0,0,8,0,746,281,705,719,1478,22,222,0,7,0,0,0,0,0,0
0,0,0,0,0,14,0,30,0,48,0,2,0,0,0,0,0,8,0,0,0,0,0,0,0,3,0,0,0,0,0,0,0,0,0,0,0,4,0,0,0,0,0,0,0,0,0,0,0,10,0,8,44,7,40,64,0,79,161,0,0,0,0,0,35,70,188,347,0,0,0,0,0,0,0,0,0,0,0,0,0,0,0,0,0,0,0,0,0,0,0,0,0,0,0,0,0,0,0,0,0,0,0,2,0,0,0,0,0,0,0,0,0,0,0,0,0,0,0,0,0,0,0,0,0,6,0,3,0,5,0,35,0,3,0,0,0,5,0,0,0,0,0,0,0,2,0,0,0,8,0,0,0,0,36,67,0,8,15,21,15,77,0,41,0,14,0,0,0,34,0,134,0,0,0,82,0,0,0,0,16,28,0,0,0,83,0,0,0,0,0,0,0,0,0,0,0,0,0,0,0,0,0,0,0,0,0,0,0,0,2,8,0,0,1699,0,0,0,882,268,639,809,57,74,0
67,9,0,0,0,0,206,0,199,0,0,0,0,0,0,0,47,0,0,0,8,0,0,0,19,11,0,0,5,0,0,0,20,0,0,0,59,0,44,0,0,0,0,0,0,0,0,0,16,0,8,0,18,0,0,0,0,0,8,0,0,0,94,0,0,0,0,0,0,0,0,0,0,0,0,0,0,0,0,0,0,0,0,0,0,0,0,0,0,0,0,0,0,0,0,0,0,0,0,0,0,0,0,0,0,0,0,0,0,0,0,0,0,0,0,0,0,0,0,0,0,0,22,0,0,0,0,0,0,0,0,0,0,0,0,0,0,0,277,0,141,0,24,0,243,0,0,0,0,0,0,0,0,0,68,0,140,0,48,0,0,0,0,0,0,0,1,0,10,0,133,0,84,0,0,0,36,0,0,0,0,0,13,0,0,0,0,0,0,0,0,0,0,0,0,0,0,0,0,0,0,0,0,0,0,0,0,0,0,0,53,24,97,139,91,0,44,3,0,0,1,0,0,0,0
0,449,0,124,0,0,0,263,0,64,0,0,0,0,0,10,4,26,0,0,0,4,13,17,29,85,0,3,0,10,0,0,0,35,0,0,0,70,0,11,0,0,0,0,0,0,0,0,0,0,0,4,0,30,0,13,0,0,0,0,0,0,7,45,0,0,0,0,0,1,0,0,0,0,0,0,0,0,0,0,0,0,0,0,0,2,0,0,0,0,0,0,0,0,0,0,0,0,0,0,0,0,0,0,0,0,0,0,0,0,0,0,0,0,0,0,0,0,0,0,0,0,0,0,0,0,0,0,0,0,0,0,0,0,0,0,0,0,0,69,0,127,0,30,0,111,0,0,0,0,0,0,0,0,0,21,0,223,0,31,0,4,0,5,0,4,0,2,0,8,0,23,0,147,0,0,0,182,0,40,0,0,0,72,0,0,0,0,0,0,0,0,0,0,0,0,0,0,0,0,0,0,0,0,0,0,0,0,0,0,0,0,0,0,92,0,0,0,66,44,67,92,0,31,2
33,23,5,9,0,0,246,90,448,75,0,0,0,0,4,3,416,0,14,0,71,0,28,0,39,45,47,0,14,0,43,0,40,0,0,0,21,0,16,0,0,0,0,0,0,0,0,0,1,0,0,0,94,11,28,80,0,1,2,0,94,7,0,9,0,0,0,0,0,0,0,0,0,0,14,0,0,0,0,0,0,0,0,0,0,0,17,0,0,0,0,0,0,0,0,0,0,0,0,0,0,0,0,0,0,0,0,0,0,0,0,0,0,0,0,0,0,0,0,0,43,0,48,0,0,0,0,0,20,0,0,0,0,0,4,0,50,0,260,0,0,0,0,0,29,0,0,0,0,0,0,0,0,0,151,0,37,0,219,0,15,0,0,0,0,0,0,0,0,0,3,1,12,0,0,0,67,24,0,0,0,0,10,0,9,1,0,0,0,0,0,0,0,0,0,0,0,0,0,0,0,0,0,0,0,0,0,0,0,0,43,13,16,29,37,0,4,0,11,0,0,0,0,0,0
0,318,0,55,0,0,22,432,47,321,0,0,0,0,0,6,0,225,0,0,0,111,0,73,47,194,0,0,0,25,0,10,0,22,0,0,0,14,0,28,0,0,0,0,0,0,0,0,0,2,0,2,0,96,12,71,0,13,0,0,0,45,9,0,0,3,0,0,0,0,0,2,0,0,0,0,0,0,0,0,0,0,0,0,0,3,0,2,0,0,0,0,0,0,0,0,0,0,0,0,0,0,0,0,0,0,0,0,0,0,0,0,0,0,0,0,0,0,0,0,0,0,0,0,0,0,0,0,0,10,0,17,0,0,0,15,0,28,0,83,0,36,0,50,0,11,0,0,0,0,0,0,0,0,0,52,0,38,0,44,0,23,0,1,0,6,0,0,0,3,3,16,0,10,0,0,0,131,0,0,0,0,0,55,0,10,0,0,0,0,0,0,0,0,0,0,0,0,0,0,0,0,0,0,0,0,0,0,0,0,0,0,0,0,86,0,0,0,67,6,39,70,1,12,0
3,0,19,0,6,0,33,0,20,0,2,0,9,0,0,0,0,0,0,0,0,0,0,0,1,0,0,0,0,0,0,0,0,0,0,0,1,0,1,0,0,0,0,0,0,0,0,0,0,0,3,0,3,0,21,0,55,0,200,35,0,0,0,0,0,0,128,18,0,0,12,0,9,0,0,0,0,0,0,0,0,0,0,0,0,0,0,0,0,0,0,0,0,0,0,0,0,0,0,0,0,0,0,0,0,0,0,1,0,0,0,0,0,0,0,0,0,0,0,0,0,0,0,0,0,0,3,0,0,0,10,0,0,0,0,0,0,0,0,18,0,0,0,0,23,0,7,0,24,0,0,0,0,0,6,0,4,0,0,0,154,119,17,0,0,0,0,0,0,0,0,0,0,0,89,10,0,0,0,0,284,64,0,0,250,4,0,0,0,0,0,0,0,0,0,0,0,0,0,0,0,0,0,0,0,0,0,0,3,0,206,32,53,0,204,0,0,0,0,0,0,0,0,0,0
0,21,0,6,0,0,0,0,0,211,0,0,0,0,0,37,0,0,0,46,0,9,0,0,0,0,0,0,0,0,0,0,0,0,0,0,0,0,0,0,0,0,0,0,0,0,0,0,0,0,0,0,3,0,0,10,0,3,0,70,0,0,0,3,0,0,0,271,0,0,0,0,0,0,0,18,0,0,0,3,0,0,0,0,0,0,0,0,0,0,0,0,0,0,0,0,0,0,0,0,0,0,0,0,0,0,0,0,0,0,0,0,0,0,0,0,0,0,0,0,0,0,0,0,0,39,0,22,0,0,0,48,0,0,0,0,0,0,0,0,0,0,0,2,8,29,0,20,0,195,0,23,0,9,0,0,0,3,0,0,39,326,0,0,0,0,0,0,0,11,0,0,0,0,0,91,0,0,0,0,57,217,0,0,0,125,0,0,0,0,0,0,0,0,0,0,0,0,0,0,0,0,0,0,0,0,0,4,0,16,0,0,0,0,112,0,0,0,128,35,0,0,0,0,0
13,0,58,0,7,0,56,0,38,82,0,0,0,0,0,0,0,0,0,0,0,0,0,0,3,0,2,0,0,0,0,0,0,0,0,0,0,0,0,0,1,0,0,0,0,0,0,0,0,0,0,0,22,0,26,101,21,74,239,188,0,0,0,0,128,0,0,133,0,0,0,0,0,0,0,0,0,0,0,0,0,0,4,0,0,0,0,0,0,0,0,0,0,0,0,0,0,0,0,0,0,0,0,0,0,0,0,0,0,0,0,0,0,0,0,0,0,0,0,0,0,0,0,0,0,0,0,0,0,0,23,0,3,0,0,0,0,0,0,1,0,0,0,0,2,0,0,0,12,0,0,0,0,0,19,0,24,0,0,4,80,0,0,0,0,0,0,0,4,0,0,0,0,0,53,15,1,0,0,0,0,0,0,0,544,22,0,0,0,0,0,0,0,0,0,0,0,0,0,0,0,0,0,0,0,0,0,0,1,0,232,123,70,98,332,3,21,0,0,0,0,0,0,0,1
0,0,0,0,0,0,0,1,89,165,0,0,0,0,0,1,0,0,0,0,0,0,0,0,0,0,0,0,0,0,0,0,0,0,0,0,0,0,0,0,0,0,0,0,0,0,0,0,0,0,0,0,52,17,86,43,57,64,195,347,0,0,0,0,18,271,133,0,0,0,0,3,0,0,0,0,0,0,0,0,0,0,0,0,0,0,0,0,0,0,0,0,0,0,0,0,0,0,0,0,0,0,0,0,0,0,0,0,0,0,0,0,0,0,0,0,0,0,0,0,0,0,0,0,0,0,0,1,0,0,0,17,0,0,0,0,0,0,0,0,0,0,0,0,0,0,0,0,0,11,0,0,0,0,27,56,0,3,19,9,0,69,0,0,0,1,0,0,0,0,0,3,0,0,5,107,5,2,0,0,12,45,0,0,19,297,0,0,0,0,0,0,0,0,0,0,0,0,0,0,0,0,0,0,0,0,0,2,0,1,0,0,3,0,245,0,0,0,271,172,55,107,0,0,0
0,0,0,0,0,0,0,0,0,0,0,0,0,0,0,0,0,0,0,0,0,0,0,0,0,0,0,0,0,0,0,0,0,0,0,0,0,0,0,0,0,0,0,0,0,0,0,0,12,0,0,0,0,0,0,0,0,0,0,0,0,0,0,0,0,0,0,0,0,0,0,0,0,0,0,0,186,0,66,0,23,0,58,0,0,0,35,0,27,0,0,0,65,0,34,0,0,0,55,0,16,0,419,0,0,0,0,0,36,0,24,0,4,0,24,0,29,0,0,0,0,0,0,0,0,0,0,0,0,0,0,0,0,0,0,0,0,0,0,0,0,0,0,0,0,0,0,0,0,0,0,0,5,0,0,0,0,0,0,0,0,0,0,0,3,0,0,0,127,0,0,0,0,0,0,0,0,0,0,0,0,0,0,0,0,0,0,0,0,0,30,0,0,0,0,0,0,0,0,0,0,0,0,0,0,0,0,0,0,0,87,0,57,0,11,146,177,0,0,0,0,0,0,0,0
0,0,0,0,0,0,0,0,0,0,0,0,0,0,0,0,0,0,0,0,0,0,0,0,0,0,0,0,0,0,0,0,0,0,0,0,0,0,0,0,0,0,0,0,0,0,0,0,0,1,0,0,0,0,0,0,0,0,0,0,0,1,0,0,0,0,0,0,0,0,0,1,0,2,0,0,0,38,0,0,0,0,0,40,0,0,0,7,0,20,0,0,0,22,0,19,0,0,0,0,0,2,0,161,0,0,0,5,0,108,0,0,0,0,0,2,0,15,0,0,0,0,0,0,0,0,0,0,0,0,0,0,0,0,0,0,0,0,0,0,0,0,0,0,0,0,0,0,0,0,0,0,0,0,0,1,0,0,0,0,0,0,0,0,0,1,0,0,0,26,0,0,0,1,0,0,0,0,0,0,0,0,0,0,0,0,0,0,0,14,0,2,0,0,0,14,0,1,0,0,0,5,0,0,0,0,0,0,0,2,0,0,0,0,4,0,0,0,37,0,44,0,34,34,0
0,0,1,0,0,0,0,0,0,0,0,0,4,0,2,0,16,0,0,0,18,0,0,0,0,0,44,0,4,0,0,0,0,0,0,0,31,0,2,0,0,0,19,0,5,0,0,0,5,0,29,0,0,0,0,0,0,0,0,0,0,0,0,0,12,0,0,0,0,0,0,0,270,0,247,0,10,0,218,0,14,0,0,0,50,0,28,0,0,0,0,0,0,0,0,0,2,0,0,0,0,0,0,0,0,0,0,0,0,0,0,0,0,0,0,0,0,0,0,0,18,0,28,0,21,0,15,0,4,0,32,0,9,0,0,0,11,0,17,2,107,0,80,0,115,3,0,1,58,0,0,0,23,1,0,0,0,0,3,0,11,0,43,0,0,0,15,0,29,0,47,0,49,0,23,0,1,0,0,0,45,0,0,0,8,0,0,0,0,0,0,0,0,0,0,0,0,0,0,0,27,0,0,0,0,0,0,0,0,1,16,0,94,0,22,0,0,0,0,0,0,0,0,0,0
0,0,0,1,0,0,0,0,0,0,0,0,1,0,0,0,0,0,0,0,0,16,0,0,0,0,0,0,0,0,0,0,0,0,0,0,0,7,0,0,0,0,0,2,0,0,0,0,0,0,0,0,0,0,0,0,0,0,0,0,0,0,0,2,0,0,0,3,0,1,0,0,0,190,0,469,0,24,0,44,0,0,0,0,0,11,0,61,0,0,0,0,0,0,0,0,0,0,0,0,0,0,0,0,0,0,0,0,0,0,0,0,0,0,0,0,0,0,0,0,0,16,0,21,0,57,0,60,0,0,0,0,0,44,0,0,14,18,0,13,0,55,5,0,0,236,42,56,0,37,0,94,0,0,0,0,0,0,0,1,0,3,0,34,0,0,0,3,0,8,0,21,0,0,0,38,0,13,0,4,15,80,0,0,0,22,0,0,0,0,0,0,0,0,0,1,0,0,0,23,0,0,0,0,0,0,0,0,0,0,0,0,0,0,5,0,0,0,93,4,23,6,0,0,0
1,0,0,0,0,0,0,0,0,0,0,0,0,0,0,0,0,0,0,0,0,0,0,0,0,0,0,0,0,0,0,0,0,0,0,0,0,0,0,0,0,0,0,0,0,0,0,0,0,0,0,0,0,0,0,0,0,0,0,0,0,0,0,0,9,0,0,0,0,0,270,0,0,0,71,0,52,0,341,0,8,0,19,0,65,0,27,0,0,0,2,0,1,0,6,0,12,0,8,0,0,0,3,0,0,0,0,0,1,0,0,0,0,0,0,0,0,0,0,0,36,0,11,0,66,0,31,0,5,0,15,0,43,0,0,0,12,0,17,0,75,0,54,0,92,0,65,0,8,0,22,0,32,0,0,0,0,0,0,0,0,4,47,0,0,0,0,0,10,0,11,0,0,0,7,0,0,0,0,0,17,0,0,0,9,0,0,0,0,0,0,0,0,0,2,0,0,0,0,0,0,0,0,0,0,1,0,0,50,0,75,7,5,10,7,0,0,0,0,0,0,0,0,0,0
0,0,0,0,0,0,0,1,0,0,0,2,0,0,0,0,0,0,0,0,0,0,0,0,0,0,0,0,0,0,0,0,0,0,0,0,0,0,0,0,0,0,0,0,0,0,0,0,0,0,0,0,0,0,0,0,0,0,0,0,0,0,0,0,0,0,0,0,0,2,0,190,0,0,0,222,0,142,0,55,0,10,0,13,0,19,0,125,0,0,0,0,0,0,0,0,0,0,0,0,0,0,0,0,0,0,0,0,0,0,0,0,0,0,0,0,0,0,0,0,0,9,0,8,0,60,0,55,0,6,0,0,0,18,0,109,0,13,0,4,0,14,0,30,0,83,0,49,0,0,0,70,0,45,0,0,0,0,0,1,0,0,0,18,0,6,0,0,0,7,0,5,0,4,0,18,0,3,0,0,0,0,0,0,0,0,0,0,0,263,0,0,0,0,0,57,0,0,0,0,0,100,0,0,0,0,0,0,0,94,0,0,0,0,30,0,0,0,242,7,16,0,2,3,1
0,0,0,0,0,0,0,0,0,0,1,0,0,0,0,0,11,0,0,0,31,0,0,0,0,0,0,0,0,0,0,0,0,0,0,0,18,0,0,0,0,0,0,0,0,0,0,0,0,0,0,0,0,0,0,0,0,0,0,0,0,0,14,0,0,0,0,0,0,0,247,0,71,0,0,0,4,0,139,0,7,0,0,0,77,0,40,0,0,0,0,0,0,0,7,0,6,0,0,0,0,0,0,0,0,0,0,0,0,0,0,0,0,0,0,0,0,0,0,0,29,0,28,0,0,0,0,0,0,0,8,6,0,0,0,0,0,0,0,0,79,0,49,0,36,0,23,0,33,0,0,0,17,0,0,0,0,0,0,0,0,8,5,0,0,0,0,0,7,0,8,0,0,0,20,0,0,0,0,0,27,4,0,0,1,0,0,0,0,0,0,0,0,0,0,0,0,0,10,0,25,0,0,0,0,0,0,0,0,0,13,0,0,0,0,0,0,0,0,0,0,0,0,0,0
0,0,0,0,0,0,0,0,0,0,0,0,0,0,1,0,0,0,0,0,0,26,0,0,0,0,0,0,0,0,0,0,0,0,0,0,0,12,0,0,0,0,0,5,0,0,0,0,0,0,0,7,0,0,0,0,0,0,0,0,0,0,0,0,0,18,0,0,0,0,0,469,0,222,0,0,0,11,0,117,0,7,0,0,0,11,0,119,0,0,0,0,0,0,0,1,0,0,0,0,0,0,0,0,0,0,0,0,0,0,0,0,0,0,0,0,0,0,0,0,0,138,0,59,0,0,0,30,0,0,0,0,0,6,0,41,0,17,0,7,0,81,0,43,0,248,0,0,0,26,0,0,7,0,0,0,0,0,0,0,0,0,0,35,0,0,0,0,0,19,0,9,0,0,0,22,0,0,0,5,0,49,0,0,0,0,0,0,0,0,0,0,0,0,0,0,0,0,0,0,10,34,0,0,0,0,0,0,0,55,0,0,0,0,11,0,0,0,86,6,15,0,0,0,0
0,0,0,0,0,0,0,0,0,0,0,0,0,0,1,0,0,0,0,0,0,0,0,0,0,0,0,0,0,0,0,0,0,0,0,0,0,0,0,0,0,0,0,0,0,0,1,0,4,0,0,0,0,0,0,0,0,0,0,0,0,0,0,0,0,0,0,0,186,0,10,0,52,0,4,0,0,0,78,0,15,0,40,0,40,0,38,0,0,0,15,0,24,0,13,0,0,0,0,0,0,0,89,0,73,0,0,0,37,0,4,0,0,0,7,0,13,0,0,0,22,0,0,0,0,0,0,0,0,0,0,0,0,0,0,0,0,0,0,0,0,0,0,0,0,0,0,0,0,0,3,0,0,0,6,0,0,0,0,0,10,0,4,0,2,0,0,0,20,0,0,0,0,0,0,0,0,0,0,0,0,0,0,0,0,0,0,0,81,0,0,0,50,0,38,0,5,0,0,0,55,0,0,0,0,0,0,0,0,0,67,2,23,3,0,20,20,0,0,0,0,0,0,0,0
0,0,0,0,0,0,0,0,0,0,0,0,0,0,0,0,0,0,0,0,0,0,0,0,0,0,0,0,0,0,0,0,0,0,0,0,0,0,0,0,0,0,0,0,0,0,0,0,0,0,0,0,0,0,0,0,0,0,0,0,0,0,0,0,0,0,0,0,0,38,0,24,0,142,0,11,0,0,0,4,0,5,0,77,0,0,0,135,0,20,0,0,0,43,0,38,0,31,2,11,0,18,0,101,0,0,0,19,0,0,0,0,0,0,0,0,0,70,0,0,0,0,0,0,0,0,0,0,0,0,0,0,0,0,0,0,0,0,0,0,0,0,0,0,0,2,0,0,0,0,0,0,0,0,0,0,0,0,0,0,0,0,0,0,0,12,0,0,0,64,0,0,0,0,0,0,0,0,0,0,0,0,0,0,0,0,0,0,0,124,0,0,0,0,0,164,0,22,0,0,0,66,0,0,0,0,0,0,0,0,0,0,0,0,6,0,0,0,82,0,62,5,11,7,0
0,0,0,0,0,0,0,0,0,0,0,0,0,0,0,0,0,0,0,0,0,0,0,0,0,0,0,0,0,0,0,0,0,0,0,0,0,0,0,0,0,0,0,0,0,0,0,0,0,0,0,0,0,0,0,0,0,0,0,0,0,0,0,0,0,0,0,0,66,0,218,0,341,0,139,0,78,0,0,0,18,0,78,0,70,0,95,0,0,0,0,0,17,0,8,0,0,0,14,0,0,0,31,0,11,0,0,0,4,0,1,0,0,0,0,0,0,0,0,0,63,0,20,0,0,0,0,0,0,0,0,0,0,0,0,0,0,0,0,0,0,0,0,0,26,0,0,0,0,0,0,0,0,0,2,0,0,0,0,0,0,0,0,0,3,0,0,0,16,0,0,0,0,0,0,0,0,0,0,0,0,0,0,0,0,0,0,0,0,0,0,0,0,0,5,0,0,0,0,0,0,0,0,0,27,0,0,0,0,0,234,4,14,0,10,23,8,0,0,0,0,0,0,0,0
0,0,0,0,0,0,0,0,0,0,0,0,0,0,0,0,0,0,0,0,0,0,0,0,0,0,0,0,0,0,0,0,0,0,0,0,0,0,0,0,0,0,0,0,0,0,0,0,0,1,0,0,0,0,0,0,0,0,0,0,0,0,0,0,0,3,0,0,0,0,0,44,0,55,0,117,0,4,0,0,0,0,0,0,0,7,0,40,0,0,0,0,0,0,0,0,0,4,0,0,0,0,0,0,0,0,0,0,0,0,0,0,0,0,0,0,0,0,0,0,0,15,0,25,0,0,0,0,0,0,0,0,0,0,0,16,0,0,0,0,0,43,0,11,0,62,0,0,0,0,0,0,0,0,0,0,0,0,0,0,0,0,0,0,0,0,0,0,0,0,0,0,0,0,0,0,0,0,0,0,0,0,0,0,0,2,0,0,0,0,0,0,0,0,0,1,0,0,0,0,0,0,0,0,0,0,0,0,0,0,0,0,0,0,0,0,0,0,26,0,0,1,0,0,0
