0,110,41,39,142,0,39,44,81,22,117,6,103,0,12,17,114,27,0,0,5,1,34,54,11,127,30,0,69,0,0,0,67,0,0,0,113,0,575,0,14,0,0,0,0,0,0,0,0,0,0,0,0,0,0,23,0,0,0,0,123,3,89,10,14,0,22,0,0,0,0,0,0,0,0,0,0,0,0,0,0,0,0,0,0,0,0,0,0,0,0,0,0,0,0,0,0,0,0,0,0,0,0,0,7,0,0,0,0,0,0,0,0,0,0,0,0,0,0,0,0,0,0,0,0,0,0,0,0,0,0,0,0,0,10,0,0,0,0,0,0,0,0,0,0,0,6,0,24,0,26,0,15,0,0,0,0,0,0,0,2,0,0,0,0,1,42,0,25,0,19,0,429,0,0,0,238,100,50,0,9,0,95,0,72,0,0,0,0,0,0,0,0,0,0,0,0,0,0,0,10,0,0,0,0,0,0,0,0,0,556,104,535,0,76,0,0,0,0,0,0,1,0,0,0
110,0,121,33,16,204,37,85,0,130,9,160,0,124,7,14,87,90,0,104,0,16,204,83,144,22,0,224,0,77,0,7,0,125,0,0,0,217,0,356,0,48,1,0,0,0,0,178,0,20,0,0,0,0,0,16,0,2,0,12,0,135,5,73,0,76,0,24,0,0,0,10,0,5,0,0,0,0,0,0,0,0,0,9,0,4,0,13,0,0,0,0,0,0,0,0,0,0,0,0,0,0,0,0,0,0,0,41,0,2,0,0,0,7,0,0,0,0,0,5,0,0,0,0,0,18,0,24,0,0,0,55,0,24,0,198,0,79,0,6,0,0,0,0,0,0,0,48,1,117,0,160,0,119,0,2,0,0,0,0,0,18,0,19,0,19,0,0,0,11,0,53,0,232,0,0,71,352,1,22,0,45,5,19,0,139,0,0,0,0,0,0,0,0,0,0,0,0,0,39,0,0,0,0,0,0,0,0,0,120,0,0,15,0,244,0,0,0,715,60,483,128,0,55,0
41,121,0,0,466,0,120,0,20,0,128,23,116,0,394,0,50,54,195,0,98,0,176,43,61,75,161,0,386,3,72,0,163,0,0,0,134,0,766,0,45,0,0,0,80,0,72,0,17,0,0,0,7,0,101,0,23,0,0,0,0,0,0,0,38,0,9,0,0,0,0,0,0,0,0,0,0,0,0,0,0,0,0,0,0,0,0,0,0,0,0,0,0,0,0,0,159,0,0,0,0,0,0,0,0,0,0,0,0,0,0,0,0,0,0,0,0,0,0,0,0,0,0,0,17,0,45,0,0,0,30,0,0,0,495,0,186,0,0,0,15,0,205,0,0,0,41,0,61,0,116,0,12,0,11,0,0,0,4,0,11,0,0,0,0,0,180,0,76,0,19,0,439,0,0,0,145,68,6,0,0,0,35,0,30,0,0,0,0,0,0,0,0,0,0,0,0,0,29,0,250,0,0,0,0,0,0,0,103,0,607,61,486,0,103,0,0,0,0,0,0,0,0,0,0
39,33,0,0,0,160,0,202,0,7,46,3,0,0,58,362,23,43,0,235,5,93,146,361,0,170,0,151,0,123,0,35,0,336,0,0,5,148,0,275,0,16,0,0,0,0,0,50,0,0,0,16,0,0,0,69,0,0,0,0,0,0,0,6,0,0,0,0,0,0,0,0,0,0,0,0,0,0,0,0,0,0,0,0,0,0,0,0,0,0,0,0,0,0,0,0,0,0,0,0,0,0,0,0,0,0,0,0,0,0,0,0,0,0,0,0,0,0,0,0,0,0,0,0,0,10,0,0,0,0,0,33,0,0,0,299,0,198,0,0,0,0,0,0,0,0,0,0,0,17,0,0,0,0,0,0,0,0,0,0,0,16,0,0,0,10,0,100,0,16,0,32,0,129,0,0,75,65,0,0,0,0,0,0,0,0,0,0,0,0,0,0,0,0,0,0,0,0,0,0,0,58,0,0,0,0,0,0,0,0,0,4,0,0,76,0,0,0,266,18,351,0,0,4,0
142,16,466,0,0,189,63,0,61,0,160,84,368,61,105,109,12,0,63,131,88,22,40,38,0,0,202,0,36,0,143,0,300,0,210,33,265,21,56,0,112,0,0,0,19,0,93,0,5,0,0,0,0,0,0,0,0,0,0,0,0,0,0,0,47,0,0,0,0,0,0,0,0,0,0,0,0,0,0,0,0,0,0,0,0,0,0,0,0,0,0,0,0,0,0,0,0,0,0,0,0,0,0,0,0,0,56,0,0,0,0,0,0,0,0,0,0,0,0,0,0,0,0,0,0,0,0,0,0,0,0,0,0,0,160,0,0,0,0,0,0,0,0,0,0,0,44,0,155,0,235,0,118,0,1,0,0,0,0,0,3,0,3,0,86,0,293,0,193,0,8,0,215,0,58,0,97,117,36,0,142,0,71,0,224,0,0,1,0,0,0,0,0,0,0,0,3,0,27,0,97,0,0,0,0,0,10,0,49,0,411,225,652,74,67,0,0,0,14,0,0,0,0,0,0
0,204,0,160,189,0,0,79,0,33,80,117,153,173,276,174,0,6,211,413,56,258,45,153,0,16,0,392,0,0,0,86,0,368,0,435,13,289,0,17,0,32,0,0,0,22,0,140,0,5,11,96,0,0,0,0,0,0,0,0,0,0,0,0,0,22,0,4,0,0,0,0,0,0,0,0,0,0,0,0,0,0,0,0,0,0,0,0,0,0,0,0,0,0,0,0,0,0,0,0,0,0,0,0,0,0,0,0,0,0,0,0,0,0,0,0,0,0,0,0,0,0,0,2,0,0,0,0,0,0,0,14,0,0,0,164,0,77,0,0,0,0,0,0,0,0,0,0,0,77,0,109,0,0,0,0,0,0,0,0,0,0,0,6,0,46,0,285,0,80,0,31,0,102,0,0,29,181,14,30,0,53,0,0,0,70,0,18,0,0,0,0,0,0,0,0,0,0,0,0,0,0,0,0,0,0,0,0,0,0,0,0,0,0,172,0,0,0,489,134,586,0,0,0,0
39,37,120,0,63,0,0,0,51,50,16,0,17,0,31,0,11,14,18,0,25,0,9,0,239,65,0,0,61,0,0,0,12,0,0,0,54,0,249,0,11,0,0,0,22,0,0,0,11,0,0,0,109,2,147,50,41,0,7,0,418,0,499,0,69,1,85,0,0,0,0,0,0,0,0,0,0,0,0,0,0,0,0,0,0,0,6,0,0,0,0,0,0,0,0,0,0,0,0,0,0,0,0,0,9,0,0,0,0,0,0,0,0,0,0,0,0,0,0,0,0,0,0,0,32,0,50,0,35,0,63,0,13,0,92,0,31,0,0,0,0,0,43,0,0,0,24,0,51,0,51,0,0,0,7,0,2,0,10,0,44,0,5,0,14,0,0,0,31,0,57,0,419,0,0,0,47,27,2,0,0,0,0,0,7,0,0,0,0,0,0,0,0,0,0,0,0,1,0,0,54,0,0,0,0,0,0,1,90,0,584,37,519,0,226,0,0,2,0,0,0,0,0,0,0
44,85,0,202,0,79,0,0,20,13,0,18,2,11,0,185,21,31,0,126,0,81,20,44,139,136,0,103,0,184,0,0,0,83,0,0,0,121,0,660,0,6,0,0,0,13,0,0,0,0,0,11,5,20,0,270,0,17,0,27,0,238,39,292,0,2,0,6,0,0,0,0,0,0,0,0,0,0,0,0,0,0,0,0,0,0,0,0,0,0,0,0,0,0,0,0,0,8,0,0,0,0,0,0,0,0,0,0,0,0,0,0,0,0,0,0,0,0,0,0,0,0,0,0,0,6,0,0,0,7,0,40,0,19,0,167,0,132,0,0,0,5,0,0,0,0,0,0,0,9,0,10,0,0,0,9,0,0,0,0,0,33,0,16,0,17,0,27,0,27,0,51,0,264,0,0,0,72,0,0,0,0,6,0,0,1,0,0,0,0,0,0,0,0,0,0,0,0,0,0,0,0,0,1,0,0,0,0,0,45,4,0,0,0,284,0,0,0,504,14,798,0,0,113,0
81,0,20,0,61,0,51,20,0,163,47,0,23,0,0,0,16,0,0,0,0,0,2,0,15,0,0,0,0,0,0,0,0,0,0,0,4,0,0,0,0,0,0,0,9,0,14,0,6,0,0,0,256,2,147,164,49,10,154,17,264,0,367,11,100,4,82,85,0,0,0,0,0,0,0,0,0,0,0,0,0,0,1,0,0,0,0,0,0,0,0,0,0,0,0,0,0,0,0,0,0,1,0,0,0,0,6,0,0,0,0,0,0,0,0,0,0,0,0,0,0,0,0,0,9,0,10,0,0,0,7,1,0,0,24,0,0,0,0,0,0,0,0,0,0,0,6,0,17,0,20,0,0,0,7,0,24,0,0,0,6,0,0,0,0,0,0,0,6,0,110,0,215,0,4,0,274,19,3,0,0,0,27,0,88,2,0,0,0,0,0,0,0,0,0,0,0,0,5,0,11,2,0,0,0,0,0,0,13,0,429,59,459,203,145,1,27,0,0,0,0,0,0,5,0
22,130,0,7,0,33,50,13,163,0,0,54,0,0,1,4,19,7,0,58,0,0,0,0,232,0,0,64,0,0,0,0,0,0,0,0,0,14,0,0,0,0,0,2,0,0,0,26,0,0,0,0,36,92,73,143,6,20,24,53,0,390,61,307,1,192,12,222,0,0,0,0,0,0,0,0,0,0,0,0,0,0,0,0,0,0,0,2,0,0,0,0,0,0,0,0,0,0,0,0,0,0,0,0,0,0,0,0,0,0,0,0,0,0,0,0,0,0,0,0,0,0,0,0,0,17,0,21,0,0,0,70,0,23,0,69,0,17,0,5,0,0,0,0,0,0,0,33,0,111,0,69,0,33,0,9,0,52,0,11,0,52,0,3,0,0,0,0,0,7,3,31,0,0,0,2,107,169,0,3,0,8,0,59,0,81,0,0,0,0,0,0,0,0,0,0,0,0,0,16,0,0,0,0,0,0,0,10,0,117,9,2,25,0,272,0,0,0,529,27,363,232,0,102,0
117,9,128,46,160,80,16,0,47,0,0,40,348,6,36,90,11,0,7,0,47,0,30,48,0,0,45,0,0,0,48,0,184,0,66,0,186,0,55,0,100,0,0,0,16,0,80,1,12,0,12,0,0,0,0,0,0,0,0,0,0,0,0,0,7,0,3,0,0,0,0,0,0,0,0,0,0,0,0,0,0,0,0,0,0,0,0,0,0,0,0,0,0,0,0,0,0,0,0,0,0,0,0,0,0,0,0,0,0,0,0,0,0,0,0,0,0,0,0,0,0,0,0,0,3,0,0,0,0,0,0,0,0,0,0,0,0,0,0,0,0,0,0,0,0,0,0,0,25,0,89,0,63,0,0,0,0,0,0,0,0,0,0,0,0,0,94,0,0,0,0,0,72,0,54,0,133,54,86,2,83,0,93,0,100,0,10,0,0,0,0,0,0,0,0,0,0,0,0,0,0,0,0,0,0,0,3,0,7,0,224,153,331,0,0,0,0,0,0,0,20,0,0,0,0
6,160,23,3,84,117,0,18,0,54,40,0,42,310,117,18,4,27,108,42,28,91,38,109,0,0,16,146,0,16,0,37,0,274,0,201,0,227,0,51,4,103,0,0,0,0,0,195,0,12,0,14,0,0,0,0,0,0,0,7,0,2,0,0,0,11,0,0,0,0,0,0,0,0,0,0,0,0,0,0,0,0,0,0,0,0,0,0,0,0,0,0,0,0,0,0,0,0,0,0,0,0,0,0,0,0,0,0,0,0,0,0,0,0,0,0,0,0,0,0,0,0,0,0,0,0,0,0,0,0,0,6,0,0,0,40,0,0,0,0,0,0,0,0,0,0,0,0,0,45,0,70,0,63,0,0,0,0,0,0,0,0,0,4,0,11,0,87,0,21,0,6,0,41,0,0,26,167,5,22,0,51,0,11,0,59,0,9,0,0,0,0,0,0,0,0,0,0,0,0,0,0,0,0,0,0,0,0,0,23,0,0,7,0,82,0,0,0,342,93,277,0,0,0,0
103,0,116,0,368,153,17,2,23,0,348,42,0,484,49,31,0,0,113,411,64,90,0,0,0,0,324,303,0,0,12,0,10,0,329,29,64,17,0,0,269,0,126,45,63,10,229,0,50,0,372,0,0,0,0,0,0,0,0,0,0,0,0,0,0,0,0,0,0,0,0,0,0,0,0,0,0,0,0,0,0,0,0,0,3,0,0,0,0,0,0,0,0,0,0,0,0,0,0,0,0,0,0,0,0,0,0,0,0,0,0,0,0,0,0,0,0,0,0,0,0,0,0,0,0,0,0,0,0,0,0,0,0,0,20,0,0,0,0,0,0,0,0,0,1,0,0,0,29,0,117,0,111,0,0,0,0,0,0,0,2,0,0,0,110,0,19,0,0,0,0,2,7,0,154,0,66,199,160,0,283,0,115,0,138,0,67,15,0,0,0,0,0,0,0,0,0,0,0,0,0,0,0,0,0,0,0,0,0,0,78,279,319,44,0,0,0,1,0,0,0,0,0,0,0
0,124,0,0,61,173,0,11,0,0,6,310,484,0,24,0,0,0,360,42,25,31,0,0,0,0,494,146,0,0,0,0,0,0,0,116,0,48,0,0,188,230,68,99,55,52,73,257,0,38,25,155,0,0,0,0,0,0,0,0,0,0,0,0,0,0,0,0,0,0,0,0,0,0,0,0,0,0,0,0,0,0,0,0,0,0,0,0,0,0,0,0,0,0,0,0,0,0,0,0,0,0,0,0,0,0,0,0,0,0,0,0,0,0,0,0,0,0,0,9,0,0,0,0,0,0,0,0,0,0,0,0,0,0,0,0,0,0,0,0,0,0,0,0,0,0,0,0,0,0,0,0,0,0,0,1,0,0,0,0,0,0,0,0,0,29,0,0,0,77,0,0,0,0,0,0,0,328,0,182,0,179,0,35,0,51,31,99,0,0,0,0,0,1,0,0,0,0,0,0,0,0,0,0,0,0,0,0,0,0,0,0,0,0,27,0,0,0,55,302,286,0,0,0,0
12,7,394,58,105,276,31,0,0,1,36,117,49,24,0,192,32,0,485,80,143,28,407,57,53,0,247,0,15,0,128,0,153,46,72,24,90,35,12,0,15,0,0,0,20,0,24,1,0,0,14,0,0,0,0,0,6,0,0,0,0,0,14,0,22,0,0,0,0,0,0,0,0,0,0,0,0,0,0,0,0,0,0,0,0,0,0,0,0,0,0,0,0,0,0,0,375,0,0,0,0,0,0,0,0,0,0,0,0,0,0,0,0,0,0,0,0,0,0,0,0,0,0,0,0,0,0,0,0,0,12,0,0,0,188,0,133,0,0,0,0,0,0,0,0,0,0,0,37,0,42,0,25,0,11,0,0,0,0,0,0,0,0,0,19,0,116,0,0,0,3,0,42,0,0,0,82,60,22,2,0,0,0,0,30,0,0,1,0,0,0,0,0,0,0,0,1,0,0,0,214,0,0,0,0,0,0,0,0,0,137,96,118,0,19,0,0,0,28,0,17,0,0,0,0
17,14,0,362,109,174,0,185,0,4,90,18,31,0,192,0,9,12,63,348,31,273,65,224,0,127,11,90,3,7,2,83,8,153,7,104,6,50,0,0,0,0,0,0,0,0,0,0,0,0,0,0,0,0,0,89,0,0,0,0,0,0,0,14,0,0,0,0,0,0,0,1,0,0,0,0,0,0,0,0,0,89,0,0,0,25,0,0,0,0,0,0,0,0,0,0,0,53,0,0,0,81,0,0,0,0,0,0,0,0,0,0,0,0,0,0,0,0,0,0,0,0,0,0,0,0,0,0,0,11,0,0,0,0,0,302,0,126,0,0,0,0,0,0,0,0,0,2,0,0,0,13,0,0,0,0,0,0,0,0,0,0,0,0,0,0,0,64,0,0,0,3,0,0,0,0,29,64,4,12,0,0,0,0,0,0,0,1,0,0,0,0,0,0,0,0,0,0,0,0,0,0,0,0,0,0,0,0,0,0,0,0,0,0,11,0,0,0,47,26,35,0,0,0,0
114,87,50,23,12,0,11,21,16,19,11,4,0,0,32,9,0,18,49,0,357,0,46,34,62,62,68,0,169,0,58,0,56,0,14,0,20,0,139,4,0,0,0,0,34,0,4,0,3,0,0,0,51,0,19,13,5,0,0,0,31,1,388,4,0,0,0,1,0,0,34,0,0,0,53,0,0,0,0,0,132,0,0,0,216,0,109,0,0,0,30,0,0,0,0,0,310,0,445,0,38,0,0,0,0,0,0,0,0,0,0,0,0,0,0,0,0,0,0,0,50,0,24,0,0,0,0,0,0,0,0,0,0,0,0,0,116,0,0,0,81,0,141,0,1,0,0,0,0,0,0,0,0,0,41,0,0,0,10,0,10,0,3,0,0,0,14,0,0,0,0,1,14,3,0,0,24,30,2,0,0,0,6,0,2,0,0,0,0,0,0,0,0,0,0,0,0,0,0,0,38,0,0,0,0,0,0,0,0,0,14,45,21,0,0,0,0,0,6,0,4,0,0,0,0
27,90,54,43,0,6,14,31,0,7,0,27,0,0,0,12,18,0,0,29,0,359,81,81,34,35,0,47,0,141,0,33,0,86,0,38,0,15,8,95,0,0,0,27,0,0,0,0,0,0,0,6,0,9,0,25,0,56,0,2,0,0,0,140,0,0,0,0,0,0,0,0,0,0,0,0,0,0,0,0,0,285,0,0,0,143,0,0,0,24,0,0,0,0,0,29,0,19,0,202,0,89,0,0,0,0,0,0,0,0,0,0,0,0,0,0,0,0,0,0,0,0,0,0,0,0,0,0,0,0,0,0,0,0,0,58,0,82,0,135,0,149,0,422,0,0,0,0,0,0,0,0,0,1,0,19,0,0,0,11,0,0,0,0,0,0,0,0,0,0,0,2,0,14,0,0,10,94,0,57,0,0,0,6,0,0,0,0,0,0,0,0,0,0,0,0,0,0,0,0,0,0,0,0,0,0,0,0,0,48,0,1,0,0,0,0,0,0,8,37,19,3,0,0,0
0,0,195,0,63,211,18,0,0,0,7,108,113,360,485,63,49,0,0,430,231,85,353,0,0,0,285,90,0,0,137,0,18,11,336,0,91,22,0,0,12,0,23,13,20,0,26,0,0,0,291,8,0,0,0,0,0,0,0,0,0,0,61,1,0,0,0,0,0,0,0,0,0,0,0,0,0,0,0,0,0,0,0,0,0,0,0,0,0,0,0,0,0,0,0,0,579,0,0,0,0,0,0,0,0,0,0,0,0,0,0,0,0,0,0,0,0,0,0,0,0,0,0,0,0,0,0,0,0,0,0,0,0,0,172,0,0,0,1,0,0,0,0,0,7,0,0,0,74,0,85,0,0,0,16,0,0,0,0,0,0,0,0,0,94,0,56,0,38,0,0,0,12,0,0,0,13,84,7,0,0,0,0,0,0,0,13,13,0,0,0,0,0,0,0,0,0,0,0,0,227,0,0,0,0,0,0,0,0,0,117,196,220,60,16,0,0,0,0,0,0,0,0,0,0
0,104,0,235,131,413,0,126,0,58,0,42,411,42,80,348,0,29,430,0,52,391,0,159,0,104,153,353,0,0,0,72,0,16,36,432,0,69,0,0,23,6,0,94,0,50,0,71,0,5,0,261,0,2,0,0,0,0,0,0,0,0,0,0,0,0,0,4,0,0,0,0,0,0,0,0,0,0,0,0,0,222,0,0,0,0,0,0,0,0,0,0,0,0,0,0,0,0,0,0,0,209,0,0,0,0,0,0,0,0,0,0,0,0,0,0,0,0,0,0,0,0,0,0,0,0,0,0,0,0,0,42,0,0,0,633,0,257,0,0,0,0,0,0,0,0,2,0,0,0,0,188,0,147,0,0,0,0,0,0,0,0,0,0,0,73,0,110,0,110,0,0,0,0,0,0,0,98,7,28,0,0,0,0,0,137,5,82,0,0,0,0,0,0,0,0,0,3,0,0,0,157,0,0,0,0,0,0,0,61,0,0,0,0,43,0,0,0,94,103,191,0,0,0,0
5,0,98,5,88,56,25,0,0,0,47,28,64,25,143,31,357,0,231,52,0,8,277,16,123,0,185,0,57,0,69,0,76,6,78,0,83,5,18,0,0,0,13,0,0,0,0,0,3,1,114,0,21,0,24,0,0,0,0,0,0,0,365,0,0,0,0,0,0,0,189,0,0,0,141,0,0,0,0,0,231,0,0,0,266,0,273,0,0,0,0,0,0,0,0,0,650,0,928,0,0,0,0,0,0,0,0,0,0,0,0,0,0,0,0,0,0,0,0,0,0,0,0,0,0,0,0,0,0,0,0,0,0,0,0,0,117,0,0,0,118,0,256,0,72,0,0,0,0,0,0,0,0,0,26,0,0,0,11,0,6,0,0,0,103,0,118,0,78,0,0,1,62,0,0,0,9,9,16,1,0,0,0,0,6,0,3,0,0,0,0,0,0,0,0,0,0,0,0,0,90,0,0,0,0,0,0,0,0,0,225,197,277,73,49,0,3,0,0,0,11,0,0,0,0
1,16,0,93,22,258,0,81,0,0,0,91,90,31,28,273,0,359,85,391,8,0,2,342,0,170,36,205,0,59,0,22,0,38,10,128,0,41,0,11,0,0,0,165,0,102,0,0,0,0,3,119,0,0,0,73,0,0,0,0,0,0,0,278,0,0,0,0,0,0,0,15,0,0,0,23,0,0,0,0,0,476,0,0,0,144,0,0,0,0,0,0,0,0,0,0,0,46,0,0,0,241,0,0,0,0,0,0,0,0,0,0,0,0,0,0,0,0,0,0,0,0,0,0,0,0,0,0,0,0,0,0,0,0,0,0,0,0,0,137,0,287,0,453,0,41,0,0,0,0,0,0,0,0,0,11,0,4,0,15,0,0,0,0,0,25,0,207,0,36,0,15,0,26,0,0,0,43,0,22,0,0,0,0,0,0,0,24,0,0,0,0,0,0,0,0,0,0,0,0,0,0,0,0,0,0,0,0,0,0,0,0,0,0,68,0,0,0,246,170,205,0,0,0,0
34,204,176,146,40,45,9,20,2,0,30,38,0,0,407,65,46,81,353,0,277,2,0,133,89,65,246,0,64,9,41,0,53,14,0,0,20,9,134,12,0,0,0,0,79,0,46,0,22,0,0,0,0,1,72,0,0,0,0,0,0,0,33,0,0,2,0,0,0,0,0,0,0,0,0,0,0,0,0,0,0,1,0,0,45,0,0,0,0,0,29,0,0,0,0,0,240,0,0,0,0,0,0,0,6,0,55,0,0,0,0,0,0,0,0,0,0,0,0,0,0,0,0,0,0,0,0,0,0,0,0,0,0,0,74,0,159,0,0,0,0,0,170,0,0,0,0,0,4,0,6,0,0,0,18,0,0,0,0,0,2,0,0,0,2,0,33,0,20,0,0,0,67,4,2,0,142,109,6,0,0,0,5,0,1,0,0,0,0,0,0,0,0,0,0,0,0,0,0,0,118,0,0,0,0,0,0,0,0,0,60,38,89,0,11,0,0,0,0,4,12,5,0,0,0
54,83,43,361,38,153,0,44,0,0,48,109,0,0,57,224,34,81,0,159,16,342,133,0,6,106,0,110,0,15,0,22,5,20,0,12,0,28,0,13,0,0,0,22,0,0,0,0,0,0,0,0,0,0,0,26,0,0,0,0,0,1,0,40,0,0,0,0,0,0,0,3,0,0,0,0,0,0,0,0,0,87,0,15,0,26,0,17,0,0,0,0,0,0,0,0,0,0,0,117,0,74,0,0,0,0,0,0,0,0,0,0,0,0,0,0,0,0,0,0,0,0,0,0,0,0,0,0,0,0,0,0,0,0,0,0,0,15,0,0,0,0,0,67,0,0,0,0,0,0,0,0,0,1,0,0,0,0,0,0,0,0,0,0,0,0,0,18,0,0,0,2,0,16,0,0,37,82,0,26,0,0,1,0,0,0,0,0,0,0,0,0,0,0,0,0,0,0,0,0,0,0,0,0,0,0,0,0,0,0,0,0,8,0,11,0,0,0,65,132,66,0,0,0,0
11,144,61,0,0,0,239,139,15,232,0,0,0,0,53,0,62,34,0,0,123,0,89,6,0,168,0,0,120,0,11,0,17,0,0,0,11,0,83,0,0,0,0,0,0,0,0,0,0,0,0,0,61,13,133,218,23,0,0,0,42,17,182,74,0,0,0,3,0,0,0,0,0,0,3,0,0,0,0,0,0,0,0,0,55,0,0,0,0,0,15,0,0,0,0,0,207,0,0,0,0,0,0,0,9,0,0,0,0,0,0,0,0,0,0,0,0,0,0,0,0,0,0,0,0,0,0,0,45,0,0,0,12,0,79,0,176,0,17,0,52,0,207,2,0,0,0,0,0,0,0,0,0,0,45,0,0,0,11,0,0,0,0,0,0,0,0,0,0,0,1,0,100,0,0,0,83,88,0,0,0,0,21,0,0,0,0,0,0,0,0,0,0,0,0,0,0,0,0,0,94,0,0,0,0,0,0,0,0,0,84,7,109,0,31,0,0,0,19,0,0,0,0,0,0
127,22,75,170,0,16,65,136,0,0,0,0,0,0,0,127,62,35,0,104,0,170,65,106,168,0,0,49,0,54,0,4,0,21,0,0,0,25,0,92,0,0,0,0,0,0,0,0,0,0,0,6,0,3,0,190,0,41,0,8,0,13,0,53,0,0,0,1,0,0,0,0,0,0,0,1,0,0,0,0,0,81,0,23,0,51,0,0,0,0,0,19,0,0,0,30,0,68,0,252,0,165,0,0,0,0,0,0,0,0,0,0,0,0,0,0,0,0,0,0,0,0,0,0,0,0,0,0,0,26,0,5,0,0,0,350,0,99,0,36,0,0,0,121,0,0,0,0,0,0,0,0,0,0,0,8,0,0,0,3,0,0,0,0,0,0,0,0,0,7,0,4,0,25,0,0,33,132,0,0,0,0,5,15,0,0,0,0,0,0,0,0,0,0,0,0,0,0,0,0,0,67,0,0,0,0,0,0,0,0,0,0,14,0,22,0,0,0,67,13,91,30,0,7,0
30,0,161,0,202,0,0,0,0,0,45,16,324,494,247,11,68,0,285,153,185,36,246,0,0,0,0,427,15,0,16,0,0,0,42,13,84,0,0,0,42,85,202,93,256,0,166,143,18,0,307,27,0,0,0,0,0,0,0,0,0,0,106,0,0,0,0,0,0,0,58,0,0,0,0,0,0,0,0,0,0,0,0,0,0,0,0,0,0,0,0,0,0,0,0,0,0,0,0,0,0,0,0,0,0,0,0,0,0,0,0,0,0,0,0,0,0,0,0,0,0,0,0,0,0,0,0,0,0,0,0,0,0,0,140,0,0,0,0,0,0,0,0,0,0,0,0,0,0,0,0,0,0,0,0,0,0,0,0,0,0,0,0,0,72,0,10,0,0,0,0,0,16,0,0,0,10,95,9,0,0,0,0,0,64,0,33,14,0,0,0,0,0,0,0,0,0,0,0,0,246,0,0,0,0,0,0,0,0,0,50,443,415,41,0,0,0,17,0,0,0,0,0,0,0
0,224,0,151,0,392,0,103,0,64,0,146,303,146,0,90,0,47,90,353,0,205,0,110,0,49,427,0,0,0,0,3,0,0,0,57,2,0,0,0,263,33,61,292,65,302,107,306,10,32,30,290,0,0,0,32,0,0,0,0,0,0,0,179,0,27,0,5,0,0,0,0,0,0,0,0,0,0,0,0,0,512,0,0,0,0,0,0,0,0,0,0,0,0,0,81,0,64,0,0,0,278,0,0,0,0,0,0,0,0,0,0,0,0,0,0,0,0,0,4,0,0,0,0,0,0,0,0,0,0,0,0,0,0,0,351,0,85,0,10,0,0,0,0,0,0,0,0,0,201,0,269,0,240,0,0,0,0,0,0,0,0,0,0,0,38,0,18,0,69,0,0,0,0,0,0,0,87,0,24,0,112,0,18,0,192,28,70,0,0,0,0,0,0,0,0,0,0,0,0,0,0,0,0,0,0,0,0,0,0,0,0,0,0,17,0,0,0,47,542,242,0,0,0,1
69,0,386,0,36,0,61,0,0,0,0,0,0,0,15,3,169,0,0,0,57,0,64,0,120,0,15,0,0,0,36,0,8,0,15,0,6,0,11,0,0,0,26,0,0,0,0,0,0,0,5,0,17,0,23,0,0,0,0,0,0,0,85,0,0,0,0,0,0,0,20,0,0,0,21,0,0,0,0,0,27,0,0,0,37,0,0,0,0,0,18,0,0,0,0,0,88,0,0,0,0,0,0,0,0,0,0,0,0,0,0,0,0,0,0,0,0,0,0,0,12,0,0,0,0,0,0,0,0,0,0,0,0,0,0,0,15,0,0,0,21,0,74,0,0,0,0,0,0,0,0,0,0,0,0,0,0,0,0,0,0,0,0,0,0,0,0,0,0,0,0,0,0,0,0,0,0,0,0,0,0,0,4,0,0,0,0,0,0,0,0,0,0,0,0,0,0,0,0,0,29,0,0,0,0,0,0,0,0,0,28,10,0,0,0,0,0,0,0,0,0,0,0,0,0
0,77,3,123,0,0,0,184,0,0,0,16,0,0,0,7,0,141,0,0,0,59,9,15,0,54,0,0,0,0,0,55,0,35,0,116,0,39,0,4,0,0,0,10,0,0,0,0,0,0,0,6,0,8,0,29,0,11,0,2,0,0,0,68,0,0,0,0,0,0,0,0,0,0,0,0,0,0,0,1,0,62,0,0,0,30,0,0,0,0,0,0,0,0,0,0,0,0,0,101,0,53,0,0,0,0,0,0,0,0,0,0,0,0,0,0,0,0,0,0,0,0,0,5,0,0,0,0,0,0,0,0,0,0,0,0,0,25,0,122,0,108,0,137,0,2,0,0,0,0,0,0,0,0,0,6,0,0,0,0,0,0,0,0,0,0,0,0,0,0,0,0,0,0,0,0,3,10,0,0,0,0,0,0,0,0,0,0,0,0,0,0,0,0,0,0,0,0,0,0,0,0,0,0,0,0,0,0,0,0,0,0,0,0,0,0,0,0,0,18,0,0,0,0,0
0,0,72,0,143,0,0,0,0,0,48,0,12,0,128,2,58,0,137,0,69,0,41,0,11,0,16,0,36,0,0,0,2,0,8,0,5,0,4,0,0,0,18,0,3,0,0,0,0,0,0,0,8,0,0,0,0,0,0,0,2,1,60,0,0,0,0,0,0,0,20,0,0,0,0,0,0,0,0,0,22,0,0,0,0,0,43,0,0,0,0,0,0,0,0,0,0,0,0,0,0,0,0,0,0,0,0,0,0,0,0,0,0,0,0,0,0,0,0,0,0,0,0,0,0,0,0,0,0,0,0,0,0,0,0,0,0,0,8,0,27,0,29,0,22,0,0,0,0,0,0,0,0,0,6,0,0,0,0,0,0,0,0,0,0,0,0,0,0,0,0,0,4,0,0,0,0,4,8,0,0,0,2,0,0,0,0,0,0,0,0,0,0,0,0,0,0,0,0,0,0,0,0,0,0,0,0,0,0,0,23,32,24,0,0,0,0,0,0,0,0,0,0,0,0
0,7,0,35,0,86,0,0,0,0,0,37,0,0,0,83,0,33,0,72,0,22,0,22,0,4,0,3,0,55,0,0,0,3,0,16,0,3,0,4,0,0,0,26,0,1,0,0,0,0,0,9,0,0,0,0,0,0,0,0,0,0,0,36,0,0,0,0,0,0,0,0,0,0,0,0,0,0,0,1,0,0,0,0,0,0,0,0,0,0,0,0,0,0,0,0,0,8,0,0,0,18,0,0,0,0,0,0,0,0,0,0,0,0,0,0,0,0,0,0,0,0,0,0,0,0,0,0,0,0,0,0,0,0,0,0,0,0,0,0,0,0,0,0,0,0,0,0,0,0,0,0,0,0,0,0,0,0,0,0,0,1,0,0,0,1,0,7,0,0,0,0,0,0,0,0,0,0,0,9,0,0,0,0,0,0,0,0,0,0,0,1,0,0,0,0,0,0,0,0,0,0,0,0,0,0,0,0,0,0,0,0,0,0,0,0,0,0,0,10,11,0,0,0,0
67,0,163,0,300,0,12,0,0,0,184,0,10,0,153,8,56,0,18,0,76,0,53,5,17,0,0,0,8,0,2,0,0,0,0,0,61,1,10,0,0,0,14,0,0,0,0,0,0,0,2,0,2,0,0,0,0,0,0,0,3,0,43,0,0,0,0,0,0,0,18,0,0,0,9,0,0,0,0,0,15,0,0,0,0,0,0,0,0,0,7,0,0,0,0,0,0,0,73,0,0,0,0,0,0,0,0,0,0,0,0,0,0,0,0,0,0,0,0,0,0,0,5,0,0,0,0,0,0,0,0,0,0,0,0,0,0,0,9,0,0,0,0,0,22,0,0,0,0,0,0,0,0,0,2,0,3,0,0,0,0,0,0,0,2,0,32,0,10,0,1,0,7,0,0,0,31,0,17,0,2,0,9,0,0,0,0,0,0,0,0,0,0,0,0,0,0,0,0,0,0,0,0,0,0,0,0,0,0,0,25,73,29,0,0,0,0,0,0,0,0,0,0,0,0
0,125,0,336,0,368,0,83,0,0,0,274,0,0,46,153,0,86,11,16,6,38,14,20,0,21,0,0,0,35,0,3,0,0,0,17,0,30,0,3,0,0,0,0,0,0,0,0,0,0,0,5,0,4,0,21,0,0,0,0,0,2,0,47,0,0,0,0,0,0,0,0,0,0,0,0,0,0,0,0,0,92,0,0,0,17,0,0,0,0,0,0,0,0,0,0,0,12,0,0,0,52,0,0,0,0,0,0,0,0,0,0,0,0,0,0,0,0,0,0,0,0,0,0,0,0,0,0,0,0,0,0,0,0,0,0,0,0,0,0,0,51,0,80,0,5,0,0,0,0,0,0,0,0,0,0,0,8,0,6,0,3,0,0,0,0,0,24,0,0,0,1,0,6,0,0,0,92,0,28,0,0,0,0,0,0,0,0,0,0,0,0,0,0,0,0,0,0,0,0,0,0,0,0,0,0,0,0,0,0,0,0,0,0,0,0,0,0,22,63,32,0,0,0,0
0,0,0,0,210,0,0,0,0,0,66,0,329,0,72,7,14,0,336,36,78,10,0,0,0,0,42,0,15,0,8,0,0,0,0,0,63,2,0,0,0,0,35,0,8,0,0,0,0,0,65,1,0,0,0,0,0,0,0,0,0,0,23,0,0,0,0,0,0,0,33,0,7,0,29,0,0,0,0,0,0,0,0,0,25,0,0,0,0,0,0,0,0,0,0,0,0,0,121,0,0,0,0,0,0,0,0,0,0,0,0,0,0,0,0,0,0,0,0,0,0,0,0,0,0,0,0,0,0,0,0,0,0,0,0,0,0,0,0,0,0,0,0,0,12,0,0,0,0,0,0,0,0,0,0,0,0,0,0,0,0,0,3,0,0,0,10,2,8,0,2,0,0,0,0,0,17,9,70,0,0,0,0,0,0,0,39,0,0,0,0,0,0,0,0,0,0,0,0,0,0,0,0,0,0,0,0,0,0,0,0,21,27,0,0,0,0,0,0,0,0,0,0,0,0
0,0,0,0,33,435,0,0,0,0,0,201,29,116,24,104,0,38,0,432,0,128,0,12,0,0,13,57,0,116,0,16,0,17,0,0,1,96,0,16,0,0,0,22,0,5,0,0,0,0,0,12,0,7,0,17,0,0,0,2,0,0,0,58,0,0,0,0,0,0,0,0,0,0,0,0,0,0,0,0,0,0,0,0,0,0,0,0,0,0,0,0,0,0,0,0,0,8,0,0,0,0,0,0,0,0,0,0,0,0,0,0,0,0,0,0,0,0,0,0,0,0,0,0,0,0,0,0,0,0,0,0,0,0,0,0,0,0,0,0,0,239,0,264,0,45,0,0,0,0,0,0,0,0,0,7,0,7,0,9,0,0,0,0,0,0,0,18,0,0,0,0,0,0,0,0,0,76,0,84,0,0,0,0,0,0,0,30,0,0,0,0,0,0,0,0,0,0,0,0,0,0,0,0,0,0,0,0,0,0,0,0,0,0,0,0,0,0,0,27,25,6,0,0,0
113,0,134,5,265,13,54,0,4,0,186,0,64,0,90,6,20,0,91,0,83,0,20,0,11,0,84,2,6,0,5,0,61,0,63,1,0,0,72,0,0,0,122,0,29,0,0,0,0,0,55,0,14,0,7,3,15,0,0,0,12,0,32,0,12,0,0,0,0,0,166,0,47,0,108,0,0,0,0,0,91,0,0,0,0,0,0,0,0,0,0,0,0,0,0,0,0,0,335,0,0,0,0,0,0,0,0,0,0,0,0,0,0,0,0,0,0,0,0,0,77,0,0,0,0,0,0,0,0,0,0,0,0,0,0,0,0,0,36,0,150,0,69,0,233,0,0,0,0,0,0,0,0,0,17,0,22,0,12,0,0,0,44,0,8,0,37,0,29,0,29,0,58,0,0,0,30,0,25,0,0,0,0,0,15,0,7,0,0,0,0,0,0,0,0,0,0,0,0,0,0,0,0,0,0,0,0,0,0,0,37,23,68,16,11,0,0,0,0,0,0,0,0,0,0
0,217,0,148,21,289,0,121,0,14,0,227,17,48,35,50,0,15,22,69,5,41,9,28,0,25,0,0,0,39,0,3,1,30,2,96,0,0,0,48,0,0,0,81,0,23,0,0,0,0,0,114,0,7,0,0,0,4,0,0,0,17,0,52,0,0,0,0,0,0,0,23,0,0,0,46,0,0,0,0,0,161,0,0,0,41,0,0,0,0,0,0,0,0,0,0,0,0,0,0,0,0,0,2,0,0,0,0,0,0,0,0,0,0,0,0,0,0,0,0,0,65,0,30,0,0,0,0,0,0,0,0,0,0,0,0,0,0,0,117,0,334,0,253,0,186,0,0,0,0,0,0,0,0,0,28,0,38,0,31,0,0,0,8,0,6,0,41,0,6,0,7,0,31,0,0,10,88,0,50,0,0,0,10,0,0,0,17,0,0,0,0,0,0,0,0,0,0,0,0,0,0,0,0,0,0,0,0,0,0,0,0,0,0,0,0,0,0,19,185,37,2,0,0,0
575,0,766,0,56,0,249,0,0,0,55,0,0,0,12,0,139,8,0,0,18,0,134,0,83,0,0,0,11,0,4,0,10,0,0,0,72,0,0,0,0,0,0,0,0,0,0,0,0,0,2,0,15,0,12,0,0,0,0,0,5,0,64,0,0,0,0,0,0,0,36,0,0,0,27,0,0,0,25,0,0,0,0,0,0,0,0,0,0,0,0,0,0,0,0,0,0,0,0,0,0,0,0,0,0,0,0,0,0,0,0,0,0,0,0,0,0,0,0,0,29,0,19,0,0,0,0,0,0,0,0,0,0,0,0,0,0,0,24,0,74,0,58,0,76,0,0,0,0,0,0,0,0,0,14,0,32,0,19,0,0,0,8,0,0,0,28,0,0,0,4,0,14,0,0,0,68,11,11,0,1,0,37,0,0,0,0,0,0,0,0,0,0,0,0,0,0,0,0,0,0,0,0,0,0,0,0,0,0,0,99,98,35,0,0,0,0,0,0,0,0,0,0,0,0
0,356,0,275,0,17,0,660,0,0,0,51,0,0,0,0,4,95,0,0,0,11,12,13,0,92,0,0,0,4,0,4,0,3,0,16,0,48,0,0,0,0,0,9,0,0,0,0,0,0,0,0,0,0,0,27,0,3,0,0,0,5,0,56,0,0,0,0,0,0,0,0,0,0,0,0,0,0,0,0,0,0,0,0,0,0,0,0,0,0,0,0,0,0,0,0,0,0,0,0,0,0,0,0,0,0,0,0,0,0,0,0,0,0,0,0,0,0,0,0,0,0,0,0,0,0,0,0,0,0,0,0,0,0,0,0,0,0,0,49,0,35,0,0,0,25,0,0,0,0,0,0,0,0,0,13,0,13,0,44,0,0,0,0,0,0,0,0,0,0,0,0,0,6,0,0,0,55,0,14,0,0,0,0,0,0,0,0,0,0,0,0,0,0,0,0,0,0,0,0,0,0,0,0,0,0,0,0,0,0,0,0,0,0,0,0,0,0,8,83,11,0,0,0,0
14,0,45,0,112,0,11,0,0,0,100,4,269,188,15,0,0,0,12,23,0,0,0,0,0,0,42,263,0,0,0,0,0,0,0,0,0,0,0,0,0,124,34,64,52,73,126,240,124,0,16,0,0,0,0,0,0,0,0,0,0,0,0,0,0,0,0,0,0,0,0,0,0,0,0,0,0,0,0,0,0,0,0,0,0,0,0,0,0,0,0,0,0,0,0,0,0,0,0,0,0,0,0,0,0,0,0,0,0,0,0,0,1,0,0,0,0,0,0,0,0,0,0,0,0,0,0,0,0,0,0,0,0,0,0,0,0,0,0,0,0,0,0,0,0,0,0,0,0,0,0,1,91,0,0,0,0,0,0,0,0,0,0,0,0,0,0,0,0,0,1,0,0,0,111,0,84,46,84,0,210,1,49,0,84,0,159,0,0,0,0,0,0,0,0,0,0,0,0,0,0,0,0,0,0,0,0,0,0,0,0,115,39,0,0,0,0,27,0,0,0,0,0,0,0
0,48,0,16,0,32,0,6,0,0,0,103,0,230,0,0,0,0,0,6,0,0,0,0,0,0,85,33,0,0,0,0,0,0,0,0,0,0,0,0,124,0,0,11,74,61,84,175,49,224,8,3,0,0,0,0,0,0,0,0,0,0,0,0,0,0,0,0,0,0,0,0,0,0,0,0,0,0,0,0,0,0,0,0,0,0,0,0,0,0,0,0,0,0,0,0,0,0,0,0,0,0,0,0,0,0,0,0,0,0,0,0,0,0,0,0,0,0,0,0,0,0,0,0,0,0,0,0,0,0,0,0,0,0,0,0,0,0,0,0,0,0,0,0,0,0,0,0,0,0,0,0,0,90,0,0,0,0,0,0,0,0,0,0,0,6,0,0,0,0,0,0,0,0,0,0,0,183,0,96,0,69,0,31,0,37,15,8,0,0,0,0,0,0,0,0,0,0,0,0,0,0,0,0,0,0,0,0,0,0,0,0,0,0,0,0,0,0,0,36,15,0,5,0,13
0,1,0,0,0,0,0,0,0,0,0,0,126,68,0,0,0,0,23,0,13,0,0,0,0,0,202,61,26,0,18,0,14,0,35,0,122,0,0,0,34,0,0,13,116,0,49,29,19,0,33,0,0,0,0,0,0,0,0,0,0,0,22,0,0,0,0,0,2,0,39,0,8,0,28,0,0,0,0,0,0,0,0,0,0,0,0,0,0,0,0,0,0,0,0,0,0,0,157,0,16,0,0,0,0,0,0,0,0,0,0,0,0,0,0,0,0,0,0,0,0,0,0,0,0,0,0,0,0,0,0,0,0,0,0,0,0,0,0,0,0,0,0,0,28,0,0,0,0,0,0,0,0,0,0,0,0,0,0,0,0,0,0,0,36,0,25,0,6,0,2,0,12,0,0,0,0,0,0,0,0,0,0,0,0,0,118,0,0,0,0,0,0,0,3,0,0,0,0,0,0,0,0,0,0,0,0,0,0,0,15,65,83,8,9,0,0,10,0,0,0,0,0,0,0
0,0,0,0,0,0,0,0,0,2,0,0,45,99,0,0,0,27,13,94,0,165,0,22,0,0,93,292,0,10,0,26,0,0,0,22,0,81,0,9,64,11,13,0,8,175,28,87,0,16,0,38,0,0,0,0,0,0,0,0,0,0,0,60,0,0,0,0,0,0,0,37,0,0,0,40,0,0,0,9,0,406,0,48,0,113,0,0,0,0,0,0,0,0,0,0,0,0,0,0,0,0,0,0,0,0,0,0,0,0,0,0,0,0,0,0,0,0,0,0,0,0,0,0,0,0,0,0,0,0,0,0,0,0,0,0,0,0,0,0,0,221,0,361,0,75,0,0,0,0,0,0,0,0,0,0,0,3,0,0,0,0,0,0,0,19,0,14,0,41,0,0,0,9,0,0,0,47,0,0,0,0,0,0,0,0,7,116,0,0,0,0,0,0,0,0,0,0,0,0,0,0,0,0,0,0,0,0,0,0,0,0,0,0,10,0,0,0,53,146,77,8,0,0,0
0,0,80,0,19,0,22,0,9,0,16,0,63,55,20,0,34,0,20,0,0,0,79,0,0,0,256,65,0,0,3,0,0,0,8,0,29,0,0,0,52,74,116,8,0,70,361,179,195,0,117,0,0,0,0,0,0,0,0,0,0,0,169,0,0,0,0,0,0,0,74,0,0,0,65,0,0,0,0,0,0,0,0,0,147,0,119,0,0,0,0,0,0,0,88,0,542,0,0,0,0,0,30,0,0,0,0,0,0,0,0,0,0,0,0,0,0,0,0,0,36,0,0,0,0,0,0,0,0,0,0,0,0,0,61,0,0,0,1,0,0,0,0,0,19,0,0,0,32,0,45,0,0,0,0,0,0,0,0,0,6,0,15,0,108,0,17,0,35,0,10,0,36,0,0,0,12,23,9,0,0,0,11,0,0,0,47,0,0,0,0,0,0,0,10,0,0,0,0,0,0,0,0,0,0,0,0,0,0,0,66,214,218,26,31,0,2,54,0,0,0,0,0,0,0
0,0,0,0,0,22,0,13,0,0,0,0,10,52,0,0,0,0,0,50,0,102,0,0,0,0,0,302,0,0,0,1,0,0,0,5,0,23,0,0,73,61,0,175,70,0,59,388,97,367,0,74,0,0,0,0,0,0,0,0,0,5,0,79,0,0,0,0,0,30,0,67,0,0,0,125,0,20,0,30,0,446,0,103,0,121,0,220,0,0,0,0,0,20,0,102,0,0,0,0,0,80,0,12,0,0,0,0,0,0,0,0,0,0,0,0,0,0,0,0,0,137,0,47,0,0,0,0,0,0,0,0,0,0,0,0,0,0,0,0,0,106,0,226,0,39,0,0,0,0,0,0,0,0,0,20,0,0,0,0,0,0,0,13,0,109,0,14,0,91,0,6,0,8,0,0,0,81,0,0,0,0,0,0,0,0,29,42,0,0,0,0,0,0,0,17,0,0,0,0,0,0,0,0,0,0,0,0,0,0,0,6,0,0,27,0,0,2,130,575,190,19,0,0,80
0,0,72,0,93,0,0,0,14,0,80,0,229,73,24,0,4,0,26,0,0,0,46,0,0,0,166,107,0,0,0,0,0,0,0,0,0,0,0,0,126,84,49,28,361,59,0,179,194,0,28,0,2,0,0,0,0,0,0,0,0,0,0,0,13,0,0,0,1,0,0,0,0,0,0,0,0,0,0,0,0,0,0,0,0,0,0,0,0,0,0,0,0,0,0,0,0,0,0,0,0,0,0,0,0,0,0,0,0,0,0,0,3,0,0,0,0,0,7,0,0,0,0,0,0,0,0,0,0,0,0,0,0,0,0,0,0,0,0,0,0,0,0,0,0,0,0,0,87,0,0,0,95,0,0,0,0,0,0,0,0,0,1,0,53,0,0,0,4,0,2,0,0,0,0,0,47,31,36,0,155,0,42,0,95,0,62,0,0,0,0,0,0,0,0,0,0,0,0,0,0,0,0,0,0,0,0,0,10,0,0,516,110,7,0,1,0,85,0,4,0,0,0,0,0
0,178,0,50,0,140,0,0,0,26,1,195,0,257,1,0,0,0,0,71,0,0,0,0,0,0,143,306,0,0,0,0,0,0,0,0,0,0,0,0,240,175,29,87,179,388,179,0,123,162,0,28,0,0,0,0,0,0,0,1,0,0,0,0,0,0,0,0,0,0,0,0,0,0,0,13,0,0,0,4,0,0,0,0,0,0,0,0,0,0,0,0,0,0,0,0,0,0,0,0,0,0,0,0,0,0,0,0,0,0,0,0,0,0,0,0,0,0,0,0,0,0,0,0,0,0,0,0,0,0,0,0,0,0,0,0,0,0,0,0,0,0,0,0,0,0,0,0,0,0,0,162,0,124,0,0,0,2,0,0,0,0,0,0,0,13,0,0,0,0,0,0,0,2,0,16,0,177,0,80,0,95,0,23,0,84,34,12,0,0,0,0,0,0,0,0,0,0,0,0,0,0,0,0,0,0,0,0,0,0,0,9,0,0,0,0,0,3,0,481,45,5,0,0,39
0,0,17,0,5,0,11,0,6,0,12,0,50,0,0,0,3,0,0,0,3,0,22,0,0,0,18,10,0,0,0,0,0,0,0,0,0,0,0,0,124,49,19,0,195,97,194,123,0,18,15,0,0,0,8,0,10,0,8,1,0,0,11,0,0,0,0,0,14,0,7,0,1,0,0,0,0,0,7,0,0,0,24,0,13,0,19,0,6,0,8,0,8,0,69,0,51,0,31,0,14,0,44,0,7,0,23,1,1,0,0,0,0,0,0,0,0,0,0,0,0,0,0,0,3,0,0,0,0,1,0,0,0,0,21,0,11,0,0,0,0,0,26,0,1,0,0,0,0,0,0,0,14,0,1,0,0,0,1,0,0,0,6,0,33,0,3,0,19,0,4,0,16,0,30,0,114,28,6,0,53,0,8,0,15,0,159,0,34,0,0,0,24,0,20,0,0,0,13,0,34,0,8,0,22,0,0,0,0,0,88,71,154,13,56,0,7,19,0,18,0,0,0,0,1
0,20,0,0,0,5,0,0,0,0,0,12,0,38,0,0,0,0,0,5,1,0,0,0,0,0,0,32,0,0,0,0,0,0,0,0,0,0,0,0,0,224,0,16,0,367,0,162,18,0,0,1,0,0,0,0,0,0,0,0,0,4,0,0,0,0,0,0,0,15,0,16,0,0,0,0,0,5,0,4,0,31,0,35,0,0,0,0,0,14,0,0,0,9,0,34,0,0,0,0,0,0,0,11,0,6,0,0,0,0,0,0,0,0,0,0,0,0,0,0,0,0,0,0,0,0,0,0,0,0,0,0,0,0,0,0,0,0,0,0,0,0,0,3,0,2,0,0,0,15,0,85,0,67,0,0,0,0,0,0,0,0,0,0,0,42,0,4,0,23,0,0,0,3,0,16,0,121,0,48,0,78,0,17,0,41,10,30,0,0,0,0,0,0,0,0,0,0,0,0,0,0,0,0,0,0,0,0,0,0,0,2,0,0,9,0,0,0,25,29,20,4,2,0,11
0,0,0,0,0,11,0,0,0,0,12,0,372,25,14,0,0,0,291,0,114,3,0,0,0,0,307,30,5,0,0,0,2,0,65,0,55,0,2,0,16,8,33,0,117,0,28,0,15,0,0,0,0,0,0,0,0,0,0,0,0,0,0,0,0,0,5,0,9,0,49,0,0,0,33,0,0,0,0,0,35,0,22,0,0,0,62,0,0,0,0,0,0,0,0,0,0,0,0,0,0,0,19,0,0,0,0,0,0,0,0,0,0,0,0,0,0,0,0,0,0,0,0,0,0,0,0,0,0,0,0,0,0,0,0,0,0,0,0,0,0,0,0,0,20,0,0,0,0,0,0,0,0,0,3,0,0,0,0,0,7,0,9,0,32,0,45,0,87,0,6,0,40,0,0,0,0,0,9,0,0,2,2,0,0,0,77,0,0,0,0,0,0,0,0,0,0,0,0,0,0,0,0,0,0,0,0,0,0,0,25,42,97,37,11,0,2,1,0,0,0,0,0,0,0
0,0,0,16,0,96,0,11,0,0,0,14,0,155,0,0,0,6,8,261,0,119,0,0,0,6,27,290,0,6,0,9,0,5,1,12,0,114,0,0,0,3,0,38,0,74,0,28,0,1,0,0,0,4,0,0,0,0,0,0,0,3,0,0,0,0,0,0,0,0,0,24,0,0,0,31,0,0,0,0,0,188,0,0,0,46,0,82,0,0,0,0,0,0,0,38,0,0,0,0,0,0,0,0,0,0,0,0,0,0,0,0,0,0,0,0,0,1,0,0,0,41,0,0,0,0,0,0,0,0,0,0,0,0,0,0,0,0,0,0,0,108,0,125,0,44,0,0,0,0,0,0,0,0,0,26,0,0,0,0,0,0,0,22,0,9,0,31,0,75,0,24,0,39,0,0,0,19,0,5,0,0,0,0,0,0,0,115,0,0,0,0,0,0,0,0,0,0,0,0,0,0,0,0,0,0,0,0,0,0,0,0,0,0,11,0,0,0,44,44,43,4,1,0,0
0,0,7,0,0,0,109,5,256,36,0,0,0,0,0,0,51,0,0,0,21,0,0,0,61,0,0,0,17,0,8,0,2,0,0,0,14,0,15,0,0,0,0,0,0,0,2,0,0,0,0,0,0,3,213,23,168,0,109,4,31,0,86,2,1,0,16,20,0,0,0,0,4,0,13,0,0,0,0,0,38,0,0,0,56,0,28,0,0,0,12,0,0,0,0,0,75,0,72,0,0,0,0,0,0,0,2,0,0,0,0,0,0,0,0,0,0,0,0,0,0,0,25,0,0,0,0,0,76,0,0,0,0,0,24,0,241,0,180,0,183,0,144,0,22,0,0,0,0,0,1,0,0,0,426,0,50,0,110,0,11,0,0,0,0,0,1,0,5,0,104,0,0,0,0,0,89,5,0,0,0,0,16,0,15,1,0,0,0,0,0,0,0,0,0,0,0,0,0,0,0,0,0,0,0,0,0,0,0,0,55,13,54,102,35,0,6,0,0,0,0,4,0,0,0
0,0,0,0,0,0,2,20,2,92,0,0,0,0,0,0,0,9,0,2,0,0,1,0,13,3,0,0,0,8,0,0,0,4,0,7,0,7,0,0,0,0,0,0,0,0,0,0,0,0,0,4,3,0,5,77,0,162,0,30,0,114,1,54,0,0,0,23,0,0,0,0,0,0,0,0,0,0,0,0,0,31,0,0,0,18,0,6,0,0,0,0,0,0,0,0,0,4,0,0,0,13,0,0,0,0,0,0,0,0,0,0,0,0,0,0,0,0,0,0,0,0,0,0,0,8,0,0,0,48,0,10,0,0,0,37,0,47,0,120,0,58,0,97,0,13,0,0,0,0,0,0,0,0,0,94,0,35,0,69,0,13,0,0,0,0,0,0,0,0,0,5,2,1,0,0,6,15,0,0,0,0,0,13,0,13,0,0,0,0,0,0,0,0,0,0,0,0,0,0,0,0,0,0,0,0,0,0,0,14,1,0,1,0,1,0,0,0,2,2,0,1,0,0,0
0,0,101,0,0,0,147,0,147,73,0,0,0,0,0,0,19,0,0,0,24,0,72,0,133,0,0,0,23,0,0,0,0,0,0,0,7,0,12,0,0,0,0,0,0,0,0,0,8,0,0,0,213,5,0,65,73,3,69,7,76,0,91,3,5,0,28,62,0,0,0,0,0,0,0,0,0,0,0,0,0,0,0,0,0,0,0,0,0,0,0,0,0,0,0,0,46,0,0,0,0,0,0,0,0,0,0,0,0,0,0,0,0,0,0,0,0,0,0,0,0,0,0,0,3,0,0,0,132,0,21,0,24,0,67,0,195,0,10,0,14,0,121,0,3,0,0,0,0,0,0,0,0,0,73,0,45,0,22,0,25,0,0,0,0,0,0,0,8,0,202,0,81,0,0,0,40,0,0,0,0,0,2,0,0,5,0,0,0,0,0,0,0,0,0,0,0,0,0,0,54,0,0,0,0,0,0,0,0,0,109,0,352,177,82,0,36,0,8,0,0,5,0,0,0
23,16,0,69,0,0,50,270,164,143,0,0,0,0,0,89,13,25,0,0,0,73,0,26,218,190,0,32,0,29,0,0,0,21,0,17,3,0,0,27,0,0,0,0,0,0,0,0,0,0,0,0,23,77,65,0,4,81,40,61,12,168,77,200,0,0,13,45,0,0,0,0,0,0,0,0,0,0,0,0,0,30,0,0,0,14,0,0,0,0,0,6,0,0,0,0,0,29,0,89,0,58,0,0,0,0,0,0,0,0,0,0,0,0,0,0,0,0,0,0,0,0,0,0,0,0,0,0,0,91,0,69,0,36,0,347,0,294,0,68,0,18,0,110,0,1,0,0,0,0,0,0,0,0,0,51,0,17,0,54,0,57,0,0,0,8,0,0,0,21,0,86,0,122,0,0,73,39,0,0,0,0,4,5,2,9,0,0,0,0,0,0,0,0,0,0,0,0,0,0,0,40,0,0,0,0,0,0,0,0,16,0,27,5,134,0,0,0,135,0,443,159,0,96,0
0,0,23,0,0,0,41,0,49,6,0,0,0,0,6,0,5,0,0,0,0,0,0,0,23,0,0,0,0,0,0,0,0,0,0,0,15,0,0,0,0,0,0,0,0,0,0,0,10,0,0,0,168,0,73,4,0,0,310,8,49,0,19,0,52,14,119,101,0,0,0,0,0,0,0,0,2,0,0,0,0,0,0,0,0,0,0,0,0,0,0,0,0,0,0,0,0,0,0,0,0,0,0,0,0,0,0,0,0,0,0,0,0,0,0,0,0,0,0,0,0,0,0,0,10,0,13,0,119,0,86,0,16,0,55,0,50,0,20,0,0,0,42,0,16,0,0,0,0,0,6,0,0,0,205,2,221,0,34,2,108,0,0,0,0,0,13,0,25,0,404,0,21,0,2,0,3,0,0,0,0,3,0,0,0,4,0,0,0,0,0,0,0,0,0,0,0,0,0,0,21,0,1,0,0,0,3,0,38,0,388,41,636,887,516,0,91,0,9,0,4,0,0,2,0
0,2,0,0,0,0,0,17,10,20,0,0,0,0,0,0,0,56,0,0,0,0,0,0,0,41,0,0,0,11,0,0,0,0,0,0,0,4,0,3,0,0,0,0,0,0,0,0,0,0,0,0,0,162,3,81,0,0,0,154,0,87,0,37,0,2,2,57,0,2,0,0,0,0,0,0,0,0,0,0,0,0,0,0,0,13,0,0,0,0,0,0,0,0,0,0,0,19,0,52,0,0,0,0,0,0,0,0,0,0,0,0,0,0,0,0,0,0,0,0,0,0,0,0,0,0,0,0,0,113,0,29,0,26,0,115,0,95,0,94,0,19,0,86,0,0,0,0,0,0,0,0,0,0,0,339,0,131,0,181,0,38,0,0,0,5,0,0,0,23,0,434,0,59,0,0,1,0,0,0,0,0,0,0,0,1,0,0,0,0,0,0,0,0,0,0,0,0,0,0,1,10,0,0,0,0,0,0,0,0,0,0,0,0,283,0,0,0,97,0,728,461,12,147,0
0,0,0,0,0,0,7,0,154,24,0,0,0,0,0,0,0,0,0,0,0,0,0,0,0,0,0,0,0,0,0,0,0,0,0,0,0,0,0,0,0,0,0,0,0,0,0,0,8,0,0,0,109,0,69,40,310,0,0,18,153,0,24,0,183,6,118,140,3,0,0,0,2,0,0,0,0,0,0,0,0,0,0,0,0,0,0,0,0,0,1,0,0,0,0,0,0,0,0,0,0,0,0,0,0,0,0,0,0,0,0,0,0,0,0,0,0,0,0,0,0,0,0,0,23,0,19,0,25,0,62,0,13,0,35,0,15,0,8,0,0,0,0,0,0,0,0,0,20,0,21,0,0,0,119,2,195,0,13,0,32,3,0,0,2,0,0,0,12,0,192,0,0,0,0,0,30,0,0,0,13,0,0,0,0,5,0,0,0,0,0,0,0,0,0,0,0,0,0,0,0,0,0,0,0,0,5,0,21,0,582,52,481,587,384,0,79,4,13,5,10,0,0,0,0
0,12,0,0,0,0,0,27,17,53,0,7,0,0,0,0,0,2,0,0,0,0,0,0,0,8,0,0,0,2,0,0,0,0,0,2,0,0,0,0,0,0,0,0,0,0,0,1,1,0,0,0,4,30,7,61,8,154,18,0,0,164,0,30,8,125,51,357,0,0,0,0,0,0,0,0,0,0,0,0,0,0,0,0,0,0,0,0,0,0,0,0,0,0,0,0,0,0,0,0,0,0,0,0,0,0,0,0,0,0,0,0,0,0,0,0,0,0,0,0,0,0,0,0,0,10,0,5,0,9,0,37,0,17,0,0,0,0,0,4,0,0,0,0,0,0,0,3,0,18,0,0,0,0,4,143,0,154,0,51,4,125,0,0,0,0,0,0,0,30,0,115,0,0,0,3,0,0,0,0,0,0,0,0,4,4,0,0,0,0,0,0,0,0,0,0,0,0,0,0,0,0,0,0,0,0,0,0,0,23,0,0,0,2,644,0,0,0,308,36,591,486,18,151,0
123,0,0,0,0,0,418,0,264,0,0,0,0,0,0,0,31,0,0,0,0,0,0,0,42,0,0,0,0,0,2,0,3,0,0,0,12,0,5,0,0,0,0,0,0,0,0,0,0,0,0,0,31,0,76,12,49,0,153,0,0,0,27,0,0,0,0,1,0,0,4,0,0,0,9,0,0,0,0,0,0,0,0,0,0,0,0,0,0,0,0,0,0,0,0,0,0,0,0,0,0,0,0,0,0,0,0,0,0,0,0,0,0,0,0,0,0,0,0,0,0,0,0,0,0,0,0,0,0,0,0,0,0,0,0,0,0,0,55,0,48,0,0,0,169,0,0,0,0,0,0,0,0,0,83,0,79,0,32,0,0,0,8,0,0,0,0,0,0,0,68,0,105,0,0,0,76,0,0,0,0,0,32,0,0,0,0,0,0,0,0,0,0,0,0,0,0,0,0,0,0,0,0,0,0,0,0,0,0,0,45,25,38,23,0,0,0,0,0,0,0,0,0,0,0
3,135,0,0,0,0,0,238,0,390,0,2,0,0,0,0,1,0,0,0,0,0,0,1,17,13,0,0,0,0,1,0,0,2,0,0,0,17,0,5,0,0,0,0,0,5,0,0,0,4,0,3,0,114,0,168,0,87,0,164,0,0,0,50,0,0,0,151,0,0,0,0,0,0,0,0,0,0,0,0,0,0,0,0,0,0,0,0,0,0,0,0,0,0,0,0,0,0,0,0,0,0,0,0,0,0,0,0,0,0,0,0,0,0,0,0,0,0,0,0,0,0,0,0,0,0,0,0,0,0,0,0,0,0,0,0,0,0,0,28,0,39,0,14,0,52,0,0,0,0,0,0,0,0,0,14,0,115,0,33,0,0,0,0,0,0,0,0,0,0,0,11,0,32,0,0,0,59,0,0,0,0,0,61,0,85,0,0,0,0,0,0,0,0,0,0,0,0,0,0,0,0,0,0,0,0,0,0,0,0,0,0,0,0,1,0,0,0,3,57,0,0,0,0,0
89,5,0,0,0,0,499,39,367,61,0,0,0,0,14,0,388,0,61,0,365,0,33,0,182,0,106,0,85,0,60,0,43,0,23,0,32,0,64,0,0,0,22,0,169,0,0,0,11,0,0,0,86,1,91,77,19,0,24,0,27,0,0,0,0,0,5,3,0,0,70,0,0,0,102,0,0,0,0,0,0,0,0,0,125,0,0,0,0,0,7,0,0,0,0,0,0,0,0,0,0,0,0,0,0,0,0,0,0,0,0,0,0,0,0,0,0,0,0,0,72,0,40,0,0,0,0,0,0,0,0,0,0,0,17,0,65,0,63,0,224,0,170,0,46,0,0,0,0,0,0,0,0,0,109,0,22,0,52,0,8,0,0,0,0,0,6,0,0,0,0,0,22,0,0,0,71,14,0,0,0,0,28,0,10,0,0,0,0,0,0,0,0,0,0,0,0,0,0,0,0,0,0,0,0,0,0,0,0,0,49,17,24,18,0,0,0,0,0,0,4,0,0,0,0
10,73,0,6,0,0,0,292,11,307,0,0,0,0,0,14,4,140,1,0,0,278,0,40,74,53,0,179,0,68,0,36,0,47,0,58,0,52,0,56,0,0,0,60,0,79,0,0,0,0,0,0,2,54,3,200,0,37,0,30,0,50,0,0,0,0,0,24,0,0,0,0,0,0,0,0,0,0,0,0,0,0,0,0,0,9,0,0,0,0,0,0,0,0,0,0,0,0,0,20,0,0,0,0,0,0,0,0,0,0,0,0,0,0,0,0,0,0,0,0,0,0,0,0,0,0,0,3,0,0,0,4,0,0,0,28,0,21,0,121,0,72,0,64,0,11,0,0,0,0,0,0,0,0,0,63,0,25,0,74,0,6,0,0,0,0,0,0,0,0,0,0,0,1,0,0,0,74,0,0,0,0,0,42,0,8,0,0,0,0,0,0,0,0,0,0,0,0,0,0,0,0,0,0,0,0,0,0,0,0,0,0,6,0,1,0,0,0,0,13,0,1,0,0,0
14,0,38,0,47,0,69,0,100,1,7,0,0,0,22,0,0,0,0,0,0,0,0,0,0,0,0,0,0,0,0,0,0,0,0,0,12,0,0,0,0,0,0,0,0,0,13,0,0,0,0,0,1,0,5,0,52,0,183,8,0,0,0,0,0,14,290,7,0,0,8,0,0,0,0,0,0,0,0,0,0,0,0,0,0,0,0,0,0,0,0,0,0,0,0,0,0,0,0,0,0,0,0,0,0,0,0,0,0,0,0,0,0,0,0,0,0,0,0,0,0,0,0,0,5,0,5,0,0,0,31,0,0,0,0,0,0,0,63,0,0,0,0,0,60,7,14,0,26,3,11,0,0,0,11,3,4,0,34,2,305,19,0,0,0,0,0,0,6,0,14,0,0,0,25,0,0,0,0,0,165,48,0,0,179,1,0,0,0,0,0,0,0,0,0,0,0,0,4,0,0,0,0,0,0,0,0,0,7,0,113,0,85,0,144,0,0,0,7,0,26,14,0,0,0
0,76,0,0,0,22,1,2,4,192,0,11,0,0,0,0,0,0,0,0,0,0,2,0,0,0,0,27,0,0,0,0,0,0,0,0,0,0,0,0,0,0,0,0,0,0,0,0,0,0,0,0,0,0,0,0,14,2,6,125,0,0,0,0,14,0,14,323,0,0,0,0,0,0,0,10,0,0,0,0,0,0,0,0,0,0,0,0,0,0,0,0,0,0,0,0,0,0,0,0,0,0,0,0,0,0,0,0,0,0,0,0,0,0,0,0,0,0,0,0,0,0,0,0,0,14,0,17,0,0,12,24,0,2,0,15,0,6,11,24,0,0,0,0,3,131,0,42,6,181,0,28,0,5,2,21,0,0,16,16,45,49,0,45,0,0,0,0,0,4,1,0,0,0,0,30,0,1,0,0,37,158,1,0,0,52,0,0,0,0,0,0,0,0,0,0,0,0,0,0,0,0,0,0,0,0,0,3,0,57,5,0,0,0,444,0,0,0,237,0,195,0,4,11,0
22,0,9,0,0,0,85,0,82,12,3,0,0,0,0,0,0,0,0,0,0,0,0,0,0,0,0,0,0,0,0,0,0,0,0,0,0,0,0,0,0,0,0,0,0,0,0,0,0,0,5,0,16,0,28,13,119,2,118,51,0,0,5,0,290,14,0,236,0,0,0,0,0,0,0,0,0,0,0,0,0,0,0,0,0,0,0,0,0,0,0,0,0,0,0,0,0,0,0,0,0,0,0,0,0,0,0,0,0,0,0,0,0,0,0,0,0,0,0,0,0,0,0,0,6,0,6,0,0,0,29,0,0,0,0,0,0,0,16,0,0,0,0,0,0,0,0,0,26,0,0,0,0,0,86,0,138,0,8,0,37,5,0,0,0,0,0,0,11,0,70,0,0,0,11,0,86,0,0,0,50,11,0,0,312,12,0,0,0,0,0,0,0,0,0,0,0,0,0,0,0,0,0,0,0,0,0,0,0,0,376,63,185,294,290,0,0,0,9,0,9,0,0,0,0
0,24,0,0,0,4,0,6,85,222,0,0,0,0,0,0,1,0,0,4,0,0,0,0,3,1,0,5,0,0,0,0,0,0,0,0,0,0,0,0,0,0,0,0,0,0,0,0,0,0,0,0,20,23,62,45,101,57,140,357,1,151,3,24,7,323,236,0,0,0,0,0,0,0,0,0,0,0,0,0,0,0,0,0,0,0,0,0,0,0,0,0,0,0,0,0,0,0,0,0,0,0,0,0,0,0,0,0,0,0,0,0,0,0,0,0,0,0,0,0,0,0,0,0,0,11,0,0,0,0,0,66,0,0,0,0,0,0,0,2,0,0,0,0,0,20,0,0,0,108,0,9,0,5,3,93,0,112,3,33,13,125,0,0,0,0,0,0,0,0,13,45,0,0,0,26,24,0,0,0,0,12,0,0,23,177,0,0,0,0,0,0,0,0,0,0,0,0,0,0,0,5,0,0,0,0,0,0,0,25,16,6,17,12,543,0,0,0,299,39,263,385,9,81,0
0,0,0,0,0,0,0,0,0,0,0,0,0,0,0,0,0,0,0,0,0,0,0,0,0,0,0,0,0,0,0,0,0,0,0,0,0,0,0,0,0,0,2,0,0,0,1,0,14,0,9,0,0,0,0,0,0,0,3,0,0,0,0,0,0,0,0,0,0,0,0,0,31,0,0,0,151,0,106,0,9,0,63,0,0,0,24,0,9,0,0,0,33,0,47,0,0,0,0,0,11,0,202,0,0,0,51,0,56,0,25,0,0,0,0,0,2,0,0,0,0,0,0,0,0,0,0,0,0,0,0,0,0,0,0,0,0,0,0,0,0,0,0,0,0,0,0,0,0,0,0,0,0,0,0,0,0,0,0,0,0,0,0,0,23,0,0,0,94,0,1,0,0,0,0,0,0,0,0,0,0,0,0,0,0,0,0,0,76,0,31,0,95,0,55,0,0,0,0,0,0,0,64,0,90,0,0,0,0,0,133,0,120,0,14,89,62,0,2,0,0,0,0,0,0
0,0,0,0,0,0,0,0,0,0,0,0,0,0,0,0,0,0,0,0,0,0,0,0,0,0,0,0,0,0,0,0,0,0,0,0,0,0,0,0,0,0,0,0,0,30,0,0,0,15,0,0,0,0,0,0,0,2,0,0,0,0,0,0,0,0,0,0,0,0,0,0,0,12,0,0,0,66,0,0,0,0,0,58,0,0,0,16,0,17,0,0,0,65,0,29,0,0,0,0,0,0,0,102,0,0,0,0,0,19,0,6,0,4,0,1,0,6,0,0,0,0,0,0,0,0,0,0,0,0,0,0,0,0,0,0,0,0,0,0,0,0,0,0,0,0,0,0,0,0,0,0,0,0,0,0,0,0,0,0,0,0,0,0,0,55,0,0,0,117,0,1,0,0,0,0,0,0,0,0,0,0,0,0,0,0,0,0,0,0,0,0,0,0,0,12,0,0,0,0,0,0,0,0,0,0,0,0,0,0,0,0,0,0,20,0,0,0,0,34,121,0,29,94,3
0,0,0,0,0,0,0,0,0,0,0,0,0,0,0,0,34,0,0,0,189,0,0,0,0,0,58,0,20,0,20,0,18,0,33,0,166,0,36,0,0,0,39,0,74,0,0,0,7,0,49,0,0,0,0,0,0,0,0,0,4,0,70,0,8,0,0,0,0,0,0,0,176,0,65,0,0,0,112,0,0,0,0,0,8,0,0,0,0,0,0,0,0,0,0,0,0,0,0,3,0,0,0,0,0,0,0,0,0,0,0,0,0,0,0,0,0,0,0,0,6,0,20,0,0,0,0,0,0,0,0,23,0,0,66,5,13,0,0,0,98,0,53,0,119,0,0,0,61,0,0,3,0,0,0,0,8,0,0,0,0,7,87,12,0,0,30,0,28,0,42,0,29,0,66,0,0,0,0,0,109,33,0,0,0,0,0,0,0,0,0,0,0,0,0,0,0,0,21,0,0,0,0,0,0,0,40,0,92,0,27,2,64,0,0,0,0,0,0,0,0,0,0,0,0
0,10,0,0,0,0,0,0,0,0,0,0,0,0,0,1,0,0,0,0,0,15,0,3,0,0,0,0,0,0,0,0,0,0,0,0,0,23,0,0,0,0,0,37,0,67,0,0,0,16,0,24,0,0,0,0,0,0,0,0,0,0,0,0,0,0,0,0,0,0,0,0,0,98,0,95,0,0,0,2,0,2,0,0,0,0,0,14,0,0,4,0,0,0,0,0,6,0,0,0,3,0,0,0,0,0,0,0,0,0,0,0,0,0,0,0,0,0,0,0,0,10,0,11,0,24,0,0,0,23,0,0,0,0,0,0,0,0,0,0,0,16,0,25,0,133,0,114,0,0,0,164,16,0,0,0,0,5,2,0,0,0,0,61,0,0,0,15,0,5,0,23,0,10,0,28,0,0,0,0,0,87,0,0,0,0,0,0,0,0,0,0,0,0,0,0,0,0,0,0,0,0,0,0,0,0,0,0,0,137,0,0,0,0,0,0,0,0,15,0,26,0,0,0,0
0,0,0,0,0,0,0,0,0,0,0,0,0,0,0,0,0,0,0,0,0,0,0,0,0,0,0,0,0,0,0,0,0,0,7,0,47,0,0,0,0,0,8,0,0,0,0,0,1,0,0,0,4,0,0,0,0,0,2,0,0,0,0,0,0,0,0,0,31,0,176,0,0,13,136,0,100,0,278,0,0,0,18,0,17,0,0,0,0,0,0,0,0,0,0,0,9,0,0,0,0,0,0,0,0,0,0,0,0,0,0,0,0,0,0,0,0,0,0,0,101,0,22,0,58,0,34,0,5,0,21,12,32,0,172,6,32,0,0,0,84,0,73,0,56,2,36,10,32,0,82,0,23,0,0,0,0,0,0,0,0,0,92,10,0,0,0,0,25,0,29,0,0,0,58,0,0,1,0,0,120,14,0,0,0,0,0,0,0,0,0,0,0,0,0,0,0,0,0,0,78,3,70,0,0,0,79,0,0,0,272,4,20,0,8,0,3,0,5,0,19,6,0,0,0
0,5,0,0,0,0,0,0,0,0,0,0,0,0,0,0,0,0,0,0,0,0,0,0,0,0,0,0,0,0,0,0,0,0,0,0,0,0,0,0,0,0,0,0,0,0,0,0,0,0,0,0,0,0,0,0,0,0,0,0,0,0,0,0,0,0,0,0,0,12,0,98,13,0,0,516,0,225,0,94,0,16,0,37,0,0,0,98,0,0,0,0,0,9,0,0,19,0,20,0,6,0,0,0,0,0,0,0,0,0,0,0,0,0,0,0,0,1,0,0,0,31,0,25,41,49,16,0,0,38,0,61,0,0,0,0,0,32,0,0,31,8,0,0,0,129,38,197,16,0,0,245,0,0,0,0,0,0,0,0,0,0,0,80,0,0,0,0,0,9,0,11,0,0,0,23,0,0,0,0,27,116,0,0,0,0,0,0,0,0,0,0,0,0,0,0,0,0,0,140,0,95,0,0,0,0,0,0,0,251,7,0,0,0,18,0,0,0,151,6,19,7,0,0,0
0,0,0,0,0,0,0,0,0,0,0,0,0,0,0,0,53,0,0,0,141,0,0,0,3,0,0,0,21,0,0,0,9,0,29,0,108,0,27,0,0,0,28,0,65,0,0,0,0,0,33,0,13,0,0,0,0,0,0,0,9,0,102,0,0,0,0,0,0,0,65,0,136,0,0,0,17,2,188,0,14,0,9,0,92,0,25,0,0,0,0,0,0,0,9,0,0,0,0,0,0,0,0,0,0,0,0,0,0,0,0,0,0,0,0,0,0,0,0,0,66,0,67,0,36,0,0,0,0,0,0,0,0,0,65,5,18,0,2,0,90,7,113,0,67,0,33,0,34,0,48,0,0,0,0,0,0,0,0,0,0,5,53,11,0,0,0,0,12,0,26,0,24,0,94,0,0,0,0,0,101,24,0,0,0,0,0,0,0,0,0,0,0,0,0,0,0,0,36,0,30,2,0,0,0,0,31,0,58,1,73,1,49,0,14,1,0,0,5,0,0,0,0,0,0
0,0,0,0,0,0,0,0,0,0,0,0,0,0,0,0,0,0,0,0,0,23,0,0,0,1,0,0,0,0,0,0,0,0,0,0,0,46,0,0,0,0,0,40,0,125,0,13,0,0,0,31,0,0,0,0,0,0,0,0,0,0,0,0,0,10,0,0,0,0,0,95,0,516,0,0,0,64,0,34,0,4,0,0,0,71,0,159,0,0,0,0,0,1,0,0,8,0,16,0,0,0,0,0,0,0,5,0,0,0,0,0,0,0,0,0,0,0,0,0,0,111,0,48,0,17,0,73,0,16,10,0,0,0,0,152,7,56,0,8,0,80,0,87,0,211,39,118,23,0,0,0,0,0,0,0,0,0,0,0,0,0,0,86,0,0,0,0,0,11,0,33,0,0,0,0,0,3,0,0,0,112,0,0,0,14,0,0,0,0,0,0,0,0,0,0,0,0,0,99,0,27,0,0,0,0,0,0,9,302,0,0,0,0,9,0,1,0,41,2,29,0,0,0,0
0,0,0,0,0,0,0,0,0,0,0,0,0,0,0,0,0,0,0,0,0,0,0,0,0,0,0,0,0,0,0,0,0,0,0,0,0,0,0,0,0,0,0,0,0,0,0,0,0,0,0,0,0,0,0,0,2,0,0,0,0,0,0,0,0,0,0,0,151,0,0,0,100,0,17,0,0,0,78,0,0,0,32,0,0,0,26,0,0,0,0,0,7,0,14,0,0,0,0,0,0,0,53,0,0,0,0,0,14,0,0,0,0,0,1,0,6,0,0,0,0,0,0,0,0,0,0,2,0,0,0,0,0,0,0,0,0,0,0,0,0,0,0,0,0,0,0,0,0,0,0,0,0,0,0,0,0,0,0,0,0,0,3,0,24,0,0,0,44,0,0,0,0,0,0,0,0,0,0,0,0,0,0,0,1,0,0,0,67,0,0,0,0,0,43,1,0,0,0,0,54,0,68,0,0,0,0,0,0,0,45,7,37,0,0,10,4,0,0,0,0,0,0,0,0
0,0,0,0,0,0,0,0,0,0,0,0,0,0,0,0,0,0,0,0,0,0,0,0,0,0,0,0,0,0,0,0,0,0,0,0,0,0,0,0,0,0,0,0,0,20,0,0,0,5,0,0,0,0,0,0,0,0,0,0,0,0,0,0,0,0,0,0,0,66,0,0,0,225,2,64,0,0,0,49,0,44,0,90,0,28,0,198,0,1,0,0,0,38,0,20,0,0,0,0,0,0,0,67,0,0,0,5,0,7,0,0,0,0,0,5,0,10,0,0,0,19,0,6,0,0,0,0,0,0,0,0,0,0,0,0,0,0,0,0,0,0,0,0,0,0,0,0,0,0,0,0,0,0,0,0,0,0,0,0,0,0,0,13,0,24,0,0,0,63,0,0,0,0,0,0,0,0,0,0,0,0,0,0,0,0,0,0,0,0,0,0,0,0,0,0,0,0,0,0,0,0,0,0,0,0,0,0,0,0,0,0,0,0,23,0,0,0,104,0,110,0,8,5,0
0,0,0,0,0,0,0,0,0,0,0,0,0,0,0,0,0,0,0,0,0,0,0,0,0,0,0,0,0,0,0,0,0,0,0,0,0,0,25,0,0,0,0,0,0,0,0,0,7,0,0,0,0,0,0,0,0,0,0,0,0,0,0,0,0,0,0,0,106,0,112,0,278,0,188,0,78,0,0,0,28,0,65,0,85,0,50,0,0,0,0,0,17,0,8,0,34,0,17,0,0,0,39,0,0,0,3,0,16,0,0,0,0,0,6,0,2,0,0,0,316,0,40,0,0,0,0,0,0,0,0,14,0,0,226,0,0,0,0,1,86,0,118,0,45,0,0,6,0,11,0,0,0,0,0,0,0,0,0,0,0,0,0,0,20,0,0,0,90,0,0,0,0,0,0,0,0,0,0,0,99,0,0,0,0,0,0,0,0,0,0,0,144,0,0,0,0,0,0,0,174,0,0,0,114,0,0,0,0,0,320,0,68,0,30,9,7,0,0,0,17,0,0,0,0
