0,130,48,44,32,0,17,78,62,40,72,1,63,0,0,25,24,32,4,0,0,0,9,90,0,167,0,0,47,0,0,0,26,0,0,0,25,0,310,10,0,0,0,0,0,0,0,0,19,0,0,0,2,0,5,7,0,0,7,0,114,0,92,0,12,0,11,0,0,0,0,0,0,0,0,0,0,0,0,0,0,0,0,0,0,0,0,0,0,0,0,0,0,0,0,0,0,0,0,0,0,0,0,0,0,0,0,0,0,0,0,0,0,0,0,0,0,0,0,0,0,0,0,0,5,0,4,0,1,0,33,0,0,0,9,0,0,0,0,0,0,0,0,0,0,0,14,0,51,0,26,0,11,0,0,0,0,0,0,0,13,0,0,0,0,0,6,0,24,0,0,0,150,0,0,0,409,71,13,0,0,0,11,0,30,0,7,0,0,0,0,0,0,0,0,0,0,0,0,0,0,0,0,0,0,0,0,0,7,0,478,113,144,135,159,0,13,8,0,0,0,0,0,0,0
130,0,101,25,0,149,0,36,8,34,25,224,0,128,13,30,104,29,0,91,9,0,150,16,81,19,0,107,0,75,0,0,9,85,0,0,0,162,0,374,0,0,0,0,0,0,0,56,0,9,0,0,0,20,0,9,0,0,1,24,0,224,0,40,0,62,0,16,0,0,0,0,0,0,0,0,0,0,0,0,0,0,0,4,0,0,0,0,0,0,0,0,0,0,0,0,0,0,0,0,0,0,0,0,1,0,0,0,0,0,0,0,0,0,0,0,0,0,0,0,0,0,0,0,0,17,0,0,0,0,0,14,0,16,0,43,0,34,0,4,0,0,0,9,0,0,0,27,0,55,0,53,0,47,0,10,0,0,0,0,0,4,0,0,0,0,0,0,0,37,0,36,0,170,0,9,95,375,0,7,0,37,9,0,0,62,0,2,0,0,0,1,0,0,0,0,0,0,0,6,0,0,0,0,0,0,0,0,0,38,0,1,0,0,235,0,0,0,706,102,308,109,12,0,0
48,101,0,39,140,0,48,0,10,0,108,0,140,0,205,33,35,28,34,0,78,0,170,60,54,122,64,0,128,0,45,0,135,0,0,0,28,0,358,0,15,0,0,0,20,0,25,0,35,0,0,0,22,1,52,0,6,2,16,0,72,28,121,17,0,0,3,0,0,0,0,0,0,0,0,1,0,0,0,0,0,0,0,0,0,0,0,0,0,0,0,0,0,0,0,0,0,0,0,0,0,0,0,0,0,0,0,0,0,0,0,0,0,0,0,0,0,0,0,0,0,0,0,0,7,0,2,0,8,0,19,0,0,0,27,0,23,0,3,0,0,0,0,0,0,0,7,0,20,0,0,0,0,0,0,0,0,0,0,0,2,0,7,0,0,0,95,0,80,0,67,0,307,0,0,0,135,56,0,0,0,0,8,0,1,0,0,0,0,0,0,0,0,0,0,0,0,0,0,0,0,0,0,0,0,0,0,0,22,0,636,76,380,245,321,0,29,12,0,0,0,0,0,0,0
44,25,39,0,0,121,1,57,0,4,0,21,0,6,17,143,37,21,0,126,0,59,0,39,0,120,0,0,0,136,0,45,0,224,0,13,0,83,4,298,0,0,0,0,0,0,0,10,0,0,0,0,0,0,0,61,0,0,0,0,0,0,0,4,0,0,0,0,0,0,0,0,0,0,0,0,0,0,0,0,0,0,0,0,0,0,0,0,0,5,0,0,0,0,0,0,0,0,0,0,0,0,0,0,0,0,0,0,0,0,0,0,0,0,0,0,0,0,0,0,0,0,0,0,0,0,0,0,0,0,0,0,0,11,0,122,0,67,0,18,0,0,0,0,0,0,0,0,0,7,0,0,0,0,0,8,0,0,0,0,0,0,0,0,0,0,0,36,0,0,0,0,1,83,0,0,32,94,0,2,0,0,0,0,0,0,0,0,0,0,0,0,0,0,0,0,0,0,0,16,0,0,0,0,0,0,0,0,0,36,0,0,0,0,139,0,0,0,323,43,239,113,0,0,0
32,0,140,0,0,77,9,0,0,0,68,0,432,0,316,126,29,7,86,128,110,36,114,66,21,0,135,0,39,0,225,0,315,0,90,0,261,0,103,0,74,0,0,0,42,0,72,0,23,0,46,0,0,0,14,0,0,0,0,0,0,0,5,0,7,0,0,0,0,0,17,0,0,0,0,0,0,0,0,0,0,0,0,0,0,0,0,0,0,0,0,0,0,0,0,0,0,0,0,0,0,0,0,0,0,0,0,0,0,0,0,0,0,0,0,0,0,0,0,0,0,0,0,0,14,0,4,0,0,0,19,0,4,0,60,0,0,0,0,0,0,0,0,0,0,0,0,0,84,0,65,0,0,0,0,0,0,0,0,0,5,0,0,0,29,0,237,0,221,1,62,0,216,0,0,0,295,137,89,0,48,0,30,0,34,0,18,0,0,0,0,0,0,0,0,0,0,0,0,0,0,0,0,0,0,0,0,0,44,0,642,212,566,118,283,0,0,0,0,0,0,0,0,0,0
0,149,0,121,77,0,0,79,0,14,48,206,22,186,234,205,0,0,44,383,93,146,39,61,0,20,0,285,0,59,0,184,7,298,0,176,0,380,2,0,0,11,0,40,0,25,0,110,0,16,0,84,0,0,0,21,0,0,0,0,0,0,0,6,0,21,0,0,0,0,0,0,0,0,0,0,0,0,0,0,0,0,0,0,0,0,0,0,0,0,0,0,0,0,0,0,0,0,0,0,0,0,0,0,0,0,0,0,0,0,0,0,0,0,0,0,0,0,0,0,0,0,0,0,0,0,0,9,0,0,0,0,0,9,0,92,0,40,0,0,0,0,0,0,0,0,0,0,0,0,0,0,0,17,0,0,0,0,0,0,0,0,0,3,0,36,0,182,0,59,0,0,0,85,0,0,114,416,10,24,0,0,0,0,0,29,0,0,0,0,0,0,0,0,0,0,0,0,0,0,0,0,0,0,0,0,0,0,0,58,8,0,0,0,233,0,0,0,600,179,475,200,6,0,0
17,0,48,1,9,0,0,57,98,288,4,0,11,0,6,0,5,10,0,0,0,0,15,0,17,114,0,0,5,0,0,0,0,0,0,0,0,0,0,0,0,0,0,0,0,0,0,0,62,0,0,0,35,40,41,116,2,0,33,18,211,0,219,36,5,0,12,0,0,0,0,0,0,0,0,0,0,0,0,0,0,0,0,0,0,1,0,0,0,0,0,0,0,0,0,0,0,0,0,0,0,0,0,0,0,0,0,0,0,0,0,0,0,0,0,0,0,0,0,0,0,0,0,0,0,0,1,0,4,0,21,0,2,0,0,7,0,0,2,0,0,0,0,0,0,0,5,0,9,0,6,0,0,0,2,0,0,0,0,0,11,0,8,0,0,0,13,0,34,1,137,0,156,0,0,0,183,55,0,0,0,0,0,0,0,0,0,0,0,0,0,0,0,0,0,0,0,0,0,0,12,0,0,0,0,0,0,0,5,0,954,67,275,415,590,0,138,8,0,9,0,0,0,0,0
78,36,0,57,0,79,57,0,61,31,0,32,0,10,0,71,41,69,0,32,0,0,29,8,181,290,0,10,0,181,0,0,0,22,0,0,0,30,0,354,0,0,0,0,0,0,0,10,0,5,0,0,0,32,0,78,0,9,0,47,0,354,16,195,0,8,0,7,0,3,0,0,0,0,0,0,0,0,0,0,0,0,0,0,0,0,0,0,0,0,0,0,0,0,0,0,0,0,0,0,0,0,0,0,0,0,0,0,0,0,0,0,0,0,0,0,0,0,0,0,0,0,0,0,0,22,0,15,0,7,0,9,0,26,0,16,0,54,0,8,0,0,0,17,0,0,0,2,1,13,0,0,0,0,0,5,0,0,0,0,0,4,0,0,0,8,0,0,0,59,0,90,0,181,0,0,104,101,0,0,0,0,16,1,0,0,0,0,0,0,0,0,0,0,0,0,0,0,0,0,0,4,0,0,0,0,0,0,0,8,0,0,0,0,464,0,0,0,734,31,540,300,67,87,0
62,8,10,0,0,0,98,61,0,211,24,0,57,0,0,0,0,7,0,0,0,0,0,0,3,92,19,0,0,0,0,0,0,0,0,0,0,0,13,0,9,0,0,0,11,0,0,0,12,0,0,0,28,44,29,164,6,0,145,64,138,0,110,29,100,0,157,50,0,0,0,0,0,0,0,0,0,0,0,0,0,0,0,0,0,0,0,3,0,0,0,0,0,0,1,0,0,0,0,0,0,0,0,0,2,0,0,0,0,0,0,0,0,0,0,0,0,0,8,0,0,0,0,0,4,0,0,0,0,0,61,0,5,0,8,0,0,0,0,0,0,0,0,0,0,0,40,0,112,0,59,0,54,0,0,0,0,0,0,0,66,0,1,0,4,0,8,0,0,0,46,0,44,0,0,0,566,59,9,0,0,0,6,0,92,11,2,0,0,0,0,0,0,0,0,0,2,0,0,0,0,0,0,0,0,0,0,0,0,0,342,94,84,0,173,0,0,0,0,2,0,0,0,0,1
40,34,0,4,0,14,288,31,211,0,0,34,0,17,0,6,29,0,0,12,0,0,0,0,214,35,0,14,0,0,0,0,0,0,0,0,0,0,0,19,0,0,0,0,0,0,0,0,0,4,0,1,53,169,122,72,3,23,23,66,0,231,84,332,1,128,7,205,0,0,0,0,0,0,0,2,0,0,0,0,0,0,0,0,0,0,0,0,0,0,0,0,0,0,0,0,0,0,0,0,0,0,0,0,0,0,0,0,0,0,0,0,0,0,0,0,0,0,0,0,0,0,0,0,0,49,0,24,0,12,0,56,0,34,0,23,0,36,0,0,0,0,0,0,0,0,0,20,0,87,0,21,0,13,0,0,0,13,0,0,0,21,0,0,0,9,0,0,0,28,0,64,0,67,0,0,170,306,0,0,0,0,2,19,0,47,0,0,0,0,0,0,0,0,0,0,0,0,0,0,0,0,0,0,0,0,0,0,0,40,0,0,4,4,445,0,0,0,869,96,238,303,87,81,0
72,25,108,0,68,48,4,0,24,0,0,0,266,0,38,79,10,5,18,0,26,21,10,64,0,11,0,0,12,0,0,0,161,0,0,0,103,0,53,0,31,0,0,0,14,0,42,0,6,0,0,0,1,0,0,0,0,0,0,0,3,0,2,0,0,0,0,0,0,0,0,0,0,0,0,0,0,0,0,0,0,0,0,0,0,0,0,0,0,0,0,0,0,0,0,0,0,0,0,0,0,0,0,0,3,0,0,0,0,0,0,0,0,0,0,0,0,0,0,0,0,0,0,0,4,0,0,0,0,0,0,0,0,0,8,0,0,0,0,0,0,0,4,0,0,0,0,0,16,0,44,0,37,0,0,0,0,0,0,0,0,0,0,0,12,0,82,0,0,0,0,0,82,0,9,0,495,154,169,0,63,0,30,0,34,0,35,0,0,0,0,0,0,0,0,0,0,0,0,0,0,0,0,0,0,0,0,0,7,0,446,148,321,99,150,0,3,0,0,0,0,1,0,0,0
1,224,0,21,0,206,0,32,0,34,0,0,0,342,187,44,0,12,0,96,58,94,29,53,2,0,0,176,2,37,9,97,0,299,0,143,4,248,0,74,0,52,0,18,0,24,0,184,0,39,0,25,0,0,0,5,0,0,0,0,0,0,0,0,0,37,0,0,0,0,0,0,0,0,0,0,0,0,0,0,0,0,0,0,0,0,0,0,0,0,0,0,0,0,0,0,0,0,0,0,0,0,0,0,0,0,0,0,0,0,0,3,0,0,0,0,0,0,0,0,0,19,0,0,0,0,0,0,0,0,0,0,0,5,0,0,0,18,0,0,0,0,0,0,0,0,0,0,0,9,0,66,0,50,0,0,0,0,0,0,0,0,0,0,0,16,0,50,0,0,0,26,0,42,0,0,87,472,0,98,0,72,0,18,0,75,0,5,0,0,0,0,0,0,0,0,0,0,0,0,0,0,0,0,0,0,0,0,0,27,0,0,0,0,129,0,0,0,490,154,260,102,9,0,0
63,0,140,0,432,22,11,0,57,0,266,0,0,126,71,36,0,0,112,235,93,35,93,0,0,0,232,344,0,0,0,0,0,0,188,0,55,0,0,0,190,20,68,38,127,0,222,80,21,0,270,0,0,0,8,0,0,0,0,0,0,0,0,0,0,0,0,0,0,0,0,0,0,0,0,0,0,0,0,0,0,0,0,0,0,0,0,0,0,0,0,0,0,0,0,0,0,0,61,0,0,0,0,0,0,0,0,0,0,0,0,0,0,0,0,0,0,0,0,0,0,0,0,0,0,0,0,0,0,0,9,0,0,0,44,0,0,0,0,0,0,0,0,0,0,0,0,0,67,0,148,0,71,0,0,0,0,0,0,0,0,0,0,0,74,0,44,0,144,0,0,0,9,0,0,0,229,95,170,0,180,0,109,0,60,0,265,11,0,0,0,0,0,0,0,0,0,0,0,0,0,0,0,0,0,0,0,0,36,0,290,312,466,88,77,0,1,1,6,0,0,0,0,0,0
0,128,0,6,0,186,0,10,0,17,0,342,126,0,34,7,0,0,193,121,99,200,0,0,0,0,186,146,0,0,4,12,0,0,76,309,5,145,0,0,19,126,0,259,0,55,0,161,0,63,23,193,0,0,0,4,0,0,0,0,0,0,0,0,0,8,0,0,0,0,1,0,0,0,0,0,0,0,0,0,0,0,0,0,0,0,0,0,0,0,0,0,0,1,0,0,0,0,0,0,0,0,0,0,0,0,0,0,0,0,0,0,0,0,0,0,0,0,0,0,0,0,0,0,0,0,0,0,0,0,0,0,0,0,0,0,0,10,0,0,0,0,0,0,0,0,0,0,0,14,0,0,0,0,0,0,0,0,0,0,0,4,1,6,0,30,0,45,0,0,0,0,0,22,0,0,45,469,7,79,0,132,0,34,0,61,31,89,0,0,0,0,0,0,0,0,0,0,0,0,0,0,0,0,0,0,0,0,0,0,0,0,0,0,72,0,0,0,175,236,359,109,0,0,0
0,13,205,17,316,234,6,0,0,0,38,187,71,34,0,282,40,0,357,104,191,80,266,25,61,0,297,0,0,0,184,6,89,16,83,0,71,0,0,6,0,0,0,0,16,0,22,0,0,0,19,0,0,0,28,0,0,0,0,0,0,0,4,2,0,0,0,0,0,0,5,0,0,0,0,0,0,0,0,0,0,0,0,0,0,0,0,0,0,0,0,0,0,0,0,0,0,0,33,0,3,0,0,0,0,0,0,0,0,0,0,0,0,0,0,0,0,0,0,0,0,0,0,0,0,0,0,0,0,0,5,0,0,0,73,0,0,0,0,0,0,0,0,0,0,0,18,0,41,0,0,0,27,0,0,0,0,0,0,0,0,0,0,0,6,0,55,0,0,0,0,0,28,0,4,0,418,213,58,0,21,0,4,0,12,0,0,0,0,0,0,0,0,0,0,0,1,0,0,0,0,0,0,0,0,0,0,0,56,0,80,84,68,0,19,0,0,0,0,0,0,0,0,0,0
25,30,33,143,126,205,0,71,0,6,79,44,36,7,282,0,23,18,38,460,115,168,64,112,0,70,0,100,7,34,13,67,16,168,0,45,0,102,3,54,0,0,0,25,0,22,0,0,0,15,0,0,0,5,0,117,0,52,0,0,0,0,0,7,0,5,0,0,0,0,1,0,0,0,0,0,0,0,0,0,0,0,0,0,0,222,0,0,0,0,0,0,0,0,0,0,0,0,0,0,0,61,0,0,0,0,0,0,0,0,0,0,0,0,0,0,0,0,0,0,0,0,0,0,0,4,0,0,0,0,0,0,0,0,0,301,0,111,0,0,0,89,0,0,0,0,0,0,0,6,0,21,0,0,0,22,0,2,0,8,0,0,0,0,0,0,0,38,0,0,0,7,0,23,0,0,103,291,4,27,0,0,0,1,0,11,0,0,0,0,0,0,0,0,0,0,0,0,0,0,0,0,0,1,0,0,0,0,0,52,0,0,0,0,38,0,0,0,127,134,111,23,10,0,0
24,104,35,37,29,0,5,41,0,29,10,0,0,0,40,23,0,15,33,0,228,0,55,76,67,77,165,1,177,0,96,0,50,0,77,0,17,1,71,6,12,0,16,0,52,0,13,0,9,0,31,0,128,0,37,0,0,0,0,0,17,14,262,4,0,0,0,0,0,0,9,0,0,0,13,0,0,0,0,0,104,0,0,0,248,0,35,0,0,0,65,0,0,0,0,0,263,0,195,0,27,0,0,0,0,0,171,0,0,0,0,0,0,0,0,0,0,0,0,0,29,0,14,0,0,0,0,0,24,0,0,0,0,0,72,0,111,0,98,0,35,0,309,0,0,0,0,0,0,1,0,0,0,0,30,0,0,0,6,0,2,0,0,0,0,0,12,0,0,0,0,0,38,0,0,0,96,18,3,0,0,0,34,0,1,0,0,0,0,0,0,0,0,0,0,0,0,0,0,0,205,0,0,0,0,0,0,0,40,0,32,52,53,39,0,0,0,0,6,0,0,0,1,0,0
32,29,28,21,7,0,10,69,7,0,5,12,0,0,0,18,15,0,0,68,0,145,0,48,21,76,0,0,3,137,0,47,2,45,0,76,0,17,3,166,0,0,0,0,0,0,0,0,0,0,0,13,0,53,2,51,0,48,0,7,0,68,2,116,0,0,0,0,0,0,0,0,0,0,0,0,0,0,0,0,0,188,0,0,0,402,0,26,0,0,0,0,0,0,0,97,0,0,0,80,0,0,0,0,0,0,0,0,0,0,0,0,0,0,0,0,0,0,0,0,0,44,0,0,0,0,0,0,0,0,0,0,0,0,0,72,0,77,1,119,0,254,0,350,0,13,0,0,0,0,0,0,0,0,0,49,0,3,0,38,0,0,0,0,0,0,0,1,0,13,0,11,1,28,0,0,11,19,0,0,0,0,2,0,0,0,0,0,0,0,0,0,0,0,0,0,0,0,0,0,0,0,0,0,0,0,0,0,0,0,4,0,0,0,33,0,0,0,46,159,51,25,0,6,0
4,0,34,0,86,44,0,0,0,0,18,0,112,193,357,38,33,0,0,367,197,46,137,0,0,0,216,162,0,0,30,0,12,0,231,14,95,0,2,0,15,0,9,0,25,0,16,0,0,2,98,0,0,0,0,0,0,0,0,0,0,0,0,0,0,0,0,0,0,0,0,0,0,0,0,0,0,0,0,0,0,0,0,0,0,0,0,0,0,0,0,0,0,0,0,0,0,0,0,0,0,0,1,0,0,0,0,0,0,0,0,0,0,0,0,0,0,0,0,0,0,0,0,0,0,0,0,0,0,0,0,0,3,0,0,0,0,0,0,0,0,0,0,0,0,0,0,0,0,0,0,0,0,0,0,0,0,0,0,0,0,0,0,0,13,0,35,0,71,0,0,0,8,0,0,0,126,68,19,0,0,0,0,0,10,0,41,0,3,0,0,0,0,0,0,0,0,0,0,0,0,0,0,0,0,0,0,0,18,0,87,104,125,20,0,0,0,0,0,0,0,0,0,0,0
0,91,0,126,128,383,0,32,0,12,0,96,235,121,104,460,0,68,367,0,206,269,0,284,0,21,107,518,0,28,7,51,0,40,103,122,0,81,0,0,8,0,0,90,0,107,0,116,0,47,28,80,0,29,0,16,0,0,0,0,0,0,0,24,0,25,0,0,0,0,0,0,0,0,0,0,0,0,0,0,0,0,0,0,0,0,0,0,0,0,0,0,0,0,0,0,0,0,0,0,0,0,0,0,0,0,0,0,0,0,0,0,0,0,0,0,0,0,0,0,0,0,0,0,0,0,0,0,0,0,0,0,0,0,0,159,0,51,0,0,0,99,0,0,0,0,0,0,0,26,0,75,0,0,0,0,0,0,0,0,0,0,0,0,0,37,0,24,0,49,0,25,0,29,0,0,75,287,14,21,1,31,0,0,0,69,9,6,0,0,0,0,0,0,0,0,0,0,0,0,0,0,0,0,0,0,0,0,0,73,0,0,0,0,89,0,0,0,226,256,94,90,0,0,0
0,9,78,0,110,93,0,0,0,0,26,58,93,99,191,115,228,0,197,206,0,49,172,36,39,0,378,72,18,0,153,0,68,0,109,6,33,0,0,0,0,0,24,5,44,0,18,0,6,0,70,3,21,0,0,0,0,0,0,0,0,0,68,0,0,3,0,0,0,0,32,0,0,0,25,0,0,0,0,0,150,0,0,0,207,0,44,0,0,0,40,0,0,0,0,0,0,0,298,0,0,0,0,0,0,0,0,0,0,0,0,0,0,0,0,0,0,0,0,0,0,0,21,0,0,0,0,0,0,0,0,0,0,0,0,0,0,0,22,0,0,0,131,0,0,0,0,0,0,0,0,0,0,0,0,0,0,0,0,0,0,0,0,0,0,0,49,0,89,0,0,0,24,0,0,0,149,62,35,0,0,0,0,0,0,0,15,0,0,0,0,0,0,0,0,0,0,0,0,0,0,0,0,0,0,0,0,0,29,0,169,153,101,27,51,0,0,0,1,0,0,1,0,0,0
0,0,0,59,36,146,0,0,0,0,21,94,35,200,80,168,0,145,46,269,49,0,0,235,0,33,0,169,0,56,5,131,0,50,20,166,4,25,0,16,0,0,0,120,0,138,0,6,0,22,0,80,0,0,0,0,0,17,0,0,0,2,0,31,0,0,0,0,0,0,0,0,0,0,0,0,0,0,0,6,0,0,0,0,0,0,0,0,0,0,0,0,0,0,0,0,0,0,0,0,0,0,0,0,0,0,0,0,0,0,0,0,0,0,0,0,0,0,0,0,0,60,0,0,0,0,0,0,0,0,0,0,0,0,0,0,0,0,0,0,0,105,0,171,0,42,0,0,0,0,0,9,0,0,0,18,0,0,0,13,0,0,0,9,0,35,0,77,0,45,0,29,0,60,0,0,20,58,2,38,0,0,1,0,0,2,0,10,0,0,0,0,0,0,0,0,0,0,0,0,0,0,0,0,0,0,0,0,0,0,0,0,0,0,166,0,0,0,436,408,254,125,0,0,0
9,150,170,0,114,39,15,29,0,0,10,29,93,0,266,64,55,0,137,0,172,0,0,128,82,65,244,0,128,0,28,0,30,0,0,0,24,10,157,0,0,0,6,0,73,0,74,0,16,0,0,0,13,0,56,0,9,0,8,0,18,0,32,3,0,0,0,0,0,0,0,0,0,0,0,0,0,0,0,0,0,0,0,0,0,0,0,0,0,0,0,0,0,0,0,0,0,0,0,0,0,0,0,0,0,0,30,0,0,0,0,0,0,0,0,0,0,0,0,0,3,0,0,0,5,0,0,0,0,0,0,0,0,0,69,0,49,0,7,0,0,0,0,0,0,0,5,0,10,0,7,0,0,0,0,0,0,0,0,0,0,0,0,0,11,0,0,0,25,0,21,0,108,0,0,0,184,55,4,0,0,0,10,0,2,0,0,0,0,0,0,0,0,0,0,0,0,0,0,0,77,0,0,0,0,0,0,0,47,0,286,117,197,131,149,0,0,3,0,0,6,0,0,0,0
90,16,60,39,66,61,0,8,0,0,64,53,0,0,25,112,76,48,0,284,36,235,128,0,14,23,0,46,12,82,0,62,22,80,0,29,0,52,9,63,0,0,0,18,0,18,0,0,0,19,0,0,0,4,0,59,0,0,0,0,0,20,0,25,0,0,0,0,0,0,0,0,0,0,0,0,0,0,0,0,0,88,0,0,0,227,0,34,0,0,0,48,0,0,0,99,0,0,0,87,0,0,0,0,0,0,0,0,0,0,0,0,0,0,0,0,0,0,0,1,0,29,0,0,0,0,0,0,0,0,0,2,0,0,0,113,0,34,0,35,0,57,0,124,0,0,0,0,0,0,0,0,0,2,0,11,0,0,0,4,0,2,0,0,0,0,0,20,0,20,0,11,0,53,0,0,50,144,0,0,0,0,0,1,0,0,0,0,0,0,0,0,0,0,0,0,0,0,0,0,3,21,0,0,0,0,0,0,0,0,0,0,0,0,43,0,0,0,189,601,95,32,0,0,0
0,81,54,0,21,0,17,181,3,214,0,2,0,0,61,0,67,21,0,0,39,0,82,14,0,227,0,0,110,0,5,0,12,0,0,0,0,1,76,6,0,0,0,0,16,0,0,0,40,0,0,0,83,0,266,32,36,0,21,0,83,0,243,60,0,0,0,0,0,0,2,0,0,0,0,0,0,0,0,0,6,0,0,0,29,0,2,0,0,0,0,0,0,0,0,0,0,0,0,0,0,0,0,0,0,0,40,0,0,0,0,0,0,0,0,0,0,0,0,0,0,0,2,0,5,0,4,0,69,0,0,0,7,0,149,2,115,0,16,0,0,0,145,0,0,0,6,0,0,2,10,0,0,1,17,1,0,0,0,0,11,0,0,0,0,0,8,0,24,0,86,0,187,0,0,0,105,53,0,0,0,0,0,0,1,0,2,0,0,0,0,0,0,0,0,0,0,0,0,0,106,0,0,0,0,0,7,0,98,0,272,38,177,277,222,0,70,0,12,0,0,0,0,0,0
167,19,122,120,0,20,114,290,92,35,11,0,0,0,0,70,77,76,0,21,0,33,65,23,227,0,0,0,8,64,0,15,0,11,0,0,0,9,0,41,0,0,0,0,0,0,0,0,0,0,0,0,8,14,0,136,0,61,0,34,0,51,22,30,0,0,0,0,0,0,0,0,0,0,0,0,0,0,0,0,0,22,0,0,0,80,0,0,0,0,0,0,0,0,0,0,1,47,0,28,0,21,0,0,0,0,0,0,0,0,0,0,0,0,0,0,0,0,0,0,0,0,0,0,0,0,0,0,0,5,0,0,0,0,0,171,0,65,0,43,0,47,0,87,0,0,0,0,0,0,0,0,0,0,0,30,0,0,0,11,0,1,0,0,0,2,0,0,0,6,0,28,0,40,0,0,74,88,0,0,0,0,11,2,0,0,0,0,0,0,0,0,0,0,0,0,0,2,0,0,1,33,0,0,0,0,0,0,0,11,0,0,0,0,38,0,1,0,79,215,59,37,8,0,1
0,0,64,0,135,0,0,0,19,0,0,0,232,186,297,0,165,0,216,107,378,0,244,0,0,0,0,802,0,0,84,0,21,0,88,0,40,0,7,0,50,122,177,81,169,172,104,325,26,9,321,19,0,0,0,0,0,0,0,0,0,0,0,0,0,0,0,0,0,0,0,0,0,0,0,0,0,0,0,0,0,0,0,0,0,0,58,0,0,0,0,0,0,0,0,0,0,0,0,0,38,0,0,0,0,0,0,0,2,0,0,0,0,0,0,0,0,0,0,0,0,0,19,0,0,0,0,0,0,0,0,0,0,0,0,0,0,0,0,0,0,0,0,0,0,0,0,0,42,0,0,0,38,0,0,0,0,0,0,0,0,0,0,0,96,1,23,0,0,0,0,0,0,0,0,0,0,97,16,0,26,0,23,0,30,0,156,25,0,0,0,0,0,0,0,0,0,0,0,0,0,0,0,0,0,0,0,0,0,0,118,406,301,84,28,0,0,11,2,0,8,0,0,0,0
0,107,0,0,0,285,0,10,0,14,0,176,344,146,0,100,1,0,162,518,72,169,0,46,0,0,802,0,0,0,1,9,0,11,108,95,0,23,0,0,276,46,50,246,57,210,76,193,0,19,86,162,0,0,0,0,0,0,0,0,0,0,0,0,0,20,0,0,0,0,0,0,0,0,0,0,0,0,0,0,0,0,0,0,0,0,0,0,0,0,0,0,0,0,0,0,0,0,0,0,0,0,0,0,0,0,0,0,0,0,0,0,0,0,0,0,0,0,0,4,0,0,0,0,0,0,0,0,0,0,0,0,0,0,0,0,0,24,0,0,0,0,0,0,0,0,0,0,0,0,0,0,0,0,0,0,0,0,0,0,0,0,0,0,0,42,0,0,0,0,0,0,0,0,0,0,0,182,0,22,0,44,0,0,0,60,63,55,0,0,0,0,0,0,0,0,0,0,0,0,0,0,0,0,0,0,0,0,0,42,0,4,0,0,76,0,0,0,163,475,344,87,0,0,0
47,0,128,0,39,0,5,0,0,0,12,2,0,0,0,7,177,3,0,0,18,0,128,12,110,8,0,0,0,0,110,0,24,0,67,0,48,0,46,0,0,0,0,0,0,0,0,0,0,0,11,0,26,0,8,0,0,0,0,0,4,0,60,0,0,0,0,0,0,0,13,0,0,0,16,0,0,0,0,0,45,0,0,0,67,0,7,0,0,0,14,0,0,0,0,0,38,0,72,0,9,0,0,0,0,0,43,0,0,0,0,0,0,0,0,0,0,0,0,0,33,0,11,0,5,0,0,0,13,0,0,0,0,0,0,0,0,0,56,0,34,0,81,0,13,0,0,0,0,0,0,0,0,0,16,0,0,0,10,0,0,0,0,0,0,0,0,0,0,0,0,0,16,0,0,0,34,0,0,0,0,0,13,0,0,0,0,0,0,0,0,0,0,0,0,0,0,0,0,0,0,0,0,0,0,0,0,0,0,0,0,10,0,0,0,0,0,0,0,0,0,0,0,0,0
0,75,0,136,0,59,0,181,0,0,0,37,0,0,0,34,0,137,0,28,0,56,0,82,0,64,0,0,0,0,0,15,0,70,0,65,0,22,0,6,0,0,0,0,0,0,0,0,0,0,0,21,0,10,0,9,0,0,0,0,0,71,0,31,0,0,0,0,0,0,0,5,0,0,0,15,0,0,0,0,0,111,0,0,0,193,0,36,0,0,0,0,0,0,0,0,0,0,0,0,0,0,0,0,0,0,0,0,0,0,0,0,0,0,0,0,0,0,0,0,0,44,0,0,0,0,0,0,0,0,0,0,0,10,0,24,0,0,0,104,0,157,0,215,0,42,0,0,0,0,0,0,0,0,0,4,0,0,0,28,0,0,0,2,0,0,0,0,0,0,0,0,0,13,0,0,0,29,0,4,0,0,0,0,0,0,0,0,0,0,0,0,0,0,0,0,0,0,0,0,0,0,0,0,0,1,0,0,0,0,1,0,0,0,20,0,0,0,62,95,51,13,0,0,0
0,0,45,0,225,0,0,0,0,0,0,9,0,4,184,13,96,0,30,7,153,5,28,0,5,0,84,1,110,0,0,0,5,0,53,0,16,0,17,0,0,0,38,0,27,0,5,0,0,0,60,0,27,0,0,0,0,0,0,0,5,0,68,0,0,0,0,0,0,0,32,0,0,0,20,0,0,0,0,0,133,0,0,0,184,0,44,0,0,0,0,0,0,0,0,0,171,0,219,0,0,0,0,0,0,0,0,0,0,0,0,0,0,0,0,0,0,0,0,0,53,0,0,0,0,0,0,0,0,0,0,0,0,0,0,0,0,0,47,0,0,0,63,0,47,0,0,0,0,0,0,0,0,0,15,0,0,0,4,0,3,0,0,0,0,0,55,0,36,0,6,0,0,0,0,0,54,8,34,0,0,0,5,0,0,0,0,0,0,0,0,0,0,0,0,0,0,0,0,0,0,0,0,0,0,0,0,0,0,0,101,42,59,12,0,0,0,0,0,0,0,0,0,0,0
0,0,0,45,0,184,0,0,0,0,0,97,0,12,6,67,0,47,0,51,0,131,0,62,0,15,0,9,0,15,0,0,0,7,0,54,0,18,0,0,0,0,0,32,0,19,0,0,0,2,0,36,0,0,0,0,0,0,0,0,0,2,0,8,0,0,0,0,0,0,0,0,0,0,0,0,0,0,0,0,0,0,0,0,0,83,0,0,0,0,0,0,0,0,0,0,0,0,0,0,0,0,0,0,0,0,0,0,0,0,0,0,0,0,0,0,0,0,0,0,0,26,0,0,0,0,0,0,0,0,0,0,0,0,0,0,0,0,0,0,0,40,0,0,0,0,0,0,0,0,0,0,0,0,0,0,0,0,0,0,0,0,0,0,0,0,0,31,0,0,0,11,0,24,0,0,0,0,0,31,0,0,0,0,0,0,0,2,0,0,0,0,0,0,0,0,0,0,0,0,0,0,0,0,0,0,0,0,0,0,0,0,0,0,37,0,0,0,99,130,72,31,0,0,0
26,9,135,0,315,7,0,0,0,0,161,0,0,0,89,16,50,2,12,0,68,0,30,22,12,0,21,0,24,0,5,0,0,0,24,0,75,0,9,0,2,0,28,0,28,0,0,0,2,0,24,0,5,0,0,0,0,0,2,0,7,0,14,0,0,0,0,0,0,0,31,0,8,0,25,0,0,0,0,0,85,0,0,0,118,0,30,0,0,0,12,0,0,0,0,0,93,0,177,0,0,0,0,0,0,0,0,0,0,0,0,0,0,0,0,0,0,0,0,0,34,0,10,0,0,0,0,0,0,0,0,0,0,0,0,0,17,0,47,0,24,0,0,0,56,0,0,0,9,0,9,0,0,0,0,0,5,0,0,0,0,0,11,0,0,0,61,0,44,0,7,0,39,0,0,0,112,13,70,0,0,0,14,0,2,0,1,0,0,0,0,0,0,0,0,0,0,0,0,0,0,0,0,0,0,0,0,0,0,0,98,53,88,0,26,0,0,0,0,0,0,0,0,0,0
0,85,0,224,0,298,0,22,0,0,0,299,0,0,16,168,0,45,0,40,0,50,0,80,0,11,0,11,0,70,0,7,0,0,0,76,0,154,0,5,0,2,0,39,0,0,0,0,0,0,0,58,0,6,0,5,0,0,0,0,0,6,0,25,0,0,0,0,0,0,0,0,0,0,0,0,0,0,0,0,0,0,0,0,0,0,0,0,0,0,0,0,0,0,0,0,0,0,0,0,0,0,0,0,0,0,0,0,0,0,0,0,0,0,0,0,0,0,0,0,0,42,0,0,0,0,0,0,0,0,0,0,0,0,0,0,0,0,0,50,0,63,0,72,0,53,0,0,0,0,0,0,0,0,0,5,0,8,0,9,0,0,0,0,0,4,0,54,0,9,0,9,0,41,0,0,0,95,0,67,0,0,0,0,0,0,0,0,0,0,0,0,0,0,0,0,0,0,0,0,0,0,0,0,0,0,0,0,0,0,2,0,0,0,0,0,0,0,87,176,97,31,0,0,0
0,0,0,0,90,0,0,0,0,0,0,0,188,76,83,0,77,0,231,103,109,20,0,0,0,0,88,108,67,0,53,0,24,0,0,7,75,0,16,0,0,0,31,0,51,0,0,6,0,0,90,0,7,0,0,0,0,0,0,0,0,0,16,0,0,0,0,0,0,0,0,0,0,0,0,0,0,0,0,0,0,0,0,0,0,0,0,0,0,0,0,0,0,0,0,0,0,0,0,0,0,0,0,0,0,0,0,0,0,0,0,0,0,0,0,0,0,0,0,0,0,0,0,0,0,0,0,0,0,0,0,0,0,0,0,0,0,0,0,0,0,0,0,0,0,0,0,0,0,0,0,0,0,0,8,0,0,0,0,0,0,0,0,0,41,0,60,0,94,0,0,0,18,0,0,0,0,11,31,0,0,0,0,0,0,0,42,0,0,0,0,0,0,0,0,0,0,0,0,0,0,0,0,0,0,0,0,0,0,0,150,124,180,42,36,0,2,0,0,0,0,0,0,0,0
0,0,0,13,0,176,0,0,0,0,0,143,0,309,0,45,0,76,14,122,6,166,0,29,0,0,0,95,0,65,0,54,0,76,7,0,1,92,0,15,0,11,0,51,0,94,0,0,0,4,0,83,0,0,0,0,0,0,0,0,0,0,0,19,0,0,0,0,0,0,0,0,0,0,0,0,0,0,0,0,0,0,0,0,0,0,0,0,0,0,0,0,0,0,0,0,0,0,0,0,0,0,0,0,0,0,0,0,0,0,0,0,0,0,0,0,0,0,0,0,0,0,0,0,0,0,0,0,0,0,0,0,0,0,0,0,0,0,0,75,0,93,0,0,0,71,0,0,0,0,0,0,0,0,0,3,0,0,0,0,0,0,0,0,0,30,0,70,0,65,0,0,0,37,0,0,0,17,0,69,0,0,0,0,0,3,0,79,0,0,0,0,0,0,0,0,0,0,0,0,0,0,0,0,0,0,0,0,0,0,0,0,0,0,38,0,0,0,96,191,189,66,0,0,0
25,0,28,0,261,0,0,0,0,0,103,4,55,5,71,0,17,0,95,0,33,4,24,0,0,0,40,0,48,0,16,0,75,0,75,1,0,0,77,0,0,0,70,0,58,0,0,0,0,0,93,0,8,0,0,0,0,0,0,0,10,0,15,0,0,0,0,0,0,0,31,0,0,0,0,0,0,0,0,0,55,0,0,0,0,0,35,0,0,0,0,0,0,0,0,0,0,0,151,0,0,0,0,0,0,0,0,0,0,0,0,0,0,0,0,0,0,0,0,0,40,0,6,0,0,0,0,0,0,0,0,0,0,0,0,0,0,0,112,0,51,0,34,0,139,0,0,0,0,0,0,0,0,0,28,0,34,0,13,0,0,0,24,0,11,0,68,0,123,0,0,0,61,0,0,0,40,12,36,0,0,0,8,0,6,0,0,0,2,0,0,0,0,0,0,0,0,0,0,0,0,0,0,0,0,0,0,0,0,0,44,45,101,3,0,0,0,0,0,0,0,0,0,0,0
0,162,0,83,0,380,0,30,0,0,0,248,0,145,0,102,1,17,0,81,0,25,10,52,1,9,0,23,0,22,0,18,0,154,0,92,0,0,0,28,0,0,0,65,0,29,0,0,0,4,0,100,0,10,0,4,0,0,0,0,0,12,0,19,0,0,0,0,0,0,0,0,0,0,0,0,0,0,0,0,0,0,0,0,0,60,0,20,0,0,0,0,0,0,0,0,0,0,0,0,0,0,0,0,0,0,0,0,0,0,0,0,0,0,0,0,0,0,0,0,0,62,0,0,0,0,0,0,0,0,0,0,0,7,0,0,0,0,0,124,0,168,0,99,0,239,0,0,0,0,0,0,0,0,0,46,0,83,0,44,0,0,0,3,0,13,0,29,0,66,0,33,0,63,0,0,7,63,0,114,0,0,0,0,0,0,0,15,0,0,0,0,0,0,0,0,0,0,0,0,0,0,0,0,0,0,0,0,0,17,0,0,0,0,0,0,0,0,21,103,70,16,0,0,0
310,0,358,4,103,2,0,0,13,0,53,0,0,0,0,3,71,3,2,0,0,0,157,9,76,0,7,0,46,0,17,0,9,0,16,0,77,0,0,0,0,0,0,0,0,0,0,0,0,0,10,0,11,0,0,0,0,0,0,0,4,0,21,0,0,0,2,0,0,0,5,0,0,0,0,0,0,0,0,0,0,0,0,0,21,0,5,0,4,0,0,0,0,0,0,0,0,0,23,0,2,0,0,0,0,0,0,0,0,0,0,0,0,0,0,0,0,0,0,0,7,0,0,0,0,0,0,0,0,0,0,0,5,0,0,0,0,0,50,0,24,0,15,0,58,0,0,0,0,0,0,0,0,0,28,0,20,0,14,0,0,0,0,0,0,0,6,0,0,0,1,0,16,0,0,0,51,7,8,0,0,0,83,0,0,0,0,0,0,0,0,0,0,0,0,0,0,0,0,0,0,0,0,0,0,0,0,0,0,0,14,94,16,4,4,0,0,0,0,0,0,0,0,0,0
10,374,0,298,0,0,0,354,0,19,0,74,0,0,6,54,6,166,0,0,0,16,0,63,6,41,0,0,0,6,0,0,0,5,0,15,0,28,0,0,0,0,0,9,0,0,0,0,0,0,0,13,0,1,0,0,0,0,0,0,0,8,0,15,0,0,0,0,0,0,0,0,0,0,0,0,0,0,0,0,0,0,0,0,0,0,0,0,0,0,0,0,0,0,0,0,0,0,0,0,0,0,0,0,0,0,0,0,0,0,0,0,0,0,0,0,0,0,0,0,0,0,0,0,0,0,0,0,0,0,0,0,0,0,0,0,0,0,0,30,0,17,0,0,0,24,0,0,0,0,0,0,0,0,0,11,0,52,0,7,0,0,0,0,0,0,0,8,0,0,0,0,0,25,0,0,11,92,0,13,0,0,0,0,0,0,0,0,0,0,0,0,0,0,0,0,0,0,0,0,0,0,0,0,0,0,0,0,0,0,0,0,0,0,8,0,0,0,22,81,0,0,0,0,0
0,0,15,0,74,0,0,0,9,0,31,0,190,19,0,0,12,0,15,8,0,0,0,0,0,0,50,276,0,0,0,0,2,0,0,0,0,0,0,0,0,60,68,15,90,149,90,173,80,21,56,0,0,0,0,0,0,0,0,0,0,0,0,0,0,0,0,0,0,0,0,0,0,0,6,0,0,0,0,0,0,0,0,0,0,0,0,0,0,0,0,0,0,0,0,0,0,0,0,0,0,0,0,0,0,0,0,0,0,0,2,0,0,0,0,0,0,0,0,0,0,0,1,0,0,0,0,0,0,0,0,0,0,0,0,0,0,0,0,0,0,0,0,0,0,0,0,0,0,0,0,0,0,0,0,0,0,0,0,0,2,0,0,0,29,0,0,0,0,0,0,0,0,0,0,0,62,60,63,0,51,0,30,0,0,0,242,13,0,0,0,0,0,0,0,0,0,0,0,0,0,0,0,0,0,0,0,0,0,0,30,173,107,0,0,0,1,30,0,0,0,0,0,0,0
0,0,0,0,0,11,0,0,0,0,0,52,20,126,0,0,0,0,0,0,0,0,0,0,0,0,122,46,0,0,0,0,0,2,0,11,0,0,0,0,60,0,0,126,41,93,43,163,3,144,0,22,0,0,0,0,0,0,0,0,0,0,0,0,0,0,0,0,0,0,0,0,0,0,0,0,0,0,0,0,0,0,0,0,0,0,0,0,0,0,0,0,0,0,0,0,0,0,0,0,0,0,0,0,0,0,0,0,0,0,0,0,0,0,0,0,0,0,0,0,0,0,0,0,0,0,0,0,0,0,0,0,0,0,0,2,0,0,0,0,0,0,0,0,0,0,0,0,0,0,0,0,0,0,0,0,0,0,0,0,0,0,0,0,0,12,0,0,0,0,0,0,0,0,0,0,0,153,0,15,0,34,0,1,0,11,21,42,0,0,0,0,0,0,0,0,0,0,0,0,0,0,0,0,0,0,0,0,0,0,0,1,0,0,0,0,0,0,0,37,22,0,0,0,17
0,0,0,0,0,0,0,0,0,0,0,0,68,0,0,0,16,0,9,0,24,0,6,0,0,0,177,50,0,0,38,0,28,0,31,0,70,0,0,0,68,0,0,6,105,0,67,0,34,1,41,0,0,0,1,0,0,0,0,0,0,0,0,0,0,0,0,0,0,0,21,0,0,0,0,0,0,0,0,0,51,0,14,0,0,0,18,0,0,0,0,0,0,0,7,0,0,0,107,0,12,0,0,0,0,0,0,0,0,0,0,0,0,0,0,0,0,0,0,0,22,0,0,0,0,0,0,0,0,0,0,0,0,0,0,0,0,0,0,0,0,0,0,0,24,0,1,0,0,0,0,0,0,0,0,0,0,0,0,0,0,0,0,0,46,1,8,0,24,0,6,0,13,0,0,0,0,2,0,0,0,0,0,0,0,0,54,2,0,0,0,0,0,0,0,0,0,0,0,0,0,0,0,0,0,0,0,0,0,0,36,77,152,19,0,0,3,31,0,0,0,0,0,0,0
0,0,0,0,0,40,0,0,0,0,0,18,38,259,0,25,0,0,0,90,5,120,0,18,0,0,81,246,0,0,0,32,0,39,0,51,0,65,0,9,15,126,6,0,8,56,4,44,0,12,13,43,0,0,0,0,0,0,0,0,0,0,0,0,0,0,0,0,0,2,0,4,0,0,0,0,0,0,0,0,0,0,0,0,0,0,0,0,0,0,0,0,0,0,0,0,0,0,0,0,0,0,0,0,0,0,0,0,0,0,0,0,0,0,0,0,0,0,0,0,0,30,0,0,0,0,0,0,0,0,0,0,0,0,0,0,0,0,0,0,0,50,0,0,0,43,0,0,0,0,0,0,0,0,0,0,0,0,0,0,0,0,0,0,0,60,0,11,0,79,0,8,0,23,0,0,0,31,0,0,0,0,0,0,0,0,2,118,0,0,0,0,0,0,0,0,0,0,0,0,0,0,0,0,0,0,0,0,0,0,0,0,0,0,42,0,0,0,109,175,282,63,0,0,0
0,0,20,0,42,0,0,0,11,0,14,0,127,0,16,0,52,0,25,0,44,0,73,0,16,0,169,57,0,0,27,0,28,0,51,0,58,0,0,0,90,41,105,8,0,75,208,121,146,38,172,0,5,0,0,0,0,0,0,0,2,0,0,0,0,0,0,0,0,0,16,0,0,0,0,0,0,0,0,0,0,0,0,0,63,0,17,0,14,0,0,0,47,0,0,0,67,0,0,0,0,0,0,0,0,0,0,0,3,0,0,0,0,0,0,0,0,0,0,0,0,0,0,0,0,0,0,0,0,0,0,0,0,0,0,0,0,0,0,0,0,0,0,0,0,0,0,0,0,0,17,0,14,0,5,0,0,0,0,0,0,0,20,0,158,0,23,0,51,0,17,0,27,0,6,0,16,11,12,0,29,0,13,0,7,0,106,4,0,0,0,0,0,0,0,0,0,0,0,0,0,0,0,0,0,0,0,0,7,0,75,161,200,26,28,0,3,135,0,3,0,0,0,0,0
0,0,0,0,0,25,0,0,0,0,0,24,0,55,0,22,0,0,0,107,0,138,0,18,0,0,172,210,0,0,0,19,0,0,0,94,0,29,0,0,149,93,0,56,75,0,113,175,22,132,2,41,0,0,0,0,0,0,0,0,0,0,0,0,0,0,0,1,0,31,0,7,0,0,0,0,0,25,0,0,0,0,0,63,0,0,0,17,0,0,0,0,0,51,0,125,0,0,0,0,0,27,0,0,0,0,0,0,0,0,0,0,0,0,0,0,0,7,0,0,0,40,0,0,0,0,0,0,0,0,0,0,0,0,0,0,0,0,0,11,0,0,0,0,0,48,0,0,0,0,0,0,0,0,0,0,0,0,0,0,0,0,0,0,0,111,0,12,0,140,0,4,0,20,0,0,0,108,0,5,0,0,0,0,0,0,25,53,0,0,0,0,0,0,0,0,0,0,0,0,0,0,0,0,0,0,0,0,0,0,0,0,2,0,18,0,0,0,74,281,319,46,0,0,65
0,0,25,0,72,0,0,0,0,0,42,0,222,0,22,0,13,0,16,0,18,0,74,0,0,0,104,76,0,0,5,0,0,0,0,0,0,0,0,0,90,43,67,4,208,113,0,130,99,52,37,0,0,0,0,0,0,0,0,0,0,1,0,0,0,0,0,0,0,0,3,0,0,0,0,0,0,0,0,0,0,0,0,0,0,0,0,0,0,0,0,0,0,0,0,0,0,0,38,0,0,0,0,0,0,0,0,0,0,0,0,0,0,0,0,0,0,0,0,0,7,0,0,0,0,0,0,0,0,0,0,0,0,0,26,0,0,0,0,0,0,0,0,0,0,0,0,0,0,0,66,0,27,0,0,0,0,0,0,0,0,0,0,0,0,0,0,0,0,0,0,0,0,0,0,0,33,28,36,0,55,0,27,0,0,0,135,0,0,0,0,0,0,0,0,0,0,0,0,0,0,0,0,0,0,0,0,0,15,0,0,89,89,0,6,0,0,75,0,12,0,0,0,0,0
0,56,0,10,0,110,0,10,0,0,0,184,80,161,0,0,0,0,0,116,0,6,0,0,0,0,325,193,0,0,0,0,0,0,6,0,0,0,0,0,173,163,0,44,121,175,130,0,26,97,0,17,0,0,0,0,0,0,0,0,0,0,0,0,0,0,0,0,0,0,0,0,0,0,0,0,0,0,0,0,0,0,0,0,0,0,0,0,0,0,0,0,0,0,0,0,0,0,0,0,0,0,0,3,0,0,0,0,0,0,0,0,0,0,0,0,0,0,0,0,0,0,0,0,0,0,0,0,0,0,0,0,0,0,0,0,0,0,0,0,0,3,0,0,0,0,0,0,0,0,0,0,0,15,0,0,0,0,0,0,0,0,0,0,0,5,0,0,0,0,0,0,0,0,0,0,0,218,0,6,0,0,0,0,0,0,72,46,0,0,0,0,0,0,0,0,0,0,0,0,0,0,0,0,0,0,0,0,0,0,0,0,3,0,12,0,0,0,18,186,80,7,0,0,46
19,0,35,0,23,0,62,0,12,0,6,0,21,0,0,0,9,0,0,0,6,0,16,0,40,0,26,0,0,0,0,0,2,0,0,0,0,0,0,0,80,3,34,0,146,22,99,26,0,43,16,0,0,0,40,0,35,0,19,0,2,0,4,0,0,0,0,0,25,0,4,0,0,1,0,0,9,0,0,0,6,0,18,0,0,0,2,0,28,0,0,0,76,0,25,0,0,0,0,0,14,0,35,0,16,0,0,0,8,0,0,0,0,0,0,0,2,0,1,0,0,0,0,0,3,1,3,0,0,0,0,0,0,0,20,0,7,0,0,0,0,0,8,0,1,0,5,0,1,0,18,0,0,0,0,0,0,0,0,0,13,0,10,0,17,0,10,0,26,0,24,0,30,0,3,0,31,16,10,0,8,0,4,0,2,0,109,0,13,0,0,0,21,0,0,0,5,0,16,0,0,0,47,0,0,0,38,0,13,0,56,63,165,15,37,29,30,12,0,1,3,1,0,0,4
0,9,0,0,0,16,0,5,0,4,0,39,0,63,0,15,0,0,2,47,0,22,0,19,0,0,9,19,0,0,0,2,0,0,0,4,0,4,0,0,21,144,1,12,38,132,52,97,43,0,0,8,0,0,0,0,0,3,0,7,0,0,0,0,0,0,0,0,0,23,0,0,0,0,0,1,0,5,0,0,0,20,0,30,0,42,0,0,0,11,0,0,0,38,0,47,0,0,0,0,0,9,0,5,0,0,0,0,0,0,0,0,0,0,0,0,0,1,0,0,0,0,0,0,0,0,0,0,0,0,0,0,0,0,0,0,0,0,0,0,0,0,0,6,0,0,0,0,0,2,0,17,0,16,0,0,0,0,0,0,0,2,0,4,0,31,0,0,0,12,0,8,0,2,0,0,2,110,1,16,0,26,0,3,0,0,54,23,0,0,0,0,0,0,0,1,0,0,0,0,0,3,0,0,0,0,0,0,0,0,0,0,0,0,27,0,0,1,38,36,23,0,4,11,30
0,0,0,0,46,0,0,0,0,0,0,0,270,23,19,0,31,0,98,28,70,0,0,0,0,0,321,86,11,0,60,0,24,0,90,0,93,0,10,0,56,0,41,13,172,2,37,0,16,0,0,0,0,0,0,0,5,0,9,0,3,0,9,0,0,0,0,0,0,0,49,0,12,0,29,0,0,0,0,0,103,0,27,0,48,0,30,0,0,0,0,0,0,0,22,0,0,0,204,0,25,0,0,0,0,0,33,0,0,0,0,0,0,0,0,0,0,0,0,0,40,0,10,0,0,0,0,0,0,0,0,0,0,0,0,0,0,0,0,0,0,0,0,0,47,0,0,0,0,0,0,0,0,0,0,0,0,0,0,0,0,0,14,0,43,0,32,0,124,0,22,0,49,0,0,0,0,0,0,0,0,0,0,0,0,0,34,1,0,0,0,0,0,0,0,0,0,0,0,0,0,0,0,0,11,0,0,0,0,0,87,70,148,46,24,0,3,6,0,0,0,0,0,0,0
0,0,0,0,0,84,0,0,0,1,0,25,0,193,0,0,0,13,0,80,3,80,0,0,0,0,19,162,0,21,0,36,0,58,0,83,0,100,0,13,0,22,0,43,0,41,0,17,0,8,0,0,0,0,0,0,0,2,0,0,0,0,0,7,0,0,0,0,0,3,0,20,0,0,0,0,0,8,0,0,0,85,0,27,0,110,0,15,0,0,0,0,0,0,0,0,0,0,0,22,0,0,0,5,0,0,0,0,0,0,0,0,0,0,0,0,0,0,0,0,0,60,0,0,0,1,0,0,0,0,0,0,0,0,0,0,0,0,0,0,0,58,0,75,0,86,0,0,0,1,0,0,0,0,0,1,0,0,0,0,0,0,0,8,0,33,0,18,0,140,0,16,0,35,0,1,0,0,0,5,2,0,0,0,0,0,0,56,0,0,0,0,0,0,0,0,0,0,0,0,0,0,0,0,0,0,0,0,0,0,0,0,0,0,44,0,0,0,83,58,125,0,0,0,0
2,0,22,0,0,0,35,0,28,53,1,0,0,0,0,0,128,0,0,0,21,0,13,0,83,8,0,0,26,0,27,0,5,0,7,0,8,0,11,0,0,0,0,0,5,0,0,0,0,0,0,0,0,11,133,49,51,9,43,54,35,3,176,3,4,0,8,74,0,0,0,0,0,0,1,0,1,0,0,0,0,0,0,0,68,0,4,0,0,0,15,0,0,0,0,0,56,0,0,0,0,0,0,0,0,0,28,0,0,0,0,0,0,0,0,0,0,0,0,0,3,0,4,0,0,0,0,0,43,1,9,1,0,0,0,0,115,0,145,0,58,0,122,0,33,0,0,0,2,0,0,0,2,0,115,4,48,1,51,1,26,0,4,0,2,0,2,0,15,0,76,0,18,0,0,0,76,0,0,0,0,0,0,0,0,8,0,0,0,0,0,0,0,0,0,0,0,0,0,0,91,0,0,0,0,0,0,0,7,0,62,270,102,71,47,0,15,0,1,0,0,2,0,0,0
0,20,1,0,0,0,40,32,44,169,0,0,0,0,0,5,0,53,0,29,0,0,0,4,0,14,0,0,0,10,0,0,0,6,0,0,0,10,0,1,0,0,0,0,0,0,0,0,0,0,0,0,11,0,41,71,0,115,46,108,0,7,5,55,0,0,7,46,0,0,0,0,0,0,0,0,0,0,0,0,0,14,0,0,0,71,0,7,0,0,0,0,0,0,0,0,0,17,0,24,0,0,0,0,0,0,0,4,0,0,0,0,0,0,0,0,0,0,0,0,0,0,0,0,0,0,0,0,0,16,0,0,0,14,0,40,0,55,0,125,0,76,0,123,0,19,0,0,0,0,0,0,0,0,0,140,0,68,0,127,0,11,0,0,0,0,0,0,0,0,0,11,0,0,0,0,12,92,0,0,0,4,0,5,0,5,0,0,0,0,0,0,0,0,0,0,0,0,0,2,0,0,0,0,0,0,0,0,0,0,0,0,0,0,14,0,0,0,12,307,4,7,0,0,0
5,0,52,0,14,0,41,0,29,122,0,0,8,0,28,0,37,2,0,0,0,0,56,0,266,0,0,0,8,0,0,0,0,0,0,0,0,0,0,0,0,0,1,0,0,0,0,0,40,0,0,0,133,41,0,93,109,0,49,44,29,0,45,5,9,7,17,71,0,0,0,0,0,0,0,0,0,0,0,0,0,0,0,0,4,0,0,0,0,0,1,0,0,0,0,0,0,0,0,0,0,0,0,0,0,0,0,0,0,0,0,0,0,0,0,0,0,0,0,0,0,0,0,0,4,0,3,0,90,0,24,0,16,0,76,0,100,0,10,0,0,0,100,0,2,0,3,0,4,5,0,0,0,0,59,2,0,0,16,0,62,0,0,0,0,0,10,0,50,1,239,0,22,0,0,1,40,8,0,0,0,3,0,0,0,7,0,0,0,0,0,0,0,0,0,0,0,0,0,0,61,1,0,0,0,0,0,0,26,0,287,58,359,434,441,0,146,0,4,0,0,0,0,0,0
7,9,0,61,0,21,116,78,164,72,0,5,0,4,0,117,0,51,0,16,0,0,0,59,32,136,0,0,0,9,0,0,0,5,0,0,0,4,0,0,0,0,0,0,0,0,0,0,0,0,0,0,49,71,93,0,8,105,126,148,0,10,24,33,3,3,26,7,0,0,0,0,0,0,0,0,0,4,0,0,0,2,0,0,0,14,0,0,0,0,0,0,0,0,0,0,0,0,0,6,0,4,0,3,0,0,0,0,0,0,0,0,0,0,0,0,0,0,0,0,0,0,0,0,0,0,0,0,0,15,0,5,0,8,0,87,0,50,0,86,0,26,0,43,0,4,0,0,0,0,0,0,0,0,0,67,0,20,0,24,0,3,0,0,0,3,0,0,0,26,0,159,1,21,0,0,25,21,0,0,0,0,0,0,7,25,0,0,0,0,0,0,0,0,0,0,0,0,0,3,0,0,0,0,0,0,0,0,0,0,0,1,2,0,188,0,1,0,108,139,209,233,47,63,0
0,0,6,0,0,0,2,0,6,3,0,0,0,0,0,0,0,0,0,0,0,0,9,0,36,0,0,0,0,0,0,0,0,0,0,0,0,0,0,0,0,0,0,0,0,0,0,0,35,0,5,0,51,0,109,8,0,6,281,15,0,0,2,0,104,6,12,36,0,0,0,0,0,0,0,0,0,0,0,0,0,0,0,0,0,0,0,0,0,0,0,0,0,0,0,0,0,0,0,0,0,0,0,0,0,0,0,0,0,0,0,0,0,0,0,0,0,0,0,0,0,0,0,0,0,0,0,0,51,0,0,0,0,0,0,0,6,0,11,0,0,0,0,0,0,0,1,0,0,0,2,0,0,0,154,1,21,0,67,2,144,4,0,0,0,0,0,0,45,0,152,0,0,0,0,0,10,0,0,0,8,10,0,0,0,2,0,0,0,0,0,0,0,0,0,0,0,0,0,0,0,0,0,0,0,0,0,0,3,0,275,56,446,559,908,0,122,0,2,6,0,3,0,0,0
0,0,2,0,0,0,0,9,0,23,0,0,0,0,0,52,0,48,0,0,0,17,0,0,0,61,0,0,0,0,0,0,0,0,0,0,0,0,0,0,0,0,0,0,0,0,0,0,0,3,0,2,9,115,0,105,6,0,51,125,0,0,0,9,4,3,16,95,0,0,0,0,0,0,0,0,0,0,0,0,0,1,0,0,0,5,0,0,0,0,0,0,0,0,0,0,0,4,0,0,0,0,0,0,0,0,0,0,0,0,0,0,0,0,0,0,0,0,0,0,0,0,0,0,0,6,0,3,0,38,0,22,0,18,0,57,0,41,0,97,0,17,0,29,0,0,0,0,0,0,0,0,0,0,0,156,0,16,0,72,0,32,0,18,0,0,0,0,0,57,0,159,0,0,0,0,9,0,0,0,0,0,0,0,0,9,0,0,0,0,0,0,0,0,0,0,0,0,0,3,0,0,0,0,0,0,0,0,0,3,0,0,0,0,260,0,0,0,123,58,286,269,72,27,1
7,1,16,0,0,0,33,0,145,23,0,0,0,0,0,0,0,0,0,0,0,0,8,0,21,0,0,0,0,0,0,0,2,0,0,0,0,0,0,0,0,0,0,0,0,0,0,0,19,0,9,0,43,46,49,126,281,51,0,109,32,0,6,0,58,11,238,146,3,0,0,0,0,0,0,0,0,0,0,0,0,0,0,0,1,0,1,0,0,0,0,0,0,0,0,0,0,0,0,0,0,0,0,0,0,0,0,0,0,0,0,0,0,0,0,0,0,0,0,0,0,0,0,0,0,0,0,0,2,0,5,0,0,0,0,0,0,0,0,0,0,0,0,0,3,0,0,0,3,0,0,0,0,0,55,26,67,0,0,6,10,5,0,0,0,0,4,0,19,0,86,0,0,0,0,0,292,0,0,0,0,3,0,0,144,30,0,0,0,0,0,0,0,0,0,0,0,0,0,0,0,0,0,0,0,0,0,0,0,0,823,185,302,720,1508,0,154,5,6,6,3,3,0,0,0
0,24,0,0,0,0,18,47,64,66,0,0,0,0,0,0,0,7,0,0,0,0,0,0,0,34,0,0,0,0,0,0,0,0,0,0,0,0,0,0,0,0,0,0,0,0,0,0,0,7,0,0,54,108,44,148,15,125,109,0,0,0,6,16,21,166,58,89,0,0,0,0,0,0,0,0,0,0,0,0,0,0,0,0,0,0,0,0,0,0,0,0,0,0,0,0,0,0,0,0,0,0,0,0,0,0,0,0,0,0,0,0,0,0,0,0,0,0,0,0,0,0,0,0,0,9,0,0,0,7,0,23,0,14,0,6,0,19,0,1,0,0,0,7,0,25,0,0,0,12,0,0,0,0,2,81,0,109,0,58,0,55,0,0,0,0,0,0,0,85,0,206,0,0,0,9,29,6,0,0,0,13,0,0,0,59,0,0,0,1,0,0,0,0,0,0,0,0,0,0,0,0,0,0,0,0,0,0,0,0,4,5,2,0,1557,0,0,0,863,234,563,948,371,129,0
114,0,72,0,0,0,211,0,138,0,3,0,0,0,0,0,17,0,0,0,0,0,18,0,83,0,0,0,4,0,5,0,7,0,0,0,10,0,4,0,0,0,0,0,2,0,0,0,2,0,3,0,35,0,29,0,0,0,32,0,0,0,30,0,0,0,0,0,0,0,7,0,0,0,7,0,0,0,0,0,0,0,0,0,0,0,0,0,0,0,0,0,0,0,0,0,0,0,8,0,0,0,0,0,0,0,0,0,0,0,0,0,0,0,0,0,0,0,0,0,0,0,0,0,0,0,0,0,0,0,0,0,0,0,0,0,0,0,83,0,31,0,0,0,169,0,0,0,0,0,0,0,0,0,36,0,120,0,8,0,0,0,3,0,0,0,2,0,2,0,75,0,80,0,0,0,49,0,0,0,0,0,9,0,0,0,0,0,0,0,0,0,0,0,0,0,0,0,0,0,0,0,0,0,0,0,0,0,0,0,62,402,6,17,14,0,3,0,0,0,0,0,0,0,0
0,224,28,0,0,0,0,354,0,231,0,0,0,0,0,0,14,68,0,0,0,2,0,20,0,51,0,0,0,71,0,2,0,6,0,0,0,12,0,8,0,0,0,0,0,0,1,0,0,0,0,0,3,7,0,10,0,0,0,0,0,0,5,81,0,0,0,0,0,0,0,0,0,0,0,0,0,0,0,0,0,0,0,0,0,0,0,0,0,0,0,0,0,0,0,0,0,0,0,0,0,0,0,0,0,0,0,0,0,0,0,0,0,0,0,0,0,0,0,0,0,0,0,0,0,0,0,0,0,1,0,0,0,0,0,0,0,0,0,37,0,22,0,0,0,138,0,0,0,0,0,0,0,0,0,16,0,101,0,11,0,0,0,5,0,1,0,0,0,7,0,99,0,68,0,0,0,143,0,4,0,0,0,11,0,0,0,0,0,0,0,0,0,0,0,0,0,0,0,0,0,0,0,0,0,0,0,0,0,0,0,0,0,0,21,0,0,0,13,740,64,38,6,0,0
92,0,121,0,5,0,219,16,110,84,2,0,0,0,4,0,262,2,0,0,68,0,32,0,243,22,0,0,60,0,68,0,14,0,16,0,15,0,21,0,0,0,0,0,0,0,0,0,4,0,9,0,176,5,45,24,2,0,6,6,30,5,0,9,0,0,0,5,0,0,13,0,0,0,11,0,0,0,0,0,0,0,0,0,114,0,0,0,0,0,14,0,0,0,0,0,0,0,0,0,0,0,0,0,0,0,0,0,0,0,0,0,0,0,0,0,0,0,0,0,43,0,18,0,0,0,2,0,27,0,2,1,0,0,0,2,47,0,158,0,35,0,102,0,34,0,0,0,0,0,0,0,0,0,108,0,35,0,23,0,4,0,0,0,2,0,0,0,0,0,17,0,20,0,0,0,40,0,0,0,0,0,16,0,0,0,0,0,0,0,0,0,0,0,0,0,0,0,0,0,33,0,0,0,0,0,0,0,0,0,62,302,13,20,17,0,0,0,1,0,0,0,0,0,0
0,40,17,4,0,6,36,195,29,332,0,0,0,0,2,7,4,116,0,24,0,31,3,25,60,30,0,0,0,31,0,8,0,25,0,19,0,19,0,15,0,0,0,0,0,0,0,0,0,0,0,7,3,55,5,33,0,9,0,16,0,81,9,0,0,0,0,8,0,0,0,0,0,0,0,0,0,1,0,0,0,0,0,0,0,15,0,0,0,0,0,0,0,0,0,0,0,0,0,0,0,3,0,0,0,0,0,0,0,0,0,0,0,0,0,0,0,0,0,0,0,0,0,0,0,0,0,0,1,10,0,0,0,0,0,0,0,12,0,88,0,67,0,38,0,50,0,1,0,0,0,0,0,0,0,34,0,9,0,63,0,0,0,0,0,0,0,0,0,0,0,7,0,0,0,0,19,69,0,0,0,0,0,4,0,0,0,0,0,0,0,0,0,0,0,0,0,0,0,0,0,0,0,0,0,0,0,0,0,0,0,0,0,0,0,0,0,0,9,350,6,0,0,0,0
12,0,0,0,7,0,5,0,100,1,0,0,0,0,0,0,0,0,0,0,0,0,0,0,0,0,0,0,0,0,0,0,0,0,0,0,0,0,0,0,0,0,0,0,0,0,0,0,0,0,0,0,4,0,9,3,104,4,58,21,0,0,0,0,0,24,71,38,0,0,3,0,0,0,2,0,0,0,0,0,0,0,0,0,0,0,0,0,0,0,0,0,0,0,0,0,0,0,0,0,0,0,0,0,0,0,0,0,0,0,0,0,0,0,0,0,0,0,0,0,0,0,0,0,2,0,0,0,0,0,46,0,0,0,0,0,0,0,7,5,0,0,0,0,19,0,9,0,26,0,0,0,0,1,7,8,0,0,4,0,313,0,6,0,0,0,0,0,0,0,5,0,0,0,7,2,16,0,0,0,287,81,0,0,266,4,0,0,0,0,0,0,0,0,0,0,0,0,0,0,0,0,0,0,0,0,0,0,0,0,131,4,0,0,162,0,0,0,5,0,0,0,0,1,0
0,62,0,0,0,21,0,8,0,128,0,37,0,8,0,5,0,0,0,25,3,0,0,0,0,0,0,20,0,0,0,0,0,0,0,0,0,0,0,0,0,0,0,0,0,0,0,0,0,0,0,0,0,0,7,3,6,3,11,166,0,0,0,0,24,0,5,311,0,0,0,0,0,13,0,36,0,0,0,0,0,0,0,0,0,0,0,8,0,0,0,0,0,0,0,0,0,0,0,0,0,0,0,0,0,0,0,0,0,0,0,0,0,0,0,0,0,0,0,0,0,0,0,0,0,93,0,5,0,0,0,119,0,0,0,6,22,5,0,29,16,39,0,0,6,83,0,22,50,168,0,23,0,4,4,4,0,0,0,8,35,185,0,21,0,0,0,0,0,0,0,0,0,0,0,147,2,0,0,0,65,247,0,3,0,136,0,0,0,0,0,0,0,0,0,0,0,3,0,0,0,0,0,0,0,0,0,0,0,10,0,0,0,0,129,0,0,0,148,10,46,0,0,5,0
11,0,3,0,0,0,12,0,157,7,0,0,0,0,0,0,0,0,0,0,0,0,0,0,0,0,0,0,0,0,0,0,0,0,0,0,0,0,2,0,0,0,0,0,0,0,0,0,0,0,0,0,8,7,17,26,12,16,238,58,0,0,0,0,71,5,0,50,0,0,0,0,0,0,0,0,0,0,0,0,0,0,0,0,0,0,0,0,0,0,0,0,0,0,0,0,0,0,0,0,0,0,0,0,0,0,0,0,0,0,0,0,0,0,0,0,0,0,0,0,0,0,0,0,0,0,0,0,0,0,22,0,0,0,0,0,0,0,0,0,0,0,0,0,0,0,0,0,23,0,0,0,0,0,3,0,0,0,0,2,183,0,0,0,0,0,0,0,0,0,3,0,0,0,0,1,283,2,0,0,9,5,0,0,229,16,0,0,0,0,0,0,0,0,0,0,0,0,0,0,0,0,0,0,0,0,0,0,0,0,46,20,0,22,79,0,0,0,0,1,0,0,0,0,0
0,16,0,0,0,0,0,7,50,205,0,0,0,0,0,0,0,0,0,0,0,0,0,0,0,0,0,0,0,0,0,0,0,0,0,0,0,0,0,0,0,0,0,0,0,1,0,0,0,0,0,0,74,46,71,7,36,95,146,89,0,0,5,8,38,311,50,0,0,0,0,0,0,0,0,0,0,0,0,0,0,0,0,0,0,0,0,0,0,0,0,0,0,1,0,0,0,0,0,0,0,0,0,0,0,0,0,0,0,0,0,0,0,0,0,0,0,0,0,0,0,0,0,0,0,8,0,0,0,0,0,65,0,0,0,0,0,0,0,0,0,0,0,0,0,48,0,4,0,32,0,0,0,0,5,34,0,49,1,26,22,94,0,0,0,0,0,0,0,0,0,24,0,0,0,49,50,38,0,0,5,73,0,1,14,446,0,0,0,0,0,0,0,0,0,0,0,0,0,0,0,0,0,0,0,0,0,1,0,0,0,0,0,0,478,0,0,0,356,151,96,183,75,0,0
0,0,0,0,0,0,0,0,0,0,0,0,0,0,0,0,0,0,0,0,0,0,0,0,0,0,0,0,0,0,0,0,0,0,0,0,0,0,0,0,0,0,0,0,0,0,0,0,25,0,0,0,0,0,0,0,0,0,3,0,0,0,0,0,0,0,0,0,0,0,0,0,11,0,0,0,94,0,46,0,33,0,33,0,0,0,35,0,43,0,17,0,67,0,34,0,22,0,38,0,57,0,218,0,60,0,45,0,82,0,10,0,18,0,2,0,3,0,0,0,0,0,0,0,0,0,0,0,0,0,0,0,0,0,0,1,0,0,0,0,0,0,0,0,0,0,0,0,0,0,0,0,0,0,0,0,0,0,0,0,0,0,0,0,27,0,1,0,111,0,0,0,0,0,0,0,0,0,0,0,0,0,0,0,0,0,0,0,17,0,0,0,0,0,35,0,0,0,0,0,0,0,0,0,0,0,0,0,0,0,20,7,70,4,17,67,191,1,0,0,0,0,0,0,0
0,0,0,0,0,0,0,3,0,0,0,0,0,0,0,0,0,0,0,0,0,0,0,0,0,0,0,0,0,0,0,0,0,0,0,0,0,0,0,0,0,0,0,2,0,31,0,0,0,23,0,3,0,0,0,0,0,0,0,0,0,0,0,0,0,0,0,0,0,0,0,0,0,1,0,0,0,47,0,0,0,0,0,13,0,0,0,7,0,22,0,1,0,61,0,16,0,0,0,0,0,8,0,45,0,0,0,9,0,22,0,50,0,18,0,3,0,5,0,0,0,0,0,0,0,0,0,0,0,0,0,0,0,0,0,0,0,2,0,0,0,0,0,0,0,0,0,0,0,0,0,0,0,3,0,1,0,0,0,0,0,0,0,0,0,24,0,0,0,33,0,10,0,0,0,0,0,0,0,0,0,0,0,0,0,0,1,0,0,9,0,0,0,0,0,12,0,0,0,0,0,0,0,5,0,0,0,2,2,0,0,0,0,0,0,0,0,0,3,19,109,8,25,111,7
0,0,0,0,17,0,0,0,0,0,0,0,0,1,5,1,9,0,0,0,32,0,0,0,2,0,0,0,13,0,32,0,31,0,0,0,31,0,5,0,0,0,21,0,16,0,3,0,4,0,49,0,0,0,0,0,0,0,0,0,7,0,13,0,3,0,0,0,0,0,0,0,233,0,261,0,14,0,119,0,8,0,3,0,7,0,23,0,0,0,0,0,0,0,0,0,0,0,0,0,0,0,0,0,0,0,0,0,0,0,0,0,0,0,0,0,0,0,0,0,33,0,11,0,23,0,0,4,0,0,15,0,0,0,12,0,20,0,5,2,53,7,22,0,68,0,31,0,25,13,64,0,0,0,0,0,4,0,0,1,4,0,47,0,0,0,19,0,42,0,29,0,28,0,67,1,0,0,0,0,33,4,0,0,1,0,1,0,0,0,0,0,0,0,0,0,0,0,10,0,0,0,0,0,0,0,0,0,32,0,10,3,21,5,5,0,1,0,0,0,0,0,0,0,0
0,0,0,0,0,0,0,0,0,0,0,0,0,0,0,0,0,0,0,0,0,0,0,0,0,0,0,0,0,5,0,0,0,0,0,0,0,0,0,0,0,0,0,4,0,7,0,0,0,0,0,20,0,0,0,0,0,0,0,0,0,0,0,0,0,0,0,0,0,0,0,0,0,87,0,224,0,14,0,7,0,0,0,3,0,0,0,16,0,0,0,0,0,0,0,0,0,0,0,0,0,0,0,0,0,0,0,0,0,0,0,0,0,0,0,0,0,0,0,0,0,3,0,18,28,86,0,28,11,0,0,42,0,45,0,28,0,23,0,4,0,27,0,11,0,107,0,0,0,89,0,63,0,0,0,0,0,2,0,1,0,0,0,32,0,0,0,14,0,10,0,10,0,25,0,34,0,0,0,0,23,70,0,0,0,0,0,1,0,0,0,0,0,0,0,0,0,0,0,0,0,0,0,0,0,0,0,0,0,0,0,0,0,0,0,0,0,0,44,2,10,0,0,0,0
0,0,0,0,0,0,0,0,0,0,0,0,0,0,0,0,0,0,0,0,0,0,0,0,0,0,0,0,0,0,0,0,8,0,0,0,0,0,0,0,0,0,0,0,0,0,0,0,0,0,12,0,0,0,0,0,0,0,0,0,0,0,0,0,0,0,0,0,11,0,233,0,0,0,254,0,23,0,62,0,7,0,6,0,18,0,6,0,0,0,0,0,5,0,0,0,0,0,0,0,0,0,0,0,0,0,0,0,0,0,0,0,0,0,0,0,0,0,0,0,71,0,16,0,43,0,29,0,65,0,17,0,18,0,46,0,38,0,4,0,58,0,97,0,93,0,52,0,8,0,122,0,13,0,0,0,3,0,0,0,5,0,101,0,0,0,6,0,13,0,28,0,5,0,5,0,0,0,0,0,16,0,0,0,0,0,0,0,3,0,0,0,0,0,0,0,0,0,43,0,36,0,0,0,0,0,0,0,70,0,65,1,18,0,8,1,0,0,0,0,0,0,0,0,0
0,0,0,0,0,0,0,0,0,0,0,0,0,0,0,0,0,0,0,0,0,0,0,0,0,0,0,0,0,0,0,0,0,0,0,0,0,0,0,0,0,0,0,0,0,0,0,0,1,0,0,0,0,0,0,0,0,0,0,0,0,0,0,0,0,13,0,0,0,1,0,87,0,0,0,307,0,23,0,67,0,5,0,7,0,28,0,27,0,0,0,0,0,0,0,0,0,0,0,4,0,0,0,4,0,0,0,0,0,1,0,0,0,0,0,0,0,0,0,0,0,47,0,69,0,0,13,28,0,0,0,27,0,33,0,105,0,10,0,0,9,25,0,23,0,46,17,46,0,53,0,52,0,0,0,1,0,0,0,0,0,0,0,76,0,0,0,4,0,24,0,9,0,6,0,29,0,0,0,0,22,61,0,0,0,0,0,0,0,0,0,0,0,0,0,6,0,0,0,90,0,48,0,0,0,0,0,0,0,0,0,0,0,0,4,0,0,0,66,2,16,2,0,1,0
0,0,0,0,0,0,0,0,0,0,0,0,0,0,0,0,13,0,0,0,25,0,0,0,0,0,0,0,16,0,20,0,25,0,0,0,0,0,0,0,6,0,0,0,0,0,0,0,0,0,29,0,1,0,0,0,0,0,0,0,7,0,11,0,2,0,0,0,0,0,261,0,254,0,0,0,24,0,193,0,31,0,8,0,58,0,33,0,0,0,0,0,0,0,0,0,7,0,0,0,0,1,0,0,0,0,5,0,0,0,0,0,0,0,0,0,0,0,0,0,85,0,45,0,20,12,0,0,5,0,12,0,0,3,33,0,44,0,9,0,66,8,103,0,80,0,32,0,16,0,77,0,0,3,0,0,1,0,0,0,0,0,31,0,0,0,0,0,12,0,0,0,18,0,58,1,0,0,0,0,42,4,0,0,0,0,0,0,0,0,0,0,0,0,0,0,2,0,0,0,0,1,0,1,0,0,0,0,64,0,9,0,0,0,4,0,0,0,0,0,5,0,0,0,0
0,0,1,0,0,0,0,0,0,2,0,0,0,0,0,0,0,0,0,0,0,0,0,0,0,0,0,0,0,15,0,0,0,0,0,0,0,0,0,0,0,0,0,0,0,0,0,0,0,1,0,0,0,0,0,0,0,0,0,0,0,0,0,0,0,36,0,0,0,0,0,224,0,307,0,0,0,31,0,60,0,0,0,6,0,10,0,82,0,0,1,0,0,0,0,0,0,1,0,0,0,0,0,0,0,0,0,0,0,0,0,0,0,0,0,0,0,0,0,0,0,246,0,58,24,0,0,0,0,0,0,23,0,0,0,137,0,33,0,12,0,81,0,41,0,242,0,0,0,152,0,132,0,71,0,0,0,5,0,8,0,0,0,58,0,0,0,0,0,19,0,28,0,20,0,48,0,1,0,0,49,201,0,0,0,0,0,0,0,0,0,0,0,0,0,0,0,0,0,60,35,25,0,0,0,0,0,0,0,0,0,0,0,0,9,0,0,0,46,6,30,6,0,3,0
0,0,0,0,0,0,0,0,0,0,0,0,0,0,0,0,0,0,0,0,0,0,0,0,0,0,0,0,0,0,0,0,0,0,0,0,0,0,0,0,0,0,0,0,0,0,0,0,9,0,0,0,1,0,0,0,0,0,0,0,0,0,0,0,0,0,0,0,94,0,14,0,23,0,24,0,0,0,38,0,0,0,17,0,46,0,40,0,0,0,8,0,28,0,25,0,0,0,0,0,22,0,65,0,0,0,16,0,10,0,0,0,0,0,0,0,0,0,0,0,17,0,0,0,0,0,0,0,0,0,0,0,0,0,0,0,0,0,0,0,0,0,0,0,5,0,4,0,0,0,0,0,0,1,0,0,0,0,0,0,0,0,4,0,10,0,0,0,32,0,1,0,4,0,0,0,0,0,0,0,1,0,0,0,0,0,0,0,36,0,0,0,0,0,21,0,4,0,0,0,0,0,0,0,0,0,5,0,0,0,27,5,77,4,14,12,15,0,1,0,0,0,0,0,0
0,0,0,0,0,0,0,0,0,0,0,0,0,0,0,0,0,0,0,0,0,0,0,0,0,0,0,0,0,0,0,0,0,0,0,0,0,0,0,0,0,0,0,0,0,25,0,0,0,5,0,8,0,0,0,4,0,0,0,0,0,0,0,1,0,0,0,0,0,47,0,14,0,23,0,31,0,0,0,24,0,90,0,73,0,34,0,87,0,14,0,5,0,82,0,94,0,0,0,39,0,29,0,88,0,0,0,0,0,5,0,0,0,9,0,0,0,19,0,0,0,18,0,7,0,9,6,0,0,0,0,0,0,0,0,27,0,0,0,0,3,4,0,0,0,0,0,0,0,0,0,0,0,0,0,0,0,0,0,0,0,0,0,10,0,9,0,0,0,104,0,3,0,3,0,0,0,0,0,0,0,0,0,0,0,0,0,1,0,0,0,0,0,0,0,62,1,0,0,0,0,27,0,0,0,0,0,0,0,0,0,0,0,0,29,0,0,0,49,0,170,4,82,0,0
0,0,0,0,0,0,0,0,0,0,0,0,0,0,0,0,0,0,0,0,0,0,0,0,0,0,0,0,0,0,0,0,0,0,0,0,0,0,0,0,0,0,0,0,0,0,0,0,0,0,0,0,0,0,0,0,0,0,0,0,0,0,0,0,0,0,0,0,46,0,119,0,62,0,193,0,38,0,0,0,14,0,24,0,72,0,30,0,0,0,0,0,32,0,6,0,12,0,9,0,3,0,8,0,0,0,0,0,2,0,0,0,0,0,0,0,0,0,0,0,79,0,37,0,0,0,0,0,0,0,0,0,0,0,48,0,0,0,0,0,18,0,101,0,17,0,0,0,0,0,54,0,0,0,0,0,0,0,0,0,0,0,23,0,5,0,5,0,44,0,0,0,0,0,5,0,0,0,0,0,0,0,0,0,0,0,0,0,0,0,0,0,26,0,10,0,0,0,0,0,45,0,0,0,0,0,0,0,0,0,119,0,55,0,28,14,2,1,0,0,0,0,0,0,0
0,0,0,0,0,0,0,0,0,0,0,0,0,0,0,0,0,0,0,0,0,6,0,0,0,0,0,0,0,0,0,0,0,0,0,0,0,0,0,0,0,0,0,0,0,0,0,0,0,0,0,0,0,0,0,0,0,0,0,0,0,0,0,0,0,0,0,0,0,0,0,7,0,67,0,60,0,24,0,0,0,0,0,3,0,26,0,29,0,0,0,0,0,0,0,0,0,0,0,0,0,0,0,0,0,1,0,0,0,0,0,0,0,0,0,0,0,0,0,0,0,11,0,45,0,20,0,0,0,0,0,0,0,0,0,87,0,0,0,3,0,8,0,11,0,16,0,0,0,0,0,0,0,0,0,0,0,0,0,0,0,0,0,8,0,0,0,0,0,4,0,3,0,0,0,0,0,0,0,0,0,30,0,0,0,0,0,0,0,0,0,0,0,0,0,0,0,0,0,30,0,30,5,0,0,0,0,0,0,0,0,0,2,0,4,0,0,0,7,0,0,0,0,1,0
