0,360,21,76,91,8,5,170,20,119,113,22,167,1,23,71,51,21,19,0,0,0,107,36,12,210,19,0,87,6,12,0,36,0,14,0,98,0,350,0,18,0,7,0,12,0,0,0,0,0,11,0,2,3,1,5,5,0,0,0,108,6,146,25,14,0,13,0,0,0,0,0,0,0,0,0,0,0,0,0,0,0,2,0,1,0,0,0,0,0,0,0,0,0,0,0,0,0,0,0,0,0,0,0,0,0,0,0,0,0,0,0,0,0,0,0,0,0,0,0,0,0,0,0,3,0,6,0,1,0,5,0,5,0,13,0,8,0,0,0,0,0,4,0,0,0,19,0,12,0,13,0,15,0,2,0,0,0,0,0,5,0,0,0,0,0,6,0,6,0,0,0,135,0,4,0,137,38,15,8,8,0,35,19,9,0,4,0,0,0,0,0,0,0,0,0,0,0,4,0,5,0,0,0,0,0,0,0,5,0,0,0,0,0,43,0,0,0,5,0,229,0,16,0,11,0,167,24,143,0,114,0,229,1,20,0,14,0,104,0,63,0,124,0,255,0,0,0,0
360,0,154,40,20,271,55,87,9,76,29,239,5,114,15,58,75,58,0,83,12,25,219,62,130,21,0,166,4,75,0,38,0,40,0,0,0,102,15,125,1,40,0,11,0,17,0,19,0,16,0,16,0,4,0,15,0,6,0,2,0,150,0,171,1,50,1,0,0,0,0,0,0,0,0,0,0,0,0,0,0,0,0,0,0,5,0,0,0,0,0,0,0,0,0,0,0,0,0,0,0,0,0,0,0,0,0,0,0,0,0,0,0,0,0,0,0,0,0,0,0,0,0,0,0,2,0,4,0,0,0,0,0,0,0,29,0,26,0,6,0,0,0,4,0,9,0,12,0,13,0,34,0,27,0,12,0,9,0,0,0,4,0,2,0,0,0,1,0,5,0,19,0,47,0,3,4,253,0,13,0,14,3,8,0,15,0,5,0,0,0,0,0,0,0,0,0,5,0,0,0,0,0,0,0,0,0,2,0,21,0,10,0,5,0,64,0,1,0,13,0,408,0,26,0,19,3,194,0,140,0,111,0,482,2,42,0,33,0,74,0,26,0,59,3,247,0,0,0
21,154,0,27,171,32,47,33,17,14,7,45,72,0,215,78,34,10,112,0,58,0,327,19,89,39,79,0,238,0,110,0,187,0,21,0,111,0,471,0,34,0,0,0,43,0,19,0,0,0,17,0,5,0,69,0,12,0,13,0,42,0,93,9,15,0,0,0,0,0,19,0,0,0,12,0,0,0,0,0,0,0,0,0,39,0,14,0,0,0,59,0,0,0,0,0,30,0,0,0,0,0,0,0,53,0,123,0,0,0,0,0,0,0,0,0,0,0,0,0,0,0,0,0,14,0,23,0,0,0,19,0,20,0,110,0,114,0,1,0,0,0,95,1,0,0,52,0,37,0,29,0,35,0,0,0,0,0,0,0,11,0,9,0,4,0,15,0,17,0,6,0,129,0,0,0,18,16,0,12,0,0,0,11,6,0,1,0,0,0,0,0,0,0,6,0,0,0,14,0,52,0,0,0,0,0,0,0,18,0,0,0,0,0,35,0,0,0,5,0,309,0,0,0,14,0,108,15,216,0,121,0,198,0,10,0,12,4,55,0,39,0,65,0,172,0,0,0,0
76,40,27,0,10,68,0,53,0,2,24,4,0,5,11,97,12,33,1,100,0,84,58,150,10,32,0,78,1,36,0,42,0,79,0,22,1,96,0,69,0,0,0,0,0,14,0,3,0,1,0,0,0,0,0,88,0,6,0,0,1,33,0,34,0,0,1,0,0,0,0,0,0,0,0,0,0,0,0,0,0,7,0,0,0,40,0,6,0,3,0,0,0,0,0,0,0,49,0,13,0,0,0,4,0,6,0,32,0,0,0,0,0,0,0,0,0,0,0,0,0,0,0,0,0,1,0,0,0,0,0,0,0,7,0,75,0,19,0,27,0,16,0,17,0,6,0,1,0,0,0,5,0,4,1,0,0,0,0,0,0,0,0,0,0,0,0,3,0,0,0,2,0,26,0,0,0,30,0,3,0,0,0,1,0,0,0,0,0,0,0,0,0,0,0,0,0,0,0,1,0,12,0,0,0,0,0,0,0,21,0,0,0,2,0,14,0,0,0,0,0,156,0,0,0,7,0,48,0,85,0,37,0,138,0,6,0,3,0,21,0,0,0,0,0,51,0,0,0
91,20,171,10,0,130,6,0,6,1,33,103,167,51,110,139,12,0,123,61,139,27,19,28,0,4,92,0,0,0,241,0,275,0,84,0,254,16,132,4,74,0,18,0,14,0,41,0,2,0,50,0,4,0,0,0,0,0,0,0,0,0,0,0,7,0,4,0,0,0,0,0,0,0,0,0,0,0,0,0,0,0,0,0,0,0,0,0,0,0,0,0,0,0,0,0,0,0,0,0,0,0,0,0,0,0,0,0,0,0,0,0,0,0,0,0,0,0,1,0,0,0,0,0,0,0,5,0,0,0,2,0,1,0,18,0,15,0,0,0,0,0,13,0,5,0,21,0,13,0,15,0,22,0,0,0,0,0,0,0,12,0,10,0,18,0,45,0,15,0,7,0,44,0,9,0,92,11,13,23,12,0,13,0,13,0,6,0,0,0,0,0,0,0,0,0,0,0,6,0,0,0,0,0,0,0,0,0,0,0,0,0,0,0,3,0,0,0,7,0,128,0,4,0,40,0,159,8,132,0,75,0,61,0,5,0,14,0,21,0,6,0,33,0,92,0,0,0,0
8,271,32,68,130,0,0,45,0,36,89,155,80,106,146,94,0,5,89,224,44,129,35,88,0,0,0,222,0,0,0,135,0,201,0,129,2,176,0,33,0,37,0,0,0,13,0,32,0,3,0,21,0,8,0,19,0,0,0,1,0,0,0,4,0,11,0,0,0,0,0,0,0,0,0,0,0,0,0,0,0,0,0,0,0,0,0,0,0,0,0,0,0,0,0,0,0,7,0,0,0,0,0,0,0,0,0,3,0,0,0,0,0,0,0,0,0,0,0,0,0,0,0,0,0,4,0,1,0,0,0,0,0,10,0,48,0,20,0,8,0,5,0,0,0,10,0,0,0,0,0,14,0,19,0,13,0,14,0,0,0,0,0,0,0,1,0,16,0,0,0,0,0,22,0,4,3,151,0,10,0,12,0,2,0,14,0,10,0,0,0,0,0,0,0,0,0,3,0,0,0,6,0,0,0,0,0,0,0,19,0,0,0,0,0,16,0,0,0,17,0,173,0,0,0,35,0,91,0,114,0,64,0,125,1,10,1,17,0,15,0,0,0,0,0,0,0,0,0
5,55,47,0,6,0,0,62,36,187,0,3,0,0,14,3,47,8,9,0,8,0,20,1,229,54,2,0,34,1,0,0,0,0,0,0,0,0,44,0,0,0,0,0,0,0,0,0,4,0,5,0,94,15,306,52,17,0,45,10,273,0,343,33,6,0,9,9,0,0,0,1,0,0,0,0,0,0,0,0,0,0,0,0,27,0,0,0,0,0,0,0,0,0,0,0,28,0,0,1,0,0,0,0,12,0,0,0,0,0,0,0,0,0,0,0,0,0,0,0,0,0,0,0,13,0,23,0,5,0,24,0,18,0,69,0,87,0,2,0,0,0,74,0,0,0,27,0,13,0,23,0,0,0,10,0,0,0,0,0,6,0,0,0,0,0,0,0,0,0,39,0,184,0,0,0,17,12,0,0,1,0,2,5,0,0,0,0,0,0,0,0,0,0,0,0,2,0,5,0,28,0,0,0,0,0,0,0,12,0,21,0,0,0,232,0,0,0,31,0,414,0,61,0,44,0,126,0,304,0,63,0,253,0,32,0,8,0,111,0,56,0,99,0,285,0,0,0,0
170,87,33,53,0,45,62,0,73,27,0,15,0,8,0,26,41,61,0,10,0,9,32,17,117,258,0,21,0,66,0,0,0,0,0,0,0,28,0,95,0,0,0,0,0,2,0,3,0,0,0,0,0,18,4,253,0,19,0,12,0,138,10,286,0,0,1,0,0,0,0,0,0,0,0,0,0,0,0,0,0,0,0,0,0,14,0,0,0,0,0,0,0,0,0,2,0,31,0,5,0,0,0,0,0,0,0,0,0,0,0,0,0,0,0,0,0,0,0,0,0,0,0,0,0,6,0,5,0,8,0,13,0,30,0,85,0,61,0,31,0,18,0,0,0,1,0,0,0,0,0,5,0,0,0,0,0,12,0,0,0,2,0,0,0,0,0,0,0,0,0,25,4,79,0,0,4,31,0,0,0,0,0,4,0,1,0,0,0,0,0,0,0,0,0,0,0,0,0,0,0,0,0,0,0,0,0,0,0,62,0,0,0,0,0,77,0,0,0,23,0,483,0,21,0,40,3,78,2,201,0,55,0,358,1,33,0,5,1,76,0,14,0,38,2,203,0,0,0
20,9,17,0,6,0,36,73,0,390,11,0,8,1,0,0,11,7,0,0,0,0,0,0,5,79,0,0,2,0,1,0,4,0,3,0,0,0,11,0,0,0,0,0,0,0,2,0,2,0,0,0,169,44,54,169,17,7,46,81,248,0,248,34,31,0,96,80,0,0,0,0,2,0,0,0,0,0,0,0,0,0,0,0,2,0,2,1,0,0,0,0,0,0,0,0,0,0,0,0,0,0,0,0,2,0,0,0,0,0,0,0,0,0,0,0,0,0,0,0,2,0,0,1,14,0,23,0,0,1,11,0,1,0,17,0,10,0,0,0,0,0,0,0,1,0,36,0,50,0,15,0,25,0,9,7,5,0,0,2,44,2,0,0,0,0,0,0,5,0,41,0,68,0,0,0,179,41,0,0,3,0,10,3,10,7,1,0,0,0,0,0,0,0,0,0,0,0,6,0,0,0,0,0,0,0,2,0,3,1,9,0,0,0,147,0,1,0,4,0,180,0,27,0,33,0,124,0,223,0,46,0,200,0,29,2,7,0,121,0,79,0,118,0,280,0,0,0,0
119,76,14,2,1,36,187,27,390,0,0,99,2,24,0,0,34,0,0,15,0,0,6,0,163,35,0,34,2,9,0,0,0,0,0,0,0,7,1,0,0,11,0,0,0,4,0,5,0,1,0,0,27,57,120,106,0,8,12,26,5,109,45,186,0,181,13,35,0,0,0,0,0,0,0,0,0,0,0,0,0,3,0,0,0,0,0,0,0,0,0,0,0,0,0,0,0,0,0,0,0,0,0,0,0,0,0,0,0,0,0,0,0,0,0,0,0,0,0,0,0,0,0,0,0,44,0,26,0,5,0,15,0,38,1,88,0,71,0,17,0,0,1,0,0,0,0,33,0,39,0,86,0,66,0,23,0,70,0,0,0,0,0,0,0,2,0,0,0,4,0,37,0,32,0,0,44,428,0,3,0,13,5,54,2,28,0,3,0,0,0,0,0,1,0,0,0,0,0,8,0,13,0,0,0,0,0,6,0,137,0,0,0,0,1,155,0,0,0,13,3,276,0,31,0,28,6,76,0,193,0,39,2,311,4,32,0,7,0,110,0,24,1,38,0,233,0,0,0
113,29,7,24,33,89,0,0,11,0,0,57,187,5,11,134,0,0,21,11,23,7,4,61,0,0,32,0,10,0,73,0,179,0,34,0,164,0,76,0,16,0,8,0,23,0,12,0,6,0,12,0,1,0,0,0,0,0,2,0,0,0,0,0,7,0,3,0,0,0,0,0,0,0,0,0,0,0,0,0,0,0,0,0,0,0,0,0,0,0,0,0,0,0,0,0,0,0,0,0,0,0,0,0,0,0,0,0,0,0,0,0,0,0,0,0,0,0,0,0,0,0,0,0,0,0,4,0,0,0,0,0,0,0,4,0,0,0,0,0,0,0,0,0,0,0,7,0,5,0,6,0,6,0,0,0,0,0,0,0,3,0,0,0,0,0,11,0,4,0,0,0,20,0,9,0,91,4,35,0,24,0,27,0,3,0,17,0,0,0,0,0,0,0,0,0,0,0,0,0,0,0,0,0,0,0,0,0,0,0,2,0,0,0,0,0,0,0,0,0,65,0,0,0,13,0,93,14,65,0,51,0,0,1,0,0,3,0,5,0,6,0,19,0,67,0,0,0,0
22,239,45,4,103,155,3,15,0,99,57,0,35,279,129,29,13,38,78,58,42,50,87,88,2,2,9,250,0,15,13,52,0,197,0,72,0,291,0,86,0,135,0,8,0,23,0,52,0,20,0,21,0,6,0,6,0,0,0,0,0,11,0,9,0,19,0,1,0,0,0,0,0,0,0,0,0,0,0,0,0,0,0,0,0,0,0,0,0,0,0,0,0,0,0,0,0,0,0,0,1,0,0,0,0,0,0,0,0,0,0,0,0,0,0,0,0,0,0,0,0,0,0,0,0,2,0,0,0,0,0,0,0,0,0,16,0,3,0,7,0,2,0,0,0,5,0,0,2,8,0,18,0,23,0,6,0,10,0,0,0,2,0,1,0,0,0,6,0,1,0,0,0,15,0,3,3,193,3,16,0,27,0,6,0,16,0,33,0,0,0,0,0,0,0,0,0,0,0,0,0,1,0,0,0,0,0,0,0,5,0,0,0,0,0,16,0,2,0,0,0,168,0,0,0,15,0,133,0,65,0,108,0,173,0,12,0,16,1,28,0,9,0,15,0,104,0,0,0
167,5,72,0,167,80,0,0,8,2,187,35,0,125,14,49,1,0,61,120,89,70,0,5,0,0,95,222,0,0,70,0,26,0,442,36,97,5,0,0,224,53,92,0,73,9,74,0,21,0,280,16,0,0,3,0,0,0,0,0,0,0,0,0,13,0,5,0,0,0,0,0,0,0,1,0,0,0,0,0,0,0,0,0,0,0,0,0,1,0,0,0,1,0,0,0,0,0,0,0,0,0,0,0,0,0,0,0,0,0,0,0,0,0,0,0,0,0,1,0,0,0,0,0,0,0,0,0,0,0,0,0,0,0,12,0,4,0,0,0,0,0,0,0,0,0,10,0,12,0,16,0,19,0,0,0,0,0,0,0,3,0,0,0,65,0,11,0,14,0,0,0,4,0,21,0,192,20,63,1,29,0,16,0,13,0,53,0,0,0,0,0,0,0,0,0,0,0,0,0,0,0,0,0,0,0,0,0,0,0,0,0,0,0,0,0,0,0,99,25,26,0,7,0,216,0,87,1,23,0,0,0,0,0,0,0,13,0,0,0,0,0,0,0,0,0,0,0,0
1,114,0,5,51,106,0,8,1,24,5,279,125,0,11,6,1,0,376,38,62,61,0,0,0,0,109,115,0,0,0,8,0,5,42,176,0,39,0,0,0,383,28,127,15,45,0,139,5,14,24,163,0,0,0,0,0,0,0,1,0,0,0,0,0,0,0,0,0,0,0,0,0,0,0,0,0,0,0,0,0,0,0,0,0,0,0,0,0,0,0,0,0,0,0,0,0,0,0,0,0,0,0,0,0,0,0,0,0,0,0,0,0,0,0,0,0,0,0,0,0,0,0,0,0,0,0,0,0,0,0,1,0,0,0,3,0,0,0,0,0,0,0,0,0,2,0,1,0,0,0,6,0,6,0,0,0,0,0,0,0,0,0,0,0,13,0,0,0,0,0,1,0,0,0,3,0,425,0,16,0,18,0,3,0,3,8,137,0,0,0,0,0,0,0,0,0,0,0,0,0,0,0,0,0,0,0,0,0,0,0,0,0,2,0,0,0,0,0,192,0,39,0,17,0,195,0,79,0,69,0,32,0,39,0,2,1,4,0,3,0,0,0,0,0,0,0,0,0
23,15,215,11,110,146,14,0,0,0,11,129,14,11,0,172,27,0,139,27,124,13,122,51,7,1,38,0,10,1,173,6,77,14,9,0,79,25,11,6,8,0,8,0,5,0,6,0,0,0,17,1,9,0,15,0,0,0,0,0,0,0,11,0,2,0,0,0,0,0,0,0,0,0,0,0,0,0,0,0,0,0,0,0,14,0,0,0,0,0,24,0,0,0,0,0,27,0,9,0,0,0,0,0,0,0,23,0,0,0,0,0,0,0,0,0,0,0,0,0,0,0,0,0,0,0,8,0,0,0,0,0,0,0,14,0,14,0,0,0,1,0,16,0,0,0,6,0,2,0,5,0,5,0,1,0,0,0,0,0,2,0,0,0,8,0,36,0,0,1,0,0,18,0,3,0,25,9,0,18,2,0,2,0,0,0,0,0,0,0,0,0,0,0,3,0,0,0,0,0,0,0,0,0,0,0,1,0,0,0,2,0,0,0,4,0,2,0,0,1,74,0,6,0,9,0,153,4,52,0,38,0,30,0,4,0,0,0,12,0,0,0,19,0,65,0,0,0,0
71,58,78,97,139,94,3,26,0,0,134,29,49,6,172,0,25,5,48,263,53,174,113,89,0,46,3,111,0,11,20,89,16,90,0,71,0,86,0,17,1,5,0,0,3,12,0,2,0,5,0,28,0,5,0,43,0,11,0,4,0,14,0,27,7,2,2,0,0,0,0,0,0,0,0,0,0,0,0,0,0,25,0,0,0,133,0,0,0,0,0,6,0,0,0,0,0,70,0,39,0,0,0,0,0,0,0,37,0,0,0,0,0,0,0,0,0,0,0,0,0,18,0,7,0,0,0,0,0,0,0,0,0,0,0,73,0,0,0,20,0,19,0,42,0,4,0,0,2,0,0,5,0,0,1,14,0,0,0,7,1,0,0,0,0,3,0,18,0,0,0,3,0,12,0,1,2,53,2,16,0,0,2,0,0,2,0,3,0,0,0,0,0,0,0,0,0,0,0,0,0,0,0,0,0,0,0,0,0,15,0,0,0,0,0,9,0,0,0,0,0,81,0,0,0,12,0,208,0,56,0,91,0,163,0,12,0,10,0,22,0,7,0,22,0,99,0,0,0
51,75,34,12,12,0,47,41,11,34,0,13,1,1,27,25,0,0,30,0,184,0,71,0,23,39,37,0,210,0,56,0,54,0,29,0,27,0,200,0,0,0,38,0,18,0,0,0,0,0,33,0,43,0,5,0,0,0,0,0,50,0,280,8,0,0,0,0,0,0,143,0,0,0,80,0,0,0,0,0,243,0,0,0,188,0,102,0,0,0,124,0,0,0,148,0,205,0,245,0,137,0,0,0,0,0,60,0,0,0,0,0,0,0,0,0,0,0,0,0,307,0,195,0,0,1,0,0,0,0,0,0,0,0,0,0,25,0,67,0,63,0,103,0,23,0,0,0,0,0,0,0,0,0,10,0,0,0,9,0,0,0,0,0,0,0,0,0,10,0,1,0,59,0,1,0,1,2,0,3,0,0,34,1,0,0,0,0,0,0,0,0,0,0,0,0,0,0,0,0,0,0,0,0,0,0,0,0,0,0,0,0,0,0,8,0,0,0,2,0,107,0,17,0,0,0,49,2,98,0,19,0,38,3,0,0,3,0,17,0,0,0,19,0,76,0,0,0,0
21,58,10,33,0,5,8,61,7,0,0,38,0,0,0,5,0,0,0,0,0,87,10,75,9,175,0,0,0,150,0,30,0,32,0,14,0,64,0,109,0,0,0,7,0,3,0,0,0,1,0,6,0,53,0,7,0,6,0,0,0,32,0,389,0,0,0,0,0,0,0,6,0,0,0,0,0,0,0,0,0,16,0,0,0,141,0,15,0,0,0,0,0,0,0,0,0,33,0,31,0,0,0,0,0,0,0,13,0,0,0,0,0,0,0,0,0,0,0,0,0,33,0,27,0,0,0,2,0,7,1,0,0,26,0,55,0,134,0,63,0,90,0,353,0,32,1,0,0,0,0,0,0,0,0,12,0,1,0,10,0,0,0,0,0,0,0,2,0,5,0,9,0,24,0,0,0,8,0,20,0,0,0,0,0,0,0,0,0,0,0,0,0,0,0,0,0,0,0,0,0,0,0,0,0,0,0,0,0,20,0,1,0,0,0,8,0,0,0,0,0,147,0,4,0,6,0,111,0,95,0,22,0,82,0,0,0,3,0,9,0,3,0,7,0,40,0,0,0
19,0,112,1,123,89,9,0,0,0,21,78,61,376,139,48,30,0,0,267,123,129,169,0,9,0,91,354,2,0,71,13,8,0,209,53,21,11,0,0,57,57,27,25,24,4,42,21,4,1,238,13,15,0,10,0,0,0,0,0,0,0,15,0,0,0,0,0,0,0,0,0,0,0,0,0,0,0,0,0,0,0,0,0,0,0,0,0,0,0,0,0,0,0,0,0,0,0,0,0,0,0,0,0,0,0,17,0,0,0,0,0,0,0,0,0,0,0,0,0,0,0,0,0,0,0,0,0,0,0,0,0,0,0,0,0,0,0,0,0,0,0,0,0,0,0,7,0,7,0,5,0,12,0,0,0,0,0,0,0,0,0,0,0,104,0,35,0,45,0,0,0,9,0,0,0,60,28,15,7,5,0,0,0,3,1,5,7,0,0,0,0,0,0,0,0,3,0,0,0,0,0,0,0,0,0,0,0,0,0,0,0,1,0,0,0,0,0,87,22,55,0,0,0,306,0,128,0,75,0,23,0,0,0,4,1,29,0,0,0,0,0,7,0,52,0,0,0,0
0,83,0,100,61,224,0,10,0,15,11,58,120,38,27,263,0,0,267,0,41,207,3,57,0,9,21,252,0,0,0,75,0,13,0,236,0,56,0,0,1,24,9,31,0,14,0,38,0,0,10,69,0,7,0,15,0,0,0,0,0,0,0,11,0,6,0,0,0,0,0,0,0,0,0,0,0,0,0,0,0,0,0,0,0,0,0,0,0,0,0,0,0,0,0,0,0,0,0,0,0,0,0,0,0,0,0,0,0,0,0,0,0,0,0,0,0,0,0,0,0,6,0,0,0,1,0,0,0,0,0,0,0,0,0,32,0,14,0,0,0,0,0,0,0,2,0,3,0,0,0,0,0,12,0,0,0,5,0,0,0,2,0,0,0,15,0,27,0,7,0,3,0,12,0,2,4,95,0,6,0,10,0,0,0,8,6,41,0,0,0,0,0,0,0,0,0,0,0,0,0,0,0,0,0,0,0,0,0,13,0,0,0,0,0,0,0,0,0,64,0,64,0,0,0,108,0,98,0,73,0,33,0,36,0,5,0,10,0,7,0,0,0,0,0,20,0,0,0
0,12,58,0,139,44,8,0,0,0,23,42,89,62,124,53,184,0,123,41,0,20,288,12,19,0,42,40,51,0,62,2,40,5,71,0,55,0,6,0,0,0,76,3,16,0,0,0,0,0,105,0,4,0,0,0,6,0,0,0,0,0,53,0,3,0,0,0,0,0,82,0,0,0,35,0,0,0,0,0,0,0,0,0,0,0,0,0,0,0,0,0,0,0,0,0,0,0,31,0,0,0,0,0,0,0,0,0,0,0,0,0,0,0,0,0,0,0,0,0,87,0,0,0,0,0,0,0,0,0,0,0,0,0,0,0,0,0,0,0,0,0,5,0,19,0,0,0,0,0,0,0,3,0,0,0,3,0,0,0,7,0,0,0,41,0,98,0,36,0,4,0,40,0,0,0,5,4,0,4,0,0,2,1,1,0,0,0,0,0,0,0,0,0,0,0,0,0,0,0,0,0,0,0,0,0,0,0,0,0,0,0,0,0,4,0,0,0,31,5,101,0,0,0,129,0,232,2,150,0,60,0,41,0,7,0,15,2,0,0,0,0,19,0,115,0,0,0,0
0,25,0,84,27,129,0,9,0,0,7,50,70,61,13,174,0,87,129,207,20,0,0,211,0,64,24,203,0,17,0,54,0,24,26,93,0,17,0,3,4,5,0,126,0,44,0,5,0,0,11,96,0,16,0,0,0,0,0,4,0,1,0,37,0,0,0,0,0,0,0,16,0,1,0,0,0,0,0,5,0,0,0,0,0,137,0,0,0,0,0,0,0,0,0,0,0,0,0,0,0,0,0,0,0,0,0,0,0,0,0,0,0,0,0,0,0,0,0,0,0,75,0,57,0,0,0,0,0,0,0,0,0,0,0,0,0,30,0,16,0,40,0,219,0,80,0,0,0,0,0,1,0,0,0,6,0,2,0,0,0,0,0,0,0,24,0,50,0,0,0,0,0,28,0,0,0,11,0,16,0,0,0,0,0,1,1,8,0,0,0,0,0,0,0,0,0,0,0,0,0,0,0,0,0,0,0,0,0,0,0,0,0,0,0,0,0,0,0,55,0,86,0,9,0,75,0,113,0,111,0,54,0,92,0,8,0,0,0,8,0,0,0,6,0,39,0,0,0
107,219,327,58,19,35,20,32,0,6,4,87,0,0,122,113,71,10,169,3,288,0,0,59,27,35,55,0,70,5,35,0,20,0,53,0,33,0,61,0,0,0,22,0,66,0,0,0,4,0,36,0,5,0,30,0,0,0,0,0,12,0,55,9,2,0,0,0,0,0,13,0,0,0,11,0,0,0,0,0,0,0,0,0,83,0,19,0,0,0,128,0,0,0,0,0,140,0,54,0,0,0,0,0,0,0,0,0,0,0,0,0,0,0,0,0,0,0,0,0,45,0,26,0,0,0,0,0,0,0,0,0,1,0,6,0,30,0,2,0,0,0,18,0,3,0,1,0,0,0,0,0,0,0,0,0,0,0,0,0,0,0,0,0,0,0,3,0,0,0,0,0,32,0,0,0,13,14,0,13,0,0,6,7,0,0,0,0,0,0,0,0,0,0,0,0,0,0,0,0,0,0,0,0,0,0,0,0,2,0,0,0,0,0,14,0,0,0,2,0,60,0,0,0,8,0,99,23,64,0,18,0,33,2,3,0,3,0,17,0,8,0,19,0,42,0,0,0,0
36,62,19,150,28,88,1,17,0,0,61,88,5,0,51,89,0,75,0,57,12,211,59,0,0,102,0,66,3,21,5,66,7,22,0,68,0,61,4,34,0,1,0,21,0,19,0,0,0,2,0,45,0,35,0,0,0,5,1,0,0,11,0,96,0,2,0,0,0,0,0,8,0,0,0,2,0,5,0,2,0,38,0,0,0,192,0,35,0,0,0,11,0,0,0,0,0,77,0,60,0,0,0,0,0,0,0,43,0,0,0,0,0,0,0,0,0,0,0,0,0,57,0,17,0,0,0,3,0,6,0,1,0,28,0,52,0,47,0,21,0,20,0,213,0,0,0,0,0,0,0,0,0,0,0,0,0,0,1,5,0,0,0,0,0,0,0,9,0,12,0,0,0,18,0,0,0,17,0,30,0,0,0,0,0,0,0,0,0,0,0,0,0,0,0,0,0,0,0,0,0,0,0,0,0,0,0,0,0,7,0,2,0,0,0,22,0,0,0,0,0,191,0,0,0,0,0,309,0,110,0,126,0,214,0,0,0,20,0,29,0,16,0,22,0,102,0,0,0
12,130,89,10,0,0,229,117,5,163,0,2,0,0,7,0,23,9,9,0,19,0,27,0,0,110,0,0,41,2,8,0,5,0,0,0,8,0,47,0,0,0,0,0,0,0,3,0,0,0,6,0,59,2,121,4,0,0,6,0,35,3,78,32,0,0,0,0,0,0,19,0,8,0,18,0,0,0,0,0,80,0,0,0,288,0,29,0,67,0,307,0,0,0,82,0,387,0,158,0,84,0,0,0,32,0,223,0,0,0,0,0,0,0,0,0,0,0,0,0,62,0,126,0,0,0,5,0,4,0,0,0,13,0,20,0,87,1,15,0,15,0,95,2,0,0,5,0,1,0,0,2,0,0,3,0,0,0,3,0,3,0,0,0,0,0,0,0,0,0,5,0,47,0,0,0,0,7,0,0,0,0,2,6,0,0,0,0,0,0,0,0,0,0,0,0,0,0,0,0,13,0,0,0,0,0,0,0,7,0,2,0,0,0,17,0,0,0,0,0,62,0,0,0,0,0,53,0,60,0,13,0,59,0,3,0,2,0,12,0,22,0,16,0,44,0,0,0,0
210,21,39,32,4,0,54,258,79,35,0,2,0,0,1,46,39,175,0,9,0,64,35,102,110,0,0,16,0,122,0,18,0,13,0,0,0,29,0,101,0,0,0,3,0,0,0,0,0,1,0,0,3,32,1,154,0,34,0,5,1,105,16,270,6,0,2,0,0,0,0,3,0,0,0,0,0,0,0,0,0,20,0,0,0,221,0,21,0,0,0,0,0,0,0,0,0,172,0,40,0,0,0,0,0,22,0,78,0,0,0,0,0,0,0,0,0,0,0,0,0,18,0,6,0,0,0,3,0,13,1,2,0,59,0,167,0,110,0,83,0,40,0,198,0,7,0,0,0,0,0,0,0,0,0,34,0,5,1,22,0,0,0,0,0,0,0,0,0,0,0,23,0,50,0,0,0,4,0,0,0,0,2,0,1,0,0,0,0,0,0,0,0,0,0,0,0,0,0,0,0,0,0,0,0,0,0,0,0,35,0,0,0,0,0,54,0,0,0,7,0,332,0,11,1,20,1,149,0,122,0,30,0,253,2,18,0,5,0,59,0,13,0,20,3,147,0,0,0
19,0,79,0,92,0,2,0,0,0,32,9,95,109,38,3,37,0,91,21,42,24,55,0,0,0,0,248,20,0,18,0,0,0,72,0,24,0,2,0,58,86,296,0,116,9,43,64,14,6,239,0,1,0,0,0,0,0,0,0,0,0,0,0,5,0,0,0,0,0,0,0,0,0,0,0,0,0,0,0,0,0,0,0,0,0,0,0,0,0,0,0,6,0,0,0,0,0,0,0,0,0,0,0,0,0,0,0,0,0,0,0,0,0,0,0,0,0,0,0,0,0,0,0,0,0,0,0,0,0,0,0,0,0,0,0,0,0,0,0,0,0,0,0,7,0,0,0,7,0,8,0,10,0,0,0,0,0,0,0,0,0,0,0,64,0,10,0,19,0,0,0,0,0,3,0,18,21,34,0,4,0,4,0,7,0,26,0,0,0,0,0,0,0,0,0,0,0,0,0,0,0,0,0,0,0,0,0,0,0,0,0,0,0,0,0,0,0,232,68,3,0,12,0,272,0,14,0,19,0,3,0,0,0,1,0,0,0,0,0,0,0,0,0,0,0,0,0,0
0,166,0,78,0,222,0,21,0,34,0,250,222,115,0,111,0,0,354,252,40,203,0,66,0,16,248,0,0,0,0,21,0,0,62,111,0,27,0,0,86,60,99,287,23,92,38,56,3,4,71,275,0,19,0,13,0,0,0,0,0,0,0,14,0,0,0,0,0,0,0,0,0,0,0,0,0,0,0,0,0,0,0,0,0,0,0,0,0,0,0,0,0,0,0,0,0,0,0,0,0,0,0,0,0,0,0,0,0,0,0,0,0,0,0,0,0,0,0,0,0,24,0,0,0,0,0,0,0,0,0,0,0,4,0,36,0,26,0,14,0,0,0,0,0,16,0,3,0,3,0,0,0,0,0,0,0,0,0,0,0,0,0,1,0,30,0,8,0,13,0,0,0,0,0,4,0,149,5,10,0,16,0,4,0,13,23,43,0,0,0,0,0,0,0,0,0,0,0,0,0,0,0,0,0,0,0,0,0,20,0,0,0,0,0,6,0,0,12,517,0,22,0,38,0,218,0,57,0,57,0,34,0,30,0,0,0,0,0,0,0,0,0,0,0,0,0,0,0
87,4,238,1,0,0,34,0,2,2,10,0,0,0,10,0,210,0,2,0,51,0,70,3,41,0,20,0,0,0,66,0,13,0,42,0,62,0,36,0,0,0,95,0,17,0,0,0,0,0,47,0,17,0,4,0,0,0,0,0,11,0,103,0,0,0,0,0,0,0,107,0,12,0,38,0,0,0,0,0,56,0,0,0,27,0,51,0,0,0,0,0,0,0,65,0,0,0,54,0,39,0,0,0,0,0,0,0,0,0,0,0,0,0,0,0,0,0,0,0,121,0,0,0,0,0,0,0,0,0,0,0,3,0,6,0,0,0,72,0,60,0,34,0,72,0,0,0,2,0,0,0,1,0,8,0,1,0,4,0,0,0,0,0,0,0,3,0,0,0,1,0,4,0,0,0,10,0,0,0,0,0,5,0,0,0,0,0,0,0,0,0,0,0,0,0,0,0,0,0,0,0,0,0,0,0,0,0,0,0,0,0,0,0,1,0,0,0,0,0,18,0,0,0,0,0,27,0,18,0,8,0,16,0,0,0,0,0,0,0,0,0,8,0,18,0,0,0,0
6,75,0,36,0,0,1,66,0,9,0,15,0,0,1,11,0,150,0,0,0,17,5,21,2,122,0,0,0,0,0,10,0,14,0,12,0,27,0,6,0,0,0,6,0,0,0,0,0,0,0,8,0,0,0,0,0,0,0,0,0,12,0,35,0,0,0,0,0,0,0,11,0,0,0,0,0,0,0,0,0,0,0,0,0,33,0,0,0,0,0,0,0,0,0,0,0,3,0,0,0,0,0,0,0,0,0,0,0,0,0,0,0,0,0,0,0,0,0,0,0,0,0,0,0,1,0,0,0,0,0,0,0,0,0,0,0,87,0,131,0,217,0,346,0,174,0,0,0,0,0,0,0,0,0,10,0,31,0,5,0,0,0,0,0,0,0,0,0,0,0,0,0,2,0,0,0,15,0,8,0,0,0,5,0,0,0,0,0,0,0,0,0,0,0,0,0,0,0,0,0,0,0,0,0,0,0,0,0,0,0,0,0,0,0,0,0,0,0,0,0,9,0,0,0,1,0,32,0,3,0,0,0,6,0,0,0,0,0,3,0,2,0,0,0,4,0,0,0
12,0,110,0,241,0,0,0,1,0,73,13,70,0,173,20,56,0,71,0,62,0,35,5,8,0,18,0,66,0,0,0,9,0,68,0,33,2,6,0,0,0,69,0,13,1,0,0,0,0,77,0,0,0,0,0,0,0,3,0,0,0,23,0,0,0,0,0,0,0,26,0,0,0,14,0,0,0,0,0,0,0,0,0,0,0,0,0,0,0,0,0,0,0,0,0,3,0,0,0,0,0,0,0,0,0,0,0,0,0,0,0,0,0,0,0,0,0,0,0,0,0,0,0,0,0,0,0,0,0,0,0,0,0,0,0,0,0,0,0,0,0,5,0,5,0,2,0,0,0,0,0,2,0,2,0,1,0,0,0,1,0,3,0,10,0,108,0,9,0,0,0,35,0,0,0,5,0,0,0,0,0,0,0,0,0,0,0,0,0,0,0,0,0,0,0,0,0,0,0,0,0,0,0,0,0,1,0,0,0,0,0,0,0,4,0,0,0,0,0,78,0,0,0,26,0,115,0,85,0,38,0,0,1,0,0,7,0,6,0,3,0,12,0,57,0,0,0,0
0,38,0,42,0,135,0,0,0,0,0,52,0,8,6,89,0,30,13,75,2,54,0,66,0,18,0,21,0,10,0,0,0,0,0,8,0,7,0,3,0,1,0,48,0,21,0,0,0,0,2,46,0,8,0,5,0,0,0,0,0,0,0,11,0,0,0,1,0,0,0,8,0,0,0,0,0,0,0,0,0,0,0,0,0,0,0,0,0,0,0,0,0,0,0,0,0,0,0,0,0,0,0,0,0,0,0,0,0,0,0,0,0,0,0,0,0,0,0,0,0,32,0,23,0,0,0,0,0,0,0,0,0,0,0,0,0,0,0,0,0,0,0,106,0,44,0,0,0,2,0,0,0,0,0,0,0,0,0,0,0,0,0,1,0,7,0,10,0,0,0,0,0,7,0,0,0,2,0,13,0,2,0,0,0,3,0,3,0,0,0,0,0,0,0,0,0,0,0,0,0,0,0,0,0,0,0,0,0,0,0,2,0,0,0,0,0,0,0,0,0,51,0,6,0,0,0,49,0,41,0,0,0,40,0,3,0,2,0,0,0,0,0,0,0,0,0,0,0
36,0,187,0,275,0,0,0,4,0,179,0,26,0,77,16,54,0,8,0,40,0,20,7,5,0,0,0,13,0,9,0,0,0,85,0,129,0,2,0,0,0,41,0,0,0,0,0,0,0,28,0,2,0,0,0,0,0,0,0,2,0,15,0,1,0,1,0,0,0,38,0,5,0,14,0,0,0,0,0,0,0,0,0,0,0,0,0,0,0,0,0,0,0,0,0,0,0,0,0,0,0,0,0,0,0,0,0,0,0,0,0,0,0,0,0,0,0,0,0,33,0,0,0,0,0,0,0,0,0,0,0,0,0,0,0,0,0,2,0,0,0,0,0,25,0,0,0,1,0,0,0,0,0,0,0,5,0,0,0,3,0,0,0,3,0,98,0,0,0,2,0,25,0,0,0,10,0,0,0,0,0,4,0,0,0,0,0,0,0,0,0,0,0,0,0,0,0,0,0,0,0,0,0,0,0,0,0,0,0,1,0,0,0,0,0,0,0,0,0,87,0,0,0,9,0,130,0,99,0,25,0,0,0,2,0,0,0,7,0,0,0,7,0,0,0,0,0,0
0,40,0,79,0,201,0,0,0,0,0,197,0,5,14,90,0,32,0,13,5,24,0,22,0,13,0,0,0,14,0,0,0,0,0,2,0,69,0,0,0,0,0,2,0,1,0,0,0,0,0,8,0,2,0,7,0,0,0,0,0,6,0,0,0,0,0,0,0,0,0,10,0,0,0,0,0,0,0,0,0,0,0,0,0,62,0,21,0,0,0,4,0,0,0,0,0,0,0,0,0,0,0,0,0,0,0,0,0,0,0,0,0,0,0,0,0,0,0,0,0,34,0,29,0,0,0,0,0,0,0,0,0,0,0,15,0,13,0,9,0,37,0,108,0,83,0,0,0,0,0,0,0,0,0,0,0,0,0,1,0,0,0,0,0,1,0,11,0,0,0,2,0,6,0,0,0,35,0,62,0,0,0,0,0,0,0,0,0,0,0,0,0,0,0,0,0,0,0,0,0,0,0,0,0,0,0,0,0,0,0,0,0,0,0,2,0,0,0,4,0,46,0,0,0,8,0,62,0,54,0,9,0,0,0,0,0,2,0,0,0,2,0,0,0,0,0,0,0
14,0,21,0,84,0,0,0,3,0,34,0,442,42,9,0,29,0,209,0,71,26,53,0,0,0,72,62,42,0,68,0,85,0,0,0,87,1,9,0,11,21,22,0,11,0,5,0,2,1,86,0,0,0,1,0,0,0,0,0,0,0,8,0,0,0,0,0,0,0,35,0,0,0,15,0,0,0,0,0,8,0,0,0,0,0,0,0,0,0,0,0,0,0,0,0,0,0,0,0,0,0,0,0,0,0,0,0,0,0,0,0,0,0,0,0,0,0,0,0,0,0,0,0,1,0,0,0,0,0,0,0,0,0,0,0,0,0,0,0,0,0,0,0,10,0,0,0,0,0,4,0,2,0,0,0,0,0,0,0,0,0,0,0,16,0,16,0,8,0,0,0,4,0,0,0,9,7,29,0,3,0,1,0,0,0,4,0,0,0,0,0,0,0,0,0,0,0,0,0,0,0,0,0,0,0,0,0,0,0,0,0,0,0,0,0,0,0,28,0,0,0,0,0,64,0,38,0,25,0,0,0,0,0,0,0,0,0,0,0,0,0,0,0,0,0,0,0,0
0,0,0,22,0,129,0,0,0,0,0,72,36,176,0,71,0,14,53,236,0,93,0,68,0,0,0,111,0,12,0,8,0,2,0,0,0,94,0,9,0,0,0,7,0,3,0,0,0,0,0,29,0,5,0,0,0,0,0,0,0,7,0,0,0,0,0,0,0,0,0,23,0,9,0,0,0,0,0,0,0,0,0,0,0,53,0,27,0,0,0,0,0,0,0,0,0,0,0,0,0,0,0,0,0,0,0,0,0,0,0,0,0,0,0,0,0,0,0,0,0,49,0,42,0,0,0,0,0,0,0,0,0,0,0,0,0,0,0,0,0,0,0,108,0,92,0,0,0,0,0,0,0,0,1,0,0,1,0,0,0,0,0,0,0,22,0,36,0,4,0,4,0,13,0,0,1,0,0,5,0,0,0,0,0,0,1,23,0,0,0,0,0,0,0,0,0,0,0,0,0,0,0,0,0,0,0,0,0,0,0,0,0,0,0,0,0,0,0,60,0,38,0,3,0,76,0,78,0,67,0,0,0,39,0,6,0,0,0,0,0,0,0,0,0,0,0,0,0
98,0,111,1,254,2,0,0,0,0,164,0,97,0,79,0,27,0,21,0,55,0,33,0,8,0,24,0,62,0,33,0,129,0,87,0,0,0,43,0,2,0,112,0,53,0,1,0,1,0,130,0,0,0,0,0,6,0,14,0,12,0,7,0,0,0,3,0,0,0,126,0,0,0,26,0,0,0,0,0,0,0,0,0,0,0,0,0,0,0,0,0,0,0,0,0,0,0,17,0,0,0,0,0,0,0,0,0,0,0,0,0,0,0,0,0,0,0,1,0,100,0,0,0,0,0,0,0,0,0,0,0,0,0,0,0,0,0,67,0,66,0,0,0,167,0,0,0,6,0,1,0,4,0,9,0,22,0,5,0,10,0,22,0,27,0,93,0,26,0,25,0,35,0,2,0,9,0,5,0,0,0,16,0,0,0,1,0,0,0,0,0,0,0,0,0,0,0,0,0,0,0,0,0,0,0,0,0,0,0,0,0,0,0,0,0,0,0,5,0,83,0,0,0,31,0,64,0,122,0,26,0,11,0,0,0,8,0,0,0,1,0,0,0,34,0,0,0,0
0,102,0,96,16,176,0,28,0,7,0,291,5,39,25,86,0,64,11,56,0,17,0,61,0,29,0,27,0,27,2,7,0,69,1,94,0,0,0,10,0,3,0,23,0,21,0,0,0,0,0,67,0,3,0,0,0,0,0,1,0,30,0,4,0,0,0,0,0,0,0,17,0,4,0,0,0,0,0,4,0,21,0,0,0,44,0,15,0,0,0,0,0,0,0,0,0,8,0,23,0,0,0,0,0,0,0,0,0,0,0,0,0,0,0,0,0,0,0,0,0,44,0,42,0,0,0,0,0,0,0,0,0,0,0,8,0,0,0,14,0,56,0,118,0,138,0,0,0,2,0,0,0,0,0,4,0,14,0,0,0,0,0,4,0,8,0,24,0,0,0,3,0,20,0,0,0,23,0,83,0,2,0,0,0,0,0,5,0,0,0,0,0,0,0,0,0,0,0,0,0,0,0,0,0,0,0,0,0,0,0,0,0,0,0,0,0,0,0,24,0,77,0,7,0,56,0,118,0,130,0,18,0,31,0,0,0,10,0,3,0,0,0,5,0,18,0,0,0
350,15,471,0,132,0,44,0,11,1,76,0,0,0,11,0,200,0,0,0,6,0,61,4,47,0,2,0,36,0,6,0,2,0,9,0,43,0,0,0,0,0,6,0,0,0,0,0,0,0,5,0,6,0,0,0,0,0,3,0,19,0,33,0,0,0,0,0,0,0,68,0,0,0,24,0,0,0,0,0,25,0,0,0,7,0,21,0,0,0,0,0,3,0,0,0,0,0,21,0,19,0,0,0,0,0,0,0,0,0,0,0,0,0,0,0,0,0,0,0,82,0,13,0,0,0,0,0,1,0,0,0,0,0,8,0,0,0,41,0,31,0,14,0,87,0,4,0,0,0,0,0,3,0,20,0,33,0,0,0,1,0,2,0,1,0,8,0,5,0,4,0,26,0,1,0,45,3,1,0,0,0,87,0,0,0,0,0,0,0,0,0,0,0,0,0,0,0,0,0,0,0,0,0,1,0,0,0,1,0,1,0,0,0,3,0,0,0,0,0,35,0,1,0,0,0,24,0,33,0,8,0,0,0,0,0,0,1,0,0,2,0,4,0,23,0,0,0,0
0,125,0,69,4,33,0,95,0,0,0,86,0,0,6,17,0,109,0,0,0,3,0,34,0,101,0,0,0,6,0,3,0,0,0,9,0,10,0,0,0,0,0,9,0,1,0,0,0,0,0,13,0,0,0,0,0,0,0,0,0,9,0,8,0,0,0,1,0,0,0,0,0,0,0,0,0,0,0,0,0,0,0,0,0,17,0,0,0,0,0,0,0,0,0,0,0,0,0,0,0,0,0,0,0,0,0,0,0,0,0,0,0,0,0,0,0,0,0,0,0,12,0,0,0,0,0,0,0,0,0,0,0,0,0,0,0,10,0,0,0,13,0,23,0,27,0,0,0,0,0,0,0,0,0,1,0,6,0,0,0,0,0,0,0,0,0,0,0,0,0,1,0,7,0,0,0,12,0,25,0,0,0,8,0,0,0,0,0,0,0,0,0,0,0,0,0,0,0,0,0,0,0,0,0,0,0,0,0,0,0,0,0,0,0,0,0,0,0,0,0,7,0,0,0,0,0,35,0,0,0,0,0,4,0,0,0,0,0,0,0,0,0,0,0,0,0,0,0
18,1,34,0,74,0,0,0,0,0,16,0,224,0,8,1,0,0,57,1,0,4,0,0,0,0,58,86,0,0,0,0,0,0,11,0,2,0,0,0,0,84,179,2,86,22,53,48,211,8,50,0,1,0,1,0,0,0,0,0,0,0,0,0,0,0,0,0,0,0,0,0,0,0,0,0,0,0,0,0,0,0,0,0,0,0,0,0,0,0,0,0,0,0,0,0,1,0,0,0,0,0,0,0,0,0,0,0,0,0,0,0,0,0,0,0,0,0,0,0,0,0,0,0,1,0,0,0,0,0,0,0,0,0,0,0,0,0,0,0,0,0,0,0,0,0,0,0,2,0,0,0,0,0,0,0,0,0,0,0,0,0,0,0,74,0,0,0,0,0,0,0,0,0,8,0,25,28,50,0,13,0,0,0,0,0,112,0,0,0,0,0,0,0,0,0,0,0,0,0,0,0,0,0,0,0,0,0,2,0,0,0,0,0,0,0,0,0,287,62,0,0,90,53,38,0,0,0,0,0,0,0,1,0,0,0,0,0,0,0,0,0,0,0,0,0,0,0,0
0,40,0,0,0,37,0,0,0,11,0,135,53,383,0,5,0,0,57,24,0,5,0,1,0,0,86,60,0,0,0,1,0,0,21,0,0,3,0,0,84,0,55,178,51,96,41,125,1,119,22,71,0,1,0,0,0,0,0,0,0,0,0,0,0,0,0,0,0,0,0,0,0,0,0,0,0,0,0,0,0,0,0,0,0,0,0,0,0,3,0,0,0,0,0,2,0,0,0,0,0,0,0,0,0,0,0,0,0,0,0,0,0,0,0,0,0,0,0,0,0,0,0,0,0,0,0,0,0,0,0,0,0,0,0,0,0,0,0,0,0,0,0,0,0,0,0,0,0,2,0,12,0,10,0,0,0,0,0,0,0,0,0,0,0,21,0,0,0,0,0,0,0,0,0,10,0,134,0,7,0,22,0,0,0,8,12,19,0,0,0,0,0,0,0,0,0,0,0,0,0,0,0,0,0,0,0,0,0,0,0,0,0,0,0,0,0,0,51,149,0,0,1,293,0,4,0,0,0,0,0,0,0,0,0,0,0,0,0,0,0,0,0,0,0,0,0,0,0
7,0,0,0,18,0,0,0,0,0,8,0,92,28,8,0,38,0,27,9,76,0,22,0,0,0,296,99,95,0,69,0,41,0,22,0,112,0,6,0,179,55,0,4,123,6,100,38,43,2,113,0,0,0,0,0,0,0,11,0,0,0,9,0,0,0,2,0,0,0,62,0,9,0,0,0,0,0,0,0,0,0,0,0,0,0,0,0,0,0,0,0,0,0,0,0,0,0,0,0,0,0,0,0,0,0,0,0,0,0,0,0,0,0,0,0,0,0,0,0,0,0,12,0,0,0,0,0,0,0,0,0,0,0,0,0,0,0,0,0,16,0,0,0,29,0,0,0,0,0,0,0,2,0,3,0,0,0,0,0,4,0,13,0,44,0,36,0,14,0,10,0,9,0,0,0,3,8,13,0,2,0,0,0,2,0,54,0,0,0,0,0,0,0,0,0,0,0,0,0,0,0,0,0,0,0,0,0,0,0,0,0,0,0,0,0,0,0,206,35,19,0,69,8,110,0,11,0,26,0,0,0,0,0,1,0,1,0,0,0,0,0,0,0,12,0,0,0,0
0,11,0,0,0,0,0,0,0,0,0,8,0,127,0,0,0,7,25,31,3,126,0,21,0,3,0,287,0,6,0,48,0,2,0,7,0,23,0,9,2,178,4,0,0,57,0,67,0,6,0,41,0,0,0,0,0,0,0,1,0,1,0,0,0,0,0,0,0,3,0,0,0,0,0,0,0,0,0,0,0,0,0,5,0,0,0,0,0,0,0,0,0,0,0,0,0,0,0,0,0,0,0,0,0,0,0,0,0,0,0,0,0,0,0,0,0,0,0,0,0,19,0,16,0,0,0,0,0,0,0,0,0,0,0,0,0,0,0,0,0,0,0,0,0,0,0,0,0,0,0,0,0,0,0,0,0,0,0,1,0,0,0,0,0,17,0,1,0,0,0,0,0,0,0,0,0,6,0,0,0,1,0,0,0,0,0,40,0,0,0,0,0,0,0,0,0,0,0,0,0,0,0,0,0,0,0,0,0,0,0,0,0,0,0,0,0,0,0,201,0,9,0,23,0,78,0,11,0,26,0,4,0,5,0,1,0,0,0,0,0,0,0,0,0,0,0,0,0
12,0,43,0,14,0,0,0,0,0,23,0,73,15,5,3,18,0,24,0,16,0,66,0,0,0,116,23,17,0,13,0,0,0,11,0,53,0,0,0,86,51,123,0,0,19,101,24,135,5,29,0,6,0,0,0,6,0,0,0,0,0,0,0,1,0,0,0,7,0,50,0,0,0,23,0,7,0,0,0,0,0,13,0,0,0,0,0,0,0,5,0,7,0,0,0,0,0,0,0,0,0,0,0,0,0,0,0,0,0,0,0,0,0,0,0,0,0,0,0,0,0,0,0,0,0,0,0,0,0,0,0,0,0,0,0,0,0,0,0,0,0,5,0,0,0,0,0,0,0,3,0,0,0,0,0,3,0,0,0,4,0,4,0,104,0,13,0,11,0,0,0,4,0,2,0,9,19,8,0,3,0,0,0,3,0,21,0,0,0,0,0,0,0,0,0,0,0,0,0,0,0,0,0,0,0,0,0,0,0,0,0,0,0,0,0,0,0,273,16,15,0,237,34,52,0,15,0,30,0,0,0,0,0,0,0,0,0,0,0,0,0,0,0,14,0,0,0,0
0,17,0,14,0,13,0,2,0,4,0,23,9,45,0,12,0,3,4,14,0,44,0,19,0,0,9,92,0,0,1,21,0,1,0,3,0,21,0,1,22,96,6,57,19,0,9,101,0,36,0,82,0,0,0,0,0,0,0,1,0,0,0,3,0,0,0,0,0,0,0,4,0,0,0,1,0,4,0,0,0,0,0,14,0,0,0,8,0,11,0,0,0,0,0,15,0,0,0,8,0,0,0,12,0,2,0,0,0,0,0,0,0,0,0,0,0,0,0,0,0,0,0,6,0,1,0,0,0,0,0,0,0,0,0,0,0,0,0,0,0,0,0,0,0,17,0,0,0,0,0,1,0,0,0,2,0,0,0,0,0,0,0,0,0,50,0,8,0,48,0,1,0,2,0,0,0,59,0,0,0,1,0,0,0,0,7,56,0,0,0,0,0,0,0,1,0,0,0,0,0,5,0,0,0,0,0,0,0,0,0,0,0,0,0,0,0,11,29,361,0,15,1,291,0,80,0,18,0,52,0,4,0,10,0,6,0,0,0,0,0,0,0,0,0,12,0,0,0
0,0,19,0,41,0,0,0,2,0,12,0,74,0,6,0,0,0,42,0,0,0,0,0,3,0,43,38,0,0,0,0,0,0,5,0,1,0,0,0,53,41,100,0,101,9,0,19,35,9,25,0,1,0,0,0,0,0,0,0,0,0,0,0,0,0,0,0,0,0,0,0,0,0,0,0,0,0,0,0,0,0,0,0,0,0,0,0,0,0,0,0,0,0,0,0,0,0,0,0,0,0,1,0,0,0,1,0,0,0,0,0,0,0,0,0,0,0,0,0,0,0,0,0,0,0,0,0,0,0,0,0,0,0,0,0,0,0,0,0,0,0,1,0,0,0,0,0,0,0,0,0,2,0,0,0,0,0,0,0,0,0,0,0,48,0,0,0,0,0,0,0,0,0,3,0,7,14,8,0,2,0,1,0,2,0,25,1,0,0,0,0,0,0,0,0,0,0,0,0,0,0,0,0,0,0,0,0,0,0,0,0,0,0,0,0,0,0,196,0,0,0,46,9,36,0,0,0,0,0,0,0,0,0,0,0,0,0,0,0,0,0,0,0,0,0,0,0,0
0,19,0,3,0,32,0,3,0,5,0,52,0,139,0,2,0,0,21,38,0,5,0,0,0,0,64,56,0,0,0,0,0,0,0,0,0,0,0,0,48,125,38,67,24,101,19,0,0,35,11,40,0,0,0,0,0,0,0,0,0,0,0,0,0,0,0,1,0,0,0,0,0,0,0,0,0,0,0,0,0,0,0,0,0,0,0,0,0,0,0,0,0,0,0,0,0,0,0,0,0,0,0,1,0,0,0,0,0,0,0,0,0,0,0,0,0,0,0,0,0,0,0,0,0,0,0,0,0,0,0,0,0,0,0,0,0,0,0,0,0,0,0,0,0,0,0,0,0,1,0,2,0,0,0,0,0,0,0,0,0,0,0,0,0,22,0,0,0,0,0,0,0,0,0,0,0,42,0,0,0,0,0,1,0,1,0,6,0,0,0,0,0,0,0,0,0,0,0,0,0,1,0,0,0,0,0,0,0,0,0,0,0,0,0,0,0,0,11,139,0,0,0,111,0,0,0,0,0,0,0,0,0,0,0,0,0,0,0,0,0,0,0,0,0,0,0,0,0
0,0,0,0,2,0,4,0,2,0,6,0,21,5,0,0,0,0,4,0,0,0,4,0,0,0,14,3,0,0,0,0,0,0,2,0,1,0,0,0,211,1,43,0,135,0,35,0,0,0,0,0,0,0,4,0,5,0,6,0,0,0,0,0,0,0,0,0,1,0,0,0,0,0,0,0,0,0,0,0,0,0,1,0,0,0,0,0,2,0,0,0,0,0,3,0,0,0,0,0,0,0,2,0,1,0,0,0,0,0,0,0,0,0,0,0,0,0,0,0,0,0,0,0,0,0,0,0,0,0,0,0,0,0,0,0,0,0,0,0,0,0,0,0,1,0,0,0,0,0,0,0,0,0,0,0,0,0,1,0,8,0,0,0,14,0,0,0,1,0,3,0,5,0,3,0,17,1,10,0,0,0,0,0,0,0,92,0,4,0,0,0,0,0,0,0,0,0,0,0,1,0,0,0,0,0,0,0,0,0,0,0,0,0,0,0,3,0,46,1,5,0,101,13,8,0,4,0,14,0,0,0,0,0,1,0,0,0,0,0,0,0,0,0,1,0,0,0,0
0,16,0,1,0,3,0,0,0,1,0,20,0,14,0,5,0,1,1,0,0,0,0,2,0,1,6,4,0,0,0,0,0,0,1,0,0,0,0,0,8,119,2,6,5,36,9,35,0,0,0,1,0,1,0,1,0,0,0,0,0,0,0,0,0,0,0,0,0,8,0,0,0,0,0,1,0,0,0,0,0,0,0,7,0,0,0,0,0,0,0,0,0,3,0,0,0,0,0,0,0,0,0,2,0,0,0,0,0,0,0,0,0,0,0,0,0,0,0,0,0,0,0,0,0,0,0,0,0,0,0,0,0,0,0,0,0,0,0,0,0,0,0,0,0,0,0,0,0,0,0,1,0,0,0,0,0,0,0,0,0,0,0,0,0,4,0,24,0,7,0,2,0,2,0,2,0,67,0,1,0,5,0,0,0,0,2,23,0,0,0,0,0,0,0,0,0,0,0,0,0,0,0,0,0,0,0,0,0,0,0,1,0,1,0,0,0,0,20,16,0,3,1,97,0,6,0,3,0,23,0,3,0,2,0,1,0,0,0,0,0,0,0,0,0,0,0,0,0
11,0,17,0,50,0,5,0,0,0,12,0,280,24,17,0,33,0,238,10,105,11,36,0,6,0,239,71,47,0,77,2,28,0,86,0,130,0,5,0,50,22,113,0,29,0,25,11,0,0,0,0,0,0,0,0,5,0,6,0,0,0,0,0,0,0,0,0,0,0,17,0,0,0,12,0,0,0,0,0,0,0,0,0,0,0,0,0,0,0,0,0,0,0,0,0,0,0,0,0,0,0,5,0,0,0,0,0,0,0,0,0,0,0,0,0,0,0,0,0,0,0,6,0,0,0,0,0,0,0,0,0,0,0,0,0,0,0,0,0,0,0,0,0,0,0,0,0,0,0,0,0,0,0,1,0,0,0,0,0,8,0,12,0,31,0,34,0,40,0,3,0,14,0,0,0,3,5,55,0,3,0,0,0,1,0,50,0,0,0,0,0,0,0,5,0,0,0,0,0,0,0,0,0,0,0,0,0,0,0,0,0,0,0,0,0,7,0,55,22,18,0,11,0,112,0,42,0,37,0,12,0,0,0,2,0,4,0,6,0,0,0,5,0,13,0,0,0,0
0,16,0,0,0,21,0,0,0,0,0,21,16,163,1,28,0,6,13,69,0,96,0,45,0,0,0,275,0,8,0,46,0,8,0,29,0,67,0,13,0,71,0,41,0,82,0,40,0,1,0,0,0,0,0,0,0,0,0,4,0,3,0,0,0,0,0,1,0,2,0,43,0,5,0,11,0,0,0,4,0,40,0,0,0,62,0,42,0,0,0,0,0,0,0,0,0,3,0,31,0,0,0,0,0,0,0,0,0,0,0,0,0,0,0,0,0,0,0,0,0,82,0,31,0,0,0,0,0,0,0,0,0,0,0,0,0,6,0,3,0,0,0,47,0,61,0,0,0,0,0,0,0,2,0,3,0,3,0,0,0,0,0,5,0,19,0,10,0,13,0,8,0,4,0,0,0,7,0,0,0,0,0,0,0,0,0,142,0,0,0,0,0,0,0,0,0,0,0,0,0,3,0,0,0,0,0,0,0,0,0,0,0,0,0,0,0,0,0,69,0,20,0,19,0,83,0,43,0,48,0,12,0,17,0,8,0,1,0,5,0,0,0,2,0,17,0,0,0
2,0,5,0,4,0,94,0,169,27,1,0,0,0,9,0,43,0,15,0,4,0,5,0,59,3,1,0,17,0,0,0,2,0,0,0,0,0,6,0,1,0,0,0,6,0,1,0,0,0,0,0,0,6,218,27,72,0,32,38,67,0,63,0,2,2,5,51,0,0,0,0,0,0,10,0,0,0,0,0,14,0,0,0,78,0,0,0,0,0,70,0,0,0,0,0,131,0,23,0,15,0,0,0,0,0,28,0,0,0,0,0,0,0,0,0,0,0,0,0,0,0,75,0,0,0,0,0,30,0,0,0,11,0,15,0,65,0,185,0,72,0,95,0,37,0,0,0,0,0,0,0,0,0,140,3,41,0,127,0,22,0,4,0,0,0,0,0,14,0,58,0,5,0,0,0,11,0,0,0,0,0,27,0,0,3,0,0,0,0,0,0,0,0,1,0,0,0,0,0,0,0,0,0,0,0,0,0,0,0,8,0,1,0,94,0,1,0,10,0,88,0,25,1,23,0,43,0,125,0,0,0,77,0,6,0,0,0,43,0,11,0,5,0,97,0,0,0,0
3,4,0,0,0,8,15,18,44,57,0,6,0,0,0,5,0,53,0,7,0,16,0,35,2,32,0,19,0,0,0,8,0,2,0,5,0,3,0,0,0,1,0,0,0,0,0,0,0,1,0,0,6,0,31,58,0,89,22,18,2,19,0,85,0,0,3,2,0,0,0,0,0,0,0,0,0,0,0,0,0,0,0,0,0,11,0,0,0,0,0,1,0,0,0,0,0,7,0,0,0,0,0,0,0,0,0,0,0,0,0,0,0,0,0,0,0,0,0,0,0,0,0,0,0,1,0,4,0,44,0,0,0,68,0,29,1,66,0,140,0,65,0,87,0,75,0,0,0,0,0,0,0,0,0,174,0,66,0,63,0,5,0,0,0,2,0,0,0,3,0,4,0,0,0,0,0,0,0,0,0,0,0,0,0,0,0,0,0,0,0,0,0,0,0,0,0,0,0,0,0,0,0,0,0,0,0,0,0,7,1,0,0,2,0,52,0,0,0,4,1,76,0,10,0,7,0,42,1,64,0,2,0,58,0,16,0,0,0,17,0,3,0,2,0,57,0,0,0
1,0,69,0,0,0,306,4,54,120,0,0,3,0,15,0,5,0,10,0,0,0,30,0,121,1,0,0,4,0,0,0,0,0,1,0,0,0,0,0,1,0,0,0,0,0,0,0,4,0,0,0,218,31,0,73,82,10,116,78,78,0,17,3,11,0,4,109,0,0,0,0,6,0,2,0,0,0,0,0,0,0,0,0,74,0,0,0,0,0,98,0,0,0,0,0,121,0,0,0,0,0,0,0,0,0,96,0,0,0,0,0,0,0,0,0,0,0,0,0,2,0,13,2,11,0,4,0,76,1,28,0,17,0,21,1,131,0,16,4,0,0,75,0,0,0,1,0,2,12,2,0,0,4,127,5,15,0,40,0,122,0,6,0,0,0,0,0,19,0,185,0,31,0,0,3,6,5,0,0,3,0,0,0,2,5,0,0,0,0,0,0,0,0,0,0,0,0,0,0,10,0,0,0,0,0,2,0,0,1,0,0,0,0,221,1,0,0,0,0,222,1,80,0,66,0,86,2,280,0,19,0,202,1,19,0,2,0,82,0,21,0,20,0,221,0,0,0,0
5,15,0,88,0,19,52,253,169,106,0,6,0,0,0,43,0,7,0,15,0,0,0,0,4,154,0,13,0,0,0,5,0,7,0,0,0,0,0,0,0,0,0,0,0,0,0,0,0,1,0,0,27,58,73,0,0,274,17,46,5,50,6,85,0,2,19,8,0,0,0,0,0,0,0,0,0,0,0,0,0,0,0,0,0,5,0,0,0,0,1,1,0,0,0,0,0,19,0,3,0,0,0,0,0,0,0,0,0,0,0,0,0,0,0,0,0,0,0,0,0,0,0,0,0,18,0,6,0,64,0,14,0,70,0,128,0,111,0,76,0,24,0,37,3,10,0,0,0,0,0,0,0,1,1,88,0,41,0,11,5,8,0,0,0,9,0,0,0,12,0,51,0,21,0,0,5,6,0,0,0,0,0,0,1,0,0,0,0,0,0,0,0,0,0,0,0,0,0,0,0,0,0,0,0,0,0,0,0,60,0,0,0,17,0,232,0,6,1,35,2,414,0,75,0,58,0,43,0,495,0,7,4,217,1,43,0,2,0,73,0,0,0,15,4,196,0,0,0
5,0,12,0,0,0,17,0,17,0,0,0,0,0,0,0,0,0,0,0,6,0,0,0,0,0,0,0,0,0,0,0,0,0,0,0,6,0,0,0,0,0,0,0,6,0,0,0,5,0,5,0,72,0,82,0,0,0,230,35,30,0,0,1,63,27,42,43,0,0,1,0,1,0,0,0,0,0,0,0,0,0,0,0,0,0,0,0,0,0,0,0,0,0,0,0,0,0,0,0,0,0,0,0,0,0,11,0,0,0,0,0,0,0,0,0,0,0,0,0,0,0,0,0,29,0,0,0,110,3,50,0,22,0,10,0,15,0,28,0,0,2,9,0,8,4,2,0,6,0,6,0,0,0,233,5,143,0,71,3,212,16,12,0,3,0,5,0,25,0,57,0,13,0,0,0,5,0,0,0,2,9,0,0,0,0,0,0,0,0,0,0,0,0,0,0,0,0,0,0,0,0,0,0,0,0,0,0,0,0,0,0,6,0,330,1,0,0,10,0,307,0,132,0,71,0,72,2,537,0,0,0,135,2,53,3,4,0,133,0,16,0,33,0,261,0,0,0,0
0,6,0,6,0,0,0,19,7,8,0,0,0,0,0,11,0,6,0,0,0,0,0,5,0,34,0,0,0,0,0,0,0,0,0,0,0,0,0,0,0,0,0,0,0,0,0,0,0,0,0,0,0,89,10,274,0,0,24,133,0,9,2,19,5,10,29,11,0,0,0,0,0,0,0,0,0,1,0,0,0,0,0,0,0,0,0,0,0,0,0,0,0,0,0,0,0,21,0,2,0,0,0,0,0,0,0,0,0,0,0,0,0,0,0,0,0,0,0,0,0,0,0,0,0,28,0,9,0,189,0,23,0,65,1,40,0,31,0,47,0,9,0,23,0,20,0,0,0,3,0,0,0,1,0,174,0,56,0,104,5,65,0,0,0,2,0,0,0,33,0,81,0,7,0,0,0,0,0,0,0,0,0,0,0,8,0,0,0,0,0,0,0,0,0,0,0,0,0,0,0,0,0,0,0,0,0,0,0,27,0,16,0,21,1,411,0,0,0,20,1,421,0,114,0,40,0,54,0,697,0,3,0,282,1,194,0,3,2,49,0,7,0,8,0,219,0,0,0
0,0,13,0,0,0,45,0,46,12,2,0,0,0,0,0,0,0,0,0,0,0,0,1,6,0,0,0,0,0,3,0,0,0,0,0,14,0,3,0,0,0,11,0,0,0,0,0,6,0,6,0,32,22,116,17,230,24,0,176,183,0,7,1,175,23,139,148,0,0,0,0,0,0,0,0,0,0,0,0,0,0,0,0,0,0,0,0,0,0,0,0,0,0,0,0,0,0,0,0,0,0,0,0,0,0,0,0,0,0,0,0,0,0,0,0,0,0,0,0,0,0,0,0,26,2,15,0,19,0,41,0,0,0,0,0,4,0,0,1,0,0,11,0,0,1,2,1,10,0,7,0,0,0,159,18,122,1,18,6,42,0,5,0,5,0,5,0,16,0,84,0,18,0,2,0,41,0,0,0,0,0,0,0,38,33,0,0,0,0,0,0,0,0,0,0,0,0,0,0,0,0,0,0,0,0,0,0,5,0,27,0,5,0,426,0,0,0,9,0,394,0,118,0,99,0,154,0,423,0,17,0,200,0,56,1,3,0,227,0,47,0,51,0,397,0,0,0,0
0,2,0,0,0,1,10,12,81,26,0,0,0,1,0,4,0,0,0,0,0,4,0,0,0,5,0,0,0,0,0,0,0,0,0,0,0,1,0,0,0,0,0,1,0,1,0,0,0,0,0,4,38,18,78,46,35,133,176,0,0,38,2,8,18,223,194,423,0,0,0,0,0,2,0,1,0,0,0,0,0,0,0,0,0,0,0,0,0,0,0,0,0,0,0,0,0,0,0,0,0,0,0,0,0,0,0,0,0,0,0,0,0,0,0,0,0,0,0,0,0,0,0,0,0,81,0,39,0,15,0,31,0,30,0,24,0,19,0,12,0,0,0,0,0,102,0,9,0,17,0,10,0,0,7,87,0,130,0,49,0,76,0,0,0,0,0,0,0,24,0,0,0,6,0,0,12,48,0,0,0,12,0,0,4,174,0,0,0,0,0,0,0,0,0,0,0,0,0,0,0,0,0,0,0,0,0,0,0,22,0,0,0,19,0,487,0,0,0,22,0,490,0,105,1,38,6,205,6,404,0,5,2,374,3,320,0,4,0,151,0,21,0,22,5,421,0,0,0
108,0,42,1,0,0,273,0,248,5,0,0,0,0,0,0,50,0,0,0,0,0,12,0,35,1,0,0,11,0,0,0,2,0,0,0,12,0,19,0,0,0,0,0,0,0,0,0,0,0,0,0,67,2,78,5,30,0,183,0,0,0,26,1,0,0,18,0,0,0,0,0,0,0,1,0,0,0,0,0,0,0,0,0,0,0,0,0,0,0,0,0,1,0,0,0,0,0,0,0,0,0,0,0,0,0,0,0,0,0,0,0,0,0,0,0,0,0,0,0,0,0,0,0,0,0,0,0,0,0,0,0,0,0,0,0,0,0,88,0,40,0,0,0,166,0,0,0,0,0,0,0,0,0,71,0,102,0,34,0,0,0,2,0,0,0,1,0,0,0,118,0,39,0,0,0,21,0,0,0,0,0,30,0,3,0,0,0,0,0,0,0,0,0,0,0,0,0,0,0,0,0,0,0,0,0,0,0,0,0,2,0,0,0,26,0,0,0,3,0,73,0,3,0,10,0,41,0,88,0,3,0,19,0,0,0,0,0,12,0,5,0,6,0,44,0,0,0,0
6,150,0,33,0,0,0,138,0,109,0,11,0,0,0,14,0,32,0,0,0,1,0,11,3,105,0,0,0,12,0,0,0,6,0,7,0,30,0,9,0,0,0,1,0,0,0,0,0,0,0,3,0,19,0,50,0,9,0,38,0,0,0,61,0,0,0,9,0,0,0,3,0,0,0,0,0,0,0,0,0,0,0,0,0,0,0,0,0,0,0,0,0,0,0,0,0,0,0,0,0,0,0,0,0,0,0,0,0,0,0,0,0,0,0,0,0,0,0,0,0,0,0,0,0,0,0,0,0,2,0,0,0,0,0,0,0,4,0,55,0,49,0,19,0,196,0,0,0,0,0,0,0,0,0,33,0,85,0,11,0,2,0,0,0,1,0,0,0,2,0,52,0,42,0,0,0,15,0,4,0,0,0,14,0,0,0,0,0,0,0,0,0,0,0,0,0,0,0,0,0,0,0,0,0,0,0,0,0,0,0,0,0,3,0,45,0,0,0,3,0,67,0,0,0,6,0,184,0,92,0,5,0,89,0,0,0,0,0,25,0,7,0,7,0,60,0,0,0
146,0,93,0,0,0,343,10,248,45,0,0,0,0,11,0,280,0,15,0,53,0,55,0,78,16,0,0,103,0,23,0,15,0,8,0,7,0,33,0,0,0,9,0,0,0,0,0,0,0,0,0,63,0,17,6,0,2,7,2,26,0,0,0,0,0,0,0,0,0,45,0,6,0,29,0,0,0,0,0,31,0,0,0,32,0,15,0,0,0,20,0,0,0,0,0,28,0,18,0,16,0,0,0,0,0,0,0,0,0,0,0,0,0,0,0,0,0,0,0,59,0,59,0,0,0,0,0,0,0,0,0,0,0,19,0,21,0,124,0,77,0,64,0,58,0,0,0,0,0,0,0,0,0,148,0,21,0,25,0,2,0,0,0,0,0,0,0,2,0,6,0,11,0,0,0,8,1,0,0,0,0,33,0,0,0,0,0,0,0,0,0,0,0,0,0,0,0,0,0,3,0,0,0,0,0,0,0,0,0,1,0,0,0,14,0,0,0,0,0,38,0,2,0,0,0,21,0,26,0,1,0,26,0,0,0,0,0,5,0,12,0,6,0,34,0,0,0,0
25,171,9,34,0,4,33,286,34,186,0,9,0,0,0,27,8,389,0,11,0,37,9,96,32,270,0,14,0,35,0,11,0,0,0,0,0,4,0,8,0,0,0,0,0,3,0,0,0,0,0,0,0,85,3,85,1,19,1,8,1,61,0,0,0,0,0,3,0,0,0,0,0,0,0,0,0,0,0,0,0,0,0,0,0,10,0,0,0,0,0,0,0,0,0,0,0,0,0,0,0,0,0,0,0,0,0,0,0,0,0,0,0,0,0,0,0,0,0,0,0,0,0,0,0,0,0,0,0,16,1,0,0,37,0,0,0,87,0,206,0,133,0,137,0,132,0,0,0,0,0,0,0,0,0,115,0,174,0,24,0,0,0,0,0,0,0,0,0,0,0,12,0,13,0,0,0,13,0,4,0,0,0,18,0,0,0,0,0,0,0,0,0,0,0,0,0,0,0,0,0,0,0,0,0,0,0,0,0,12,0,0,0,0,0,34,0,0,0,0,1,87,0,3,0,9,0,71,1,66,0,5,0,98,0,6,0,1,1,30,0,0,0,7,0,63,0,0,0
14,1,15,0,7,0,6,0,31,0,7,0,13,0,2,7,0,0,0,0,3,0,2,0,0,6,5,0,0,0,0,0,1,0,0,0,0,0,0,0,0,0,0,0,1,0,0,0,0,0,0,0,2,0,11,0,63,5,175,18,0,0,0,0,0,98,126,15,0,0,0,0,0,0,0,0,0,0,0,0,0,0,0,0,0,0,0,0,0,0,1,0,0,0,0,0,0,0,0,0,0,0,0,0,0,0,0,0,0,0,0,0,0,0,0,0,0,0,0,0,0,4,0,0,1,0,0,0,0,17,27,13,0,2,13,7,2,0,7,17,4,0,0,0,19,13,20,1,25,20,3,0,11,9,6,4,2,0,2,13,170,103,1,0,0,0,0,0,0,0,1,0,0,0,26,38,3,0,2,0,52,18,6,0,14,0,2,0,0,0,0,0,0,0,0,0,0,0,2,0,0,0,0,0,1,0,0,0,0,0,0,0,0,0,39,0,0,0,0,0,18,0,0,0,0,0,9,1,0,0,3,0,29,0,46,0,0,0,26,0,0,0,5,0,55,0,0,0,0
0,50,0,0,0,11,0,0,0,181,0,19,0,0,0,2,0,0,0,6,0,0,0,2,0,0,0,0,0,0,0,0,0,0,0,0,0,0,0,0,0,0,0,0,0,0,0,0,0,0,0,0,2,0,0,2,27,10,23,223,0,0,0,0,98,0,49,330,0,0,1,10,0,0,0,0,0,0,0,0,0,2,0,0,0,0,0,0,0,0,0,0,0,0,0,0,0,0,0,1,0,0,0,0,0,0,0,0,0,0,0,0,0,0,0,0,0,0,0,0,0,7,0,1,0,30,0,48,0,0,0,74,0,0,0,22,0,14,28,15,0,0,0,0,53,38,0,75,20,153,0,71,0,54,12,0,0,0,35,0,164,214,0,0,0,0,0,0,0,0,0,0,0,0,0,84,0,19,0,2,6,73,0,4,3,105,0,0,0,0,0,0,0,0,0,0,0,5,0,0,0,0,0,0,0,0,0,6,0,41,0,0,0,0,0,0,0,0,0,0,0,0,0,0,0,0,0,38,0,0,0,0,0,0,0,96,0,1,0,17,0,1,0,0,0,34,0,0,0
13,1,0,1,4,0,9,1,96,13,3,0,5,0,0,2,0,0,0,0,0,0,0,0,0,2,0,0,0,0,0,0,1,0,0,0,3,0,0,0,0,0,2,0,0,0,0,0,0,0,0,0,5,3,4,19,42,29,139,194,18,0,0,0,126,49,0,89,0,0,0,0,0,0,0,1,0,0,0,0,0,0,0,0,0,0,0,0,0,0,0,0,0,0,0,0,0,0,0,0,0,0,0,0,0,0,0,0,0,0,0,0,0,0,0,0,0,0,0,0,0,0,0,0,3,0,4,0,0,0,16,0,0,0,0,0,0,0,0,0,0,0,0,0,0,2,1,0,10,0,2,0,0,0,27,9,37,0,7,14,88,30,0,0,0,0,0,0,0,0,11,0,4,0,3,0,119,6,0,0,5,10,0,0,100,34,0,0,0,0,0,0,0,0,0,0,0,0,0,0,0,0,0,0,0,0,0,0,0,0,3,0,0,0,102,0,0,0,0,0,91,0,12,0,11,0,25,0,85,0,2,0,40,0,20,0,0,0,41,0,0,0,9,0,80,0,0,0,0
0,0,0,0,0,0,9,0,80,35,0,1,0,0,0,0,0,0,0,0,0,0,0,0,0,0,0,0,0,0,0,1,0,0,0,0,0,0,0,1,0,0,0,0,0,0,0,1,0,0,0,1,51,2,109,8,43,11,148,423,0,9,0,3,15,330,89,0,0,0,0,0,0,0,0,0,0,0,0,0,0,0,0,0,0,0,0,0,0,0,0,0,0,0,0,0,0,0,0,0,0,0,0,0,0,0,0,0,0,0,0,0,0,0,0,0,0,0,0,0,0,0,0,0,0,29,0,10,0,0,0,23,0,2,0,0,0,0,0,0,0,0,0,0,4,47,0,4,0,31,0,7,0,0,7,14,0,25,8,15,17,83,0,0,0,0,0,0,0,0,0,0,0,0,0,0,19,168,0,0,0,41,0,1,15,423,0,0,0,0,0,0,0,1,0,0,0,0,0,0,0,0,0,0,0,0,0,0,0,3,0,0,0,0,0,92,0,0,0,0,0,45,0,0,0,0,1,75,0,54,0,0,0,78,0,98,0,0,0,32,0,2,0,9,1,74,0,0,0
0,0,0,0,0,0,0,0,0,0,0,0,0,0,0,0,0,0,0,0,0,0,0,0,0,0,0,0,0,0,0,0,0,0,0,0,0,0,0,0,0,0,0,0,7,0,0,0,1,0,0,0,0,0,0,0,0,0,0,0,0,0,0,0,0,0,0,0,0,0,0,0,0,0,0,0,61,0,4,0,0,0,12,0,0,0,6,0,2,0,0,0,7,0,0,0,0,0,0,0,2,0,196,0,0,0,9,0,16,0,0,0,28,0,0,0,0,0,0,0,0,0,0,0,0,0,0,0,0,0,0,0,0,0,0,0,0,0,0,0,0,0,0,0,0,0,0,0,0,0,0,0,0,0,0,0,0,0,0,0,0,0,0,0,46,0,0,0,80,0,0,0,0,0,0,0,0,0,1,0,0,0,0,0,0,0,0,0,0,0,0,0,0,0,0,0,0,0,0,0,0,0,0,0,0,0,0,0,0,0,0,0,155,0,80,0,32,0,8,0,0,0,69,0,21,0,0,0,37,0,0,0,0,0,0,0,0,0,0,0,0,0,0,0,0,0,0,0,0
0,0,0,0,0,0,0,0,0,0,0,0,0,0,0,0,0,0,0,0,0,0,0,0,0,0,0,0,0,0,0,0,0,0,0,0,0,0,0,0,0,0,0,3,0,0,0,0,0,8,0,2,0,0,0,0,0,0,0,0,0,0,0,0,0,0,0,0,0,0,0,0,0,0,0,0,0,12,0,0,0,0,0,44,0,0,0,18,0,14,0,0,0,7,0,12,0,2,0,0,0,1,0,90,0,0,0,6,0,24,0,6,0,9,0,1,0,1,0,2,0,0,0,0,0,0,0,0,0,0,0,0,0,0,0,0,0,0,0,0,0,0,0,0,0,0,0,0,0,0,0,0,0,0,0,0,0,0,0,0,0,0,0,0,0,53,0,0,0,30,0,0,0,0,0,0,0,2,0,0,0,0,0,0,0,0,0,0,0,0,0,0,0,0,0,14,0,2,0,0,0,5,0,0,0,0,0,0,0,0,0,0,0,246,0,20,0,62,0,30,0,0,0,92,0,27,0,0,0,39,0,0,0,0,0,2,0,0,0,5,0,0,0,0,0,0,0,0,0
0,0,19,0,0,0,0,0,0,0,0,0,0,0,0,0,143,0,0,0,82,0,13,0,19,0,0,0,107,0,26,0,38,0,35,0,126,0,68,0,0,0,62,0,50,0,0,0,0,0,17,0,0,0,0,0,1,0,0,0,0,0,45,0,0,1,0,0,0,0,0,0,284,0,294,0,44,0,238,1,18,0,7,0,6,0,22,0,0,0,0,0,0,0,0,0,0,0,0,0,0,0,0,0,0,0,0,0,0,0,0,0,0,0,0,0,0,0,0,0,77,1,26,0,11,0,11,0,2,0,0,0,12,0,39,0,25,0,3,2,19,0,53,0,123,0,6,1,10,0,14,1,11,0,0,0,21,0,0,0,0,0,64,0,5,0,2,0,19,0,70,0,35,0,11,2,0,0,0,0,0,0,0,0,0,0,0,0,0,0,0,0,0,0,0,0,0,0,8,0,0,0,0,0,0,0,0,0,25,0,0,0,0,0,0,0,0,0,0,0,0,0,8,0,0,0,0,0,14,0,0,0,0,0,0,0,0,0,11,1,9,0,3,0,0,0,0,0,0
0,0,0,0,0,0,1,0,0,0,0,0,0,0,0,0,0,6,0,0,0,16,0,8,0,3,0,0,0,11,0,8,0,10,0,23,0,17,0,0,0,0,0,0,0,4,0,0,0,0,0,43,0,0,0,0,0,0,0,0,0,3,0,0,0,10,0,0,0,0,0,0,0,291,0,151,0,6,0,84,0,2,0,2,0,0,0,32,0,0,0,0,0,0,0,0,0,0,0,2,0,0,0,0,0,0,0,0,0,0,0,0,0,0,0,0,0,0,0,0,0,37,0,51,0,8,0,24,0,0,4,0,0,14,0,52,0,0,4,7,0,23,0,23,0,137,6,7,0,20,0,51,0,15,0,0,0,2,0,3,7,7,0,68,0,0,0,0,0,6,0,7,0,3,5,8,0,0,0,0,0,20,0,0,0,4,0,0,0,0,0,0,0,0,0,0,0,0,0,0,0,0,0,0,0,0,2,0,0,66,0,0,0,0,0,1,0,0,0,0,2,3,0,0,0,0,0,49,0,29,0,0,0,0,0,10,0,0,0,64,0,6,0,8,0,0,0,0,0
