0,35,98,0,216,0,31,0,87,4,232,0,147,0,27,8,131,34,24,0,26,0,72,32,70,194,21,0,97,0,17,0,40,0,0,0,21,0,388,0,0,0,0,0,50,0,54,0,41,0,0,0,0,2,4,0,0,0,4,0,115,0,0,12,11,0,0,0,0,0,0,0,0,0,0,0,0,0,0,0,0,0,0,0,0,0,0,0,0,0,0,0,0,0,0,0,0,0,0,0,0,0,0,0,0,0,0,0,0,0,0,0,0,0,0,0,0,0,0,0,0,0,0,0,4,0,4,0,0,0,0,0,0,0,0,0,0,0,0,0,0,0,0,0,0,0,0,0,0,0,0,0,0,0,0,0,0,0,0,0,0,0,0,0,13,0,0,0,44,0,27,0,413,0,0,0,165,122,50,0,0,0,140,1,23,0,3,0,0,0,0,0,0,0,0,0,0,0,0,0,0,0,0,0,0,0,0,0,0,0,513,168,154,241,386,4,48,12,0,0,3,0,0,0,0
35,0,76,25,0,103,0,93,0,56,0,209,0,171,0,57,0,53,0,139,0,0,85,21,28,35,0,199,0,121,0,0,0,80,0,0,0,41,0,254,0,21,0,33,0,29,0,81,0,15,0,0,0,0,0,31,0,0,0,3,0,225,0,180,0,29,0,8,0,2,0,0,0,0,0,0,0,0,0,0,0,0,0,0,0,0,0,2,0,0,0,0,0,5,0,0,0,0,0,0,0,0,0,0,0,0,0,0,0,0,0,0,0,0,0,0,0,0,0,0,0,0,0,0,0,36,0,8,0,0,0,15,0,0,0,16,0,0,0,0,0,0,0,0,0,0,0,15,0,34,0,9,0,7,0,0,0,0,0,1,0,5,0,0,0,51,0,0,0,42,0,86,0,298,0,5,25,375,0,23,0,3,0,121,0,51,0,3,0,0,0,0,0,0,0,0,0,0,0,0,0,0,0,0,0,0,0,0,0,9,0,0,0,0,299,0,0,0,566,233,205,171,0,29,0
98,76,0,0,271,0,156,22,37,0,45,0,87,0,282,9,182,41,68,0,53,0,357,41,220,226,49,0,393,1,51,0,70,3,0,0,42,0,540,0,0,0,0,0,98,0,47,0,48,0,0,0,62,0,154,7,8,0,13,0,79,0,66,15,16,0,4,0,0,0,0,0,0,0,0,0,0,0,0,0,0,0,0,0,0,0,0,0,0,0,0,0,0,0,0,0,0,0,0,0,0,0,0,0,0,0,0,0,0,0,0,0,0,0,0,0,0,0,0,0,0,0,0,0,28,0,76,0,4,0,18,4,47,0,76,0,26,0,0,0,0,0,98,0,0,0,38,0,16,0,48,0,10,0,0,0,0,0,0,0,0,0,0,0,0,0,23,0,59,0,0,0,321,10,0,0,136,138,0,0,0,0,12,0,14,0,0,0,0,0,0,0,0,0,0,0,0,0,0,0,0,0,0,0,0,0,0,0,65,0,345,72,180,320,452,2,55,0,0,0,7,5,0,0,0
0,25,0,0,0,83,0,39,1,5,0,25,0,26,0,147,0,25,0,98,0,21,14,86,5,79,0,61,0,68,0,0,0,33,0,0,0,0,0,86,0,0,0,0,0,0,0,16,0,2,0,0,0,1,0,27,0,4,0,0,0,30,0,10,0,0,0,0,0,0,0,0,0,0,0,0,0,0,0,0,0,0,0,0,0,0,0,0,0,0,0,0,0,0,0,0,0,0,0,0,0,0,0,0,0,0,0,0,0,0,0,0,0,0,0,0,0,0,0,0,0,0,0,0,0,0,0,0,0,0,0,2,0,0,0,33,0,8,0,0,0,0,0,0,0,0,0,0,0,2,0,0,0,2,0,0,0,0,0,0,0,0,0,0,0,13,0,0,0,14,0,14,3,92,0,0,8,74,0,6,0,0,0,4,0,0,0,0,0,0,0,0,0,0,0,0,0,0,0,0,0,0,0,0,0,0,0,1,0,12,0,0,0,0,59,0,0,0,153,49,78,58,0,0,0
216,0,271,0,0,0,35,0,33,0,185,0,329,0,169,70,0,0,92,0,182,37,71,31,0,0,113,0,0,0,201,0,138,0,115,0,134,0,55,0,158,0,0,0,80,0,177,0,28,0,70,0,0,0,24,0,0,0,0,0,0,0,0,0,18,0,6,0,0,0,0,0,0,0,0,0,0,0,0,0,0,0,0,0,0,0,0,0,0,0,0,0,0,0,0,0,0,0,0,0,0,0,0,0,0,0,0,0,0,0,0,0,0,0,0,0,0,0,0,0,0,0,0,0,0,0,23,0,1,0,0,0,6,0,0,0,0,0,0,0,0,0,31,0,0,0,18,0,7,0,30,0,0,0,0,0,0,0,0,0,0,0,0,0,46,0,260,0,131,0,28,0,150,0,0,0,270,152,182,0,0,0,48,0,57,0,10,0,0,0,0,0,0,0,0,0,0,0,0,0,0,0,0,0,0,0,0,0,15,0,351,197,286,0,385,0,23,14,4,0,0,0,0,0,0
0,103,0,83,0,0,0,13,0,18,0,300,0,234,74,295,0,20,34,175,40,126,0,205,0,10,4,282,0,106,0,42,0,235,0,26,0,109,0,58,0,25,0,13,0,0,0,88,2,0,0,0,0,0,0,8,0,0,0,0,0,0,0,0,0,9,0,4,0,0,0,0,0,0,0,0,0,0,0,0,0,0,0,0,0,0,0,0,0,0,0,0,0,0,0,0,0,0,0,0,0,0,0,0,0,0,0,0,0,0,0,0,0,0,0,0,0,0,0,0,0,0,0,0,0,10,0,0,0,0,0,0,0,0,0,19,0,5,0,0,0,0,0,0,0,0,0,8,0,24,0,0,0,8,0,1,0,0,0,0,0,0,0,0,0,33,0,93,0,58,0,23,0,142,0,0,52,423,11,147,0,0,0,11,0,0,0,17,0,0,0,0,0,0,0,0,0,1,0,0,0,7,0,0,0,0,0,0,0,10,0,0,0,0,215,0,0,0,520,340,378,197,0,0,1
31,0,156,0,35,0,0,0,105,65,42,0,15,0,22,5,37,0,0,0,0,0,23,0,340,104,0,0,21,0,0,0,0,0,0,0,0,0,0,0,7,0,0,0,0,0,0,0,40,0,0,0,284,22,359,117,3,13,12,0,272,0,200,17,12,0,44,19,3,0,0,0,5,0,0,0,0,0,0,0,0,0,0,0,2,0,0,0,0,0,0,0,0,0,0,0,0,0,0,0,0,0,0,0,0,0,0,0,0,0,0,0,0,0,0,0,0,0,0,0,0,0,0,0,17,0,48,0,14,0,30,0,46,0,12,0,14,0,0,0,0,0,0,0,0,0,16,0,6,0,23,0,12,0,0,0,14,0,0,0,0,0,6,0,3,0,0,0,40,0,221,0,284,0,0,0,73,68,0,0,0,0,5,0,0,0,0,0,0,0,0,0,0,0,0,0,0,0,0,0,4,0,0,0,0,0,0,0,24,0,392,84,208,284,392,3,122,13,7,3,0,0,0,0,0
0,93,22,39,0,13,0,0,0,98,0,19,0,14,0,23,0,36,0,21,0,0,0,24,14,70,0,0,0,36,0,0,0,0,0,0,0,0,0,75,0,0,0,0,0,5,0,17,0,0,0,0,0,63,0,262,0,10,0,23,0,193,0,213,0,4,0,0,0,0,0,0,0,0,0,0,0,0,0,0,0,0,0,0,0,0,0,0,0,0,0,0,0,5,0,0,0,0,0,0,0,0,0,2,0,0,0,0,0,0,0,0,0,0,0,0,0,0,0,0,0,0,0,0,0,11,0,0,0,0,0,6,0,0,2,46,0,21,0,0,0,0,0,0,0,0,0,0,0,11,0,0,0,2,0,0,0,0,0,0,0,4,0,5,0,24,0,4,0,18,0,86,0,228,0,0,24,91,0,0,0,0,0,68,0,0,0,0,0,0,0,0,0,0,0,0,0,0,0,8,0,2,0,0,0,0,0,0,0,22,0,0,0,0,407,0,0,0,352,72,178,260,3,32,0
87,0,37,1,33,0,105,0,0,127,67,0,0,0,25,0,40,0,10,0,0,0,0,0,93,52,6,0,0,0,0,0,0,0,0,0,0,0,0,0,0,0,0,0,0,0,37,0,30,0,0,0,291,61,212,187,4,46,48,55,198,3,160,12,37,0,274,61,0,0,0,0,1,0,0,0,1,0,0,0,0,0,0,0,0,0,0,0,0,0,0,0,0,0,0,0,0,0,0,0,0,0,0,0,0,0,0,0,0,0,0,0,0,0,0,0,0,0,0,0,0,0,0,0,0,0,23,0,0,0,9,0,6,0,0,0,0,0,0,0,0,0,0,0,0,0,20,0,24,0,19,0,3,0,0,0,35,0,0,0,0,0,8,0,0,0,6,0,33,0,241,0,235,0,0,0,219,87,12,0,0,0,23,1,29,0,0,0,0,0,0,0,0,0,0,0,2,0,0,0,0,0,0,0,0,0,0,0,11,0,505,115,205,282,385,0,132,11,0,3,0,0,0,0,0
4,56,0,5,0,18,65,98,127,0,0,20,0,24,0,21,0,19,0,40,0,14,0,0,0,29,0,49,0,0,0,0,0,11,0,0,0,0,0,14,0,3,0,5,0,0,0,0,0,5,0,5,5,212,64,258,0,9,15,79,0,170,0,151,0,97,10,123,0,10,0,0,0,1,0,0,0,0,0,0,0,0,0,0,0,0,0,0,0,0,0,0,0,7,0,0,0,0,0,0,0,0,0,2,0,0,0,0,0,0,0,0,0,0,0,0,0,0,0,0,0,0,0,0,0,33,0,5,0,0,0,19,0,0,0,0,0,0,0,0,0,0,5,0,0,0,0,9,0,51,0,0,0,10,0,12,0,135,0,1,0,0,0,0,1,0,0,0,0,53,0,233,0,220,0,5,127,176,0,0,0,0,0,47,0,30,0,2,0,0,0,0,0,0,0,0,0,0,0,4,0,0,0,1,0,0,0,0,0,5,0,12,0,0,757,0,0,0,481,81,424,321,18,48,0
232,0,45,0,185,0,42,0,67,0,0,7,272,0,39,29,36,1,7,0,93,4,63,23,22,2,0,0,16,0,111,0,115,2,8,0,120,0,37,0,56,0,0,0,33,0,59,0,10,0,0,1,0,1,0,0,0,0,0,0,0,0,0,0,13,0,2,0,0,0,0,0,0,0,0,0,0,0,0,0,0,0,0,0,0,0,0,0,0,0,0,0,0,0,0,0,0,0,0,0,0,0,0,0,0,0,0,0,0,0,0,0,0,0,0,0,0,0,0,0,0,0,0,0,0,0,12,0,1,0,0,0,5,0,0,0,0,0,0,0,0,0,0,0,0,0,0,0,0,0,0,0,0,0,0,0,0,0,0,0,0,0,0,0,0,0,110,0,61,0,10,0,69,0,0,0,197,118,187,0,0,0,52,0,36,0,10,0,0,0,0,0,0,0,0,0,0,0,0,0,0,0,0,0,0,0,0,0,0,0,208,142,136,121,194,0,5,8,0,0,0,0,0,0,0
0,209,0,25,0,300,0,19,0,20,7,0,5,394,61,69,0,0,0,66,18,55,0,52,0,0,0,117,0,103,0,35,0,237,0,11,4,96,0,69,0,81,0,9,0,0,0,109,0,13,0,0,0,0,0,3,0,1,0,0,0,0,0,1,1,8,0,3,0,0,0,0,0,0,0,0,0,0,0,0,0,0,0,0,0,0,0,0,0,0,0,0,0,0,0,0,0,0,0,3,0,0,0,0,0,0,0,0,0,0,0,0,0,0,0,0,0,0,0,0,0,0,0,0,0,16,0,0,0,0,0,15,0,0,0,0,0,0,0,0,0,0,0,0,0,0,0,5,0,8,0,0,0,24,0,0,0,0,0,0,0,0,0,0,0,18,0,46,0,0,0,9,0,72,0,31,25,442,13,101,0,26,0,25,0,36,0,4,0,0,0,0,0,0,0,0,0,0,0,0,0,0,0,0,0,0,0,0,0,0,0,0,0,0,113,0,0,0,317,208,210,90,0,1,0
147,0,87,0,329,0,15,0,0,0,272,5,0,52,57,24,0,0,77,69,103,86,0,0,24,0,98,179,0,0,29,0,0,0,209,12,36,0,0,0,133,4,118,17,51,0,155,24,26,1,223,8,14,0,0,0,0,0,3,0,0,0,0,0,17,0,0,0,0,0,0,0,0,0,0,0,0,0,0,0,0,0,0,0,0,0,0,0,0,0,0,0,0,0,0,0,0,0,0,0,0,0,0,0,0,0,0,0,0,0,1,0,0,0,0,0,0,0,0,0,0,0,0,0,0,0,0,0,0,0,1,0,0,0,0,0,0,0,0,0,0,0,0,0,0,0,9,0,8,0,0,0,0,0,0,0,0,0,0,0,0,0,0,0,73,0,41,0,108,0,0,0,0,0,0,0,150,72,109,0,0,0,42,0,27,0,181,0,0,0,0,0,0,0,0,0,0,0,0,0,0,0,0,0,0,0,0,0,0,0,48,122,322,0,46,7,0,3,2,0,0,0,0,0,0
0,171,0,26,0,234,0,14,0,24,0,394,52,0,0,19,0,0,166,154,59,177,0,0,0,0,86,110,0,0,0,74,0,24,14,316,0,144,0,0,17,102,27,47,0,39,0,196,0,13,0,109,0,0,0,0,0,0,0,0,0,0,0,0,0,8,0,0,0,0,0,0,0,0,0,0,0,0,0,0,0,0,0,0,0,0,0,0,0,0,0,1,0,0,0,0,0,0,0,0,0,0,0,0,0,0,0,0,0,0,0,0,0,0,0,0,0,0,0,0,0,0,0,0,0,0,0,0,0,0,0,0,0,0,0,0,0,0,0,0,0,0,0,0,0,0,0,4,0,0,0,0,0,0,0,0,0,0,0,0,0,0,0,2,0,80,0,54,0,0,0,4,0,17,0,29,30,251,2,18,0,40,0,20,0,26,31,72,0,0,0,0,0,0,0,0,0,0,0,0,0,0,0,0,0,0,0,0,0,0,0,0,0,0,28,0,0,0,87,274,317,0,16,0,0
27,0,282,0,169,74,22,0,25,0,39,61,57,0,0,259,143,0,207,59,247,106,330,140,184,0,186,8,29,0,108,17,91,20,20,5,81,0,17,0,17,0,7,0,63,0,43,0,13,0,17,0,17,0,54,0,0,0,0,0,0,0,0,0,12,0,6,0,0,0,4,0,0,0,0,0,0,0,0,0,0,0,0,0,0,0,0,0,0,0,16,0,0,0,0,0,0,0,0,0,0,0,0,0,0,0,0,0,0,0,0,0,0,0,0,0,0,0,0,0,0,0,0,0,9,0,34,0,0,0,0,0,0,0,43,0,8,0,0,0,0,0,0,0,0,0,23,0,12,0,52,0,10,0,0,0,0,0,0,0,0,0,0,0,0,0,111,2,49,0,8,0,59,0,0,0,417,433,134,0,6,0,30,0,52,0,0,0,0,0,0,0,0,0,0,0,0,0,0,0,0,0,0,0,0,0,0,0,34,0,86,83,81,73,94,0,0,0,0,0,0,0,0,0,0
8,57,9,147,70,295,5,23,0,21,29,69,24,19,259,0,0,94,43,447,99,525,46,374,0,107,0,156,0,124,8,36,4,161,0,3,0,73,0,94,0,0,0,0,0,0,0,16,0,11,3,0,0,0,0,44,0,18,0,0,0,6,0,5,0,20,0,0,0,0,0,0,0,0,0,0,0,0,0,0,0,0,0,0,0,0,0,0,0,0,0,0,0,0,0,0,0,0,0,0,0,0,0,0,0,0,0,0,0,0,0,0,0,0,0,0,0,0,0,0,0,0,0,0,0,0,0,0,0,0,0,8,0,0,0,76,0,31,0,0,0,0,0,40,0,0,0,0,0,18,0,6,0,0,0,0,0,0,0,0,0,3,0,0,0,20,0,70,0,41,0,19,0,101,0,0,83,546,41,74,2,0,3,0,0,0,0,23,0,0,0,0,0,0,0,0,0,1,0,0,0,0,0,0,0,4,0,0,0,20,0,0,0,0,208,0,0,0,408,249,225,120,0,4,1
131,0,182,0,0,0,37,0,40,0,36,0,0,0,143,0,0,6,98,0,367,0,62,14,101,44,107,0,119,0,30,0,40,0,37,0,12,0,47,1,0,0,64,0,132,0,0,0,10,0,57,0,166,0,53,0,6,0,0,0,24,0,242,0,0,0,0,0,0,0,67,0,0,0,11,0,0,0,0,0,103,0,0,0,138,0,61,0,0,0,67,0,0,0,0,0,111,0,301,0,97,0,0,0,0,0,0,0,0,0,0,0,0,0,0,0,0,0,0,0,106,0,24,0,0,0,0,0,0,0,1,0,0,0,0,0,0,0,33,0,80,0,102,0,55,0,0,0,0,0,0,0,0,0,5,0,0,0,0,0,1,0,0,0,3,0,0,0,0,0,8,0,19,3,0,0,60,42,12,0,0,0,18,0,1,0,0,0,0,0,0,0,0,0,0,0,0,0,0,0,6,0,0,0,0,0,0,0,0,0,20,19,34,59,37,0,9,0,0,0,0,0,0,0,0
34,53,41,25,0,20,0,36,0,19,1,0,0,0,0,94,6,0,0,17,0,178,53,222,20,178,0,0,0,141,0,12,0,16,0,5,0,2,0,43,0,0,0,9,0,0,0,0,0,0,0,0,0,116,0,66,0,83,0,6,0,24,2,91,2,0,0,0,0,1,0,0,0,0,0,0,0,0,0,0,0,116,0,0,0,264,0,0,0,0,0,0,0,0,0,0,0,0,0,149,0,61,0,0,0,0,0,0,0,0,0,0,0,0,0,0,0,0,0,0,0,0,0,18,0,0,0,0,0,0,0,0,0,0,0,132,0,223,4,136,0,70,0,427,0,4,0,0,0,3,0,4,0,0,0,55,0,0,0,32,0,23,1,0,0,0,0,0,0,0,0,7,0,8,0,0,6,58,0,0,0,0,5,0,0,3,0,0,0,0,0,0,0,0,0,0,0,0,0,0,0,0,0,0,0,0,0,0,0,52,4,0,6,0,19,0,1,0,24,66,0,19,0,0,0
24,0,68,0,92,34,0,0,10,0,7,0,77,166,207,43,98,0,0,217,146,218,189,0,77,0,178,307,4,0,39,22,7,0,94,35,49,0,0,0,33,0,43,15,39,0,83,28,6,0,192,18,21,0,0,0,0,0,0,0,0,0,0,0,8,0,0,0,0,0,0,0,0,0,0,0,0,0,0,0,0,0,0,0,0,0,0,0,0,0,0,0,0,0,0,0,0,0,0,0,0,0,0,0,0,0,0,0,0,0,0,0,0,0,0,0,0,0,0,0,0,0,0,0,0,0,0,0,0,0,0,0,0,0,0,0,0,0,0,0,0,0,0,0,0,0,0,0,4,0,0,0,0,0,1,0,0,0,0,0,0,0,0,0,58,0,39,0,50,0,0,0,12,0,0,0,124,95,49,0,3,0,24,0,0,0,180,0,0,0,0,0,0,0,0,0,0,0,0,0,0,0,0,0,0,0,0,0,0,0,0,59,208,0,25,0,0,4,0,0,0,0,0,0,0
0,139,0,98,0,175,0,21,0,40,0,66,69,154,59,447,0,17,217,0,70,208,0,85,0,38,30,421,0,0,0,13,0,22,20,70,0,64,0,0,0,18,0,34,0,201,7,146,0,16,0,65,0,0,0,0,0,0,0,0,0,0,0,0,0,28,0,0,0,0,0,0,0,0,0,0,0,0,0,0,0,0,0,0,0,0,0,0,0,0,0,0,0,0,0,0,0,0,0,0,0,0,0,0,0,0,0,0,0,0,0,0,0,0,0,0,0,0,0,0,0,0,0,0,0,16,0,0,0,0,0,13,0,0,0,66,0,0,0,0,0,0,0,0,0,0,0,15,0,31,0,27,0,22,0,0,0,0,0,0,0,0,0,0,0,57,0,114,0,0,0,0,1,17,0,2,70,191,0,2,0,0,0,8,0,38,12,58,0,0,0,0,0,0,0,0,0,2,0,0,0,0,0,0,0,0,0,0,0,35,0,0,9,0,44,0,0,0,85,120,205,46,0,1,2
26,0,53,0,182,40,0,0,0,0,93,18,103,59,247,99,367,0,146,70,0,119,79,23,121,0,116,100,21,0,62,9,26,8,84,13,78,0,4,0,12,0,56,0,20,7,0,0,8,0,189,8,45,0,19,0,0,0,0,0,0,0,92,0,0,0,0,0,0,0,51,0,0,0,26,0,0,0,9,0,0,0,0,0,88,0,0,0,0,0,48,0,0,0,0,0,0,0,192,0,0,0,0,0,0,0,0,0,0,0,0,0,0,0,0,0,0,0,0,0,65,0,9,0,0,0,0,0,0,0,0,0,0,0,0,0,0,0,35,0,102,1,56,0,65,0,0,0,0,0,0,0,0,0,0,0,0,0,0,0,0,0,19,0,80,0,190,0,139,0,11,0,50,0,0,0,124,148,53,0,0,0,0,0,0,0,57,1,0,0,0,0,0,0,0,0,0,0,0,0,0,0,0,0,0,0,0,0,0,0,128,105,206,64,99,0,3,7,0,0,7,0,0,0,0
0,0,0,21,37,126,0,0,0,14,4,55,86,177,106,525,0,178,218,208,119,0,0,180,0,80,80,268,0,26,4,56,0,35,31,169,9,43,0,0,26,4,14,199,0,156,14,26,0,41,22,109,0,8,0,11,0,0,0,0,0,3,0,57,0,0,0,0,0,0,0,0,0,0,0,7,0,0,0,0,0,166,0,0,0,260,0,40,0,0,0,0,0,0,0,0,0,0,0,0,0,0,0,0,0,0,0,0,0,0,0,0,0,0,0,0,0,0,0,0,0,76,0,33,0,0,0,0,0,0,0,0,0,0,0,0,0,0,0,66,0,153,0,297,0,53,0,0,0,0,0,0,0,0,0,0,0,19,0,0,0,0,0,0,3,54,0,94,0,85,0,5,0,27,0,0,54,158,9,4,0,0,0,0,0,3,9,40,0,0,0,0,0,0,0,0,0,0,0,0,0,0,0,0,0,0,0,0,0,0,0,0,9,0,22,0,0,0,53,114,175,42,0,0,0
72,85,357,14,71,0,23,0,0,0,63,0,0,0,330,46,62,53,189,0,79,0,0,163,179,182,99,0,2,0,2,0,0,0,0,0,10,2,16,9,0,0,0,0,132,0,0,0,17,0,0,0,55,0,104,1,10,0,0,0,0,0,29,11,0,0,0,0,0,0,9,0,0,0,0,0,0,0,0,0,19,0,0,0,0,0,0,0,0,0,0,0,0,0,0,0,13,0,52,0,0,0,0,0,0,0,0,0,0,0,0,0,0,0,0,0,0,0,0,0,14,0,0,0,0,0,0,0,0,0,0,0,0,0,26,0,13,0,0,0,0,0,42,0,0,0,0,0,0,0,11,0,0,0,0,0,0,0,0,0,0,0,5,0,3,3,7,0,0,0,0,0,19,0,0,0,252,250,15,0,0,0,14,0,0,0,0,0,0,0,0,0,0,0,0,0,0,0,0,0,8,0,0,0,0,0,0,0,18,0,21,44,0,24,24,0,4,1,13,0,0,0,0,0,0
32,21,41,86,31,205,0,24,0,0,23,52,0,0,140,374,14,222,0,85,23,180,163,0,0,116,0,18,0,61,0,14,0,30,0,11,0,12,0,22,0,0,0,24,0,0,0,0,0,6,0,4,0,4,0,40,0,15,0,8,0,12,0,19,0,2,0,0,0,0,0,0,0,0,0,0,0,0,0,0,0,92,0,0,0,169,0,32,0,0,0,0,0,0,0,0,0,27,0,108,0,43,0,0,0,0,0,0,0,0,0,0,0,0,0,0,0,0,0,0,0,22,0,0,0,0,0,0,0,0,0,0,0,0,0,88,0,63,0,24,0,39,0,163,0,0,0,0,0,9,0,0,0,3,0,0,0,0,0,0,0,5,0,1,0,14,0,12,0,0,0,2,0,83,0,0,84,485,15,10,0,0,3,2,0,0,0,2,0,0,0,0,0,0,0,0,0,0,0,2,0,0,0,0,0,0,0,0,0,26,0,0,0,0,44,0,0,0,64,93,46,31,0,0,0
70,28,220,5,0,0,340,14,93,0,22,0,24,0,184,0,101,20,77,0,121,0,179,0,0,141,0,0,44,0,0,0,0,0,0,0,6,0,20,0,7,0,0,0,198,0,17,0,29,0,0,0,62,0,163,13,21,0,17,0,0,0,39,16,0,0,0,0,0,0,0,0,0,0,0,1,0,0,0,0,0,0,0,0,0,0,0,0,0,0,0,0,0,0,0,0,0,0,11,0,0,0,0,0,0,0,0,0,0,0,0,0,0,0,0,0,0,0,0,0,0,0,0,0,0,0,0,0,7,0,1,0,0,0,15,0,0,0,4,0,0,0,39,0,1,0,0,0,0,0,6,0,1,0,2,0,0,0,0,0,0,0,0,0,0,0,0,0,0,0,0,0,0,0,0,0,73,95,27,0,0,0,38,0,0,0,0,0,0,0,0,0,0,0,0,0,0,0,0,0,0,0,0,0,0,0,0,0,10,0,18,2,13,31,17,0,4,2,2,0,0,0,0,0,0
194,35,226,79,0,10,104,70,52,29,2,0,0,0,0,107,44,178,0,38,0,80,182,116,141,0,0,0,0,147,0,7,0,0,0,0,0,0,43,107,0,0,0,0,0,0,0,0,0,0,0,0,6,51,5,240,0,129,0,31,17,115,0,201,0,3,0,0,0,3,0,0,0,0,0,0,0,0,0,0,0,28,0,0,0,101,0,0,0,0,0,0,0,0,0,0,0,0,0,64,1,0,0,0,0,0,0,0,0,0,0,0,0,0,0,0,0,0,0,0,0,0,0,0,0,10,0,0,0,11,11,10,0,18,2,293,0,87,0,28,0,0,0,98,0,0,0,2,0,19,0,28,0,0,0,0,0,7,0,0,0,23,0,3,0,14,0,2,0,11,4,15,104,114,0,0,55,247,0,0,6,0,24,32,0,0,0,0,0,0,0,0,0,0,0,0,0,0,0,0,0,35,0,0,0,0,0,10,0,68,31,7,0,24,207,0,6,0,160,44,77,136,0,17,0
21,0,49,0,113,4,0,0,6,0,0,0,98,86,186,0,107,0,178,30,116,80,99,0,0,0,0,581,6,0,24,3,0,0,21,29,36,0,0,0,49,71,388,45,150,61,41,167,61,0,300,23,0,0,0,0,0,0,0,0,0,0,0,0,0,0,0,0,3,0,0,0,2,0,0,0,0,0,0,0,0,0,0,0,0,0,0,0,0,0,0,0,0,0,0,0,0,0,0,0,0,0,0,0,0,0,0,0,0,0,0,0,0,0,0,0,0,0,0,0,0,0,0,0,0,0,0,0,0,0,0,0,0,0,0,0,0,0,0,0,0,0,0,0,0,0,0,0,0,0,0,0,0,0,0,0,0,0,0,0,0,0,0,0,93,0,17,0,118,0,0,0,0,0,0,0,28,85,5,0,0,0,0,0,0,0,359,0,0,0,0,0,0,0,0,0,0,0,0,0,0,0,0,0,0,0,0,0,0,0,0,103,372,0,33,0,0,24,0,0,0,0,0,0,0
0,199,0,61,0,282,0,0,0,49,0,117,179,110,8,156,0,0,307,421,100,268,0,18,0,0,581,0,0,0,0,0,0,0,35,91,0,36,0,0,182,111,350,188,250,311,165,143,15,41,154,266,0,0,0,0,0,0,0,0,0,0,0,0,0,31,0,0,0,0,0,0,0,0,0,0,0,0,0,0,0,0,0,0,0,0,0,0,0,0,0,0,0,0,0,0,0,0,0,0,0,0,0,15,0,0,0,0,0,0,0,0,0,0,0,0,0,0,0,0,0,0,0,0,0,0,0,0,0,0,0,10,0,0,0,0,0,0,0,0,0,0,0,0,0,0,0,0,0,0,0,0,0,0,0,0,0,0,0,0,0,0,0,0,0,116,0,0,0,0,0,3,0,0,0,0,26,255,0,0,0,0,0,7,0,32,106,142,0,0,0,0,0,0,0,0,0,0,0,0,0,0,0,0,0,0,0,0,0,16,0,0,0,0,18,0,0,0,37,219,292,14,0,0,0
97,0,393,0,0,0,21,0,0,0,16,0,0,0,29,0,119,0,4,0,21,0,2,0,44,0,6,0,0,0,20,0,1,0,55,0,73,1,13,0,0,0,45,0,0,0,0,0,1,0,38,0,21,0,8,0,0,0,0,0,12,0,19,0,0,0,0,0,0,0,8,0,0,0,5,0,0,0,0,0,0,0,0,0,13,0,0,0,0,0,0,0,0,0,0,0,0,0,0,0,0,0,0,0,0,0,0,0,0,0,0,0,0,0,0,0,0,0,0,0,0,0,0,0,0,0,0,0,0,0,0,0,0,0,0,0,0,0,43,0,45,0,15,0,8,0,0,0,0,0,0,0,0,0,1,0,0,0,0,0,0,0,2,0,0,0,0,0,0,0,0,0,0,1,0,0,0,0,0,0,0,0,0,0,2,0,0,0,0,0,0,0,0,0,0,0,0,0,0,0,0,0,0,0,0,0,0,0,0,0,74,54,0,0,21,0,0,0,0,0,0,0,0,0,0
0,121,1,68,0,106,0,36,0,0,0,103,0,0,0,124,0,141,0,0,0,26,0,61,0,147,0,0,0,0,0,11,0,30,0,14,0,27,0,80,0,0,0,10,0,0,0,0,0,0,0,13,0,21,0,6,0,3,0,0,0,56,0,54,0,3,0,0,0,0,0,0,0,0,0,0,0,0,0,0,0,0,0,0,0,38,0,0,0,0,0,0,0,0,0,0,0,17,0,0,0,0,0,0,0,0,0,0,0,0,0,0,0,0,0,0,0,0,0,0,0,11,0,4,0,0,0,0,0,0,0,0,0,0,0,0,0,53,0,67,0,103,0,83,0,52,0,0,0,1,0,0,0,0,0,4,0,5,0,10,0,0,0,0,0,0,0,0,0,0,0,0,0,0,0,0,5,31,0,9,0,0,0,0,0,0,0,0,0,0,0,0,0,0,0,0,0,0,0,0,0,0,0,0,0,0,0,0,0,0,0,0,0,0,0,0,0,0,0,30,0,0,0,0,0
17,0,51,0,201,0,0,0,0,0,111,0,29,0,108,8,30,0,39,0,62,4,2,0,0,0,24,0,20,0,0,0,5,0,49,0,68,0,0,0,0,0,33,0,10,0,0,0,0,0,66,0,4,0,0,0,0,0,0,0,7,0,17,0,0,0,0,0,0,0,0,0,0,0,0,0,0,0,0,0,0,0,0,0,0,0,0,0,0,0,0,0,0,0,0,0,0,0,14,0,4,0,0,0,0,0,0,0,0,0,0,0,0,0,0,0,0,0,0,0,0,0,0,0,0,0,0,0,0,0,0,0,0,0,0,0,0,0,15,0,13,0,0,0,7,0,0,0,0,0,0,0,0,0,0,0,4,0,0,0,0,0,0,0,0,0,7,0,0,0,0,0,11,0,0,0,11,11,32,0,0,0,1,0,0,0,0,0,0,0,0,0,0,0,0,0,0,0,0,0,0,0,0,0,0,0,0,0,0,0,0,28,4,0,4,0,0,0,0,0,0,0,0,0,0
0,0,0,0,0,42,0,0,0,0,0,35,0,74,17,36,0,12,22,13,9,56,0,14,0,7,3,0,0,11,0,0,0,3,2,9,0,52,0,2,0,3,0,55,0,0,0,0,0,0,0,19,0,5,0,0,0,0,0,0,0,17,0,26,0,0,0,0,0,0,0,1,0,0,0,0,0,0,0,0,0,0,0,0,0,0,0,0,0,0,0,0,0,0,0,0,0,0,0,0,0,0,0,0,0,0,0,0,0,0,0,0,0,0,0,0,0,0,0,0,0,0,0,0,0,0,0,0,0,0,0,0,0,0,0,0,0,0,0,0,0,35,0,44,0,29,0,0,0,0,0,0,0,0,0,0,0,14,0,0,0,0,0,0,0,0,1,7,0,0,0,0,0,0,0,0,2,21,0,2,0,0,0,0,0,0,0,5,0,0,0,0,0,0,0,0,0,0,0,0,0,0,0,0,0,0,0,0,0,0,0,1,0,0,0,0,0,0,2,3,5,3,0,0,0
40,0,70,0,138,0,0,0,0,0,115,0,0,0,91,4,40,0,7,0,26,0,0,0,0,0,0,0,1,0,5,0,0,0,19,0,297,0,1,0,0,0,10,0,15,0,0,0,0,0,20,0,2,0,1,0,0,0,0,0,4,0,0,0,0,0,0,0,0,0,4,0,0,0,0,0,0,0,0,0,0,0,0,0,0,0,2,0,0,0,0,0,0,0,0,0,0,0,0,0,0,0,0,0,0,0,0,0,0,0,0,0,0,0,0,0,0,0,0,0,0,0,0,0,0,0,0,0,0,0,0,0,0,0,0,0,0,0,0,0,0,0,0,0,0,0,0,0,0,0,0,0,0,0,0,0,0,0,0,0,0,0,0,0,0,0,10,0,0,0,1,0,7,0,0,0,0,10,29,0,0,0,0,0,0,0,0,0,0,0,0,0,0,0,0,0,0,0,0,0,0,0,0,0,0,0,0,0,0,0,6,57,0,0,0,0,2,0,0,0,0,0,0,0,0
0,80,3,33,0,235,0,0,0,11,2,237,0,24,20,161,0,16,0,22,8,35,0,30,0,0,0,0,0,30,0,3,0,0,0,19,0,162,0,1,0,0,0,28,0,0,0,1,0,2,0,19,0,10,0,0,0,0,0,0,0,34,0,16,0,4,0,0,0,0,0,0,0,0,0,0,0,0,0,0,0,17,0,0,0,0,0,5,0,0,0,0,0,0,0,0,0,0,0,0,0,0,0,0,0,0,0,0,0,0,0,0,0,0,0,0,0,0,0,0,0,0,0,2,0,0,0,0,0,0,0,2,0,0,0,0,0,0,0,0,0,0,0,28,0,0,0,0,0,0,0,0,0,0,0,0,0,16,0,2,0,0,0,0,0,0,0,19,0,0,0,0,0,0,0,0,0,82,0,0,0,0,0,0,0,0,0,0,0,0,0,0,0,0,0,0,0,0,0,1,0,0,0,0,0,0,0,0,0,0,0,0,0,0,6,0,0,0,0,86,5,0,0,0,0
0,0,0,0,115,0,0,0,0,0,8,0,209,14,20,0,37,0,94,20,84,31,0,0,0,0,21,35,55,0,49,2,19,0,0,4,259,0,0,0,17,0,15,8,11,2,3,0,14,0,76,0,0,0,0,0,0,0,0,0,0,0,0,0,0,0,0,0,0,0,0,0,0,0,0,0,0,0,0,0,0,0,0,0,0,0,0,0,0,0,0,0,0,0,0,0,0,0,0,0,7,0,0,0,0,0,0,0,0,0,0,0,0,0,0,0,0,0,0,0,0,0,0,0,0,0,0,0,0,0,0,0,0,0,0,0,0,0,0,0,0,0,0,0,8,0,0,0,0,0,0,0,0,0,0,0,0,0,0,0,0,0,0,0,13,0,6,0,0,0,0,0,8,0,0,0,25,10,30,0,0,0,0,0,0,0,51,0,0,0,0,0,0,0,0,0,0,0,0,0,0,0,0,0,0,0,0,0,0,0,0,6,20,0,0,2,0,3,0,0,0,0,0,0,0
0,0,0,0,0,26,0,0,0,0,0,11,12,316,5,3,0,5,35,70,13,169,0,11,0,0,29,91,0,14,0,9,0,19,4,0,0,135,0,4,0,10,11,38,3,31,0,10,0,13,0,54,0,2,0,0,0,0,0,0,0,14,0,21,0,0,0,0,0,0,0,0,0,0,0,0,0,0,0,0,0,0,0,0,0,0,0,0,0,0,0,0,0,0,0,0,0,0,0,0,0,0,0,0,0,0,0,0,0,0,0,0,0,0,0,0,0,0,0,0,0,0,0,0,0,0,0,0,0,0,0,0,0,0,0,0,0,0,0,22,0,48,0,31,0,0,0,0,0,0,0,0,0,0,0,0,0,11,0,0,0,0,0,0,0,13,0,9,0,5,0,0,0,17,0,0,3,23,0,0,0,0,0,0,0,0,2,33,0,0,0,0,0,0,0,0,0,0,0,0,0,0,0,0,0,0,0,0,0,0,0,0,0,0,0,0,0,0,0,38,37,5,1,0,0
21,0,42,0,134,0,0,0,0,0,120,4,36,0,81,0,12,0,49,0,78,9,10,0,6,0,36,0,73,0,68,0,297,0,259,0,0,0,100,0,0,0,68,0,20,0,5,0,4,0,163,0,29,0,0,0,0,0,0,0,21,0,56,0,0,0,0,0,0,0,62,0,0,0,20,0,0,0,4,0,72,0,0,0,45,0,0,0,0,0,0,0,0,0,0,0,0,0,106,0,36,0,0,0,0,0,0,0,0,0,0,0,0,0,0,0,0,0,0,0,54,0,11,0,0,0,0,0,0,0,0,0,0,0,0,0,5,0,110,0,135,0,0,0,142,0,0,0,0,0,0,0,0,0,0,0,33,0,4,0,0,0,21,0,10,0,7,0,35,0,14,0,22,0,0,0,20,21,31,0,0,1,7,0,0,0,0,0,0,0,0,0,0,0,0,0,0,0,0,0,0,0,0,0,0,0,0,0,0,0,0,33,27,15,8,0,0,0,0,0,0,0,0,0,0
0,41,0,0,0,109,0,0,0,0,0,96,0,144,0,73,0,2,0,64,0,43,2,12,0,0,0,36,1,27,0,52,0,162,0,135,0,0,0,40,0,2,0,107,0,26,0,0,0,3,0,55,0,9,0,0,0,0,0,0,0,43,0,13,0,0,0,0,0,0,0,0,0,0,0,0,0,0,0,0,0,26,0,0,0,34,0,0,0,0,0,0,0,1,0,0,0,0,0,18,0,0,0,0,0,0,0,0,0,0,0,0,0,0,0,0,0,0,0,0,0,35,0,0,0,0,0,0,0,0,0,0,0,0,0,0,0,0,0,25,0,76,0,54,0,46,0,0,0,0,0,0,0,0,0,0,0,32,0,0,0,0,0,0,0,8,0,16,0,30,0,0,0,88,0,0,0,39,0,7,0,0,0,0,0,0,0,11,0,0,0,0,0,0,0,0,0,0,0,0,0,0,0,0,0,0,0,0,0,0,0,0,0,0,14,0,0,0,19,166,33,25,0,1,0
388,0,540,0,55,0,0,0,0,0,37,0,0,0,17,0,47,0,0,0,4,0,16,0,20,43,0,0,13,0,0,0,1,0,0,0,100,0,0,0,0,0,0,0,0,0,0,0,0,0,6,0,11,0,3,0,0,0,0,0,4,0,5,0,0,0,0,0,0,0,3,0,0,0,0,0,0,0,0,0,0,0,0,0,0,0,0,0,0,0,0,0,0,0,0,0,0,0,0,0,0,0,0,0,0,0,0,0,0,0,0,0,0,0,0,0,0,0,0,0,0,0,0,0,0,0,0,0,0,0,0,0,0,0,0,0,0,0,25,0,6,0,0,0,17,0,0,0,0,0,0,0,0,0,0,0,57,0,0,0,0,0,0,0,0,0,37,0,0,0,1,0,39,0,0,0,0,0,0,0,0,0,40,0,0,0,0,0,0,0,0,0,0,0,0,0,0,0,0,0,0,0,0,0,0,0,0,0,0,0,83,180,4,12,18,0,0,1,0,0,0,0,0,0,0
0,254,0,86,0,58,0,75,0,14,0,69,0,0,0,94,1,43,0,0,0,0,9,22,0,107,0,0,0,80,0,2,0,1,0,4,0,40,0,0,0,0,0,0,0,0,0,1,0,0,0,0,0,17,0,0,0,0,0,0,0,19,0,37,0,3,0,0,0,0,0,0,0,0,0,0,0,0,0,0,0,0,0,0,0,0,0,0,0,0,0,0,0,0,0,0,0,0,0,0,0,0,0,0,0,0,0,0,0,0,0,0,0,0,0,0,0,0,0,0,0,0,0,0,0,0,0,0,0,0,0,0,0,0,0,0,0,0,0,0,0,61,0,31,0,0,0,0,0,0,0,0,0,0,0,0,0,23,0,0,0,0,0,0,0,0,0,2,0,0,0,0,0,49,0,0,0,59,0,1,0,0,0,0,0,0,0,0,0,0,0,0,0,1,0,0,0,0,0,0,0,0,0,0,0,0,0,0,0,0,0,0,0,0,4,0,0,0,7,118,0,0,0,0,0
0,0,0,0,158,0,7,0,0,0,56,0,133,17,17,0,0,0,33,0,12,26,0,0,7,0,49,182,0,0,0,0,0,0,17,0,0,0,0,0,0,18,171,0,54,49,172,53,106,0,63,10,0,0,0,0,0,0,0,0,0,0,0,0,0,0,0,0,0,0,0,0,0,0,0,0,0,0,0,0,0,0,0,0,0,0,0,0,0,0,0,0,0,0,0,0,0,0,0,0,0,0,0,0,0,0,0,0,0,0,0,0,0,0,0,0,0,0,0,0,0,0,0,0,0,0,0,0,0,0,0,0,1,0,0,0,0,0,0,0,0,0,0,0,0,0,0,0,0,0,0,0,0,0,0,0,0,0,0,0,0,0,0,0,30,0,0,0,0,0,2,0,4,0,0,0,9,23,16,0,0,0,9,0,0,0,187,0,0,0,0,0,0,0,0,0,0,0,0,0,0,0,0,0,0,0,0,0,0,0,0,44,204,0,0,0,0,13,0,0,0,0,0,0,0
0,21,0,0,0,25,0,0,0,3,0,81,4,102,0,0,0,0,0,18,0,4,0,0,0,0,71,111,0,0,0,3,0,0,0,10,0,2,0,0,18,0,43,13,61,129,44,330,8,192,0,20,0,0,0,2,0,0,0,0,0,0,0,0,0,1,0,0,0,0,0,0,0,0,0,0,0,2,0,0,0,0,0,0,0,0,0,0,0,3,0,0,0,0,0,0,0,0,0,0,0,4,0,0,0,0,0,0,0,0,0,0,0,0,0,0,0,0,0,0,0,0,0,0,0,0,0,0,0,0,0,0,0,0,0,0,0,0,0,0,0,0,0,0,0,0,0,0,0,0,0,0,0,0,0,0,0,0,0,0,0,0,1,0,0,88,0,2,0,31,0,0,0,0,0,23,0,196,0,19,0,38,0,0,0,0,40,7,0,0,0,0,0,0,0,0,0,0,0,0,0,0,0,0,0,4,0,0,0,0,0,0,0,0,2,0,0,0,0,18,38,3,0,0,8
0,0,0,0,0,0,0,0,0,0,0,0,118,27,7,0,64,0,43,0,56,14,0,0,0,0,388,350,45,0,33,0,10,0,15,11,68,0,0,0,171,43,0,21,242,60,159,141,91,0,100,21,5,0,0,0,0,0,0,0,6,0,23,0,0,0,1,0,0,0,19,0,0,0,0,0,0,0,0,0,0,0,0,0,0,0,0,0,0,0,0,0,0,0,0,0,0,0,49,0,0,0,0,0,0,0,0,0,0,0,0,0,0,0,0,0,0,0,0,0,0,0,0,0,0,0,0,0,0,0,0,0,0,0,0,0,0,0,17,0,37,0,0,0,0,0,0,0,0,0,0,0,0,0,0,0,8,0,0,0,0,0,9,0,22,0,25,0,37,0,8,0,18,0,0,0,0,25,0,0,0,0,0,0,0,0,165,0,0,0,0,0,0,0,0,0,0,0,0,0,0,0,0,0,0,0,0,0,0,0,14,115,77,23,5,0,0,23,1,0,0,0,0,0,0
0,33,0,0,0,13,0,0,0,5,0,9,17,47,0,0,0,9,15,34,0,199,0,24,0,0,45,188,0,10,0,55,0,28,8,38,0,107,0,0,0,13,21,0,16,165,9,54,0,26,0,62,0,0,0,0,0,0,0,0,0,30,0,42,0,0,0,0,0,0,0,1,0,0,0,0,0,0,0,0,0,0,0,0,0,100,0,0,0,0,0,0,0,3,0,0,0,0,0,0,0,0,0,0,0,0,0,0,0,0,0,0,0,0,0,0,0,0,0,0,0,0,0,0,0,0,0,0,0,0,0,0,0,0,0,0,0,0,0,0,0,152,0,139,0,82,0,0,0,0,0,0,0,0,0,0,0,31,0,0,0,0,0,0,0,67,0,18,0,25,0,0,0,56,0,0,0,13,0,0,0,0,0,0,0,0,0,20,0,0,0,0,0,0,0,0,0,0,0,0,0,0,0,0,0,0,0,0,0,0,0,0,0,0,6,0,0,0,24,59,87,14,0,0,4
50,0,98,0,80,0,0,0,0,0,33,0,51,0,63,0,132,0,39,0,20,0,132,0,198,0,150,250,0,0,10,0,15,0,11,3,20,0,0,0,54,61,242,16,0,115,220,197,209,0,72,12,80,0,0,0,0,0,0,0,0,0,0,0,7,0,0,0,5,0,0,0,0,0,0,0,0,0,4,0,0,0,0,0,0,0,0,0,0,0,30,0,0,0,0,0,47,0,105,0,0,0,0,0,0,0,0,0,0,0,0,0,0,0,0,0,0,0,0,0,38,0,0,0,0,0,9,0,0,0,0,0,6,0,0,0,0,0,0,0,0,0,0,0,0,0,0,0,0,0,0,0,0,0,0,0,0,0,0,0,0,0,0,0,85,0,41,0,115,0,0,0,36,0,0,0,25,65,0,0,0,0,37,0,0,0,174,1,0,0,0,0,0,0,12,0,0,0,0,0,0,0,0,0,0,0,0,0,0,0,33,89,147,40,31,9,0,94,0,0,0,0,0,0,0
0,29,0,0,0,0,0,5,0,0,0,0,0,39,0,0,0,0,0,201,7,156,0,0,0,0,61,311,0,0,0,0,0,0,2,31,0,26,0,0,49,129,60,165,115,0,110,272,33,214,0,196,0,0,0,0,0,0,0,0,0,0,0,0,0,2,0,0,0,0,0,0,0,0,0,0,0,0,0,0,0,0,0,0,0,0,0,14,0,0,0,0,0,0,0,0,0,0,0,16,0,0,0,20,0,0,0,0,0,0,0,0,0,0,0,0,0,0,0,0,0,0,0,0,0,0,0,0,0,0,0,0,0,0,0,0,0,0,0,0,0,0,0,0,0,0,0,0,0,0,0,0,0,0,0,0,0,3,0,0,0,0,0,0,0,185,0,10,0,61,0,0,0,28,0,0,1,151,0,0,0,0,0,0,0,0,71,5,0,19,0,0,0,0,0,0,0,0,0,0,0,0,0,0,0,18,0,0,0,0,0,0,4,0,20,0,0,0,36,247,274,22,0,0,74
54,0,47,0,177,0,0,0,37,0,59,0,155,0,43,0,0,0,83,7,0,14,0,0,17,0,41,165,0,0,0,0,0,0,3,0,5,0,0,0,172,44,159,9,220,110,0,102,256,8,53,9,0,0,3,0,0,0,0,0,0,0,2,0,0,0,0,0,0,0,0,0,0,0,0,0,0,0,0,0,0,0,0,0,0,0,0,0,0,0,0,0,0,0,0,0,0,0,0,0,0,0,0,0,5,0,0,0,0,0,0,0,0,0,0,0,0,0,0,0,0,0,0,0,0,0,0,0,0,0,0,0,0,0,0,0,0,0,0,0,0,0,0,0,0,0,0,0,4,0,0,0,0,0,0,0,0,0,0,0,0,0,0,0,64,0,4,0,37,0,0,0,0,0,0,0,10,69,17,0,0,0,0,0,0,0,209,0,0,0,0,0,0,0,0,0,0,0,0,0,0,0,0,0,0,0,0,0,0,0,0,79,246,10,8,0,0,54,0,0,0,0,0,0,0
0,81,0,16,0,88,0,17,0,0,0,109,24,196,0,16,0,0,28,146,0,26,0,0,0,0,167,143,0,0,0,0,0,1,0,10,0,0,0,1,53,330,141,54,197,272,102,0,37,196,0,34,0,0,0,0,0,0,0,0,0,0,0,0,0,0,0,1,0,0,0,0,0,0,0,0,0,0,0,0,0,0,0,0,0,0,0,0,0,0,0,0,0,0,0,0,0,0,0,0,0,0,0,0,0,0,0,0,0,0,0,0,0,0,0,0,0,0,0,0,0,0,0,0,0,0,0,0,0,0,0,0,0,0,0,0,0,0,0,0,0,0,0,0,0,0,0,0,0,0,0,0,0,0,0,0,0,0,0,0,0,0,0,0,0,54,0,0,0,0,0,0,0,0,0,0,0,353,0,0,0,0,0,0,0,0,107,32,0,0,0,0,0,0,0,0,0,0,0,0,0,0,0,0,0,0,0,0,0,0,0,2,0,0,0,0,0,0,0,45,52,4,0,0,14
41,0,48,0,28,2,40,0,30,0,10,0,26,0,13,0,10,0,6,0,8,0,17,0,29,0,61,15,1,0,0,0,0,0,14,0,4,0,0,0,106,8,91,0,209,33,256,37,0,6,31,3,35,0,19,2,16,0,29,0,0,0,0,0,2,0,10,2,5,0,3,0,0,0,2,0,9,0,0,0,0,0,14,0,0,0,11,0,0,0,0,0,0,0,4,0,9,0,14,0,10,0,4,0,14,0,14,0,0,0,0,0,0,0,0,0,0,0,0,0,7,0,0,0,0,0,0,0,0,0,12,0,0,0,11,0,0,0,0,0,5,0,14,0,4,0,0,0,0,0,0,0,0,0,8,0,0,0,0,0,16,0,62,0,53,0,17,0,57,0,49,0,25,0,0,0,21,32,26,0,0,0,12,0,14,0,177,0,44,0,0,0,78,0,15,0,0,0,40,0,21,0,50,0,28,0,39,0,15,0,83,82,109,26,43,26,7,28,0,0,0,0,0,0,0
0,15,0,2,0,0,0,0,0,5,0,13,1,13,0,11,0,0,0,16,0,41,0,6,0,0,0,41,0,0,0,0,0,2,0,13,0,3,0,0,0,192,0,26,0,214,8,196,6,0,0,36,0,0,0,0,0,0,0,0,0,0,0,0,0,2,0,0,0,8,0,0,0,0,0,0,0,0,0,0,0,0,0,13,0,0,0,6,0,4,0,2,0,11,0,9,0,2,0,4,0,0,0,27,0,0,0,0,0,0,0,0,0,0,0,0,0,0,0,0,0,0,0,0,0,0,0,0,0,0,0,0,0,0,0,10,0,0,0,0,0,0,0,0,0,0,0,0,0,0,0,0,0,0,0,0,0,0,0,0,0,0,0,5,0,89,0,0,0,57,0,2,0,10,0,4,0,84,0,1,0,0,0,2,0,7,33,58,0,21,0,2,0,0,0,21,0,0,0,7,0,0,0,11,0,11,0,0,0,2,0,0,0,0,12,0,0,0,23,29,46,8,17,0,11
0,0,0,0,70,0,0,0,0,0,0,0,223,0,17,3,57,0,192,0,189,22,0,0,0,0,300,154,38,0,66,0,20,0,76,0,163,0,6,0,63,0,100,0,72,0,53,0,31,0,0,0,0,0,0,0,0,0,0,0,0,0,21,0,0,0,0,0,2,0,44,0,9,0,26,0,0,0,7,0,82,0,0,0,51,0,51,0,0,0,0,0,0,0,0,0,0,0,179,0,64,0,0,0,0,0,21,0,0,0,0,0,0,0,0,0,0,0,0,0,42,0,0,0,0,0,0,0,0,0,0,0,0,0,0,0,0,0,0,0,46,0,0,0,44,0,0,0,0,0,0,0,0,0,0,0,0,0,0,0,0,0,25,0,52,0,18,0,160,0,31,0,43,0,0,0,0,0,9,0,0,0,0,0,0,0,102,0,0,0,13,0,0,0,0,0,4,0,0,0,0,0,0,0,0,0,0,0,0,0,56,65,98,67,49,0,4,9,0,0,0,0,0,0,0
0,0,0,0,0,0,0,0,0,5,1,0,8,109,0,0,0,0,18,65,8,109,0,4,0,0,23,266,0,13,0,19,0,19,0,54,0,55,0,0,10,20,21,62,12,196,9,34,3,36,0,0,0,2,0,2,0,1,0,0,0,9,0,4,0,0,0,0,0,0,0,0,0,1,0,0,0,3,0,0,0,0,0,0,0,27,0,0,0,0,0,0,0,0,0,0,0,0,0,19,0,9,0,8,0,0,0,0,0,0,0,0,0,0,0,0,0,0,0,0,0,16,0,0,0,0,0,0,0,0,0,0,0,0,0,0,0,0,0,0,0,38,0,39,0,0,0,0,0,0,0,0,0,0,0,0,0,0,0,0,0,0,0,8,0,44,0,8,0,89,0,15,0,86,0,0,3,14,0,0,0,0,0,0,0,0,0,31,0,27,0,6,0,0,0,36,0,0,0,0,0,0,0,0,0,0,0,0,0,0,0,0,0,0,19,0,0,0,24,78,92,25,21,0,3
0,0,62,0,0,0,284,0,291,5,0,0,14,0,17,0,166,0,21,0,45,0,55,0,62,6,0,0,21,0,4,0,2,0,0,0,29,0,11,0,0,0,5,0,80,0,0,0,35,0,0,0,0,8,557,23,553,10,312,9,37,0,83,0,2,0,66,23,0,0,12,0,4,0,8,0,0,0,0,0,71,0,0,0,248,0,0,1,0,0,182,0,0,0,9,0,189,0,240,0,70,0,0,0,0,0,0,0,0,0,0,0,0,0,0,0,0,0,0,0,52,0,28,0,0,0,0,0,31,0,22,0,26,0,27,0,23,0,297,0,70,0,403,0,40,0,0,0,2,0,0,0,0,0,286,0,187,0,50,0,8,0,44,0,0,0,8,0,22,0,234,0,20,0,0,0,101,10,5,0,0,0,0,0,29,0,0,0,0,0,0,0,0,0,0,0,0,0,4,0,70,0,0,0,0,0,0,0,12,0,239,177,311,0,390,6,90,18,0,0,0,0,0,0,0
2,0,0,1,0,0,22,63,61,212,1,0,0,0,0,0,0,116,0,0,0,8,0,4,0,51,0,0,0,21,0,5,0,10,0,2,0,9,0,17,0,0,0,0,0,0,0,0,0,0,0,2,8,0,42,90,5,98,10,38,4,122,0,180,1,2,17,18,0,0,0,0,0,1,0,0,0,0,0,0,0,0,0,0,0,6,0,0,0,0,0,0,0,3,0,0,0,0,0,5,0,6,0,0,0,0,0,0,0,0,0,0,0,0,0,0,0,0,0,0,0,0,0,0,0,0,0,1,0,11,0,7,0,6,0,28,2,28,0,108,0,40,0,22,0,108,0,0,0,3,0,3,0,0,0,174,0,149,0,39,2,26,0,0,0,0,0,0,0,2,0,10,0,0,0,0,49,50,0,0,0,0,0,0,0,33,0,0,0,0,0,0,0,0,0,0,0,0,0,0,0,0,0,0,0,0,0,2,0,5,0,0,12,10,228,0,0,0,197,191,60,91,0,9,0
4,0,154,0,24,0,359,0,212,64,0,0,0,0,54,0,53,0,0,0,19,0,104,0,163,5,0,0,8,0,0,0,1,0,0,0,0,0,3,0,0,0,0,0,0,0,3,0,19,0,0,0,557,42,0,111,54,70,110,40,16,0,18,2,3,0,29,85,0,0,3,0,0,0,0,0,0,0,0,0,0,0,0,0,19,0,1,0,0,0,0,0,0,0,0,0,15,0,0,0,0,0,0,0,0,0,0,0,0,0,0,0,0,0,0,0,0,0,0,0,0,0,0,0,0,0,34,0,16,0,5,7,38,0,53,0,40,0,84,0,26,0,114,0,0,0,0,0,4,8,0,0,0,0,37,0,11,0,14,0,3,0,3,0,0,0,0,0,4,0,99,0,0,0,0,0,126,19,0,0,0,0,4,0,23,0,0,0,0,0,0,0,0,0,0,0,0,0,0,0,14,0,0,0,0,0,0,0,34,0,71,16,66,119,95,0,21,4,0,0,0,0,0,0,0
0,31,7,27,0,8,117,262,187,258,0,3,0,0,0,44,0,66,0,0,0,11,1,40,13,240,0,0,0,6,0,0,0,0,0,0,0,0,0,0,0,2,0,0,0,0,0,0,2,0,0,2,23,90,111,0,11,141,28,167,0,18,11,62,0,22,49,56,0,0,0,0,0,0,0,0,0,0,0,0,0,0,0,0,0,14,0,0,0,0,0,0,0,0,0,0,0,0,0,0,1,0,0,0,0,0,0,0,0,0,0,0,0,0,0,0,0,0,0,0,0,0,0,0,0,58,0,29,0,0,0,65,0,22,5,103,2,53,0,31,0,6,0,0,0,13,0,9,0,22,0,18,0,2,0,43,0,0,0,7,0,71,0,0,0,0,0,0,0,6,18,114,0,50,0,0,121,73,0,0,0,0,0,4,9,23,0,0,0,0,0,0,0,0,0,0,0,0,0,0,0,0,0,0,0,0,1,0,0,61,18,0,0,0,168,0,7,0,35,0,127,118,0,10,0
0,0,8,0,0,0,3,0,4,0,0,0,0,0,0,0,6,0,0,0,0,0,10,0,21,0,0,0,0,0,0,0,0,0,0,0,0,0,0,0,0,0,0,0,0,0,0,0,16,0,0,0,553,5,54,11,0,43,124,26,0,0,0,0,64,5,8,54,0,0,0,0,0,0,0,0,0,0,0,0,0,0,0,0,0,0,0,0,0,0,0,0,0,0,0,1,0,0,0,0,0,0,0,0,0,0,0,0,0,0,1,0,0,0,0,0,0,0,0,0,0,0,0,0,5,0,20,0,52,0,64,0,45,0,0,0,25,0,30,0,0,0,15,0,7,0,0,1,8,0,0,0,0,0,55,0,20,0,46,4,31,0,56,0,0,0,0,0,9,0,43,0,0,0,0,5,12,0,0,0,0,6,0,0,44,4,0,0,0,0,0,0,0,0,0,0,0,0,0,0,0,0,0,0,0,0,0,0,11,0,165,21,123,290,581,7,23,0,0,1,0,0,0,0,0
0,0,0,4,0,0,13,10,46,9,0,1,0,0,0,18,0,83,0,0,0,0,0,15,0,129,0,0,0,3,0,0,0,0,0,0,0,0,0,0,0,0,0,0,0,0,0,0,0,0,0,1,10,98,70,141,43,0,75,349,0,0,0,25,9,8,101,31,0,3,0,0,0,0,0,0,0,5,0,0,0,0,0,0,0,0,0,0,0,0,0,0,0,0,0,12,0,0,0,0,0,0,0,0,0,0,0,0,0,0,0,0,0,0,0,0,0,0,0,0,0,0,0,0,0,40,0,16,0,20,0,34,0,4,0,0,0,11,1,12,0,0,0,0,0,5,0,5,3,6,0,13,0,11,0,186,0,6,0,114,0,121,0,14,0,5,0,0,0,22,0,232,0,0,0,25,27,2,0,0,0,14,0,0,14,27,0,0,0,1,0,0,0,0,0,1,0,1,0,0,0,0,0,0,0,0,0,6,0,36,0,3,0,0,401,0,0,0,64,78,365,297,21,11,0
4,0,13,0,0,0,12,0,48,15,0,0,3,0,0,0,0,0,0,0,0,0,0,0,17,0,0,0,0,0,0,0,0,0,0,0,0,0,0,0,0,0,0,0,0,0,0,0,29,0,0,0,312,10,110,28,124,75,0,77,0,0,4,0,125,18,84,121,0,0,0,0,2,0,0,0,0,0,0,0,0,0,0,0,1,0,0,0,0,0,0,0,0,0,0,0,0,0,0,0,0,0,0,0,0,0,0,0,0,0,0,0,0,0,0,0,0,0,0,0,0,0,0,0,46,0,0,0,14,0,277,0,37,0,0,0,0,0,17,0,0,0,0,0,0,2,0,0,66,0,0,0,0,0,44,7,62,0,9,7,76,0,35,0,3,0,8,0,9,0,166,0,0,0,0,10,29,0,0,0,0,21,0,0,134,7,0,0,0,0,0,0,0,0,0,0,0,0,0,0,0,0,0,0,0,0,0,0,0,0,521,118,247,697,1344,6,92,0,3,5,0,0,0,0,0
0,3,0,0,0,0,0,23,55,79,0,0,0,0,0,0,0,6,0,0,0,0,0,8,0,31,0,0,0,0,0,0,0,0,0,0,0,0,0,0,0,0,0,0,0,0,0,0,0,0,0,0,9,38,40,167,26,349,77,0,0,0,0,0,14,136,97,245,0,18,0,0,0,3,0,2,0,0,0,0,0,0,0,0,0,0,0,24,0,0,0,0,0,0,0,0,0,0,0,0,0,0,0,0,0,0,0,0,0,0,0,0,0,0,0,0,0,0,0,0,0,0,0,0,0,30,0,8,0,0,0,57,0,6,0,3,0,0,0,2,0,0,0,0,0,8,0,0,0,31,0,13,0,0,2,48,0,30,0,60,0,74,0,25,0,8,0,0,0,49,0,180,0,0,0,46,35,0,0,0,0,0,0,0,47,74,0,0,0,0,0,0,0,0,0,0,0,0,0,0,0,0,0,0,0,0,0,2,0,11,5,0,0,0,1497,0,0,0,317,163,510,594,46,31,0
115,0,79,0,0,0,272,0,198,0,0,0,0,0,0,0,24,0,0,0,0,0,0,0,0,17,0,0,12,0,7,0,4,0,0,0,21,0,4,0,0,0,6,0,0,0,0,0,0,0,0,0,37,4,16,0,0,0,0,0,0,0,63,0,0,0,0,0,0,0,0,0,0,0,0,0,0,0,2,0,0,0,0,0,0,0,0,0,0,0,0,0,0,0,0,0,0,0,0,0,0,0,0,0,0,0,0,0,0,0,0,0,0,0,0,0,0,0,0,0,0,0,0,0,0,0,0,0,0,0,0,0,0,0,0,0,0,0,105,0,63,0,0,0,99,0,0,0,0,0,0,0,0,0,9,0,142,0,0,0,0,0,8,0,0,0,0,0,0,0,91,0,42,0,0,0,84,12,0,0,0,0,16,0,0,0,0,0,0,0,0,0,0,0,0,0,0,0,4,0,0,0,0,0,0,0,0,0,0,0,127,71,44,116,124,0,32,0,0,0,0,0,0,0,0
0,225,0,30,0,0,0,193,3,170,0,0,0,0,0,6,0,24,0,0,0,3,0,12,0,115,0,0,0,56,0,17,0,34,0,14,0,43,0,19,0,0,0,30,0,0,0,0,0,0,0,9,0,122,0,18,0,0,0,0,0,0,0,84,0,0,0,0,0,1,0,4,0,0,0,4,0,1,0,0,0,0,0,0,0,0,0,0,0,0,0,0,0,0,0,0,0,0,0,6,0,0,0,0,0,0,0,0,0,0,0,0,0,0,0,0,0,1,0,0,0,0,0,0,0,0,0,0,0,0,0,0,0,0,0,0,0,0,0,49,0,72,0,36,0,158,0,0,0,0,0,0,0,0,0,7,0,140,0,25,0,0,0,0,0,0,0,2,0,0,0,32,0,99,0,0,0,51,0,0,0,0,0,25,0,5,0,0,0,0,0,0,0,0,0,0,0,0,0,0,0,0,0,0,0,0,0,0,0,0,0,0,0,0,106,0,0,0,101,197,42,91,0,8,0
0,0,66,0,0,0,200,0,160,0,0,0,0,0,0,0,242,2,0,0,92,0,29,0,39,0,0,0,19,0,17,0,0,0,0,0,56,0,5,0,0,0,23,0,0,0,2,0,0,0,21,0,83,0,18,11,0,0,4,0,63,0,0,1,0,0,2,0,0,0,14,0,0,0,0,0,0,0,0,0,25,0,0,0,33,0,10,0,0,0,12,0,0,0,0,0,23,0,58,0,0,0,0,0,0,0,0,0,0,0,0,0,0,0,0,0,0,0,0,0,20,0,0,0,0,0,0,0,0,0,0,0,0,0,0,0,6,0,79,0,49,0,25,0,25,0,0,0,0,0,0,0,0,0,22,0,29,0,7,0,0,0,0,0,0,0,0,0,0,0,11,0,14,0,0,0,94,19,6,0,0,0,13,0,0,0,0,0,0,0,0,0,0,0,0,0,0,0,0,0,0,0,0,0,0,0,0,0,1,0,193,86,28,57,63,0,15,0,0,0,0,0,0,0,0
12,180,15,10,0,0,17,213,12,151,0,1,0,0,0,5,0,91,0,0,0,57,11,19,16,201,0,0,0,54,0,26,0,16,0,21,0,13,0,37,0,0,0,42,0,0,0,0,0,0,0,4,0,180,2,62,0,25,0,0,0,84,1,0,0,0,0,0,0,0,0,0,0,0,0,0,0,0,0,0,0,0,0,0,0,0,0,0,0,0,0,0,0,0,0,0,0,0,0,0,0,0,0,0,0,0,0,0,0,0,0,0,0,0,0,0,0,0,0,0,0,9,0,0,0,0,0,0,0,0,0,0,0,0,1,0,0,65,0,154,0,111,0,71,0,76,0,0,0,0,0,0,0,0,0,45,0,71,0,75,0,0,0,2,0,0,0,0,0,0,0,4,16,0,0,0,13,48,0,0,0,0,0,16,0,7,0,0,0,0,0,0,0,0,0,0,0,0,0,0,0,0,0,0,0,0,0,0,0,0,5,0,0,0,73,0,0,0,99,161,21,40,0,0,0
11,0,16,0,18,0,12,0,37,0,13,1,17,0,12,0,0,2,8,0,0,0,0,0,0,0,0,0,0,0,0,0,0,0,0,0,0,0,0,0,0,0,0,0,7,0,0,0,2,0,0,0,2,1,3,0,64,9,125,14,0,0,0,0,0,17,339,10,0,0,0,0,0,0,0,0,0,0,0,0,0,0,0,0,0,0,0,0,0,0,0,0,0,0,0,0,0,0,1,0,0,0,0,0,0,0,1,0,0,0,0,0,0,0,0,0,0,0,0,0,0,0,0,0,43,0,26,1,0,0,40,0,6,0,14,1,0,0,28,10,1,0,5,0,24,8,41,0,102,0,27,0,25,0,10,10,15,0,7,18,218,22,0,0,0,0,0,0,0,0,0,0,0,0,13,19,0,0,6,0,79,82,9,0,444,5,2,0,0,0,0,0,0,0,0,0,0,0,0,0,0,0,0,0,0,0,0,0,17,0,246,16,0,0,259,0,1,0,6,0,0,1,0,0,0
0,29,0,0,0,9,0,4,0,97,0,8,0,8,0,20,0,0,0,28,0,0,0,2,0,3,0,31,0,3,0,0,0,4,0,0,0,0,0,3,0,1,0,0,0,2,0,0,0,2,0,0,0,2,0,22,5,8,18,136,0,0,0,0,17,0,26,488,0,0,0,2,0,0,0,0,0,0,0,0,0,7,0,0,0,3,0,0,0,0,0,0,0,0,0,5,0,0,0,2,0,0,0,0,0,0,0,0,0,0,0,0,0,0,0,0,0,0,0,0,0,0,0,0,0,87,0,14,0,0,0,134,0,0,0,0,0,5,13,19,1,14,0,0,0,16,0,44,0,195,0,19,0,20,3,3,0,0,0,3,32,157,0,0,0,0,0,0,0,4,0,0,0,0,0,116,1,0,0,0,18,112,0,7,22,171,0,3,0,0,0,0,0,0,0,0,0,0,0,1,0,0,0,0,0,0,0,0,0,0,0,0,0,1,169,0,0,0,149,30,0,0,0,0,0
0,0,4,0,6,0,44,0,274,10,2,0,0,0,6,0,0,0,0,0,0,0,0,0,0,0,0,0,0,0,0,0,0,0,0,0,0,0,0,0,0,0,1,0,0,0,0,0,10,0,0,0,66,17,29,49,8,101,84,97,0,0,2,0,339,26,0,111,0,0,0,0,0,0,0,0,2,0,1,0,1,0,0,0,0,0,0,0,0,0,0,0,0,0,0,0,0,0,0,0,0,0,0,0,0,0,0,0,0,0,0,0,0,0,0,0,0,0,0,0,0,0,0,0,4,0,0,0,0,0,21,0,0,0,0,0,0,0,0,0,0,0,0,0,0,0,0,0,25,0,0,0,0,0,9,10,45,0,0,0,79,0,0,0,0,0,1,0,0,0,44,0,0,0,0,14,79,0,0,0,0,17,8,0,515,7,0,0,0,0,1,0,0,0,0,0,0,0,0,0,0,0,0,0,0,0,0,0,0,0,265,144,68,221,493,3,23,7,0,0,0,0,0,0,0
0,8,0,0,0,4,19,0,61,123,0,3,0,0,0,0,0,0,0,0,0,0,0,0,0,0,0,0,0,0,0,0,0,0,0,0,0,0,0,0,0,0,0,0,0,0,0,1,2,0,0,0,23,18,85,56,54,31,121,245,0,0,0,0,10,488,111,0,0,0,0,0,0,0,0,0,0,0,0,0,0,0,0,0,0,0,0,0,0,0,0,0,0,0,0,0,0,0,0,0,0,0,0,0,0,0,0,0,0,0,0,0,0,0,0,0,0,0,0,0,0,0,0,0,0,23,0,0,0,0,0,44,0,0,0,0,0,0,0,0,0,0,0,0,0,10,0,0,0,51,0,0,0,4,3,21,0,31,0,30,0,25,0,0,0,0,0,0,0,16,0,30,0,6,0,151,69,11,0,0,0,33,0,0,56,446,0,1,0,0,0,0,0,0,0,0,0,0,0,0,0,0,0,0,0,0,0,0,0,0,0,0,0,0,903,0,0,0,310,158,128,0,19,9,0
0,0,0,0,0,0,3,0,0,0,0,0,0,0,0,0,0,0,0,0,0,0,0,0,0,0,3,0,0,0,0,0,0,0,0,0,0,0,0,0,0,0,0,0,5,0,0,0,5,0,2,0,0,0,0,0,0,0,0,0,0,0,0,0,0,0,0,0,0,0,2,0,16,0,3,0,220,0,57,0,1,0,5,0,4,0,0,0,30,0,0,0,10,0,9,0,0,0,0,0,0,0,59,0,0,0,10,0,33,0,2,0,0,0,18,0,21,0,0,0,0,0,0,0,0,0,0,0,0,0,0,0,0,0,0,0,0,0,0,0,0,0,0,0,0,0,0,0,0,0,0,0,0,0,0,0,0,0,0,0,0,0,4,0,0,0,0,0,283,0,63,0,1,0,0,0,0,0,0,0,0,0,0,0,0,0,0,0,0,0,0,0,0,0,0,0,0,0,0,0,0,0,0,0,0,0,0,0,0,0,12,10,49,2,0,23,57,2,0,0,0,0,0,0,0
0,2,0,0,0,0,0,0,0,10,0,0,0,0,0,0,0,1,0,0,0,0,0,0,0,3,0,0,0,0,0,0,0,0,0,0,0,0,0,0,0,0,0,0,0,0,0,0,0,8,0,0,0,0,0,0,0,3,0,18,0,1,0,0,0,0,0,0,0,0,0,0,0,2,0,0,0,96,0,0,0,3,0,9,0,0,0,10,0,19,0,0,0,37,0,10,0,0,0,0,0,0,0,72,0,0,0,0,0,26,0,11,0,0,0,1,0,2,0,0,0,1,0,0,0,0,0,0,0,0,0,0,0,0,0,0,0,0,0,0,0,0,0,0,0,0,0,0,0,0,0,2,0,0,0,0,0,3,0,0,0,0,0,2,0,71,0,0,0,136,0,26,0,3,0,0,0,0,0,0,0,0,0,0,0,0,0,0,0,0,0,0,0,0,0,31,0,0,0,7,0,0,0,0,0,0,0,3,0,0,0,0,0,0,0,0,0,0,30,27,140,0,44,55,5
0,0,0,0,0,0,0,0,0,0,0,0,0,0,4,0,67,0,0,0,51,0,9,0,0,0,0,0,8,0,0,0,4,0,0,0,62,0,3,0,0,0,19,0,0,0,0,0,3,0,44,0,12,0,3,0,0,0,0,0,0,0,14,0,0,0,0,0,2,0,0,0,127,0,61,0,10,0,73,0,40,0,0,0,21,0,40,0,0,0,1,0,4,0,0,0,0,0,0,0,0,0,0,0,0,0,0,0,0,0,0,0,0,0,0,0,0,0,0,0,27,0,41,0,2,0,0,0,0,0,0,0,6,0,6,0,7,0,17,0,66,0,34,0,61,0,0,0,0,0,12,0,0,0,2,0,9,0,0,0,0,0,81,0,1,0,20,0,14,0,25,0,0,0,2,0,0,0,0,0,0,0,0,0,0,0,0,0,0,0,0,0,1,0,0,0,0,0,0,0,0,0,0,0,0,0,0,0,0,0,13,0,21,0,16,0,4,0,0,0,0,0,0,0,0
0,0,0,0,0,0,0,0,0,0,0,0,0,0,0,0,0,0,0,0,0,0,0,0,0,0,0,0,0,0,0,1,0,0,0,0,0,0,0,0,0,0,0,1,0,0,0,0,0,0,0,0,0,0,0,0,0,0,0,0,0,4,0,0,0,2,0,0,0,0,0,0,0,75,0,305,0,3,0,20,0,0,0,0,0,3,0,127,0,0,0,0,0,0,0,3,0,0,0,0,0,0,0,0,0,0,0,0,0,0,0,0,0,0,0,0,0,0,0,0,0,7,0,15,0,24,0,41,2,0,0,0,0,38,0,12,0,27,0,13,0,26,0,16,0,42,0,0,0,6,0,0,0,13,0,0,0,1,0,0,0,0,0,9,0,0,0,1,0,8,0,0,0,11,0,0,0,0,0,0,0,13,0,0,0,0,0,0,0,0,0,0,0,0,0,0,0,0,0,0,0,0,0,0,0,0,0,0,0,0,0,0,0,0,2,0,0,0,13,3,0,0,0,0,0
0,0,0,0,0,0,5,0,1,0,0,0,0,0,0,0,0,0,0,0,0,0,0,0,0,0,2,0,0,0,0,0,0,0,0,0,0,0,0,0,0,0,0,0,0,0,0,0,0,0,9,0,4,0,0,0,0,0,2,0,0,0,0,0,0,0,0,0,16,0,127,0,0,0,49,0,23,0,128,0,10,0,33,0,22,0,27,0,0,0,0,0,15,0,5,0,0,0,2,0,0,0,3,0,0,0,0,0,0,0,0,0,0,0,0,0,1,0,0,0,34,0,61,0,15,0,0,0,5,0,14,0,45,0,33,0,7,0,9,0,75,0,31,0,63,0,26,0,0,0,50,0,7,0,0,0,0,0,0,0,0,0,53,0,0,0,0,0,15,0,8,0,0,0,2,0,0,0,0,0,14,0,0,0,0,0,0,0,0,0,0,0,19,0,0,0,0,0,33,0,24,0,0,0,0,0,42,0,47,0,117,7,22,0,16,1,4,0,0,0,0,0,0,0,0
0,0,0,0,0,0,0,0,0,1,0,0,0,0,0,0,0,0,0,0,0,0,0,0,0,0,0,0,0,0,0,0,0,0,0,0,0,0,0,0,0,0,0,0,0,0,0,0,0,0,0,1,0,1,0,0,0,0,0,3,0,0,0,0,0,0,0,0,0,2,0,75,0,0,0,63,0,16,0,7,0,10,0,13,0,31,0,38,0,0,0,0,0,0,0,0,0,7,0,2,0,0,0,0,0,0,0,0,0,1,0,0,0,0,0,0,0,1,0,0,0,20,0,14,0,32,0,32,0,0,0,2,0,35,0,63,0,40,0,10,0,11,0,30,0,38,0,0,0,0,0,25,0,0,0,0,0,0,0,1,0,4,0,12,0,1,0,0,0,5,0,6,0,0,0,0,0,0,0,0,0,17,0,0,0,0,0,0,0,19,0,0,0,0,0,7,0,0,0,54,0,29,0,54,0,0,0,0,0,29,0,0,0,0,0,0,0,0,35,6,9,2,0,0,0
0,0,0,0,0,0,0,0,0,0,0,0,0,0,0,0,11,0,0,0,26,0,0,0,0,0,0,0,5,0,0,0,0,0,0,0,20,0,0,0,0,0,0,0,0,0,0,0,2,0,26,0,8,0,0,0,0,0,0,0,0,0,0,0,0,0,0,0,3,0,61,0,49,0,0,0,24,0,116,0,39,0,7,0,20,0,30,0,0,0,0,0,15,0,7,0,1,0,2,0,0,0,0,0,0,0,0,0,0,0,0,0,0,0,0,0,0,0,0,0,23,0,63,0,0,0,0,0,0,0,0,0,0,0,0,0,3,0,0,0,89,0,16,0,95,0,0,0,0,0,0,0,0,0,0,0,3,0,0,0,0,0,33,0,0,0,0,0,16,0,10,0,7,0,0,0,0,0,0,0,0,0,0,0,1,0,0,0,0,0,0,0,0,0,0,0,0,0,3,0,0,0,0,0,0,0,0,0,0,0,0,0,4,0,0,0,0,0,0,0,0,0,0,0,0
0,0,0,0,0,0,0,0,0,0,0,0,0,0,0,0,0,0,0,0,0,7,0,0,1,0,0,0,0,0,0,0,0,0,0,0,0,0,0,0,0,0,0,0,0,0,0,0,0,0,0,0,0,0,0,0,0,0,0,2,0,4,0,0,0,0,0,0,0,0,0,305,0,63,0,0,0,0,0,37,0,1,0,0,0,5,0,43,0,0,0,0,0,0,0,0,0,1,0,0,0,0,0,0,0,0,0,0,0,0,0,0,0,0,0,0,0,0,0,0,0,223,0,44,0,18,0,0,0,0,0,0,0,11,0,30,3,21,0,0,0,30,0,79,0,168,0,0,0,0,0,0,0,9,0,0,0,0,0,0,1,1,0,60,0,0,0,0,0,4,0,9,0,9,0,3,0,0,0,0,2,0,0,0,0,0,0,0,0,0,0,0,0,0,0,0,0,0,0,12,0,3,0,8,0,0,0,0,0,20,0,0,0,0,0,0,0,0,40,0,0,0,0,0,0
0,0,0,0,0,0,0,0,1,0,0,0,0,0,0,0,0,0,0,0,0,0,0,0,0,0,0,0,0,0,0,0,0,0,0,0,0,0,0,0,0,0,0,0,0,0,0,0,9,0,0,0,0,0,0,0,0,0,0,0,0,0,0,0,0,0,2,0,220,0,10,0,23,0,24,0,0,0,59,0,12,0,19,0,17,0,31,0,29,0,0,0,12,0,0,0,13,0,0,0,4,0,63,0,0,0,0,0,5,0,0,0,0,0,1,0,6,0,0,0,9,0,0,0,0,0,0,0,0,0,0,0,0,0,0,0,0,0,0,0,0,0,0,0,1,0,0,0,0,0,0,0,0,0,0,0,0,0,0,0,0,0,0,0,7,0,0,0,54,0,8,0,0,0,0,0,0,0,0,0,2,0,0,0,0,0,0,0,0,0,0,0,28,0,8,0,0,0,12,0,13,0,0,0,25,0,0,0,0,0,36,6,16,4,5,21,9,0,0,0,0,0,0,0,0
0,0,0,0,0,0,0,0,0,0,0,0,0,0,0,0,0,0,0,0,0,0,0,0,0,0,0,0,0,0,0,0,0,0,0,0,0,0,0,0,0,2,0,0,0,0,0,0,0,0,0,3,0,0,0,0,0,5,0,0,0,1,0,0,0,0,0,0,0,96,0,3,0,16,0,0,0,0,0,0,0,23,0,96,0,6,0,75,0,5,0,7,0,17,0,17,0,11,0,19,0,16,0,35,0,0,2,0,0,63,0,4,0,0,0,0,0,23,0,1,0,10,0,0,0,0,0,3,0,0,0,0,0,4,0,14,0,0,0,0,0,0,0,0,0,0,0,0,0,1,0,4,0,0,0,3,0,0,0,0,0,0,0,3,0,0,0,1,0,76,0,5,0,6,0,0,0,0,0,0,0,0,0,0,0,0,0,0,0,54,0,0,0,0,0,48,0,0,0,16,0,24,0,32,0,102,0,0,0,3,0,0,0,0,0,0,0,0,19,8,38,5,8,0,0
0,0,0,0,0,0,0,0,0,0,0,0,0,0,0,0,0,0,0,0,9,0,0,0,0,0,0,0,0,0,0,0,0,0,0,0,4,0,0,0,0,0,0,0,4,0,0,0,0,0,7,0,0,0,0,0,0,0,0,0,2,0,0,0,0,0,1,0,57,0,73,0,128,0,116,0,59,0,0,0,28,0,46,0,63,0,46,0,0,0,0,0,28,0,15,0,10,0,2,0,0,0,6,0,0,0,0,0,2,0,0,0,0,0,0,0,1,0,0,0,30,0,61,0,0,0,3,0,0,0,0,0,0,0,0,0,0,0,0,0,18,0,43,0,8,0,0,0,0,0,10,0,0,0,0,0,0,0,0,0,0,0,27,0,3,0,0,0,33,0,8,0,0,0,0,0,0,0,0,0,0,0,0,0,0,0,0,0,0,0,0,0,0,0,0,0,4,0,34,0,28,0,27,0,23,0,0,0,0,0,190,14,20,10,14,15,4,5,0,0,0,0,0,0,0
0,0,0,0,0,0,0,0,0,0,0,0,0,0,0,0,0,0,0,0,0,0,0,0,0,0,0,0,0,0,0,0,0,0,0,0,0,0,0,0,0,0,0,0,0,0,0,0,0,0,0,0,0,0,0,0,0,0,0,0,0,0,0,0,0,0,0,0,0,0,0,20,0,7,0,37,0,0,0,0,0,3,0,0,0,17,0,10,0,0,0,0,0,0,0,0,0,0,0,0,0,0,0,0,0,0,1,0,0,0,0,0,0,0,0,0,0,0,0,0,0,15,0,57,0,0,0,0,0,0,0,0,0,0,0,23,0,0,0,0,0,7,0,14,0,20,0,0,0,0,0,0,0,0,0,0,0,0,0,0,0,0,0,14,0,0,0,0,0,0,0,1,0,1,0,0,0,0,0,0,0,0,0,0,0,0,0,0,0,0,0,0,0,0,0,0,0,0,0,0,0,0,0,0,0,0,0,0,0,0,0,0,0,0,0,0,0,0,18,0,0,0,0,0,0
