0,232,103,130,34,3,5,44,69,14,133,0,80,0,0,43,62,56,8,0,14,0,40,129,11,147,10,0,44,0,0,0,19,0,0,0,23,0,250,0,10,0,0,0,0,0,13,0,11,0,3,0,10,4,1,0,0,0,0,0,114,0,106,12,0,0,0,0,0,0,0,0,0,0,0,0,0,0,0,0,0,0,0,0,0,0,0,0,0,0,1,0,0,0,0,0,0,0,0,0,0,0,0,0,0,0,0,0,0,0,0,0,0,0,0,0,0,0,0,0,0,0,0,0,6,0,0,0,0,0,6,0,0,0,0,0,0,0,0,0,0,0,0,0,3,0,28,0,33,0,17,0,10,0,0,0,3,0,0,0,0,0,0,0,5,0,3,0,18,0,44,0,274,7,0,0,407,69,6,0,0,0,87,1,33,0,1,0,0,0,0,0,0,0,0,0,0,0,0,0,0,0,0,0,0,0,0,0,7,0,462,53,332,0,169,0,0,0,6,0,0,0,0,0,0
232,0,297,178,40,215,0,17,35,11,14,158,0,134,34,20,57,56,0,56,19,0,316,121,156,30,0,90,0,45,0,1,0,18,0,0,0,84,0,160,0,7,0,0,0,12,0,44,0,15,0,0,0,45,0,18,0,2,4,0,0,418,12,216,0,9,0,0,0,0,0,0,0,0,0,0,0,0,0,0,0,0,0,0,0,0,0,0,0,0,0,0,0,0,0,0,0,0,0,0,0,1,0,0,0,0,0,0,0,0,0,0,0,0,0,0,0,0,0,0,0,0,0,3,0,4,0,14,0,5,0,34,0,0,0,0,0,11,0,0,0,0,0,0,0,0,0,26,0,37,0,135,0,100,0,18,0,45,0,0,0,2,0,0,0,6,0,0,0,37,0,129,0,263,0,0,257,579,0,20,0,0,10,25,0,86,0,0,0,0,0,2,0,0,0,0,0,0,0,0,0,11,0,0,0,0,0,0,0,18,18,0,0,0,280,0,0,0,1085,121,338,105,0,1,0
103,297,0,124,290,0,49,0,10,11,73,28,165,0,205,87,110,91,76,0,107,0,314,206,201,159,47,0,207,6,27,0,51,0,5,0,46,0,442,0,0,0,0,0,0,0,29,0,17,0,0,0,27,5,59,10,0,0,23,0,102,0,261,22,0,0,2,0,0,0,0,0,0,0,39,0,0,0,0,0,21,0,0,0,0,0,0,0,0,0,0,0,0,0,0,0,0,0,0,0,0,0,0,0,0,0,0,0,0,0,0,0,0,0,0,0,0,0,0,0,0,0,0,0,45,0,82,0,0,0,62,0,22,0,76,0,278,0,0,0,0,0,75,0,0,0,114,0,65,0,42,0,0,0,11,0,0,0,9,0,20,0,0,0,0,0,36,0,63,0,81,2,537,0,0,0,227,74,17,0,0,0,6,4,8,0,0,0,0,0,0,0,0,0,0,0,5,0,13,0,0,0,3,0,0,0,0,0,37,0,576,63,490,0,388,0,0,7,0,0,0,0,0,0,0
130,178,124,0,46,227,0,14,0,0,0,16,0,15,71,171,29,8,0,142,29,49,165,214,0,81,0,44,0,146,0,0,0,94,0,0,0,77,0,241,0,0,0,0,0,0,0,22,0,1,0,0,0,0,0,23,0,0,0,0,0,169,0,113,0,2,0,0,0,0,0,0,0,0,0,0,0,0,0,0,0,0,0,0,0,0,0,0,0,0,0,0,0,0,0,0,0,0,0,0,0,0,0,0,0,0,0,0,0,0,0,0,0,0,0,0,0,0,0,0,0,0,0,0,0,9,0,5,0,3,0,56,0,7,0,61,0,95,0,0,0,0,0,0,0,0,0,0,0,17,0,20,0,0,0,0,0,0,0,3,0,2,0,0,0,3,0,0,0,27,0,37,0,187,0,1,83,117,5,8,0,0,0,0,0,0,0,0,0,0,0,0,0,0,0,0,0,2,0,0,0,0,0,0,0,0,0,17,0,41,0,0,0,0,90,0,0,0,255,38,217,0,1,0,0
34,40,290,46,0,203,10,0,17,1,86,111,301,61,183,263,30,0,205,124,312,155,81,110,4,0,143,0,31,0,96,16,128,8,128,0,306,0,149,0,69,0,17,0,14,0,65,0,14,0,106,0,10,0,0,0,0,0,13,0,0,0,0,0,0,0,0,0,0,0,0,0,0,0,0,0,3,0,0,0,0,0,0,0,0,0,0,0,0,0,0,0,0,0,0,0,0,0,34,0,0,0,0,0,0,0,0,0,0,0,0,0,0,0,0,0,0,0,0,0,0,0,0,0,0,0,0,0,0,0,0,0,0,0,0,0,37,0,11,0,0,0,0,0,27,0,64,0,60,0,78,0,0,0,5,0,0,0,0,0,0,0,0,0,0,0,85,0,87,0,22,0,213,0,0,0,396,140,160,0,23,0,44,0,44,0,0,0,0,0,0,0,0,0,0,0,2,0,7,0,0,0,0,0,0,0,0,0,13,0,349,199,497,0,135,0,0,3,0,0,0,0,0,0,0
3,215,0,227,203,0,0,35,0,33,71,96,54,136,311,94,3,7,138,126,145,128,0,83,0,25,0,211,0,28,0,54,0,188,25,95,0,109,0,97,0,13,0,0,0,25,0,96,0,0,0,0,0,5,0,0,0,2,0,0,0,0,0,0,0,26,0,0,0,0,0,0,0,0,0,8,0,0,0,0,0,0,0,0,0,0,0,0,0,0,0,0,0,0,0,0,0,0,0,0,0,0,0,2,0,0,0,0,0,0,0,0,0,0,0,0,0,0,0,0,0,0,0,0,0,17,0,24,0,2,0,50,0,0,0,115,0,106,0,0,3,0,0,0,0,0,0,45,0,77,0,110,0,63,0,21,0,15,0,0,0,0,0,0,0,27,0,274,0,120,0,42,0,147,0,0,119,345,15,79,0,35,0,7,0,31,0,7,0,0,0,4,0,2,0,0,0,5,0,11,0,0,0,2,0,0,0,44,0,81,0,0,0,0,139,0,0,0,421,165,507,0,0,0,0
5,0,49,0,10,0,0,0,58,256,18,0,21,0,0,3,11,0,0,0,0,0,13,0,218,85,0,0,0,0,0,0,0,0,0,0,8,0,0,0,0,0,0,0,14,0,0,0,40,0,8,0,161,65,253,165,36,0,4,0,237,0,260,100,8,1,59,0,0,0,0,0,0,0,0,0,0,0,0,0,0,0,0,0,0,0,0,0,0,0,0,0,0,0,0,0,0,0,0,0,0,0,0,0,0,0,0,0,0,0,0,0,0,0,0,0,0,0,0,0,0,0,1,0,23,0,83,0,0,0,129,0,26,0,0,0,89,0,0,0,0,0,27,0,2,0,34,0,68,0,0,0,4,0,12,0,24,0,0,1,72,0,0,0,6,0,3,0,9,0,260,0,157,0,0,0,109,38,0,0,0,0,5,0,8,0,0,0,0,0,0,0,0,0,0,0,1,0,0,0,0,0,0,0,0,0,0,0,12,0,996,74,426,319,646,1,47,8,8,0,0,0,0,0,0
44,17,0,14,0,35,0,0,65,25,0,10,0,19,0,32,0,21,0,14,4,0,28,16,142,313,0,17,0,0,1,0,0,1,0,0,0,0,0,0,0,0,0,0,0,0,0,7,0,1,0,0,26,72,17,461,0,21,0,2,0,274,43,348,0,0,0,0,0,0,0,0,0,0,0,0,0,0,0,0,0,0,0,1,0,0,0,0,0,0,0,0,0,0,0,0,0,0,0,0,0,0,0,0,0,0,0,0,0,0,0,0,0,0,0,0,0,0,0,0,0,0,0,0,0,0,0,13,0,0,0,66,0,0,0,0,0,36,0,0,0,0,0,0,0,0,1,5,0,0,0,4,0,0,0,11,0,26,0,0,0,8,0,0,0,3,0,0,0,10,0,185,0,186,0,0,67,107,0,0,0,0,14,2,0,0,0,3,0,0,0,0,0,0,0,0,0,0,0,0,0,0,0,0,0,0,0,0,0,17,0,0,7,0,335,0,0,0,673,26,333,181,4,5,0
69,35,10,0,17,0,58,65,0,325,19,0,35,0,7,2,20,14,6,0,2,0,0,0,74,71,7,0,4,0,0,0,0,0,0,0,0,0,40,0,2,0,0,0,5,0,5,0,11,0,10,0,229,75,45,226,6,18,26,0,167,0,302,60,69,4,160,101,0,0,0,0,0,0,0,0,0,0,0,0,0,0,0,1,8,0,0,0,0,0,1,0,0,0,0,0,5,0,0,0,0,0,0,0,0,0,0,0,0,0,0,0,0,0,0,0,0,0,0,0,1,0,0,0,43,0,44,0,0,0,46,0,0,0,5,0,7,0,0,0,0,0,6,0,0,0,86,0,126,0,45,0,12,0,17,8,25,0,2,0,26,0,0,0,0,0,6,0,8,0,113,0,69,0,0,0,265,43,1,0,0,0,6,0,158,24,0,0,0,0,0,0,0,0,0,0,0,0,1,0,0,0,4,0,0,0,0,0,14,0,644,99,173,92,211,0,20,0,14,23,0,0,0,0,0
14,11,11,0,1,33,256,25,325,0,0,37,0,0,0,0,0,4,0,0,0,0,0,0,200,10,0,11,0,0,0,0,0,0,0,0,0,0,0,0,0,0,0,0,0,0,0,0,0,2,0,0,141,129,194,249,0,45,0,10,4,45,112,92,0,52,0,55,0,0,0,0,0,0,0,0,0,0,0,0,0,0,0,0,0,0,0,0,0,0,0,0,0,0,0,0,0,0,0,0,0,0,0,1,0,0,0,0,0,0,0,0,0,0,0,0,0,0,0,0,0,0,0,0,0,46,2,54,0,0,0,155,0,7,0,28,0,27,0,0,0,0,0,0,0,0,0,54,0,83,0,89,0,43,6,53,0,119,0,6,0,25,0,3,0,0,1,0,2,8,17,167,9,26,0,4,200,280,0,1,0,0,11,5,5,95,0,0,0,0,0,0,0,6,0,0,0,9,0,0,0,5,0,0,0,0,0,39,0,63,34,7,0,0,298,0,0,0,820,105,143,0,2,16,0
133,14,73,0,86,71,18,0,19,0,0,41,178,0,43,140,18,2,7,0,147,41,29,67,0,0,0,0,12,3,45,0,124,0,6,0,119,0,94,0,14,0,0,0,7,0,39,0,12,0,11,0,0,0,0,0,0,0,0,0,0,0,0,1,0,0,0,0,0,0,0,0,0,0,0,0,0,0,0,0,0,0,0,0,0,0,0,0,0,0,0,0,0,0,0,0,0,0,0,0,2,0,0,0,0,0,0,0,0,0,0,0,0,0,0,0,0,0,0,0,0,0,0,0,0,0,0,0,0,0,0,0,0,0,0,0,1,0,0,0,0,0,0,0,0,0,0,0,11,0,31,0,33,0,0,0,0,0,0,0,0,0,0,0,0,0,40,0,30,0,0,0,77,0,12,0,210,42,172,0,11,0,27,0,21,0,5,0,0,0,1,0,0,0,0,0,0,0,0,0,0,0,0,0,0,0,0,0,0,0,136,98,227,0,56,0,0,4,0,0,0,0,0,0,0
0,158,28,16,111,96,0,10,0,37,41,0,19,273,263,8,0,15,58,18,92,39,65,68,0,0,18,85,0,8,14,37,10,90,0,35,30,53,0,39,0,56,2,5,0,20,0,109,0,60,0,9,0,0,0,1,0,0,0,0,0,0,0,5,0,0,0,0,0,0,0,0,0,0,0,0,0,0,0,0,0,0,0,0,0,0,0,0,0,0,0,0,0,0,0,0,0,0,0,0,0,1,0,0,0,0,0,0,0,0,0,0,0,0,0,0,0,0,0,0,0,0,0,0,0,0,0,0,0,0,0,7,0,0,0,0,0,0,0,0,0,2,0,0,0,0,0,0,0,19,0,164,0,133,0,9,0,3,0,0,0,0,0,0,0,3,0,0,0,37,0,15,0,61,0,39,109,439,8,87,0,151,0,32,0,65,0,13,0,0,0,0,0,0,0,1,0,0,0,0,0,0,0,0,0,0,0,0,0,9,0,0,0,0,58,0,0,0,241,63,187,0,0,0,0
80,0,165,0,301,54,21,0,35,0,178,19,0,150,31,0,0,0,132,255,146,141,2,0,2,0,200,152,0,0,0,7,0,0,113,47,31,0,0,0,155,0,177,18,77,0,257,21,62,0,358,16,3,0,0,0,0,0,0,0,0,0,0,0,3,0,0,0,0,0,0,0,0,0,0,0,0,0,0,0,0,0,0,0,0,0,0,0,0,0,0,0,0,0,0,0,0,0,0,0,0,0,0,0,0,0,0,0,0,0,0,0,0,0,0,0,0,0,0,0,0,0,0,0,0,0,10,0,0,0,0,0,0,0,0,0,0,0,0,0,0,0,0,0,0,0,0,0,0,0,0,0,26,0,0,0,0,0,0,0,0,0,0,0,23,0,0,0,5,0,0,1,0,0,14,0,320,57,188,0,23,0,30,0,15,0,109,0,0,0,0,0,0,0,0,0,0,0,0,0,0,0,0,0,0,0,0,0,0,0,20,126,213,0,0,0,0,2,0,0,0,0,0,0,0
0,134,0,15,61,136,0,19,0,0,0,273,150,0,24,3,0,0,226,75,123,104,0,0,0,0,298,183,0,0,0,25,0,0,38,294,0,52,0,0,93,161,0,151,22,77,37,307,0,47,64,226,0,0,0,3,0,0,0,0,0,0,0,0,0,7,0,0,0,0,0,0,0,0,0,0,0,0,0,0,0,0,0,0,0,0,0,0,0,1,0,0,0,0,0,2,0,0,0,0,0,4,0,0,0,0,0,0,0,0,0,0,0,0,0,0,0,0,0,0,0,0,0,0,0,0,0,7,0,0,0,0,0,0,0,0,0,0,0,0,0,0,0,0,0,0,0,0,0,14,0,0,0,0,0,0,0,0,0,0,0,1,0,0,0,65,4,53,0,98,0,3,0,5,0,0,52,366,0,23,0,0,0,0,0,10,34,108,0,0,0,0,0,0,0,3,0,0,0,0,0,0,0,0,0,0,0,8,0,5,0,0,0,0,16,0,0,0,39,144,243,0,0,0,0
0,34,205,71,183,311,0,0,7,0,43,263,31,24,0,391,120,11,171,66,269,157,395,256,56,0,126,0,0,3,67,22,80,17,81,8,191,14,26,0,12,0,8,0,22,0,8,0,0,0,0,0,20,0,0,0,0,0,0,0,0,0,27,0,0,0,0,0,0,0,0,0,0,0,0,0,0,0,0,0,0,0,0,0,0,0,0,0,0,0,0,0,0,0,0,0,0,0,0,0,0,0,0,0,0,0,0,0,0,0,0,0,0,0,0,0,0,0,1,0,0,0,0,0,0,0,29,0,0,0,14,0,0,0,74,0,298,0,0,0,0,0,0,0,28,0,97,0,79,0,80,0,89,0,18,0,8,0,0,0,0,0,0,0,9,0,31,0,24,0,0,0,34,0,13,0,130,93,33,1,0,0,34,0,28,1,0,0,0,0,0,0,0,0,0,0,0,0,12,0,0,0,0,0,0,0,0,0,24,0,105,81,119,0,27,0,0,1,0,0,0,0,0,0,0
43,20,87,171,263,94,3,32,2,0,140,8,0,3,391,0,16,15,39,353,138,363,202,287,3,88,0,85,0,72,16,40,20,243,0,30,0,133,0,81,0,0,0,19,0,0,0,0,0,0,0,0,0,0,0,82,0,0,0,0,0,19,0,11,0,0,0,0,0,0,0,0,0,0,0,0,0,0,0,0,0,0,0,0,0,0,0,0,0,0,0,0,0,0,0,0,0,59,0,0,0,0,0,0,0,0,0,0,0,0,0,0,0,0,0,0,0,0,0,0,0,0,0,0,0,0,0,4,0,0,0,26,0,52,0,359,0,391,0,0,0,0,0,22,0,0,0,0,0,12,0,16,0,1,0,9,0,0,0,0,0,0,0,0,0,11,0,241,4,42,0,23,0,120,0,0,90,146,0,10,0,0,0,0,0,0,0,0,0,0,0,0,0,0,0,0,0,0,0,0,0,75,0,0,0,0,0,21,0,79,0,0,0,0,56,0,0,0,249,92,226,0,0,0,0
62,57,110,29,30,3,11,0,20,0,18,0,0,0,120,16,0,23,89,0,250,0,116,73,118,59,120,0,114,0,102,0,39,0,31,0,5,0,67,0,0,0,0,0,96,0,0,0,0,0,21,0,118,5,9,0,15,0,2,0,32,0,443,11,0,0,0,0,0,0,36,0,10,0,100,0,0,0,0,0,60,0,0,0,651,0,58,0,0,0,0,0,0,0,0,0,614,0,140,0,0,0,0,0,36,0,0,0,0,0,0,0,0,0,0,0,0,0,0,0,42,0,187,0,0,0,16,0,0,0,14,0,50,0,0,1,430,0,85,1,383,0,579,0,14,0,0,0,0,0,0,0,0,0,104,0,0,0,61,0,8,0,0,0,0,0,0,0,0,0,8,0,18,0,0,0,23,6,5,0,0,0,119,1,0,0,0,0,0,0,1,0,0,0,0,0,0,0,0,0,198,0,0,0,0,0,0,0,23,0,12,0,38,10,5,0,0,0,0,0,0,0,0,0,0
56,56,91,8,0,7,0,21,14,4,2,15,0,0,11,15,23,0,0,21,8,136,69,104,50,31,0,6,2,55,0,31,0,26,0,14,0,7,0,25,0,0,0,0,0,0,0,0,0,0,0,0,1,69,0,59,0,77,0,0,0,79,0,478,0,0,0,0,0,0,0,0,0,0,0,0,0,0,1,0,0,63,0,0,0,365,0,0,0,0,0,33,0,0,0,0,0,161,0,110,0,25,0,0,0,0,0,59,0,0,0,0,0,0,0,0,0,0,0,0,0,14,0,12,0,0,0,0,0,34,0,0,0,0,0,297,2,366,0,144,0,0,0,121,0,0,0,0,0,0,0,0,0,0,0,20,0,0,0,13,0,0,0,0,0,0,0,0,1,0,0,10,0,44,0,0,23,42,0,9,0,0,6,15,0,0,0,0,0,0,0,0,0,0,0,0,0,0,0,0,0,109,0,0,0,0,0,0,0,0,0,0,0,0,5,0,0,0,38,11,48,13,0,0,0
8,0,76,0,205,138,0,0,6,0,7,58,132,226,171,39,89,0,0,392,326,273,181,10,25,0,219,93,4,0,35,26,9,3,316,91,75,0,0,0,0,0,29,0,96,0,14,0,3,0,289,0,0,0,0,0,0,0,0,0,0,0,22,0,0,0,0,0,0,0,0,0,0,0,0,0,0,0,0,0,0,0,0,0,0,0,0,0,0,0,0,0,0,0,0,0,0,0,0,0,0,0,0,0,0,0,0,0,0,0,0,0,0,0,0,0,0,0,0,0,12,0,0,0,0,0,0,0,0,0,0,0,0,0,0,0,0,0,0,0,0,0,0,0,0,0,23,0,0,0,37,0,0,0,0,0,0,0,0,0,0,0,0,0,82,0,29,0,37,0,0,0,0,0,0,0,167,85,29,0,0,0,15,0,27,0,26,0,0,0,0,0,0,0,0,0,0,0,0,0,0,0,0,0,0,0,0,0,0,0,56,98,225,0,18,0,0,0,0,0,0,0,0,0,0
0,56,0,142,124,126,0,14,0,0,0,18,255,75,66,353,0,21,392,0,210,265,0,87,0,59,312,373,0,16,18,37,0,7,91,171,20,111,0,1,72,1,14,99,6,65,10,43,0,10,82,112,0,0,0,37,0,0,0,0,0,2,0,32,0,5,0,0,0,0,0,0,0,0,0,0,0,0,0,0,0,0,0,0,0,0,0,0,0,0,0,0,0,0,0,0,0,0,0,0,0,0,0,0,0,0,0,0,0,0,0,0,0,0,0,0,0,0,0,0,0,0,0,0,0,0,0,0,0,0,0,0,0,0,0,345,0,244,0,0,0,0,0,0,0,0,0,0,0,0,0,85,0,34,0,26,0,22,0,17,0,3,0,0,0,30,0,162,0,74,0,8,0,21,0,0,43,160,10,4,0,0,0,4,0,0,24,18,0,0,0,0,0,0,0,0,0,0,0,0,0,0,0,0,0,0,0,39,0,80,0,0,0,0,32,0,0,0,129,115,169,27,0,2,0
14,19,107,29,312,145,0,4,2,0,147,92,146,123,269,138,250,8,326,210,0,192,98,84,19,0,243,58,33,0,63,19,8,7,64,57,16,0,4,0,0,0,67,0,121,0,0,0,0,0,94,0,0,0,0,0,0,0,0,0,0,0,37,0,0,0,0,0,0,0,33,0,0,0,72,0,0,0,0,0,0,0,0,0,220,0,46,0,0,0,0,0,0,0,21,0,0,0,0,0,0,0,0,0,0,0,0,0,0,0,0,0,0,0,0,0,0,0,0,0,0,0,45,0,0,0,0,0,0,0,0,0,0,0,0,0,0,0,0,1,0,0,71,0,0,0,0,0,0,0,0,0,0,0,2,0,0,0,0,0,0,0,6,0,68,0,93,0,44,0,3,0,23,0,0,0,187,33,56,0,0,0,14,0,0,0,10,0,0,0,0,0,0,0,0,0,0,0,0,0,0,0,0,0,0,0,0,0,0,0,115,126,270,7,22,0,0,0,0,0,0,0,0,0,0
0,0,0,49,155,128,0,0,0,0,41,39,141,104,157,363,0,136,273,265,192,0,0,220,0,137,181,208,0,69,19,41,0,39,66,152,20,93,0,22,0,0,9,153,0,139,6,6,0,4,0,117,0,0,0,38,0,24,0,0,0,8,0,56,0,0,0,0,0,0,0,31,0,0,0,0,0,0,0,0,0,0,0,0,0,360,0,0,0,0,0,0,0,0,0,0,0,0,0,0,0,0,0,2,0,0,0,0,0,0,0,0,0,0,0,0,0,0,0,0,0,0,0,0,0,0,0,0,0,0,0,0,0,10,0,0,0,130,0,0,0,62,0,101,0,26,0,0,0,0,0,0,0,0,0,0,0,3,0,0,0,0,0,0,0,16,0,72,0,47,0,11,0,30,0,0,28,67,8,0,0,0,0,0,0,0,0,10,0,0,0,0,0,0,0,1,0,0,0,0,0,0,0,0,0,0,0,0,0,0,0,0,0,0,41,0,0,0,147,123,164,0,0,0,0
40,316,314,165,81,0,13,28,0,0,29,65,2,0,395,202,116,69,181,0,98,0,0,409,81,115,76,0,72,0,7,0,9,0,0,0,8,0,117,0,0,0,0,0,112,0,51,0,3,0,0,0,18,0,38,1,0,0,0,0,0,0,71,6,0,0,0,0,0,0,0,0,0,0,0,0,0,0,0,0,0,0,0,0,75,0,0,0,0,0,0,0,0,0,0,0,0,0,0,0,0,0,0,0,0,0,0,0,0,0,0,0,0,0,0,0,0,0,0,0,9,0,0,0,10,0,0,0,18,0,9,0,25,0,121,0,621,0,0,2,103,0,287,0,7,0,11,0,10,0,42,0,32,0,31,0,0,0,8,0,0,0,0,0,0,0,0,0,0,0,18,0,102,0,0,0,217,75,21,0,0,0,121,3,0,0,0,0,0,0,0,0,0,0,0,0,1,0,8,0,88,0,0,0,1,0,7,0,32,0,74,8,73,0,31,0,0,0,0,1,6,0,0,0,0
129,121,206,214,110,83,0,16,0,0,67,68,0,0,256,287,73,104,10,87,84,220,409,0,18,98,0,22,0,123,6,17,22,36,0,17,0,13,0,35,0,0,0,0,0,5,1,0,2,0,0,0,0,20,0,27,0,12,0,0,0,46,0,165,0,0,0,0,0,0,0,22,0,0,0,42,0,0,0,0,1,0,0,0,0,434,0,0,0,0,0,0,0,0,0,0,0,195,0,184,0,0,0,0,0,0,0,0,0,0,0,0,0,0,0,0,0,0,0,0,0,35,0,26,0,0,0,4,0,0,0,0,0,0,0,302,0,285,0,24,0,24,0,61,0,11,0,0,0,0,0,0,0,0,0,7,0,0,0,0,0,3,0,0,0,0,0,21,0,0,0,22,22,55,0,0,58,128,6,19,0,0,0,16,0,0,0,1,0,0,0,0,0,0,0,0,0,0,0,0,0,124,0,0,0,0,0,0,0,60,0,0,17,0,29,0,0,0,195,84,88,18,0,0,0
11,156,201,0,4,0,218,142,74,200,0,0,2,0,56,3,118,50,25,0,19,0,81,18,0,230,0,0,33,0,0,0,3,0,0,0,3,0,41,0,0,0,0,0,0,0,6,0,3,0,0,0,117,42,160,67,28,0,0,0,29,0,232,128,0,3,0,2,0,0,0,0,0,0,0,0,0,0,0,0,0,0,0,0,31,0,0,0,0,0,0,0,0,0,0,0,35,0,0,0,0,0,0,0,0,0,0,0,0,0,0,0,0,0,0,0,0,0,0,0,0,0,0,0,6,0,27,0,45,0,32,3,0,0,50,0,376,0,29,3,78,0,150,0,0,0,20,0,0,0,7,0,0,0,91,0,0,0,40,0,14,0,0,0,0,0,0,0,0,1,26,6,20,0,0,0,121,51,0,0,0,0,45,5,0,0,0,0,0,0,0,0,0,0,0,0,0,0,0,0,0,0,0,0,0,0,0,0,11,0,28,5,63,36,24,0,0,0,24,0,0,0,0,0,0
147,30,159,81,0,25,85,313,71,10,0,0,0,0,0,88,59,31,0,59,0,137,115,98,230,0,0,0,4,27,0,11,0,14,0,4,0,2,0,12,0,0,0,0,0,0,0,0,1,0,0,2,6,20,0,142,0,46,0,0,6,69,24,136,0,0,0,0,0,0,0,0,0,0,0,0,0,0,0,0,0,0,0,0,0,26,0,0,0,0,0,0,0,0,0,0,0,28,0,0,0,0,0,0,0,0,0,0,0,0,0,0,0,0,0,0,0,0,0,0,0,0,0,1,0,14,0,0,0,32,0,53,0,76,0,232,0,344,0,24,0,0,0,9,0,0,0,0,0,2,0,0,1,0,0,10,0,8,0,6,0,1,0,0,0,1,0,0,0,0,0,25,0,33,0,0,75,176,0,0,0,0,16,13,0,0,0,0,0,0,0,0,0,0,0,0,0,0,0,0,0,27,0,0,0,0,0,0,0,0,9,0,0,0,21,0,0,0,150,44,44,0,0,0,0
10,0,47,0,143,0,0,0,7,0,0,18,200,298,126,0,120,0,219,312,243,181,76,0,0,0,0,327,26,0,33,4,23,0,34,75,38,0,0,0,29,117,300,78,206,45,170,90,45,0,382,53,9,0,0,0,0,0,0,0,0,0,15,0,0,0,0,0,0,0,0,0,0,0,0,0,0,0,0,0,0,0,0,0,0,0,0,0,0,0,0,0,0,0,0,0,0,0,0,0,0,0,0,0,0,0,0,0,0,0,0,0,0,0,0,0,0,0,0,0,0,0,0,0,0,0,0,0,0,0,0,0,0,0,0,0,0,0,0,0,0,0,0,0,47,0,0,0,63,0,0,0,0,0,0,0,0,0,0,0,0,0,0,0,96,0,0,0,0,0,0,0,21,0,0,0,55,27,49,0,0,0,51,0,0,0,84,0,0,0,0,0,0,0,0,0,0,0,0,0,0,0,0,0,0,0,0,0,23,0,0,166,277,0,9,0,0,18,0,0,0,0,0,0,0
0,90,0,44,0,211,0,17,0,11,0,85,152,183,0,85,0,6,93,373,58,208,0,22,0,0,327,0,0,8,0,3,0,0,0,69,0,19,0,3,209,21,7,316,20,286,56,173,4,21,0,402,0,3,0,0,0,0,0,0,0,0,0,0,0,0,0,0,0,0,0,0,0,0,0,0,0,1,0,0,0,0,0,0,0,0,0,0,0,8,0,0,0,0,0,0,0,0,0,0,0,0,0,5,0,0,0,0,0,0,0,0,0,0,0,0,0,0,0,0,0,0,0,0,0,0,0,14,0,0,0,20,0,0,0,105,0,55,0,0,0,14,0,0,0,0,0,0,0,0,0,0,0,49,0,0,0,0,0,9,0,0,0,0,0,142,0,0,0,124,0,0,0,4,0,0,0,149,0,8,0,0,0,0,0,19,59,39,0,4,0,0,0,0,0,8,0,0,0,8,0,0,0,0,0,0,0,0,0,52,0,0,0,0,31,0,0,0,68,227,385,0,0,0,1
44,0,207,0,31,0,0,0,4,0,12,0,0,0,0,0,114,2,4,0,33,0,72,0,33,4,26,0,0,0,21,0,71,0,14,0,12,0,67,0,0,0,35,0,19,0,0,0,1,0,13,0,3,0,0,0,1,0,0,0,8,0,34,0,0,0,0,0,0,0,44,0,0,0,63,0,0,0,0,0,29,0,0,0,209,0,25,0,0,0,0,0,0,0,0,0,139,0,0,0,7,0,0,0,0,0,0,0,0,0,0,0,0,0,0,0,0,0,0,0,22,0,55,0,0,0,0,0,0,0,0,0,0,0,0,0,45,0,93,0,124,0,79,0,39,0,0,0,0,0,0,0,0,0,20,0,2,0,12,0,0,0,3,0,0,0,1,0,0,0,2,0,0,0,0,0,12,0,0,0,0,0,20,0,0,0,0,0,0,0,0,0,0,0,0,0,0,0,0,0,0,0,0,0,0,0,0,0,0,0,0,0,0,0,0,0,0,0,0,0,0,0,0,0,0
0,45,6,146,0,28,0,0,0,0,3,8,0,0,3,72,0,55,0,16,0,69,0,123,0,27,0,8,0,0,0,43,0,86,0,66,0,19,0,26,0,0,0,40,0,3,0,0,0,0,0,47,0,16,0,22,0,57,0,0,0,49,0,118,0,0,0,0,0,0,0,0,0,0,0,0,0,0,0,0,0,0,0,0,0,266,0,0,0,0,0,0,0,0,0,0,0,0,0,57,0,14,0,0,0,0,0,0,0,0,0,0,0,0,0,0,0,0,0,0,0,23,0,25,0,0,0,0,0,30,0,0,0,0,0,162,0,152,0,271,0,165,0,259,0,18,0,0,0,0,0,0,0,0,0,23,0,0,0,14,0,0,0,0,0,0,0,1,0,2,0,3,0,35,0,0,4,6,0,0,0,0,0,2,0,0,0,0,0,0,0,0,0,0,0,0,0,0,0,0,0,49,0,0,0,0,0,0,0,0,0,0,0,0,1,0,0,0,5,0,14,0,0,0,0
0,0,27,0,96,0,0,1,0,0,45,14,0,0,67,16,102,0,35,18,63,19,7,6,0,0,33,0,21,0,0,0,11,0,22,0,43,0,4,0,0,0,66,0,24,0,0,0,0,0,65,0,0,0,0,0,0,0,0,0,2,0,0,0,0,0,0,0,0,0,42,0,0,0,80,0,0,0,0,0,0,0,0,0,194,0,0,0,0,0,0,0,0,0,0,0,0,0,0,0,0,0,0,0,0,0,0,0,0,0,0,0,0,0,0,0,0,0,0,0,34,0,44,0,0,0,0,0,0,0,0,0,0,0,0,0,0,0,33,0,39,0,0,0,40,0,0,0,0,0,0,0,0,0,0,0,3,0,0,0,0,0,10,0,21,0,69,0,31,1,0,0,25,0,0,0,47,5,17,0,0,0,5,0,0,0,0,0,0,0,0,0,0,0,0,0,0,0,0,0,0,0,0,0,0,0,0,0,0,0,54,47,90,0,0,0,0,0,0,0,0,0,0,0,0
0,1,0,0,16,54,0,0,0,0,0,37,7,25,22,40,0,31,26,37,19,41,0,17,0,11,4,3,0,43,0,0,0,0,5,8,2,3,0,6,0,0,0,1,0,1,0,0,0,0,5,13,0,2,0,0,0,6,0,0,0,0,0,0,0,0,0,0,0,0,0,6,0,0,0,0,0,0,0,0,0,0,0,0,0,101,0,0,0,0,0,5,0,0,0,0,0,0,0,26,0,0,0,0,0,0,0,0,0,0,0,0,0,0,0,0,0,0,0,0,0,17,0,0,0,0,0,0,0,0,0,0,0,0,0,39,0,27,0,16,0,23,0,43,0,0,0,0,0,0,0,0,0,0,0,0,0,0,0,0,0,0,0,0,0,0,0,27,0,4,0,0,0,15,0,0,0,18,0,2,0,0,0,0,0,0,0,0,0,0,0,0,0,0,0,0,0,0,0,0,0,0,0,0,0,0,0,0,0,0,0,0,2,0,4,0,0,0,26,12,46,0,0,0,0
19,0,51,0,128,0,0,0,0,0,124,10,0,0,80,20,39,0,9,0,8,0,9,22,3,0,23,0,71,0,11,0,0,0,9,1,151,0,0,0,0,0,29,0,49,0,0,0,0,0,21,0,1,0,0,0,0,0,0,0,6,0,3,0,0,0,0,0,0,0,47,0,12,0,105,0,0,0,0,0,34,0,0,0,179,0,52,0,0,0,0,0,0,0,0,0,131,0,115,0,9,0,0,0,0,0,0,0,0,0,0,0,0,0,0,0,0,0,0,0,0,0,34,0,0,0,0,0,0,0,0,0,0,0,0,0,0,0,32,0,51,0,32,0,58,0,0,0,0,0,0,0,0,0,7,0,4,0,5,0,1,0,15,0,0,0,92,0,27,0,0,0,46,0,0,0,30,0,20,0,0,0,9,0,0,0,0,0,0,0,0,0,0,0,0,0,0,0,0,0,6,0,0,0,0,0,0,0,0,0,30,44,93,0,13,0,0,0,0,0,0,0,0,0,0
0,18,0,94,8,188,0,1,0,0,0,90,0,0,17,243,0,26,3,7,7,39,0,36,0,14,0,0,0,86,0,0,0,0,0,12,0,64,0,3,0,0,0,6,0,0,0,0,0,0,0,6,0,0,0,2,0,6,0,0,0,3,0,14,0,0,0,0,0,0,0,5,0,0,0,0,0,0,0,3,0,32,0,0,0,93,0,0,0,0,0,12,0,0,0,0,0,33,0,0,0,0,0,0,0,0,0,0,0,0,0,0,0,0,0,0,0,0,0,0,0,0,0,7,0,0,0,0,0,0,0,0,0,0,0,53,0,31,0,13,0,25,0,37,0,7,0,0,0,0,0,0,0,0,0,0,0,2,0,0,0,1,0,0,0,0,0,12,0,0,0,0,0,8,0,0,3,15,0,2,0,0,0,0,0,0,0,0,0,0,0,0,0,0,0,0,0,0,0,0,0,21,0,0,0,0,0,0,0,0,0,0,0,0,2,0,0,0,0,3,0,0,0,0,0
0,0,5,0,128,25,0,0,0,0,6,0,113,38,81,0,31,0,316,91,64,66,0,0,0,0,34,0,14,0,22,5,9,0,0,0,258,0,2,0,0,0,36,0,24,0,0,0,2,0,119,0,0,0,0,0,0,0,0,0,0,0,1,0,0,0,0,0,0,0,16,0,3,0,0,0,0,0,0,0,0,0,0,0,0,0,0,0,0,0,0,0,0,0,0,0,0,0,0,0,0,0,2,0,0,0,0,0,0,0,0,0,0,0,0,0,0,0,0,0,0,0,0,0,0,0,0,0,0,0,0,0,0,0,0,0,0,0,13,0,0,0,0,0,20,0,0,0,0,0,0,0,0,0,0,0,0,0,3,0,0,0,0,0,89,0,85,0,36,0,0,0,20,0,0,0,102,0,35,0,0,0,0,0,0,0,0,0,0,0,0,0,0,0,0,0,0,0,0,0,0,0,0,0,0,0,0,0,0,0,18,86,160,0,0,0,0,0,0,0,0,0,0,0,0
0,0,0,0,0,95,0,0,0,0,0,35,47,294,8,30,0,14,91,171,57,152,0,17,0,4,75,69,0,66,0,8,1,12,0,0,0,162,0,3,11,0,0,31,0,8,0,0,0,2,23,57,0,1,0,0,0,16,0,4,0,0,0,0,0,0,0,0,0,0,0,18,0,0,0,0,0,0,0,0,0,134,0,0,0,299,0,0,0,0,0,0,0,0,0,0,0,0,0,92,0,0,0,0,0,0,0,0,0,0,0,0,0,0,0,0,0,0,0,0,0,72,0,0,0,0,0,0,0,0,0,0,0,0,0,0,0,0,0,74,0,139,0,239,0,53,0,0,0,0,0,0,0,0,0,4,0,3,0,0,0,0,0,0,0,0,0,117,0,34,0,6,0,22,0,0,0,36,0,0,0,1,0,0,0,0,0,41,0,0,0,0,0,0,0,0,0,0,0,0,0,0,0,0,0,0,0,0,0,0,0,0,0,0,13,0,0,0,0,46,136,0,0,0,0
23,0,46,0,306,0,8,0,0,0,119,30,31,0,191,0,5,0,75,20,16,20,8,0,3,0,38,0,12,0,43,2,151,0,258,0,0,0,139,0,0,0,48,0,52,0,0,0,5,0,92,0,2,0,0,0,0,0,11,0,36,0,5,0,0,0,2,0,0,0,50,0,9,0,97,0,0,0,0,0,26,0,0,0,123,0,32,0,0,0,0,0,0,0,0,0,0,0,0,0,7,0,0,0,0,0,0,0,0,0,0,0,0,0,0,0,0,0,0,0,23,0,68,0,0,0,0,0,0,0,0,0,0,0,0,0,0,0,117,0,123,0,42,0,148,0,0,0,0,0,0,0,6,0,14,0,17,0,17,0,0,0,26,0,28,0,85,0,57,0,24,0,59,0,0,0,88,19,27,0,0,0,8,0,0,0,0,0,0,0,0,0,0,0,0,0,0,0,0,0,0,0,0,0,0,0,0,0,0,0,31,32,157,9,8,0,0,0,0,0,0,0,0,0,0
0,84,0,77,0,109,0,0,0,0,0,53,0,52,14,133,0,7,0,111,0,93,0,13,0,2,0,19,0,19,0,3,0,64,0,162,0,0,0,20,2,0,0,25,0,0,0,0,0,0,0,57,0,0,0,0,0,0,0,0,0,16,0,25,0,0,0,0,0,0,0,16,0,0,0,9,0,0,0,0,0,91,0,0,0,140,0,0,0,0,0,0,0,0,0,0,0,0,0,50,0,0,0,0,0,0,0,0,0,0,0,0,0,0,0,0,0,0,0,0,0,49,0,32,0,0,0,0,0,0,0,0,0,0,0,0,0,0,0,78,0,176,0,159,0,69,0,0,0,0,0,0,0,0,0,10,0,23,0,3,0,0,0,9,0,8,1,71,0,24,0,9,0,37,0,0,0,12,0,10,0,2,0,6,0,0,0,5,0,0,0,0,0,0,0,0,0,0,0,0,0,0,0,0,0,0,0,0,0,0,0,0,0,0,0,0,0,0,0,14,36,0,0,0,0
250,0,442,0,149,0,0,0,40,0,94,0,0,0,26,0,67,0,0,0,4,0,117,0,41,0,0,0,67,0,4,0,0,0,2,0,139,0,0,0,0,0,5,0,12,0,0,0,1,0,0,0,5,0,0,0,0,0,1,0,46,0,10,0,0,0,0,0,0,0,0,0,4,0,42,0,0,0,0,0,0,0,0,0,62,0,20,0,0,0,0,0,0,0,0,0,55,0,65,0,0,0,0,0,0,0,0,0,0,0,0,0,0,0,0,0,0,0,0,0,12,0,19,0,0,0,0,0,0,0,0,0,0,0,0,0,0,0,52,0,0,0,0,0,44,0,0,0,0,0,0,0,0,0,9,0,52,0,0,0,0,0,0,0,0,0,93,0,0,0,9,0,115,0,0,0,100,7,4,0,0,0,109,0,0,0,0,0,0,0,0,0,0,0,0,0,0,0,0,0,0,0,0,0,0,0,0,0,0,0,24,6,42,6,9,0,0,0,0,0,0,0,0,0,0
0,160,0,241,0,97,0,0,0,0,0,39,0,0,0,81,0,25,0,1,0,22,0,35,0,12,0,3,0,26,0,6,0,3,0,3,0,20,0,0,0,0,0,0,0,0,0,0,0,0,0,2,0,0,0,0,0,1,0,0,0,16,0,6,0,0,0,0,0,0,0,0,0,0,0,0,0,0,0,0,0,0,0,0,0,0,0,0,0,0,0,0,0,0,0,0,0,0,0,0,0,0,0,0,0,0,0,0,0,0,0,0,0,0,0,0,0,0,0,0,0,3,0,3,0,0,0,0,0,1,0,0,0,0,0,0,0,16,0,42,0,20,0,0,0,22,0,0,0,0,0,0,0,0,0,31,0,52,0,19,0,0,0,0,0,0,0,1,0,0,0,0,0,15,0,0,0,16,0,10,1,0,0,0,0,0,0,0,0,0,0,0,0,0,0,0,0,0,0,0,0,6,0,0,0,0,0,0,0,0,0,0,0,0,0,0,0,0,0,7,0,0,0,0,0
10,0,0,0,69,0,0,0,2,0,14,0,155,93,12,0,0,0,0,72,0,0,0,0,0,0,29,209,0,0,0,0,0,0,0,11,0,2,0,0,0,238,87,37,79,74,124,226,181,0,26,24,2,0,0,0,0,0,0,0,0,0,0,0,0,0,0,0,0,0,0,0,0,0,0,0,0,0,0,0,0,0,0,0,0,0,0,0,0,0,0,0,1,0,0,0,0,0,0,0,0,0,0,0,0,0,0,0,0,0,0,0,0,0,0,0,0,0,0,0,0,0,0,0,0,0,0,0,0,0,0,0,0,0,0,0,0,0,0,0,0,0,0,0,0,0,0,0,0,0,0,0,0,0,0,0,0,0,0,0,0,0,0,0,17,0,1,0,0,0,0,0,0,0,41,0,68,50,33,0,39,0,22,0,0,0,167,12,0,0,0,0,0,0,0,0,0,0,0,0,0,0,0,0,0,0,0,0,0,0,0,134,68,0,1,0,0,30,0,0,0,0,0,0,0
0,7,0,0,0,13,0,0,0,0,0,56,0,161,0,0,0,0,0,1,0,0,0,0,0,0,117,21,0,0,0,0,0,0,0,0,0,0,0,0,238,0,0,35,96,30,159,79,49,143,2,5,0,0,0,0,0,0,0,0,0,0,0,0,0,0,0,0,0,0,0,0,0,0,0,0,0,0,0,0,0,0,0,0,0,0,0,0,0,0,0,0,0,0,0,1,0,0,0,0,0,0,0,0,0,0,0,0,0,0,0,0,0,0,0,0,0,0,0,0,0,0,0,0,0,0,0,0,0,0,0,0,0,0,0,0,0,0,0,0,0,0,0,0,0,0,0,0,0,0,0,0,0,0,0,0,0,0,0,0,0,0,0,0,0,39,0,0,0,5,0,0,0,0,0,0,0,114,4,4,0,0,0,2,0,0,60,36,0,0,0,0,0,0,0,0,0,0,0,0,0,0,0,0,0,0,0,0,0,0,0,1,0,0,0,0,0,0,0,80,12,0,0,0,0
0,0,0,0,17,0,0,0,0,0,0,2,177,0,8,0,0,0,29,14,67,9,0,0,0,0,300,7,35,0,66,0,29,0,36,0,48,0,5,0,87,0,0,0,288,0,99,5,65,0,135,0,0,0,0,0,0,0,0,0,0,0,0,0,0,0,0,0,0,0,0,0,0,0,0,0,0,0,0,0,0,0,0,0,0,0,0,0,0,0,0,0,0,0,0,0,0,0,0,0,0,0,0,0,0,0,0,0,0,0,0,0,0,0,0,0,0,0,0,0,0,0,0,0,0,0,0,0,0,0,0,0,0,0,2,0,18,0,0,0,46,0,0,0,0,0,0,0,0,0,0,0,0,0,0,0,0,0,0,0,0,0,0,0,32,0,9,0,5,0,4,0,6,0,0,0,13,0,12,0,0,0,0,0,0,0,33,0,0,0,0,0,0,0,0,0,0,0,0,0,0,0,0,0,0,0,0,0,0,0,35,111,67,0,4,0,0,11,0,0,0,0,0,0,0
0,0,0,0,0,0,0,0,0,0,0,5,18,151,0,19,0,0,0,99,0,153,0,0,0,0,78,316,0,40,0,1,0,6,0,31,0,25,0,0,37,35,0,0,8,187,23,49,0,27,0,67,0,0,0,0,0,0,0,0,0,0,0,0,0,0,0,0,0,2,0,43,0,0,0,20,0,0,0,0,0,0,0,0,0,0,0,0,0,0,0,0,0,0,0,0,0,0,0,95,0,0,0,0,0,0,0,0,0,0,0,0,0,0,0,0,0,0,0,0,0,101,0,43,0,0,0,0,0,0,0,0,0,0,0,0,0,0,0,0,0,84,0,102,0,46,0,0,0,0,0,0,0,0,0,0,0,0,0,0,0,0,0,3,0,57,0,26,0,37,0,0,0,19,0,0,0,32,0,1,0,0,0,0,0,0,7,58,0,0,0,0,0,0,0,0,0,0,0,0,0,0,0,0,0,2,0,0,0,0,0,0,0,0,12,0,0,0,32,37,117,2,0,0,0
0,0,0,0,14,0,14,0,5,0,7,0,77,22,22,0,96,0,96,6,121,0,112,0,0,0,206,20,19,0,24,0,49,0,24,0,52,0,12,0,79,96,288,8,0,22,272,69,172,33,106,0,7,0,0,0,0,0,0,0,0,0,0,0,0,0,0,1,0,0,94,0,19,0,177,0,0,0,0,0,0,0,0,0,0,0,0,0,0,0,0,0,0,0,0,1,0,0,0,0,0,0,0,1,0,0,0,0,0,0,0,0,0,0,0,0,0,0,0,0,74,0,0,0,0,0,0,0,0,0,0,0,0,0,0,0,0,0,0,0,75,0,0,0,75,0,0,0,0,0,0,0,0,0,11,0,3,0,0,0,0,0,0,0,152,6,44,0,45,0,15,0,37,0,0,0,24,11,30,0,0,0,26,0,0,0,35,4,0,0,0,0,0,0,0,0,0,0,0,0,0,0,0,0,0,0,0,0,0,0,32,101,158,15,14,0,0,52,0,5,6,0,0,0,0
0,12,0,0,0,25,0,0,0,0,0,20,0,77,0,0,0,0,0,65,0,139,0,5,0,0,45,286,0,3,0,1,0,0,0,8,0,0,0,0,74,30,0,187,22,0,41,210,15,81,0,142,0,0,0,0,0,0,0,0,0,0,0,6,0,0,0,0,0,7,0,62,0,5,0,45,0,0,0,0,0,0,0,0,0,341,0,99,0,9,0,0,0,10,0,0,0,19,0,158,0,29,0,0,0,4,0,0,0,0,0,0,0,0,0,0,0,0,0,0,0,111,0,0,0,0,0,0,0,0,0,0,0,0,0,0,0,0,0,0,0,64,0,113,0,72,0,0,0,0,0,0,0,0,0,0,0,0,0,0,0,0,0,0,0,232,0,7,0,120,0,6,0,15,0,0,0,13,0,0,0,0,0,0,0,0,9,20,0,5,0,0,0,0,0,9,0,0,0,0,0,0,0,0,0,0,0,1,0,0,0,0,0,0,19,0,0,0,105,103,246,0,0,0,0
13,0,29,0,65,0,0,0,5,0,39,0,257,37,8,0,0,0,14,10,0,6,51,1,6,0,170,56,0,0,0,0,0,0,0,0,0,0,0,0,124,159,99,23,272,41,0,106,228,30,27,0,5,0,0,0,0,0,0,0,0,0,0,0,0,0,0,0,0,0,0,0,0,0,0,0,0,0,0,0,7,0,0,0,0,0,4,0,0,0,0,0,0,0,0,0,0,0,0,0,0,0,0,0,0,0,0,0,0,0,0,0,0,0,0,0,0,0,0,0,3,0,0,0,0,0,0,0,0,0,0,0,0,0,0,0,124,0,0,0,0,0,0,0,0,0,0,0,19,0,0,0,43,0,0,0,0,0,0,0,0,0,0,0,48,0,10,0,8,0,0,0,0,0,0,0,21,21,39,0,0,0,30,0,12,0,84,0,0,0,0,0,0,0,0,0,3,0,0,0,0,0,0,0,0,0,0,0,0,0,22,226,128,10,0,0,1,82,0,0,0,0,0,0,0
0,44,0,22,0,96,0,7,0,0,0,109,21,307,0,0,0,0,0,43,0,6,0,0,0,0,90,173,0,0,0,0,0,0,0,0,0,0,0,0,226,79,5,49,69,210,106,0,50,70,3,35,0,0,0,0,0,0,0,0,0,0,0,0,0,0,0,0,0,2,0,0,0,0,0,0,0,0,0,0,0,0,0,2,0,0,0,0,0,0,0,0,0,0,0,0,0,0,0,0,0,3,0,0,0,0,0,0,0,0,0,0,0,0,0,0,0,0,0,0,0,0,0,0,0,0,0,0,0,0,0,0,0,1,0,0,0,0,0,0,0,0,0,0,0,0,0,0,0,0,0,0,0,22,0,5,0,2,0,0,0,0,0,0,0,50,0,0,0,0,0,2,0,0,0,0,0,80,0,10,0,0,0,0,0,0,50,20,0,0,0,0,0,0,0,0,0,0,0,0,0,0,0,0,0,1,0,0,0,0,0,1,0,0,0,0,0,0,8,261,106,0,0,0,3
11,0,17,0,14,0,40,0,11,0,12,0,62,0,0,0,0,0,3,0,0,0,3,2,3,1,45,4,1,0,0,0,0,0,2,0,5,0,1,0,181,49,65,0,172,15,228,50,0,57,30,0,11,0,47,1,42,0,25,0,0,0,0,0,0,0,0,0,4,0,0,0,0,0,0,0,4,0,0,0,0,0,19,0,0,0,9,0,9,0,0,0,12,0,16,0,0,1,7,0,13,0,35,0,2,0,9,1,0,0,0,0,0,0,0,0,0,0,0,0,0,0,0,0,4,0,4,0,0,0,0,0,0,0,5,0,0,0,0,0,0,0,12,0,0,0,0,0,2,0,4,0,0,0,11,0,10,0,6,0,7,0,3,0,13,2,3,0,7,0,4,0,7,0,0,0,86,28,16,0,0,0,0,0,0,0,233,0,7,0,0,0,7,0,0,0,0,0,0,0,7,0,15,0,11,0,9,0,0,0,51,71,217,1,37,0,1,35,1,13,4,0,0,0,0
0,15,0,1,0,0,0,1,0,2,0,60,0,47,0,0,0,0,0,10,0,4,0,0,0,0,0,21,0,0,0,0,0,0,0,2,0,0,0,0,0,143,0,27,33,81,30,70,57,0,0,5,0,0,0,2,0,1,0,1,0,2,0,0,0,0,0,0,0,0,0,0,0,0,0,0,0,0,0,1,0,0,0,4,0,38,0,0,0,2,0,0,0,0,0,0,0,9,0,0,0,0,0,1,1,0,0,0,0,0,0,0,0,0,0,0,0,0,0,0,0,0,0,0,0,0,0,0,0,0,0,0,0,0,0,0,0,0,0,0,0,0,0,0,0,6,0,0,0,0,0,35,0,33,0,1,0,2,0,4,0,1,0,0,0,39,0,0,0,12,0,3,0,3,0,0,0,101,0,4,1,14,0,1,0,0,68,47,0,0,0,0,0,0,0,0,0,0,0,2,0,0,0,0,0,0,0,2,0,1,0,8,0,0,9,0,0,2,62,24,22,4,0,0,0
3,0,0,0,106,0,8,0,10,0,11,0,358,64,0,0,21,0,289,82,94,0,0,0,0,0,382,0,13,0,65,5,21,0,119,23,92,0,0,0,26,2,135,0,106,0,27,3,30,0,0,0,0,0,0,0,9,0,11,0,2,0,0,0,0,0,0,0,0,0,18,0,0,0,13,0,3,0,5,0,0,0,15,0,0,0,21,0,0,0,0,0,4,0,10,0,0,0,17,0,0,0,0,0,0,0,0,0,0,0,0,0,0,0,0,0,0,0,0,0,0,0,0,0,0,0,0,0,0,0,0,0,0,0,0,0,13,0,0,0,0,0,0,0,14,0,0,0,0,0,0,0,0,0,0,0,0,0,0,0,0,0,6,0,106,0,22,0,44,0,23,0,55,0,0,0,72,0,35,0,2,0,4,0,0,0,20,0,3,0,0,0,0,0,0,0,0,0,0,0,0,0,0,0,0,0,0,0,0,0,114,125,193,15,10,0,0,4,0,0,0,0,0,0,0
0,0,0,0,0,0,0,0,0,0,0,9,16,226,0,0,0,0,0,112,0,117,0,0,0,2,53,402,0,47,0,13,0,6,0,57,0,57,0,2,24,5,0,67,0,142,0,35,0,5,0,0,0,2,0,4,0,0,0,5,0,0,0,0,0,0,0,0,0,4,0,46,0,0,0,34,0,0,0,0,0,0,0,0,0,0,0,0,0,5,0,0,0,0,0,16,0,0,0,0,0,28,0,6,0,0,0,0,0,0,0,0,0,0,0,0,0,0,0,0,0,78,0,41,0,0,0,0,0,0,0,0,0,0,0,0,0,0,0,44,0,84,0,96,0,49,0,0,0,0,0,0,0,0,0,0,0,6,0,5,0,0,0,13,0,64,0,33,0,122,0,16,0,34,0,0,0,0,0,0,0,0,0,0,0,0,4,53,0,7,0,0,0,0,0,4,0,0,0,0,0,0,0,0,0,0,0,0,0,0,0,0,0,0,19,0,0,0,41,48,103,0,0,0,0
10,0,27,0,10,0,161,26,229,141,0,0,3,0,20,0,118,1,0,0,0,0,18,0,117,6,9,0,3,0,0,0,1,0,0,0,2,0,5,0,2,0,0,0,7,0,5,0,11,0,0,0,0,24,78,143,170,12,21,58,35,0,101,13,1,4,0,84,0,0,2,0,0,0,0,0,0,0,0,0,0,0,1,0,34,0,0,0,0,0,0,0,0,0,0,0,31,0,0,0,0,0,0,0,0,0,0,0,0,0,0,0,0,0,0,0,0,0,0,0,0,0,5,0,0,0,6,0,41,0,20,0,12,0,5,0,149,0,230,5,139,0,76,0,24,0,1,0,0,0,0,0,0,0,265,0,64,0,161,0,23,0,11,0,0,0,0,0,2,0,80,0,8,0,0,0,20,0,0,0,2,0,21,0,0,7,0,0,0,0,0,0,0,0,0,0,0,0,0,0,7,0,0,0,0,0,0,0,2,0,20,0,109,47,29,0,24,0,5,5,0,8,0,0,0
4,45,5,0,0,5,65,72,75,129,0,0,0,0,0,0,5,69,0,0,0,0,0,20,42,20,0,3,0,16,0,2,0,0,0,1,0,0,0,0,0,0,0,0,0,0,0,0,0,0,0,2,24,0,39,85,0,89,5,15,3,16,21,130,0,0,4,9,0,0,0,0,0,0,0,0,0,0,0,0,0,0,0,0,0,7,0,0,0,0,0,0,0,0,0,0,0,0,0,0,0,0,0,0,0,0,0,0,0,0,0,0,0,0,0,0,0,0,0,0,0,0,0,1,0,0,0,0,0,26,0,0,0,8,0,30,0,46,0,256,0,34,0,22,0,50,0,0,0,0,0,0,0,0,0,193,0,142,0,89,0,6,0,0,0,0,0,0,0,0,0,28,0,10,0,0,18,119,0,0,0,0,0,13,0,9,0,0,0,0,0,0,0,0,0,0,0,0,0,0,0,11,0,0,0,0,0,0,0,0,13,0,0,3,27,0,0,0,34,35,42,22,0,0,0
1,0,59,0,0,0,253,17,45,194,0,0,0,0,0,0,9,0,0,0,0,0,38,0,160,0,0,0,0,0,0,0,0,0,0,0,0,0,0,0,0,0,0,0,0,0,0,0,47,0,0,0,78,39,0,151,66,16,23,70,9,0,9,22,5,4,37,116,0,0,0,0,0,0,0,0,0,0,0,0,0,0,0,0,0,0,0,0,0,0,0,0,0,0,0,0,0,0,0,0,0,0,0,0,0,0,0,0,0,0,0,0,0,0,0,0,0,0,0,0,0,0,0,0,6,0,10,0,20,0,48,0,9,0,6,0,29,0,2,0,0,0,1,0,0,0,0,0,7,0,0,0,0,0,61,0,24,0,9,0,17,0,0,0,0,0,4,0,7,0,189,0,15,0,0,0,20,0,0,0,0,0,5,2,4,0,0,0,0,0,0,0,0,0,0,0,0,0,0,0,0,0,0,0,0,0,0,0,2,0,323,49,319,341,276,0,119,3,0,10,0,0,0,0,0
0,18,10,23,0,0,165,461,226,249,0,1,0,3,0,82,0,59,0,37,0,38,1,27,67,142,0,0,0,22,0,0,0,2,0,0,0,0,0,0,0,0,0,0,0,0,0,0,1,2,0,4,143,85,151,0,0,206,45,145,5,0,74,62,0,0,57,16,0,1,0,0,0,0,0,0,0,0,0,0,0,0,0,0,0,0,0,0,0,0,0,0,0,1,0,0,0,0,0,0,0,0,0,1,0,0,0,0,0,0,0,0,0,0,0,0,0,0,0,0,0,0,0,0,0,0,0,0,0,23,0,50,0,27,0,23,0,104,0,33,0,0,0,5,0,0,0,0,0,0,0,3,0,0,0,45,4,26,0,13,0,2,0,3,0,0,0,0,0,15,0,122,0,0,0,0,32,36,0,0,0,0,0,0,0,5,0,0,0,0,0,0,0,0,0,0,0,0,0,0,0,0,0,0,0,0,0,0,3,0,46,6,11,9,218,0,0,0,235,32,250,245,9,14,0
0,0,0,0,0,0,36,0,6,0,0,0,0,0,0,0,15,0,0,0,0,0,0,0,28,0,0,0,1,0,0,0,0,0,0,0,0,0,0,0,0,0,0,0,0,0,0,0,42,0,9,0,170,0,66,0,0,0,175,29,1,0,0,0,22,0,11,25,0,0,0,0,0,1,0,0,0,0,0,0,0,0,0,0,0,0,0,0,0,0,0,0,0,0,0,0,0,0,0,0,0,0,0,0,0,0,0,0,0,0,0,0,0,0,0,0,0,0,0,0,0,0,0,0,6,0,11,0,50,0,58,0,20,0,4,0,20,0,0,0,1,0,0,0,24,0,0,0,5,0,0,0,0,0,146,0,0,0,72,8,107,0,44,0,0,0,0,0,12,0,109,0,27,0,0,0,0,1,0,0,0,12,0,0,0,3,0,0,0,0,0,0,0,0,0,0,0,0,1,0,0,0,0,0,0,0,0,0,0,0,520,66,481,440,591,3,221,5,17,12,8,0,0,0,0
0,2,0,0,0,2,0,21,18,45,0,0,0,0,0,0,0,77,0,0,0,24,0,12,0,46,0,0,0,57,0,6,0,6,0,16,0,0,0,1,0,0,0,0,0,0,0,0,0,1,0,0,12,89,16,206,0,0,33,193,0,3,1,22,4,7,57,91,0,0,0,0,0,0,0,0,0,0,0,0,0,1,0,0,0,0,0,0,0,0,0,0,0,0,0,0,0,3,0,0,0,0,0,0,0,0,0,0,0,0,0,0,0,0,0,0,0,0,0,0,0,0,0,0,0,9,0,0,0,48,0,56,0,19,0,0,0,100,0,77,0,3,0,9,0,6,0,0,0,0,0,0,0,0,0,150,0,13,0,88,0,38,0,0,0,2,0,0,1,63,0,292,0,4,0,0,3,0,0,0,12,0,0,0,3,4,0,0,0,0,0,0,0,0,0,0,0,0,0,0,0,0,0,0,0,0,0,0,0,5,4,0,3,0,259,0,0,0,240,76,394,267,18,17,1
0,4,23,0,13,0,4,0,26,0,0,0,0,0,0,0,2,0,0,0,0,0,0,0,0,0,0,0,0,0,0,0,0,0,0,0,11,0,1,0,0,0,0,0,0,0,0,0,25,0,11,0,21,5,23,45,175,33,0,141,0,0,0,0,138,18,166,193,0,0,0,0,1,0,1,0,0,0,0,0,0,0,0,0,0,0,0,0,0,0,0,0,0,0,0,0,0,0,0,0,0,0,0,0,0,0,0,0,0,0,0,0,0,0,0,0,0,0,0,0,0,0,0,0,11,0,10,0,0,0,62,0,7,0,0,0,6,0,0,5,0,0,0,0,11,0,0,0,23,0,0,0,0,0,58,16,67,2,0,23,32,0,7,0,0,0,13,0,0,0,67,1,45,0,19,8,62,0,0,0,95,9,0,0,54,13,0,0,0,0,0,0,0,0,0,0,0,0,0,0,0,0,0,0,0,0,0,0,2,0,761,306,244,449,680,0,226,3,23,13,3,0,0,0,0
0,0,0,0,0,0,0,2,0,10,0,0,0,0,0,0,0,0,0,0,0,0,0,0,0,0,0,0,0,0,0,0,0,0,0,4,0,0,0,0,0,0,0,0,0,0,0,0,0,1,0,5,58,15,70,145,29,193,141,0,0,0,0,4,12,82,158,253,0,0,0,0,0,2,0,0,0,0,0,0,0,0,0,0,0,0,0,0,0,0,0,0,0,0,0,0,0,0,0,0,0,0,0,0,0,0,0,0,0,0,0,0,0,0,0,0,0,0,0,0,0,0,0,0,0,0,0,0,0,3,0,18,0,0,0,1,0,0,2,8,0,0,0,0,0,51,0,0,0,3,0,0,0,0,15,76,5,44,0,55,0,44,0,46,0,0,0,0,0,50,4,79,0,0,0,21,15,0,0,0,14,26,0,0,21,30,0,0,0,0,0,0,0,0,0,0,0,0,0,0,0,0,0,0,0,0,0,0,0,0,30,6,0,0,729,0,0,0,1012,219,420,463,39,35,0
114,0,102,0,0,0,237,0,167,4,0,0,0,0,0,0,32,0,0,0,0,0,0,0,29,6,0,0,8,0,2,0,6,0,0,0,36,0,46,0,0,0,0,0,0,0,0,0,0,0,2,0,35,3,9,5,1,0,0,0,0,0,55,2,0,0,0,0,0,0,9,0,0,0,6,0,0,0,0,0,0,0,0,0,0,0,0,0,0,0,0,0,0,0,0,0,0,0,0,0,0,0,0,0,0,0,0,0,0,0,0,0,0,0,0,0,0,0,0,0,0,0,0,0,0,0,0,0,1,0,0,0,0,0,0,0,10,0,185,0,93,0,0,0,195,0,0,0,0,0,4,0,0,0,40,0,106,0,38,1,0,0,13,0,0,0,0,0,0,0,120,0,187,0,0,0,64,0,0,0,0,0,8,0,0,0,0,0,0,0,0,0,0,0,0,0,0,0,0,0,0,0,0,0,0,0,0,0,0,0,8,0,81,60,17,0,0,0,0,0,0,0,0,0,0
0,418,0,169,0,0,0,274,0,45,0,0,0,0,0,19,0,79,0,2,0,8,0,46,0,69,0,0,0,49,0,0,0,3,0,0,0,16,0,16,0,0,0,0,0,0,0,0,0,2,0,0,0,16,0,0,0,3,0,0,0,0,0,34,0,0,0,0,0,0,0,0,0,0,0,0,0,0,0,0,0,0,0,0,0,0,0,3,0,0,0,0,0,0,0,0,0,0,0,0,0,0,0,0,0,0,0,0,0,0,0,0,0,0,0,0,0,0,0,0,0,0,0,3,0,0,0,0,0,0,0,0,0,0,0,0,0,0,0,42,0,29,0,0,0,53,0,0,0,0,0,0,0,0,0,4,0,184,0,13,0,0,0,1,0,0,0,0,0,3,0,39,0,102,0,0,7,92,0,8,0,0,0,82,0,0,0,0,0,0,0,0,0,0,0,0,0,0,0,0,0,0,0,0,0,0,0,0,0,0,0,0,0,0,10,0,0,0,0,200,57,0,0,1,0
106,12,261,0,0,0,260,43,302,112,0,0,0,0,27,0,443,0,22,0,37,0,71,0,232,24,15,0,34,0,0,0,3,0,1,0,5,0,10,0,0,0,0,0,0,0,0,0,0,0,0,0,101,21,9,74,0,1,0,0,55,0,0,27,0,0,0,2,0,0,8,0,0,0,0,0,0,0,0,0,0,0,0,0,53,0,4,0,0,0,0,0,0,0,0,0,0,0,0,0,0,0,0,0,0,0,0,0,0,0,0,0,0,0,0,0,0,0,0,0,0,0,22,0,0,0,0,0,10,0,0,0,0,0,0,0,28,0,98,0,99,0,50,0,22,0,0,0,0,0,0,0,0,0,41,2,8,2,32,0,0,0,0,0,0,0,0,0,0,0,5,7,23,0,0,0,94,11,0,0,0,0,39,0,0,0,0,0,0,0,0,0,0,0,0,0,0,0,0,0,0,0,0,0,0,0,0,0,0,0,0,0,5,8,0,0,0,0,3,0,0,0,0,0,0
12,216,22,113,0,0,100,348,60,92,1,5,0,0,0,11,11,478,0,32,0,56,6,165,128,136,0,0,0,118,0,0,0,14,0,0,0,25,0,6,0,0,0,0,0,6,0,0,0,0,0,0,13,130,22,62,0,22,0,4,2,34,27,0,0,1,0,0,0,0,0,0,0,0,0,0,0,0,0,0,0,0,0,0,0,0,0,0,0,0,0,0,0,0,0,0,0,0,0,0,0,0,0,0,0,0,0,0,0,0,0,0,0,0,0,0,0,0,0,0,0,0,0,0,0,0,0,0,0,12,0,0,0,0,0,0,0,36,0,112,0,41,0,14,0,0,0,0,0,0,0,0,0,0,0,39,0,47,0,17,0,0,0,0,0,0,0,0,0,0,4,14,0,12,0,0,21,174,0,0,0,0,4,53,1,0,0,0,0,0,0,0,0,0,0,0,0,0,0,1,0,0,0,0,0,0,0,0,0,0,11,0,2,0,5,0,0,0,17,40,28,10,1,0,0
0,0,0,0,0,0,8,0,69,0,0,0,3,0,0,0,0,0,0,0,0,0,0,0,0,0,0,0,0,0,0,0,0,0,0,0,0,0,0,0,0,0,0,0,0,0,0,0,0,0,0,0,1,0,5,0,22,4,138,12,0,0,0,0,0,0,157,0,0,0,0,5,0,0,0,0,0,0,0,0,0,0,0,0,0,0,2,0,0,0,0,0,0,0,2,0,0,0,0,1,0,0,0,0,0,0,0,0,0,0,0,0,0,0,0,0,0,0,0,0,0,0,0,0,0,0,2,0,0,0,20,0,0,0,0,0,0,0,19,58,4,0,0,0,42,0,9,0,27,0,1,0,0,0,13,0,0,0,7,15,286,32,11,0,0,0,0,0,0,0,0,0,0,0,46,4,5,0,0,0,252,40,0,0,119,2,0,0,0,0,0,0,0,0,0,0,0,0,0,0,0,0,0,0,0,0,0,0,0,0,117,13,0,0,57,0,0,0,0,0,0,0,0,0,0
0,9,0,2,0,26,1,0,4,52,0,0,0,7,0,0,0,0,0,5,0,0,0,0,3,0,0,0,0,0,0,0,0,0,0,0,0,0,0,0,0,0,0,0,0,0,0,0,0,0,0,0,4,0,4,0,0,7,18,82,0,0,0,1,0,0,7,390,0,0,0,81,0,34,0,55,0,0,0,0,0,0,0,0,0,0,0,0,0,0,0,0,0,0,0,0,0,2,0,0,0,0,0,0,0,0,0,0,0,0,0,0,0,0,0,0,0,0,0,0,3,0,0,0,0,48,0,25,1,3,0,102,0,3,0,0,0,1,0,91,0,88,0,0,0,145,0,64,0,112,0,17,0,0,1,4,0,4,14,13,0,281,0,49,0,0,0,0,0,18,0,0,0,0,1,89,3,0,0,0,75,194,0,3,4,53,0,0,0,0,0,0,0,0,0,0,0,0,0,0,1,0,0,0,0,0,0,6,0,14,2,0,0,0,95,0,1,0,189,0,66,0,1,0,0
0,0,2,0,0,0,59,0,160,0,0,0,0,0,0,0,0,0,0,0,0,0,0,0,0,0,0,0,0,0,0,0,0,0,0,0,2,0,0,0,0,0,0,0,0,0,0,0,0,0,0,0,0,4,37,57,11,57,166,158,0,0,0,0,157,7,0,117,0,0,0,0,0,0,0,0,0,0,0,0,0,0,0,0,0,0,0,0,0,0,0,0,0,0,0,0,0,0,0,0,0,0,0,0,0,0,0,0,0,0,0,0,0,0,0,0,0,0,0,0,0,0,0,0,1,0,0,0,1,0,11,0,0,0,0,0,0,0,10,0,0,0,0,0,0,0,0,0,16,0,0,0,0,0,7,9,4,0,0,10,48,0,0,0,0,0,2,0,0,0,9,0,0,0,11,3,198,0,0,0,49,0,0,0,307,9,0,0,0,0,0,0,0,0,0,0,0,0,0,0,0,0,0,0,0,0,0,0,0,0,70,40,5,29,40,0,12,0,7,0,0,0,0,0,0
0,0,0,0,0,0,0,0,101,55,0,0,0,0,0,0,0,0,0,0,0,0,0,0,2,0,0,0,0,0,0,0,0,0,0,0,0,0,0,0,0,0,0,0,1,0,0,0,0,0,0,0,84,9,116,16,25,91,193,253,0,0,2,0,0,390,117,0,0,0,0,0,0,1,0,2,0,0,0,0,0,2,0,0,0,0,0,0,0,0,0,0,0,0,0,0,0,0,0,0,0,0,0,0,0,0,0,0,0,0,0,0,0,0,0,0,0,0,0,0,0,0,0,0,0,4,0,0,0,0,0,10,0,0,0,0,0,0,0,18,0,0,0,0,0,77,0,0,0,7,0,6,0,1,16,35,0,19,0,39,0,28,0,20,0,0,0,0,0,0,4,0,0,0,0,81,41,2,0,0,44,80,0,0,26,206,0,0,0,0,0,0,0,0,0,0,0,0,0,0,0,0,0,0,0,0,0,0,0,3,0,0,0,0,89,0,0,0,257,66,57,100,2,0,0
0,0,0,0,0,0,0,0,0,0,0,0,0,0,0,0,0,0,0,0,0,0,0,0,0,0,0,0,0,0,0,0,0,0,0,0,0,0,0,0,0,0,0,0,0,0,0,0,4,0,0,0,0,0,0,0,0,0,0,0,0,0,0,0,0,0,0,0,0,0,0,0,3,0,0,0,100,0,7,0,0,0,20,0,0,0,0,0,11,0,0,0,37,0,0,0,0,0,0,0,0,0,145,0,0,0,0,0,42,0,3,0,1,0,0,0,1,0,1,0,0,0,0,0,0,0,0,0,0,0,0,0,0,0,0,0,0,0,0,0,0,0,0,0,0,0,0,0,0,0,0,0,0,0,2,0,0,0,0,0,0,0,0,0,3,0,0,0,88,0,0,0,0,0,0,0,0,0,0,0,0,0,0,0,0,0,0,0,0,0,0,0,0,0,0,0,0,0,0,0,0,0,0,0,0,0,0,0,0,0,85,0,58,3,9,2,32,2,0,0,0,0,0,0,0
0,0,0,0,0,0,0,0,0,0,0,0,0,0,0,0,0,0,0,0,0,0,0,0,0,0,0,0,0,0,0,0,0,0,0,0,0,0,0,0,0,0,0,2,0,7,0,2,0,0,0,4,0,0,0,1,0,0,0,0,0,0,0,0,0,0,0,0,0,0,0,0,0,0,0,0,0,44,0,0,0,0,0,73,0,0,0,6,0,28,0,0,0,27,0,46,0,0,0,0,0,0,0,177,0,0,0,0,0,2,0,0,0,10,0,0,0,0,0,0,0,0,0,0,0,0,0,0,0,0,0,4,0,0,0,0,0,0,0,0,0,0,0,0,0,0,0,0,0,1,0,0,0,0,0,0,0,1,0,0,0,0,0,0,0,33,0,0,0,85,0,1,0,0,0,0,0,0,0,0,0,0,0,0,0,0,0,0,0,0,0,0,0,0,0,0,0,0,0,0,0,0,0,0,0,2,0,0,0,0,0,0,0,0,4,0,0,0,71,6,109,4,1,3,1
0,0,0,0,0,0,0,0,0,0,0,0,0,0,0,0,36,0,0,0,33,0,0,0,0,0,0,0,44,0,42,0,47,0,16,0,50,0,0,0,0,0,0,0,94,0,0,0,0,0,18,0,2,0,0,0,0,0,0,0,9,0,8,0,0,0,0,0,0,0,0,0,305,0,472,0,0,0,280,0,13,0,0,0,3,0,28,0,0,0,0,0,0,0,0,0,0,0,4,0,0,0,0,0,0,0,0,0,0,0,0,0,0,0,0,0,0,0,0,0,47,0,4,0,0,0,31,0,0,0,0,0,27,1,0,0,18,0,6,14,72,0,15,0,138,0,0,0,20,0,29,0,16,0,0,0,7,0,0,0,13,10,46,0,0,0,12,0,16,0,30,0,43,0,11,0,0,0,0,0,82,9,9,0,7,0,0,0,0,0,0,0,0,0,0,0,0,0,0,0,0,0,0,0,0,0,0,0,32,0,2,0,11,2,0,1,0,0,0,0,0,0,0,0,0
0,0,0,0,0,0,0,0,0,0,0,0,0,0,0,0,0,0,0,0,0,31,0,22,0,0,0,0,0,0,0,6,0,5,0,18,0,16,0,0,0,0,0,43,0,62,0,0,0,0,0,46,0,0,0,0,0,0,0,0,0,0,0,0,5,81,0,0,0,0,0,0,0,113,0,161,0,28,0,6,0,0,0,4,0,0,1,133,0,0,0,0,0,0,0,0,22,0,0,0,0,0,0,0,0,0,0,0,0,0,0,0,0,0,0,0,0,0,0,0,0,0,0,5,0,68,0,20,0,0,0,0,0,27,0,0,0,0,0,8,0,34,0,2,0,98,0,0,0,89,0,0,0,0,0,0,0,0,0,2,0,15,0,82,0,1,0,12,3,9,0,28,0,18,0,64,0,0,0,0,22,104,0,0,0,0,0,0,0,0,0,0,0,0,0,0,0,0,0,0,0,0,0,0,0,0,0,0,0,0,0,0,0,0,0,0,0,0,37,0,12,0,0,0,0
0,0,0,0,0,0,0,0,0,0,0,0,0,0,0,0,10,0,0,0,0,0,0,0,0,0,0,0,0,0,0,0,12,0,3,0,9,0,4,0,0,0,0,0,19,0,0,0,0,0,0,0,0,0,0,0,0,0,1,0,0,0,0,0,0,0,0,0,3,0,305,0,0,0,209,0,52,0,186,0,7,0,57,0,0,0,33,0,0,0,0,0,0,0,7,0,0,0,0,0,0,0,0,0,0,0,0,0,0,0,0,0,0,0,0,0,0,0,0,0,44,0,0,0,56,0,63,0,0,0,0,0,53,0,64,0,50,0,0,7,36,0,114,0,108,0,26,0,0,0,106,0,18,0,0,0,0,0,0,0,1,4,53,0,0,0,0,0,15,0,5,0,0,0,0,0,0,0,0,0,59,8,0,0,3,0,0,0,0,0,0,0,0,0,0,0,10,0,0,0,0,0,51,0,12,0,0,2,87,0,151,2,19,10,12,0,0,0,0,0,0,0,0,0,0
0,0,0,0,0,0,0,0,0,0,0,0,0,0,0,0,0,0,0,0,0,0,0,0,0,0,0,0,0,0,0,0,0,0,0,0,0,0,0,0,0,0,0,0,0,5,0,0,0,0,0,0,0,0,0,0,1,0,0,2,0,0,0,0,0,34,0,1,0,0,0,113,0,0,0,203,0,83,0,33,1,5,0,56,0,7,0,140,0,0,0,0,0,0,0,0,0,0,0,3,0,1,0,2,0,0,7,0,0,0,0,0,0,1,0,0,0,0,0,0,0,8,0,36,0,44,0,0,0,0,0,33,0,0,0,46,0,0,0,2,0,14,0,9,0,19,0,0,0,40,0,0,0,17,0,0,0,0,0,0,0,0,0,55,0,0,0,0,0,21,0,4,0,2,0,23,0,0,0,0,15,78,0,0,0,0,0,0,0,9,0,4,0,0,0,0,0,0,0,71,0,51,0,54,0,0,0,78,0,56,0,0,7,0,3,0,0,0,101,1,30,0,0,0,0
0,0,39,0,0,0,0,0,0,0,0,0,0,0,0,0,100,0,0,0,72,0,0,0,0,0,0,0,63,0,80,0,105,0,0,0,97,0,42,0,0,0,0,0,177,0,0,0,0,0,13,0,0,0,0,0,0,0,1,0,6,0,0,0,0,0,0,0,0,0,472,0,209,0,0,0,0,0,276,4,18,0,41,0,26,0,78,9,0,0,0,0,0,0,20,2,0,0,24,3,0,0,0,0,0,0,0,0,0,0,0,0,0,0,0,0,0,0,0,0,147,0,19,0,16,13,0,0,0,0,0,20,16,0,51,0,36,0,0,12,140,0,142,4,214,0,0,0,46,11,0,0,0,0,1,0,16,0,0,0,6,0,51,0,0,0,9,0,26,0,20,0,35,0,34,0,0,0,0,0,117,26,0,0,0,0,0,0,0,0,0,0,0,0,0,0,0,0,18,0,24,0,35,0,5,0,0,0,70,0,74,1,14,8,13,0,0,0,0,0,0,0,0,0,0
0,0,0,0,0,8,0,0,0,0,0,0,0,0,0,0,0,0,0,0,0,0,0,42,0,0,0,0,0,0,0,0,0,0,0,0,0,9,0,0,0,0,0,20,0,45,0,0,0,0,0,34,0,0,0,0,0,0,0,0,0,0,0,0,0,55,0,2,0,0,0,161,0,203,0,0,0,21,0,78,0,0,0,3,0,0,0,132,0,0,0,0,0,0,0,0,0,0,0,0,0,0,0,0,0,0,5,0,0,0,0,0,0,0,0,0,0,0,0,0,0,105,0,17,0,91,0,69,0,0,34,42,0,34,0,0,0,5,0,4,0,85,0,10,0,138,0,0,22,100,0,85,0,0,0,0,0,0,0,0,0,0,0,66,0,0,0,18,0,13,0,12,0,14,0,62,0,0,0,0,23,161,0,0,0,0,0,0,0,0,0,0,0,0,0,0,0,0,0,0,0,19,0,0,0,0,0,0,0,64,0,0,0,0,8,0,0,0,36,2,19,0,0,0,0
0,0,0,0,3,0,0,0,0,0,0,0,0,0,0,0,0,0,0,0,0,0,0,0,0,0,0,0,0,0,0,0,0,0,0,0,0,0,0,0,0,0,0,0,0,0,0,0,4,0,3,0,0,0,0,0,0,0,0,0,0,0,0,0,0,0,0,0,100,0,0,0,52,0,0,0,0,0,44,0,14,0,100,0,0,0,17,0,9,0,0,0,33,0,23,0,0,0,6,0,20,0,74,0,0,0,0,3,6,0,0,0,0,0,0,0,19,0,0,0,4,0,0,0,0,1,0,0,0,0,0,0,0,0,0,1,0,0,0,0,0,0,24,2,0,0,0,0,0,0,0,0,0,2,0,0,0,0,0,0,0,0,0,0,4,0,0,0,56,0,0,0,0,0,0,0,0,0,0,0,0,0,0,0,0,0,0,0,0,0,19,0,19,0,0,0,0,0,0,0,0,0,0,0,36,0,0,0,0,0,118,0,61,0,12,0,6,0,0,0,0,0,0,0,0
0,0,0,0,0,0,0,0,0,0,0,0,0,0,0,0,0,0,0,0,0,0,0,0,0,0,0,1,0,0,0,0,0,0,0,0,0,0,0,0,0,0,0,0,0,0,0,0,0,0,0,0,0,0,0,0,0,0,0,0,0,0,0,0,0,0,0,0,0,44,0,28,0,83,0,21,0,0,0,7,0,27,0,112,0,18,0,94,0,29,0,0,0,39,0,129,0,0,0,0,0,12,0,47,0,0,0,0,0,7,0,0,0,0,0,2,0,3,0,0,0,5,0,6,0,0,0,0,0,0,4,0,0,0,0,18,0,0,0,0,0,0,0,0,0,0,0,0,4,0,0,0,0,0,0,0,0,0,0,0,0,0,0,6,0,0,0,0,0,137,0,0,0,0,0,0,0,0,0,0,0,0,0,0,0,0,0,0,0,0,0,0,0,0,0,0,0,0,0,0,0,24,0,0,0,0,0,0,0,0,0,0,0,0,5,0,0,0,62,2,87,0,0,0,1
0,0,0,0,0,0,0,0,0,0,0,0,0,0,0,0,0,1,0,0,0,0,0,0,0,0,0,0,0,0,0,0,0,0,0,0,0,0,0,0,0,0,0,0,0,0,0,0,0,0,5,0,0,0,0,0,0,0,0,0,0,0,0,0,0,0,0,0,7,0,280,0,186,0,276,0,44,0,0,0,21,0,215,0,25,0,77,0,8,0,0,0,34,0,51,0,3,0,29,0,23,0,76,0,39,0,0,0,0,0,0,0,0,0,0,0,4,0,0,0,107,0,32,0,0,0,0,0,0,0,0,0,0,0,0,0,32,0,0,0,41,0,199,0,37,0,0,3,0,0,29,0,0,0,0,0,0,0,0,0,0,0,7,0,0,0,9,0,102,0,0,0,0,0,12,0,0,0,0,0,40,8,0,0,0,0,0,0,52,0,36,0,0,0,0,0,0,0,74,0,92,0,0,0,100,0,0,0,59,0,240,0,62,4,26,0,0,0,0,0,0,0,0,0,0
0,0,0,0,0,0,0,0,0,0,0,0,0,0,0,0,0,0,0,0,0,0,0,0,0,0,0,0,0,0,0,0,0,3,0,0,0,0,0,0,0,0,0,0,0,0,0,0,0,1,0,0,0,0,0,0,0,0,0,0,0,0,0,0,0,0,0,0,0,0,0,6,0,33,4,78,0,7,0,0,0,0,0,0,0,9,0,43,0,0,0,0,0,0,0,1,0,0,0,0,0,0,0,0,0,0,0,0,0,0,0,0,0,0,0,0,0,0,0,0,0,5,0,13,0,0,0,17,0,0,0,0,0,15,0,22,0,0,0,0,0,15,0,16,0,20,0,0,10,0,0,0,0,0,0,0,0,0,3,0,0,6,0,5,0,0,0,0,0,1,0,0,0,0,0,0,0,0,0,0,0,0,0,0,0,0,0,0,0,0,0,0,0,0,0,0,0,0,0,0,0,20,0,10,0,0,0,0,0,34,0,0,0,0,0,0,0,0,5,0,0,0,0,0,0
