0,0,24,61,93,0,12,0,19,31,63,0,57,0,39,50,158,60,24,0,28,0,85,104,20,188,0,0,230,9,62,0,102,0,0,0,49,0,422,0,7,0,2,0,0,0,0,0,8,0,0,0,3,0,0,0,0,0,0,0,42,0,24,7,2,0,0,0,0,0,0,0,0,0,0,0,0,0,0,0,0,0,0,0,0,0,0,0,0,0,0,0,0,0,0,0,0,0,0,0,0,0,0,0,0,0,0,0,0,0,0,0,0,0,0,0,0,0,0,0,0,0,0,0,4,0,0,0,0,0,0,0,0,0,11,0,0,0,0,0,0,0,0,0,0,0,6,0,20,0,9,0,20,0,0,0,0,0,0,0,0,0,7,0,20,1,25,0,41,0,31,0,239,0,0,0,317,68,7,0,0,0,0,0,47,0,0,0,0,0,0,0,0,0,0,0,1,0,0,0,0,0,0,0,0,0,0,0,0,0,592,179,156,0,206,0,0,0,0,0,0,0,0,0,0
0,0,102,51,0,177,60,17,15,27,0,139,0,76,23,144,56,29,0,88,15,19,134,103,107,86,0,56,13,86,0,0,0,257,0,29,0,247,0,359,0,0,0,9,0,0,0,16,0,0,0,0,0,0,0,0,0,11,0,3,0,56,0,5,0,11,0,2,0,0,0,0,0,0,0,0,0,0,0,0,0,0,0,0,0,8,0,1,0,0,0,0,0,0,0,0,0,0,0,4,0,0,0,0,0,0,0,0,0,0,0,0,0,0,0,0,0,0,0,4,0,4,0,0,0,32,0,0,0,0,0,0,0,2,0,0,0,19,0,0,0,0,0,0,0,0,0,0,0,15,0,0,0,83,0,0,0,4,0,0,0,0,0,0,0,0,0,0,0,0,0,34,0,201,0,0,60,398,0,5,0,87,0,15,0,72,0,0,0,0,0,0,0,0,0,0,0,0,0,0,0,0,0,0,0,0,0,0,0,15,8,0,0,0,320,0,0,0,931,229,464,0,12,23,0
24,102,0,115,172,0,66,0,22,0,22,0,44,0,155,107,146,35,86,0,98,7,410,125,87,114,35,0,242,0,109,0,163,29,0,0,0,0,218,0,0,0,0,0,0,0,0,0,0,0,0,0,9,0,27,0,26,0,3,0,0,0,7,2,12,0,14,0,0,0,0,0,0,0,0,0,0,0,5,0,0,0,0,0,0,0,0,0,0,0,0,0,0,0,0,0,0,0,0,0,0,0,0,0,0,0,0,0,0,0,0,0,0,0,0,0,0,0,0,0,0,0,0,0,36,0,0,0,22,0,34,0,20,0,242,0,190,0,0,0,0,0,126,0,0,0,38,0,55,0,54,0,90,0,0,0,0,0,0,0,42,0,15,0,0,0,106,0,0,0,25,0,256,7,0,0,126,43,11,0,20,0,10,0,34,0,0,0,0,0,0,0,0,0,0,0,0,0,46,0,219,0,0,0,0,0,0,0,39,0,602,77,402,0,252,2,0,0,0,0,0,0,0,0,0
61,51,115,0,0,131,0,24,0,7,22,6,2,0,126,268,28,18,0,103,47,69,168,253,18,149,0,0,0,60,22,37,0,232,0,0,10,142,14,0,0,0,0,0,0,0,5,0,0,0,0,10,0,0,0,30,0,22,0,7,0,0,0,0,0,10,0,2,0,0,0,0,0,0,0,0,0,0,0,0,0,0,0,0,0,28,0,0,0,0,0,4,0,0,0,0,0,17,0,0,0,0,0,0,0,0,0,0,0,0,0,0,0,0,0,0,0,0,0,0,0,0,0,0,0,16,0,0,0,0,0,0,0,50,0,213,0,379,0,0,0,0,0,66,0,0,0,7,0,0,0,94,1,0,0,21,0,0,0,6,0,64,0,0,0,19,0,121,0,31,0,0,0,110,0,0,0,192,0,6,0,0,0,2,0,12,0,0,0,0,0,0,0,0,0,0,0,0,0,0,0,97,0,0,0,0,0,0,0,77,0,3,0,0,121,0,0,0,233,10,275,0,0,2,0
93,0,172,0,0,0,6,0,36,0,124,0,165,0,131,100,21,0,79,192,208,0,149,52,0,0,41,0,0,0,270,0,228,0,315,0,181,23,67,0,117,0,0,0,0,0,74,0,13,0,26,0,0,0,0,0,0,0,0,0,2,0,0,0,0,0,0,0,0,0,4,0,0,0,0,0,0,0,0,0,0,0,0,0,0,0,0,0,0,0,0,0,0,0,0,0,0,0,0,0,0,0,0,0,0,0,0,0,0,0,0,0,0,0,0,0,0,0,0,0,0,0,0,0,0,0,0,0,0,0,0,0,0,0,0,0,0,0,0,0,2,0,0,0,0,0,0,0,0,0,0,0,0,0,0,0,0,0,0,0,0,0,10,0,0,0,247,0,196,0,17,0,230,0,0,0,234,63,131,0,40,0,55,0,45,0,12,0,0,0,0,0,0,0,0,0,1,0,0,0,0,0,0,0,0,0,0,0,0,0,579,200,415,0,143,0,3,0,0,0,0,0,0,0,0
0,177,0,131,0,0,0,15,0,45,38,126,0,171,428,313,0,0,0,249,113,287,0,85,0,18,0,175,0,23,32,123,0,233,0,172,0,0,0,0,0,25,0,18,0,4,0,31,0,4,0,0,0,0,0,0,0,0,0,0,0,0,0,0,0,0,0,0,0,0,0,0,0,0,0,0,0,0,0,0,0,0,0,0,0,0,0,0,0,0,0,0,0,0,0,0,0,0,0,0,0,0,0,0,0,0,0,0,0,0,0,1,0,0,0,0,0,0,0,0,0,0,0,0,0,0,0,0,0,0,0,0,0,3,0,0,0,45,0,0,0,0,0,0,0,0,0,4,0,0,0,43,0,0,0,0,0,0,0,0,0,0,0,13,0,0,0,147,0,0,0,0,0,64,0,0,35,433,11,43,0,68,0,0,0,38,0,17,0,0,0,0,0,0,0,0,0,0,0,0,0,0,0,0,0,0,0,0,0,0,0,0,0,0,201,0,0,0,630,228,548,158,4,4,0
12,60,66,0,6,0,0,101,10,0,9,0,6,0,5,0,50,50,0,0,0,0,19,0,195,203,0,0,144,3,0,0,0,0,0,0,0,0,155,0,0,0,0,0,4,0,0,0,57,0,0,0,66,0,70,0,18,0,0,0,140,0,202,33,3,0,16,0,0,0,0,0,0,0,0,0,0,0,0,0,0,0,0,0,0,0,0,0,0,0,0,0,0,0,0,0,0,0,0,0,0,0,0,0,0,0,0,0,0,0,0,0,0,0,0,0,0,0,0,0,0,0,0,0,0,0,0,0,3,0,5,0,0,0,20,0,9,0,0,0,0,0,0,0,0,0,0,0,3,0,1,0,0,0,0,0,0,0,0,0,15,0,16,0,0,0,12,0,87,0,96,0,309,0,0,0,81,39,0,0,0,0,0,0,0,0,0,0,0,0,0,0,0,0,0,0,0,0,0,0,0,0,0,0,0,0,0,0,0,0,730,78,313,400,556,0,0,0,0,0,0,0,0,0,0
0,17,0,24,0,15,101,0,83,10,0,14,0,0,0,20,47,25,0,0,0,0,0,40,195,319,0,0,24,186,0,0,0,102,0,0,0,0,11,268,0,0,0,4,0,13,0,0,0,2,0,12,8,9,0,41,0,0,0,4,0,0,0,47,0,0,0,0,0,0,0,0,0,0,0,0,0,0,0,0,0,0,0,0,0,0,0,0,0,0,0,0,0,0,0,0,0,0,0,0,0,0,0,1,0,0,0,0,0,0,0,0,0,0,0,0,0,1,0,0,0,0,0,0,0,3,0,0,0,1,0,0,0,0,0,0,0,0,0,0,0,0,0,0,0,0,0,0,0,0,0,0,0,0,0,4,0,0,0,0,0,3,0,0,0,52,0,0,0,0,1,52,0,212,0,0,32,136,0,0,0,0,0,1,0,0,0,0,0,0,0,0,0,0,0,0,0,2,0,0,0,0,0,0,0,0,0,2,0,0,0,0,0,0,291,0,0,0,479,55,546,324,0,66,0
19,15,22,0,36,0,10,83,0,193,11,0,23,0,19,0,0,34,0,0,0,0,0,0,11,185,0,0,0,4,0,0,0,0,0,0,0,0,95,0,0,0,0,0,0,0,0,0,0,1,0,0,148,62,17,173,5,0,21,0,169,0,159,79,13,0,22,0,0,0,0,0,0,0,0,0,0,0,0,0,0,0,0,0,0,0,0,0,0,0,0,0,0,0,0,0,0,0,0,0,0,0,0,0,0,0,5,0,0,0,0,0,0,0,0,0,0,0,0,0,0,0,0,0,17,0,0,0,0,0,35,0,10,0,84,0,31,0,0,0,0,0,33,0,0,0,16,0,47,0,6,0,10,0,7,0,10,0,0,0,6,0,0,0,0,0,0,0,67,0,116,0,165,0,0,0,292,86,1,0,0,0,20,0,20,13,0,0,0,0,0,0,0,0,0,0,1,0,0,0,47,0,0,0,0,0,8,0,19,0,510,151,220,0,241,0,0,0,0,0,0,0,0,0,0
31,27,0,7,0,45,0,10,193,0,0,17,0,9,0,27,0,27,1,24,0,0,0,0,206,46,0,12,0,51,0,0,0,0,0,0,0,18,0,112,0,0,0,0,0,6,0,0,0,0,0,0,73,157,79,58,0,22,0,8,0,92,113,245,0,20,0,94,0,0,0,0,0,0,0,0,0,0,0,0,0,12,0,0,0,0,0,0,0,0,0,0,0,0,0,0,0,0,0,0,0,0,0,0,0,0,0,7,0,0,0,0,0,0,0,0,0,0,0,0,0,0,0,0,0,30,0,0,0,0,0,16,0,3,0,16,0,44,0,0,0,0,0,0,0,0,0,16,0,32,0,69,0,38,0,5,0,0,0,0,0,18,0,6,0,0,0,12,0,0,0,0,0,96,0,6,58,287,0,1,0,0,0,6,0,34,0,0,0,0,0,0,0,0,0,0,0,0,0,0,0,0,0,0,0,0,0,8,0,29,0,0,0,5,299,0,0,0,643,135,484,0,10,54,0
63,0,22,22,124,38,9,0,11,0,0,14,127,0,48,54,0,2,47,20,73,0,57,0,0,0,0,0,0,0,93,0,157,0,30,0,132,0,70,0,35,0,0,0,28,0,51,0,2,0,0,0,0,0,0,0,0,0,0,0,0,0,0,0,3,0,0,0,0,0,0,0,0,0,5,0,0,0,0,0,0,0,0,0,0,0,0,0,0,0,0,0,0,0,0,0,0,0,0,0,0,0,0,0,0,0,0,0,0,0,0,0,0,0,0,0,0,0,0,0,0,0,0,0,0,0,0,0,0,0,0,0,0,0,0,0,0,0,0,0,0,0,0,0,2,0,0,0,0,0,0,0,0,0,0,0,0,0,0,0,0,0,0,0,0,0,91,0,0,0,0,0,132,0,0,0,127,27,63,0,0,0,25,0,31,0,13,0,0,0,0,0,0,0,0,0,0,0,0,0,0,0,0,0,0,0,0,0,0,0,248,142,201,0,0,1,0,0,0,0,0,0,0,0,0
0,139,0,6,0,126,0,14,0,17,14,0,0,255,251,72,0,0,26,58,66,198,0,49,0,0,0,99,0,0,0,120,0,260,14,260,0,225,0,11,0,57,0,16,0,6,0,33,0,6,0,30,0,0,0,0,0,0,0,3,0,0,0,0,0,0,0,1,0,0,0,0,0,0,0,0,0,0,0,0,0,0,0,0,0,0,0,0,0,0,0,0,0,0,0,0,0,0,0,0,0,0,0,0,0,0,0,0,0,0,0,0,0,0,0,0,0,0,0,0,0,0,0,0,0,9,0,0,0,0,0,0,0,0,0,0,0,0,0,0,0,0,0,0,0,0,0,0,0,0,0,12,0,64,0,0,0,0,0,0,0,0,0,0,0,0,0,70,0,0,0,12,0,45,0,88,15,369,0,38,0,163,0,26,0,88,0,0,0,0,0,0,0,0,0,0,0,0,0,0,0,0,0,0,0,0,0,0,0,5,0,0,0,0,109,0,0,0,452,232,285,0,0,0,0
57,0,44,2,165,0,6,0,23,0,127,0,0,162,21,21,0,0,128,510,121,91,0,0,0,0,187,446,0,0,0,9,5,0,391,74,41,42,0,0,111,49,64,83,49,0,134,78,10,0,298,119,0,0,0,0,0,0,0,0,0,0,0,0,0,0,0,0,0,0,0,0,0,0,0,0,0,0,0,0,0,0,0,0,0,0,0,0,0,0,0,0,0,0,0,0,0,0,0,0,0,0,0,0,0,0,0,0,0,0,0,0,0,0,0,0,0,0,0,0,0,0,0,0,0,0,0,0,0,0,0,0,0,0,0,0,0,0,0,0,0,0,0,0,0,0,0,0,0,0,0,0,0,0,0,0,0,0,0,0,0,0,0,0,70,0,48,1,0,0,0,0,0,0,0,0,150,139,124,0,40,0,25,0,14,0,301,9,0,0,0,0,0,0,0,0,0,0,0,0,0,0,0,0,0,0,0,0,0,0,140,138,242,0,20,0,0,0,3,0,0,0,0,0,0
0,76,0,0,0,171,0,0,0,9,0,255,162,0,100,0,0,0,401,66,133,131,0,0,0,0,124,197,0,0,0,0,0,0,0,503,0,38,0,0,0,176,0,166,0,38,0,96,0,25,49,254,0,0,0,0,0,0,0,0,0,0,0,0,0,0,0,0,0,0,0,0,0,0,0,0,0,0,0,0,0,0,0,0,0,0,0,0,0,0,0,0,0,0,0,0,0,0,0,0,0,0,0,0,0,0,0,0,0,0,0,0,0,0,0,1,0,0,0,0,0,0,0,0,0,0,0,0,0,0,0,0,0,0,0,0,0,0,0,0,0,0,0,0,0,0,0,0,0,0,0,9,0,26,0,0,0,0,0,0,0,0,0,0,0,0,0,6,0,0,0,0,0,0,0,29,13,467,0,21,0,93,0,13,0,12,18,107,0,0,0,0,0,0,0,0,0,0,0,0,0,0,0,0,0,0,0,0,0,3,0,4,0,0,0,0,0,0,0,310,217,0,1,0,2
39,23,155,126,131,428,5,0,19,0,48,251,21,100,0,437,69,0,103,413,167,153,445,164,100,0,35,0,0,0,260,0,41,111,176,84,47,106,0,0,19,0,5,0,0,0,16,0,0,0,15,0,35,0,20,1,0,0,0,0,0,0,6,0,0,0,1,0,0,0,0,0,0,0,0,0,0,0,0,0,0,0,0,0,0,0,0,0,0,0,0,0,0,0,0,0,0,0,0,0,0,0,0,0,0,0,0,0,0,0,0,0,0,0,0,0,0,0,0,0,16,0,0,0,8,0,0,0,0,0,0,0,0,0,67,0,130,0,0,0,0,0,0,0,2,0,30,0,52,0,40,0,82,0,20,0,0,0,0,0,0,0,10,0,26,0,133,12,168,0,0,0,82,0,0,0,382,212,63,0,74,0,50,0,72,0,4,0,0,0,0,0,0,0,0,0,0,0,0,0,0,0,0,0,0,0,18,0,0,0,234,206,136,0,40,0,0,0,0,0,0,0,0,0,0
50,144,107,268,100,313,0,20,0,27,54,72,21,0,437,0,20,46,0,195,101,185,173,158,0,54,0,37,0,17,34,41,0,25,0,58,0,62,0,0,0,0,0,10,0,0,0,0,0,0,0,24,0,13,0,93,0,101,0,0,0,0,0,16,0,0,0,0,0,0,0,0,0,0,0,0,0,0,0,0,0,158,0,0,0,141,0,61,0,0,0,0,0,0,0,0,0,25,0,110,0,23,0,0,0,0,0,0,0,0,0,0,0,0,0,0,0,0,0,0,0,27,0,0,0,0,0,0,0,0,0,0,0,0,0,365,0,285,0,45,0,0,0,239,0,9,0,0,0,0,0,42,0,0,0,50,0,0,0,0,0,0,0,0,0,0,0,46,0,0,0,0,0,27,0,0,30,281,0,23,6,0,0,0,0,27,0,0,0,0,0,0,0,0,0,0,0,0,0,0,6,0,0,0,0,0,0,0,0,25,0,0,0,0,28,0,0,0,96,174,126,0,0,0,0
158,56,146,28,21,0,50,47,0,0,0,0,0,0,69,20,0,37,83,0,213,0,37,42,67,163,0,0,253,0,38,0,43,0,0,0,0,0,43,10,0,0,0,0,102,0,0,0,0,0,0,0,118,2,9,0,21,0,0,0,13,0,62,0,0,0,0,0,0,0,6,0,0,0,27,0,0,0,0,0,0,0,0,0,556,0,31,0,0,0,240,0,0,0,0,0,559,0,201,0,0,0,0,0,0,0,266,0,0,0,0,0,0,0,0,0,0,0,0,0,56,0,168,0,0,0,0,0,0,0,0,0,0,0,0,0,165,0,69,0,182,0,326,0,3,0,0,0,0,0,0,0,0,0,60,0,0,0,43,0,0,0,0,0,0,0,19,0,0,0,0,0,76,8,0,0,56,13,0,0,0,0,32,0,0,0,0,0,0,0,0,0,0,0,0,0,0,0,0,0,0,0,0,0,0,0,0,0,0,0,59,24,161,63,59,0,0,1,7,0,5,2,0,0,0
60,29,35,18,0,0,50,25,34,27,2,0,0,0,0,46,37,0,0,36,6,60,62,147,102,93,0,0,8,111,0,0,0,46,0,0,0,8,9,109,0,0,0,0,0,0,0,0,0,0,0,4,5,65,0,23,0,49,0,0,0,0,29,78,0,0,0,0,0,0,0,0,0,0,0,0,0,0,0,0,0,0,0,0,0,66,0,0,0,0,0,0,0,0,0,0,0,0,0,0,0,0,0,0,0,0,0,0,0,0,0,0,0,0,0,0,0,0,0,0,0,0,0,3,0,0,0,0,0,56,0,0,0,50,0,90,0,123,0,141,0,145,0,292,0,0,0,0,0,0,0,0,0,0,0,65,0,0,0,88,0,0,0,0,0,0,3,9,0,0,0,12,0,22,0,0,7,35,0,0,0,0,1,0,0,0,0,0,0,0,0,0,0,0,0,0,0,0,0,0,0,0,0,0,0,0,0,0,0,0,0,0,3,0,0,0,0,0,0,39,48,0,0,5,0
24,0,86,0,79,0,0,0,0,1,47,26,128,401,103,0,83,0,0,644,224,158,219,0,0,0,154,556,0,0,52,28,8,0,265,184,58,42,0,1,59,57,5,130,39,0,79,98,0,0,89,157,0,0,0,0,0,0,0,0,0,0,0,0,0,0,1,0,0,0,0,0,14,0,0,0,0,0,0,0,0,0,0,0,0,0,0,0,0,0,0,0,0,0,0,0,0,0,0,0,0,0,0,0,0,0,0,0,0,0,0,0,0,0,0,0,0,0,0,0,0,0,0,0,0,0,0,0,3,0,0,0,0,0,0,0,0,0,0,0,0,0,0,0,0,0,0,0,0,0,0,0,0,0,0,0,0,0,0,0,0,0,0,0,57,0,71,1,0,0,0,0,43,0,0,0,56,83,26,0,0,0,19,0,0,0,146,0,0,0,0,0,0,0,0,0,0,0,0,0,0,0,0,0,0,0,0,0,0,0,218,133,131,43,43,0,0,0,0,0,0,0,0,0,0
0,88,0,103,192,249,0,0,0,24,20,58,510,66,413,195,0,36,644,0,330,363,0,39,0,0,0,190,0,0,67,44,0,0,175,192,23,0,0,0,0,0,4,49,0,4,0,16,0,0,0,40,0,32,0,21,0,27,0,3,0,0,0,70,0,0,0,0,0,0,0,7,0,8,0,0,0,0,0,0,0,429,0,0,0,324,0,90,0,0,0,0,0,0,0,0,0,0,0,0,0,0,0,0,0,0,0,0,0,0,0,0,0,0,0,0,0,0,0,0,0,0,0,0,0,0,0,0,0,0,0,0,0,0,0,0,0,0,0,0,0,0,0,538,0,24,0,0,0,0,0,52,0,0,0,0,0,9,0,0,0,0,0,0,0,0,0,19,0,0,0,0,0,30,0,0,22,291,25,11,0,0,0,0,0,0,26,67,0,0,0,0,0,0,0,0,0,0,0,0,0,0,0,0,0,0,0,0,0,42,0,20,0,0,0,0,0,0,199,333,177,75,0,0,0
28,15,98,47,208,113,0,0,0,0,73,66,121,133,167,101,213,6,224,330,0,114,114,60,21,0,175,224,4,0,113,0,203,24,192,95,31,43,4,0,6,23,17,63,135,0,0,51,0,0,12,0,22,0,0,0,9,0,2,0,0,0,30,0,1,0,1,0,0,0,66,0,0,0,93,0,0,0,0,0,156,0,0,0,489,0,81,0,0,0,0,0,0,0,0,0,413,0,440,0,0,0,0,0,0,0,0,0,0,0,0,0,0,0,0,0,0,0,0,0,166,0,241,0,0,0,0,0,0,0,0,0,0,0,0,0,0,0,0,0,100,0,277,0,0,0,0,0,0,0,0,0,0,0,10,0,0,0,0,0,0,0,15,0,23,0,100,3,130,0,0,0,111,2,0,0,79,26,29,0,0,0,18,0,0,0,58,0,0,0,0,0,0,0,0,0,0,0,0,0,0,0,0,0,0,0,0,0,0,0,326,224,170,39,50,0,6,0,10,7,0,0,0,0,0
0,19,7,69,0,287,0,0,0,0,0,198,91,131,153,185,0,60,158,363,114,0,0,110,0,16,0,224,0,98,0,19,0,74,0,105,0,96,0,0,0,0,0,47,0,19,0,7,0,4,0,69,0,34,0,10,0,44,0,0,0,0,0,61,0,0,0,0,0,0,0,0,0,0,0,0,0,0,0,0,0,188,0,0,0,235,0,0,0,0,0,0,0,0,0,0,0,0,0,0,0,0,0,0,0,0,0,0,0,0,0,0,0,0,0,0,0,0,0,0,0,57,0,0,0,0,0,0,0,0,0,0,0,0,0,0,0,175,0,277,0,679,0,950,0,34,0,0,0,0,1,0,0,0,0,32,0,0,0,33,0,0,0,0,0,32,0,53,0,31,0,0,0,24,0,0,0,120,0,23,0,0,0,0,0,0,10,20,0,0,0,0,0,0,0,0,0,0,0,0,0,0,0,0,0,0,0,0,0,0,0,2,0,0,64,0,0,0,280,366,183,84,0,0,0
85,134,410,168,149,0,19,0,0,0,57,0,0,0,445,173,37,62,219,0,114,0,0,185,87,184,0,0,22,0,14,0,0,34,0,0,0,0,35,0,0,0,0,0,56,0,57,0,0,0,0,0,33,0,72,0,17,0,0,0,0,0,3,1,0,0,0,0,0,0,0,0,0,0,0,0,0,0,0,0,0,0,0,0,0,0,0,0,0,0,155,0,0,0,0,0,404,0,0,0,0,0,0,0,0,0,0,0,0,0,0,0,0,0,0,0,0,0,0,0,0,0,0,0,3,0,0,0,0,0,0,0,0,1,0,3,219,0,0,0,0,0,181,0,0,0,0,0,0,0,0,0,0,0,51,0,0,0,17,0,0,0,0,0,0,2,12,0,0,0,0,0,40,0,0,0,255,52,33,0,7,0,59,0,0,0,0,0,0,0,0,0,0,0,0,0,0,0,11,0,225,0,0,0,0,0,0,0,0,0,85,75,90,0,33,0,0,0,0,0,0,0,0,0,0
104,103,125,253,52,85,0,40,0,0,0,49,0,0,164,158,42,147,0,39,60,110,185,0,16,28,0,6,0,58,0,5,15,34,0,11,9,12,15,0,0,0,0,2,0,0,0,0,0,0,0,10,0,14,0,12,0,0,0,0,0,0,0,25,0,0,0,0,0,0,0,1,0,0,0,1,0,0,0,0,0,97,0,0,0,83,0,0,0,0,0,0,0,0,0,0,0,13,0,64,1,0,0,0,0,0,0,0,0,0,0,0,0,0,0,0,0,0,0,0,0,0,0,6,0,0,0,0,0,0,0,0,0,0,0,100,0,52,0,0,0,0,0,164,0,0,0,0,0,0,0,0,3,0,0,14,0,0,0,11,0,0,0,0,0,0,0,12,0,0,0,6,0,16,0,0,22,163,0,27,0,0,0,0,0,5,0,0,0,0,0,0,0,0,0,0,0,0,0,0,0,0,0,0,0,0,0,0,0,3,10,0,0,0,34,0,0,0,87,245,49,25,0,0,0
20,107,87,18,0,0,195,195,11,206,0,0,0,0,100,0,67,102,0,0,21,0,87,16,0,429,0,0,127,12,9,0,12,0,0,0,1,2,58,0,0,0,0,0,0,2,0,0,0,0,0,0,56,33,36,39,21,0,4,0,19,0,39,82,0,0,0,0,0,0,0,0,0,0,0,0,0,0,0,0,0,0,0,0,47,0,0,0,0,0,66,0,0,0,0,0,164,0,0,0,0,0,0,0,0,0,0,0,0,0,0,0,0,0,0,0,0,0,0,0,1,0,0,0,0,0,0,0,19,0,0,0,7,0,40,0,103,0,3,0,0,0,63,0,0,0,0,0,0,0,0,0,0,0,25,0,0,0,15,0,6,0,0,0,14,0,6,0,0,0,0,0,67,0,0,0,79,53,0,0,0,0,0,0,0,0,0,0,0,0,0,0,0,0,0,0,0,0,0,0,123,0,0,0,0,0,0,0,5,0,95,53,115,94,70,1,0,0,0,0,29,0,0,0,0
188,86,114,149,0,18,203,319,185,46,0,0,0,0,0,54,163,93,0,0,0,16,184,28,429,0,0,0,44,107,0,0,12,24,0,0,0,0,41,48,0,0,0,0,0,0,0,0,0,0,0,0,23,20,31,74,0,67,0,4,21,12,125,21,0,0,0,0,0,0,0,0,0,0,0,0,0,0,1,0,0,0,0,0,0,31,0,0,0,0,0,0,0,0,0,0,0,0,0,26,0,0,0,0,0,0,0,0,0,0,0,0,0,0,0,0,0,0,0,0,0,0,0,0,0,0,5,0,0,55,0,0,0,53,0,223,0,199,0,21,0,0,0,101,0,0,0,0,0,0,0,0,0,2,0,25,1,0,0,0,0,0,0,0,0,12,0,0,0,0,0,0,11,66,0,0,37,153,0,0,0,0,7,0,1,0,0,0,0,0,0,0,0,0,0,0,0,0,0,0,5,23,0,0,0,0,0,0,0,8,0,0,0,0,58,0,0,0,102,73,109,0,0,23,0
0,0,35,0,41,0,0,0,0,0,0,0,187,124,35,0,0,0,154,0,175,0,0,0,0,0,0,665,0,0,45,0,15,0,59,0,67,0,0,0,89,204,184,225,233,158,134,309,48,11,383,186,0,0,0,0,0,0,0,0,0,0,0,0,0,0,0,0,0,0,31,0,0,0,0,0,0,0,0,0,0,0,0,0,0,0,0,0,0,0,0,0,0,0,0,0,0,0,0,0,0,0,0,0,0,0,0,0,0,0,0,0,0,0,0,0,0,0,0,0,0,0,0,0,0,0,0,0,0,0,0,0,0,0,0,0,0,0,0,0,0,0,0,0,0,0,0,0,0,0,0,0,0,0,0,0,0,0,0,0,0,0,17,0,88,0,19,0,0,0,0,0,16,0,0,0,0,99,0,0,0,0,7,0,0,0,211,7,0,0,0,0,0,0,0,0,0,0,0,0,0,0,0,0,0,0,0,0,0,0,69,292,329,0,0,0,0,0,0,42,0,0,0,0,0
0,56,0,0,0,175,0,0,0,12,0,99,446,197,0,37,0,0,556,190,224,224,0,6,0,0,665,0,0,0,0,25,0,0,124,195,0,30,0,0,258,103,200,250,81,248,51,208,0,73,238,270,0,0,0,0,0,0,0,0,0,0,0,0,0,0,0,0,0,0,0,0,0,0,0,0,0,0,0,0,0,0,0,0,0,185,0,0,0,0,0,0,0,0,0,0,0,0,0,0,0,0,0,0,0,0,0,0,0,0,0,0,0,0,0,0,0,0,0,0,0,0,0,114,0,0,0,0,0,0,0,0,0,0,0,0,0,0,0,0,0,0,0,335,0,39,0,0,0,0,0,0,0,0,0,0,0,0,0,7,0,0,0,0,7,61,0,11,0,0,0,0,0,0,0,0,0,230,1,0,0,0,0,0,0,0,38,56,0,0,0,0,0,0,0,0,0,0,0,0,0,0,0,0,0,0,0,0,0,0,0,7,0,0,42,0,0,0,205,518,412,0,0,2,12
230,13,242,0,0,0,144,24,0,0,0,0,0,0,0,0,253,8,0,0,4,0,22,0,127,44,0,0,0,0,9,0,24,0,4,0,0,0,7,3,0,0,5,0,0,0,0,0,0,0,4,0,8,0,2,0,0,0,0,0,29,0,36,0,0,0,0,0,0,0,5,0,0,0,0,0,0,0,0,0,9,0,0,0,39,0,0,0,0,0,0,0,0,0,0,0,36,0,23,0,0,0,0,0,0,0,0,0,0,0,0,0,0,0,0,0,0,0,0,0,0,0,24,0,0,0,0,0,1,0,0,0,0,0,0,0,0,0,59,0,39,0,47,0,16,0,0,0,0,0,0,0,0,0,8,0,4,0,5,0,0,0,3,0,0,0,0,0,0,0,0,0,3,0,0,0,46,0,0,0,0,0,37,0,0,0,0,0,0,0,0,0,0,0,0,0,0,0,0,0,0,0,0,0,0,0,0,0,0,0,0,34,0,0,0,0,0,0,0,0,0,0,0,0,0
9,86,0,60,0,23,3,186,4,51,0,0,0,0,0,17,0,111,0,0,0,98,0,58,12,107,0,0,0,0,0,10,0,64,0,11,0,12,0,29,0,0,0,0,0,0,0,0,0,0,0,0,0,49,0,52,0,14,0,1,0,21,0,43,0,0,0,0,0,0,0,0,0,0,0,0,0,0,0,0,0,0,0,0,0,0,0,0,0,0,0,0,0,0,0,0,0,0,0,0,0,2,0,0,0,0,0,0,0,0,0,0,0,0,0,0,0,0,0,0,0,0,0,0,0,0,0,3,0,59,0,0,0,27,0,82,0,86,0,203,0,206,0,159,0,6,0,0,0,0,0,0,0,0,0,18,0,2,0,29,0,5,0,0,0,0,0,0,0,0,0,0,0,4,0,0,0,22,0,4,0,0,0,0,0,0,0,0,0,0,0,0,0,0,0,0,0,0,0,0,0,0,0,0,0,0,0,0,0,0,0,0,0,0,0,0,0,0,0,37,2,0,0,0,0
62,0,109,22,270,32,0,0,0,0,93,0,0,0,260,34,38,0,52,67,113,0,14,0,9,0,45,0,9,0,0,0,22,0,131,15,46,0,1,0,0,0,103,0,16,0,0,0,0,0,56,0,7,0,2,0,0,0,0,0,0,0,27,1,0,0,0,0,0,0,30,0,0,0,18,0,0,0,0,0,0,0,0,0,0,0,0,0,0,0,0,0,0,0,0,0,0,0,0,0,0,0,0,0,0,0,0,0,0,0,0,0,0,0,0,0,0,0,0,0,46,0,62,0,0,0,0,0,0,0,0,0,0,0,0,0,0,0,52,0,58,0,94,0,29,0,0,0,0,0,0,0,0,0,4,0,0,0,0,0,0,0,0,0,0,0,38,0,0,0,0,0,23,0,0,0,49,15,30,0,0,0,0,0,0,0,2,0,0,0,0,0,0,0,0,0,0,0,0,0,0,0,0,0,0,0,0,0,0,0,89,115,37,11,0,0,0,0,0,0,0,1,0,0,0
0,0,0,37,0,123,0,0,0,0,0,120,9,0,0,41,0,0,28,44,0,19,0,5,0,0,0,25,0,10,0,0,0,1,0,0,0,22,0,4,0,0,0,0,0,0,0,0,0,0,0,1,0,0,0,0,0,10,0,0,0,0,0,0,1,0,0,1,0,0,0,0,0,0,0,0,0,0,0,0,0,0,0,0,0,25,0,0,0,0,0,0,0,0,0,0,0,0,0,0,0,0,0,0,0,0,0,0,0,0,0,0,0,0,0,0,0,0,0,0,0,0,0,0,0,0,0,0,0,0,0,0,0,0,0,0,0,0,0,42,0,79,0,133,0,0,0,0,0,0,0,0,0,0,0,0,0,0,0,0,0,0,0,1,0,8,1,14,0,0,0,0,0,0,0,0,0,72,0,23,0,0,0,0,0,0,0,0,0,0,0,0,0,0,0,0,0,0,0,0,0,0,0,0,0,0,0,0,0,0,0,3,0,0,0,0,0,0,65,69,39,0,0,0,0
102,0,163,0,228,0,0,0,0,0,157,0,5,0,41,0,43,0,8,0,203,0,0,15,12,12,15,0,24,0,22,0,0,0,55,0,239,0,2,0,0,0,43,0,23,0,0,0,0,0,14,0,4,0,2,0,0,0,0,0,4,0,22,0,3,0,0,0,0,0,39,0,0,0,28,0,0,0,0,0,0,0,0,0,95,0,0,0,0,0,0,0,0,0,0,0,0,0,88,0,0,0,0,0,0,0,0,0,0,0,0,0,0,0,0,0,0,0,0,0,61,0,79,0,0,0,0,0,0,0,0,0,0,0,0,0,0,0,98,0,98,0,79,0,61,0,0,0,0,0,0,0,0,0,13,0,12,0,0,0,4,0,0,0,0,0,37,0,0,0,0,0,19,0,0,0,50,0,47,0,0,0,30,0,0,0,0,0,0,0,0,0,0,0,0,0,0,0,0,0,0,0,0,0,0,0,0,0,0,0,76,147,48,0,11,0,0,0,0,0,0,0,0,0,0
0,257,29,232,0,233,0,102,0,0,0,260,0,0,111,25,0,46,0,0,24,74,34,34,0,24,0,0,0,64,0,1,0,0,0,1,0,109,0,3,0,0,0,0,0,0,0,0,0,2,0,0,0,4,0,0,0,0,0,0,0,0,0,7,0,4,0,0,0,0,0,0,0,0,0,0,0,0,0,0,0,46,0,0,0,38,0,0,0,0,0,0,0,0,0,0,0,0,0,0,0,0,0,0,0,0,0,0,0,0,0,0,0,0,0,0,0,0,0,0,0,0,0,0,0,0,0,0,0,0,0,0,0,0,0,0,0,0,0,31,0,37,0,92,0,9,0,0,0,0,0,0,0,0,0,0,0,0,0,5,0,0,0,0,0,0,0,40,0,0,0,2,0,17,0,0,13,277,0,82,0,0,0,0,0,22,0,0,0,0,0,0,0,0,0,0,0,0,0,0,0,0,0,0,0,0,0,3,0,8,0,0,0,0,16,0,0,0,38,242,56,0,0,0,0
0,0,0,0,315,0,0,0,0,0,30,14,391,0,176,0,0,0,265,175,192,0,0,0,0,0,59,124,4,0,131,0,55,0,0,0,206,13,0,0,0,0,57,40,22,0,0,21,8,0,146,0,0,0,0,0,0,0,0,0,1,0,1,0,0,0,0,0,0,0,0,0,0,0,17,0,0,0,5,0,0,0,0,0,0,0,0,0,0,0,0,0,0,0,0,0,0,0,0,0,0,0,0,0,0,0,0,0,0,0,0,0,0,0,0,0,0,0,0,0,0,0,0,0,0,0,0,0,0,0,0,0,0,0,0,0,0,0,0,0,0,0,0,0,8,0,0,0,0,0,0,0,0,0,0,0,0,0,0,0,0,0,0,0,54,0,87,0,59,0,8,0,29,0,0,0,0,17,70,0,0,0,0,0,0,0,86,0,0,0,0,0,0,0,0,0,0,0,0,0,0,0,0,0,0,0,0,0,0,0,85,142,147,0,15,0,0,0,0,0,0,0,0,0,0
0,29,0,0,0,172,0,0,0,0,0,260,74,503,84,58,0,0,184,192,95,105,0,11,0,0,0,195,0,11,15,0,0,1,0,0,0,182,0,2,0,4,0,41,0,19,0,0,0,4,22,64,0,0,0,0,0,0,0,0,0,7,0,0,0,0,0,0,0,0,0,0,0,0,0,0,0,0,0,0,0,0,0,0,0,0,0,0,0,0,0,0,0,0,0,0,0,0,0,0,0,0,0,0,0,0,0,0,0,0,0,0,0,0,0,0,0,0,0,0,0,0,0,0,0,0,0,0,0,0,0,0,0,0,0,0,0,0,0,44,0,121,0,240,0,18,0,0,0,0,0,0,0,0,0,9,0,0,0,0,0,0,0,0,0,35,0,62,0,25,0,0,0,32,0,0,0,149,0,14,0,0,0,0,0,0,8,61,0,0,0,0,0,0,0,0,0,0,0,0,0,0,0,0,0,0,0,0,0,0,0,0,0,0,0,0,0,0,63,153,159,33,0,0,0
49,0,0,10,181,0,0,0,0,0,132,0,41,0,47,0,0,0,58,23,31,0,0,9,1,0,67,0,0,0,46,0,239,0,206,0,0,0,45,0,0,0,25,0,61,0,0,0,9,0,51,0,1,0,1,0,0,0,0,0,7,0,7,0,0,0,0,0,0,0,96,0,15,0,92,0,0,0,0,0,101,0,0,0,77,0,70,0,0,0,0,0,0,0,58,0,0,0,214,0,0,0,0,0,0,0,0,0,0,0,0,0,0,0,0,0,0,0,0,0,161,0,96,0,0,0,0,0,0,0,0,0,0,0,0,0,0,0,121,0,128,0,112,0,182,0,0,0,0,0,0,0,0,0,13,0,23,0,15,0,0,0,57,0,28,0,49,2,53,0,0,0,49,0,0,0,36,6,51,0,0,0,19,0,0,0,9,0,0,0,0,0,0,0,0,0,0,0,3,0,0,0,0,0,0,0,0,0,0,0,49,83,95,17,18,0,0,0,0,0,0,0,0,0,0
0,247,0,142,23,0,0,0,0,18,0,225,42,38,106,62,0,8,42,0,43,96,0,12,2,0,0,30,0,12,0,22,0,109,13,182,0,0,0,23,0,2,0,79,0,7,0,0,0,4,0,32,0,0,0,0,0,12,0,0,0,34,0,4,0,0,0,0,0,0,0,0,0,0,0,0,0,0,0,0,0,0,0,0,1,0,0,0,0,0,0,0,0,0,0,0,0,0,0,0,0,0,0,0,0,0,0,0,0,0,0,0,0,0,0,0,0,0,0,0,0,0,0,14,0,0,0,0,0,0,0,0,0,0,0,0,0,0,0,116,0,242,0,223,0,73,0,0,0,0,0,0,0,0,0,0,0,25,0,9,0,0,0,0,0,13,0,23,0,46,0,8,0,62,0,0,0,148,0,54,0,0,0,6,0,0,2,21,0,0,0,0,0,0,0,0,0,0,0,0,2,0,0,0,0,0,0,0,0,0,0,0,0,0,0,0,0,0,28,255,97,29,0,0,0
422,0,218,14,67,0,155,11,95,0,70,0,0,0,0,0,43,9,0,0,4,0,35,15,58,41,0,0,7,0,1,0,2,0,0,0,45,0,0,0,0,0,0,0,15,0,0,0,0,0,0,0,5,0,0,0,2,0,0,0,12,0,17,0,0,0,0,0,0,0,6,0,0,0,0,0,0,0,0,0,6,0,0,0,0,0,0,0,0,0,0,0,0,0,0,0,0,0,0,0,0,0,0,0,0,0,0,0,0,0,0,0,0,0,0,0,0,0,0,0,0,0,0,0,0,0,0,0,0,0,0,0,0,0,0,0,13,0,38,0,0,0,19,0,25,0,0,0,0,0,0,0,0,0,28,0,27,0,3,0,0,0,10,0,0,0,44,0,0,0,13,0,33,0,0,0,51,12,0,0,0,0,81,0,0,0,0,0,0,0,0,0,0,0,0,0,0,0,0,0,0,0,0,0,0,0,0,0,0,0,14,124,22,0,0,0,0,0,0,0,2,0,0,2,0
0,359,0,0,0,0,0,268,0,112,0,11,0,0,0,0,10,109,1,0,0,0,0,0,0,48,0,0,3,29,0,4,0,3,0,2,0,23,0,0,0,0,0,0,0,0,0,0,0,0,0,2,0,4,0,28,0,4,0,0,0,33,0,25,0,0,0,0,0,0,0,0,0,0,0,0,0,0,0,0,0,0,0,0,0,0,0,0,0,0,0,0,0,0,0,0,0,0,0,0,0,0,0,0,0,0,0,0,0,0,0,0,0,0,0,0,0,0,0,0,0,0,0,0,0,0,0,0,0,0,0,0,0,0,0,0,0,0,0,68,0,47,0,0,0,30,0,0,0,1,0,0,0,0,0,3,0,12,0,10,0,0,0,0,0,0,0,7,0,0,0,0,0,15,0,0,0,102,0,20,0,14,0,15,0,25,0,0,0,0,0,0,0,0,0,0,0,0,0,0,0,0,0,0,0,0,0,0,0,0,0,0,0,0,0,0,0,0,9,399,8,8,0,0,0
7,0,0,0,117,0,0,0,0,0,35,0,111,0,19,0,0,0,59,0,6,0,0,0,0,0,89,258,0,0,0,0,0,0,0,0,0,0,0,0,0,97,121,101,120,129,76,161,48,21,68,105,0,0,0,0,0,0,0,0,0,0,0,0,0,0,0,0,0,0,2,0,1,0,0,0,0,0,0,0,0,0,0,0,0,0,0,0,0,0,0,0,0,0,0,0,0,0,0,0,0,0,0,0,0,0,0,0,0,0,0,0,0,0,0,0,0,0,0,0,0,0,0,0,0,0,0,0,0,0,0,0,0,0,0,0,0,0,0,0,0,0,0,0,0,0,0,0,0,0,0,0,0,0,0,0,0,0,0,0,0,0,0,0,0,0,0,0,0,0,0,0,0,0,0,0,32,74,109,0,0,0,24,0,12,0,202,0,0,0,0,0,0,0,0,0,0,0,0,0,0,0,0,0,0,0,0,0,0,0,0,133,61,0,0,0,0,6,0,54,10,0,0,0,0
0,0,0,0,0,25,0,0,0,0,0,57,49,176,0,0,0,0,57,0,23,0,0,0,0,0,204,103,0,0,0,0,0,0,0,4,0,2,0,0,97,0,90,117,41,142,0,107,6,22,45,66,0,0,0,0,0,0,0,0,0,0,0,0,0,0,0,0,0,0,0,0,0,0,0,0,0,0,0,0,0,0,0,0,0,0,0,0,0,0,0,0,0,0,0,0,0,0,0,0,0,0,0,0,0,0,0,0,0,0,0,0,0,0,0,0,0,0,0,0,0,0,0,0,0,0,0,0,0,0,0,0,0,0,0,0,0,0,0,0,0,0,0,0,0,0,0,0,0,0,0,0,0,9,0,0,0,0,0,0,0,0,0,0,0,0,0,0,0,0,0,0,0,0,0,0,0,219,0,18,0,25,0,0,0,0,13,9,0,0,0,0,0,0,0,0,0,0,0,0,0,0,0,0,0,0,0,0,0,0,0,3,0,0,0,0,0,0,0,56,0,0,0,0,37
2,0,0,0,0,0,0,0,0,0,0,0,64,0,5,0,0,0,5,4,17,0,0,0,0,0,184,200,5,0,103,0,43,0,57,0,25,0,0,0,121,90,0,85,142,0,42,129,48,0,77,0,0,0,0,0,0,0,0,0,0,0,0,0,0,0,0,0,0,0,0,0,0,0,0,0,0,0,0,0,0,0,0,0,0,0,0,0,0,0,0,0,0,0,0,0,0,0,0,0,0,0,0,0,0,0,0,0,0,0,0,0,0,0,0,0,0,0,0,0,0,0,0,0,0,0,0,0,0,0,0,0,0,0,0,0,0,0,0,0,0,0,0,0,0,0,0,0,0,0,0,0,0,0,0,0,1,0,0,0,0,0,0,0,12,0,23,0,0,0,5,0,6,0,0,0,0,78,13,0,3,0,0,0,0,0,253,0,0,0,0,0,0,0,0,0,0,0,0,0,0,0,0,0,0,0,0,0,0,0,0,131,78,0,0,0,0,1,0,13,0,0,0,0,0
0,9,0,0,0,18,0,4,0,0,0,16,83,166,0,10,0,0,130,49,63,47,0,2,0,0,225,250,0,0,0,0,0,0,40,41,0,79,0,0,101,117,85,0,31,145,0,137,0,74,76,84,0,0,0,0,0,57,0,0,0,0,0,0,0,0,0,0,0,0,0,0,0,0,0,0,0,0,0,0,0,0,0,0,0,0,0,0,0,0,0,0,0,2,0,0,0,0,0,0,0,0,0,0,0,0,0,0,0,0,0,0,0,0,0,0,0,0,0,0,0,25,0,0,0,0,0,0,0,0,0,0,0,0,0,6,0,0,0,0,0,0,0,134,0,23,0,0,0,0,0,0,0,0,0,0,0,0,0,0,0,0,0,6,0,42,0,30,0,19,0,11,0,12,0,0,0,66,0,0,0,0,0,0,0,0,17,14,0,0,0,0,0,0,0,0,0,0,0,0,0,0,0,0,0,0,0,0,0,0,0,3,0,0,14,0,0,0,34,215,161,15,0,0,3
0,0,0,0,0,0,4,0,0,0,28,0,49,0,0,0,102,0,39,0,135,0,56,0,0,0,233,81,0,0,16,0,23,0,22,0,61,0,15,0,120,41,142,31,0,128,223,70,148,38,135,0,0,0,0,0,0,0,0,0,0,0,0,0,0,0,1,0,0,0,99,0,30,0,150,0,0,0,0,0,193,0,0,0,261,0,120,0,0,0,0,0,0,0,0,0,0,0,551,0,225,0,0,0,0,0,0,0,0,0,0,0,0,0,0,0,0,0,0,0,185,0,0,0,2,0,0,0,0,0,0,0,0,0,0,0,0,0,0,0,0,0,0,0,0,0,0,0,0,0,0,0,0,0,0,0,0,0,0,0,0,0,76,0,69,0,98,1,94,0,24,0,49,0,0,0,0,59,21,0,0,0,0,0,0,0,103,0,0,0,0,0,0,0,0,0,0,0,0,0,0,0,0,0,0,0,0,0,0,0,93,192,153,0,21,0,0,25,0,70,0,0,0,0,4
0,0,0,0,0,4,0,13,0,6,0,6,0,38,0,0,0,0,0,4,0,19,0,0,2,0,158,248,0,0,0,0,0,0,0,19,0,7,0,0,129,142,0,145,128,0,48,197,34,197,0,77,0,0,0,20,0,30,0,16,0,0,0,1,0,0,0,0,0,0,0,9,0,0,0,0,0,11,0,0,0,52,0,51,0,0,0,0,0,0,0,0,0,14,0,49,0,0,0,0,0,0,0,0,0,0,0,10,0,0,0,0,0,0,0,0,0,1,0,1,0,0,0,32,0,0,0,0,0,0,0,0,0,0,0,0,0,0,0,0,0,0,0,109,0,19,0,0,0,0,0,0,0,0,0,0,0,0,0,0,0,0,0,9,0,83,0,11,0,136,0,0,0,12,0,0,0,107,0,0,0,0,0,0,0,0,45,5,0,0,0,0,0,0,0,0,0,0,0,0,0,0,0,0,0,0,0,0,0,0,0,0,0,0,12,0,0,0,62,320,279,37,1,0,97
0,0,0,5,74,0,0,0,0,0,51,0,134,0,16,0,0,0,79,0,0,0,57,0,0,0,134,51,0,0,0,0,0,0,0,0,0,0,0,0,76,0,42,0,223,48,0,31,105,22,0,0,5,0,0,0,0,0,0,0,0,0,0,0,0,0,0,0,0,0,6,0,0,0,8,0,0,0,0,0,25,0,0,0,0,0,0,0,0,0,0,0,0,0,0,0,0,0,0,0,0,0,0,0,0,0,0,0,0,0,0,0,0,0,0,0,0,0,0,0,0,0,0,0,0,0,0,0,0,0,0,0,0,0,0,0,0,0,0,0,0,0,0,0,0,0,0,0,0,0,0,0,0,0,0,0,0,0,0,0,0,0,0,0,23,0,0,0,0,0,2,0,0,0,24,0,0,24,77,0,30,0,36,0,0,0,47,0,0,0,0,0,0,0,0,0,0,0,0,0,0,0,0,0,0,0,0,0,3,0,55,156,32,5,0,0,0,20,0,15,0,0,0,0,0
0,16,0,0,0,31,0,0,0,0,0,33,78,96,0,0,0,0,98,16,51,7,0,0,0,0,309,208,0,0,0,0,0,0,21,0,0,0,0,0,161,107,129,137,70,197,31,0,0,58,94,94,0,0,0,0,0,0,0,0,0,0,0,0,0,0,0,0,0,1,0,0,0,0,0,0,0,0,0,0,0,0,0,0,0,0,0,0,0,0,0,0,0,0,0,0,0,0,0,0,0,0,0,0,0,0,0,0,0,0,0,0,0,0,0,0,0,0,0,0,0,0,0,0,0,0,0,0,0,0,0,0,0,0,0,0,0,0,0,0,0,0,0,0,0,0,0,0,0,0,0,0,0,0,0,0,0,0,0,0,0,0,0,0,4,0,0,2,0,0,0,0,0,0,0,0,0,122,0,1,0,0,0,0,0,0,28,20,0,0,0,0,0,0,0,0,0,0,0,0,0,0,0,0,0,0,0,0,0,0,0,0,0,0,0,0,0,0,0,367,86,0,0,0,43
8,0,0,0,13,0,57,0,0,0,2,0,10,0,0,0,0,0,0,0,0,0,0,0,0,0,48,0,0,0,0,0,0,0,8,0,9,0,0,0,48,6,48,0,148,34,105,0,0,25,15,0,0,0,27,0,118,0,70,0,14,0,8,0,0,0,0,0,26,0,0,0,0,0,8,0,9,0,19,0,18,0,56,0,0,0,62,0,14,0,19,0,20,0,75,0,0,0,28,0,43,0,72,0,25,0,15,0,4,0,0,0,0,0,0,0,0,0,0,0,0,0,0,0,0,0,0,0,11,0,0,0,0,0,0,0,25,0,3,3,0,0,0,0,0,0,6,0,0,0,11,0,0,0,0,0,0,0,0,0,58,0,18,0,60,0,10,0,81,0,4,0,12,0,0,0,27,30,5,0,0,3,8,0,0,0,15,0,0,0,0,0,0,0,22,0,0,0,0,0,27,0,85,0,0,0,0,0,33,0,55,123,156,10,72,13,9,6,0,23,5,0,0,0,2
0,0,0,0,0,4,0,2,1,0,0,6,0,25,0,0,0,0,0,0,0,4,0,0,0,0,11,73,0,0,0,0,0,2,0,4,0,4,0,0,21,22,0,74,38,197,22,58,25,0,4,23,0,0,0,1,0,0,0,4,0,0,0,0,0,0,0,1,0,22,0,0,0,0,0,0,0,13,0,0,0,14,0,47,0,0,0,5,0,0,0,0,0,23,0,24,0,13,0,8,0,0,0,15,0,0,0,9,0,0,0,0,0,4,0,0,0,0,0,0,0,0,0,0,0,0,0,1,0,1,0,3,0,0,0,0,0,3,0,0,0,0,0,0,0,0,0,1,0,0,0,4,0,0,0,0,0,0,0,0,0,0,0,1,0,80,0,0,0,73,0,0,0,0,0,6,0,28,0,0,0,14,0,0,0,2,25,6,0,0,0,0,0,0,0,19,0,0,0,0,0,8,0,7,0,0,0,5,0,0,0,0,1,0,5,0,0,0,9,8,21,0,0,0,8
0,0,0,0,26,0,0,0,0,0,0,0,298,49,15,0,0,0,89,0,12,0,0,0,0,0,383,238,4,0,56,0,14,0,146,22,51,0,0,0,68,45,77,76,135,0,0,94,15,4,0,67,0,0,0,0,0,0,0,0,0,0,2,0,0,0,0,0,0,0,8,0,5,0,0,0,4,0,6,0,0,0,0,0,0,0,0,0,0,0,0,0,0,0,18,0,0,0,24,0,0,0,0,0,0,0,0,0,0,0,0,0,0,0,0,0,0,0,0,0,7,0,0,0,0,0,0,0,0,0,0,0,0,0,2,0,0,0,0,0,9,0,0,0,0,0,0,0,0,0,0,0,0,0,0,0,0,0,0,0,5,0,10,0,47,0,15,0,58,0,7,0,21,0,2,0,0,36,0,0,0,0,0,0,0,0,188,0,0,0,0,0,0,0,8,0,0,0,0,0,8,0,0,0,0,0,0,0,0,0,23,95,122,21,10,0,0,2,0,0,0,0,0,0,0
0,0,0,10,0,0,0,12,0,0,0,30,119,254,0,24,0,4,157,40,0,69,0,10,0,0,186,270,0,0,0,1,0,0,0,64,0,32,0,2,105,66,0,84,0,77,0,94,0,23,67,0,0,0,0,0,0,56,0,0,0,3,0,0,0,0,0,5,0,5,0,0,0,0,0,4,0,0,0,0,0,0,0,0,0,0,0,0,0,0,0,0,0,0,0,0,0,0,0,0,0,0,0,0,0,0,0,0,0,0,0,0,0,0,0,0,0,0,0,0,0,0,0,15,0,0,0,0,0,0,0,0,0,0,0,0,0,0,0,0,0,0,0,0,0,22,0,1,0,0,0,0,0,0,0,0,0,0,0,0,0,0,0,5,0,33,0,24,0,48,0,25,0,52,0,0,0,62,0,0,0,0,0,4,0,4,13,0,0,0,0,0,0,0,0,0,0,0,0,0,0,0,0,0,0,0,0,0,0,0,0,0,0,0,0,0,0,0,52,119,102,34,1,0,3
3,0,9,0,0,0,66,8,148,73,0,0,0,0,35,0,118,5,0,0,22,0,33,0,56,23,0,0,8,0,7,0,4,0,0,0,1,0,5,0,0,0,0,0,0,0,5,0,0,0,0,0,0,141,74,193,71,59,72,62,13,0,94,32,0,0,33,154,0,0,0,0,0,0,0,0,0,0,0,0,0,0,0,0,144,0,0,0,0,0,0,0,0,0,0,0,143,0,0,0,0,0,0,0,0,0,0,0,0,0,0,0,0,0,0,0,0,0,0,0,0,0,16,0,0,0,0,0,33,0,0,0,17,0,0,0,144,0,83,0,91,0,188,0,2,1,0,0,0,0,0,1,0,0,181,4,73,4,74,0,28,0,38,0,0,0,0,0,17,0,72,0,9,0,0,0,72,7,0,0,0,0,10,0,18,19,0,0,0,0,0,0,0,0,0,0,0,0,0,0,15,0,0,0,0,0,0,0,0,0,33,152,133,0,17,1,0,0,14,0,19,18,0,0,0
0,0,0,0,0,0,0,9,62,157,0,0,0,0,0,13,2,65,0,32,0,34,0,14,33,20,0,0,0,49,0,0,0,4,0,0,0,0,0,4,0,0,0,0,0,0,0,0,0,0,0,0,141,0,166,136,22,151,94,79,0,13,41,65,0,0,73,115,0,1,0,0,0,0,0,0,0,0,0,0,0,0,0,0,0,8,0,0,0,0,0,0,0,0,0,0,0,0,0,7,0,0,0,0,0,0,0,0,0,0,0,0,0,0,0,0,0,0,0,0,0,0,0,0,0,0,0,0,0,30,0,0,0,23,0,32,0,45,0,91,0,18,0,36,0,6,0,0,0,0,0,0,0,0,2,185,0,28,0,76,0,3,0,0,0,0,0,0,0,3,0,7,0,0,0,0,10,53,0,0,0,3,0,27,14,56,0,0,0,0,0,0,0,0,0,0,0,0,0,0,0,0,0,0,0,0,0,0,0,0,0,5,9,0,0,0,2,0,11,79,22,24,0,0,0
0,0,27,0,0,0,70,0,17,79,0,0,0,0,20,0,9,0,0,0,0,0,72,0,36,31,0,0,2,0,2,0,2,0,0,0,1,0,0,0,0,0,0,0,0,0,0,0,27,0,0,0,74,166,0,217,62,32,242,58,7,0,21,53,0,0,0,87,3,0,0,0,0,2,0,0,0,0,0,0,0,0,0,0,0,0,0,0,0,0,0,0,0,0,0,0,0,0,0,0,0,0,0,0,0,0,0,0,0,0,0,0,0,0,0,0,0,0,0,0,0,0,0,0,0,0,0,0,63,0,0,0,0,0,52,0,137,2,0,0,0,0,0,0,0,0,0,0,0,0,0,0,0,0,46,0,8,0,13,0,71,0,0,0,0,0,0,0,29,0,132,0,26,0,0,0,61,23,0,0,0,0,8,0,0,23,0,0,0,0,0,0,0,0,0,0,0,0,0,2,0,0,0,0,0,0,0,0,0,0,100,22,185,0,110,0,0,0,0,0,0,0,0,0,0
0,0,0,30,0,0,0,41,173,58,0,0,0,0,1,93,0,23,0,21,0,10,0,12,39,74,0,0,0,52,0,0,0,0,0,0,0,0,0,28,0,0,0,0,0,20,0,0,0,1,0,0,193,136,217,0,13,120,0,50,0,38,92,84,0,0,47,16,0,0,0,0,0,0,0,0,0,0,0,0,1,0,0,0,0,0,0,0,0,0,0,0,0,0,0,0,0,0,0,0,0,0,0,0,0,0,0,0,0,1,0,0,0,0,0,0,0,0,0,0,0,0,0,0,0,0,0,0,0,21,0,0,0,45,0,0,0,73,0,23,0,19,0,19,0,0,0,0,0,0,0,11,0,0,0,76,0,0,0,28,0,73,0,0,0,0,0,0,0,123,0,141,0,106,0,0,45,41,0,0,0,0,0,0,20,42,0,0,0,0,0,0,0,0,0,0,0,0,0,0,0,0,0,0,0,0,0,0,0,32,0,0,0,0,263,0,2,0,387,44,393,385,0,138,0
0,0,26,0,0,0,18,0,5,0,0,0,0,0,0,0,21,0,0,0,9,0,17,0,21,0,0,0,0,0,0,0,0,0,0,0,0,0,2,0,0,0,0,0,0,0,0,0,118,0,0,0,71,22,62,13,0,51,242,45,0,0,10,0,218,55,276,100,8,0,0,0,0,0,0,0,0,0,0,0,0,2,0,0,0,0,0,0,0,0,0,0,0,0,0,0,0,0,0,0,0,0,0,0,0,0,0,0,0,0,0,0,0,0,0,0,0,0,0,0,0,0,0,0,9,0,2,0,52,0,39,0,20,0,41,0,21,0,5,10,0,0,25,0,5,0,0,0,5,0,0,0,0,0,70,27,26,0,35,0,336,25,96,0,8,0,0,0,48,0,171,0,0,0,3,0,0,0,0,0,0,0,0,0,24,0,0,0,0,0,0,0,0,0,0,0,0,0,0,0,26,0,0,0,0,0,0,0,4,0,390,93,602,743,732,0,213,0,0,6,0,0,0,0,0
0,11,0,22,0,0,0,0,0,22,0,0,0,0,0,101,0,49,0,27,0,44,0,0,0,67,0,0,0,14,0,10,0,0,0,0,0,12,0,4,0,0,0,57,0,30,0,0,0,0,0,56,59,151,32,120,51,0,47,122,0,0,0,11,47,83,123,87,0,0,0,0,0,0,0,0,0,7,0,0,0,0,0,0,0,0,0,0,0,0,0,0,0,0,0,0,0,0,0,0,0,0,0,0,0,0,0,0,0,0,0,0,0,0,0,0,0,0,0,0,0,0,0,0,0,26,0,1,0,24,0,0,0,24,0,0,0,39,0,35,4,17,0,24,0,15,0,0,0,0,0,0,0,0,37,183,3,54,16,121,22,181,0,0,0,91,0,0,0,179,0,346,0,0,0,0,0,0,0,0,0,0,0,0,17,14,0,0,0,0,0,0,0,0,0,2,0,0,0,0,0,0,0,0,0,0,0,0,0,0,0,0,0,0,483,0,0,0,579,99,685,621,139,183,0
0,0,3,0,0,0,0,0,21,0,0,0,0,0,0,0,0,0,0,0,2,0,0,0,4,0,0,0,0,0,0,0,0,0,0,0,0,0,0,0,0,0,0,0,0,0,0,0,70,0,0,0,72,94,242,0,242,47,0,0,34,0,7,0,23,0,23,140,10,0,0,0,0,0,0,0,0,0,0,0,0,0,0,0,0,0,0,0,0,0,0,0,0,0,0,0,0,0,0,0,0,0,0,0,0,0,0,0,0,0,0,0,0,0,0,0,0,0,0,0,0,0,0,0,7,0,0,0,20,0,13,0,7,1,0,0,21,0,0,0,0,0,20,0,0,0,0,0,1,0,0,0,2,0,0,17,27,0,0,0,98,0,22,0,5,0,0,0,63,0,134,0,36,0,0,0,52,0,0,0,0,0,0,0,62,25,0,0,0,0,0,0,0,0,0,0,0,0,0,0,34,0,0,0,0,0,0,0,0,0,468,165,449,529,512,0,138,0,7,0,0,0,0,0,0
0,3,0,7,0,0,0,4,0,8,0,3,0,0,0,0,0,0,0,3,0,0,0,0,0,4,0,0,0,1,0,0,0,0,0,0,0,0,0,0,0,0,0,0,0,16,0,0,0,4,0,0,62,79,58,50,45,122,0,0,0,40,16,0,31,29,97,205,0,0,0,0,0,0,0,0,0,0,0,0,0,0,0,0,0,0,0,0,0,0,0,0,0,0,0,2,0,0,0,0,0,0,0,0,0,0,0,0,0,0,0,0,0,0,0,0,0,0,0,0,0,0,0,0,0,35,0,10,0,10,0,36,0,0,0,0,0,0,0,2,0,0,0,0,0,8,0,0,0,9,0,18,0,0,36,23,0,0,0,11,0,110,0,0,0,44,0,0,0,58,0,83,0,0,0,0,0,0,0,0,0,0,0,0,0,30,0,0,0,0,0,0,0,0,0,0,0,0,0,0,0,0,0,0,0,0,0,6,0,20,0,0,0,0,289,0,0,0,434,79,357,380,50,92,0
42,0,0,0,2,0,140,0,169,0,0,0,0,0,0,0,13,0,0,0,0,0,0,0,19,21,0,0,29,0,0,0,4,0,1,0,7,0,12,0,0,0,0,0,0,0,0,0,14,0,0,0,13,0,7,0,0,0,34,0,0,0,45,0,0,0,0,0,1,0,0,0,0,0,0,0,0,0,0,0,0,0,0,0,0,0,0,0,0,0,0,0,0,0,0,0,0,0,0,0,0,0,0,0,0,0,0,0,0,0,0,0,0,0,0,0,0,0,0,0,0,0,0,0,0,0,0,0,0,0,0,0,0,0,0,0,0,0,160,0,74,0,0,0,143,0,0,0,0,0,0,0,0,0,65,0,149,0,24,0,0,0,32,0,5,0,3,0,18,0,175,0,126,0,0,0,60,0,0,0,0,0,0,0,12,0,0,0,0,0,0,0,0,0,0,0,0,0,0,0,0,0,0,0,0,0,0,0,0,0,54,145,100,0,0,0,0,0,0,0,0,0,0,0,0
0,56,0,0,0,0,0,0,0,92,0,0,0,0,0,0,0,0,0,0,0,0,0,0,0,12,0,0,0,21,0,0,0,0,0,7,0,34,0,33,0,0,0,0,0,0,0,0,0,0,0,3,0,13,0,38,0,0,0,40,0,0,0,18,0,0,0,26,0,0,0,0,0,0,0,0,0,0,0,0,0,0,0,0,0,0,0,0,0,0,0,0,0,0,0,0,0,0,0,0,0,0,0,0,0,0,0,0,0,0,0,0,0,0,0,0,0,0,0,0,0,0,0,0,0,0,0,0,0,0,0,0,0,0,0,0,0,0,0,101,0,110,0,0,0,205,0,0,0,0,0,0,0,0,0,11,0,102,0,33,0,0,0,9,0,4,0,1,0,10,0,110,0,22,0,0,0,54,0,0,0,0,0,0,0,0,0,0,0,0,0,0,0,0,0,0,0,0,0,0,0,0,0,0,0,0,0,0,0,0,0,0,0,0,0,0,0,0,12,359,61,68,0,0,0
24,0,7,0,0,0,202,0,159,113,0,0,0,0,6,0,62,29,0,0,30,0,3,0,39,125,0,0,36,0,27,0,22,0,1,0,7,0,17,0,0,0,0,0,0,0,0,0,8,0,2,0,94,41,21,92,10,0,7,16,45,0,0,64,0,0,4,13,0,0,0,0,0,0,5,0,0,0,0,0,0,0,0,0,64,0,0,0,0,0,0,0,0,0,0,0,0,0,0,0,0,0,0,0,0,0,0,0,0,0,0,0,0,0,0,0,0,0,0,0,0,0,33,0,0,0,0,0,0,0,0,0,0,0,0,0,0,0,114,0,116,0,85,0,18,0,0,0,0,0,0,0,0,0,74,0,33,0,42,0,4,0,0,0,0,0,1,0,0,0,9,0,31,0,0,0,35,20,0,0,0,0,0,1,0,1,0,0,0,0,0,0,0,0,0,0,0,0,0,0,3,0,0,0,0,0,0,0,0,0,24,54,29,41,35,0,0,0,0,0,8,0,0,0,0
7,5,2,0,0,0,33,47,79,245,0,0,0,0,0,16,0,78,0,70,0,61,1,25,82,21,0,0,0,43,1,0,0,7,0,0,0,4,0,25,0,0,0,0,0,1,0,0,0,0,0,0,32,65,53,84,0,11,0,0,0,18,64,0,0,0,0,56,0,0,0,0,0,0,0,1,0,0,0,0,0,0,0,0,0,0,0,0,0,0,0,0,0,0,0,0,0,0,0,0,0,0,0,0,0,0,0,0,0,0,0,0,0,0,0,0,0,0,0,0,0,0,0,0,0,0,0,0,0,27,0,0,0,0,0,0,0,0,0,107,0,34,0,0,0,26,0,0,0,2,0,0,0,9,0,20,0,4,0,31,0,0,0,4,0,0,0,2,0,0,0,16,0,18,0,0,7,63,0,0,0,0,0,0,2,13,0,0,0,0,0,0,0,0,0,0,0,0,0,0,0,0,0,0,0,0,0,0,0,0,0,0,0,0,0,0,1,0,4,106,0,0,0,0,0
2,0,12,0,0,0,3,0,13,0,3,0,0,0,0,0,0,0,0,0,1,0,0,0,0,0,0,0,0,0,0,1,3,0,0,0,0,0,0,0,0,0,0,0,0,0,0,0,0,0,0,0,0,0,0,0,218,47,23,31,0,0,0,0,0,79,30,49,0,0,0,0,2,0,0,0,0,0,0,0,0,0,0,0,0,0,0,0,0,0,0,0,0,0,0,0,0,0,0,2,0,0,0,0,0,0,0,2,0,0,0,0,0,0,0,0,0,0,0,0,0,1,0,0,0,8,0,0,0,0,3,71,0,0,0,0,1,0,10,55,0,0,0,0,16,0,0,0,21,16,0,0,0,0,4,56,0,0,2,58,261,80,0,0,0,0,0,0,0,0,0,1,0,0,34,5,0,0,0,0,88,5,5,0,157,0,0,0,0,0,0,0,0,0,0,0,0,0,0,0,0,0,0,0,0,0,0,0,0,0,54,0,0,0,95,0,0,0,12,3,0,0,0,0,0
0,11,0,10,0,0,0,0,0,20,0,0,0,0,0,0,0,0,0,0,0,0,0,0,0,0,0,0,0,0,0,0,0,4,0,0,0,0,0,0,0,0,0,0,0,0,0,0,0,0,0,0,0,0,0,0,55,83,0,29,0,0,0,0,79,0,24,103,0,0,1,0,0,0,0,21,0,0,0,0,0,20,0,0,0,0,0,0,0,0,0,0,0,0,0,0,0,0,0,0,0,0,0,1,0,0,0,0,0,0,0,0,0,0,0,0,0,0,0,0,0,0,0,0,0,49,0,5,0,10,47,24,0,0,0,0,0,0,27,44,0,27,0,3,0,99,0,30,19,101,0,20,0,12,30,19,0,2,36,8,107,143,0,0,0,0,0,0,0,0,0,0,0,0,0,33,0,0,0,0,18,15,0,2,0,65,0,0,0,0,0,0,0,0,0,0,0,0,0,0,0,0,0,0,0,0,0,3,0,0,8,0,0,0,159,0,0,0,157,20,64,0,37,0,0
0,0,14,0,0,0,16,0,22,0,0,0,0,0,1,0,0,0,1,0,1,0,0,0,0,0,0,0,0,0,0,0,0,0,0,0,0,0,0,0,0,0,0,0,1,0,0,0,0,0,0,0,33,73,0,47,276,123,23,97,0,0,4,0,30,24,0,181,0,0,0,0,0,0,0,0,0,0,0,0,0,0,0,0,0,0,0,0,0,0,0,0,0,0,0,0,0,0,0,0,0,0,0,0,0,0,0,0,0,0,0,0,0,0,0,0,0,0,0,0,0,0,0,0,0,0,0,0,0,0,2,0,0,0,0,0,2,0,1,0,0,0,0,0,0,0,0,0,2,0,0,0,0,0,11,26,16,0,1,18,55,0,0,0,0,0,0,0,0,0,0,0,5,0,0,0,68,2,0,0,0,0,0,0,630,24,0,0,0,0,0,0,0,0,0,0,0,0,0,0,0,0,0,0,0,0,0,0,0,0,104,65,61,186,146,0,0,0,10,0,0,29,0,0,0
0,2,0,2,0,0,0,0,0,94,0,1,0,0,0,0,0,0,0,0,0,0,0,0,0,0,0,0,0,0,0,1,0,0,0,0,0,0,0,0,0,0,0,0,0,0,0,0,0,1,0,5,154,115,87,16,100,87,140,205,0,26,13,56,49,103,181,0,0,0,0,0,0,0,0,0,0,0,0,0,0,4,0,0,0,0,0,0,0,0,0,0,0,0,0,0,0,0,0,0,0,0,0,0,0,0,0,0,0,0,0,0,0,0,0,0,0,0,0,0,0,0,0,0,0,52,0,6,0,1,0,56,0,5,0,0,0,0,0,2,0,0,0,0,1,10,0,9,0,22,0,31,0,7,49,18,0,34,13,2,11,43,0,0,0,0,0,0,0,0,0,47,0,0,0,0,20,28,0,0,0,0,0,0,29,306,0,0,0,0,0,0,0,0,0,0,0,0,0,1,0,0,0,0,0,0,0,4,0,15,10,0,0,0,150,0,0,0,260,68,214,187,33,53,0
0,0,0,0,0,0,0,0,0,0,0,0,0,0,0,0,0,0,0,0,0,0,0,0,0,0,0,0,0,0,0,0,0,0,0,0,0,0,0,0,0,0,0,0,0,0,0,0,26,0,0,0,0,0,3,0,8,0,10,0,1,0,0,0,0,0,0,0,0,0,0,0,33,0,0,0,117,0,39,0,0,0,87,0,0,0,26,0,4,0,0,0,109,0,29,0,48,0,20,0,44,0,228,0,0,0,0,0,61,0,41,0,0,0,31,0,18,0,0,0,0,0,0,0,0,0,0,0,0,0,0,8,0,0,0,0,0,0,0,0,0,0,0,0,0,0,0,0,0,0,0,0,0,0,0,0,0,0,0,0,0,0,45,0,24,0,0,0,281,0,6,0,8,0,0,0,5,0,0,0,0,0,0,0,0,0,0,0,0,0,0,0,0,0,24,0,0,0,0,0,0,0,0,0,0,0,0,0,0,0,69,24,91,0,36,53,101,0,0,0,0,0,0,0,0
0,0,0,0,0,0,0,0,0,0,0,0,0,0,0,0,0,0,0,0,0,0,0,0,0,0,0,0,0,0,0,0,0,0,0,0,0,0,0,0,0,0,0,0,0,0,0,1,0,22,0,5,0,1,0,0,0,0,0,0,0,0,0,0,0,0,0,0,0,0,0,0,0,8,0,0,0,121,0,0,0,0,0,102,0,0,0,32,0,10,0,0,0,33,0,85,0,0,0,0,0,0,0,242,0,0,0,0,0,27,0,19,0,14,0,16,0,42,0,0,0,0,0,0,0,0,0,0,0,0,0,10,0,0,0,0,0,0,0,0,0,0,0,0,0,0,0,0,0,0,0,0,0,0,0,1,0,0,0,0,0,10,0,2,0,19,0,0,0,57,0,1,0,0,0,0,0,0,0,0,0,0,0,0,1,2,0,0,0,0,0,0,0,0,0,0,0,0,0,0,0,0,0,0,0,0,0,0,0,0,0,0,0,0,28,0,0,0,49,39,119,13,39,75,8
0,0,0,0,4,0,0,0,0,0,0,0,0,0,0,0,6,0,0,0,66,0,0,0,0,0,31,0,5,0,30,0,39,0,0,0,96,0,6,0,2,0,0,0,99,0,6,0,0,0,8,0,0,0,0,0,0,0,0,0,0,0,0,0,0,1,0,0,0,0,0,0,210,0,114,0,18,0,184,0,0,0,19,0,0,0,17,0,0,0,0,0,0,0,0,0,0,0,0,0,0,0,0,0,0,0,0,0,0,0,0,0,0,0,0,0,0,0,0,0,14,0,8,0,0,0,0,0,0,0,26,0,0,0,0,0,0,0,0,0,92,0,39,0,20,0,0,0,47,0,0,0,0,0,0,0,5,0,0,0,5,0,78,0,0,0,41,0,15,0,8,0,27,0,17,0,0,0,0,0,20,4,0,0,5,0,0,0,0,0,0,0,0,0,0,0,0,0,0,0,0,0,0,0,0,0,0,0,0,0,15,0,0,0,0,0,2,0,0,0,0,0,0,0,0
0,0,0,0,0,0,0,0,0,0,0,0,0,0,0,0,0,0,0,7,0,0,0,1,0,0,0,0,0,0,0,0,0,0,0,0,0,0,0,0,0,0,0,0,0,9,0,0,0,0,0,0,0,0,0,0,0,0,0,0,0,0,0,0,0,0,0,0,0,0,0,0,0,108,0,230,0,11,0,0,0,3,0,0,0,0,0,56,0,0,0,0,0,0,0,0,0,0,0,0,0,0,0,0,0,0,0,0,0,0,0,0,0,0,0,0,0,0,0,0,0,0,0,16,0,31,0,0,0,7,7,34,0,42,0,0,0,0,0,0,0,45,0,8,0,72,0,0,0,0,0,0,0,0,0,0,0,1,0,0,3,0,0,63,0,0,0,0,0,0,0,12,0,19,0,11,0,0,0,0,0,15,0,0,0,0,0,0,0,0,0,0,0,0,0,0,0,0,0,0,0,0,0,0,0,0,0,0,0,0,0,0,0,0,12,0,0,0,87,0,17,11,0,0,0
0,0,0,0,0,0,0,0,0,0,0,0,0,0,0,0,0,0,14,0,0,0,0,0,0,0,0,0,0,0,0,0,0,0,0,0,15,0,0,0,1,0,0,0,30,0,0,0,0,0,5,0,0,0,0,0,0,0,0,0,0,0,0,0,2,0,0,0,33,0,210,0,0,0,296,0,74,0,256,0,1,0,30,0,0,0,16,0,0,0,0,0,25,0,0,0,8,0,0,0,0,0,0,0,0,0,0,0,0,0,0,0,0,0,0,0,0,0,0,0,23,0,12,0,0,0,0,0,0,0,27,0,0,0,0,6,111,0,0,0,48,0,86,0,17,0,0,0,18,2,0,0,15,0,0,0,0,0,0,0,0,0,108,0,0,0,0,0,56,0,7,0,0,0,6,0,0,0,0,0,0,0,0,0,2,0,0,0,0,0,0,0,0,0,0,0,0,0,116,0,47,0,0,0,0,0,0,0,126,0,159,8,55,0,37,0,12,0,0,0,0,0,0,0,0
0,0,0,0,0,0,0,0,0,0,0,0,0,0,0,0,0,0,0,8,0,0,0,0,0,0,0,0,0,0,0,0,0,0,0,0,0,0,0,0,0,0,0,0,0,0,0,0,0,0,0,0,0,0,2,0,0,0,0,0,0,0,0,0,0,0,0,0,0,8,0,108,0,0,0,370,0,84,0,45,0,47,0,35,0,22,0,134,0,0,0,0,0,12,0,2,0,0,0,0,0,0,0,3,0,0,0,0,0,0,0,0,0,0,0,0,0,0,0,0,0,20,0,52,0,0,0,152,0,16,0,0,14,108,0,0,0,0,1,0,0,39,3,31,0,42,0,0,0,0,0,93,0,0,0,0,0,0,0,0,0,0,0,68,0,3,0,0,0,16,0,4,0,6,0,10,0,0,0,0,0,0,0,0,0,7,0,0,0,117,0,0,0,0,0,0,2,0,0,0,0,89,0,0,0,0,0,592,18,363,0,0,0,0,24,0,0,0,126,0,19,14,0,0,0
0,0,0,0,0,0,0,0,0,0,5,0,0,0,0,0,27,0,0,0,93,0,0,0,0,0,0,0,0,0,18,0,28,0,17,0,92,0,0,0,0,0,0,0,150,0,8,0,8,0,0,0,0,0,0,0,0,0,0,0,0,0,5,0,0,0,0,0,0,0,114,0,296,0,0,0,23,0,227,0,8,0,30,0,13,0,36,0,0,0,0,0,0,0,0,0,10,0,3,0,0,0,0,0,0,0,0,0,0,0,0,0,0,0,0,0,0,0,0,0,71,0,71,0,11,0,0,0,12,13,41,63,0,2,0,0,55,0,0,10,100,0,125,0,48,0,12,0,69,0,23,0,0,0,0,0,4,0,3,0,19,0,101,2,0,0,71,0,0,0,11,0,27,0,0,1,0,0,0,0,41,0,0,0,0,0,2,0,0,0,2,0,20,0,0,0,0,0,77,0,37,0,0,0,0,0,0,0,76,0,48,0,0,0,8,2,0,0,0,0,0,0,0,0,0
0,0,0,0,0,0,0,0,0,0,0,0,0,0,0,0,0,0,0,0,0,0,0,1,0,0,0,0,0,0,0,0,0,0,0,0,0,0,0,0,0,0,0,0,0,0,0,0,0,0,0,4,0,0,0,0,0,0,0,0,0,0,0,1,0,21,0,0,0,0,0,230,0,370,0,0,0,20,0,60,0,14,0,0,0,5,0,92,0,0,0,0,0,0,0,0,0,0,1,0,0,0,0,0,0,0,0,0,0,0,0,0,0,0,0,0,0,0,0,0,0,132,0,127,0,0,0,0,0,0,0,0,0,0,0,0,0,0,0,0,0,148,0,22,0,176,0,0,0,40,0,49,0,38,0,0,0,0,0,0,0,11,0,127,0,0,0,0,0,16,0,0,0,0,0,15,0,0,0,0,0,25,0,0,0,11,0,0,0,0,0,0,0,0,0,0,0,0,0,0,0,0,0,30,0,0,0,0,0,0,0,0,0,0,29,0,0,0,158,0,0,0,0,0,0
0,0,0,0,0,0,0,0,0,0,0,0,0,0,0,0,0,0,0,0,0,0,0,0,0,0,0,0,0,0,0,0,0,0,0,0,0,0,0,0,0,0,0,0,0,0,0,0,9,0,4,0,0,0,0,0,0,0,0,0,0,0,0,0,0,0,0,0,117,0,18,0,74,0,23,0,0,0,8,0,0,0,27,0,0,0,23,0,2,0,2,0,45,0,14,0,17,0,13,0,15,0,44,0,0,0,0,0,18,0,0,0,0,0,17,0,15,0,0,0,0,0,0,1,0,0,0,0,0,0,0,0,0,0,0,0,0,0,0,0,0,0,0,0,0,0,0,0,0,0,0,0,0,0,1,0,0,0,0,0,0,0,0,0,7,0,0,0,86,0,0,0,3,0,0,0,0,0,0,0,0,0,0,0,0,0,0,0,0,0,0,0,0,0,0,0,0,0,0,0,24,0,0,0,0,0,0,0,0,0,29,12,10,0,10,8,64,0,0,0,0,0,0,0,0
0,0,0,0,0,0,0,0,0,0,0,0,0,0,0,0,0,0,0,0,0,0,0,0,0,0,0,0,0,0,0,0,0,0,0,0,0,0,0,0,0,0,0,0,0,11,0,0,0,13,0,0,0,0,0,0,0,7,0,0,0,0,0,0,0,0,0,0,0,121,0,11,0,84,0,20,0,0,0,14,0,105,0,134,0,28,0,206,0,10,0,0,0,140,0,37,0,51,0,0,6,0,0,150,0,0,0,0,0,6,0,0,0,0,0,0,0,7,0,0,0,21,0,0,9,0,0,0,0,0,0,0,0,0,0,0,0,0,0,1,0,0,0,0,0,11,0,0,0,0,0,30,0,0,0,0,0,0,0,0,0,0,0,0,0,0,0,0,0,69,0,0,0,0,0,0,0,0,0,0,0,0,0,0,0,0,0,0,0,166,0,0,0,0,0,49,0,0,0,0,0,63,0,126,2,0,0,0,0,80,0,0,0,0,28,0,0,0,122,22,114,7,8,3,2
0,0,5,0,0,0,0,0,0,0,0,0,0,0,0,0,0,0,0,0,0,0,0,0,0,1,0,0,0,0,0,0,0,0,5,0,0,0,0,0,0,0,0,0,0,0,0,0,19,0,6,0,0,0,0,0,0,0,0,0,0,0,0,0,0,0,0,0,39,0,184,0,256,0,227,0,8,0,0,0,14,0,66,0,27,0,46,0,3,0,0,0,74,0,6,0,37,0,21,0,3,0,0,0,0,0,0,0,0,0,0,0,0,0,0,0,0,0,0,0,93,0,29,0,0,0,10,0,0,0,0,0,0,0,0,0,49,0,1,0,50,1,103,0,11,0,0,0,0,0,0,0,0,0,0,0,0,0,0,3,0,0,31,0,0,0,0,0,108,0,0,0,0,0,8,0,0,0,0,0,0,0,0,0,0,0,0,0,0,0,0,0,64,0,0,0,0,0,0,0,74,0,0,0,49,0,0,0,0,0,190,9,62,0,21,8,26,0,0,0,0,0,0,0,0
0,0,0,0,0,0,0,0,0,0,0,0,0,0,0,0,0,0,0,0,0,0,0,0,0,0,0,0,0,0,0,0,0,0,0,0,0,0,0,0,0,0,0,0,0,0,0,0,0,0,0,0,0,0,0,0,0,0,0,0,0,0,0,0,0,0,0,0,0,0,0,0,0,45,0,60,0,14,0,0,0,0,0,2,0,6,0,59,0,0,0,0,0,0,0,0,0,0,0,0,0,0,0,0,0,0,0,0,0,0,0,0,0,0,0,0,0,0,0,0,0,3,0,17,0,0,0,41,0,0,0,0,0,0,0,22,0,25,0,0,0,42,0,35,0,21,0,0,0,0,0,0,0,0,0,0,0,0,0,0,0,0,0,14,0,0,0,0,0,7,0,0,0,0,0,0,0,0,0,0,0,0,0,0,0,0,0,0,0,3,0,0,0,0,0,0,0,0,0,0,0,22,0,33,0,1,0,0,0,59,0,0,0,0,5,0,0,0,27,0,19,0,0,0,0
