0,249,42,93,55,0,12,145,144,34,121,13,139,0,22,36,34,37,0,0,0,6,33,48,0,203,0,0,68,0,51,2,91,0,0,0,41,0,300,0,34,0,0,0,0,0,21,0,0,0,0,0,0,0,0,0,1,0,0,0,57,0,31,37,0,0,0,0,0,0,0,0,0,0,0,0,0,0,0,0,0,0,0,0,0,2,0,0,0,0,0,0,0,0,0,0,0,0,0,0,0,0,0,0,0,0,0,0,0,0,0,0,0,0,0,0,0,0,0,0,0,0,0,0,0,0,2,0,0,0,0,0,0,0,0,0,0,0,0,0,0,0,0,0,0,0,15,0,0,0,24,0,30,0,0,0,0,0,0,0,0,0,0,0,0,0,51,0,8,0,0,0,233,0,3,0,310,40,20,0,22,0,58,0,29,0,0,0,0,0,0,0,0,0,0,0,0,0,0,0,0,0,0,0,0,0,0,0,1,0,470,90,257,59,171,0,0,0,0,0,0,0,0,0,0
249,0,493,264,44,235,146,57,66,69,37,324,0,170,0,77,181,0,0,166,0,135,395,173,275,71,0,144,24,251,0,0,0,127,0,0,0,66,78,370,0,56,0,0,0,25,0,117,2,25,0,0,0,22,5,6,0,0,0,0,0,332,39,135,0,27,0,0,0,0,0,0,0,0,0,0,0,0,0,0,0,0,0,0,0,0,0,0,0,0,0,0,0,0,0,0,0,0,0,0,0,0,0,0,0,0,0,0,0,0,0,0,0,0,0,0,0,0,0,0,0,0,0,0,0,21,0,44,0,8,0,31,0,0,0,0,0,53,0,0,0,0,0,0,0,8,0,85,0,56,0,38,0,157,0,18,0,6,0,0,0,0,0,5,0,0,0,0,0,12,4,9,29,223,0,11,129,453,0,25,0,46,0,3,0,34,0,8,0,0,0,0,0,0,0,0,0,4,0,0,0,0,0,0,0,0,0,0,0,18,0,0,0,0,383,0,0,0,1161,268,633,86,24,23,3
42,493,0,187,262,88,58,148,33,21,44,99,87,0,227,107,136,64,87,0,126,0,507,107,140,235,63,0,310,35,262,21,283,0,0,0,59,0,477,0,20,0,0,0,44,0,0,0,2,0,0,0,3,0,20,0,0,1,0,0,108,61,65,28,0,0,5,0,0,0,0,0,0,0,4,0,0,0,0,0,0,2,0,0,0,0,0,0,0,0,0,0,2,0,0,0,0,0,0,0,0,0,0,0,0,0,0,0,0,0,0,0,0,0,0,0,0,0,0,0,0,0,0,0,56,0,21,0,0,0,14,0,13,0,0,0,38,0,0,0,13,0,0,0,0,0,63,0,114,0,23,0,43,0,0,0,0,0,0,0,0,0,0,0,6,1,130,0,12,0,18,0,288,15,0,0,253,44,0,0,20,0,15,0,35,0,0,0,0,0,0,0,0,0,0,0,0,0,0,0,0,0,0,0,0,0,0,0,15,0,584,83,544,0,305,0,6,0,0,3,0,0,0,0,0
93,264,187,0,75,93,0,81,0,3,114,16,0,13,55,231,66,35,0,122,31,80,218,344,21,49,0,79,12,110,22,0,49,115,0,0,26,39,0,120,0,0,0,0,0,17,0,18,0,0,0,0,0,0,0,36,0,0,0,0,0,0,0,2,0,0,0,0,0,0,0,0,0,0,0,0,0,0,0,0,0,0,0,0,0,36,0,0,0,0,1,0,0,0,0,0,0,0,0,0,0,0,0,0,0,0,0,0,0,0,0,0,0,0,0,0,0,0,0,0,0,0,0,0,0,0,1,18,0,0,0,0,0,0,0,57,0,108,0,0,0,0,0,21,0,0,0,0,0,9,0,0,0,0,0,0,0,0,0,0,0,0,0,0,0,0,7,90,0,0,0,0,7,44,0,0,39,65,1,9,0,0,0,0,0,0,0,0,0,0,0,0,0,0,0,0,0,0,0,0,0,45,0,0,0,0,0,0,0,15,0,0,15,0,88,0,0,0,273,110,231,0,0,12,0
55,44,262,75,0,337,11,6,39,0,82,169,267,77,241,242,31,0,244,136,346,54,95,81,0,0,191,40,0,0,334,36,356,57,236,0,221,16,56,6,113,0,0,0,22,0,104,0,0,0,89,0,0,0,0,0,0,1,0,0,0,0,0,0,0,0,2,0,0,0,0,0,0,0,0,0,0,0,0,0,0,0,0,0,0,0,4,0,0,0,0,0,0,0,0,0,0,0,0,0,0,0,0,0,0,0,0,0,0,0,0,0,0,0,0,0,0,0,16,0,0,0,0,0,0,0,4,0,0,0,0,0,0,0,0,0,0,0,0,0,0,0,0,0,0,0,29,0,45,0,66,0,104,0,0,0,2,0,0,0,0,0,4,0,0,0,218,0,0,0,0,0,0,0,0,0,437,25,169,0,65,0,92,0,49,0,5,3,0,0,0,0,0,0,0,0,0,0,0,0,0,0,0,0,0,0,0,0,0,0,523,295,517,0,133,0,1,0,0,7,0,0,0,0,0
0,235,88,93,337,0,0,37,0,36,244,252,139,193,437,202,22,0,133,346,132,458,120,340,0,8,0,300,0,0,0,238,69,226,0,465,56,179,0,0,0,38,3,0,0,32,0,103,0,7,13,146,0,0,0,12,0,0,0,0,0,0,0,1,0,0,0,0,0,0,0,0,0,0,0,0,0,0,0,0,0,0,0,0,0,14,0,0,0,0,0,0,0,0,0,0,0,0,0,0,0,0,0,0,0,0,0,0,0,0,0,0,0,0,0,0,0,0,0,0,0,0,0,0,0,27,0,40,0,0,0,0,0,0,0,0,0,37,0,0,0,0,0,0,0,0,0,29,0,20,0,17,0,36,0,7,0,0,0,5,0,4,0,0,0,0,0,242,0,0,0,0,0,33,0,0,100,223,0,56,0,0,0,6,0,14,0,17,0,0,0,0,0,0,0,0,0,0,0,0,0,0,0,0,0,0,0,11,0,15,0,12,0,0,80,0,0,0,598,509,434,53,0,0,0
12,146,58,0,11,0,0,156,149,177,7,0,0,0,22,0,33,29,11,0,21,0,34,3,340,104,0,0,44,0,0,0,13,0,0,0,0,0,70,0,0,0,0,0,20,0,0,0,4,0,10,0,83,48,296,64,24,0,12,0,280,0,338,93,17,0,35,0,0,0,0,0,0,0,0,0,0,0,0,0,0,0,0,0,0,0,0,0,0,0,0,0,0,0,0,0,0,0,0,0,0,0,0,0,0,0,0,0,0,0,0,0,0,0,0,0,0,0,0,0,0,0,0,0,168,0,41,0,0,0,75,0,5,0,0,0,26,0,0,0,0,0,0,0,0,0,82,0,56,0,11,0,2,0,0,0,0,0,0,0,28,0,0,0,0,0,15,0,27,0,120,0,216,0,0,0,76,27,0,0,0,0,0,0,7,0,0,0,0,0,0,0,0,0,0,0,0,0,0,0,0,0,0,0,0,0,0,0,21,0,873,68,632,0,548,0,45,0,19,3,0,0,0,0,0
145,57,148,81,6,37,156,0,229,34,0,24,0,20,2,32,69,21,0,10,0,23,55,38,211,230,0,25,0,190,0,0,0,0,0,0,0,0,0,171,0,0,0,0,0,0,0,0,0,0,0,0,20,80,50,187,0,10,0,8,0,335,112,255,0,5,0,0,0,0,0,1,0,0,0,0,0,1,0,0,0,0,0,0,0,9,0,0,0,0,0,0,0,0,0,0,0,0,0,0,0,0,0,0,0,0,0,0,0,0,0,0,0,0,0,0,0,0,0,0,0,0,0,0,0,11,0,17,0,3,0,17,0,1,0,0,0,22,0,0,0,0,0,11,0,0,0,0,0,0,0,0,0,0,0,0,0,0,0,0,0,9,0,4,0,7,0,8,0,15,0,24,0,170,0,0,36,54,0,0,0,0,15,0,0,0,0,0,0,0,0,0,0,0,0,0,0,0,0,0,0,9,0,0,0,0,0,0,0,3,0,0,20,0,472,0,0,0,723,75,471,0,0,55,0
144,66,33,0,39,0,149,229,0,687,14,0,40,0,33,0,24,27,13,0,0,0,0,0,33,85,0,0,0,0,0,0,0,0,0,0,0,0,48,0,26,0,0,0,0,0,9,0,3,0,0,0,179,131,58,318,0,6,33,99,328,0,322,80,36,0,111,111,1,0,0,0,0,0,0,0,0,0,0,0,0,0,0,0,0,0,0,0,0,0,0,0,0,0,0,0,0,0,6,0,0,0,1,0,0,0,0,0,0,0,0,0,0,0,0,0,0,0,0,0,0,0,0,0,26,0,14,0,2,0,54,0,0,0,0,0,10,0,0,1,6,0,2,0,0,0,62,0,147,0,0,0,49,0,0,0,0,0,0,0,9,0,3,0,0,0,0,0,19,0,144,0,213,0,0,0,292,50,0,0,0,0,18,0,121,0,0,0,0,0,0,0,0,0,0,0,0,0,0,0,0,0,0,0,0,0,0,0,6,0,926,102,288,0,380,0,67,0,0,0,12,2,0,0,0
34,69,21,3,0,36,177,34,687,0,0,81,0,0,3,0,6,0,0,24,0,30,0,28,138,0,0,33,0,0,0,0,1,0,0,28,0,0,0,10,0,17,0,0,0,10,0,44,0,0,0,0,147,254,276,258,0,47,93,19,0,173,94,131,0,100,134,133,0,0,0,0,0,0,0,0,0,0,0,0,0,7,0,0,0,4,0,0,0,0,0,0,0,0,0,0,0,0,0,0,0,0,0,0,0,0,0,0,0,0,0,0,0,0,0,0,0,0,0,0,0,3,0,0,0,56,0,72,0,18,0,92,0,11,0,28,5,57,0,0,0,0,0,5,0,2,0,126,0,151,0,36,0,69,0,51,0,80,0,23,0,37,0,10,0,3,0,17,0,13,0,48,19,0,0,0,88,255,0,0,0,0,0,0,14,78,0,0,0,0,0,0,0,0,0,0,0,0,0,0,0,0,0,0,0,0,0,0,0,29,21,20,29,5,336,0,3,0,655,124,344,0,0,104,0
121,37,44,114,82,244,7,0,14,0,0,98,258,0,40,242,0,0,38,34,80,0,17,79,0,0,34,0,0,0,0,0,180,32,0,13,144,0,45,0,116,0,9,0,15,0,70,0,0,0,20,0,0,0,0,0,0,0,0,0,0,0,0,0,0,0,0,0,0,0,0,0,0,0,0,0,0,0,0,0,0,0,0,0,0,0,0,0,0,0,0,0,0,0,0,0,0,0,0,0,0,0,0,0,0,0,0,0,0,0,0,0,0,0,0,0,0,0,17,0,0,0,0,0,0,0,0,0,0,0,0,0,0,0,0,0,0,0,0,0,0,0,0,0,2,0,4,0,6,0,63,0,106,0,0,0,0,0,0,0,0,0,0,0,3,0,95,0,10,0,0,0,22,0,40,0,525,0,177,0,106,0,35,0,41,0,25,0,0,0,0,0,0,0,2,0,0,0,0,0,0,0,0,0,0,0,0,0,0,0,370,206,172,0,95,3,1,0,0,0,0,0,0,0,0
13,324,99,16,169,252,0,24,0,81,98,0,23,235,254,32,19,24,0,82,66,224,150,250,0,0,0,104,4,107,18,201,23,409,22,326,22,166,0,124,0,168,0,0,0,21,0,150,0,57,0,114,0,0,0,0,0,0,0,0,0,7,0,0,0,0,0,0,0,0,0,0,0,0,0,0,0,0,0,0,0,0,0,0,0,0,0,0,0,0,0,0,0,0,0,0,0,0,0,0,0,0,0,0,0,0,0,0,0,0,0,0,0,0,0,1,0,0,0,0,0,0,0,0,0,0,0,7,0,1,0,0,0,0,0,0,0,0,0,0,0,0,0,0,0,8,0,0,0,22,0,22,0,109,0,5,0,0,0,0,0,0,0,2,0,0,0,96,0,12,0,0,0,37,0,0,85,243,0,80,0,64,0,32,0,11,0,22,0,0,0,0,0,0,0,0,0,0,0,0,0,0,0,0,0,0,0,0,0,1,20,12,0,0,70,0,0,0,505,386,307,29,26,0,0
139,0,87,0,267,139,0,0,40,0,258,23,0,201,51,34,0,0,103,320,220,68,0,0,0,0,198,426,0,0,0,0,0,0,136,29,25,0,0,0,324,43,192,0,72,42,204,50,20,0,509,29,0,0,0,0,0,0,0,0,0,0,0,0,0,0,0,0,0,0,2,0,0,0,0,0,0,0,0,0,0,0,0,0,0,0,0,0,0,0,0,0,0,0,0,0,0,0,0,0,0,0,0,0,0,0,0,0,0,0,0,0,0,0,0,0,0,0,0,0,0,0,0,0,0,0,0,0,0,0,0,0,0,0,0,0,0,0,0,0,0,0,0,0,0,0,0,0,0,0,0,0,0,0,0,0,0,0,0,0,0,0,0,0,59,0,55,0,52,0,0,0,0,0,0,0,527,0,209,0,50,0,48,0,23,0,225,32,0,0,0,0,0,0,0,0,0,0,0,0,0,0,0,0,0,0,0,0,0,0,131,455,482,0,34,2,0,0,0,6,0,0,0,0,0
0,170,0,13,77,193,0,20,0,0,0,235,201,0,136,0,0,0,402,62,101,144,0,0,0,0,148,83,0,0,0,34,0,0,68,501,11,74,0,0,0,201,20,104,23,20,15,138,0,97,68,527,0,0,0,0,0,0,0,0,0,0,0,0,0,0,0,0,0,0,0,0,0,0,0,0,0,0,0,0,0,0,0,0,0,0,0,0,0,0,0,0,0,0,0,0,0,0,0,0,0,0,0,0,0,0,0,0,0,0,0,0,0,0,0,0,0,0,0,0,0,0,0,0,0,0,0,0,0,3,0,0,0,0,0,0,0,0,0,0,0,0,0,0,0,0,0,0,0,5,0,0,0,0,0,0,0,0,0,0,0,0,0,0,0,32,0,22,0,14,0,0,0,0,0,0,48,113,0,4,0,0,0,0,0,0,12,155,0,0,0,0,0,0,0,0,0,0,0,0,0,0,0,0,0,0,0,0,0,0,0,0,0,0,16,0,0,0,91,256,155,0,0,0,1
22,0,227,55,241,437,22,2,33,3,40,254,51,136,0,320,15,0,273,211,544,97,257,88,19,0,229,33,0,3,298,58,196,105,183,41,168,37,0,0,0,0,21,0,29,0,9,0,0,0,30,0,0,0,25,0,0,0,0,0,0,0,2,0,6,0,0,0,0,0,0,0,4,0,0,0,0,0,0,0,0,0,0,0,0,0,0,0,0,0,0,0,0,0,0,0,0,0,0,0,0,0,0,0,0,0,0,0,0,0,0,0,0,0,0,0,0,0,0,0,0,0,0,0,9,0,0,0,0,0,7,0,0,0,0,0,104,0,0,0,0,0,0,0,0,0,53,0,178,6,58,0,113,0,0,0,0,0,0,0,0,0,0,0,0,0,103,0,0,0,0,0,17,0,0,0,152,28,7,0,16,0,61,0,91,0,0,6,0,0,0,0,0,0,0,0,0,0,0,0,0,0,0,0,1,0,0,0,12,0,154,233,121,0,31,0,0,0,21,11,22,0,0,0,0
36,77,107,231,242,202,0,32,0,0,242,32,34,0,320,0,34,53,0,450,90,332,184,693,0,84,0,170,0,25,36,98,54,92,31,54,45,59,0,41,0,0,3,0,0,41,0,19,0,11,0,19,0,4,0,85,0,0,0,0,0,7,0,4,0,3,0,0,0,0,0,0,0,0,0,0,0,0,0,0,0,0,0,0,0,106,0,0,0,0,0,0,0,0,0,0,0,0,0,0,0,0,0,0,0,0,0,0,0,0,0,0,0,0,0,0,0,0,0,0,0,0,0,0,0,0,0,30,0,0,0,0,0,0,0,89,0,147,0,0,0,0,0,0,0,0,0,4,0,0,0,0,0,13,0,5,0,0,0,0,0,0,0,0,0,5,0,97,0,0,0,2,0,25,0,0,44,70,0,5,0,0,0,0,0,0,0,0,0,0,0,0,0,0,0,0,0,0,0,0,0,76,0,0,0,0,0,0,0,0,0,8,15,0,0,0,0,0,187,325,123,0,0,0,0
34,181,136,66,31,22,33,69,24,6,0,19,0,0,15,34,0,30,50,0,228,0,100,55,164,145,82,0,271,7,128,0,40,7,15,0,9,0,69,15,0,0,11,0,84,0,2,0,6,0,7,0,204,0,57,3,47,0,5,0,17,0,454,10,0,0,0,0,0,0,69,0,9,0,91,0,0,0,0,0,99,0,0,0,694,0,67,0,0,0,577,0,0,0,0,0,1313,0,360,1,55,0,0,0,10,0,313,0,0,0,0,0,0,0,0,0,0,0,0,0,194,0,258,0,0,0,0,0,0,0,0,0,27,0,22,0,466,0,104,0,147,0,509,0,25,0,0,0,0,0,0,0,0,3,104,0,0,0,22,0,0,0,0,0,0,0,14,0,23,0,3,0,13,0,0,0,53,10,0,0,0,0,2,0,0,0,0,0,0,0,0,0,0,0,0,0,0,0,0,0,132,0,0,0,0,0,0,0,0,0,41,117,58,0,15,0,0,0,6,0,0,0,0,0,0
37,0,64,35,0,0,29,21,27,0,0,24,0,0,0,53,30,0,0,9,3,134,48,251,49,260,0,0,0,365,0,40,0,14,0,0,0,4,0,82,0,0,0,0,0,0,0,0,0,0,0,0,0,110,0,80,0,77,0,0,0,25,12,196,0,0,0,0,0,0,0,0,0,0,0,2,0,0,0,0,0,0,0,0,0,555,0,0,0,0,0,0,0,0,0,0,0,97,0,0,0,0,0,0,0,0,0,0,0,0,0,0,0,0,0,0,0,0,0,0,0,0,0,0,0,59,0,58,0,186,0,41,0,251,0,406,0,597,0,213,0,103,0,354,0,0,0,0,0,0,0,0,0,0,0,72,0,0,0,73,0,0,0,0,0,0,0,0,0,0,0,2,0,25,0,0,0,26,0,0,2,0,0,0,0,0,0,0,0,0,0,0,0,0,0,0,0,0,0,0,0,235,0,0,0,0,0,0,0,0,4,0,0,0,11,0,0,0,41,226,63,0,2,0,0
0,0,87,0,244,133,11,0,13,0,38,0,103,402,273,0,50,0,0,467,263,94,334,0,0,0,195,433,4,0,10,0,2,0,50,65,23,0,0,0,21,24,25,0,9,0,10,0,0,0,163,0,0,0,0,0,0,0,0,0,0,0,0,0,2,0,0,0,0,0,18,0,0,0,0,0,0,0,0,0,0,0,0,0,0,0,0,0,0,0,0,0,0,0,0,0,0,0,0,0,0,0,0,0,0,0,0,0,0,0,0,0,0,0,0,0,0,0,0,0,0,0,0,0,0,0,0,0,0,0,0,0,0,0,0,0,0,0,0,0,0,0,0,0,0,0,0,0,0,0,47,0,0,0,0,0,0,0,0,0,0,0,0,0,8,0,29,0,26,0,0,0,12,0,0,0,275,17,23,0,0,0,62,0,22,0,43,52,0,0,0,0,0,0,0,0,0,0,0,0,0,0,0,0,0,0,0,0,0,0,54,92,87,0,0,3,0,0,0,0,0,0,0,0,0
0,166,0,122,136,346,0,10,0,24,34,82,320,62,211,450,0,9,467,0,177,767,0,173,0,16,218,285,0,0,0,100,0,0,155,380,21,33,0,0,26,22,34,51,21,155,18,158,0,17,123,288,0,0,0,0,0,0,0,0,0,0,0,0,0,0,0,0,0,0,0,0,0,0,0,0,0,0,0,0,0,0,0,0,0,50,0,0,0,0,0,0,0,0,0,0,0,0,0,0,0,0,0,0,0,0,0,0,0,0,0,0,0,0,0,0,0,0,0,0,0,0,0,0,0,0,0,0,0,0,0,0,0,0,0,0,0,69,0,0,0,0,0,0,0,9,0,33,0,12,0,0,0,0,0,0,0,0,0,0,0,1,0,0,0,39,0,64,0,0,0,3,0,8,0,0,27,51,12,0,0,0,0,4,0,0,9,75,0,0,0,0,0,0,0,0,0,0,0,0,0,0,0,0,0,0,0,0,0,20,0,0,0,0,0,0,0,0,196,296,195,0,0,0,0
0,0,126,31,346,132,21,0,0,0,80,66,220,101,544,90,228,3,263,177,0,35,316,33,69,0,246,126,25,1,116,0,65,0,27,30,26,8,3,0,2,0,58,0,38,0,0,0,5,1,10,18,49,0,42,0,13,0,0,0,0,0,71,0,3,0,0,0,0,0,61,1,0,0,62,0,0,0,0,0,68,0,0,0,180,0,0,0,0,0,220,0,0,0,0,0,374,0,272,0,0,0,0,0,0,0,0,0,0,0,1,0,0,0,0,0,0,0,0,0,106,0,62,0,0,0,0,0,0,0,0,0,19,0,0,0,221,0,20,0,57,1,117,0,37,0,0,0,0,0,21,0,0,0,9,0,0,0,0,0,0,0,9,0,6,0,99,0,18,0,3,0,19,0,0,0,106,8,29,0,0,0,24,0,0,0,2,0,0,0,0,0,0,0,0,0,0,0,0,0,0,0,0,0,0,0,0,0,0,0,273,351,92,0,46,0,0,0,0,0,0,0,0,0,0
6,135,0,80,54,458,0,23,0,30,0,224,68,144,97,332,0,134,94,767,35,0,0,275,0,47,37,372,0,108,0,41,0,6,30,71,11,32,0,0,7,0,0,136,2,223,4,0,0,14,23,74,0,13,0,24,0,0,0,0,0,17,0,123,0,0,0,0,0,0,0,0,0,0,0,0,0,0,0,0,0,0,0,0,0,155,0,0,0,0,0,0,0,0,0,0,0,0,0,0,0,0,0,0,0,0,0,0,0,0,0,0,0,0,0,0,0,0,0,0,0,0,0,0,0,0,0,0,0,0,0,0,0,0,0,95,0,284,0,237,0,487,0,416,0,73,0,0,0,19,0,0,0,45,0,0,0,0,0,0,0,0,0,0,0,23,0,99,0,24,0,0,0,21,0,0,0,39,0,0,0,0,0,12,0,0,0,24,0,0,0,0,0,0,0,3,0,0,0,0,0,0,0,0,0,0,0,0,0,0,0,0,0,0,86,0,0,0,488,682,219,0,0,0,0
33,395,507,218,95,120,34,55,0,0,17,150,0,0,257,184,100,48,334,0,316,0,0,174,77,137,138,0,118,37,64,0,52,62,0,0,26,12,73,50,0,0,0,0,76,0,21,0,3,0,0,0,0,0,112,1,17,0,0,0,0,29,11,14,0,0,0,0,0,0,0,0,0,0,0,0,0,0,0,0,0,0,0,0,79,0,8,0,0,0,134,0,0,0,0,0,228,0,0,0,0,0,0,0,0,0,0,0,0,0,0,0,0,0,0,0,0,0,0,0,0,0,30,1,0,0,0,0,0,0,1,0,49,0,0,0,352,0,7,0,40,0,107,1,0,0,15,0,18,0,9,0,5,0,11,0,0,0,0,0,0,0,0,0,2,0,44,0,0,0,0,0,37,5,0,0,142,0,0,1,0,0,4,0,3,0,0,0,0,0,0,0,0,0,0,0,0,0,0,0,0,0,0,0,0,0,0,0,27,0,28,206,69,0,18,0,0,0,17,0,7,0,0,0,0
48,173,107,344,81,340,3,38,0,28,79,250,0,0,88,693,55,251,0,173,33,275,174,0,0,123,0,144,5,138,11,0,21,0,0,16,0,16,15,47,0,0,0,31,0,57,0,0,0,0,0,0,0,6,0,69,0,0,0,0,0,0,0,65,0,0,0,0,0,0,0,0,0,0,0,0,0,0,0,0,0,0,0,0,0,519,0,51,0,0,0,0,0,0,0,0,0,81,0,65,0,0,0,0,0,0,0,34,0,0,0,0,0,0,0,0,0,0,0,0,0,0,0,0,0,0,0,0,0,0,0,0,0,0,0,212,0,253,0,63,0,85,0,188,0,0,0,0,0,0,0,0,0,0,0,13,0,5,0,0,0,0,0,0,0,3,0,36,0,0,0,3,0,27,0,0,17,45,0,33,0,0,0,7,0,0,0,0,0,0,0,0,0,0,0,0,0,0,0,0,0,119,0,0,0,0,0,0,0,29,0,0,5,0,49,0,0,0,308,805,93,0,0,7,1
0,275,140,21,0,0,340,211,33,138,0,0,0,0,19,0,164,49,0,0,69,0,77,0,0,239,0,0,173,0,28,0,0,0,0,0,5,0,98,11,0,0,0,0,0,0,0,0,0,0,0,0,29,43,435,46,46,0,15,0,46,43,114,93,0,0,0,0,0,0,0,0,0,0,0,0,0,0,0,0,0,0,0,0,120,0,0,0,0,0,76,0,0,0,0,0,154,0,0,0,0,0,0,0,0,0,48,0,0,0,0,0,0,0,0,0,0,0,0,0,6,0,41,0,16,0,32,0,52,1,5,0,88,0,0,5,440,6,33,0,68,0,170,0,0,0,0,0,13,0,0,0,0,0,96,0,2,0,21,0,16,0,0,2,1,0,0,0,0,0,5,0,79,14,0,0,45,0,0,0,0,0,1,0,1,0,0,0,0,0,0,0,0,0,0,0,0,0,0,0,0,0,1,0,0,0,0,0,26,0,67,42,65,20,66,0,0,0,23,5,0,0,0,0,0
203,71,235,49,0,8,104,230,85,0,0,0,0,0,0,84,145,260,0,16,0,47,137,123,239,0,0,0,0,205,0,6,10,0,0,0,0,11,51,126,0,0,0,0,0,0,0,1,0,0,1,0,2,17,5,191,0,34,0,5,7,104,38,106,0,0,0,0,0,0,0,0,0,0,0,0,0,0,0,0,0,0,0,0,0,103,0,0,0,0,0,0,0,0,0,0,0,0,0,0,0,33,0,0,0,0,0,0,0,0,0,0,0,0,0,0,0,0,0,0,0,0,0,0,0,0,0,71,0,48,0,68,0,131,0,245,0,589,0,30,0,0,0,53,0,0,0,16,0,0,0,28,0,0,0,25,0,3,0,0,0,28,0,3,0,0,0,0,0,0,0,0,0,77,0,0,18,19,0,0,0,0,0,0,0,0,0,0,0,0,0,0,0,0,0,0,0,0,0,9,0,111,0,0,0,0,0,0,0,86,0,0,0,0,70,0,0,0,178,372,117,0,0,0,0
0,0,63,0,191,0,0,0,0,0,34,0,198,148,229,0,82,0,195,218,246,37,138,0,0,0,0,876,21,0,41,0,0,0,0,12,15,0,0,0,78,87,216,34,212,151,186,209,14,0,226,46,0,0,0,0,0,0,0,0,0,0,34,0,0,0,0,0,0,0,108,0,0,0,85,0,0,0,0,0,0,0,0,0,0,0,56,0,0,0,0,0,0,0,0,0,0,0,0,0,0,0,0,0,0,0,0,0,0,0,0,0,0,0,0,0,0,0,0,0,0,0,0,0,0,0,0,0,0,0,0,0,0,0,0,0,0,0,0,0,0,0,0,0,122,0,0,0,0,0,0,0,0,0,3,0,0,0,0,0,0,0,9,0,52,0,11,0,45,0,0,0,11,0,0,0,52,8,0,0,0,0,0,0,0,0,142,27,0,0,0,0,0,0,0,0,0,0,0,0,0,0,0,0,0,0,0,0,0,0,30,281,193,0,0,1,0,0,0,0,0,0,0,0,0
0,144,0,79,40,300,0,25,0,33,0,104,426,83,33,170,0,0,433,285,126,372,0,144,0,0,876,0,0,13,0,21,0,0,0,85,0,15,0,0,363,49,185,350,196,383,148,183,12,26,217,484,0,0,0,21,0,0,0,0,0,0,0,50,0,0,0,0,0,4,0,0,0,0,0,0,0,0,0,0,0,0,0,0,0,0,0,0,0,0,0,2,0,0,0,0,0,0,0,0,0,0,0,0,0,0,0,0,0,0,0,0,0,0,0,0,0,0,0,0,0,0,0,0,0,0,0,0,0,0,0,0,0,0,0,0,0,0,0,0,0,159,0,186,0,0,0,0,0,0,0,0,0,0,0,14,0,0,0,0,0,0,0,0,0,76,0,9,3,69,0,0,0,0,0,0,41,67,4,0,0,0,0,8,0,0,100,192,0,0,0,0,0,0,0,0,0,0,0,0,0,0,0,0,0,0,0,0,0,0,0,23,0,0,0,0,0,0,0,351,344,0,0,0,0
68,24,310,12,0,0,44,0,0,0,0,4,0,0,0,0,271,0,4,0,25,0,118,5,173,0,21,0,0,0,46,0,41,0,29,0,13,0,18,0,0,0,46,0,0,0,0,0,0,0,10,0,50,0,10,0,9,0,0,0,12,0,131,4,0,0,0,0,0,0,35,0,0,0,83,0,0,0,0,0,44,1,0,0,111,0,14,0,0,0,90,0,0,0,0,0,197,0,191,0,0,0,0,0,0,0,0,0,0,0,0,0,0,0,0,0,0,0,0,0,67,0,60,0,0,0,0,0,10,0,0,0,0,0,0,0,63,0,140,0,95,0,54,0,64,0,0,0,0,0,0,0,0,0,30,0,2,0,23,0,0,0,0,0,0,0,0,0,0,0,0,0,0,0,0,0,47,0,0,0,0,0,9,0,0,0,0,0,0,0,0,0,0,0,0,0,0,0,0,0,0,0,0,0,0,0,0,0,0,0,38,32,16,0,0,0,0,0,0,0,0,0,0,0,0
0,251,35,110,0,0,0,190,0,0,0,107,0,0,3,25,7,365,0,0,1,108,37,138,0,205,0,13,0,0,0,77,0,46,0,25,0,25,0,25,0,0,0,22,0,0,0,0,0,0,0,20,0,33,0,28,0,9,0,0,0,33,0,241,0,1,0,0,0,0,0,0,0,0,0,0,0,0,0,0,0,0,0,0,0,106,0,0,0,0,0,0,0,0,0,0,0,0,0,0,0,0,0,0,0,0,0,0,0,0,0,0,0,0,0,0,0,0,0,0,0,0,0,0,0,0,0,0,0,81,0,8,0,76,0,88,0,242,0,364,0,258,0,263,0,18,0,0,0,0,0,0,0,0,0,21,0,0,0,45,0,0,0,0,0,0,0,0,0,0,0,0,0,4,0,0,4,23,0,14,0,0,0,0,0,0,0,0,0,0,0,0,0,0,0,0,0,0,0,0,0,0,0,0,0,0,0,0,0,0,0,0,0,0,0,0,0,0,53,80,15,0,0,0,0
51,0,262,22,334,0,0,0,0,0,0,18,0,0,298,36,128,0,10,0,116,0,64,11,28,0,41,0,46,0,0,0,6,0,43,0,22,0,1,1,0,0,92,0,14,0,0,0,1,0,25,0,15,0,0,0,0,0,0,0,4,0,78,0,0,0,0,0,0,0,103,0,0,0,100,0,0,0,0,0,0,0,0,0,122,0,0,0,0,0,154,0,0,0,0,0,242,0,0,0,0,0,0,0,0,0,0,0,0,0,0,0,0,0,0,0,0,0,0,0,92,0,0,0,0,0,0,0,0,0,0,0,0,0,0,0,0,0,0,0,49,0,0,0,79,0,0,0,0,0,0,0,0,0,0,0,0,0,0,0,0,0,0,0,0,0,45,0,0,0,0,0,9,0,0,0,76,0,0,0,0,0,22,0,18,0,0,0,0,0,0,0,0,0,0,0,0,0,0,0,0,0,0,0,0,0,0,0,0,0,99,135,63,0,32,0,0,0,0,0,0,0,0,0,0
2,0,21,0,36,238,0,0,0,0,0,201,0,34,58,98,0,40,0,100,0,41,0,0,0,6,0,21,0,77,0,0,0,6,0,40,0,26,0,5,0,0,0,46,0,12,0,0,0,0,0,18,0,0,0,0,0,0,0,0,0,10,0,41,0,2,0,0,0,0,0,0,0,0,0,0,0,0,0,0,0,0,0,0,0,0,0,0,0,0,0,0,0,0,0,0,0,0,0,0,0,0,0,0,0,0,0,0,0,0,0,0,0,0,0,0,0,0,0,0,0,0,0,0,0,0,0,0,0,0,0,0,0,0,0,26,0,74,0,160,0,236,0,123,0,45,0,0,0,0,0,0,0,0,0,0,0,0,0,0,0,0,0,0,0,0,0,41,0,0,0,0,0,3,0,0,10,57,0,30,0,0,0,6,0,0,0,0,0,0,0,0,0,0,0,0,0,0,0,0,0,0,0,0,0,0,0,0,0,0,0,0,0,0,0,0,0,0,154,151,62,11,0,0,0
91,0,283,49,356,69,13,0,0,1,180,23,0,0,196,54,40,0,2,0,65,0,52,21,0,10,0,0,41,0,6,0,0,15,5,1,52,0,5,0,0,0,11,0,0,0,0,0,0,0,2,0,7,0,7,0,0,0,0,0,23,0,29,0,0,0,0,0,0,0,41,0,0,0,51,0,0,0,0,0,0,0,0,0,70,0,0,0,0,0,55,0,0,0,0,0,0,0,0,0,0,0,0,0,0,0,0,0,0,0,0,0,0,0,0,0,0,0,0,0,45,0,33,0,0,0,0,0,0,0,0,0,0,0,0,0,0,0,87,0,62,0,0,0,109,0,0,0,35,0,0,0,0,0,22,0,0,0,12,0,0,0,0,0,0,0,78,0,0,0,11,0,52,0,0,0,175,4,17,0,0,0,46,0,0,0,0,0,0,0,0,0,0,0,0,0,0,0,0,0,0,0,0,0,0,0,0,0,0,0,88,198,73,0,0,0,0,0,0,0,0,0,0,0,0
0,127,0,115,57,226,0,0,0,0,32,409,0,0,105,92,7,14,0,0,0,6,62,0,0,0,0,0,0,46,0,6,15,0,0,14,10,137,4,5,0,0,0,5,0,6,0,0,0,0,0,5,0,0,0,3,0,0,0,0,0,33,0,25,0,0,0,0,0,0,0,0,0,0,0,0,0,0,0,0,0,0,0,0,0,0,0,0,0,0,0,0,0,0,0,0,0,0,0,0,0,0,0,0,0,0,0,0,0,0,0,0,0,0,0,0,0,0,0,0,0,0,0,0,0,0,0,0,0,0,0,0,0,0,0,9,0,0,0,99,0,143,0,46,0,25,0,0,0,0,0,0,0,0,0,9,0,8,0,0,0,0,0,0,0,0,0,115,0,3,0,0,0,17,0,0,22,74,0,68,0,0,0,0,0,0,0,0,0,0,0,0,0,0,0,0,0,0,0,0,0,0,0,0,0,0,0,0,0,0,0,0,0,0,25,0,0,0,205,244,210,0,0,0,0
0,0,0,0,236,0,0,0,0,0,0,22,136,68,183,31,15,0,50,155,27,30,0,0,0,0,0,0,29,0,43,0,5,0,0,0,523,0,0,0,0,0,14,0,0,0,0,0,3,0,80,0,0,0,0,0,0,0,0,0,0,0,0,0,0,0,0,0,0,0,70,0,0,0,63,0,0,0,0,0,46,0,0,0,67,0,28,0,10,0,0,0,0,0,0,0,0,0,0,0,0,0,0,0,0,0,0,0,0,0,0,0,0,0,0,0,0,0,0,0,63,0,0,0,0,0,0,0,0,0,0,0,0,0,0,0,0,0,21,0,27,0,0,0,51,0,0,0,0,0,0,0,0,0,0,0,0,0,0,0,1,0,9,0,10,0,133,0,0,0,0,0,25,0,0,0,134,0,38,0,0,0,0,0,0,0,0,5,0,0,0,0,0,0,0,0,0,0,0,0,0,0,0,0,0,0,0,0,0,0,113,136,200,0,37,0,0,0,0,0,0,0,0,0,0
0,0,0,0,0,465,0,0,0,28,13,326,29,501,41,54,0,0,65,380,30,71,0,16,0,0,12,85,0,25,0,40,1,14,0,0,7,246,0,6,0,0,0,34,2,9,0,0,0,0,0,117,0,0,0,0,0,0,1,0,0,13,0,0,0,0,0,0,0,0,0,0,0,0,0,0,0,0,0,0,0,0,0,0,0,0,0,0,0,0,0,0,0,0,0,0,0,0,0,0,0,0,0,0,0,0,0,0,0,0,0,0,0,0,0,0,0,0,0,0,0,0,0,0,0,0,0,7,0,0,0,0,0,0,0,0,0,0,0,0,0,150,0,132,0,42,0,0,0,0,0,0,0,0,0,0,0,0,0,0,0,0,0,0,0,27,0,106,0,15,0,0,0,12,0,0,0,60,0,0,0,0,0,5,0,0,0,93,0,0,0,0,0,0,0,0,0,2,0,0,0,0,0,0,0,0,0,0,0,0,0,10,0,0,28,0,0,0,141,214,160,0,0,0,0
41,0,59,26,221,56,0,0,0,0,144,22,25,11,168,45,9,0,23,21,26,11,26,0,5,0,15,0,13,0,22,0,52,10,523,7,0,0,38,0,0,0,59,0,7,0,0,0,0,0,73,0,4,0,0,0,0,0,6,0,17,0,9,0,0,0,0,0,0,0,92,0,11,0,72,0,0,0,0,0,0,0,0,0,0,0,41,0,0,0,62,0,0,0,0,0,0,0,188,0,0,0,0,0,0,0,0,0,0,0,0,0,0,0,0,0,0,0,0,0,68,0,0,0,0,0,0,0,0,0,0,0,0,0,0,0,17,0,161,0,81,0,0,0,199,0,0,0,0,0,0,0,31,0,56,0,10,1,23,0,0,0,32,0,7,0,115,0,25,0,18,0,69,0,0,0,107,0,24,0,0,0,0,0,0,0,0,0,0,0,1,0,0,0,0,0,0,0,0,0,0,0,0,0,0,0,0,0,0,0,71,124,103,13,0,0,0,0,2,0,0,0,0,0,0
0,66,0,39,16,179,0,0,0,0,0,166,0,74,37,59,0,4,0,33,8,32,12,16,0,11,0,15,0,25,0,26,0,137,0,246,0,0,0,17,0,0,0,186,0,40,0,0,0,1,0,81,0,9,0,7,0,0,0,0,0,40,0,27,0,0,0,0,0,0,0,0,0,1,0,0,0,0,0,0,0,0,0,0,0,0,0,0,0,0,0,0,0,0,0,0,0,0,0,0,0,0,0,0,0,0,0,0,0,0,0,0,0,0,0,0,0,0,0,0,0,0,0,0,0,0,0,0,0,0,0,0,0,0,0,0,0,0,0,157,0,233,0,104,0,135,0,0,0,0,0,0,0,0,0,14,0,27,0,25,0,0,0,0,0,4,0,109,0,0,0,0,0,18,0,0,8,41,1,20,0,0,0,0,0,0,0,5,0,0,0,0,0,0,0,0,0,0,0,0,0,0,0,0,0,0,0,0,0,0,0,0,0,0,12,0,0,0,66,171,163,6,0,0,0
300,78,477,0,56,0,70,0,48,0,45,0,0,0,0,0,69,0,0,0,3,0,73,15,98,51,0,0,18,0,1,0,5,4,0,0,38,0,0,9,0,0,2,0,0,0,0,0,0,0,0,0,11,0,10,0,0,0,0,0,18,0,15,0,0,0,0,0,0,0,28,0,0,0,27,0,0,0,0,0,0,0,0,0,0,0,0,0,0,0,0,0,0,0,0,0,0,0,0,0,0,0,0,0,0,0,0,0,0,0,0,0,0,0,0,0,0,0,0,0,0,0,17,0,0,0,0,0,1,0,0,0,0,0,0,1,0,0,104,0,41,0,0,0,74,0,0,0,0,0,0,0,0,0,59,0,23,0,19,0,0,0,0,0,1,0,30,0,0,0,9,0,109,3,0,0,252,0,1,0,0,0,26,0,0,0,0,0,0,0,0,0,0,0,0,0,0,0,1,0,0,0,0,0,0,0,0,0,0,0,69,217,42,0,18,1,0,0,0,0,0,0,0,0,0
0,370,0,120,6,0,0,171,0,10,0,124,0,0,0,41,15,82,0,0,0,0,50,47,11,126,0,0,0,25,1,5,0,5,0,6,0,17,9,0,0,0,0,4,0,0,0,0,0,0,0,4,0,16,0,9,0,0,0,0,0,14,0,39,0,0,0,0,0,0,0,0,0,0,0,0,0,0,0,0,0,0,0,0,0,0,0,0,0,0,0,0,0,0,0,0,0,0,0,0,0,1,0,0,0,0,0,0,0,0,0,0,0,0,0,0,0,0,0,0,0,0,0,0,0,0,0,0,0,8,0,5,0,0,0,0,0,0,0,138,0,70,0,28,0,0,0,0,0,0,0,0,0,0,0,17,0,11,0,58,0,0,0,0,0,0,0,8,0,0,0,0,0,14,0,0,0,118,0,42,0,0,0,2,0,0,0,0,0,0,0,0,0,0,0,0,0,0,0,0,0,0,0,0,0,0,0,0,0,0,0,0,0,0,0,0,0,0,31,110,41,0,0,0,0
34,0,20,0,113,0,0,0,26,0,116,0,324,0,0,0,0,0,21,26,2,7,0,0,0,0,78,363,0,0,0,0,0,0,0,0,0,0,0,0,0,114,187,0,83,151,125,366,123,120,60,0,0,0,0,0,0,0,0,0,0,1,0,0,0,0,0,0,0,0,0,0,0,0,0,0,0,0,0,0,0,0,0,1,0,0,0,0,0,0,0,0,0,0,0,0,0,0,0,0,0,0,0,0,0,0,0,0,0,0,0,0,0,0,0,0,0,0,0,0,0,0,0,0,0,0,0,0,0,0,0,0,0,0,0,0,0,0,0,0,0,0,0,0,0,0,0,0,0,0,0,0,0,0,0,0,0,0,0,0,0,0,0,0,0,0,6,0,0,0,0,0,0,0,0,0,28,50,41,0,0,0,19,0,0,0,205,7,0,0,0,0,0,0,0,0,0,0,0,0,0,0,0,0,0,0,0,0,0,0,0,227,64,0,0,0,0,7,0,3,0,0,0,0,0
0,56,0,0,0,38,0,0,0,17,0,168,43,201,0,0,0,0,24,22,0,0,0,0,0,0,87,49,0,0,0,0,0,0,0,0,0,0,0,0,114,0,34,101,99,74,91,184,18,158,10,61,0,0,0,0,0,3,0,0,0,0,0,0,0,0,0,0,0,0,0,0,0,0,0,0,0,0,0,0,0,0,0,8,0,0,0,0,0,0,0,0,0,3,0,2,0,0,0,0,0,0,0,0,0,0,0,0,0,0,0,0,0,0,0,0,0,0,0,0,0,0,0,0,0,0,0,0,0,0,0,4,0,0,0,0,0,0,0,0,0,0,0,0,0,0,0,0,0,0,0,0,0,0,0,0,0,0,0,0,0,0,0,0,0,3,0,0,0,9,0,0,0,0,0,0,0,62,0,1,0,4,0,0,0,0,42,42,0,0,0,0,0,0,0,0,0,0,0,0,0,0,0,0,0,0,0,0,0,0,0,0,0,0,0,0,0,0,0,35,24,0,0,0,5
0,0,0,0,0,3,0,0,0,0,9,0,192,20,21,3,11,0,25,34,58,0,0,0,0,0,216,185,46,0,92,0,11,0,14,0,59,0,2,0,187,34,0,0,200,29,81,56,37,4,102,0,3,0,0,0,15,0,9,0,6,0,13,0,0,0,0,0,0,0,34,0,5,0,0,0,2,0,0,0,30,0,0,0,0,0,0,0,0,0,0,0,0,0,27,0,0,0,69,0,0,0,0,0,3,0,0,0,0,0,0,0,0,0,0,0,0,0,0,0,0,0,0,0,0,0,0,0,0,0,0,0,0,0,0,0,0,0,59,0,0,0,0,0,89,0,0,0,0,0,0,0,0,0,0,0,0,0,0,0,0,0,5,0,18,0,30,0,25,0,19,0,29,0,0,0,0,3,0,0,0,0,0,0,0,0,71,4,0,0,0,0,0,0,0,0,0,0,0,0,0,0,0,0,0,0,0,0,0,0,20,213,90,0,0,0,0,12,0,0,0,0,0,0,0
0,0,0,0,0,0,0,0,0,0,0,0,0,104,0,0,0,0,0,51,0,136,0,31,0,0,34,350,0,22,0,46,0,5,0,34,0,186,0,4,0,101,0,0,8,241,10,57,0,29,0,66,0,0,0,22,0,0,0,0,0,26,0,27,0,0,0,0,0,0,0,0,0,0,0,0,0,0,0,8,0,0,0,0,0,33,0,0,0,0,0,0,0,0,0,0,0,0,0,0,0,3,0,0,0,0,0,0,0,0,0,0,0,0,0,0,0,0,0,0,0,0,0,35,0,0,0,0,0,0,0,0,0,0,0,0,0,0,0,87,0,272,0,182,0,0,0,0,0,0,0,0,0,0,0,6,0,0,0,0,0,2,0,0,0,16,0,17,0,17,0,0,0,6,0,0,2,0,0,0,0,0,0,2,0,0,0,136,0,0,0,0,0,0,0,0,0,0,0,0,0,0,0,0,0,0,0,0,0,0,0,0,0,0,0,0,0,0,0,131,105,0,0,0,0
0,0,44,0,22,0,20,0,0,0,15,0,72,23,29,0,84,0,9,21,38,2,76,0,0,0,212,196,0,0,14,0,0,0,0,2,7,0,0,0,83,99,200,8,0,69,328,252,152,49,108,0,0,0,0,0,0,0,0,0,0,0,47,0,0,0,0,0,32,0,92,0,0,0,117,0,24,0,24,0,171,0,127,0,107,0,91,0,0,0,150,0,92,0,179,0,0,0,400,0,89,0,39,0,48,0,0,0,0,0,0,0,4,0,0,0,0,0,0,0,116,0,0,0,0,0,0,0,0,0,0,0,0,0,0,0,0,0,0,0,0,0,0,0,111,0,0,0,0,0,0,0,0,0,0,0,0,0,3,0,0,0,0,0,106,0,36,0,127,0,15,0,19,0,0,0,26,19,12,0,0,0,0,0,7,0,49,0,0,0,0,0,0,0,47,0,0,0,0,0,0,0,0,0,0,0,0,0,0,0,31,192,246,0,10,0,0,11,0,0,2,0,0,0,0
0,25,0,17,0,32,0,0,0,10,0,21,42,20,0,41,0,0,0,155,0,223,0,57,0,0,151,383,0,0,0,12,0,6,0,9,0,40,0,0,151,74,29,241,69,0,121,204,23,106,26,139,0,0,0,21,0,0,0,0,0,0,0,34,0,0,0,0,0,29,0,0,0,0,0,0,0,22,0,0,0,95,0,93,0,0,0,37,0,0,0,5,0,0,0,75,0,0,0,0,0,34,0,16,0,0,0,0,0,0,0,0,0,0,0,0,0,0,0,0,0,43,0,0,0,0,0,0,0,0,0,0,0,0,0,0,0,95,0,0,0,286,0,314,0,73,0,0,1,0,0,0,0,0,0,0,0,0,0,0,0,0,0,8,0,141,0,28,0,260,0,18,0,14,0,0,0,16,0,0,0,0,0,0,0,0,25,30,0,0,0,0,0,0,0,0,0,0,0,0,0,0,0,0,0,0,0,0,0,0,0,4,0,0,0,0,0,0,70,280,301,4,6,0,88
21,0,0,0,104,0,0,0,9,0,70,0,204,15,9,0,2,0,10,18,0,4,21,0,0,0,186,148,0,0,0,0,0,0,0,0,0,0,0,0,125,91,81,10,328,121,0,270,107,131,29,0,0,0,0,0,0,0,0,0,0,0,0,0,0,0,1,0,4,0,0,0,0,0,0,0,0,0,0,0,0,0,0,0,0,0,7,0,0,0,0,0,7,0,0,0,0,0,0,0,0,0,0,0,0,0,0,0,0,0,0,0,0,0,0,0,0,0,0,0,0,0,0,0,0,0,0,0,0,0,0,0,0,0,0,0,0,0,0,0,0,0,0,0,0,0,0,0,0,0,0,0,0,0,0,0,0,0,0,0,0,0,0,0,24,0,0,0,0,0,0,0,0,0,0,0,35,52,52,0,0,0,19,0,0,0,101,0,0,0,0,0,0,0,0,0,0,0,0,0,0,0,0,0,0,0,0,0,0,0,0,301,114,0,0,0,0,33,0,0,0,0,0,0,0
0,117,0,18,0,103,0,0,0,44,0,150,50,138,0,19,0,0,0,158,0,0,0,0,0,1,209,183,0,0,0,0,0,0,0,0,0,0,0,0,366,184,56,57,252,204,270,0,74,119,0,24,0,0,0,0,0,0,0,0,0,0,0,0,0,0,0,0,0,0,0,0,0,0,0,0,0,0,0,0,0,0,0,0,0,0,0,0,0,0,0,0,0,0,0,0,0,0,0,0,0,0,0,0,0,0,0,0,0,0,0,0,0,0,0,0,0,0,0,0,0,0,0,0,0,0,0,16,0,3,0,0,0,0,0,0,0,0,0,0,0,0,0,0,0,0,0,0,0,0,0,0,0,0,0,10,0,0,0,0,0,0,0,0,0,0,0,0,0,0,0,0,0,0,0,0,0,109,0,0,0,0,0,0,0,0,91,80,0,0,0,0,0,0,0,0,0,0,0,0,0,4,0,0,0,0,0,0,0,0,0,0,0,0,0,0,0,0,13,203,0,0,0,0,32
0,2,2,0,0,0,4,0,3,0,0,0,20,0,0,0,6,0,0,0,5,0,3,0,0,0,14,12,0,0,1,0,0,0,3,0,0,0,0,0,123,18,37,0,152,23,107,74,0,107,10,0,0,0,4,0,20,0,3,0,0,0,0,0,0,0,0,0,22,0,0,0,0,0,0,0,11,0,3,0,13,0,44,0,6,0,13,0,7,0,8,0,79,0,54,0,0,0,37,0,21,0,30,0,17,0,3,0,3,0,0,0,0,0,0,0,0,0,0,0,0,0,0,0,0,0,0,0,0,0,1,0,0,0,0,0,0,0,0,0,0,0,0,0,0,0,0,0,0,0,0,0,0,0,2,0,0,0,2,0,1,0,0,0,15,0,2,0,35,0,0,0,2,0,0,0,103,27,38,0,19,0,1,0,0,0,105,0,13,0,7,0,0,0,11,0,0,0,0,0,14,0,0,0,0,0,0,0,0,0,21,18,118,1,14,0,9,4,0,0,0,0,0,0,0
0,25,0,0,0,7,0,0,0,0,0,57,0,97,0,11,0,0,0,17,1,14,0,0,0,0,0,26,0,0,0,0,0,0,0,0,0,1,0,0,120,158,4,29,49,106,131,119,107,0,1,0,0,1,0,3,0,2,0,0,0,0,0,0,0,0,0,0,0,12,0,0,0,0,0,0,0,11,0,0,0,8,0,23,0,10,0,0,0,0,0,0,0,13,0,24,0,0,0,4,0,12,0,8,0,4,0,0,0,0,0,0,0,0,0,0,0,0,0,0,0,0,0,0,0,1,0,0,0,0,0,0,0,0,0,4,0,0,0,0,0,0,0,0,0,0,0,0,0,0,0,0,0,6,0,0,0,0,0,0,0,0,0,0,0,83,0,1,0,65,0,1,0,0,0,0,0,16,0,3,0,7,0,4,0,0,59,41,0,1,0,0,0,0,0,0,0,0,0,0,0,0,0,0,0,0,0,0,0,0,0,13,0,0,1,0,0,0,14,47,29,2,1,0,8
0,0,0,0,89,13,10,0,0,0,20,0,509,68,30,0,7,0,163,123,10,23,0,0,0,1,226,217,10,0,25,0,2,0,80,0,73,0,0,0,60,10,102,0,108,26,29,0,10,1,0,14,2,0,0,0,0,0,15,0,0,0,0,0,0,0,0,0,0,0,24,0,10,0,23,0,0,0,0,0,43,0,16,0,0,0,0,0,0,0,28,0,0,0,0,0,0,0,84,0,0,0,0,0,0,0,0,0,0,0,0,0,0,0,0,0,0,0,0,0,23,0,0,0,0,0,0,0,0,0,0,0,0,0,4,0,0,0,0,0,15,0,0,0,31,0,0,0,6,0,0,0,0,0,3,0,0,0,0,0,0,0,6,0,38,0,129,0,77,0,22,0,92,0,0,0,45,0,32,0,7,0,0,0,0,0,40,0,0,0,0,0,0,0,0,0,0,0,0,0,0,0,0,0,0,0,0,0,0,0,85,211,187,8,18,0,0,1,1,0,0,0,0,0,0
0,0,0,0,0,146,0,0,0,0,0,114,29,527,0,19,0,0,0,288,18,74,0,0,0,0,46,484,0,20,0,18,0,5,0,117,0,81,0,4,0,61,0,66,0,139,0,24,0,0,14,0,0,12,0,37,0,31,0,0,0,13,0,10,0,0,0,0,0,3,0,10,0,0,0,0,0,0,0,13,0,59,0,15,0,48,0,0,0,0,0,0,0,0,0,0,0,0,0,0,0,7,0,0,0,0,0,0,0,0,0,0,0,0,0,0,0,0,0,0,0,0,0,0,0,0,0,7,0,0,0,0,0,0,0,0,0,0,0,0,0,141,0,152,0,71,0,0,0,0,0,0,0,0,0,9,0,0,0,0,0,0,0,12,0,45,0,65,0,70,0,19,0,52,0,0,0,12,0,3,0,0,0,12,0,0,0,144,0,0,0,0,0,0,0,17,0,0,0,0,0,0,0,0,0,0,0,0,0,0,0,0,0,0,13,0,0,0,50,179,185,0,0,0,0
0,0,3,0,0,0,83,20,179,147,0,0,0,0,0,0,204,0,0,0,49,0,0,0,29,2,0,0,50,0,15,0,7,0,0,0,4,0,11,0,0,0,3,0,0,0,0,0,0,0,2,0,0,29,378,80,300,7,131,119,94,0,155,2,5,10,59,122,0,0,0,1,0,0,0,0,0,0,0,0,0,0,0,0,48,0,0,0,0,0,27,1,0,0,0,0,90,0,0,0,0,0,0,0,0,0,14,0,0,0,0,0,0,0,0,0,0,0,0,0,0,0,26,0,0,0,0,0,38,1,0,0,0,0,0,0,145,0,173,0,48,0,83,0,0,0,0,0,0,0,0,0,0,0,406,0,144,0,116,0,37,0,0,0,2,0,1,0,6,0,103,0,8,0,0,0,75,0,0,0,0,0,0,0,103,3,0,0,0,0,0,0,0,0,0,0,0,0,0,0,13,0,0,0,0,0,1,0,0,0,49,95,69,51,56,0,28,0,2,0,0,0,0,0,0
0,22,0,0,0,0,48,80,131,254,0,0,0,0,0,4,0,110,0,0,0,13,0,6,43,17,0,0,0,33,0,0,0,0,0,0,0,9,0,16,0,0,0,0,0,0,0,0,0,1,0,12,29,0,51,218,4,80,23,57,6,94,10,192,0,0,28,26,0,0,0,0,0,0,0,0,0,0,0,0,0,0,0,0,0,0,0,0,0,0,0,0,0,0,0,0,0,4,0,0,0,0,0,0,0,0,0,0,0,0,0,0,0,0,0,0,0,0,0,0,0,0,0,0,0,0,0,0,0,52,0,0,0,0,0,0,0,25,0,63,0,9,0,3,0,5,0,0,0,0,0,0,0,0,0,166,0,87,0,126,0,5,0,0,1,0,0,0,0,0,2,29,0,7,0,0,18,106,0,0,0,0,0,0,0,148,0,0,0,0,0,0,0,0,0,0,0,0,0,0,0,0,0,0,0,0,0,0,0,2,9,0,0,0,41,0,2,0,44,110,60,27,0,0,0
0,5,20,0,0,0,296,50,58,276,0,0,0,0,25,0,57,0,0,0,42,0,112,0,435,5,0,0,10,0,0,0,7,0,0,0,0,0,10,0,0,0,0,0,0,0,0,0,4,0,0,0,378,51,0,141,97,0,125,61,48,4,51,12,0,0,19,100,0,0,0,0,0,0,0,0,0,0,0,0,0,0,0,0,27,0,0,0,0,0,0,0,0,0,0,0,53,0,0,0,0,0,0,0,0,0,0,0,0,0,0,0,0,0,0,0,0,0,0,0,0,0,0,0,36,5,0,0,35,0,8,0,39,0,0,0,189,0,26,0,33,0,49,0,0,0,0,0,4,7,0,0,0,1,157,0,23,0,21,0,54,0,0,0,0,0,0,0,14,0,205,0,0,0,0,0,12,2,0,0,0,0,0,1,26,2,0,0,0,0,0,0,0,0,0,0,0,0,0,0,0,0,0,0,0,0,0,0,14,0,241,46,200,109,193,0,125,0,10,0,0,0,0,0,0
0,6,0,36,0,12,64,187,318,258,0,0,0,0,0,85,3,80,0,0,0,24,1,69,46,191,0,21,0,28,0,0,0,3,0,0,0,7,0,9,0,0,0,22,0,21,0,0,0,3,0,37,80,218,141,0,3,262,26,115,13,84,52,211,0,1,56,8,0,0,0,0,0,0,0,0,0,3,0,0,0,0,0,0,0,0,0,0,0,0,0,0,0,0,0,0,0,0,0,0,0,0,0,0,0,0,0,0,0,0,0,0,0,0,0,0,0,0,0,0,0,0,0,0,0,28,0,60,0,46,0,48,0,0,0,22,0,145,0,25,0,0,0,0,0,0,0,0,0,0,0,17,0,0,0,126,0,53,0,33,0,71,0,9,0,2,0,18,2,16,0,185,0,141,0,0,9,18,0,0,0,0,3,0,0,60,0,0,0,0,0,0,0,0,0,0,0,0,0,0,0,0,0,0,0,0,0,0,0,45,23,0,0,0,354,0,0,0,354,149,501,186,0,168,0
1,0,0,0,0,0,24,0,0,0,0,0,0,0,0,0,47,0,0,0,13,0,17,0,46,0,0,0,9,0,0,0,0,0,0,0,0,0,0,0,0,0,15,0,0,0,0,0,20,0,0,0,300,4,97,3,0,3,272,43,11,0,37,0,36,46,52,56,4,0,0,0,0,0,0,0,0,0,0,0,0,0,1,0,0,3,0,0,0,0,0,1,0,0,0,0,0,0,0,1,0,0,0,0,0,0,0,0,0,0,0,0,0,0,0,0,0,0,0,0,0,0,0,0,8,0,1,0,0,0,21,0,4,1,0,0,11,0,27,12,5,0,0,2,0,0,1,0,5,7,0,0,0,0,344,10,134,0,90,16,106,0,46,0,0,0,12,0,36,0,249,0,36,0,0,1,3,0,0,0,0,0,0,0,0,7,0,0,0,0,0,0,0,0,0,0,0,0,0,0,0,0,0,0,0,0,0,0,2,0,647,104,584,538,881,0,395,0,0,0,0,0,0,0,0
0,0,1,0,1,0,0,10,6,47,0,0,0,0,0,0,0,77,0,0,0,0,0,0,0,34,0,0,0,9,0,0,0,0,0,0,0,0,0,0,0,3,0,0,0,0,0,0,0,2,0,31,7,80,0,262,3,0,22,181,0,6,0,20,2,5,0,35,0,2,0,0,0,0,0,0,0,0,0,0,0,0,0,0,0,0,0,0,0,0,0,0,0,0,0,0,0,0,0,0,0,0,0,0,0,0,0,0,0,0,0,0,0,0,0,0,0,0,0,0,0,0,0,0,0,15,0,10,0,41,0,56,0,17,0,12,0,44,0,35,0,0,0,0,0,3,0,0,0,2,0,4,0,0,6,179,0,37,0,229,0,94,0,43,0,0,0,0,0,9,2,168,0,36,0,0,1,0,0,0,0,0,0,0,0,35,0,0,0,0,0,0,0,0,0,0,0,0,0,0,0,0,0,0,0,0,0,0,0,6,1,0,0,0,327,0,0,0,384,135,502,0,0,228,0
0,0,0,0,0,0,12,0,33,93,0,0,0,0,0,0,5,0,0,0,0,0,0,0,15,0,0,0,0,0,0,0,0,0,0,1,6,0,0,0,0,0,9,0,0,0,0,0,3,0,15,0,131,23,125,26,272,22,0,237,44,0,0,0,196,101,201,298,0,0,0,0,1,0,0,0,0,0,0,0,0,0,0,0,0,3,0,1,0,0,0,0,0,0,0,0,0,0,0,0,0,0,0,0,0,0,0,0,0,0,0,0,0,0,0,0,0,0,0,0,0,0,0,0,0,0,0,0,0,0,9,0,0,0,0,0,0,0,9,0,0,0,0,1,5,5,0,0,6,0,0,0,0,0,108,47,180,0,0,36,33,28,0,0,0,0,20,0,13,0,172,0,37,0,0,0,51,0,0,0,29,2,0,0,84,36,0,0,0,0,0,0,0,0,0,0,0,0,0,0,0,0,0,0,0,0,0,0,0,0,799,224,271,395,705,0,329,0,3,0,3,0,0,0,0
0,0,0,0,0,0,0,8,99,19,0,0,0,0,0,0,0,0,0,0,0,0,0,0,0,5,0,0,0,0,0,0,0,0,0,0,0,0,0,0,0,0,0,0,0,0,0,0,0,0,0,0,119,57,61,115,43,181,237,0,0,0,0,9,25,133,302,130,0,0,0,0,0,0,0,0,0,0,0,0,0,7,0,0,0,0,0,0,0,0,0,0,0,0,0,0,0,0,0,0,0,0,0,0,0,0,0,0,0,0,0,0,0,0,0,0,0,0,0,0,0,3,0,1,0,0,0,1,0,5,0,64,0,0,0,2,1,2,10,0,0,0,0,1,0,46,0,0,0,11,0,0,0,1,57,51,0,104,16,37,17,71,0,29,0,0,0,6,2,6,0,53,0,0,0,0,0,6,0,0,0,0,0,0,40,32,0,0,0,0,0,0,0,0,0,0,0,0,0,0,0,0,0,0,0,0,0,0,0,0,0,0,0,0,702,0,0,0,1029,327,370,458,0,310,0
57,0,108,0,0,0,280,0,328,0,0,0,0,0,0,0,17,0,0,0,0,0,0,0,46,7,0,0,12,0,4,0,23,0,0,0,17,0,18,0,0,0,6,0,0,0,0,0,0,0,0,0,94,6,48,13,11,0,44,0,0,2,68,0,0,0,16,0,0,0,0,0,0,0,0,0,0,0,0,0,0,0,0,0,0,0,0,0,0,0,0,0,0,0,0,0,0,0,0,0,0,0,0,0,0,0,0,0,0,0,0,0,0,0,0,0,0,0,0,0,0,0,0,0,0,0,0,0,0,0,0,0,0,0,0,0,0,0,348,0,45,0,0,0,214,0,0,0,0,0,6,0,0,0,124,0,205,0,77,0,0,0,0,0,0,0,0,0,0,0,110,0,133,0,0,0,107,7,0,0,0,0,10,0,0,0,0,0,0,0,0,0,0,0,0,0,0,0,0,0,0,0,0,0,0,0,0,0,0,0,42,86,16,0,17,0,0,0,0,0,0,0,0,0,0
0,332,61,0,0,0,0,335,0,173,0,7,0,0,0,7,0,25,0,0,0,17,29,0,43,104,0,0,0,33,0,10,0,33,0,13,0,40,0,14,1,0,0,26,0,0,0,0,0,0,0,13,0,94,4,84,0,6,0,0,2,0,4,111,0,0,0,0,0,0,0,0,0,0,0,0,0,0,0,0,0,0,0,0,0,0,0,0,0,0,0,0,0,0,0,0,0,0,0,0,0,0,0,0,0,0,0,0,0,0,0,0,0,0,0,0,0,0,0,0,0,0,0,0,0,0,0,0,0,0,0,0,0,0,0,0,0,0,0,190,0,80,0,12,0,164,0,0,0,0,0,0,0,0,0,48,0,199,0,62,0,0,0,0,0,0,0,0,0,1,0,74,0,52,0,0,20,274,0,11,0,0,0,7,0,0,0,0,0,0,0,0,0,0,0,0,0,0,0,0,0,0,0,0,0,0,0,0,0,0,5,0,0,0,33,0,0,0,43,275,68,26,0,14,0
31,39,65,0,0,0,338,112,322,94,0,0,0,0,2,0,454,12,0,0,71,0,11,0,114,38,34,0,131,0,78,0,29,0,0,0,9,0,15,0,0,0,13,0,47,0,0,0,0,0,0,0,155,10,51,52,37,0,0,0,68,4,0,20,0,0,4,2,0,0,0,0,0,0,25,0,0,0,0,0,0,0,0,0,103,0,0,0,0,0,0,0,0,0,0,0,153,0,0,0,0,0,0,0,0,0,0,0,0,0,0,0,0,0,0,0,0,0,0,0,20,0,48,0,0,0,0,0,16,0,0,0,0,0,0,0,71,0,183,0,78,0,109,0,9,0,0,0,0,0,0,1,0,0,106,0,13,0,50,0,0,0,0,0,0,0,0,0,2,0,10,0,19,2,0,0,107,6,0,0,0,1,8,0,0,0,0,0,0,0,0,0,0,0,0,0,0,0,0,0,0,0,0,0,0,0,0,0,0,0,22,86,25,6,19,0,3,0,3,2,0,0,0,0,0
37,135,28,2,0,1,93,255,80,131,0,0,0,0,0,4,10,196,0,0,0,123,14,65,93,106,0,50,4,241,0,41,0,25,0,0,0,27,0,39,0,0,0,27,0,34,0,0,0,0,0,10,2,192,12,211,0,20,0,9,0,111,20,0,0,0,0,0,0,0,0,0,0,0,0,0,0,0,0,0,0,0,0,0,0,0,0,0,0,0,0,0,0,0,0,0,0,0,0,0,0,0,0,0,0,0,0,0,0,0,0,0,0,0,0,0,0,0,0,0,0,0,0,0,0,0,0,0,0,92,0,7,0,82,0,41,0,168,0,236,0,53,0,49,0,13,0,0,0,0,0,0,0,0,0,91,0,31,0,77,0,5,0,2,0,0,0,0,0,0,0,12,6,0,0,0,15,218,0,0,0,0,0,2,0,0,0,0,0,0,0,0,0,0,0,0,0,0,0,0,0,0,0,0,0,0,0,0,0,0,0,0,0,2,9,0,0,0,34,231,10,4,0,0,0
0,0,0,0,0,0,17,0,36,0,0,0,0,0,6,0,0,0,2,0,3,0,0,0,0,0,0,0,0,0,0,0,0,0,0,0,0,0,0,0,0,0,0,0,0,0,0,0,0,0,0,0,5,0,0,0,36,2,196,25,0,0,0,0,0,81,114,25,0,0,5,0,10,0,0,0,0,0,0,1,0,0,0,0,0,0,0,0,0,0,0,0,0,0,0,0,0,0,0,0,0,0,0,0,0,0,0,0,0,0,0,0,0,0,0,0,0,0,0,0,0,6,0,0,5,21,0,0,0,0,57,145,0,0,0,0,2,0,74,121,0,0,0,0,48,0,7,0,45,59,0,0,0,14,21,7,80,0,14,32,215,78,50,0,0,0,0,0,0,0,13,0,10,0,30,16,11,0,0,0,146,43,2,0,215,13,0,0,0,0,0,0,0,0,0,0,0,0,0,0,0,0,0,0,0,0,0,0,0,0,147,2,0,0,100,0,0,0,0,0,0,0,0,0,0
0,27,0,0,0,0,0,5,0,100,0,0,0,0,0,3,0,0,0,0,0,0,0,0,0,0,0,0,0,1,0,2,0,0,0,0,0,0,0,0,0,0,0,0,0,0,0,0,0,0,0,0,10,0,0,1,46,5,101,133,0,0,0,0,81,0,62,577,0,0,0,11,0,0,0,0,0,0,0,0,0,0,0,0,0,17,0,12,0,0,0,0,0,0,0,0,0,0,0,0,0,0,0,0,0,0,0,0,0,0,0,0,0,0,0,0,0,0,0,0,0,0,0,0,0,30,0,28,0,4,0,181,0,0,0,0,0,10,27,77,0,0,0,0,0,136,0,62,0,287,0,11,0,10,76,12,10,0,74,37,105,321,0,24,0,0,0,0,0,0,0,0,0,0,0,59,0,0,0,0,14,131,0,11,43,78,0,0,0,0,0,0,0,0,0,0,0,0,0,0,0,0,0,0,0,0,0,0,0,0,9,0,4,0,56,0,0,0,106,5,23,0,0,0,0
0,0,5,0,2,0,35,0,111,134,0,0,0,0,0,0,0,0,0,0,0,0,0,0,0,0,0,0,0,0,0,0,0,0,0,0,0,0,0,0,0,0,0,0,0,0,1,0,0,0,0,0,59,28,19,56,52,0,201,302,16,0,4,0,114,62,0,327,0,0,0,0,0,0,0,0,0,0,0,0,0,0,0,0,0,0,0,0,0,0,0,0,0,0,0,0,0,0,0,0,0,0,0,0,0,0,0,0,0,0,0,0,0,0,0,0,0,0,0,0,0,0,0,0,7,0,0,0,0,0,33,0,0,0,0,0,0,0,0,13,0,0,0,0,0,0,0,0,13,0,0,0,0,0,42,28,73,0,7,27,37,32,0,0,0,0,0,0,3,0,30,0,5,0,3,0,175,2,0,0,28,4,1,0,289,56,0,0,0,0,0,0,0,0,0,0,0,0,0,0,0,0,0,0,0,0,0,0,0,0,113,37,32,48,81,0,25,0,3,3,0,0,0,0,0
0,0,0,0,0,0,0,0,111,133,0,0,0,0,0,0,0,0,0,0,0,0,0,0,0,0,0,0,0,0,0,0,0,0,0,0,0,0,0,0,0,0,0,0,0,0,0,0,0,0,0,0,122,26,100,8,56,35,298,130,0,0,2,0,25,577,327,0,0,0,0,0,0,0,0,1,0,0,0,0,0,4,0,0,0,5,0,0,0,0,0,0,0,2,0,0,0,1,0,0,0,0,0,0,0,0,0,0,0,0,0,0,0,0,0,0,0,0,0,0,0,0,0,0,0,5,0,8,0,0,0,50,0,3,0,11,0,9,0,9,0,0,0,0,0,43,0,25,1,23,0,6,0,7,54,23,17,9,14,39,0,96,0,19,0,0,0,0,0,1,0,0,0,0,0,18,10,8,0,0,1,0,0,0,56,88,0,0,0,0,0,0,0,0,0,0,0,0,0,1,0,3,0,0,0,0,0,0,0,8,0,6,0,0,110,0,0,0,178,79,47,78,0,0,0
0,0,0,0,0,0,0,0,1,0,0,0,0,0,0,0,0,0,0,0,0,0,0,0,0,0,0,0,0,0,0,0,0,0,0,0,0,0,0,0,0,0,0,0,32,0,4,0,22,0,0,0,0,0,0,0,4,0,0,0,0,0,0,0,0,0,0,0,0,0,0,0,10,0,0,0,87,0,26,0,9,0,40,0,8,0,6,0,14,0,0,0,45,0,29,0,17,0,0,0,9,0,212,0,35,0,0,0,115,0,11,0,10,0,4,0,3,0,0,0,0,0,0,0,0,0,0,0,0,0,0,0,0,0,0,0,0,0,0,0,0,0,0,0,0,0,0,0,0,0,0,0,4,0,0,0,0,0,0,0,0,0,4,0,13,0,0,0,132,0,2,0,2,0,0,0,0,0,0,0,0,0,0,0,0,0,0,0,42,0,0,0,0,0,33,0,0,0,0,0,0,0,0,0,0,0,0,0,0,0,21,0,113,11,11,21,131,0,0,0,0,0,0,0,0
0,0,0,0,0,0,0,0,0,0,0,0,0,0,0,0,0,0,0,0,0,0,0,0,0,0,0,4,0,0,0,0,0,0,0,0,0,0,0,0,0,0,0,0,0,29,0,0,0,12,0,3,0,0,0,0,0,2,0,0,0,0,0,0,0,0,0,0,0,0,0,0,0,3,0,0,0,64,0,1,0,0,0,75,0,0,0,0,0,28,0,0,0,53,0,79,0,0,0,0,0,19,0,232,0,0,0,0,0,115,0,5,0,0,0,1,0,13,0,0,0,0,0,0,0,0,0,0,0,0,0,0,0,0,0,0,0,0,0,0,0,0,0,6,0,0,0,0,0,0,0,0,0,4,0,0,0,1,0,0,0,0,0,0,0,26,0,0,0,52,0,0,0,0,0,0,0,0,0,0,0,0,0,0,0,0,0,0,0,0,0,0,0,0,0,0,0,0,0,0,0,21,0,0,0,0,0,0,0,0,0,0,0,0,3,0,0,0,17,18,96,9,33,160,0
0,0,0,0,0,0,0,0,0,0,0,0,2,0,0,0,69,0,18,0,61,0,0,0,0,0,108,0,35,0,103,0,41,0,70,0,92,0,28,0,0,0,34,0,92,0,0,0,0,0,24,0,0,0,0,0,0,0,0,0,0,0,0,0,5,0,0,0,0,0,0,0,235,0,289,0,8,0,256,0,10,1,0,0,0,0,53,0,0,0,0,0,0,0,0,0,1,4,0,0,0,0,0,0,0,0,0,0,0,0,0,0,0,0,0,0,0,0,0,0,17,0,3,0,46,16,0,0,0,0,25,20,0,0,15,0,27,9,7,6,81,13,3,6,105,0,0,12,102,0,0,0,72,0,0,0,18,0,0,0,7,0,73,7,0,0,0,0,20,0,40,0,73,0,73,0,0,0,0,0,24,0,0,0,49,0,0,0,0,0,0,0,0,0,0,0,0,0,0,0,0,3,0,0,0,0,0,0,31,0,10,0,24,0,0,0,0,0,2,0,4,0,0,1,0
0,0,0,0,0,0,0,1,0,0,0,0,0,0,0,0,0,0,0,0,1,0,0,0,0,0,0,0,0,0,0,0,0,0,0,0,0,0,0,0,0,0,0,0,0,0,0,0,0,0,0,10,1,0,0,0,0,0,0,0,0,0,0,0,0,11,0,0,0,0,0,0,0,252,0,499,0,16,0,51,0,0,0,0,0,0,0,88,0,0,0,0,0,0,0,0,0,0,0,0,0,0,0,0,0,0,0,0,0,0,0,0,0,0,0,0,0,0,0,0,0,22,0,55,0,100,0,0,0,0,0,69,0,92,0,0,0,0,10,0,0,41,2,8,0,126,0,0,0,56,0,0,5,0,0,0,0,0,0,0,9,7,0,76,0,0,0,9,0,7,0,13,0,11,0,15,0,1,0,0,0,23,0,0,3,61,0,0,0,0,0,0,0,0,0,0,0,0,0,0,0,0,0,0,0,0,0,0,0,14,1,0,0,0,0,0,0,0,25,0,0,0,0,0,0
0,0,0,0,0,0,0,0,0,0,0,0,0,0,4,0,9,0,0,0,0,0,0,0,0,0,0,0,0,0,0,0,0,0,0,0,11,0,0,0,0,0,5,0,0,0,0,0,0,0,10,0,0,0,0,0,0,0,1,0,0,0,0,0,10,0,0,0,10,0,235,0,0,0,203,0,54,0,351,0,18,0,0,0,7,0,33,3,0,0,0,0,5,0,1,0,0,0,6,0,0,0,0,0,0,0,1,0,0,0,0,0,0,0,0,0,0,0,0,0,27,0,4,0,28,0,40,0,0,5,25,13,17,0,34,0,44,0,0,0,68,6,10,9,53,0,65,10,58,0,37,0,45,0,0,0,5,0,0,0,8,0,204,4,0,0,4,0,11,0,9,0,15,0,34,0,0,0,0,0,20,10,0,0,28,0,0,0,0,0,0,0,0,0,2,0,0,0,42,0,27,0,0,0,7,0,0,0,48,0,261,7,22,0,24,0,0,0,2,0,0,0,0,0,0
0,0,0,0,0,0,0,0,0,0,0,0,0,0,0,0,0,0,0,0,0,0,0,0,0,0,0,0,0,0,0,0,0,0,0,0,0,1,0,0,0,0,0,0,0,0,0,0,0,0,0,0,0,0,0,0,0,0,0,0,0,0,0,0,0,0,0,0,0,3,0,252,0,0,0,251,0,142,0,136,0,26,0,25,0,0,1,152,0,4,0,0,0,18,3,0,2,0,5,4,0,0,0,3,0,0,6,0,0,0,0,0,0,0,0,0,0,0,0,0,0,45,0,40,8,123,4,102,0,25,0,32,8,0,0,0,0,29,0,0,0,35,0,28,0,85,0,71,0,25,0,0,0,44,0,0,0,0,0,0,4,0,0,101,0,0,0,7,0,19,0,0,0,3,0,20,0,0,0,0,14,0,0,0,0,34,0,0,0,0,1,0,0,0,0,0,0,0,0,0,0,0,5,0,0,0,0,0,0,58,3,0,0,0,18,0,0,0,141,0,23,0,0,0,0
0,0,4,0,0,0,0,0,0,0,0,0,0,0,0,0,91,0,0,0,62,0,0,0,0,0,85,0,83,0,100,0,51,0,63,0,72,0,27,0,0,0,0,0,117,0,0,0,0,0,23,0,0,0,0,0,0,0,0,0,0,0,25,0,0,0,0,0,0,0,289,0,203,0,0,0,10,0,201,0,34,0,27,0,6,4,98,0,0,0,0,0,0,0,0,1,3,0,36,4,0,2,0,0,0,0,0,0,0,0,0,0,0,0,0,0,0,0,0,0,87,0,7,0,0,24,36,0,0,9,37,17,0,10,61,11,49,9,26,7,201,15,47,13,197,0,67,14,125,0,42,0,111,7,0,0,20,0,0,0,0,0,37,0,0,0,7,0,22,0,25,0,37,0,99,0,0,0,0,0,0,14,0,0,0,0,0,0,0,0,0,0,0,0,0,0,20,0,36,0,0,0,0,0,0,0,130,0,63,0,45,1,12,0,8,0,0,0,0,0,7,0,0,0,0
0,0,0,0,0,0,0,0,0,0,0,0,0,0,0,0,0,2,0,0,0,0,0,0,0,0,0,0,0,0,0,0,0,0,0,0,0,0,0,0,0,0,0,0,0,0,0,0,0,0,0,0,0,0,0,0,0,0,0,0,0,0,0,0,0,0,0,1,0,0,0,499,0,251,0,0,0,20,0,183,0,15,0,0,0,3,0,150,0,0,0,0,0,0,0,3,0,0,0,2,0,0,1,0,0,0,0,0,0,0,0,0,0,0,0,0,0,0,0,0,0,229,0,78,0,97,0,0,0,0,0,0,0,0,0,0,0,34,9,5,0,96,0,30,0,242,0,0,15,80,0,0,0,42,0,0,0,0,5,0,0,0,0,66,0,0,0,0,0,12,0,18,0,35,0,19,0,0,0,0,13,0,0,0,0,61,0,0,0,0,0,0,0,0,0,0,0,2,0,0,0,0,0,0,0,0,0,0,0,0,0,0,0,0,0,0,0,0,54,0,26,0,0,0,0
0,0,0,0,0,0,0,0,0,0,0,0,0,0,0,0,0,0,0,0,0,0,0,0,0,0,0,0,0,0,0,0,0,0,0,0,0,0,0,0,0,0,2,0,24,0,0,0,11,0,0,0,0,0,0,0,0,0,0,0,0,0,0,0,0,0,0,0,87,0,8,0,54,0,10,0,0,0,63,0,26,0,35,0,14,0,44,0,5,0,0,0,20,0,32,0,15,0,31,0,10,0,41,0,31,0,0,0,37,0,5,0,8,0,18,0,17,0,0,0,0,0,12,0,0,0,0,0,0,0,0,0,0,0,0,0,0,0,0,0,3,0,0,0,0,0,0,0,0,0,0,0,0,0,0,0,0,0,0,0,0,0,1,0,15,0,0,0,68,0,0,0,3,0,0,0,0,0,0,0,0,0,0,0,1,0,0,0,0,0,0,0,0,0,36,0,0,0,0,0,31,0,0,0,0,0,0,0,10,0,45,3,111,0,7,5,5,0,0,0,0,0,0,0,0
0,0,0,0,0,0,0,1,0,0,0,0,0,0,0,0,0,0,0,0,0,0,0,0,0,0,0,0,0,0,0,0,0,0,0,0,0,0,0,0,0,0,0,0,0,22,0,0,0,11,0,0,0,0,0,3,0,0,0,0,0,0,0,0,0,0,0,0,0,64,0,16,0,142,0,20,0,0,0,33,0,62,0,112,0,0,0,116,0,4,0,0,0,26,0,29,1,0,0,28,0,18,0,88,0,32,0,0,0,10,0,4,0,0,0,0,0,6,0,0,0,10,0,5,0,0,0,0,0,0,0,0,0,0,0,0,0,0,0,0,0,0,0,10,2,0,0,0,0,0,0,0,0,12,0,0,0,1,0,0,0,0,0,0,0,17,0,0,0,47,0,0,0,1,0,0,0,1,0,0,0,0,0,0,0,0,0,0,0,0,0,0,0,0,0,0,0,0,0,0,0,40,0,0,0,0,0,0,0,0,0,0,0,0,0,0,0,0,113,34,171,0,35,12,0
0,0,0,0,0,0,0,0,0,0,0,0,0,0,0,0,0,0,0,0,0,0,0,0,0,0,0,0,0,0,0,0,0,0,0,0,0,0,0,0,0,0,0,0,24,0,0,0,3,0,0,0,0,0,0,0,0,0,0,0,0,0,0,0,0,0,0,0,26,0,256,0,351,0,201,0,63,0,0,0,21,0,145,0,0,0,26,0,0,0,0,0,28,0,20,0,0,0,22,0,0,0,20,0,41,0,0,0,41,0,1,0,2,0,5,0,2,0,0,0,41,0,22,0,0,0,0,0,0,0,0,0,0,0,0,0,0,0,0,0,49,0,0,0,22,0,0,0,60,0,9,0,37,0,0,0,0,0,0,0,0,0,39,0,9,0,0,0,51,0,0,0,0,0,31,0,1,0,0,0,0,0,0,0,8,0,0,0,0,0,0,0,0,0,34,0,0,0,0,0,0,0,0,0,23,0,0,0,0,0,180,7,56,0,23,7,8,0,0,0,11,5,0,0,0
