0,168,40,57,21,1,23,149,62,86,122,0,125,0,9,31,45,43,0,0,18,0,19,62,5,277,28,0,0,0,6,0,82,0,0,0,0,0,325,0,15,0,0,0,0,0,24,0,15,1,0,0,0,0,4,16,0,0,2,0,67,0,51,0,0,0,0,0,0,0,0,0,0,0,0,0,0,0,0,0,0,0,0,0,0,0,0,0,0,0,0,0,0,0,0,0,0,0,0,0,0,0,0,0,0,0,0,0,0,0,0,0,0,0,0,0,0,0,0,0,0,0,0,0,0,0,0,0,0,0,0,0,0,0,0,0,0,0,0,0,0,0,0,0,0,0,1,0,0,0,0,0,0,0,0,0,0,0,0,0,0,0,0,0,0,0,0,0,0,0,0,0,209,0,0,0,200,101,38,0,5,0,74,1,5,0,4,0,0,0,0,0,0,0,0,0,0,0,0,0,0,0,0,0,0,0,0,0,0,0,747,133,300,333,422,0,0,3,0,0,0,0,0,0,0
168,0,191,44,21,109,0,43,5,65,20,186,0,160,0,48,39,50,0,88,32,0,338,42,0,76,0,108,0,40,0,0,0,171,0,0,0,185,0,345,0,25,0,6,0,31,0,119,0,5,0,0,0,0,0,4,0,0,0,0,0,125,0,51,0,19,0,11,0,0,0,1,0,0,0,0,0,0,0,0,0,0,0,0,0,0,0,6,0,0,0,0,0,0,0,0,0,0,0,0,0,0,0,0,0,0,0,0,0,0,0,0,0,0,0,0,0,0,0,0,0,0,0,0,0,0,0,0,0,0,0,0,0,0,0,13,0,0,0,0,0,0,0,0,0,3,0,9,0,28,0,0,0,38,0,0,0,0,0,0,0,0,0,8,0,0,0,0,0,96,0,154,0,175,0,13,77,248,0,2,0,0,0,5,0,127,0,1,0,0,0,0,0,0,0,0,0,0,0,11,0,8,0,0,0,0,0,10,0,12,0,0,0,1,696,0,0,0,1131,144,501,279,3,133,0
40,191,0,64,191,0,72,102,45,53,31,37,104,0,105,77,158,48,46,0,55,0,149,63,40,192,69,0,65,0,22,0,187,0,0,0,55,0,392,0,20,0,0,0,35,0,83,0,22,0,0,0,0,0,32,0,9,0,0,0,52,0,95,0,0,0,0,0,0,0,0,0,0,0,0,0,0,0,0,0,0,0,0,0,0,0,0,0,0,0,0,0,0,0,0,0,0,0,0,0,0,0,0,0,0,0,0,0,0,0,0,0,0,0,0,0,0,0,0,0,0,0,0,0,15,0,31,0,0,0,29,0,8,0,311,0,61,0,0,0,0,0,78,0,0,0,29,0,21,0,27,0,19,0,0,0,0,0,0,0,0,0,0,0,0,0,0,0,0,0,0,0,343,0,0,0,145,95,15,0,25,0,25,7,21,0,0,0,0,0,0,0,0,0,0,0,0,0,0,0,51,0,0,0,0,0,28,0,92,0,610,66,373,358,474,0,29,0,6,0,0,0,0,0,0
57,44,64,0,0,94,0,65,0,16,0,14,0,27,0,171,0,29,0,229,33,38,165,294,8,41,0,64,0,0,0,13,0,224,0,0,0,77,0,162,0,0,0,0,0,0,0,0,0,4,0,0,0,2,0,42,0,5,0,0,0,0,0,3,0,0,0,0,0,0,0,1,0,0,0,0,0,0,0,0,0,0,0,0,0,0,0,0,0,0,0,0,0,0,0,0,0,0,0,0,0,0,0,0,0,0,0,0,0,0,0,0,0,0,0,0,0,0,0,0,0,0,0,0,0,24,0,10,0,0,0,25,3,0,0,99,0,39,1,0,0,0,0,0,0,0,0,0,0,4,0,32,3,0,0,0,0,0,0,0,0,6,0,0,0,12,0,0,0,0,0,0,0,111,0,0,21,78,0,3,0,0,0,0,0,15,0,0,0,0,0,0,0,0,0,0,0,0,0,0,0,0,0,0,0,0,0,22,0,30,0,0,0,0,282,0,0,0,338,27,314,144,0,71,0
21,21,191,0,0,0,7,0,21,0,139,72,256,67,136,160,3,2,63,75,350,70,60,24,16,0,84,0,0,0,306,0,221,0,336,0,208,0,26,0,81,0,5,0,24,0,65,0,45,0,0,3,0,0,5,0,0,0,0,0,0,0,0,0,2,0,0,0,0,0,0,0,3,0,0,0,0,0,0,0,0,0,0,0,0,0,0,0,0,0,0,0,0,0,0,0,0,0,0,0,0,0,0,0,0,0,0,0,0,0,0,0,0,0,0,0,0,0,0,0,0,0,0,0,0,0,0,0,0,0,0,0,1,1,92,0,0,0,0,0,0,0,39,0,0,0,0,0,12,0,45,0,49,0,0,0,0,0,0,0,0,0,0,0,0,0,142,0,262,0,14,0,320,0,30,0,163,100,37,0,48,0,60,0,83,0,0,0,0,0,0,0,0,0,0,0,2,0,0,0,0,0,0,0,0,0,0,0,33,0,424,193,538,0,275,0,2,0,0,0,0,0,0,0,0
1,109,0,94,0,0,0,35,0,11,42,128,71,264,125,92,0,0,0,189,116,96,24,69,0,0,0,300,0,0,0,239,0,314,0,377,0,208,0,20,0,32,0,0,0,37,0,136,0,0,0,62,0,0,0,13,0,0,0,0,0,0,0,0,0,0,0,7,0,0,0,8,0,0,0,0,0,0,0,0,0,0,0,0,0,0,0,0,0,0,0,0,0,0,0,0,0,0,0,0,0,0,0,0,0,0,0,0,0,0,0,0,0,0,0,0,0,0,0,0,0,0,0,0,0,0,1,0,0,0,0,0,0,0,0,0,0,0,0,0,0,0,0,0,0,0,0,0,0,0,0,0,0,25,0,0,0,0,0,0,0,0,0,14,0,28,0,219,0,297,0,74,0,96,0,8,45,260,0,21,0,37,0,10,0,59,0,2,0,0,0,0,0,0,0,0,0,0,0,0,0,0,0,0,0,0,0,0,0,0,0,0,0,0,223,0,0,0,657,224,607,127,0,0,0
23,0,72,0,7,0,0,0,70,193,7,0,8,0,5,0,52,0,0,0,0,0,10,0,93,224,15,0,0,0,0,0,0,0,0,0,0,0,0,0,0,0,0,0,0,0,0,0,25,0,0,0,167,23,70,167,67,21,13,0,338,0,285,12,14,0,13,75,0,0,0,0,0,0,0,0,0,0,0,0,0,0,0,0,0,0,0,0,0,0,0,0,0,0,0,0,0,0,0,0,0,0,0,0,0,0,0,0,0,0,0,0,0,0,0,0,0,0,0,0,0,0,0,0,49,0,124,0,3,0,143,0,0,0,44,0,0,0,0,0,0,0,0,0,0,0,0,0,8,0,13,0,2,0,7,0,7,0,4,0,34,0,0,0,0,0,0,0,94,0,296,0,86,0,0,1,123,35,2,0,0,0,2,0,0,3,0,0,0,0,0,0,0,0,1,0,0,0,0,0,0,0,0,0,0,0,3,0,69,0,743,102,650,686,798,0,149,0,0,0,0,0,0,0,0
149,43,102,65,0,35,0,0,59,83,0,43,0,26,0,36,0,81,0,54,0,25,94,22,76,112,0,54,0,33,0,0,0,0,0,0,0,0,0,320,0,0,0,0,0,7,0,11,0,2,0,0,0,42,0,210,0,21,0,3,0,240,0,219,0,0,0,9,0,0,0,0,0,0,0,0,0,0,0,0,0,0,0,0,0,0,0,0,0,0,0,0,0,0,0,0,0,6,0,0,0,0,0,0,0,0,0,0,0,0,0,0,0,0,0,0,0,0,0,0,0,0,0,0,0,39,0,8,0,10,0,19,0,0,0,42,0,0,0,0,0,2,0,0,0,0,0,6,0,0,0,21,0,0,0,3,0,0,0,0,0,0,0,13,0,22,0,15,0,145,0,275,0,269,0,0,51,53,0,0,0,0,6,2,0,0,0,0,0,0,0,0,0,0,0,0,0,0,0,0,0,0,0,0,0,0,0,15,0,37,0,0,0,0,799,0,0,0,638,35,436,503,0,304,2
62,5,45,0,21,0,70,59,0,113,26,0,47,0,21,0,47,0,11,0,0,0,9,1,24,157,13,0,0,0,0,0,0,0,0,0,0,0,0,0,4,0,0,0,0,1,0,0,9,0,0,0,119,48,33,241,15,29,27,0,130,0,118,14,151,0,70,103,0,0,0,0,0,0,0,0,0,0,0,0,0,0,0,0,0,0,0,0,0,0,0,0,0,0,0,0,0,0,0,0,0,0,0,0,0,0,0,0,0,0,0,0,0,0,0,0,0,0,0,0,0,0,0,0,34,0,52,0,0,0,92,0,6,0,46,0,0,0,0,0,0,0,9,0,0,0,52,0,66,0,50,0,22,0,12,0,22,0,0,0,28,0,0,0,0,0,0,0,22,0,52,0,0,0,0,0,440,27,13,0,0,0,7,0,90,14,0,0,0,0,0,0,0,0,0,0,0,0,16,0,0,0,0,0,0,0,0,0,90,0,368,77,143,304,400,0,72,0,0,0,0,0,2,0,0
86,65,53,16,0,11,193,83,113,0,0,26,0,24,0,0,23,27,0,32,0,0,46,0,197,42,0,22,0,0,0,0,0,0,0,0,0,0,0,0,0,7,0,0,0,0,0,34,0,3,0,0,0,180,30,177,0,53,0,27,0,349,17,286,3,142,0,128,0,0,0,0,0,0,0,0,0,0,0,0,0,0,0,0,0,0,0,0,0,0,0,0,0,0,0,0,0,0,0,0,0,0,0,0,0,0,0,0,0,0,0,0,0,0,0,0,0,0,0,0,0,0,0,0,0,84,0,33,0,2,0,61,0,0,0,57,0,8,0,0,0,0,0,0,0,0,0,40,0,132,0,116,0,18,0,9,0,0,0,0,0,24,0,0,0,22,0,0,0,85,0,0,0,96,0,9,132,336,0,0,0,11,3,23,0,117,0,0,0,0,0,0,0,0,0,0,0,0,0,17,0,0,0,0,0,0,0,25,0,73,0,0,0,0,961,0,0,0,1044,84,429,590,14,240,3
122,20,31,0,139,42,7,0,26,0,0,33,245,4,29,137,0,0,0,0,136,6,6,28,0,0,0,0,0,0,107,0,133,0,94,0,91,0,0,0,29,0,7,0,19,0,28,0,21,0,15,0,0,0,0,0,0,0,0,0,0,0,0,0,0,0,0,0,0,0,0,0,0,0,0,0,5,0,0,0,0,0,0,0,0,0,0,0,0,0,0,0,0,0,0,0,0,0,0,0,0,0,0,0,0,0,0,0,0,0,0,0,0,0,0,0,1,0,0,0,0,0,0,0,0,0,0,0,0,0,0,0,0,0,11,0,0,0,0,0,0,0,0,0,0,0,0,0,0,0,21,0,22,0,0,0,0,0,0,0,0,0,5,0,0,0,0,0,0,0,0,0,88,0,11,0,175,61,100,0,27,0,49,0,61,0,12,0,0,0,0,0,0,0,0,0,0,0,0,0,0,0,0,0,0,0,0,0,0,0,273,109,233,0,158,8,0,0,0,0,0,0,0,0,0
0,186,37,14,72,128,0,43,0,26,33,0,25,408,124,19,0,0,38,46,124,12,35,10,0,0,0,123,0,0,0,76,0,315,0,106,0,105,0,35,0,89,0,0,0,68,0,215,0,18,0,0,0,0,0,0,0,0,0,0,0,0,0,1,0,5,0,0,0,0,0,0,0,0,0,0,0,0,0,0,0,0,0,0,0,0,0,0,0,0,0,0,0,0,0,0,0,0,0,0,0,0,0,0,0,0,0,0,0,0,0,0,0,0,0,0,0,0,0,0,0,0,0,0,0,0,0,0,0,0,0,0,0,0,0,0,0,0,0,0,0,0,0,0,0,0,0,0,0,9,0,50,0,72,0,0,0,0,0,0,0,0,0,3,0,0,0,0,0,0,0,0,0,0,0,35,64,309,0,26,0,55,0,40,0,110,0,10,0,0,0,0,0,0,0,0,0,0,0,0,0,0,0,0,0,0,0,0,0,6,0,2,0,0,99,0,0,0,405,113,190,0,0,0,0
125,0,104,0,256,71,8,0,47,0,245,25,0,383,75,44,0,0,96,345,194,133,0,0,0,0,244,419,0,0,62,0,0,0,456,0,123,0,0,0,206,35,91,0,71,23,194,0,26,0,413,16,0,0,0,0,0,0,0,0,0,0,0,0,2,0,0,0,0,0,0,0,0,0,0,0,0,0,0,0,0,0,0,0,0,0,0,0,0,0,0,0,0,0,0,0,0,0,0,0,0,0,0,0,0,0,0,0,0,0,0,0,0,0,0,0,0,0,3,0,0,0,0,0,0,0,0,0,0,0,0,0,0,0,76,0,0,0,0,0,0,0,0,0,0,0,0,0,0,0,56,0,50,0,0,0,0,0,0,0,0,0,0,0,0,0,39,0,0,0,0,0,0,0,0,0,210,167,157,0,103,0,90,0,74,0,186,12,0,0,0,0,0,0,0,0,0,0,0,0,0,0,0,0,0,0,0,0,0,0,92,77,448,0,39,0,0,3,0,0,0,0,0,0,0
0,160,0,27,67,264,0,26,0,24,4,408,383,0,65,10,0,0,385,91,134,95,0,0,0,0,479,58,0,0,0,26,0,0,0,485,7,72,0,0,139,152,42,126,89,44,79,279,4,44,117,427,0,0,0,6,0,0,0,0,0,0,0,0,0,3,0,2,0,0,0,0,0,0,0,0,0,0,0,0,0,0,0,0,0,0,0,0,0,0,0,0,0,0,0,0,0,0,0,0,0,0,0,0,0,0,0,0,0,0,0,0,0,0,0,0,0,0,0,0,0,0,0,0,0,0,0,0,0,0,0,0,0,0,0,0,0,0,0,0,0,0,0,0,0,0,0,0,0,11,0,0,0,0,0,0,0,0,0,0,0,0,0,0,0,33,0,0,0,0,0,0,0,0,0,12,28,204,12,12,0,0,0,22,0,67,37,28,0,0,0,0,0,0,0,0,0,0,0,0,0,0,0,0,0,0,0,0,0,0,0,0,0,0,29,0,0,0,77,111,235,36,0,0,0
9,0,105,0,136,125,5,0,21,0,29,124,75,65,0,260,19,0,229,95,243,94,371,19,66,0,203,0,0,0,181,0,166,0,48,28,66,5,0,0,33,0,0,0,36,0,0,0,0,0,0,0,0,0,22,0,0,0,0,0,0,0,7,0,0,0,0,0,0,0,0,0,0,0,0,0,0,0,0,0,0,0,0,0,0,0,0,0,0,0,0,0,0,0,0,0,0,0,0,0,0,0,0,0,0,0,0,0,0,0,0,0,0,0,0,0,0,0,0,0,0,0,0,0,0,0,0,0,0,0,0,0,0,0,166,0,0,0,0,0,0,0,0,0,0,0,28,0,9,0,0,0,18,0,0,0,0,0,0,0,0,0,0,0,0,0,66,0,45,0,0,0,89,0,0,0,105,71,27,0,46,0,32,0,55,0,0,0,0,0,0,0,0,0,0,0,0,0,0,0,0,0,0,0,0,0,0,0,65,0,51,34,68,0,36,0,0,0,0,0,0,0,0,0,0
31,48,77,171,160,92,0,36,0,0,137,19,44,10,260,0,5,0,56,251,269,253,162,58,0,157,0,95,0,7,9,138,17,71,0,63,0,39,0,8,0,0,0,3,0,0,2,0,0,0,0,8,0,0,0,67,0,0,0,0,0,4,0,0,0,0,0,0,0,0,0,8,0,0,0,0,0,0,0,0,0,0,0,0,0,83,0,0,0,0,0,0,0,0,0,0,0,0,0,0,0,40,0,0,0,0,0,0,0,0,0,0,0,0,0,0,0,0,0,0,0,0,0,0,0,0,3,0,0,0,0,9,0,0,0,220,0,30,2,0,0,0,0,0,0,0,0,7,0,5,0,0,0,18,0,6,0,0,0,0,0,6,0,0,0,0,3,36,0,65,0,0,0,25,0,0,73,275,20,4,0,15,0,7,0,34,0,0,0,5,0,0,0,0,0,0,0,0,0,0,0,78,0,0,0,0,1,0,0,27,0,0,0,0,121,0,0,0,339,186,112,0,0,0,0
45,39,158,0,3,0,52,0,47,23,0,0,0,0,19,5,0,10,120,0,290,0,85,12,83,49,141,0,232,0,88,0,258,0,7,0,16,0,324,0,0,0,6,0,0,0,24,0,0,0,0,0,132,0,24,8,6,0,0,0,80,0,240,4,0,0,0,0,0,0,0,0,0,0,16,0,0,0,0,0,46,0,0,0,503,0,26,0,0,0,226,0,0,0,0,0,606,0,191,0,28,0,0,0,0,0,222,0,0,0,0,0,0,0,0,0,0,0,0,0,38,0,47,0,0,0,0,0,47,0,0,0,0,0,0,0,178,0,75,0,70,0,334,0,0,0,0,0,0,0,0,0,8,0,32,0,3,0,49,0,7,0,0,0,0,0,0,0,0,0,45,0,79,0,0,0,8,0,0,0,0,0,67,0,0,0,0,0,0,0,0,0,0,0,0,0,0,0,0,0,113,0,0,0,0,0,0,0,0,0,25,0,77,0,41,0,0,0,0,0,0,0,0,0,0
43,50,48,29,2,0,0,81,0,27,0,0,0,0,0,0,10,0,0,0,2,124,64,9,16,26,0,0,0,142,0,8,1,123,0,6,0,20,0,341,0,0,0,0,0,3,0,0,0,0,0,0,0,80,2,20,0,39,0,1,0,33,0,152,1,0,0,0,0,0,0,0,0,0,0,0,0,0,0,0,0,0,0,0,0,157,0,0,0,0,0,0,0,0,0,0,0,104,0,32,0,43,0,0,0,0,0,0,0,0,0,0,0,0,0,0,0,0,0,0,0,0,0,0,0,0,0,0,0,6,0,0,0,0,0,120,0,0,0,55,0,10,0,51,0,0,0,0,0,0,0,0,0,0,0,37,0,1,0,28,0,0,0,0,0,0,0,8,0,0,0,24,0,45,0,0,2,9,0,1,0,0,2,24,0,0,0,0,0,0,0,0,0,0,0,0,0,0,0,0,0,39,0,0,0,0,0,0,0,0,0,0,0,0,27,0,0,0,26,9,40,0,0,9,0
0,0,46,0,63,0,0,0,11,0,0,38,96,385,229,56,120,0,0,354,250,168,318,0,53,0,89,294,2,0,26,0,0,0,178,41,28,0,0,0,11,0,0,0,11,0,59,0,5,0,67,0,0,0,0,0,0,0,0,0,0,0,57,0,0,0,0,0,0,0,0,0,0,0,0,0,0,0,0,0,0,0,31,0,220,0,0,0,0,0,0,0,0,0,0,0,333,0,0,0,49,0,0,0,0,0,0,0,0,0,0,0,0,0,0,0,0,0,0,0,0,0,0,0,0,0,0,0,0,0,0,0,0,0,0,0,0,0,0,0,22,0,0,0,0,0,0,0,0,0,27,0,0,0,0,0,0,0,0,0,0,0,6,0,0,0,59,0,0,0,0,0,35,0,0,0,55,77,26,1,0,2,23,0,47,0,4,0,0,0,0,0,0,0,0,0,0,0,0,0,0,0,0,0,0,0,0,0,0,0,112,59,188,56,40,0,0,0,0,0,0,0,0,0,0
0,88,0,229,75,189,0,54,0,32,0,46,345,91,95,251,0,0,354,0,131,211,0,67,0,178,202,139,0,0,0,112,0,0,0,293,0,92,0,0,0,10,0,20,0,34,22,91,0,0,0,156,0,0,0,0,0,0,0,0,0,0,0,0,0,17,0,0,0,0,0,0,0,0,0,0,0,0,0,0,0,0,0,0,0,327,0,0,0,0,0,0,0,0,0,0,0,0,0,0,0,0,0,0,0,0,0,0,0,0,0,0,0,0,0,0,0,0,0,0,0,15,0,0,0,0,0,0,0,0,0,0,0,0,0,0,0,0,0,0,0,10,0,0,0,0,0,0,0,0,0,86,0,67,0,0,0,0,0,0,0,0,0,0,0,25,0,37,0,0,0,0,0,0,0,0,19,115,0,0,0,0,0,25,0,124,15,9,0,0,0,0,0,0,0,0,0,0,0,0,0,181,0,0,0,0,0,0,0,0,0,0,0,0,65,0,0,0,0,71,134,76,0,0,0
18,32,55,33,350,116,0,0,0,0,136,124,194,134,243,269,290,2,250,131,0,61,271,25,49,0,257,0,59,0,73,6,10,0,57,30,44,4,4,0,0,0,43,0,59,0,11,0,17,0,77,0,10,0,11,0,0,0,0,0,0,0,85,0,0,0,0,0,0,0,55,0,0,0,60,0,0,0,0,0,97,0,0,0,394,0,70,0,0,0,0,0,0,0,0,0,479,0,540,0,103,0,0,0,0,0,142,0,0,0,0,0,0,0,0,0,0,0,0,0,91,0,0,0,0,0,0,0,7,0,0,0,0,0,0,0,0,0,0,0,39,0,178,0,0,0,0,0,0,0,0,0,0,0,0,0,0,0,0,0,0,0,0,0,87,0,126,0,164,0,0,0,134,0,0,0,147,67,62,0,0,0,24,0,0,0,11,0,0,0,0,0,0,0,0,0,0,0,0,0,0,0,0,0,0,0,0,0,0,0,272,140,264,104,120,0,0,2,0,0,0,0,0,0,0
0,0,0,38,70,96,0,25,0,0,6,12,133,95,94,253,0,124,168,211,61,0,0,320,0,148,55,222,0,102,0,65,0,67,0,94,0,94,0,7,0,1,0,24,0,70,0,32,0,4,0,98,0,0,0,41,0,0,0,0,0,0,0,32,0,0,0,0,0,0,0,20,0,0,0,0,0,0,0,0,0,291,0,0,0,1188,0,0,0,0,0,0,0,0,0,0,0,367,0,420,0,0,0,0,0,0,0,0,0,0,0,0,0,0,0,0,0,0,0,0,0,0,0,29,0,0,0,0,0,0,0,0,0,0,0,575,0,0,0,229,0,151,0,656,0,86,0,0,0,0,0,0,0,0,0,66,0,0,0,0,0,0,0,0,0,34,0,67,0,203,0,17,0,44,0,0,12,36,8,0,0,0,0,0,0,14,4,0,0,0,0,0,0,0,0,0,0,0,0,0,0,0,0,0,0,0,0,0,0,0,0,1,0,0,46,0,0,0,150,168,248,69,0,0,0
19,338,149,165,60,24,10,94,9,46,6,35,0,0,371,162,85,64,318,0,271,0,0,172,84,245,331,0,67,0,56,0,284,0,0,0,58,10,204,0,0,0,0,0,117,0,162,0,0,0,0,0,42,0,88,0,0,1,0,0,0,4,40,0,2,0,0,0,0,0,0,0,0,0,0,0,0,0,0,0,0,0,0,0,0,0,0,0,0,0,0,0,0,0,0,0,154,0,0,0,0,0,0,0,0,0,167,0,0,0,0,0,0,0,0,0,0,0,0,0,0,0,0,0,0,0,0,0,0,0,0,0,0,0,165,0,128,0,0,0,0,0,186,0,0,0,5,0,4,0,0,0,12,0,7,0,0,0,0,0,0,0,0,0,0,0,36,0,77,0,0,0,326,0,0,0,129,128,14,1,0,0,88,3,16,0,0,0,0,0,0,0,0,0,0,0,0,0,41,0,0,0,0,0,0,0,15,0,34,0,349,39,282,246,296,0,0,1,0,0,0,0,0,0,0
62,42,63,294,24,69,0,22,1,0,28,10,0,0,19,58,12,9,0,67,25,320,172,0,0,51,0,45,0,64,0,39,3,211,0,12,0,44,0,58,0,0,0,0,2,0,0,0,0,0,0,0,0,0,0,31,0,35,0,0,0,0,0,6,0,0,0,0,0,0,0,0,0,0,0,0,0,0,0,0,0,0,0,0,0,73,0,0,0,0,0,24,0,0,0,0,0,65,0,25,0,0,0,0,0,0,0,0,0,0,0,0,0,0,0,0,0,0,0,0,0,0,0,0,0,0,0,0,0,0,0,0,0,0,0,85,0,0,0,0,0,0,0,0,0,0,0,0,0,0,0,0,0,0,0,14,0,0,0,0,0,0,0,0,0,0,0,46,0,55,0,31,0,61,0,0,20,26,2,2,0,0,2,1,0,0,0,0,0,1,0,0,0,0,0,0,0,0,0,0,0,0,0,0,0,0,0,0,0,0,0,0,0,0,78,0,0,0,282,115,149,47,0,10,2
5,0,40,8,16,0,93,76,24,197,0,0,0,0,66,0,83,16,53,0,49,0,84,0,0,231,0,0,42,0,6,0,0,0,0,0,0,0,87,0,0,0,0,0,0,0,0,0,14,0,0,0,107,7,89,122,12,0,0,0,115,0,306,19,0,0,0,0,0,0,0,0,0,0,0,0,0,0,0,0,0,0,0,0,42,0,0,0,0,0,59,0,0,0,0,0,102,0,0,0,0,0,0,0,89,0,119,0,0,0,0,0,0,0,0,0,0,0,0,0,0,0,0,0,0,0,0,0,25,0,10,0,10,0,124,0,125,0,2,0,8,0,177,0,0,0,0,0,0,0,0,0,0,0,9,0,7,0,0,0,0,0,0,0,0,0,0,0,28,0,110,6,83,0,0,0,44,17,0,0,0,1,36,0,0,0,0,0,0,0,0,0,0,0,0,0,0,0,41,0,103,0,0,0,0,0,0,0,0,0,223,20,202,242,237,0,24,0,0,0,0,0,0,0,0
277,76,192,41,0,0,224,112,157,42,0,0,0,0,0,157,49,26,0,178,0,148,245,51,231,0,0,0,0,54,0,0,0,43,0,0,0,0,0,105,0,0,0,0,0,0,0,0,1,0,0,0,0,10,6,76,0,30,0,2,0,29,5,185,0,0,0,0,0,0,0,0,0,0,0,0,0,0,0,0,0,0,0,0,0,43,0,0,0,0,1,13,0,0,0,0,0,50,0,0,0,16,0,0,0,7,0,45,0,0,0,0,0,0,0,0,0,0,0,0,0,0,0,0,0,0,0,0,0,0,0,0,0,0,0,118,0,41,0,3,0,0,0,0,0,0,0,0,0,0,0,2,0,0,0,6,0,0,0,10,0,0,0,0,0,2,0,0,0,0,0,44,8,57,0,0,44,42,0,0,0,0,6,44,0,0,0,0,0,0,0,0,0,0,0,0,0,0,0,0,0,44,0,0,0,0,0,0,0,0,20,0,0,0,103,0,0,0,80,12,64,51,0,23,0
28,0,69,0,84,0,15,0,13,0,0,0,244,479,203,0,141,0,89,202,257,55,331,0,0,0,0,698,64,0,18,0,0,0,134,0,87,0,0,0,38,112,171,29,138,44,105,331,53,0,548,0,0,0,0,0,0,0,0,0,0,0,0,0,0,0,0,0,0,0,159,0,0,0,0,0,0,0,0,0,174,0,0,0,0,0,0,0,0,0,0,0,0,0,0,0,0,0,0,0,0,0,0,0,0,0,0,0,0,0,0,0,0,0,0,0,0,0,0,0,0,0,0,0,0,0,0,0,0,0,0,0,0,0,0,0,0,0,0,0,0,0,0,0,0,0,0,0,18,0,0,0,24,0,0,0,0,0,0,0,0,0,15,0,262,0,58,0,0,0,12,0,0,0,0,0,0,107,22,0,0,0,47,0,65,0,85,17,0,0,0,0,0,0,0,0,0,0,0,0,0,0,0,0,0,0,0,0,0,0,0,129,507,0,34,0,0,31,0,0,0,0,0,0,0
0,108,0,64,0,300,0,54,0,22,0,123,419,58,0,95,0,0,294,139,0,222,0,45,0,0,698,0,0,0,0,28,0,0,0,160,0,51,0,0,275,13,73,255,140,284,213,94,0,62,0,486,0,0,0,0,0,0,0,0,0,0,0,0,0,12,0,0,0,0,0,0,0,0,0,0,0,0,0,0,0,0,0,0,0,438,0,0,0,0,0,0,0,0,0,0,0,0,0,0,0,0,0,0,0,0,0,0,0,0,0,0,0,0,0,0,0,0,0,0,0,0,0,0,0,0,0,0,0,0,0,0,0,0,0,0,0,0,0,0,0,0,0,0,0,0,0,0,0,27,0,0,0,0,0,0,0,0,0,0,0,0,0,0,0,132,0,0,0,121,0,8,0,0,0,0,0,77,7,8,0,0,0,19,0,141,46,16,0,0,0,0,0,0,0,0,0,0,0,0,0,0,0,0,0,0,0,0,0,0,0,0,0,0,0,0,0,0,114,287,613,0,0,4,40
0,0,65,0,0,0,0,0,0,0,0,0,0,0,0,0,232,0,2,0,59,0,67,0,42,0,64,0,0,0,35,0,5,0,24,0,2,0,9,0,0,0,8,0,0,0,0,0,0,0,25,0,9,0,0,0,0,0,0,0,1,0,11,0,0,0,0,0,0,0,10,0,0,0,0,0,0,0,0,0,25,0,0,0,137,0,14,0,0,0,38,0,0,0,0,0,86,0,99,0,0,0,0,0,0,0,0,0,0,0,0,0,0,0,0,0,0,0,0,0,0,0,23,0,0,0,0,0,0,0,0,0,0,0,0,0,0,0,19,0,0,0,82,0,9,0,0,0,0,0,0,0,0,0,7,0,0,0,7,0,0,0,0,0,0,0,0,0,0,0,0,0,0,0,0,0,0,0,0,0,0,0,0,0,0,0,0,0,0,0,0,0,0,0,0,0,0,0,0,0,0,0,0,0,0,0,0,0,0,0,0,2,0,0,0,0,0,0,0,0,0,0,0,0,0
0,40,0,0,0,0,0,33,0,0,0,0,0,0,0,7,0,142,0,0,0,102,0,64,0,54,0,0,0,0,0,25,0,55,0,182,0,14,0,82,0,0,0,0,0,0,0,0,0,0,0,77,0,25,0,12,0,39,0,0,0,18,0,7,0,0,0,0,0,0,0,0,0,0,0,0,0,0,0,0,0,54,0,0,0,192,0,0,0,0,0,0,0,0,0,0,0,38,0,43,0,0,0,0,0,0,0,0,0,0,0,0,0,0,0,0,0,0,0,0,0,15,0,2,0,0,0,0,0,28,0,0,0,0,0,120,0,0,0,159,0,63,0,182,0,13,0,0,0,0,0,0,0,0,0,55,0,0,0,79,0,0,0,0,0,2,0,0,0,0,0,0,0,0,0,0,0,0,0,0,0,0,0,0,0,0,0,0,0,0,0,0,0,0,0,0,0,0,0,0,0,0,0,0,0,0,0,0,0,0,0,0,0,0,0,0,0,0,6,0,0,0,0,0,0
6,0,22,0,306,0,0,0,0,0,107,0,62,0,181,9,88,0,26,0,73,0,56,0,6,0,18,0,35,0,0,0,5,0,20,0,34,1,10,0,0,0,20,0,2,0,0,0,0,0,31,0,2,0,0,0,0,0,0,0,0,0,36,0,0,0,4,0,0,0,0,0,0,0,0,0,0,0,0,0,0,0,0,0,142,0,12,0,0,0,0,0,0,0,0,0,107,0,173,0,0,0,0,0,0,0,0,0,0,0,0,0,0,0,0,0,0,0,0,0,0,0,17,0,0,0,0,0,0,0,0,0,0,0,0,0,0,0,0,0,0,0,0,0,13,0,0,0,0,0,0,0,0,0,0,0,0,0,0,0,0,0,0,0,5,0,84,0,72,0,0,0,68,0,0,0,0,0,24,0,0,0,0,0,0,0,0,0,0,0,0,0,0,0,0,0,0,0,0,0,0,0,0,0,0,0,0,0,0,0,0,29,60,0,34,0,0,0,0,0,0,0,0,0,0
0,0,0,13,0,239,0,0,0,0,0,76,0,26,0,138,0,8,0,112,6,65,0,39,0,0,0,28,0,25,0,0,0,2,0,58,0,12,0,0,0,0,0,13,0,0,0,2,0,0,0,34,0,0,0,4,0,0,0,0,0,0,0,3,0,0,0,0,0,0,0,0,0,0,0,0,0,0,0,0,0,24,0,0,0,66,0,0,0,0,0,0,0,0,0,0,0,0,0,0,0,0,0,0,0,0,0,0,0,0,0,0,0,0,0,0,0,0,0,0,0,17,0,0,0,0,0,0,0,1,0,0,0,0,0,31,0,0,0,0,0,14,0,63,0,0,0,0,0,0,0,0,0,0,0,3,0,3,0,0,0,0,0,0,0,0,0,0,0,0,0,0,0,2,0,0,0,6,0,0,0,0,0,0,0,0,0,0,0,0,0,0,0,0,0,0,0,0,0,0,0,0,0,0,0,0,0,0,0,0,0,0,0,0,0,0,0,0,24,24,0,0,1,0,0
82,0,187,0,221,0,0,0,0,0,133,0,0,0,166,17,258,1,0,0,10,0,284,3,0,0,0,0,5,0,5,0,0,0,3,0,31,0,3,0,0,0,1,0,2,0,0,0,8,0,5,0,6,0,0,0,0,0,0,0,7,0,30,0,0,0,0,0,0,0,12,0,0,0,19,0,0,0,0,0,24,0,0,0,86,0,0,0,0,0,55,0,0,0,0,0,96,0,139,0,0,0,0,0,0,0,0,0,0,0,0,0,0,0,0,0,0,0,0,0,21,0,6,0,0,0,0,0,0,0,0,0,0,0,0,0,0,0,0,0,11,0,0,0,11,0,0,0,0,0,0,0,0,0,0,0,5,0,4,0,0,0,0,0,0,0,33,0,23,0,0,0,43,0,0,0,50,0,16,0,0,0,25,0,0,0,0,0,0,0,0,0,0,0,0,0,0,0,0,0,0,0,0,0,0,0,0,0,0,0,56,65,39,16,23,0,0,0,0,0,0,0,0,0,0
0,171,0,224,0,314,0,0,0,0,0,315,0,0,0,71,0,123,0,0,0,67,0,211,0,43,0,0,0,55,0,2,0,0,0,71,0,65,0,3,0,0,0,12,0,6,0,0,0,5,0,17,0,0,0,6,0,0,0,0,0,8,0,0,0,0,0,0,0,0,0,0,0,0,0,0,0,0,0,0,0,29,0,0,0,103,0,0,0,0,0,0,0,0,0,0,0,0,0,0,0,0,0,0,0,0,0,0,0,0,0,0,0,0,0,0,0,0,0,0,0,8,0,0,0,0,0,0,0,0,0,0,0,0,0,0,0,0,0,0,0,24,0,79,0,28,0,0,0,0,0,0,0,0,0,15,0,25,0,0,0,0,0,0,0,0,0,70,0,29,0,0,0,31,0,0,0,27,0,10,0,0,0,0,0,0,0,0,0,0,0,0,0,0,0,0,0,0,0,0,0,0,0,0,0,0,0,0,0,0,0,0,0,0,11,0,0,0,0,43,64,0,0,0,0
0,0,0,0,336,0,0,0,0,0,94,0,456,0,48,0,7,0,178,0,57,0,0,0,0,0,134,0,24,0,20,0,3,0,0,0,133,0,2,0,0,0,17,0,8,0,0,0,3,0,74,0,1,0,0,0,0,0,8,0,0,0,7,0,0,0,0,0,0,0,25,0,0,0,18,0,0,0,0,0,0,0,0,0,41,0,0,0,0,0,0,0,0,0,0,0,0,0,92,0,0,0,0,0,0,0,0,0,0,0,0,0,0,0,0,0,0,0,0,0,0,0,5,0,0,0,0,0,0,0,0,0,0,0,0,0,0,0,0,0,0,0,0,0,15,0,5,0,0,0,0,0,0,0,0,0,0,0,0,0,0,0,9,0,36,0,76,0,60,0,0,0,50,0,0,0,0,0,83,0,0,0,0,0,0,0,11,0,0,0,0,0,0,0,0,0,0,0,0,0,0,0,0,0,0,0,0,0,0,0,59,24,99,0,12,0,0,0,0,0,0,0,0,0,0
0,0,0,0,0,377,0,0,0,0,0,106,0,485,28,63,0,6,41,293,30,94,0,12,0,0,0,160,0,182,0,58,0,71,0,0,0,75,0,4,0,0,0,28,0,13,0,0,0,0,0,57,0,0,0,0,0,0,0,0,0,0,0,0,0,0,0,0,0,0,0,11,0,0,0,6,0,0,0,2,0,95,0,0,0,212,0,0,0,0,0,0,0,0,0,22,0,0,0,0,0,0,0,0,0,0,0,0,0,0,0,0,0,0,0,0,0,0,0,0,0,0,0,13,0,0,0,0,0,0,0,0,0,0,0,0,0,0,0,48,0,54,0,194,0,53,0,0,0,0,0,0,0,0,0,0,0,4,0,0,0,0,0,0,0,29,0,66,0,98,0,0,0,17,0,0,0,16,0,0,0,0,0,0,0,0,0,28,0,0,0,0,0,0,0,0,0,0,0,0,0,0,0,0,0,0,0,0,0,0,0,0,0,0,31,0,0,0,53,51,115,0,0,0,0
0,0,55,0,208,0,0,0,0,0,91,0,123,7,66,0,16,0,28,0,44,0,58,0,0,0,87,0,2,0,34,0,31,0,133,0,0,0,58,0,0,0,82,0,37,0,0,0,9,0,159,0,10,0,0,0,0,0,0,0,22,0,32,0,0,1,0,0,0,0,98,0,26,0,62,0,0,0,0,0,68,0,0,0,176,0,59,0,0,0,33,0,0,0,0,0,97,0,322,0,34,0,0,0,0,0,0,0,0,0,0,0,0,0,0,0,0,0,1,0,118,0,48,0,0,0,0,0,0,0,0,0,0,0,0,0,37,0,70,0,0,0,129,0,152,0,0,0,0,0,0,0,0,0,27,0,48,0,0,0,0,0,0,0,16,0,44,0,62,0,0,0,66,0,0,0,15,0,7,0,0,0,0,0,2,0,0,0,0,0,0,0,0,0,0,0,0,0,0,0,0,0,0,0,0,0,0,0,2,0,43,56,61,9,10,0,0,0,0,0,0,0,0,0,0
0,185,0,77,0,208,0,0,0,0,0,105,0,72,5,39,0,20,0,92,4,94,10,44,0,0,0,51,0,14,1,12,0,65,0,75,0,0,0,51,0,0,0,89,0,15,0,0,0,3,0,148,0,0,0,2,0,0,0,0,0,16,0,5,0,0,0,0,0,0,0,12,0,0,0,0,0,0,0,0,0,0,0,0,0,94,0,0,0,0,0,0,0,0,0,0,0,0,0,41,0,0,0,0,0,0,0,0,0,0,0,0,0,0,0,0,0,0,0,0,0,63,0,0,0,0,0,0,0,0,0,0,0,0,0,0,0,0,0,108,0,152,0,225,0,165,0,0,0,0,0,0,0,0,0,21,0,81,0,42,0,0,0,9,0,20,0,63,0,109,0,30,0,79,0,0,0,28,0,6,0,0,0,14,0,0,0,5,0,0,0,0,0,0,0,0,0,0,0,0,0,0,0,0,0,0,0,0,0,0,0,0,0,0,22,0,0,0,46,114,125,20,0,0,0
325,0,392,0,26,0,0,0,0,0,0,0,0,0,0,0,324,0,0,0,4,0,204,0,87,0,0,0,9,0,10,0,3,0,2,0,58,0,0,0,0,0,5,0,0,0,0,0,0,0,5,0,14,0,5,0,0,0,0,0,6,0,15,0,0,0,0,0,0,0,0,0,0,0,8,0,0,0,0,0,0,0,0,0,41,0,0,0,0,0,0,0,0,0,0,0,21,0,45,0,0,0,0,0,0,0,0,0,0,0,0,0,0,0,0,0,0,0,0,0,14,0,5,0,0,0,0,0,0,0,0,0,0,0,0,0,0,0,0,0,28,0,0,0,11,0,0,0,0,0,0,0,0,0,6,0,11,0,6,0,0,0,0,0,1,0,10,0,3,0,0,0,15,0,0,0,33,0,0,0,0,0,83,0,0,0,0,0,0,0,0,0,0,0,0,0,0,0,0,0,0,0,0,0,0,0,0,0,0,0,0,169,0,0,0,0,0,0,0,0,0,0,0,0,0
0,345,0,162,0,20,0,320,0,0,0,35,0,0,0,8,0,341,0,0,0,7,0,58,0,105,0,0,0,82,0,0,0,3,0,4,0,51,0,0,0,0,0,0,0,2,0,0,0,0,0,0,0,3,0,0,0,0,0,0,0,11,0,8,0,0,0,0,0,0,0,0,0,0,0,0,0,0,0,0,0,0,0,0,0,0,0,3,0,0,0,0,0,0,0,0,0,9,0,0,0,0,0,0,0,0,0,0,0,0,0,0,0,0,0,0,0,0,0,0,0,0,0,0,0,0,0,0,0,0,0,0,0,0,0,0,0,0,0,31,0,17,0,17,0,21,0,0,0,0,0,0,0,0,0,17,0,30,0,25,0,0,0,0,0,0,0,2,0,0,0,0,0,25,0,0,0,48,0,12,0,0,0,29,0,0,0,0,0,0,0,0,0,0,0,0,0,0,0,0,0,0,0,0,0,0,0,0,0,0,0,0,0,0,0,0,0,0,9,112,0,0,0,0,0
15,0,20,0,81,0,0,0,4,0,29,0,206,139,33,0,0,0,11,0,0,0,0,0,0,0,38,275,0,0,0,0,0,0,0,0,0,0,0,0,0,89,56,0,42,83,146,300,134,16,40,0,0,0,0,0,0,0,0,0,0,0,0,0,0,0,0,0,0,0,0,0,0,0,0,0,0,0,0,0,0,0,0,0,0,0,0,0,0,0,0,0,0,0,0,0,0,0,0,0,0,0,0,0,0,0,0,0,0,0,0,0,0,0,0,0,0,0,0,0,0,0,0,0,0,0,0,0,0,0,0,0,0,0,0,0,0,0,0,0,0,0,0,0,0,0,0,0,0,0,0,0,17,0,0,0,0,0,0,0,0,0,0,0,24,0,0,0,3,0,0,0,0,0,0,0,42,29,38,0,54,0,25,0,0,0,105,0,0,0,0,0,0,0,0,0,0,0,0,0,0,0,0,0,0,0,0,0,0,0,0,53,71,0,0,0,0,25,0,0,0,0,0,0,0
0,25,0,0,0,32,0,0,0,7,0,89,35,152,0,0,0,0,0,10,0,1,0,0,0,0,112,13,0,0,0,0,0,0,0,0,0,0,0,0,89,0,9,3,73,48,87,124,0,154,9,2,0,0,0,0,0,0,0,0,0,0,0,0,0,0,0,0,0,1,0,0,0,0,0,0,0,0,0,0,0,0,0,0,0,0,0,0,0,0,0,0,0,0,0,0,0,0,0,0,0,0,0,2,0,0,0,0,0,0,0,0,0,0,0,0,0,0,0,0,0,0,0,0,0,0,0,0,0,0,0,0,0,0,0,0,0,0,0,0,0,0,0,0,0,0,0,0,0,0,0,0,0,0,0,0,0,0,0,0,0,0,0,0,0,15,0,0,0,0,0,0,0,0,0,0,0,142,0,20,0,46,0,0,0,23,24,3,0,0,0,0,0,0,0,0,0,0,0,0,0,0,0,0,0,0,0,0,0,0,0,0,0,0,2,0,0,0,0,9,0,0,3,3,8
0,0,0,0,5,0,0,0,0,0,7,0,91,42,0,0,6,0,0,0,43,0,0,0,0,0,171,73,8,0,20,0,1,0,17,0,82,0,5,0,56,9,0,0,179,2,44,0,36,0,58,0,0,0,0,0,0,0,0,0,0,0,0,0,0,0,0,0,0,0,21,0,0,0,0,0,0,0,0,0,0,0,0,0,0,0,0,0,0,0,0,0,0,0,0,0,0,0,0,0,0,0,0,0,0,0,0,0,0,0,0,0,0,0,0,0,0,0,0,0,28,0,0,0,0,0,0,0,0,0,0,0,0,0,0,0,0,0,0,0,0,0,0,0,0,0,0,0,0,0,0,0,0,0,0,0,0,0,0,0,0,0,11,0,75,0,18,0,0,0,0,0,10,0,0,0,0,0,8,0,0,0,0,0,0,0,73,0,0,0,0,0,0,0,0,0,0,0,0,0,0,0,0,0,0,0,0,0,0,0,14,49,68,9,6,0,5,8,0,0,0,0,0,0,0
0,6,0,0,0,0,0,0,0,0,0,0,0,126,0,3,0,0,0,20,0,24,0,0,0,0,29,255,0,0,0,13,0,12,0,28,0,89,0,0,0,3,0,0,8,143,0,42,0,48,0,147,0,0,0,0,0,0,0,0,0,2,0,0,0,0,0,0,0,0,0,15,0,0,0,14,0,0,0,0,0,105,0,0,0,218,0,0,0,0,0,0,0,0,0,0,0,0,0,90,0,0,0,7,0,0,0,0,0,0,0,0,0,0,0,0,0,0,0,0,0,97,0,0,0,0,0,0,0,0,0,0,0,0,0,0,0,0,0,0,0,0,0,127,0,52,0,0,0,0,0,0,0,0,0,0,0,0,0,0,0,0,0,7,0,66,0,10,0,47,0,0,0,5,0,0,0,2,0,0,0,0,0,0,0,0,0,127,0,0,0,0,0,0,0,0,0,0,0,0,0,0,0,0,0,0,0,0,0,0,0,0,0,0,0,0,0,0,0,54,187,0,0,0,4
0,0,35,0,24,0,0,0,0,0,19,0,71,89,36,0,0,0,11,0,59,0,117,2,0,0,138,140,0,0,2,0,2,0,8,0,37,0,0,0,42,73,179,8,0,68,230,225,181,20,112,0,7,0,0,0,0,0,0,0,0,0,42,0,3,0,0,0,0,0,48,0,0,0,0,0,0,0,0,0,56,0,0,0,0,0,0,0,0,0,0,0,0,0,0,0,0,0,357,0,51,0,27,0,0,0,0,0,0,0,0,0,0,0,0,0,0,0,0,0,0,0,0,0,0,0,0,0,0,0,0,0,0,0,0,0,0,0,0,0,0,0,0,0,0,0,0,0,0,0,15,0,0,0,0,0,1,0,0,0,0,0,19,0,185,0,30,0,50,0,22,0,53,0,0,0,0,13,18,0,0,0,26,0,0,0,38,2,0,0,6,0,0,0,0,0,0,0,0,0,0,0,0,0,0,0,0,0,0,0,68,0,159,59,51,0,13,80,0,0,0,0,0,0,0
0,31,0,0,0,37,0,7,1,0,0,68,23,44,0,0,0,3,0,34,0,70,0,0,0,0,44,284,0,0,0,0,0,6,0,13,0,15,0,2,83,48,2,143,68,0,84,152,15,225,0,90,0,0,0,0,0,0,0,1,0,0,0,1,0,6,0,0,0,8,0,14,0,0,0,15,0,0,0,0,0,111,0,56,0,145,0,25,0,0,0,0,0,13,0,38,0,0,0,79,0,50,0,20,0,19,0,0,0,0,0,0,0,0,0,0,0,0,0,0,0,65,0,0,0,0,0,0,0,0,0,0,0,0,0,66,0,0,0,0,0,15,0,0,0,24,0,0,0,0,0,41,0,0,0,5,0,0,0,0,0,0,0,7,0,146,0,8,0,73,0,3,0,11,0,0,2,65,0,0,0,32,0,12,0,36,19,133,0,0,0,0,0,0,0,0,0,0,0,0,0,0,0,0,0,0,0,0,0,0,0,0,0,0,23,0,0,0,51,66,154,27,0,11,76
24,0,83,0,65,0,0,0,0,0,28,0,194,79,0,2,24,0,59,22,11,0,162,0,0,0,105,213,0,0,0,0,0,0,0,0,0,0,0,0,146,87,44,0,230,84,0,288,219,40,35,0,0,0,0,0,0,0,0,0,0,0,31,0,0,0,0,0,0,0,0,0,0,0,12,0,0,0,0,0,0,0,0,0,92,0,0,0,0,0,0,0,0,0,0,0,168,0,0,0,0,0,0,0,0,0,0,0,0,0,0,0,0,0,0,0,0,0,0,0,0,0,0,0,6,0,0,0,0,0,0,0,0,0,0,0,0,0,0,0,0,0,0,0,0,0,0,0,0,0,0,0,0,0,0,0,0,0,0,0,0,0,0,0,66,0,4,0,0,0,0,0,12,0,21,0,26,29,52,0,0,0,31,0,33,0,104,0,0,0,0,0,0,0,0,0,0,0,0,0,0,0,0,0,0,0,0,0,0,0,40,108,141,0,0,0,0,119,0,1,0,0,0,0,0
0,119,0,0,0,136,0,11,0,34,0,215,0,279,0,0,0,0,0,91,0,32,0,0,0,0,331,94,0,0,0,2,0,0,0,0,0,0,0,0,300,124,0,42,225,152,288,0,44,235,0,40,0,2,0,0,0,0,0,0,0,0,0,0,0,0,0,3,0,0,0,0,0,0,0,0,0,0,0,0,0,0,0,0,0,0,0,0,0,0,0,0,0,0,0,0,0,0,0,0,0,0,0,0,0,0,0,0,0,0,0,0,0,0,0,0,0,0,0,0,0,0,0,0,0,0,0,0,0,0,0,0,0,0,0,0,0,0,0,0,0,0,0,0,0,0,0,0,0,0,0,0,0,0,0,0,0,0,0,0,0,0,0,0,0,51,0,0,0,0,0,0,0,0,0,0,0,165,0,0,0,0,0,20,0,0,58,5,0,0,0,0,0,0,0,0,0,0,0,0,0,0,0,0,0,0,0,0,0,0,0,0,0,0,0,0,1,0,0,52,67,0,5,2,46
15,0,22,0,45,0,25,0,9,0,21,0,26,4,0,0,0,0,5,0,17,0,0,0,14,1,53,0,0,0,0,0,8,0,3,0,9,0,0,0,134,0,36,0,181,15,219,44,0,25,21,0,6,0,15,0,23,0,8,0,5,0,2,0,3,0,0,0,5,0,0,0,2,0,0,0,0,0,0,0,0,0,6,0,0,0,1,0,4,0,0,0,16,0,12,0,7,0,3,0,6,0,37,0,0,0,19,0,1,0,0,0,1,0,0,0,0,0,0,0,0,0,0,0,0,0,0,0,0,0,8,0,0,0,0,0,0,0,0,0,0,0,5,0,0,0,0,0,0,1,0,0,0,0,3,0,0,0,0,0,0,0,6,0,28,0,23,0,15,0,15,0,18,0,0,0,33,18,11,0,10,0,5,0,0,0,160,0,30,0,11,0,24,0,5,0,0,0,25,0,0,0,50,0,59,0,8,0,5,0,96,85,316,29,61,26,7,16,1,1,0,0,0,0,0
1,5,0,4,0,0,0,2,0,3,0,18,0,44,0,0,0,0,0,0,0,4,0,0,0,0,0,62,0,0,0,0,0,5,0,0,0,3,0,0,16,154,0,48,20,225,40,235,25,0,0,6,0,0,0,3,0,0,0,1,0,0,0,0,0,0,0,0,0,0,0,6,0,0,0,0,0,0,0,3,0,0,0,26,0,21,0,0,0,10,0,0,0,4,0,11,0,0,0,9,0,9,0,14,0,0,0,10,0,0,0,0,0,0,0,0,0,0,0,0,0,16,0,0,0,0,0,0,0,0,0,0,3,0,0,0,0,0,0,0,0,0,0,0,0,0,0,0,0,0,0,0,0,11,0,0,0,0,0,0,0,0,0,5,1,35,0,3,0,19,0,2,0,7,0,0,0,65,0,4,0,8,0,3,0,6,15,84,0,0,0,0,0,0,0,0,0,0,0,0,0,6,0,0,0,0,0,0,0,2,0,0,0,0,15,0,0,0,32,17,56,15,3,6,2
0,0,0,0,0,0,0,0,0,0,15,0,413,117,0,0,0,0,67,0,77,0,0,0,0,0,548,0,25,0,31,0,5,0,74,0,159,0,5,0,40,9,58,0,112,0,35,0,21,0,0,0,0,0,0,0,0,0,0,0,0,0,0,0,0,0,0,0,0,0,0,0,8,0,46,0,5,0,0,0,35,0,0,0,0,0,0,0,0,0,0,0,0,0,0,0,0,0,179,0,17,0,0,0,0,0,0,0,1,0,0,0,0,0,0,0,0,0,0,0,0,0,0,0,0,0,0,0,0,0,0,0,0,0,0,0,0,0,0,0,16,0,0,0,24,0,0,0,0,0,0,0,0,0,0,0,0,0,0,0,2,0,15,0,127,0,48,0,45,0,29,0,79,0,0,0,0,0,63,0,0,0,0,0,0,0,107,0,0,0,0,0,0,0,0,0,0,0,0,0,0,0,0,0,0,0,0,0,0,0,44,0,143,40,27,0,0,5,0,0,0,0,0,0,0
0,0,0,0,3,62,0,0,0,0,0,0,16,427,0,8,0,0,0,156,0,98,0,0,0,0,0,486,0,77,0,34,0,17,0,57,0,148,0,0,0,2,0,147,0,90,0,40,0,6,0,0,0,0,0,0,0,0,0,0,0,2,0,0,0,0,0,0,0,3,0,39,0,0,0,0,0,0,0,0,0,169,0,0,0,196,0,0,0,0,0,0,0,0,0,0,0,0,0,101,0,0,0,0,0,9,0,0,0,0,0,0,0,0,0,0,0,1,0,0,0,143,0,20,0,0,0,0,0,0,0,0,0,0,0,0,0,0,0,0,0,49,0,191,0,115,0,0,0,0,0,0,0,0,0,0,0,0,0,12,0,0,0,23,0,38,0,31,0,132,0,18,0,25,0,0,0,4,0,0,0,0,0,0,0,0,0,79,0,0,0,0,0,0,0,0,0,0,0,0,0,0,0,0,0,0,0,0,0,0,0,0,0,0,26,0,0,0,47,27,104,25,0,0,2
0,0,0,0,0,0,167,0,119,0,0,0,0,0,0,0,132,0,0,0,10,0,42,0,107,0,0,0,9,0,2,0,6,0,1,0,10,0,14,0,0,0,0,0,7,0,0,0,6,0,0,0,0,0,309,5,47,0,36,10,42,0,100,0,0,0,26,22,0,0,0,0,0,0,0,0,0,0,0,0,0,0,0,0,56,0,0,0,0,0,0,0,0,0,0,0,83,0,0,0,0,0,0,0,20,0,0,0,0,0,0,0,0,0,0,0,0,0,0,0,0,0,0,0,0,0,0,0,125,0,23,0,0,0,0,0,156,0,172,0,57,0,145,0,24,0,0,0,0,0,0,0,0,0,198,0,104,0,161,0,14,0,47,0,2,0,0,0,45,0,116,0,11,0,0,0,39,0,0,0,0,0,21,0,37,2,0,0,0,0,0,0,0,0,0,0,0,0,0,0,48,0,0,0,0,0,0,0,0,0,33,34,224,141,0,0,59,0,0,0,0,0,0,0,0
0,0,0,2,0,0,23,42,48,180,0,0,0,0,0,0,0,80,0,0,0,0,0,0,7,10,0,0,0,25,0,0,0,0,0,0,0,0,0,3,0,0,0,0,0,0,0,2,0,0,0,0,0,0,25,99,2,175,0,38,0,129,0,93,0,0,15,29,0,0,0,0,0,0,0,0,0,0,0,0,0,0,0,0,0,95,0,0,0,0,0,18,0,0,0,9,0,36,0,0,0,0,0,0,0,4,0,27,0,0,0,0,0,0,0,0,0,0,0,0,0,0,0,0,0,0,0,0,0,16,0,0,0,17,1,124,1,21,0,114,0,28,0,81,0,26,0,0,0,0,0,0,0,0,0,146,0,102,0,138,0,0,0,0,0,0,0,0,0,0,0,6,0,0,0,0,10,0,0,0,0,0,0,8,2,10,0,0,0,0,0,0,0,0,0,0,0,0,0,0,0,16,0,0,0,0,0,0,0,0,0,0,0,1,11,0,0,0,12,8,4,0,0,0,0
4,0,32,0,5,0,70,0,33,30,0,0,0,0,22,0,24,2,0,0,11,0,88,0,89,6,0,0,0,0,0,0,0,0,0,0,0,0,5,0,0,0,0,0,0,0,0,0,15,0,0,0,309,25,0,86,70,41,8,44,25,0,47,3,0,1,55,101,0,0,0,0,0,0,2,0,0,0,0,0,0,0,0,0,13,0,0,0,0,0,26,0,0,0,0,0,32,0,0,0,0,0,0,0,0,0,26,0,0,0,0,0,0,0,0,0,0,0,0,0,0,0,0,0,0,0,23,0,68,0,54,0,30,0,138,0,143,0,4,0,0,0,139,0,0,0,0,0,0,0,0,0,0,0,30,0,46,0,7,0,7,0,10,0,0,0,0,0,79,0,203,0,18,0,0,0,24,3,0,0,0,0,8,0,17,0,0,0,0,0,0,0,0,0,0,0,0,0,0,0,31,0,0,0,0,0,0,0,0,0,192,46,478,588,529,44,195,4,1,0,0,1,0,0,0
16,4,0,42,0,13,167,210,241,177,0,0,0,6,0,67,8,20,0,0,0,41,0,31,122,76,0,0,0,12,0,4,0,6,0,0,0,2,0,0,0,0,0,0,0,0,0,0,0,3,0,0,5,99,86,0,0,124,20,80,0,55,21,179,0,0,40,28,0,0,0,0,0,0,0,0,0,0,0,0,0,0,0,0,0,0,0,0,0,0,0,0,0,0,0,0,0,0,0,0,0,7,0,0,0,0,0,0,0,0,0,0,0,0,0,0,0,0,0,0,0,0,0,0,0,31,0,10,0,26,0,24,7,0,0,207,0,66,0,5,0,0,0,9,0,0,0,0,0,0,0,23,0,3,0,39,0,0,0,14,0,15,0,0,0,12,0,0,0,65,6,207,1,53,0,2,44,16,0,0,4,0,0,8,0,25,0,0,0,0,0,0,0,0,0,0,0,0,0,0,0,0,0,0,0,0,0,31,2,84,13,3,20,0,309,0,0,0,117,22,425,326,0,109,0
0,0,9,0,0,0,67,0,15,0,0,0,0,0,0,0,6,0,0,0,0,0,0,0,12,0,0,0,0,0,0,0,0,0,0,0,0,0,0,0,0,0,0,0,0,0,0,0,23,0,0,0,47,2,70,0,0,7,32,39,0,0,0,0,45,26,42,55,2,0,0,0,0,0,0,0,0,0,0,0,0,0,0,0,0,0,0,0,0,0,0,0,0,0,0,0,0,0,0,0,0,0,0,0,0,0,0,0,0,0,0,0,0,0,0,0,0,0,0,0,0,0,0,0,14,0,42,0,104,0,116,0,44,0,42,0,30,0,0,0,1,0,27,0,10,0,0,0,3,0,0,0,1,0,95,0,39,0,27,0,57,0,197,0,0,0,0,0,130,0,91,0,0,0,16,0,32,0,0,0,0,0,0,0,0,6,0,0,0,0,0,0,0,0,0,0,0,0,4,0,0,0,0,0,0,0,0,0,6,0,312,74,828,926,1024,149,306,6,3,0,0,0,0,0,0
0,0,0,5,0,0,21,21,29,53,0,0,0,0,0,0,0,39,0,0,0,0,1,35,0,30,0,0,0,39,0,0,0,0,0,0,0,0,0,0,0,0,0,0,0,0,0,0,0,0,0,0,0,175,41,124,7,0,8,144,0,19,0,32,0,4,39,38,0,2,0,0,0,0,0,0,0,0,0,0,0,0,0,0,0,16,0,0,0,0,0,0,0,0,0,0,0,27,0,0,0,0,0,0,0,0,0,32,0,0,0,0,0,0,0,0,0,0,0,0,0,0,0,0,0,34,0,12,0,21,0,49,0,120,0,149,0,64,0,27,0,4,0,0,0,0,0,0,0,1,0,11,0,0,2,326,0,49,0,28,0,34,0,103,0,21,0,0,0,206,0,365,0,19,0,0,6,0,0,0,0,0,0,0,1,3,0,0,0,0,0,0,0,1,0,0,0,0,0,0,0,48,0,0,0,0,0,0,0,37,3,0,0,0,768,0,3,0,144,36,897,833,116,166,0
2,0,0,0,0,0,13,0,27,0,0,0,0,0,0,0,0,0,0,0,0,0,0,0,0,0,0,0,0,0,0,0,0,0,8,0,0,0,0,0,0,0,0,0,0,0,0,0,8,0,0,0,36,0,8,20,32,8,0,132,0,0,0,0,39,17,140,115,0,0,0,0,0,0,0,0,0,0,0,0,0,0,0,0,0,0,0,0,0,0,0,0,0,0,1,0,0,0,0,0,0,0,0,0,0,0,0,0,0,0,0,0,0,0,0,0,0,0,0,0,0,0,0,0,12,0,31,0,4,0,58,0,0,0,6,0,0,0,0,0,0,0,0,0,6,0,6,0,0,0,0,0,0,0,154,0,105,0,5,0,15,0,32,0,0,0,0,0,39,0,16,0,6,0,4,0,131,0,0,0,0,9,0,0,98,0,0,0,0,0,0,0,0,0,0,0,0,0,0,0,0,0,0,0,0,0,0,0,12,0,517,194,369,0,1532,203,192,5,8,0,0,0,0,0,0
0,0,0,0,0,0,0,3,0,27,0,0,0,0,0,0,0,1,0,0,0,0,0,0,0,2,0,0,0,0,0,0,0,0,0,0,0,0,0,0,0,0,0,0,0,1,0,0,0,1,0,0,10,38,44,80,39,144,132,0,0,38,1,10,0,99,144,185,0,2,0,0,0,0,0,0,0,0,0,0,0,0,0,0,0,0,0,0,0,0,0,0,0,0,0,0,0,0,0,0,0,0,0,0,0,0,0,0,0,0,0,0,0,0,0,0,0,0,0,0,0,0,0,0,0,12,0,0,0,6,0,32,0,20,0,6,0,0,0,3,0,0,0,0,0,46,0,0,0,11,0,13,0,3,43,78,0,41,0,44,0,23,0,0,0,11,0,0,0,62,0,51,0,0,0,28,26,0,0,0,0,35,0,0,19,76,0,0,0,0,0,1,0,0,0,0,0,0,0,0,0,0,0,0,0,0,0,0,0,18,10,10,0,6,2039,0,0,0,827,182,590,1248,211,168,2
67,0,52,0,0,0,338,0,130,0,0,0,0,0,0,0,80,0,0,0,0,0,0,0,115,0,0,0,1,0,0,0,7,0,0,0,22,0,6,0,0,0,0,0,0,0,0,0,5,0,0,0,42,0,25,0,0,0,0,0,0,0,72,0,0,0,10,0,0,0,0,0,0,0,5,0,0,0,0,0,1,0,0,0,0,0,1,0,0,0,0,0,0,0,0,0,0,0,0,0,0,0,0,0,0,0,0,0,0,0,0,0,0,0,0,0,0,0,0,0,4,0,0,0,0,0,0,0,0,0,0,0,0,0,0,0,0,0,47,0,15,0,20,0,47,0,0,0,0,0,0,0,0,0,29,0,66,0,15,0,0,0,4,0,0,0,0,0,6,0,49,0,13,0,0,0,74,0,0,0,0,0,64,0,19,0,0,0,0,0,0,0,0,0,0,0,0,0,0,0,1,0,0,0,0,0,0,0,0,0,114,294,58,90,41,0,25,0,0,0,0,1,0,0,0
0,125,0,0,0,0,0,240,0,349,0,0,0,0,0,4,0,33,0,0,0,0,4,0,0,29,0,0,0,18,0,0,0,8,0,0,0,16,0,11,0,0,0,2,0,0,0,0,0,0,0,2,0,129,0,55,0,19,0,38,0,0,0,22,0,0,0,0,0,0,0,0,0,0,0,0,0,0,0,0,0,0,0,1,0,8,0,0,0,0,0,0,0,0,0,0,0,2,0,0,0,0,0,0,0,0,0,0,0,0,0,0,0,0,0,0,0,0,0,0,0,0,0,0,0,0,0,0,0,0,0,0,0,0,0,0,0,0,0,23,0,0,0,0,0,35,0,0,0,0,0,0,0,0,0,22,0,126,0,12,0,0,0,3,0,0,0,3,0,18,0,114,0,75,0,0,0,0,0,2,0,0,0,45,0,13,0,0,0,0,0,0,0,0,0,0,0,0,0,0,0,0,0,0,0,0,0,0,0,0,0,0,0,0,36,0,0,0,23,483,75,58,0,33,0
51,0,95,0,0,0,285,0,118,17,0,0,0,0,7,0,240,0,57,0,85,0,40,0,306,5,0,0,11,0,36,0,30,0,7,0,32,0,15,0,0,0,0,0,42,0,31,0,2,0,0,0,100,0,47,21,0,0,0,1,72,0,0,0,0,0,7,2,0,0,0,0,0,0,10,0,0,0,0,0,0,0,0,0,116,0,0,0,0,0,0,0,0,0,0,0,71,0,0,0,7,0,0,0,0,0,0,0,0,0,0,0,0,0,0,0,0,0,0,0,22,0,0,0,0,0,0,0,15,0,0,0,0,0,0,0,54,0,79,0,44,0,119,0,8,0,0,0,2,0,0,0,0,0,41,0,22,0,55,0,0,0,0,0,0,0,0,0,0,0,14,0,11,0,0,0,45,0,0,0,0,0,33,0,4,0,0,0,0,0,0,0,0,0,0,0,0,0,0,0,0,0,0,0,0,0,0,0,0,0,4,27,6,0,0,0,0,0,0,0,1,0,0,0,0
0,51,0,3,0,0,12,219,14,286,0,1,0,0,0,0,4,152,0,0,0,32,0,6,19,185,0,0,0,7,0,3,0,0,0,0,0,5,0,8,0,0,0,0,0,1,0,0,0,0,0,0,0,93,3,179,0,32,0,10,0,22,0,0,0,0,0,14,0,0,0,0,0,0,0,0,0,0,0,0,0,0,0,0,0,0,0,0,0,0,0,0,0,0,0,0,0,0,0,0,0,0,0,0,0,0,0,0,0,0,0,0,0,0,0,0,0,0,0,0,0,0,0,0,0,0,0,0,0,0,0,2,0,0,0,12,0,0,0,33,0,0,0,0,0,45,0,0,0,0,0,0,0,0,0,72,0,50,0,44,0,0,0,0,0,0,0,0,0,2,0,7,0,0,0,0,0,9,0,0,0,0,0,35,0,4,0,0,0,0,0,0,0,0,0,0,0,0,0,0,0,0,0,0,0,0,0,0,0,0,2,0,0,0,8,0,0,0,7,31,0,2,0,0,0
0,0,0,0,2,0,14,0,151,3,0,0,2,0,0,0,0,1,0,0,0,0,2,0,0,0,0,0,0,0,0,0,0,0,0,0,0,0,0,0,0,0,0,0,3,0,0,0,3,0,0,0,0,0,0,0,45,0,39,0,0,0,0,0,0,17,271,0,0,0,21,0,0,0,0,0,0,0,0,0,0,0,0,0,0,0,0,0,0,0,0,0,0,0,0,0,0,0,0,0,0,0,0,0,0,0,0,0,0,0,0,0,0,0,0,0,0,0,0,0,0,0,0,0,13,0,4,0,0,0,47,38,0,0,0,0,0,0,58,0,0,0,0,0,129,0,19,0,29,0,14,0,3,0,61,0,33,0,27,21,107,70,0,0,0,0,0,0,0,0,0,0,0,0,144,0,62,0,0,0,101,61,0,0,232,0,1,0,0,0,0,0,0,0,0,0,0,0,0,0,0,0,0,0,2,0,0,0,15,0,180,4,0,0,247,0,0,0,0,0,2,0,0,0,0
0,19,0,0,0,0,0,0,0,142,0,5,0,3,0,0,0,0,0,17,0,0,0,0,0,0,0,12,0,0,0,0,0,0,0,0,1,0,0,0,0,0,0,0,0,6,0,0,0,0,0,0,0,0,1,0,26,4,17,99,0,0,0,0,17,0,12,213,0,0,0,16,0,0,0,21,0,0,0,0,0,27,0,0,0,14,0,0,0,0,0,0,0,0,0,0,0,0,0,0,0,0,0,0,0,0,0,0,0,0,0,0,0,0,0,0,0,0,0,0,0,20,0,0,0,26,0,13,0,0,0,44,0,0,0,0,0,0,0,28,0,16,0,0,0,122,0,49,0,138,0,64,0,29,33,3,0,7,0,25,57,173,0,0,0,0,0,0,0,0,0,0,0,0,2,98,7,0,0,0,1,272,0,4,7,104,0,0,0,0,0,0,0,0,0,0,0,0,0,0,0,0,0,0,0,0,0,14,0,18,0,0,0,0,141,0,0,0,128,11,0,0,0,0,0
0,0,0,0,0,0,13,0,70,0,0,0,0,0,0,0,0,0,0,0,0,0,0,0,0,0,0,0,0,0,4,0,0,0,0,0,0,0,0,0,0,0,0,0,0,0,0,0,0,0,0,0,26,15,55,40,42,39,140,144,10,0,7,0,271,12,0,105,0,0,1,0,0,0,0,0,0,0,0,0,0,0,0,0,0,0,0,0,0,0,0,0,0,0,0,0,0,0,0,0,0,0,0,0,0,0,0,0,0,0,0,0,0,0,0,0,0,0,0,0,0,0,0,0,44,0,0,0,0,0,74,0,0,0,0,0,0,0,0,0,0,0,0,0,20,0,24,0,94,0,0,0,0,0,108,0,104,0,0,3,84,0,0,0,0,0,7,0,10,0,0,0,0,0,17,0,333,0,0,0,0,15,6,0,363,11,0,0,0,0,0,0,0,0,0,0,0,0,0,0,0,0,0,0,0,0,0,0,26,0,243,131,105,0,572,50,67,1,0,0,0,0,0,0,0
0,11,0,0,0,7,75,9,103,128,0,0,0,2,0,0,0,0,0,0,0,0,0,0,0,0,0,0,0,0,0,0,0,0,0,0,0,0,0,0,0,0,0,0,0,0,0,3,0,0,0,0,22,29,101,28,55,38,115,185,0,0,2,14,0,213,105,0,0,0,0,0,0,0,0,0,0,0,0,0,0,0,0,0,0,0,0,0,0,0,0,0,0,0,0,0,0,0,0,0,0,0,0,0,0,0,0,0,0,0,0,0,0,0,0,0,0,0,0,0,0,0,0,0,0,20,0,0,0,0,0,30,0,0,0,0,0,0,0,0,0,0,0,0,0,28,0,19,0,77,0,37,0,9,35,36,0,29,0,37,0,59,0,0,0,0,0,0,0,0,0,0,0,0,0,99,53,0,0,0,0,54,0,0,16,661,0,0,0,0,0,0,0,0,0,0,0,0,0,0,0,0,0,0,0,0,0,5,0,14,0,10,0,0,766,0,0,0,434,190,131,433,56,0,2
0,0,0,0,0,0,0,0,0,0,0,0,0,0,0,0,0,0,0,0,0,0,0,0,0,0,0,0,0,0,0,0,0,0,0,0,0,0,0,0,0,0,0,0,0,0,0,0,5,0,0,0,0,0,0,0,2,0,0,0,0,0,0,0,0,0,0,0,0,0,0,0,4,0,0,0,50,0,11,0,3,0,53,0,0,0,4,0,16,0,0,0,60,0,6,0,0,0,10,0,0,0,169,0,0,0,23,0,100,0,21,0,7,0,9,0,5,0,0,0,0,1,0,0,0,0,0,0,0,0,0,0,0,0,0,0,0,0,0,0,0,0,0,0,0,0,0,0,0,0,0,0,0,0,0,0,0,0,0,0,0,0,0,0,24,0,2,0,87,0,2,0,3,0,0,0,0,0,0,0,0,0,0,0,0,0,0,0,35,0,10,0,0,0,13,0,0,0,0,0,0,0,0,0,40,0,2,0,0,0,36,5,30,0,0,43,108,0,0,0,0,0,0,0,0
0,0,0,0,0,0,0,0,0,0,0,0,0,0,0,0,0,0,0,0,0,0,0,0,0,0,0,0,0,0,0,0,0,0,0,0,0,0,0,0,0,1,0,0,0,8,0,0,0,0,0,3,0,0,0,0,0,2,0,2,0,0,0,0,0,0,0,0,0,0,0,0,0,0,0,0,0,57,0,0,0,0,0,31,0,0,0,8,0,13,0,0,0,13,0,16,0,0,0,0,0,0,0,228,0,3,0,0,0,34,0,12,0,9,0,0,0,2,0,0,0,0,0,0,1,0,0,3,0,0,0,0,0,0,0,0,0,0,0,0,0,0,0,0,0,0,0,0,0,0,0,0,0,0,0,0,0,0,0,0,0,0,0,0,0,39,0,0,0,57,0,1,0,0,0,0,0,0,0,0,0,0,0,0,0,0,0,1,0,0,0,0,0,0,0,0,0,0,0,0,0,0,0,6,0,0,0,0,0,0,0,0,0,0,0,0,0,0,11,5,49,0,23,175,0
0,0,0,0,0,0,0,0,0,0,0,0,0,0,0,0,0,0,0,0,55,0,0,0,0,0,159,0,10,0,0,0,12,0,25,0,98,0,0,0,0,0,21,0,48,0,0,0,0,0,0,0,0,0,0,0,0,0,0,0,0,0,0,0,21,0,1,0,0,0,0,0,147,0,209,0,7,0,176,0,12,0,11,0,0,0,38,0,1,0,0,0,0,0,5,0,0,0,10,0,0,0,0,0,0,0,0,0,0,0,0,0,0,0,0,0,0,0,0,0,15,0,5,0,0,0,0,0,0,6,0,0,30,0,18,0,0,0,9,0,58,0,50,0,94,0,0,0,0,0,61,0,0,0,0,0,26,0,0,0,0,6,59,0,0,0,45,0,28,0,27,0,34,0,16,0,0,0,0,0,0,14,0,0,0,0,0,0,0,0,0,0,0,0,0,0,0,0,0,0,0,0,0,0,0,0,0,0,0,0,32,0,24,0,8,0,0,0,0,0,0,0,0,0,0
0,1,0,1,0,8,0,0,0,0,0,0,0,0,0,8,0,0,0,0,0,20,0,0,0,0,0,0,0,0,0,0,0,0,0,11,0,12,0,0,0,0,0,15,0,14,0,0,0,6,0,39,0,0,0,0,0,0,0,0,0,0,0,0,0,16,0,0,0,0,0,0,0,190,6,336,0,19,0,26,0,9,0,8,0,1,0,84,0,0,0,0,0,0,0,0,0,0,0,0,2,0,0,0,0,0,0,0,0,0,0,0,0,0,0,0,0,0,0,0,0,6,0,8,0,108,0,0,0,28,0,63,0,48,0,20,12,0,7,0,0,32,0,10,0,108,0,0,0,25,0,0,0,29,0,0,0,4,0,0,0,44,0,59,0,0,0,22,0,14,0,10,0,32,0,28,0,0,0,0,8,54,0,0,0,0,0,0,0,0,0,0,0,0,0,0,0,0,0,16,0,4,0,0,0,0,0,0,0,0,0,0,0,0,0,0,0,0,97,2,0,0,0,0,0
0,0,0,0,3,0,0,0,0,0,0,0,0,0,0,0,0,0,0,0,0,0,0,0,0,0,0,0,0,0,0,0,0,0,0,0,26,0,0,0,0,0,0,0,0,0,0,0,2,0,8,0,0,0,0,0,0,0,0,0,0,0,0,0,0,0,0,0,4,0,147,0,0,0,189,0,57,0,380,0,5,0,67,0,17,0,21,0,1,0,0,0,19,0,11,0,0,0,0,0,0,0,5,0,0,0,0,0,1,0,0,0,0,0,0,0,0,0,0,0,50,0,23,0,67,0,50,0,19,0,26,0,33,0,103,0,0,0,7,0,60,0,144,0,55,0,67,0,6,0,48,0,0,0,0,0,0,0,2,0,12,0,71,0,3,0,16,0,22,0,29,0,24,0,12,0,0,0,0,0,0,0,0,0,0,0,0,0,0,0,10,0,40,0,2,0,0,0,0,0,84,0,0,0,0,0,0,0,70,0,357,0,17,0,18,3,4,0,0,0,0,0,0,0,0
0,0,0,0,0,0,0,0,0,0,0,0,0,0,0,0,0,0,0,0,0,0,0,0,0,0,0,0,0,0,0,0,0,0,0,0,0,0,0,0,0,0,0,0,0,0,0,0,0,0,0,0,0,0,0,0,0,0,0,0,0,0,0,0,0,0,0,0,0,0,0,190,0,0,0,333,0,74,0,77,0,22,0,30,0,70,0,93,0,0,5,0,0,0,0,10,8,0,0,0,0,0,0,1,0,2,15,0,0,0,0,0,0,0,0,0,0,0,0,0,0,43,0,42,0,59,0,0,10,0,0,0,0,0,0,189,8,42,8,0,0,29,5,27,0,61,0,0,0,0,0,0,6,0,0,0,0,0,0,4,0,13,0,43,0,0,0,0,0,15,0,14,0,11,0,0,0,0,0,0,0,0,0,0,0,0,0,0,0,0,0,0,0,0,0,0,0,0,0,0,0,74,0,0,0,0,0,0,0,0,0,0,0,0,11,0,0,0,169,0,28,0,0,0,0
0,0,0,0,0,0,0,0,0,0,0,0,0,0,0,0,16,0,0,0,60,0,0,0,0,0,0,0,0,0,0,0,19,0,18,0,62,0,8,0,0,0,0,0,0,0,12,0,0,0,46,0,0,0,2,0,0,0,0,0,5,0,10,0,0,0,0,0,0,0,209,6,189,0,0,0,0,0,234,0,13,0,11,0,35,0,27,0,0,0,0,0,0,0,0,0,0,0,17,0,9,0,0,0,0,0,0,0,0,0,0,0,0,0,0,0,0,0,0,0,68,0,35,0,0,16,43,0,0,0,0,0,0,0,94,0,22,0,0,0,93,0,159,0,109,0,74,0,9,0,64,0,30,0,1,0,16,0,0,0,0,0,59,0,0,0,38,0,26,0,0,0,0,0,24,0,0,0,0,0,73,0,0,0,11,0,0,0,0,0,0,0,0,0,0,0,0,0,92,0,47,0,0,0,0,0,0,0,57,0,136,2,28,0,10,0,0,0,0,0,0,0,0,0,0
0,0,0,0,0,0,0,0,0,0,0,0,0,0,0,0,0,0,0,0,0,0,0,0,0,0,0,0,0,0,0,0,0,0,0,6,0,0,0,0,0,0,0,14,0,15,0,0,0,0,0,0,0,0,0,0,0,0,0,0,0,0,0,0,0,21,0,0,0,0,0,336,0,333,0,0,0,57,0,73,0,0,0,8,0,17,0,151,0,0,0,0,0,0,0,0,0,0,0,0,0,0,1,0,0,0,0,0,0,0,0,0,0,0,0,0,0,0,0,0,0,101,0,22,0,0,0,0,0,0,0,0,0,0,8,0,0,0,0,2,0,42,0,39,0,127,0,0,0,34,0,0,0,0,0,0,0,2,0,0,0,0,0,31,0,0,0,15,0,18,0,0,0,22,0,20,0,0,0,0,0,56,0,0,0,0,0,0,0,0,1,0,0,0,0,0,0,0,0,0,0,0,0,0,0,0,0,0,0,0,0,0,0,0,0,0,0,0,106,0,13,0,0,0,0
0,0,0,0,0,0,0,0,0,0,5,0,0,0,0,0,0,0,0,0,0,0,0,0,0,0,0,0,0,0,0,0,0,0,0,0,0,0,0,0,0,0,0,0,0,0,0,0,0,0,5,0,0,0,0,0,0,0,0,0,0,0,0,0,0,0,0,0,50,0,7,0,57,0,0,0,0,0,57,0,13,0,38,0,0,0,25,0,20,0,0,0,77,0,18,0,0,0,30,0,20,0,154,0,56,0,80,0,15,0,0,0,0,0,0,0,13,0,0,0,2,0,0,0,0,0,0,0,0,0,0,0,0,0,0,0,0,0,0,0,0,0,0,0,0,0,0,0,0,0,0,0,0,0,0,0,0,0,0,0,0,0,0,0,13,0,3,0,54,0,1,0,9,0,0,0,0,0,0,0,0,0,0,0,0,0,0,0,107,0,0,0,89,0,0,0,2,0,0,0,0,0,0,0,165,0,0,0,0,0,96,0,62,0,25,38,23,0,0,0,0,0,0,0,0
0,0,0,0,0,0,0,0,0,0,0,0,0,0,0,0,0,0,0,0,0,0,0,0,0,0,0,0,0,0,0,0,0,0,0,0,0,0,0,0,0,0,0,0,0,0,0,0,0,0,0,0,0,0,0,0,0,0,0,0,0,0,0,0,0,0,0,0,0,57,0,19,0,74,0,57,0,0,0,8,0,56,0,119,0,39,0,131,0,43,0,0,0,119,0,152,0,0,0,0,0,32,0,196,0,0,0,0,0,14,0,0,0,2,0,0,0,13,0,2,0,11,0,0,0,0,0,0,0,1,0,0,6,0,0,0,0,0,0,0,0,6,0,0,0,0,0,0,0,0,0,0,0,0,0,0,0,0,0,0,0,0,0,0,0,8,0,0,0,88,0,2,0,0,0,0,0,0,0,0,0,0,0,0,0,0,0,0,0,0,0,0,0,0,0,34,0,0,0,0,0,0,0,0,0,0,0,0,0,0,0,0,0,0,22,0,0,0,81,9,61,0,17,8,1
0,0,0,0,0,0,0,0,0,0,0,0,0,0,0,0,0,0,0,0,0,0,0,0,0,0,0,0,0,0,0,0,0,0,0,0,0,0,0,0,0,0,0,0,0,0,0,0,0,0,0,0,0,0,0,0,0,0,0,0,0,0,0,0,0,0,0,0,11,0,176,0,380,0,234,0,57,0,0,0,23,0,96,0,39,0,61,0,15,0,0,0,50,0,30,0,37,0,41,0,18,0,43,0,0,0,61,0,3,0,0,0,0,0,0,0,5,0,0,0,69,0,18,0,0,0,0,0,0,0,0,0,0,0,0,0,0,0,0,0,0,0,118,0,20,0,0,0,0,0,21,0,0,0,0,0,0,0,0,0,0,0,17,0,0,0,0,0,52,0,0,0,0,0,0,0,0,0,0,0,0,0,0,0,0,0,0,0,0,0,28,0,87,0,14,0,0,0,167,0,169,0,145,0,0,0,0,0,0,0,172,0,0,0,0,0,0,0,0,0,0,0,0,0,0
0,0,0,0,0,0,0,0,0,0,0,0,0,0,0,0,0,0,0,0,0,0,0,0,0,0,0,0,0,0,0,0,0,0,0,2,0,0,0,0,0,0,0,0,0,0,0,0,0,3,0,0,0,0,0,0,0,0,0,0,0,0,0,0,0,0,0,0,0,0,0,26,0,77,0,73,0,8,0,0,0,0,0,0,0,22,0,14,0,0,0,0,0,0,0,1,0,0,0,0,1,0,0,0,0,0,0,0,0,0,0,0,0,0,0,0,0,0,0,0,0,8,0,13,0,0,0,0,0,0,0,0,0,0,0,43,0,0,0,0,0,20,0,16,0,31,0,0,0,12,0,0,4,0,0,0,0,0,0,0,0,0,0,8,0,0,0,0,0,3,0,0,0,11,0,0,0,0,0,0,0,0,0,0,0,0,0,0,0,0,0,0,0,0,0,0,0,0,0,0,0,0,0,0,0,0,0,0,0,0,0,0,0,0,0,0,0,0,46,0,0,0,0,0,0
