0,65,106,55,35,29,29,11,33,0,160,13,121,0,8,31,65,46,7,0,0,0,20,101,36,82,24,0,37,0,0,0,6,2,0,0,13,3,289,6,40,0,0,0,6,0,32,0,12,0,0,0,0,0,0,0,3,0,5,0,156,0,65,1,14,0,12,0,2,0,0,0,0,0,0,0,0,0,0,0,0,0,0,0,0,0,0,0,0,0,0,0,0,0,0,0,0,0,0,0,0,0,0,0,0,0,0,0,0,0,0,0,0,0,0,0,0,0,0,0,0,0,0,0,3,0,0,0,0,0,13,0,0,0,0,0,0,0,0,0,0,0,0,0,0,0,8,0,29,0,4,0,0,0,0,0,0,0,0,0,7,0,0,0,27,0,0,0,42,0,47,0,348,0,0,0,261,148,13,0,2,0,15,0,18,0,5,0,0,0,0,0,0,0,0,0,0,0,0,0,0,0,0,0,0,0,0,0,4,0,499,136,186,180,279,0,4,0,0,0,6,0,0,0,0
65,0,30,39,0,108,0,5,0,82,2,103,0,63,0,59,26,90,0,54,0,9,56,95,94,87,0,69,0,205,0,0,0,104,0,9,0,231,0,520,0,5,0,0,0,20,0,31,0,22,0,0,0,1,5,14,0,0,0,7,0,234,10,85,0,130,0,11,0,0,0,0,0,0,0,0,0,0,0,0,0,0,0,0,0,0,0,0,0,0,0,0,0,0,0,0,0,0,0,0,0,0,0,0,0,0,0,0,0,0,0,0,0,0,0,0,0,0,0,0,0,4,0,0,0,75,0,40,0,2,0,51,0,4,0,79,0,126,0,0,0,14,0,0,0,0,0,82,0,164,0,103,0,109,0,0,0,0,0,2,0,15,0,17,0,0,1,13,0,61,0,28,5,304,0,11,20,398,0,5,0,38,0,20,0,110,0,0,0,0,0,0,0,0,0,0,0,0,0,51,0,20,0,0,0,0,0,0,0,102,5,0,0,2,624,0,0,0,1063,72,265,254,0,90,3
106,30,0,39,191,116,77,0,24,0,69,59,102,0,91,76,17,23,54,0,0,0,449,120,224,24,59,0,199,0,38,0,103,0,0,0,17,0,335,0,41,0,0,0,7,0,41,0,16,0,0,0,0,0,51,0,11,0,34,0,44,0,21,0,6,0,0,0,0,0,0,0,0,0,0,0,0,0,0,0,0,0,0,0,0,0,0,0,0,0,0,0,0,0,0,0,0,0,0,0,0,0,0,0,0,0,0,0,0,0,0,0,0,0,0,0,0,0,1,0,0,0,0,0,68,0,0,0,0,0,46,0,0,0,99,0,61,0,0,0,0,0,39,0,0,0,33,0,88,0,46,0,5,0,0,0,1,0,0,0,11,0,0,0,0,0,0,0,0,0,0,0,235,0,0,0,144,126,0,0,0,0,6,0,11,0,0,0,0,0,0,0,0,0,0,0,0,0,0,0,0,0,0,0,10,0,0,0,55,0,332,49,115,136,279,0,0,0,0,0,0,0,0,0,0
55,39,39,0,0,91,0,15,0,13,0,14,0,0,2,275,35,51,0,88,0,20,100,501,86,141,0,0,0,162,0,0,0,138,0,0,0,57,0,263,0,0,0,0,0,0,0,0,0,5,0,0,0,0,0,82,0,6,0,2,0,18,0,0,0,0,0,0,0,0,0,0,0,0,0,0,0,0,0,0,0,0,0,0,0,0,0,0,0,0,0,0,0,0,0,0,0,7,0,0,0,0,0,0,0,0,0,0,0,0,0,0,0,0,0,0,0,0,0,0,0,0,0,0,0,29,0,14,0,0,0,8,0,14,0,301,0,176,0,0,0,20,0,0,0,0,0,0,0,26,0,25,0,0,0,0,0,0,0,0,0,3,0,0,0,3,0,0,0,9,0,0,0,43,0,0,16,147,0,2,0,0,2,0,0,0,0,0,0,0,0,0,0,0,0,0,0,0,0,0,0,63,0,0,0,0,0,0,0,110,0,0,0,0,88,0,0,0,93,8,56,0,0,0,0
35,0,191,0,0,137,37,0,18,0,43,76,346,87,133,161,5,0,45,201,47,159,248,80,0,0,98,0,72,0,133,0,256,0,184,26,160,0,148,0,72,0,0,0,6,0,69,0,16,0,106,0,0,0,0,0,0,0,20,0,0,0,0,0,11,0,0,0,0,0,0,0,0,0,0,0,0,0,0,0,0,0,0,0,0,0,0,0,0,0,0,0,0,0,0,0,0,0,0,0,0,0,0,0,0,0,0,0,0,0,0,0,0,0,0,0,0,0,0,0,0,0,0,0,0,0,0,0,0,0,13,0,0,0,42,0,0,0,0,0,0,0,0,0,0,0,0,0,108,0,64,0,0,0,0,0,0,0,0,0,0,0,0,0,69,0,300,0,0,0,0,0,206,0,0,0,324,196,86,0,58,0,44,0,86,0,12,0,0,0,0,0,0,0,0,0,0,0,0,0,0,0,0,0,0,0,0,0,15,0,659,183,302,142,312,0,3,0,0,0,0,0,0,0,0
29,108,116,91,137,0,0,39,0,23,65,130,40,59,279,410,15,6,0,341,75,193,154,217,0,5,0,178,0,95,8,111,0,533,0,142,0,278,0,0,0,7,0,0,0,18,0,32,0,7,0,0,0,0,0,15,0,0,0,0,0,9,0,5,0,31,0,2,0,0,0,5,0,0,0,16,0,0,0,0,0,99,0,0,0,0,0,0,0,0,0,0,0,0,0,0,0,0,0,0,0,0,0,0,0,0,0,0,0,0,0,0,0,0,0,0,0,0,0,0,0,0,0,0,0,0,0,0,0,0,0,0,0,2,0,83,0,63,0,0,0,0,0,0,0,0,0,38,0,38,0,55,0,0,0,0,0,0,0,0,0,6,0,0,0,0,0,148,0,0,0,0,0,79,0,0,45,354,0,31,0,0,0,17,0,26,0,0,0,0,0,0,0,0,0,0,0,0,0,38,0,0,0,0,0,0,0,0,0,56,0,0,0,0,203,0,0,0,419,73,452,0,0,0,0
29,0,77,0,37,0,0,0,2,0,19,0,35,0,13,0,6,26,0,0,0,0,6,15,235,176,0,0,0,0,0,0,0,0,0,0,0,0,18,0,25,0,0,0,16,0,20,0,46,0,0,0,41,9,220,50,8,0,22,0,221,0,186,27,5,0,13,0,0,0,0,0,0,0,0,0,0,0,0,0,0,0,0,0,0,0,0,0,0,0,0,0,0,0,0,0,0,0,0,0,0,0,0,0,0,0,0,0,0,0,0,0,0,0,0,0,0,0,0,0,0,0,0,0,36,0,9,0,0,0,27,1,11,0,5,0,0,0,0,0,0,0,0,0,0,0,8,0,18,0,15,0,0,0,2,0,0,1,0,0,12,0,0,0,41,0,0,0,38,0,141,0,217,0,0,0,58,80,0,0,0,0,1,0,0,0,0,0,0,0,0,0,0,0,0,0,2,0,0,0,0,1,0,0,0,0,0,0,15,0,611,77,284,443,595,24,44,0,0,4,0,0,0,0,0
11,5,0,15,0,39,0,0,0,4,0,7,0,16,0,26,10,13,0,26,0,0,0,18,76,411,0,25,0,75,0,0,0,0,0,3,0,0,0,208,0,0,0,0,0,0,0,0,0,22,0,0,0,15,41,130,1,4,0,4,4,204,25,146,0,0,0,3,0,3,0,0,0,0,0,0,0,0,0,0,0,0,0,0,0,0,0,6,0,0,0,0,0,0,0,0,0,0,0,0,0,0,0,0,0,0,0,0,0,0,0,0,0,0,0,0,0,0,0,0,0,0,0,0,0,20,0,0,0,5,0,13,0,0,0,0,0,22,0,0,0,2,0,0,0,0,0,0,0,21,0,9,0,0,0,0,0,0,0,0,0,8,0,0,0,0,0,5,0,0,0,26,0,222,0,0,14,126,0,0,0,0,1,0,0,0,0,0,0,0,0,0,0,0,0,0,0,0,0,8,0,0,0,2,0,0,0,0,0,16,0,0,5,0,454,0,0,0,483,33,152,231,0,0,0
33,0,24,0,18,0,2,0,0,53,14,0,27,0,0,0,9,24,8,0,0,0,5,2,26,161,19,0,0,0,0,0,0,0,0,0,0,0,13,0,18,0,0,0,0,0,26,0,27,0,0,0,150,17,89,143,0,0,19,0,261,3,209,23,104,0,137,0,1,0,0,0,0,0,0,0,0,0,0,0,0,0,0,0,0,0,0,0,0,0,0,0,0,0,0,0,0,0,0,0,0,0,0,0,0,0,0,0,0,0,0,0,0,0,0,0,0,0,0,0,0,0,0,0,27,0,0,0,0,0,31,0,0,0,5,0,0,0,0,0,0,0,0,0,0,0,11,0,83,0,14,0,0,0,1,0,6,0,0,0,45,1,6,0,17,0,0,0,16,0,137,0,71,0,0,0,227,105,37,0,0,0,35,0,106,20,6,0,0,0,0,0,0,0,0,0,0,0,0,0,1,0,0,0,0,0,0,0,5,0,693,143,191,288,393,40,49,0,0,0,0,0,0,0,0
0,82,0,13,0,23,0,4,53,0,0,52,0,14,0,0,1,5,0,20,0,0,0,0,25,47,0,0,0,0,0,0,0,0,0,0,0,0,0,19,0,0,0,0,0,0,0,6,0,0,0,0,65,125,124,212,0,54,37,33,0,252,26,401,0,209,28,95,0,0,0,0,0,0,0,0,0,0,0,0,0,3,0,0,0,3,0,0,0,0,0,0,0,0,0,0,0,3,0,0,0,0,0,0,0,0,0,0,0,0,0,0,0,0,0,0,0,0,0,2,0,0,0,0,0,51,0,26,0,4,0,91,0,0,0,0,0,12,0,0,0,0,0,0,0,0,0,32,0,121,0,43,0,33,0,20,0,55,0,0,0,34,0,3,0,0,0,4,0,58,0,85,0,112,0,0,16,194,0,0,0,10,0,1,0,77,0,0,0,0,0,0,0,0,0,0,0,0,0,10,0,0,0,0,0,0,0,13,0,23,0,0,3,0,524,0,0,0,921,137,257,334,16,70,0
160,2,69,0,43,65,19,0,14,0,0,23,184,11,21,83,27,0,2,31,11,45,66,65,0,0,0,0,35,0,50,0,302,0,18,0,113,0,191,0,22,0,0,0,0,0,10,0,6,0,10,0,0,0,0,0,0,0,0,0,0,0,0,0,0,0,0,0,0,0,0,0,0,0,0,0,0,0,0,0,0,0,0,0,0,0,0,0,0,0,0,0,0,0,0,0,0,0,0,0,0,0,0,0,0,0,0,0,0,0,0,0,0,0,0,0,2,0,0,0,0,0,0,0,0,0,0,0,0,0,0,0,0,0,0,0,0,0,0,0,0,0,0,0,1,0,0,0,0,0,33,0,35,0,0,0,0,0,0,0,0,0,0,0,24,0,150,0,0,0,18,0,219,0,0,0,330,104,54,0,58,0,28,0,51,0,3,0,0,0,0,0,0,0,0,0,0,0,0,0,3,0,0,0,0,0,0,0,0,0,531,130,162,0,181,0,0,0,0,0,0,0,0,0,0
13,103,59,14,76,130,0,7,0,52,23,0,0,213,153,92,17,0,0,113,62,76,129,69,0,0,0,246,0,119,0,26,0,377,5,62,4,287,0,136,1,37,0,0,0,76,0,129,0,36,0,24,0,0,0,0,0,2,0,0,0,10,0,6,0,38,0,0,0,0,0,0,0,3,0,0,0,0,0,0,0,0,0,0,0,0,0,25,0,0,0,0,0,0,0,0,0,0,0,0,0,0,0,0,0,0,0,0,0,0,0,0,0,17,0,0,0,0,0,18,0,0,0,4,0,0,0,0,0,0,0,0,0,0,0,0,0,0,0,0,0,0,0,0,0,0,0,0,0,21,0,66,0,117,0,0,0,0,0,0,0,0,0,6,0,19,0,52,1,83,0,0,0,112,0,58,68,355,0,28,0,208,0,68,0,77,0,14,0,0,0,0,0,0,0,0,0,0,0,0,0,0,0,0,0,0,0,0,0,0,4,2,0,3,279,0,0,0,676,164,358,76,7,4,0
121,0,102,0,346,40,35,0,27,0,184,0,0,150,29,27,0,0,61,317,10,138,0,0,2,0,75,352,0,0,9,0,0,0,121,19,21,0,0,0,116,93,75,40,33,42,118,128,8,0,240,25,0,0,0,0,0,0,0,0,0,0,0,0,9,0,0,0,0,0,0,0,0,0,0,0,0,0,0,0,0,0,0,0,0,0,0,0,0,0,0,0,0,0,0,0,0,0,0,0,0,0,0,0,0,0,0,0,0,0,0,0,0,0,0,0,0,0,0,0,3,0,0,0,13,0,0,0,0,0,0,0,0,0,0,0,0,0,0,0,0,0,0,0,0,0,18,0,67,0,68,0,120,0,0,0,0,0,0,0,0,0,0,0,73,0,46,0,0,0,0,0,0,0,116,0,139,106,79,0,142,0,51,0,87,0,152,0,0,0,0,0,0,0,0,0,0,0,0,0,0,0,0,0,0,0,0,0,24,0,173,193,183,0,44,0,0,0,0,0,0,0,0,0,1
0,63,0,0,87,59,0,16,0,14,11,213,150,0,115,10,0,0,239,64,94,75,0,0,0,0,159,233,0,0,17,13,0,4,25,157,0,35,0,0,0,93,10,219,0,120,0,253,0,67,39,303,0,0,0,3,0,0,0,4,0,3,0,4,0,0,0,0,0,0,0,1,0,0,0,0,0,0,0,0,0,0,0,0,0,0,0,0,0,0,0,0,0,0,0,0,0,0,0,0,0,0,0,0,0,0,0,0,0,0,0,0,0,0,0,0,0,0,0,0,0,0,0,0,0,0,0,0,0,0,0,0,0,0,0,0,0,0,0,2,0,0,0,0,0,0,0,0,0,0,0,33,0,64,0,0,0,0,0,0,0,0,0,0,0,83,0,21,0,106,0,4,0,0,0,0,0,351,3,20,0,89,0,24,0,0,9,51,0,0,0,0,0,0,0,0,0,3,0,0,0,0,0,0,0,0,0,0,0,0,0,5,0,0,49,0,0,0,146,180,377,52,0,1,2
8,0,91,2,133,279,13,0,0,0,21,153,29,115,0,188,37,0,345,217,186,187,220,48,34,0,168,0,7,0,233,0,135,0,169,0,130,20,7,0,8,1,0,6,8,0,21,0,5,0,41,8,4,0,32,0,0,0,25,0,0,0,13,0,22,0,0,0,0,0,0,0,0,0,0,0,0,0,0,0,0,0,0,0,86,0,0,0,0,0,0,0,0,0,0,0,175,0,0,0,0,0,0,0,0,0,0,0,0,0,0,0,0,0,0,0,0,0,0,0,0,0,0,0,60,0,0,0,0,0,41,0,33,0,261,0,273,0,0,0,0,0,230,0,0,0,83,0,184,0,88,0,23,0,0,0,0,0,0,0,0,0,0,0,0,0,172,0,0,0,0,0,65,0,0,0,56,91,11,0,0,0,0,0,46,0,0,0,0,0,0,0,0,0,0,0,0,0,0,0,186,0,0,0,0,0,0,0,115,0,228,99,117,0,79,0,0,0,0,8,0,0,0,0,0
31,59,76,275,161,410,0,26,0,0,83,92,27,10,188,0,19,20,11,219,64,147,171,123,14,36,0,66,0,0,7,54,0,73,0,32,0,23,0,0,0,0,0,5,0,10,0,0,0,0,0,0,0,11,0,70,0,0,0,0,0,3,0,35,0,28,0,5,0,0,0,0,0,7,0,26,0,0,0,0,0,0,0,0,0,85,0,0,0,0,0,149,0,0,0,0,0,73,0,103,0,0,0,0,0,0,0,0,0,0,0,0,0,0,0,0,0,0,0,0,0,0,0,0,0,0,0,0,0,0,0,0,0,25,0,900,0,328,0,27,0,67,0,120,0,0,0,0,0,46,0,70,0,35,0,21,0,0,0,0,0,0,0,0,0,8,0,11,0,0,0,0,0,4,0,5,47,133,0,3,0,0,0,3,0,10,0,0,0,0,0,0,0,0,0,1,0,0,0,184,0,329,0,0,0,0,0,0,0,231,0,0,0,0,0,0,0,0,49,27,0,0,1,1,0
65,26,17,35,5,15,6,10,9,1,27,17,0,0,37,19,0,16,113,0,310,0,142,47,59,52,60,0,299,0,29,0,95,4,0,0,18,0,371,0,0,0,0,0,25,0,10,0,5,0,0,0,76,0,16,2,6,0,0,0,59,0,315,1,0,0,0,0,0,0,24,0,0,0,20,0,0,0,0,0,49,0,0,0,356,0,31,0,0,0,108,0,0,0,0,0,487,0,71,0,0,0,0,0,0,0,0,0,0,0,0,0,0,0,0,0,0,0,0,0,41,0,66,0,0,0,18,0,0,0,0,0,0,0,48,0,293,0,68,0,227,0,537,0,4,0,0,0,0,0,0,0,0,0,56,0,3,0,34,0,0,0,0,0,0,0,12,0,17,0,13,0,157,0,0,0,24,37,8,0,0,0,48,0,0,0,0,0,0,0,0,0,0,0,0,0,0,0,0,0,89,0,0,0,0,0,1,0,0,0,59,22,55,66,70,1,0,0,8,0,0,0,0,0,0
46,90,23,51,0,6,26,13,24,5,0,0,0,0,0,20,16,0,0,0,0,134,37,148,103,64,0,0,0,463,0,14,0,91,0,0,0,0,1,372,0,0,0,0,0,0,0,0,0,3,0,0,2,54,15,9,0,34,0,0,0,31,8,150,0,0,0,0,0,0,0,0,0,0,0,0,0,0,0,0,0,72,0,0,0,170,0,0,0,0,0,58,0,0,0,0,0,27,0,60,0,49,0,0,0,0,0,0,0,0,0,0,0,0,0,0,0,0,0,0,0,16,0,6,0,0,0,0,0,25,0,0,0,30,0,231,0,51,0,48,0,205,0,416,0,0,0,0,0,0,0,0,0,0,0,25,0,0,0,0,0,0,0,0,0,0,0,0,0,0,0,0,0,16,0,0,5,83,0,0,0,0,0,1,0,0,0,0,0,0,0,0,0,0,0,0,0,0,0,0,0,101,0,0,0,0,0,0,0,0,0,0,0,0,50,0,0,0,39,11,27,29,0,0,0
7,0,54,0,45,0,0,0,8,0,2,0,61,239,345,11,113,0,0,474,212,142,227,0,10,0,288,350,14,0,25,0,5,0,260,0,40,0,0,0,11,46,20,39,12,18,16,87,2,0,245,0,24,0,0,0,0,0,0,0,0,0,79,0,38,0,5,0,0,0,31,0,0,0,0,0,0,0,0,0,0,0,0,0,0,0,0,0,0,0,0,0,0,0,0,0,587,0,0,0,0,0,0,0,0,0,0,0,0,0,0,0,0,0,0,0,0,0,0,0,0,0,0,0,0,0,0,0,0,0,31,0,0,0,274,0,191,0,0,0,0,0,0,0,0,0,60,0,153,0,0,0,45,0,0,0,0,0,0,0,7,0,0,0,70,0,50,1,0,0,0,0,0,0,0,0,21,73,10,0,0,0,14,0,89,0,38,0,0,0,0,0,0,0,0,0,0,0,0,0,296,0,0,0,0,0,0,0,0,0,149,100,127,26,38,0,0,0,0,0,0,0,0,0,0
0,54,0,88,201,341,0,26,0,20,31,113,317,64,217,219,0,0,474,0,166,228,0,112,0,13,89,88,0,10,17,74,0,30,68,158,0,71,0,0,12,1,7,69,0,21,8,33,0,2,44,156,0,14,1,21,0,0,0,0,0,7,0,49,0,43,0,3,0,0,0,0,0,0,0,0,0,0,0,0,0,0,0,0,0,128,0,43,0,0,0,0,0,0,0,0,0,0,0,0,0,0,0,0,0,0,0,0,0,0,0,0,0,0,0,0,0,0,0,0,0,0,0,0,0,64,0,0,0,0,0,0,0,0,1,385,0,154,0,0,0,0,0,0,0,10,0,62,0,103,0,0,0,88,0,0,0,0,0,0,0,10,0,0,0,57,0,27,0,73,0,0,0,24,0,0,0,193,0,8,0,0,0,0,0,37,3,9,0,0,0,0,0,0,0,0,0,0,0,0,0,139,0,0,0,0,0,0,0,137,0,0,0,0,16,0,0,0,101,70,138,23,0,0,0
0,0,0,0,47,75,0,0,0,0,11,62,10,94,186,64,310,0,212,166,0,107,171,13,24,0,166,98,143,0,145,8,154,0,121,19,93,12,12,0,0,0,3,0,27,0,0,0,0,0,38,0,31,0,8,0,7,0,0,0,17,0,184,0,0,0,0,0,0,0,125,0,0,0,78,0,0,0,0,0,0,0,0,0,527,0,87,0,0,0,192,0,0,0,0,0,796,0,0,0,0,0,0,0,0,0,0,0,0,0,0,0,0,0,0,0,0,0,0,0,94,0,0,0,0,0,0,0,0,0,1,0,0,0,55,0,95,0,0,0,180,0,283,0,0,0,0,0,0,0,0,0,0,0,14,0,0,0,0,0,0,0,0,0,32,0,83,0,0,0,0,0,28,0,0,0,15,16,26,0,0,0,0,0,0,0,4,0,0,0,0,0,0,0,0,0,0,0,0,0,86,0,0,0,0,0,0,0,0,0,117,94,89,36,32,0,0,0,0,0,0,0,0,0,0
0,9,0,20,159,193,0,0,0,0,45,76,138,75,187,147,0,134,142,228,107,0,21,273,0,31,26,240,0,194,0,52,0,80,14,72,0,16,0,8,0,0,0,55,2,51,0,4,0,3,0,57,0,31,1,42,0,0,0,0,0,0,0,177,0,0,0,0,0,0,0,19,0,0,0,55,0,0,0,27,0,395,0,0,0,391,0,137,0,0,0,0,0,0,0,0,0,64,0,211,0,0,0,0,0,0,0,0,0,0,0,0,0,0,0,0,0,0,0,0,0,152,0,0,0,0,0,0,0,0,0,0,0,0,0,0,0,0,0,0,0,303,0,571,0,39,0,0,0,0,0,0,0,0,0,0,0,0,0,0,0,0,0,0,0,34,0,45,0,105,0,6,0,26,0,0,0,36,0,7,0,0,0,0,0,0,0,7,0,0,0,0,0,0,0,0,0,0,0,0,0,0,0,0,0,0,0,0,0,0,0,0,0,0,96,0,0,0,309,280,216,43,1,0,0
20,56,449,100,248,154,6,0,5,0,66,129,0,0,220,171,142,37,227,0,171,21,0,258,143,19,78,0,99,0,44,0,69,18,0,0,12,22,126,20,0,0,0,0,29,0,67,0,4,0,0,0,13,0,52,0,0,0,0,0,6,0,24,0,8,0,0,0,0,0,0,0,0,0,0,0,0,0,0,0,0,0,0,0,0,0,0,0,0,0,0,0,0,0,0,0,217,0,0,0,0,0,0,0,0,0,0,0,0,0,0,0,0,0,0,0,0,0,0,0,0,0,0,0,29,0,20,0,0,0,24,0,60,0,220,0,528,0,0,0,81,0,439,0,0,0,32,0,55,0,33,0,1,0,17,0,0,0,0,0,0,0,0,1,0,0,14,0,0,0,13,0,103,0,0,0,178,122,5,0,0,0,41,0,20,0,0,0,0,0,0,0,0,0,0,0,0,0,0,0,199,0,0,0,0,0,0,0,82,0,142,46,72,0,96,0,1,0,15,0,6,0,0,0,0
101,95,120,501,80,217,15,18,2,0,65,69,0,0,48,123,47,148,0,112,13,273,258,0,92,57,0,44,0,255,0,58,0,139,0,22,0,0,0,52,0,0,0,20,0,14,0,0,0,0,0,12,0,36,0,17,0,7,0,0,0,0,0,199,0,0,0,0,0,0,0,7,0,0,0,34,0,0,0,26,0,322,0,0,0,358,0,105,0,0,0,247,0,0,0,0,0,105,0,316,0,268,0,0,0,0,0,136,0,0,0,0,0,0,0,0,0,0,0,0,0,57,0,11,0,0,0,0,0,0,0,0,0,0,1,541,0,97,0,16,0,81,0,309,0,0,0,0,0,0,0,0,0,0,0,7,0,0,0,0,0,0,0,0,0,0,0,0,0,0,0,0,0,10,0,0,45,156,0,5,0,0,0,2,0,0,0,0,0,0,0,0,0,0,0,0,0,0,0,0,0,288,0,0,0,0,0,0,0,59,0,0,0,0,17,0,0,0,62,67,54,17,0,0,0
36,94,224,86,0,0,235,76,26,25,0,0,2,0,34,14,59,103,10,0,24,0,143,92,0,281,0,0,41,0,0,0,0,0,0,0,0,0,68,0,0,0,0,0,0,0,0,0,0,0,0,0,51,2,55,14,31,0,26,0,58,0,56,9,0,0,0,0,0,0,0,0,0,0,0,0,0,0,0,0,0,0,0,1,57,0,0,0,0,0,0,0,0,0,0,0,94,0,0,0,1,0,0,0,0,0,0,0,0,0,0,0,0,0,0,0,0,0,0,0,0,0,0,0,0,0,16,0,78,0,0,0,53,0,161,0,532,0,0,0,99,0,363,0,0,0,15,0,11,0,15,0,0,0,37,0,5,0,46,0,78,0,3,0,4,0,1,0,0,0,18,1,85,0,0,0,68,133,0,0,0,1,7,0,0,0,0,0,0,0,0,0,0,0,0,0,0,0,0,0,83,0,0,0,0,0,0,0,45,0,130,28,53,58,95,0,3,0,0,2,0,0,0,0,0
82,87,24,141,0,5,176,411,161,47,0,0,0,0,0,36,52,64,0,13,0,31,19,57,281,0,0,8,0,35,0,0,0,0,0,6,0,7,0,45,0,0,0,0,0,0,0,1,0,3,0,0,37,5,86,99,0,14,0,6,8,35,58,30,0,0,0,0,0,0,0,0,0,0,0,0,0,0,0,2,0,4,0,0,0,0,0,0,0,0,0,0,0,0,0,0,0,0,0,11,0,0,0,0,0,0,0,11,0,0,0,0,0,0,0,0,0,0,0,0,0,0,0,0,0,0,0,0,0,0,0,0,0,30,0,356,0,166,1,31,1,41,0,50,0,0,0,0,0,0,0,0,0,0,0,50,0,1,0,0,0,72,0,0,0,0,0,0,0,10,0,0,0,27,0,0,18,219,0,0,0,0,4,0,0,0,0,0,0,0,0,0,0,0,0,0,0,1,0,0,0,76,0,0,0,0,0,0,0,0,0,3,0,0,74,0,0,0,78,4,37,38,0,0,0
24,0,59,0,98,0,0,0,19,0,0,0,75,159,168,0,60,0,288,89,166,26,78,0,0,0,0,440,37,0,19,0,10,0,76,0,67,0,0,0,26,325,261,41,328,54,129,317,20,0,378,31,0,0,0,0,0,0,0,0,8,0,71,0,34,0,0,0,0,0,95,0,0,0,0,0,0,0,0,0,0,0,0,0,0,0,0,0,0,0,0,0,0,0,0,0,422,0,0,0,5,0,0,0,0,0,0,0,0,0,0,0,0,0,0,0,0,0,0,0,61,0,0,0,0,0,0,0,0,0,0,0,0,0,0,0,0,0,0,0,0,0,125,0,0,0,0,0,120,0,66,0,0,0,0,0,0,0,0,0,0,0,10,0,97,0,32,0,0,0,0,0,10,0,0,0,17,81,7,0,0,0,19,0,66,0,74,0,0,0,0,0,0,0,0,0,0,0,0,0,0,0,0,0,0,0,0,0,0,0,116,363,235,33,27,2,0,15,0,0,0,0,0,0,0
0,69,0,0,0,178,0,25,0,0,0,246,352,233,0,66,0,0,350,88,98,240,0,44,0,8,440,0,0,0,0,20,0,29,40,43,0,0,0,2,114,36,37,306,0,182,36,267,0,9,104,229,0,0,0,0,0,0,0,0,0,0,0,0,0,17,0,0,0,0,0,5,0,0,0,0,0,0,0,0,0,0,0,0,0,108,0,0,0,0,0,0,0,0,0,0,0,0,0,0,0,0,0,0,0,0,0,0,0,0,0,0,0,0,0,0,0,0,0,0,0,0,0,0,0,0,0,0,0,0,0,0,0,0,0,0,0,0,0,0,0,0,0,0,0,0,0,0,0,35,0,0,0,0,0,0,0,0,0,0,0,7,0,3,0,92,0,4,0,0,0,0,0,0,0,0,0,147,6,4,0,0,0,0,0,0,18,61,0,0,0,0,0,0,0,0,0,0,0,0,0,0,0,0,0,0,0,0,0,0,0,0,11,0,20,0,0,0,77,247,335,42,0,0,1
37,0,199,0,72,0,0,0,0,0,35,0,0,0,7,0,299,0,14,0,143,0,99,0,41,0,37,0,0,0,53,0,21,0,50,0,22,0,10,0,0,0,17,0,15,0,0,0,0,0,47,0,7,0,8,0,0,0,2,0,7,0,18,0,0,0,0,0,0,0,21,0,0,0,10,0,0,0,5,0,18,0,0,0,52,0,17,0,0,0,0,0,0,0,0,0,40,0,18,0,0,0,0,0,0,0,0,0,0,0,0,0,0,0,0,0,0,0,0,0,9,0,27,0,0,0,0,0,0,0,0,0,0,0,0,0,0,0,59,0,102,0,71,0,19,0,0,0,0,0,0,0,0,0,9,0,0,0,0,0,0,0,0,0,0,0,0,0,0,0,0,0,0,0,0,0,0,0,6,0,0,0,11,0,0,0,0,0,0,0,0,0,0,0,0,0,0,0,0,0,0,0,0,0,0,0,0,0,0,0,0,0,0,0,0,0,0,0,0,0,0,0,0,0,0
0,205,0,162,0,95,0,75,0,0,0,119,0,0,0,0,0,463,0,10,0,194,0,255,0,35,0,0,0,0,0,33,0,27,0,44,0,16,0,12,0,0,0,0,0,0,0,0,0,0,0,16,0,8,0,15,0,5,0,0,0,34,0,46,0,0,0,0,0,0,0,0,0,0,0,0,0,0,0,0,0,32,0,0,0,53,0,0,0,0,0,0,0,0,0,0,0,4,0,0,0,0,0,0,0,0,0,0,0,0,0,0,0,0,0,0,0,0,0,0,0,0,0,0,0,0,0,0,0,18,0,1,0,0,0,51,0,0,0,82,0,147,0,137,0,47,0,0,0,0,0,0,0,0,0,39,0,10,0,23,0,0,0,0,0,0,0,0,0,0,0,0,0,0,0,0,0,19,0,0,0,0,0,0,0,0,0,0,0,0,0,0,0,0,0,0,0,0,0,0,0,27,0,0,0,0,0,0,0,0,0,0,0,0,0,0,0,0,0,0,0,0,0,0,0
0,0,38,0,133,8,0,0,0,0,50,0,9,17,233,7,29,0,25,17,145,0,44,0,0,0,19,0,53,0,0,0,4,0,31,0,8,1,2,0,0,0,12,0,2,0,0,0,0,0,19,1,3,0,0,0,0,0,1,0,0,0,34,0,0,0,0,0,0,0,21,0,0,0,6,0,0,0,4,0,15,0,0,0,64,0,0,0,0,0,15,0,0,0,0,0,89,0,0,0,0,0,0,0,0,0,0,0,0,0,0,0,0,0,0,0,0,0,0,0,14,0,0,0,0,0,0,0,0,0,0,0,0,0,0,0,0,0,0,0,0,0,39,0,14,0,0,0,0,0,0,0,0,0,0,0,0,0,3,0,0,0,0,0,0,0,13,0,0,0,0,0,3,0,0,0,10,1,19,0,0,0,0,0,0,0,0,0,0,0,0,0,0,0,0,0,0,0,0,0,0,0,0,0,0,0,0,0,0,0,19,0,11,0,5,0,0,0,0,0,0,0,0,0,0
0,0,0,0,0,111,0,0,0,0,0,26,0,13,0,54,0,14,0,74,8,52,0,58,0,0,0,20,0,33,0,0,0,14,2,8,0,6,0,1,0,0,0,22,0,0,0,0,0,0,0,18,0,2,0,7,0,0,0,0,0,0,0,9,0,0,0,0,0,0,0,0,0,0,0,0,0,0,0,0,0,0,0,2,0,37,0,0,0,0,0,0,0,0,0,0,0,0,0,0,0,14,0,5,0,0,0,0,0,0,0,0,0,0,0,0,0,0,0,0,0,0,0,0,0,0,0,0,0,0,0,0,0,0,0,0,0,0,0,0,0,69,0,57,0,22,0,0,0,11,0,0,0,0,0,4,0,0,0,0,0,0,0,0,0,10,0,31,0,27,0,0,0,20,0,0,0,0,0,4,0,0,0,0,0,0,0,0,0,0,0,0,0,0,0,0,0,0,0,0,0,0,0,0,0,0,0,0,0,0,0,0,0,0,0,0,0,0,30,33,46,0,0,0,0
6,0,103,0,256,0,0,0,0,0,302,0,0,0,135,0,95,0,5,0,154,0,69,0,0,0,10,0,21,0,4,0,0,0,39,0,62,0,2,0,0,0,23,0,0,0,0,0,0,0,10,0,5,0,0,0,0,0,0,0,4,0,16,0,0,0,0,0,0,0,7,0,0,0,0,0,0,0,0,0,0,0,0,0,0,0,0,0,0,0,0,0,0,0,0,0,0,0,0,0,0,0,0,0,0,0,0,0,0,0,0,0,0,0,0,0,0,0,0,0,0,0,0,0,0,0,0,0,0,0,0,0,0,0,0,0,0,0,0,0,0,0,17,0,0,0,0,0,0,0,0,0,0,0,0,0,0,0,0,0,0,0,0,0,0,0,8,0,0,0,0,0,0,0,0,0,62,4,103,0,0,0,21,0,3,0,0,0,0,0,0,0,0,0,0,0,0,0,0,0,0,0,0,0,0,0,0,0,0,0,8,29,0,2,5,0,0,0,0,0,0,0,0,0,0
2,104,0,138,0,533,0,0,0,0,0,377,0,4,0,73,4,91,0,30,0,80,18,139,0,0,0,29,0,27,0,14,0,0,0,74,0,83,0,2,0,0,0,25,0,0,0,0,0,0,0,32,0,0,0,0,0,0,0,0,0,27,0,23,0,0,0,0,0,0,0,0,0,0,0,8,0,0,0,0,0,0,0,0,0,44,0,0,0,0,0,0,0,0,0,0,0,0,0,0,0,0,0,0,0,0,0,0,0,0,0,0,0,0,0,0,0,0,0,0,0,0,0,0,0,0,0,0,0,9,0,0,0,0,0,0,0,0,0,0,0,0,0,72,0,50,0,0,0,0,0,0,0,0,0,0,0,35,0,0,0,0,0,0,0,0,1,45,0,29,0,2,0,27,0,0,0,80,0,48,0,0,0,0,0,10,0,0,0,0,0,0,0,0,0,0,0,0,0,0,0,0,0,0,0,0,0,0,0,45,0,0,0,0,0,0,0,0,69,68,82,0,0,0,0
0,0,0,0,184,0,0,0,0,0,18,5,121,25,169,0,0,0,260,68,121,14,0,0,0,0,76,40,50,0,31,2,39,0,0,0,186,1,3,0,0,0,7,0,6,0,0,0,2,0,63,0,0,0,0,0,0,0,6,0,0,0,12,0,0,0,0,0,0,0,35,0,0,0,0,0,0,0,0,0,0,0,0,0,0,0,0,0,0,0,27,0,0,0,0,0,108,0,68,0,0,0,0,0,0,0,0,0,0,0,0,0,0,0,0,0,0,0,0,0,0,0,0,0,0,0,0,0,0,0,0,0,0,0,0,0,0,0,0,0,0,0,0,0,0,0,0,0,0,0,0,0,0,0,0,0,0,0,0,0,0,0,0,0,29,0,64,0,26,0,0,0,5,0,0,0,8,3,49,0,0,0,0,0,0,0,11,0,0,0,0,0,0,0,0,0,0,0,0,0,0,0,0,0,0,0,0,0,0,0,85,48,103,21,11,0,0,0,0,0,0,0,0,0,0
0,9,0,0,26,142,0,3,0,0,0,62,19,157,0,32,0,0,0,158,19,72,0,22,0,6,0,43,0,44,0,8,0,74,0,0,0,158,0,3,0,0,0,32,0,10,0,0,0,2,0,38,0,9,0,0,0,0,0,0,0,19,0,27,0,0,0,0,0,0,0,0,0,0,0,0,0,0,0,0,0,0,0,0,0,0,0,46,0,0,0,0,0,0,0,0,0,0,0,0,0,0,0,0,0,0,0,0,0,0,0,0,0,0,0,0,0,0,0,0,0,50,0,0,0,0,0,0,0,0,0,0,0,0,0,0,0,0,0,28,0,142,0,188,0,54,0,0,0,0,0,0,0,0,0,10,0,16,0,0,0,0,0,0,0,59,0,90,0,87,0,9,0,42,0,0,0,0,0,13,0,0,0,0,0,0,0,24,0,0,0,0,0,0,0,0,0,0,0,0,0,0,0,0,0,0,0,0,0,0,0,0,0,0,33,0,0,0,92,100,232,28,0,0,0
13,0,17,0,160,0,0,0,0,0,113,4,21,0,130,0,18,0,40,0,93,0,12,0,0,0,67,0,22,0,8,0,62,0,186,0,0,0,32,0,0,0,32,0,84,0,2,0,1,0,71,0,12,0,3,0,0,0,12,0,26,0,30,0,0,0,0,0,0,0,126,0,0,0,50,0,0,0,0,0,0,0,0,0,87,0,64,0,0,0,28,0,0,0,0,0,119,0,133,0,0,0,0,0,0,0,16,0,0,0,0,0,0,0,0,0,0,0,0,0,38,0,0,0,0,0,0,0,0,0,0,0,0,0,0,0,13,0,111,0,133,0,74,0,116,0,0,0,0,0,0,0,0,0,23,0,22,0,25,0,0,0,13,0,11,0,31,0,30,0,14,0,29,0,0,0,35,0,50,0,0,0,0,0,0,0,2,0,0,0,0,0,0,0,0,0,0,0,0,0,0,0,0,0,0,0,0,0,0,0,40,37,55,31,32,0,0,0,0,0,0,0,0,0,0
3,231,0,57,0,278,0,0,0,0,0,287,0,35,20,23,0,0,0,71,12,16,22,0,0,7,0,0,0,16,1,6,0,83,1,158,0,0,0,24,0,0,0,57,0,14,0,0,0,0,0,117,0,7,0,13,0,0,0,0,0,37,0,11,0,0,0,0,0,0,0,8,0,0,0,6,0,0,0,0,0,112,0,0,0,66,0,35,0,0,0,0,0,0,0,1,0,0,0,0,0,32,0,0,0,0,0,0,0,0,0,0,0,0,0,0,0,0,0,0,0,45,0,0,0,0,0,0,0,0,0,0,0,0,0,0,0,0,0,0,0,135,0,130,0,110,0,0,0,0,0,0,0,0,0,15,0,25,1,0,0,0,0,0,0,23,0,60,0,84,0,7,0,55,0,1,4,112,0,40,0,0,0,20,0,0,0,16,0,0,0,0,0,0,0,0,0,0,0,0,0,0,0,0,0,0,0,0,0,0,0,2,0,0,21,0,0,0,27,202,100,26,0,3,1
289,0,335,0,148,0,18,0,13,0,191,0,0,0,7,0,371,1,0,0,12,0,126,0,68,0,0,0,10,0,2,0,2,0,3,0,32,0,0,0,0,0,0,0,1,0,0,0,1,0,8,0,14,0,0,0,2,0,0,0,4,0,31,0,0,0,0,0,0,0,5,0,0,0,0,0,0,0,0,0,0,0,0,0,0,0,0,0,0,0,0,0,0,0,0,0,0,0,7,0,0,0,0,0,0,0,0,0,0,0,0,0,0,0,0,0,0,0,0,0,0,0,0,0,0,0,0,0,0,0,0,0,0,0,0,0,0,0,21,0,23,0,0,0,17,0,0,0,0,0,0,0,0,0,0,0,6,0,5,0,0,0,0,0,0,0,25,0,0,0,0,0,32,0,0,0,114,0,20,0,0,0,145,0,0,0,0,0,0,0,0,0,0,0,0,0,0,0,0,0,0,0,0,0,0,0,0,0,0,0,37,138,14,24,29,0,0,0,0,0,0,0,0,0,0
6,520,0,263,0,0,0,208,0,19,0,136,0,0,0,0,0,372,0,0,0,8,20,52,0,45,0,2,0,12,0,1,0,2,0,3,0,24,0,0,0,0,0,0,0,0,0,0,0,0,0,0,0,5,0,0,0,2,0,0,0,34,0,28,0,0,0,0,0,0,0,0,0,0,0,0,0,0,0,0,0,0,0,0,0,0,0,0,0,0,0,0,0,0,0,0,0,0,0,0,0,0,0,0,0,0,0,0,0,0,0,0,0,0,0,0,0,0,0,0,0,0,0,0,0,0,0,0,0,6,0,0,0,0,1,0,0,0,0,34,0,0,0,11,0,61,0,0,0,0,0,0,0,0,0,14,0,33,0,37,0,0,0,3,0,0,0,0,0,0,0,0,0,0,0,0,0,91,0,0,0,0,0,33,0,0,0,0,0,0,0,0,0,0,0,0,0,0,0,0,0,0,0,0,0,0,0,0,0,0,0,0,0,0,26,0,0,0,0,70,4,16,0,0,0
40,0,41,0,72,0,25,0,18,0,22,1,116,0,8,0,0,0,11,12,0,0,0,0,0,0,26,114,0,0,0,0,0,0,0,0,0,0,0,0,0,259,40,0,46,73,141,196,74,40,27,6,0,0,0,0,0,0,0,0,0,0,0,0,0,0,0,0,0,0,0,0,0,0,0,0,0,0,2,0,0,0,0,0,0,0,0,0,0,0,0,0,0,0,3,0,0,0,0,0,0,0,0,0,0,0,0,0,0,0,0,0,1,0,0,0,0,0,0,0,0,0,0,0,16,0,0,0,0,0,4,0,0,0,0,0,0,0,0,0,0,0,0,0,2,0,0,0,67,0,39,0,58,0,0,0,0,0,0,0,0,0,0,0,16,0,0,0,0,0,0,0,0,0,80,0,147,81,12,0,84,0,45,0,64,0,211,0,0,0,0,0,0,0,0,0,0,0,0,0,0,0,0,0,0,0,0,0,11,0,0,80,38,0,0,0,0,23,0,10,2,0,0,0,0
0,5,0,0,0,7,0,0,0,0,0,37,93,93,1,0,0,0,46,1,0,0,0,0,0,0,325,36,0,0,0,0,0,0,0,0,0,0,0,0,259,0,26,33,53,55,184,78,13,103,0,12,0,0,0,0,0,0,0,0,0,0,0,0,0,0,0,0,0,8,0,0,0,0,0,0,0,0,0,0,0,0,0,0,0,0,0,0,0,0,0,0,0,8,0,0,0,0,0,0,0,0,0,0,0,0,0,0,0,1,0,0,0,0,0,0,0,1,0,0,0,0,0,0,0,2,0,0,0,0,0,0,0,0,0,0,0,0,0,0,0,0,0,0,0,0,0,0,0,1,0,0,0,0,0,0,0,0,0,0,0,0,0,0,0,30,0,0,0,9,0,0,0,0,0,0,0,276,1,13,0,28,0,0,0,9,53,18,0,0,0,0,0,0,0,0,0,0,0,0,0,0,0,0,0,0,0,0,0,0,0,0,0,0,0,0,0,0,0,123,38,0,0,1,29
0,0,0,0,0,0,0,0,0,0,0,0,75,10,0,0,0,0,20,7,3,0,0,0,0,0,261,37,17,0,12,0,23,0,7,0,32,0,0,0,40,26,0,5,143,0,53,25,16,0,52,0,0,0,3,0,0,0,0,0,0,0,0,0,0,0,1,0,0,0,0,0,0,0,0,0,0,0,0,0,0,0,0,0,0,0,0,0,0,0,0,0,0,0,0,0,0,0,0,0,0,0,0,0,0,0,2,0,0,0,0,0,0,0,0,0,0,0,0,0,0,0,0,0,0,0,0,0,0,0,0,0,0,0,0,0,0,0,0,0,0,0,0,0,0,0,0,0,0,0,0,0,0,0,0,0,0,0,0,0,0,0,0,0,19,0,13,0,10,0,2,0,3,0,0,0,10,0,13,0,0,0,0,0,0,0,91,0,0,0,0,0,0,0,0,0,0,0,0,0,0,0,0,0,0,0,0,0,0,0,0,73,80,0,0,0,0,7,0,0,0,0,0,0,0
0,0,0,0,0,0,0,0,0,0,0,0,40,219,6,5,0,0,39,69,0,55,0,20,0,0,41,306,0,0,0,22,0,25,0,32,0,57,0,0,0,33,5,0,2,193,5,116,0,37,0,64,0,5,0,23,0,0,0,15,0,0,0,18,0,0,0,0,0,0,0,13,0,0,0,23,0,0,0,19,0,0,0,0,0,75,0,84,0,0,0,0,0,0,0,0,0,0,0,0,0,0,0,0,0,0,0,0,0,0,0,0,0,0,0,0,0,0,0,0,0,83,0,0,0,0,0,0,0,0,0,0,0,0,0,0,0,0,0,0,0,0,0,122,0,41,0,0,0,0,0,0,0,0,0,0,0,0,0,0,0,0,0,3,0,54,0,50,0,39,0,0,0,46,0,0,0,18,0,0,0,0,0,0,0,0,0,89,0,0,0,0,0,0,0,0,0,0,0,0,0,0,0,0,0,0,0,0,0,0,0,2,0,0,21,0,0,0,49,71,168,12,0,0,3
6,0,7,0,6,0,16,0,0,0,0,0,33,0,8,0,25,0,12,0,27,2,29,0,0,0,328,0,15,0,2,0,0,0,6,0,84,0,1,0,46,53,143,2,0,0,162,33,99,10,93,0,0,0,13,0,0,0,0,0,0,0,25,0,0,0,0,0,0,0,55,0,0,0,36,0,0,0,13,0,49,0,23,0,134,0,45,0,0,0,0,0,0,0,24,0,206,0,102,0,0,0,0,0,0,0,0,0,1,0,0,0,0,0,0,0,0,0,0,0,30,0,0,0,0,0,0,0,0,0,0,0,0,0,26,0,0,0,0,0,0,0,0,0,17,0,0,0,0,0,0,0,0,0,0,0,0,0,0,0,4,0,0,0,190,0,54,0,83,0,10,0,20,0,0,0,22,5,0,0,8,0,0,0,16,0,51,0,0,0,0,0,23,0,10,0,0,0,0,0,0,0,0,0,0,0,0,0,8,0,63,197,135,36,29,0,0,66,0,2,0,0,0,0,1
0,20,0,0,0,18,0,0,0,0,0,76,42,120,0,10,0,0,18,21,0,51,0,14,0,0,54,182,0,0,0,0,0,0,0,10,0,14,0,0,73,55,0,193,0,0,50,339,8,137,0,138,0,0,0,0,0,5,0,15,0,3,0,23,0,0,0,11,0,17,0,14,0,4,0,26,0,7,0,0,0,203,0,48,0,95,0,90,0,21,0,0,0,0,0,49,0,10,0,0,0,0,0,55,0,0,0,0,0,0,0,0,0,0,0,0,0,0,0,0,0,0,0,0,0,0,0,0,0,0,0,0,0,0,0,0,0,0,0,0,0,26,0,0,0,0,0,0,0,10,0,0,0,0,0,0,0,0,0,0,0,0,0,0,0,138,0,23,0,154,0,6,0,16,1,0,0,27,0,3,0,0,0,0,0,0,6,47,0,0,0,0,0,0,0,35,0,0,0,0,0,0,0,0,0,0,0,0,0,0,1,0,0,0,46,0,0,0,35,152,202,34,0,5,40
32,0,41,0,69,0,20,0,26,0,10,0,118,0,21,0,10,0,16,8,0,0,67,0,0,0,129,36,0,0,0,0,0,0,0,0,2,0,0,0,141,184,53,5,162,50,0,150,87,60,20,0,0,0,0,0,0,0,3,0,0,0,7,0,23,0,0,0,0,0,0,0,0,0,0,0,0,0,0,0,8,0,0,0,0,0,0,0,0,0,0,0,0,0,0,0,67,0,0,0,0,0,0,0,0,0,0,0,0,0,0,0,0,0,0,0,0,0,0,0,0,0,0,0,0,0,0,0,0,0,0,0,10,0,61,0,42,0,0,0,0,0,0,0,0,0,66,0,141,0,102,0,103,0,0,0,0,0,0,0,0,0,0,0,49,0,5,0,32,0,0,0,0,0,77,0,105,55,18,0,105,0,57,0,140,0,199,0,0,0,0,0,0,0,0,0,0,0,0,0,0,0,0,0,0,0,0,0,41,0,10,181,69,0,5,2,0,56,0,5,0,0,0,0,2
0,31,0,0,0,32,0,0,0,6,0,129,128,253,0,0,0,0,87,33,0,4,0,0,0,1,317,267,0,0,0,0,0,0,0,0,0,0,0,0,196,78,25,116,33,339,150,0,15,49,39,40,0,0,0,0,0,0,0,0,0,0,0,0,0,0,0,2,0,0,0,0,0,0,0,0,0,0,0,0,0,0,0,0,0,0,0,0,0,0,0,0,0,0,0,0,0,0,0,0,0,0,0,0,0,0,0,0,0,0,0,0,0,0,0,0,0,0,0,0,0,0,0,0,0,0,0,5,0,0,0,0,0,0,0,0,0,0,0,0,0,0,0,0,0,0,0,0,0,0,0,0,0,0,0,0,0,0,0,0,0,0,0,0,0,27,0,2,0,0,0,0,0,0,0,0,0,115,0,0,0,0,0,0,0,0,33,26,0,0,0,0,0,0,0,0,0,0,0,0,0,0,0,0,0,0,0,0,0,0,0,2,0,0,0,0,0,0,0,181,81,0,0,0,26
12,0,16,0,16,0,46,0,27,0,6,0,8,0,5,0,5,0,2,0,0,0,4,0,0,0,20,0,0,0,0,0,0,0,2,0,1,0,1,0,74,13,16,0,99,8,87,15,0,24,4,0,7,0,41,0,27,0,39,0,5,0,0,0,0,0,6,0,27,0,0,0,0,0,0,0,0,0,18,0,2,0,58,0,0,0,6,0,0,0,0,0,15,0,51,0,6,0,4,0,12,0,18,0,7,0,0,0,1,0,0,0,0,0,0,0,0,0,0,0,0,0,0,0,7,1,1,0,2,0,3,0,0,0,4,0,0,0,0,0,5,0,0,0,0,0,6,1,0,0,10,0,8,1,0,0,0,0,1,0,13,0,9,0,39,0,2,0,67,0,17,0,15,0,4,0,81,7,6,0,5,0,0,0,0,0,105,0,21,0,7,0,30,0,12,0,0,0,10,0,18,0,41,0,16,0,20,0,27,0,60,49,104,6,67,7,1,14,1,3,0,0,0,0,1
0,22,0,5,0,7,0,22,0,0,0,36,0,67,0,0,0,3,0,2,0,3,0,0,0,3,0,9,0,0,0,0,0,0,0,2,0,0,0,0,40,103,0,37,10,137,60,49,24,0,0,18,0,0,0,11,0,1,0,11,0,0,0,1,0,0,0,0,0,12,0,0,0,0,0,0,0,0,0,0,0,13,0,17,0,0,0,5,0,19,1,0,0,24,0,21,4,0,0,0,0,0,0,41,0,0,0,0,0,1,0,0,0,0,0,0,0,0,0,0,0,0,0,2,0,0,0,0,0,0,0,0,0,0,0,0,0,1,0,0,0,0,0,3,0,0,0,0,3,0,0,5,0,19,1,1,0,0,0,0,0,1,0,1,0,45,0,12,0,15,0,2,0,8,0,16,0,55,0,4,0,14,1,8,0,0,31,33,0,19,0,3,0,2,0,0,0,0,0,0,0,0,0,0,0,0,0,0,0,4,0,1,0,0,8,0,0,0,10,28,53,7,0,0,12
0,0,0,0,106,0,0,0,0,0,10,0,240,39,41,0,0,0,245,44,38,0,0,0,0,0,378,104,47,0,19,0,10,0,63,0,71,0,8,0,27,0,52,0,93,0,20,39,4,0,0,0,0,0,0,0,0,0,7,0,10,0,0,0,0,0,4,0,0,0,23,0,3,0,14,0,0,0,9,0,0,0,0,0,35,0,18,0,0,0,6,0,0,0,3,0,40,0,0,0,0,0,0,0,0,0,0,0,0,0,0,0,0,0,0,0,0,0,0,0,9,0,0,0,0,0,0,0,0,0,1,0,0,0,0,0,0,0,0,0,0,0,0,0,0,0,0,0,0,0,4,0,0,0,0,0,0,0,0,0,0,0,8,0,49,0,41,0,57,0,8,0,15,0,0,0,16,0,51,0,0,0,0,0,0,0,70,0,0,0,0,0,0,0,0,0,0,0,0,0,0,0,0,0,0,0,0,0,0,0,48,101,184,43,21,0,0,3,0,0,0,0,0,0,0
0,0,0,0,0,0,0,0,0,0,0,24,25,303,8,0,0,0,0,156,0,57,0,12,0,0,31,229,0,16,1,18,0,32,0,38,0,117,0,0,6,12,0,64,0,138,0,40,0,18,0,0,0,0,0,21,0,0,0,0,0,13,0,13,0,5,0,0,0,0,0,18,0,0,0,27,0,0,0,0,0,190,0,0,0,115,0,59,0,0,0,0,0,0,0,0,0,0,0,0,0,0,0,0,0,0,0,0,0,0,0,0,0,0,0,0,0,0,0,0,0,0,0,0,0,0,0,0,0,0,0,0,0,0,0,0,0,0,0,0,0,68,0,145,0,0,0,0,0,0,0,0,0,0,0,0,0,0,0,0,0,8,0,0,0,56,0,32,0,75,0,8,0,62,0,0,0,10,0,0,0,0,0,0,0,0,2,140,0,0,0,0,0,0,0,0,0,0,0,0,0,0,0,0,0,0,0,0,0,0,0,0,0,0,20,0,0,0,57,38,115,0,0,0,1
0,0,0,0,0,0,41,0,150,65,0,0,0,0,4,0,76,2,24,0,31,0,13,0,51,37,0,0,7,0,3,0,5,0,0,0,12,0,14,0,0,0,0,0,0,0,0,0,7,0,0,0,0,11,105,168,89,13,38,32,18,0,38,11,3,0,22,36,0,0,0,0,0,0,0,0,0,0,0,0,0,0,0,0,0,0,0,0,0,0,0,0,0,0,0,0,0,0,0,0,0,0,0,0,0,0,0,0,0,0,0,0,0,0,0,0,0,0,0,0,0,0,0,0,6,0,0,0,28,0,9,0,9,0,0,0,160,0,224,0,116,0,101,0,15,0,0,0,2,0,0,0,1,0,181,0,100,0,253,0,44,0,11,0,6,0,1,0,0,0,95,0,16,0,0,2,80,8,0,0,0,0,10,0,34,24,0,0,0,0,0,0,0,0,0,0,0,0,0,0,0,0,0,0,0,0,0,0,0,0,20,37,95,58,35,0,18,0,5,1,0,0,0,0,0
0,1,0,0,0,0,9,15,17,125,0,0,0,0,0,11,0,54,0,14,0,31,0,36,2,5,0,0,0,8,0,2,0,0,0,9,0,7,0,5,0,0,0,5,0,0,0,0,0,0,0,0,11,0,21,44,7,67,28,14,0,69,3,54,0,2,20,69,0,0,0,0,0,0,0,0,0,0,0,0,0,0,0,0,0,5,0,0,0,0,0,0,0,0,0,0,0,0,0,0,0,0,0,0,0,0,0,0,0,0,0,0,0,0,0,0,0,0,0,0,0,1,0,0,0,0,0,0,0,21,0,9,0,9,0,43,0,18,0,88,0,68,0,57,0,14,0,0,0,0,0,0,0,0,0,137,0,73,0,64,0,8,0,0,0,0,0,0,0,0,0,11,0,3,0,0,1,26,0,0,0,0,0,0,0,17,0,0,0,0,0,0,0,0,0,0,0,0,0,0,0,11,0,0,0,0,0,0,0,0,0,0,0,0,12,0,0,0,15,5,8,6,0,4,0
0,5,51,0,0,0,220,41,89,124,0,0,0,0,32,0,16,15,0,1,8,1,52,0,55,86,0,0,8,0,0,0,0,0,0,0,3,0,0,0,0,0,3,0,13,0,0,0,41,0,0,0,105,21,0,207,61,0,90,0,34,0,35,43,19,0,126,18,0,0,0,0,0,0,0,0,0,0,0,0,0,0,0,0,0,0,0,0,0,0,0,0,0,0,0,0,0,0,0,0,0,0,0,0,0,0,0,0,0,0,0,0,0,0,0,0,0,0,0,0,0,0,0,0,34,0,13,0,38,0,40,0,33,0,23,0,87,0,0,0,17,0,0,0,5,0,0,0,22,0,7,0,0,0,63,0,20,2,21,0,102,0,0,0,21,0,5,0,26,0,264,0,73,2,0,0,45,23,0,0,0,0,5,0,18,6,0,0,0,0,0,0,0,0,0,0,0,0,0,0,0,0,0,0,0,0,0,0,36,0,207,46,314,358,295,36,83,2,0,0,0,0,0,1,0
0,14,0,82,0,15,50,130,143,212,0,0,0,3,0,70,2,9,0,21,0,42,0,17,14,99,0,0,0,15,0,7,0,0,0,0,0,13,0,0,0,0,0,23,0,0,0,0,0,11,0,21,168,44,207,0,20,88,129,28,0,36,37,67,0,0,157,47,0,8,0,0,0,0,0,0,0,0,0,0,0,0,0,0,0,1,0,0,0,0,0,2,0,0,0,0,0,0,0,0,0,0,0,0,0,0,0,0,0,0,0,0,0,0,0,0,0,0,0,0,0,0,0,0,0,54,0,41,0,33,0,31,0,26,0,107,0,87,0,10,0,16,0,19,0,0,0,8,0,26,0,0,0,0,5,72,0,12,0,8,0,86,0,0,0,0,0,0,0,64,0,197,0,108,0,10,11,53,0,0,0,0,0,0,0,38,0,0,0,0,0,0,0,0,0,0,0,0,0,13,0,14,0,0,0,0,0,0,0,25,0,0,0,0,537,0,0,0,339,49,253,393,14,105,4
3,0,11,0,0,0,8,1,0,0,0,0,0,0,0,0,6,0,0,0,7,0,0,0,31,0,0,0,0,0,0,0,0,0,0,0,0,0,2,0,0,0,0,0,0,0,0,0,27,0,0,0,89,7,61,20,0,0,134,15,15,0,0,0,29,9,75,23,0,0,0,0,0,0,0,0,0,0,0,0,0,0,0,0,0,0,0,0,0,0,0,0,0,0,0,0,0,0,0,0,0,0,0,0,0,0,0,0,0,0,0,0,0,0,0,0,0,0,0,0,0,0,0,0,5,1,4,0,45,0,27,0,12,0,10,0,21,0,34,0,6,0,5,0,8,0,0,0,5,0,2,0,0,0,98,0,52,0,48,0,178,0,43,0,4,0,0,0,25,0,234,0,37,0,9,0,2,0,0,0,0,9,0,0,10,4,0,0,0,0,0,0,0,0,0,0,0,0,0,0,0,0,0,0,0,0,0,0,6,0,434,91,418,616,911,195,118,0,0,3,0,0,0,0,0
0,0,0,6,0,0,0,4,0,54,0,2,0,0,0,0,0,34,0,0,0,0,0,7,0,14,0,0,0,5,0,0,0,0,0,0,0,0,0,2,0,0,0,0,0,5,0,0,0,1,0,0,13,67,0,88,0,0,63,100,0,0,0,19,31,2,62,66,0,7,0,0,0,0,0,0,0,0,0,0,0,0,0,0,0,0,0,0,0,0,0,0,0,0,0,0,0,0,0,0,0,0,0,0,0,0,0,0,0,0,0,0,0,0,0,0,0,0,0,0,0,0,0,0,0,23,0,9,0,35,0,33,0,31,0,46,0,52,0,6,0,13,0,10,11,3,0,0,0,0,0,6,0,0,22,217,4,28,0,64,0,183,0,15,0,0,0,0,0,60,0,287,0,13,0,24,0,0,0,0,0,16,0,0,0,4,0,0,0,0,0,0,0,0,0,0,0,0,0,0,0,10,0,0,0,0,0,0,0,18,2,0,0,0,390,0,0,0,228,73,334,339,27,45,0
5,0,34,0,20,0,22,0,19,37,0,0,0,0,25,0,0,0,0,0,0,0,0,0,26,0,0,0,2,0,1,0,0,0,6,0,12,0,0,0,0,0,0,0,0,0,3,0,39,0,7,0,38,28,90,129,134,63,0,84,64,0,6,10,69,10,191,166,0,0,0,0,1,0,0,0,0,0,0,0,0,0,0,0,0,0,0,0,0,0,0,0,0,0,0,0,0,0,0,0,0,0,0,0,0,0,0,0,0,0,0,0,0,0,0,0,0,0,0,0,0,0,0,0,1,0,0,0,0,0,9,0,0,0,0,0,2,0,1,0,0,0,0,0,2,0,0,0,4,0,0,0,0,0,59,4,164,0,0,0,47,0,7,0,0,0,0,0,11,0,135,0,26,0,5,26,12,0,0,0,19,15,0,0,27,22,0,0,0,0,0,0,0,0,0,0,0,0,0,0,0,0,0,0,0,0,0,0,0,0,630,225,266,476,1054,162,88,1,0,0,0,9,0,0,0
0,7,0,2,0,0,0,4,0,33,0,0,0,4,0,0,0,0,0,0,0,0,0,0,0,6,0,0,0,0,0,0,0,0,0,0,0,0,0,0,0,0,0,15,0,15,0,0,0,11,0,0,32,14,0,28,15,100,84,0,0,26,0,12,51,43,101,246,0,11,0,0,0,0,0,0,0,4,0,0,0,0,0,0,0,0,0,0,0,0,0,0,0,0,0,0,0,0,0,0,0,0,0,0,0,0,0,0,0,0,0,0,0,0,0,0,0,0,0,0,0,0,0,0,0,6,0,8,1,12,0,66,0,0,0,0,0,0,13,2,0,0,0,0,0,24,0,0,0,0,0,0,0,0,53,62,0,188,0,18,0,33,0,24,0,15,0,14,0,109,0,226,0,0,0,34,0,0,0,0,9,80,0,0,0,9,0,0,0,0,0,0,0,0,0,0,0,0,0,0,0,0,0,0,0,0,0,0,0,5,0,2,0,0,1113,0,0,0,642,156,629,621,84,80,3
156,0,44,0,0,0,221,4,261,0,0,0,0,0,0,0,59,0,0,0,17,0,6,0,58,8,8,0,7,0,0,0,4,0,0,0,26,0,4,0,0,0,0,0,0,0,0,0,5,0,10,0,18,0,34,0,15,0,64,0,0,0,35,0,0,0,36,0,0,0,45,0,0,0,23,0,0,0,0,0,0,0,0,0,0,0,0,0,0,0,0,0,0,0,0,0,0,0,0,0,0,0,0,0,0,0,0,0,0,0,0,0,0,0,0,0,0,0,0,0,0,0,0,0,0,0,0,0,0,0,0,0,0,0,0,0,18,0,180,0,187,0,64,0,213,0,0,0,0,0,0,0,0,0,65,0,99,0,20,0,0,0,8,0,0,0,0,0,0,0,60,0,38,0,0,0,55,4,0,0,0,0,15,0,0,0,0,0,0,0,0,0,0,0,0,0,0,0,0,0,0,0,0,0,0,0,0,0,1,0,82,135,17,46,37,0,4,0,0,0,0,0,0,0,0
0,234,0,18,0,9,0,204,3,252,0,10,0,3,0,3,0,31,0,7,0,0,0,0,0,35,0,0,0,34,0,0,0,27,0,19,0,37,0,34,0,0,0,0,0,3,0,0,0,0,0,13,0,69,0,36,0,0,0,26,0,0,0,154,0,0,0,30,0,0,0,0,0,0,0,5,0,0,0,0,0,0,0,0,0,0,0,0,0,0,0,0,0,0,0,0,0,0,0,0,0,0,0,0,0,0,0,0,0,0,0,0,0,0,0,0,0,0,0,0,0,0,0,0,0,0,0,0,0,10,0,0,0,0,0,0,0,0,0,46,0,94,0,83,0,323,0,0,0,0,0,0,0,0,0,19,0,86,0,24,0,0,0,0,0,2,0,0,0,9,0,93,0,48,0,1,0,90,0,0,0,0,0,31,0,0,0,0,0,0,0,0,0,0,0,0,0,0,0,0,0,0,0,0,0,0,0,0,0,0,0,0,1,0,95,0,0,0,191,128,27,53,2,13,0
65,10,21,0,0,0,186,25,209,26,0,0,0,0,13,0,315,8,79,0,184,0,24,0,56,58,71,0,18,0,34,0,16,0,12,0,30,0,31,0,0,0,0,0,25,0,7,0,0,0,0,0,38,3,35,37,0,0,6,0,35,0,0,5,0,0,11,0,0,0,24,0,0,0,23,0,0,0,0,0,43,0,0,0,97,0,0,0,0,0,0,0,0,0,0,0,0,0,0,0,0,0,0,0,0,0,0,0,0,0,0,0,0,0,0,0,0,0,0,0,24,0,0,0,0,0,0,0,0,0,0,0,0,0,0,0,63,0,171,0,160,0,158,0,23,0,0,0,0,0,0,0,0,0,132,0,70,0,62,0,6,0,0,0,0,0,0,0,0,0,8,0,10,0,0,0,82,18,0,0,0,0,32,0,12,0,0,0,0,0,0,0,0,0,0,0,0,0,0,0,0,0,0,0,0,0,0,0,0,0,15,87,5,18,12,0,0,1,0,0,1,0,0,0,0
1,85,0,0,0,5,27,146,23,401,0,6,0,4,0,35,1,150,0,49,0,177,0,199,9,30,0,0,0,46,0,9,0,23,0,27,0,11,0,28,0,0,0,18,0,23,0,0,0,1,0,13,11,54,43,67,0,19,10,12,0,154,5,0,0,0,10,34,0,0,0,0,0,0,0,1,0,0,0,0,0,0,0,0,0,0,0,0,0,0,0,0,0,0,0,0,0,0,0,0,0,0,0,0,0,0,0,0,0,0,0,0,0,0,0,0,0,0,0,0,0,3,0,0,0,0,0,0,0,12,0,0,0,0,0,0,0,0,0,51,0,122,0,82,0,45,0,0,0,0,0,0,0,0,0,72,0,115,0,56,0,15,0,0,0,0,0,0,0,0,0,6,0,27,0,0,6,73,0,0,0,0,0,10,0,10,0,0,0,0,0,0,0,0,0,0,0,0,0,0,0,0,0,0,0,0,0,0,0,0,3,1,0,0,42,0,0,0,128,24,12,19,0,0,0
14,0,6,0,11,0,5,0,104,0,0,0,9,0,22,0,0,0,38,0,0,0,8,0,0,0,34,0,0,0,0,0,0,0,0,0,0,0,0,0,0,0,0,0,0,0,23,0,0,0,0,0,3,0,19,0,29,31,69,51,0,0,0,0,0,25,113,37,0,0,0,0,0,0,0,0,0,0,0,0,0,0,0,0,0,0,0,0,0,0,0,0,0,0,0,0,0,0,0,0,0,0,0,0,0,0,0,0,0,0,0,0,0,0,0,0,0,0,0,0,0,0,0,0,0,0,0,0,0,0,29,0,0,0,0,0,0,0,0,0,0,0,0,0,49,0,0,0,28,0,0,0,0,0,45,34,23,0,19,29,150,0,5,0,0,0,0,0,0,0,7,0,8,0,27,2,4,0,1,0,121,87,7,0,70,0,5,0,0,0,0,0,0,0,0,0,0,0,0,0,0,0,0,0,0,0,0,0,0,0,102,33,0,0,98,0,0,0,0,1,0,0,0,0,0
0,130,0,0,0,31,0,0,0,209,0,38,0,0,0,28,0,0,0,43,0,0,0,0,0,0,0,17,0,0,0,0,0,0,0,0,0,0,0,0,0,0,0,0,0,0,0,0,0,0,0,5,0,2,0,0,9,2,10,43,0,0,0,0,25,0,0,219,0,0,0,0,0,2,0,0,0,0,0,0,0,0,0,0,0,0,2,0,0,0,3,0,0,0,0,0,0,0,0,0,0,0,0,0,0,0,0,0,0,0,0,0,0,0,0,0,0,0,0,0,0,0,0,0,0,12,0,4,0,0,0,25,0,0,0,0,0,0,0,45,0,0,0,0,31,187,0,17,0,115,0,0,0,2,12,26,0,34,0,18,0,79,0,29,0,0,0,0,0,17,0,0,0,0,0,73,0,0,0,3,21,249,0,7,0,65,0,0,0,0,0,0,0,0,0,0,0,0,0,0,0,0,0,0,0,0,0,0,0,0,0,0,0,0,215,0,0,0,211,20,79,0,0,9,0
12,0,0,0,0,0,13,0,137,28,0,0,0,0,0,0,0,0,5,0,0,0,0,0,0,0,0,0,0,0,0,0,0,0,0,0,0,0,0,0,0,0,1,0,0,0,0,0,6,0,4,0,22,20,126,157,75,62,191,101,36,0,11,10,113,0,0,92,0,0,0,0,0,0,0,0,0,0,0,0,0,0,0,0,0,0,0,0,0,0,0,0,0,0,0,0,0,0,0,0,0,0,0,0,0,0,0,0,0,0,0,0,0,0,0,0,0,0,0,0,0,0,0,0,0,0,0,0,0,0,22,0,0,0,0,0,0,0,2,0,0,0,0,0,0,0,0,0,23,0,0,0,0,0,21,6,56,0,0,0,135,0,3,0,0,0,1,0,0,0,34,0,10,0,27,23,67,0,1,0,62,28,8,0,271,42,0,0,0,0,0,0,0,0,0,0,0,0,0,0,0,0,0,0,0,0,0,0,0,0,212,82,41,101,200,41,0,0,0,7,1,0,0,0,0
0,11,0,0,0,2,0,3,0,95,0,0,0,0,0,5,0,0,0,3,0,0,0,0,0,0,0,0,0,0,0,0,0,0,0,0,0,0,0,0,0,0,0,0,0,11,0,2,0,0,0,0,36,69,18,47,23,66,166,246,0,30,0,34,37,219,92,0,0,4,0,0,0,0,0,0,0,1,0,0,0,0,0,0,0,0,0,0,0,0,0,0,0,0,0,0,0,0,0,0,0,0,0,0,0,0,0,0,0,0,0,0,0,0,0,0,0,0,0,0,0,0,0,0,0,4,0,0,0,0,0,27,0,0,3,0,0,0,0,2,0,0,0,0,0,32,0,2,0,6,0,0,0,0,50,46,3,125,0,5,38,66,0,18,0,0,0,0,0,27,0,84,0,19,2,172,0,0,0,0,24,185,0,0,4,121,0,0,0,0,0,0,0,0,0,0,0,0,0,0,0,0,0,0,0,0,0,0,0,0,2,6,0,0,662,0,0,0,442,188,272,380,46,33,3
2,0,0,0,0,0,0,0,1,0,0,0,0,0,0,0,0,0,0,0,0,0,0,0,0,0,0,0,0,0,0,0,0,0,0,0,0,0,0,0,0,0,0,0,0,0,0,0,27,0,0,0,0,0,0,0,0,0,0,0,0,0,0,0,0,0,0,0,0,0,0,0,27,0,0,0,79,0,40,0,25,0,44,0,0,0,28,0,44,0,0,0,39,0,44,0,0,0,29,0,7,1,318,0,46,0,134,0,52,0,26,0,0,0,58,0,26,0,3,0,0,0,0,0,0,0,0,0,0,0,0,4,0,0,0,0,0,5,1,0,0,6,0,3,0,0,2,0,0,0,0,0,7,0,0,0,0,0,0,0,0,0,6,0,14,0,0,0,258,0,13,0,0,0,7,0,0,0,0,0,0,0,0,0,0,0,0,0,85,0,0,0,162,0,80,0,0,0,0,0,0,0,0,0,66,0,0,0,0,0,30,0,49,0,0,98,28,0,0,0,4,0,0,0,0
0,0,0,0,0,0,0,3,0,0,0,0,0,0,0,0,0,0,0,0,0,0,0,0,0,0,0,0,0,0,0,0,0,0,0,0,0,0,0,0,0,8,0,0,0,17,0,0,0,12,0,0,0,0,0,8,0,7,0,11,0,0,0,0,0,0,0,4,0,0,0,0,0,7,0,0,0,19,0,0,0,6,0,15,0,0,0,13,0,14,0,0,0,54,0,0,0,0,0,0,0,0,0,89,0,0,0,0,0,9,0,4,0,8,0,3,0,8,0,2,0,0,0,0,0,3,0,0,0,0,0,0,0,0,0,0,0,0,0,0,0,0,1,0,0,0,2,0,0,2,0,0,0,0,0,1,0,0,0,0,0,8,0,1,0,24,0,0,0,22,0,5,0,4,0,0,0,0,0,0,0,0,0,0,0,0,0,0,0,21,0,0,0,0,0,11,0,0,0,0,0,0,0,0,0,0,0,0,0,0,0,0,0,0,6,0,0,0,7,7,64,0,2,29,0
0,0,0,0,0,0,0,0,0,0,0,0,0,0,0,0,24,0,31,0,125,0,0,0,0,0,95,0,21,0,21,0,7,0,35,0,126,0,5,0,0,0,0,0,55,0,0,0,0,0,23,0,0,0,0,0,0,0,0,0,45,0,24,0,0,0,0,0,0,0,0,0,294,0,229,0,18,0,260,0,0,0,0,0,15,0,35,0,0,0,0,0,0,0,0,0,3,0,0,0,0,0,0,0,0,0,0,0,0,0,0,0,0,0,0,0,0,0,0,0,28,0,22,0,65,0,60,0,2,0,30,31,24,0,35,0,24,0,0,20,192,9,135,0,126,0,60,0,59,8,67,0,59,0,0,0,23,0,0,0,11,19,93,0,0,0,29,0,43,0,121,0,81,0,39,0,0,0,0,0,57,26,0,0,0,0,0,0,0,0,0,0,0,0,0,0,3,0,41,0,22,0,0,0,0,0,70,0,136,0,45,0,0,0,0,0,0,0,0,0,0,0,0,0,0
0,0,0,0,0,5,0,0,0,0,0,0,0,1,0,0,0,0,0,0,0,19,0,7,0,0,0,5,0,0,0,0,0,0,0,0,0,8,0,0,0,0,0,13,0,14,0,0,0,0,0,18,0,0,0,0,0,0,0,0,0,0,0,0,0,0,0,0,0,0,0,0,0,115,0,274,0,26,0,19,0,1,0,0,0,4,1,52,0,0,0,0,0,0,0,0,0,0,0,0,0,0,0,0,0,0,0,0,0,0,0,0,0,2,0,0,0,0,0,0,0,11,0,13,0,110,0,0,0,7,2,0,0,61,6,0,0,0,0,6,0,38,0,29,0,124,0,39,0,6,0,64,0,0,0,0,0,8,0,0,0,0,0,47,0,0,0,14,0,28,0,16,0,32,0,23,0,0,0,1,0,44,0,0,0,0,0,0,0,0,0,0,0,0,0,0,0,0,0,0,0,5,0,0,0,0,0,0,0,0,0,0,0,0,2,0,0,1,14,0,36,0,0,0,0
0,0,0,0,0,0,0,0,0,0,0,0,0,0,0,0,0,0,0,0,0,0,0,0,0,0,0,0,0,0,0,0,0,0,0,0,0,0,0,0,0,0,0,0,0,0,0,0,0,0,3,0,0,0,0,0,0,0,1,0,0,0,0,0,0,0,0,0,27,0,294,0,0,0,144,0,43,0,206,2,3,0,27,0,0,0,8,0,0,1,0,0,16,0,0,0,0,0,0,0,0,0,0,0,0,0,0,0,0,0,0,0,0,0,0,0,0,0,0,0,42,0,22,0,53,0,106,0,0,0,10,0,40,0,57,0,31,0,0,0,76,11,109,0,80,0,92,5,0,0,213,0,0,0,0,0,2,0,2,0,0,0,37,0,1,0,0,0,14,0,20,0,0,0,0,0,0,0,0,0,16,0,0,0,0,0,0,0,0,0,8,0,0,0,0,0,0,0,79,0,49,0,137,0,0,0,154,0,259,0,319,0,34,9,17,11,2,0,0,0,0,0,0,0,0
0,0,0,0,0,0,0,0,0,0,0,3,0,0,0,7,0,0,0,0,0,0,0,0,0,0,0,0,0,0,0,0,0,0,0,0,0,0,0,0,0,0,0,0,0,4,0,0,0,0,0,0,0,0,0,0,0,0,0,0,0,0,0,0,0,2,0,0,0,7,0,115,0,0,0,227,0,99,0,84,0,7,0,41,0,35,1,98,0,0,6,0,0,2,0,1,0,4,0,0,0,0,0,0,0,0,0,0,0,1,0,0,0,0,0,0,0,2,0,0,0,25,0,13,0,164,0,146,0,11,0,36,0,50,0,0,0,59,0,0,0,18,0,48,0,74,12,64,0,8,16,100,0,53,0,0,0,0,0,0,0,0,0,53,0,2,0,2,0,10,0,2,0,6,0,18,0,0,0,0,0,0,0,0,0,0,0,0,0,0,0,0,1,0,0,0,0,0,0,77,0,58,0,0,0,0,0,0,0,75,0,0,9,0,4,0,0,0,243,5,19,2,2,6,0
0,0,0,0,0,0,0,0,0,0,0,0,0,0,0,0,20,0,0,0,78,0,0,0,0,0,0,0,10,0,6,0,0,0,0,0,50,0,0,0,0,0,0,0,36,0,0,0,0,0,14,0,0,0,0,0,0,0,0,0,23,0,23,0,0,0,0,0,0,0,229,0,144,0,0,0,19,0,242,0,12,0,21,0,42,0,86,0,0,0,0,0,0,0,0,0,0,0,2,0,0,0,0,0,0,0,0,0,0,0,0,0,0,0,0,0,0,0,0,0,48,0,70,0,46,7,0,0,0,0,0,0,0,0,40,0,7,0,1,0,83,17,205,0,62,0,0,0,42,3,27,0,65,2,0,0,9,0,0,0,0,0,23,0,0,0,0,0,27,0,31,0,30,0,38,1,0,0,0,0,33,13,0,0,0,0,2,0,0,0,0,0,0,0,0,0,2,0,0,0,47,0,88,0,0,0,90,0,71,0,11,0,8,0,0,0,0,0,4,0,0,0,0,0,0
0,0,0,0,0,16,0,0,0,0,0,0,0,0,0,26,0,0,0,0,0,55,0,34,0,0,0,0,0,0,0,0,0,8,0,0,0,6,0,0,0,0,0,23,0,26,0,0,0,0,0,27,0,0,0,0,0,0,0,0,0,5,0,1,0,0,0,0,0,0,0,274,0,227,0,0,0,42,0,108,0,13,0,0,0,69,0,135,0,0,0,0,0,0,0,0,0,0,3,0,0,0,0,0,0,0,0,0,0,0,0,0,0,0,0,0,0,0,0,0,0,121,0,38,0,0,0,0,0,0,0,0,0,41,0,101,0,72,6,4,0,83,0,118,3,218,16,35,0,14,0,106,0,61,0,0,0,0,0,0,0,0,0,74,0,0,0,22,0,35,0,27,0,47,0,0,0,0,0,0,9,67,0,0,0,0,0,0,0,0,0,0,0,0,0,0,0,24,0,0,0,0,2,0,0,0,0,107,0,92,0,0,0,0,0,1,0,0,63,9,59,14,0,3,0
0,0,0,0,0,0,0,0,0,0,0,0,0,0,0,0,0,0,0,0,0,0,0,0,0,0,0,0,0,0,0,0,0,0,0,0,0,0,0,0,0,0,0,0,0,0,0,0,0,0,0,0,0,0,0,0,0,0,0,0,0,0,0,0,0,0,0,0,79,0,18,0,43,0,19,0,0,0,58,0,11,0,0,0,0,0,11,0,0,0,0,0,98,0,8,0,0,0,3,0,0,0,25,0,0,0,6,0,2,0,2,0,0,0,23,0,12,0,0,0,0,0,11,0,0,0,0,0,0,0,0,0,0,0,0,0,0,0,0,0,0,0,0,0,0,0,0,0,0,0,0,0,0,0,0,0,0,0,0,0,0,0,0,0,0,0,0,0,44,0,0,0,0,0,0,0,0,0,0,0,0,0,0,0,0,0,0,0,0,0,0,0,30,0,0,0,0,0,0,0,0,0,0,0,14,0,0,0,0,0,8,3,7,0,0,5,12,0,0,0,0,0,0,0,0
0,0,0,0,0,0,0,0,0,0,0,0,0,0,0,0,0,0,0,0,0,0,0,0,0,0,0,0,0,0,0,0,0,0,0,0,0,0,0,0,0,0,0,0,0,7,0,0,0,0,0,0,0,0,0,0,0,0,0,4,0,0,0,0,0,0,0,1,0,19,0,26,0,99,0,42,0,0,0,27,0,39,0,79,0,0,0,130,0,14,0,0,0,60,0,16,0,0,0,14,0,12,0,36,0,0,0,0,0,12,0,0,0,0,0,3,0,42,0,0,0,0,0,4,0,0,0,0,0,0,0,0,0,0,0,0,0,0,0,0,0,2,0,0,0,0,0,0,0,0,0,10,0,0,0,0,0,1,0,0,0,0,0,4,0,6,0,0,0,73,0,0,0,0,0,2,0,0,0,0,0,0,0,0,0,0,0,0,0,96,0,0,0,0,0,0,0,0,0,0,0,0,0,0,0,0,0,0,0,0,0,0,0,0,8,0,0,0,48,17,94,0,4,13,0
0,0,0,0,0,0,0,0,0,0,0,0,0,0,0,0,0,0,0,0,0,0,0,0,0,0,0,0,5,0,4,0,0,0,0,0,0,0,0,0,2,0,0,0,13,0,0,0,18,0,9,0,0,0,0,0,0,0,0,0,0,0,0,0,0,0,0,0,40,0,260,0,206,0,242,0,58,0,0,0,4,0,77,0,29,0,15,0,0,0,0,0,55,0,0,0,0,0,0,0,0,0,4,0,0,0,0,0,2,0,0,0,0,0,0,0,0,0,0,0,76,0,27,0,0,0,0,0,0,0,0,10,0,0,0,0,16,0,0,11,32,0,138,0,16,0,0,4,0,4,0,0,0,2,0,0,4,0,0,0,0,0,0,0,12,0,0,0,46,0,0,0,0,0,0,0,0,0,0,0,0,0,0,0,0,0,0,0,0,0,14,0,99,0,0,0,0,0,148,0,99,0,310,0,24,0,171,0,189,4,237,10,56,0,37,21,15,0,0,0,0,0,0,0,0
