0,210,56,103,139,0,14,34,44,6,168,18,239,0,29,112,38,110,13,0,0,0,124,153,12,339,15,0,116,0,7,0,58,0,0,0,26,0,559,26,47,0,0,0,7,0,37,0,0,0,0,0,4,0,0,0,1,0,3,0,168,14,87,19,13,0,9,0,0,0,0,0,0,0,0,0,0,0,1,0,0,0,0,0,0,0,0,0,0,0,0,0,0,0,0,0,0,0,3,0,0,0,0,0,0,0,0,0,0,0,0,0,0,0,0,0,0,0,0,0,0,0,0,0,31,0,5,0,0,0,5,0,2,0,0,0,0,0,0,0,5,0,0,0,0,0,16,0,24,0,15,0,23,0,1,0,0,0,1,0,0,0,3,0,0,0,4,0,8,0,18,0,176,2,5,0,141,57,9,0,17,0,15,14,37,0,3,0,0,0,0,0,0,0,0,0,0,0,0,0,0,0,0,0,0,0,0,0,0,0,0,0,0,0,18,0,0,0,0,0,182,10,0,1,12,0,147,30,107,20,90,0,114,7,27,1,11,0,237,0,179,0,154,0,426,0,0,0,0
210,0,107,30,0,136,117,14,46,92,2,375,0,174,13,76,101,79,0,72,4,14,229,30,296,83,0,91,7,176,2,0,0,102,0,0,0,61,39,616,3,111,0,0,0,0,0,80,0,2,0,0,0,5,2,11,0,7,0,7,18,255,25,235,0,55,1,14,0,0,0,4,0,6,0,1,0,0,0,0,0,4,0,0,0,0,0,0,0,0,0,0,0,0,0,0,0,0,0,0,0,0,0,0,0,0,0,0,0,0,0,0,0,0,0,0,0,0,0,2,0,0,0,0,0,30,0,11,0,0,0,13,0,0,0,10,0,0,0,0,0,10,0,0,0,7,0,42,0,59,0,57,0,59,0,4,0,10,0,0,0,9,0,1,0,4,0,5,0,14,2,42,7,81,0,8,32,358,0,3,0,22,0,54,0,70,0,1,0,0,0,0,0,0,0,0,0,0,0,0,0,1,0,0,0,0,0,7,0,13,0,6,0,0,0,31,0,1,0,0,11,309,0,0,0,16,4,198,6,355,0,233,0,479,0,73,0,28,0,241,0,19,0,48,10,673,0,0,0
56,107,0,82,273,60,69,0,45,4,27,72,87,0,207,140,41,0,27,0,27,0,854,121,247,69,38,0,129,0,63,0,141,11,0,0,68,11,316,42,25,0,0,0,0,0,30,0,1,0,0,0,0,0,22,0,0,0,3,0,40,0,52,0,17,0,2,0,0,0,0,0,0,0,1,0,0,0,0,0,0,0,0,0,2,0,0,0,0,0,0,0,0,0,0,0,8,0,6,0,0,0,0,0,0,0,0,0,0,0,0,0,0,0,0,0,0,0,0,0,0,0,0,0,208,0,58,0,0,0,121,0,40,0,10,0,1,0,0,1,0,0,0,0,0,0,103,0,121,0,18,0,5,0,0,0,0,0,0,0,12,0,0,0,0,0,15,0,3,0,7,0,82,0,0,0,36,50,0,1,0,2,0,0,6,0,0,0,0,0,3,0,0,0,0,0,0,0,1,0,0,0,0,0,0,0,3,0,11,0,0,0,0,0,0,0,0,0,0,0,259,3,3,0,7,0,67,15,51,5,93,0,0,3,23,0,7,1,90,0,56,0,45,0,228,0,0,0,0
103,30,82,0,27,144,12,76,1,1,0,6,0,17,0,334,51,8,0,67,0,19,161,246,31,257,0,22,7,174,0,29,0,153,0,0,2,17,39,242,0,4,0,0,0,0,0,9,0,0,0,0,0,0,0,39,0,7,0,5,4,19,4,25,0,6,0,0,0,0,0,0,0,0,0,0,0,0,0,0,0,0,0,0,0,0,0,0,0,0,0,0,0,0,0,0,0,0,0,0,0,0,0,0,0,0,0,0,0,0,0,0,0,0,0,0,0,0,0,0,0,0,0,0,0,28,0,10,0,0,0,3,0,0,0,15,2,23,0,0,0,0,0,0,0,0,0,0,0,4,0,15,0,2,0,2,0,0,0,1,0,9,0,0,0,0,0,0,0,1,0,0,10,8,0,1,7,55,0,0,0,0,0,0,0,0,0,0,0,0,0,0,0,0,0,0,0,0,0,0,0,0,0,0,0,0,0,0,0,7,0,0,0,0,0,8,0,0,0,0,0,179,0,0,0,5,6,39,4,85,0,30,0,127,0,27,0,6,0,18,0,3,0,6,0,146,0,0,0
139,0,273,27,0,150,17,0,35,0,70,133,370,176,164,282,8,0,21,86,94,45,162,57,2,0,60,0,0,0,142,0,270,0,147,0,241,16,112,0,86,3,2,0,10,1,62,5,0,0,88,0,0,0,0,0,10,0,0,0,0,0,6,0,9,0,2,0,0,0,12,0,0,0,7,0,0,0,0,0,0,0,0,0,0,0,0,0,0,0,0,0,0,0,0,0,0,0,0,0,0,0,0,0,0,0,0,0,0,0,0,0,0,0,0,0,0,0,0,0,0,0,0,0,44,0,19,0,0,0,23,0,0,0,0,0,0,0,0,0,0,0,0,0,0,0,57,0,90,0,54,0,93,0,0,0,0,0,0,0,0,0,0,0,12,0,109,0,14,0,2,0,83,0,0,0,71,87,29,7,65,0,49,0,82,0,1,6,0,0,0,0,0,0,0,0,0,0,0,0,0,0,0,0,0,0,0,0,0,0,0,0,0,0,13,0,0,0,10,0,319,0,0,0,73,4,283,0,150,15,437,4,0,4,22,3,71,4,126,0,63,0,119,0,356,0,0,0,0
0,136,60,144,150,0,0,47,0,52,83,113,86,181,202,203,0,2,70,136,169,112,120,94,0,8,0,137,0,32,48,126,24,224,0,99,33,89,17,17,0,36,0,0,0,0,0,77,0,0,0,32,0,0,0,16,0,5,0,9,0,0,0,5,0,0,0,0,0,0,0,0,0,0,0,0,0,0,0,0,0,4,0,0,0,0,0,0,0,0,0,0,0,0,0,0,0,7,0,0,0,0,0,0,0,0,0,0,0,0,0,0,0,0,0,0,0,0,0,5,0,0,0,0,0,54,0,14,0,0,1,0,0,0,0,0,0,30,0,0,0,0,0,0,0,0,0,37,0,85,0,62,0,43,0,9,0,0,0,0,0,10,0,0,0,5,0,41,0,9,0,17,0,34,0,5,26,139,3,2,0,32,0,3,0,45,0,0,0,0,0,0,0,0,0,0,0,0,0,14,0,0,0,0,0,0,0,0,0,24,0,4,0,0,0,9,0,0,0,0,25,404,0,0,0,52,0,136,0,268,0,217,0,313,3,56,1,76,0,43,0,19,1,16,6,208,0,0,0
14,117,69,12,17,0,0,0,71,291,9,0,30,0,36,0,3,55,0,0,0,0,51,0,505,294,0,0,26,0,0,0,0,3,0,0,2,0,0,0,2,3,0,0,0,0,0,0,0,0,0,0,61,36,307,78,53,3,16,0,138,16,372,140,46,0,60,0,0,0,0,0,0,0,0,0,0,0,0,0,0,0,0,0,0,0,0,0,0,0,0,0,0,0,0,0,0,0,0,0,0,0,0,0,0,0,0,0,0,0,0,0,0,0,0,0,0,0,0,0,0,0,0,0,98,0,5,0,0,0,129,0,0,0,2,0,1,0,0,0,0,0,0,0,0,0,14,0,64,0,6,0,0,0,0,0,0,0,0,0,42,0,0,0,5,0,0,0,5,0,53,0,54,0,6,0,15,42,0,0,0,0,2,16,0,0,0,0,0,0,0,0,0,0,0,0,0,0,0,0,0,0,0,0,0,0,0,0,0,0,23,0,6,0,220,0,0,0,17,0,441,0,49,0,42,0,74,6,130,0,34,0,224,5,71,0,7,0,243,0,105,0,78,0,730,10,0,0,0
34,14,0,76,0,47,0,0,141,23,0,6,0,13,0,180,0,5,0,71,0,17,0,33,99,411,0,27,0,78,0,0,0,0,0,0,0,0,2,169,0,0,0,0,0,0,0,5,0,0,0,0,0,30,0,165,0,110,0,78,15,253,56,503,0,13,0,19,0,0,0,0,0,0,0,0,0,0,0,0,0,0,0,0,0,0,0,0,0,0,0,0,0,0,0,0,0,0,0,0,0,0,0,0,0,0,0,0,0,0,0,0,0,0,0,0,0,0,0,0,0,0,0,0,0,106,0,26,0,0,0,14,0,25,0,9,0,17,0,0,0,0,0,5,0,0,0,20,0,17,0,34,0,0,0,12,0,8,0,0,0,57,0,0,0,0,0,0,0,5,0,28,2,36,0,0,14,14,0,0,0,0,0,0,0,0,0,0,0,0,0,0,0,0,0,0,0,0,0,0,0,0,0,0,0,0,0,16,0,44,0,0,0,3,0,113,0,0,0,0,3,199,0,5,0,15,0,59,0,288,0,42,1,387,0,45,0,6,0,103,0,6,0,9,9,389,0,0,0
44,46,45,1,35,0,71,141,0,637,16,0,53,0,15,0,0,0,12,0,0,0,0,0,28,278,0,0,0,0,0,0,0,0,0,0,0,0,8,0,18,0,0,0,3,0,12,0,0,0,0,0,77,86,26,364,15,43,27,52,107,0,176,153,118,0,74,104,0,0,0,0,0,0,1,0,0,0,0,0,0,0,0,0,0,0,0,0,0,0,0,0,0,0,0,0,0,0,0,0,0,0,0,0,0,0,0,0,0,0,0,0,0,0,0,0,0,0,0,0,0,0,0,0,58,0,10,0,0,0,46,0,0,0,3,3,0,0,0,0,0,0,0,0,0,0,58,0,140,0,14,0,23,0,12,0,14,0,0,1,17,0,4,0,0,0,0,0,2,0,37,0,10,0,21,0,272,107,0,0,0,0,12,8,40,27,0,0,0,0,0,0,0,0,0,0,0,0,1,0,0,0,0,0,0,0,0,0,0,0,0,0,0,0,213,0,0,0,11,0,219,0,19,0,30,0,98,0,79,2,10,0,213,0,53,0,5,0,267,0,76,0,114,0,531,0,0,0,0
6,92,4,1,0,52,291,23,637,0,0,121,0,66,0,16,29,4,0,32,0,4,0,0,275,9,0,37,0,4,0,0,0,0,0,0,0,0,0,0,0,24,0,0,0,0,0,22,0,0,0,0,116,123,420,61,32,87,40,73,15,162,177,222,0,95,29,101,0,0,0,0,0,0,0,0,0,0,0,0,0,0,0,0,0,0,0,0,0,0,0,0,0,0,0,0,0,0,0,0,0,0,0,0,0,0,0,0,0,0,0,0,0,0,0,0,0,0,0,0,0,0,0,2,0,128,0,19,0,0,0,62,0,12,0,0,0,0,0,0,0,0,0,0,0,0,0,32,0,118,0,25,0,16,3,25,0,101,0,0,0,27,0,1,0,0,0,1,0,10,0,17,0,14,11,0,86,364,0,0,0,0,0,21,9,133,0,0,0,0,0,0,0,0,0,0,0,0,0,0,0,1,0,0,0,0,0,0,0,10,0,0,0,1,0,130,0,0,0,5,6,190,0,8,0,12,10,121,0,390,0,37,1,332,2,60,0,9,0,164,4,27,0,38,18,386,0,0,0
168,2,27,0,70,83,9,0,16,0,0,75,242,0,5,160,7,0,0,0,14,17,25,39,0,0,7,0,12,0,44,3,145,0,0,0,241,0,271,0,30,0,0,0,0,0,12,0,2,0,2,0,0,0,0,0,0,0,1,0,0,0,1,0,6,0,0,0,0,0,0,0,0,0,3,0,0,0,0,0,0,0,0,0,0,0,0,0,0,0,3,0,0,0,0,0,0,0,4,0,0,0,0,0,0,0,0,0,0,0,0,0,0,0,0,0,0,0,0,0,0,0,0,0,0,0,0,0,0,0,4,0,0,0,0,0,0,0,0,0,5,0,0,0,0,0,9,0,0,0,20,0,43,0,0,0,0,0,2,0,0,0,3,0,0,0,55,0,0,0,8,0,64,0,0,0,50,31,40,3,62,0,69,0,28,0,9,0,0,0,0,0,0,0,0,0,0,0,0,0,0,0,0,0,0,0,0,0,1,0,0,0,0,0,9,0,0,0,2,0,123,0,0,0,4,0,211,12,98,0,201,2,30,4,15,0,14,2,88,0,62,0,93,0,204,0,0,0,0
18,375,72,6,133,113,0,6,0,121,75,0,39,331,221,38,19,28,29,26,139,70,170,121,0,0,0,86,0,65,50,108,17,377,0,81,18,238,17,121,0,252,0,5,0,8,0,125,0,23,0,13,0,0,0,3,0,0,0,3,0,0,0,0,0,11,0,14,0,0,0,0,0,0,0,9,0,0,0,1,0,0,0,17,0,0,0,0,0,0,0,2,0,0,0,0,0,8,0,4,0,3,0,0,0,0,0,0,0,0,0,0,0,0,0,0,0,0,0,0,0,34,0,12,0,22,0,13,0,0,0,5,0,0,0,0,0,6,0,0,0,0,0,15,0,11,0,21,0,48,0,109,0,61,0,6,0,0,0,0,0,2,0,0,0,5,0,22,0,5,0,10,0,53,0,24,26,279,0,6,0,112,0,6,0,51,1,8,0,0,0,0,0,0,0,0,0,5,0,0,0,0,0,0,0,0,0,0,0,0,0,12,0,0,0,10,0,1,0,15,28,452,0,6,0,49,14,339,0,203,12,441,1,453,0,45,0,116,5,141,3,52,0,70,0,568,0,0,0
239,0,87,0,370,86,30,0,53,0,242,39,0,473,43,114,0,1,24,204,45,37,0,0,1,0,26,328,0,0,18,0,33,0,167,0,140,7,0,0,138,77,73,26,23,6,63,69,8,0,261,11,0,0,2,0,1,0,2,0,1,0,1,0,7,0,3,0,0,0,0,0,0,0,0,0,0,0,0,0,0,0,0,0,0,0,0,0,0,0,0,0,0,0,0,0,0,0,0,0,0,0,0,0,0,0,0,0,0,0,0,0,0,0,0,0,0,0,0,0,8,0,0,0,35,0,7,0,0,0,7,0,0,0,0,0,0,0,0,0,0,0,0,0,0,0,23,0,33,0,49,0,120,0,0,0,0,0,0,0,0,0,0,0,30,0,29,0,15,0,0,0,12,0,63,0,156,84,130,0,165,0,77,0,54,0,54,45,0,0,0,0,0,0,0,0,0,0,0,0,0,0,0,0,0,0,0,0,0,0,0,0,0,0,5,0,0,0,72,23,85,7,8,4,211,8,396,4,81,0,198,2,0,0,4,0,68,6,16,0,11,0,41,0,82,0,0,0,0
0,174,0,17,176,181,0,13,0,66,0,331,473,0,109,16,0,0,568,64,379,85,0,0,0,0,234,63,0,0,50,34,0,9,89,151,24,102,0,0,110,223,0,94,11,12,41,158,1,23,61,198,0,0,0,0,0,0,0,4,0,0,0,0,0,0,0,0,0,0,0,0,0,0,0,0,0,0,0,0,0,0,0,0,0,0,0,0,0,0,0,0,0,0,0,0,0,0,0,0,0,0,0,0,0,0,0,0,0,0,0,0,0,0,0,0,0,0,0,0,0,0,0,6,0,28,0,0,0,0,0,5,0,3,0,0,0,10,0,0,0,0,0,10,0,0,0,0,0,0,0,28,0,23,0,2,0,0,0,0,0,0,0,0,0,16,0,6,0,14,0,2,0,3,0,0,35,336,2,11,0,25,0,3,0,21,56,80,0,0,0,0,0,0,0,0,0,0,0,0,0,0,0,0,0,0,0,0,0,9,0,0,0,0,0,0,0,0,6,181,11,100,0,13,0,244,19,404,0,191,6,167,0,88,0,10,0,73,0,22,0,21,0,31,0,89,0,0,0
29,13,207,0,164,202,36,0,15,0,5,221,43,109,0,430,10,0,309,72,242,109,385,49,28,0,153,13,2,0,153,38,128,50,114,27,145,47,4,0,17,4,2,0,10,0,54,0,1,1,15,0,7,0,130,0,58,0,23,0,3,0,18,0,31,0,0,0,0,0,0,0,0,0,0,0,0,0,0,0,0,0,0,0,0,1,0,0,0,0,0,0,0,0,0,0,0,0,0,0,0,0,0,0,0,0,0,0,0,0,0,0,0,0,0,0,0,0,0,0,0,0,0,1,63,0,59,0,0,0,0,0,43,0,127,0,64,0,0,0,7,0,0,0,0,0,143,0,130,0,87,0,67,0,0,0,5,0,0,0,13,0,1,0,3,0,46,0,4,0,9,0,24,1,0,0,26,54,0,16,26,0,21,0,83,0,0,3,0,0,0,0,0,0,0,0,0,0,0,0,13,0,0,0,0,0,17,0,64,0,0,0,0,0,12,0,2,0,7,0,24,0,0,0,0,5,140,21,82,15,45,24,15,0,0,1,3,0,26,0,13,1,29,0,78,20,0,0,0
112,76,140,334,282,203,0,180,0,16,160,38,114,16,430,0,64,84,83,226,460,291,445,262,24,168,0,76,9,7,198,90,89,69,49,66,50,99,47,6,0,0,0,10,0,2,0,2,0,0,3,22,0,8,0,82,0,19,0,0,0,0,0,10,0,12,0,0,0,0,0,0,0,0,0,0,0,0,0,0,0,18,0,22,0,0,0,0,0,22,0,19,0,0,0,12,0,22,0,2,0,0,0,0,0,0,0,48,0,0,0,0,0,0,0,0,0,0,0,0,0,0,0,10,1,45,0,36,0,11,0,0,3,32,0,172,0,198,0,33,0,0,0,22,0,12,0,49,0,67,0,83,0,44,0,18,0,5,0,0,0,0,0,0,0,1,0,12,0,7,0,4,11,5,0,0,12,39,6,0,0,12,0,0,0,28,3,2,0,0,0,0,0,0,0,0,0,4,0,60,0,29,0,0,0,4,0,30,0,92,0,0,0,0,0,12,0,0,0,0,47,58,0,0,0,0,38,511,24,56,43,24,0,35,0,18,5,6,11,69,13,14,16,22,35,61,0,0,0
38,101,41,51,8,0,3,0,0,29,7,19,0,0,10,64,0,85,130,0,372,0,291,123,164,104,90,0,640,0,263,0,109,7,0,0,4,0,341,0,0,0,0,0,0,0,0,1,0,0,0,0,75,0,50,0,30,0,6,0,26,10,513,0,0,0,0,0,0,0,0,0,0,0,0,0,0,0,0,0,0,0,0,0,45,0,0,0,0,0,72,0,0,0,0,0,216,0,22,0,1,0,4,0,13,0,21,0,0,0,0,0,0,0,0,0,0,0,0,0,0,0,0,0,0,0,6,0,115,0,0,0,36,0,328,0,362,0,45,0,22,0,439,0,0,0,6,0,0,0,0,0,0,0,27,0,0,0,51,0,35,0,0,0,0,0,2,0,5,0,0,0,25,0,0,0,8,11,0,0,0,0,1,0,0,0,0,0,0,0,0,0,0,0,0,0,1,0,39,0,244,0,5,0,0,0,10,0,17,0,0,0,0,0,14,0,0,0,0,0,117,7,2,0,6,0,495,24,31,0,0,5,37,7,9,0,3,0,32,0,7,0,11,0,85,14,0,0,0
110,79,0,8,0,2,55,5,0,4,0,28,1,0,0,84,85,0,0,40,0,270,140,146,206,305,0,0,9,396,0,136,3,79,0,6,0,4,22,113,0,0,0,0,0,0,0,0,0,0,0,6,0,42,0,35,0,38,0,2,0,10,33,429,0,0,0,4,0,0,0,0,0,0,0,0,0,0,0,0,0,0,0,9,0,20,0,7,0,12,0,17,0,0,0,5,0,32,0,1,0,0,0,0,0,0,0,33,0,0,0,0,0,0,0,0,0,0,0,0,0,2,0,3,0,0,0,7,0,42,0,3,0,22,0,228,0,253,1,98,0,44,0,79,0,0,0,0,0,0,0,6,0,0,0,27,0,0,0,17,0,20,1,0,0,0,0,0,0,0,0,0,0,0,0,0,0,13,0,1,0,0,0,3,0,0,0,0,0,0,0,0,0,0,0,0,0,0,0,29,0,21,0,1,0,3,0,0,0,27,0,0,0,0,0,5,0,0,0,0,0,20,0,1,0,3,0,516,1,25,0,0,0,19,0,1,0,0,0,15,0,3,0,4,8,30,0,0,0
13,0,27,0,21,70,0,0,12,0,0,29,24,568,309,83,130,0,0,209,118,61,348,0,0,0,185,221,7,0,47,17,0,0,418,27,111,21,0,0,4,53,42,33,19,0,55,58,0,0,353,20,0,0,122,0,67,0,37,0,4,0,0,0,0,0,0,0,0,0,0,0,0,0,0,0,0,0,0,0,0,0,0,0,0,0,0,0,0,0,52,0,0,0,0,0,123,0,0,0,0,0,0,0,0,0,0,0,0,0,0,0,0,0,0,0,0,0,0,0,0,0,0,0,0,0,26,0,0,0,0,0,0,0,274,0,116,0,0,0,0,0,109,0,0,0,52,0,23,0,0,0,0,0,3,0,2,0,0,0,0,0,0,0,8,0,10,0,10,0,0,0,10,0,0,0,5,52,4,0,0,0,6,0,28,0,4,35,0,0,0,0,0,0,0,0,2,0,0,0,153,0,0,0,0,0,0,0,78,0,0,0,0,0,0,0,0,0,34,29,29,0,4,6,87,0,206,11,34,10,28,10,0,0,0,0,13,0,22,0,18,0,38,0,47,0,0,0,0
0,72,0,67,86,136,0,71,0,32,0,26,204,64,72,226,0,40,209,0,207,345,0,186,0,44,66,203,1,0,22,92,0,10,41,201,0,91,0,0,28,6,0,68,0,13,0,60,0,0,38,225,0,0,0,34,0,15,0,0,0,0,0,0,0,16,0,4,0,0,0,0,0,0,0,0,0,0,0,7,0,17,0,0,0,80,0,0,0,53,0,54,0,0,0,26,0,60,0,7,0,0,0,0,0,0,0,91,0,0,0,0,0,0,0,0,0,0,0,2,0,0,0,11,0,51,0,37,0,0,0,10,0,0,0,214,0,170,0,0,0,46,0,90,0,18,0,34,0,81,0,52,0,32,0,10,0,0,0,0,0,22,0,0,0,4,0,12,0,10,0,3,0,6,0,2,9,24,4,0,0,0,0,2,0,33,26,10,0,0,0,0,0,0,0,0,0,0,0,0,0,32,0,0,0,0,0,21,0,85,0,0,0,0,0,0,0,0,0,26,3,0,0,0,0,56,0,145,4,111,0,32,0,0,0,23,1,6,2,39,0,11,0,10,0,37,0,0,0
0,4,27,0,94,169,0,0,0,0,14,139,45,379,242,460,372,0,118,207,0,141,246,14,27,0,74,163,55,0,242,33,101,31,113,54,71,43,8,0,0,23,5,15,22,0,9,21,0,2,50,13,27,0,39,0,40,0,17,0,0,0,114,0,0,0,0,0,0,0,28,0,4,0,31,0,0,0,0,0,47,0,0,0,81,0,35,0,15,0,172,0,0,0,0,0,469,0,163,0,0,0,0,0,0,0,0,0,0,0,0,0,0,0,0,0,0,0,0,0,16,0,0,0,0,1,14,0,0,0,7,0,0,0,229,0,167,0,33,2,114,0,411,0,0,0,8,0,0,0,0,0,0,0,6,0,0,0,0,0,13,0,3,0,0,0,15,0,0,0,0,0,10,0,0,0,4,34,4,12,0,0,3,0,1,0,2,25,0,0,0,0,0,0,0,0,0,0,48,0,216,0,0,0,0,0,19,0,40,0,0,0,0,0,0,0,0,0,12,0,22,0,0,1,52,0,308,0,35,8,87,0,0,0,0,0,17,4,33,0,31,0,51,2,47,0,0,0,0
0,14,0,19,45,112,0,17,0,4,17,70,37,85,109,291,0,270,61,345,141,0,10,335,3,131,9,164,0,27,30,93,9,24,16,55,0,42,2,2,0,0,0,45,0,2,0,0,0,0,7,35,0,22,0,45,0,13,0,4,0,0,0,141,0,0,0,0,0,0,0,4,0,0,0,0,0,0,0,0,0,36,0,54,0,140,0,29,0,73,0,64,0,0,0,44,0,103,0,9,0,18,0,0,0,11,0,71,0,0,0,0,0,0,0,0,0,0,0,0,0,44,0,23,0,4,0,0,0,0,0,0,0,0,0,201,0,159,0,127,0,202,0,243,0,38,0,0,0,0,0,0,0,0,0,23,0,3,0,19,0,0,0,0,0,4,0,0,0,16,0,0,0,4,0,0,0,18,0,0,0,0,0,0,0,0,0,57,0,0,0,0,0,0,0,0,0,0,0,16,0,23,0,2,0,0,0,0,0,18,0,0,0,0,0,4,0,0,2,0,4,12,0,0,0,18,0,230,8,31,0,56,0,35,0,5,1,13,0,53,0,15,0,8,0,61,0,0,0
124,229,854,161,162,120,51,0,0,0,25,170,0,0,385,445,291,140,348,0,246,10,0,370,99,88,100,5,28,16,65,10,20,42,0,0,12,23,51,85,0,0,0,0,10,0,0,0,1,0,0,0,0,0,128,0,57,0,24,0,10,0,25,6,9,0,0,0,0,0,0,0,0,0,0,0,0,0,0,0,0,0,0,0,0,0,0,0,0,0,0,0,0,0,0,0,0,1,0,0,0,0,0,0,0,0,0,0,0,0,0,0,0,0,0,0,0,0,0,0,0,2,0,0,92,0,57,0,0,0,24,0,73,0,167,0,118,0,0,0,0,0,31,0,0,0,84,0,54,0,48,0,19,0,0,0,0,0,0,0,41,0,0,0,0,0,8,1,3,0,0,2,30,3,0,0,25,79,0,9,0,0,1,0,12,0,0,2,0,0,4,0,0,0,0,0,0,0,21,0,24,0,0,0,0,0,13,0,68,0,0,0,0,0,7,0,0,0,11,0,44,12,2,0,1,0,425,80,27,7,10,0,17,15,3,3,0,0,20,0,9,0,4,0,61,0,0,0,0
153,30,121,246,57,94,0,33,0,0,39,121,0,0,49,262,123,146,0,186,14,335,370,0,77,323,0,25,0,54,0,72,0,25,0,6,0,7,66,9,0,0,0,0,0,0,0,0,0,0,0,0,0,10,0,73,0,16,0,0,18,6,0,70,3,0,0,0,0,0,0,7,0,0,0,0,0,14,0,4,0,15,0,18,0,46,0,6,0,29,0,19,0,0,0,8,0,58,0,1,0,9,0,9,0,0,0,41,0,0,0,0,0,0,0,0,0,0,0,0,0,24,0,5,0,0,0,0,0,0,0,0,0,0,0,174,0,152,0,43,0,30,0,58,0,0,0,0,0,0,0,12,0,0,0,18,0,1,0,0,0,0,0,0,0,0,0,1,0,0,1,0,18,2,0,0,5,13,0,8,0,0,0,0,0,0,0,0,0,0,0,0,0,0,0,0,0,0,0,26,0,17,0,0,0,0,0,5,2,45,0,0,0,0,0,6,0,0,0,0,0,9,0,0,0,2,7,492,0,12,7,5,0,27,0,2,0,2,0,34,0,3,0,6,17,26,0,0,0
12,296,247,31,2,0,505,99,28,275,0,0,1,0,28,24,164,206,0,0,27,3,99,77,0,835,7,0,50,0,0,0,1,0,0,0,3,8,69,78,0,0,1,0,0,0,0,0,0,0,0,0,35,28,92,82,67,0,16,0,47,74,220,263,0,0,0,0,0,0,0,0,0,0,0,0,0,0,0,0,0,2,0,0,0,0,0,0,0,0,0,4,0,0,0,0,0,0,0,0,0,0,0,0,0,0,0,0,0,0,0,0,0,0,0,0,0,0,0,0,0,0,0,1,36,0,20,0,69,0,29,0,71,0,113,14,121,0,0,0,0,0,41,18,0,0,16,0,5,0,0,0,0,0,20,0,0,0,22,0,95,0,0,0,0,0,0,0,0,0,2,0,38,0,3,0,3,27,0,0,0,0,0,14,0,0,0,0,0,0,0,0,0,0,0,0,0,0,12,0,17,0,0,0,1,0,3,0,14,0,0,0,0,0,15,0,0,0,1,0,68,18,4,0,7,1,458,11,27,25,8,0,24,0,18,0,0,0,36,0,27,0,11,0,146,13,0,0,0
339,83,69,257,0,8,294,411,278,9,0,0,0,0,0,168,104,305,0,44,0,131,88,323,835,0,0,0,0,94,0,35,0,6,0,0,0,0,38,89,0,0,0,0,0,0,0,0,0,0,0,0,34,19,31,132,0,24,0,10,73,74,165,225,1,0,0,0,0,0,0,0,0,0,0,0,0,0,0,0,0,0,0,0,0,0,0,0,0,1,0,0,0,0,0,2,0,0,0,0,0,0,0,0,0,0,0,3,0,0,0,0,0,0,0,0,0,0,0,0,0,0,0,0,0,0,0,21,0,0,0,5,0,42,0,48,0,75,0,20,0,0,2,11,0,0,0,0,0,0,0,0,0,0,0,18,0,5,0,11,2,56,0,0,0,0,0,0,0,0,0,5,18,6,0,0,13,32,0,0,0,0,0,9,0,0,0,0,0,0,0,0,0,0,0,0,0,0,0,13,0,0,0,0,0,0,0,0,0,31,0,0,0,0,0,15,0,0,0,0,9,40,0,0,0,0,7,223,12,65,0,5,7,46,0,5,0,0,12,17,6,0,4,0,20,36,0,0,0
15,0,38,0,60,0,0,0,0,0,7,0,26,234,153,0,90,0,185,66,74,9,100,0,7,0,0,357,0,0,3,3,0,0,63,0,46,0,0,0,18,229,235,47,96,17,31,159,2,0,351,20,9,0,0,0,0,0,0,0,2,0,39,0,5,0,0,1,0,0,24,0,0,0,20,0,0,0,0,0,28,0,0,0,42,0,0,0,7,0,94,0,0,0,0,0,234,0,84,0,12,0,0,0,0,0,28,0,0,0,0,0,0,0,0,0,0,0,0,0,0,0,0,0,0,0,19,0,0,0,0,0,0,0,146,0,0,0,0,0,63,0,122,0,0,0,0,0,26,0,0,0,0,0,0,0,0,0,0,0,0,0,0,0,93,0,2,0,19,0,4,0,4,0,3,0,11,29,11,0,20,0,8,0,24,0,13,41,0,0,0,0,0,0,0,0,0,0,0,0,118,0,0,0,0,0,0,0,29,0,0,0,0,0,0,0,0,0,300,28,0,0,24,12,247,2,79,0,20,0,12,0,0,0,0,0,0,0,0,0,0,0,0,0,0,1,0,0,0
0,91,0,22,0,137,0,27,0,37,0,86,328,63,13,76,0,0,221,203,163,164,5,25,0,0,357,0,0,0,10,34,0,9,41,109,0,55,0,3,263,30,18,321,20,150,106,97,0,19,74,308,0,0,0,0,0,0,0,3,0,0,0,0,0,0,0,6,0,0,0,2,0,0,0,0,0,0,0,0,0,27,0,0,0,0,0,0,0,28,0,0,0,0,0,0,0,30,0,6,0,13,0,0,0,0,0,30,0,0,0,0,0,0,0,0,0,0,0,0,0,0,0,16,0,22,0,0,0,0,0,3,0,0,0,55,0,0,0,0,0,60,0,78,0,16,0,0,0,0,0,0,0,0,0,0,0,8,0,0,0,0,0,0,0,52,0,0,0,53,0,0,0,6,0,0,0,52,4,0,0,0,0,0,0,0,65,40,0,0,0,0,0,0,0,0,0,0,0,0,0,0,0,0,0,0,0,0,0,18,0,0,0,0,0,0,0,0,0,531,0,18,0,91,0,202,0,248,0,113,0,32,0,35,0,0,0,10,0,8,0,0,0,10,0,24,0,0,0
116,7,129,7,0,0,26,0,0,0,12,0,0,0,2,9,640,9,7,1,55,0,28,0,50,0,0,0,0,0,80,0,34,0,8,0,56,0,5,0,0,0,12,0,0,0,0,0,0,0,7,0,26,0,12,0,7,0,0,0,3,0,165,0,0,0,0,0,0,0,0,0,0,0,3,0,0,0,0,0,11,0,0,0,24,0,0,0,0,0,23,0,0,0,0,0,104,0,24,0,4,0,0,0,0,0,0,0,0,0,0,0,0,0,0,0,0,0,0,0,0,0,0,0,0,0,0,0,0,0,2,0,0,0,20,0,81,0,91,0,76,0,152,0,11,0,0,0,0,0,0,0,0,0,17,0,0,0,11,0,4,0,0,0,0,0,1,0,0,0,0,0,2,0,0,0,24,0,0,0,0,0,2,0,3,0,0,0,0,0,0,0,0,0,0,0,0,0,0,0,38,0,0,0,0,0,0,0,0,0,0,0,0,0,0,0,0,0,0,0,2,0,0,0,0,0,70,0,3,0,0,0,3,0,0,0,0,0,7,0,1,0,2,0,0,0,0,0,0
0,176,0,174,0,32,0,78,0,4,0,65,0,0,0,7,0,396,0,0,0,27,16,54,0,94,0,0,0,0,0,32,0,27,0,55,0,26,1,1,0,0,0,3,0,0,0,0,0,0,0,14,0,59,0,31,0,16,0,0,0,7,0,204,0,0,0,0,0,0,1,0,1,0,0,0,0,0,0,0,0,1,0,4,0,16,1,0,0,4,0,8,0,0,0,3,0,13,0,0,0,0,0,0,0,0,0,15,0,0,0,0,0,0,0,0,0,0,0,0,0,0,0,0,0,0,0,7,0,18,0,2,0,5,0,52,0,74,0,139,0,91,0,70,0,23,0,0,0,0,0,0,0,0,0,26,0,4,0,15,0,0,0,0,0,0,0,0,0,0,0,0,0,0,0,0,0,0,0,0,0,0,0,0,0,2,0,0,0,0,0,0,0,0,0,0,0,0,0,0,0,6,0,0,0,0,0,0,0,16,0,0,0,0,0,0,0,0,0,0,0,0,0,0,0,0,0,36,0,0,0,0,0,0,0,1,0,0,0,0,0,0,0,0,0,6,0,0,0
7,2,63,0,142,48,0,0,0,0,44,50,18,50,153,198,263,0,47,22,242,30,65,0,0,0,3,10,80,0,0,10,7,11,4,10,7,20,2,0,0,0,6,0,0,0,0,0,0,0,8,0,22,0,7,0,4,0,0,0,0,0,45,0,0,0,0,0,0,0,12,0,0,0,15,0,0,0,0,0,19,0,11,0,45,0,11,0,0,0,58,0,0,0,6,0,266,0,73,0,0,0,0,0,0,0,0,0,0,0,0,0,0,0,0,0,0,0,0,0,0,0,41,0,0,0,0,0,0,0,0,0,4,0,29,0,103,0,28,0,64,0,250,0,6,0,0,0,0,0,0,0,0,0,4,0,0,0,0,0,2,0,0,0,0,0,10,0,0,0,0,0,8,0,0,0,10,5,10,4,3,0,0,0,0,0,0,2,0,0,0,0,0,0,0,0,0,0,0,0,88,0,0,0,0,0,0,0,0,0,0,0,0,0,0,0,2,0,0,0,19,0,1,0,0,0,96,5,20,0,50,0,0,0,0,0,6,0,0,0,4,0,5,1,12,0,0,0,0
0,0,0,29,0,126,0,0,0,0,3,108,0,34,38,90,0,136,17,92,33,93,10,72,0,35,3,34,0,32,10,0,4,44,0,42,0,24,0,4,0,0,0,21,0,0,0,0,0,0,0,16,0,18,0,17,0,8,0,0,0,0,0,61,0,1,0,0,0,0,0,9,0,0,0,5,0,0,0,0,0,22,0,22,0,87,0,15,0,0,0,24,0,0,0,0,0,36,0,3,0,14,0,5,0,0,0,16,0,0,0,0,0,0,0,0,0,0,0,0,0,25,0,0,0,6,0,4,0,0,0,0,0,0,0,94,0,78,0,158,0,222,0,197,0,60,0,0,0,0,0,0,0,0,0,0,0,5,0,20,0,0,0,0,0,0,0,5,0,0,0,0,0,2,0,0,1,14,0,5,0,5,0,0,0,0,0,18,0,0,0,0,0,0,0,0,0,0,0,5,0,5,0,0,0,0,0,0,0,6,0,0,0,0,0,1,0,2,0,0,0,24,0,3,0,7,0,76,0,20,6,0,0,28,0,4,0,3,0,10,0,0,2,7,0,16,0,0,0
58,0,141,0,270,24,0,0,0,0,145,17,33,0,128,89,109,3,0,0,101,9,20,0,1,0,0,0,34,0,7,4,0,0,18,0,46,3,4,0,0,0,18,0,3,0,0,0,0,0,6,0,6,0,1,0,0,0,0,0,2,0,25,0,0,0,0,0,0,0,0,0,0,0,0,0,0,0,5,0,17,0,0,0,18,0,0,0,2,0,17,0,0,0,0,0,90,0,38,0,1,0,0,0,0,0,0,0,0,0,0,0,0,0,0,0,0,0,0,0,6,0,27,0,0,0,0,0,0,0,0,0,0,0,5,0,41,0,13,0,61,0,104,0,17,0,0,0,0,0,0,0,0,0,3,0,0,0,5,0,0,0,0,0,0,0,19,0,0,0,0,0,6,0,0,0,44,8,8,0,14,0,20,0,0,0,0,0,0,0,0,0,0,0,0,0,0,0,0,0,17,0,1,0,0,0,0,0,0,0,0,1,0,0,0,0,0,0,0,0,7,0,1,0,0,0,127,0,16,0,6,0,0,0,0,0,0,0,3,0,1,0,4,0,4,0,0,0,0
0,102,11,153,0,224,3,0,0,0,0,377,0,9,50,69,7,79,0,10,31,24,42,25,0,6,0,9,0,27,11,44,0,0,0,61,0,61,0,1,0,0,0,9,0,0,0,0,0,0,0,20,0,4,0,2,0,5,0,0,0,8,0,39,0,0,0,0,0,0,0,0,0,0,0,1,0,0,0,0,0,2,0,5,0,0,0,0,0,0,0,0,0,0,0,0,0,0,0,0,0,0,0,0,0,0,0,0,0,0,0,0,0,0,0,0,0,0,0,0,0,0,0,0,0,0,0,0,0,0,0,0,0,0,0,10,0,28,0,40,0,52,0,31,0,30,0,0,0,0,0,0,1,0,0,13,0,29,0,0,0,0,0,0,0,0,0,0,0,0,0,0,0,6,0,0,0,29,0,18,0,0,0,0,0,0,0,7,0,0,0,0,0,0,0,0,0,0,0,0,0,0,0,0,0,0,0,0,0,8,0,0,0,0,0,0,0,0,0,1,0,15,0,1,0,0,0,210,5,14,0,0,0,0,0,0,0,0,0,0,0,1,0,0,0,0,0,0,0
0,0,0,0,147,0,0,0,0,0,0,0,167,89,114,49,0,0,418,41,113,16,0,0,0,0,63,41,8,0,4,0,18,0,0,5,114,0,5,0,5,0,11,0,4,0,0,14,0,0,58,0,1,0,0,0,0,0,0,0,2,0,0,0,0,0,0,0,0,0,13,0,0,0,0,0,0,0,0,0,0,0,0,0,0,0,0,0,3,0,0,0,0,0,0,0,0,0,27,0,0,0,0,0,0,0,7,0,0,0,0,0,0,0,0,0,0,0,0,0,0,0,0,0,0,0,2,0,0,0,0,0,0,0,0,0,0,0,0,0,23,0,52,0,0,0,0,0,0,0,0,0,0,0,0,0,0,0,0,0,0,0,0,0,5,0,22,0,4,0,0,0,11,0,0,0,5,0,12,0,0,0,0,0,0,0,23,6,0,0,0,0,0,0,0,0,0,0,0,0,0,0,0,0,0,0,0,0,0,0,0,0,0,0,0,0,0,0,8,0,44,0,1,0,74,0,96,0,36,0,51,0,1,0,0,0,13,0,0,0,3,0,3,0,24,0,0,0,0
0,0,0,0,0,99,0,0,0,0,0,81,0,151,27,66,0,6,27,201,54,55,0,6,0,0,0,109,0,55,10,42,0,61,5,0,0,113,0,4,1,0,0,21,1,1,1,0,0,0,0,26,0,4,0,0,0,0,0,0,0,8,0,15,0,0,0,0,0,0,0,0,0,0,0,0,0,0,0,0,0,0,0,0,0,21,0,0,0,0,0,0,0,0,0,0,0,0,0,2,0,0,0,0,0,0,0,0,0,0,0,0,0,0,0,0,0,0,0,0,0,22,0,0,0,0,0,0,0,0,0,0,0,0,0,17,0,0,0,76,0,138,0,63,0,56,0,0,0,0,0,0,0,0,0,0,0,0,0,7,0,0,0,0,0,4,0,18,0,4,0,0,0,3,0,0,0,13,0,7,0,0,0,0,0,0,0,145,0,0,0,1,0,0,0,0,0,0,0,0,0,0,0,0,0,0,0,0,0,0,0,0,0,0,0,0,0,0,0,17,0,47,0,0,0,23,0,81,0,89,0,22,0,26,0,0,0,16,0,0,0,0,0,0,0,0,0,0,0
26,0,68,2,241,33,2,0,0,0,241,18,140,24,145,50,4,0,111,0,71,0,12,0,3,0,46,0,56,0,7,0,46,0,114,0,0,0,69,0,0,0,73,0,0,0,0,0,0,0,78,0,3,0,0,0,4,0,2,0,28,0,38,0,0,0,0,1,0,0,66,0,0,0,41,0,0,0,0,0,37,0,0,0,41,0,18,0,0,0,0,0,0,0,0,0,157,0,104,0,0,0,0,0,0,0,0,0,0,0,0,0,0,0,0,0,0,0,0,0,52,0,114,0,0,0,0,0,0,0,0,0,0,0,0,0,0,0,93,0,302,0,168,0,169,0,0,0,0,0,0,0,12,0,12,0,5,0,0,0,0,0,0,0,7,0,58,0,16,0,9,0,51,0,0,0,45,7,35,0,0,0,26,0,0,0,16,0,0,0,0,0,0,0,0,0,0,0,0,0,0,0,0,0,0,0,0,0,0,0,0,0,0,0,0,0,0,0,2,0,57,0,0,0,29,0,131,0,90,2,23,0,0,0,6,0,5,0,5,0,0,0,6,0,38,0,0,0,0
0,61,11,17,16,89,0,0,0,0,0,238,7,102,47,99,0,4,21,91,43,42,23,7,8,0,0,55,0,26,20,24,3,61,0,113,0,0,0,22,0,5,0,65,0,2,0,0,0,0,0,89,0,4,0,7,0,0,0,0,0,14,0,22,0,0,0,0,0,0,0,0,0,0,0,0,0,0,0,0,0,0,0,2,0,9,0,2,0,0,0,0,0,0,0,0,0,0,0,0,0,0,0,0,0,0,0,1,0,0,0,0,0,0,0,0,0,0,0,0,0,7,0,0,0,0,0,0,0,0,0,0,0,0,0,0,0,0,0,76,0,110,0,22,0,87,0,0,0,0,0,0,0,0,0,14,0,27,0,9,0,0,0,0,0,5,0,16,0,8,0,4,2,7,0,2,0,32,0,22,0,0,0,0,0,0,0,112,0,0,0,0,0,0,0,0,0,0,0,0,0,0,0,0,0,0,0,0,0,0,0,0,0,0,0,0,0,1,0,0,0,45,0,0,0,24,0,230,0,152,0,0,0,14,0,0,0,4,0,4,0,1,0,0,0,7,0,0,0
559,39,316,39,112,17,0,2,8,0,271,17,0,0,4,47,341,22,0,0,8,2,51,66,69,38,0,0,5,1,2,0,4,0,5,0,69,0,0,0,0,0,5,0,1,0,0,0,0,0,4,0,17,0,4,0,7,0,0,0,10,3,92,0,0,0,0,0,0,0,0,0,0,0,3,0,0,0,0,0,3,0,0,0,0,0,0,0,0,0,0,0,0,0,0,0,16,0,3,0,0,0,0,0,0,0,0,0,0,0,0,0,0,0,0,0,0,0,0,0,0,0,0,0,0,0,0,0,0,0,0,0,0,0,16,0,8,0,52,0,67,0,33,0,31,0,0,0,0,0,0,0,11,0,17,0,11,0,7,0,0,0,0,0,0,0,4,0,0,0,0,0,18,0,0,0,172,19,16,0,12,0,41,1,0,0,0,0,0,0,0,0,0,0,0,0,0,0,0,0,0,0,0,0,0,0,0,0,0,0,0,0,0,0,0,0,0,0,0,0,14,0,0,1,0,0,240,9,7,0,0,0,5,0,0,0,0,0,3,2,0,0,0,0,19,0,0,0,0
26,616,42,242,0,17,0,169,0,0,0,121,0,0,0,6,0,113,0,0,0,2,85,9,78,89,0,3,0,1,0,4,0,1,0,4,0,22,0,0,0,0,0,1,0,0,0,0,0,0,0,0,0,8,0,8,0,0,0,0,9,12,0,82,0,0,0,1,0,0,0,0,0,0,0,0,0,0,0,0,0,2,0,0,0,0,0,0,0,0,0,0,0,0,0,0,0,0,0,0,0,0,0,0,0,1,0,0,0,0,0,0,0,0,0,0,0,0,0,0,0,0,0,0,0,14,0,0,0,0,0,0,0,0,0,0,0,0,0,43,0,32,0,11,0,28,0,0,1,0,0,0,0,0,0,30,0,31,0,14,0,0,0,0,0,0,0,2,0,0,0,0,0,15,0,0,0,82,0,0,0,0,0,6,0,0,0,0,0,0,0,0,0,1,0,0,0,0,0,6,0,2,0,0,0,0,0,0,0,0,0,2,0,0,0,0,0,0,0,0,0,42,0,0,0,0,4,279,0,25,0,4,0,28,0,0,0,0,5,0,0,0,0,1,0,14,0,0,0
47,3,25,0,86,0,2,0,18,0,30,0,138,110,17,0,0,0,4,28,0,0,0,0,0,0,18,263,0,0,0,0,0,0,5,1,0,0,0,0,0,351,21,14,19,26,16,378,28,3,20,10,0,0,0,0,0,0,0,0,0,0,0,0,4,0,0,0,0,0,0,0,0,0,0,0,0,2,0,0,0,0,5,0,0,0,0,0,2,0,0,0,0,0,0,0,0,0,0,0,0,0,0,0,0,0,0,0,0,0,0,0,0,0,0,0,0,0,0,0,0,0,0,0,6,0,0,0,0,0,4,0,0,0,0,0,0,0,0,0,0,0,0,0,0,0,4,0,7,0,9,0,7,0,0,0,0,0,0,0,0,0,0,0,42,0,0,0,0,1,0,0,0,0,0,0,16,57,10,0,9,0,9,0,10,0,66,15,0,0,0,0,0,0,0,0,0,0,0,0,0,0,0,0,0,0,0,0,0,0,0,0,0,0,0,0,0,0,466,75,3,0,70,87,31,2,4,0,0,0,4,0,0,0,0,0,0,0,0,0,0,0,0,0,3,0,0,0,0
0,111,0,4,3,36,3,0,0,24,0,252,77,223,4,0,0,0,53,6,23,0,0,0,0,0,229,30,0,0,0,0,0,0,0,0,0,5,0,0,351,0,0,0,29,9,156,151,9,76,0,9,0,0,0,0,0,0,0,0,0,0,0,0,0,0,0,0,0,0,0,0,0,0,0,0,0,0,0,0,0,0,0,0,0,0,0,0,0,0,0,0,0,0,0,0,0,0,0,0,0,0,0,0,0,0,0,0,0,0,0,0,0,0,0,0,0,0,0,0,0,0,0,0,0,0,0,0,0,0,0,0,0,0,0,0,0,0,0,0,0,0,0,0,0,0,0,0,0,0,0,5,0,11,0,0,0,0,0,0,0,0,0,0,0,15,0,0,0,0,0,0,0,0,0,0,2,199,0,6,0,0,0,0,0,8,15,27,0,0,0,0,0,0,0,0,0,0,0,0,0,0,0,0,0,0,0,0,0,0,0,0,0,0,0,0,0,0,147,189,0,0,6,335,0,0,1,7,0,0,0,4,0,0,0,0,0,0,0,0,0,0,0,0,0,0,0,0,0
0,0,0,0,2,0,0,0,0,0,0,0,73,0,2,0,0,0,42,0,5,0,0,0,1,0,235,18,12,0,6,0,18,0,11,0,73,0,5,0,21,0,0,0,72,0,40,12,2,0,64,0,0,0,2,0,0,0,3,0,0,0,0,0,0,0,0,0,0,0,23,0,0,0,0,0,0,0,0,0,17,0,0,0,0,0,0,0,0,0,15,0,0,0,0,0,51,0,46,0,0,0,0,0,0,0,0,0,0,0,0,0,0,0,0,0,0,0,0,0,9,0,0,0,0,0,0,0,0,0,0,0,0,0,0,0,0,0,15,0,50,0,43,0,25,0,0,0,0,0,0,0,0,0,0,0,0,0,0,0,0,0,0,0,37,0,15,0,10,0,0,0,6,0,0,0,0,0,2,0,0,0,0,0,0,0,50,6,0,0,0,0,0,0,0,0,0,0,0,0,0,0,0,0,0,0,0,0,0,0,0,0,0,0,0,0,0,0,89,12,8,0,23,3,110,0,13,0,6,0,0,0,0,0,0,0,0,1,2,0,2,0,0,0,0,0,0,0,0
0,0,0,0,0,0,0,0,0,0,0,5,26,94,0,10,0,0,33,68,15,45,0,0,0,0,47,321,0,3,0,21,0,9,0,21,0,65,0,1,14,0,0,0,2,48,8,54,0,15,0,116,0,0,0,0,0,4,0,2,0,0,0,0,0,1,0,1,0,0,0,16,0,0,0,0,0,0,0,0,0,0,0,0,0,0,0,0,0,1,0,0,0,0,0,0,0,0,0,0,0,0,0,0,0,0,0,0,0,0,0,0,0,0,0,0,0,0,0,0,0,29,0,10,0,0,0,0,0,0,0,0,0,0,0,0,0,0,0,38,0,99,0,58,0,69,0,0,0,0,0,0,0,0,0,3,0,0,0,0,0,0,0,3,0,27,0,5,0,26,0,0,0,5,0,0,0,23,0,1,0,0,0,0,0,0,3,100,0,0,0,0,0,0,0,0,0,0,0,0,0,0,0,0,0,0,0,0,0,1,0,0,0,0,0,0,0,0,3,166,0,8,0,19,0,126,0,84,0,47,0,0,0,13,0,0,0,0,0,0,0,2,0,1,0,0,0,0,0
7,0,0,0,10,0,0,0,3,0,0,0,23,11,10,0,0,0,19,0,22,0,10,0,0,0,96,20,0,0,0,0,3,0,4,1,0,0,1,0,19,29,72,2,0,3,59,31,12,0,46,0,0,0,0,0,0,0,3,0,0,0,0,0,1,0,0,0,0,0,15,0,0,0,14,0,0,0,0,0,23,0,0,0,0,0,10,0,8,0,33,0,0,0,16,0,113,0,58,0,0,0,0,0,0,0,0,0,0,0,0,0,0,0,0,0,0,0,0,0,7,0,0,0,0,0,0,0,0,0,0,0,0,0,0,0,0,0,0,0,0,0,52,0,0,0,0,0,6,0,0,0,0,0,0,0,0,0,0,0,0,0,0,0,118,1,8,0,11,0,0,0,3,0,0,1,3,6,0,0,0,0,3,0,4,0,36,0,0,0,0,0,0,0,0,0,0,0,0,0,0,0,0,0,0,0,0,0,3,0,0,0,0,0,0,0,0,0,205,7,0,0,134,29,81,0,6,0,9,0,0,0,0,0,0,0,0,0,1,0,0,0,0,0,0,0,0,0,0
0,0,0,0,1,0,0,0,0,0,0,8,6,12,0,2,0,0,0,13,0,2,0,0,0,0,17,150,0,0,0,0,0,0,0,1,0,2,0,0,26,9,0,48,3,0,8,60,1,42,2,85,0,0,0,0,0,3,0,0,0,0,0,0,0,0,0,0,0,0,0,12,0,0,0,0,0,0,0,3,0,8,0,5,0,0,0,11,0,0,0,0,0,0,0,7,0,0,0,0,0,0,0,0,0,6,0,0,0,0,0,0,0,0,0,0,0,1,0,0,0,23,0,7,0,0,0,0,0,0,0,0,0,0,0,0,0,0,0,0,0,17,0,16,0,14,0,0,0,0,0,0,0,0,0,0,0,0,0,0,0,0,0,4,0,55,0,0,0,49,0,1,0,2,0,1,0,19,0,1,0,0,0,0,1,0,1,28,0,12,0,0,0,0,0,0,0,0,0,0,0,6,0,0,0,0,0,0,0,0,0,0,0,0,0,0,0,9,7,236,0,13,0,254,0,52,0,37,0,20,0,3,0,1,0,0,0,0,0,0,0,0,0,0,0,2,0,0,0
37,0,30,0,62,0,0,0,12,0,12,0,63,41,54,0,0,0,55,0,9,0,0,0,0,0,31,106,0,0,0,0,0,0,0,1,0,0,0,0,16,156,40,8,59,8,0,143,5,0,27,0,0,0,0,0,0,0,0,0,0,0,0,0,5,0,0,0,0,0,2,0,0,0,0,0,0,0,0,0,0,0,0,0,4,0,0,0,0,0,0,0,0,0,0,0,0,0,0,0,0,0,2,0,0,0,0,0,0,0,0,0,0,0,0,0,0,0,0,0,0,0,0,0,0,0,0,0,0,0,6,0,0,0,0,0,0,0,0,0,0,0,0,0,0,0,20,0,14,0,0,0,15,0,0,0,0,0,0,0,0,0,0,0,70,1,0,0,12,0,0,0,0,0,0,0,4,13,0,1,0,0,14,0,16,0,14,7,0,0,0,0,0,0,0,0,0,0,0,0,0,0,0,0,0,0,0,0,0,0,0,0,0,0,0,0,0,0,427,33,0,0,37,22,92,0,10,0,0,0,0,0,0,0,0,0,0,0,0,0,2,0,0,0,0,0,0,0,0
0,80,0,9,5,77,0,5,0,22,0,125,69,158,0,2,1,0,58,60,21,0,0,0,0,0,159,97,0,0,0,0,0,0,14,0,0,0,0,0,378,151,12,54,31,60,143,0,12,26,0,61,0,0,0,0,0,0,0,0,0,0,0,0,0,0,0,0,0,1,0,0,0,0,0,0,0,0,0,0,0,0,0,0,0,0,0,0,0,0,0,0,0,0,0,0,0,0,0,0,0,0,0,2,0,0,0,0,0,0,0,0,0,0,0,0,0,0,0,0,0,0,0,0,0,8,0,2,0,0,0,0,0,0,0,0,0,0,0,0,0,0,0,0,0,0,0,0,0,0,0,0,0,0,0,0,0,0,0,1,0,2,0,0,0,32,0,0,0,14,0,0,0,0,0,0,0,47,0,0,0,4,0,0,1,3,36,18,0,0,0,0,0,0,0,0,0,0,0,0,0,0,0,0,0,0,0,0,0,0,0,0,0,0,0,0,0,0,107,523,0,0,3,427,0,24,0,39,0,15,0,0,0,0,0,0,0,0,0,0,0,0,0,0,0,0,0,0,0
0,0,1,0,0,0,0,0,0,0,2,0,8,1,1,0,0,0,0,0,0,0,1,0,0,0,2,0,0,0,0,0,0,0,0,0,0,0,0,0,28,9,2,0,12,1,5,12,0,0,0,0,0,0,0,0,3,0,0,0,0,0,0,0,0,0,0,0,0,0,0,0,0,0,0,0,0,0,1,0,0,0,0,0,0,0,0,0,2,0,0,0,0,0,2,0,0,0,0,0,0,0,5,0,0,0,0,0,0,0,0,0,0,0,0,0,0,0,0,0,0,0,0,0,0,0,0,0,0,0,0,0,0,0,0,0,1,0,0,0,0,0,1,0,0,0,1,0,0,0,1,0,0,0,1,0,0,0,0,0,0,0,0,0,4,0,0,0,0,0,0,0,0,0,6,0,6,3,7,0,9,0,3,0,2,0,28,0,0,0,0,0,0,0,1,0,2,0,0,0,0,0,0,0,3,0,0,0,1,0,0,0,1,0,1,0,1,0,32,1,3,0,69,11,6,0,8,0,3,0,0,0,0,0,0,0,0,0,1,0,0,0,0,0,1,0,0,0,0
0,2,0,0,0,0,0,0,0,0,0,23,0,23,1,0,0,0,0,0,2,0,0,0,0,0,0,19,0,0,0,0,0,0,0,0,0,0,0,0,3,76,0,15,0,42,0,26,0,0,0,9,0,0,0,0,0,0,0,0,0,0,0,0,0,0,0,0,0,0,0,0,0,0,0,0,0,0,0,0,0,0,0,0,0,0,0,1,0,0,0,0,0,0,0,1,0,0,0,0,0,0,0,1,0,2,0,0,0,0,0,0,0,0,0,0,0,0,0,0,0,0,0,0,0,0,0,0,0,0,0,1,0,0,0,0,0,0,0,0,0,0,0,0,0,0,0,0,0,0,0,0,0,0,0,0,0,0,0,0,0,0,0,0,0,6,0,0,0,6,0,0,0,0,0,0,0,33,0,0,0,4,0,0,0,1,1,25,0,0,0,0,0,0,0,2,0,0,0,1,0,0,0,0,0,0,0,0,0,0,0,0,0,0,0,0,0,1,2,4,0,1,0,16,0,0,0,1,0,0,0,0,0,1,0,0,0,0,0,0,0,0,0,0,0,0,0,0,0
0,0,0,0,88,0,0,0,0,0,2,0,261,61,15,3,0,0,353,38,50,7,0,0,0,0,351,74,7,0,8,0,6,0,58,0,78,0,4,0,20,0,64,0,46,2,27,0,0,0,0,1,0,0,0,0,21,2,0,1,2,0,0,0,0,0,0,0,0,0,46,0,0,0,29,0,0,0,0,0,28,0,0,0,14,0,20,0,0,0,58,0,0,0,14,0,109,0,104,0,14,0,0,0,0,0,12,0,0,0,0,0,0,0,0,0,0,0,0,0,39,0,24,0,0,0,0,0,0,0,0,0,0,0,0,0,0,0,3,0,19,0,0,0,16,0,0,0,0,0,0,0,0,0,0,0,0,0,0,0,0,0,3,0,43,0,47,0,31,0,9,0,21,0,0,0,5,0,10,0,0,0,0,0,0,0,124,0,0,0,0,0,0,0,0,0,0,0,0,0,0,0,0,0,0,0,0,0,0,0,0,0,0,0,0,0,0,0,50,15,26,0,15,0,175,0,41,0,21,0,0,0,3,0,0,0,8,0,0,0,0,0,0,0,12,0,0,0,0
0,0,0,0,0,32,0,0,0,0,0,13,11,198,0,22,0,6,20,225,13,35,0,0,0,0,20,308,0,14,0,16,0,20,0,26,0,89,0,0,10,9,0,116,0,85,0,61,0,9,1,0,0,0,0,0,0,0,0,12,0,5,0,5,0,0,0,0,0,0,0,17,0,10,0,14,0,0,0,0,0,16,0,6,0,51,0,0,0,0,0,0,0,0,0,0,0,0,0,0,0,0,0,0,0,0,0,0,0,0,0,0,0,0,0,0,0,0,0,0,0,62,0,19,0,0,0,0,0,0,0,0,0,0,0,13,0,0,0,33,0,102,0,82,0,110,0,0,0,0,0,0,0,0,0,4,0,10,0,0,0,0,0,1,0,5,0,4,0,28,0,12,0,10,0,0,0,23,0,3,0,0,0,0,0,0,3,224,0,0,0,0,0,0,0,0,0,0,0,0,0,5,0,0,0,0,0,0,0,0,0,0,0,0,0,0,0,0,0,40,0,19,0,7,1,61,0,52,0,57,0,17,0,19,0,0,0,7,0,0,0,0,0,0,0,16,0,0,0
4,0,0,0,0,0,61,0,77,116,0,0,0,0,7,0,75,0,0,0,27,0,0,0,35,34,9,0,26,0,22,0,6,0,1,0,3,0,17,0,0,0,0,0,0,0,0,0,0,0,0,0,0,40,180,183,355,69,38,81,44,0,40,33,0,4,0,102,0,0,0,0,0,0,0,0,0,0,0,0,2,0,0,0,6,0,0,0,0,0,4,0,0,0,0,0,0,0,0,0,0,0,0,0,0,0,0,0,0,0,0,0,0,0,0,0,0,0,0,0,0,0,0,0,0,0,0,0,98,0,7,0,15,0,32,0,149,0,298,0,125,0,136,0,19,1,2,0,0,0,0,0,0,0,337,16,67,0,238,0,57,0,0,0,0,0,0,0,4,0,16,0,0,0,1,0,68,0,0,0,0,3,1,0,7,21,0,0,0,0,0,0,0,0,0,0,0,0,0,0,19,0,0,0,0,0,0,0,0,0,8,0,0,0,44,0,0,0,2,0,72,0,13,0,2,0,825,0,26,0,0,0,20,0,15,0,0,0,23,0,2,0,8,0,54,0,0,0,0
0,5,0,0,0,0,36,30,86,123,0,0,0,0,0,8,0,42,0,0,0,22,0,10,28,19,0,0,0,59,0,18,0,4,0,4,0,4,0,8,0,0,0,0,0,0,0,0,0,0,0,0,40,0,83,98,15,91,30,15,0,27,23,64,10,0,26,15,0,0,0,0,0,0,0,0,0,0,0,0,0,1,0,0,0,0,0,1,0,0,0,0,0,0,0,0,0,0,0,0,0,0,0,0,0,0,0,3,0,0,0,0,0,0,0,0,0,0,0,0,0,0,0,0,0,0,0,5,0,57,5,4,0,29,0,39,0,111,0,183,0,60,0,29,0,35,0,0,2,0,0,0,0,0,0,195,1,67,1,205,0,26,0,0,0,0,0,0,0,0,0,0,0,0,0,0,2,43,0,0,0,0,0,1,0,18,0,0,0,0,0,0,0,0,0,0,0,0,0,5,0,2,0,0,0,0,0,0,0,2,0,0,0,0,0,39,0,0,0,0,1,48,0,0,0,2,0,248,0,31,0,0,0,37,0,19,0,0,0,9,0,1,0,2,0,45,0,0,0
0,2,22,0,0,0,307,0,26,420,0,0,2,0,130,0,50,0,122,0,39,0,128,0,92,31,0,0,12,0,7,0,1,0,0,0,0,0,4,0,0,0,2,0,0,0,0,0,0,0,0,0,180,83,0,375,213,42,58,43,11,0,17,94,3,0,4,166,0,0,0,0,0,0,0,0,0,0,0,0,0,0,0,0,0,0,0,0,0,0,0,0,0,0,0,0,0,0,0,0,0,0,0,0,0,0,0,0,0,0,0,0,0,0,0,0,0,0,0,0,0,0,0,0,58,0,6,0,34,0,96,0,31,0,12,0,41,0,7,0,0,0,6,0,2,0,0,0,10,0,0,0,0,0,29,10,2,0,27,0,111,0,0,0,2,0,2,0,0,0,0,0,3,0,0,0,15,14,0,0,0,1,0,0,4,33,0,0,0,0,1,0,0,0,0,0,0,0,0,0,5,0,0,0,0,0,1,0,3,0,16,0,6,0,106,0,0,0,6,0,154,0,25,0,10,0,413,0,87,0,0,0,55,0,19,0,0,0,39,0,4,0,12,0,101,0,0,0,0
0,11,0,39,0,16,78,165,364,61,0,3,0,0,0,82,0,35,0,34,0,45,0,73,82,132,0,0,0,31,0,17,0,2,0,0,0,7,0,8,0,0,0,0,0,0,0,0,0,0,0,0,183,98,375,0,55,208,111,131,0,48,109,200,0,4,114,21,0,0,0,0,0,2,0,0,0,0,0,0,0,0,0,0,0,0,0,0,0,0,0,0,0,0,0,0,0,0,0,0,0,0,0,0,0,3,0,4,0,0,0,0,0,0,0,0,0,0,0,0,0,0,0,0,0,43,4,20,0,26,0,12,0,54,0,47,0,95,0,20,0,0,0,11,2,4,0,0,0,0,0,13,0,0,10,103,11,34,0,24,0,142,0,0,0,0,0,0,0,0,0,26,0,11,0,0,16,13,0,0,0,0,0,0,14,37,0,0,0,0,0,0,0,0,0,0,0,0,0,12,0,0,0,0,0,0,0,0,0,32,0,0,0,0,3,120,0,0,0,2,0,169,0,18,0,16,6,152,0,274,0,2,4,130,2,35,0,0,0,49,0,2,1,13,5,149,0,0,0
1,0,0,0,10,0,53,0,15,32,0,0,1,0,58,0,30,0,67,0,40,0,57,0,67,0,0,0,7,0,4,0,0,0,0,0,4,0,7,0,0,0,0,0,0,0,0,0,3,0,21,0,355,15,213,55,0,52,155,63,0,0,10,0,87,10,39,144,0,0,0,0,0,0,0,0,0,0,0,1,0,0,0,0,0,0,0,0,0,0,0,0,0,0,0,0,0,0,0,0,0,0,1,0,0,0,0,0,0,0,0,0,0,0,0,0,0,0,0,0,0,0,0,0,8,0,0,0,18,0,43,0,17,0,2,0,8,0,12,0,3,0,0,0,0,0,0,0,14,6,0,0,0,0,217,57,42,0,95,45,74,0,10,0,3,0,14,0,9,0,46,0,18,0,5,0,7,3,1,0,6,16,0,0,4,14,0,0,0,0,0,0,0,0,0,0,0,0,0,0,0,0,0,0,0,0,0,0,0,0,27,0,12,0,305,0,0,0,10,0,290,1,152,0,29,0,224,1,362,0,7,0,189,1,546,3,4,0,334,0,16,0,70,0,353,0,0,0,0
0,7,0,7,0,5,3,110,43,87,0,0,0,0,0,19,0,38,0,15,0,13,0,16,0,24,0,0,0,16,0,8,0,5,0,0,0,0,0,0,0,0,0,4,0,3,0,0,0,0,2,0,69,91,42,208,52,0,98,101,0,3,1,29,0,9,168,33,0,0,0,0,0,0,0,0,0,0,0,0,0,0,0,0,0,0,0,0,0,0,0,0,0,0,0,0,0,0,0,0,0,0,0,0,0,0,0,0,0,0,0,0,0,0,0,0,0,0,0,0,0,0,0,0,0,14,0,4,1,25,9,15,0,31,0,14,0,59,6,7,0,0,0,3,0,0,0,0,0,2,0,4,0,0,27,174,6,24,8,159,10,165,0,10,0,1,0,0,0,32,1,53,1,2,0,0,2,0,0,0,0,7,0,0,2,42,0,0,0,0,0,0,0,1,0,0,0,0,0,0,0,0,0,0,0,0,0,0,0,0,0,2,0,0,0,209,0,1,0,6,0,349,0,13,0,21,2,126,3,463,0,6,1,161,0,384,0,3,0,93,0,10,0,16,2,206,0,0,0
3,0,3,0,0,0,16,0,27,40,1,0,2,0,23,0,6,0,37,0,17,0,24,0,16,0,0,0,0,0,0,0,0,0,0,0,2,0,0,0,0,0,3,0,3,0,0,0,0,0,0,0,38,30,58,111,155,98,0,124,0,0,4,6,129,0,147,165,0,0,0,0,0,0,0,0,0,0,0,0,0,0,0,2,0,0,0,0,0,0,0,0,0,0,0,0,0,0,0,0,0,0,0,0,0,0,0,0,0,0,0,0,0,0,0,0,0,0,0,0,0,0,0,0,31,0,0,0,0,0,71,0,6,0,0,0,0,0,4,2,0,0,0,0,0,2,6,0,47,0,0,0,0,0,31,52,26,2,0,31,36,9,2,0,0,0,9,0,0,0,26,0,18,0,0,0,14,0,0,0,12,15,0,0,7,41,0,0,0,0,0,0,0,0,0,0,0,0,0,0,0,0,0,0,0,0,0,0,0,0,10,0,0,0,183,0,0,0,0,0,151,0,42,0,19,0,154,1,134,0,2,0,110,1,158,0,0,0,170,0,9,0,44,0,267,0,0,0,0
0,7,0,5,0,9,0,78,52,73,0,3,0,4,0,0,0,2,0,0,0,4,0,0,0,10,0,3,0,0,0,0,0,0,0,0,0,0,0,0,0,0,0,2,0,0,0,0,0,0,1,12,81,15,43,131,63,101,124,0,0,0,5,13,20,118,157,210,0,1,0,0,0,0,0,0,0,0,0,0,0,0,0,0,0,0,0,0,0,0,0,0,0,0,0,0,0,0,0,0,0,0,0,0,0,0,0,0,0,0,0,0,0,0,0,0,0,0,0,0,0,0,0,0,0,9,0,1,0,0,0,16,0,0,0,0,0,0,6,1,0,0,0,0,0,19,0,0,0,31,0,7,0,0,50,79,11,44,9,29,0,23,0,3,0,0,0,0,0,17,0,18,0,0,0,8,7,5,0,0,2,38,0,0,0,72,0,0,0,0,0,0,0,0,0,0,0,0,0,0,0,0,0,0,0,0,0,0,0,5,0,0,0,0,0,241,0,0,0,8,2,319,0,24,0,28,0,131,4,490,0,12,0,261,1,413,0,8,0,163,0,14,1,44,12,401,0,0,0
168,18,40,4,0,0,138,15,107,15,0,0,1,0,3,0,26,0,4,0,0,0,10,18,47,73,2,0,3,0,0,0,2,0,2,0,28,0,10,9,0,0,0,0,0,0,0,0,0,0,2,0,44,0,11,0,0,0,0,0,0,0,52,15,0,0,0,0,0,0,0,0,0,1,2,0,0,0,0,0,0,0,0,0,0,0,0,0,0,0,0,0,0,0,0,0,0,0,0,0,0,0,0,0,0,0,0,0,0,0,0,0,0,0,0,0,0,0,0,0,0,0,0,0,0,0,0,0,0,0,0,0,0,0,0,0,0,0,71,0,114,0,9,0,132,0,2,0,0,0,0,0,4,0,15,0,39,0,7,0,0,0,3,0,0,0,1,0,2,0,72,0,40,0,4,0,77,4,2,0,0,0,11,0,10,0,0,0,0,0,0,0,0,0,0,0,0,0,0,0,0,0,0,0,0,0,0,0,0,0,5,0,0,0,26,0,0,0,4,0,174,0,19,0,29,0,167,0,96,0,2,0,34,0,7,0,0,0,12,0,1,0,0,0,78,0,0,0,0
14,255,0,19,0,0,16,253,0,162,0,0,0,0,0,0,10,10,0,0,0,0,0,6,74,74,0,0,0,7,0,0,0,8,0,8,0,14,3,12,0,0,0,0,0,0,0,0,0,0,0,5,0,27,0,48,0,3,0,0,0,0,0,48,0,0,0,0,0,0,0,0,0,0,0,0,0,0,0,0,0,0,0,0,0,0,0,0,0,1,0,0,0,0,0,0,0,0,0,0,0,0,0,0,0,0,0,0,0,0,0,0,0,0,0,0,0,0,0,0,0,0,0,0,0,0,0,1,0,0,0,0,0,0,0,0,0,0,1,48,0,39,0,0,0,88,0,0,0,0,0,0,0,0,0,34,0,84,0,30,0,0,0,0,0,0,0,1,0,2,0,24,0,42,0,0,0,49,0,0,0,0,0,19,0,0,0,0,0,0,0,0,0,0,0,0,0,0,0,0,0,0,0,0,0,0,0,0,0,2,0,2,0,2,0,48,0,0,0,0,0,132,0,7,0,7,1,340,0,114,0,8,0,111,1,13,0,0,0,13,0,0,1,4,6,53,0,0,0
87,25,52,4,6,0,372,56,176,177,1,0,1,0,18,0,513,33,0,0,114,0,25,0,220,165,39,0,165,0,45,0,25,0,0,0,38,0,92,0,0,0,0,0,0,0,0,0,0,0,0,0,40,23,17,109,10,1,4,5,52,0,0,120,1,0,1,0,0,0,0,0,0,0,0,0,0,0,0,0,0,0,0,0,11,0,0,0,0,0,2,3,0,0,0,0,0,0,0,0,0,0,0,0,0,0,0,0,0,0,0,0,0,0,0,0,0,0,0,0,0,0,0,0,0,0,3,0,24,0,0,0,0,0,11,7,82,0,129,0,75,0,103,0,19,0,0,0,6,0,0,0,0,0,77,0,15,1,64,0,6,0,0,0,0,0,0,0,0,0,3,0,10,0,3,0,39,9,0,0,0,0,9,0,7,0,0,0,0,0,0,0,0,0,0,0,0,0,0,0,20,0,0,0,0,0,0,0,0,0,1,0,0,0,9,0,0,0,0,0,33,2,0,0,2,0,581,0,15,0,0,0,15,0,0,0,0,0,7,0,0,1,0,0,23,0,0,0,0
19,235,0,25,0,5,140,503,153,222,0,0,0,0,0,10,0,429,0,0,0,141,6,70,263,225,0,0,0,204,0,61,0,39,0,15,0,22,0,82,0,0,0,0,0,0,0,0,0,0,0,5,33,64,94,200,0,29,6,13,15,48,120,0,0,0,0,6,0,0,0,0,0,0,0,0,0,0,0,0,0,0,0,0,0,3,0,0,0,0,0,2,0,0,0,0,0,1,0,0,0,0,0,0,0,0,0,0,0,0,0,0,0,0,0,0,0,0,0,0,0,0,0,1,0,0,0,0,0,26,0,2,0,16,0,45,0,63,0,115,1,35,0,24,2,34,0,0,0,0,0,0,0,0,0,125,0,72,2,48,0,24,0,0,0,1,0,0,0,0,0,8,0,1,0,0,5,81,0,0,0,0,0,25,0,0,0,0,0,0,0,0,0,1,0,0,0,0,0,8,0,4,0,0,0,0,0,0,0,12,0,0,0,0,0,19,0,0,0,1,2,0,0,0,0,0,2,538,0,33,0,5,0,49,0,0,0,0,0,17,2,2,2,4,8,41,0,0,0
13,0,17,0,9,0,46,0,118,0,6,0,7,0,31,0,0,0,0,0,0,0,9,3,0,1,5,0,0,0,0,0,0,0,0,0,0,0,0,0,4,0,0,0,1,0,5,0,0,0,0,0,0,10,3,0,87,0,129,20,0,0,1,0,0,95,195,25,0,0,0,0,0,0,0,0,0,0,0,0,0,3,0,0,0,0,0,0,0,0,0,0,0,0,0,0,0,0,0,0,0,0,0,3,0,0,0,0,0,0,0,0,0,0,0,0,0,0,0,0,0,5,0,0,14,0,2,0,0,0,17,21,0,0,0,0,0,0,16,36,0,3,0,0,12,54,19,0,75,39,0,0,8,0,14,104,4,0,6,141,45,98,8,0,0,0,0,0,0,0,10,0,2,0,73,85,2,1,0,0,80,39,0,0,58,9,0,0,0,0,0,0,0,0,0,0,0,0,0,0,0,0,0,0,0,0,0,0,1,0,0,0,0,0,14,0,0,0,0,0,9,0,0,0,0,0,10,2,17,5,0,0,0,0,102,4,0,0,65,3,0,0,4,1,13,0,0,0,0
0,55,0,6,0,0,0,13,0,95,0,11,0,0,0,12,0,0,0,16,0,0,0,0,0,0,0,0,0,0,0,1,0,0,0,0,0,0,0,0,0,0,0,1,0,0,0,0,0,0,0,0,4,0,0,4,10,9,0,118,0,0,0,0,95,0,11,175,0,0,7,19,0,2,0,9,0,0,0,5,0,6,0,0,0,0,0,7,0,0,0,2,0,0,0,2,0,0,0,1,0,0,0,1,0,0,0,0,0,0,0,0,0,0,0,0,0,0,0,0,0,0,0,4,36,204,0,3,0,0,92,111,0,1,0,0,0,0,41,14,0,2,0,0,41,103,0,18,34,199,0,4,0,0,34,12,0,0,32,22,72,61,0,8,0,0,0,0,0,0,0,0,0,0,41,171,0,2,0,0,16,145,0,1,0,107,0,0,0,0,0,0,0,0,0,0,0,0,0,0,0,0,0,0,0,0,0,0,0,0,0,0,0,0,0,29,0,0,0,0,0,63,0,0,0,4,0,78,0,84,0,4,0,0,0,107,0,0,0,58,0,12,0,22,0,76,0,0,0
9,1,2,0,2,0,60,0,74,29,0,0,3,0,0,0,0,0,0,0,0,0,0,0,0,0,0,0,0,0,0,0,0,0,0,0,0,0,0,0,0,0,0,0,0,0,0,0,0,0,0,0,0,26,4,114,39,168,147,157,0,0,1,0,195,11,0,202,0,0,0,0,0,0,0,0,0,0,0,0,0,0,0,0,0,0,0,0,0,0,0,0,0,0,0,0,0,0,0,0,0,0,0,0,0,0,0,0,0,0,0,0,0,0,0,0,0,0,0,0,0,1,0,0,8,0,0,0,0,0,32,0,0,0,0,0,0,0,0,0,0,0,0,0,0,5,2,0,46,0,0,0,0,0,8,51,10,0,0,23,12,15,0,0,0,0,4,0,0,0,5,0,5,0,9,8,82,0,0,0,48,18,0,0,45,74,0,0,0,0,0,0,0,0,0,0,0,0,0,0,0,0,0,0,0,0,0,0,0,0,0,0,0,0,47,0,0,0,0,0,0,0,7,0,0,0,68,0,17,0,0,0,27,0,62,0,0,0,65,0,2,0,19,0,67,2,0,0,0
0,14,0,0,0,0,0,19,104,101,0,14,0,0,0,0,0,4,0,4,0,0,0,0,0,0,1,6,0,0,0,0,0,0,0,0,1,0,0,1,0,0,0,1,0,0,0,0,0,0,0,0,102,15,166,21,144,33,165,210,0,0,0,6,25,175,202,0,0,0,0,0,0,0,0,0,0,0,0,0,0,0,0,0,0,0,0,0,0,0,0,0,0,0,0,0,0,0,0,0,0,0,0,0,0,0,0,0,0,0,0,0,0,0,0,0,0,0,0,0,0,0,0,0,0,87,0,6,0,0,0,65,2,0,0,3,0,0,6,2,0,0,0,0,2,36,0,18,0,135,0,6,0,0,60,75,0,23,0,29,14,42,0,2,0,0,0,0,0,0,0,0,0,0,0,39,33,113,0,0,4,151,0,0,18,438,0,0,0,0,0,0,0,0,0,0,0,0,0,0,0,1,0,0,0,0,0,2,0,6,0,0,0,0,0,100,0,0,0,4,0,111,0,11,0,7,3,92,0,167,0,6,0,115,2,128,0,3,3,78,0,5,0,17,4,142,0,0,0
0,0,0,0,0,0,0,0,0,0,0,0,0,0,0,0,0,0,0,0,0,0,0,0,0,0,0,0,0,0,0,0,0,0,0,0,0,0,0,0,0,0,0,0,0,0,0,0,0,0,0,0,0,0,0,0,0,0,0,0,0,0,0,0,0,0,0,0,0,0,0,0,0,0,0,0,31,0,0,0,0,0,3,0,0,0,1,0,7,0,0,0,4,0,6,0,0,0,0,0,0,0,47,0,7,0,5,0,4,0,0,0,5,0,0,0,0,0,0,0,0,0,0,0,0,0,0,0,0,0,0,0,0,0,0,0,0,0,0,0,0,0,0,0,0,0,0,0,0,0,0,0,0,0,0,0,0,0,0,0,0,0,0,0,0,0,0,0,8,0,0,0,0,0,0,0,0,0,0,0,0,0,0,0,0,0,0,0,0,0,0,0,0,0,0,0,0,0,0,0,0,0,0,0,0,0,0,0,0,0,0,0,99,0,87,0,72,0,0,0,0,0,13,0,6,0,0,0,2,0,0,0,0,0,0,0,0,0,0,0,0,0,0,0,0,0,0,0,0
0,0,0,0,0,0,0,0,0,0,0,0,0,0,0,0,0,0,0,0,0,0,0,0,0,0,0,0,0,0,0,0,0,0,0,0,0,0,0,0,0,0,0,0,0,0,0,1,0,0,0,0,0,0,0,0,0,0,0,1,0,0,0,0,0,0,0,0,0,0,0,0,0,0,0,0,0,45,0,6,0,8,0,71,0,0,0,26,0,44,0,0,0,5,0,73,0,0,0,0,0,8,0,160,0,33,0,28,0,15,0,8,0,6,0,1,0,9,0,0,0,0,0,0,0,0,0,0,0,0,0,0,0,0,0,0,0,0,0,0,0,0,0,0,0,0,0,0,0,0,0,0,0,0,0,0,0,0,0,0,0,0,0,0,0,6,0,0,0,15,0,0,0,0,0,0,0,0,0,0,0,0,0,0,0,3,1,0,0,0,0,0,0,0,0,0,0,4,0,0,0,0,0,0,0,0,0,0,0,0,0,3,0,191,0,89,0,53,0,4,0,2,0,70,0,13,0,0,0,36,0,0,0,0,0,1,0,0,0,0,0,0,0,0,0,0,0,0,0
0,0,0,0,12,0,0,0,0,0,0,0,0,0,0,0,0,0,0,0,28,0,0,0,0,0,24,0,0,1,12,0,0,0,13,0,66,0,0,0,0,0,23,0,15,0,2,0,0,0,46,0,0,0,0,0,0,0,0,0,0,0,0,0,0,7,0,0,0,0,0,0,319,0,178,0,16,0,97,0,14,0,0,0,4,0,38,0,0,0,0,0,0,0,0,0,2,0,11,0,1,0,0,0,0,0,0,2,0,0,0,0,0,0,0,0,0,0,0,0,98,0,17,0,0,39,9,0,27,23,15,14,11,12,48,0,31,5,14,9,104,11,49,0,145,6,6,0,17,21,43,0,55,0,0,1,13,0,2,0,1,8,113,0,0,0,40,0,24,0,45,0,84,0,71,22,0,0,0,0,34,14,0,0,58,0,0,0,0,0,0,0,0,0,0,0,0,0,35,0,0,0,0,0,0,0,30,0,55,0,0,0,0,0,0,0,0,0,0,0,0,0,0,3,1,0,6,0,36,0,0,0,0,0,5,0,0,0,33,0,35,0,26,0,0,0,0,0,0
