0,440,42,175,17,18,34,15,13,3,40,39,65,0,7,171,47,54,2,0,0,0,29,124,3,87,22,0,58,20,14,0,135,23,2,0,91,31,597,62,10,0,0,0,1,2,2,0,3,0,0,0,0,0,2,1,3,0,0,0,44,6,8,9,7,0,1,0,0,0,0,0,0,0,0,0,0,0,0,0,0,0,0,0,1,0,1,0,0,0,0,0,0,0,0,0,0,0,4,0,0,0,0,0,0,0,0,0,0,0,0,0,0,0,0,0,0,0,0,0,0,0,1,0,14,0,15,0,0,0,8,0,6,0,2,0,2,0,2,0,0,0,2,0,0,0,18,0,32,1,38,0,28,0,0,0,0,0,0,0,8,0,0,0,0,0,34,0,15,0,5,0,244,14,6,0,72,117,3,17,15,0,4,0,45,0,0,0,0,0,0,0,0,0,0,0,0,0,0,0,0,0,0,0,1,0,1,0,3,0,2,0,0,0,24,3,0,0,0,0,191,11,13,0,4,0,275,27,213,17,144,0,168,13,15,2,32,0,76,1,48,0,113,3,228,6,0,0,0
440,0,125,24,0,49,209,33,183,28,0,136,0,93,0,30,242,30,0,62,5,13,175,58,235,115,0,110,25,178,0,0,13,155,0,0,13,155,105,682,0,32,0,0,0,0,0,21,0,0,0,3,0,4,37,9,1,0,0,6,24,189,50,96,0,107,0,21,0,0,0,0,0,15,1,0,0,0,0,0,0,0,0,0,0,0,0,0,0,0,0,0,0,0,0,0,0,0,0,0,0,0,0,0,0,0,0,0,0,0,0,0,0,0,0,0,0,0,0,2,0,0,0,0,0,25,1,5,0,0,0,9,0,0,0,19,0,8,0,0,0,0,0,7,0,2,0,31,0,76,0,53,0,51,0,2,0,5,0,0,0,6,0,0,0,0,0,10,0,14,2,6,46,123,0,23,28,219,0,1,0,48,12,19,0,145,0,0,0,0,0,0,0,0,0,0,0,0,0,5,0,0,0,0,0,0,0,6,0,12,0,9,0,0,1,62,0,3,0,0,12,339,0,15,0,27,10,244,41,225,0,159,5,653,0,66,0,52,3,98,0,22,0,72,11,265,0,0,0
42,125,0,37,175,49,36,0,0,0,34,68,124,0,147,99,123,10,48,0,20,9,606,28,270,0,65,0,144,9,153,0,310,0,6,0,86,26,429,20,29,0,0,1,9,0,7,0,5,0,0,0,1,0,107,0,0,0,43,0,21,0,25,0,1,0,0,0,0,0,0,0,0,0,0,0,0,0,0,0,0,0,0,0,0,0,0,0,0,0,0,0,0,0,0,0,0,0,0,0,0,0,0,0,0,0,0,0,0,0,0,0,0,0,0,0,0,0,0,0,0,0,0,0,34,1,42,0,0,0,8,0,0,0,61,0,28,0,0,0,0,0,34,0,0,0,22,0,21,0,42,0,0,0,0,0,0,0,0,0,0,0,0,0,0,0,54,0,11,0,3,1,133,0,0,0,2,32,1,9,2,0,0,0,6,0,1,0,0,0,0,0,0,0,0,0,0,0,4,0,0,0,0,0,0,0,7,0,26,0,0,0,3,0,36,1,0,0,3,0,221,5,6,0,14,0,84,17,137,5,139,0,227,0,9,0,19,0,52,0,24,0,42,0,146,0,0,0,0
175,24,37,0,32,109,0,22,17,0,34,13,0,31,5,280,111,20,0,221,10,40,119,327,34,312,0,84,0,241,13,43,20,153,0,0,41,66,47,236,0,12,0,0,0,0,0,17,0,0,0,0,0,0,0,18,0,0,0,0,0,7,10,0,0,2,0,0,0,0,0,1,0,0,0,0,0,0,0,0,0,0,0,0,0,0,0,0,0,0,0,2,0,0,0,0,0,0,0,0,0,0,0,0,0,0,0,4,0,0,0,0,0,0,0,0,0,0,0,0,0,0,0,0,0,5,0,0,0,0,0,6,0,3,0,35,0,19,0,4,0,0,0,7,0,0,0,0,0,0,0,0,0,0,0,0,0,0,0,0,0,1,0,0,0,0,3,19,0,0,0,2,12,39,0,0,8,19,0,1,0,0,3,0,0,0,0,0,0,0,0,0,0,0,0,0,0,0,0,3,0,0,0,0,0,0,0,0,0,9,0,0,0,0,0,9,0,0,0,0,5,208,0,2,0,4,4,127,16,67,1,50,0,212,0,9,0,22,1,24,1,5,0,29,0,62,0,0,0
17,0,175,32,0,159,18,0,5,0,36,121,108,123,114,117,15,0,56,122,50,45,105,0,15,0,116,44,0,0,203,17,157,23,61,30,184,40,39,0,51,0,10,2,14,0,3,0,2,0,46,11,0,0,13,0,0,0,0,0,0,0,0,0,15,0,3,1,0,0,0,0,0,0,0,0,0,0,0,0,0,0,0,0,9,0,0,0,0,0,0,0,0,0,0,0,0,0,0,0,0,0,0,0,9,0,22,0,0,0,0,0,0,0,0,0,0,0,1,0,0,0,0,0,12,0,28,0,3,0,13,0,6,0,37,0,0,0,0,0,0,0,21,0,0,0,45,0,116,0,78,0,66,1,0,0,0,0,0,0,2,0,0,0,28,0,147,0,0,2,3,0,66,0,11,0,40,62,2,20,43,0,17,0,37,0,0,2,0,0,0,0,0,0,0,0,10,0,0,0,0,0,0,0,0,0,7,0,25,0,1,0,0,0,12,0,0,0,11,0,155,12,10,0,83,16,193,15,162,0,98,0,0,0,5,0,48,4,26,0,22,0,54,0,151,0,0,0,0
18,49,49,109,159,0,0,4,0,0,139,58,100,157,166,125,15,0,41,233,154,190,79,92,0,22,5,191,0,27,96,131,33,131,44,30,53,90,9,16,0,25,0,19,0,2,0,28,0,0,0,28,0,0,0,0,0,0,0,0,0,1,0,0,0,4,0,3,0,0,0,0,0,0,0,0,0,0,0,0,0,0,0,0,0,0,0,0,0,0,0,0,0,0,0,0,0,0,0,0,0,2,0,0,0,0,0,0,0,0,0,0,0,0,0,0,0,0,0,0,0,1,0,1,0,3,0,0,0,0,0,0,0,0,0,16,0,11,0,0,0,0,0,0,0,2,0,19,0,22,0,34,0,52,0,0,0,0,0,0,0,2,0,0,0,0,8,143,6,23,0,7,0,58,0,28,20,138,1,1,0,35,0,0,0,20,0,0,0,0,0,0,0,0,0,0,0,0,0,0,0,0,0,0,0,0,0,0,0,13,0,1,0,0,3,7,0,0,0,37,0,183,0,8,0,185,20,180,0,210,0,81,0,175,1,17,4,36,1,23,0,5,6,28,0,60,0,0,0
34,209,36,0,18,0,0,36,42,189,15,0,32,0,22,0,18,78,0,0,4,1,9,0,171,142,11,0,70,0,0,0,0,0,0,0,3,8,133,29,4,0,0,0,0,0,3,0,4,0,0,0,72,39,155,71,10,2,13,0,303,36,291,96,7,0,0,0,0,0,0,0,0,0,0,0,0,0,0,0,0,0,0,0,0,0,0,0,0,0,0,0,0,0,0,0,0,0,0,0,0,0,0,0,0,0,0,0,0,0,0,0,0,0,0,0,0,0,0,0,0,0,0,0,12,0,4,0,0,0,8,0,7,0,10,0,6,0,0,0,1,0,4,0,1,0,5,0,3,0,0,0,0,0,1,3,0,0,0,0,5,0,0,0,0,0,0,0,36,0,91,2,186,0,0,0,0,22,0,0,0,0,0,36,0,21,2,0,0,0,0,0,0,0,0,0,0,0,0,0,0,0,0,0,0,0,3,0,7,0,18,0,0,0,286,0,2,0,34,2,265,12,86,0,102,2,131,10,347,21,153,0,295,16,36,0,22,0,168,0,96,0,177,0,438,0,0,0,0
15,33,0,22,0,4,36,0,129,35,0,0,0,5,0,34,6,32,0,25,0,0,0,4,22,72,0,10,0,31,0,0,1,0,0,0,0,4,0,131,0,3,0,0,0,0,0,0,0,1,0,0,6,37,53,317,0,26,6,25,3,220,7,233,0,105,9,34,0,0,0,0,0,12,0,0,0,0,0,0,0,0,0,0,0,0,0,0,0,0,0,0,0,0,0,0,0,0,0,0,0,0,0,0,0,0,0,0,0,0,0,0,0,0,0,0,0,0,0,0,0,0,0,0,0,92,0,0,0,0,0,39,0,8,0,11,0,21,0,3,0,0,0,6,0,0,0,2,0,36,0,2,0,0,0,9,0,33,0,0,0,31,0,0,0,0,0,0,1,15,0,12,0,34,0,0,0,6,0,0,0,0,0,5,2,0,0,0,0,0,0,0,0,0,0,0,0,0,0,0,0,0,0,0,0,0,0,0,0,9,0,0,0,0,0,169,0,1,0,9,0,286,0,43,0,38,3,52,11,303,0,33,0,455,0,38,0,9,0,44,0,8,1,10,3,145,0,0,0
13,183,0,17,5,0,42,129,0,500,20,0,23,0,0,2,28,119,0,0,0,0,0,32,0,224,7,0,29,0,0,0,0,0,0,0,1,0,70,13,3,0,0,0,0,0,0,0,4,0,0,0,57,133,83,293,21,8,49,0,261,36,115,133,197,0,143,24,0,0,0,0,0,2,0,0,0,0,0,0,0,0,0,0,0,0,0,0,0,0,0,0,0,0,0,0,0,0,0,0,0,0,0,0,0,0,0,0,0,0,0,0,0,0,0,0,0,0,0,0,0,0,0,0,64,0,27,0,0,0,107,1,12,0,6,0,2,0,0,0,0,0,9,0,0,0,71,0,127,0,49,0,16,0,3,0,16,0,0,0,91,0,2,0,1,0,0,0,11,0,51,0,85,8,28,0,179,79,0,0,3,0,0,33,64,59,0,0,0,0,0,0,0,0,0,0,1,0,0,0,3,0,0,0,0,0,0,0,11,0,1,1,4,0,101,0,0,0,7,0,109,15,41,2,50,1,101,12,276,22,57,0,98,12,15,0,4,0,87,0,48,0,97,1,202,0,0,0,0
3,28,0,0,0,0,189,35,500,0,0,7,0,0,0,0,3,2,0,0,0,0,0,0,41,0,0,0,3,0,0,0,0,0,0,0,0,0,0,13,1,0,0,0,0,0,0,0,0,1,0,0,73,96,291,106,0,25,86,71,18,197,25,131,0,224,46,166,0,0,0,0,0,0,0,0,0,0,0,0,0,0,0,0,0,0,0,0,0,0,0,0,0,0,0,0,0,0,0,0,0,0,0,0,0,0,0,5,0,0,0,0,0,0,0,0,0,0,0,0,0,0,0,0,0,41,0,3,0,0,0,19,0,0,0,11,0,6,0,0,0,0,0,0,0,0,0,0,0,50,0,11,0,0,0,23,1,63,0,0,0,12,0,0,0,0,0,0,0,8,0,6,0,4,8,0,50,181,0,0,0,0,0,20,14,101,0,0,0,0,0,0,0,0,0,0,0,2,0,1,0,0,0,0,0,0,0,0,0,9,0,0,0,2,1,135,0,0,0,0,2,174,0,17,1,18,10,55,17,228,0,16,0,279,0,21,0,5,0,19,0,3,0,0,3,119,0,0,0
40,0,34,34,36,139,15,0,20,0,0,101,171,0,16,187,5,2,9,36,9,15,13,15,2,0,33,2,2,0,97,9,109,22,6,0,127,13,7,0,37,2,0,0,4,0,5,0,3,0,5,0,0,0,0,0,3,0,0,0,0,0,0,0,10,0,0,0,0,0,2,0,0,0,0,0,0,0,0,0,0,0,0,0,0,0,0,0,0,0,0,0,0,0,3,0,2,0,0,0,0,0,0,0,0,0,0,0,0,0,0,0,0,0,0,0,0,0,2,0,0,0,0,0,14,0,17,0,0,0,9,0,1,0,5,0,0,1,0,0,0,0,0,0,0,0,29,0,53,0,66,0,61,0,0,0,0,0,0,0,0,0,0,0,7,0,71,1,13,0,0,0,40,0,6,0,56,34,6,12,36,0,39,0,46,0,5,0,0,0,3,0,0,0,0,0,5,0,3,0,0,0,0,0,0,0,4,0,3,0,1,0,0,0,5,0,0,0,0,0,130,0,5,0,15,2,180,12,152,11,87,0,49,14,2,0,39,0,15,0,6,0,22,0,100,0,0,0,0
39,136,68,13,121,58,0,0,0,7,101,0,45,274,123,15,26,7,11,22,109,25,142,69,0,0,9,124,0,57,75,57,43,178,12,10,41,116,11,48,2,143,0,3,0,8,1,57,0,3,5,4,0,0,0,0,0,0,0,4,0,1,0,0,0,9,0,0,0,0,0,0,0,0,0,0,0,0,0,0,0,0,0,0,0,0,0,0,0,0,0,0,0,0,0,0,0,0,0,0,0,0,0,0,0,0,0,0,0,0,0,0,0,0,0,0,0,0,0,0,0,0,0,0,0,3,0,0,0,0,0,2,0,0,0,0,0,1,0,0,0,0,0,0,0,0,0,0,0,0,0,51,0,122,0,0,0,0,0,0,0,0,0,0,0,5,9,38,0,21,0,1,3,61,0,72,27,145,0,7,1,69,0,24,0,111,0,4,0,0,0,0,0,0,0,0,0,0,0,0,0,0,0,0,0,0,0,0,0,7,0,0,0,0,1,7,0,0,0,44,8,157,0,0,0,65,9,241,19,132,15,74,0,203,2,20,5,41,2,29,0,10,0,22,12,64,0,0,0
65,0,124,0,108,100,32,0,23,0,171,45,0,434,54,16,0,0,35,176,13,34,6,0,0,0,70,509,0,0,15,0,0,0,77,14,31,28,0,0,210,100,89,28,39,17,10,137,17,0,108,40,0,0,0,0,0,0,0,0,0,0,0,0,20,0,3,0,0,0,0,0,0,0,0,0,2,0,0,0,5,0,0,0,0,0,0,0,0,0,0,0,0,0,0,0,0,0,0,0,0,0,0,0,8,0,0,0,0,0,0,0,0,0,0,0,0,0,1,0,0,0,0,0,30,0,15,0,0,0,9,0,0,0,22,0,13,0,1,0,3,0,17,0,2,0,34,0,65,0,94,0,86,0,0,0,0,0,0,0,0,0,0,0,94,0,10,1,26,0,0,0,13,0,27,0,142,118,28,0,51,0,54,0,52,0,19,17,0,0,0,0,0,0,0,0,8,0,0,0,0,0,0,0,0,0,4,0,14,0,0,0,0,0,0,0,0,1,100,60,14,7,0,4,291,35,83,13,74,0,20,0,0,5,0,0,9,0,4,0,4,0,15,0,33,0,0,0,0
0,93,0,31,123,157,0,5,0,0,0,274,434,0,81,1,0,0,248,33,105,40,0,0,0,2,86,107,0,0,30,2,0,0,84,33,33,40,0,0,17,287,22,95,0,11,4,75,0,13,36,83,0,0,0,0,0,0,1,0,0,0,0,0,0,5,0,0,0,0,0,0,0,0,0,0,0,0,0,0,0,0,0,0,0,0,0,0,0,3,0,0,0,0,0,0,0,0,0,0,0,0,0,0,0,0,0,0,0,0,0,0,0,0,0,0,0,0,0,2,0,0,0,0,0,5,0,0,0,0,0,2,0,0,0,0,0,2,0,0,0,0,0,1,0,0,0,0,0,0,0,15,0,34,0,0,0,0,0,0,0,0,0,0,7,0,0,9,0,13,0,0,0,0,0,24,16,196,0,32,0,32,0,18,0,26,1,3,0,0,0,0,0,0,0,0,0,0,0,4,0,0,0,0,0,0,0,0,0,0,0,0,0,0,0,0,0,0,0,251,0,17,0,30,61,226,15,119,0,50,5,11,0,39,0,7,0,0,1,11,0,0,0,0,0,17,0,0,0
7,0,147,5,114,166,22,0,0,0,16,123,54,81,0,157,25,0,99,125,92,42,149,14,98,0,79,14,0,0,247,25,76,31,30,24,82,40,0,0,5,0,4,0,6,1,5,0,0,0,6,0,0,0,29,0,9,0,17,0,0,1,0,0,2,0,0,0,0,0,0,0,0,0,2,0,0,0,0,0,0,0,0,0,30,0,0,0,0,0,6,0,0,0,0,0,21,0,7,0,0,0,2,0,8,0,30,0,0,0,0,0,0,0,0,0,0,0,0,0,0,0,0,0,3,0,0,0,12,0,0,0,0,0,26,0,28,0,0,0,10,0,76,0,2,0,0,0,26,0,19,0,22,0,3,0,0,0,0,0,0,0,1,0,8,0,69,0,0,0,0,0,23,0,0,0,5,23,1,15,0,0,6,0,6,0,0,5,0,0,0,0,0,0,0,0,0,0,0,0,13,0,0,0,0,0,0,0,7,0,0,0,0,0,0,0,0,0,0,0,34,13,0,0,0,9,100,16,76,10,28,4,15,0,0,0,8,5,11,0,7,0,25,2,39,8,0,0,0
171,30,99,280,117,125,0,34,2,0,187,15,16,1,157,0,74,58,0,299,133,248,332,294,0,72,3,27,1,85,104,38,63,72,0,4,70,77,32,17,0,0,0,0,1,1,0,0,0,0,0,0,0,2,0,56,0,14,0,0,0,0,0,5,0,4,0,0,0,0,0,0,0,0,1,0,0,0,0,0,0,23,0,0,0,129,0,0,0,22,0,15,0,0,0,6,0,76,0,38,0,43,0,0,0,9,0,55,0,0,0,0,0,0,0,0,0,0,0,0,0,0,0,0,0,6,0,0,0,4,0,6,0,10,0,210,0,95,0,40,0,13,0,223,0,0,0,8,0,19,0,13,0,16,0,20,0,0,0,6,0,9,0,0,0,1,0,13,0,0,0,2,13,22,0,0,7,14,0,7,0,17,2,0,0,0,0,0,0,0,0,0,0,0,0,2,0,0,0,0,2,5,0,0,0,0,0,9,0,20,0,0,0,0,2,11,0,0,0,2,0,45,0,0,3,12,19,656,16,49,0,15,0,56,0,4,6,8,0,8,1,3,0,6,18,20,0,0,0
47,242,123,111,15,15,18,6,28,3,5,26,0,0,25,74,0,35,68,0,158,0,80,90,78,76,92,0,402,7,186,0,153,30,5,0,31,42,104,57,0,0,5,0,18,0,0,0,0,0,2,0,185,0,51,0,18,0,0,1,0,11,110,11,0,0,0,0,0,0,0,0,0,0,5,0,0,0,0,0,65,0,0,0,245,0,40,0,26,0,65,0,0,0,0,0,148,0,86,0,16,0,0,0,13,0,161,0,0,0,0,0,0,0,0,0,0,0,0,0,21,0,117,0,1,0,0,0,208,0,0,0,26,0,15,0,326,0,100,0,221,0,322,0,0,0,0,0,0,1,0,0,0,0,102,0,0,0,25,0,4,0,1,0,0,1,0,0,0,0,0,0,16,22,0,0,7,9,0,0,0,0,12,2,0,0,0,0,0,0,0,0,0,0,0,0,0,0,0,0,25,0,0,0,0,0,0,0,6,0,0,0,0,0,0,3,0,0,1,0,19,0,1,0,0,1,321,9,28,15,2,4,10,13,2,0,0,0,0,0,0,0,0,0,0,0,0,0,0
54,30,10,20,0,0,78,32,119,2,2,7,0,0,0,58,35,0,0,0,0,124,0,75,69,145,0,0,0,477,0,0,0,20,0,3,0,7,16,156,0,0,0,5,0,0,0,0,0,0,0,3,5,23,21,39,0,28,0,0,12,6,28,66,1,0,0,0,0,0,0,0,0,0,0,0,0,0,0,0,1,12,0,0,0,121,0,0,0,13,0,7,0,0,0,3,0,46,0,26,0,18,0,0,0,1,0,12,0,0,0,0,0,0,0,0,0,0,0,0,0,13,0,0,0,23,0,0,0,39,0,21,0,71,0,59,0,63,0,123,0,54,0,409,0,0,0,0,0,0,0,0,0,0,0,94,0,0,0,45,0,21,0,0,1,0,0,0,0,1,0,0,3,4,0,0,2,6,0,3,0,0,1,23,0,0,0,0,0,0,0,0,0,0,0,0,0,0,0,0,0,0,0,0,0,0,0,0,0,0,0,0,0,0,0,5,0,0,0,0,3,5,0,0,0,0,0,227,4,12,0,2,0,10,0,0,0,0,0,0,0,0,2,0,4,7,0,0,0
2,0,48,0,56,41,0,0,0,0,9,11,35,248,99,0,68,0,0,116,144,27,99,0,38,0,83,163,36,0,33,0,0,0,169,0,30,35,0,0,0,20,27,30,19,0,2,25,0,0,135,23,0,0,32,0,7,0,0,0,0,0,4,0,4,0,0,0,2,0,10,0,0,0,4,0,0,0,0,0,24,0,6,0,62,0,18,0,8,0,0,0,0,0,0,0,55,0,39,0,0,0,6,0,0,0,79,0,0,0,0,0,0,0,0,0,0,0,0,0,12,0,22,0,0,0,7,0,11,0,4,0,0,0,12,0,0,0,7,0,16,0,74,0,0,0,17,0,31,0,25,0,0,0,6,0,0,0,0,0,0,0,0,0,51,0,12,0,26,0,0,0,0,0,0,0,0,20,0,0,0,0,0,0,8,0,1,10,0,0,0,0,0,0,0,0,0,0,0,0,12,0,0,0,0,0,0,0,0,0,0,0,0,0,0,0,1,0,10,19,0,0,1,0,122,16,98,12,25,0,19,0,0,3,2,0,0,0,5,0,0,0,20,0,38,0,0,0,0
0,62,0,221,122,233,0,25,0,0,36,22,176,33,125,299,0,0,116,0,128,195,0,33,0,67,13,184,0,0,55,63,6,2,63,37,29,45,0,0,7,2,0,78,0,5,0,8,0,1,13,76,0,7,0,27,0,0,0,0,0,0,0,13,0,30,0,0,0,0,0,0,0,0,0,0,0,2,0,0,0,32,0,5,0,103,0,0,0,29,0,20,0,0,0,11,0,70,1,37,0,35,0,0,0,0,0,58,0,0,0,0,0,0,0,0,0,0,0,0,0,9,0,0,0,0,0,0,0,0,0,12,0,0,0,212,0,82,0,0,0,22,0,143,0,3,0,37,0,59,0,74,0,86,0,6,0,10,0,0,0,0,0,0,0,5,0,49,8,19,0,0,0,11,0,38,5,13,2,0,0,57,0,9,0,34,0,2,0,0,0,0,0,0,0,0,0,0,0,0,0,10,0,0,0,0,0,0,0,71,0,0,0,0,0,0,0,0,2,31,0,47,0,12,25,119,15,187,14,66,0,34,0,81,0,32,0,13,0,18,0,11,0,12,4,49,0,0,0
0,5,20,10,50,154,4,0,0,0,9,109,13,105,92,133,158,0,144,128,0,46,79,6,27,0,63,38,56,0,157,25,30,21,19,12,10,42,2,0,0,3,8,0,3,0,0,2,0,0,8,13,9,0,6,0,2,0,0,0,0,0,6,0,0,0,0,0,0,0,13,0,0,0,3,0,0,0,0,0,33,0,0,0,104,0,14,0,20,0,29,0,0,0,0,0,71,0,44,0,0,0,6,0,9,0,98,0,0,0,0,0,0,0,0,0,0,0,0,0,19,0,43,0,0,0,0,0,37,0,0,0,2,0,3,0,71,0,12,0,55,0,103,0,0,0,0,0,0,0,0,0,0,0,19,0,0,0,4,0,0,0,0,0,5,0,7,0,0,0,0,0,0,0,0,0,3,9,14,23,2,0,1,0,0,0,0,4,0,0,0,0,0,0,0,0,0,0,0,0,14,0,0,0,0,0,0,0,3,0,0,0,0,0,0,0,0,0,8,5,18,0,2,0,29,6,107,13,22,6,17,0,7,0,3,2,6,0,2,2,6,0,18,4,18,0,0,0,0
0,13,9,40,45,190,1,0,0,0,15,25,34,40,42,248,0,124,27,195,46,0,0,143,0,0,0,29,0,60,22,20,6,35,20,6,9,3,0,0,0,0,1,15,0,11,0,3,0,0,1,23,0,26,0,14,0,0,0,0,0,0,0,151,0,0,0,0,0,0,0,0,0,0,0,0,0,0,0,0,0,66,0,10,0,220,0,26,0,34,0,0,0,0,0,23,0,30,0,47,0,58,0,0,0,0,0,18,0,0,0,0,0,0,0,0,0,0,0,0,0,53,0,40,0,0,0,0,0,36,0,0,0,36,0,47,0,72,0,191,0,170,0,631,0,18,0,0,0,4,0,0,0,0,0,4,0,0,0,10,0,2,0,1,0,11,0,35,0,7,0,0,0,10,0,0,3,6,0,5,0,0,0,0,0,0,0,6,0,0,0,0,0,0,0,0,0,0,0,0,0,0,0,0,0,0,0,0,0,0,0,0,0,1,0,6,0,0,0,9,0,16,0,0,9,77,0,215,9,40,0,18,2,42,0,7,0,13,0,14,0,4,0,6,0,20,0,0,0
29,175,606,119,105,79,9,0,0,0,13,142,6,0,149,332,80,0,99,0,79,0,0,96,82,0,29,0,51,26,197,13,60,76,0,0,22,64,37,33,1,0,2,0,4,0,0,0,0,0,0,0,14,0,85,0,7,0,0,0,0,0,3,0,0,0,0,0,0,0,0,0,0,0,0,0,0,0,0,0,0,0,0,0,25,0,0,0,0,0,0,0,0,0,0,0,15,0,0,0,0,0,0,0,0,0,28,0,0,0,0,0,0,0,0,0,0,0,0,0,0,0,0,0,0,0,0,0,32,0,0,0,8,0,10,0,58,0,5,0,0,0,130,0,0,0,0,0,0,0,0,0,1,0,12,0,0,0,1,0,1,0,0,0,0,0,20,0,2,1,0,0,26,7,0,0,0,44,0,43,0,0,0,0,0,0,0,0,0,0,0,0,0,0,0,0,0,0,0,0,16,0,0,0,0,0,0,0,0,0,0,0,0,0,0,0,0,0,0,0,19,0,3,0,0,0,375,38,47,3,11,0,24,0,1,0,0,4,4,0,3,0,5,0,16,9,0,0,0
124,58,28,327,0,92,0,4,32,0,15,69,0,0,14,294,90,75,0,33,6,143,96,0,34,14,0,4,8,319,0,5,11,25,0,1,10,5,27,22,0,0,0,3,0,1,0,0,0,0,0,0,0,0,3,27,0,0,0,0,0,0,6,14,0,0,0,0,0,0,0,0,0,0,0,0,0,0,0,0,0,6,0,3,0,58,0,0,0,10,1,0,0,0,0,1,0,27,0,7,0,16,0,3,0,3,1,17,0,0,0,0,0,0,0,0,0,0,0,0,0,5,0,3,0,0,0,0,0,0,0,6,0,18,0,75,0,49,0,54,0,12,0,155,0,0,0,0,0,0,0,0,0,0,0,11,0,0,0,0,0,0,0,0,0,0,0,1,0,3,0,0,8,14,0,0,4,10,0,13,0,0,2,0,0,0,0,0,0,0,0,0,0,0,0,0,0,0,0,0,0,3,0,0,0,0,0,0,0,10,0,0,0,0,0,0,0,0,0,0,4,19,0,0,0,1,0,590,10,27,0,0,0,17,0,0,0,2,0,0,0,1,0,3,3,6,0,0,0
3,235,270,34,15,0,171,22,0,41,2,0,0,0,98,0,78,69,38,0,27,0,82,34,0,122,33,0,73,0,7,0,0,0,0,0,0,8,55,29,0,0,0,0,0,0,0,0,0,0,0,0,15,5,361,6,24,0,27,0,32,27,220,46,0,0,0,0,0,0,0,0,0,5,0,0,0,0,0,0,0,0,1,0,4,0,0,0,0,0,0,0,0,0,0,0,2,0,0,0,0,0,1,0,6,0,0,0,0,0,0,0,0,0,0,0,0,0,0,0,0,0,0,0,4,0,3,0,29,0,6,0,10,0,15,0,88,1,0,0,0,0,78,0,0,0,0,0,0,0,0,0,0,0,6,0,0,0,0,0,2,0,0,0,0,1,0,0,0,1,0,0,28,12,0,0,1,9,0,3,0,0,1,6,0,0,0,0,0,0,0,0,0,0,0,0,0,0,0,0,12,0,0,0,0,0,0,0,5,0,3,0,0,0,31,9,0,0,2,0,51,0,11,0,0,2,67,4,49,11,18,0,57,0,0,0,0,0,4,0,5,0,8,0,45,0,0,0,0
87,115,0,312,0,22,142,72,224,0,0,0,0,2,0,72,76,145,0,67,0,0,0,14,122,0,0,10,10,16,0,1,0,7,0,0,0,1,45,47,0,0,0,0,0,0,0,3,0,0,0,0,6,5,48,98,0,18,0,11,17,49,26,139,0,0,0,0,0,0,0,0,0,3,0,0,0,0,0,0,0,0,0,0,0,2,0,0,0,0,0,0,0,0,0,0,0,3,0,0,0,0,0,0,0,0,0,0,0,0,0,0,0,0,0,0,0,0,0,0,0,0,0,0,0,9,0,0,0,0,0,10,0,3,0,81,0,66,0,11,0,7,0,21,0,0,0,0,0,1,0,0,0,0,0,12,0,3,0,4,0,23,0,0,0,2,0,0,0,0,0,0,10,21,0,0,2,5,0,0,0,0,2,12,0,0,0,0,0,0,0,0,0,0,0,0,0,0,0,0,0,3,0,0,0,0,0,0,0,7,0,3,0,0,0,22,0,0,0,0,7,71,2,5,0,6,0,134,26,77,2,9,0,86,0,2,0,0,0,0,0,2,3,1,0,29,0,0,0
22,0,65,0,116,5,11,0,7,0,33,9,70,86,79,3,92,0,83,13,63,0,29,0,33,0,0,229,75,0,77,0,5,0,36,0,42,0,3,0,6,117,104,16,71,35,3,129,0,0,80,22,6,0,11,0,0,0,0,0,0,0,6,0,10,0,1,0,0,0,52,0,4,0,32,0,0,0,11,0,82,0,0,0,98,0,66,0,34,0,34,0,5,0,0,0,71,0,146,0,0,0,0,0,8,0,0,0,0,0,0,0,0,0,0,0,0,0,0,0,0,0,62,0,14,0,0,0,0,0,0,0,0,0,20,0,45,0,31,0,58,0,75,0,50,0,28,0,31,0,44,0,0,0,0,0,0,0,0,0,0,0,0,0,127,0,20,0,0,0,0,0,0,0,6,0,10,19,3,0,13,0,9,0,30,0,2,12,0,0,0,0,0,0,0,0,3,0,0,0,15,0,0,0,0,0,0,0,11,0,0,0,0,0,0,0,0,0,267,51,0,0,11,11,292,0,26,0,25,0,8,0,0,0,0,0,0,0,0,0,0,0,0,0,13,0,0,0,0
0,110,0,84,44,191,0,10,0,0,2,124,509,107,14,27,0,0,163,184,38,29,0,4,0,10,229,0,0,6,7,5,0,8,39,6,14,17,0,0,109,20,50,116,28,66,25,6,0,23,55,85,0,0,0,5,0,0,0,0,0,0,0,16,0,31,0,0,0,0,0,0,0,0,0,0,0,0,0,0,0,11,0,2,0,30,0,0,0,0,0,0,0,0,0,0,0,0,0,7,0,0,0,0,0,0,0,0,0,0,0,0,0,0,0,0,0,0,0,0,0,14,0,0,0,10,0,0,0,0,0,10,0,0,0,28,0,0,0,21,0,21,0,110,0,0,0,0,0,40,0,52,0,66,0,5,0,0,0,0,0,0,0,0,6,13,0,0,0,16,0,0,0,2,0,44,0,37,0,11,0,57,0,21,0,42,1,7,0,0,0,0,0,0,0,0,0,0,0,6,0,0,0,0,0,0,0,0,0,0,0,0,0,0,0,0,0,0,10,492,0,0,0,68,40,126,0,142,5,44,0,6,0,27,0,0,2,0,0,4,0,0,0,5,4,14,0,0,0
58,25,144,0,0,0,70,0,29,3,2,0,0,0,0,1,402,0,36,0,56,0,51,8,73,10,75,0,0,0,38,0,34,0,0,0,41,0,19,4,0,0,36,0,15,0,2,0,0,0,12,0,29,0,10,0,0,0,3,0,1,0,73,0,0,0,0,0,0,0,12,0,0,0,20,0,0,0,0,0,45,0,0,0,26,0,23,0,0,0,8,0,2,0,0,0,23,0,45,0,0,0,0,0,0,0,14,0,0,0,0,0,0,0,0,0,0,0,0,0,28,0,34,0,0,0,0,0,22,0,0,0,0,0,0,0,34,0,92,0,65,0,31,0,15,0,0,0,0,0,0,0,0,0,30,0,0,0,11,0,0,0,0,0,0,0,0,0,0,0,0,0,0,1,0,0,14,0,0,0,0,0,13,0,0,0,0,0,0,0,0,0,0,0,0,0,0,0,0,0,0,0,0,0,0,0,0,0,0,0,0,0,0,0,0,0,0,0,0,0,0,2,0,0,0,0,31,0,0,0,0,0,0,0,0,0,0,0,0,0,0,0,0,0,0,1,0,0,0
20,178,9,241,0,27,0,31,0,0,0,57,0,0,0,85,7,477,0,0,0,60,26,319,0,16,0,6,0,0,0,43,0,59,0,46,0,32,0,13,0,0,0,18,0,0,0,0,0,0,0,6,0,9,0,4,0,0,0,0,0,5,0,99,0,0,0,0,0,0,0,0,0,0,0,0,0,0,0,0,0,3,0,0,0,34,0,0,0,4,0,0,0,0,0,1,0,4,0,6,0,8,0,0,0,0,0,0,0,0,0,0,0,0,0,0,0,0,0,0,0,5,0,0,0,0,0,0,0,31,0,0,0,18,0,12,0,12,0,98,1,24,0,123,0,3,0,0,0,0,0,6,0,0,0,16,0,3,0,13,0,3,0,0,0,0,1,0,0,0,0,0,2,0,0,0,2,16,0,14,0,0,0,0,0,0,0,0,0,0,0,0,0,0,0,0,0,0,0,0,0,1,0,0,0,0,0,0,0,0,0,0,0,0,0,0,0,0,0,0,0,0,0,0,0,0,0,83,0,0,0,0,0,0,0,0,0,0,0,0,0,0,0,0,0,0,0,0,0
14,0,153,13,203,96,0,0,0,0,97,75,15,30,247,104,186,0,33,55,157,22,197,0,7,0,77,7,38,0,0,11,23,19,68,6,36,13,11,0,1,0,135,0,10,0,1,0,0,0,87,5,1,0,5,0,0,0,2,0,0,0,7,0,0,0,0,0,0,0,0,0,0,0,4,0,0,0,0,0,10,0,0,0,18,0,4,0,0,0,0,0,0,0,0,0,16,0,8,0,0,0,0,0,0,0,29,0,0,0,0,0,0,0,0,0,0,0,0,0,0,0,9,0,0,0,0,0,11,0,0,0,0,0,6,0,16,0,13,0,0,0,20,0,4,0,0,0,0,0,0,0,0,0,4,0,2,0,0,0,0,0,0,0,0,0,54,0,0,0,0,0,20,0,0,0,21,5,37,11,0,0,0,0,0,0,0,0,0,0,0,0,0,0,0,0,0,0,0,0,0,0,0,0,0,0,0,0,4,0,0,0,0,0,0,0,0,0,0,0,26,0,0,0,13,0,59,6,54,0,0,0,3,0,0,0,0,0,0,1,1,0,3,1,10,0,0,0,0
0,0,0,43,17,131,0,0,0,0,9,57,0,2,25,38,0,0,0,63,25,20,13,5,0,1,0,5,0,43,11,0,3,10,2,23,0,7,0,0,0,0,0,10,0,0,0,1,0,0,0,5,0,1,0,0,0,0,0,0,0,0,0,3,0,0,0,0,0,0,0,0,0,0,0,1,0,0,0,0,0,0,0,0,0,8,0,0,0,3,0,0,0,0,0,0,0,0,0,3,0,0,0,0,0,0,0,0,0,0,0,0,0,0,0,0,0,0,0,1,0,4,0,0,0,0,0,0,0,0,0,0,0,0,0,0,0,0,0,14,0,12,0,60,0,2,0,0,0,0,0,0,0,0,0,6,0,0,0,3,0,0,0,0,0,0,0,0,0,0,0,0,0,0,0,0,1,10,0,11,0,11,0,0,0,0,0,0,0,0,0,0,0,0,0,0,0,0,0,0,0,0,0,0,0,0,0,0,0,0,0,0,0,0,0,0,0,0,0,0,0,5,0,1,0,0,4,62,5,7,0,0,0,6,0,0,0,0,0,0,0,0,0,0,0,0,0,0,0
135,13,310,20,157,33,0,1,0,0,109,43,0,0,76,63,153,0,0,6,30,6,60,11,0,0,5,0,34,0,23,3,0,15,16,0,56,10,1,0,0,0,42,0,5,0,0,0,0,0,11,0,5,0,3,0,0,0,0,0,0,0,16,0,0,0,0,0,0,0,5,0,0,0,0,0,0,0,0,0,5,0,0,0,0,0,0,0,0,0,0,0,0,0,3,0,0,0,0,0,0,0,0,0,0,0,9,0,0,0,0,0,0,0,0,0,0,0,0,0,0,0,7,0,0,0,0,0,5,0,1,0,0,0,0,0,0,0,25,0,0,0,0,0,0,0,0,0,0,0,0,0,0,0,3,0,1,0,0,0,0,0,0,0,0,0,3,0,0,1,1,0,4,0,0,0,34,9,13,4,4,0,12,0,0,0,0,0,0,0,0,0,0,0,0,0,0,0,0,0,1,0,0,0,0,0,0,0,0,0,0,0,0,0,0,0,0,0,0,0,3,0,0,0,0,0,45,7,5,0,0,0,0,0,0,0,0,0,0,0,0,0,0,0,0,0,0,0,0
23,155,0,153,23,131,0,0,0,0,22,178,0,0,31,72,30,20,0,2,21,35,76,25,0,7,0,8,0,59,19,10,15,0,1,16,9,33,8,4,0,0,0,27,0,1,0,0,0,0,0,13,0,3,0,0,0,0,0,0,0,8,1,4,0,0,0,0,0,0,0,0,0,0,0,0,0,0,0,0,0,0,0,0,0,0,0,0,0,0,0,0,0,0,0,0,0,0,0,1,0,0,0,0,0,0,0,3,0,0,0,0,0,0,0,0,0,0,0,0,0,0,0,0,0,0,0,0,0,3,0,1,0,0,0,0,0,0,0,26,0,0,0,0,0,8,0,0,0,14,0,0,0,0,0,0,0,4,0,7,0,0,0,0,0,0,0,6,0,0,0,0,3,1,0,0,6,90,0,54,0,19,0,0,0,0,0,0,0,0,0,0,0,0,0,0,0,0,0,0,0,0,0,0,0,0,0,0,0,5,0,0,0,0,0,0,0,0,0,0,6,12,0,2,0,0,5,119,0,13,0,0,0,0,0,4,0,0,0,0,0,0,0,0,0,0,0,0,0
2,0,6,0,61,44,0,0,0,0,6,12,77,84,30,0,5,0,169,63,19,20,0,0,0,0,36,39,0,0,68,2,16,1,0,14,44,16,0,0,0,4,11,0,7,0,0,4,0,0,30,0,0,0,0,0,0,0,2,0,0,0,1,0,0,0,0,0,0,0,1,0,0,0,0,0,0,0,0,0,5,0,6,0,11,0,13,0,3,0,2,0,2,0,0,0,11,0,18,0,3,0,0,0,0,0,0,0,0,0,0,0,0,0,0,0,0,0,0,0,4,0,0,0,0,0,0,0,2,0,0,0,0,0,3,0,3,0,3,0,0,0,0,0,0,0,0,0,0,0,0,0,0,0,0,0,0,0,0,0,0,0,0,0,17,0,38,0,20,0,0,0,13,0,0,0,3,4,34,1,2,0,1,0,0,0,26,3,0,0,0,0,0,0,0,0,0,0,0,0,0,0,0,0,0,0,0,0,0,0,0,0,0,0,0,0,0,0,13,0,21,0,2,0,82,0,104,4,64,0,12,0,0,0,0,0,6,0,0,0,1,0,4,0,12,0,0,0,0
0,0,0,0,30,30,0,0,0,0,0,10,14,33,24,4,0,3,0,37,12,6,0,1,0,0,0,6,0,46,6,23,0,16,14,0,6,21,0,0,0,0,0,5,0,0,0,0,0,0,0,2,0,0,0,0,0,1,0,0,0,0,0,2,0,0,0,0,0,0,0,0,0,0,0,0,0,0,0,0,0,6,0,0,0,11,0,2,0,0,0,0,0,0,0,0,0,0,0,0,0,3,0,0,0,0,0,2,0,0,0,0,0,0,0,0,0,0,0,0,0,7,0,0,0,0,0,0,0,0,0,0,0,7,0,0,0,0,0,35,0,29,0,73,0,11,0,0,0,0,0,0,0,0,0,3,0,0,0,0,0,0,0,0,0,0,0,4,0,0,0,0,0,0,0,0,1,7,0,1,0,1,0,0,0,0,0,4,0,0,0,0,0,0,0,0,0,0,0,0,0,0,0,0,0,0,0,0,0,0,0,0,0,0,0,0,0,0,0,0,3,1,0,0,0,6,0,25,0,0,0,0,0,0,0,0,0,0,0,0,0,0,0,1,0,0,0,0,0
91,13,86,41,184,53,3,0,1,0,127,41,31,33,82,70,31,0,30,29,10,9,22,10,0,0,42,14,41,0,36,0,56,9,44,6,0,11,20,0,0,0,41,0,28,0,5,2,0,0,62,6,7,0,5,0,0,0,4,2,29,0,18,0,0,1,0,0,0,0,99,0,0,0,52,0,0,0,0,0,73,0,0,0,38,0,54,0,30,0,13,0,0,0,90,0,25,0,133,0,19,0,0,0,0,0,49,0,0,0,0,0,0,0,0,0,0,0,0,0,59,0,66,0,0,0,0,0,16,0,4,0,0,0,0,0,0,0,266,0,81,0,21,0,146,0,0,0,0,0,0,0,8,0,78,0,17,0,25,0,5,0,12,0,15,0,44,0,24,0,14,0,56,0,0,0,85,13,23,7,9,0,24,0,3,0,3,0,0,0,0,0,0,0,0,0,3,0,0,0,0,0,0,0,0,0,0,0,6,0,0,0,0,0,0,0,0,0,3,0,24,0,5,0,34,0,62,5,57,0,11,0,4,0,0,0,2,0,0,0,0,0,0,2,15,0,0,0,0
31,155,26,66,40,90,8,4,0,0,13,116,28,40,40,77,42,7,35,45,42,3,64,5,8,1,0,17,0,32,13,7,10,33,16,21,11,0,0,16,0,1,0,47,0,0,0,0,0,0,5,30,0,0,0,0,1,0,0,0,0,29,0,8,0,0,0,0,0,0,0,0,0,0,0,0,0,0,0,1,0,4,0,0,1,21,0,0,0,0,0,0,0,0,0,1,0,0,0,3,0,5,0,0,0,2,0,1,0,0,0,0,0,0,0,0,0,0,0,0,0,10,0,7,0,0,0,0,0,25,0,2,0,0,0,0,0,11,0,161,0,88,0,208,0,66,0,0,0,0,1,4,0,0,0,27,0,30,0,22,0,0,0,0,0,4,0,37,0,12,0,2,4,18,0,0,5,104,0,38,0,8,0,22,0,0,0,6,0,0,0,0,0,0,0,0,0,2,0,0,0,0,0,0,0,0,0,0,0,0,0,0,0,0,1,0,0,0,0,2,7,35,0,6,20,29,9,156,14,48,0,0,0,9,0,0,2,0,1,0,0,1,0,2,0,3,0,0,0
597,105,429,47,39,9,133,0,70,0,7,11,0,0,0,32,104,16,0,0,2,0,37,27,55,45,3,0,19,0,11,0,1,8,0,0,20,0,0,10,0,0,1,0,0,0,0,0,0,0,1,0,6,0,4,4,0,0,0,0,0,0,29,8,0,0,0,0,0,0,14,0,0,0,5,0,1,0,0,0,11,0,0,0,8,0,8,0,0,0,0,0,0,0,0,0,3,0,18,0,4,0,0,0,0,0,0,0,0,0,0,0,0,0,0,0,0,0,0,0,16,0,11,0,1,0,0,0,4,0,2,0,0,0,0,0,7,0,64,0,30,0,5,0,17,0,0,0,14,0,0,0,0,0,23,0,21,0,3,0,0,0,0,0,0,0,0,0,0,1,2,0,18,0,0,0,149,21,0,7,19,0,74,4,37,0,0,0,0,0,0,0,0,0,0,0,3,0,0,0,0,0,0,0,0,0,0,0,0,0,0,0,0,0,7,0,0,0,0,0,44,0,0,0,1,0,78,0,12,4,13,0,25,13,0,0,1,0,5,0,0,0,2,0,21,0,0,0,0
62,682,20,236,0,16,29,131,13,13,0,48,0,0,0,17,57,156,0,0,0,0,33,22,29,47,0,0,4,13,0,0,0,4,0,0,0,16,10,0,0,0,0,1,0,0,0,0,0,0,0,0,0,1,1,4,0,1,0,0,0,18,8,66,0,0,0,0,0,0,0,0,0,0,0,0,0,0,0,0,0,1,0,0,0,3,0,0,0,0,0,0,0,0,0,0,0,0,0,0,0,0,0,0,0,0,0,0,0,0,0,0,0,0,0,0,0,0,0,0,0,0,0,0,0,3,0,0,0,9,0,2,0,5,0,0,0,0,0,26,0,7,0,22,0,2,0,0,0,0,0,0,0,0,0,5,0,3,0,3,0,1,0,0,0,0,0,0,0,0,0,0,0,14,0,0,0,112,0,21,0,0,0,83,0,0,0,0,0,0,0,0,0,0,0,0,0,0,0,0,0,0,0,0,0,0,0,0,0,0,0,0,0,0,2,0,0,0,0,0,0,2,0,0,0,0,0,91,6,1,0,0,0,1,0,0,0,0,0,0,0,0,0,0,0,0,0,0,0
10,0,29,0,51,0,4,0,3,1,37,2,210,17,5,0,0,0,0,7,0,0,1,0,0,0,6,109,0,0,1,0,0,0,0,0,0,0,0,0,0,162,32,3,39,38,1,134,9,1,13,15,0,0,0,0,0,0,0,0,0,0,0,0,2,0,0,0,0,0,0,0,0,0,0,0,0,0,0,0,0,0,2,0,0,0,0,0,0,0,0,0,0,0,3,0,0,0,0,0,0,0,1,0,0,0,0,0,0,0,0,0,0,0,0,0,1,0,0,0,0,0,0,0,0,0,0,0,0,0,2,0,3,0,0,0,2,0,0,0,0,0,0,0,0,0,8,0,6,0,16,0,16,0,0,0,0,0,0,0,0,0,0,0,31,2,0,0,0,0,0,0,0,0,3,0,10,52,16,0,15,0,5,0,6,0,5,4,0,0,0,0,0,0,0,0,0,0,0,0,0,0,0,0,0,0,0,0,0,0,0,0,0,0,0,0,0,0,210,48,0,0,12,76,34,0,3,0,0,0,0,0,0,0,0,0,0,0,0,0,0,0,0,0,2,0,0,0,0
0,32,0,12,0,25,0,3,0,0,2,143,100,287,0,0,0,0,20,2,3,0,0,0,0,0,117,20,0,0,0,0,0,0,4,0,0,1,0,0,162,0,32,4,86,23,60,68,2,22,8,6,0,0,0,0,0,0,0,0,0,0,0,0,0,4,0,0,0,2,0,0,0,0,0,0,0,0,0,0,0,0,0,2,0,0,0,0,0,0,0,0,0,0,0,0,0,0,0,0,0,0,0,0,0,0,0,0,0,0,0,0,0,0,0,0,0,0,0,0,0,0,0,0,0,6,0,0,0,0,0,0,0,0,0,0,0,0,0,0,0,0,0,0,0,0,0,0,0,7,0,7,1,18,0,0,0,0,0,0,0,0,0,0,0,5,0,0,0,5,0,0,0,0,0,0,1,61,0,27,0,8,0,0,0,12,4,11,0,0,0,0,0,0,0,0,0,0,0,0,0,0,0,0,0,0,0,0,0,2,0,0,0,0,0,0,0,0,61,89,0,0,0,201,5,0,0,3,0,0,0,0,0,0,0,0,0,0,0,0,0,0,0,0,0,0,0,0,0
0,0,0,0,10,0,0,0,0,0,0,0,89,22,4,0,5,0,27,0,8,1,2,0,0,0,104,50,36,0,135,0,42,0,11,0,41,0,1,0,32,32,0,0,66,7,20,31,1,0,22,4,3,0,3,0,3,0,6,0,0,0,8,0,0,0,0,0,0,0,16,0,0,0,0,0,0,0,0,0,14,0,0,0,0,0,14,0,0,0,2,0,0,0,0,0,0,0,19,0,4,0,0,0,0,0,16,0,0,0,0,0,0,0,0,0,0,0,0,0,12,0,7,0,0,0,0,0,0,0,0,0,0,0,0,0,0,0,0,0,14,0,6,0,10,0,2,0,5,0,0,0,5,0,0,0,1,0,0,0,0,0,4,0,26,0,40,0,6,0,12,0,16,0,0,0,6,6,11,0,3,0,1,0,4,0,63,0,0,0,0,0,0,0,0,0,0,0,0,0,0,0,2,0,0,0,0,0,0,0,0,0,0,0,0,0,0,0,115,29,2,0,19,6,86,0,51,0,17,1,5,0,3,0,2,0,0,0,6,0,0,0,1,0,10,0,0,0,0
0,0,1,0,2,19,0,0,0,0,0,3,28,95,0,0,0,5,30,78,0,15,0,3,0,0,16,116,0,18,0,10,0,27,0,5,0,47,0,1,3,4,0,0,0,16,3,8,0,9,4,17,0,0,0,0,0,3,0,0,0,0,0,7,0,2,0,0,0,0,0,3,0,0,0,0,0,0,0,0,0,0,0,0,0,10,0,2,0,2,0,0,0,0,0,0,0,2,0,0,0,0,0,0,0,0,0,0,0,0,0,0,0,0,0,0,0,0,0,0,0,8,0,5,0,0,0,0,0,12,0,0,0,12,0,0,0,9,0,49,0,37,0,94,0,13,0,0,0,0,0,0,0,0,0,6,0,2,0,0,0,4,0,1,0,7,0,3,0,11,0,0,0,1,0,0,0,4,0,2,0,0,0,0,0,0,0,12,0,0,0,0,0,0,0,0,0,0,0,0,0,0,0,0,0,0,0,0,0,0,0,0,0,0,0,0,0,0,1,129,0,4,0,27,8,68,0,36,0,33,0,0,0,6,0,1,0,4,0,2,0,0,0,1,0,0,0,0,0
1,0,9,0,14,0,0,0,0,0,4,0,39,0,6,1,18,0,19,0,3,0,4,0,0,0,71,28,15,0,10,0,5,0,7,0,28,0,0,0,39,86,66,0,0,24,18,32,0,0,19,4,2,0,4,0,0,0,1,0,0,0,0,0,3,0,0,0,3,0,20,0,2,0,0,0,0,0,0,0,41,0,9,0,28,0,21,0,9,0,11,0,0,0,38,0,26,0,54,0,12,0,0,0,2,0,50,0,0,0,0,0,0,0,0,0,0,0,0,0,19,0,25,0,2,0,0,0,2,0,0,0,0,0,5,0,16,0,19,0,15,0,16,0,22,0,0,0,12,0,11,0,12,0,0,0,0,0,0,0,0,0,1,0,88,0,11,0,8,0,0,0,8,0,3,0,0,17,7,0,4,0,9,0,0,0,11,1,0,0,0,0,0,0,0,0,0,0,0,0,0,0,0,0,0,0,0,0,0,0,0,0,0,0,0,0,2,0,280,36,0,0,44,55,88,0,5,0,15,0,1,0,1,0,0,0,2,0,4,0,2,0,0,0,7,0,0,0,0
2,0,0,0,0,2,0,0,0,0,0,8,17,11,1,1,0,0,0,5,0,11,0,1,0,0,35,66,0,0,0,0,0,1,0,0,0,0,0,0,38,23,7,16,24,0,13,42,0,26,1,29,0,0,0,6,0,0,0,9,0,0,0,1,0,0,0,0,0,1,0,6,0,0,0,0,0,2,0,0,0,8,0,4,0,11,0,6,0,7,0,0,0,0,0,6,0,0,0,0,0,4,0,1,0,0,0,0,0,0,0,0,0,0,0,0,0,0,0,0,0,6,0,5,0,0,0,0,0,0,0,1,0,0,0,0,0,12,0,0,0,6,0,37,0,18,0,0,0,0,0,0,0,6,0,0,0,0,0,0,0,3,0,0,0,4,0,0,0,12,0,0,0,7,0,5,0,8,0,0,0,0,0,4,0,1,0,14,0,2,0,6,0,0,0,0,0,5,0,0,0,0,0,0,0,4,0,0,0,0,0,0,0,1,0,2,0,8,13,244,0,18,0,108,3,32,0,27,2,36,0,0,0,2,0,6,0,0,0,1,0,0,0,0,0,1,0,0,0
2,0,7,0,3,0,3,0,0,0,5,1,10,4,5,0,0,0,2,0,0,0,0,0,0,0,3,25,2,0,1,0,0,0,0,0,5,0,0,0,1,60,20,3,18,13,0,39,0,0,0,0,0,0,0,0,0,0,0,0,0,0,0,0,0,0,0,0,0,0,0,0,0,0,1,0,0,0,0,0,0,0,0,0,0,0,0,0,1,0,0,0,0,0,0,0,2,0,0,0,0,0,0,0,0,0,0,0,0,0,0,0,0,0,0,0,0,0,0,0,0,0,0,0,0,0,0,0,0,0,0,0,0,0,0,0,2,0,0,0,0,0,0,0,1,0,0,0,2,0,3,0,0,0,0,0,0,0,0,0,0,0,0,0,15,0,0,0,0,0,0,0,0,0,0,0,0,8,1,0,0,0,0,0,1,0,0,2,0,0,0,0,0,0,0,0,0,0,0,0,0,0,0,0,0,0,0,0,0,0,0,0,0,0,0,0,0,0,113,17,0,1,11,11,27,0,1,0,2,0,1,0,0,0,0,0,2,0,0,0,0,0,0,0,0,0,0,0,0
0,21,0,17,0,28,0,0,0,0,0,57,137,75,0,0,0,0,25,8,2,3,0,0,0,3,129,6,0,0,0,1,0,0,4,0,2,0,0,0,134,68,31,8,32,42,39,0,0,2,14,16,0,0,0,0,0,0,0,0,0,0,0,0,0,7,0,0,0,0,0,0,0,0,0,0,0,0,0,0,0,1,0,0,0,0,0,0,0,0,0,0,0,0,0,0,0,0,0,0,0,0,0,0,0,0,0,0,0,0,0,0,0,0,0,0,0,0,0,0,0,0,0,0,0,4,0,0,0,0,0,4,0,0,0,0,0,1,0,0,0,0,0,0,0,0,0,0,0,3,0,3,0,0,0,1,0,0,0,0,0,1,0,0,0,0,0,1,0,0,0,0,0,0,0,3,0,45,0,0,0,0,0,0,1,0,0,0,0,0,0,0,0,0,0,0,0,0,0,0,0,0,0,0,0,0,0,0,0,2,0,0,0,0,0,0,0,0,13,249,0,0,0,92,0,0,0,8,0,4,0,0,0,0,0,0,0,1,0,0,0,0,0,0,0,0,0,0,0
3,0,5,0,2,0,4,0,4,0,3,0,17,0,0,0,0,0,0,0,0,0,0,0,0,0,0,0,0,0,0,0,0,0,0,0,0,0,0,0,9,2,1,0,0,0,0,0,0,0,0,0,0,0,2,0,0,0,0,0,0,0,0,0,0,0,0,0,0,0,0,0,0,0,0,0,0,0,0,0,0,0,0,0,0,0,2,0,1,0,0,0,0,0,2,0,0,0,0,0,0,0,0,0,1,0,0,0,0,0,0,0,0,0,0,0,0,0,0,0,0,0,0,0,0,0,0,0,0,0,0,0,0,0,0,0,0,0,0,0,0,0,0,0,0,0,1,0,0,0,3,0,5,0,0,0,0,0,0,0,0,0,1,0,0,0,0,0,0,0,1,0,0,0,0,0,1,0,3,0,1,0,1,0,0,0,0,0,5,0,1,0,0,0,0,0,1,0,0,0,0,0,2,0,0,0,0,0,0,0,0,0,0,0,0,0,10,0,27,0,5,0,10,13,0,0,7,0,6,0,0,0,0,0,1,0,0,0,0,0,2,0,0,0,1,0,0,0,0
0,0,0,0,0,0,0,1,0,1,0,3,0,13,0,0,0,0,0,1,0,0,0,0,0,0,0,23,0,0,0,0,0,0,0,0,0,0,0,0,1,22,0,9,0,26,0,2,0,0,0,0,0,0,0,0,0,0,0,5,0,0,0,0,0,1,0,0,0,0,0,0,0,0,0,1,0,0,0,0,0,0,0,1,0,0,0,0,0,0,0,0,0,0,0,1,0,0,0,0,0,0,0,0,0,0,0,0,0,0,0,0,0,0,0,0,0,0,0,0,0,1,0,0,0,0,0,0,0,0,0,0,0,0,0,0,0,0,0,0,0,2,0,1,0,0,0,0,0,0,0,0,0,2,0,0,0,0,0,0,0,0,0,0,0,0,0,0,0,1,0,0,0,1,0,2,0,13,0,0,0,3,0,0,0,0,2,3,0,0,0,0,0,0,0,0,0,0,0,0,0,0,0,0,0,0,0,0,0,0,0,0,0,0,0,0,0,0,6,3,0,7,4,23,0,2,0,5,0,1,0,5,0,6,0,1,0,1,0,2,0,1,0,0,0,4,0,0,0
0,0,0,0,46,0,0,0,0,0,5,5,108,36,6,0,2,0,135,13,8,1,0,0,0,0,80,55,12,0,87,0,11,0,30,0,62,5,1,0,13,8,22,4,19,1,0,14,0,0,0,5,0,0,0,0,11,0,6,0,0,0,3,0,0,0,0,0,0,0,3,0,1,0,4,0,3,0,0,0,10,0,0,0,0,0,0,0,4,0,6,0,0,0,9,0,5,0,15,0,0,0,0,0,0,0,25,0,0,0,0,0,0,0,0,0,0,0,0,0,0,0,0,0,0,0,0,0,0,0,0,0,0,0,1,0,0,0,4,0,0,0,3,0,3,0,0,0,5,0,0,0,0,0,0,0,0,0,1,0,0,0,2,0,31,0,72,0,37,0,19,0,38,0,1,0,7,6,10,1,1,0,0,0,2,0,39,3,0,0,0,0,0,0,0,0,0,0,0,0,0,0,0,0,0,0,0,0,0,0,0,0,0,0,0,0,0,0,30,6,0,0,6,1,47,0,64,0,38,0,10,0,0,0,0,0,2,0,3,0,0,0,0,0,10,0,0,0,0
0,3,0,0,11,28,0,0,0,0,0,4,40,83,0,0,0,3,23,76,13,23,0,0,0,0,22,85,0,6,5,5,0,13,0,2,6,30,0,0,15,6,4,17,4,29,0,16,0,0,5,0,0,0,0,7,1,7,0,21,0,1,0,6,0,0,0,0,0,0,0,5,0,0,0,0,0,1,0,0,0,14,0,4,0,14,0,12,0,2,0,0,0,0,0,3,0,0,0,2,0,5,0,0,0,3,0,0,0,0,0,0,0,0,0,0,0,0,0,0,0,15,0,9,0,0,0,0,0,0,0,0,0,0,0,0,0,0,0,23,0,31,0,72,0,24,0,0,0,0,0,2,0,0,0,0,0,0,0,0,0,2,0,0,0,4,0,2,1,25,0,2,0,13,0,0,0,6,0,1,0,0,0,2,0,0,0,11,0,1,0,6,0,0,0,0,0,0,0,0,0,1,0,0,0,2,0,0,0,0,0,0,0,0,0,0,0,10,4,24,0,9,1,12,13,25,0,11,0,20,0,0,0,7,0,1,1,3,0,0,0,1,0,0,1,3,0,0,0
0,0,1,0,0,0,72,6,57,73,0,0,0,0,0,0,185,5,0,0,9,0,14,0,15,6,6,0,29,0,1,0,5,0,0,0,7,0,6,0,0,0,3,0,2,0,0,0,0,0,0,0,0,16,103,58,26,17,21,45,9,1,54,9,2,4,3,74,0,0,0,0,0,0,0,0,0,0,0,0,2,0,0,0,12,0,0,0,0,0,0,0,0,0,0,0,0,0,0,0,0,0,0,0,0,0,4,0,0,0,0,0,0,0,0,0,0,0,0,0,4,0,7,0,1,0,0,0,150,0,5,0,5,0,2,0,67,0,101,0,42,0,37,0,1,0,0,0,1,0,0,0,0,0,196,6,44,3,53,0,11,0,7,0,1,0,0,0,4,0,153,0,6,0,0,0,6,0,0,0,0,2,9,3,2,19,0,0,0,0,0,0,0,0,0,0,0,0,0,0,0,0,0,0,0,0,0,0,0,0,0,0,8,0,47,5,0,0,4,0,46,0,36,0,18,0,355,4,197,2,0,0,22,6,1,3,0,0,15,0,2,0,2,0,63,3,0,0,0
0,4,0,0,0,0,39,37,133,96,0,0,0,0,0,2,0,23,0,7,0,26,0,0,5,5,0,0,0,9,0,1,0,3,0,0,0,0,0,1,0,0,0,0,0,0,0,0,0,0,0,0,16,0,91,52,6,31,43,33,0,17,0,84,1,2,9,47,0,0,0,0,0,0,0,0,0,0,0,0,0,0,0,0,0,10,0,0,0,1,0,1,0,0,0,0,0,4,0,3,0,0,0,0,0,0,0,0,0,0,0,0,0,0,0,0,0,0,0,0,0,0,0,0,0,13,0,0,0,39,0,7,0,49,0,14,0,28,0,71,0,15,0,119,0,0,0,0,0,0,0,0,0,0,1,104,0,5,0,78,0,24,0,0,0,0,0,0,0,0,0,1,0,1,0,0,13,61,0,0,0,0,0,3,2,30,0,0,0,0,0,0,0,0,0,0,0,0,0,0,0,1,0,0,0,0,0,0,0,0,0,0,0,0,0,3,0,0,0,0,2,10,0,0,0,0,1,12,0,11,0,0,0,6,0,1,0,0,0,0,0,0,0,0,0,3,0,0,0
2,37,107,0,13,0,155,53,83,291,0,0,0,0,29,0,51,21,32,0,6,0,85,3,361,48,11,0,10,0,5,0,3,0,0,0,5,0,4,1,0,0,3,0,4,0,0,0,2,0,0,0,103,91,0,167,82,12,27,5,39,22,42,102,21,0,8,66,0,0,0,0,0,0,0,0,0,0,0,0,0,0,0,0,0,0,0,0,0,0,0,0,0,0,0,0,2,0,0,0,0,0,0,0,0,0,2,0,0,0,0,0,0,0,0,0,0,0,0,0,0,0,0,0,14,0,8,0,38,0,10,0,18,0,34,0,87,0,0,0,6,0,52,0,2,0,0,0,0,0,0,0,0,0,85,10,49,1,23,0,32,0,3,0,0,0,2,0,14,0,87,0,17,0,0,0,3,6,0,0,0,0,3,26,2,42,0,0,0,0,0,0,0,0,0,0,0,0,0,0,0,0,0,0,0,0,2,0,6,0,0,0,3,0,113,8,0,0,11,0,113,7,53,0,36,0,241,0,243,11,16,0,57,0,17,0,0,0,54,0,8,0,18,0,149,0,0,0,0
1,9,0,18,0,0,71,317,293,106,0,0,0,0,0,56,0,39,0,27,0,14,0,27,6,98,0,5,0,4,0,0,0,0,0,0,0,0,4,4,0,0,0,0,0,6,0,0,0,0,0,7,58,52,167,0,10,49,97,21,7,63,3,65,0,13,60,24,0,0,0,0,0,0,0,0,0,0,0,0,0,1,0,1,0,0,0,0,0,0,0,0,0,0,0,0,0,1,0,0,0,2,0,0,0,0,0,0,0,0,0,0,0,0,0,0,0,0,0,0,0,0,0,0,0,15,0,0,0,0,0,23,0,6,0,33,0,26,0,9,0,11,0,33,0,0,0,0,0,5,0,0,0,0,4,68,2,46,0,8,0,14,0,0,0,4,0,0,0,11,0,39,0,7,3,0,7,20,0,1,0,0,0,1,10,13,0,0,0,0,0,0,0,0,0,0,0,0,0,0,0,0,0,0,0,0,0,0,1,3,0,20,0,0,0,156,0,0,0,2,0,219,0,46,3,26,0,31,0,367,0,8,1,175,0,27,0,1,0,11,0,2,0,0,0,58,0,0,0
3,1,0,0,0,0,10,0,21,0,3,0,0,0,9,0,18,0,7,0,2,0,7,0,24,0,0,0,0,0,0,0,0,0,0,0,0,1,0,0,0,0,3,0,0,0,0,0,0,0,11,1,26,6,82,10,0,7,102,30,6,0,5,0,31,40,2,66,0,0,0,0,0,0,0,0,1,0,0,0,0,0,2,0,0,0,0,0,0,0,0,0,0,0,0,0,0,0,0,0,0,0,0,0,0,0,0,0,0,0,0,0,0,0,1,0,0,0,0,0,0,0,0,0,1,0,0,0,23,0,23,0,8,0,4,0,30,0,0,2,0,0,24,0,18,0,0,0,3,0,1,0,0,0,86,10,179,0,62,9,54,19,42,0,1,0,11,0,32,0,104,0,9,0,4,6,2,0,0,0,6,15,0,0,0,8,0,0,0,0,0,0,0,0,0,0,0,0,0,0,0,0,0,0,0,0,0,0,2,0,0,0,13,0,279,0,0,0,21,0,248,1,113,3,88,0,96,3,601,0,18,0,222,0,230,0,6,0,120,0,12,0,26,0,295,0,0,0,0
0,0,0,0,0,0,2,26,8,25,0,0,0,0,0,14,0,28,0,0,0,0,0,0,0,18,0,0,0,0,0,0,0,0,0,1,0,0,0,1,0,0,0,3,0,0,0,0,0,0,0,7,17,31,12,49,7,0,46,149,2,9,0,17,0,1,27,13,0,0,0,0,0,0,0,0,0,0,0,0,0,0,0,0,0,3,0,0,0,0,0,0,0,0,0,0,0,0,0,0,0,0,0,0,1,1,0,0,0,0,0,0,0,0,0,0,0,0,0,0,0,0,0,0,0,19,0,1,0,2,0,17,0,15,0,7,0,26,0,16,0,5,0,19,0,8,0,0,0,0,0,0,0,0,3,288,1,46,0,127,2,36,0,12,0,8,0,0,0,32,0,139,0,0,0,0,3,3,0,0,0,0,0,0,0,18,0,0,0,0,0,0,0,0,0,0,0,0,0,0,0,0,0,0,0,0,0,0,0,0,0,5,0,7,0,122,0,0,0,0,0,202,0,50,0,24,1,15,0,455,0,0,0,102,0,106,0,1,0,1,0,0,0,0,0,19,0,0,0
0,0,43,0,0,0,13,6,49,86,0,0,0,1,17,0,0,0,0,0,0,0,0,0,27,0,0,0,3,0,2,0,0,0,2,0,4,0,0,0,0,0,6,0,1,0,0,0,0,0,6,0,21,43,27,97,102,46,0,136,42,0,1,0,222,15,88,182,0,0,0,0,0,0,0,0,0,0,0,0,0,0,0,0,0,0,0,0,0,0,0,0,0,0,2,0,0,0,0,0,0,0,0,0,2,0,0,0,0,0,0,0,0,0,0,0,1,0,0,0,0,0,0,0,5,0,1,0,0,0,15,0,2,0,4,0,4,0,0,0,0,0,0,0,0,4,1,0,6,0,0,0,0,0,48,29,150,4,1,0,13,5,4,0,2,0,10,0,12,0,46,0,6,0,0,0,31,9,0,0,5,20,0,0,30,147,0,0,0,0,0,0,0,0,0,0,0,0,0,0,0,0,0,0,0,0,0,0,3,0,9,0,12,0,271,0,0,0,9,0,206,0,87,0,53,0,116,9,272,0,27,0,189,2,72,5,14,0,140,3,27,0,43,0,331,0,0,0,0
0,6,0,0,0,0,0,25,0,71,0,4,0,0,0,0,1,0,0,0,0,0,0,0,0,11,0,0,0,0,0,0,0,0,0,0,2,0,0,0,0,0,0,0,0,9,0,0,0,5,0,21,45,33,5,21,30,149,136,0,0,25,0,14,24,47,97,101,0,0,0,0,0,0,0,0,0,0,0,0,0,0,0,0,0,0,0,0,0,0,0,0,0,0,0,0,0,0,0,0,0,0,0,0,0,0,0,0,0,0,0,0,0,0,0,0,0,0,0,0,0,0,0,0,0,11,0,0,0,0,0,4,0,5,0,1,0,1,0,4,0,0,0,0,3,62,1,0,0,0,0,2,0,0,44,222,16,167,11,51,10,21,0,15,0,0,0,0,0,52,0,49,0,16,0,0,0,1,0,0,0,8,0,0,3,34,0,0,0,0,0,0,0,0,0,0,0,0,0,0,0,0,0,0,0,0,0,0,0,0,0,0,0,12,0,412,0,0,0,19,0,446,0,95,0,98,1,131,0,698,0,14,2,389,0,546,0,9,0,41,1,2,0,7,0,178,0,0,0
44,24,21,0,0,0,303,3,261,18,0,0,0,0,0,0,0,12,0,0,0,0,0,0,32,17,0,0,1,0,0,0,0,0,0,0,29,0,0,0,0,0,0,0,0,0,0,0,0,0,0,0,9,0,39,7,6,2,42,0,0,2,13,11,0,0,0,0,0,0,4,0,0,0,0,0,0,0,0,0,0,0,0,0,3,0,5,0,1,0,0,0,0,0,0,0,1,0,0,0,0,0,0,0,0,0,0,0,0,0,0,0,0,0,0,0,0,0,0,0,0,0,8,0,0,0,0,0,4,0,0,0,0,0,0,0,0,0,200,0,40,0,4,0,105,0,0,0,0,0,0,0,0,0,64,0,69,0,16,0,2,0,2,0,0,0,0,0,1,0,50,0,82,0,11,0,54,2,0,0,2,0,48,3,0,2,0,0,0,0,0,0,0,0,0,0,0,0,0,0,0,0,0,0,0,0,0,0,0,0,1,0,0,0,3,0,0,0,0,0,20,0,1,0,2,0,108,0,13,0,11,0,19,0,0,0,1,0,4,0,2,0,2,0,21,0,0,0,0
6,189,0,7,0,1,36,220,36,197,0,1,0,0,1,0,11,6,0,0,0,0,0,0,27,49,0,0,0,5,0,0,0,8,0,0,0,29,0,18,0,0,0,0,0,0,0,0,0,0,0,1,1,17,22,63,0,9,0,25,2,0,14,34,0,0,0,3,0,0,0,0,0,8,0,0,0,0,0,0,0,0,0,0,0,0,0,0,0,0,0,0,0,0,0,0,0,0,0,0,0,0,0,0,0,0,0,0,0,0,0,0,0,0,0,0,0,0,0,0,0,0,0,0,0,0,0,0,0,6,0,0,0,0,0,0,0,2,0,92,0,22,0,18,0,95,0,0,0,0,0,0,0,0,0,16,0,42,0,21,0,0,0,1,0,0,0,1,0,0,0,12,3,4,0,0,0,107,0,0,0,0,0,91,0,3,0,1,0,0,0,0,0,0,0,0,0,0,0,0,0,0,0,0,0,0,0,0,0,0,0,3,0,0,0,5,0,0,0,0,0,20,0,2,0,0,1,18,7,25,0,0,0,17,0,0,0,0,0,2,0,0,0,0,0,8,0,0,0
8,50,25,10,0,0,291,7,115,25,0,0,0,0,0,0,110,28,4,0,6,0,3,6,220,26,6,0,73,0,7,0,16,1,1,0,18,0,29,8,0,0,8,0,0,0,0,0,0,0,3,0,54,0,42,3,5,0,1,0,13,14,0,0,0,0,2,0,0,0,0,0,0,0,1,0,0,0,0,0,5,0,0,0,8,0,1,0,0,0,0,0,0,0,0,0,4,0,0,0,0,0,0,0,0,0,7,0,0,0,0,0,0,0,0,0,0,0,0,0,0,0,5,0,0,0,0,0,28,0,2,0,0,0,0,0,21,0,42,0,30,0,15,0,5,0,0,0,0,0,0,0,0,0,27,0,36,0,9,0,2,0,0,0,0,0,0,0,0,0,2,0,3,0,1,0,14,5,0,0,0,0,30,5,1,0,0,0,0,0,0,0,0,0,0,0,0,0,0,0,0,0,0,0,0,0,0,0,0,0,0,0,0,0,0,3,0,0,0,0,4,0,0,0,1,0,197,0,8,0,0,0,0,0,0,0,0,0,1,0,0,0,0,0,0,0,0,0,0
9,96,0,0,0,0,96,233,133,131,0,0,0,0,0,5,11,66,0,13,0,151,0,14,46,139,0,16,0,99,0,3,0,4,0,2,0,8,8,66,0,0,0,7,0,1,0,0,0,0,0,6,9,84,102,65,0,17,0,14,11,34,0,0,0,2,1,2,0,0,0,0,0,0,0,0,0,0,0,0,0,0,0,0,0,5,0,0,0,0,0,0,0,0,0,0,0,3,0,0,0,1,0,0,0,0,0,0,0,0,0,0,0,0,0,0,0,0,0,0,0,1,0,0,0,0,0,0,0,19,0,3,0,13,0,4,0,13,0,59,0,0,0,52,0,16,0,0,0,0,0,0,0,0,0,97,0,15,0,49,0,11,0,0,0,0,0,0,0,0,0,0,0,3,0,0,7,62,0,0,0,0,0,54,0,6,0,0,0,0,0,0,0,0,0,0,0,0,0,0,0,0,0,0,0,0,0,0,0,0,0,2,0,0,0,7,0,0,0,0,0,12,0,0,0,1,0,47,0,15,0,0,0,8,0,0,0,0,0,0,3,0,0,0,0,6,0,0,0
7,0,1,0,15,0,7,0,197,0,10,0,20,0,2,0,0,1,4,0,0,0,0,0,0,0,10,0,0,0,0,0,0,0,0,0,0,0,0,0,2,0,0,0,3,0,0,0,0,0,0,0,2,1,21,0,31,0,222,24,0,0,0,0,0,48,176,17,0,0,0,0,0,2,0,0,0,0,0,0,0,0,0,0,0,0,0,0,0,1,0,0,0,0,0,0,0,0,0,1,0,0,0,0,0,0,0,0,0,0,0,0,0,0,0,0,0,0,0,0,0,0,0,0,7,0,8,1,0,0,15,0,0,0,1,0,0,0,3,18,0,0,0,0,12,34,12,2,49,0,15,0,0,0,5,15,18,1,2,14,168,61,9,0,0,0,2,0,0,0,1,2,0,0,28,57,5,0,0,0,50,21,0,0,58,6,0,0,0,0,0,0,0,0,0,0,0,0,0,0,0,0,0,0,0,0,0,0,0,0,0,0,0,0,5,0,0,0,0,0,0,0,3,0,0,0,16,9,0,0,3,0,0,1,22,0,0,0,10,0,0,0,0,0,25,5,0,0,0
0,107,0,2,0,4,0,105,0,224,0,9,0,5,0,4,0,0,0,30,0,0,0,0,0,0,0,31,0,0,0,0,0,0,0,0,1,0,0,0,0,4,0,2,0,0,0,7,0,1,0,0,4,2,0,13,40,1,15,47,0,0,0,2,48,0,7,439,0,0,1,11,0,0,0,0,0,0,0,0,0,0,0,0,0,0,1,0,0,0,0,0,0,0,0,0,0,0,0,0,0,0,0,0,0,0,0,0,0,0,0,0,0,0,0,0,0,0,0,0,0,0,0,0,0,28,1,1,0,0,20,79,0,0,0,8,0,2,29,27,0,0,0,0,53,159,3,15,17,231,0,4,0,14,64,16,11,14,34,13,72,204,0,12,0,0,0,3,0,0,0,3,0,0,5,56,0,0,0,0,0,51,0,4,2,78,0,0,0,0,0,0,0,0,0,0,0,0,0,0,0,0,0,0,0,0,0,0,0,3,0,0,0,0,2,40,0,0,0,2,0,0,0,0,0,6,0,30,0,70,0,0,0,23,0,132,0,0,0,14,0,2,0,0,0,27,0,0,0
1,0,0,0,3,0,0,9,143,46,0,0,3,0,0,0,0,0,0,0,0,0,0,0,0,0,1,0,0,0,0,0,0,0,0,0,0,0,0,0,0,0,0,0,0,0,0,0,0,0,0,0,3,9,8,60,2,27,88,97,0,0,2,1,176,7,0,78,0,0,0,0,0,0,0,0,0,0,0,0,0,0,0,0,0,0,0,0,0,0,0,0,0,0,0,0,0,0,0,0,0,0,0,0,0,0,0,0,0,0,0,0,0,0,0,0,0,0,0,0,0,0,0,0,0,0,0,0,0,0,19,0,0,0,0,0,0,0,0,0,0,0,0,0,0,1,3,0,16,1,0,0,0,0,2,9,4,0,1,2,30,4,0,0,0,0,1,0,0,0,0,0,0,0,0,4,73,4,0,0,12,15,0,0,54,85,0,0,0,0,0,0,0,0,0,0,0,0,0,0,0,0,0,0,0,0,0,0,0,0,0,0,0,0,16,5,0,0,0,0,13,0,0,0,0,0,6,6,10,0,1,0,8,3,3,3,1,0,8,0,2,0,0,0,20,0,0,0,0
0,21,0,0,1,3,0,34,24,166,0,0,0,0,0,0,0,0,0,0,0,0,0,0,0,0,0,0,0,0,0,0,0,0,0,0,0,0,0,0,0,0,0,0,0,0,0,0,0,0,0,0,74,47,66,24,66,13,182,101,0,3,0,2,17,439,78,0,0,0,0,0,0,0,0,0,0,0,0,0,0,0,0,0,0,0,0,0,0,0,0,0,0,0,0,0,0,0,0,0,0,0,0,0,0,0,0,0,0,0,0,0,0,0,0,0,0,0,0,0,0,0,0,0,0,1,0,0,0,0,0,1,0,0,0,0,0,0,0,5,0,0,1,0,0,36,0,0,0,12,0,2,0,0,50,52,6,27,9,16,0,19,0,0,0,0,0,0,0,0,0,8,0,1,0,1,7,49,0,0,0,37,0,0,12,326,0,0,0,0,0,0,0,0,0,0,0,0,0,0,0,0,0,0,0,0,1,0,0,0,0,2,0,2,0,107,0,0,0,1,0,119,0,24,0,5,0,70,0,159,0,3,0,103,0,205,0,0,1,12,0,2,0,0,2,69,0,0,0
0,0,0,0,0,0,0,0,0,0,0,0,0,0,0,0,0,0,2,0,0,0,0,0,0,0,0,0,0,0,0,0,0,0,0,0,0,0,0,0,0,0,0,0,3,0,0,0,0,0,0,0,0,0,0,0,0,0,0,0,0,0,0,0,0,0,0,0,0,0,0,0,0,0,0,0,39,0,17,0,4,0,4,0,5,0,17,0,1,0,4,0,0,0,0,0,0,0,16,0,0,0,41,0,22,0,12,0,5,0,0,0,4,0,0,0,0,0,0,0,0,0,1,0,0,2,0,0,0,0,0,0,0,0,0,0,0,0,0,0,2,0,0,0,0,0,0,0,0,0,0,0,0,0,0,0,0,0,0,0,0,1,0,0,9,0,0,0,23,0,1,0,0,0,3,0,0,0,0,0,0,2,0,0,0,0,0,0,34,0,0,0,0,0,6,0,0,0,0,0,0,0,0,0,0,0,0,0,0,0,0,0,49,0,96,0,37,0,0,0,4,0,67,0,30,0,0,0,44,0,0,0,0,0,2,0,0,0,0,0,7,0,0,0,2,0,0,0,0
0,0,0,0,0,0,0,0,0,0,0,0,0,0,0,0,0,0,0,0,0,0,0,0,0,0,0,0,0,0,0,0,0,0,0,0,0,0,0,0,0,2,0,0,0,1,0,0,0,0,0,0,0,0,0,0,0,0,0,0,0,0,0,0,0,0,0,0,0,0,0,0,0,2,0,0,0,48,0,15,0,0,0,16,0,3,0,34,0,25,0,0,0,5,0,12,0,1,0,4,0,3,0,91,0,14,0,8,0,43,0,2,0,6,0,0,0,9,0,0,0,0,0,0,0,4,0,0,0,0,0,0,0,0,0,0,1,0,0,0,0,0,0,0,0,0,2,0,0,0,0,0,0,2,0,0,0,0,0,0,0,0,0,0,0,10,0,0,0,22,0,0,0,0,0,0,0,0,0,0,0,0,0,0,0,0,0,0,0,0,0,16,0,3,0,18,0,6,0,0,0,0,0,0,0,0,0,0,0,4,0,2,0,87,0,19,0,74,0,13,0,1,0,78,0,7,0,0,0,57,0,0,0,1,0,5,0,0,0,8,0,0,0,0,0,0,0,0,0
0,0,0,0,0,0,0,0,0,0,2,0,0,0,0,0,0,0,10,0,13,0,0,0,0,0,52,0,12,0,0,0,5,0,1,0,99,0,14,0,0,0,16,0,20,0,0,0,0,0,3,0,0,0,0,0,0,0,0,0,4,0,0,0,0,1,0,0,0,0,0,0,204,0,229,0,15,0,210,0,0,0,0,0,0,0,54,0,0,1,0,0,1,0,0,0,0,0,0,0,0,0,0,0,0,0,0,0,0,0,0,0,0,0,0,0,0,0,0,0,30,0,11,0,25,14,11,3,17,0,20,5,54,0,11,0,37,0,12,3,63,4,20,0,109,3,18,1,29,12,34,0,18,1,0,0,16,0,0,0,6,0,74,0,0,0,8,0,23,0,35,0,33,0,65,8,0,0,0,0,33,9,0,0,33,0,0,0,0,0,0,0,0,0,0,0,0,0,0,0,3,0,0,0,0,0,20,1,18,0,0,0,0,0,0,2,0,0,0,0,0,0,11,0,3,0,0,1,25,13,0,0,0,0,0,0,0,0,5,3,8,0,3,0,0,0,0,0,0
0,0,0,1,0,0,0,0,0,0,0,0,0,0,0,0,0,0,0,0,0,0,0,0,0,0,0,0,0,0,0,0,0,0,0,0,0,0,0,0,0,0,0,3,0,6,0,0,0,0,0,5,0,0,0,0,0,0,0,0,0,0,0,0,0,11,0,0,0,0,0,0,0,174,0,141,0,16,0,34,0,0,0,3,1,0,2,29,0,0,0,0,0,0,6,0,0,0,0,0,2,0,0,0,0,0,0,0,0,0,0,0,0,0,0,0,0,0,0,0,0,2,0,11,14,30,0,39,7,0,50,8,0,29,0,20,4,11,7,7,0,14,0,16,3,95,0,53,21,55,10,35,0,27,0,1,0,0,0,0,0,6,0,35,0,0,0,0,0,4,0,7,0,8,5,95,0,0,0,0,8,48,0,0,0,18,0,0,0,0,0,0,0,0,0,0,0,0,0,11,0,3,0,0,0,0,2,0,1,44,0,0,0,0,0,0,0,0,0,0,0,1,0,0,0,0,0,12,3,19,0,1,0,0,0,23,0,0,0,26,0,0,0,0,0,8,0,0,0
