0,194,28,55,24,0,28,155,68,38,88,0,61,0,5,20,28,127,0,0,17,3,9,95,4,246,13,0,68,0,15,0,75,0,0,0,47,0,465,0,0,0,0,0,6,0,9,0,9,0,0,0,0,0,8,8,0,0,5,0,67,0,66,21,28,0,10,0,0,0,0,0,0,0,0,0,0,0,0,0,0,0,0,0,0,0,0,0,0,0,0,0,0,0,0,0,0,0,0,0,0,0,0,0,0,0,0,0,0,0,0,0,0,0,0,0,0,0,0,0,0,1,0,0,0,0,0,0,0,0,17,0,3,0,8,0,0,0,0,0,0,0,0,0,0,0,8,0,86,0,20,0,8,0,0,0,0,0,0,0,16,0,0,0,12,0,4,0,44,0,74,0,250,0,5,0,374,118,11,0,11,0,20,0,44,0,0,0,0,0,0,0,0,0,0,0,0,0,0,0,0,0,0,0,0,0,0,0,0,0,762,203,341,170,248,0,0,0,0,0,0,0,0,0,0
194,0,136,13,0,198,63,49,14,39,0,280,0,125,0,20,67,13,0,110,14,0,116,29,80,12,0,114,0,33,1,0,0,66,0,0,0,183,4,238,0,0,0,0,0,0,0,38,0,0,0,0,0,7,0,16,0,7,0,18,0,224,6,30,0,52,0,21,0,0,0,0,0,0,0,0,0,1,0,0,0,0,0,0,0,0,0,0,0,0,0,0,0,0,0,0,0,0,0,0,0,0,0,1,0,0,0,0,0,0,0,0,0,0,0,0,0,0,0,0,0,0,0,0,0,14,0,0,0,5,0,0,0,0,0,16,0,39,0,0,0,0,0,0,0,0,0,18,0,44,0,43,0,24,0,0,0,0,0,0,0,6,0,3,0,16,0,18,0,21,0,27,0,116,0,0,124,419,0,2,0,32,16,6,0,57,0,0,0,0,0,0,0,0,0,0,0,0,0,8,0,0,0,0,0,0,0,0,0,28,0,0,0,0,260,0,0,0,783,194,328,141,16,0,0
28,136,0,68,166,0,45,56,4,0,61,0,120,0,192,33,42,58,50,0,110,0,150,106,104,93,0,0,144,4,76,0,152,0,0,0,31,0,302,0,16,0,0,0,0,0,19,0,15,0,0,0,24,0,35,0,0,0,8,0,40,0,67,4,0,0,0,0,0,0,0,0,0,0,0,0,0,0,0,0,0,0,0,1,0,0,0,0,0,0,0,0,0,0,0,0,0,0,0,0,0,0,0,0,0,0,0,0,0,0,0,0,0,0,0,0,0,0,0,0,0,0,0,0,5,0,0,0,0,0,19,0,0,0,50,0,0,0,0,0,0,0,0,0,0,0,0,0,29,0,19,0,14,0,14,0,0,0,0,0,0,0,10,0,0,0,44,0,0,0,50,0,276,0,0,0,106,69,3,0,0,0,0,0,0,0,0,0,0,0,0,0,0,0,0,0,0,0,0,0,0,0,0,0,0,0,0,0,26,1,609,41,358,0,276,0,0,0,0,0,0,0,0,0,0
55,13,68,0,0,110,0,58,0,6,0,21,0,0,0,213,0,48,0,120,0,43,76,74,0,105,0,61,0,74,0,41,0,128,0,0,0,125,0,243,0,0,0,0,0,0,0,0,0,0,0,0,0,0,0,54,0,15,0,0,0,43,0,12,0,0,0,1,0,0,0,0,0,0,0,0,0,0,0,0,0,0,0,0,0,0,0,0,0,0,0,0,0,0,0,0,0,0,0,0,0,0,0,0,0,0,0,0,0,0,0,0,0,0,0,0,0,0,0,0,0,0,0,0,0,0,0,0,0,0,0,0,0,13,0,80,0,99,0,23,0,0,0,0,0,0,0,0,0,6,0,0,0,0,0,0,0,0,0,0,0,0,0,0,0,19,0,0,0,17,0,24,0,85,0,0,29,108,0,0,0,0,4,0,0,0,0,0,0,0,0,0,0,0,0,0,0,0,0,30,0,0,0,0,0,0,0,0,0,61,0,0,0,0,148,0,0,0,407,68,353,103,0,0,0
24,0,166,0,0,0,33,0,12,0,73,41,450,0,287,80,24,0,81,62,235,31,138,121,28,0,102,0,0,0,364,0,331,0,82,0,192,0,112,0,96,0,0,0,43,0,71,0,20,0,52,0,0,0,25,0,0,0,7,0,0,0,0,0,7,0,0,0,0,0,0,0,0,0,0,0,0,0,0,0,0,2,0,0,0,0,0,0,0,0,0,0,0,0,0,0,0,0,0,0,0,0,14,0,0,0,0,0,0,0,0,0,0,0,0,0,0,0,0,0,0,0,0,0,22,0,6,0,0,0,23,0,0,0,60,0,0,0,0,0,0,0,0,0,0,0,37,0,92,0,58,0,23,0,0,0,0,0,0,0,0,0,0,0,41,0,219,0,201,0,40,0,221,0,0,0,258,130,34,0,44,0,0,0,54,0,0,0,0,0,0,0,0,0,0,0,0,0,0,0,0,0,0,0,0,0,0,0,36,0,745,230,626,0,273,0,0,0,3,0,0,0,0,0,0
0,198,0,110,0,0,0,63,0,13,60,182,0,215,304,376,0,14,50,378,110,267,36,102,0,8,11,354,0,48,27,97,0,202,0,241,12,158,0,70,0,29,0,36,0,39,0,157,0,37,0,63,0,0,0,18,0,0,0,0,0,0,0,0,0,13,0,4,0,0,0,0,0,3,0,0,0,0,0,0,0,0,0,0,0,0,0,0,0,0,0,0,0,0,0,0,0,0,0,0,0,0,0,0,0,0,0,0,0,0,0,0,0,0,0,0,0,0,0,0,0,0,0,0,0,0,0,0,0,0,0,0,0,0,0,62,0,70,0,0,0,58,0,0,0,0,0,0,0,25,0,0,0,0,0,9,0,0,0,0,0,0,0,0,0,23,0,137,0,61,1,35,0,85,0,0,100,423,0,33,0,37,0,13,0,62,0,0,0,0,0,0,0,0,0,0,0,0,0,0,0,0,0,0,0,0,0,0,0,50,0,0,12,0,191,0,0,0,772,233,480,183,0,0,0
28,63,45,0,33,0,0,131,79,241,15,0,13,0,19,0,5,20,2,0,0,0,16,0,38,163,0,0,0,0,0,0,0,0,0,0,0,0,25,0,0,0,0,0,10,0,0,0,36,0,0,0,89,62,100,116,9,0,25,0,206,0,249,61,11,0,0,0,0,0,0,0,0,0,0,0,0,0,0,0,0,0,0,0,0,0,0,0,0,0,0,0,0,0,0,0,0,0,0,0,0,0,0,0,0,0,0,0,0,0,0,0,0,0,0,0,0,0,0,0,0,0,0,0,0,0,0,0,0,0,24,0,1,0,0,0,0,0,1,0,0,0,0,0,1,0,0,0,16,0,0,0,0,0,3,0,0,0,0,0,17,0,27,0,12,0,8,0,56,0,192,0,161,0,0,0,137,74,0,0,0,0,2,0,0,0,0,0,0,0,0,0,0,0,0,0,0,0,0,0,0,0,0,0,0,0,0,0,4,0,792,99,465,417,633,0,79,0,11,0,0,0,0,0,0
155,49,56,58,0,63,131,0,129,49,0,35,0,10,0,76,55,46,0,66,0,0,58,14,138,198,0,0,2,97,0,0,0,35,0,0,0,0,0,360,0,0,0,0,0,0,0,0,0,0,0,0,0,29,0,118,0,11,0,36,0,433,24,197,0,3,0,19,0,0,0,0,0,0,0,0,0,0,0,0,0,0,0,0,0,0,0,0,0,0,0,0,0,0,0,0,0,0,0,0,0,0,0,0,0,0,0,0,0,0,0,0,0,0,0,0,0,0,0,0,0,0,0,0,0,9,0,4,0,14,0,0,0,27,0,19,0,106,0,11,0,0,0,0,0,0,0,0,0,8,0,0,0,0,0,7,0,0,0,0,0,4,0,0,0,0,0,0,0,46,0,81,0,134,0,0,97,123,0,0,0,0,12,0,0,0,0,0,0,0,0,0,0,0,0,0,0,0,0,0,0,0,0,0,0,0,0,0,0,13,0,0,5,0,514,0,0,0,898,83,604,0,0,0,0
68,14,4,0,12,0,79,129,0,209,16,0,62,0,6,0,9,12,0,0,0,0,0,0,8,146,0,0,0,0,0,0,0,0,0,0,7,0,25,0,0,0,0,0,0,0,0,0,0,0,0,0,49,96,57,197,16,22,202,0,139,0,101,52,201,0,169,37,0,0,0,0,0,0,0,0,0,0,0,0,0,0,0,0,1,0,0,0,0,0,0,0,0,0,0,0,1,0,0,0,0,0,0,0,2,0,0,0,0,0,0,0,0,0,0,0,0,0,0,0,0,0,0,0,11,0,2,0,0,0,52,0,4,0,2,0,0,0,0,0,0,0,0,0,0,0,25,0,127,0,45,0,21,0,1,0,0,0,0,0,87,0,7,0,0,0,0,0,9,1,78,0,41,0,0,0,522,74,12,0,4,0,18,0,100,6,0,0,0,0,0,0,0,0,0,0,0,0,2,0,0,0,0,0,0,0,0,0,3,0,365,96,123,0,279,0,0,0,0,0,0,0,0,0,0
38,39,0,6,0,13,241,49,209,0,0,51,0,0,0,0,39,0,0,28,0,0,0,0,147,23,0,21,0,0,0,0,0,0,0,0,0,0,0,0,0,0,0,0,0,0,0,0,0,8,0,0,35,85,169,33,0,9,48,137,0,194,50,213,0,167,0,317,0,0,0,0,0,0,0,0,0,0,0,0,0,0,0,0,0,0,0,0,0,0,0,0,0,0,0,0,0,0,0,0,0,0,0,0,0,0,0,0,0,0,0,0,0,0,0,0,0,0,0,0,0,0,0,0,0,51,0,17,0,22,0,88,0,26,0,0,0,45,0,0,0,0,0,5,0,0,0,0,0,94,0,33,0,5,0,16,0,12,0,6,0,48,0,0,0,2,0,0,0,20,0,103,0,38,0,0,129,258,0,0,0,0,0,59,0,118,0,0,0,1,0,0,0,0,0,0,0,0,0,4,0,2,0,0,0,0,0,9,0,20,0,0,2,0,313,0,0,0,600,167,222,254,25,0,0
88,0,61,0,73,60,15,0,16,0,0,0,191,0,26,61,0,0,0,0,68,0,0,62,0,0,38,0,18,0,157,0,246,0,0,0,134,0,87,0,25,0,0,0,0,0,14,0,21,0,0,0,5,0,0,0,0,0,0,0,1,0,4,0,5,0,0,0,0,0,0,0,0,0,0,0,0,0,0,0,0,0,0,0,0,0,0,0,0,0,0,0,0,0,0,0,0,0,0,0,0,0,0,0,0,0,0,0,0,0,0,0,0,0,0,0,0,0,0,0,0,0,1,0,0,0,0,0,0,0,1,0,0,0,0,0,0,0,0,0,0,0,0,0,0,0,0,0,15,0,27,0,12,0,1,0,0,0,0,0,0,0,0,0,0,0,77,0,0,0,21,0,91,0,9,0,370,102,75,0,0,0,31,0,34,0,8,0,0,0,0,0,0,0,0,0,0,0,0,0,0,0,0,0,0,0,0,0,4,0,505,184,314,0,120,0,0,0,0,0,0,0,0,0,0
0,280,0,21,41,182,0,35,0,51,0,0,0,404,191,48,4,0,0,93,42,78,22,20,0,0,0,146,0,0,0,56,0,215,0,113,0,208,0,72,0,80,0,20,0,17,0,134,0,66,0,0,0,0,0,2,0,0,0,5,0,0,0,0,0,13,0,0,0,0,0,0,0,0,0,0,0,0,0,2,0,0,0,0,0,36,0,0,0,0,0,0,0,0,0,0,0,0,0,0,0,0,0,0,0,0,0,0,0,0,0,0,0,0,0,0,0,0,0,0,0,0,0,0,0,0,0,0,0,0,0,0,0,0,0,6,0,19,0,0,0,0,0,0,0,0,0,0,0,24,0,59,0,54,0,2,0,3,0,0,0,0,0,3,0,0,0,0,0,18,0,0,0,41,0,0,50,537,0,53,0,84,0,35,0,126,0,2,0,0,0,0,0,0,0,0,0,0,0,0,0,0,0,0,0,0,0,0,0,14,0,0,0,0,71,0,0,0,464,191,198,66,4,0,0
61,0,120,0,450,0,13,0,62,0,191,0,0,106,77,0,0,0,79,88,99,21,111,0,43,0,230,309,0,0,0,0,14,0,187,9,0,5,0,0,141,21,68,21,56,0,170,70,47,0,347,0,0,0,0,0,0,0,0,0,0,0,0,0,0,0,0,0,0,0,0,0,0,0,0,0,0,0,0,0,0,0,0,0,46,0,0,0,0,0,0,0,0,0,0,0,0,0,0,0,0,0,0,0,0,0,0,0,0,0,0,0,0,0,0,0,0,0,0,0,9,0,0,0,15,0,0,0,0,0,16,0,0,0,91,0,0,0,0,0,0,0,0,0,0,0,0,0,65,0,117,0,0,0,0,0,0,0,0,0,0,0,0,0,73,0,37,0,110,0,0,0,21,0,0,0,99,64,101,0,53,0,80,0,63,0,218,7,0,0,0,0,0,0,0,0,2,0,0,0,0,0,0,0,0,0,0,0,0,0,384,372,410,63,80,0,0,0,0,0,0,0,0,0,0
0,125,0,0,0,215,0,10,0,0,0,404,106,0,0,16,0,0,238,118,106,160,0,0,0,0,222,117,0,0,0,9,0,10,83,425,0,181,0,0,50,105,0,322,0,35,6,219,0,97,44,199,0,0,0,0,0,1,0,0,0,0,0,0,0,0,0,0,0,0,0,1,0,0,0,0,0,0,0,0,0,0,0,0,0,0,0,0,0,0,0,0,0,0,0,0,0,0,0,0,0,0,0,0,0,0,0,0,0,0,0,0,0,0,0,0,0,0,0,0,0,0,0,0,0,0,0,0,0,0,0,0,0,4,0,0,0,8,0,0,0,0,0,0,0,0,0,0,0,0,0,55,0,0,0,0,0,0,0,0,0,0,0,0,2,17,0,11,0,0,0,0,0,0,0,0,28,407,0,122,0,167,0,38,0,85,40,78,0,0,0,0,0,0,0,0,0,0,0,0,0,0,0,0,0,0,0,0,0,6,0,0,0,0,0,0,0,0,122,169,214,42,6,2,0
5,0,192,0,287,304,19,0,6,0,26,191,77,0,0,220,44,0,341,170,171,107,207,40,69,5,301,0,5,0,105,17,40,0,50,0,42,0,1,0,0,0,0,0,0,0,15,0,3,0,18,0,0,0,20,0,0,0,0,0,0,0,0,0,0,0,0,0,0,0,0,0,0,0,0,0,0,0,0,0,0,0,0,0,0,0,0,0,0,0,0,0,0,0,0,0,0,0,0,0,0,0,0,0,0,0,0,0,0,0,0,0,0,0,0,0,0,0,0,0,0,0,0,0,12,0,0,0,0,0,0,0,0,0,46,0,0,0,0,0,4,0,0,0,0,0,0,0,32,0,28,0,15,0,0,0,0,0,0,0,0,0,0,0,0,0,43,0,40,0,8,0,0,0,0,0,331,236,42,0,15,0,9,0,12,0,0,0,0,0,0,0,0,0,0,0,0,0,0,0,0,0,0,0,0,0,0,0,0,0,135,168,91,0,0,0,0,0,0,0,0,0,0,0,0
20,20,33,213,80,376,0,76,0,0,61,48,0,16,220,0,9,21,22,452,48,208,35,112,0,49,0,108,0,50,15,37,3,86,7,44,8,125,4,43,0,0,0,0,0,41,0,0,0,23,0,0,0,7,0,100,0,0,0,0,0,10,0,10,0,0,0,0,0,0,0,0,0,0,0,4,0,0,0,2,0,0,0,0,0,175,0,36,0,0,0,0,0,0,0,0,0,0,0,0,0,0,0,0,0,0,0,0,0,0,0,0,0,0,0,0,0,0,0,0,0,0,0,0,0,4,0,0,0,0,0,0,0,0,0,189,0,126,0,73,0,81,0,231,0,6,0,0,0,11,0,0,0,0,0,0,0,0,0,0,0,0,0,1,0,0,0,45,0,0,0,7,0,41,0,0,59,179,0,28,1,0,0,2,0,0,0,2,0,0,0,0,0,0,0,0,0,0,0,56,0,0,0,0,0,0,0,0,0,70,8,0,0,0,44,0,0,0,213,189,174,42,0,0,0
28,67,42,0,24,0,5,55,9,39,0,4,0,0,44,9,0,44,82,0,210,0,44,26,65,88,175,2,228,1,124,0,49,0,32,0,8,0,68,0,0,0,10,0,0,0,0,0,11,0,24,0,120,4,46,7,8,0,0,0,19,11,274,12,0,0,0,0,0,0,0,0,0,0,0,0,0,0,0,0,91,0,0,0,282,0,38,0,0,0,41,0,0,0,0,0,253,0,174,0,27,0,0,0,141,0,187,0,0,0,0,0,0,0,0,0,0,0,0,0,0,0,29,0,0,0,0,0,0,0,0,0,0,0,109,0,57,0,80,0,30,0,316,0,5,0,5,0,0,0,0,0,0,0,52,0,0,0,19,0,0,0,6,0,0,0,9,0,0,0,7,0,56,0,0,0,34,15,4,0,4,0,24,0,0,0,3,0,0,0,0,0,0,0,0,0,0,0,0,0,104,0,0,0,0,0,0,0,33,0,51,153,24,0,23,0,2,0,0,0,0,0,0,0,0
127,13,58,48,0,14,20,46,12,0,0,0,0,0,0,21,44,0,0,88,2,131,65,28,56,42,0,0,0,146,0,53,0,85,0,49,0,23,8,265,0,0,0,0,0,0,0,0,0,0,0,0,0,77,0,28,0,46,0,0,0,113,0,113,0,0,0,0,0,0,0,0,0,0,0,0,0,0,0,0,0,150,0,54,0,275,0,45,0,0,0,0,0,0,0,46,0,0,0,0,0,17,0,0,0,0,0,0,0,0,0,0,0,0,0,0,0,0,0,0,0,31,0,0,0,0,0,0,1,0,0,0,0,0,0,41,0,0,0,110,0,193,0,426,0,6,0,0,0,0,0,0,0,1,0,41,0,0,0,83,0,15,0,0,0,3,0,5,0,10,0,5,0,20,0,0,0,21,0,0,0,3,10,0,1,0,0,0,0,0,0,0,0,0,0,0,0,0,0,0,0,0,0,0,0,0,0,0,0,0,0,0,0,0,0,0,0,0,56,143,81,0,0,0,0
0,0,50,0,81,50,2,0,0,0,0,0,79,238,341,22,82,0,0,346,213,41,214,0,0,0,248,275,0,0,32,0,9,0,119,24,56,0,0,0,13,0,0,0,32,0,32,38,0,0,172,0,0,0,0,0,0,0,0,0,3,0,0,0,0,0,0,0,0,0,0,0,0,0,0,0,5,0,0,0,0,0,0,0,0,0,0,1,0,0,0,0,0,0,0,0,0,0,0,0,0,0,0,0,0,0,0,0,0,0,0,0,0,0,0,0,0,0,0,0,0,0,0,0,0,0,0,0,0,0,0,0,0,0,0,0,0,0,0,0,0,0,0,0,0,0,0,0,0,0,0,0,0,0,0,0,0,0,0,0,0,0,0,0,30,0,18,0,46,0,0,0,0,0,0,0,141,72,16,0,0,0,0,0,0,0,44,0,0,0,0,0,0,0,0,0,0,0,0,0,0,0,0,0,0,0,0,0,0,0,79,108,127,11,18,0,0,0,0,0,0,1,0,0,0
0,110,0,120,62,378,0,66,0,28,0,93,88,118,170,452,0,88,346,0,291,339,0,259,0,0,80,391,0,0,19,39,0,45,131,150,0,76,0,0,4,19,0,104,0,104,6,114,0,39,33,119,0,0,0,0,0,0,0,0,0,0,0,38,0,31,0,0,0,2,0,5,0,0,0,0,0,0,0,0,0,0,0,0,0,0,0,0,0,0,0,0,0,0,0,0,0,0,0,0,0,33,0,0,0,0,0,0,0,0,0,0,0,0,0,0,0,0,0,0,0,0,0,0,0,0,0,0,0,0,0,0,0,0,0,0,0,75,0,0,0,85,0,0,0,0,0,0,0,45,1,0,0,0,0,0,0,0,0,0,0,0,0,0,0,36,0,32,0,56,0,0,0,29,0,0,51,215,0,7,0,42,0,9,0,83,8,16,0,0,0,0,0,0,0,0,0,0,0,0,0,0,0,0,0,0,0,0,0,0,0,0,0,0,106,0,0,0,256,184,115,100,0,0,0
17,14,110,0,235,110,0,0,0,0,68,42,99,106,171,48,210,2,213,291,0,56,153,20,33,0,375,106,46,1,149,5,78,0,102,27,29,12,4,4,0,0,15,0,16,5,0,11,6,0,59,0,0,0,0,0,0,0,0,0,0,0,70,0,0,0,0,0,0,0,24,0,10,0,0,0,0,0,0,0,152,0,0,0,227,0,55,0,0,0,21,0,0,0,0,0,222,0,237,0,0,0,0,0,0,0,103,0,0,0,0,0,0,0,0,0,0,0,0,0,0,0,0,0,0,0,0,0,0,0,0,0,0,0,0,0,27,0,0,0,38,0,0,2,0,0,0,0,7,0,0,0,0,0,0,0,0,0,0,0,0,0,0,0,0,0,58,0,88,0,6,0,51,0,0,0,68,48,22,0,0,0,9,0,0,0,5,0,0,0,0,0,0,0,0,0,0,0,0,0,0,0,2,0,0,0,0,0,0,0,240,223,149,48,74,0,0,0,0,0,0,0,0,0,0
3,0,0,43,31,267,0,0,0,0,0,78,21,160,107,208,0,131,41,339,56,0,0,162,0,14,0,202,0,118,12,54,0,47,24,166,0,41,0,6,0,8,0,151,0,120,0,0,0,0,3,109,0,11,0,0,0,0,0,0,0,0,0,34,0,0,0,0,0,0,0,0,0,0,0,0,0,0,0,0,0,0,0,0,0,151,0,46,0,5,0,0,0,0,0,0,0,0,0,0,0,0,0,0,0,0,0,0,0,0,0,0,0,0,0,0,0,0,0,0,0,0,0,8,0,0,0,0,0,0,0,0,0,0,0,0,0,0,0,0,0,0,0,0,0,0,0,4,0,0,0,0,0,0,0,0,0,0,0,12,0,0,0,0,0,24,0,70,0,74,0,31,0,72,0,0,20,56,0,48,2,0,0,0,0,0,0,15,0,0,0,0,0,0,0,0,0,0,0,0,0,0,0,0,0,0,0,0,0,0,0,0,0,0,126,0,0,0,413,559,290,95,0,6,0
9,116,150,76,138,36,16,58,0,0,0,22,111,0,207,35,44,65,214,0,153,0,0,132,45,72,280,0,146,6,46,0,47,0,0,0,0,0,164,0,36,0,0,0,17,0,17,0,11,0,0,0,26,0,49,0,4,0,0,0,18,0,51,0,4,0,0,0,0,0,0,0,0,0,0,0,0,0,0,0,0,0,0,0,0,0,0,0,0,0,0,0,0,0,0,0,0,0,0,0,0,0,0,0,0,0,24,0,0,0,0,0,0,0,0,0,0,0,0,0,0,0,0,0,16,0,0,0,0,0,9,0,0,0,63,0,0,0,0,0,0,0,34,0,0,0,13,0,33,0,55,0,32,0,8,0,0,0,0,0,0,0,0,0,0,0,8,0,0,0,0,0,125,0,0,0,174,74,0,0,20,0,17,0,48,0,6,0,0,0,0,0,0,0,0,0,2,0,0,0,23,0,0,0,0,0,10,0,37,0,172,71,120,0,76,0,0,0,8,0,0,0,0,0,0
95,29,106,74,121,102,0,14,0,0,62,20,0,0,40,112,26,28,0,259,20,162,132,0,14,26,0,98,0,66,0,63,0,102,0,34,0,99,20,99,0,0,0,27,0,53,0,0,0,48,0,0,0,2,0,41,0,13,0,0,0,27,0,22,0,0,0,0,0,0,0,0,0,0,0,0,0,0,0,0,0,53,0,0,0,103,0,19,0,0,0,0,0,5,0,25,0,0,0,0,0,16,0,0,0,0,0,0,0,0,0,0,0,0,0,0,0,0,0,0,0,0,0,0,0,0,0,1,0,0,0,4,0,2,0,87,0,39,0,29,0,65,0,155,0,0,0,0,0,0,0,0,0,0,0,0,0,0,0,0,0,0,0,0,0,7,0,24,0,16,0,10,0,50,0,0,55,228,1,10,0,0,12,1,0,0,0,0,0,0,0,0,0,0,0,0,0,0,0,14,0,0,0,0,0,0,0,0,0,0,0,0,0,0,41,0,0,0,251,474,153,36,0,0,0
4,80,104,0,28,0,38,138,8,147,0,0,43,0,69,0,65,56,0,0,33,0,45,14,0,182,0,0,131,0,15,0,14,0,0,0,0,0,124,1,31,0,0,0,35,0,0,0,17,0,0,0,80,11,157,25,36,0,26,0,123,25,325,58,0,0,0,0,0,0,0,0,0,0,0,0,0,0,0,0,0,0,0,0,0,0,0,0,0,0,0,0,0,0,0,0,0,0,0,0,0,0,0,0,54,0,58,0,0,0,0,0,0,0,0,0,0,0,0,0,0,0,0,0,16,0,19,0,49,0,25,0,0,0,176,0,66,0,7,0,6,0,132,2,0,0,18,0,22,0,17,0,0,0,24,0,0,0,0,0,13,0,0,0,9,0,0,0,33,0,108,0,217,0,0,0,23,41,0,0,0,4,9,0,0,0,5,0,0,0,0,0,0,0,0,0,0,0,0,0,71,0,0,0,0,0,0,0,117,0,294,49,274,246,282,0,35,1,0,0,0,0,0,0,0
246,12,93,105,0,8,163,198,146,23,0,0,0,0,5,49,88,42,0,0,0,14,72,26,182,0,0,0,0,18,0,9,0,6,0,0,0,0,9,39,0,0,0,0,1,4,0,0,0,0,0,0,8,19,35,128,0,38,0,32,0,67,43,26,0,0,0,0,0,0,0,0,0,0,0,0,0,0,0,0,0,0,0,0,1,68,0,0,0,0,0,0,0,0,0,23,0,0,0,0,0,0,0,0,0,0,0,0,0,0,0,0,0,0,0,0,0,0,0,0,0,0,0,0,0,0,0,3,0,0,0,3,0,0,0,83,0,63,0,41,0,68,0,132,0,0,0,0,0,0,0,2,0,0,0,22,0,0,0,16,0,2,0,0,0,0,0,0,0,12,0,13,0,34,0,0,63,54,0,0,0,0,23,0,0,0,0,0,0,0,0,0,0,0,0,0,0,0,0,13,0,0,0,0,0,0,0,0,0,17,0,3,0,0,36,0,0,0,135,227,83,29,0,0,0
13,0,0,0,102,11,0,0,0,0,38,0,230,222,301,0,175,0,248,80,375,0,280,0,0,0,0,758,50,0,96,0,37,0,92,0,54,0,0,0,58,93,58,41,208,109,78,313,57,0,196,25,0,0,0,0,0,0,0,0,0,0,0,0,4,0,0,0,0,0,63,0,20,0,0,0,0,0,0,0,0,0,0,0,311,0,0,0,0,0,31,0,0,0,0,0,0,0,0,0,0,0,0,0,0,0,0,0,0,0,0,0,0,0,0,0,0,0,0,0,0,0,0,0,0,0,0,0,0,0,0,0,0,0,0,0,0,0,0,0,0,0,0,0,0,0,0,0,50,0,0,0,0,0,0,0,0,0,0,0,0,0,0,0,134,0,18,0,0,0,0,0,24,0,0,0,17,63,15,0,0,0,24,0,0,0,131,14,0,0,0,0,0,0,0,0,0,0,0,0,0,0,0,0,0,0,0,0,62,0,139,334,399,126,53,0,0,7,0,3,0,0,0,0,0
0,114,0,61,0,354,0,0,0,21,0,146,309,117,0,108,2,0,275,391,106,202,0,98,0,0,758,0,0,30,0,0,0,18,136,97,0,46,0,0,331,12,52,269,89,164,108,157,5,22,131,200,0,0,0,0,0,0,0,0,0,0,0,15,0,20,0,0,0,0,0,0,0,0,0,0,0,0,0,0,0,0,0,0,0,88,0,0,0,0,0,0,0,0,0,0,0,0,0,0,0,0,0,0,0,0,0,0,0,0,0,0,0,0,0,0,0,0,0,0,0,0,0,6,0,0,0,0,0,0,0,0,0,0,0,0,0,0,0,0,0,0,0,0,0,16,0,0,0,0,0,48,0,0,0,0,0,0,0,0,0,0,0,0,0,55,0,0,0,60,0,8,0,11,0,0,22,193,0,0,0,74,0,0,0,72,52,26,0,0,0,0,0,0,0,0,0,0,0,0,0,0,0,0,0,0,0,0,0,0,0,0,0,0,66,1,0,0,169,491,326,105,0,6,0
68,0,144,0,0,0,0,2,0,0,18,0,0,0,5,0,228,0,0,0,46,0,146,0,131,0,50,0,0,0,70,0,19,0,53,0,76,0,10,0,0,0,25,0,19,0,0,0,0,0,43,0,20,0,5,0,3,0,0,0,0,0,67,0,0,0,0,0,0,0,8,0,0,0,0,0,0,0,0,0,0,0,0,0,89,0,17,0,0,0,0,0,0,0,0,0,61,0,56,0,0,0,0,0,0,0,0,0,0,0,0,0,0,0,0,0,0,0,0,0,0,0,8,0,0,0,0,0,0,0,0,0,0,0,0,0,25,0,81,0,46,0,74,0,41,0,0,0,0,0,0,0,0,0,15,0,1,0,4,0,0,0,0,0,0,0,1,0,0,0,0,0,5,0,0,0,15,0,0,0,0,0,21,0,0,0,1,0,0,0,0,0,0,0,0,0,0,0,0,0,11,0,0,0,0,0,0,0,0,0,0,23,4,0,0,0,0,0,0,0,0,0,0,0,0
0,33,4,74,0,48,0,97,0,0,0,0,0,0,0,50,1,146,0,0,1,118,6,66,0,18,0,30,0,0,0,22,1,31,0,113,0,34,0,10,0,0,0,45,0,0,0,0,0,0,0,26,0,16,0,0,0,0,0,0,0,17,0,79,0,0,0,0,0,0,0,3,0,0,0,0,0,0,0,0,0,84,0,0,0,131,0,31,0,0,0,0,0,0,0,10,0,0,0,0,0,0,0,0,0,0,0,0,0,0,0,0,0,0,0,0,0,0,0,0,0,28,0,10,0,0,0,0,0,0,0,0,0,0,0,23,0,0,0,93,0,159,0,191,0,47,0,0,0,0,0,0,0,0,0,0,0,6,0,41,0,0,0,0,0,3,0,1,0,6,0,0,0,0,0,0,0,4,0,14,0,0,0,0,0,1,0,0,0,0,0,0,0,0,0,0,0,0,0,0,0,0,0,0,0,0,0,0,0,0,0,0,0,0,13,0,0,0,35,170,16,4,0,0,0
15,1,76,0,364,27,0,0,0,0,157,0,0,0,105,15,124,0,32,19,149,12,46,0,15,0,96,0,70,0,0,0,7,0,34,0,7,0,4,0,0,0,35,0,13,0,0,0,0,0,97,0,8,0,5,0,0,0,0,0,0,0,63,0,0,0,0,0,0,0,21,0,10,0,0,0,0,0,0,0,0,0,0,0,192,0,40,0,0,0,0,0,0,0,0,0,153,0,201,0,16,0,0,0,0,0,0,0,0,0,0,0,0,0,0,0,0,0,0,0,0,0,0,0,2,0,0,0,0,0,0,0,0,0,0,0,0,0,29,0,0,0,91,0,0,0,0,0,13,0,0,0,0,0,0,0,0,0,0,0,0,0,21,0,3,0,59,0,46,0,7,0,35,0,0,0,55,0,50,0,0,0,0,0,0,0,0,0,0,0,0,0,0,0,0,0,1,0,0,0,0,0,0,0,0,0,0,0,7,0,100,67,85,19,39,0,0,0,1,0,1,0,0,0,0
0,0,0,41,0,97,0,0,0,0,0,56,0,9,17,37,0,53,0,39,5,54,0,63,0,9,0,0,0,22,0,0,2,6,0,38,0,13,0,8,0,0,0,57,0,23,0,0,0,4,0,51,0,2,0,0,0,0,0,0,0,0,0,10,0,0,0,0,0,0,0,0,0,0,0,0,0,0,0,0,0,27,0,0,0,45,0,0,0,0,0,0,0,0,0,0,0,0,0,0,0,5,0,0,0,0,0,0,0,0,0,0,0,0,0,0,0,0,0,0,0,0,0,0,0,0,0,0,0,0,0,0,0,0,0,0,0,0,0,0,0,16,0,55,0,8,0,0,0,0,0,0,0,0,0,0,0,0,0,0,0,0,0,0,0,0,0,14,0,0,0,0,0,16,0,0,0,20,0,28,0,0,0,0,0,0,0,0,0,0,0,0,0,0,0,0,0,0,0,1,0,0,0,0,0,0,0,0,0,0,0,0,0,0,45,0,0,0,151,185,66,20,0,0,0
75,0,152,0,331,0,0,0,0,0,246,0,14,0,40,3,49,0,9,0,78,0,47,0,14,0,37,0,19,1,7,2,0,0,26,0,75,1,6,0,3,0,42,0,22,0,0,0,0,0,44,0,0,0,0,0,0,0,0,0,0,0,28,0,0,0,0,0,0,0,12,0,0,0,8,0,0,0,0,0,62,0,0,0,91,0,20,0,0,0,7,0,0,0,0,0,0,0,0,0,0,0,0,0,0,0,0,0,0,0,0,0,0,0,0,0,0,0,0,0,12,0,9,0,0,0,0,0,0,0,0,0,0,0,0,0,0,0,47,0,23,0,53,0,75,0,0,0,0,0,0,0,0,0,9,0,5,0,0,0,0,0,15,0,0,0,66,0,39,0,8,0,33,0,0,0,77,0,63,0,0,0,35,0,0,0,0,0,0,0,0,0,0,0,0,0,0,0,0,0,0,0,0,0,0,0,0,0,0,0,66,61,74,19,17,0,0,0,0,0,0,0,0,0,0
0,66,0,128,0,202,0,35,0,0,0,215,0,10,0,86,0,85,0,45,0,47,0,102,0,6,0,18,0,31,0,6,0,0,0,59,0,137,0,4,0,0,0,72,0,25,0,0,0,3,0,50,0,2,0,0,0,0,0,0,0,12,0,25,0,0,0,0,0,0,0,0,0,2,0,0,0,0,0,0,0,51,0,0,0,61,0,0,0,0,0,0,0,0,0,0,0,0,0,0,0,0,0,0,0,0,0,0,0,0,0,0,0,0,0,0,0,0,0,0,0,0,0,0,0,0,0,0,0,0,0,0,0,0,0,0,0,0,0,58,0,73,0,99,0,29,0,0,0,0,0,0,0,0,0,0,0,10,0,0,0,0,0,1,0,4,0,32,0,9,0,6,0,21,0,0,0,35,0,103,0,0,0,0,0,0,0,0,0,0,0,0,0,0,0,0,0,0,0,0,0,0,0,0,0,0,0,0,0,0,0,0,0,0,47,0,0,0,122,226,113,31,0,3,0
0,0,0,0,82,0,0,0,0,0,0,0,187,83,50,7,32,0,119,131,102,24,0,0,0,0,92,136,53,0,34,0,26,0,0,0,64,1,23,0,6,0,19,0,18,0,0,0,2,0,89,0,0,0,4,0,0,0,0,0,0,0,10,0,1,0,0,0,0,0,0,0,0,0,0,0,0,0,0,0,0,0,0,0,0,0,0,0,0,0,0,0,0,0,0,0,0,0,0,0,0,0,0,0,0,0,0,0,0,0,0,0,0,0,0,0,0,0,0,0,0,0,0,0,0,0,0,0,0,0,0,0,0,0,0,0,0,0,0,0,0,0,0,0,30,0,0,0,0,0,0,0,0,0,6,0,3,0,0,0,0,0,0,0,66,0,71,0,96,0,0,0,0,0,0,0,11,0,9,0,0,0,0,0,0,0,19,0,0,0,0,0,0,0,0,0,0,0,0,0,0,0,0,0,0,0,0,0,0,0,210,191,238,39,51,0,0,0,2,0,0,0,0,0,0
0,0,0,0,0,241,0,0,0,0,0,113,9,425,0,44,0,49,24,150,27,166,0,34,0,0,0,97,0,113,0,38,0,59,0,0,0,85,0,16,0,0,0,108,0,54,1,0,0,9,0,90,0,6,0,3,0,0,0,0,0,0,0,20,0,0,0,0,0,0,0,9,0,0,0,0,0,0,0,0,0,70,0,0,0,103,0,0,0,0,0,0,0,0,0,0,0,0,0,0,0,0,0,0,0,0,0,0,0,0,0,0,0,0,0,1,0,0,0,0,0,0,0,0,0,0,0,0,0,0,0,0,0,0,0,0,0,0,0,38,0,108,0,0,0,48,0,0,0,0,0,0,0,0,0,0,0,5,0,0,0,0,0,0,0,41,0,54,0,49,0,0,0,32,0,0,0,32,0,61,0,0,0,0,0,0,0,23,0,0,0,0,0,0,0,0,0,0,0,0,0,0,0,0,0,0,0,0,0,0,0,0,0,0,35,0,0,0,133,151,183,45,0,3,0
47,0,31,0,192,12,0,0,7,0,134,0,0,0,42,8,8,0,56,0,29,0,0,0,0,0,54,0,76,0,7,0,75,0,64,0,0,0,44,0,0,0,66,0,34,0,0,0,3,0,94,0,9,0,0,0,0,0,0,0,35,0,6,0,0,0,0,0,0,0,28,0,0,0,19,0,0,0,0,0,80,0,0,0,79,0,36,0,0,0,0,0,0,0,0,0,55,0,122,0,0,0,8,0,0,0,0,0,0,0,0,0,0,0,0,0,0,0,0,0,19,0,8,0,0,0,0,0,0,0,0,0,0,0,12,0,0,0,114,0,68,0,32,0,205,0,5,0,17,0,0,0,0,0,30,0,58,0,11,0,0,0,40,0,16,0,33,0,65,0,0,0,54,0,0,0,33,0,33,0,0,0,12,0,0,0,1,0,0,0,0,0,0,0,0,0,0,0,0,0,0,0,0,0,0,0,0,0,0,0,45,58,104,0,11,0,0,0,0,0,0,0,0,0,0
0,183,0,125,0,158,0,0,0,0,0,208,5,181,0,125,0,23,0,76,12,41,0,99,0,0,0,46,0,34,0,13,1,137,1,85,0,0,0,39,0,0,0,72,0,18,0,0,0,7,0,85,0,12,0,3,0,0,0,0,0,31,0,64,0,0,0,0,0,0,0,5,0,0,0,0,0,0,0,0,0,0,0,0,0,83,0,0,0,0,0,0,0,0,0,0,0,0,0,0,0,0,0,0,0,0,0,0,0,0,0,0,0,0,0,0,0,0,0,0,0,41,0,0,0,0,0,0,0,0,0,0,0,0,0,0,0,0,0,100,0,205,0,159,0,219,0,0,0,0,0,0,0,0,0,0,0,73,0,43,0,0,0,0,0,9,0,29,0,67,0,18,0,60,0,0,0,31,0,72,0,0,0,4,0,0,0,6,0,0,0,0,0,0,0,0,0,0,0,0,0,0,0,0,0,0,0,0,0,9,0,0,2,0,24,0,0,0,40,165,130,26,0,0,0
465,4,302,0,112,0,25,0,25,0,87,0,0,0,1,4,68,8,0,0,4,0,164,20,124,9,0,0,10,0,4,0,6,0,23,0,44,0,0,0,0,0,11,0,0,0,0,0,0,0,18,0,12,0,0,0,0,0,0,0,4,0,19,0,0,0,0,0,0,0,2,0,0,0,0,0,0,0,0,0,0,0,0,0,0,0,6,0,0,0,0,0,0,0,0,0,16,0,28,0,0,0,3,0,0,0,0,0,0,0,0,0,0,0,0,0,0,0,0,0,0,0,0,0,0,0,0,0,0,0,0,0,0,0,0,0,0,0,56,0,20,0,0,0,71,0,0,0,0,0,0,0,0,0,35,0,29,0,23,0,0,0,9,0,0,0,13,0,2,0,0,0,5,0,0,0,54,5,8,0,0,0,104,0,0,0,0,0,0,0,0,0,0,0,0,0,0,0,0,0,0,0,0,0,0,0,0,0,0,0,24,198,29,12,23,0,1,0,0,0,0,0,0,0,0
0,238,0,243,0,70,0,360,0,0,0,72,0,0,0,43,0,265,0,0,4,6,0,99,1,39,0,0,0,10,0,8,0,4,0,16,0,39,0,0,0,0,0,23,0,0,0,0,0,0,0,26,0,8,0,11,0,0,0,0,0,5,0,25,0,0,0,0,0,0,0,0,0,0,0,0,0,0,0,0,0,0,0,7,0,31,0,0,0,0,0,0,0,0,0,0,0,0,0,0,0,0,0,0,0,0,0,0,0,0,0,0,0,0,0,0,0,0,0,0,0,0,0,0,0,0,0,0,0,0,0,0,0,0,0,0,0,0,0,23,0,29,0,51,0,20,0,0,0,4,0,0,0,0,0,4,0,34,0,19,0,0,0,0,0,0,0,5,0,3,0,0,0,9,0,0,0,29,0,16,0,0,0,0,0,9,0,0,0,0,0,0,0,0,0,0,0,0,0,0,0,0,0,0,0,0,0,0,0,0,0,0,0,0,0,0,0,0,22,137,17,0,0,0,0
0,0,16,0,96,0,0,0,0,0,25,0,141,50,0,0,0,0,13,4,0,0,36,0,31,0,58,331,0,0,0,0,3,0,6,0,0,0,0,0,0,42,21,29,24,132,43,209,135,27,37,0,0,0,0,0,0,0,0,0,3,0,0,0,0,0,0,0,0,2,6,0,0,0,0,0,0,0,0,0,0,0,0,0,0,0,0,0,0,0,0,0,0,0,0,0,0,0,0,0,0,0,0,0,0,0,0,0,0,0,0,0,0,0,0,0,0,0,0,0,0,0,0,0,0,0,0,0,0,0,0,0,0,0,0,0,0,0,0,0,0,0,0,0,0,0,0,0,26,0,0,0,0,0,0,0,0,1,0,0,0,0,0,0,0,0,0,0,0,0,0,0,0,0,0,0,57,41,45,0,43,0,49,0,0,0,206,10,0,0,0,0,0,0,0,0,0,0,0,0,0,0,0,0,0,0,0,0,0,0,38,198,95,11,0,0,0,41,0,3,1,0,0,0,0
0,0,0,0,0,29,0,0,0,0,0,80,21,105,0,0,0,0,0,19,0,8,0,0,0,0,93,12,0,0,0,0,0,0,0,0,0,0,0,0,42,0,0,111,58,81,37,129,14,138,0,28,0,0,0,0,0,0,0,0,0,0,0,0,0,1,0,0,0,2,0,0,0,0,0,0,0,0,0,0,0,0,0,0,0,0,0,0,0,0,0,0,0,0,0,0,0,0,0,0,0,0,0,0,0,0,0,0,0,0,0,0,0,0,0,0,0,2,0,0,0,0,0,0,0,0,0,0,0,0,0,0,0,0,0,0,0,0,0,0,0,0,0,0,0,0,0,0,0,0,0,0,0,0,0,0,0,0,0,0,0,0,0,0,1,31,0,0,0,0,0,0,0,0,0,0,0,151,0,24,0,19,0,5,0,8,30,32,0,0,0,0,0,0,0,0,0,0,0,0,0,0,0,0,0,0,0,0,0,0,0,0,0,0,0,0,0,0,0,22,9,0,0,0,6
0,0,0,0,0,0,0,0,0,0,0,0,68,0,0,0,10,0,0,0,15,0,0,0,0,0,58,52,25,0,35,0,42,0,19,0,66,0,11,0,21,0,0,3,112,18,18,34,37,0,37,0,0,0,0,0,0,0,0,0,1,0,0,0,0,0,0,0,0,0,23,0,0,0,0,0,0,0,0,0,45,0,19,0,0,0,0,0,0,0,0,0,0,0,0,0,0,0,76,0,0,0,5,0,0,0,17,0,0,0,0,0,0,0,0,0,0,0,0,0,11,0,0,0,0,0,0,0,0,0,0,0,0,0,0,0,0,0,0,0,0,0,0,0,15,0,0,0,0,0,0,0,0,0,0,0,0,0,0,0,0,0,0,0,28,0,9,0,6,0,0,0,11,0,0,0,0,0,0,0,3,0,0,0,0,0,51,0,0,0,0,0,0,0,0,0,0,0,1,0,0,0,0,0,0,0,0,0,2,0,29,90,104,14,4,0,0,4,0,0,0,0,0,0,0
0,0,0,0,0,36,0,0,0,0,0,20,21,322,0,0,0,0,0,104,0,151,0,27,0,0,41,269,0,45,0,57,0,72,0,108,0,72,0,23,29,111,3,0,8,44,6,49,0,17,0,35,0,4,0,0,0,0,0,0,0,4,0,0,0,0,0,0,0,0,0,0,0,0,0,0,0,0,0,0,0,91,0,0,0,0,0,0,0,0,0,0,0,0,0,0,0,0,0,0,0,0,0,0,0,0,0,0,0,0,0,0,0,0,0,0,0,0,0,0,0,49,0,0,0,0,0,0,0,0,0,0,0,0,0,0,0,0,0,0,0,88,0,84,0,53,0,0,0,0,0,0,0,0,0,0,0,0,0,0,0,0,0,0,0,43,0,10,0,35,0,5,0,14,0,0,0,12,0,0,0,0,0,0,0,0,0,112,0,0,0,0,0,0,0,0,0,0,0,0,0,0,0,0,0,0,0,0,0,0,0,0,0,0,0,0,0,0,80,173,194,42,0,0,0
6,0,0,0,43,0,10,0,0,0,0,0,56,0,0,0,0,0,32,0,16,0,17,0,35,1,208,89,19,0,13,0,22,0,18,0,34,0,0,0,24,58,112,8,0,85,92,160,194,63,197,5,0,0,11,0,0,0,0,0,0,0,16,0,0,0,0,0,9,0,25,0,0,0,0,0,0,0,0,0,90,0,47,0,66,0,0,0,0,0,0,0,31,0,28,0,0,0,118,0,0,0,9,0,0,0,32,0,0,0,0,0,0,0,0,0,0,0,0,0,19,0,0,0,0,0,0,0,0,0,0,0,0,0,17,0,0,0,21,0,0,0,0,0,0,0,4,0,17,0,0,0,0,0,0,0,0,0,0,0,2,0,0,0,171,0,21,0,45,0,17,0,31,0,0,0,13,7,4,0,19,0,0,0,14,0,71,0,0,0,0,0,0,0,0,0,0,0,0,0,0,0,0,0,0,0,0,0,0,0,42,158,298,36,12,0,2,54,0,5,0,0,0,0,0
0,0,0,0,0,39,0,0,0,0,0,17,0,35,0,41,0,0,0,104,5,120,0,53,0,4,109,164,0,0,0,23,0,25,0,54,0,18,0,0,132,81,18,44,85,0,94,98,17,82,15,28,0,0,0,5,0,0,0,4,0,0,0,0,0,0,0,0,0,11,0,0,0,0,0,0,0,0,0,0,0,0,0,0,0,108,0,0,0,9,0,0,0,29,0,39,0,0,0,0,0,12,0,5,0,0,0,0,0,0,0,0,0,0,0,0,0,4,0,0,0,0,0,17,0,0,0,1,0,0,0,0,0,0,0,0,0,0,0,0,0,0,0,0,0,35,0,0,0,2,0,0,0,2,0,0,0,0,0,0,0,0,0,0,0,46,0,5,0,98,0,6,0,16,0,0,0,46,0,0,0,0,0,0,0,8,37,43,0,0,0,0,0,0,0,0,0,3,0,0,0,0,0,0,0,0,0,0,0,0,0,0,0,0,15,0,0,0,46,342,469,52,12,1,59
9,0,19,0,71,0,0,0,0,0,14,0,170,6,15,0,0,0,32,6,0,0,17,0,0,0,78,108,0,0,0,0,0,0,0,1,0,0,0,0,43,37,18,6,92,94,0,169,162,49,25,0,0,0,0,0,0,0,0,0,0,0,0,0,0,0,0,0,0,0,0,0,0,0,0,0,0,0,0,0,0,0,0,0,0,0,0,0,0,0,0,0,0,0,0,0,0,0,0,0,0,0,4,0,0,0,0,0,0,0,0,0,0,0,0,0,0,0,0,0,0,0,0,0,0,0,0,0,0,0,0,0,0,0,0,0,0,0,0,0,0,0,0,0,0,0,0,0,25,0,0,0,13,0,0,0,0,0,0,0,0,0,0,0,29,0,1,0,0,0,0,0,0,0,0,0,15,22,9,0,0,0,20,0,14,0,115,2,0,0,0,0,0,0,0,0,0,0,0,0,0,0,0,0,0,0,0,0,0,0,0,253,150,12,0,0,0,106,0,7,0,0,0,0,2
0,38,0,0,0,157,0,0,0,0,0,134,70,219,0,0,0,0,38,114,11,0,0,0,0,0,313,157,0,0,0,0,0,0,0,0,0,0,0,0,209,129,34,49,160,98,169,0,22,102,0,15,0,0,0,0,0,0,0,0,0,0,0,0,0,0,0,0,0,0,0,0,0,0,0,0,0,0,0,0,0,0,0,0,0,0,0,0,0,0,0,0,0,0,0,9,0,0,0,0,0,0,0,0,0,0,0,0,0,0,0,0,0,0,0,0,0,0,0,0,0,0,0,0,0,0,0,0,0,0,0,0,0,0,0,0,0,0,0,0,0,0,0,0,0,0,0,0,0,0,0,0,0,0,0,0,0,0,0,0,0,0,0,0,0,0,0,1,0,8,0,0,0,0,0,0,0,203,0,0,0,29,0,0,0,0,72,43,0,0,0,0,0,0,0,0,0,0,0,0,0,0,0,0,0,0,0,0,0,0,0,0,0,0,0,0,0,0,0,243,0,10,0,0,66
9,0,15,0,20,0,36,0,0,0,21,0,47,0,3,0,11,0,0,0,6,0,11,0,17,0,57,5,0,0,0,0,0,0,2,0,3,0,0,0,135,14,37,0,194,17,162,22,0,44,42,0,4,0,25,0,20,0,20,0,0,0,3,0,0,0,0,0,17,0,16,0,0,0,12,0,4,0,0,0,20,0,41,1,11,0,16,0,25,0,2,0,47,0,54,0,13,0,32,0,14,0,34,0,14,0,0,0,7,0,0,0,0,0,0,0,0,0,0,0,0,0,0,0,0,0,0,0,0,0,1,0,0,0,22,0,0,0,2,0,2,0,27,0,10,0,2,0,0,0,32,0,0,0,0,0,0,0,0,0,0,0,0,0,5,0,3,0,9,0,12,0,37,0,32,0,62,11,37,0,32,0,14,0,0,0,122,0,14,0,3,0,16,0,11,0,5,0,13,0,0,0,37,0,19,0,14,0,14,0,58,74,117,12,22,11,5,11,0,3,2,0,0,0,0
0,0,0,0,0,37,0,0,0,8,0,66,0,97,0,23,0,0,0,39,0,0,0,48,0,0,0,22,0,0,0,4,0,3,0,9,0,7,0,0,27,138,0,17,63,82,49,102,44,0,0,0,0,4,0,0,0,0,0,0,0,6,0,0,0,0,0,0,0,9,0,0,0,0,0,0,0,4,0,0,0,35,0,22,0,0,0,0,0,0,0,0,0,46,0,26,0,0,0,0,0,3,0,0,0,0,0,2,0,0,0,0,0,0,0,0,0,1,0,0,0,8,0,0,0,0,0,0,0,0,0,0,0,0,0,0,0,0,0,0,0,0,0,0,0,0,0,0,0,0,0,0,0,0,0,0,0,3,0,0,0,0,0,0,0,23,0,2,0,11,0,0,0,2,0,13,0,111,0,0,0,36,0,0,0,19,41,58,0,0,0,0,0,0,0,3,0,0,0,0,0,0,0,0,0,0,0,0,0,0,1,0,0,0,31,0,0,0,56,25,0,0,5,0,31
0,0,0,0,52,0,0,0,0,0,0,0,347,44,18,0,24,0,172,33,59,3,0,0,0,0,196,131,43,0,97,0,44,0,89,0,94,0,18,0,37,0,37,0,197,15,25,0,42,0,0,0,0,0,0,0,0,0,0,0,0,0,0,0,0,0,0,0,0,0,52,0,14,0,0,0,0,0,0,0,139,0,66,0,134,0,60,0,31,0,0,0,0,0,48,0,126,0,234,0,37,0,29,0,0,0,61,0,0,0,0,0,0,0,0,0,0,0,0,0,0,0,0,0,0,0,0,0,0,0,0,0,0,0,0,0,0,0,0,0,0,0,52,0,59,0,0,0,0,0,0,0,11,0,0,0,0,0,0,0,0,0,29,0,65,0,24,0,99,0,21,0,47,0,0,0,0,10,9,0,0,0,0,0,0,0,67,0,0,0,0,0,0,0,7,0,0,0,0,0,0,0,0,0,0,0,0,0,0,0,69,113,159,43,26,0,0,0,0,0,0,0,0,0,0
0,0,0,0,0,63,0,0,0,0,0,0,0,199,0,0,0,0,0,119,0,109,0,0,0,0,25,200,0,26,0,51,0,50,0,90,0,85,0,26,0,28,0,35,5,28,0,15,0,0,0,0,0,0,0,0,0,0,0,10,0,5,0,0,0,0,0,0,0,2,0,0,0,0,0,33,0,0,0,8,0,100,0,0,0,94,0,0,0,0,0,0,0,0,0,0,0,0,0,0,0,0,0,0,0,0,0,0,0,0,0,0,0,0,0,0,0,0,0,0,0,56,0,12,0,0,0,0,0,0,0,0,0,0,0,0,0,0,0,0,0,93,0,78,0,67,0,0,0,0,0,0,0,0,0,0,0,4,0,0,0,0,0,0,0,29,0,14,0,97,0,24,0,19,0,0,0,0,0,0,0,0,0,0,0,0,0,40,0,0,0,0,0,0,0,0,0,0,0,0,0,0,0,0,0,0,0,0,0,0,0,0,0,0,24,0,0,0,56,78,83,31,0,2,1
0,0,24,0,0,0,89,0,49,35,5,0,0,0,0,0,120,0,0,0,0,0,26,0,80,8,0,0,20,0,8,0,0,0,0,0,9,0,12,0,0,0,0,0,0,0,0,0,4,0,0,0,0,36,125,75,50,27,59,60,55,0,154,4,2,0,5,68,1,0,0,0,0,0,0,0,0,0,0,0,8,0,0,0,55,0,0,0,0,0,4,0,0,0,0,0,55,0,15,0,0,0,4,0,43,0,58,0,0,0,0,0,0,0,0,0,0,0,0,0,0,0,0,0,0,0,1,0,39,0,5,0,6,0,31,0,118,0,190,0,52,0,214,0,20,0,0,0,0,0,0,0,0,0,154,0,40,0,53,0,7,0,0,0,0,0,2,0,14,0,81,0,12,0,0,0,22,2,0,0,1,0,5,0,0,0,0,0,0,0,0,0,0,0,0,0,0,0,4,0,57,0,0,0,0,0,0,0,0,0,56,384,54,33,55,0,5,0,3,0,0,0,0,0,0
0,7,0,0,0,0,62,29,96,85,0,0,0,0,0,7,4,77,0,0,0,11,0,2,11,19,0,0,0,16,0,2,0,2,0,6,0,12,0,8,0,0,0,4,0,0,0,0,0,4,0,0,36,0,81,55,6,92,67,52,0,10,19,49,0,0,22,11,0,0,0,0,0,0,0,0,0,0,0,0,0,20,0,0,0,66,0,0,0,0,0,0,0,0,0,0,0,10,0,19,0,2,0,0,0,0,0,0,0,0,0,0,0,0,0,0,0,0,0,0,0,2,0,0,0,4,0,0,0,11,0,6,0,9,0,23,0,37,0,108,0,85,0,223,0,57,0,0,0,0,0,0,0,0,1,125,0,75,0,186,2,15,0,0,0,0,0,0,0,2,0,24,0,0,0,0,15,34,0,0,0,0,0,0,5,9,0,0,0,0,0,0,0,0,0,0,0,0,0,0,0,0,0,0,0,0,0,0,0,0,4,0,0,0,28,0,0,0,30,299,51,0,13,0,0
8,0,35,0,25,0,100,0,57,169,0,0,0,0,20,0,46,0,0,0,0,0,49,0,157,35,0,0,5,0,5,0,0,0,4,0,0,0,0,0,0,0,0,0,11,0,0,0,25,0,0,0,125,81,0,140,86,18,57,70,32,0,43,27,5,0,15,89,3,0,0,0,0,0,0,0,1,0,0,0,0,0,0,0,0,0,0,0,0,0,0,0,0,0,0,0,0,0,0,0,0,0,0,0,0,0,0,0,0,0,0,0,0,0,0,0,0,0,0,0,0,0,0,0,0,0,7,0,60,0,32,0,7,0,92,0,83,0,16,6,0,0,63,0,0,1,7,0,15,0,0,0,0,0,40,0,5,0,15,0,76,0,17,0,0,0,10,0,32,0,308,0,25,0,0,0,28,10,0,0,0,2,0,0,0,0,0,0,0,0,0,0,0,0,0,0,0,0,0,0,0,0,0,0,0,0,0,0,25,0,203,71,331,323,478,0,134,0,0,0,0,0,0,0,0
8,16,0,54,0,18,116,118,197,33,0,2,0,0,0,100,7,28,0,0,0,0,0,41,25,128,0,0,0,0,0,0,0,0,0,3,0,3,0,11,0,0,0,0,0,5,0,0,0,0,0,0,75,55,140,0,0,158,156,129,4,24,39,26,0,4,47,0,0,0,0,0,0,0,0,0,0,2,0,0,0,0,0,4,0,12,0,0,0,0,0,0,0,0,0,0,0,4,0,0,0,0,0,0,0,0,1,0,0,0,0,0,0,0,0,0,0,0,0,0,0,0,0,0,0,3,0,0,0,29,0,18,0,0,0,84,0,70,2,98,0,48,0,80,0,0,0,0,0,0,0,0,0,0,0,31,0,0,0,34,0,0,0,0,0,3,0,0,0,19,0,140,0,33,0,0,28,14,0,0,0,0,0,0,0,10,0,0,0,0,0,0,0,0,0,0,0,0,0,14,0,21,0,0,0,0,0,0,0,10,0,0,0,0,219,0,0,0,166,159,282,258,0,46,0
0,0,0,0,0,0,9,0,16,0,0,0,0,0,0,0,8,0,0,0,0,0,4,0,36,0,0,0,3,0,0,0,0,0,0,0,0,0,0,0,0,0,0,0,0,0,0,0,20,0,0,0,50,6,86,0,0,0,200,25,0,0,8,0,69,4,8,34,0,0,0,0,0,0,0,0,0,0,0,0,0,0,0,0,0,0,0,0,0,0,0,0,0,0,0,0,0,0,1,0,0,0,0,0,0,0,0,0,0,0,0,0,0,0,0,0,0,0,0,0,0,0,0,0,0,0,3,0,87,0,19,0,2,0,0,0,11,0,6,0,1,0,7,0,7,2,0,0,2,0,0,0,0,0,95,0,9,0,22,7,78,0,49,0,13,0,0,0,54,0,247,0,0,0,0,0,2,0,0,0,0,0,0,0,0,0,0,0,0,0,0,0,0,0,0,0,0,0,0,0,3,0,0,0,0,0,0,0,0,0,249,61,516,458,905,0,168,2,0,0,0,0,0,0,0
0,7,0,15,0,0,0,11,22,9,0,0,0,1,0,0,0,46,0,0,0,0,0,13,0,38,0,0,0,0,0,0,0,0,0,0,0,0,0,0,0,0,0,0,0,0,0,0,0,0,0,0,27,92,18,158,0,0,89,141,0,0,0,0,5,0,33,49,0,0,0,0,0,0,0,0,0,6,0,0,0,0,0,0,0,4,0,0,0,0,0,0,0,0,0,0,0,0,0,0,0,0,0,0,0,0,0,0,0,0,0,0,0,0,0,0,0,0,0,0,0,0,0,0,0,8,0,0,0,94,0,45,0,11,0,31,0,81,0,71,0,36,0,63,0,0,0,0,0,0,0,0,0,0,5,208,0,17,0,158,0,35,0,0,0,7,0,0,0,44,0,192,0,8,0,13,2,0,0,0,0,0,0,0,0,27,0,0,0,0,0,0,0,0,0,0,0,0,0,8,0,0,0,0,0,0,0,0,0,1,0,0,0,0,352,0,0,0,131,74,361,297,71,0,0
5,0,8,0,7,0,25,0,202,48,0,0,0,0,0,0,0,0,0,0,0,0,0,0,26,0,0,0,0,0,0,0,0,0,0,0,0,0,0,0,0,0,0,0,0,0,0,0,20,0,0,0,59,67,57,156,200,89,0,192,0,0,7,0,136,4,277,187,1,0,0,0,0,0,0,0,1,0,0,0,0,0,0,0,0,0,0,0,0,0,0,0,1,0,0,0,0,0,0,0,0,0,0,0,0,0,0,0,0,0,0,0,0,0,0,0,0,0,0,0,0,0,0,0,0,0,0,0,0,0,11,0,2,0,0,0,0,0,2,0,0,0,0,0,0,0,0,0,4,0,0,0,0,0,8,7,9,0,1,10,32,2,0,0,0,0,0,0,20,0,84,0,10,0,0,0,217,0,0,0,0,0,0,0,86,0,0,0,0,0,0,0,0,0,0,0,0,0,0,0,0,0,0,0,0,0,0,0,0,0,697,302,350,805,1908,3,296,0,0,3,0,0,0,0,0
0,18,0,0,0,0,0,36,0,137,0,5,0,0,0,0,0,0,0,0,0,0,0,0,0,32,0,0,0,0,0,0,0,0,0,0,0,0,0,0,0,0,0,0,0,4,0,0,0,0,0,10,60,52,70,129,25,141,192,0,1,0,0,22,31,175,68,126,0,2,0,0,0,0,0,0,0,0,0,0,0,0,0,0,0,0,0,0,0,0,0,0,0,0,0,0,0,0,0,0,0,0,0,3,0,0,0,0,0,0,0,0,0,0,0,0,0,0,0,0,0,1,0,0,0,3,0,0,0,11,0,25,0,7,0,0,0,30,0,0,0,0,0,6,0,60,0,0,0,6,0,0,0,0,21,105,0,82,0,57,0,84,0,0,0,9,0,0,0,101,0,197,0,28,0,17,19,0,0,0,5,16,0,0,0,61,0,0,0,0,0,0,0,0,0,0,0,0,0,0,0,0,0,0,0,0,0,0,0,5,1,0,0,0,1398,0,0,0,985,304,660,935,259,0,0
67,0,40,0,0,0,206,0,139,0,1,0,0,0,0,0,19,0,3,0,0,0,18,0,123,0,0,0,0,0,0,0,0,0,0,0,35,0,4,0,3,0,1,0,0,0,0,0,0,0,0,0,55,0,32,4,0,0,0,1,0,0,60,1,0,0,0,0,0,0,2,0,0,0,0,0,0,0,2,0,0,0,0,0,0,0,6,0,0,0,0,0,0,0,0,0,0,0,0,0,0,0,0,0,0,0,0,0,0,0,0,0,0,0,0,0,0,0,0,0,0,0,0,0,0,0,0,0,0,0,0,0,0,0,0,0,0,0,46,0,20,0,0,0,194,0,0,0,0,0,0,0,0,0,21,0,87,0,12,0,0,0,7,0,0,0,0,0,0,0,40,0,40,0,0,0,31,0,0,0,0,0,19,0,0,0,0,0,0,0,0,0,0,0,0,0,0,0,0,0,0,0,0,0,0,0,0,0,0,0,144,445,13,44,67,0,5,0,0,0,0,0,0,0,0
0,224,0,43,0,0,0,433,0,194,0,0,0,0,0,10,11,113,0,0,0,0,0,27,25,67,0,0,0,17,0,0,0,12,0,0,0,31,0,5,0,0,0,4,0,0,0,0,0,6,0,5,0,10,0,24,0,0,0,0,0,0,6,93,0,0,0,0,0,0,0,0,0,0,0,0,0,0,0,0,0,0,0,0,0,0,0,0,0,0,0,0,0,0,0,0,0,0,0,0,0,0,0,0,0,0,0,0,0,0,0,0,0,0,0,0,0,0,0,0,0,0,0,0,0,0,0,0,0,0,0,0,0,0,0,0,0,0,0,41,0,35,0,12,0,139,0,0,0,3,0,0,0,13,0,12,0,103,0,33,0,0,0,4,0,2,0,0,0,4,0,93,0,25,0,1,0,139,0,0,0,0,0,24,0,0,0,0,0,0,0,0,0,0,0,0,0,0,0,0,0,0,0,0,0,0,0,0,0,0,0,0,0,0,29,0,0,0,58,401,56,35,4,11,0
66,6,67,0,0,0,249,24,101,50,4,0,0,0,0,0,274,0,0,0,70,0,51,0,325,43,0,0,67,0,63,0,28,0,10,0,6,0,19,0,0,0,0,0,16,0,0,0,3,0,0,0,154,19,43,39,8,0,7,0,60,6,0,14,0,0,0,0,0,0,5,0,0,0,3,0,0,0,0,0,28,0,0,0,100,0,0,0,0,0,14,0,0,0,0,0,55,0,54,0,0,0,0,0,37,0,0,0,0,0,0,0,0,0,0,0,0,0,0,0,0,0,0,0,0,0,0,0,13,0,0,0,0,0,22,0,44,0,186,0,61,0,120,0,36,0,0,0,0,0,0,0,0,0,108,0,59,0,33,0,2,0,2,0,0,0,0,0,0,0,14,0,24,0,0,0,19,3,0,0,0,0,14,0,0,0,0,0,0,0,0,0,0,0,0,0,0,0,0,0,11,0,0,0,0,0,0,0,0,0,57,314,25,16,20,0,3,0,0,0,0,0,0,0,0
21,30,4,12,0,0,61,197,52,213,0,0,0,0,0,10,12,113,0,38,0,34,0,22,58,26,0,15,0,79,0,10,0,25,0,20,0,64,0,25,0,0,0,0,0,0,0,0,0,0,0,0,4,49,27,26,0,0,0,22,1,93,14,0,0,0,0,8,0,0,0,0,0,0,0,0,0,0,0,1,0,0,0,0,0,0,0,0,0,0,0,0,0,1,0,0,0,0,0,0,0,0,0,0,0,0,0,0,0,0,0,0,0,0,0,0,0,0,0,0,0,0,0,0,0,0,0,0,0,0,0,0,0,0,0,0,0,0,0,132,0,129,0,59,0,40,0,0,0,0,0,0,0,0,0,29,0,15,0,120,0,0,0,0,0,0,0,0,0,0,0,14,0,17,0,0,11,110,0,0,0,1,2,16,0,8,0,0,0,0,0,0,0,0,0,0,0,0,0,0,0,0,0,0,0,0,0,0,0,0,1,0,1,0,0,0,0,0,28,207,37,0,0,0,0
28,0,0,0,7,0,11,0,201,0,5,0,0,0,0,0,0,0,0,0,0,0,4,0,0,0,4,0,0,0,0,0,0,0,1,0,0,0,0,0,0,0,0,0,0,0,0,0,0,0,0,0,2,0,5,0,69,5,136,31,0,0,0,0,0,34,96,30,0,0,5,0,0,0,0,0,0,0,0,0,0,0,0,0,0,0,0,0,0,0,0,0,0,0,0,0,0,0,0,0,0,0,0,0,0,0,0,0,0,0,0,0,0,0,0,0,0,0,0,0,0,0,0,0,0,0,0,0,0,5,34,0,0,0,0,0,0,0,10,0,0,0,0,0,54,0,0,0,18,0,0,0,0,1,15,12,8,0,5,31,239,49,6,0,0,0,0,0,0,0,3,0,0,0,42,0,19,0,0,0,277,35,2,0,246,0,0,0,0,0,0,0,0,0,0,0,0,0,0,0,0,0,0,0,0,0,0,0,0,0,95,11,20,0,176,0,0,0,2,0,0,0,0,0,0
0,52,0,0,0,13,0,3,0,167,0,13,0,0,0,0,0,0,0,31,0,0,0,0,0,0,0,20,0,0,0,0,0,0,0,0,0,0,0,0,0,1,0,0,0,0,0,0,0,0,0,0,0,0,0,4,4,0,4,175,0,0,0,0,34,0,5,326,0,0,0,21,0,0,0,21,0,0,0,0,0,4,0,0,0,4,0,0,0,0,0,0,0,0,0,0,0,0,0,0,1,0,0,0,0,0,0,0,0,0,0,0,0,0,0,0,0,0,0,0,0,0,0,0,0,88,0,7,0,2,0,142,0,6,0,1,0,3,20,19,0,18,0,4,0,83,0,9,41,211,0,11,0,10,6,0,0,0,7,0,46,219,0,0,0,2,0,0,0,8,0,0,0,0,0,137,0,0,0,0,83,348,0,0,0,141,0,0,0,0,0,0,0,0,0,0,0,0,0,0,0,0,0,0,0,0,0,0,0,15,0,0,0,0,122,0,0,0,115,5,0,0,8,0,0
10,0,0,0,0,0,0,0,169,0,0,0,0,0,0,0,0,0,0,0,0,0,0,0,0,0,0,0,0,0,0,0,0,0,0,0,0,0,0,0,0,0,0,0,0,0,0,0,0,0,0,0,5,22,15,47,8,33,277,68,0,0,0,0,96,5,0,46,0,0,0,0,0,0,0,0,0,0,0,0,0,0,0,0,0,0,0,0,0,0,0,0,0,0,0,0,0,0,0,0,0,0,0,0,0,0,0,0,0,0,0,0,0,0,0,0,0,0,0,0,0,0,0,0,0,0,0,0,0,0,17,1,1,0,0,0,0,0,0,0,1,0,0,0,0,0,0,0,14,0,0,0,0,0,3,7,4,0,0,3,153,0,0,0,0,0,0,0,0,0,0,0,0,0,3,0,204,0,0,0,0,1,0,0,212,0,0,0,0,0,0,0,0,0,0,0,0,0,0,0,0,0,0,0,0,0,0,0,0,0,57,44,5,0,92,0,7,0,0,0,0,0,0,0,0
0,21,0,1,0,4,0,19,37,317,0,0,0,0,0,0,0,0,0,0,0,0,0,0,0,0,0,0,0,0,0,0,0,0,0,0,0,0,0,0,0,0,0,0,0,0,0,0,0,0,0,0,68,11,89,0,34,49,187,126,0,0,0,8,30,326,46,0,0,0,0,0,0,0,0,0,0,0,0,0,0,0,0,0,0,0,0,0,0,0,0,0,0,0,0,0,0,0,0,0,0,0,0,0,0,0,0,0,0,0,0,0,0,0,0,0,0,0,0,0,0,0,0,0,0,12,0,2,0,11,3,90,0,2,0,0,0,0,0,2,0,0,0,0,0,55,0,0,2,34,0,9,0,0,23,22,0,24,6,19,16,152,0,8,0,3,0,0,0,11,0,0,0,0,0,84,31,0,0,0,0,79,0,0,14,368,0,0,0,0,0,0,0,0,0,0,0,0,0,0,0,0,0,0,0,0,0,0,0,4,0,0,0,0,310,0,0,0,248,140,58,0,0,0,0
0,0,0,0,0,0,0,0,0,0,0,0,0,0,0,0,0,0,0,0,0,0,0,0,0,0,0,0,0,0,0,0,0,0,0,0,0,0,0,0,0,0,0,0,9,0,0,0,17,0,0,0,1,0,3,0,0,0,1,0,0,0,0,0,0,0,0,0,0,0,0,0,10,0,0,0,180,0,24,0,16,0,19,0,0,0,15,0,35,0,0,0,33,0,23,0,0,0,0,0,15,0,177,0,69,0,48,0,72,0,8,0,26,0,0,0,2,0,0,0,0,0,0,0,0,0,1,0,0,0,0,0,0,0,0,1,0,0,0,0,0,0,0,0,0,0,0,0,0,0,0,0,0,0,0,0,0,0,0,0,0,0,3,0,45,0,0,0,144,0,6,0,0,0,0,0,1,0,0,0,0,0,0,0,0,0,0,0,38,0,11,0,0,0,74,0,11,0,0,0,55,1,0,0,82,0,0,0,0,0,18,4,44,0,0,103,123,0,0,0,0,0,0,0,0
0,0,0,0,0,0,0,0,0,0,0,0,0,0,0,0,0,0,0,2,0,0,0,0,0,0,0,0,0,0,0,0,0,0,0,0,0,0,0,0,2,2,0,0,0,11,0,0,0,9,0,2,0,0,0,0,0,0,0,2,0,0,0,0,0,0,0,0,0,0,0,0,0,0,0,0,0,74,0,0,0,0,0,25,0,5,0,8,0,26,0,0,0,55,0,40,0,0,0,0,0,14,0,47,0,0,0,0,0,22,0,34,0,25,0,1,0,7,0,0,0,0,0,0,0,0,0,0,0,0,0,0,0,0,0,0,0,0,0,0,0,0,0,0,0,0,0,0,0,0,0,0,0,0,0,0,0,0,0,0,0,0,0,0,0,26,0,0,0,33,0,0,0,0,0,0,0,0,0,0,0,0,0,0,0,0,0,0,0,0,0,0,0,0,0,0,0,0,0,0,0,0,0,0,0,0,0,0,0,0,0,0,0,0,0,0,0,0,11,22,55,0,43,91,0
0,0,0,0,0,0,0,0,0,0,0,0,0,0,0,0,0,0,0,0,24,0,0,0,0,0,63,0,8,0,21,0,12,0,0,0,28,0,2,0,6,0,23,0,25,0,0,0,16,0,52,0,0,0,0,0,0,0,0,0,2,0,5,0,5,0,0,0,0,0,0,0,344,0,216,0,19,0,188,0,0,0,0,0,0,0,36,0,0,0,1,0,7,0,0,0,0,0,0,0,0,0,0,0,0,0,0,0,0,0,0,0,0,0,0,0,0,0,0,0,45,0,15,1,42,0,0,8,0,0,24,0,11,0,0,0,32,0,7,0,52,0,31,0,64,0,38,0,27,10,35,0,39,0,0,0,3,0,0,0,5,0,67,0,3,0,19,0,43,0,33,0,39,0,26,0,0,0,1,0,46,0,0,0,10,0,0,0,0,0,0,0,0,0,0,0,0,0,0,0,0,0,0,0,0,0,0,0,41,0,16,0,47,0,0,0,0,0,0,0,0,0,0,0,0
0,0,0,0,0,0,0,0,0,0,0,0,0,1,0,0,0,0,0,5,0,0,0,0,0,0,0,0,0,3,0,0,0,0,0,9,0,5,0,0,0,0,0,0,0,0,0,0,0,0,0,0,0,0,0,0,0,0,0,0,0,0,0,0,0,21,0,0,0,0,0,0,0,98,0,255,0,6,0,23,0,0,0,0,1,0,0,13,0,0,0,0,0,0,0,0,0,0,0,0,0,1,0,0,0,0,4,0,0,0,0,0,0,0,0,0,0,0,0,0,0,5,0,18,0,78,0,0,0,0,0,38,0,0,0,0,9,31,0,4,8,32,0,10,2,79,0,63,0,77,0,79,0,39,0,0,0,3,0,1,0,8,0,33,0,0,0,0,0,9,0,18,0,25,0,0,0,0,0,0,0,76,0,0,0,4,0,0,0,0,0,0,0,0,0,0,2,0,0,0,0,0,0,0,0,0,0,0,0,16,0,0,0,0,0,0,0,0,45,6,21,0,0,0,0
0,0,0,0,0,0,0,0,0,0,0,0,0,0,0,0,0,0,0,0,10,0,0,0,0,0,20,0,0,0,10,0,0,0,0,0,0,0,0,0,0,0,0,0,0,0,0,0,0,0,14,0,0,0,0,0,0,0,0,0,0,0,0,0,0,0,0,0,10,0,344,0,0,0,288,0,41,0,123,0,5,0,13,0,18,0,9,0,0,0,0,0,38,0,0,0,0,0,0,0,0,0,0,0,0,0,0,0,0,0,0,0,0,0,0,0,0,0,0,0,79,0,16,0,46,0,39,0,34,0,13,0,24,0,0,0,49,0,3,0,63,0,92,0,87,0,47,0,8,0,99,0,0,0,0,0,0,0,0,0,0,0,99,0,0,0,0,0,13,0,18,0,0,0,0,0,0,0,0,0,42,0,0,0,2,0,0,0,0,0,0,0,0,0,0,0,2,0,0,0,36,0,0,1,0,0,89,0,96,0,191,0,17,0,5,0,0,0,0,0,0,0,0,0,0
0,0,0,0,0,3,0,0,0,0,0,0,0,0,0,0,0,0,0,0,0,0,0,0,0,0,0,0,0,0,0,0,0,2,0,0,0,0,0,0,0,0,0,0,0,0,0,0,0,0,0,0,0,0,0,0,0,0,0,0,0,0,0,0,0,0,0,0,0,0,0,98,0,0,0,372,0,75,0,58,0,2,0,4,0,10,0,54,0,0,0,0,0,0,0,3,0,0,0,0,0,1,0,0,0,0,0,0,0,1,0,0,0,0,0,0,0,3,0,0,0,33,0,71,0,62,0,0,0,2,0,14,0,37,0,80,0,33,0,8,0,53,0,18,0,60,0,0,0,44,0,55,0,45,0,0,0,0,0,0,0,4,0,81,0,0,0,0,0,9,0,10,0,7,0,0,0,0,0,0,0,54,0,0,0,0,0,0,1,0,0,0,0,0,0,0,0,0,0,0,0,50,0,58,0,0,0,0,0,0,0,0,0,0,7,0,0,0,128,6,18,2,0,1,0
0,0,0,0,0,0,0,0,0,0,0,0,0,0,0,0,0,0,0,0,0,0,0,0,0,0,0,0,0,0,0,0,8,0,0,0,19,0,0,0,0,0,0,0,0,0,0,0,12,0,0,0,0,0,0,0,0,0,0,0,0,0,3,0,0,0,0,0,0,0,216,0,288,0,0,0,23,0,201,0,33,0,0,0,76,0,48,0,0,0,0,0,0,0,0,0,9,0,9,0,0,0,0,0,0,0,0,0,0,0,0,0,0,0,0,0,0,0,0,0,109,0,61,0,0,0,22,0,0,0,0,0,0,13,65,0,50,9,0,2,43,1,112,0,92,0,33,0,24,9,55,0,74,0,0,0,8,0,0,0,4,0,22,0,0,0,0,0,12,4,15,0,22,0,22,0,0,0,0,0,56,0,0,0,7,0,0,0,0,0,1,0,0,0,0,0,0,0,21,0,32,0,0,0,0,0,41,0,83,0,19,0,0,0,5,0,0,0,0,0,0,0,1,0,0
0,0,0,0,0,0,0,0,0,0,0,0,0,0,0,4,0,0,0,0,0,0,0,0,0,0,0,0,0,0,0,0,0,0,0,0,0,0,0,0,0,0,0,0,0,0,0,0,0,0,0,33,0,0,0,0,0,0,0,0,0,0,0,0,0,21,0,0,0,0,0,255,0,372,0,0,0,8,0,134,0,0,0,0,0,7,0,58,0,0,0,0,0,0,0,0,0,0,0,0,0,0,0,1,0,0,0,0,0,0,0,0,0,0,0,0,0,0,0,0,0,134,0,31,0,62,0,62,0,0,0,14,0,0,0,84,0,54,0,10,0,79,0,26,0,201,0,73,0,121,0,0,0,103,0,0,0,1,0,3,0,0,0,43,0,0,0,0,0,24,0,18,0,0,0,0,0,0,0,3,34,127,0,0,0,0,0,0,0,0,0,0,0,0,0,0,0,0,0,0,0,0,0,0,0,0,0,149,0,77,0,0,0,0,4,0,0,0,44,0,12,3,0,0,0
0,0,0,0,0,0,0,0,0,0,0,0,0,0,0,0,0,0,5,0,0,0,0,0,0,0,0,0,0,0,0,0,0,0,0,0,0,0,0,0,0,0,0,0,0,0,0,0,4,0,0,0,0,0,1,0,0,0,1,0,0,0,0,0,0,0,0,0,180,0,19,0,41,0,23,0,0,0,28,0,0,0,15,0,27,0,21,0,17,0,13,0,44,0,0,0,0,0,23,0,10,0,39,0,0,0,0,0,2,0,0,0,1,0,0,0,4,0,0,0,17,0,17,0,0,0,0,0,0,0,0,0,3,0,0,0,9,0,0,0,0,0,0,0,0,0,0,0,0,0,8,0,0,0,0,0,0,0,0,0,0,0,1,0,12,0,0,0,52,0,0,0,0,0,1,0,0,0,0,0,5,0,0,0,0,0,0,0,59,0,0,0,0,0,52,0,9,0,0,0,81,0,0,0,0,0,0,0,0,0,17,0,31,0,6,36,16,0,0,0,0,0,0,0,0
0,1,0,0,0,0,0,0,0,0,0,0,0,0,0,0,0,0,0,0,0,0,0,0,0,0,0,0,0,0,0,0,0,0,0,0,0,0,0,0,0,0,0,0,0,0,0,0,0,4,0,0,0,0,0,2,0,6,0,0,0,0,0,0,0,0,0,0,0,74,0,6,0,75,0,8,0,0,0,19,0,65,0,94,0,0,0,184,0,27,0,0,0,87,0,123,0,0,0,38,0,40,0,43,0,45,0,0,0,14,0,0,0,0,0,0,0,55,0,0,0,6,0,0,0,12,0,0,0,0,0,0,0,0,0,26,0,0,0,0,0,5,0,0,0,0,1,0,0,0,2,0,0,0,0,0,0,0,0,0,0,0,0,9,0,9,0,0,0,54,0,0,0,0,0,0,0,0,0,0,0,0,0,0,0,0,0,1,0,0,0,0,1,0,0,41,0,4,0,0,0,38,0,0,1,0,0,27,0,0,0,0,0,0,9,0,0,0,46,0,62,5,55,9,0
0,0,0,0,0,0,0,0,0,0,0,0,0,0,0,0,0,0,0,0,0,0,0,0,0,0,0,0,0,0,0,0,0,0,0,0,0,0,0,0,0,0,0,0,0,0,0,0,0,0,0,0,0,0,0,0,0,0,0,0,2,0,0,0,0,0,0,0,24,0,188,0,123,0,201,0,28,0,0,0,31,0,32,0,67,0,60,0,2,0,0,0,81,0,22,0,0,0,19,0,0,0,11,0,0,0,0,0,2,0,0,0,0,0,0,0,0,0,0,0,98,0,35,0,0,0,0,0,0,0,0,0,0,0,68,1,19,0,0,0,39,0,116,0,29,0,0,0,0,0,0,0,0,0,0,0,0,0,0,0,0,0,6,0,0,0,0,0,39,0,5,0,0,0,0,0,0,0,0,0,0,0,0,0,0,0,0,0,0,0,0,0,0,0,25,0,0,0,63,0,102,0,0,0,80,0,66,0,0,0,79,0,46,0,11,0,0,0,0,0,0,0,0,0,0
0,0,0,0,0,0,0,0,0,0,0,2,0,0,0,2,0,0,0,0,0,0,0,0,0,0,0,0,0,0,0,0,0,0,0,0,0,0,0,0,0,0,0,0,0,0,0,0,0,0,0,8,0,0,0,0,0,0,0,0,0,0,0,1,0,0,0,0,0,0,0,23,0,58,0,134,0,19,0,0,0,2,0,3,0,11,0,34,0,0,0,0,0,0,0,0,0,0,0,0,0,0,0,0,0,0,0,0,0,0,0,0,0,0,0,0,0,3,0,0,0,15,0,23,0,0,0,0,0,0,4,0,0,17,0,118,0,29,0,0,6,30,0,22,0,21,11,25,0,27,0,52,0,0,0,0,0,0,0,0,0,0,0,10,0,1,0,0,0,10,0,3,0,0,0,6,0,0,0,0,19,49,0,0,0,1,0,0,0,0,0,3,0,0,0,0,0,0,0,61,0,34,0,28,0,0,0,90,0,42,0,0,0,0,0,0,0,0,23,2,7,0,0,0,0
