0,302,42,103,110,13,3,213,85,164,194,0,89,0,18,0,51,79,0,0,0,0,100,96,13,244,25,0,51,2,0,0,42,0,0,0,60,0,394,0,10,0,0,0,0,0,0,0,15,0,0,1,0,0,5,0,3,0,0,0,355,0,193,23,20,0,8,0,0,0,0,0,0,0,0,0,0,0,0,0,0,0,0,0,0,0,0,0,0,0,0,0,0,0,0,0,0,0,0,0,0,0,0,0,0,0,0,0,0,0,0,0,0,0,0,0,0,0,0,0,0,0,0,0,20,0,24,0,0,0,29,0,6,0,34,0,41,0,0,0,0,0,31,0,0,0,32,0,43,0,0,0,12,0,0,0,0,0,0,0,11,0,0,0,4,0,18,0,11,0,0,0,434,0,0,0,577,97,27,0,0,0,49,0,26,0,1,0,0,0,0,0,0,0,0,0,0,0,0,0,0,0,0,0,0,0,0,0,8,0,908,258,339,0,242,0,0,0,0,0,0,0,0,0,0
302,0,199,65,41,202,0,119,0,95,18,188,0,71,0,89,113,62,0,89,10,32,305,31,116,14,0,112,0,74,1,0,0,103,0,0,0,31,0,148,0,0,0,0,0,16,0,24,0,3,0,0,0,14,0,8,0,0,0,0,5,267,3,208,0,41,0,9,0,0,0,0,0,0,0,0,0,0,0,0,0,0,0,0,0,0,0,0,0,0,0,0,0,0,0,0,0,0,0,0,0,0,0,0,0,0,0,0,0,0,0,0,0,0,0,0,0,0,0,0,0,0,0,0,0,9,0,0,0,6,0,16,0,10,0,27,0,34,0,0,0,0,0,0,0,0,0,12,0,18,0,11,0,18,0,6,0,9,0,0,0,0,0,0,0,0,0,0,0,0,0,43,0,73,0,0,104,544,0,60,0,4,8,53,0,21,0,6,0,0,0,0,0,0,0,0,0,0,0,0,0,0,0,0,0,0,0,0,0,0,3,0,0,0,304,0,0,0,1048,177,234,0,0,0,0
42,199,0,74,210,23,45,67,12,50,26,29,52,0,186,56,65,31,57,0,59,0,292,123,87,68,64,0,183,0,60,0,213,0,0,0,65,4,532,0,14,0,0,0,0,0,19,0,24,0,19,0,8,0,136,0,0,0,11,0,244,0,169,14,7,0,0,0,0,0,0,0,0,0,15,0,0,0,0,0,0,0,0,0,89,0,0,0,0,0,200,0,0,0,0,0,223,0,0,0,0,0,0,0,35,0,172,0,0,0,0,0,0,0,0,0,0,0,0,0,0,0,0,0,40,0,54,0,10,0,51,0,65,0,92,0,252,0,0,0,0,0,130,0,0,0,67,0,52,0,5,0,0,0,0,0,0,0,0,0,18,0,0,0,0,0,0,0,38,0,0,0,263,0,0,0,109,48,0,0,0,0,6,0,14,0,1,0,0,0,0,0,0,0,1,0,0,0,0,0,181,0,0,0,0,0,0,0,8,0,659,127,417,0,262,0,0,0,0,0,0,0,0,0,0
103,65,74,0,0,102,0,30,0,2,16,11,0,0,6,167,24,4,0,71,6,65,90,32,10,11,0,0,0,111,0,28,0,149,0,7,1,48,0,154,0,0,0,0,0,0,0,0,0,0,0,0,0,0,0,57,0,7,0,0,0,69,0,55,0,3,0,0,0,0,0,0,0,0,0,0,0,0,0,0,0,0,0,0,0,0,0,0,0,0,0,0,0,0,0,0,0,0,0,0,0,0,0,0,0,10,0,0,0,0,0,0,0,0,0,0,0,0,0,0,0,0,0,0,0,8,0,0,0,20,0,13,0,36,0,35,0,125,0,39,0,15,1,26,1,0,0,16,0,0,0,9,0,13,0,0,0,0,0,0,0,6,0,0,0,0,0,0,0,0,0,15,0,66,0,0,26,113,0,10,0,0,5,0,0,0,0,0,0,0,0,0,0,0,0,0,0,0,0,0,0,0,0,0,0,0,0,0,0,0,0,0,0,0,101,0,0,0,307,41,214,0,0,0,0
110,41,210,0,0,171,1,0,28,0,83,73,256,0,204,183,0,5,222,162,186,28,26,82,3,0,216,0,53,0,315,0,416,0,216,0,597,7,204,0,85,0,33,0,22,0,67,0,10,0,96,0,2,0,9,0,0,0,0,0,5,0,0,1,14,0,6,0,0,0,0,0,0,0,0,0,0,0,0,0,0,0,0,0,0,0,0,0,0,0,0,0,0,0,0,0,0,0,0,0,0,0,0,0,0,0,38,0,0,0,0,0,0,0,0,0,0,0,0,0,0,0,0,0,19,0,0,0,0,0,0,0,0,0,40,0,44,0,0,0,0,0,25,0,0,0,28,0,31,0,0,0,29,0,0,0,0,0,0,0,17,0,0,0,0,0,146,0,50,0,0,0,107,0,0,0,465,65,125,23,0,0,42,0,23,1,0,0,0,0,0,0,0,0,0,0,0,0,0,0,0,0,0,0,0,0,0,0,0,0,424,334,378,0,163,0,0,0,0,0,0,0,0,0,0
13,202,23,102,171,0,0,26,0,34,0,205,83,210,230,335,15,5,124,273,126,312,112,41,0,2,0,371,0,48,0,191,0,378,0,199,6,261,0,53,0,31,0,0,0,39,0,102,0,8,0,55,0,5,0,12,0,0,0,0,0,0,0,0,0,28,0,0,0,0,0,0,0,0,0,0,0,0,0,0,0,0,0,0,0,14,0,0,0,0,0,0,0,0,0,0,0,0,0,3,0,0,0,0,0,0,0,0,0,0,0,1,0,0,0,0,0,0,0,0,0,0,0,0,0,0,0,18,0,0,0,0,0,0,0,0,0,76,0,29,0,0,0,18,0,37,0,27,0,15,0,27,0,45,0,35,0,0,0,0,0,0,0,1,0,0,0,145,0,0,0,0,0,0,0,0,113,398,14,75,0,0,0,87,0,55,0,1,0,0,0,0,0,0,0,0,0,0,0,0,0,0,0,0,0,0,0,0,0,0,3,0,0,0,110,0,0,0,487,224,299,0,0,5,0
3,0,45,0,1,0,0,0,46,251,4,0,5,0,2,0,39,0,0,0,0,0,8,0,139,44,0,0,0,0,0,0,0,0,0,0,0,0,0,0,0,0,0,0,0,0,0,0,57,0,0,0,132,11,210,52,28,0,22,0,435,0,402,35,7,0,45,0,0,0,0,0,0,0,0,0,0,0,0,0,0,0,0,0,21,0,0,1,0,0,0,0,0,0,0,0,0,0,0,0,0,0,0,0,9,0,28,0,0,0,0,0,0,0,0,0,0,0,0,0,0,0,0,0,26,0,31,0,0,0,63,1,0,0,24,0,82,0,0,0,0,0,56,0,0,1,16,0,9,0,4,0,0,0,0,0,0,0,0,0,24,0,11,0,12,0,0,0,24,0,153,1,340,0,0,0,37,26,0,0,0,0,0,0,0,0,0,0,0,0,0,0,0,0,0,0,0,0,0,0,70,0,0,0,0,0,0,0,6,0,856,90,377,254,392,11,51,1,1,0,0,0,0,0,0
213,119,67,30,0,26,0,0,113,11,0,10,0,0,0,59,57,38,0,0,0,0,71,38,160,226,0,0,0,47,0,0,0,9,0,0,0,0,0,50,0,0,0,0,0,0,0,0,0,0,0,0,13,42,14,176,0,27,0,27,0,221,47,311,0,3,0,5,0,0,0,0,0,0,0,0,0,0,0,0,0,0,0,0,0,0,0,0,0,0,0,0,0,0,0,0,0,0,0,0,0,0,0,0,0,0,0,0,0,0,0,0,0,0,0,0,0,0,0,0,0,0,0,0,0,12,0,31,0,38,0,24,0,37,0,0,0,111,0,52,3,18,0,41,0,0,0,12,0,0,0,10,0,5,0,23,0,38,0,26,0,12,0,0,0,21,0,0,0,0,0,57,0,162,0,0,41,69,0,0,0,0,14,7,0,0,0,0,0,0,0,0,0,0,0,0,0,0,0,0,0,0,0,0,0,0,0,0,0,0,0,0,0,0,440,0,0,0,851,111,540,0,0,0,2
85,0,12,0,28,0,46,113,0,492,23,0,19,0,3,0,34,0,0,0,0,0,0,0,14,70,0,0,0,0,0,0,0,0,0,0,0,0,5,0,0,0,0,0,0,0,7,0,19,0,0,0,176,26,40,184,21,10,74,110,327,0,233,30,129,0,120,142,0,0,0,0,0,0,0,0,0,0,0,0,0,0,1,0,0,0,0,0,0,0,0,0,0,0,0,0,0,0,0,0,0,0,0,0,0,0,0,0,0,0,0,0,0,0,0,0,0,0,0,0,0,0,0,0,14,0,17,0,0,0,38,0,0,0,27,0,20,0,0,0,0,0,0,0,1,0,41,0,78,0,5,0,23,0,13,0,19,0,2,0,47,0,0,0,0,0,0,0,28,0,189,0,249,0,0,0,222,79,10,0,1,0,52,0,203,0,0,0,0,0,0,0,0,0,0,0,0,0,0,0,0,0,0,0,0,0,0,0,0,0,563,124,278,0,205,7,45,0,0,0,0,0,0,0,0
164,95,50,2,0,34,251,11,492,0,1,143,0,11,0,0,79,0,0,0,0,0,44,0,261,17,0,0,0,0,0,0,0,7,0,0,0,0,0,0,0,0,0,0,0,5,0,0,0,0,0,0,80,49,104,99,0,16,5,46,17,41,147,63,0,185,0,41,0,0,0,0,0,0,0,0,0,0,0,0,0,0,0,0,0,0,0,0,0,0,0,0,0,0,0,0,0,0,0,0,0,0,0,0,0,0,0,0,0,0,0,0,0,0,0,0,0,0,0,0,0,0,0,0,0,52,0,39,0,30,0,54,0,31,0,79,0,122,0,19,0,0,0,0,0,0,0,56,0,67,0,28,2,49,0,59,0,52,0,19,0,12,0,11,0,4,0,0,0,10,0,32,0,0,0,0,41,685,0,5,0,0,26,24,3,57,0,0,0,0,0,0,0,0,0,0,0,0,0,0,0,17,0,0,0,1,0,0,0,20,0,4,0,0,314,0,0,0,594,70,146,0,2,62,0
194,18,26,16,83,0,4,0,23,1,0,34,231,0,38,130,16,0,26,0,47,0,32,111,0,7,48,0,40,0,49,0,207,0,9,0,208,0,235,0,8,0,6,0,0,0,33,0,8,0,17,0,1,0,6,0,0,0,0,0,0,0,0,0,12,0,0,0,0,0,0,0,0,0,3,0,0,0,0,0,0,0,0,0,0,0,0,0,0,0,0,0,0,0,0,0,0,0,0,0,0,0,0,0,0,0,0,0,0,0,0,0,0,0,0,0,0,0,0,0,0,0,0,0,13,0,0,0,0,0,10,0,2,0,0,0,15,0,0,0,0,0,0,0,0,0,16,0,24,0,9,0,13,0,0,0,0,0,0,0,6,0,0,0,4,0,41,0,0,0,0,0,48,0,5,0,314,32,121,7,16,0,25,0,34,0,11,0,0,0,0,0,0,0,0,0,0,0,0,0,14,0,0,0,0,0,0,0,0,0,212,163,108,0,55,0,0,1,0,0,0,0,0,0,0
0,188,29,11,73,205,0,10,0,143,34,0,23,269,129,67,0,14,40,87,73,143,64,121,0,0,0,223,0,39,0,92,0,262,0,121,0,173,0,71,0,41,0,0,0,44,0,68,0,10,0,27,0,6,0,0,0,0,0,0,0,27,0,9,0,25,0,3,0,0,0,0,0,0,0,0,0,0,0,0,0,0,0,0,0,0,0,0,0,0,0,0,0,0,0,0,0,0,0,0,0,0,0,0,0,0,0,0,0,0,0,0,0,0,0,0,0,0,0,0,0,0,0,0,0,0,0,0,0,0,0,5,0,0,0,18,0,30,0,6,0,0,0,0,0,0,0,0,0,0,0,13,0,22,0,24,0,0,0,10,0,0,0,0,0,0,0,32,0,0,0,9,0,0,0,0,61,281,0,88,0,0,0,71,0,51,0,3,0,0,0,0,0,0,0,0,0,0,0,0,0,0,0,0,0,0,0,0,0,2,0,0,0,0,71,0,0,0,295,156,105,0,0,0,0
89,0,52,0,256,83,5,0,19,0,231,23,0,239,35,38,0,0,42,280,85,30,22,0,0,0,255,357,0,0,47,0,13,0,313,0,66,0,0,0,313,0,139,0,80,54,191,55,71,1,316,0,0,0,2,0,0,0,0,0,0,0,0,0,8,0,0,0,0,0,0,0,0,0,0,0,0,0,0,0,0,0,0,0,7,0,4,0,0,0,0,0,0,0,0,0,0,0,0,0,0,0,0,0,0,0,0,0,0,0,0,0,0,0,0,0,0,0,0,0,0,0,0,0,0,0,0,0,0,0,0,0,0,0,0,0,0,0,0,0,0,0,0,0,0,0,0,0,0,0,0,0,13,0,0,0,0,0,0,0,0,0,0,0,104,1,13,0,0,0,0,0,7,0,0,0,375,84,200,4,0,0,30,0,24,0,209,27,0,0,0,0,0,0,0,0,0,0,0,0,0,0,0,0,0,0,0,0,0,0,62,241,210,27,20,0,0,2,0,0,0,0,0,0,0
0,71,0,0,0,210,0,0,0,11,0,269,239,0,28,0,0,0,395,61,120,87,0,0,0,0,153,320,0,0,0,12,0,0,0,182,0,64,0,0,0,218,0,321,0,132,0,386,0,44,0,363,0,0,0,0,0,0,0,0,0,0,0,0,0,2,0,0,0,0,0,0,0,0,0,0,0,0,0,0,0,0,0,0,0,0,0,0,0,0,0,0,0,0,0,0,0,0,0,0,0,0,0,0,0,0,0,0,0,0,0,0,0,0,0,0,0,0,0,0,0,0,0,0,0,0,0,0,0,0,0,0,0,0,0,0,0,0,0,0,0,0,0,0,0,0,0,0,0,2,0,2,0,0,0,4,0,0,0,0,0,0,0,0,0,0,0,7,0,0,0,0,0,0,0,0,40,530,0,124,0,11,0,35,0,0,27,37,0,0,0,0,0,0,0,0,0,0,0,0,0,0,0,0,0,0,0,0,0,0,0,0,0,0,0,0,0,0,0,130,126,0,0,0,0
18,0,186,6,204,230,2,0,3,0,38,129,35,28,0,240,21,0,114,114,164,13,203,39,7,0,67,14,20,0,222,7,128,0,67,0,101,0,0,0,0,0,5,0,6,0,9,0,0,0,13,0,4,0,30,0,0,0,0,0,0,1,24,0,0,0,0,0,0,0,0,0,0,0,0,0,0,0,0,0,0,0,0,0,0,0,0,0,0,0,122,0,0,0,0,0,131,0,0,0,0,0,0,0,19,0,0,0,0,0,0,0,0,0,0,0,0,0,0,0,0,0,0,0,10,0,0,0,0,0,6,0,0,0,32,0,73,0,0,0,8,0,37,0,0,0,16,0,20,0,10,0,15,0,3,0,0,0,0,0,0,0,0,0,13,0,23,0,33,0,0,0,15,0,0,0,251,51,19,29,0,0,16,1,14,0,0,2,0,0,0,0,0,0,0,0,0,0,2,0,68,0,0,0,0,0,0,0,0,0,73,99,78,0,19,0,0,0,0,0,0,0,0,0,0
0,89,56,167,183,335,0,59,0,0,130,67,38,0,240,0,20,7,37,370,114,146,116,75,0,34,0,126,0,8,0,18,0,67,0,25,0,39,0,7,0,0,0,12,0,12,0,0,0,0,0,10,0,7,0,73,0,0,0,0,0,11,0,13,0,8,0,0,0,0,0,0,0,0,0,0,0,0,0,0,0,0,0,0,0,248,0,0,0,0,0,0,0,0,0,0,0,169,0,0,0,0,0,5,0,0,0,0,0,0,0,0,0,0,0,0,0,0,0,0,0,0,0,4,0,0,2,29,0,0,0,0,0,0,0,106,0,179,0,62,0,52,0,139,0,6,0,21,0,13,0,0,0,22,0,0,0,0,0,13,0,0,0,0,0,0,0,74,0,37,0,7,0,27,0,0,56,108,23,39,0,0,0,4,0,8,0,0,0,0,0,0,0,0,0,0,0,0,0,0,0,0,0,0,0,0,0,0,0,0,0,0,0,0,53,0,0,0,254,153,75,28,0,0,0
51,113,65,24,0,15,39,57,34,79,16,0,0,0,21,20,0,17,34,0,131,0,63,23,94,62,0,0,190,0,80,0,94,0,31,0,11,0,220,0,0,0,13,0,27,0,8,0,1,0,15,0,37,3,8,7,1,0,0,0,67,4,284,16,0,0,0,0,0,0,147,0,0,0,137,0,0,0,38,0,86,0,0,0,460,0,144,0,0,0,224,0,0,0,0,0,310,0,599,0,148,0,0,0,0,0,0,0,0,0,0,0,0,0,0,0,0,0,0,0,105,0,302,0,0,0,0,0,0,0,0,0,0,0,0,0,81,0,163,0,164,0,216,0,93,0,0,0,0,0,0,0,0,0,39,0,3,0,14,0,0,0,0,0,0,0,0,0,0,0,3,0,75,1,0,0,13,6,2,0,0,0,30,0,0,0,0,0,0,0,0,0,0,0,0,0,0,0,0,0,0,0,0,0,0,0,0,0,0,0,113,62,119,0,48,0,0,0,0,0,0,0,0,0,0
79,62,31,4,5,5,0,38,0,0,0,14,0,0,0,7,17,0,0,21,0,153,38,117,30,104,0,0,0,168,0,7,0,28,0,7,0,0,0,76,0,0,0,3,0,0,0,0,0,0,0,0,0,113,0,16,0,15,0,0,0,78,0,359,0,0,0,0,0,0,0,3,0,0,0,0,0,0,0,0,0,0,0,0,0,308,0,0,0,0,0,5,0,0,0,0,0,204,0,26,0,0,0,0,0,0,0,0,0,0,0,0,0,0,0,0,0,0,0,0,0,14,0,7,0,0,0,0,0,0,0,0,0,0,0,0,0,218,0,248,0,209,0,500,0,8,0,0,0,0,0,0,0,0,0,21,0,0,0,20,0,0,0,0,0,7,0,15,0,23,0,17,0,103,0,0,0,5,0,46,0,0,0,20,0,0,0,0,0,0,0,0,0,0,0,0,0,0,0,0,0,0,0,0,0,0,0,0,0,0,0,0,0,0,56,0,0,0,161,82,176,0,0,0,0
0,0,57,0,222,124,0,0,0,0,26,40,42,395,114,37,34,0,0,425,144,71,183,0,0,0,113,367,0,0,40,0,0,0,191,37,27,0,0,0,28,18,24,0,26,23,61,40,6,4,150,29,0,0,0,0,0,0,0,0,4,0,0,0,0,0,0,0,0,0,0,0,0,0,0,0,0,0,0,0,11,0,0,0,0,0,0,0,0,0,0,0,0,0,0,0,0,0,0,0,27,0,0,0,0,0,0,0,0,0,0,0,0,0,0,0,0,0,0,0,0,0,0,0,0,0,0,0,0,0,0,0,0,0,0,0,0,0,0,0,0,0,0,0,0,0,0,0,13,0,0,0,0,0,0,0,0,0,0,0,0,0,0,0,121,0,17,0,0,0,0,0,10,0,0,0,158,50,48,6,0,0,14,0,0,0,27,35,0,0,0,0,0,0,0,0,1,0,0,0,0,0,0,0,0,0,0,0,0,0,102,201,177,0,29,0,0,0,0,0,1,0,0,0,0
0,89,0,71,162,273,0,0,0,0,0,87,280,61,114,370,0,21,425,0,148,276,0,123,0,0,56,484,0,0,12,92,0,27,0,167,3,119,0,0,25,0,19,70,0,29,0,39,2,0,28,101,0,0,0,13,0,0,0,0,0,0,0,0,0,27,0,0,0,0,0,0,0,0,0,0,0,0,0,0,0,0,0,0,0,0,0,0,0,0,0,0,0,0,0,0,0,0,0,0,0,0,0,0,0,0,0,0,0,0,0,0,0,0,0,0,0,0,0,0,0,0,0,17,0,0,0,10,0,0,0,0,0,0,0,0,0,45,0,0,0,0,0,0,0,0,0,0,0,0,0,0,0,41,0,45,0,0,0,0,0,0,0,0,0,22,0,89,0,119,0,8,0,15,0,0,55,125,16,55,0,23,0,71,0,44,2,13,0,0,0,0,0,0,0,0,0,0,0,0,0,0,0,0,0,0,0,0,0,0,3,0,0,0,83,0,0,0,271,274,274,0,0,0,0
0,10,59,6,186,126,0,0,0,0,47,73,85,120,164,114,131,0,144,148,0,22,268,21,8,0,56,103,54,0,82,0,54,2,73,15,46,4,11,0,1,0,19,0,19,0,0,13,0,2,127,0,6,0,0,0,2,0,0,0,0,0,60,0,0,0,0,0,0,0,122,0,6,0,91,0,0,0,0,0,58,0,67,0,111,0,117,0,0,0,0,0,0,0,0,0,0,0,318,0,112,0,0,0,0,0,0,0,0,0,0,0,0,0,0,0,0,0,0,0,83,0,0,0,0,0,0,0,0,0,0,0,0,0,0,0,0,0,0,0,36,0,0,0,86,0,0,0,0,0,0,0,0,0,0,0,0,0,0,0,0,0,46,0,123,0,120,0,83,0,9,0,53,0,0,0,35,13,19,13,0,0,0,0,7,0,0,6,0,0,0,0,0,0,0,0,0,0,0,0,0,0,0,0,0,0,0,0,0,0,282,332,210,0,126,2,3,0,0,0,0,0,0,0,0
0,32,0,65,28,312,0,0,0,0,0,143,30,87,13,146,0,153,71,276,22,0,0,260,0,56,6,153,0,75,2,20,0,30,4,82,0,27,0,4,0,0,0,154,1,42,0,0,0,3,0,130,0,0,0,20,0,0,0,0,0,0,0,53,0,0,0,0,0,0,0,0,0,0,0,7,0,0,0,0,0,0,0,0,0,396,0,55,0,0,0,0,0,0,0,0,0,226,0,0,0,0,0,0,0,0,0,0,0,0,0,0,0,0,0,0,0,0,0,0,0,0,0,59,0,0,0,0,0,0,0,0,0,0,0,0,0,0,0,0,0,230,0,417,0,130,0,0,0,0,0,0,0,0,0,21,0,8,0,0,0,0,0,0,0,18,0,145,0,56,0,8,0,27,0,0,7,18,0,70,0,7,0,36,0,20,0,2,0,0,0,0,0,0,0,0,0,0,0,0,0,0,0,0,0,0,0,0,0,0,0,0,0,0,53,0,0,0,273,199,208,0,0,0,0
100,305,292,90,26,112,8,71,0,44,32,64,22,0,203,116,63,38,183,0,268,0,0,202,59,82,151,0,142,0,59,0,39,0,47,0,0,0,144,11,3,0,39,0,57,0,24,0,29,0,80,0,14,0,89,0,2,0,0,0,22,5,93,13,0,0,0,0,0,0,9,0,12,0,19,0,0,0,0,0,0,0,0,0,270,0,0,0,0,0,348,0,0,0,0,0,398,0,0,0,82,0,0,0,0,0,175,0,0,0,0,0,0,0,0,0,0,0,0,0,0,0,131,0,0,0,0,0,0,0,0,0,0,0,0,0,48,0,36,0,55,0,85,1,0,0,0,0,0,0,1,0,0,0,5,0,0,0,0,0,1,0,0,0,0,0,0,0,0,0,0,0,76,0,0,0,106,39,3,19,0,0,14,3,0,0,1,0,0,0,0,0,0,0,0,0,0,0,0,0,0,0,0,0,0,0,0,0,0,0,176,54,105,36,61,0,0,0,0,0,0,0,0,0,0
96,31,123,32,82,41,0,38,0,0,111,121,0,0,39,75,23,117,0,123,21,260,202,0,4,53,0,37,0,104,0,21,0,83,0,25,0,45,0,47,0,0,0,12,0,8,0,0,0,0,0,0,0,39,0,57,0,0,0,0,0,50,0,129,3,4,0,0,0,0,0,0,0,0,0,0,0,0,0,0,0,0,0,0,0,422,0,0,0,0,0,0,0,0,0,0,0,276,0,54,0,0,0,0,0,0,0,0,0,0,0,0,0,0,0,0,0,0,0,0,0,45,0,8,0,0,0,0,0,12,0,0,0,0,0,0,0,141,0,126,0,102,0,378,0,0,0,0,0,0,0,0,0,0,0,9,0,3,0,0,1,0,0,0,0,0,0,76,0,42,0,10,0,76,0,0,24,56,5,125,0,0,4,1,0,0,0,0,0,0,0,0,0,0,0,0,0,0,0,0,0,0,0,0,0,0,0,0,0,0,0,0,0,0,102,0,0,0,605,265,287,41,1,0,0
13,116,87,10,3,0,139,160,14,261,0,0,0,0,7,0,94,30,0,0,8,0,59,4,0,157,0,0,46,0,5,0,8,0,0,0,0,0,0,0,0,0,0,0,0,0,0,0,0,0,0,0,75,0,96,30,10,0,0,0,51,0,139,40,0,1,0,0,0,0,12,1,0,0,21,0,0,0,0,0,0,0,0,0,356,0,30,0,0,0,451,0,0,0,0,0,532,1,191,0,64,0,0,0,0,0,274,0,0,0,0,0,0,0,0,0,0,0,0,0,29,0,203,0,0,0,0,0,0,0,0,0,36,0,14,0,183,0,65,0,110,0,242,0,6,0,0,0,0,3,0,0,0,0,19,0,0,0,11,0,0,0,0,0,0,0,0,0,0,0,8,0,76,0,0,0,42,25,0,0,0,0,6,5,1,0,0,0,0,0,0,0,0,0,0,0,0,0,1,0,84,0,0,0,0,0,0,0,0,0,114,13,109,0,55,0,0,0,0,0,0,0,0,0,0
244,14,68,11,0,2,44,226,70,17,7,0,0,0,0,34,62,104,0,0,0,56,82,53,157,0,0,0,0,100,0,12,1,28,0,0,0,0,0,39,0,0,0,0,0,0,0,0,0,0,0,0,0,45,2,88,0,33,0,0,0,133,16,177,0,0,0,0,0,0,0,0,0,0,0,0,0,0,0,0,0,0,0,0,0,80,0,0,0,0,0,0,0,0,0,0,0,0,0,0,0,0,0,0,0,12,0,0,0,0,0,0,0,0,0,0,0,0,0,0,0,0,0,0,0,0,0,0,0,10,0,0,0,0,0,68,0,105,0,91,0,42,0,83,2,0,0,0,0,2,0,0,0,0,0,6,0,22,0,17,0,0,0,4,0,6,0,0,0,18,0,50,0,88,0,0,20,34,0,0,1,4,8,3,0,0,0,0,0,0,0,0,0,0,0,0,0,0,0,0,0,0,0,2,0,0,0,0,0,0,0,0,0,0,181,0,0,0,580,183,285,96,0,11,0
25,0,64,0,216,0,0,0,0,0,48,0,255,153,67,0,0,0,113,56,56,6,151,0,0,0,0,354,46,0,49,0,3,0,60,0,45,0,4,0,74,70,237,13,163,118,124,163,48,0,289,20,0,0,0,0,0,0,0,0,0,0,0,0,0,0,0,0,0,0,33,0,0,0,30,0,0,0,0,0,0,0,0,0,0,0,0,0,0,0,0,0,0,0,0,0,0,0,0,0,0,0,0,0,0,0,0,0,0,0,0,0,0,0,0,0,1,0,0,0,0,0,0,0,0,0,0,0,0,0,0,0,0,0,0,0,0,0,6,0,0,0,0,0,0,0,0,0,13,0,0,0,0,0,0,0,0,0,0,0,6,0,0,0,124,0,11,0,0,0,0,0,0,0,0,0,73,49,48,0,0,0,16,0,0,0,140,9,0,0,0,0,0,0,0,0,0,0,0,0,0,0,0,0,0,0,0,0,0,0,11,213,194,6,0,0,0,14,0,0,0,0,0,0,0
0,112,0,0,0,371,0,0,0,0,0,223,357,320,14,126,0,0,367,484,103,153,0,37,0,0,354,0,0,0,3,4,0,0,114,61,0,21,0,0,190,33,128,350,39,216,50,62,5,18,209,371,0,0,0,0,0,0,0,0,0,0,0,0,0,8,0,0,0,0,0,0,0,0,0,0,0,0,0,0,0,0,0,0,0,0,0,0,0,0,0,0,0,0,0,0,0,0,0,0,0,0,0,0,0,0,0,0,0,0,0,0,0,0,0,0,0,0,0,0,0,0,0,0,0,0,0,0,0,0,0,0,0,0,0,0,0,0,0,0,0,0,0,0,0,0,0,10,0,0,0,0,0,0,0,18,0,0,0,0,0,0,0,0,0,65,0,9,0,88,0,2,0,0,0,0,0,321,2,66,0,13,0,64,0,33,59,44,0,0,0,0,0,0,0,0,0,0,0,0,0,0,0,0,0,0,0,0,0,0,0,0,0,0,32,1,0,0,90,315,536,0,0,0,8
51,0,183,0,53,0,0,0,0,0,40,0,0,0,20,0,190,0,0,0,54,0,142,0,46,0,46,0,0,0,34,0,28,0,80,0,87,0,1,0,0,0,68,0,13,0,0,0,1,0,73,0,0,0,0,0,0,0,0,0,10,0,42,0,0,0,0,0,0,0,86,0,0,0,52,0,0,0,22,0,0,0,0,0,82,0,60,0,0,0,0,0,0,0,0,0,50,0,202,0,0,0,0,0,0,0,0,0,0,0,0,0,0,0,0,0,0,0,0,0,40,0,48,0,0,0,0,0,0,0,0,0,0,0,0,0,0,0,61,0,97,0,0,0,101,0,0,0,0,0,0,0,0,0,2,0,2,0,4,0,1,0,11,0,0,0,0,0,0,0,0,0,28,0,0,0,2,0,0,0,0,0,16,0,0,0,0,0,0,0,0,0,0,0,0,0,0,0,0,0,0,0,0,0,0,0,0,0,0,0,66,40,43,19,25,0,0,1,0,0,0,0,0,0,0
2,74,0,111,0,48,0,47,0,0,0,39,0,0,0,8,0,168,0,0,0,75,0,104,0,100,0,0,0,0,0,26,0,58,0,22,0,3,0,18,0,0,0,12,0,0,0,0,0,0,0,6,0,13,0,13,0,0,0,0,0,27,0,106,0,0,0,0,0,0,0,8,0,0,0,0,0,0,0,0,0,0,0,0,0,173,0,0,0,0,0,5,0,0,0,0,0,62,0,0,0,0,0,0,0,0,0,0,0,0,0,0,0,0,0,0,0,0,0,0,0,39,0,36,0,0,0,0,0,0,0,0,0,0,0,0,0,106,0,271,0,598,0,558,0,135,0,0,0,0,0,0,0,0,0,5,0,0,0,0,0,0,0,0,0,0,0,3,0,11,0,0,0,35,0,0,0,0,0,31,0,0,0,4,0,0,0,0,0,0,0,0,0,0,0,0,0,0,0,0,0,0,0,0,0,0,0,0,0,0,0,0,0,0,30,0,0,0,31,7,39,17,0,0,0
0,1,60,0,315,0,0,0,0,0,49,0,47,0,222,0,80,0,40,12,82,2,59,0,5,0,49,3,34,0,0,0,10,0,76,0,20,0,8,0,0,0,82,0,10,0,0,0,1,0,64,0,0,0,0,0,0,0,0,0,4,0,16,0,0,0,0,0,0,0,18,0,1,0,16,0,0,0,0,0,0,0,0,0,0,0,0,0,0,0,0,0,0,0,0,0,0,0,0,0,0,0,0,0,0,0,0,0,0,0,0,0,0,0,0,0,0,0,0,0,0,0,0,0,0,0,0,0,0,0,0,0,0,0,0,0,0,0,3,0,0,0,0,0,11,0,0,0,0,0,0,0,0,0,0,0,0,0,0,0,0,0,6,0,0,0,71,0,0,0,1,0,27,0,0,0,0,0,13,0,0,0,10,0,0,0,0,0,0,0,0,0,0,0,0,0,0,0,0,0,0,0,0,0,0,0,0,0,0,0,90,87,74,22,49,0,0,0,0,0,0,0,0,0,0
0,0,0,28,0,191,0,0,0,0,0,92,0,12,7,18,0,7,0,92,0,20,0,21,0,12,0,4,0,26,0,0,0,0,0,13,0,9,0,4,0,0,0,16,0,1,0,0,0,0,0,6,0,2,0,0,0,0,0,0,0,0,0,6,0,0,0,0,0,0,0,4,0,0,0,0,0,0,0,0,0,0,0,0,0,150,0,0,0,0,0,2,0,0,0,0,0,0,0,0,0,0,0,0,0,0,0,0,0,0,0,0,0,0,0,0,0,0,0,0,0,0,0,0,0,0,0,1,0,0,0,0,0,0,0,0,0,0,0,29,0,83,0,144,0,73,0,0,0,0,0,0,0,0,0,0,0,10,0,0,0,0,0,1,0,0,0,41,0,0,0,1,0,5,0,0,0,0,0,19,0,0,0,0,0,0,0,0,0,0,0,0,0,0,0,0,0,0,0,0,0,0,0,0,0,0,0,0,0,0,0,0,0,0,0,0,0,0,48,44,50,9,0,0,0
42,0,213,0,416,0,0,0,0,0,207,0,13,0,128,0,94,0,0,0,54,0,39,0,8,1,3,0,28,0,10,0,0,0,28,0,162,0,3,0,0,0,15,0,9,0,0,0,1,0,26,0,0,0,0,0,0,0,0,0,8,0,9,0,0,0,0,0,0,0,26,0,0,0,0,0,0,0,0,0,0,0,0,0,0,0,0,0,0,0,0,0,0,0,0,0,0,0,0,0,25,0,0,0,0,0,0,0,0,0,0,0,0,0,0,0,0,0,0,0,19,0,0,0,0,0,0,0,0,0,0,0,0,0,0,0,0,0,0,0,0,0,0,0,33,0,0,0,0,0,0,0,0,0,1,0,0,0,1,0,0,0,13,0,0,0,95,0,0,0,11,0,41,0,0,0,0,0,0,0,0,0,0,0,0,0,1,0,0,0,0,0,0,0,0,0,0,0,0,0,0,0,0,0,0,0,0,0,0,0,95,63,112,0,38,0,0,0,0,0,0,0,0,0,0
0,103,0,149,0,378,0,9,0,7,0,262,0,0,0,67,0,28,0,27,2,30,0,83,0,28,0,0,0,58,0,0,0,0,0,15,0,18,0,3,0,0,0,6,0,0,0,0,0,0,0,0,0,7,0,0,0,0,0,0,0,12,0,12,0,0,0,0,0,0,0,0,0,0,0,0,0,0,0,0,0,0,0,0,0,129,0,0,0,0,0,0,0,0,0,0,0,0,0,0,0,0,0,0,0,0,0,0,0,0,0,0,0,0,0,0,0,0,0,0,0,34,0,0,0,0,0,0,0,0,1,0,0,1,0,0,0,0,0,32,0,94,0,151,0,72,0,0,0,0,0,0,0,0,0,19,0,10,0,0,0,0,0,0,0,0,0,24,0,0,0,0,0,12,0,0,0,15,0,196,0,0,0,5,0,20,0,0,0,0,0,0,0,0,0,0,0,0,0,0,0,0,0,0,0,0,0,0,0,0,0,0,0,0,15,0,0,0,50,40,28,11,0,0,0
0,0,0,0,216,0,0,0,0,0,9,0,313,0,67,0,31,0,191,0,73,4,47,0,0,0,60,114,80,0,76,0,28,0,0,0,160,0,0,0,0,0,27,0,20,0,0,0,9,0,88,0,0,0,0,0,0,0,3,0,0,0,0,0,0,0,1,0,0,0,0,0,4,0,0,0,0,0,0,0,0,0,0,0,0,0,17,0,0,0,0,0,0,0,0,0,0,0,0,0,0,0,0,0,0,0,0,0,0,0,0,0,0,0,0,0,0,0,0,0,0,0,0,0,0,0,0,0,0,0,0,0,0,0,0,0,0,0,0,0,0,0,0,0,0,0,0,0,0,0,0,0,0,0,0,0,0,0,0,0,0,0,0,0,96,0,28,0,0,0,0,0,0,0,0,0,9,0,27,0,0,0,13,0,6,0,0,5,0,0,0,0,0,0,0,0,0,0,0,0,0,0,0,0,0,0,0,0,0,0,58,120,117,0,10,0,0,0,0,0,0,0,0,0,0
0,0,0,7,0,199,0,0,0,0,0,121,0,182,0,25,0,7,37,167,15,82,0,25,0,0,0,61,0,22,0,13,0,15,0,0,0,303,0,4,0,0,0,27,0,22,0,0,0,1,0,80,0,0,0,0,0,0,0,0,0,8,0,4,0,0,0,0,0,0,0,0,0,0,0,0,0,0,0,0,0,0,0,0,0,146,0,0,0,0,0,0,0,0,0,0,0,0,0,0,0,0,0,0,0,0,0,0,0,0,0,0,0,0,0,0,0,0,0,0,0,83,0,0,0,0,0,0,0,0,0,0,0,1,0,0,0,0,0,0,0,69,0,154,0,81,0,0,0,0,0,0,0,0,0,0,0,0,0,0,0,0,0,3,0,0,0,70,0,47,0,7,0,24,0,0,0,29,0,75,0,0,0,33,0,0,0,4,0,0,0,0,0,0,0,0,0,0,0,0,0,0,0,0,0,0,0,0,0,0,0,0,0,0,0,0,0,0,89,104,174,0,0,0,0
60,0,65,1,597,6,0,0,0,0,208,0,66,0,101,0,11,0,27,3,46,0,0,0,0,0,45,0,87,0,20,0,162,0,160,0,0,0,36,0,1,0,74,0,55,0,0,0,5,0,169,0,0,0,1,0,12,0,22,0,26,0,9,0,0,0,5,0,0,0,85,0,15,0,38,0,0,0,11,0,0,0,0,0,25,0,0,0,0,0,17,0,0,0,0,0,0,0,105,0,0,0,0,0,0,0,0,0,0,0,0,0,0,0,0,0,0,0,0,0,32,0,0,0,0,0,0,0,0,0,0,0,0,0,0,0,0,0,63,0,96,0,0,0,111,0,0,0,0,0,0,0,0,0,4,0,8,0,2,0,5,0,40,0,74,0,86,0,51,0,53,0,70,0,0,0,11,0,24,0,0,0,32,0,6,0,1,0,0,0,0,0,0,0,0,0,0,0,0,0,0,0,0,0,0,0,0,0,0,0,61,77,150,0,33,0,0,0,0,0,0,0,0,0,0
0,31,4,48,7,261,0,0,0,0,0,173,0,64,0,39,0,0,0,119,4,27,0,45,0,0,0,21,0,3,0,9,0,18,0,303,0,0,0,2,0,0,0,31,0,20,0,0,0,4,0,83,0,0,0,0,0,0,0,4,0,32,0,0,0,0,0,0,0,0,0,16,0,0,0,0,0,0,0,0,0,103,0,0,0,216,0,33,0,0,0,0,0,0,0,0,0,81,0,52,0,0,0,0,0,0,0,0,0,0,0,0,0,0,0,0,0,0,0,0,0,137,0,62,0,0,0,0,0,0,0,0,0,0,0,0,0,0,0,33,0,137,0,150,0,196,0,0,0,0,0,0,0,0,0,10,0,20,0,0,0,0,0,0,0,9,0,68,0,56,0,4,0,53,0,0,0,19,1,222,0,0,0,18,0,0,0,5,0,0,0,0,0,0,0,0,0,0,0,0,0,0,0,0,0,0,0,0,0,0,0,0,0,0,0,0,0,0,68,71,136,0,0,0,0
394,0,532,0,204,0,0,0,5,0,235,0,0,0,0,0,220,0,0,0,11,0,144,0,0,0,4,0,1,0,8,0,3,0,0,0,36,0,0,0,0,0,7,0,0,0,0,0,0,0,5,0,0,0,0,0,0,0,0,0,15,0,6,0,0,0,0,0,0,0,39,0,0,0,23,0,0,0,0,0,0,0,0,0,32,0,22,0,0,0,0,0,0,0,0,0,0,0,73,0,0,0,0,0,0,0,0,0,0,0,0,0,0,0,0,0,0,0,0,0,0,0,11,0,0,0,0,0,3,0,0,0,0,0,0,0,0,0,77,0,67,0,0,0,67,0,0,0,0,0,0,0,0,0,4,0,8,0,0,0,0,0,11,0,1,0,69,0,0,0,11,0,53,0,0,0,26,0,15,0,0,0,182,0,0,0,1,0,0,0,0,0,0,0,0,0,0,0,0,0,0,0,0,0,0,0,0,0,0,0,19,19,47,19,16,0,1,0,0,0,0,0,0,0,0
0,148,0,154,0,53,0,50,0,0,0,71,0,0,0,7,0,76,0,0,0,4,11,47,0,39,0,0,0,18,0,4,0,3,0,4,0,2,0,0,0,0,0,2,0,0,0,0,0,0,0,0,0,3,0,0,0,0,0,0,0,2,0,11,0,0,0,0,0,0,0,0,0,0,0,0,0,0,0,0,0,0,0,0,0,0,0,0,0,0,0,0,0,0,0,0,0,0,0,0,0,0,0,0,0,0,0,0,0,0,0,0,0,0,0,0,0,0,0,0,0,0,0,0,0,0,0,0,0,0,0,0,0,0,0,0,0,0,0,135,0,203,0,0,0,111,0,0,0,0,0,0,0,0,0,6,0,47,0,11,0,0,0,0,0,0,0,0,0,0,0,4,0,1,0,0,0,4,0,156,0,0,0,0,0,0,0,0,0,0,0,0,0,0,0,0,0,0,0,0,0,0,0,0,0,0,0,0,0,0,0,0,0,0,0,0,0,0,6,15,6,0,0,0,0
10,0,14,0,85,0,0,0,0,0,8,0,313,0,0,0,0,0,28,25,1,0,3,0,0,0,74,190,0,0,0,0,0,0,0,0,1,0,0,0,0,66,155,0,107,139,77,92,114,43,54,15,0,0,1,0,0,0,0,0,0,0,0,0,0,0,0,0,0,0,0,0,0,0,1,0,0,0,0,0,0,0,0,0,0,0,0,0,0,0,0,0,0,0,0,0,0,0,0,0,0,0,0,0,0,0,0,0,0,0,0,0,0,0,0,0,0,0,0,0,0,0,0,0,0,0,0,0,0,0,0,0,0,0,0,0,0,0,0,0,0,0,0,0,0,0,2,0,0,0,0,0,0,0,0,0,0,0,0,0,0,0,0,0,61,3,0,0,0,0,0,0,0,0,0,0,41,57,18,0,0,0,9,0,4,0,305,3,0,0,0,0,0,0,0,0,0,0,0,0,0,0,0,0,0,0,0,0,0,0,3,157,74,0,0,0,0,53,0,1,0,0,0,0,1
0,0,0,0,0,31,0,0,0,0,0,41,0,218,0,0,0,0,18,0,0,0,0,0,0,0,70,33,0,0,0,0,0,0,0,0,0,0,0,0,66,0,0,280,49,244,25,284,5,81,20,126,0,0,0,0,0,0,0,0,0,0,0,0,0,0,0,0,0,7,0,0,0,0,0,0,0,0,0,0,0,0,0,10,0,0,0,0,0,0,0,0,0,3,0,8,0,0,0,0,0,0,0,0,0,0,0,0,0,0,0,0,0,0,0,0,0,0,0,1,0,0,0,0,0,0,0,0,0,0,0,0,0,0,0,0,0,0,0,0,0,0,0,0,0,0,0,0,0,0,0,0,0,0,0,0,0,0,0,0,0,0,0,0,0,84,0,0,0,14,0,0,0,0,0,0,3,228,0,43,0,13,0,0,0,4,14,21,0,0,0,0,0,0,0,0,0,0,0,0,0,0,0,0,0,0,0,0,0,0,0,0,0,0,0,0,0,0,0,44,39,0,0,0,47
0,0,0,0,33,0,0,0,0,0,6,0,139,0,5,0,13,0,24,19,19,0,39,0,0,0,237,128,68,0,82,0,15,0,27,0,74,0,7,0,155,0,0,9,165,60,70,0,48,8,89,0,0,0,0,0,3,0,0,0,0,0,15,0,0,0,0,0,0,0,0,0,0,0,0,0,0,0,0,0,0,0,0,0,0,0,0,0,0,0,0,0,0,0,0,0,0,0,0,0,0,0,0,0,0,0,0,0,0,0,0,0,0,0,0,0,0,0,0,0,0,0,0,0,0,0,0,0,0,0,0,0,0,0,0,0,0,0,0,0,14,0,0,0,0,0,0,0,0,0,0,0,0,0,0,0,0,0,0,0,0,0,0,0,61,0,13,0,0,0,0,0,7,0,0,0,0,14,20,0,0,0,0,0,1,0,225,0,0,0,0,0,0,0,0,0,0,0,0,0,0,0,0,0,0,0,0,0,0,0,35,150,72,0,9,0,0,8,0,0,0,0,0,0,0
0,0,0,0,0,0,0,0,0,0,0,0,0,321,0,12,0,3,0,70,0,154,0,12,0,0,13,350,0,12,0,16,0,6,0,27,0,31,0,2,0,280,9,0,0,183,6,57,1,11,0,81,0,0,0,0,0,0,0,1,0,0,0,0,0,0,0,0,0,2,0,0,0,0,0,0,0,0,0,0,0,0,0,0,0,0,0,0,0,0,0,0,0,0,0,0,0,0,0,0,0,0,0,0,0,0,0,0,0,0,0,0,0,0,0,0,0,0,0,0,0,0,0,0,0,0,0,0,0,0,0,0,0,0,0,0,0,0,0,0,0,0,0,0,0,0,0,0,0,0,0,0,0,0,0,0,0,0,0,0,0,0,0,0,0,51,0,9,0,28,0,0,0,0,0,0,0,78,0,0,0,7,0,0,0,0,5,132,0,0,0,0,0,0,0,0,0,0,0,0,0,0,0,0,0,0,0,0,0,1,0,0,0,0,10,0,0,0,0,128,195,0,0,0,0
0,0,0,0,22,0,0,0,0,0,0,0,80,0,6,0,27,0,26,0,19,1,57,0,0,0,163,39,13,0,10,0,9,0,20,0,55,0,0,0,107,49,165,0,0,92,270,50,331,50,91,0,0,0,0,0,0,0,0,0,0,0,0,0,0,0,0,0,0,0,53,0,0,0,37,0,0,0,5,0,0,0,33,0,0,0,0,0,0,0,0,0,18,0,58,0,0,0,0,0,46,0,11,0,0,0,0,0,0,0,0,0,0,0,0,0,0,0,0,0,28,0,0,0,0,0,2,0,0,0,0,0,0,0,0,0,0,0,0,0,13,0,0,0,41,0,0,0,0,0,0,0,2,0,0,0,0,0,0,0,0,0,22,0,155,0,0,0,45,0,0,0,13,0,1,0,0,53,20,0,5,0,0,0,0,0,166,0,0,0,0,0,0,0,16,0,0,0,0,0,0,0,0,0,0,0,0,0,0,0,16,122,267,4,0,0,0,98,0,0,2,0,0,0,0
0,16,0,0,0,39,0,0,0,5,0,44,54,132,0,12,0,0,23,29,0,42,0,8,0,0,118,216,0,0,0,1,0,0,0,22,0,20,0,0,139,244,60,183,92,0,103,331,16,178,69,123,0,0,0,0,0,0,0,0,0,8,0,0,0,0,0,0,0,21,0,0,0,0,0,11,0,25,0,0,0,0,0,53,0,0,0,27,0,0,0,0,0,0,0,0,0,0,0,25,0,40,0,11,0,0,0,0,0,0,0,0,0,0,0,0,0,0,0,0,0,0,0,0,0,0,0,0,0,0,0,0,1,0,0,0,0,0,0,0,0,0,0,0,0,0,0,0,0,0,0,0,1,5,0,2,0,0,0,6,0,0,0,0,0,223,0,47,0,126,0,8,0,21,0,1,0,178,0,22,0,0,0,8,0,0,36,59,0,0,0,0,0,0,0,0,0,0,0,0,0,0,0,0,0,0,0,0,0,0,0,0,0,0,0,0,0,0,54,226,465,8,14,0,156
0,0,19,0,67,0,0,0,7,0,33,0,191,0,9,0,8,0,61,0,0,0,24,0,0,0,124,50,0,0,0,0,0,0,0,0,0,0,0,0,77,25,70,6,270,103,0,54,137,40,21,0,0,0,0,0,0,0,0,0,0,0,0,0,0,0,0,0,0,0,1,0,0,0,0,0,0,0,0,0,0,0,0,0,0,0,0,0,0,0,0,0,0,0,0,0,0,0,0,0,0,0,0,0,0,0,0,0,0,0,0,0,0,0,0,0,0,0,0,0,0,0,0,0,0,0,0,0,0,0,0,0,0,0,0,0,0,0,0,0,0,0,0,0,0,0,0,0,0,0,0,0,0,0,0,0,0,0,0,0,0,0,0,0,39,0,0,0,0,0,0,0,4,0,0,0,18,42,32,0,0,0,10,0,5,0,160,3,0,0,0,0,0,0,0,0,0,0,0,0,0,0,0,0,0,0,0,0,2,0,0,207,88,0,0,0,0,65,0,0,0,0,0,0,1
0,24,0,0,0,102,0,0,0,0,0,68,55,386,0,0,0,0,40,39,13,0,0,0,0,0,163,62,0,0,0,0,0,0,0,0,0,0,0,0,92,284,0,57,50,331,54,0,3,61,56,24,0,1,0,0,0,0,0,0,0,0,0,0,0,0,0,0,0,0,0,0,0,0,0,0,0,0,0,0,0,0,0,0,0,0,0,0,0,0,0,0,0,0,0,0,0,0,0,0,0,0,0,0,0,0,0,0,0,0,0,0,0,0,0,0,0,0,0,0,0,0,0,0,0,0,0,0,0,0,0,0,0,0,0,0,0,0,0,0,0,0,0,0,0,0,0,0,0,0,0,1,0,0,0,0,0,0,0,0,0,0,0,0,0,0,0,0,0,0,0,0,0,0,0,0,0,201,0,29,0,0,0,0,0,0,27,19,0,0,0,0,0,0,0,0,0,0,0,0,0,0,0,0,0,0,0,0,0,0,0,0,0,0,0,0,0,0,0,114,43,0,0,0,56
15,0,24,0,10,0,57,0,19,0,8,0,71,0,0,0,1,0,6,2,0,0,29,0,0,0,48,5,1,0,1,0,1,0,9,0,5,0,0,0,114,5,48,1,331,16,137,3,0,33,18,1,17,0,26,0,33,0,34,0,0,0,8,0,0,0,4,0,14,0,1,0,0,0,0,0,2,0,0,0,0,0,16,0,9,0,4,0,0,0,0,0,24,0,17,0,0,0,0,0,29,0,35,0,23,0,0,0,1,0,0,0,0,0,0,0,0,0,0,0,0,0,0,0,0,0,0,0,0,0,0,0,0,0,0,0,0,0,0,0,0,0,0,0,0,0,0,0,0,0,2,0,0,0,7,0,4,0,0,0,19,0,4,0,40,1,5,0,13,0,7,0,35,0,0,0,29,25,52,0,0,0,3,0,5,0,238,0,25,0,0,0,0,0,30,0,0,0,0,0,0,0,0,0,0,0,0,0,0,0,37,71,151,0,50,47,0,9,0,0,0,0,0,0,5
0,3,0,0,0,8,0,0,0,0,0,10,1,44,0,0,0,0,4,0,2,3,0,0,0,0,0,18,0,0,0,0,0,0,0,1,0,4,0,0,43,81,8,11,50,178,40,61,33,0,2,10,0,0,0,2,0,3,0,0,0,3,0,0,0,0,0,1,0,19,0,0,0,0,0,0,0,17,0,0,0,0,0,17,0,0,0,0,0,8,0,0,0,5,0,9,0,0,0,0,0,6,0,3,0,0,0,0,0,0,0,0,0,0,0,0,0,0,0,0,0,4,0,3,0,0,0,0,0,0,0,0,0,0,0,0,0,0,0,0,0,5,0,0,0,1,0,0,0,0,0,0,0,4,0,3,0,0,0,5,0,0,0,1,2,34,0,42,0,24,0,4,0,4,0,4,0,135,0,25,0,14,0,7,0,0,35,7,0,0,0,0,0,0,0,5,0,0,0,0,0,0,0,0,0,0,0,0,0,0,0,4,0,0,5,0,0,0,33,63,21,2,0,0,23
0,0,19,0,96,0,0,0,0,0,17,0,316,0,13,0,15,0,150,28,127,0,80,0,0,0,289,209,73,0,64,0,26,0,88,0,169,0,5,0,54,20,89,0,91,69,21,56,18,2,0,0,0,0,2,0,12,0,7,0,10,0,13,0,0,0,1,0,0,0,0,0,0,0,0,0,0,0,0,0,0,0,0,0,0,0,0,0,0,0,0,0,0,0,0,0,0,0,0,0,34,0,8,0,0,0,0,0,0,0,0,0,0,0,0,0,0,0,0,0,0,0,0,0,0,0,0,1,0,0,0,0,0,0,0,0,0,0,0,0,0,0,0,0,22,0,0,0,0,0,0,0,0,0,0,0,1,0,0,0,0,0,0,0,122,0,47,0,61,0,11,0,43,0,0,0,10,12,30,0,0,0,0,0,3,0,88,0,0,0,0,0,0,0,0,0,0,0,0,0,0,0,0,0,0,0,0,0,0,0,98,124,159,37,28,0,4,3,0,0,0,0,0,0,0
1,0,0,0,0,55,0,0,0,0,0,27,0,363,0,10,0,0,29,101,0,130,0,0,0,0,20,371,0,6,0,6,0,0,0,80,0,83,0,0,15,126,0,81,0,123,0,24,1,10,0,0,0,0,0,0,0,6,0,0,0,0,0,0,0,0,0,0,0,0,0,16,0,0,0,13,0,0,0,0,0,73,0,0,0,0,0,0,0,3,0,0,0,0,0,0,0,41,0,0,0,0,0,0,0,0,0,0,0,0,0,0,0,0,0,0,0,0,0,0,0,119,0,27,0,2,0,0,0,0,0,0,0,0,0,0,0,0,0,0,0,0,0,0,0,78,0,0,0,0,0,0,0,0,0,0,0,3,0,0,0,0,0,7,0,35,0,46,0,143,0,32,0,49,0,0,0,100,0,54,0,0,0,0,0,0,0,160,0,0,0,0,0,0,0,0,0,0,0,0,0,0,0,0,0,0,0,0,0,0,0,0,0,0,30,0,0,0,79,88,209,0,6,0,0
0,0,8,0,2,0,132,13,176,80,1,0,0,0,4,0,37,0,0,0,6,0,14,0,75,0,0,0,0,0,0,0,0,0,0,0,0,0,0,0,0,0,0,0,0,0,0,0,17,0,0,0,0,7,383,63,223,16,47,82,38,0,43,0,5,0,14,151,0,0,5,0,0,0,3,0,0,0,0,0,0,0,0,0,72,0,0,0,0,0,56,0,0,0,0,0,93,0,32,0,0,0,0,0,0,0,0,0,0,0,0,0,0,0,0,0,0,0,0,0,0,0,72,0,0,0,0,0,82,0,18,0,22,0,0,0,140,0,314,0,186,0,121,0,20,0,0,0,0,0,0,0,1,0,162,2,100,0,166,0,8,0,0,0,0,0,0,0,29,0,171,0,33,0,0,0,26,4,0,0,0,0,17,0,2,0,0,0,0,0,0,0,0,0,0,0,0,0,0,0,0,0,0,0,0,0,0,0,0,0,157,91,144,195,160,7,54,0,0,0,0,0,0,0,0
0,14,0,0,0,5,11,42,26,49,0,6,0,0,0,7,3,113,0,0,0,0,0,39,0,45,0,0,0,13,0,2,0,7,0,0,0,0,0,3,0,0,0,0,0,0,0,1,0,0,0,0,7,0,23,66,0,163,9,0,0,46,8,115,0,0,3,3,0,0,0,0,0,0,0,0,0,0,0,0,0,1,0,0,0,0,0,0,0,0,0,0,0,0,0,0,0,0,0,0,0,0,0,0,0,0,0,11,0,0,0,0,0,0,0,0,0,0,0,0,0,0,0,1,0,0,0,0,0,15,0,0,0,61,0,0,0,103,0,425,0,192,0,113,0,106,0,0,0,0,0,0,0,0,0,177,0,107,0,104,0,3,0,0,0,0,0,0,0,5,0,26,0,0,0,0,1,4,0,0,0,0,0,4,1,0,0,0,0,0,0,0,0,0,0,0,0,0,0,0,0,0,0,0,0,0,0,1,0,3,1,0,0,0,140,0,0,0,244,311,79,87,0,33,0
5,0,136,0,9,0,210,14,40,104,6,0,2,0,30,0,8,0,0,0,0,0,89,0,96,2,0,0,0,0,0,0,0,0,0,0,1,0,0,0,1,0,0,0,0,0,0,0,26,0,2,0,383,23,0,103,136,29,80,106,88,0,15,1,15,6,5,149,0,0,0,1,0,0,0,0,0,0,0,0,4,0,0,0,0,0,6,0,0,0,0,0,0,0,0,0,152,1,4,0,0,0,0,0,0,0,0,0,0,0,0,0,0,0,0,0,0,0,0,0,0,0,28,0,0,12,0,0,99,7,87,0,48,0,0,0,277,0,34,0,0,16,165,1,0,0,5,0,2,0,0,0,0,0,87,0,86,0,72,0,71,0,0,0,0,0,0,0,73,0,319,0,62,0,3,1,34,9,0,0,0,0,1,0,0,5,0,0,0,0,0,0,0,0,0,0,0,0,0,0,104,0,0,0,0,0,0,0,10,0,351,79,289,283,308,17,97,0,0,0,0,0,0,0,0
0,8,0,57,0,12,52,176,184,99,0,0,0,0,0,73,7,16,0,13,0,20,0,57,30,88,0,0,0,13,0,0,0,0,0,0,0,0,0,0,0,0,0,0,0,0,0,0,0,2,0,0,63,66,103,0,0,250,16,44,9,15,61,17,0,0,15,6,0,0,0,0,0,0,0,2,0,0,0,0,0,0,0,0,0,29,0,0,0,1,0,0,0,0,0,0,0,19,0,0,0,0,0,0,0,0,0,0,0,0,0,0,0,0,0,0,0,0,0,0,0,0,0,0,0,13,0,0,0,80,0,29,0,41,0,62,0,132,5,198,0,36,0,57,0,4,0,0,5,0,1,0,0,2,0,75,0,51,0,112,0,10,0,0,0,8,0,0,0,33,4,109,0,63,0,0,2,11,0,0,0,0,3,0,0,1,0,0,0,0,0,0,0,0,0,0,0,0,0,0,0,0,0,0,0,0,0,0,0,0,3,2,0,0,367,0,0,0,440,174,441,240,8,154,5
3,0,0,0,0,0,28,0,21,0,0,0,0,0,0,0,1,0,0,0,2,0,2,0,10,0,0,0,0,0,0,0,0,0,0,0,12,0,0,0,0,0,3,0,0,0,0,0,33,0,12,0,223,0,136,0,0,0,238,29,19,0,0,0,46,38,16,39,0,0,0,0,0,0,0,0,0,0,0,0,0,0,0,0,0,0,0,0,0,0,0,0,0,0,0,0,0,0,0,0,0,0,0,0,0,0,0,0,0,0,0,0,0,0,0,0,0,0,0,0,0,0,0,0,19,0,0,0,66,0,142,0,0,0,0,0,39,0,18,0,0,0,12,0,29,5,0,0,1,0,0,0,0,0,84,0,114,0,51,17,124,0,74,0,0,0,4,0,83,0,260,0,22,0,0,0,0,0,0,0,0,0,0,0,26,0,0,0,0,0,0,0,0,0,0,0,0,0,0,0,0,0,0,0,0,0,0,0,12,0,524,135,594,392,536,73,200,0,0,0,0,0,0,0,0
0,0,0,7,0,0,0,27,10,16,0,0,0,0,0,0,0,15,0,0,0,0,0,0,0,33,0,0,0,0,0,0,0,0,0,0,0,0,0,0,0,0,0,0,0,0,0,0,0,3,0,6,16,163,29,250,0,0,48,162,0,3,4,14,5,0,23,17,0,0,0,0,0,0,0,0,0,0,0,0,0,0,0,0,0,0,0,0,0,0,0,0,0,0,0,0,0,0,0,0,0,0,0,0,0,0,0,0,0,0,0,0,0,0,0,0,0,0,0,0,0,0,0,0,1,10,0,0,0,38,0,46,0,16,0,16,0,37,0,54,0,0,0,0,7,24,0,0,0,3,0,0,0,0,0,101,0,16,0,226,14,57,0,0,0,9,0,0,0,100,0,365,0,33,0,0,2,0,0,0,0,0,0,0,0,0,0,0,0,1,0,0,0,0,0,0,0,0,0,0,0,0,0,0,0,0,0,0,0,0,0,0,0,0,844,0,0,0,960,196,918,491,30,386,0
0,0,11,0,0,0,22,0,74,5,0,0,0,0,0,0,0,0,0,0,0,0,0,0,0,0,0,0,0,0,0,0,0,0,3,0,22,0,0,0,0,0,0,0,0,0,0,0,34,0,7,0,47,9,80,16,238,48,0,215,64,0,6,0,223,56,204,186,0,0,0,0,0,0,0,0,0,0,0,0,0,0,0,0,0,0,0,0,0,0,0,0,0,0,0,0,0,0,0,0,0,0,0,0,0,0,0,0,0,0,0,0,0,0,0,0,0,0,0,0,0,0,0,0,0,0,26,0,6,0,140,0,0,0,15,0,11,0,4,3,0,1,10,0,12,19,14,0,0,0,0,0,0,0,52,12,157,0,6,20,46,16,23,0,2,0,16,0,68,0,292,0,34,0,0,0,139,0,0,0,14,3,0,0,176,20,0,0,0,0,0,0,0,0,0,0,0,0,0,0,0,0,0,0,0,0,0,0,5,0,795,389,553,526,624,49,236,0,0,0,0,0,0,0,0
0,0,0,0,0,0,0,27,110,46,0,0,0,0,0,0,0,0,0,0,0,0,0,0,0,0,0,0,0,0,0,0,0,0,0,0,0,4,0,0,0,0,0,1,0,0,0,0,0,0,0,0,82,0,106,44,29,162,215,0,0,0,14,0,24,236,144,299,0,0,0,0,0,0,0,0,0,0,0,2,0,0,0,0,0,0,0,2,0,1,0,0,0,0,0,0,0,0,0,0,0,0,0,0,0,0,0,0,0,0,0,0,0,0,0,0,0,0,0,0,0,0,0,0,0,28,0,0,0,37,0,95,0,26,0,12,0,19,2,18,0,0,0,0,7,31,0,7,0,0,0,0,0,0,21,23,5,34,4,53,16,151,0,0,0,3,0,0,0,27,0,0,0,0,0,0,34,14,0,0,0,0,0,0,19,75,0,0,0,0,0,0,0,0,0,0,0,0,0,0,0,0,0,0,0,0,0,0,0,0,0,0,0,0,573,0,0,0,899,418,305,381,27,163,0
355,5,244,0,5,0,435,0,327,17,0,0,0,0,0,0,67,0,4,0,0,0,22,0,51,0,0,0,10,0,4,0,8,0,0,0,26,0,15,0,0,0,0,0,0,0,0,0,0,0,10,0,38,0,88,9,19,0,64,0,0,0,31,3,0,0,0,0,0,0,3,0,0,0,10,0,0,0,0,0,0,0,0,0,12,0,0,0,0,0,0,0,0,0,0,0,0,0,11,0,0,0,0,0,0,0,0,0,0,0,0,0,0,0,0,0,0,0,0,0,0,0,0,0,0,0,0,0,0,0,0,0,0,0,0,0,0,0,166,0,123,0,0,0,160,0,0,0,0,0,0,0,0,0,62,0,103,0,13,0,0,0,3,0,0,0,0,0,10,0,137,0,121,0,0,0,28,0,0,0,0,0,103,0,0,0,0,0,0,0,0,0,0,0,0,0,0,0,0,0,0,0,0,0,0,0,0,0,0,0,65,66,57,0,26,0,0,0,0,0,0,0,0,0,0
0,267,0,69,0,0,0,221,0,41,0,27,0,0,1,11,4,78,0,0,0,0,5,50,0,133,0,0,0,27,0,0,0,12,0,8,0,32,0,2,0,0,0,0,0,8,0,0,0,3,0,0,0,46,0,15,0,3,0,0,0,0,0,39,0,0,0,0,0,0,0,2,0,0,0,0,0,0,0,0,0,0,0,0,0,0,0,0,0,0,0,0,0,0,0,0,0,0,0,0,0,0,0,0,0,0,0,0,0,0,0,0,0,0,0,0,0,0,0,0,0,8,0,0,0,0,0,0,0,0,0,0,0,0,0,0,0,0,0,106,0,104,0,0,0,175,0,0,0,0,0,0,0,0,0,16,0,162,0,14,0,0,0,0,0,0,0,3,0,7,0,18,0,135,0,0,0,4,0,57,0,0,0,19,0,0,0,0,0,0,0,0,0,0,0,0,0,0,0,0,0,0,0,0,0,0,0,0,0,0,0,0,0,0,21,0,0,0,32,283,89,27,0,5,0
193,3,169,0,0,0,402,47,233,147,0,0,0,0,24,0,284,0,0,0,60,0,93,0,139,16,0,0,42,0,16,0,9,0,0,0,9,0,6,0,0,0,15,0,0,0,0,0,8,0,13,0,43,8,15,61,0,4,6,14,31,0,0,10,0,0,3,30,0,0,51,0,0,0,20,0,0,0,0,0,16,0,0,0,34,0,0,0,0,0,8,0,6,0,0,0,0,0,0,0,0,0,0,0,0,0,0,0,0,0,0,0,0,0,0,0,0,0,0,0,0,0,61,0,0,0,0,0,0,0,1,0,0,0,0,0,51,0,278,0,193,0,85,0,116,0,0,0,0,0,0,0,0,0,97,2,42,0,40,0,0,0,0,0,0,0,0,0,0,0,14,0,42,0,0,0,10,8,0,0,0,0,47,0,5,0,0,0,0,0,0,0,0,0,0,0,0,0,0,0,0,0,0,0,0,0,0,0,0,0,84,39,62,28,40,0,0,0,0,0,0,0,0,0,0
23,208,14,55,1,0,35,311,30,63,0,9,0,0,0,13,16,359,0,0,0,53,13,129,40,177,0,0,0,106,0,6,0,12,0,4,0,0,0,11,0,0,0,0,0,0,0,0,0,0,0,0,0,115,1,17,0,14,0,0,3,39,10,0,0,0,0,0,0,0,0,1,0,0,0,0,0,1,0,0,0,0,0,0,0,0,0,0,0,0,0,0,0,1,0,0,0,0,0,0,0,0,0,0,0,0,0,0,0,0,0,0,0,0,0,0,0,0,0,0,0,0,0,0,0,0,0,0,0,0,0,0,0,0,0,0,0,28,0,286,0,195,0,51,0,51,0,0,0,0,0,0,0,0,0,35,0,62,0,38,0,0,0,0,0,0,0,5,0,3,0,10,0,35,0,0,0,19,0,13,0,0,0,31,0,0,0,0,0,0,0,0,0,0,0,0,0,0,0,0,0,0,0,0,0,0,0,0,0,0,0,0,0,0,71,0,0,0,119,224,105,49,0,17,0
20,0,7,0,14,0,7,0,129,0,12,0,8,0,0,0,0,0,0,0,0,0,0,3,0,0,0,0,0,0,0,0,0,0,0,0,0,0,0,0,0,0,0,0,0,0,0,0,0,0,0,0,5,0,15,0,46,5,223,24,0,0,0,0,0,51,101,8,0,0,0,0,0,0,0,0,0,0,0,0,0,0,0,0,0,0,0,0,0,0,0,0,0,0,0,0,0,0,0,0,0,0,0,0,0,0,0,0,0,0,0,0,0,0,0,0,0,0,0,0,0,2,0,0,1,0,6,0,0,0,11,0,0,0,0,0,7,0,0,28,0,0,0,0,13,18,10,0,13,0,0,0,12,0,5,6,0,0,2,27,294,101,0,0,0,0,0,0,1,0,0,0,0,0,45,0,10,0,23,0,172,38,9,0,208,4,0,0,0,0,0,0,0,0,0,0,0,0,0,0,0,0,0,0,0,0,0,0,0,0,50,19,0,0,0,0,0,0,0,0,0,0,0,0,0
0,41,0,3,0,28,0,3,0,185,0,25,0,2,0,8,0,0,0,27,0,0,0,4,1,0,0,8,0,0,0,0,0,0,0,0,0,0,0,0,0,0,0,0,0,0,0,0,0,0,0,0,0,0,6,0,38,0,56,236,0,0,0,0,51,0,32,246,0,0,0,5,0,0,0,4,0,0,0,0,0,0,0,0,0,0,0,0,0,0,0,0,0,0,0,0,0,4,0,0,0,0,0,0,0,0,0,0,0,0,0,0,0,0,0,0,0,0,0,0,0,11,0,4,0,45,0,32,0,14,0,55,0,7,0,0,0,24,24,59,3,0,0,0,32,74,0,44,0,74,0,0,0,18,14,0,0,1,17,0,105,445,0,0,0,0,0,0,0,0,0,0,0,2,13,5,4,3,0,11,35,279,0,25,15,82,0,0,0,0,0,0,0,0,0,0,0,0,0,3,0,11,0,0,0,0,0,0,0,0,0,0,0,0,98,0,0,0,121,68,0,0,4,0,0
8,0,0,0,6,0,45,0,120,0,0,0,0,0,0,0,0,0,0,0,0,0,0,0,0,0,0,0,0,0,0,0,0,0,1,0,5,0,0,0,0,0,0,0,0,0,0,0,4,0,1,0,14,3,5,15,16,23,204,144,0,0,3,0,101,32,0,80,0,0,0,0,0,0,0,0,0,0,0,0,0,0,0,0,0,0,0,0,0,0,0,0,0,0,0,0,0,0,0,0,0,0,0,0,0,0,0,0,0,0,0,0,0,0,0,0,0,0,0,0,0,0,0,0,0,0,0,0,0,0,11,0,0,0,0,0,0,0,0,0,0,0,0,0,5,9,0,0,16,0,0,0,0,0,9,9,30,0,1,13,81,0,0,0,0,0,0,0,0,0,18,0,0,0,0,0,159,0,0,0,36,8,0,0,568,6,0,0,0,0,0,0,0,0,0,0,0,0,0,0,0,0,0,0,0,0,0,0,2,0,88,67,65,0,52,0,0,0,0,0,0,0,0,0,0
0,9,0,0,0,0,0,5,142,41,0,3,0,0,0,0,0,0,0,0,0,0,0,0,0,0,0,0,0,0,0,0,0,0,0,0,0,0,0,0,0,0,0,0,0,0,0,0,0,1,0,0,151,3,149,6,39,17,186,299,0,0,30,0,8,246,80,0,0,0,0,0,0,0,0,0,0,0,0,0,0,0,0,0,0,0,0,0,0,0,0,0,0,0,0,0,0,0,0,0,0,0,0,0,0,0,0,0,0,0,0,0,0,0,0,0,0,0,0,0,0,0,0,0,0,12,0,12,0,6,0,47,0,9,0,0,0,13,0,0,0,0,0,0,5,27,0,10,0,18,0,0,0,2,34,20,5,24,4,18,9,124,0,0,0,0,0,0,0,0,0,0,0,0,0,0,62,71,0,0,3,39,1,0,13,634,0,0,0,0,0,0,0,0,0,0,0,0,0,0,0,0,0,0,0,0,0,0,0,0,2,0,0,0,110,0,0,0,223,232,0,0,3,0,0
0,0,0,0,0,0,0,0,0,0,0,0,0,0,0,0,0,0,0,0,0,0,0,0,0,0,0,0,0,0,0,0,0,0,0,0,0,0,0,0,0,0,0,0,0,0,0,0,14,0,0,0,0,0,0,0,0,0,0,0,0,0,0,0,0,0,0,0,0,0,0,0,0,0,0,0,123,0,4,0,0,0,54,0,0,0,0,0,21,0,0,0,100,0,15,0,0,0,0,0,9,0,204,0,0,0,0,0,55,0,13,0,10,0,4,0,2,0,0,0,0,0,0,0,0,1,0,0,0,0,0,0,0,0,0,0,0,0,0,0,0,0,0,0,0,0,1,0,0,0,0,0,0,0,0,0,0,0,0,0,0,0,0,0,41,0,0,0,128,0,2,0,0,0,0,0,0,0,0,0,0,0,0,0,0,0,0,0,12,0,0,0,0,0,27,0,0,0,0,0,0,0,0,0,0,0,0,0,0,0,79,11,121,0,0,70,162,0,0,0,0,0,0,0,0
0,0,0,0,0,0,0,0,0,0,0,0,0,0,0,0,0,0,0,0,0,0,0,0,0,0,0,0,0,0,0,0,0,0,0,0,0,0,0,0,0,7,0,2,0,21,0,0,0,19,0,0,0,0,0,0,0,0,0,0,0,0,0,0,0,0,0,0,0,0,0,0,0,0,0,0,0,41,0,0,0,0,0,99,0,0,0,7,0,64,0,0,0,82,0,37,0,0,0,0,0,6,0,192,0,0,0,22,0,16,0,12,0,12,0,0,0,3,0,0,0,0,0,0,0,0,0,0,0,0,0,1,1,0,0,0,0,0,0,0,0,0,0,0,0,0,0,0,0,0,0,0,0,0,0,0,0,0,0,0,0,0,0,0,0,82,0,0,0,59,0,0,0,0,0,0,0,4,0,0,0,0,0,0,0,0,0,0,0,0,0,0,0,0,0,0,0,0,0,0,0,0,0,0,0,0,0,0,0,0,0,0,0,0,0,0,0,0,47,23,150,0,30,156,3
0,0,0,0,0,0,0,0,0,0,0,0,0,0,0,0,147,0,0,0,122,0,9,0,12,0,33,0,86,0,18,0,26,0,0,0,85,0,39,0,0,0,0,0,53,0,1,0,1,0,0,0,5,0,0,0,0,0,0,0,3,0,51,0,0,0,0,0,0,0,0,0,322,0,141,0,13,0,281,0,0,0,0,0,12,0,38,0,0,0,0,0,0,0,0,0,0,0,0,0,0,0,0,0,0,0,1,0,0,0,0,0,0,0,0,0,0,0,0,0,47,0,19,0,18,0,28,0,0,0,0,4,24,0,56,0,53,0,5,0,45,0,121,0,111,0,18,0,8,0,18,0,29,0,0,0,4,0,0,0,1,0,67,0,0,0,8,0,16,0,41,0,29,0,7,0,0,0,0,0,37,3,0,0,1,0,0,0,0,0,0,0,0,0,0,0,0,0,0,0,11,0,0,0,0,0,0,0,43,0,54,2,5,0,0,1,1,0,0,0,0,0,0,0,0
0,0,0,0,0,0,0,0,0,0,0,0,0,0,0,0,0,3,0,0,0,0,0,0,1,0,0,0,0,8,0,4,0,0,0,0,0,16,0,0,0,0,0,0,0,0,0,0,0,0,0,16,0,0,1,0,0,0,0,0,0,2,0,1,0,5,0,0,0,0,0,0,0,219,0,289,0,14,0,42,0,7,0,0,0,0,0,59,0,0,0,0,0,0,0,0,0,0,0,0,0,0,0,0,0,0,0,0,0,0,0,0,0,0,0,0,0,0,0,0,0,12,0,15,0,8,0,44,0,0,0,0,0,0,0,0,0,0,0,0,0,19,0,48,0,62,0,0,0,34,0,0,0,13,0,0,0,0,2,0,6,3,0,38,0,0,0,2,0,7,0,19,0,23,0,0,0,0,0,0,6,22,0,0,0,0,0,0,0,0,0,0,0,0,0,0,0,0,0,0,0,0,0,0,0,0,0,0,0,0,0,0,0,0,0,0,0,0,36,0,5,0,0,0,0
0,0,0,0,0,0,0,0,0,0,0,0,0,0,0,0,0,0,0,0,6,0,12,0,0,0,0,0,0,0,1,0,0,0,4,0,15,0,0,0,0,0,0,0,0,0,0,0,0,0,0,0,0,0,0,0,0,0,0,0,0,0,0,0,0,0,0,0,0,0,322,0,0,0,94,0,12,0,116,0,3,0,6,0,20,0,7,0,0,0,0,0,0,0,1,0,0,1,0,0,0,0,0,0,0,0,0,0,0,0,0,0,0,0,0,0,0,0,0,0,43,0,20,0,33,0,31,0,0,0,6,0,0,0,72,0,33,0,0,0,10,0,134,0,69,0,32,0,4,0,23,0,22,1,0,0,0,0,0,0,0,0,60,1,0,0,0,0,20,0,4,0,5,0,0,0,0,0,0,0,20,0,0,0,0,0,0,0,4,0,0,0,0,0,0,0,0,0,0,0,46,0,0,0,11,0,65,0,60,0,147,2,9,2,6,0,0,0,0,0,0,0,0,0,0
0,0,0,0,0,0,0,0,0,0,0,0,0,0,0,0,0,0,0,0,0,0,0,0,0,0,0,0,0,0,0,0,0,0,0,0,0,0,0,0,0,0,0,0,0,0,0,0,0,0,0,0,0,0,0,0,0,0,0,0,0,0,0,0,0,0,0,0,0,0,0,219,0,0,0,217,0,32,0,178,0,4,0,13,0,0,0,148,0,0,0,0,0,0,0,2,0,0,0,2,0,0,0,0,0,0,0,0,0,0,0,0,0,0,0,0,0,0,0,0,0,57,0,40,0,10,0,98,0,0,0,0,0,29,0,176,0,102,0,0,0,19,0,73,0,99,0,0,0,0,0,0,1,0,0,0,0,0,0,0,0,0,0,36,0,0,0,0,0,9,0,21,0,11,0,3,0,0,0,3,0,0,0,0,0,0,0,0,0,0,0,0,0,0,0,0,0,0,0,0,0,0,0,0,0,18,0,0,0,89,0,0,0,0,11,0,0,0,153,0,9,7,0,0,0
0,0,15,0,0,0,0,0,0,0,3,0,0,0,0,0,137,0,0,0,91,0,19,0,21,0,30,0,52,0,16,0,0,0,0,0,38,0,23,0,1,0,0,0,37,0,0,0,0,0,0,0,3,0,0,0,0,0,0,0,10,0,20,0,0,0,0,0,0,0,141,0,94,0,0,0,12,0,169,0,18,0,0,0,15,0,44,0,0,0,0,0,0,0,8,0,0,0,9,0,0,0,0,0,1,0,0,0,0,0,0,0,0,0,0,0,0,0,0,0,95,0,50,0,0,0,13,1,0,3,0,0,7,0,56,0,0,0,4,0,38,6,126,0,104,1,7,0,8,0,13,0,0,0,0,0,5,0,0,0,1,0,28,0,0,0,0,0,11,0,14,0,15,0,7,0,0,0,0,0,27,1,0,0,4,0,0,0,0,0,0,0,0,0,0,0,0,0,10,0,0,0,13,0,0,0,56,0,39,0,18,0,4,0,3,1,0,0,0,0,0,0,0,0,0
0,0,0,0,0,0,0,0,0,0,0,0,0,0,0,0,0,0,0,0,0,7,0,0,0,0,0,0,0,0,0,0,0,0,0,0,0,0,0,0,0,0,0,0,0,11,0,0,0,0,0,13,0,0,0,2,0,0,0,0,0,0,0,0,0,4,0,0,0,0,0,289,0,217,0,0,0,6,0,123,0,6,0,3,0,2,0,60,0,0,0,0,0,0,0,0,0,0,0,0,0,0,0,0,0,0,0,0,0,0,0,0,0,0,0,0,0,0,0,0,1,162,0,45,0,0,0,0,0,0,0,0,0,0,0,47,0,30,4,0,0,19,0,29,0,155,0,0,0,38,0,0,0,0,0,0,0,0,0,0,0,7,0,37,0,0,0,0,0,3,0,13,0,19,2,2,0,0,0,0,4,25,0,0,0,0,0,0,0,0,0,0,0,0,0,0,0,0,0,0,0,0,0,0,0,0,0,0,0,0,0,0,0,0,6,0,0,0,70,0,1,5,0,0,0
0,0,0,0,0,0,0,0,0,0,0,0,0,0,0,0,0,0,0,0,0,0,0,0,0,0,0,0,0,0,0,0,0,0,0,0,0,0,0,0,0,0,0,0,0,0,0,0,2,0,0,0,0,0,0,0,0,0,0,0,0,0,0,0,0,0,0,0,123,0,13,0,12,0,12,0,0,0,23,0,31,0,94,0,0,0,55,0,0,0,0,0,171,0,28,0,24,0,5,0,5,0,136,0,0,0,5,0,0,0,7,0,4,0,1,0,0,0,0,0,0,0,0,0,0,0,0,0,0,0,0,0,0,0,0,0,0,0,0,0,0,0,0,0,0,0,0,0,0,0,0,0,0,0,0,0,0,0,0,0,0,0,3,0,24,0,0,0,30,0,0,0,2,0,0,0,0,0,0,0,0,0,0,0,0,0,0,0,0,0,0,0,97,0,38,0,13,0,0,0,56,0,0,0,62,0,0,0,0,0,42,3,60,0,7,10,0,0,0,0,0,0,0,0,0
0,0,0,0,0,0,0,0,0,0,0,0,0,0,0,0,0,0,0,0,0,0,0,0,0,0,0,0,0,0,0,0,0,0,0,0,0,0,0,0,0,0,0,0,0,25,0,0,0,17,0,0,0,0,0,0,0,0,0,0,0,0,0,1,0,0,0,0,0,41,0,14,0,32,0,6,0,0,0,23,0,62,0,245,0,0,0,128,0,19,1,0,0,105,0,66,0,0,0,20,0,46,0,91,0,42,0,66,0,1,0,1,0,0,0,0,0,6,0,0,0,27,0,16,0,0,0,0,0,0,0,0,0,0,0,58,0,0,0,0,0,0,0,27,0,0,2,0,0,0,0,0,0,0,0,3,0,0,0,0,0,0,0,0,0,31,0,0,0,44,0,0,0,0,0,0,0,0,0,0,0,0,0,0,0,0,0,0,0,0,0,0,0,0,0,48,0,18,0,0,0,32,0,77,0,63,0,0,0,0,0,0,0,0,11,0,0,0,59,20,71,0,31,0,0
0,0,0,0,0,0,0,0,0,0,0,0,0,0,0,0,38,0,0,0,0,0,0,0,0,0,0,0,22,0,0,0,0,0,0,0,11,0,0,0,0,0,0,0,5,0,0,0,0,0,0,0,0,0,0,0,0,0,0,0,0,0,0,0,0,0,0,0,4,0,281,0,116,0,169,0,23,0,0,0,30,0,96,0,72,0,92,0,4,0,0,0,103,0,23,0,42,0,0,0,5,0,59,0,0,0,0,0,0,0,0,0,0,0,0,0,0,0,0,0,224,0,92,0,0,0,0,0,0,0,0,0,0,0,0,0,0,1,0,0,0,0,76,0,15,0,0,0,0,0,0,0,0,0,0,0,0,0,0,0,0,0,4,0,0,0,0,0,49,0,0,0,0,0,0,0,0,0,0,0,0,0,0,0,0,0,0,0,60,0,0,0,110,0,0,0,0,0,0,0,127,2,99,0,90,0,0,0,37,0,173,0,39,0,0,18,2,0,0,0,0,0,0,0,0
0,0,0,0,0,0,0,0,0,0,0,0,0,0,0,0,0,0,0,0,0,0,0,0,0,0,0,0,0,0,0,0,0,0,0,0,0,0,0,0,0,0,0,0,0,0,0,0,0,0,0,0,0,0,0,0,0,0,0,2,0,0,0,0,0,0,0,0,0,0,0,42,0,178,0,123,0,23,0,0,0,2,0,4,0,6,0,83,0,0,0,0,0,0,0,0,0,0,0,1,0,0,0,0,0,0,0,0,0,0,0,0,0,0,0,0,0,0,0,0,0,8,0,33,0,0,0,0,0,0,0,0,0,0,0,70,0,0,0,0,1,24,0,56,0,45,0,0,0,0,0,0,0,7,0,0,0,2,0,0,0,0,0,8,0,1,0,0,0,0,0,6,0,0,0,0,0,0,0,0,0,0,0,0,0,0,0,0,0,0,0,0,0,0,0,0,0,0,0,0,0,10,0,0,0,0,0,0,0,0,0,0,0,0,8,0,0,0,68,0,0,0,0,0,0
