0,234,98,72,60,30,40,223,101,90,98,10,95,0,7,90,58,22,0,0,32,0,33,86,10,214,38,3,204,0,28,0,44,0,0,0,36,0,476,0,18,0,0,0,18,0,19,0,14,0,0,0,4,0,0,14,0,0,0,0,277,8,61,0,16,0,3,0,0,0,0,0,0,0,0,0,0,0,0,0,0,0,0,0,0,0,0,0,0,0,0,0,0,0,0,0,0,0,0,0,0,0,0,0,0,0,0,0,0,0,0,0,0,0,0,0,0,0,0,0,0,0,0,0,0,0,5,0,1,0,8,0,0,0,16,0,0,0,0,0,0,0,0,0,0,0,31,0,46,0,10,0,11,0,0,0,0,0,0,0,0,0,0,0,17,0,10,0,14,0,42,0,401,21,0,0,21,371,23,0,6,0,48,0,53,0,4,0,0,0,1,0,0,0,0,0,0,0,0,0,13,0,0,0,0,0,0,0,6,0,521,86,163,191,492,0,0,0,0,0,19,0,0,0,0
234,0,233,21,34,132,34,43,16,144,29,142,0,135,11,6,0,45,2,87,8,15,219,66,120,3,0,188,0,72,1,12,0,200,0,0,0,153,0,273,0,43,0,0,0,4,0,75,0,0,0,6,0,47,0,9,0,0,0,8,0,132,1,26,0,53,0,6,0,0,0,2,0,0,0,6,0,0,0,0,0,0,0,0,0,0,0,4,0,0,0,0,0,0,0,0,0,0,0,4,0,0,0,0,0,0,0,0,0,0,0,0,0,0,0,0,0,0,0,0,0,0,0,4,0,18,0,16,0,0,0,55,0,0,0,36,0,22,0,0,0,6,0,0,0,5,0,0,0,161,1,75,0,257,0,12,0,38,0,0,0,0,0,0,0,15,0,0,0,22,0,15,0,146,0,0,0,457,0,24,0,62,15,53,0,135,0,0,0,0,0,0,0,0,0,0,0,6,0,24,0,13,0,0,0,0,0,13,0,25,0,0,0,0,523,0,0,0,541,78,396,148,0,25,0
98,233,0,71,138,0,279,83,40,32,77,54,85,0,295,113,90,19,113,9,217,0,231,134,144,112,132,0,504,9,221,0,123,0,0,0,44,0,636,16,0,0,0,0,21,0,42,0,40,0,0,0,0,0,32,0,0,0,13,0,148,0,70,0,9,0,0,0,0,0,0,0,0,0,0,0,0,0,0,0,0,0,0,0,0,0,0,0,0,0,0,0,0,0,0,0,0,0,0,0,0,0,0,0,0,0,6,0,0,0,0,0,0,0,0,0,0,0,0,0,0,0,0,0,31,0,22,0,2,0,81,0,19,0,85,0,78,0,0,0,0,0,58,0,0,0,58,0,104,0,21,0,11,0,0,0,0,0,0,0,0,0,2,0,0,0,32,0,27,0,38,0,304,8,2,0,5,191,10,0,3,0,5,0,9,0,0,0,1,0,1,0,0,0,0,0,0,0,21,0,50,0,0,0,0,0,0,0,11,0,557,62,222,360,775,0,18,2,11,0,22,0,0,0,0
72,21,71,0,50,72,1,128,1,1,65,4,0,6,24,178,0,34,0,93,0,64,76,248,0,95,0,23,0,105,0,70,0,387,0,0,0,95,8,136,0,0,0,0,0,4,0,0,1,0,1,0,0,0,0,53,0,26,0,10,0,0,0,3,0,0,0,1,0,0,0,0,0,0,0,0,0,0,0,0,0,0,0,0,0,0,0,0,0,0,0,0,0,0,0,0,0,0,0,0,0,0,0,0,0,0,0,0,0,0,0,0,0,0,0,0,0,0,0,0,0,0,0,0,0,71,0,14,0,58,0,140,0,0,0,117,0,104,0,0,0,0,0,0,0,0,0,6,0,0,0,60,0,9,0,20,0,0,0,0,0,54,0,0,0,13,0,111,0,12,0,10,0,108,0,3,0,47,5,0,0,0,0,0,0,0,0,0,0,0,0,0,0,0,0,0,0,18,0,0,0,0,0,0,0,1,0,39,0,143,0,0,0,0,189,0,0,0,130,15,295,68,0,0,0
60,34,138,50,0,378,49,0,19,0,115,158,285,73,246,186,19,0,195,261,334,114,82,77,8,0,268,41,58,0,348,0,474,12,221,8,271,7,163,0,86,4,15,0,0,0,49,0,17,0,121,0,3,0,0,0,5,0,0,0,1,0,0,0,11,3,0,0,1,0,0,0,0,0,0,0,0,0,4,0,0,0,0,0,0,0,0,0,0,0,0,0,0,0,0,0,0,0,0,0,0,0,0,0,0,0,0,0,0,0,0,0,0,0,0,0,0,0,1,0,0,0,0,0,0,0,15,0,0,0,0,0,4,0,57,0,25,0,0,0,0,0,0,0,0,0,61,0,62,0,27,0,71,0,0,0,0,0,0,0,0,0,5,0,12,0,196,0,81,0,19,0,122,0,0,0,41,235,134,0,32,0,44,0,34,0,6,0,0,0,0,0,0,0,0,0,0,0,0,0,62,0,0,0,0,0,0,0,13,0,608,188,601,263,581,0,0,0,0,24,92,0,0,0,0
30,132,0,72,378,0,0,53,0,12,199,271,211,213,432,101,0,0,159,333,68,95,76,59,0,0,0,481,0,8,34,114,0,262,18,235,0,196,0,19,0,77,7,35,0,15,0,103,0,0,0,176,0,11,0,11,0,3,0,0,0,0,0,6,0,14,0,6,0,0,0,0,0,0,0,0,0,0,0,0,0,0,0,0,0,0,0,12,0,0,0,0,0,4,0,11,0,0,0,6,0,11,0,0,0,20,0,0,0,0,0,0,0,0,0,0,0,0,0,0,0,0,0,0,0,49,0,0,0,0,0,86,0,0,0,0,0,54,0,0,0,0,0,0,0,6,0,0,0,61,0,36,0,33,0,0,0,0,0,0,0,0,0,0,0,65,0,309,0,98,0,14,0,255,0,0,0,347,57,32,0,24,0,7,1,8,0,14,0,33,0,2,0,0,0,20,0,13,0,0,0,0,0,0,0,35,0,0,0,59,0,0,0,0,811,0,0,0,798,211,1245,364,0,26,0
40,34,279,1,49,0,0,74,162,230,27,0,25,0,43,0,3,0,0,0,0,0,51,0,137,58,29,0,30,0,0,0,17,0,4,1,6,0,41,0,0,0,10,0,0,0,0,0,91,0,0,0,119,24,151,50,112,0,45,0,379,12,232,18,38,0,109,16,0,0,0,0,0,0,0,0,0,0,0,0,0,0,0,0,0,0,0,0,0,0,0,0,0,0,0,0,0,0,0,0,0,0,0,0,0,0,0,0,0,0,0,0,0,0,0,0,0,0,0,0,0,0,0,0,26,0,10,0,0,0,78,0,18,0,23,0,44,0,0,1,0,0,5,0,0,0,18,0,62,0,4,0,0,0,3,0,15,0,0,0,85,0,2,0,17,0,22,0,28,0,238,0,170,0,0,0,0,78,0,0,0,0,0,2,0,0,0,0,0,0,0,0,0,0,0,0,0,0,2,0,0,0,0,0,0,0,0,0,0,0,532,70,412,405,698,0,42,9,5,0,0,0,0,0,0
223,43,83,128,0,53,74,0,146,62,3,11,0,12,0,128,19,140,0,76,0,0,32,18,135,22,0,44,0,509,0,0,0,112,0,0,0,70,0,635,0,0,0,0,0,3,0,0,0,0,0,0,7,9,9,69,0,65,0,47,0,423,20,119,0,6,0,3,0,0,0,0,0,0,0,0,0,0,0,0,0,0,0,1,0,5,0,0,0,0,0,0,0,0,0,0,5,0,0,0,0,0,0,0,0,0,0,0,0,0,0,0,0,0,0,0,0,0,0,0,0,0,0,0,0,111,0,20,0,33,0,150,0,0,0,13,0,35,0,0,0,0,0,0,0,0,0,14,1,47,0,38,0,0,0,18,0,0,0,0,0,83,0,0,0,7,0,0,0,28,0,22,0,259,0,0,0,103,0,0,0,0,31,9,0,0,0,0,0,0,0,0,0,0,0,0,0,17,0,0,0,0,0,0,0,0,0,25,0,95,4,0,0,0,550,0,0,0,381,45,563,155,0,31,0
101,16,40,1,19,0,162,146,0,664,39,0,27,0,10,2,0,0,0,0,0,0,0,0,5,65,0,0,0,1,0,0,0,0,0,0,0,0,14,0,3,0,0,0,6,0,3,0,27,0,0,0,97,56,16,208,21,11,205,63,308,15,109,25,171,0,116,108,0,0,0,0,0,0,0,0,0,0,0,0,0,0,0,0,0,0,0,0,0,0,0,0,0,0,0,0,0,0,0,0,0,0,0,0,0,0,0,0,0,0,0,0,0,0,0,0,0,0,0,0,0,0,0,0,20,0,6,0,0,0,33,0,7,0,4,0,4,0,0,0,0,0,0,0,0,0,20,0,79,0,4,0,13,0,0,2,16,0,0,0,76,0,4,0,4,0,0,0,13,0,101,0,59,12,0,0,146,253,12,0,0,0,66,5,54,10,0,0,0,0,0,0,0,0,0,0,0,0,3,0,4,0,0,0,0,0,0,0,2,0,404,38,206,179,357,0,23,0,16,10,27,7,0,2,0
90,144,32,1,0,12,230,62,664,0,0,8,0,6,2,0,3,2,0,21,0,0,0,1,199,2,0,13,0,42,0,0,0,0,0,0,0,0,0,73,0,0,0,0,0,5,0,8,0,0,0,0,69,109,249,39,0,35,37,79,0,658,69,262,0,129,38,107,0,0,0,0,0,0,0,0,0,0,0,0,0,0,0,0,0,3,0,0,0,0,0,4,0,0,0,0,3,5,0,0,0,0,0,0,0,0,0,0,0,0,0,0,0,0,0,0,0,0,0,0,0,0,0,0,0,74,0,33,0,3,0,161,0,3,0,18,1,14,0,0,0,0,0,0,0,0,0,30,0,149,0,24,0,30,0,25,2,80,0,10,0,43,0,0,0,2,0,0,0,28,0,25,0,155,0,2,0,372,0,1,0,0,0,45,0,103,0,0,0,0,0,3,0,2,0,0,0,2,0,11,2,0,0,0,0,0,0,8,0,32,1,0,0,0,541,0,0,0,391,80,421,291,0,93,0
98,29,77,65,115,199,27,3,39,0,0,87,397,0,23,151,38,0,14,21,161,0,24,75,3,0,50,0,20,0,152,0,383,0,16,0,189,4,151,0,62,0,4,0,0,0,48,0,9,0,8,0,2,0,0,0,0,0,0,0,0,0,2,0,5,1,0,0,0,0,0,0,0,0,0,0,0,0,0,0,0,0,0,0,0,0,0,0,0,0,0,0,0,0,0,0,0,0,0,0,0,0,0,0,0,0,0,0,0,0,0,0,0,0,0,0,0,0,0,0,0,0,0,0,0,0,2,0,0,0,3,0,0,0,0,0,0,0,0,0,0,0,0,0,0,0,22,0,35,0,37,0,119,0,1,0,0,0,0,0,0,0,0,0,2,0,65,0,11,1,0,0,39,0,31,0,61,163,153,0,36,0,61,0,35,0,44,0,0,0,0,0,0,0,0,0,0,0,0,0,0,0,0,0,0,0,0,0,0,0,369,83,228,100,250,0,0,5,22,0,23,0,0,0,0
10,142,54,4,158,271,0,11,0,8,87,0,32,391,187,14,2,4,58,34,17,72,113,63,0,0,0,204,0,2,6,19,28,125,2,36,0,94,0,6,0,75,0,2,0,10,0,108,1,37,0,13,0,0,0,0,0,0,0,0,0,0,0,0,0,7,0,3,0,0,0,0,0,0,0,0,0,0,0,0,0,3,0,0,0,0,0,0,0,0,0,0,0,0,0,0,0,0,0,0,0,0,0,0,0,3,0,0,0,0,0,0,0,0,0,0,0,0,0,0,0,0,0,0,0,8,0,0,0,0,0,13,0,0,0,5,0,0,0,0,0,0,0,0,0,0,0,0,0,31,0,39,0,114,0,0,0,0,0,0,0,0,0,0,0,0,0,25,0,7,0,2,0,34,0,40,4,348,9,86,0,90,1,36,0,56,0,7,0,0,0,0,0,0,0,0,0,0,0,0,0,1,0,0,0,0,0,0,0,0,14,0,30,0,287,0,0,0,400,105,231,82,0,5,0
95,0,85,0,285,211,25,0,27,0,397,32,0,566,33,12,0,0,169,307,58,92,0,0,4,0,327,455,0,0,0,1,8,0,103,14,90,0,0,0,310,57,328,57,28,23,290,199,55,21,456,32,0,0,0,0,0,0,0,0,0,0,0,0,3,0,0,0,0,0,0,0,0,0,0,0,0,0,0,0,0,0,0,0,0,0,0,0,0,0,0,0,0,0,0,0,0,0,0,0,0,0,0,0,0,0,0,0,0,0,0,0,0,0,0,0,0,0,0,0,0,0,0,0,0,0,2,0,0,0,0,0,0,0,0,0,0,0,0,0,0,0,0,0,0,0,0,0,0,0,0,0,0,0,1,0,0,0,1,0,0,0,0,0,0,0,33,0,72,0,0,0,0,0,15,0,130,127,99,0,28,0,31,0,14,0,45,20,0,0,0,0,0,0,0,0,0,0,0,0,0,0,0,0,0,0,0,0,0,0,131,289,403,0,58,0,2,0,0,49,107,0,0,0,0
0,135,0,6,73,213,0,12,0,6,0,391,566,0,16,2,0,0,341,26,45,87,0,0,0,1,259,145,0,0,0,0,0,0,25,22,0,4,0,0,214,311,72,256,9,28,0,149,3,100,49,179,0,0,0,0,0,0,0,0,0,0,0,0,0,7,0,0,0,0,0,0,0,0,0,0,1,0,0,0,0,11,0,0,0,0,0,0,0,0,0,0,0,0,0,0,0,0,0,0,0,0,0,0,0,10,0,0,0,0,0,0,0,4,0,0,0,0,0,0,0,4,0,0,0,0,0,0,0,0,0,0,0,0,0,0,0,0,0,0,0,0,0,0,0,0,0,0,0,14,0,0,0,46,0,0,0,0,0,0,0,0,0,0,0,17,0,0,0,31,0,0,0,7,0,26,6,456,15,64,0,74,0,8,0,12,40,99,0,0,0,0,0,0,0,21,0,1,0,0,0,3,0,0,0,0,0,0,0,0,0,50,75,0,63,0,0,0,83,298,424,0,0,0,0
7,11,295,24,246,432,43,0,10,2,23,187,33,16,0,176,65,1,448,155,385,100,526,25,75,0,181,12,0,0,200,0,159,8,116,7,91,9,15,0,0,0,10,1,0,1,0,0,0,0,12,0,4,0,38,0,0,0,0,0,0,0,15,0,4,0,0,0,0,0,0,0,0,0,0,0,0,0,0,0,0,0,0,0,0,0,0,0,0,0,0,0,0,0,0,0,0,0,0,0,0,0,0,0,0,0,0,0,0,0,0,0,0,0,0,0,0,0,0,0,0,0,0,0,10,0,0,0,0,0,16,2,0,0,61,0,36,0,5,0,0,0,116,0,0,0,15,0,30,0,15,0,9,0,0,0,0,0,0,0,3,0,0,0,4,0,47,0,14,0,0,1,9,3,0,0,11,106,20,0,0,0,0,0,9,0,1,0,0,0,0,0,0,0,0,0,0,0,0,0,70,0,0,0,0,0,0,0,0,0,169,116,103,20,81,0,0,0,57,14,56,13,0,0,0
90,6,113,178,186,101,0,128,2,0,151,14,12,2,176,0,15,11,10,382,22,318,156,293,0,103,0,41,0,6,15,146,34,230,0,105,0,110,0,11,0,0,0,0,0,0,0,0,0,0,0,6,0,12,0,130,0,5,0,0,0,0,0,10,0,0,0,0,0,0,0,0,0,0,0,0,0,0,0,0,0,0,0,0,0,23,0,0,0,0,0,0,0,0,0,0,0,0,0,16,0,0,0,0,0,0,0,0,0,0,0,0,0,0,0,0,0,0,0,0,0,0,0,0,0,46,0,0,0,86,0,45,0,130,0,336,0,254,0,0,0,0,0,0,0,0,0,0,0,20,0,20,0,0,0,0,0,0,0,0,0,11,0,0,0,10,0,131,0,15,0,0,0,43,0,0,0,53,15,0,0,0,5,1,0,0,0,0,0,0,0,0,0,0,0,0,0,0,0,0,0,63,0,0,0,0,0,0,0,128,24,0,22,3,64,0,0,0,55,46,107,26,0,1,0
58,0,90,0,19,0,3,19,0,3,38,2,0,0,65,15,0,0,128,0,665,0,157,13,264,19,253,0,323,2,70,0,27,3,28,0,10,0,98,4,0,0,19,0,111,0,0,0,4,0,42,0,165,0,45,1,8,0,5,0,136,0,563,0,0,0,0,0,0,0,6,0,0,0,17,0,0,0,0,0,0,0,0,0,245,0,7,0,0,0,140,0,0,0,0,0,805,0,42,0,0,0,0,0,78,0,0,0,0,0,0,0,0,0,0,0,0,0,0,0,26,0,41,0,0,0,2,0,66,0,0,0,0,0,88,0,190,0,169,0,85,0,680,0,0,0,0,0,0,0,0,0,0,0,30,0,0,0,13,0,0,0,0,0,3,0,6,0,0,0,13,0,62,1,0,0,0,0,10,0,0,0,27,0,0,0,0,0,0,0,0,0,0,0,0,0,0,0,0,0,350,0,0,0,0,0,0,0,0,0,6,125,34,39,38,0,0,0,0,0,0,0,0,0,0
22,45,19,34,0,0,0,140,0,2,0,4,0,0,1,11,0,0,0,27,0,118,22,135,6,204,0,0,0,168,0,63,0,50,0,6,1,5,0,33,0,0,0,0,0,0,0,0,0,0,0,0,0,167,0,146,0,34,0,0,0,0,0,173,0,0,0,0,0,0,0,0,0,0,0,0,0,4,0,0,0,31,0,0,0,122,0,0,0,0,0,0,0,0,0,0,0,49,0,30,0,0,0,0,0,0,0,52,0,0,0,0,0,0,0,0,0,0,0,0,0,0,0,0,0,26,0,0,0,214,0,0,0,216,0,387,0,412,0,177,0,5,0,136,0,0,0,0,0,0,0,0,0,0,0,55,0,0,0,44,0,0,0,0,0,2,0,0,0,0,0,0,0,4,0,0,0,29,0,4,0,0,0,4,0,0,0,0,0,0,0,0,0,0,0,0,0,0,0,0,0,60,0,0,0,0,0,0,0,43,0,0,0,0,3,0,0,0,0,10,6,0,0,0,0
0,2,113,0,195,159,0,0,0,0,14,58,169,341,448,10,128,0,0,252,270,95,570,0,0,0,270,233,6,0,25,0,2,0,409,15,47,0,0,0,20,0,181,29,16,15,12,57,9,8,359,28,0,0,0,0,0,0,0,0,0,0,51,0,0,0,2,0,0,0,0,0,0,0,0,0,0,0,0,0,0,0,0,0,0,0,0,0,0,0,0,0,0,0,0,0,0,0,0,0,0,0,0,0,0,0,0,0,0,0,0,0,0,0,0,0,0,0,0,0,0,0,0,0,0,0,0,0,0,0,0,0,0,0,0,0,0,0,0,0,0,0,0,0,0,0,0,0,0,0,4,0,0,0,0,0,0,0,0,0,0,0,3,0,46,0,60,0,74,0,0,0,5,0,0,0,14,20,16,0,0,0,0,0,10,0,18,12,0,0,0,0,0,0,0,1,0,0,0,0,0,0,0,0,0,0,0,0,0,0,104,178,265,39,71,0,0,0,0,35,53,0,0,0,0
0,87,9,93,261,333,0,76,0,21,21,34,307,26,155,382,0,27,252,0,39,691,4,205,0,49,25,759,0,0,0,63,0,0,28,415,23,41,0,4,16,1,0,155,0,56,0,60,0,0,28,366,0,56,0,70,0,0,0,0,0,0,0,96,0,31,0,3,0,0,0,0,0,0,0,0,0,0,0,0,0,0,0,0,0,0,0,0,0,0,0,0,0,0,0,0,0,0,0,0,0,43,0,0,0,0,0,0,0,0,0,0,0,0,0,0,0,0,0,0,0,0,0,0,0,52,0,0,0,0,0,0,0,0,0,443,0,245,0,0,0,0,0,0,0,0,0,0,0,70,0,52,0,70,0,0,0,25,0,0,0,0,1,0,3,27,0,96,0,87,2,0,0,40,0,0,0,52,34,5,0,28,0,18,0,26,10,3,0,0,0,0,0,0,0,30,0,24,0,131,0,117,0,0,0,0,0,0,0,160,0,29,112,0,130,0,0,0,118,114,323,86,0,0,0
32,8,217,0,334,68,0,0,0,0,161,17,58,45,385,22,665,0,270,39,0,18,430,5,115,0,202,39,64,0,50,0,10,0,73,0,6,0,9,0,0,0,74,4,69,0,0,11,6,0,121,0,22,0,21,0,0,0,0,0,4,0,135,0,0,0,0,0,0,0,30,0,0,0,0,0,0,0,0,0,22,0,0,0,221,0,25,0,0,0,0,0,0,0,0,0,504,0,65,0,0,0,0,0,0,0,0,0,0,0,0,0,0,0,0,0,0,0,0,0,0,0,23,0,0,0,0,0,0,0,0,0,0,0,64,0,0,0,47,0,0,0,284,0,8,0,0,0,4,0,0,0,0,0,0,0,0,0,0,0,0,0,0,0,31,0,57,2,45,0,7,0,18,0,0,0,31,25,39,0,0,0,23,0,0,0,15,0,0,0,0,0,0,0,0,0,0,0,0,0,170,0,0,0,0,0,0,0,0,0,152,193,182,47,59,0,0,0,0,0,0,0,0,0,0
0,15,0,64,114,95,0,0,0,0,0,72,92,87,100,318,0,118,95,691,18,0,12,408,0,87,0,435,0,105,5,270,8,234,0,201,7,57,0,15,0,0,0,80,0,91,0,0,0,11,0,140,0,32,0,32,0,0,0,0,0,13,0,135,0,0,0,0,0,0,0,0,0,0,0,12,0,0,0,0,0,177,1,0,0,651,0,81,0,0,0,0,0,0,0,0,0,0,0,121,0,0,0,0,0,13,0,0,0,0,0,0,0,4,0,0,0,0,0,0,0,36,0,0,0,0,0,0,0,164,0,0,0,0,0,542,0,442,0,404,0,197,0,755,0,35,0,0,0,0,0,0,0,0,0,25,0,6,0,0,0,0,0,0,0,26,0,45,0,47,0,3,0,22,0,0,0,30,14,19,0,0,0,0,0,0,0,7,0,0,0,0,0,0,0,0,0,0,0,0,0,60,0,12,0,0,0,0,0,0,16,0,31,0,33,0,0,0,48,83,87,11,0,0,0
33,219,231,76,82,76,51,32,0,0,24,113,0,0,526,156,157,22,570,4,430,12,0,160,116,35,394,0,146,0,127,0,69,13,0,2,22,0,128,0,3,0,0,0,32,0,63,0,6,0,0,0,3,0,68,0,0,0,0,0,0,0,9,0,0,0,0,0,0,0,0,0,0,0,0,0,0,0,0,0,0,0,0,0,8,0,0,0,0,0,0,0,0,0,0,0,0,0,0,0,0,0,0,0,0,0,0,0,0,0,0,0,0,0,0,0,0,0,0,0,0,0,0,0,0,0,0,0,9,0,37,0,0,0,49,0,79,0,11,0,0,0,215,0,0,0,1,0,6,0,0,0,0,0,6,0,0,0,0,0,0,0,0,0,3,0,12,0,9,0,7,0,95,0,0,0,0,56,14,0,0,0,16,0,0,0,0,0,0,0,0,0,0,0,0,0,0,0,0,0,94,0,0,0,0,0,5,0,0,0,55,232,47,49,66,0,0,0,0,0,9,0,0,0,0
86,66,134,248,77,59,0,18,0,1,75,63,0,0,25,293,13,135,0,205,5,408,160,0,13,57,0,46,3,86,0,91,0,136,0,15,0,10,0,15,0,0,0,0,0,0,0,0,0,0,0,0,0,51,0,49,0,7,0,0,0,0,0,100,0,0,0,0,0,0,0,0,0,0,0,0,0,0,0,0,0,24,0,0,0,134,0,0,0,0,0,0,0,0,0,0,0,0,0,35,0,0,0,0,0,0,0,0,0,0,0,0,0,0,0,0,0,0,0,0,0,0,0,0,1,0,0,0,0,56,0,0,0,0,0,374,0,218,0,35,0,0,0,71,0,0,0,0,0,0,0,0,0,2,0,4,0,0,0,0,0,0,0,0,0,0,0,12,0,0,0,0,1,10,0,0,0,64,3,10,0,0,5,0,0,0,0,0,0,0,0,0,0,0,0,0,0,0,0,0,0,0,0,0,0,0,0,0,0,66,0,0,0,0,10,0,0,0,10,36,7,0,0,0,0
10,120,144,0,8,0,137,135,5,199,3,0,4,0,75,0,264,6,0,0,115,0,116,13,0,105,0,0,170,0,0,0,0,0,0,0,0,0,163,5,0,0,0,0,26,0,21,0,21,0,0,0,78,7,156,10,34,0,18,0,258,12,195,0,0,0,0,0,0,0,0,0,0,0,0,0,0,0,0,0,0,0,0,0,0,0,0,0,0,0,0,0,0,0,0,0,0,0,0,0,0,0,2,0,0,0,0,0,0,0,0,0,0,0,0,0,0,0,0,0,0,0,4,0,7,0,1,0,41,0,64,0,10,0,68,0,216,0,54,1,0,0,375,0,0,0,3,0,0,0,0,0,0,0,27,0,2,0,16,0,11,0,3,0,10,0,4,0,13,0,54,0,207,0,0,0,0,51,0,0,3,0,0,7,0,0,0,0,0,0,0,0,0,0,0,0,0,0,0,0,79,0,0,0,0,0,0,0,3,0,157,109,147,181,284,0,12,1,8,3,10,8,0,3,0
214,3,112,95,0,0,58,22,65,2,0,0,0,1,0,103,19,204,0,49,0,87,35,57,105,0,1,0,0,241,0,18,0,35,0,0,0,0,0,130,0,0,0,0,0,0,0,0,0,0,0,0,0,38,0,202,0,18,0,1,0,34,2,25,3,0,0,0,0,0,0,0,0,0,0,0,0,0,0,0,0,0,0,0,0,0,0,0,0,0,0,0,0,0,0,0,0,0,0,0,0,0,0,0,0,0,0,0,0,0,0,0,0,0,0,0,0,0,0,0,0,0,0,0,0,0,0,0,0,87,0,0,0,125,0,192,0,187,0,46,0,0,0,0,0,0,0,0,0,0,0,12,0,0,0,6,0,0,0,0,0,0,0,0,0,0,0,0,0,0,0,0,0,32,0,0,0,31,0,0,0,0,13,4,2,0,0,0,0,0,0,0,0,0,0,0,0,10,0,0,0,0,0,0,0,0,0,0,0,81,4,0,0,0,42,0,0,0,41,35,68,15,0,6,0
38,0,132,0,268,0,29,0,0,0,50,0,327,259,181,0,253,0,270,25,202,0,394,0,0,1,0,250,33,0,22,0,13,0,18,0,13,0,0,0,71,75,203,41,208,20,235,242,42,16,131,0,25,0,0,0,0,0,0,0,0,0,114,0,0,0,0,0,0,0,30,0,0,0,0,0,0,0,0,0,0,0,0,0,0,0,0,0,6,0,0,0,0,0,0,0,0,0,0,0,0,0,0,0,0,0,0,0,0,0,0,0,0,0,0,0,0,0,0,0,0,0,0,0,0,0,0,0,0,0,0,0,0,0,0,0,0,0,28,0,0,0,0,0,0,0,0,0,18,0,0,0,26,0,6,0,0,0,0,0,0,0,9,0,82,0,39,0,38,0,5,0,0,0,0,0,38,31,18,0,0,0,21,0,21,0,35,6,0,0,0,0,0,0,0,0,0,0,0,0,0,0,0,0,0,0,0,0,0,0,75,298,429,63,51,0,0,5,0,0,16,0,0,0,0
3,188,0,23,41,481,0,44,0,13,0,204,455,145,12,41,0,0,233,759,39,435,0,46,0,0,250,0,0,0,0,0,0,0,15,0,0,10,0,0,282,10,106,353,11,407,55,270,0,52,71,219,0,0,0,20,0,0,0,3,0,0,0,0,0,23,0,0,0,6,0,0,0,0,0,0,0,0,0,0,0,36,0,17,0,0,2,0,0,5,0,0,0,0,0,59,0,0,0,0,0,0,0,31,0,0,0,0,0,0,0,0,0,12,0,0,0,0,0,0,0,0,0,0,0,0,0,0,0,0,0,0,0,0,0,150,0,0,0,0,0,0,0,0,0,0,0,0,0,78,0,0,0,0,0,0,0,0,0,0,0,0,0,4,0,55,0,0,0,0,0,0,0,7,0,0,0,87,13,19,0,37,0,16,0,29,35,54,0,49,0,0,0,0,0,0,0,0,0,0,0,0,0,25,0,0,0,0,0,0,0,0,0,0,56,0,0,0,57,449,541,45,0,0,11
204,0,504,0,58,0,30,0,0,0,20,0,0,0,0,0,323,0,6,0,64,0,146,3,170,0,33,0,0,0,15,0,22,0,15,0,48,0,33,0,0,0,18,0,38,0,0,0,1,0,0,0,25,0,13,0,10,0,0,0,31,0,85,0,0,0,0,0,0,0,39,0,6,0,35,0,0,0,0,0,0,0,0,0,160,0,30,0,0,0,45,0,0,0,0,0,316,0,49,0,0,0,0,0,0,0,0,0,0,0,0,0,0,0,0,0,0,0,0,0,48,0,38,0,0,0,0,0,16,0,0,0,0,0,44,0,46,0,104,0,63,0,182,0,18,0,0,0,0,0,0,0,0,0,16,0,2,0,23,0,0,0,0,0,9,0,0,0,0,0,0,0,0,0,0,0,44,7,0,0,0,0,30,0,0,0,0,0,0,0,0,0,0,0,0,0,0,0,0,0,93,0,0,0,0,0,0,0,3,0,0,38,0,0,0,0,0,0,0,0,0,0,0,0,0
0,72,9,105,0,8,0,509,1,42,0,2,0,0,0,6,2,168,0,0,0,105,0,86,0,241,0,0,0,0,0,71,0,50,0,35,0,7,0,22,0,0,0,4,0,0,0,0,0,0,0,5,0,11,0,130,0,7,0,4,0,54,0,32,0,0,0,0,0,0,0,0,0,0,0,0,0,0,0,0,0,0,0,0,0,20,0,0,0,0,0,0,0,0,0,0,0,0,0,0,0,0,0,0,0,0,0,0,0,0,0,0,0,0,0,0,0,0,0,0,0,0,0,0,0,0,0,0,0,37,0,0,0,0,0,49,0,47,0,111,0,23,0,33,0,8,0,0,0,0,0,0,0,0,0,27,0,3,0,29,0,0,0,0,0,0,0,0,0,0,0,0,0,0,0,0,0,32,0,0,0,0,1,8,0,0,0,0,0,0,0,0,0,0,0,0,0,0,0,0,0,0,0,0,0,0,0,0,0,0,0,0,0,0,0,0,0,0,1,9,0,0,0,0,0
28,1,221,0,348,34,0,0,0,0,152,6,0,0,200,15,70,0,25,0,50,5,127,0,0,0,22,0,15,0,0,0,5,0,34,1,9,0,3,0,0,0,0,0,0,0,0,0,0,0,9,0,5,0,0,0,0,0,0,0,0,0,17,0,0,0,0,0,0,0,0,0,0,0,7,0,0,0,0,0,0,0,0,0,25,0,0,0,0,0,0,0,0,0,1,0,100,0,9,0,0,0,0,0,0,0,0,0,0,0,0,0,0,0,0,0,0,0,0,0,0,0,0,0,0,0,0,0,0,0,0,0,0,0,0,0,0,0,0,0,0,0,0,0,0,0,0,0,0,0,0,0,0,0,1,0,0,0,0,0,0,0,0,0,0,0,26,0,4,0,0,0,1,0,0,0,0,18,24,0,0,0,9,0,0,0,0,0,0,0,0,0,0,0,0,0,0,0,0,0,0,0,0,0,0,0,0,0,0,0,0,27,29,0,0,0,0,0,0,0,0,0,0,0,0
0,12,0,70,0,114,0,0,0,0,0,19,1,0,0,146,0,63,0,63,0,270,0,91,0,18,0,0,0,71,0,0,0,18,0,12,0,5,0,17,0,0,0,8,0,0,0,0,0,0,0,7,0,0,0,0,0,0,0,0,0,0,0,10,0,0,0,0,0,0,0,0,0,0,0,0,0,0,0,0,0,0,0,0,0,0,0,0,0,0,0,0,0,0,0,0,0,0,0,0,0,0,0,0,0,0,0,0,0,0,0,0,0,0,0,0,0,0,0,0,0,0,0,0,0,0,0,0,0,0,0,0,0,0,0,0,0,67,0,178,0,62,0,133,0,16,0,0,0,0,0,0,0,0,0,14,0,5,0,13,0,0,0,0,0,0,0,0,0,0,0,0,0,0,0,0,0,3,0,0,0,0,0,0,0,0,0,0,0,0,0,0,0,0,0,0,0,0,0,0,0,0,0,0,0,0,0,0,0,0,0,0,0,0,0,0,0,0,0,5,0,0,0,0,0
44,0,123,0,474,0,17,0,0,0,383,28,8,0,159,34,27,0,2,0,10,8,69,0,0,0,13,0,22,0,5,0,0,0,8,0,58,0,4,0,0,0,5,0,12,0,0,0,2,0,5,0,0,0,5,0,0,0,0,0,12,0,3,0,0,0,0,0,0,0,3,0,0,0,0,0,0,0,0,0,0,0,0,0,10,0,0,0,0,0,0,0,0,0,0,0,0,0,0,0,0,0,0,0,0,0,0,0,0,0,0,0,0,0,0,0,0,0,0,0,0,0,0,0,0,0,0,0,0,0,0,0,0,0,0,0,0,0,0,0,0,0,0,0,19,0,0,0,0,0,0,0,0,0,8,0,0,0,14,0,0,0,0,0,0,0,62,0,8,0,8,0,8,0,0,0,60,63,88,0,0,0,17,0,0,0,0,0,0,0,0,0,0,0,0,0,0,0,0,0,0,0,0,0,0,0,0,0,0,0,0,23,44,0,0,0,0,0,0,0,0,0,0,0,0
0,200,0,387,12,262,0,112,0,0,0,125,0,0,8,230,3,50,0,0,0,234,13,136,0,35,0,0,0,50,0,18,0,0,0,33,0,32,0,0,0,0,0,9,0,2,0,0,0,0,0,11,0,0,0,35,0,0,0,0,0,20,0,0,0,0,0,0,0,0,0,0,0,0,0,0,0,0,0,0,0,2,0,0,0,0,0,0,0,0,0,0,0,0,0,0,0,0,0,0,0,0,0,0,0,0,0,0,0,0,0,0,0,0,0,0,0,0,0,0,0,0,0,0,0,0,0,0,0,0,0,0,0,0,0,0,0,0,0,57,0,0,0,0,0,19,0,0,0,0,0,0,0,0,0,8,0,40,0,14,0,0,0,0,0,0,0,29,0,2,0,0,0,6,0,0,0,90,0,4,0,0,0,0,0,0,0,0,0,0,0,0,0,0,0,0,0,0,0,0,0,0,0,0,0,0,0,0,0,0,0,0,0,0,2,0,0,0,0,142,0,2,0,0,0
0,0,0,0,221,18,4,0,0,0,16,2,103,25,116,0,28,0,409,28,73,0,0,0,0,0,18,15,15,0,34,0,8,0,0,2,27,0,0,0,0,0,5,0,2,0,0,0,2,0,20,0,0,0,0,0,0,0,0,0,0,0,4,0,0,0,0,0,0,0,18,0,0,0,0,0,0,0,0,0,0,0,0,0,57,0,0,0,0,0,0,0,0,0,0,0,0,0,16,0,0,0,0,0,0,0,0,0,0,0,0,0,0,0,0,0,0,0,0,0,0,0,0,0,0,0,0,0,0,0,0,0,0,0,0,0,0,0,4,0,0,0,0,0,0,0,5,0,0,0,0,0,0,0,0,0,1,0,0,0,0,0,0,0,17,0,53,0,19,0,2,0,2,0,0,0,29,16,21,0,0,0,0,0,6,0,8,0,0,0,0,0,0,0,0,0,0,0,0,0,0,0,0,0,0,0,0,0,0,0,43,62,107,0,20,0,0,2,0,0,0,0,0,0,0
0,0,0,0,8,235,1,0,0,0,0,36,14,22,7,105,0,6,15,415,0,201,2,15,0,0,0,0,0,35,1,12,0,33,2,0,0,199,0,7,0,0,0,13,0,1,0,0,0,0,0,15,0,0,0,0,0,0,0,0,0,25,0,0,0,0,0,0,0,0,0,10,0,0,0,0,0,0,0,0,0,74,0,0,0,225,0,0,0,0,0,0,0,0,0,0,0,0,0,37,0,0,0,0,0,2,0,0,0,0,0,0,0,0,0,0,0,0,0,0,0,32,0,0,0,0,0,0,0,0,0,0,0,0,0,71,0,105,0,231,0,147,0,356,0,47,0,0,0,0,0,0,0,0,0,11,0,0,0,0,0,0,0,0,0,0,0,34,0,0,0,4,0,5,0,0,0,0,0,4,0,0,0,0,0,0,0,0,0,0,0,0,0,0,0,0,0,0,0,0,0,0,0,0,0,0,0,0,0,0,0,0,4,0,6,0,0,0,9,13,41,10,0,0,0
36,0,44,0,271,0,6,0,0,0,189,0,90,0,91,0,10,1,47,23,6,7,22,0,0,0,13,0,48,0,9,0,58,0,27,0,0,0,140,0,0,0,35,0,45,0,1,0,2,0,58,0,0,0,0,0,0,0,0,0,34,0,31,0,2,0,0,0,2,0,123,0,0,0,97,0,0,0,0,0,40,0,4,0,235,0,51,0,0,0,0,0,0,0,0,0,232,0,109,0,0,0,0,0,0,0,0,0,0,0,0,0,0,0,0,0,0,0,0,0,123,0,41,0,0,0,0,0,0,0,0,0,0,0,0,0,27,0,102,0,134,0,79,0,118,0,0,0,0,0,0,0,16,0,43,0,42,0,57,0,0,0,38,0,8,0,111,2,39,0,34,0,11,0,0,0,20,30,73,0,0,0,33,0,6,0,2,0,0,0,0,0,0,0,0,0,0,0,0,0,0,0,0,0,0,0,0,0,0,0,14,24,101,0,0,0,0,0,0,0,0,0,0,0,0
0,153,0,95,7,196,0,70,0,0,4,94,0,4,9,110,0,5,0,41,0,57,0,10,0,0,0,10,0,7,0,5,0,32,0,199,0,0,0,4,0,0,0,65,0,23,0,0,0,0,0,79,0,0,0,0,0,0,0,0,0,39,0,0,0,0,0,0,0,0,0,8,0,0,0,0,0,0,0,0,0,26,0,0,0,94,0,10,0,0,0,0,0,0,0,0,0,0,0,10,0,0,0,0,0,0,0,0,0,0,0,0,0,0,0,0,0,0,0,0,0,16,0,11,0,0,0,0,0,20,0,0,0,0,0,0,0,23,0,115,0,81,0,130,0,82,0,0,0,0,0,0,0,0,0,7,0,46,0,9,0,0,0,0,0,2,0,30,0,8,0,7,0,53,0,0,0,77,0,11,0,0,0,7,0,1,0,0,0,1,0,0,0,0,0,0,0,0,0,0,0,0,0,1,0,0,0,0,0,0,0,0,0,0,0,0,0,0,0,168,6,2,0,0,0
476,0,636,8,163,0,41,0,14,0,151,0,0,0,15,0,98,0,0,0,9,0,128,0,163,0,0,0,33,0,3,0,4,0,0,0,140,0,0,0,0,0,0,0,0,0,0,0,1,0,0,0,5,0,8,0,0,0,0,0,8,0,13,0,0,0,0,0,0,0,0,0,0,0,0,0,0,0,0,0,0,0,0,0,0,0,0,0,0,0,0,0,0,0,0,0,0,0,0,0,0,0,0,0,0,0,0,0,0,0,0,0,0,0,0,0,0,0,0,0,0,0,0,0,0,0,0,0,0,0,0,0,0,0,0,0,0,0,0,0,15,0,0,0,20,0,0,0,0,0,0,0,2,0,19,0,34,0,0,0,0,0,0,0,0,0,43,0,0,0,7,0,81,0,0,0,56,19,46,0,0,0,103,0,0,0,0,0,0,0,0,0,0,0,0,0,0,0,0,0,26,0,0,0,0,0,0,0,0,0,0,55,10,4,4,0,0,0,0,0,0,0,0,0,0
0,273,16,136,0,19,0,635,0,73,0,6,0,0,0,11,4,33,0,4,0,15,0,15,5,130,0,0,0,22,0,17,0,0,0,7,0,4,0,0,0,0,0,0,0,0,0,0,0,0,0,0,0,5,0,42,0,0,0,0,0,21,0,4,0,0,0,0,0,0,0,0,0,0,0,0,0,0,0,0,0,0,0,0,0,0,0,0,0,0,0,0,0,0,0,0,0,0,0,0,0,0,0,0,0,0,0,0,0,0,0,0,0,0,0,0,0,0,0,0,0,0,0,0,0,0,0,0,0,0,0,0,0,0,0,10,0,0,0,26,0,5,0,0,0,18,0,0,0,0,0,0,0,0,0,5,0,63,0,11,0,0,0,0,0,0,0,2,0,0,0,0,0,32,0,0,0,113,0,8,0,0,1,38,0,1,0,0,0,0,0,0,0,0,0,0,0,0,0,0,0,0,0,0,0,0,0,0,0,0,0,0,0,0,0,0,0,0,0,85,0,0,0,0,0
18,0,0,0,86,0,0,0,3,0,62,0,310,214,0,0,0,0,20,16,0,0,3,0,0,0,71,282,0,0,0,0,0,0,0,0,0,0,0,0,0,186,48,37,19,61,265,572,208,145,18,7,0,0,0,0,0,0,0,0,0,0,0,0,0,0,0,0,0,0,0,0,0,0,0,0,0,0,0,0,0,0,0,0,0,0,0,0,0,0,0,0,0,0,0,0,0,0,0,0,0,0,0,0,0,0,0,0,0,0,0,0,0,0,0,0,0,0,0,0,0,0,0,0,0,0,0,0,0,0,0,0,0,0,0,0,0,0,0,0,0,0,2,0,0,0,0,0,0,0,0,0,32,0,0,0,0,0,0,0,0,0,0,0,0,0,0,0,0,0,0,0,0,0,11,0,90,92,33,0,59,0,0,0,1,0,106,0,0,0,0,0,0,0,0,0,0,0,0,0,0,0,0,0,0,0,0,0,0,0,0,310,36,0,0,0,0,23,0,8,6,0,0,0,9
0,43,0,0,4,77,0,0,0,0,0,75,57,311,0,0,0,0,0,1,0,0,0,0,0,0,75,10,0,0,0,0,0,0,0,0,0,0,0,0,186,0,17,5,9,4,149,245,8,218,8,0,0,0,0,0,0,0,0,0,0,0,0,0,0,0,0,0,0,0,0,0,0,0,0,0,0,0,0,0,0,0,0,0,0,0,0,0,0,0,0,0,0,0,0,0,0,0,0,0,0,0,0,0,0,0,0,0,0,0,0,0,0,0,0,0,0,0,0,0,0,0,0,0,0,0,0,0,0,0,0,0,0,0,0,0,0,0,0,0,0,0,0,0,0,0,0,0,0,0,0,9,0,26,0,0,0,0,0,0,0,0,0,0,0,0,0,0,0,0,0,0,0,0,0,0,0,195,0,35,0,0,0,11,0,10,28,21,0,0,0,0,0,0,0,0,0,0,0,0,0,0,0,0,0,0,0,0,0,0,0,8,0,0,0,0,0,1,0,34,13,0,0,0,41
0,0,0,0,15,7,10,0,0,0,4,0,328,72,10,0,19,0,181,0,74,0,0,0,0,0,203,106,18,0,0,0,5,0,5,0,35,0,0,0,48,17,0,0,88,13,43,102,10,4,45,2,0,0,0,0,0,0,0,0,0,0,0,0,0,0,0,0,0,0,43,0,2,0,33,0,3,0,0,0,24,0,0,0,117,0,23,0,0,0,0,0,0,0,0,0,148,0,63,0,0,0,0,0,0,0,0,0,0,0,0,0,0,0,0,0,0,0,0,0,0,0,0,0,0,0,0,0,0,0,0,0,0,0,0,0,0,0,0,0,0,0,0,0,12,0,0,0,0,0,0,0,0,0,5,0,0,0,0,0,0,0,15,0,18,0,15,0,7,0,10,0,4,0,0,0,23,13,19,0,4,0,0,0,0,0,88,2,0,0,0,0,0,0,0,0,0,0,0,0,0,0,5,0,0,0,0,0,0,0,30,64,56,17,22,0,0,2,0,0,0,0,0,0,0
0,0,0,0,0,35,0,0,0,0,0,2,57,256,1,0,0,0,29,155,4,80,0,0,0,0,41,353,0,4,0,8,0,9,0,13,0,65,0,0,37,5,0,0,0,313,14,25,0,49,0,83,0,0,0,0,0,0,0,0,0,10,0,0,0,0,0,0,0,0,0,28,0,6,0,34,0,0,0,6,0,80,0,0,0,113,0,35,0,9,0,0,0,6,0,27,0,0,0,0,0,34,0,0,0,0,0,0,0,0,0,0,0,0,0,0,0,0,0,0,0,35,0,31,0,0,0,0,0,0,0,0,0,0,0,0,0,34,0,76,0,116,0,151,0,41,0,0,0,0,0,0,0,0,0,3,0,0,0,2,0,0,0,5,0,53,0,27,0,27,0,0,0,12,0,0,0,39,0,2,0,0,0,0,0,0,6,103,0,0,0,0,0,0,0,0,0,0,0,0,0,0,0,0,0,0,0,0,0,0,0,0,0,0,14,0,0,0,49,61,130,9,0,1,1
18,0,21,0,0,0,0,0,6,0,0,0,28,9,0,0,111,0,16,0,69,0,32,0,26,0,208,11,38,0,0,0,12,0,2,0,45,0,0,0,19,9,88,0,0,0,275,0,185,6,55,0,0,0,0,0,13,0,9,0,0,0,83,0,0,0,0,0,3,0,128,0,13,0,94,0,0,0,0,0,79,0,0,0,442,0,84,0,0,0,0,0,10,0,0,0,798,0,192,0,0,0,0,0,0,0,0,0,1,0,0,0,0,0,0,0,0,0,0,0,0,0,0,0,0,0,0,0,9,0,0,0,4,0,0,0,0,0,35,0,0,0,147,0,38,0,0,0,0,0,0,0,0,0,0,0,0,0,0,0,8,0,22,0,228,0,27,0,38,0,0,0,20,0,2,0,15,0,9,0,0,0,0,0,0,0,12,0,0,0,0,0,0,0,0,0,0,0,0,0,64,0,0,0,0,0,0,0,0,0,76,113,309,43,39,0,0,47,0,0,0,0,0,0,0
0,4,0,4,0,15,0,3,0,5,0,10,23,28,1,0,0,0,15,56,0,91,0,0,0,0,20,407,0,0,0,0,0,2,0,1,0,23,0,0,61,4,13,313,0,0,33,244,15,384,6,109,0,0,0,0,0,0,0,0,0,3,0,0,0,0,0,0,0,20,0,46,0,3,0,38,0,0,0,0,0,185,0,49,0,297,0,70,0,38,0,0,0,51,0,92,0,0,0,36,0,79,0,37,0,0,0,0,0,0,0,0,0,13,0,0,0,0,0,0,0,70,0,25,0,0,0,0,0,0,0,0,0,0,0,69,1,28,0,0,0,79,0,177,0,60,0,1,0,0,0,0,0,0,0,0,0,6,0,0,0,0,0,10,0,230,0,27,0,54,0,12,0,13,0,0,0,8,1,0,0,0,0,0,0,0,5,0,0,32,0,1,0,0,0,40,0,1,0,0,0,12,0,26,0,0,0,0,0,0,0,4,0,0,26,0,0,0,61,230,392,11,0,1,122
19,0,42,0,49,0,0,0,3,0,48,0,290,0,0,0,0,0,12,0,0,0,63,0,21,0,235,55,0,0,0,0,0,0,0,0,1,0,0,0,265,149,43,14,275,33,0,360,294,128,6,0,0,0,0,0,0,0,0,0,0,0,12,0,0,0,0,0,0,0,0,0,0,0,0,0,0,0,0,0,0,0,0,0,0,0,0,0,0,0,0,0,0,0,0,0,0,0,0,0,0,0,0,0,0,0,0,0,0,0,0,0,0,0,0,0,0,0,0,0,0,0,0,0,0,0,0,0,0,0,0,0,0,0,0,0,0,0,0,0,0,0,0,0,0,0,0,0,0,0,0,0,8,0,0,0,0,0,0,0,0,0,2,0,57,0,4,0,0,0,0,0,1,0,0,0,46,64,62,0,0,0,0,0,0,0,94,6,0,0,0,0,0,0,0,0,0,0,0,0,0,0,0,0,0,0,0,0,0,0,25,621,250,0,14,0,0,223,0,7,0,0,0,0,6
0,75,0,0,0,103,0,0,0,8,0,108,199,149,0,0,0,0,57,60,11,0,0,0,0,0,242,270,0,0,0,0,0,0,0,0,0,0,0,0,572,245,102,25,0,244,360,0,53,257,45,0,0,0,0,0,0,0,0,0,0,0,0,0,0,8,0,0,0,0,0,0,0,0,0,0,0,0,0,0,0,0,0,0,0,0,0,0,0,0,0,0,0,6,0,0,0,0,0,0,0,0,0,1,0,0,0,0,0,0,0,0,0,0,0,0,0,0,0,0,0,0,0,0,0,0,0,0,0,0,0,0,0,0,0,0,0,0,0,0,0,0,0,0,0,0,0,0,0,15,0,0,0,0,0,0,0,0,0,0,0,0,0,0,0,0,0,0,0,2,0,0,0,0,0,0,0,158,0,18,0,0,0,3,0,0,67,21,0,0,0,0,0,0,0,0,0,0,0,0,0,0,0,0,0,0,0,0,0,0,0,18,0,0,0,0,0,3,0,382,100,0,0,0,113
14,0,40,1,17,0,91,0,27,0,9,1,55,3,0,0,4,0,9,0,6,0,6,0,21,0,42,0,1,0,0,0,2,0,2,0,2,0,1,0,208,8,10,0,185,15,294,53,0,76,14,0,6,0,19,0,41,0,32,0,1,0,1,0,2,0,8,0,2,0,0,0,0,0,0,0,0,0,4,0,7,0,7,0,0,0,3,0,18,0,0,0,10,0,17,0,10,0,0,0,11,0,14,0,3,0,0,0,0,0,0,0,0,0,0,0,0,0,0,0,0,0,0,0,0,0,0,0,0,0,10,0,4,0,6,0,0,0,0,0,3,0,8,0,0,0,2,0,5,0,0,0,0,0,0,0,0,0,0,0,28,0,4,0,23,0,8,0,2,0,0,0,4,0,12,0,158,18,28,0,25,0,5,0,5,0,256,0,11,0,3,0,9,0,8,0,0,0,5,0,3,0,14,0,0,0,0,0,0,0,118,154,234,42,56,1,2,48,0,7,0,1,0,0,9
0,0,0,0,0,0,0,0,0,0,0,37,21,100,0,0,0,0,8,0,0,11,0,0,0,0,16,52,0,0,0,0,0,0,0,0,0,0,0,0,145,218,4,49,6,384,128,257,76,0,3,3,0,0,0,0,0,0,0,0,0,0,0,0,0,0,0,0,0,2,0,0,0,0,0,0,0,0,0,0,0,6,0,2,0,0,0,6,0,3,0,0,0,6,0,0,0,0,0,0,0,0,0,1,0,0,0,0,0,0,0,0,0,3,0,0,0,0,0,0,0,0,0,0,0,0,0,0,0,0,0,0,0,0,0,21,0,12,0,0,0,0,0,5,0,0,0,0,0,0,0,14,0,10,0,0,0,0,0,0,0,0,0,0,0,4,0,0,0,0,0,0,0,0,0,15,0,208,0,16,0,37,0,9,0,8,59,36,0,0,0,0,0,0,0,0,0,0,0,0,0,0,0,0,0,0,0,0,0,0,0,19,9,0,9,0,0,3,16,101,21,0,0,0,62
0,0,0,1,121,0,0,0,0,0,8,0,456,49,12,0,42,0,359,28,121,0,0,0,0,0,131,71,0,0,9,0,5,0,20,0,58,0,0,0,18,8,45,0,55,6,6,45,14,3,0,0,0,0,0,0,8,0,20,0,0,0,0,0,0,0,0,0,0,0,51,0,0,0,34,0,12,0,0,0,27,0,11,0,93,0,35,0,0,0,0,0,0,0,39,0,193,0,63,0,15,0,0,0,0,0,0,0,0,0,0,0,0,0,0,0,0,0,0,0,44,0,0,0,0,0,0,0,0,0,0,0,0,0,0,0,0,0,0,0,0,0,0,0,14,0,0,0,0,0,0,0,0,0,0,0,0,0,1,0,0,0,14,0,72,0,80,0,100,0,15,0,12,0,4,0,37,8,15,0,0,0,3,0,0,0,66,0,0,0,0,0,0,0,0,0,0,0,0,0,0,0,0,0,0,0,0,0,0,0,33,88,168,55,38,0,0,4,0,0,0,0,0,0,0
0,6,0,0,0,176,0,0,0,0,0,13,32,179,0,6,0,0,28,366,0,140,0,0,0,0,0,219,0,5,0,7,0,11,0,15,0,79,0,0,7,0,2,83,0,109,0,0,0,3,0,0,0,0,0,0,0,0,0,2,0,9,0,0,0,3,0,0,0,0,0,36,0,6,0,0,0,11,0,0,0,88,0,8,0,146,0,42,0,0,0,0,0,0,0,26,0,0,0,23,0,0,0,14,0,13,0,0,0,0,0,0,0,8,0,0,0,0,0,0,0,32,0,0,0,0,0,0,0,0,0,0,0,0,0,29,0,22,0,68,0,69,0,157,0,45,0,0,0,0,0,0,0,0,0,0,0,21,0,0,0,0,0,0,0,31,0,22,0,93,0,0,0,31,0,0,0,16,0,1,0,0,1,2,0,0,0,34,0,0,0,1,0,0,0,27,0,2,0,0,0,0,0,24,0,29,0,0,0,0,0,0,6,0,0,0,0,0,31,21,56,0,0,1,2
4,0,0,0,3,0,119,7,97,69,2,0,0,0,4,0,165,0,0,0,22,0,3,0,78,0,25,0,25,0,5,0,0,0,0,0,0,0,5,0,0,0,0,0,0,0,0,0,6,0,0,0,0,3,177,25,140,7,67,18,35,0,210,1,0,0,11,42,0,0,0,0,2,0,7,0,0,0,0,0,2,0,0,0,24,0,0,0,0,0,0,0,0,0,0,0,53,0,0,0,0,0,0,0,0,0,0,0,0,0,0,0,0,0,0,0,0,0,0,0,0,0,14,0,0,0,0,0,68,0,18,2,0,0,6,0,86,0,266,1,0,0,150,0,7,0,0,0,0,0,0,0,0,0,196,0,36,0,95,0,6,0,2,0,1,0,2,0,0,0,95,0,6,0,0,0,0,2,0,0,0,0,0,0,11,0,0,0,0,0,0,0,0,0,0,0,0,0,1,0,0,0,0,0,0,0,0,0,0,0,62,147,92,39,48,0,5,0,0,0,3,1,0,0,0
0,47,0,0,0,11,24,9,56,109,0,0,0,0,0,12,0,167,0,56,0,32,0,51,7,38,0,0,0,11,0,0,0,0,0,0,0,0,0,5,0,0,0,0,0,0,0,0,0,0,0,0,3,0,20,308,0,120,10,53,0,46,0,131,0,0,15,33,0,0,0,0,0,0,0,0,0,0,0,0,0,0,0,0,0,0,0,0,0,0,0,0,0,0,0,0,0,0,0,0,0,0,0,0,0,0,0,5,0,0,0,0,0,0,0,0,0,0,0,0,0,0,0,0,0,9,0,0,0,153,0,6,0,84,0,42,0,69,0,236,0,19,0,0,0,17,0,0,0,0,0,0,0,0,0,139,0,36,0,124,0,0,0,0,0,0,0,0,0,0,0,0,0,0,0,0,0,61,0,0,0,0,0,45,0,57,0,0,0,0,0,0,0,0,0,0,0,0,0,0,0,0,0,0,0,0,0,3,0,15,0,0,0,0,0,0,0,0,0,0,0,0,0,0,0
0,0,32,0,0,0,151,9,16,249,0,0,0,0,38,0,45,0,0,0,21,0,68,0,156,0,0,0,13,0,0,0,5,0,0,0,0,0,8,0,0,0,0,0,0,0,0,0,19,0,0,0,177,20,0,94,119,3,101,37,54,3,81,0,0,0,4,78,0,0,0,0,1,0,0,0,0,0,0,0,0,0,0,0,0,0,0,0,0,0,0,0,0,0,0,0,0,0,0,0,0,0,0,0,0,0,0,0,0,0,0,0,0,0,0,0,0,0,0,0,0,0,0,0,0,0,0,0,40,0,109,0,16,0,18,0,146,0,22,0,0,0,90,0,0,0,0,0,0,0,0,0,0,0,61,0,30,1,21,0,23,0,0,0,5,0,6,0,0,0,194,0,12,0,0,0,0,8,0,0,0,0,0,3,0,0,0,0,0,0,0,0,0,0,0,0,0,0,0,0,0,0,0,0,0,0,0,0,0,0,205,86,337,218,279,0,29,2,7,6,0,0,0,0,0
14,9,0,53,0,11,50,69,208,39,0,0,0,0,0,130,1,146,0,70,0,32,0,49,10,202,0,20,0,130,0,0,0,35,0,0,0,0,0,42,0,0,0,0,0,0,0,0,0,0,0,0,25,308,94,0,0,150,31,14,2,411,13,682,0,0,66,9,0,4,0,0,0,0,0,0,0,3,0,0,0,0,0,0,0,0,0,3,0,0,0,0,0,1,0,0,1,0,0,0,0,0,0,0,0,0,0,0,0,0,0,0,0,0,0,0,0,0,0,0,0,0,0,0,0,69,0,0,0,155,0,103,0,110,0,79,0,142,0,48,0,0,0,3,0,0,0,2,0,4,0,19,0,0,3,101,1,40,0,39,0,89,0,0,0,9,0,0,0,35,0,247,0,231,0,0,1,14,0,0,0,0,0,13,0,7,0,0,0,1,0,0,0,5,0,0,0,8,0,37,0,0,0,0,0,0,0,0,0,76,0,0,0,0,467,0,0,0,268,28,695,380,13,120,0
0,0,0,0,5,0,112,0,21,0,0,0,0,0,0,0,8,0,0,0,0,0,0,0,34,0,0,0,10,0,0,0,0,0,0,0,0,0,0,0,0,0,0,0,13,0,0,0,41,0,8,0,140,0,119,0,0,3,285,33,0,0,31,0,10,29,59,63,0,0,0,0,0,0,0,0,0,0,0,0,0,0,0,0,1,0,0,0,0,0,0,0,0,0,0,0,0,0,0,0,0,0,0,0,0,0,0,0,0,0,0,0,0,0,0,0,0,0,0,0,0,0,0,0,10,0,0,0,28,0,111,0,0,0,11,0,58,0,21,3,0,0,21,0,17,8,0,0,5,0,0,0,0,0,194,10,105,0,94,18,139,13,21,0,4,0,11,0,8,0,301,0,13,0,0,0,8,0,0,0,0,21,0,0,9,0,0,0,0,0,0,0,0,0,0,0,0,0,0,0,0,0,0,0,0,0,0,0,0,0,499,146,734,428,789,28,68,11,0,10,0,0,0,0,0
0,0,0,26,0,3,0,65,11,35,0,0,0,0,0,5,0,34,0,0,0,0,0,7,0,18,0,0,0,7,0,0,0,0,0,0,0,0,0,0,0,0,0,0,0,0,0,0,0,0,0,0,7,120,3,150,3,0,21,288,0,36,0,31,15,6,26,38,0,16,0,0,0,0,0,0,0,5,0,0,0,0,0,3,0,0,0,2,0,0,0,0,0,0,0,0,0,0,0,1,0,0,0,0,0,0,0,0,0,0,0,0,0,0,0,0,0,0,0,0,0,0,0,0,0,37,0,6,0,107,0,85,0,51,0,0,0,50,0,116,0,0,0,0,0,23,0,0,0,3,0,2,0,0,5,330,1,79,0,173,0,133,0,0,0,4,0,6,0,36,0,427,0,37,0,0,0,0,0,0,0,0,0,0,9,3,0,0,0,0,0,0,0,0,0,0,0,0,0,0,0,0,0,0,0,0,0,0,0,18,0,0,0,0,769,0,0,0,435,57,1168,638,59,104,6
0,0,13,0,0,0,45,0,205,37,0,0,0,0,0,0,5,0,0,0,0,0,0,0,18,0,0,0,0,0,0,0,0,0,0,0,0,0,0,0,0,0,0,0,9,0,0,0,32,0,20,0,67,10,101,31,285,21,0,218,27,2,8,0,301,26,171,281,0,0,0,0,0,0,0,0,0,0,0,0,0,0,0,0,0,0,0,0,0,0,0,0,0,0,0,0,0,0,0,0,0,0,0,0,0,0,0,0,0,0,0,0,0,0,0,0,0,0,0,0,0,0,0,0,7,0,4,0,0,0,51,0,0,0,0,0,0,0,0,1,0,0,0,0,11,5,0,0,13,0,0,0,0,0,71,22,151,0,6,9,114,6,0,0,3,0,12,0,5,0,109,0,9,0,0,3,30,0,0,0,6,14,0,0,94,8,0,0,0,0,0,0,0,0,0,0,0,0,0,0,0,0,0,0,0,0,0,0,0,0,647,188,491,546,891,17,46,8,15,20,16,12,0,0,0
0,8,0,10,0,0,0,47,63,79,0,0,0,0,0,0,0,0,0,0,0,0,0,0,0,1,0,3,0,4,0,0,0,0,0,0,0,0,0,0,0,0,0,0,0,0,0,0,0,0,0,2,18,53,37,14,33,288,218,0,0,85,0,24,45,226,353,304,0,3,0,0,0,0,0,0,0,1,0,0,0,0,0,2,0,0,0,0,0,0,0,0,0,0,0,2,0,0,0,0,0,0,0,0,0,1,0,0,0,0,0,0,0,1,0,0,0,0,0,0,0,0,0,0,0,20,0,0,0,0,0,84,0,2,0,1,0,0,0,6,0,0,0,0,0,55,0,0,0,4,0,0,0,0,28,148,3,135,0,134,7,74,0,0,0,0,0,0,0,6,0,34,0,2,0,6,3,0,0,0,3,20,0,0,32,49,0,0,0,0,0,0,0,0,0,0,0,0,0,0,0,0,0,0,0,0,0,3,0,3,0,1,0,0,810,0,0,0,627,223,594,516,57,73,0
277,0,148,0,1,0,379,0,308,0,0,0,0,0,0,0,136,0,0,0,4,0,0,0,258,0,0,0,31,0,0,0,12,0,0,0,34,0,8,0,0,0,0,0,0,0,0,0,1,0,0,0,35,0,54,2,0,0,27,0,0,0,34,0,0,0,18,0,0,0,26,0,0,0,10,0,0,0,0,0,0,0,0,0,0,0,0,0,0,0,0,0,0,0,0,0,0,0,0,0,0,0,0,0,0,0,0,0,0,0,0,0,0,0,0,0,0,0,0,0,0,0,15,0,0,0,0,0,0,0,0,0,0,0,0,0,0,0,91,0,92,0,17,0,216,0,0,0,3,0,0,0,0,0,53,0,165,0,50,0,0,0,15,0,0,0,0,0,0,0,109,0,93,0,0,0,0,0,0,0,0,0,0,0,4,0,0,0,0,0,0,0,0,0,0,0,0,0,0,0,0,0,0,0,0,0,0,0,0,0,0,90,9,10,10,0,1,1,0,1,0,0,0,0,0
8,132,0,0,0,0,12,423,15,658,0,0,0,0,0,0,0,0,0,0,0,13,0,0,12,34,0,0,0,54,0,0,0,20,0,25,0,39,0,21,0,0,0,10,0,3,0,0,0,0,0,9,0,46,3,411,0,36,2,85,0,0,3,25,0,0,0,24,0,0,0,0,0,0,0,0,0,0,0,0,0,0,0,0,0,0,0,0,0,0,0,0,0,0,0,0,0,0,0,0,0,0,0,0,0,0,0,0,0,0,0,0,0,0,0,0,0,0,0,0,0,0,0,0,0,0,0,0,0,0,0,0,0,0,0,0,1,12,0,202,0,89,0,18,0,204,0,0,0,0,0,0,0,0,0,27,0,218,0,44,0,0,0,5,0,2,0,10,0,2,0,10,0,92,0,0,0,136,0,0,0,0,0,117,0,13,0,0,0,0,0,0,0,0,0,0,0,0,0,1,0,0,0,0,0,0,0,0,0,0,0,0,0,0,0,0,0,0,32,67,0,0,0,1,0
61,1,70,0,0,0,232,20,109,69,2,0,0,0,15,0,563,0,51,0,135,0,9,0,195,2,114,0,85,0,17,0,3,0,4,0,31,0,13,0,0,0,0,0,83,0,12,0,1,0,0,0,210,0,81,13,31,0,8,0,34,3,0,6,0,0,0,3,0,0,14,0,0,0,27,0,0,0,0,0,0,1,0,0,202,0,0,0,0,0,0,0,0,0,0,0,232,0,0,0,0,0,0,0,0,0,0,0,0,0,0,0,0,0,0,0,0,0,0,0,37,0,55,0,0,0,0,0,43,0,0,0,0,0,0,0,72,0,220,0,0,0,195,0,17,0,0,0,0,0,0,0,0,0,116,0,26,0,72,0,0,0,0,0,0,0,2,0,0,0,10,0,11,0,0,0,0,9,0,0,0,0,0,0,1,0,0,0,0,0,0,0,0,0,0,0,0,0,0,0,0,0,0,0,0,0,0,0,0,0,17,56,32,4,4,0,0,0,2,0,2,0,0,0,0
0,26,0,3,0,6,18,119,25,262,0,0,0,0,0,10,0,173,0,96,0,135,0,100,0,25,0,0,0,32,0,10,0,0,0,0,0,0,0,4,0,0,0,0,0,0,0,0,0,0,0,0,1,131,0,682,0,31,0,24,0,25,6,0,0,0,0,0,0,0,0,0,0,0,0,0,0,0,0,0,0,0,0,0,0,0,0,0,0,0,0,0,0,0,0,0,0,0,0,0,0,0,0,0,0,0,0,0,0,0,0,0,0,0,0,0,0,0,0,0,0,0,0,0,0,0,0,0,0,15,0,0,0,12,0,0,0,16,0,62,0,7,0,0,0,8,0,0,0,0,0,1,0,0,0,42,0,12,0,29,0,0,0,0,0,0,0,0,0,0,0,0,0,2,0,0,0,67,0,0,0,0,0,63,0,7,0,0,0,0,0,0,0,0,0,0,0,0,0,0,0,0,0,0,0,0,0,0,0,4,0,0,0,0,13,0,0,0,9,9,0,0,0,0,0
16,0,9,0,11,0,38,0,171,0,5,0,3,0,4,0,0,0,0,0,0,0,0,0,0,3,0,0,0,0,0,0,0,0,0,0,2,0,0,0,0,0,0,0,0,0,0,0,2,0,0,0,0,0,0,0,10,15,301,45,0,0,0,0,0,70,300,20,0,0,0,0,0,0,0,0,0,0,0,0,0,0,0,0,0,0,0,0,0,0,0,0,0,0,0,0,0,0,0,0,0,0,0,0,0,0,0,0,0,0,0,0,0,0,0,0,0,0,0,0,0,0,0,0,25,0,2,0,0,0,67,0,1,0,0,0,0,0,8,16,0,7,0,0,54,45,6,0,95,15,1,0,2,7,15,21,4,0,7,26,575,149,12,0,0,0,0,0,1,0,0,0,2,0,0,1,77,0,0,0,133,129,2,0,108,0,0,0,0,0,0,0,0,0,0,0,1,0,0,0,0,0,0,0,0,0,0,0,0,0,65,7,15,0,96,0,3,0,35,9,0,18,1,0,0
0,53,0,0,3,14,0,6,0,129,1,7,0,7,0,0,0,0,0,31,0,0,0,0,0,0,0,23,0,0,0,0,0,0,0,0,0,0,0,0,0,0,0,0,0,0,0,8,0,0,0,3,0,0,0,0,29,6,26,226,0,0,0,0,70,0,41,930,0,0,0,3,0,0,0,0,0,0,0,0,0,0,0,0,0,0,0,0,0,0,0,0,0,0,0,0,0,0,0,0,0,0,0,0,0,0,0,0,0,0,0,0,0,0,0,0,0,0,0,0,0,0,0,0,0,23,0,0,0,0,0,72,0,0,0,0,0,0,30,22,0,14,0,0,24,62,9,31,44,126,0,4,0,20,44,5,0,0,60,0,160,607,0,0,0,0,0,0,0,0,1,8,0,0,0,34,0,0,0,0,17,219,0,3,0,115,0,0,0,0,0,0,0,0,0,0,0,0,0,1,1,0,0,0,0,0,0,0,0,2,0,0,0,0,131,0,0,0,93,22,82,0,0,0,0
3,0,0,0,0,0,109,0,116,38,0,0,0,0,0,0,0,0,2,0,0,0,0,0,0,0,0,0,0,0,0,0,0,0,0,0,0,0,0,0,0,0,0,0,0,0,0,0,8,0,0,0,11,15,4,66,59,26,171,353,18,0,0,0,300,41,0,229,0,0,0,0,0,0,0,0,0,0,0,0,0,0,0,0,0,0,0,0,0,0,1,0,0,0,0,0,0,0,0,0,0,0,0,0,0,0,0,0,0,0,0,0,0,0,0,0,0,0,0,0,0,0,0,0,16,0,7,0,0,0,18,0,2,0,8,0,2,0,8,2,0,0,5,0,12,5,18,0,50,0,7,0,5,0,16,31,46,0,1,10,194,0,0,0,0,0,0,0,1,0,19,0,0,0,2,1,165,0,0,0,0,62,0,0,583,9,0,0,0,0,0,0,0,0,0,0,0,0,0,0,0,0,0,0,0,0,0,0,0,0,256,47,115,137,293,0,18,0,15,22,12,17,0,0,0
0,6,0,1,0,6,16,3,108,107,0,3,0,0,0,0,0,0,0,3,0,0,0,0,0,0,0,0,0,0,0,0,0,0,0,0,0,0,0,0,0,0,0,0,0,0,0,0,0,0,0,0,42,33,78,9,63,38,281,304,0,24,3,0,20,930,229,0,0,0,0,0,0,0,0,0,0,0,0,0,0,0,0,0,0,0,0,0,0,0,0,0,0,0,0,0,0,0,0,0,0,0,0,0,0,0,0,0,0,0,0,0,0,0,0,0,0,0,0,0,0,0,0,0,0,23,0,4,0,0,0,115,0,0,0,0,0,0,0,1,0,0,0,0,0,37,0,14,0,77,0,10,0,7,23,29,4,65,7,30,0,82,0,0,0,0,0,0,0,0,0,0,0,0,0,55,3,8,0,0,0,48,0,0,33,299,0,0,0,0,0,1,0,0,0,1,0,0,0,5,0,2,0,0,0,0,0,1,0,5,0,0,0,0,193,0,0,0,241,76,112,113,0,12,0
0,0,0,0,1,0,0,0,0,0,0,0,0,0,0,0,0,0,0,0,0,0,0,0,0,0,0,0,0,0,0,0,0,0,0,0,2,0,0,0,0,0,0,0,3,0,0,0,2,0,0,0,0,0,0,0,0,0,0,0,0,0,0,0,0,0,0,0,0,0,0,0,0,0,0,0,58,0,27,0,2,0,26,0,0,0,5,0,22,0,3,0,14,0,14,0,0,0,0,0,9,0,64,0,0,0,4,0,20,0,3,0,6,0,4,0,0,0,0,0,0,0,0,0,0,0,0,0,0,0,0,0,0,0,0,0,0,0,0,0,0,0,0,0,0,0,0,0,0,0,0,0,0,0,0,0,0,0,0,0,0,0,0,0,39,0,0,0,71,0,4,0,0,0,0,0,0,0,0,0,0,0,0,0,0,0,0,0,10,0,0,0,18,0,0,0,0,0,0,0,0,0,15,0,0,0,0,0,0,0,58,0,47,0,0,23,8,1,0,0,0,1,0,0,0
0,0,0,0,0,0,0,0,0,0,0,0,0,0,0,0,0,0,0,0,0,0,0,0,0,0,0,6,0,0,0,0,0,0,0,0,0,0,0,0,0,0,0,0,0,20,0,0,0,2,0,0,0,0,0,4,0,16,0,3,0,0,0,0,0,0,0,0,0,0,0,0,0,0,0,0,0,95,0,0,0,0,0,42,0,0,0,5,0,27,1,0,0,6,0,24,0,0,0,0,0,14,0,51,0,7,0,0,0,8,0,0,0,10,0,2,0,8,0,0,0,0,0,0,0,2,0,0,0,0,0,0,1,0,0,0,0,0,0,0,0,0,0,0,0,0,0,0,0,0,0,3,0,0,0,1,0,0,0,2,0,0,0,0,0,67,0,0,0,57,0,5,0,0,0,0,0,0,0,0,0,3,0,0,0,0,0,0,0,0,0,0,0,0,0,18,0,0,0,0,0,0,0,48,0,0,0,0,0,0,0,0,0,0,0,0,0,0,16,5,80,0,6,9,0
0,0,0,0,0,0,0,0,0,0,0,0,0,0,0,0,6,0,0,0,30,0,0,0,0,0,30,0,39,0,0,0,3,0,18,0,123,0,0,0,0,0,43,0,128,0,0,0,0,0,51,0,0,0,0,0,0,0,0,0,26,0,14,0,0,0,0,0,0,0,0,0,362,0,206,0,6,0,127,0,0,0,0,0,5,0,18,0,0,0,0,0,0,0,1,0,0,0,0,3,0,0,0,0,0,0,0,0,0,0,0,0,0,0,0,0,0,0,0,0,21,0,5,0,40,28,39,0,49,3,76,0,27,5,33,0,95,0,46,14,181,0,108,0,207,0,41,0,27,0,110,0,52,3,0,0,19,0,0,0,2,0,70,13,0,0,45,0,0,0,73,0,46,0,21,0,0,0,0,0,68,34,0,0,1,0,0,0,0,0,0,0,0,0,0,0,0,0,0,0,0,0,0,0,0,0,0,0,14,0,9,0,16,0,16,0,0,0,23,0,51,0,0,0,0
0,2,0,0,0,0,0,0,0,0,0,0,0,0,0,0,0,0,0,0,0,0,0,0,0,0,0,0,0,0,0,0,0,0,0,10,0,8,0,0,0,0,0,28,0,46,0,0,0,0,0,36,0,0,0,0,0,0,0,0,0,0,0,0,0,3,0,0,0,0,0,0,0,51,0,270,0,1,0,0,0,5,0,0,0,0,0,26,0,0,0,0,0,0,0,0,0,0,0,0,0,0,0,0,0,0,0,0,0,0,0,0,0,0,0,0,0,0,0,0,0,3,0,7,0,68,0,81,0,0,0,22,0,83,0,0,5,8,5,0,0,42,0,2,5,117,0,0,0,17,0,38,0,0,0,1,0,8,0,1,20,7,0,31,0,0,0,26,0,4,0,23,0,35,0,33,0,0,0,0,0,82,0,0,0,2,0,0,0,0,0,0,0,0,0,0,0,0,0,0,0,0,0,0,0,0,0,0,0,0,0,0,0,0,0,0,0,0,7,11,4,0,0,0,0
0,0,0,0,0,0,0,0,0,0,0,0,0,0,0,0,0,0,0,0,0,0,0,0,0,0,0,0,6,0,0,0,0,0,0,0,0,0,0,0,0,0,2,0,13,0,0,0,0,0,0,0,2,0,1,0,0,0,0,0,0,0,0,0,0,0,0,0,0,0,362,0,0,0,187,0,45,0,278,0,0,0,32,0,4,0,4,0,0,0,0,0,3,0,1,0,0,0,0,0,0,0,2,0,0,0,0,0,0,0,0,0,0,0,0,0,0,0,0,0,33,0,3,0,18,0,0,9,19,0,22,0,42,0,76,0,108,0,13,1,57,0,100,1,95,0,39,0,0,0,118,0,0,2,0,0,0,0,0,0,1,0,42,0,0,0,0,0,8,0,0,0,4,0,0,0,0,0,0,0,0,8,0,0,0,0,0,0,0,0,0,0,0,0,1,0,0,0,0,0,37,0,0,0,0,0,0,0,29,0,170,4,9,0,10,0,0,0,0,0,0,0,0,0,0
0,0,0,0,0,0,0,0,0,0,0,0,0,0,0,0,0,0,0,0,0,0,0,0,0,0,0,0,0,0,0,0,0,0,0,0,0,0,0,0,0,0,0,6,0,3,0,0,0,0,0,6,0,0,0,0,0,0,0,0,0,0,0,0,0,0,0,0,0,0,0,51,0,0,0,253,0,74,0,26,0,22,0,13,0,7,0,154,0,0,0,0,0,0,0,6,0,0,0,0,0,0,0,0,0,0,0,0,0,0,0,0,0,4,0,0,0,0,0,0,0,9,0,49,0,44,0,0,0,11,0,0,0,47,0,47,0,0,0,2,0,41,0,5,0,20,0,0,0,0,0,0,0,0,0,0,0,0,0,0,0,0,0,22,0,0,0,0,0,19,0,6,0,7,0,0,0,0,0,0,0,0,0,0,0,0,0,0,0,0,0,0,0,0,0,4,0,0,0,0,0,16,0,35,0,23,0,0,0,0,0,0,0,0,0,0,0,0,92,0,19,0,0,0,0
0,0,0,0,0,0,0,0,0,0,0,0,0,0,0,0,17,0,0,0,0,0,0,0,0,0,0,0,35,0,7,0,0,0,0,0,97,0,0,0,0,0,33,0,94,0,0,0,0,0,34,0,7,0,0,0,0,0,0,0,10,0,27,0,0,0,0,0,0,0,206,0,187,0,0,0,9,0,155,0,19,0,0,0,57,0,53,0,0,0,0,0,3,0,0,0,8,0,14,0,0,0,0,0,0,0,0,0,0,0,0,0,0,0,0,0,0,0,0,0,84,0,72,0,29,22,0,2,24,0,28,0,25,3,136,0,65,0,23,0,249,0,364,0,85,0,0,0,10,0,72,0,46,0,0,0,0,0,0,0,0,0,25,0,0,0,27,0,0,12,32,0,21,0,0,0,0,0,0,0,81,22,0,0,0,0,0,0,0,0,0,0,0,0,0,0,0,0,56,0,48,0,0,0,0,0,0,0,0,0,149,0,8,0,0,0,0,0,0,0,46,0,0,0,0
0,6,0,0,0,0,0,0,0,0,0,0,0,0,0,0,0,0,0,0,0,12,0,0,0,0,0,0,0,0,0,0,0,0,0,0,0,0,0,0,0,0,0,34,0,38,0,0,0,0,0,0,0,0,0,0,0,0,0,0,0,0,0,0,0,0,0,0,0,0,0,270,0,253,0,0,0,4,0,43,0,11,0,0,0,3,0,76,0,0,0,0,0,0,0,0,65,0,22,0,0,0,0,0,0,0,0,0,0,0,0,0,0,1,0,0,0,0,0,0,0,60,0,64,37,114,0,216,0,0,30,21,57,152,4,83,32,69,16,5,0,77,0,33,0,167,0,69,0,0,0,166,40,55,0,0,0,12,0,0,0,0,0,51,0,0,0,18,0,12,0,24,0,35,1,57,0,0,0,0,35,242,0,0,0,0,0,0,0,0,0,0,0,0,0,0,0,0,0,0,0,18,2,0,1,0,0,0,34,135,0,0,0,0,0,0,0,0,85,17,5,0,0,0,0
0,0,0,0,0,0,0,0,0,0,0,0,0,1,0,0,0,0,0,0,0,0,0,0,0,0,0,0,0,0,0,0,0,0,0,0,0,0,0,0,0,0,3,0,0,0,0,0,0,0,12,0,0,0,0,0,0,0,0,0,0,0,0,0,0,0,0,0,58,0,6,0,45,0,9,0,0,0,71,0,16,0,52,0,21,1,39,0,0,0,0,0,7,0,26,0,0,0,6,0,15,0,82,0,0,0,39,0,10,0,0,0,0,0,2,0,8,0,0,0,0,0,0,0,6,0,0,0,0,0,3,0,0,0,0,0,0,0,0,0,0,0,0,0,0,0,0,0,0,0,9,1,0,0,0,0,0,0,0,0,0,0,0,0,28,0,3,0,73,0,4,0,0,0,0,0,0,0,0,0,0,0,0,0,0,0,0,0,63,0,0,0,85,0,51,0,0,0,36,0,62,0,82,0,54,0,0,0,0,0,59,3,36,0,0,6,2,0,0,0,0,0,0,0,0
0,0,0,0,0,0,0,0,0,0,0,0,0,0,0,0,0,4,0,0,0,0,0,0,0,0,0,0,0,0,0,0,0,0,0,0,0,0,0,0,0,0,0,0,0,0,0,0,0,0,0,11,0,0,0,3,0,5,0,1,0,0,0,0,0,0,0,0,0,95,0,1,0,74,0,4,0,0,0,3,0,64,0,146,0,10,0,130,0,34,0,0,0,15,0,77,0,0,0,13,0,22,0,62,0,0,0,0,0,27,0,1,0,4,0,8,0,55,0,0,0,0,0,4,0,0,0,0,0,0,0,2,0,0,0,0,0,11,0,0,0,0,0,0,0,1,0,0,0,0,0,0,0,0,0,0,0,1,0,0,0,3,0,9,0,41,0,0,0,92,0,2,0,0,0,0,0,0,0,0,2,8,0,0,0,0,0,0,0,46,0,3,0,0,0,34,0,0,0,0,0,0,0,38,0,54,0,0,0,0,0,0,0,0,0,0,0,0,25,0,49,0,3,3,0
0,0,0,0,4,0,0,0,0,0,0,0,0,0,0,0,0,0,0,0,0,0,0,0,0,0,0,0,0,0,0,0,0,0,0,0,0,0,0,0,0,0,0,0,0,0,0,0,4,0,0,0,0,0,0,0,0,0,0,0,0,0,0,0,0,0,0,0,27,0,127,0,278,0,155,0,71,0,0,0,57,0,79,0,41,0,65,0,0,0,0,0,25,0,28,0,25,0,12,0,0,0,59,0,0,0,19,0,12,0,0,0,0,0,3,0,23,0,0,0,63,0,18,0,12,0,0,0,0,0,17,0,0,0,114,0,42,0,0,0,33,0,135,0,31,0,0,0,0,0,33,0,0,0,3,0,0,0,0,0,0,0,10,0,21,0,0,0,44,0,0,0,0,0,0,0,0,0,0,0,0,0,0,0,0,0,0,0,0,0,0,0,76,0,0,0,0,0,0,0,108,0,145,0,37,0,0,0,0,0,199,3,34,4,14,0,3,0,0,0,0,0,0,0,0
