0,72,107,0,144,0,31,44,116,3,148,0,96,0,52,34,147,31,28,0,0,0,146,63,28,199,20,0,168,0,15,0,112,0,0,0,73,0,436,0,61,0,4,0,0,0,53,0,6,0,0,0,0,0,4,0,0,0,8,0,108,0,223,16,4,0,4,0,1,0,0,0,0,0,0,0,0,0,1,0,0,0,0,0,0,0,0,0,0,0,0,0,0,0,0,1,0,0,0,0,0,0,0,0,0,0,0,0,0,0,0,0,0,0,0,0,0,0,0,0,0,0,0,0,0,0,0,0,0,0,10,0,1,0,0,0,0,0,0,0,0,0,0,0,0,0,9,0,8,0,3,0,1,0,0,0,0,0,0,0,9,0,2,0,12,0,0,0,78,0,109,0,586,0,0,0,360,207,30,0,0,0,32,0,18,0,3,0,0,0,0,0,0,0,0,0,0,0,0,0,0,0,0,0,0,0,0,0,1,0,876,326,638,0,311,0,18,3,0,0,4,0,0,0,0
72,0,63,114,0,150,0,66,12,55,0,264,0,153,0,70,105,56,0,102,0,17,173,29,97,33,0,159,0,172,0,0,0,291,0,3,0,244,0,512,0,66,0,0,0,0,0,142,1,11,0,0,1,13,0,13,0,4,0,7,0,133,4,213,0,64,0,14,0,0,0,0,0,0,0,0,0,0,0,0,0,0,0,0,0,0,0,10,0,0,0,0,0,0,0,0,0,0,0,0,0,0,0,0,0,0,0,0,0,0,0,0,0,1,0,0,0,0,0,0,0,4,0,0,0,24,0,3,0,0,0,46,0,3,0,0,0,9,0,0,0,0,0,0,0,0,0,12,0,10,0,22,0,7,0,0,0,0,0,0,0,10,0,0,0,8,0,29,0,35,0,125,0,396,0,0,33,623,0,15,0,5,5,66,0,85,0,0,0,0,0,0,0,0,0,0,0,0,0,0,0,0,0,0,0,0,0,0,0,5,0,0,0,0,408,0,0,0,807,172,372,107,0,28,0
107,63,0,0,350,62,108,0,36,0,69,63,82,0,147,129,155,37,51,0,39,0,650,99,129,79,55,0,235,0,53,0,241,0,5,0,73,0,309,0,34,0,3,0,7,0,43,0,0,0,0,0,40,0,40,0,0,0,10,0,84,0,133,0,0,0,0,0,2,0,0,0,0,0,0,0,0,0,0,0,0,0,0,0,0,0,0,0,0,0,0,0,0,0,0,0,0,0,0,0,0,0,0,0,0,0,0,0,0,0,0,0,0,0,0,0,0,0,0,0,0,0,0,0,23,2,8,0,0,0,32,0,0,0,49,0,46,0,0,0,0,0,0,0,1,0,37,0,79,0,22,0,24,0,0,0,19,0,0,0,24,0,0,0,0,0,0,0,0,0,47,0,272,0,6,0,88,161,2,0,4,0,31,0,27,0,0,0,0,0,0,0,0,0,0,0,0,0,12,0,0,0,0,0,0,0,0,0,17,0,462,81,316,112,206,0,0,2,0,0,0,0,0,0,0
0,114,0,0,12,105,0,82,0,0,0,23,0,24,0,214,29,18,0,134,7,69,90,60,0,42,0,55,0,248,0,16,0,344,0,0,0,94,0,229,0,0,0,0,0,0,0,0,0,0,0,0,0,10,0,74,0,11,0,7,0,0,0,0,0,25,0,0,0,0,0,0,0,0,0,3,0,0,0,0,0,0,0,0,0,0,0,8,0,0,0,0,0,0,0,0,1,0,0,0,0,0,0,0,0,0,0,0,0,0,0,0,0,0,0,0,0,0,0,0,0,0,0,0,0,0,0,7,0,0,0,43,0,0,0,76,0,82,0,27,0,17,0,0,0,0,0,0,0,0,0,15,0,2,0,0,0,0,0,0,0,13,0,1,0,0,0,20,0,11,0,0,0,71,0,0,0,136,0,5,0,0,0,0,0,9,2,0,0,0,0,0,0,0,0,1,0,0,0,0,0,0,0,0,0,0,0,0,0,33,0,0,0,0,137,0,0,0,184,17,156,0,0,8,0
144,0,350,12,0,160,21,0,35,0,141,80,392,0,369,197,62,6,110,135,194,47,170,39,0,0,87,0,60,0,182,0,401,0,68,19,282,0,0,0,140,0,0,0,10,0,118,0,3,0,82,0,8,0,0,0,0,0,0,0,0,0,0,0,0,0,0,0,0,0,0,0,0,0,0,0,0,0,0,0,0,0,0,0,0,0,0,0,0,0,0,0,0,0,0,0,0,0,0,0,0,0,0,0,0,0,0,0,0,0,0,0,0,0,0,0,0,0,0,0,0,0,0,0,0,0,0,0,0,0,7,0,0,0,0,0,0,0,0,0,4,0,0,0,7,0,10,0,0,0,0,0,7,0,0,0,0,0,0,0,7,0,0,0,24,0,84,0,0,0,0,0,91,0,0,0,186,207,94,0,6,0,48,0,20,0,0,0,0,0,0,0,0,0,0,0,0,0,0,0,0,0,0,0,0,0,0,0,0,0,418,208,481,0,132,0,0,0,0,0,0,0,0,0,0
0,150,62,105,160,0,0,55,0,12,45,189,96,166,391,148,4,0,94,244,131,207,53,26,0,16,0,265,0,46,0,205,0,430,0,173,27,354,0,27,0,34,0,0,0,0,0,145,0,8,20,0,0,0,0,12,0,0,0,0,0,0,0,5,0,26,0,3,0,0,0,0,0,0,0,0,0,0,0,0,0,0,0,0,0,0,0,0,0,0,0,0,0,0,0,0,0,0,0,0,0,0,0,0,0,0,0,0,0,0,0,0,0,0,0,0,0,0,0,0,0,0,0,0,0,0,0,0,0,0,0,0,0,5,0,0,0,0,0,0,0,0,0,0,0,0,0,4,0,12,0,16,0,0,0,0,0,0,0,0,0,0,0,0,0,0,0,234,0,0,0,41,0,123,0,0,0,414,0,80,0,0,1,0,0,0,0,10,0,0,0,0,0,0,0,0,0,0,0,0,0,0,0,0,0,0,0,0,0,10,0,0,0,0,183,0,0,0,523,173,497,53,2,4,1
31,0,108,0,21,0,0,0,44,95,3,0,12,0,12,0,47,8,0,0,0,0,35,0,131,66,0,0,0,1,0,0,9,0,0,0,0,0,0,0,2,1,0,0,0,0,0,0,44,0,0,0,235,42,304,155,11,0,23,17,138,0,378,44,0,0,8,13,2,0,0,0,0,0,0,0,0,0,0,0,0,0,0,0,0,0,0,0,0,0,0,0,0,0,0,0,0,0,0,0,0,0,0,0,0,0,0,0,0,0,0,0,0,0,0,0,0,0,0,0,0,0,0,0,9,0,0,0,0,0,19,0,0,0,10,0,0,0,0,0,0,0,0,0,0,0,6,0,6,0,6,0,0,0,8,0,13,0,0,0,16,0,4,0,19,0,7,0,49,0,295,0,193,0,0,0,80,75,0,0,0,0,0,0,5,6,0,0,0,0,0,0,0,0,0,0,0,0,0,0,0,0,0,0,0,0,0,0,0,0,749,124,515,0,539,0,239,10,14,3,0,0,0,0,0
44,66,0,82,0,55,0,0,66,43,0,35,0,53,0,28,102,32,0,16,0,11,0,11,141,237,0,59,0,187,0,0,0,0,0,0,0,0,0,272,0,13,0,0,0,0,0,0,0,0,0,12,9,44,13,301,0,22,0,18,0,223,53,374,0,8,0,29,0,1,0,0,0,0,0,0,0,0,0,0,0,0,0,0,0,0,0,0,0,0,0,0,0,0,0,0,0,0,0,0,0,0,0,0,0,0,0,0,0,0,0,0,0,0,0,0,0,0,0,0,0,0,0,0,0,19,0,0,0,0,0,32,0,9,0,9,0,16,0,0,0,0,0,0,0,0,0,3,0,12,0,0,0,0,0,4,0,11,0,0,0,19,0,0,0,27,0,0,0,28,0,147,0,194,0,0,0,136,0,0,0,0,0,34,0,0,0,0,0,0,0,0,0,0,0,0,0,0,0,0,0,0,0,0,0,0,0,4,0,7,0,0,0,0,717,0,0,0,722,63,422,328,0,179,0
116,12,36,0,35,0,44,66,0,138,29,0,16,0,31,0,11,0,6,0,0,0,2,0,9,39,12,0,0,0,0,0,0,0,0,0,7,0,0,0,12,0,0,0,0,0,29,0,13,0,5,0,174,52,44,252,5,14,66,47,133,0,194,29,66,0,92,34,0,0,0,0,0,0,0,0,0,0,0,0,0,0,0,0,0,0,0,0,0,0,0,0,0,0,0,0,0,0,0,0,0,0,0,0,0,0,0,0,0,0,0,0,0,0,0,0,0,0,0,0,0,0,0,0,45,0,8,0,2,0,70,0,0,0,0,0,2,0,0,0,0,0,0,0,0,0,29,0,58,0,5,0,9,0,11,0,36,0,0,0,54,0,0,0,4,0,3,0,20,1,151,2,61,0,1,0,345,111,11,0,0,0,67,0,103,9,0,0,0,0,0,0,0,0,0,0,0,0,1,0,0,0,0,0,0,0,0,0,2,0,497,128,236,184,287,0,111,6,0,3,0,0,0,0,0
3,55,0,0,0,12,95,43,138,0,0,22,0,7,0,9,19,7,0,25,0,0,0,4,89,5,0,0,0,0,0,0,0,0,0,0,0,14,0,0,0,0,0,0,0,0,0,0,0,4,0,0,60,213,167,115,5,22,22,67,0,154,38,232,0,128,0,117,0,0,0,0,0,0,0,0,0,0,0,0,0,0,0,0,0,0,0,0,0,0,0,0,0,0,0,0,0,0,0,0,0,0,0,0,0,0,0,0,0,0,0,0,0,0,0,0,0,0,0,0,0,0,0,0,0,28,0,0,0,0,4,65,0,0,0,0,0,0,0,0,0,6,0,0,0,0,0,6,0,24,2,13,0,2,0,20,1,58,0,0,0,14,0,0,0,0,0,0,0,8,0,76,0,36,0,0,18,299,0,12,0,1,0,73,0,132,0,0,0,0,0,0,0,0,0,0,0,0,0,0,0,4,0,0,0,0,0,0,0,6,0,0,0,0,326,0,0,0,515,83,114,0,0,81,0
148,0,69,0,141,45,3,0,29,0,0,22,419,0,86,123,52,6,18,15,88,0,69,37,1,0,30,0,45,0,110,0,484,0,0,0,335,0,64,0,138,0,3,0,0,0,87,0,11,0,0,0,0,0,0,0,0,0,0,0,0,0,0,0,0,0,0,0,0,0,0,0,0,0,0,0,0,0,0,0,0,0,0,0,0,0,0,0,0,0,0,0,0,0,0,0,0,0,0,0,0,0,0,0,0,0,0,0,0,0,0,0,0,0,0,0,0,0,0,0,0,0,0,0,0,0,1,0,0,0,0,0,0,0,1,0,0,0,0,0,0,0,1,0,0,0,0,0,0,0,0,0,0,0,0,0,0,0,0,0,0,0,0,0,0,0,92,0,36,0,8,0,97,0,0,0,187,116,110,0,2,0,27,0,8,0,29,0,0,0,0,0,0,0,0,0,0,0,0,0,0,0,0,0,0,0,0,0,0,0,532,317,314,77,149,0,0,0,0,0,0,0,0,0,0
0,264,63,23,80,189,0,35,0,22,22,0,0,279,193,42,0,16,51,70,71,83,83,50,0,0,0,155,0,0,7,75,0,274,0,77,10,282,0,39,0,190,0,0,0,6,0,221,3,51,0,16,0,0,0,0,0,0,0,0,0,0,0,0,0,31,0,1,0,0,0,1,0,0,0,0,0,0,0,0,0,0,0,0,0,0,0,0,0,0,0,0,0,0,0,0,0,0,0,0,0,0,0,0,0,0,0,0,0,0,0,0,0,0,0,0,0,0,0,0,0,0,0,0,0,14,0,1,0,0,0,23,0,0,0,3,0,8,0,0,0,0,0,0,0,0,0,4,0,11,0,15,0,25,0,0,0,2,0,0,0,0,0,0,0,0,0,131,0,26,0,12,0,96,0,38,4,414,0,127,0,68,0,13,0,62,0,52,0,0,0,0,0,0,0,0,0,0,0,0,0,0,0,0,0,0,0,0,0,5,0,0,0,0,140,0,0,0,388,113,284,0,0,3,1
96,0,82,0,392,96,12,0,16,0,419,0,0,323,66,50,0,0,216,289,146,128,19,0,0,0,102,390,0,0,26,0,0,0,166,0,36,3,0,0,244,52,88,48,13,8,188,106,59,0,353,43,0,0,0,0,0,0,0,0,0,0,0,0,0,0,0,0,0,0,0,0,0,0,0,0,0,0,0,0,0,0,0,0,0,0,0,0,0,0,0,0,0,0,0,0,0,0,0,0,0,0,0,0,0,0,0,0,0,0,0,0,0,0,0,0,0,0,0,0,0,0,0,0,0,0,0,0,0,0,0,0,0,0,0,0,0,0,0,0,0,0,0,0,0,0,6,0,0,0,0,0,0,0,0,0,0,0,0,0,0,0,0,0,15,0,14,0,0,0,0,0,0,0,0,0,139,130,72,0,0,0,38,0,12,0,130,0,0,0,0,0,0,0,0,0,0,0,0,0,0,0,0,0,0,0,0,0,0,0,56,59,141,0,13,0,0,1,0,0,0,0,0,0,0
0,153,0,24,0,166,0,53,0,7,0,279,323,0,64,9,0,0,287,149,83,111,0,0,0,0,191,160,0,0,0,22,0,0,0,273,0,46,0,0,116,165,74,195,46,19,75,251,3,97,120,300,0,0,0,0,0,0,0,0,0,0,0,0,0,0,0,0,0,0,0,0,0,0,0,0,0,0,0,0,0,0,0,0,0,0,0,0,0,0,0,0,0,0,0,0,0,0,0,0,0,0,0,0,0,0,0,0,0,0,0,1,0,0,0,0,0,0,0,0,0,0,0,0,0,0,0,0,0,0,0,0,0,2,0,0,0,0,0,0,0,0,0,0,0,0,0,0,0,0,0,0,0,0,0,0,0,0,0,0,0,0,0,0,0,0,0,0,0,0,0,13,0,19,0,0,12,339,0,39,0,46,0,0,0,0,15,74,0,0,0,0,0,0,0,0,0,0,0,0,0,0,0,0,0,0,0,0,0,0,0,0,0,0,0,0,0,0,49,99,247,19,0,0,0
52,0,147,0,369,391,12,0,31,0,86,193,66,64,0,500,40,5,303,170,201,74,282,88,36,0,167,0,0,0,55,0,67,0,11,0,80,25,0,0,31,0,0,0,9,0,50,0,0,0,35,0,0,0,0,0,0,0,0,0,0,0,5,0,0,0,2,0,0,0,0,0,0,0,0,0,0,0,0,0,0,0,0,0,0,0,0,0,0,0,0,0,0,0,0,0,0,0,0,0,0,0,0,0,0,0,0,0,0,0,0,0,0,0,0,0,0,0,0,0,0,0,0,0,11,0,7,0,0,0,14,0,0,0,0,0,0,0,0,0,9,0,0,0,0,0,15,0,40,0,0,0,13,0,3,0,0,0,0,0,20,0,2,0,5,4,44,0,0,2,0,2,21,0,7,0,106,269,38,0,0,0,48,0,27,0,0,0,0,0,0,0,0,0,0,0,0,0,0,0,0,0,0,0,0,0,0,0,0,0,166,213,87,12,44,0,0,0,0,10,33,0,0,0,1
34,70,129,214,197,148,0,28,0,9,123,42,50,9,500,0,23,34,35,179,126,154,202,164,8,94,8,82,0,8,20,47,40,106,17,18,37,68,0,8,0,0,0,8,0,0,0,4,0,0,0,4,0,9,0,80,0,15,0,0,0,2,0,15,0,26,0,0,0,0,0,0,0,0,1,1,0,0,0,0,0,0,0,0,0,126,0,42,0,0,0,34,0,0,0,0,0,85,0,168,0,0,0,0,0,0,0,0,0,0,0,0,0,0,0,0,0,0,0,0,0,12,0,0,0,13,0,0,0,0,0,35,0,0,0,133,0,100,0,29,0,41,0,0,0,3,0,0,0,22,0,17,0,0,0,0,0,0,0,0,0,15,0,0,0,5,0,52,0,7,0,0,0,25,0,4,0,229,15,16,1,0,0,1,0,16,0,0,0,0,0,0,0,0,0,0,0,0,0,0,0,0,0,0,0,0,0,0,0,0,0,5,0,0,46,0,0,0,121,108,86,0,0,1,0
147,105,155,29,62,4,47,102,11,19,52,0,0,0,40,23,0,24,118,0,517,0,144,45,213,151,64,0,146,0,84,0,189,0,27,0,14,0,161,7,0,0,0,0,21,0,5,0,0,0,7,0,117,8,20,35,0,0,0,0,24,3,319,24,0,0,0,0,0,0,53,0,0,0,101,0,0,0,17,0,124,0,0,0,293,0,77,0,0,0,521,0,0,0,0,0,1068,0,399,0,69,0,0,0,0,0,373,0,0,0,0,0,0,0,0,0,0,0,0,0,90,0,161,0,0,0,0,0,40,0,0,0,10,0,45,0,273,0,87,0,130,0,376,0,34,0,0,0,0,0,0,0,0,0,62,0,0,0,43,0,0,0,0,1,0,0,6,0,0,0,6,0,67,7,0,0,29,88,28,0,0,0,110,0,0,1,0,0,0,0,0,0,0,0,0,0,0,0,0,0,252,0,0,0,0,0,0,0,0,0,51,296,85,23,23,0,6,0,0,5,0,0,0,2,0
31,56,37,18,6,0,8,32,0,7,6,16,0,0,5,34,24,0,0,22,0,204,51,108,34,33,0,16,0,86,0,19,0,23,0,9,0,2,0,77,0,0,0,0,0,0,0,0,1,0,0,0,0,69,0,44,0,18,0,0,0,16,5,93,13,0,0,0,0,0,0,0,0,0,0,0,0,0,0,0,0,0,0,0,0,121,0,24,0,0,0,0,0,0,0,0,0,62,0,136,0,0,0,0,0,0,0,0,0,0,0,0,0,0,0,0,0,0,0,0,0,0,0,0,0,4,0,0,0,0,0,0,0,0,0,94,0,0,0,41,0,72,0,58,6,0,0,0,0,1,0,0,0,3,0,14,0,0,0,12,0,3,0,0,0,0,0,0,0,0,0,7,0,9,2,0,0,49,0,9,0,0,0,0,0,0,0,0,0,0,0,0,0,0,0,0,0,0,0,0,0,0,0,0,0,0,0,0,0,0,0,0,0,1,0,0,0,0,13,21,11,0,0,0,0
28,0,51,0,110,94,0,0,6,0,18,51,216,287,303,35,118,0,0,207,171,107,251,0,50,0,155,248,0,0,11,0,0,0,121,0,16,0,0,0,33,20,20,0,28,6,53,35,0,0,152,30,0,0,0,0,0,0,0,0,0,0,0,0,0,0,0,0,0,0,0,0,0,0,0,0,0,0,0,0,0,0,0,0,0,0,0,0,0,0,0,0,0,0,0,0,0,0,0,0,0,0,0,0,0,0,0,0,0,0,0,0,0,0,0,0,0,0,0,0,0,0,0,0,0,0,0,0,0,0,0,0,0,0,0,0,0,0,0,0,0,0,0,0,4,0,0,0,10,0,0,0,5,0,0,0,0,0,0,0,0,0,2,0,0,0,4,0,15,0,0,0,7,0,0,0,39,53,25,0,6,0,5,0,7,0,58,7,0,0,0,0,0,0,0,0,0,0,0,0,0,0,0,0,0,0,0,0,0,0,24,61,75,0,6,0,1,0,0,0,0,0,0,0,0
0,102,0,134,135,244,0,16,0,25,15,70,289,149,170,179,0,22,207,0,128,259,6,63,0,37,77,417,0,4,0,56,0,13,49,212,17,39,0,0,31,6,23,67,4,28,17,60,1,25,77,147,0,11,0,8,0,0,0,0,0,2,0,0,0,36,0,0,0,0,0,0,0,0,0,4,0,0,0,0,0,0,0,0,0,88,0,0,0,0,0,0,0,0,0,0,0,0,0,0,0,0,0,0,0,0,0,0,0,0,0,0,0,0,0,0,0,0,0,0,0,12,0,5,0,0,0,3,0,0,0,10,0,0,0,0,0,0,0,14,0,0,0,0,0,6,0,0,0,0,0,15,0,0,0,0,0,0,0,0,0,0,0,0,0,22,0,44,0,0,0,0,0,19,0,0,2,127,3,14,0,0,0,3,0,39,4,9,0,0,0,0,0,0,0,0,0,0,0,9,0,0,0,0,0,0,0,0,0,0,0,6,0,0,37,0,0,0,65,83,126,0,0,2,0
0,0,39,7,194,131,0,0,0,0,88,71,146,83,201,126,517,0,171,128,0,55,189,14,33,0,189,36,43,0,130,0,100,0,121,13,32,0,3,0,0,0,8,0,63,0,15,0,0,0,48,0,12,0,0,0,0,2,0,0,0,0,125,0,2,0,3,0,0,0,104,0,0,0,142,0,0,0,0,0,109,0,0,0,70,0,66,0,0,0,202,0,0,0,0,0,279,0,419,0,0,0,0,0,0,0,0,0,0,0,0,0,0,0,0,0,0,0,0,0,82,0,46,0,0,0,0,0,0,0,0,0,0,0,0,0,0,0,24,0,66,0,0,0,106,0,0,0,0,0,0,0,0,0,0,0,0,0,0,0,0,2,0,0,10,0,32,0,58,0,0,0,30,0,0,0,31,37,68,0,0,0,8,0,2,0,30,0,0,0,0,0,0,0,0,0,0,0,0,0,0,0,0,0,0,0,0,0,0,0,242,325,220,0,85,0,0,5,0,3,0,0,0,0,0
0,17,0,69,47,207,0,11,0,0,0,83,128,111,74,154,0,204,107,259,55,0,0,282,0,40,32,254,0,56,0,108,0,92,21,165,0,63,0,12,13,1,0,46,0,32,6,15,0,18,45,67,0,21,0,21,0,0,0,1,0,8,0,149,0,2,0,0,0,0,0,18,0,0,1,40,0,0,0,0,0,287,0,0,0,491,0,167,0,0,0,0,0,0,0,0,0,101,0,555,0,232,0,0,0,0,0,0,0,0,0,0,0,0,0,0,0,0,0,0,0,98,0,0,0,0,0,0,0,0,0,0,0,0,0,170,0,150,0,166,0,238,0,259,0,142,0,0,0,0,0,0,0,0,0,47,0,10,0,50,0,0,0,5,0,18,0,63,0,46,0,8,0,25,0,0,0,49,0,0,0,0,0,0,0,0,0,4,0,0,0,0,0,0,0,0,0,0,0,0,0,0,0,0,0,0,0,0,0,0,0,0,8,0,67,0,0,0,193,193,188,34,0,0,0
146,173,650,90,170,53,35,0,2,0,69,83,19,0,282,202,144,51,251,6,189,0,0,176,179,165,79,0,34,9,25,0,31,23,8,0,12,23,15,13,3,0,0,0,21,0,10,0,0,0,0,0,0,0,58,0,0,0,0,0,2,0,41,5,0,0,0,0,0,0,0,0,0,0,19,0,0,0,0,0,0,0,0,0,54,0,0,0,0,0,0,0,0,0,0,0,180,0,48,0,0,0,0,0,0,0,125,0,0,0,0,0,0,0,0,0,0,0,0,0,10,0,0,0,0,0,0,0,0,0,0,3,0,0,0,0,261,0,0,0,34,2,0,0,0,0,16,0,28,0,25,0,15,0,0,0,0,0,0,0,14,0,0,0,0,0,0,0,0,0,0,2,25,19,0,0,53,145,16,0,8,0,69,0,9,0,0,0,0,0,0,0,0,0,0,0,0,0,0,0,147,0,0,0,1,0,0,0,26,0,64,213,53,16,35,0,0,0,0,0,19,0,0,0,0
63,29,99,60,39,26,0,11,0,4,37,50,0,0,88,164,45,108,0,63,14,282,176,0,10,35,0,25,0,43,0,39,0,69,0,16,6,39,0,18,1,0,0,0,0,0,0,0,0,0,0,0,0,12,0,24,0,0,0,0,0,0,0,42,0,0,0,0,0,0,0,0,0,0,0,2,0,0,0,0,0,0,0,0,0,144,0,0,0,0,0,27,0,0,0,0,0,88,0,203,0,85,0,0,0,0,0,84,0,0,0,0,0,0,0,0,0,0,0,0,0,0,0,2,0,4,0,0,0,0,0,0,0,0,0,118,3,52,0,20,0,41,0,32,0,3,0,0,1,0,0,0,0,0,4,0,0,1,0,0,0,1,0,0,0,3,0,31,0,0,0,12,0,17,0,0,0,82,0,4,0,0,0,0,0,0,0,0,0,0,0,0,0,0,0,0,0,1,0,0,0,0,0,0,0,0,0,0,0,0,2,0,0,0,17,0,0,0,58,85,39,0,0,0,0
28,97,129,0,0,0,131,141,9,89,1,0,0,0,36,8,213,34,50,0,33,0,179,10,0,188,18,0,12,0,0,0,0,0,0,0,0,0,7,0,0,0,0,0,0,0,0,0,2,0,0,0,88,36,223,108,45,0,12,0,49,0,267,59,0,0,0,0,0,0,0,0,0,0,0,0,0,0,0,0,0,0,0,0,28,0,0,0,0,0,0,0,0,0,0,0,101,0,0,0,0,0,0,0,0,0,0,0,0,0,0,0,0,0,0,0,0,0,0,0,0,0,0,0,36,0,16,0,94,0,22,0,24,0,84,0,408,0,29,0,29,0,170,0,0,0,18,0,26,0,68,0,7,0,72,0,0,2,26,0,53,0,0,0,0,0,0,0,9,0,48,4,68,0,12,0,49,109,0,0,0,0,2,0,3,0,0,0,0,0,5,0,0,0,1,0,3,0,0,0,138,0,0,0,0,0,13,0,27,0,136,28,129,75,84,0,0,0,0,0,0,0,0,0,0
199,33,79,42,0,16,66,237,39,5,0,0,0,0,0,94,151,33,0,37,0,40,165,35,188,0,0,0,3,71,0,0,1,0,0,0,0,15,0,52,0,0,0,3,0,0,0,0,0,0,0,0,1,41,2,161,0,61,0,8,5,21,42,97,0,12,0,0,0,0,0,0,1,0,0,0,0,0,0,0,0,0,0,0,0,54,0,0,0,0,0,32,0,0,0,0,0,104,0,116,0,54,0,0,0,0,0,127,0,0,0,0,0,0,0,0,0,0,0,0,0,0,0,0,0,0,0,10,0,35,0,31,0,0,0,245,0,362,0,98,0,67,0,53,6,0,0,4,0,0,0,20,0,0,0,5,0,6,0,9,0,9,0,0,0,0,0,0,0,0,0,10,0,23,0,0,23,171,0,2,0,0,11,2,1,10,0,0,0,0,0,0,0,0,0,0,0,0,0,48,0,90,0,0,0,0,0,48,0,58,6,0,0,0,22,0,0,0,26,9,15,24,3,0,1
20,0,55,0,87,0,0,0,12,0,30,0,102,191,167,8,64,0,155,77,189,32,79,0,18,0,0,282,28,0,20,0,13,0,64,0,56,0,0,0,34,84,117,0,283,24,295,148,51,0,293,0,0,0,0,0,0,0,0,0,0,0,38,0,3,0,1,0,0,0,0,0,0,0,0,0,0,0,0,0,0,0,0,0,0,0,0,0,0,0,0,0,0,0,0,0,0,0,0,0,0,0,0,0,0,0,0,0,0,0,0,0,0,0,0,0,0,0,0,0,0,0,0,0,0,0,0,0,0,0,0,0,0,0,0,0,0,0,23,0,50,0,0,0,43,0,0,0,0,0,0,0,0,0,0,0,1,0,0,0,0,0,0,0,49,0,19,0,0,0,0,1,25,0,0,0,15,27,0,0,0,0,8,0,0,0,57,6,0,0,0,0,0,0,0,0,0,0,0,0,0,0,0,0,0,0,0,0,0,0,0,247,328,10,0,0,0,18,0,0,0,0,0,0,0
0,159,0,55,0,265,0,59,0,0,0,155,390,160,0,82,0,16,248,417,36,254,0,25,0,0,282,0,0,0,0,21,2,0,27,170,4,93,0,0,269,29,135,346,93,411,221,457,0,71,113,382,0,0,0,0,0,0,0,0,0,0,0,10,0,35,0,0,0,0,0,0,0,0,0,0,0,0,0,0,0,0,0,0,0,0,0,0,0,2,0,0,0,0,0,0,0,0,0,0,0,65,0,4,0,0,0,0,0,0,0,0,0,0,0,0,0,0,0,0,0,0,0,0,0,0,0,0,0,0,0,0,0,0,0,0,0,0,0,0,0,0,0,0,0,0,0,9,0,13,0,11,0,5,0,0,0,0,0,0,0,5,0,3,2,70,0,29,0,0,0,8,0,0,0,0,6,171,0,7,0,0,0,0,0,0,27,89,0,0,0,0,0,0,0,0,0,0,0,0,0,0,0,0,0,0,0,0,0,0,0,0,0,0,14,0,0,0,43,226,524,0,0,0,3
168,0,235,0,60,0,0,0,0,0,45,0,0,0,0,0,146,0,0,0,43,0,34,0,12,3,28,0,0,0,58,0,24,0,13,0,15,0,9,0,0,0,17,0,0,0,0,0,0,0,23,0,3,0,0,0,0,0,0,0,2,0,7,0,0,0,0,0,0,0,17,0,0,0,30,0,0,0,0,0,0,0,0,0,0,0,0,0,0,0,37,0,0,0,0,0,68,0,109,0,14,0,0,0,0,0,16,0,0,0,0,0,0,0,0,0,0,0,0,0,0,0,20,0,0,0,0,0,0,0,0,0,0,0,0,0,0,0,13,0,37,0,24,0,32,0,0,0,0,0,0,0,0,0,7,0,0,0,2,0,0,0,0,0,0,0,0,0,0,0,0,0,2,0,3,0,0,0,7,0,0,0,11,0,0,0,0,0,0,0,0,0,0,0,0,0,0,0,0,0,0,0,0,0,0,0,0,0,0,0,44,36,3,0,13,0,0,0,0,0,0,0,0,0,0
0,172,0,248,0,46,1,187,0,0,0,0,0,0,0,8,0,86,0,4,0,56,9,43,0,71,0,0,0,0,0,34,0,68,0,9,0,4,0,53,0,0,0,0,0,0,0,0,0,0,0,3,0,27,0,15,0,18,0,0,0,10,0,48,0,0,0,0,0,0,0,2,0,0,0,0,0,0,0,0,0,52,0,0,0,134,0,24,0,0,0,0,0,0,0,0,0,46,0,0,0,0,0,0,0,0,0,0,0,0,0,0,0,0,0,0,0,0,0,0,0,0,0,8,0,0,0,0,0,0,0,0,0,0,0,105,0,69,0,61,0,107,0,91,0,13,0,0,0,0,0,0,0,1,0,21,0,1,0,19,1,10,0,0,0,0,0,0,0,0,0,0,0,0,0,0,0,21,0,7,0,0,0,0,1,0,0,0,0,0,0,0,0,0,0,0,0,0,0,0,0,0,0,0,0,0,0,0,0,0,0,0,0,0,0,0,0,0,8,5,0,0,0,0,0
15,0,53,0,182,0,0,0,0,0,110,7,26,0,55,20,84,0,11,0,130,0,25,0,0,0,20,0,58,0,0,0,37,0,3,0,26,0,4,0,0,0,22,0,3,0,0,0,0,0,16,0,0,0,0,0,0,0,0,0,0,0,16,0,0,1,0,0,0,0,33,0,0,0,27,0,0,0,0,0,35,0,0,0,0,0,10,0,0,0,0,0,0,0,0,0,0,0,108,0,0,0,0,0,0,0,0,0,0,0,0,0,0,0,0,0,0,0,0,0,19,0,0,0,0,0,0,0,0,0,0,0,0,0,0,0,0,0,0,0,19,0,0,0,28,0,0,0,0,0,0,0,1,0,0,0,0,0,0,0,0,0,8,0,0,0,14,0,0,0,0,0,9,0,0,0,14,10,32,0,0,0,2,0,3,0,0,0,0,0,0,0,0,0,0,0,0,0,0,0,0,0,0,0,0,0,0,0,0,0,55,82,62,15,0,0,0,0,0,0,0,0,0,0,0
0,0,0,16,0,205,0,0,0,0,0,75,0,22,0,47,0,19,0,56,0,108,0,39,0,0,0,21,0,34,0,0,0,13,0,18,0,31,0,34,0,0,0,2,0,0,0,0,0,0,0,17,0,3,0,0,0,0,0,0,0,0,0,41,0,0,0,0,0,0,0,0,0,0,0,0,0,0,0,0,0,0,0,0,0,91,0,0,0,0,0,0,0,0,0,0,0,0,0,70,0,0,0,0,0,0,0,0,0,0,0,0,0,0,0,0,0,0,0,0,0,0,0,0,0,0,0,0,0,0,0,0,0,0,0,0,0,0,0,49,0,59,0,50,0,68,0,0,0,0,0,0,0,0,0,0,0,7,0,32,0,0,0,0,0,6,0,34,0,0,0,0,0,0,0,1,0,14,0,0,0,0,0,0,0,0,0,0,0,0,0,0,0,0,0,0,0,0,0,0,0,0,0,0,0,0,0,0,0,0,0,0,0,0,15,0,0,0,42,49,57,9,0,0,0
112,0,241,0,401,0,9,0,0,0,484,0,0,0,67,40,189,0,0,0,100,0,31,0,0,1,13,2,24,0,37,0,0,0,50,0,102,0,2,0,0,0,18,0,3,0,0,0,0,0,16,0,3,0,0,0,0,0,0,0,3,0,13,0,0,0,0,0,0,0,11,0,0,0,0,0,0,0,0,0,0,0,0,0,0,0,0,0,0,0,0,0,0,0,0,0,0,0,0,0,0,0,0,0,0,0,0,0,0,0,0,0,0,0,0,0,0,0,0,0,0,0,6,0,0,0,0,0,0,0,0,0,0,0,0,0,0,0,9,0,0,0,0,0,21,0,0,0,0,0,0,0,0,0,5,0,0,0,1,0,0,0,0,0,0,0,13,0,0,0,0,0,6,0,0,0,0,0,141,0,0,0,23,0,4,0,0,0,0,0,0,0,0,0,0,0,0,0,0,0,0,0,0,0,0,0,0,0,0,0,27,174,28,0,12,0,1,1,0,0,0,0,0,0,0
0,291,0,344,0,430,0,0,0,0,0,274,0,0,0,106,0,23,0,13,0,92,23,69,0,0,0,0,0,68,0,13,0,0,0,24,0,118,0,6,0,0,0,9,0,0,0,0,0,1,0,18,0,3,0,0,0,0,0,0,0,14,0,19,0,0,0,0,0,0,0,4,0,0,0,0,0,0,0,0,0,0,0,0,0,0,0,0,0,0,0,0,0,0,0,0,0,0,0,29,0,0,0,0,0,0,0,0,0,0,0,0,0,0,0,0,0,0,0,0,0,0,0,0,0,0,0,0,0,0,0,0,0,0,0,0,0,0,0,0,0,18,0,15,0,18,0,0,0,0,0,0,0,0,0,4,0,6,0,0,0,0,0,0,0,3,0,59,0,6,0,0,0,0,0,0,0,68,0,37,0,0,0,0,0,17,0,0,0,0,0,0,0,0,0,0,0,0,0,0,0,0,0,0,0,0,0,0,0,0,0,0,0,0,0,0,0,0,0,56,60,0,0,0,0
0,0,5,0,68,0,0,0,0,0,0,0,166,0,11,17,27,0,121,49,121,21,8,0,0,0,64,27,13,0,3,0,50,0,0,0,152,0,0,0,0,0,9,0,13,0,0,0,4,0,56,0,0,0,0,0,0,0,0,0,0,0,7,0,0,0,0,0,0,0,49,0,0,0,50,0,0,0,0,0,0,0,0,0,7,0,0,0,0,0,0,0,0,0,0,0,0,0,0,0,0,0,0,0,0,0,0,0,0,0,0,0,0,0,0,0,0,0,0,0,0,0,0,0,0,0,0,0,0,0,0,0,0,0,0,0,0,0,0,0,0,0,0,0,40,0,0,0,0,0,0,0,0,0,0,0,0,0,0,0,2,0,0,0,35,0,51,0,62,0,0,0,31,0,0,0,19,13,58,0,0,0,0,0,0,0,34,0,0,0,0,0,0,0,0,0,0,0,0,0,0,0,0,0,0,0,0,0,0,0,87,129,198,0,23,0,0,2,0,0,0,0,0,0,0
0,3,0,0,19,173,0,0,0,0,0,77,0,273,0,18,0,9,0,212,13,165,0,16,0,0,0,170,0,9,0,18,0,24,0,0,0,179,0,5,0,0,0,47,0,7,0,0,0,0,0,47,0,0,0,8,0,0,0,0,0,0,0,11,0,0,0,0,0,0,0,7,0,0,0,0,0,0,0,0,0,52,0,0,0,67,0,0,0,0,0,0,0,0,0,0,0,0,0,0,0,0,0,0,0,0,0,0,0,0,0,0,0,0,0,0,0,0,0,0,0,24,0,0,0,0,0,0,0,0,0,0,0,0,0,0,0,0,0,37,0,56,0,47,0,26,0,0,0,0,0,0,0,0,0,0,0,3,0,12,0,0,0,0,0,24,0,64,0,23,0,7,0,20,0,0,0,35,0,0,0,0,0,0,0,0,0,3,0,0,0,0,0,0,0,0,0,0,0,0,0,0,0,0,0,0,0,0,0,0,0,0,0,0,29,0,0,0,68,83,210,0,0,1,0
73,0,73,0,282,27,0,0,7,0,335,10,36,0,80,37,14,0,16,17,32,0,12,6,0,0,56,4,15,0,26,0,102,0,152,0,0,0,22,0,0,0,23,0,21,0,0,0,0,0,29,0,2,0,0,0,0,0,3,0,5,0,53,0,2,0,1,0,0,0,38,0,9,0,44,0,0,0,0,0,0,0,0,0,1,0,0,0,0,0,0,0,0,0,0,0,0,0,0,0,0,0,0,0,0,0,0,0,0,0,0,0,0,0,0,0,0,0,0,0,0,0,0,0,0,0,0,0,0,0,0,0,0,0,0,0,0,0,54,0,69,0,0,0,105,0,0,0,3,0,0,0,0,0,15,0,5,0,4,0,0,0,21,0,12,0,15,0,49,0,12,0,40,0,0,0,10,21,101,0,0,0,0,0,0,0,6,0,0,0,0,0,0,0,0,0,0,0,0,0,0,0,0,0,0,0,0,0,0,0,42,139,97,26,16,0,2,0,0,0,0,0,0,0,0
0,244,0,94,0,354,0,0,0,14,0,282,3,46,25,68,0,2,0,39,0,63,23,39,0,15,0,93,0,4,0,31,0,118,0,179,0,0,0,10,0,1,0,66,0,10,0,0,0,0,0,48,0,1,0,8,0,0,0,0,0,27,0,12,0,0,0,0,0,0,0,0,0,0,0,0,0,0,0,0,0,23,0,0,0,0,0,0,0,0,0,0,0,0,0,0,0,0,0,0,0,0,0,0,0,0,0,0,0,0,0,0,0,0,0,0,0,0,0,0,0,16,0,0,0,0,0,0,0,10,0,0,0,0,0,0,0,0,0,68,0,84,0,51,0,119,0,0,0,0,0,0,0,0,0,9,0,26,0,22,0,0,0,0,0,7,0,92,0,18,0,10,0,102,0,0,0,85,0,25,0,0,0,5,0,0,0,0,0,0,0,0,0,0,0,0,0,0,0,0,0,0,0,0,0,0,0,0,0,0,0,0,0,0,18,0,0,0,31,119,111,0,0,0,0
436,0,309,0,0,0,0,0,0,0,64,0,0,0,0,0,161,0,0,0,3,0,15,0,7,0,0,0,9,0,4,0,2,0,0,0,22,0,0,0,0,0,0,0,0,0,0,0,0,0,0,0,5,0,0,0,0,0,3,0,5,0,19,0,0,0,1,0,0,0,27,0,1,0,17,0,0,0,0,0,0,0,0,0,8,0,0,0,0,0,0,0,0,0,0,0,0,0,56,0,0,0,0,0,0,0,0,0,0,0,0,0,0,0,0,0,0,0,0,0,0,0,0,0,0,0,0,0,0,0,0,0,0,0,0,0,0,0,0,0,0,0,0,0,32,0,0,0,0,0,0,0,0,0,9,0,4,0,4,0,0,0,0,0,0,0,3,0,0,0,6,0,97,0,0,0,0,4,10,0,0,0,97,0,0,0,0,0,0,0,0,0,0,0,0,0,0,0,0,0,0,0,0,0,0,0,0,0,0,0,180,277,64,74,103,0,6,0,0,0,0,0,0,0,0
0,512,0,229,0,27,0,272,0,0,0,39,0,0,0,8,7,77,0,0,0,12,13,18,0,52,0,0,0,53,0,34,0,6,0,5,0,10,0,0,0,0,0,0,0,0,0,0,0,0,0,4,0,8,0,0,0,0,0,0,0,14,0,28,0,0,0,0,0,0,0,0,0,0,0,1,0,0,0,0,0,0,0,0,0,0,0,0,0,0,0,0,0,0,0,1,0,0,0,0,0,0,0,0,0,0,0,0,0,0,0,0,0,0,0,0,0,0,0,0,0,0,0,0,0,3,0,0,0,0,0,0,0,0,0,0,0,0,0,55,0,35,0,0,0,36,0,0,0,0,0,0,0,0,0,27,0,12,0,47,0,4,0,0,0,0,0,0,1,0,0,3,0,41,0,0,1,63,0,12,0,0,0,19,0,0,0,0,0,0,0,0,0,0,0,0,0,0,0,0,0,0,0,0,0,0,0,0,0,0,2,0,1,0,46,0,0,0,66,93,22,0,0,0,0
61,0,34,0,140,0,2,0,12,0,138,0,244,116,31,0,0,0,33,31,0,13,3,1,0,0,34,269,0,0,0,0,0,0,0,0,0,0,0,0,0,131,9,29,25,47,167,355,172,24,11,14,0,0,0,0,0,0,0,0,0,0,0,0,0,0,0,0,0,0,0,0,0,0,0,0,0,0,0,0,0,0,0,0,0,0,0,0,0,0,0,0,0,0,0,0,0,0,0,0,0,0,0,0,0,0,0,0,0,0,0,0,0,0,0,0,0,0,0,0,0,0,0,0,0,0,0,0,0,0,0,0,0,0,0,0,0,0,0,0,0,0,0,0,0,0,0,0,4,0,2,0,0,0,0,0,0,0,0,0,0,0,0,0,0,0,0,0,0,0,0,0,2,0,0,0,24,44,40,0,16,0,16,0,3,0,142,9,0,0,0,0,0,0,0,0,0,0,0,0,3,0,0,0,0,0,0,0,0,0,0,80,26,0,0,0,0,12,0,0,3,0,0,0,0
0,66,0,0,0,34,1,13,0,0,0,190,52,165,0,0,0,0,20,6,0,1,0,0,0,0,84,29,0,0,0,0,0,0,0,0,0,1,0,0,131,0,41,18,114,30,237,280,43,145,0,12,0,0,0,1,0,0,0,0,0,0,0,0,0,9,0,0,0,0,0,0,0,0,0,0,0,1,0,0,0,0,0,0,0,0,0,0,0,0,0,1,0,0,0,0,0,0,0,0,0,0,0,0,0,0,0,3,0,0,0,0,0,0,0,0,0,0,0,0,0,0,0,0,0,0,0,0,0,0,0,0,0,0,0,0,0,0,0,0,0,0,0,0,0,0,0,0,0,0,0,0,0,0,0,0,0,0,0,0,0,0,0,0,0,12,0,0,0,0,0,0,0,0,0,0,1,130,0,27,0,13,0,2,0,0,22,16,0,0,0,0,0,0,0,0,0,0,0,0,0,0,0,0,0,0,0,0,0,0,0,2,0,0,0,0,0,0,0,30,60,0,0,0,42
4,0,3,0,0,0,0,0,0,0,3,0,88,74,0,0,0,0,20,23,8,0,0,0,0,0,117,135,17,0,22,0,18,0,9,0,23,0,0,0,9,41,0,17,67,0,37,72,52,2,32,0,0,0,0,0,1,0,0,0,1,0,8,0,0,0,0,0,3,0,0,0,0,0,9,0,1,0,0,0,0,0,3,0,0,0,0,0,0,0,0,0,0,0,0,0,0,0,26,0,6,0,2,0,0,0,0,0,0,0,0,0,0,0,0,0,0,0,0,0,0,0,0,0,0,0,0,0,0,0,0,0,0,0,0,0,0,0,14,0,0,0,0,0,0,0,0,0,0,0,0,0,0,0,7,0,0,0,3,0,0,0,0,0,32,0,11,0,18,0,3,0,9,0,0,0,8,16,0,0,0,0,0,0,0,0,98,3,0,0,0,0,0,0,0,0,0,0,0,0,0,0,0,0,0,0,0,0,0,0,13,75,88,0,4,0,0,5,0,0,7,0,0,0,0
0,0,0,0,0,0,0,0,0,0,0,0,48,195,0,8,0,0,0,67,0,46,0,0,0,3,0,346,0,0,0,2,0,9,0,47,0,66,0,0,29,18,17,0,11,194,22,93,2,50,0,35,0,0,0,0,0,0,0,0,0,0,0,5,0,0,0,0,0,1,0,5,0,4,0,13,0,6,0,9,0,42,0,0,0,61,0,0,0,0,0,0,0,0,0,0,0,0,0,0,0,31,0,0,0,0,0,0,0,0,0,0,0,0,0,0,0,0,0,0,0,34,0,11,0,0,0,0,0,0,0,0,0,0,0,0,0,0,0,0,0,37,0,35,0,34,0,0,0,0,0,0,0,0,0,0,0,2,0,0,0,0,0,0,0,50,0,50,0,28,0,5,0,22,0,0,0,62,0,0,0,0,0,0,0,0,0,42,0,0,0,0,0,0,0,0,0,0,0,0,0,0,0,0,0,0,0,0,0,0,0,0,0,0,10,0,0,0,0,47,149,0,0,0,0
0,0,7,0,10,0,0,0,0,0,0,0,13,46,9,0,21,0,28,4,63,0,21,0,0,0,283,93,0,0,3,0,3,0,13,0,21,0,0,0,25,114,67,11,0,40,239,285,206,22,127,1,0,0,0,0,0,0,4,0,0,0,9,0,0,0,1,0,36,0,0,0,0,0,16,0,6,0,0,0,16,0,31,0,6,0,0,0,0,0,0,0,25,0,0,0,0,0,0,0,0,0,44,0,0,0,23,0,3,0,0,0,0,0,0,0,1,0,0,0,0,0,0,0,0,0,0,0,0,0,0,0,0,0,0,0,0,0,0,0,15,0,0,0,0,0,0,0,0,0,0,0,0,0,3,0,0,0,0,0,7,0,9,0,91,0,18,0,79,0,14,0,22,0,0,0,2,30,4,0,0,0,0,0,5,0,41,3,0,0,0,0,0,0,14,0,0,0,0,0,0,0,0,0,0,0,0,0,0,0,22,102,192,12,0,0,5,61,0,3,4,0,0,0,2
0,0,0,0,0,0,0,0,0,0,0,6,8,19,0,0,0,0,6,28,0,32,0,0,0,0,24,411,0,0,0,0,0,0,0,7,0,10,0,0,47,30,0,194,40,0,63,336,42,243,0,182,0,0,0,0,0,2,0,3,0,0,0,1,0,0,0,0,0,17,0,0,0,0,0,0,0,16,0,0,0,62,0,42,0,36,0,32,0,9,0,0,0,0,0,35,0,8,0,56,0,0,0,34,0,0,0,0,0,0,0,0,0,0,0,0,0,3,0,0,0,34,0,0,0,0,0,0,0,0,0,1,0,0,0,0,0,0,0,0,0,0,0,12,0,31,0,0,0,0,0,0,0,0,0,0,0,0,0,0,0,0,0,0,3,183,0,41,0,211,0,7,0,17,0,0,0,52,0,1,0,0,0,1,0,1,6,30,0,0,0,0,0,0,0,0,0,0,0,0,0,0,0,0,0,0,0,0,0,0,0,0,0,0,10,0,0,3,28,122,335,7,1,0,11
53,0,43,0,118,0,0,0,29,0,87,0,188,75,50,0,5,0,53,17,15,6,10,0,0,0,295,221,0,0,0,0,0,0,0,0,0,0,0,0,167,237,37,22,239,63,0,495,264,43,48,9,0,0,0,0,0,0,0,0,0,0,0,0,0,0,0,0,0,0,0,0,0,0,0,0,0,0,0,0,0,0,0,0,0,0,0,0,0,0,0,0,0,0,0,0,0,0,0,0,6,0,0,0,0,0,0,0,0,0,0,0,0,0,0,0,0,0,0,0,0,0,0,0,0,0,0,0,0,0,13,0,0,0,0,0,0,0,0,0,0,0,0,0,0,0,6,0,0,0,0,0,0,0,0,0,0,0,0,0,0,0,0,0,32,4,3,0,0,0,0,0,0,0,0,0,13,43,19,0,4,0,13,0,12,0,101,12,0,0,0,0,0,0,0,0,1,0,0,0,0,0,0,0,0,0,0,0,0,0,0,350,185,4,0,0,0,172,0,1,0,0,0,0,0
0,142,0,0,0,145,0,0,0,0,0,221,106,251,0,4,0,0,35,60,0,15,0,0,0,0,148,457,0,0,0,0,0,0,0,0,0,0,0,0,355,280,72,93,285,336,495,0,87,177,25,71,0,0,0,2,0,0,0,0,0,0,0,0,0,0,0,0,0,0,0,0,0,0,0,0,0,0,0,0,0,0,0,0,0,0,0,0,0,0,0,0,0,0,0,0,0,0,0,0,0,0,0,0,0,0,0,0,0,0,0,0,0,0,0,0,0,0,0,0,0,0,0,0,0,0,0,0,0,0,0,0,0,0,0,0,0,0,0,0,0,0,0,0,0,0,0,0,0,0,0,11,0,0,0,0,0,0,0,0,0,3,0,0,0,69,0,0,0,0,0,0,0,0,0,0,0,201,0,6,0,0,0,0,0,0,72,32,0,0,0,0,0,0,0,0,0,0,0,0,0,0,0,0,0,0,0,0,0,0,0,15,0,0,0,0,0,0,7,191,305,5,0,1,55
6,1,0,0,3,0,44,0,13,0,11,3,59,3,0,0,0,1,0,1,0,0,0,0,2,0,51,0,0,0,0,0,0,0,4,0,0,0,0,0,172,43,52,2,206,42,264,87,0,69,32,0,18,0,22,0,40,0,21,0,10,0,2,0,0,0,0,0,56,0,7,0,1,0,6,0,0,0,18,0,22,0,38,0,0,3,16,0,29,2,0,0,45,0,42,0,0,0,16,0,16,2,136,0,17,2,13,0,3,0,0,0,0,0,1,0,0,0,0,0,0,0,0,0,0,0,0,0,0,0,20,0,0,0,0,0,0,0,0,0,12,0,7,0,0,0,0,0,5,0,23,0,0,0,31,0,12,0,0,0,34,0,4,0,19,0,5,0,39,0,9,0,17,0,0,0,32,16,22,0,0,0,8,0,0,0,176,3,0,0,0,0,35,0,20,0,0,0,48,1,25,0,35,0,35,0,34,0,34,1,113,160,247,21,58,1,20,68,0,14,23,12,0,1,2
0,11,0,0,0,8,0,0,0,4,0,51,0,97,0,0,0,0,0,25,0,18,0,0,0,0,0,71,0,0,0,0,0,1,0,0,0,0,0,0,24,145,2,50,22,243,43,177,69,0,0,60,0,0,0,3,0,3,0,0,0,0,0,0,0,0,0,0,0,17,0,0,0,0,0,0,0,0,0,0,0,13,0,41,0,0,0,8,0,7,0,0,0,9,0,29,0,0,0,13,0,0,0,14,0,0,0,5,0,4,0,0,0,0,0,0,0,2,0,0,0,5,0,0,0,0,0,0,0,0,0,0,0,0,0,0,0,0,0,0,0,0,1,0,0,8,0,0,0,0,0,0,0,2,0,0,0,0,0,0,0,0,0,1,2,96,0,25,0,55,0,7,0,20,0,0,0,104,0,0,0,0,0,0,0,0,26,79,0,0,0,0,0,0,0,3,0,0,0,0,0,0,0,0,0,0,0,0,0,0,0,8,4,0,6,0,0,16,17,92,83,6,0,0,30
0,0,0,0,82,20,0,0,5,0,0,0,353,120,35,0,7,0,152,77,48,45,0,0,0,0,293,113,23,0,16,0,16,0,56,0,29,0,0,0,11,0,32,0,127,0,48,25,32,0,0,16,4,0,0,0,1,0,0,0,0,0,7,0,0,0,0,0,4,0,22,0,0,0,24,0,0,0,0,0,0,0,21,0,0,0,20,0,0,0,0,0,0,0,9,0,41,0,0,0,0,0,0,0,0,0,0,0,0,0,0,0,0,0,0,0,0,0,0,0,12,0,0,0,0,0,0,0,0,0,0,0,0,0,0,0,0,0,0,0,0,0,0,0,0,0,0,0,0,0,0,0,0,0,0,0,0,0,0,0,0,0,14,0,43,0,17,0,122,0,8,0,27,0,0,0,26,23,38,0,3,0,0,0,0,0,101,1,0,0,0,0,0,0,0,0,0,0,0,0,0,0,0,0,0,0,0,0,0,0,27,101,168,25,11,0,7,7,0,0,0,0,0,0,0
0,0,0,0,0,0,0,12,0,0,0,16,43,300,0,4,0,0,30,147,0,67,0,0,0,0,0,382,0,3,0,17,0,18,0,47,0,48,0,4,14,12,0,35,1,182,9,71,0,60,16,0,0,0,0,0,0,5,0,0,0,0,0,0,0,0,0,1,0,0,0,0,0,0,0,8,0,4,0,0,0,60,0,0,0,61,0,30,0,0,0,0,0,0,0,0,0,8,0,0,0,18,0,0,0,0,0,0,0,0,0,0,0,0,0,0,0,0,0,0,0,24,0,0,0,0,0,0,0,0,0,0,0,0,0,0,0,0,0,0,0,0,0,17,0,29,0,0,0,2,0,0,0,0,0,0,0,0,0,0,0,0,0,0,0,21,0,37,0,80,0,6,0,30,0,0,0,56,0,0,0,0,0,0,0,0,0,24,0,0,0,0,0,0,0,0,0,0,0,0,0,0,0,0,0,0,0,0,0,0,0,0,0,0,0,0,0,0,0,37,133,11,0,0,0
0,1,40,0,8,0,235,9,174,60,0,0,0,0,0,0,117,0,0,0,12,0,0,0,88,1,0,0,3,0,0,0,3,0,0,0,2,0,5,0,0,0,0,0,0,0,0,0,18,0,4,0,0,19,227,88,70,35,56,100,83,0,92,0,4,0,37,73,0,0,4,0,0,0,12,0,0,0,0,0,0,0,0,0,34,0,0,0,0,0,0,0,0,0,0,0,88,0,0,3,0,0,0,0,0,0,0,0,0,0,0,0,0,0,0,0,0,0,0,0,0,0,20,0,0,0,2,0,86,0,8,0,0,0,0,0,148,0,177,0,98,3,97,0,26,0,3,1,7,0,3,0,0,2,255,5,66,2,142,0,32,0,11,0,0,0,0,0,17,0,105,0,6,0,0,0,8,0,0,0,0,0,17,0,5,2,0,0,0,0,0,0,0,0,0,0,0,0,0,0,22,0,0,0,0,0,0,0,0,0,365,234,133,215,360,12,86,9,4,1,0,0,0,0,0
0,13,0,10,0,0,42,44,52,213,0,0,0,0,0,9,8,69,0,11,0,21,0,12,36,41,0,0,0,27,0,3,0,3,0,0,0,1,0,8,0,0,0,0,0,0,0,0,0,0,0,0,19,0,57,86,3,93,37,32,1,85,8,52,0,0,34,20,0,0,0,0,0,0,0,0,0,0,0,0,0,0,0,0,0,39,0,0,0,0,0,13,0,0,0,0,0,29,0,0,0,16,0,0,0,0,0,0,0,0,0,0,0,0,0,0,0,0,0,0,0,0,0,0,0,2,0,2,0,50,0,26,0,27,0,88,0,152,0,158,0,102,0,67,0,24,0,0,0,0,0,0,0,0,2,159,0,134,0,151,0,19,0,0,0,0,0,1,0,0,0,54,0,10,0,0,2,85,0,0,0,0,0,31,0,62,0,0,0,0,0,0,0,0,0,0,0,0,0,0,0,11,0,0,0,0,0,0,0,0,0,0,1,0,179,0,0,0,84,13,73,103,10,14,0
4,0,40,0,0,0,304,13,44,167,0,0,0,0,0,0,20,0,0,0,0,0,58,0,223,2,0,0,0,0,0,0,0,0,0,0,0,0,0,0,0,0,0,0,0,0,0,0,22,0,0,0,227,57,0,186,55,17,57,94,38,0,20,12,6,0,39,90,0,0,0,0,1,0,0,0,0,0,0,0,0,0,0,0,0,0,0,0,0,0,0,0,0,0,0,0,7,0,0,0,0,0,0,0,0,0,0,0,0,0,0,0,0,0,0,0,0,0,0,0,0,0,0,0,16,1,0,0,50,0,24,0,7,0,0,0,47,0,14,0,0,0,19,1,0,0,6,0,4,0,11,0,0,0,104,7,40,0,25,0,111,0,3,0,9,0,0,0,7,0,112,0,0,0,0,0,27,0,0,0,0,0,0,0,4,14,0,0,0,0,0,0,0,0,0,0,1,0,0,0,0,0,0,0,0,0,0,0,5,0,285,133,231,204,282,0,103,5,14,5,0,0,0,3,0
0,13,0,74,0,12,155,301,252,115,0,0,0,0,0,80,35,44,0,8,0,21,0,24,108,161,0,0,0,15,0,0,0,0,0,8,0,8,0,0,0,1,0,0,0,0,0,2,0,3,0,0,88,86,186,0,13,110,108,126,3,36,71,227,0,9,61,17,0,0,0,0,0,0,0,0,0,1,0,0,0,0,0,0,0,0,0,0,0,0,0,0,0,0,0,0,0,0,0,0,0,0,0,0,1,0,0,0,0,0,0,0,0,0,0,0,0,0,0,0,0,0,0,0,0,0,0,0,0,28,0,67,0,43,0,50,3,74,0,11,0,0,1,11,0,0,2,0,0,0,0,14,0,0,0,33,5,43,0,13,0,59,0,0,0,10,0,0,0,7,0,236,0,58,0,0,7,49,0,0,0,0,1,2,12,9,0,0,0,0,0,0,0,0,0,0,0,0,0,0,0,6,0,0,0,0,0,0,0,8,0,2,0,0,468,0,0,0,254,39,417,358,15,149,0
0,0,0,0,0,0,11,0,5,5,0,0,0,0,0,0,0,0,0,0,0,0,0,0,45,0,0,0,0,0,0,0,0,0,0,0,0,0,0,0,0,0,1,0,0,0,0,0,40,0,1,0,70,3,55,13,0,24,388,42,0,0,1,0,81,0,30,54,0,0,0,0,0,0,0,0,0,0,0,0,0,0,0,0,0,0,0,0,0,0,0,0,0,0,0,0,0,0,0,0,0,0,0,0,0,0,0,0,0,0,0,0,0,0,0,0,0,0,0,0,0,0,0,0,23,0,0,0,35,0,57,0,15,0,0,0,24,0,6,3,0,0,0,0,0,0,3,0,3,2,12,0,0,0,147,14,22,0,90,0,165,0,0,0,7,0,4,0,11,0,82,0,0,0,0,0,14,0,0,0,0,0,0,0,14,0,0,0,0,0,0,0,0,0,0,0,0,0,0,0,0,0,0,0,0,0,2,0,11,0,367,189,389,557,935,77,219,0,0,2,0,0,0,0,0
0,4,0,11,0,0,0,22,14,22,0,0,0,0,0,15,0,18,0,0,2,0,0,0,0,61,0,0,0,18,0,0,0,0,0,0,0,0,0,0,0,0,0,0,0,2,0,0,0,3,0,5,35,93,17,110,24,0,117,228,0,22,3,14,10,24,75,39,0,0,0,0,0,0,0,1,0,0,0,0,0,0,0,0,0,0,0,0,0,0,0,0,0,0,0,0,0,0,0,0,0,0,0,0,0,0,0,0,0,0,0,0,0,0,0,0,0,0,0,0,0,0,0,0,0,26,0,12,0,55,0,135,0,27,0,23,0,42,0,17,0,3,0,9,11,2,0,9,0,8,0,11,0,0,24,144,8,61,2,105,0,111,0,19,0,12,0,6,0,45,0,395,0,19,0,2,0,0,0,0,0,0,0,0,12,2,0,0,0,0,0,0,0,0,0,0,0,0,0,0,0,0,0,0,0,0,0,4,0,5,1,0,0,0,1191,0,0,0,394,125,762,603,90,40,2
8,0,10,0,0,0,23,0,66,22,0,0,0,0,0,0,0,0,0,0,0,0,0,0,12,0,0,0,0,0,0,0,0,0,0,0,3,0,3,0,0,0,0,0,4,0,0,0,21,0,0,0,56,37,57,108,388,117,0,228,16,0,5,0,236,33,457,192,0,0,0,0,0,0,0,0,0,0,0,0,0,0,0,0,0,0,0,0,0,0,0,0,0,0,0,0,0,0,0,0,0,0,0,0,0,0,0,1,0,0,0,0,0,0,0,0,0,0,0,0,0,0,0,0,16,0,2,0,3,0,48,0,0,0,0,0,0,0,0,0,0,0,0,0,2,4,10,0,17,0,0,0,0,0,51,48,69,5,4,62,94,17,0,0,6,0,2,0,0,0,40,0,11,0,0,0,113,0,0,0,0,0,0,0,199,20,0,0,0,0,0,0,0,0,0,0,0,0,0,0,0,0,0,0,0,0,0,0,0,0,443,340,174,439,876,0,138,0,0,5,0,0,0,0,0
0,7,0,7,0,0,17,18,47,67,0,0,0,0,0,0,0,0,0,0,0,1,0,0,0,8,0,0,0,0,0,0,0,0,0,0,0,0,0,0,0,0,0,0,0,3,0,0,0,0,0,0,100,32,94,126,42,228,228,0,0,26,10,13,21,235,105,326,0,0,0,1,0,1,0,0,0,0,0,0,0,0,0,0,0,0,0,0,0,0,0,0,0,0,0,0,0,0,0,0,0,0,0,0,0,0,0,0,0,0,0,0,0,0,0,0,0,0,0,0,0,0,0,0,0,15,0,0,0,5,0,90,0,12,0,3,0,0,0,6,0,1,0,0,0,17,0,0,0,0,0,10,1,0,45,109,12,149,0,38,0,103,0,2,0,0,0,0,0,9,0,90,0,0,0,15,2,0,0,0,0,0,0,0,28,63,0,0,0,0,0,0,0,0,0,0,0,0,0,0,0,0,0,0,0,0,0,0,0,3,0,0,0,0,1016,0,0,0,583,189,356,458,53,90,0
108,0,84,0,0,0,138,0,133,0,0,0,0,0,0,0,24,0,0,0,0,0,2,0,49,5,0,0,2,0,0,0,3,0,0,0,5,0,5,0,0,0,1,0,0,0,0,0,10,0,0,0,83,1,38,3,0,0,16,0,0,0,47,0,0,0,5,0,0,0,6,0,0,0,5,0,0,0,0,0,0,0,0,0,0,0,0,0,0,0,0,0,0,0,0,0,0,0,0,0,0,0,0,0,0,0,0,0,0,0,0,0,0,0,0,0,0,0,0,0,0,0,0,0,0,0,0,0,0,0,0,0,0,0,0,0,0,0,160,0,51,0,15,0,164,0,1,0,0,0,0,0,0,0,100,0,90,0,24,0,4,0,21,0,5,0,0,0,4,0,77,0,98,0,0,0,0,0,0,0,0,0,18,0,0,0,0,0,0,0,0,0,0,0,0,0,0,0,0,0,0,0,0,0,0,0,0,0,0,0,124,153,98,91,88,0,54,2,0,0,0,0,0,0,0
0,133,0,0,0,0,0,223,0,154,0,0,0,0,0,2,3,16,0,2,0,8,0,0,0,21,0,0,0,10,0,0,0,14,0,0,0,27,0,14,0,0,0,0,0,0,0,0,0,0,0,0,0,85,0,36,0,22,0,26,0,0,3,59,0,0,0,8,0,0,0,1,0,0,0,0,0,0,0,0,0,0,0,0,0,3,0,0,0,0,0,0,0,0,0,0,0,0,0,0,0,0,0,0,0,0,0,0,0,0,0,0,0,0,0,0,0,0,0,0,0,0,0,4,0,0,0,0,0,0,0,0,0,0,0,5,0,15,0,41,0,29,0,14,0,135,0,0,0,0,0,0,0,0,1,35,0,102,0,67,0,0,0,4,0,0,0,1,0,2,0,77,0,108,0,0,0,79,0,0,0,0,1,61,0,37,0,0,0,0,0,0,0,0,0,0,0,0,0,0,0,0,0,0,0,0,0,0,0,0,0,0,0,0,35,0,0,0,25,139,86,68,0,34,0
223,4,133,0,0,0,378,53,194,38,0,0,0,0,5,0,319,5,0,0,125,0,41,0,267,42,38,0,7,0,16,0,13,0,7,0,53,0,19,0,0,0,8,0,9,0,0,0,2,0,7,0,92,8,20,71,1,3,5,10,47,3,0,8,0,0,0,4,0,0,54,0,0,0,70,0,0,0,0,0,0,0,0,0,47,0,37,0,0,0,0,0,0,0,0,0,96,0,0,0,0,0,0,0,0,0,0,0,0,0,0,0,0,0,0,0,0,0,0,0,42,0,53,1,0,0,0,0,0,0,0,0,0,0,0,0,0,0,77,0,142,0,76,0,85,0,0,0,0,0,5,0,0,0,47,0,8,0,19,0,3,0,0,0,0,0,1,0,0,0,18,0,20,0,0,0,16,23,1,0,0,0,7,0,5,1,0,0,0,0,0,0,0,0,0,0,0,0,0,0,0,0,0,0,0,0,0,0,0,0,125,103,40,38,44,0,15,2,0,0,0,0,0,1,0
16,213,0,0,0,5,44,374,29,232,0,0,0,0,0,15,24,93,0,0,0,149,5,42,59,97,0,10,0,48,0,41,0,19,0,11,0,12,0,28,0,0,0,5,0,1,0,0,0,0,0,0,0,52,12,227,0,14,0,13,0,59,8,0,0,0,0,2,0,0,0,0,0,0,0,0,0,0,0,0,0,0,0,0,0,20,0,0,0,0,0,0,0,0,0,0,0,0,0,0,0,0,0,0,0,0,0,0,0,0,0,0,0,0,0,0,0,0,0,0,0,0,0,0,0,0,1,0,0,0,0,0,0,0,0,12,0,8,0,39,0,23,0,14,0,12,0,0,0,0,0,0,0,0,0,29,0,16,0,35,0,5,0,0,0,0,0,0,0,0,0,6,0,9,0,0,6,151,0,2,0,0,1,69,0,16,0,0,0,0,0,0,0,0,0,0,0,0,0,0,0,0,0,0,0,0,0,0,0,0,0,1,1,0,13,0,0,0,11,5,22,23,0,0,0
4,0,0,0,0,0,0,0,66,0,0,0,0,0,0,0,0,13,0,0,2,0,0,0,0,0,3,0,0,0,0,0,0,0,0,0,2,0,0,0,0,0,0,0,0,0,0,0,0,0,0,0,4,0,6,0,81,10,236,21,0,0,0,0,0,29,135,0,0,0,1,0,0,0,0,0,0,0,0,0,0,0,0,0,0,0,0,0,0,0,0,2,0,0,0,0,0,0,0,0,0,0,0,0,0,0,0,0,0,0,0,0,0,0,0,0,0,0,0,0,0,4,0,0,24,0,0,0,0,0,51,0,0,0,0,0,0,0,0,25,0,7,0,0,3,0,14,0,64,0,0,0,0,0,6,28,0,0,2,38,610,55,0,0,0,0,0,0,0,0,0,0,1,0,16,0,46,0,0,0,95,34,0,0,255,12,0,0,0,0,0,0,0,0,0,0,0,0,0,0,0,1,0,0,0,0,0,0,0,0,43,12,0,0,59,0,0,0,9,0,4,0,0,0,0
0,64,0,25,0,26,0,8,0,128,0,31,0,0,0,26,0,0,0,36,0,2,0,0,0,12,0,35,0,0,1,0,0,0,0,0,0,0,0,0,0,9,0,0,0,0,0,0,0,0,0,0,0,0,0,9,0,24,33,235,0,0,0,0,29,0,0,367,0,0,8,0,0,0,0,15,0,0,0,0,0,9,0,0,0,0,2,0,0,0,0,0,0,0,0,0,0,0,0,0,0,0,0,0,0,0,0,0,0,0,0,0,0,0,0,0,0,0,0,0,0,7,0,0,5,62,0,0,0,0,84,260,0,0,0,0,0,0,58,26,0,34,0,0,40,86,0,31,0,341,0,20,0,5,22,7,0,11,22,21,114,578,0,15,0,0,0,0,0,0,0,0,0,5,1,95,0,0,0,0,9,195,0,13,0,94,0,0,0,0,0,0,0,0,0,0,0,0,0,0,1,0,0,0,0,0,0,5,0,0,0,0,0,0,178,0,0,0,155,20,68,0,0,0,0
4,0,0,0,0,0,8,0,92,0,0,0,0,0,2,0,0,0,0,0,3,0,0,0,0,0,1,0,0,0,0,0,0,0,0,0,1,0,1,0,0,0,0,0,1,0,0,0,0,0,0,0,37,34,39,61,30,75,457,105,5,0,0,0,135,0,0,65,0,0,0,0,0,0,0,0,0,0,0,0,0,0,0,0,0,0,0,0,0,0,0,0,0,0,0,0,0,0,0,0,0,0,0,0,0,0,0,0,0,0,0,0,0,0,0,0,0,0,0,0,0,0,0,0,8,0,0,0,0,0,10,0,0,0,0,0,0,0,0,0,0,0,0,0,1,0,4,0,48,0,0,0,1,0,9,29,9,0,0,13,150,28,1,0,0,0,0,0,1,0,0,0,0,0,0,4,145,0,0,0,0,0,0,0,484,10,0,0,0,0,0,0,0,0,0,0,0,0,0,0,0,0,0,0,0,0,0,0,0,0,71,98,11,0,86,0,0,0,3,0,0,2,0,0,0
0,14,0,0,0,3,13,29,34,117,0,1,0,0,0,0,0,0,0,0,0,0,0,0,0,0,0,0,0,0,0,0,0,0,0,0,0,0,0,0,0,0,0,0,0,0,0,0,0,0,0,1,73,20,90,17,54,39,192,326,0,8,4,2,0,367,65,0,0,0,0,0,0,0,0,0,0,0,0,0,0,0,0,0,0,0,0,0,0,0,0,0,0,0,0,0,0,0,0,0,0,0,0,0,0,1,0,0,0,0,0,0,0,0,0,0,0,0,0,0,0,0,0,0,0,8,0,0,0,0,0,43,0,0,0,0,0,0,3,4,0,0,0,0,11,45,0,0,0,7,0,0,0,0,43,84,19,112,1,81,0,160,0,6,0,1,0,0,0,0,0,0,0,5,0,62,7,0,0,0,0,0,0,8,25,436,0,0,0,0,0,0,0,0,0,0,0,0,0,0,0,0,0,0,0,0,0,0,0,0,0,0,0,0,313,0,0,0,188,103,0,0,0,4,0
1,0,2,0,0,0,2,0,0,0,0,0,0,0,0,0,0,0,0,0,0,0,0,0,0,0,0,0,0,0,0,0,0,0,0,0,0,0,0,0,0,0,3,0,36,0,0,0,56,0,4,0,0,0,0,0,0,0,0,0,0,0,0,0,0,0,0,0,0,0,0,0,20,0,0,0,97,0,33,0,0,0,42,0,0,0,71,0,60,0,18,0,13,0,44,0,34,0,0,0,19,0,189,0,0,0,54,0,84,0,21,0,4,0,12,0,47,0,0,0,0,0,0,0,0,0,0,0,0,0,0,0,0,0,0,0,0,0,0,0,0,0,0,0,0,0,0,0,0,0,4,0,0,0,0,0,0,0,1,0,0,0,0,0,97,0,2,0,206,0,7,0,0,0,0,0,0,0,0,0,0,0,0,0,0,0,0,0,27,0,0,0,73,0,39,0,0,0,0,0,64,0,0,0,0,0,0,0,0,0,64,29,88,5,17,30,108,5,0,0,0,0,0,0,0
0,0,0,0,0,0,0,1,0,0,0,0,0,0,0,0,0,0,0,0,0,0,0,0,0,0,0,0,0,0,0,0,0,0,0,0,0,0,0,0,0,0,0,1,0,17,0,0,0,17,0,0,0,0,0,0,0,0,0,0,0,0,0,0,0,0,0,0,0,0,0,0,0,0,0,0,0,26,1,0,0,0,0,100,0,0,0,10,0,12,0,0,0,50,0,48,0,0,0,0,0,0,0,165,0,6,0,6,0,56,0,0,0,3,0,2,0,14,0,0,0,0,0,0,1,0,0,1,0,0,0,0,0,0,0,0,0,0,0,0,0,0,0,0,0,0,0,0,0,0,0,1,0,0,0,0,0,0,0,0,0,0,0,0,0,23,0,0,0,61,0,2,0,0,0,0,0,0,0,0,0,4,0,0,0,0,0,0,0,22,0,0,0,0,0,0,0,0,0,14,0,0,0,0,0,0,0,7,0,0,0,0,0,0,21,0,0,0,47,12,125,0,9,265,5
0,0,0,0,0,0,0,0,0,0,0,0,0,0,0,0,53,0,0,0,104,0,0,0,0,0,0,0,17,0,33,0,11,0,49,0,38,0,27,0,0,0,0,0,0,0,0,0,7,0,22,0,4,0,0,0,0,0,0,0,6,0,54,0,1,8,0,0,0,0,0,0,221,0,356,0,0,0,65,0,8,0,0,0,1,5,15,0,0,0,0,0,0,0,0,0,0,0,3,0,0,0,0,0,0,0,0,0,0,0,0,0,0,0,0,0,0,0,0,0,18,4,5,0,0,0,21,3,6,0,11,30,44,0,0,0,7,0,12,3,58,13,10,0,90,7,12,0,59,0,27,0,23,0,0,0,2,0,0,0,8,3,51,0,0,0,9,0,45,0,27,0,44,0,9,0,0,0,0,0,31,17,0,0,6,0,0,0,0,0,0,0,2,0,0,0,0,0,0,3,6,0,0,0,0,0,0,0,48,0,38,0,46,5,11,0,3,2,0,0,0,5,0,0,0
0,0,0,0,0,0,0,0,0,0,0,1,0,0,0,0,0,0,0,0,0,18,0,0,0,0,0,0,0,2,0,0,0,4,0,7,0,0,0,0,0,0,0,5,0,0,0,0,0,0,0,0,0,0,0,0,0,0,0,1,0,1,0,0,0,0,0,0,0,0,0,0,0,135,0,320,0,10,0,19,0,0,0,0,0,1,0,38,0,0,0,0,0,0,0,0,0,0,0,0,0,0,0,0,0,0,0,0,0,0,0,0,0,0,0,0,0,0,0,0,2,7,0,16,0,75,0,0,0,0,0,0,0,90,0,0,0,37,0,0,9,58,0,0,3,160,0,0,0,0,0,0,0,0,0,0,0,9,0,0,0,6,0,35,0,0,0,15,0,15,0,15,0,24,0,8,0,0,0,0,0,48,0,0,0,29,0,0,0,0,0,0,0,0,0,0,0,0,0,0,0,0,0,0,0,0,0,0,0,0,0,0,0,0,15,0,0,0,65,0,8,0,0,0,0
0,0,0,0,0,0,0,0,0,0,0,0,0,0,0,0,0,0,0,0,0,0,0,0,0,1,0,0,0,0,0,0,0,0,0,0,9,0,1,0,0,0,0,0,0,0,0,0,1,0,0,0,0,0,1,0,0,0,0,0,0,0,0,0,0,0,0,0,20,0,221,0,0,0,200,0,93,0,311,0,5,0,30,0,0,0,18,0,0,0,0,0,0,0,0,0,0,0,0,0,0,0,2,0,0,0,0,0,0,0,0,0,0,0,0,0,0,0,0,0,78,0,15,0,62,0,47,0,0,0,27,6,85,3,0,0,16,0,40,0,56,0,33,0,112,0,29,0,12,2,94,0,19,0,0,0,2,0,4,0,6,0,72,0,0,0,0,0,28,0,22,0,8,0,0,0,0,0,0,0,36,11,0,0,0,0,0,0,0,0,0,0,0,0,0,0,0,0,136,0,72,0,0,0,0,0,0,0,134,0,296,8,39,6,17,2,5,0,0,0,0,0,0,0,0
0,0,0,0,0,0,0,0,0,0,0,0,0,0,0,0,0,0,0,0,0,0,0,0,0,0,0,0,0,0,0,0,0,0,0,0,0,0,0,0,0,0,0,4,0,0,0,0,0,0,0,0,0,0,0,0,0,0,0,1,0,0,0,0,0,0,0,0,0,0,0,135,0,0,0,284,0,74,0,86,0,0,0,4,0,0,0,104,0,0,23,0,0,0,0,0,0,4,0,0,0,0,0,2,0,0,0,0,0,0,0,0,0,0,0,0,0,0,0,0,0,41,0,16,0,127,0,94,0,6,0,0,9,138,0,78,0,83,0,7,0,31,0,0,0,102,0,47,0,0,0,153,0,0,0,0,0,2,0,0,0,0,0,63,0,2,0,0,0,18,0,9,0,10,0,15,0,0,0,0,0,89,0,0,0,0,0,0,0,0,0,0,0,0,0,0,0,0,0,150,0,72,0,0,0,0,0,261,0,89,0,0,0,0,43,0,0,0,133,0,25,0,0,0,0
0,0,0,0,0,0,0,0,0,0,0,0,0,0,0,1,101,0,0,0,142,1,19,0,0,0,0,0,30,0,27,0,0,0,50,0,44,0,17,0,0,0,9,0,16,0,0,0,6,0,24,0,12,0,0,0,0,0,0,0,5,0,70,0,0,0,0,0,0,0,356,0,200,0,0,0,14,0,117,0,7,8,6,0,0,0,5,0,0,0,0,0,0,0,0,0,13,0,0,0,1,0,0,0,0,0,0,0,0,0,0,0,0,0,0,0,0,0,0,0,69,4,19,0,17,0,18,0,0,0,23,0,25,0,69,0,12,15,1,0,50,18,73,0,128,12,14,0,52,5,31,0,51,0,0,0,1,0,0,0,3,0,34,0,0,0,0,0,40,15,19,0,31,0,23,0,0,0,0,0,80,25,3,0,15,0,0,0,0,0,0,0,0,0,0,0,0,0,155,0,109,0,64,0,32,0,106,0,108,0,29,0,26,0,14,0,4,0,6,0,0,16,3,0,0
0,0,0,3,0,0,0,0,0,0,0,0,0,0,0,1,0,0,0,4,0,40,0,2,0,0,0,0,0,0,0,0,0,0,0,0,0,0,0,1,0,0,0,13,0,0,0,0,0,0,0,8,0,0,0,0,0,1,0,0,0,0,0,0,0,15,0,0,0,0,0,320,0,284,0,0,0,19,0,143,0,23,0,0,2,4,0,140,0,0,0,0,0,0,0,1,0,0,0,0,8,0,0,0,0,0,0,0,0,0,0,0,0,0,0,0,0,0,0,0,8,210,0,61,0,0,0,0,22,6,60,18,0,99,0,0,0,81,37,7,0,78,0,16,19,285,0,54,22,0,0,130,0,0,0,0,0,7,8,0,0,11,0,40,0,0,0,0,4,27,0,13,0,25,0,0,0,0,0,0,0,130,0,0,0,46,0,0,0,0,0,0,0,0,0,0,0,0,0,0,0,0,0,0,0,3,0,94,0,0,0,0,0,0,16,0,0,0,120,3,16,0,0,0,0
0,0,0,0,0,0,0,0,0,0,0,0,0,0,0,0,0,0,0,0,0,0,0,0,0,0,0,0,0,0,0,0,0,0,0,0,0,0,0,0,0,0,1,0,6,0,0,0,0,0,0,0,0,0,0,0,0,0,0,0,0,0,0,0,0,0,0,0,97,0,0,0,93,0,14,0,0,0,94,0,6,0,26,0,0,0,34,0,0,0,0,0,11,0,13,0,16,0,11,0,0,0,70,0,14,0,0,0,24,0,3,0,0,0,9,0,3,0,0,0,0,0,0,0,0,0,0,0,0,0,0,0,0,0,0,0,0,0,0,0,4,0,0,0,0,0,0,0,0,0,0,0,0,0,0,0,0,0,0,0,0,0,0,0,10,0,0,0,33,0,1,0,1,0,0,0,0,0,0,0,0,0,0,0,0,0,0,0,13,0,0,0,0,0,20,0,0,0,0,0,43,0,0,0,0,0,0,0,0,0,32,6,26,0,0,4,11,0,1,0,0,0,0,0,0
0,0,0,0,0,0,0,0,0,0,0,0,0,0,0,0,0,0,0,0,0,0,0,0,0,0,0,0,0,0,0,0,0,0,0,0,0,0,0,0,0,1,0,6,0,16,0,0,0,0,0,4,0,0,0,1,0,0,0,0,0,0,0,0,0,0,0,0,0,26,0,10,0,74,0,19,0,0,0,17,0,38,0,46,0,5,0,91,0,0,0,4,0,20,0,35,0,17,1,0,0,7,0,89,2,25,0,53,0,6,0,0,0,0,0,0,0,20,0,0,0,5,0,2,0,4,0,0,1,0,0,0,0,0,0,0,0,0,0,0,0,2,0,0,0,0,5,0,0,0,0,0,0,0,0,0,0,0,0,0,0,0,0,2,0,12,0,0,0,74,0,0,0,0,0,0,0,0,0,0,1,0,0,0,0,0,0,0,0,105,0,0,0,0,0,70,0,0,1,97,0,47,0,0,0,0,0,0,0,0,2,0,0,0,10,0,0,0,51,14,93,0,0,5,2
1,0,0,0,0,0,0,0,0,0,0,0,0,0,0,0,17,0,0,0,0,0,0,0,0,0,0,0,0,0,0,0,0,0,0,0,0,0,0,0,0,0,0,0,0,0,0,0,18,0,0,0,0,0,0,0,0,0,0,0,0,0,0,0,0,0,0,0,33,1,65,0,311,0,117,0,94,0,0,0,21,0,28,0,0,0,80,0,0,0,7,0,13,0,9,0,33,0,37,0,5,0,55,0,0,0,28,0,8,0,0,0,0,0,1,0,0,0,0,0,79,0,30,0,0,0,3,0,0,0,0,0,0,0,0,0,0,0,0,0,0,0,33,0,8,0,0,0,0,0,9,0,1,0,0,0,1,0,0,0,0,0,1,0,19,0,0,0,129,0,0,0,0,0,0,0,0,0,0,0,11,1,0,0,0,0,0,0,0,0,10,0,67,0,23,0,0,0,86,0,112,0,0,0,110,0,0,0,0,0,259,15,85,11,40,18,14,1,0,0,0,0,0,0,0
