0,225,112,128,114,0,28,68,77,4,60,28,80,0,15,23,6,63,54,0,0,0,38,116,21,127,41,0,76,4,0,0,15,0,0,0,43,0,427,1,17,0,1,0,19,0,23,0,0,0,0,0,20,0,8,6,8,0,0,0,81,4,40,8,11,0,21,0,0,0,0,0,2,0,0,0,0,0,0,0,4,0,0,0,0,0,0,0,0,0,0,0,0,0,0,0,0,0,0,0,0,0,0,0,0,0,0,0,0,0,0,0,0,0,0,0,0,0,0,0,0,0,0,0,9,0,0,0,0,0,21,0,0,0,7,0,0,0,0,0,0,0,0,0,0,0,0,0,27,0,8,0,7,0,5,0,0,0,0,0,13,0,0,0,0,0,9,0,11,0,13,0,302,5,0,0,352,88,9,7,0,1,58,0,94,0,0,0,0,0,0,0,0,0,0,0,0,0,0,0,4,0,0,0,0,0,0,0,5,0,487,90,157,128,202,0,0,2,3,0,0,0,0,0,0
225,0,215,157,0,62,206,45,119,33,0,132,0,53,0,57,89,35,0,61,2,0,136,12,333,4,0,94,0,26,0,0,0,12,0,0,0,67,0,83,0,28,0,0,0,4,0,36,0,3,0,2,4,11,49,7,0,0,0,5,0,288,7,144,0,28,0,13,0,0,0,0,0,0,0,0,0,0,0,0,0,0,0,0,0,0,0,2,0,0,0,0,0,0,0,0,0,0,0,0,0,0,0,0,0,0,0,0,0,0,0,0,0,0,0,0,0,0,0,0,0,0,0,0,0,11,0,5,0,0,0,12,0,2,0,39,0,39,0,0,0,2,0,0,0,0,0,0,0,29,0,18,0,12,0,0,0,11,0,0,0,3,0,0,0,6,0,19,0,5,0,25,0,146,0,0,55,572,0,6,1,0,26,1,0,77,0,1,0,0,0,0,0,0,0,0,0,0,0,2,0,9,0,0,0,0,0,0,0,0,3,0,0,0,277,0,0,0,460,133,169,125,0,0,0
112,215,0,124,283,122,117,32,16,0,38,111,69,0,125,92,31,65,180,9,0,0,598,167,215,94,68,0,213,0,12,0,202,2,0,0,51,1,478,0,6,0,0,0,8,0,16,0,0,0,2,0,6,0,64,0,0,0,11,0,55,0,40,7,7,0,0,0,0,0,12,0,0,0,0,0,0,0,0,0,0,1,0,0,0,0,0,0,0,0,0,0,0,0,0,0,0,0,0,0,0,0,0,0,0,0,0,0,0,0,0,0,0,0,0,0,0,0,0,0,0,0,0,0,18,0,12,0,0,0,22,0,15,0,69,0,36,0,0,0,0,0,0,0,0,0,9,0,18,0,42,0,6,0,0,0,0,0,0,0,10,0,0,0,0,0,24,0,19,0,23,0,217,1,0,0,146,114,0,19,0,0,0,0,0,0,0,0,0,0,0,0,0,0,0,0,2,0,20,0,32,0,0,0,0,0,0,0,35,0,374,54,184,132,195,0,0,0,0,0,2,0,0,0,0
128,157,124,0,0,76,0,38,11,0,0,32,0,30,0,150,49,6,0,133,0,30,116,61,92,20,0,130,0,64,0,4,0,67,0,0,0,130,0,144,0,18,0,0,0,9,0,36,0,0,0,2,0,0,0,152,0,43,0,0,0,92,0,51,0,0,0,0,0,0,0,0,0,0,0,0,0,0,0,0,0,0,0,0,0,0,0,0,0,0,0,0,0,0,0,0,0,0,0,0,0,0,0,0,0,0,0,0,0,0,0,0,0,0,0,0,0,0,0,0,0,0,0,0,0,0,0,2,0,0,0,11,0,8,0,108,0,282,0,27,0,12,0,0,0,0,0,0,0,4,0,4,0,0,0,0,0,0,0,0,0,0,0,0,0,0,0,31,0,13,0,12,0,119,0,0,21,67,0,1,0,0,10,1,0,0,0,0,0,0,0,0,0,0,0,0,0,2,0,0,0,0,0,0,0,0,0,0,0,0,0,0,0,0,202,0,0,0,308,62,253,99,0,0,0
114,0,283,0,0,242,49,0,8,0,190,108,202,94,100,184,0,0,110,262,40,73,91,45,6,0,102,0,38,0,91,0,295,0,175,0,225,8,84,1,33,0,0,0,11,0,51,0,0,0,27,0,7,0,0,0,0,0,0,0,0,0,0,0,7,0,1,0,0,0,0,0,1,0,0,0,0,0,0,0,0,0,0,0,0,0,0,0,0,0,0,0,0,0,0,0,0,0,0,0,0,0,0,0,0,0,0,0,0,0,0,0,0,0,0,0,0,0,0,0,0,0,0,0,0,0,0,0,0,0,0,0,0,0,0,0,14,0,0,0,0,0,0,0,0,0,0,0,0,0,0,0,0,0,0,0,0,0,0,0,0,0,0,0,19,0,163,0,39,0,8,0,50,2,0,0,172,98,22,0,0,0,0,0,33,0,6,9,0,0,0,0,0,0,0,0,0,0,0,0,0,0,0,0,0,0,0,0,9,0,442,261,435,123,146,0,0,0,0,0,0,0,0,0,0
0,62,122,76,242,0,0,16,0,0,96,233,64,143,295,222,21,0,67,110,83,55,236,32,0,0,0,153,0,22,5,74,0,134,0,119,0,249,0,42,0,34,0,0,0,6,0,45,0,0,0,40,0,1,0,0,0,0,0,0,0,0,0,0,0,7,0,1,0,0,0,0,0,0,1,0,0,0,0,0,0,0,0,0,0,0,0,0,0,0,0,0,0,0,0,0,0,0,0,0,0,0,0,0,0,0,0,0,0,0,0,0,0,0,0,0,0,0,0,0,0,0,0,0,0,0,0,0,0,0,0,0,0,0,0,21,0,0,0,0,0,0,0,0,0,0,0,0,0,0,0,0,0,0,0,0,0,0,0,0,0,0,0,0,0,21,0,202,0,24,0,11,0,59,0,0,71,309,25,8,0,10,0,0,0,16,7,3,0,0,0,0,0,0,0,0,0,0,0,0,0,0,0,0,0,0,0,0,0,0,0,8,0,0,220,0,0,0,363,127,383,171,1,0,0
28,206,117,0,49,0,0,131,26,87,10,0,15,0,45,0,5,23,52,0,0,0,44,8,211,173,22,0,5,0,0,0,0,0,0,0,4,0,0,0,0,0,4,0,17,0,0,0,6,0,1,0,65,7,140,50,26,0,18,3,244,9,373,24,15,0,39,0,0,0,0,0,0,0,0,0,0,0,0,0,0,0,0,0,0,0,0,0,0,0,0,0,0,0,0,0,0,0,0,0,0,0,0,0,0,0,0,0,0,0,0,0,0,0,0,0,0,0,0,0,0,0,0,0,26,0,24,0,2,0,45,0,15,0,19,0,5,0,4,0,0,0,25,0,0,0,7,0,4,0,44,0,0,0,0,0,0,0,0,0,41,0,0,0,0,0,0,0,13,0,92,0,255,0,0,0,62,50,0,1,0,0,0,0,3,0,0,0,0,0,0,0,0,0,0,0,2,0,0,0,0,0,0,0,0,0,1,0,13,0,499,37,284,318,468,0,48,2,0,0,0,0,0,0,0
68,45,32,38,0,16,131,0,179,67,0,46,0,0,0,7,5,9,0,9,0,0,0,2,132,31,0,24,0,0,0,0,0,0,0,0,0,0,0,0,0,0,0,0,0,6,0,0,0,2,0,0,16,0,72,206,0,9,0,2,0,366,10,362,0,12,0,1,0,0,0,0,0,4,0,0,0,0,0,0,0,0,0,0,0,0,0,0,0,0,0,0,0,0,0,0,0,0,0,0,0,0,0,0,0,0,0,0,0,0,0,0,0,0,0,0,0,0,0,0,0,0,0,0,0,11,0,16,0,21,0,67,0,0,0,48,0,60,3,7,0,0,0,0,0,0,0,0,0,9,0,9,2,0,0,2,0,13,0,0,0,10,0,0,0,0,0,0,0,5,0,47,0,151,0,0,18,59,0,0,0,0,18,0,0,0,0,0,0,0,0,0,0,0,0,0,0,0,0,0,0,7,0,0,0,0,0,0,1,12,0,0,0,0,472,0,0,0,431,74,210,240,0,6,0
77,119,16,11,8,0,26,179,0,426,0,0,8,0,6,0,4,6,14,0,0,0,6,0,14,173,11,0,0,0,1,0,0,0,0,0,3,0,21,0,0,0,0,0,0,0,0,0,8,0,0,0,375,54,109,270,29,0,12,21,258,13,362,36,22,0,92,96,0,0,1,0,0,0,0,0,0,0,0,0,4,1,0,0,0,0,0,0,0,0,0,0,0,0,0,0,0,0,0,0,0,0,0,0,0,0,0,0,0,0,0,0,0,0,0,0,0,0,0,0,0,0,0,0,12,0,10,0,0,0,21,0,7,0,12,0,4,0,0,0,0,0,6,0,0,0,0,0,26,0,28,0,2,0,19,0,34,0,2,0,22,0,0,0,1,0,0,0,16,0,242,0,217,0,0,0,260,134,2,0,0,0,14,12,63,4,0,0,0,0,0,0,0,0,0,0,0,0,2,0,0,0,0,0,0,0,0,0,5,0,649,153,227,214,586,17,43,6,0,0,0,0,0,0,0
4,33,0,0,0,0,87,67,426,0,0,25,0,0,0,7,0,1,0,14,0,0,0,0,40,4,0,7,0,0,0,0,0,0,0,1,0,0,0,0,0,0,0,1,0,0,0,11,0,3,0,2,55,231,269,169,0,55,56,24,0,276,0,161,0,138,120,48,0,0,0,0,0,0,0,0,0,1,0,0,0,0,0,0,0,0,0,0,0,0,0,0,0,1,0,0,0,0,0,0,0,3,0,0,0,0,0,13,0,0,0,0,0,0,0,0,0,0,0,0,0,0,0,1,0,51,0,33,0,0,0,60,0,0,0,83,0,42,0,0,0,0,0,2,0,0,0,7,0,70,0,68,0,9,0,17,0,180,0,1,0,22,0,0,0,10,0,0,0,10,0,141,0,123,0,0,46,221,0,2,0,0,0,2,14,18,0,0,0,0,0,0,0,0,0,3,0,6,0,0,0,15,0,0,0,0,0,5,0,61,0,0,0,0,436,0,0,0,440,90,139,203,0,13,0
60,0,38,0,190,96,10,0,0,0,0,58,266,0,29,125,12,0,33,33,17,12,26,45,0,0,55,0,14,0,32,2,167,2,36,0,100,0,49,0,28,0,0,0,22,0,43,0,3,0,13,0,5,0,0,0,4,0,0,0,0,0,0,0,0,0,0,0,0,0,0,0,0,0,0,0,0,0,0,0,0,0,0,0,0,0,0,0,0,0,0,0,0,0,0,0,0,0,0,0,0,0,0,0,0,0,0,0,0,0,0,0,0,0,0,0,0,0,0,0,0,0,0,0,0,0,0,0,0,0,0,0,0,0,0,0,0,0,0,0,0,0,0,0,0,0,1,0,0,0,0,0,12,0,0,0,2,0,0,0,0,0,0,0,5,0,54,0,10,0,0,0,18,0,0,0,104,57,30,0,9,0,26,0,30,0,15,0,0,0,0,0,0,0,0,0,0,0,0,0,0,0,0,0,0,0,0,0,0,0,258,176,159,0,77,0,0,0,0,0,0,0,0,0,0
28,132,111,32,108,233,0,46,0,25,58,0,20,166,120,30,29,25,0,31,46,39,179,53,8,0,0,121,0,22,0,28,0,55,0,28,0,85,0,27,0,77,0,13,0,14,0,79,0,5,1,35,0,3,0,0,0,0,0,0,0,7,0,0,0,3,0,2,0,0,0,0,0,0,0,0,0,0,0,0,0,0,0,0,0,0,0,0,0,0,0,0,0,0,0,0,0,2,0,0,0,0,0,0,0,0,0,0,0,0,0,0,0,0,0,0,0,0,0,0,0,0,0,0,0,0,0,2,0,0,0,0,0,0,0,0,0,5,0,0,0,0,0,0,0,0,0,0,0,24,0,78,0,70,0,2,0,0,0,0,0,0,0,0,0,7,0,58,0,10,0,0,0,18,0,0,40,324,0,14,0,69,4,38,0,161,0,1,0,0,0,0,0,0,0,0,0,0,0,0,0,0,0,0,0,0,0,2,0,0,0,0,8,0,134,0,0,0,271,162,166,67,0,0,0
80,0,69,0,202,64,15,0,8,0,266,20,0,207,11,55,0,0,107,342,31,57,0,0,0,0,64,280,0,0,12,0,25,0,124,7,83,6,0,0,135,26,58,0,25,0,132,20,5,0,92,0,0,0,1,0,0,0,0,0,0,0,0,0,0,0,0,0,0,0,0,0,0,0,0,0,0,0,0,0,0,0,0,0,0,0,0,0,0,0,0,0,0,0,0,0,0,0,0,0,0,0,0,0,0,0,0,0,0,0,0,0,0,0,0,0,0,0,0,0,0,0,0,0,0,0,0,0,0,0,0,0,0,0,0,0,0,0,0,0,0,0,0,0,0,0,0,0,0,0,0,0,0,0,0,0,0,0,0,0,0,0,0,0,7,0,9,0,0,0,1,0,0,0,0,0,243,61,17,1,14,0,12,0,0,0,281,10,0,0,0,0,0,0,0,0,0,0,0,0,0,0,0,0,0,0,0,0,0,0,0,93,98,25,8,0,0,0,0,0,0,0,0,0,0
0,53,0,30,94,143,0,0,0,0,0,166,207,0,76,2,0,0,203,38,165,18,0,0,0,0,113,53,0,0,0,8,0,4,0,117,0,48,0,0,29,137,29,130,0,57,0,65,0,8,26,237,0,0,0,0,0,0,0,0,0,0,0,0,0,0,0,0,0,0,0,0,0,0,0,0,0,0,0,0,0,0,0,0,0,0,0,0,0,0,0,0,0,0,0,0,0,0,0,0,0,0,0,0,0,0,0,0,0,0,0,0,0,0,0,0,0,0,0,0,0,0,0,0,0,0,0,0,0,0,0,0,0,0,0,0,0,0,0,0,0,0,0,0,0,0,0,0,0,3,0,0,0,0,0,0,0,0,0,0,0,0,0,0,0,24,0,0,0,0,0,0,0,0,0,0,35,338,13,6,0,20,0,9,0,27,59,10,0,0,0,0,0,0,0,0,0,0,0,0,0,0,0,0,0,0,0,0,0,0,0,0,0,0,0,0,0,0,0,55,122,0,0,0,0
15,0,125,0,100,295,45,0,6,0,29,120,11,76,0,245,43,0,69,300,49,81,180,5,49,0,26,21,0,0,57,10,75,0,86,39,150,12,0,0,0,0,2,0,0,0,1,0,0,0,10,0,12,0,0,0,0,0,0,0,0,0,6,0,2,0,0,0,0,0,0,0,0,0,0,0,0,0,0,0,0,0,0,0,0,0,4,0,0,0,0,0,0,0,0,0,40,0,0,0,0,0,0,0,0,0,0,0,0,0,0,0,0,0,0,0,0,0,0,0,0,0,0,0,0,0,0,0,0,0,4,0,0,0,74,0,119,0,0,0,0,0,124,0,0,0,0,0,0,0,29,0,0,0,0,0,0,0,0,0,4,0,0,0,7,0,85,0,14,0,0,0,21,0,0,0,69,59,28,0,0,0,0,0,29,0,1,5,0,0,0,0,0,0,0,0,0,0,0,0,54,0,0,0,0,0,0,0,27,0,94,130,108,37,31,0,2,0,0,0,0,0,0,0,0
23,57,92,150,184,222,0,7,0,7,125,30,55,2,245,0,34,16,16,262,70,114,246,135,9,45,0,122,0,11,0,27,14,36,2,26,10,59,0,21,0,0,0,3,0,0,0,7,0,0,0,0,0,0,0,73,0,33,0,0,0,0,0,6,0,0,0,0,0,0,0,0,0,0,0,0,0,0,0,0,0,45,0,0,0,0,0,0,0,0,0,0,0,0,0,0,0,0,0,65,0,0,0,0,0,0,0,0,0,0,0,0,0,0,0,0,0,0,0,0,0,0,0,0,0,0,0,0,0,0,0,5,0,14,0,113,0,235,0,0,0,0,0,155,0,0,0,0,0,0,0,0,1,0,0,1,0,0,0,0,0,0,0,0,0,0,0,54,0,16,0,0,0,16,0,0,28,64,33,26,0,0,0,1,0,15,2,0,0,0,0,0,0,0,0,0,0,0,0,0,0,0,0,0,0,0,0,0,0,0,17,10,26,0,81,0,0,0,184,121,105,50,0,0,0
6,89,31,49,0,21,5,5,4,0,12,29,0,0,43,34,0,27,107,0,256,0,130,65,121,24,83,0,252,0,28,0,83,0,45,0,17,0,418,0,0,0,0,0,14,0,0,0,12,0,6,0,76,0,13,0,2,0,0,0,69,0,486,0,0,0,0,0,0,0,46,0,6,0,21,0,0,0,12,0,196,0,0,0,423,0,81,0,0,0,58,0,0,0,0,0,337,0,340,0,0,0,0,0,0,0,0,0,0,0,0,0,0,0,0,0,0,0,0,0,120,0,38,0,0,0,5,0,0,0,0,0,10,0,0,0,108,1,61,0,53,0,312,0,19,0,0,0,0,0,0,0,0,0,19,0,0,0,8,0,1,0,15,0,0,0,2,0,0,0,9,0,135,0,0,0,0,8,31,7,6,0,68,0,0,0,0,0,0,0,0,0,0,0,0,0,0,0,0,0,18,0,0,0,0,0,0,0,0,0,87,19,107,72,47,0,2,0,0,0,0,0,0,0,0
63,35,65,6,0,0,23,9,6,1,0,25,0,0,0,16,27,0,0,19,0,126,46,171,58,194,0,44,0,34,0,3,0,13,0,9,0,18,0,66,0,0,0,4,0,12,0,7,0,0,0,1,0,41,5,69,0,16,0,0,0,54,1,266,0,0,0,1,0,0,0,0,0,0,0,0,0,0,0,0,0,100,0,0,0,210,0,0,0,0,0,0,0,0,0,19,0,0,0,150,0,114,0,0,0,0,0,0,0,0,0,0,0,0,0,0,0,2,0,0,0,41,0,23,0,0,0,0,0,7,0,0,0,13,0,42,0,263,0,136,0,70,0,489,0,2,0,0,0,0,0,0,0,0,0,29,0,0,0,36,0,0,0,0,0,0,0,4,0,0,0,0,0,15,0,0,0,25,0,72,0,0,4,24,0,0,0,0,0,0,0,0,0,0,0,0,0,0,0,0,0,0,0,0,0,0,0,0,0,2,1,0,0,0,13,0,0,0,9,3,30,0,0,0,0
54,0,180,0,110,67,52,0,14,0,33,0,107,203,69,16,107,0,0,273,64,60,224,0,71,0,63,174,9,0,13,0,0,0,85,0,70,0,0,0,12,0,4,8,5,0,26,8,0,0,103,22,22,0,26,0,0,0,0,0,0,0,36,0,5,0,1,0,6,0,0,0,0,0,0,0,0,0,0,0,0,0,0,0,179,0,0,0,0,0,0,0,0,0,0,0,178,0,0,0,0,0,0,0,0,0,0,0,0,0,0,0,0,0,0,0,0,0,0,0,0,0,0,0,0,0,0,0,0,0,0,0,0,0,0,0,268,0,0,0,18,0,208,0,0,0,0,0,0,0,0,0,0,0,0,0,0,0,2,0,0,0,0,0,43,0,43,0,46,0,0,0,14,0,0,0,74,37,4,0,0,0,0,0,53,0,50,8,0,0,0,0,0,0,0,0,0,0,0,0,93,0,0,0,0,0,9,0,0,0,100,222,199,65,27,0,0,0,0,0,0,0,0,0,0
0,61,9,133,262,110,0,9,0,14,33,31,342,38,300,262,0,19,273,0,224,78,0,210,1,38,96,113,0,8,0,58,0,0,57,329,0,94,0,2,13,7,22,18,0,17,0,53,0,0,34,116,0,7,0,26,0,0,0,0,0,0,0,0,0,13,0,0,0,0,0,0,0,0,0,0,0,0,0,0,0,42,0,0,0,59,0,0,0,0,0,0,0,0,0,0,0,0,0,0,0,0,0,0,0,0,0,0,0,0,0,0,0,0,0,0,0,0,0,0,0,0,0,0,0,0,0,0,0,0,0,6,0,0,0,105,0,177,0,0,0,0,0,0,0,0,0,0,0,20,0,0,0,0,0,0,0,0,0,0,0,0,0,0,0,17,0,23,0,15,0,0,0,3,0,0,46,89,33,5,0,0,0,0,0,48,32,18,0,0,0,0,0,0,0,5,0,0,0,0,0,35,0,0,0,0,0,0,0,0,0,0,0,0,56,0,0,0,73,123,105,52,0,0,0
0,2,0,0,40,83,0,0,0,0,17,46,31,165,49,70,256,0,64,224,0,48,152,3,51,0,25,82,30,0,79,0,131,0,54,0,49,8,16,0,0,0,4,0,2,0,1,4,4,0,12,0,25,0,5,0,0,0,0,0,2,0,150,0,0,0,0,0,0,0,70,0,0,0,68,0,0,0,0,0,148,0,0,0,213,0,66,0,0,0,0,0,0,0,0,0,230,0,358,0,0,0,0,0,0,0,0,0,0,0,0,0,0,0,0,0,0,0,0,0,151,0,0,0,0,0,0,0,0,0,0,0,0,0,0,0,70,0,38,0,57,0,152,0,94,0,0,0,0,0,0,0,0,0,3,0,0,0,6,0,0,0,0,0,25,0,165,0,36,0,7,0,48,0,0,0,23,22,26,0,0,2,1,0,0,0,15,0,0,0,0,0,0,0,0,0,0,0,0,0,0,0,0,0,0,0,0,0,0,0,110,147,252,63,37,0,2,0,2,0,0,0,0,0,0
0,0,0,30,73,55,0,0,0,0,12,39,57,18,81,114,0,126,60,78,48,0,13,277,0,34,10,106,0,75,0,32,0,92,12,130,0,120,0,29,0,0,4,31,0,17,0,11,0,1,4,68,0,9,0,14,0,0,0,0,0,5,0,59,0,0,0,0,0,0,0,0,0,0,0,15,0,0,0,0,0,121,0,0,0,141,0,0,0,0,0,0,0,0,0,0,0,0,0,167,0,76,0,0,0,0,0,0,0,0,0,0,0,0,0,0,0,0,0,0,0,127,0,56,0,0,0,0,0,0,0,0,0,6,0,31,0,113,0,119,0,108,0,448,0,45,0,0,0,0,0,0,0,0,0,5,0,7,0,0,0,2,0,0,0,33,0,111,0,23,0,7,0,14,0,0,10,59,9,40,0,0,0,0,0,0,7,3,0,0,0,1,0,0,0,0,0,0,0,0,0,0,0,0,0,0,0,0,0,0,0,0,0,0,74,0,0,0,137,219,227,108,0,0,0
38,136,598,116,91,236,44,0,6,0,26,179,0,0,180,246,130,46,224,0,152,13,0,256,115,25,29,0,56,3,15,0,48,0,13,0,18,2,90,0,0,0,2,0,0,0,0,0,2,0,2,0,9,0,31,0,0,0,5,0,6,1,22,0,3,0,0,0,0,0,0,0,0,0,0,0,0,0,0,0,0,0,0,0,0,0,0,0,0,0,0,0,0,0,0,0,0,0,0,0,0,0,0,0,0,0,0,0,0,0,0,0,0,0,0,0,0,0,0,0,0,0,0,0,0,0,0,0,0,0,0,0,0,0,104,0,201,3,0,0,3,1,155,0,0,0,0,0,10,0,20,0,0,1,3,0,0,0,0,3,0,0,0,0,0,0,7,0,0,0,4,0,76,0,0,0,34,71,46,20,6,0,14,0,0,0,0,0,0,0,0,0,0,0,0,0,0,0,0,0,0,0,0,0,0,0,0,0,0,0,108,44,42,28,36,0,0,0,0,0,0,0,0,0,0
116,12,167,61,45,32,8,2,0,0,45,53,0,0,5,135,65,171,0,210,3,277,256,0,28,157,0,106,0,81,0,15,0,44,0,9,0,77,0,106,0,0,0,0,0,13,0,9,0,0,0,3,0,15,0,61,0,9,0,0,0,32,0,92,0,0,0,0,0,0,0,0,0,0,0,0,0,0,0,0,0,123,0,0,0,168,0,0,0,0,0,0,0,0,0,31,0,0,0,160,0,90,0,0,0,0,0,0,0,0,0,0,0,0,0,0,0,0,0,0,0,0,0,0,0,0,0,0,0,0,0,3,0,7,0,62,0,198,0,41,0,23,0,306,0,2,0,0,0,0,0,0,0,0,0,0,0,0,0,0,0,0,0,0,0,0,2,73,0,24,0,6,0,59,0,0,24,73,0,103,0,0,0,4,0,0,0,0,0,0,0,0,0,0,0,0,0,0,0,0,0,0,0,0,0,0,0,0,0,0,4,0,1,0,64,0,0,0,138,77,146,46,0,0,0
21,333,215,92,6,0,211,132,14,40,0,8,0,0,49,9,121,58,71,1,51,0,115,28,0,175,11,0,34,6,0,0,0,0,4,0,0,0,144,0,0,0,0,0,0,0,0,0,0,0,0,0,63,0,163,24,30,0,13,0,117,5,279,29,0,0,0,0,0,0,0,0,0,0,0,0,0,0,0,0,20,0,0,0,175,0,0,0,0,0,0,0,0,0,0,0,0,0,0,0,0,0,0,0,9,0,23,0,0,0,0,0,0,0,0,0,0,0,0,0,17,0,35,0,0,0,17,0,126,0,0,0,42,0,156,0,479,0,25,4,18,0,391,0,0,0,1,0,0,0,32,0,0,0,41,0,0,0,10,0,39,0,0,0,0,0,0,0,10,0,16,0,210,0,4,0,10,40,0,4,0,0,149,4,0,0,0,0,0,0,0,0,0,0,0,0,0,0,0,0,74,0,0,0,0,0,0,0,43,0,209,31,151,130,143,0,0,0,0,0,0,0,0,0,0
127,4,94,20,0,0,173,31,173,4,0,0,0,0,0,45,24,194,0,38,0,34,25,157,175,0,0,0,0,37,0,0,0,7,0,2,0,29,1,94,0,0,0,0,0,4,0,0,0,0,0,0,9,23,53,244,0,76,0,5,4,249,16,367,0,0,0,0,0,0,0,0,0,0,0,0,0,0,0,0,0,22,0,0,0,68,0,0,0,0,0,0,0,0,0,0,0,0,0,71,0,29,0,0,0,0,2,0,0,0,0,0,0,0,0,0,0,0,0,0,0,0,0,0,0,0,0,0,0,40,0,0,0,0,0,82,0,282,0,80,0,20,0,284,0,0,0,0,0,0,0,0,0,0,0,4,0,2,0,17,0,2,0,0,0,0,0,2,0,3,0,21,0,152,0,0,12,25,0,2,0,0,19,51,0,0,0,0,0,0,0,0,0,0,0,0,0,0,0,0,0,0,0,0,0,0,0,0,0,0,6,0,0,0,241,0,0,0,231,41,193,126,0,2,0
41,0,68,0,102,0,22,0,11,0,55,0,64,113,26,0,83,0,63,96,25,10,29,0,11,0,0,252,15,0,15,0,0,0,12,0,76,2,3,0,4,94,52,31,27,0,8,96,13,0,69,28,33,0,7,0,0,0,0,0,8,0,53,0,0,0,0,0,0,0,20,0,0,0,36,0,2,0,0,0,0,0,0,0,116,0,0,0,0,0,0,0,0,0,0,0,142,0,0,0,0,0,0,0,0,0,0,0,0,0,0,0,0,0,0,0,0,0,0,0,0,0,0,0,0,0,0,0,0,0,0,0,0,0,0,0,104,0,0,0,46,0,114,0,47,0,0,0,17,0,0,0,0,0,0,0,0,0,0,0,0,0,0,0,72,1,18,0,40,0,13,0,24,0,0,0,15,27,12,0,0,0,17,0,40,0,115,0,0,0,0,0,0,0,0,0,0,0,0,0,43,0,0,0,0,0,0,0,0,0,20,222,299,27,10,0,0,6,0,0,0,0,0,0,0
0,94,0,130,0,153,0,24,0,7,0,121,280,53,21,122,0,44,174,113,82,106,0,106,0,0,252,0,0,11,0,0,0,0,36,155,0,29,0,0,157,23,48,95,63,82,156,82,1,18,43,300,0,0,0,0,0,0,0,0,0,0,0,34,0,0,0,0,0,0,0,0,0,0,0,0,0,0,0,0,0,0,0,0,0,0,0,0,0,0,0,0,0,0,0,22,0,0,0,0,0,0,0,0,0,0,0,0,0,0,0,0,0,0,0,0,0,0,0,0,0,0,0,0,0,0,0,0,0,0,0,0,1,0,0,73,0,115,0,15,0,21,0,0,0,0,0,0,0,0,0,0,0,0,0,0,0,0,0,0,0,0,0,0,0,84,0,7,0,50,0,0,0,4,0,0,15,129,0,5,0,0,0,8,0,31,60,39,0,0,0,0,0,0,0,0,0,0,0,0,0,0,0,0,0,0,0,0,0,15,0,0,0,0,32,0,0,0,51,413,509,62,0,0,9
76,0,213,0,38,0,5,0,0,0,14,0,0,0,0,0,252,0,9,0,30,0,56,0,34,0,15,0,0,0,52,0,1,0,46,0,13,0,8,0,0,0,40,0,0,0,0,0,0,0,7,0,3,0,0,0,0,0,0,0,1,0,30,0,0,0,0,0,0,0,11,0,0,0,14,0,0,0,0,0,36,0,0,0,41,0,18,0,0,0,0,0,0,0,0,0,0,0,0,0,0,0,0,0,0,0,0,0,0,0,0,0,0,0,0,0,0,0,0,0,51,0,0,0,0,0,0,0,0,0,0,0,0,0,0,0,5,0,21,0,33,0,12,0,13,0,0,0,1,0,1,0,0,0,0,0,0,0,0,0,0,0,3,0,0,0,0,0,0,0,0,0,0,0,0,0,0,0,5,0,0,0,18,0,0,0,0,0,0,0,0,0,0,0,0,0,0,0,0,0,0,0,0,0,0,0,0,0,0,0,0,0,4,1,0,0,0,0,0,0,0,0,0,0,0
4,26,0,64,0,22,0,0,0,0,0,22,0,0,0,11,0,34,0,8,0,75,3,81,6,37,0,11,0,0,0,3,0,49,0,24,0,9,0,15,0,0,0,11,0,6,0,0,0,0,0,48,0,56,0,28,0,20,0,0,0,18,0,84,0,0,0,0,0,0,0,0,0,0,0,7,0,0,0,0,0,0,0,0,0,69,0,0,0,0,0,0,0,0,0,0,0,0,0,30,0,0,0,0,0,0,0,0,0,0,0,0,0,0,0,0,0,0,0,0,0,0,0,37,0,0,0,0,0,0,0,0,0,0,0,15,0,118,0,354,0,127,0,440,0,0,0,0,0,0,0,0,0,0,0,42,0,0,0,31,0,5,0,0,0,0,0,0,0,0,0,0,0,1,0,0,0,4,0,18,0,0,0,15,0,0,0,0,0,0,0,0,0,0,0,0,0,0,0,0,0,0,0,0,0,0,0,0,0,0,0,0,0,0,0,0,0,0,2,0,3,0,0,0,0
0,0,12,0,91,5,0,0,1,0,32,0,12,0,57,0,28,0,13,0,79,0,15,0,0,0,15,0,52,0,0,0,2,0,17,0,17,0,32,0,0,0,20,0,2,0,0,0,0,0,3,0,3,0,3,0,0,0,0,0,10,0,72,0,0,0,0,0,0,0,0,0,0,0,7,0,0,0,2,0,13,0,0,0,16,0,0,0,0,0,0,0,0,0,0,0,0,0,0,0,0,0,0,0,0,0,0,0,0,0,0,0,0,0,0,0,0,0,0,0,0,0,0,0,0,0,0,0,0,0,0,0,2,0,5,0,11,0,33,0,47,0,0,0,23,0,0,0,0,0,0,0,0,0,0,0,0,0,0,0,0,0,0,0,0,0,5,0,0,0,0,0,4,0,0,0,11,0,29,0,0,0,0,0,0,0,0,0,0,0,0,0,0,0,0,0,0,0,0,0,0,0,0,0,0,0,0,0,0,0,0,8,5,0,1,0,0,0,0,0,0,0,0,0,0
0,0,0,4,0,74,0,0,0,0,2,28,0,8,10,27,0,3,0,58,0,32,0,15,0,0,0,0,0,3,0,0,0,12,0,28,0,8,0,6,0,0,0,6,0,5,0,0,0,0,0,24,0,0,0,1,0,0,0,0,0,3,0,4,0,0,0,0,0,0,0,0,0,0,0,0,0,0,0,0,0,0,0,0,0,0,0,0,0,0,0,0,0,0,0,0,0,0,0,0,0,0,0,0,0,0,0,0,0,0,0,0,0,0,0,0,0,0,0,0,0,0,0,0,0,0,0,0,0,0,0,0,0,0,0,0,0,0,0,22,0,14,0,0,0,0,0,0,0,0,0,0,0,0,0,0,0,4,0,4,0,0,0,0,0,0,0,0,0,0,0,0,0,0,0,0,0,5,0,21,0,0,0,0,0,0,0,0,0,0,0,0,0,0,0,0,0,0,0,0,0,0,0,0,0,0,0,0,0,0,0,0,0,0,0,0,0,0,0,0,2,0,0,0,0
15,0,202,0,295,0,0,0,0,0,167,0,25,0,75,14,83,0,0,0,131,0,48,0,0,0,0,0,1,0,2,0,0,0,14,0,105,0,5,0,0,0,8,0,0,0,0,0,0,0,2,0,0,0,3,0,0,0,0,0,10,0,10,0,0,0,0,0,0,0,0,0,0,0,0,0,0,0,0,0,9,0,0,0,0,0,0,0,0,0,0,0,0,0,0,0,0,0,0,0,0,0,0,0,0,0,0,0,0,0,0,0,0,0,0,0,0,0,0,0,0,0,0,0,0,0,0,0,0,0,0,0,1,0,0,0,0,0,3,0,0,0,10,0,6,0,0,0,0,0,0,0,0,0,0,0,6,0,0,0,0,0,0,0,1,0,1,0,0,0,0,0,9,0,0,0,29,8,116,0,0,0,21,0,0,0,0,0,0,0,0,0,0,0,0,0,0,0,0,0,0,0,0,0,0,0,0,0,0,0,0,0,0,0,0,0,0,0,0,0,0,0,0,0,0
0,12,2,67,0,134,0,0,0,0,2,55,0,4,0,36,0,13,0,0,0,92,0,44,0,7,0,0,0,49,0,12,0,0,0,37,0,87,0,2,0,0,0,3,0,0,0,0,0,0,0,9,0,0,0,0,0,0,0,0,0,2,0,3,0,0,0,0,0,0,0,0,0,0,0,0,0,0,0,0,0,0,0,0,0,0,0,0,0,0,0,0,0,0,0,0,0,0,0,0,0,0,0,0,0,0,0,0,0,0,0,0,0,0,0,0,0,0,0,0,0,0,0,0,0,0,0,0,0,0,0,0,0,0,0,0,0,0,0,17,0,5,0,11,0,0,0,0,0,0,0,0,0,0,0,0,0,7,0,0,0,0,0,0,0,0,0,33,0,0,0,1,0,0,0,0,1,13,1,51,0,0,0,0,0,0,0,0,0,0,0,0,0,0,0,0,0,0,0,0,0,0,0,0,0,0,0,0,0,0,0,0,0,0,0,0,0,0,0,0,2,0,0,0,0
0,0,0,0,175,0,0,0,0,0,36,0,124,0,86,2,45,0,85,57,54,12,13,0,4,0,12,36,46,0,17,0,14,0,0,0,17,0,0,0,3,0,4,0,2,0,0,0,1,0,23,0,0,0,8,0,0,0,0,0,0,0,0,0,0,0,0,0,0,0,0,0,0,0,0,0,0,0,0,0,0,0,0,0,0,0,11,0,0,0,0,0,0,0,0,0,0,0,0,0,0,0,0,0,0,0,0,0,0,0,0,0,0,0,0,0,0,0,0,0,0,0,0,0,0,0,0,0,0,0,0,0,0,0,0,0,0,0,0,0,0,0,0,0,13,0,0,0,0,0,0,0,0,0,0,0,0,0,0,0,0,0,0,0,0,0,18,0,20,0,3,0,9,0,0,0,26,5,74,0,0,0,6,0,0,0,12,0,0,0,0,0,0,0,0,0,0,0,0,0,0,0,0,0,0,0,0,0,0,0,13,18,64,21,5,0,0,0,0,0,0,0,0,0,0
0,0,0,0,0,119,0,0,0,1,0,28,7,117,39,26,0,9,0,329,0,130,0,9,0,2,0,155,0,24,0,28,0,37,0,0,0,137,0,12,0,2,0,7,0,18,2,0,0,0,0,45,0,0,0,2,0,0,0,0,0,1,0,7,0,0,0,0,0,0,0,0,0,0,0,0,0,0,0,0,0,15,0,0,0,0,0,0,0,0,0,0,0,0,0,0,0,0,0,0,0,0,0,0,0,0,0,0,0,0,0,0,0,0,0,0,0,0,0,0,0,23,0,0,0,0,0,0,0,0,0,0,0,0,0,0,0,0,0,0,0,20,0,70,0,0,0,0,0,0,0,0,0,0,0,0,0,4,0,0,0,0,0,0,0,2,0,15,0,0,0,0,0,0,0,0,2,84,0,27,0,0,0,0,0,0,0,54,0,0,0,0,0,0,0,0,0,0,0,0,0,0,0,0,0,0,0,0,0,0,0,0,0,0,0,0,0,0,0,24,31,0,0,0,0
43,0,51,0,225,0,4,0,3,0,100,0,83,0,150,10,17,0,70,0,49,0,18,0,0,0,76,0,13,0,17,0,105,0,17,0,0,0,37,0,0,0,22,0,10,0,0,0,0,0,6,0,3,0,0,0,0,0,0,0,16,0,21,0,0,0,0,0,0,0,32,0,3,0,27,0,0,0,0,0,49,0,0,0,0,0,0,0,0,0,0,0,0,0,0,0,0,0,91,0,0,0,0,0,0,0,0,0,0,0,0,0,0,0,0,0,0,0,0,0,45,0,0,0,0,0,0,0,0,0,1,0,0,0,0,0,0,0,43,0,56,0,17,0,89,0,0,0,0,0,0,0,0,0,0,0,11,0,9,0,0,0,13,0,17,0,12,0,16,0,8,0,30,0,0,0,21,6,70,0,0,0,22,0,0,0,0,0,0,0,0,0,0,0,0,0,0,0,0,0,0,0,0,0,0,0,0,0,0,0,4,11,29,0,3,0,0,0,0,0,0,0,0,0,0
0,67,1,130,8,249,0,0,0,0,0,85,6,48,12,59,0,18,0,94,8,120,2,77,0,29,2,29,0,9,0,8,0,87,0,137,0,0,0,4,0,1,0,25,0,3,0,0,0,0,0,37,0,4,0,0,0,0,0,0,0,21,0,8,0,0,0,0,0,0,0,0,0,0,0,11,0,0,0,0,0,0,0,0,0,0,0,0,0,0,0,0,0,0,0,0,0,0,0,0,0,0,0,0,0,0,0,0,0,0,0,0,0,0,0,0,0,0,0,0,0,0,0,20,0,1,0,0,0,0,0,0,0,0,0,0,0,0,0,195,0,94,0,164,0,65,0,0,0,4,0,0,0,0,0,3,0,59,0,11,0,0,0,0,0,2,0,15,0,9,0,7,0,23,0,0,3,61,0,55,0,0,0,0,0,0,0,44,0,0,0,0,0,0,0,0,0,0,0,0,0,0,0,0,0,2,0,0,0,0,0,0,0,0,0,0,0,0,1,14,15,4,0,0,0
427,0,478,0,84,0,0,0,21,0,49,0,0,0,0,0,418,0,0,0,16,0,90,0,144,1,3,0,8,0,32,0,5,0,0,0,37,0,0,0,0,0,11,0,1,0,0,0,0,0,0,0,7,0,2,0,0,0,0,0,10,0,17,0,0,0,0,0,0,0,0,0,1,0,7,0,0,0,0,0,15,0,0,0,0,0,0,0,0,0,0,0,0,0,0,0,0,0,0,0,0,0,0,0,0,0,0,0,0,0,0,0,0,0,0,0,0,0,0,0,17,0,0,0,0,0,0,0,0,0,0,0,1,0,0,0,8,0,26,0,35,0,0,0,27,0,0,0,0,0,0,0,0,0,0,0,14,0,5,0,1,0,0,0,0,0,8,0,0,0,1,0,20,0,0,0,31,0,3,0,0,0,108,0,0,0,0,0,0,0,0,0,0,0,0,0,0,0,0,0,0,0,0,0,0,0,0,0,0,0,0,52,11,0,0,0,0,0,0,0,0,0,0,0,0
1,83,0,144,1,42,0,0,0,0,0,27,0,0,0,21,0,66,0,2,0,29,0,106,0,94,0,0,0,15,0,6,0,2,0,12,0,4,0,0,0,0,0,5,0,0,0,0,0,0,0,9,0,10,0,7,0,9,0,2,0,0,0,10,0,0,0,0,0,0,0,0,0,0,0,0,0,0,0,0,0,0,0,0,0,0,0,0,0,0,0,0,0,0,0,0,0,0,0,0,0,0,0,0,0,0,0,0,0,0,0,0,0,0,0,0,0,0,0,0,0,0,0,0,0,0,0,0,0,0,0,0,0,0,0,0,0,0,0,73,0,39,0,0,0,19,0,0,0,0,0,0,0,0,0,17,0,17,0,33,0,0,0,0,0,0,0,0,0,0,0,0,0,8,0,0,0,20,0,48,0,0,0,34,0,0,0,0,0,0,0,0,0,0,0,0,0,0,0,0,0,4,0,0,0,0,0,0,0,0,0,0,0,0,0,0,0,0,0,6,0,0,0,0,0
17,0,6,0,33,0,0,0,0,0,28,0,135,29,0,0,0,0,12,13,0,0,0,0,0,0,4,157,0,0,0,0,0,0,3,0,0,0,0,0,0,117,24,10,17,59,70,177,43,0,2,0,0,0,0,0,0,0,0,0,0,0,0,0,1,0,0,0,0,0,0,0,0,0,0,0,0,0,0,0,0,0,0,0,0,0,0,0,0,0,0,0,0,0,0,0,0,0,0,0,0,0,0,0,0,0,0,0,0,0,0,0,0,0,0,0,0,0,0,0,0,0,0,0,0,0,0,0,0,0,0,0,0,0,0,0,0,0,0,0,0,0,0,0,0,0,0,0,0,0,0,0,0,0,0,0,0,0,0,0,0,0,0,0,0,0,0,0,0,0,0,0,0,0,0,0,6,34,15,0,0,0,0,0,0,0,211,0,0,0,0,0,0,0,0,0,0,0,0,0,0,0,0,0,0,0,0,0,0,0,0,31,0,0,1,0,0,17,0,1,0,0,0,0,0
0,28,0,18,0,34,0,0,0,0,0,77,26,137,0,0,0,0,0,7,0,0,0,0,0,0,94,23,0,0,0,0,0,0,0,2,0,1,0,0,117,0,7,17,64,11,149,260,26,64,2,8,0,0,0,0,0,0,0,0,0,0,0,0,0,0,0,0,0,0,0,0,0,0,0,0,0,0,0,0,0,0,0,0,0,0,0,0,0,0,0,0,0,0,0,0,0,0,0,0,0,0,0,0,0,0,0,0,0,0,0,0,0,0,0,0,0,0,0,0,0,0,0,0,0,0,0,0,0,0,0,0,0,0,0,0,0,0,0,0,0,0,0,0,0,0,0,0,0,0,0,0,0,0,0,0,0,0,0,0,0,0,0,0,0,0,0,0,0,0,0,0,0,0,0,0,0,126,0,13,0,29,0,0,0,31,68,6,0,0,0,0,0,0,0,0,0,0,0,0,0,0,0,0,0,0,0,0,0,0,0,16,0,0,0,0,0,1,0,14,0,0,0,0,5
1,0,0,0,0,0,4,0,0,0,0,0,58,29,2,0,0,0,4,22,4,4,2,0,0,0,52,48,40,0,20,0,8,0,4,0,22,0,11,0,24,7,0,0,79,0,18,7,14,0,2,0,4,0,0,0,0,0,0,0,6,0,16,0,0,0,1,0,0,0,15,0,0,0,14,0,0,0,0,0,0,0,0,0,0,0,0,0,0,0,0,0,0,0,0,0,0,0,45,0,2,0,0,0,0,0,0,0,0,0,0,0,0,0,0,0,0,0,0,0,24,0,0,0,0,0,0,0,0,0,0,0,0,0,0,0,0,0,0,0,30,0,0,0,30,0,0,0,0,0,0,0,3,0,0,0,0,0,0,0,0,0,0,0,10,0,12,0,6,0,1,0,20,0,0,0,6,0,23,0,0,0,5,0,4,0,89,0,0,0,0,0,0,0,0,0,0,0,0,0,0,0,0,0,0,0,0,0,0,0,14,11,41,10,5,0,0,1,0,0,0,0,0,0,0
0,0,0,0,0,0,0,0,0,1,0,13,0,130,0,3,0,4,8,18,0,31,0,0,0,0,31,95,0,11,0,6,0,3,0,7,0,25,0,5,10,17,0,0,4,52,8,17,0,14,3,44,0,0,0,0,0,0,0,1,0,0,0,0,0,0,0,0,0,0,0,0,0,0,0,0,0,0,0,0,0,50,0,0,0,0,0,18,0,0,0,0,0,0,0,0,0,0,0,0,0,0,0,0,0,0,0,0,0,0,0,0,0,0,0,0,0,0,0,0,0,60,0,12,0,0,0,0,0,0,0,0,0,0,0,0,0,0,0,0,0,28,0,81,0,47,0,0,0,0,0,0,0,0,0,1,0,3,0,0,0,0,0,0,0,16,0,9,0,12,0,0,0,10,0,0,0,87,0,0,0,0,0,0,0,0,6,19,0,7,0,0,0,0,0,1,0,0,0,0,0,0,0,0,0,0,0,0,0,0,0,0,0,0,0,0,0,0,0,15,40,0,0,1,0
19,0,8,0,11,0,17,0,0,0,22,0,25,0,0,0,14,0,5,0,2,0,0,0,0,0,27,63,0,0,2,0,0,0,2,0,10,0,1,0,17,64,79,4,0,23,57,83,162,0,17,0,9,0,4,0,0,0,4,0,0,0,18,0,0,0,0,0,4,0,0,0,0,0,0,0,0,0,13,0,28,0,14,0,65,0,0,0,0,0,0,0,8,0,27,0,0,0,61,0,0,0,9,0,40,0,30,0,0,0,0,0,0,0,0,0,0,0,0,0,0,0,0,0,0,0,0,0,1,0,2,0,0,0,0,0,12,0,5,0,8,0,21,0,14,0,1,0,5,0,0,0,2,0,0,0,2,0,0,0,3,0,6,0,138,0,25,0,70,0,8,0,29,0,0,0,5,8,9,0,4,0,4,0,0,0,36,0,0,0,0,0,0,0,19,0,0,0,0,0,0,0,0,0,0,0,0,0,0,0,13,133,291,11,7,0,0,120,0,0,0,0,0,0,0
0,4,0,9,0,6,0,6,0,0,0,14,0,57,0,0,0,12,0,17,0,17,0,13,0,4,0,82,0,6,0,5,0,0,0,18,0,3,0,0,59,11,0,52,23,0,88,105,21,205,0,56,0,0,0,13,0,0,0,0,0,0,0,20,0,1,0,4,0,4,0,6,0,7,1,0,0,16,0,0,0,72,0,33,0,0,0,57,0,0,0,0,0,5,0,11,0,0,0,45,0,25,0,18,0,0,0,0,0,0,0,0,0,0,0,0,0,0,0,0,0,30,0,14,0,5,0,0,0,0,0,0,0,0,0,0,0,0,0,0,0,0,0,0,0,0,0,0,3,0,0,0,0,0,0,0,0,0,0,1,0,7,0,6,0,121,0,12,0,133,0,15,0,34,0,0,0,33,0,3,0,0,0,0,0,0,41,6,0,0,0,7,0,0,0,24,0,0,0,0,0,0,0,0,0,0,0,0,1,0,0,7,0,0,18,0,0,0,34,118,322,17,0,0,80
23,0,16,0,51,0,0,0,0,0,43,0,132,0,1,0,0,0,26,0,1,0,0,0,0,0,8,156,0,0,0,0,0,0,0,2,0,0,0,0,70,149,18,8,57,88,0,262,120,0,4,0,0,0,1,0,0,0,0,0,0,0,0,0,2,0,0,0,0,0,0,0,0,0,0,0,0,0,0,0,0,0,0,0,0,0,1,0,0,0,0,0,0,0,0,0,0,0,0,0,0,0,0,0,0,0,0,0,0,0,0,0,0,0,0,0,0,0,0,0,0,0,0,0,0,0,0,0,0,0,0,0,0,0,0,0,0,0,0,0,0,0,0,0,0,0,0,0,0,0,0,0,0,0,0,0,0,0,0,0,1,0,0,0,0,0,0,0,0,0,0,0,1,0,0,0,5,40,23,0,0,0,0,0,0,0,152,0,0,0,0,0,0,0,0,0,0,0,0,0,0,0,0,0,0,0,0,0,0,0,0,160,52,2,0,0,0,101,0,2,0,0,0,0,0
0,36,0,36,0,45,0,0,0,11,0,79,20,65,0,7,0,7,8,53,4,11,0,9,0,0,96,82,0,0,0,0,0,0,0,0,0,0,0,0,177,260,7,17,83,105,262,0,26,132,0,0,0,0,0,0,0,0,0,0,0,0,0,9,0,0,0,0,0,0,0,0,0,0,0,0,0,0,0,0,0,27,0,0,0,0,0,5,0,0,0,0,0,0,0,0,0,0,0,30,0,0,0,0,0,0,0,0,0,0,0,0,0,0,0,0,0,0,0,0,0,0,0,0,0,0,0,3,0,0,0,0,0,0,0,0,0,0,0,0,0,0,0,0,0,0,0,0,0,0,0,0,0,14,0,0,0,5,0,0,0,0,0,0,0,18,0,0,0,5,0,0,0,0,0,0,0,133,0,11,0,17,0,13,0,57,92,5,0,0,0,0,0,0,0,0,0,0,0,0,0,6,0,0,0,0,0,0,0,0,0,9,0,0,0,0,0,3,0,161,37,8,0,0,49
0,0,0,0,0,0,6,0,8,0,3,0,5,0,0,0,12,0,0,0,4,0,2,0,0,0,13,1,0,0,0,0,0,0,1,0,0,0,0,0,43,26,14,0,162,21,120,26,0,7,3,0,1,0,0,0,29,0,12,0,0,0,0,0,0,0,3,0,9,0,1,0,0,0,0,0,0,0,6,0,0,0,14,0,12,0,12,0,2,0,5,0,8,0,6,0,0,0,0,0,2,0,19,0,44,0,42,0,0,0,0,0,0,0,0,0,0,0,0,0,0,0,0,0,0,0,3,2,0,0,0,0,0,0,0,0,0,0,0,0,1,0,11,0,2,0,0,0,9,1,6,0,3,1,9,0,2,0,0,0,21,0,1,0,1,0,3,0,18,0,3,0,13,0,8,0,10,14,6,0,7,0,2,0,0,0,154,0,28,0,13,0,11,0,19,0,0,0,17,0,31,0,25,0,26,0,0,0,0,0,71,69,137,9,121,1,4,9,0,4,5,1,0,0,0
0,3,0,0,0,0,0,2,0,3,0,5,0,8,0,0,0,0,0,0,0,1,0,0,0,0,0,18,0,0,0,0,0,0,0,0,0,0,0,0,0,64,0,14,0,205,0,132,7,0,0,8,0,0,0,0,0,5,0,6,0,0,0,0,0,0,0,0,0,1,0,0,0,0,0,0,0,5,0,0,0,10,0,13,0,0,0,12,0,0,0,0,0,1,0,10,0,0,0,0,0,0,0,4,0,0,0,1,0,0,0,0,0,0,0,0,0,0,0,0,0,0,0,2,0,0,0,0,0,0,0,2,0,0,0,0,0,2,0,3,0,0,0,0,0,0,0,0,0,1,0,0,0,2,0,0,0,0,0,0,0,2,0,1,0,12,0,1,0,16,0,2,0,6,0,0,0,82,0,0,2,1,0,0,0,0,5,11,0,5,0,0,0,3,0,0,0,0,0,0,0,2,0,2,0,5,0,0,0,2,0,0,0,0,5,0,0,0,19,4,17,2,0,0,1
0,0,2,0,27,0,1,0,0,0,13,1,92,26,10,0,6,0,103,34,12,4,2,0,0,0,69,43,7,0,3,0,2,0,23,0,6,0,0,0,2,2,2,3,17,0,4,0,3,0,0,0,4,0,0,0,0,0,1,0,0,0,6,0,0,0,0,0,0,0,3,0,0,0,5,0,1,0,12,0,0,0,0,0,9,0,0,0,0,0,0,0,0,0,0,0,11,0,0,0,0,0,3,0,0,0,0,0,0,0,0,0,0,0,0,0,0,0,0,0,0,0,0,0,0,0,1,3,0,0,0,0,0,0,0,0,0,0,2,0,0,0,0,0,4,0,0,0,2,0,0,0,0,0,0,0,0,0,0,0,0,0,1,0,22,0,11,0,69,0,3,0,18,0,0,0,0,3,16,0,4,1,9,0,7,0,59,0,6,0,0,0,0,0,0,0,0,0,0,0,0,0,0,0,0,0,0,0,0,0,7,15,42,7,3,0,0,0,0,0,4,0,0,0,0
0,2,0,2,0,40,0,0,0,2,0,35,0,237,0,0,0,1,22,116,0,68,0,3,0,0,28,300,0,48,0,24,0,9,0,45,0,37,0,9,0,8,0,44,0,56,0,0,0,8,0,0,0,0,0,0,0,0,0,2,0,4,0,9,0,0,0,1,0,0,0,7,0,0,0,0,0,0,0,0,0,62,0,0,0,0,0,27,0,0,0,0,0,0,0,0,0,0,0,40,0,16,0,0,0,0,0,0,0,0,0,0,0,0,0,0,0,0,0,0,0,89,0,0,1,0,0,0,0,0,0,0,0,0,0,0,0,0,0,0,0,40,0,118,0,44,0,0,0,0,0,0,0,0,0,1,0,0,0,0,0,0,0,1,0,8,0,22,0,61,0,15,0,23,0,0,6,139,0,6,0,0,0,0,0,0,0,81,0,0,0,5,0,0,0,11,0,0,0,0,0,0,0,0,0,0,0,0,0,0,0,0,0,0,11,0,0,0,23,16,25,3,1,0,0
20,4,6,0,7,0,65,16,375,55,5,0,0,0,12,0,76,0,22,0,25,0,9,0,63,9,33,0,3,0,3,0,0,0,0,0,3,0,7,0,0,0,4,0,9,0,0,0,1,0,4,0,0,5,142,32,111,0,69,7,31,0,126,6,0,1,14,22,0,0,0,0,0,0,6,0,0,0,0,0,19,0,0,0,71,0,5,0,0,0,0,0,0,0,0,0,34,0,32,0,4,0,0,0,0,0,0,0,0,0,0,0,0,0,0,0,0,0,0,0,11,0,14,0,2,0,5,0,66,0,0,0,22,0,4,0,101,0,199,0,74,0,101,0,48,0,0,0,0,0,8,0,0,0,148,0,140,0,82,0,20,0,3,0,0,0,0,0,3,0,97,0,13,0,0,0,0,0,0,0,0,0,73,0,14,0,0,0,0,0,0,0,0,0,0,0,0,0,3,0,7,0,0,0,0,0,0,0,2,0,41,17,73,90,83,7,34,2,0,0,1,0,0,0,0
0,11,0,0,0,1,7,0,54,231,0,3,0,0,0,0,0,41,0,7,0,9,0,15,0,23,0,0,0,56,0,0,0,0,0,0,0,4,0,10,0,0,0,0,0,0,0,0,0,0,0,0,5,0,23,144,9,51,27,43,0,37,0,56,2,0,27,55,0,1,0,0,0,0,0,0,0,0,0,0,0,4,0,1,0,19,0,0,0,0,0,0,0,0,0,0,0,1,0,0,0,0,0,0,0,0,0,0,0,0,0,0,0,0,0,0,0,0,0,0,0,0,0,0,0,0,0,0,0,5,0,0,0,6,0,7,0,122,0,145,0,31,0,94,0,16,0,0,0,0,0,0,0,0,0,89,0,85,0,91,0,5,0,0,0,0,0,0,0,0,0,8,0,5,0,0,0,24,0,0,0,0,0,41,5,31,0,0,0,0,0,0,0,0,0,0,0,0,0,0,0,0,0,0,0,0,0,0,0,0,0,0,0,0,40,0,0,0,37,35,14,35,0,0,0
8,49,64,0,0,0,140,72,109,269,0,0,1,0,0,0,13,5,26,0,5,0,31,0,163,53,7,0,0,0,3,0,3,0,8,0,0,0,2,0,0,0,0,0,4,0,1,0,0,0,0,0,142,23,0,145,60,10,48,3,37,8,41,23,0,2,0,39,0,0,0,0,0,0,0,0,0,0,0,0,4,0,0,0,16,0,0,0,0,0,0,0,0,0,0,0,16,0,0,0,0,0,0,0,0,0,0,0,0,0,0,0,0,0,0,0,0,0,0,0,0,0,0,0,21,0,19,0,55,0,0,0,28,0,28,0,90,0,16,0,10,0,56,0,1,2,1,0,1,0,21,0,0,0,32,0,25,0,12,0,33,0,2,0,0,0,0,0,0,0,121,5,35,0,0,0,2,8,0,0,0,0,26,8,0,0,0,0,0,0,0,0,0,0,0,0,0,0,0,0,0,0,0,0,0,0,1,0,25,0,166,36,151,233,297,13,107,0,0,0,2,0,0,0,0
6,7,0,152,0,0,50,206,270,169,0,0,0,0,0,73,0,69,0,26,0,14,0,61,24,244,0,0,0,28,0,1,0,0,0,2,0,0,0,7,0,0,0,0,0,13,0,0,0,0,0,0,32,144,145,0,21,92,108,23,0,80,0,161,0,6,174,22,0,3,0,0,0,0,0,0,0,0,0,0,0,0,0,0,0,0,0,0,0,0,0,0,0,0,0,0,0,0,0,0,0,0,0,0,0,0,0,0,0,0,0,0,0,1,0,0,0,0,0,0,0,0,0,0,0,10,0,17,0,85,0,84,0,29,0,56,0,205,0,87,0,10,0,70,0,0,0,0,0,0,0,0,0,0,3,23,0,46,0,23,0,2,0,0,0,13,0,0,0,7,0,122,0,48,0,0,6,3,0,0,0,0,2,37,10,27,0,0,0,1,0,0,0,0,0,1,0,0,0,4,0,0,0,0,0,0,0,0,0,20,0,0,0,0,332,0,0,0,139,18,179,254,5,12,0
8,0,0,0,0,0,26,0,29,0,4,0,0,0,0,0,2,0,0,0,0,0,0,0,30,0,0,0,0,0,0,0,0,0,0,0,0,0,0,0,0,0,0,0,0,0,0,0,29,0,0,0,111,9,60,21,0,24,138,87,30,0,15,0,3,41,24,139,5,0,0,0,0,0,0,0,0,0,0,0,0,0,4,0,0,0,3,0,0,0,0,0,0,0,0,0,0,0,0,0,0,0,0,0,0,0,0,0,0,0,0,0,0,0,0,0,0,0,0,0,0,0,0,0,3,0,11,0,130,0,16,0,47,0,22,0,62,0,5,0,0,0,19,0,6,0,0,0,0,0,15,0,0,0,190,54,338,0,106,42,113,26,21,0,0,0,3,0,32,0,359,0,17,0,0,0,0,0,0,0,0,0,0,0,19,0,0,0,0,0,0,0,0,0,0,0,0,0,0,0,0,0,0,0,0,0,3,0,11,0,561,155,531,497,912,142,259,17,0,0,0,0,0,0,1
0,0,0,43,0,0,0,9,0,55,0,0,0,0,0,33,0,16,0,0,0,0,0,9,0,76,0,0,0,20,0,0,0,0,0,0,0,0,0,9,0,0,0,0,0,0,0,0,0,5,0,0,0,51,10,92,24,0,58,212,0,0,0,17,0,5,97,76,0,0,0,0,0,0,0,0,0,0,0,0,0,0,0,0,0,0,0,0,0,0,0,0,0,0,0,0,0,0,0,0,0,0,0,0,0,0,0,0,0,0,0,0,0,7,0,0,0,0,0,0,0,0,0,0,0,22,0,14,0,166,0,77,0,17,0,37,0,111,0,46,0,8,0,27,0,7,0,0,0,5,0,0,0,0,24,72,6,84,9,92,0,45,0,0,0,11,0,4,0,40,0,378,0,23,0,0,0,0,0,0,0,0,0,0,13,14,0,0,0,0,0,0,0,0,0,0,0,0,0,0,0,0,0,0,0,0,0,0,0,7,0,0,2,0,838,0,0,0,392,109,432,571,42,14,0
0,0,11,0,0,0,18,0,12,56,0,0,0,0,0,0,0,0,0,0,0,0,5,0,13,0,0,0,0,0,0,0,0,0,0,0,0,0,0,0,0,0,0,0,4,0,0,0,12,0,1,0,69,27,48,108,138,58,0,175,42,0,0,0,54,14,94,310,0,0,0,0,0,0,0,0,0,0,2,0,0,0,0,0,0,0,0,0,0,0,0,0,0,0,0,0,0,0,0,0,0,0,0,0,1,0,0,0,0,0,0,0,0,0,0,0,0,0,0,0,0,0,0,0,2,0,4,0,0,0,22,0,4,0,0,0,0,0,0,0,0,0,0,0,2,0,1,0,0,0,4,0,1,0,113,25,249,5,7,7,48,0,13,0,0,0,0,0,8,0,180,0,24,0,0,0,13,0,0,0,0,0,0,0,61,10,0,0,0,0,0,0,0,0,0,0,0,0,0,0,0,0,0,0,0,0,0,0,2,0,576,239,270,332,716,87,170,9,0,0,0,0,0,0,0
0,5,0,0,0,0,3,2,21,24,0,0,0,0,0,0,0,0,0,0,0,0,0,0,0,5,0,0,0,0,0,0,0,0,0,0,0,0,0,2,0,0,0,1,0,0,0,0,0,6,0,2,7,43,3,23,87,212,175,0,0,0,0,6,16,49,255,112,0,0,0,0,0,0,0,0,0,2,0,0,0,0,0,0,0,0,0,0,0,0,0,0,0,0,0,0,0,0,0,0,0,0,0,0,0,0,0,0,0,0,0,0,0,2,0,0,0,0,0,0,0,0,0,0,0,16,0,15,0,13,0,45,0,14,0,50,0,36,0,0,0,0,0,0,0,16,0,4,0,3,0,8,0,0,109,134,19,273,38,40,15,33,0,0,0,12,0,0,0,35,0,155,0,20,0,0,1,0,0,0,2,0,1,0,64,48,0,0,0,0,0,0,0,0,0,0,0,0,0,0,0,0,0,0,0,0,0,3,0,7,0,0,0,0,1258,0,0,0,838,264,377,572,38,18,0
81,0,55,0,0,0,244,0,258,0,0,0,0,0,0,0,69,0,0,0,2,0,6,0,117,4,8,0,1,0,10,0,10,0,0,0,16,0,10,0,0,0,6,0,0,0,0,0,0,0,0,0,31,0,37,0,30,0,42,0,0,0,38,0,0,0,14,0,0,0,3,0,0,0,4,0,0,0,0,0,6,0,0,0,0,0,0,0,0,0,0,0,0,0,0,0,0,0,0,0,0,0,0,0,0,0,0,0,0,0,0,0,0,0,0,0,0,0,0,0,6,0,0,0,0,0,0,0,0,0,0,0,0,0,0,0,10,0,194,0,102,0,6,0,206,0,0,0,0,0,0,0,0,0,5,0,107,0,10,0,1,0,0,0,0,0,0,0,0,0,29,0,63,0,0,0,61,5,0,0,0,0,34,0,1,0,0,0,0,0,0,0,0,0,0,0,0,0,0,0,0,0,0,0,0,0,0,0,0,0,4,1,11,7,0,1,6,0,0,0,0,0,0,0,0
4,288,0,92,0,0,9,366,13,276,0,7,0,0,0,0,0,54,0,0,0,5,1,32,5,249,0,0,0,18,0,3,0,2,0,1,0,21,0,0,0,0,0,0,0,0,0,0,0,0,0,4,0,37,8,80,0,0,0,0,0,0,0,43,0,1,0,14,0,0,0,0,0,0,0,0,0,0,0,0,0,0,0,0,0,0,0,0,0,0,0,0,0,0,0,0,0,0,0,0,0,0,0,0,0,0,0,0,0,0,0,0,0,0,0,0,0,0,0,0,0,0,0,5,0,0,0,1,0,0,0,0,0,0,0,0,0,10,0,109,0,44,0,20,0,78,0,0,0,0,0,0,0,0,0,47,0,48,0,58,0,0,0,1,0,0,0,1,0,2,0,10,0,92,0,0,0,64,0,14,0,0,0,157,0,4,0,0,0,0,0,0,0,0,0,0,0,0,0,0,0,0,0,0,0,0,0,0,0,0,0,0,0,0,52,0,0,0,46,56,44,47,0,2,0
40,7,40,0,0,0,373,10,362,0,0,0,0,0,6,0,486,1,36,0,150,0,22,0,279,16,53,0,30,0,72,0,10,0,0,0,21,0,17,0,0,0,16,0,18,0,0,0,0,0,6,0,126,0,41,0,15,0,0,0,38,0,0,3,0,0,0,0,0,0,41,0,9,0,39,0,0,0,0,0,93,0,0,0,96,0,58,0,0,0,0,0,0,0,0,0,0,0,0,0,0,0,0,0,0,0,0,0,0,0,0,0,0,0,0,0,0,0,0,0,85,0,32,0,0,0,0,0,4,0,0,0,0,0,0,0,33,0,228,0,138,0,109,0,75,0,0,0,0,0,0,0,0,0,58,0,40,0,71,0,9,0,11,0,0,0,0,0,0,0,11,0,21,0,0,0,54,0,6,0,2,0,133,0,1,0,0,0,0,0,0,0,0,0,0,0,0,0,0,0,0,0,0,0,0,0,0,0,0,0,0,3,27,13,6,0,0,0,0,0,0,0,0,0,0
8,144,7,51,0,0,24,362,36,161,0,0,0,0,0,6,0,266,0,0,0,59,0,92,29,367,0,34,0,84,0,4,0,3,0,7,0,8,0,10,0,0,0,0,0,20,0,9,0,0,0,9,6,56,23,161,0,17,0,6,0,43,3,0,0,0,0,0,0,0,0,0,0,0,0,0,0,0,0,0,0,0,0,0,0,0,0,0,0,0,0,0,0,0,0,0,0,0,0,0,0,0,0,0,0,0,0,0,0,0,0,0,0,0,0,0,0,0,0,0,0,0,0,0,0,0,0,0,0,0,0,0,0,0,0,0,0,26,0,152,0,26,0,29,0,5,0,0,0,0,0,0,0,0,0,39,0,22,0,32,0,2,0,0,0,0,0,0,0,0,1,3,0,2,0,0,0,21,0,32,0,0,0,167,0,0,0,0,0,0,0,0,0,0,0,0,0,0,0,0,0,0,0,0,0,0,0,0,0,0,0,0,0,0,0,0,0,0,13,7,0,0,0,0,0
11,0,7,0,7,0,15,0,22,0,0,0,0,0,2,0,0,0,5,0,0,0,3,0,0,0,0,0,0,0,0,0,0,0,0,0,0,0,0,0,1,0,0,0,0,0,2,0,0,0,0,0,0,2,0,0,3,0,54,16,0,0,0,0,0,54,99,14,0,0,2,0,6,0,0,0,0,0,0,0,0,0,0,0,0,0,0,0,0,0,0,0,0,0,0,0,0,0,0,0,0,0,0,0,0,0,0,0,0,0,0,0,0,0,0,0,0,0,0,0,0,0,0,1,3,0,6,0,0,0,27,0,0,0,6,0,0,0,6,13,0,0,0,0,30,29,6,0,17,0,38,0,2,0,10,20,51,2,8,62,308,85,23,1,0,0,0,0,0,1,4,0,0,0,0,0,0,0,0,0,78,12,3,0,115,0,0,0,0,0,0,0,0,0,0,0,0,0,0,0,0,0,0,0,0,0,0,0,11,0,53,5,20,0,31,0,0,0,0,0,0,0,0,0,0
0,28,0,0,0,7,0,12,0,138,0,3,0,0,0,0,0,0,0,13,0,0,0,0,0,0,0,0,0,0,0,0,0,0,0,0,0,0,0,0,0,0,0,0,0,1,0,0,0,0,0,0,1,0,2,6,41,5,14,49,0,1,0,0,54,0,7,296,0,0,0,34,8,7,0,19,0,0,0,11,0,0,0,0,0,0,0,0,0,0,0,0,0,0,0,0,0,0,0,0,0,0,0,0,1,0,0,0,0,0,0,0,0,0,0,0,0,0,0,0,0,0,0,0,0,23,0,7,0,0,71,30,0,0,0,18,0,9,64,23,11,38,0,0,21,63,0,20,57,115,0,76,0,3,37,2,14,0,90,5,135,238,0,23,0,1,0,0,0,26,0,9,0,4,0,11,1,0,0,1,48,189,0,0,42,114,0,0,0,0,0,0,0,0,0,0,0,7,0,5,0,7,0,0,0,0,0,0,0,11,0,0,0,0,89,2,0,0,134,16,119,0,9,0,0
21,0,0,0,1,0,39,0,92,120,0,0,0,0,0,0,0,0,1,0,0,0,0,0,0,0,0,0,0,0,0,0,0,0,0,0,0,0,0,0,0,0,1,0,0,0,0,0,3,0,0,0,14,27,0,174,24,97,94,255,14,0,0,0,99,7,0,315,0,0,0,0,0,0,0,0,1,0,0,0,0,0,0,0,0,0,0,0,0,0,0,0,0,0,0,0,0,0,0,0,0,0,0,0,0,0,0,0,0,0,0,0,0,0,0,0,0,0,0,0,0,0,0,0,3,0,2,0,0,0,38,0,0,0,0,0,0,0,1,0,0,0,0,0,3,0,0,0,5,0,1,0,0,0,23,17,94,0,9,14,151,0,0,0,0,0,0,0,0,0,50,0,9,0,0,0,136,3,0,0,1,0,0,0,410,0,0,0,0,0,0,0,0,0,0,0,0,0,0,0,0,0,0,0,0,0,0,0,0,0,215,92,77,75,191,21,0,0,0,0,0,0,0,0,0
0,13,0,0,0,1,0,1,96,48,0,2,0,0,0,0,0,1,0,0,0,0,0,0,0,0,0,0,0,0,0,0,0,0,0,0,0,0,0,0,0,0,0,0,0,4,0,0,0,0,0,1,22,55,39,22,139,76,310,112,0,14,0,0,14,296,315,0,0,1,0,0,0,0,0,0,0,0,0,0,0,0,0,0,0,0,0,0,0,0,0,0,0,0,0,0,0,0,0,0,0,0,0,0,0,0,0,0,0,0,0,0,0,1,0,0,0,0,0,0,0,0,0,0,0,22,0,0,0,0,0,7,0,0,0,6,0,0,0,0,0,0,0,0,0,10,0,0,1,16,0,6,0,3,92,59,8,115,49,13,40,34,0,1,0,1,0,4,0,5,0,60,0,5,0,5,16,40,0,0,0,1,0,0,79,377,0,0,0,0,0,0,0,0,0,0,0,1,0,0,0,0,0,0,0,0,0,0,0,6,0,0,0,0,251,0,0,0,235,139,74,113,12,3,0
0,0,0,0,0,0,0,0,0,0,0,0,0,0,0,0,0,0,6,0,0,0,0,0,0,0,0,0,0,0,0,0,0,0,0,0,0,0,0,0,0,0,0,0,4,0,0,0,9,0,0,0,0,0,0,0,5,0,0,0,0,0,0,0,0,0,0,0,0,0,0,0,23,0,0,0,92,0,66,0,4,0,46,0,19,0,27,0,8,0,0,0,4,0,36,0,9,0,16,0,17,0,78,0,40,0,30,0,23,0,3,0,3,0,1,0,13,0,0,0,0,0,0,0,0,3,0,0,0,0,0,0,0,0,0,0,0,0,0,0,0,0,5,0,0,0,0,0,0,0,0,0,0,0,0,0,0,0,0,0,0,0,0,0,13,0,0,0,81,0,9,0,0,0,2,0,0,0,0,0,0,0,0,0,0,0,0,0,16,0,0,0,0,0,16,0,1,0,0,0,0,0,10,0,0,0,0,0,0,0,64,0,83,3,15,31,160,0,0,0,0,0,0,0,0
0,0,0,0,0,0,0,0,0,0,0,0,0,0,0,0,0,0,0,0,0,0,0,0,0,0,0,0,0,0,0,0,0,0,0,0,0,0,0,0,0,0,0,0,0,4,0,0,0,1,0,0,0,1,0,3,0,0,0,0,0,0,0,0,0,0,0,1,0,0,0,0,0,5,0,0,0,73,0,0,0,20,0,46,0,0,0,32,0,4,0,0,0,12,0,13,0,0,0,6,0,0,0,264,0,14,0,0,0,0,0,3,0,15,0,0,0,0,0,0,0,4,0,0,0,0,0,6,0,0,0,0,0,0,0,0,1,0,0,0,0,0,0,0,0,0,0,0,0,0,0,0,0,0,0,0,0,0,0,1,0,1,0,0,0,10,0,0,0,45,0,8,0,0,0,0,0,0,0,0,0,6,0,0,0,0,0,0,0,0,0,0,0,0,0,30,0,0,0,11,0,9,0,12,0,21,0,0,0,12,0,0,0,0,0,0,0,0,82,0,96,0,34,103,0
0,0,12,0,0,0,0,0,1,0,0,0,0,0,0,0,46,0,0,0,70,0,0,0,0,0,20,0,11,0,0,0,0,0,0,0,32,0,0,0,0,0,15,0,0,0,0,0,1,0,3,0,0,0,0,0,0,0,0,0,3,0,41,0,2,0,0,0,0,0,0,0,134,0,284,0,1,0,44,0,0,0,0,0,0,0,6,0,0,0,0,0,0,0,0,0,0,0,0,0,0,0,0,0,0,0,0,0,0,0,0,0,0,0,0,0,0,0,0,0,23,0,32,0,13,0,0,0,4,0,42,0,8,0,0,0,22,0,10,0,101,11,36,0,41,15,0,0,106,19,20,0,0,0,0,0,12,0,2,28,18,0,70,0,0,0,19,0,18,0,25,0,48,0,0,0,0,0,0,0,30,12,6,0,51,0,0,0,0,0,0,0,0,0,0,0,0,0,0,0,7,0,0,0,0,0,0,0,14,0,6,0,21,0,8,0,0,1,5,0,0,0,0,0,0
0,0,0,0,0,0,0,0,0,0,0,0,0,0,0,0,0,0,0,0,0,0,0,0,0,0,0,0,0,0,0,0,0,0,0,0,0,0,0,0,0,0,0,0,0,6,0,0,0,0,0,7,0,0,0,0,0,0,0,0,0,0,0,0,0,34,0,0,0,0,0,0,0,101,0,229,0,10,0,24,0,4,0,0,0,2,0,64,0,0,0,0,0,0,0,0,0,0,0,0,0,0,0,0,0,0,0,0,0,0,0,0,0,0,0,0,0,0,0,0,0,8,0,4,0,26,0,0,0,17,0,9,0,16,1,4,0,30,0,6,1,21,0,13,0,73,0,0,6,26,0,5,0,11,0,0,0,2,0,9,0,0,0,59,0,0,0,2,0,7,0,12,0,7,0,4,0,0,0,0,3,25,0,0,0,39,0,0,0,0,0,0,0,0,0,0,0,0,0,0,0,0,0,0,0,0,0,0,0,10,0,0,0,0,0,0,0,0,29,3,0,0,0,0,0
2,0,0,0,1,0,0,0,0,0,0,0,0,0,0,0,6,0,0,0,0,0,0,0,0,0,0,0,0,0,0,0,0,0,0,0,3,0,1,0,0,0,0,0,0,0,0,0,0,0,0,0,0,0,0,0,0,0,0,0,0,0,9,0,6,8,0,0,23,0,134,0,0,0,266,0,80,0,199,0,0,0,39,0,32,0,9,0,0,0,0,0,7,0,0,0,7,0,0,0,0,0,0,0,0,0,0,0,0,0,0,0,0,0,0,0,0,0,0,0,41,0,42,0,0,0,9,0,13,0,40,20,10,0,51,0,37,0,10,6,92,4,134,0,43,10,7,0,86,0,45,0,5,0,0,0,8,0,0,17,26,10,70,4,0,0,2,0,11,0,8,0,10,0,19,0,0,0,0,0,57,9,0,0,64,0,0,0,0,0,0,0,0,0,0,0,3,0,69,0,74,0,41,0,0,0,0,0,0,0,219,7,12,3,18,0,0,0,0,0,2,0,0,0,0
0,0,0,0,0,0,0,4,0,0,0,0,0,0,0,0,0,0,0,0,0,0,0,0,0,0,0,0,0,0,0,0,0,0,0,0,0,0,0,0,0,0,0,0,0,7,0,0,0,0,0,0,0,0,0,0,0,0,0,0,0,0,0,0,0,7,0,0,0,5,0,101,0,0,0,370,0,117,0,64,0,22,0,24,0,45,0,135,0,0,0,0,0,0,0,0,0,0,0,2,0,0,0,0,0,0,0,0,0,0,0,0,0,2,0,0,0,0,0,0,0,56,0,27,0,0,0,40,0,5,0,0,0,0,0,103,0,104,0,1,0,36,0,23,0,34,0,0,0,0,0,20,0,0,0,0,0,3,0,0,0,0,0,53,0,0,0,0,0,13,0,3,0,0,0,0,0,0,0,0,2,0,0,0,0,8,0,0,0,0,0,0,0,0,0,4,0,0,0,0,0,0,0,0,0,0,0,0,0,76,0,0,0,0,11,0,0,0,131,0,29,6,0,0,0
0,0,0,0,0,1,0,0,0,0,0,0,0,0,0,0,21,0,0,0,68,0,0,0,0,0,36,0,14,0,7,0,0,0,0,0,27,0,7,0,0,0,14,0,0,1,0,0,0,0,5,0,6,0,0,0,0,0,0,0,4,0,39,0,0,0,0,0,0,0,284,0,266,0,0,0,10,0,192,0,24,0,0,0,75,0,32,0,0,0,0,0,0,2,0,0,4,0,0,0,0,0,0,0,0,0,0,0,0,0,0,0,0,0,0,0,0,0,0,0,122,0,138,0,37,31,0,5,0,0,0,48,6,0,40,0,10,0,11,0,104,33,154,2,67,17,29,3,91,27,0,0,27,12,0,0,6,0,0,0,0,0,52,0,3,0,10,0,30,4,25,0,41,0,60,0,0,0,0,0,65,0,0,0,43,0,0,0,0,0,0,0,8,0,0,0,0,0,0,0,49,2,0,0,10,0,0,0,0,0,21,0,17,3,5,0,0,0,0,0,11,0,0,0,0
0,0,0,0,0,0,0,0,0,0,0,0,0,0,0,0,0,0,0,0,0,15,0,0,0,0,0,0,0,7,0,0,0,0,0,0,0,11,0,0,0,0,0,0,0,0,0,0,0,0,0,0,0,0,0,0,0,0,0,0,0,0,0,0,0,19,0,0,0,0,0,229,0,370,0,0,0,8,0,72,0,0,0,2,0,0,0,112,0,0,0,0,0,0,0,0,0,0,0,4,0,0,0,0,0,0,0,0,0,0,0,0,0,0,0,0,0,0,0,0,0,138,0,11,0,0,0,36,0,7,0,0,1,0,0,0,0,99,0,3,0,52,0,28,0,213,0,3,0,28,0,13,0,17,0,0,0,8,0,7,0,0,0,71,0,0,0,0,1,6,0,9,0,15,0,6,0,0,0,0,5,37,0,0,0,40,0,0,0,0,0,0,0,0,0,0,0,0,0,0,0,0,0,0,0,0,0,0,0,41,0,0,0,0,11,0,0,0,126,0,11,3,0,1,0
0,0,0,0,0,0,0,0,0,0,0,0,0,0,0,0,0,0,0,0,0,0,0,0,0,0,2,0,0,0,0,0,0,0,0,0,0,0,0,0,0,0,0,0,0,0,0,0,0,0,1,0,0,0,0,0,0,0,0,0,0,0,0,0,0,0,1,0,92,0,1,0,80,0,10,0,0,0,82,0,5,0,32,0,33,0,25,0,1,0,0,0,11,0,14,0,0,0,0,0,0,0,14,0,23,0,0,0,22,0,0,0,0,0,5,0,5,0,0,0,0,0,0,0,0,0,0,0,0,0,0,0,0,0,0,0,0,0,0,0,0,0,0,0,0,0,0,0,0,0,0,0,0,0,0,0,0,0,1,0,0,0,0,0,9,0,2,0,67,0,6,0,0,0,0,0,0,0,0,0,0,0,0,0,0,0,0,0,0,0,6,0,0,0,12,0,0,0,0,0,0,0,0,0,0,0,0,0,0,0,55,0,56,0,9,1,4,0,0,0,0,0,0,0,0
0,0,0,0,0,0,0,0,0,1,0,0,0,0,0,0,0,0,0,0,0,0,0,0,0,0,0,0,0,0,0,0,0,0,0,0,0,0,0,0,0,0,0,0,0,16,0,0,0,5,0,0,0,0,0,0,0,0,0,2,0,0,0,0,0,0,0,0,0,73,0,10,0,117,0,8,0,0,0,12,0,56,0,50,0,6,0,154,0,0,0,0,0,19,0,7,0,0,0,0,0,0,0,48,0,0,0,0,0,17,0,0,0,13,0,0,0,21,0,0,0,14,0,5,0,0,0,9,0,0,0,0,0,0,0,0,0,0,0,0,0,0,0,0,0,2,0,0,0,0,0,0,0,0,0,0,0,0,0,0,0,2,0,1,0,15,0,0,0,48,0,3,0,0,0,0,0,0,0,0,3,0,0,0,0,0,0,0,0,14,0,0,0,0,0,23,0,2,0,0,0,0,0,16,0,0,0,0,0,0,0,0,0,0,16,0,0,0,41,6,36,5,3,12,0
0,0,0,0,0,0,0,0,0,0,0,0,0,0,0,0,12,0,0,0,0,0,0,0,0,0,0,0,0,0,2,0,0,0,0,0,0,0,0,0,0,0,0,0,13,0,0,0,6,0,12,0,0,0,0,0,0,0,2,0,0,0,0,0,0,0,0,0,66,0,44,0,199,0,192,0,82,0,0,0,27,0,113,0,102,0,103,0,0,0,4,0,31,0,17,0,46,0,39,0,5,0,9,0,0,0,0,0,0,0,0,0,0,0,0,0,0,0,0,0,72,0,26,0,0,0,6,0,0,0,0,0,0,0,50,2,14,0,0,0,27,0,164,0,9,0,0,0,21,0,23,0,0,0,0,0,0,0,0,0,3,0,12,0,26,0,0,0,39,0,0,0,0,0,12,0,0,0,0,0,16,0,0,0,14,0,0,0,0,0,0,0,0,0,9,0,0,0,78,0,115,0,101,0,0,0,11,0,0,0,260,0,54,0,20,0,0,0,3,0,0,0,0,0,0
0,0,0,0,0,0,0,0,0,0,0,0,0,0,0,0,0,0,0,0,0,0,0,0,0,0,0,0,0,0,0,0,0,0,0,0,0,0,0,0,0,0,0,0,0,0,0,0,0,0,0,0,0,0,0,0,0,0,0,0,0,0,0,0,0,11,0,0,0,0,0,24,0,64,0,72,0,12,0,0,0,3,0,0,0,5,0,52,0,0,0,0,0,0,0,0,0,0,0,0,0,0,0,0,0,0,0,0,0,0,0,0,0,0,0,0,0,0,0,0,0,34,0,10,0,0,0,0,0,0,0,0,0,0,0,69,0,87,0,0,0,30,0,31,0,27,0,0,0,16,0,11,0,0,0,0,0,0,0,2,0,0,0,22,0,0,0,0,0,0,0,2,0,0,0,1,0,0,0,0,0,9,0,0,0,12,0,0,0,0,0,0,0,0,0,0,0,0,0,7,0,16,0,0,0,0,0,0,0,48,0,0,0,0,7,0,0,0,79,0,3,0,0,0,0
