0,152,94,154,20,170,64,0,87,0,81,144,59,0,0,151,21,87,0,0,0,0,38,379,11,47,0,0,45,0,0,0,59,45,0,0,28,0,109,0,21,0,0,0,0,0,0,0,7,0,0,0,9,0,0,0,0,0,18,0,111,0,53,0,4,0,1,0,0,0,0,0,0,0,0,0,0,0,0,0,0,0,0,0,0,0,0,0,0,0,0,0,0,0,0,0,0,0,0,0,0,0,0,0,0,0,0,0,0,0,0,0,0,0,0,0,0,0,0,0,0,0,0,0,4,0,0,0,0,0,17,0,0,0,4,0,0,0,0,0,0,0,0,0,0,0,10,0,37,0,11,0,17,0,0,0,0,0,0,0,2,0,0,0,0,0,0,0,57,0,43,0,162,0,0,0,269,53,12,0,0,1,2,0,72,0,0,0,0,0,0,0,0,0,0,0,0,0,0,0,0,0,0,0,0,0,0,0,0,0,417,243,206,0,212,2,0,0,0,0,0,0,0,0,0
152,0,0,79,0,129,404,65,244,50,0,334,0,148,0,28,90,0,0,38,0,0,0,0,543,29,0,177,0,254,0,0,0,380,0,0,0,280,0,421,0,0,0,0,0,0,0,0,0,24,0,11,32,0,135,20,0,0,0,6,0,102,58,0,0,56,0,1,0,0,0,0,0,0,0,0,0,0,0,0,0,0,0,0,0,0,0,0,0,0,0,0,0,0,0,0,0,0,0,0,0,0,0,0,0,0,0,0,0,0,0,0,0,0,0,0,0,0,0,0,0,0,0,0,0,3,0,8,0,0,0,8,0,0,0,0,0,0,0,0,0,0,0,0,0,0,0,9,0,14,0,65,0,65,1,0,0,0,0,0,0,0,0,0,0,0,0,45,0,119,0,0,0,223,0,4,223,613,0,1,0,14,6,7,0,58,0,0,0,0,0,0,0,0,0,0,0,0,0,0,0,0,0,0,0,0,0,0,0,11,0,0,0,0,333,0,0,0,843,181,353,0,0,0,0
94,0,0,186,249,0,86,0,0,0,168,308,214,0,158,241,29,120,105,0,34,0,533,506,85,0,113,0,250,0,27,0,230,90,0,0,55,0,348,0,63,0,0,0,77,0,81,0,21,0,0,0,0,0,132,0,10,0,0,0,114,0,73,0,0,0,0,0,0,0,0,0,0,0,0,0,0,0,2,0,0,0,0,0,0,0,0,0,0,0,0,0,0,0,0,0,0,0,0,0,0,0,0,0,69,0,0,0,0,0,0,0,0,0,0,0,0,0,0,0,0,0,0,0,0,0,0,0,0,0,13,0,0,0,227,0,0,0,0,0,9,0,219,0,0,0,2,0,11,0,0,0,0,0,0,0,0,0,0,0,8,0,0,0,0,0,51,0,138,0,0,0,317,0,0,0,237,74,3,0,0,0,0,0,0,0,0,0,0,0,0,0,0,0,0,0,0,0,27,0,79,0,0,0,0,0,0,0,52,0,687,170,503,307,450,4,0,0,0,0,0,0,0,0,0
154,79,186,0,0,255,0,37,0,5,0,46,0,61,0,122,67,34,0,102,0,22,119,158,160,77,0,158,0,236,0,0,0,348,0,0,0,124,0,138,0,0,0,2,0,0,0,0,0,0,0,0,0,0,0,68,0,11,0,19,0,0,21,0,0,0,0,0,0,0,0,0,0,0,0,0,0,0,0,0,0,0,0,0,0,0,0,0,0,0,0,0,0,0,0,0,0,0,0,7,0,0,0,0,0,0,0,0,0,0,0,0,0,0,0,0,0,0,0,0,0,0,0,0,0,0,0,0,0,0,0,0,0,0,0,42,0,17,0,0,0,0,0,0,0,0,0,0,0,0,0,0,0,0,0,0,0,0,0,0,0,0,0,0,0,12,0,115,0,45,0,0,0,49,0,0,60,65,0,0,0,0,9,0,0,0,0,0,0,0,0,0,0,0,0,0,0,0,0,0,0,0,0,0,0,0,0,7,0,25,0,7,0,0,167,0,0,0,287,46,268,0,0,0,0
20,0,249,0,0,274,25,0,15,0,101,200,517,258,473,224,0,0,56,340,139,255,253,112,8,0,112,0,0,0,64,0,131,0,135,0,202,0,0,0,80,0,0,0,17,0,75,0,8,0,149,0,22,0,7,0,0,0,0,0,19,0,0,0,0,0,0,0,0,0,0,0,0,0,0,0,0,0,0,0,0,0,0,0,0,0,0,0,0,0,0,0,2,0,0,0,0,0,0,0,0,0,0,0,7,0,0,0,0,0,0,0,0,0,0,0,0,0,0,0,0,0,0,0,0,0,0,0,0,0,6,0,0,0,0,0,0,0,0,0,0,0,0,0,0,0,0,0,22,0,0,0,14,0,0,0,0,0,0,0,0,0,0,0,0,0,259,0,338,0,0,0,252,0,0,0,250,64,57,0,0,0,0,0,56,0,0,0,0,0,0,0,0,0,0,0,0,0,0,0,0,0,0,0,0,0,0,0,0,0,561,338,508,0,291,0,1,0,0,0,0,0,0,0,0
170,129,0,255,274,0,0,36,0,0,120,301,0,183,168,253,91,6,0,206,135,158,353,183,0,17,0,341,0,75,0,258,0,195,0,106,0,228,0,0,0,125,0,0,0,0,0,87,0,38,0,0,0,0,0,29,0,0,0,0,0,0,0,0,0,16,0,0,0,0,0,0,0,0,0,1,0,0,0,0,0,0,0,0,0,0,0,0,0,0,0,0,0,0,0,0,0,0,0,0,0,0,0,0,0,0,0,0,0,0,0,0,0,0,0,0,0,0,0,0,0,0,0,0,0,0,0,5,0,0,0,0,0,0,0,0,0,58,0,0,0,0,0,0,0,0,0,14,0,20,0,97,0,0,0,0,0,0,0,0,0,0,0,0,0,66,0,417,0,0,0,0,0,47,0,2,177,457,0,9,0,0,0,0,0,0,0,0,1,0,0,0,0,0,0,0,0,0,0,0,0,0,0,0,0,0,0,0,0,44,0,0,0,0,218,0,0,0,541,209,513,0,0,0,0
64,404,86,0,25,0,0,0,185,0,92,0,26,0,0,0,4,0,0,0,0,0,6,0,275,415,0,0,55,0,0,0,0,23,0,0,0,0,0,0,0,0,1,0,9,0,0,0,81,0,0,0,50,0,172,37,17,0,12,0,379,0,376,27,53,0,9,0,0,0,0,0,0,0,0,0,0,0,0,0,0,0,0,0,0,0,0,0,0,0,0,0,0,0,0,0,0,0,0,0,0,0,0,0,0,0,0,0,0,0,0,0,0,0,0,0,0,0,0,0,0,0,0,0,33,0,0,0,0,0,89,0,4,0,18,0,0,0,0,0,0,0,0,0,0,0,0,0,64,0,8,0,0,0,1,0,0,0,1,0,13,0,6,0,0,0,0,0,48,0,282,0,228,0,0,0,125,77,0,0,0,0,0,0,0,0,0,0,0,0,5,0,0,0,0,0,9,0,5,0,0,0,0,0,0,0,5,0,15,0,1088,160,435,572,848,13,51,22,0,0,0,0,0,0,0
0,65,0,37,0,36,0,0,239,64,0,76,0,51,0,0,0,0,0,0,0,0,0,7,82,199,0,81,0,131,0,0,0,0,0,0,0,0,0,629,0,0,0,0,0,0,0,0,0,13,0,0,94,22,158,548,0,25,0,41,0,340,53,133,0,8,0,51,0,0,0,0,0,0,0,0,0,0,0,0,0,0,0,0,0,0,0,0,0,0,0,0,0,0,0,0,0,0,0,0,0,0,0,0,0,0,0,0,0,0,0,0,0,0,0,0,0,0,0,0,0,0,0,0,0,0,0,0,0,4,0,5,0,0,0,33,0,20,0,5,0,0,0,0,0,0,0,0,0,5,0,0,0,0,0,0,0,0,0,0,0,0,0,0,0,11,0,0,0,65,0,0,0,233,0,0,71,61,0,0,0,0,0,0,0,0,0,0,0,0,0,0,0,0,0,0,0,0,0,0,0,0,0,0,0,0,0,0,0,13,9,5,0,0,747,0,0,0,860,122,443,646,5,121,0
87,244,0,0,15,0,185,239,0,288,63,2,49,0,0,0,4,73,0,0,0,0,0,0,20,632,0,0,11,9,0,0,0,0,0,0,0,0,33,0,0,0,0,0,0,0,15,0,23,0,0,0,71,0,41,140,9,0,96,0,331,0,260,0,185,0,31,0,0,0,0,0,0,0,0,0,2,0,0,0,0,0,0,0,0,0,2,0,0,0,0,0,0,0,0,0,0,0,0,0,0,0,0,0,0,0,0,0,0,0,0,0,0,0,0,0,0,0,0,0,0,0,0,0,22,0,0,0,0,0,52,0,0,0,2,0,0,0,0,0,0,0,0,0,0,0,4,0,74,0,8,0,7,0,0,0,0,0,0,0,10,0,2,0,0,0,0,0,0,0,183,0,114,0,0,0,417,135,25,0,6,0,6,0,359,0,0,0,0,0,0,0,0,0,0,0,1,0,0,0,0,0,0,0,0,0,0,0,0,0,549,183,173,0,274,0,0,6,0,0,0,0,0,0,0
0,50,0,5,0,0,0,64,288,0,0,65,0,10,0,0,0,0,0,14,0,0,0,0,0,0,0,35,0,0,0,0,0,0,0,0,0,0,0,0,0,0,0,0,0,0,0,0,0,0,0,0,180,98,370,166,0,80,233,172,0,438,34,364,0,154,176,74,0,0,0,1,0,0,0,0,0,0,0,0,0,0,0,0,0,0,0,0,0,0,0,0,0,0,0,0,0,0,0,0,0,0,0,1,0,0,1,0,0,0,0,0,0,0,0,0,0,0,0,0,0,1,0,0,0,14,0,3,0,0,0,71,0,0,0,0,0,0,0,3,0,0,0,0,0,0,0,3,0,34,0,33,0,27,9,2,8,9,0,0,0,23,0,0,0,7,0,9,0,69,11,65,0,258,0,0,63,386,0,0,0,0,0,11,0,119,0,0,1,0,0,0,0,0,0,0,0,0,0,0,0,0,0,0,0,0,0,0,0,10,0,11,0,0,583,0,0,0,874,248,223,0,0,0,0
81,0,168,0,101,120,92,0,63,0,0,88,158,0,97,161,12,0,0,101,48,95,89,108,3,0,6,0,6,0,0,0,133,0,0,0,130,0,0,0,26,2,0,0,0,0,17,0,14,0,0,0,0,0,8,0,0,0,0,0,0,0,0,0,0,0,0,0,0,0,0,0,0,0,0,0,0,0,0,0,0,0,0,0,0,0,0,0,0,0,0,0,0,0,0,0,0,0,0,0,0,0,0,0,0,0,0,0,0,0,0,0,0,0,0,0,0,0,3,0,0,0,0,0,0,0,0,0,0,0,19,0,0,0,0,0,0,0,0,0,0,0,0,0,0,0,0,0,19,0,0,0,0,0,0,0,0,0,0,0,0,0,0,0,0,0,88,0,210,0,0,0,162,0,0,0,259,31,152,0,33,0,36,0,90,0,19,0,0,0,0,0,0,0,0,0,0,0,0,0,0,0,0,0,0,0,0,0,0,0,431,268,326,107,164,4,0,0,0,0,0,0,0,0,0
144,334,308,46,200,301,0,76,2,65,88,0,11,402,148,35,76,0,0,42,99,34,317,24,40,3,0,148,12,29,0,65,0,163,0,0,0,82,6,15,0,159,0,0,0,19,0,61,0,47,0,0,0,0,2,26,0,6,0,0,0,0,0,0,0,35,0,0,0,0,0,0,0,0,0,0,0,0,0,0,0,0,0,0,0,0,0,0,0,0,0,0,0,0,0,0,0,0,0,0,0,0,0,0,0,0,0,0,0,0,0,0,0,0,0,0,0,0,0,0,0,0,0,0,0,0,0,0,0,0,0,2,0,0,0,0,0,0,0,0,0,0,0,0,0,0,0,0,2,29,0,133,0,138,0,0,0,0,0,2,0,0,0,4,0,36,0,165,0,82,0,3,0,41,0,12,143,563,0,21,0,62,0,15,0,48,0,2,0,0,0,0,0,0,0,0,0,6,0,0,0,0,0,0,0,0,0,0,0,17,0,0,0,0,221,0,0,0,550,209,301,0,6,0,0
59,0,214,0,517,0,26,0,49,0,158,11,0,456,73,0,0,0,137,367,41,92,37,4,0,0,160,566,0,0,0,0,0,0,115,0,12,14,0,0,173,146,35,0,79,94,144,260,19,0,222,185,0,0,9,0,0,0,0,0,0,0,12,0,0,0,0,0,0,0,0,0,0,0,0,0,0,0,0,0,0,0,0,0,0,0,0,0,0,0,0,0,0,0,0,0,0,0,0,0,0,0,0,0,0,0,0,0,0,0,0,0,0,0,0,0,0,0,0,0,0,0,0,0,0,0,0,0,0,0,0,0,0,0,34,0,0,0,0,0,0,0,0,0,0,0,19,0,39,0,0,0,0,0,0,0,0,0,0,0,0,0,2,0,76,0,0,0,52,0,0,0,14,0,50,0,243,91,135,0,78,0,0,0,135,0,173,0,0,0,0,0,0,0,0,0,0,0,0,0,0,0,0,0,0,0,0,0,0,0,130,273,281,0,0,0,0,6,6,0,0,0,0,0,0
0,148,0,61,258,183,0,51,0,10,0,402,456,0,196,0,0,0,461,179,433,29,0,0,0,0,134,127,0,0,0,0,3,0,96,42,0,39,0,0,36,217,0,93,0,25,9,72,1,92,0,219,0,0,0,11,0,6,0,0,0,0,0,0,0,0,0,0,0,0,0,0,0,0,0,0,0,0,0,0,0,0,0,0,0,0,0,0,0,0,0,0,0,0,0,0,0,0,0,0,0,2,0,0,0,0,0,0,0,0,0,0,0,0,0,0,0,0,0,0,0,0,0,0,0,0,0,0,0,0,0,0,0,0,0,0,0,14,0,0,0,0,0,0,0,0,0,0,0,0,0,62,0,0,0,0,0,0,0,0,0,0,0,0,0,120,0,46,0,0,0,0,0,0,0,0,70,529,28,7,0,13,0,4,0,18,39,50,0,0,0,0,0,0,0,0,0,0,0,0,0,0,0,0,0,0,0,0,0,0,0,0,0,0,14,0,0,0,97,369,317,0,5,0,1
0,0,158,0,473,168,0,0,0,0,97,148,73,196,0,230,27,0,242,287,109,205,298,67,33,0,196,0,2,0,29,27,0,0,90,37,103,23,0,0,22,0,0,0,47,0,25,0,3,0,35,0,0,0,30,0,0,0,0,0,11,0,17,0,2,0,0,0,0,0,0,0,0,0,0,0,0,0,0,0,0,0,0,0,61,0,0,0,0,0,0,0,0,0,0,0,93,0,0,0,0,0,0,0,0,0,0,0,0,0,0,0,0,0,0,0,0,0,0,0,0,0,0,0,0,0,0,0,0,0,0,0,0,0,68,0,23,0,0,0,0,0,110,0,0,0,0,0,9,0,0,0,6,0,0,0,0,0,0,0,0,0,0,0,14,0,47,0,0,0,0,0,0,0,0,0,92,29,15,0,5,0,2,0,23,0,0,0,0,0,0,0,0,0,0,0,0,0,0,0,66,0,0,0,0,0,0,0,24,0,146,194,88,0,36,0,0,0,0,7,0,0,0,0,0
151,28,241,122,224,253,0,0,0,0,161,35,0,0,230,0,93,43,0,237,112,93,353,152,78,147,0,119,6,14,7,104,25,32,0,66,7,49,0,5,0,0,0,0,0,0,0,2,0,5,0,0,0,0,1,156,0,27,0,0,0,0,0,0,0,0,0,0,0,0,0,0,0,0,0,2,0,0,0,0,0,70,0,0,0,96,0,0,0,0,0,0,0,0,0,0,0,0,0,0,0,63,0,0,0,0,0,0,0,0,0,0,0,0,0,0,0,0,0,0,0,0,0,0,0,0,0,0,0,0,0,0,0,0,0,267,0,0,0,0,0,0,0,0,0,0,0,0,0,6,0,36,0,13,0,0,0,0,0,0,0,0,0,0,0,0,0,56,0,0,0,0,0,8,0,0,87,130,0,0,0,2,12,0,0,4,0,0,0,0,0,0,0,0,0,0,0,0,0,0,0,174,0,0,0,0,0,0,0,73,0,14,0,0,25,0,0,0,59,160,59,12,1,0,0
21,90,29,67,0,91,4,0,4,0,12,76,0,0,27,93,0,55,68,0,273,0,95,209,150,50,108,0,311,20,82,0,262,32,17,0,16,13,317,0,0,0,0,0,81,0,20,0,11,0,0,0,111,0,5,0,0,0,0,0,21,0,380,0,0,0,0,0,0,0,16,0,0,0,17,0,0,0,0,0,13,0,0,0,219,0,0,0,0,0,0,0,0,0,0,0,386,0,0,0,0,0,0,0,0,0,0,0,0,0,0,0,0,0,0,0,0,0,0,0,48,0,109,0,0,0,0,0,0,0,0,0,0,0,23,0,103,0,146,0,304,0,494,0,9,0,0,0,0,0,0,0,0,0,8,0,0,0,16,0,0,0,0,0,0,0,16,0,0,0,0,0,63,3,0,0,45,0,0,0,0,0,3,0,0,0,0,0,0,0,0,0,0,0,1,0,0,0,0,0,115,0,0,0,0,0,0,0,15,0,25,110,83,61,37,0,0,0,0,0,0,0,0,0,0
87,0,120,34,0,6,0,0,73,0,0,0,0,0,0,43,55,0,0,69,0,81,94,268,205,167,0,101,10,247,0,18,3,158,0,29,0,25,31,207,0,0,0,0,0,0,0,0,1,0,0,9,0,58,24,39,0,12,0,0,0,0,16,261,0,0,0,0,0,0,0,0,0,0,0,7,0,0,0,0,0,0,0,0,0,215,0,0,0,0,0,63,0,0,0,0,0,0,0,154,0,111,0,0,0,0,0,0,0,0,0,0,0,0,0,0,0,0,0,0,0,0,0,31,0,0,0,2,0,47,0,0,0,0,0,223,0,0,0,126,0,130,0,450,0,4,0,0,0,0,0,0,0,0,0,0,0,0,0,11,0,0,0,0,0,0,0,40,0,0,0,0,0,10,0,0,9,0,0,0,0,0,9,0,0,0,0,0,0,0,0,0,0,0,0,0,0,0,0,0,0,93,0,0,0,0,0,0,0,0,0,5,0,0,0,0,0,0,0,143,69,0,0,0,0
0,0,105,0,56,0,0,0,0,0,0,0,137,461,242,0,68,0,0,233,122,41,327,0,43,0,133,468,0,0,0,0,0,0,128,0,6,0,0,0,27,145,27,114,31,64,15,223,4,17,352,164,0,0,0,0,0,0,0,0,0,0,27,0,0,0,0,0,0,0,0,0,0,0,0,0,0,0,0,0,0,0,0,0,0,0,0,0,0,0,0,0,0,0,0,0,0,0,0,0,0,0,0,0,0,0,0,0,0,0,0,0,0,0,0,0,0,0,0,0,0,0,0,0,1,0,0,0,0,0,3,0,0,0,0,0,0,0,0,0,0,0,0,0,0,0,4,0,19,0,0,0,21,0,2,0,0,0,0,0,0,0,0,0,50,0,25,0,0,0,0,0,11,0,0,0,69,45,20,0,0,0,0,0,49,0,53,0,0,0,0,0,0,0,0,0,0,0,0,0,0,0,0,0,0,0,0,0,0,0,90,182,135,0,0,0,0,0,0,0,0,0,0,0,0
0,38,0,102,340,206,0,0,0,14,101,42,367,179,287,237,0,69,233,0,339,228,0,206,0,37,0,268,0,50,19,55,0,0,99,159,23,92,0,0,0,4,0,69,0,27,0,33,0,22,43,315,0,0,0,0,0,0,0,0,0,0,0,0,0,25,0,0,0,0,0,0,0,0,0,0,0,0,0,0,0,0,0,0,0,77,0,0,0,0,0,0,0,0,0,0,0,0,0,0,0,75,0,0,0,0,0,0,0,0,0,0,0,0,0,0,0,0,0,0,0,0,0,0,0,0,0,0,0,0,0,0,0,0,0,195,0,96,0,0,0,47,0,0,0,0,0,0,0,36,0,182,0,89,0,2,0,0,0,0,0,0,0,0,0,84,0,59,0,52,0,0,0,5,0,0,45,120,44,0,0,0,0,5,0,29,0,9,0,0,0,0,0,0,0,0,0,0,0,30,0,0,0,0,0,0,0,0,0,84,0,0,0,0,0,0,0,0,91,347,168,0,0,0,0
0,0,34,0,139,135,0,0,0,0,48,99,41,433,109,112,273,0,122,339,0,169,196,54,51,0,258,262,45,0,48,19,179,0,80,39,112,15,15,0,0,54,7,0,76,33,0,85,3,9,118,0,28,0,0,0,13,0,0,0,0,0,149,0,0,0,0,0,0,0,121,0,0,0,111,0,0,0,13,0,101,0,0,0,329,0,0,0,0,0,0,0,0,0,0,0,627,0,0,0,0,0,0,0,0,0,47,0,0,0,0,0,0,0,0,0,0,0,0,0,159,0,171,0,0,0,0,0,0,0,0,0,3,0,0,0,40,0,68,0,300,0,266,0,78,0,0,0,0,0,0,0,1,0,2,0,0,0,8,0,0,0,0,0,43,0,80,0,104,0,0,0,64,0,0,0,89,14,22,0,0,0,0,0,0,0,0,5,0,0,0,0,0,0,0,0,0,0,0,0,0,0,0,0,0,0,0,0,0,0,312,327,181,80,125,0,0,0,0,8,0,0,0,0,0
0,0,0,22,255,158,0,0,0,0,95,34,92,29,205,93,0,81,41,228,169,0,66,146,0,24,0,196,0,89,0,48,5,42,34,107,0,33,0,6,0,0,0,64,0,0,0,20,0,0,6,65,0,0,0,0,0,0,0,0,0,0,0,69,0,0,0,0,0,0,0,0,0,0,0,13,0,0,0,0,0,0,0,0,0,0,0,0,0,0,0,0,0,0,0,0,0,0,0,0,0,0,0,0,0,0,0,0,0,0,0,0,0,0,0,0,0,0,0,0,0,0,0,37,0,0,0,0,0,0,0,0,0,0,0,0,0,0,0,180,0,249,0,301,0,81,0,0,0,0,0,0,0,0,0,0,0,0,0,0,0,0,0,0,0,16,0,30,0,19,0,0,0,0,0,0,14,15,24,1,0,0,0,0,0,0,0,11,0,0,0,0,0,0,0,0,0,0,0,0,0,0,0,0,0,0,0,0,0,0,0,0,0,0,36,0,0,0,165,559,81,0,0,0,0
38,0,533,119,253,353,6,0,0,0,89,317,37,0,298,353,95,94,327,0,196,66,0,631,197,0,206,0,94,0,38,58,36,73,10,18,19,34,86,0,9,0,0,0,110,0,73,0,23,0,0,0,0,0,45,0,0,0,0,0,14,0,49,0,0,0,0,0,0,0,0,0,0,0,0,0,0,0,0,0,23,0,14,0,178,0,0,0,0,0,0,0,0,0,0,0,255,0,0,0,0,0,0,0,0,0,0,0,0,0,0,0,0,0,0,0,0,0,0,0,0,0,0,0,0,0,0,0,0,0,0,0,0,0,103,0,72,0,0,0,90,0,401,0,0,0,0,0,0,0,0,0,0,0,0,0,0,0,0,0,0,0,0,0,0,0,0,0,61,0,0,0,67,0,1,0,179,43,0,0,0,0,0,0,0,0,0,0,0,0,0,0,0,0,0,0,0,0,0,0,184,0,0,0,0,0,0,0,36,0,82,232,119,0,69,0,0,0,0,0,0,0,0,0,0
379,0,506,158,112,183,0,7,0,0,108,24,4,0,67,152,209,268,0,206,54,146,631,0,218,78,0,172,33,120,0,24,42,79,0,25,0,39,67,0,0,0,0,0,0,11,0,0,0,0,0,0,0,12,0,51,0,0,0,11,0,0,0,63,0,0,0,0,0,0,0,0,0,0,0,0,0,0,0,0,0,0,0,0,0,117,0,0,0,0,0,0,0,0,0,0,0,0,0,77,0,73,0,0,0,0,0,0,0,0,0,0,0,0,0,0,0,0,0,0,0,0,0,28,0,0,0,0,0,0,0,0,0,0,0,102,0,0,0,0,0,33,0,121,0,0,0,0,0,0,0,0,0,0,0,0,0,0,0,0,0,0,0,0,0,7,0,76,0,0,0,0,0,19,0,0,0,66,0,0,0,0,26,0,0,0,0,0,0,0,0,0,0,0,0,0,0,0,0,0,0,48,0,0,0,0,0,0,0,0,31,0,28,0,57,0,0,0,120,400,83,0,0,0,0
11,543,85,160,8,0,275,82,20,0,3,40,0,0,33,78,150,205,43,0,51,0,197,218,0,430,0,0,149,40,0,0,8,57,0,2,0,67,118,51,0,0,0,0,0,0,0,0,0,0,0,0,81,0,254,6,29,0,0,0,62,0,142,3,0,0,0,0,0,0,0,0,0,0,0,0,0,0,0,0,0,0,0,0,70,0,0,0,0,0,0,0,0,0,0,0,0,0,0,0,0,0,47,0,0,0,0,0,0,0,0,0,0,0,0,0,0,0,0,0,0,0,0,0,0,0,0,0,58,0,0,0,6,0,172,0,152,0,65,0,137,0,546,0,0,0,0,0,0,0,0,0,0,0,46,0,0,0,36,0,0,0,0,0,0,0,2,0,0,0,32,0,75,0,0,0,110,30,0,0,0,0,0,0,0,0,0,0,0,0,0,0,0,0,0,0,0,0,20,0,114,0,0,0,0,0,0,0,44,0,85,146,126,0,127,0,0,0,0,0,0,0,0,0,0
47,29,0,77,0,17,415,199,632,0,0,3,0,0,0,147,50,167,0,37,0,24,0,78,430,0,0,0,0,217,0,0,0,0,0,0,0,44,24,182,0,0,0,0,0,0,0,0,0,0,0,0,168,12,397,243,0,55,0,26,0,28,163,44,0,0,50,0,0,0,0,0,0,0,0,0,0,0,0,0,0,0,0,0,0,98,0,0,0,0,0,0,0,0,0,0,0,0,0,0,0,0,0,0,0,0,0,0,0,0,0,0,0,0,0,0,0,0,0,0,0,0,0,0,0,0,0,0,0,38,0,0,0,0,0,412,0,71,0,89,0,61,0,297,0,0,0,0,0,0,0,5,0,0,0,23,0,0,0,0,0,3,0,3,0,0,0,0,5,27,0,7,0,71,0,0,68,69,0,0,0,0,0,0,0,1,0,0,0,0,0,0,0,0,0,0,0,0,0,11,0,205,0,0,0,0,0,0,0,0,29,15,0,0,82,0,0,0,94,256,93,96,0,12,0
0,0,113,0,112,0,0,0,0,0,6,0,160,134,196,0,108,0,133,0,258,0,206,0,0,0,0,265,16,0,29,0,31,0,14,0,69,0,0,0,55,302,86,90,150,128,64,379,32,80,192,98,0,0,0,0,0,0,6,0,0,0,83,0,5,0,0,0,0,0,87,0,0,0,0,0,0,0,0,0,0,0,0,0,0,0,0,0,0,0,0,0,0,0,0,0,0,0,0,0,0,0,0,0,0,0,0,0,0,0,0,0,0,0,0,0,0,0,0,0,0,0,0,0,0,0,0,0,0,0,0,0,0,0,0,0,0,2,0,0,0,0,0,0,0,0,0,0,19,0,0,0,26,0,0,0,0,0,7,0,0,0,0,0,97,0,0,0,0,0,0,0,10,0,0,0,0,15,5,0,0,0,0,0,63,0,41,0,0,0,0,0,0,0,0,0,0,0,0,0,0,0,0,0,0,0,0,0,0,0,0,298,277,0,21,0,0,20,0,0,0,0,0,0,0
0,177,0,158,0,341,0,81,0,35,0,148,566,127,0,119,0,101,468,268,262,196,0,172,0,0,265,0,0,0,0,41,0,26,105,117,11,95,0,0,0,120,70,168,0,157,0,159,0,92,172,235,0,0,0,79,0,0,0,0,0,0,0,49,0,46,0,0,0,0,0,0,0,0,0,21,0,0,0,0,0,0,0,0,0,235,0,0,0,0,0,0,0,0,0,0,0,0,0,0,0,0,0,0,0,0,0,0,0,0,0,0,0,0,0,0,0,0,0,0,0,0,0,84,0,0,0,10,0,0,0,0,0,0,0,0,0,0,0,0,0,270,0,451,0,0,0,0,0,0,0,155,0,135,0,0,0,0,0,0,0,0,0,0,0,113,0,28,0,0,0,0,0,7,0,0,0,144,0,2,0,0,0,9,0,40,32,62,0,0,0,0,0,0,0,0,0,0,0,0,0,0,0,0,0,0,0,0,0,71,0,0,0,0,29,0,0,0,75,837,340,0,0,0,0
45,0,250,0,0,0,55,0,11,0,6,12,0,0,2,6,311,10,0,0,45,0,94,33,149,0,16,0,0,0,81,2,13,0,33,0,41,0,1,0,0,0,4,0,8,0,0,0,0,0,7,0,8,0,3,0,0,0,0,0,2,0,25,0,0,0,0,0,0,0,2,0,0,0,0,0,0,0,0,0,0,0,0,0,0,0,0,0,0,0,0,0,0,0,0,0,0,0,0,0,0,0,0,0,0,0,0,0,0,0,0,0,0,0,0,0,0,0,0,0,0,0,0,0,0,0,0,0,3,0,0,0,0,0,0,0,0,0,20,0,54,0,21,0,6,0,0,0,0,0,0,0,0,0,4,0,0,0,4,0,0,0,1,0,0,0,5,0,0,0,0,0,0,0,0,0,18,2,0,0,0,0,22,0,0,0,0,0,0,0,0,0,0,0,0,0,0,0,0,0,0,0,0,0,0,0,0,0,1,0,0,22,3,0,0,0,0,0,0,0,0,0,0,0,0
0,254,0,236,0,75,0,131,9,0,0,29,0,0,0,14,20,247,0,50,0,89,0,120,40,217,0,0,0,0,0,89,0,134,0,189,0,23,0,29,0,0,0,29,0,0,0,0,0,0,0,25,0,22,0,48,0,9,0,0,0,5,0,162,0,0,0,0,0,0,0,0,0,0,0,23,0,0,0,0,0,0,0,0,0,126,0,0,0,0,0,0,0,0,0,0,0,0,0,0,0,0,0,0,0,0,0,0,0,0,0,0,0,0,0,0,0,0,0,0,0,0,0,42,0,0,0,0,0,15,0,0,0,0,0,96,0,6,0,112,0,134,1,231,0,22,0,0,0,0,0,0,0,0,0,0,0,0,0,17,0,0,0,3,0,0,0,0,0,0,0,0,0,0,0,0,0,0,0,0,0,0,2,0,0,0,0,0,0,0,0,0,0,0,0,0,0,0,0,0,0,0,0,0,0,0,0,0,0,0,4,0,0,0,0,0,0,0,0,95,6,0,0,0,0
0,0,27,0,64,0,0,0,0,0,0,0,0,0,29,7,82,0,0,19,48,0,38,0,0,0,29,0,81,0,0,0,18,0,10,0,26,0,33,0,0,0,6,0,4,0,0,0,0,0,25,0,13,0,1,0,0,0,0,0,0,0,70,0,0,0,0,0,0,0,10,0,0,0,8,0,0,0,0,0,8,0,0,0,34,0,0,0,0,0,0,0,0,0,0,0,0,0,0,0,0,0,0,0,0,0,0,0,0,0,0,0,0,0,0,0,0,0,0,0,0,0,0,0,0,0,0,0,7,0,0,0,0,0,0,0,0,0,57,0,121,0,34,0,0,0,0,0,0,0,0,0,0,0,0,0,0,0,6,0,0,0,0,0,0,0,44,0,51,0,0,0,46,0,0,0,18,0,6,0,0,0,0,0,0,0,0,0,0,0,0,0,0,0,0,0,0,0,0,0,0,0,0,0,0,0,0,0,0,0,74,98,38,23,34,0,0,0,0,0,0,0,0,0,0
0,0,0,0,0,258,0,0,0,0,0,65,0,0,27,104,0,18,0,55,19,48,58,24,0,0,0,41,2,89,0,0,0,5,0,39,0,6,0,7,0,1,0,24,0,0,0,0,0,0,0,10,0,0,0,0,0,0,0,0,0,0,0,0,0,0,0,0,0,0,0,0,0,0,0,0,0,0,0,0,0,0,0,0,0,0,0,0,0,0,0,0,0,0,0,0,0,0,0,0,0,0,0,0,0,0,0,0,0,0,0,0,0,0,0,0,0,0,0,0,0,0,0,0,0,0,0,0,0,0,0,0,0,0,0,0,0,5,0,0,0,0,0,0,0,0,0,0,0,0,0,0,0,0,0,0,0,0,0,0,0,0,0,0,0,6,0,36,0,0,0,0,0,0,0,0,7,0,0,0,0,0,0,0,0,0,0,0,0,0,0,0,0,0,0,0,0,0,0,0,0,0,0,0,0,0,0,0,0,0,0,0,0,0,0,0,0,0,95,198,58,0,0,2,0
59,0,230,0,131,0,0,0,0,0,133,0,0,3,0,25,262,3,0,0,179,5,36,42,8,0,31,0,13,0,18,0,0,0,30,0,216,0,13,0,0,0,26,0,17,0,0,0,0,0,27,0,13,0,3,0,0,0,0,0,0,0,16,0,0,0,0,0,0,0,7,0,0,0,15,0,0,0,0,0,0,0,0,0,0,0,0,0,0,0,0,0,0,0,0,0,0,0,0,0,0,0,0,0,0,0,0,0,0,0,0,0,0,0,0,0,0,0,0,0,14,0,0,0,0,0,0,0,0,0,0,0,0,0,0,0,0,0,75,0,75,0,0,0,0,0,0,0,0,0,0,0,0,0,10,0,0,0,16,0,0,0,0,0,0,0,67,0,50,0,3,0,26,0,0,0,36,0,0,0,0,0,15,0,0,0,0,0,0,0,0,0,0,0,0,0,0,0,0,0,0,0,0,0,0,0,0,0,0,0,62,157,56,0,22,0,0,0,0,0,0,0,0,0,0
45,380,90,348,0,195,23,0,0,0,0,163,0,0,0,32,32,158,0,0,0,42,73,79,57,0,0,26,0,134,0,5,0,0,0,140,0,59,8,3,0,0,0,61,0,0,0,0,0,0,0,53,0,5,0,27,0,0,0,0,0,3,0,17,0,0,0,0,0,0,0,1,0,0,0,0,0,0,0,0,0,0,0,0,0,0,0,0,0,0,0,0,0,0,0,0,0,0,0,0,0,0,0,0,0,0,0,0,0,0,0,0,0,0,0,0,0,0,0,0,0,0,0,0,0,0,0,0,0,4,0,0,0,1,0,0,0,0,0,134,0,58,2,0,0,29,0,0,0,0,0,0,0,0,0,12,0,0,0,0,0,0,0,0,0,0,0,78,0,24,0,0,0,0,0,0,12,95,0,8,0,0,1,0,0,0,0,0,0,0,0,0,0,0,0,0,0,0,0,0,0,0,0,0,0,0,0,0,0,0,0,0,0,0,0,0,0,0,69,405,106,0,0,0,0
0,0,0,0,135,0,0,0,0,0,0,0,115,96,90,0,17,0,128,99,80,34,10,0,0,0,14,105,33,0,10,0,30,0,0,9,21,0,14,0,0,0,2,0,6,0,3,24,0,0,35,0,0,0,0,0,0,0,0,0,0,0,0,0,0,0,0,0,0,0,16,0,0,0,0,0,0,0,0,0,0,0,0,0,0,0,0,0,0,0,0,0,0,0,0,0,0,0,0,0,0,0,0,0,0,0,0,0,0,0,0,0,0,0,0,0,0,0,0,0,0,0,0,0,0,0,0,0,0,0,0,0,0,0,0,0,0,0,0,0,0,0,0,0,0,0,0,0,0,0,0,0,2,0,0,0,0,0,0,0,0,0,0,0,28,0,47,0,42,1,0,0,0,0,0,0,0,6,13,0,0,0,0,0,0,0,0,0,0,0,0,0,0,0,0,0,0,0,0,0,0,0,0,0,0,0,0,0,0,0,114,162,101,26,0,0,0,0,0,0,0,0,0,0,0
0,0,0,0,0,106,0,0,0,0,0,0,0,42,37,66,0,29,0,159,39,107,18,25,2,0,0,117,0,189,0,39,0,140,9,0,0,245,0,10,0,0,0,78,0,26,0,0,0,4,0,77,0,6,0,0,0,0,0,0,0,0,0,14,0,0,0,1,0,0,0,0,0,0,0,0,0,0,0,0,0,0,0,0,0,52,0,0,0,0,0,0,0,0,0,0,0,0,0,0,0,0,0,0,0,0,0,0,0,0,0,0,0,0,0,0,0,0,0,0,0,0,0,0,0,0,0,0,0,0,0,0,0,0,0,0,0,0,0,116,0,110,0,136,0,52,0,0,0,0,0,0,0,0,0,0,0,0,0,0,0,0,0,0,0,0,0,105,0,38,0,5,0,6,0,0,0,14,0,0,0,0,0,0,0,3,0,0,0,0,0,0,0,0,0,0,0,0,0,0,0,14,0,0,0,0,0,0,0,0,0,0,0,0,31,0,0,0,150,418,158,0,0,0,0
28,0,55,0,202,0,0,0,0,0,130,0,12,0,103,7,16,0,6,23,112,0,19,0,0,0,69,11,41,0,26,0,216,0,21,0,0,0,25,0,0,0,32,0,108,0,2,0,7,0,26,0,22,0,5,0,0,0,0,0,12,0,16,0,0,0,0,0,0,0,96,0,0,0,81,0,0,0,0,0,56,0,0,0,104,0,0,0,0,0,0,0,0,0,0,0,169,0,0,0,0,0,0,0,0,0,0,0,0,0,0,0,0,0,0,0,0,0,0,0,117,0,0,0,0,0,0,0,1,0,0,0,0,0,0,0,9,0,165,0,232,0,61,0,184,0,0,0,0,0,0,0,0,0,29,0,0,0,6,0,0,0,0,0,12,0,39,0,66,0,0,0,64,0,0,0,37,0,9,0,0,0,16,0,0,0,0,0,0,0,0,0,0,0,0,0,0,0,0,0,0,0,0,0,0,0,0,0,0,0,45,95,77,24,19,0,0,0,0,0,0,0,0,0,0
0,280,0,124,0,228,0,0,0,0,0,82,14,39,23,49,13,25,0,92,15,33,34,39,67,44,0,95,0,23,0,6,0,59,0,245,0,0,0,63,0,0,0,60,0,24,0,0,0,2,0,34,0,24,4,18,0,0,0,0,0,34,0,34,0,0,0,0,0,0,0,6,0,0,0,15,0,0,0,0,0,0,0,0,0,60,0,0,0,0,0,0,0,0,0,0,0,0,0,0,0,0,0,0,0,0,0,0,0,0,0,0,0,0,0,0,0,0,0,0,0,57,0,29,0,0,0,0,0,0,0,0,0,2,0,0,0,0,0,198,0,156,0,130,0,255,0,0,0,0,0,0,0,0,0,8,0,66,0,0,0,0,0,3,0,33,0,77,0,48,0,0,0,77,0,0,0,175,0,10,0,0,0,52,0,0,0,0,0,0,0,0,0,0,0,0,0,0,0,0,0,0,0,0,0,0,0,0,0,0,0,0,0,0,30,0,0,0,51,318,149,0,0,0,0
109,0,348,0,0,0,0,0,33,0,0,6,0,0,0,0,317,31,0,0,15,0,86,67,118,24,0,0,1,0,33,0,13,8,14,0,25,0,0,0,0,0,6,0,11,0,0,0,0,0,0,0,44,0,0,0,0,0,0,0,10,0,39,0,0,0,0,0,0,0,0,0,0,0,0,0,0,0,0,0,0,0,0,0,0,0,0,0,0,0,0,0,0,0,0,0,0,0,0,0,0,0,0,0,0,0,0,0,0,0,0,0,0,0,0,0,0,0,0,0,0,0,0,0,0,0,0,0,0,0,0,0,0,0,0,0,0,0,46,0,13,0,0,0,29,0,0,0,0,0,0,0,0,0,23,0,13,0,23,0,0,0,0,0,0,0,6,0,0,0,4,0,25,0,0,0,130,0,0,0,16,0,70,0,0,0,0,0,0,0,0,0,0,0,0,0,0,0,0,0,0,0,0,0,0,0,0,0,0,0,21,81,29,0,0,0,0,0,0,0,0,0,0,0,0
0,421,0,138,0,0,0,629,0,0,0,15,0,0,0,5,0,207,0,0,0,6,0,0,51,182,0,0,0,29,0,7,0,3,0,10,0,63,0,0,0,1,0,3,0,0,0,0,0,0,0,0,0,3,12,31,0,4,0,0,0,0,0,35,0,0,0,0,0,0,0,0,0,0,0,0,0,0,0,0,0,0,0,0,0,0,0,0,0,0,0,0,0,0,0,0,0,0,0,0,0,0,0,0,0,0,0,0,0,0,0,0,0,0,0,0,0,0,0,0,0,0,0,0,0,0,0,0,0,0,0,0,0,0,0,0,0,0,0,14,0,0,0,4,0,5,0,0,0,0,0,0,0,0,0,0,0,9,0,0,0,0,0,1,0,0,0,3,0,0,0,0,0,12,0,0,12,150,0,0,0,0,1,49,0,0,0,0,0,0,0,0,0,0,0,0,0,0,0,0,0,0,0,0,0,0,0,0,0,0,0,1,0,0,0,0,0,0,3,162,3,0,0,0,0
21,0,63,0,80,0,0,0,0,0,26,0,173,36,22,0,0,0,27,0,0,0,9,0,0,0,55,0,0,0,0,0,0,0,0,0,0,0,0,0,0,324,48,54,140,125,43,285,98,180,20,40,0,1,0,0,0,0,0,0,0,0,0,0,0,0,0,0,0,0,0,0,0,0,0,0,0,0,0,0,0,0,0,0,0,0,0,0,0,0,0,0,0,0,0,0,0,0,0,0,0,0,0,0,0,0,0,0,0,0,0,0,0,0,0,0,0,0,0,0,0,0,0,0,0,0,0,0,0,0,0,0,0,0,0,0,0,0,0,0,0,0,0,0,0,0,0,0,0,0,0,0,23,0,0,0,0,0,0,0,0,0,0,0,0,0,0,0,0,0,0,0,0,0,0,0,18,55,88,0,44,0,10,0,41,0,147,0,0,0,0,0,0,0,0,0,0,0,0,0,0,0,0,0,0,0,0,0,0,0,0,187,68,0,0,0,0,37,0,0,0,0,0,0,3
0,0,0,0,0,125,0,0,0,0,2,159,146,217,0,0,0,0,145,4,54,0,0,0,0,0,302,120,0,0,0,1,0,0,0,0,0,0,0,1,324,0,89,36,118,80,136,82,13,94,121,25,0,0,0,0,0,0,0,0,0,0,0,0,0,0,0,0,0,0,0,0,0,0,0,0,0,0,0,0,0,0,0,0,0,0,0,0,0,0,0,1,0,0,0,0,0,0,0,0,1,0,0,0,0,0,0,2,0,0,0,0,0,0,0,0,0,0,0,0,0,0,0,0,0,0,0,0,0,0,0,0,0,0,0,0,0,0,0,0,0,0,0,0,0,0,0,0,0,0,0,0,0,0,0,0,0,0,0,0,0,0,0,0,0,27,0,0,0,0,0,0,0,0,0,0,0,196,0,45,0,31,0,4,0,0,69,10,0,0,0,0,0,0,0,0,0,0,0,0,0,0,0,0,0,0,0,0,0,0,0,0,0,0,0,0,0,0,3,117,29,0,0,0,59
0,0,0,0,0,0,1,0,0,0,0,0,35,0,0,0,0,0,27,0,7,0,0,0,0,0,86,70,4,0,6,0,26,0,2,0,32,0,6,0,48,89,0,19,105,63,39,167,75,83,54,23,0,0,0,0,0,0,0,0,1,0,0,0,1,0,0,0,0,0,0,0,3,0,13,0,0,0,0,0,0,0,0,0,0,0,0,0,0,0,0,0,0,0,0,0,0,0,0,0,0,0,0,0,0,0,0,0,0,0,0,0,0,0,0,0,0,0,0,0,0,0,0,0,0,0,0,0,0,0,0,0,0,0,0,0,0,0,0,0,0,0,0,0,0,0,0,0,0,0,0,0,0,0,0,0,0,0,0,0,0,0,11,0,14,0,10,0,8,0,5,0,11,0,0,0,3,0,0,0,0,0,0,0,0,0,34,0,0,0,0,0,0,0,0,0,0,0,0,0,0,0,0,0,0,0,0,0,0,0,23,71,70,6,0,0,0,0,0,0,0,0,0,0,0
0,0,0,2,0,0,0,0,0,0,0,0,0,93,0,0,0,0,114,69,0,64,0,0,0,0,90,168,0,29,0,24,0,61,0,78,0,60,0,3,54,36,19,0,0,63,19,50,0,27,0,53,0,0,0,0,0,7,0,0,0,0,0,0,0,0,0,0,0,0,0,0,0,0,0,12,0,0,0,2,0,0,0,0,0,86,0,0,0,0,0,0,0,0,0,0,0,0,0,0,0,0,0,0,0,0,0,0,0,0,0,0,0,0,0,0,0,0,0,0,0,0,0,51,0,0,0,0,0,0,0,0,0,0,0,0,0,0,0,0,0,0,0,131,0,89,0,0,0,0,0,0,0,0,0,0,0,0,0,0,0,0,0,0,0,33,0,13,0,0,0,5,0,10,0,0,0,122,0,0,0,0,0,0,0,0,6,198,0,0,0,0,0,0,0,0,0,0,0,0,0,0,0,0,0,0,0,0,0,0,0,0,0,0,0,0,0,0,78,230,112,0,0,0,0
0,0,77,0,17,0,9,0,0,0,0,0,79,0,47,0,81,0,31,0,76,0,110,0,0,0,150,0,8,0,4,0,17,0,6,0,108,0,11,0,140,118,105,0,0,43,245,87,202,89,62,0,40,0,0,0,19,0,12,0,0,0,91,0,10,0,0,0,0,0,140,0,10,0,104,0,3,0,17,0,117,0,0,0,205,0,93,0,0,0,0,0,25,0,59,0,531,0,149,0,30,0,22,0,18,0,0,0,0,0,0,0,0,0,0,0,0,0,0,0,158,0,0,0,0,0,0,0,0,0,4,0,0,0,51,0,0,0,0,0,0,0,140,0,0,0,0,0,36,0,0,0,0,0,0,0,0,0,0,0,0,0,33,0,137,0,45,0,94,0,31,0,55,0,114,0,22,23,46,0,106,0,0,0,193,0,124,0,0,0,0,0,0,0,13,0,0,0,0,0,0,0,0,0,0,0,0,0,0,0,47,142,180,17,15,0,1,91,0,0,0,0,0,0,0
0,0,0,0,0,0,0,0,0,0,0,19,94,25,0,0,0,0,64,27,33,0,0,11,0,0,128,157,0,0,0,0,0,0,0,26,0,24,0,0,125,80,63,63,43,0,54,203,19,200,74,89,0,0,0,0,0,0,0,0,0,0,0,0,0,0,0,4,0,8,0,22,0,0,0,0,0,0,0,0,0,172,0,0,0,106,0,44,0,0,0,0,0,0,0,35,0,0,0,130,0,65,0,0,0,14,0,0,0,0,0,0,0,0,0,0,0,0,0,0,0,0,0,0,0,0,0,0,0,3,0,0,0,0,0,0,0,0,0,0,0,88,0,100,0,90,0,0,0,0,2,0,0,0,0,0,0,0,0,0,0,8,0,0,0,157,0,16,0,105,0,0,0,7,0,0,0,105,0,0,0,0,0,0,0,0,34,96,0,0,0,0,0,0,0,68,0,0,0,0,0,0,0,0,0,0,0,0,0,0,0,0,0,0,24,0,0,1,140,390,303,27,0,0,89
0,0,81,0,75,0,0,0,15,0,17,0,144,9,25,0,20,0,15,0,0,0,73,0,0,0,64,0,0,0,0,0,0,0,3,0,2,0,0,0,43,136,39,19,245,54,0,86,100,117,19,0,23,0,5,0,0,0,0,0,0,0,0,0,5,0,0,0,0,0,0,0,0,0,0,0,0,0,0,0,0,0,0,0,0,0,0,0,0,0,0,0,0,0,0,0,0,0,0,0,0,0,0,0,0,0,0,0,0,0,0,0,0,0,0,0,0,0,0,0,0,0,0,0,0,0,0,0,0,0,0,0,0,0,0,0,0,0,0,0,0,0,0,0,0,0,0,0,25,0,0,0,0,0,0,0,0,0,0,0,0,0,0,0,39,0,0,0,0,0,0,0,0,0,0,0,0,21,71,0,106,0,18,0,96,0,47,0,0,0,0,0,0,0,0,0,0,0,0,0,0,0,0,0,0,0,0,0,0,0,0,247,126,0,0,0,0,102,0,0,0,0,0,0,0
0,0,0,0,0,87,0,0,0,0,0,61,260,72,0,2,0,0,223,33,85,20,0,0,0,0,379,159,0,0,0,0,0,0,24,0,0,0,0,0,285,82,167,50,87,203,86,0,12,90,195,24,0,0,0,0,0,0,0,0,0,0,0,5,0,6,0,0,0,0,0,0,0,0,0,0,0,0,0,0,0,0,0,0,0,0,0,0,0,0,0,0,0,0,0,0,0,0,0,0,0,0,0,0,0,0,0,0,0,0,0,0,0,0,0,0,0,0,0,0,0,0,0,0,0,0,0,0,0,0,0,0,0,0,0,0,0,0,0,0,0,0,0,0,0,0,0,0,0,0,0,0,0,0,0,0,0,0,0,0,0,0,0,0,0,0,0,0,0,0,0,0,0,0,0,0,0,95,9,0,0,0,0,0,0,5,77,14,0,0,0,0,0,0,0,0,0,0,0,0,0,0,0,0,0,0,0,0,0,0,0,0,0,0,5,0,0,0,0,348,70,0,0,0,71
7,0,21,0,8,0,81,0,23,0,14,0,19,1,3,0,11,1,4,0,3,0,23,0,0,0,32,0,0,0,0,0,0,0,0,0,7,0,0,0,98,13,75,0,202,19,100,12,0,49,15,0,8,0,15,0,60,0,28,1,11,0,0,0,0,0,0,0,15,0,25,0,1,0,21,0,0,0,10,0,24,0,17,0,22,0,18,0,3,0,0,0,16,0,33,3,66,0,0,0,13,0,13,0,6,0,11,0,0,0,0,0,0,0,0,0,0,0,0,1,0,0,21,0,5,0,0,0,0,0,13,0,3,0,22,0,5,0,0,0,10,0,35,0,4,0,0,0,0,0,28,0,0,0,4,0,2,0,6,0,32,0,33,0,53,7,9,0,33,0,36,0,31,0,48,0,29,7,19,0,57,0,0,0,27,0,221,0,10,0,9,0,57,0,14,0,0,0,30,0,10,0,46,0,0,0,16,0,28,0,126,232,279,14,201,13,4,59,0,2,0,0,0,0,10
0,24,0,0,0,38,0,13,0,0,0,47,0,92,0,5,0,0,17,22,9,0,0,0,0,0,80,92,0,0,0,0,0,0,0,4,0,2,0,0,180,94,83,27,89,200,117,90,49,0,37,19,0,0,0,10,0,0,0,0,0,0,0,0,0,0,0,0,0,5,0,0,0,0,0,0,0,4,0,0,0,61,0,34,0,13,0,22,0,0,0,0,0,0,0,37,0,0,0,58,0,48,0,0,0,13,0,0,0,0,0,1,0,14,0,0,0,0,0,0,0,0,0,0,0,0,0,3,0,0,0,0,0,0,0,0,0,0,0,0,0,0,0,0,0,0,0,4,0,0,0,34,0,30,0,0,0,0,0,0,0,0,0,0,0,90,0,1,0,42,0,0,0,3,0,9,0,84,0,20,0,22,0,2,0,0,81,28,0,20,0,0,0,0,0,41,0,0,0,0,0,0,0,5,0,0,1,0,0,0,0,11,0,0,12,0,0,2,19,0,31,2,0,0,68
0,0,0,0,149,0,0,0,0,0,0,0,222,0,35,0,0,0,352,43,118,6,0,0,0,0,192,172,7,0,25,0,27,0,35,0,26,0,0,0,20,121,54,0,62,74,19,195,15,37,0,0,0,0,0,0,15,0,10,0,3,0,0,0,0,0,0,0,0,0,60,0,7,0,0,0,0,0,0,0,0,0,0,0,0,0,0,0,0,0,0,0,6,0,0,0,0,0,0,0,0,0,0,0,0,0,0,0,0,0,0,0,0,0,0,0,0,0,0,0,0,0,0,0,0,0,1,0,0,0,0,0,0,0,0,0,0,0,0,0,0,0,0,0,22,0,0,0,0,0,0,0,0,0,0,0,0,0,0,0,0,0,35,0,83,0,38,0,102,0,21,0,47,0,0,0,0,0,0,0,0,0,0,0,0,0,42,0,0,0,0,0,0,0,0,0,0,0,0,0,0,0,0,0,0,0,0,0,0,0,61,112,129,32,18,0,0,0,0,0,0,0,0,0,0
0,11,0,0,0,0,0,0,0,0,0,0,185,219,0,0,0,9,164,315,0,65,0,0,0,0,98,235,0,25,0,10,0,53,0,77,0,34,0,0,40,25,23,53,0,89,0,24,0,19,0,0,0,0,0,0,0,0,0,0,0,12,0,0,0,0,0,0,0,0,0,33,0,0,0,38,0,0,0,0,0,196,0,0,0,145,0,0,0,0,0,0,0,0,0,0,0,0,0,155,0,58,0,0,0,0,0,0,0,0,0,0,0,0,0,0,0,0,0,1,0,130,0,79,0,0,0,0,0,3,0,0,0,0,0,0,0,0,0,37,0,111,0,126,0,173,0,0,0,0,0,0,0,0,0,0,0,0,0,3,0,0,0,0,0,45,0,39,0,54,0,24,0,33,0,0,0,79,0,0,0,7,0,0,0,0,10,208,0,0,0,0,0,0,0,0,0,0,0,0,0,0,0,0,0,0,0,0,0,0,0,0,0,0,30,0,0,0,123,188,115,49,0,1,1
9,32,0,0,22,0,50,94,71,180,0,0,0,0,0,0,111,0,0,0,28,0,0,0,81,168,0,0,8,0,13,0,13,0,0,0,22,0,44,0,0,0,0,0,40,0,23,0,8,0,0,0,0,43,67,257,81,16,209,31,79,0,99,32,0,0,5,73,3,0,0,0,0,0,0,0,0,0,0,0,0,0,0,0,0,0,0,0,0,0,0,0,0,0,0,0,0,0,1,0,0,0,0,0,0,0,25,0,0,0,0,0,0,0,0,0,0,0,0,0,0,0,0,0,0,0,0,0,63,0,3,0,3,0,0,0,76,0,103,0,122,0,139,0,20,0,0,0,0,0,0,0,0,0,154,0,82,0,83,0,8,0,16,0,0,0,0,0,21,0,98,6,7,5,0,0,24,23,0,0,0,0,0,0,17,11,1,0,0,0,0,0,0,0,0,0,0,0,0,0,35,0,0,0,0,0,0,0,0,0,52,341,94,143,112,8,59,0,7,0,0,2,0,0,0
0,0,0,0,0,0,0,22,0,98,0,0,0,0,0,0,0,58,0,0,0,0,0,12,0,12,0,0,0,22,0,0,0,5,0,6,0,24,0,3,1,0,0,0,0,0,0,0,0,0,0,0,43,0,37,72,35,34,89,69,3,94,0,87,0,12,59,60,0,0,0,0,0,0,0,0,0,0,0,0,0,0,0,0,0,3,0,0,0,0,0,0,0,0,0,2,0,0,0,0,0,0,0,0,0,0,0,0,0,0,0,0,0,0,0,0,0,0,0,0,0,0,0,0,0,0,0,0,0,15,0,6,0,0,0,22,0,10,0,109,0,31,0,84,0,5,0,0,0,0,0,0,0,0,6,113,2,108,0,77,0,17,0,0,0,0,0,0,0,0,0,14,0,0,0,0,0,0,0,0,0,0,0,0,0,79,0,0,0,0,0,0,0,0,0,0,0,0,0,0,0,0,0,0,0,0,0,0,0,0,0,0,0,0,87,0,0,0,52,133,0,59,9,0,0
0,135,132,0,7,0,172,158,41,370,8,2,9,0,30,1,5,24,0,0,0,0,45,0,254,397,0,0,3,0,1,0,3,0,0,0,5,4,0,12,0,0,0,0,0,0,5,0,15,0,0,0,67,37,0,227,79,0,138,0,30,0,23,52,2,1,20,30,0,0,0,0,0,0,0,1,0,0,0,0,0,0,0,0,0,0,0,0,0,0,0,0,0,0,0,0,0,0,0,0,0,0,4,0,0,0,0,0,0,0,0,0,0,0,0,0,0,0,0,0,0,0,0,0,0,0,0,0,0,0,0,0,0,0,65,0,51,0,10,0,15,0,83,0,0,0,0,0,3,0,0,0,0,0,17,0,7,0,13,0,37,0,0,0,0,0,0,0,17,0,100,0,0,0,0,0,23,36,0,0,0,0,0,0,2,8,0,0,0,0,0,0,0,0,0,0,0,0,13,0,0,0,0,0,0,0,0,0,12,0,197,49,86,237,244,0,36,0,0,0,6,0,0,0,0
0,20,0,68,0,29,37,548,140,166,0,26,0,11,0,156,0,39,0,0,0,0,0,51,6,243,0,79,0,48,0,0,0,27,0,0,0,18,0,31,0,0,0,0,0,0,0,0,0,10,0,0,257,72,227,0,106,206,343,109,0,70,23,178,0,10,263,20,0,0,0,0,0,0,0,0,0,0,0,0,0,0,0,0,0,25,0,0,0,0,0,0,1,0,0,0,0,0,0,0,0,0,0,0,0,0,0,0,0,0,0,0,0,0,0,0,0,0,0,0,0,0,0,0,0,3,0,0,0,37,0,11,0,0,0,215,0,92,0,113,0,46,0,187,0,4,0,0,0,3,0,0,0,0,34,32,18,7,2,17,0,13,0,0,0,5,0,0,2,35,0,57,0,0,0,0,12,29,0,0,0,0,0,0,20,53,0,0,0,0,0,0,0,0,0,0,0,0,0,0,0,0,0,0,0,0,0,0,0,0,0,0,0,0,339,0,0,0,126,96,111,387,14,55,0
0,0,10,0,0,0,17,0,9,0,0,0,0,0,0,0,0,0,0,0,13,0,0,0,29,0,0,0,0,0,0,0,0,0,0,0,0,0,0,0,0,0,0,0,19,0,0,0,60,0,15,0,81,35,79,106,0,121,393,202,21,0,1,0,68,0,51,250,0,0,0,0,0,0,0,0,0,0,0,0,0,0,0,0,0,0,0,0,0,0,0,0,0,0,0,0,0,0,0,0,3,0,0,0,0,0,0,0,0,0,0,0,0,0,0,0,0,0,0,0,0,0,0,0,2,0,0,0,49,0,15,0,15,0,25,0,47,0,3,0,22,0,36,0,2,0,0,0,5,0,0,0,0,0,183,23,61,0,128,0,216,0,74,0,10,0,0,0,47,0,174,0,0,0,14,19,0,5,0,0,0,0,0,0,15,33,0,0,0,0,0,0,0,0,0,0,0,0,3,0,0,0,0,0,0,0,0,0,14,0,564,250,547,614,1100,153,131,0,0,0,0,0,0,0,0
0,0,0,11,0,0,0,25,0,80,0,6,0,6,0,27,0,12,0,0,0,0,0,0,0,55,0,0,0,9,0,0,0,0,0,0,0,0,0,4,0,0,0,7,0,0,0,0,0,0,0,0,16,34,0,206,121,0,135,394,0,0,0,33,100,9,58,35,0,0,0,0,0,0,0,0,0,0,0,0,0,0,0,0,0,0,0,0,0,0,0,0,0,0,0,0,0,0,0,0,0,0,0,0,0,0,0,0,0,0,0,0,0,0,0,0,0,0,0,0,0,0,0,0,0,0,0,0,0,48,0,7,1,22,0,98,0,62,36,86,0,38,0,89,43,0,0,0,0,0,0,0,0,0,80,302,20,39,67,139,83,62,0,0,0,8,0,0,0,78,1,194,0,0,0,5,0,1,0,0,0,44,0,0,0,66,0,0,0,0,0,0,0,0,0,0,0,0,0,0,0,0,0,0,0,0,0,0,0,0,0,0,0,0,417,0,0,0,101,42,251,570,153,46,0
18,0,0,0,0,0,12,0,96,233,0,0,0,0,0,0,0,0,0,0,0,0,0,0,0,0,6,0,0,0,0,0,0,0,0,0,0,0,0,0,0,0,0,0,12,0,0,0,28,0,10,0,209,89,138,343,393,135,0,247,151,0,11,0,47,0,360,326,0,0,0,0,2,0,0,0,0,0,2,0,0,0,0,0,0,0,0,0,0,0,0,0,3,0,0,0,0,0,0,0,0,0,0,0,0,0,0,0,0,0,0,0,0,0,0,0,0,0,0,0,0,0,0,0,0,0,0,0,0,0,21,0,0,0,0,0,0,0,2,0,0,0,0,0,1,0,0,0,5,0,0,0,0,0,32,11,90,0,3,0,26,0,0,0,0,0,4,0,23,0,138,0,0,0,16,3,29,0,0,0,54,0,0,0,216,50,0,0,0,0,0,0,0,0,0,0,1,0,0,0,0,0,0,0,0,0,0,0,0,0,844,171,180,434,865,74,0,0,0,12,0,0,0,0,0
0,6,0,19,0,0,0,41,0,172,0,0,0,0,0,0,0,0,0,0,0,0,0,11,0,26,0,0,0,0,0,0,0,0,0,0,0,0,0,0,0,0,0,0,0,0,0,0,1,0,0,0,31,69,0,109,202,394,247,0,4,0,0,61,152,71,68,79,0,4,0,0,0,0,0,0,0,0,0,0,0,0,0,0,0,0,0,0,0,0,0,0,0,0,0,0,0,0,0,0,0,1,0,1,0,0,0,0,0,0,0,0,0,0,0,0,0,0,0,0,0,0,0,0,0,4,0,0,0,0,0,15,0,0,0,0,0,0,0,13,0,0,0,0,57,0,3,0,0,0,0,0,0,0,107,82,24,153,95,32,0,54,0,0,0,17,0,21,0,135,1,249,0,80,5,6,0,0,0,0,47,102,0,0,0,15,0,0,0,1,0,0,0,0,0,0,0,0,0,0,0,0,0,0,0,0,0,0,0,0,0,4,0,0,1588,0,0,0,739,205,419,1135,380,67,0
111,0,114,0,19,0,379,0,331,0,0,0,0,0,11,0,21,0,0,0,0,0,14,0,62,0,0,0,2,0,0,0,0,0,0,0,12,0,10,0,0,0,1,0,0,0,0,0,11,0,3,0,79,3,30,0,21,0,151,4,0,0,83,0,0,0,0,0,0,0,3,0,0,0,0,0,0,0,0,0,0,0,0,0,0,0,0,0,0,0,0,0,0,0,0,0,0,0,0,0,0,0,0,0,0,0,0,0,0,0,0,0,0,0,0,0,0,0,0,0,0,0,0,0,0,0,0,0,0,0,0,0,0,0,0,0,1,0,181,0,63,0,0,0,246,0,0,0,0,0,0,0,0,0,128,0,169,0,55,0,0,0,6,0,0,0,0,0,4,0,148,0,93,0,0,0,198,25,0,0,0,0,15,0,44,0,0,0,0,0,0,0,0,0,0,0,0,0,0,0,0,0,0,0,0,0,0,0,0,0,95,283,65,154,75,0,29,4,0,0,0,0,0,0,0
0,102,0,0,0,0,0,340,0,438,0,0,0,0,0,0,0,0,0,0,0,0,0,0,0,28,0,0,0,5,0,0,0,3,0,0,0,34,0,0,0,0,0,0,0,0,0,0,0,0,0,12,0,94,0,70,0,0,0,0,0,0,0,81,0,0,0,64,0,0,0,0,0,0,0,0,0,0,0,0,0,0,0,0,0,0,0,0,0,0,0,0,0,0,0,0,0,0,0,0,0,0,0,0,0,0,0,0,0,0,0,0,0,0,0,0,0,0,0,0,0,0,0,0,0,0,0,0,0,2,0,0,0,0,0,0,0,0,0,68,0,23,0,3,0,94,0,0,0,0,0,0,0,0,0,8,0,116,0,22,0,0,0,5,0,4,0,4,0,25,0,64,0,97,0,0,0,113,0,0,0,0,0,0,0,41,0,0,0,0,0,0,0,0,0,0,0,0,0,0,0,0,0,0,0,0,0,0,0,0,0,0,0,0,101,0,0,0,58,237,126,218,0,29,0
53,58,73,21,0,0,376,53,260,34,0,0,12,0,17,0,380,16,27,0,149,0,49,0,142,163,83,0,25,0,70,0,16,0,0,0,16,0,39,0,0,0,0,0,91,0,0,0,0,0,0,0,99,0,23,23,1,0,11,0,83,0,0,5,0,0,0,0,0,0,0,0,0,0,3,0,0,0,0,0,0,0,0,0,0,0,0,0,0,0,0,0,0,0,0,0,0,0,0,0,0,0,0,0,0,0,0,0,0,0,0,0,0,0,0,0,0,0,0,0,0,0,14,0,0,0,0,0,7,0,0,0,0,0,0,0,22,0,45,0,101,0,30,0,11,0,0,0,0,0,0,0,0,0,9,0,3,0,17,0,0,0,0,0,0,0,0,0,0,0,31,0,13,0,0,0,148,14,0,0,0,0,8,0,20,0,0,0,0,0,0,0,0,0,0,0,0,0,0,0,0,0,0,0,0,0,0,0,0,0,57,225,24,33,27,0,0,0,0,0,0,0,0,0,0
0,0,0,0,0,0,27,133,0,364,0,0,0,0,0,0,0,261,0,0,0,69,0,63,3,44,0,49,0,162,0,0,0,17,0,14,0,34,0,35,0,0,0,0,0,0,0,5,0,0,0,0,32,87,52,178,0,33,0,61,0,81,5,0,0,0,0,29,0,0,0,0,0,0,0,0,0,0,0,0,0,0,0,0,0,0,0,0,0,0,0,0,0,0,0,1,0,0,0,0,0,0,0,0,0,0,0,0,0,0,0,0,0,0,0,0,0,0,0,0,0,0,0,0,0,0,0,0,0,13,0,0,0,6,0,21,0,0,0,64,0,26,0,92,0,6,0,1,0,0,0,0,0,0,1,19,0,26,0,17,0,0,0,0,0,0,0,0,0,0,0,0,0,0,0,0,0,62,0,0,0,0,0,0,0,23,0,0,0,0,0,0,0,0,0,0,0,0,0,0,0,0,0,0,0,0,0,0,0,0,0,2,0,0,44,0,0,0,23,252,16,37,0,7,0
4,0,0,0,0,0,53,0,185,0,0,0,0,0,2,0,0,0,0,0,0,0,0,0,0,0,5,0,0,0,0,0,0,0,0,0,0,0,0,0,0,0,1,0,10,0,5,0,0,0,0,0,0,0,2,0,68,100,47,152,0,0,0,0,0,0,170,0,0,0,0,0,0,0,0,0,0,0,0,0,0,0,0,0,0,0,0,0,0,0,0,0,0,0,0,0,0,0,0,0,0,0,0,0,0,0,0,0,0,0,0,0,0,0,0,0,0,0,0,0,0,0,0,0,0,0,5,0,0,0,15,0,0,0,0,0,0,0,13,0,1,0,0,0,33,0,6,0,35,0,0,0,3,0,0,64,2,0,0,37,106,0,7,0,0,0,0,0,0,0,0,0,0,0,47,11,4,0,10,0,254,25,0,0,143,18,0,0,0,0,0,0,0,0,0,0,0,0,0,0,0,0,0,0,0,0,0,0,2,0,66,18,0,0,0,0,0,0,6,4,0,0,0,0,0
0,56,0,0,0,16,0,8,0,154,0,35,0,0,0,0,0,0,0,25,0,0,0,0,0,0,0,46,0,0,0,0,0,0,0,0,0,0,0,0,0,0,0,0,0,0,0,6,0,0,0,0,0,12,1,10,0,9,0,71,0,0,0,0,0,0,0,665,0,0,0,0,0,2,0,0,0,0,0,0,0,0,0,0,0,0,0,0,0,0,0,0,0,0,0,0,0,0,0,0,0,0,0,1,0,0,0,0,0,0,0,0,0,0,0,0,0,0,0,0,0,0,0,0,0,25,0,5,0,0,0,34,0,0,0,0,8,0,0,30,0,3,0,0,0,48,0,8,0,131,0,16,0,25,14,23,0,30,0,28,97,223,0,0,0,0,0,0,0,0,0,0,0,0,4,2,0,0,0,0,52,147,0,8,0,35,0,0,0,0,0,0,0,0,0,0,0,0,0,0,0,0,0,0,0,0,0,0,0,4,0,0,0,0,148,0,0,0,129,12,0,0,0,0,0
1,0,0,0,0,0,9,0,31,176,0,0,0,0,0,0,0,0,0,0,0,0,0,0,0,50,0,0,0,0,0,0,0,0,0,0,0,0,0,0,0,0,0,0,0,0,0,0,0,0,0,0,5,59,20,263,51,58,360,68,0,0,0,0,170,0,0,88,0,0,0,0,0,0,0,0,0,0,0,0,0,0,0,0,0,0,0,0,0,0,0,0,0,0,0,0,0,0,0,0,0,0,0,0,0,0,0,0,0,0,0,0,0,0,0,0,0,0,0,0,0,1,0,0,1,0,0,0,0,0,0,0,0,0,0,0,0,0,0,0,0,0,0,0,0,0,0,0,7,0,0,0,0,0,0,4,0,0,0,0,3,0,0,0,1,0,0,0,0,0,9,2,0,4,0,0,87,27,0,0,0,0,0,0,654,15,0,0,0,0,0,0,0,0,0,0,0,0,0,0,0,0,0,0,0,0,0,0,0,0,49,4,6,0,49,0,0,0,8,5,0,0,0,0,0
0,1,0,0,0,0,0,51,0,74,0,0,0,0,0,0,0,0,0,0,0,0,0,0,0,0,0,0,0,0,0,0,0,0,0,1,0,0,0,0,0,0,0,0,0,4,0,0,0,0,0,0,73,60,30,20,250,35,326,79,0,64,0,29,0,665,88,0,0,0,0,0,0,0,0,0,0,0,0,0,0,0,0,0,0,0,0,0,0,0,0,0,0,0,0,0,0,0,0,0,0,0,0,0,0,0,0,0,0,0,0,0,0,0,0,0,0,0,0,0,0,0,0,0,0,4,0,2,0,0,0,32,0,0,0,0,0,0,0,0,0,0,0,0,27,10,0,0,0,13,0,3,0,0,100,45,22,74,68,25,0,28,0,0,0,0,0,0,0,24,3,63,0,42,0,14,8,4,0,0,0,128,0,0,19,198,0,0,0,0,0,0,0,0,0,0,0,0,0,0,0,0,0,0,0,1,0,0,0,1,0,0,0,0,358,0,0,0,298,118,72,0,58,0,0
0,0,0,0,0,0,0,0,0,0,0,0,0,0,0,0,0,0,0,0,0,0,0,0,0,0,0,0,0,0,0,0,0,0,0,0,0,0,0,0,0,0,0,0,0,0,0,0,15,0,0,0,3,0,0,0,0,0,0,0,0,0,0,0,0,0,0,0,0,0,0,0,11,0,0,0,102,0,38,0,8,0,75,0,0,0,13,0,11,0,0,0,77,0,45,0,0,0,14,2,30,0,171,0,0,0,0,0,18,0,7,0,3,0,3,0,3,0,3,0,0,0,0,0,0,1,0,0,0,0,0,0,0,0,0,0,2,0,0,0,0,0,0,0,0,0,0,0,0,0,6,0,0,0,0,0,0,0,0,0,0,0,20,0,27,0,0,0,225,0,35,0,0,0,0,0,0,0,0,0,0,0,0,0,0,0,0,0,24,0,0,0,52,0,27,0,0,0,0,0,0,0,0,0,16,0,0,0,0,0,32,0,68,0,69,109,65,0,0,0,0,0,0,0,0
0,0,0,0,0,0,0,0,0,0,0,0,0,0,0,0,0,0,0,0,0,0,0,0,0,0,0,0,0,0,0,0,0,0,0,0,0,0,0,0,0,0,0,0,0,8,0,0,0,5,0,0,0,0,0,0,0,0,0,4,0,0,0,0,0,0,0,0,0,0,0,1,0,0,0,0,0,84,0,0,0,0,0,103,0,0,0,10,0,14,0,0,0,77,0,44,0,0,0,4,0,28,0,97,0,0,0,0,0,10,0,19,0,4,0,0,0,0,0,0,0,0,0,0,0,7,0,0,0,0,0,0,0,0,0,0,0,0,0,0,0,0,0,0,0,0,0,0,0,0,0,0,0,0,0,0,0,0,0,0,0,0,0,4,0,12,0,0,0,95,0,9,0,1,0,0,0,0,0,0,0,0,0,0,0,0,0,0,0,21,0,0,0,0,0,0,0,11,0,11,0,0,0,0,0,0,0,0,0,0,0,0,0,0,7,0,0,0,24,11,73,3,39,14,0
0,0,0,0,0,0,0,0,0,0,0,0,0,0,0,0,16,0,0,0,121,0,0,0,0,0,87,0,2,0,10,0,7,0,16,0,96,0,0,0,0,0,0,0,140,0,0,0,25,0,60,0,0,0,0,0,0,0,0,0,3,0,0,0,0,0,0,0,0,0,0,0,185,0,215,0,4,0,85,0,19,0,0,0,0,0,36,0,0,0,0,0,1,0,0,0,3,0,0,0,0,0,0,0,0,0,0,0,0,0,0,0,0,0,0,0,0,0,0,0,6,0,0,0,0,0,0,0,9,0,0,0,0,0,0,0,0,0,4,0,60,0,12,0,25,0,19,0,29,0,46,0,0,0,0,0,13,0,0,0,6,0,105,0,4,0,49,0,0,0,35,0,68,0,19,0,0,0,0,0,55,13,0,0,0,0,0,0,0,0,0,0,0,0,0,0,0,0,0,0,0,0,0,0,0,0,0,0,25,0,11,8,66,0,0,4,0,2,0,0,0,0,0,0,0
0,0,0,0,0,0,0,0,0,1,0,0,0,0,0,0,0,0,0,0,0,0,0,0,0,0,0,0,0,0,0,0,0,1,0,0,0,6,0,0,0,0,0,0,0,22,0,0,0,0,0,33,0,0,0,0,0,0,0,0,0,0,0,0,0,0,0,0,0,1,0,0,0,99,0,210,0,7,0,0,0,0,0,0,0,0,0,31,0,0,0,0,0,0,0,0,0,0,0,0,0,0,0,0,0,0,0,0,0,0,0,0,0,0,0,0,0,0,0,0,0,3,0,9,0,15,0,0,0,5,0,7,0,0,0,0,0,0,0,0,0,4,0,0,0,53,0,0,0,38,0,0,0,0,0,0,0,21,0,0,0,8,0,43,0,0,0,0,0,22,0,23,0,24,0,0,0,0,0,0,0,49,0,0,0,8,0,0,0,0,0,0,0,0,0,0,0,0,0,0,0,0,0,0,0,0,0,0,0,0,0,0,0,0,0,0,0,0,87,0,42,0,0,0,0
0,0,0,0,0,0,0,0,0,0,0,0,0,0,0,0,0,0,0,0,0,0,0,0,0,0,0,0,0,0,0,0,0,0,0,0,0,0,0,0,0,0,3,0,10,0,0,0,1,0,7,0,0,0,0,0,0,0,2,0,0,0,0,0,0,0,0,0,11,0,185,0,0,0,186,0,18,0,53,0,8,0,3,0,6,0,15,0,0,0,0,0,12,0,0,0,0,0,0,0,2,0,0,0,0,0,0,0,0,0,0,0,0,0,0,0,0,0,1,0,27,0,55,0,16,0,45,0,9,0,0,0,0,0,0,0,0,0,4,0,53,0,68,0,39,2,39,0,10,0,89,0,13,0,0,0,4,0,5,0,0,0,38,0,0,0,2,0,13,0,10,0,10,0,11,0,0,0,0,0,16,3,0,0,0,0,0,0,0,0,0,0,21,0,0,0,0,0,0,0,0,0,0,0,0,0,0,0,99,0,241,10,21,0,6,4,0,0,0,0,0,0,0,0,0
0,0,0,0,0,0,0,0,0,0,0,0,0,0,0,0,0,0,0,0,0,0,0,0,0,0,0,0,0,0,0,0,0,0,0,0,0,0,0,0,0,0,0,0,0,0,0,0,0,0,0,0,0,0,0,0,0,0,0,0,0,0,0,0,0,2,0,0,0,0,0,99,0,0,0,121,0,36,0,31,0,3,0,13,0,25,0,57,0,0,0,0,0,1,0,0,0,0,0,3,0,0,0,1,0,0,0,0,0,0,0,0,0,0,0,0,0,0,0,0,0,33,0,20,0,7,0,0,0,0,0,0,0,0,0,46,0,0,0,0,0,13,0,0,0,32,0,16,0,20,0,0,0,0,0,0,0,0,0,0,0,0,0,89,0,0,0,0,0,17,0,12,0,5,0,0,0,0,0,1,3,0,0,0,0,0,0,0,0,92,0,0,0,0,0,0,0,0,0,128,0,0,0,72,0,0,0,0,0,49,0,0,0,0,19,0,0,0,93,0,18,0,0,0,0
0,0,0,0,0,0,0,0,0,0,0,0,0,0,0,0,17,0,0,0,111,0,0,0,0,0,0,0,0,0,8,0,15,0,0,0,81,0,0,0,0,0,13,0,104,0,0,0,21,0,0,0,0,0,0,0,0,0,0,0,0,0,3,0,0,0,0,0,0,0,215,0,186,0,0,0,0,0,90,0,23,0,7,0,9,0,61,0,0,0,0,0,0,0,0,0,7,0,16,0,0,0,2,0,0,0,0,0,0,0,0,0,0,0,0,0,0,0,0,0,53,0,53,0,0,0,0,0,7,0,0,0,8,0,15,0,12,0,8,0,54,9,86,0,60,0,0,10,0,0,58,3,24,11,0,0,11,1,0,0,0,0,111,0,0,0,38,0,30,0,26,0,0,0,37,0,0,0,0,0,97,19,0,0,0,0,0,0,0,0,0,0,24,0,0,0,8,0,27,0,0,0,52,0,0,0,47,0,139,0,26,0,66,0,20,0,0,0,0,0,0,0,0,0,0
0,0,0,0,0,1,0,0,0,0,0,0,0,0,0,2,0,7,0,0,0,13,0,0,0,0,0,21,0,23,0,0,0,0,0,0,0,15,0,0,0,0,0,12,0,0,0,0,0,0,0,38,0,0,1,0,0,0,0,0,0,0,0,0,0,0,0,0,0,0,0,210,0,121,0,0,0,12,0,62,0,0,0,0,0,0,0,67,0,0,0,0,0,0,0,0,0,0,0,0,0,0,0,0,0,0,0,0,0,0,0,0,0,0,0,0,0,0,0,0,0,49,0,6,0,14,0,0,0,11,0,0,0,0,0,0,0,0,0,5,0,17,0,4,0,124,0,15,0,39,0,32,0,57,0,0,0,0,0,0,0,0,0,80,0,2,0,0,0,23,0,7,0,7,0,30,0,0,0,0,0,61,0,0,0,0,0,0,0,0,0,0,0,0,0,0,0,0,0,0,0,0,0,0,0,0,0,18,0,0,0,0,0,0,10,0,0,0,51,7,21,0,0,2,0
0,0,0,0,0,0,0,0,2,0,0,0,0,0,0,0,0,0,0,0,0,0,0,0,0,0,0,0,0,0,0,0,0,0,0,0,0,0,0,0,0,0,0,0,3,0,0,0,0,0,0,0,0,0,0,0,0,0,0,0,0,0,0,0,0,0,0,0,102,0,4,0,18,0,0,0,0,0,32,0,0,0,43,0,0,0,24,0,0,0,0,0,23,0,40,0,0,0,0,1,10,0,33,0,0,0,0,0,2,0,0,0,2,0,0,0,0,0,0,0,8,0,0,0,0,0,0,0,0,0,0,0,0,0,0,0,0,0,0,0,0,0,0,0,0,0,0,0,0,0,0,0,0,0,0,0,0,0,0,0,0,0,2,0,3,0,0,0,54,0,5,0,2,0,0,0,0,0,0,0,0,0,0,0,0,0,0,0,0,0,0,0,0,0,0,0,0,0,0,0,0,0,0,0,0,0,0,0,0,0,0,12,21,0,33,12,3,0,0,0,0,0,0,0,0
0,0,0,0,0,0,0,0,0,0,0,0,0,0,0,0,0,0,0,0,0,0,0,0,0,0,0,0,0,0,0,0,0,0,0,0,0,0,0,0,0,0,0,0,0,0,0,0,0,4,0,0,0,0,0,0,0,0,0,0,0,0,0,0,0,0,0,0,0,84,0,7,0,36,0,12,0,0,0,4,0,53,0,129,0,45,0,108,0,0,0,0,0,98,0,39,0,3,0,42,0,15,0,60,0,11,0,0,0,2,0,0,0,0,0,0,0,2,0,0,0,9,0,0,0,0,0,0,0,0,0,3,3,0,0,19,1,0,0,0,0,0,0,0,0,4,0,0,0,5,0,0,0,18,0,0,0,0,0,1,0,0,0,13,0,11,0,0,0,57,0,0,0,0,0,0,0,0,0,0,0,0,0,0,0,0,0,0,0,88,0,0,0,0,0,51,0,38,0,111,0,11,0,54,0,0,0,0,0,0,0,0,0,0,22,0,0,0,66,4,66,5,17,0,0
0,0,2,0,0,0,0,0,0,0,0,0,0,0,0,0,0,0,0,0,13,0,0,0,0,0,0,0,0,0,0,0,0,0,0,0,0,0,0,0,0,0,0,0,17,0,0,0,10,0,0,0,0,0,0,0,0,0,2,0,0,0,0,0,0,0,0,0,38,0,85,0,53,0,90,0,32,0,0,0,40,0,52,0,0,0,80,0,0,0,0,0,27,0,19,0,0,0,7,0,9,0,12,0,0,0,2,0,1,0,0,0,0,0,0,0,1,0,1,0,44,0,49,0,0,0,0,0,0,0,0,0,0,3,0,0,3,0,0,0,19,0,39,0,5,0,0,0,0,0,0,0,0,3,0,0,0,0,0,0,0,2,17,0,0,0,0,0,41,0,3,0,0,0,0,0,0,0,0,0,14,4,0,0,0,0,0,0,0,0,0,0,48,0,0,0,4,0,53,0,0,0,62,0,0,0,0,0,31,0,163,17,66,0,36,0,0,5,0,0,0,0,0,0,0
