0,33,56,7,144,0,39,12,81,0,218,0,116,0,28,0,74,0,15,0,38,0,68,0,44,87,0,0,63,0,22,0,39,0,0,0,84,0,301,3,66,0,0,0,25,0,57,0,10,0,0,0,5,0,6,0,0,0,0,1,90,3,35,1,17,0,4,0,0,0,0,0,0,0,0,0,0,0,0,0,0,0,0,0,0,0,0,0,0,0,0,0,0,0,0,0,0,0,0,0,0,0,0,0,0,0,0,0,0,0,0,0,0,0,0,0,0,0,0,0,0,0,0,0,0,0,12,0,0,0,0,0,0,0,11,0,0,1,0,0,0,0,2,0,0,0,10,0,16,0,10,0,6,0,0,0,0,0,0,0,0,0,0,0,6,0,18,0,17,0,14,0,322,1,0,0,85,69,48,0,0,0,171,0,94,0,10,0,0,0,0,0,0,0,0,0,0,0,0,0,5,0,0,0,0,0,2,0,3,0,409,60,270,202,263,0,16,2,0,0,0,0,0,0,0
33,0,101,44,0,97,10,98,4,43,0,139,0,164,0,77,11,27,0,182,0,0,100,14,50,16,0,231,0,82,0,0,0,19,0,0,0,64,0,222,0,14,0,0,0,0,0,61,0,1,0,0,0,16,0,12,0,2,0,4,3,202,0,141,0,23,0,4,0,0,0,0,0,0,0,0,0,0,0,1,0,0,0,4,0,6,0,3,0,1,0,0,0,0,0,0,0,0,0,0,0,0,0,0,0,0,0,0,0,0,0,0,0,0,0,0,0,0,0,1,0,0,0,0,0,23,0,7,0,0,0,8,0,0,0,23,0,0,0,0,0,1,0,0,0,0,0,8,0,40,0,26,0,27,0,0,0,1,0,0,0,0,0,4,0,24,0,11,0,20,0,67,23,332,0,16,53,443,0,34,0,25,12,122,1,53,0,3,0,0,0,0,0,0,0,0,0,0,0,0,0,4,0,0,0,0,0,6,0,9,0,0,0,0,293,0,0,0,464,60,150,236,0,0,3
56,101,0,11,253,0,124,0,34,30,63,0,63,0,299,18,96,27,107,0,129,0,366,30,162,168,31,0,297,0,75,0,147,3,0,0,145,0,760,6,33,0,0,0,83,0,72,0,42,0,2,0,8,0,82,7,0,0,11,0,157,0,83,16,20,0,4,0,0,0,0,0,0,0,0,0,0,0,0,0,0,0,0,0,0,0,0,0,0,0,11,0,0,0,0,0,0,0,0,0,0,0,0,0,0,0,0,0,1,0,0,0,0,0,0,0,0,0,0,0,0,0,0,0,10,0,39,0,0,0,0,0,12,0,26,0,0,0,0,0,0,0,42,0,0,0,21,0,5,0,36,0,11,0,0,0,0,0,0,0,0,0,17,0,0,0,0,0,26,0,52,0,496,0,0,0,198,159,7,0,0,0,19,0,20,0,0,0,0,0,2,0,0,0,0,0,0,0,0,0,25,0,0,0,0,0,0,0,22,0,555,67,455,460,544,0,43,0,2,0,0,0,0,0,0
7,44,11,0,0,68,0,49,0,18,0,5,0,19,0,192,0,23,0,113,0,22,0,115,3,37,0,54,0,125,0,0,0,74,0,2,0,36,4,128,0,1,0,0,0,0,0,0,0,0,0,2,0,0,0,30,0,0,0,0,1,47,0,0,0,0,0,0,0,0,0,0,0,0,0,0,0,0,0,0,0,0,0,0,0,10,0,0,0,0,0,0,0,0,0,0,0,0,0,0,0,0,0,0,0,1,0,0,0,0,0,0,0,0,0,0,0,0,0,0,0,0,0,0,0,1,0,0,0,1,0,3,0,0,0,59,0,36,0,3,0,1,0,7,0,0,0,0,0,4,0,10,0,2,0,0,0,0,0,0,0,0,0,1,0,0,0,0,0,8,0,15,0,103,0,0,9,82,1,20,0,3,0,8,0,0,0,0,0,0,0,0,0,0,0,0,0,0,0,0,0,0,0,0,0,0,0,2,0,12,0,0,0,0,106,0,0,0,132,22,72,109,0,0,0
144,0,253,0,0,0,7,1,23,1,223,13,439,0,238,59,0,0,159,28,155,0,58,18,10,3,101,16,12,0,123,0,139,0,73,0,214,2,0,0,215,0,0,0,71,0,173,0,17,0,47,0,0,0,0,0,0,0,0,0,0,0,0,0,19,0,0,0,0,0,0,0,1,0,0,0,0,0,0,0,0,0,0,0,0,0,0,0,0,0,0,0,0,0,0,0,0,0,0,0,0,0,0,0,0,0,0,0,0,0,0,0,0,0,0,0,0,0,0,0,0,0,0,0,12,0,26,0,0,0,0,0,0,0,0,0,0,0,0,0,0,0,0,0,0,0,0,0,10,0,26,0,18,0,0,0,0,0,0,0,0,0,0,0,92,0,177,0,0,0,27,0,103,0,3,0,277,155,242,0,0,1,43,0,36,0,0,0,0,0,0,0,0,0,0,0,0,0,0,0,0,0,0,0,0,0,0,0,15,0,365,269,512,199,237,0,6,9,0,0,0,0,0,0,0
0,97,0,68,0,0,0,6,0,16,0,390,0,153,81,380,0,9,0,282,76,179,16,113,0,6,0,327,0,111,0,33,0,327,5,42,0,200,0,84,0,8,0,0,0,0,0,44,0,3,0,8,0,0,2,0,0,0,0,0,0,0,0,0,0,9,0,0,0,0,0,0,0,0,0,0,0,0,0,0,0,0,0,0,0,0,0,0,0,0,0,0,0,0,0,0,0,0,0,0,0,0,0,0,0,0,0,0,0,0,0,0,0,0,0,0,0,0,0,0,0,0,0,0,0,8,0,3,0,0,0,0,0,0,0,0,0,0,0,0,0,0,0,0,0,0,0,7,0,7,0,7,0,0,0,0,0,0,0,0,0,0,0,0,0,28,0,105,0,0,0,16,0,108,0,0,45,345,0,169,0,0,0,6,0,0,0,20,0,0,0,0,0,0,0,0,0,0,0,0,0,0,0,0,0,0,0,0,0,0,0,0,0,0,183,0,0,0,460,210,355,208,0,0,0
39,10,124,0,7,0,0,13,88,62,13,0,0,0,0,0,27,4,0,0,5,0,13,0,252,61,0,0,19,0,0,0,0,0,0,0,3,0,46,0,0,0,1,0,0,0,0,0,45,0,0,0,243,23,309,63,0,9,2,0,380,0,206,10,40,0,47,0,0,0,0,0,0,0,0,0,0,0,0,0,0,0,1,0,0,2,0,0,0,0,3,0,0,0,0,0,2,0,3,0,0,0,0,0,0,0,0,0,0,0,0,0,0,0,0,0,0,0,0,0,0,0,0,0,40,0,77,0,6,0,16,0,42,3,10,0,6,0,0,0,0,0,21,0,0,0,20,0,22,0,34,0,9,0,0,0,31,0,0,0,0,0,0,0,0,0,0,0,22,0,159,7,253,0,0,0,51,67,2,0,0,0,5,0,0,0,0,0,0,0,0,0,0,0,0,0,0,0,4,0,8,0,0,0,0,0,0,0,29,0,533,53,259,413,617,1,154,11,0,2,0,0,1,0,0
12,98,0,49,1,6,13,0,6,116,0,9,0,0,0,17,0,122,0,7,0,0,5,28,14,59,0,0,0,71,0,0,0,0,0,0,0,0,0,91,0,0,0,0,0,0,0,0,1,0,0,0,0,65,5,198,0,6,0,17,0,178,5,279,1,0,0,2,0,0,0,0,0,0,0,0,0,0,0,0,0,0,0,0,0,0,0,0,0,0,0,0,0,1,0,0,0,0,0,0,0,0,0,0,0,0,0,0,0,0,0,0,0,0,0,0,0,0,0,0,0,0,0,0,0,20,0,8,0,0,0,12,0,7,0,52,0,36,0,9,0,0,0,0,0,0,0,5,0,12,0,17,0,4,0,1,0,0,0,0,0,7,0,0,0,13,0,6,0,0,0,57,0,269,0,0,8,75,0,0,0,0,0,28,0,0,0,0,0,0,0,0,0,0,0,0,0,0,0,0,0,0,0,0,0,0,0,0,0,30,0,0,0,0,368,0,0,0,262,22,91,407,0,23,0
81,4,34,0,23,0,88,6,0,84,32,0,22,0,15,0,31,2,0,0,2,0,5,0,87,15,5,0,4,0,0,0,0,0,0,0,0,0,12,0,0,0,1,0,10,0,11,0,15,0,0,0,260,36,210,98,1,40,23,39,253,0,145,6,61,0,231,84,0,0,0,0,0,0,0,0,0,0,0,0,0,0,0,0,0,0,1,0,0,0,0,0,0,0,0,0,0,0,0,0,0,0,0,0,0,0,0,0,0,0,0,0,0,0,0,0,0,0,0,0,0,0,0,0,4,0,25,0,0,0,12,0,0,0,0,0,0,0,0,0,0,0,0,0,0,0,12,0,34,0,12,0,8,0,10,0,47,0,0,0,2,0,0,0,0,2,0,0,16,2,134,8,150,0,2,0,236,46,0,0,0,0,15,0,47,5,0,0,0,0,0,0,2,0,0,0,0,0,0,0,0,0,0,0,0,0,5,0,14,0,449,110,200,171,355,0,64,0,5,4,0,12,0,0,0
0,43,30,18,1,16,62,116,84,0,0,21,0,17,4,17,0,22,1,44,0,0,4,11,20,24,0,52,0,0,0,0,0,0,0,0,0,1,0,0,0,0,0,0,0,0,0,0,0,2,0,0,15,262,47,250,0,8,13,47,10,170,0,223,0,98,0,78,0,0,0,0,0,0,0,0,0,0,0,0,0,0,0,0,0,0,0,0,0,0,0,0,0,0,0,0,0,0,0,0,0,0,0,0,0,0,0,0,0,0,0,0,0,0,0,0,0,0,0,0,0,0,0,0,0,50,0,10,0,0,0,24,0,7,0,11,0,6,0,0,0,0,0,0,0,0,0,7,0,55,0,18,0,27,0,12,0,85,0,0,0,1,0,1,0,0,0,15,0,26,12,196,17,278,0,3,101,191,0,1,0,4,0,26,0,29,0,3,0,0,0,0,0,0,0,0,0,0,0,0,0,0,0,0,0,0,0,5,0,4,7,3,5,13,787,0,0,0,537,44,160,521,22,43,0
218,0,63,0,223,0,13,0,32,0,0,2,384,0,21,13,13,0,11,0,83,0,40,19,0,2,13,0,0,0,47,0,105,0,10,0,126,0,36,0,96,0,2,0,10,0,65,0,10,0,0,0,0,0,0,0,0,0,0,0,0,0,0,0,6,0,1,0,0,0,0,0,0,0,0,0,0,0,0,0,0,0,0,0,0,0,0,0,0,0,0,0,0,0,0,0,0,0,3,0,0,0,0,0,0,0,0,0,0,0,0,0,0,0,0,0,0,0,0,0,0,0,0,0,0,0,9,0,0,0,0,0,0,0,0,0,0,0,0,0,0,0,0,0,0,0,0,0,4,0,10,0,3,0,0,0,0,0,0,0,0,0,0,0,13,0,59,0,0,0,5,0,25,0,0,0,156,75,215,0,2,0,77,0,49,0,23,0,0,0,0,0,0,0,0,0,0,0,0,0,6,0,0,0,0,0,1,0,0,0,108,96,101,57,49,0,0,0,0,0,0,0,0,0,0
0,139,0,5,13,390,0,9,0,21,2,0,0,269,92,41,0,0,0,89,35,34,9,16,0,0,0,324,0,28,0,21,0,178,0,0,0,91,0,0,0,48,0,0,0,9,1,157,0,0,0,0,0,0,0,0,0,0,0,0,0,0,0,0,0,2,0,0,0,0,0,0,0,0,0,0,0,0,0,0,0,0,0,0,0,0,0,0,0,0,0,0,0,0,0,0,0,0,0,0,0,0,0,0,0,0,0,0,0,0,0,0,0,0,0,0,0,0,0,0,0,0,0,0,0,0,0,0,0,0,0,0,0,0,0,0,0,0,0,0,0,0,0,0,0,0,0,0,0,6,0,0,0,0,0,0,0,0,0,0,0,0,0,0,0,0,0,58,0,0,0,6,0,50,0,0,55,493,4,97,0,37,0,29,0,28,0,3,0,0,0,0,0,0,0,0,0,0,0,0,0,0,0,0,0,0,0,0,0,3,0,0,0,0,74,0,0,0,243,145,139,0,0,0,0
116,0,63,0,439,0,0,0,22,0,384,0,0,47,61,17,0,0,193,74,96,92,14,3,0,0,102,208,0,0,15,0,0,0,154,86,24,7,0,0,209,17,82,28,45,19,154,56,38,1,156,40,0,0,0,0,0,0,0,0,0,0,2,0,0,0,0,0,0,0,0,0,0,0,0,0,0,0,0,0,0,0,0,0,0,0,0,0,0,0,0,0,0,0,0,0,0,0,0,0,0,0,0,0,0,0,0,0,0,0,0,0,0,0,0,0,0,0,0,0,0,0,0,0,0,0,8,0,0,0,0,0,0,0,0,0,0,0,0,0,0,0,0,0,0,0,6,0,0,0,13,0,0,0,0,0,0,0,0,0,0,0,0,0,56,0,20,0,0,0,0,0,0,0,0,0,110,71,89,0,3,0,31,0,20,0,206,0,0,0,0,0,0,0,0,0,0,1,0,0,0,0,0,0,0,0,0,0,0,0,61,123,343,23,27,0,0,0,0,0,0,0,0,0,0
0,164,0,19,0,153,0,0,0,17,0,269,47,0,14,12,0,0,72,196,155,134,0,0,0,0,0,116,0,0,0,20,0,22,42,313,0,82,0,0,29,98,32,75,0,19,0,220,0,51,61,147,0,0,0,0,0,0,0,0,0,0,0,0,0,0,0,1,0,0,0,0,0,0,0,0,0,0,0,0,0,0,0,0,0,0,0,0,0,0,0,0,0,0,0,0,0,0,0,0,0,0,0,0,0,0,0,0,0,0,0,0,0,0,0,0,0,0,0,0,0,0,0,0,0,0,0,0,0,0,0,0,0,0,0,0,0,0,0,0,0,0,0,0,0,0,0,0,0,0,0,0,0,29,0,0,0,0,0,0,0,0,0,0,0,28,0,36,0,0,0,0,0,0,0,60,10,266,0,53,0,65,0,21,0,49,36,86,0,0,0,0,0,0,0,0,0,0,0,0,0,0,0,0,0,0,0,0,0,0,0,2,7,0,18,0,0,0,61,147,125,0,0,0,1
28,0,299,0,238,81,0,0,15,4,21,92,61,14,0,228,64,0,133,109,266,112,267,71,209,4,214,0,12,0,119,8,107,13,29,22,127,0,16,0,0,0,0,3,59,0,39,0,10,0,14,0,0,0,67,0,12,0,0,0,0,0,0,0,12,0,0,0,0,0,0,0,0,0,0,0,0,0,0,0,0,0,0,0,0,1,0,0,0,0,26,1,0,0,0,0,0,0,0,0,0,0,0,0,0,0,0,0,0,0,0,0,0,0,0,0,0,0,0,0,0,0,0,0,0,0,47,0,0,0,0,0,0,0,39,0,0,0,0,0,0,0,38,0,0,0,32,0,9,0,51,0,20,0,0,0,0,0,0,0,0,0,6,0,24,0,117,0,39,0,6,0,37,0,3,0,398,409,95,0,12,0,17,0,37,0,2,0,0,0,1,0,0,0,0,0,0,0,0,0,0,0,0,0,0,0,0,0,35,0,94,63,113,59,57,0,0,0,0,0,0,2,0,0,0
0,77,18,192,59,380,0,17,0,17,13,41,17,12,228,0,0,100,0,514,171,382,39,285,0,106,0,116,0,102,10,21,0,170,14,5,10,75,0,67,0,0,0,0,0,0,0,5,0,0,0,0,0,0,0,40,0,21,0,0,0,13,0,0,0,13,0,4,0,0,0,0,0,0,0,0,0,0,0,0,0,0,0,0,0,185,0,0,0,0,0,0,0,0,0,0,0,0,0,0,0,0,0,0,0,0,0,0,0,0,0,0,0,0,0,0,0,0,0,0,0,0,0,0,0,0,0,0,0,0,0,0,0,0,0,0,0,0,3,0,0,0,0,73,0,6,0,0,1,0,0,13,0,3,0,0,0,0,0,0,0,3,0,0,0,10,0,51,0,22,0,15,0,68,0,0,102,508,21,111,0,0,0,0,0,8,0,6,0,0,0,0,0,0,0,0,0,0,0,0,0,0,0,0,0,0,0,0,0,16,7,0,0,0,62,0,0,0,228,173,203,113,0,0,1
74,11,96,0,0,0,27,0,31,0,13,0,0,0,64,0,0,4,48,0,335,0,56,0,113,0,39,0,182,0,45,0,29,0,25,0,6,0,118,0,0,0,45,0,118,0,0,0,14,0,37,0,91,0,65,0,4,0,5,0,36,0,241,0,0,0,0,0,0,0,80,0,0,0,22,0,0,0,0,0,77,0,0,0,149,0,24,0,0,0,114,0,0,0,0,0,212,0,299,0,93,0,0,0,0,0,27,0,0,0,0,0,0,0,0,0,0,0,0,0,117,0,20,0,0,0,0,0,2,0,0,0,0,0,7,0,15,0,22,0,77,0,117,0,54,0,0,0,0,0,0,0,0,0,2,0,0,0,0,0,0,0,0,0,2,0,14,0,0,0,10,0,58,0,0,0,23,12,0,0,0,0,11,0,0,0,0,0,0,0,0,0,0,0,0,0,0,0,0,0,11,0,0,0,0,0,0,0,1,0,16,22,99,95,24,0,20,0,0,0,0,0,0,0,0
0,27,27,23,0,9,4,122,2,22,0,0,0,0,0,100,4,0,0,0,0,126,20,246,13,162,0,0,0,210,0,0,0,19,0,5,0,0,0,55,0,0,0,3,0,0,0,0,0,0,0,0,0,121,0,26,0,71,0,6,0,13,0,42,1,0,0,0,0,0,0,6,0,0,0,10,0,0,0,0,0,162,0,0,0,307,0,23,0,0,0,0,0,0,0,0,0,0,0,107,0,23,0,0,0,0,0,0,0,0,0,0,0,0,0,0,0,0,0,0,0,51,0,13,0,0,0,0,0,7,0,0,0,15,0,108,0,135,3,70,0,55,0,368,0,9,0,0,0,3,0,14,0,0,0,47,0,0,0,21,0,0,0,0,0,0,0,0,0,0,0,0,0,4,0,0,7,54,0,0,0,0,2,7,0,0,0,0,0,0,0,0,0,0,0,0,0,0,0,0,0,0,0,0,0,0,0,0,0,37,0,0,6,0,9,0,0,0,5,60,3,13,1,0,0
15,0,107,0,159,0,0,0,0,1,11,0,193,72,133,0,48,0,0,111,147,125,131,0,60,0,173,101,0,0,27,0,0,3,40,69,34,10,0,0,56,0,21,0,35,0,81,16,0,1,166,0,0,0,40,0,0,0,0,0,0,0,16,0,6,0,0,0,1,0,0,0,1,0,0,0,0,0,2,0,13,0,0,0,0,0,0,0,0,0,0,0,0,0,0,0,25,0,0,0,0,0,0,0,0,0,0,0,0,0,0,0,0,0,0,0,0,0,0,0,0,0,0,0,0,0,11,0,0,0,0,0,0,0,0,0,0,0,0,0,0,0,0,0,0,0,0,0,5,0,0,0,9,0,0,0,0,0,0,0,0,0,0,0,130,0,58,0,86,0,7,0,13,0,0,0,58,61,35,0,0,0,17,0,0,0,198,0,0,0,0,0,0,0,0,0,0,0,0,0,0,1,0,0,0,0,0,0,0,0,40,100,319,39,25,0,0,0,0,0,0,0,0,0,0
0,182,0,113,28,282,0,7,0,44,0,89,74,196,109,514,0,0,111,0,211,277,0,100,0,75,0,392,0,0,7,31,0,29,36,59,0,61,0,0,0,4,0,11,0,46,0,76,0,0,0,27,0,0,0,0,0,0,0,0,0,0,0,0,0,21,0,0,0,0,0,0,0,0,0,0,0,0,0,0,0,0,0,0,0,0,0,0,0,0,0,0,0,0,0,0,0,0,0,0,0,0,0,0,0,0,0,0,0,0,0,0,0,0,0,0,0,0,0,0,0,0,0,0,0,0,0,0,0,0,0,7,0,0,0,0,0,14,0,0,0,0,0,0,0,0,0,0,0,22,0,20,0,8,0,1,0,0,0,0,0,0,0,2,0,48,0,94,0,112,0,7,0,0,0,0,46,194,0,26,0,0,0,0,0,21,21,44,0,0,0,0,0,0,0,0,0,0,0,0,0,0,0,0,0,0,0,0,0,10,0,0,0,0,39,0,0,0,124,157,272,44,0,0,0
38,0,129,0,155,76,5,0,2,0,83,35,96,155,266,171,335,0,147,211,0,222,169,0,86,0,114,236,30,0,82,0,13,12,21,147,44,25,0,0,6,0,27,17,111,0,6,0,5,0,172,45,19,0,23,0,0,0,0,0,0,0,97,0,3,0,0,0,0,0,63,0,8,0,27,0,0,0,0,0,0,0,0,0,80,0,0,0,0,0,49,0,0,0,0,0,126,0,243,0,57,0,0,0,0,0,0,0,0,0,0,0,0,0,0,0,0,0,0,0,48,0,7,0,0,0,0,0,0,0,0,0,0,0,7,0,6,0,0,0,65,0,35,0,82,0,0,0,0,0,0,0,0,0,0,0,0,0,0,0,0,0,0,0,44,0,63,0,44,0,7,0,34,0,1,0,169,200,22,0,0,0,0,0,0,0,110,0,0,0,0,0,0,0,0,0,0,0,0,0,0,0,0,0,0,0,0,0,0,0,87,53,167,50,50,0,5,0,0,0,0,0,0,0,0
0,0,0,22,0,179,0,0,0,0,0,34,92,134,112,382,0,126,125,277,222,0,0,130,0,79,26,255,0,19,5,31,0,53,59,143,5,35,0,0,0,0,0,135,0,80,5,32,0,0,0,131,0,0,0,5,0,0,0,0,0,22,0,84,0,0,0,0,0,0,0,0,0,0,0,16,0,0,0,0,0,183,0,0,0,219,0,0,0,0,0,0,0,0,0,0,0,0,0,96,0,23,0,0,0,0,0,0,0,0,0,0,0,0,0,0,0,0,0,0,0,71,0,26,0,0,0,0,0,0,0,0,0,0,0,53,0,91,0,88,0,164,0,250,0,68,0,0,0,0,0,0,0,0,0,0,0,20,0,8,0,0,0,0,0,86,0,133,0,104,0,0,0,43,0,0,34,110,0,7,0,0,0,0,0,0,43,27,0,0,0,0,0,0,0,0,0,0,0,0,0,0,0,0,0,0,0,0,0,22,0,0,0,0,29,0,0,0,98,110,196,66,0,0,0
68,100,366,0,58,16,13,5,5,4,40,9,14,0,267,39,56,20,131,0,169,0,0,69,102,98,69,0,51,0,8,0,13,3,2,0,11,0,55,0,0,0,0,0,68,0,24,0,2,0,0,0,8,0,138,0,0,0,4,0,0,0,17,4,1,0,0,0,0,0,3,0,2,0,0,0,0,0,1,0,0,0,0,0,11,0,0,0,0,0,25,0,0,0,0,0,28,0,37,0,10,0,0,0,0,0,14,0,0,0,0,0,0,0,0,0,0,0,0,0,0,0,2,0,3,0,0,0,0,0,0,0,0,0,13,0,0,1,0,0,0,0,49,0,0,0,0,0,0,0,0,0,0,0,0,0,0,0,0,0,0,0,0,0,0,0,5,0,3,0,0,0,29,2,0,0,310,206,6,0,0,0,13,0,0,0,0,0,0,0,0,0,0,0,0,0,0,0,0,0,9,0,0,0,0,0,0,0,9,0,62,108,38,42,39,0,0,0,0,0,0,0,0,0,0
0,14,30,115,18,113,0,28,0,11,19,16,3,0,71,285,0,246,0,100,0,130,69,0,6,152,0,38,0,59,0,21,0,31,0,11,0,10,0,18,0,0,0,13,0,4,0,0,0,0,0,3,0,0,0,46,0,26,0,0,0,5,0,29,0,7,0,0,0,0,0,2,0,0,0,9,0,0,0,0,0,167,0,0,0,255,0,0,0,0,0,0,0,0,0,19,0,0,0,113,0,23,0,0,0,0,0,0,0,0,0,0,0,0,0,0,0,0,0,0,0,0,0,17,0,0,0,0,0,0,0,0,0,11,0,97,0,68,5,0,0,28,0,144,0,8,0,0,0,0,0,0,0,1,0,0,0,0,0,0,0,0,0,2,0,0,0,39,0,0,0,0,0,42,1,0,78,324,10,13,0,0,0,0,0,0,0,0,0,0,0,0,0,0,0,0,0,0,0,3,0,0,0,0,0,0,0,2,0,19,0,0,11,0,21,0,0,0,30,81,38,23,0,0,1
44,50,162,3,10,0,252,14,87,20,0,0,0,0,209,0,113,13,60,0,86,0,102,6,0,149,0,0,64,0,5,0,0,0,3,0,0,0,23,0,0,0,0,0,71,0,27,0,11,0,11,0,26,2,251,13,6,0,14,0,10,5,75,18,0,0,0,0,0,0,0,0,0,0,3,0,0,0,0,0,0,0,0,0,16,0,0,0,0,0,0,0,0,0,0,0,32,0,0,0,0,0,0,0,0,0,6,0,0,0,0,0,0,0,0,0,0,0,0,0,0,0,4,0,0,0,0,1,0,0,0,0,0,0,20,0,6,0,0,0,24,1,56,0,5,0,2,0,0,0,8,0,0,0,3,0,0,0,1,0,0,0,0,0,0,0,0,0,0,0,4,0,21,0,0,0,33,94,2,0,0,0,10,0,0,0,0,0,0,0,0,0,0,0,0,0,0,0,0,0,19,0,2,0,0,0,3,0,13,0,14,33,45,58,39,0,11,0,0,0,0,0,0,0,0
87,16,168,37,3,6,61,59,15,24,2,0,0,0,4,106,0,162,0,75,0,79,98,152,149,0,0,24,0,103,0,0,0,8,0,0,0,5,18,60,0,0,0,0,0,4,0,0,1,0,0,2,9,29,5,242,0,140,0,44,20,56,9,151,0,0,0,0,0,0,0,0,0,0,0,0,0,0,0,0,0,55,0,0,0,229,0,0,0,0,1,0,0,0,0,0,0,33,0,73,0,0,0,0,0,0,0,0,0,0,0,0,0,0,0,0,0,0,0,0,0,0,0,0,0,8,0,6,0,0,0,7,0,0,0,325,0,158,0,39,0,5,0,142,0,0,0,0,0,5,0,43,0,4,0,6,0,1,0,0,0,14,0,0,0,4,0,0,0,0,7,6,68,49,0,0,33,236,0,1,0,6,10,19,0,0,0,0,0,0,0,0,0,0,0,0,0,0,0,6,0,57,0,0,0,0,0,24,0,78,22,1,29,18,63,0,3,1,38,87,30,55,0,0,0
0,0,31,0,101,0,0,0,5,0,13,0,102,0,214,0,39,0,173,0,114,26,69,0,0,0,0,232,0,0,8,0,0,0,24,44,20,0,0,0,28,54,348,19,134,34,67,124,51,0,308,45,0,0,0,0,0,0,0,0,0,0,0,0,0,0,0,0,0,0,0,0,0,0,0,0,0,0,0,0,0,0,0,0,0,0,0,0,0,0,0,0,0,0,0,0,0,0,0,0,0,0,0,0,0,0,0,0,0,0,0,0,0,0,0,0,0,0,0,0,0,0,0,0,0,0,0,0,0,0,1,0,0,0,0,0,0,0,0,0,0,0,0,0,0,0,0,0,0,0,0,0,0,0,0,0,0,0,0,0,0,0,0,0,117,0,23,0,0,0,7,0,15,0,0,0,0,44,0,0,0,0,0,0,0,0,231,0,0,0,0,0,0,0,0,0,0,0,0,0,0,0,0,0,0,0,0,0,0,0,30,141,655,27,0,0,0,11,0,0,0,0,0,0,0
0,231,0,54,16,327,0,0,0,52,0,324,208,116,0,116,0,0,101,392,236,255,0,38,0,24,232,0,0,0,0,3,0,0,112,95,1,59,0,0,201,73,293,137,76,174,124,103,27,31,314,230,0,0,0,0,0,0,0,0,0,3,0,0,0,12,0,0,0,0,0,3,0,0,0,0,0,0,0,0,0,0,0,0,0,0,0,0,0,0,0,0,0,0,0,0,0,0,0,0,0,0,0,11,0,0,0,0,0,0,0,0,0,0,0,0,0,0,0,0,0,0,0,0,0,0,0,0,0,0,0,0,0,0,0,0,0,0,0,0,0,5,0,0,0,0,0,0,0,0,0,12,0,0,0,0,0,0,0,0,0,0,0,0,0,153,0,34,0,77,0,0,0,5,0,0,4,168,0,5,0,0,0,7,0,18,126,88,0,0,0,0,0,0,0,0,0,0,0,0,0,0,0,0,0,0,0,0,0,0,0,0,0,0,37,0,0,0,121,326,522,39,0,0,8
63,0,297,0,12,0,19,0,4,0,0,0,0,0,12,0,182,0,0,0,30,0,51,0,64,0,0,0,0,0,26,0,4,0,71,0,95,0,15,0,0,0,34,0,0,0,0,0,0,0,27,0,7,0,5,0,0,0,0,0,7,0,32,0,0,0,0,0,0,0,20,0,0,0,3,0,0,0,0,0,0,0,0,0,0,0,0,0,0,0,0,0,0,0,1,0,17,0,0,0,8,0,0,0,0,0,0,0,0,0,0,0,0,0,0,0,0,0,0,0,0,0,4,0,0,0,0,0,0,0,0,0,0,0,0,0,6,0,32,0,53,0,0,0,42,0,0,0,0,0,0,0,0,0,0,0,0,0,0,0,0,0,0,0,0,0,0,0,1,0,0,0,0,0,0,0,16,0,0,0,0,0,0,0,0,0,0,0,0,0,0,0,0,0,0,0,0,0,0,0,0,0,0,0,0,0,0,0,0,0,0,8,0,0,0,0,0,0,0,0,0,0,0,0,0
0,82,0,125,0,111,0,71,0,0,0,28,0,0,0,102,0,210,0,0,0,19,0,59,0,103,0,0,0,0,0,10,0,6,0,18,0,2,0,49,0,0,0,0,0,1,0,0,0,0,0,4,0,12,0,5,0,0,0,0,0,64,0,48,0,7,0,0,0,0,0,0,0,0,0,2,0,0,0,0,0,0,0,0,0,72,0,0,0,0,0,0,0,0,0,0,0,0,0,30,0,13,0,0,0,0,0,0,0,0,0,0,0,0,0,0,0,0,0,0,0,24,0,10,0,0,0,0,0,0,0,0,0,0,0,26,0,43,0,60,0,70,0,92,0,18,0,0,0,0,0,6,0,0,0,3,0,1,0,0,0,0,0,0,0,0,0,0,0,0,0,1,0,0,0,0,0,26,0,15,0,0,0,0,0,0,0,0,0,0,0,0,0,0,0,0,0,0,0,0,0,0,0,0,0,0,0,0,0,14,0,0,0,0,0,0,0,0,0,21,0,0,0,0,0
22,0,75,0,123,0,0,0,0,0,47,0,15,0,119,10,45,0,27,7,82,5,8,0,5,0,8,0,26,0,0,0,5,0,73,0,63,0,2,0,0,0,71,0,39,0,2,0,0,0,64,0,4,0,4,0,0,0,0,0,2,0,16,0,0,0,0,0,0,0,0,0,0,0,0,0,0,0,0,0,0,0,0,0,0,0,0,0,0,0,0,0,0,0,0,0,0,0,0,0,0,0,0,0,0,0,2,0,0,0,0,0,0,0,0,0,0,0,0,0,0,0,0,0,0,0,0,0,0,0,0,0,0,0,0,0,0,0,0,0,0,0,0,0,21,0,0,0,0,0,0,0,0,0,0,0,0,0,0,0,0,0,0,0,0,0,6,0,0,0,0,0,7,0,0,0,29,13,7,0,0,0,5,0,0,0,0,0,0,0,0,0,0,0,0,0,0,0,0,0,0,0,0,0,0,0,0,0,0,0,0,1,8,12,4,0,0,0,0,1,0,0,0,0,0
0,0,0,0,0,33,0,0,0,0,0,21,0,20,8,21,0,0,0,31,0,31,0,21,0,0,0,3,0,10,0,0,0,2,0,0,0,9,0,1,0,0,0,21,0,0,0,0,0,0,0,8,0,7,0,0,0,0,0,0,0,21,0,16,0,0,0,0,0,0,0,0,0,0,0,3,0,0,0,0,0,0,0,0,0,0,0,0,0,0,0,0,0,0,0,0,0,0,0,0,0,0,0,0,0,0,0,0,0,0,0,0,0,0,0,0,0,0,0,0,0,0,0,0,0,0,0,0,0,0,0,0,0,0,0,0,0,23,0,40,0,67,0,56,0,29,0,1,0,0,0,0,0,0,0,0,0,0,0,0,0,0,0,0,0,0,0,0,0,0,0,0,0,14,0,0,0,19,1,7,0,0,0,0,0,0,0,3,0,0,0,0,0,0,0,0,0,0,0,0,0,0,0,0,0,0,0,0,0,0,0,0,0,0,0,0,0,0,0,1,3,0,0,0,0
39,0,147,0,139,0,0,0,0,0,105,0,0,0,107,0,29,0,0,0,13,0,13,0,0,0,0,0,4,0,5,0,0,0,7,0,234,0,0,0,0,0,12,0,14,0,0,0,0,0,7,0,0,0,0,0,0,0,0,0,1,0,3,0,0,0,0,0,0,0,0,0,0,0,0,0,0,0,0,0,0,0,0,0,0,0,0,0,0,0,0,0,0,0,0,0,8,0,0,0,0,0,0,0,0,0,0,0,0,0,0,0,0,0,0,0,0,0,0,0,0,0,0,0,0,0,0,0,0,0,0,0,0,0,0,0,0,0,6,0,0,0,6,0,0,0,0,0,0,0,0,0,0,0,0,0,0,0,0,0,0,0,2,0,0,0,19,0,0,0,0,0,6,0,0,0,39,0,15,0,0,0,8,0,0,0,0,0,0,0,0,0,0,0,0,0,0,0,1,0,1,0,0,0,0,0,0,0,0,0,0,3,7,0,0,0,0,0,0,0,0,0,0,0,0
0,19,3,74,0,327,0,0,0,0,0,178,0,22,13,170,0,19,3,29,12,53,3,31,0,8,0,0,0,6,0,2,0,0,0,6,0,153,0,2,0,0,0,15,0,5,0,2,0,0,0,9,0,9,0,2,0,0,0,0,0,12,0,27,0,6,0,0,0,0,0,0,0,0,0,0,0,0,0,0,0,0,0,0,0,0,0,0,0,0,0,0,0,0,0,0,0,0,0,0,0,0,0,0,0,0,0,0,0,0,0,0,0,0,0,0,0,0,0,0,0,0,0,0,0,0,0,0,0,0,0,0,0,0,0,0,0,0,0,11,0,15,0,23,0,22,0,0,0,0,0,6,0,0,0,2,0,20,0,0,0,0,0,0,0,1,0,19,0,1,0,0,0,0,0,0,9,102,0,70,0,0,0,2,0,0,0,0,0,0,0,0,0,0,0,0,0,0,0,0,0,0,0,0,0,0,0,2,0,0,0,0,1,0,0,0,0,0,0,56,2,3,0,0,0
0,0,0,0,73,5,0,0,0,0,10,0,154,42,29,14,25,0,40,36,21,59,2,0,3,0,24,112,71,0,73,0,7,0,0,41,181,4,0,0,13,0,4,14,8,0,8,36,0,0,32,0,0,0,0,0,0,0,1,0,0,0,14,0,0,0,0,0,0,0,9,0,0,0,3,0,0,0,0,0,0,0,0,0,0,0,0,0,0,0,11,0,0,0,0,0,8,0,0,0,12,0,0,0,0,0,0,0,0,0,0,0,0,0,0,0,0,0,0,0,0,0,0,0,0,0,0,0,0,0,0,0,0,0,0,0,0,0,0,0,0,0,0,0,0,0,0,0,0,0,0,0,0,0,0,0,0,0,0,0,0,0,0,0,5,0,0,0,8,0,2,0,6,0,0,0,19,19,14,0,0,0,0,0,0,0,78,0,0,0,0,0,0,0,0,0,0,0,0,0,0,0,0,0,0,0,0,0,0,0,7,4,26,0,3,0,0,0,0,0,0,0,0,0,0
0,0,0,2,0,42,0,0,0,0,0,0,86,313,22,5,0,5,69,59,147,143,0,11,0,0,44,95,0,18,0,0,0,6,41,0,0,96,0,3,36,11,38,12,0,17,24,5,0,3,0,22,0,6,0,0,0,0,0,0,0,26,0,12,0,0,0,0,0,0,0,0,0,0,0,0,0,0,0,0,0,0,0,0,0,11,0,0,0,0,0,0,0,0,0,0,0,0,0,0,0,0,0,0,0,0,0,0,0,0,0,0,0,0,0,0,0,0,0,0,0,6,0,0,0,0,0,0,0,0,0,0,0,0,0,2,0,0,0,28,0,0,0,17,0,0,0,0,0,0,0,0,0,1,0,0,0,18,0,5,0,0,0,0,0,8,0,5,0,22,0,2,0,11,0,0,6,217,0,2,0,0,0,0,0,0,47,65,0,0,0,0,0,0,0,0,0,0,0,0,0,0,0,0,0,0,0,0,0,0,0,0,0,0,0,0,0,0,11,26,45,4,0,0,0
84,0,145,0,214,0,3,0,0,0,126,0,24,0,127,10,6,0,34,0,44,5,11,0,0,0,20,1,95,0,63,0,234,0,181,0,0,0,120,0,0,0,113,0,26,0,0,0,1,0,93,0,9,0,0,0,0,0,2,0,18,0,46,0,0,0,0,0,0,0,79,0,0,0,33,0,0,0,1,0,44,0,0,0,30,0,0,0,0,0,20,0,0,0,0,0,37,0,140,0,45,0,0,0,0,0,0,0,0,0,0,0,0,0,0,0,0,0,0,0,50,0,0,0,0,0,0,0,0,0,0,0,0,0,0,0,2,0,101,0,154,0,7,0,200,0,0,0,0,0,0,0,0,0,5,0,37,0,0,0,0,0,31,0,24,0,7,0,25,0,36,0,30,0,0,0,63,0,24,0,0,0,5,0,6,0,0,0,0,0,0,0,0,0,0,0,0,0,0,0,0,0,0,0,0,0,0,0,0,0,11,0,29,12,12,0,0,0,0,0,0,0,0,0,0
0,64,0,36,2,200,0,0,0,1,0,91,7,82,0,75,0,0,10,61,25,35,0,10,0,5,0,59,0,2,0,9,0,153,4,96,0,0,0,21,0,5,0,78,0,16,0,0,0,0,0,43,0,0,0,0,0,0,0,0,0,33,0,10,0,0,0,0,0,0,0,0,0,0,0,4,0,0,0,0,0,0,0,0,0,0,0,0,0,0,0,0,0,0,0,2,0,0,0,0,0,0,0,0,0,0,0,0,0,0,0,0,0,0,0,0,0,0,0,0,0,0,0,8,0,0,0,0,0,0,0,0,0,0,0,0,0,14,0,19,0,36,0,38,0,40,0,0,0,0,0,0,0,0,0,0,0,19,0,3,0,0,0,0,0,15,0,17,0,36,0,5,0,48,0,0,11,77,0,37,0,0,0,2,0,0,7,18,0,1,0,0,0,0,0,0,0,0,0,0,0,0,0,0,0,0,0,0,0,0,0,0,0,0,0,0,0,0,11,75,15,9,0,0,0
301,0,760,4,0,0,46,0,12,0,36,0,0,0,16,0,118,0,0,0,0,0,55,0,23,18,0,0,15,0,2,0,0,0,0,0,120,0,0,0,0,0,7,0,0,0,0,0,1,0,15,0,2,0,0,0,0,0,0,0,4,0,11,0,0,0,0,0,0,0,0,0,0,0,0,0,0,0,1,0,0,0,0,0,0,0,0,0,0,0,1,0,0,0,0,0,0,0,0,0,0,0,0,0,0,0,0,0,0,0,0,0,0,0,0,0,0,0,0,0,0,0,0,0,0,0,0,0,0,0,0,0,0,0,0,0,1,0,37,0,0,0,0,0,10,0,0,0,0,0,0,0,0,0,15,0,39,0,0,0,0,0,0,0,0,0,14,0,0,0,0,0,28,0,0,0,39,14,0,0,0,0,12,0,0,0,0,0,0,0,0,0,0,0,0,0,0,0,0,0,0,0,0,0,0,0,0,0,0,0,0,57,3,0,0,0,0,0,0,2,0,0,0,0,0
3,222,6,128,0,84,0,91,0,0,0,0,0,0,0,67,0,55,0,0,0,0,0,18,0,60,0,0,0,49,0,1,0,2,0,3,0,21,0,0,0,0,0,0,0,0,0,0,0,0,0,3,0,11,0,0,0,0,0,0,0,24,0,38,0,2,0,0,0,0,0,0,0,0,0,5,0,0,0,0,0,0,0,0,0,44,0,0,0,0,0,0,0,0,0,0,0,0,0,0,0,0,0,0,0,0,0,0,0,0,0,0,0,0,0,0,0,0,0,0,0,0,0,5,0,2,0,0,0,0,0,0,0,0,0,0,0,0,0,0,0,44,0,38,0,19,0,0,0,0,0,0,0,0,0,0,0,20,0,0,0,0,0,0,0,0,0,0,0,0,0,2,0,28,0,0,0,28,0,33,0,0,1,0,0,0,0,0,0,0,0,0,0,0,0,0,0,0,0,0,0,0,0,0,0,0,0,0,0,4,0,0,1,0,6,0,0,0,8,79,0,0,0,0,0
66,0,33,0,215,0,0,0,0,0,96,0,209,29,0,0,0,0,56,0,6,0,0,0,0,0,28,201,0,0,0,0,0,0,13,36,0,0,0,0,0,0,44,16,52,36,194,88,134,0,23,0,0,0,0,0,0,0,0,0,0,0,0,0,0,0,0,0,0,0,0,0,0,0,0,0,0,0,0,0,0,0,0,0,0,0,0,0,0,0,0,0,0,0,0,0,0,0,0,0,0,0,0,0,0,0,0,0,0,0,0,0,0,0,0,0,0,0,0,0,0,0,0,0,0,0,8,0,0,0,0,0,0,0,0,0,0,0,0,0,0,0,0,0,0,0,4,0,0,0,0,0,4,0,0,0,0,0,0,0,0,0,0,0,0,0,0,0,0,0,1,0,0,0,0,0,12,34,16,0,0,0,37,0,0,0,108,0,0,0,0,0,0,0,0,0,0,0,0,0,0,0,0,0,0,0,0,0,0,0,0,80,89,5,0,0,0,10,0,0,0,0,0,0,0
0,14,0,1,0,8,0,0,0,0,0,48,17,98,0,0,0,0,0,4,0,0,0,0,0,0,54,73,0,0,0,0,0,0,0,11,0,5,0,0,0,0,59,29,52,77,32,407,11,117,86,28,0,0,0,0,0,0,0,0,0,0,0,0,0,0,0,0,0,0,0,0,0,0,0,0,0,0,0,0,0,0,0,0,0,0,0,0,0,0,0,0,0,0,0,0,0,0,0,0,0,0,0,0,0,0,0,0,0,0,0,0,0,0,0,0,0,0,0,0,0,0,0,0,0,0,0,0,0,0,0,0,0,0,0,0,0,0,0,0,0,0,0,0,0,0,0,0,0,4,0,0,0,0,0,0,0,0,0,0,0,0,0,0,0,32,0,0,0,0,0,0,0,0,0,0,0,142,0,25,0,63,0,14,0,26,33,7,0,0,0,0,0,0,0,0,0,0,0,0,0,0,0,0,0,0,0,0,0,0,0,0,0,0,0,0,0,0,0,12,13,0,0,0,8
0,0,0,0,0,0,1,0,1,0,2,0,82,32,0,0,45,0,21,0,27,0,0,0,0,0,348,293,34,0,71,0,12,0,4,38,113,0,7,0,44,59,0,29,142,59,79,194,66,0,67,55,0,0,0,0,0,0,0,0,5,0,39,0,0,0,0,0,0,0,34,0,0,0,11,0,0,0,1,0,39,0,0,0,0,0,11,0,0,0,0,0,0,0,0,0,0,0,0,0,35,0,0,0,0,0,0,0,0,0,0,0,0,0,0,0,0,0,0,0,36,0,0,0,0,0,0,0,0,0,0,0,0,0,0,0,0,0,0,0,0,0,0,0,54,0,0,0,0,0,0,0,0,0,0,0,0,0,0,0,0,0,0,0,5,0,20,0,8,0,6,0,21,0,0,0,0,30,0,0,0,0,0,0,0,0,145,1,0,0,0,0,0,0,0,0,0,0,0,0,0,0,0,0,0,0,0,0,0,0,44,80,109,38,21,0,4,0,0,0,0,0,0,0,0
0,0,0,0,0,0,0,0,0,0,0,0,28,75,3,0,0,3,0,11,17,135,0,13,0,0,19,137,0,0,0,21,0,15,14,12,0,78,0,0,16,29,29,0,13,116,7,88,0,18,37,32,0,0,0,0,0,0,0,0,0,0,0,7,0,0,0,0,0,0,0,0,0,0,0,0,0,0,0,0,0,46,0,0,0,40,0,0,0,0,0,0,0,0,0,0,0,0,0,0,0,0,0,0,0,0,0,0,0,0,0,0,0,0,0,0,0,0,0,0,0,0,0,10,0,0,0,0,0,0,0,0,0,0,0,0,0,0,0,0,0,76,0,73,0,0,0,0,0,0,0,0,0,0,0,0,0,0,0,0,0,0,0,0,0,48,0,17,0,24,0,0,0,57,0,0,0,32,0,0,0,0,0,0,0,0,0,16,0,0,0,0,0,0,0,0,0,0,0,0,0,0,0,0,0,0,0,0,0,0,0,0,3,0,12,0,0,0,46,29,45,19,0,0,0
25,0,83,0,71,0,0,0,10,0,10,0,45,0,59,0,118,0,35,0,111,0,68,0,71,0,134,76,0,0,39,0,14,0,8,0,26,0,0,0,52,52,142,13,0,82,202,178,195,27,50,9,0,0,0,1,0,0,0,0,0,0,76,0,0,0,0,0,0,0,58,0,0,0,27,0,2,0,0,0,0,0,13,0,0,0,33,0,0,0,0,0,0,0,0,0,83,0,236,0,65,0,0,0,15,0,0,0,0,0,0,0,0,0,0,0,0,0,0,0,0,0,0,0,0,0,0,0,1,0,0,0,0,0,0,0,0,0,0,0,0,0,0,0,78,0,0,0,0,0,10,0,0,0,0,0,0,0,0,0,5,0,27,0,113,0,64,0,144,0,11,0,46,0,0,0,15,49,4,0,0,0,0,0,0,0,92,0,0,0,0,0,0,0,0,0,8,0,0,0,0,0,0,0,0,0,0,0,0,0,80,114,337,38,39,0,0,40,0,1,0,0,0,0,0
0,0,0,0,0,0,0,0,0,0,0,9,19,19,0,0,0,0,0,46,0,80,0,4,0,4,34,174,0,1,0,0,0,5,0,17,0,16,0,0,36,77,59,116,82,0,56,239,43,231,41,129,0,0,0,0,0,0,0,0,0,0,0,0,0,0,0,0,0,0,0,0,0,0,0,0,0,5,0,0,0,0,0,0,0,0,0,0,0,0,0,0,0,0,0,27,0,0,0,0,0,0,0,9,0,0,0,0,0,0,0,0,0,0,0,0,0,0,0,0,0,0,0,1,0,0,0,0,0,0,0,0,0,0,0,0,0,0,0,0,0,3,0,0,0,2,0,0,0,0,0,0,0,0,0,0,0,0,0,0,0,2,0,0,0,220,0,19,0,64,0,0,0,13,0,0,0,84,0,0,0,0,0,0,0,0,42,36,0,0,0,0,0,0,0,0,0,0,0,0,0,3,0,0,0,0,0,0,0,0,0,0,0,0,17,0,0,0,77,113,286,22,0,0,116
57,0,72,0,173,0,0,0,11,0,65,1,154,0,39,0,0,0,81,0,6,5,24,0,27,0,67,124,0,0,2,0,0,0,8,24,0,0,0,0,194,32,79,7,202,56,0,113,256,16,25,15,0,0,0,0,0,0,0,0,0,0,0,0,0,0,0,0,0,0,0,0,0,0,0,0,0,0,0,0,0,0,0,0,0,0,0,0,0,0,0,0,0,0,0,0,0,0,0,0,0,0,0,0,0,0,0,0,0,0,0,0,0,0,0,0,0,0,0,0,0,0,0,0,0,0,0,0,0,0,0,0,0,0,0,0,0,0,0,0,0,0,0,0,0,0,10,0,0,0,0,0,5,0,0,0,0,0,0,0,0,0,1,0,17,0,0,0,0,0,0,0,0,0,0,0,20,53,13,0,7,0,39,0,38,0,122,0,0,0,0,0,0,0,0,0,0,0,0,0,0,0,0,0,0,0,0,0,12,0,17,164,151,17,0,0,0,23,0,0,0,0,0,0,0
0,61,0,0,0,44,0,0,0,0,0,157,56,220,0,5,0,0,16,76,0,32,0,0,0,0,124,103,0,0,0,0,0,2,36,5,0,0,0,0,88,407,194,88,178,239,113,0,49,210,0,33,0,0,0,0,0,0,0,0,0,0,0,0,0,0,0,0,0,3,0,0,0,0,0,0,0,0,0,0,0,0,0,0,0,0,0,0,0,0,0,0,0,0,0,0,0,0,0,0,0,0,0,0,0,0,0,0,0,0,0,0,0,0,0,0,0,0,0,0,0,0,0,0,0,0,0,0,0,0,0,0,0,0,0,0,0,0,0,0,0,0,0,0,0,0,0,0,0,0,0,0,0,0,0,0,0,0,0,0,0,0,0,0,0,0,1,0,0,0,0,0,0,0,0,0,0,279,1,2,0,0,0,0,0,0,101,36,0,0,0,0,0,0,0,0,0,0,0,0,0,0,0,0,0,0,0,0,0,0,0,0,11,0,1,0,0,0,0,94,30,0,2,0,27
10,0,42,0,17,0,45,1,15,0,10,0,38,0,10,0,14,0,0,0,5,0,2,0,11,1,51,27,0,0,0,0,0,0,0,0,1,0,1,0,134,11,66,0,195,43,256,49,0,26,25,1,6,0,22,0,16,0,46,0,1,0,0,0,0,0,11,2,0,0,2,0,0,0,0,0,0,0,4,0,0,0,9,0,8,0,13,0,0,0,0,0,0,0,7,0,10,0,0,0,0,0,3,0,17,0,15,0,0,0,0,0,0,0,0,0,0,0,0,0,0,0,0,0,0,0,0,0,0,0,8,0,0,0,5,0,0,0,2,0,0,0,5,0,0,0,0,0,0,0,0,0,1,0,5,0,0,0,2,0,19,1,23,0,27,0,8,0,40,0,16,0,14,0,2,0,18,28,28,0,0,0,5,0,10,0,169,0,16,0,9,0,50,0,0,0,3,0,10,0,11,0,17,0,29,0,0,0,6,0,55,69,252,20,46,9,15,23,0,0,0,0,0,0,0
0,1,0,0,0,3,0,0,0,2,0,0,1,51,0,0,0,0,1,0,0,0,0,0,0,0,0,31,0,0,0,0,0,0,0,3,0,0,0,0,0,117,0,18,27,231,16,210,26,0,0,10,0,0,0,0,0,0,0,0,0,0,0,0,0,0,0,0,0,10,0,0,0,0,0,0,0,0,0,0,0,11,0,0,0,0,0,4,0,17,0,0,0,0,0,39,0,0,0,0,0,0,0,14,0,2,0,0,0,0,0,0,0,0,0,0,0,0,0,1,0,0,0,0,0,0,0,0,0,0,0,0,0,0,0,0,0,1,1,0,0,0,0,0,0,1,0,0,0,0,0,2,0,0,0,0,0,0,0,0,0,0,0,0,0,70,0,2,0,47,0,1,0,0,0,3,0,181,0,5,0,0,0,0,0,0,34,73,0,0,0,0,0,0,0,0,0,0,0,5,0,0,0,7,0,0,0,0,0,2,0,0,0,0,0,0,0,0,12,46,23,1,10,0,6
0,0,2,0,47,0,0,0,0,0,0,0,156,61,14,0,37,0,166,0,172,0,0,0,11,0,308,314,27,0,64,0,7,0,32,0,93,0,15,0,23,86,67,37,50,41,25,0,25,0,0,67,0,0,0,0,0,0,0,0,0,0,0,0,0,0,0,0,0,0,0,0,6,0,7,0,2,0,3,0,0,0,9,0,0,0,17,0,0,0,31,0,3,0,0,0,0,0,97,0,0,0,0,0,0,0,0,0,1,0,0,0,0,0,0,0,0,0,0,0,0,0,0,0,0,0,0,0,0,0,0,0,0,0,0,0,0,0,0,0,0,0,0,0,0,0,0,0,0,0,0,0,0,0,0,0,0,0,0,0,3,0,13,0,20,0,35,0,139,0,22,0,56,0,0,0,0,56,10,0,0,0,0,0,0,0,109,0,0,0,0,0,0,0,18,0,0,0,0,0,21,0,0,0,0,0,0,0,0,0,66,53,106,43,28,3,1,1,0,0,0,0,0,0,0
0,0,0,2,0,8,0,0,0,0,0,0,40,147,0,0,0,0,0,27,45,131,0,3,0,2,45,230,0,4,0,8,0,9,0,22,0,43,0,3,0,28,55,32,9,129,15,33,1,10,67,0,0,0,0,3,0,5,0,0,0,16,0,1,0,0,0,0,0,9,0,0,0,0,0,10,0,0,0,0,0,54,0,0,0,33,0,0,0,0,0,0,0,3,0,21,0,0,0,16,0,0,0,0,0,0,0,5,0,0,0,0,0,0,0,0,0,0,0,0,0,23,0,0,0,0,0,0,0,0,0,5,0,0,0,0,0,0,0,10,0,22,0,0,0,20,0,0,0,0,0,0,0,0,0,0,0,3,0,0,0,4,0,9,0,29,0,0,0,114,0,14,0,80,0,0,0,84,0,3,0,0,0,0,0,0,32,54,0,0,0,0,0,0,0,0,0,0,0,0,0,0,0,0,0,0,0,0,0,0,0,0,0,0,24,0,0,0,59,15,76,40,24,0,0
5,0,8,0,0,0,243,0,260,15,0,0,0,0,0,0,91,0,0,0,19,0,8,0,26,9,0,0,7,0,4,0,0,0,0,0,9,0,2,0,0,0,0,0,0,0,0,0,6,0,0,0,0,0,275,17,127,0,123,0,23,0,73,0,1,0,22,0,0,0,7,0,0,0,5,0,0,0,0,0,25,0,0,0,104,0,0,0,0,0,72,0,0,0,0,0,176,0,98,0,18,0,0,0,0,0,0,0,0,0,0,0,0,0,0,0,0,0,0,0,30,0,18,0,12,0,8,0,7,0,25,0,34,0,0,0,44,0,227,0,99,0,308,0,29,0,0,0,3,0,0,0,0,0,234,1,143,0,42,0,5,0,9,0,0,0,0,0,0,0,62,0,7,0,0,0,104,14,0,0,0,0,0,0,14,0,0,0,0,0,0,0,0,0,0,0,0,0,1,0,0,0,0,0,0,0,0,0,0,0,27,33,78,61,42,0,39,1,0,0,0,4,0,0,0
0,16,0,0,0,0,23,65,36,262,0,0,0,0,0,0,0,121,0,0,0,0,0,0,2,29,0,0,0,12,0,7,0,9,0,6,0,0,0,11,0,0,0,0,0,0,0,0,0,0,0,0,0,0,14,159,0,172,12,60,0,42,3,108,0,2,7,22,0,0,0,0,0,0,0,1,0,0,0,0,0,0,0,2,0,9,0,0,0,0,0,0,0,0,0,0,0,0,1,6,0,0,0,0,0,0,0,0,0,0,0,0,0,0,0,0,0,0,0,0,0,0,0,0,0,0,0,0,0,0,0,4,0,0,0,0,0,13,0,56,0,6,0,18,0,56,0,0,0,0,0,3,0,0,0,157,0,85,0,49,2,11,0,0,0,0,0,0,0,0,4,21,13,3,0,0,43,83,0,0,0,0,0,37,1,33,0,0,0,0,0,0,0,0,0,0,0,0,0,0,0,0,0,0,0,0,0,0,0,0,11,3,0,0,188,0,0,0,143,95,21,103,8,5,0
6,0,82,0,0,2,309,5,210,47,0,0,0,0,67,0,65,0,40,0,23,0,138,0,251,5,0,0,5,0,4,0,0,0,0,0,0,0,0,0,0,0,0,0,0,0,0,0,22,0,0,0,275,14,0,34,69,15,127,27,47,0,20,0,4,0,22,63,0,0,8,0,0,0,0,0,0,0,0,0,0,0,0,0,24,0,0,0,0,0,12,0,0,0,0,0,41,0,23,0,0,0,0,0,0,0,15,0,0,0,0,0,0,0,0,0,0,0,0,0,0,0,0,0,9,0,61,0,38,0,7,0,47,0,61,0,51,0,48,0,36,0,191,0,9,0,4,0,5,3,15,0,0,1,47,0,34,2,38,0,9,0,0,0,0,0,0,0,9,0,76,0,19,1,0,4,93,11,0,0,0,0,1,0,29,0,0,0,0,0,0,0,0,0,0,0,1,0,0,0,35,0,0,0,0,0,0,0,49,0,85,25,140,220,187,0,66,1,0,1,0,0,0,0,0
0,12,7,30,0,0,63,198,98,250,0,0,0,0,0,40,0,26,0,0,0,5,0,46,13,242,0,0,0,5,0,0,0,2,0,0,0,0,0,0,0,0,0,0,1,0,0,0,0,0,0,3,17,159,34,0,0,158,39,75,0,15,7,94,0,8,33,37,0,0,0,0,0,0,0,0,0,0,0,0,0,0,0,0,0,33,0,0,0,0,0,0,0,0,0,0,0,0,0,0,0,0,0,0,0,0,0,0,0,0,0,0,0,0,0,0,0,0,0,0,0,0,0,0,0,62,0,49,0,0,0,52,0,23,0,139,0,97,0,46,0,4,0,51,0,8,0,8,0,14,0,25,0,8,0,38,0,16,2,6,0,30,0,0,0,0,0,0,0,11,19,133,28,38,0,0,88,56,0,0,0,0,1,6,3,29,0,0,0,0,0,0,0,0,0,0,0,0,0,4,0,0,0,0,0,0,0,0,0,73,34,10,14,0,199,0,0,0,50,17,89,253,8,12,0
0,0,0,0,0,0,0,0,1,0,0,0,0,0,12,0,4,0,0,0,0,0,0,0,6,0,0,0,0,0,0,0,0,0,0,0,0,0,0,0,0,0,0,0,0,0,0,0,16,0,0,0,127,0,69,0,0,8,162,18,0,0,0,0,31,14,7,19,0,0,0,0,0,0,0,0,0,0,0,0,0,0,0,0,0,0,0,0,0,0,2,0,0,0,0,0,0,0,0,0,0,0,0,0,0,0,0,0,0,0,0,0,0,0,0,0,0,0,0,0,0,0,0,0,5,0,21,0,37,0,54,0,39,0,0,0,9,0,36,0,0,0,19,0,5,1,4,0,6,0,0,0,0,0,82,12,48,0,63,0,47,20,34,0,0,0,0,0,0,0,40,0,0,0,0,4,0,0,0,0,0,15,0,0,43,0,0,0,0,0,0,0,2,0,0,0,0,0,0,0,0,0,0,0,0,0,0,0,8,0,279,21,159,280,681,0,30,5,0,0,0,0,0,0,0
0,2,0,0,0,0,9,6,40,8,0,0,0,0,0,21,0,71,0,0,0,0,0,26,0,140,0,0,0,0,0,0,0,0,0,0,0,0,0,0,0,0,0,0,0,0,0,0,0,0,0,5,0,172,15,158,8,0,54,370,0,0,0,37,5,20,58,41,0,0,0,0,0,0,0,0,0,0,0,0,0,0,0,0,0,0,0,11,0,0,0,0,0,0,0,0,0,0,0,0,0,0,0,0,0,0,0,0,0,0,0,0,0,0,0,0,0,0,0,0,0,0,0,0,0,49,0,13,0,26,0,44,0,16,0,35,0,28,0,65,0,0,1,13,0,0,0,4,0,3,0,12,0,0,0,133,0,21,1,57,0,106,0,18,0,11,0,0,0,53,0,339,0,0,0,27,25,4,0,0,0,0,1,0,27,53,0,0,0,0,0,0,0,0,0,0,0,0,0,0,0,0,0,0,0,0,0,0,0,24,8,0,11,0,514,0,0,0,128,89,382,352,20,23,0
0,0,11,0,0,0,2,0,23,13,0,0,0,0,0,0,5,0,0,0,0,0,4,0,14,0,0,0,0,0,0,0,0,0,1,0,2,0,0,0,0,0,0,0,0,0,0,0,46,0,0,0,123,12,127,39,162,54,0,97,58,0,0,0,140,52,83,187,0,0,0,0,2,0,0,0,0,0,0,0,0,0,0,0,0,0,0,0,0,0,0,0,0,0,0,0,0,0,0,0,1,0,0,0,0,0,0,0,0,0,0,0,0,0,0,1,0,0,0,0,0,0,0,0,42,0,17,0,7,0,202,0,34,0,0,0,0,0,22,0,0,0,0,0,10,0,15,1,70,0,0,0,0,0,181,23,130,0,21,15,110,12,20,0,0,0,5,0,19,0,154,0,0,0,0,40,44,0,0,0,0,27,0,0,215,9,0,0,0,0,0,0,0,0,0,0,0,0,0,0,0,0,0,0,0,0,0,0,0,0,818,167,324,658,1731,0,100,12,0,0,0,0,0,0,0
1,4,0,0,0,0,0,17,39,47,0,0,0,0,0,0,0,6,0,0,0,0,0,0,0,44,0,0,0,0,0,0,0,0,0,0,0,0,0,0,0,0,0,0,0,0,0,0,0,0,0,0,0,60,27,75,18,370,97,0,0,0,0,11,0,54,126,160,0,0,0,0,0,0,0,0,0,0,0,0,0,0,0,0,0,0,0,15,0,0,0,0,0,5,0,0,0,0,0,0,0,4,0,0,0,0,0,0,0,0,0,0,0,0,0,0,0,0,0,0,0,0,0,0,0,71,0,17,0,0,0,79,0,18,0,0,0,0,1,9,0,0,0,0,0,0,0,3,0,17,0,12,0,0,0,62,0,60,1,35,0,31,0,0,0,13,0,8,0,69,0,221,0,0,0,53,29,18,0,0,0,0,0,0,26,35,0,0,0,0,0,0,0,0,0,0,0,0,0,1,0,0,0,0,0,0,0,0,0,12,2,7,0,0,1338,0,0,0,406,135,513,570,24,32,0
90,3,157,1,0,0,380,0,253,10,0,0,0,0,0,0,36,0,0,0,0,0,0,0,10,20,0,0,7,0,2,0,1,0,0,0,18,0,4,0,0,0,5,0,0,0,0,0,1,0,0,0,23,0,47,0,0,0,58,0,0,0,52,0,0,0,0,0,0,0,0,0,0,0,2,0,0,0,0,0,0,0,0,0,1,0,0,0,0,0,0,0,0,0,0,0,0,0,0,0,0,0,0,0,0,0,0,0,0,0,0,0,0,0,0,0,0,0,0,0,0,0,1,0,0,0,0,0,2,0,0,0,2,0,0,0,0,0,89,0,65,0,0,0,105,0,0,0,0,0,0,0,0,0,19,0,112,0,0,0,0,0,2,0,0,0,0,0,0,0,107,0,78,0,0,0,101,32,0,0,0,0,0,0,0,0,0,0,0,0,0,0,0,0,0,0,0,0,0,0,0,0,0,0,0,0,0,0,0,0,6,12,47,18,13,0,4,0,0,0,0,0,0,0,0
3,202,0,47,0,0,0,178,0,170,0,0,0,0,0,13,0,13,0,0,0,22,0,5,5,56,0,3,0,64,0,21,0,12,0,26,0,33,0,24,0,0,0,0,0,0,0,0,0,0,0,16,0,42,0,15,0,0,0,0,0,0,0,45,0,3,0,4,0,0,0,0,0,0,0,4,0,0,0,0,0,0,0,0,0,11,0,0,0,0,0,0,0,0,0,0,0,0,0,0,0,0,0,0,0,0,0,0,0,0,0,0,0,0,0,0,0,0,0,0,0,0,0,7,0,0,0,0,0,0,0,0,0,1,0,0,0,28,0,77,0,71,0,39,0,169,0,0,0,0,0,0,0,0,0,5,0,80,0,14,0,0,0,0,0,3,0,0,0,0,0,21,0,115,0,0,3,33,0,3,0,0,0,31,0,0,0,0,0,0,0,0,0,0,0,0,0,0,0,0,0,0,0,0,0,0,0,0,0,0,0,0,0,0,63,0,0,0,83,183,22,97,0,4,0
35,0,83,0,0,0,206,5,145,0,0,0,2,0,0,0,241,0,16,0,97,0,17,0,75,9,0,0,32,0,16,0,3,0,14,0,46,0,11,0,0,0,39,0,76,0,0,0,0,0,0,0,73,3,20,7,0,0,0,0,52,0,0,3,0,0,3,0,0,0,22,0,0,0,14,0,2,0,0,0,0,0,0,0,53,0,0,0,0,0,0,0,0,0,0,0,41,0,60,0,0,0,0,0,0,0,0,0,0,0,0,0,0,0,0,0,0,0,0,0,33,0,20,0,0,0,0,0,0,0,0,0,0,0,0,0,19,0,122,0,121,0,43,0,51,0,1,0,0,1,0,0,0,0,37,0,28,0,11,0,0,0,3,0,0,0,0,0,0,0,14,0,19,0,0,0,64,20,1,0,0,0,2,0,0,0,0,0,0,0,0,0,0,0,0,0,0,0,0,0,0,0,0,0,0,0,0,0,0,0,7,6,54,81,18,0,18,0,2,0,0,0,0,0,0
1,141,16,0,0,0,10,279,6,223,0,0,0,0,0,0,0,42,0,0,0,84,4,29,18,151,0,0,0,48,0,16,0,27,0,12,0,10,0,38,0,0,0,7,0,0,0,0,0,0,0,1,0,108,0,94,0,37,0,11,0,45,3,0,0,0,0,0,0,0,0,0,0,0,0,0,0,0,0,0,0,0,0,0,0,0,0,0,0,0,0,0,0,0,0,0,0,0,0,0,0,0,0,0,0,0,0,0,0,0,0,0,0,0,0,0,0,0,0,0,0,0,0,0,0,0,0,1,0,0,0,0,0,0,0,0,0,12,0,73,0,27,0,18,0,47,0,0,0,0,0,0,0,0,0,55,0,25,0,48,0,6,0,0,0,0,0,0,0,1,0,6,7,6,0,0,5,59,0,0,0,0,1,52,0,3,0,0,0,0,0,0,0,0,0,0,0,0,0,0,0,0,0,0,0,0,0,0,0,0,0,0,3,0,49,0,0,0,79,74,0,40,0,0,0
17,0,20,0,19,0,40,1,61,0,6,0,0,0,12,0,0,1,6,0,3,0,1,0,0,0,0,0,0,0,0,0,0,0,0,0,0,0,0,0,0,0,0,0,0,0,0,0,0,0,0,0,1,0,4,0,31,5,140,0,0,0,0,0,0,27,253,16,0,0,0,0,0,0,0,0,0,0,0,0,0,0,0,0,0,0,0,0,0,0,0,0,0,0,0,0,1,2,0,0,0,0,0,0,0,0,0,0,0,0,0,0,0,0,0,0,0,0,0,0,0,0,0,0,38,0,24,0,0,0,42,0,0,0,7,0,0,0,53,0,0,0,0,0,31,0,28,0,50,0,33,0,32,0,0,7,23,0,0,0,183,51,0,0,0,0,0,0,0,0,0,0,0,0,17,2,0,0,0,0,54,61,0,0,332,0,0,0,0,0,0,0,0,0,0,0,0,0,0,0,0,0,0,0,0,0,1,0,11,0,127,0,0,0,122,0,0,0,0,0,0,2,0,0,0
0,23,0,0,0,9,0,0,0,98,0,2,0,0,0,13,0,0,0,21,0,0,0,7,0,0,0,12,0,7,0,0,0,6,0,0,0,0,0,2,0,0,0,0,0,0,0,0,0,0,0,0,0,2,0,8,14,20,52,54,0,3,0,0,27,0,12,516,0,1,0,0,0,0,0,0,0,0,0,0,1,0,0,0,1,6,0,0,0,0,0,0,0,0,0,0,0,0,0,0,0,0,0,0,0,0,0,0,0,0,0,0,0,0,0,0,0,0,0,0,0,3,0,0,0,91,0,18,4,0,22,104,0,0,0,0,0,8,41,32,0,31,0,0,0,72,0,20,0,161,0,26,0,25,7,9,0,0,0,5,48,171,0,15,0,5,0,0,0,0,0,0,0,0,9,116,1,0,0,0,21,193,0,0,34,129,0,1,0,0,0,0,0,0,0,0,0,0,0,0,0,0,0,0,0,0,0,0,0,7,0,1,0,0,168,0,0,0,237,20,49,0,0,0,0
4,0,4,0,0,0,47,0,231,0,1,0,0,0,0,0,0,0,0,0,0,0,0,0,0,0,0,0,0,0,0,0,0,0,0,0,0,0,0,0,0,0,0,0,0,0,0,0,11,0,0,0,22,7,22,33,7,58,83,126,0,0,3,0,253,12,0,166,0,0,0,0,0,0,0,0,0,0,0,0,0,0,0,0,0,0,0,0,0,0,0,0,0,0,0,0,1,0,0,0,0,0,0,0,0,0,0,0,0,0,0,0,0,0,0,0,0,0,0,0,0,0,0,0,0,0,0,0,0,0,20,0,0,0,0,0,0,0,0,0,0,0,0,0,0,0,0,0,27,0,0,0,0,0,35,18,47,0,0,6,62,13,0,0,0,0,1,0,4,0,16,0,0,0,3,42,112,0,0,0,0,8,0,0,450,2,0,0,0,0,0,0,0,0,0,0,0,0,0,0,0,0,0,0,0,0,0,0,0,0,238,99,40,110,295,0,21,0,0,0,0,0,0,0,0
0,4,0,0,0,0,0,2,84,78,0,0,0,1,0,4,0,0,0,0,0,0,0,0,0,0,0,0,0,0,0,0,0,0,0,0,0,0,0,0,0,0,0,0,0,0,0,0,2,0,0,0,0,22,63,37,19,41,187,160,0,4,0,0,16,516,166,0,0,3,0,0,0,0,0,0,0,0,0,0,0,0,0,0,0,0,0,0,0,0,0,0,0,0,0,0,0,0,0,0,0,0,0,0,0,0,0,0,0,0,0,0,0,0,0,0,0,0,0,0,0,0,0,0,0,21,0,0,0,0,0,61,0,0,0,0,0,0,0,3,0,0,0,0,0,19,0,0,0,26,0,0,0,0,7,18,0,24,2,12,0,13,0,13,0,7,0,0,0,24,7,0,0,0,0,187,96,74,0,0,0,27,0,0,66,265,0,0,0,0,0,0,0,0,0,0,0,0,0,0,0,0,0,0,0,0,0,0,0,0,5,7,10,0,842,0,0,0,430,109,156,211,19,8,0
0,0,0,0,0,0,0,0,0,0,0,0,0,0,0,0,0,0,1,0,0,0,0,0,0,0,0,0,0,0,0,0,0,0,0,0,0,0,0,0,0,0,0,0,0,0,0,0,0,0,0,0,0,0,0,0,0,0,0,0,0,0,0,0,0,0,0,0,0,0,1,0,27,0,1,0,110,0,73,0,0,0,14,0,0,0,22,0,6,0,7,0,8,0,0,0,0,0,14,0,12,0,55,0,20,0,54,0,2,0,3,0,3,0,1,0,1,0,2,0,0,0,0,0,0,0,0,0,0,0,0,0,0,0,0,0,0,0,0,0,1,0,0,0,0,0,0,0,0,0,0,0,0,0,0,0,0,0,0,0,0,0,17,0,7,0,0,0,284,0,28,0,0,0,0,0,0,0,0,0,2,0,0,0,1,0,0,0,26,0,0,0,0,0,34,0,0,0,0,0,16,0,18,0,0,0,0,0,0,0,52,4,36,0,17,48,23,0,0,0,0,0,0,0,0
0,0,0,0,0,0,0,0,0,0,0,0,0,0,0,0,0,0,0,0,0,0,0,0,0,0,0,0,0,0,0,0,0,0,0,0,0,0,0,0,0,0,0,0,0,0,0,3,0,10,0,9,0,0,0,0,0,0,0,0,0,0,0,0,0,1,0,3,0,0,0,0,0,0,0,0,0,88,0,0,0,3,0,15,0,1,0,11,0,44,0,0,0,37,0,16,0,0,0,0,0,2,0,91,0,0,0,0,0,6,0,12,0,5,0,1,0,5,0,0,0,0,0,0,0,0,0,0,0,0,0,0,0,3,0,0,0,0,0,0,0,0,0,0,0,0,0,0,0,0,0,0,0,0,0,0,0,2,0,0,0,0,0,0,0,62,0,0,0,201,1,8,0,0,0,0,0,0,0,0,0,0,0,1,0,0,0,0,0,30,0,0,0,0,0,34,0,2,0,0,0,0,0,29,0,19,0,0,0,7,0,0,0,0,6,0,0,0,141,20,173,0,69,51,3
0,0,0,0,0,0,0,0,0,0,0,0,0,0,0,0,80,0,0,0,63,0,3,0,0,0,0,0,20,0,0,0,0,0,9,0,79,0,0,0,0,0,34,0,58,0,0,0,2,0,0,0,7,0,8,0,0,0,0,0,0,0,22,0,0,0,0,0,1,0,0,0,70,0,79,0,0,0,27,0,44,0,0,0,24,0,33,0,0,0,0,0,0,0,0,0,0,0,28,0,0,1,0,0,0,0,0,0,0,0,0,0,0,0,0,0,0,0,0,0,32,0,28,0,0,0,0,0,3,1,0,0,0,0,0,0,0,0,6,0,44,0,25,0,71,0,0,0,0,0,0,1,0,0,0,0,5,0,0,0,0,0,68,0,0,0,15,0,18,0,16,0,28,0,0,0,1,0,1,0,0,0,0,0,0,0,0,0,0,0,0,0,0,0,0,0,0,0,0,0,0,0,0,0,0,0,3,0,8,0,21,0,59,0,28,0,7,1,0,0,0,0,0,0,0
0,0,0,0,0,0,0,0,0,0,0,0,0,0,0,0,0,6,0,0,0,0,0,2,0,0,0,3,0,0,0,0,0,0,0,0,0,0,0,0,0,0,0,0,0,0,0,0,0,0,0,0,0,0,0,0,0,0,0,0,0,0,0,0,0,0,0,0,0,0,0,0,0,88,0,189,0,6,0,22,0,5,0,2,0,2,0,94,0,0,0,0,0,0,0,0,0,0,0,0,0,0,0,0,0,0,0,0,0,0,0,0,0,0,0,0,0,0,0,0,0,10,0,9,0,0,0,0,0,0,0,0,0,10,0,8,0,0,0,0,0,7,0,25,0,31,0,0,0,8,0,24,0,10,0,0,0,4,0,0,0,0,0,10,0,0,0,0,0,3,0,12,0,10,0,4,0,0,0,0,7,0,0,0,0,0,0,0,0,0,0,0,0,0,0,0,0,0,0,0,0,0,0,0,0,0,0,0,0,0,0,0,0,0,0,0,0,0,0,0,1,0,0,0,0
0,0,0,0,1,0,0,0,0,0,0,0,0,0,0,0,0,0,1,0,8,0,2,0,0,0,0,0,0,0,0,0,0,0,0,0,0,0,0,0,0,0,0,0,0,0,0,0,0,0,6,0,0,0,0,0,0,0,2,0,0,0,0,0,0,0,0,0,27,0,70,0,0,0,58,0,29,0,81,0,14,2,14,0,18,0,28,0,0,0,0,0,33,0,0,0,0,0,0,0,0,0,3,0,0,0,0,0,0,0,0,0,0,0,0,0,0,0,0,0,50,0,41,0,8,0,0,0,9,0,9,0,3,0,24,0,0,0,0,0,38,0,67,2,60,0,3,0,0,0,27,0,9,0,0,0,0,0,0,0,0,0,24,0,0,0,0,0,17,0,1,0,0,0,12,0,0,0,0,0,21,0,0,0,0,0,0,0,0,0,0,0,0,0,0,0,0,0,47,0,45,0,28,0,0,0,0,0,9,0,74,6,9,0,37,0,0,0,0,0,0,0,0,0,0
0,0,0,0,0,0,0,0,0,0,0,0,0,0,0,0,0,0,0,0,0,0,0,0,0,0,0,0,0,0,0,0,0,0,0,0,0,0,0,0,0,0,0,0,0,0,0,0,0,0,0,0,0,0,0,0,0,0,0,0,0,0,0,0,0,0,0,0,0,0,0,88,0,0,0,61,0,13,0,10,0,6,0,2,0,13,0,32,0,0,0,0,0,0,0,0,0,0,0,2,0,0,0,0,0,0,0,0,0,0,0,0,0,0,0,0,0,0,0,0,0,42,0,16,0,10,0,30,0,0,0,0,0,16,0,76,0,35,0,0,0,8,0,46,0,50,0,0,0,3,0,47,0,0,0,0,0,0,0,0,0,0,0,37,0,0,0,0,0,0,0,4,0,0,0,0,0,0,0,0,0,0,0,0,0,0,0,0,0,30,0,0,0,0,0,0,0,0,0,114,0,16,0,114,0,30,0,0,0,51,0,0,0,0,0,0,0,0,6,1,0,0,0,0,0
0,0,0,0,0,0,0,0,0,0,0,0,0,0,0,0,22,0,0,0,27,0,0,0,3,0,0,0,3,0,0,0,0,0,3,0,33,0,0,0,0,0,11,0,27,0,0,0,0,0,7,0,5,0,0,0,0,0,0,0,2,0,14,0,0,0,0,0,1,0,79,0,58,0,0,0,23,0,141,0,54,0,6,0,31,0,46,0,0,0,0,0,11,0,9,0,0,0,3,4,0,0,0,0,0,0,0,0,0,0,0,0,0,0,0,0,0,0,0,0,34,0,65,0,2,0,0,0,0,0,2,0,0,0,18,0,12,0,0,0,55,0,45,0,40,0,1,0,0,0,5,0,0,0,0,0,4,0,0,0,0,0,14,0,0,0,11,0,9,0,6,0,11,0,2,0,0,0,0,0,0,0,0,0,1,0,0,0,0,0,0,0,0,0,0,0,0,0,24,0,0,0,18,0,0,0,0,0,0,0,2,0,0,0,0,0,0,0,0,0,0,0,0,0,0
0,0,0,0,0,0,0,0,0,0,0,0,0,0,0,0,0,10,0,0,0,16,0,9,0,0,0,0,0,2,0,3,0,0,0,0,0,4,0,5,0,0,0,0,0,0,0,0,0,0,0,10,0,1,0,0,0,0,0,0,0,4,0,0,0,0,0,0,0,0,0,189,0,61,0,0,0,0,0,47,0,6,0,0,0,10,0,72,0,0,0,0,0,0,0,4,0,0,0,0,0,3,0,0,0,0,1,0,0,0,0,0,0,0,0,0,0,0,0,0,0,100,0,15,0,15,0,13,0,0,10,0,0,0,0,24,0,9,0,0,0,39,0,27,0,162,0,3,0,15,0,17,0,18,0,0,0,8,0,1,2,0,0,29,0,0,0,0,0,0,0,14,0,27,1,0,0,0,0,0,6,28,0,0,0,0,0,0,0,0,0,0,0,0,0,0,0,0,0,9,0,0,0,0,0,0,0,0,0,12,0,0,0,0,2,0,0,0,10,0,0,0,0,0,0
0,0,0,0,0,0,0,0,0,0,0,0,0,0,0,0,0,0,0,0,0,0,0,0,0,0,0,0,0,0,0,0,0,0,0,0,0,0,0,0,0,0,0,0,2,0,0,0,0,0,2,0,0,0,0,0,0,0,0,0,0,0,2,0,0,0,0,0,110,0,0,0,29,0,23,0,0,0,46,0,0,0,0,0,0,0,29,0,3,0,0,0,0,0,0,0,10,0,0,0,0,0,22,0,0,0,11,0,1,0,0,0,0,0,1,0,2,0,0,0,3,0,0,0,0,0,0,0,0,0,0,0,0,0,0,0,0,0,0,0,0,0,5,0,0,0,0,0,0,0,0,0,0,0,0,0,0,0,0,0,0,0,4,0,6,0,0,0,58,0,0,0,0,0,0,0,0,0,0,0,0,0,0,0,0,0,0,0,0,0,0,0,0,0,10,0,0,0,4,0,16,0,0,0,0,0,0,0,0,0,17,3,12,2,11,4,2,0,0,0,0,0,0,0,0
0,0,0,0,0,0,0,0,0,0,0,0,0,0,0,0,0,0,0,0,0,0,0,0,0,0,0,0,0,0,0,0,0,0,0,0,0,0,0,0,0,0,0,0,0,5,0,0,0,0,0,0,0,0,0,0,0,0,0,0,0,0,0,0,0,0,0,0,0,88,0,6,0,13,0,0,0,0,0,2,0,25,0,81,0,3,0,99,0,12,1,0,0,39,0,11,0,0,0,16,0,6,0,28,0,43,0,28,0,10,0,0,0,0,0,0,0,12,0,0,0,0,0,0,0,0,0,0,0,0,0,0,0,0,0,27,0,0,0,0,0,0,0,9,0,2,0,0,0,0,0,7,0,0,0,0,0,1,0,0,0,0,0,5,0,10,0,0,0,21,0,2,0,0,0,0,0,0,0,0,0,0,0,0,0,0,0,0,0,64,0,0,0,0,0,106,0,0,0,57,0,18,0,57,0,86,0,0,0,17,0,0,0,0,6,0,0,0,27,0,20,0,10,1,0
0,0,0,0,0,0,0,0,0,0,0,0,0,0,0,0,0,0,2,0,0,0,1,0,0,0,0,0,0,0,0,0,0,0,0,0,1,0,1,0,0,0,1,0,0,0,0,0,4,0,3,0,0,0,0,0,0,0,0,0,0,0,0,0,0,0,0,0,73,0,27,0,81,0,141,0,46,0,0,0,7,0,44,0,26,0,31,0,0,0,0,0,31,0,2,0,10,0,7,0,1,0,21,0,0,0,20,0,2,0,0,0,0,0,0,0,3,0,0,0,43,0,30,0,0,0,0,0,0,0,0,0,0,0,13,0,0,0,0,0,6,0,22,0,5,0,0,0,0,0,0,1,0,0,0,0,0,0,2,0,4,0,9,0,18,0,0,0,52,0,11,0,2,0,0,0,0,0,0,0,0,0,0,0,0,0,0,0,26,0,0,0,0,0,9,0,0,0,0,0,35,0,31,0,45,0,14,0,0,0,73,0,35,0,23,3,6,2,0,0,0,0,0,0,0
0,1,0,0,0,0,0,0,0,0,0,0,0,0,0,0,0,0,0,0,0,0,0,0,0,0,0,0,0,0,0,0,0,0,0,0,0,0,0,0,0,0,0,0,0,0,0,0,0,0,0,0,0,0,0,0,0,0,0,0,0,0,0,0,0,0,0,0,0,0,0,22,0,10,0,47,0,2,0,0,0,3,0,1,0,3,0,27,0,0,0,0,0,0,0,0,0,0,0,0,0,0,0,0,0,0,0,0,0,0,0,0,0,0,0,0,0,0,0,0,0,22,0,33,0,0,0,10,0,0,0,0,0,4,0,19,0,0,0,0,0,3,0,27,0,16,0,0,0,4,0,0,0,0,0,0,0,0,0,0,0,0,0,5,0,0,0,0,0,0,0,5,0,3,0,1,0,0,0,0,0,0,0,0,0,0,0,0,0,0,0,0,0,0,0,0,0,0,0,13,0,0,0,0,0,0,0,0,0,22,0,0,0,0,0,0,0,0,12,1,0,0,0,0,0
