0,294,22,109,33,18,5,88,22,6,217,41,152,0,13,47,155,30,48,0,26,0,35,72,16,185,35,0,192,0,68,0,113,0,0,0,74,0,409,3,22,0,4,0,0,0,19,0,23,0,6,0,4,0,2,3,0,0,0,0,99,2,99,3,10,0,7,0,0,0,0,0,0,0,0,0,0,0,1,0,0,0,0,0,0,1,0,0,0,0,0,0,0,0,0,0,0,0,0,0,0,0,0,0,0,0,0,0,0,0,0,0,0,0,0,0,0,0,0,0,0,0,0,0,37,0,8,0,0,0,63,0,0,0,0,0,1,0,0,0,0,0,0,0,0,0,28,0,55,0,7,0,0,0,0,0,0,0,0,0,27,0,0,0,8,0,14,0,11,0,34,0,323,0,0,0,227,129,16,0,14,0,38,1,11,0,0,0,0,0,0,0,0,0,0,0,0,0,0,0,0,0,0,0,0,0,0,0,0,0,430,225,435,38,477,1,1,0,0,0,0,0,0,0,0
294,0,148,15,22,68,93,11,76,62,21,156,0,83,9,21,62,27,0,102,5,16,195,23,327,33,0,75,6,192,4,22,0,221,0,0,4,149,10,477,0,36,0,4,0,6,0,45,1,0,0,0,5,6,0,8,0,0,0,4,0,139,24,55,0,64,0,22,0,0,0,3,0,0,0,3,0,0,0,0,0,14,0,6,0,0,0,5,0,0,0,0,0,0,0,6,0,0,0,9,0,8,0,0,0,1,0,0,0,0,0,0,0,0,0,0,0,0,0,5,0,5,0,3,0,28,0,29,0,0,0,43,0,5,0,15,0,4,0,0,0,7,0,0,0,0,0,37,0,91,0,66,0,107,0,0,0,5,0,0,0,0,0,0,0,9,0,8,0,30,0,36,0,215,0,0,119,485,0,3,0,59,12,8,0,124,0,0,0,0,0,0,0,0,0,0,0,0,0,3,0,1,0,0,0,0,0,9,0,42,7,11,11,0,400,0,0,0,581,195,564,24,1,3,0
22,148,0,71,108,49,17,18,1,1,25,80,50,0,177,105,155,13,146,0,346,0,207,69,36,62,67,0,385,0,365,0,161,0,0,0,69,1,349,5,0,0,0,0,7,0,23,0,14,0,9,0,0,0,101,0,0,0,0,0,8,0,13,0,2,0,0,0,0,0,0,0,0,0,2,0,0,0,0,0,0,0,0,0,0,0,0,0,0,0,0,0,0,0,0,0,0,0,0,0,0,0,0,0,14,0,0,0,0,0,0,0,0,0,0,0,0,0,0,0,0,0,0,0,32,0,8,0,0,0,90,0,4,0,142,0,17,0,0,0,0,0,32,0,0,0,23,0,29,0,15,0,12,0,0,0,0,0,0,0,32,0,3,0,0,0,52,0,16,0,12,0,266,0,0,0,85,59,0,0,25,0,5,0,0,0,0,0,0,0,0,0,0,0,0,0,0,0,14,0,19,0,0,0,0,0,0,0,14,0,212,60,331,37,376,0,0,0,0,0,0,0,0,0,0
109,15,71,0,37,170,0,32,0,0,48,8,0,0,0,301,30,38,0,161,0,99,179,248,44,85,0,29,0,129,0,66,0,203,0,18,0,40,0,157,0,0,0,0,0,0,0,3,0,0,0,0,0,0,0,126,0,2,0,0,0,4,0,0,0,1,0,0,0,1,0,0,0,0,0,0,0,0,0,0,0,24,0,5,0,35,0,0,0,0,0,0,0,0,0,0,0,0,0,33,0,25,0,0,0,0,0,0,0,0,0,0,0,0,0,0,0,0,0,0,0,0,0,2,0,0,0,0,0,0,0,0,0,4,0,138,0,87,0,29,0,35,0,23,0,0,0,0,0,0,0,0,0,0,0,0,0,0,0,0,0,0,0,0,0,3,0,0,0,28,0,11,0,111,0,0,53,51,0,0,0,0,0,0,0,0,0,0,0,0,0,0,0,0,0,0,0,0,0,0,0,0,0,0,0,0,0,0,0,43,0,0,0,0,151,0,0,0,90,41,186,0,0,2,0
33,22,108,37,0,595,3,0,8,0,66,335,367,240,156,419,11,0,449,278,280,45,50,63,2,0,266,96,69,0,439,0,543,12,200,0,262,0,0,0,59,0,0,0,0,0,61,18,14,0,114,0,11,0,0,0,0,0,0,0,0,0,0,0,0,0,0,0,0,0,3,0,0,0,0,0,1,0,0,0,0,0,0,0,0,0,0,0,0,0,0,0,0,0,0,0,0,0,0,0,0,0,0,0,0,0,0,0,0,0,0,0,0,0,0,0,0,0,2,0,0,0,0,0,9,0,0,0,0,0,0,0,0,0,0,0,0,0,0,0,0,0,0,0,0,0,13,0,46,0,23,0,92,0,0,0,0,0,0,0,5,0,3,0,67,0,402,0,75,0,5,0,245,0,0,0,357,158,49,0,154,0,59,0,58,0,0,0,8,0,0,0,0,0,0,0,2,0,0,0,0,0,0,0,0,0,2,0,0,0,384,441,683,0,759,0,0,0,0,0,0,0,0,0,0
18,68,49,170,595,0,0,19,1,0,278,117,235,232,558,147,7,11,263,382,177,141,204,135,0,34,53,269,0,13,20,274,0,502,26,177,0,126,0,15,0,39,0,20,0,0,0,63,0,12,0,58,0,5,0,0,0,0,0,0,0,4,0,3,0,0,0,1,0,0,0,0,0,0,0,0,0,0,0,0,0,44,0,0,0,0,0,0,0,0,0,0,0,0,0,0,0,0,0,0,0,32,0,0,0,1,0,3,0,0,0,0,0,0,0,0,0,0,0,0,0,0,0,0,0,0,0,0,0,0,0,0,0,2,0,59,0,35,0,0,0,0,0,0,0,0,0,6,0,27,0,27,0,37,0,2,0,0,0,0,0,0,0,3,0,38,0,262,1,166,0,22,0,89,0,0,201,394,41,18,0,55,0,3,0,35,0,16,0,0,0,1,0,0,0,0,0,2,0,0,0,0,0,0,0,0,0,0,0,15,0,0,0,0,603,0,0,0,359,502,814,0,7,1,0
5,93,17,0,3,0,0,37,6,152,0,0,2,0,9,0,101,0,4,0,0,0,9,0,181,57,0,0,54,0,0,0,6,0,0,0,0,0,133,0,2,0,0,0,0,0,0,0,50,0,0,0,236,13,323,50,19,0,38,7,255,0,558,29,41,0,76,0,0,0,0,0,0,0,2,0,0,0,0,0,0,3,0,0,0,0,0,1,0,0,0,0,0,0,0,0,0,0,0,0,0,0,0,0,0,0,0,0,0,0,0,0,0,0,0,0,1,0,0,0,0,0,0,0,25,0,8,0,2,0,108,0,5,0,62,0,7,0,0,0,0,0,0,0,0,0,23,0,12,0,14,0,4,0,9,0,12,0,0,0,97,0,0,0,10,0,7,0,24,0,156,0,150,0,0,0,0,36,0,0,0,0,2,0,0,0,0,0,0,0,0,0,0,0,0,0,0,0,0,0,0,0,0,0,0,0,0,0,0,0,353,92,499,65,618,0,0,0,1,0,0,1,0,0,0
88,11,18,32,0,19,37,0,150,59,0,2,0,0,0,13,11,0,0,12,0,13,11,11,150,317,0,2,0,168,0,4,0,0,0,0,0,15,4,208,0,0,0,0,0,0,0,0,0,0,0,0,21,22,28,249,0,7,1,9,5,218,53,204,0,0,0,22,0,0,0,0,0,0,0,0,0,0,0,0,0,0,0,2,0,0,0,0,0,0,0,0,0,0,0,0,0,2,0,0,0,0,0,0,0,4,0,0,0,0,0,0,0,0,0,0,0,0,0,0,0,0,0,0,0,25,0,49,0,0,1,83,0,15,0,36,0,34,0,0,0,0,0,0,0,0,0,0,0,8,0,22,0,0,0,8,0,5,0,2,0,36,0,6,0,4,0,0,0,18,0,38,4,116,0,0,11,27,0,0,0,0,3,6,0,0,0,1,0,0,0,0,0,0,0,0,0,0,0,7,0,0,0,0,0,0,0,10,0,77,5,6,10,0,489,0,0,0,437,62,198,60,0,5,0
22,76,1,0,8,1,6,150,0,644,16,0,9,0,16,0,17,4,23,0,0,0,0,0,23,122,13,0,1,0,0,0,0,0,0,0,0,0,14,0,5,0,0,0,0,0,10,0,20,0,8,0,364,37,45,369,7,0,58,165,214,0,335,61,104,2,200,104,0,0,0,0,0,0,0,0,0,0,0,0,0,0,0,0,0,0,0,0,0,0,0,0,0,0,0,0,0,0,0,0,0,0,0,0,3,0,0,0,0,0,0,0,0,0,0,0,0,0,0,0,0,0,0,0,30,0,10,0,0,0,68,0,0,0,8,0,0,0,0,0,0,0,0,1,0,0,50,0,126,0,9,0,3,0,20,1,17,0,0,0,58,0,9,0,0,0,9,0,4,0,167,0,43,3,0,0,7,98,2,0,0,0,35,0,136,7,0,0,0,0,0,0,0,0,0,0,0,0,0,0,0,0,0,0,0,0,1,0,0,0,287,146,277,62,420,0,7,0,5,0,5,0,0,0,0
6,62,1,0,0,0,152,59,644,0,0,90,0,5,0,0,0,0,0,11,0,0,0,0,71,22,0,0,0,0,0,0,0,0,0,2,0,0,1,24,0,0,0,0,0,0,0,0,0,0,0,0,68,62,258,60,0,2,56,71,17,288,60,221,0,300,41,195,0,0,0,0,0,0,0,0,0,2,0,0,0,2,0,0,0,0,0,0,0,0,0,0,0,0,0,3,0,0,0,7,0,0,0,0,0,7,0,0,0,0,0,0,0,0,0,0,0,0,0,0,0,0,0,0,0,94,0,83,0,7,0,176,0,39,0,9,0,3,0,4,0,0,0,0,0,0,0,43,0,112,0,52,0,21,0,4,0,20,0,0,0,38,0,0,0,3,0,0,0,17,0,59,6,131,0,0,2,353,0,0,0,0,3,27,14,42,0,0,0,0,0,0,0,0,0,0,0,0,0,0,0,1,0,0,0,0,0,19,0,91,11,20,18,0,367,0,0,0,480,112,197,32,0,0,0
217,21,25,48,66,278,0,0,16,0,0,149,119,22,21,302,30,5,55,52,118,14,10,88,0,4,66,0,41,0,176,0,317,0,49,0,134,0,34,0,65,0,0,0,1,0,51,0,3,2,15,0,0,0,0,0,0,0,0,0,0,0,0,0,2,0,0,1,0,0,0,0,0,0,0,0,0,0,0,0,0,0,0,0,4,0,0,0,0,0,0,0,0,0,0,0,0,0,0,0,0,0,0,0,0,0,0,0,0,0,0,0,0,0,0,0,0,0,0,0,0,0,0,0,0,0,0,0,0,0,6,0,0,0,3,0,0,0,0,0,0,0,0,0,0,0,15,0,51,0,23,0,94,0,0,0,0,0,0,0,0,0,0,0,5,0,76,0,28,0,2,0,105,0,62,0,261,67,108,0,150,0,69,0,81,0,13,0,0,0,0,0,0,0,0,0,0,0,0,0,0,0,0,0,0,0,0,0,2,0,161,249,242,13,249,0,0,0,0,0,0,0,0,0,0
41,156,80,8,335,117,0,2,0,90,149,0,0,459,395,19,12,51,62,144,101,63,283,115,4,0,0,211,2,54,5,165,0,788,0,170,0,254,0,64,0,223,0,20,0,23,0,137,0,58,0,20,0,0,0,0,0,0,0,0,0,4,0,2,0,33,0,0,0,0,0,0,0,0,0,0,0,0,0,0,0,0,0,0,0,0,0,0,0,0,0,0,0,0,0,0,0,0,0,0,0,6,0,0,0,0,0,0,0,0,0,0,0,0,0,0,0,0,0,5,0,0,0,0,0,0,0,0,0,0,0,2,0,0,0,6,0,0,0,0,0,0,0,0,0,0,0,15,0,54,0,70,0,215,0,0,0,0,0,0,0,0,0,0,0,12,0,40,0,38,0,9,5,44,0,35,152,570,8,72,0,182,0,55,0,115,0,55,0,0,0,0,0,0,0,0,0,0,0,0,0,0,0,0,0,1,0,0,0,8,0,0,0,0,305,0,0,0,322,300,369,0,0,0,0
152,0,50,0,367,235,2,0,9,0,119,0,0,464,7,22,0,0,97,356,53,31,9,1,0,0,228,452,0,0,0,0,0,0,89,0,18,0,0,0,458,40,92,17,21,19,222,229,44,0,235,0,0,0,0,0,0,0,0,0,0,0,0,0,8,0,0,0,0,0,0,0,0,0,0,0,0,0,1,0,0,0,0,0,0,0,0,0,0,0,0,0,0,0,0,0,0,0,0,0,6,0,0,0,0,0,0,0,0,0,0,0,0,0,0,0,0,0,0,0,0,0,0,0,7,0,4,0,0,0,18,0,0,0,0,0,0,0,0,0,0,0,0,0,0,0,0,0,27,0,24,0,61,0,0,0,0,0,0,0,0,0,0,0,98,0,24,0,24,0,0,0,0,0,113,0,676,107,254,0,150,0,83,0,55,0,273,5,0,0,0,0,0,0,0,0,0,0,0,0,0,0,0,0,0,0,0,0,0,0,0,334,294,0,77,0,0,2,0,20,0,0,0,0,0
0,83,0,0,240,232,0,0,0,5,22,459,464,0,81,0,0,0,510,29,71,9,0,0,0,0,422,237,0,0,0,5,0,0,24,44,0,0,0,0,99,373,38,185,8,81,93,415,4,122,46,253,0,0,0,0,0,0,0,0,0,0,0,0,0,0,0,0,0,0,0,0,0,0,0,0,0,0,0,0,0,0,0,0,0,0,0,0,0,0,0,0,0,0,0,0,0,0,0,0,0,0,0,0,0,0,0,0,0,0,0,0,0,0,0,0,0,0,0,0,0,0,0,0,0,0,0,0,0,0,0,0,0,0,0,0,0,0,0,0,0,0,0,0,0,0,0,0,0,0,0,17,0,34,0,0,0,0,0,0,0,0,0,0,0,66,0,36,0,31,0,2,0,7,0,0,90,408,9,20,0,31,0,9,0,0,28,197,0,0,0,0,0,0,0,0,0,0,0,3,0,7,0,0,0,0,0,0,0,5,0,0,0,0,61,0,0,0,0,345,386,8,4,0,0
13,9,177,0,156,558,9,0,16,0,21,395,7,81,0,453,18,0,241,144,454,36,327,57,40,0,49,0,2,0,298,0,243,20,245,0,151,5,0,0,0,0,0,0,0,0,9,0,3,0,34,0,29,0,85,0,0,0,0,0,0,0,3,0,6,0,0,0,0,0,0,0,0,0,0,0,0,0,0,0,8,0,0,0,22,1,0,0,0,0,40,0,0,0,0,0,128,0,52,0,0,0,0,0,0,0,97,0,0,0,0,0,0,0,0,0,0,0,0,0,0,0,0,0,11,0,0,0,0,0,25,9,0,0,103,0,49,0,0,0,0,0,0,0,0,0,0,0,75,0,10,0,47,0,21,0,0,0,0,0,10,0,0,0,11,0,235,0,19,0,0,0,86,0,0,0,82,60,8,0,48,0,53,0,72,0,0,0,0,0,0,0,2,0,0,0,1,0,0,0,61,0,0,0,0,0,0,0,7,0,75,141,243,0,210,0,0,0,0,0,0,0,0,0,0
47,21,105,301,419,147,0,13,0,0,302,19,22,0,453,0,13,26,29,280,115,195,337,230,7,81,0,50,0,5,10,128,21,191,8,64,5,69,0,11,0,0,0,11,0,0,0,3,0,8,0,0,0,8,0,59,0,1,0,0,0,1,0,45,0,0,0,0,0,0,0,0,0,0,0,16,0,0,0,0,0,197,0,0,0,171,0,36,0,0,0,5,0,0,0,80,0,23,0,143,0,107,0,0,0,0,0,0,0,0,0,0,0,0,0,0,0,0,0,0,0,73,0,29,0,0,0,7,0,3,0,2,0,0,0,104,0,91,0,35,0,73,0,63,0,0,0,0,0,0,0,0,0,23,0,5,0,0,0,0,0,3,0,0,0,4,7,75,0,38,0,4,0,34,0,0,97,91,18,0,2,8,0,0,0,9,0,0,0,0,0,0,0,0,0,0,0,0,0,0,0,0,0,0,0,0,0,2,0,26,0,0,19,0,82,0,0,0,80,260,155,3,0,0,0
155,62,155,30,11,7,101,11,17,0,30,12,0,0,18,13,0,4,76,0,320,0,83,18,207,35,143,0,201,0,193,0,23,0,58,0,7,1,72,0,0,0,0,0,47,0,35,0,0,0,28,0,67,0,29,2,14,0,2,0,3,1,157,0,0,0,0,0,0,0,15,0,0,0,12,0,16,0,0,0,155,0,0,0,360,0,37,0,137,0,149,0,0,0,0,0,525,0,540,0,249,1,0,0,0,0,245,0,0,0,0,0,0,0,0,0,0,0,0,0,43,0,180,0,0,0,0,0,49,0,4,0,9,0,76,0,165,0,258,6,73,0,249,0,0,0,0,0,0,0,0,1,0,0,379,0,0,0,144,0,10,8,0,0,0,0,0,0,13,0,4,0,39,0,0,0,26,14,0,0,0,0,67,0,0,1,0,0,0,0,0,0,0,0,0,0,0,0,0,0,83,0,0,0,0,0,0,0,0,0,6,121,56,3,15,0,0,0,0,0,0,0,0,0,0
30,27,13,38,0,11,0,0,4,0,5,51,0,0,0,26,4,0,0,9,1,131,19,220,27,156,0,0,0,499,0,28,0,64,0,0,0,6,4,198,0,0,0,0,0,0,0,0,0,0,0,0,0,43,0,62,0,38,0,0,0,26,0,246,0,1,0,0,0,0,0,0,0,0,0,6,0,0,0,0,0,199,0,0,0,368,0,30,0,0,0,0,0,0,0,0,0,0,0,133,0,65,0,0,0,0,0,0,0,0,0,0,0,0,0,0,0,0,0,0,0,65,0,25,0,0,0,33,0,119,0,0,0,61,0,150,0,484,0,290,0,425,0,227,0,0,0,0,0,0,0,0,0,0,0,130,0,0,0,84,0,16,0,0,0,2,0,2,0,0,1,2,0,18,0,0,0,0,0,0,0,0,5,0,0,0,0,0,0,0,0,0,0,0,0,0,0,0,0,0,0,0,0,0,0,0,0,0,0,0,0,0,0,0,42,0,0,0,26,327,48,7,0,0,0
48,0,146,0,449,263,4,0,23,0,55,62,97,510,241,29,76,0,0,316,578,43,277,0,23,0,556,325,0,0,0,0,6,0,240,5,40,0,0,0,18,28,79,0,30,11,167,100,3,0,356,0,16,0,36,0,0,0,0,0,0,0,6,0,7,0,0,0,0,0,0,0,0,0,3,0,0,0,0,0,44,0,0,0,0,0,0,0,0,0,0,0,15,0,0,0,144,0,0,0,0,0,0,0,0,0,0,0,0,0,0,0,0,0,0,0,0,0,0,0,0,0,0,0,31,0,0,0,0,0,49,0,0,0,90,0,0,0,4,0,0,0,0,0,0,0,28,0,98,0,0,0,0,0,0,0,0,0,0,0,11,0,3,0,153,0,56,0,34,0,0,0,0,0,0,0,103,34,3,0,0,0,31,0,41,0,5,5,0,0,0,0,0,0,0,0,0,0,0,0,0,0,0,0,0,0,0,0,0,0,56,301,269,3,139,0,0,0,0,11,0,0,0,0,0
0,102,0,161,278,382,0,12,0,11,52,144,356,29,144,280,0,9,316,0,85,278,0,198,0,32,131,455,0,0,8,92,0,21,22,279,0,186,0,0,16,5,10,129,0,61,0,38,0,42,26,253,0,17,0,0,0,0,0,0,0,4,0,40,0,22,0,0,0,0,0,0,0,0,0,0,0,0,0,0,0,266,0,0,0,0,0,70,0,7,0,0,0,0,0,0,0,0,0,0,0,127,0,0,0,0,0,0,0,0,0,0,0,0,0,0,0,0,0,0,0,0,0,46,0,8,0,0,0,0,0,7,0,0,0,99,0,103,0,38,0,147,0,110,0,51,0,0,0,49,0,28,0,0,0,0,0,0,0,0,0,0,0,0,0,89,0,174,0,93,0,13,0,20,0,0,51,76,3,5,0,0,0,0,0,0,4,0,0,35,0,0,0,0,0,9,0,0,0,0,0,0,0,0,0,0,0,4,0,34,0,0,0,0,184,0,0,0,114,328,379,19,6,0,0
26,5,346,0,280,177,0,0,0,0,118,101,53,71,454,115,320,1,578,85,0,25,532,17,44,1,613,38,21,0,327,0,37,4,136,6,28,1,3,0,2,0,58,0,54,0,52,9,5,0,85,0,7,0,21,0,0,0,0,0,0,0,62,0,0,0,0,0,0,0,35,0,10,0,46,0,0,0,0,0,231,0,0,0,208,0,87,0,0,0,109,0,0,0,0,0,276,0,497,0,253,0,89,0,0,0,173,0,0,0,0,0,0,0,0,0,0,0,0,0,73,0,125,0,0,0,0,0,0,0,0,0,0,0,38,0,0,0,56,0,25,0,84,0,23,0,0,0,0,0,0,0,0,0,40,0,0,0,14,0,0,0,6,0,20,0,36,0,24,0,0,0,20,0,0,0,0,4,16,0,4,0,6,0,9,0,3,0,0,0,0,0,0,0,0,0,0,0,0,0,44,0,3,0,0,0,0,0,0,0,54,283,79,14,78,0,0,0,0,2,0,0,0,0,0
0,16,0,99,45,141,0,13,0,0,14,63,31,9,36,195,0,131,43,278,25,0,0,334,0,42,0,96,0,145,2,94,0,62,1,286,0,179,0,12,0,0,0,73,0,26,1,1,0,15,2,136,0,25,0,32,0,0,0,0,0,0,0,119,0,0,0,0,0,0,0,40,0,0,0,68,0,0,0,7,0,521,0,0,0,428,0,109,0,0,0,0,0,0,0,146,0,0,0,162,0,144,0,0,0,0,0,0,0,0,0,0,0,0,0,0,0,0,0,0,0,309,0,129,0,0,0,0,0,94,0,0,0,0,0,63,0,244,0,267,0,810,0,454,0,169,0,0,0,0,0,0,0,0,0,10,0,6,0,0,0,0,0,0,0,16,0,89,0,68,0,0,0,25,0,0,6,0,0,0,0,0,0,0,0,0,0,0,0,0,0,0,0,0,0,0,0,0,0,0,0,0,0,0,0,0,0,0,0,19,1,0,0,0,101,0,0,0,89,341,150,0,2,0,0
35,195,207,179,50,204,9,11,0,0,10,283,9,0,327,337,83,19,277,0,532,0,0,206,129,96,64,0,41,0,113,3,39,0,28,0,0,4,38,4,5,0,0,0,16,0,65,0,5,0,0,0,6,0,136,0,3,0,4,0,0,0,3,1,0,5,0,0,0,0,0,0,0,0,0,0,0,0,0,0,0,0,0,0,18,0,0,0,0,0,33,0,0,0,0,0,117,0,38,0,0,0,0,0,0,0,116,0,0,0,0,0,0,0,0,0,0,0,0,0,0,0,0,0,0,0,0,0,8,0,4,0,6,0,116,0,91,0,14,5,0,0,95,0,0,0,0,0,12,0,11,0,17,0,57,0,0,0,11,0,0,0,0,0,0,0,9,0,9,0,2,0,57,0,0,0,96,61,1,0,20,0,13,0,7,0,0,0,0,0,0,0,0,0,0,0,0,0,8,0,60,0,0,0,0,0,0,0,8,0,27,85,53,4,48,0,0,0,4,0,4,0,0,0,0
72,23,69,248,63,135,0,11,0,0,88,115,1,0,57,230,18,220,0,198,17,334,206,0,16,137,0,0,0,95,0,50,4,50,0,15,0,31,0,0,0,0,0,0,0,0,0,0,0,0,0,0,0,34,0,53,0,4,0,0,0,1,0,142,0,0,0,0,0,0,0,0,0,0,0,0,0,0,0,0,0,356,0,0,0,497,0,49,0,0,0,0,0,0,0,112,0,58,0,240,0,153,0,0,0,0,0,0,0,0,0,0,0,0,0,0,0,0,0,0,0,82,0,28,0,0,0,0,0,0,0,8,0,18,0,195,0,263,0,97,0,229,0,237,0,9,0,0,0,0,0,0,0,0,0,23,0,0,0,0,0,0,0,0,0,0,0,25,0,24,0,3,0,50,0,0,12,0,1,0,0,0,0,0,0,0,0,0,0,0,0,0,0,0,0,0,0,0,0,0,0,0,0,0,0,0,0,0,0,0,0,0,0,0,27,0,0,0,45,925,127,4,0,0,0
16,327,36,44,2,0,181,150,23,71,0,4,0,0,40,7,207,27,23,0,44,0,129,16,0,216,0,0,210,2,22,0,0,0,0,0,0,0,112,4,0,0,0,0,5,0,11,0,0,0,0,0,43,2,150,10,5,0,1,0,10,3,107,14,0,0,0,0,0,0,0,0,0,0,0,0,0,0,0,0,0,2,0,0,6,3,0,0,0,0,0,0,0,0,0,0,51,0,0,0,0,2,0,0,7,0,34,0,0,0,0,0,0,0,0,0,0,0,0,0,0,0,0,0,0,0,7,0,29,2,0,5,0,0,112,0,100,2,33,8,0,0,97,0,0,0,0,0,0,6,0,0,0,0,104,0,1,0,45,0,13,6,5,0,0,0,4,0,0,0,8,0,29,0,0,0,15,54,0,1,2,2,6,0,0,0,0,0,0,0,0,0,0,0,0,0,0,0,0,0,37,0,0,0,0,0,1,0,0,0,21,13,62,7,53,0,0,0,3,3,0,0,0,0,0
185,33,62,85,0,34,57,317,122,22,4,0,0,0,0,81,35,156,0,32,1,42,96,137,216,0,0,0,5,242,0,11,0,28,0,0,2,31,10,152,0,0,0,0,0,0,0,0,0,0,0,0,2,3,24,247,0,6,0,1,1,88,43,84,0,0,0,0,0,0,0,0,0,0,0,0,0,0,0,0,0,18,0,0,0,37,0,0,0,0,0,0,0,0,0,0,0,13,0,0,0,7,0,0,0,0,0,0,0,0,0,0,0,0,0,0,0,0,0,0,0,0,0,1,0,0,0,0,0,8,0,6,0,17,1,102,0,178,0,60,0,69,1,26,0,0,0,0,0,0,0,0,0,0,0,43,0,1,0,6,0,8,0,0,0,0,0,0,0,7,2,14,4,70,0,0,20,0,0,0,0,0,10,0,0,0,0,0,0,0,0,0,0,0,0,0,0,0,0,8,0,0,0,0,0,0,0,1,0,32,5,9,13,0,181,0,0,0,136,186,125,18,0,0,0
35,0,67,0,266,53,0,0,13,0,66,0,228,422,49,0,143,0,556,131,613,0,64,0,0,0,0,561,0,0,85,0,8,0,57,1,23,0,0,0,59,156,432,0,262,49,303,506,15,7,350,0,3,0,10,0,0,0,0,0,0,0,17,0,0,0,0,0,12,0,110,0,0,0,61,0,0,0,0,0,335,0,0,0,136,0,0,0,0,0,0,0,0,0,83,0,0,0,467,0,271,0,0,0,0,0,0,0,1,0,0,0,0,0,0,0,0,0,0,0,0,0,0,0,0,0,17,0,0,0,24,0,0,0,0,0,0,0,0,0,0,0,0,0,51,0,20,0,27,1,11,0,12,0,0,0,0,0,0,0,7,0,0,0,258,0,8,0,61,0,1,0,0,0,0,0,86,49,14,0,27,0,21,0,0,0,54,13,0,0,36,0,0,0,0,0,0,0,0,0,0,0,0,0,0,0,0,0,0,0,25,522,548,8,65,0,0,3,0,24,0,0,0,0,0
0,75,0,29,96,269,0,2,0,0,0,211,452,237,0,50,0,0,325,455,38,96,0,0,0,0,561,0,0,0,0,8,0,7,0,57,0,64,0,4,167,15,62,489,10,492,131,168,3,44,91,319,0,0,0,0,0,0,0,0,0,0,0,0,0,18,0,0,0,4,0,0,0,0,0,0,0,0,0,0,0,0,0,26,0,0,0,27,0,0,0,0,0,6,0,29,0,0,0,0,0,0,0,11,0,7,0,0,0,1,0,0,0,1,0,0,0,0,0,0,0,0,0,0,0,0,0,0,0,0,0,0,0,0,0,0,0,0,0,0,0,90,0,0,0,0,0,0,0,34,0,19,0,0,0,0,0,0,0,0,0,0,0,6,0,283,0,32,0,97,0,0,0,0,0,0,27,96,2,2,0,0,0,0,0,29,39,19,0,0,0,0,0,0,0,27,0,0,0,0,0,0,0,0,0,0,0,0,0,40,1,0,0,0,73,0,0,0,22,682,690,15,21,0,11
192,6,385,0,69,0,54,0,1,0,41,2,0,0,2,0,201,0,0,0,21,0,41,0,210,5,0,0,0,0,47,0,16,0,15,0,18,0,12,0,0,0,17,0,0,0,0,0,0,0,7,0,20,0,0,0,0,0,2,0,2,0,40,0,0,0,0,0,0,0,8,0,0,0,21,0,0,0,0,0,71,0,0,0,44,0,21,0,0,0,0,0,19,0,17,0,20,0,110,0,49,0,9,0,0,0,0,0,0,0,0,0,0,0,0,0,0,0,0,0,20,0,43,0,0,0,0,0,0,0,0,0,0,0,0,0,11,0,96,0,42,0,30,0,18,0,0,0,0,0,0,0,0,0,14,0,2,0,17,0,0,0,2,0,0,0,0,0,0,0,0,0,1,0,0,0,46,0,0,0,0,0,27,0,0,0,0,0,0,0,0,0,0,0,0,0,0,0,0,0,0,0,0,0,1,0,0,0,0,0,41,92,5,0,14,0,0,0,0,0,0,0,0,0,0
0,192,0,129,0,13,0,168,0,0,0,54,0,0,0,5,0,499,0,0,0,145,0,95,2,242,0,0,0,0,0,32,0,52,0,54,0,14,0,25,0,0,0,11,0,0,0,0,0,0,0,3,0,0,0,27,0,4,0,0,0,7,0,28,0,2,0,0,0,0,0,0,0,0,0,0,0,0,0,0,0,10,0,0,0,14,0,0,0,0,0,0,0,0,0,0,0,0,0,0,0,0,0,0,0,0,0,0,0,0,0,0,0,0,0,0,0,0,0,0,0,3,0,2,0,0,0,0,0,57,0,9,0,11,0,0,0,66,0,143,0,96,0,18,0,29,0,0,0,0,0,2,0,0,0,16,0,2,0,15,0,0,0,0,0,0,0,0,0,0,0,0,0,0,0,0,0,0,0,0,0,0,0,0,0,0,0,0,0,0,0,0,0,0,0,0,0,0,0,0,0,0,0,0,0,0,0,0,0,0,0,0,0,0,0,0,0,0,0,34,4,0,0,0,0
68,4,365,0,439,20,0,0,0,0,176,5,0,0,298,10,193,0,0,8,327,2,113,0,22,0,85,0,47,0,0,0,11,0,157,0,9,0,2,0,0,0,52,0,5,0,0,0,0,0,65,0,2,0,0,0,0,0,0,0,6,0,19,0,0,0,0,0,0,0,21,0,6,0,21,0,0,0,0,0,123,0,0,0,64,0,49,0,0,0,0,0,39,0,0,0,43,0,185,0,0,0,0,0,0,0,0,0,0,0,0,0,0,0,0,0,0,0,0,0,33,0,38,0,0,0,0,0,0,0,0,0,0,0,12,0,0,0,71,1,48,0,18,0,60,0,0,0,0,0,0,0,0,0,4,0,15,0,21,0,1,0,0,0,5,0,17,0,6,0,0,0,0,0,0,0,29,0,7,0,0,0,0,0,0,0,0,0,0,0,0,0,0,0,0,0,0,0,0,0,0,0,0,0,0,0,0,0,0,0,27,129,34,5,51,0,0,0,0,0,0,0,0,0,0
0,22,0,66,0,274,0,4,0,0,0,165,0,5,0,128,0,28,0,92,0,94,3,50,0,11,0,8,0,32,0,0,0,5,1,73,0,16,0,6,0,0,0,25,0,2,0,0,0,0,0,14,0,0,0,0,0,0,0,0,0,0,0,5,0,0,0,0,0,0,0,5,0,0,0,7,0,0,0,0,0,41,0,0,0,0,0,9,0,0,0,0,0,0,0,0,0,0,0,17,0,0,0,0,0,0,0,0,0,0,0,0,0,0,0,0,0,0,0,0,0,28,0,6,0,0,0,0,0,0,0,0,0,0,0,0,0,0,0,43,0,95,0,50,0,31,0,0,0,0,0,0,0,0,0,2,0,0,0,0,0,0,0,0,0,0,0,18,0,10,0,0,0,8,0,0,0,0,0,0,0,0,0,0,0,6,0,0,0,1,0,0,0,0,0,1,0,0,0,0,0,0,0,0,0,0,0,0,0,0,0,0,0,0,46,0,0,0,35,96,62,5,0,0,0
113,0,161,0,543,0,6,0,0,0,317,0,0,0,243,21,23,0,6,0,37,0,39,4,0,0,8,0,16,0,11,0,0,0,14,0,127,0,0,0,0,0,6,0,1,0,0,0,0,0,0,0,0,0,0,0,0,0,0,0,11,0,13,0,3,0,0,0,0,0,9,0,0,0,9,0,0,0,0,0,29,0,0,0,12,0,0,0,0,0,6,0,0,0,0,0,8,0,30,0,0,0,0,0,0,0,0,0,0,0,0,0,0,0,0,0,0,0,0,0,13,0,0,0,0,0,0,0,0,0,0,0,0,0,0,0,0,0,28,0,27,0,5,0,35,0,0,0,0,0,0,0,0,0,0,0,10,0,0,0,0,0,0,0,0,0,40,0,1,0,0,0,23,0,0,0,60,0,18,0,14,0,11,0,0,0,0,0,0,0,0,0,0,0,0,0,0,0,0,0,0,0,0,0,0,0,0,0,0,0,17,269,54,5,41,0,0,0,0,0,0,0,0,0,0
0,221,0,203,12,502,0,0,0,0,0,788,0,0,20,191,0,64,0,21,4,62,0,50,0,28,0,7,0,52,0,5,0,0,0,61,0,53,0,16,0,0,0,25,0,0,0,0,0,2,0,12,0,6,0,0,0,0,0,3,0,23,0,26,0,0,0,0,0,0,0,1,0,0,0,0,0,0,0,0,0,0,0,0,0,0,0,0,0,0,0,0,0,0,0,0,0,0,0,0,0,0,0,0,0,0,0,0,0,0,0,0,0,0,0,0,0,0,0,0,0,0,0,6,0,0,0,0,0,0,0,0,0,0,0,0,0,0,0,88,0,63,0,0,0,90,0,0,0,0,0,7,0,0,0,1,0,44,0,0,0,1,0,0,0,0,0,29,0,8,0,0,0,9,0,0,0,17,0,6,0,0,0,6,0,0,0,0,0,0,0,0,0,0,0,0,0,0,0,0,0,0,0,0,0,0,0,0,0,0,0,0,0,0,40,0,0,0,27,156,51,0,0,0,0
0,0,0,0,200,26,0,0,0,0,49,0,89,24,245,8,58,0,240,22,136,1,28,0,0,0,57,0,15,0,157,1,14,0,0,0,71,0,0,0,0,0,115,0,9,0,0,6,0,0,136,0,3,0,0,0,0,0,0,0,0,0,9,0,0,0,0,0,0,0,72,0,9,0,34,0,0,0,0,0,155,0,0,0,63,0,74,0,0,0,0,0,0,0,0,0,0,0,230,0,128,0,0,0,0,0,34,0,0,0,0,0,0,0,0,0,0,0,0,0,53,0,0,0,0,0,0,0,0,0,0,0,0,0,0,0,0,0,0,1,36,0,0,0,39,0,0,0,0,0,0,0,0,0,0,0,0,0,0,0,0,0,0,0,46,0,58,0,24,0,0,0,12,0,0,0,11,0,75,0,0,0,0,0,0,0,4,0,0,0,0,0,0,0,0,0,0,0,0,0,0,0,0,0,0,0,0,0,0,0,33,182,104,12,110,0,0,0,0,1,0,0,0,0,0
0,0,0,18,0,177,0,0,0,2,0,170,0,44,0,64,0,0,5,279,6,286,0,15,0,0,1,57,0,54,0,73,0,61,0,0,0,157,0,31,0,0,0,72,0,11,0,0,0,2,0,38,0,2,0,16,0,0,0,0,0,4,0,10,0,0,0,0,0,0,0,22,0,0,0,65,0,0,0,0,0,137,0,0,0,77,0,0,0,0,0,0,0,0,0,0,0,0,0,0,0,0,0,0,0,0,0,0,0,0,0,0,0,0,0,0,0,0,0,0,0,135,0,48,0,0,0,0,0,0,0,0,0,0,0,0,0,0,0,148,0,298,0,100,0,125,0,0,0,0,0,0,0,0,0,3,0,0,0,0,0,0,0,0,0,21,0,119,0,40,0,11,0,20,0,0,0,5,0,2,0,0,0,0,0,0,0,0,0,0,0,0,0,0,0,0,0,0,0,0,0,0,0,0,0,0,0,0,0,6,0,0,0,0,73,0,0,0,39,255,167,0,0,1,0
74,4,69,0,262,0,0,0,0,0,134,0,18,0,151,5,7,0,40,0,28,0,0,0,0,2,23,0,18,0,9,0,127,0,71,0,0,0,4,0,0,0,85,0,34,0,0,0,3,0,160,0,2,0,0,1,0,0,30,0,15,0,0,0,0,0,0,0,0,0,147,0,23,0,122,0,0,0,0,0,166,0,0,0,34,0,101,0,0,0,0,0,0,0,0,0,0,0,143,0,81,0,28,0,0,0,0,0,0,0,0,0,0,0,0,0,0,0,0,0,74,0,30,0,0,0,0,0,0,0,0,0,0,0,10,0,0,0,164,0,140,0,0,0,174,0,0,0,0,0,0,0,0,0,12,0,30,0,49,0,8,0,41,0,19,0,64,0,22,0,0,0,43,0,0,0,30,4,9,0,0,0,0,0,0,0,3,0,0,0,0,0,0,0,0,0,0,0,0,0,0,0,0,0,0,0,0,0,0,0,24,162,67,0,46,0,0,0,0,0,0,0,0,0,0
0,149,1,40,0,126,0,15,0,0,0,254,0,0,5,69,1,6,0,186,1,179,4,31,0,31,0,64,0,14,0,16,0,53,0,157,0,0,0,44,0,0,0,132,0,23,0,0,0,5,0,89,0,1,0,0,0,0,0,12,0,29,0,5,0,0,0,1,0,0,0,27,0,0,0,28,0,0,0,0,0,0,0,0,0,0,0,0,0,0,0,0,0,0,0,17,0,0,0,0,0,0,0,0,0,0,0,0,0,0,0,0,0,0,0,0,0,0,0,0,0,52,0,32,0,0,0,0,0,28,0,0,0,3,0,0,0,0,0,174,0,217,0,81,0,158,0,0,0,0,0,0,0,0,0,3,0,74,0,0,0,0,0,6,0,9,0,62,0,20,0,16,0,96,0,0,0,4,1,2,0,0,0,0,0,0,0,0,0,0,0,1,0,0,0,0,0,0,0,0,0,0,0,0,0,0,0,0,0,0,0,0,0,0,43,0,0,0,26,240,83,6,0,0,0
409,10,349,0,0,0,133,4,14,1,34,0,0,0,0,0,72,4,0,0,3,0,38,0,112,10,0,0,12,0,2,0,0,0,0,0,4,0,0,0,0,0,0,0,0,0,0,0,0,0,0,0,13,0,0,0,0,0,0,0,11,0,16,0,0,0,0,0,0,0,5,0,0,0,5,0,0,0,0,0,18,0,0,0,0,0,0,0,0,0,0,0,0,0,0,0,0,0,0,0,8,0,0,0,0,0,0,0,0,0,0,0,0,0,0,0,0,0,0,0,9,0,7,0,0,0,0,0,0,0,0,0,0,0,0,0,0,0,83,0,37,0,0,0,24,0,0,0,0,0,0,0,0,0,16,0,17,0,29,0,0,0,0,0,0,0,0,0,0,0,0,0,63,0,0,0,47,0,0,0,0,0,28,0,0,0,0,0,0,0,0,0,0,0,0,0,0,0,0,0,0,0,0,0,0,0,0,0,0,0,160,211,10,10,107,0,0,1,0,0,0,0,0,0,0
3,477,5,157,0,15,0,208,0,24,0,64,0,0,0,11,0,198,0,0,0,12,4,0,4,152,0,4,0,25,0,6,0,16,0,31,0,44,0,0,0,0,0,12,0,0,0,0,0,0,0,0,0,15,0,11,0,2,0,0,0,2,0,23,0,0,0,0,0,0,0,0,0,0,0,3,0,0,0,0,0,0,0,0,0,0,0,0,0,0,0,0,0,0,0,0,0,0,0,0,0,0,0,0,0,0,0,0,0,0,0,0,0,0,0,0,0,0,0,0,0,0,0,0,0,0,0,0,0,0,0,0,0,0,0,0,0,0,0,75,0,20,0,0,0,81,0,0,0,0,0,8,0,0,0,13,0,37,0,16,0,0,0,1,0,0,0,1,0,0,0,10,0,37,0,0,0,0,0,0,0,0,0,2,0,0,0,0,0,0,0,0,0,0,0,0,0,0,0,0,0,0,0,0,0,0,0,0,0,0,0,0,0,0,23,0,0,0,28,129,26,0,0,2,0
22,0,0,0,59,0,2,0,5,0,65,0,458,99,0,0,0,0,18,16,2,0,5,0,0,0,59,167,0,0,0,0,0,0,0,0,0,0,0,0,0,187,17,0,23,100,111,555,185,106,11,1,0,0,0,0,0,0,0,0,0,0,0,0,0,0,0,0,0,0,0,0,0,0,0,0,0,0,0,0,0,0,0,0,0,0,0,0,0,0,0,0,0,0,0,0,0,0,0,0,0,0,0,0,0,0,0,0,0,0,0,0,0,0,0,0,0,0,0,0,0,0,0,0,0,0,0,0,0,0,0,0,0,0,0,0,0,0,0,0,0,0,0,0,0,0,0,0,0,0,0,0,0,0,0,0,0,0,0,0,0,0,0,0,15,1,0,0,0,0,0,0,0,0,22,0,86,45,38,0,36,0,13,0,0,0,221,12,0,0,0,0,0,0,0,0,0,0,0,0,0,0,0,0,0,0,0,0,0,0,2,126,52,0,0,0,0,22,0,49,0,0,0,0,0
0,36,0,0,0,39,0,0,0,0,0,223,40,373,0,0,0,0,28,5,0,0,0,0,0,0,156,15,0,0,0,0,0,0,0,0,0,0,0,0,187,0,8,105,26,94,163,165,11,335,7,41,0,0,0,0,0,0,0,0,0,0,0,0,0,0,0,0,0,1,0,0,0,0,0,0,0,0,0,0,0,0,0,0,0,0,0,0,0,0,0,0,0,1,0,0,0,0,0,0,0,0,0,0,0,1,0,0,0,0,0,0,0,0,0,0,0,0,0,0,0,0,0,0,0,0,0,0,0,0,0,0,0,0,0,0,0,0,0,0,0,0,0,0,0,0,0,0,0,0,0,0,0,0,0,0,0,0,0,0,0,0,0,0,0,18,0,0,0,3,0,0,0,0,0,0,0,69,0,4,0,5,0,0,0,0,33,36,0,0,0,0,0,0,0,0,0,0,0,0,0,0,0,0,0,0,0,0,0,0,0,1,0,0,0,0,0,0,0,30,17,0,0,0,20
4,0,0,0,0,0,0,0,0,0,0,0,92,38,0,0,0,0,79,10,58,0,0,0,0,0,432,62,17,0,52,0,6,0,115,0,85,0,0,0,17,8,0,0,277,0,72,39,39,0,62,0,0,0,0,0,3,0,4,1,0,0,0,0,0,0,0,0,2,0,46,0,9,0,39,0,0,0,0,0,105,0,0,0,33,0,50,0,0,0,7,0,0,0,0,0,0,0,0,0,72,0,22,0,0,0,0,0,0,0,0,0,0,0,0,0,0,0,0,0,48,0,43,0,0,0,0,0,0,0,2,0,0,0,0,0,0,0,0,0,0,0,12,0,0,0,0,0,0,0,0,0,0,0,0,0,2,0,0,0,0,0,10,0,75,0,17,0,7,0,10,0,15,0,0,0,13,7,13,0,0,0,0,0,0,0,206,0,0,0,5,0,0,0,0,0,0,0,0,0,0,0,0,0,0,0,0,0,0,0,22,57,110,9,39,0,0,4,0,0,0,0,0,0,0
0,4,0,0,0,20,0,0,0,0,0,20,17,185,0,11,0,0,0,129,0,73,0,0,0,0,0,489,0,11,0,25,0,25,0,72,0,132,0,12,0,105,0,0,0,271,0,50,0,16,3,74,0,0,0,0,0,0,0,0,0,0,0,3,0,0,0,0,0,0,0,9,0,0,0,17,0,3,0,0,0,0,0,0,0,0,0,12,0,0,0,1,0,0,0,0,0,0,0,0,0,0,0,0,0,0,0,0,0,0,0,0,0,0,0,0,0,0,0,0,0,18,0,0,0,0,0,0,0,0,0,0,0,0,0,0,0,0,0,0,0,96,0,31,0,0,0,0,0,0,0,0,0,0,0,0,0,0,0,0,0,2,0,0,0,101,0,25,0,0,0,0,0,0,0,0,0,0,0,0,0,0,0,0,0,0,0,172,0,7,0,0,0,0,0,11,0,0,0,0,0,0,0,0,0,0,0,0,0,0,0,0,0,0,25,0,0,0,19,125,120,0,0,0,0
0,0,7,0,0,0,0,0,0,0,1,0,21,8,0,0,47,0,30,0,54,0,16,0,5,0,262,10,0,0,5,0,1,0,9,0,34,0,0,0,23,26,277,0,0,8,332,41,165,42,81,0,0,0,0,0,4,0,0,0,0,0,0,0,0,0,0,0,16,0,44,0,0,0,26,0,0,0,0,0,0,0,44,0,77,0,43,0,0,0,22,0,62,1,48,0,87,0,211,0,122,0,67,0,0,0,82,0,1,0,0,0,0,0,0,0,1,0,0,0,25,0,0,0,0,0,0,0,0,0,0,0,0,0,0,0,0,0,0,0,12,0,15,0,23,0,0,0,0,0,0,0,0,0,0,0,0,0,5,0,0,0,10,0,254,0,7,0,11,0,7,0,0,0,0,0,24,5,5,0,10,0,0,0,0,0,49,0,0,0,0,0,27,0,21,0,8,0,0,0,0,0,0,0,0,0,0,0,0,0,15,145,303,0,31,0,0,49,0,0,0,0,0,0,1
0,6,0,0,0,0,0,0,0,0,0,23,19,81,0,0,0,0,11,61,0,26,0,0,0,0,49,492,0,0,0,2,0,0,0,11,0,23,0,0,100,94,0,271,8,0,80,170,15,113,0,55,0,0,0,0,0,0,0,8,0,0,0,1,0,0,0,0,0,7,0,0,0,0,0,0,0,12,0,0,0,0,0,39,0,0,0,15,0,3,0,0,0,8,0,24,0,7,0,0,0,0,0,11,0,0,0,4,0,0,0,0,0,0,0,0,0,0,0,0,0,4,0,6,0,1,0,0,0,0,0,0,0,0,0,0,0,0,0,0,0,0,0,0,0,0,0,0,0,0,0,0,0,0,0,0,0,0,0,0,0,0,0,0,1,200,0,3,0,92,0,0,0,5,0,6,0,31,0,7,0,0,0,0,0,0,18,140,0,0,0,0,0,0,0,0,0,0,0,0,0,0,0,0,0,10,0,0,0,0,0,4,0,0,13,0,0,0,13,205,262,0,4,0,86
19,0,23,0,61,0,0,0,10,0,51,0,222,93,9,0,35,0,167,0,52,1,65,0,11,0,303,131,0,0,0,0,0,0,0,0,0,0,0,0,111,163,72,0,332,80,0,462,213,133,10,0,0,0,0,0,0,0,0,0,0,0,5,0,0,0,0,0,5,0,3,0,1,0,0,0,0,0,0,0,0,0,0,0,0,0,0,0,0,0,25,0,0,0,0,0,76,0,64,0,0,0,12,0,0,0,55,0,0,0,0,0,0,0,0,0,0,0,0,0,0,0,11,0,0,0,0,0,0,0,0,0,0,0,0,0,0,0,0,0,0,0,0,0,0,0,0,0,7,0,3,0,0,0,0,0,0,0,0,0,0,0,2,0,81,0,0,0,0,0,0,0,0,0,0,0,29,33,12,0,14,0,9,0,0,0,111,0,0,0,0,0,0,0,11,0,0,0,0,0,0,0,0,0,0,0,0,0,0,0,0,373,190,0,0,0,0,141,0,35,0,0,0,0,0
0,45,0,3,18,63,0,0,0,0,0,137,229,415,0,3,0,0,100,38,9,1,0,0,0,0,506,168,0,0,0,0,0,0,6,0,0,0,0,0,555,165,39,50,41,170,462,0,32,210,37,16,0,0,0,0,0,0,0,0,0,0,0,0,0,0,0,0,0,3,0,0,0,0,0,0,0,0,0,0,0,3,0,0,0,0,0,0,0,0,0,0,0,3,0,6,0,0,0,0,0,0,0,5,0,0,0,0,0,0,0,0,0,0,0,0,0,0,0,0,0,0,0,0,0,0,0,3,0,0,0,0,0,0,0,0,0,0,0,0,0,0,0,0,0,0,0,0,0,0,0,0,0,0,0,1,0,0,0,0,0,0,0,0,0,0,0,0,0,0,0,0,0,0,0,0,0,75,0,1,0,0,0,0,0,13,86,36,0,0,0,0,0,0,0,0,0,0,0,1,0,0,0,0,0,0,0,0,0,5,0,4,0,0,0,0,0,0,0,706,182,0,0,0,55
23,1,14,0,14,0,50,0,20,0,3,0,44,4,3,0,0,0,3,0,5,0,5,0,0,0,15,3,0,0,0,0,0,0,0,0,3,0,0,0,185,11,39,0,165,15,213,32,0,73,7,0,4,0,18,0,0,0,21,0,4,1,5,0,0,0,1,0,13,0,4,0,0,0,4,0,3,0,2,0,11,0,12,0,10,0,0,0,5,0,10,0,20,0,13,0,14,0,22,0,35,0,53,0,14,0,22,0,1,0,0,0,0,0,0,0,0,0,0,0,2,0,0,0,2,0,0,0,0,0,2,0,0,0,10,0,3,0,0,0,0,0,0,0,1,0,0,1,0,0,0,0,4,0,2,0,0,0,5,0,8,0,3,0,33,0,0,0,4,0,6,0,4,0,0,0,97,7,12,0,10,0,0,0,0,0,231,0,16,0,7,0,26,0,17,0,1,0,8,0,3,0,28,0,27,0,0,0,7,0,39,121,270,14,73,6,1,38,0,7,2,0,0,0,1
0,0,0,0,0,12,0,0,0,0,2,58,0,122,0,8,0,0,0,42,0,15,0,0,0,0,7,44,0,0,0,0,0,2,0,2,0,5,0,0,106,335,0,16,42,113,133,210,73,0,0,4,0,0,0,0,0,0,0,0,0,0,0,0,0,2,0,0,0,1,0,0,0,0,0,2,0,2,0,0,0,5,0,8,0,0,0,0,0,0,0,0,0,2,0,7,0,0,0,0,0,1,0,5,0,0,0,0,0,0,0,0,0,0,0,0,0,0,0,0,0,0,0,0,0,0,0,0,0,0,0,0,0,0,0,0,0,1,0,0,0,3,0,0,0,1,0,0,0,0,0,0,0,0,0,0,0,0,0,1,0,0,0,0,1,61,0,0,0,39,0,3,0,0,0,3,0,84,0,0,0,11,0,0,0,0,45,111,0,0,0,1,0,0,0,3,0,0,0,0,0,0,0,0,0,0,0,0,0,3,0,22,0,0,11,0,0,0,32,116,53,0,0,0,55
6,0,9,0,114,0,0,0,8,0,15,0,235,46,34,0,28,0,356,26,85,2,0,0,0,0,350,91,7,0,65,0,0,0,136,0,160,0,0,0,11,7,62,3,81,0,10,37,7,0,0,0,1,0,6,0,11,0,16,0,0,0,0,1,0,0,3,1,3,0,54,0,7,0,48,0,0,0,0,0,161,0,57,0,58,0,60,0,64,0,26,0,40,0,0,0,0,0,181,0,122,0,0,0,0,0,49,0,0,0,0,0,0,0,0,0,0,0,0,0,46,0,0,0,0,0,0,0,0,0,0,0,0,0,0,0,0,0,0,0,15,0,0,0,39,0,0,0,0,0,0,0,0,0,0,0,0,0,0,0,11,0,22,0,123,0,60,0,56,0,17,0,52,0,0,0,18,6,75,0,0,0,0,0,0,0,154,0,0,0,7,0,0,0,2,0,0,0,0,0,0,0,0,0,0,0,0,0,0,0,52,152,149,9,89,0,0,0,0,4,0,0,0,0,0
0,0,0,0,0,58,0,0,0,0,0,20,0,253,0,0,0,0,0,253,0,136,0,0,0,0,0,319,0,3,0,14,0,12,0,38,0,89,0,0,1,41,0,74,0,55,0,16,0,4,0,0,0,0,0,0,0,0,0,45,0,5,0,0,0,0,0,0,0,0,0,22,0,2,0,37,0,0,0,0,0,0,0,11,0,0,0,0,0,0,0,0,0,0,0,0,0,0,0,0,0,0,0,0,0,0,0,0,0,0,0,0,0,0,0,0,0,0,0,0,0,40,0,14,0,0,0,0,0,0,0,6,0,0,0,0,0,0,0,36,0,73,0,18,0,51,0,0,0,0,0,1,0,0,0,0,0,0,0,8,0,20,0,11,0,50,0,53,0,24,0,17,0,52,0,0,2,2,0,0,0,0,0,0,0,0,0,34,0,0,0,0,0,0,0,6,0,0,0,0,0,3,0,0,0,0,0,0,0,0,0,0,0,0,45,0,0,0,30,62,115,4,0,0,0
4,5,0,0,11,0,236,21,364,68,0,0,0,0,29,0,67,0,16,0,7,0,6,0,43,2,3,0,20,0,2,0,0,0,3,0,2,0,13,0,0,0,0,0,0,0,0,0,4,0,1,0,0,0,212,34,176,1,88,38,25,0,59,0,0,0,9,31,0,0,0,0,0,0,3,0,0,0,0,0,13,0,0,0,36,0,0,0,0,0,0,0,0,0,0,0,40,0,56,0,16,0,0,0,0,0,0,0,0,0,0,0,0,0,0,0,0,0,0,0,1,0,21,0,0,0,14,0,34,0,11,0,7,0,31,0,52,0,234,3,38,1,43,0,15,0,0,0,0,0,0,0,0,0,600,0,16,0,280,0,48,0,15,0,0,0,0,0,7,0,84,0,9,1,0,0,0,5,0,0,0,0,11,0,3,5,0,0,0,0,0,0,0,0,0,0,0,0,0,0,0,0,0,0,0,0,0,0,0,0,73,128,125,34,117,0,17,0,0,0,0,0,0,0,0
0,6,0,0,0,5,13,22,37,62,0,0,0,0,0,8,0,43,0,17,0,25,0,34,2,3,0,0,0,0,0,0,0,6,0,2,0,1,0,15,0,0,0,0,0,0,0,0,0,0,0,0,0,0,12,143,0,217,20,64,0,26,2,83,0,0,10,0,0,0,0,0,0,0,0,0,0,0,0,0,0,0,0,0,0,14,0,0,0,0,0,0,0,0,0,0,0,0,0,0,0,0,0,0,0,0,0,0,0,0,0,0,0,0,0,0,0,0,0,0,0,0,0,0,0,3,0,12,0,102,0,34,0,24,0,28,0,96,1,226,0,80,1,23,0,18,0,0,0,0,0,0,0,0,1,153,0,14,0,274,0,36,0,0,0,0,0,0,0,3,0,22,0,16,0,0,0,13,0,0,0,0,0,24,5,0,0,0,0,0,0,0,0,0,0,0,0,0,0,0,0,0,0,0,0,0,0,0,0,6,0,1,1,0,91,0,0,0,60,89,56,18,0,0,0
2,0,101,0,0,0,323,28,45,258,0,0,0,0,85,0,29,0,36,0,21,0,136,0,150,24,10,0,0,0,0,0,0,0,0,0,0,0,0,0,0,0,0,0,0,0,0,0,18,0,6,0,212,12,0,95,135,2,116,42,29,0,37,18,0,0,0,31,0,0,2,0,0,0,0,0,0,0,0,0,0,0,0,0,4,0,0,0,0,0,11,0,0,0,0,0,0,0,0,0,0,0,0,0,0,0,0,0,0,0,0,0,0,0,0,0,0,0,0,0,0,0,0,0,34,0,0,0,27,0,94,0,0,0,228,0,105,6,0,3,0,0,84,0,0,0,0,0,0,3,22,0,0,0,234,0,15,0,58,0,240,0,0,0,0,0,0,0,34,0,257,0,15,0,0,0,0,3,0,0,17,10,3,0,1,0,0,0,0,0,0,0,0,0,0,0,0,0,18,0,31,0,0,0,0,0,0,0,45,0,104,30,312,99,302,2,0,2,0,0,0,0,0,0,0
3,8,0,126,0,0,50,249,369,60,0,0,0,0,0,59,2,62,0,0,0,32,0,53,10,247,0,0,0,27,0,0,0,0,0,16,1,0,0,11,0,0,0,0,0,0,0,0,0,0,0,0,34,143,95,0,4,198,57,57,5,81,22,106,0,1,51,0,0,0,0,0,0,0,0,0,0,1,0,0,0,0,0,0,0,9,0,0,0,0,0,0,0,0,0,0,0,0,0,0,0,1,0,0,0,0,0,0,0,0,0,0,0,0,0,0,0,0,0,0,0,0,0,0,0,11,0,34,0,40,0,52,0,48,0,88,0,201,0,48,0,32,3,7,0,0,0,0,0,0,1,0,0,0,1,245,0,47,0,49,0,38,0,2,0,0,0,0,0,20,2,172,2,123,0,0,0,5,0,0,0,0,0,2,7,0,0,0,0,0,0,0,0,0,0,0,0,0,0,10,0,0,0,0,0,0,0,20,0,169,0,6,6,0,565,0,0,0,309,136,373,109,1,0,0
0,0,0,0,0,0,19,0,7,0,0,0,0,0,0,0,14,0,0,0,0,0,3,0,5,0,0,0,0,0,0,0,0,0,0,0,0,0,0,0,0,0,3,0,4,0,0,0,0,0,11,0,176,0,135,4,0,0,116,20,4,0,3,1,22,17,24,47,0,0,0,0,0,0,0,0,0,0,0,0,1,0,0,0,0,0,1,0,0,0,0,0,0,0,0,0,0,0,0,0,0,0,0,0,0,0,0,0,0,0,0,0,0,0,0,0,0,0,0,0,0,0,0,0,11,0,0,0,2,0,45,0,0,0,14,0,0,0,18,1,0,0,0,0,6,0,6,0,1,0,6,0,0,0,216,9,59,0,48,6,246,0,30,0,3,0,0,0,22,0,149,0,7,0,0,0,0,0,0,0,0,1,0,0,0,0,0,0,0,0,0,0,0,0,0,0,0,0,0,0,0,0,0,0,0,0,6,0,21,0,169,54,528,234,544,0,82,1,0,0,0,0,0,0,0
0,0,0,2,0,0,0,7,0,2,0,0,0,0,0,1,0,38,0,0,0,0,0,4,0,6,0,0,0,4,0,0,0,0,0,0,0,0,0,2,0,0,0,0,0,0,0,0,0,0,0,0,1,217,2,198,0,0,10,99,0,15,0,44,2,1,6,0,0,0,0,0,0,0,0,0,0,0,0,0,0,0,0,0,0,0,0,0,0,0,0,0,0,0,0,0,0,0,0,0,0,0,0,0,0,0,0,0,0,0,0,0,0,0,0,0,0,0,0,0,0,0,0,0,0,0,0,21,0,44,0,54,0,38,0,31,0,83,1,28,0,0,0,0,0,0,0,0,0,0,0,3,0,0,0,197,0,28,0,155,0,115,0,5,0,0,0,0,0,11,0,177,0,18,0,0,0,0,0,0,0,0,0,0,3,0,0,0,0,0,0,0,0,0,0,0,0,0,0,0,0,0,0,0,0,0,0,5,0,80,0,0,0,0,434,0,0,0,207,53,327,99,0,41,0
0,0,0,0,0,0,38,1,58,56,0,0,0,0,0,0,2,0,0,0,0,0,4,0,1,0,0,0,2,0,0,0,0,0,0,0,30,0,0,0,0,0,4,0,0,0,0,0,21,0,16,0,88,20,116,57,116,10,0,183,26,0,3,0,92,40,183,350,0,0,0,0,0,0,0,0,0,0,0,0,0,0,0,0,0,0,0,0,0,0,0,0,2,0,0,0,0,0,0,0,0,0,0,0,0,0,0,0,0,0,0,0,0,0,0,0,0,0,0,0,0,0,0,0,10,0,3,0,0,0,21,0,3,0,0,0,0,0,12,0,0,0,0,0,7,0,0,0,0,0,0,0,0,0,228,20,267,0,11,10,77,0,9,0,0,0,13,0,10,0,172,0,15,0,0,2,1,0,0,0,4,0,0,0,11,17,0,0,0,0,0,0,0,0,0,0,1,0,0,0,0,0,0,0,0,0,0,0,6,0,533,432,467,313,1166,0,83,3,0,0,3,0,0,0,0
0,4,0,0,0,0,7,9,165,71,0,0,0,0,0,0,0,0,0,0,0,0,0,0,0,1,0,0,0,0,0,0,0,3,0,0,0,12,0,0,0,0,1,0,0,8,0,0,0,0,0,45,38,64,42,57,20,99,183,0,0,78,1,22,45,102,293,336,0,0,0,0,0,0,0,0,0,0,0,0,0,0,0,1,0,0,0,1,0,0,0,0,0,0,0,0,0,0,0,0,0,0,0,0,0,0,0,0,0,0,0,0,0,0,0,0,0,0,0,0,0,0,0,0,0,16,0,24,0,28,0,180,0,14,0,0,0,0,2,0,0,0,0,0,3,7,0,4,0,29,0,0,0,0,73,89,7,241,10,34,19,117,0,0,0,4,0,0,0,9,0,212,0,76,0,9,0,10,0,0,0,0,1,0,67,16,0,0,0,0,0,0,0,0,0,0,0,0,0,0,0,0,0,0,0,0,0,0,0,11,2,8,0,0,1377,0,0,0,963,547,762,351,0,0,1
99,0,8,0,0,0,255,5,214,17,0,0,0,0,0,0,3,0,0,0,0,0,0,0,10,1,0,0,2,0,6,0,11,0,0,0,15,0,11,0,0,0,0,0,0,0,0,0,4,0,0,0,25,0,29,5,4,0,26,0,0,0,11,3,0,1,0,0,0,0,7,0,0,0,5,0,0,0,0,0,0,0,0,0,0,0,0,0,0,0,0,0,0,0,0,0,1,0,0,0,0,0,0,0,0,0,0,0,0,0,0,0,0,0,0,0,0,0,0,0,0,0,8,0,0,0,0,0,0,0,0,0,0,0,5,0,0,0,101,0,64,0,16,0,84,0,0,0,0,0,0,0,0,0,54,0,166,0,58,0,0,0,10,0,0,0,0,0,2,0,96,0,51,0,0,0,8,15,0,0,0,0,3,0,0,0,0,0,0,0,0,0,0,0,0,0,0,0,0,0,0,0,0,0,0,0,0,0,2,0,159,170,83,56,228,1,4,0,0,0,0,0,0,0,0
2,139,0,4,0,4,0,218,0,288,0,4,0,0,0,1,1,26,0,4,0,0,0,1,3,88,0,0,0,7,0,0,0,23,0,4,0,29,0,2,0,0,0,0,0,0,0,0,1,0,0,5,0,26,0,81,0,15,0,78,0,0,0,23,0,0,0,0,0,0,0,0,0,0,0,0,0,0,0,0,0,0,0,0,0,0,0,0,0,0,0,0,0,0,0,0,0,0,0,0,0,0,0,0,0,0,0,0,0,0,0,0,0,0,0,0,0,0,0,0,0,0,0,0,0,0,0,0,0,11,0,0,0,0,0,0,0,0,0,144,0,82,0,13,0,367,0,0,0,0,0,0,0,6,0,27,0,206,0,41,0,0,0,9,0,0,0,0,0,6,0,86,0,51,0,0,0,68,0,0,0,0,0,15,0,3,0,0,0,0,0,0,0,0,0,0,0,0,0,0,0,0,0,0,0,0,0,0,0,0,0,0,0,1,95,0,0,0,63,114,121,46,0,3,0
99,24,13,0,0,0,558,53,335,60,0,0,0,0,3,0,157,0,6,0,62,0,3,0,107,43,17,0,40,0,19,0,13,0,9,0,0,0,16,0,0,0,0,0,0,0,5,0,5,0,0,0,59,2,37,22,3,0,3,1,11,0,0,8,0,0,0,0,0,0,2,0,0,0,0,0,0,0,0,0,0,0,0,0,0,1,0,0,0,0,0,0,0,0,0,0,0,0,26,0,10,0,0,0,0,0,0,0,0,0,0,0,0,0,0,0,0,0,0,0,1,0,14,0,0,0,0,0,4,0,0,0,0,0,10,0,10,0,83,0,14,0,17,0,3,0,0,0,0,0,0,0,0,0,73,0,17,0,47,0,7,0,0,0,0,0,0,0,2,0,5,0,9,0,0,0,6,18,0,0,0,0,7,0,0,0,0,0,0,0,0,0,0,0,0,0,0,0,0,0,0,0,0,0,0,0,0,0,0,1,53,54,30,7,48,0,0,0,1,0,2,0,0,0,0
3,55,0,0,0,3,29,204,61,221,0,2,0,0,0,45,0,246,0,40,0,119,1,142,14,84,0,0,0,28,0,5,0,26,0,10,0,5,0,23,0,0,0,3,0,1,0,0,0,0,1,0,0,83,18,106,1,44,0,22,3,23,8,0,0,0,1,1,0,0,0,0,0,0,0,0,0,0,0,0,0,0,0,0,0,0,0,0,0,0,0,0,0,0,0,0,0,0,0,0,0,0,0,0,0,0,0,0,0,0,0,0,0,0,0,0,0,0,0,0,0,0,0,0,0,0,0,0,0,61,0,16,0,0,0,10,0,53,0,135,0,70,1,10,0,43,0,0,0,0,0,0,0,0,0,97,0,19,0,58,0,11,0,0,0,0,0,0,0,0,1,5,3,18,0,0,0,29,0,0,0,0,0,21,0,0,0,0,0,0,0,0,0,0,0,0,0,0,0,0,0,0,0,0,0,0,0,0,0,0,4,2,1,1,46,0,0,0,19,42,36,9,0,0,0
10,0,2,0,0,0,41,0,104,0,2,0,8,0,6,0,0,0,7,0,0,0,0,0,0,0,0,0,0,0,0,0,3,0,0,0,0,0,0,0,0,0,0,0,0,0,0,0,0,0,0,0,0,0,0,0,22,2,92,45,0,0,0,0,0,112,126,72,0,0,4,0,1,0,1,0,0,0,0,0,0,0,0,0,0,0,0,0,0,0,0,0,0,0,0,0,0,0,0,0,0,1,0,0,0,0,0,0,0,0,0,0,0,0,0,0,0,0,0,0,0,0,0,0,22,0,0,0,0,4,27,29,0,0,0,0,0,0,13,30,0,0,0,0,29,5,17,0,68,0,5,1,0,0,8,40,0,0,1,56,323,121,0,0,0,0,0,0,0,0,0,0,5,0,5,6,7,0,0,0,172,19,14,0,169,5,1,0,0,0,0,0,0,0,0,0,0,0,0,0,0,0,0,0,0,0,0,0,0,0,49,22,0,0,112,0,6,0,0,1,0,0,0,0,0
0,64,0,1,0,0,0,0,2,300,0,33,0,0,0,0,0,1,0,22,0,0,5,0,0,0,0,18,0,2,0,0,0,0,0,0,0,0,0,0,0,0,0,0,0,0,0,0,0,2,0,0,0,0,0,1,17,1,40,102,1,0,0,0,112,0,68,339,0,0,3,19,0,4,2,26,0,0,0,4,0,6,0,0,0,0,1,5,0,0,0,0,0,0,0,0,0,0,0,3,0,4,0,0,0,0,0,0,0,0,0,0,0,0,0,0,0,0,0,0,0,0,0,4,0,37,0,36,1,0,32,96,0,0,0,0,0,0,23,27,0,17,0,0,29,30,0,25,24,168,0,14,0,0,10,0,3,0,57,0,182,111,10,6,0,0,0,0,0,0,0,0,0,0,0,65,0,0,0,0,50,128,0,19,15,139,0,0,0,0,0,0,0,0,0,0,0,0,0,0,0,0,0,0,0,0,0,0,0,8,8,0,5,0,142,0,0,0,131,47,28,0,0,0,0
7,0,0,0,0,0,76,0,200,41,0,0,0,0,0,0,0,0,0,0,0,0,0,0,0,0,0,0,0,0,0,0,0,0,0,0,0,0,0,0,0,0,0,0,0,0,0,0,1,0,3,0,9,10,0,51,24,6,183,293,0,0,0,1,126,68,0,344,0,0,0,0,0,0,0,0,0,0,0,0,0,0,0,0,0,0,0,0,0,0,0,0,0,0,0,0,0,0,0,0,0,0,0,0,0,0,0,0,0,0,0,0,0,0,0,0,0,0,0,0,0,0,0,0,11,0,3,0,0,0,18,0,0,0,0,0,0,0,9,0,0,0,0,0,12,0,7,0,41,0,0,0,0,0,26,29,38,0,0,22,134,17,1,0,0,0,0,0,0,0,0,0,0,0,0,5,18,0,0,0,21,0,0,0,248,25,0,0,0,0,0,0,0,0,0,0,0,0,0,0,0,0,0,0,0,0,0,0,0,0,56,76,0,37,124,0,5,0,1,0,0,0,0,0,0
0,22,0,0,0,1,0,22,104,195,1,0,0,0,0,0,0,0,0,0,0,0,0,0,0,0,0,0,0,0,0,0,0,0,0,0,0,1,0,0,0,0,0,0,0,0,0,0,0,0,1,0,31,0,31,0,47,0,350,336,0,0,0,1,72,339,344,0,0,0,0,0,0,0,0,0,0,0,0,0,0,0,0,0,0,0,0,0,0,0,0,0,0,0,0,0,0,0,0,0,0,0,0,0,0,0,0,0,0,0,0,0,0,0,0,0,0,0,0,0,0,0,0,0,0,4,0,0,0,0,0,15,0,0,0,0,0,0,3,0,0,0,0,0,0,4,0,4,0,20,0,0,0,0,82,5,4,12,21,4,29,43,0,0,0,0,0,0,0,0,0,13,0,0,0,63,0,22,0,0,0,0,0,0,51,307,0,0,0,0,0,0,0,0,0,0,0,0,0,0,0,0,0,0,0,0,0,0,0,0,0,7,0,0,210,0,2,0,170,181,64,0,0,15,0
0,0,0,0,0,0,0,0,0,0,0,0,0,0,0,0,0,0,0,0,0,0,0,0,0,0,12,0,0,0,0,0,0,0,0,0,0,0,0,0,0,0,2,0,16,0,5,0,13,0,3,0,0,0,0,0,0,0,0,0,0,0,0,0,0,0,0,0,0,0,0,0,0,0,0,0,132,0,11,0,0,0,19,0,0,0,0,0,6,0,0,0,89,0,9,0,11,0,5,0,11,0,425,0,26,0,17,0,159,0,35,0,21,0,14,0,8,0,0,0,0,0,0,0,0,0,0,0,0,1,0,0,0,0,0,0,0,0,0,0,0,0,0,0,0,0,0,0,0,0,0,0,0,0,0,0,0,0,0,0,1,0,0,0,84,0,0,0,105,0,1,0,2,0,0,0,0,0,0,0,0,0,0,0,0,0,0,0,0,0,0,0,0,0,26,0,0,0,0,0,0,0,0,0,31,0,0,0,0,0,20,3,107,2,37,47,114,3,0,0,0,0,0,0,0
0,0,0,1,0,0,0,0,0,0,0,0,0,0,0,0,0,0,0,0,0,0,0,0,0,0,0,4,0,0,0,0,0,0,0,0,0,0,0,0,0,1,0,0,0,7,0,3,0,1,0,0,0,0,0,0,0,0,0,0,0,0,0,0,0,0,0,0,0,0,0,0,0,0,0,0,0,22,0,0,0,11,0,59,0,0,0,10,0,40,0,8,0,69,0,48,0,10,0,0,0,29,0,140,0,0,0,20,0,7,0,1,0,12,0,0,0,5,0,1,0,0,0,0,0,0,0,27,0,0,0,0,0,0,0,23,0,0,0,0,0,4,0,0,0,0,0,0,0,0,0,9,0,0,0,0,0,0,0,0,0,0,0,0,0,5,0,0,0,42,0,2,0,0,0,0,0,0,0,0,0,0,0,0,0,0,0,1,0,22,0,0,0,0,0,15,0,0,0,0,0,18,0,0,0,0,0,0,0,18,0,0,0,0,26,0,0,0,10,8,28,2,26,23,0
0,0,0,0,3,0,0,0,0,0,0,0,0,0,0,0,15,0,0,0,35,0,0,0,0,0,110,0,8,0,21,0,9,0,72,0,147,0,5,0,0,0,46,0,44,0,3,0,4,0,54,0,0,0,2,0,0,0,0,0,7,0,2,0,4,3,0,0,0,0,0,0,194,0,234,1,11,0,218,0,0,0,0,0,5,0,45,0,0,0,0,0,0,0,0,0,0,0,0,0,0,0,0,1,0,0,0,0,0,0,0,0,0,0,0,0,0,0,0,0,23,0,17,0,54,0,30,0,12,0,44,20,39,0,26,8,9,0,0,2,55,1,20,2,78,0,62,0,44,0,62,0,34,0,0,0,16,0,3,0,0,0,92,0,0,0,20,0,36,0,20,0,79,0,7,0,0,0,0,0,18,9,0,0,17,0,0,0,0,0,0,0,0,0,0,0,0,0,0,0,6,0,0,0,0,0,0,0,0,0,17,6,51,0,30,0,0,0,0,0,0,0,0,0,0
0,3,0,0,0,0,0,0,0,0,0,0,0,0,0,0,0,0,0,0,0,40,0,0,0,0,0,0,0,0,0,5,0,1,0,22,0,27,0,0,0,0,0,9,0,0,0,0,0,0,0,22,0,0,0,0,0,0,0,0,0,0,0,0,0,19,0,0,0,0,0,0,0,151,0,362,0,11,0,5,0,6,0,0,0,0,0,40,0,0,0,0,0,0,0,0,0,0,0,0,0,0,0,0,0,0,0,0,0,0,0,0,0,0,0,0,0,0,0,0,0,3,0,6,2,59,1,97,2,26,6,79,0,94,0,15,0,80,0,0,3,18,0,0,0,107,0,0,0,47,0,9,0,15,0,0,0,13,0,0,0,7,0,43,0,0,0,18,0,24,0,25,0,30,0,4,0,0,0,0,2,14,0,0,0,0,0,0,0,0,0,0,0,0,0,0,0,0,0,0,0,0,0,0,0,0,0,0,0,22,0,0,0,0,11,0,0,0,9,10,9,0,0,0,0
0,0,0,0,0,0,0,0,0,0,0,0,0,0,0,0,0,0,0,0,10,0,0,0,0,0,0,0,0,0,6,0,0,0,9,0,23,0,0,0,0,0,9,0,0,0,1,0,0,0,7,0,0,0,0,0,0,0,0,0,0,0,0,0,1,0,0,0,0,0,194,0,0,0,142,0,57,0,316,0,0,0,33,0,20,0,16,0,0,0,0,0,12,0,0,0,13,0,5,0,0,0,0,0,0,0,0,0,0,0,0,0,0,0,0,0,0,0,0,0,95,0,11,1,95,0,0,0,29,0,53,0,53,0,138,0,30,0,2,1,69,0,64,0,80,0,106,0,0,0,113,0,48,0,0,0,6,0,9,0,0,0,92,0,1,0,0,0,16,0,21,0,27,0,6,0,0,0,0,0,32,0,0,0,0,0,0,0,0,0,0,0,19,0,0,0,2,0,116,0,52,0,0,0,0,0,0,0,0,0,177,9,43,2,185,0,0,0,0,0,0,0,0,0,0
0,0,0,0,0,0,0,0,0,0,0,0,0,0,0,0,0,0,0,0,0,0,0,0,0,0,0,0,0,0,0,0,0,0,0,0,0,0,0,0,0,0,0,0,0,0,0,0,0,0,0,2,0,0,0,0,0,0,0,0,0,0,0,0,0,4,0,0,0,0,0,151,0,0,0,390,0,115,0,48,0,0,0,6,0,21,0,141,0,0,0,0,0,0,0,5,0,0,0,0,0,0,0,0,0,0,0,0,0,0,0,0,0,0,0,0,0,0,0,0,0,20,0,50,3,81,0,157,0,19,5,26,0,108,0,69,0,93,0,0,0,13,0,0,0,60,0,43,0,0,0,0,0,0,0,0,0,0,0,0,0,0,0,101,0,0,0,0,0,41,0,18,0,0,0,0,0,0,0,0,0,12,0,0,0,0,0,0,0,0,0,0,0,0,0,0,0,0,0,0,0,48,0,0,0,0,0,0,0,0,0,0,1,0,86,0,0,0,76,3,24,1,0,0,0
0,0,2,0,0,0,2,0,0,0,0,0,0,0,0,0,12,0,3,0,46,0,0,0,0,0,61,0,21,0,21,0,9,0,34,0,122,0,5,0,0,0,39,0,26,0,0,0,4,0,48,0,3,0,0,0,0,0,0,0,5,0,0,0,1,2,0,0,0,0,234,0,142,0,0,0,15,0,201,0,39,0,9,0,82,0,75,0,0,0,0,0,0,0,0,0,11,0,7,0,0,0,0,0,0,0,0,0,0,0,0,0,0,0,0,0,0,0,0,0,176,0,30,0,67,4,0,0,0,0,0,11,20,5,131,21,28,0,3,7,67,0,70,0,102,0,89,0,52,0,129,0,72,9,0,0,9,0,0,0,0,0,42,0,0,0,10,0,15,0,6,0,47,0,31,0,0,0,0,0,26,10,0,0,15,0,0,0,0,0,0,0,2,0,0,0,0,0,98,0,66,0,0,0,5,0,0,0,67,0,17,3,36,0,29,0,0,0,0,0,0,0,0,0,0
0,3,0,0,0,0,0,0,0,0,0,0,0,0,0,16,0,6,0,0,0,68,0,0,0,0,0,0,0,0,0,7,0,0,0,65,0,28,0,3,0,0,0,17,0,0,0,0,0,2,0,37,0,0,0,0,0,0,0,0,0,0,0,0,0,26,0,0,0,0,1,362,0,390,0,0,0,43,0,133,0,17,0,0,0,55,0,276,0,0,0,0,0,0,0,0,0,0,1,0,2,3,0,0,0,0,0,0,0,0,0,0,0,0,0,0,0,0,0,0,0,160,0,54,8,162,0,333,0,14,33,74,0,119,0,213,0,194,0,0,7,52,3,123,0,249,8,0,13,152,0,0,0,102,0,0,0,12,5,0,7,3,0,75,0,0,0,24,0,56,0,30,0,44,0,11,0,1,0,0,7,47,0,2,0,0,0,0,0,5,0,0,0,0,0,0,0,6,0,85,0,76,0,0,0,0,0,0,0,175,0,0,0,0,39,0,0,0,29,14,10,0,0,0,0
0,0,0,0,1,0,0,0,0,0,0,0,0,0,0,0,16,0,0,0,0,0,0,0,0,0,0,0,0,0,0,0,0,0,0,0,0,0,0,0,0,0,0,0,0,0,0,0,3,0,0,0,0,0,0,0,0,0,0,0,0,0,0,0,0,0,0,0,132,0,11,0,57,0,15,0,0,0,67,0,24,0,93,0,29,0,47,0,1,0,9,0,62,0,18,0,47,0,0,0,10,0,89,0,60,0,52,0,36,0,0,0,0,0,38,0,13,0,0,0,13,0,0,0,0,0,0,0,0,0,0,0,0,0,43,0,0,0,0,0,0,0,0,0,0,0,0,0,4,0,0,0,13,0,0,0,0,0,0,0,0,0,0,0,45,0,4,0,10,0,2,0,0,0,0,0,0,0,0,0,0,3,0,0,0,0,0,0,76,0,58,0,82,0,37,0,6,0,0,0,0,0,85,0,132,0,0,0,0,0,55,5,49,0,97,13,23,0,0,0,0,0,0,0,0
0,0,0,0,0,0,0,0,0,2,0,0,0,0,0,0,0,0,0,0,0,0,0,0,0,0,0,0,0,0,0,0,0,0,0,0,0,0,0,0,0,0,0,3,0,12,0,0,0,2,0,0,0,0,0,1,0,0,0,0,0,0,0,0,0,0,0,0,0,22,0,11,0,115,0,43,0,0,0,22,0,124,0,155,0,33,0,254,0,0,0,0,0,79,0,111,0,0,0,21,0,33,0,78,0,0,0,25,0,13,0,0,0,0,0,0,0,15,0,0,0,20,0,22,0,0,0,0,0,0,0,0,0,0,0,0,0,0,0,0,0,0,0,0,0,0,0,0,0,0,0,7,0,0,0,0,0,0,0,0,0,0,0,10,0,22,0,0,0,136,0,0,0,0,0,0,0,0,0,0,0,0,0,1,0,0,0,0,0,0,0,0,0,0,0,64,0,0,0,0,0,49,0,0,0,0,0,0,0,0,0,0,0,0,77,0,0,0,11,8,130,2,19,28,0
1,0,0,0,0,0,0,0,0,0,0,0,1,0,0,0,0,0,0,0,0,0,0,0,0,0,0,0,0,0,0,0,0,0,0,0,0,0,0,0,0,0,0,0,0,0,0,0,2,0,0,0,0,0,0,0,0,0,0,0,0,0,0,0,0,0,0,0,11,0,218,0,316,0,201,0,67,0,0,0,87,0,120,0,146,0,106,0,0,0,0,0,22,0,27,0,92,0,37,0,6,0,14,0,29,0,20,0,1,0,0,0,0,0,1,0,0,0,0,0,129,0,25,0,0,0,0,0,0,0,0,4,0,0,132,13,0,14,0,0,62,3,64,0,22,0,0,0,0,0,64,0,0,0,0,0,2,0,1,0,0,0,10,0,2,0,0,0,16,0,0,0,0,0,0,0,0,0,0,0,0,10,0,0,0,0,0,0,39,1,28,0,0,0,13,0,0,0,164,0,106,0,110,0,116,0,0,0,90,0,132,0,34,0,173,5,0,0,0,0,0,0,0,0,0
