0,293,58,116,43,0,32,0,144,0,61,63,59,0,18,220,9,87,25,0,0,0,0,377,4,164,32,0,81,0,0,0,0,0,0,0,0,4,432,0,0,0,0,0,5,0,22,0,0,0,0,0,5,0,19,0,0,0,2,0,100,0,65,0,4,0,5,0,0,0,0,0,0,0,0,0,0,0,0,0,0,0,0,0,0,0,0,0,0,0,0,0,0,0,0,0,0,0,0,0,0,0,0,0,0,0,0,0,0,0,0,0,0,0,0,0,0,0,0,0,0,0,0,0,0,0,14,0,0,0,10,0,2,0,5,0,0,0,0,0,0,0,0,0,0,0,9,0,14,0,24,0,31,0,0,0,0,0,0,0,4,0,0,0,0,0,0,0,11,0,0,0,125,0,0,0,624,140,18,0,28,0,73,0,50,0,0,0,0,0,0,0,0,0,0,0,1,0,0,0,0,0,0,0,0,0,0,0,6,0,385,279,71,0,98,2,0,0,0,11,0,0,0,0,0
293,0,309,120,0,199,0,17,75,41,0,221,0,56,0,29,89,29,0,170,71,31,0,54,167,14,0,224,25,206,0,0,0,271,0,0,0,95,33,427,0,24,0,0,0,0,0,0,0,0,0,0,11,0,37,10,0,0,0,27,0,195,68,247,0,38,0,3,0,0,0,0,0,0,0,0,0,0,0,0,0,4,0,0,0,0,0,0,0,0,0,1,0,0,0,0,0,0,0,0,0,0,0,0,0,0,0,0,0,0,0,0,0,0,0,0,0,0,0,0,0,0,0,0,0,0,0,10,0,0,0,17,0,0,0,47,0,23,0,0,0,0,0,0,0,0,0,39,0,75,0,67,0,63,0,0,0,0,0,0,0,0,0,0,0,0,0,0,0,10,0,0,0,72,0,20,89,555,2,25,0,46,0,96,0,28,1,0,0,0,0,0,0,0,0,0,0,7,0,0,0,0,0,0,0,0,0,49,0,55,0,0,3,0,432,0,0,0,1090,225,295,0,0,0,0
58,309,0,0,234,138,46,0,0,0,88,89,71,0,241,172,26,64,74,0,34,0,65,268,33,119,35,0,0,0,0,0,145,0,0,0,0,0,628,0,0,0,0,0,0,0,0,0,22,0,0,0,0,0,57,0,0,0,18,0,0,0,98,0,1,0,0,0,0,0,0,0,0,0,0,0,0,0,0,0,0,0,0,0,0,0,0,0,0,0,0,0,0,0,0,0,0,0,0,0,0,0,0,0,0,0,0,0,0,0,0,0,0,0,0,0,0,0,0,0,0,0,0,0,0,0,60,0,4,0,28,0,0,0,144,0,30,0,0,0,0,0,0,0,0,0,0,0,2,0,21,0,0,0,0,0,0,0,0,0,0,0,0,0,0,0,0,0,0,0,71,0,190,0,0,0,126,75,0,0,7,0,0,0,18,0,0,0,0,0,0,0,0,0,0,0,0,0,0,0,0,0,0,0,0,0,0,0,64,0,1133,213,291,0,510,0,0,0,0,17,0,0,0,0,0
116,120,0,0,0,67,0,156,0,12,0,25,0,0,0,87,53,23,0,106,0,43,0,132,20,60,0,0,0,272,0,0,0,241,0,0,0,0,0,180,0,0,0,0,0,0,0,0,0,0,0,0,0,0,0,63,0,0,0,0,0,12,0,27,0,9,0,0,0,0,0,0,0,0,0,0,0,0,0,0,0,0,0,0,0,0,0,0,0,0,0,0,0,0,0,0,0,0,0,0,0,0,0,0,0,0,0,0,0,0,0,0,0,0,0,0,0,0,0,0,0,0,0,0,0,0,0,32,0,0,0,0,0,0,0,344,0,316,0,0,0,0,0,20,0,0,0,24,0,0,0,0,0,0,0,0,0,0,0,4,0,8,0,0,0,0,0,0,0,0,0,5,2,65,0,0,21,101,0,0,0,0,0,7,0,0,0,0,0,0,0,0,0,0,0,0,0,0,0,0,0,0,0,0,0,0,0,93,0,221,0,0,0,0,232,0,0,0,382,21,344,0,0,0,0
43,0,234,0,0,582,14,0,62,0,81,259,655,337,131,375,0,0,231,587,176,170,22,107,3,0,219,0,0,0,131,0,249,0,326,0,208,0,262,0,159,0,0,0,65,0,88,0,15,0,23,0,0,0,0,0,0,0,8,0,0,0,0,0,12,0,0,0,0,0,0,0,1,0,0,0,0,0,0,0,0,0,0,0,0,0,0,0,0,0,0,0,0,0,0,0,0,0,0,0,0,0,0,0,0,0,0,0,0,0,0,0,0,0,0,0,0,0,0,0,0,0,0,0,0,0,75,0,0,0,17,0,0,0,56,0,0,0,0,0,0,0,0,0,0,0,41,0,0,0,0,0,48,0,0,0,0,0,0,0,0,0,0,0,0,0,63,0,0,0,11,0,0,0,0,0,509,152,129,0,48,0,40,0,67,0,0,0,0,0,0,0,0,0,0,0,0,0,14,0,0,0,0,0,0,0,0,0,61,0,1041,542,316,0,244,0,0,0,3,29,0,0,0,0,0
0,199,138,67,582,0,0,35,0,31,211,231,101,119,400,84,0,6,98,484,299,406,221,121,0,4,0,376,0,0,125,0,37,404,0,0,0,78,21,0,0,20,0,0,0,83,0,59,0,0,0,0,0,0,0,14,0,0,0,0,0,0,0,0,0,0,0,0,0,0,0,0,0,0,0,0,0,0,0,0,0,0,0,0,0,0,0,0,0,0,0,0,0,0,0,0,0,0,0,0,0,0,0,0,0,0,0,0,0,0,0,0,0,0,0,0,0,0,0,0,0,0,0,0,0,0,0,0,0,0,0,0,0,0,0,153,0,98,0,0,0,0,0,0,0,0,0,38,0,0,0,70,0,0,0,0,0,0,0,0,0,0,0,0,0,0,0,0,0,0,0,0,0,0,0,0,143,422,0,15,0,0,0,0,0,0,0,2,0,0,0,0,0,0,0,2,0,0,0,0,0,0,0,0,0,0,0,0,0,112,0,0,0,0,243,0,0,0,838,343,593,0,0,0,0
32,0,46,0,14,0,0,0,53,212,20,0,0,0,7,0,3,34,0,0,0,0,7,30,51,285,0,0,0,0,4,0,0,0,0,0,0,0,0,0,0,0,0,0,0,0,0,0,0,0,2,0,136,0,164,0,7,0,53,0,234,0,388,64,0,0,0,0,0,0,0,0,3,0,0,0,0,0,0,0,0,0,0,0,0,0,0,0,0,0,0,0,0,0,0,0,0,0,0,0,0,0,0,0,0,0,0,0,0,0,0,0,0,0,0,0,0,0,0,0,0,0,0,0,10,0,95,0,0,0,22,0,0,0,0,0,0,0,0,0,0,0,0,0,0,0,0,0,0,0,9,0,0,0,0,0,0,0,0,0,0,0,0,0,0,0,0,0,24,0,319,0,116,0,0,0,165,53,2,0,0,0,4,0,10,0,0,0,0,0,0,0,0,0,0,0,0,0,0,0,1,0,0,0,0,0,0,0,30,0,634,134,209,0,668,0,0,1,0,1,0,0,0,1,0
0,17,0,156,0,35,0,0,184,24,0,8,0,3,0,65,0,27,0,32,0,0,0,28,0,106,0,0,8,130,0,0,0,0,0,0,0,0,0,0,0,0,0,0,0,0,0,0,0,74,0,0,0,143,96,393,0,27,0,56,0,172,82,929,0,18,0,3,0,0,0,0,0,0,0,0,0,0,0,0,0,0,0,0,0,0,0,0,0,0,0,0,0,0,0,0,0,0,0,0,0,0,0,0,0,0,0,0,0,0,0,0,0,0,0,0,0,0,0,0,0,0,0,0,0,76,0,50,0,0,0,121,0,33,0,42,0,50,0,10,0,0,0,0,0,0,0,4,0,54,0,0,0,4,0,11,0,0,0,4,0,29,0,0,0,10,0,0,0,33,0,0,0,106,0,0,22,157,0,0,0,0,4,14,0,0,0,0,0,0,0,0,0,0,0,0,0,0,0,0,0,4,0,0,0,0,0,28,0,91,6,0,0,0,745,0,0,0,864,78,440,587,0,141,0
144,75,0,0,62,0,53,184,0,253,18,0,47,0,24,13,1,25,49,1,0,0,6,21,0,259,47,0,0,0,0,0,0,0,0,0,0,0,0,0,0,0,0,0,10,0,9,0,0,0,0,0,46,34,53,98,25,0,135,0,108,0,91,51,90,0,36,10,0,0,0,0,0,0,0,0,0,0,0,0,0,0,0,0,0,0,0,0,0,0,0,0,0,0,0,0,0,0,0,0,0,0,0,0,0,0,0,0,0,0,0,0,0,0,0,0,0,0,0,0,0,0,0,0,18,0,49,0,0,0,91,0,0,0,8,0,0,0,0,0,0,0,0,0,0,0,44,0,47,0,38,0,38,0,0,0,0,0,0,0,79,0,0,0,0,0,0,0,4,0,65,0,15,0,0,0,437,100,2,0,9,0,9,0,74,0,0,0,0,0,0,0,0,0,0,0,0,0,0,0,0,0,0,0,0,0,0,0,9,0,123,62,0,0,114,0,0,0,0,0,0,0,0,0,0
0,41,0,12,0,31,212,24,253,0,0,18,0,0,0,11,0,0,0,46,0,11,0,3,93,0,0,47,2,3,0,0,0,0,0,0,0,0,0,17,0,0,0,0,0,0,0,0,0,11,0,0,129,143,317,66,0,33,251,155,0,290,82,351,0,154,0,98,0,0,0,0,0,0,0,0,0,0,0,0,0,1,0,0,0,0,0,0,0,0,0,0,0,0,0,0,0,0,0,0,0,0,0,0,0,0,0,1,0,0,0,0,0,0,0,0,0,0,0,0,0,0,0,0,0,54,0,14,0,12,0,55,0,6,0,18,0,10,0,6,0,0,0,0,0,0,0,32,0,117,0,47,0,60,0,0,0,0,0,1,0,24,0,0,0,2,0,0,0,15,0,38,0,0,0,8,86,686,0,0,0,0,0,38,21,191,0,0,0,0,0,2,0,0,0,0,0,6,0,5,0,1,0,0,0,0,0,43,0,42,4,0,0,0,412,0,0,0,714,236,164,0,9,84,0
61,0,88,0,81,211,20,0,18,0,0,0,494,0,20,256,0,0,49,127,0,29,3,57,0,0,63,0,0,0,52,0,92,0,0,0,157,0,162,0,84,0,0,0,28,0,47,0,8,0,0,0,0,0,0,0,0,0,1,0,0,0,0,0,1,0,1,0,0,0,0,0,0,0,0,0,0,0,0,0,0,0,0,0,0,0,0,0,0,0,0,0,0,0,0,0,0,0,0,0,0,0,0,0,0,0,0,0,0,0,0,0,0,0,0,0,0,0,0,0,0,0,1,0,0,0,3,0,0,0,1,0,0,0,0,0,0,0,0,0,0,0,0,0,0,0,0,0,3,0,0,0,13,0,0,0,0,0,0,0,0,0,0,0,0,0,74,0,58,0,0,0,78,0,0,0,347,46,87,0,0,0,65,0,15,0,6,0,0,0,0,0,0,0,0,0,0,0,0,0,0,0,0,0,0,0,0,0,5,0,230,172,112,0,37,0,0,0,2,28,0,0,0,0,0
63,221,89,25,259,231,0,8,0,18,0,0,0,260,215,0,43,0,0,71,160,77,135,36,0,0,0,289,0,0,78,0,0,315,0,0,0,89,7,0,0,159,0,0,0,93,0,223,0,35,0,0,0,1,0,0,0,0,0,0,0,2,0,0,0,13,0,0,0,0,0,0,0,0,0,0,0,0,0,0,0,0,0,0,0,0,0,0,0,0,0,0,0,0,0,0,0,4,0,0,0,0,0,0,0,0,0,0,0,0,0,0,0,0,0,0,0,0,0,4,0,0,0,0,0,0,0,0,0,0,0,0,0,0,0,0,0,0,0,0,0,0,0,0,0,0,0,0,0,0,0,0,0,65,0,0,0,0,0,0,0,0,0,0,0,0,0,0,0,0,0,0,0,16,0,97,91,500,0,37,0,148,0,64,0,61,2,6,0,0,0,0,0,0,0,0,0,12,0,0,0,0,0,0,0,0,0,13,0,0,0,7,0,0,52,0,0,0,237,151,109,0,2,0,0
59,0,71,0,655,101,0,0,47,0,494,0,0,464,59,0,0,0,122,423,76,181,0,0,0,0,212,930,0,0,0,0,0,0,215,0,50,0,0,0,175,90,0,63,54,0,117,248,13,0,153,0,0,0,0,0,0,0,7,0,0,0,0,0,19,0,0,0,0,0,0,0,0,0,4,0,0,0,0,0,0,0,0,0,0,0,0,0,0,0,0,0,0,0,0,0,0,0,0,0,0,0,0,0,0,0,0,0,0,0,0,0,0,0,0,0,0,0,0,0,0,0,0,0,13,0,49,0,0,0,0,0,0,0,0,0,0,0,0,0,0,0,0,0,0,0,0,0,8,0,0,0,19,0,0,0,0,0,0,0,0,0,0,0,0,0,0,0,0,0,0,0,0,0,0,0,438,57,203,0,54,0,30,0,39,0,133,6,0,0,0,0,0,0,0,0,0,0,0,0,0,0,0,0,0,0,0,0,0,0,0,221,0,0,0,0,0,0,2,0,0,0,0,0,0
0,56,0,0,337,119,0,3,0,0,0,260,464,0,208,0,0,0,672,118,249,169,0,0,0,0,238,190,0,0,0,0,0,0,35,98,0,99,0,0,43,198,13,188,0,62,22,264,0,46,20,268,0,0,0,0,1,0,0,0,0,0,0,0,0,3,0,0,0,0,0,0,0,0,0,0,0,0,0,0,0,0,0,0,0,0,0,0,0,0,0,0,0,0,0,0,0,0,0,0,0,0,0,0,0,0,0,0,0,0,0,0,0,0,0,0,0,0,0,4,0,0,0,0,0,0,0,0,0,0,0,0,0,0,0,0,0,0,0,0,0,0,0,0,0,0,0,0,0,0,0,0,0,0,0,0,0,0,0,0,0,0,0,0,0,67,0,20,0,50,0,0,0,0,0,63,151,399,0,27,0,124,0,12,0,15,19,43,0,0,0,0,0,0,0,0,0,0,0,0,0,0,0,0,0,0,0,0,0,0,0,0,0,0,0,0,0,0,133,310,139,0,0,0,0
18,0,241,0,131,400,7,0,24,0,20,215,59,208,0,188,59,0,217,358,218,65,262,38,39,0,198,0,6,0,176,0,179,0,121,16,103,2,35,0,0,0,0,0,26,0,9,0,0,0,0,0,4,0,39,0,0,0,0,0,0,0,0,0,10,0,0,0,0,0,0,0,0,0,0,0,0,0,0,0,0,0,0,0,0,0,0,0,0,0,0,0,0,0,0,0,0,0,0,0,0,0,0,0,0,0,0,0,0,0,0,0,0,0,0,0,0,0,0,0,0,0,3,0,0,0,120,0,0,0,19,0,0,0,679,0,62,0,0,0,0,0,220,0,0,0,119,0,30,0,248,0,0,0,0,0,0,0,0,0,4,0,0,0,0,0,56,0,0,0,0,0,0,0,0,0,81,31,14,0,0,0,25,0,50,0,0,0,0,0,0,0,0,0,0,0,0,0,0,0,0,0,0,0,0,0,0,0,354,0,249,114,162,0,84,0,0,0,6,11,0,0,0,0,0
220,29,172,87,375,84,0,65,13,11,256,0,0,0,188,0,87,33,0,165,171,410,239,128,0,51,0,53,0,20,132,124,0,74,0,27,5,7,60,0,0,0,0,30,0,0,0,2,0,0,0,0,0,0,0,58,0,0,0,0,0,0,0,0,0,0,0,0,0,0,0,0,0,0,0,0,0,0,0,0,0,37,0,0,0,0,0,0,0,0,0,115,0,0,0,0,0,0,0,106,0,64,0,0,0,0,0,136,0,0,0,0,0,0,0,0,0,0,0,0,0,0,0,0,0,0,0,0,0,0,0,0,0,0,0,899,0,569,0,37,0,0,0,158,0,0,0,0,0,0,0,43,0,0,0,0,0,0,0,0,0,0,0,0,0,0,0,45,0,0,0,0,0,17,0,0,68,179,17,6,0,0,4,0,0,9,0,0,0,0,0,0,0,0,0,1,0,0,0,0,0,0,0,0,0,0,0,0,0,208,0,7,0,0,27,0,0,0,129,223,164,0,0,0,0
9,89,26,53,0,0,3,0,1,0,0,43,0,0,59,87,0,18,148,5,194,0,112,121,112,12,136,0,255,0,110,0,44,0,17,0,5,0,79,0,0,0,0,0,90,0,0,0,7,0,28,0,60,0,53,0,23,0,0,0,11,0,256,0,0,0,0,0,0,0,0,0,0,0,0,0,0,0,0,0,0,0,0,0,102,0,0,0,0,0,262,0,0,0,0,0,161,0,0,0,0,0,0,0,0,0,348,0,0,0,0,0,0,0,0,0,0,0,0,0,9,0,17,0,0,0,0,0,101,0,0,0,0,0,317,0,238,0,0,0,39,0,656,0,1,0,0,0,0,0,0,0,0,0,22,0,0,0,26,0,3,0,8,0,0,0,0,0,0,0,16,0,24,0,0,0,35,13,0,0,0,0,16,0,0,0,0,0,0,0,0,0,0,0,0,0,0,0,0,0,457,0,0,0,0,0,0,0,0,0,46,162,63,0,43,0,0,0,0,6,0,0,0,0,0
87,29,64,23,0,6,34,27,25,0,0,0,0,0,0,33,18,0,0,44,18,103,0,106,0,28,3,0,0,130,4,65,0,27,0,41,0,0,21,9,0,0,0,0,0,0,0,0,0,0,0,24,0,0,0,18,0,17,0,1,0,0,0,115,0,0,0,0,0,0,0,0,0,3,0,0,0,0,0,0,0,84,0,0,0,259,0,28,0,0,0,70,0,0,0,51,0,0,1,119,0,80,0,0,0,0,0,0,0,0,0,0,0,0,0,0,0,0,0,0,0,0,0,0,0,0,0,0,0,214,0,0,0,119,0,431,0,499,0,143,0,94,0,346,0,0,0,0,0,0,0,0,0,0,0,11,0,0,0,0,0,0,0,0,1,0,0,0,0,0,0,0,0,4,0,0,0,15,0,0,0,0,0,2,0,0,0,0,0,0,0,0,0,0,0,0,0,0,0,0,0,0,0,0,0,0,0,0,0,0,0,0,0,0,0,0,0,0,28,180,13,0,0,0,0
25,0,74,0,231,98,0,0,49,0,49,0,122,672,217,0,148,0,0,459,484,242,97,0,0,0,261,751,0,0,64,0,0,0,339,0,51,0,0,0,5,37,24,53,43,0,12,124,0,0,128,0,0,0,0,0,0,0,0,0,0,0,0,0,16,0,0,0,0,0,0,0,0,0,0,0,0,0,0,0,0,0,0,0,153,0,0,0,0,0,0,0,0,0,0,0,0,0,0,0,0,0,0,0,0,0,0,0,1,0,0,0,0,0,0,0,0,0,0,0,0,0,0,0,0,0,0,0,0,0,0,0,0,0,0,0,75,0,0,0,0,0,0,0,0,0,60,0,0,0,0,0,0,0,0,0,0,0,0,0,0,0,0,0,42,0,22,0,27,0,0,0,0,0,0,0,88,32,52,0,0,0,58,0,88,0,0,0,0,0,0,0,0,0,0,0,0,0,0,0,0,0,0,0,0,0,0,0,97,0,240,469,237,0,50,0,0,0,12,0,0,0,0,0,0
0,170,0,106,587,484,0,32,1,46,127,71,423,118,358,165,5,44,459,0,285,425,0,64,0,0,102,373,0,8,68,106,0,49,44,184,6,50,0,0,0,0,0,62,0,97,0,12,0,0,0,80,0,0,0,17,0,0,1,0,0,0,0,47,0,32,1,0,0,0,0,2,0,0,0,0,0,0,0,0,0,0,0,0,0,0,0,36,0,0,0,0,0,0,0,0,0,359,0,275,0,0,0,0,0,0,0,0,0,0,0,0,0,0,0,0,0,0,0,0,0,26,0,0,0,0,0,0,0,0,0,0,0,0,0,1029,0,0,0,0,0,75,0,264,0,0,0,93,0,133,0,0,0,100,0,0,0,0,0,0,0,0,0,0,0,52,0,39,0,116,0,0,0,0,0,0,98,137,41,13,0,0,0,19,0,44,0,0,0,0,0,0,0,0,0,0,0,0,0,0,0,0,0,0,0,0,0,0,0,383,0,4,0,0,0,0,0,0,226,302,243,0,0,0,0
0,71,34,0,176,299,0,0,0,0,0,160,76,249,218,171,194,18,484,285,0,109,116,105,18,0,358,166,41,0,152,0,100,0,157,0,27,0,39,0,0,0,0,0,155,0,0,0,7,0,80,0,0,0,0,0,0,0,0,0,0,0,55,0,0,2,0,0,0,0,0,0,18,0,8,0,0,0,0,0,0,0,0,0,151,0,0,0,0,0,0,0,0,0,0,0,0,0,0,0,0,0,0,0,0,0,0,0,0,0,0,0,0,0,0,0,0,0,0,0,0,0,0,0,0,0,0,0,0,0,0,0,0,0,79,0,112,0,0,0,0,0,221,0,0,0,5,0,0,0,0,0,0,0,0,0,0,0,0,0,0,0,0,0,0,0,31,0,0,0,0,0,0,0,0,0,34,12,0,0,0,0,0,0,0,0,0,0,0,0,0,0,0,0,0,0,0,0,0,0,177,0,0,0,0,0,0,2,0,0,194,524,93,0,55,0,2,0,7,6,0,0,0,0,0
0,31,0,43,170,406,0,0,0,11,29,77,181,169,65,410,0,103,242,425,109,0,0,75,0,8,0,100,0,20,0,54,0,53,0,129,0,20,0,16,0,0,0,106,0,49,0,3,0,0,0,130,0,0,0,0,0,0,0,0,0,0,0,103,0,0,0,0,0,0,0,0,0,0,0,0,0,0,0,0,0,0,0,0,0,0,0,0,0,0,0,0,0,0,0,0,0,0,0,0,0,0,0,1,0,0,0,0,0,0,0,0,0,0,0,0,0,0,0,0,0,0,0,0,0,0,0,0,0,0,0,0,0,0,0,0,0,0,0,0,0,153,0,193,0,0,0,0,0,0,0,0,0,0,0,0,0,0,0,0,0,0,0,0,0,0,0,26,0,0,0,0,0,0,0,0,0,80,0,9,0,0,0,0,0,8,0,0,0,0,0,0,0,0,0,0,0,0,0,0,0,0,0,0,0,0,0,0,0,0,0,0,0,0,49,0,0,0,300,781,144,0,0,0,0
0,0,65,0,22,221,7,0,6,0,3,135,0,0,262,239,112,0,97,0,116,0,0,213,26,30,63,0,321,0,216,0,226,0,0,0,26,0,414,0,1,0,0,0,42,0,0,0,20,0,0,0,0,0,47,0,14,0,2,0,0,0,0,4,0,0,0,0,0,0,0,0,0,0,0,0,0,0,0,0,0,0,0,0,0,0,0,0,0,0,0,0,0,0,0,0,0,0,0,0,0,0,0,0,37,0,0,0,0,0,0,0,0,0,0,0,0,0,1,0,0,0,0,0,0,0,0,0,0,0,6,0,0,0,501,0,65,0,0,0,0,0,279,0,0,0,0,0,0,0,0,0,21,0,2,0,0,0,0,0,6,0,0,0,0,0,0,0,0,0,0,0,72,0,0,0,78,55,0,0,0,0,0,0,21,0,0,0,0,0,0,0,0,0,0,0,10,0,29,0,115,0,0,0,0,0,60,0,130,0,551,90,318,0,375,1,0,0,0,18,10,0,0,0,0
377,54,268,132,107,121,30,28,21,3,57,36,0,0,38,128,121,106,0,64,105,75,213,0,24,21,0,28,0,73,54,72,26,53,0,6,6,3,70,17,0,0,0,0,0,14,0,0,0,0,0,0,0,1,0,0,0,2,0,1,0,5,0,57,0,0,0,0,0,0,0,0,0,0,0,0,0,0,0,0,0,73,0,0,0,160,0,19,0,0,2,52,0,0,0,0,0,64,0,109,0,83,0,0,0,0,0,0,0,0,0,0,0,0,0,0,0,0,0,0,0,11,0,0,0,0,0,0,0,0,0,0,0,0,0,292,0,203,0,61,0,48,0,150,0,0,0,0,0,0,0,0,0,0,0,3,0,2,0,0,0,0,0,0,0,0,0,25,0,22,0,0,0,16,0,0,32,101,0,3,0,0,6,2,0,0,0,0,0,0,0,0,0,0,0,0,0,0,0,0,0,0,0,0,0,0,0,0,0,0,0,3,0,0,0,0,0,0,55,466,57,18,0,2,0
4,167,33,20,3,0,51,0,0,93,0,0,0,0,39,0,112,0,0,0,18,0,26,24,0,136,0,0,130,5,17,0,0,0,0,0,0,0,59,0,0,0,0,0,0,0,0,0,44,0,0,0,30,0,209,0,57,0,30,0,61,0,326,45,0,0,0,0,0,0,0,0,0,0,0,0,0,0,0,0,0,0,0,0,1,0,1,0,0,0,0,0,0,0,0,0,0,0,0,0,0,0,0,0,0,0,0,0,0,0,0,0,0,0,0,0,0,0,0,0,0,0,0,0,0,0,110,0,58,0,17,0,78,0,510,0,146,0,6,0,0,0,274,0,0,0,0,0,0,0,0,0,0,0,12,0,0,0,3,0,29,0,0,0,0,0,0,0,0,0,180,0,108,0,0,0,0,8,0,0,0,0,0,0,0,0,0,0,0,0,0,0,0,0,0,0,0,0,0,0,106,0,0,0,0,0,0,0,93,0,370,38,142,0,488,0,0,0,0,0,0,0,0,0,0
164,14,119,60,0,4,285,106,259,0,0,0,0,0,0,51,12,28,0,0,0,8,30,21,136,0,0,0,13,69,0,4,0,6,0,0,0,0,42,55,0,0,0,0,0,0,0,0,0,0,0,0,30,25,152,148,0,39,0,3,24,16,124,134,0,0,0,0,0,0,0,0,0,0,0,0,0,0,0,0,0,0,0,1,0,24,0,0,0,0,4,8,0,0,0,0,0,0,0,13,0,0,0,0,0,0,0,0,0,0,0,0,0,0,0,0,0,0,0,0,0,0,0,1,0,0,0,37,0,107,0,0,0,53,0,394,0,422,0,16,0,0,0,48,0,1,0,0,0,0,0,0,0,0,0,20,0,0,0,23,0,24,0,0,0,0,0,0,0,0,0,0,0,33,0,0,24,153,0,0,0,0,0,1,0,0,0,0,0,0,0,0,0,0,0,0,0,0,0,0,0,0,0,1,0,0,0,0,0,61,5,0,0,0,71,0,0,0,96,223,46,49,0,0,0
32,0,35,0,219,0,0,0,47,0,63,0,212,238,198,0,136,3,261,102,358,0,63,0,0,0,0,789,0,0,61,0,35,0,32,0,68,0,11,0,50,304,315,35,223,101,116,662,75,0,229,0,0,0,0,0,0,0,0,0,0,0,28,0,0,0,0,0,0,0,0,0,0,0,0,0,0,0,27,0,0,0,0,0,309,0,0,0,0,0,0,0,0,0,0,0,0,0,0,0,24,0,0,0,0,0,0,0,0,0,0,0,0,0,0,0,0,0,0,0,0,0,94,0,0,0,0,0,0,0,0,0,0,0,0,0,0,0,0,0,263,0,287,0,0,0,0,0,0,0,0,0,0,0,0,0,0,0,0,0,0,0,0,0,84,0,0,0,0,0,0,0,0,0,0,0,73,22,53,0,0,0,0,0,51,0,26,0,0,0,0,0,0,0,0,0,0,0,0,0,0,0,0,0,0,0,0,0,0,0,97,717,254,0,29,0,0,17,3,34,3,0,0,0,0
0,224,0,0,0,376,0,0,0,47,0,289,930,190,0,53,0,0,751,373,166,100,0,28,0,0,789,0,0,0,0,35,0,24,0,77,0,121,0,0,297,12,120,232,32,406,175,167,5,67,96,275,0,0,0,0,0,0,0,0,0,0,0,101,0,33,0,0,0,0,0,0,0,0,0,6,0,0,0,0,0,0,0,0,0,419,0,63,0,0,0,0,0,46,0,0,0,0,0,0,0,222,0,13,0,0,0,0,0,1,0,0,0,0,0,0,0,0,0,2,0,0,0,0,0,0,0,0,0,0,0,0,0,0,0,0,0,0,0,0,0,262,0,357,0,0,0,27,0,0,0,0,0,0,0,0,0,6,0,0,0,0,0,0,0,239,0,0,0,156,0,0,0,0,0,0,50,111,0,29,0,0,0,34,0,47,61,0,0,0,0,0,0,0,0,0,0,0,0,0,0,0,0,0,0,0,0,0,0,0,0,8,0,0,16,0,0,0,195,1217,278,0,0,0,19
81,25,0,0,0,0,0,8,0,2,0,0,0,0,6,0,255,0,0,0,41,0,321,0,130,13,0,0,0,0,26,0,29,0,44,0,16,0,36,0,0,0,0,0,0,0,0,0,0,0,24,0,24,0,7,0,0,0,0,0,13,0,61,0,0,0,0,0,0,0,0,0,0,0,0,0,0,0,0,0,0,0,0,0,44,0,0,0,0,0,0,0,0,0,0,0,50,0,0,0,0,0,0,0,0,0,0,0,0,0,0,0,0,0,0,0,0,0,0,0,0,0,0,0,0,0,0,0,38,0,0,0,0,0,0,0,207,0,212,0,116,0,128,0,5,0,0,0,0,0,0,0,0,0,10,0,0,0,27,0,0,0,0,0,0,0,0,0,0,0,3,0,7,0,0,0,0,4,0,0,0,0,0,0,0,0,0,0,0,0,0,0,0,0,0,0,0,0,0,0,0,0,0,0,0,0,0,0,0,0,25,161,9,0,10,0,0,0,0,0,0,0,0,0,0
0,206,0,272,0,0,0,130,0,3,0,0,0,0,0,20,0,130,0,8,0,20,0,73,5,69,0,0,0,0,2,12,0,11,0,30,0,11,3,5,0,0,0,0,0,0,0,0,0,0,0,25,0,11,0,4,0,0,0,0,0,2,0,164,0,0,0,0,0,0,0,0,0,0,0,0,0,0,0,0,0,0,0,0,0,0,0,0,0,0,0,0,0,0,0,0,0,0,0,0,0,0,0,0,0,0,0,0,0,0,0,0,0,0,0,0,0,0,0,0,0,0,0,0,0,0,0,0,0,0,0,0,0,0,0,0,0,0,0,125,0,59,0,93,0,4,0,0,0,0,0,0,0,0,0,9,0,0,0,0,0,0,0,0,0,0,0,2,0,0,0,0,0,0,0,0,0,0,0,1,0,0,0,0,0,0,0,0,0,0,0,0,0,0,0,0,0,0,0,0,0,0,0,0,0,0,0,0,0,0,0,0,0,0,0,0,0,0,0,83,1,0,0,0,0
0,0,0,0,131,125,4,0,0,0,52,78,0,0,176,132,110,4,64,68,152,0,216,54,17,0,61,0,26,2,0,0,11,0,66,0,9,0,9,0,0,0,0,0,33,0,0,0,0,0,32,0,0,0,0,0,0,0,0,0,0,0,61,0,0,0,0,0,0,0,0,0,0,0,11,0,0,0,0,0,0,0,0,0,220,0,24,0,0,0,308,0,0,0,0,0,178,0,0,0,8,0,0,0,0,0,137,0,0,0,0,0,0,0,0,0,0,0,0,0,0,0,0,0,0,0,0,0,0,0,0,0,0,0,0,0,250,0,115,0,137,0,269,0,8,0,0,0,0,0,0,0,0,0,19,0,0,0,20,0,4,0,0,0,0,0,57,0,0,0,0,0,31,0,0,0,23,0,0,0,0,0,0,0,0,0,0,0,0,0,0,0,0,0,0,0,0,0,0,0,0,0,0,0,0,0,0,0,0,0,232,423,0,0,77,1,0,0,0,11,0,0,0,0,0
0,0,0,0,0,0,0,0,0,0,0,0,0,0,0,124,0,65,0,106,0,54,0,72,0,4,0,35,0,12,0,0,0,0,0,46,0,8,0,5,0,0,0,34,0,0,0,1,0,1,0,28,0,0,0,0,0,0,0,0,0,0,0,76,0,0,0,0,0,0,0,0,0,0,0,0,0,7,0,0,0,0,0,0,0,0,0,0,0,0,0,0,0,0,0,0,0,0,0,0,0,0,0,0,0,0,0,0,0,0,0,0,0,0,0,0,0,0,0,0,0,0,0,0,0,0,0,0,0,0,0,0,0,0,0,0,0,0,0,0,0,55,0,72,0,0,0,0,0,0,0,0,0,0,0,4,0,4,0,0,0,0,0,0,0,0,0,21,0,13,0,0,0,0,0,0,0,48,0,0,0,0,0,0,0,0,0,0,0,0,0,0,0,0,0,0,0,2,0,0,0,0,0,0,0,0,0,0,0,0,1,3,0,0,28,0,0,0,137,321,89,0,0,0,0
0,0,145,0,249,37,0,0,0,0,92,0,0,0,179,0,44,0,0,0,100,0,226,26,0,0,35,0,29,0,11,0,0,4,32,0,74,0,2,0,0,0,15,0,0,0,0,0,11,0,57,0,11,0,0,0,0,0,0,0,10,0,30,0,0,0,0,0,0,0,2,0,0,0,0,0,0,0,0,0,0,0,0,0,54,0,0,0,0,0,0,0,0,0,0,0,0,0,0,0,0,0,0,0,0,0,0,0,0,0,0,0,0,0,0,0,0,0,0,0,0,0,18,0,0,0,0,0,0,0,0,0,0,0,0,0,89,0,201,0,125,0,104,0,17,0,0,0,0,0,0,0,0,0,9,0,11,0,7,0,0,0,0,0,0,0,74,0,0,0,0,0,56,0,0,0,0,0,0,0,0,0,0,0,0,0,0,0,0,0,0,0,0,0,0,0,0,0,0,0,0,0,0,0,0,0,0,0,0,0,246,241,132,0,120,0,0,0,0,0,0,0,0,0,0
0,271,0,241,0,404,0,0,0,0,0,315,0,0,0,74,0,27,0,49,0,53,0,53,0,6,0,24,0,11,0,0,4,0,0,46,0,132,0,0,0,0,0,44,0,46,0,0,0,0,0,53,0,3,0,0,0,0,0,0,0,0,0,27,0,0,0,0,0,0,0,0,0,0,0,0,0,0,0,0,0,0,0,0,0,0,0,0,0,0,0,0,0,0,0,0,0,0,0,15,0,0,0,0,0,0,0,0,0,0,0,0,0,0,0,0,0,0,0,0,0,0,0,0,0,0,0,0,0,0,0,0,0,0,0,0,0,0,0,56,0,56,0,51,0,0,0,0,0,0,0,0,0,0,0,0,0,0,0,0,0,0,0,0,0,0,0,83,0,7,0,3,0,46,0,0,0,97,0,0,0,0,0,0,0,0,0,0,0,0,0,0,0,0,0,0,0,0,0,0,0,0,0,0,0,0,0,0,0,0,0,0,0,0,30,0,0,0,85,638,215,8,0,0,0
0,0,0,0,326,0,0,0,0,0,0,0,215,35,121,0,17,0,339,44,157,0,0,0,0,0,32,0,44,0,66,0,32,0,0,0,96,0,5,0,0,0,8,8,0,0,0,0,6,0,57,2,0,0,0,0,0,0,0,0,0,0,0,0,0,0,0,0,0,0,3,0,0,0,0,0,0,0,0,0,0,0,0,0,30,0,0,0,0,0,0,0,0,0,0,0,0,0,0,0,0,0,0,0,0,0,0,0,0,0,0,0,0,0,0,0,0,0,0,0,0,0,0,0,0,0,0,0,0,0,0,0,0,0,0,0,36,0,45,0,60,0,63,0,8,0,0,0,0,0,0,0,0,0,0,0,0,0,0,0,0,0,4,0,18,0,105,0,0,0,0,0,31,0,0,0,0,0,11,0,0,0,0,0,0,0,0,0,0,0,0,0,0,0,0,0,0,0,0,0,0,0,0,0,0,0,0,0,0,0,352,472,280,0,75,0,0,0,4,0,0,0,0,0,0
0,0,0,0,0,0,0,0,0,0,0,0,0,98,16,27,0,41,0,184,0,129,0,6,0,0,0,77,0,30,0,46,0,46,0,0,0,98,0,41,0,0,0,85,0,0,0,0,0,0,0,33,0,3,0,0,0,0,0,0,0,11,0,43,0,0,0,0,0,0,0,0,0,0,0,0,0,0,0,0,0,0,0,0,0,0,0,0,0,0,0,0,0,0,0,0,0,0,0,0,0,0,0,0,0,0,0,0,0,0,0,0,0,0,0,0,0,0,0,0,0,0,0,0,0,0,0,0,0,0,0,0,0,0,0,0,0,0,0,139,0,102,0,65,0,0,0,0,0,0,0,0,0,0,0,0,0,10,0,0,0,0,0,0,0,44,0,84,0,50,0,0,0,13,0,0,0,0,0,0,0,1,0,0,0,0,0,0,0,0,0,0,0,0,0,0,0,0,0,0,0,0,0,0,0,0,0,0,0,0,0,0,0,0,43,0,0,0,273,469,212,0,0,0,0
0,0,0,0,208,0,0,0,0,0,157,0,50,0,103,5,5,0,51,6,27,0,26,6,0,0,68,0,16,0,9,0,74,0,96,0,0,0,78,0,0,0,58,0,29,0,0,0,10,0,90,0,3,0,0,0,0,0,0,0,21,0,2,0,0,0,0,0,0,0,20,0,0,0,16,0,0,0,0,0,0,0,0,0,54,0,27,0,0,0,0,0,0,0,0,0,0,0,143,0,0,0,0,0,0,0,0,0,0,0,0,0,0,0,0,0,0,0,0,0,24,0,34,0,0,0,0,0,0,0,0,0,0,0,0,0,64,0,137,0,207,0,142,0,74,0,0,0,0,0,0,0,0,0,3,0,14,0,0,0,1,0,11,0,35,0,70,0,32,0,25,0,39,0,0,0,0,0,57,0,0,0,0,0,0,0,0,0,0,0,0,0,0,0,0,0,0,0,0,0,0,0,0,0,0,0,0,0,0,0,181,180,177,48,52,0,3,0,0,1,0,0,0,0,0
4,95,0,0,0,78,0,0,0,0,0,89,0,99,2,7,0,0,0,50,0,20,0,3,0,0,0,121,0,11,0,8,0,132,0,98,0,0,0,34,0,0,0,64,0,20,0,10,0,0,0,91,0,0,0,0,0,0,0,0,0,51,0,27,0,0,0,0,0,0,0,0,0,0,0,6,0,0,0,0,0,0,0,0,0,0,0,0,0,0,0,0,0,0,0,0,0,0,0,0,0,0,0,0,0,0,0,0,0,0,0,0,0,0,0,0,0,0,0,0,0,0,0,0,0,0,0,0,0,0,0,0,0,0,0,10,0,40,0,116,0,141,0,35,0,52,0,0,0,0,0,0,0,0,0,0,0,55,0,0,0,0,0,0,0,53,0,63,0,49,0,6,0,54,0,0,0,0,0,3,0,0,0,5,0,0,0,0,0,0,0,0,0,0,0,0,0,0,0,0,0,0,0,0,0,0,0,0,0,0,0,0,0,0,18,0,0,0,88,333,213,16,0,0,0
432,33,628,0,262,21,0,0,0,0,162,7,0,0,35,60,79,21,0,0,39,0,414,70,59,42,11,0,36,3,9,0,2,0,5,0,78,0,0,0,0,0,10,0,14,0,0,0,5,0,14,0,10,0,0,0,0,0,0,0,27,0,28,0,0,0,0,0,0,0,0,0,0,0,0,0,0,0,0,0,0,0,0,0,0,0,0,0,0,0,0,0,0,0,0,0,0,0,0,0,0,0,0,0,0,0,0,0,0,0,0,0,0,0,0,0,0,0,0,0,0,0,0,0,0,0,0,0,0,0,0,0,0,0,0,0,23,0,38,0,27,0,0,0,7,0,0,0,0,0,0,0,0,0,0,0,13,0,0,0,0,0,0,0,0,0,88,0,0,0,6,0,96,0,0,0,131,7,36,0,0,0,298,0,0,0,0,0,0,0,0,0,0,0,0,0,0,0,0,0,0,0,0,0,0,0,0,0,0,0,76,528,91,36,50,0,0,0,0,0,0,0,0,0,0
0,427,0,180,0,0,0,0,0,17,0,0,0,0,0,0,0,9,0,0,0,16,0,17,0,55,0,0,0,5,0,5,0,0,0,41,0,34,0,0,0,0,0,19,0,7,0,0,0,0,0,29,0,4,0,8,0,0,0,0,0,4,3,48,0,0,0,0,0,0,0,0,0,0,0,0,0,0,0,0,0,0,0,0,0,0,0,0,0,0,0,0,0,0,0,0,0,0,0,0,0,0,0,0,0,0,0,0,0,0,0,0,0,0,0,0,0,0,0,0,0,0,0,0,0,0,0,0,0,0,0,0,0,0,0,0,0,0,0,61,0,19,0,0,0,14,0,0,0,0,0,0,0,0,0,6,0,15,0,0,0,0,0,0,0,0,0,7,0,0,0,0,0,19,0,0,0,45,0,0,0,0,0,40,0,0,0,0,0,0,0,0,0,0,0,0,0,0,0,0,0,0,0,0,0,0,0,0,0,0,0,0,0,0,0,0,0,0,5,204,24,7,0,1,0
0,0,0,0,159,0,0,0,0,0,84,0,175,43,0,0,0,0,5,0,0,0,1,0,0,0,50,297,0,0,0,0,0,0,0,0,0,0,0,0,0,103,19,8,28,0,60,335,125,0,0,0,0,0,1,0,1,0,0,0,0,0,0,0,0,0,0,0,0,0,0,0,0,0,0,0,0,0,0,0,0,0,0,0,0,0,0,0,0,0,0,0,0,0,0,0,0,0,0,0,0,0,0,0,0,0,0,0,0,0,0,0,0,0,0,0,0,0,0,0,0,0,0,0,0,0,0,0,0,0,0,0,0,0,0,0,0,0,0,0,0,0,0,0,0,0,0,0,0,0,0,0,0,0,0,0,0,0,0,0,0,0,0,0,31,0,0,0,0,0,0,0,0,0,0,0,40,16,42,0,0,0,0,0,12,0,140,0,0,0,0,0,0,0,0,0,0,0,0,0,0,0,0,0,0,0,0,0,11,0,0,116,35,0,0,0,0,12,0,9,0,0,0,0,0
0,24,0,0,0,20,0,0,0,0,0,159,90,198,0,0,0,0,37,0,0,0,0,0,0,0,304,12,0,0,0,0,0,0,0,0,0,0,0,0,103,0,50,21,97,18,205,128,11,59,0,8,0,0,0,0,0,0,0,0,0,0,0,0,0,0,0,0,0,0,0,0,0,0,0,0,0,0,0,0,0,0,0,0,0,0,0,0,0,0,0,0,0,0,0,0,0,0,0,0,0,0,0,0,0,0,0,0,0,0,0,0,0,0,0,0,0,0,0,0,0,0,0,0,0,0,0,0,0,0,0,0,0,0,0,0,0,0,0,0,0,0,0,0,0,0,0,0,0,0,0,0,0,0,0,0,0,0,0,0,0,0,0,0,0,29,0,0,0,0,0,0,0,0,0,0,5,165,0,32,0,37,0,0,0,0,40,9,0,0,0,0,0,0,0,5,0,0,0,0,0,0,0,0,0,0,0,0,0,0,0,19,0,0,0,0,0,0,0,87,0,0,0,0,9
0,0,0,0,0,0,0,0,0,0,0,0,0,13,0,0,0,0,24,0,0,0,0,0,0,0,315,120,0,0,0,0,15,0,8,0,58,0,10,0,19,50,0,0,151,31,104,141,108,4,37,0,0,0,1,0,0,0,0,0,0,0,0,0,0,0,0,0,0,0,76,0,16,0,43,0,0,0,0,0,0,0,0,0,113,0,38,0,0,0,0,0,0,0,0,0,189,0,0,0,0,0,0,0,0,0,0,0,0,0,0,0,0,0,0,0,0,0,0,0,0,0,39,0,0,0,0,0,0,0,0,0,0,0,0,0,0,0,0,0,0,0,0,0,0,0,0,0,0,0,0,0,0,0,2,0,0,0,0,0,0,0,23,0,50,0,36,0,0,0,18,0,17,0,0,0,0,0,0,0,0,0,0,0,0,0,7,0,0,0,0,0,0,0,0,0,0,0,0,0,0,0,0,0,0,0,0,0,0,0,0,263,156,6,0,0,0,45,0,5,0,0,0,0,0
0,0,0,0,0,0,0,0,0,0,0,0,63,188,0,30,0,0,53,62,0,106,0,0,0,0,35,232,0,0,0,34,0,44,8,85,0,64,0,19,8,21,0,0,0,61,0,86,0,43,6,65,0,0,0,0,0,0,0,0,0,0,0,81,0,0,0,0,0,0,0,18,0,0,0,23,0,0,0,0,0,0,0,0,0,0,0,0,0,0,0,0,0,0,0,0,0,0,0,0,0,53,0,0,0,0,0,0,0,0,0,0,0,0,0,0,0,0,0,0,0,87,0,12,0,0,0,0,0,0,0,0,0,0,0,0,0,0,0,296,0,290,0,213,0,0,0,0,0,0,0,0,0,0,0,0,0,0,0,0,0,0,0,6,0,95,0,5,0,70,0,0,0,6,0,0,0,0,0,0,0,0,0,0,0,0,0,0,0,0,0,0,0,0,0,0,0,0,0,0,0,0,0,0,0,0,0,0,0,0,1,0,0,0,0,0,0,0,115,408,270,0,0,0,6
5,0,0,0,65,0,0,0,10,0,28,0,54,0,26,0,90,0,43,0,155,0,42,0,0,0,223,32,0,0,33,0,0,0,0,0,29,0,14,0,28,97,151,0,0,39,203,174,163,63,37,0,0,0,0,0,4,0,0,0,0,0,0,0,2,0,0,0,0,0,78,0,37,0,75,0,16,0,0,0,0,0,0,0,272,0,0,0,0,0,0,0,0,0,0,0,382,0,628,0,0,0,12,0,0,0,0,0,0,0,0,0,0,0,0,0,0,0,0,0,0,0,0,0,0,0,0,0,0,0,0,0,0,0,0,0,226,0,0,0,280,0,358,0,0,0,0,0,4,2,0,0,22,0,0,0,3,0,0,0,0,0,28,0,106,0,28,0,105,0,0,0,24,0,0,0,64,40,43,0,48,0,0,0,0,0,102,0,0,0,0,0,0,0,0,0,0,0,0,0,0,0,0,0,0,0,0,0,0,0,46,157,194,15,0,0,0,56,0,22,0,0,0,0,0
0,0,0,0,0,83,0,0,0,0,0,93,0,62,0,0,0,0,0,97,0,49,0,14,0,0,101,406,0,0,0,0,0,46,0,0,0,20,0,7,0,18,31,61,39,0,101,216,6,170,0,43,0,0,0,0,0,0,0,0,0,0,0,92,0,0,0,0,0,0,0,21,0,8,0,31,0,29,0,0,0,227,0,73,0,290,0,56,0,0,0,0,0,25,0,121,0,0,0,221,0,122,0,0,0,0,0,0,0,0,0,0,0,0,0,0,0,0,0,0,0,92,0,0,0,0,0,0,0,0,0,0,0,0,0,0,0,0,0,385,0,428,0,332,0,51,0,0,0,0,0,0,0,0,0,0,0,9,0,0,0,0,0,23,0,158,0,8,0,117,0,20,0,39,0,0,0,27,0,10,0,0,0,0,0,0,5,0,0,0,0,0,0,0,0,0,0,0,0,0,0,0,0,0,0,0,0,0,0,0,0,7,0,0,10,0,0,0,40,355,190,9,1,0,99
22,0,0,0,88,0,0,0,9,0,47,0,117,22,9,0,0,0,12,0,0,0,0,0,0,0,116,175,0,0,0,0,0,0,0,0,0,0,0,0,60,205,104,0,203,101,0,435,221,53,8,0,0,0,0,0,0,0,0,0,0,0,0,0,0,0,0,0,0,0,0,0,0,0,0,0,0,0,0,0,0,0,0,0,0,0,0,0,0,0,0,0,0,0,0,0,0,0,0,0,0,0,6,0,0,0,0,0,0,0,0,0,0,0,0,0,0,0,0,0,0,0,0,0,0,0,0,0,0,0,0,0,0,0,0,0,0,0,0,0,0,0,0,0,0,0,0,0,0,0,0,0,22,0,0,0,0,0,0,0,0,0,0,0,109,0,0,0,0,0,0,0,0,0,0,0,28,51,47,0,0,0,17,0,0,0,196,0,0,0,0,0,0,0,0,0,0,0,0,0,0,0,0,0,0,0,0,0,0,0,0,320,114,0,0,0,0,81,0,31,0,0,0,0,0
0,0,0,0,0,59,0,0,0,0,0,223,248,264,0,2,0,0,124,12,0,3,0,0,0,0,662,167,0,0,0,1,0,0,0,0,0,10,0,0,335,128,141,86,174,216,435,0,9,123,0,47,0,0,0,0,0,0,0,0,0,0,0,0,0,0,0,0,0,0,0,0,0,0,0,0,0,0,0,0,0,0,0,0,0,0,0,0,0,0,0,0,0,0,0,0,0,0,0,27,0,0,0,0,0,0,0,0,0,0,0,0,0,0,0,0,0,0,0,0,0,0,0,0,0,0,0,0,0,0,0,0,0,0,0,0,0,0,0,0,0,0,0,30,0,0,0,0,0,0,0,0,0,0,0,0,0,0,0,0,0,0,0,0,0,86,0,0,0,0,0,0,0,0,0,0,0,228,0,9,0,0,0,9,0,7,93,18,0,0,0,0,0,0,0,0,0,0,0,0,0,0,0,0,0,0,0,0,0,0,0,27,0,0,0,0,0,0,0,615,43,0,3,0,63
0,0,22,0,15,0,0,0,0,0,8,0,13,0,0,0,7,0,0,0,7,0,20,0,44,0,75,5,0,0,0,0,11,0,6,0,10,0,5,0,125,11,108,0,163,6,221,9,0,10,20,0,14,0,48,0,16,0,11,0,43,0,7,0,0,0,2,0,13,0,27,0,0,0,0,0,7,0,10,0,31,0,21,0,0,0,7,0,17,0,0,0,23,0,28,0,27,0,78,0,6,0,10,0,11,0,0,0,3,0,0,0,0,0,0,0,0,0,0,0,0,0,0,0,0,0,0,0,0,0,0,0,0,0,0,0,0,0,0,0,0,0,17,0,7,0,0,0,0,0,6,0,0,0,0,0,0,0,0,0,5,0,23,0,29,0,23,0,39,0,34,0,37,0,6,0,92,4,35,0,0,0,8,0,4,0,167,0,36,0,9,0,28,0,22,0,2,0,0,0,18,0,36,0,27,0,0,0,0,0,77,158,282,16,32,27,6,15,0,1,1,1,0,0,0
0,0,0,0,0,0,0,74,0,11,0,35,0,46,0,0,0,0,0,0,0,0,0,0,0,0,0,67,0,0,0,1,0,0,0,0,0,0,0,0,0,59,4,43,63,170,53,123,10,0,0,6,0,0,0,0,0,0,0,0,0,8,0,0,0,0,0,0,0,3,0,0,0,0,0,0,0,3,0,0,0,28,0,0,0,0,0,0,0,15,0,0,0,10,0,20,0,0,0,0,0,0,0,7,0,0,0,0,0,0,0,0,0,0,0,0,0,0,0,0,0,0,0,0,0,0,0,0,0,0,0,0,0,0,0,0,0,0,0,0,0,0,0,0,0,7,0,0,0,2,0,9,0,6,0,0,0,0,0,0,0,0,0,1,3,70,0,6,0,16,0,16,0,11,0,18,0,144,0,11,0,10,0,2,0,0,15,43,0,0,0,0,0,0,0,5,0,0,0,0,0,0,0,1,0,0,0,0,0,0,0,8,1,0,4,0,0,0,24,53,54,4,0,2,9
0,0,0,0,23,0,2,0,0,0,0,0,153,20,0,0,28,0,128,0,80,0,0,0,0,0,229,96,24,0,32,0,57,0,57,0,90,0,14,0,0,0,37,6,37,0,8,0,20,0,0,0,0,0,0,0,0,0,0,0,0,0,0,0,0,0,0,0,0,0,44,0,26,0,0,0,0,0,0,0,0,0,0,0,111,0,0,0,0,0,220,0,0,0,0,0,0,0,359,0,14,0,0,0,0,0,0,0,0,0,0,0,0,0,0,0,0,0,0,0,0,0,38,0,0,0,0,0,0,0,0,0,0,0,0,0,0,0,0,0,76,0,115,0,36,0,0,0,0,0,0,0,0,0,0,0,0,0,0,0,3,0,24,0,41,0,26,0,73,0,32,0,33,0,0,0,0,2,0,0,0,0,0,0,1,0,2,0,0,0,0,0,0,0,0,0,0,0,0,0,0,0,0,0,0,0,0,0,0,0,95,272,269,31,26,0,2,9,2,0,0,0,0,0,0
0,0,0,0,0,0,0,0,0,0,0,0,0,268,0,0,0,24,0,80,0,130,0,0,0,0,0,275,0,25,0,28,0,53,2,33,0,91,0,29,0,8,0,65,0,43,0,47,0,6,0,0,0,0,0,5,0,0,0,0,0,22,0,32,0,0,0,0,0,0,0,15,0,0,0,33,0,0,0,0,0,118,0,0,0,104,0,0,0,0,0,0,0,0,0,0,0,0,0,132,0,58,0,0,0,0,0,0,0,0,0,0,0,0,0,0,0,0,0,0,0,79,0,0,0,0,0,0,0,0,0,0,0,0,0,0,0,0,0,158,0,251,0,162,0,114,0,0,0,0,0,0,0,0,0,0,0,24,0,0,0,0,0,20,0,42,0,5,0,87,0,25,0,51,0,0,0,27,0,0,0,0,0,0,0,0,0,0,0,0,0,0,0,0,0,0,0,0,0,0,0,0,0,0,0,0,0,0,0,0,0,0,0,0,9,0,0,0,141,176,181,0,0,1,0
5,11,0,0,0,0,136,0,46,129,0,0,0,0,4,0,60,0,0,0,0,0,0,0,30,30,0,0,24,0,0,0,11,0,0,0,3,0,10,0,0,0,0,0,0,0,0,0,14,0,0,0,0,19,196,60,91,12,50,50,73,0,92,22,1,0,10,35,0,0,0,0,0,0,0,0,0,0,0,0,2,0,0,0,12,0,0,0,0,0,13,0,0,0,0,0,0,0,0,0,0,0,0,0,0,0,39,0,0,0,0,0,0,0,0,0,0,0,0,0,0,0,0,0,0,0,0,0,155,0,15,0,25,0,74,0,151,0,150,0,21,0,222,0,0,0,0,0,0,0,0,0,0,0,95,0,153,0,97,0,16,0,0,0,0,0,0,0,29,0,88,0,0,0,0,0,63,13,0,0,0,0,0,0,0,0,0,0,0,0,0,0,0,0,0,0,0,0,0,0,93,0,0,0,0,0,0,0,0,0,111,169,147,120,184,0,108,0,0,0,0,0,0,0,0
0,0,0,0,0,0,0,143,34,143,0,1,0,0,0,0,0,0,0,0,0,0,0,1,0,25,0,0,0,11,0,0,0,3,0,3,0,0,0,4,0,0,0,0,0,0,0,0,0,0,0,0,19,0,29,227,12,103,82,67,3,55,6,20,0,0,14,7,0,0,0,0,0,0,0,0,0,0,0,0,0,0,0,0,0,0,0,0,0,0,0,0,0,0,0,0,0,0,0,0,0,0,0,1,0,0,0,0,0,0,0,0,0,0,0,0,0,0,0,0,0,0,0,0,0,0,0,0,0,198,0,0,0,58,0,106,0,254,0,395,0,81,0,32,0,44,0,0,2,0,0,0,0,0,0,121,4,95,0,117,0,40,0,0,0,0,0,0,0,10,0,52,0,0,0,0,4,11,0,0,0,0,0,0,5,0,0,0,0,0,0,0,0,0,0,0,0,0,0,0,0,0,0,0,0,0,0,0,0,0,0,0,0,0,272,0,0,0,266,148,102,130,2,67,0
19,37,57,0,0,0,164,96,53,317,0,0,0,0,39,0,53,0,0,0,0,0,47,0,209,152,0,0,7,0,0,0,0,0,0,0,0,0,0,0,1,0,1,0,0,0,0,0,48,0,0,0,196,29,0,110,79,0,45,0,102,0,50,58,3,0,23,39,0,0,0,0,0,0,0,0,0,0,0,0,0,0,0,0,0,0,0,0,0,0,0,0,0,0,0,0,0,0,0,0,0,0,0,0,0,0,0,0,0,0,0,0,0,0,0,0,1,0,0,0,1,0,0,0,0,0,11,0,50,0,31,0,0,0,61,0,52,0,17,0,0,0,99,0,0,0,0,0,0,0,0,0,0,0,42,0,50,0,7,0,20,0,0,0,2,0,0,0,38,0,237,0,0,0,0,0,60,25,0,0,0,0,0,0,0,0,0,0,0,0,0,0,0,0,0,0,2,0,0,0,41,0,0,0,0,0,0,0,0,0,291,96,291,367,752,0,249,2,0,0,0,0,0,0,0
0,10,0,63,0,14,0,393,98,66,0,0,0,0,0,58,0,18,0,17,0,0,0,0,0,148,0,0,0,4,0,0,0,0,0,0,0,0,0,8,0,0,0,0,0,0,0,0,0,0,0,5,60,227,110,0,22,189,230,108,7,62,19,109,0,1,55,13,0,2,0,0,0,0,0,0,0,2,0,0,0,0,0,0,0,0,0,0,0,0,0,0,0,0,0,0,0,0,0,0,0,0,0,3,0,0,0,0,0,0,0,0,0,0,0,0,0,0,0,0,0,0,0,0,0,52,0,44,0,145,0,98,0,56,0,161,0,333,0,82,0,0,0,0,0,9,0,4,0,0,0,4,0,0,2,110,7,35,0,59,0,84,0,0,0,5,1,0,0,40,0,145,0,0,0,0,0,32,0,0,0,0,0,0,0,5,0,0,0,0,0,0,0,0,0,0,0,0,0,5,0,0,0,0,0,0,0,5,0,46,0,0,0,0,416,0,0,0,243,77,464,0,7,237,0
0,0,0,0,0,0,7,0,25,0,0,0,0,1,0,0,23,0,0,0,0,0,14,0,57,0,0,0,0,0,0,0,0,0,0,0,0,0,0,0,1,0,0,0,4,0,0,0,16,0,0,0,91,12,79,22,0,0,121,87,27,0,0,0,23,21,20,91,0,0,0,0,0,0,0,0,0,0,2,0,0,0,0,0,0,0,0,0,0,0,0,0,0,0,0,0,0,0,0,0,0,0,0,0,0,0,0,0,0,0,0,0,0,0,0,0,0,0,0,0,0,0,0,0,4,0,0,0,43,0,86,1,10,0,14,0,23,0,15,0,0,0,14,0,5,0,0,0,2,0,0,0,0,0,235,19,103,1,32,0,74,0,22,0,4,0,0,0,44,0,83,0,18,0,0,0,10,0,0,0,0,0,0,0,0,0,0,0,0,0,0,0,0,0,0,0,0,0,0,0,0,0,0,0,0,0,0,0,0,0,366,84,412,502,1102,0,298,0,0,1,1,0,0,0,0
0,0,0,0,0,0,0,27,0,33,0,0,0,0,0,0,0,17,0,0,0,0,0,2,0,39,0,0,0,0,0,0,0,0,0,0,0,0,0,0,0,0,0,0,0,0,0,0,0,0,0,0,12,103,0,189,0,0,77,119,0,15,0,20,0,7,52,25,0,0,0,0,0,0,0,0,0,0,0,0,0,0,0,0,0,0,0,0,0,0,0,0,0,0,0,0,0,0,0,0,0,0,0,0,0,0,0,0,0,0,0,0,0,0,0,0,0,0,0,0,0,0,0,0,0,21,0,0,0,90,0,51,1,19,0,22,0,54,4,38,0,0,0,0,0,0,0,0,0,0,0,0,0,0,6,310,0,49,5,172,5,101,0,133,0,3,0,0,0,88,0,126,0,21,0,0,4,0,0,0,0,0,0,0,7,2,0,0,0,0,0,0,0,0,0,0,0,0,0,0,0,0,0,0,0,0,0,0,0,0,0,0,0,0,683,0,0,0,194,23,475,0,11,298,0
2,0,18,0,8,0,53,0,135,251,1,0,7,0,0,0,0,0,0,1,0,0,2,0,30,0,0,0,0,0,0,0,0,0,0,0,0,0,0,0,0,0,0,0,0,0,0,0,11,0,0,0,50,82,45,230,121,77,0,344,88,0,11,21,170,0,330,249,0,0,0,0,0,0,0,0,0,0,0,0,0,0,0,0,0,0,0,0,0,0,0,0,0,0,0,0,0,0,0,0,0,0,0,0,0,0,0,0,0,0,0,0,0,0,0,0,0,0,0,0,0,0,0,0,0,0,0,0,1,0,48,0,0,0,0,0,0,0,0,0,0,0,0,0,0,0,0,0,0,0,0,0,0,0,82,35,143,2,0,13,14,8,0,0,2,0,5,0,0,0,0,0,0,0,0,0,265,22,0,0,2,0,0,0,327,30,0,0,0,0,0,0,0,0,0,0,0,0,0,0,0,0,0,0,0,0,0,0,0,0,596,304,118,0,960,0,190,0,0,0,1,0,0,0,0
0,27,0,0,0,0,0,56,0,155,0,0,0,0,0,0,0,1,0,0,0,0,0,1,0,3,0,0,0,0,0,0,0,0,0,0,0,0,0,0,0,0,0,0,0,0,0,0,0,0,0,0,50,67,0,108,87,119,344,0,0,57,0,24,72,137,146,184,0,0,0,0,0,0,0,0,0,0,0,0,0,0,0,0,0,0,1,0,0,1,0,0,0,0,0,0,0,0,0,0,0,0,0,0,0,0,0,0,0,0,0,0,0,0,0,0,0,0,0,0,0,0,0,0,0,8,0,2,0,4,0,24,0,3,0,0,0,0,0,2,0,0,0,0,0,0,0,0,0,3,0,0,0,0,42,95,61,165,29,28,63,45,0,54,0,0,0,0,0,51,0,0,0,13,0,50,35,0,0,0,0,0,0,0,58,115,0,0,0,0,0,0,0,0,0,0,0,0,0,0,0,0,0,0,0,0,0,0,0,0,0,0,0,0,1542,0,0,0,1024,168,404,690,14,339,0
100,0,0,0,0,0,234,0,108,0,0,0,0,0,0,0,11,0,0,0,0,0,0,0,61,24,0,0,13,0,0,0,10,0,0,0,21,0,27,0,0,0,0,0,0,0,0,0,43,0,0,0,73,3,102,7,27,0,88,0,0,0,85,0,0,0,0,0,0,0,0,0,0,0,0,0,0,0,0,0,0,0,0,0,0,0,0,0,0,0,0,0,0,0,0,0,0,0,0,0,0,0,0,0,0,0,0,0,0,0,0,0,0,0,0,0,0,0,0,0,0,0,0,0,0,0,0,0,0,0,0,0,0,0,0,0,10,0,135,0,146,0,0,0,139,0,0,0,0,0,0,0,0,0,4,0,92,0,0,1,0,0,20,0,0,0,0,0,25,0,173,0,82,0,0,0,60,0,0,0,0,0,3,0,0,0,0,0,0,0,0,0,0,0,0,0,0,0,0,0,0,0,0,0,0,0,0,0,0,0,80,359,128,158,145,0,38,0,0,0,0,0,0,0,0
0,195,0,12,0,0,0,172,0,290,0,2,0,0,0,0,0,0,0,0,0,0,0,5,0,16,0,0,0,2,0,0,0,0,0,11,0,51,0,4,0,0,0,0,0,0,0,0,0,8,0,22,0,55,0,62,0,15,0,57,0,0,1,16,0,0,0,0,0,1,0,0,0,0,0,0,0,0,0,0,0,0,0,0,0,0,0,0,0,0,0,0,0,0,0,0,0,0,0,0,0,0,0,0,0,0,0,0,0,0,0,0,0,0,0,0,0,0,0,0,0,0,0,0,0,0,0,0,0,2,0,0,0,0,0,0,0,0,0,79,0,75,0,7,0,70,0,0,0,0,0,0,0,0,0,5,0,84,0,8,0,0,0,10,0,4,0,6,0,8,0,138,0,81,0,0,0,0,0,0,0,0,0,25,0,0,0,0,0,0,0,0,0,0,0,0,0,0,0,0,0,0,0,0,0,0,0,0,0,0,0,0,0,0,80,0,0,0,38,454,157,109,1,38,0
65,68,98,0,0,0,388,82,91,82,0,0,0,0,0,0,256,0,0,0,55,0,0,0,326,124,28,0,61,0,61,0,30,0,0,0,2,0,28,3,0,0,0,0,0,0,0,0,7,0,0,0,92,6,50,19,0,0,11,0,85,1,0,24,0,0,0,0,0,0,0,0,0,0,0,0,0,0,0,0,0,0,0,0,14,0,0,0,0,0,0,0,0,0,0,0,0,0,0,0,0,0,0,0,0,0,0,0,0,0,0,0,0,0,0,0,0,0,0,0,0,0,0,0,0,0,0,0,37,0,0,0,0,0,0,0,86,0,41,0,35,0,48,0,0,0,0,0,0,0,0,0,0,0,23,0,33,0,20,0,0,0,0,0,0,0,0,0,0,0,33,0,10,0,0,0,84,14,0,0,0,0,1,0,0,0,0,0,0,0,0,0,0,0,0,0,0,0,0,0,0,0,1,0,0,0,0,0,0,0,39,197,29,44,74,0,10,0,0,0,0,0,0,0,0
0,247,0,27,0,0,64,929,51,351,0,0,0,0,0,0,0,115,0,47,0,103,4,57,45,134,0,101,0,164,0,76,0,27,0,43,0,27,0,48,0,0,0,81,0,92,0,0,0,0,0,32,22,20,58,109,0,20,21,24,0,16,24,0,0,0,2,0,0,0,0,0,0,0,0,0,0,0,0,0,0,0,0,0,0,0,0,0,0,2,0,0,0,0,0,0,0,0,0,0,0,0,0,0,0,0,0,0,0,0,0,0,0,0,0,0,0,0,0,0,0,0,0,0,0,0,0,0,0,47,0,0,0,0,0,65,0,105,0,86,0,0,0,23,0,21,0,0,0,0,0,0,0,0,0,19,0,23,0,19,0,15,0,0,0,0,0,2,0,0,0,14,0,29,0,0,0,86,0,0,0,0,0,21,0,0,0,0,0,0,0,0,0,0,0,0,0,0,0,0,0,0,0,0,0,0,0,0,0,0,0,0,0,0,105,0,0,0,196,322,48,68,0,28,0
4,0,1,0,12,0,0,0,90,0,1,0,19,0,10,0,0,0,16,0,0,0,0,0,0,0,0,0,0,0,0,0,0,0,0,0,0,0,0,0,0,0,0,0,2,0,0,0,0,0,0,0,1,0,3,0,23,0,170,72,0,0,0,0,0,72,61,51,0,0,7,0,3,0,0,0,0,0,0,0,0,0,0,0,0,0,2,0,0,0,0,0,0,0,0,0,0,0,0,0,0,0,0,0,0,0,0,0,0,0,0,0,0,0,0,0,0,0,0,0,0,0,0,0,10,0,17,0,0,0,40,0,0,0,1,0,0,0,0,13,1,0,0,0,25,0,29,0,45,0,11,0,3,0,6,35,15,0,13,62,347,51,0,0,0,0,0,0,0,0,0,0,0,0,21,0,62,0,0,0,86,5,0,0,237,13,0,0,0,0,0,0,0,0,0,0,0,0,0,0,0,0,0,0,0,0,0,0,7,0,38,7,0,0,54,0,0,0,0,0,0,0,0,0,0
0,38,0,9,0,0,0,18,0,154,0,13,0,3,0,0,0,0,0,32,2,0,0,0,0,0,0,33,0,0,0,0,0,0,0,0,0,0,0,0,0,0,0,0,0,0,0,0,0,0,0,0,0,0,0,1,21,7,0,137,0,0,0,0,72,0,0,322,0,0,0,48,0,0,37,88,0,0,0,0,0,39,0,0,0,0,0,18,0,0,0,0,0,0,0,0,0,0,0,0,1,0,0,0,0,0,0,0,0,0,0,0,0,0,0,0,0,0,0,0,0,0,0,0,0,95,0,0,123,0,285,77,0,0,1,0,0,0,217,35,0,41,0,0,112,137,0,28,139,258,0,36,0,24,0,3,31,0,36,18,223,226,0,0,0,0,0,0,0,14,0,0,0,0,6,135,6,0,0,0,65,170,0,11,0,125,0,0,0,0,0,0,0,0,0,0,0,0,0,0,0,0,0,0,0,0,0,13,0,10,0,0,0,0,229,0,0,0,206,18,0,0,1,0,0
5,0,0,0,0,0,0,0,36,0,1,0,0,0,0,0,0,0,0,1,0,0,0,0,0,0,0,0,0,0,0,0,0,0,0,0,0,0,0,0,0,0,0,0,0,0,0,0,2,0,0,0,10,14,23,55,20,52,330,146,0,0,0,2,61,0,0,46,0,0,1,0,0,0,1,0,0,0,0,0,0,0,0,0,0,0,0,0,0,0,0,0,0,0,0,0,0,0,0,0,0,0,0,0,0,0,0,0,0,0,0,0,0,0,0,0,0,0,0,0,0,0,0,0,1,0,0,0,0,0,15,0,0,0,0,0,0,0,0,0,0,0,0,0,4,0,0,0,10,0,0,0,0,0,0,39,19,0,0,0,78,0,0,0,0,0,0,0,0,0,0,0,0,0,0,0,230,0,0,0,0,0,0,0,477,19,0,0,0,0,0,0,0,0,0,0,0,0,0,0,0,0,0,0,0,0,0,0,0,0,46,28,0,0,48,1,0,0,0,0,1,0,0,0,0
0,3,0,0,0,0,0,3,10,98,0,0,0,0,0,0,0,0,0,0,0,0,0,0,0,0,0,0,0,0,0,0,0,0,0,0,0,0,0,0,0,0,0,0,0,0,0,0,0,0,0,0,35,7,39,13,91,25,249,184,0,0,0,0,51,322,46,0,0,0,0,0,0,0,0,0,0,0,0,0,0,0,0,0,0,0,0,0,0,0,0,0,0,0,0,0,0,0,0,0,0,0,0,0,0,0,0,0,0,0,0,0,0,0,0,0,0,0,0,0,0,0,0,0,0,17,0,0,0,0,0,26,0,2,0,0,0,0,0,0,0,0,0,0,16,0,0,0,0,46,2,0,0,0,38,21,56,27,14,0,74,99,1,0,0,0,0,0,0,4,0,0,0,0,0,83,38,12,0,0,0,0,0,0,60,542,0,0,0,0,0,0,0,0,0,0,0,0,0,0,0,0,0,0,0,0,0,0,0,0,0,0,0,0,351,0,0,0,297,124,56,0,3,0,0
0,0,0,0,0,0,0,0,0,0,0,0,0,0,0,0,0,0,0,0,0,0,0,0,0,0,0,0,0,0,0,0,0,0,0,0,0,0,0,0,0,0,0,0,0,0,0,0,13,0,0,0,0,0,0,0,0,0,0,0,0,0,0,0,0,0,0,0,0,0,0,0,1,0,0,0,31,0,7,0,2,0,34,0,0,0,0,0,24,0,0,0,133,0,9,0,0,0,0,0,0,0,260,0,0,0,12,0,52,0,3,0,2,0,1,0,0,0,0,0,0,0,0,0,0,0,0,0,0,0,0,0,0,0,0,0,0,0,0,0,0,0,0,0,0,0,0,0,0,0,0,0,0,0,0,0,0,0,0,0,0,0,0,0,20,0,0,0,87,0,10,0,0,0,0,0,0,0,0,0,0,0,0,0,0,0,0,0,0,0,0,0,0,0,0,0,0,0,0,0,0,0,0,0,0,0,0,0,0,0,21,0,76,0,0,29,71,0,0,0,0,0,0,0,0
0,0,0,0,0,0,0,0,0,0,0,0,0,0,0,0,0,0,0,0,0,0,0,0,0,0,0,0,0,0,0,0,0,0,0,0,0,0,0,0,0,0,0,0,0,0,0,0,0,3,0,0,0,0,0,2,0,0,0,0,0,1,0,0,0,0,0,0,0,0,0,0,0,0,0,0,0,18,0,0,0,0,0,42,0,0,0,8,0,35,0,0,0,22,0,23,0,0,0,0,0,6,0,143,0,0,0,22,0,29,0,11,0,0,0,0,0,17,0,0,0,0,0,0,0,0,0,0,0,0,0,0,0,0,0,0,0,0,0,0,0,0,0,0,0,0,0,0,0,0,0,0,0,0,0,0,0,0,0,0,0,0,0,0,0,18,0,0,0,65,0,7,0,0,0,0,0,0,0,0,0,0,0,0,0,0,0,0,0,21,0,0,0,0,0,0,0,0,0,0,0,0,0,0,0,0,0,0,0,0,0,0,0,0,4,0,0,0,0,0,60,0,10,39,0
0,0,0,0,0,0,0,0,0,0,0,0,0,0,0,0,0,0,0,0,0,0,0,0,0,0,0,0,0,0,0,0,2,0,3,0,20,0,0,0,0,0,76,0,78,0,0,0,27,0,44,0,0,0,0,0,0,0,0,0,0,0,0,0,7,0,1,0,0,0,0,0,205,0,287,0,7,0,185,0,0,0,0,0,2,0,47,0,0,0,1,1,0,0,0,0,0,0,9,0,0,0,0,0,0,0,0,0,0,0,0,0,0,0,0,0,0,0,0,0,23,0,2,0,0,0,0,0,0,5,14,0,0,0,0,0,0,0,0,23,47,0,5,0,39,0,7,0,0,0,0,0,27,0,0,0,0,0,0,0,12,0,65,0,4,0,45,0,29,0,25,0,16,0,5,0,0,0,0,0,40,0,0,0,0,0,0,0,0,0,0,0,0,0,0,0,0,0,0,0,0,0,0,0,0,0,0,0,0,0,0,0,26,0,0,1,0,0,1,0,0,0,0,0,0
0,0,0,0,0,0,0,0,0,0,0,0,0,0,0,0,0,0,0,2,0,0,0,0,0,0,0,0,0,0,0,0,0,0,0,0,0,0,0,0,0,0,0,18,0,21,0,0,0,0,0,15,0,0,0,0,0,0,0,0,0,0,0,0,0,48,0,0,0,0,0,0,0,53,0,182,0,15,0,3,0,0,0,0,0,2,0,59,0,0,0,0,0,0,0,0,0,0,0,0,0,0,0,0,0,0,0,0,0,0,0,0,0,0,0,0,0,0,0,0,0,0,0,4,0,37,0,0,0,27,0,0,0,43,0,0,0,0,0,13,0,10,0,0,0,106,0,0,0,26,0,15,0,0,0,0,0,0,0,0,0,3,0,56,0,0,0,0,0,0,0,22,0,9,0,10,0,0,0,0,0,17,0,0,0,23,0,0,0,0,0,0,0,0,0,0,0,0,0,0,0,0,0,0,0,0,0,0,0,0,0,0,0,0,4,0,0,0,15,9,6,0,0,0,0
0,0,0,0,1,0,3,0,0,0,0,0,0,0,0,0,0,0,0,0,18,0,0,0,0,0,0,0,0,0,0,0,0,0,0,0,0,0,0,0,0,0,16,0,37,0,0,0,0,0,26,0,0,0,0,0,0,0,0,0,0,0,0,0,3,0,0,0,1,0,205,0,0,0,239,0,17,0,125,0,12,0,57,0,59,0,15,0,0,0,0,0,9,0,3,0,0,0,0,0,0,0,0,0,0,0,0,0,0,0,0,0,0,0,0,0,0,0,0,0,38,0,15,0,29,0,31,0,11,0,11,0,0,0,0,0,24,0,20,0,60,0,63,4,62,0,41,0,0,0,72,0,19,0,0,0,0,0,0,0,7,0,63,0,0,0,0,0,22,0,18,0,5,0,15,0,0,0,0,0,48,0,0,0,0,0,0,0,0,0,0,0,18,0,0,0,0,0,0,0,27,0,0,0,0,0,0,0,16,0,180,0,37,9,17,0,0,0,0,0,0,0,0,0,0
0,0,0,0,0,0,0,0,0,0,0,0,0,0,0,0,0,3,0,0,0,0,0,0,0,0,0,0,0,0,0,0,0,0,0,0,0,0,0,0,0,0,0,0,0,8,0,0,0,0,0,0,0,0,0,0,0,0,0,0,0,0,0,0,0,0,0,0,0,0,0,53,0,0,0,297,0,47,0,36,0,22,0,19,0,19,0,54,0,0,0,0,0,0,0,8,0,0,0,0,0,0,0,0,0,3,0,0,0,0,0,0,0,0,0,0,0,0,0,0,0,15,0,28,0,0,0,0,0,19,0,10,0,14,0,46,0,5,0,0,0,23,0,27,0,41,0,4,0,0,0,0,0,0,0,0,0,0,0,0,0,0,0,57,0,1,0,0,0,11,0,12,0,4,0,0,0,0,0,0,0,0,0,0,0,0,0,0,0,67,0,0,0,19,0,0,0,0,0,0,0,18,0,40,0,0,0,0,0,0,0,0,0,0,6,0,0,0,67,0,32,13,1,0,0
0,0,0,0,0,0,0,0,0,0,0,0,4,0,0,0,0,0,0,0,8,0,0,0,0,0,0,0,0,0,11,0,0,0,0,0,16,0,0,0,0,0,43,0,75,0,0,0,0,0,0,0,0,0,0,0,0,0,0,0,0,0,0,0,0,37,1,0,0,0,287,0,239,0,0,0,7,0,186,0,21,0,18,0,35,0,39,0,0,0,0,0,0,0,0,0,0,0,25,0,1,0,0,0,0,0,0,0,0,0,0,0,0,0,0,0,0,0,0,0,78,0,44,1,0,0,30,0,9,0,25,0,0,9,46,0,40,0,15,0,65,38,127,0,51,0,29,0,48,0,96,0,90,0,0,0,5,0,0,10,9,23,79,0,0,0,40,0,25,0,24,0,0,0,33,0,0,0,0,0,86,11,0,0,0,0,0,0,0,0,0,0,0,0,0,0,0,0,19,0,16,0,0,0,0,0,0,0,0,0,30,0,0,0,0,0,0,0,0,0,0,0,0,0,0
0,0,0,0,0,0,0,0,0,0,0,0,0,0,0,0,0,0,0,0,0,0,0,0,0,0,0,6,0,0,0,0,0,0,0,0,0,6,0,0,0,0,0,23,0,31,0,0,0,0,0,33,0,0,0,0,0,0,0,0,0,0,0,0,0,88,0,0,0,0,0,182,0,297,0,0,0,40,0,197,0,24,0,6,0,18,0,159,0,0,0,0,0,2,0,4,0,0,0,11,0,0,0,0,0,0,0,0,0,0,0,0,0,0,0,0,0,0,0,0,0,128,0,15,0,122,0,25,0,0,0,50,0,84,0,114,0,0,0,16,18,10,0,63,0,162,0,36,0,91,0,63,0,22,0,0,0,0,0,5,0,0,0,88,0,0,0,0,0,14,0,9,0,15,0,34,0,0,0,0,4,63,0,0,0,53,0,0,0,13,0,0,0,0,0,0,0,0,0,21,0,7,0,0,0,0,0,0,0,0,0,0,0,0,19,0,0,0,43,11,12,0,0,0,0
0,0,0,0,0,0,0,0,0,0,0,0,0,0,0,0,0,0,0,0,0,0,0,0,0,0,0,0,0,0,0,0,0,0,0,0,0,0,0,0,0,0,0,0,16,0,0,0,7,0,0,0,0,0,0,0,0,0,0,0,0,0,0,0,0,0,0,0,31,0,7,0,17,0,7,0,0,0,22,0,19,0,46,0,0,0,28,0,19,0,0,0,57,0,18,0,12,0,0,0,10,0,73,0,40,0,37,0,44,0,0,0,0,0,0,0,3,0,0,0,0,0,0,0,0,0,0,0,0,0,1,0,0,0,0,0,0,0,0,0,0,0,0,0,0,0,0,0,0,0,0,0,0,0,0,0,0,0,0,0,0,0,0,0,0,0,0,0,41,0,3,0,0,0,0,0,0,0,0,0,0,0,0,0,0,0,0,0,0,0,0,0,0,0,74,0,0,0,0,0,0,0,0,0,0,0,0,0,0,0,83,0,66,0,0,26,11,0,0,0,0,0,0,0,0
0,0,0,0,0,0,0,0,0,0,0,0,0,0,0,0,0,0,0,0,0,0,0,0,0,0,0,0,0,0,0,7,0,0,0,0,0,0,0,0,0,0,0,0,0,29,0,0,0,3,0,0,0,0,0,2,0,0,0,0,0,0,0,0,0,0,0,0,0,18,0,15,0,47,0,40,0,0,0,10,0,67,0,57,0,0,0,61,0,71,2,0,0,18,0,62,0,0,0,0,0,12,0,152,0,33,0,0,0,43,0,4,0,10,0,2,0,4,0,0,0,30,0,4,0,0,0,0,0,3,0,0,0,0,0,0,0,0,0,0,0,16,0,16,0,0,0,0,0,0,0,0,0,0,0,0,0,0,0,0,0,0,0,8,0,14,0,0,0,105,0,0,0,0,0,0,0,0,0,0,0,0,0,0,0,0,0,2,0,54,0,0,0,0,0,61,0,0,0,0,0,63,0,0,0,36,0,0,0,0,0,0,0,0,13,0,0,0,79,3,179,0,17,0,0
0,0,0,0,0,0,0,0,0,0,0,0,0,0,0,0,0,0,0,0,0,0,0,0,0,0,27,0,0,0,0,0,0,0,0,0,0,0,0,0,0,0,0,0,0,0,0,0,10,0,0,0,0,0,0,0,2,0,0,0,0,0,0,0,0,0,0,0,7,0,185,0,125,0,186,0,22,0,0,0,60,0,84,0,102,0,59,0,8,0,0,0,12,0,20,0,23,0,51,0,9,0,28,0,40,0,29,0,15,0,0,0,0,0,0,0,2,0,0,0,56,0,31,0,0,0,0,0,0,0,0,0,0,0,0,0,0,0,0,0,20,0,53,0,0,0,0,0,0,0,0,0,0,0,0,0,0,0,0,0,0,0,11,0,0,0,0,0,44,0,3,0,0,0,7,0,0,0,0,0,0,0,0,0,0,0,0,0,97,0,0,0,0,0,54,0,0,0,0,0,66,0,0,0,82,0,0,0,12,0,172,1,58,0,32,16,15,0,0,0,0,0,0,0,0
0,0,0,0,0,0,0,0,0,0,0,0,0,0,0,0,0,0,0,0,0,0,0,0,0,0,0,0,0,0,0,0,0,0,0,0,0,0,0,0,0,0,0,0,0,0,0,0,0,0,0,0,0,0,0,0,0,0,0,0,0,0,0,0,0,0,0,0,0,0,0,3,0,36,0,197,0,10,0,0,0,0,0,0,0,15,0,18,0,0,0,0,0,0,0,0,0,0,0,4,0,3,0,0,0,0,0,0,0,0,0,0,0,0,0,0,0,0,0,0,0,5,0,5,0,21,0,0,0,12,0,12,0,0,0,53,0,0,0,4,0,14,0,19,0,23,0,0,0,18,0,18,0,0,0,0,0,0,0,0,0,1,0,3,0,0,0,0,0,1,0,3,0,0,0,0,0,0,0,0,0,0,0,0,0,0,0,0,0,10,0,0,0,0,0,0,0,0,0,0,0,0,0,0,0,5,0,0,0,0,0,0,0,0,0,0,0,0,6,0,0,0,0,0,0
