0,296,18,240,117,55,31,91,67,0,150,0,196,0,12,202,18,0,15,0,0,0,18,168,0,245,0,0,41,49,17,0,0,0,0,0,0,0,342,22,18,0,0,0,14,0,63,0,0,0,6,0,0,0,0,0,0,0,19,0,18,0,0,0,29,0,29,0,0,0,0,0,0,0,0,0,0,0,0,0,0,0,0,0,0,0,0,0,0,0,0,0,0,0,0,0,0,0,0,0,0,0,0,0,0,0,0,0,0,0,0,0,0,0,0,0,0,0,0,0,0,0,0,0,0,0,40,0,0,0,16,0,0,0,0,0,0,0,0,0,0,0,0,0,0,0,31,0,56,0,42,0,0,0,0,0,0,0,0,0,6,0,0,0,0,0,0,0,0,0,0,0,107,0,0,0,514,103,21,0,0,0,128,0,81,0,0,0,0,0,0,0,2,0,0,0,0,0,0,0,0,0,1,0,0,0,0,0,18,0,655,93,192,0,311,0,0,3,0,0,2,0,0,0,0
296,0,385,30,0,385,253,55,97,46,0,294,0,175,0,22,98,4,0,96,0,0,371,0,306,5,0,273,29,103,0,0,0,99,0,0,0,102,51,200,0,48,0,0,0,0,0,140,0,8,0,0,0,0,18,14,0,0,0,6,0,49,17,23,0,58,0,1,0,0,0,0,0,0,0,0,0,0,0,0,0,0,0,0,0,0,0,0,0,0,0,0,0,0,0,0,0,0,0,0,0,0,0,0,0,0,0,3,0,0,0,0,0,0,0,0,0,0,0,0,0,0,0,0,0,26,0,60,0,1,0,15,0,0,0,37,0,20,0,0,0,0,0,0,0,0,0,43,0,99,0,65,0,39,0,0,0,0,0,0,0,10,0,0,0,6,0,0,0,0,0,0,0,88,0,0,255,712,0,12,0,36,0,60,0,79,0,0,0,0,0,0,0,0,0,0,0,0,0,15,0,25,0,0,0,0,0,31,0,71,0,0,0,0,439,0,0,0,949,137,324,189,0,17,0
18,385,0,197,217,0,56,0,10,10,57,98,179,0,186,152,31,0,60,0,55,0,506,164,27,132,129,0,196,0,0,0,111,0,0,0,18,0,508,36,29,0,0,0,0,0,69,0,15,0,0,0,0,0,22,0,0,0,20,0,0,0,0,0,13,0,9,0,0,0,0,0,0,0,0,0,0,0,0,0,0,0,0,0,0,0,1,0,0,0,0,0,0,0,0,0,0,0,0,0,0,0,0,0,0,0,0,0,0,0,0,0,0,0,0,0,0,0,0,0,0,0,0,0,21,0,112,0,0,0,0,0,0,0,421,0,40,0,0,0,0,0,0,0,0,0,0,0,144,0,109,0,0,0,0,0,0,0,0,0,0,0,0,0,0,0,0,0,19,0,12,0,230,0,4,0,109,98,0,0,0,0,13,0,58,0,0,0,0,0,0,0,0,0,0,0,5,0,0,0,0,0,0,0,0,0,0,0,194,0,633,59,390,0,403,0,23,0,0,0,0,0,0,0,0
240,30,197,0,0,215,0,99,0,5,0,0,0,0,0,310,61,54,0,158,0,38,202,147,100,126,0,111,0,279,0,96,0,153,0,2,9,81,0,249,0,0,0,0,0,0,0,26,0,0,0,0,0,0,0,92,0,0,0,20,0,0,0,13,0,0,0,0,0,0,0,0,0,0,0,0,0,0,0,1,0,0,0,2,0,0,0,0,0,0,0,0,0,0,0,0,0,0,0,0,0,0,0,0,0,0,0,0,0,0,0,0,0,0,0,0,0,0,0,0,0,0,0,0,0,30,0,0,0,0,0,95,0,0,0,247,0,123,0,0,0,0,0,0,0,0,0,11,0,64,0,38,0,0,0,0,0,0,0,0,0,0,0,0,0,9,0,0,0,0,0,0,0,65,0,0,77,51,1,0,0,0,0,4,0,2,0,0,0,0,0,0,0,0,0,0,0,0,0,0,0,62,0,0,0,0,0,0,0,152,0,0,0,0,247,0,0,0,357,46,356,0,0,10,0
117,0,217,0,0,716,33,0,27,0,211,323,529,152,291,320,27,0,179,226,314,61,155,0,0,11,108,0,0,0,161,0,213,0,176,0,130,0,135,2,65,0,0,0,0,0,179,0,12,0,96,0,0,0,19,0,0,0,21,0,0,0,7,0,42,0,0,0,0,0,0,0,0,0,0,0,0,0,0,0,0,0,0,0,0,0,0,0,0,0,0,0,0,0,0,0,0,0,0,0,0,0,0,0,0,0,0,0,0,0,0,0,0,0,0,0,0,0,0,0,0,0,0,1,42,0,0,0,0,0,39,0,0,0,195,0,0,0,0,0,0,0,0,0,0,0,144,0,177,0,191,0,0,0,0,0,0,0,0,0,0,0,6,0,67,0,187,0,0,0,12,0,217,0,0,0,328,108,15,0,54,0,165,0,226,0,0,0,0,0,0,0,0,0,0,0,4,0,0,0,0,0,0,0,0,0,0,0,144,0,720,329,646,0,430,0,0,7,11,0,0,0,0,0,0
55,385,0,215,716,0,0,137,0,34,308,279,332,306,571,166,0,0,157,139,306,291,227,138,0,46,0,304,0,73,71,134,54,196,73,222,0,0,0,0,0,26,0,0,0,8,0,162,0,0,0,0,0,0,0,26,0,0,0,0,0,0,0,0,0,91,0,0,0,0,0,0,0,0,0,0,0,0,0,0,0,0,0,0,0,0,0,0,0,0,0,0,0,0,0,0,0,0,0,0,0,0,0,0,0,0,0,0,0,0,0,0,0,0,0,0,0,0,0,0,0,0,0,0,0,0,0,0,0,0,0,0,0,0,0,0,0,89,0,0,0,0,0,0,0,0,0,0,0,204,0,92,0,0,0,0,0,0,0,0,0,0,0,0,0,0,0,149,0,86,0,0,0,87,0,0,307,397,33,41,0,0,0,0,0,44,2,0,0,0,0,0,0,0,0,0,0,0,0,0,0,0,0,0,0,0,0,0,0,168,0,0,0,0,420,0,0,0,727,469,622,0,0,5,0
31,253,56,0,33,0,0,0,30,239,12,0,53,0,54,0,42,0,53,0,34,0,72,0,180,280,0,0,187,17,12,0,0,0,0,0,0,0,221,34,11,0,0,0,0,0,19,0,22,0,0,0,22,0,244,27,17,0,71,0,103,13,351,62,46,0,19,0,2,0,0,0,0,0,0,0,0,0,0,0,0,0,0,0,0,0,0,0,0,0,0,0,0,0,0,0,0,0,0,0,0,0,0,0,0,0,0,0,0,0,0,0,0,0,0,0,0,0,0,0,0,0,0,0,68,0,240,0,78,0,127,0,16,0,235,0,35,0,0,0,0,0,0,0,0,0,76,0,53,0,79,0,0,0,0,0,0,0,6,0,62,0,0,0,0,0,0,0,0,0,38,0,165,0,0,0,167,77,0,0,0,0,0,0,1,0,0,0,0,0,0,0,0,0,0,0,3,0,0,0,0,0,0,0,0,0,0,0,248,0,653,58,334,236,793,0,145,0,0,1,0,0,0,0,0
91,55,0,99,0,137,0,0,267,28,2,20,0,33,0,68,16,79,0,79,0,0,28,64,134,57,0,122,0,196,0,0,0,27,0,0,0,43,0,318,0,0,0,0,0,0,0,0,0,0,0,0,26,51,122,448,0,92,0,109,0,254,87,523,0,15,0,10,0,0,0,0,0,0,0,0,0,2,0,0,0,0,0,0,0,0,0,0,0,0,0,0,0,4,0,0,0,0,0,0,0,0,0,0,0,0,0,0,0,0,0,0,0,0,0,0,0,0,0,0,0,1,0,0,0,102,0,108,0,0,0,156,0,21,0,113,0,124,0,0,0,0,0,0,0,0,0,17,0,61,0,61,0,0,0,3,0,0,0,0,0,10,0,10,0,0,0,14,0,53,0,0,0,143,0,0,115,94,0,0,0,0,0,19,0,0,0,0,0,0,0,0,0,0,0,0,0,0,0,0,0,34,0,0,0,0,0,58,0,236,0,0,0,1,889,0,0,0,970,99,546,494,50,48,0
67,97,10,0,27,0,30,267,0,313,25,0,0,0,0,0,5,17,0,0,0,0,0,0,17,127,0,0,6,0,0,0,0,0,0,0,13,0,83,5,0,0,0,0,0,0,0,0,4,0,0,0,33,41,60,127,3,15,256,0,170,0,243,90,184,0,207,39,0,0,0,0,0,0,0,0,0,0,0,0,0,0,0,0,0,0,0,0,0,0,0,0,0,0,0,0,0,0,0,0,0,0,0,0,0,0,0,0,0,0,0,0,0,0,0,0,0,0,0,0,0,0,0,0,45,0,69,0,4,0,63,0,0,0,17,0,0,0,0,0,0,0,0,0,0,0,71,0,97,0,42,0,13,0,0,0,0,0,0,0,46,0,0,0,0,0,0,0,10,0,142,1,93,0,0,0,820,87,4,0,0,0,22,0,112,0,0,0,0,0,0,0,0,0,0,0,1,0,0,0,0,0,0,0,0,0,9,0,48,0,501,126,146,162,384,0,84,0,10,1,0,3,0,0,0
0,46,10,5,0,34,239,28,313,0,0,48,0,24,0,0,0,5,0,32,0,0,0,0,59,0,0,57,0,0,0,0,0,0,0,9,0,12,2,28,0,2,0,0,0,0,0,22,0,0,0,0,108,42,422,50,26,15,115,125,0,141,55,96,0,365,68,292,0,0,0,0,0,0,0,0,0,0,0,0,0,0,0,0,0,0,0,0,0,0,0,0,0,0,0,0,0,0,0,0,0,0,0,0,0,0,0,0,0,0,0,0,0,0,0,0,0,0,0,0,0,0,0,0,0,161,0,151,0,0,0,64,0,0,0,22,0,17,0,2,0,0,0,0,0,0,0,62,0,144,0,53,0,0,0,0,0,0,0,0,0,22,0,0,0,9,0,0,0,24,0,24,0,39,0,0,160,889,0,1,0,3,0,18,0,89,0,0,0,0,0,0,0,0,0,0,0,0,0,0,0,11,0,0,0,0,0,32,0,73,0,0,0,0,384,0,0,0,425,142,176,273,59,13,0
150,0,57,0,211,308,12,2,25,0,0,89,336,7,12,281,0,0,25,38,55,14,16,0,0,0,0,0,0,0,47,0,55,0,9,0,33,0,35,0,72,0,0,0,28,0,144,0,12,0,0,0,0,0,0,0,0,0,0,0,0,0,0,0,0,0,0,0,0,0,0,0,0,0,0,0,0,0,0,0,0,0,0,0,0,0,0,0,0,0,0,0,0,0,0,0,0,0,0,0,0,0,0,0,0,0,0,0,0,0,0,0,0,0,0,0,0,0,0,0,0,0,0,0,0,0,0,0,0,0,0,0,0,0,15,0,0,0,0,0,0,0,0,0,0,0,0,0,43,0,88,0,71,0,0,0,0,0,2,0,0,1,0,0,0,0,22,0,8,0,0,0,37,0,33,0,428,80,194,0,135,0,94,0,54,0,19,0,0,0,0,0,0,0,0,0,0,0,0,0,1,0,0,0,0,0,0,0,0,0,321,87,128,68,125,0,0,0,0,6,0,0,0,0,0
0,294,98,0,323,279,0,20,0,48,89,0,78,455,328,0,38,0,75,18,134,45,217,10,0,0,0,155,0,0,31,0,0,59,0,77,0,41,0,0,0,189,0,0,0,30,0,216,0,43,0,10,0,0,0,0,0,0,0,0,0,0,0,0,0,32,0,2,0,0,0,0,0,2,0,0,0,0,0,0,0,4,0,1,0,0,0,0,0,0,0,0,0,0,0,0,0,0,0,2,0,0,0,0,0,0,0,0,0,0,0,0,0,0,0,0,0,0,0,0,0,0,0,0,0,0,0,0,0,0,0,16,0,0,0,12,0,0,0,0,0,0,0,0,0,4,0,0,0,72,0,147,0,205,0,0,0,0,0,0,0,0,0,0,0,11,0,12,0,0,0,0,0,0,0,0,159,592,0,121,0,214,0,111,0,125,0,20,0,0,0,0,0,0,0,0,0,0,0,0,0,8,0,0,0,0,0,0,0,29,0,0,0,0,77,0,0,0,181,92,92,43,0,0,0
196,0,179,0,529,332,53,0,0,0,336,78,0,815,72,0,0,0,89,455,108,53,0,0,0,0,185,704,0,0,0,0,17,1,268,39,44,0,7,0,306,95,90,87,41,110,273,360,48,0,319,0,0,0,0,0,0,0,20,0,0,0,0,0,0,0,0,0,0,0,0,0,0,0,0,0,0,0,0,0,0,0,0,0,0,0,0,0,0,0,0,0,0,0,0,0,0,0,0,0,0,0,0,0,0,0,0,0,0,0,0,0,0,0,0,0,0,0,0,0,0,0,0,0,0,0,0,0,0,0,0,0,0,0,0,0,0,0,0,0,0,0,0,0,0,0,0,0,92,0,0,0,0,0,0,0,0,0,0,0,0,0,0,0,126,0,62,0,0,0,5,0,25,0,0,0,526,137,111,0,106,0,114,0,104,0,185,0,0,0,0,0,0,0,0,0,0,0,0,0,0,0,0,0,0,0,0,0,0,0,237,465,347,0,68,0,0,3,0,0,0,0,0,0,0
0,175,0,0,152,306,0,33,0,24,7,455,815,0,71,0,0,0,498,42,203,63,0,0,0,0,343,46,0,0,0,0,0,3,103,138,0,35,0,0,0,434,76,82,0,28,78,258,0,70,151,300,0,0,0,0,0,0,0,0,0,0,0,0,0,0,0,0,0,0,0,0,0,0,0,0,0,0,0,0,0,0,0,0,0,0,0,0,0,0,0,0,0,0,0,0,0,0,0,0,0,0,0,0,0,0,0,0,0,0,0,0,0,0,0,0,0,0,0,0,0,0,0,0,0,0,0,0,0,0,0,0,0,0,0,0,0,0,0,0,0,0,0,0,0,0,0,0,0,0,0,56,0,0,0,0,0,0,0,0,0,0,0,0,0,59,0,17,0,58,0,0,0,0,0,0,100,541,34,37,0,0,0,33,0,0,49,157,0,0,0,0,0,0,0,0,0,0,0,0,0,0,0,0,0,0,0,0,0,0,0,5,0,0,0,0,0,0,144,331,272,0,2,1,0
12,0,186,0,291,571,54,0,0,0,12,328,72,71,0,167,45,0,462,141,421,45,399,0,59,0,268,0,6,0,202,24,127,8,47,27,85,16,17,0,0,0,0,0,0,0,55,0,0,0,22,6,0,0,134,1,0,0,0,0,0,0,9,0,0,0,0,0,0,0,0,0,0,0,0,0,0,0,0,0,0,0,0,0,0,0,0,0,0,0,0,0,0,0,0,0,0,0,0,0,0,0,0,0,0,0,0,0,0,0,0,0,0,0,0,0,0,0,0,0,0,0,0,0,0,0,0,0,0,0,0,0,0,0,470,0,0,0,0,0,0,0,0,0,0,0,65,0,123,0,116,0,39,0,0,0,0,0,0,1,0,1,0,0,0,0,76,0,30,0,0,0,76,0,0,0,99,48,0,0,0,0,20,0,73,0,0,0,0,0,0,0,0,0,0,0,0,0,0,0,0,0,0,0,0,0,0,0,147,0,148,134,212,61,80,0,2,0,12,6,0,0,0,0,0
202,22,152,310,320,166,0,68,0,0,281,0,0,0,167,0,67,9,0,347,89,252,312,273,16,102,0,89,0,16,48,182,48,76,3,31,22,139,74,0,0,0,0,0,3,0,0,0,0,0,0,0,0,0,0,112,0,0,0,0,0,0,0,0,0,12,0,0,0,0,0,0,0,0,0,0,0,0,0,0,0,96,0,0,0,88,0,0,0,0,0,0,0,0,0,0,0,0,0,0,0,0,0,0,0,0,0,0,0,0,0,0,0,0,0,0,0,0,0,0,0,0,0,0,0,0,0,0,0,0,0,0,0,0,0,769,0,268,0,0,0,0,0,0,0,0,0,0,0,78,0,0,0,1,0,0,0,0,0,0,1,0,0,0,0,0,0,112,0,40,0,0,0,29,0,0,59,28,14,0,0,0,0,0,0,0,3,0,0,0,0,0,0,0,0,0,0,0,0,0,0,0,0,0,0,0,0,0,0,0,0,11,0,0,52,0,0,0,71,465,135,0,0,0,0
18,98,31,61,27,0,42,16,5,0,0,38,0,0,45,67,0,0,165,0,179,0,74,63,107,43,322,0,357,0,107,0,92,0,4,0,0,12,99,7,0,0,0,0,28,0,0,0,0,0,4,0,86,0,70,1,33,0,0,0,0,0,179,0,0,0,0,0,0,0,0,0,0,0,0,0,0,0,0,0,92,0,0,0,324,0,52,0,0,0,221,0,0,0,0,0,868,0,284,0,0,0,0,0,0,0,330,0,0,0,0,0,0,0,0,0,0,0,0,0,11,0,0,0,0,0,0,0,135,0,0,0,0,0,255,0,329,0,265,0,75,0,707,0,0,0,0,0,0,0,0,0,0,0,83,0,0,0,68,0,7,0,0,0,0,0,0,0,0,0,0,0,8,0,0,0,0,0,0,0,0,0,0,0,0,0,0,0,0,0,0,0,0,0,0,0,0,0,162,0,533,0,0,0,0,0,0,0,0,0,17,185,16,0,0,0,0,0,3,0,0,0,0,0,0
0,4,0,54,0,0,0,79,17,5,0,0,0,0,0,9,0,0,0,38,0,99,55,89,46,105,0,130,0,240,0,71,0,49,0,34,0,13,0,25,0,0,0,37,0,0,0,0,0,0,0,0,0,9,0,58,0,144,0,15,0,2,6,26,0,0,0,0,0,0,0,0,0,0,0,0,0,0,0,1,0,0,0,0,0,75,0,14,0,0,0,0,0,0,0,0,0,67,0,81,0,0,0,0,0,0,0,0,0,0,0,0,0,0,0,0,0,0,0,0,0,11,0,6,0,0,0,0,0,198,0,0,0,297,0,629,0,579,0,167,0,63,0,108,0,0,0,0,0,0,0,0,0,1,0,50,0,0,0,58,0,10,0,0,0,8,0,0,0,0,0,0,0,4,0,0,10,3,0,0,0,0,0,0,0,0,0,0,0,0,0,0,0,0,0,0,0,0,0,0,0,127,0,0,0,0,0,0,0,0,0,0,0,0,0,0,0,0,0,80,29,0,0,0,0
15,0,60,0,179,157,53,0,0,0,25,75,89,498,462,0,165,0,0,203,555,30,233,0,47,0,380,310,0,0,55,4,16,0,311,0,26,0,2,0,0,0,52,26,7,0,22,111,4,0,303,0,0,0,0,0,0,0,0,0,0,0,40,0,0,0,0,0,0,1,0,0,0,0,0,0,0,0,0,0,0,0,0,0,0,0,0,0,0,0,0,0,0,0,0,0,457,0,0,0,0,0,0,0,0,0,0,0,0,0,0,0,0,0,0,0,0,0,0,0,0,0,0,0,0,0,0,0,0,0,0,0,0,0,0,0,0,0,0,0,0,0,0,0,0,0,0,0,0,0,0,0,0,0,0,0,0,0,0,0,0,0,0,0,47,0,45,0,0,0,0,0,0,0,0,0,70,30,7,0,0,0,33,0,0,0,11,0,0,0,0,0,0,0,0,0,0,0,0,0,0,0,0,0,0,0,0,0,0,0,147,231,151,0,50,0,0,0,0,0,5,0,0,0,0
0,96,0,158,226,139,0,79,0,32,38,18,455,42,141,347,0,38,203,0,150,367,0,187,0,50,0,414,0,0,16,114,5,0,133,346,6,144,0,0,0,0,0,69,0,16,0,33,0,0,0,223,0,0,0,49,0,0,0,0,0,0,0,11,0,62,0,0,0,0,0,0,0,0,0,0,0,0,0,0,0,339,0,0,0,267,0,95,0,0,0,0,0,0,0,0,0,0,0,391,0,0,0,0,0,0,0,0,0,0,0,0,0,0,0,0,0,0,0,0,0,0,0,50,0,0,0,0,0,0,0,69,0,0,0,1142,0,387,0,0,0,0,0,120,0,0,0,0,0,249,0,51,0,0,0,0,0,2,0,0,0,0,0,5,0,0,0,69,0,97,0,8,0,0,0,0,37,53,41,0,0,0,0,0,0,38,0,0,0,0,0,0,0,0,0,0,0,0,0,0,0,424,0,0,0,0,0,0,0,0,0,0,0,0,77,0,0,0,232,367,244,0,0,0,0
0,0,55,0,314,306,34,0,0,0,55,134,108,203,421,89,179,0,555,150,0,26,144,0,48,0,514,131,175,0,225,8,78,0,121,0,45,0,0,0,0,0,0,0,51,0,0,0,8,0,35,3,0,0,51,0,0,0,0,0,1,0,108,0,0,0,0,0,0,0,0,0,0,0,0,0,0,0,0,0,161,0,0,0,0,0,0,0,0,0,0,0,0,0,0,0,690,0,425,0,0,0,0,0,0,0,0,0,0,0,0,0,0,0,0,0,0,0,0,0,0,0,0,0,0,0,0,0,0,0,0,0,0,0,0,0,110,0,0,0,0,0,0,0,0,0,0,0,0,0,0,0,0,0,0,0,0,0,0,0,0,0,0,0,0,0,55,0,0,0,0,0,36,0,0,0,78,0,20,0,0,0,9,0,0,0,5,0,0,0,0,0,0,0,0,0,0,0,0,0,219,0,0,0,0,0,0,0,0,0,324,388,124,0,119,0,0,0,0,0,11,0,0,0,0
0,0,0,38,61,291,0,0,0,0,14,45,53,63,45,252,0,99,30,367,26,0,0,333,0,23,0,385,0,36,8,97,0,24,19,55,4,0,0,0,0,0,0,35,0,30,0,0,0,4,6,31,0,0,0,6,0,0,0,0,0,0,0,13,0,0,0,0,0,0,0,0,0,0,0,0,0,0,0,0,0,207,0,0,0,162,0,61,0,0,0,0,0,0,0,0,0,74,0,179,0,0,0,0,0,0,0,0,0,0,0,0,0,0,0,0,0,0,0,0,0,0,0,0,0,0,0,0,0,0,0,8,0,0,0,538,0,0,0,0,0,87,0,149,0,18,0,0,0,0,0,0,0,0,0,0,0,0,0,0,0,0,0,0,0,0,0,12,0,0,0,0,0,5,0,0,8,23,6,9,0,0,0,0,0,0,1,1,0,0,0,0,0,0,0,0,0,0,0,0,0,0,0,0,0,0,0,0,0,0,0,0,0,0,60,0,0,0,210,632,57,0,0,0,0
18,371,506,202,155,227,72,28,0,0,16,217,0,0,399,312,74,55,233,0,144,0,0,202,56,118,179,0,38,42,46,0,15,0,0,0,0,29,18,33,0,0,0,1,0,0,22,0,5,0,0,0,0,0,123,0,0,0,0,0,0,0,0,3,1,0,0,0,0,0,0,0,0,0,0,0,0,0,0,0,0,0,0,0,0,0,0,0,0,0,0,0,0,0,0,0,0,0,0,0,0,0,0,0,0,0,0,0,0,0,0,0,0,0,0,0,0,0,0,0,0,0,0,0,0,0,0,0,0,0,0,0,0,0,260,0,60,0,0,0,0,0,0,0,0,0,48,0,57,0,42,0,11,0,0,0,0,0,0,0,0,0,0,0,0,0,1,0,0,0,0,0,8,0,0,0,116,36,2,0,0,0,9,0,20,0,3,0,0,0,0,0,0,0,0,0,0,0,70,0,120,0,0,0,0,0,17,0,93,0,7,196,12,5,14,0,0,0,17,16,0,0,0,0,0
168,0,164,147,0,138,0,64,0,0,0,10,0,0,0,273,63,89,0,187,0,333,202,0,47,164,0,120,0,49,0,124,0,29,0,55,0,9,61,3,0,0,0,35,0,0,0,0,0,0,0,0,0,0,0,174,0,0,0,0,0,1,0,50,0,0,0,0,0,0,0,0,0,0,0,0,0,0,0,0,0,145,0,0,0,181,0,43,0,0,0,31,0,0,0,0,0,169,0,0,0,0,0,0,0,0,0,0,0,0,0,0,0,0,0,0,0,0,0,0,0,0,0,0,0,0,0,0,0,0,0,0,0,0,0,920,0,453,0,0,0,0,0,0,0,0,0,0,0,0,0,0,0,0,0,0,0,0,0,0,0,0,0,0,0,0,0,0,0,0,0,0,0,11,0,0,21,0,0,0,0,0,0,0,1,0,0,0,0,0,0,0,0,0,0,0,0,0,0,0,0,0,0,0,0,0,0,0,0,0,8,0,0,0,0,0,0,0,47,375,27,0,0,0,1
0,306,27,100,0,0,180,134,17,59,0,0,0,0,59,16,107,46,47,0,48,0,56,47,0,239,0,0,149,22,0,0,8,4,0,0,0,0,38,32,0,0,0,0,0,0,0,0,0,0,0,0,80,0,180,0,47,0,0,0,0,6,36,0,0,0,0,0,0,0,0,0,0,0,0,0,0,0,0,0,0,0,0,0,0,0,0,0,0,0,0,0,0,0,0,0,0,0,0,0,0,0,0,0,0,0,0,0,0,0,0,0,0,0,0,0,0,0,0,0,0,0,0,0,0,0,0,0,151,0,0,0,0,0,248,0,139,0,49,0,0,0,208,0,0,0,7,0,7,0,7,0,0,0,42,0,0,0,40,0,11,0,0,0,2,0,0,0,0,0,0,0,0,0,0,0,31,30,0,0,0,0,0,0,0,0,0,0,0,0,0,0,0,0,0,0,0,0,43,0,138,0,0,0,0,0,0,0,37,0,14,96,10,0,0,0,0,0,0,0,0,0,0,0,0
245,5,132,126,11,46,280,57,127,0,0,0,0,0,0,102,43,105,0,50,0,23,118,164,239,0,0,0,17,339,0,26,0,15,0,10,0,17,43,135,0,0,0,0,0,0,0,0,0,0,0,0,0,10,20,171,0,89,0,0,0,7,27,129,1,0,0,2,0,0,0,0,0,0,0,0,0,0,0,0,0,0,0,0,0,6,0,0,0,0,0,0,0,0,0,0,0,0,0,0,0,2,0,0,0,0,0,0,0,0,0,0,0,0,0,0,0,0,0,0,0,0,0,0,0,0,0,0,0,24,0,27,0,0,0,302,0,195,0,15,0,0,0,9,0,0,0,0,0,0,0,0,0,0,0,3,0,0,0,5,0,0,0,0,1,8,0,0,0,10,0,0,0,23,0,0,61,33,0,0,1,0,0,0,0,0,0,0,0,0,0,0,0,0,0,0,0,0,0,0,0,71,0,0,0,0,0,0,0,48,9,0,3,0,50,0,0,0,37,138,55,0,0,0,0
0,0,129,0,108,0,0,0,0,0,0,0,185,343,268,0,322,0,380,0,514,0,179,0,0,0,0,360,76,0,126,0,48,0,71,0,126,0,14,0,0,153,334,59,210,149,128,437,46,0,298,0,0,0,0,0,0,0,0,0,3,0,90,0,0,0,0,0,0,0,133,0,35,0,195,0,0,0,0,0,406,0,0,0,0,0,269,0,0,0,0,0,0,0,0,0,0,0,1223,0,0,0,0,0,0,0,0,0,0,0,0,0,0,0,0,0,0,0,0,0,156,0,0,0,0,0,0,0,0,0,0,0,0,0,0,0,0,0,0,0,0,0,774,0,163,0,0,0,64,0,0,0,0,0,0,0,0,0,0,0,0,0,0,0,98,0,67,0,0,0,0,0,60,0,0,0,46,27,9,0,0,0,33,0,0,0,116,0,0,0,0,0,0,0,0,0,0,0,0,0,578,0,0,0,0,0,0,0,0,0,109,505,456,56,49,0,3,32,0,0,0,0,0,1,0
0,273,0,111,0,304,0,122,0,57,0,155,704,46,0,89,0,130,310,414,131,385,0,120,0,0,360,0,0,0,0,110,0,72,102,101,0,30,0,0,90,21,0,247,0,306,0,347,0,35,192,331,0,5,0,0,0,0,0,0,0,0,0,25,0,119,0,0,0,0,0,0,0,0,0,0,0,0,0,0,0,483,0,162,0,331,0,148,0,0,0,0,0,0,0,0,0,157,0,0,0,0,0,0,0,0,0,0,0,0,0,0,0,0,0,0,0,0,0,0,0,0,0,0,0,0,0,0,0,0,0,0,0,0,0,1499,0,844,0,0,0,0,0,604,0,0,0,0,0,241,0,0,0,0,0,0,0,0,0,0,0,0,0,0,0,113,0,0,0,88,0,0,0,0,0,0,48,145,46,0,0,0,0,0,0,61,43,13,0,0,0,0,0,0,0,0,0,0,0,0,0,0,0,0,0,0,0,0,0,0,0,0,0,0,72,0,0,0,250,905,337,0,0,3,26
41,29,196,0,0,0,187,0,6,0,0,0,0,0,6,0,357,0,0,0,175,0,38,0,149,17,76,0,0,0,178,0,65,0,18,0,115,0,26,0,0,0,28,0,0,0,0,0,0,0,13,0,11,0,21,0,0,0,4,0,0,0,60,0,0,0,0,0,0,0,12,0,0,0,35,0,0,0,0,0,58,0,0,0,145,0,35,0,0,0,0,0,0,0,0,0,279,0,154,0,0,0,0,0,0,0,0,0,0,0,0,0,0,0,0,0,0,0,0,0,26,0,13,0,0,0,0,0,0,0,0,0,0,0,57,0,44,0,83,0,88,0,235,0,0,0,0,0,0,0,0,0,0,0,5,0,0,0,17,0,0,0,0,0,0,0,0,0,0,0,0,0,0,0,0,0,0,0,0,0,0,0,0,0,0,0,0,0,0,0,0,0,0,0,0,0,0,0,0,0,83,0,0,0,0,0,0,0,6,0,0,100,0,0,0,0,0,0,0,0,0,0,0,0,0
49,103,0,279,0,73,17,196,0,0,0,0,0,0,0,16,0,240,0,0,0,36,42,49,22,339,0,0,0,0,0,59,0,35,0,77,0,37,0,1,0,0,0,0,0,0,0,0,0,0,0,0,0,3,0,25,0,19,0,3,0,14,0,20,0,0,0,0,0,0,0,0,0,0,0,0,0,0,0,0,0,28,0,0,0,0,0,12,0,0,0,0,0,0,0,0,0,0,0,0,0,0,0,0,0,0,0,0,0,0,0,0,0,0,0,0,0,0,0,0,0,0,0,0,0,0,0,0,0,0,0,0,0,80,0,225,0,213,0,159,0,50,0,52,0,9,0,0,0,0,0,0,0,0,0,11,0,0,0,25,0,2,0,0,0,0,0,0,0,0,0,0,0,0,0,0,0,25,0,0,0,0,0,0,0,0,0,0,0,0,0,0,0,0,0,0,0,0,0,0,0,0,0,0,0,0,0,0,0,0,0,0,0,0,0,0,0,0,17,197,0,0,0,0,0
17,0,0,0,161,71,12,0,0,0,47,31,0,0,202,48,107,0,55,16,225,8,46,0,0,0,126,0,178,0,0,0,9,0,36,0,19,0,7,0,0,0,20,0,43,0,0,0,3,0,19,0,9,0,17,0,0,0,0,0,0,0,83,0,0,0,0,0,0,0,23,0,0,0,0,0,0,0,0,0,0,0,0,0,192,0,0,0,0,0,0,0,0,0,0,0,416,0,233,0,0,0,0,0,0,0,0,0,0,0,0,0,0,0,0,0,0,0,0,0,0,0,0,0,0,0,0,0,0,0,0,0,0,0,0,0,0,0,65,0,0,0,0,0,0,0,0,0,0,0,0,0,0,0,0,0,0,0,0,0,0,0,0,0,0,0,37,0,0,0,0,0,0,0,0,0,44,0,7,0,0,0,9,0,0,0,0,0,0,0,0,0,0,0,0,0,0,0,0,0,0,0,0,0,0,0,0,0,0,0,142,166,86,0,65,0,0,0,4,0,0,0,0,0,0
0,0,0,96,0,134,0,0,0,0,0,0,0,0,24,182,0,71,4,114,8,97,0,124,0,26,0,110,0,59,0,0,0,21,5,145,0,6,0,6,0,0,0,60,0,0,0,0,0,0,0,27,0,2,0,8,0,0,0,0,0,0,0,8,0,0,0,0,0,0,0,0,0,0,0,0,0,0,0,0,0,0,0,0,0,0,0,0,0,0,0,0,0,0,0,0,0,12,0,0,0,33,0,0,0,0,0,0,0,0,0,0,0,0,0,0,0,0,0,0,0,0,0,0,0,0,0,0,0,0,0,0,0,0,0,284,0,0,0,0,0,45,0,85,0,0,0,0,0,0,0,0,0,0,0,3,0,0,0,0,0,0,0,0,0,0,0,18,0,23,0,0,0,27,0,0,0,11,0,19,0,0,0,0,0,0,0,0,0,0,0,0,0,0,0,0,0,0,0,0,0,0,0,0,0,0,0,0,0,0,0,0,0,0,83,0,0,0,154,349,73,0,0,0,0
0,0,111,0,213,54,0,0,0,0,55,0,17,0,127,48,92,0,16,5,78,0,15,0,8,0,48,0,65,0,9,0,0,0,38,0,82,0,7,0,0,0,39,0,41,0,0,0,9,0,22,0,2,0,7,0,0,0,0,0,0,0,26,0,0,0,0,0,0,0,24,0,0,0,34,0,0,0,0,0,67,0,0,0,0,0,36,0,0,0,0,0,0,0,0,0,0,0,153,0,0,0,0,0,0,0,0,0,0,0,0,0,0,0,0,0,0,0,0,0,35,0,19,0,0,0,0,0,0,0,0,0,0,0,0,0,33,0,0,0,112,0,179,0,68,0,0,0,0,0,0,0,0,0,12,0,0,0,0,0,0,0,1,0,0,0,80,0,3,0,12,0,46,0,0,0,57,0,0,0,0,0,0,0,0,0,0,0,0,0,0,0,0,0,0,0,1,0,0,0,0,0,0,0,0,0,0,0,0,0,93,255,132,27,33,0,0,0,0,0,0,0,0,0,0
0,99,0,153,0,196,0,27,0,0,0,59,1,3,8,76,0,49,0,0,0,24,0,29,4,15,0,72,0,35,0,21,0,0,0,147,2,67,0,0,0,0,0,110,0,34,0,0,0,0,0,51,0,2,0,0,0,2,0,4,0,3,0,17,0,0,0,0,0,0,0,0,0,0,0,0,0,0,0,0,0,11,0,0,0,0,0,0,0,0,0,0,0,0,0,0,0,0,0,0,0,0,0,0,0,0,0,0,0,0,0,0,0,0,0,0,0,0,0,0,0,0,0,0,0,0,0,0,0,0,0,0,0,0,0,0,0,0,0,112,0,49,0,37,0,29,0,0,0,0,0,0,0,0,0,0,0,8,0,7,0,0,0,0,0,3,0,45,0,22,0,0,0,46,0,0,0,55,0,39,0,0,0,0,0,0,0,0,0,0,0,0,0,0,0,0,0,0,0,0,0,0,0,0,0,0,0,0,0,0,0,0,0,0,69,0,0,0,87,521,104,30,0,2,0
0,0,0,0,176,73,0,0,0,0,9,0,268,103,47,3,4,0,311,133,121,19,0,0,0,0,71,102,18,0,36,5,38,0,0,11,142,0,4,0,0,0,63,0,64,0,0,0,5,0,117,4,0,0,0,0,0,0,0,0,0,0,9,0,0,0,0,0,0,0,13,0,0,0,0,0,0,0,0,0,0,0,0,0,0,0,0,0,0,0,0,0,0,0,0,0,0,0,0,0,0,0,0,0,0,0,16,0,0,0,0,0,0,0,0,0,0,0,0,0,0,0,3,0,0,0,0,0,0,0,0,0,0,0,0,0,0,0,0,0,0,0,0,0,0,0,0,0,0,0,0,0,0,0,0,0,0,0,0,0,0,0,5,0,32,0,162,0,38,0,0,0,45,0,0,0,45,7,0,0,0,0,0,0,0,0,0,0,0,0,0,0,0,0,0,0,0,0,0,0,0,0,0,0,0,0,0,0,0,0,221,267,247,0,88,0,0,0,4,0,0,0,0,0,0
0,0,0,2,0,222,0,0,0,9,0,77,39,138,27,31,0,34,0,346,0,55,0,55,0,10,0,101,0,77,0,145,0,147,11,0,0,241,0,0,0,0,0,104,0,21,0,0,0,4,0,75,0,0,0,3,0,0,0,0,0,0,0,9,0,0,0,4,0,0,0,0,0,0,0,16,0,0,0,0,0,0,0,0,0,35,0,0,0,0,0,0,0,0,0,0,0,0,0,0,0,0,0,0,0,0,0,0,0,0,0,0,0,0,0,0,0,0,0,0,0,0,0,0,0,0,0,0,0,15,0,0,0,0,0,209,0,193,0,101,0,79,0,151,0,0,0,0,0,0,0,0,0,0,0,0,0,0,0,0,0,0,0,2,0,29,0,95,0,67,0,6,0,17,0,0,0,44,1,10,0,7,0,0,0,0,0,0,0,0,0,0,0,0,0,0,0,0,0,0,0,0,0,0,0,0,0,0,0,0,0,0,0,0,74,0,0,0,255,563,253,44,0,0,0
0,0,18,9,130,0,0,0,13,0,33,0,44,0,85,22,0,0,26,6,45,4,0,0,0,0,126,0,115,0,19,0,82,2,142,0,0,0,63,0,0,0,74,0,210,0,0,0,15,0,121,0,0,0,0,0,13,0,17,0,28,0,7,0,0,0,1,0,0,0,78,0,17,0,121,0,0,0,0,0,146,0,0,0,0,0,120,0,0,0,46,0,0,0,0,0,0,0,271,0,88,0,0,0,0,0,36,0,0,0,0,0,0,0,0,0,0,0,0,0,0,0,28,0,0,0,0,0,0,0,0,0,0,0,0,0,26,0,91,0,0,0,164,0,183,0,0,0,0,0,0,0,0,0,9,0,27,0,11,0,0,0,17,0,25,0,106,0,50,0,48,0,140,0,0,0,25,2,2,0,0,0,8,0,0,0,7,0,0,0,0,0,0,0,0,0,0,0,0,0,0,0,0,0,0,0,0,0,0,0,92,128,133,26,29,0,0,0,0,0,0,0,0,0,0
0,102,0,81,0,0,0,43,0,12,0,41,0,35,16,139,12,13,0,144,0,0,29,9,0,17,0,30,0,37,0,6,0,67,0,241,0,0,0,9,0,0,0,122,0,92,0,0,0,0,0,128,0,0,0,0,0,10,0,0,0,4,0,20,0,0,0,0,0,0,0,8,0,0,0,25,0,0,0,0,0,0,0,0,0,0,0,0,0,0,0,0,0,0,0,0,0,3,0,0,0,0,0,0,0,0,0,0,0,0,0,0,0,0,0,0,0,0,0,0,0,0,0,29,0,0,0,0,0,0,0,0,0,0,0,184,0,246,0,363,0,394,0,325,0,239,0,0,0,0,0,0,0,0,0,0,0,63,0,0,0,0,0,0,0,11,0,48,0,57,0,11,0,73,0,0,10,60,0,35,0,0,0,14,0,0,0,1,0,0,0,0,0,0,0,0,0,0,0,0,0,0,0,0,0,0,0,0,0,0,0,0,0,0,31,0,0,0,54,449,144,22,0,0,2
342,51,508,0,135,0,221,0,83,2,35,0,7,0,17,74,99,0,2,0,0,0,18,61,38,43,14,0,26,0,7,0,7,0,4,0,63,0,0,6,0,0,3,0,15,0,0,0,1,0,0,0,8,0,6,0,0,0,0,0,20,1,37,0,0,0,0,0,0,0,49,0,8,0,79,0,0,0,0,0,103,0,0,0,151,0,73,0,0,0,51,0,0,0,0,0,304,0,202,0,0,0,0,0,0,0,0,0,0,0,0,0,0,0,0,0,0,0,0,0,40,0,0,0,0,0,0,0,0,0,0,0,0,0,0,0,33,0,112,0,100,0,184,0,100,0,0,0,0,0,0,0,0,0,19,0,14,0,9,0,0,0,0,0,0,0,20,0,4,0,17,0,119,0,0,0,215,22,0,0,0,0,64,0,24,0,0,0,0,0,0,0,0,0,0,0,0,0,0,0,41,0,0,0,0,0,0,0,0,0,24,592,46,0,0,0,0,0,0,0,0,0,0,0,0
22,200,36,249,2,0,34,318,5,28,0,0,0,0,0,0,7,25,0,0,0,0,33,3,32,135,0,0,0,1,0,6,0,0,0,0,0,9,6,0,0,0,0,7,0,0,0,0,0,0,0,0,0,4,2,9,0,4,0,0,0,4,0,11,0,0,0,0,0,0,0,0,0,0,0,0,0,0,0,0,0,3,0,0,0,0,0,2,0,0,0,0,0,0,0,0,0,0,0,0,0,0,0,0,0,0,0,0,0,0,0,0,0,0,0,0,0,0,0,0,0,0,0,0,0,0,0,0,0,6,0,0,0,0,0,0,0,59,0,99,0,35,0,17,0,27,0,0,0,0,0,0,0,0,0,3,0,6,0,12,0,0,0,0,0,0,0,0,0,1,0,0,0,20,0,0,8,77,0,4,0,0,0,23,0,0,0,0,0,0,0,0,0,0,0,0,0,0,0,0,0,8,0,0,0,0,0,0,0,0,0,0,0,0,17,0,0,0,9,256,18,11,0,0,0
18,0,29,0,65,0,11,0,0,0,72,0,306,0,0,0,0,0,0,0,0,0,0,0,0,0,0,90,0,0,0,0,0,0,0,0,0,0,0,0,0,73,103,0,22,87,310,221,127,0,30,0,0,0,1,0,0,0,0,0,0,0,0,0,0,0,0,0,0,0,0,0,0,0,0,0,0,0,0,0,0,0,0,0,0,0,0,0,0,0,0,0,0,0,0,0,0,0,0,0,0,0,0,0,0,0,0,0,0,0,0,0,0,0,0,0,0,0,0,0,0,0,0,0,0,0,0,0,0,0,0,0,0,0,0,0,0,0,0,0,0,0,0,0,0,0,0,0,0,0,0,0,0,0,0,0,0,0,0,0,0,0,0,0,0,0,0,0,0,0,0,0,0,0,0,0,34,12,89,0,0,0,9,0,0,0,284,0,0,0,0,0,0,0,0,0,0,0,0,0,0,0,0,0,0,0,0,0,0,0,0,130,34,0,0,0,0,21,0,0,0,0,0,0,1
0,48,0,0,0,26,0,0,0,2,0,189,95,434,0,0,0,0,0,0,0,0,0,0,0,0,153,21,0,0,0,0,0,0,0,0,0,0,0,0,73,0,39,84,54,13,145,115,0,227,0,15,0,0,0,0,0,0,0,1,0,0,0,0,0,0,0,0,0,0,0,0,0,0,0,0,0,0,0,0,0,0,0,0,0,0,0,0,0,0,0,0,0,0,0,0,0,0,0,0,0,0,0,0,0,0,0,0,0,0,0,0,0,0,0,0,0,0,0,0,0,0,0,0,0,0,0,0,0,0,0,0,0,0,0,0,0,0,0,0,0,0,0,0,0,0,0,0,0,7,0,0,0,0,0,0,0,0,0,0,0,0,0,0,0,7,0,0,0,0,0,0,0,0,0,0,0,150,0,25,0,49,0,19,0,34,59,33,0,0,0,0,0,0,0,0,0,0,0,0,0,0,0,0,0,0,0,0,0,0,0,0,0,0,0,0,0,0,0,39,0,0,0,0,19
0,0,0,0,0,0,0,0,0,0,0,0,90,76,0,0,0,0,52,0,0,0,0,0,0,0,334,0,28,0,20,0,39,0,63,0,74,0,3,0,103,39,0,0,157,59,122,198,73,0,45,0,0,0,0,0,5,0,4,0,0,0,0,0,0,0,0,0,3,0,9,0,0,0,0,0,0,0,0,0,0,0,0,0,0,0,0,0,0,0,0,0,0,0,0,0,0,0,0,0,0,0,0,0,0,0,0,0,0,0,0,0,0,0,0,0,0,0,0,0,0,0,0,0,0,0,0,0,0,0,0,0,0,0,0,0,0,0,0,0,0,0,0,0,0,0,0,0,0,0,0,0,0,0,0,0,0,0,0,0,0,0,2,0,64,3,15,0,27,0,4,0,5,0,0,0,0,0,0,0,0,0,3,0,0,0,227,2,5,0,0,0,0,0,0,0,0,0,0,0,0,0,0,0,0,0,0,0,0,0,27,147,201,0,11,0,0,6,0,0,0,0,0,0,0
0,0,0,0,0,0,0,0,0,0,0,0,87,82,0,0,0,37,26,69,0,35,1,35,0,0,59,247,0,0,0,60,0,110,0,104,0,122,0,7,0,84,0,0,0,284,35,49,0,28,0,84,0,0,0,0,0,0,0,16,0,3,0,6,0,0,0,0,0,0,0,0,0,0,0,0,0,0,0,0,0,0,0,0,0,97,0,57,0,0,0,0,0,0,0,0,0,0,0,0,0,0,0,0,0,0,0,0,0,0,0,0,0,0,0,0,0,0,0,0,0,75,0,39,0,0,0,0,0,0,0,0,0,0,0,407,0,271,0,0,0,141,0,335,0,85,0,0,0,0,0,0,0,0,0,7,0,0,0,0,0,0,0,7,0,39,0,31,0,20,0,6,0,0,0,0,0,41,0,0,0,0,0,0,0,0,5,127,0,0,0,0,0,0,0,0,0,0,0,0,0,0,0,0,0,0,0,0,0,0,0,0,0,0,71,0,0,0,202,277,167,22,0,0,8
14,0,0,0,0,0,0,0,0,0,28,0,41,0,0,3,28,0,7,0,51,0,0,0,0,0,210,0,0,0,43,0,41,0,64,0,210,0,15,0,22,54,157,0,0,54,162,112,214,17,101,0,0,0,0,0,0,0,34,0,0,0,0,0,0,0,0,0,0,0,68,0,0,0,0,0,28,0,0,0,185,0,206,0,0,0,81,0,0,0,0,0,0,0,137,0,0,0,408,0,158,0,47,0,0,0,0,0,0,0,0,0,0,0,0,0,0,0,0,0,0,0,0,0,0,0,0,0,0,0,0,0,0,0,28,0,0,0,0,0,0,0,0,0,0,0,0,0,0,0,0,0,0,0,0,0,0,0,0,0,0,0,0,0,156,0,44,0,83,0,18,0,39,0,0,0,0,11,0,0,0,0,0,0,0,0,106,0,0,0,0,0,0,0,0,0,0,0,0,0,0,0,0,0,0,0,0,0,17,0,72,233,310,41,25,22,0,102,0,0,0,0,0,0,0
0,0,0,0,0,8,0,0,0,0,0,30,110,28,0,0,0,0,0,16,0,30,0,0,0,0,149,306,0,0,0,0,0,34,0,21,0,92,0,0,87,13,59,284,54,0,136,224,4,212,40,135,0,0,0,0,0,8,0,0,0,3,0,3,0,0,0,0,0,15,0,0,0,0,0,0,0,17,0,0,0,192,0,81,0,0,0,0,0,0,0,0,0,0,0,100,0,0,0,86,0,82,0,0,0,11,0,9,0,0,0,0,0,0,0,0,0,0,0,0,0,85,0,56,0,0,0,0,0,0,0,0,0,0,0,414,0,182,0,0,0,120,0,342,0,0,0,2,0,0,0,0,0,0,0,0,0,0,0,0,0,7,0,0,0,234,0,12,0,74,0,0,0,0,0,0,0,45,2,0,0,0,0,2,0,0,47,19,0,0,0,1,0,0,0,0,0,0,0,0,0,0,0,0,0,0,0,0,0,0,0,0,0,0,30,0,0,0,99,375,192,0,0,1,137
63,0,69,0,179,0,19,0,0,0,144,0,273,78,55,0,0,0,22,0,0,0,22,0,0,0,128,0,0,0,0,0,0,0,0,0,0,0,0,0,310,145,122,35,162,136,0,371,207,15,37,0,2,0,0,0,0,0,0,0,0,0,0,0,0,0,0,0,12,0,0,0,0,0,0,0,0,0,0,0,0,0,0,0,0,0,0,0,0,0,0,0,18,0,0,0,0,0,0,0,0,0,0,0,0,0,0,0,0,0,0,0,0,0,0,0,0,0,0,0,0,0,0,0,0,0,0,0,0,0,0,0,0,0,0,0,0,0,0,0,0,0,0,0,0,0,0,0,53,0,0,0,0,0,0,0,0,0,0,0,0,0,0,0,70,0,12,0,25,0,0,0,0,0,0,0,0,19,70,0,0,0,50,0,0,0,357,2,0,0,0,0,0,0,0,0,0,0,0,0,0,0,0,0,0,0,0,0,0,0,0,518,189,0,0,8,2,145,0,0,0,0,0,0,0
0,140,0,26,0,162,0,0,0,22,0,216,360,258,0,0,0,0,111,33,0,0,0,0,0,0,437,347,0,0,0,0,0,0,0,0,0,0,0,0,221,115,198,49,112,224,371,0,0,178,128,0,0,0,0,0,0,0,0,0,0,0,0,0,0,0,0,0,0,0,0,0,0,0,0,0,0,0,0,0,0,0,0,0,0,0,0,0,0,0,0,0,0,0,0,0,0,0,0,0,0,0,0,0,0,0,0,0,0,0,0,0,0,0,0,0,0,0,0,0,0,0,0,0,0,0,0,0,0,0,0,0,0,0,0,0,0,0,0,0,0,0,0,0,0,0,0,0,0,0,0,0,0,0,0,0,0,0,0,0,0,0,0,0,0,0,0,0,0,0,0,0,0,0,0,0,6,118,0,4,0,0,0,0,0,0,122,42,0,0,0,0,0,0,0,0,0,0,0,0,0,0,0,0,0,0,0,0,0,0,0,0,0,0,0,0,0,0,0,296,105,0,0,0,92
0,0,15,0,12,0,22,0,4,0,12,0,48,0,0,0,0,0,4,0,8,0,5,0,0,0,46,0,0,0,3,0,9,0,5,0,15,0,1,0,127,0,73,0,214,4,207,0,0,0,27,0,0,0,0,0,27,0,20,0,3,0,0,0,0,0,0,0,21,0,5,0,0,0,0,0,8,0,10,0,11,0,38,0,11,0,11,0,7,0,15,0,51,0,32,0,31,0,15,0,17,0,9,0,0,0,24,0,0,0,0,0,0,0,0,0,0,0,0,0,0,0,1,0,0,0,0,0,0,0,0,0,0,0,14,0,5,0,7,0,0,0,0,0,0,0,0,0,0,0,18,0,0,0,0,0,0,0,0,1,36,0,10,0,35,0,23,0,19,0,0,0,13,0,10,0,54,0,44,0,20,0,16,0,10,0,39,0,16,0,0,0,48,0,0,0,0,0,0,0,10,0,42,0,46,0,0,0,0,0,94,81,296,27,121,49,22,38,0,0,0,0,0,0,0
0,8,0,0,0,0,0,0,0,0,0,43,0,70,0,0,0,0,0,0,0,4,0,0,0,0,0,35,0,0,0,0,0,0,0,4,0,0,0,0,0,227,0,28,17,212,15,178,0,0,0,22,0,0,0,2,0,1,0,5,0,0,0,0,0,0,0,1,0,0,0,0,0,0,0,0,0,0,0,0,0,0,0,2,0,3,0,0,0,0,0,0,0,4,0,2,0,0,0,0,0,0,0,0,0,1,0,1,0,0,0,0,0,0,0,0,0,0,0,0,0,0,0,0,0,0,0,0,0,0,0,0,0,0,0,0,0,0,0,0,0,0,0,0,0,0,0,0,0,0,0,0,0,0,0,0,0,1,0,0,0,8,0,0,0,45,0,9,0,7,0,0,0,0,0,0,0,133,0,8,0,67,0,9,0,0,32,75,0,1,0,0,0,0,0,0,0,0,0,3,0,0,0,1,0,2,0,0,0,0,0,3,0,0,11,0,0,0,47,16,15,1,3,0,57
6,0,0,0,96,0,0,0,0,0,0,0,319,151,22,0,4,0,303,0,35,6,0,0,0,0,298,192,13,0,19,0,22,0,117,0,121,0,0,0,30,0,45,0,101,40,37,128,27,0,0,0,5,0,0,0,28,0,26,0,0,0,0,0,0,0,0,0,0,0,0,0,0,0,0,0,0,0,0,0,0,0,28,0,0,0,0,0,0,0,0,0,0,0,21,0,81,0,50,0,0,0,0,0,0,0,0,0,0,0,0,0,0,0,0,0,0,0,0,0,0,0,0,0,0,0,0,0,0,0,0,0,0,0,0,0,0,0,0,0,0,0,0,0,0,0,0,0,0,0,0,0,0,0,0,0,0,0,0,0,0,0,13,0,170,0,93,0,94,0,24,0,60,0,0,0,54,0,0,0,0,0,0,0,0,0,117,0,0,0,0,0,0,0,0,0,0,0,0,0,0,0,0,0,0,0,0,0,0,0,102,174,304,31,46,0,1,4,0,0,0,0,0,0,0
0,0,0,0,0,0,0,0,0,0,0,10,0,300,6,0,0,0,0,223,3,31,0,0,0,0,0,331,0,0,0,27,0,51,4,75,0,128,0,0,0,15,0,84,0,135,0,0,0,22,0,0,0,0,0,0,0,19,0,35,0,3,0,3,0,0,0,0,0,0,0,0,0,0,0,0,0,18,0,0,0,127,0,0,0,78,0,35,0,0,0,0,0,0,0,0,0,0,0,68,0,59,0,0,0,0,0,0,0,0,0,0,0,0,0,0,0,1,0,0,0,76,0,0,0,0,0,0,0,10,0,0,0,0,0,269,0,170,0,0,0,109,0,285,0,95,0,0,0,0,0,0,0,0,0,0,0,0,0,0,0,0,0,7,0,84,0,35,0,112,0,6,0,35,0,0,0,16,0,7,0,5,0,0,0,0,0,56,0,0,0,0,0,0,0,0,0,0,0,0,0,0,0,0,0,0,0,0,0,0,0,0,0,0,69,0,0,0,128,304,258,37,0,0,12
0,0,0,0,0,0,22,26,33,108,0,0,0,0,0,0,86,0,0,0,0,0,0,0,80,0,0,0,11,0,9,0,2,0,0,0,0,0,8,0,0,0,0,0,0,0,2,0,0,0,5,0,0,12,89,51,88,20,47,62,41,0,96,13,2,0,7,82,0,0,0,0,0,0,0,0,0,0,0,0,3,0,0,0,0,0,0,0,0,0,0,0,0,0,0,0,0,0,0,0,0,0,0,0,0,0,0,0,0,0,0,0,0,0,0,0,0,0,0,0,0,0,0,0,9,0,8,0,78,0,28,0,6,0,0,0,62,0,135,0,35,0,66,0,3,0,0,0,0,0,0,0,0,0,192,0,79,0,195,0,15,0,3,0,0,0,4,0,4,0,37,0,0,0,0,0,22,4,0,0,0,0,0,0,1,0,0,0,0,0,0,0,0,0,0,0,0,0,3,0,0,0,0,0,0,0,2,0,0,0,69,370,65,83,94,2,25,0,0,0,0,0,0,0,0
0,0,0,0,0,0,0,51,41,42,0,0,0,0,0,0,0,9,0,0,0,0,0,0,0,10,0,5,0,3,0,2,0,2,0,0,0,0,0,4,0,0,0,0,0,0,0,0,0,0,0,0,12,0,56,76,17,186,59,29,0,55,0,77,0,17,19,10,0,0,0,0,0,0,0,0,0,0,0,0,0,0,0,0,0,0,0,0,0,0,0,0,0,0,0,0,0,0,0,0,0,3,0,0,0,0,0,0,0,0,0,0,0,0,0,0,0,0,0,0,0,0,0,0,0,0,0,0,0,89,0,7,0,110,0,139,0,150,0,134,0,26,0,6,0,6,0,0,0,54,0,0,0,0,0,92,0,19,0,102,0,3,0,0,0,0,0,0,0,0,0,0,0,3,0,0,5,16,0,0,0,0,0,0,0,26,0,0,0,0,0,0,0,0,0,0,0,0,0,0,0,0,0,0,0,0,0,0,0,0,0,0,0,0,36,0,0,0,24,561,29,78,11,0,0
0,18,22,0,19,0,244,122,60,422,0,0,0,0,134,0,70,0,0,0,51,0,123,0,180,20,0,0,21,0,17,0,7,0,0,0,0,0,6,2,1,0,0,0,0,0,0,0,0,0,0,0,89,56,0,91,54,20,20,63,44,0,119,65,1,3,16,105,0,0,0,0,0,0,0,0,0,0,0,0,0,0,0,0,0,0,0,0,0,0,0,0,0,0,0,0,0,0,0,0,0,0,0,0,0,0,0,0,0,0,0,0,0,0,0,0,0,0,0,0,0,0,0,0,8,0,0,0,30,0,17,0,5,0,70,0,28,0,4,0,0,0,0,0,1,0,0,0,0,0,0,0,0,0,15,0,9,0,0,0,23,0,0,0,6,0,0,0,13,0,109,0,0,0,0,0,81,26,1,0,0,0,0,0,0,0,0,0,0,0,0,0,0,0,0,0,0,0,0,0,0,0,0,0,0,0,0,0,0,0,303,131,147,391,417,6,174,9,0,0,0,0,0,0,0
0,14,0,92,0,26,27,448,127,50,0,0,0,0,1,112,1,58,0,49,0,6,0,174,0,171,0,0,0,25,0,8,0,0,0,3,0,0,0,9,0,0,0,0,0,0,0,0,0,2,0,0,51,76,91,0,35,238,144,68,0,43,9,140,0,5,109,17,0,0,0,0,0,0,0,0,0,0,0,0,0,0,0,0,0,0,0,0,0,0,0,0,0,0,0,0,0,0,0,0,0,0,0,0,0,0,0,0,0,0,0,0,0,0,0,0,0,0,0,0,0,0,0,0,0,75,0,0,0,65,0,138,0,72,6,124,0,235,1,45,0,0,0,0,0,2,0,0,0,19,0,0,0,0,0,24,0,0,0,51,0,19,0,0,0,4,0,2,0,28,0,35,0,0,0,0,7,0,0,0,0,0,0,0,0,6,0,0,0,0,0,0,0,0,0,0,0,0,0,0,0,0,0,0,0,0,0,0,0,0,0,0,0,0,263,0,0,0,180,548,160,396,73,20,0
0,0,0,0,0,0,17,0,3,26,0,0,0,0,0,0,33,0,0,0,0,0,0,0,47,0,0,0,0,0,0,0,0,0,0,0,13,0,0,0,0,0,5,0,0,0,0,0,27,0,28,0,88,17,54,35,0,37,285,113,10,0,15,0,25,39,9,192,0,0,0,0,0,0,0,0,0,0,0,0,0,0,0,0,0,0,0,0,0,0,0,0,0,0,0,0,0,0,0,0,0,0,0,0,0,0,0,0,0,0,0,0,0,0,0,0,0,0,0,0,0,0,0,0,4,0,22,0,71,0,43,0,5,0,25,0,0,0,0,1,0,0,0,0,6,0,0,0,1,0,0,0,0,0,113,14,26,0,74,0,120,19,0,0,0,0,27,0,53,0,178,0,40,0,2,0,0,0,0,0,35,1,0,0,5,0,0,0,0,0,0,0,0,0,0,0,0,0,0,0,0,0,0,0,0,0,0,0,31,0,663,139,490,631,834,56,239,0,3,0,0,0,0,0,0
0,0,0,0,0,0,0,92,15,15,0,0,0,0,0,0,0,144,0,0,0,0,0,0,0,89,0,0,0,19,0,0,0,2,0,0,0,10,0,4,0,0,0,0,0,8,0,0,0,1,0,19,20,186,20,238,37,0,120,196,0,22,0,52,0,13,66,7,0,0,0,0,0,0,0,0,0,5,0,0,0,0,0,0,0,0,0,0,0,0,0,0,0,0,0,0,0,0,0,0,0,0,0,0,0,0,0,0,0,0,0,0,0,0,0,0,0,0,0,0,0,0,0,0,0,50,0,0,0,59,0,101,0,0,0,0,0,41,0,23,0,5,0,1,1,0,0,7,0,5,0,0,0,0,6,153,0,34,0,119,5,35,0,0,0,15,0,0,0,74,0,161,0,35,0,0,0,0,0,0,0,0,0,0,5,0,0,0,0,0,0,0,0,0,0,0,0,0,0,0,0,0,0,0,0,0,0,0,0,17,0,0,0,0,466,0,0,0,480,250,609,767,160,22,0
19,0,20,0,21,0,71,0,256,115,0,0,20,0,0,0,0,0,0,0,0,0,0,0,0,0,0,0,4,0,0,0,0,0,0,0,17,0,0,0,0,0,4,0,34,0,0,0,20,0,26,0,47,59,20,144,285,120,0,338,53,0,24,0,90,36,152,423,0,0,0,0,0,0,0,0,0,0,0,0,0,0,0,0,0,0,0,0,0,0,0,0,0,0,0,0,0,0,0,0,0,0,1,0,0,0,0,0,0,0,0,0,0,0,0,0,0,0,0,0,0,0,0,0,13,0,0,0,0,0,43,0,5,0,0,0,0,0,0,5,0,0,0,0,1,0,0,1,4,0,0,0,0,0,60,17,70,0,0,5,41,0,0,0,0,0,40,0,21,0,158,0,42,0,2,0,114,0,0,0,112,0,0,0,130,10,0,0,0,0,0,0,0,0,0,0,0,0,0,0,0,0,0,0,0,0,0,0,0,0,975,234,291,599,1033,63,236,0,11,0,0,0,0,0,0
0,6,0,20,0,0,0,109,0,125,0,0,0,0,0,0,0,15,0,0,0,0,0,0,0,0,0,0,0,3,0,0,0,4,0,0,0,0,0,0,0,1,0,16,0,0,0,0,0,5,0,35,62,29,63,68,113,196,338,0,0,0,0,18,27,139,213,137,0,3,0,0,0,0,0,0,0,0,0,0,0,0,0,0,0,0,0,1,0,0,0,0,0,0,0,0,0,0,0,0,0,0,0,1,0,0,0,0,0,0,0,0,0,0,0,0,0,0,0,0,0,0,0,0,0,54,0,0,0,1,0,30,0,2,0,0,0,4,3,0,0,0,0,0,0,5,0,0,0,18,0,3,0,0,23,37,0,90,0,0,0,39,0,0,0,15,0,39,0,45,0,79,0,0,0,0,18,11,0,0,8,0,0,0,13,45,0,0,0,0,0,0,0,0,0,0,0,0,0,0,0,0,0,0,0,0,0,0,0,0,0,0,1,0,1067,0,0,0,1265,446,752,1079,324,7,0
18,0,0,0,0,0,103,0,170,0,0,0,0,0,0,0,0,0,0,0,1,0,0,0,0,0,3,0,0,0,0,0,0,0,0,0,28,0,20,0,0,0,0,0,0,0,0,0,3,0,0,0,41,0,44,0,10,0,53,0,0,0,28,0,0,0,0,0,0,0,0,0,0,0,25,0,0,0,0,0,8,0,0,0,0,0,0,0,0,0,0,0,0,0,0,0,0,0,0,0,0,0,0,0,0,0,0,0,0,0,0,0,0,0,0,0,0,0,0,0,7,0,0,0,0,0,0,0,0,0,0,0,0,0,0,0,21,0,221,0,113,0,0,0,310,0,0,0,0,0,0,0,0,0,114,0,170,0,38,0,2,0,26,0,0,0,0,0,7,0,170,0,66,0,0,0,55,0,0,0,0,0,6,0,0,0,0,0,0,0,0,0,0,0,0,0,0,0,0,0,0,0,0,0,0,0,0,0,2,0,20,253,92,127,63,0,75,6,0,0,0,0,0,0,0
0,49,0,0,0,0,13,254,0,141,0,0,0,0,0,0,0,2,0,0,0,0,0,1,6,7,0,0,0,14,0,0,0,3,0,0,0,4,1,4,0,0,0,3,0,3,0,0,0,0,0,3,0,55,0,43,0,22,0,0,0,0,0,26,0,0,0,0,0,0,0,0,0,1,0,0,0,1,0,0,0,0,0,0,0,0,0,0,0,0,0,0,0,0,0,0,0,0,0,1,0,0,0,0,0,0,0,0,0,0,0,0,0,0,0,0,0,0,0,0,0,0,0,0,0,0,0,0,0,0,0,0,0,0,0,0,0,22,0,80,0,88,0,0,0,270,0,0,0,5,0,0,0,0,0,15,0,165,0,41,0,6,0,6,0,5,0,0,0,37,0,128,0,159,0,0,0,14,0,0,0,0,0,6,0,0,0,0,0,0,0,0,0,0,0,0,0,0,0,0,0,0,0,0,0,0,0,0,0,0,0,0,0,0,73,0,0,0,41,516,203,172,0,6,0
0,17,0,0,7,0,351,87,243,55,0,0,0,0,9,0,179,6,40,0,108,0,0,0,36,27,90,0,60,0,83,0,26,0,9,0,7,0,37,0,0,0,0,0,0,0,0,0,0,0,0,0,96,0,119,9,15,0,24,0,28,0,0,16,0,0,9,5,0,0,0,0,0,0,21,0,0,0,0,0,0,0,0,0,0,0,0,0,0,0,0,0,0,0,0,0,0,0,0,0,0,0,0,0,0,0,0,0,0,0,0,0,0,0,0,0,0,0,0,0,15,0,22,0,5,0,0,0,42,0,7,0,0,0,0,0,54,1,138,0,107,0,169,0,38,0,0,0,0,1,0,0,0,0,143,0,26,0,62,0,0,0,0,0,4,0,0,0,0,0,0,0,10,0,0,0,96,5,0,0,0,0,10,0,9,0,0,0,0,0,0,0,0,0,0,0,0,0,0,0,0,0,0,0,0,0,0,0,0,0,19,435,15,0,0,0,0,0,0,0,0,0,0,0,0
0,23,0,13,0,0,62,523,90,96,0,0,0,0,0,0,0,26,0,11,0,13,3,50,0,129,0,25,0,20,0,8,0,17,0,9,0,20,0,11,0,0,0,6,0,3,0,0,0,0,0,3,13,77,65,140,0,52,0,18,0,26,16,0,0,0,0,0,0,0,0,0,0,0,0,0,0,0,0,0,0,0,0,4,0,0,0,0,0,0,0,0,0,0,0,0,0,0,0,1,0,0,0,0,0,0,0,0,0,0,0,0,0,0,0,0,0,0,0,0,0,7,0,0,0,0,0,0,0,17,0,12,0,0,0,39,0,71,0,0,0,33,0,0,0,21,0,0,0,8,0,0,0,0,0,23,0,29,0,62,0,0,0,0,0,0,0,0,0,0,0,8,1,21,0,0,7,23,0,0,0,0,0,0,0,0,0,0,0,0,0,0,0,0,0,0,0,0,0,0,0,0,0,0,0,0,0,0,0,0,0,0,0,0,18,0,0,0,11,486,39,37,5,1,0
29,0,13,0,42,0,46,0,184,0,0,0,0,0,0,0,0,0,0,0,0,0,1,0,0,1,0,0,0,0,0,0,0,0,0,0,0,0,0,0,0,0,0,0,0,0,0,0,0,0,0,0,2,0,1,0,25,0,90,27,0,0,0,0,0,46,144,33,0,0,0,0,0,0,0,0,0,0,1,0,0,0,0,0,0,0,0,0,0,0,0,0,0,0,0,0,0,0,0,0,0,0,0,0,0,0,0,0,0,0,0,0,0,0,0,0,0,0,0,0,0,0,0,0,10,0,23,0,0,0,46,0,1,0,4,0,0,0,6,10,0,0,0,0,26,0,23,0,40,9,17,0,1,0,2,24,0,0,1,0,385,86,0,0,0,0,1,0,0,0,3,0,1,0,7,1,2,0,0,0,393,0,4,0,212,0,0,0,0,0,0,0,0,0,0,0,3,0,0,0,0,0,0,0,0,0,0,0,19,0,92,3,0,0,58,0,0,0,0,0,0,0,1,0,0
0,58,0,0,0,91,0,15,0,365,0,32,0,0,0,12,0,0,0,62,0,0,0,0,0,0,0,119,0,0,0,0,0,0,0,0,0,0,0,0,0,0,0,0,0,0,0,0,0,0,0,0,0,17,3,5,39,13,36,139,0,0,0,0,46,0,0,258,0,0,0,1,0,0,0,0,0,0,0,0,0,0,0,0,0,0,0,0,0,0,0,0,0,0,0,0,0,0,0,0,0,0,0,0,0,0,0,0,0,0,0,0,0,0,0,0,0,0,0,0,0,0,0,0,0,40,0,65,8,0,89,71,0,0,0,8,2,0,55,6,0,0,0,0,39,39,0,90,49,258,0,57,0,6,18,0,0,0,67,3,84,237,0,0,0,0,0,0,0,4,0,0,0,0,0,32,0,0,0,0,57,207,0,5,0,76,0,0,0,0,0,0,0,0,0,0,0,0,0,0,0,0,0,0,0,0,0,12,0,29,0,0,0,0,97,0,0,0,158,43,0,0,0,0,0
29,0,9,0,0,0,19,0,207,68,0,0,0,0,0,0,0,0,0,0,0,0,0,0,0,0,0,0,0,0,0,0,0,0,0,0,1,0,0,0,0,0,0,0,0,0,0,0,0,0,0,0,7,19,16,109,9,66,152,213,0,0,9,0,144,0,0,158,0,0,0,0,0,0,0,0,0,0,0,0,0,0,0,0,0,0,0,0,0,0,0,0,0,0,0,0,0,0,0,0,0,0,0,0,0,0,0,0,0,0,0,0,0,0,0,0,0,0,0,0,0,0,0,0,0,0,3,0,0,0,23,0,0,0,0,0,0,0,0,0,0,0,0,0,1,0,0,0,16,1,0,0,0,0,6,0,0,0,0,0,46,0,1,0,0,0,0,0,0,0,30,0,3,0,0,0,306,8,0,0,65,0,0,0,321,0,0,0,0,0,0,0,0,0,0,0,0,0,0,0,0,0,0,0,0,0,0,0,0,0,117,32,0,57,89,0,23,0,0,0,0,0,0,0,0
0,1,0,0,0,0,0,10,39,292,0,2,0,0,0,0,0,0,0,0,0,0,0,0,0,2,0,0,0,0,0,0,0,0,0,4,0,0,0,0,0,0,0,0,0,0,0,0,0,1,0,0,82,10,105,17,192,7,423,137,0,0,5,0,33,258,158,0,0,0,0,0,0,0,0,0,0,0,0,0,0,0,0,0,0,0,0,0,0,0,0,0,0,0,0,1,0,0,0,0,0,0,0,0,0,0,0,0,0,0,0,0,0,0,0,0,0,0,0,0,0,0,0,0,0,42,0,6,0,0,0,39,0,0,0,0,0,0,3,1,0,0,0,0,0,8,0,0,0,39,0,0,0,0,24,9,1,0,12,0,30,75,0,0,0,2,0,8,0,9,0,0,0,0,0,9,35,44,0,0,13,30,0,2,17,337,0,0,0,0,0,0,0,0,0,0,0,0,0,0,0,0,0,0,0,0,0,3,0,0,0,0,1,0,248,0,0,0,293,301,0,0,0,0,0
0,0,0,0,0,0,2,0,0,0,0,0,0,0,0,0,0,0,0,0,0,0,0,0,0,0,0,0,0,0,0,0,0,0,0,0,0,0,0,0,0,0,3,0,0,0,12,0,21,0,0,0,0,0,0,0,0,0,0,0,0,0,0,0,0,0,0,0,0,0,0,0,25,0,0,0,241,0,48,0,0,0,17,0,0,0,25,0,24,0,23,0,64,0,31,0,0,0,0,0,22,0,356,0,46,0,0,0,50,0,9,0,7,0,12,0,2,0,0,0,0,3,0,0,0,0,0,0,0,0,0,0,0,0,0,0,0,0,0,0,0,0,0,0,0,0,0,0,0,0,0,0,0,0,0,0,0,0,0,0,0,0,4,0,23,0,0,0,128,0,0,0,0,0,0,0,0,0,0,0,0,4,0,0,0,0,0,0,0,0,0,0,0,0,0,0,0,0,0,0,0,0,0,0,0,0,0,0,0,0,115,0,141,0,0,123,204,0,0,0,0,0,0,0,0
0,0,0,0,0,0,0,0,0,0,0,0,0,0,0,0,0,0,1,0,0,0,0,0,0,0,0,0,0,0,0,0,0,0,0,0,0,0,0,0,0,0,0,0,0,15,0,0,0,0,0,0,0,0,0,0,0,0,0,3,0,0,0,0,0,0,0,0,0,0,0,0,0,0,0,0,0,66,0,0,0,0,0,28,0,0,0,16,0,20,0,0,0,118,0,27,0,0,0,16,0,50,0,185,0,22,0,0,0,9,0,0,0,23,0,1,0,7,0,0,0,0,0,0,0,0,0,0,0,0,0,5,0,0,0,0,0,0,0,0,0,0,0,0,0,0,0,0,0,0,0,0,0,0,0,0,0,0,0,0,0,0,0,0,0,110,0,0,0,64,0,0,0,0,0,0,0,0,0,0,0,0,0,0,0,0,0,0,0,0,0,0,0,0,0,0,0,0,0,0,0,0,0,0,0,0,0,0,0,0,1,0,0,0,5,0,0,0,95,31,164,0,74,135,6
0,0,0,0,0,0,0,0,0,0,0,0,0,0,0,0,0,0,0,0,0,0,0,0,0,0,133,0,12,0,23,0,24,0,13,0,78,0,49,0,0,0,9,0,68,0,0,0,5,0,0,0,0,0,0,0,0,0,0,0,0,0,0,0,0,0,0,0,0,0,0,0,213,0,173,0,10,0,299,0,7,1,0,0,0,0,44,0,0,0,0,0,0,0,0,0,0,0,0,2,0,0,0,0,0,0,0,0,0,0,0,0,0,0,0,0,0,0,0,0,23,0,7,0,0,0,0,0,0,0,23,34,0,0,33,0,19,0,0,7,104,0,41,0,100,0,37,14,82,32,43,0,30,7,0,0,8,0,1,0,0,0,69,0,0,0,27,0,16,0,70,0,70,0,38,0,0,0,0,0,120,24,0,0,11,0,0,0,0,0,0,0,0,0,0,0,0,0,0,0,0,0,0,0,0,0,0,0,0,4,4,0,46,0,0,0,2,0,5,0,0,0,0,0,0
0,0,0,0,0,0,0,0,0,0,0,0,0,0,0,0,0,0,0,0,0,0,0,0,0,0,0,0,0,0,0,0,0,0,0,0,0,8,0,0,0,0,0,0,0,0,0,0,0,0,0,0,0,0,0,0,0,0,0,0,0,0,0,0,0,1,0,0,0,0,0,0,2,148,0,353,0,19,0,19,0,0,0,0,0,0,0,59,0,0,0,0,0,0,0,0,0,0,0,0,0,0,0,0,0,0,0,0,0,0,0,0,0,0,0,0,0,0,0,0,0,6,0,7,0,47,0,0,0,0,0,0,0,24,0,0,7,0,0,2,0,25,3,5,0,123,0,0,0,34,0,28,0,8,0,0,0,4,0,0,1,3,0,11,0,0,0,0,0,0,0,5,0,28,0,25,0,0,0,0,0,46,0,0,0,0,0,0,0,0,0,0,0,0,0,0,0,0,0,0,1,0,0,0,0,0,0,0,0,18,0,0,0,0,0,0,0,0,18,0,11,3,0,0,0
0,0,0,0,0,0,0,0,0,0,0,0,0,0,0,0,0,0,0,0,0,0,0,0,0,0,35,0,0,0,0,0,0,0,0,0,17,0,8,0,0,0,0,0,0,0,0,0,0,0,0,0,0,0,0,0,0,0,0,0,0,0,0,0,0,0,0,0,25,0,213,2,0,0,133,0,78,0,284,0,0,0,21,0,0,0,22,0,0,0,0,0,2,0,15,0,0,0,2,0,0,0,8,0,0,0,0,0,1,0,0,0,0,0,0,0,0,0,0,0,27,0,7,0,0,0,75,0,3,0,0,6,0,0,94,0,43,0,0,0,43,7,109,0,44,0,49,0,32,7,144,0,11,0,0,0,0,0,0,0,0,0,94,0,0,0,9,0,11,0,11,0,0,0,0,0,0,0,0,0,61,0,0,0,3,0,0,0,0,0,0,0,66,0,0,0,2,0,0,0,87,0,0,0,106,0,0,0,145,0,136,0,22,0,15,4,0,0,0,0,0,0,1,0,0
0,0,0,0,0,0,0,0,0,0,0,2,0,0,0,0,0,0,0,0,0,0,0,0,0,0,0,0,0,0,0,0,0,0,0,0,0,0,0,0,0,0,0,0,0,0,0,0,0,0,0,0,0,0,0,0,0,0,0,0,0,1,0,0,0,0,0,0,0,0,0,148,0,0,0,289,0,122,0,48,0,14,0,36,0,0,0,121,0,0,0,0,0,1,0,0,0,0,0,0,0,0,0,1,0,0,0,0,0,0,0,0,0,0,0,0,0,0,0,0,0,36,0,22,0,0,0,0,0,0,0,0,0,0,0,90,0,0,0,2,0,23,0,35,0,61,0,0,0,0,0,129,0,26,0,0,0,0,0,0,0,0,0,27,0,0,0,0,0,4,0,5,0,0,2,0,0,0,0,0,0,0,0,0,0,0,0,0,0,0,2,0,0,0,0,0,0,0,0,0,0,114,0,0,0,0,0,0,0,118,0,0,0,0,0,0,0,0,92,4,18,0,0,0,0
0,0,0,0,0,0,0,0,0,0,0,0,0,0,0,0,0,0,0,0,0,0,0,0,0,0,195,0,35,0,0,0,34,0,0,0,121,0,79,0,0,0,0,0,0,0,0,0,0,0,0,0,0,0,0,0,0,0,0,0,25,0,21,0,0,0,0,0,0,0,173,0,133,0,0,0,13,0,256,0,39,0,48,0,31,0,93,0,0,0,0,0,0,0,14,0,0,6,0,5,0,0,0,0,0,0,0,0,0,0,0,0,0,0,0,0,0,0,0,0,151,7,42,0,0,0,0,0,0,0,14,45,0,0,0,0,0,6,9,0,100,18,113,0,129,0,40,0,79,0,0,0,0,18,0,0,0,0,0,0,0,9,37,0,0,0,0,0,0,0,36,0,56,0,57,0,0,0,0,0,147,36,0,0,0,0,0,0,0,0,0,0,0,0,0,0,0,0,122,0,61,0,0,0,0,0,0,0,0,0,9,4,0,0,4,1,0,0,0,0,0,0,2,0,0
0,0,0,0,0,0,0,0,0,0,0,0,0,0,0,0,0,0,0,0,0,0,0,0,0,0,0,0,0,0,0,0,0,0,0,16,0,25,0,0,0,0,0,0,0,0,0,0,0,0,0,0,0,0,0,0,0,0,0,0,0,0,0,0,0,0,0,0,0,0,0,353,0,289,0,0,0,24,0,71,2,8,0,8,0,3,0,110,0,0,0,0,0,0,0,0,0,0,9,3,0,0,0,0,0,0,0,0,0,0,0,0,0,0,0,0,0,0,0,0,0,202,0,90,0,0,0,0,3,0,0,10,1,0,0,34,12,0,0,2,0,80,0,54,0,333,0,0,0,71,0,0,0,0,0,0,0,11,0,0,6,1,8,34,0,1,0,0,0,12,0,26,0,41,0,74,0,0,0,0,0,83,0,0,0,0,0,0,0,0,0,0,0,0,0,0,0,0,0,0,0,0,0,0,0,0,0,0,0,79,0,0,0,0,0,0,0,0,24,0,33,0,0,0,0
0,0,0,0,0,0,0,0,0,0,0,0,0,0,0,0,0,0,0,0,0,0,0,0,0,0,0,0,0,0,0,0,0,0,0,0,0,0,0,0,0,0,0,0,28,0,0,0,8,0,0,0,0,0,0,0,0,0,0,0,0,0,0,0,0,0,0,0,241,0,10,0,78,0,13,0,0,0,36,0,0,0,23,0,0,0,42,0,3,0,20,0,38,0,23,0,0,0,0,0,10,0,199,0,0,0,115,0,20,0,0,0,2,0,0,0,3,0,0,0,16,0,0,0,0,0,0,0,0,0,0,0,0,0,0,0,0,0,0,0,0,0,0,0,0,1,0,0,0,0,0,0,0,0,0,0,0,0,0,0,0,0,0,0,38,0,0,0,39,0,0,0,0,0,5,0,0,0,0,0,0,6,0,0,0,0,0,0,132,0,0,0,154,0,92,0,0,0,0,0,46,0,0,0,0,0,0,0,10,0,90,17,43,0,13,39,5,0,2,0,0,0,0,0,0
0,0,0,0,0,0,0,2,0,0,0,0,0,0,0,0,0,0,0,0,0,0,0,0,0,0,0,0,0,0,0,0,0,0,0,0,0,0,0,0,0,0,0,0,0,17,0,0,0,0,0,18,0,0,0,0,0,5,0,0,0,1,0,0,0,0,0,0,0,66,0,19,0,122,0,24,0,0,0,16,0,81,0,124,0,0,0,171,0,11,0,0,0,87,0,34,0,0,0,0,0,33,0,206,0,0,0,0,0,16,0,0,0,0,0,0,0,25,0,0,0,29,0,0,0,0,0,0,0,0,0,0,0,0,0,0,0,0,0,0,0,0,0,0,0,0,0,0,0,0,0,0,0,0,0,0,0,0,0,0,0,0,0,9,0,81,0,0,0,39,0,0,0,0,0,0,0,2,0,0,0,0,0,0,0,3,0,4,0,0,0,0,0,0,0,25,0,3,0,0,0,101,0,0,0,98,0,0,0,0,0,0,0,0,0,0,0,0,76,10,78,0,17,1,4
0,0,0,0,0,0,0,0,0,0,0,0,0,0,0,0,0,0,0,0,0,0,0,0,0,0,0,0,0,0,0,0,0,0,0,0,0,0,0,0,0,0,0,0,0,0,0,0,10,0,0,0,0,0,0,0,0,0,0,0,0,0,0,0,1,0,0,0,48,0,299,0,284,0,256,0,36,0,0,0,21,0,53,0,25,0,67,0,0,0,0,0,4,0,16,0,47,0,0,0,1,0,71,0,0,0,103,0,8,0,0,0,0,0,0,0,1,0,0,0,150,0,21,4,0,0,0,0,0,0,0,0,0,0,82,0,24,0,0,0,79,0,152,0,71,0,0,0,52,0,0,0,0,0,0,0,0,0,0,0,0,0,36,0,0,0,0,0,18,0,0,0,0,0,0,0,0,0,0,0,0,0,0,0,0,0,0,0,0,0,0,0,0,0,0,0,2,0,0,3,190,0,0,0,0,0,0,0,0,0,95,0,18,0,7,0,0,0,0,0,0,0,0,0,0
