0,235,77,125,33,2,8,59,46,15,83,0,81,0,0,42,64,59,6,0,15,0,44,131,6,164,10,0,37,0,4,0,19,0,0,0,31,0,281,0,9,0,0,0,0,0,15,0,10,0,0,0,8,7,0,0,0,0,0,0,135,0,131,12,0,0,0,0,0,0,0,0,0,0,0,0,0,0,0,0,0,0,0,0,0,0,0,0,0,0,1,0,0,0,0,0,0,0,0,0,0,0,0,0,0,0,0,0,0,0,0,0,0,0,0,0,0,0,0,0,0,0,0,0,5,0,0,0,0,0,8,0,0,0,0,0,0,0,0,0,0,0,0,0,3,0,27,0,30,0,15,0,14,0,0,0,3,0,0,0,0,0,0,0,4,0,1,0,22,0,43,0,262,6,0,0,379,75,7,0,0,0,45,0,34,0,1,0,0,0,0,0,0,0,0,0,0,0,0,0,0,0,0,0,0,0,0,0,7,0,520,66,365,0,157,0,0,0,4,0,2,0,0,0,0
235,0,298,123,53,184,0,12,26,8,0,106,0,130,33,20,58,59,0,51,18,0,338,117,159,30,0,77,0,33,0,1,0,24,0,0,0,87,0,208,0,4,0,0,0,11,0,34,0,16,0,0,0,43,0,19,0,3,1,0,0,410,14,195,0,6,0,0,0,0,0,0,0,0,0,0,0,0,0,0,0,0,0,3,0,0,0,0,0,0,0,0,0,0,0,0,0,0,0,0,0,2,0,0,0,0,0,0,0,0,0,0,0,0,0,0,0,0,0,0,0,0,0,3,0,5,0,8,0,7,0,33,0,0,0,0,0,12,0,0,0,0,0,0,0,0,0,31,0,32,0,127,0,99,0,19,0,38,0,11,0,0,0,0,0,5,0,0,0,37,0,119,0,225,0,0,247,500,0,20,0,33,8,24,0,79,0,3,0,1,0,0,0,0,0,0,0,3,0,0,0,9,0,0,0,0,0,0,0,14,11,0,0,0,259,0,0,0,1109,116,361,100,0,0,0
77,298,0,133,273,0,57,0,9,12,53,25,150,0,171,86,96,97,69,0,97,0,326,187,177,157,54,0,165,6,22,0,58,0,6,0,57,0,466,0,0,0,0,0,0,0,23,0,13,0,0,0,22,3,47,0,0,0,22,1,112,0,269,24,0,0,1,0,0,0,0,0,0,0,0,0,0,0,0,0,24,0,0,0,0,0,0,0,0,0,0,0,0,0,0,0,0,0,0,0,0,0,0,0,0,0,0,0,0,0,0,0,0,0,0,0,0,0,0,0,0,0,0,0,23,0,68,0,0,0,69,0,19,0,78,0,292,0,0,0,0,0,81,0,0,0,110,0,67,0,42,0,0,0,10,0,4,0,8,0,17,0,0,0,0,0,25,0,55,0,70,0,438,0,0,0,197,68,14,0,0,0,5,3,9,0,0,0,0,0,0,0,0,0,0,0,6,0,12,0,0,0,3,0,0,0,0,0,38,0,515,75,511,0,344,0,0,6,0,0,0,0,0,0,0
125,123,133,0,46,164,0,12,0,3,31,13,0,14,65,169,30,9,0,141,26,51,171,212,0,78,0,39,0,135,0,0,0,82,0,0,0,94,0,266,0,1,0,0,0,0,0,13,0,1,0,0,0,0,0,19,0,0,0,0,0,173,0,126,0,0,0,0,0,0,0,0,0,0,0,0,0,0,0,0,0,0,0,0,0,0,0,0,0,0,0,0,0,0,0,0,0,0,0,0,0,0,0,0,0,0,0,0,0,0,0,0,0,0,0,0,0,0,0,0,0,0,0,0,0,10,0,5,0,4,0,40,0,8,0,56,0,101,0,0,2,0,0,0,0,0,0,8,0,15,0,18,0,0,0,3,0,0,0,0,0,3,0,0,0,4,0,0,0,28,0,31,0,139,0,1,84,90,5,6,0,0,0,0,0,0,0,0,0,0,0,0,0,0,0,0,0,1,0,0,0,0,0,0,0,0,0,16,0,39,0,0,0,0,76,0,0,0,237,35,199,0,1,0,0
33,53,273,46,0,214,19,0,14,1,76,125,328,63,130,263,25,0,194,115,318,151,93,124,3,0,149,0,25,0,102,21,169,0,140,0,308,0,168,0,61,0,23,0,0,0,68,0,13,0,100,0,8,0,0,0,0,0,16,0,0,0,0,0,0,0,0,0,0,0,0,0,0,0,0,0,3,0,0,0,0,0,0,0,0,0,0,0,0,0,0,0,0,0,0,0,0,0,38,0,0,0,0,0,0,0,0,0,0,0,0,0,0,0,0,0,0,0,0,0,0,0,0,0,0,0,0,0,0,0,16,0,0,0,0,0,41,0,8,0,0,0,0,0,27,0,58,0,68,0,73,0,0,0,8,0,0,0,0,0,0,0,0,0,28,0,79,0,89,0,20,0,197,0,0,0,375,122,134,0,25,0,35,0,44,0,0,0,0,0,0,0,0,0,0,0,2,0,8,0,0,0,0,0,0,0,0,0,11,0,348,218,542,0,136,0,0,5,0,0,0,0,0,0,0
2,184,0,164,214,0,0,33,0,35,68,132,0,111,305,100,0,3,132,120,151,138,59,89,0,23,28,195,0,22,0,48,0,198,40,104,29,135,0,99,0,18,0,0,0,21,0,86,0,0,0,0,0,5,0,0,0,0,0,0,0,0,0,0,0,25,0,0,0,0,0,0,0,0,0,9,0,0,0,0,0,0,0,0,0,0,0,0,0,0,0,0,0,1,0,0,0,0,0,0,0,0,0,0,0,0,0,0,0,0,0,0,0,0,0,0,0,0,0,0,0,0,0,0,0,16,0,26,0,0,0,46,0,6,0,122,0,91,0,0,3,0,0,0,0,0,0,41,0,75,0,118,0,56,0,15,0,13,0,0,0,4,0,0,0,31,0,254,0,134,0,43,0,118,0,11,112,352,15,74,0,43,0,9,0,36,0,0,0,0,0,0,0,2,0,0,0,5,0,9,0,0,0,0,0,0,0,44,0,66,0,0,0,0,136,0,0,0,428,154,528,48,0,0,0
8,0,57,0,19,0,0,0,38,287,18,0,31,0,0,2,11,0,0,0,0,0,22,0,339,89,11,0,0,0,0,0,0,0,0,0,0,0,0,0,0,0,0,0,15,0,11,0,39,0,12,0,163,79,295,168,35,13,5,0,262,0,278,106,12,0,56,56,0,0,0,0,0,0,0,0,0,0,0,0,0,0,0,1,0,0,0,0,0,0,0,0,0,0,0,0,0,0,0,0,0,0,0,0,0,0,0,0,0,0,0,0,0,0,0,0,0,0,0,0,0,0,1,0,32,0,97,0,0,0,137,0,36,0,0,0,76,0,0,0,0,0,23,0,2,0,41,0,80,0,0,0,4,0,12,0,34,0,0,0,73,0,5,0,5,0,3,0,12,0,256,6,125,0,0,0,102,43,0,0,0,0,7,0,10,0,0,0,0,0,0,0,0,0,0,0,1,0,0,0,0,0,0,0,0,0,0,0,14,0,1089,90,455,376,638,1,57,8,10,0,0,0,0,0,0
59,12,0,12,0,33,0,0,55,22,0,12,0,20,0,32,0,21,0,10,4,0,25,16,159,350,0,15,0,0,1,0,0,1,0,0,0,0,0,0,0,0,0,0,0,2,0,7,0,1,0,0,32,68,0,462,0,19,0,2,0,286,44,342,0,0,0,0,0,0,0,0,0,0,0,0,0,0,0,0,0,0,0,0,0,0,0,0,0,0,0,0,0,0,0,0,0,0,0,0,0,0,0,0,0,0,0,0,0,0,0,0,0,0,0,0,0,0,0,0,0,0,0,0,0,0,0,16,0,0,0,66,0,0,0,0,0,28,0,0,0,0,0,0,0,0,0,9,0,9,0,4,0,0,0,12,0,26,0,0,0,6,0,1,0,5,0,0,0,15,0,173,0,151,0,0,58,98,0,0,0,0,16,3,0,0,0,0,0,0,0,0,0,0,0,0,0,0,0,0,0,0,0,0,0,0,0,0,0,13,0,0,0,0,309,0,0,0,646,26,337,0,4,0,0
46,26,9,0,14,0,38,55,0,326,16,0,28,0,6,1,20,12,0,0,0,0,3,0,50,72,9,0,3,0,0,0,0,0,0,0,0,0,42,0,4,0,1,0,3,0,2,0,6,0,9,0,211,91,40,239,4,22,13,0,174,0,287,58,67,0,201,130,0,0,0,0,0,0,0,0,0,0,0,0,0,0,0,0,5,0,0,0,0,0,0,0,0,0,0,0,3,0,0,0,0,0,0,0,0,0,0,0,0,0,0,0,0,0,0,0,0,0,0,0,0,0,0,0,25,0,48,0,0,0,44,0,0,0,7,0,4,0,0,0,2,0,5,0,0,0,78,0,139,0,44,0,12,0,25,10,33,0,2,3,21,0,0,0,1,0,2,0,6,0,88,0,48,0,0,0,214,32,0,0,0,0,4,0,118,24,0,0,0,0,0,0,0,0,0,0,1,0,1,0,0,0,4,0,0,0,2,0,11,0,603,104,162,117,179,0,18,0,0,16,0,0,0,0,0
15,8,12,3,1,35,287,22,326,0,0,29,0,0,0,0,0,4,0,0,0,0,0,0,195,13,0,10,0,0,0,0,0,0,0,0,0,0,0,0,0,0,0,0,0,0,0,0,0,2,0,0,130,113,170,229,0,44,0,7,6,54,123,102,0,47,11,36,0,0,0,0,0,0,0,0,0,0,0,0,0,0,0,0,0,0,0,0,0,0,0,0,0,0,0,0,0,0,0,0,0,0,0,1,0,0,0,0,0,0,0,0,0,0,0,0,0,0,0,0,0,0,0,0,0,42,0,54,0,0,0,159,0,7,7,22,0,23,0,0,0,0,0,0,0,0,0,60,0,105,0,105,0,47,4,53,0,107,0,8,0,25,0,2,0,0,0,0,2,8,20,140,11,17,0,3,193,236,0,2,0,0,10,5,0,92,0,0,0,0,0,0,0,5,0,0,0,0,0,0,0,0,0,0,0,0,0,36,0,62,38,14,0,0,276,0,0,0,829,110,145,0,1,26,0
83,0,53,31,76,68,18,0,16,0,0,45,179,0,27,136,16,0,3,6,134,33,22,66,0,0,0,5,10,1,45,0,132,2,20,0,127,0,74,0,20,0,0,0,0,0,33,0,10,0,12,0,0,0,0,0,0,0,0,0,0,0,0,0,0,0,0,0,1,0,0,0,0,0,0,0,0,0,0,0,0,0,0,0,0,0,0,0,0,0,0,0,0,0,0,0,0,0,0,0,2,0,0,0,0,0,3,0,0,0,0,0,0,0,0,0,0,0,0,0,0,0,0,0,0,0,0,0,0,0,0,0,0,0,0,0,1,0,0,0,0,0,4,0,0,0,0,0,9,0,25,0,36,0,0,0,0,0,0,0,0,0,0,0,0,0,22,0,30,0,0,0,57,0,13,0,191,44,99,0,14,0,20,0,18,0,7,0,0,0,1,0,0,0,0,0,0,0,0,0,0,0,0,0,0,0,0,0,0,0,132,98,228,0,40,0,0,3,0,0,0,0,0,0,0
0,106,25,13,125,132,0,12,0,29,45,0,21,256,271,6,0,14,66,21,89,41,70,71,0,0,20,80,0,6,11,41,9,79,0,33,28,52,0,31,0,59,4,0,0,12,0,101,0,55,0,7,0,0,0,0,0,0,0,0,0,0,0,3,0,0,0,0,0,0,0,3,0,0,0,0,0,0,0,0,0,0,0,0,0,0,0,0,0,0,0,0,0,0,0,0,0,0,0,0,0,0,0,0,0,0,0,0,0,0,0,0,0,0,0,0,0,0,0,0,0,0,0,0,0,2,0,0,0,0,0,9,0,1,0,0,0,0,0,0,0,2,0,0,0,0,0,16,0,23,0,164,0,126,0,8,0,3,0,0,0,0,0,0,0,5,0,33,0,35,0,9,0,41,0,48,105,430,11,93,0,159,0,37,0,67,0,15,0,0,0,0,0,0,0,1,0,0,0,0,0,0,0,0,0,0,0,7,0,0,0,0,19,0,54,0,0,0,246,65,201,0,0,0,0
81,0,150,0,328,0,31,0,28,0,179,21,0,168,40,0,0,0,120,269,151,149,0,0,0,0,200,151,0,0,0,8,0,3,120,40,31,0,0,0,141,16,195,0,78,0,255,16,60,0,355,17,2,0,0,0,0,0,0,0,0,0,0,0,5,0,0,0,0,0,0,0,0,0,0,0,0,0,0,0,0,0,0,0,0,0,0,0,0,0,0,0,0,0,0,0,0,0,0,0,0,0,0,0,0,0,0,0,0,0,0,0,0,0,0,0,0,0,0,0,0,0,0,0,0,0,0,0,0,0,0,0,0,0,0,0,0,0,0,0,0,0,0,0,0,0,0,0,24,0,34,0,18,0,0,0,0,0,0,0,0,0,0,0,34,0,2,0,0,0,0,1,0,0,14,0,307,64,123,0,26,0,29,0,26,0,126,0,0,0,0,0,0,0,0,0,0,0,0,0,0,0,0,0,0,0,0,0,0,0,16,145,229,0,0,0,0,2,0,0,0,0,0,0,0
0,130,0,14,63,111,0,20,0,0,0,256,168,0,26,4,0,0,233,55,132,115,0,1,0,0,313,171,0,0,0,21,0,0,39,287,0,73,0,0,90,172,13,163,22,91,35,307,0,50,55,207,0,0,0,3,0,0,0,0,0,0,0,0,0,5,0,0,0,0,0,0,0,0,0,0,0,0,0,0,0,0,0,0,0,0,0,0,0,1,0,0,0,0,0,2,0,0,0,0,0,6,0,0,0,0,0,0,0,0,0,0,0,0,0,0,0,0,0,0,0,0,0,0,0,0,0,6,0,0,0,0,0,0,0,0,0,0,0,0,0,0,0,0,0,0,0,0,0,15,0,20,0,0,0,0,0,0,0,0,0,1,0,0,0,37,1,49,0,87,0,3,0,0,0,0,39,371,2,14,0,0,0,0,0,10,30,88,0,1,0,0,0,0,0,0,0,0,0,0,0,2,0,0,0,0,0,10,0,4,0,0,0,0,19,0,0,0,46,142,249,0,0,0,0
0,33,171,65,130,305,0,0,6,0,27,271,40,26,0,393,106,12,162,67,282,148,403,253,51,0,122,0,0,5,64,18,76,14,76,7,189,11,23,0,0,0,0,0,21,0,9,0,1,0,0,0,22,0,0,0,0,0,0,0,0,0,36,1,0,0,0,0,0,0,0,0,0,0,0,0,0,0,0,0,0,0,0,0,0,0,0,0,0,0,0,0,0,0,0,0,0,0,0,0,0,0,0,0,0,0,0,0,0,0,0,0,0,0,0,0,0,0,1,0,0,0,0,0,0,0,33,0,0,0,17,0,0,0,80,0,284,0,0,3,0,0,127,0,30,0,86,0,77,0,84,0,73,0,20,0,10,0,0,0,0,0,0,0,7,0,23,0,22,0,9,0,27,7,12,0,106,91,27,0,0,0,29,0,25,0,0,0,0,0,0,0,0,0,0,0,5,0,11,0,0,0,0,0,0,0,0,0,27,0,102,79,143,0,29,0,0,0,0,0,0,0,0,0,0
42,20,86,169,263,100,2,32,1,0,136,6,0,4,393,0,13,17,34,397,138,291,217,252,4,100,0,97,0,64,21,45,22,238,0,30,22,137,6,68,0,0,0,16,0,0,0,1,0,0,0,0,0,6,0,70,0,0,0,0,0,17,0,12,0,0,0,0,0,0,0,0,0,0,0,0,0,0,0,0,0,0,0,0,0,0,0,0,0,0,0,0,0,0,0,0,0,66,0,0,0,0,0,0,0,0,0,0,0,0,0,0,0,0,0,0,0,0,0,0,0,0,0,0,0,0,0,0,0,0,0,23,0,48,0,334,0,354,0,0,0,0,0,15,0,0,0,4,0,13,0,14,0,3,0,12,0,0,0,0,0,0,0,0,0,11,0,200,0,41,0,15,0,88,0,0,90,129,0,11,0,0,0,0,0,0,0,0,0,0,0,0,0,0,0,0,0,0,0,0,0,73,0,0,0,0,0,22,0,72,0,0,0,0,50,0,0,0,249,93,231,0,0,0,0
64,58,96,30,25,0,11,0,20,0,16,0,0,0,106,13,0,18,90,0,281,0,104,62,113,52,114,0,87,0,113,0,17,0,33,0,5,0,85,0,0,0,0,0,92,0,0,0,0,0,17,0,108,2,0,0,15,0,2,0,31,0,433,6,0,0,0,0,0,0,49,0,0,0,101,0,0,0,0,0,60,0,0,0,660,0,52,0,0,0,0,0,0,0,0,0,597,0,129,0,0,0,0,0,34,0,0,0,0,0,0,0,0,0,0,0,0,0,0,0,35,0,171,0,0,0,17,0,0,0,12,0,44,0,0,0,425,0,80,2,375,0,563,0,21,0,0,0,0,0,0,0,0,0,94,0,0,0,64,0,9,0,0,0,0,0,0,0,0,0,3,0,16,0,0,0,13,7,1,0,0,0,113,1,0,0,0,0,0,0,1,0,0,0,0,0,0,0,4,0,174,0,0,0,0,0,0,0,8,0,12,0,34,10,6,0,0,0,0,0,0,0,0,0,0
59,59,97,9,0,3,0,21,12,4,0,14,0,0,12,17,18,0,0,14,11,128,76,83,70,35,0,0,0,55,0,28,0,21,0,8,0,8,0,34,0,0,0,0,0,0,0,0,0,0,0,0,1,46,0,37,0,76,0,0,0,77,7,443,0,0,0,0,0,0,0,0,0,0,0,9,0,0,1,0,0,68,0,0,0,373,0,0,0,0,0,34,0,0,0,0,0,157,0,105,0,30,0,0,0,0,0,0,0,0,0,0,0,0,0,0,0,0,0,0,0,0,0,13,0,0,0,0,0,35,0,0,0,0,0,253,0,348,0,138,0,15,0,129,0,0,0,0,0,0,0,0,0,0,0,20,0,0,0,11,0,3,0,0,0,0,0,0,0,0,0,11,0,43,0,0,24,27,0,12,0,0,5,13,0,0,0,0,0,0,0,0,0,0,0,0,0,0,0,0,0,122,0,0,0,0,0,0,0,0,0,0,0,0,4,0,0,0,41,10,55,13,0,0,0
6,0,69,0,194,132,0,0,0,0,3,66,120,233,162,34,90,0,0,377,324,246,180,9,9,0,191,73,4,0,37,26,6,5,310,86,75,0,0,0,0,0,26,0,88,0,15,0,2,0,275,0,0,0,0,0,0,0,0,0,0,0,19,0,0,0,0,0,0,0,0,0,0,0,0,0,0,0,0,0,0,0,0,0,0,0,0,0,0,0,0,0,0,0,0,0,0,0,0,0,0,0,0,0,0,0,0,0,0,0,0,0,0,0,0,0,0,0,0,0,11,0,0,0,4,0,0,0,0,0,0,0,0,0,39,0,0,0,0,0,0,0,0,0,0,0,18,0,0,0,44,0,0,0,0,0,0,0,0,0,0,0,0,0,61,0,22,0,27,0,0,0,0,0,0,0,131,86,23,0,0,0,13,0,23,0,23,0,0,0,0,0,0,0,0,0,0,0,0,0,0,0,0,0,0,1,0,0,0,0,44,90,214,0,15,0,0,0,0,0,0,0,0,0,0
0,51,0,141,115,120,0,10,0,0,6,21,269,55,67,397,0,14,377,0,204,250,0,82,0,44,308,428,0,9,17,46,0,3,87,160,21,116,0,1,61,3,0,99,0,65,10,41,0,10,72,81,0,0,0,38,0,15,0,0,0,4,0,36,0,5,0,0,0,0,0,0,0,0,0,0,0,0,0,0,0,0,0,0,0,0,0,0,0,0,0,0,0,0,0,0,0,0,0,0,0,0,0,0,0,0,0,0,0,0,0,0,0,0,0,0,0,0,0,0,0,0,0,0,0,0,0,0,0,0,0,0,0,0,0,0,0,226,0,0,0,0,0,0,0,0,0,0,0,0,0,86,0,32,0,30,0,0,0,18,0,5,0,0,0,26,0,143,0,64,0,7,0,9,0,0,46,148,2,5,0,0,0,0,0,0,18,16,0,0,0,0,0,0,0,0,0,0,0,0,0,0,0,5,0,0,0,38,0,86,0,0,0,0,31,0,0,0,122,100,153,26,0,0,0
15,18,97,26,318,151,0,4,0,0,134,89,151,132,282,138,281,11,324,204,0,166,96,80,12,0,219,48,34,0,66,19,9,7,61,56,12,0,3,0,0,0,57,0,104,0,0,0,0,0,71,0,0,0,0,0,0,0,0,0,0,0,36,0,0,0,0,0,0,0,29,0,0,0,63,0,0,0,0,0,0,0,0,0,220,0,39,0,0,0,0,0,0,0,26,0,0,0,0,0,0,0,0,0,0,0,0,0,0,0,0,0,0,0,0,0,0,0,0,0,0,0,44,0,0,0,0,0,0,0,0,0,0,0,0,0,0,0,0,0,0,0,72,0,0,0,0,0,0,0,0,0,0,0,3,0,0,0,0,0,0,0,4,0,62,0,91,0,48,0,2,0,0,4,3,0,177,33,62,0,0,0,15,0,0,0,0,0,0,0,0,0,0,0,0,0,0,0,0,0,0,0,0,0,0,0,0,0,0,0,112,113,241,0,14,0,0,0,0,0,0,0,0,0,0
0,0,0,51,151,138,0,0,0,0,33,41,149,115,148,291,0,128,246,250,166,0,0,207,0,134,173,181,0,65,16,39,0,29,72,144,15,73,0,26,18,0,10,146,0,148,5,2,0,6,0,117,0,12,0,40,0,23,0,0,0,0,0,54,0,0,0,0,0,0,0,39,0,0,0,0,0,0,0,0,0,0,0,0,0,342,0,0,0,0,0,0,0,0,0,0,0,0,0,0,0,0,0,0,0,0,0,0,0,0,0,0,0,0,0,0,0,0,0,0,0,78,0,0,0,0,0,0,0,0,0,0,0,10,0,0,0,116,0,0,0,53,0,0,0,20,0,0,0,0,0,0,0,0,0,0,0,3,0,0,0,0,0,0,0,14,0,57,0,39,0,11,0,22,0,0,27,55,8,1,0,0,0,0,0,0,0,12,0,0,0,0,0,0,0,0,0,0,0,0,0,0,0,0,0,0,0,0,0,0,0,0,0,0,34,0,0,0,145,118,185,0,0,0,0
44,338,326,171,93,59,22,25,3,0,22,70,0,0,403,217,104,76,180,0,96,0,0,384,70,104,83,0,66,0,5,0,12,0,0,0,14,0,122,0,0,0,0,0,100,0,49,0,0,0,0,0,19,1,41,0,0,0,0,0,0,0,75,6,0,0,0,0,0,0,0,0,4,0,0,0,0,0,0,0,0,0,0,0,0,0,15,0,0,0,0,0,0,0,0,0,76,0,0,0,0,0,0,0,0,0,0,0,0,0,0,0,0,0,0,0,0,0,0,0,6,0,0,0,9,0,20,0,23,0,13,0,12,0,131,0,615,0,0,2,112,0,262,0,0,0,11,0,11,0,47,0,0,0,30,0,0,0,11,0,0,0,3,0,0,0,0,0,0,0,13,0,92,0,11,0,175,74,19,0,0,0,136,3,0,0,0,0,0,0,2,0,0,0,0,0,0,0,8,0,72,0,0,0,0,0,5,0,32,0,73,10,77,29,25,0,0,0,0,0,5,0,0,0,0
131,117,187,212,124,89,0,16,0,0,66,71,0,1,253,252,62,83,9,82,80,207,384,0,18,85,0,19,0,90,0,22,20,35,0,15,0,29,11,43,0,0,0,0,0,4,0,1,1,0,0,0,0,20,0,28,0,25,0,0,0,51,0,171,0,0,0,0,0,0,0,22,0,0,0,36,0,0,0,0,1,0,0,0,0,424,0,0,0,0,0,0,0,0,0,0,0,180,0,160,0,0,0,0,0,0,0,0,0,0,0,0,0,0,0,0,0,0,0,0,0,52,0,23,0,0,0,0,0,0,0,0,0,9,0,289,3,262,0,26,0,17,0,50,0,11,0,0,0,0,0,0,0,0,0,7,0,0,0,0,0,2,0,0,0,0,0,12,0,0,0,14,0,41,0,0,56,89,5,15,0,0,0,18,0,0,0,1,0,0,0,0,0,0,0,0,0,0,0,0,0,125,0,0,0,0,0,0,0,60,0,0,0,3,22,0,0,0,200,84,107,14,0,0,0
6,159,177,0,3,0,339,159,50,195,0,0,0,0,51,4,113,70,9,0,12,0,70,18,0,256,0,0,25,0,0,0,7,0,0,0,2,0,40,0,0,0,0,0,0,0,6,0,2,0,0,0,103,32,148,54,30,0,0,0,24,0,229,147,0,3,0,0,0,0,0,0,0,0,0,0,0,0,0,0,0,0,0,0,28,0,0,0,0,0,0,0,0,0,0,0,38,0,0,2,0,0,0,0,0,0,0,0,0,0,0,0,0,0,0,0,0,0,0,0,0,0,7,0,4,0,32,0,54,0,20,4,0,0,59,0,358,0,37,3,84,0,141,0,1,0,14,0,0,0,7,0,0,0,74,0,0,0,37,0,14,0,0,0,0,0,0,0,0,0,19,0,0,0,0,0,65,45,0,0,0,0,50,6,0,0,0,0,0,0,0,0,0,0,0,0,0,0,0,0,0,2,0,0,0,0,0,0,12,0,27,4,66,36,18,0,0,0,21,0,0,0,0,0,0
164,30,157,78,0,23,89,350,72,13,0,0,0,0,0,100,52,35,0,44,0,134,104,85,256,0,0,0,5,27,0,10,0,11,0,8,0,3,0,16,0,0,0,0,0,0,1,0,1,0,0,0,9,17,0,143,0,44,0,3,6,77,29,136,0,0,0,0,0,0,0,0,0,0,0,0,0,0,0,0,0,0,0,0,0,25,0,0,0,0,0,0,0,0,0,0,0,27,0,0,0,0,0,0,0,0,0,0,0,0,0,0,0,0,0,0,0,0,0,0,0,0,0,1,0,24,0,0,0,35,0,48,0,79,0,241,0,332,0,14,0,0,0,11,0,0,0,0,0,3,0,0,0,0,0,10,0,8,0,5,0,1,0,0,0,1,0,0,0,0,0,19,0,23,0,0,69,101,0,0,3,0,19,13,0,0,0,0,0,0,0,0,0,0,0,0,0,0,0,0,0,32,0,0,0,0,0,8,0,0,9,0,0,0,23,0,0,0,141,45,40,0,0,0,0
10,0,54,0,149,28,11,0,9,0,0,20,200,313,122,0,114,0,191,308,219,173,83,0,0,0,0,326,31,0,31,5,27,0,40,84,37,0,0,0,30,113,299,90,197,41,154,80,33,0,414,44,0,0,0,0,0,0,0,0,0,0,16,0,0,0,0,0,0,0,0,0,0,0,0,0,0,0,0,0,0,0,0,0,0,0,0,0,0,0,0,0,0,0,0,0,0,0,0,0,0,0,0,0,0,0,0,0,0,0,0,0,0,0,0,0,0,0,0,0,0,0,0,0,0,0,0,0,0,0,0,0,0,0,0,0,0,0,0,0,0,0,0,0,0,0,0,0,60,0,0,0,0,0,0,0,8,0,0,0,0,0,0,0,83,0,0,0,22,0,0,0,0,0,0,0,42,34,48,0,0,0,54,0,0,0,72,12,0,0,0,0,0,0,0,0,0,0,0,0,0,0,0,0,0,0,0,0,18,0,25,171,321,0,8,0,0,19,0,0,0,0,0,0,0
0,77,0,39,0,195,0,15,0,10,5,80,151,171,0,97,0,0,73,428,48,181,0,19,0,0,326,0,0,11,0,1,0,0,0,70,0,31,0,0,206,24,12,293,17,261,53,154,3,19,20,364,0,0,0,0,0,0,0,0,0,0,0,0,0,0,0,0,0,0,0,0,0,0,0,0,0,1,0,0,0,0,0,0,0,0,0,0,0,0,0,0,0,0,0,11,0,63,0,0,0,25,0,4,0,0,0,0,0,0,0,0,0,0,0,0,0,0,0,0,0,0,0,0,0,0,0,12,0,0,0,16,0,0,0,93,0,47,0,0,0,0,0,31,0,0,0,0,0,26,0,63,0,44,0,10,0,0,0,7,0,0,0,0,0,92,0,0,0,80,0,0,0,4,0,0,0,136,0,9,0,0,0,0,0,22,43,45,0,7,0,0,0,0,0,7,0,0,0,11,0,35,0,0,0,0,0,0,0,47,0,0,0,0,29,0,0,0,61,208,376,0,0,0,1
37,0,165,0,25,0,0,0,3,0,10,0,0,0,0,0,87,0,4,0,34,0,66,0,25,5,31,0,0,0,21,0,40,0,16,0,8,0,22,0,0,0,40,0,21,0,0,0,0,0,12,0,2,0,0,0,1,0,0,0,7,0,29,0,0,0,0,0,0,0,38,0,0,0,49,0,0,0,0,0,23,0,0,0,157,0,18,0,0,0,0,0,0,0,0,0,127,0,0,0,6,0,0,0,0,0,0,0,0,0,0,0,0,0,0,0,0,0,0,0,23,0,54,0,0,0,0,0,0,0,0,0,0,0,3,0,38,0,74,0,99,0,62,0,35,0,0,0,0,0,0,0,0,0,14,0,1,0,12,0,0,0,0,0,0,0,0,0,0,0,0,0,0,0,0,0,7,0,0,0,0,0,13,0,0,0,0,0,0,0,0,0,0,0,0,0,0,0,0,0,0,0,0,0,0,0,0,0,0,0,0,0,0,0,0,0,0,0,0,0,0,0,0,0,0
0,33,6,135,0,22,0,0,0,0,1,6,0,0,5,64,0,55,0,9,0,65,0,90,0,27,0,11,0,0,0,44,0,76,0,63,0,16,0,40,0,0,0,28,0,2,0,0,0,0,0,48,0,15,0,20,0,47,0,0,0,37,0,96,0,0,0,0,0,0,0,0,0,0,0,0,0,0,0,0,0,37,0,0,0,228,0,0,0,0,0,0,0,0,0,0,0,0,0,46,0,13,0,0,0,0,0,0,0,0,0,0,0,0,0,0,0,0,0,0,0,26,0,29,0,0,0,0,0,23,0,0,0,0,0,135,0,146,0,253,0,146,0,242,0,20,0,0,0,0,0,0,0,0,0,25,0,0,0,12,0,0,0,0,0,0,0,1,0,0,0,2,0,19,0,0,0,0,0,0,0,0,0,2,0,0,0,0,0,0,0,0,0,0,0,0,0,0,0,0,0,0,0,0,0,0,0,0,0,0,0,0,0,0,1,0,0,0,5,0,10,0,0,0,0
4,0,22,0,102,0,0,1,0,0,45,11,0,0,64,21,113,0,37,17,66,16,5,0,0,0,31,0,21,0,0,0,8,0,20,0,25,0,6,0,0,0,72,0,21,0,0,0,2,0,66,0,0,0,0,0,0,0,0,0,0,0,0,0,0,0,0,0,0,0,48,0,0,0,75,0,0,0,0,0,0,0,0,0,184,0,57,0,0,0,0,0,0,0,0,0,0,0,0,0,0,0,0,0,0,0,0,0,0,0,0,0,0,0,0,0,0,0,0,0,30,0,42,0,0,0,0,0,0,0,0,0,0,0,0,0,0,0,32,0,38,0,0,0,32,0,0,0,0,0,0,0,0,0,7,0,2,0,0,0,0,0,9,0,11,0,68,0,8,1,0,0,20,0,0,0,44,5,11,0,0,0,4,0,0,0,0,0,0,0,0,0,0,0,0,0,0,0,0,0,0,0,0,0,0,0,0,0,0,0,50,49,97,0,0,0,0,0,0,0,0,0,0,0,0
0,1,0,0,21,48,0,0,0,0,0,41,8,21,18,45,0,28,26,46,19,39,0,22,0,10,5,1,0,44,0,0,0,0,6,11,4,3,0,4,0,0,0,1,0,1,0,0,0,0,4,11,0,2,0,0,0,7,0,0,0,0,0,0,0,0,0,0,0,0,0,6,0,0,0,0,0,0,0,0,0,0,0,0,0,96,0,0,0,0,0,5,0,0,0,0,0,0,0,26,0,0,0,0,0,0,0,0,0,0,0,0,0,0,0,0,0,0,0,0,0,15,0,0,0,0,0,0,0,0,0,0,0,0,0,0,0,28,0,17,0,17,0,36,0,0,0,0,0,0,0,0,0,0,0,0,0,0,0,0,0,0,0,0,0,0,0,26,1,3,0,1,0,8,0,0,3,16,0,1,0,0,0,0,0,0,0,0,0,0,0,0,0,0,0,0,0,0,0,0,0,0,0,0,0,0,0,0,0,0,0,0,2,0,3,0,0,0,26,9,46,0,0,0,0
19,0,58,0,169,0,0,0,0,0,132,9,0,0,76,22,17,0,6,0,9,0,12,20,7,0,27,0,40,0,8,0,0,0,9,0,78,0,0,0,0,0,36,0,46,0,0,0,0,0,16,0,1,0,0,0,0,0,0,0,7,0,5,0,0,0,0,0,0,0,47,0,17,0,104,0,0,0,0,0,35,0,0,0,164,0,43,0,0,0,0,0,0,0,0,0,128,0,101,0,6,0,0,0,0,0,0,0,0,0,0,0,0,0,0,0,0,0,0,0,23,0,37,0,0,0,0,0,0,0,0,0,0,0,0,0,0,0,39,0,49,0,35,0,70,0,0,0,0,0,0,0,0,0,8,0,4,0,6,0,1,0,0,0,0,0,77,0,25,0,1,0,53,0,0,0,39,0,20,0,0,0,6,0,0,0,0,0,0,0,0,0,0,0,0,0,0,0,0,0,7,0,0,0,0,0,0,0,0,0,32,42,106,0,10,0,0,0,0,0,0,0,0,0,0
0,24,0,82,0,198,0,1,0,0,2,79,3,0,14,238,0,21,5,3,7,29,0,35,0,11,0,0,0,76,0,0,0,0,0,10,0,25,0,4,0,0,0,7,0,0,0,0,0,0,0,6,0,0,0,0,0,6,0,0,0,4,0,15,0,0,0,0,0,0,0,6,0,0,0,0,0,0,0,3,0,25,0,0,0,93,0,0,0,0,0,8,0,0,0,0,0,31,0,0,0,0,0,0,0,0,0,0,0,0,0,0,0,0,0,0,0,0,0,0,0,0,0,9,0,0,0,0,0,0,0,0,0,0,0,0,0,34,0,14,0,29,0,40,0,9,0,0,0,0,0,2,0,0,0,0,0,2,0,0,0,1,0,0,0,0,0,18,0,0,0,0,0,8,0,0,0,17,0,3,0,0,0,0,0,0,0,0,0,0,0,0,0,0,0,0,0,0,0,0,0,20,0,0,0,0,0,0,0,0,0,0,0,0,0,0,0,0,15,3,16,3,0,0,0
0,0,6,0,140,40,0,0,0,0,20,0,120,39,76,0,33,0,310,87,61,72,0,0,0,0,40,0,16,0,20,6,9,0,0,0,178,0,2,0,0,0,37,0,26,0,0,0,2,0,119,0,0,0,0,0,0,0,0,0,0,0,0,0,0,0,0,0,0,0,0,0,2,0,0,0,0,0,0,0,0,0,0,0,0,0,0,0,0,0,0,0,0,0,0,0,0,0,0,0,0,0,3,0,0,0,0,0,0,0,0,0,0,0,0,0,0,0,0,0,0,0,0,0,0,0,0,0,0,0,0,0,0,0,0,0,0,0,0,0,21,0,0,0,0,0,0,0,0,0,0,0,0,0,0,0,0,0,3,0,0,0,0,0,64,0,80,0,25,0,0,0,17,0,0,0,96,20,37,0,0,0,3,0,0,0,0,0,0,0,0,0,0,0,0,0,0,0,0,0,0,0,0,0,0,0,0,0,0,0,19,84,166,0,0,0,0,0,0,0,0,0,0,0,0
0,0,0,0,0,104,0,0,0,0,0,33,40,287,7,30,0,8,86,160,56,144,0,15,0,8,84,70,0,63,0,11,0,10,0,0,0,91,0,9,12,0,0,32,0,7,0,0,0,2,0,59,0,0,0,0,0,0,0,0,0,0,0,0,0,0,0,0,0,0,0,0,0,0,0,0,0,0,0,0,0,98,0,0,0,278,0,0,0,0,0,0,0,0,0,0,0,0,0,0,0,0,0,0,0,0,0,0,0,0,0,0,0,0,0,0,0,0,0,0,0,58,0,0,0,0,0,0,0,0,0,0,0,0,0,0,0,0,0,63,0,128,0,199,0,48,0,0,0,0,0,0,0,0,0,0,0,4,0,0,0,0,0,0,0,9,0,86,0,34,0,11,0,18,0,0,0,34,0,0,0,1,0,0,0,0,0,48,0,0,0,0,0,0,0,0,0,0,0,0,0,0,0,0,0,0,0,0,0,0,0,0,0,0,12,0,0,0,31,47,134,0,0,0,0
31,0,57,0,308,29,0,0,0,0,127,28,31,0,189,22,5,0,75,21,12,15,14,0,2,0,37,0,8,0,25,4,78,0,178,0,0,0,99,0,0,0,52,0,52,0,0,0,0,0,76,0,2,0,0,0,0,0,13,0,32,0,4,0,0,0,0,0,0,0,63,0,8,0,89,0,0,0,0,0,31,0,0,0,109,0,34,0,0,0,0,0,0,0,0,0,0,0,0,0,0,0,0,0,0,0,0,0,0,0,0,0,0,0,0,0,0,0,0,0,21,0,73,0,0,0,0,0,2,0,0,0,0,0,0,0,0,0,110,0,114,0,39,0,154,0,0,0,0,0,0,0,5,0,11,0,15,0,13,0,0,0,28,0,26,0,71,0,39,0,37,0,49,0,0,0,81,24,26,0,0,0,11,0,0,0,0,0,0,0,0,0,0,0,0,0,0,0,1,0,0,0,0,0,0,0,0,0,0,0,31,36,166,10,8,0,0,0,0,0,0,0,0,0,0
0,87,0,94,0,135,0,0,0,0,0,52,0,73,11,137,0,8,0,116,0,73,0,29,0,3,0,31,0,16,0,3,0,25,0,91,0,0,0,20,1,0,0,26,0,0,0,0,0,1,0,57,0,0,0,0,0,0,0,0,0,15,0,29,0,0,0,0,0,0,0,14,0,0,0,14,0,0,0,0,0,94,0,0,0,163,0,35,0,0,0,0,0,0,0,0,0,0,0,0,0,0,0,0,0,0,0,0,0,0,0,0,0,0,0,0,0,0,0,0,0,66,0,52,0,0,0,0,0,0,0,0,0,0,0,0,0,0,0,79,0,179,0,172,0,73,0,0,0,0,0,0,0,0,0,12,0,31,0,4,0,0,0,7,0,7,0,59,0,20,0,15,0,25,0,0,0,9,0,8,0,1,0,7,0,0,0,7,0,0,0,0,0,0,0,0,0,0,0,0,0,0,0,0,0,0,0,0,0,0,0,0,0,0,0,0,0,0,0,15,46,0,0,0,0
281,0,466,0,168,0,0,0,42,0,74,0,0,0,23,6,85,0,0,0,3,0,122,11,40,0,0,0,22,0,6,0,0,0,2,0,99,0,0,0,0,0,6,0,10,0,0,0,1,0,4,0,4,0,0,0,0,0,2,0,37,0,7,0,0,0,0,0,0,0,13,0,0,0,34,0,0,0,0,0,11,0,0,0,58,0,19,0,0,0,2,0,0,0,0,0,56,0,61,0,0,0,0,0,0,0,0,0,0,0,0,0,0,0,0,0,0,0,0,0,13,0,18,0,0,0,0,0,0,0,0,0,0,0,0,0,0,0,64,0,25,0,0,0,55,0,0,0,0,0,0,0,0,0,10,0,54,0,0,0,0,0,0,0,0,0,39,0,0,0,7,0,66,0,0,0,98,0,2,0,0,0,105,0,0,0,0,0,0,0,0,0,0,0,0,0,0,0,0,0,0,0,0,0,0,0,0,0,0,0,26,7,40,5,6,0,0,0,0,0,0,0,0,0,0
0,208,0,266,0,99,0,0,0,0,0,31,0,0,0,68,0,34,0,1,0,26,0,43,0,16,0,0,0,40,0,4,0,4,0,9,0,20,0,0,0,0,0,7,0,1,0,0,0,0,0,2,0,0,0,0,0,0,0,0,0,3,0,7,0,0,0,0,0,0,0,0,0,0,0,0,0,0,0,0,0,0,0,0,0,0,0,1,0,0,0,0,0,0,0,0,0,0,0,0,0,0,0,0,0,0,0,0,0,0,0,0,0,0,0,0,0,0,0,0,0,0,0,3,0,0,0,0,0,1,0,0,0,0,0,0,0,0,0,46,0,31,0,6,0,29,0,0,0,1,0,0,0,0,0,34,0,49,0,26,0,0,0,0,0,0,0,1,0,0,0,0,0,21,0,0,0,14,0,9,0,1,0,0,0,2,0,0,0,0,0,0,0,0,0,0,0,0,0,0,0,0,0,0,0,0,0,0,0,0,0,0,0,0,0,0,0,0,0,15,0,0,0,0,0
9,0,0,0,61,0,0,0,4,0,20,0,141,90,0,0,0,0,0,61,0,18,0,0,0,0,30,206,0,0,0,0,0,0,0,12,0,1,0,0,0,270,95,37,86,74,101,237,192,0,25,17,2,0,0,0,0,0,0,0,0,0,0,0,0,0,0,0,0,0,0,0,0,0,0,0,0,0,0,0,0,0,0,0,0,0,0,0,0,0,0,0,1,0,0,0,0,0,0,0,1,0,0,0,0,0,0,0,0,0,0,0,0,0,0,0,0,0,0,0,0,0,0,0,0,0,0,0,0,0,0,0,0,0,0,0,0,0,0,0,0,0,0,0,0,0,0,0,0,0,0,0,0,0,1,0,0,0,0,0,0,0,0,0,16,0,1,0,0,0,0,0,0,0,38,0,63,46,26,0,48,0,22,0,0,0,132,10,0,0,0,0,0,0,0,0,0,0,0,0,0,0,0,0,0,0,0,0,0,0,0,160,84,0,1,0,0,39,0,2,5,0,0,0,0
0,4,0,1,0,18,0,0,0,0,0,59,16,172,0,0,0,0,0,3,0,0,0,0,0,0,113,24,0,0,0,0,0,0,0,0,0,0,0,0,270,0,0,39,98,31,165,70,55,138,5,6,0,0,0,0,0,0,0,0,0,0,0,0,0,0,0,0,0,0,0,0,0,0,0,0,0,0,0,0,0,0,0,4,0,0,0,0,0,0,0,0,0,0,0,1,0,0,0,0,0,0,0,0,0,0,0,0,0,0,0,0,0,0,0,0,0,0,0,0,0,0,0,0,0,0,0,0,0,0,0,0,0,0,0,0,0,0,0,0,0,0,0,0,0,0,0,0,0,0,0,0,0,0,0,0,0,0,0,0,0,0,0,0,0,40,0,0,0,1,0,0,0,0,0,0,0,99,2,2,0,0,0,0,0,0,58,27,0,0,0,0,0,0,0,0,0,0,0,0,0,0,0,0,0,0,0,0,0,0,0,1,0,0,0,0,0,0,0,91,17,0,0,0,2
0,0,0,0,23,0,0,0,1,0,0,4,195,13,0,0,0,0,26,0,57,10,0,0,0,0,299,12,40,0,72,0,36,0,37,0,52,0,6,0,95,0,0,8,271,0,105,6,64,0,106,0,0,0,0,0,0,0,0,0,0,0,0,0,0,0,0,0,0,0,0,0,0,0,0,0,0,0,0,0,0,0,0,0,0,0,0,0,0,0,0,0,0,0,0,0,0,0,0,0,3,0,0,0,0,0,0,0,0,0,0,0,0,0,0,0,0,0,0,0,0,0,0,0,0,0,0,0,0,0,0,0,0,0,2,0,11,0,0,0,43,0,0,0,0,0,0,0,0,0,0,0,0,0,0,0,0,0,0,0,0,0,0,0,33,1,7,0,0,0,4,0,7,0,0,0,14,3,16,0,0,0,0,0,0,0,28,0,0,0,0,0,0,0,0,0,0,0,0,0,0,0,0,0,0,0,0,0,0,0,36,112,78,0,3,0,0,12,0,0,0,0,0,0,0
0,0,0,0,0,0,0,0,0,0,0,0,0,163,0,16,0,0,0,99,0,146,0,0,0,0,90,293,0,28,0,1,0,7,0,32,0,26,0,7,37,39,8,0,5,156,24,51,0,18,0,69,0,0,0,0,0,0,0,0,0,0,0,0,0,0,0,0,0,3,0,44,0,0,0,25,0,0,0,0,0,126,0,0,0,196,0,0,0,0,0,0,0,0,0,0,0,0,0,91,0,25,0,1,0,0,0,0,0,0,0,0,0,1,0,0,0,0,0,0,0,85,0,48,0,0,0,0,0,0,0,0,0,0,0,0,0,0,0,0,0,79,0,93,0,49,0,0,0,0,0,0,0,0,0,4,0,0,0,1,0,0,0,4,0,45,0,19,0,27,0,2,0,14,0,0,0,28,0,1,0,0,0,0,0,0,7,50,0,3,0,0,0,0,0,0,0,0,0,0,0,0,0,0,0,3,0,0,0,0,0,0,0,0,13,0,0,0,35,33,122,4,0,0,0
0,0,0,0,0,0,15,0,3,0,0,0,78,22,21,0,92,0,88,0,104,0,100,0,0,0,197,17,21,0,21,0,46,0,26,0,52,0,10,0,86,98,271,5,0,15,237,68,147,35,96,0,5,0,0,0,0,0,0,0,0,0,0,0,0,0,0,1,0,0,98,0,0,0,130,0,0,0,0,0,0,0,0,0,0,0,78,0,0,0,0,0,0,0,57,1,0,0,0,0,0,0,0,1,0,0,0,0,0,0,0,0,0,0,0,0,0,0,0,0,0,0,0,0,0,0,0,0,0,0,0,0,0,0,0,0,0,0,0,0,79,0,0,0,68,0,0,0,0,0,0,0,0,0,0,0,4,0,0,0,0,0,0,0,135,4,39,0,33,0,0,0,35,0,0,0,22,8,31,0,0,0,27,0,0,0,36,2,0,0,3,0,0,0,0,0,0,0,0,0,0,0,0,0,0,0,0,0,0,0,36,109,175,16,13,0,0,56,0,7,5,0,0,0,0
0,11,0,0,0,21,0,2,0,0,0,12,0,91,0,0,0,0,0,65,0,148,0,4,0,0,41,261,0,2,0,1,0,0,0,7,0,0,0,1,74,31,0,156,15,0,47,195,11,85,0,136,0,0,0,0,0,0,0,0,0,0,0,5,0,0,0,0,0,8,0,65,0,0,0,53,0,0,0,0,0,0,0,24,0,361,0,88,0,9,0,0,0,12,0,26,0,0,0,142,0,31,0,0,0,5,0,0,0,0,0,0,0,0,0,0,0,1,0,0,0,104,0,68,0,0,0,0,0,0,0,0,0,0,0,0,0,28,0,0,0,66,0,95,0,65,0,0,0,0,0,0,0,0,0,0,0,0,0,0,0,0,0,0,0,235,0,0,0,80,0,5,0,9,0,0,0,8,0,0,0,0,0,0,0,0,10,15,0,5,0,0,0,0,0,5,0,0,0,0,0,0,0,0,0,0,0,2,0,0,0,0,0,0,16,0,0,0,109,102,251,0,0,0,0
15,0,23,0,68,0,11,0,2,0,33,0,255,35,9,0,0,0,15,10,0,5,49,0,6,1,154,53,0,0,0,0,0,0,0,0,0,0,0,0,101,165,105,24,237,47,0,104,208,37,20,0,4,0,0,0,0,0,0,0,0,0,0,0,0,0,0,0,0,0,0,0,0,0,0,0,0,0,0,0,8,0,0,0,0,0,5,0,0,0,0,0,0,0,0,0,0,0,0,0,0,0,0,0,0,0,0,0,0,0,0,0,0,0,0,0,0,0,0,0,2,0,0,0,0,0,0,0,0,0,0,0,0,0,0,0,113,0,2,0,0,0,0,0,0,0,0,0,21,0,0,0,45,0,2,0,0,0,0,0,0,0,0,0,50,0,5,0,4,0,0,0,0,0,0,0,19,22,42,0,22,0,23,0,10,0,60,0,0,0,0,0,0,0,0,0,0,0,0,0,0,0,0,0,0,0,0,0,0,0,21,218,114,10,0,0,0,76,0,0,4,0,0,0,1
0,34,0,13,0,86,0,7,0,0,0,101,16,307,0,1,0,0,0,41,0,2,0,1,0,0,80,154,0,0,0,0,0,0,0,0,0,0,0,0,237,70,6,51,68,195,104,0,45,74,4,29,0,0,0,0,0,0,0,0,0,0,0,0,0,0,0,0,0,2,0,0,0,0,0,0,0,0,0,0,0,0,0,2,0,0,0,0,0,1,0,0,0,0,0,0,0,0,0,0,0,5,0,0,0,0,0,0,0,0,0,0,0,0,0,0,0,0,0,0,0,0,0,0,0,0,0,0,0,0,0,0,0,1,0,0,0,0,0,0,0,0,0,0,0,0,0,0,0,0,0,0,0,18,0,3,0,2,0,0,0,0,0,0,0,40,0,0,0,7,0,1,0,0,0,0,0,55,0,9,0,0,0,2,0,0,33,14,0,0,0,0,0,0,0,0,0,0,0,0,0,0,0,0,0,1,0,0,0,0,0,2,0,0,0,0,0,0,0,246,119,0,0,0,5
10,0,13,0,13,0,39,0,6,0,10,0,60,0,1,0,0,0,2,0,0,0,0,1,2,1,33,3,0,0,2,0,0,0,2,0,0,0,1,0,192,55,64,0,147,11,208,45,0,70,29,0,9,0,37,0,38,0,21,0,0,0,0,0,0,0,0,0,5,0,0,0,3,0,0,0,1,0,3,0,0,0,11,0,2,0,9,0,5,0,0,0,12,0,14,0,0,1,7,0,13,0,3,0,4,0,8,0,0,0,0,0,0,0,0,0,0,0,0,0,0,0,0,0,0,0,0,0,0,0,7,0,2,0,7,0,0,0,0,0,0,0,10,0,0,0,0,0,1,0,12,0,0,0,11,0,0,0,4,0,0,0,0,0,5,2,4,0,4,0,1,0,1,0,0,0,90,16,10,0,0,0,5,0,5,0,200,0,6,0,4,0,7,0,0,0,1,0,5,0,5,0,15,0,11,0,10,0,0,0,63,64,233,3,45,0,3,30,0,10,3,0,0,0,0
0,16,0,1,0,0,0,1,0,2,0,55,0,50,0,0,0,0,0,10,0,6,0,0,0,0,0,19,0,0,0,0,0,0,0,2,0,1,0,0,0,138,0,18,35,85,37,74,70,0,0,6,0,0,0,0,0,3,0,1,0,0,0,0,0,0,0,0,0,0,0,0,0,0,0,0,0,0,0,1,0,0,0,0,0,34,0,0,0,0,0,0,0,0,0,0,0,0,0,0,0,0,0,1,1,0,0,0,0,0,0,0,0,0,0,0,0,0,0,0,0,0,0,0,0,0,0,0,0,0,0,0,0,0,0,0,0,0,0,0,0,0,0,0,0,0,0,0,0,0,0,36,0,37,0,2,0,2,0,5,0,1,0,0,0,40,0,0,0,7,0,2,0,3,0,0,0,59,0,5,0,14,0,0,0,0,55,39,0,0,0,0,0,0,0,0,0,0,0,2,0,0,0,0,0,0,0,3,0,0,0,9,0,0,9,0,0,2,56,27,22,4,0,0,1
0,0,0,0,100,0,12,0,9,0,12,0,355,55,0,0,17,0,275,72,71,0,0,0,0,0,414,20,12,0,66,4,16,0,119,0,76,0,4,0,25,5,106,0,96,0,20,4,29,0,0,0,0,1,0,0,9,0,11,0,2,0,3,0,0,0,0,0,0,0,17,0,0,0,14,0,2,0,6,0,0,0,13,0,0,0,19,0,0,0,0,0,0,0,0,0,0,0,0,0,8,0,0,0,0,0,3,0,0,0,0,0,0,0,0,0,0,0,0,0,0,0,0,0,0,0,0,0,0,0,0,0,0,0,0,0,15,0,0,0,0,0,0,0,14,0,0,0,0,1,0,0,0,0,0,0,0,0,0,0,1,0,6,0,82,0,20,0,30,0,17,0,41,0,0,0,63,0,32,0,2,0,0,0,0,0,14,0,1,0,0,0,0,0,0,0,0,0,0,0,7,0,0,0,0,0,0,0,0,0,105,113,192,14,11,0,0,4,0,0,0,0,0,0,0
0,0,0,0,0,0,0,0,0,0,0,7,17,207,0,0,0,0,0,81,0,117,0,0,0,0,44,364,0,48,0,11,0,6,0,59,0,57,0,2,17,6,0,69,0,136,0,29,0,6,0,0,0,3,0,0,0,0,0,0,0,2,0,5,0,0,0,0,0,4,0,39,0,0,0,39,0,0,0,0,0,0,0,0,0,0,0,0,0,5,0,0,0,0,0,18,0,0,0,74,0,27,0,3,0,0,0,0,0,0,0,0,0,0,0,0,0,0,0,0,0,69,0,37,0,0,0,0,0,2,0,3,0,0,0,0,0,0,0,33,0,61,0,74,0,46,0,0,0,0,0,0,0,0,0,0,0,6,0,3,0,0,0,11,0,34,0,28,0,78,0,11,0,20,0,0,0,0,0,0,0,0,0,0,0,0,1,41,0,9,0,0,0,1,0,3,0,0,0,0,0,30,0,5,0,0,0,0,0,0,0,0,0,0,15,0,0,0,39,54,88,11,0,1,0
8,0,22,0,8,0,163,32,211,130,0,0,2,0,22,0,108,1,0,0,0,0,19,0,103,9,0,0,2,0,0,0,1,0,0,0,2,0,4,0,2,0,0,0,5,0,4,0,9,0,0,0,0,37,79,120,197,14,19,55,32,0,74,11,1,6,0,81,0,0,1,0,0,0,0,0,1,0,0,0,0,0,1,0,37,0,0,0,0,0,0,0,0,0,0,0,30,0,0,0,0,0,0,0,0,0,0,0,0,0,0,0,0,0,0,0,0,0,0,0,0,0,11,0,0,0,8,0,45,0,19,0,17,0,6,0,158,0,212,0,160,0,78,0,26,0,1,0,0,0,0,0,0,0,362,0,37,0,168,0,24,4,2,0,0,0,1,0,0,0,49,0,5,0,0,0,13,2,0,0,0,0,15,0,0,5,0,0,0,0,0,0,0,0,0,0,0,0,0,0,14,0,0,0,0,0,0,0,3,0,18,3,137,54,25,0,32,0,6,5,2,7,0,0,0
7,43,3,0,0,5,79,68,91,113,0,0,0,0,0,6,2,46,0,0,0,12,1,20,32,17,0,0,0,15,0,2,0,0,0,0,0,0,0,0,0,0,0,0,0,0,0,0,0,0,1,3,37,0,48,104,0,88,7,13,2,8,24,110,0,0,7,7,0,0,0,0,0,0,0,0,0,0,0,0,0,0,0,0,0,7,0,0,0,0,0,2,0,0,0,0,0,0,0,0,0,0,0,0,0,0,0,0,0,0,0,0,0,0,0,0,0,0,0,0,0,0,0,1,0,0,0,0,0,26,0,0,0,7,0,37,0,60,0,279,0,33,0,24,0,49,0,0,0,0,0,0,0,0,0,126,0,103,0,81,0,4,0,0,0,0,0,0,0,0,2,28,0,4,0,0,15,118,0,0,0,0,0,14,0,7,0,0,0,0,0,0,0,0,0,0,0,0,0,0,0,8,0,0,0,0,0,0,0,0,16,0,0,3,30,0,0,0,32,41,48,28,0,0,0
0,0,47,0,0,0,295,0,40,170,0,0,0,0,0,0,0,0,0,0,0,0,41,0,148,0,0,0,0,0,0,0,0,0,0,0,0,0,0,0,0,0,0,0,0,0,0,0,37,0,0,0,79,48,0,134,60,6,10,61,11,0,2,22,5,3,28,133,0,0,0,0,0,0,0,0,0,0,0,0,0,0,0,0,0,0,0,0,0,0,0,0,0,0,0,0,0,0,0,0,0,0,0,0,0,0,0,0,0,0,0,0,0,0,0,0,0,0,0,0,0,0,0,0,2,0,7,0,18,0,43,0,8,0,3,0,21,0,2,0,0,0,0,0,0,0,0,0,4,0,0,0,0,0,59,0,28,0,5,0,23,0,4,0,0,0,4,0,7,0,162,0,14,0,0,0,6,2,0,0,0,0,3,2,2,0,0,0,0,0,0,0,0,0,0,0,0,0,0,0,0,0,0,0,0,0,0,0,0,0,314,43,326,358,251,0,113,2,0,7,0,0,0,0,0
0,19,0,19,0,0,168,462,239,229,0,0,0,3,0,70,0,37,0,38,0,40,0,28,54,143,0,0,0,20,0,0,0,0,0,0,0,0,0,0,0,0,0,0,0,0,0,0,0,0,0,0,120,104,134,0,0,134,24,122,0,0,77,67,0,4,58,20,0,0,0,0,0,0,0,0,0,0,0,0,0,0,0,0,0,0,0,0,0,0,0,0,0,1,0,0,0,0,0,0,0,0,0,1,0,0,0,0,0,0,0,0,0,0,0,0,0,0,0,0,0,0,0,0,0,0,0,0,0,27,0,51,0,28,0,41,0,100,1,37,0,0,0,6,0,0,0,0,0,0,0,2,0,0,0,51,3,25,0,8,0,3,0,1,0,0,0,0,0,6,0,111,0,0,0,0,23,21,0,0,0,0,0,1,4,6,0,0,0,0,0,0,0,0,0,0,0,0,0,0,0,0,0,0,0,0,0,0,2,0,40,5,11,7,196,0,0,0,243,35,270,255,9,39,0
0,0,0,0,0,0,35,0,4,0,0,0,0,0,0,0,15,0,0,0,0,0,0,0,30,0,0,0,1,0,0,0,0,0,0,0,0,0,0,0,0,0,0,0,0,0,0,0,38,0,9,0,197,0,60,0,0,0,99,26,0,0,0,0,21,0,6,32,0,0,0,0,0,1,0,0,0,0,0,0,0,0,0,0,0,0,0,0,0,0,0,0,0,0,0,0,0,0,0,0,0,0,0,0,0,0,0,0,0,0,0,0,0,0,0,0,0,0,0,0,0,0,0,0,5,0,11,0,57,0,66,0,21,0,3,0,23,0,0,7,3,0,0,0,25,0,1,0,6,0,0,0,0,0,137,6,16,0,69,0,85,0,38,0,0,0,14,0,9,0,95,0,17,0,3,0,0,1,0,0,0,11,0,0,0,3,0,0,0,0,0,0,0,0,0,0,0,0,1,0,0,0,0,0,0,0,0,0,0,0,542,80,488,508,587,3,214,6,17,8,9,0,0,0,0
0,3,0,0,0,0,13,19,22,44,0,0,0,0,0,0,0,76,0,15,0,23,0,25,0,44,0,0,0,47,0,7,0,6,0,0,0,0,0,0,0,0,0,0,0,0,0,0,0,3,0,0,14,88,6,134,0,0,28,167,0,0,0,20,7,9,56,80,0,1,0,0,0,0,0,0,0,0,0,0,0,0,0,0,0,0,0,0,0,0,0,0,0,0,0,1,0,0,0,0,0,0,0,0,0,0,0,0,0,0,0,0,0,0,0,0,0,0,0,0,0,0,0,0,0,14,0,0,0,48,1,62,0,20,0,0,0,85,0,86,0,0,0,9,0,0,0,0,0,1,0,0,0,0,4,172,0,15,0,81,0,33,0,37,0,4,0,0,1,15,0,282,0,4,0,4,0,0,0,0,0,0,0,0,6,3,0,0,0,0,0,0,0,0,0,0,0,0,0,0,0,0,0,0,0,0,0,0,0,4,3,0,3,0,239,0,0,0,254,74,404,265,17,48,1
0,1,22,0,16,0,5,0,13,0,0,0,0,0,0,0,2,0,0,0,0,0,0,0,0,0,0,0,0,0,0,0,0,0,0,0,13,0,2,0,0,0,0,0,0,0,0,0,21,0,11,0,19,7,10,24,99,28,0,124,0,0,0,0,132,16,144,215,0,0,0,0,1,0,0,0,0,0,1,0,0,0,0,0,0,0,0,0,0,0,0,0,0,0,0,0,0,0,0,0,0,0,0,0,0,0,0,0,0,0,0,0,0,0,0,0,0,0,0,0,0,0,0,0,3,0,13,0,0,0,58,0,9,0,2,0,3,0,0,7,0,0,0,0,9,0,0,0,21,0,0,0,0,0,59,18,67,1,0,27,31,0,3,0,0,0,8,0,0,0,63,0,37,0,20,6,41,0,0,0,60,6,0,0,48,10,0,0,0,0,0,0,0,0,0,0,0,0,0,0,0,0,0,0,0,0,0,0,2,0,777,327,225,496,637,0,205,4,26,8,4,0,0,0,0
0,0,1,0,0,0,0,2,0,7,0,0,0,0,0,0,0,0,0,0,0,0,0,0,0,3,0,0,0,0,0,0,0,0,0,0,0,0,0,0,0,0,0,0,0,0,0,0,0,1,0,0,55,13,61,122,26,167,124,0,0,0,0,3,10,61,190,219,0,0,0,0,0,2,0,0,0,0,0,0,0,0,0,0,0,0,0,0,0,0,0,0,0,0,0,0,0,0,0,0,0,0,0,0,0,0,0,0,0,0,0,0,0,0,0,0,0,0,0,0,0,0,0,0,0,0,0,0,0,3,0,17,0,0,0,0,0,0,3,7,0,0,0,0,0,65,0,0,0,3,0,0,0,0,11,79,0,43,0,75,0,38,0,31,0,1,0,0,0,22,0,76,0,0,0,12,11,0,0,0,11,0,0,0,21,21,0,0,0,0,0,0,0,0,0,0,0,0,0,0,0,0,0,0,0,0,0,0,0,0,25,4,0,0,705,0,0,0,1033,208,444,476,34,57,0
135,0,112,0,0,0,262,0,174,6,0,0,0,0,0,0,31,0,0,0,0,0,0,0,24,6,0,0,7,0,0,0,7,0,0,0,32,0,37,0,0,0,0,0,0,0,0,0,0,0,2,0,32,2,11,0,0,0,0,0,0,0,52,4,0,0,0,0,0,0,8,0,0,0,0,0,0,0,0,0,0,0,0,0,0,0,0,0,0,0,0,0,0,0,0,0,0,0,0,0,0,0,0,0,0,0,0,0,0,0,0,0,0,0,0,0,0,0,0,0,0,0,0,0,0,0,0,0,4,0,0,0,0,0,0,0,10,0,171,0,100,0,0,0,188,0,0,0,0,0,4,0,0,0,39,0,125,0,44,0,0,0,15,0,0,0,0,0,0,0,94,0,149,0,0,0,71,0,0,0,0,0,12,0,3,0,0,0,0,0,0,0,0,0,0,0,0,0,0,0,0,0,0,0,0,0,0,0,0,0,8,0,87,60,18,0,0,0,0,0,0,0,0,0,0
0,410,0,173,0,0,0,286,0,54,0,0,0,0,0,17,0,77,0,4,0,0,0,51,0,77,0,0,0,37,0,0,0,4,0,0,0,15,0,3,0,0,0,0,0,0,0,0,0,0,0,2,0,8,0,0,0,0,0,0,0,0,0,44,0,0,0,0,0,0,0,0,0,0,0,0,0,0,0,0,0,0,0,0,0,0,0,0,0,0,0,0,0,0,0,0,0,0,0,0,0,0,0,0,0,0,0,0,0,0,0,0,0,0,0,0,0,0,0,0,0,0,0,0,0,0,0,0,0,0,0,0,0,0,0,0,0,0,0,39,0,17,0,7,0,47,0,0,0,0,0,0,0,0,0,9,0,148,0,11,0,0,0,2,0,0,0,2,0,1,0,30,0,52,0,0,5,87,0,7,0,0,0,89,0,0,0,0,0,0,0,0,0,0,0,0,0,0,0,0,0,0,0,0,0,0,0,0,0,0,0,0,0,0,4,0,0,0,8,208,66,0,0,0,0
131,14,269,0,0,0,278,44,287,123,0,0,0,0,36,0,433,7,19,0,36,0,75,0,229,29,16,0,29,0,0,0,5,0,0,0,4,0,7,0,0,0,0,0,0,0,0,0,0,0,3,0,74,24,2,77,0,0,0,0,52,0,0,25,0,0,0,2,0,0,9,0,0,0,0,0,0,0,0,0,0,0,0,0,55,0,2,0,0,0,0,0,0,0,0,0,26,0,0,0,0,0,0,0,0,0,0,0,0,0,0,0,0,0,0,0,0,0,0,0,0,0,27,0,0,0,0,0,12,0,0,0,0,0,0,0,39,0,105,0,105,0,44,0,21,0,0,0,0,0,0,0,0,0,43,2,12,0,26,0,0,0,0,0,0,0,0,0,0,0,2,5,11,0,0,0,68,11,0,0,0,0,41,0,0,0,0,0,0,0,0,0,0,0,0,0,0,0,0,0,0,0,0,0,0,0,0,0,0,0,3,0,8,10,0,0,0,0,7,0,0,0,0,0,0
12,195,24,126,0,0,106,342,58,102,0,3,0,0,1,12,6,443,0,36,0,54,6,171,147,136,0,0,0,96,0,0,0,15,0,0,0,29,0,7,0,0,0,0,0,5,0,0,0,0,0,5,11,110,22,67,0,20,0,3,4,44,25,0,0,1,0,0,0,0,0,0,0,0,0,0,0,0,0,0,0,0,0,0,0,0,0,0,0,0,0,0,0,0,0,0,0,0,0,0,0,0,0,0,0,0,0,4,0,0,0,0,0,0,0,0,0,0,0,0,0,0,0,0,0,0,0,0,0,16,0,0,0,0,0,0,0,0,0,115,0,54,0,21,0,0,0,0,0,0,0,0,0,0,0,53,0,45,0,14,0,0,0,0,0,0,0,0,0,2,1,9,1,9,0,0,27,120,0,2,0,0,4,55,1,0,0,0,0,0,0,0,0,0,0,0,0,0,0,1,0,0,0,0,0,0,0,0,0,0,10,0,0,0,6,0,0,0,17,38,23,10,1,1,0
0,0,0,0,0,0,12,0,67,0,0,0,5,0,0,0,0,0,0,0,0,0,0,0,0,0,0,0,0,0,0,0,0,0,0,0,0,0,0,0,0,0,0,0,0,0,0,0,0,0,0,0,1,0,5,0,21,7,132,10,0,0,0,0,0,31,157,0,0,0,0,8,0,0,0,0,0,0,0,0,0,0,0,0,0,0,2,0,0,0,0,0,0,0,0,0,0,0,0,1,0,0,0,0,0,0,0,0,0,0,0,0,0,0,0,0,0,0,0,0,0,0,0,0,0,0,2,0,0,0,22,0,0,0,0,0,4,0,24,69,6,0,0,0,43,5,8,0,23,0,2,0,0,0,13,0,0,0,7,20,304,52,12,0,0,0,0,0,0,0,0,0,2,0,48,5,3,0,0,0,206,30,0,0,106,1,0,0,0,0,0,0,0,0,0,0,0,0,0,0,0,0,0,0,0,0,0,0,0,0,136,13,0,0,60,0,0,0,6,0,0,0,0,0,0
0,6,0,0,0,25,0,0,0,47,0,0,0,5,0,0,0,0,0,5,0,0,0,0,3,0,0,0,0,0,0,0,0,0,0,0,0,0,0,0,0,0,0,0,0,0,0,0,0,0,0,0,6,0,3,4,0,9,16,61,0,0,0,1,31,0,11,252,0,0,0,93,0,40,0,56,0,0,0,0,0,0,0,0,0,0,0,0,0,0,0,0,0,0,0,0,0,1,0,0,0,0,0,0,0,0,0,0,0,0,0,0,0,0,0,0,0,0,0,0,4,0,0,0,0,43,0,26,0,2,0,131,0,2,0,0,0,0,0,107,0,89,0,0,0,147,0,68,0,84,0,15,0,4,4,6,0,6,16,13,29,264,1,39,0,0,0,0,0,15,0,0,0,0,1,74,2,0,0,0,58,169,0,2,5,45,0,0,0,0,0,0,0,0,0,0,0,0,0,0,1,0,0,0,0,0,0,0,0,20,0,0,0,0,92,0,1,0,168,7,73,0,0,0,0
0,0,1,0,0,0,56,0,201,11,0,0,0,0,0,0,0,0,0,0,0,0,0,0,0,0,0,0,0,0,0,0,0,0,0,0,0,0,0,0,0,0,0,0,0,0,0,0,0,0,0,0,0,7,28,58,6,56,144,190,0,0,0,0,157,11,0,132,0,0,0,0,0,0,0,0,0,0,0,0,0,0,0,0,0,0,0,0,0,0,0,0,0,0,0,0,0,0,0,0,0,0,0,0,0,0,0,0,0,0,0,0,0,0,0,0,0,0,0,0,0,0,0,0,0,0,0,0,0,0,9,0,0,0,0,0,0,0,10,0,0,0,0,0,0,0,0,0,21,0,0,0,0,0,11,15,0,0,0,19,47,0,1,0,0,0,4,0,0,0,6,0,0,0,15,1,112,0,0,0,0,0,0,0,233,6,0,0,0,0,0,0,0,0,0,0,0,0,0,0,0,0,0,0,0,0,0,0,0,1,65,42,7,36,42,0,12,0,11,0,0,0,0,0,0
0,0,0,0,0,0,56,0,130,36,0,0,0,0,0,0,0,0,0,0,0,0,0,0,0,0,0,0,0,0,0,0,0,0,0,0,0,0,0,0,0,0,0,0,1,0,0,0,0,0,0,0,81,7,133,20,32,80,215,219,0,0,2,0,0,252,132,0,0,0,0,0,0,1,0,3,0,0,0,0,0,2,0,0,0,0,0,0,0,0,0,0,0,0,0,0,0,0,0,0,0,0,0,0,0,0,0,0,0,0,0,0,0,0,0,0,0,0,0,0,0,0,0,0,0,7,0,1,0,0,0,10,0,0,0,0,0,0,0,21,0,0,0,0,0,77,0,0,0,7,0,5,0,2,16,39,2,17,0,42,6,33,0,21,0,0,0,0,0,0,4,6,0,0,0,57,37,0,0,0,26,68,0,0,19,170,0,0,0,0,0,0,0,0,0,0,0,0,0,0,0,0,0,0,0,0,0,0,0,3,0,0,0,0,109,0,0,0,288,71,66,116,4,5,0
0,0,0,0,0,0,0,0,0,0,1,0,0,0,0,0,0,0,0,0,0,0,0,0,0,0,0,0,0,0,0,0,0,0,0,0,0,0,0,0,0,0,0,0,0,0,0,0,5,0,0,0,0,0,0,0,0,0,0,0,0,0,0,0,0,0,0,0,0,0,0,0,3,0,0,0,76,0,5,0,0,0,23,0,0,0,0,0,12,0,0,0,34,0,0,0,0,0,0,0,0,0,145,0,0,0,0,0,32,0,4,0,2,0,0,0,1,0,0,0,0,0,0,0,0,0,0,0,0,0,0,0,0,0,0,0,0,0,0,0,0,0,0,0,0,0,0,0,0,0,0,0,0,0,0,0,0,0,0,0,0,0,0,0,3,0,0,0,59,0,0,0,0,0,0,0,0,0,0,0,0,0,0,0,0,0,0,0,0,0,5,0,0,0,0,0,0,0,0,0,0,0,0,0,0,0,0,0,0,0,83,2,71,2,7,2,24,0,0,0,0,0,0,0,0
0,0,0,0,0,0,0,0,0,0,0,0,0,0,0,0,0,0,0,0,0,0,0,0,0,0,0,0,0,0,0,0,0,0,0,0,0,0,0,0,0,0,0,3,0,8,0,2,0,0,0,4,0,0,0,0,0,1,0,0,0,0,0,0,0,0,0,0,0,0,0,0,0,1,0,0,0,24,0,0,0,0,0,76,0,0,0,5,0,38,0,0,0,21,0,43,0,0,0,0,0,0,0,160,0,0,0,0,0,1,0,0,0,8,0,0,0,0,0,0,0,0,0,0,0,0,0,0,0,0,0,4,0,0,0,0,0,0,0,0,0,0,0,0,0,0,0,0,0,1,0,0,0,0,0,0,0,1,0,0,0,0,0,0,0,34,0,0,0,63,0,1,0,0,0,0,0,0,0,0,0,2,0,0,0,0,0,0,0,0,0,0,0,0,0,6,0,0,0,0,0,0,0,0,0,0,0,3,0,0,0,0,0,0,3,0,0,0,78,5,105,5,1,1,1
0,0,0,0,0,0,0,0,0,0,0,0,0,0,0,0,49,0,0,0,29,0,0,0,0,0,0,0,38,0,48,0,47,0,0,0,63,0,13,0,0,0,0,0,98,0,0,0,0,0,17,0,1,0,0,0,0,0,0,0,8,0,9,0,0,0,0,0,0,0,0,0,322,0,501,0,0,0,282,0,8,0,0,0,2,0,34,0,0,0,0,0,0,0,0,0,0,0,0,0,0,0,0,0,0,0,0,0,0,0,0,0,0,0,0,0,0,0,0,0,47,0,5,0,0,0,35,0,0,0,0,7,29,1,17,0,26,0,9,12,87,0,26,0,131,0,0,0,25,0,36,0,15,0,0,0,6,0,0,0,14,13,46,0,0,0,10,0,16,0,36,0,45,0,13,0,0,0,0,0,85,12,8,0,10,0,0,0,0,0,0,0,0,0,0,0,0,0,0,0,0,0,0,0,0,0,0,0,33,0,3,0,17,2,0,1,0,0,0,0,0,0,0,0,0
0,0,0,0,0,0,0,0,0,0,0,3,0,0,0,0,0,0,0,0,0,39,0,22,0,0,0,0,0,0,0,6,0,6,0,0,0,14,0,0,0,0,0,44,0,65,0,0,0,0,0,39,0,0,0,0,0,0,0,0,0,0,0,0,8,93,0,0,0,0,0,0,0,122,0,162,0,33,0,11,0,0,0,0,0,0,1,125,0,0,0,0,0,0,0,0,20,0,0,0,0,0,0,0,0,0,0,0,0,0,0,0,0,0,0,0,0,0,0,0,0,2,0,10,0,89,0,0,0,0,0,0,0,30,0,0,0,0,0,0,0,40,0,1,0,100,0,0,0,91,0,0,0,0,0,0,0,0,8,1,0,22,0,77,0,1,0,9,3,6,0,23,0,20,0,65,0,0,0,0,21,119,0,0,0,0,0,0,0,0,0,0,0,0,0,0,0,0,0,0,0,0,0,0,0,0,0,0,1,0,0,0,0,0,0,0,0,0,37,0,12,0,0,0,0
0,0,0,0,0,0,0,0,0,0,0,0,0,0,0,0,0,0,0,0,0,0,4,0,0,0,0,0,0,0,0,0,17,0,2,0,8,0,0,0,0,0,0,0,0,0,0,0,3,0,0,0,0,0,0,0,0,0,1,0,0,0,0,0,0,0,0,0,3,0,322,0,0,0,263,0,59,0,223,0,8,0,59,0,0,0,35,0,0,0,0,0,2,0,6,0,0,0,0,0,0,0,0,0,0,0,0,0,0,0,0,0,0,0,0,0,0,0,0,0,44,0,0,0,69,0,68,0,0,0,12,0,65,0,71,0,59,0,0,8,35,0,139,0,95,0,32,0,0,0,114,0,17,0,0,0,0,0,0,0,4,5,39,0,0,0,0,0,12,3,9,0,0,0,0,0,0,0,0,0,53,10,0,0,5,0,0,0,0,0,0,0,0,0,0,0,14,0,0,0,0,0,60,0,16,0,0,1,98,0,138,2,13,12,15,0,1,0,0,0,0,0,0,0,0
0,0,0,0,0,0,0,0,0,0,0,0,0,0,0,0,0,0,0,0,0,0,0,0,0,0,0,0,0,0,0,0,0,0,0,0,0,0,0,0,0,0,0,0,0,0,0,0,0,0,0,0,0,0,0,0,1,0,0,2,0,0,0,0,0,40,0,1,0,1,0,122,0,0,0,184,0,120,0,62,2,4,0,47,0,0,0,165,0,0,0,0,0,0,0,0,0,0,0,3,2,0,0,0,0,0,0,0,0,0,0,0,0,1,0,0,0,0,0,0,0,10,0,38,0,52,0,0,0,0,0,40,0,0,0,42,0,0,0,3,0,12,7,7,0,20,0,0,0,0,0,0,0,16,0,0,0,0,0,0,0,13,0,44,0,0,0,0,0,19,0,8,0,1,0,0,0,0,0,0,9,71,0,0,0,0,0,0,0,13,0,5,0,4,0,0,0,0,0,0,0,0,0,46,0,0,0,78,0,61,0,0,10,0,4,0,0,0,105,1,25,0,0,0,0
0,0,0,0,0,0,0,0,0,0,0,0,0,0,0,0,101,0,0,0,63,0,0,0,0,0,0,0,49,0,75,0,104,0,0,0,89,0,34,0,0,0,0,0,130,0,0,0,0,0,14,0,0,0,0,0,0,0,0,0,0,0,0,0,0,0,0,0,0,0,501,0,263,0,0,0,0,0,307,2,24,0,35,0,19,0,64,10,0,0,0,0,0,0,19,2,8,0,19,5,0,0,0,0,0,0,0,0,0,0,0,0,0,0,0,0,0,0,0,0,144,0,31,0,24,14,0,0,0,0,0,24,20,0,56,0,36,0,0,0,152,0,145,4,196,0,13,0,53,14,57,0,0,0,1,0,18,0,0,0,0,0,51,0,0,0,0,0,26,6,10,0,29,0,25,0,0,0,0,0,110,27,0,0,0,0,0,0,0,0,0,0,0,0,0,0,0,0,17,0,0,0,34,0,4,0,0,0,77,0,68,1,19,8,11,0,0,0,0,0,0,0,0,0,0
0,0,0,0,0,9,0,0,0,0,0,0,0,0,0,0,0,9,0,0,0,0,0,36,0,0,0,0,0,0,0,0,0,0,0,0,0,14,0,0,0,0,0,25,0,53,0,0,0,0,0,39,0,0,0,0,0,0,0,0,0,0,0,0,0,56,0,3,0,0,0,162,0,184,0,0,0,19,0,79,0,0,0,5,0,0,0,143,0,0,0,0,0,0,0,0,0,0,0,0,0,0,0,0,0,0,4,0,0,0,0,0,0,0,0,0,0,0,0,0,0,94,0,15,0,96,0,70,0,0,36,58,0,38,0,0,0,6,0,6,0,75,0,9,0,123,0,0,32,83,0,66,0,0,0,0,0,5,0,0,0,0,0,63,0,0,0,17,0,15,0,13,0,5,0,66,0,0,0,0,24,170,0,0,0,0,0,0,0,0,0,0,0,0,0,0,0,0,0,0,0,17,0,0,0,0,0,80,0,64,0,0,0,0,10,0,0,0,38,0,19,0,0,0,0
0,0,0,0,3,0,0,0,0,0,0,0,0,0,0,0,0,0,0,0,0,0,0,0,0,0,0,0,0,0,0,0,0,0,0,0,0,0,0,0,0,0,0,0,0,0,0,0,1,0,2,0,1,0,0,0,0,0,0,0,0,0,0,0,0,0,0,0,76,0,0,0,59,0,0,0,0,0,43,0,11,1,104,0,0,0,20,0,14,0,0,0,41,0,19,0,0,0,10,0,20,0,53,0,0,0,0,3,8,0,0,0,0,0,0,0,17,0,0,0,4,0,0,0,0,2,0,0,0,0,0,0,0,0,0,0,0,0,0,0,0,0,17,1,0,0,0,0,0,0,0,0,0,2,0,0,0,0,0,0,0,0,0,0,8,0,0,0,36,0,1,0,0,0,0,0,0,0,0,0,0,0,0,0,0,0,0,0,24,0,16,0,0,0,10,0,0,0,0,0,0,0,0,0,0,0,0,0,0,0,113,2,71,0,8,0,5,0,0,0,0,0,0,0,0
0,0,0,0,0,0,0,0,0,0,0,0,0,0,0,0,0,0,0,0,0,0,0,0,0,0,0,1,0,0,0,0,0,0,0,0,0,0,0,0,0,0,0,0,0,0,0,0,0,0,0,0,0,0,0,0,0,0,0,0,0,0,0,0,0,0,0,0,0,24,0,33,0,120,0,19,0,0,0,10,0,13,0,99,0,19,0,92,0,16,0,0,0,34,0,92,0,0,0,3,0,10,0,25,0,0,0,0,0,6,0,0,0,0,0,0,0,3,0,0,0,0,0,6,0,0,0,0,0,0,7,0,0,0,0,20,0,0,0,0,0,0,0,0,0,0,0,0,0,0,0,0,0,0,0,0,0,0,0,0,0,0,0,4,0,3,0,0,0,139,0,0,0,0,0,0,0,0,0,0,0,0,0,0,0,0,0,0,0,0,0,0,0,0,0,11,0,0,0,0,0,0,0,0,0,0,0,0,0,0,0,0,0,0,5,0,0,0,51,1,86,0,0,0,1
0,0,0,0,0,0,0,0,0,0,0,0,0,0,0,0,0,1,0,0,0,0,0,0,0,0,0,0,0,0,0,0,0,0,0,0,0,0,0,0,0,0,0,0,0,0,0,0,3,0,6,0,0,0,0,0,0,0,1,0,0,0,0,0,0,0,0,0,5,0,282,0,223,0,307,0,43,0,0,0,27,0,209,0,29,3,66,0,7,0,0,0,40,0,44,0,3,0,27,0,26,0,54,0,35,0,0,0,0,0,0,0,0,0,0,0,4,0,0,0,115,0,37,0,0,0,0,0,0,0,0,0,0,0,52,0,22,0,0,0,44,0,216,0,36,0,0,4,0,0,44,0,0,0,0,0,0,0,0,0,0,0,7,0,12,0,0,0,87,0,0,0,0,0,0,0,0,0,0,0,46,16,0,0,0,0,0,0,55,0,49,0,60,0,17,0,12,0,0,0,116,0,123,0,106,0,0,0,68,0,259,3,76,6,32,0,0,0,5,0,0,0,0,0,0
0,0,0,0,0,0,0,0,0,0,0,0,0,0,0,0,0,0,0,0,0,0,0,0,0,0,0,0,0,0,0,0,0,3,0,0,0,0,0,0,0,0,0,0,0,0,0,0,0,1,0,0,0,0,0,0,0,0,0,0,0,0,0,0,0,0,0,0,0,0,0,11,0,62,2,79,0,10,0,0,0,0,0,0,0,9,0,43,0,0,0,0,0,0,0,1,0,0,0,0,0,0,0,0,0,0,0,0,0,0,0,0,0,0,0,0,0,0,0,0,0,5,0,15,0,0,0,20,0,0,0,0,0,16,0,26,0,0,0,0,0,20,0,18,0,30,0,0,15,0,0,0,0,0,0,0,0,0,3,0,0,7,0,7,0,0,0,3,0,0,0,8,0,0,0,0,0,0,0,0,0,0,0,0,0,0,0,0,0,0,0,0,0,0,0,0,0,0,0,0,10,25,0,0,0,0,0,0,1,42,0,0,0,0,0,0,0,0,7,0,3,0,0,0,0
