0,78,53,0,73,0,21,95,71,15,83,0,101,0,37,0,123,37,7,0,0,0,94,48,6,133,24,0,92,0,0,0,128,0,0,0,71,0,423,0,58,0,0,0,0,0,53,0,5,0,0,0,0,0,0,0,0,1,6,0,0,0,171,0,6,0,0,0,0,0,0,0,0,0,0,0,0,0,0,0,0,0,0,0,0,0,0,0,0,0,0,0,0,0,0,0,0,0,0,0,0,0,0,0,0,0,0,0,0,0,0,0,0,0,0,0,0,0,0,0,0,0,0,0,15,0,15,0,0,0,27,0,0,0,0,0,6,0,0,0,0,0,0,0,0,0,34,0,27,0,6,0,10,0,2,0,0,0,0,0,16,0,0,0,0,0,0,0,30,0,55,0,564,0,0,0,187,249,35,0,0,0,72,0,26,0,0,0,0,0,0,0,0,0,0,0,0,0,1,0,0,0,0,0,0,0,0,0,0,0,713,213,446,0,149,0,0,2,0,0,16,0,0,0,0
78,0,89,88,0,131,44,41,0,75,0,245,0,113,0,117,129,20,0,103,0,0,237,13,145,8,0,155,3,129,0,0,0,186,0,0,0,236,0,427,0,61,0,0,0,0,0,84,0,7,0,5,2,10,1,3,0,1,0,3,0,104,15,97,0,28,0,20,0,0,0,0,0,0,0,0,0,0,0,0,0,0,0,0,1,0,0,0,0,0,0,0,0,0,0,0,0,0,0,0,0,0,0,0,0,0,0,0,0,0,0,0,0,0,0,0,0,0,0,3,0,0,0,0,0,17,0,6,0,0,0,27,0,0,0,3,0,6,0,0,0,0,0,0,0,0,0,6,0,32,0,8,0,0,0,8,0,0,0,0,0,11,0,0,0,9,0,42,0,11,0,52,0,320,0,0,6,607,0,23,0,17,5,53,0,72,0,0,0,0,0,0,0,0,0,0,0,0,0,0,0,0,0,2,0,0,0,0,0,4,0,0,7,0,209,0,0,0,634,130,314,137,0,21,0
53,89,0,0,386,0,47,0,6,0,81,0,94,0,161,0,102,47,44,0,33,0,584,66,72,113,55,0,292,0,86,3,275,12,0,0,79,0,421,0,30,0,0,0,0,0,23,0,4,0,11,0,6,0,35,5,0,0,15,0,29,0,135,6,3,0,0,0,0,0,0,0,0,0,0,0,0,0,0,0,0,0,0,0,0,0,0,0,0,0,0,0,0,0,0,0,0,0,0,0,4,0,0,0,0,1,0,0,0,0,0,0,0,0,0,0,0,0,0,0,0,0,0,0,10,0,13,0,0,0,11,0,2,0,21,0,28,0,0,0,0,0,0,0,0,0,24,0,30,0,32,0,7,0,0,0,0,0,0,0,14,0,0,0,0,0,0,0,30,0,28,0,305,0,0,0,61,216,10,0,8,0,0,0,19,0,0,0,0,0,0,0,0,0,0,0,0,0,10,0,12,0,0,0,7,0,0,0,11,0,579,61,448,0,245,0,0,0,0,0,0,0,0,0,0
0,88,0,0,0,142,0,43,0,4,0,35,0,31,26,287,0,31,0,125,12,86,139,93,16,94,0,53,5,192,1,25,0,364,0,0,0,91,0,210,0,0,0,0,0,0,0,0,0,3,0,0,0,24,0,39,0,11,0,0,0,0,1,7,0,10,0,0,0,0,0,0,0,0,0,0,0,0,0,0,0,0,0,0,0,20,0,0,0,0,0,0,0,0,0,0,0,0,0,0,0,0,0,0,0,0,0,58,0,0,0,0,0,0,0,0,0,0,0,0,0,0,0,0,0,25,0,0,0,0,0,40,0,33,0,99,0,118,0,0,0,20,0,29,0,0,0,0,0,16,0,5,0,0,0,1,0,0,0,0,0,14,0,0,0,4,0,55,1,8,0,1,0,103,0,1,0,163,0,0,0,0,0,1,0,6,0,0,0,0,0,0,0,0,0,0,0,0,0,0,0,48,0,0,0,0,0,0,0,21,0,0,0,0,71,0,0,0,169,28,155,0,1,0,0
73,0,386,0,0,153,10,0,11,0,121,50,234,0,209,175,18,7,73,103,179,43,104,49,14,0,88,0,62,0,142,0,395,0,58,11,311,0,0,0,127,0,0,0,0,0,170,0,0,0,67,0,3,0,0,0,0,0,0,0,0,0,0,0,2,0,0,0,0,0,0,0,0,0,0,0,0,0,0,0,0,0,0,0,0,0,0,0,0,0,0,0,0,0,0,0,0,0,0,0,0,0,0,0,0,0,0,0,0,0,0,0,0,0,0,0,0,0,0,0,0,0,0,0,0,0,0,0,0,0,0,0,0,0,0,0,9,0,0,0,0,0,0,0,0,0,0,0,14,0,0,0,0,0,0,0,0,0,0,0,0,0,8,0,0,0,203,0,0,0,20,0,147,0,3,0,153,251,69,0,8,0,29,0,23,0,0,0,0,0,0,0,0,0,0,0,0,0,0,0,0,0,0,0,0,0,0,0,0,0,434,201,408,0,155,0,0,0,0,0,0,0,0,0,0
0,131,0,142,153,0,0,46,0,17,97,243,97,199,465,214,0,0,76,228,197,199,105,19,0,3,0,263,0,40,0,157,0,454,22,135,0,323,0,0,0,46,0,10,0,0,0,86,0,6,0,0,0,0,0,0,0,0,0,0,0,0,0,0,0,12,0,0,0,0,0,1,0,1,0,0,0,0,0,0,0,0,0,0,0,0,0,0,0,0,0,0,0,0,0,0,0,0,0,0,0,0,0,0,0,0,0,0,0,0,0,0,0,0,0,0,0,0,0,0,0,0,0,0,0,0,0,0,0,0,0,0,0,4,0,0,0,24,0,0,0,10,0,0,0,0,0,0,0,12,0,2,0,0,0,0,0,0,0,0,0,0,0,0,0,42,0,396,0,46,1,5,0,122,0,0,0,547,19,46,0,0,0,0,0,0,6,11,0,0,0,0,0,0,0,0,0,0,0,0,0,0,0,0,0,0,0,0,0,7,0,0,0,0,100,0,0,0,343,123,476,0,0,0,0
21,44,47,0,10,0,0,108,88,91,8,0,4,0,0,0,43,0,0,0,0,0,21,0,134,63,0,0,0,0,0,0,0,0,0,0,0,0,0,2,1,0,0,0,3,0,0,0,26,0,0,0,133,0,305,143,5,0,23,0,203,8,366,21,1,0,2,0,0,0,0,0,0,0,0,0,0,0,0,0,0,0,0,0,0,0,0,0,0,0,0,0,0,0,0,0,0,0,0,0,0,0,0,0,0,0,0,0,0,0,0,0,0,0,0,0,0,0,0,0,0,0,0,0,5,0,0,0,0,0,26,0,0,0,0,0,0,0,2,0,0,0,5,0,0,0,10,0,1,0,0,0,1,0,0,0,7,0,0,0,25,0,0,0,4,0,0,0,14,0,188,0,163,0,0,0,37,135,0,0,0,0,0,0,9,5,0,0,0,0,0,0,0,0,0,0,0,0,1,0,0,0,0,0,0,0,0,0,0,0,797,86,505,370,506,0,0,0,0,0,6,0,0,0,0
95,41,0,43,0,46,108,0,137,18,0,25,0,38,0,45,83,41,0,31,0,64,64,13,306,148,0,0,0,173,0,14,0,0,0,0,0,0,0,382,0,9,0,28,0,0,0,0,0,0,0,0,0,35,40,287,0,27,0,25,0,174,89,316,0,9,0,28,0,0,0,0,0,0,0,0,0,0,0,1,0,0,0,0,0,0,0,2,0,0,0,0,0,0,0,0,0,6,0,0,0,0,0,0,0,0,0,0,0,0,0,0,0,0,0,0,0,0,0,0,0,0,0,0,0,0,0,0,0,0,0,46,0,15,0,45,0,79,0,4,0,10,0,14,0,0,0,0,0,30,0,3,0,8,0,2,0,0,0,0,0,23,0,0,0,4,0,21,0,18,0,59,0,289,0,0,0,196,0,0,0,0,0,18,0,0,0,0,0,0,0,0,0,0,0,0,0,0,0,0,0,14,0,0,0,0,0,0,0,16,1,1,3,0,473,0,0,0,605,49,299,277,0,76,0
71,0,6,0,11,0,88,137,0,149,30,0,21,0,24,0,12,22,4,0,0,0,2,0,4,61,0,0,0,0,0,0,0,0,0,0,5,0,6,0,11,0,0,0,0,0,15,0,10,0,0,0,118,109,83,330,10,0,105,66,172,0,184,22,73,0,101,65,0,0,0,0,0,0,0,0,0,0,0,0,0,0,0,0,0,0,0,0,0,0,0,0,0,0,0,0,0,0,0,0,0,0,0,0,0,0,0,0,0,0,0,0,0,0,0,0,0,0,0,0,0,0,0,0,28,0,7,0,0,0,56,0,0,0,0,0,0,0,0,1,0,1,0,0,0,0,36,0,65,0,6,0,10,0,0,0,48,7,0,0,42,0,0,0,2,0,0,0,4,0,116,0,88,0,0,0,283,215,5,0,0,0,76,0,163,14,0,0,0,0,0,0,0,0,0,0,0,0,0,0,0,0,0,0,0,0,0,0,0,0,512,123,167,202,234,0,30,0,6,0,0,0,0,0,0
15,75,0,4,0,17,91,18,149,0,0,36,0,0,0,26,10,5,0,31,0,3,0,0,114,5,0,0,0,0,0,0,0,0,0,0,0,0,0,0,0,4,0,0,0,0,0,0,0,0,0,9,59,201,174,145,0,21,0,62,0,164,66,274,0,120,0,118,0,0,0,0,0,0,0,0,0,0,0,0,0,0,0,0,0,0,0,0,0,0,0,0,0,0,0,0,0,0,0,0,0,0,0,0,0,0,0,0,0,0,0,0,0,0,0,0,0,0,0,0,0,0,0,0,0,39,1,9,0,0,0,47,0,8,0,8,0,15,0,0,0,0,0,0,0,0,0,10,0,84,0,13,0,9,0,21,0,51,0,5,0,17,0,0,0,4,0,16,0,15,0,81,0,123,0,0,28,312,0,0,0,0,2,30,2,89,0,0,0,0,0,0,0,0,0,0,0,0,0,10,0,0,0,0,0,0,0,11,0,8,0,0,0,0,368,0,0,0,579,115,263,247,0,101,0
83,0,81,0,121,97,8,0,30,0,0,0,267,0,115,123,24,19,21,6,31,0,39,52,0,0,80,0,32,8,69,0,373,10,0,0,243,0,44,0,164,0,0,0,5,0,104,0,23,0,5,0,0,0,1,0,0,0,0,0,0,0,0,0,0,0,0,0,0,0,0,0,0,0,0,0,0,0,0,0,0,0,0,0,0,0,0,0,0,0,0,0,0,0,0,0,0,0,0,0,0,0,0,0,0,0,0,0,0,0,0,0,0,0,1,0,0,0,0,0,0,0,0,0,0,0,0,0,0,0,7,0,0,0,0,0,0,0,0,0,0,0,0,0,0,0,9,0,14,0,3,0,4,0,0,0,0,0,0,0,0,0,0,0,0,0,155,7,52,0,11,0,178,0,0,0,145,178,158,0,0,0,21,0,29,0,24,0,0,0,0,0,0,0,0,0,0,0,0,0,0,0,0,0,0,0,0,0,0,0,381,215,259,0,123,1,0,0,0,0,13,0,0,0,0
0,245,0,35,50,243,0,25,0,36,0,0,0,410,173,44,0,10,27,61,81,45,52,30,0,0,0,141,0,21,0,31,0,204,9,37,0,149,0,11,0,108,0,0,0,0,0,166,0,35,0,0,0,0,0,0,0,0,0,0,0,0,0,0,0,6,0,0,0,0,0,0,0,0,0,0,0,0,0,0,0,0,0,0,0,0,0,0,0,0,0,0,0,0,0,0,0,0,0,0,0,0,0,0,0,0,0,0,0,0,0,0,0,0,0,0,0,0,0,0,0,0,0,0,0,0,0,0,0,0,0,0,0,0,0,0,0,0,0,0,0,0,0,0,0,0,0,0,0,10,0,12,0,16,0,0,0,0,0,0,0,2,0,0,0,14,0,155,0,13,0,5,0,61,0,0,15,429,0,48,0,52,0,14,0,60,0,5,0,0,0,0,0,0,0,0,0,0,0,0,0,0,0,0,0,0,0,0,0,0,0,2,0,0,0,0,0,0,314,128,253,31,1,0,0
101,0,94,0,234,97,4,0,21,0,267,0,0,220,24,50,12,0,178,257,88,80,15,0,0,0,161,296,0,0,26,0,8,0,224,0,63,0,0,0,175,30,92,18,16,0,120,68,51,0,300,0,6,0,0,0,0,0,2,0,0,0,0,0,0,0,0,0,0,0,0,0,0,0,0,0,0,0,0,0,0,0,0,0,0,0,0,0,0,0,0,0,0,0,0,0,0,0,0,0,0,0,0,0,0,0,0,0,0,0,0,0,0,0,0,0,0,0,0,0,0,0,0,0,3,0,0,0,0,0,0,0,0,0,0,0,0,0,0,0,0,0,0,0,0,0,6,0,6,0,0,0,0,0,0,0,0,0,0,0,1,0,0,0,29,0,33,0,0,1,0,0,0,0,0,0,101,214,66,0,12,0,32,0,0,0,249,0,0,0,0,0,0,0,0,0,0,0,0,0,0,0,0,0,0,0,0,0,0,0,48,104,183,0,0,0,0,0,0,1,0,0,0,0,0
0,113,0,31,0,199,0,38,0,0,0,410,220,0,43,0,0,0,198,60,155,58,0,0,0,0,388,140,0,0,0,10,0,4,36,253,0,33,0,0,99,133,30,105,25,9,100,217,1,19,76,362,0,0,0,0,0,0,0,0,0,0,0,0,0,7,0,0,0,0,0,0,0,0,0,0,0,0,0,0,0,0,0,0,0,0,0,0,0,0,0,0,0,0,0,0,0,0,0,0,0,0,0,0,0,0,0,0,0,0,0,0,0,0,0,0,0,0,0,3,0,0,0,0,0,0,0,0,0,0,0,0,0,0,0,0,0,0,0,0,0,0,0,0,0,0,0,0,0,0,0,0,0,0,0,0,0,0,0,0,0,0,0,0,0,97,0,39,0,14,0,2,0,12,0,0,0,379,0,31,0,37,0,0,0,24,69,56,0,0,0,0,0,0,0,0,0,0,0,0,0,0,0,0,0,0,0,0,0,0,0,2,0,0,0,0,0,0,10,54,221,13,0,0,6
37,0,161,26,209,465,0,0,24,0,115,173,24,43,0,476,44,5,237,163,159,63,295,81,56,0,214,0,0,0,34,0,40,0,7,18,64,28,0,0,13,0,0,0,0,0,31,0,0,0,9,0,0,0,0,0,0,0,0,0,0,0,10,0,0,0,0,0,0,0,5,0,0,0,0,0,0,0,0,0,0,0,0,0,0,0,0,0,0,0,0,0,0,0,0,0,0,0,0,0,0,0,0,0,0,0,0,0,0,0,0,0,0,0,0,0,0,0,0,0,0,0,0,0,8,1,9,0,0,0,15,0,0,0,0,0,73,0,0,0,9,0,0,0,0,0,24,0,41,0,0,0,0,0,0,0,0,0,0,0,0,0,0,0,0,0,50,0,18,0,0,1,11,0,12,0,150,404,49,0,15,0,66,0,38,0,0,0,0,0,0,0,1,0,0,0,0,0,0,0,0,0,0,0,0,0,0,0,0,0,88,96,54,0,36,0,0,0,0,8,50,0,0,0,0
0,117,0,287,175,214,0,45,0,26,123,44,50,0,476,0,39,35,35,243,177,221,238,136,0,103,16,96,0,24,14,70,0,112,11,16,0,49,0,5,0,0,0,0,0,0,0,0,0,1,0,0,0,15,0,20,0,0,0,0,0,0,0,17,0,20,0,0,0,0,0,0,0,0,0,0,0,0,0,0,0,0,0,0,0,133,0,0,0,0,0,0,0,0,0,0,0,111,0,222,0,0,0,0,0,0,0,0,0,0,0,0,0,0,0,0,0,0,0,0,0,0,0,0,0,0,0,0,0,0,0,0,0,0,0,152,0,148,0,43,0,34,0,0,0,0,0,0,0,30,0,0,0,0,0,4,0,0,0,0,0,0,0,0,0,0,0,37,0,14,0,4,0,25,0,6,9,274,19,6,0,0,0,3,0,31,0,0,0,0,0,0,0,0,0,0,0,0,0,48,0,0,0,0,0,0,0,0,0,32,0,0,0,0,19,0,0,0,57,37,58,0,0,0,0
123,129,102,0,18,0,43,83,12,10,24,0,12,0,44,39,0,83,122,0,525,0,154,75,115,208,168,0,167,6,91,0,164,0,56,0,34,12,113,21,0,0,20,0,0,0,0,0,1,0,14,0,123,4,19,18,8,0,0,0,5,0,263,20,0,0,0,0,0,0,48,0,11,0,72,0,0,0,0,0,91,0,0,0,189,0,55,0,0,0,506,0,0,0,0,0,902,0,573,0,51,0,0,0,0,0,314,0,0,0,0,0,0,0,0,0,0,0,0,0,99,0,68,0,0,0,0,0,58,0,0,0,0,0,33,0,304,0,92,0,87,0,336,0,42,0,0,0,0,0,0,0,0,0,24,0,0,0,17,0,5,0,0,0,0,0,9,0,15,1,7,3,45,20,0,0,9,107,0,0,0,0,41,0,0,0,0,0,0,0,0,0,0,0,0,0,0,0,0,0,279,0,0,0,0,0,0,0,0,0,39,266,77,13,19,0,0,0,0,2,12,0,0,0,0
37,20,47,31,7,0,0,41,22,5,19,10,0,0,5,35,83,0,0,18,0,209,135,213,80,117,0,13,4,94,0,16,0,37,0,10,0,0,0,85,0,0,0,3,0,0,0,0,0,0,0,3,1,173,4,45,0,17,0,0,0,2,18,149,0,0,0,0,0,0,0,0,0,0,0,0,0,0,0,0,0,44,0,0,0,123,0,0,0,0,0,0,0,0,0,0,0,58,0,125,0,27,0,0,0,0,0,0,0,0,0,0,0,0,0,0,0,1,0,0,0,10,0,6,0,0,0,0,0,0,0,0,0,0,0,140,0,84,0,32,0,60,0,43,0,0,0,0,0,0,0,0,0,0,2,23,0,0,0,0,0,0,0,0,0,0,0,4,0,0,0,0,0,3,0,0,0,52,0,0,0,0,0,0,0,0,0,0,0,0,0,0,0,0,0,0,0,0,0,0,0,47,0,0,0,0,0,0,0,0,2,0,5,1,0,0,0,0,0,3,3,0,0,0,0
7,0,44,0,73,76,0,0,4,0,21,27,178,198,237,35,122,0,0,232,151,67,260,0,37,0,50,159,5,0,10,0,0,0,110,26,31,0,0,0,12,6,15,0,5,0,35,0,0,0,150,0,0,0,0,0,0,0,0,0,0,0,7,0,0,0,0,0,0,0,3,0,0,0,0,0,0,0,0,0,0,0,0,0,0,0,0,0,0,0,0,0,0,0,0,0,0,0,0,0,0,0,0,0,0,0,0,0,0,0,0,0,0,0,0,0,0,0,0,0,0,0,0,0,0,0,0,0,0,0,0,0,0,0,0,0,67,0,0,0,0,0,0,0,0,0,0,0,14,0,0,0,0,0,2,0,0,0,0,0,0,0,0,0,6,0,18,0,0,0,0,0,9,0,0,0,49,118,22,0,0,0,0,0,0,0,87,0,0,0,0,0,0,0,0,0,0,0,0,0,0,0,0,0,0,0,0,0,0,0,25,39,47,0,0,0,0,0,0,0,31,0,0,0,0
0,103,0,125,103,228,0,31,0,31,6,61,257,60,163,243,0,18,232,0,231,198,0,88,0,19,185,366,0,0,14,33,0,9,37,219,0,62,0,0,30,10,0,27,0,14,0,60,2,14,50,141,0,0,0,0,0,0,0,0,0,0,0,8,0,21,0,0,0,0,0,0,0,0,0,0,0,0,0,0,0,0,0,0,0,0,0,0,0,0,0,0,0,0,0,0,0,40,0,0,0,0,0,0,0,0,0,0,0,0,0,0,0,0,0,0,0,0,0,0,0,0,0,0,0,0,0,0,0,0,0,0,0,0,0,0,0,0,0,13,0,0,0,0,0,0,0,0,0,14,0,0,0,0,0,0,0,0,0,0,0,0,0,0,0,43,0,36,0,9,0,0,0,14,0,0,0,127,0,7,0,0,0,7,0,0,14,6,0,0,0,0,0,0,0,0,0,0,0,0,0,0,0,0,0,0,0,0,0,10,0,7,0,0,0,0,0,0,37,29,69,10,0,0,0
0,0,33,12,179,197,0,0,0,0,31,81,88,155,159,177,525,0,151,231,0,79,148,27,30,0,234,120,71,0,101,0,110,0,72,25,49,0,0,0,0,0,6,0,26,0,0,0,0,0,20,16,6,0,3,0,0,0,2,0,4,0,143,0,0,0,0,0,0,0,82,0,0,0,58,0,0,0,0,0,43,0,0,0,26,0,34,0,0,0,201,0,0,0,0,0,277,0,507,0,42,0,0,0,0,0,0,0,0,0,0,0,0,0,0,0,0,0,0,0,0,0,15,0,0,0,0,0,0,0,0,0,0,0,0,0,62,0,0,0,49,0,0,0,68,0,0,0,0,0,0,0,0,0,0,0,0,0,0,0,0,0,8,0,17,0,51,20,41,2,0,0,42,0,0,0,14,134,42,0,0,0,3,0,0,0,43,0,0,0,0,0,0,0,0,0,0,0,0,0,0,0,0,0,0,0,0,0,0,0,230,214,264,34,75,0,0,0,0,8,32,0,0,0,0
0,0,0,86,43,199,0,64,0,3,0,45,80,58,63,221,0,209,67,198,79,0,7,309,0,33,59,243,0,48,0,75,0,74,12,111,0,27,0,0,8,0,0,72,3,12,9,0,0,1,19,54,0,37,0,42,0,7,0,0,0,1,0,100,0,0,0,0,0,0,0,16,0,0,0,21,0,0,0,14,0,269,0,0,0,410,0,114,0,0,0,0,0,0,0,0,0,107,0,429,0,0,0,0,0,0,0,0,0,0,0,0,0,0,0,0,0,0,0,0,0,188,0,0,0,0,0,0,0,0,0,0,0,0,0,314,0,141,0,123,0,229,0,304,0,171,0,0,0,0,0,0,0,0,0,33,0,0,0,21,0,0,0,0,0,56,0,69,0,24,0,0,0,19,0,0,0,85,3,3,0,0,0,0,0,0,0,5,0,0,0,0,0,0,0,0,0,0,0,0,0,0,0,0,0,0,0,0,0,0,0,0,4,0,17,0,0,0,118,124,146,16,0,0,0
94,237,584,139,104,105,21,64,2,0,39,52,15,0,295,238,154,135,260,0,148,7,0,337,172,283,150,0,50,30,42,0,43,25,0,0,12,33,0,47,0,0,0,0,0,0,2,0,4,0,0,0,13,0,41,0,0,0,0,0,0,0,24,13,0,0,0,0,0,0,0,0,0,0,0,0,0,0,0,0,0,0,0,0,24,0,0,0,0,0,0,0,0,0,0,0,174,0,0,0,0,0,0,0,0,0,0,0,0,0,0,0,0,0,0,0,0,0,0,0,0,0,0,0,0,0,0,0,54,0,0,0,0,0,68,0,232,0,0,0,16,0,0,0,0,0,0,0,8,0,23,0,17,0,5,0,0,0,0,0,0,0,0,0,0,0,18,0,10,0,0,3,45,30,0,0,48,330,10,0,19,0,20,0,12,0,0,0,0,0,0,0,0,0,0,0,0,0,0,0,173,0,0,0,0,0,0,0,26,0,46,177,57,0,20,0,0,0,0,4,24,0,0,0,0
48,13,66,93,49,19,0,13,0,0,52,30,0,0,81,136,75,213,0,88,27,309,337,0,17,51,0,34,0,72,0,53,0,65,0,15,0,36,0,11,0,0,0,0,0,0,0,0,0,0,0,0,0,28,0,12,0,0,0,0,0,0,0,33,0,0,0,0,0,0,0,0,0,0,0,0,0,0,0,0,0,0,0,0,0,114,0,0,0,0,0,0,0,0,0,0,0,76,0,146,0,0,0,0,0,0,0,50,0,0,0,0,0,0,0,0,0,0,0,0,0,0,0,0,0,0,0,0,0,0,0,0,0,0,0,90,0,0,0,0,0,30,0,26,0,0,0,0,0,0,0,0,0,0,0,0,0,0,0,0,0,0,0,0,0,0,0,33,0,0,0,1,0,12,0,0,0,178,0,0,0,0,0,0,0,0,0,0,0,0,0,0,0,0,0,0,0,0,0,0,0,44,0,0,0,0,0,0,0,0,0,1,0,0,7,0,0,0,18,18,30,0,0,0,0
6,145,72,16,14,0,134,306,4,114,0,0,0,0,56,0,115,80,37,0,30,0,172,17,0,318,29,0,11,0,10,0,0,0,0,0,8,0,7,11,0,0,0,0,1,0,0,0,6,0,5,0,139,35,169,140,41,0,3,0,30,18,243,67,0,0,0,0,0,0,0,0,0,0,0,0,0,0,0,0,0,0,0,0,10,0,0,0,0,0,0,0,0,0,0,0,26,0,4,0,0,0,0,0,0,0,0,0,0,0,0,0,0,0,0,0,0,0,0,0,0,0,0,0,21,0,25,0,121,0,15,0,17,0,88,0,259,0,10,0,21,0,124,0,0,0,40,0,10,0,64,0,12,0,22,0,0,0,8,0,33,0,0,0,0,0,0,0,6,0,41,0,53,14,3,0,19,176,0,0,7,3,5,0,0,0,0,0,0,0,0,0,0,0,0,0,0,0,24,0,110,0,0,0,0,0,0,0,52,0,91,38,147,85,85,0,0,0,0,4,0,0,0,0,0
133,8,113,94,0,3,63,148,61,5,0,0,0,0,0,103,208,117,0,19,0,33,283,51,318,0,0,0,8,97,3,11,0,0,0,0,0,10,22,63,0,0,0,0,0,1,0,0,0,0,0,0,0,65,0,181,0,58,1,7,6,0,37,71,0,2,0,0,0,0,0,0,0,0,0,0,0,0,0,0,0,7,0,0,0,27,0,0,0,0,0,27,0,0,0,3,0,51,0,70,0,24,0,0,0,0,0,116,0,0,0,0,0,0,0,0,0,0,0,0,1,1,0,0,0,37,0,0,0,54,0,0,0,65,0,243,0,365,0,106,1,63,0,66,0,0,0,0,0,0,0,8,0,0,0,13,0,0,0,0,0,0,0,0,0,0,0,3,0,0,0,3,13,14,0,0,0,212,0,0,0,0,0,1,0,0,0,0,0,0,0,0,0,0,0,0,0,0,0,81,0,97,0,0,0,3,0,0,0,41,0,0,0,0,14,0,0,0,16,4,17,0,0,0,0
24,0,55,0,88,0,0,0,0,0,80,0,161,388,214,16,168,0,50,185,234,59,150,0,29,0,0,484,26,0,7,3,0,0,41,17,89,0,0,0,82,127,116,38,188,27,287,225,33,0,254,83,0,0,0,0,0,0,0,0,0,0,45,0,1,0,0,0,0,0,41,0,0,0,27,0,0,0,0,0,0,0,0,0,0,0,0,0,0,0,0,0,3,0,0,0,0,0,0,0,0,0,0,0,0,0,0,0,0,0,0,0,0,0,0,0,1,0,0,0,0,0,0,0,0,0,0,0,0,0,0,0,0,0,0,0,109,0,0,0,35,0,0,0,0,0,20,0,16,0,0,0,0,0,7,0,0,0,0,0,6,0,0,0,76,0,22,0,42,0,7,0,25,0,0,0,0,90,0,0,0,0,10,0,0,0,123,6,0,0,0,0,0,0,0,0,1,0,0,0,0,0,0,0,0,0,0,0,0,0,63,240,356,0,0,0,0,11,0,5,0,0,0,0,0
0,155,0,53,0,263,0,0,0,0,0,141,296,140,0,96,0,13,159,366,120,243,0,34,0,0,484,0,0,0,0,0,0,0,0,134,0,36,0,0,236,64,78,283,81,181,290,388,19,34,77,480,0,0,0,0,0,0,0,0,0,0,0,0,0,0,0,0,0,0,0,0,0,0,0,0,0,3,0,0,0,0,0,0,0,67,0,0,0,0,0,0,0,0,0,0,0,0,0,0,0,0,0,0,0,0,0,0,0,0,0,0,0,0,0,0,0,0,0,0,0,33,0,4,0,14,0,0,0,0,0,0,0,0,0,0,0,0,0,0,0,0,0,0,0,0,0,0,0,0,0,0,0,3,0,0,0,0,0,0,0,0,0,0,0,125,0,25,0,41,0,0,0,11,0,0,0,187,0,15,0,0,0,3,0,0,63,28,0,0,0,0,0,0,0,0,0,0,0,0,0,0,0,0,0,0,0,15,0,0,0,0,0,0,0,0,0,2,39,220,476,0,0,0,0
92,3,292,5,62,0,0,0,0,0,32,0,0,0,0,0,167,4,5,0,71,0,50,0,11,8,26,0,0,0,130,0,18,0,20,0,16,0,35,0,0,0,27,0,3,0,0,0,0,0,22,0,0,0,0,0,0,0,0,0,2,0,20,1,0,0,0,0,0,0,6,0,0,0,0,0,0,0,0,0,0,0,0,0,0,0,8,0,0,0,18,0,0,0,0,0,41,0,58,0,5,0,0,0,0,0,15,0,0,0,0,0,0,0,0,0,0,0,0,0,0,0,6,0,0,0,0,0,1,0,0,0,0,0,0,0,0,0,0,0,5,0,0,0,17,0,0,0,0,0,0,0,0,0,0,0,0,0,2,0,0,0,0,0,0,0,0,0,0,0,0,0,0,0,0,0,0,0,1,0,0,0,13,0,0,0,0,0,0,0,0,0,0,0,0,0,0,0,0,0,7,0,0,0,0,0,0,0,0,0,16,25,0,0,0,0,0,2,0,0,0,0,0,0,0
0,129,0,192,0,40,0,173,0,0,8,21,0,0,0,24,6,94,0,0,0,48,30,72,0,97,0,0,0,0,0,37,0,57,0,5,0,3,0,39,0,0,0,0,0,2,0,0,0,0,0,0,0,11,0,24,0,7,0,0,0,9,0,36,0,0,0,0,0,0,0,0,0,0,0,0,0,0,0,0,0,0,0,0,0,90,0,0,0,0,0,0,0,0,0,0,0,36,0,80,0,22,0,0,0,0,0,0,0,0,0,0,0,0,0,0,0,0,0,0,0,11,0,0,0,0,0,0,0,0,0,0,0,0,0,132,0,75,0,49,0,66,0,69,0,10,0,0,0,0,0,0,1,0,0,21,0,0,0,0,0,5,0,0,0,0,0,0,0,0,0,0,3,0,0,0,0,26,0,0,0,0,0,4,0,0,0,0,0,0,0,0,0,0,0,0,0,0,0,0,0,0,0,0,0,0,0,0,0,0,0,0,0,0,0,0,0,0,0,0,0,0,0,0,0
0,0,86,1,142,0,0,0,0,0,69,0,26,0,34,14,91,0,10,14,101,0,42,0,10,3,7,0,130,0,0,0,102,0,8,0,46,0,5,0,0,0,11,0,2,0,0,0,0,0,9,0,0,0,0,0,2,0,0,0,0,0,19,0,0,0,0,0,0,0,17,0,4,0,0,0,0,0,0,0,10,0,0,0,0,0,0,0,0,0,0,0,0,0,0,0,0,0,0,0,0,0,0,0,0,0,0,0,0,0,0,0,0,0,0,0,0,0,0,0,0,0,0,0,0,0,0,0,0,0,0,0,0,0,0,0,0,0,0,0,0,0,0,0,20,0,2,0,0,0,0,0,0,0,0,0,0,0,0,0,1,0,0,0,0,0,26,0,0,0,0,0,16,0,0,0,6,13,26,0,0,0,7,0,2,0,0,0,0,0,0,0,0,0,0,0,0,0,0,0,0,0,0,0,0,0,0,0,0,0,50,69,90,8,0,0,0,0,0,0,0,0,0,0,0
0,0,3,25,0,157,0,14,0,0,0,31,0,10,0,70,0,16,0,33,0,75,0,53,0,11,3,0,0,37,0,0,0,15,2,3,0,22,0,39,0,0,0,6,0,1,0,0,0,0,0,6,0,6,0,10,0,3,0,0,0,0,0,30,0,0,0,0,0,0,0,4,0,0,0,5,0,0,0,0,0,0,0,0,0,49,0,0,0,0,0,0,0,0,0,0,0,0,0,0,0,0,0,0,0,0,0,0,0,0,0,0,0,0,0,0,0,0,0,0,0,30,0,0,0,1,0,0,0,0,0,0,0,0,0,0,0,0,0,46,0,39,0,52,0,61,0,0,0,0,0,0,0,0,0,22,0,0,0,9,0,0,0,0,0,0,0,31,0,4,0,0,0,4,0,0,0,35,0,0,0,0,0,0,0,0,0,0,0,0,0,0,0,0,0,0,0,0,0,0,0,0,0,0,0,0,0,0,0,0,0,0,1,0,0,0,0,0,26,8,35,0,0,0,0
128,0,275,0,395,0,0,0,0,0,373,0,8,0,40,0,164,0,0,0,110,0,43,0,0,0,0,0,18,0,102,0,0,0,40,0,168,0,0,0,0,0,16,0,0,0,0,0,0,0,24,0,0,0,0,0,0,0,0,0,0,0,8,0,0,0,0,0,0,0,0,0,0,0,3,0,0,0,0,0,0,0,0,0,2,0,0,0,0,0,0,0,0,0,0,0,0,0,0,0,0,0,0,0,0,0,0,0,0,0,0,0,0,0,0,0,0,0,0,0,0,0,0,0,0,0,0,0,0,0,0,0,0,0,0,0,6,0,0,0,0,0,0,0,15,0,7,0,0,0,0,0,0,0,6,0,6,0,0,0,0,0,0,0,0,0,26,0,0,0,0,0,6,0,0,0,23,24,72,0,0,0,46,0,6,0,0,0,0,0,0,0,0,0,0,0,0,0,0,0,0,0,0,0,0,0,0,0,0,0,0,193,28,0,0,0,0,0,0,0,0,0,0,0,0
0,186,12,364,0,454,0,0,0,0,10,204,0,4,0,112,0,37,0,9,0,74,25,65,0,0,0,0,0,57,0,15,0,0,0,24,0,241,0,8,0,0,0,14,0,3,0,0,0,0,0,19,0,3,0,7,0,0,0,0,0,5,1,12,0,0,0,0,0,0,0,0,0,0,0,0,0,0,0,0,0,0,0,0,0,0,0,0,0,0,0,0,0,0,0,0,0,0,0,0,0,0,0,0,0,0,0,0,0,0,0,0,0,0,0,0,0,0,0,0,0,0,0,0,0,0,0,0,0,0,0,0,0,0,0,31,0,0,0,0,0,0,0,0,0,0,0,0,0,0,0,0,0,0,0,10,0,8,0,4,0,0,0,0,0,0,0,31,0,0,0,0,0,0,0,0,1,139,3,29,0,0,0,0,0,0,0,0,0,0,0,0,0,0,0,0,0,0,0,0,0,0,0,0,0,0,0,0,0,0,0,0,0,0,12,0,0,0,39,23,40,11,0,0,0
0,0,0,0,58,22,0,0,0,0,0,9,224,36,7,11,56,0,110,37,72,12,0,0,0,0,41,0,20,0,8,2,40,0,0,0,163,0,0,0,0,0,6,0,10,0,0,0,3,0,127,0,0,0,0,0,0,0,0,0,2,0,0,0,0,0,0,0,0,0,28,0,0,0,24,0,0,0,0,0,0,0,0,0,0,0,0,0,0,0,0,0,0,0,0,0,0,0,209,0,0,0,0,0,0,0,0,0,0,0,0,0,0,0,0,0,0,0,0,0,0,0,0,0,0,0,0,0,0,0,0,0,0,0,0,0,0,0,0,0,7,0,0,0,43,0,0,0,0,0,0,0,0,0,0,0,0,0,0,0,0,0,0,0,49,0,65,0,55,0,0,0,22,0,0,0,0,0,21,0,0,0,0,0,0,0,32,0,0,0,0,0,0,0,0,0,0,0,0,0,0,0,0,0,0,0,0,0,0,0,58,118,238,0,12,0,0,0,0,0,0,0,0,0,0
0,0,0,0,11,135,0,0,0,0,0,37,0,253,18,16,0,10,26,219,25,111,0,15,0,0,17,134,0,5,0,3,0,24,0,0,0,179,0,0,6,2,0,11,0,10,0,0,0,0,0,44,0,0,0,0,0,0,0,0,0,0,0,8,0,0,0,0,0,0,0,0,0,0,0,0,0,0,0,0,0,46,0,0,0,44,0,0,0,0,0,0,0,0,0,0,0,0,0,0,0,0,0,0,0,0,0,0,0,0,0,0,0,0,0,0,0,0,0,0,0,24,0,0,0,0,0,0,0,0,0,0,0,0,0,19,0,0,0,0,0,19,0,30,0,34,0,0,0,0,0,0,0,0,0,0,0,4,0,0,0,0,0,0,0,56,0,78,0,5,0,1,0,25,0,0,0,116,0,0,0,0,0,0,0,0,1,17,0,0,0,0,0,0,0,0,0,0,0,0,0,0,0,0,0,0,0,0,0,0,0,0,0,0,0,0,0,0,27,41,163,0,0,0,0
71,0,79,0,311,0,0,0,5,0,243,0,63,0,64,0,34,0,31,0,49,0,12,0,8,0,89,0,16,0,46,0,168,0,163,0,0,0,4,0,2,0,32,0,21,0,0,0,3,0,43,0,0,0,0,0,0,0,0,0,13,0,38,0,0,0,0,0,0,0,29,0,0,0,20,0,0,0,0,0,0,0,0,0,0,0,0,0,0,0,0,0,0,0,2,0,0,0,139,0,12,0,0,0,0,0,0,0,0,0,0,0,0,0,0,0,0,0,0,0,0,0,0,0,0,0,0,0,0,0,0,0,0,0,0,0,22,0,77,0,51,0,34,0,124,0,0,0,0,0,0,0,0,0,27,0,19,0,14,0,0,0,13,0,5,0,23,0,27,0,5,0,22,0,0,0,44,17,85,0,6,0,31,0,0,0,3,0,0,0,0,0,0,0,0,0,0,0,0,0,0,0,0,0,0,0,0,0,0,0,31,116,67,8,7,0,0,0,0,0,0,0,0,0,0
0,236,0,91,0,323,0,0,0,0,0,149,0,33,28,49,12,0,0,62,0,27,33,36,0,10,0,36,0,3,0,22,0,241,0,179,0,0,0,10,0,0,0,57,0,16,0,0,0,0,0,35,0,3,0,19,0,5,0,0,0,9,0,9,0,0,1,0,0,0,0,2,0,0,0,6,0,0,0,0,0,0,0,0,0,47,0,0,0,0,0,0,0,0,0,0,0,0,0,0,0,0,0,0,0,0,0,0,0,0,0,0,0,0,0,0,0,0,0,0,0,46,0,0,0,0,0,0,0,0,0,0,0,0,0,0,0,0,0,39,0,53,0,84,1,127,0,0,0,0,0,0,0,0,0,11,0,26,0,11,0,0,0,0,0,17,0,86,0,5,0,8,0,86,0,0,0,113,0,41,0,0,0,22,0,0,0,0,0,0,0,0,0,0,0,0,0,0,0,0,0,0,0,0,0,0,0,0,0,0,0,0,0,0,15,0,0,0,25,61,124,14,0,0,0
423,0,421,0,0,0,0,0,6,0,44,0,0,0,0,0,113,0,0,0,0,0,0,0,7,22,0,0,35,0,5,0,0,0,0,0,4,0,0,1,0,0,0,0,0,0,0,0,0,0,1,0,0,0,0,0,0,0,0,0,12,0,22,0,0,0,0,0,0,0,0,0,0,0,5,0,0,0,0,0,0,0,0,0,0,0,0,0,0,0,11,0,0,0,0,0,22,0,0,0,0,0,0,0,0,0,0,0,0,0,0,0,0,0,0,0,0,0,0,0,0,0,0,0,0,0,0,0,0,0,0,0,0,0,0,0,0,0,11,0,5,0,0,0,22,0,0,0,0,0,0,0,0,0,3,0,0,0,0,0,0,0,0,0,0,0,8,0,0,0,0,0,205,0,0,0,6,0,0,0,0,0,32,0,0,0,0,0,0,0,0,0,0,0,0,0,0,0,0,0,0,0,0,0,0,0,0,0,0,0,45,182,16,0,8,0,0,0,0,0,0,1,0,0,0
0,427,0,210,0,0,2,382,0,0,0,11,0,0,0,5,21,85,0,0,0,0,47,11,11,63,0,0,0,39,0,39,0,8,0,0,0,10,1,0,0,0,0,0,0,0,0,0,0,0,0,3,0,1,0,16,0,9,0,0,0,9,0,6,0,0,0,0,0,0,0,0,0,0,0,0,0,0,0,0,0,0,0,0,0,5,0,0,0,0,0,0,0,0,0,0,0,0,0,0,0,0,0,0,0,0,0,0,0,0,0,0,0,0,0,0,0,0,0,0,0,0,0,0,0,0,0,0,0,0,0,0,0,0,0,0,0,22,0,31,0,25,0,15,0,29,0,0,0,0,0,0,0,0,0,7,0,16,0,11,0,0,0,0,0,0,0,0,0,0,0,0,0,42,0,0,0,117,0,14,0,0,0,34,0,0,0,0,0,0,0,0,0,0,0,0,0,0,0,0,1,0,0,0,0,0,0,0,0,0,0,1,0,0,19,0,0,0,29,28,25,17,0,0,0
58,0,30,0,127,0,1,0,11,0,164,0,175,99,13,0,0,0,12,30,0,8,0,0,0,0,82,236,0,0,0,0,0,0,0,6,2,0,0,0,0,86,7,7,34,38,216,274,103,0,0,23,0,0,0,0,0,0,0,0,0,0,0,0,0,0,0,0,0,0,0,0,0,0,0,0,0,0,0,0,0,0,0,0,0,0,0,0,0,0,0,0,0,0,0,0,0,0,0,0,0,0,0,0,0,0,0,0,0,0,0,0,0,0,0,0,0,0,0,0,0,0,0,0,0,0,2,0,0,0,0,0,0,0,0,0,0,0,0,0,0,0,0,0,0,0,0,0,0,0,0,0,0,0,0,0,0,0,0,0,0,0,0,0,10,0,0,0,0,0,0,0,0,0,0,0,5,53,14,0,0,0,7,0,3,0,159,2,0,0,0,0,0,0,0,0,0,0,0,0,0,0,0,0,0,0,0,0,0,0,0,50,23,0,0,0,0,12,0,0,0,0,0,0,0
0,61,0,0,0,46,0,9,0,4,0,108,30,133,0,0,0,0,6,10,0,0,0,0,0,0,127,64,0,0,0,0,0,0,0,2,0,0,0,0,86,0,9,48,42,26,164,291,26,84,11,36,0,1,0,0,0,0,0,0,0,0,0,0,0,0,0,0,0,0,0,0,0,0,0,0,0,0,0,0,0,0,0,0,0,0,0,0,0,0,0,0,0,0,0,0,0,1,0,0,0,0,0,1,0,0,0,0,0,0,0,0,0,0,0,0,0,1,0,0,0,0,0,0,0,0,0,0,0,0,0,0,0,0,0,0,0,0,0,0,0,0,0,0,0,0,0,0,0,0,0,0,0,0,0,0,0,0,0,0,0,0,0,0,0,6,0,0,0,0,0,0,0,0,0,0,0,210,0,25,0,0,0,0,0,0,24,7,0,0,0,0,0,0,0,0,0,0,0,0,0,0,0,0,0,0,0,0,0,0,0,2,0,0,0,0,0,0,0,6,25,0,0,0,16
0,0,0,0,0,0,0,0,0,0,0,0,92,30,0,0,20,0,15,0,6,0,0,0,0,0,116,78,27,0,11,0,16,0,6,0,32,0,0,0,7,9,0,0,133,0,57,27,45,0,43,0,0,0,0,0,1,0,7,0,0,0,18,0,0,0,0,0,0,0,27,0,5,0,0,0,0,0,0,0,8,0,0,0,0,0,10,0,0,0,0,0,0,0,4,0,0,0,125,0,0,0,0,0,0,0,0,0,0,0,0,0,0,0,0,0,0,0,0,0,0,0,0,0,0,0,0,0,0,0,0,0,0,0,0,0,0,0,0,0,0,0,0,0,36,0,0,0,0,0,0,0,0,0,0,0,1,0,0,0,0,0,5,0,16,0,45,0,13,0,3,0,11,0,0,0,0,7,14,0,0,0,0,0,0,0,197,0,0,0,0,0,0,0,0,0,0,0,0,0,0,0,0,0,0,0,0,0,0,0,15,45,70,0,7,0,0,5,0,0,1,0,0,0,0
0,0,0,0,0,10,0,28,0,0,0,0,18,105,0,0,0,3,0,27,0,72,0,0,0,0,38,283,0,0,0,6,0,14,0,11,0,57,0,0,7,48,0,0,5,242,15,105,0,41,0,38,0,0,0,6,0,0,0,0,0,0,0,0,0,0,0,0,0,0,0,0,0,0,0,0,0,0,0,0,0,0,0,0,0,0,0,0,0,0,0,0,0,0,0,0,0,0,0,0,0,0,0,0,0,0,0,0,0,0,0,0,0,0,0,0,0,0,0,0,0,0,0,7,0,0,0,0,0,0,0,0,0,0,0,0,0,0,0,0,0,0,0,66,0,56,0,0,0,0,0,0,0,0,0,0,0,7,0,0,0,0,0,0,0,54,0,31,0,0,0,0,0,10,0,0,0,56,0,0,0,0,0,0,0,0,0,60,0,0,0,0,0,0,0,1,0,0,0,0,0,0,0,0,0,0,0,0,0,0,0,0,0,0,9,0,0,0,47,44,117,8,0,0,0
0,0,0,0,0,0,3,0,0,0,5,0,16,25,0,0,0,0,5,0,26,3,0,0,1,0,188,81,3,0,2,0,0,0,10,0,21,0,0,0,34,42,133,5,0,0,199,129,167,6,171,0,0,0,0,0,2,0,5,0,0,0,2,0,0,0,0,0,6,0,21,0,0,0,8,0,0,0,0,0,0,0,17,0,0,0,0,0,0,0,0,0,0,0,0,0,0,0,0,0,0,0,0,0,0,0,0,0,0,0,0,0,0,0,0,0,0,0,0,0,0,0,0,0,0,0,0,0,0,0,0,0,0,0,0,0,0,0,2,0,0,0,0,0,0,0,0,0,0,0,0,0,0,0,0,0,0,0,1,0,0,0,7,0,134,0,30,0,56,0,5,0,24,0,0,0,1,14,18,0,0,0,0,0,0,0,24,0,0,0,0,0,0,0,0,0,0,0,0,0,0,0,0,0,0,0,0,0,0,0,21,148,248,7,10,0,0,44,0,0,0,0,0,0,0
0,0,0,0,0,0,0,0,0,0,0,0,0,9,0,0,0,0,0,14,0,12,0,0,0,1,27,181,0,2,0,1,0,3,0,10,0,16,0,0,38,26,0,242,0,0,69,197,11,84,0,88,0,0,0,7,0,0,0,0,0,0,0,0,0,0,0,0,0,9,0,0,0,0,0,3,0,0,0,0,0,42,0,40,0,30,0,0,0,7,0,0,0,6,0,55,0,0,0,0,0,0,0,19,0,0,0,0,0,4,0,0,0,0,0,0,0,4,0,0,0,29,0,4,0,1,0,0,0,0,0,0,0,0,0,0,0,0,0,0,0,0,2,0,0,16,0,0,0,0,0,0,0,0,0,0,0,0,0,0,0,0,0,5,0,164,0,19,0,137,0,4,0,15,0,0,0,48,0,2,0,0,0,0,0,0,18,29,0,0,0,0,0,0,0,0,0,0,0,0,0,0,0,0,0,0,0,0,0,0,0,4,0,0,22,0,0,0,88,80,260,9,0,0,31
53,0,23,0,170,0,0,0,15,0,104,0,120,100,31,0,0,0,35,0,0,9,2,0,0,0,287,290,0,0,0,0,0,0,0,0,0,0,0,0,216,164,57,15,199,69,0,540,165,27,36,24,0,0,0,0,0,0,0,0,0,0,0,0,0,0,0,0,0,0,0,0,0,0,0,0,0,0,0,0,0,0,9,0,0,0,0,0,0,0,0,0,0,0,0,0,0,0,0,0,0,0,0,0,0,0,0,0,0,0,0,0,0,0,0,0,0,0,0,0,0,0,0,0,0,0,0,0,0,0,0,0,0,0,0,0,2,0,0,0,0,0,0,0,0,0,0,0,0,0,0,0,0,0,0,0,0,0,0,0,0,0,0,0,28,0,0,0,0,0,3,0,0,0,0,0,2,64,15,0,0,0,16,0,10,0,220,0,0,0,0,0,0,0,0,0,0,0,0,0,0,0,0,0,0,0,0,0,0,0,0,253,128,2,0,0,0,52,0,0,0,0,0,0,0
0,84,0,0,0,86,0,0,0,0,0,166,68,217,0,0,0,0,0,60,0,0,0,0,0,0,225,388,0,0,0,0,0,0,0,0,0,0,0,0,274,291,27,105,129,197,540,0,131,208,16,74,0,0,0,0,0,0,0,0,0,0,0,0,0,0,0,0,1,0,0,0,0,0,0,0,0,3,0,0,0,0,0,0,0,0,0,0,0,0,0,0,0,3,0,0,0,0,0,0,0,0,0,0,0,0,0,0,0,0,0,0,0,0,0,0,0,4,0,0,0,0,0,0,0,0,0,0,0,0,0,0,0,0,0,0,0,0,0,0,0,0,0,0,0,0,0,0,0,0,0,5,0,0,0,0,0,0,0,0,0,0,0,0,0,44,0,1,0,0,0,0,0,0,0,0,0,302,0,2,0,0,0,0,0,2,72,12,0,0,0,0,0,0,0,0,0,0,0,0,0,0,0,0,0,0,0,0,0,0,0,28,0,0,3,0,0,1,0,96,91,0,0,0,41
5,0,4,0,0,0,26,0,10,0,23,0,51,1,0,0,1,0,0,2,0,0,4,0,6,0,33,19,0,0,0,0,0,0,3,0,3,0,0,0,103,26,45,0,167,11,165,131,0,95,15,0,10,0,0,0,17,0,0,0,2,0,0,0,0,0,0,0,25,0,0,0,0,0,0,0,5,0,5,0,2,0,63,0,0,0,19,0,23,0,0,0,36,0,67,0,0,0,17,0,19,0,60,0,24,1,21,0,0,0,0,0,0,0,0,0,0,0,0,0,0,0,0,0,8,0,0,0,0,0,0,0,0,0,4,0,0,1,6,0,5,0,0,0,0,0,3,0,0,0,13,0,10,0,10,0,0,0,0,0,6,0,3,0,21,2,6,0,76,0,3,0,7,0,0,0,3,36,27,0,8,0,11,0,0,0,110,0,0,0,0,0,30,0,37,0,0,0,26,0,21,0,63,0,0,1,0,0,18,0,45,51,172,6,62,0,11,52,0,1,5,7,0,0,1
0,7,0,3,0,6,0,0,0,0,0,35,0,19,0,1,0,0,0,14,0,1,0,0,0,0,0,34,0,0,0,0,0,0,0,0,0,0,0,0,0,84,0,41,6,84,27,208,95,0,0,9,0,0,0,0,0,5,0,0,0,0,0,0,0,0,0,0,0,5,0,0,0,0,0,0,0,0,0,0,0,4,0,24,0,0,0,0,0,2,0,0,0,4,0,18,0,0,0,0,0,0,0,7,0,0,0,0,0,2,0,0,0,0,0,0,0,3,0,0,0,0,0,0,0,0,0,0,0,0,0,0,0,0,0,0,0,0,0,0,0,0,0,0,0,1,0,0,0,0,0,0,0,0,0,0,0,0,0,0,0,0,0,0,0,79,0,4,0,30,0,1,0,1,0,0,0,128,0,6,0,6,0,0,0,0,31,31,0,0,0,0,0,0,0,0,0,0,0,0,0,0,0,0,0,2,0,0,0,0,0,11,1,0,1,0,0,5,8,75,34,1,0,0,27
0,0,11,0,67,0,0,0,0,0,5,0,300,76,9,0,14,0,150,50,20,19,0,0,5,0,254,77,22,0,9,0,24,0,127,0,43,0,1,0,0,11,43,0,171,0,36,16,15,0,0,0,0,0,0,0,0,0,2,0,0,0,11,0,0,0,0,0,0,0,18,0,0,0,13,0,0,0,3,0,0,0,0,0,0,0,15,0,0,0,0,0,0,0,0,0,0,0,90,0,0,0,0,0,0,0,0,0,0,0,0,0,0,0,0,0,0,0,0,0,0,0,4,0,0,0,0,0,0,0,0,0,0,0,0,0,0,0,0,0,10,0,0,0,26,0,0,0,0,0,0,0,0,0,3,0,0,0,0,0,0,0,9,0,32,0,23,0,116,1,7,0,34,0,0,0,0,24,0,0,0,0,0,0,0,0,144,0,0,0,0,0,0,0,0,0,0,0,0,0,0,0,0,0,0,0,1,0,0,0,22,61,145,4,5,0,1,3,0,2,0,0,0,0,0
0,5,0,0,0,0,0,0,0,9,0,0,0,362,0,0,0,3,0,141,16,54,0,0,0,0,83,480,0,0,0,6,0,19,0,44,0,35,0,3,23,36,0,38,0,88,24,74,0,9,0,0,0,0,0,9,0,3,0,0,0,0,0,0,0,0,0,0,0,1,0,0,0,2,0,0,0,5,0,0,0,68,0,19,0,36,0,0,0,0,0,0,0,2,0,0,0,0,0,0,0,0,0,0,0,0,0,0,0,0,0,0,0,0,0,0,0,2,0,0,0,43,0,0,0,0,0,0,0,0,0,0,0,0,0,0,0,0,0,0,0,31,0,0,0,78,0,0,0,0,1,0,0,0,0,0,0,4,0,5,0,0,0,0,0,56,0,28,0,56,0,12,0,30,0,0,0,104,0,4,0,0,0,0,0,0,7,123,0,0,0,0,0,0,0,0,0,0,0,0,0,0,0,0,0,0,0,0,0,0,0,0,0,0,21,0,0,0,48,23,99,17,0,0,0
0,2,6,0,3,0,133,0,118,59,0,0,6,0,0,0,123,1,0,0,6,0,13,0,139,0,0,0,0,0,0,0,0,0,0,0,0,0,0,0,0,0,0,0,0,0,0,0,10,0,0,0,0,40,316,192,110,34,47,112,49,0,98,9,7,6,80,124,0,0,12,0,0,0,5,0,0,0,0,0,7,0,0,0,28,0,0,0,0,0,0,0,0,0,0,0,0,0,0,0,0,0,0,0,0,0,0,0,0,0,0,0,0,0,0,0,0,0,0,0,0,0,15,2,0,0,0,0,81,0,17,0,11,0,0,0,130,0,171,0,56,0,119,0,27,0,0,0,6,0,0,0,3,0,211,7,99,0,115,3,43,0,6,0,0,0,0,0,7,0,86,0,8,0,0,0,8,13,0,0,0,0,24,0,2,6,0,0,0,0,0,0,0,0,0,0,0,0,0,0,33,0,0,0,0,0,0,0,0,0,343,161,163,238,302,0,38,2,8,3,9,7,0,0,0
0,10,0,24,0,0,0,35,109,201,0,0,0,0,0,15,4,173,0,0,0,37,0,28,35,65,0,0,0,11,0,6,0,3,0,0,0,3,0,1,0,1,0,0,0,0,0,0,0,0,0,0,40,0,124,123,13,97,49,50,0,73,32,100,2,0,21,22,0,0,0,0,0,0,0,0,0,0,0,0,0,0,0,0,0,30,0,0,0,0,0,0,0,0,0,0,0,34,0,0,0,0,0,0,0,0,0,0,0,0,0,0,0,0,0,0,0,0,0,0,0,0,0,0,0,0,0,0,0,86,0,23,0,20,0,132,0,161,0,227,0,126,0,55,0,25,0,0,0,0,0,0,0,0,0,241,0,186,0,128,4,28,0,0,0,0,0,0,0,6,0,45,0,5,0,0,10,118,0,0,0,0,0,20,0,16,0,0,0,0,0,0,0,0,0,0,0,0,0,0,0,57,0,0,0,0,0,0,0,0,0,0,0,0,66,0,0,0,30,4,30,83,4,6,0
0,1,35,0,0,0,305,40,83,174,1,0,0,0,0,0,19,4,0,0,3,0,41,0,169,0,0,0,0,0,0,0,0,0,0,0,0,0,0,0,0,0,0,0,0,0,0,0,0,0,0,0,316,124,0,368,76,18,64,148,34,2,13,28,9,0,88,180,0,0,0,0,0,0,0,0,0,0,0,0,0,0,0,0,2,0,0,0,0,0,0,0,0,0,0,2,0,0,0,0,0,0,0,0,0,0,0,0,0,0,0,0,0,0,0,0,0,0,0,0,0,0,0,0,16,0,0,0,46,0,36,0,11,0,17,0,77,0,2,0,0,0,29,0,0,0,0,0,0,0,13,0,0,0,61,0,62,14,27,0,121,0,0,0,0,0,0,0,8,0,128,0,0,2,0,0,35,22,0,0,0,0,0,0,13,17,0,0,0,0,0,0,1,0,0,0,0,0,0,0,0,0,0,0,0,0,0,0,0,0,297,47,227,313,308,0,52,0,0,0,0,0,0,0,0
0,3,5,39,0,0,143,287,330,145,0,0,0,0,0,20,18,45,0,0,0,42,0,12,140,181,0,0,0,24,0,10,0,7,0,0,0,19,0,16,0,0,0,6,0,7,0,0,0,0,0,9,192,123,368,0,30,131,116,153,0,88,113,322,0,3,55,20,0,0,0,0,0,0,0,0,0,0,0,0,0,2,0,0,0,0,0,0,0,0,0,0,0,1,0,2,0,0,0,0,0,0,0,0,0,0,0,0,0,0,0,0,0,0,0,0,0,0,0,0,0,0,0,0,0,17,0,0,0,32,0,66,0,42,0,28,0,41,0,17,0,8,0,24,0,0,0,0,0,9,0,5,0,0,2,50,0,35,0,20,0,60,0,2,0,4,0,0,0,23,0,235,0,90,0,0,11,134,0,0,0,0,0,3,9,15,0,0,0,0,0,0,0,0,0,0,0,0,0,0,0,0,0,0,0,0,0,0,0,0,0,0,0,0,387,0,0,0,271,33,312,397,30,53,0
0,0,0,0,0,0,5,0,10,0,0,0,0,0,0,0,8,0,0,0,0,0,0,0,41,0,0,0,0,0,2,0,0,0,0,0,0,0,0,0,0,0,1,0,2,0,0,0,17,0,0,0,110,13,76,30,0,11,359,0,0,0,0,0,59,22,24,80,0,0,0,0,0,2,0,0,0,0,0,0,0,0,0,0,0,0,0,0,0,0,0,0,0,0,0,0,0,0,0,0,0,0,0,0,0,0,0,0,0,0,0,0,0,0,0,0,0,0,0,0,0,0,0,0,12,0,4,0,36,0,75,0,4,0,0,0,16,0,0,0,0,0,0,0,8,0,9,0,10,0,1,0,0,0,149,30,38,0,85,0,223,0,0,0,2,0,3,0,22,0,92,0,15,0,13,6,5,0,0,0,0,0,0,0,24,8,0,0,0,0,0,0,0,0,0,0,0,0,0,0,0,0,0,0,0,0,0,0,0,0,472,100,461,524,943,13,87,0,3,0,2,0,0,0,0
1,1,0,11,0,0,0,27,0,21,0,0,0,0,0,0,0,17,0,0,0,7,0,0,0,58,0,0,0,7,0,3,0,0,0,0,0,5,0,9,0,0,0,0,0,0,0,0,0,5,0,3,34,97,18,131,11,0,122,321,0,14,0,19,14,41,80,109,0,0,0,0,0,0,0,0,0,0,0,0,0,0,0,0,0,0,0,0,0,0,0,0,0,0,0,0,0,0,0,0,1,0,0,0,0,0,0,0,0,0,0,0,0,0,0,0,0,0,0,0,0,0,0,0,0,23,0,3,0,51,0,137,0,33,0,10,0,26,4,6,0,6,0,0,0,0,0,0,0,13,0,8,0,3,26,225,9,35,0,118,0,69,0,0,0,0,0,6,0,116,0,376,0,23,0,0,0,0,0,0,0,0,0,0,0,7,0,0,0,0,0,0,0,0,0,0,0,0,0,0,0,5,0,0,0,0,0,0,0,4,2,0,3,0,917,0,0,0,411,67,503,506,83,0,0
6,0,15,0,0,0,23,0,105,0,0,0,2,0,0,0,0,0,0,0,2,0,0,0,3,1,0,0,0,0,0,0,0,0,0,0,0,0,0,0,0,0,7,0,5,0,0,0,0,0,2,0,47,49,64,116,359,122,0,224,12,0,0,0,172,26,376,230,0,0,0,1,0,0,0,0,0,0,0,0,0,0,0,0,0,0,0,0,0,0,0,0,0,0,0,0,0,0,0,0,0,0,0,0,0,0,0,0,0,0,0,0,0,0,0,0,0,0,0,0,0,0,0,0,4,0,0,0,0,0,19,1,0,0,0,0,0,0,0,0,0,0,0,0,0,11,7,0,18,0,0,0,0,0,47,74,108,5,5,31,59,23,0,0,0,0,1,0,0,0,22,0,7,0,0,6,121,0,0,0,0,0,0,0,276,33,0,0,0,0,0,0,0,0,0,0,0,0,0,0,0,0,1,0,0,0,0,0,0,0,435,273,103,250,512,0,0,1,0,3,0,0,0,0,0
0,3,0,0,0,0,0,25,66,62,0,0,0,0,0,0,0,0,0,0,0,0,0,0,0,7,0,0,0,0,0,0,0,0,0,0,0,0,0,0,0,0,0,0,0,0,0,0,0,0,0,0,112,50,148,153,0,321,224,0,0,0,0,0,0,246,107,388,0,0,0,0,0,0,0,0,0,0,0,0,0,0,0,0,0,0,0,0,0,0,0,0,0,0,0,1,0,0,0,0,0,0,0,0,0,0,0,0,0,0,0,0,0,0,0,0,0,0,0,0,0,0,0,0,1,15,0,0,0,8,0,94,0,13,0,0,0,0,0,0,0,0,0,7,0,2,0,0,0,15,0,11,0,0,49,64,0,85,0,36,19,68,0,0,0,2,0,0,0,50,0,134,0,38,0,11,14,11,0,0,0,0,0,2,0,163,0,0,0,0,0,0,0,0,0,0,0,0,0,0,0,0,0,0,0,1,0,8,0,0,0,0,0,0,1083,0,0,0,733,192,384,563,70,58,0
0,0,29,0,0,0,203,0,172,0,0,0,0,0,0,0,5,0,0,0,4,0,0,0,30,6,0,0,2,0,0,0,0,0,2,0,13,0,12,0,0,0,0,0,0,0,0,0,2,0,0,0,49,0,34,0,0,0,12,0,0,0,38,0,0,0,3,0,0,0,2,0,0,0,0,0,0,0,0,0,0,0,0,0,0,0,0,0,0,0,0,0,0,0,0,0,0,0,0,0,1,0,0,0,0,0,0,0,0,0,0,0,0,0,0,0,0,0,0,0,6,0,4,0,0,0,0,0,0,0,0,0,1,0,0,0,16,0,104,0,45,0,0,0,124,0,0,0,0,0,1,0,0,0,43,0,108,0,17,0,0,0,19,0,1,0,0,0,1,0,120,0,117,0,0,0,1,0,0,0,0,0,31,0,0,0,0,0,0,0,0,0,0,0,0,0,0,0,0,0,0,0,0,0,0,0,0,0,0,0,48,80,33,12,18,0,5,0,0,0,0,0,0,0,0
0,104,0,0,0,0,8,174,0,164,0,0,0,0,0,0,0,2,0,0,0,1,0,0,18,0,0,0,0,9,0,0,0,5,0,0,0,9,0,9,0,0,0,0,0,0,0,0,0,0,0,0,0,73,2,88,0,14,0,0,0,0,0,35,0,0,0,0,0,0,0,0,0,0,0,0,0,0,0,0,0,0,0,0,0,1,0,0,0,0,0,0,0,0,0,0,0,0,0,0,0,0,0,0,0,0,0,0,0,0,0,0,0,0,0,0,0,0,0,0,0,0,0,0,0,0,0,0,0,0,0,0,0,0,0,0,0,0,0,44,0,43,0,22,0,172,0,0,0,0,0,0,0,0,0,24,0,85,0,7,2,0,0,3,0,0,0,0,0,7,0,77,0,131,0,0,0,101,0,0,0,0,2,57,0,11,0,0,0,0,0,0,0,0,0,0,0,0,0,0,0,0,0,0,0,0,0,0,0,0,0,0,0,0,54,0,0,0,38,28,128,114,0,29,0
171,15,135,1,0,0,366,89,184,66,0,0,0,0,10,0,263,18,7,0,143,0,24,0,243,37,45,0,20,0,19,0,8,1,0,0,38,0,22,0,0,0,18,0,2,0,0,0,0,0,11,0,98,32,13,113,0,0,0,0,38,0,0,14,0,0,0,0,0,0,50,0,5,0,58,0,0,0,0,0,44,0,0,0,37,0,37,0,0,0,0,0,0,0,0,0,0,0,0,0,0,0,0,0,0,0,0,0,0,0,0,0,0,0,0,0,0,0,0,0,49,0,0,0,0,0,0,0,7,0,0,0,0,0,0,0,84,0,69,0,79,0,0,0,85,0,0,0,0,0,0,0,0,0,60,0,11,1,23,0,2,0,4,0,0,0,0,0,0,0,7,0,9,0,0,0,5,34,3,0,0,0,36,0,0,0,0,0,0,0,0,0,0,0,0,0,0,0,0,0,0,0,0,0,0,0,0,0,0,0,64,56,22,13,34,0,3,0,0,0,0,0,0,0,0
0,97,6,7,0,0,21,316,22,274,0,0,0,0,0,17,20,149,0,8,0,100,13,33,67,71,0,0,1,36,0,30,0,12,0,8,0,9,0,6,0,0,0,0,0,0,0,0,0,0,0,0,9,100,28,322,0,19,0,0,0,35,14,0,0,0,0,7,0,0,0,0,0,0,0,0,0,0,0,0,0,0,0,0,0,0,0,0,0,0,0,0,0,0,0,0,0,0,0,0,0,0,0,0,0,0,0,0,0,0,0,0,0,0,0,0,0,0,0,0,0,0,0,5,0,0,0,0,0,14,0,7,0,0,0,52,0,28,0,70,0,41,0,25,0,17,0,0,0,0,0,0,0,0,0,63,0,23,0,30,0,0,0,0,0,0,0,0,0,0,0,0,0,10,0,0,0,195,0,0,0,0,0,53,0,8,0,0,0,0,0,0,0,0,0,0,0,0,0,0,0,0,0,0,0,0,0,0,0,0,1,0,0,0,22,0,0,0,11,4,11,21,1,6,0
6,0,3,0,2,0,1,0,73,0,0,0,0,0,0,0,0,0,0,0,0,0,0,0,0,0,1,0,0,0,0,0,0,0,0,0,0,0,0,0,0,0,0,0,0,0,0,0,0,0,0,0,7,2,9,0,59,14,172,0,0,0,0,0,0,19,168,13,0,0,0,0,0,0,0,11,0,0,0,0,0,0,0,0,0,5,0,0,0,0,0,0,0,0,0,0,0,0,0,0,0,0,0,0,0,0,0,0,0,0,0,0,0,0,0,0,0,0,0,0,0,0,0,0,5,0,1,0,0,0,61,28,0,0,0,0,0,0,0,0,0,8,0,0,26,62,23,0,72,0,0,0,0,0,9,31,0,0,0,33,487,0,2,3,0,0,0,0,0,0,2,0,2,0,57,12,0,0,0,0,80,34,0,0,252,8,0,0,0,0,0,0,0,0,0,0,0,0,0,0,0,0,0,0,0,0,0,0,0,1,44,21,0,0,32,0,0,0,0,0,0,0,0,0,0
0,28,0,10,0,12,0,9,0,120,0,6,0,7,0,20,0,0,0,21,0,0,0,0,0,2,0,0,0,0,0,0,0,0,0,0,0,0,0,0,0,0,0,0,0,0,0,0,0,0,0,0,6,0,0,3,22,41,26,246,0,0,0,0,19,0,0,300,0,0,0,26,0,2,6,32,0,0,0,7,0,0,0,0,0,0,0,12,0,0,0,0,0,0,0,0,0,0,0,0,0,0,0,0,0,0,0,0,0,0,0,0,0,0,0,0,0,0,0,0,0,0,0,0,7,69,0,10,0,4,0,204,0,8,0,3,0,4,71,30,0,15,0,0,45,113,0,31,0,356,0,8,0,12,25,0,0,2,32,2,122,375,0,0,1,0,0,0,0,17,0,0,0,4,0,87,0,0,0,0,17,183,0,13,0,116,0,0,0,0,0,1,0,0,0,0,0,0,0,0,0,0,0,0,0,0,0,6,0,6,0,0,0,0,162,0,0,0,206,0,63,0,0,0,0
0,0,0,0,0,0,2,0,101,0,0,0,0,0,0,0,0,0,0,0,0,0,0,0,0,0,0,0,0,0,0,0,0,0,0,0,0,1,0,0,0,0,0,0,0,0,0,0,0,0,0,0,80,21,88,55,24,80,376,107,3,0,0,0,168,0,0,86,0,0,0,0,0,0,0,0,0,0,0,0,0,0,0,0,0,0,0,0,0,0,0,0,0,0,0,0,0,0,0,0,0,0,0,0,0,0,0,0,0,0,0,0,0,0,0,0,0,0,0,0,0,0,0,0,2,0,0,0,0,0,9,0,0,0,0,0,0,0,0,8,0,0,0,0,4,0,8,0,28,0,0,0,0,0,6,61,0,3,1,27,144,24,0,0,0,0,2,0,0,0,3,0,2,0,0,7,110,0,0,0,0,0,2,0,674,25,0,0,0,0,0,0,0,0,0,0,0,0,0,0,0,0,0,0,0,0,0,0,0,0,89,101,0,0,68,0,0,0,1,0,0,0,0,0,0
0,20,0,0,0,0,0,28,65,118,0,0,0,0,0,0,0,0,0,0,0,0,0,0,0,0,0,0,0,0,0,0,0,0,0,0,0,0,0,0,0,0,0,0,0,0,0,0,0,0,0,0,124,22,180,20,80,109,230,388,0,0,0,7,13,300,86,0,0,0,0,0,0,0,0,0,0,0,0,0,0,0,0,0,0,0,0,0,0,0,0,0,0,0,0,0,0,0,0,0,0,0,0,0,0,0,0,0,0,0,0,0,0,0,0,0,0,0,0,0,0,0,0,0,0,0,0,0,0,0,0,52,0,1,0,0,0,0,0,0,0,0,0,0,15,0,0,0,0,18,0,0,0,1,61,26,20,37,5,10,30,64,0,5,0,1,0,0,0,0,0,0,0,7,0,56,16,9,0,0,0,16,0,4,25,671,0,0,0,0,0,0,0,0,0,0,0,0,0,0,0,0,0,0,0,0,0,0,0,0,0,0,1,0,368,0,0,0,233,116,67,0,0,0,0
0,0,0,0,0,0,0,0,0,0,0,0,0,0,0,0,0,0,0,0,0,0,0,0,0,0,0,0,0,0,0,0,0,0,0,0,0,0,0,0,0,0,0,0,6,0,0,1,25,0,0,0,0,0,0,0,0,0,0,0,0,0,0,0,0,0,0,0,0,0,1,0,15,0,0,0,115,0,11,0,4,0,30,0,0,0,19,0,45,0,16,0,30,0,21,0,0,0,0,0,17,0,175,0,0,0,63,0,81,0,8,0,5,0,1,0,20,0,0,0,0,0,0,0,0,0,0,0,0,0,0,0,0,0,0,0,0,0,0,0,1,0,0,0,0,0,0,0,0,0,0,0,0,1,0,0,0,0,0,0,0,0,0,0,33,0,0,0,150,0,1,0,0,0,3,0,0,0,0,0,0,0,0,0,0,0,0,0,0,0,0,0,0,0,0,0,0,0,0,0,0,0,46,0,0,0,0,0,0,0,130,0,145,12,17,67,25,4,0,0,0,0,0,0,0
0,0,0,0,0,0,0,0,0,0,0,0,0,0,0,0,0,0,0,0,0,0,0,0,0,0,0,0,0,0,0,0,0,0,0,0,0,0,0,0,0,0,0,0,0,9,0,0,0,5,0,1,0,0,0,0,0,0,0,0,0,0,0,0,0,0,0,0,0,0,0,0,0,0,0,0,0,19,0,0,0,0,0,53,0,0,0,16,0,22,0,0,0,36,0,24,0,0,0,0,0,0,0,122,0,0,0,0,0,19,0,2,0,3,0,0,0,16,0,0,0,0,0,0,0,0,1,0,0,0,0,0,0,0,0,0,0,0,0,0,0,0,0,0,0,0,0,0,0,0,0,0,0,0,0,0,0,0,0,0,0,0,0,0,0,25,0,0,0,49,0,2,0,0,0,0,0,3,0,0,0,0,0,0,0,0,0,0,0,0,0,0,0,0,0,0,0,0,0,0,0,0,0,0,0,0,0,0,0,0,0,0,0,0,0,0,0,0,42,0,81,0,6,101,0
0,0,0,0,0,0,0,0,0,0,0,0,0,0,5,0,48,0,3,0,82,0,0,0,0,0,41,0,6,0,17,0,0,0,28,0,29,0,0,0,0,0,27,0,21,0,0,0,0,0,18,0,12,0,0,0,0,0,0,0,2,0,50,0,0,0,0,0,1,0,0,0,245,0,307,0,13,0,108,0,18,0,0,0,0,0,17,0,0,0,0,0,0,0,0,3,1,0,33,0,0,0,0,0,0,0,0,0,0,0,0,0,0,0,0,0,0,0,0,0,23,3,1,0,16,10,21,0,0,0,25,0,0,8,0,0,0,7,4,11,40,25,0,0,61,29,18,0,48,0,37,0,25,4,1,0,8,0,1,0,22,22,49,0,0,0,19,0,33,18,13,0,57,0,40,0,0,0,0,0,75,34,0,0,0,0,0,0,0,0,0,0,0,0,0,0,0,0,0,0,9,0,0,0,0,0,0,0,27,0,22,3,44,8,10,0,0,0,0,0,0,0,0,0,0
0,0,0,0,0,1,0,0,0,0,0,0,0,0,0,0,0,0,0,0,0,16,0,0,0,0,0,0,0,0,0,4,0,0,0,0,0,2,0,0,0,0,0,0,0,0,0,0,0,0,0,0,0,0,0,0,0,0,1,0,0,0,0,0,0,26,0,0,0,0,0,0,0,120,0,282,0,9,0,6,0,1,0,0,0,0,0,81,0,0,0,0,0,0,0,0,0,0,0,0,5,0,0,0,0,0,0,0,0,0,0,0,0,0,0,0,0,0,0,0,0,0,0,7,15,43,0,0,0,0,0,15,0,80,0,0,0,0,28,0,0,4,0,0,22,66,0,0,0,0,0,0,0,0,5,0,0,2,16,0,48,13,0,14,0,0,0,8,0,3,0,7,0,14,0,26,0,0,0,0,0,82,0,0,0,0,0,0,0,0,0,0,0,0,0,0,0,0,0,0,0,0,0,0,0,0,0,0,0,18,0,0,0,0,5,0,0,0,30,0,0,0,1,0,0
0,0,0,0,0,0,0,0,0,0,0,0,0,0,0,0,11,0,0,0,0,0,0,0,0,0,0,0,0,0,4,0,0,0,0,0,0,0,0,0,0,0,5,0,0,0,0,0,0,0,0,0,0,0,0,0,0,0,0,0,0,0,5,0,0,0,0,0,15,0,245,0,0,0,138,0,34,0,198,0,0,0,34,0,0,0,5,0,0,0,0,0,0,0,0,0,0,3,4,0,0,0,0,0,0,0,0,0,0,0,0,0,0,0,0,0,0,0,0,0,56,0,8,0,57,0,40,0,10,0,17,12,48,0,38,0,48,0,8,8,44,0,38,0,70,10,42,0,0,0,108,0,0,0,0,0,0,0,0,0,0,5,102,0,1,0,1,0,9,0,10,0,0,0,19,1,0,0,0,0,0,14,0,0,0,0,0,0,0,0,0,0,18,0,2,0,0,0,78,0,49,0,0,0,0,0,0,0,0,0,192,2,6,0,21,0,0,0,0,0,0,0,0,0,0
0,0,0,0,0,1,0,0,0,0,0,0,0,0,0,0,0,0,0,0,0,0,0,0,0,0,0,0,0,0,0,0,0,0,0,0,0,0,0,0,0,0,0,0,0,0,0,0,0,0,0,2,0,0,0,0,2,0,0,0,0,0,0,0,0,2,0,0,0,0,0,120,0,0,0,203,0,44,0,40,0,6,0,0,0,0,2,81,0,0,0,0,0,0,0,0,0,3,0,0,0,0,0,0,0,0,0,0,0,0,0,0,0,0,0,0,0,0,0,0,0,22,0,2,0,61,0,37,0,8,0,18,0,107,0,40,0,0,0,0,0,6,0,0,0,64,0,28,0,0,0,0,0,35,0,0,0,1,0,0,9,0,0,56,0,1,0,0,0,19,0,10,0,4,0,21,0,0,0,0,0,58,0,0,0,1,0,0,0,0,0,0,0,0,0,0,0,10,0,120,0,54,0,77,0,0,0,179,0,60,0,0,0,0,12,0,0,0,140,0,10,0,0,1,0
0,0,0,0,0,0,0,0,0,0,0,0,0,0,0,0,72,0,0,0,58,0,0,0,0,0,27,0,0,0,0,0,3,0,24,0,20,0,5,0,0,0,0,0,8,0,0,0,0,0,13,0,5,0,0,0,0,0,0,0,0,0,58,0,0,6,0,0,0,0,307,0,138,0,0,0,20,0,110,0,4,0,13,0,0,0,3,0,0,0,0,0,0,0,3,0,3,0,1,13,0,0,0,0,0,0,0,0,0,0,0,0,0,0,1,0,0,0,0,0,38,0,15,0,30,16,16,0,4,0,30,0,13,25,39,0,19,8,2,0,62,31,76,0,68,19,21,0,52,0,52,0,53,2,0,0,3,0,0,0,0,0,29,0,0,0,9,0,12,0,15,0,24,0,55,0,0,0,0,0,76,36,0,0,0,0,0,0,0,0,0,0,0,0,0,0,0,0,159,0,74,0,91,0,0,0,84,0,67,0,52,2,18,2,15,0,3,0,0,0,0,0,0,1,0
0,0,0,0,0,0,0,0,0,0,0,0,0,0,0,0,0,0,0,0,0,21,0,0,0,0,0,0,0,0,0,5,0,0,0,0,0,6,0,0,0,0,0,0,0,3,0,0,0,0,0,0,0,0,0,0,0,0,0,0,0,0,0,0,11,32,0,0,0,0,0,282,0,203,0,0,0,13,0,113,0,2,0,0,0,2,0,59,0,0,0,0,0,0,0,0,0,1,0,0,0,0,0,0,0,0,0,0,0,0,0,0,0,0,0,0,0,0,0,0,0,180,0,42,0,59,0,0,0,0,0,0,0,88,0,0,0,42,44,0,0,36,0,23,17,170,0,0,0,27,0,127,0,31,0,0,0,3,18,0,60,0,0,51,0,0,0,0,0,0,0,5,0,21,3,27,0,0,0,0,0,169,0,0,0,0,0,0,0,0,0,0,0,0,0,0,0,0,0,32,1,0,0,0,0,2,0,91,0,56,0,0,0,0,3,0,0,0,87,2,11,0,0,0,0
0,0,0,0,0,0,0,0,0,0,0,0,0,0,0,0,0,0,0,0,0,0,0,0,0,0,0,0,0,0,0,0,0,0,0,0,0,0,0,0,0,0,0,0,0,0,0,0,5,0,0,0,0,0,0,0,0,0,0,0,0,0,0,0,0,0,0,0,115,0,13,0,34,0,20,0,0,0,34,0,9,0,21,0,4,0,37,0,4,0,0,0,4,0,10,0,15,0,10,0,0,0,113,0,0,0,21,0,53,0,0,0,0,0,1,0,31,0,0,0,7,0,6,0,0,0,0,0,0,0,0,0,0,0,0,0,0,0,0,0,0,0,0,0,0,0,1,0,1,0,0,0,0,0,0,0,0,0,0,0,0,0,0,0,13,0,0,0,22,0,0,0,0,0,0,0,0,0,0,0,0,0,0,0,0,0,0,0,29,0,0,0,0,0,25,0,0,0,0,0,41,0,50,0,0,0,0,0,0,0,25,0,22,0,6,7,0,0,0,0,0,0,0,0,0
0,0,0,0,0,0,0,0,0,0,0,0,0,0,0,0,0,0,0,0,0,0,0,0,0,0,0,3,0,0,0,0,0,0,0,0,0,0,0,0,0,0,0,0,0,0,0,3,0,0,0,5,0,0,0,0,0,0,0,0,0,0,0,0,0,0,0,0,0,19,0,9,0,44,0,13,0,0,0,12,0,41,0,12,0,6,0,102,0,0,0,0,0,2,0,12,0,3,0,0,0,5,0,82,0,0,0,0,0,0,0,0,0,1,0,0,0,13,0,0,0,9,0,0,0,0,0,0,0,0,5,0,0,0,0,0,0,0,0,0,0,1,0,0,0,3,0,0,0,0,0,12,0,0,0,0,0,0,0,0,0,0,0,4,0,9,0,0,0,99,0,0,0,0,0,0,0,0,0,0,0,0,0,0,0,0,0,0,0,71,0,0,0,4,0,33,0,0,0,63,0,58,0,66,0,88,0,37,0,0,2,0,0,0,6,0,0,0,53,0,59,4,2,0,2
0,0,0,0,0,0,0,0,0,0,0,0,0,0,0,0,0,0,0,0,0,0,0,0,0,0,0,0,0,0,0,0,0,0,0,0,0,0,0,0,0,0,0,0,0,0,0,0,5,0,3,0,0,0,0,0,0,0,0,0,0,0,0,0,0,0,0,0,11,0,108,0,198,0,110,0,34,0,0,0,13,0,45,0,4,0,126,4,1,0,17,1,14,0,12,0,38,0,47,0,7,0,43,0,0,0,11,0,8,0,0,0,0,0,0,0,0,0,0,0,36,0,26,0,0,0,12,0,3,0,7,0,7,0,0,0,0,0,0,0,10,0,26,0,7,0,0,0,6,0,0,0,0,0,0,0,0,0,0,0,0,0,11,0,0,0,2,0,81,0,0,0,0,0,7,0,0,0,0,0,0,0,0,0,0,0,0,0,0,0,0,0,64,0,20,0,0,0,75,0,118,0,142,0,102,0,0,0,45,0,244,3,42,0,31,0,0,0,0,0,0,0,0,0,0
0,0,0,0,0,0,0,1,0,0,0,0,0,0,0,0,0,0,0,0,0,14,0,0,0,0,0,0,0,0,0,0,0,0,0,0,0,0,0,0,0,0,0,0,0,0,0,0,0,0,0,0,0,0,0,0,0,0,0,0,0,0,0,0,0,7,0,0,0,0,0,6,0,40,0,113,0,12,0,0,0,0,0,0,0,4,0,27,0,0,0,0,0,0,0,1,0,0,0,0,0,0,0,0,0,0,0,0,0,0,0,0,0,0,0,0,0,0,0,0,0,9,0,12,0,0,0,0,0,0,0,13,0,40,0,35,0,0,0,0,0,20,0,6,0,62,0,0,0,0,0,49,0,0,0,0,0,2,0,0,0,0,0,3,0,0,0,6,0,0,0,0,0,0,0,0,0,0,0,0,0,0,0,0,0,0,0,0,0,0,0,0,0,0,0,2,0,0,0,29,0,0,0,0,0,0,0,53,0,37,0,0,0,0,0,0,0,0,4,0,0,1,0,0,0
