0,162,78,82,103,0,47,158,49,31,165,0,89,0,10,56,10,93,8,0,4,0,7,163,6,394,22,0,112,0,15,0,142,0,0,0,45,0,157,0,41,0,0,0,0,0,48,0,11,0,0,0,0,0,1,0,0,0,0,0,77,0,83,0,5,0,7,0,0,0,0,0,0,0,0,0,0,0,0,0,0,0,0,0,0,0,0,0,0,0,0,0,0,0,0,0,0,0,0,0,0,0,0,0,0,0,0,0,0,0,0,0,0,0,0,0,0,0,0,0,0,0,0,0,0,0,4,0,0,0,5,0,0,0,0,0,0,0,0,0,0,0,0,0,0,0,8,0,0,0,0,0,7,0,0,0,0,0,0,0,0,0,0,0,0,0,0,0,39,0,0,0,261,0,0,0,463,113,24,0,0,0,62,0,2,0,3,0,0,0,0,0,0,0,0,0,0,0,0,0,0,0,0,0,0,0,0,0,0,0,372,221,196,0,196,1,4,0,4,0,0,0,0,0,0
162,0,210,108,0,167,0,153,0,57,23,159,0,67,17,26,130,15,0,37,0,7,268,15,158,30,0,101,4,145,0,0,0,175,0,0,0,216,0,610,0,19,0,0,0,14,0,70,0,0,0,0,0,14,0,8,0,0,0,10,1,120,0,57,0,33,0,16,0,4,0,0,0,0,0,0,0,0,0,0,0,0,0,0,0,0,0,0,0,0,0,0,0,0,0,0,0,0,0,0,0,0,0,0,0,0,0,0,0,0,0,0,0,0,0,0,0,0,0,0,0,0,0,0,0,19,0,17,0,0,0,27,0,9,0,69,1,111,0,7,0,0,0,0,0,9,0,14,0,28,0,38,0,0,0,20,0,33,0,0,0,10,0,0,0,10,0,46,0,31,0,19,0,249,0,0,77,441,5,7,0,0,0,3,0,120,2,0,0,0,0,0,0,0,0,0,0,0,0,0,0,18,0,0,0,2,0,6,0,21,7,4,0,0,307,0,0,0,720,184,271,0,0,18,0
78,210,0,80,171,38,83,47,17,0,57,59,71,0,95,135,46,40,45,0,18,0,183,154,73,155,92,0,241,0,107,0,281,0,0,0,80,0,223,0,29,0,0,0,0,0,20,0,9,0,0,0,0,0,102,0,0,0,0,0,44,0,68,5,9,0,12,0,0,0,0,0,0,0,0,0,0,0,0,0,0,0,0,0,0,0,0,0,0,0,0,0,0,0,0,0,0,0,0,0,0,0,0,0,0,0,0,0,0,0,0,0,0,0,0,0,0,0,0,0,3,0,0,0,7,0,42,0,0,0,17,0,0,0,126,0,31,0,0,0,0,0,79,0,0,0,147,0,21,0,76,0,52,0,0,0,0,0,0,0,0,1,0,0,25,0,98,0,62,0,18,0,292,0,0,0,126,119,0,0,0,0,9,4,16,0,0,0,0,0,0,0,0,0,0,0,0,0,36,0,213,0,0,0,0,0,0,0,38,0,436,153,353,105,296,0,0,0,11,0,0,0,0,0,0
82,108,80,0,0,190,0,107,0,9,41,16,0,16,42,155,32,36,0,155,22,48,163,84,29,51,0,80,0,185,0,22,0,264,0,0,0,71,0,310,0,0,0,0,0,3,1,0,0,1,0,0,0,0,0,33,0,19,0,0,0,0,0,0,0,0,0,1,0,0,0,0,0,0,0,0,0,0,0,0,0,0,0,0,0,0,0,0,0,0,0,0,0,0,0,0,0,0,0,0,0,0,0,0,0,1,0,0,0,0,0,0,0,0,0,0,0,0,0,0,0,0,0,0,0,0,0,0,0,17,0,0,0,19,0,136,0,192,4,52,0,33,0,132,0,0,0,0,0,5,0,6,0,0,0,12,0,0,0,2,0,0,0,0,0,0,0,114,0,11,0,0,0,93,0,0,35,71,0,0,0,2,0,0,0,0,0,0,0,0,0,0,0,0,0,0,0,0,0,0,0,0,0,0,0,0,0,0,0,0,0,0,0,0,137,0,0,0,214,41,202,0,0,6,0
103,0,171,0,0,214,30,0,61,0,116,167,400,54,94,330,7,10,75,179,98,60,69,99,0,0,193,0,28,0,239,0,274,0,440,0,283,0,0,0,129,0,0,0,27,0,125,0,16,0,77,0,1,0,12,0,0,0,0,0,0,0,5,0,15,0,0,0,0,0,0,0,0,0,0,0,0,0,0,0,0,0,0,0,0,0,0,0,0,0,0,0,0,0,0,0,0,0,0,0,0,0,0,0,0,0,0,0,0,0,0,0,0,0,0,0,0,0,0,0,0,0,0,0,0,0,23,0,0,0,6,0,0,0,28,0,0,0,0,0,0,0,0,0,0,0,68,0,26,0,37,0,40,0,0,0,0,0,0,0,0,0,0,0,56,0,262,0,123,0,0,0,96,0,0,0,380,181,68,0,0,0,50,0,63,0,14,0,0,0,0,0,0,0,0,0,0,0,0,0,0,0,0,0,0,0,0,0,10,0,385,238,410,0,171,0,0,0,14,0,0,0,0,0,0
0,167,38,190,214,0,0,124,0,24,109,114,76,181,381,61,0,0,124,186,154,150,95,40,0,4,0,335,0,0,0,106,0,268,0,150,0,193,0,0,0,72,0,0,0,24,0,159,0,0,0,93,0,0,0,8,0,0,0,5,0,0,0,0,0,28,0,6,0,0,0,0,0,0,0,0,0,0,0,0,0,0,0,0,0,0,0,0,0,0,0,0,0,0,0,0,0,0,0,0,0,0,0,0,0,0,0,0,0,0,0,0,0,0,0,0,0,0,0,0,0,0,0,0,0,0,0,0,0,0,0,0,0,29,0,129,0,165,0,17,0,0,0,0,0,0,0,0,0,19,0,23,0,14,0,0,0,23,0,0,1,0,0,5,0,0,0,231,0,56,0,32,0,36,0,4,61,307,20,19,0,0,0,0,0,22,0,18,0,1,0,0,0,0,0,1,0,0,0,0,0,0,0,0,0,0,0,0,0,34,0,0,0,0,192,0,0,0,288,199,334,38,4,0,0
47,0,83,0,30,0,0,89,74,234,30,0,12,0,5,0,16,0,0,0,0,0,16,0,222,129,0,0,33,0,0,0,0,0,0,0,0,0,32,0,4,0,1,0,0,0,0,0,5,0,0,0,21,43,168,88,3,0,10,0,197,0,270,40,5,0,25,18,0,0,0,0,0,0,0,0,0,0,0,0,0,0,0,0,0,0,0,0,0,0,0,0,0,0,0,0,0,0,0,0,0,0,0,0,0,0,0,0,0,0,0,0,0,0,0,0,0,0,0,0,0,0,0,0,12,0,50,0,0,0,46,0,0,0,11,0,7,0,0,0,0,0,6,0,0,0,109,0,9,0,37,0,0,0,5,0,7,0,0,0,8,0,0,0,0,0,0,0,35,0,92,0,210,0,0,0,49,34,0,0,0,0,4,19,7,0,0,0,0,0,0,0,0,0,0,0,0,0,0,0,0,0,0,0,0,0,0,0,37,0,780,86,356,287,703,0,37,0,7,0,0,0,0,0,0
158,153,47,107,0,124,89,0,149,124,0,23,0,0,0,17,51,37,0,13,0,0,0,19,176,197,0,0,0,133,1,0,0,0,0,0,0,45,0,319,0,0,0,0,0,0,0,0,0,0,0,0,0,20,35,73,0,14,0,8,0,101,63,233,0,2,0,1,0,0,0,0,0,0,0,0,0,0,0,0,0,0,0,0,0,0,0,0,0,0,0,0,0,0,0,0,0,0,0,0,0,0,0,0,0,0,0,0,0,0,0,0,0,0,0,0,0,0,0,0,0,0,0,0,0,0,0,0,0,24,0,54,0,26,0,41,0,144,0,22,3,0,0,41,0,0,1,6,0,10,0,9,0,0,0,5,0,9,0,0,0,19,0,0,0,3,0,0,0,45,0,16,0,188,0,0,33,79,0,0,0,0,14,0,0,0,1,0,0,0,0,0,0,0,0,0,0,0,0,0,0,0,0,0,0,0,0,0,0,23,0,0,0,0,732,0,0,0,686,44,208,218,0,96,0
49,0,17,0,61,0,74,149,0,411,32,0,46,0,6,0,0,0,13,0,4,0,8,0,7,262,17,0,0,0,3,0,5,0,0,0,0,0,28,0,26,0,2,0,8,0,18,0,8,0,0,0,30,100,53,236,23,14,96,57,127,0,114,85,99,0,205,40,2,0,0,0,0,0,0,0,1,0,0,0,0,0,0,0,0,0,0,0,0,0,0,0,0,0,0,0,0,0,0,0,0,0,0,0,0,0,0,0,0,0,0,0,0,0,0,0,0,0,1,0,0,0,0,0,10,0,18,0,0,0,41,0,0,0,10,0,0,0,0,0,0,0,4,0,0,0,79,0,65,0,30,0,16,0,8,2,0,0,6,0,19,0,0,0,3,1,0,0,13,0,44,4,37,0,2,0,406,68,5,0,11,0,5,18,177,0,6,0,0,0,0,0,1,0,0,0,0,0,6,0,0,0,0,0,0,0,2,0,15,0,471,78,98,117,312,0,0,0,2,0,0,0,0,0,0
31,57,0,9,0,24,234,124,411,0,0,28,0,0,0,0,30,0,0,16,0,0,0,1,257,21,1,33,0,5,0,0,0,0,0,0,0,0,0,0,0,0,0,0,0,0,0,0,0,2,0,0,80,63,268,200,0,37,71,111,17,134,103,145,0,203,10,154,0,0,0,0,0,0,0,0,0,3,0,0,0,0,0,0,0,0,0,0,0,0,0,0,0,0,0,0,0,0,0,0,0,0,0,0,0,0,0,0,0,0,0,0,0,0,0,0,0,0,0,0,0,0,0,0,0,51,0,49,0,0,0,123,0,31,0,102,1,154,0,3,0,0,0,0,0,0,0,25,0,124,0,74,0,13,1,13,0,37,0,8,0,13,0,0,0,6,0,0,0,37,0,58,0,116,0,0,49,251,0,0,0,0,0,5,11,83,0,0,0,0,0,0,0,0,0,0,0,0,0,0,0,34,0,1,0,0,0,0,0,101,6,0,0,0,457,0,0,0,571,104,109,0,6,64,0
165,23,57,41,116,109,30,0,32,0,0,59,273,0,13,205,0,0,6,20,11,0,8,102,0,7,0,0,0,0,63,0,115,0,55,0,73,0,0,0,94,0,0,0,0,0,56,0,14,0,0,0,0,0,2,0,0,0,0,0,0,0,0,0,0,0,6,0,0,0,0,0,0,0,0,0,0,0,0,0,0,0,0,0,0,0,0,0,0,0,0,0,0,0,0,0,0,0,0,0,0,0,0,0,0,0,0,0,0,0,0,0,0,0,0,0,0,0,0,0,0,0,0,0,0,0,0,0,0,0,0,0,0,0,0,0,0,0,0,0,0,0,0,0,0,0,34,0,6,0,0,0,3,0,3,0,0,0,0,0,0,0,0,0,0,0,62,0,63,0,0,0,26,0,0,0,353,88,73,1,0,0,13,0,8,0,8,0,0,0,0,0,0,0,0,0,0,0,0,0,0,0,0,0,0,0,0,0,0,0,149,146,173,0,54,0,0,0,0,0,0,0,0,0,0
0,159,59,16,167,114,0,23,0,28,59,0,0,408,316,14,18,0,74,54,110,34,149,11,0,0,0,259,2,38,9,44,5,269,0,43,0,198,0,73,0,171,0,0,0,35,0,300,0,36,3,15,0,9,0,4,0,0,0,0,0,0,0,0,0,22,0,0,0,0,0,0,0,0,0,4,0,0,0,0,0,0,0,0,0,0,0,0,0,0,0,0,0,0,0,0,0,0,0,0,0,0,0,0,0,0,0,0,0,0,0,0,0,0,0,0,0,0,0,0,0,0,0,0,0,0,0,0,0,0,0,13,0,7,0,38,0,52,0,0,0,0,0,0,0,0,0,18,0,0,0,48,0,68,0,10,0,0,0,0,0,0,0,0,0,0,0,95,0,19,0,12,0,39,0,53,55,454,7,21,0,87,0,0,0,85,0,3,0,0,0,0,0,0,0,0,0,0,0,0,0,0,0,0,0,0,0,0,0,25,0,0,0,0,86,0,0,0,257,139,140,0,7,0,0
89,0,71,0,400,76,12,0,46,0,273,0,0,177,62,56,0,0,108,393,53,81,0,3,0,0,156,200,0,0,0,0,0,0,213,0,74,0,0,0,240,0,178,57,37,23,147,50,34,0,341,0,0,0,0,0,0,0,0,0,2,0,2,0,0,0,0,0,0,0,0,0,0,0,0,0,0,0,0,0,0,0,0,0,0,0,0,0,0,0,0,0,0,0,0,0,0,0,0,0,0,0,0,0,0,0,0,0,0,0,0,0,0,0,0,0,0,0,0,0,0,0,0,0,0,0,14,0,0,0,0,0,0,0,0,0,5,0,0,0,0,0,0,0,0,0,33,0,12,0,25,0,0,0,0,0,0,0,0,0,0,0,0,0,50,0,8,0,0,0,0,0,0,0,0,0,181,108,126,0,0,0,30,0,24,0,282,0,0,0,0,0,0,0,0,0,0,0,0,0,0,0,0,0,0,0,2,0,8,0,0,110,118,0,0,0,0,0,0,0,0,0,0,0,0
0,67,0,16,54,181,0,0,0,0,0,408,177,0,57,0,0,0,356,89,97,137,0,0,0,0,408,146,0,0,0,0,0,0,0,164,0,56,0,0,94,176,38,228,15,34,36,276,3,66,36,467,0,5,0,0,0,0,0,0,0,0,0,1,0,0,0,0,0,0,0,0,0,0,0,0,0,0,0,0,0,0,0,0,0,0,0,0,0,0,0,0,0,0,0,0,0,0,0,0,0,0,0,0,0,0,0,0,0,0,0,0,0,0,0,0,0,0,0,0,0,0,0,0,0,0,0,0,0,2,0,0,0,0,0,0,0,0,0,0,0,0,0,0,0,0,0,0,0,0,0,0,0,21,0,0,0,0,0,0,0,0,0,0,0,0,0,0,1,23,0,5,0,10,0,0,12,431,0,13,0,18,0,11,0,20,0,86,0,0,0,0,0,0,0,0,0,0,0,0,0,0,0,0,0,0,0,0,0,0,1,0,0,0,30,0,0,0,0,163,241,0,0,0,0
10,17,95,42,94,381,5,0,6,0,13,316,62,57,0,444,15,0,252,167,143,91,184,136,8,0,250,0,0,7,123,36,66,61,98,0,46,41,0,0,6,0,15,0,9,0,26,0,4,0,13,0,0,0,0,0,0,0,0,0,0,0,3,0,0,0,0,0,0,0,0,0,0,0,0,0,0,0,0,0,0,0,0,0,0,0,0,0,0,0,0,0,0,0,0,0,0,0,0,0,0,0,0,0,0,0,0,0,0,0,0,0,0,0,0,0,0,0,0,0,0,0,0,0,0,0,9,0,0,0,0,0,0,0,0,0,0,0,0,0,0,0,0,0,0,0,24,0,9,0,24,0,31,0,0,0,0,0,0,0,0,0,0,0,0,0,62,0,40,0,0,0,12,0,1,0,117,126,9,0,3,0,8,0,22,0,0,0,0,0,0,0,0,0,0,0,0,0,0,0,0,0,0,0,0,0,0,0,5,0,64,190,94,0,0,0,0,0,0,0,0,0,0,0,0
56,26,135,155,330,61,0,17,0,0,205,14,56,0,444,0,40,4,39,302,145,116,270,61,0,27,0,81,0,10,24,51,14,146,26,56,0,87,0,0,0,0,0,33,0,7,0,0,0,2,0,9,0,0,0,34,0,43,0,0,0,2,0,10,0,0,0,0,0,0,0,0,0,0,0,0,0,0,0,0,0,73,0,0,0,0,0,0,0,0,0,0,0,0,0,0,0,0,0,0,0,56,0,0,0,0,0,0,0,0,0,0,0,0,0,0,0,0,0,0,0,0,0,0,0,0,0,0,0,0,0,0,0,11,0,185,0,176,0,89,0,95,0,401,0,0,0,0,0,0,0,0,0,0,0,55,0,0,0,0,0,0,0,0,0,0,0,117,0,44,0,7,0,31,0,0,44,90,23,2,0,0,0,0,0,0,0,0,0,0,0,0,0,0,0,0,0,0,0,0,0,22,0,0,0,0,0,0,0,0,0,0,0,0,59,0,0,0,109,192,88,7,0,0,0
10,130,46,32,7,0,16,51,0,30,0,18,0,0,15,40,0,38,31,0,171,0,81,100,59,168,53,0,126,0,68,0,108,4,8,0,15,0,130,0,5,0,1,0,0,0,3,0,0,0,6,0,75,0,18,0,0,0,0,0,9,1,245,9,0,0,0,0,0,0,3,0,0,0,6,0,0,0,0,0,152,0,0,0,324,0,60,0,0,0,0,0,0,0,0,0,419,0,253,0,0,0,0,0,0,0,209,0,0,0,0,0,0,0,0,0,0,0,0,0,113,0,65,0,0,0,0,0,48,0,0,0,46,0,25,0,226,0,63,0,205,0,485,0,0,0,0,0,0,0,7,0,0,0,22,1,0,0,11,0,0,0,0,0,0,0,15,0,37,0,0,0,109,1,0,0,8,13,0,0,0,0,0,13,0,0,0,0,0,0,0,0,0,0,1,0,0,0,0,0,61,0,0,0,0,0,0,0,7,0,74,121,119,51,67,0,0,0,4,0,0,0,0,0,0
93,15,40,36,10,0,0,37,0,0,0,0,0,0,0,4,38,0,0,0,2,84,57,124,69,77,0,0,3,67,0,5,1,38,0,10,0,9,0,87,0,0,0,0,0,0,0,0,0,0,0,0,0,31,0,5,0,24,0,0,0,3,12,148,0,0,0,0,0,0,0,0,0,0,0,0,0,0,0,0,0,58,0,0,0,73,0,27,0,0,0,13,0,0,0,0,0,32,0,61,0,29,0,0,0,0,0,14,0,0,0,0,0,0,0,0,0,0,0,0,0,42,0,5,0,0,0,0,0,67,0,1,0,38,0,22,0,52,0,183,0,191,0,401,0,0,0,0,0,0,0,0,0,0,0,60,0,0,0,39,0,0,0,0,0,0,0,4,0,0,1,0,0,13,0,0,4,9,0,0,0,0,4,1,0,0,0,0,0,0,0,0,0,0,0,0,0,0,0,0,0,0,0,0,0,0,0,0,0,0,0,0,0,0,9,0,0,0,13,100,9,0,0,0,0
8,0,45,0,75,124,0,0,13,0,6,74,108,356,252,39,31,0,0,512,171,87,172,9,7,0,263,126,4,0,16,0,0,0,321,23,44,14,0,0,15,0,27,41,16,0,11,0,0,0,166,34,0,0,0,0,0,0,0,0,0,0,12,0,3,0,0,0,0,0,0,0,0,0,0,0,0,0,0,0,36,0,0,0,0,0,0,0,0,0,0,0,0,0,0,0,0,0,0,0,16,0,0,0,0,0,0,0,0,0,0,0,0,0,0,0,0,0,0,0,22,0,0,0,0,0,0,0,0,0,0,0,0,0,0,0,0,0,0,0,0,0,52,0,0,0,8,0,5,0,15,0,0,0,0,0,0,0,0,0,0,0,4,0,39,0,20,0,22,0,0,0,2,0,0,0,41,38,4,0,0,0,0,0,8,0,31,0,0,0,0,0,0,0,0,0,0,0,0,0,0,0,0,0,0,0,0,0,0,0,70,176,114,9,0,0,0,0,0,0,0,0,0,0,0
0,37,0,155,179,186,0,13,0,16,20,54,393,89,167,302,0,0,512,0,169,264,0,100,0,17,169,346,0,9,0,103,0,22,0,236,0,55,0,0,44,0,19,75,0,18,0,16,0,0,40,172,0,0,0,12,0,6,0,0,0,9,0,25,0,12,0,0,0,0,0,3,0,0,0,0,0,0,0,0,0,163,0,58,0,0,0,0,0,0,0,0,0,0,0,0,0,0,0,0,0,0,0,0,0,0,0,0,0,0,0,0,0,0,0,0,0,0,0,0,0,72,0,0,0,0,0,0,0,0,0,0,0,13,0,278,0,214,0,77,0,96,0,438,0,0,0,2,0,0,0,0,0,0,0,46,0,0,0,0,0,0,0,0,0,0,0,45,0,60,0,0,0,9,0,2,15,94,17,1,0,0,0,0,0,28,0,9,0,0,0,0,0,0,0,0,0,0,0,0,0,0,0,0,0,0,0,0,0,9,0,0,0,0,56,0,0,0,104,152,149,30,0,0,0
4,0,18,22,98,154,0,0,4,0,11,110,53,97,143,145,171,2,171,169,0,42,143,42,14,0,202,38,95,3,94,0,55,0,126,0,53,0,24,1,0,0,25,0,44,0,0,11,8,0,62,0,0,0,12,0,0,0,0,0,0,0,83,0,0,0,0,0,0,0,66,0,0,0,84,0,0,0,0,0,272,0,0,0,243,0,180,0,0,0,0,0,0,0,0,0,356,0,453,0,63,0,0,0,0,0,0,0,0,0,0,0,0,0,0,0,0,0,0,0,247,0,82,0,0,0,0,0,0,0,0,0,12,0,0,0,69,0,21,0,84,0,249,0,43,0,0,0,0,0,0,0,0,0,7,0,0,0,3,0,0,0,15,0,72,0,88,0,0,0,2,0,9,0,0,0,0,16,5,0,0,0,0,0,0,0,0,0,0,0,0,0,0,0,0,0,1,0,0,0,39,0,0,0,0,0,0,0,0,0,132,386,141,37,52,0,0,0,0,0,0,0,0,0,0
0,7,0,48,60,150,0,0,0,0,0,34,81,137,91,116,0,84,87,264,42,0,0,135,0,42,53,176,0,64,0,15,0,80,0,72,0,25,0,12,0,0,4,92,2,58,0,11,0,0,12,63,0,16,0,5,0,13,0,0,0,0,0,90,0,0,0,0,0,0,0,0,0,0,0,0,0,0,0,0,0,0,0,0,0,0,0,0,0,0,0,0,0,0,0,0,0,0,0,0,0,41,0,0,0,0,0,0,0,0,0,0,0,0,0,0,0,0,0,0,0,48,0,0,0,0,0,0,0,13,0,0,0,0,0,45,0,0,0,233,0,462,0,408,0,46,0,0,0,0,0,0,0,0,0,25,0,5,0,10,0,0,0,6,0,26,0,50,0,31,0,7,0,12,0,0,0,66,0,6,0,0,0,0,0,0,0,5,0,0,0,0,0,0,0,0,0,0,0,0,0,0,0,0,0,0,0,0,0,0,0,0,0,0,43,0,0,0,106,316,157,23,1,5,0
7,268,183,163,69,95,16,0,8,0,8,149,0,0,184,270,81,57,172,0,143,0,0,341,25,174,201,0,76,0,39,0,94,0,0,0,37,0,67,48,17,0,0,0,0,0,17,0,15,1,0,0,29,0,181,0,19,0,18,0,11,0,28,0,0,1,0,0,0,0,0,0,0,0,0,0,0,0,0,0,0,0,0,0,120,0,0,0,0,0,0,0,0,0,0,0,340,0,52,0,0,0,0,0,0,0,0,0,0,0,0,0,0,0,0,0,0,0,0,0,0,0,21,0,0,0,0,0,0,0,0,0,8,0,91,0,241,0,6,0,58,0,311,0,0,0,0,0,3,0,37,0,20,0,13,0,0,0,4,0,0,0,0,0,0,0,29,0,40,0,7,0,113,0,0,0,97,92,1,0,0,0,22,0,0,0,4,0,0,0,0,0,0,0,0,0,0,0,0,0,271,0,0,0,0,0,0,0,16,0,172,233,206,43,105,0,0,0,0,2,0,0,0,0,0
163,15,154,84,99,40,0,19,0,1,102,11,3,0,136,61,100,124,9,100,42,135,341,0,44,54,0,28,5,80,7,11,0,62,5,0,0,31,0,61,0,0,0,29,0,0,0,0,0,0,0,6,0,12,0,3,0,8,0,0,0,0,0,15,0,0,0,0,0,0,0,0,0,1,0,2,0,0,0,0,0,38,0,10,0,35,0,13,0,0,0,0,0,0,0,0,0,0,0,34,0,0,0,6,0,0,0,0,0,0,0,0,0,0,0,0,0,0,0,0,0,15,0,2,0,0,0,0,0,0,0,0,0,0,0,32,0,20,0,29,0,51,0,195,0,0,0,0,0,0,0,0,0,0,0,12,0,0,0,5,0,0,0,0,0,0,0,59,0,14,0,3,0,32,0,0,17,41,2,9,0,0,0,0,0,0,0,0,0,0,0,0,0,0,0,0,0,0,0,0,0,0,0,0,0,0,0,0,0,0,0,0,0,0,33,0,0,0,98,462,64,0,0,0,0
6,158,73,29,0,0,222,176,7,257,0,0,0,0,8,0,59,69,7,0,14,0,25,44,0,385,0,0,31,0,0,0,14,0,0,0,2,3,0,0,0,0,1,0,0,0,0,0,4,0,0,0,68,20,222,34,49,1,6,0,32,11,48,57,0,1,0,0,0,0,0,0,0,0,0,0,0,0,0,0,0,0,0,0,0,0,0,0,0,0,0,0,0,0,0,0,0,0,0,0,0,0,0,0,0,0,0,0,0,0,0,0,0,0,0,0,0,0,0,0,0,0,0,0,1,0,9,0,30,0,0,0,9,0,95,0,244,0,15,0,46,0,236,0,0,0,0,0,0,0,11,0,10,0,12,0,0,0,0,0,0,0,0,0,0,0,0,0,10,0,9,0,69,5,0,0,26,23,0,0,0,0,4,57,0,1,0,0,0,0,0,0,0,0,0,0,0,0,0,0,155,0,0,0,0,0,0,0,0,0,90,151,91,39,68,0,2,0,5,0,0,0,0,0,0
394,30,155,51,0,4,129,197,262,21,7,0,0,0,0,27,168,77,0,17,0,42,174,54,385,0,0,0,7,29,0,0,9,0,0,0,0,10,15,49,0,0,0,0,0,0,0,0,0,0,0,0,21,48,37,70,0,76,0,0,16,10,107,121,3,0,0,0,0,0,0,0,0,0,0,0,0,0,0,0,0,0,0,0,0,0,0,0,0,0,0,0,0,0,0,0,0,13,0,25,0,0,0,0,0,0,0,0,0,0,0,0,0,0,0,0,0,0,0,0,0,0,0,0,0,2,0,0,0,19,0,0,0,3,0,63,0,91,0,86,0,57,0,151,0,0,0,0,0,0,0,0,0,0,0,34,0,1,0,11,0,0,0,0,0,0,0,0,0,13,0,6,5,34,0,0,26,79,0,0,0,0,26,1,2,0,0,0,0,0,0,0,0,0,0,0,0,0,0,0,0,0,0,0,0,0,0,0,0,0,0,5,0,0,51,0,0,0,27,162,24,14,1,6,0
22,0,92,0,193,0,0,0,17,1,0,0,156,408,250,0,53,0,263,169,202,53,201,0,0,0,0,381,32,0,25,0,11,0,30,0,70,0,37,0,39,195,272,182,120,96,34,320,22,9,237,0,9,0,0,0,0,0,0,0,0,0,37,0,0,0,0,0,0,0,36,0,0,0,0,0,0,0,0,0,0,0,0,0,0,0,72,0,0,0,0,0,0,0,0,0,0,0,0,0,0,0,0,0,0,0,0,0,0,0,0,0,0,0,0,0,0,0,0,0,0,0,0,0,0,0,0,0,0,0,0,0,9,0,0,0,0,0,0,0,0,0,145,0,27,0,0,0,15,0,0,0,39,0,0,0,1,0,0,0,0,0,0,0,67,0,15,0,0,7,0,0,7,0,0,0,0,41,0,0,0,0,22,0,20,0,44,0,0,0,0,0,0,0,0,0,1,0,0,0,0,0,0,0,0,0,0,0,0,0,29,377,228,22,0,0,0,29,0,13,0,0,0,0,0
0,101,0,80,0,335,0,0,0,33,0,259,200,146,0,81,0,0,126,346,38,176,0,28,0,0,381,0,0,0,0,0,0,0,0,93,0,22,0,0,160,11,42,326,31,264,68,181,1,49,36,336,0,21,0,0,0,0,0,0,0,28,0,34,0,33,0,0,0,0,0,5,0,0,0,0,0,0,0,0,0,275,0,0,0,0,0,164,0,0,0,0,0,0,0,0,0,0,0,182,0,0,0,0,0,0,0,0,0,0,0,0,0,0,0,0,0,0,0,0,0,139,0,0,0,0,0,0,0,0,0,0,0,0,0,0,0,181,0,0,0,189,0,403,0,0,0,7,0,0,0,0,0,33,0,37,0,0,0,0,0,0,0,6,0,59,0,0,0,79,0,22,0,0,0,0,2,93,0,22,0,0,0,0,0,52,12,13,0,0,0,0,0,0,0,0,0,0,0,0,0,0,0,0,0,0,0,0,0,0,0,0,0,0,68,0,0,0,126,424,253,0,0,9,11
112,4,241,0,28,0,33,0,0,0,0,2,0,0,0,0,126,3,4,0,95,0,76,5,31,7,32,0,0,0,47,0,50,0,97,0,50,0,9,0,0,0,64,0,6,0,0,0,0,0,22,0,16,0,1,0,0,0,0,0,1,0,34,1,0,0,0,0,0,0,0,0,0,0,7,0,0,0,0,0,35,0,0,0,34,0,17,0,0,0,0,0,0,0,0,0,0,0,49,0,0,0,0,0,0,0,0,0,0,0,0,0,0,0,0,0,0,0,0,0,42,0,0,0,0,0,0,0,3,0,0,0,9,0,10,0,35,0,15,0,50,0,111,0,0,0,0,0,0,0,0,0,0,0,6,0,0,0,1,0,0,0,0,0,0,0,0,0,0,0,1,0,0,0,0,0,8,3,0,0,0,0,0,0,0,0,0,0,0,0,0,0,0,0,0,0,0,0,0,0,0,0,0,0,0,0,0,0,0,0,0,46,3,0,0,0,0,0,0,0,0,0,0,0,0
0,145,0,185,0,0,0,133,0,5,0,38,0,0,7,10,0,67,0,9,3,64,0,80,0,29,0,0,0,0,0,37,0,60,0,81,0,23,0,13,0,0,0,14,0,0,0,0,0,0,0,12,0,11,0,7,0,3,0,0,0,0,0,44,0,0,0,0,0,0,0,0,0,0,0,0,0,0,0,0,0,35,0,0,0,0,0,10,0,0,0,0,0,0,0,0,0,0,0,0,0,0,0,0,0,0,0,0,0,0,0,0,0,0,0,0,0,0,0,0,0,0,0,0,0,2,0,0,0,5,0,0,0,11,0,0,0,18,0,96,0,147,0,156,0,10,0,0,0,0,0,0,0,0,0,6,0,3,0,0,0,0,0,0,0,0,0,1,0,0,0,0,0,0,0,0,0,17,0,22,0,0,0,2,0,0,0,0,0,0,0,0,0,0,0,0,0,0,0,0,0,0,0,0,0,0,0,0,0,0,0,0,0,0,0,0,0,0,2,61,0,0,0,0,0
15,0,107,0,239,0,0,1,3,0,63,9,0,0,123,24,68,0,16,0,94,0,39,7,0,0,25,0,47,0,0,0,12,0,40,0,16,0,6,0,0,0,50,0,4,0,0,0,0,0,15,0,0,0,0,0,0,0,0,0,0,0,39,0,0,0,0,0,0,0,9,0,0,0,9,0,0,0,0,0,24,0,0,0,0,0,0,0,0,0,0,0,0,0,0,0,0,0,0,0,0,0,0,0,0,0,0,0,0,0,0,0,0,0,0,0,0,0,0,0,41,0,0,0,0,0,0,0,0,0,0,0,7,0,0,0,0,0,21,0,0,0,75,0,0,0,0,0,0,0,0,0,0,0,3,0,0,0,0,0,0,0,1,0,0,0,40,0,11,0,0,0,17,0,0,0,0,0,0,0,0,0,0,0,2,0,0,0,0,0,0,0,0,0,0,0,0,0,0,0,0,0,0,0,0,0,0,0,0,0,64,162,51,14,0,0,0,0,3,0,0,0,0,0,0
0,0,0,22,0,106,0,0,0,0,0,44,0,0,36,51,0,5,0,103,0,15,0,11,0,0,0,0,0,37,0,0,0,2,3,33,0,10,0,25,0,0,0,27,0,3,0,0,0,0,0,39,0,3,0,0,0,2,0,0,0,0,0,18,0,0,0,0,0,0,0,0,0,0,0,0,0,0,0,0,0,0,0,0,0,0,0,0,0,0,0,0,0,0,0,0,0,0,0,0,0,0,0,0,0,0,0,0,0,0,0,0,0,0,0,0,0,0,0,0,0,0,0,0,0,0,0,0,0,0,0,0,0,0,0,0,0,0,0,22,0,51,0,0,0,13,0,0,0,0,0,0,0,0,0,2,0,0,0,0,0,0,0,0,0,6,0,19,0,0,0,0,0,6,0,0,2,24,2,5,0,0,0,0,0,0,0,0,0,0,0,0,0,0,0,0,0,0,0,0,0,0,0,0,0,0,0,0,0,0,0,0,0,0,13,0,0,0,29,42,32,8,0,0,0
142,0,281,0,274,0,0,0,5,0,115,5,0,0,66,14,108,1,0,0,55,0,94,0,14,9,11,0,50,0,12,0,0,0,117,0,108,0,12,0,0,0,81,0,5,0,0,0,0,0,35,0,11,0,0,0,0,0,0,0,0,0,25,0,0,0,0,0,0,0,10,0,0,0,12,0,0,0,0,0,0,0,0,0,0,0,0,0,0,0,0,0,0,0,0,0,0,0,0,0,0,0,0,0,0,0,0,0,0,0,0,0,0,0,0,0,0,0,0,0,34,0,24,0,0,0,0,0,0,0,0,0,6,0,5,0,32,0,38,0,100,0,109,0,27,0,0,0,0,0,0,0,4,0,0,0,0,0,0,0,0,0,7,0,5,0,74,0,30,0,0,0,15,0,0,0,11,4,21,0,0,0,27,0,0,0,0,0,0,0,0,0,0,0,0,0,0,0,0,0,0,0,0,0,0,0,0,0,0,0,78,304,74,20,25,0,0,0,0,1,0,0,0,0,0
0,175,0,264,0,268,0,0,0,0,0,269,0,0,61,146,4,38,0,22,0,80,0,62,0,0,0,0,0,60,0,2,0,0,2,35,0,170,0,19,0,0,0,22,0,0,0,0,0,0,0,21,0,1,0,0,0,0,0,0,0,7,0,10,0,0,0,0,0,0,0,1,0,0,0,0,0,0,0,0,0,19,0,0,0,0,0,0,0,0,0,0,0,0,0,0,0,0,0,0,0,0,0,0,0,0,0,0,0,0,0,0,0,0,0,0,0,0,0,0,0,7,0,0,0,0,0,0,0,1,0,0,0,0,0,0,0,0,0,21,0,74,0,64,0,18,0,0,0,0,0,0,0,0,0,4,0,15,0,0,0,0,0,0,0,2,0,50,0,0,0,0,0,1,0,0,0,97,0,114,0,0,0,0,0,0,0,0,0,0,0,0,0,0,0,0,0,0,0,0,0,0,0,0,0,0,0,0,0,0,0,0,0,0,9,0,0,0,30,152,18,0,0,4,0
0,0,0,0,440,0,0,0,0,0,55,0,213,0,98,26,8,0,321,0,126,0,0,5,0,0,30,0,97,0,40,3,117,2,0,0,130,0,22,0,0,0,24,0,8,0,0,0,3,0,54,0,0,0,0,0,0,0,0,0,0,0,8,0,0,0,1,0,0,0,29,0,0,0,27,0,0,0,0,0,74,0,0,0,0,0,42,0,0,0,0,0,0,0,0,0,0,0,131,0,4,0,0,0,0,0,0,0,0,0,0,0,0,0,0,0,0,0,0,0,81,0,16,0,0,0,0,0,0,0,0,0,0,0,0,0,0,0,0,0,0,0,0,0,0,0,0,0,0,0,0,0,0,0,0,0,0,0,0,0,0,0,11,0,50,0,63,0,0,0,3,0,14,0,0,0,0,0,18,0,0,0,0,0,0,0,0,0,0,0,0,0,0,0,0,0,0,0,0,0,0,0,0,0,6,0,0,0,0,0,103,312,147,33,25,0,0,0,0,0,0,0,0,0,0
0,0,0,0,0,150,0,0,0,0,0,43,0,164,0,56,0,10,23,236,0,72,0,0,0,0,0,93,0,81,0,33,0,35,0,0,0,52,0,53,0,0,0,35,0,16,0,5,0,2,0,29,0,0,0,0,0,0,0,0,0,0,0,16,0,0,0,0,0,0,0,0,0,0,0,0,0,0,0,0,0,0,0,0,0,0,0,0,0,0,0,0,0,0,0,0,1,0,0,0,0,0,0,0,0,0,0,0,0,0,0,0,0,0,0,0,0,0,0,0,0,0,0,5,0,0,0,0,0,0,0,0,0,5,0,0,0,0,0,83,0,236,0,182,0,41,0,0,0,0,0,0,0,0,0,0,0,0,0,0,0,0,0,0,0,8,0,35,0,22,0,0,0,4,0,0,0,51,0,3,0,0,0,0,0,0,0,0,0,0,0,0,0,0,0,0,0,0,0,0,0,0,0,0,0,0,0,0,0,0,0,0,0,0,15,0,0,0,36,80,73,0,0,0,0
45,0,80,0,283,0,0,0,0,0,73,0,74,0,46,0,15,0,44,0,53,0,37,0,2,0,70,0,50,0,16,0,108,0,130,0,0,0,38,0,0,0,63,0,21,0,0,0,0,0,76,0,0,0,0,0,0,0,0,0,20,0,21,0,0,0,0,0,0,0,31,0,0,0,35,0,0,0,0,0,77,0,0,0,0,0,47,0,0,0,0,0,0,0,0,0,35,0,103,0,0,0,0,0,0,0,0,0,0,0,0,0,0,0,0,0,0,0,0,0,94,0,31,0,0,0,0,0,2,0,0,0,0,0,0,0,21,0,50,0,139,0,84,0,78,0,0,0,0,0,0,0,0,0,4,0,16,0,2,0,0,0,14,0,43,0,34,0,53,0,19,0,21,0,0,0,6,0,0,0,0,0,8,0,3,0,0,0,0,0,0,0,0,0,0,0,0,0,0,0,0,0,0,0,0,0,0,0,0,0,56,155,104,20,22,0,0,0,0,0,0,0,0,0,0
0,216,0,71,0,193,0,45,0,0,0,198,0,56,41,87,0,9,14,55,0,25,0,31,3,10,0,22,0,23,0,10,0,170,0,52,0,0,0,72,0,0,0,29,0,7,0,0,0,0,0,93,0,3,0,0,0,0,0,0,0,14,0,17,0,0,0,0,0,0,0,9,0,0,0,0,0,0,0,0,0,70,0,0,0,0,0,50,0,0,0,0,0,0,0,0,0,0,0,44,0,0,0,0,0,0,0,0,0,0,0,0,0,0,0,0,0,0,0,0,0,45,0,11,0,0,0,0,0,3,0,0,0,0,0,0,0,10,0,102,0,505,0,236,0,152,0,0,0,0,0,0,0,0,0,0,0,35,0,0,0,0,0,0,0,5,0,23,0,23,0,8,0,41,0,0,0,70,0,70,0,0,0,4,0,0,0,1,0,0,0,0,0,0,0,0,0,0,0,0,0,0,0,0,0,0,0,0,0,0,0,0,0,0,12,0,0,0,19,142,37,0,0,0,0
157,0,223,0,0,0,32,0,28,0,0,0,0,0,0,0,130,0,0,0,24,0,67,0,0,15,37,0,9,0,6,0,12,0,22,0,38,0,0,0,0,0,33,0,0,0,0,0,0,0,21,0,35,0,0,0,0,0,0,0,13,0,39,0,0,0,0,0,0,0,1,0,0,0,0,0,0,0,0,0,0,0,0,0,0,0,0,0,0,0,0,0,0,0,0,0,0,0,0,0,0,0,0,0,0,0,0,0,0,0,0,0,0,0,0,0,0,0,0,0,0,0,0,0,0,0,0,0,0,0,0,0,0,0,0,0,26,0,150,0,169,0,53,0,40,0,0,0,0,0,0,0,0,0,57,0,30,0,18,0,0,0,0,0,0,0,0,0,0,0,8,0,0,0,0,0,0,2,0,0,9,0,29,0,0,0,0,0,0,0,0,0,0,0,0,0,0,0,0,0,0,0,0,0,0,0,0,0,0,0,14,74,8,9,6,0,0,0,1,0,0,0,0,0,0
0,610,0,310,0,0,0,319,0,0,0,73,0,0,0,0,0,87,0,0,1,12,48,61,0,49,0,0,0,13,0,25,0,19,0,53,0,72,0,0,0,0,0,0,0,0,0,0,0,0,0,30,0,11,0,11,0,3,0,0,0,17,0,13,0,0,0,0,0,0,0,0,0,0,0,0,0,0,0,0,0,0,0,0,0,0,0,0,0,0,0,0,0,0,0,0,0,0,0,0,0,0,0,0,0,0,0,0,0,0,0,0,0,0,0,0,0,0,0,0,0,0,0,0,0,0,0,0,0,0,0,0,0,0,0,0,0,0,0,128,0,153,0,0,0,59,0,0,0,0,0,0,0,0,0,23,0,13,0,30,0,0,0,0,0,0,0,6,0,0,0,0,0,15,0,0,0,117,0,78,0,0,0,7,0,0,0,0,0,0,0,0,0,0,0,0,0,0,0,0,0,0,0,0,0,0,0,0,0,0,0,0,0,0,9,0,0,0,0,207,22,0,0,4,0
41,0,29,0,129,0,4,0,26,0,94,0,240,94,6,0,5,0,15,44,0,0,17,0,0,0,39,160,0,0,0,0,0,0,0,0,0,0,0,0,0,90,109,52,59,56,57,187,142,24,54,0,0,0,0,0,0,0,0,0,0,0,4,0,0,0,0,0,0,0,0,0,0,0,0,0,0,0,0,0,0,0,0,0,0,0,0,0,0,0,0,0,0,0,0,0,0,0,0,0,0,1,0,0,0,0,0,0,0,0,0,0,0,0,0,0,0,0,0,0,0,0,0,0,0,0,0,0,0,0,1,0,0,0,0,0,0,0,0,0,0,0,0,0,0,0,0,0,7,0,0,0,0,0,0,0,0,0,0,0,0,0,0,0,17,0,0,0,2,0,0,0,0,0,0,0,25,54,37,0,0,0,27,0,7,0,243,0,0,0,0,0,0,0,0,0,0,0,0,0,9,0,0,0,0,0,0,0,0,0,0,143,27,0,0,0,0,48,0,65,0,0,0,0,2
0,19,0,0,0,72,0,0,0,0,0,171,0,176,0,0,0,0,0,0,0,0,0,0,0,0,195,11,0,0,0,0,0,0,0,0,0,0,0,0,90,0,28,4,42,24,73,104,4,141,10,0,0,0,0,0,0,0,0,0,0,0,0,0,0,0,0,0,0,0,0,0,0,0,0,0,0,0,0,0,0,0,0,0,0,0,0,0,0,0,0,0,0,0,0,0,0,0,0,0,0,0,0,0,0,0,0,0,0,0,0,0,0,0,0,0,0,0,0,0,0,0,0,0,0,2,0,0,0,0,0,0,0,0,0,0,0,0,0,0,0,0,0,0,0,0,0,0,0,0,0,0,0,0,0,0,0,0,0,0,0,0,0,0,0,0,0,0,0,0,1,0,0,0,0,0,0,135,0,10,0,0,0,0,0,0,15,26,0,0,0,0,0,0,0,0,0,0,0,0,0,0,0,0,0,0,0,0,0,0,0,4,0,0,0,0,0,0,0,89,2,0,0,0,26
0,0,0,0,0,0,1,0,2,0,0,0,178,38,15,0,1,0,27,19,25,4,0,0,1,0,272,42,64,0,50,0,81,0,24,0,63,0,33,0,109,28,0,21,86,19,112,54,85,0,32,0,9,0,0,0,0,0,0,0,0,0,8,0,0,0,0,0,0,0,0,0,0,0,23,0,0,0,0,0,43,0,10,0,0,0,0,0,0,0,0,0,0,0,0,0,0,0,0,0,0,0,0,0,0,0,0,0,0,0,0,0,0,0,0,0,0,0,0,0,41,0,0,0,0,0,0,0,0,0,0,0,0,0,0,0,0,0,0,0,0,0,0,0,24,0,0,0,0,0,0,0,0,0,0,0,0,0,0,0,0,0,11,0,40,0,48,0,0,0,3,0,23,0,0,0,5,4,0,0,0,0,0,0,0,0,31,0,0,0,0,0,0,0,0,0,0,0,0,0,0,0,0,0,6,0,0,0,0,0,65,193,94,11,0,0,0,24,0,3,0,0,0,0,0
0,0,0,0,0,0,0,0,0,0,0,0,57,228,0,33,0,0,41,75,0,92,0,29,0,0,182,326,0,14,0,27,0,22,0,35,0,29,0,0,52,4,21,0,7,216,22,82,0,50,0,57,0,0,0,0,0,0,0,0,0,3,0,14,0,0,0,0,0,0,0,7,0,4,0,15,0,0,0,6,0,0,0,0,0,0,0,30,0,0,0,0,0,0,0,0,0,0,0,0,0,0,0,0,0,0,0,0,0,0,0,0,0,0,0,0,0,0,0,0,0,43,0,0,0,0,0,0,0,0,0,0,0,0,0,0,0,0,0,38,0,166,0,140,0,0,0,0,0,0,0,0,0,0,0,0,0,0,0,0,0,0,0,0,0,30,0,14,0,36,0,5,0,8,0,0,0,90,0,0,0,0,0,0,0,0,0,50,0,0,0,0,0,0,0,1,0,0,0,0,0,0,0,0,0,0,0,0,0,1,2,0,0,0,42,0,0,0,95,162,134,12,0,0,1
0,0,0,0,27,0,0,0,8,0,0,0,37,15,9,0,0,0,16,0,44,2,0,0,0,0,120,31,6,0,4,0,5,0,8,0,21,0,0,0,59,42,86,7,0,20,256,57,135,7,49,0,0,0,0,0,0,0,5,0,0,0,6,0,0,0,0,0,9,0,17,0,0,0,13,0,8,0,6,0,50,0,38,0,37,0,44,0,0,0,0,0,12,0,41,0,29,0,80,0,26,0,19,0,0,0,0,0,0,0,0,0,0,0,0,0,0,0,0,0,33,0,0,0,0,0,0,0,0,0,0,0,0,0,0,0,0,0,0,0,8,0,0,0,0,0,0,0,0,0,0,0,0,0,0,0,0,0,4,0,0,0,0,0,108,0,16,0,52,0,15,0,22,0,0,0,0,12,0,0,0,0,5,0,5,0,32,0,0,0,0,0,0,0,7,0,0,0,0,0,0,0,0,0,0,0,0,0,0,0,73,171,176,6,12,0,0,80,0,13,0,0,0,0,0
0,14,0,3,0,24,0,0,0,0,0,35,23,34,0,7,0,0,0,18,0,58,0,0,0,0,96,264,0,0,0,3,0,0,0,16,0,7,0,0,56,24,19,216,20,0,50,212,3,164,0,111,0,0,0,0,0,0,0,3,0,0,0,6,0,0,0,0,0,12,0,0,0,4,0,0,0,26,0,0,0,0,0,62,0,0,0,99,0,0,0,0,0,19,0,83,0,0,0,0,0,0,0,0,0,0,1,0,0,0,0,0,0,0,0,0,0,0,0,0,0,70,0,0,0,0,0,0,0,0,0,0,0,0,0,0,0,0,0,23,0,0,0,214,0,0,0,0,0,0,0,0,0,0,0,0,0,0,0,0,0,0,0,7,0,129,0,6,0,175,0,3,0,6,0,0,0,49,0,0,0,0,0,0,0,0,14,1,0,0,0,0,0,0,0,0,0,0,0,0,0,0,0,0,0,27,0,0,0,0,1,2,0,0,27,0,0,0,114,247,185,16,0,0,25
48,0,20,1,125,0,0,0,18,0,56,0,147,36,26,0,3,0,11,0,0,0,17,0,0,0,34,68,0,0,0,0,0,0,0,0,0,0,0,0,57,73,112,22,256,50,0,133,147,33,27,0,0,0,0,0,0,0,0,0,0,0,0,0,0,0,0,0,3,0,1,0,2,0,0,0,0,0,0,0,0,0,0,0,0,0,0,0,0,0,0,0,0,0,2,0,10,0,0,0,0,0,0,0,0,0,0,0,0,0,0,0,0,0,0,0,0,0,0,0,0,0,0,0,0,0,0,0,0,0,0,0,0,0,0,0,0,0,0,0,0,0,0,0,0,0,21,0,9,0,9,0,8,0,0,0,0,0,0,0,0,0,0,0,28,0,1,0,0,0,0,0,5,0,0,0,0,21,19,0,0,0,25,0,12,0,94,0,0,0,0,0,0,0,0,0,0,0,0,0,0,0,0,0,0,0,0,0,0,0,0,245,49,0,0,0,0,107,0,43,0,0,0,0,0
0,70,0,0,0,159,0,0,0,0,0,300,50,276,0,0,0,0,0,16,11,11,0,0,0,0,320,181,0,0,0,0,0,0,0,5,0,0,0,0,187,104,54,82,57,212,133,0,16,237,22,44,0,0,0,0,0,0,0,0,0,0,0,1,0,11,0,0,0,0,0,0,0,0,0,0,0,0,0,0,0,0,0,0,0,0,0,0,0,0,0,0,0,0,0,8,0,0,0,0,0,0,0,0,0,0,0,0,0,0,0,0,0,0,0,0,0,0,0,0,0,0,0,0,0,0,0,0,0,0,0,0,0,2,0,0,0,0,0,0,0,0,0,0,0,0,0,0,0,0,0,0,0,5,0,0,0,0,0,0,0,0,0,0,0,0,0,0,0,0,0,0,0,0,0,0,0,157,0,4,0,0,0,0,0,0,53,26,0,0,0,0,0,0,0,0,0,0,0,0,0,0,0,0,0,0,0,0,0,0,0,0,0,0,0,0,0,0,0,416,58,0,0,0,55
11,0,9,0,16,0,5,0,8,0,14,0,34,3,4,0,0,0,0,0,8,0,15,0,4,0,22,1,0,0,0,0,0,0,3,0,0,0,0,0,142,4,85,0,135,3,147,16,0,18,18,1,9,0,0,0,16,0,5,0,0,0,5,0,0,0,0,0,14,0,0,0,0,0,3,0,0,0,8,0,8,0,37,0,23,0,14,0,19,0,0,0,0,0,16,0,0,1,0,0,17,0,48,0,17,0,8,0,0,0,0,0,1,0,0,0,0,0,0,0,0,0,8,0,0,0,0,0,0,0,0,0,0,0,11,0,0,0,0,0,3,0,0,0,3,0,0,0,3,0,0,0,13,0,0,0,0,0,0,0,15,0,5,0,8,0,10,0,22,0,12,0,15,0,7,0,44,6,45,0,0,0,17,0,0,0,132,0,21,0,0,0,27,0,11,0,0,0,11,0,15,0,43,0,0,0,0,0,0,0,49,55,143,14,52,5,1,29,0,23,5,0,0,0,0
0,0,0,1,0,0,0,0,0,2,0,36,0,66,0,2,0,0,0,0,0,0,1,0,0,0,9,49,0,0,0,0,0,0,0,2,0,0,0,0,24,141,0,50,7,164,33,237,18,0,0,16,0,0,0,0,0,5,0,0,0,0,0,0,0,0,0,0,0,7,0,0,0,0,0,0,0,4,0,0,0,4,0,16,0,6,0,5,0,0,0,0,0,17,0,30,0,1,0,0,0,4,0,11,0,3,0,0,0,0,0,0,0,0,0,0,0,0,0,0,0,1,0,0,0,2,0,0,0,0,0,2,0,0,0,3,0,0,0,0,0,0,0,0,0,0,0,3,0,0,0,0,0,13,0,0,0,0,0,0,0,6,0,0,0,26,0,1,0,7,0,1,0,0,0,0,0,156,1,13,0,0,0,1,0,5,30,56,0,2,0,2,0,3,0,0,0,0,0,2,0,5,0,0,0,0,0,0,0,2,0,7,0,0,24,0,0,0,31,15,26,4,0,4,12
0,0,0,0,77,0,0,0,0,0,0,3,341,36,13,0,6,0,166,40,62,12,0,0,0,0,237,36,22,0,15,0,35,0,54,0,76,0,21,0,54,10,32,0,49,0,27,22,18,0,0,0,0,0,0,0,0,0,5,0,0,0,11,0,0,0,0,0,0,0,40,0,0,0,40,0,0,0,0,0,92,0,0,0,0,0,48,0,0,0,0,0,0,0,0,0,0,0,162,0,12,0,0,0,0,0,0,0,0,0,0,0,0,0,0,0,0,0,0,0,70,0,0,0,0,0,0,0,0,0,1,0,0,0,0,0,0,0,0,0,9,0,0,0,32,0,0,1,0,0,0,0,0,0,0,0,0,0,0,0,0,0,20,0,78,0,37,0,75,0,16,0,45,0,0,0,0,3,6,0,0,0,0,0,0,0,12,0,0,0,0,0,0,0,0,0,0,0,0,0,0,0,0,0,0,0,0,0,0,0,36,336,154,22,23,0,0,14,1,0,0,0,0,0,0
0,0,0,0,0,93,0,0,0,0,0,15,0,467,0,9,0,0,34,172,0,63,0,6,0,0,0,336,0,12,0,39,0,21,0,29,0,93,0,30,0,0,0,57,0,111,0,44,1,16,0,0,0,0,0,0,0,0,0,2,0,5,0,0,0,0,0,0,0,0,0,0,0,0,0,33,0,0,0,3,0,112,0,0,0,35,0,61,0,0,0,0,0,0,0,0,0,14,0,74,0,30,0,0,0,2,0,0,0,0,0,0,0,0,0,0,0,0,0,0,0,66,0,10,0,0,0,0,0,0,0,0,0,0,0,0,0,10,0,61,0,203,0,178,0,73,0,0,0,0,0,0,0,0,0,4,0,8,0,4,0,0,0,9,0,26,0,37,0,91,0,19,0,35,0,0,0,43,0,0,0,0,0,0,0,0,0,28,0,0,0,0,0,0,0,4,0,0,0,0,0,0,0,0,0,0,0,0,0,0,0,0,0,0,41,0,0,0,77,104,121,19,2,0,1
0,0,0,0,1,0,21,0,30,80,0,0,0,0,0,0,75,0,0,0,0,0,29,0,68,21,9,0,16,0,0,0,11,0,0,0,0,0,35,0,0,0,9,0,0,0,0,0,9,0,0,0,0,38,57,54,134,0,14,35,31,0,86,17,4,0,0,57,0,0,1,0,0,0,0,0,0,0,0,0,0,0,0,0,21,0,0,0,0,0,0,0,0,0,0,0,0,0,0,0,0,0,0,0,0,0,0,0,0,0,0,0,0,0,0,0,0,0,0,0,7,0,0,0,0,0,0,0,67,0,4,0,29,0,25,0,212,0,170,0,189,0,122,0,7,0,0,0,0,0,0,0,0,0,122,3,45,1,58,0,0,0,0,0,11,0,1,0,7,0,125,0,19,0,0,0,5,0,0,0,0,0,10,0,0,0,6,0,0,0,0,0,0,0,0,0,0,0,0,0,0,0,0,0,0,0,0,0,0,0,121,388,268,275,335,0,62,0,0,0,0,0,0,0,0
0,14,0,0,0,0,43,20,100,63,0,9,0,5,0,0,0,31,0,0,0,16,0,12,20,48,0,21,0,11,0,3,0,1,0,0,0,3,0,11,0,0,0,0,0,0,0,0,0,0,0,0,38,0,95,64,27,89,153,10,0,33,19,54,0,0,43,0,0,0,0,0,0,0,0,0,0,0,0,0,0,0,0,0,0,10,0,5,0,0,0,0,0,0,0,0,0,5,0,0,0,5,0,0,0,0,0,0,0,0,0,0,0,0,0,0,0,0,0,0,0,0,0,0,0,10,0,0,0,34,0,0,0,21,0,9,0,30,0,122,0,102,0,84,0,32,0,0,0,0,0,0,0,0,9,96,0,56,0,88,0,0,0,0,0,0,0,0,0,1,0,21,0,8,0,0,3,38,0,0,0,0,0,0,13,0,0,0,0,0,0,0,0,0,0,0,0,0,0,0,1,0,0,0,0,0,0,0,0,0,0,0,0,0,42,0,0,0,18,201,40,33,2,6,0
1,0,102,0,12,0,168,35,53,268,2,0,0,0,0,0,18,0,0,0,12,0,181,0,222,37,0,0,1,0,0,0,0,0,0,0,0,0,0,0,0,0,0,0,0,0,0,0,0,0,0,0,57,95,0,158,48,14,26,66,19,0,21,40,6,0,5,117,2,0,0,0,0,0,0,0,0,0,0,0,0,0,0,0,0,0,0,0,0,0,0,0,0,0,0,0,0,0,0,0,0,0,0,0,0,0,0,0,0,0,0,0,0,0,0,0,0,0,0,0,0,0,0,0,22,0,94,0,36,0,70,0,26,0,106,0,190,0,1,0,0,0,66,0,0,0,26,0,0,0,0,0,0,0,15,6,20,3,13,0,51,0,2,0,0,0,0,0,10,0,29,0,18,0,0,0,8,0,0,0,0,0,0,5,0,11,2,0,0,0,0,0,0,0,0,0,0,0,10,0,35,0,2,0,0,0,0,0,84,0,255,204,147,227,390,0,48,0,0,0,0,0,0,0,0
0,8,0,33,0,8,88,73,236,200,0,4,0,0,0,34,0,5,0,12,0,5,0,3,34,70,0,0,0,7,0,0,0,0,0,0,0,0,0,11,0,0,0,0,0,0,0,0,0,0,0,0,54,64,158,0,28,73,51,17,19,19,36,84,0,3,26,42,0,1,0,0,0,0,0,0,0,2,0,0,0,0,0,0,0,0,0,0,0,0,0,0,0,0,0,1,0,0,0,0,0,0,0,0,0,0,0,0,0,0,0,0,0,0,0,0,0,0,0,0,0,0,0,0,0,17,0,0,0,36,0,46,0,27,0,15,0,86,0,12,0,0,0,12,0,1,0,0,0,12,0,0,0,0,0,37,0,33,0,16,0,32,0,4,0,0,0,4,0,44,0,117,0,54,0,0,2,7,0,0,0,0,0,0,8,1,0,0,0,0,0,0,0,0,0,0,0,0,0,0,0,0,0,0,0,0,0,3,0,15,0,4,0,0,398,0,0,0,210,83,187,246,8,114,0
0,0,0,0,0,0,3,0,23,0,0,0,0,0,0,0,0,0,0,0,0,0,19,0,49,0,0,0,0,0,0,0,0,0,0,0,0,0,0,0,0,0,0,0,0,0,0,0,16,0,0,0,134,27,48,28,0,12,118,53,0,0,10,0,59,17,31,98,0,0,0,0,0,0,0,0,0,0,0,0,0,0,0,0,0,0,0,0,0,0,0,0,0,0,0,0,0,0,0,0,0,0,0,0,0,0,0,0,0,0,0,0,0,0,0,0,0,0,0,0,0,0,0,0,11,0,0,0,21,0,68,0,15,0,0,0,13,0,10,5,0,0,0,0,9,0,11,0,3,0,0,0,0,0,68,23,12,0,105,26,57,0,10,0,5,0,0,0,16,0,56,0,15,0,0,0,2,0,0,0,0,0,0,1,0,8,0,0,0,0,0,0,0,0,0,0,0,0,0,0,0,0,0,0,0,0,0,0,15,0,383,166,328,544,1065,15,125,0,6,0,2,0,0,0,0
0,0,0,19,0,0,0,14,14,37,0,0,0,0,0,43,0,24,0,6,0,13,0,8,1,76,0,0,0,3,0,2,0,0,0,0,0,0,0,3,0,0,0,0,0,0,0,0,0,5,0,0,0,89,14,73,12,0,60,109,0,0,0,18,0,6,24,66,0,12,1,0,0,0,0,0,0,8,0,0,0,0,0,0,0,9,0,0,0,0,0,0,0,0,0,0,0,5,0,0,0,0,0,0,0,0,0,0,0,0,0,0,0,0,0,0,0,0,0,0,0,0,0,0,0,5,0,0,0,17,0,40,0,15,0,21,0,42,0,26,0,19,0,0,0,0,0,0,0,4,0,0,0,0,6,120,0,37,0,55,7,36,0,47,0,11,0,0,0,89,0,262,0,0,0,0,0,0,0,0,0,0,0,0,5,1,0,0,0,0,0,0,0,0,0,0,0,0,0,0,0,0,0,0,0,0,0,0,0,0,2,0,0,0,729,0,0,0,238,95,598,486,63,87,0
0,0,0,0,0,0,10,0,96,71,0,0,0,0,0,0,0,0,0,0,0,0,18,0,6,0,0,0,0,0,0,0,0,0,0,0,0,0,0,0,0,0,0,0,5,0,0,0,5,0,5,0,14,153,26,51,118,60,0,321,17,0,0,0,202,48,249,285,0,0,0,0,0,0,0,0,0,0,0,0,0,0,0,0,0,0,0,0,0,0,0,0,0,0,0,0,0,0,0,0,0,0,0,0,0,0,0,0,0,0,0,0,0,0,0,0,0,0,0,0,0,0,0,0,0,0,0,0,0,0,21,0,2,0,0,0,3,0,7,0,0,0,0,0,9,7,0,0,1,0,0,0,0,0,16,61,58,0,8,30,11,0,5,0,0,0,0,0,5,0,28,0,0,0,0,0,15,0,0,0,0,0,0,0,198,33,0,0,0,0,0,0,0,0,0,0,0,0,0,0,0,0,0,0,0,0,0,0,0,0,428,432,90,204,573,0,25,2,3,0,0,0,0,0,0
0,10,0,0,0,5,0,8,57,111,0,0,0,0,0,0,0,0,0,0,0,0,0,0,0,0,0,0,0,0,0,0,0,0,0,0,0,0,0,0,0,0,0,0,0,3,0,0,0,0,0,2,35,10,66,17,53,109,321,0,0,7,0,0,74,163,168,423,0,2,0,0,0,0,0,0,0,0,0,0,0,0,0,0,0,0,0,0,0,0,0,0,0,0,0,2,0,0,0,0,0,0,0,0,0,0,0,0,0,0,0,0,0,0,0,0,0,0,0,0,0,0,0,0,0,7,0,0,1,2,0,26,0,5,0,0,0,7,31,2,1,0,0,2,32,38,0,0,0,8,0,0,0,0,109,41,31,123,19,33,0,24,0,28,0,5,0,0,0,34,0,57,0,10,0,1,0,0,0,0,0,0,0,0,40,61,0,0,0,0,0,0,0,0,0,0,0,0,0,0,0,0,0,0,0,0,0,0,0,0,7,0,0,0,1127,0,0,0,705,559,313,415,53,47,0
77,1,44,0,0,0,197,0,127,17,0,0,2,0,0,0,9,0,0,0,0,0,11,0,32,16,0,0,1,0,0,0,0,0,0,0,20,0,13,0,0,0,0,0,0,0,0,0,0,0,0,0,31,0,19,19,0,0,17,0,0,1,15,9,0,0,0,0,0,0,10,0,0,0,10,0,1,0,0,0,9,0,0,0,0,0,0,0,0,0,0,0,0,0,0,0,0,0,0,0,0,0,0,0,0,0,0,0,0,0,0,0,0,0,0,0,0,0,0,0,0,0,16,0,0,0,0,0,0,0,0,0,3,0,0,0,0,0,166,0,212,0,54,0,101,0,0,0,0,0,0,0,0,0,116,0,217,0,7,0,0,0,10,0,1,0,0,0,0,0,74,0,79,0,0,0,49,0,0,0,0,0,15,0,0,0,3,0,0,0,0,0,0,0,0,0,0,0,0,0,0,0,0,0,0,0,0,0,0,0,23,244,52,56,17,0,4,0,0,0,0,0,0,0,0
0,120,0,0,0,0,0,101,0,134,0,0,0,0,0,2,1,3,0,9,0,0,0,0,11,10,0,28,0,0,0,0,0,7,0,0,0,14,0,17,0,0,0,3,0,0,0,0,0,0,0,5,0,33,0,19,0,0,0,7,1,0,2,13,0,0,0,0,0,1,0,2,0,0,0,0,0,0,0,0,0,0,0,0,0,0,0,0,0,0,0,0,0,0,0,0,0,0,0,0,0,0,0,0,0,0,0,0,0,0,0,0,0,0,0,0,0,0,0,0,0,0,0,0,0,0,0,0,0,0,0,0,0,0,0,0,0,0,0,15,0,64,0,0,0,114,0,0,0,0,0,0,0,0,0,3,0,76,0,9,0,0,0,0,0,0,0,1,0,5,0,37,0,81,0,0,0,126,0,0,0,0,0,6,0,0,0,0,0,0,0,0,0,0,0,0,0,0,0,0,0,0,0,0,0,0,0,0,0,0,0,0,0,0,39,0,0,0,7,189,35,55,0,23,0
83,0,68,0,5,0,270,63,114,103,0,0,2,0,3,0,245,12,12,0,83,0,28,0,48,107,37,0,34,0,39,0,25,0,8,0,21,0,39,0,4,0,8,0,6,0,0,0,5,0,11,0,86,19,21,36,10,0,0,0,15,2,0,38,0,0,0,0,0,0,4,0,0,0,0,0,0,0,0,0,23,0,0,0,0,0,0,0,0,0,0,0,0,0,0,0,0,0,34,0,0,0,0,0,0,0,0,0,0,0,0,0,0,0,0,0,0,0,0,0,35,0,0,0,0,0,0,0,15,0,0,0,23,0,0,0,84,0,96,0,92,0,116,0,4,0,0,0,0,0,0,0,0,0,34,0,20,0,13,0,0,0,0,0,3,0,0,0,6,0,20,0,24,0,0,0,65,0,1,0,0,0,20,7,9,0,6,0,0,0,0,0,0,0,0,0,0,0,0,0,1,0,0,0,0,0,0,0,0,0,39,245,79,114,117,0,16,0,0,0,0,0,0,0,0
0,57,5,0,0,0,40,233,85,145,0,0,0,1,0,10,9,148,0,25,0,90,0,15,57,121,0,34,1,44,0,18,0,10,0,16,0,17,0,13,0,0,0,14,0,6,0,1,0,0,0,0,17,54,40,84,0,18,0,0,9,13,38,0,0,0,0,0,0,0,0,0,0,0,0,0,0,0,0,0,0,0,0,0,0,0,0,0,0,0,0,0,0,0,0,0,0,0,0,0,0,0,0,0,0,0,0,0,0,0,0,0,0,0,0,0,0,0,0,0,0,0,0,0,0,0,0,0,0,4,0,0,0,6,0,0,0,4,0,109,0,58,0,30,0,109,0,0,0,0,0,0,0,0,0,51,0,39,0,83,0,5,0,0,0,0,0,0,0,0,0,10,0,16,0,0,5,117,0,0,0,0,0,10,0,0,0,0,0,0,0,0,0,0,0,0,0,0,0,0,0,0,0,0,0,0,0,0,0,0,0,0,0,0,0,0,0,0,3,163,18,8,0,0,0
5,0,9,0,15,0,5,0,99,0,0,0,0,0,0,0,0,0,3,0,0,0,0,0,0,3,0,0,0,0,0,0,0,0,0,0,0,0,0,0,0,0,0,0,0,0,0,0,0,0,0,0,4,0,6,0,59,0,202,74,0,0,0,0,0,86,58,42,0,0,1,5,0,0,0,0,0,0,0,3,0,0,0,0,0,0,0,0,0,0,0,0,0,0,0,0,0,0,0,0,0,0,0,0,0,0,0,0,0,0,0,0,0,0,0,0,0,0,0,0,0,0,0,0,8,0,8,0,0,1,20,0,0,0,2,0,0,0,6,38,0,6,0,0,9,36,34,0,5,0,10,0,0,0,3,72,5,0,0,90,400,100,8,0,0,0,0,0,0,0,0,0,0,0,1,0,21,0,0,0,0,0,2,0,337,8,0,0,0,0,1,0,0,0,0,0,0,0,0,0,0,0,0,0,0,0,0,0,0,0,58,49,0,0,0,0,0,0,1,0,0,0,0,0,0
0,33,0,0,0,28,0,2,0,203,0,22,0,0,0,0,0,0,0,12,0,0,1,0,1,0,0,33,0,0,0,0,0,0,0,0,0,0,0,0,0,0,0,0,0,0,0,11,0,0,0,0,0,0,0,3,17,6,48,163,0,0,0,0,86,0,25,227,0,0,10,40,0,22,16,46,0,0,0,11,0,0,0,0,0,0,0,17,0,0,0,0,0,0,0,0,1,0,0,0,0,0,0,0,0,0,0,0,0,0,0,0,0,0,0,0,0,0,0,0,0,7,0,0,0,16,0,16,0,1,0,154,0,0,0,22,0,18,81,24,71,33,0,0,46,147,0,44,92,199,0,67,0,20,17,2,9,8,25,3,194,292,0,28,0,0,0,0,0,0,0,0,0,0,0,19,0,0,0,0,0,88,0,1,49,132,0,0,0,0,0,0,0,0,0,0,0,0,0,0,0,12,0,0,0,0,0,9,0,45,0,0,0,0,84,0,0,0,89,12,42,0,0,0,0
7,0,12,0,0,0,25,0,205,10,6,0,0,0,0,0,0,0,0,0,0,0,0,0,0,0,0,0,0,0,0,0,0,0,1,0,0,0,0,0,0,0,0,0,0,0,0,0,0,0,0,0,0,43,5,26,31,24,249,168,0,0,0,0,58,25,0,73,0,0,0,0,0,0,0,0,0,0,0,0,0,0,0,0,0,0,0,0,0,0,0,0,0,0,0,0,0,0,0,0,0,0,0,0,0,0,0,0,0,0,0,0,0,0,0,0,0,0,0,0,0,0,0,0,4,0,0,0,0,0,21,0,0,0,0,0,0,0,0,0,0,0,0,0,0,1,16,0,18,0,0,0,0,0,2,31,9,0,3,21,70,0,3,0,0,0,0,0,0,0,2,0,0,0,0,0,26,0,0,0,0,0,0,0,348,14,0,0,0,0,0,0,0,0,0,0,0,0,0,0,0,0,0,0,0,0,0,0,0,0,33,62,0,0,0,0,0,0,0,0,0,0,0,0,0
0,16,0,1,0,6,18,1,40,154,0,0,0,0,0,0,0,0,0,0,0,0,0,0,0,0,0,0,0,0,0,0,0,0,0,0,0,0,0,0,0,0,0,0,0,0,0,0,0,0,0,0,57,0,117,42,98,66,285,423,0,0,0,0,42,227,73,0,0,0,0,0,0,0,0,0,0,0,0,0,0,0,0,0,0,0,0,0,0,0,0,0,0,0,0,0,0,0,0,0,0,0,0,0,0,0,0,0,0,0,0,0,0,0,0,0,0,0,0,0,0,0,0,0,0,4,0,0,0,0,0,24,0,0,0,0,0,6,42,2,0,0,0,0,17,23,1,0,0,20,0,0,0,1,52,7,20,17,11,10,24,38,0,8,0,0,0,0,0,1,0,5,0,0,0,1,3,2,0,0,0,3,0,2,25,281,0,0,0,0,0,0,0,0,0,0,0,0,0,0,0,2,0,0,0,0,0,0,0,6,1,0,0,0,68,0,0,0,85,140,16,0,0,0,0
0,0,0,0,0,0,0,0,2,0,0,0,0,0,0,0,0,0,0,0,0,0,0,0,0,0,0,0,0,0,0,0,0,0,0,0,0,0,0,0,0,0,0,0,9,0,3,0,14,0,0,0,0,0,2,0,0,0,0,0,0,0,0,0,0,0,0,0,0,0,0,0,9,0,0,0,75,0,28,0,9,0,20,0,28,0,22,0,3,0,0,0,8,0,0,0,0,0,8,0,17,0,117,0,0,0,6,0,2,0,4,0,4,0,0,0,5,0,1,0,0,0,0,0,0,0,0,0,0,0,0,0,0,0,0,0,0,0,0,0,0,0,0,0,0,0,0,0,0,0,6,0,0,0,1,0,0,0,0,0,0,0,3,0,25,0,1,0,154,0,3,0,6,0,0,0,1,0,0,0,0,0,0,0,0,0,0,0,0,0,0,0,27,0,17,0,0,0,0,0,21,0,0,0,26,0,0,0,6,0,70,12,138,6,21,55,64,1,0,0,0,0,0,0,0
0,4,0,0,0,0,0,0,0,0,0,0,0,0,0,0,0,0,0,0,0,0,0,0,0,0,0,0,0,0,0,0,0,0,0,0,0,0,0,0,0,0,0,0,0,12,0,0,0,7,0,0,0,0,0,1,0,12,0,2,0,1,0,0,0,0,0,0,0,0,0,0,0,0,0,0,0,41,0,0,0,19,0,37,0,29,0,18,0,20,0,0,0,34,0,34,0,12,0,0,0,11,0,56,0,31,0,0,0,42,0,0,0,1,0,1,0,1,0,0,0,0,0,0,0,0,0,0,0,0,0,0,0,0,0,0,0,0,0,0,0,0,0,0,0,0,0,0,0,0,0,0,0,0,0,0,0,0,0,0,0,6,0,2,0,27,0,0,0,31,0,0,0,0,0,0,0,0,0,0,0,0,0,0,0,0,0,0,0,0,0,0,0,0,0,34,0,4,0,0,0,0,0,0,0,0,1,0,0,0,0,0,2,0,11,0,0,0,19,0,157,13,24,81,4
0,0,0,0,0,0,0,0,0,0,0,0,0,0,0,0,3,0,0,0,66,0,0,0,0,0,36,0,0,0,9,0,10,0,29,0,31,0,1,0,0,0,0,0,17,0,1,0,0,0,40,0,1,0,0,0,0,1,0,0,10,0,4,0,1,10,0,0,0,0,0,0,392,0,193,0,11,0,169,0,7,0,0,0,0,0,9,0,0,0,0,0,0,0,0,0,3,0,0,3,0,0,0,0,0,0,0,0,0,0,0,0,0,0,0,0,0,0,0,0,30,0,25,0,28,0,0,0,9,0,29,34,11,0,0,0,11,0,7,17,39,11,85,0,54,8,25,0,51,0,41,0,0,0,1,1,0,0,1,0,7,12,67,0,0,0,0,0,30,0,18,0,26,0,0,1,0,0,0,0,13,0,0,0,1,0,0,0,0,0,0,0,0,0,0,0,0,0,0,0,0,0,0,0,0,0,0,0,0,1,8,0,36,0,0,0,0,0,0,0,0,0,0,0,0
0,0,0,0,0,0,0,0,0,0,0,0,0,0,0,0,0,0,0,3,0,0,0,0,0,0,0,5,0,0,0,0,0,1,0,0,0,9,0,0,0,0,0,7,0,0,0,0,0,0,0,0,0,0,0,0,0,0,0,0,0,2,0,0,5,40,0,0,0,0,0,0,0,133,0,266,0,12,0,19,0,0,0,0,0,0,0,35,0,0,0,0,0,0,0,0,0,0,0,2,0,0,0,0,0,0,0,0,0,0,0,0,0,0,0,0,0,0,0,0,0,6,0,8,0,77,0,0,0,22,0,65,0,0,0,0,0,0,0,0,12,34,0,25,2,65,0,0,0,32,0,15,0,0,0,0,0,1,0,0,0,0,0,19,0,0,0,15,0,15,0,9,0,5,0,4,0,0,0,0,4,30,0,0,0,17,0,0,0,0,0,0,0,0,0,0,0,0,0,0,0,3,0,0,0,0,0,0,0,0,0,0,1,0,0,0,0,0,17,6,9,0,0,0,0
0,0,0,0,0,0,0,0,0,0,0,0,0,0,0,0,0,0,0,0,0,0,0,0,0,0,0,0,0,0,0,0,0,0,0,0,0,0,0,0,0,0,0,0,0,0,2,0,0,0,0,0,0,0,0,0,0,0,0,0,0,0,0,0,0,0,0,0,9,0,392,0,0,0,229,0,37,0,150,0,0,0,21,0,18,0,0,0,0,0,0,0,2,0,0,0,0,0,0,0,0,0,2,0,0,0,0,0,3,0,0,0,0,0,0,0,1,0,0,0,57,0,40,0,29,0,49,0,11,0,46,0,33,0,95,0,69,0,6,4,93,0,267,0,49,1,0,0,13,0,132,0,34,0,0,0,1,0,0,0,8,6,59,0,2,0,2,0,7,0,5,0,0,0,6,0,0,0,0,0,0,0,0,0,0,0,0,0,0,0,0,0,0,0,0,0,0,0,0,0,18,0,0,0,0,0,0,0,147,0,131,0,12,0,50,3,0,0,0,0,0,0,0,0,0
0,0,0,0,0,0,0,0,0,0,0,0,0,0,0,0,0,0,0,0,0,0,0,1,0,0,0,0,0,0,0,0,0,0,0,0,0,0,0,0,0,0,0,4,0,4,0,0,0,0,0,0,0,0,0,0,0,0,0,0,0,0,0,0,0,22,0,0,0,0,0,133,0,0,0,346,0,58,0,64,0,6,0,5,0,39,0,84,0,0,0,0,0,4,0,0,0,0,0,0,0,0,0,0,0,0,0,0,0,0,0,0,0,0,0,0,0,1,0,0,0,21,0,41,0,146,0,0,0,17,0,98,0,94,0,145,0,55,0,1,3,55,0,124,0,67,0,0,7,36,0,0,0,0,0,0,0,0,0,0,0,7,0,67,0,5,0,0,0,11,0,0,0,4,0,6,0,0,0,0,0,52,0,0,0,4,0,0,0,0,0,0,0,0,0,2,0,0,0,0,0,46,0,0,0,0,0,0,0,0,0,0,0,0,55,0,0,0,107,5,19,4,0,0,0
0,0,0,0,0,0,0,0,0,0,0,0,0,0,0,0,6,0,0,0,84,0,0,0,0,0,0,0,7,0,9,0,12,0,27,0,35,0,0,0,0,0,23,0,13,0,0,0,3,0,40,0,0,0,0,0,0,0,0,0,10,0,0,0,0,16,0,0,0,0,193,0,229,0,0,0,10,0,203,0,15,0,32,0,67,0,37,0,0,0,0,0,4,0,7,0,0,0,19,0,4,0,0,0,0,0,0,0,0,0,0,0,0,0,0,0,0,0,0,0,147,0,116,0,35,0,0,0,8,10,35,76,10,1,65,0,27,0,7,22,67,0,300,0,132,11,11,8,0,26,0,0,29,0,0,0,6,0,0,0,0,10,44,0,0,0,0,0,25,1,21,0,20,0,9,0,0,0,0,0,12,6,0,0,0,0,0,0,0,0,0,0,0,0,0,0,0,0,0,0,21,0,0,0,0,0,57,0,72,0,48,0,12,0,22,0,0,0,2,0,0,0,0,0,0
0,0,0,0,0,0,0,0,0,0,0,4,0,0,0,0,0,0,0,0,0,0,0,2,0,0,0,0,0,0,0,0,0,0,0,0,0,0,0,0,0,0,0,15,0,0,0,0,0,0,0,33,0,0,0,0,0,0,0,0,0,0,0,0,0,46,0,0,0,0,0,266,0,346,0,0,0,16,0,128,0,11,0,0,0,3,0,138,0,0,0,0,0,0,0,7,0,0,0,0,0,0,0,2,0,0,0,0,0,0,0,0,0,0,0,0,0,0,0,0,0,106,0,23,0,107,0,0,11,24,0,95,0,101,0,89,0,38,0,6,14,44,0,86,0,242,0,0,0,119,0,42,0,37,0,1,0,0,0,0,0,0,0,58,0,0,0,18,0,23,0,10,0,36,0,12,0,0,0,0,0,57,0,0,0,18,0,0,0,0,0,0,0,0,0,0,0,0,0,0,0,0,0,0,0,0,0,0,0,92,0,0,0,0,11,0,0,0,42,6,18,0,0,0,0
0,0,0,0,0,0,0,0,1,0,0,0,0,0,0,0,0,0,0,0,0,0,0,0,0,0,0,0,0,0,0,0,0,0,0,0,0,0,0,0,0,0,0,0,8,0,0,0,0,0,0,0,0,0,0,0,0,0,0,0,1,0,0,0,0,0,0,0,75,0,11,0,37,0,10,0,0,0,22,0,8,0,19,0,0,0,11,0,1,0,0,0,5,0,0,0,0,0,3,0,0,0,10,0,0,0,0,0,9,0,0,0,0,0,0,0,25,0,0,0,17,0,17,0,0,0,0,0,0,0,0,0,0,0,0,0,0,1,0,0,2,0,0,0,0,0,0,0,0,0,0,0,0,0,0,0,0,0,0,0,0,0,0,0,7,0,0,0,25,0,2,0,3,0,0,0,0,0,0,0,0,0,0,0,0,0,0,0,17,0,0,0,0,0,0,0,0,0,0,0,0,0,0,0,0,0,0,0,0,0,18,5,18,5,11,1,10,0,0,0,0,0,0,0,0
0,0,0,0,0,0,0,0,0,3,0,0,0,0,0,0,0,0,0,0,0,0,0,0,0,0,0,0,0,0,0,0,0,0,0,0,0,0,0,0,0,0,0,0,0,26,0,0,0,4,0,0,0,0,0,2,0,8,0,0,0,0,0,0,0,0,0,0,0,41,0,12,0,58,0,16,0,0,0,11,0,35,0,77,0,39,0,130,0,0,0,0,0,41,0,15,0,0,0,0,0,12,0,34,0,0,0,0,0,10,0,0,0,0,0,1,0,33,0,0,0,18,0,0,0,0,0,0,0,0,5,0,0,0,0,0,0,0,4,0,0,19,0,0,0,0,0,0,0,0,0,0,0,0,0,1,0,0,0,2,0,6,0,5,0,15,0,0,0,88,0,0,0,0,0,2,0,0,0,0,0,0,0,0,0,0,0,0,0,0,0,0,0,0,0,23,0,0,0,0,0,31,0,0,0,0,0,0,0,0,1,0,0,0,0,0,0,0,33,13,59,0,0,11,0
0,0,0,0,0,0,0,0,0,0,0,0,0,0,0,0,0,0,0,0,0,0,0,0,0,0,0,0,0,0,0,0,0,0,0,0,0,0,0,0,0,0,0,0,6,0,0,0,8,0,0,0,0,0,0,0,0,0,0,0,0,0,0,0,0,0,0,0,28,0,169,0,150,0,203,0,22,0,0,0,15,0,55,0,39,0,71,0,0,0,0,0,23,0,3,0,0,0,0,4,1,0,23,0,0,0,0,0,34,0,0,0,0,0,3,0,20,0,0,0,79,0,54,0,0,0,0,0,0,0,0,0,0,0,0,0,8,0,0,0,16,0,121,0,7,0,0,0,0,0,0,0,0,1,0,0,0,0,0,0,0,0,11,0,9,0,0,0,15,0,0,0,2,0,0,0,0,0,0,0,0,0,0,0,0,0,0,0,17,0,0,0,0,0,7,0,0,0,0,0,27,0,0,0,0,0,0,0,0,0,105,6,46,4,78,14,48,0,0,0,0,0,0,0,0
0,0,0,0,0,0,0,0,0,0,0,0,0,0,0,0,0,0,0,0,0,0,0,0,0,0,0,0,0,0,0,0,0,0,0,0,0,0,0,0,0,0,0,6,0,0,0,0,0,0,0,3,0,0,0,0,0,0,0,0,0,0,0,0,3,11,0,0,0,0,0,19,0,64,0,128,0,11,0,0,0,1,0,0,0,6,0,88,0,0,0,0,0,0,0,2,0,0,0,0,0,0,0,0,0,0,0,0,0,0,0,0,0,0,0,0,0,0,0,0,0,13,0,28,0,0,0,0,0,0,0,35,0,0,0,53,0,21,0,4,0,40,0,73,0,30,0,0,0,18,0,0,0,0,0,0,0,0,0,0,0,3,0,0,0,0,0,0,0,9,0,0,0,10,0,0,0,0,0,0,0,10,0,0,1,4,0,0,0,1,0,0,0,0,0,0,0,1,0,0,0,0,0,0,0,4,0,0,0,41,0,0,0,0,9,0,0,0,21,0,6,0,0,0,0
