0,111,60,113,59,0,5,33,50,0,103,0,78,0,5,35,93,10,14,0,18,0,33,61,15,29,25,0,82,0,0,0,132,0,0,0,44,0,382,0,16,0,0,0,0,0,0,0,32,0,0,0,4,0,0,0,0,0,0,0,55,0,34,0,3,0,12,0,0,0,0,0,1,0,0,0,0,0,0,0,0,0,0,0,0,0,1,0,0,0,0,0,0,0,0,0,0,0,0,0,0,0,0,0,0,0,0,0,0,0,0,0,0,0,0,0,0,0,0,0,0,0,0,0,0,0,3,0,0,0,0,0,0,0,7,0,4,0,0,0,0,0,0,0,0,0,0,0,8,0,13,0,22,0,0,0,0,0,0,0,0,0,5,0,0,0,13,0,21,0,29,0,378,0,19,0,285,115,36,0,27,0,169,0,55,0,0,0,0,0,0,0,0,0,0,0,0,0,0,0,0,0,0,0,0,0,0,0,4,0,703,160,136,200,399,2,7,11,13,0,0,0,0,0,0
111,0,149,19,0,356,98,40,75,29,0,315,0,158,0,70,65,36,0,69,0,20,255,43,218,49,0,97,0,141,0,0,0,93,0,13,0,36,0,365,0,13,0,0,0,15,0,82,0,0,0,0,0,51,0,22,0,0,0,0,8,429,27,315,0,21,0,0,0,0,0,3,0,0,0,0,0,0,0,0,0,0,0,2,0,0,0,0,0,0,0,0,0,0,0,0,0,0,0,1,0,0,0,0,0,0,0,0,0,0,0,0,0,0,0,0,0,0,0,0,0,0,0,0,0,0,0,0,0,0,0,0,0,0,0,0,0,0,0,0,0,0,0,6,0,0,0,0,0,24,0,0,0,54,0,0,0,13,0,0,0,0,0,10,0,0,0,0,0,41,0,46,11,122,0,0,56,745,0,19,0,110,0,44,0,137,0,9,0,0,0,0,0,0,0,0,1,0,0,0,0,0,0,0,0,0,0,0,0,0,0,8,0,0,650,0,0,0,1071,149,174,199,0,26,0
60,149,0,108,215,0,97,0,77,0,29,48,77,0,155,76,93,0,103,0,73,0,446,83,60,12,107,0,158,0,48,0,366,0,0,0,40,4,327,0,0,0,0,0,0,0,9,0,65,0,0,0,4,0,25,0,0,0,0,0,0,0,8,0,17,0,49,0,0,0,1,0,0,0,0,0,0,0,0,0,2,0,0,0,2,0,0,0,0,0,0,0,0,0,0,0,0,0,0,0,0,0,0,0,0,0,0,0,0,0,0,0,0,0,0,0,0,0,0,0,0,0,0,0,33,0,46,0,0,0,45,0,19,0,143,0,68,0,0,0,0,0,39,0,0,0,59,0,45,0,42,0,45,1,0,0,0,0,0,0,26,0,0,0,30,0,113,0,62,0,19,0,347,0,0,0,205,160,3,0,13,0,15,0,31,0,0,0,0,0,0,0,0,0,0,0,0,0,0,0,65,0,1,0,0,0,7,0,74,0,605,91,247,238,437,0,11,14,0,0,0,0,0,0,0
113,19,108,0,0,118,13,43,13,4,3,3,0,19,0,390,35,28,0,58,0,102,166,144,75,108,0,0,0,210,0,31,0,183,0,0,0,23,0,375,0,0,0,0,0,0,0,0,0,6,0,0,0,0,0,37,0,0,0,0,0,121,5,59,0,6,0,0,0,0,0,2,0,0,0,0,0,0,0,0,0,0,0,0,0,0,0,0,0,0,0,0,0,0,0,0,0,2,0,0,0,0,0,0,0,0,0,0,0,0,0,0,0,0,0,0,0,0,0,0,0,0,0,0,0,19,0,8,0,0,0,26,0,0,0,34,0,38,0,8,0,0,0,6,0,0,0,0,0,0,0,0,0,0,0,0,0,0,0,0,0,0,0,10,0,0,0,0,0,42,2,33,0,147,0,0,20,113,0,3,0,0,0,0,0,0,0,0,0,0,0,0,0,0,0,0,0,0,0,0,0,0,0,0,0,6,0,0,0,31,0,0,0,0,407,0,0,0,403,47,145,178,1,27,0
59,0,215,0,0,186,0,0,40,0,153,58,206,107,367,75,78,0,172,125,270,18,150,0,0,0,113,127,11,0,211,0,291,14,144,9,267,0,21,0,42,0,0,0,6,0,53,0,72,0,186,0,3,0,0,0,0,0,0,0,0,0,0,0,8,0,4,0,0,0,0,0,0,0,0,0,0,0,0,0,0,0,0,0,0,0,0,0,0,0,0,0,0,0,0,0,0,0,0,0,0,0,5,0,0,0,0,0,0,0,0,0,1,0,0,0,0,0,0,0,0,0,0,0,0,0,0,0,0,0,4,0,0,0,23,0,0,0,0,0,0,0,0,0,2,0,15,0,20,0,30,0,0,0,0,0,0,0,0,0,0,0,0,0,196,0,139,0,0,0,11,0,99,0,0,0,263,112,344,0,19,0,49,0,103,0,0,15,0,0,0,0,0,0,0,0,0,0,0,0,0,0,0,0,0,0,0,0,12,0,514,316,677,0,252,6,3,0,15,0,0,0,0,0,0
0,356,0,118,186,0,0,39,0,20,91,355,46,242,457,326,0,4,38,328,153,285,193,15,0,6,0,216,0,0,22,105,0,301,0,90,25,116,0,61,0,38,0,0,0,0,0,112,0,0,0,0,0,0,0,4,0,0,0,13,0,0,0,0,1,0,0,0,0,0,0,0,0,0,0,13,0,0,0,0,0,0,0,0,0,0,0,47,0,0,0,0,0,0,0,0,0,0,0,19,0,0,0,0,0,0,0,0,0,0,0,0,0,0,0,0,0,0,0,1,0,13,0,0,0,23,0,5,0,0,0,27,0,0,0,0,0,32,0,0,0,0,0,0,0,21,0,0,0,15,0,0,0,19,0,0,0,0,0,0,0,0,0,0,0,58,0,118,0,165,0,9,0,140,0,0,85,520,31,21,0,0,0,20,0,27,0,0,0,0,0,0,0,0,0,0,0,0,0,0,0,0,0,0,0,0,0,0,0,0,0,0,0,0,308,0,0,0,618,190,521,0,0,18,0
5,98,97,13,0,0,0,0,100,0,0,0,5,0,0,0,15,0,0,0,8,0,0,0,352,86,0,0,0,0,0,0,0,0,0,0,0,0,85,0,0,0,0,0,0,0,0,0,108,0,17,0,52,0,136,17,4,0,16,0,180,0,252,16,32,0,73,0,0,0,0,0,0,0,0,0,0,0,0,0,0,0,3,0,0,0,0,0,0,0,0,0,0,0,0,0,0,0,0,0,0,0,0,0,0,0,0,0,0,0,0,0,0,0,0,0,0,0,0,0,0,0,0,0,43,0,66,0,0,0,93,0,37,0,30,0,14,0,0,0,0,0,0,0,1,0,40,0,22,0,18,0,0,0,0,0,0,0,0,0,44,0,0,0,0,0,0,0,20,0,123,0,285,0,0,0,50,72,1,0,0,0,4,0,11,1,0,0,0,0,0,0,0,0,0,0,0,0,0,0,0,0,3,0,0,0,12,0,59,0,555,82,217,455,848,0,0,0,0,0,3,0,0,0,0
33,40,0,43,0,39,0,0,152,73,0,1,0,2,0,40,11,9,0,0,0,0,14,0,162,187,0,0,0,80,0,0,0,0,0,0,0,0,0,116,0,0,0,0,0,0,0,2,0,6,0,4,18,103,0,301,0,16,0,27,0,244,85,399,0,0,0,0,0,0,0,0,0,1,0,0,0,0,0,0,0,0,0,0,0,0,0,0,0,0,0,0,0,0,0,0,0,0,0,0,0,0,0,0,0,0,0,0,0,0,0,0,0,0,0,0,0,0,0,0,0,0,0,0,0,83,0,48,0,4,0,104,0,0,0,0,0,18,0,0,0,0,0,0,0,0,0,17,0,21,0,41,0,0,0,17,0,38,0,3,0,41,0,13,0,15,0,0,0,48,0,83,0,98,0,0,30,125,0,0,0,0,0,0,0,0,0,0,0,0,0,0,0,1,0,0,0,0,0,0,0,0,0,0,0,0,0,12,0,47,0,0,0,0,815,0,0,0,773,102,255,296,1,72,14
50,75,77,13,40,0,100,152,0,406,33,0,36,0,24,0,31,0,16,0,2,0,0,4,105,109,15,0,2,0,0,0,0,0,3,0,0,0,22,0,0,0,0,0,0,0,0,0,46,0,0,0,275,29,174,358,3,38,21,0,169,0,461,34,19,0,29,86,0,0,0,0,0,0,0,0,0,0,0,0,0,0,0,0,0,0,0,0,0,0,0,0,0,0,0,0,0,0,0,0,0,0,0,0,0,0,0,0,0,0,0,0,0,0,0,0,0,0,0,0,0,0,0,0,4,0,5,0,0,0,17,0,0,0,7,0,0,0,0,0,0,0,0,0,3,0,12,0,8,0,12,0,17,0,5,0,0,0,0,0,7,0,0,0,0,0,0,0,29,1,290,0,228,0,23,0,208,131,7,0,0,0,17,0,348,23,0,0,0,0,0,0,0,0,0,0,0,0,0,0,0,0,0,0,0,0,0,0,15,0,956,268,307,223,863,6,44,10,9,14,4,0,0,2,1
0,29,0,4,0,20,0,73,406,0,0,13,0,0,0,18,0,3,0,32,0,0,0,4,84,18,0,19,0,0,0,0,0,0,0,0,0,0,0,0,0,4,0,0,0,0,0,0,0,6,0,0,93,309,214,140,22,39,61,46,0,59,80,272,0,229,70,190,0,0,0,0,0,0,0,0,0,0,0,0,0,0,0,0,0,0,0,0,0,0,0,0,0,0,0,0,0,0,0,0,0,0,0,0,0,0,0,0,0,0,0,0,0,0,0,0,0,0,0,0,0,0,0,0,0,109,0,29,0,1,0,142,0,0,0,14,0,3,0,0,0,0,0,0,0,0,0,21,0,150,0,58,0,17,0,75,0,134,0,3,0,37,0,0,1,12,0,0,0,27,0,54,0,19,0,0,78,278,0,0,0,17,5,29,25,142,0,0,0,0,0,0,0,0,0,1,0,3,0,0,0,3,0,0,0,0,0,14,0,40,0,12,0,0,783,0,0,0,641,145,196,277,5,44,6
103,0,29,3,153,91,0,0,33,0,0,21,227,0,28,53,33,0,10,40,60,0,42,0,0,0,25,0,4,1,51,0,107,0,0,1,39,0,13,0,18,0,0,0,0,0,21,0,13,0,10,0,0,0,0,0,0,0,0,0,0,0,0,0,0,0,0,0,0,0,0,0,0,0,1,0,0,0,0,0,0,0,0,0,0,0,2,0,0,0,0,0,0,0,0,0,0,0,0,0,0,0,0,0,0,0,0,0,0,0,0,0,0,0,0,0,0,0,0,0,0,0,0,0,0,0,0,0,0,0,0,0,0,0,0,0,0,0,0,0,0,0,0,0,0,0,0,0,0,0,6,0,0,0,0,0,0,0,0,0,0,0,0,0,0,0,0,0,0,0,0,0,18,0,0,0,144,43,112,0,32,0,44,0,30,0,0,0,0,0,0,0,0,0,0,0,0,0,0,0,0,0,0,0,0,0,0,0,2,0,196,58,113,0,61,1,0,0,15,2,0,0,0,0,0
0,315,48,3,58,355,0,1,0,13,21,0,0,290,72,41,5,4,0,55,0,54,144,39,0,0,0,86,0,7,0,24,0,125,0,30,0,48,0,72,0,50,0,0,0,6,0,107,3,0,0,0,0,0,0,0,0,0,0,1,0,22,0,0,0,0,0,0,0,0,0,0,0,0,0,0,0,0,0,0,0,0,0,0,0,0,0,0,0,0,0,0,0,0,0,0,0,0,0,0,0,0,0,0,0,0,0,0,0,0,0,0,0,0,0,0,0,0,0,0,0,0,0,0,0,0,0,0,0,0,0,0,0,0,0,0,0,0,0,0,0,0,0,0,0,0,0,0,0,11,0,16,0,0,0,0,0,0,0,0,0,0,0,0,0,0,0,16,0,0,0,0,0,28,0,0,22,530,5,66,0,70,0,51,0,38,0,23,0,0,0,0,1,0,0,0,0,0,0,0,0,2,0,0,0,0,0,0,0,0,0,0,0,0,88,0,0,0,170,76,94,0,0,0,0
78,0,77,0,206,46,5,0,36,0,227,0,0,171,13,1,0,0,117,133,65,23,35,0,0,0,120,544,0,0,14,0,0,0,75,0,14,0,0,0,277,142,250,0,122,25,170,357,61,0,333,62,0,0,0,0,0,0,0,0,0,0,0,0,9,0,0,0,0,0,2,1,0,0,0,0,0,0,0,0,0,0,0,0,0,0,0,0,0,0,0,0,0,0,0,0,0,0,0,0,0,0,0,0,0,0,0,0,0,0,0,0,0,0,0,0,0,0,0,0,0,0,0,0,0,0,0,0,0,0,0,0,0,0,0,0,0,0,0,0,0,0,0,0,0,0,4,0,5,0,7,0,25,0,0,0,0,0,0,0,0,0,0,0,0,0,0,0,0,0,1,0,8,0,7,0,170,53,97,0,23,0,48,0,51,0,314,14,0,0,0,0,0,0,0,0,0,0,0,0,0,0,0,0,0,0,0,0,0,0,79,183,262,0,20,0,0,18,3,0,0,0,0,0,0
0,158,0,19,107,242,0,2,0,0,0,290,171,0,172,0,0,0,209,92,113,134,0,0,0,0,55,93,0,0,0,7,0,0,50,128,0,20,0,0,0,198,0,16,0,18,0,113,0,51,0,153,0,0,0,0,0,0,0,0,0,0,0,0,0,0,0,0,0,0,0,0,0,0,0,0,0,0,0,0,0,0,0,0,0,0,0,0,0,0,0,0,0,0,0,0,0,0,0,0,0,6,0,0,0,0,0,0,0,0,0,0,0,0,0,0,0,0,0,0,0,1,0,0,0,0,0,0,0,0,0,0,0,0,0,0,0,0,0,0,0,0,0,24,0,0,0,0,0,0,0,0,0,0,0,0,0,0,0,0,0,0,0,0,0,77,0,14,0,0,1,0,0,16,0,0,56,373,0,59,0,42,0,26,0,24,17,53,0,0,0,0,0,0,0,0,0,0,0,0,0,0,0,0,0,0,0,0,0,0,0,0,0,0,0,0,0,0,64,118,306,0,0,2,0
5,0,155,0,367,457,0,0,24,0,28,72,13,172,0,90,22,0,219,302,249,21,228,0,6,0,52,79,2,0,118,0,58,0,71,19,115,0,0,0,4,0,0,0,2,0,0,0,16,0,35,0,3,0,23,0,0,0,0,0,0,0,6,0,0,0,0,0,0,0,3,0,0,0,0,1,0,0,0,0,0,0,0,0,0,0,0,0,0,0,0,0,0,0,0,0,0,0,18,0,0,0,0,0,0,0,0,0,0,0,0,0,0,0,0,0,0,0,0,0,0,0,0,0,0,0,0,0,0,0,0,0,0,0,39,0,0,0,0,0,0,0,19,0,4,0,14,0,22,0,0,0,32,0,7,0,0,0,0,0,1,0,0,0,61,0,62,0,41,0,7,0,10,0,14,0,292,140,22,2,0,0,17,0,53,0,0,15,0,0,0,0,0,0,0,0,0,0,0,0,0,0,0,0,0,0,0,0,9,0,255,209,207,43,95,0,2,2,0,0,25,0,0,0,0
35,70,76,390,75,326,0,40,0,18,53,41,1,0,90,0,18,15,0,428,29,197,162,317,10,53,0,57,0,14,0,34,0,73,0,20,0,34,0,23,0,0,0,0,0,0,0,0,0,5,0,10,0,2,0,56,0,0,0,0,0,0,2,6,0,32,0,0,0,1,0,0,0,0,0,0,0,0,0,0,0,39,0,0,0,58,0,26,0,0,0,0,0,0,0,0,0,0,0,0,0,0,0,0,0,0,0,0,0,0,0,0,0,0,0,0,0,0,0,0,0,17,0,0,0,0,0,37,0,0,0,94,0,0,0,213,0,178,0,17,0,0,0,83,0,0,0,0,0,59,0,37,0,0,0,0,0,0,0,0,0,21,0,0,0,10,0,91,0,58,0,0,0,77,0,0,23,153,0,57,0,0,2,2,0,27,0,0,0,0,0,0,0,0,0,0,0,0,0,0,0,0,0,0,0,0,0,0,0,149,0,2,0,0,80,0,0,0,143,64,116,0,0,4,0
93,65,93,35,78,0,15,11,31,0,33,5,0,0,22,18,0,2,88,0,206,0,100,26,67,19,0,0,271,0,96,0,163,0,24,0,9,0,254,0,0,0,0,0,8,0,0,0,34,0,0,0,115,0,33,6,16,0,0,0,54,4,327,0,0,0,3,0,0,0,21,0,0,0,0,0,0,0,0,0,70,0,0,0,189,0,73,0,0,0,130,0,0,0,0,0,256,0,355,0,0,0,0,0,0,0,178,0,0,0,0,0,0,0,0,0,0,0,0,0,178,0,135,0,0,0,0,0,128,0,26,0,10,0,0,0,242,0,182,0,112,0,396,0,18,0,10,0,2,0,0,0,0,0,128,0,0,0,137,0,42,0,0,0,5,0,11,0,0,0,13,0,114,0,0,0,42,40,6,0,0,12,43,0,0,0,0,0,0,0,0,0,0,0,0,0,0,0,0,0,252,0,0,0,0,0,0,0,0,0,66,43,91,121,118,0,8,0,0,0,0,9,0,0,0
10,36,0,28,0,4,0,9,0,3,0,4,0,0,0,15,2,0,0,0,0,91,10,153,8,267,0,0,0,66,0,21,0,11,0,0,0,3,0,69,0,0,0,0,0,0,0,0,0,0,0,0,0,36,0,61,0,38,0,8,0,22,0,243,0,0,0,0,0,0,0,0,0,0,0,0,0,0,0,0,0,41,0,0,0,117,0,0,0,0,0,0,0,0,0,0,0,26,0,0,0,37,0,0,0,0,0,0,0,0,0,0,0,0,0,0,0,0,0,0,0,0,0,0,0,24,0,0,0,0,0,0,0,0,0,142,0,187,0,87,0,71,0,277,0,4,0,0,0,0,0,0,0,0,0,47,0,0,0,36,0,0,0,0,0,0,0,0,0,6,0,4,0,29,0,0,0,32,0,13,0,0,0,2,0,0,0,0,0,0,0,0,0,0,0,0,0,0,0,0,0,61,0,0,0,0,0,0,0,11,0,0,0,0,27,0,0,0,12,5,22,18,0,0,0
14,0,103,0,172,38,0,0,16,0,10,0,117,209,219,0,88,0,0,148,268,0,134,0,0,0,122,392,7,0,17,0,0,0,131,9,17,0,0,0,14,59,116,17,17,11,14,156,16,0,282,40,0,0,0,0,0,0,0,0,0,0,23,0,0,0,0,0,0,0,0,0,0,0,0,0,0,0,0,0,0,0,0,0,0,0,0,0,0,0,0,0,0,0,0,0,0,0,0,0,0,0,0,0,0,0,0,0,0,0,0,0,0,0,0,0,0,0,0,0,0,0,0,0,0,0,0,0,0,0,0,0,0,0,0,0,0,0,0,0,0,1,0,0,0,0,0,0,10,0,0,0,0,0,0,0,0,0,0,0,10,0,0,0,133,0,9,0,34,0,3,0,0,0,0,0,68,50,13,0,0,0,22,0,43,0,21,13,0,0,0,0,0,0,0,0,0,0,0,0,0,0,0,0,0,0,0,0,0,0,0,116,243,32,19,0,0,0,0,0,0,0,0,0,0
0,69,0,58,125,328,0,0,0,32,40,55,133,92,302,428,0,0,148,0,157,366,0,50,0,9,0,192,0,0,22,23,15,7,82,289,0,73,0,0,0,6,10,26,0,50,0,47,0,0,52,234,0,0,0,0,0,0,0,0,0,0,0,0,0,49,0,0,0,0,0,0,0,0,0,0,0,0,0,0,0,0,0,0,0,0,0,0,0,0,0,0,0,0,0,0,0,0,0,0,0,0,0,4,0,0,0,0,0,0,0,0,0,0,0,0,0,0,0,0,0,0,0,0,0,44,0,26,0,0,0,0,0,0,0,0,0,0,0,0,0,0,0,0,0,21,0,0,0,50,0,32,0,0,0,0,0,0,0,0,0,0,0,0,0,79,0,58,0,79,0,0,0,9,0,0,19,78,20,10,0,0,0,0,0,31,0,10,0,0,0,0,0,0,0,0,0,0,0,0,0,0,0,0,0,0,0,0,0,85,0,0,0,0,79,0,0,0,132,104,215,0,0,0,0
18,0,73,0,270,153,8,0,2,0,60,0,65,113,249,29,206,0,268,157,0,19,159,0,0,0,136,135,59,0,70,0,70,0,130,0,84,0,0,0,0,0,12,0,16,0,0,0,18,0,150,0,6,0,0,0,0,0,0,0,7,0,75,0,0,0,0,0,0,0,16,0,0,0,22,0,0,0,0,0,0,0,0,0,0,0,44,0,0,0,0,0,0,0,0,0,0,0,217,0,0,0,0,0,0,0,0,0,0,0,0,0,0,0,0,0,0,0,0,0,0,0,122,0,0,0,0,0,0,0,0,0,0,0,0,0,0,0,91,0,122,0,194,0,55,0,0,0,0,0,0,0,0,0,0,0,3,0,0,0,0,0,0,0,140,0,105,0,60,0,8,0,55,0,0,0,88,48,31,0,0,0,10,0,0,0,3,2,0,0,0,0,0,0,0,0,0,0,0,0,0,0,0,0,0,0,0,0,0,0,128,101,276,0,75,2,0,6,0,4,0,0,0,0,0
0,20,0,102,18,285,0,0,0,0,0,54,23,134,21,197,0,91,0,366,19,0,4,323,0,44,10,191,0,61,5,91,0,148,10,197,0,138,0,21,0,15,0,41,1,72,0,0,1,6,8,61,0,30,0,44,0,37,0,0,0,4,0,97,0,6,0,0,0,0,0,14,0,0,0,20,0,0,0,0,0,109,0,0,0,219,0,0,0,0,0,0,0,0,0,0,0,0,0,0,0,0,0,0,0,0,0,0,0,0,0,0,0,0,0,0,0,0,0,0,0,58,0,0,0,0,0,0,0,0,0,0,0,0,0,162,0,279,0,273,0,334,0,594,0,72,0,0,0,0,0,0,0,0,0,65,0,0,0,51,0,0,0,0,0,0,0,40,0,41,0,0,0,41,0,0,0,90,3,44,0,0,0,0,0,0,2,38,0,0,0,0,0,0,0,0,0,0,0,0,0,0,0,0,0,0,0,0,0,0,2,0,0,0,0,0,0,0,97,98,123,0,1,0,0
33,255,446,166,150,193,0,14,0,0,42,144,35,0,228,162,100,10,134,0,159,4,0,135,133,9,141,0,54,0,68,0,158,47,0,2,5,0,42,30,0,0,0,0,0,0,8,0,0,0,13,0,7,0,206,0,19,0,0,0,0,13,34,0,0,0,0,0,0,0,0,0,0,0,0,0,0,0,0,0,27,0,0,0,97,0,22,2,0,0,0,0,0,0,0,0,0,0,0,0,0,0,0,0,0,0,188,0,0,0,0,0,0,0,0,0,0,0,0,0,0,0,23,0,0,0,17,0,0,0,8,0,10,0,112,1,341,0,0,0,0,0,165,0,3,0,0,0,3,0,24,0,26,0,65,0,0,0,37,0,62,0,0,0,0,0,50,0,0,0,8,3,81,0,0,0,228,218,7,0,0,0,24,0,11,0,1,0,0,0,0,0,0,0,0,0,0,0,0,0,332,0,0,0,0,0,0,0,31,0,137,64,69,84,115,0,0,0,55,9,14,0,0,0,0
61,43,83,144,0,15,0,0,4,4,0,39,0,0,0,317,26,153,0,50,0,323,135,0,29,33,0,21,0,42,0,19,0,56,0,0,0,11,0,43,0,0,0,0,0,8,0,0,0,0,0,0,0,0,0,46,0,6,0,0,0,16,3,62,0,0,0,0,0,0,0,0,0,0,0,0,0,0,0,0,0,0,0,0,0,175,0,31,0,0,0,41,0,0,0,0,0,0,0,0,0,0,0,0,0,0,0,0,0,0,0,0,0,0,0,0,0,0,0,0,0,16,0,0,0,0,0,0,0,0,0,0,0,0,0,139,0,122,0,36,0,42,0,204,0,0,0,1,0,0,0,0,0,0,0,0,0,1,0,0,0,0,0,2,0,0,0,32,0,25,0,10,0,73,0,0,4,111,0,112,0,0,0,4,0,0,0,0,0,0,0,0,0,0,0,0,0,0,0,0,0,69,0,0,0,0,0,0,0,13,0,0,0,0,59,0,0,0,83,113,44,0,0,0,1
15,218,60,75,0,0,352,162,105,84,0,0,0,0,6,10,67,8,0,0,0,0,133,29,0,168,0,0,12,0,3,0,0,0,0,0,0,0,20,10,0,0,0,0,0,0,0,0,17,0,3,0,18,22,170,105,35,0,27,0,14,34,43,40,1,0,0,0,0,0,0,0,0,0,0,0,0,0,3,0,0,0,0,0,42,0,0,0,0,0,31,0,0,0,0,0,70,0,0,0,0,0,0,0,0,0,82,0,0,0,0,0,0,0,0,0,0,0,0,0,7,0,7,0,0,0,18,0,34,0,25,0,11,0,106,0,175,0,7,2,21,0,116,0,2,0,11,0,5,0,16,0,12,0,70,0,0,0,55,0,60,0,0,0,0,0,0,0,0,0,13,0,60,0,0,0,47,118,0,0,0,0,11,0,0,0,0,0,0,0,0,0,0,0,0,0,0,0,0,0,219,0,0,0,0,0,0,0,21,0,63,53,33,94,94,0,5,2,31,8,5,0,0,3,0
29,49,12,108,0,6,86,187,109,18,0,0,0,0,0,53,19,267,0,9,0,44,9,33,168,0,0,0,1,79,0,7,0,0,0,0,0,0,0,57,0,0,0,0,0,0,0,0,0,0,0,0,0,13,7,209,0,36,0,0,0,74,41,175,0,0,0,0,0,0,0,0,0,0,0,0,0,0,0,0,0,2,0,0,0,21,0,0,0,0,0,0,0,0,0,0,0,0,0,0,0,0,0,0,0,0,0,20,0,0,0,0,0,0,0,0,0,0,0,0,0,0,0,0,0,44,0,9,0,22,0,49,0,30,0,227,0,211,0,32,0,0,0,108,0,0,0,2,0,5,0,7,0,0,0,66,0,0,0,0,0,51,0,0,0,2,0,0,0,9,0,8,9,32,0,0,12,106,0,0,0,0,2,3,0,0,0,0,0,0,0,0,0,0,0,0,0,1,0,17,0,114,0,3,0,15,0,0,0,79,12,1,4,5,102,0,0,0,135,23,36,42,0,5,1
25,0,107,0,113,0,0,0,15,0,25,0,120,55,52,0,0,0,122,0,136,10,141,0,0,0,0,207,32,0,20,0,13,0,42,0,49,0,0,0,17,68,276,23,371,26,78,147,54,0,189,31,7,0,0,0,4,0,0,0,0,0,46,0,0,0,2,0,0,0,36,0,0,0,23,0,0,0,0,0,0,0,0,0,0,0,0,0,0,0,0,0,0,0,0,0,0,0,0,0,0,0,0,0,0,0,0,0,0,0,0,0,0,0,0,0,0,0,0,0,0,0,0,0,0,0,0,0,0,0,0,0,0,0,0,0,0,0,0,0,0,0,0,0,0,0,0,0,0,0,0,0,13,0,0,0,0,0,0,0,0,0,0,0,178,0,25,0,0,0,0,0,43,0,0,0,0,0,24,0,0,0,15,0,45,0,56,4,0,0,0,0,0,0,0,0,0,0,0,0,0,0,0,0,0,0,0,0,0,0,0,176,201,39,9,0,0,68,0,0,0,0,0,0,0
0,97,0,0,127,216,0,0,0,19,0,86,544,93,79,57,0,0,392,192,135,191,0,21,0,0,207,0,0,0,0,5,2,0,89,117,0,69,0,0,104,70,52,288,38,485,29,259,19,103,89,352,0,0,0,0,0,0,0,0,0,3,0,0,0,0,0,0,0,0,0,0,0,0,0,0,0,0,0,0,0,0,0,0,0,0,0,0,0,0,0,0,0,0,0,0,0,0,0,0,0,0,0,0,0,0,0,0,0,0,0,0,0,0,0,0,0,0,0,0,0,0,0,0,0,0,0,0,0,0,0,0,0,0,0,0,0,0,0,0,0,0,0,0,0,0,0,0,0,0,0,0,0,0,0,0,0,0,0,0,0,0,0,0,0,156,0,2,0,0,0,0,0,0,0,0,28,179,17,0,0,0,0,0,0,0,57,32,0,0,0,0,0,0,0,0,0,0,0,0,0,0,0,0,0,0,0,0,0,0,0,0,0,0,25,0,0,0,0,217,365,17,0,0,4
82,0,158,0,11,0,0,0,2,0,4,0,0,0,2,0,271,0,7,0,59,0,54,0,12,1,32,0,0,0,60,0,40,0,40,0,30,0,12,0,0,0,13,0,0,0,0,0,0,0,32,0,5,0,0,0,0,0,0,0,0,0,14,0,0,0,0,0,0,0,4,0,0,0,0,0,0,0,0,0,0,0,0,0,14,0,19,0,0,0,0,0,0,0,0,0,0,0,0,0,0,0,0,0,0,0,0,0,0,0,0,0,0,0,0,0,0,0,0,0,29,0,39,0,0,0,0,0,11,0,0,0,0,0,0,0,0,0,61,0,55,0,60,0,16,0,0,0,0,0,0,0,0,0,10,0,3,0,20,0,0,0,0,0,0,0,0,0,0,0,0,0,3,0,0,0,9,0,0,0,0,0,14,0,0,0,0,0,0,0,0,0,0,0,0,0,0,0,0,0,27,0,0,0,0,0,0,0,0,0,0,3,0,0,3,0,0,0,0,0,0,0,0,0,0
0,141,0,210,0,0,0,80,0,0,1,7,0,0,0,14,0,66,0,0,0,61,0,42,0,79,0,0,0,0,0,27,0,53,0,0,0,5,0,58,0,0,0,0,0,0,0,0,0,1,0,0,0,11,0,32,0,11,0,1,0,18,0,25,0,0,0,0,0,0,0,0,0,0,0,0,0,0,0,0,0,0,0,0,0,18,0,0,0,0,0,0,0,0,0,0,0,0,0,7,0,0,0,0,0,0,0,0,0,0,0,0,0,0,0,0,0,0,0,0,0,0,0,0,0,0,0,0,0,0,0,0,0,0,0,0,0,46,0,38,0,43,0,65,0,1,0,0,0,0,0,0,0,0,0,12,0,1,0,9,0,0,0,0,0,0,0,0,0,0,0,0,0,16,0,0,0,25,0,16,0,0,0,0,0,0,0,0,0,0,0,0,0,0,0,0,0,0,0,0,0,12,0,0,0,0,0,0,0,0,0,0,0,0,0,0,0,0,6,0,0,0,0,2,0
0,0,48,0,211,22,0,0,0,0,51,0,14,0,118,0,96,0,17,22,70,5,68,0,3,0,20,0,60,0,0,0,1,0,19,0,46,0,2,0,0,0,14,0,5,0,0,0,0,0,26,0,4,0,0,0,0,0,0,0,0,0,40,0,0,0,0,0,0,0,0,0,0,0,0,0,0,0,0,0,0,0,0,0,19,0,0,0,0,0,0,0,0,0,0,0,0,0,0,0,0,0,0,0,0,0,24,0,0,0,0,0,0,0,0,0,0,0,0,0,0,0,0,0,0,0,0,0,0,0,0,0,0,0,0,0,24,0,0,0,0,0,0,0,30,0,0,0,0,0,0,0,0,0,0,0,0,0,0,0,0,0,0,0,0,0,22,0,0,0,4,0,6,0,0,0,38,6,18,0,0,0,0,0,0,0,0,0,0,0,0,0,0,0,0,0,0,0,0,0,0,0,2,0,0,0,0,0,0,0,0,6,0,0,0,0,0,0,0,0,0,0,0,0,0
0,0,0,31,0,105,0,0,0,0,0,24,0,7,0,34,0,21,0,23,0,91,0,19,0,7,0,5,0,27,0,0,0,12,0,31,0,51,0,6,0,0,0,0,0,2,0,0,0,0,0,3,0,0,0,0,0,0,0,0,0,0,0,9,0,0,0,0,0,0,0,0,0,0,0,0,0,0,0,0,0,0,0,0,0,0,0,0,0,0,0,0,0,0,0,0,0,0,0,0,0,0,0,0,0,0,0,0,0,0,0,0,0,0,0,0,0,0,0,0,0,0,0,0,0,0,0,0,0,0,0,0,0,0,0,0,0,0,0,0,0,33,0,60,0,0,0,0,0,0,0,0,0,0,0,11,0,0,0,0,0,0,0,0,0,0,0,0,0,0,0,0,0,2,0,0,2,46,0,35,0,0,0,0,0,0,0,1,0,0,0,0,0,0,0,0,0,0,0,0,0,0,0,0,0,0,0,0,0,0,0,0,0,0,0,0,0,0,0,18,0,0,0,0,0
132,0,366,0,291,0,0,0,0,0,107,0,0,0,58,0,163,0,0,15,70,0,158,0,0,0,13,2,40,0,1,0,0,0,10,0,391,0,1,0,0,0,12,0,0,0,0,0,0,0,20,0,6,0,0,0,0,0,0,0,19,0,50,0,0,0,0,0,0,0,6,0,0,0,0,0,0,0,0,0,0,0,0,0,0,0,18,0,0,0,0,0,0,0,0,0,0,0,0,0,0,0,0,0,0,0,0,0,0,0,0,0,0,0,0,0,0,0,0,0,0,0,0,0,0,0,0,0,0,0,0,0,0,0,0,0,0,0,29,0,43,0,0,0,0,0,0,0,0,0,0,0,0,0,9,0,13,0,0,0,0,0,0,0,8,0,33,0,0,0,3,0,7,0,0,0,52,18,33,0,0,0,32,0,0,0,0,0,0,0,0,0,0,0,0,0,0,0,0,0,0,0,0,0,0,0,0,0,0,0,0,7,13,0,0,0,0,0,0,0,0,0,0,0,0
0,93,0,183,14,301,0,0,0,0,0,125,0,0,0,73,0,11,0,7,0,148,47,56,0,0,0,0,0,53,0,12,0,0,0,33,0,219,0,24,0,1,0,0,0,2,0,0,0,0,0,12,0,0,0,2,0,0,0,0,0,30,0,20,0,0,0,0,0,0,0,0,0,0,0,0,0,0,0,0,0,0,0,0,0,0,0,0,0,0,0,0,0,0,0,0,0,0,0,0,0,0,0,0,0,0,0,0,0,0,0,0,0,0,0,0,0,0,0,0,0,0,0,0,0,0,0,0,0,0,0,0,0,0,0,0,0,0,0,73,0,60,0,0,0,31,0,0,0,0,0,0,0,5,0,19,0,38,0,24,0,0,0,1,0,0,0,32,0,4,0,0,0,16,0,0,6,250,0,203,0,0,0,11,0,0,0,0,0,0,0,0,0,0,0,0,0,0,0,0,0,15,0,0,0,0,0,0,0,0,0,0,0,0,0,0,0,0,0,15,10,0,0,1,0
0,0,0,0,144,0,0,0,3,0,0,0,75,50,71,0,24,0,131,82,130,10,0,0,0,0,42,89,40,0,19,0,10,0,0,0,278,0,2,0,0,0,39,0,33,0,0,0,13,0,99,0,0,0,0,0,0,0,0,0,0,0,12,0,0,0,0,0,0,0,0,0,0,0,0,0,0,0,0,0,0,0,0,0,0,0,0,0,0,0,0,0,0,0,0,0,0,0,0,0,0,0,0,0,0,0,0,0,0,0,0,0,0,0,0,0,0,0,0,0,62,0,0,0,0,0,0,0,0,0,0,0,0,0,0,0,0,0,0,0,38,0,0,0,0,0,0,0,0,0,0,0,0,0,0,0,0,0,0,0,0,0,0,0,76,0,20,0,0,0,4,0,18,0,0,0,38,0,40,0,0,0,0,0,0,0,0,4,0,0,0,0,0,0,0,0,0,0,0,0,0,0,0,0,0,0,0,0,0,0,0,39,92,0,0,0,0,0,0,0,0,0,0,0,0
0,13,0,0,9,90,0,0,0,0,1,30,0,128,19,20,0,0,9,289,0,197,2,0,0,0,0,117,0,0,0,31,0,33,0,0,0,447,0,9,0,6,0,20,0,11,0,0,0,5,0,81,0,0,0,0,0,0,0,0,0,0,0,8,0,0,0,0,0,0,0,0,0,0,0,0,0,0,0,0,0,0,0,0,0,33,0,0,0,0,0,0,0,0,0,0,0,0,0,0,0,0,0,3,0,0,0,0,0,0,0,0,0,0,0,0,0,0,0,0,0,0,0,0,0,0,0,0,0,0,0,0,0,0,0,0,0,63,0,73,0,160,0,195,0,37,0,0,0,0,0,0,0,0,0,18,0,0,0,16,0,0,0,0,0,41,0,19,0,0,0,0,0,19,0,0,0,61,0,22,0,0,0,0,0,0,0,32,0,0,0,0,0,0,0,0,0,0,0,0,0,0,0,0,0,0,0,0,0,6,0,0,0,0,22,0,0,0,67,63,159,0,0,1,0
44,0,40,0,267,25,0,0,0,0,39,0,14,0,115,0,9,0,17,0,84,0,5,0,0,0,49,0,30,0,46,0,391,0,278,0,0,0,126,0,0,0,20,0,10,0,0,0,9,0,205,0,14,0,0,0,3,0,0,0,64,0,20,0,0,0,0,0,0,0,31,0,5,0,11,0,0,0,0,0,0,0,0,0,29,0,0,0,0,0,0,0,0,0,0,0,0,0,167,0,0,0,0,0,0,0,15,0,0,0,0,0,0,0,0,0,0,0,0,0,112,0,107,0,0,0,0,0,0,0,0,0,0,0,0,0,0,0,163,0,124,0,107,0,97,0,0,0,0,0,0,0,0,0,5,0,21,0,41,0,0,0,6,0,126,0,31,0,31,0,14,0,45,0,0,0,63,12,18,0,0,0,8,0,0,0,0,0,0,0,0,0,0,0,0,0,0,0,0,0,0,0,0,0,0,0,0,0,0,0,12,19,51,0,0,0,0,0,0,0,0,0,0,0,0
0,36,4,23,0,116,0,0,0,0,0,48,0,20,0,34,0,3,0,73,0,138,0,11,0,0,0,69,0,5,0,51,0,219,0,447,0,0,0,41,0,1,0,90,0,0,0,0,0,4,0,42,0,0,0,6,0,0,0,6,0,74,0,13,0,0,0,0,0,0,0,0,0,0,0,9,0,0,0,0,0,6,0,0,0,0,0,0,0,0,0,0,0,0,0,0,0,0,0,0,0,0,0,0,0,0,0,0,0,0,0,0,0,0,0,0,0,0,0,0,0,6,0,0,0,0,0,0,0,0,0,0,0,0,0,0,0,66,0,146,0,254,0,159,0,84,0,0,0,0,0,0,0,0,0,48,0,93,0,36,0,0,0,5,0,32,0,46,0,47,0,7,0,141,0,0,0,96,0,98,0,0,0,0,0,0,0,15,0,0,0,0,0,0,0,0,0,0,0,0,0,0,0,0,0,0,0,0,0,0,0,0,0,0,20,0,0,0,18,35,91,0,0,2,0
382,0,327,0,21,0,85,0,22,0,13,0,0,0,0,0,254,0,0,0,0,0,42,0,20,0,0,0,12,0,2,0,1,0,2,0,126,0,0,0,0,0,0,0,0,0,0,0,0,0,0,0,0,0,0,0,0,0,0,0,36,0,23,0,1,0,0,0,0,0,0,0,0,0,0,0,0,0,0,0,5,0,0,0,0,0,0,0,0,0,8,0,0,0,0,0,0,0,0,0,0,0,0,0,0,1,0,0,0,0,0,0,0,0,0,0,0,0,0,0,0,0,11,0,0,0,0,0,0,0,0,0,0,0,0,0,0,0,0,0,0,0,0,0,0,0,2,0,0,0,0,0,0,0,7,0,13,0,5,0,0,0,0,0,0,0,81,0,0,0,1,0,162,0,0,0,36,6,0,0,0,0,73,0,0,0,0,0,0,0,0,0,0,0,0,0,1,0,0,0,0,0,0,0,0,0,0,0,0,0,0,38,0,4,6,0,0,0,4,0,0,0,0,0,0
0,365,0,375,0,61,0,116,0,0,0,72,0,0,0,23,0,69,0,0,0,21,30,43,10,57,0,0,0,58,0,6,0,24,0,9,0,41,0,0,0,0,0,0,0,0,0,0,0,0,0,0,0,8,0,10,0,0,0,0,0,22,0,30,0,0,0,0,0,0,0,0,0,0,0,0,0,0,0,0,0,0,0,0,0,0,0,0,0,0,0,0,0,0,0,0,0,0,0,0,0,0,0,0,0,0,0,0,0,0,0,0,0,0,0,0,0,0,0,0,0,0,0,0,0,0,0,0,0,0,0,0,0,0,0,0,0,0,0,0,0,0,0,0,0,43,0,0,0,0,0,0,0,0,0,35,0,55,0,0,0,6,0,0,0,0,0,1,0,0,0,0,0,55,0,0,4,147,0,105,0,0,1,21,0,0,0,0,0,0,0,0,0,0,0,0,0,0,0,0,0,0,0,0,0,0,0,0,0,0,0,0,0,0,0,0,0,0,0,11,5,0,0,0,0
16,0,0,0,42,0,0,0,0,0,18,0,277,0,4,0,0,0,14,0,0,0,0,0,0,0,17,104,0,0,0,0,0,0,0,0,0,0,0,0,0,70,42,10,73,28,124,143,95,0,10,0,0,0,0,0,0,0,0,0,0,0,0,0,0,0,0,0,0,0,0,0,0,0,0,0,0,0,0,0,0,0,0,0,0,0,0,0,0,0,0,0,0,0,0,0,0,0,0,0,0,0,0,0,0,0,0,0,0,0,0,0,0,0,0,0,0,0,0,0,0,0,0,0,0,0,0,0,0,0,0,0,0,0,0,0,0,0,0,0,0,0,0,0,0,0,0,0,1,0,0,1,0,0,0,0,0,0,0,0,0,0,0,0,0,0,0,0,0,0,0,0,0,0,0,0,8,9,14,0,0,0,0,0,0,0,165,1,0,0,0,0,0,0,0,0,0,0,0,0,0,0,0,0,0,0,0,0,0,0,0,53,27,0,2,0,0,30,0,0,0,0,0,0,0
0,13,0,0,0,38,0,0,0,4,0,50,142,198,0,0,0,0,59,6,0,15,0,0,0,0,68,70,0,0,0,0,0,1,0,6,0,1,0,0,70,0,21,86,42,87,52,150,23,137,0,63,0,0,0,0,0,0,0,0,0,0,0,0,0,0,0,0,0,0,0,0,0,0,0,4,0,0,0,0,0,0,0,0,0,0,0,0,0,0,0,0,0,0,0,0,0,0,0,5,0,0,0,0,0,0,0,0,0,0,0,0,0,0,0,0,0,0,0,0,0,4,0,0,0,0,0,0,0,0,0,0,0,0,0,0,0,0,0,0,0,0,0,37,0,9,0,0,0,0,0,0,0,0,0,0,0,0,0,0,0,0,0,0,0,0,0,1,0,0,0,0,0,0,0,0,6,202,0,16,0,0,0,0,0,0,36,43,0,0,0,0,0,0,0,0,0,0,0,0,0,0,0,0,0,0,0,0,0,0,0,0,0,0,0,0,0,1,0,41,22,0,0,0,8
0,0,0,0,0,0,0,0,0,0,0,0,250,0,0,0,0,0,116,10,12,0,0,0,0,0,276,52,13,0,14,0,12,0,39,0,20,0,0,0,42,21,0,0,163,0,66,55,18,0,107,0,0,0,0,0,0,0,0,0,0,0,0,0,0,0,0,0,0,0,18,0,0,0,0,0,0,0,0,0,24,0,0,0,0,0,20,0,0,0,0,0,0,0,14,0,0,0,96,0,0,0,0,0,0,0,0,0,0,0,0,0,0,0,0,0,0,0,0,0,0,0,0,0,0,0,0,0,0,0,0,0,0,0,0,0,0,0,0,0,0,0,0,0,0,0,0,0,0,0,0,0,0,0,0,0,0,0,0,0,0,0,6,0,56,0,17,0,0,0,11,0,22,0,0,0,9,3,34,0,0,0,3,0,0,0,72,0,0,0,0,0,0,0,0,0,0,0,0,0,0,0,0,0,0,0,0,0,0,0,85,118,58,24,24,0,3,18,0,0,0,0,0,0,0
0,0,0,0,0,0,0,0,0,0,0,0,0,16,0,0,0,0,17,26,0,41,0,0,0,0,23,288,0,0,0,0,0,0,0,20,0,90,0,0,10,86,0,0,0,224,0,107,0,46,3,87,0,0,0,0,0,0,0,0,0,0,0,0,0,0,0,0,0,0,0,1,0,0,0,0,0,0,0,0,0,0,0,0,0,0,0,0,0,0,0,0,0,0,0,0,0,0,0,0,0,0,0,0,0,0,0,0,0,0,0,0,0,0,0,0,0,0,0,0,0,4,0,0,0,0,0,0,0,0,0,0,0,0,0,0,0,0,0,0,0,0,0,41,0,7,0,0,0,0,0,0,0,0,0,0,0,0,0,0,0,0,0,0,0,47,0,10,0,0,0,2,0,32,0,0,0,22,0,0,0,0,0,0,0,0,2,72,0,0,0,0,0,0,0,0,0,0,0,0,0,0,0,0,0,0,0,0,0,0,0,0,0,0,0,0,0,0,0,41,74,7,0,0,0
0,0,0,0,6,0,0,0,0,0,0,0,122,0,2,0,8,0,17,0,16,1,0,0,0,0,371,38,0,0,5,0,0,0,33,0,10,0,0,0,73,42,163,0,0,35,341,117,216,37,91,0,0,0,0,0,0,0,0,0,0,0,9,0,0,0,0,0,0,0,3,0,0,0,0,0,0,0,0,0,0,0,0,0,0,0,0,0,0,0,0,0,0,0,0,0,0,0,49,0,0,0,0,0,0,0,0,0,0,0,0,0,0,0,0,0,0,0,0,0,23,0,0,0,0,0,0,0,0,0,0,0,0,0,0,0,0,0,0,0,0,0,0,0,0,0,0,0,0,0,0,0,0,0,0,0,0,0,0,0,0,0,0,0,159,0,3,0,32,0,3,0,11,0,1,0,12,2,13,0,0,0,6,0,0,0,166,0,0,0,0,0,0,0,0,0,0,0,0,0,0,0,0,0,0,0,0,0,0,0,19,118,104,0,0,0,1,154,0,0,0,0,0,0,2
0,15,0,0,0,0,0,0,0,0,0,6,25,18,0,0,0,0,11,50,0,72,0,8,0,0,26,485,0,0,0,2,0,2,0,11,0,0,0,0,28,87,0,224,35,0,39,333,41,132,0,178,0,0,0,6,0,0,0,0,0,0,0,0,0,0,0,0,0,0,0,0,0,0,0,0,0,1,0,0,0,32,0,0,0,26,0,31,0,0,0,0,0,0,0,0,0,0,0,0,0,0,0,0,0,0,0,0,0,0,0,0,0,0,0,0,0,0,0,0,0,0,0,0,0,0,0,1,0,0,0,0,0,0,0,0,0,0,0,0,0,70,0,136,0,61,0,0,0,0,0,0,0,0,0,0,0,2,0,0,0,11,0,9,0,152,0,26,0,66,0,28,0,75,0,0,0,40,0,0,0,0,0,0,0,0,25,30,0,0,0,0,0,0,0,0,0,0,0,0,0,0,0,0,0,0,0,0,0,0,0,0,0,0,14,0,0,1,33,145,113,10,0,0,59
0,0,9,0,53,0,0,0,0,0,21,0,170,0,0,0,0,0,14,0,0,0,8,0,0,0,78,29,0,0,0,0,0,0,0,0,0,0,0,0,124,52,66,0,341,39,0,96,284,21,8,0,0,0,0,0,0,0,0,0,0,0,0,0,0,0,0,0,0,0,0,0,0,0,0,0,0,0,0,0,0,0,0,0,0,0,0,0,0,0,0,0,0,0,0,0,0,0,0,0,0,0,0,0,0,0,0,0,0,0,0,0,0,0,0,0,0,0,0,0,0,0,0,0,0,0,0,0,0,0,0,0,0,0,0,0,0,0,0,0,0,0,0,0,0,0,0,0,0,0,0,0,0,0,0,0,0,0,0,0,0,0,0,0,0,0,3,0,0,0,2,0,0,0,0,0,9,5,24,0,0,0,0,0,0,0,225,0,0,0,0,0,0,0,0,0,0,0,0,0,0,0,0,0,0,0,0,0,0,0,0,187,100,0,0,0,0,99,0,0,0,0,0,0,0
0,82,0,0,0,112,0,2,0,0,0,107,357,113,0,0,0,0,156,47,0,0,0,0,0,0,147,259,0,0,0,0,0,0,0,0,0,0,0,0,143,150,55,107,117,333,96,0,71,104,27,91,0,0,0,0,0,0,0,0,0,0,0,0,0,0,0,0,0,0,0,0,0,0,0,0,0,0,0,0,0,0,0,0,0,0,0,0,0,0,0,0,0,0,0,0,0,0,0,0,0,0,0,0,0,0,0,0,0,0,0,0,0,0,0,0,0,0,0,0,0,0,0,0,0,0,0,0,0,0,0,0,0,0,0,0,0,0,0,0,0,0,0,0,0,0,0,0,0,0,0,0,0,0,0,1,0,0,0,0,0,0,0,0,0,52,0,0,0,0,0,0,0,0,0,0,0,284,0,31,0,5,0,0,0,0,79,43,0,0,0,0,0,0,0,0,0,0,0,0,0,0,0,0,0,0,0,0,0,0,0,0,0,0,0,0,0,0,0,155,106,0,0,0,27
32,0,65,0,72,0,108,0,46,0,13,3,61,0,16,0,34,0,16,0,18,1,0,0,17,0,54,19,0,0,0,0,0,0,13,0,9,0,0,0,95,23,18,0,216,41,284,71,0,74,30,0,8,0,12,0,16,0,42,0,21,0,2,0,0,0,0,0,16,0,0,0,2,0,0,0,7,0,0,0,4,0,13,0,18,0,0,2,0,0,0,0,6,0,7,0,0,0,0,0,0,0,15,0,10,0,0,0,0,0,0,0,0,0,0,0,0,0,0,0,0,0,0,0,0,0,0,0,0,0,0,0,5,0,0,0,0,0,0,0,0,0,26,0,6,0,11,0,0,0,6,0,0,0,15,0,6,0,5,0,26,0,24,0,53,1,41,0,80,0,18,0,101,0,0,0,80,7,44,0,1,0,8,0,0,0,203,0,58,1,0,0,51,0,20,0,6,0,26,0,41,0,71,0,47,0,0,0,28,0,162,208,271,21,178,13,6,35,0,4,2,0,0,0,5
0,0,0,6,0,0,0,6,0,6,0,0,0,51,0,5,0,0,0,0,0,6,0,0,0,0,0,103,0,1,0,0,0,0,0,5,0,4,0,0,0,137,0,46,37,132,21,104,74,0,0,30,0,0,0,4,0,7,0,12,0,0,0,3,0,2,0,0,0,1,0,4,0,0,0,0,0,0,0,1,0,0,0,6,0,0,0,22,0,0,0,0,0,0,0,3,0,0,0,0,0,10,0,0,0,0,0,1,0,0,0,0,0,0,0,0,0,0,0,0,0,0,0,0,0,0,0,0,0,1,0,0,0,0,0,0,0,0,0,0,0,22,0,49,0,14,0,2,0,0,0,3,0,0,0,0,0,0,0,5,0,10,0,0,0,69,0,6,0,28,0,10,0,7,0,3,0,234,0,6,0,0,0,0,0,5,41,54,0,9,0,0,0,1,0,6,0,3,0,0,0,0,0,0,0,0,0,0,0,0,0,2,0,0,13,0,0,2,36,65,86,3,2,0,58
0,0,0,0,186,0,17,0,0,0,10,0,333,0,35,0,0,0,282,52,150,8,13,0,3,0,189,89,32,0,26,0,20,0,99,0,205,0,0,0,10,0,107,3,91,0,8,27,30,0,0,0,0,0,6,0,9,0,0,0,7,0,0,0,2,0,0,0,0,0,26,0,0,0,0,0,0,0,0,0,50,0,0,0,71,0,47,0,0,0,51,0,0,0,0,0,0,0,305,0,54,0,0,0,0,0,0,0,0,0,0,0,0,0,0,0,0,0,0,0,101,0,47,0,0,0,0,0,9,0,0,0,0,0,0,0,16,0,0,0,49,0,73,0,42,0,0,0,0,0,0,0,0,0,0,0,0,0,0,0,0,0,15,0,117,0,34,0,47,0,21,0,71,0,0,0,49,13,49,0,0,0,0,0,0,0,14,0,0,0,0,0,0,0,0,0,0,0,0,0,0,0,0,0,0,0,0,0,0,0,78,72,101,42,31,0,3,15,0,0,0,0,0,0,0
0,0,0,0,0,0,0,4,0,0,0,0,62,153,0,10,0,0,40,234,0,61,0,0,0,0,31,352,0,0,0,3,0,12,0,81,0,42,0,0,0,63,0,87,0,178,0,91,0,30,0,0,0,0,0,0,0,5,0,6,0,0,0,2,0,0,0,0,0,0,0,0,0,0,0,0,0,0,0,0,0,0,0,0,0,0,0,0,0,0,0,0,0,0,0,0,0,0,0,0,0,0,0,6,0,0,0,0,0,0,0,0,0,0,0,0,0,0,0,0,0,0,0,0,0,0,0,0,0,0,1,0,0,0,0,0,0,31,0,0,0,0,0,101,0,24,0,0,0,0,0,0,0,0,0,0,0,3,0,0,0,0,0,0,0,127,0,20,0,101,0,10,0,45,0,0,0,15,0,0,0,0,0,0,0,0,7,78,0,0,0,0,0,0,0,0,0,0,0,0,0,0,0,0,0,0,0,0,0,0,0,0,0,0,13,0,0,0,0,50,145,7,0,0,2
4,0,4,0,3,0,52,18,275,93,0,0,0,0,3,0,115,0,0,0,6,0,7,0,18,0,7,0,5,0,4,0,6,0,0,0,14,0,0,0,0,0,0,0,0,0,0,0,8,0,0,0,0,6,157,112,145,22,87,50,32,0,95,0,5,0,21,59,0,0,0,0,0,0,0,0,0,0,0,0,0,0,0,0,0,0,0,0,0,0,0,0,0,0,0,0,0,0,0,0,0,0,0,0,0,0,0,0,0,0,0,0,0,0,0,0,0,0,0,0,0,0,0,0,0,0,0,0,38,0,48,0,13,0,0,0,35,0,74,0,17,0,21,0,18,0,0,0,2,1,0,0,0,0,344,0,53,0,165,0,56,0,0,0,0,0,0,0,8,0,52,0,13,0,0,0,33,9,0,0,0,0,0,0,124,9,0,0,0,0,0,0,0,0,0,0,0,0,0,0,12,0,0,0,0,0,0,0,8,0,157,55,110,153,217,0,24,0,8,6,0,0,0,0,0
0,51,0,0,0,0,0,103,29,309,0,0,0,0,0,2,0,36,0,0,0,30,0,0,22,13,0,0,0,11,0,0,0,0,0,0,0,0,0,8,0,0,0,0,0,0,0,0,0,0,0,0,6,0,0,129,0,75,5,14,0,36,10,108,0,0,4,15,0,0,0,0,0,0,0,0,0,0,0,0,0,0,0,0,0,13,0,0,0,0,0,3,0,0,0,0,0,0,0,0,0,0,0,0,0,0,0,0,0,0,0,0,0,0,0,0,0,0,0,0,0,0,0,0,0,0,0,0,0,64,0,33,0,13,0,42,0,105,0,157,0,86,0,90,0,27,0,1,0,0,0,0,0,0,0,238,0,188,0,171,0,83,0,0,0,10,0,0,0,20,0,59,0,20,0,0,5,90,0,0,0,0,0,48,0,37,0,0,0,0,0,0,0,0,0,0,0,0,0,0,0,16,0,0,0,0,0,0,0,0,0,0,0,0,138,0,0,0,72,4,104,128,1,23,0
0,0,25,0,0,0,136,0,174,214,0,0,0,0,23,0,33,0,0,0,0,0,206,0,170,7,0,0,0,0,0,0,0,0,0,0,0,0,0,0,0,0,0,0,0,0,0,0,12,0,6,0,157,0,0,227,129,38,73,42,0,0,32,0,21,0,22,100,0,0,1,0,0,0,0,0,0,0,0,0,0,0,0,0,0,0,2,0,0,0,0,0,0,0,0,0,0,0,0,0,0,0,0,0,0,0,0,0,0,0,0,0,0,0,0,0,0,0,0,0,0,0,0,0,0,0,34,0,0,0,74,0,19,0,66,0,76,0,0,0,0,0,50,0,0,0,0,0,10,0,0,0,0,0,81,0,1,0,41,0,154,0,0,0,2,0,0,0,18,0,199,0,20,0,0,0,8,0,0,0,0,0,0,0,86,15,0,0,0,0,0,0,0,0,0,0,0,0,0,0,0,0,0,0,0,0,0,0,38,0,115,25,166,189,221,0,54,1,0,6,0,0,0,0,0
0,22,0,37,0,4,17,301,358,140,0,0,0,0,0,56,6,61,0,0,0,44,0,46,105,209,0,0,0,32,0,0,0,2,0,0,0,6,0,10,0,0,0,0,0,6,0,0,0,4,0,0,112,129,227,0,31,171,77,68,0,0,74,69,0,13,75,38,0,0,0,0,0,2,0,0,0,0,0,0,0,0,0,0,0,0,0,0,0,0,0,0,0,0,0,0,0,0,0,0,0,0,0,0,0,0,0,0,0,0,0,0,0,0,0,0,0,0,0,0,0,1,0,1,0,72,0,18,0,41,0,155,0,0,0,74,0,105,0,18,0,0,0,75,0,6,0,0,0,16,0,12,0,3,5,112,0,24,0,24,0,139,0,0,0,15,0,0,0,58,0,132,0,32,0,0,32,71,0,0,0,0,1,0,26,18,0,0,0,0,0,0,0,0,0,0,0,0,0,0,0,35,0,0,0,0,0,0,0,44,27,8,0,0,524,0,0,2,256,57,273,367,0,42,3
0,0,0,0,0,0,4,0,3,22,0,0,0,0,0,0,16,0,0,0,0,0,19,0,35,0,4,0,0,0,0,0,0,0,0,0,3,0,0,0,0,0,0,0,0,0,0,0,16,0,9,0,145,0,129,31,0,16,248,0,0,0,0,0,66,0,29,54,0,0,0,0,0,0,0,0,0,0,0,0,0,0,0,0,0,0,0,0,0,0,0,0,0,0,0,0,0,0,0,0,0,0,0,0,0,0,0,0,0,0,0,0,0,0,0,0,0,0,0,0,0,0,0,0,11,0,23,0,0,0,99,0,20,0,0,0,0,0,0,0,0,0,0,0,5,0,0,0,3,0,0,0,0,0,169,11,10,0,143,0,252,0,0,0,0,0,0,0,36,0,138,0,8,0,9,0,0,0,0,0,0,0,0,0,21,6,0,0,0,0,0,0,0,0,0,0,0,0,0,0,0,0,0,0,0,0,0,0,16,0,202,66,316,250,527,5,94,7,0,0,0,0,0,0,0
0,0,0,0,0,0,0,16,38,39,0,0,0,0,0,0,0,38,0,0,0,37,0,6,0,36,0,0,0,11,0,0,0,0,0,0,0,0,0,0,0,0,0,0,0,0,0,0,0,7,0,5,22,75,38,171,16,0,62,102,0,0,0,9,0,5,63,64,0,0,0,0,0,0,0,0,0,0,0,0,0,0,0,0,0,0,0,0,0,0,0,0,0,0,0,0,0,0,0,0,0,0,0,0,0,0,0,0,0,0,0,0,0,0,0,0,0,0,0,0,0,0,0,0,0,25,0,6,0,49,0,66,0,30,0,14,0,34,0,8,0,4,0,0,0,1,0,0,0,0,1,0,0,0,9,270,0,2,0,116,0,205,0,34,0,0,0,0,0,63,0,86,0,0,0,0,0,0,0,1,3,0,0,0,7,32,0,0,0,0,0,0,0,0,0,0,0,0,0,0,0,5,0,0,0,0,0,0,0,7,0,0,0,0,212,0,0,0,98,29,265,190,0,23,0
0,0,0,0,0,0,16,0,21,61,0,0,0,0,0,0,0,0,0,0,0,0,0,0,27,0,0,0,0,0,0,0,0,0,0,0,0,0,0,0,0,0,0,0,0,0,0,0,42,0,0,0,87,5,73,77,248,62,0,159,11,0,2,0,206,0,237,174,0,0,0,0,0,0,0,0,0,0,0,0,0,0,0,0,0,0,0,0,0,0,0,0,0,0,8,0,0,0,0,0,0,0,0,0,0,0,0,0,0,0,0,0,0,0,0,0,1,0,0,0,0,0,0,0,0,0,0,0,0,0,48,0,5,0,5,0,0,0,0,0,0,0,0,0,0,0,4,0,1,0,0,0,0,0,81,14,0,0,17,10,38,0,0,0,0,0,0,0,57,0,234,0,15,0,0,1,0,0,0,0,0,2,0,0,193,58,0,0,0,0,0,0,0,0,0,0,0,0,0,0,0,0,0,0,0,0,0,0,9,0,655,283,670,696,1477,27,204,0,9,0,0,0,0,0,0
0,0,0,0,0,13,0,27,0,46,0,1,0,0,0,0,0,8,0,0,0,0,0,0,0,0,0,0,0,1,0,0,0,0,0,0,0,6,0,0,0,0,0,0,0,0,0,0,0,12,0,6,50,14,42,68,0,102,159,0,0,0,0,0,36,99,156,387,0,0,0,0,0,0,0,0,0,3,0,0,0,0,0,0,0,0,0,1,0,0,0,0,0,0,0,0,0,0,0,0,0,0,0,2,0,0,0,0,0,0,0,0,0,0,0,0,0,0,0,0,0,0,0,0,0,7,0,4,0,3,0,33,0,3,0,0,0,5,0,0,0,0,0,0,0,2,0,0,0,8,0,0,0,0,42,60,0,6,15,20,15,92,0,46,0,11,0,0,0,86,0,116,0,0,2,20,0,0,0,0,22,0,0,0,17,198,0,0,0,0,0,0,0,0,0,0,0,0,0,0,0,0,0,0,0,0,0,0,0,0,4,5,0,0,1685,0,0,0,883,259,618,716,10,43,0
55,8,0,0,0,0,180,0,169,0,0,0,0,0,0,0,54,0,0,0,7,0,0,0,14,0,0,0,0,0,0,0,19,0,0,0,64,0,36,0,0,0,0,0,0,0,0,0,21,0,7,0,32,0,0,0,0,0,11,0,0,0,104,0,0,0,0,0,0,0,0,0,0,0,0,0,0,0,0,0,0,0,0,0,0,0,0,0,0,0,0,0,0,0,0,0,0,0,0,0,0,0,0,0,0,0,0,0,0,0,0,0,0,0,0,0,0,0,0,0,0,0,24,0,0,0,0,0,0,0,0,0,0,0,0,0,0,0,243,0,124,0,0,0,261,0,0,0,0,0,0,0,0,0,63,0,118,0,63,0,0,0,4,0,0,0,1,0,5,0,143,0,130,0,0,0,30,8,0,0,0,0,14,0,0,0,0,0,0,0,0,0,0,0,0,0,0,0,0,0,0,0,0,0,0,0,0,0,0,0,55,27,86,131,89,0,49,2,0,0,0,0,0,0,0
0,429,0,121,0,0,0,244,0,59,0,22,0,0,0,0,4,22,0,0,0,4,13,16,34,74,0,3,0,18,0,0,0,30,0,0,0,74,0,22,0,0,0,0,0,0,0,0,0,0,0,0,0,36,0,0,0,0,0,0,0,0,7,37,0,0,0,0,0,1,0,0,0,0,0,0,0,0,0,0,0,0,0,0,0,2,0,0,0,0,0,0,0,0,0,0,0,0,0,0,0,0,0,0,0,0,0,0,0,0,0,0,0,0,0,0,0,0,0,0,0,0,0,0,0,0,0,0,0,0,0,0,0,0,0,0,0,0,0,53,0,110,0,26,0,105,0,0,0,0,0,0,0,0,0,20,0,183,0,22,0,4,0,7,0,4,0,2,0,9,0,35,0,170,0,0,0,171,0,34,0,0,0,69,0,0,0,0,0,0,0,0,0,0,0,0,0,0,0,0,0,0,0,0,0,0,0,0,0,0,2,0,0,0,86,0,0,0,60,37,45,91,0,16,3
34,27,8,5,0,0,252,85,461,80,0,0,0,0,6,2,327,0,23,0,75,0,34,3,43,41,46,0,14,0,40,0,50,0,12,0,20,0,23,0,0,0,0,0,9,0,0,0,2,0,0,0,95,10,32,74,0,0,2,0,104,7,0,9,0,0,0,2,0,0,0,0,0,0,9,0,0,0,0,0,0,0,0,0,0,0,0,0,0,0,0,0,0,0,0,0,0,0,0,0,0,0,0,0,0,0,0,0,0,0,0,0,0,0,0,0,0,0,0,0,32,0,0,0,0,0,0,0,23,0,0,0,0,0,7,0,40,0,244,0,0,0,0,0,32,0,0,0,0,0,0,0,0,0,156,0,30,0,220,0,16,4,0,0,0,0,2,0,0,0,2,0,13,0,0,0,62,27,0,0,0,1,11,0,15,1,0,0,0,0,0,0,0,0,0,0,0,0,0,0,12,0,0,0,0,0,0,0,0,0,41,16,14,28,42,0,5,0,11,0,0,0,0,0,0
0,315,0,59,0,0,16,399,34,272,0,0,0,0,0,6,0,243,0,0,0,97,0,62,40,175,0,0,0,25,0,9,0,20,0,8,0,13,0,30,0,0,0,0,0,0,0,0,0,3,0,2,0,108,0,69,0,9,0,0,0,37,9,0,0,1,0,0,0,0,0,0,0,0,0,0,0,0,0,0,0,0,0,0,0,1,0,2,0,0,0,0,0,0,0,0,0,0,0,0,0,0,0,0,0,0,0,0,0,0,0,0,0,0,0,0,0,0,0,0,0,0,0,0,0,0,0,0,0,12,0,9,0,0,0,0,0,20,0,66,0,39,0,36,0,0,0,0,0,0,0,0,0,0,0,51,0,30,0,33,0,17,0,1,0,5,0,0,0,3,4,4,0,14,0,0,0,151,0,0,0,0,0,51,0,11,0,0,0,0,0,0,0,0,0,0,0,0,0,0,0,0,0,0,0,0,0,0,0,0,0,0,0,0,76,0,0,0,65,10,33,65,0,0,0
3,0,17,0,8,1,32,0,19,0,0,0,9,0,0,0,0,0,0,0,0,0,0,0,1,0,0,0,0,0,0,0,0,0,0,0,0,0,1,0,0,0,0,0,0,0,0,0,0,0,2,0,5,0,21,0,66,0,206,36,0,0,0,0,0,0,111,0,0,0,7,0,7,0,0,0,0,0,0,0,0,0,0,0,0,0,0,0,0,0,0,0,0,0,0,0,0,0,0,0,0,0,0,0,0,0,0,0,0,0,0,0,0,0,0,0,0,0,0,0,0,0,0,0,0,0,1,0,0,0,11,0,0,0,0,0,0,0,0,0,0,0,0,0,24,0,6,0,17,0,0,0,3,0,5,0,4,0,0,0,163,56,17,0,0,0,0,0,0,0,0,0,0,0,63,0,0,0,0,0,265,68,0,0,301,12,0,0,0,0,0,0,0,0,0,0,0,0,0,0,0,0,0,0,0,0,1,0,4,0,170,36,0,0,174,0,6,0,0,0,0,0,0,0,0
0,21,0,6,0,0,0,0,0,229,0,0,0,0,0,32,0,0,0,49,0,6,0,0,0,0,0,0,0,0,0,0,0,0,0,0,0,0,0,0,0,0,0,0,0,0,0,0,0,2,0,0,0,0,0,13,0,5,0,99,0,0,0,1,0,0,0,385,0,0,0,11,0,0,0,13,0,0,0,3,0,0,0,0,0,0,0,0,0,0,0,0,0,0,0,0,0,0,0,0,0,0,0,0,0,0,0,1,0,0,0,0,0,0,0,0,0,0,0,0,0,0,0,0,0,35,0,21,0,0,45,65,0,0,0,0,0,2,0,0,0,0,0,0,7,21,0,23,0,203,0,20,0,10,0,7,0,4,0,0,0,223,0,0,0,0,0,0,0,10,0,0,0,0,1,89,0,0,0,0,55,233,0,0,0,129,0,0,0,0,0,0,0,0,0,0,0,0,0,0,0,0,0,0,0,0,0,10,0,11,0,0,0,0,104,0,0,0,124,23,32,0,0,0,0
12,0,49,0,4,0,73,0,29,70,0,0,0,0,0,0,3,0,0,0,0,0,0,0,0,0,2,0,0,0,0,0,0,0,0,0,0,0,0,0,0,0,0,0,0,0,0,0,0,0,0,0,21,4,22,75,29,63,237,156,0,0,0,0,111,0,0,101,0,0,0,0,0,0,0,0,0,0,0,0,0,0,4,0,0,0,0,0,0,0,0,0,0,0,0,0,0,0,0,0,0,0,0,0,0,0,0,0,0,0,0,0,0,0,0,0,0,0,0,0,0,0,0,0,0,0,3,0,0,0,25,0,0,0,0,0,0,0,0,1,0,0,0,0,0,0,0,0,9,0,0,0,0,0,21,0,16,0,0,0,54,0,0,0,0,0,0,0,7,0,0,0,0,0,24,0,0,0,0,0,0,7,0,0,713,54,0,0,0,0,0,0,0,0,0,0,0,0,0,0,0,0,0,0,0,0,0,0,1,0,225,141,54,0,338,5,22,0,0,7,0,0,0,0,0
0,0,0,0,0,0,0,0,86,190,0,0,0,0,0,0,0,0,0,0,0,0,0,0,0,0,0,0,0,0,0,0,0,0,0,0,0,0,0,0,0,0,0,0,0,0,0,0,0,0,0,0,59,15,100,38,54,64,174,387,0,0,2,0,0,385,101,0,0,0,0,1,0,0,0,0,0,0,0,0,0,0,0,0,0,0,0,0,0,0,0,0,0,0,0,0,0,0,0,0,0,0,0,0,0,0,0,0,0,0,0,0,0,0,0,0,0,0,0,0,0,0,0,0,0,0,0,1,0,0,0,19,0,0,0,0,0,0,0,0,0,0,0,0,0,0,0,0,0,11,0,0,0,0,28,40,0,5,14,5,0,57,0,0,0,1,0,0,0,8,0,0,0,0,3,25,7,4,0,0,15,27,0,0,26,488,0,0,0,0,0,0,0,0,0,0,0,0,0,0,0,0,0,0,0,0,0,2,0,0,0,0,2,0,240,0,0,0,265,169,40,99,0,7,0
0,0,0,0,0,0,0,0,0,0,0,0,0,0,0,0,0,0,0,0,0,0,0,0,0,0,0,0,0,0,0,0,0,0,0,0,0,0,0,0,0,0,0,0,0,0,0,0,16,0,0,0,0,0,0,0,0,0,0,0,0,0,0,0,0,0,0,0,0,0,0,0,8,0,0,0,179,0,58,0,0,0,50,0,0,0,54,0,26,0,0,0,63,0,33,0,0,0,45,0,18,0,452,0,0,0,0,0,31,0,32,0,3,0,28,0,24,0,0,0,0,0,0,0,0,0,0,0,0,0,0,0,0,0,0,0,0,0,0,0,0,0,0,0,0,0,0,0,0,0,0,0,4,0,0,0,0,0,0,0,0,0,0,0,3,0,0,0,155,0,0,0,0,0,0,0,0,0,0,0,0,0,0,0,0,0,0,0,0,0,0,0,0,0,15,0,0,0,0,0,0,0,0,0,0,0,0,0,0,0,64,0,50,0,15,119,150,0,0,0,0,0,0,0,0
0,0,0,0,0,0,0,0,0,0,0,0,0,0,0,1,0,0,0,0,0,0,0,0,0,0,0,0,0,0,0,0,0,0,0,0,0,0,0,0,0,0,0,0,0,0,0,0,0,1,0,0,0,0,0,0,0,0,0,0,0,1,0,0,0,0,0,0,0,0,0,2,0,4,0,0,0,47,0,0,0,0,0,43,0,0,0,0,0,22,0,0,0,24,0,15,0,0,0,0,0,4,0,161,0,7,0,0,0,108,0,0,0,0,0,2,0,14,0,0,0,0,0,0,0,0,0,0,0,0,0,0,0,0,0,0,0,0,0,0,0,1,0,0,0,0,0,0,0,0,0,0,0,0,0,0,0,0,0,0,0,0,0,0,0,2,0,0,0,34,0,0,0,2,0,0,0,0,0,0,0,0,0,0,0,0,0,0,0,0,0,0,0,0,0,13,0,0,0,0,0,5,0,0,0,0,0,0,0,0,0,0,0,0,6,0,0,0,37,0,37,0,36,42,0
0,0,1,0,0,0,0,0,0,0,0,0,2,0,3,0,21,0,0,0,16,0,0,0,0,0,36,0,4,0,0,0,6,0,0,0,31,0,0,0,0,0,18,0,3,0,0,0,0,0,26,0,0,0,1,0,0,0,0,0,0,0,0,0,7,0,0,0,0,0,0,0,256,0,209,0,11,0,164,0,17,0,0,0,46,0,31,0,0,0,0,0,0,0,0,0,2,0,0,0,0,0,0,0,0,0,0,0,0,0,0,0,0,0,0,0,0,0,0,0,18,0,25,0,12,0,13,0,0,0,25,0,0,0,0,0,5,0,21,2,97,0,78,0,94,3,27,0,45,0,0,0,22,1,0,0,0,0,4,0,14,0,59,0,0,0,13,0,29,0,43,0,52,0,25,0,1,0,0,0,41,9,0,0,7,0,0,0,0,0,0,0,0,0,0,0,0,0,0,0,16,0,0,0,2,0,0,0,0,0,16,0,80,0,20,0,0,2,0,0,0,0,0,0,0
0,3,0,2,0,0,0,0,0,0,0,0,1,0,0,0,0,0,0,0,0,14,0,0,0,0,0,0,0,0,0,0,0,0,0,0,0,0,0,0,0,0,0,1,0,0,0,0,0,4,0,0,0,0,0,0,0,0,0,0,0,0,0,0,0,11,0,1,0,2,0,0,0,159,0,335,0,22,0,23,0,0,0,0,0,9,0,69,0,0,0,0,0,0,0,0,0,0,0,0,0,0,0,0,0,0,0,0,0,0,0,0,0,0,0,0,0,0,0,0,0,14,0,25,0,43,0,44,0,0,0,0,0,31,0,27,17,11,0,12,0,47,0,0,0,238,22,42,0,28,0,0,0,48,0,0,0,4,0,2,0,4,0,28,0,2,0,3,0,11,0,17,0,20,0,32,0,8,0,5,13,64,0,0,0,23,0,0,0,0,0,0,0,0,0,0,0,0,0,16,0,0,0,0,0,0,0,0,0,0,0,0,0,0,3,0,0,0,81,3,19,6,0,0,0
1,0,0,0,0,0,0,0,0,0,0,0,0,0,0,0,0,0,0,0,0,0,0,0,0,0,0,0,0,0,0,0,0,0,0,0,5,0,0,0,0,0,0,0,0,0,0,0,2,0,0,0,0,0,0,0,0,0,0,0,0,0,0,0,7,0,0,0,8,0,256,0,0,0,75,0,34,0,229,0,8,0,22,0,58,0,26,0,0,0,2,0,1,0,5,0,11,0,11,0,0,0,2,0,0,0,0,0,1,0,0,0,0,0,0,0,0,0,0,0,33,0,15,0,53,0,31,0,7,0,10,0,31,0,0,0,8,0,14,0,67,0,38,0,86,0,39,0,6,0,15,0,21,0,0,0,0,0,0,0,0,3,57,0,0,0,0,0,11,0,9,0,0,0,4,0,0,0,0,0,13,0,0,0,8,0,0,0,0,0,0,0,0,0,2,0,0,0,0,0,30,0,0,0,12,1,0,0,29,0,78,7,0,9,0,0,0,0,0,0,0,0,0,0,0
0,0,0,0,0,0,0,1,0,0,0,0,0,0,0,0,0,0,0,0,0,0,0,0,0,0,0,0,0,0,0,0,0,0,0,0,0,0,0,0,0,0,0,0,0,0,0,0,0,0,0,0,0,0,0,2,0,0,0,0,0,0,0,0,0,0,0,0,0,4,0,159,0,0,0,201,0,101,0,27,0,12,0,19,0,15,0,110,0,0,0,0,0,5,0,0,0,0,0,0,0,2,0,0,0,0,0,0,0,0,0,0,0,0,0,0,0,0,0,0,0,6,0,6,0,47,0,0,0,3,0,0,0,15,0,106,0,13,0,5,0,16,0,28,0,91,0,40,0,0,0,0,0,36,0,0,0,0,0,1,0,0,0,14,0,9,0,0,0,16,0,3,0,4,0,16,0,4,0,0,0,0,0,0,0,0,0,0,0,274,0,0,0,126,0,0,0,84,0,0,0,85,0,0,0,101,0,115,0,59,0,0,0,0,35,0,0,0,236,5,15,0,2,3,3
0,0,0,0,0,0,0,0,0,0,1,0,0,0,0,0,0,0,0,0,22,0,0,0,0,0,23,0,0,0,0,0,0,0,0,0,11,0,0,0,0,0,0,0,0,0,0,0,0,0,0,0,0,0,0,0,0,0,0,0,0,0,9,0,0,0,0,0,0,0,209,0,75,0,0,0,0,0,111,0,8,0,0,0,69,0,36,0,0,0,0,0,0,0,7,0,8,0,0,0,0,0,0,0,0,0,0,0,0,0,0,0,0,0,0,0,0,0,0,0,31,0,24,0,0,0,0,0,0,1,8,6,0,0,0,0,0,0,0,0,85,0,60,0,49,0,16,0,27,0,0,0,22,0,0,0,0,0,0,0,0,3,8,0,0,0,4,0,11,0,9,0,25,0,16,0,0,0,0,0,25,4,0,0,1,0,0,0,0,0,0,0,0,0,0,0,0,0,12,0,19,0,0,0,1,0,0,0,0,0,20,0,0,0,0,1,0,0,0,0,0,0,0,0,0
0,0,0,0,0,13,0,0,0,0,0,0,0,0,1,0,0,0,0,0,0,20,0,0,0,0,0,0,0,0,0,0,0,0,0,0,0,9,0,0,0,4,0,0,0,0,0,0,0,0,0,0,0,0,0,0,0,0,0,0,0,0,0,0,0,13,0,0,0,0,0,335,0,201,0,0,0,11,0,105,0,5,0,3,0,12,0,96,0,0,0,0,0,0,0,1,1,0,0,3,0,0,0,0,0,0,0,0,0,0,0,0,0,0,0,0,0,0,0,0,0,138,0,62,0,0,0,0,0,0,0,0,0,10,0,43,0,14,0,14,0,86,0,60,0,265,0,0,0,24,0,58,3,0,0,0,0,1,0,0,0,0,0,32,0,0,0,0,0,20,0,10,0,18,0,15,0,0,0,3,0,53,0,1,0,0,0,0,0,0,0,0,0,0,0,0,0,0,0,28,0,38,0,0,0,0,0,0,0,45,0,0,0,0,8,0,0,0,93,6,16,6,0,0,0
0,0,0,0,0,0,0,0,0,0,0,0,0,0,0,0,0,0,0,0,0,0,0,0,0,0,0,0,0,0,0,0,0,0,0,0,0,0,0,0,0,0,0,0,0,0,0,0,7,0,0,0,0,0,0,0,0,0,0,0,0,0,0,0,0,0,0,0,179,0,11,0,34,0,0,0,0,0,52,0,8,0,43,0,50,0,45,0,0,0,0,0,30,0,18,0,44,0,0,0,2,0,121,0,75,0,45,0,34,0,5,0,0,0,11,0,17,0,0,0,22,0,0,0,0,0,0,0,0,0,0,0,0,0,0,0,0,0,0,0,0,0,0,0,0,0,0,0,0,0,3,0,0,0,5,0,3,0,0,0,12,0,3,0,2,0,0,0,24,0,0,0,0,0,0,0,0,0,0,0,0,0,0,0,0,0,0,0,78,0,0,0,43,0,39,0,5,0,0,0,44,0,0,0,0,0,0,0,0,0,72,2,23,3,13,22,11,0,0,0,0,0,0,0,0
0,0,0,0,0,0,0,0,0,0,0,0,0,0,0,0,0,0,0,0,0,0,0,0,0,0,0,0,0,0,0,0,0,0,0,0,0,0,0,0,0,0,0,0,0,1,0,0,0,0,0,0,0,0,0,0,0,0,0,3,0,0,0,0,0,0,0,0,0,47,0,22,0,101,0,11,0,0,0,5,0,6,0,89,0,0,0,129,0,17,1,0,0,41,0,39,0,0,0,6,0,17,0,119,0,0,0,24,0,3,0,0,0,0,0,0,0,76,0,1,0,0,0,0,0,4,0,0,0,0,0,0,0,0,2,0,0,0,0,0,0,0,0,0,0,2,0,6,0,0,0,0,0,0,0,0,0,0,0,0,0,0,0,0,0,10,0,0,0,73,0,0,0,0,0,0,0,0,0,0,0,0,0,0,0,0,0,0,0,99,0,0,0,16,0,162,0,29,0,0,0,72,0,46,0,0,0,15,0,0,0,0,0,0,6,0,0,0,82,0,51,4,7,7,0
0,0,0,0,0,0,0,0,0,0,0,0,0,0,0,0,0,0,0,0,0,0,0,0,3,0,0,0,0,0,0,0,0,0,0,0,0,0,0,0,0,0,0,0,0,0,0,0,0,0,0,0,0,0,0,0,0,0,0,0,0,0,0,0,0,0,0,0,58,0,164,0,229,0,111,0,52,0,0,0,17,0,50,0,51,0,91,0,0,0,0,0,20,0,6,0,0,0,10,0,0,0,34,0,12,0,0,0,6,0,2,0,0,0,0,0,0,0,0,0,44,0,0,0,0,0,0,0,0,0,0,0,0,0,0,0,0,0,0,0,0,0,0,0,0,0,0,0,0,0,0,0,0,0,1,0,0,0,0,0,0,0,0,0,2,0,5,0,26,0,0,0,0,0,0,0,0,0,0,0,0,0,0,0,0,0,0,0,0,0,0,0,0,0,6,0,0,0,0,0,0,0,0,0,0,0,0,0,0,0,173,0,10,0,0,18,6,0,0,0,0,0,0,0,0
0,0,0,0,0,0,0,0,0,0,0,0,0,0,0,0,0,0,0,0,0,0,0,0,0,0,0,0,0,0,0,0,0,0,0,0,0,0,0,0,0,0,0,0,0,0,0,0,0,1,0,0,0,0,0,0,0,0,0,0,0,0,0,0,0,3,0,0,0,0,0,23,0,27,0,105,0,5,0,0,0,0,0,0,0,4,0,26,0,0,0,0,0,0,0,0,0,3,0,0,0,0,0,0,0,1,0,0,0,0,0,0,0,0,0,0,0,0,0,0,0,11,0,20,0,0,0,0,0,0,0,0,0,0,0,11,0,0,0,0,0,33,0,7,0,48,0,0,0,0,0,0,0,0,0,0,0,0,0,0,0,0,0,0,0,0,0,0,0,0,0,0,0,0,0,0,0,0,0,0,0,0,0,0,0,2,0,0,0,0,0,0,0,0,0,0,0,0,0,0,0,0,0,0,0,0,0,0,0,0,0,0,0,0,0,0,0,0,22,0,0,0,0,0,0
