0,0,189,0,254,0,84,41,63,0,244,0,123,0,49,0,66,23,34,0,0,0,71,83,22,133,23,0,53,0,3,0,0,0,0,0,0,0,354,0,25,0,0,0,26,0,57,0,16,0,0,0,0,0,5,0,0,0,0,0,270,0,266,5,9,0,10,0,0,0,0,0,0,0,0,0,0,0,0,0,0,0,0,0,0,0,0,0,0,0,0,0,0,0,0,0,0,0,0,0,0,0,0,0,0,0,0,0,0,0,0,0,0,0,0,0,0,0,0,0,0,0,0,0,0,0,0,0,0,0,0,0,0,0,7,0,4,0,0,0,0,0,0,0,0,0,0,0,12,0,27,0,0,0,0,0,0,0,0,0,0,0,0,0,30,0,0,0,76,0,22,0,460,0,0,0,353,115,28,0,18,0,32,0,36,0,7,0,0,0,0,0,0,0,0,0,0,0,0,0,0,0,0,0,0,0,0,0,3,0,583,108,618,183,342,0,0,0,2,0,0,0,0,0,0
0,0,0,98,0,357,0,78,6,139,0,328,0,275,0,135,0,36,0,151,0,35,133,46,57,27,0,146,0,0,0,21,0,149,0,0,0,94,0,382,0,17,0,0,0,104,0,99,0,7,0,0,0,20,0,9,0,6,0,0,0,222,2,85,0,25,0,11,0,0,0,0,0,3,0,0,0,0,0,0,0,12,0,0,0,0,0,5,0,0,0,0,0,0,0,3,0,0,0,0,0,0,0,0,0,0,0,0,0,0,0,0,0,0,0,0,0,0,0,0,0,0,0,0,0,18,0,23,0,0,0,17,0,0,0,19,0,40,0,4,0,0,0,0,0,0,0,14,0,35,0,27,0,49,0,8,0,0,0,0,0,0,0,0,1,31,0,69,0,65,0,41,7,208,0,0,42,527,0,9,0,0,4,30,0,79,0,0,0,0,0,2,0,0,0,0,0,2,0,0,0,0,0,0,0,0,0,0,0,71,0,0,0,0,311,0,0,0,607,141,625,149,0,0,0
189,0,0,0,144,0,122,0,98,0,24,0,24,0,83,46,64,26,36,0,11,0,542,120,161,82,19,0,221,0,0,0,64,0,0,0,20,0,509,0,12,0,0,0,0,0,23,0,11,0,0,0,8,0,62,0,7,0,0,0,124,0,326,0,22,0,8,0,0,0,0,0,0,1,0,0,0,0,0,0,0,0,0,0,0,0,0,1,0,0,0,0,0,0,0,0,0,0,0,0,0,0,0,0,0,0,0,0,0,0,0,0,0,0,0,0,0,0,0,0,0,0,0,0,57,0,34,0,29,0,77,0,17,0,191,0,194,0,0,0,0,0,128,0,0,0,91,0,55,0,51,0,63,0,0,0,0,0,0,0,22,0,0,0,0,0,32,0,52,0,0,0,240,0,0,0,98,72,0,0,0,0,0,0,57,0,0,0,0,0,0,0,0,0,0,0,0,0,0,0,0,0,0,0,0,0,0,0,77,0,289,31,278,0,183,0,0,0,0,0,0,0,0,0,0
0,98,0,0,0,91,0,244,0,33,0,8,0,8,20,317,13,31,0,122,0,159,68,269,10,70,0,23,0,170,0,32,0,310,0,0,0,83,0,439,0,0,0,0,0,37,0,0,0,19,0,0,0,0,0,154,0,48,0,0,0,28,0,23,0,0,0,0,0,0,0,0,0,0,0,0,0,0,0,0,0,0,0,0,0,23,0,0,0,0,0,0,0,0,0,0,0,0,0,0,0,11,0,0,0,0,0,0,0,0,0,0,0,0,0,0,0,0,0,0,0,0,0,0,0,0,0,0,0,3,0,0,0,0,0,36,0,120,0,19,0,9,0,0,0,0,0,0,0,13,0,0,0,0,0,6,0,0,0,0,0,13,0,5,0,0,0,251,0,23,0,0,5,123,0,0,0,142,0,2,0,0,0,1,0,7,0,0,0,0,0,0,0,0,0,0,0,0,0,0,0,11,0,0,0,0,0,0,0,39,0,0,0,0,59,0,0,0,92,35,343,0,0,0,0
254,0,144,0,0,234,16,0,62,0,101,102,285,106,236,228,22,4,164,205,47,27,70,91,5,0,137,40,146,0,122,0,282,0,91,7,353,0,253,0,118,0,0,0,26,0,67,0,17,0,27,0,0,0,0,0,0,0,0,0,0,0,0,0,0,0,0,0,0,0,0,0,0,0,0,0,0,0,0,0,0,0,0,0,0,0,0,0,0,0,0,0,0,0,0,0,0,0,0,0,0,0,0,0,0,0,0,0,0,0,0,0,0,0,0,0,0,0,0,0,0,0,0,0,0,0,0,0,0,0,0,0,0,0,0,0,0,0,0,0,0,0,0,0,0,0,0,0,0,0,0,0,90,0,0,0,0,0,0,0,0,0,0,0,28,0,177,0,0,0,0,0,215,0,0,0,243,154,116,0,61,0,42,0,82,0,6,0,0,0,0,0,0,0,0,0,0,0,0,0,0,0,0,0,0,0,0,0,13,0,398,110,612,289,319,0,0,1,0,0,0,0,0,0,0
0,357,0,91,234,0,0,59,0,53,31,268,193,193,287,239,4,0,154,143,152,170,13,79,0,0,0,209,0,0,20,99,0,392,0,146,0,169,0,42,0,15,0,42,0,67,0,125,0,0,0,39,0,0,0,0,0,0,0,0,0,0,1,0,0,0,0,0,0,0,0,0,0,0,0,0,0,0,0,0,0,0,0,0,0,0,0,0,0,0,0,0,0,0,0,0,0,0,0,0,0,26,0,0,0,0,0,0,0,0,0,0,0,0,0,0,0,0,0,0,0,0,0,0,0,0,0,0,0,0,0,0,0,0,0,0,0,49,0,0,0,0,0,0,0,0,0,0,0,20,0,42,0,61,0,0,0,0,0,0,0,0,0,0,0,0,0,269,0,0,0,0,0,109,0,0,84,460,21,19,0,19,0,18,0,31,0,2,0,0,0,0,0,0,0,0,0,0,0,0,0,0,0,0,0,0,0,0,0,0,0,1,0,0,172,0,0,0,319,334,790,0,0,0,0
84,0,122,0,16,0,0,0,132,0,12,0,11,0,11,0,21,12,0,0,0,0,25,3,283,94,7,0,0,0,0,0,0,0,0,0,0,0,0,0,0,0,0,0,0,0,4,0,64,0,0,0,97,9,187,40,29,0,24,0,258,0,620,18,16,0,33,0,1,0,0,0,0,0,0,0,0,0,0,0,0,0,0,0,0,0,0,0,0,0,0,0,0,0,0,0,0,0,0,0,0,0,0,0,0,0,0,0,0,0,0,0,0,0,0,0,0,0,0,0,0,0,0,0,57,0,64,0,8,0,125,0,19,0,31,0,26,0,0,0,0,0,0,0,0,0,37,0,26,0,0,0,0,0,0,0,0,0,0,0,67,0,5,0,10,0,0,0,34,0,91,0,293,0,0,0,76,56,0,0,0,0,0,0,2,0,0,0,0,0,0,0,0,0,0,0,0,0,0,0,0,0,0,0,0,0,0,0,41,0,506,56,546,0,374,5,67,0,0,0,0,0,0,0,0
41,78,0,244,0,59,0,0,47,90,0,17,0,0,0,39,0,105,0,27,0,20,0,20,69,190,0,0,0,134,0,0,0,26,0,0,0,26,0,390,0,0,0,0,0,11,0,0,0,0,0,0,1,87,14,385,0,105,0,0,0,361,10,326,0,7,0,26,0,0,0,0,0,0,0,0,0,0,0,0,0,17,0,0,0,0,0,9,0,0,0,0,0,0,0,0,0,0,0,0,0,0,0,0,0,0,0,0,0,0,0,0,0,0,0,0,0,0,0,0,0,0,0,0,0,26,0,38,0,6,0,31,0,0,0,43,0,137,0,24,0,18,0,0,0,0,0,0,0,0,0,8,0,0,0,8,0,0,0,0,0,17,0,0,0,0,0,0,0,68,0,65,0,233,0,0,40,235,0,0,2,0,3,8,0,0,0,0,0,0,0,0,0,0,0,0,0,0,0,0,0,0,0,0,0,0,0,0,0,75,0,0,0,0,346,0,0,0,450,33,551,193,1,0,1
63,6,98,0,62,0,132,47,0,144,58,0,18,0,29,0,13,5,0,0,0,0,0,0,40,107,14,0,7,0,0,0,0,0,3,0,0,0,14,0,6,0,0,0,0,0,34,0,85,0,0,0,267,64,71,217,11,48,81,82,215,0,290,25,102,0,221,51,0,0,0,0,0,0,0,0,1,0,0,0,0,0,3,0,0,0,0,0,0,0,0,0,0,0,0,0,0,0,0,0,0,0,0,0,0,0,0,0,0,0,0,0,0,0,0,0,0,0,0,0,0,0,0,0,33,0,32,0,0,0,67,0,6,0,16,0,2,0,0,0,0,0,0,0,0,0,98,0,70,0,14,0,20,0,16,0,59,0,0,0,21,0,0,0,0,0,0,0,44,0,129,0,146,0,0,0,411,81,12,0,2,0,52,0,79,15,0,0,0,0,0,0,0,0,0,0,0,0,5,0,0,0,0,0,0,0,0,0,25,0,1104,144,409,419,580,15,0,0,0,0,0,0,0,0,0
0,139,0,33,0,53,0,90,144,0,0,52,0,38,0,29,0,21,0,30,0,0,1,5,60,39,0,29,0,0,0,0,0,0,0,0,0,0,0,0,0,0,0,0,0,17,0,0,0,0,0,0,40,348,132,192,18,14,19,84,0,341,25,572,0,164,0,146,0,4,0,0,0,0,0,0,0,0,0,0,0,0,0,0,0,0,0,0,0,0,0,0,0,0,0,0,0,0,0,0,0,0,0,0,0,1,0,0,0,0,0,0,0,0,0,0,0,0,0,0,0,0,0,0,0,64,0,67,0,0,0,56,0,0,0,42,0,76,0,0,0,0,0,2,0,0,0,34,0,90,0,0,0,20,1,28,0,37,0,0,0,19,0,0,0,0,0,17,0,0,0,146,0,131,0,1,53,405,0,0,0,0,0,14,0,136,0,1,0,0,0,0,0,0,0,0,0,0,0,10,0,0,0,0,0,0,0,0,0,184,2,0,0,0,633,0,0,0,1175,121,563,410,0,87,0
244,0,24,0,101,31,12,0,58,0,0,0,193,0,11,81,34,0,12,28,37,6,43,66,0,0,33,0,22,0,9,0,113,0,0,0,51,2,187,0,54,0,0,0,19,0,71,0,0,0,0,0,0,0,0,0,0,0,0,0,0,0,0,0,9,0,0,0,0,1,0,0,0,0,0,0,0,0,0,0,1,0,0,0,0,0,0,0,0,0,0,0,0,0,0,0,0,0,0,0,0,0,0,0,0,0,0,0,0,0,0,0,0,0,0,0,0,0,0,0,0,0,0,0,0,0,0,0,0,0,0,0,0,0,0,0,0,0,0,0,0,0,0,0,0,0,0,0,0,0,0,0,96,0,0,0,0,0,0,0,0,0,0,1,4,0,26,0,0,0,0,0,57,0,27,0,152,50,57,0,61,0,90,0,46,0,23,0,0,0,0,0,0,0,0,0,0,0,0,0,0,0,0,0,0,0,0,0,0,0,199,49,197,108,137,0,0,0,0,0,0,0,0,0,0
0,328,0,8,102,268,0,17,0,52,0,0,48,369,146,52,1,0,49,72,46,56,13,68,0,0,0,217,0,0,0,28,0,203,0,33,0,105,0,39,0,73,1,32,0,81,0,145,2,17,0,18,0,4,0,0,0,0,0,0,0,0,1,0,0,5,0,0,0,0,0,0,0,0,0,0,0,0,0,0,0,0,0,0,0,0,0,0,0,0,0,0,0,0,0,0,0,0,0,0,0,0,0,0,0,0,0,0,0,0,0,0,0,0,0,0,0,0,0,0,0,0,0,0,0,0,0,0,0,0,0,0,0,0,0,0,0,14,0,0,0,0,0,0,0,0,0,0,0,11,0,88,0,124,0,0,0,0,0,0,0,0,0,0,0,6,2,54,0,19,0,8,0,0,0,61,25,323,0,40,0,41,0,69,0,86,0,19,0,0,0,0,0,0,0,0,0,0,0,0,0,0,0,0,0,0,0,0,0,0,0,0,0,0,80,0,0,0,138,131,175,0,0,0,0
123,0,24,0,285,193,11,0,18,0,193,48,0,566,50,33,0,0,17,347,44,33,0,0,0,0,84,408,0,0,30,0,14,0,217,0,180,0,0,0,202,22,147,32,80,59,153,119,48,10,243,0,0,0,0,0,0,0,0,0,0,0,0,0,0,0,0,0,0,0,0,0,0,0,0,0,0,0,0,0,0,0,0,0,0,0,0,0,0,0,0,0,0,0,0,0,0,0,0,0,0,0,0,0,0,0,0,0,0,0,0,0,0,0,0,0,0,0,0,0,0,0,0,0,0,0,0,0,0,0,1,0,0,0,0,0,0,0,0,0,0,0,0,0,0,0,0,0,0,0,0,0,18,0,0,0,0,0,0,0,0,0,0,0,96,0,15,0,0,0,0,0,0,0,0,0,287,189,180,0,29,0,31,0,20,0,106,0,0,0,0,0,0,0,0,0,0,0,0,0,0,0,0,0,0,0,0,0,0,0,0,84,235,67,32,0,0,0,0,0,0,0,0,0,0
0,275,0,8,106,193,0,0,0,38,0,369,566,0,57,6,0,0,482,68,145,18,0,0,0,0,327,99,0,0,10,6,0,8,85,20,0,30,0,0,190,115,42,89,40,131,52,167,3,114,121,70,0,0,0,0,0,0,0,0,0,0,0,0,0,0,0,0,0,0,0,0,0,0,0,0,0,0,0,0,0,0,0,0,0,0,0,0,0,0,0,0,0,9,0,0,0,0,0,0,0,0,0,0,0,0,0,0,0,0,0,0,0,0,0,0,0,0,0,0,0,0,0,0,0,0,0,0,0,0,0,0,0,0,0,0,0,0,0,0,0,0,0,0,0,0,0,0,0,0,0,0,0,0,0,0,0,0,0,0,0,0,0,0,0,0,0,0,0,53,0,0,0,0,0,0,22,392,0,32,0,7,0,12,0,9,56,51,0,0,0,0,0,0,0,0,0,0,0,0,0,0,0,0,0,0,0,0,0,0,0,0,0,0,0,0,0,0,0,113,212,0,0,0,0
49,0,83,20,236,287,11,0,29,0,11,146,50,57,0,253,42,0,159,194,95,30,212,130,23,0,106,22,35,0,191,0,227,0,85,0,85,0,35,0,17,0,9,6,102,0,59,0,11,0,8,0,0,0,67,0,7,0,0,0,0,0,49,0,12,0,0,0,0,0,0,0,0,0,0,0,0,0,0,0,12,0,0,0,102,0,0,0,0,0,0,0,0,0,0,0,84,0,0,0,0,0,0,0,0,0,0,0,0,0,0,0,0,0,0,0,0,0,0,0,8,0,0,0,0,0,0,0,0,0,0,0,0,0,167,0,302,0,14,0,0,0,276,0,0,0,0,0,0,0,0,0,0,0,0,0,0,0,0,0,0,0,0,0,0,0,99,0,95,0,0,0,47,0,0,0,67,106,0,0,16,0,0,0,42,0,0,0,0,0,0,0,0,0,0,0,0,0,0,0,161,0,0,0,0,0,0,0,0,1,106,54,183,76,71,0,0,0,3,0,0,0,0,0,0
0,135,46,317,228,239,0,39,0,29,81,52,33,6,253,0,0,26,12,176,143,89,77,127,0,45,0,61,0,15,12,43,17,137,0,50,0,40,0,12,2,0,0,6,0,22,0,9,0,0,0,11,0,0,0,137,0,58,0,0,0,0,0,24,11,12,0,0,0,0,0,7,0,0,0,21,0,0,0,0,0,0,0,0,0,0,0,37,0,0,0,108,0,0,0,0,0,0,0,0,0,0,0,0,0,0,0,0,0,0,0,0,0,0,0,0,0,0,0,0,0,0,0,0,0,0,0,0,0,5,0,0,0,0,0,64,0,123,0,38,0,0,0,165,0,0,0,0,0,25,0,0,0,0,2,5,0,0,0,0,0,0,0,0,0,0,0,76,0,0,0,0,0,34,0,0,28,140,0,2,0,0,0,0,0,51,0,0,0,0,0,0,0,0,0,0,0,0,0,0,0,0,0,0,0,0,0,0,0,36,0,0,0,0,41,0,0,0,93,121,103,39,0,0,0
66,0,64,13,22,4,21,0,13,0,34,1,0,0,42,0,0,12,12,0,162,0,93,30,192,47,0,0,106,0,25,0,66,0,6,0,12,0,167,0,0,0,10,0,49,0,0,0,0,0,14,0,148,0,16,0,0,0,7,0,30,0,576,3,3,0,0,1,0,0,46,0,41,0,32,0,0,0,0,0,70,0,0,0,358,0,57,0,0,0,59,0,0,0,0,0,355,0,165,0,0,0,0,0,0,0,0,0,0,0,0,0,0,0,0,0,0,0,0,0,20,0,48,0,0,0,0,0,63,0,0,0,0,0,57,0,219,0,113,0,66,0,485,0,17,0,0,0,0,0,0,0,0,0,4,0,0,0,7,0,0,0,11,0,0,0,16,0,52,0,0,0,77,0,0,0,41,19,10,0,0,0,77,0,0,0,0,0,0,0,0,0,0,0,0,0,0,0,0,0,138,0,0,0,0,0,0,0,11,0,42,25,56,0,22,0,0,0,0,0,0,0,0,0,0
23,36,26,31,4,0,12,105,5,21,0,0,0,0,0,26,12,0,0,13,0,123,41,147,16,93,0,0,0,118,0,34,0,58,0,13,0,6,0,162,0,0,0,0,0,0,0,0,0,0,0,0,0,12,3,14,0,13,0,5,0,51,0,181,2,2,0,0,0,0,0,17,0,0,0,58,0,0,0,0,0,215,0,0,0,125,0,52,0,3,0,95,0,0,0,11,0,17,0,170,0,53,0,0,0,0,0,0,0,0,0,0,0,0,0,0,0,0,0,0,0,92,0,47,0,0,0,0,0,0,0,0,0,0,0,0,0,0,0,210,0,308,0,489,0,44,0,0,0,2,0,0,0,0,0,16,0,0,0,0,0,8,0,0,0,0,0,0,0,0,0,0,2,17,0,0,12,35,0,0,0,0,0,0,1,0,0,0,0,0,0,0,0,0,0,0,0,0,0,0,0,0,0,0,0,0,0,0,0,0,0,0,0,0,10,0,0,0,15,3,39,0,0,0,0
34,0,36,0,164,154,0,0,0,0,12,49,17,482,159,12,12,0,0,210,122,18,111,0,2,0,23,232,0,0,16,0,14,3,182,0,186,0,0,0,36,0,22,19,21,16,17,43,5,0,144,10,5,0,4,0,0,0,0,0,0,0,17,0,4,0,0,0,0,0,0,0,0,0,0,0,0,0,0,0,0,0,0,0,0,0,0,0,0,0,0,0,0,0,0,0,0,0,0,0,0,0,0,0,0,0,0,0,0,0,0,0,0,0,0,0,0,0,0,0,0,0,0,0,0,0,0,0,0,0,0,0,0,0,0,0,0,0,0,0,0,0,0,0,0,0,0,0,0,0,0,0,0,0,0,0,0,0,0,0,0,0,2,0,59,0,48,0,108,0,2,0,25,0,7,0,29,65,2,0,0,0,0,0,32,0,1,0,0,0,0,0,0,0,0,0,0,0,0,0,0,0,0,0,0,0,0,0,0,0,75,79,281,81,43,0,0,0,0,0,0,0,0,0,0
0,151,0,122,205,143,0,27,0,30,28,72,347,68,194,176,0,13,210,0,101,200,0,48,0,2,59,352,0,5,15,73,0,77,26,104,10,159,0,0,0,0,0,36,0,114,0,48,0,0,20,49,0,2,0,0,0,0,0,0,0,8,0,10,0,0,0,0,0,0,0,0,0,0,0,0,0,0,0,0,0,0,0,0,0,0,0,0,0,0,0,0,0,0,0,0,0,0,0,0,0,0,0,0,0,0,0,0,0,0,0,0,0,0,0,0,0,0,0,0,0,0,0,0,0,0,0,0,0,0,0,0,0,0,0,0,0,50,0,0,0,0,0,0,0,0,0,0,0,29,0,0,0,0,0,1,0,0,0,0,0,0,0,0,0,21,5,129,0,65,0,13,0,37,0,0,32,66,15,4,0,0,0,0,0,34,6,0,0,0,0,0,0,0,0,0,0,0,0,0,1,0,0,0,0,0,0,0,0,0,0,0,0,0,44,0,0,0,74,145,236,0,0,0,0
0,0,11,0,47,152,0,0,0,0,37,46,44,145,95,143,162,0,122,101,0,7,135,14,58,0,69,0,50,0,62,0,186,5,63,0,58,2,20,0,0,0,34,17,58,0,7,0,0,0,61,3,30,0,11,0,0,0,0,0,0,0,89,0,7,0,0,0,0,0,77,0,0,0,48,0,0,0,0,0,0,0,0,0,323,0,84,0,0,0,114,0,0,0,0,0,376,0,234,0,0,0,0,0,0,0,0,0,0,0,0,0,0,0,0,0,0,0,0,0,31,0,0,0,0,0,0,0,0,0,0,0,0,0,0,0,91,0,0,0,0,0,281,0,105,0,1,0,0,0,0,0,0,0,0,0,0,0,0,0,0,0,30,0,37,0,124,0,133,0,0,0,43,0,0,0,18,35,10,0,0,0,0,0,6,0,0,0,0,0,0,0,0,0,0,0,0,0,0,0,0,0,0,0,0,0,0,0,0,0,104,58,186,83,63,0,0,0,0,0,0,0,0,0,0
0,35,0,159,27,170,0,20,0,0,6,56,33,18,30,89,0,123,18,200,7,0,0,162,0,27,1,126,0,37,0,32,0,70,2,55,0,45,0,35,0,0,0,124,0,219,0,0,0,13,0,96,0,0,0,9,0,0,0,16,0,19,0,100,0,2,0,0,0,0,0,24,0,0,0,104,0,0,0,0,0,285,0,0,0,0,0,101,0,0,0,0,0,0,0,0,0,0,0,207,0,77,0,0,0,0,0,0,0,0,0,0,0,0,0,0,0,0,0,0,0,110,0,86,0,0,0,0,0,0,0,0,0,0,0,0,0,0,0,72,0,237,0,235,0,189,0,0,0,0,0,0,0,0,0,0,0,21,0,0,0,0,0,0,0,20,0,64,0,0,0,24,0,20,0,0,3,12,0,2,0,0,0,1,0,8,0,0,0,0,0,0,0,0,0,0,0,0,0,0,0,0,0,0,0,0,0,0,0,0,0,0,2,0,87,0,0,0,146,238,220,45,0,0,0
71,133,542,68,70,13,25,0,0,1,43,13,0,0,212,77,93,41,111,0,135,0,0,375,137,125,24,0,35,0,15,0,13,0,9,0,0,0,57,15,5,0,0,0,157,0,101,0,20,1,14,0,40,0,84,0,0,0,0,0,0,0,114,0,7,0,0,0,0,0,7,0,0,0,0,0,0,0,0,0,0,0,0,0,116,0,0,0,0,0,0,0,0,0,0,0,91,0,0,0,0,0,0,0,0,0,0,0,0,0,0,0,0,0,0,0,0,0,0,0,0,0,0,0,0,0,0,0,65,0,0,0,25,0,125,0,281,1,30,0,39,0,271,0,4,0,0,0,18,0,13,0,11,0,0,0,0,0,0,0,2,0,0,0,0,0,19,0,33,0,0,0,43,0,0,0,84,116,19,0,7,0,25,0,16,0,0,0,0,0,0,0,0,0,0,0,0,0,0,1,127,0,0,0,0,0,0,0,18,0,53,19,52,23,33,0,0,0,0,0,15,0,0,0,0
83,46,120,269,91,79,3,20,0,5,66,68,0,0,130,127,30,147,0,48,14,162,375,0,0,112,0,24,0,78,1,15,2,39,0,29,0,24,0,53,0,0,0,13,0,0,0,0,0,5,0,12,0,0,0,36,0,54,0,35,4,17,0,139,0,0,0,8,0,0,0,13,0,0,0,68,0,0,0,0,0,292,0,0,0,234,0,87,0,0,0,197,0,0,0,0,0,0,0,256,0,85,0,0,0,0,0,78,0,0,0,0,0,0,0,0,0,0,0,0,0,79,0,50,0,0,0,0,0,0,0,0,0,4,0,41,0,49,0,0,0,75,0,329,0,43,0,3,0,0,0,2,0,0,0,0,0,0,0,0,0,0,0,0,0,0,0,41,0,0,0,3,10,17,0,0,34,178,0,2,0,0,0,1,2,0,0,0,0,0,0,0,0,0,0,0,0,0,0,0,0,19,0,0,0,0,0,0,0,0,0,0,0,0,0,0,0,0,48,75,66,11,0,0,0
22,57,161,10,5,0,283,69,40,60,0,0,0,0,23,0,192,16,2,0,58,0,137,0,0,180,1,0,8,0,3,0,1,0,0,0,0,0,0,0,0,0,1,0,0,0,0,0,0,0,0,0,27,0,49,16,13,0,17,1,14,0,150,14,0,0,0,0,0,0,0,0,0,0,0,0,0,0,0,0,0,0,0,0,43,0,0,0,0,0,0,0,0,0,0,0,0,0,0,0,0,0,0,0,0,0,0,0,0,0,0,0,0,0,0,0,0,0,0,0,0,0,0,0,0,0,14,0,159,0,0,0,20,0,99,0,275,0,55,0,40,0,151,0,0,0,0,0,2,0,0,0,0,0,3,0,2,0,18,0,10,0,1,0,0,0,0,0,0,0,0,0,11,0,0,0,115,53,0,0,0,0,33,0,0,0,0,0,0,0,0,0,0,0,0,0,0,0,0,0,44,0,0,0,0,0,0,0,26,0,11,9,27,0,0,0,0,0,0,0,0,0,0,0,0
133,27,82,70,0,0,94,190,107,39,0,0,0,0,0,45,47,93,0,2,0,27,125,112,180,0,0,0,0,18,0,0,0,4,0,0,0,4,0,61,0,0,0,0,0,0,0,0,0,0,0,0,3,29,14,200,4,129,1,72,0,22,11,65,25,0,1,0,0,0,0,0,0,0,0,0,0,0,0,0,0,77,0,0,0,176,0,0,0,0,0,125,0,0,0,0,0,0,0,0,0,32,0,0,0,0,0,0,0,0,0,0,0,0,0,0,0,0,0,0,0,13,0,16,0,0,0,0,0,0,0,0,0,0,1,76,0,151,0,104,0,55,0,426,0,0,0,0,0,0,0,0,0,0,0,17,0,0,0,5,12,4,0,0,0,2,0,0,0,0,0,2,14,14,0,0,64,316,0,0,0,0,10,0,7,1,0,0,0,0,0,0,0,0,0,0,0,0,0,0,0,35,0,0,0,0,0,0,0,29,12,0,0,0,29,0,0,0,53,0,53,14,0,0,0
23,0,19,0,137,0,7,0,14,0,33,0,84,327,106,0,0,0,23,59,69,1,24,0,1,0,0,312,0,0,7,0,0,0,54,0,40,0,0,0,15,48,269,31,137,66,70,269,27,10,410,0,0,0,3,0,0,0,0,0,0,0,0,0,0,0,0,0,0,0,0,0,0,0,0,0,0,0,0,0,0,0,0,0,0,0,0,0,0,0,0,0,0,0,0,0,0,0,0,0,0,0,0,0,0,0,12,0,0,0,0,0,0,0,0,0,0,0,0,0,0,0,0,0,0,0,0,0,0,0,0,0,0,0,0,0,0,0,0,0,0,0,0,0,0,0,0,0,0,0,0,0,0,0,0,0,0,0,0,0,0,0,0,0,89,0,0,0,0,0,0,0,0,0,0,0,15,42,0,0,0,0,0,0,0,0,16,8,0,0,0,0,0,0,0,0,0,0,0,0,0,0,0,0,0,0,0,0,0,0,0,41,165,0,0,0,0,9,0,0,0,0,0,0,0
0,146,0,23,40,209,0,0,0,29,0,217,408,99,22,61,0,0,232,352,0,126,0,24,0,0,312,0,0,0,8,10,0,26,64,16,0,42,0,0,267,11,38,144,46,258,76,99,0,39,110,135,0,0,0,0,0,0,0,0,0,0,0,0,0,14,0,0,0,0,0,0,0,0,0,0,0,34,0,0,0,0,0,0,0,0,0,0,0,0,0,0,0,0,0,131,0,0,0,0,0,0,0,48,0,0,0,0,0,0,0,0,0,0,0,0,0,0,0,0,0,0,0,0,0,0,0,0,0,0,0,0,0,0,0,0,0,33,0,0,0,0,0,0,0,0,0,0,0,0,0,0,0,12,0,0,0,3,0,0,0,0,0,0,0,75,0,29,0,162,0,0,0,0,0,0,0,98,0,8,0,0,0,7,0,16,69,15,0,0,0,0,0,0,0,28,0,0,0,0,0,0,0,0,0,0,0,0,0,0,0,0,0,0,0,0,0,0,0,250,563,68,45,5,56
53,0,221,0,146,0,0,0,7,0,22,0,0,0,35,0,106,0,0,0,50,0,35,0,8,0,0,0,0,0,62,0,42,0,26,0,14,0,31,0,0,0,0,0,8,0,0,0,0,0,21,0,18,0,0,0,0,0,0,0,9,0,21,0,0,0,0,0,0,0,59,0,0,0,49,0,0,0,0,0,0,0,0,0,163,0,79,0,0,0,43,0,0,0,0,0,157,0,0,0,0,0,0,0,0,0,0,0,0,0,0,0,0,0,0,0,0,0,0,0,17,0,38,0,0,0,0,0,0,0,0,0,0,0,0,0,0,0,54,0,0,0,130,0,64,0,0,0,0,0,0,0,0,0,6,0,0,0,0,0,0,0,0,0,0,0,0,0,0,0,0,0,0,0,0,0,11,0,8,0,0,0,2,0,9,0,0,0,0,0,0,0,0,0,0,0,0,0,0,0,0,0,0,0,0,0,0,0,0,0,0,0,0,0,0,0,0,0,0,0,0,0,0,0,0
0,0,0,170,0,0,0,134,0,0,0,0,0,0,0,15,0,118,0,5,0,37,0,78,0,18,0,0,0,0,0,12,0,101,0,13,0,5,0,33,0,0,0,0,0,0,0,0,0,0,0,0,0,7,0,0,0,4,0,0,0,30,0,68,0,0,0,0,0,0,0,0,0,0,0,0,0,0,0,0,0,44,0,0,0,0,0,14,0,0,0,0,0,0,0,0,0,0,0,48,0,0,0,0,0,0,0,0,0,0,0,0,0,0,0,0,0,0,0,0,0,0,0,0,0,0,0,0,0,0,0,0,0,0,0,0,0,0,0,44,0,91,0,67,0,51,0,0,0,0,0,0,0,0,0,0,0,0,0,0,0,0,0,0,0,0,0,2,0,2,0,0,0,0,0,0,0,0,0,0,0,0,0,0,0,0,0,0,0,0,0,0,0,0,0,0,0,0,0,0,0,0,0,0,0,0,0,0,0,0,0,0,0,0,0,0,0,0,0,4,0,0,0,0,0
3,0,0,0,122,20,0,0,0,0,9,0,30,10,191,12,25,0,16,15,62,0,15,1,3,0,7,8,62,0,0,0,55,0,31,0,25,0,28,0,0,0,84,0,31,0,5,0,0,0,79,0,4,0,2,0,0,0,0,0,3,0,15,0,0,0,0,0,0,0,0,0,0,0,9,0,0,0,6,0,0,0,0,0,48,0,17,0,0,0,0,0,0,0,0,0,50,0,0,0,0,0,0,0,0,0,0,0,0,0,0,0,0,0,0,0,0,0,0,0,0,0,0,0,0,0,0,0,0,0,0,0,0,0,0,0,0,0,0,0,0,0,0,0,38,0,0,0,0,0,0,0,0,0,0,0,0,0,0,0,0,0,0,0,13,0,21,0,33,0,0,0,15,0,0,0,2,0,3,0,0,0,0,0,0,0,0,0,0,0,0,0,0,0,0,0,0,0,0,0,0,0,0,0,0,0,0,0,0,0,0,27,84,34,12,0,0,0,0,0,0,0,0,0,0
0,21,0,32,0,99,0,0,0,0,0,28,0,6,0,43,0,34,0,73,0,32,0,15,0,0,0,10,0,12,0,0,0,7,0,7,0,25,0,13,0,0,0,10,0,21,0,0,0,0,0,8,0,0,0,0,0,0,0,0,0,8,0,23,0,0,0,0,0,0,0,6,0,0,0,0,0,0,0,0,0,47,0,0,0,0,0,16,0,0,0,0,0,0,0,0,0,0,0,0,0,0,0,0,0,0,0,0,0,0,0,0,0,0,0,0,0,0,0,0,0,0,0,14,0,0,0,0,0,0,0,0,0,0,0,0,0,0,0,5,0,63,0,39,0,38,0,0,0,0,0,0,0,0,0,0,0,9,0,0,0,0,0,0,0,4,0,42,0,0,0,0,0,13,0,0,0,6,0,1,0,0,0,1,0,0,0,0,0,0,0,0,0,0,0,0,0,0,0,0,0,0,0,0,0,0,0,0,0,0,0,0,0,0,19,0,0,0,0,60,58,0,0,0,0
0,0,64,0,282,0,0,0,0,0,113,0,14,0,227,17,66,0,14,0,186,0,13,2,1,0,0,0,42,0,55,0,0,0,30,0,127,0,17,0,0,0,44,0,31,0,0,0,3,1,38,0,6,0,0,0,0,0,0,0,8,0,22,0,0,0,0,0,0,0,0,0,4,0,0,0,0,0,0,0,0,0,0,0,0,0,0,0,0,0,0,0,0,0,0,0,44,0,0,0,0,0,0,0,0,0,0,0,0,0,0,0,0,0,0,0,0,0,0,0,0,0,0,0,0,0,0,0,0,0,0,0,0,0,0,0,0,0,0,0,0,0,0,0,0,0,0,0,0,0,0,0,0,0,11,0,11,0,0,0,0,0,0,0,2,0,44,0,0,0,0,0,12,0,0,0,15,0,35,0,0,0,0,0,0,0,0,0,0,0,0,0,0,0,0,0,0,0,0,0,0,0,0,0,0,0,0,0,0,0,0,4,21,0,0,0,0,0,0,0,0,0,0,0,0
0,149,0,310,0,392,0,26,0,0,0,203,0,8,0,137,0,58,3,77,5,70,0,39,0,4,0,26,0,101,0,7,0,0,0,58,0,136,0,6,0,0,0,13,0,30,0,0,0,0,0,21,0,0,0,0,0,5,0,0,0,10,0,40,0,4,0,8,0,0,0,0,0,0,0,0,0,0,0,4,0,86,0,0,0,0,0,0,0,0,0,0,0,0,0,0,0,0,0,0,0,0,0,0,0,0,0,0,0,0,0,0,0,0,0,0,0,0,0,0,0,47,0,0,0,0,0,0,0,0,0,0,0,0,0,0,0,0,0,0,0,66,0,44,0,59,0,0,0,0,0,0,0,0,0,0,0,12,0,0,2,0,0,0,0,0,0,147,0,0,0,0,0,20,0,0,0,31,0,12,0,0,0,0,0,19,0,0,0,0,0,0,0,0,0,0,0,0,0,0,0,0,0,0,0,0,0,0,0,0,0,0,0,0,25,0,0,0,0,44,88,0,0,0,1
0,0,0,0,91,0,0,0,3,0,0,0,217,85,85,0,6,0,182,26,63,2,9,0,0,0,54,64,26,0,31,0,30,0,0,0,53,0,17,0,10,0,112,0,59,8,0,33,7,5,202,0,0,0,0,0,0,0,0,0,3,0,10,0,0,0,0,0,0,0,0,0,0,0,0,0,0,0,0,0,0,0,0,0,0,0,0,0,0,0,13,0,0,0,0,0,0,0,0,0,4,0,0,0,0,0,0,0,0,0,0,0,0,0,0,0,0,0,0,0,0,0,0,0,0,0,0,0,0,0,0,0,0,0,0,0,0,0,0,0,0,0,0,0,15,0,0,0,0,0,1,0,0,0,0,0,0,0,0,0,0,0,0,0,71,0,31,0,36,0,3,0,14,0,0,0,1,0,4,0,0,0,0,0,0,0,3,0,0,0,0,0,0,0,0,0,0,0,0,0,0,0,0,0,0,0,0,0,0,0,0,40,127,41,12,0,0,1,0,0,0,0,0,0,0
0,0,0,0,7,146,0,0,0,0,0,33,0,20,0,50,0,13,0,104,0,55,0,29,0,0,0,16,0,13,0,7,0,58,0,0,0,152,0,44,0,0,0,26,0,68,0,0,0,9,0,50,0,0,0,0,0,0,0,0,0,12,0,35,0,0,0,0,0,0,0,0,0,0,0,0,0,0,0,0,0,0,0,0,0,0,0,35,0,0,0,0,0,0,0,0,0,0,0,0,0,0,0,0,0,0,0,0,0,0,0,0,0,0,0,0,0,0,0,0,0,0,0,0,0,0,0,0,0,0,0,0,0,0,0,0,0,0,0,41,0,0,0,0,0,111,0,0,0,0,0,0,0,0,0,0,0,23,0,0,0,0,0,0,0,20,0,97,0,63,0,0,0,20,0,0,0,5,0,0,0,0,0,0,0,0,0,0,0,0,0,0,0,0,0,0,0,0,0,0,0,0,0,0,0,0,0,0,0,0,0,0,0,0,0,0,0,0,0,90,165,0,0,0,0
0,0,20,0,353,0,0,0,0,0,51,0,180,0,85,0,12,0,186,10,58,0,0,0,0,0,40,0,14,0,25,0,127,0,53,0,0,0,77,0,4,1,71,0,79,0,4,0,5,0,147,0,16,0,0,0,0,0,0,0,17,0,47,0,0,0,0,0,0,0,49,0,0,0,23,0,0,0,0,0,33,0,0,0,66,0,0,0,0,0,0,0,0,0,0,0,105,0,89,0,0,0,0,0,0,0,0,0,0,0,0,0,0,0,0,0,0,0,0,0,15,0,0,0,0,0,0,0,0,0,0,0,0,0,0,0,31,0,52,0,29,0,67,0,178,0,0,0,0,0,0,0,0,0,24,0,34,0,0,0,6,0,21,0,57,0,70,0,108,0,13,0,73,0,0,0,0,0,20,0,0,0,0,0,3,0,0,0,0,0,0,0,0,0,0,0,0,0,0,0,0,0,0,0,0,0,0,0,0,0,20,10,55,13,7,0,0,0,0,0,0,0,0,0,0
0,94,0,83,0,169,0,26,0,0,2,105,0,30,0,40,0,6,0,159,2,45,0,24,0,4,0,42,0,5,0,25,0,136,0,152,0,0,0,26,0,0,0,43,0,24,0,0,0,9,0,89,0,2,0,0,0,0,0,0,0,15,0,50,0,0,0,0,0,0,0,20,0,0,0,36,0,0,0,0,0,114,0,19,0,0,0,0,0,0,0,0,0,0,0,0,0,0,0,0,0,29,0,0,0,0,0,7,0,0,0,0,0,0,0,0,0,0,0,0,0,0,0,0,0,0,0,0,0,0,0,0,0,0,0,0,0,0,0,26,0,98,0,23,0,159,0,0,0,0,0,0,0,0,0,11,0,54,0,0,0,0,0,0,0,29,0,141,0,104,0,26,0,33,0,0,0,24,0,5,0,0,0,0,0,0,0,0,0,0,0,0,0,0,0,7,0,0,0,0,0,0,0,0,0,0,0,0,0,0,0,0,0,0,0,0,0,0,0,66,122,0,12,0,0
354,0,509,0,253,0,0,0,14,0,187,0,0,0,35,0,167,0,0,0,20,0,57,0,0,0,0,0,31,0,28,0,17,0,17,0,77,0,0,0,0,0,0,0,0,0,0,0,0,0,13,0,11,0,2,0,0,0,0,0,13,0,26,0,0,0,0,0,0,0,4,0,0,0,0,0,0,0,0,0,0,0,0,0,0,0,0,0,0,0,0,0,0,0,0,0,0,0,0,0,0,0,0,0,0,0,0,0,0,0,0,0,0,0,0,0,0,0,0,0,0,0,0,0,0,0,0,0,0,0,0,0,0,0,0,0,0,0,0,0,7,0,0,0,48,0,0,0,0,0,0,0,0,0,25,0,32,0,0,0,0,0,0,0,0,0,37,0,0,0,0,0,80,0,0,0,80,6,21,0,0,0,40,0,0,0,0,0,0,0,0,0,0,0,0,0,0,0,0,0,0,0,0,0,0,0,0,0,0,0,0,22,0,0,0,0,0,0,0,0,0,0,0,0,0
0,382,0,439,0,42,0,390,0,0,0,39,0,0,0,12,0,162,0,0,0,35,15,53,0,61,0,0,0,33,0,13,0,6,0,44,0,26,0,0,0,0,0,0,0,0,0,0,0,0,0,0,0,6,0,6,0,0,0,0,0,7,0,71,0,2,0,0,0,0,0,0,0,0,0,0,0,0,0,0,0,0,0,0,0,0,0,0,0,0,0,0,0,0,0,0,0,0,0,0,0,0,0,0,0,0,0,0,0,0,0,0,0,0,0,0,0,0,0,0,0,0,0,5,0,0,0,0,0,0,0,0,0,0,0,0,0,0,0,31,0,51,0,25,0,90,0,0,0,0,0,0,0,0,0,5,0,39,0,5,0,0,0,0,0,0,0,60,0,0,0,0,0,8,0,0,0,52,0,35,0,0,0,14,0,0,0,0,0,0,0,0,0,0,0,0,0,0,0,0,0,0,0,0,0,0,0,0,0,0,0,0,0,0,0,0,0,0,0,45,26,0,0,0,0
25,0,12,0,118,0,0,0,6,0,54,0,202,190,17,2,0,0,36,0,0,0,5,0,0,0,15,267,0,0,0,0,0,0,10,0,4,0,0,0,0,61,80,0,197,134,123,317,156,54,88,0,0,0,0,0,0,0,0,0,0,0,0,0,0,0,0,0,0,0,0,0,0,0,0,0,0,0,0,0,0,0,0,0,0,0,0,0,0,0,0,0,0,0,0,0,0,0,0,0,0,0,0,0,0,0,0,0,0,0,0,0,0,0,0,0,0,0,0,0,0,0,0,0,0,0,0,0,0,0,0,0,0,0,0,0,0,0,0,0,0,0,0,0,0,0,0,0,0,0,0,0,0,0,0,0,0,0,0,0,0,0,0,0,54,0,0,0,0,0,0,0,0,0,0,0,28,108,79,0,0,0,19,0,0,0,86,0,0,0,0,0,0,0,0,0,0,0,0,0,0,0,0,0,1,0,0,0,0,0,0,74,135,0,0,0,0,44,0,0,0,0,0,0,0
0,17,0,0,0,15,0,0,0,0,0,73,22,115,0,0,0,0,0,0,0,0,0,0,0,0,48,11,0,0,0,0,0,0,0,0,1,0,0,0,61,0,0,6,36,142,32,363,14,194,0,3,0,0,0,0,0,0,0,0,0,0,0,0,0,0,0,0,0,1,0,0,0,0,0,0,0,0,0,0,0,0,0,0,0,0,0,0,0,0,0,0,0,0,0,9,0,0,0,0,0,5,0,0,0,0,0,0,0,0,0,0,0,0,0,0,0,0,0,0,0,0,0,0,0,0,0,0,0,0,0,0,0,0,0,0,0,0,0,0,0,0,0,0,0,0,0,0,0,0,0,0,0,14,0,0,0,0,0,0,0,0,0,0,0,36,0,0,0,0,0,0,0,0,0,0,0,159,0,44,0,0,0,0,0,0,9,11,0,0,0,0,0,0,0,0,0,0,0,0,0,0,0,0,0,0,0,0,0,0,0,0,0,0,0,0,0,0,0,18,36,0,0,0,36
0,0,0,0,0,0,0,0,0,0,0,1,147,42,9,0,10,0,22,0,34,0,0,0,1,0,269,38,0,0,84,0,44,0,112,0,71,0,0,0,80,0,0,0,171,24,73,66,39,10,103,0,5,0,0,0,0,0,0,0,0,0,0,0,0,0,0,0,0,0,0,0,0,0,0,0,0,0,0,0,0,0,0,0,0,0,0,0,0,0,14,0,0,0,0,0,0,0,0,0,0,0,0,0,0,0,0,0,0,0,0,0,0,0,0,0,0,0,0,0,0,0,0,0,0,0,0,0,0,0,0,0,0,0,0,0,0,0,0,0,0,0,0,0,0,0,0,0,0,0,0,0,0,0,0,0,0,0,1,0,0,0,0,0,52,0,17,0,0,0,0,0,21,0,0,0,0,0,0,0,0,0,0,0,2,0,19,0,0,0,0,0,0,0,0,0,0,0,0,0,0,0,0,0,0,0,0,0,0,0,57,70,82,21,26,0,0,0,0,0,0,0,0,0,0
0,0,0,0,0,42,0,0,0,0,0,32,32,89,6,6,0,0,19,36,17,124,0,13,0,0,31,144,0,0,0,10,0,13,0,26,0,43,0,0,0,6,0,0,0,142,0,35,0,53,0,105,0,0,0,0,0,0,0,4,0,3,0,0,0,0,0,0,0,15,0,0,0,2,0,0,0,0,0,0,0,0,0,0,0,0,0,0,0,0,0,0,0,0,0,0,0,0,0,0,0,39,0,22,0,0,0,0,0,0,0,0,0,0,0,0,0,0,0,0,0,0,0,0,0,0,0,0,0,0,0,0,0,0,0,0,0,0,0,0,0,0,0,0,0,0,0,0,0,0,0,0,0,0,0,0,0,0,0,0,0,0,0,3,0,58,0,51,0,81,0,4,0,9,0,0,0,5,0,0,0,0,0,0,0,0,3,6,0,0,0,0,0,0,0,0,0,0,0,0,0,0,0,0,0,0,0,0,0,0,0,0,1,0,27,0,0,0,42,78,144,17,19,3,0
26,0,0,0,26,0,0,0,0,0,19,0,80,40,102,0,49,0,21,0,58,0,157,0,0,0,137,46,8,0,31,0,31,0,59,0,79,0,0,0,197,36,171,0,0,84,302,132,237,85,122,0,0,0,10,0,0,0,0,0,5,0,50,0,0,0,0,0,0,0,55,0,0,0,0,0,0,0,24,0,0,0,0,0,0,0,0,0,0,0,0,0,0,0,0,0,0,0,0,0,0,0,0,0,0,0,0,0,0,0,0,0,0,0,0,0,0,0,0,0,23,0,0,0,0,0,0,0,0,0,0,0,0,0,66,0,0,0,0,0,0,0,197,0,105,0,0,0,0,0,0,0,0,0,0,0,0,0,0,0,0,0,0,0,135,0,93,0,55,0,18,0,97,0,0,0,0,50,26,0,0,0,34,0,0,0,84,0,3,0,0,0,0,0,0,0,0,0,0,0,0,0,0,0,0,0,0,0,0,0,78,173,237,29,31,0,4,93,0,0,0,0,0,0,0
0,104,0,37,0,67,0,11,0,17,0,81,59,131,0,22,0,0,16,114,0,219,0,0,0,0,66,258,0,0,0,21,0,30,8,68,0,24,0,0,134,142,24,142,84,0,83,302,24,228,42,67,0,0,0,0,0,0,0,0,0,0,0,0,0,0,0,0,0,32,0,0,0,0,0,0,0,0,0,0,0,0,0,78,0,0,0,25,0,0,0,0,0,54,0,95,0,0,0,0,0,48,0,31,0,0,0,0,0,0,0,0,0,0,0,0,0,0,0,0,0,0,0,0,0,0,0,0,0,0,0,0,0,0,0,0,0,0,0,0,0,0,0,0,0,0,0,0,0,0,0,0,0,0,0,0,0,0,0,0,0,0,0,4,0,212,0,36,0,75,0,10,0,21,0,0,0,65,1,0,0,0,0,5,0,0,30,47,0,0,0,0,0,0,0,0,0,0,0,0,0,0,0,0,0,12,0,0,0,0,0,0,0,0,20,0,0,0,40,147,281,23,13,2,152
57,0,23,0,67,0,4,0,34,0,71,0,153,52,59,0,0,0,17,0,7,0,101,0,0,0,70,76,0,0,5,0,0,0,0,0,4,0,0,0,123,32,73,0,302,83,0,146,249,70,42,0,3,0,8,0,0,0,0,0,0,0,0,0,10,0,0,0,0,0,0,0,0,0,0,0,0,0,0,0,0,0,0,0,0,0,0,0,0,0,0,0,0,0,0,0,0,0,0,0,5,0,0,0,0,0,0,0,0,0,0,0,0,0,0,0,0,0,0,0,0,0,0,0,0,0,0,0,0,0,0,0,0,0,0,0,0,0,0,0,5,0,0,0,0,0,0,0,18,0,0,0,134,0,0,0,0,0,0,0,0,0,0,0,71,0,0,0,0,0,0,0,0,0,0,0,18,43,34,0,62,0,47,0,67,0,55,0,0,0,0,0,0,0,0,0,0,0,0,0,0,0,0,0,0,0,0,0,0,0,0,105,92,8,0,0,2,64,0,6,0,0,0,0,0
0,99,0,0,0,125,0,0,0,0,0,145,119,167,0,9,0,0,43,48,0,0,0,0,0,0,269,99,0,0,0,0,0,0,33,0,0,0,0,0,317,363,66,35,132,302,146,0,24,325,0,11,0,0,0,0,0,0,0,0,0,0,0,0,0,0,0,0,0,13,0,0,0,0,0,0,0,0,0,0,0,0,0,0,0,0,0,0,0,0,0,0,0,0,0,0,0,0,0,0,0,0,0,0,0,0,0,0,0,0,0,0,0,0,0,0,0,0,0,0,0,0,0,0,0,0,0,0,0,0,0,0,0,0,0,0,0,0,0,0,0,0,0,0,0,0,0,0,0,0,0,0,0,0,0,0,0,0,0,0,0,0,0,0,0,52,0,0,0,0,0,0,0,1,0,0,0,205,0,2,0,0,0,0,0,0,69,28,0,0,0,0,0,0,0,0,0,0,0,0,0,0,0,0,0,0,0,0,0,0,0,0,1,0,0,0,0,0,0,219,187,0,0,0,107
16,0,11,0,17,0,64,0,85,0,0,2,48,3,11,0,0,0,5,0,0,0,20,0,0,0,27,0,0,0,0,0,3,0,7,0,5,0,0,0,156,14,39,0,237,24,249,24,0,104,18,0,16,0,17,0,22,0,53,0,8,0,0,0,0,0,32,0,19,0,3,0,0,0,0,0,4,0,0,0,0,0,0,0,0,0,15,0,0,0,0,0,31,0,19,0,0,0,24,0,15,0,65,0,20,0,13,0,0,0,0,0,0,0,0,0,0,0,0,0,0,0,0,0,0,0,0,0,0,0,0,0,0,0,0,0,0,0,0,0,0,0,36,0,0,0,0,0,0,0,13,0,39,0,7,0,12,0,0,0,11,0,11,0,36,0,11,0,11,0,45,0,68,0,17,0,31,18,33,0,19,0,0,0,10,0,212,0,28,0,11,0,34,0,42,0,0,0,0,0,52,0,83,0,34,0,0,0,9,0,76,104,239,9,54,43,9,66,0,12,4,0,0,0,2
0,7,0,19,0,0,0,0,0,0,0,17,10,114,0,0,0,0,0,0,0,13,1,5,0,0,10,39,0,0,0,0,1,0,5,9,0,9,0,0,54,194,10,53,85,228,70,325,104,0,7,11,0,0,0,0,0,0,0,0,0,0,0,0,1,0,0,0,0,9,0,0,0,0,0,0,0,8,0,0,0,0,0,12,0,0,0,0,0,2,0,0,0,17,0,10,0,0,0,0,0,0,0,17,0,0,0,5,0,0,0,0,0,0,0,0,0,0,0,0,0,0,0,0,0,0,0,0,0,0,0,0,0,0,1,0,1,0,0,0,0,0,0,0,0,0,0,0,0,0,0,0,0,0,0,0,0,1,0,1,0,0,0,0,1,37,0,4,0,0,0,2,0,1,0,2,0,77,0,0,0,0,0,0,1,1,108,41,0,0,0,0,0,0,0,1,0,0,0,0,0,0,0,0,0,1,0,0,0,0,1,2,0,0,0,0,0,2,4,47,10,4,3,6,43
0,0,0,0,27,0,0,0,0,0,0,0,243,121,8,0,14,0,144,20,61,0,14,0,0,0,410,110,21,0,79,0,38,0,202,0,147,0,13,0,88,0,103,0,122,42,42,0,18,7,0,2,7,0,2,0,3,0,3,0,0,0,0,0,4,0,0,0,11,0,13,0,0,0,0,0,0,0,0,0,0,0,0,0,53,0,0,0,0,0,0,0,0,0,27,0,0,0,49,0,10,0,15,0,0,0,27,0,0,0,0,0,0,0,0,0,0,0,0,0,0,0,0,0,0,0,0,0,0,0,0,0,0,0,0,0,0,0,0,0,0,0,0,0,0,0,0,0,0,0,0,0,0,0,0,0,0,0,0,0,0,0,0,0,86,0,15,0,78,0,7,0,48,0,0,0,0,4,14,0,0,0,0,0,0,0,15,5,0,0,0,0,0,0,0,0,0,0,0,0,0,0,0,0,0,0,0,0,0,0,65,48,129,24,33,10,2,3,0,0,0,0,0,0,0
0,0,0,0,0,39,0,0,0,0,0,18,0,70,0,11,0,0,10,49,3,96,0,12,0,0,0,135,0,0,0,8,0,21,0,50,0,89,0,0,0,3,0,105,0,67,0,11,0,11,2,0,0,0,0,0,0,1,0,0,0,0,0,10,0,1,0,0,0,16,0,0,0,0,0,0,0,18,0,0,0,0,0,54,0,0,0,0,0,6,0,0,0,18,0,65,0,0,0,0,0,34,0,19,0,0,0,0,0,0,0,0,0,0,0,0,0,0,0,0,0,0,0,5,0,0,0,0,0,0,0,0,0,0,0,0,0,7,0,0,0,0,0,0,0,25,0,0,0,0,0,0,0,0,0,0,0,14,0,0,0,0,0,3,0,17,0,40,0,149,0,22,0,21,0,0,0,0,0,0,0,0,0,0,0,0,0,3,0,0,0,5,0,0,0,0,0,0,0,0,0,0,0,0,0,0,0,0,0,0,0,0,0,0,40,0,0,0,44,52,101,22,15,0,0
0,0,8,0,0,0,97,1,267,40,0,0,0,0,0,0,148,0,5,0,30,0,40,0,27,3,0,0,18,0,4,0,6,0,0,0,16,0,11,0,0,0,5,0,0,0,3,0,16,0,7,0,0,7,103,35,48,18,53,33,38,0,82,2,0,0,44,40,0,0,0,0,0,0,7,0,0,0,0,0,0,0,0,0,16,0,0,0,0,0,0,0,0,0,0,0,11,0,0,0,0,0,0,0,0,0,0,0,0,0,0,0,0,0,0,0,0,0,0,0,0,0,0,0,0,0,0,0,79,0,27,0,0,0,0,0,77,0,311,1,61,0,83,0,77,0,0,0,0,0,0,0,0,0,284,0,138,0,101,0,10,0,10,0,3,0,0,0,12,0,72,0,8,0,0,0,59,4,0,0,0,0,8,0,19,0,0,0,0,0,0,0,0,0,0,0,0,0,0,0,6,0,0,0,0,0,0,0,0,0,34,21,92,74,53,0,19,0,0,0,0,2,0,0,0
0,20,0,0,0,0,9,87,64,348,0,4,0,0,0,0,0,12,0,2,0,0,0,0,0,29,0,0,0,7,0,0,0,0,0,0,0,2,0,6,0,0,0,0,0,0,0,0,0,0,0,0,7,0,30,124,6,98,4,183,0,18,0,48,0,3,5,43,0,0,0,0,0,0,0,0,0,3,0,0,0,7,0,0,0,25,0,0,0,0,0,13,0,0,0,0,0,0,0,0,0,4,0,0,0,0,0,0,0,0,0,0,0,0,0,0,0,0,0,0,0,0,0,0,0,13,0,10,0,16,1,14,0,8,1,0,0,48,0,242,0,75,0,147,0,88,0,0,1,0,0,0,0,0,0,75,0,40,0,88,0,7,0,3,0,0,0,0,0,0,0,50,0,9,0,0,5,40,0,0,0,0,0,6,0,21,0,0,0,0,0,0,0,0,0,0,0,0,0,0,0,0,0,0,0,0,0,0,0,13,5,0,1,0,201,0,0,0,225,119,129,118,1,14,0
5,0,62,0,0,0,187,14,71,132,0,0,0,0,67,0,16,3,4,0,11,0,84,0,49,14,3,0,0,0,2,0,0,0,0,0,0,0,2,0,0,0,0,0,10,0,8,0,17,0,2,0,103,30,0,134,55,28,96,47,2,0,28,8,2,2,13,32,0,0,0,0,0,0,0,0,0,0,0,0,0,0,0,0,0,0,0,0,0,0,0,0,0,0,0,0,0,0,0,0,0,0,0,0,0,0,0,0,0,0,0,0,0,0,0,0,0,0,0,0,0,0,0,0,19,0,52,0,147,0,62,0,0,0,48,3,80,0,19,0,0,0,0,0,0,0,3,0,0,0,0,0,0,0,53,0,12,0,61,0,130,0,1,0,0,0,0,0,11,0,79,0,0,0,0,0,19,12,0,0,0,1,0,0,0,3,0,0,0,0,0,0,0,0,0,0,0,0,0,0,0,1,0,0,0,0,0,0,43,0,99,0,94,86,60,0,27,1,4,0,1,0,0,0,0
0,9,0,154,0,0,40,385,217,192,0,0,0,0,0,137,0,14,0,0,0,9,0,36,16,200,0,0,0,0,0,0,0,0,0,0,0,0,0,6,0,0,0,0,0,0,0,0,0,0,0,0,35,124,134,0,34,265,27,213,0,13,14,81,30,3,49,13,1,0,0,0,0,0,0,0,0,0,0,0,0,0,0,0,0,0,0,0,0,0,0,0,0,0,0,0,0,0,0,0,0,0,0,0,0,0,0,0,0,0,0,0,0,0,0,0,0,0,0,0,0,0,0,0,0,2,0,0,0,25,0,0,0,0,0,69,0,155,0,152,0,60,0,184,0,7,0,0,0,0,0,0,0,0,0,82,1,8,6,28,0,9,3,4,0,0,0,0,0,40,3,83,0,22,0,0,22,61,0,0,0,0,0,0,4,13,0,0,0,0,0,0,0,0,0,0,0,0,0,0,0,20,0,0,0,0,0,0,0,0,13,0,0,0,106,0,0,0,123,0,215,0,0,0,0
0,0,7,0,0,0,29,0,11,18,0,0,0,0,7,0,0,0,0,0,0,0,0,0,13,4,0,0,0,0,0,0,0,0,0,0,0,0,0,0,0,0,0,0,0,0,0,0,22,0,3,0,48,6,55,34,0,34,434,48,0,0,0,0,173,6,150,98,0,0,0,0,0,0,0,0,0,0,0,0,0,0,0,0,0,0,0,0,0,0,0,0,0,0,0,0,0,0,0,0,0,0,0,0,0,0,0,0,0,0,0,0,0,0,0,0,0,0,0,0,0,0,0,0,18,0,26,0,30,0,35,0,7,0,1,0,0,0,3,0,0,0,0,0,0,0,10,0,6,0,0,0,0,0,178,2,40,0,132,0,157,9,23,0,0,0,0,0,44,0,123,0,0,0,0,0,4,0,0,0,0,0,0,0,10,4,0,0,0,0,0,0,0,0,0,0,0,0,2,0,0,0,0,0,0,0,0,0,0,0,251,53,310,411,367,2,134,0,1,0,1,0,0,0,0
0,6,0,48,0,0,0,105,48,14,0,0,0,0,0,58,0,13,0,0,0,0,0,54,0,129,0,0,0,4,0,0,0,5,0,0,0,0,0,0,0,0,0,0,0,0,0,0,0,0,0,1,18,98,28,265,34,0,53,247,0,11,0,29,28,10,107,55,0,0,0,0,0,0,0,0,0,10,0,0,0,0,0,0,0,13,0,0,0,0,0,0,0,0,0,0,0,2,0,0,0,0,0,0,0,0,0,0,0,0,0,0,0,0,0,0,0,0,0,0,0,0,0,0,0,25,0,15,0,67,0,61,0,17,0,38,0,128,0,140,0,17,0,48,0,15,0,0,0,7,0,3,0,0,10,167,3,14,0,161,8,44,0,9,0,0,0,0,0,138,0,243,0,18,0,0,0,0,0,0,0,0,0,0,8,8,0,0,0,0,0,0,0,0,0,0,0,0,0,0,0,0,0,1,0,0,0,0,0,58,0,2,0,0,321,0,0,0,242,38,322,252,0,0,1
0,0,0,0,0,0,24,0,81,19,0,0,0,0,0,0,7,0,0,0,0,0,0,0,17,1,0,0,0,0,0,0,0,0,0,0,0,0,0,0,0,0,0,0,0,0,0,0,53,0,3,0,53,4,96,27,434,53,0,69,0,0,8,0,194,16,132,167,2,0,0,0,0,0,0,0,0,0,0,0,0,0,0,0,0,0,0,0,0,0,0,0,0,0,0,0,0,0,0,0,0,0,0,0,0,0,0,0,0,0,0,0,0,0,0,0,0,0,0,0,0,0,0,0,7,0,14,0,6,0,62,0,3,0,0,0,0,0,0,0,0,0,0,0,0,0,3,0,43,0,3,0,0,0,104,3,100,0,8,0,134,4,19,0,0,0,0,0,52,0,229,0,0,0,0,0,11,0,0,0,0,0,0,0,0,4,0,0,0,0,0,0,0,0,0,0,0,0,0,0,0,0,0,0,0,0,0,0,0,0,531,144,457,586,573,16,231,0,0,0,0,0,0,0,0
0,0,0,0,0,0,0,0,82,84,0,0,0,0,0,0,0,5,0,0,0,16,0,35,1,72,0,0,0,0,0,0,0,0,0,0,0,0,0,0,0,0,0,4,0,0,0,0,0,0,0,0,33,183,47,213,48,247,69,0,0,0,0,30,27,226,142,433,0,0,0,0,0,0,0,0,0,0,0,0,0,0,0,10,0,0,0,0,0,0,0,0,0,0,0,0,0,0,0,0,0,0,0,0,0,0,0,0,0,0,0,0,0,0,0,0,0,0,0,0,0,0,0,0,0,39,0,22,0,4,0,118,0,3,0,10,0,35,0,0,0,0,0,0,0,17,0,3,0,66,0,0,0,0,28,148,6,0,4,40,0,174,0,19,0,0,0,0,0,217,0,275,0,59,0,5,11,0,0,0,0,0,0,0,0,97,0,0,0,0,0,0,0,0,0,0,0,0,0,0,0,0,0,0,0,0,0,0,0,28,0,3,0,0,786,0,0,0,820,107,610,481,4,0,3
270,0,124,0,0,0,258,0,215,0,0,0,0,0,0,0,30,0,0,0,0,0,0,4,14,0,0,0,9,0,3,0,8,0,3,0,17,0,13,0,0,0,0,0,5,0,0,0,8,0,0,0,38,0,2,0,0,0,0,0,0,0,29,1,0,0,0,0,0,0,3,0,0,0,8,0,0,0,0,0,0,0,0,0,18,0,0,0,0,0,0,0,0,0,0,0,0,0,0,0,0,0,0,0,0,0,0,0,0,0,0,0,0,0,0,0,0,0,0,0,1,0,13,0,0,0,0,0,0,0,0,0,0,0,0,0,0,0,118,0,43,0,0,0,283,0,0,0,0,0,0,0,0,0,129,0,104,0,10,0,0,0,0,0,0,0,0,0,0,0,57,0,151,0,0,0,92,5,0,0,0,0,46,0,0,0,0,0,0,0,0,0,0,0,0,0,0,0,0,0,0,0,0,0,0,0,0,0,0,0,35,160,105,72,23,0,15,0,0,0,0,0,0,0,0
0,222,0,28,0,0,0,361,0,341,0,0,0,0,0,0,0,51,0,8,0,19,0,17,0,22,0,0,0,30,0,8,0,10,0,12,0,15,0,7,0,0,0,3,0,0,0,0,0,0,0,0,0,18,0,13,0,11,0,0,0,0,1,91,0,0,0,0,0,2,0,0,0,0,0,0,0,3,0,0,0,0,0,0,0,0,0,0,0,0,0,0,0,0,0,0,0,0,0,0,0,0,0,0,0,0,0,0,0,0,0,0,0,0,0,0,0,0,0,0,0,0,0,8,0,0,0,0,0,0,0,0,0,0,0,0,0,0,0,35,0,61,0,0,0,216,0,0,0,0,0,0,0,0,0,18,0,219,0,19,0,0,0,0,0,8,0,0,0,18,0,110,0,94,0,0,0,86,0,0,0,0,0,17,0,0,0,0,0,0,0,0,0,0,0,0,0,0,0,0,0,0,0,0,0,0,0,0,0,0,0,0,0,0,103,0,0,0,113,460,220,97,0,28,0
266,2,326,0,0,1,620,10,290,25,0,1,0,0,49,0,576,0,17,0,89,0,114,0,150,11,0,0,21,0,15,0,22,0,10,0,47,0,26,0,0,0,0,0,50,0,0,0,0,0,0,0,82,0,28,14,0,0,8,0,29,1,0,1,0,0,0,0,0,0,56,0,19,0,56,0,0,0,0,0,0,0,0,0,139,0,0,0,0,0,0,0,0,0,0,0,76,0,0,0,0,0,0,0,0,0,0,0,0,0,0,0,0,0,0,0,0,0,0,0,32,0,46,0,0,0,0,0,28,0,5,0,14,0,0,0,139,0,252,0,62,0,227,0,122,0,0,0,0,0,0,0,0,0,142,0,28,0,13,0,0,0,0,0,0,0,0,0,0,0,8,0,8,0,0,0,82,7,0,0,0,0,48,0,0,0,0,0,0,0,0,0,0,0,0,0,0,0,0,0,0,0,0,0,0,0,0,0,0,0,0,58,23,14,0,0,0,2,0,0,0,0,0,0,0
5,85,0,23,0,0,18,326,25,572,0,0,0,0,0,24,3,181,0,10,0,100,0,139,14,65,0,0,0,68,0,23,0,40,0,35,0,50,0,71,0,0,0,0,0,0,0,0,0,0,0,10,2,48,8,81,0,29,0,30,1,91,1,0,0,0,0,0,0,0,0,0,0,0,0,0,0,0,0,0,0,0,0,0,0,0,0,0,0,0,0,0,0,0,0,0,0,0,0,0,0,0,0,0,0,0,0,0,0,0,0,0,0,0,0,0,0,0,0,0,0,0,0,0,0,0,0,4,0,6,0,0,0,0,0,0,0,23,0,202,0,145,0,62,0,160,0,0,0,0,0,0,0,0,0,70,0,88,0,59,0,5,0,0,0,0,0,0,0,9,0,0,2,7,0,0,7,128,0,1,0,0,0,10,0,0,0,0,0,0,0,0,0,0,0,0,0,0,0,0,0,0,0,0,0,0,0,0,0,0,0,0,0,0,48,0,0,0,106,174,47,0,0,0,0
9,0,22,0,0,0,16,0,102,0,9,0,0,0,12,11,3,2,4,0,7,0,7,0,0,25,0,0,0,0,0,0,0,0,0,0,0,0,0,0,0,0,0,0,0,0,10,0,0,1,4,0,0,0,2,30,173,28,194,27,0,0,0,0,0,61,110,64,0,0,0,4,3,0,0,0,0,0,0,0,0,0,0,0,0,0,1,0,0,0,0,0,0,0,0,0,0,0,0,0,0,0,0,0,0,0,0,0,0,0,0,0,0,0,0,0,0,0,0,0,0,0,0,0,25,3,14,0,0,3,46,0,0,0,0,0,0,0,39,0,0,0,2,1,88,28,55,0,50,0,9,0,2,0,41,55,56,0,3,48,402,195,44,7,0,0,0,0,0,0,0,2,6,1,20,0,131,0,0,0,45,60,11,0,120,0,0,0,0,0,0,0,0,0,0,0,0,0,0,0,0,0,0,0,0,0,1,0,0,0,325,59,0,0,483,1,40,0,17,4,0,0,0,0,0
0,25,0,0,0,0,0,7,0,164,0,5,0,0,0,12,0,2,0,0,0,2,0,0,0,0,0,14,0,0,0,0,0,4,0,0,0,0,0,2,0,0,0,0,0,0,0,0,0,0,0,1,0,3,2,3,6,10,16,226,0,0,0,0,61,0,6,305,0,0,0,7,0,0,0,2,0,0,0,0,0,3,0,6,0,3,0,0,0,0,0,0,0,0,0,0,1,0,0,0,0,0,0,0,0,0,0,0,0,0,0,0,0,0,0,0,0,0,0,0,0,0,0,0,0,44,0,38,0,0,21,63,0,1,0,12,0,18,0,45,0,0,0,0,4,73,0,38,0,237,0,15,0,0,26,29,0,13,14,31,91,505,0,0,0,4,0,11,0,17,0,0,0,16,0,17,0,0,0,0,0,162,0,3,6,75,0,0,0,0,0,0,0,0,0,0,0,6,0,2,0,4,0,0,0,0,0,9,0,51,0,0,5,4,221,0,0,0,115,31,0,99,0,0,0
10,0,8,0,0,0,33,0,221,0,0,0,0,0,0,0,0,0,0,0,0,0,0,0,0,1,0,0,0,0,0,0,0,0,0,0,0,0,0,0,0,0,0,0,0,0,0,0,32,0,0,0,44,5,13,49,150,107,132,142,0,0,0,0,110,6,0,204,0,0,0,0,0,0,0,0,0,0,0,0,0,0,0,0,0,0,0,0,0,0,0,0,0,0,0,0,0,0,0,0,0,0,0,0,0,0,0,0,0,0,0,0,0,0,0,0,0,0,0,0,0,0,0,0,0,0,0,0,0,0,56,0,0,0,0,0,0,0,5,0,0,0,0,0,2,0,10,0,73,0,0,0,0,0,60,5,89,0,0,0,187,13,0,0,0,0,0,0,27,0,0,0,0,0,0,0,119,0,0,0,0,0,0,0,295,10,0,0,0,0,0,0,0,0,0,0,0,0,0,0,0,0,0,0,0,0,0,0,0,0,442,109,232,286,446,12,0,0,2,2,0,0,0,0,0
0,11,0,0,0,0,0,26,51,146,0,0,0,0,0,0,1,0,0,0,0,0,0,8,0,0,0,0,0,0,0,0,0,8,0,0,0,0,0,0,0,0,0,0,0,0,0,0,0,0,0,0,40,43,32,13,98,55,167,433,0,0,0,0,64,305,204,0,0,0,0,0,0,0,0,1,0,0,0,0,0,0,0,0,0,0,0,0,0,0,0,0,0,0,0,0,0,0,0,0,0,0,0,0,0,0,0,0,0,0,0,0,0,0,0,0,0,0,0,0,0,0,0,0,0,36,0,11,0,0,0,69,0,0,0,0,0,4,0,0,0,1,0,0,0,16,0,0,0,90,0,0,0,0,41,104,0,0,0,0,0,254,0,0,0,0,0,0,0,0,0,92,0,0,0,35,6,3,0,0,0,18,0,0,20,238,0,0,0,0,0,0,0,0,0,0,0,0,0,0,0,0,0,0,0,0,0,0,0,10,5,0,3,0,478,0,0,0,384,94,136,0,0,14,0
0,0,0,0,0,0,1,0,0,0,0,0,0,0,0,0,0,0,0,0,0,0,0,0,0,0,0,0,0,0,0,0,0,0,0,0,0,0,0,0,0,0,0,0,0,0,0,0,19,0,11,0,0,0,0,1,0,0,2,0,0,0,0,0,0,0,0,0,0,0,0,0,10,0,7,0,146,0,20,0,0,0,82,0,0,0,23,0,6,0,0,0,36,0,50,0,0,0,24,0,9,0,270,0,0,0,47,0,36,0,41,0,11,0,4,0,4,0,0,0,0,0,0,0,0,0,0,0,0,0,0,0,0,0,0,0,0,0,0,0,0,0,0,0,0,0,0,0,0,0,0,0,0,0,0,0,0,0,0,0,0,0,0,0,82,0,0,0,242,0,0,0,0,0,0,0,0,0,0,0,0,0,0,0,0,0,0,0,0,0,0,0,0,0,28,0,0,0,0,0,0,0,0,0,0,0,0,0,0,0,125,15,86,7,19,50,184,5,0,0,0,0,0,0,0
0,0,0,0,0,0,0,0,0,4,1,0,0,0,0,0,0,0,0,0,0,0,0,0,0,0,0,0,0,0,0,0,0,0,0,0,0,0,0,0,0,1,0,15,0,32,0,13,0,9,0,16,0,0,0,0,0,0,0,0,0,2,0,0,0,0,0,0,0,0,0,0,0,4,0,0,0,81,0,0,0,0,0,65,0,0,0,8,0,0,0,0,0,153,0,34,0,0,0,0,0,14,0,152,0,0,0,0,0,44,0,19,0,4,0,9,0,10,0,2,0,0,0,1,0,0,0,0,0,0,0,0,0,0,0,0,0,0,0,3,0,0,0,0,0,0,0,0,0,0,0,0,0,2,0,0,0,0,0,0,0,0,0,0,0,74,0,0,0,47,0,0,0,0,0,0,0,3,0,0,0,0,0,0,0,0,0,1,0,0,0,0,0,0,0,19,0,0,0,0,0,0,0,0,0,0,0,0,0,0,0,0,0,0,12,0,0,1,44,34,135,0,20,184,11
0,0,0,0,0,0,0,0,0,0,0,0,0,0,0,0,46,0,0,0,77,0,7,0,0,0,0,0,59,0,0,0,0,0,0,0,49,0,4,0,0,0,0,0,55,0,0,0,3,0,13,0,0,0,0,0,0,0,0,0,3,0,56,0,0,0,0,0,0,0,0,0,161,0,217,0,14,0,145,0,0,0,0,0,10,0,51,0,0,0,1,0,0,0,0,0,0,1,0,0,0,0,0,0,0,0,0,0,0,0,0,0,0,0,0,0,0,0,0,0,22,0,4,0,22,22,46,0,0,2,0,5,0,5,30,0,21,0,4,1,70,5,91,0,102,0,22,0,0,11,50,0,47,0,0,0,5,0,0,0,1,0,96,0,0,0,5,0,44,0,46,0,45,0,13,0,0,0,0,0,49,8,0,0,0,0,0,0,0,0,0,0,0,0,0,0,0,0,0,0,0,0,0,0,0,0,0,0,38,0,36,5,18,0,15,0,0,1,0,0,0,0,0,0,0
0,0,0,0,0,0,0,0,0,0,0,0,0,0,0,7,0,17,0,0,0,24,0,13,0,0,0,0,0,0,0,6,0,0,0,0,0,20,0,0,0,0,0,0,0,0,0,0,0,0,0,0,0,0,0,0,0,0,0,0,0,0,0,0,4,7,0,0,0,0,0,0,0,51,0,233,0,9,2,9,0,1,0,8,0,1,0,34,0,0,0,0,0,0,0,0,0,0,3,0,0,0,0,0,0,0,0,0,0,0,0,0,0,0,0,0,0,0,0,0,0,0,0,3,0,69,0,121,0,0,42,0,0,0,0,0,0,53,0,2,0,31,0,0,7,91,0,0,14,60,0,0,0,50,0,0,0,0,0,0,3,0,0,36,0,0,0,43,0,5,0,24,0,30,0,20,0,0,0,0,0,101,0,0,0,0,0,0,0,0,0,0,0,0,0,0,0,0,0,0,0,0,0,0,0,0,0,0,0,69,0,0,15,0,14,0,0,0,20,0,8,0,0,0,0
0,0,0,0,0,0,0,0,0,0,0,0,0,0,0,0,41,0,0,0,0,0,0,0,0,0,0,0,0,0,0,0,4,0,0,0,0,0,0,0,0,0,0,0,0,0,0,0,0,0,0,0,0,0,0,0,0,0,0,0,0,0,19,0,3,0,0,0,10,0,161,0,0,0,124,0,50,0,165,0,13,0,22,0,24,1,23,0,0,0,0,0,0,0,8,0,0,0,11,0,0,0,4,0,0,0,0,0,0,0,0,0,0,0,0,0,3,0,0,0,32,0,20,0,72,0,61,0,0,0,41,0,33,0,91,0,35,0,0,0,31,0,108,0,56,0,47,0,0,0,80,0,78,0,0,0,0,0,0,0,0,0,102,0,0,0,0,0,17,0,13,0,0,0,23,0,0,0,0,0,62,0,0,0,0,0,0,0,0,0,0,0,0,0,0,0,0,0,0,0,53,0,0,0,14,0,0,0,91,0,255,0,31,0,35,0,0,0,8,0,0,0,0,0,0
0,3,1,0,0,0,0,0,0,0,0,0,0,0,0,0,0,0,0,0,0,0,0,0,0,0,0,0,0,0,0,0,0,0,0,0,0,0,0,0,0,0,0,2,0,0,0,0,0,0,0,0,0,0,0,0,0,0,0,0,0,0,0,0,0,0,0,0,0,4,0,51,0,0,0,233,0,124,0,18,0,32,0,40,0,20,0,90,0,0,0,0,0,0,1,9,0,0,0,0,0,0,0,6,0,0,0,0,0,0,0,0,0,0,0,0,0,0,0,0,0,7,0,13,0,84,16,194,0,0,23,18,0,49,0,94,0,51,0,2,0,10,0,0,0,49,0,0,0,49,0,0,0,54,0,0,0,1,0,0,0,1,0,44,0,0,0,2,0,9,0,10,0,10,0,15,0,0,0,0,5,81,0,0,0,0,0,0,0,0,0,0,0,0,0,0,0,0,0,0,0,8,0,82,0,32,0,0,0,141,0,0,0,0,23,0,0,0,182,4,22,0,2,0,0
0,0,0,0,0,0,0,0,0,0,0,0,0,0,0,0,32,0,0,0,48,0,0,0,0,0,0,0,49,0,9,0,0,0,0,0,23,0,0,0,0,0,0,0,0,0,0,0,0,0,0,0,7,0,0,0,0,0,0,0,8,0,56,0,0,0,0,0,7,0,217,0,124,0,0,0,5,0,159,0,32,2,0,0,15,0,106,0,0,0,0,0,0,0,16,0,4,0,19,0,0,0,0,0,0,0,0,0,0,0,0,0,0,0,0,0,0,0,0,0,75,0,24,0,0,0,0,0,0,0,0,0,0,0,77,0,27,0,10,0,106,3,233,0,86,0,0,0,11,8,17,2,0,0,0,0,6,0,1,0,0,0,43,0,0,0,0,0,36,0,14,0,17,0,14,0,0,0,0,0,32,15,0,0,0,0,0,0,0,0,0,0,0,0,0,0,0,0,30,0,38,0,20,0,5,0,14,0,48,0,71,0,33,3,18,0,10,0,0,0,0,0,0,0,0
0,0,0,0,0,0,0,0,0,0,0,0,0,0,0,21,0,58,0,0,0,104,0,68,0,0,0,0,0,0,0,0,0,0,0,0,0,36,0,0,0,0,0,0,0,0,0,0,0,0,0,0,0,0,0,0,0,0,0,0,0,0,0,0,0,2,0,1,0,0,0,233,0,233,0,0,0,12,0,30,0,18,0,0,0,12,0,128,0,0,0,0,0,0,0,20,0,0,0,0,0,2,0,1,0,0,0,0,0,0,0,0,0,0,0,0,0,0,0,0,0,30,0,36,0,0,0,108,5,0,46,0,0,0,0,83,0,46,0,0,0,130,0,28,0,310,0,0,0,0,0,0,0,55,0,0,0,8,0,0,0,0,0,82,0,0,0,83,0,22,0,23,0,0,0,28,0,0,0,0,11,92,0,0,0,0,0,0,0,0,0,0,0,0,0,0,0,0,0,0,0,0,0,25,0,0,0,0,0,0,4,1,0,0,0,0,0,0,47,0,19,0,0,1,0
0,0,0,0,0,0,0,0,1,0,0,0,0,0,0,0,0,0,0,0,0,0,0,0,0,0,0,0,0,0,0,0,0,0,0,0,0,0,0,0,0,0,0,0,0,0,0,0,4,0,0,0,0,0,0,0,0,0,0,0,0,0,0,0,0,0,0,0,146,0,14,0,50,0,5,0,0,0,53,0,27,0,50,0,13,0,50,0,4,0,4,0,77,0,20,0,0,0,46,0,0,0,63,0,0,0,12,0,19,0,0,0,1,0,12,0,19,0,0,0,0,0,0,0,0,0,0,0,0,0,0,0,0,0,0,0,0,0,0,0,0,0,0,0,0,0,0,0,0,0,0,0,0,0,0,0,0,0,0,0,0,0,6,0,0,0,0,0,27,0,0,0,0,0,0,0,0,0,0,0,0,0,1,0,0,0,0,0,32,0,0,0,0,0,0,0,0,0,0,0,0,0,90,0,0,0,0,0,0,0,91,8,32,0,16,11,23,3,0,0,0,0,0,0,0
0,0,0,0,0,0,0,0,0,0,0,0,0,0,0,0,0,0,0,0,0,0,0,0,0,0,0,34,0,0,0,0,0,0,0,0,0,0,0,0,0,0,0,0,0,0,0,0,0,8,0,18,0,3,0,0,0,10,0,0,0,3,0,0,0,0,0,0,0,81,0,9,0,124,0,12,0,0,0,4,0,57,0,82,0,0,0,94,0,7,0,0,0,148,0,83,0,20,0,0,0,35,0,73,0,0,0,0,0,3,0,2,0,2,0,0,0,12,0,0,0,0,0,0,0,0,0,0,0,0,0,0,0,0,0,45,0,0,0,6,0,0,0,0,0,14,0,0,0,0,0,0,0,0,0,0,0,0,0,5,1,29,0,6,0,33,0,0,0,26,0,6,0,0,0,0,0,0,0,0,0,0,0,0,0,0,0,0,0,0,0,0,0,0,0,40,0,0,0,0,0,0,0,0,0,0,0,0,0,0,0,0,0,0,32,0,0,0,106,12,77,4,8,28,0
0,0,0,0,0,0,0,0,0,0,0,0,0,0,0,0,0,0,0,0,0,0,0,0,0,0,0,0,0,0,6,0,0,0,0,0,0,0,0,0,0,0,0,0,24,0,0,0,0,0,0,0,0,0,0,0,0,0,0,0,0,0,0,0,0,0,0,0,20,0,145,2,165,0,159,0,53,0,0,0,25,0,78,0,19,0,57,0,0,0,0,0,15,0,35,0,0,0,42,0,0,0,24,0,0,0,0,0,0,0,0,0,0,0,10,0,12,0,0,0,53,0,0,0,0,0,0,0,0,0,0,0,0,0,0,0,0,0,0,0,33,0,74,0,35,0,0,0,0,0,0,0,0,0,0,0,0,0,0,0,0,0,26,0,0,0,5,0,17,0,0,0,0,0,0,0,0,0,0,0,0,0,0,0,0,0,0,0,10,0,0,0,0,0,0,0,0,0,0,0,44,0,0,0,0,0,0,0,24,0,252,6,0,0,37,0,6,6,0,0,0,0,0,0,0
0,0,0,0,0,0,0,0,0,0,0,0,0,0,0,0,0,0,0,0,0,0,0,0,0,0,0,0,0,0,0,0,0,4,0,0,0,0,0,0,0,0,0,0,0,0,0,0,0,0,0,0,0,0,0,0,0,0,0,0,0,0,0,0,0,0,0,0,0,0,0,9,0,18,0,30,0,4,0,0,0,8,0,23,0,10,0,17,0,0,0,0,0,0,0,9,0,0,0,0,0,2,0,0,0,0,0,0,0,0,0,0,0,0,0,0,0,0,0,0,0,10,0,32,0,0,0,17,0,0,0,0,0,0,0,19,0,9,0,0,0,10,0,12,0,29,0,0,0,0,0,0,0,0,0,0,0,0,0,0,3,0,0,6,0,0,0,0,0,7,0,2,0,0,0,6,0,0,0,0,0,0,0,0,0,0,0,0,0,0,0,0,0,0,0,0,0,0,0,0,0,0,0,0,0,0,0,0,0,0,0,0,0,0,0,0,0,0,0,0,3,0,0,0,0
