0,72,60,0,145,0,34,0,117,0,168,0,111,0,53,33,146,28,19,0,0,0,138,71,27,192,22,0,181,0,12,0,140,0,0,0,64,0,420,0,48,0,4,0,0,0,51,0,15,0,0,0,0,0,3,0,0,0,8,0,108,0,195,17,4,0,4,0,2,0,0,0,0,0,0,0,0,0,1,0,0,0,0,0,0,0,0,0,0,0,0,0,0,0,0,0,0,0,0,0,0,0,0,0,0,0,0,0,0,0,0,0,0,0,0,0,0,0,1,0,0,0,0,0,0,0,0,0,0,0,7,0,1,0,0,0,0,0,0,0,0,0,0,0,0,0,5,0,10,0,5,0,3,0,1,0,0,0,0,0,9,0,2,0,0,0,0,0,91,0,118,0,691,0,0,0,384,216,36,0,0,0,44,0,17,0,3,0,0,0,0,0,0,0,0,0,0,0,0,0,0,0,0,0,0,0,0,0,1,0,904,272,514,111,344,0,0,0,0,0,3,0,0,0,0
72,0,71,137,0,148,0,54,11,65,0,268,0,155,0,74,110,72,0,98,0,0,178,26,104,27,0,162,0,187,0,0,0,273,0,4,0,254,0,494,0,56,0,0,0,0,0,131,1,17,0,0,0,13,0,18,0,3,0,7,0,106,6,222,0,63,0,25,0,0,0,0,0,0,0,0,0,0,0,0,0,0,0,0,0,0,0,9,0,0,0,0,0,0,0,0,0,0,0,0,0,0,0,0,0,0,0,0,0,0,0,0,0,1,0,0,0,0,0,0,0,4,0,0,0,20,0,6,0,0,0,45,0,2,0,0,0,10,0,0,0,0,0,0,0,0,0,11,0,16,0,24,0,4,0,0,0,6,0,0,0,10,0,0,0,13,0,18,0,33,0,105,0,426,0,0,39,658,0,17,0,0,0,73,0,92,0,0,0,0,0,0,0,0,0,0,0,0,0,0,0,0,0,0,0,0,0,0,0,5,0,0,0,0,440,0,0,0,807,155,328,77,0,21,0
60,71,0,0,468,57,136,0,41,0,105,62,80,0,162,111,161,30,60,0,43,0,663,103,130,70,56,0,241,0,58,0,254,0,4,0,0,0,303,0,32,0,2,0,7,0,41,0,0,0,0,0,43,0,44,0,0,0,11,0,86,0,123,0,4,0,0,0,2,0,0,0,0,0,0,0,0,0,0,0,0,0,0,0,0,0,0,0,0,0,0,0,0,0,0,0,0,0,0,0,0,0,0,0,0,0,0,0,0,0,0,0,0,0,0,0,0,0,0,0,0,0,0,0,21,0,10,0,0,0,33,0,0,0,52,0,53,0,0,0,0,0,0,0,2,0,37,0,76,0,17,0,22,0,0,0,15,0,0,0,24,0,2,0,0,0,0,0,0,0,56,0,313,0,4,0,154,168,4,0,0,0,26,0,29,0,0,0,0,0,0,0,0,0,0,0,0,0,7,0,0,0,0,0,0,0,0,0,17,0,444,69,316,136,213,0,0,3,0,0,0,0,0,0,0
0,137,0,0,0,121,0,74,0,5,0,23,0,34,19,235,28,21,0,144,5,69,83,56,0,48,0,56,0,267,0,24,0,358,0,0,0,115,0,236,0,0,0,0,0,0,0,0,0,0,0,0,0,14,0,70,0,16,0,8,0,9,0,0,0,24,0,0,0,0,0,3,0,0,0,2,0,0,0,0,0,0,0,0,0,0,0,7,0,0,0,0,0,0,0,0,2,0,0,0,0,0,0,0,0,0,0,0,0,0,0,0,0,0,0,0,0,0,0,0,0,0,0,0,0,0,0,7,0,0,0,36,0,0,0,84,0,84,0,31,0,19,0,0,0,0,0,0,0,0,0,18,0,1,0,0,0,0,0,0,0,16,0,2,0,0,0,23,0,0,0,0,0,85,0,0,0,164,0,5,0,0,0,0,0,6,2,0,0,0,0,0,0,0,0,1,0,0,0,0,0,0,0,0,0,0,0,0,0,35,0,0,0,0,125,0,0,0,202,19,155,47,0,11,0
145,0,468,0,0,0,16,0,35,0,143,79,407,77,331,170,58,5,118,144,176,58,167,35,0,0,87,0,54,0,174,0,419,0,68,22,278,0,0,0,140,0,0,0,11,0,116,0,0,0,80,0,8,0,0,0,0,0,0,0,0,0,0,0,0,0,0,0,0,0,0,0,0,0,0,0,0,0,0,0,0,0,0,0,0,0,0,0,0,0,0,0,0,0,0,0,0,0,0,0,0,0,0,0,0,0,0,0,0,0,0,0,0,0,0,0,0,0,2,0,0,0,0,0,0,0,0,0,0,0,7,0,0,0,0,0,0,0,0,0,4,0,0,0,0,0,10,0,0,0,0,0,6,0,0,0,0,0,0,0,7,0,0,0,23,0,105,0,0,0,0,0,101,0,0,0,272,227,80,0,0,0,49,0,19,0,4,0,0,0,0,0,0,0,0,0,0,0,0,0,0,0,0,0,0,0,0,0,0,0,447,165,473,0,158,0,0,0,0,0,0,0,0,0,0
0,148,57,121,0,0,0,54,0,13,46,130,0,169,404,127,0,0,109,261,128,199,53,27,0,13,0,254,0,44,0,182,0,426,0,155,33,379,0,32,0,34,0,0,0,0,0,140,0,14,23,0,0,0,0,14,0,0,0,0,0,0,0,5,0,27,0,3,0,0,0,0,0,0,0,0,0,0,0,0,0,0,0,0,0,0,0,0,0,0,0,0,0,0,0,0,0,0,0,0,0,0,0,0,0,0,0,0,0,0,0,0,0,0,0,0,0,0,0,0,0,0,0,0,0,0,0,0,0,0,0,0,0,0,0,0,0,0,0,0,0,0,0,0,0,0,0,5,0,16,0,13,0,0,0,0,0,0,0,0,0,0,0,0,0,0,0,254,0,0,0,40,0,134,0,0,26,429,0,76,0,0,1,4,0,0,0,12,0,0,0,0,0,0,0,0,0,0,0,0,1,0,0,0,0,0,0,0,0,8,0,0,0,0,198,0,0,0,501,182,495,0,2,6,1
34,0,136,0,16,0,0,0,58,105,3,0,8,0,15,0,46,11,0,0,0,0,32,1,116,65,0,0,0,1,0,0,0,0,0,0,0,0,0,0,4,1,0,0,0,0,0,0,46,0,0,0,231,40,303,155,12,0,23,0,120,0,404,41,0,0,9,9,1,0,0,0,0,0,0,0,0,0,0,0,0,0,0,0,0,0,0,0,0,0,0,0,0,0,0,0,0,0,0,0,0,0,0,0,0,0,0,0,0,0,0,0,0,0,0,0,0,0,0,0,0,0,0,0,5,0,0,0,0,0,17,0,0,0,0,0,17,0,0,0,0,0,0,0,0,0,7,0,5,0,7,0,0,0,7,0,13,0,0,0,19,0,6,0,22,0,0,0,65,0,383,0,221,0,0,0,128,106,0,0,0,0,0,0,15,9,0,0,0,0,0,0,0,0,0,0,0,0,0,0,0,0,0,0,0,0,0,0,0,0,734,92,473,0,601,0,200,7,8,0,0,0,0,0,0
0,54,0,74,0,54,0,0,46,41,0,40,0,48,0,35,102,40,0,15,0,16,32,12,139,238,0,55,0,187,0,0,0,0,0,0,0,0,0,326,0,0,0,0,0,0,0,0,0,0,0,11,12,47,0,318,0,25,0,18,0,205,47,367,0,11,0,25,0,1,0,0,0,0,0,0,0,0,0,0,0,0,0,0,0,0,0,0,0,0,0,0,0,0,0,0,0,0,0,0,0,0,0,0,0,0,0,0,0,0,0,0,0,0,0,0,0,0,0,0,0,0,0,0,0,13,0,0,0,0,0,39,0,11,0,14,0,0,0,0,0,0,0,0,0,0,0,0,0,11,0,0,0,0,0,5,0,0,0,0,0,25,0,0,0,24,0,15,0,29,0,126,0,250,0,0,0,166,0,0,0,0,0,36,0,0,0,0,0,0,0,0,0,0,0,0,0,0,0,0,0,0,0,0,0,0,0,5,0,11,0,0,0,0,716,0,0,0,715,70,382,320,0,193,0
117,11,41,0,35,0,58,46,0,109,36,0,19,0,33,0,13,12,0,0,0,0,2,0,10,45,0,0,0,0,0,0,0,0,0,0,6,0,0,0,17,0,0,0,0,0,32,0,14,0,0,0,179,33,59,233,5,14,57,61,147,0,221,28,65,0,67,19,0,0,0,0,0,0,0,0,0,0,0,0,0,0,0,0,0,0,0,0,0,0,0,0,0,0,0,0,0,0,0,0,0,0,0,0,0,0,0,0,0,0,0,0,0,0,0,0,0,0,0,0,0,0,0,0,40,0,7,0,2,0,59,0,0,0,0,0,2,0,0,0,0,0,0,0,0,0,33,0,70,0,5,0,10,0,10,0,32,0,0,0,53,0,0,0,7,0,5,0,23,1,179,0,93,4,1,0,545,147,10,0,0,0,68,0,153,20,0,0,0,0,0,0,0,0,0,0,0,0,1,0,0,0,0,0,0,0,0,0,0,0,561,103,191,216,335,0,97,6,0,2,0,0,0,0,0
0,65,0,5,0,13,105,41,109,0,0,25,0,8,0,16,20,11,0,36,0,0,0,2,101,6,0,0,0,3,0,0,0,0,0,0,0,17,0,0,0,0,0,0,0,0,0,0,0,0,0,0,59,203,166,128,0,22,17,71,0,169,45,243,0,136,0,113,0,0,0,0,0,0,0,0,0,0,0,0,0,0,0,0,0,0,0,0,0,0,0,0,0,0,0,0,0,0,0,0,0,0,0,0,0,0,0,0,0,0,0,0,0,0,0,0,0,0,0,0,0,0,0,0,0,30,0,0,0,0,0,69,0,0,0,6,0,6,0,0,0,0,0,0,0,1,0,6,0,28,2,14,0,4,0,21,0,50,0,3,0,13,0,0,0,10,0,0,0,0,0,74,0,53,0,5,52,335,0,12,0,2,0,61,0,171,0,0,0,0,0,0,0,0,0,0,0,0,0,0,0,0,0,0,0,0,0,0,0,11,0,0,0,0,345,0,0,0,532,90,120,190,14,112,0
168,0,105,0,143,46,3,0,36,0,0,13,465,0,86,116,51,4,23,12,81,0,77,36,0,0,23,0,61,0,100,0,501,0,0,0,333,0,57,0,134,0,5,0,0,0,84,0,15,0,0,0,0,0,0,0,0,0,0,0,0,0,0,0,0,0,0,0,0,0,0,0,0,0,0,0,0,0,0,0,0,0,0,0,0,0,0,0,0,0,0,0,0,0,0,0,0,0,0,0,0,0,0,0,0,0,0,0,0,0,0,0,0,0,0,0,0,0,2,0,0,0,0,0,0,0,2,0,0,0,0,0,0,0,1,0,0,0,0,0,0,0,1,0,0,0,0,0,0,0,0,0,0,0,0,0,0,0,0,0,0,0,0,0,0,0,98,0,42,0,10,0,112,0,0,0,235,123,147,0,3,0,33,0,11,0,36,0,0,0,0,0,0,0,0,0,0,0,0,0,0,0,0,0,0,0,0,0,0,0,540,265,311,0,170,0,0,4,0,0,0,0,0,0,0
0,268,62,23,79,130,0,40,0,25,13,0,0,304,177,52,0,12,40,64,68,82,74,43,0,0,0,148,0,40,11,62,0,274,0,75,0,274,0,42,0,177,0,0,0,0,0,211,3,63,0,0,0,0,0,0,0,0,0,0,0,0,0,0,0,31,0,1,0,0,0,1,0,0,0,0,0,0,0,0,0,0,0,0,0,0,0,0,0,0,0,0,0,0,0,0,0,0,0,0,0,0,0,0,0,0,0,0,0,0,0,0,0,0,0,0,0,0,0,0,0,0,0,0,0,11,0,2,0,0,0,22,0,0,0,2,0,5,0,0,0,0,0,0,0,0,0,0,0,11,0,19,0,25,0,0,0,2,0,0,0,0,0,0,0,13,0,139,0,0,0,16,0,106,0,34,20,468,0,110,0,69,0,12,0,69,0,50,0,0,0,0,0,0,0,0,0,0,0,0,0,0,0,0,0,0,0,0,0,0,0,0,0,0,153,0,0,0,374,133,286,0,0,4,2
111,0,80,0,407,0,8,0,19,0,465,0,0,321,73,54,0,0,241,291,124,131,21,0,0,0,117,395,0,0,22,0,0,0,160,0,40,0,0,0,251,52,98,49,14,0,184,100,68,0,338,40,0,0,0,0,0,0,0,0,0,0,0,0,0,0,0,0,0,0,0,0,0,0,0,0,0,0,0,0,0,0,0,0,0,0,0,0,0,0,0,0,0,0,0,0,0,0,0,0,0,0,0,0,0,0,0,0,0,0,0,0,0,0,0,0,0,0,0,0,0,0,0,0,0,0,0,0,0,0,0,0,0,0,0,0,0,0,0,0,0,0,0,0,0,0,4,0,0,0,0,0,0,0,0,0,0,0,0,0,0,0,0,0,0,4,14,0,0,0,3,0,0,0,0,0,176,137,79,0,0,0,28,0,12,0,165,0,0,0,0,0,0,0,0,0,0,0,0,0,0,0,0,0,0,0,0,0,0,0,65,61,148,0,20,0,0,1,0,0,0,0,0,0,0
0,155,0,34,77,169,0,48,0,8,0,304,321,0,62,8,0,0,300,172,83,107,1,0,0,0,181,145,0,0,0,33,0,0,0,284,0,47,0,1,97,157,75,192,43,17,84,255,3,95,122,296,0,0,0,0,0,0,0,0,0,0,0,0,0,0,0,0,0,0,0,0,0,0,0,0,0,0,0,0,0,0,0,0,0,0,0,0,0,0,0,0,0,0,0,0,0,0,0,0,0,0,0,0,0,0,0,0,0,0,0,1,0,0,0,0,0,0,0,0,0,0,0,0,0,0,0,0,0,0,0,0,0,3,0,0,0,0,0,0,0,0,0,0,0,0,0,0,0,4,0,12,0,0,0,0,0,0,0,0,0,0,0,0,0,0,0,0,0,0,0,13,0,27,0,0,19,334,0,38,0,42,0,0,0,0,40,92,0,0,0,0,0,0,0,0,0,0,0,0,0,0,0,0,0,0,0,0,0,0,0,0,0,0,0,0,0,0,40,115,254,19,0,0,0
53,0,162,19,331,404,15,0,33,0,86,177,73,62,0,481,39,4,338,164,187,66,307,91,39,0,172,0,0,0,57,0,66,0,17,0,104,20,0,0,28,0,0,0,10,0,55,0,0,0,36,0,0,0,0,0,0,0,0,0,0,0,4,0,0,0,2,0,0,0,2,0,0,0,0,0,0,0,0,0,0,0,0,0,0,0,0,0,0,0,0,0,0,0,0,0,0,0,0,0,0,0,0,0,0,0,0,0,0,0,0,0,0,0,0,0,0,0,0,0,0,0,0,0,6,0,5,0,0,0,13,0,0,0,0,0,0,0,0,0,10,0,0,0,0,0,16,0,38,0,0,0,14,0,0,0,0,0,0,0,17,0,3,0,5,3,47,0,8,4,0,2,25,0,9,0,182,278,39,0,0,0,51,0,23,0,0,0,0,0,0,0,0,0,0,0,0,0,0,0,0,0,0,0,0,0,0,0,0,0,173,175,85,28,48,0,0,0,0,0,27,0,0,0,1
33,74,111,235,170,127,0,35,0,16,116,52,54,8,481,0,21,47,34,199,128,156,209,173,6,101,8,78,0,12,22,53,37,102,0,17,37,63,0,5,0,0,0,14,0,0,0,0,0,0,0,0,0,14,0,68,0,18,0,0,0,0,0,15,0,21,0,0,0,0,0,0,0,0,0,0,0,0,0,0,0,0,0,0,0,133,0,27,0,0,0,37,0,0,0,0,0,95,0,187,0,0,0,0,0,0,0,0,0,0,0,0,0,0,0,0,0,0,0,0,0,10,0,0,0,0,0,0,0,0,0,0,0,0,0,136,0,103,0,0,0,43,0,0,0,3,0,0,0,28,0,17,0,0,0,0,0,0,0,0,0,0,0,0,0,4,0,52,0,0,0,6,0,22,0,3,11,316,13,15,1,0,0,0,0,16,0,0,0,0,0,0,0,0,0,0,0,0,0,0,0,0,0,0,0,0,0,0,0,0,0,3,0,0,44,0,0,0,113,124,85,0,0,0,0
146,110,161,28,58,0,46,102,13,20,51,0,0,0,39,21,0,21,136,0,486,0,177,44,211,148,77,0,159,2,93,0,194,0,33,0,16,0,172,0,0,0,0,0,23,0,7,0,0,0,18,0,139,3,17,22,0,0,0,0,19,4,337,25,0,0,0,1,0,0,68,0,0,0,102,0,0,0,0,0,136,0,0,0,312,0,59,0,0,0,520,0,0,0,0,0,1023,0,396,0,0,0,0,0,0,0,361,0,0,0,0,0,0,0,0,0,0,0,0,0,91,0,163,0,0,0,0,0,50,0,4,0,0,0,0,0,319,0,89,0,74,0,397,0,33,0,0,0,0,0,0,0,1,0,75,0,0,0,36,0,0,0,0,0,0,0,9,0,0,0,7,0,78,8,0,0,69,99,26,0,0,0,109,0,0,1,0,0,0,0,0,0,0,0,0,0,0,0,0,0,315,0,0,0,0,0,0,0,0,0,58,267,78,22,24,0,0,0,0,5,0,0,0,1,0
28,72,30,21,5,0,11,40,12,11,4,12,0,0,4,47,21,0,0,31,0,239,54,72,37,54,0,0,0,98,0,24,0,25,0,0,0,3,0,85,0,0,0,0,0,0,2,0,0,0,0,0,0,121,0,57,0,16,0,0,0,19,8,130,14,0,0,0,0,0,0,0,0,0,0,0,0,0,0,0,0,0,0,0,0,132,0,0,0,0,0,0,0,0,0,0,0,69,0,0,0,59,0,0,0,0,0,0,0,0,0,0,0,0,0,0,0,0,0,0,0,0,0,0,0,0,0,0,0,0,0,0,0,11,0,104,0,52,0,53,0,75,0,54,7,0,0,0,0,1,0,0,0,1,0,17,0,0,0,15,10,3,0,0,0,0,0,0,0,0,0,5,0,0,0,0,0,74,0,3,0,0,1,0,0,0,0,0,0,0,0,0,0,0,0,0,0,0,0,0,0,12,0,0,0,0,0,0,0,0,0,0,0,1,8,0,0,0,11,14,12,0,0,0,0
19,0,60,0,118,109,0,0,0,0,23,40,241,300,338,34,136,0,0,211,156,110,244,4,53,0,185,271,0,0,13,0,0,0,125,0,9,6,0,0,28,15,19,35,37,9,35,36,0,0,159,29,0,0,0,0,0,0,0,0,0,0,0,0,0,0,0,0,0,0,0,0,0,0,0,0,0,0,0,0,0,0,0,0,0,0,0,0,0,0,0,0,0,0,0,0,0,0,0,0,0,0,0,0,0,0,0,0,0,0,0,0,0,0,0,0,0,0,0,0,0,0,0,0,0,0,0,0,0,0,0,0,0,0,0,0,0,0,0,0,0,0,0,0,4,0,0,0,14,0,0,0,0,0,0,0,0,0,0,0,0,0,0,0,9,0,9,0,0,0,0,0,7,0,0,0,47,60,32,0,0,0,0,0,9,0,70,8,0,0,0,0,0,0,0,0,0,0,0,0,0,0,0,0,0,0,0,0,0,0,23,67,77,0,8,0,1,0,0,0,0,0,0,0,0
0,98,0,144,144,261,0,15,0,36,12,64,291,172,164,199,0,31,211,0,127,285,7,67,0,35,80,452,0,3,0,50,0,11,51,230,16,50,0,0,31,0,27,58,3,32,23,73,1,23,87,112,0,8,0,12,0,0,0,0,0,0,0,0,0,36,0,0,0,0,0,0,0,0,0,3,0,0,0,0,0,0,0,0,0,94,0,0,0,0,0,0,0,0,0,0,0,41,0,0,0,0,0,0,0,0,0,0,0,0,0,0,0,0,0,0,0,0,0,0,0,0,0,0,0,0,0,0,0,0,0,0,0,0,0,0,0,0,0,11,0,23,0,0,0,7,0,0,0,12,0,14,0,0,0,0,0,0,0,0,0,0,0,0,0,23,0,38,0,0,0,0,0,0,0,0,11,150,0,12,0,0,0,3,0,34,7,9,0,0,0,0,0,0,0,0,0,0,0,9,0,0,0,0,0,0,0,6,0,0,0,7,0,0,39,0,0,0,66,92,118,0,0,1,0
0,0,43,5,176,128,0,0,0,0,81,68,124,83,187,128,486,0,156,127,0,45,197,16,26,6,192,0,39,0,132,0,100,0,115,12,27,0,3,0,0,0,0,0,64,0,18,0,0,0,37,0,10,0,0,0,5,2,0,0,0,0,104,0,2,0,2,0,0,0,94,0,0,0,143,0,0,0,0,0,114,0,0,0,74,0,38,0,0,0,216,0,0,0,0,0,256,0,414,0,85,0,0,0,0,0,0,0,0,0,0,0,0,0,0,0,0,0,0,0,88,0,43,0,0,0,0,0,0,0,0,0,0,0,0,0,0,0,0,0,0,0,43,0,100,0,0,0,2,0,0,0,0,0,5,0,0,0,0,1,0,2,0,0,0,0,37,0,51,0,0,0,35,0,5,0,38,52,73,0,0,0,7,0,0,0,27,0,0,0,0,0,0,0,0,0,0,0,0,0,40,0,0,0,0,0,0,0,0,0,273,289,212,66,103,0,0,3,0,3,0,0,0,0,0
0,0,0,69,58,199,0,16,0,0,0,82,131,107,66,156,0,239,110,285,45,0,0,313,0,34,32,259,0,55,0,99,0,120,17,168,0,62,0,13,0,1,0,47,0,34,9,14,0,16,48,69,0,26,0,26,0,0,0,1,0,8,0,148,0,2,0,0,0,0,0,18,0,0,1,36,0,0,0,0,0,279,0,0,0,508,0,161,0,0,0,0,0,0,0,0,0,102,0,580,0,245,0,0,0,0,0,0,0,0,0,0,0,0,0,0,0,0,0,0,0,94,0,0,0,0,0,0,0,0,0,0,0,0,0,168,0,173,0,193,0,274,0,296,0,134,0,0,0,0,0,0,0,0,0,56,0,9,0,45,0,0,0,5,0,18,0,58,0,38,0,6,0,29,0,0,0,54,0,0,0,0,0,0,0,0,0,5,0,0,0,0,0,0,0,0,0,0,0,0,0,0,0,0,0,0,0,0,0,0,0,0,6,0,60,0,0,0,175,229,188,40,0,0,0
138,178,663,83,167,53,32,32,2,0,77,74,21,1,307,209,177,54,244,7,197,0,0,159,218,149,85,0,35,12,25,0,34,23,10,0,0,20,14,16,2,0,0,0,17,0,11,0,0,0,0,0,5,0,46,0,0,0,0,0,2,0,42,3,0,0,0,0,0,0,0,0,0,0,21,0,0,0,0,0,0,0,0,0,57,0,0,0,0,0,0,0,0,0,0,0,164,0,0,0,0,0,0,0,0,0,88,0,0,0,2,0,0,0,0,0,0,0,0,0,10,0,0,0,0,0,6,0,0,0,0,3,0,0,0,0,259,0,0,0,31,0,0,0,0,0,17,0,24,0,20,0,20,0,4,0,0,0,0,0,0,0,0,0,0,0,10,0,0,0,0,0,31,21,12,0,110,178,16,0,7,0,70,0,8,0,0,0,0,0,0,0,0,0,0,0,0,0,0,0,154,0,0,0,2,0,0,0,11,0,83,192,48,22,38,0,0,0,0,0,19,0,0,0,0
71,26,103,56,35,27,1,12,0,2,36,43,0,0,91,173,44,72,4,67,16,313,159,0,13,43,0,0,0,57,0,37,0,63,0,19,0,49,0,25,1,0,0,0,0,0,0,0,0,0,0,0,0,26,0,22,0,8,0,0,0,0,0,42,0,0,0,0,0,0,0,0,0,0,0,2,0,0,0,0,0,0,0,0,0,167,0,0,0,0,0,39,0,0,0,0,0,98,0,200,0,95,0,0,0,0,0,0,0,0,0,0,0,0,0,0,0,0,0,0,0,0,0,0,0,0,0,0,0,0,0,0,0,0,0,119,2,60,0,23,0,34,0,31,0,0,0,0,0,4,0,0,0,1,3,1,0,1,0,0,0,2,0,0,0,0,0,41,0,0,0,12,0,19,1,0,13,135,0,6,0,0,0,0,0,0,0,0,0,0,0,0,0,0,0,0,0,1,0,0,0,0,0,0,0,0,0,0,0,9,0,0,0,0,20,0,0,0,51,83,35,0,0,0,0
27,104,130,0,0,0,116,139,10,101,0,0,0,0,39,6,211,37,53,0,26,0,218,13,0,205,19,0,7,0,0,0,2,0,0,0,0,0,0,0,0,0,0,0,0,0,0,0,3,0,0,0,80,39,222,120,53,0,12,0,41,0,265,53,0,0,0,0,0,0,0,0,0,0,0,0,0,0,0,0,0,0,0,0,30,0,0,0,0,0,0,0,0,0,0,0,74,0,0,0,0,0,0,0,0,0,0,0,0,0,0,0,0,0,0,0,0,0,0,0,0,0,0,0,34,0,18,0,106,0,27,0,20,0,84,0,391,0,28,0,26,0,163,0,0,0,19,0,26,0,65,0,10,0,72,0,0,2,23,0,47,0,0,0,0,0,0,0,10,0,74,4,79,0,11,0,106,108,0,0,0,0,4,0,4,1,0,0,0,0,5,0,0,0,0,0,5,0,0,0,136,0,0,0,0,0,10,0,32,0,141,23,120,81,104,0,0,0,9,0,0,0,0,0,0
192,27,70,48,0,13,65,238,45,6,0,0,0,0,0,101,148,54,0,35,6,34,149,43,205,0,0,0,3,57,0,0,4,0,0,0,0,15,0,48,0,0,0,3,0,0,0,0,0,0,0,0,1,52,3,157,0,49,0,7,0,19,37,95,0,18,0,0,0,0,0,0,1,0,0,0,0,0,0,0,0,0,0,0,0,63,0,0,0,0,0,26,0,0,0,0,0,83,0,110,0,44,0,0,0,0,0,126,0,0,0,0,0,0,0,0,0,0,0,0,0,0,0,0,0,0,0,7,0,34,0,41,0,42,0,264,0,347,0,87,0,63,0,51,4,0,0,3,0,0,0,24,0,0,2,10,0,4,0,0,0,9,0,0,0,0,0,0,0,6,0,13,0,31,0,0,34,218,0,1,0,0,0,2,1,7,0,0,0,0,0,0,0,0,0,0,0,0,0,49,0,77,0,0,0,0,0,39,0,63,4,0,0,0,17,0,0,0,23,5,20,20,3,0,1
22,0,56,0,87,0,0,0,0,0,23,0,117,181,172,8,77,0,185,80,192,32,85,0,19,0,0,272,39,0,32,0,13,0,68,0,70,0,0,0,70,87,125,0,261,22,292,153,61,0,303,0,0,0,0,0,0,0,0,0,0,0,38,0,3,0,1,0,0,0,35,0,0,0,0,0,0,0,0,0,0,0,0,0,0,0,0,0,0,0,0,0,0,0,0,0,0,0,0,0,0,0,0,0,0,0,0,0,0,0,0,0,0,0,0,0,0,0,0,0,0,0,0,0,0,0,0,0,0,0,0,0,0,0,0,0,0,0,19,0,46,0,0,0,0,0,0,0,0,0,0,0,0,0,0,0,2,0,0,0,0,0,0,0,48,0,19,0,0,0,0,1,29,0,0,0,21,36,0,0,0,0,7,0,0,0,77,6,0,0,0,0,0,0,0,0,0,0,0,0,0,0,0,0,0,0,0,0,0,0,0,231,311,0,15,0,0,21,0,0,0,0,0,0,0
0,162,0,56,0,254,0,55,0,0,0,148,395,145,0,78,0,0,271,452,0,259,0,0,0,0,272,0,0,0,0,25,2,0,29,151,5,80,0,0,273,25,131,328,89,445,205,487,0,58,112,384,0,0,0,0,0,0,0,0,0,0,0,10,0,28,0,0,0,0,0,0,0,0,0,0,0,0,0,0,0,0,0,0,0,0,0,0,0,2,0,0,0,0,0,0,0,0,0,0,0,42,0,0,0,0,0,0,0,0,0,0,0,0,0,0,0,0,0,0,0,0,0,0,0,0,0,9,0,0,0,0,0,0,0,0,0,0,0,0,0,0,0,0,0,0,0,0,0,14,0,12,0,4,0,12,0,0,0,0,0,6,0,4,0,79,0,32,0,44,0,0,0,0,0,0,0,189,0,8,0,0,0,0,0,11,54,82,0,0,0,0,0,0,0,0,0,0,0,0,0,0,0,0,0,0,0,0,0,0,0,0,0,0,0,0,0,0,30,250,497,0,0,0,3
181,0,241,0,54,0,0,0,0,0,61,0,0,0,0,0,159,0,0,0,39,0,35,0,7,3,39,0,0,0,57,0,31,0,13,0,16,0,22,0,0,0,15,0,0,0,0,0,0,0,19,0,3,0,0,0,0,0,0,0,5,0,6,0,0,0,0,0,0,0,23,0,0,0,31,0,0,0,0,0,0,0,0,0,0,0,0,0,0,0,47,0,0,0,0,0,64,0,117,0,14,0,0,0,0,0,14,0,0,0,0,0,0,0,0,0,0,0,0,0,19,0,16,0,0,0,0,0,0,0,0,0,0,0,0,0,0,0,17,0,38,0,25,0,29,0,0,0,0,0,1,0,0,0,6,0,0,0,3,0,0,0,0,0,0,0,0,0,0,0,0,0,0,0,2,0,0,0,7,0,0,0,10,0,0,0,0,0,0,0,0,0,0,0,0,0,0,0,0,0,0,0,0,0,0,0,0,0,0,0,53,40,4,0,15,0,0,0,0,0,0,0,0,0,0
0,187,0,267,0,44,1,187,0,3,0,40,0,0,0,12,2,98,0,3,0,55,12,57,0,57,0,0,0,0,0,34,0,77,0,6,0,5,0,50,0,0,0,0,0,0,0,0,0,0,0,5,0,32,0,11,0,14,0,0,0,17,0,59,0,4,0,0,0,0,0,1,0,0,0,4,0,0,0,0,0,55,0,0,0,162,0,0,0,0,0,0,0,0,0,0,0,49,0,0,0,0,0,0,0,0,0,0,0,0,0,0,0,0,0,0,0,0,0,0,0,0,0,8,0,0,0,0,0,0,0,0,0,17,0,103,0,63,0,52,0,109,0,103,1,15,0,0,0,2,0,0,0,1,0,22,0,1,0,18,2,5,0,0,0,0,0,1,0,0,0,0,0,0,0,0,0,26,0,7,0,0,0,0,1,0,0,0,0,0,0,0,0,0,0,0,0,0,0,0,0,0,0,0,0,0,0,0,0,0,0,0,0,0,0,0,0,0,9,0,0,0,0,0,0
12,0,58,0,174,0,0,0,0,0,100,11,22,0,57,22,93,0,13,0,132,0,25,0,0,0,32,0,57,0,0,0,42,0,4,0,36,0,2,0,0,0,22,0,3,0,0,0,0,0,17,0,0,0,0,0,0,0,0,0,0,0,17,0,0,0,0,1,0,0,42,0,0,0,38,0,0,0,0,0,41,0,0,0,0,0,0,0,0,0,0,0,0,0,0,0,0,0,0,0,0,0,0,0,0,0,0,0,0,0,0,0,0,0,0,0,0,0,0,0,24,0,0,0,0,0,0,0,0,0,0,0,0,0,0,0,0,0,0,0,26,0,0,0,41,0,0,0,0,0,0,0,0,0,0,0,0,0,0,0,0,0,6,0,0,0,11,0,0,0,0,0,0,0,0,0,24,10,32,0,0,0,2,0,2,0,0,0,0,0,0,0,0,0,0,0,0,0,0,0,0,0,0,0,0,0,0,0,0,0,60,75,56,20,0,0,0,1,0,0,0,0,0,0,0
0,0,0,24,0,182,0,0,0,0,0,62,0,33,0,53,0,24,0,50,0,99,0,37,0,0,0,25,0,34,0,0,0,19,0,19,0,40,0,36,0,0,0,5,0,0,0,0,0,0,0,16,0,0,0,0,0,0,0,0,0,0,0,34,0,0,0,1,0,0,0,0,0,0,0,0,0,0,0,0,0,0,0,0,0,107,0,0,0,0,0,0,0,0,0,0,0,0,0,109,0,0,0,0,0,0,0,0,0,0,0,0,0,0,0,0,0,0,0,0,0,0,0,0,0,0,0,0,0,0,0,0,0,0,0,0,0,0,0,49,0,63,0,54,0,64,0,0,0,0,0,0,0,0,0,19,0,10,0,31,0,0,0,0,0,5,0,35,0,0,0,0,0,0,0,1,0,0,0,0,0,0,0,0,0,0,0,0,0,0,0,0,0,0,0,0,0,0,0,0,0,0,0,0,0,0,0,0,0,0,0,0,0,0,0,0,0,0,42,52,55,0,0,0,0
140,0,254,0,419,0,0,0,0,0,501,0,0,0,66,37,194,0,0,0,100,0,34,0,2,4,13,2,31,0,42,0,0,0,49,0,170,0,0,0,0,0,17,0,4,0,0,0,0,0,16,0,3,0,0,0,0,0,0,0,3,0,11,0,0,0,0,0,0,0,18,0,0,0,0,0,0,0,0,0,0,0,0,0,0,0,0,0,0,0,0,0,0,0,0,0,0,0,0,0,0,0,0,0,0,0,0,0,0,0,0,0,0,0,0,0,0,0,0,0,0,0,7,0,0,0,0,0,0,0,0,0,0,0,0,0,0,0,0,0,0,0,0,0,17,0,0,0,0,0,0,0,0,0,5,0,0,0,1,0,0,0,0,0,0,0,21,0,2,0,0,0,0,0,0,0,0,0,136,0,0,0,24,0,4,0,0,0,0,0,0,0,0,0,0,0,0,0,0,0,0,0,0,0,0,0,0,0,0,0,34,141,25,9,15,0,2,0,0,0,0,0,0,0,0
0,273,0,358,0,426,0,0,0,0,0,274,0,0,0,102,0,25,0,11,0,120,23,63,0,0,0,0,0,77,0,19,0,0,0,22,0,158,0,6,0,0,0,11,0,0,0,0,0,0,0,17,0,3,0,0,0,0,0,0,0,12,0,16,0,0,0,0,0,0,0,4,0,0,0,0,0,0,0,0,0,0,0,0,0,0,0,0,0,0,0,5,0,0,0,0,0,0,0,0,0,0,0,0,0,0,0,0,0,0,0,0,0,0,0,0,0,0,0,0,0,0,0,0,0,0,0,0,0,0,0,0,0,0,0,0,0,0,0,0,0,0,0,0,0,0,0,0,0,0,0,0,0,0,0,4,0,9,0,0,0,0,0,0,0,0,0,81,0,6,0,0,0,0,0,0,6,81,0,36,0,0,0,0,0,0,0,0,0,0,0,0,0,0,0,0,0,0,0,0,0,0,0,0,0,0,0,0,0,0,0,0,0,0,0,0,0,0,0,46,49,0,0,0,0
0,0,4,0,68,0,0,0,0,0,0,0,160,0,17,0,33,0,125,51,115,17,10,0,0,0,68,29,13,0,4,0,49,0,0,0,183,0,0,0,0,0,9,0,17,0,0,0,5,0,72,0,0,0,0,0,0,0,0,0,0,0,7,0,0,0,0,0,0,0,46,0,0,0,40,0,0,0,0,0,0,0,0,0,6,0,0,0,0,0,0,0,0,0,0,0,0,0,0,0,0,0,0,0,0,0,0,0,0,0,0,0,0,0,0,0,0,0,0,0,0,0,13,0,0,0,0,0,0,0,0,0,0,0,0,0,0,0,0,0,0,0,0,0,36,0,0,0,0,0,0,0,0,0,0,0,0,0,0,0,2,0,0,0,38,0,50,0,32,0,0,0,33,0,0,0,33,13,51,0,0,0,0,0,0,0,34,0,0,0,0,0,0,0,0,0,0,0,0,0,0,0,0,0,0,0,0,0,0,0,97,118,173,47,25,0,0,0,0,0,0,0,0,0,0
0,4,0,0,22,155,0,0,0,0,0,75,0,284,0,17,0,0,0,230,12,168,0,19,0,0,0,151,0,6,0,19,0,22,0,0,0,230,0,5,0,0,0,49,0,8,0,0,0,0,0,40,0,0,0,8,0,0,0,0,0,0,0,10,0,0,0,0,0,0,0,6,0,0,0,0,0,0,0,0,0,48,0,0,0,69,0,0,0,0,0,0,0,0,0,0,0,0,0,0,0,0,0,0,0,0,0,0,0,0,0,0,0,0,0,0,0,0,0,0,0,0,0,0,0,0,0,0,0,0,0,0,0,0,0,0,0,0,0,43,0,59,0,0,0,31,0,0,0,0,0,0,0,0,0,0,0,3,0,9,0,0,0,0,0,22,0,71,0,34,0,9,0,26,0,0,0,38,0,0,0,0,0,0,0,0,0,5,0,0,0,0,0,0,0,0,0,0,0,0,0,0,0,0,0,0,0,0,0,0,0,0,0,0,27,0,0,0,61,86,210,22,0,0,0
64,0,0,0,278,33,0,0,6,0,333,0,40,0,104,37,16,0,9,16,27,0,0,0,0,0,70,5,16,0,36,0,170,0,183,0,0,0,21,0,0,0,21,0,29,0,0,0,0,0,27,0,0,0,0,0,0,0,4,0,3,0,54,0,2,0,1,0,0,0,43,0,3,0,38,0,0,0,0,0,0,0,0,0,1,0,0,0,0,0,0,0,0,0,0,0,0,0,0,0,0,0,0,0,0,0,0,0,0,0,0,0,0,0,0,0,0,0,0,0,0,0,0,0,0,0,0,0,0,0,0,0,0,0,0,0,0,0,62,0,64,0,0,0,98,0,0,0,2,0,0,0,0,0,14,0,7,0,0,0,0,0,21,1,13,0,20,0,60,0,11,0,39,0,0,0,26,32,88,0,0,0,0,0,0,0,4,0,0,0,0,0,0,0,0,0,0,0,0,0,0,0,0,0,0,0,0,0,0,0,41,116,93,29,19,0,3,0,0,0,0,0,0,0,0
0,254,0,115,0,379,0,0,0,17,0,274,0,47,20,63,0,3,6,50,0,62,20,49,0,15,0,80,0,5,0,40,0,158,0,230,0,0,0,12,0,2,0,69,0,12,0,0,0,0,0,40,0,0,0,6,0,0,0,2,0,26,0,18,0,0,0,0,0,0,0,0,0,0,0,0,0,0,0,4,0,0,0,0,0,0,0,0,0,0,0,0,0,0,0,0,0,8,0,0,0,0,0,0,0,0,0,0,0,0,0,0,0,0,0,0,0,0,0,0,0,0,0,0,0,0,0,0,0,0,0,0,0,0,0,0,0,0,0,79,0,88,0,55,0,120,0,0,0,0,0,0,0,0,0,19,0,26,0,27,0,0,0,0,0,7,0,102,0,30,0,13,0,146,0,0,0,94,0,25,0,0,0,11,0,8,0,1,0,0,0,0,0,0,0,0,0,0,0,0,0,0,0,0,0,0,0,0,0,0,0,0,0,0,17,0,0,0,35,91,113,22,0,0,0
420,0,303,0,0,0,0,0,0,0,57,0,0,0,0,0,172,0,0,0,3,0,14,0,0,0,0,0,22,0,2,0,0,0,0,0,21,0,0,0,0,0,3,0,0,0,0,0,0,0,0,0,6,0,0,0,0,0,2,0,5,0,21,0,0,0,1,0,0,0,23,0,0,0,15,0,0,0,0,0,0,0,0,0,6,0,0,0,0,0,0,0,0,0,0,0,0,0,0,0,0,0,0,0,0,0,0,0,0,0,0,0,0,0,0,0,0,0,2,0,0,0,0,0,0,0,0,0,0,0,0,0,0,0,0,0,0,0,11,0,0,0,0,0,33,0,0,0,0,0,0,0,0,0,9,0,0,0,0,0,0,0,7,0,0,0,8,0,0,0,0,0,113,0,0,0,12,3,6,0,0,0,95,0,0,0,0,0,0,0,0,0,0,0,0,0,0,0,0,0,0,0,0,0,0,0,0,0,0,0,164,250,52,73,108,0,3,0,0,0,0,0,0,0,0
0,494,0,236,0,32,0,326,0,0,0,42,0,1,0,5,0,85,0,0,0,13,16,25,0,48,0,0,0,50,0,36,0,6,0,5,0,12,0,0,0,0,0,0,0,0,0,0,0,1,0,4,0,6,0,0,0,3,0,0,0,22,0,31,0,0,0,0,0,0,0,0,0,0,0,1,0,0,0,0,0,0,0,0,0,0,0,0,0,0,0,0,0,0,0,1,0,0,0,0,0,0,0,0,0,0,0,0,0,0,0,0,0,0,0,0,0,0,0,0,0,0,0,0,0,3,0,0,0,0,0,0,0,0,0,0,0,0,0,50,0,32,0,0,0,33,0,0,0,0,0,0,0,0,0,34,0,9,0,38,0,0,0,0,0,0,0,1,1,0,0,2,0,65,0,0,0,80,0,7,0,0,0,22,0,0,0,0,0,0,0,0,0,0,0,0,0,0,0,0,0,0,0,0,0,0,0,0,0,0,1,0,0,0,54,0,0,0,68,76,21,0,0,0,0
48,0,32,0,140,0,4,0,17,0,134,0,251,97,28,0,0,0,28,31,0,0,2,1,0,0,70,273,0,0,0,0,0,0,0,0,0,0,0,0,0,126,5,26,36,43,170,303,166,24,14,13,0,0,0,0,0,0,0,0,0,0,0,0,0,0,0,0,0,0,0,0,0,0,0,0,0,0,0,0,0,0,0,0,0,0,0,0,0,0,0,0,0,0,0,0,0,0,0,0,0,0,0,0,0,0,0,0,0,0,0,0,0,0,0,0,0,0,0,0,0,0,0,0,0,0,0,0,0,0,0,0,0,0,0,0,0,0,0,0,0,0,0,0,0,0,0,0,0,0,2,0,0,0,0,0,0,0,0,0,0,0,0,0,0,0,0,0,0,0,0,0,2,0,0,0,29,47,31,0,15,0,12,0,0,0,159,8,0,0,0,0,0,0,0,0,0,0,0,0,0,0,0,0,0,0,0,0,0,0,0,83,28,0,0,0,0,12,0,0,0,0,0,0,0
0,56,0,0,0,34,1,0,0,0,0,177,52,157,0,0,0,0,15,0,0,1,0,0,0,0,87,25,0,0,0,0,0,0,0,0,0,2,0,0,126,0,46,22,116,29,215,371,29,148,0,10,0,0,0,1,0,0,0,0,0,0,0,0,0,0,0,0,0,0,0,0,0,0,0,0,0,0,0,0,0,0,0,0,0,0,0,0,0,0,0,0,0,0,0,0,0,0,0,0,0,0,0,0,0,0,0,3,0,0,0,0,0,0,0,0,0,0,0,0,0,0,0,0,0,0,0,0,0,0,0,0,0,0,0,0,0,0,0,0,0,0,0,0,0,0,0,0,0,0,0,0,0,0,0,0,0,0,0,0,0,0,0,0,0,16,0,0,0,0,0,0,0,0,0,0,0,149,0,31,0,13,0,0,0,9,31,16,0,0,0,0,0,0,0,0,0,0,0,0,0,0,0,0,0,0,0,0,0,0,0,2,0,0,0,0,0,0,0,25,55,0,0,1,38
4,0,2,0,0,0,0,0,0,0,5,0,98,75,0,0,0,0,19,27,0,0,0,0,0,0,125,131,15,0,22,0,17,0,9,0,21,0,3,0,5,46,0,21,42,2,40,64,50,2,37,0,0,0,0,0,0,0,0,0,1,0,4,0,0,0,0,0,4,0,9,0,0,0,11,0,2,0,0,0,0,0,6,0,0,0,0,0,0,0,0,0,0,0,0,0,0,0,24,0,0,0,0,0,0,0,0,0,0,0,0,0,0,0,0,0,0,0,0,0,0,0,0,0,0,0,0,0,0,0,0,0,0,0,0,0,0,0,14,0,0,0,0,0,0,0,0,0,0,0,0,0,0,0,4,0,0,0,5,0,0,0,0,0,27,0,13,0,17,0,2,0,11,0,0,0,5,24,3,0,0,0,0,0,0,0,109,3,0,0,0,0,0,0,0,0,0,0,0,0,0,0,0,0,0,0,0,0,0,0,12,67,89,0,7,0,0,4,0,0,3,0,0,0,0
0,0,0,0,0,0,0,0,0,0,0,0,49,192,0,14,0,0,35,58,0,47,0,0,0,3,0,328,0,0,0,5,0,11,0,49,0,69,0,0,26,22,21,0,9,242,25,97,3,47,0,36,0,0,0,0,0,0,0,0,0,0,0,0,0,0,0,0,0,2,0,5,0,4,0,13,0,0,0,7,0,55,0,0,0,70,0,0,0,0,0,0,0,0,0,0,0,0,0,0,0,25,0,0,0,0,0,0,0,0,0,0,0,0,0,0,0,0,0,0,0,29,0,11,0,0,0,0,0,0,0,0,0,0,0,0,0,0,0,0,0,0,0,38,0,37,0,0,0,0,0,0,0,0,0,0,0,0,0,0,0,0,0,0,0,56,0,55,0,38,0,3,0,27,0,0,2,68,0,0,0,0,0,0,0,0,9,47,0,0,0,0,0,0,0,0,0,0,0,0,0,0,0,0,0,0,0,0,0,0,0,0,0,0,11,0,0,0,0,53,148,0,0,0,0
0,0,7,0,11,0,0,0,0,0,0,0,14,43,10,0,23,0,37,3,64,0,17,0,0,0,261,89,0,0,3,0,4,0,17,0,29,0,0,0,36,116,42,9,0,43,273,259,215,27,147,2,0,0,0,0,5,0,4,0,0,0,12,0,0,0,0,0,41,0,12,0,0,0,18,0,6,0,13,0,0,0,41,0,6,0,0,0,0,0,0,0,25,0,0,0,0,0,0,0,0,0,47,0,0,0,0,0,3,0,0,0,0,0,0,0,1,0,0,0,0,0,0,0,0,0,0,0,0,0,0,0,0,0,0,0,0,0,0,0,0,0,0,0,0,0,0,0,0,0,0,0,0,0,3,0,0,0,0,0,7,0,9,0,91,4,24,0,92,0,17,0,28,0,0,0,0,35,3,0,0,0,0,0,5,0,46,4,0,0,0,0,0,0,0,0,0,0,0,0,0,0,0,0,0,0,0,0,0,0,21,117,190,13,0,0,0,72,0,2,0,0,0,0,2
0,0,0,0,0,0,0,0,0,0,0,0,0,17,0,0,0,0,9,32,0,34,0,0,0,0,22,445,0,0,0,0,0,0,0,8,0,12,0,0,43,29,2,242,43,0,63,328,32,200,0,205,0,1,0,0,0,0,0,1,0,0,0,1,0,0,0,0,0,15,0,0,0,1,0,0,0,15,0,0,0,51,0,45,0,35,0,0,0,10,0,0,0,6,0,0,0,0,0,59,0,0,0,29,0,0,0,0,0,0,0,0,0,0,0,0,0,2,0,0,0,37,0,0,0,0,0,0,0,0,0,1,0,0,0,0,0,0,0,0,0,0,0,12,0,33,0,0,0,0,0,0,0,0,0,0,0,0,1,0,0,0,0,0,2,196,0,51,0,220,0,8,0,24,0,0,0,56,0,1,0,0,0,0,0,1,8,33,0,0,0,0,0,0,0,0,0,0,0,0,0,0,0,0,0,0,0,0,0,0,0,4,0,0,8,0,0,2,24,123,298,8,1,0,15
51,0,41,0,116,0,0,0,32,0,84,0,184,84,55,0,7,2,35,23,18,9,11,0,0,0,292,205,0,0,0,0,0,0,0,0,0,0,0,0,170,215,40,25,273,63,0,457,250,44,42,0,0,0,0,0,0,0,0,0,0,0,0,0,0,0,0,0,0,0,0,0,0,0,0,0,0,0,0,0,0,0,0,0,0,0,0,0,0,0,0,0,0,0,0,0,0,0,0,0,6,0,0,0,0,0,0,0,0,0,0,0,0,0,0,0,0,0,0,0,0,0,0,0,0,0,0,0,0,0,16,0,0,0,0,0,0,0,0,0,0,0,0,0,0,0,4,0,0,0,0,0,0,0,0,0,0,0,0,0,0,0,0,0,39,0,3,0,0,2,0,0,0,0,0,0,17,36,20,0,3,0,10,0,12,0,127,12,0,0,0,0,0,0,0,0,0,0,0,0,0,0,0,0,0,0,0,0,0,0,0,325,178,4,0,0,0,165,0,0,0,0,0,0,0
0,131,0,0,0,140,0,0,0,0,0,211,100,255,0,0,0,0,36,73,0,14,0,0,0,0,153,487,0,0,0,0,0,0,0,0,0,0,0,0,303,371,64,97,259,328,457,0,75,138,23,61,0,0,0,0,0,0,0,0,0,0,0,0,0,0,0,0,0,0,0,0,0,0,0,0,0,0,0,0,0,0,0,0,0,0,0,0,0,0,0,0,0,0,0,0,0,0,0,0,0,0,0,0,0,0,0,0,0,0,0,0,0,0,0,0,0,0,0,0,0,0,0,0,0,0,0,0,0,0,0,0,0,0,0,0,0,0,0,0,0,0,0,0,0,0,0,0,0,8,0,12,0,0,0,0,0,0,0,0,0,3,0,0,0,87,0,0,0,0,0,0,0,0,0,0,0,208,0,4,0,0,0,0,0,0,91,33,0,0,0,0,0,0,0,0,0,0,0,0,0,0,0,0,0,0,0,0,0,0,0,16,0,0,0,0,0,0,7,187,275,4,0,1,54
15,1,0,0,0,0,46,0,14,0,15,3,68,3,0,0,0,0,0,1,0,0,0,0,3,0,61,0,0,0,0,0,0,0,5,0,0,0,0,0,166,29,50,3,215,32,250,75,0,60,26,0,35,0,25,0,51,0,19,0,9,0,2,0,0,0,0,0,59,0,6,0,3,0,7,0,0,0,15,0,20,0,43,0,0,0,17,4,35,1,0,0,40,1,40,4,0,0,18,0,28,0,159,0,12,2,13,0,3,0,1,0,0,0,1,0,1,0,0,0,0,0,0,0,0,0,0,0,0,0,21,0,0,0,0,0,0,0,0,0,9,0,0,0,9,0,0,0,0,0,25,0,0,0,22,0,14,0,13,0,40,0,6,0,24,0,5,0,49,0,20,0,20,0,0,0,25,24,25,0,0,0,9,0,0,0,211,0,0,0,0,0,31,0,25,0,0,0,68,1,43,0,42,2,47,0,36,0,0,1,145,140,242,25,67,0,25,78,1,13,27,11,0,4,1
0,17,0,0,0,14,0,0,0,0,0,63,0,95,0,0,0,0,0,23,0,16,0,0,0,0,0,58,0,0,0,0,0,0,0,0,0,0,0,1,24,148,2,47,27,200,44,138,60,0,0,57,0,0,0,0,0,4,0,2,0,1,0,0,0,0,0,0,0,17,0,0,0,0,0,0,0,3,0,0,0,12,0,37,0,0,0,9,0,7,0,0,0,7,0,36,0,0,0,13,0,0,0,15,0,0,0,6,0,5,0,0,0,0,0,0,0,2,0,0,0,6,0,0,0,0,0,0,0,1,0,0,0,0,0,0,0,0,0,0,0,0,0,0,0,11,0,0,0,0,0,0,0,2,0,0,0,0,0,0,0,0,0,0,0,100,0,29,0,63,0,7,0,22,0,0,0,120,0,4,0,11,0,2,0,0,27,72,0,0,0,0,0,0,0,0,0,0,0,0,0,0,0,0,0,0,0,0,0,0,0,12,4,0,6,0,0,12,15,109,77,7,0,0,37
0,0,0,0,80,23,0,0,0,0,0,0,338,122,36,0,18,0,159,87,37,48,0,0,0,0,303,112,19,0,17,0,16,0,72,0,27,0,0,0,14,0,37,0,147,0,42,23,26,0,0,19,4,0,0,0,1,0,0,0,0,0,5,0,0,0,0,0,14,0,17,0,0,0,18,0,0,0,0,0,0,0,35,0,0,0,25,0,0,0,0,0,0,0,21,0,0,0,0,0,0,0,24,0,0,0,0,0,0,0,0,0,0,0,0,0,0,0,0,0,15,0,0,0,0,0,0,0,0,0,0,0,0,0,0,0,0,0,0,0,0,0,0,0,0,0,0,0,0,0,0,0,0,0,0,0,0,0,0,0,2,0,12,0,48,0,25,0,169,0,15,0,36,0,0,0,40,26,46,0,0,0,0,0,0,0,117,2,0,0,0,0,0,0,0,0,0,0,0,0,0,0,0,0,0,0,0,0,0,0,44,87,191,26,17,0,5,8,0,0,0,0,0,0,0
0,0,0,0,0,0,0,11,0,0,0,0,40,296,0,0,0,0,29,112,0,69,0,0,0,0,0,384,0,5,0,16,0,17,0,40,0,40,0,4,13,10,0,36,2,205,0,61,0,57,19,0,0,0,0,0,0,4,0,0,0,0,0,0,0,0,0,1,0,0,0,0,0,0,0,13,0,9,0,0,0,59,0,0,0,63,0,39,0,0,0,0,0,0,0,0,0,0,0,0,0,21,0,0,0,0,0,0,0,0,0,0,0,0,0,0,0,1,0,0,0,27,0,0,0,0,0,0,0,0,0,0,0,0,0,0,0,0,0,0,0,0,0,27,0,24,0,0,0,0,0,0,0,0,0,0,0,0,0,7,0,0,0,0,0,15,0,39,0,126,0,7,0,31,0,0,3,51,0,0,0,0,0,0,0,0,0,26,0,0,0,0,0,0,0,0,0,0,0,0,0,0,0,0,0,0,0,0,0,0,0,0,0,0,0,0,0,0,0,34,118,0,0,0,0
0,0,43,0,8,0,231,12,179,59,0,0,0,0,0,0,139,0,0,0,10,0,5,0,80,1,0,0,3,0,0,0,3,0,0,0,0,0,6,0,0,0,0,0,0,0,0,0,35,0,4,0,0,20,248,92,96,36,55,114,84,0,61,1,4,0,40,69,0,0,4,0,0,0,16,0,0,0,0,0,0,0,0,0,47,0,0,0,0,0,0,0,0,0,0,0,74,0,0,0,0,0,0,0,0,0,0,0,0,0,0,0,0,0,0,0,0,0,0,0,0,0,21,0,0,0,2,0,90,0,6,0,0,0,0,0,149,0,204,0,90,3,112,0,22,0,3,0,7,0,0,0,0,2,286,4,95,2,152,0,36,0,13,0,0,0,0,0,12,0,99,0,10,0,0,0,35,0,0,0,0,0,10,0,3,8,0,0,0,0,0,0,0,0,0,0,0,0,0,0,32,0,0,0,0,0,0,0,0,0,385,162,160,242,389,11,84,6,4,1,0,0,0,0,0
0,13,0,14,0,0,40,47,33,203,0,0,0,0,0,14,3,121,0,8,0,26,0,26,39,52,0,0,0,32,0,0,0,3,0,0,0,0,0,6,0,0,0,0,0,1,0,0,0,0,0,0,20,0,42,73,3,102,37,36,0,102,9,65,0,0,30,20,0,0,0,0,0,0,0,0,0,0,0,0,0,0,0,0,0,42,0,0,0,0,0,8,0,0,0,0,0,25,0,38,0,8,0,0,0,0,0,0,0,0,0,0,0,0,0,0,0,0,0,0,0,0,0,0,1,2,0,0,0,43,0,21,0,27,0,94,0,138,0,164,0,108,0,74,0,29,0,0,0,0,0,0,0,0,1,211,0,161,0,143,0,15,0,0,0,0,0,2,0,0,0,66,0,10,0,0,7,92,0,0,0,0,0,32,0,66,0,0,0,0,0,0,0,0,0,0,0,0,0,0,0,8,0,0,0,0,0,0,0,3,0,0,0,0,173,0,0,0,86,17,71,85,10,14,0
3,0,44,0,0,0,303,0,59,166,0,0,0,0,0,0,17,0,0,0,0,0,46,0,222,3,0,0,0,0,0,0,0,0,0,0,0,0,0,0,0,0,0,0,0,0,0,0,25,0,0,0,248,42,0,190,58,16,72,111,35,0,24,9,5,0,41,78,0,0,0,0,1,0,0,0,0,0,0,0,0,0,0,0,0,0,0,0,0,0,0,0,0,0,0,0,5,0,1,0,0,0,0,0,0,0,0,0,0,0,0,0,0,0,0,0,0,0,0,0,0,0,0,0,19,0,0,0,50,0,26,0,0,0,0,0,45,0,13,0,0,0,19,1,0,0,0,0,5,0,10,0,0,0,97,5,47,0,21,0,94,0,4,0,6,0,0,0,13,0,120,0,9,0,0,0,63,8,0,0,0,0,2,0,0,21,0,0,0,0,0,0,0,0,0,0,0,0,0,0,4,0,0,0,0,0,0,0,0,0,253,79,192,188,252,0,95,8,10,5,0,0,0,2,0
0,18,0,70,0,14,155,318,233,128,0,0,0,0,0,68,22,57,0,12,0,26,0,22,120,157,0,0,0,11,0,0,0,0,0,8,0,6,0,0,0,1,0,0,0,0,0,0,0,0,0,0,92,73,190,0,12,148,108,120,3,34,78,216,0,6,51,12,0,0,0,0,0,0,0,0,0,1,0,0,0,0,0,0,0,0,0,0,0,0,0,0,0,0,0,0,0,0,0,0,0,0,0,0,0,0,0,0,0,0,0,0,0,0,0,0,0,0,0,0,0,0,0,0,0,0,0,0,0,35,0,70,0,54,0,47,5,81,0,15,0,0,2,11,0,0,2,0,0,0,0,16,0,0,0,24,4,23,0,14,0,63,0,0,0,0,0,0,0,22,0,221,0,82,0,0,28,98,0,0,0,0,0,2,7,21,0,0,0,0,0,0,0,0,0,0,0,0,0,0,0,0,0,0,0,0,0,0,0,7,0,3,0,0,419,0,0,0,228,37,328,360,0,148,0
0,0,0,0,0,0,12,0,5,0,0,0,0,0,0,0,0,0,0,0,5,0,0,0,53,0,0,0,0,0,0,0,0,0,0,0,0,0,0,0,0,0,0,0,5,0,0,0,51,0,1,0,96,3,58,12,0,28,444,56,0,0,2,0,71,0,26,50,0,0,0,0,0,0,0,0,0,0,0,0,0,0,0,0,0,0,0,0,0,0,0,0,0,0,0,0,0,0,0,0,0,0,0,0,0,0,0,0,0,0,0,0,0,0,0,0,0,0,2,0,0,0,0,0,24,0,0,0,37,0,50,0,19,0,0,0,28,0,5,4,0,0,0,0,2,0,3,0,5,2,10,0,0,0,153,18,23,0,86,0,328,0,0,0,7,0,3,0,16,0,101,0,0,0,0,0,30,0,0,0,0,0,0,0,16,4,0,0,0,0,0,0,0,0,0,0,0,0,0,0,0,0,0,0,0,0,1,0,12,0,385,165,377,639,1009,79,183,0,0,2,0,0,0,0,0
0,3,0,16,0,0,0,25,14,22,0,0,0,0,0,18,0,16,0,0,2,0,0,8,0,49,0,0,0,14,0,0,0,0,0,0,0,0,0,3,0,0,0,0,0,0,0,0,0,4,0,4,36,102,16,148,28,0,128,281,0,23,3,17,13,34,73,95,0,0,0,0,0,0,0,1,0,0,0,0,0,0,0,0,0,0,0,0,0,0,0,0,0,0,0,0,0,0,0,0,0,0,0,0,0,0,0,0,0,0,0,0,0,0,0,0,0,0,0,0,0,0,0,0,0,20,0,8,0,56,0,146,0,30,0,24,0,40,0,19,0,0,0,9,16,5,0,10,0,10,0,10,0,0,26,215,8,51,2,107,0,115,0,19,0,12,0,0,0,68,0,447,0,31,0,14,4,0,0,0,0,0,0,0,11,9,0,0,0,0,0,0,0,0,0,0,0,0,0,0,0,0,0,0,0,0,0,4,0,8,1,0,0,0,1204,0,0,0,407,129,604,503,86,45,1
8,0,11,0,0,0,23,0,57,17,0,0,0,0,0,0,0,0,0,0,0,0,0,0,12,0,0,0,0,0,0,0,0,0,0,0,4,0,2,0,0,0,0,0,4,0,0,0,19,0,0,0,55,37,72,108,444,128,0,221,20,0,4,0,221,29,470,150,0,0,0,0,0,0,0,0,0,0,0,0,0,0,0,0,0,0,0,0,0,0,0,0,0,0,0,0,0,0,0,0,0,0,0,0,0,0,0,1,0,0,0,0,0,0,0,0,0,0,0,0,0,0,0,0,15,0,2,0,4,0,48,0,4,0,0,0,0,0,0,0,0,0,0,0,3,5,6,0,18,1,0,0,0,0,44,41,74,5,5,49,90,18,0,0,9,0,3,0,0,0,54,0,12,0,0,40,269,0,0,0,0,0,0,0,311,33,0,0,0,0,0,0,0,0,0,0,0,0,0,0,0,0,0,0,0,0,0,0,0,0,467,299,175,468,902,0,126,0,0,6,0,0,0,0,0
0,7,0,8,0,0,0,18,61,71,0,0,0,0,0,0,0,0,0,0,0,1,0,0,0,7,0,0,0,0,0,0,0,0,0,0,0,2,0,0,0,0,0,0,0,1,0,0,0,2,0,0,114,36,111,120,56,281,221,0,0,24,13,18,18,229,84,418,0,0,0,0,0,1,0,0,0,0,0,0,0,0,0,0,0,0,0,0,0,0,0,0,0,0,0,0,0,0,0,0,0,0,0,0,0,0,0,0,0,0,0,0,0,0,0,1,0,0,0,0,0,0,0,0,0,14,0,0,0,5,3,80,0,12,0,3,0,0,0,9,0,0,0,0,0,14,0,0,0,2,0,9,1,0,42,97,13,143,2,39,0,111,0,6,0,0,0,0,0,12,0,128,0,0,0,35,36,7,0,0,0,0,0,1,26,156,0,0,0,0,0,0,0,0,0,0,0,0,0,0,0,0,0,0,0,0,0,2,0,3,0,0,0,0,1054,0,0,0,641,170,338,476,0,107,0
108,0,86,0,0,0,120,0,147,0,0,0,0,0,0,0,19,0,0,0,0,0,2,0,41,0,0,0,5,0,0,0,3,0,0,0,3,0,5,0,0,0,1,0,0,0,0,0,9,0,0,0,84,0,35,3,0,0,20,0,0,0,39,0,0,0,4,0,0,0,5,0,0,0,3,0,1,0,0,0,0,0,0,0,0,0,0,0,0,0,0,0,0,0,0,0,0,0,0,0,0,0,0,0,0,0,0,0,0,0,0,0,0,0,0,0,0,0,0,0,2,0,0,0,0,0,0,0,0,0,0,0,0,0,0,0,0,0,161,0,45,0,15,0,155,0,1,0,0,0,0,0,0,0,95,0,88,0,21,0,3,0,28,0,5,0,0,0,2,0,101,0,121,0,0,0,0,0,0,0,0,0,17,0,0,0,0,0,0,0,0,0,0,0,0,0,0,0,0,0,0,0,0,0,0,0,0,0,0,0,121,133,72,96,94,0,43,2,0,0,1,0,0,0,0
0,106,0,9,0,0,0,205,0,169,0,0,0,0,0,0,4,19,0,0,0,8,0,0,0,19,0,0,0,17,0,0,0,12,0,0,0,26,0,22,0,0,0,0,0,0,0,0,0,1,0,0,0,102,0,34,0,23,0,24,0,0,3,59,0,0,0,5,0,0,0,0,0,0,0,0,0,0,0,2,0,0,0,0,0,0,0,0,0,0,0,0,0,0,0,0,0,0,0,0,0,0,0,0,0,0,0,0,0,0,0,0,0,0,0,0,0,0,0,0,0,0,0,1,0,0,0,0,0,3,0,0,0,0,0,0,0,12,0,32,0,22,0,9,0,172,0,0,0,0,0,0,0,0,0,38,0,112,0,43,0,0,0,6,0,0,0,1,0,3,0,81,0,117,0,0,0,71,0,0,0,0,1,62,0,34,0,0,0,0,0,0,0,0,0,0,0,0,0,0,0,1,0,0,0,0,0,0,0,0,0,0,0,0,32,0,0,0,25,115,92,71,2,35,0
195,6,123,0,0,0,404,47,221,45,0,0,0,0,4,0,337,8,0,0,104,0,42,0,265,37,38,0,6,0,17,0,11,0,7,0,54,0,21,0,0,0,4,0,12,0,0,0,2,0,5,0,61,9,24,78,2,3,4,13,39,3,0,8,0,0,0,4,0,0,40,0,0,0,61,1,0,0,0,0,0,0,0,0,46,0,0,0,0,0,0,0,0,0,0,0,0,0,0,0,0,0,0,0,0,0,0,0,0,0,0,0,0,0,0,0,0,0,0,0,38,0,37,0,1,0,0,0,7,0,0,0,3,0,0,0,0,0,76,0,127,0,0,0,69,0,0,0,0,0,5,0,0,0,46,0,8,0,19,0,3,0,0,0,0,0,1,0,0,0,23,0,28,0,0,0,36,28,1,0,0,0,9,0,3,1,0,0,0,0,0,0,0,0,0,0,0,0,0,0,6,0,0,0,0,0,0,0,0,0,123,96,33,48,46,0,8,2,0,0,0,0,0,1,0
17,222,0,0,0,5,41,367,28,243,0,0,0,0,0,15,25,130,0,0,0,148,3,42,53,95,0,10,0,59,0,34,0,16,0,10,0,18,0,31,0,0,0,0,0,1,0,0,0,0,0,0,1,65,9,216,0,17,0,18,0,59,8,0,0,0,0,5,0,0,0,0,0,0,0,0,0,0,0,0,0,0,0,0,0,20,0,0,0,0,0,0,0,0,0,0,0,0,0,0,0,0,0,0,0,0,0,0,0,0,0,0,0,0,0,0,0,0,0,0,0,0,0,0,0,0,1,0,0,0,0,3,0,0,0,0,0,0,0,37,0,13,0,15,0,0,0,0,0,0,0,0,0,0,0,34,0,12,0,23,0,5,0,0,0,0,0,0,0,0,0,7,0,11,0,0,11,192,0,1,0,0,0,63,0,12,0,0,0,0,0,0,0,0,0,0,0,0,0,0,0,0,0,0,0,0,0,0,0,0,0,1,1,0,11,0,0,0,11,0,22,22,0,9,0
4,0,4,0,0,0,0,0,65,0,0,0,0,0,0,0,0,14,0,0,2,0,0,0,0,0,3,0,0,0,0,0,0,0,0,0,2,0,0,0,0,0,0,0,0,0,0,0,0,0,0,0,4,0,5,0,71,13,221,18,0,0,0,0,0,0,112,16,0,0,0,0,0,0,0,3,0,0,0,0,0,0,0,0,0,0,0,0,0,0,0,2,0,0,0,0,0,0,0,0,0,0,0,0,0,0,0,0,0,0,0,0,0,0,0,0,0,0,0,0,0,4,0,0,25,0,0,0,0,0,41,0,0,0,0,0,0,0,0,21,0,7,0,0,4,0,13,0,68,0,1,0,0,0,6,27,0,0,0,35,538,0,0,0,0,0,0,0,0,0,0,0,2,0,83,30,57,0,0,0,28,46,0,0,316,0,0,0,0,0,0,0,0,0,0,0,0,0,0,0,0,1,0,0,0,0,1,0,0,0,40,12,0,0,69,0,0,0,8,0,0,0,0,0,0
0,63,0,24,0,27,0,11,0,136,0,31,0,0,0,21,0,0,0,36,0,2,0,0,0,18,0,28,0,4,0,0,0,0,0,0,0,0,0,0,0,0,0,0,0,0,0,0,0,0,0,0,0,0,0,6,0,34,29,229,0,0,0,0,0,0,0,289,0,0,6,0,0,0,0,9,0,0,0,0,0,0,0,0,0,0,1,0,0,0,0,0,0,0,0,0,0,0,0,0,0,0,0,0,0,0,0,0,0,0,0,0,0,0,0,0,0,0,0,0,0,7,0,0,10,71,0,11,0,0,70,250,0,9,0,0,0,0,53,24,0,32,0,0,37,79,0,33,0,403,0,19,0,0,15,6,6,15,0,19,100,513,0,17,0,0,0,0,0,0,0,0,0,5,2,144,4,0,0,0,9,189,0,12,0,118,0,0,0,0,0,0,0,0,0,0,0,0,0,0,1,0,0,0,0,0,0,5,0,0,0,0,0,0,170,0,0,0,143,20,69,0,0,0,0
4,0,0,0,0,0,9,0,67,0,0,0,0,0,2,0,0,0,0,0,2,0,0,0,0,0,1,0,0,0,0,0,0,0,0,0,1,0,1,0,0,0,0,0,0,0,0,0,0,0,0,0,40,30,41,51,26,73,470,84,4,0,0,0,112,0,0,0,0,0,0,0,0,0,0,0,0,0,0,0,0,0,0,0,0,0,0,0,0,0,0,0,0,0,0,0,0,0,0,0,0,0,0,0,0,0,0,0,0,0,0,0,0,0,0,0,0,0,0,0,0,0,0,0,0,0,0,0,0,0,8,0,0,0,0,0,0,0,0,0,0,0,0,0,0,0,6,0,48,0,0,0,0,0,10,28,0,0,0,0,131,17,0,0,0,0,0,0,3,0,6,0,0,0,0,21,229,0,0,0,0,0,0,0,592,14,0,0,0,0,0,0,0,0,0,0,0,0,0,0,0,0,0,0,0,0,0,0,1,0,71,73,11,0,77,0,0,0,0,0,0,1,0,0,0
0,25,0,0,0,3,9,25,19,113,0,1,0,0,0,0,1,0,0,0,0,0,0,0,0,0,0,0,0,0,1,1,0,0,0,0,0,0,0,0,0,0,0,0,0,0,0,0,0,0,0,1,69,20,78,12,50,95,150,418,0,5,4,5,16,289,0,0,0,0,0,0,0,0,0,0,0,0,0,0,0,0,0,0,0,0,0,0,0,0,0,0,0,0,0,0,0,0,0,0,0,0,0,0,0,1,0,0,0,0,0,0,0,0,0,0,0,0,0,0,0,0,0,0,0,6,0,0,0,0,0,39,0,0,0,0,0,0,7,11,0,0,0,0,13,40,0,5,0,12,0,0,0,0,40,91,25,116,0,79,0,163,0,0,0,0,0,0,0,0,0,0,0,5,0,178,52,4,0,0,0,0,0,8,48,549,0,0,0,0,0,0,0,0,0,0,0,0,0,0,0,0,0,0,0,0,0,0,0,0,0,0,0,0,326,0,0,0,207,112,0,0,0,6,0
2,0,2,0,0,0,1,0,0,0,0,0,0,0,0,0,0,0,0,0,0,0,0,0,0,0,0,0,0,0,0,0,0,0,0,0,0,0,0,0,0,0,4,0,41,0,0,0,59,0,14,0,0,0,0,0,0,0,0,0,0,0,0,0,0,0,0,0,0,0,0,0,10,0,0,0,107,0,29,0,0,0,46,0,0,0,72,0,59,0,0,0,15,0,44,0,0,0,0,0,21,0,193,0,0,0,47,0,90,0,19,0,4,0,13,0,46,0,0,0,0,0,0,0,0,0,0,0,0,0,0,0,0,0,0,0,0,0,0,0,0,0,0,0,0,0,0,0,0,0,5,0,0,0,0,0,0,0,1,0,0,0,0,0,99,0,2,0,214,0,9,0,0,0,0,0,0,0,0,0,0,0,0,0,0,0,0,0,0,0,0,0,38,0,27,0,0,0,0,0,56,0,0,0,0,0,0,0,0,0,66,0,108,5,17,24,127,5,0,0,0,0,0,0,0
0,0,0,0,0,0,0,1,0,0,0,0,0,0,0,0,0,0,0,0,0,0,0,0,0,0,0,0,0,0,0,0,0,0,0,0,0,0,0,0,0,0,0,2,0,15,0,0,0,17,0,0,0,0,0,0,0,0,0,0,0,0,0,0,0,0,0,0,0,0,0,0,0,0,0,0,0,34,1,0,0,0,0,99,0,0,0,12,0,9,0,0,0,51,0,39,0,0,0,0,0,0,0,163,0,0,0,0,0,59,0,0,0,2,0,1,0,12,0,0,0,0,0,0,0,0,0,1,2,0,0,0,0,0,0,0,0,0,0,0,0,0,0,0,0,0,0,0,0,0,0,0,0,0,0,0,0,0,0,0,0,0,0,0,0,28,0,0,0,77,0,3,0,0,0,0,0,0,0,0,0,4,0,0,0,0,0,0,0,14,0,0,0,0,0,0,0,0,0,12,0,0,0,0,0,0,0,0,0,0,0,0,0,0,25,0,0,0,41,8,131,0,9,309,5
0,0,0,0,0,0,0,0,0,0,0,0,0,0,2,0,68,0,0,0,94,0,0,0,0,0,35,0,23,0,42,0,18,0,46,0,43,0,23,0,0,0,9,0,12,0,0,0,6,0,17,0,4,0,0,0,0,0,0,0,5,0,40,0,0,6,0,0,0,0,0,0,201,0,329,0,4,0,60,0,14,0,0,0,2,0,12,0,0,0,0,0,0,0,0,0,0,0,15,0,0,0,0,0,4,0,0,0,0,0,0,0,0,0,0,0,0,0,0,0,22,4,5,0,14,0,21,2,7,0,13,26,51,0,0,0,6,0,8,3,45,10,9,0,77,10,10,0,59,0,20,0,24,0,0,0,4,0,1,0,9,3,51,0,0,0,0,0,59,0,26,0,46,0,9,0,0,0,0,0,30,21,0,0,5,0,0,0,0,0,0,0,0,0,0,0,0,0,0,4,0,0,0,0,0,0,28,0,33,0,41,3,40,8,12,0,0,0,3,0,0,6,0,0,0
0,0,0,3,0,0,0,0,0,0,0,1,0,0,0,0,0,0,0,0,0,18,0,0,0,0,0,0,0,1,0,0,0,4,0,6,0,0,0,0,0,0,0,5,0,0,0,0,0,0,0,0,0,0,0,0,0,0,0,0,0,0,0,0,0,0,0,0,0,0,0,0,0,113,0,284,0,9,0,18,0,0,0,0,0,0,0,32,0,0,0,0,0,0,0,0,0,0,0,0,0,0,0,0,0,0,0,0,0,0,0,0,0,0,0,0,0,0,0,0,3,11,0,15,0,59,0,0,0,0,0,0,0,89,0,0,0,30,0,0,0,52,0,0,0,152,0,0,0,0,0,38,0,0,0,0,0,8,0,0,0,6,0,38,0,0,0,16,0,0,0,12,0,30,0,14,0,0,0,0,0,34,0,0,0,24,0,0,0,0,0,0,0,0,0,0,0,0,0,0,0,0,0,0,0,0,0,0,0,0,0,0,0,0,14,0,0,0,60,1,0,0,0,0,0
0,0,0,0,0,0,0,0,0,0,0,0,0,0,0,0,0,0,0,0,0,0,0,0,0,1,0,0,0,0,0,0,0,0,0,0,3,0,0,0,0,0,0,0,0,0,0,0,3,0,0,0,0,0,1,0,0,0,0,0,0,0,0,0,0,0,0,0,10,0,201,0,0,0,150,0,84,0,250,0,5,0,29,0,0,0,16,0,0,0,0,0,0,0,0,0,0,0,2,0,0,0,0,0,0,0,0,0,1,0,0,0,0,0,0,0,0,0,0,0,80,0,13,0,61,0,36,0,19,0,26,0,70,0,0,0,12,0,39,0,50,0,24,0,94,0,28,0,11,1,97,0,8,5,0,0,1,0,3,0,5,0,71,0,0,0,0,0,32,0,22,0,6,0,0,0,0,0,0,0,31,0,0,0,0,0,0,0,0,0,0,0,0,0,0,0,0,0,138,0,71,0,0,0,0,0,0,0,124,0,271,7,47,5,11,3,5,0,0,0,0,0,0,0,0
0,0,0,0,0,0,0,0,0,0,0,0,0,0,0,0,0,0,0,0,0,0,0,0,0,0,0,0,0,0,0,0,0,0,0,0,0,0,0,0,0,0,0,4,0,1,0,0,0,0,0,0,0,0,0,0,0,0,0,1,0,0,0,0,0,0,0,0,0,0,0,113,0,0,0,220,0,24,0,81,0,0,0,1,0,0,0,66,0,0,14,0,0,0,0,0,0,4,0,0,0,0,0,2,0,0,0,0,0,0,0,0,0,0,0,0,0,0,0,0,0,40,0,14,0,113,0,70,0,1,0,0,0,151,0,61,0,53,0,0,0,29,0,0,0,93,0,0,0,0,0,127,0,21,0,0,0,0,0,0,0,0,0,66,0,3,0,0,0,23,0,4,0,7,0,14,0,0,0,0,30,78,0,0,0,8,0,0,0,0,0,0,0,2,0,0,0,0,0,125,0,0,0,0,0,0,0,184,0,73,0,0,0,0,37,0,0,0,125,0,18,0,0,0,0
0,0,0,0,0,0,0,0,0,0,0,0,0,0,0,0,102,0,0,0,143,1,21,0,0,0,0,0,31,0,38,0,0,0,40,0,38,0,15,0,0,0,11,0,18,0,0,0,7,0,18,0,16,0,0,0,0,0,0,0,3,0,61,0,0,0,0,0,0,0,329,0,150,0,0,0,19,0,117,0,10,9,5,0,0,0,9,0,0,0,0,0,0,0,0,0,16,3,0,0,1,0,0,0,0,0,0,0,0,0,0,0,0,0,0,0,0,0,0,0,34,3,18,0,16,21,0,0,0,0,19,0,0,20,76,0,11,14,0,0,46,20,64,0,120,11,14,0,48,7,41,0,50,0,0,0,1,0,0,0,2,0,33,26,0,0,0,0,56,15,18,0,32,0,18,0,0,0,0,0,69,28,2,0,19,0,0,0,0,0,0,0,0,0,0,0,0,0,156,0,131,0,0,0,41,0,95,0,91,0,35,0,28,0,16,0,2,0,4,0,0,0,2,0,0
0,0,0,2,0,0,0,0,0,0,0,0,0,0,0,0,0,0,0,3,0,36,0,2,0,0,0,0,0,4,0,0,0,0,0,0,0,0,0,1,0,0,0,13,0,0,0,0,0,0,0,13,0,0,0,0,0,1,0,0,0,0,1,0,3,9,0,0,0,0,0,284,0,220,0,0,0,18,0,110,0,17,0,1,2,4,0,96,0,0,0,0,0,0,0,0,0,0,0,0,8,0,0,0,0,0,0,0,0,0,0,0,0,0,0,0,0,0,0,0,8,212,0,57,0,0,0,27,20,0,0,0,0,114,0,0,0,54,24,0,0,68,0,14,17,306,0,48,0,0,6,121,8,0,0,0,0,4,6,2,0,0,0,42,0,0,0,20,0,24,0,11,0,0,0,16,0,0,0,0,0,116,0,0,0,31,0,0,0,0,0,0,0,0,0,0,0,0,0,0,0,0,0,0,0,3,0,0,0,0,0,0,0,0,18,0,0,0,115,5,16,0,0,0,0
0,0,0,0,0,0,0,0,0,0,0,0,0,0,0,0,0,0,0,0,0,0,0,0,0,0,0,0,0,0,0,0,0,0,0,0,0,0,0,0,0,0,2,0,6,0,0,0,0,0,0,0,0,0,0,0,0,0,0,0,1,0,0,0,0,0,0,0,107,0,4,0,84,0,19,0,0,0,80,0,7,0,28,0,0,0,42,0,0,0,0,0,11,0,15,0,13,0,15,0,0,0,72,0,0,0,0,0,28,0,3,0,0,0,10,0,5,0,0,0,6,0,0,0,0,0,0,0,0,0,0,0,0,0,0,0,0,0,0,0,2,0,0,0,0,0,0,0,0,0,0,0,0,0,0,0,0,0,0,0,0,0,0,0,7,0,0,0,46,0,3,0,1,0,2,0,0,0,0,0,0,0,0,0,0,0,0,0,0,0,0,0,0,0,30,0,0,0,0,0,60,0,0,0,51,0,0,0,0,0,33,5,26,0,9,2,9,0,1,0,0,0,0,0,0
0,0,0,0,0,0,0,0,0,0,0,0,0,0,0,0,0,0,0,0,0,0,0,0,0,0,0,0,0,0,0,0,0,0,0,0,0,0,0,0,0,0,0,0,0,15,0,0,0,3,0,9,0,0,0,1,0,0,0,0,0,0,0,0,0,0,0,0,0,34,0,9,0,24,0,18,0,0,0,24,0,43,0,44,0,0,0,85,0,3,1,4,0,25,1,32,0,20,0,0,0,6,0,92,1,20,0,33,0,7,0,0,0,0,0,0,0,20,0,0,0,10,0,2,0,4,3,0,0,0,0,2,0,0,0,0,0,11,0,0,0,3,0,0,0,4,6,0,0,0,0,0,0,0,0,0,0,0,0,0,0,0,0,4,0,14,0,0,0,83,0,0,0,0,0,0,0,0,0,0,0,10,0,0,0,0,0,0,0,99,0,0,0,0,0,70,0,7,0,111,0,48,1,73,0,78,0,50,0,8,2,0,0,0,15,0,0,0,51,22,84,7,0,6,3
1,0,0,0,0,0,0,0,0,0,0,0,0,0,0,0,0,0,0,0,0,0,0,0,0,0,0,0,0,0,0,0,0,0,0,0,0,0,0,0,0,0,0,0,13,0,0,0,15,0,0,0,0,0,0,0,0,0,0,0,0,0,0,0,0,0,0,0,29,1,60,0,250,0,117,0,80,0,0,0,14,0,27,0,0,0,82,0,0,0,10,0,10,0,12,0,32,0,36,0,6,0,46,0,23,0,28,0,12,0,0,0,0,0,1,0,1,0,0,0,84,0,22,0,0,0,5,0,0,0,4,0,0,0,0,0,0,0,0,0,0,0,42,0,7,0,0,0,0,0,11,0,3,0,0,0,1,0,0,0,0,0,7,0,19,0,0,0,146,0,2,0,0,0,0,0,0,0,0,0,9,2,0,0,0,0,0,0,0,0,0,0,52,0,26,0,0,0,107,0,114,0,0,0,96,0,0,0,0,0,252,4,94,15,46,11,16,4,0,0,0,0,0,0,0
