0,211,109,159,128,0,36,156,32,0,229,0,55,0,0,106,32,73,9,0,0,0,32,184,5,292,0,0,95,0,6,0,131,0,0,0,43,0,235,0,0,0,0,0,0,0,0,0,12,0,0,0,0,0,2,0,0,0,0,0,60,0,78,0,0,0,2,0,0,0,0,0,0,0,0,0,0,0,0,0,0,0,0,0,0,0,0,0,0,0,0,0,0,0,0,0,0,0,0,0,0,0,0,0,0,0,0,0,0,0,0,0,0,0,0,0,0,0,0,0,0,0,0,0,0,0,0,0,0,0,0,0,0,0,0,0,0,0,0,0,0,0,1,0,0,0,0,0,0,0,0,0,0,0,0,0,0,0,0,0,0,0,0,0,0,0,0,0,47,0,0,0,376,0,0,0,523,135,16,0,0,0,106,0,0,0,0,0,0,0,0,0,0,0,0,0,0,0,0,0,0,0,0,0,0,0,0,0,0,0,521,331,288,0,306,0,0,0,0,0,8,0,0,0,0
211,0,258,70,0,163,79,122,0,40,0,203,0,66,0,21,133,15,0,37,14,10,290,0,302,19,0,141,25,138,0,0,0,162,0,0,1,149,0,506,0,16,1,0,0,41,0,71,0,9,0,12,0,15,0,10,0,5,0,6,0,103,28,70,0,32,0,12,0,3,0,0,0,0,0,0,0,0,0,0,0,0,0,0,0,28,0,0,0,0,0,0,0,0,0,0,0,0,0,0,0,0,0,0,0,0,0,0,0,0,0,0,0,0,0,0,0,0,0,0,0,0,0,0,0,0,0,0,0,0,0,23,0,0,0,79,0,53,0,0,0,0,0,0,0,0,0,0,0,18,0,0,0,32,0,0,0,19,0,3,0,0,0,0,0,9,0,52,0,41,0,39,0,242,0,35,102,680,3,7,0,0,21,3,0,89,0,0,0,0,0,0,0,0,0,0,0,0,0,0,0,0,0,0,0,0,0,0,0,47,4,0,0,0,409,0,0,0,712,293,282,0,0,0,0
109,258,0,126,281,0,72,0,12,0,69,77,66,0,49,139,51,45,47,0,25,0,223,144,76,183,47,0,232,0,78,0,255,0,0,0,58,0,220,0,0,0,0,0,0,0,21,0,17,0,0,0,0,0,52,0,0,0,0,0,28,0,62,0,7,0,5,0,0,0,0,0,0,0,0,0,0,0,0,0,0,0,0,0,0,0,0,0,0,0,0,0,0,0,0,0,0,0,0,0,0,0,0,0,0,0,0,0,0,0,0,0,0,0,0,0,0,0,1,0,0,0,0,0,13,0,42,0,0,0,41,0,3,0,201,0,37,0,0,0,0,0,0,0,0,0,139,0,22,0,56,0,54,0,0,0,0,0,0,0,6,0,0,0,0,0,161,0,51,0,0,0,441,0,4,0,168,102,0,0,0,0,21,0,19,0,0,0,0,0,0,0,0,0,1,0,0,0,34,0,202,0,3,0,0,0,0,0,62,0,667,185,408,323,505,0,0,0,7,0,0,0,0,0,0
159,70,126,0,0,244,0,111,0,11,0,41,0,0,37,135,35,26,0,157,18,45,209,84,38,49,0,60,0,253,0,0,0,258,0,0,0,72,0,231,0,0,0,0,0,0,0,12,0,0,0,0,0,0,0,35,0,0,0,0,0,0,0,3,0,0,0,0,0,0,0,0,0,0,1,0,0,0,0,0,0,0,0,0,0,52,0,0,0,0,0,0,0,0,0,0,0,0,0,0,0,0,0,0,0,0,0,0,0,0,0,0,0,0,0,0,0,0,0,0,0,0,0,0,1,0,0,0,0,0,0,0,0,28,0,208,0,183,4,29,0,44,0,0,0,0,0,0,0,0,0,9,0,0,0,17,0,0,0,0,0,6,0,0,0,0,0,139,0,19,0,21,0,112,0,0,41,106,0,0,0,0,8,0,0,5,0,0,0,0,0,0,0,0,0,0,0,0,0,0,0,0,0,0,0,0,0,0,0,27,3,0,0,1,218,0,0,0,309,73,260,107,0,0,0
128,0,281,0,0,284,22,0,74,0,152,173,480,71,104,390,0,15,156,285,89,0,27,153,1,16,210,0,23,0,261,0,231,0,359,0,286,0,0,0,168,0,0,0,48,0,152,0,0,0,0,0,0,0,0,0,0,0,0,0,0,0,0,0,0,0,8,0,0,0,0,0,0,0,0,0,0,0,0,0,0,0,0,0,0,0,0,0,0,0,0,0,0,0,0,0,0,0,0,0,0,0,0,0,0,0,0,0,0,0,0,0,0,0,0,0,0,0,0,0,0,0,0,0,0,0,0,0,0,0,0,0,0,0,50,0,0,0,0,0,0,0,0,0,0,0,79,0,15,0,0,0,29,0,0,0,0,0,0,0,0,0,0,0,64,0,348,0,80,0,6,0,78,0,7,0,492,144,148,0,3,0,73,0,43,0,0,2,0,0,0,0,0,0,0,0,0,0,0,0,40,0,0,0,0,0,0,0,0,0,521,351,457,0,235,0,0,0,0,0,0,0,0,0,0
0,163,0,244,284,0,0,124,0,28,159,227,0,310,461,66,0,0,135,206,198,172,136,39,0,13,0,488,0,40,0,119,0,234,0,128,16,110,0,0,0,137,0,0,0,76,0,230,0,6,0,0,0,10,0,9,0,0,0,0,0,0,0,0,0,31,0,0,0,0,0,0,0,0,0,0,0,0,0,0,0,0,0,0,0,0,0,0,0,18,0,0,0,0,0,0,0,0,0,0,0,0,0,0,0,0,0,0,0,0,0,0,0,0,0,0,0,0,0,0,0,0,0,0,0,0,0,0,0,0,0,0,0,0,0,0,0,158,0,0,0,0,0,0,0,0,0,0,0,0,0,0,0,0,0,11,0,0,0,0,0,0,0,0,0,48,0,262,0,52,0,30,0,88,0,0,155,405,25,23,0,0,0,0,0,20,0,14,0,0,0,0,0,0,0,0,0,0,0,0,0,0,0,0,0,0,0,0,0,37,0,0,0,0,207,0,0,0,442,251,336,87,0,0,0
36,79,72,0,22,0,0,0,95,221,32,0,0,0,0,0,9,0,0,0,0,0,14,0,203,154,0,0,46,0,0,0,0,0,0,0,0,0,0,0,0,0,0,0,0,0,0,0,29,0,3,0,0,43,163,107,12,0,13,0,118,0,216,0,17,0,39,12,0,0,0,0,0,0,0,0,0,0,0,0,0,0,0,0,0,0,0,0,0,0,0,0,0,0,0,0,0,0,0,0,0,0,0,0,0,0,0,0,0,0,0,0,0,0,0,0,0,0,1,0,0,0,0,0,18,0,48,0,0,0,60,0,0,0,15,0,8,0,0,0,0,0,0,0,0,0,40,0,9,0,21,0,0,1,0,0,18,0,3,0,11,0,0,0,0,0,0,0,84,0,219,0,396,0,0,0,134,47,0,0,0,0,0,22,20,17,0,0,0,0,0,0,0,0,0,0,0,0,0,0,0,0,0,0,0,0,0,0,32,0,854,164,304,469,831,0,145,0,0,0,0,2,0,0,0
156,122,0,111,0,124,0,0,157,92,0,58,0,21,0,28,78,14,0,0,0,0,0,27,290,105,0,0,18,133,0,0,0,0,0,0,0,0,0,331,0,0,0,0,0,0,0,0,0,2,0,0,18,0,0,97,0,11,0,9,0,144,72,268,0,0,0,0,0,0,0,0,0,0,0,0,0,0,0,0,0,7,0,0,0,0,0,0,0,0,0,0,0,0,0,0,0,4,0,0,0,0,0,0,0,0,0,7,0,0,0,0,0,0,0,0,0,0,0,0,0,0,0,0,0,0,0,0,0,17,0,52,0,30,0,125,0,134,0,13,1,18,0,43,0,0,0,0,0,5,0,0,0,2,0,10,0,0,0,3,0,19,0,0,0,0,0,8,0,36,0,62,0,249,0,0,57,131,0,0,0,0,21,1,0,0,0,0,0,0,0,0,0,0,0,0,0,3,0,0,0,0,0,0,0,0,0,0,0,46,4,0,0,0,718,0,0,0,639,71,273,434,9,156,0
32,0,12,0,74,0,95,157,0,376,44,0,50,0,13,0,20,0,10,0,4,0,0,0,28,222,32,0,10,0,0,0,0,0,0,0,5,0,0,0,24,0,0,0,0,0,34,0,5,0,0,0,78,81,75,243,19,0,131,0,239,0,349,67,150,0,82,13,0,0,0,0,0,0,0,0,0,0,0,0,0,0,0,0,0,0,0,0,1,0,0,0,0,0,0,0,0,0,0,0,0,0,0,0,0,0,0,0,0,0,0,0,0,0,0,0,0,0,0,0,0,0,0,0,11,0,36,0,0,0,61,0,0,0,24,0,0,0,0,0,0,0,4,0,0,0,105,0,39,0,35,0,16,0,0,0,22,0,0,0,16,0,0,0,0,0,0,0,44,0,141,0,131,0,3,0,528,107,0,0,0,0,9,13,137,31,0,0,0,0,0,0,0,0,0,0,1,0,15,0,0,0,0,0,0,0,0,0,37,0,620,169,126,0,336,0,0,7,0,0,0,2,0,0,0
0,40,0,11,0,28,221,92,376,0,0,35,0,7,0,0,47,0,0,0,0,0,6,0,302,11,0,0,0,0,0,0,0,3,0,1,0,0,0,0,0,0,0,0,0,0,0,12,0,0,0,0,152,71,286,107,24,38,0,125,0,156,171,202,0,233,0,148,0,0,0,0,0,0,0,0,0,0,0,0,0,0,0,0,0,6,0,0,0,0,0,0,0,0,0,0,0,5,0,0,0,0,0,0,0,0,0,0,0,0,0,0,0,0,0,0,0,0,0,0,0,0,0,0,0,35,0,0,0,0,0,115,0,0,0,126,0,86,0,3,0,0,0,0,0,0,0,26,0,75,0,91,0,45,4,12,0,28,0,0,0,9,0,0,0,0,0,0,0,37,0,91,0,118,0,0,107,555,0,0,0,0,0,0,14,111,0,0,0,0,0,0,0,0,0,0,0,0,0,0,0,36,0,0,0,0,0,0,0,153,4,0,0,0,427,0,0,0,609,82,167,255,13,66,0
229,0,69,0,152,159,32,0,44,0,0,0,299,0,0,349,1,0,11,65,13,0,0,106,0,0,0,0,0,0,50,0,96,0,66,0,91,0,0,0,97,0,0,0,23,0,64,0,8,0,0,0,0,0,3,0,0,0,0,0,0,0,0,0,8,0,10,0,0,0,0,0,0,0,0,0,0,0,0,0,0,0,0,0,0,0,0,0,0,0,0,0,0,0,0,0,0,0,0,0,0,0,0,0,0,0,0,0,0,0,0,0,0,0,0,0,0,0,0,0,0,0,0,0,0,0,0,0,0,0,0,0,0,0,0,0,0,0,0,0,0,0,0,0,0,0,0,0,7,0,10,0,0,0,0,0,0,0,0,0,0,0,0,0,0,0,91,0,0,0,1,0,0,0,9,0,439,86,107,0,8,0,27,0,10,0,4,0,0,0,0,0,0,0,0,0,0,0,0,0,0,0,0,0,0,0,0,0,0,0,178,156,135,0,0,0,0,0,0,2,0,0,0,0,0
0,203,77,41,173,227,0,58,0,35,0,0,0,389,241,8,27,0,0,35,142,86,155,20,0,0,0,246,0,72,10,47,10,461,0,100,0,155,0,85,0,219,0,0,0,72,0,192,0,21,2,0,0,4,0,0,0,0,0,5,0,0,0,3,0,18,0,1,0,0,0,0,0,0,0,0,0,0,0,0,0,0,0,0,0,0,0,0,0,0,0,0,0,0,0,0,0,2,0,0,0,0,0,0,0,0,0,0,0,0,0,0,0,0,0,0,0,0,0,0,0,0,0,0,0,0,0,0,0,0,0,0,0,4,0,73,0,40,0,0,0,0,0,0,0,0,0,0,0,13,0,0,0,40,0,4,0,0,0,0,0,0,0,0,0,0,0,105,0,20,0,0,0,33,0,132,104,489,11,45,0,91,1,0,0,89,0,8,0,0,0,0,0,0,0,0,0,1,0,0,0,0,0,0,0,0,0,0,0,50,0,0,0,0,48,0,0,0,219,116,72,0,0,0,0
55,0,66,0,480,0,0,0,50,0,299,0,0,191,46,51,0,0,153,494,0,154,0,0,0,0,256,295,0,0,0,0,0,0,185,0,21,0,0,0,227,45,167,97,60,0,160,0,37,0,266,0,0,0,0,0,0,0,0,0,0,0,0,0,0,0,0,0,0,0,0,0,0,0,0,0,0,0,0,0,0,0,0,0,0,0,0,0,0,0,0,0,0,0,0,0,0,0,0,0,0,0,0,0,0,0,0,0,0,0,0,0,0,0,0,0,0,0,0,0,0,0,0,0,0,0,0,0,0,0,0,0,0,0,0,0,0,0,0,0,0,0,0,0,0,0,0,0,11,0,0,0,0,0,0,0,0,0,0,0,0,0,0,0,64,0,4,0,0,0,1,0,0,0,0,0,273,80,155,0,0,0,35,0,13,0,341,5,0,0,0,0,0,0,0,0,0,0,0,0,0,0,0,0,0,0,0,0,0,0,0,174,92,16,0,0,0,7,0,0,0,0,0,0,0
0,66,0,0,71,310,0,21,0,7,0,389,191,0,0,0,0,0,482,157,136,181,0,0,0,0,486,155,0,0,0,52,0,48,0,225,0,48,0,0,0,262,126,342,0,88,49,283,0,56,74,330,0,0,0,0,0,0,0,0,0,3,0,7,0,12,0,0,0,0,0,0,0,2,0,0,0,0,0,0,0,0,0,0,0,0,0,0,0,0,0,0,0,0,0,0,0,0,0,0,0,0,0,0,0,0,0,0,0,0,0,0,0,0,0,0,0,0,0,0,0,20,0,0,0,0,0,0,0,0,0,0,0,0,0,0,0,0,0,0,0,0,0,0,0,0,0,0,0,0,0,0,0,0,0,0,0,0,0,0,0,0,0,0,0,95,0,50,0,24,0,4,0,0,0,0,50,397,0,14,0,32,0,5,0,19,19,138,0,0,0,0,0,0,0,0,0,0,0,0,0,0,0,0,0,0,0,0,0,0,1,0,0,0,39,0,0,0,0,257,261,0,0,0,0
0,0,49,37,104,461,0,0,13,0,0,241,46,0,0,427,5,0,151,250,115,116,179,96,7,0,241,0,1,0,140,31,38,80,129,0,51,0,0,0,21,0,6,0,3,0,23,0,0,0,14,15,0,0,0,0,0,0,0,0,0,0,1,0,2,0,1,0,0,0,0,0,0,0,0,0,0,0,0,0,0,0,0,0,0,0,0,0,0,0,0,0,0,0,0,0,0,0,0,0,0,0,0,0,0,0,0,0,0,0,0,0,0,0,0,0,0,0,0,0,0,0,0,0,0,0,16,0,0,0,0,0,4,1,49,0,0,0,0,0,0,0,38,0,0,0,25,0,7,0,25,0,29,0,0,0,0,0,0,0,0,0,0,0,33,0,84,0,0,0,0,0,7,0,5,0,163,79,10,0,2,0,19,0,26,0,0,0,0,0,0,0,0,0,0,0,0,0,0,0,45,0,0,0,0,0,0,0,7,0,89,208,99,0,38,0,0,0,0,0,0,0,0,0,0
106,21,139,135,390,66,0,28,0,0,349,8,51,0,427,0,42,9,43,405,167,242,325,81,0,34,0,174,0,8,35,58,36,66,0,59,13,98,0,5,0,0,0,55,0,18,0,0,0,0,0,42,0,0,0,25,0,36,0,0,0,11,0,32,0,0,0,0,0,0,0,0,0,0,0,0,0,0,0,0,0,127,0,0,0,193,0,0,0,0,0,0,0,0,0,0,0,113,0,0,0,0,0,0,0,0,0,0,0,0,0,0,0,0,0,0,0,0,0,0,0,37,0,0,0,0,0,0,0,0,0,0,0,16,0,251,0,161,0,80,0,120,0,399,0,0,0,0,0,0,0,0,0,0,0,51,0,0,0,6,0,0,0,0,0,30,0,126,0,30,0,12,0,36,0,0,65,132,30,0,0,0,2,0,0,0,0,0,0,0,0,0,0,0,0,0,0,0,0,0,0,38,0,0,0,0,0,0,0,0,0,0,0,0,57,0,0,0,148,182,77,0,0,0,0
32,133,51,35,0,0,9,78,20,47,1,27,0,0,5,42,0,0,22,0,125,0,91,94,51,136,103,0,119,0,51,0,94,0,0,0,8,7,169,20,12,0,28,0,20,0,0,0,0,0,21,0,109,2,14,0,0,0,0,0,8,5,290,17,0,0,0,0,0,0,0,0,0,0,0,0,0,0,0,0,173,0,0,0,337,0,93,0,0,0,0,0,0,0,0,0,586,0,234,0,0,0,0,0,0,0,0,0,0,0,0,0,0,0,0,0,0,0,0,0,117,0,123,0,0,0,0,0,19,0,0,0,18,0,0,0,213,0,39,0,174,0,417,0,0,1,0,0,0,0,0,0,0,0,45,0,0,0,17,0,0,0,0,0,0,0,20,0,37,0,0,0,113,0,0,0,28,19,0,0,0,0,0,0,1,0,0,0,0,0,0,0,0,0,0,0,0,0,0,0,57,0,0,0,0,0,0,0,0,0,56,135,89,55,54,0,0,0,3,0,0,0,0,0,0
73,15,45,26,15,0,0,14,0,0,0,0,0,0,0,9,0,0,0,0,2,57,38,144,55,122,0,0,5,45,0,10,0,63,0,9,0,15,9,162,0,0,0,0,0,0,0,0,0,0,0,6,0,33,0,6,0,21,0,0,0,5,0,160,0,0,0,0,0,0,0,0,0,0,0,0,0,0,0,0,0,57,0,0,0,61,0,0,0,0,0,0,0,0,0,0,0,21,0,42,0,0,0,0,0,0,0,0,0,0,0,0,0,0,0,0,0,0,0,0,0,18,0,2,0,0,0,0,0,63,0,0,0,20,0,41,0,51,0,184,0,206,0,480,0,0,0,0,0,0,0,0,0,0,0,18,0,0,0,22,0,0,0,1,0,0,0,6,0,0,0,2,0,23,0,0,0,0,0,0,0,0,5,0,0,0,0,0,0,0,0,0,0,0,0,0,0,0,0,0,0,0,0,0,0,0,0,0,0,0,0,0,0,0,0,0,0,0,13,111,35,0,0,4,0
9,0,47,0,156,135,0,0,10,0,11,0,153,482,151,43,22,0,0,624,99,227,159,0,0,0,257,248,9,0,41,39,0,0,253,123,30,0,0,0,26,34,30,74,17,0,13,0,0,0,102,123,0,0,0,0,0,0,0,0,0,0,0,0,0,0,1,0,0,0,0,0,0,0,0,0,0,0,0,0,0,0,0,0,0,0,26,0,0,0,0,0,0,0,0,0,0,0,0,0,0,0,0,0,0,0,0,0,0,0,0,0,0,0,0,0,0,0,0,0,0,0,0,0,0,0,0,0,0,0,0,0,0,0,0,0,0,0,0,0,0,0,0,0,0,0,0,0,0,0,0,0,19,0,0,0,0,0,0,0,0,0,0,0,71,0,7,0,27,0,0,0,4,0,0,0,121,67,21,0,0,0,6,0,7,0,66,12,0,0,0,0,0,0,0,0,0,0,0,0,0,0,0,0,0,0,0,0,0,0,41,200,79,0,9,0,0,0,0,0,0,0,0,0,0
0,37,0,157,285,206,0,0,0,0,65,35,494,157,250,405,0,0,624,0,212,316,0,127,0,22,234,468,0,13,0,111,0,24,73,210,0,42,0,5,0,0,74,69,0,40,0,36,0,0,63,138,0,0,0,8,0,0,0,0,0,0,0,44,0,7,0,0,0,0,0,8,0,0,0,0,0,0,0,0,0,0,0,0,0,0,0,104,0,0,0,0,0,0,0,0,0,131,0,0,0,0,0,0,0,0,0,0,0,0,0,0,0,0,0,0,0,0,0,0,0,0,0,0,0,0,0,0,0,0,0,0,0,0,0,269,0,215,0,0,0,0,0,0,0,0,0,0,0,0,0,0,0,0,0,33,0,0,0,0,0,0,0,0,0,54,0,71,0,69,0,34,0,29,0,8,59,150,0,3,0,0,0,1,0,46,5,14,0,0,0,0,0,0,0,0,0,0,0,0,0,0,0,0,0,0,0,0,0,0,2,0,0,0,67,0,0,0,156,247,184,0,6,0,0
0,14,25,18,89,198,0,0,4,0,13,142,0,136,115,167,125,2,99,212,0,104,183,37,0,0,185,0,83,0,93,29,70,41,158,0,51,0,8,3,0,0,19,0,19,0,1,0,0,0,93,40,5,0,0,0,0,0,0,0,0,0,38,0,0,0,0,0,0,0,51,0,0,0,51,0,0,0,0,0,331,0,0,0,283,0,207,0,0,0,0,0,0,0,0,0,381,0,471,0,0,0,0,0,0,0,0,0,0,0,0,0,0,0,0,0,0,0,0,0,314,0,125,0,0,0,0,0,0,0,0,0,0,0,0,0,64,0,0,0,90,0,269,0,47,0,0,0,0,0,2,0,0,0,0,0,0,0,8,0,0,0,0,0,118,0,95,0,71,0,0,0,15,0,0,0,18,15,23,0,0,0,0,0,0,0,6,0,0,0,0,0,0,0,0,0,0,0,0,0,0,0,0,0,0,0,0,0,0,0,154,423,183,0,56,0,10,0,0,0,0,0,0,0,0
0,10,0,45,0,172,0,0,0,0,0,86,154,181,116,242,0,57,227,316,104,0,0,219,0,21,97,231,0,95,0,19,0,84,0,87,0,29,0,15,0,0,0,68,0,51,0,19,0,11,25,77,0,19,0,8,0,11,0,0,0,0,0,82,0,0,0,0,0,0,0,0,0,0,0,0,0,12,0,0,0,120,0,0,0,0,0,0,0,0,0,0,0,0,0,0,0,49,0,0,0,0,0,0,0,0,0,0,0,0,0,0,0,0,0,0,0,0,0,0,0,47,0,0,0,0,0,0,0,0,0,0,0,0,0,0,0,0,0,200,0,557,0,511,0,65,0,0,0,0,0,0,0,0,0,20,0,0,0,0,0,0,0,0,0,36,0,59,0,0,0,0,0,23,0,0,0,95,0,7,0,0,0,0,0,0,0,10,0,0,0,0,0,0,0,0,0,0,0,0,0,0,0,0,0,0,0,0,0,0,0,0,0,0,35,0,0,0,102,251,110,24,0,0,0
32,290,223,209,27,136,14,0,0,6,0,155,0,0,179,325,91,38,159,0,183,0,0,277,87,152,244,0,62,0,28,1,69,0,0,0,14,0,42,0,54,0,32,0,17,0,68,0,0,0,25,1,0,0,211,0,0,0,0,0,0,0,15,0,0,0,0,0,0,0,0,0,0,0,0,0,0,0,0,0,0,0,0,0,225,0,0,0,0,0,0,0,0,0,0,0,455,0,0,0,0,1,0,0,0,0,0,0,0,0,0,0,0,0,0,0,0,0,0,0,0,0,0,1,0,0,0,0,0,0,0,0,31,0,233,0,215,0,0,0,0,0,498,0,2,0,21,0,0,0,10,0,18,0,25,0,0,0,16,0,0,0,0,0,0,0,67,0,42,0,3,0,73,9,0,0,121,76,0,0,0,0,5,0,6,0,0,0,0,0,0,0,0,0,0,0,0,0,0,0,338,0,0,0,0,0,0,0,20,0,157,277,123,49,74,0,0,0,0,0,0,0,0,0,0
184,0,144,84,153,39,0,27,0,0,106,20,0,0,96,81,94,144,0,127,37,219,277,0,32,46,0,56,19,110,18,18,39,64,5,9,9,50,0,48,0,0,0,0,0,0,0,0,0,0,0,27,0,13,0,4,0,9,0,0,0,2,0,66,0,0,0,0,0,0,0,4,0,0,0,0,0,0,0,0,0,105,0,0,0,144,0,0,0,0,0,0,0,0,0,0,0,57,0,83,0,87,0,0,0,0,0,0,0,0,0,0,0,0,0,0,0,0,0,0,0,37,0,0,0,0,0,0,0,10,0,0,0,0,0,57,0,38,0,41,0,107,0,374,0,0,0,0,0,0,0,0,0,0,0,15,0,0,0,6,0,0,0,3,0,19,0,75,0,25,1,0,0,28,0,0,22,75,7,0,0,0,0,0,0,0,0,0,0,0,0,0,0,0,0,0,0,0,0,0,0,0,0,0,0,0,0,0,0,0,0,0,0,0,53,0,0,0,97,438,77,0,0,0,0
5,302,76,38,1,0,203,290,28,302,0,0,0,0,7,0,51,55,0,0,0,0,87,32,0,488,0,0,30,0,5,0,0,0,0,0,0,0,30,30,6,0,19,0,0,0,0,0,0,0,7,0,70,18,260,42,31,0,0,0,10,0,60,99,0,0,0,0,0,0,0,0,0,0,0,0,0,0,0,0,0,0,0,0,89,0,0,0,0,0,0,0,0,0,0,0,129,0,0,0,0,0,0,0,0,0,0,0,0,0,0,0,0,0,0,0,0,0,0,0,0,0,0,0,1,0,0,0,50,0,0,0,29,0,171,0,246,0,0,0,0,0,365,0,0,0,0,0,2,0,0,0,5,0,29,0,0,0,20,0,0,0,0,0,0,0,0,0,0,0,12,0,75,0,1,0,77,65,0,0,0,0,0,29,0,0,0,0,0,0,0,0,0,0,0,0,0,0,11,0,149,0,0,0,0,0,0,0,9,0,71,197,55,68,92,0,0,0,0,0,0,0,0,0,0
292,19,183,49,16,13,154,105,222,11,0,0,0,0,0,34,136,122,0,22,0,21,152,46,488,0,0,5,34,29,0,0,11,0,0,0,5,8,35,48,0,0,2,0,0,0,0,0,0,0,0,0,10,34,22,52,0,85,0,0,0,15,140,129,0,0,0,0,0,1,0,0,0,0,0,0,0,0,0,0,0,0,0,0,0,88,0,0,0,22,0,0,0,0,0,0,0,35,1,0,0,31,0,0,0,0,0,0,0,0,0,0,0,0,0,0,0,0,0,0,0,0,0,0,0,0,0,0,0,15,0,0,0,16,0,120,0,109,0,90,0,80,0,270,0,0,0,0,9,0,0,0,0,0,0,55,0,0,0,12,0,0,0,1,0,0,0,0,0,0,0,0,0,29,0,0,30,90,0,0,0,0,31,17,0,0,0,0,0,0,0,0,0,0,0,0,0,0,0,0,0,12,0,0,0,0,0,0,0,0,0,0,0,0,45,0,0,0,24,275,32,33,0,0,1
0,0,47,0,210,0,0,0,32,0,0,0,256,486,241,0,103,0,257,234,185,97,244,0,0,0,0,518,81,0,42,0,11,0,33,0,54,7,31,0,61,286,270,207,147,134,41,266,39,25,162,109,0,0,0,0,0,0,0,0,0,0,0,0,0,0,0,0,0,0,49,0,0,0,51,0,0,0,0,0,205,0,0,0,0,0,0,0,0,0,0,0,0,0,0,0,0,0,0,0,0,0,0,0,0,0,0,0,0,0,0,0,0,0,0,0,0,0,0,0,0,0,0,0,0,0,0,0,0,0,0,0,0,0,0,0,0,0,0,0,54,0,0,0,0,0,0,0,0,0,0,0,0,0,0,0,0,0,0,0,0,0,0,0,72,0,0,0,0,0,0,0,0,0,0,0,47,40,15,0,0,0,26,0,43,0,136,5,0,0,0,0,0,0,0,0,0,0,0,0,0,0,0,0,0,0,0,0,0,0,0,258,163,0,0,0,0,21,0,40,0,0,0,0,0
0,141,0,60,0,488,0,0,0,0,0,246,295,155,0,174,0,0,248,468,0,231,0,56,0,5,518,0,0,0,0,21,0,0,0,164,0,22,0,0,208,20,170,435,48,209,87,118,0,50,0,377,0,7,0,0,0,0,0,0,0,0,0,58,0,19,0,1,0,0,0,0,0,0,0,0,0,41,0,0,0,323,0,0,0,0,0,158,0,0,0,0,0,0,0,0,0,106,0,0,0,0,0,0,0,0,0,0,0,0,0,0,0,0,0,0,0,0,0,0,0,159,0,0,0,0,0,0,0,0,0,0,0,0,0,197,0,138,0,0,0,215,0,711,0,0,0,0,0,12,0,0,0,0,0,17,0,0,1,0,0,0,0,0,0,120,0,33,0,109,0,0,0,0,0,0,0,97,0,7,0,0,0,0,0,50,0,55,0,0,0,0,0,0,0,0,0,0,0,0,0,0,0,0,0,0,0,0,0,0,0,0,0,0,56,0,0,0,119,282,365,0,0,0,5
95,25,232,0,23,0,46,18,10,0,0,0,0,0,1,0,119,5,9,0,83,0,62,19,30,34,81,0,0,0,57,0,78,0,62,0,62,0,12,0,0,0,64,0,47,0,0,0,0,0,32,0,21,0,0,0,0,0,0,0,8,0,33,0,0,0,0,0,0,0,7,0,0,0,0,0,0,0,0,0,44,0,0,0,0,0,38,0,0,0,0,0,0,0,0,0,0,0,0,0,0,0,0,0,0,0,0,0,0,0,0,0,0,0,0,0,0,0,0,0,74,0,44,0,0,0,0,0,0,0,0,0,5,0,0,0,49,0,54,0,59,0,146,0,4,0,0,0,0,0,1,0,0,0,6,0,0,0,7,0,0,0,0,0,0,0,0,0,0,0,0,0,0,0,0,0,16,0,0,0,0,0,5,0,0,0,0,0,0,0,0,0,0,0,0,0,0,0,0,0,0,0,0,0,0,0,0,0,0,0,5,37,0,0,0,0,0,0,0,0,0,0,0,0,0
0,138,0,253,0,40,0,133,0,0,0,72,0,0,0,8,0,45,0,13,0,95,0,110,0,29,0,0,0,0,0,63,0,66,0,71,0,21,0,7,0,0,0,0,0,0,0,0,0,0,0,7,0,2,0,0,0,3,0,0,0,0,0,34,0,0,0,0,0,0,0,0,0,0,0,0,0,0,0,0,0,28,0,0,0,0,0,0,0,0,0,0,0,0,0,0,0,0,0,0,0,0,0,0,0,0,0,0,0,0,0,0,0,0,0,0,0,0,0,0,0,0,0,0,0,0,0,0,0,0,0,0,0,0,0,0,0,0,0,113,0,192,0,205,0,0,0,0,0,0,0,0,0,0,0,10,0,0,0,0,0,0,0,0,0,0,0,8,0,0,0,1,0,7,0,0,0,36,0,38,0,0,0,0,0,0,0,0,0,0,0,0,0,0,0,0,0,0,0,0,0,0,0,0,0,0,0,0,0,0,0,0,0,0,5,0,0,0,0,31,0,0,0,0,0
6,0,78,0,261,0,0,0,0,0,50,10,0,0,140,35,51,0,41,0,93,0,28,18,5,0,42,0,57,0,0,0,13,0,11,0,27,0,11,1,0,0,41,0,6,0,0,0,0,0,20,0,0,0,0,0,0,0,0,0,0,0,19,0,0,0,0,0,0,0,25,0,0,0,8,0,0,0,0,0,0,0,0,0,0,0,57,0,0,0,0,0,0,0,0,0,0,0,0,0,0,0,0,0,0,0,0,0,0,0,0,0,0,0,0,0,0,0,0,0,68,0,43,0,0,0,0,0,0,0,0,0,0,0,0,0,0,0,18,0,0,0,99,0,5,0,0,0,0,0,0,0,0,0,4,0,0,0,0,0,0,0,0,0,18,0,25,0,0,0,0,0,0,0,0,0,7,2,9,0,0,0,1,0,0,0,0,0,0,0,0,0,0,0,0,0,0,0,0,0,0,0,0,0,0,0,0,0,0,0,49,82,17,0,0,0,0,0,0,0,0,0,0,0,0
0,0,0,0,0,119,0,0,0,0,0,47,0,52,31,58,0,10,39,111,29,19,1,18,0,0,0,21,0,63,0,0,0,3,0,25,0,28,0,22,0,0,0,26,0,18,2,0,0,0,4,14,0,0,0,0,0,0,0,0,0,0,0,18,0,0,0,0,0,0,0,0,0,0,0,0,0,0,0,0,0,0,0,0,0,0,0,0,0,0,0,0,0,0,0,0,0,0,0,0,0,0,0,0,0,0,0,0,0,0,0,0,0,0,0,0,0,0,0,0,0,0,0,0,0,0,0,0,0,0,0,0,0,0,0,0,0,0,0,18,0,83,0,0,0,0,0,0,0,0,0,0,0,0,0,0,0,0,0,0,0,0,0,1,0,0,0,9,0,0,0,1,0,0,0,0,0,23,0,9,0,0,0,0,0,0,0,3,0,0,0,0,0,0,0,0,0,0,0,0,0,0,0,0,0,0,0,0,0,0,0,0,0,0,6,0,0,0,0,43,11,0,0,0,0
131,0,255,0,231,0,0,0,0,0,96,10,0,0,38,36,94,0,0,0,70,0,69,39,0,11,11,0,78,0,13,0,0,0,79,0,189,0,40,5,0,0,66,0,10,0,0,0,0,0,50,0,19,0,0,0,1,0,0,0,5,0,29,0,0,0,0,0,0,0,24,0,0,0,0,0,0,0,0,0,27,0,0,0,23,0,0,0,0,0,0,0,0,0,0,0,0,0,0,0,0,0,0,0,0,0,0,0,0,0,0,0,0,0,0,0,0,0,0,0,68,0,40,0,0,0,0,0,0,0,0,0,0,0,0,0,0,0,53,0,121,0,106,0,35,0,0,0,0,0,4,0,0,0,0,0,0,0,0,0,0,0,0,0,0,0,39,0,0,0,0,0,10,0,0,0,20,0,5,0,0,0,14,0,0,0,0,0,0,0,0,0,0,0,0,0,0,0,0,0,0,0,0,0,0,0,0,0,0,0,46,215,19,8,19,0,0,0,0,0,0,0,0,0,0
0,162,0,258,0,234,0,0,0,3,0,461,0,48,80,66,0,63,0,24,41,84,0,64,0,0,0,0,0,66,0,3,0,0,0,38,0,343,0,14,0,0,0,10,0,10,0,0,0,0,0,19,0,0,0,0,0,0,0,0,0,18,0,13,0,0,0,0,0,0,0,0,0,0,0,0,0,0,0,0,0,0,0,0,0,0,0,0,0,0,0,0,0,0,0,0,0,0,0,0,0,0,0,0,0,0,0,0,0,0,0,0,0,0,0,0,0,0,0,0,0,0,0,0,0,0,0,0,0,0,0,0,0,0,0,0,0,0,0,0,0,117,0,0,0,37,0,0,0,0,0,0,0,0,0,3,0,0,0,0,0,0,0,0,0,2,0,87,1,0,0,0,0,5,0,0,0,176,0,160,0,0,0,0,0,0,0,11,0,0,0,0,0,0,0,0,0,0,0,0,0,0,0,0,0,0,0,0,0,0,0,0,0,0,0,0,0,0,16,76,9,0,0,0,0
0,0,0,0,359,0,0,0,0,0,66,0,185,0,129,0,0,0,253,73,158,0,0,5,0,0,33,0,62,0,11,0,79,0,0,0,228,0,28,0,0,0,54,0,12,0,0,0,0,0,107,0,0,0,0,0,0,0,0,0,0,0,0,0,0,0,0,0,0,0,15,0,0,0,0,0,0,0,0,0,58,0,0,0,0,0,40,0,0,0,0,0,0,0,0,0,0,0,0,0,0,0,0,0,0,0,0,0,0,0,0,0,0,0,0,0,0,0,0,0,0,0,0,0,0,0,0,0,0,0,0,0,0,0,0,0,0,0,0,0,0,0,0,0,0,0,0,0,0,0,0,0,0,0,0,0,0,0,0,0,0,0,0,0,109,0,31,0,41,0,0,0,16,0,0,0,0,4,64,0,0,0,0,0,0,0,0,0,0,0,0,0,0,0,0,0,0,0,0,0,0,0,0,0,0,0,0,0,0,0,0,196,154,0,0,0,0,0,0,0,0,0,0,0,0
0,0,0,0,0,128,0,0,0,1,0,100,0,225,0,59,0,9,123,210,0,87,0,9,0,0,0,164,0,71,0,25,0,38,0,0,0,142,0,43,0,0,0,16,0,94,0,8,0,0,0,15,0,0,0,0,0,0,0,0,0,8,0,12,0,0,0,0,0,0,0,0,0,0,0,0,0,0,0,0,0,0,0,0,0,0,0,0,0,0,0,0,0,0,0,0,0,0,0,0,0,0,0,0,0,0,0,0,0,0,0,0,0,0,0,0,0,0,0,0,0,0,0,0,0,0,0,0,0,0,0,0,0,0,0,0,0,0,0,74,0,291,0,245,0,60,0,0,0,0,0,0,0,0,0,0,0,0,0,0,0,0,0,0,0,20,0,25,0,0,0,0,0,10,0,0,0,0,0,0,0,0,0,0,0,4,0,14,0,0,0,0,0,0,0,0,0,0,0,0,0,0,0,0,0,0,0,0,0,0,0,0,0,0,0,0,0,0,37,94,48,0,0,0,0
43,1,58,0,286,16,0,0,5,0,91,0,21,0,51,13,8,0,30,0,51,0,14,9,0,5,54,0,62,0,27,0,189,0,228,0,0,0,37,0,7,1,37,0,44,0,0,0,0,0,71,0,5,0,2,0,0,0,8,0,13,0,6,0,0,0,0,0,0,0,43,0,0,0,34,0,0,0,0,0,103,0,0,0,0,0,75,0,0,0,0,0,0,0,0,0,38,0,136,0,0,0,0,0,0,0,0,0,0,0,0,0,0,0,0,0,0,0,0,0,129,0,36,0,0,0,0,0,0,0,0,0,1,0,0,0,36,0,52,0,145,0,76,0,82,0,0,0,0,0,0,0,0,0,0,0,8,0,3,0,0,0,22,0,42,0,20,0,21,0,15,0,10,0,0,0,8,0,0,0,0,0,0,0,0,0,0,0,0,0,0,0,0,0,0,0,0,0,0,0,5,0,0,0,0,0,0,0,0,0,49,122,43,23,33,0,0,1,0,0,0,0,0,0,0
0,149,0,72,0,110,0,0,0,0,0,155,0,48,0,98,7,15,0,42,0,29,0,50,0,8,7,22,0,21,0,28,0,343,0,142,0,0,2,72,0,0,0,44,0,19,0,0,0,0,0,102,0,6,0,1,0,0,0,0,0,24,0,33,0,0,0,0,0,0,0,0,0,0,0,0,0,0,0,0,0,62,0,0,0,0,0,39,0,0,0,0,0,0,0,55,0,0,0,0,0,0,0,0,0,0,0,0,0,0,0,0,0,0,0,0,0,0,0,0,0,53,0,14,0,0,0,0,0,0,0,0,0,0,0,0,0,17,0,87,0,400,0,354,0,217,0,0,0,0,0,0,0,0,0,11,0,49,0,8,0,0,0,8,0,11,0,51,0,19,0,11,0,53,0,0,0,32,0,98,0,0,0,5,0,0,0,2,0,0,0,0,0,0,0,0,0,0,0,0,0,0,0,0,0,0,0,0,0,0,0,0,0,0,12,0,0,0,23,172,27,0,0,0,0
235,0,220,0,0,0,0,0,0,0,0,0,0,0,0,0,169,9,0,0,8,0,42,0,30,35,31,0,12,0,11,0,40,0,28,0,37,2,0,0,0,0,34,0,0,0,0,0,0,0,12,0,44,0,0,0,0,0,0,0,27,0,17,0,0,0,0,0,0,0,0,0,0,0,0,0,0,0,0,0,0,0,0,0,0,0,0,0,0,0,0,0,0,0,0,0,0,0,0,0,0,0,0,0,0,0,0,0,0,0,0,0,0,0,0,0,0,0,0,0,0,0,0,0,0,0,0,0,2,0,0,0,4,0,0,0,42,0,170,0,203,0,52,0,74,0,0,0,0,0,0,0,0,0,73,0,26,0,17,0,0,0,0,0,0,0,0,0,0,1,9,0,2,0,0,0,33,1,0,0,0,0,21,0,0,0,0,0,0,0,0,0,0,0,0,0,0,0,0,0,0,0,0,0,0,0,0,0,0,0,15,132,12,12,24,0,0,0,0,0,0,0,0,0,0
0,506,0,231,0,0,0,331,0,0,0,85,0,0,0,5,20,162,0,5,3,15,0,48,30,48,0,0,0,7,1,22,5,14,0,43,0,72,0,0,0,0,0,0,0,5,0,0,0,2,0,5,0,5,0,10,0,0,0,0,0,4,1,36,0,0,0,0,0,0,0,0,0,0,0,0,0,0,0,0,0,0,0,0,0,0,0,0,0,0,0,0,0,0,0,0,0,0,0,0,0,0,0,0,0,0,0,0,0,0,0,0,0,0,0,0,0,0,0,0,0,0,0,0,0,0,0,0,0,1,0,0,0,0,0,0,0,0,0,84,0,199,0,12,0,101,0,0,0,0,0,0,0,0,0,39,0,14,0,32,0,0,0,0,0,0,0,35,0,0,0,0,0,25,0,0,0,95,0,98,0,0,0,23,0,0,0,0,0,0,0,0,0,0,0,0,0,0,0,0,0,0,0,0,0,0,0,0,0,1,0,0,0,0,7,0,0,0,0,139,11,0,0,1,0
0,0,0,0,168,0,0,0,24,0,97,0,227,0,21,0,12,0,26,0,0,0,54,0,6,0,61,208,0,0,0,0,0,0,0,0,7,0,0,0,0,146,65,0,44,120,64,250,104,29,0,0,0,0,0,0,0,0,0,0,0,0,0,0,0,0,0,0,0,0,0,0,0,0,0,0,0,0,0,0,0,0,0,0,0,0,0,0,0,0,0,0,0,0,0,0,0,0,0,0,0,0,0,0,0,0,0,0,0,0,0,0,0,0,0,0,0,0,0,0,0,0,0,0,0,0,0,0,0,0,0,0,0,0,0,0,0,0,0,0,0,0,0,0,0,0,0,0,0,0,0,0,0,0,0,0,0,0,0,0,0,0,0,0,21,0,0,0,0,0,0,0,0,0,0,0,28,33,58,0,0,0,23,0,18,0,320,0,0,0,0,0,0,0,0,0,0,0,0,0,0,0,0,0,0,0,0,0,0,0,6,172,29,0,0,0,0,49,0,83,0,0,0,0,1
0,16,0,0,0,137,0,0,0,0,0,219,45,262,0,0,0,0,34,0,0,0,0,0,0,0,286,20,0,0,0,0,0,0,0,0,1,0,0,0,146,0,70,64,84,46,118,135,0,124,14,30,0,0,0,0,0,0,0,0,0,0,0,0,0,0,0,0,0,0,0,0,0,0,0,0,0,0,0,0,0,0,0,0,0,0,0,0,0,0,0,0,0,0,0,0,0,0,0,0,0,0,0,0,0,0,0,0,0,0,0,0,0,0,0,0,0,0,0,0,0,0,0,0,0,0,0,0,0,0,0,0,0,0,0,0,0,0,0,0,0,1,0,0,0,0,0,0,0,0,0,0,0,0,0,0,0,0,0,0,0,0,0,0,0,10,0,0,0,0,0,0,0,0,0,0,0,148,0,18,0,26,0,7,0,0,59,29,0,0,0,0,0,0,0,0,0,0,0,0,0,0,0,0,0,0,0,0,0,0,0,9,0,0,0,0,0,0,0,156,31,0,0,0,13
0,1,0,0,0,0,0,0,0,0,0,0,167,126,6,0,28,0,30,74,19,0,32,0,19,2,270,170,64,0,41,0,66,0,54,0,37,0,34,0,65,70,0,60,151,0,58,80,63,0,42,0,14,0,0,0,0,0,0,0,0,0,30,0,0,0,0,0,0,0,0,0,0,0,0,0,0,0,0,0,57,0,0,0,0,0,29,0,0,0,0,0,0,0,0,0,90,0,97,0,0,0,0,0,0,0,0,0,0,0,0,0,0,0,0,0,0,0,0,0,41,0,0,0,0,0,0,0,0,0,0,0,0,0,0,0,0,0,0,0,0,0,0,0,0,0,0,0,0,0,0,0,0,0,0,0,0,0,0,0,0,0,9,0,60,0,15,0,0,0,8,0,0,0,0,0,16,0,10,0,0,0,0,0,0,0,40,0,0,0,0,0,0,0,0,0,0,0,0,0,0,0,0,0,0,0,0,0,0,0,63,323,98,24,0,0,0,64,3,0,0,0,0,0,0
0,0,0,0,0,0,0,0,0,0,0,0,97,342,0,55,0,0,74,69,0,68,0,0,0,0,207,435,0,0,0,26,0,10,0,16,0,44,0,0,0,64,60,0,0,175,57,172,0,43,30,59,0,0,0,0,0,0,0,0,0,5,0,0,0,0,0,0,0,0,0,7,0,0,0,0,0,0,0,0,0,0,0,0,0,0,0,0,0,0,0,0,0,0,0,0,0,0,0,0,0,0,0,0,0,0,0,0,0,0,0,0,0,0,0,0,0,0,0,0,0,0,0,0,0,0,0,0,0,0,0,0,0,0,0,0,0,0,0,25,0,127,0,0,1,64,0,0,0,0,0,0,0,0,0,0,0,0,0,0,0,0,0,0,0,46,0,17,0,13,0,2,0,7,0,0,0,32,0,1,0,0,0,0,0,0,0,10,0,0,0,0,0,0,0,0,0,0,0,0,0,0,0,0,0,0,0,0,0,0,0,1,0,0,13,0,0,0,58,170,122,0,0,0,0
0,0,0,0,48,0,0,0,0,0,23,0,60,0,3,0,20,0,17,0,19,0,17,0,0,0,147,48,47,0,6,0,10,0,12,0,44,0,0,0,44,84,151,0,0,54,167,75,112,0,71,0,0,0,0,0,0,0,0,0,0,0,11,0,0,0,0,0,0,0,0,0,0,0,0,0,7,0,0,0,32,0,0,0,0,0,32,0,6,0,0,0,0,0,0,0,0,0,0,0,15,0,0,0,0,0,0,0,0,0,0,0,0,0,0,0,0,0,0,0,0,0,0,0,0,0,0,0,0,0,0,0,0,0,0,0,0,0,0,0,0,0,61,0,19,0,0,0,0,0,0,0,5,0,0,0,0,0,0,0,0,0,0,0,167,0,0,0,72,0,6,0,20,0,0,0,29,0,16,0,0,0,0,0,7,0,52,0,0,0,0,0,0,0,0,0,0,0,0,0,0,0,0,0,0,0,0,0,0,0,37,198,110,10,9,0,0,93,0,22,0,0,0,0,0
0,41,0,0,0,76,0,0,0,0,0,72,0,88,0,18,0,0,0,40,0,51,0,0,0,0,134,209,0,0,0,18,0,10,0,94,0,19,0,5,120,46,0,175,54,0,56,301,0,207,0,84,0,0,0,0,0,0,0,0,0,4,0,0,0,0,0,0,0,0,0,0,0,6,0,0,0,13,0,0,0,0,0,28,0,0,0,36,0,0,0,0,0,0,0,62,0,0,0,26,0,12,0,7,0,0,0,0,0,0,0,0,0,0,0,0,0,0,0,1,0,0,0,0,0,0,0,0,0,0,0,0,0,0,0,0,0,27,0,0,0,114,0,0,0,0,0,0,0,0,0,0,0,0,0,0,0,0,0,0,0,0,0,0,0,165,0,6,0,185,0,9,0,8,0,0,0,37,0,0,0,0,0,0,0,8,39,13,0,0,0,0,0,0,0,0,0,0,0,0,0,0,0,0,0,0,0,0,0,0,0,9,0,0,0,0,0,0,53,184,209,0,0,0,49
0,0,21,0,152,0,0,0,34,0,64,0,160,49,23,0,0,0,13,0,1,0,68,0,0,0,41,87,0,0,0,2,0,0,0,0,0,0,0,0,64,118,58,57,167,56,0,101,146,33,23,0,0,0,0,0,0,0,0,0,0,0,0,0,0,0,0,0,0,0,0,0,0,0,0,0,0,0,1,0,0,0,0,0,0,0,0,0,0,0,0,0,0,0,0,0,0,0,0,0,0,0,0,0,0,0,0,0,0,0,0,0,0,0,0,0,0,0,0,0,0,0,0,0,0,0,0,0,0,0,0,0,0,0,0,0,0,0,0,0,0,0,0,0,0,0,0,0,0,0,0,0,0,0,0,0,0,0,0,0,0,0,0,0,60,0,0,0,17,0,0,0,0,0,0,0,40,28,18,0,0,0,0,0,21,0,101,0,0,0,0,0,0,0,0,0,0,0,0,0,0,0,0,0,0,0,0,0,0,0,0,189,64,0,0,0,0,72,0,48,0,0,0,0,3
0,71,0,12,0,230,0,0,0,12,0,192,0,283,0,0,0,0,0,36,0,19,0,0,0,0,266,118,0,0,0,0,0,0,0,8,0,0,0,0,250,135,80,172,75,301,101,0,9,202,0,36,0,0,0,0,0,0,0,0,0,0,0,0,0,0,0,0,0,0,0,0,0,0,0,0,0,0,0,0,0,0,0,0,0,0,0,0,0,0,0,0,0,0,0,0,0,0,0,0,0,0,0,0,0,0,0,0,0,0,0,0,0,0,0,0,0,0,0,0,0,0,0,0,0,0,0,0,0,0,0,0,0,0,0,0,0,0,0,0,0,0,0,0,0,0,0,0,0,0,0,0,0,0,0,0,0,0,0,0,0,0,0,0,0,0,0,0,0,0,0,0,0,0,0,0,0,64,0,0,0,0,0,0,0,0,74,15,0,0,0,0,0,0,0,0,0,0,0,0,0,0,0,0,0,0,0,0,0,0,0,12,0,0,3,0,0,0,0,347,116,0,0,0,39
12,0,17,0,0,0,29,0,5,0,8,0,37,0,0,0,0,0,0,0,0,0,0,0,0,0,39,0,0,0,0,0,0,0,0,0,0,0,0,0,104,0,63,0,112,0,146,9,0,8,13,0,4,0,11,0,8,0,0,0,3,0,0,0,0,0,0,0,25,0,0,0,0,0,0,0,9,0,0,0,8,0,37,2,19,0,13,0,27,0,0,0,18,0,33,0,5,0,7,0,36,0,41,0,0,0,0,0,0,0,0,0,5,0,0,0,0,0,0,0,0,0,5,0,0,0,0,0,3,0,10,0,0,0,27,0,6,2,0,0,3,0,0,0,0,0,3,0,0,0,0,0,0,0,0,0,3,0,3,0,10,0,9,0,28,0,3,0,49,0,9,0,23,0,0,0,60,2,26,0,10,0,4,0,0,0,149,0,34,0,0,0,25,0,14,0,6,0,44,0,35,0,0,0,44,0,0,0,0,0,68,71,141,5,58,7,22,16,0,23,14,5,0,0,2
0,9,0,0,0,6,0,2,0,0,0,21,0,56,0,0,0,0,0,0,0,11,0,0,0,0,25,50,0,0,0,0,0,0,0,0,0,0,0,2,29,124,0,43,0,207,33,202,8,0,0,20,0,0,0,0,0,0,0,0,0,0,0,0,1,0,0,0,0,12,0,0,0,0,0,0,0,8,0,0,0,0,0,32,0,4,0,14,0,3,0,0,0,5,0,31,0,3,0,0,0,10,0,5,0,4,0,0,0,0,0,0,0,0,0,0,0,1,0,0,0,0,0,0,0,0,0,0,0,0,0,0,0,0,0,0,0,0,1,0,0,0,0,7,0,0,0,0,0,2,0,0,0,0,0,0,0,0,0,0,0,0,0,3,0,46,0,3,0,31,0,1,0,2,0,0,0,73,0,9,0,0,0,0,0,6,55,56,0,0,0,0,0,0,1,0,0,0,0,0,0,11,0,17,0,0,0,4,1,0,0,16,0,0,16,0,0,0,20,17,52,19,3,8,8
0,0,0,0,0,0,3,0,0,0,0,2,266,74,14,0,21,0,102,63,93,25,25,0,7,0,162,0,32,0,20,4,50,0,107,0,71,0,12,0,0,14,42,30,71,0,23,0,13,0,0,0,10,0,0,0,9,0,10,0,0,0,15,0,0,0,0,0,0,0,15,0,0,0,28,0,0,0,0,0,96,0,0,0,74,0,94,0,0,0,0,0,0,0,0,0,131,0,157,0,0,0,0,0,0,0,0,0,0,0,0,0,0,0,0,0,0,0,0,0,56,0,0,0,0,0,0,0,0,0,0,0,0,0,0,0,0,0,0,0,15,0,0,0,18,0,0,0,0,0,0,0,0,0,0,0,0,0,0,0,0,0,12,0,84,0,49,0,70,0,16,0,56,0,0,0,15,0,20,0,0,0,0,0,0,0,13,0,0,0,0,0,0,0,3,0,0,0,0,0,0,0,0,0,0,0,0,0,0,0,126,267,201,51,65,0,3,11,0,0,0,0,0,0,0
0,12,0,0,0,0,0,0,0,0,0,0,0,330,15,42,0,6,123,138,40,77,1,27,0,0,109,377,0,7,0,14,0,19,0,15,0,102,0,5,0,30,0,59,0,84,0,36,0,20,0,0,0,0,0,0,1,0,0,0,0,9,0,10,0,0,0,0,0,0,0,22,0,0,0,21,0,10,0,0,0,159,0,0,0,0,0,101,0,0,0,0,0,0,0,0,0,0,0,91,0,0,0,12,0,0,0,0,0,0,0,0,0,0,0,0,0,0,0,0,0,91,0,0,0,0,0,0,0,0,0,2,0,0,0,0,0,0,0,0,0,203,0,379,0,94,0,0,0,0,0,0,0,2,0,0,0,0,0,0,0,0,0,0,0,41,0,49,0,56,0,25,0,57,0,0,0,18,0,0,0,0,0,0,0,0,0,22,0,0,0,0,0,0,0,9,0,0,0,0,0,0,0,0,0,0,0,0,0,0,0,0,0,0,41,0,0,0,139,93,110,9,1,0,0
0,0,0,0,0,0,0,18,78,152,0,0,0,0,0,0,109,0,0,0,5,0,0,0,70,10,0,0,21,0,0,0,19,0,0,0,5,0,44,0,0,0,14,0,0,0,0,0,4,0,10,0,0,57,87,151,212,20,9,61,55,0,71,16,3,0,0,66,3,0,0,0,0,0,0,0,0,0,0,0,0,0,0,0,34,0,0,0,0,0,0,0,0,0,0,0,0,0,0,0,0,0,0,0,0,0,0,0,0,0,0,0,0,0,0,0,1,0,0,0,7,0,9,0,0,0,0,0,37,0,7,1,23,0,35,0,217,0,165,0,132,0,182,0,0,0,0,0,0,0,0,0,0,0,218,10,98,0,98,0,3,0,17,0,0,0,0,0,27,0,177,0,27,0,0,0,17,0,0,0,0,0,0,0,0,12,0,0,0,0,0,0,0,0,0,0,0,0,0,0,0,0,0,0,0,0,0,0,0,0,123,234,268,259,336,0,50,0,0,0,0,0,0,0,0
0,15,0,0,0,10,43,0,81,71,0,4,0,0,0,0,2,33,0,0,0,19,0,13,18,34,0,7,0,2,0,0,0,0,0,0,0,6,0,5,0,0,0,0,0,0,0,0,0,0,0,0,57,0,94,122,22,177,105,6,0,74,33,72,0,0,38,0,0,0,0,0,0,0,0,0,0,0,0,0,0,0,0,0,0,0,0,0,0,0,0,0,0,0,0,0,0,0,0,0,0,0,0,0,0,0,0,0,0,0,0,0,0,0,0,0,0,0,0,0,0,0,0,0,0,0,0,0,0,18,0,2,0,0,0,0,0,27,0,153,0,113,0,69,3,52,0,0,0,0,0,0,0,0,10,109,2,58,0,94,0,11,0,0,0,0,0,0,0,1,0,23,0,9,0,0,2,93,0,0,0,0,0,26,0,10,0,0,0,0,0,0,0,0,0,0,0,0,0,0,0,0,0,0,0,0,0,0,0,0,0,1,0,0,46,0,0,0,45,194,30,58,3,0,0
2,0,52,0,0,0,163,0,75,286,3,0,0,0,0,0,14,0,0,0,0,0,211,0,260,22,0,0,0,0,0,0,0,0,0,0,2,0,0,0,0,0,0,0,0,0,0,0,11,0,0,0,87,94,0,215,25,22,34,0,18,0,31,33,0,0,4,81,0,0,0,0,0,0,0,0,0,0,0,0,0,0,0,0,0,0,0,0,0,0,0,0,0,0,0,0,0,0,0,0,0,0,0,0,0,0,0,0,0,0,0,0,0,0,0,0,0,0,0,0,0,0,0,0,32,0,55,0,82,0,83,0,41,0,110,0,158,0,0,0,0,0,0,0,0,0,0,0,0,0,0,0,0,0,42,10,62,0,17,6,36,0,0,0,0,0,7,0,21,0,95,0,18,0,0,0,45,11,0,0,0,0,0,3,0,28,0,0,0,0,0,0,0,0,0,0,0,0,0,0,0,0,0,0,0,0,0,0,46,0,338,126,175,331,495,9,46,0,0,0,0,0,0,0,0
0,10,0,35,0,9,107,97,243,107,0,0,0,0,0,25,0,6,0,8,0,8,0,4,42,52,0,0,0,0,0,0,0,0,0,0,0,1,0,10,0,0,0,0,0,0,0,0,0,0,0,0,151,122,215,0,0,78,76,18,0,23,79,136,0,10,27,34,0,1,0,0,0,0,0,0,0,0,0,0,0,0,0,0,0,0,0,0,0,0,0,0,0,0,0,0,0,0,0,0,0,0,0,0,0,0,0,0,0,0,0,0,0,0,0,0,0,1,0,0,0,0,0,0,0,17,0,0,0,53,0,61,0,31,0,55,0,108,0,24,0,11,0,18,0,2,0,0,0,6,0,13,0,0,4,21,8,29,0,0,0,40,0,0,0,1,0,0,0,41,0,169,0,93,0,0,21,41,0,0,0,0,0,13,0,20,0,0,0,0,0,0,0,0,0,0,0,0,0,0,0,7,0,0,0,0,0,0,0,59,0,3,0,0,344,0,1,0,328,78,268,425,21,98,1
0,0,0,0,0,0,12,0,19,24,0,0,0,0,0,0,0,0,0,0,0,0,0,0,31,0,0,0,0,0,0,0,1,0,0,0,0,0,0,0,0,0,0,0,0,0,0,0,8,0,9,1,212,22,25,0,0,20,231,63,0,0,4,0,62,0,19,66,0,0,0,0,0,0,0,0,0,0,0,0,0,0,0,0,0,0,0,0,0,0,0,0,0,0,0,0,0,0,0,0,0,0,0,0,0,0,0,0,0,0,0,0,0,0,0,0,0,0,0,0,0,0,0,0,11,0,0,0,27,0,81,0,0,0,0,0,6,0,9,0,0,0,0,0,15,0,3,0,1,0,0,0,0,0,88,36,46,0,113,37,66,0,40,0,0,0,14,0,62,0,92,0,0,0,0,0,0,0,0,0,0,0,0,0,0,13,0,0,0,0,0,0,0,0,0,0,0,0,0,0,0,0,0,0,0,0,0,0,6,0,426,172,381,623,975,43,75,0,0,0,0,0,0,0,0
0,5,0,0,0,0,0,11,0,38,0,0,0,0,0,36,0,21,0,0,0,11,0,9,0,85,0,0,0,3,0,0,0,0,0,0,0,0,0,0,0,0,0,0,0,0,0,0,0,0,0,0,20,177,22,78,20,0,111,107,0,3,0,27,0,5,0,54,0,0,0,0,0,0,0,0,0,6,0,0,0,0,0,0,0,0,0,0,0,0,0,0,0,0,0,0,0,0,0,0,0,0,0,0,0,0,0,0,0,0,0,0,0,0,0,0,0,0,0,0,0,5,0,0,0,0,0,0,0,22,0,47,0,15,0,39,0,55,0,39,0,35,0,82,11,0,0,0,0,0,0,0,0,0,22,199,12,50,0,64,0,38,0,0,0,2,0,3,0,123,0,268,0,16,0,0,0,0,0,0,0,0,0,0,7,0,0,0,0,0,0,0,0,0,0,0,0,0,0,0,0,0,0,0,0,0,0,1,0,9,1,0,0,0,614,0,0,0,336,63,461,675,99,33,0
0,0,0,0,0,0,13,0,131,0,0,0,0,0,0,0,0,0,0,0,0,0,0,0,0,0,0,0,0,0,0,0,0,0,0,0,8,0,0,0,0,0,0,0,0,0,0,0,0,0,10,0,9,105,34,76,231,111,0,322,0,0,0,0,157,41,263,202,0,0,0,0,0,0,0,0,0,0,0,0,0,0,0,0,0,0,0,0,0,0,0,0,0,0,0,0,0,0,0,0,0,0,0,0,0,0,0,0,0,0,0,0,0,0,0,0,0,0,0,0,0,0,0,0,2,0,0,0,3,0,36,0,7,0,0,0,1,0,2,8,0,0,0,0,7,0,0,0,3,0,0,0,0,0,41,75,66,23,14,42,14,0,5,0,0,0,13,0,10,0,40,0,26,0,0,0,72,0,0,0,1,0,0,0,263,128,0,0,0,0,0,0,0,0,0,0,0,0,0,0,0,0,0,0,0,0,0,0,0,0,488,464,109,257,757,0,24,0,1,0,0,0,0,0,0
0,6,0,0,0,0,0,9,0,125,0,5,0,0,0,0,0,0,0,0,0,0,0,0,0,0,0,0,0,0,0,0,0,0,0,0,0,0,0,0,0,0,0,0,0,0,0,0,0,0,0,0,61,6,0,18,63,107,322,0,0,0,0,0,0,116,112,555,0,0,0,0,0,0,0,0,0,0,0,0,0,0,0,0,0,0,0,0,0,0,0,0,0,0,0,0,0,0,0,0,0,0,0,0,0,0,0,0,0,0,0,0,0,0,0,0,0,0,0,0,0,0,0,0,0,12,0,0,0,2,0,47,0,2,0,0,0,0,45,3,0,0,0,0,64,23,0,0,0,12,0,0,0,0,127,74,35,159,0,25,51,49,0,63,0,0,0,0,0,62,0,83,0,16,0,15,7,0,0,0,0,0,0,0,47,194,0,0,0,0,0,0,0,0,0,0,0,0,0,0,0,0,0,0,0,0,0,0,0,18,0,0,0,0,952,0,0,0,723,426,324,586,90,0,0
60,0,28,0,0,0,118,0,239,0,0,0,0,0,0,0,8,0,0,0,0,0,0,0,10,0,0,0,8,0,0,0,5,0,0,0,13,0,27,0,0,0,0,0,0,0,0,0,3,0,0,0,55,0,18,0,0,0,0,0,0,0,22,0,0,0,0,0,0,0,0,0,0,0,6,0,0,0,0,0,2,0,0,0,0,0,0,0,1,0,0,0,0,0,0,0,0,0,0,0,0,0,0,0,0,0,0,0,0,0,0,0,0,0,0,0,0,0,0,0,13,0,0,0,0,0,0,0,0,0,0,0,0,0,0,0,0,0,133,0,173,0,29,0,127,0,0,0,0,0,0,0,0,0,65,0,146,0,24,0,0,0,0,0,0,0,0,0,4,0,78,0,119,0,0,0,0,0,0,0,0,0,0,0,0,0,0,0,0,0,0,0,0,0,0,0,0,0,0,0,0,0,0,0,0,0,0,0,0,0,30,255,48,75,44,0,5,0,0,0,0,0,0,0,0
0,103,0,0,0,0,0,144,0,156,0,0,0,3,0,11,5,5,0,0,0,0,0,2,0,15,0,0,0,0,0,0,0,18,0,8,0,24,0,4,0,0,0,5,0,4,0,0,0,0,0,9,0,74,0,23,0,3,0,0,0,0,4,26,0,0,0,0,0,0,0,0,0,0,0,0,0,0,0,0,0,0,0,0,0,0,0,0,0,0,0,0,0,0,0,0,0,0,0,0,0,0,0,0,0,0,0,0,0,0,0,0,0,0,0,0,0,0,0,0,0,0,0,0,0,0,0,0,0,0,0,0,0,0,0,0,0,0,0,11,0,51,0,17,0,144,0,0,0,0,0,0,0,0,0,6,0,106,0,9,0,0,0,3,0,0,0,0,0,5,0,57,0,70,0,0,0,124,0,0,0,0,1,67,0,0,0,0,0,0,0,0,0,0,0,0,0,0,0,0,0,0,0,0,0,0,0,0,0,0,0,0,0,0,35,0,0,0,20,225,66,89,2,23,0
78,28,62,0,0,0,216,72,349,171,0,0,0,0,1,0,290,0,0,0,38,0,15,0,60,140,0,0,33,0,19,0,29,0,0,0,6,0,17,1,0,0,30,0,11,0,0,0,0,0,15,0,71,33,31,79,4,0,0,0,22,4,0,62,0,0,0,5,0,0,2,0,0,0,0,0,0,0,0,0,16,0,0,0,31,0,0,0,0,0,0,0,0,0,0,0,0,0,0,0,0,0,0,0,0,0,0,0,0,0,0,0,0,0,0,0,0,0,0,0,21,0,0,0,0,0,0,0,9,0,0,0,9,0,10,0,56,0,96,0,75,0,126,0,9,0,0,0,0,0,0,0,0,0,62,0,15,1,8,0,2,0,0,0,0,0,0,0,6,0,50,0,33,0,0,0,43,13,0,0,0,0,4,0,0,2,0,0,0,0,0,0,0,0,0,0,0,0,0,0,0,0,0,0,0,0,0,0,0,0,26,275,34,99,84,0,26,0,0,0,0,0,0,0,0
0,70,0,3,0,0,0,268,67,202,0,3,0,7,0,32,17,160,0,44,0,82,0,66,99,129,0,58,0,34,0,18,0,13,0,12,0,33,0,36,0,0,0,0,0,0,0,0,0,0,0,10,16,72,33,136,0,27,0,0,0,26,62,0,0,0,0,1,0,0,0,0,0,0,0,0,0,0,0,0,0,0,0,0,0,0,0,0,0,0,0,0,0,0,0,0,0,0,0,0,0,0,0,0,0,0,0,0,0,0,0,0,0,0,0,0,0,0,0,0,0,0,0,0,0,0,0,0,0,5,0,0,0,0,0,0,0,21,0,132,0,101,0,0,0,142,0,0,0,0,0,0,0,0,0,76,1,39,0,65,0,4,0,0,0,0,0,0,0,0,0,5,0,5,0,0,7,153,0,0,0,0,0,129,0,0,0,0,0,0,0,0,0,0,0,0,0,0,0,0,0,0,0,0,0,0,0,0,0,0,0,0,0,0,11,0,0,0,8,97,11,0,0,0,0
0,0,7,0,0,0,17,0,150,0,8,0,0,0,2,0,0,0,0,0,0,0,0,0,0,0,0,0,0,0,0,0,0,0,0,0,0,0,0,0,0,0,0,0,0,0,0,0,0,1,0,0,3,0,0,0,62,0,157,0,0,0,0,0,0,87,28,0,0,0,6,0,0,0,0,0,0,0,0,0,0,0,0,0,0,0,0,0,0,0,0,0,0,0,0,0,0,0,0,0,0,0,0,0,0,0,0,0,0,0,0,0,0,0,0,0,0,0,0,0,0,0,0,0,0,0,6,0,0,0,30,0,0,0,0,0,0,0,6,67,0,0,0,0,19,37,62,0,18,0,14,0,2,0,9,64,7,0,4,91,229,89,0,4,0,0,0,0,0,0,1,0,0,0,20,20,38,0,0,0,36,0,0,0,268,16,0,0,0,0,0,0,0,0,0,0,0,0,4,0,0,0,0,0,0,0,0,0,9,0,22,37,0,0,0,0,0,0,0,0,0,0,0,0,0
0,32,0,0,0,31,0,0,0,233,0,18,0,12,0,0,0,0,0,7,0,0,0,0,0,0,0,19,0,0,0,0,0,0,0,0,0,0,0,0,0,0,0,0,0,0,0,0,0,0,0,0,0,0,0,10,0,5,41,116,0,0,0,0,87,0,0,139,0,0,0,42,0,25,0,55,0,2,0,0,0,0,0,0,0,0,0,0,0,0,0,0,0,0,0,0,0,0,4,0,0,0,0,0,0,0,0,0,0,0,0,0,0,0,0,0,0,0,0,0,0,6,0,0,0,17,0,11,0,0,0,219,0,1,0,23,0,9,123,44,112,43,0,0,72,166,0,48,69,292,0,69,0,19,13,3,0,12,0,0,234,284,9,69,0,0,0,0,0,0,0,0,0,0,8,132,11,0,0,0,0,84,0,1,37,187,0,0,0,0,0,0,0,0,0,0,0,0,0,0,0,0,0,0,0,0,0,10,0,61,4,0,8,0,54,0,0,0,84,0,32,0,0,0,0
2,0,5,0,8,0,39,0,82,0,10,0,0,0,1,0,0,0,1,0,0,0,0,0,0,0,0,0,0,0,0,0,0,0,0,0,0,0,0,0,0,0,0,0,0,0,0,0,0,0,0,0,0,38,4,27,19,0,263,112,0,0,0,0,28,0,0,0,0,0,0,0,0,0,0,0,0,0,0,0,0,0,0,0,0,0,0,0,0,0,0,0,0,0,0,0,0,0,0,0,0,0,0,0,0,0,0,0,0,0,0,0,0,0,0,0,0,0,0,0,0,0,0,0,1,0,0,0,0,0,14,0,0,0,0,0,0,0,2,0,0,0,0,0,0,0,7,0,4,0,10,0,0,1,7,27,4,0,0,25,54,0,0,0,0,0,0,0,0,0,0,0,0,0,0,0,91,0,0,0,0,0,0,0,401,70,0,0,0,0,0,0,0,0,0,0,0,0,0,0,0,0,0,0,0,0,0,0,5,0,19,43,0,0,0,0,0,0,0,0,0,0,0,0,0
0,12,0,0,0,0,12,0,13,148,0,1,0,0,0,0,0,0,0,0,0,0,0,0,0,0,0,1,0,0,0,0,0,0,0,0,0,0,0,0,0,0,0,0,0,0,0,0,0,0,0,0,66,0,81,34,66,54,202,555,0,0,5,1,0,139,0,0,0,0,0,0,0,0,0,0,0,0,0,0,0,0,0,0,0,0,0,0,0,0,0,0,0,0,0,0,0,0,0,0,0,0,0,0,0,0,0,0,0,0,0,0,0,0,0,0,0,0,0,0,0,0,0,0,0,0,0,0,0,0,0,14,0,0,0,0,0,2,23,1,0,0,0,0,0,15,0,0,0,6,0,0,0,0,34,0,17,16,13,4,0,14,0,19,0,0,0,0,0,5,0,0,0,2,0,22,5,11,0,0,0,0,0,0,16,569,0,0,0,0,0,0,0,0,0,0,0,0,0,0,0,0,0,0,0,0,0,0,0,0,0,0,0,0,38,0,0,0,53,64,23,51,0,0,0
0,0,0,0,0,0,0,0,0,0,0,0,0,0,0,0,0,0,0,0,0,0,0,0,0,0,0,0,0,0,0,0,0,0,0,0,0,0,0,0,0,0,0,0,0,0,0,0,25,0,0,0,3,0,0,0,0,0,0,0,0,0,0,0,0,0,0,0,0,0,1,0,7,0,0,0,96,0,17,0,4,0,28,0,0,0,0,0,16,0,0,0,47,0,0,0,0,0,0,0,10,0,154,0,0,0,0,0,0,0,5,0,2,0,0,0,1,0,0,0,0,0,0,0,4,0,0,0,0,0,0,0,0,0,0,0,0,0,0,0,0,0,0,0,0,0,0,0,0,0,0,0,0,0,0,0,0,0,0,0,0,0,2,0,4,0,0,0,128,0,4,0,4,0,0,0,0,0,0,0,0,0,0,0,0,0,0,0,0,0,0,0,32,0,0,0,0,0,0,0,0,0,0,0,0,0,0,0,0,0,55,11,74,0,21,46,165,1,0,0,0,0,0,0,0
0,3,0,0,0,0,0,0,0,0,0,0,0,0,0,0,0,0,0,0,0,0,0,0,0,1,0,0,0,0,0,0,0,0,0,0,0,0,0,0,0,0,0,0,0,0,0,0,0,12,0,0,0,0,0,1,0,0,0,0,0,0,0,0,0,0,0,0,0,0,0,0,0,1,0,0,0,36,0,0,0,7,0,58,0,0,0,17,0,9,0,0,0,25,0,11,0,0,0,0,0,0,0,21,0,0,0,0,0,9,0,0,0,0,0,0,0,0,0,0,0,0,0,0,0,0,0,0,0,0,0,0,0,0,0,0,0,0,0,0,0,0,0,0,0,0,0,0,0,0,0,0,0,0,0,0,0,0,0,0,0,0,0,0,0,37,0,0,0,49,0,1,0,5,0,0,0,0,0,0,0,0,0,0,0,0,0,0,0,0,0,0,0,0,0,0,0,0,0,0,0,0,0,0,0,0,0,0,0,0,0,0,0,0,0,0,0,0,20,0,119,6,7,80,2
0,0,0,0,0,0,0,0,0,0,0,0,0,0,0,0,0,0,0,0,51,0,0,0,0,0,49,0,7,0,25,0,24,0,15,0,43,0,0,0,0,0,0,0,0,0,0,0,0,0,15,0,0,0,0,0,0,0,0,0,0,0,2,0,6,0,0,0,1,0,0,2,251,0,272,0,18,0,190,0,0,0,0,0,0,1,18,0,0,0,0,0,0,0,0,2,0,0,0,0,0,0,0,0,0,0,0,0,0,0,0,0,0,0,0,0,0,0,0,0,25,0,7,0,28,0,32,0,17,0,68,0,25,0,0,0,20,0,2,22,58,0,62,0,37,18,22,0,43,10,36,0,27,0,1,0,6,0,0,0,25,0,51,0,0,0,19,0,48,0,23,0,42,0,21,9,0,0,0,0,50,10,0,0,5,3,0,0,0,0,0,0,0,0,0,0,0,0,0,0,4,0,0,0,0,0,0,0,20,0,12,1,27,0,5,0,0,0,0,0,0,0,0,0,0
0,0,0,0,0,0,0,0,0,0,0,0,0,0,0,0,0,0,0,8,0,0,0,4,0,0,0,0,0,0,0,0,0,0,0,0,0,0,0,0,0,0,0,7,0,0,0,0,0,0,0,22,0,0,0,0,0,0,0,0,0,0,0,0,0,42,0,0,0,0,2,0,0,91,0,223,0,4,0,10,0,0,0,0,0,2,0,24,0,0,0,0,0,0,0,0,0,0,0,0,0,0,0,0,0,0,0,0,0,0,0,0,0,0,0,0,0,0,0,0,0,0,0,25,0,0,0,0,10,10,23,77,0,0,0,0,0,28,7,5,0,65,0,30,0,69,0,0,0,49,0,0,0,11,0,0,0,0,0,0,4,12,0,21,0,0,0,5,0,8,0,0,0,15,1,0,0,0,0,0,0,43,0,0,0,7,0,0,0,0,0,0,0,0,0,0,0,0,0,0,0,0,0,0,0,0,0,0,0,29,0,0,0,0,5,0,0,0,5,4,16,6,0,0,0
0,0,0,0,0,0,0,0,0,0,0,0,0,0,0,0,0,0,0,0,0,0,0,0,0,0,0,0,0,0,0,0,0,0,0,0,0,0,0,0,0,0,0,0,0,0,0,0,0,0,0,0,0,0,0,0,0,0,0,0,0,0,0,0,0,0,0,0,7,0,251,0,0,0,149,0,24,0,80,0,0,0,29,0,24,0,6,0,2,0,0,0,14,0,0,0,0,0,2,0,1,1,0,0,3,0,0,0,2,0,0,0,0,0,0,0,0,0,2,0,58,0,54,0,67,0,97,0,23,0,55,0,70,0,168,0,101,0,0,18,88,0,241,0,29,8,91,0,20,0,157,0,0,0,0,0,0,0,2,0,11,19,54,0,0,0,1,0,8,0,6,0,8,0,0,2,0,0,0,0,27,0,0,0,0,0,0,0,0,0,0,0,0,0,1,0,0,0,0,0,34,0,65,0,0,0,72,0,236,0,210,4,27,1,32,4,1,0,0,0,0,0,0,0,0
0,0,0,0,0,0,0,0,0,0,0,0,0,2,0,0,0,0,0,0,0,0,0,0,0,0,0,0,0,0,0,0,0,0,0,0,0,0,0,0,0,0,0,0,0,6,0,0,0,0,0,0,0,0,0,0,0,0,0,0,0,0,0,0,0,25,0,0,0,1,0,91,0,0,0,212,0,26,0,89,0,6,0,9,0,37,0,47,0,0,0,0,0,2,0,2,0,0,0,0,1,0,0,0,0,0,0,0,0,0,0,0,0,0,0,0,0,0,0,0,1,25,0,62,0,80,0,0,6,13,0,62,0,52,0,172,0,74,0,8,9,78,0,132,0,101,0,0,10,0,0,67,0,24,0,0,0,0,0,0,5,8,0,99,0,8,0,0,0,12,0,3,0,9,0,0,0,0,0,0,4,30,0,0,0,0,0,0,0,0,0,0,0,0,0,0,0,0,0,0,0,58,0,45,0,11,0,0,0,85,0,0,0,0,16,0,0,0,54,6,14,9,3,0,0
0,0,0,1,0,0,0,0,0,0,0,0,0,0,0,0,0,0,0,0,51,0,0,0,0,0,51,0,0,0,8,0,0,0,0,0,34,0,0,0,0,0,0,0,0,0,0,0,0,0,28,0,0,0,0,0,0,0,0,0,6,0,0,0,0,0,0,0,0,0,272,0,149,0,0,2,28,0,237,0,12,0,39,0,72,0,39,0,0,0,1,0,0,0,0,0,0,0,4,0,0,0,0,0,0,0,0,0,0,0,0,0,0,0,0,0,0,0,0,0,159,0,103,0,24,16,0,0,6,0,41,0,0,0,102,0,0,0,9,0,82,9,249,0,86,15,0,0,59,19,0,0,22,0,0,0,0,0,0,0,10,0,43,0,0,0,0,0,37,0,19,0,33,0,16,11,0,0,0,0,53,15,0,0,6,4,0,0,0,0,0,0,0,0,0,0,0,0,27,0,0,0,0,0,0,0,0,0,85,0,6,0,20,0,0,0,0,0,0,0,0,0,0,1,0
0,0,0,0,0,0,0,0,0,0,0,0,0,0,0,0,0,0,0,0,0,0,0,0,0,0,0,0,0,0,0,0,0,0,0,0,0,0,0,0,0,0,0,0,0,0,0,0,0,0,0,21,0,0,0,0,0,0,0,0,0,0,0,0,0,55,0,0,0,0,0,223,0,212,2,0,0,8,0,170,0,12,0,0,0,16,0,76,0,0,0,0,0,1,0,0,0,0,0,0,0,0,0,0,0,0,0,0,0,0,0,0,0,0,0,0,0,0,0,0,0,53,0,40,0,89,5,0,31,0,0,87,0,0,0,191,6,66,13,0,21,52,0,188,0,184,0,0,0,133,0,52,0,56,0,0,0,0,0,0,12,11,0,55,0,0,0,12,0,22,0,11,0,0,0,14,0,0,0,0,10,84,0,0,0,0,0,0,0,3,0,0,0,0,0,0,0,0,0,0,0,0,0,0,0,0,0,0,0,0,0,0,0,0,0,0,0,0,19,0,29,0,0,0,0
0,0,0,0,0,0,0,0,0,0,0,0,0,0,0,0,0,0,0,0,0,0,0,0,0,0,0,0,0,0,0,0,0,0,0,0,0,0,0,0,0,0,0,0,7,0,0,0,9,0,0,0,0,0,0,0,0,0,0,0,0,0,0,0,0,0,0,0,96,0,18,0,24,0,28,0,0,0,25,0,3,0,46,0,0,0,0,0,6,0,0,0,95,0,10,0,0,0,0,0,14,0,41,0,5,0,5,0,0,0,0,0,0,0,0,0,2,0,1,0,28,0,15,0,0,0,0,0,0,0,0,0,0,0,0,0,0,0,0,0,0,0,0,0,0,0,0,0,0,0,0,0,0,0,0,0,0,0,0,0,0,0,0,0,5,0,0,0,36,0,2,0,0,0,0,0,0,0,0,0,0,0,0,0,0,0,0,0,0,0,0,0,0,0,10,0,0,0,0,0,0,0,0,0,0,0,0,0,0,0,49,12,50,2,18,11,26,0,0,0,0,0,0,0,0
0,0,0,0,0,0,0,0,0,0,0,0,0,0,0,0,0,0,0,0,0,12,0,0,0,0,0,41,0,0,0,0,0,0,0,0,0,0,0,0,0,0,0,0,0,13,0,0,0,8,0,10,0,0,0,0,0,6,0,0,0,0,0,0,0,2,0,0,0,36,0,4,0,26,0,8,0,0,0,25,0,32,0,114,0,42,0,98,0,1,0,0,0,20,0,47,0,0,0,9,0,6,0,32,0,0,0,0,0,0,0,0,0,0,0,0,0,1,0,0,0,27,0,6,0,0,0,0,0,0,0,0,0,0,0,0,2,17,1,0,0,12,1,36,0,16,0,0,0,0,0,0,0,0,0,0,0,1,0,0,0,0,0,10,0,15,0,0,0,83,0,0,0,0,0,0,0,0,0,0,0,0,0,1,0,0,0,0,0,0,0,0,0,0,0,0,0,0,0,0,0,0,0,0,0,0,0,0,0,0,0,0,0,0,0,0,0,0,63,11,59,4,11,5,0
0,0,0,0,0,0,0,0,0,0,0,0,0,0,0,0,0,0,0,0,0,0,0,0,0,0,0,0,0,0,0,0,0,0,0,0,0,0,0,0,0,0,0,0,0,0,1,0,0,0,0,0,0,0,0,0,0,0,0,0,0,0,0,0,0,0,0,0,17,0,190,0,80,0,237,0,25,0,0,0,5,0,63,0,59,0,46,0,6,0,0,0,57,0,12,0,0,0,0,0,5,0,9,0,0,0,0,0,0,0,0,0,0,0,0,0,0,0,0,0,98,0,63,0,0,0,0,0,0,0,0,0,0,0,96,0,0,0,0,0,19,0,113,0,0,0,0,0,0,1,0,0,0,0,0,0,0,0,0,0,1,0,7,0,3,0,0,0,28,0,0,0,0,0,0,0,0,0,0,0,0,0,0,0,0,0,0,0,0,0,0,0,0,0,0,0,0,0,45,0,54,0,0,0,29,0,0,0,86,0,82,0,46,0,28,0,6,0,0,0,0,0,0,0,0
0,0,0,0,0,0,0,0,0,0,0,0,0,0,0,0,0,0,0,0,0,0,0,0,0,0,0,0,0,0,0,0,0,0,0,0,0,0,0,0,0,0,0,0,0,0,0,0,0,0,0,0,0,0,0,0,0,0,0,0,0,0,0,0,0,0,0,0,0,0,0,10,0,89,0,170,0,25,0,0,0,0,0,0,0,11,0,97,0,0,0,0,0,0,0,0,0,0,0,0,0,2,0,0,0,0,0,0,0,0,0,0,0,0,0,0,0,0,0,0,0,4,0,26,0,0,0,0,0,0,0,0,0,7,0,61,0,0,0,0,0,67,0,89,0,33,0,0,0,0,0,0,0,0,0,0,0,0,0,0,1,0,0,0,0,1,0,4,0,11,0,1,0,0,0,1,0,0,0,0,0,0,0,0,0,0,0,0,0,0,0,0,0,0,0,0,0,0,0,0,0,0,0,0,0,2,0,0,0,0,0,0,0,0,0,0,0,0,0,1,0,0,0,0,0
