0,411,197,389,102,79,124,171,138,0,140,53,75,0,13,129,174,91,9,0,0,0,111,143,34,448,24,0,121,0,0,0,0,0,0,0,66,27,346,35,23,0,0,0,9,0,23,0,9,0,3,0,1,0,2,16,0,0,0,0,35,0,42,0,0,0,0,0,0,0,0,0,0,0,0,0,0,0,0,0,0,0,0,0,0,0,0,0,0,0,0,0,0,0,0,0,0,0,0,0,0,0,0,0,0,0,0,0,0,0,0,0,0,0,0,0,0,0,0,0,0,0,0,0,0,0,12,0,0,0,0,0,0,0,11,0,6,0,0,0,0,0,0,0,0,0,0,0,18,0,10,0,0,0,0,0,0,0,0,0,0,0,4,0,0,0,0,0,31,0,48,0,310,0,0,0,312,135,13,0,0,0,12,0,18,0,0,0,0,0,0,0,0,0,0,0,7,0,0,0,0,0,0,0,0,0,0,0,14,0,660,523,237,126,283,1,5,0,0,15,36,0,0,0,0
411,0,266,81,24,66,226,63,97,40,0,215,0,47,41,106,82,114,0,109,0,0,179,54,221,89,0,269,15,86,0,0,0,0,0,0,0,237,39,415,0,9,0,0,0,15,0,23,0,5,0,0,7,18,44,18,0,2,0,0,0,389,56,253,0,42,0,5,0,0,0,0,0,0,0,0,0,0,0,0,0,0,0,0,0,0,0,0,0,0,0,0,0,0,0,0,0,0,0,0,0,0,0,0,0,0,0,0,0,0,0,0,0,0,0,0,0,0,0,0,0,0,0,0,0,35,0,10,0,0,0,19,0,0,0,0,0,0,0,0,0,0,0,0,0,0,0,0,0,58,0,0,0,36,0,0,0,13,0,0,0,17,0,0,0,2,0,42,0,63,0,92,0,267,0,7,152,314,0,0,0,37,12,19,0,34,0,0,0,0,0,4,0,0,0,0,0,0,0,0,0,0,0,0,0,0,0,14,2,26,0,0,0,2,486,0,0,0,1414,312,432,165,4,4,0
197,266,0,242,184,107,171,0,19,0,60,81,67,0,259,143,122,67,88,0,69,0,565,160,92,220,0,0,223,0,31,0,154,29,0,0,87,45,405,49,6,0,0,0,0,0,0,0,17,0,0,0,3,0,47,0,0,0,22,1,14,35,0,18,6,0,0,0,2,0,0,0,0,0,0,0,0,0,0,0,0,0,0,0,0,0,8,0,0,0,0,0,0,0,14,0,0,0,0,0,0,0,0,0,0,0,0,0,0,0,0,0,0,0,0,0,0,0,0,0,0,0,0,0,35,0,56,0,0,0,11,0,39,0,34,0,32,0,0,1,0,0,28,0,0,0,0,0,36,0,30,0,0,0,0,0,0,0,0,0,39,0,6,0,0,0,43,0,41,0,63,0,341,0,0,0,69,60,3,0,0,0,8,0,7,0,0,0,0,0,0,0,0,0,0,0,0,0,0,0,0,0,0,0,0,0,6,0,81,0,805,214,444,333,542,0,0,0,0,15,50,0,0,0,0
389,81,242,0,49,75,34,84,0,1,31,35,0,9,60,366,50,0,0,113,0,123,208,151,98,316,0,51,16,176,2,44,0,218,0,14,0,160,47,270,0,0,0,10,0,0,0,0,0,0,0,0,0,0,2,52,0,0,0,0,2,0,12,13,0,0,0,0,0,0,0,0,0,0,0,0,0,0,0,0,0,0,0,0,0,0,0,0,0,0,0,0,0,0,0,0,0,0,0,0,0,0,0,0,0,0,0,0,0,0,0,0,0,0,0,0,0,0,0,0,0,0,0,0,0,7,0,20,0,0,0,15,0,0,0,34,0,50,0,0,0,0,0,0,0,0,0,9,0,0,0,7,0,0,0,0,0,0,0,0,0,0,0,3,0,0,0,40,0,20,0,35,23,160,0,0,70,47,0,0,0,0,10,0,0,3,0,0,0,0,0,0,0,0,0,0,1,0,0,0,0,0,0,0,0,0,0,0,0,34,0,0,0,0,162,0,0,0,348,61,255,70,2,0,0
102,24,184,49,0,372,30,0,26,0,148,166,349,27,236,323,35,0,196,96,194,89,68,181,0,6,147,0,0,0,100,0,255,0,110,30,294,36,0,0,34,0,0,0,20,1,105,0,5,0,0,0,1,0,0,0,0,0,0,0,0,0,0,0,0,0,0,0,0,0,0,0,0,0,0,0,0,0,0,0,0,0,0,0,0,0,24,0,0,0,0,0,0,0,0,0,0,0,0,0,0,0,0,0,0,0,0,0,0,0,0,0,0,0,0,0,0,0,3,0,0,0,0,0,23,0,19,0,0,0,0,0,0,0,37,0,0,0,1,0,0,0,12,0,0,0,0,0,35,0,0,0,0,0,0,0,2,0,0,0,0,0,0,0,0,0,178,19,0,0,0,0,219,0,0,0,246,128,67,0,52,0,36,0,37,0,0,0,0,0,0,0,0,0,0,0,0,0,0,0,0,0,0,0,0,0,0,0,32,0,464,587,377,181,221,1,0,0,0,30,0,3,0,0,0
79,66,107,75,372,0,0,29,0,0,180,219,99,200,561,400,20,11,196,452,193,227,143,95,0,7,0,520,0,90,0,142,0,295,33,128,0,257,0,0,0,22,0,0,0,0,0,65,0,8,0,0,0,7,0,12,0,0,0,0,0,0,0,5,0,0,0,0,0,0,0,5,0,0,0,0,0,0,0,0,0,0,0,0,0,22,0,0,0,0,0,0,0,0,0,0,0,0,0,17,0,0,0,0,0,0,0,0,0,0,0,0,0,0,0,0,0,0,0,0,0,0,0,0,0,0,0,0,0,0,0,0,0,0,0,0,0,0,0,0,0,0,0,57,0,0,0,0,0,0,0,0,0,0,0,0,0,0,0,0,0,2,0,14,0,0,0,438,0,157,0,97,0,162,0,0,207,263,0,46,0,0,7,0,0,10,3,7,0,0,0,0,0,0,0,0,0,5,0,0,0,0,0,0,0,0,0,0,0,0,0,0,0,0,118,0,0,0,618,558,503,97,2,0,0
124,226,171,34,30,0,0,173,97,263,16,0,0,0,31,0,25,55,0,0,0,0,20,0,84,247,0,0,50,0,0,0,0,0,0,0,0,0,51,14,0,0,0,0,0,0,0,0,16,0,0,0,73,42,203,170,28,8,33,0,122,30,279,79,0,0,4,0,5,0,1,0,0,0,0,0,0,0,0,0,0,0,0,0,0,0,0,0,0,0,0,0,0,0,0,0,0,0,0,0,0,0,2,0,0,0,0,0,0,0,0,0,0,0,0,0,0,0,0,0,0,0,0,0,12,0,20,0,0,0,12,0,6,0,0,0,0,0,2,0,0,0,0,0,0,0,2,0,5,0,7,0,0,0,0,0,6,0,0,0,46,0,0,0,0,0,8,0,43,0,450,2,154,5,0,0,22,45,0,0,0,0,0,0,4,0,0,0,0,0,0,0,0,0,0,0,0,0,0,0,0,0,0,0,0,0,0,0,11,0,1123,177,465,506,1130,0,51,2,0,0,0,0,0,0,0
171,63,0,84,0,29,173,0,207,13,0,27,0,15,0,67,39,21,0,51,0,33,22,17,114,268,0,52,5,0,0,0,0,0,0,0,0,0,0,196,0,0,0,0,0,0,0,0,0,0,0,0,24,42,56,186,0,7,0,4,0,237,64,181,0,0,0,0,0,0,0,0,0,0,0,0,0,0,0,0,0,0,0,0,0,0,0,0,0,0,0,0,0,0,0,0,0,0,0,0,0,0,0,0,0,0,0,0,0,0,0,0,0,0,0,0,0,0,0,0,0,0,0,0,0,17,0,21,0,0,0,18,0,1,0,5,0,14,0,0,0,0,0,0,0,0,0,0,0,22,0,0,0,0,0,1,0,0,0,0,0,1,0,3,0,0,0,0,0,20,0,124,7,172,0,0,42,55,0,0,0,0,0,1,0,0,0,0,0,0,0,0,0,0,0,0,0,0,0,0,0,0,0,0,0,0,0,12,0,54,0,0,0,2,735,0,0,0,842,45,323,399,1,0,0
138,97,19,0,26,0,97,207,0,550,15,0,29,0,15,0,19,37,9,0,0,0,7,5,33,205,0,0,3,0,0,0,0,0,0,0,3,0,20,0,6,0,0,0,13,0,22,0,0,0,0,0,70,108,53,429,32,38,56,38,89,10,147,70,83,0,118,83,0,0,0,0,0,0,0,0,0,0,0,0,0,0,0,0,1,0,0,0,0,0,0,0,0,0,0,0,0,0,0,0,0,0,0,0,0,0,0,0,0,0,0,0,0,0,0,0,0,0,0,0,0,0,0,0,51,0,23,0,0,0,68,0,3,0,27,0,0,0,0,0,0,0,0,0,0,0,27,0,112,0,15,0,9,0,0,7,0,0,1,0,46,0,11,0,0,0,0,0,19,0,194,4,0,0,0,0,392,67,2,0,0,0,2,1,124,38,0,0,0,0,0,0,0,0,0,0,3,0,0,0,0,0,0,0,0,0,4,0,16,0,530,180,189,0,411,1,7,1,0,0,0,0,0,0,0
0,40,0,1,0,0,263,13,550,0,0,14,0,3,0,0,0,0,0,17,0,0,0,0,48,9,0,28,1,0,0,0,0,4,0,0,0,0,0,0,0,0,1,0,0,0,0,0,0,0,0,0,147,91,257,133,0,8,32,14,0,199,45,138,0,69,85,12,0,1,0,0,0,0,0,0,0,0,0,0,0,0,0,1,0,0,0,0,0,0,0,0,0,0,0,0,0,0,0,0,0,0,0,0,0,0,0,0,0,0,0,0,0,0,0,0,0,0,0,0,0,0,0,0,0,25,0,9,0,0,0,21,0,1,0,0,0,0,0,0,0,0,0,0,0,0,0,10,0,61,0,3,0,20,0,0,0,37,0,0,0,25,0,1,0,2,0,0,0,15,0,163,0,78,0,0,73,271,0,1,0,2,0,14,29,259,0,0,0,0,0,2,0,1,0,0,0,0,0,0,0,0,0,0,0,0,0,17,0,18,0,0,0,0,433,0,0,0,784,80,100,155,0,1,0
140,0,60,31,148,180,16,0,15,0,0,0,437,0,27,199,56,6,10,22,103,10,75,139,0,0,75,0,19,0,39,0,188,0,30,0,224,19,0,0,48,0,0,0,30,0,83,0,8,0,0,0,0,0,0,0,0,0,0,0,0,0,0,0,0,0,0,0,0,0,0,0,0,0,0,0,0,0,0,0,0,0,0,0,0,0,0,0,0,0,0,0,0,0,0,0,0,0,0,0,0,0,0,0,0,0,0,0,0,0,0,0,0,0,0,0,0,0,6,0,0,0,0,0,1,0,2,0,0,0,0,0,0,0,0,0,0,0,0,0,0,0,4,0,0,0,0,0,8,0,0,0,0,0,0,0,0,0,0,0,0,0,0,0,0,0,94,0,0,0,3,3,128,0,0,0,321,87,143,2,79,0,25,0,65,0,10,0,0,0,0,0,0,0,0,0,6,0,0,0,0,0,0,0,0,0,0,0,0,0,204,380,180,46,61,1,0,0,10,0,18,0,0,0,0
53,215,81,35,166,219,0,27,0,14,0,0,29,482,309,41,0,23,63,65,67,91,89,40,0,5,0,503,0,45,5,54,0,224,9,59,0,221,0,0,0,105,0,0,0,66,0,154,0,29,0,30,0,0,0,4,0,0,0,0,0,0,0,0,0,20,0,2,0,0,0,1,0,0,0,0,0,0,0,0,0,38,0,4,0,0,0,0,0,0,0,0,0,0,0,0,0,0,0,0,0,0,0,0,0,0,0,0,0,0,0,0,0,0,0,0,0,0,0,3,0,10,0,0,0,7,0,0,0,0,0,10,0,0,0,0,0,0,0,0,0,0,0,39,0,17,0,0,0,25,0,45,0,27,0,0,0,0,0,0,0,0,0,5,0,0,12,133,0,65,0,40,0,106,0,0,86,271,4,36,0,58,0,32,0,50,0,8,0,0,0,0,0,0,0,0,0,0,0,0,0,0,0,0,0,0,0,0,0,17,0,0,0,0,62,0,0,0,376,475,296,39,0,0,0
75,0,67,0,349,99,0,0,29,0,437,29,0,118,40,117,0,0,221,373,138,207,0,6,11,0,287,235,0,0,40,0,4,0,207,67,131,29,0,0,134,0,105,36,45,0,232,7,23,1,251,0,0,0,0,0,0,0,0,0,0,0,0,0,4,0,0,0,12,0,0,0,0,0,0,0,0,0,28,0,0,0,152,0,0,0,0,0,4,0,23,0,0,1,0,0,0,0,0,0,0,0,0,0,0,0,0,0,0,0,0,0,0,0,0,0,0,0,4,0,0,0,0,0,0,0,0,0,0,0,0,0,0,0,0,0,0,0,0,0,0,0,0,0,0,0,18,0,17,1,0,0,0,0,1,0,0,0,0,0,0,0,0,0,34,0,95,0,171,0,0,0,0,0,0,0,301,89,208,0,53,0,45,0,76,0,152,0,0,0,0,0,0,0,0,0,0,0,0,0,0,0,0,0,0,0,0,0,0,0,49,400,152,29,13,0,0,0,0,17,54,0,0,0,0
0,47,0,9,27,200,0,15,0,3,0,482,118,0,21,4,0,0,276,60,134,77,0,0,0,0,217,316,0,0,0,10,0,8,43,236,0,119,0,0,50,139,119,153,46,79,41,317,1,77,61,270,0,0,0,0,0,0,0,0,0,0,0,0,0,0,0,0,0,0,0,0,0,0,0,0,0,0,0,0,0,0,0,19,0,0,0,12,0,0,0,0,0,0,0,0,0,0,0,0,0,0,0,0,0,0,0,0,0,0,0,0,0,0,0,0,0,0,0,0,0,0,0,0,0,0,0,0,0,0,0,0,0,0,0,0,0,0,0,0,0,0,0,0,0,0,0,0,0,0,0,0,0,0,0,0,0,0,0,0,0,0,0,1,0,27,0,46,0,88,0,12,0,15,0,0,50,335,0,26,0,0,0,8,0,0,48,110,0,0,0,0,0,0,0,0,0,0,0,0,0,0,0,0,0,0,0,0,0,0,0,10,16,0,0,0,0,0,62,386,317,19,0,0,0
13,41,259,60,236,561,31,0,15,0,27,309,40,21,0,549,13,16,533,131,231,127,385,303,66,8,214,0,0,0,75,29,196,81,0,23,181,66,15,0,0,0,11,0,25,0,51,0,1,0,2,0,4,1,0,0,0,1,0,0,0,0,0,0,0,0,0,0,0,0,0,0,0,0,0,0,0,0,0,0,0,0,0,0,0,0,0,0,0,0,0,0,0,0,0,0,0,0,0,0,0,0,0,0,0,0,0,0,0,0,0,0,0,0,0,0,0,0,0,0,0,0,0,0,34,0,45,0,0,0,10,0,11,0,67,0,38,0,0,0,0,0,0,0,0,0,0,0,50,0,26,0,0,0,0,0,0,0,0,0,21,0,0,0,0,0,75,41,0,17,0,0,47,0,3,0,95,99,23,2,19,0,17,0,17,0,0,0,0,0,0,0,0,0,0,0,2,0,0,0,0,0,0,0,0,0,0,0,48,0,80,395,95,49,55,0,0,0,33,28,97,6,0,0,0
129,106,143,366,323,400,0,67,0,0,199,41,117,4,549,0,30,11,206,210,236,333,155,142,0,34,0,67,1,14,35,81,41,125,0,0,51,69,19,17,0,0,0,9,0,5,0,0,1,0,0,5,0,0,0,104,0,33,0,0,0,17,0,9,0,0,0,0,0,0,0,0,0,0,0,0,0,0,0,0,0,86,0,0,0,21,0,24,0,0,0,15,0,0,0,0,0,0,0,84,0,122,0,0,0,8,0,31,0,0,0,0,0,0,0,0,0,0,0,0,0,0,0,0,0,0,0,47,0,0,0,0,0,0,0,201,0,344,0,19,0,0,0,59,0,0,0,0,0,12,0,6,0,13,0,14,0,0,0,0,0,4,0,5,0,0,11,182,0,16,0,22,0,48,0,5,71,34,11,0,0,0,5,0,0,0,0,0,0,0,0,0,0,4,0,0,0,0,0,0,0,0,0,0,0,0,0,15,0,42,0,24,52,0,25,0,0,0,85,188,61,14,0,0,0
174,82,122,50,35,20,25,39,19,0,56,0,0,0,13,30,0,18,23,0,153,0,63,37,134,107,113,0,55,0,74,0,71,5,27,0,11,0,134,0,0,0,0,0,71,0,9,0,0,0,0,0,134,0,64,5,22,0,0,0,6,0,106,7,0,0,0,0,0,0,2,0,0,0,0,0,0,0,0,0,55,0,0,0,180,0,24,0,0,0,120,0,0,0,0,0,133,0,93,0,0,0,0,0,0,0,0,0,0,0,0,0,0,0,0,0,0,0,0,0,30,0,50,0,0,0,0,0,135,0,0,0,0,0,0,0,269,0,161,0,149,0,272,0,0,0,0,0,2,0,0,0,0,0,44,0,1,1,44,0,0,0,0,0,0,0,1,0,8,0,0,0,17,0,0,0,76,3,0,0,0,0,100,0,0,0,0,0,0,0,0,0,0,0,0,0,0,0,0,0,0,0,0,0,0,0,0,0,31,0,8,335,22,3,10,0,0,0,7,0,0,0,0,0,0
91,114,67,0,0,11,55,21,37,0,6,23,0,0,16,11,18,0,0,0,0,93,59,82,81,50,0,0,0,64,0,34,0,66,0,22,0,34,0,210,0,0,0,0,0,0,0,0,0,0,0,14,0,101,7,39,0,83,0,9,0,36,14,157,0,0,0,0,0,0,0,0,0,0,0,0,0,0,0,0,0,104,0,0,0,56,0,13,0,0,0,0,0,0,0,0,0,0,0,69,0,117,0,0,0,0,0,0,0,0,0,0,0,0,0,0,0,0,0,0,0,0,0,0,0,0,0,0,0,120,0,0,1,55,0,194,0,300,0,89,0,29,0,165,0,0,0,0,4,0,0,0,0,0,0,54,0,0,0,89,0,14,0,0,0,2,0,0,0,0,0,0,0,16,0,0,3,45,0,0,0,0,0,4,0,0,0,0,0,0,0,0,0,0,0,0,0,0,0,0,0,0,0,0,0,0,0,0,0,3,5,0,4,2,7,0,0,0,8,188,47,5,0,0,0
9,0,88,0,196,196,0,0,9,0,10,63,221,276,533,206,23,0,0,777,501,453,275,9,0,0,182,274,0,0,50,33,0,35,148,187,94,66,0,0,3,0,22,46,27,12,31,0,0,0,111,32,0,0,0,0,0,0,0,0,0,0,12,0,4,0,0,0,0,0,0,0,0,0,0,0,0,0,0,0,0,0,57,0,0,0,31,0,0,0,0,0,0,0,0,0,0,0,71,0,0,0,0,0,0,0,0,0,0,0,0,0,0,0,0,0,0,0,0,0,0,0,0,0,5,0,0,0,0,0,0,0,0,0,0,0,0,0,0,0,0,0,0,0,0,0,0,0,0,0,33,0,0,0,0,0,0,0,0,0,0,0,0,0,0,0,48,0,65,0,0,0,17,0,0,0,176,94,30,1,0,0,20,0,35,0,40,0,0,0,0,0,0,0,0,0,0,0,0,0,0,0,0,0,0,0,0,0,0,0,59,393,119,31,27,0,0,0,0,38,68,0,0,0,0
0,109,0,113,96,452,0,51,0,17,22,65,373,60,131,210,0,0,777,0,340,654,0,55,0,0,340,247,0,0,0,105,3,64,116,231,36,116,0,0,75,1,178,58,30,37,47,25,0,10,122,152,0,7,0,0,0,0,0,0,0,0,0,8,0,16,0,0,0,0,0,2,0,0,0,0,0,0,0,0,0,113,0,0,2,22,0,0,0,0,0,0,0,0,0,0,0,0,0,0,0,0,0,0,0,0,0,0,0,0,0,0,0,0,0,0,0,0,0,0,0,0,0,0,0,0,0,0,0,0,0,0,0,0,0,0,0,0,0,6,0,10,0,0,0,0,0,0,0,28,0,0,0,0,0,5,0,0,0,0,0,0,0,0,0,35,10,138,0,100,0,59,0,38,0,0,83,144,13,6,0,10,0,0,0,41,39,9,0,0,0,0,0,0,0,0,0,8,0,0,0,0,0,0,0,0,0,0,0,19,0,31,0,0,22,0,0,0,115,255,168,31,0,0,0
0,0,69,0,194,193,0,0,0,0,103,67,138,134,231,236,153,0,501,340,0,205,175,81,95,3,236,200,20,0,74,0,70,38,35,75,16,39,4,0,4,15,41,42,31,11,0,0,0,0,27,31,17,0,6,0,0,0,0,0,0,0,51,0,0,0,0,0,0,0,8,0,0,0,16,0,0,0,0,0,100,0,0,0,186,0,48,0,0,0,225,0,0,0,0,0,239,0,165,0,72,0,0,0,0,0,0,0,0,0,0,0,0,0,0,0,0,0,0,0,0,1,31,0,0,0,11,0,46,0,0,0,0,0,31,0,175,0,47,0,88,0,284,0,0,0,0,0,0,0,0,0,0,0,0,0,0,0,0,0,4,0,0,0,12,0,124,0,85,0,0,0,33,0,0,0,107,52,61,0,0,0,17,0,0,0,31,0,0,0,0,0,0,0,0,0,0,0,0,0,0,0,0,0,0,0,0,0,37,0,137,612,152,81,49,0,0,0,0,0,36,0,0,0,0
0,0,0,123,89,227,0,33,0,0,10,91,207,77,127,333,0,93,453,654,205,0,0,211,0,20,136,149,0,58,0,101,0,127,72,93,0,45,0,24,38,0,51,67,0,67,0,0,0,4,56,96,0,22,0,41,0,9,0,0,0,0,0,96,0,0,0,0,0,0,0,2,0,0,0,0,0,0,0,0,0,670,0,0,0,200,1,142,0,0,0,31,0,0,0,0,0,0,0,381,0,381,0,0,0,0,0,0,0,0,0,0,0,0,0,0,0,0,0,0,0,54,0,0,0,0,0,0,0,0,0,0,0,41,0,267,0,280,0,87,0,89,0,409,0,0,0,0,0,0,0,0,0,0,0,16,0,0,0,0,0,0,0,0,0,0,4,38,0,61,0,0,0,11,0,0,29,62,6,10,0,0,0,3,0,18,9,5,0,0,0,0,0,0,0,0,0,0,0,0,0,0,0,0,0,0,0,0,0,0,0,0,0,3,0,0,0,0,86,306,75,0,0,0,0
111,179,565,208,68,143,20,22,7,0,75,89,0,0,385,155,63,59,275,0,175,0,0,201,161,188,285,0,55,2,27,0,40,0,0,0,7,48,48,37,0,0,0,0,0,0,41,0,0,0,0,0,18,0,50,0,0,0,10,0,0,0,12,11,0,0,0,0,0,0,1,0,0,0,0,0,0,0,0,0,0,0,0,0,32,0,5,0,0,0,0,0,0,0,0,0,0,0,0,0,0,0,0,0,0,0,0,0,0,0,0,0,0,0,0,0,0,0,0,0,0,0,0,0,0,0,30,0,0,0,0,3,22,0,70,0,109,0,9,0,15,0,145,0,0,0,0,0,0,0,0,0,0,0,0,0,0,0,0,0,23,0,2,0,0,0,0,3,7,0,0,0,47,27,0,0,40,23,15,0,10,0,61,0,4,0,0,0,0,0,0,0,0,0,0,0,2,0,0,0,44,0,0,0,0,0,1,0,58,0,51,486,73,0,0,0,0,0,28,0,38,0,0,0,0
143,54,160,151,181,95,0,17,5,0,139,40,6,0,303,142,37,82,9,55,81,211,201,0,54,69,0,0,0,75,10,44,35,64,0,4,21,30,23,43,0,0,0,0,0,0,0,0,1,0,0,6,0,0,2,42,0,40,0,0,0,6,0,10,0,0,0,0,0,0,0,0,0,0,0,0,0,0,0,0,0,77,1,0,0,14,0,15,0,0,0,6,0,0,0,0,0,0,0,77,0,109,0,0,0,0,0,0,0,0,0,0,0,0,0,0,0,0,0,0,1,0,0,0,0,0,0,19,0,48,5,0,0,28,0,134,0,181,0,8,0,2,0,51,6,0,0,0,0,0,0,0,0,0,0,16,0,0,0,0,0,0,0,0,0,0,0,32,0,12,0,0,13,15,0,0,23,27,0,0,0,0,4,0,0,3,0,0,0,0,0,0,0,0,0,0,0,0,0,0,0,0,0,0,0,0,0,0,0,6,19,13,25,0,14,0,0,0,14,347,17,6,0,0,0
34,221,92,98,0,0,84,114,33,48,0,0,11,0,66,0,134,81,0,0,95,0,161,54,0,270,0,0,127,0,0,0,0,0,0,0,0,0,52,0,0,0,0,0,0,0,0,0,11,0,0,0,85,0,307,26,68,0,34,0,26,22,120,33,0,0,0,0,0,0,0,0,0,0,0,0,0,0,0,0,0,0,0,0,0,0,0,0,0,0,62,0,0,0,0,0,80,0,0,0,0,0,0,0,0,0,69,0,0,0,0,0,0,0,0,0,0,0,0,0,0,0,0,0,0,0,28,0,74,0,12,0,51,0,202,0,301,0,20,0,19,0,358,0,0,0,2,0,0,20,22,0,0,0,24,0,1,0,35,0,101,0,0,0,0,0,0,0,12,1,58,0,75,0,1,0,0,11,0,0,0,0,0,0,0,0,0,0,0,0,0,0,0,0,0,0,7,0,0,0,120,0,0,0,0,0,0,0,157,0,137,148,186,135,192,0,15,0,15,7,0,0,0,0,0
448,89,220,316,6,7,247,268,205,9,0,5,0,0,8,34,107,50,0,0,3,20,188,69,270,0,0,0,12,31,0,0,0,12,0,3,0,9,45,74,0,0,0,0,0,0,0,0,0,0,0,0,12,13,32,129,0,70,0,23,0,32,70,86,0,0,0,0,0,0,0,0,0,0,0,0,0,0,0,0,0,10,0,0,0,0,0,0,0,0,0,4,0,0,0,0,0,14,0,15,0,0,0,0,0,0,0,0,0,0,0,0,0,0,0,0,0,0,0,0,0,0,0,0,0,15,0,35,0,0,0,10,0,0,1,68,0,202,0,7,1,0,0,15,0,0,0,2,6,0,0,5,0,3,0,0,0,0,0,11,0,0,0,0,0,0,0,4,0,0,0,7,18,11,0,0,26,24,0,0,0,0,10,0,0,0,0,0,0,0,0,0,0,0,0,0,0,0,0,0,0,0,0,0,0,0,0,17,0,41,12,4,5,0,47,0,0,0,18,154,37,45,0,1,0
24,0,0,0,147,0,0,0,0,0,75,0,287,217,214,0,113,0,182,340,236,136,285,0,0,0,0,742,18,0,40,0,18,0,18,26,62,10,0,0,22,192,142,107,45,80,64,122,16,0,162,47,0,0,10,0,0,0,0,0,0,0,101,0,0,0,0,0,0,0,61,0,8,0,103,0,0,0,0,0,0,0,0,6,0,0,0,0,0,0,0,0,0,0,0,0,474,0,0,0,0,0,0,0,0,0,0,0,0,0,0,0,0,0,0,0,0,0,0,0,0,0,0,0,0,0,14,0,0,0,0,0,0,0,0,0,267,0,0,0,0,0,445,0,0,0,0,0,0,0,0,0,0,0,0,0,0,0,0,3,0,0,9,0,57,0,22,5,0,4,0,0,11,0,0,0,35,72,29,0,0,0,28,0,0,0,153,0,0,0,0,0,0,0,0,0,0,0,0,0,0,0,0,0,0,0,0,0,0,0,57,509,202,27,17,0,0,20,0,0,0,0,0,0,0
0,269,0,51,0,520,0,52,0,28,0,503,235,316,0,67,0,0,274,247,200,149,0,0,0,0,742,0,0,0,0,7,0,0,0,106,0,0,0,0,313,18,415,336,213,143,276,105,11,36,169,227,0,0,0,0,0,0,0,0,0,0,0,0,0,57,0,0,0,0,0,0,0,0,4,0,0,0,0,0,0,0,0,0,0,17,0,0,0,0,0,0,0,0,0,0,0,0,0,31,0,0,0,0,0,0,0,0,0,0,0,0,0,0,0,0,0,0,0,0,0,0,0,0,0,0,0,0,0,0,0,0,0,0,0,0,0,0,0,0,0,0,0,0,0,3,0,0,0,39,0,16,0,0,0,0,0,0,0,0,0,1,0,0,0,24,1,16,0,0,0,0,0,5,0,2,24,196,0,15,0,0,0,8,0,42,73,62,0,0,0,0,0,0,0,0,0,0,0,0,0,0,0,0,0,0,0,0,0,47,3,40,0,0,0,0,0,0,35,335,238,24,0,0,5
121,15,223,16,0,0,50,5,3,1,19,0,0,0,0,1,55,0,0,0,20,0,55,0,127,12,18,0,0,0,10,0,4,0,6,0,19,1,24,0,0,0,19,0,27,0,0,0,0,0,1,0,11,0,5,0,0,0,0,0,0,0,11,0,0,0,0,0,0,0,1,0,0,0,2,0,0,0,0,0,0,0,0,0,0,0,0,0,0,0,0,0,0,0,0,0,0,0,0,0,0,0,1,0,0,0,0,0,0,0,0,0,0,0,0,0,0,0,0,0,0,0,5,0,0,0,0,0,6,0,0,0,2,0,0,0,6,0,19,0,6,0,10,0,0,0,0,0,0,0,0,0,0,0,7,0,0,0,3,0,0,0,0,0,0,0,0,0,0,0,0,0,0,0,0,0,34,0,0,0,0,0,45,0,0,0,0,0,0,0,0,0,0,0,0,0,0,0,0,0,0,0,0,0,0,0,0,0,6,0,2,79,0,0,0,0,0,0,0,0,0,0,0,0,0
0,86,0,176,0,90,0,0,0,0,0,45,0,0,0,14,0,64,0,0,0,58,2,75,0,31,0,0,0,0,0,80,0,76,0,46,0,20,0,45,0,0,0,6,0,0,0,0,0,0,0,13,0,14,0,14,0,7,0,0,0,10,0,76,0,0,0,0,0,0,0,0,0,0,0,0,0,0,0,0,0,25,0,0,0,12,0,0,0,0,0,0,0,0,0,0,0,7,0,39,0,29,0,0,0,0,0,0,0,0,0,0,0,0,0,0,0,0,0,0,0,0,0,0,0,0,0,0,0,0,0,0,0,12,0,40,0,80,0,75,0,29,0,65,0,0,0,0,0,0,0,0,0,0,0,13,0,0,0,46,0,0,0,0,0,0,0,0,0,0,0,0,0,0,0,0,0,20,0,0,0,0,0,0,0,6,0,0,0,0,0,0,0,1,0,0,0,0,0,0,0,0,0,0,0,0,0,0,0,0,0,0,0,0,0,0,0,0,0,10,0,0,0,0,0
0,0,31,2,100,0,0,0,0,0,39,5,40,0,75,35,74,0,50,0,74,0,27,10,0,0,40,0,10,0,0,0,5,0,21,0,33,0,3,0,0,0,84,0,45,0,0,0,0,0,15,0,9,0,0,0,0,0,0,0,1,0,39,0,0,0,0,0,0,0,0,0,1,0,12,0,0,0,0,0,33,0,0,0,57,0,0,0,0,0,0,0,0,0,0,0,45,0,55,0,0,0,0,0,0,0,0,0,0,0,0,0,0,0,0,0,0,0,0,0,0,0,8,0,1,0,0,0,0,0,0,0,0,0,0,0,43,0,0,0,38,0,51,0,0,0,0,0,0,0,0,0,0,0,0,0,0,0,0,0,0,0,0,0,0,0,38,0,0,0,0,0,8,0,0,0,0,8,30,0,0,0,0,0,0,0,0,0,0,0,0,0,0,0,0,0,0,0,0,0,0,0,0,0,0,0,0,0,0,0,24,97,42,22,4,0,0,0,0,0,0,0,0,0,0
0,0,0,44,0,142,0,0,0,0,0,54,0,10,29,81,0,34,33,105,0,101,0,44,0,0,0,7,0,80,0,0,0,7,0,38,0,47,0,4,0,0,0,24,0,11,0,0,0,0,0,30,0,0,0,0,0,0,0,0,0,0,0,21,0,0,0,0,0,0,0,0,0,0,0,1,0,0,0,0,0,0,0,0,0,13,0,0,0,0,0,0,0,0,0,0,0,0,0,31,0,0,0,0,0,1,0,0,0,0,0,0,0,0,0,0,0,0,0,0,0,0,0,0,0,0,0,0,0,0,0,0,0,0,0,0,0,46,0,22,0,12,0,71,0,0,0,0,0,0,0,0,0,4,0,3,0,0,0,14,0,0,0,0,0,0,0,8,0,6,0,0,0,1,0,0,0,23,0,12,0,0,0,0,0,0,0,0,0,1,0,0,0,0,0,0,0,0,0,0,0,0,0,0,0,0,0,1,0,0,0,0,0,0,0,0,0,0,8,42,11,2,1,0,0
0,0,154,0,255,0,0,0,0,0,188,0,4,0,196,41,71,0,0,3,70,0,40,35,0,0,18,0,4,0,5,0,0,7,6,0,143,0,2,0,0,0,13,0,23,0,0,0,2,0,3,0,8,0,0,0,0,0,0,0,0,0,58,0,0,0,0,0,0,0,15,0,0,0,46,0,0,0,0,0,107,0,0,0,115,0,29,0,0,0,0,0,0,0,0,0,79,0,173,0,0,0,0,0,0,0,0,0,0,0,0,0,0,0,0,0,0,0,0,0,31,0,18,0,0,0,0,0,0,0,0,0,0,0,0,0,77,0,49,0,99,0,99,0,0,0,0,0,0,0,0,0,0,0,9,0,1,0,17,0,0,0,0,0,0,0,66,0,0,0,0,0,19,0,0,0,34,0,43,0,0,0,0,0,0,0,0,0,0,0,0,0,0,0,0,0,0,0,0,0,0,0,0,0,0,0,0,0,0,0,37,202,65,21,19,0,0,0,0,0,0,0,0,0,0
0,0,29,218,0,295,0,0,0,4,0,224,0,8,81,125,5,66,35,64,38,127,0,64,0,12,0,0,0,76,0,7,7,0,0,72,0,332,6,25,0,0,0,76,0,29,0,0,0,0,0,48,0,19,0,20,0,3,0,0,0,0,0,48,0,0,0,0,0,0,0,0,0,0,0,0,0,0,0,0,0,0,0,0,0,12,0,0,0,0,0,0,0,0,0,0,0,0,0,0,0,0,0,0,0,1,0,0,0,0,0,0,0,0,0,0,0,0,0,0,0,0,0,0,0,0,0,0,0,0,0,0,0,0,0,0,0,0,0,25,0,0,0,56,0,0,0,0,0,0,0,0,0,0,0,0,0,0,0,0,0,0,0,0,0,0,0,41,0,7,0,7,0,10,0,0,19,126,0,38,0,0,0,0,0,23,0,0,0,0,0,0,0,0,0,0,0,0,0,0,0,0,0,0,0,0,0,0,0,0,7,0,0,0,14,0,1,0,48,91,45,9,0,0,0
0,0,0,0,110,33,0,0,0,0,30,9,207,43,0,0,27,0,148,116,35,72,0,0,0,0,18,0,6,0,21,0,6,0,0,0,162,0,1,0,0,1,3,0,3,0,0,0,0,0,71,7,4,0,0,0,0,0,0,0,0,0,5,0,0,0,0,0,0,0,5,0,0,0,5,0,0,0,0,0,0,0,0,0,0,0,0,0,0,0,0,0,0,0,0,0,0,0,0,0,0,0,0,0,0,0,0,0,0,0,0,0,0,0,0,0,0,0,0,0,0,0,0,0,0,0,0,0,0,0,1,0,0,0,0,0,0,0,0,0,17,0,0,0,0,0,0,0,0,0,0,0,0,0,0,0,0,0,0,0,0,0,0,0,5,0,45,0,41,0,0,0,12,0,0,0,65,0,41,0,0,0,0,0,0,0,33,0,0,0,0,0,0,0,0,0,0,0,0,0,0,0,0,0,0,0,0,0,0,0,0,149,88,17,3,0,0,0,0,0,0,0,0,0,0
0,0,0,14,30,128,0,0,0,0,0,59,67,236,23,0,0,22,187,231,75,93,0,4,0,3,26,106,0,46,0,38,0,72,0,0,0,108,0,18,0,0,10,37,0,14,0,6,0,0,16,24,0,10,0,15,0,0,0,0,0,0,0,30,0,6,0,0,0,0,0,0,0,0,0,0,0,0,0,0,0,0,0,0,0,18,0,0,0,0,0,0,0,0,0,0,0,0,0,0,0,0,0,0,0,0,0,0,0,0,0,0,0,0,0,0,0,0,0,0,0,0,0,14,0,0,0,0,0,0,0,0,0,0,0,0,0,57,0,55,0,63,0,118,0,14,0,0,0,0,0,0,0,0,0,0,0,0,0,0,0,1,0,0,0,14,0,45,0,42,0,17,0,20,0,0,0,47,0,7,0,0,0,0,0,0,4,0,0,0,0,0,0,0,0,0,0,2,0,0,0,0,0,0,0,0,0,0,0,0,0,0,0,0,0,0,0,0,27,100,109,8,0,0,0
66,0,87,0,294,0,0,0,3,0,224,0,131,0,181,51,11,0,94,36,16,0,7,21,0,0,62,0,19,0,33,0,143,0,162,0,0,0,57,0,0,0,65,0,89,0,0,0,0,0,25,0,38,0,5,0,9,0,0,0,14,0,36,0,0,0,0,0,2,0,53,0,0,0,94,0,0,0,0,0,143,0,0,0,0,0,47,0,0,0,42,0,0,0,0,0,0,0,182,0,41,0,0,0,2,0,0,0,0,0,0,0,0,0,0,0,0,0,0,0,30,0,29,0,0,0,0,0,0,0,0,0,0,0,0,0,71,0,197,0,187,0,70,0,76,0,0,0,0,0,0,0,0,0,56,0,10,0,45,0,0,0,0,0,4,0,25,0,51,0,0,0,31,0,0,0,80,34,93,0,0,0,51,0,7,0,8,0,0,0,0,0,0,0,0,0,0,0,0,0,0,0,0,0,0,0,0,0,5,0,16,99,41,28,10,1,0,0,5,0,0,0,0,0,0
27,237,45,160,36,257,0,0,0,0,19,221,29,119,66,69,0,34,66,116,39,45,48,30,0,9,10,0,1,20,0,47,0,332,0,108,0,0,0,95,0,0,0,34,0,8,1,0,0,0,0,47,0,36,0,18,0,0,0,0,0,42,0,90,0,7,0,0,0,0,0,0,0,0,0,0,0,0,0,0,0,0,0,0,0,9,0,8,0,0,0,0,0,0,0,0,0,0,0,0,0,0,0,0,0,12,0,0,0,0,0,0,0,0,0,0,0,0,0,0,0,0,0,0,0,0,0,0,0,0,0,0,0,0,0,0,0,44,0,72,0,76,0,91,0,23,0,0,0,0,0,17,0,0,0,74,0,9,0,58,0,2,0,0,0,0,0,40,0,49,0,27,3,75,0,0,24,88,3,24,0,0,1,9,0,0,0,5,0,0,0,0,0,0,0,0,0,0,0,0,0,0,0,0,0,0,0,4,0,0,9,0,0,0,22,0,0,0,73,46,109,20,0,0,0
346,39,405,47,0,0,51,0,20,0,0,0,0,0,15,19,134,0,0,0,4,0,48,23,52,45,0,0,24,0,3,0,2,6,1,0,57,0,0,9,0,0,0,0,0,0,0,0,0,0,0,0,10,0,0,0,0,0,1,0,7,3,17,0,0,0,0,0,0,0,0,0,0,0,7,0,0,0,0,0,0,0,0,0,0,0,0,0,0,0,0,0,0,0,0,0,0,0,0,0,0,0,0,0,0,0,0,0,0,0,0,0,0,0,0,0,0,0,0,0,1,0,0,0,0,0,0,0,0,0,0,0,0,0,0,0,0,0,12,0,10,0,15,0,0,0,0,0,0,0,0,0,0,0,7,0,2,0,0,0,0,0,0,0,0,0,11,0,0,0,2,0,104,0,6,0,122,13,0,0,0,0,130,0,0,0,0,0,0,0,0,0,0,0,0,0,0,0,0,0,0,0,0,0,0,0,0,0,0,0,16,363,27,19,15,0,0,0,0,0,5,0,0,0,0
35,415,49,270,0,0,14,196,0,0,0,0,0,0,0,17,0,210,0,0,0,24,37,43,0,74,0,0,0,45,0,4,0,25,0,18,0,95,9,0,0,0,0,16,0,0,0,0,0,0,0,8,0,22,0,22,0,0,0,0,0,20,0,101,0,0,0,0,0,0,0,0,0,0,0,0,0,0,0,0,0,14,0,0,0,0,0,0,0,0,0,0,0,0,0,0,0,0,0,0,0,0,0,0,0,0,0,0,0,0,0,0,0,0,0,0,0,0,0,0,0,0,0,0,0,0,0,0,0,0,0,0,0,0,0,0,0,34,0,37,0,20,0,25,0,6,0,0,0,0,0,0,0,0,0,11,0,8,0,18,0,0,0,0,0,0,0,0,0,0,0,0,0,21,0,0,10,69,0,0,0,0,1,12,0,10,0,0,0,0,0,0,0,0,0,0,0,0,0,0,0,0,0,0,0,0,0,0,0,4,0,0,0,0,0,0,0,0,17,49,6,7,0,0,0
23,0,6,0,34,0,0,0,6,0,48,0,134,50,0,0,0,0,3,75,4,38,0,0,0,0,22,313,0,0,0,0,0,0,0,0,0,0,0,0,0,92,26,68,8,62,100,103,89,7,12,12,0,0,0,0,0,0,0,0,0,0,0,0,0,0,0,0,0,0,0,0,0,0,0,0,0,0,0,0,5,0,0,0,0,0,0,0,0,0,0,0,0,0,5,0,0,0,0,0,0,1,0,0,0,0,0,0,0,0,0,0,0,0,0,0,0,0,0,0,0,0,0,0,0,0,0,0,0,0,0,0,0,0,0,0,0,0,0,0,0,0,0,0,0,0,0,0,0,0,0,0,0,0,0,0,0,0,0,0,0,0,0,0,7,0,0,0,0,0,0,0,0,0,0,0,112,41,24,0,50,0,0,0,0,0,166,0,0,0,0,0,0,0,0,0,0,0,0,0,0,0,0,0,0,0,0,0,0,0,6,143,13,0,0,3,0,0,0,0,0,0,0,0,0
0,9,0,0,0,22,0,0,0,0,0,105,0,139,0,0,0,0,0,1,15,0,0,0,0,0,192,18,0,0,0,0,0,0,1,0,0,0,0,0,92,0,77,89,159,22,165,168,21,88,11,35,0,0,0,0,0,0,0,0,0,0,0,0,0,0,0,0,0,0,0,0,0,0,0,0,0,0,0,0,0,0,0,0,0,0,0,0,0,0,0,0,0,0,0,0,0,0,0,0,0,0,0,0,0,0,0,0,0,0,0,0,0,0,0,0,0,0,0,0,0,0,0,0,0,0,0,0,0,0,0,0,1,0,0,0,0,0,0,0,0,0,0,0,0,0,0,0,0,0,0,0,0,0,0,0,0,0,0,0,0,0,0,0,0,8,0,1,0,0,0,0,0,0,0,0,0,171,0,0,0,28,0,4,0,0,22,15,0,0,0,0,0,0,0,0,0,0,0,0,0,0,0,0,0,0,0,0,0,0,0,9,0,0,0,0,0,0,0,58,35,0,0,0,0
0,0,0,0,0,0,0,0,0,1,0,0,105,119,11,0,0,0,22,178,41,51,0,0,0,0,142,415,19,0,84,0,13,0,3,10,65,0,0,0,26,77,0,60,76,49,42,66,57,0,20,32,0,0,0,0,6,0,11,0,0,0,0,0,0,0,0,0,0,0,25,0,0,0,8,0,0,0,2,0,39,0,0,0,0,0,15,0,0,0,0,0,0,0,0,0,0,0,62,0,0,0,0,0,0,0,0,0,0,0,0,0,0,0,0,0,0,0,0,0,0,0,0,0,0,0,0,0,0,0,0,0,0,0,0,0,0,0,0,0,0,0,0,0,0,0,0,0,0,0,0,0,4,0,0,0,0,0,0,0,0,0,7,0,65,0,27,0,22,0,12,0,21,0,0,0,0,26,13,0,0,0,5,0,4,0,179,0,0,0,0,0,0,0,0,0,0,0,0,0,0,0,0,0,0,0,0,0,0,0,0,227,102,5,0,2,0,40,0,0,0,0,0,0,0
0,0,0,10,0,0,0,0,0,0,0,0,36,153,0,9,0,0,46,58,42,67,0,0,0,0,107,336,0,6,0,24,0,76,0,37,0,34,0,16,68,89,60,0,82,129,93,105,0,38,26,38,0,0,0,10,0,0,0,0,0,0,0,28,0,0,0,0,0,0,0,0,0,0,0,0,0,0,0,0,0,0,0,0,0,33,0,35,0,0,0,0,0,3,0,0,0,0,0,0,0,0,0,0,0,0,0,0,0,0,0,0,0,0,0,0,0,0,0,0,0,22,0,10,0,0,0,0,0,0,0,0,0,0,0,0,0,0,0,0,0,56,0,172,0,0,1,0,0,3,0,0,0,0,0,0,0,0,0,0,0,0,0,0,0,39,0,15,0,53,0,18,0,16,0,0,0,11,0,0,0,0,0,0,0,0,14,10,0,0,0,0,0,0,0,0,0,0,0,0,0,0,0,0,0,0,0,0,0,0,0,5,0,0,7,0,0,0,27,166,137,6,0,0,2
9,0,0,0,20,0,0,0,13,0,30,0,45,46,25,0,71,0,27,30,31,0,0,0,0,0,45,213,27,0,45,0,23,0,3,0,89,0,0,0,8,159,76,82,0,133,96,223,97,25,53,19,24,0,0,0,0,0,21,0,5,0,37,0,0,1,0,0,0,0,71,0,0,0,96,0,0,0,0,0,233,0,47,0,209,0,77,0,0,0,181,0,0,0,0,0,0,0,354,0,0,0,0,0,0,0,0,0,0,0,0,0,0,0,0,0,0,0,0,0,49,0,0,0,0,0,0,0,0,0,0,0,0,0,0,0,0,0,0,0,0,0,137,0,0,0,0,0,0,0,0,0,0,0,0,0,0,0,0,0,0,0,0,0,156,0,35,0,47,0,25,0,30,0,0,0,24,41,8,0,0,0,0,0,0,0,72,0,0,0,0,0,0,0,0,0,0,0,0,0,0,0,0,0,0,0,0,0,0,0,29,120,71,16,14,0,0,56,0,0,0,0,0,0,0
0,15,0,0,1,0,0,0,0,0,0,66,0,79,0,5,0,0,12,37,11,67,0,0,0,0,80,143,0,0,0,11,0,29,0,14,0,8,0,0,62,22,49,129,133,0,130,315,23,224,0,29,0,0,0,7,0,0,0,0,0,0,0,19,0,0,0,0,0,35,0,0,0,0,0,0,0,78,0,0,0,83,0,253,0,26,0,22,0,13,0,0,0,0,0,120,0,0,0,19,0,38,0,31,0,26,0,0,0,0,0,0,0,0,0,0,0,0,0,0,0,0,0,0,0,0,3,0,0,0,0,0,0,0,0,0,0,64,0,24,0,0,0,143,0,0,0,0,0,0,0,0,1,0,0,0,0,0,0,0,0,0,0,0,0,170,0,4,0,114,0,0,0,14,0,3,2,41,0,4,0,0,0,0,0,0,17,11,0,0,0,0,0,0,0,0,0,0,0,0,0,0,0,0,0,0,0,0,0,0,0,10,0,0,0,0,0,0,41,91,237,9,0,0,45
23,0,0,0,105,0,0,0,22,0,83,0,232,41,51,0,9,0,31,47,0,0,41,0,0,0,64,276,0,0,0,0,0,0,0,0,0,1,0,0,100,165,42,93,96,130,0,259,189,36,8,17,0,0,0,0,0,0,0,0,0,0,4,0,0,0,0,0,0,0,14,0,0,0,14,0,0,0,0,0,0,0,0,0,50,0,15,0,0,0,0,0,0,0,0,0,0,0,51,0,0,0,0,0,0,0,0,0,0,0,0,0,0,0,0,0,0,0,0,0,0,0,0,0,0,0,0,0,0,0,0,0,0,0,19,0,26,0,0,0,0,0,0,0,0,0,0,0,0,0,0,0,10,0,0,0,2,0,0,0,0,0,0,0,83,0,4,0,0,0,0,0,8,0,0,0,53,68,67,0,0,0,19,0,42,0,187,3,0,0,0,0,0,0,0,0,0,0,0,0,0,0,0,0,0,0,0,0,0,0,19,275,65,0,12,2,0,46,0,1,0,0,0,0,0
0,23,0,0,0,65,0,0,0,0,0,154,7,317,0,0,0,0,0,25,0,0,0,0,0,0,122,105,0,0,0,0,0,0,0,6,0,0,0,0,103,168,66,105,223,315,259,0,35,158,15,61,0,0,0,0,0,0,0,0,0,0,0,0,0,0,0,0,0,0,0,0,0,0,0,0,0,0,0,0,0,0,0,0,0,0,0,0,0,0,0,0,0,0,0,0,0,0,0,0,0,0,0,0,0,0,0,0,0,0,0,0,0,0,0,0,0,0,0,0,0,0,0,0,0,0,0,1,0,0,0,0,0,0,0,0,0,0,0,0,0,0,0,0,0,0,0,0,0,0,0,0,0,0,0,0,0,0,0,0,0,0,0,0,0,0,0,0,0,0,0,0,0,0,0,0,1,174,0,0,0,0,0,0,0,0,55,19,0,0,0,0,0,0,0,0,0,0,0,0,0,0,0,0,0,0,0,0,0,0,0,12,0,0,0,0,0,0,0,179,123,0,0,0,27
9,0,17,0,5,0,16,0,0,0,8,0,23,1,1,1,0,0,0,0,0,0,0,1,11,0,16,11,0,0,0,0,2,0,0,0,0,0,0,0,89,21,57,0,97,23,189,35,0,15,3,0,3,0,0,0,8,0,7,0,2,0,0,0,0,0,0,0,0,0,7,0,0,0,0,0,0,0,6,0,0,0,10,0,9,0,2,0,0,0,10,0,8,0,2,0,5,0,0,0,9,0,17,0,2,0,0,1,0,0,0,0,0,0,0,0,0,0,0,0,0,0,0,2,0,0,0,0,0,0,0,0,0,0,0,0,0,0,0,0,6,0,7,0,2,0,0,0,0,0,8,0,0,1,2,0,0,0,0,0,0,0,10,0,39,0,6,0,0,0,15,0,29,0,4,1,68,22,12,0,9,0,4,0,7,0,89,0,20,0,14,0,27,0,0,0,4,0,0,0,25,0,13,0,30,0,0,0,2,0,31,36,108,2,7,0,0,2,0,0,0,0,0,0,0
0,5,0,0,0,8,0,0,0,0,0,29,1,77,0,0,0,0,0,10,0,4,0,0,0,0,0,36,0,0,0,0,0,0,0,0,0,0,0,0,7,88,0,38,25,224,36,158,15,0,0,24,0,0,0,2,0,1,0,0,0,0,0,0,0,0,0,0,0,10,0,0,0,0,0,0,0,0,0,0,0,0,0,13,0,0,0,0,0,0,0,0,0,11,0,0,0,0,0,0,0,0,0,0,0,0,0,0,0,0,0,0,0,0,0,0,0,0,0,0,0,1,0,1,0,0,0,0,0,0,0,0,0,0,0,0,0,0,0,0,0,0,0,0,0,0,0,0,0,0,0,0,0,0,0,0,0,0,0,0,0,0,0,3,1,46,0,18,0,0,0,19,0,19,0,0,0,21,0,5,0,10,0,0,0,0,11,36,0,0,0,0,0,0,0,0,0,0,0,0,0,0,0,0,0,0,0,0,0,0,0,4,0,0,2,0,0,0,3,19,33,4,0,0,0
3,0,0,0,0,0,0,0,0,0,0,0,251,61,2,0,0,0,111,122,27,56,0,0,0,0,162,169,1,0,15,0,3,0,71,16,25,0,0,0,12,11,20,26,53,0,8,15,3,0,0,0,0,0,0,0,0,0,3,0,0,0,0,0,0,0,0,0,4,0,5,0,0,0,0,0,7,0,21,0,0,0,65,0,0,0,0,0,0,0,6,0,27,0,22,0,0,0,0,0,13,0,13,0,0,0,0,0,0,0,0,0,0,0,0,0,0,0,0,0,3,0,0,0,0,0,0,0,0,0,0,0,0,0,0,0,0,0,0,0,0,0,0,0,3,0,0,0,0,0,0,0,0,0,0,0,0,0,0,0,0,0,2,0,35,0,13,0,89,0,16,0,26,0,0,0,47,12,0,0,0,0,0,0,0,0,101,0,0,0,0,0,0,0,0,0,0,0,0,0,0,0,0,0,0,0,0,0,0,0,0,135,56,3,0,0,0,3,0,6,0,0,0,0,0
0,0,0,0,0,0,0,0,0,0,0,30,0,270,0,5,0,14,32,152,31,96,0,6,0,0,47,227,0,13,0,30,0,48,7,24,0,47,0,8,12,35,32,38,19,29,17,61,0,24,0,0,0,9,0,13,0,0,0,0,0,0,0,25,0,0,0,0,0,4,0,0,0,2,0,0,0,16,0,0,0,74,0,0,0,21,0,27,0,6,0,0,0,0,0,0,0,0,0,0,0,0,0,18,0,0,0,0,0,0,0,0,0,0,0,0,0,0,0,0,0,0,0,0,0,0,0,0,0,0,0,0,0,0,0,12,0,0,0,38,0,54,0,123,0,0,0,0,0,0,1,0,0,0,0,0,0,0,0,0,0,0,0,0,0,9,0,23,0,75,0,44,0,40,0,0,0,22,0,6,0,0,0,0,0,0,2,17,0,0,0,0,0,0,0,19,0,0,0,0,0,18,0,0,0,0,0,0,0,0,0,6,0,0,0,0,0,0,18,93,107,15,0,0,0
1,7,3,0,1,0,73,24,70,147,0,0,0,0,4,0,134,0,0,0,17,0,18,0,85,12,0,0,11,0,9,0,8,0,4,0,38,0,10,0,0,0,0,0,24,0,0,0,3,0,0,0,0,24,131,97,88,45,19,74,31,0,64,2,0,8,4,89,1,0,0,0,0,0,2,0,0,0,1,0,0,0,0,0,0,0,0,0,0,0,6,0,0,0,0,0,10,0,10,0,0,0,0,0,0,0,2,0,0,0,0,0,0,0,0,0,0,0,0,0,3,0,3,0,0,0,0,0,26,0,4,0,7,0,0,0,78,0,83,1,23,0,34,0,5,0,0,0,0,0,0,0,0,0,129,10,97,3,135,8,17,2,10,0,0,0,0,0,7,1,108,0,3,0,0,0,0,0,0,0,0,0,7,0,14,0,0,0,0,0,0,0,0,0,0,0,0,0,0,0,0,0,0,0,0,0,0,0,7,0,224,244,69,90,130,0,7,3,2,0,0,1,0,0,0
0,18,0,0,0,7,42,42,108,91,0,0,0,0,1,0,0,101,0,7,0,22,0,0,0,13,0,0,0,14,0,0,0,19,0,10,0,36,0,22,0,0,0,0,0,0,0,0,0,0,0,9,24,0,54,95,6,51,62,57,0,94,3,84,0,0,37,33,0,0,0,0,0,0,0,0,0,0,0,0,0,4,0,0,0,0,0,0,0,0,0,0,0,0,0,0,0,0,0,9,0,10,0,0,0,0,0,0,0,0,0,0,0,0,0,0,0,0,0,0,0,0,0,0,0,0,0,15,0,97,0,35,0,16,0,41,2,68,0,47,0,13,0,19,0,1,0,0,0,0,0,0,0,0,0,124,0,107,0,139,6,9,0,0,0,0,0,2,0,0,0,37,0,1,0,0,2,13,0,0,0,0,0,0,6,21,0,0,0,0,0,0,0,0,0,0,0,0,0,0,0,0,0,0,0,0,0,0,0,5,0,0,0,0,69,0,0,0,35,33,30,87,0,0,0
2,44,47,2,0,0,203,56,53,257,0,0,0,0,0,0,64,7,0,0,6,0,50,2,307,32,10,0,5,0,0,0,0,0,0,0,5,0,0,0,0,0,0,0,0,0,0,0,0,0,0,0,131,54,0,207,208,31,63,42,17,0,63,28,2,0,12,59,2,0,0,0,2,0,0,0,0,0,0,0,0,0,0,0,0,0,0,2,0,0,0,0,0,0,0,0,0,0,0,0,0,0,0,0,0,0,0,0,0,0,0,0,0,0,0,0,0,0,0,0,0,0,0,0,0,0,9,0,8,0,3,0,0,0,0,0,55,0,6,0,0,0,0,0,0,0,0,0,0,0,0,0,0,0,27,8,9,8,18,6,83,0,15,0,0,0,7,0,20,0,129,0,0,0,0,0,2,0,0,0,0,0,0,0,2,9,0,0,0,0,0,0,0,0,0,0,0,0,1,0,0,0,0,0,0,0,0,0,9,0,185,94,202,262,486,0,15,2,0,0,0,0,0,0,0
16,18,0,52,0,12,170,186,429,133,0,4,0,0,0,104,5,39,0,0,0,41,0,42,26,129,0,0,0,14,0,0,0,20,0,15,0,18,0,22,0,0,0,10,0,7,0,0,0,2,0,13,97,95,207,0,17,149,75,86,0,64,48,161,0,3,85,9,0,0,0,0,0,0,0,0,0,0,0,0,0,0,0,0,0,0,0,0,0,0,0,0,0,0,0,0,0,0,0,5,0,0,0,0,0,0,0,0,0,0,0,0,0,0,0,0,0,0,0,0,0,0,0,0,0,18,0,30,0,8,0,30,0,0,0,24,0,75,0,2,0,0,0,0,0,0,0,0,0,11,0,0,0,3,0,9,0,28,0,6,5,3,0,0,0,0,1,6,0,9,0,122,0,8,0,0,11,5,1,0,0,0,0,0,18,6,0,0,0,0,0,0,0,3,0,0,0,0,0,0,0,0,0,0,0,0,0,0,0,39,4,0,4,0,331,0,0,0,188,57,109,231,0,6,0
0,0,0,0,0,0,28,0,32,0,0,0,0,0,0,0,22,0,0,0,0,0,0,0,68,0,0,0,0,0,0,0,0,0,0,0,9,0,0,0,0,0,6,0,0,0,0,0,8,0,0,0,88,6,208,17,0,58,230,71,0,0,13,0,21,0,27,112,4,0,0,0,0,0,0,0,1,0,0,0,0,0,0,0,0,0,0,0,0,0,0,0,0,0,1,0,0,0,0,0,0,0,0,0,0,0,0,0,0,0,0,0,0,0,0,0,0,0,0,0,0,0,0,0,9,0,0,0,20,0,7,0,11,0,0,0,17,0,12,14,0,0,9,0,15,3,0,0,3,0,0,0,0,0,155,49,26,6,133,55,261,0,99,0,1,0,3,0,30,0,126,0,0,0,0,0,0,0,1,0,0,0,0,0,10,20,0,0,0,0,0,0,0,0,0,0,0,0,0,0,0,0,0,0,0,0,0,0,0,0,252,104,449,415,815,1,30,5,0,0,1,0,0,0,0
0,2,0,0,0,0,8,7,38,8,0,0,0,0,1,33,0,83,0,0,0,9,0,40,0,70,0,0,0,7,0,0,0,3,0,0,0,0,0,0,0,0,0,0,0,0,0,0,0,1,0,0,45,51,31,149,58,0,138,101,0,21,0,23,25,16,139,19,0,0,0,0,0,0,0,0,0,3,0,0,0,0,0,0,0,2,0,0,0,0,0,0,1,0,0,0,0,0,0,0,0,0,0,0,0,0,0,0,0,0,0,0,0,0,0,0,0,0,0,0,0,0,0,0,0,29,0,35,0,33,0,59,0,14,0,27,0,96,7,2,0,1,0,0,25,10,0,7,0,11,1,0,0,0,48,264,12,32,22,135,35,63,0,11,0,0,0,3,0,28,0,206,0,5,0,2,1,0,0,0,1,0,0,0,17,0,0,0,0,0,0,2,0,1,0,0,0,0,0,0,0,0,0,0,0,0,0,0,0,41,0,0,0,0,566,0,0,0,201,95,242,458,1,4,0
0,0,22,0,0,0,33,0,56,32,0,0,0,0,0,0,0,0,0,0,0,0,10,0,34,0,0,0,0,0,0,0,0,0,0,0,0,0,1,0,0,0,11,0,21,0,0,0,7,0,3,0,19,62,63,75,230,138,0,243,22,0,0,2,113,47,201,248,0,0,0,0,0,0,0,0,0,0,0,0,0,0,0,0,0,0,0,0,0,0,0,0,0,0,0,0,0,0,0,0,0,0,0,0,0,0,0,0,0,0,0,0,0,0,0,0,0,0,0,0,0,0,0,0,4,0,1,0,1,0,8,0,0,0,0,0,0,0,0,11,0,0,0,0,8,12,0,0,0,0,0,0,0,0,23,71,20,14,0,44,18,0,42,0,0,0,4,0,18,0,115,0,14,0,0,10,26,0,0,0,7,9,0,0,78,70,0,0,0,0,0,0,0,0,0,0,0,0,0,0,0,0,0,0,0,0,0,0,0,0,563,158,304,511,1638,0,30,6,0,0,0,0,0,0,0
0,0,1,0,0,0,0,4,38,14,0,0,0,0,0,0,0,9,0,0,0,0,0,0,0,23,0,0,0,0,0,0,0,0,0,0,0,0,0,0,0,0,0,0,0,0,0,0,0,0,0,0,74,57,42,86,71,101,243,0,0,69,0,16,59,142,221,225,0,4,0,0,0,0,0,0,0,1,0,0,0,2,0,0,0,0,0,0,0,0,0,0,0,0,0,0,0,0,0,0,0,0,0,0,0,0,0,0,0,0,0,0,0,0,0,0,0,0,0,0,0,0,0,0,0,19,0,7,0,0,0,28,0,1,0,0,0,0,10,1,0,0,0,0,16,24,0,0,0,14,0,0,0,2,59,51,17,122,39,4,67,44,0,30,0,0,0,0,0,38,0,274,0,31,0,14,4,0,0,0,0,15,0,0,46,77,0,0,0,0,0,0,0,0,0,0,0,0,0,0,0,0,0,0,0,0,0,0,0,3,1,0,0,0,1304,0,0,0,802,193,355,642,4,0,2
35,0,14,2,0,0,122,0,89,0,0,0,0,0,0,0,6,0,0,0,0,0,0,0,26,0,0,0,0,0,1,0,0,0,0,0,14,0,7,0,0,0,0,0,5,0,0,0,2,0,0,0,31,0,17,0,0,0,22,0,0,0,26,0,0,0,0,0,0,0,4,0,0,0,0,0,0,0,0,0,0,0,0,0,0,0,0,0,0,0,0,0,0,0,0,0,0,0,0,0,0,0,0,0,0,0,0,0,0,0,0,0,0,0,0,0,0,0,0,0,0,0,0,0,0,0,0,0,0,0,0,0,0,0,0,0,6,0,209,0,62,0,0,0,105,0,0,0,0,0,0,0,0,0,41,0,34,0,24,0,0,0,5,0,0,0,3,0,0,0,86,0,6,0,0,0,28,2,0,0,0,0,26,0,0,0,0,0,0,0,0,0,0,0,0,0,0,0,0,0,0,0,0,0,0,0,0,0,0,0,135,168,56,81,99,0,9,0,0,0,0,0,0,0,0
0,389,35,0,0,0,30,237,10,199,0,0,0,0,0,17,0,36,0,0,0,0,0,6,22,32,0,0,0,10,0,0,0,0,0,0,0,42,3,20,0,0,0,0,0,0,0,0,0,0,0,0,0,94,0,64,0,21,0,69,0,0,0,88,0,0,0,0,0,0,0,0,0,0,0,0,0,0,0,0,0,8,0,0,0,0,0,0,0,0,0,0,0,0,0,2,0,0,0,0,0,2,0,0,0,0,0,0,0,0,0,0,0,0,0,0,0,0,0,0,0,7,0,0,0,0,0,0,0,0,0,0,0,0,0,0,0,8,0,26,0,0,0,0,0,46,0,0,0,0,0,0,0,0,0,71,0,76,0,42,0,0,0,4,0,0,0,4,0,0,0,73,0,47,0,0,9,68,0,0,0,0,0,12,0,10,0,0,0,0,0,0,0,0,0,0,0,0,0,0,0,0,0,0,0,0,0,0,0,0,0,0,0,0,69,0,0,0,56,94,100,118,0,0,0
42,56,0,12,0,0,279,64,147,45,0,0,0,0,0,0,106,14,12,0,51,0,12,0,120,70,101,0,11,0,39,0,58,0,5,0,36,0,17,0,0,0,0,0,37,0,4,0,0,0,0,0,64,3,63,48,13,0,0,0,26,0,0,15,0,0,0,0,0,0,0,0,0,0,4,0,0,0,0,0,3,0,0,0,0,0,3,0,0,0,0,0,0,0,0,0,0,0,0,0,1,0,0,0,0,0,0,0,0,0,0,0,0,0,0,0,0,0,0,0,0,0,0,0,0,0,0,0,8,0,0,0,0,0,0,0,16,0,40,0,27,0,8,0,0,0,0,0,0,0,0,0,0,0,25,0,9,0,13,0,5,0,2,0,0,0,0,0,0,0,16,0,3,0,0,0,51,0,0,0,1,0,75,0,0,0,0,0,0,0,0,0,0,0,0,0,0,0,0,0,0,0,0,0,0,0,0,0,2,0,112,428,0,19,57,0,0,1,0,0,0,0,0,0,0
0,253,18,13,0,5,79,181,70,138,0,0,0,0,0,9,7,157,0,8,0,96,11,10,33,86,0,0,0,76,0,21,0,48,0,30,0,90,0,101,0,0,0,28,0,19,0,0,0,0,0,25,2,84,28,161,0,23,2,16,0,88,15,0,0,0,0,5,0,0,0,0,0,0,0,0,0,0,0,0,0,0,0,0,0,0,0,0,0,0,0,0,0,0,0,0,0,0,0,0,0,0,0,0,0,0,0,0,0,0,0,0,0,0,0,0,0,0,0,0,0,0,0,0,0,0,0,3,0,12,0,6,0,4,0,9,0,25,0,19,0,0,0,1,0,34,0,0,0,1,0,0,0,0,0,27,0,16,0,17,0,0,0,0,0,0,0,6,0,2,0,3,1,7,0,0,4,84,0,0,0,0,0,10,0,0,0,0,0,0,0,0,0,0,0,0,0,0,0,0,0,0,0,0,0,0,0,4,1,3,0,2,0,0,36,0,0,0,44,46,13,32,0,0,0
0,0,6,0,0,0,0,0,83,0,0,0,4,0,0,0,0,0,4,0,0,0,0,0,0,0,0,0,0,0,0,0,0,0,0,0,0,0,0,0,0,0,0,0,0,0,0,0,0,0,0,0,0,0,2,0,21,25,113,59,0,0,0,0,0,77,80,0,0,0,13,0,5,2,11,0,0,0,0,0,0,0,0,0,0,0,0,0,0,0,0,0,0,0,0,0,0,0,4,0,0,0,0,0,0,0,0,0,0,0,0,0,0,0,0,0,0,0,0,0,0,0,0,0,19,0,0,0,0,0,52,0,0,0,7,0,0,0,13,14,0,0,4,0,26,0,30,0,40,34,5,0,1,0,6,46,12,0,7,42,113,92,13,4,0,0,0,0,0,0,0,0,0,0,26,9,18,0,0,0,83,37,0,0,119,19,0,0,0,0,0,0,0,0,0,0,0,0,0,0,0,0,0,0,0,0,0,0,6,0,32,0,0,31,49,0,0,0,11,0,0,6,0,0,0
0,42,0,0,0,0,0,0,0,69,0,20,0,0,0,0,0,0,0,16,0,0,0,0,0,0,0,57,0,0,0,0,0,0,0,6,0,7,0,0,0,0,0,0,1,0,0,0,0,0,0,0,8,0,0,3,0,16,47,142,0,0,0,0,77,0,46,179,0,0,0,51,0,21,30,16,0,0,0,0,0,0,0,0,0,0,0,0,0,0,0,0,0,0,0,0,0,0,0,0,0,0,2,0,0,0,0,0,0,0,0,0,0,0,0,0,0,0,0,0,0,0,0,10,0,13,0,6,0,0,139,41,8,0,0,0,0,0,34,30,0,64,4,0,37,73,0,24,89,265,0,6,0,25,24,0,7,0,47,7,161,261,18,54,0,0,0,0,0,0,0,3,0,0,0,56,0,0,0,0,40,111,0,0,0,99,0,0,0,0,0,0,0,0,0,0,0,0,0,0,0,0,0,0,0,0,0,18,0,27,0,0,20,0,106,0,1,0,123,10,53,60,0,0,0
0,0,0,0,0,0,4,0,118,85,0,0,0,0,0,0,0,0,0,0,0,0,0,0,0,0,0,0,0,0,0,0,0,0,0,0,0,0,0,0,0,0,0,0,0,0,0,0,0,0,0,0,4,37,12,85,27,139,201,221,0,0,0,0,80,46,0,172,0,0,2,0,0,0,0,0,0,0,0,0,0,0,0,0,0,0,0,0,0,0,0,0,0,0,0,0,0,0,0,0,0,0,0,0,0,0,0,0,0,0,0,0,0,0,0,0,0,0,0,0,0,0,0,0,0,0,0,0,0,0,26,0,0,0,0,0,0,0,0,0,0,0,0,0,14,0,4,0,30,0,0,0,0,0,12,66,15,8,0,27,38,0,8,0,0,0,0,0,0,0,0,0,0,0,11,12,85,0,0,0,20,7,0,0,526,73,0,0,0,0,0,0,0,0,0,0,0,0,0,0,0,0,0,0,0,0,0,0,0,0,88,24,0,0,119,0,0,0,0,0,0,0,0,0,0
0,5,0,0,0,0,0,0,83,12,0,2,0,0,0,0,0,0,0,0,0,0,0,0,0,0,0,0,0,0,0,0,0,0,0,0,0,0,0,0,0,0,0,0,0,0,0,0,0,0,0,0,89,33,59,9,112,19,248,225,0,0,0,5,0,179,172,0,0,1,0,0,0,0,0,0,0,2,0,0,0,0,0,0,0,0,0,0,0,0,0,0,0,0,0,1,0,0,0,0,0,0,0,0,0,0,0,0,0,0,0,0,0,0,0,0,0,0,0,0,0,1,0,0,0,0,0,0,0,0,0,11,0,0,0,0,0,0,0,3,0,0,0,0,0,20,0,2,0,9,0,0,0,0,54,23,0,41,29,6,68,61,0,19,0,0,0,0,0,9,0,35,0,0,0,44,8,0,0,0,3,27,0,0,52,476,0,0,0,0,0,0,0,0,0,0,0,0,0,0,0,0,0,0,0,0,0,0,0,3,0,0,0,0,219,0,0,0,246,70,50,94,0,0,0
0,0,2,0,0,0,5,0,0,0,0,0,12,0,0,0,0,0,0,0,0,0,0,0,0,0,0,0,0,0,0,0,0,0,0,0,2,0,0,0,0,0,0,0,0,0,0,0,0,0,4,0,1,0,2,0,4,0,0,0,0,0,0,0,0,0,0,0,0,0,0,0,0,0,0,0,58,0,17,0,7,1,30,0,14,0,0,0,3,0,3,0,16,0,13,0,6,0,0,0,4,0,83,0,28,0,3,0,58,0,1,0,4,0,0,0,0,0,0,0,0,0,0,0,0,0,0,0,0,0,0,0,0,0,3,0,0,0,0,0,0,0,0,0,0,0,0,2,0,0,0,0,0,0,0,0,0,0,0,0,0,0,5,0,33,0,0,0,116,0,5,0,0,0,0,0,1,0,0,0,0,0,0,0,0,0,0,0,48,0,24,0,31,0,5,0,0,0,0,0,33,0,22,0,18,0,0,0,0,0,9,9,48,0,7,7,56,0,0,0,0,0,0,0,0
0,0,0,0,0,0,0,0,0,1,0,0,0,0,0,0,0,0,0,0,0,0,0,0,0,0,0,0,0,0,0,0,0,0,0,0,0,0,0,0,0,0,0,0,0,35,0,0,0,10,0,4,0,0,0,0,0,0,0,4,0,0,0,0,0,0,0,1,0,0,0,0,0,22,0,0,0,101,0,0,0,10,0,47,0,0,0,50,0,3,0,0,0,11,0,24,0,0,0,0,0,2,0,91,0,7,0,0,0,32,0,1,0,7,0,0,0,39,0,0,0,0,0,0,0,0,0,0,0,0,0,0,0,0,0,0,0,0,0,0,0,0,0,0,0,0,0,6,0,0,0,0,0,0,0,0,0,0,0,1,0,3,0,2,0,46,0,0,0,28,0,2,0,0,0,0,0,0,0,0,0,0,0,0,0,0,0,0,0,18,0,6,0,0,0,0,0,0,0,0,0,0,0,10,0,0,0,4,0,0,0,0,0,0,3,0,0,0,9,8,30,1,17,7,0
0,0,0,0,0,0,1,0,0,0,0,0,0,0,0,0,2,0,0,0,8,0,1,0,0,0,61,0,1,0,0,0,15,0,5,0,53,0,0,0,0,0,25,0,71,0,14,0,7,0,5,0,0,0,0,0,0,0,0,0,4,0,0,0,13,0,2,0,0,0,0,0,124,0,238,2,0,0,109,0,27,2,0,0,0,0,62,0,1,0,0,0,0,0,0,0,0,0,10,0,0,0,0,0,1,0,0,0,0,0,0,0,0,0,0,0,0,0,0,0,15,0,4,0,22,0,0,0,0,0,32,0,9,0,12,0,0,0,15,6,72,0,35,1,36,0,53,0,39,0,17,0,28,4,0,0,13,0,2,0,30,29,95,0,0,0,34,0,32,0,40,0,53,0,34,3,0,0,0,0,30,8,0,0,27,3,0,0,0,0,0,0,0,0,0,0,0,0,0,0,0,0,0,0,0,0,0,0,52,0,34,8,48,17,0,0,0,0,0,0,0,0,1,0,0
0,0,0,0,0,5,0,0,0,0,0,1,0,0,0,0,0,0,0,2,0,2,0,0,0,0,0,0,0,0,0,0,0,0,0,0,0,0,0,0,0,0,0,0,0,0,0,0,0,0,0,0,0,0,0,0,0,0,0,0,0,0,0,0,0,51,0,0,0,0,0,0,0,44,0,67,0,4,0,5,5,0,0,0,0,0,0,42,0,0,2,0,0,0,0,0,0,0,0,0,0,0,0,0,0,0,0,0,0,0,0,0,0,0,0,0,0,0,0,0,0,30,0,13,0,57,0,50,0,0,0,30,4,29,0,0,0,0,0,0,0,28,0,0,0,70,0,0,0,52,0,0,0,23,0,2,0,3,0,0,0,19,0,60,0,0,0,0,0,7,0,8,0,3,0,18,0,0,0,0,0,33,0,0,0,13,0,0,0,0,0,0,0,0,0,0,0,0,0,0,0,0,0,0,0,0,0,0,0,0,0,0,4,5,13,0,0,0,23,1,17,7,0,0,0
0,0,0,0,0,0,0,0,0,0,0,0,0,0,0,0,0,0,0,0,0,0,0,0,0,0,8,0,0,0,1,0,0,0,0,0,0,0,0,0,0,0,0,0,0,0,0,0,0,0,0,0,0,0,2,0,0,0,0,0,0,0,0,0,5,0,0,0,0,0,124,0,0,0,127,2,10,1,115,0,3,0,54,0,6,0,12,0,0,0,0,0,6,0,6,0,0,0,0,0,0,0,0,0,0,0,0,0,6,0,0,0,0,0,0,0,0,0,0,0,32,0,8,0,21,0,24,0,1,0,21,14,13,2,0,0,0,0,0,5,56,0,108,0,50,0,37,0,11,0,54,0,13,3,0,0,6,0,0,0,16,0,99,0,3,0,0,0,20,0,3,0,3,0,18,0,0,0,0,0,18,0,0,0,10,0,0,0,0,0,7,0,0,0,0,0,0,0,0,0,19,0,50,0,0,0,64,0,131,0,126,0,46,17,18,1,14,0,3,0,0,0,0,0,0
0,0,0,0,0,0,0,0,0,0,0,0,0,0,0,0,0,0,0,0,0,0,0,0,0,0,0,0,0,0,0,0,0,0,0,0,0,0,0,0,0,0,0,0,0,0,0,0,0,0,0,2,0,0,0,0,0,0,0,0,0,0,0,0,2,21,0,0,0,22,0,44,0,0,3,161,0,63,0,32,0,5,0,15,0,10,0,49,0,0,0,0,0,4,0,0,0,0,0,0,0,0,0,3,0,0,0,0,0,2,0,0,0,0,0,0,0,4,0,0,0,18,0,16,2,96,0,109,1,0,3,24,0,0,0,86,0,55,0,0,0,31,0,21,0,26,0,14,0,19,4,0,0,0,0,0,0,0,0,4,0,9,0,77,0,0,0,0,0,29,0,0,0,0,0,0,0,0,0,0,10,0,0,0,0,3,0,0,0,25,0,0,0,0,0,0,0,0,0,58,0,32,0,0,0,0,0,0,0,76,1,0,0,0,10,0,0,0,57,3,21,12,0,0,0
0,0,0,0,0,0,0,0,0,0,0,0,0,0,0,0,0,0,0,0,16,0,0,0,0,0,103,4,2,0,12,0,46,0,5,0,94,0,7,0,0,0,8,0,96,0,14,0,0,0,0,0,2,0,0,0,0,0,0,0,0,0,4,0,11,30,0,0,0,0,238,0,127,3,0,0,0,0,172,0,60,6,18,0,16,0,100,0,0,0,0,0,0,0,12,0,0,0,27,1,0,0,0,0,0,0,0,0,0,0,0,0,0,0,0,0,0,0,0,0,59,0,17,4,0,29,10,0,0,0,27,67,0,0,32,0,8,0,6,7,88,0,132,2,75,0,64,0,49,26,0,0,45,10,0,0,0,0,0,0,11,33,67,0,0,0,34,0,20,0,40,0,43,0,52,0,0,0,0,0,48,16,0,0,19,0,0,0,0,0,0,0,0,0,0,0,0,0,29,0,0,0,51,0,0,0,0,0,53,0,61,3,0,20,22,2,0,0,5,0,5,8,0,0,0
0,0,0,0,0,0,0,0,0,0,0,0,0,0,0,0,0,0,0,0,0,0,0,0,0,0,0,0,0,0,0,1,0,0,0,0,0,0,0,0,0,0,0,0,0,0,0,0,0,0,0,0,0,0,0,0,0,0,0,0,0,0,0,0,0,16,0,0,0,0,2,67,2,161,0,0,0,2,0,43,0,2,0,0,0,14,0,55,0,0,0,0,0,0,0,0,0,0,0,0,0,0,0,0,0,0,0,0,0,0,0,0,0,0,0,0,0,0,0,0,0,129,0,32,0,0,0,38,0,0,13,17,0,16,0,0,0,39,0,1,0,15,0,10,1,60,0,24,5,53,0,0,0,23,0,0,0,0,0,3,8,8,1,74,0,0,0,0,0,0,0,0,0,0,0,13,0,0,0,0,2,19,0,0,0,2,0,0,0,0,0,0,0,0,0,0,0,0,0,0,0,10,0,0,0,0,0,15,0,0,0,0,3,2,7,0,0,0,7,0,0,6,0,0,0
0,0,0,0,0,0,0,0,0,0,0,0,0,0,0,0,0,0,0,0,0,0,0,0,0,0,0,0,0,0,0,0,0,0,0,0,0,0,0,0,0,0,0,0,0,0,0,0,0,0,7,0,0,0,0,0,1,0,0,0,0,0,0,0,0,0,0,0,58,0,0,0,10,0,0,0,0,0,20,0,10,0,92,0,0,0,32,0,0,0,0,0,29,0,56,0,8,0,0,0,16,0,43,0,14,0,0,0,14,0,0,0,0,0,2,0,9,0,0,0,0,0,0,0,0,0,1,0,0,0,0,0,0,0,0,0,0,0,2,0,0,0,0,0,0,0,0,0,0,0,5,0,0,0,0,0,0,0,0,0,0,0,6,0,15,0,0,0,109,0,6,0,0,0,0,0,0,0,0,0,0,0,0,0,0,0,5,0,0,0,0,0,0,0,7,0,0,0,0,0,0,0,0,0,0,0,0,1,0,0,14,11,48,0,0,0,28,0,0,0,0,0,0,0,0
0,0,0,0,0,0,0,0,0,0,0,0,0,0,0,0,0,0,0,0,0,0,0,0,0,0,0,0,0,0,0,0,0,0,0,0,0,0,0,0,0,0,0,0,0,78,0,0,0,0,0,16,0,0,0,0,0,3,0,1,0,0,0,0,0,0,0,2,0,101,0,4,1,63,0,2,0,0,0,1,0,55,0,185,0,0,0,88,0,7,0,0,0,72,0,26,0,0,0,11,3,25,0,118,0,22,0,0,0,41,0,0,0,14,0,0,0,47,0,0,0,0,0,0,0,0,0,0,0,0,0,0,4,0,0,0,0,0,0,0,0,0,0,0,0,0,0,18,0,0,2,13,0,0,0,0,0,0,0,0,0,2,0,14,0,24,0,0,0,102,0,2,0,0,0,0,0,0,0,0,0,0,0,0,0,0,0,0,0,0,0,0,0,25,0,38,0,0,0,0,0,47,0,0,0,0,0,0,0,0,0,0,0,0,0,0,0,0,100,10,83,0,10,3,0
0,0,0,0,0,0,0,0,0,0,0,0,28,0,0,0,0,0,0,0,0,0,0,0,0,0,0,0,0,0,0,0,0,0,0,0,0,0,0,0,0,0,2,0,0,0,0,0,6,0,21,0,1,0,0,0,0,0,0,0,0,0,0,0,0,0,0,0,17,0,109,0,115,0,172,0,20,0,0,0,15,0,84,0,35,0,50,0,0,0,0,0,2,0,19,0,0,0,3,0,0,0,6,0,8,0,0,0,12,0,0,0,0,0,4,0,11,0,0,0,41,0,12,0,6,0,0,0,0,0,6,9,0,0,40,0,0,0,0,0,36,0,91,0,15,0,0,0,0,0,0,0,0,0,0,0,0,0,0,0,0,0,29,0,26,0,8,0,69,0,5,0,0,0,8,0,0,0,3,0,0,0,0,0,0,0,10,0,0,0,0,0,0,0,0,0,13,0,34,0,62,0,98,0,0,0,0,0,75,0,193,0,92,10,33,7,21,0,0,0,0,0,0,0,0
