0,127,30,42,32,0,18,95,47,0,65,2,57,0,0,26,29,30,4,0,0,0,10,77,0,178,0,0,44,0,0,0,28,0,0,0,29,0,340,0,0,0,1,0,0,0,0,0,15,0,0,0,3,0,5,0,3,0,7,0,129,0,104,8,15,0,9,0,0,0,0,0,0,0,0,0,0,0,0,0,0,0,0,0,0,0,0,0,0,0,0,0,0,0,0,0,0,0,0,0,0,0,0,0,0,0,0,0,0,0,0,0,0,0,0,0,0,0,0,0,0,0,0,0,5,0,4,0,0,0,32,0,0,0,9,0,0,0,0,0,0,0,0,0,0,0,10,0,48,0,0,0,12,0,0,0,0,0,0,0,12,0,0,0,0,0,4,0,19,0,35,0,176,0,0,0,383,76,7,0,0,0,15,0,25,0,5,0,0,0,0,0,0,0,0,0,0,0,0,0,0,0,0,0,0,0,0,0,7,0,576,174,181,154,185,2,21,7,0,0,0,0,0,0,0
127,0,119,19,27,144,0,36,8,29,31,215,0,125,12,33,115,29,0,82,16,0,155,14,95,23,0,95,0,62,0,0,9,92,0,0,0,137,0,375,0,0,0,0,0,0,0,56,0,14,0,7,0,0,0,6,0,0,0,21,0,284,0,60,0,78,0,14,0,0,0,0,0,0,0,0,0,0,0,0,0,0,0,0,0,0,0,0,0,0,0,0,0,0,0,0,0,0,0,0,0,0,0,0,1,0,0,0,0,0,0,0,0,0,0,0,0,0,0,0,0,0,0,0,0,20,0,11,0,0,0,17,0,15,0,42,0,36,0,6,0,0,0,9,0,0,0,27,0,53,0,0,0,40,0,4,0,0,0,0,0,5,0,0,0,0,0,0,0,39,0,29,0,156,0,7,98,351,0,8,0,38,5,0,0,47,0,5,0,0,0,1,0,0,0,0,0,0,0,6,0,11,0,0,0,0,0,0,2,39,0,1,0,0,245,0,0,0,768,140,323,104,0,0,0
30,119,0,38,191,0,44,0,10,0,98,11,144,0,188,34,36,22,29,0,69,0,139,63,49,114,57,0,133,0,45,0,132,0,0,0,25,0,330,0,0,0,0,0,0,0,15,0,25,0,0,0,22,0,46,0,0,1,19,0,59,22,94,12,0,0,3,0,0,0,0,0,0,0,0,1,0,0,0,0,0,0,0,0,0,0,0,0,0,0,0,0,0,0,0,0,0,0,0,0,0,0,0,0,0,0,0,0,0,0,0,0,0,0,0,0,0,0,0,0,0,0,0,0,7,0,2,0,14,0,21,0,0,0,31,0,33,0,0,0,0,0,0,0,0,0,7,0,23,0,0,0,0,0,0,0,0,0,0,0,0,0,8,0,19,0,87,0,57,0,54,0,282,0,0,0,134,52,0,0,0,0,5,0,2,0,0,0,0,0,0,0,0,0,0,0,0,0,0,0,0,0,0,0,0,0,0,0,16,0,616,74,374,260,310,0,23,12,0,0,0,0,0,0,0
42,19,38,0,0,123,1,65,0,3,0,15,0,4,19,147,35,17,0,124,18,54,50,33,0,126,0,0,0,128,7,32,0,244,0,14,0,90,0,291,0,0,0,0,0,0,0,11,0,0,0,0,0,3,0,64,0,0,0,0,0,0,0,4,0,2,0,0,0,0,0,0,0,0,0,0,0,0,0,0,0,0,0,0,0,0,0,0,0,2,0,0,0,0,0,0,0,0,0,0,0,10,0,0,0,0,0,0,0,0,0,0,0,0,0,0,0,0,0,0,0,0,0,0,0,0,0,9,0,0,0,0,0,11,0,157,0,69,0,22,0,0,0,0,0,0,0,0,0,5,0,0,0,0,0,11,0,0,0,0,0,0,0,0,0,0,0,26,0,0,0,0,1,0,0,0,24,96,0,0,0,0,0,0,0,0,0,0,0,0,0,0,0,0,0,0,0,0,0,0,0,0,0,0,0,0,0,19,0,35,0,0,0,0,126,0,0,0,352,46,265,98,0,0,0
32,27,191,0,0,97,9,0,20,0,61,0,453,0,293,141,34,8,88,135,111,39,122,67,24,0,161,0,37,0,231,0,333,0,91,0,295,0,117,0,88,0,0,0,44,0,69,0,21,0,59,0,0,0,12,0,0,0,0,0,0,0,5,0,7,0,0,0,0,0,18,0,0,0,0,0,0,0,0,0,0,0,0,0,0,0,0,0,0,0,0,0,0,0,0,0,0,0,0,0,0,0,0,0,0,0,0,0,0,0,0,0,0,0,0,0,0,0,0,0,0,0,0,0,14,0,5,0,0,0,20,0,3,0,70,0,0,0,0,0,0,0,0,0,0,0,0,0,85,0,64,0,0,0,0,0,0,0,0,0,9,0,0,0,0,0,255,0,206,1,54,0,238,0,0,0,291,107,55,0,0,0,26,0,37,0,22,0,0,0,0,0,0,0,0,0,0,0,0,0,0,0,0,0,0,0,0,0,41,0,699,281,629,0,321,0,0,6,0,0,0,0,0,0,0
0,144,0,123,97,0,0,83,0,12,66,179,32,175,257,186,0,0,44,370,94,166,34,50,0,17,0,330,3,44,0,175,11,350,10,192,0,395,3,0,0,14,0,44,0,26,0,106,0,25,0,98,0,0,0,23,0,0,0,0,0,0,0,6,0,21,0,0,0,0,0,0,0,0,0,0,0,0,0,0,0,0,0,0,0,0,0,0,0,1,0,0,0,0,0,0,0,0,0,0,0,0,0,0,0,0,0,0,0,0,0,0,0,0,0,0,0,0,0,0,0,0,0,0,0,0,0,11,0,4,0,0,0,10,0,103,0,39,0,0,0,0,0,0,0,0,0,19,0,11,0,54,0,0,0,0,0,0,0,0,0,0,0,2,0,35,0,199,0,61,0,47,0,81,0,0,96,372,6,23,0,0,0,12,0,31,0,0,0,0,0,0,0,0,0,0,0,0,0,0,0,0,0,0,0,0,0,0,0,69,0,0,0,0,235,0,0,0,588,208,511,188,5,0,0
18,0,44,1,9,0,0,101,63,322,5,0,13,0,8,0,9,13,0,0,0,0,19,0,14,115,0,0,6,0,0,0,0,0,0,0,0,0,0,0,0,0,0,0,0,0,0,0,58,0,0,0,45,42,35,123,3,0,23,33,236,0,209,28,2,0,16,0,0,0,0,0,0,0,0,0,0,0,0,0,0,0,0,0,0,1,0,0,0,0,0,0,0,0,0,0,0,0,0,0,0,0,0,0,0,0,0,0,1,0,0,0,0,0,0,0,0,0,0,0,0,0,0,0,0,0,2,0,3,0,18,0,0,0,0,3,0,0,2,0,0,0,0,0,0,0,6,0,9,0,0,0,0,0,1,0,0,0,0,0,8,0,8,0,12,0,11,0,35,0,143,0,174,0,0,0,190,60,0,0,0,0,0,0,0,1,0,0,0,0,0,0,0,0,0,0,0,0,0,0,12,0,0,0,0,0,0,0,7,0,1005,93,331,446,574,0,200,7,15,8,0,0,0,0,0
95,36,0,65,0,83,101,0,75,22,0,30,0,9,0,76,45,60,0,23,0,0,37,8,200,307,0,16,0,196,0,0,0,24,0,0,0,38,0,353,0,0,0,0,0,0,0,0,0,4,0,0,0,26,0,87,0,9,0,46,0,406,24,208,0,6,0,9,0,7,0,0,0,0,0,0,0,0,0,0,0,0,0,0,0,0,0,0,0,0,0,0,0,0,0,0,0,0,0,0,0,0,0,0,0,0,0,0,0,0,0,0,0,0,0,0,0,0,0,0,0,0,0,0,0,23,0,11,0,9,0,10,0,32,0,17,0,52,0,10,0,0,0,21,0,0,0,0,1,15,0,0,0,0,0,4,0,0,0,0,0,5,0,0,0,8,0,0,0,71,0,78,0,154,0,0,97,105,0,0,0,0,14,0,0,0,0,0,0,0,0,0,0,0,0,0,0,0,0,0,0,5,0,0,0,0,0,0,0,10,0,0,0,0,448,0,0,0,732,44,609,294,0,83,0
47,8,10,0,20,0,63,75,0,201,21,0,50,0,0,0,0,5,10,0,0,0,0,0,3,82,20,0,0,0,0,0,0,0,0,0,10,0,10,1,0,0,0,0,9,0,0,0,5,0,7,0,35,28,41,167,3,0,184,55,116,0,82,19,113,0,117,52,0,0,0,0,0,0,0,0,0,0,0,0,0,0,0,0,0,0,0,3,0,0,0,0,0,0,0,0,0,0,0,0,0,0,0,0,2,0,0,0,0,0,0,0,0,0,0,0,0,0,9,0,0,0,0,0,8,0,5,0,1,0,62,0,3,0,10,0,1,0,0,0,0,0,0,0,0,0,42,0,101,0,67,0,45,0,0,0,0,0,0,0,59,0,1,0,4,0,8,0,8,0,0,0,34,0,0,0,491,44,9,0,11,0,5,0,75,2,3,0,0,0,0,0,0,0,0,0,2,0,0,0,0,0,0,0,0,0,0,0,0,0,323,123,79,0,153,0,0,0,0,0,0,0,0,0,1
0,29,0,3,0,12,322,22,201,0,0,31,0,16,0,0,18,5,0,8,0,0,0,0,209,30,0,16,0,0,0,0,0,0,0,0,0,0,0,0,0,0,0,0,0,0,0,0,0,2,0,0,52,171,129,80,2,20,35,66,0,201,82,296,0,124,12,201,0,0,0,0,0,0,0,2,0,0,0,0,0,0,0,0,0,0,0,0,0,0,0,0,0,0,0,0,0,0,0,0,0,0,0,0,0,0,0,0,0,0,0,0,0,0,0,0,0,0,0,0,0,0,0,0,0,50,0,24,0,6,0,54,0,40,0,19,0,28,0,0,0,3,0,0,0,0,0,24,0,73,0,17,0,9,0,8,0,0,0,0,0,23,0,0,0,12,0,0,0,16,0,57,0,42,0,0,139,269,0,0,0,5,2,18,0,37,0,0,0,0,0,0,0,0,0,0,0,0,0,0,0,0,0,0,0,0,0,0,0,30,0,0,0,5,404,0,0,0,797,118,258,294,77,57,0
65,31,98,0,61,66,5,0,21,0,0,0,234,0,42,93,10,6,11,0,0,29,12,61,0,11,0,0,11,0,0,0,147,0,0,0,104,0,49,0,33,0,0,0,15,0,33,0,5,0,0,0,1,0,0,0,0,0,0,0,2,0,1,0,0,0,0,0,0,0,0,0,0,0,0,0,0,0,0,0,0,0,0,0,0,0,0,0,0,0,0,0,0,0,0,0,0,0,0,0,0,0,0,0,3,0,0,0,0,0,0,0,0,0,0,0,0,0,0,0,0,0,0,0,3,0,0,0,0,0,4,0,0,0,10,0,0,0,0,0,0,0,0,0,0,0,0,0,21,0,47,0,35,0,0,0,0,0,0,0,0,0,0,0,11,0,78,0,0,0,0,0,0,0,0,0,453,94,82,0,52,0,22,0,33,0,33,0,0,0,0,0,0,0,0,0,0,0,0,0,0,0,0,0,0,0,0,0,6,0,409,159,292,90,133,4,0,0,0,0,0,0,0,0,0
2,215,11,15,0,179,0,30,0,31,0,0,0,412,192,52,0,11,0,82,66,87,36,52,0,0,0,163,2,36,11,94,0,298,0,154,0,305,0,95,0,58,0,21,0,24,0,172,0,44,0,37,0,0,0,6,0,0,0,0,0,0,0,0,0,32,0,0,0,0,0,0,0,0,0,0,0,0,0,0,0,0,0,0,0,0,0,0,0,0,0,0,0,0,0,0,0,0,0,0,0,0,0,0,0,0,0,0,0,0,0,3,0,0,0,0,0,0,0,0,0,0,0,0,0,7,0,0,0,0,0,0,0,0,0,0,0,20,0,0,0,0,0,0,0,0,0,0,0,14,0,71,0,55,0,0,0,0,0,0,0,0,0,0,0,15,0,52,0,0,0,20,0,0,0,0,65,404,0,78,0,87,0,26,0,68,1,8,0,0,0,0,0,0,0,0,0,0,0,0,0,0,0,0,0,0,0,0,0,34,0,0,0,0,129,0,0,0,452,121,273,82,7,0,0
57,0,144,0,453,32,13,0,50,0,234,0,0,139,76,48,0,0,112,241,109,41,107,0,0,0,215,343,0,0,0,0,0,0,217,0,63,0,0,0,190,26,79,39,122,0,223,101,18,0,291,0,0,0,0,0,0,0,0,0,0,0,0,0,4,0,0,0,0,0,0,0,0,0,0,0,0,0,0,0,0,0,0,0,0,0,0,0,0,0,0,0,0,0,0,1,0,0,69,0,0,0,0,0,0,0,0,0,0,0,0,0,0,0,0,0,0,0,18,0,0,0,0,0,0,0,0,0,0,0,8,0,0,0,52,0,0,0,0,0,0,0,0,0,0,0,0,0,70,0,163,0,100,0,0,0,0,0,0,0,0,0,0,0,102,0,34,0,136,0,0,0,8,0,0,0,238,86,154,0,178,0,113,0,72,0,228,6,0,0,0,0,0,0,0,0,0,0,0,0,0,0,0,0,0,0,0,0,38,0,287,385,500,82,73,0,1,1,7,0,0,0,0,0,0
0,125,0,4,0,175,0,9,0,16,0,412,139,0,29,0,0,0,210,88,108,176,0,0,0,0,194,135,0,0,5,10,0,0,84,308,6,127,0,0,19,111,9,272,0,52,0,151,0,60,29,179,0,0,0,0,0,0,0,0,0,0,0,0,0,8,0,0,0,0,0,0,0,0,0,0,0,0,0,0,0,0,0,0,0,0,0,0,0,0,0,0,0,1,0,0,0,0,0,0,0,0,0,0,0,0,0,0,0,0,0,0,0,0,0,0,0,0,0,0,0,0,0,0,0,0,0,0,0,0,0,0,0,0,0,0,0,0,0,0,0,0,0,0,0,0,0,0,0,14,0,0,0,0,0,0,0,0,0,0,0,2,1,5,0,0,0,48,0,0,0,0,0,0,0,0,43,435,3,69,0,141,0,35,0,48,32,78,0,0,0,0,0,0,0,0,0,0,0,0,0,0,0,0,0,0,0,0,0,0,0,0,0,0,68,0,0,0,160,274,362,98,0,0,0
0,12,188,19,293,257,8,0,0,0,42,192,76,29,0,319,41,0,387,132,212,84,268,26,58,0,279,0,0,0,186,6,94,15,92,0,83,11,4,10,0,0,0,0,17,0,22,0,0,1,19,0,0,0,26,0,0,0,0,0,0,0,3,1,0,0,0,0,0,0,0,0,0,0,0,0,0,0,0,0,0,0,0,0,0,0,0,0,0,0,0,0,0,0,0,0,0,0,34,0,4,0,0,0,0,0,0,0,0,0,0,0,0,0,0,0,0,0,0,0,0,0,0,0,0,0,0,0,0,0,7,0,0,0,67,0,0,0,0,0,0,0,0,0,0,0,14,0,40,0,0,0,24,0,0,0,0,0,0,0,0,0,0,0,6,0,50,0,41,0,0,0,31,0,4,0,325,139,42,0,20,0,6,0,16,0,0,0,0,0,0,0,0,0,0,0,2,0,0,0,0,0,0,0,0,0,0,0,51,0,72,98,66,0,19,0,0,0,0,0,0,0,0,0,0
26,33,34,147,141,186,0,76,0,0,93,52,48,0,319,0,35,13,39,440,108,173,80,117,0,66,0,124,0,30,25,63,20,173,0,44,0,101,5,51,0,0,0,26,0,19,0,0,0,16,0,0,0,10,0,122,0,54,0,21,0,0,0,6,0,7,0,0,0,0,0,0,0,0,0,0,0,0,0,0,0,0,0,0,0,263,0,0,0,0,0,0,0,0,0,0,0,0,0,0,0,0,0,0,0,0,0,0,0,0,0,0,0,0,0,0,0,0,0,0,0,0,0,0,0,5,0,8,0,0,0,0,0,15,0,332,0,116,0,0,0,99,0,0,0,0,0,0,0,7,0,20,0,0,0,24,0,0,0,0,0,0,0,0,0,0,0,51,0,0,0,10,0,27,0,0,81,232,0,18,0,0,0,0,0,9,0,2,0,0,0,0,0,0,0,0,0,0,0,0,0,0,0,0,0,0,0,0,0,56,0,0,0,0,35,0,0,0,126,172,107,27,10,0,0
29,115,36,35,34,0,9,45,0,18,10,0,0,0,41,35,0,15,22,0,259,0,62,78,63,89,166,0,160,0,95,0,55,0,85,0,21,0,70,4,0,0,16,0,52,0,0,0,7,0,25,0,115,0,32,0,0,0,0,0,19,17,266,4,0,0,0,0,0,0,8,0,0,0,12,0,0,0,0,0,103,0,0,0,274,0,39,0,0,0,74,0,0,0,0,0,280,0,194,0,31,0,0,0,0,0,199,0,0,0,0,0,0,0,0,0,0,0,0,0,25,0,0,0,0,0,0,0,0,0,0,0,0,0,78,0,112,0,90,0,46,0,322,0,0,2,0,0,0,1,0,0,0,0,35,0,0,0,4,0,2,0,0,0,0,0,18,0,0,0,0,0,36,0,0,0,57,22,5,0,0,0,31,0,1,0,0,0,0,0,0,0,0,0,0,0,0,0,0,0,203,0,0,0,0,0,0,0,45,0,34,73,59,0,0,0,0,0,5,0,0,0,1,0,0
30,29,22,17,8,0,13,60,5,5,6,11,0,0,0,13,15,0,0,67,0,142,13,38,25,70,0,0,1,147,0,40,4,57,0,79,0,19,1,159,0,0,0,0,0,0,0,0,0,0,0,14,0,66,0,54,0,43,0,9,0,67,2,105,0,0,0,0,0,0,0,0,0,0,0,0,0,0,0,0,0,219,0,0,0,384,0,38,0,0,0,0,0,0,0,105,0,0,0,86,0,0,0,0,0,0,0,0,0,0,0,0,0,0,0,0,0,0,0,0,0,47,0,0,0,0,0,0,0,0,0,0,0,0,0,0,0,64,1,107,0,245,0,352,0,9,0,0,0,0,0,0,0,0,0,44,0,3,0,47,0,0,0,0,0,0,0,1,0,14,0,11,0,25,0,0,12,15,0,0,0,0,2,0,0,0,0,0,0,0,0,0,0,0,0,0,0,0,0,0,0,0,0,0,0,0,0,0,0,0,3,0,1,0,30,0,0,0,37,176,53,21,0,5,0
4,0,29,0,88,44,0,0,10,0,11,0,112,210,387,39,22,0,0,384,174,47,135,0,0,0,200,173,0,0,32,0,8,1,235,18,81,0,1,0,14,10,9,0,24,0,21,0,0,3,98,0,0,0,0,0,0,0,0,0,0,0,0,0,0,0,0,0,0,0,0,0,0,0,0,0,0,0,0,0,0,0,0,0,0,0,0,0,0,0,0,0,0,0,0,0,0,0,0,0,0,0,1,0,0,0,0,0,0,0,0,0,0,0,0,0,0,0,0,0,0,0,0,0,0,0,0,0,0,0,0,0,1,0,0,0,0,0,0,0,0,0,0,0,0,0,0,0,0,0,0,0,0,0,0,0,0,0,0,0,0,0,0,0,27,0,31,0,69,0,0,0,6,0,0,0,90,55,14,0,0,0,0,0,0,0,29,0,2,0,0,0,0,0,0,0,0,0,0,0,0,0,0,0,0,0,0,0,16,0,83,129,123,20,0,2,0,0,0,0,0,0,0,0,0
0,82,0,124,135,370,0,23,0,8,0,82,241,88,132,440,0,67,384,0,217,267,0,269,0,21,106,479,0,17,8,42,0,36,112,120,0,66,0,0,6,4,0,92,0,103,0,107,0,41,30,93,0,27,0,20,0,0,0,0,0,0,0,24,0,21,0,0,0,0,0,0,0,0,0,0,0,0,0,0,0,0,0,0,0,0,0,0,0,0,0,0,0,0,0,0,0,0,0,0,0,0,0,0,0,0,0,0,0,0,0,0,0,0,0,0,0,0,0,0,0,0,0,0,0,0,0,0,0,0,0,0,0,0,0,160,0,50,0,0,0,93,0,0,0,0,0,0,0,22,0,79,0,28,0,0,0,0,0,0,0,0,0,0,0,29,0,33,0,53,0,17,0,33,0,0,59,250,9,15,0,32,0,11,0,54,3,5,0,0,0,0,0,0,0,0,0,0,0,0,0,0,0,0,0,0,0,0,0,74,0,0,0,0,88,0,0,0,217,278,99,92,0,0,0
0,16,69,18,111,94,0,0,0,0,0,66,109,108,212,108,259,0,174,217,0,50,164,37,34,0,393,82,15,0,150,0,61,3,107,6,38,0,0,0,0,0,22,6,45,0,22,0,0,0,67,3,23,0,0,0,0,0,0,0,0,0,85,0,0,2,0,0,0,0,30,0,16,0,34,0,0,0,0,0,157,0,0,0,238,0,56,0,0,0,42,0,0,0,0,0,0,0,328,0,0,0,0,0,0,0,0,0,0,0,0,0,0,0,0,0,0,0,0,0,0,0,0,0,0,0,0,0,0,0,0,0,0,0,0,0,0,0,0,0,0,0,157,0,29,0,0,0,0,0,0,0,0,0,0,0,0,0,0,0,0,0,0,0,0,0,54,0,77,0,0,0,24,0,0,0,88,44,25,0,0,0,0,0,0,0,8,0,0,0,0,0,0,0,0,0,0,0,0,0,0,0,0,0,0,0,0,0,18,0,167,185,100,0,52,0,0,0,1,0,0,1,0,0,0
0,0,0,54,39,166,0,0,0,0,29,87,41,176,84,173,0,142,47,267,50,0,0,225,0,34,0,173,0,52,7,129,0,47,23,185,5,23,0,17,0,0,0,129,0,137,0,8,0,19,0,86,0,0,0,0,0,0,0,0,0,0,0,33,0,2,0,0,0,0,0,0,0,0,0,0,0,0,0,6,0,0,0,0,0,0,0,0,0,0,0,0,0,0,0,0,0,0,0,0,0,0,0,0,0,0,0,0,0,0,0,0,0,0,0,0,0,0,0,0,0,56,0,0,0,0,0,0,0,0,1,0,0,0,0,0,0,0,0,0,0,121,0,186,0,42,0,0,0,0,0,6,0,0,0,15,0,0,0,14,1,0,0,0,0,27,0,80,0,36,0,32,0,68,0,0,10,29,0,36,0,0,1,0,0,3,0,15,0,0,0,0,0,0,0,0,0,0,0,0,0,0,0,0,0,0,0,0,0,0,0,0,0,0,158,0,0,0,424,450,256,109,0,0,0
10,155,139,50,122,34,19,37,0,0,12,36,107,0,268,80,62,13,135,0,164,0,0,115,87,75,252,0,129,0,29,0,39,0,0,0,26,14,153,0,21,0,5,0,64,0,81,0,0,0,0,0,11,0,60,0,0,0,14,0,19,0,39,3,0,0,0,0,0,0,0,0,0,0,0,0,0,0,0,0,0,0,0,0,0,0,0,0,0,0,0,0,0,0,0,0,0,0,0,0,0,0,0,0,0,0,29,0,0,0,0,0,0,0,0,0,0,0,0,0,3,0,0,0,7,0,0,0,0,0,0,0,0,0,82,0,48,0,0,0,0,0,0,0,0,0,6,0,14,0,0,0,5,0,0,0,0,0,0,0,0,0,0,0,0,0,26,0,22,0,20,0,122,0,0,0,140,46,4,0,0,0,5,0,2,0,0,0,0,0,0,0,0,0,0,0,0,0,0,0,88,0,0,0,0,0,0,0,50,0,293,135,214,129,147,0,0,1,0,0,0,0,0,0,0
77,14,63,33,67,50,0,8,0,0,61,52,0,0,26,117,78,38,0,269,37,225,115,0,14,20,0,50,8,75,17,48,18,88,0,33,0,39,13,59,0,0,0,21,0,16,0,0,0,18,0,0,0,4,0,46,0,23,0,0,0,12,0,23,0,0,0,0,0,0,0,0,0,0,0,0,0,0,0,0,0,114,0,0,0,240,0,35,0,0,0,59,0,0,0,98,0,70,0,96,0,0,0,0,0,0,0,0,0,0,0,0,0,0,0,0,0,0,0,0,0,26,0,0,0,0,0,0,0,0,0,2,0,0,0,107,0,33,0,32,0,64,0,127,0,0,0,0,0,0,0,0,0,1,0,15,0,0,0,0,0,2,0,0,0,0,0,12,0,18,0,8,0,39,0,0,42,87,0,0,0,0,0,1,0,0,0,0,0,0,0,0,0,0,0,0,0,0,0,0,3,16,0,0,0,0,0,0,0,0,0,0,7,0,38,0,0,0,174,618,100,32,0,0,0
0,95,49,0,24,0,14,200,3,209,0,0,0,0,58,0,63,25,0,0,34,0,87,14,0,231,0,0,94,0,6,0,14,0,0,0,0,0,68,3,0,0,0,0,15,0,0,0,37,0,0,0,74,12,249,34,34,0,27,0,94,0,213,48,0,0,0,0,0,0,0,0,0,0,0,0,0,0,0,0,4,0,0,0,10,0,3,0,0,0,0,0,0,0,0,0,0,0,0,0,0,0,0,0,0,0,37,0,0,0,0,0,0,0,0,0,0,0,0,0,0,0,2,0,12,0,5,0,58,0,14,0,9,0,159,2,122,0,18,0,0,0,136,0,0,0,6,0,0,0,9,0,0,0,9,1,0,0,0,0,13,0,0,0,0,0,9,0,21,0,78,0,192,0,0,0,54,54,0,0,2,0,0,0,0,0,0,0,0,0,0,0,0,0,0,0,0,0,0,0,107,0,0,0,0,0,6,0,97,0,289,46,195,272,198,0,72,0,12,0,0,0,0,0,0
178,23,114,126,0,17,115,307,82,30,11,0,0,0,0,66,89,70,0,21,0,34,75,20,231,0,0,0,10,78,0,12,0,19,0,0,0,9,0,43,0,0,0,0,0,0,0,0,0,0,0,0,7,13,0,148,0,76,0,39,0,55,21,32,0,0,0,0,0,0,0,0,0,0,0,0,0,0,0,0,0,30,0,0,0,89,0,0,0,0,0,0,0,0,0,0,0,52,0,39,0,23,0,0,0,0,0,0,0,0,0,0,0,0,0,0,0,0,0,0,0,0,0,0,0,0,0,0,0,8,0,0,0,4,0,168,0,72,0,48,0,49,0,88,0,0,0,0,0,0,0,0,0,0,0,34,0,0,0,15,0,0,0,3,0,3,0,0,0,0,0,33,0,36,0,0,68,51,0,0,0,0,11,0,0,0,0,0,0,0,0,0,0,0,0,0,0,2,0,18,2,38,0,0,0,0,0,0,0,13,0,1,0,0,34,0,2,0,78,256,74,31,7,0,1
0,0,57,0,161,0,0,0,20,0,0,0,215,194,279,0,166,0,200,106,393,0,252,0,0,0,0,807,0,0,83,0,20,0,89,0,41,0,5,0,38,134,171,91,148,162,92,376,24,5,315,21,0,0,0,0,0,0,0,0,0,0,0,0,0,0,0,0,0,0,0,0,0,0,0,0,0,0,0,0,0,0,0,0,0,0,62,0,0,0,0,0,0,0,0,0,0,0,0,0,0,0,0,0,0,0,0,0,3,0,0,0,0,0,0,0,0,1,0,0,0,0,22,0,0,0,0,0,0,0,0,0,5,0,0,0,0,0,0,0,0,0,0,0,0,0,0,0,42,0,0,0,0,0,0,0,0,0,0,0,0,0,0,0,106,2,20,0,0,0,5,0,0,0,0,0,0,90,12,0,27,0,18,0,29,0,142,7,0,0,0,0,0,0,0,0,0,0,0,0,0,0,0,0,0,0,0,0,0,0,112,463,308,91,39,0,0,0,2,0,10,0,0,0,0
0,95,0,0,0,330,0,16,0,16,0,163,343,135,0,124,0,0,173,479,82,173,0,50,0,0,807,0,0,0,2,8,0,10,123,87,0,24,0,0,297,50,54,253,57,194,74,201,0,19,94,164,0,0,0,0,0,0,0,0,0,0,0,0,0,23,0,0,0,0,0,0,0,0,0,0,0,0,0,0,0,0,0,0,0,0,0,0,0,0,0,0,0,0,0,0,0,0,0,0,0,0,0,0,0,0,0,0,0,0,0,0,0,0,0,0,0,0,0,0,0,0,0,0,0,0,0,0,0,0,0,0,0,0,0,0,0,0,0,0,0,0,0,0,0,0,0,0,0,0,0,0,0,0,0,0,0,0,0,0,0,0,0,0,0,57,0,0,0,0,0,9,0,0,0,0,7,195,0,17,0,51,0,0,0,49,57,39,0,0,0,0,0,0,0,0,0,0,0,0,0,0,0,0,0,0,0,0,0,33,0,6,0,0,83,0,0,0,147,461,363,82,0,0,6
44,0,133,0,37,3,6,0,0,0,11,2,0,0,0,0,160,1,0,0,15,0,129,8,94,10,0,0,0,0,113,0,25,0,61,0,41,0,47,0,0,0,0,0,0,0,0,0,0,0,10,0,23,0,7,0,0,0,0,0,8,0,52,0,0,0,0,0,0,0,11,0,0,0,12,0,0,0,0,0,45,0,0,0,65,0,9,0,0,0,10,0,0,0,0,0,0,0,58,0,5,0,0,0,0,0,40,0,0,0,0,0,0,0,0,0,0,0,0,0,30,0,10,0,0,0,0,0,13,0,0,0,0,0,0,0,0,0,60,0,43,0,80,0,21,0,0,0,0,0,0,0,0,0,14,0,0,0,7,0,0,0,0,0,0,0,0,0,0,0,0,0,14,0,0,0,10,2,1,0,0,0,11,0,0,0,0,0,0,0,0,0,0,0,0,0,0,0,0,0,0,0,0,0,0,0,0,0,0,0,0,13,0,0,0,0,0,0,0,0,0,0,0,0,0
0,62,0,128,0,44,0,196,0,0,0,36,0,0,0,30,0,147,0,17,0,52,0,75,0,78,0,0,0,0,0,7,0,47,0,77,0,22,0,13,0,0,0,0,0,0,0,0,0,0,0,25,0,8,0,7,0,0,0,0,0,66,0,30,0,0,0,0,0,0,0,3,0,0,0,13,0,0,0,0,0,122,0,0,0,189,0,34,0,0,0,0,0,0,0,0,0,0,0,0,0,0,0,0,0,0,0,0,0,0,0,0,0,0,0,0,0,0,0,0,0,47,0,0,0,0,0,0,0,0,0,0,0,13,0,32,0,0,0,96,0,163,0,218,0,41,0,0,0,0,0,0,0,0,0,5,0,0,0,30,0,0,0,0,0,0,0,0,0,0,0,0,0,11,0,0,0,0,0,4,0,0,0,0,0,0,0,0,0,0,0,0,0,0,0,0,0,0,0,0,0,0,0,0,0,0,0,0,0,0,1,0,0,0,22,0,0,0,60,89,43,16,0,0,0
0,0,45,7,231,0,0,0,0,0,0,11,0,5,186,25,95,0,32,8,150,7,29,17,6,0,83,2,113,0,0,1,7,0,50,0,15,0,20,0,0,0,28,0,29,0,0,0,0,0,70,0,29,0,0,0,0,0,0,0,5,0,73,0,0,0,0,0,0,0,34,0,0,0,30,0,0,0,0,0,139,0,0,0,197,0,57,0,0,0,0,0,0,0,0,0,197,0,258,0,0,0,0,0,0,0,0,0,0,0,0,0,0,0,0,0,0,0,0,0,60,0,0,0,0,0,0,0,0,0,0,0,0,0,0,0,0,0,44,0,0,0,0,0,52,0,0,0,0,0,0,0,0,0,11,0,0,0,6,0,3,0,0,0,0,0,48,0,43,0,7,0,0,0,0,0,41,0,31,0,0,0,5,0,0,0,0,0,0,0,0,0,0,0,0,0,0,0,0,0,0,0,0,0,0,0,0,0,0,0,105,64,59,9,29,0,0,0,0,0,0,0,0,0,0
0,0,0,32,0,175,0,0,0,0,0,94,0,10,6,63,0,40,0,42,0,129,0,48,0,12,0,8,0,7,1,0,0,4,0,53,0,19,0,2,0,0,0,32,0,17,0,0,0,0,0,31,0,0,0,0,0,0,0,0,0,0,0,8,0,0,0,0,0,0,0,0,0,0,0,0,0,0,0,0,0,0,0,0,0,68,0,0,0,0,0,0,0,0,0,0,0,0,0,0,0,0,0,0,0,0,0,0,0,0,0,0,0,0,0,0,0,0,0,0,0,25,0,0,0,0,0,0,0,0,0,0,0,0,0,0,0,0,0,0,0,32,0,0,0,0,0,0,0,0,0,3,0,0,0,0,0,0,0,0,0,0,0,0,0,5,0,20,0,0,0,10,0,20,0,0,0,0,0,24,0,0,0,0,0,0,0,1,0,0,0,0,0,0,0,0,0,0,0,0,0,0,0,0,0,0,0,0,0,0,0,0,0,0,37,0,0,0,113,124,75,27,0,0,0
28,9,132,0,333,11,0,0,0,0,147,0,0,0,94,20,55,4,8,0,61,0,39,18,14,0,20,0,25,0,7,0,0,0,24,0,55,0,11,0,2,0,19,0,32,0,0,0,3,0,28,0,7,0,0,0,0,0,2,0,10,0,19,0,0,0,0,0,0,0,22,0,6,0,22,0,0,0,0,0,80,0,0,0,121,0,34,0,0,0,13,0,0,0,0,0,111,0,176,0,0,0,0,0,0,0,0,0,0,0,0,0,0,0,0,0,0,0,0,0,31,0,7,0,0,0,0,0,0,0,0,0,0,0,0,0,0,0,50,0,27,0,0,0,57,0,0,0,8,0,9,0,0,0,0,0,8,0,0,0,0,0,17,0,7,0,60,0,28,0,7,0,36,0,0,0,83,0,61,0,0,0,8,0,4,0,1,0,0,0,0,0,0,0,0,0,0,0,0,0,0,0,0,0,0,0,0,0,0,0,77,55,96,0,23,0,0,0,0,0,0,0,0,0,0
0,92,0,244,0,350,0,24,0,0,0,298,0,0,15,173,0,57,1,36,3,47,0,88,0,19,0,10,0,47,0,4,0,0,0,76,0,124,0,6,0,2,0,47,0,27,0,0,0,0,0,54,0,9,0,8,0,0,0,0,0,7,0,24,0,0,0,0,0,0,0,0,0,0,0,18,0,0,0,0,0,0,0,0,0,152,0,0,0,0,0,0,0,0,0,0,0,0,0,0,0,0,0,0,0,0,0,0,0,0,0,0,0,0,0,0,0,0,0,0,0,46,0,0,0,0,0,0,0,0,0,0,0,0,0,0,0,0,0,57,0,81,0,85,0,57,0,0,0,0,0,0,0,0,0,4,0,10,0,0,0,0,0,0,0,6,0,50,0,11,0,0,0,44,0,0,0,86,0,67,0,0,0,0,0,0,0,0,0,0,0,0,0,0,0,0,0,0,0,0,0,0,0,0,0,0,0,0,0,0,0,0,0,0,0,0,0,0,106,210,111,36,0,0,0
0,0,0,0,91,10,0,0,0,0,0,0,217,84,92,0,85,0,235,112,107,23,0,0,0,0,89,123,61,0,50,0,24,0,0,7,51,0,16,0,0,0,19,0,54,0,0,6,0,0,97,0,6,0,0,0,0,0,0,0,0,0,11,0,0,0,0,0,0,0,0,0,0,0,0,0,0,0,0,0,0,0,0,0,0,0,34,0,0,0,0,0,0,0,0,0,0,0,0,0,0,0,0,0,0,0,0,0,0,0,0,0,0,0,0,0,0,0,0,0,24,0,0,0,0,0,0,0,0,0,0,0,0,0,0,0,0,0,0,0,0,0,0,0,0,0,0,0,0,0,0,0,0,0,9,0,0,0,0,0,0,0,0,0,56,0,50,0,90,0,0,0,12,0,0,0,0,8,25,0,0,0,0,0,0,0,39,0,0,0,0,0,0,0,0,0,0,0,0,0,0,0,0,0,0,0,0,0,0,0,143,140,171,41,36,0,1,0,0,0,0,0,0,0,0
0,0,0,14,0,192,0,0,0,0,0,154,0,308,0,44,0,79,18,120,6,185,0,33,0,0,0,87,0,77,0,53,0,76,7,0,1,64,0,16,0,8,0,52,0,84,0,0,0,7,0,91,0,0,0,0,0,0,0,0,0,0,0,0,0,0,0,0,0,0,0,0,0,0,0,0,0,0,0,0,0,0,0,0,0,0,0,0,0,0,0,0,0,0,0,0,0,0,0,0,0,0,0,0,0,0,0,0,0,0,0,0,0,0,0,0,0,0,0,0,0,0,0,0,0,0,0,0,0,0,0,0,0,0,0,0,0,0,0,52,0,100,0,0,0,69,0,0,0,0,0,0,0,0,0,3,0,0,0,0,0,0,0,0,0,31,0,74,0,66,0,16,0,32,0,0,0,19,0,49,0,0,0,0,0,3,0,70,0,0,0,0,0,0,0,0,0,0,0,0,0,0,0,0,0,0,0,0,0,0,0,0,0,0,38,0,0,0,100,225,197,0,0,0,0
29,0,25,0,295,0,0,0,10,0,104,0,63,6,83,0,21,0,81,0,38,5,26,0,0,0,41,0,41,0,15,0,55,0,51,1,0,0,48,0,0,0,69,0,61,0,9,0,2,0,81,0,7,0,1,0,3,0,0,0,14,0,16,0,0,0,0,0,0,0,40,0,0,0,0,0,0,0,0,0,46,0,0,0,53,0,31,0,0,0,0,0,0,0,0,0,0,0,132,0,0,0,0,0,0,0,0,0,0,0,0,0,0,0,0,0,0,0,0,0,36,0,7,0,0,0,0,0,0,0,0,0,0,0,0,0,21,0,118,0,53,0,23,0,131,0,0,0,0,0,0,0,0,0,22,0,38,0,12,0,0,0,22,0,22,0,68,0,118,0,0,0,54,0,0,0,38,10,36,0,0,0,11,0,6,0,0,0,2,0,0,0,0,0,0,0,0,0,0,0,0,0,0,0,0,0,0,0,0,0,63,71,130,7,0,0,0,0,0,0,0,0,0,0,0
0,137,0,90,0,395,0,38,0,0,0,305,0,127,11,101,0,19,0,66,0,23,14,39,0,9,0,24,0,22,0,19,0,124,0,64,0,0,0,32,0,0,0,54,0,33,0,0,0,3,0,79,0,14,0,0,0,3,0,0,0,15,0,18,0,0,0,0,0,0,0,0,0,0,0,0,0,0,0,0,0,48,0,0,0,0,0,0,0,0,0,0,0,0,0,0,0,0,0,0,0,0,0,0,0,0,0,0,0,0,0,0,0,0,0,0,0,0,0,0,0,0,0,0,0,0,0,0,0,0,0,0,0,5,0,0,0,0,0,130,0,169,0,103,0,250,0,0,0,7,0,0,0,0,0,44,0,95,0,48,0,0,0,3,0,12,0,25,0,45,0,28,0,64,0,0,0,51,0,100,0,0,0,0,0,0,0,23,0,0,0,0,0,0,0,0,0,0,0,0,0,0,0,0,0,0,0,0,0,17,0,0,0,0,0,0,0,0,22,140,77,13,0,0,0
340,0,330,0,117,3,0,0,10,0,49,0,0,0,4,5,70,1,1,0,0,0,153,13,68,0,5,0,47,0,20,0,11,0,16,0,48,0,0,0,0,0,12,0,20,0,0,0,0,0,13,0,14,0,0,0,0,0,0,0,5,0,23,0,0,0,2,0,0,0,8,0,0,0,5,0,0,0,0,0,0,0,0,0,25,0,5,0,4,0,6,0,0,0,0,0,0,0,0,0,0,0,0,0,0,0,0,0,0,0,0,0,0,0,0,0,0,0,0,0,14,0,0,0,0,0,0,0,0,0,0,0,6,0,0,0,0,0,60,0,28,0,17,0,68,0,0,0,0,0,0,0,0,0,29,0,22,0,20,0,0,0,0,0,0,0,9,0,0,0,1,0,13,0,0,0,30,5,10,0,0,0,75,0,0,0,0,0,0,0,0,0,0,0,0,0,0,0,0,0,0,0,0,0,0,0,0,0,0,0,12,160,15,0,5,0,0,0,0,0,0,0,0,0,0
0,375,0,291,0,0,0,353,1,0,0,95,0,0,10,51,4,159,0,0,0,17,0,59,3,43,0,0,0,13,0,2,0,6,0,16,0,32,0,0,0,0,0,11,0,0,0,0,0,0,0,15,0,1,0,0,0,0,0,0,0,11,0,12,0,0,0,0,0,0,0,0,0,0,0,0,0,0,0,0,0,0,0,0,0,0,0,0,0,0,0,0,0,0,0,0,0,0,0,0,0,0,0,0,0,0,0,0,0,0,0,0,0,0,0,0,0,0,0,0,0,0,0,0,0,0,0,0,0,0,0,0,0,0,0,0,0,0,0,24,0,18,0,0,0,0,0,0,0,0,0,0,0,0,0,16,0,52,0,10,0,0,0,0,0,0,0,9,0,0,0,1,0,6,0,0,9,81,0,17,0,0,0,0,0,0,0,0,0,0,0,0,0,0,0,0,0,0,0,0,0,0,0,0,0,0,0,0,0,0,0,0,0,0,6,0,0,0,15,97,0,0,0,0,0
0,0,0,0,88,0,0,0,0,0,33,0,190,19,0,0,0,0,14,6,0,0,21,0,0,0,38,297,0,0,0,0,2,0,0,0,0,0,0,0,0,57,76,18,81,186,62,216,97,24,60,0,0,0,0,0,0,0,0,0,0,0,0,0,0,0,0,0,0,0,0,0,0,0,8,0,0,0,0,0,0,0,0,0,0,0,0,0,0,0,0,0,0,0,0,0,0,0,0,0,0,0,0,0,0,0,0,0,0,0,2,0,0,0,0,0,0,0,3,0,0,0,1,0,0,0,0,0,0,0,0,0,0,0,0,0,0,0,0,0,0,0,0,0,0,0,0,0,0,0,0,0,0,0,0,0,0,0,0,0,0,0,0,0,37,0,0,0,0,0,0,0,0,0,19,0,80,55,53,0,51,0,28,0,0,0,247,0,0,0,0,0,0,0,0,0,0,0,0,0,0,0,0,0,0,0,0,0,0,0,30,217,105,0,0,0,1,32,0,0,0,0,0,0,1
0,0,0,0,0,14,0,0,0,0,0,58,26,111,0,0,0,0,10,4,0,0,0,0,0,0,134,50,0,0,0,0,0,2,0,8,0,0,0,0,57,0,11,116,45,96,41,157,6,141,0,19,0,0,0,0,0,0,0,0,0,0,0,0,0,0,0,0,0,0,0,0,0,0,0,0,0,0,0,0,0,0,0,0,0,0,0,0,0,0,0,0,0,6,0,0,0,0,0,0,0,0,0,0,0,0,0,0,0,0,0,0,0,0,0,0,0,0,0,0,0,0,0,0,0,0,0,0,0,0,0,0,0,0,0,0,0,0,0,0,0,0,0,0,0,0,0,0,0,0,0,0,0,0,0,0,0,0,0,0,0,0,0,0,0,11,0,0,0,0,0,0,0,0,0,0,0,141,0,16,0,41,0,2,0,6,22,17,0,0,0,0,0,0,0,0,0,0,0,0,0,0,0,0,0,0,0,0,0,0,0,1,0,0,0,0,0,0,0,51,30,0,0,0,28
1,0,0,0,0,0,0,0,0,0,0,0,79,9,0,0,16,0,9,0,22,0,5,0,0,0,171,54,0,0,28,0,19,0,19,0,69,0,12,0,76,11,0,6,101,0,75,0,29,1,45,0,0,0,1,0,0,0,0,0,0,0,0,0,0,0,0,0,2,0,17,0,0,0,0,0,0,0,0,0,47,0,15,0,0,0,18,0,5,0,0,0,0,0,15,0,0,0,106,0,0,0,0,0,0,0,0,0,0,0,0,0,0,0,0,0,0,0,0,0,25,0,0,0,0,0,0,0,0,0,0,0,0,0,0,0,0,0,0,0,0,0,0,0,25,0,1,0,0,0,0,0,0,0,0,0,0,0,0,0,0,0,0,0,46,2,11,0,16,0,3,0,10,0,0,0,0,2,0,0,0,0,0,0,0,0,46,1,0,0,0,0,0,0,0,0,0,0,0,0,0,0,0,0,0,0,0,0,0,0,36,98,138,17,0,1,3,37,0,0,0,0,0,0,0
0,0,0,0,0,44,0,0,0,0,0,21,39,272,0,26,0,0,0,92,6,129,0,21,0,0,91,253,0,0,0,32,0,47,0,52,0,54,0,11,18,116,6,0,6,59,0,52,0,10,12,45,0,0,0,0,0,0,0,0,0,2,0,0,0,0,0,0,0,2,0,5,0,0,0,0,0,0,0,0,0,0,0,0,0,0,0,0,0,0,0,0,0,0,0,0,0,0,0,0,0,0,0,0,0,0,0,0,0,0,0,0,0,0,0,0,0,0,0,0,0,35,0,0,0,0,0,0,0,0,0,0,0,0,0,0,0,0,0,0,0,52,0,0,0,42,0,0,0,0,0,0,0,0,0,0,0,0,0,0,0,0,0,0,0,65,0,14,0,100,0,10,0,20,0,0,0,30,0,0,0,0,0,0,0,0,3,123,0,0,0,0,0,0,0,0,0,0,0,0,0,0,0,0,0,0,0,0,0,0,0,0,0,0,41,0,0,0,113,208,317,60,0,0,0
0,0,0,0,44,0,0,0,9,0,15,0,122,0,17,0,52,0,24,0,45,0,64,0,15,0,148,57,0,0,29,0,32,0,54,0,61,0,20,0,81,45,101,6,0,64,196,127,121,36,165,0,4,0,0,0,0,0,0,0,1,0,0,0,0,0,0,0,0,0,15,0,0,0,0,0,0,0,0,0,0,0,27,0,66,0,22,0,18,0,0,0,51,0,0,0,0,0,0,0,15,0,0,0,0,0,0,0,2,0,0,0,0,0,0,0,0,0,0,0,0,0,0,0,0,1,0,0,0,0,0,0,0,0,0,0,0,0,0,0,0,0,0,0,0,0,0,0,0,0,12,0,9,0,5,0,0,0,0,0,0,0,0,0,145,0,29,0,37,0,19,0,31,0,10,0,17,11,11,0,27,0,9,0,7,0,95,2,0,0,0,0,0,0,0,0,0,0,0,0,0,0,0,0,0,0,0,0,7,0,81,194,218,24,22,0,3,129,0,3,0,0,0,0,0
0,0,0,0,0,26,0,0,0,0,0,24,0,52,0,19,0,0,0,103,0,137,0,16,0,0,162,194,0,0,0,17,0,27,0,84,0,33,0,0,186,96,0,59,64,0,112,135,24,112,4,41,0,0,0,0,0,0,0,0,0,0,0,0,0,0,0,0,0,16,0,0,0,0,0,16,0,23,0,0,0,0,0,88,0,0,0,20,0,0,0,0,0,42,0,118,0,0,0,0,0,25,0,0,0,0,0,0,0,0,0,0,0,0,0,0,0,7,0,0,0,0,0,0,0,5,0,0,0,0,0,0,0,0,0,0,0,0,0,11,0,0,0,0,0,52,0,0,0,0,0,0,0,0,0,0,0,0,0,0,0,0,0,0,0,89,0,5,0,136,0,0,0,22,0,0,0,76,0,3,0,0,0,0,0,0,33,50,0,0,0,0,0,0,0,0,0,0,0,0,0,0,0,0,0,0,0,0,0,0,0,0,3,0,23,0,0,0,92,288,333,48,0,0,68
0,0,15,0,69,0,0,0,0,0,33,0,223,0,22,0,0,0,21,0,22,0,81,0,0,0,92,74,0,0,0,0,0,0,0,0,9,0,0,0,62,41,75,0,196,112,0,135,103,60,38,0,0,0,0,0,0,0,0,0,0,0,0,0,0,0,0,0,0,2,0,0,0,0,0,0,0,0,0,0,23,0,0,0,0,0,0,0,0,0,0,0,0,0,0,0,0,0,47,0,0,0,0,0,0,0,0,0,0,0,0,0,0,0,0,0,0,0,0,0,0,0,0,0,0,0,0,0,0,0,0,0,0,0,22,0,0,0,0,0,0,0,0,0,0,0,0,0,0,0,0,0,0,0,0,0,0,0,0,0,0,0,0,0,25,1,0,0,0,0,0,0,0,0,0,0,32,14,32,0,0,0,28,0,9,0,123,0,0,0,0,0,0,0,0,0,0,0,0,0,0,0,0,0,0,0,0,0,15,0,0,137,84,0,6,6,0,90,0,4,0,0,0,0,0
0,56,0,11,0,106,0,0,0,0,0,172,101,151,0,0,0,0,0,107,0,8,0,0,0,0,376,201,0,0,0,0,0,0,6,0,0,0,0,0,216,157,0,52,127,135,135,0,28,101,0,13,0,0,0,0,0,0,0,0,0,0,0,0,0,0,0,0,0,0,0,0,0,0,0,0,0,0,0,0,0,0,0,0,0,0,0,0,0,0,0,0,0,0,0,0,0,0,0,0,0,0,0,0,0,0,0,0,0,0,0,0,0,0,0,0,0,0,0,0,0,0,0,0,0,0,0,0,0,0,0,0,0,0,0,0,0,15,0,0,0,1,0,0,0,0,0,0,0,8,0,0,1,0,0,0,0,0,0,0,0,0,0,0,1,5,0,0,0,0,0,0,0,0,0,0,0,206,0,6,0,0,0,0,0,0,70,39,0,0,0,0,0,0,0,0,0,0,0,0,0,0,0,0,0,0,0,0,0,0,0,0,4,0,13,0,0,0,23,200,85,10,0,0,61
15,0,25,0,21,0,58,0,5,0,5,0,18,0,0,0,7,0,0,0,0,0,0,0,37,0,24,0,0,0,0,0,3,0,0,0,2,0,0,0,97,6,29,0,121,24,103,28,0,37,18,0,0,0,42,0,34,0,18,0,3,0,4,0,0,0,0,0,27,0,2,0,0,0,0,0,8,0,0,0,0,0,25,0,10,0,1,0,30,0,0,0,75,0,27,0,0,0,0,0,12,0,25,0,0,0,8,0,6,0,0,0,0,0,0,0,1,0,2,0,0,0,0,0,2,1,3,0,0,0,0,1,1,0,17,0,6,0,0,0,0,0,7,0,2,0,4,0,2,0,10,0,0,0,0,0,0,0,0,0,10,0,9,0,6,2,7,0,9,0,23,0,27,0,1,0,31,7,3,0,6,0,6,0,3,0,108,0,14,0,0,0,21,0,16,0,0,0,20,0,0,0,37,0,0,0,30,0,15,0,41,54,160,14,24,20,12,10,0,1,4,0,0,0,2
0,14,0,0,0,25,0,4,0,2,0,44,0,60,1,16,0,0,3,41,0,19,0,18,0,0,5,19,0,0,0,0,0,0,0,7,0,3,0,0,24,141,1,10,36,112,60,101,37,0,0,7,0,0,0,2,0,0,0,2,0,0,0,0,0,0,0,0,0,20,0,0,0,0,0,1,0,7,0,0,0,20,0,29,0,45,0,0,0,9,0,0,0,36,0,49,0,0,0,0,0,0,0,8,0,0,0,0,0,1,0,0,0,0,0,0,0,0,0,0,0,0,0,0,0,0,0,0,0,0,0,0,0,0,0,0,0,0,0,0,0,0,0,7,0,0,0,0,0,2,0,17,0,21,0,0,0,0,0,0,0,0,0,3,0,29,0,0,0,7,0,6,0,3,0,0,3,76,0,18,0,29,0,5,0,15,52,20,0,0,0,0,0,0,0,1,0,0,0,0,0,0,0,1,0,0,0,0,0,0,0,0,0,0,18,0,0,1,35,26,25,0,4,2,37
0,0,0,0,59,0,0,0,7,0,0,0,291,29,19,0,25,0,98,30,67,0,0,0,0,0,315,94,10,0,70,0,28,0,97,0,81,0,13,0,60,0,45,12,165,4,38,0,18,0,0,0,0,0,0,0,6,0,9,0,4,0,8,0,0,0,0,0,6,0,51,0,16,0,35,0,0,0,0,0,97,0,36,0,0,0,31,0,0,0,0,0,0,0,25,0,0,0,218,0,19,0,0,0,0,0,37,0,0,0,0,0,0,0,0,0,0,0,0,0,41,0,0,0,0,0,0,0,0,0,0,0,0,0,0,0,0,0,0,0,0,0,0,0,51,0,0,0,0,0,0,0,0,0,0,0,0,0,0,0,0,0,23,0,56,0,33,0,110,0,18,0,43,0,1,0,10,0,0,0,0,0,0,0,0,0,37,0,0,0,0,0,0,0,0,0,0,0,0,0,0,0,0,0,0,0,0,0,0,0,83,105,138,43,27,0,4,11,0,0,0,0,0,0,0
0,7,0,0,0,98,0,0,0,0,0,37,0,179,0,0,0,14,0,93,3,86,0,0,0,0,21,164,0,25,0,31,0,54,0,91,0,79,0,15,0,19,0,45,0,41,0,13,0,7,0,0,0,0,0,0,0,1,0,0,0,0,0,7,0,0,0,0,0,0,0,19,0,0,0,0,0,4,0,0,0,93,0,25,0,112,0,17,0,0,0,0,0,0,0,0,0,0,0,23,0,0,0,1,0,0,0,0,0,0,0,0,0,0,0,0,0,0,0,0,0,65,0,0,0,0,0,0,0,0,0,0,0,0,0,0,0,0,0,0,0,71,0,78,0,93,0,0,0,0,0,0,0,0,0,2,0,0,0,0,0,0,0,4,0,35,0,24,0,113,0,18,0,33,0,0,0,0,0,0,2,0,0,0,0,0,1,48,0,0,0,0,0,0,0,0,0,0,0,0,0,0,0,0,0,0,0,0,0,0,0,0,0,0,42,0,0,0,79,61,132,33,0,0,0
3,0,22,0,0,0,45,0,35,52,1,0,0,0,0,0,115,0,0,0,23,0,11,0,74,7,0,0,23,0,29,0,7,0,6,0,7,0,14,0,0,0,0,0,4,0,0,0,0,0,0,0,0,13,139,56,70,9,49,49,33,0,158,3,4,0,8,92,0,0,0,0,0,0,1,0,2,0,0,0,0,0,0,0,72,0,3,0,0,0,18,0,0,0,0,0,56,0,0,0,0,0,0,0,0,0,37,0,0,0,0,0,0,0,0,0,0,0,0,0,4,0,6,0,0,0,0,0,41,0,8,1,0,0,0,0,151,0,119,0,51,0,147,0,28,0,0,0,2,0,0,0,2,0,151,4,33,0,47,0,27,0,4,0,4,0,3,0,9,0,75,1,20,0,0,0,11,0,0,0,0,0,0,0,0,1,0,0,0,0,0,0,0,0,0,0,0,0,0,0,111,0,0,0,0,0,0,0,7,0,58,386,96,60,45,0,29,0,1,0,0,2,0,0,0
0,0,0,3,0,0,42,26,28,171,0,0,0,0,0,10,0,66,0,27,0,0,0,4,12,13,0,0,0,8,0,0,0,9,0,0,0,14,0,1,0,0,0,0,0,0,0,0,0,0,0,0,13,0,36,89,0,127,46,103,0,7,5,42,0,0,0,39,0,0,0,0,0,0,0,0,0,0,0,0,0,22,0,0,0,80,0,8,0,0,0,0,0,0,0,0,0,19,0,28,0,0,0,0,0,0,0,0,0,0,0,0,0,0,0,0,0,0,0,0,0,0,0,0,0,0,0,0,0,16,0,0,0,15,0,43,0,66,0,125,0,87,0,148,0,20,0,0,0,0,0,0,0,0,0,79,0,60,0,138,0,14,0,0,0,0,0,0,0,0,0,8,0,0,0,0,10,88,0,0,0,4,0,14,0,4,0,0,0,0,0,0,0,0,0,0,0,0,0,0,0,0,0,0,0,0,0,0,0,0,0,0,0,0,10,0,0,0,14,572,4,8,0,0,0
5,0,46,0,12,0,35,0,41,129,0,0,0,0,26,0,32,0,0,0,0,0,60,0,249,0,0,0,7,0,0,0,0,0,0,0,1,0,0,0,0,0,1,0,0,0,0,0,42,0,0,0,139,36,0,76,81,4,58,41,32,0,42,5,6,4,18,88,0,0,0,0,0,1,0,0,0,0,0,0,0,0,0,0,0,0,1,0,0,0,0,0,0,0,0,0,0,0,0,0,0,0,0,0,0,0,0,0,0,0,0,0,0,0,0,0,0,0,0,0,0,0,0,0,6,0,3,0,103,0,25,0,16,0,88,0,122,0,11,0,0,0,0,0,0,0,2,0,4,4,0,0,0,0,68,1,0,0,23,0,58,6,0,0,0,0,9,0,33,1,211,0,20,0,0,1,19,1,0,0,0,5,0,0,0,2,0,0,0,0,0,0,0,0,0,0,0,0,0,0,69,1,0,0,0,0,0,0,25,0,250,64,400,336,408,0,220,0,3,1,0,5,0,0,0
0,6,0,64,0,23,123,87,167,80,0,6,0,0,0,122,0,54,0,20,0,0,0,46,34,148,0,0,0,7,0,0,0,8,0,0,0,0,0,0,0,0,0,0,0,0,0,0,0,2,0,0,56,89,76,0,8,68,149,108,0,10,29,26,0,3,33,7,0,2,0,0,0,0,0,0,0,5,0,0,0,0,0,0,0,17,0,0,0,0,0,0,0,0,0,0,0,0,0,7,0,2,0,1,0,0,0,0,0,0,0,0,0,0,0,0,0,0,0,0,0,0,0,0,0,0,0,0,0,18,0,9,0,12,0,88,0,54,1,84,0,29,0,47,0,3,0,0,0,0,0,0,0,0,0,66,0,17,1,21,0,3,0,0,0,5,0,0,0,25,0,169,1,24,0,0,16,18,0,0,0,0,0,4,10,7,0,0,0,0,0,0,0,0,0,0,0,0,0,0,0,0,0,0,0,0,0,0,0,0,0,2,4,0,208,0,1,0,135,218,263,281,54,68,0
3,0,0,0,0,0,3,0,3,2,0,0,0,0,0,0,0,0,0,0,0,0,0,0,34,0,0,0,0,0,0,0,0,0,0,0,3,0,0,0,0,0,0,0,0,0,0,0,34,0,6,0,70,0,81,8,0,6,215,19,0,0,2,0,81,7,18,37,0,0,0,0,0,0,0,0,0,0,0,0,0,0,0,0,0,0,0,0,0,0,0,0,0,0,0,0,0,0,0,0,0,0,1,0,0,0,0,0,0,0,0,0,0,0,0,0,0,0,0,0,0,0,0,0,0,0,0,0,42,0,3,0,0,0,0,0,0,0,6,0,0,0,0,0,0,0,0,0,0,0,1,0,0,0,157,1,28,0,72,3,138,5,0,0,0,0,0,0,44,0,150,0,0,0,0,0,16,0,0,0,0,6,0,0,4,1,0,0,0,0,0,0,0,0,0,0,0,0,0,0,0,0,0,0,0,0,0,0,3,0,287,62,501,501,887,0,186,0,0,5,0,3,0,0,0
0,0,1,0,0,0,0,9,0,20,0,0,0,0,0,54,0,43,0,0,0,0,0,23,0,76,0,0,0,0,0,0,0,0,0,0,0,3,0,0,0,0,0,0,0,0,0,0,0,0,0,1,9,127,4,68,6,0,60,146,0,0,0,8,3,0,17,43,0,0,0,0,0,0,0,0,0,0,0,0,0,3,0,0,0,5,0,0,0,0,0,0,0,0,0,0,0,2,0,0,0,0,0,0,0,0,0,0,0,0,0,0,0,0,0,0,0,0,0,0,0,0,0,0,0,4,0,2,0,34,0,22,0,18,0,62,0,48,0,101,0,25,0,27,0,0,0,0,0,0,0,0,0,0,0,152,0,15,0,55,0,43,0,15,0,0,0,0,0,59,0,164,0,0,0,0,3,0,0,0,0,0,0,0,0,3,0,0,0,0,0,0,0,0,0,0,0,0,0,2,0,0,0,0,0,0,0,2,0,2,0,3,0,0,246,0,0,0,125,84,315,271,72,0,1
7,0,19,0,0,0,23,0,184,35,0,0,0,0,0,0,0,0,0,0,0,0,14,0,27,0,0,0,0,0,0,0,2,0,0,0,0,0,0,0,0,0,0,0,0,0,0,0,18,0,9,0,49,46,58,149,215,60,0,137,38,0,9,0,99,12,195,246,4,0,0,0,0,0,0,0,0,0,4,0,0,0,0,0,1,0,0,0,0,0,0,0,0,0,0,0,0,0,0,0,0,0,0,0,0,0,0,0,0,0,0,0,0,0,0,0,0,0,0,0,0,0,0,0,0,0,0,0,3,0,6,0,0,0,0,0,0,0,0,0,0,0,0,0,0,0,0,0,0,0,0,0,0,0,46,23,72,0,0,8,12,5,0,0,1,0,0,0,19,0,81,0,0,0,0,0,286,8,0,0,0,0,0,0,85,0,0,0,0,0,0,0,0,0,0,0,0,0,0,0,0,0,0,0,0,0,0,0,0,0,840,280,379,675,1586,0,268,6,6,7,3,2,0,0,0
0,21,0,0,0,0,33,46,55,66,0,0,0,0,0,21,0,9,0,0,0,0,0,0,0,39,0,0,0,0,0,0,0,0,0,0,0,0,0,0,0,0,0,0,0,0,0,0,0,2,0,0,49,103,41,108,19,146,137,0,0,0,6,17,20,178,89,106,0,0,0,0,0,0,0,0,0,0,0,0,0,0,0,22,0,0,0,0,0,0,0,0,0,0,0,0,0,0,0,0,0,0,0,0,0,0,0,0,0,0,0,0,0,0,0,0,0,0,0,0,0,0,0,0,0,6,0,0,0,6,0,21,0,12,0,0,0,19,0,2,0,0,0,5,0,28,0,1,0,13,0,0,0,0,2,86,0,102,0,40,0,76,0,0,0,4,0,0,0,92,0,192,0,0,0,7,13,6,0,0,1,15,0,0,11,25,0,0,0,0,0,0,0,0,0,0,0,0,0,0,0,0,0,0,0,0,0,0,0,0,4,4,2,0,1589,0,0,0,892,308,728,1182,392,118,0
129,0,59,0,0,0,236,0,116,0,2,0,0,0,0,0,19,0,0,0,0,0,19,0,94,0,0,0,8,0,5,0,10,0,0,0,14,0,5,0,0,0,0,0,1,0,0,0,3,0,4,0,33,0,32,0,0,0,38,0,0,0,20,0,0,0,0,0,0,0,6,0,0,0,6,0,0,0,0,0,0,0,0,0,0,0,0,0,0,0,0,0,0,0,0,0,0,0,5,0,0,0,0,0,0,0,0,0,0,0,0,0,0,0,0,0,0,0,0,0,0,0,0,0,0,0,0,0,0,0,0,0,0,0,0,0,0,0,86,0,35,0,0,0,195,0,0,0,0,0,0,0,0,0,32,0,128,0,11,0,0,0,0,0,0,0,2,0,4,0,67,0,49,0,0,0,53,0,0,0,0,0,12,0,0,0,0,0,0,0,0,0,0,0,0,0,0,0,0,0,0,0,0,0,0,0,0,0,0,0,73,570,5,19,19,0,5,0,0,0,0,0,0,0,0
0,284,22,0,0,0,0,406,0,201,0,0,0,0,0,0,17,67,0,0,0,0,0,12,0,55,0,0,0,66,0,0,0,7,0,0,0,15,0,11,0,0,0,2,0,0,0,0,0,0,0,0,0,7,0,10,0,0,0,0,0,0,4,61,0,0,0,0,0,0,0,0,0,0,0,0,0,0,0,0,0,0,0,0,0,0,0,0,0,0,0,0,0,0,0,0,0,0,0,0,0,0,0,0,0,0,0,0,0,0,0,0,0,0,0,0,0,0,0,0,0,0,0,0,0,0,0,0,0,2,0,0,0,0,0,0,0,0,0,42,0,22,0,5,0,150,0,0,0,0,0,0,0,0,0,12,0,113,0,12,0,0,0,4,0,0,0,0,0,7,0,92,0,41,0,0,0,130,0,4,0,0,0,0,0,0,0,0,0,0,0,0,0,0,0,0,0,0,0,0,0,0,0,0,0,0,0,0,0,0,0,0,0,0,16,0,0,0,15,878,82,41,0,0,0
104,0,94,0,5,0,209,24,82,82,1,0,0,0,3,0,266,2,0,0,85,0,39,0,213,21,0,0,52,0,73,0,19,0,11,0,16,0,23,0,0,0,0,0,0,0,0,0,4,0,8,0,158,5,42,29,2,0,9,6,20,4,0,7,0,0,0,6,0,0,13,0,0,0,0,0,0,0,0,0,0,0,0,0,141,0,0,0,0,0,15,0,0,0,0,0,0,0,0,0,0,0,0,0,0,0,0,0,0,0,0,0,0,0,0,0,0,0,0,0,46,0,24,0,0,0,3,0,29,0,3,1,12,0,0,3,61,0,171,0,55,0,107,0,39,0,0,0,3,0,0,0,0,0,110,0,38,0,25,0,2,0,0,0,0,0,0,0,0,0,9,0,19,0,0,0,28,0,0,0,0,0,15,0,0,0,0,0,0,0,0,0,0,0,0,0,0,0,0,0,34,0,0,0,0,0,0,0,0,0,59,457,19,16,18,0,5,0,1,0,0,0,0,0,0
8,60,12,4,0,6,28,208,19,296,0,0,0,0,1,6,4,105,0,24,0,33,3,23,48,32,0,0,0,30,0,8,0,24,0,0,0,18,0,12,0,0,0,0,0,0,0,0,0,0,0,7,3,42,5,26,0,8,0,17,0,61,7,0,0,0,0,0,0,2,0,0,0,0,0,0,0,0,0,0,0,0,0,0,0,19,0,0,0,0,0,0,0,0,0,0,0,0,0,0,0,2,0,0,0,0,0,0,0,0,0,0,0,0,0,0,0,0,0,0,0,0,0,0,0,0,0,0,0,0,1,3,0,0,0,0,0,0,0,83,0,75,0,47,0,53,0,1,0,0,0,0,0,0,0,46,0,9,0,59,0,2,0,0,0,1,0,0,0,0,0,6,0,0,0,0,16,67,0,0,0,0,0,0,0,0,0,0,0,0,0,0,0,0,0,0,0,0,0,0,0,0,0,0,0,0,0,0,0,0,0,0,0,0,0,0,0,0,8,493,7,0,0,0,0
15,0,0,0,7,0,2,0,113,0,0,0,4,0,0,0,0,0,0,0,0,0,0,0,0,0,0,0,0,0,0,0,0,0,0,0,0,0,0,0,0,0,0,0,0,0,0,0,0,0,0,0,4,0,6,0,81,3,99,20,0,0,0,0,0,42,81,33,0,0,3,0,0,0,2,0,0,0,0,0,0,0,0,0,0,0,0,0,0,0,0,0,0,0,0,0,0,2,0,0,0,0,0,0,0,0,0,0,0,0,0,0,0,0,0,0,0,0,0,0,0,0,0,0,2,0,0,0,0,0,55,0,0,0,0,0,0,0,7,8,0,0,0,0,21,0,9,0,35,0,0,0,0,1,9,14,5,0,7,16,362,0,3,0,0,0,0,0,0,0,5,0,0,0,0,0,91,0,0,0,290,56,0,0,197,2,0,0,0,0,0,0,0,0,0,0,0,0,0,0,0,0,0,0,0,0,0,0,0,0,136,13,0,0,165,0,0,0,4,0,0,0,0,1,0
0,78,0,2,0,21,0,6,0,124,0,32,0,8,0,7,0,0,0,21,2,2,0,0,0,0,0,23,0,0,0,0,0,0,0,0,0,0,0,0,0,0,0,0,0,0,0,0,0,0,0,0,0,0,4,3,7,0,12,178,0,0,0,0,42,0,8,299,0,0,0,0,0,13,0,43,0,0,0,0,0,5,0,0,0,0,0,9,0,0,0,0,0,0,0,0,0,0,0,0,0,0,0,0,0,0,0,0,0,0,0,0,0,0,0,0,0,0,0,0,0,0,0,0,0,76,0,6,0,2,0,82,0,0,6,4,22,0,12,35,22,43,0,0,6,92,0,21,65,197,0,22,0,0,5,6,0,0,0,13,54,199,0,22,0,0,0,0,0,0,0,0,0,0,0,111,2,0,0,0,55,267,0,3,0,117,0,0,0,0,0,0,0,0,0,0,0,2,0,0,0,0,0,0,0,0,0,0,0,9,0,0,0,0,132,0,0,0,161,16,51,0,0,4,0
9,0,3,0,0,0,16,0,117,12,0,0,0,0,0,0,0,0,0,0,0,0,0,0,0,0,0,0,0,0,0,0,0,0,0,0,0,0,2,0,0,0,0,0,0,0,0,0,0,0,0,0,8,0,18,33,18,17,195,89,0,0,0,0,81,8,0,81,0,0,0,0,0,0,0,0,0,0,0,0,0,0,0,0,0,0,0,0,0,0,0,0,0,0,0,0,0,0,0,0,0,0,0,0,0,0,0,0,0,0,0,0,0,0,0,0,0,0,0,0,0,0,0,0,0,0,0,0,0,0,25,0,0,0,0,0,0,0,0,0,0,0,0,0,0,0,0,0,18,0,0,0,0,0,5,1,0,0,0,3,191,0,0,0,0,0,0,0,0,0,3,0,0,0,0,0,317,1,0,0,0,3,0,0,199,3,0,0,0,0,0,0,0,0,0,0,0,0,0,0,0,0,0,0,0,0,0,0,0,0,55,24,0,26,94,0,0,0,0,0,0,0,0,0,0
0,14,0,0,0,0,0,9,52,201,0,0,0,0,0,0,0,0,0,0,0,0,0,0,0,0,0,0,0,0,0,0,0,0,0,0,0,0,0,0,0,0,0,0,0,0,0,0,0,0,0,0,92,39,88,7,37,43,246,106,0,0,6,0,33,299,81,0,0,0,0,0,0,0,0,0,0,0,0,0,0,0,0,0,0,0,0,0,0,0,0,0,0,3,0,0,0,0,0,0,0,0,0,0,0,0,0,0,0,0,0,0,0,0,0,0,0,0,0,0,0,0,0,0,0,0,0,0,0,0,0,58,0,0,0,0,1,0,0,0,0,0,0,0,0,49,0,5,0,38,0,0,0,0,5,25,0,48,3,0,26,85,0,0,0,0,0,0,0,0,0,0,0,0,0,40,34,36,0,0,0,71,0,0,14,198,0,0,0,0,0,0,0,0,0,0,0,0,0,0,0,0,0,0,0,0,0,1,0,0,0,0,0,0,501,0,0,0,346,195,127,0,68,0,1
0,0,0,0,0,0,0,0,0,0,0,0,0,0,0,0,0,0,0,0,0,0,0,0,0,0,0,0,0,0,0,0,0,0,0,0,0,0,0,0,0,0,2,0,0,0,0,0,27,0,6,0,0,0,0,0,0,0,4,0,0,0,0,0,0,0,0,0,0,0,0,0,12,0,0,0,79,0,41,0,0,0,26,0,0,0,39,0,46,0,21,0,99,0,45,0,27,0,41,0,52,0,209,0,70,0,49,0,63,0,7,0,22,0,1,0,2,0,0,0,0,0,0,0,0,0,0,0,0,0,0,0,0,0,0,1,0,0,0,0,0,0,0,0,0,0,0,0,0,0,0,0,0,0,0,0,0,0,0,0,0,0,0,0,27,0,1,0,114,0,0,0,0,0,0,0,0,0,0,0,0,0,0,0,0,0,0,0,44,0,0,0,0,0,36,0,0,0,0,0,0,0,0,0,0,0,0,0,0,0,28,16,72,7,13,73,195,1,0,0,0,0,0,0,0
0,0,0,0,0,0,0,7,0,0,0,0,0,0,0,0,0,0,0,0,0,0,0,0,0,0,0,0,0,0,0,0,0,0,0,0,0,0,0,0,0,0,0,2,0,16,2,0,0,20,0,0,0,0,0,2,0,0,0,0,0,0,0,2,0,0,0,0,0,0,0,0,0,0,0,0,0,51,0,0,0,4,0,13,0,0,0,4,0,23,0,0,0,62,0,14,0,0,0,0,0,7,0,40,0,0,0,9,0,32,0,48,0,11,0,2,0,5,0,0,0,0,0,0,0,0,0,0,0,0,0,0,0,0,0,2,0,3,0,0,0,0,0,0,0,0,0,0,0,0,0,0,0,0,0,1,0,0,0,0,0,0,0,0,0,28,0,0,0,18,0,6,0,0,0,0,0,1,0,0,0,0,0,0,0,0,0,0,0,11,0,0,0,0,0,0,0,0,0,0,0,0,0,4,0,0,0,1,0,0,0,0,0,0,0,0,0,0,9,30,91,8,21,92,4
0,0,0,0,18,0,0,0,0,0,0,0,0,0,0,0,8,0,0,0,30,0,0,0,0,0,0,0,11,0,34,0,22,0,0,0,40,0,8,0,0,0,17,0,15,0,0,0,2,0,51,0,0,0,0,0,0,0,0,0,6,0,13,0,3,0,0,0,0,0,0,0,275,0,205,0,11,0,115,0,10,0,0,0,8,0,19,0,0,0,0,0,0,0,0,0,0,0,0,0,0,0,0,0,0,0,0,0,0,0,0,0,0,0,0,0,0,0,0,0,28,0,8,0,28,0,0,3,0,0,18,0,0,0,15,0,26,3,7,2,49,7,23,0,59,0,40,0,27,0,71,0,12,0,0,0,6,0,0,1,4,1,65,0,0,0,22,0,42,0,23,0,25,0,54,1,0,0,0,0,26,4,0,0,1,0,2,1,0,0,0,0,0,0,0,0,0,0,9,0,0,0,0,0,0,0,16,0,29,0,8,5,21,4,4,0,0,0,0,0,0,0,0,0,0
0,0,0,0,0,0,0,0,0,0,0,0,0,0,0,0,0,0,0,0,0,0,0,0,0,0,0,0,0,3,0,0,0,0,0,0,0,0,0,0,0,0,0,5,0,0,0,0,0,0,0,19,0,0,0,0,0,0,0,0,0,0,0,0,0,0,0,0,0,0,0,0,0,121,0,214,0,4,0,0,0,0,0,4,0,0,0,15,0,0,0,0,0,0,0,0,0,0,0,0,0,0,0,0,0,0,0,0,0,0,0,0,0,0,0,0,0,0,0,0,0,4,0,18,33,108,0,42,10,0,0,44,0,56,0,0,0,24,0,5,0,26,0,16,0,115,0,0,0,102,0,67,0,34,0,0,0,2,0,1,0,3,0,33,0,0,0,12,0,10,0,11,0,33,0,33,0,0,0,0,22,95,0,0,0,0,0,0,0,0,0,0,0,0,0,0,0,0,0,0,0,0,0,0,0,0,0,0,0,0,0,0,0,0,0,0,0,0,54,0,8,0,1,0,0
0,0,0,0,0,0,0,0,0,0,0,0,0,0,0,0,0,0,0,0,16,0,0,0,0,0,0,0,0,0,0,0,6,0,0,0,0,0,0,0,0,0,0,0,0,0,0,0,0,0,16,0,0,0,0,0,0,0,0,0,0,0,0,0,0,0,0,0,12,0,275,0,0,0,287,0,29,0,177,0,7,0,9,0,21,0,9,0,0,0,0,0,0,0,0,0,0,0,0,0,0,0,0,0,0,0,0,0,0,0,0,0,0,0,0,0,0,0,0,0,97,0,14,0,55,0,41,0,69,0,22,0,29,0,65,0,48,0,3,0,50,0,93,0,81,0,65,0,10,0,118,0,14,0,0,0,3,0,0,0,0,0,112,0,0,0,7,0,12,0,23,0,7,0,0,0,0,0,0,0,21,0,0,0,0,0,0,0,5,0,0,0,0,0,0,0,0,0,0,0,34,0,0,0,0,0,0,0,69,0,67,1,17,0,7,0,0,0,0,0,0,0,0,0,0
0,0,0,0,0,0,0,0,0,0,0,0,0,0,0,0,0,0,0,0,0,0,0,0,0,0,0,0,0,0,0,0,0,0,0,0,0,0,0,0,0,0,0,0,0,0,0,0,0,0,0,0,0,0,1,0,0,0,0,0,0,0,0,0,0,13,0,0,0,0,0,121,0,0,0,307,0,81,0,85,0,0,0,10,0,25,0,50,0,0,0,0,0,0,0,0,0,0,0,2,0,0,0,3,0,0,0,0,0,2,0,0,0,0,0,0,0,0,0,0,0,51,0,80,0,66,0,0,0,0,0,29,0,36,0,141,0,11,0,0,7,28,0,22,0,39,24,56,0,58,0,61,6,27,0,1,0,0,0,0,0,0,0,66,0,0,0,3,0,22,0,9,0,8,0,29,0,0,0,0,0,84,0,0,0,0,0,0,0,0,0,0,2,0,0,5,0,0,0,136,0,61,0,56,0,0,0,0,0,0,0,0,5,0,4,0,0,0,72,2,20,0,0,1,0
0,0,0,0,0,0,0,0,0,0,0,0,0,0,0,0,12,0,0,0,34,0,0,0,0,0,0,0,12,0,30,0,22,0,0,0,0,0,5,0,8,0,0,0,0,0,0,0,0,0,35,0,1,0,0,0,0,0,0,0,6,0,0,0,2,0,0,0,0,0,205,0,287,0,0,0,17,0,226,0,35,0,6,0,61,0,36,0,0,0,0,0,0,0,0,0,0,0,0,0,0,1,0,0,0,0,6,0,0,0,0,0,0,0,0,0,0,0,0,0,84,0,46,0,24,15,0,0,0,0,12,0,10,0,0,0,57,5,7,0,72,9,109,0,110,0,42,0,20,5,104,0,0,3,0,0,1,0,0,0,0,0,36,0,0,0,14,0,19,0,9,0,15,0,61,0,0,0,0,0,31,4,0,0,1,0,0,0,0,0,0,0,0,0,0,0,2,0,0,0,25,1,0,0,0,0,0,0,92,0,7,0,0,0,5,0,0,0,0,0,5,0,0,0,0
0,0,1,0,0,0,0,0,0,2,0,0,0,0,0,0,0,0,0,0,0,0,0,0,0,0,0,0,0,13,0,0,0,18,0,0,0,0,0,0,0,0,0,0,0,16,0,0,0,1,0,0,0,0,0,0,0,0,0,0,0,0,0,0,0,43,0,0,0,0,0,214,0,307,0,0,0,21,0,78,0,6,0,5,0,14,0,103,0,0,1,0,0,0,0,0,0,0,0,0,0,0,0,0,0,0,0,0,0,0,0,0,0,0,0,0,0,0,0,0,0,210,0,44,51,0,0,70,0,0,21,23,0,0,0,156,0,40,0,9,0,84,0,41,0,246,26,0,0,165,0,153,0,82,0,0,0,0,0,5,0,0,0,54,0,0,0,0,0,15,0,27,0,25,0,41,0,1,0,0,50,247,0,0,0,0,0,0,0,0,0,0,0,0,0,0,0,0,0,70,0,33,0,24,0,0,0,0,0,0,0,0,0,0,13,0,0,0,54,8,40,0,0,0,0
0,0,0,0,0,0,0,0,0,0,0,0,0,0,0,0,0,0,0,0,0,0,0,0,0,0,0,0,0,0,0,0,0,0,0,0,0,0,0,0,0,0,0,0,0,0,0,0,8,0,0,0,2,0,0,0,0,0,0,0,0,0,0,0,0,0,0,0,79,0,11,0,29,0,17,0,0,0,47,0,0,0,21,0,51,0,44,0,0,0,8,0,29,0,18,0,0,0,14,0,29,0,49,0,0,0,0,0,7,0,0,0,1,0,0,0,0,0,0,0,13,0,0,0,0,0,2,0,0,0,0,0,0,0,0,0,0,0,0,0,0,0,0,0,5,0,5,0,0,0,0,0,0,1,0,0,0,0,0,0,0,0,6,0,8,0,0,0,41,0,1,0,3,0,0,0,0,0,1,0,0,0,0,0,0,0,0,0,45,0,0,0,0,0,31,0,0,0,0,0,0,0,0,0,0,0,0,0,0,0,42,8,70,0,15,21,20,0,1,0,0,0,0,0,0
0,0,0,0,0,0,0,0,0,0,0,0,0,0,0,0,0,0,0,0,0,0,0,0,0,0,0,0,0,0,0,0,0,0,0,0,0,0,0,0,0,0,0,0,0,23,0,0,0,7,0,4,0,0,0,5,0,0,0,0,0,0,0,0,0,0,0,0,0,51,0,4,0,81,0,21,0,0,0,38,0,94,0,71,0,0,0,132,0,21,0,6,0,85,0,95,0,0,0,39,0,35,0,82,0,0,0,0,0,5,0,0,0,0,0,0,0,17,0,0,0,11,0,5,0,8,6,0,0,0,0,0,0,0,0,0,0,0,0,0,2,3,0,0,0,0,0,0,0,0,0,0,0,0,0,0,0,2,0,0,0,0,0,5,0,0,0,0,0,101,0,3,0,2,0,0,0,0,0,0,0,0,0,0,0,0,0,0,0,0,0,0,0,0,0,66,0,0,0,0,0,0,0,0,0,0,0,0,0,0,0,0,0,0,28,0,0,0,47,12,177,0,80,0,0
0,0,0,0,0,0,0,0,0,0,0,0,0,0,0,0,0,0,0,0,0,0,0,0,0,0,0,0,0,0,0,0,0,0,0,0,0,0,0,0,0,0,0,0,0,0,0,0,0,0,0,0,0,0,0,0,0,0,4,0,0,0,0,0,0,0,0,0,41,0,115,0,177,0,226,0,47,0,0,0,19,0,28,0,87,0,37,0,0,0,1,0,37,0,7,0,17,0,12,0,3,0,11,0,0,0,4,0,1,0,0,0,0,0,0,0,0,0,0,0,84,0,38,0,0,0,0,0,0,0,0,0,0,0,63,0,0,0,0,0,29,0,115,0,19,0,0,0,0,0,58,0,0,0,0,0,0,0,0,0,0,0,30,0,8,0,0,0,37,0,7,0,0,0,3,0,0,0,0,0,0,0,0,0,0,0,0,0,0,0,0,0,0,0,11,0,0,0,0,0,60,0,0,0,0,0,0,0,0,0,128,9,52,0,31,16,2,1,0,0,0,0,0,0,0
0,0,0,0,0,0,0,0,0,0,0,0,0,0,0,0,0,0,0,0,0,6,0,0,0,0,0,0,0,0,0,0,0,0,0,0,0,0,0,0,0,0,0,0,0,0,0,0,0,0,0,0,0,0,0,0,0,0,0,0,0,0,0,0,0,0,0,0,0,0,0,0,0,85,0,78,0,38,0,0,0,0,0,4,0,25,0,41,0,0,0,0,0,0,0,1,0,0,0,0,0,0,0,0,0,0,0,0,0,0,0,0,0,0,0,0,0,0,0,0,0,13,0,48,0,24,0,0,0,0,0,0,0,0,0,84,0,0,0,3,0,8,0,19,0,14,0,0,0,22,0,0,0,0,0,0,0,0,0,0,0,0,0,8,0,0,0,0,0,7,0,3,0,0,0,0,0,0,0,0,0,0,0,0,0,0,0,0,0,0,0,0,0,0,0,0,0,0,0,41,0,38,6,0,0,0,0,0,0,0,0,0,2,0,4,0,0,0,11,0,0,0,2,1,0
