0,108,40,77,75,19,20,36,52,0,118,11,91,0,5,40,40,12,0,1,14,1,0,61,16,50,17,0,65,0,0,0,114,0,0,0,50,0,305,0,19,0,0,0,0,0,27,0,32,0,4,0,0,0,0,0,0,0,0,0,56,0,71,0,11,0,11,0,0,0,0,0,0,0,0,0,0,0,0,0,0,0,0,0,0,0,0,0,0,0,0,0,0,0,0,0,0,0,0,0,0,0,0,0,0,0,0,0,0,0,0,0,0,0,0,0,0,0,0,0,0,0,0,0,3,0,0,0,0,0,3,0,0,0,2,0,0,0,0,0,0,0,0,0,0,0,6,0,4,0,0,0,17,0,6,0,0,0,0,0,0,0,3,0,8,0,0,0,43,0,0,0,271,0,4,0,171,94,40,0,7,0,156,0,50,0,0,0,0,0,0,0,0,0,0,0,0,0,0,0,2,0,0,0,0,0,0,0,5,0,670,92,174,149,334,2,0,0,16,0,0,0,0,0,0
108,0,160,30,0,268,55,30,25,24,13,192,0,85,0,54,77,66,0,98,0,27,245,86,295,46,0,137,0,138,0,15,0,71,0,0,0,54,0,342,0,17,0,0,0,0,0,31,0,0,0,0,0,74,0,29,0,0,0,0,0,496,15,319,0,23,0,0,0,1,0,3,0,0,0,0,0,0,0,0,0,0,0,0,0,0,0,0,0,0,0,0,0,0,0,0,0,0,0,0,0,0,0,0,0,0,0,0,0,0,0,0,0,0,0,0,0,0,0,0,0,0,0,0,0,0,0,0,0,0,0,0,0,0,0,4,0,0,0,0,0,0,0,0,0,0,0,0,0,0,0,21,0,75,0,0,0,13,0,3,0,0,0,7,0,3,0,0,0,15,0,11,0,51,0,7,46,706,0,15,0,66,0,79,0,69,1,2,0,0,0,0,0,0,0,0,0,0,0,0,0,0,0,0,0,0,0,0,0,0,0,0,0,0,464,0,0,0,983,181,230,154,3,0,0
40,160,0,92,202,87,62,0,73,0,25,46,128,0,150,73,92,6,53,0,162,0,519,107,13,30,90,0,185,0,91,0,442,0,0,0,105,0,389,0,21,0,0,0,9,0,26,0,53,0,0,0,10,0,31,0,0,0,0,1,0,0,20,0,16,0,36,0,0,0,0,0,0,0,0,0,0,0,0,0,0,0,0,0,0,0,4,0,0,0,0,0,0,0,0,0,0,0,0,0,0,0,0,0,0,0,0,0,0,0,0,0,0,0,0,0,0,0,0,0,0,0,0,0,100,0,74,0,0,0,76,0,23,0,198,0,48,0,0,0,0,0,58,0,0,0,105,0,67,0,30,0,43,0,0,0,0,0,7,0,35,0,0,0,0,0,57,0,46,0,7,0,244,0,2,0,140,111,1,0,10,0,20,0,57,0,0,0,0,0,0,0,0,0,0,0,0,0,18,0,0,0,0,0,10,0,0,0,79,0,475,60,216,217,462,0,0,0,0,0,0,0,0,0,0
77,30,92,0,0,70,0,50,9,2,14,0,0,11,0,314,48,34,0,95,0,136,205,120,127,91,0,25,3,256,0,38,0,243,0,0,0,25,9,429,0,0,0,0,0,0,0,0,0,4,0,0,0,4,0,69,0,7,0,4,0,105,5,40,0,2,0,0,0,2,0,0,0,0,0,0,0,0,0,0,0,0,0,0,0,0,0,0,0,0,0,0,0,0,0,0,0,0,0,0,0,0,0,0,0,0,0,0,0,0,0,0,0,0,0,0,0,0,0,0,0,0,0,0,0,0,0,0,0,0,0,47,0,0,0,82,0,77,0,3,0,0,0,0,0,0,0,0,0,24,0,17,0,0,0,14,0,0,0,6,0,0,0,10,0,5,0,0,0,36,0,0,0,62,0,0,6,90,0,11,3,0,0,0,0,0,0,0,0,0,0,0,0,0,0,0,0,0,0,0,0,0,0,0,0,0,0,0,0,44,0,0,0,0,236,0,0,0,257,55,238,132,1,48,3
75,0,202,0,0,222,5,0,51,0,103,41,316,87,236,117,34,0,78,177,285,26,127,3,0,0,127,0,0,0,236,4,437,0,156,7,497,0,52,0,60,8,0,0,8,0,53,0,32,0,202,0,13,0,0,0,0,0,0,0,0,0,0,0,6,0,4,0,0,0,0,0,0,0,0,0,0,0,1,0,0,0,0,0,0,0,0,0,0,0,0,0,0,0,0,0,0,0,0,0,0,0,0,0,0,0,0,0,0,0,0,0,0,0,0,0,0,0,2,0,11,0,0,0,7,0,0,0,0,0,0,0,0,0,21,0,0,0,0,0,0,0,0,0,0,0,23,0,13,0,25,0,35,0,0,0,5,0,0,0,0,0,0,0,138,0,123,0,56,0,6,0,45,0,18,0,336,105,147,2,67,0,56,0,69,0,13,4,0,0,0,0,0,0,0,0,0,0,0,0,0,0,0,0,0,0,0,0,10,0,368,209,453,143,273,0,0,0,0,0,0,0,0,0,0
19,268,87,70,222,0,0,21,0,30,115,184,64,191,525,251,24,0,46,223,122,268,319,47,0,0,0,239,0,0,0,152,23,406,0,179,0,236,0,0,0,18,0,0,0,10,0,56,0,5,0,30,0,0,0,0,0,0,0,0,1,0,0,0,0,0,0,5,0,0,0,8,0,0,0,0,0,0,0,0,0,0,0,0,0,0,0,0,0,0,0,0,0,0,0,0,0,0,0,0,0,0,0,2,0,0,0,0,0,0,0,0,0,0,0,0,0,0,0,0,0,35,0,0,0,23,0,0,0,0,0,0,0,0,0,0,0,0,0,0,0,0,0,0,0,0,0,0,0,22,0,28,0,0,0,8,0,2,0,0,0,0,0,2,0,33,0,100,0,70,0,6,0,50,0,0,101,638,0,57,0,36,0,30,0,31,0,1,0,0,0,0,0,0,0,0,0,0,0,0,0,0,0,0,0,0,0,0,0,21,16,0,0,0,255,0,0,1,473,190,374,176,0,0,0
20,55,62,0,5,0,0,0,114,0,1,0,0,0,0,0,6,0,0,0,0,0,11,2,243,49,0,0,16,0,0,0,6,0,0,0,0,0,91,0,0,0,0,0,0,0,0,0,23,0,0,0,45,0,117,0,7,0,23,0,237,0,300,0,41,0,41,0,0,0,0,0,0,0,0,0,0,0,0,0,0,0,0,0,0,0,0,0,0,0,0,0,0,0,0,0,0,0,0,1,0,0,0,0,0,0,0,0,0,0,0,0,0,0,0,0,0,0,0,0,0,0,0,0,80,0,39,0,4,0,105,0,23,0,13,0,7,0,0,0,0,0,0,0,0,0,31,0,36,0,5,0,0,0,0,0,0,0,0,0,19,0,0,1,0,0,0,0,67,0,78,0,311,0,1,0,45,41,0,0,0,0,2,0,7,0,0,0,0,0,1,0,0,0,0,0,0,0,0,0,0,0,0,0,0,0,0,0,34,0,651,78,307,312,753,0,40,22,0,0,0,0,0,0,0
36,30,0,50,0,21,0,0,127,40,0,0,0,0,0,53,0,14,0,0,0,0,0,8,250,185,0,0,0,71,0,0,0,0,0,0,0,0,0,95,0,0,0,0,0,0,0,0,0,0,0,0,24,94,50,234,0,18,0,33,0,252,92,400,0,4,0,8,0,4,0,0,0,8,0,0,0,0,0,0,0,0,0,0,0,0,0,0,0,0,0,0,0,0,0,0,0,0,0,0,0,0,0,0,0,0,0,0,0,0,0,0,0,0,0,0,0,0,0,0,0,0,0,0,0,49,0,26,0,0,0,110,0,0,0,18,0,20,0,3,0,0,0,0,0,0,0,7,0,26,0,17,0,0,0,16,0,0,0,0,0,24,0,13,0,12,0,0,0,28,0,17,0,40,0,0,30,130,0,0,0,0,0,16,0,0,0,0,0,0,0,0,0,0,0,0,0,1,0,0,0,0,0,0,0,0,0,17,0,37,0,0,0,0,772,0,0,0,709,80,345,371,0,177,11
52,25,73,9,51,0,114,127,0,290,15,0,30,0,24,0,8,3,12,0,0,0,0,0,80,84,21,0,0,0,0,0,0,0,0,0,4,0,0,0,0,0,0,0,0,0,11,0,24,0,0,0,337,38,142,348,7,63,24,0,192,7,461,0,37,0,64,154,0,0,0,0,0,0,0,0,0,0,0,0,0,0,0,0,0,0,0,0,1,0,0,0,0,0,0,0,0,0,0,0,0,1,0,0,0,0,0,0,0,0,0,0,0,0,0,0,0,0,0,0,0,0,0,0,15,0,5,0,0,0,23,0,0,0,0,0,0,0,0,0,0,0,0,0,0,0,15,0,30,0,17,0,24,0,32,0,0,0,0,0,5,0,0,0,6,0,0,0,72,0,164,0,150,0,11,0,172,73,0,0,13,0,4,0,244,30,0,0,0,0,0,0,0,0,0,0,0,0,0,0,0,0,0,0,2,0,0,0,9,0,843,197,285,257,627,5,0,7,0,7,0,0,0,0,0
0,24,0,2,0,30,0,40,290,0,0,2,0,11,0,5,4,3,0,33,0,0,0,1,127,11,0,37,0,5,0,0,0,0,0,0,0,0,0,0,0,0,0,0,0,4,0,3,0,0,0,0,88,310,247,239,0,55,87,46,0,83,88,341,0,211,29,76,0,0,0,0,0,0,0,0,0,0,0,0,0,0,0,0,0,0,0,0,0,0,0,0,0,0,0,0,0,0,0,0,0,0,0,0,0,0,0,0,0,0,0,0,0,0,0,0,0,0,0,0,0,0,0,0,0,91,0,41,0,0,0,147,0,0,0,17,0,12,0,2,0,0,0,0,0,9,0,17,0,84,0,59,0,58,0,54,0,70,0,14,0,40,0,0,0,1,0,0,0,9,0,18,0,5,0,0,26,269,0,0,0,0,0,16,49,134,0,0,0,0,0,0,0,0,0,0,0,0,0,0,0,0,0,0,0,0,0,13,0,26,5,0,0,0,765,0,0,0,662,139,124,252,3,0,4
118,13,25,14,103,115,1,0,15,0,0,0,278,4,39,94,32,0,7,23,57,0,43,9,0,0,0,0,7,0,67,0,190,0,16,0,113,0,34,0,27,0,0,0,0,0,40,2,11,0,9,0,0,0,1,0,0,0,0,0,0,0,5,0,0,0,0,0,0,0,0,0,0,0,0,0,0,0,0,0,0,0,0,0,0,0,0,0,0,0,0,0,0,0,0,0,0,0,0,0,0,0,0,0,0,0,0,0,0,0,0,0,0,0,0,0,0,0,0,0,0,0,0,0,0,0,0,0,0,0,3,0,1,0,0,0,2,0,0,0,0,0,0,0,0,0,0,0,0,0,0,0,10,0,0,0,0,0,0,0,0,0,0,0,21,0,0,0,19,0,0,0,12,0,9,0,116,22,72,0,65,0,37,0,13,0,2,0,0,0,0,0,0,0,0,0,0,0,0,0,0,0,0,0,0,0,0,0,0,0,244,79,138,78,109,0,0,0,8,1,0,0,0,0,0
11,192,46,0,41,184,0,0,0,2,0,0,4,226,82,63,0,0,3,51,11,104,107,96,0,0,0,147,0,0,0,60,0,266,0,80,0,148,0,48,0,77,0,11,0,11,0,80,0,0,1,15,0,2,0,0,0,0,0,0,0,8,0,0,0,0,0,0,0,0,0,3,0,1,0,0,0,0,0,0,0,12,0,0,0,0,0,0,0,0,0,0,0,0,0,0,0,0,0,0,0,0,0,0,0,0,0,0,0,0,0,0,0,0,0,0,0,0,0,0,0,12,0,0,0,0,0,0,0,0,0,0,0,0,0,0,0,0,0,0,0,10,0,0,0,10,0,0,0,6,0,0,0,43,0,4,0,0,0,0,0,0,0,0,0,9,0,0,0,6,0,4,0,13,0,10,22,403,0,59,0,45,0,42,0,21,0,9,0,0,0,0,0,0,0,0,0,0,0,0,0,0,0,0,0,0,0,0,0,0,0,3,0,0,125,0,0,0,309,132,97,74,1,0,1
91,0,128,0,316,64,0,0,30,0,278,4,0,201,32,3,0,0,87,126,102,47,0,0,1,0,153,551,0,0,28,0,11,0,121,0,75,0,0,0,296,137,188,76,58,55,182,180,70,0,344,0,0,0,0,0,0,0,0,0,0,0,0,0,0,0,0,0,0,0,0,0,0,0,0,0,0,0,0,0,0,0,0,0,17,0,0,0,0,0,0,0,0,0,0,0,0,0,0,0,0,0,0,0,0,0,0,0,0,0,0,0,0,0,0,0,0,0,0,0,0,0,0,0,0,0,0,0,0,0,0,0,0,0,0,0,0,0,0,0,0,0,0,0,0,0,5,0,0,0,0,0,0,0,0,0,0,0,0,0,0,0,0,0,82,0,13,1,0,0,2,0,3,0,0,0,282,111,149,0,0,0,22,0,32,0,239,19,0,0,0,0,0,0,0,0,0,0,0,0,0,0,0,0,0,0,0,0,0,0,56,235,316,0,31,0,0,14,0,0,0,0,0,0,0
0,85,0,11,87,191,0,0,0,11,4,226,201,0,180,0,0,0,275,111,109,180,0,0,0,0,34,145,0,0,0,15,0,0,0,270,8,50,0,0,12,202,0,114,5,21,0,153,2,9,57,225,0,0,0,0,0,0,0,0,0,0,0,0,0,0,0,0,0,0,0,0,0,0,0,0,0,0,0,0,0,5,0,0,0,8,0,0,0,0,0,0,0,0,0,1,0,2,0,0,0,0,0,0,0,0,0,0,0,0,0,0,0,0,0,0,0,0,0,0,0,0,0,0,0,0,0,0,0,0,0,0,0,0,0,0,0,0,0,0,0,0,0,0,0,1,0,0,0,0,0,0,0,0,0,0,0,0,0,0,0,0,0,0,6,28,0,11,0,15,0,0,0,0,0,0,44,333,0,73,0,23,0,13,0,19,0,54,0,0,0,0,0,0,0,0,0,0,0,0,0,0,0,0,0,0,0,0,0,0,0,0,0,0,0,0,0,0,74,84,220,0,0,0,0
5,0,150,0,236,525,0,0,24,0,39,82,32,180,0,173,22,0,290,366,196,83,204,2,19,0,117,96,0,0,86,0,54,0,108,36,111,15,0,0,0,0,0,0,0,0,9,0,11,0,38,0,0,0,16,1,0,0,0,0,0,0,8,0,0,0,0,0,0,0,4,0,0,0,0,0,1,0,0,0,0,0,0,0,0,0,0,0,0,0,0,0,0,0,0,0,0,0,60,0,0,0,0,0,0,0,0,0,0,0,0,0,0,0,0,0,0,0,0,0,7,0,0,0,0,0,0,0,0,0,0,0,0,0,33,0,43,0,0,0,0,0,0,0,0,0,0,0,12,0,0,0,0,0,8,0,0,0,0,0,0,0,0,0,40,0,38,0,0,0,0,0,0,0,0,0,195,87,25,0,0,0,41,0,56,0,3,21,0,0,0,0,0,0,0,0,0,0,0,0,0,0,0,0,0,0,0,0,0,0,96,126,119,22,74,0,4,5,0,0,10,0,0,0,0
40,54,73,314,117,251,0,53,0,5,94,63,3,0,173,0,19,8,0,313,26,189,243,149,34,10,0,80,0,14,0,73,22,158,0,36,0,86,0,22,0,0,0,9,0,1,0,0,0,2,0,8,0,11,0,23,0,0,0,0,0,0,0,0,0,26,0,0,0,0,0,0,0,0,0,0,0,0,0,0,0,30,0,0,0,50,0,0,0,0,0,0,0,0,0,0,0,0,0,0,0,0,0,0,0,0,0,0,0,0,0,0,0,0,0,0,0,0,0,0,0,0,0,0,0,46,0,19,0,0,0,92,0,0,0,106,0,130,0,0,0,0,0,44,0,4,0,0,0,50,0,33,0,0,0,24,0,0,0,0,0,0,0,2,0,7,0,49,0,40,0,5,2,42,0,0,18,85,7,55,0,0,5,2,0,15,0,0,0,0,0,0,0,0,0,0,0,0,0,0,0,74,0,0,0,0,0,34,0,60,17,0,0,0,94,0,0,0,209,94,151,52,0,10,0
40,77,92,48,34,24,6,0,8,4,32,0,0,0,22,19,0,4,50,0,244,0,106,44,59,39,82,0,240,1,68,0,196,0,28,0,38,0,175,0,0,0,0,0,4,0,0,0,19,0,15,0,71,0,26,0,0,0,7,0,34,0,380,0,0,0,0,0,0,0,23,0,0,0,15,0,0,0,0,0,56,0,0,0,214,0,60,0,0,0,39,0,0,0,0,0,119,0,361,0,74,0,0,0,0,0,141,0,0,0,0,0,0,0,0,0,0,0,0,0,93,0,91,0,0,0,0,0,77,0,0,0,20,0,0,0,208,0,119,0,87,0,366,0,7,0,0,0,0,0,0,0,0,0,116,0,1,0,180,0,33,0,2,0,0,0,15,0,26,0,6,0,158,0,0,0,24,24,2,0,0,0,11,0,1,0,0,0,0,0,0,0,0,0,1,0,0,0,0,0,145,0,0,0,0,0,0,0,0,0,111,70,104,73,109,0,11,0,0,2,4,0,0,0,0
12,66,6,34,0,0,0,14,3,3,0,0,0,0,0,8,4,0,0,14,0,129,20,62,32,189,0,0,0,62,0,37,0,21,0,9,0,6,0,55,0,0,0,0,0,0,0,0,0,0,0,0,0,34,0,53,0,45,0,9,2,25,2,183,0,0,0,0,0,0,0,0,0,0,0,0,0,0,0,0,0,36,0,0,0,106,0,34,0,0,0,42,0,0,0,0,0,31,0,0,0,59,0,0,0,5,0,0,0,0,0,0,0,0,0,0,0,0,0,0,0,8,0,8,0,0,0,0,0,48,0,0,0,0,0,90,0,164,0,77,0,60,0,165,0,0,0,0,0,0,0,0,0,0,0,67,0,0,0,44,0,47,0,0,0,0,0,0,0,0,0,1,0,8,0,0,2,18,0,22,0,0,0,0,0,0,0,0,0,0,0,0,0,0,0,0,0,0,0,0,0,0,0,0,0,0,0,0,0,0,0,0,2,0,0,0,0,0,0,7,25,10,0,2,0
0,0,53,0,78,46,0,0,12,0,7,3,87,275,290,0,50,0,0,158,333,70,197,0,0,0,146,438,0,0,15,0,0,0,160,25,28,0,1,0,9,38,102,27,6,0,9,84,21,0,346,0,0,0,0,0,0,0,0,0,0,0,0,0,0,0,0,0,0,0,10,0,0,0,5,0,0,0,0,0,0,0,0,0,0,0,0,0,0,0,0,0,0,0,0,0,0,0,0,0,0,0,0,0,0,0,0,0,0,0,0,0,0,0,0,0,0,0,0,0,0,0,0,0,0,0,0,0,0,0,0,0,0,0,0,0,0,0,0,0,0,0,0,0,0,0,0,0,0,0,0,0,0,0,0,0,0,0,0,0,0,0,0,0,143,0,0,0,16,0,3,0,0,0,0,0,66,88,8,0,0,0,19,0,0,0,5,40,0,0,0,0,0,0,0,0,0,0,0,0,0,0,0,0,0,0,0,0,0,0,32,90,212,0,24,0,0,3,0,0,0,0,0,0,0
1,98,0,95,177,223,0,0,0,33,23,51,126,111,366,313,0,14,158,0,144,312,0,63,0,0,0,229,0,2,0,34,0,15,0,220,0,69,0,2,0,7,0,66,0,21,0,42,0,3,40,134,0,0,0,0,0,0,0,0,0,0,0,0,0,57,0,3,0,0,0,0,0,0,0,0,0,0,0,0,0,0,0,0,0,0,0,0,0,0,0,0,0,0,0,0,0,0,0,0,0,0,0,0,0,0,0,0,0,0,0,0,0,0,0,0,0,0,0,0,0,27,0,0,0,0,0,0,0,0,0,0,0,0,0,0,0,0,0,0,0,0,0,0,0,0,3,0,0,64,0,54,0,0,0,0,0,0,0,0,0,0,0,6,0,43,0,63,0,27,0,2,0,7,0,1,31,115,21,24,0,0,0,22,0,50,0,1,0,0,0,0,0,0,0,0,0,1,0,0,0,0,0,0,0,0,0,0,0,0,0,0,0,0,66,0,0,0,206,110,212,52,0,7,0
14,0,162,0,285,122,0,0,0,0,57,11,102,109,196,26,244,0,333,144,0,28,157,0,19,0,186,100,56,0,62,3,57,0,122,0,99,0,0,0,3,11,10,0,13,0,0,0,20,0,120,0,8,0,0,0,0,0,0,0,0,0,92,0,0,0,0,0,0,0,43,0,0,0,16,0,0,0,0,0,47,0,0,0,127,0,65,0,0,0,30,0,0,0,0,0,0,0,371,0,0,0,0,0,0,0,0,0,0,0,0,0,0,0,0,0,0,0,0,0,108,0,80,0,0,0,0,0,0,0,0,0,0,0,0,0,67,0,94,0,106,0,255,0,0,0,0,0,0,0,0,0,0,0,16,0,0,0,37,0,0,0,9,0,130,0,115,0,52,0,0,0,29,0,0,0,38,24,35,0,0,0,0,0,0,0,0,17,0,0,0,0,0,0,0,0,0,0,0,0,0,0,0,0,0,0,0,0,0,0,116,147,318,68,80,0,0,6,0,0,0,0,0,0,0
1,27,0,136,26,268,0,0,0,0,0,104,47,180,83,189,0,129,70,312,28,0,6,95,0,27,0,194,0,41,0,64,1,91,0,104,0,42,0,25,0,10,0,40,0,44,0,25,1,15,0,50,0,21,0,62,0,0,0,0,0,2,0,117,0,0,0,0,0,0,0,15,0,0,0,0,0,0,0,0,0,0,0,0,0,228,0,0,0,0,0,0,0,0,0,0,0,0,0,0,0,0,0,0,0,0,0,0,0,0,0,0,0,0,0,0,0,0,0,0,0,0,0,0,0,0,0,0,0,0,0,32,0,62,0,96,0,248,0,226,0,279,0,368,0,88,0,0,0,10,0,0,0,0,0,85,0,5,0,50,0,40,0,5,0,28,0,46,0,47,0,0,0,21,0,0,0,57,2,55,0,0,0,5,0,0,0,19,0,0,0,0,0,0,0,0,0,0,0,0,0,0,0,0,0,0,0,0,0,0,0,0,0,0,67,0,0,0,174,118,244,51,0,9,2
0,245,519,205,127,319,11,0,0,0,43,107,0,0,204,243,106,20,197,0,157,6,0,162,105,33,165,0,34,0,42,0,109,19,28,0,28,9,63,0,24,0,0,0,0,0,31,0,7,0,0,0,13,0,157,0,0,0,22,0,5,0,37,1,0,0,0,0,0,0,7,0,0,0,8,0,0,0,0,0,24,0,0,0,120,0,0,0,0,0,21,0,0,0,0,0,0,0,0,0,0,0,0,0,0,0,108,0,0,0,0,0,0,0,0,0,0,0,0,0,13,0,0,0,0,0,0,0,0,0,8,0,29,0,140,0,247,0,0,0,0,0,149,0,0,0,32,0,9,0,0,0,41,0,52,0,0,0,0,0,43,0,9,0,10,0,18,0,24,0,6,0,86,3,0,0,217,149,11,4,6,0,20,0,19,0,0,0,0,0,0,0,0,0,0,0,0,0,0,0,139,0,0,0,0,0,0,0,37,0,148,54,75,53,109,0,0,13,26,9,0,0,0,0,0
61,86,107,120,3,47,2,8,0,1,9,96,0,0,2,149,44,62,0,63,0,95,162,0,58,29,0,20,0,47,0,10,3,41,0,4,0,7,0,60,0,0,0,0,0,0,0,0,1,0,1,0,0,3,0,25,0,11,0,7,0,26,0,47,0,0,0,0,0,0,0,0,0,0,0,0,0,0,0,0,0,66,0,0,0,120,0,52,0,0,0,39,0,0,0,0,0,36,0,59,0,0,0,0,0,9,0,0,0,0,0,0,0,0,0,0,0,0,0,0,0,26,0,0,0,0,1,0,0,0,0,14,0,0,0,109,0,158,0,34,0,50,0,141,0,0,0,0,0,0,0,0,0,0,0,18,0,0,0,0,0,18,0,0,0,4,0,16,0,12,0,3,5,37,0,0,0,109,0,210,0,0,12,0,0,0,0,0,0,0,0,0,0,0,0,0,0,0,0,4,0,41,0,0,0,0,0,0,0,0,0,0,0,0,72,0,0,0,127,96,154,58,0,12,0
16,295,13,127,0,0,243,250,80,127,0,0,1,0,19,34,59,32,0,0,19,0,105,58,0,359,7,0,14,4,1,0,0,0,0,0,0,0,23,0,0,0,0,0,0,0,1,0,4,0,3,0,18,20,148,142,22,0,27,0,23,22,35,66,0,0,0,0,0,0,2,0,0,0,0,0,0,0,0,0,0,0,0,0,0,0,0,0,0,0,0,0,0,0,0,0,47,0,0,0,0,0,0,0,0,0,67,0,0,0,0,0,0,0,0,0,0,0,0,0,0,0,0,0,0,0,14,0,23,0,0,0,20,0,136,2,186,0,0,0,0,0,134,0,0,0,13,0,0,0,9,0,8,0,55,0,0,0,98,0,44,0,4,0,0,0,1,0,12,0,5,0,74,0,0,0,27,99,0,0,0,0,1,0,2,0,0,0,0,0,0,0,0,0,0,0,0,0,0,0,120,0,0,0,0,0,0,0,20,0,84,39,73,63,87,0,10,4,30,0,4,0,0,3,0
50,46,30,91,0,0,49,185,84,11,0,0,0,0,0,10,39,189,0,0,0,27,33,29,359,0,0,0,0,77,0,0,0,4,0,0,0,0,0,54,0,0,0,0,0,0,0,0,0,0,0,0,5,15,0,225,0,32,0,18,7,109,95,174,0,0,0,0,0,0,0,0,0,0,0,0,0,0,0,0,0,0,0,0,0,25,0,0,0,0,0,0,0,0,0,0,0,24,0,0,0,0,0,0,0,0,0,0,0,0,0,0,0,0,0,0,0,0,0,0,0,3,0,0,0,64,0,13,0,0,0,104,0,49,0,234,0,257,0,49,0,0,0,65,0,0,0,16,0,10,0,20,1,0,0,93,0,0,0,21,0,47,0,2,0,0,0,0,0,13,0,4,0,19,0,0,21,48,0,1,0,0,0,0,0,0,0,0,0,0,0,0,0,0,0,0,0,0,0,22,0,108,0,0,0,14,0,33,0,81,13,6,0,4,70,0,0,0,118,43,62,36,0,23,0
17,0,90,0,127,0,0,0,21,0,0,0,153,34,117,0,82,0,146,0,186,0,165,0,7,0,0,265,36,0,33,0,6,0,38,0,39,0,0,0,35,90,318,34,182,44,84,131,63,0,203,0,0,0,0,0,0,0,0,0,0,0,28,0,0,0,2,0,0,0,59,0,0,0,0,0,0,0,0,0,0,0,0,0,0,0,0,0,0,0,0,0,0,0,0,0,0,0,0,0,0,0,0,0,0,0,0,0,0,0,0,0,0,0,0,0,0,0,0,0,0,0,0,0,0,0,6,0,0,0,0,0,0,0,0,0,0,0,0,0,66,0,0,0,0,0,0,0,0,0,0,0,0,0,0,0,0,0,0,0,0,0,0,0,165,0,22,0,31,0,0,0,20,0,0,0,17,20,7,0,0,0,9,0,22,0,45,9,0,0,0,0,0,0,0,0,0,0,0,0,0,0,0,0,0,0,0,0,0,0,0,169,262,12,14,0,0,31,0,0,0,0,0,0,0
0,137,0,25,0,239,0,0,0,37,0,147,551,145,96,80,0,0,438,229,100,194,0,20,0,0,265,0,0,0,2,16,0,7,0,108,0,23,0,0,164,57,136,269,24,290,35,260,7,65,204,266,0,0,0,0,0,0,0,0,0,0,0,0,0,0,0,2,0,1,0,0,0,0,0,0,0,0,0,0,0,0,0,0,0,0,0,0,0,0,0,0,0,0,0,0,0,0,0,0,0,0,0,5,0,0,0,0,0,0,0,0,0,0,0,0,0,0,0,0,0,0,0,0,0,0,0,10,0,0,0,0,0,0,0,0,0,0,0,0,0,0,0,0,0,0,0,0,0,0,0,0,0,0,0,0,0,0,0,7,0,0,0,0,0,96,0,0,0,29,0,0,0,0,0,0,33,254,7,24,0,0,0,10,0,45,22,14,0,0,0,0,0,0,0,0,0,0,0,0,0,0,0,0,0,0,0,0,0,22,2,0,0,0,0,0,0,0,54,217,449,25,0,0,22
65,0,185,3,0,0,16,0,0,0,7,0,0,0,0,0,240,0,0,0,56,0,34,0,14,0,36,0,0,0,44,0,47,0,26,0,25,0,9,0,0,0,4,0,0,0,0,0,0,0,18,0,8,0,0,0,0,0,0,0,7,0,18,0,0,0,0,0,0,0,0,0,0,0,0,0,0,0,2,0,0,0,0,0,0,0,11,0,0,0,0,0,0,0,0,0,0,0,53,0,0,0,0,0,0,0,0,0,0,0,0,0,0,0,0,0,0,0,0,0,26,0,16,0,0,0,0,0,9,0,0,0,1,0,0,0,17,0,69,0,44,0,78,0,10,0,0,0,0,0,0,0,0,0,7,0,0,0,30,0,0,0,0,0,0,0,0,0,0,0,1,0,0,0,0,0,10,0,0,0,0,0,7,0,0,0,0,0,0,0,0,0,0,0,0,0,0,0,0,0,0,0,0,0,0,0,0,0,0,0,9,9,0,0,0,0,0,0,0,0,0,0,0,0,0
0,138,0,256,0,0,0,71,0,5,0,0,0,0,0,14,1,62,0,2,0,41,0,47,4,77,0,0,0,0,0,20,0,36,0,10,0,5,0,61,0,0,0,0,0,0,0,0,0,0,0,0,0,20,0,49,0,13,0,2,0,25,0,65,0,0,0,0,0,0,0,0,0,0,0,0,0,0,0,0,0,6,0,0,0,0,0,0,0,0,0,0,0,0,0,0,0,0,0,0,0,0,0,0,0,0,0,0,0,0,0,0,0,0,0,0,0,0,0,0,0,10,0,0,0,0,0,0,0,0,0,0,0,0,0,24,0,0,0,55,0,32,0,63,0,12,0,0,0,0,0,1,0,0,0,23,0,10,0,20,0,0,0,0,0,0,0,2,0,3,0,0,0,4,0,0,0,20,0,10,0,0,0,6,0,0,0,0,0,0,0,0,0,0,0,0,0,0,0,0,0,9,0,0,0,0,0,0,0,0,0,0,0,0,5,0,0,0,10,3,8,0,0,0,0
0,0,91,0,236,0,0,0,0,0,67,0,28,0,86,0,68,0,15,0,62,0,42,0,1,0,33,2,44,0,0,0,2,0,18,0,40,0,1,0,0,0,9,0,5,0,0,0,0,0,32,0,0,0,0,0,0,0,0,0,0,0,35,0,0,0,0,0,0,0,0,0,4,0,5,0,0,0,0,0,0,0,0,0,0,0,0,0,0,0,0,0,0,0,0,0,0,0,0,0,0,0,0,0,0,0,0,0,0,0,0,0,0,0,0,0,0,0,0,0,0,0,0,0,0,0,0,0,0,0,0,0,0,0,0,0,0,0,0,0,67,0,0,0,0,0,0,0,0,0,2,0,0,0,0,0,0,0,0,0,0,0,2,0,0,0,6,0,4,0,0,0,4,0,0,0,0,0,26,0,0,0,14,0,0,0,0,0,0,0,0,0,0,0,0,0,0,0,0,0,0,0,0,0,0,0,0,0,0,0,0,7,27,0,0,0,0,0,0,0,0,0,0,0,0
0,15,0,38,4,152,0,0,0,0,0,60,0,15,0,73,0,37,0,34,3,64,0,10,0,0,0,16,0,20,0,0,0,9,0,16,0,18,0,6,0,0,0,14,0,0,0,0,0,0,0,10,0,0,0,12,0,0,0,0,0,0,0,16,0,0,0,0,0,0,0,0,0,0,0,0,0,0,0,0,0,0,0,0,0,30,0,0,0,0,0,0,0,0,0,0,0,0,0,0,0,0,0,0,0,0,0,0,0,0,0,0,0,0,0,0,0,0,0,0,0,0,0,0,0,0,0,0,0,0,0,0,0,0,0,0,0,32,0,47,0,0,0,74,0,16,0,0,0,0,0,0,0,0,0,15,0,0,0,10,0,0,0,0,0,0,0,12,0,5,0,0,0,0,0,0,0,13,0,33,0,0,0,0,0,0,0,0,0,0,0,0,0,0,0,0,0,0,0,0,0,0,0,0,0,0,0,0,0,0,0,0,0,0,0,0,0,0,14,6,0,0,0,0,0
114,0,442,0,437,23,6,0,0,0,190,0,11,0,54,22,196,0,0,0,57,1,109,3,0,0,6,0,47,0,2,0,0,0,6,0,254,0,2,0,0,0,3,0,0,0,0,0,0,0,19,0,0,0,0,0,0,0,0,0,39,0,59,0,0,0,0,0,0,0,18,0,0,0,8,0,0,0,0,0,0,0,0,0,46,0,0,0,0,0,0,0,0,0,0,0,0,0,0,0,0,0,0,0,0,0,0,0,0,0,0,0,0,0,0,0,0,0,0,0,0,0,28,0,0,0,0,0,0,0,0,0,0,0,0,0,0,0,77,0,0,0,86,0,20,0,0,0,0,0,0,0,0,0,0,0,7,0,0,0,0,0,0,0,10,0,80,0,13,0,0,0,24,0,0,0,66,6,44,0,0,0,23,0,0,0,1,0,0,0,0,0,0,0,0,0,0,0,0,0,0,0,0,0,0,0,0,0,0,0,0,19,36,0,15,0,0,0,0,0,0,0,0,0,0
0,71,0,243,0,406,0,0,0,0,0,266,0,0,0,158,0,21,0,15,0,91,19,41,0,4,0,7,0,36,0,9,0,0,0,20,0,76,1,13,0,0,0,3,0,0,0,0,0,0,0,18,0,10,0,20,0,9,0,0,0,27,0,41,0,0,0,0,0,0,0,4,0,0,0,5,0,0,0,0,0,0,0,0,0,53,0,33,0,0,0,0,0,0,0,0,0,0,0,0,0,0,0,0,0,0,0,0,0,0,0,0,0,0,0,0,0,0,0,0,0,0,0,0,0,0,0,0,0,0,0,0,0,0,0,0,0,61,0,76,0,85,0,118,0,33,0,0,0,0,0,0,0,0,0,31,0,29,0,27,0,22,0,0,0,0,0,53,0,8,0,0,0,14,0,0,2,40,0,160,0,0,0,0,0,0,0,0,0,0,0,0,0,0,0,0,0,0,0,0,0,0,0,0,0,0,0,0,0,0,0,0,0,0,11,0,0,0,14,22,34,0,0,0,0
0,0,0,0,156,0,0,0,0,0,16,0,121,0,108,0,28,0,160,0,122,0,28,0,0,0,38,0,26,0,18,0,6,0,0,0,172,0,0,0,0,2,70,0,21,0,0,0,15,0,117,0,0,0,0,0,0,0,0,0,0,0,25,0,0,0,1,0,0,0,0,0,0,0,9,0,0,0,0,0,0,0,0,0,0,0,0,0,0,0,0,0,0,0,0,0,0,0,0,0,0,0,0,0,0,0,0,0,0,0,0,0,0,0,0,0,0,0,0,0,0,0,0,0,0,0,0,0,0,0,0,0,0,0,0,0,0,0,0,0,0,0,0,0,0,0,0,0,0,0,0,0,0,0,0,0,0,0,0,0,0,0,0,0,27,0,27,0,0,0,0,0,0,0,0,0,0,0,40,0,0,0,0,0,0,0,2,4,0,0,0,0,0,0,0,0,0,0,0,0,0,0,0,0,0,0,0,0,0,0,0,28,75,0,0,0,0,0,0,0,0,0,0,0,0
0,0,0,0,7,179,0,0,0,0,0,80,0,270,36,36,0,9,25,220,0,104,0,4,0,0,0,108,0,10,0,16,0,20,0,0,0,237,0,10,0,0,0,57,0,17,0,9,0,3,0,92,0,0,0,10,0,13,0,0,0,4,0,26,0,0,0,0,0,0,0,0,0,0,0,0,0,0,0,0,0,0,0,0,0,88,0,0,0,0,0,0,0,0,0,0,0,0,0,0,0,0,0,0,0,0,0,0,0,0,0,0,0,0,0,0,0,0,0,0,0,42,0,0,0,0,0,0,0,0,0,8,0,0,0,0,0,94,0,122,0,169,0,168,0,76,0,0,0,0,0,0,0,0,0,0,0,0,0,21,0,0,0,0,0,62,0,45,0,11,0,0,0,0,0,0,5,58,0,40,0,0,0,0,0,0,0,20,0,1,0,0,0,0,0,0,0,0,0,0,0,0,0,0,0,0,0,0,0,0,0,0,0,0,30,0,0,0,70,63,157,19,0,0,0
50,0,105,0,497,0,0,0,4,0,113,0,75,8,111,0,38,0,28,0,99,0,28,0,0,0,39,0,25,0,40,0,254,0,172,0,0,0,99,0,0,0,12,0,12,0,2,0,5,0,178,0,4,0,0,0,0,0,0,0,61,0,44,0,0,0,2,0,0,0,47,0,0,0,0,0,0,0,0,0,0,0,0,0,33,0,50,0,0,0,0,0,0,0,0,0,0,0,248,0,26,0,0,0,0,0,0,0,0,0,0,0,0,0,0,0,0,0,0,0,120,0,77,0,0,0,0,0,0,0,0,0,0,0,0,0,0,0,176,0,156,0,143,0,112,0,0,0,0,0,0,0,0,0,16,0,26,0,52,0,9,0,0,0,88,0,36,0,24,0,15,0,52,0,0,0,26,5,44,0,0,0,11,0,0,0,3,1,0,0,0,0,0,0,0,0,0,0,0,0,0,0,0,0,0,0,0,0,0,0,28,11,56,34,18,0,0,4,0,0,0,0,0,0,0
0,54,0,25,0,236,0,0,0,0,0,148,0,50,15,86,0,6,0,69,0,42,9,7,0,0,0,23,0,5,0,18,0,76,0,237,0,0,0,63,0,0,0,55,0,12,0,0,0,0,0,93,0,0,0,0,0,9,0,0,0,55,0,28,0,0,0,0,0,0,0,7,0,0,0,0,0,0,0,0,0,0,0,0,0,40,0,0,0,0,0,0,0,0,0,0,0,0,0,0,0,0,0,0,0,0,0,0,0,0,0,0,0,0,0,0,0,0,0,0,0,24,0,0,0,0,0,0,0,0,0,0,0,0,0,0,0,0,0,140,0,209,0,119,0,101,0,0,0,0,0,0,0,0,0,43,0,28,0,26,0,0,0,0,0,12,0,35,0,11,0,0,0,43,0,0,0,36,0,123,0,0,0,0,0,0,0,4,0,0,0,0,0,0,0,0,0,0,0,0,0,0,0,0,0,0,0,0,0,0,0,0,0,0,0,0,0,0,19,110,66,0,0,1,0
305,0,389,9,52,0,91,0,0,0,34,0,0,0,0,0,175,0,1,0,0,0,63,0,23,0,0,0,9,0,1,0,2,1,0,0,99,0,0,1,0,0,0,0,0,0,0,0,0,0,0,0,0,0,0,0,0,0,0,0,43,0,17,0,0,0,0,0,0,0,0,0,0,0,1,0,0,0,0,0,0,0,0,0,0,0,0,0,0,0,0,0,0,0,0,0,0,0,0,0,0,0,0,0,0,0,0,0,0,0,0,0,0,0,0,0,0,0,0,0,0,0,0,0,0,0,0,0,0,0,0,0,0,0,0,0,0,0,46,0,36,0,26,0,16,0,0,0,0,0,0,0,0,0,2,0,7,0,19,0,0,0,0,0,1,0,65,0,3,0,3,0,91,0,0,0,63,10,14,0,0,0,39,0,0,0,0,0,0,0,0,0,0,0,0,0,0,0,0,0,0,0,0,0,0,0,0,0,0,0,16,24,55,42,37,0,0,7,0,2,0,0,0,0,0
0,342,0,429,0,0,0,95,0,0,0,48,0,0,0,22,0,55,0,2,0,25,0,60,0,54,0,0,0,61,0,6,0,13,0,10,0,63,1,0,0,0,0,6,0,0,0,0,0,0,0,0,0,5,0,4,0,0,0,0,0,17,0,42,0,0,0,0,0,0,0,0,0,0,0,0,0,0,0,1,0,0,0,0,0,0,0,0,0,0,0,0,0,0,0,0,0,0,0,6,0,0,0,0,0,1,0,0,0,0,0,0,0,0,0,0,0,0,0,0,0,0,0,0,0,0,0,0,0,0,0,0,0,0,0,0,0,0,0,0,0,0,0,14,0,0,0,0,0,1,0,0,0,0,0,23,0,70,0,15,0,0,0,0,0,0,0,0,0,3,0,0,0,11,0,0,0,65,0,116,0,0,0,21,0,0,0,0,0,0,0,0,0,0,0,0,0,0,0,0,0,0,0,0,0,0,0,0,0,0,0,0,0,0,0,0,0,0,8,47,0,0,0,0,0
19,0,21,0,60,0,0,0,0,0,27,0,296,12,0,0,0,0,9,0,3,0,24,0,0,0,35,164,0,0,0,0,0,0,0,0,0,0,0,0,0,70,183,0,89,69,154,136,186,14,21,0,0,0,0,0,0,0,0,0,0,0,0,0,0,0,0,0,0,0,0,0,0,0,3,0,0,0,0,0,0,0,0,0,0,0,0,0,0,0,0,0,0,0,0,0,0,0,0,0,0,0,0,0,0,0,0,0,0,0,0,0,0,0,0,0,0,0,0,0,0,0,0,0,0,0,0,0,0,0,0,0,0,0,0,0,0,0,0,0,0,0,0,0,0,0,0,0,0,0,0,0,0,0,0,0,0,0,0,0,0,0,0,0,0,0,0,0,0,0,0,0,2,0,5,0,22,21,24,0,6,0,0,0,8,0,215,0,0,0,0,0,0,0,0,0,0,0,0,0,0,0,0,0,0,0,0,0,0,0,0,79,68,0,0,0,0,61,0,0,0,0,0,0,2
0,17,0,0,8,18,0,0,0,0,0,77,137,202,0,0,0,0,38,7,11,10,0,0,0,0,90,57,0,0,0,0,0,0,2,0,0,0,0,0,70,0,58,72,44,127,44,138,22,57,34,57,0,0,0,0,0,0,0,0,0,0,0,0,0,1,0,0,0,0,0,0,0,0,0,0,0,0,0,0,0,0,0,0,0,0,0,0,0,0,0,0,0,0,0,0,0,0,0,0,0,0,0,0,0,0,0,0,0,0,0,0,0,0,0,0,0,0,0,0,0,0,0,1,0,0,0,0,0,0,0,0,0,0,0,0,0,0,0,0,0,0,0,0,0,0,0,1,0,0,0,0,0,0,0,0,0,0,0,0,0,0,0,0,0,8,0,0,0,0,0,0,0,0,0,0,4,160,0,31,0,31,0,0,0,0,13,28,0,0,0,0,0,0,0,0,0,0,0,0,0,0,0,0,0,0,0,0,0,0,0,0,0,0,0,0,0,1,12,41,46,1,0,0,21
0,0,0,0,0,0,0,0,0,0,0,0,188,0,0,0,0,0,102,0,10,0,0,0,0,0,318,136,4,0,9,0,3,0,70,0,12,0,0,0,183,58,0,0,171,27,122,77,32,0,96,0,0,0,0,0,0,0,11,0,0,0,8,0,0,0,0,0,0,0,21,0,0,0,4,0,0,0,0,0,0,0,0,0,9,0,22,0,0,0,0,0,0,0,0,0,0,0,123,0,22,0,0,0,0,0,0,0,0,0,0,0,0,0,0,0,0,0,0,0,16,0,16,0,0,0,0,0,0,0,0,0,0,0,0,0,0,0,0,0,0,0,0,0,11,0,0,0,0,0,0,0,0,0,0,0,0,0,0,0,5,0,4,0,52,0,38,0,9,0,12,0,24,0,0,0,0,0,29,0,0,0,2,0,1,0,72,6,0,0,0,0,0,0,0,0,0,0,0,0,0,0,0,0,0,0,0,0,0,0,29,94,108,10,16,0,0,8,1,0,1,0,0,0,0
0,0,0,0,0,0,0,0,0,0,0,11,76,114,0,9,0,0,27,66,0,40,0,0,0,0,34,269,0,0,0,14,0,3,0,57,0,55,0,6,0,72,0,0,0,204,0,113,0,65,27,91,0,0,0,0,0,5,0,16,0,0,0,0,0,0,0,0,0,0,0,12,0,0,0,0,0,0,0,0,0,0,0,3,0,0,0,0,0,0,0,0,0,0,0,0,0,0,0,0,0,0,0,0,0,0,0,0,0,0,0,0,0,0,0,0,0,0,0,0,0,0,0,0,0,0,0,0,0,0,0,0,0,0,0,0,0,0,0,0,0,62,0,117,0,49,0,0,0,0,0,0,0,0,0,0,0,0,0,0,0,12,0,0,0,58,0,19,0,15,0,0,0,10,0,0,0,52,0,0,0,0,0,0,0,0,0,46,0,0,0,0,0,0,0,0,0,0,0,0,0,0,0,0,0,0,0,0,0,0,0,0,0,0,10,0,0,0,0,61,158,14,0,0,6
0,0,9,0,8,0,0,0,0,0,0,0,58,5,0,0,4,0,6,0,13,0,0,0,0,0,182,24,0,0,5,0,0,0,21,0,12,0,0,0,89,44,171,0,0,44,263,55,184,33,52,3,0,0,0,0,0,0,0,0,0,0,8,0,0,0,0,0,0,0,0,0,0,0,5,0,0,0,0,0,0,0,3,0,0,0,0,0,0,0,7,0,0,0,0,0,0,0,0,0,0,0,2,0,0,0,0,0,0,0,0,0,0,0,0,0,0,0,0,0,0,0,0,0,0,0,0,0,0,0,0,0,0,0,0,0,0,0,0,0,0,0,0,0,0,0,0,0,0,0,0,0,0,0,0,0,0,0,0,0,0,0,0,0,128,1,19,0,16,0,12,0,26,0,0,0,4,5,6,0,0,0,0,0,0,0,57,1,0,0,0,0,0,0,0,0,0,0,0,0,0,0,0,0,0,0,0,0,0,0,24,71,104,0,0,3,2,123,0,0,0,0,0,0,0
0,0,0,0,0,10,0,0,0,4,0,11,55,21,0,1,0,0,0,21,0,44,0,0,0,0,44,290,0,0,0,0,0,0,0,17,0,12,0,0,69,127,27,204,44,0,67,316,43,194,0,114,0,0,0,0,0,0,0,0,0,0,0,0,0,0,0,0,0,3,0,0,0,5,0,15,0,0,0,0,0,36,0,0,0,36,0,39,0,0,0,0,0,0,0,0,0,0,0,0,0,14,0,3,0,0,0,0,0,0,0,0,0,0,0,0,0,0,0,0,0,49,0,0,0,0,0,0,0,0,0,0,0,0,0,0,0,0,0,0,0,38,0,107,0,61,0,0,0,0,0,0,0,0,0,0,0,0,0,0,0,0,0,12,0,147,0,27,0,64,0,13,0,40,0,0,0,49,0,0,0,0,0,0,0,0,9,19,0,0,0,0,0,0,0,14,0,0,0,0,0,0,0,8,0,0,0,0,0,0,0,0,0,0,19,0,0,0,32,100,253,16,2,3,59
27,0,26,0,53,0,0,0,11,0,40,0,182,0,9,0,0,0,9,0,0,0,31,0,1,0,84,35,0,0,0,0,0,0,0,0,2,0,0,0,154,44,122,0,263,67,0,60,267,38,20,0,0,0,0,0,0,0,0,0,0,0,6,0,3,0,0,0,0,0,3,0,0,0,0,0,0,0,0,0,0,0,0,0,21,0,0,0,0,0,0,0,0,0,0,0,0,0,77,0,0,0,0,0,0,0,0,0,0,0,0,0,0,0,0,0,0,0,0,0,0,0,0,0,0,0,0,0,0,0,0,0,0,0,0,0,20,0,0,0,0,0,0,0,0,0,0,0,0,0,0,0,0,0,0,0,0,0,0,0,0,0,0,0,0,0,0,0,0,0,0,0,0,0,0,0,9,13,29,0,0,0,0,0,4,0,138,0,0,0,0,0,0,0,0,0,0,0,0,0,0,0,0,0,0,0,0,0,1,0,44,145,51,5,0,0,0,141,1,0,0,0,0,0,1
0,31,0,0,0,56,0,0,0,3,2,80,180,153,0,0,0,0,84,42,0,25,0,0,0,0,131,260,0,0,0,0,0,0,0,9,0,0,0,0,136,138,77,113,55,316,60,0,24,66,0,38,0,0,0,0,0,0,0,0,0,0,0,0,0,0,0,0,0,2,0,0,0,0,0,0,0,0,0,0,0,0,0,0,0,0,0,3,0,0,0,0,0,0,0,0,0,0,0,0,0,0,0,0,0,0,0,0,0,0,0,0,0,0,0,0,0,0,0,0,0,0,0,0,0,0,0,0,0,0,0,0,0,0,0,0,0,0,0,0,0,0,0,9,0,0,0,2,0,0,0,0,0,0,0,0,0,0,0,0,0,0,0,0,0,12,0,0,0,0,0,0,0,0,0,0,11,229,0,18,0,16,0,0,0,9,8,13,0,0,0,0,0,0,0,0,0,0,0,0,0,0,0,0,0,0,0,0,0,0,0,0,0,0,3,0,0,0,0,93,93,0,0,0,29
32,0,53,0,32,0,23,0,24,0,11,0,70,2,11,0,19,0,21,0,20,1,7,1,4,0,63,7,0,0,0,0,0,0,15,0,5,0,0,0,186,22,32,0,184,43,267,24,0,104,8,0,11,0,17,1,21,0,59,0,6,0,0,0,0,0,0,0,0,0,4,0,4,0,0,0,0,0,0,0,5,0,4,0,13,0,5,0,0,0,0,0,0,0,1,0,14,0,10,0,0,0,1,0,15,0,3,0,0,0,0,0,0,0,0,0,0,0,0,0,3,0,0,0,0,0,12,0,0,0,0,0,0,0,22,0,0,0,0,0,0,0,23,0,0,0,8,0,0,0,0,0,0,0,21,0,10,0,0,0,18,0,26,0,43,0,24,0,41,0,25,0,74,0,1,0,55,10,20,0,0,0,0,0,0,0,224,0,30,0,8,0,50,0,7,0,0,0,26,0,38,0,67,0,29,0,11,0,32,0,149,111,272,8,78,7,9,54,2,3,0,0,0,0,1
0,0,0,4,0,5,0,0,0,0,0,0,0,9,0,2,0,0,0,3,0,15,0,0,0,0,0,65,0,0,0,0,0,0,0,3,0,0,0,0,14,57,0,65,33,194,38,66,104,0,0,28,0,1,0,0,0,6,0,0,0,0,0,0,0,0,0,0,0,0,0,0,0,0,0,0,0,1,0,0,0,35,0,4,0,29,0,37,0,1,0,0,0,5,0,3,0,4,0,19,0,0,0,0,0,0,0,2,0,0,0,0,0,0,0,0,0,0,0,0,0,0,0,0,0,0,0,0,0,0,0,0,0,0,0,0,0,0,0,10,1,28,0,86,0,35,0,0,0,0,0,0,0,9,0,0,0,3,0,0,0,0,0,2,0,23,0,1,0,14,0,0,0,0,0,0,0,128,0,0,0,10,0,2,0,3,31,6,0,0,0,0,0,0,0,3,0,1,0,0,0,0,0,3,0,0,0,0,0,0,0,4,1,0,9,0,0,5,35,37,67,9,1,0,14
4,0,0,0,202,0,0,0,0,0,9,1,344,57,38,0,15,0,346,40,120,0,0,1,3,0,203,204,18,0,32,0,19,0,117,0,178,0,0,0,21,34,96,27,52,0,20,0,8,0,0,0,3,0,0,0,0,0,0,0,0,0,18,0,0,0,0,0,0,0,31,0,0,0,10,0,0,0,0,0,39,0,0,0,62,0,51,0,0,0,0,0,0,0,0,0,0,0,336,0,67,0,0,0,0,0,0,0,0,0,0,0,0,0,0,0,0,0,0,0,84,0,52,0,0,0,0,0,0,0,0,0,0,0,0,0,10,0,0,0,40,0,67,0,28,0,0,0,0,0,0,0,0,0,7,0,0,0,0,0,13,0,9,0,85,0,61,0,38,0,9,0,33,0,0,0,14,0,51,0,0,0,0,0,0,0,12,8,0,0,0,0,0,0,0,0,0,0,0,0,0,0,0,0,0,0,0,0,0,0,56,74,108,19,30,0,0,6,0,0,0,0,0,0,0
0,0,0,0,0,30,0,0,0,0,0,15,0,225,0,8,0,0,0,134,0,50,0,0,0,0,0,266,0,0,0,10,0,18,0,92,0,93,0,0,0,57,0,91,3,114,0,38,0,28,0,0,0,4,0,0,0,0,0,38,0,6,0,11,0,0,0,0,0,0,0,16,0,0,0,7,0,0,0,0,0,66,0,0,0,67,0,0,0,2,0,0,0,0,0,0,0,0,0,0,0,0,0,5,0,5,0,0,0,0,0,0,0,0,0,0,0,0,0,0,0,47,0,25,0,0,0,0,0,0,0,0,0,0,0,0,0,0,0,0,0,96,0,173,0,76,0,0,0,0,0,0,0,0,0,0,0,8,0,0,0,18,0,5,0,94,0,44,0,47,0,17,0,26,0,0,0,65,0,0,0,0,0,0,0,0,0,85,0,0,0,0,0,0,0,0,0,0,0,6,0,0,0,0,0,0,0,0,0,0,0,0,0,0,0,0,0,0,41,41,195,0,0,8,1
0,0,10,0,13,0,45,24,337,88,0,0,0,0,0,0,71,0,0,0,8,0,13,0,18,5,0,0,8,0,0,0,0,0,0,0,4,0,0,0,0,0,0,0,0,0,0,0,11,0,3,0,0,0,109,102,183,14,114,38,47,0,88,0,15,0,46,44,0,0,0,0,0,0,0,0,0,0,0,0,0,0,0,0,5,0,2,0,0,0,0,0,0,1,0,0,0,0,0,0,0,0,0,0,0,0,0,0,0,0,0,0,0,0,0,0,0,0,0,0,0,0,4,0,6,0,0,0,45,0,44,0,8,0,0,0,38,0,98,0,29,0,33,0,9,0,0,0,3,0,1,0,0,0,191,0,87,0,233,0,60,0,0,0,0,0,0,0,18,0,79,0,14,0,3,1,34,4,0,0,0,0,0,0,127,7,0,0,0,0,0,0,1,0,0,0,0,0,0,0,19,0,0,0,0,0,0,0,6,0,193,86,90,146,249,0,49,4,0,4,0,0,0,0,0
0,74,0,4,0,0,0,94,38,310,0,2,0,0,0,11,0,34,0,0,0,21,0,3,20,15,0,0,0,20,0,0,0,10,0,0,0,0,0,5,0,0,0,0,0,0,0,0,0,1,0,4,0,0,43,159,4,89,0,24,0,32,7,57,0,0,0,40,0,0,0,2,0,0,0,0,0,0,0,0,0,0,0,0,0,17,0,0,0,0,0,0,0,0,0,0,0,9,0,0,0,0,0,1,0,0,0,0,0,0,0,0,0,0,0,0,0,0,0,0,0,0,0,0,0,0,0,0,0,109,0,44,0,34,0,35,0,131,0,178,0,78,0,77,0,7,0,0,0,0,0,0,0,0,1,227,0,97,0,172,0,92,0,0,0,1,0,1,0,11,2,53,0,15,0,1,4,75,0,0,0,0,0,17,0,33,0,0,0,0,0,0,0,0,0,0,0,0,0,0,0,0,0,0,0,0,0,0,0,5,0,0,0,0,146,0,0,0,23,0,114,139,0,42,1
0,0,31,0,0,0,117,50,142,247,1,0,0,0,16,0,26,0,0,0,0,0,157,0,148,0,0,0,0,0,0,0,0,0,0,0,0,0,0,0,0,0,0,0,0,0,0,0,17,0,0,0,109,43,0,279,86,58,90,42,5,0,17,0,6,0,59,115,0,0,0,0,0,0,4,0,0,0,0,0,0,0,0,0,7,0,0,0,0,0,0,0,0,0,0,0,0,0,0,0,0,0,0,0,0,0,0,0,0,0,0,0,0,0,0,0,0,0,0,0,0,0,0,0,10,0,15,0,17,0,69,0,38,0,70,0,130,0,0,0,0,0,68,0,0,0,0,0,5,0,0,0,0,0,69,0,3,4,36,0,114,0,0,0,0,0,2,0,29,0,85,0,0,0,0,0,10,9,0,0,0,0,0,0,56,9,0,0,0,0,0,0,0,0,0,0,0,0,0,0,0,0,0,0,0,0,0,0,43,0,178,52,104,195,268,0,49,0,11,0,0,0,0,0,0
0,29,0,69,0,0,0,234,348,239,0,0,0,0,1,23,0,53,0,0,0,62,0,25,142,225,0,0,0,49,0,12,0,20,0,10,0,0,0,4,0,0,0,0,0,0,0,0,1,0,0,0,102,159,279,0,0,293,77,49,0,24,166,121,0,1,51,27,0,2,0,0,0,0,0,0,0,0,0,0,0,0,0,0,0,7,0,0,0,0,0,0,0,0,0,0,0,0,0,0,0,0,0,0,0,0,0,0,0,0,0,0,0,0,0,0,0,0,0,0,0,0,0,0,0,58,0,23,0,38,0,201,0,0,0,63,0,123,0,21,0,18,0,52,0,0,0,0,0,7,0,15,0,0,0,183,0,40,0,36,0,95,0,0,0,2,0,0,0,14,0,28,0,22,0,0,17,72,0,0,0,0,0,0,32,25,0,0,0,0,0,0,0,0,0,1,0,0,0,0,0,34,0,0,0,5,0,0,0,35,14,0,0,0,518,0,0,0,211,42,204,273,1,106,0
0,0,0,0,0,0,7,0,7,0,0,0,0,0,0,0,0,0,0,0,0,0,0,0,22,0,0,0,0,0,0,0,0,0,0,0,0,0,0,0,0,0,0,0,0,0,0,0,21,0,0,0,183,4,86,0,0,0,240,0,0,0,6,0,62,0,11,29,0,0,0,0,0,0,0,0,0,0,0,0,0,0,0,0,0,0,0,0,0,0,0,0,0,0,0,0,0,0,0,0,0,0,0,0,0,0,0,0,0,0,0,0,0,0,0,0,0,0,0,0,0,0,0,0,10,0,9,0,19,0,65,0,15,0,0,0,28,0,0,2,0,0,0,0,4,0,0,0,0,0,0,0,0,0,170,0,4,0,167,0,191,0,0,0,0,0,0,0,26,0,69,0,20,0,8,9,0,0,0,0,47,0,0,0,19,0,0,0,0,0,0,0,0,0,0,0,0,0,0,0,0,0,0,0,0,0,0,0,22,0,215,95,217,235,418,0,0,14,0,0,0,0,0,0,0
0,0,0,7,0,0,0,18,63,55,0,0,0,0,0,0,0,45,0,0,0,0,0,11,0,32,0,0,0,13,0,0,0,9,0,13,0,9,0,0,0,0,0,5,0,0,0,0,0,6,0,0,14,89,58,293,0,0,57,115,0,5,0,10,4,6,51,49,0,2,0,0,0,0,0,0,0,0,0,0,0,0,0,1,0,0,0,0,0,0,0,0,0,0,0,0,0,0,0,1,0,0,0,0,0,0,0,0,0,0,0,0,0,0,0,0,0,0,0,0,0,0,0,0,0,30,0,0,0,39,0,72,0,21,0,0,0,0,0,8,0,0,0,0,0,0,0,0,0,0,0,0,0,0,0,210,0,12,0,133,0,158,0,15,0,3,0,0,0,23,0,77,0,13,0,0,0,0,0,0,0,0,0,6,18,54,0,0,0,0,0,0,0,0,0,0,0,0,0,0,0,0,0,0,0,0,0,0,0,0,1,0,0,0,198,0,0,0,87,41,201,206,4,28,1
0,0,0,0,0,0,23,0,24,87,0,0,0,0,0,0,7,0,0,0,0,0,22,0,27,0,0,0,0,0,0,0,0,0,0,0,0,0,0,0,0,0,11,0,0,0,0,0,59,0,0,0,114,0,90,77,240,57,0,140,10,0,3,0,159,11,242,230,0,0,0,0,0,0,0,0,0,0,0,0,0,0,0,0,0,0,0,0,0,0,0,0,0,0,0,0,0,0,0,0,0,0,0,0,0,0,0,0,0,0,0,0,0,0,0,0,0,0,0,0,0,0,0,0,7,0,0,0,6,0,61,0,0,0,0,0,0,0,0,0,0,0,0,0,2,0,0,0,5,0,0,0,0,0,125,22,39,0,20,3,38,0,15,0,0,0,0,0,26,0,174,0,44,1,21,6,0,0,0,0,0,0,0,0,82,23,0,0,0,0,0,0,0,0,0,0,0,0,0,0,0,0,0,0,0,0,0,0,3,0,755,304,463,802,1323,0,206,20,0,0,0,0,0,0,0
0,0,1,4,0,0,0,33,0,46,0,0,0,0,0,0,0,9,0,0,0,0,0,7,0,18,0,0,0,2,0,0,0,0,0,0,0,0,0,0,0,0,0,16,0,0,0,0,0,0,0,38,38,24,42,49,0,115,140,0,0,0,0,0,47,77,168,333,0,2,0,0,0,0,0,0,0,1,0,0,0,0,0,0,0,0,0,2,0,0,0,0,0,0,0,0,0,0,0,0,0,0,0,1,0,0,0,0,0,0,0,0,0,0,0,0,0,0,0,0,0,0,0,0,0,12,0,3,0,7,0,82,0,5,0,0,0,0,0,0,0,0,0,0,0,14,0,0,0,7,0,0,0,0,32,166,0,14,11,62,15,104,0,0,0,5,0,0,0,65,0,96,0,27,2,29,0,3,0,2,11,0,0,0,37,78,0,0,0,0,0,0,0,0,0,0,0,0,0,0,0,0,0,0,0,0,0,0,0,3,1,3,0,1,1339,0,0,0,685,291,637,743,38,0,4
56,0,0,0,0,1,237,0,192,0,0,0,0,0,0,0,34,2,0,0,0,0,5,0,23,7,0,0,7,0,0,0,39,0,0,0,61,0,43,0,0,0,0,0,0,0,0,0,6,0,0,0,47,0,5,0,0,0,10,0,0,0,85,0,0,0,0,0,0,0,10,0,0,0,0,0,0,0,0,0,0,0,0,0,0,0,0,0,0,0,0,0,0,0,0,0,0,0,0,0,0,0,0,0,0,0,0,0,0,0,0,0,0,0,0,0,0,0,0,0,0,0,7,0,0,0,0,0,0,0,0,0,0,0,0,0,0,0,260,0,90,0,0,0,277,0,0,0,0,0,0,0,0,0,70,0,107,0,90,0,0,0,9,0,0,0,0,0,12,0,107,0,76,0,0,0,27,7,0,0,0,0,0,0,4,0,0,0,0,0,0,0,0,0,0,0,0,0,0,0,0,0,0,0,0,0,0,0,0,0,21,6,60,75,83,0,34,0,0,0,0,0,0,0,0
0,496,0,105,0,0,0,252,7,83,0,8,0,0,0,0,0,25,0,0,0,2,0,26,22,109,0,0,0,25,0,0,0,27,0,4,0,55,0,17,0,0,0,0,0,0,0,0,0,0,0,6,0,32,0,24,0,5,0,0,0,0,0,30,0,0,0,0,0,0,0,0,0,0,0,0,0,0,0,0,0,0,0,0,0,3,0,0,0,0,0,0,0,0,0,0,0,0,0,0,0,0,0,0,0,0,0,0,0,0,0,0,0,0,0,0,0,0,0,0,0,0,0,0,0,0,0,0,0,0,0,0,0,0,0,0,0,0,0,117,0,101,0,36,0,97,0,0,0,0,0,0,0,0,0,39,0,159,0,32,0,7,0,0,0,0,0,1,0,8,0,61,0,84,0,0,0,88,0,26,0,0,0,58,0,0,0,0,0,0,0,0,0,0,0,0,0,0,0,1,0,0,0,0,0,0,0,0,0,0,0,0,0,0,14,0,0,0,0,91,75,36,0,21,0
71,15,20,5,0,0,300,92,461,88,5,0,0,0,8,0,380,2,0,0,92,0,37,0,35,95,28,0,18,0,35,0,59,0,25,0,44,0,17,0,0,0,8,0,8,0,6,0,0,0,18,0,88,7,17,166,6,0,3,0,85,0,0,17,0,0,1,4,0,0,15,0,0,0,8,0,0,0,0,0,0,0,0,0,0,0,0,0,0,0,0,0,0,0,0,0,0,0,0,0,0,0,0,0,0,0,0,0,0,0,0,0,0,0,0,0,0,0,0,0,0,0,0,0,0,0,0,0,0,0,0,0,0,0,0,0,24,0,265,0,93,0,74,0,26,0,0,0,0,0,0,0,0,0,114,0,28,2,253,0,12,0,0,0,0,0,1,0,0,0,16,0,9,0,0,0,41,20,1,0,0,0,5,0,4,1,0,0,0,0,0,0,0,0,0,0,0,0,0,0,0,0,0,0,0,0,0,0,0,0,61,3,43,53,86,0,12,3,8,2,0,0,0,1,0
0,319,0,40,0,0,0,400,0,341,0,0,0,0,0,0,0,183,0,0,0,117,1,47,66,174,0,0,0,65,0,16,0,41,0,26,0,28,0,42,0,0,0,0,0,0,0,0,0,0,0,11,0,57,0,121,0,10,0,0,0,30,17,0,0,0,0,7,0,0,0,0,0,0,0,0,0,0,0,0,0,0,0,0,0,0,0,0,0,0,0,0,0,0,0,0,0,0,0,0,0,0,0,0,0,0,0,0,0,0,0,0,0,0,0,0,0,0,0,0,0,0,0,0,0,0,0,0,0,20,0,0,0,0,0,4,0,0,0,31,0,17,0,32,0,0,0,0,0,0,0,0,0,0,0,30,0,44,0,21,0,0,0,0,0,0,0,0,0,5,0,0,0,9,0,0,3,85,0,0,0,0,0,40,0,0,0,0,0,0,0,0,0,0,0,0,0,0,0,0,0,0,0,0,0,0,0,0,0,0,2,0,0,0,33,0,0,0,10,7,22,39,0,12,1
11,0,16,0,6,0,41,0,37,0,0,0,0,0,0,0,0,0,0,0,0,0,0,0,0,0,0,0,0,0,0,0,0,0,0,0,0,0,0,0,0,0,0,0,0,0,3,0,0,0,0,0,15,0,6,0,62,4,159,47,0,0,0,0,0,21,67,15,0,0,3,0,0,0,0,0,0,0,0,0,0,1,0,0,0,0,0,0,0,0,0,0,0,0,0,0,0,0,0,0,0,0,0,0,0,0,0,0,0,0,0,0,0,0,0,0,0,0,0,0,0,0,0,0,0,0,1,0,0,0,28,0,0,0,12,0,0,0,18,0,0,0,0,1,17,15,9,0,46,0,2,0,0,0,16,12,0,0,33,0,296,56,16,0,0,0,0,0,0,0,0,0,2,0,38,30,0,1,0,0,277,22,2,0,269,0,0,0,0,0,0,0,0,0,0,0,0,0,0,0,0,0,0,0,0,0,0,0,4,0,98,59,0,0,134,0,0,0,0,0,0,3,0,0,0
0,23,0,2,0,0,0,4,0,211,0,0,0,0,0,26,0,0,0,57,0,0,0,0,0,0,0,0,0,0,0,0,0,0,0,0,0,0,0,0,0,1,0,0,0,0,0,0,0,0,0,0,0,0,0,1,0,6,11,77,0,0,0,0,21,0,0,244,0,0,0,10,0,0,0,0,0,0,0,0,0,0,0,0,0,0,0,0,0,0,0,0,0,1,0,0,0,0,0,0,0,0,0,0,0,0,0,0,0,0,0,0,0,0,0,0,0,0,0,0,0,0,0,0,0,30,1,21,0,0,53,36,0,0,0,3,0,0,9,17,0,0,0,0,0,53,0,21,32,197,0,36,0,12,0,0,0,0,12,8,46,212,0,0,0,0,0,0,0,0,0,0,0,0,0,143,0,0,0,0,26,155,0,4,4,168,0,0,0,0,0,0,0,1,0,0,0,0,0,0,0,0,0,0,0,2,0,11,1,14,0,0,0,0,105,0,0,0,100,19,0,0,0,0,0
11,0,36,0,4,0,41,0,64,29,0,0,0,0,0,0,0,0,0,0,0,0,0,0,0,0,2,0,0,0,0,0,0,0,1,0,2,0,0,0,0,0,0,0,0,0,0,0,0,0,0,0,46,0,59,51,11,51,242,168,0,0,1,0,67,0,0,142,0,0,0,0,0,0,0,0,1,0,0,0,0,0,0,0,0,0,0,0,0,0,0,0,0,0,0,0,0,0,0,0,0,0,0,0,0,0,0,0,0,0,0,0,0,0,0,0,0,0,0,0,0,0,0,0,12,0,2,1,0,0,33,0,0,0,0,0,0,0,0,0,0,0,0,0,0,0,9,0,22,0,0,0,0,0,27,5,14,0,0,6,61,0,10,0,0,0,0,0,3,0,6,0,0,0,67,2,0,0,0,0,26,0,0,0,403,24,0,0,0,0,0,0,0,0,0,0,0,0,0,0,1,0,0,0,0,0,0,0,0,0,133,135,51,117,230,0,0,2,0,0,0,0,0,0,0
0,0,0,0,0,5,0,8,154,76,0,0,0,0,0,0,0,0,0,3,0,0,0,0,0,0,0,2,0,0,0,0,0,0,0,0,0,0,0,0,0,0,0,0,0,0,0,0,0,0,0,0,44,40,115,27,29,49,230,333,0,0,4,7,15,244,142,0,0,0,0,0,0,0,0,0,0,0,0,0,0,0,0,0,0,0,0,0,0,0,0,0,0,0,0,0,0,0,0,0,0,0,0,0,0,0,0,1,0,0,0,0,0,0,0,0,0,0,0,0,0,0,0,0,0,2,0,0,0,0,0,30,1,0,0,0,0,7,0,0,0,0,0,0,0,10,0,0,0,30,0,4,0,3,26,30,0,20,6,8,12,111,0,0,0,0,0,0,0,0,0,0,0,0,0,98,1,4,0,0,11,0,0,5,66,362,0,0,0,0,0,1,0,0,0,0,0,0,0,0,0,0,0,0,0,0,0,0,0,12,0,0,0,0,309,0,0,0,257,174,75,111,15,0,0
0,0,0,0,0,0,0,0,0,0,0,0,0,0,0,0,0,0,0,0,0,0,0,0,0,0,0,0,0,0,0,0,0,0,0,0,0,0,0,0,0,0,0,0,0,0,0,0,0,0,0,0,0,0,0,0,0,0,0,0,0,0,0,0,0,0,0,0,0,0,0,0,18,0,0,0,143,0,132,0,56,0,41,0,40,0,159,0,31,0,42,0,32,0,35,0,0,0,72,0,45,0,419,0,120,0,40,0,77,0,29,0,8,0,34,0,3,0,0,0,0,0,0,0,0,0,0,0,0,0,0,0,0,0,0,0,0,0,0,0,0,0,0,0,0,0,0,0,0,0,0,0,0,0,2,0,1,0,0,0,0,0,0,0,10,0,0,0,139,0,0,0,0,0,0,0,0,0,0,0,0,0,0,0,0,0,0,0,0,0,30,0,0,0,25,0,0,0,0,0,0,0,0,0,0,0,0,0,0,0,53,0,43,0,14,140,169,1,0,0,0,0,0,0,0
0,1,0,2,0,0,0,4,0,0,0,0,0,0,0,0,0,0,0,0,0,0,0,0,0,0,0,1,0,0,0,0,0,0,0,0,0,0,0,0,0,0,0,0,0,3,0,2,0,0,0,0,0,0,0,2,0,2,0,2,0,0,0,0,0,0,0,0,0,0,0,0,0,0,0,0,0,69,0,0,0,5,0,67,0,0,0,53,0,18,0,0,0,23,0,13,0,0,0,0,0,6,0,165,0,0,0,19,0,34,0,23,0,0,0,5,0,45,0,0,0,0,0,0,0,0,0,0,0,0,0,0,0,0,0,0,0,0,0,0,0,0,0,0,0,0,0,0,0,0,0,0,0,0,0,0,0,0,0,0,0,0,0,0,0,17,0,1,0,66,0,10,0,1,0,0,0,0,0,0,0,0,0,0,0,0,0,0,0,0,0,0,0,0,0,24,0,0,0,0,0,0,0,0,0,0,0,0,0,0,0,0,0,0,0,0,0,0,18,1,88,0,25,83,0
0,0,0,0,0,0,0,0,0,0,0,0,0,0,4,0,23,0,10,0,43,0,7,0,2,0,59,0,0,0,0,0,18,0,0,0,47,0,0,0,0,0,21,0,0,0,3,0,4,0,31,0,0,0,0,0,0,0,0,0,10,0,15,0,3,0,0,0,0,0,0,0,265,0,177,0,9,0,131,0,0,0,5,0,11,0,52,0,0,0,0,0,0,0,10,0,0,0,0,0,0,0,0,0,0,0,0,0,0,0,0,0,0,0,0,0,0,0,0,0,11,0,6,0,0,0,35,0,1,0,29,0,6,0,23,0,28,0,25,0,180,0,102,0,114,0,37,0,35,0,0,1,56,0,0,0,8,0,0,0,12,0,72,0,0,0,18,0,56,0,32,0,89,0,10,0,0,0,0,0,24,0,0,0,11,0,0,0,0,0,0,0,0,0,0,0,0,0,0,0,16,0,0,1,0,0,0,0,41,2,16,0,75,0,20,0,0,0,0,0,0,0,0,0,0
0,3,0,0,0,8,0,0,0,0,0,3,0,0,0,0,0,0,0,0,0,15,0,0,0,0,0,0,0,0,0,0,0,4,0,0,0,7,0,0,0,0,0,12,0,0,0,0,0,0,0,16,0,2,0,0,0,0,0,0,0,0,0,0,0,10,0,0,0,0,0,0,0,187,0,412,0,42,0,67,0,0,0,0,0,0,1,73,0,0,0,0,0,0,0,0,0,0,4,0,0,0,0,0,0,0,0,0,0,0,0,0,0,0,0,0,0,0,0,0,0,31,0,47,0,79,0,85,0,7,0,0,9,81,0,24,7,0,0,6,0,37,0,10,0,225,0,0,0,30,4,0,9,0,0,0,0,0,0,0,0,0,0,28,0,3,0,10,0,23,0,8,0,15,0,32,0,0,0,0,7,63,0,0,0,8,0,0,0,0,0,0,0,0,0,0,0,0,0,0,0,14,0,0,0,0,0,0,0,0,0,0,2,0,0,0,0,0,71,3,11,0,0,0,0
0,0,0,0,0,0,0,0,0,0,0,0,0,0,0,0,0,0,0,0,0,0,0,0,0,0,0,0,0,0,4,0,0,0,0,0,0,0,0,0,0,0,0,0,0,0,0,0,4,0,0,0,0,0,0,0,0,0,0,0,0,0,0,0,0,0,0,0,18,0,265,0,0,0,87,0,64,0,317,0,0,0,12,0,33,0,16,0,0,0,3,0,0,0,0,0,0,0,6,0,0,0,0,0,0,0,7,0,0,0,0,0,0,0,0,0,0,0,0,0,37,0,24,0,28,0,52,0,7,0,9,0,21,0,53,0,26,0,17,0,60,0,70,0,90,0,65,0,0,0,0,0,0,0,0,0,0,0,0,1,0,0,92,0,2,0,0,0,14,0,0,0,0,0,0,0,0,0,0,0,14,0,0,0,1,0,0,0,0,0,11,0,0,0,0,0,0,0,0,0,81,0,0,0,0,0,0,0,71,0,194,0,10,0,14,11,7,0,0,0,0,0,0,0,0
0,0,0,0,0,0,0,8,0,0,0,1,0,0,0,0,0,0,0,0,0,0,0,0,0,0,0,0,0,0,0,0,0,0,0,0,0,0,0,0,0,0,0,0,0,5,0,0,0,0,0,0,0,0,0,0,0,0,0,0,0,0,0,0,0,0,0,0,0,0,0,187,0,0,0,246,0,141,0,61,0,0,0,7,0,28,0,72,0,0,0,0,0,4,0,0,0,16,0,0,0,0,0,2,0,0,0,0,0,0,0,0,0,0,0,0,0,0,0,0,0,14,0,24,0,46,0,0,0,0,0,0,0,31,0,97,8,0,0,0,8,10,0,16,0,108,0,42,0,12,0,68,8,0,0,0,0,0,0,0,0,2,0,23,0,14,0,2,0,12,0,0,0,6,0,0,0,0,0,0,0,0,0,0,0,0,0,0,0,127,0,25,0,0,0,36,0,27,0,0,0,82,2,211,0,0,0,0,0,0,0,0,0,0,54,0,0,0,305,3,9,0,0,1,0
0,0,0,0,0,0,0,0,0,0,0,0,0,0,0,0,15,0,5,0,16,0,8,0,0,0,0,0,0,0,5,0,8,0,9,0,0,0,1,0,3,0,4,0,5,0,0,0,0,0,10,0,0,0,4,0,0,0,0,0,0,0,8,0,0,0,0,0,0,0,177,0,87,0,0,0,20,0,137,0,0,0,10,0,25,0,28,0,0,0,0,0,4,0,2,0,0,0,3,0,0,0,2,0,0,0,0,0,0,0,0,0,0,0,0,0,0,0,0,0,23,0,20,0,11,5,9,0,0,0,3,0,0,0,11,0,20,0,0,0,38,0,55,0,46,0,0,0,21,0,11,0,53,0,0,0,0,0,0,0,3,0,8,0,0,0,6,0,29,0,0,0,20,0,5,0,0,0,0,0,25,5,0,0,0,0,0,0,0,0,0,0,0,0,0,0,0,0,13,0,27,0,24,0,0,0,0,0,15,0,13,0,8,0,4,2,4,0,0,0,0,0,0,0,0
0,0,0,0,0,0,0,0,0,0,0,0,0,0,0,0,0,0,0,0,0,0,0,0,0,0,0,0,0,0,0,0,0,5,0,0,0,0,0,0,0,0,0,0,0,15,0,0,0,0,0,7,0,0,0,0,0,0,0,0,0,0,0,0,0,0,0,0,0,0,0,412,0,246,0,0,0,42,0,75,0,11,0,0,0,14,0,181,0,0,0,0,0,0,0,0,0,0,0,0,0,0,0,0,0,0,7,0,0,0,0,0,0,0,0,0,0,0,0,0,0,149,0,81,0,22,0,52,0,0,0,8,0,23,2,33,0,14,0,0,0,65,0,29,0,199,0,34,0,0,0,0,5,48,0,0,0,0,0,1,0,0,0,22,0,0,0,5,0,35,0,9,0,10,0,0,0,2,0,0,6,52,0,0,0,0,0,0,0,0,0,0,0,0,0,0,0,0,0,0,0,0,0,0,1,0,0,0,0,0,0,0,0,0,9,0,0,0,53,0,20,0,0,2,0
0,0,0,0,0,0,0,0,0,0,0,0,0,0,1,0,0,0,0,0,0,0,0,0,0,0,0,0,0,0,0,0,0,0,0,0,0,0,0,0,0,0,0,0,0,0,0,0,0,0,0,0,0,0,0,0,0,0,0,0,0,0,0,0,0,0,1,0,143,0,9,0,64,0,20,0,0,0,78,0,24,0,52,0,35,0,48,0,1,0,11,0,20,0,3,0,0,0,0,0,0,0,55,0,0,0,19,0,29,0,0,0,1,0,14,0,1,0,1,0,13,0,0,0,0,0,0,0,0,0,0,0,0,0,0,0,0,0,0,0,0,0,0,0,0,0,0,0,0,0,0,0,0,0,0,0,0,0,0,0,0,0,3,0,1,0,0,0,32,0,5,0,0,0,0,0,0,0,0,0,0,0,0,0,0,0,0,0,45,0,0,0,0,0,16,0,0,0,0,0,0,0,0,0,44,0,0,0,0,0,59,0,22,2,10,21,18,0,0,0,0,0,0,0,0
0,0,0,0,0,0,0,0,0,0,0,0,0,0,0,0,0,0,0,0,0,0,0,0,0,0,0,0,0,0,0,0,0,0,0,0,0,0,0,0,0,0,0,0,0,0,0,0,0,1,0,0,0,0,0,0,0,0,0,1,0,0,0,0,0,0,0,0,0,69,0,42,0,141,0,42,0,0,0,22,0,10,0,102,0,0,0,185,0,35,0,0,0,41,0,0,0,28,0,0,0,0,0,84,0,24,0,22,0,15,0,2,0,0,0,0,0,63,0,1,0,0,0,0,0,0,0,0,0,0,0,0,0,0,0,6,0,0,0,0,0,0,0,0,0,0,0,0,0,0,0,0,0,0,0,0,0,0,0,0,0,0,0,0,0,7,0,0,0,80,0,5,0,0,0,0,0,0,0,0,0,0,0,0,0,0,0,0,0,89,0,34,0,0,0,77,0,18,0,0,0,44,0,0,0,57,0,0,0,0,0,0,0,0,14,0,0,0,84,0,69,4,18,9,0
0,0,0,0,1,0,0,0,0,0,0,0,0,0,0,0,0,0,0,0,0,0,0,0,0,0,0,0,2,0,0,0,0,0,0,0,0,0,0,0,0,0,0,0,0,0,0,0,0,0,0,0,0,0,0,0,0,0,0,0,0,0,0,0,0,0,0,0,132,0,131,0,317,0,137,0,78,0,0,0,25,0,66,0,62,0,95,0,0,0,9,0,9,0,3,0,28,0,13,0,4,0,16,0,10,0,0,0,3,0,0,0,0,0,4,0,1,0,0,0,65,0,19,0,0,0,0,0,0,0,0,0,0,0,0,0,0,0,0,0,0,0,16,0,13,0,0,0,0,0,0,0,0,0,0,0,0,0,0,0,0,0,8,0,0,0,0,0,30,0,0,0,0,0,0,0,0,0,0,0,0,0,0,0,0,0,0,0,0,0,6,0,0,0,1,0,0,0,0,0,0,0,40,0,0,0,0,0,0,0,190,0,12,0,9,14,0,0,0,0,0,0,0,0,0
0,0,0,0,0,0,0,0,0,0,0,0,0,0,0,0,0,0,0,0,0,0,0,0,0,0,0,0,0,0,0,0,0,0,0,0,0,0,0,1,0,0,0,0,0,0,0,0,0,0,0,0,0,0,0,0,0,0,0,0,0,0,0,0,0,0,0,0,0,0,0,67,0,61,0,75,0,22,0,0,0,4,0,1,0,6,0,51,0,0,0,0,0,0,0,0,0,0,0,0,0,0,0,0,0,0,0,0,0,0,0,0,0,0,0,0,0,0,0,0,0,24,0,27,0,0,4,10,0,0,0,0,0,0,0,14,0,0,0,3,0,32,0,8,0,50,0,0,0,0,0,0,0,0,0,0,0,0,0,0,0,0,0,0,0,4,0,0,0,29,0,0,0,0,0,0,0,0,0,0,0,0,0,0,0,0,0,0,0,0,0,0,0,0,0,0,0,0,0,0,1,11,0,0,0,0,0,0,0,16,0,0,0,0,0,0,0,0,15,0,0,0,0,0,0
