0,368,36,163,20,0,6,158,75,38,258,30,113,0,27,15,87,49,58,4,14,0,16,32,12,215,33,0,168,0,40,0,60,0,0,0,91,0,375,4,0,0,0,0,13,0,44,0,52,0,0,0,26,1,3,5,0,0,3,0,138,6,114,14,25,0,15,0,0,0,0,0,4,0,1,0,0,0,3,0,0,0,0,0,0,0,0,0,0,0,0,0,0,0,0,0,0,0,0,0,0,0,0,0,0,0,0,0,0,0,0,1,0,0,0,0,0,0,0,0,0,0,0,0,35,0,10,0,0,0,70,0,0,0,4,0,3,0,0,0,0,0,0,0,0,0,32,0,49,0,7,0,0,0,0,0,0,0,0,0,42,0,0,0,9,0,23,0,13,0,65,0,389,0,0,0,284,115,13,0,0,0,88,0,14,0,0,0,0,0,0,0,0,0,0,0,0,0,2,0,0,0,0,0,2,0,1,0,2,0,657,129,353,200,337,2,4,0,2,0,2,0,0,0,0
368,0,133,25,31,91,109,21,75,67,0,190,0,43,8,17,69,30,0,149,0,9,163,36,317,17,0,117,0,119,4,21,0,144,0,7,0,160,0,407,0,15,0,0,0,0,0,20,3,0,0,5,9,28,11,14,0,1,0,10,12,193,28,34,0,93,0,23,0,0,0,0,0,0,0,0,0,0,0,0,0,10,0,0,0,0,0,1,0,0,0,0,0,0,0,0,0,0,0,0,0,4,0,0,0,0,0,0,0,0,0,0,0,0,0,0,0,0,0,0,0,2,0,0,0,21,0,47,0,0,0,45,0,17,0,41,0,16,0,0,0,5,0,5,0,0,0,52,0,81,0,107,0,159,0,6,0,0,0,1,0,10,0,6,0,7,0,17,0,33,7,37,0,234,0,5,105,461,0,1,0,52,11,0,1,118,0,1,0,0,0,0,0,0,0,0,0,0,0,12,0,4,0,0,0,2,0,13,0,123,19,7,16,6,269,0,0,0,801,203,476,129,0,21,0
36,133,0,115,82,87,42,0,8,0,22,149,41,0,238,84,204,12,154,7,225,0,371,51,130,67,93,0,355,0,272,0,202,0,17,0,61,0,455,3,0,0,0,0,0,0,18,0,52,0,0,0,14,0,150,0,0,0,0,0,34,0,20,2,5,0,0,0,0,0,0,0,0,0,0,0,0,0,0,0,0,0,0,0,0,0,0,0,0,0,19,0,0,0,0,0,59,0,0,0,0,0,0,0,8,0,65,0,0,0,0,0,0,0,0,0,0,0,0,0,0,0,0,0,43,0,22,0,10,0,106,3,0,0,170,0,66,0,6,0,0,0,102,0,0,0,18,0,23,0,18,0,17,1,0,0,0,0,0,0,46,0,0,0,0,0,111,0,25,0,43,0,392,0,0,0,138,58,0,0,10,0,9,0,9,0,0,0,0,0,0,0,0,0,0,0,0,0,39,0,52,0,0,0,0,0,4,0,25,0,464,94,444,229,273,1,4,0,0,0,0,0,0,0,0
163,25,115,0,64,140,3,38,0,0,68,9,0,16,12,257,49,78,0,189,15,70,269,227,44,155,0,30,0,133,0,88,0,281,0,0,0,92,0,255,0,0,0,0,0,0,0,4,0,0,0,0,0,0,0,103,0,0,0,0,0,14,0,3,0,0,0,0,0,0,0,0,0,0,0,0,0,0,0,0,0,0,0,0,0,31,0,0,0,0,0,3,0,0,0,0,0,0,0,0,0,0,0,0,0,0,0,0,0,0,0,0,0,0,0,0,0,0,0,0,0,0,0,0,0,0,0,0,0,0,0,3,0,9,0,184,0,106,0,0,0,0,0,24,0,0,0,0,0,0,0,6,0,0,0,0,0,0,0,0,0,0,0,0,0,6,0,0,0,22,0,17,0,142,0,0,53,98,0,0,0,0,0,0,0,0,0,0,0,0,0,0,0,0,0,0,0,0,0,0,0,9,0,0,0,0,0,0,0,37,0,0,7,0,122,0,0,0,326,63,385,80,0,7,0
20,31,82,64,0,825,0,1,11,0,126,335,315,240,225,352,55,0,589,421,185,58,76,98,0,0,237,101,71,0,284,0,496,29,196,7,216,11,98,1,38,5,0,0,43,8,107,16,60,0,66,0,0,0,0,0,0,0,0,0,0,0,0,0,0,0,0,0,0,0,0,0,0,0,0,0,0,0,0,0,0,0,0,0,0,0,0,0,0,0,9,0,0,0,0,0,0,0,0,0,0,0,0,0,0,0,0,0,0,0,0,0,0,0,0,0,0,0,0,0,0,0,0,0,9,0,0,0,0,0,0,0,0,0,12,0,0,0,0,0,0,0,0,0,0,0,20,0,60,0,0,0,130,0,0,0,0,0,0,0,0,0,0,0,79,0,463,0,61,0,16,0,216,0,59,0,577,122,153,0,137,0,62,0,64,0,8,0,0,0,0,0,0,0,0,0,2,0,0,0,0,0,0,0,0,0,0,0,0,0,862,426,686,116,301,2,2,0,7,5,0,0,0,0,0
0,91,87,140,825,0,0,14,0,0,277,234,219,227,534,148,8,6,219,306,153,100,158,166,0,29,54,260,0,0,9,161,13,342,16,264,0,213,0,32,8,29,0,0,0,14,0,68,0,0,0,78,0,9,0,15,0,0,0,14,0,12,0,0,0,0,0,1,0,0,0,0,0,0,0,0,0,0,0,0,0,0,0,0,0,0,0,0,0,0,0,0,0,0,0,0,0,0,0,0,0,0,0,0,0,0,0,0,0,0,0,0,0,0,0,0,0,0,0,0,0,0,0,0,0,0,0,0,0,0,0,0,0,0,0,136,0,53,0,0,0,0,0,19,0,0,0,0,0,21,0,40,0,64,0,8,0,6,0,0,0,0,0,9,0,68,0,296,0,232,0,44,0,166,0,0,257,527,42,33,0,43,0,7,0,16,0,11,0,0,0,0,0,0,0,0,0,0,0,0,0,0,0,0,0,0,0,0,0,37,0,4,0,1,272,0,0,0,688,476,1016,198,10,15,1
6,109,42,3,0,0,0,0,8,241,10,0,0,0,8,0,58,15,10,0,0,0,24,0,173,102,0,0,13,0,0,0,0,0,4,0,11,0,105,0,0,0,6,0,10,0,0,0,80,0,12,0,324,31,342,88,39,0,50,0,346,0,510,48,47,0,126,5,0,0,0,0,0,1,0,0,0,0,0,0,0,0,0,0,0,0,0,0,0,0,12,0,0,0,0,0,29,0,0,0,0,0,0,0,8,0,0,0,0,0,0,0,0,0,0,0,0,0,0,0,0,0,0,0,60,0,27,0,9,0,180,0,0,0,93,0,23,0,3,0,3,0,20,3,0,0,19,0,31,0,14,0,0,0,20,0,37,0,8,0,141,0,0,0,7,0,0,0,9,0,183,0,159,0,1,0,0,43,0,0,0,0,0,0,0,0,0,0,0,0,0,0,0,0,0,0,1,0,32,0,0,0,0,0,0,0,0,0,26,0,663,120,653,391,393,0,57,0,0,0,0,0,0,0,0
158,21,0,38,1,14,0,0,168,53,0,0,0,0,0,27,12,8,0,0,0,0,6,7,143,261,0,0,0,132,0,0,0,24,0,0,0,30,0,260,0,0,0,0,0,0,0,0,0,1,0,0,16,21,29,178,0,5,0,6,0,352,70,114,0,8,0,21,0,0,0,0,0,0,0,0,0,0,0,0,0,0,0,2,0,0,0,2,0,0,0,0,0,0,0,0,0,1,0,0,0,0,0,6,0,0,0,0,0,0,0,0,0,0,0,0,0,0,0,0,0,0,0,0,0,22,0,43,0,0,0,71,0,28,0,42,0,23,0,0,0,0,0,0,0,0,0,0,0,0,0,22,0,0,0,6,0,25,0,0,0,35,0,4,0,7,0,6,2,13,0,35,14,107,0,0,9,31,0,0,0,0,9,0,0,0,0,0,0,0,0,0,0,0,0,2,0,0,0,11,0,0,0,0,0,0,0,0,0,118,4,0,12,0,312,0,0,0,620,65,395,243,0,78,2
75,75,8,0,11,0,8,168,0,791,25,0,9,0,27,0,7,5,32,0,0,0,0,0,10,111,19,0,0,0,4,0,0,0,0,0,6,0,5,0,3,0,0,0,2,0,10,0,38,0,0,0,384,47,47,300,9,0,44,139,176,9,259,66,158,0,161,77,1,0,0,0,0,0,0,0,0,0,0,0,0,0,0,0,0,0,0,0,0,0,0,0,0,0,0,0,0,0,0,1,0,0,0,0,3,0,0,0,0,0,0,0,0,0,0,0,0,0,0,0,0,0,0,0,38,0,8,0,0,0,85,0,0,0,18,0,0,1,0,1,0,0,0,0,1,0,51,0,173,0,4,0,7,0,41,5,69,2,0,0,59,0,0,0,4,0,6,0,0,0,123,0,24,0,0,0,124,174,0,0,0,0,25,2,201,0,0,0,0,0,0,0,0,0,0,0,0,0,7,0,0,0,0,0,3,0,3,0,10,0,267,117,307,217,153,2,38,1,0,0,0,0,0,0,0
38,67,0,0,0,0,241,53,791,0,0,49,0,0,1,0,0,0,0,0,0,0,0,0,51,20,0,0,0,2,0,0,0,2,0,0,0,5,0,14,0,0,0,0,0,0,0,0,0,2,0,0,63,116,257,88,4,0,82,111,6,357,72,123,0,364,21,219,0,0,0,0,0,0,0,0,0,0,0,0,0,0,0,2,0,0,0,2,0,0,0,0,0,0,0,0,3,0,0,4,0,4,0,0,0,0,2,0,0,0,0,0,0,0,0,0,0,0,0,0,0,0,0,0,0,82,0,85,0,0,0,133,0,18,0,20,0,10,0,2,0,2,0,0,0,0,0,74,0,120,0,58,0,30,1,16,0,97,0,3,0,20,0,0,0,8,1,0,0,18,4,92,0,91,0,0,13,475,0,0,0,6,0,3,19,79,0,0,0,0,0,0,0,2,0,0,0,2,0,0,2,1,0,0,0,3,0,27,0,157,0,7,9,0,235,0,0,0,596,103,254,175,5,106,0
258,0,22,68,126,277,10,0,25,0,0,135,309,0,24,248,27,0,130,47,122,10,0,62,0,0,137,0,44,0,128,0,392,0,60,0,140,0,80,0,56,0,0,0,38,0,115,0,16,0,0,0,0,0,0,0,0,0,0,0,0,0,0,0,0,0,0,0,0,0,0,0,0,0,0,0,0,0,0,0,3,0,0,0,0,0,0,0,0,0,0,0,0,0,0,0,0,0,0,0,0,0,0,0,0,0,0,0,0,0,0,0,0,0,0,0,0,0,0,0,0,0,0,0,0,0,0,0,0,0,0,0,0,0,0,0,0,0,0,0,0,0,0,0,0,0,21,0,56,0,20,0,137,0,0,0,0,0,0,0,0,0,0,0,11,0,118,0,22,0,5,0,100,0,20,0,306,42,120,0,100,0,51,0,71,0,26,0,0,0,0,0,0,0,0,0,0,0,5,0,0,0,0,0,0,0,0,0,0,0,410,223,237,0,124,0,0,0,3,0,0,0,0,0,0
30,190,149,9,335,234,0,0,0,49,135,0,0,436,304,14,19,25,35,201,67,96,277,139,8,0,0,284,0,20,5,92,0,303,0,66,3,172,0,93,0,191,0,0,0,78,0,154,0,29,0,14,0,18,0,3,0,0,0,0,0,0,0,4,0,40,0,1,0,0,0,0,0,0,0,0,0,0,0,0,0,0,0,0,0,5,0,0,0,1,0,0,0,0,0,0,0,2,0,0,0,0,0,0,0,0,0,0,0,0,0,0,0,0,0,0,0,0,0,0,0,0,0,0,0,0,0,0,0,0,0,0,0,0,0,9,0,0,0,0,0,0,0,0,0,0,0,0,0,56,0,115,0,253,0,12,0,11,0,0,0,0,0,3,0,10,0,11,0,41,0,17,0,67,0,35,188,546,6,56,0,175,0,35,0,87,0,17,0,0,0,0,0,0,0,0,0,0,0,0,0,0,0,0,0,0,0,3,0,13,0,0,0,0,158,0,0,0,490,248,328,80,0,12,0
113,0,41,0,315,219,0,0,9,0,309,0,0,423,39,10,0,0,109,373,37,13,0,0,0,0,252,438,0,0,8,0,4,0,147,3,24,0,0,0,535,36,82,0,85,29,433,199,30,0,196,4,0,0,0,0,0,0,0,0,0,0,0,0,0,0,0,0,0,0,0,0,0,0,0,0,0,0,0,0,0,0,0,0,0,0,0,0,0,0,0,0,0,0,0,0,0,0,0,0,4,0,0,0,0,0,0,0,0,0,0,0,0,0,0,0,0,0,0,0,0,0,0,0,12,0,0,0,0,0,17,0,0,0,0,0,0,0,0,0,0,0,0,0,0,0,0,0,0,0,0,0,88,0,0,0,0,0,0,0,0,0,0,0,105,0,0,0,0,0,0,0,0,0,0,0,521,77,267,0,112,0,28,0,46,0,210,8,0,0,0,0,0,0,0,0,0,0,0,0,0,0,0,0,0,0,0,0,0,0,55,147,259,0,14,0,0,2,0,2,0,0,0,0,0
0,43,0,16,240,227,0,0,0,0,0,436,423,0,84,3,0,0,468,31,75,7,0,0,0,0,232,183,0,0,1,0,0,0,15,55,0,0,0,0,200,435,11,124,0,151,78,464,2,224,51,188,0,0,0,0,0,0,0,0,0,0,0,0,0,0,0,0,0,0,0,0,0,0,0,0,0,0,0,0,0,0,0,0,0,0,0,0,0,0,0,0,0,0,0,0,0,0,0,0,0,0,0,0,0,0,0,0,0,0,0,0,0,0,0,0,0,0,0,0,0,0,0,0,0,0,0,0,0,0,0,0,0,0,0,0,0,1,0,0,0,0,0,0,0,0,0,0,0,0,0,16,0,0,0,0,0,0,0,0,0,0,0,0,0,59,0,0,0,85,0,5,0,0,0,0,81,442,5,44,0,34,0,7,0,0,74,124,0,0,0,0,0,0,0,0,0,0,0,0,0,0,0,0,0,0,0,0,0,0,0,0,0,0,0,0,0,0,0,266,328,21,0,0,0
27,8,238,12,225,534,8,0,27,1,24,304,39,84,0,224,21,0,277,162,442,33,277,33,40,0,125,21,13,0,355,16,139,31,261,6,113,10,0,0,0,0,0,0,0,0,0,0,12,0,37,0,9,0,51,0,0,0,0,0,3,0,0,0,9,0,1,0,0,0,0,0,0,0,0,0,0,0,0,0,11,0,0,0,16,0,0,0,0,0,49,0,0,0,0,0,93,0,0,0,0,0,0,0,0,0,0,0,0,0,0,0,0,0,0,0,0,0,0,0,4,0,0,0,22,0,10,0,0,0,33,3,6,0,125,0,85,0,0,0,0,0,133,0,0,0,26,1,84,0,18,0,0,0,19,0,0,0,5,0,13,0,0,0,43,0,435,0,32,0,9,0,57,0,0,0,79,37,3,0,12,0,53,0,60,0,0,0,0,0,0,0,0,0,0,0,0,0,0,0,0,0,0,0,0,0,0,0,0,0,178,112,246,39,66,1,0,1,0,0,0,0,0,0,0
15,17,84,257,352,148,0,27,0,0,248,14,10,3,224,0,13,24,11,298,66,217,183,341,2,157,4,80,0,6,4,222,18,227,3,81,2,60,0,16,0,0,0,17,0,4,0,0,0,0,0,0,0,0,0,67,0,0,0,0,0,0,0,51,0,0,0,0,0,0,0,0,0,0,0,0,0,0,0,2,0,271,0,0,0,272,0,61,0,0,0,0,0,0,0,0,0,44,0,175,0,139,0,0,0,0,0,0,0,0,0,0,0,0,0,0,0,0,0,0,0,0,0,26,0,0,0,0,0,0,0,0,0,0,0,287,0,171,0,36,0,54,0,144,0,8,0,0,0,0,0,0,0,0,0,1,0,0,0,0,0,0,0,0,0,0,0,98,0,62,0,17,0,74,0,0,56,34,19,0,0,0,0,0,0,0,0,0,0,0,0,0,0,0,0,0,0,0,0,0,0,12,0,0,0,0,0,0,0,28,0,3,0,0,52,0,0,0,224,402,224,44,0,0,0
87,69,204,49,55,8,58,12,7,0,27,19,0,0,21,13,0,8,35,0,196,0,94,18,109,67,201,0,311,0,247,0,24,0,81,0,20,0,138,3,0,0,51,0,12,0,2,0,5,0,21,0,99,0,21,0,14,0,0,0,15,0,227,0,0,0,0,0,0,0,5,0,5,0,8,1,0,0,0,0,100,0,0,0,309,0,11,0,76,0,177,0,0,0,53,0,524,0,452,0,324,0,53,0,0,0,87,0,0,0,0,0,0,0,0,0,0,0,0,0,39,0,152,0,0,0,0,0,96,0,6,0,0,0,20,0,168,0,322,2,128,0,282,0,8,0,0,0,0,3,0,0,0,0,306,0,1,0,163,0,11,3,5,0,0,0,10,0,0,0,1,0,15,0,0,0,15,16,0,0,0,0,97,0,0,0,0,0,0,0,0,0,0,0,0,0,0,0,0,0,120,0,0,0,0,0,0,0,0,0,10,72,41,12,7,0,0,0,1,0,0,0,0,0,0
49,30,12,78,0,6,15,8,5,0,0,25,0,0,0,24,8,0,0,22,1,173,26,267,32,98,0,0,0,514,0,52,0,53,0,0,0,0,0,225,0,0,0,0,0,0,0,0,0,0,0,0,0,95,0,45,0,15,0,0,0,37,1,289,0,0,0,0,0,0,0,0,0,0,0,0,0,0,0,0,0,300,0,0,0,522,0,59,0,0,0,0,0,0,0,61,0,0,0,103,0,86,0,0,0,1,0,0,0,0,0,0,0,0,0,0,0,0,0,0,0,58,0,51,0,0,0,0,0,80,0,0,0,0,0,167,0,385,0,223,0,303,0,367,0,4,0,0,0,0,0,0,0,0,0,87,0,0,0,22,0,8,0,0,0,0,0,1,0,8,0,6,0,13,0,0,1,0,0,0,0,0,3,0,0,0,0,0,0,0,0,0,0,0,0,0,0,0,0,0,0,0,0,0,0,0,0,0,0,0,0,4,4,0,13,0,0,0,27,185,46,25,0,6,2
58,0,154,0,589,219,10,0,32,0,130,35,109,468,277,11,35,0,0,349,466,19,270,0,31,0,409,283,0,0,12,0,0,0,371,11,43,8,0,0,7,29,100,0,49,15,67,103,0,0,405,9,15,0,0,0,0,0,0,0,0,0,0,0,14,0,1,0,0,0,3,0,0,0,5,0,7,0,0,0,0,0,0,0,26,0,12,0,0,0,94,0,0,0,0,0,0,0,0,0,95,0,0,0,0,0,86,0,0,0,0,0,0,0,0,0,0,0,0,0,0,0,0,0,30,0,20,0,0,0,54,0,0,0,0,0,0,0,0,0,0,0,0,0,0,0,41,0,79,0,28,0,0,0,0,0,0,0,0,0,0,0,0,0,187,0,72,0,80,0,7,0,0,0,7,0,120,15,20,0,13,0,53,0,62,0,5,0,0,0,0,0,0,0,0,0,2,0,0,0,0,0,0,0,0,0,0,0,15,0,118,237,277,25,27,0,0,0,0,1,0,0,0,0,0
4,149,7,189,421,306,0,0,0,0,47,201,373,31,162,298,0,22,349,0,92,140,0,225,0,27,93,452,0,0,3,91,3,8,19,652,0,202,0,0,21,0,0,151,4,74,0,41,1,0,48,241,0,24,0,0,0,0,0,9,0,26,0,45,0,0,0,0,0,0,0,0,0,0,0,0,0,0,0,0,0,0,0,0,0,228,0,114,0,0,0,0,0,0,0,0,0,0,0,0,0,148,0,0,0,0,0,0,0,0,0,0,0,0,0,0,0,0,0,0,0,89,0,0,0,0,0,0,0,0,0,0,0,5,0,153,0,86,0,0,0,69,0,86,0,19,0,0,0,28,0,0,0,0,0,4,0,27,0,0,0,0,0,8,13,62,0,97,0,160,0,21,0,43,0,0,67,106,7,17,0,0,0,0,0,0,0,3,0,0,0,0,0,0,0,0,0,0,0,0,0,0,0,0,0,0,0,8,0,0,4,0,0,0,59,0,0,0,168,339,375,55,6,9,0
14,0,225,15,185,153,0,0,0,0,122,67,37,75,442,66,196,1,466,92,0,6,634,10,83,0,655,61,33,0,339,2,46,6,58,3,60,1,2,0,0,3,55,0,21,4,0,17,8,0,52,1,0,0,33,0,0,0,0,0,2,0,89,0,0,0,0,0,0,0,19,0,0,0,24,0,0,0,0,0,196,0,0,0,184,0,40,0,0,0,171,0,0,0,86,0,387,0,392,0,367,0,0,0,0,0,97,0,0,0,0,0,0,0,0,0,0,0,0,0,55,0,94,0,0,0,0,0,0,0,0,0,0,0,0,0,85,0,73,2,37,0,153,0,15,0,0,0,0,0,0,0,0,0,44,0,0,0,0,0,0,0,0,0,30,0,59,0,35,0,0,0,0,0,0,0,14,0,15,0,0,4,3,0,5,0,0,0,0,0,0,0,0,0,0,0,0,0,0,0,87,0,0,0,0,0,0,0,0,0,96,232,88,3,14,0,0,0,0,0,0,0,0,0,0
0,9,0,70,58,100,0,0,0,0,10,96,13,7,33,217,0,173,19,140,6,0,5,405,0,31,0,80,0,115,1,196,0,69,0,276,0,97,0,15,0,0,0,44,0,40,0,3,0,0,2,34,0,34,0,0,0,6,0,0,0,0,0,117,0,0,0,0,0,1,0,34,0,0,0,115,0,0,0,0,0,610,0,0,0,475,0,185,0,12,0,0,0,0,0,0,0,0,0,122,0,0,0,0,0,0,0,0,0,0,0,0,0,0,0,0,0,0,0,0,0,291,0,267,0,0,0,0,0,0,0,0,0,0,0,0,0,233,0,273,0,689,0,555,0,160,0,0,0,0,0,0,0,0,0,0,0,0,0,0,0,0,0,0,0,0,0,84,0,69,0,11,0,23,0,0,0,3,0,1,0,0,0,0,0,0,0,0,0,0,0,0,0,0,0,0,0,0,0,0,0,0,0,0,0,0,0,0,0,0,0,0,0,0,45,0,0,0,186,413,195,37,0,3,0
16,163,371,269,76,158,24,6,0,0,0,277,0,0,277,183,94,26,270,0,634,5,0,147,80,99,251,0,99,0,154,0,55,0,35,0,21,5,77,7,0,0,0,0,13,0,0,0,6,0,0,0,9,0,105,0,0,0,3,0,0,0,28,0,0,0,0,0,0,0,0,0,0,0,0,0,0,0,0,0,0,0,0,0,33,0,0,0,0,0,105,0,0,0,0,0,225,0,80,3,72,0,0,0,0,0,94,0,0,0,0,0,0,0,0,0,0,0,0,0,3,0,0,0,0,0,0,0,49,0,0,0,16,0,106,0,159,0,0,0,18,0,199,0,0,0,0,0,12,0,0,0,0,0,76,0,2,0,15,0,5,0,0,0,0,0,27,0,0,0,5,0,77,0,0,0,80,76,1,0,0,0,4,0,12,0,0,0,0,0,0,0,0,0,0,0,0,0,22,0,99,0,0,0,0,0,0,0,0,0,70,83,66,25,29,0,0,0,0,0,3,0,0,0,0
32,36,51,227,98,166,0,7,0,0,62,139,0,0,33,341,18,267,0,225,10,405,147,0,13,143,0,51,0,93,0,140,5,142,0,33,0,22,0,25,0,0,0,0,0,10,0,0,0,8,0,0,0,46,0,28,0,2,0,1,0,5,0,202,0,0,0,0,0,0,0,0,0,0,0,19,0,0,0,0,0,459,0,0,0,556,0,118,0,0,0,5,0,0,0,0,0,0,0,208,0,182,0,0,0,0,0,0,0,0,0,0,0,0,0,0,0,0,0,0,0,119,0,62,0,0,0,0,0,0,0,0,0,0,0,164,0,198,0,70,0,159,0,316,0,0,0,0,0,0,0,0,0,0,0,0,0,0,0,0,0,0,0,0,0,0,0,15,0,21,0,9,0,29,0,0,0,14,0,0,0,0,0,0,0,0,0,0,0,0,0,0,0,0,0,0,0,0,0,0,0,0,0,0,0,0,0,0,0,0,0,3,0,0,18,0,0,0,50,693,78,15,0,0,0
12,317,130,44,0,0,173,143,10,51,0,8,0,0,40,2,109,32,31,0,83,0,80,13,0,181,0,0,98,0,36,0,0,1,4,0,5,0,103,7,0,0,0,0,0,0,0,0,13,0,0,0,57,2,220,9,14,0,0,0,30,4,116,11,0,7,0,0,0,0,0,0,0,0,0,3,0,0,0,0,0,2,0,0,0,1,0,0,0,0,26,0,0,0,0,0,65,0,0,0,0,0,0,0,0,0,41,0,0,0,0,0,0,0,0,0,0,0,0,0,0,0,0,0,0,0,0,0,89,0,10,10,27,0,89,0,169,0,19,2,14,4,147,0,0,1,0,0,0,9,10,0,0,0,137,0,0,0,49,0,24,0,0,0,0,0,4,0,4,0,6,0,46,0,0,0,12,41,0,0,0,3,39,0,1,2,0,0,0,0,0,0,0,0,0,0,0,0,24,0,62,0,0,0,0,0,0,0,10,0,47,14,72,41,35,0,0,0,4,1,5,0,0,0,0
215,17,67,155,0,29,102,261,111,20,0,0,0,0,0,157,67,98,0,27,0,31,99,143,181,0,0,0,7,158,0,10,0,17,0,0,0,38,4,181,0,0,0,0,0,0,0,0,0,0,0,1,3,0,13,304,0,27,0,3,16,152,38,68,0,0,0,0,0,0,0,0,0,0,0,0,0,0,0,0,0,46,0,0,0,103,0,0,0,0,0,0,0,0,0,0,0,0,0,32,0,0,0,0,0,0,0,0,0,0,0,0,0,0,0,0,0,0,0,0,0,0,0,0,0,0,0,0,0,15,0,10,0,0,0,268,0,304,0,88,0,63,0,111,0,2,0,0,0,0,0,0,0,0,0,46,0,3,0,0,0,4,0,1,0,4,0,3,0,9,6,25,17,126,0,0,19,10,0,0,0,0,14,0,0,0,0,0,0,0,0,0,0,0,0,0,0,0,0,0,0,0,0,0,0,0,0,4,0,44,16,0,10,0,86,0,0,0,211,261,204,68,0,21,0
33,0,93,0,237,54,0,0,19,0,137,0,252,232,125,4,201,0,409,93,655,0,251,0,0,0,0,304,11,0,78,0,9,0,55,0,113,0,0,0,41,56,380,0,259,20,259,237,14,0,431,5,11,0,0,0,0,0,0,0,0,0,37,0,0,0,0,0,5,0,64,0,0,0,48,0,0,0,0,0,352,0,0,0,188,0,0,0,0,0,198,0,63,0,164,0,520,0,664,0,0,0,0,0,0,0,0,0,1,0,0,0,0,0,0,0,0,0,0,0,111,0,0,0,13,0,0,0,0,0,0,0,0,0,0,0,111,0,0,0,30,0,0,0,36,0,16,0,41,0,0,0,30,0,0,0,0,0,0,0,0,0,0,0,248,0,42,0,89,0,0,0,0,0,0,0,49,25,32,0,23,2,41,0,30,0,72,0,0,0,0,0,0,0,0,0,0,0,0,0,0,0,0,0,0,0,0,0,0,0,76,334,675,25,20,0,0,9,0,0,0,0,0,0,0
0,117,0,30,101,260,0,0,0,0,0,284,438,183,21,80,0,0,283,452,61,80,0,51,0,0,304,0,0,0,0,11,0,10,20,132,1,71,0,0,270,10,61,582,7,634,107,224,0,41,110,456,0,21,0,0,0,0,0,0,0,14,0,18,0,5,0,0,0,0,0,0,0,0,0,0,0,0,0,0,0,0,0,0,0,0,0,0,0,2,0,0,0,2,0,0,0,0,0,0,0,0,0,0,0,0,0,0,0,0,0,0,0,0,0,0,0,0,0,0,0,0,0,0,0,0,0,8,0,0,0,0,0,0,0,0,0,0,0,0,0,0,0,69,0,0,0,0,0,0,0,0,0,0,0,0,0,0,0,4,0,0,0,0,0,291,0,38,0,227,0,0,0,0,0,0,23,111,0,4,0,0,0,0,0,0,87,31,0,0,0,0,0,0,0,0,0,0,0,0,0,0,0,0,0,0,0,0,0,0,0,0,0,0,19,0,0,0,67,704,734,41,0,0,10
168,0,355,0,71,0,13,0,0,0,44,0,0,0,13,0,311,0,0,0,33,0,99,0,98,7,11,0,0,0,36,0,19,0,23,0,19,0,27,0,0,0,12,0,2,0,0,0,0,0,6,0,10,0,7,0,0,0,0,0,1,0,53,0,0,0,0,0,0,0,8,0,2,0,22,0,0,0,0,0,78,0,0,0,73,0,19,0,0,0,0,0,0,0,29,0,47,0,127,0,75,0,0,0,0,0,0,0,0,0,0,0,0,0,0,0,0,0,0,0,34,0,59,0,0,0,0,0,0,0,0,0,0,0,0,0,0,0,90,0,74,0,47,0,33,0,0,0,0,0,0,0,0,0,21,0,2,0,49,1,0,0,1,0,0,0,2,0,0,0,0,0,0,0,0,0,0,0,0,0,0,0,33,0,0,0,0,0,0,0,0,0,0,0,0,0,0,0,0,0,0,0,0,0,0,0,0,0,0,0,6,30,0,0,0,0,0,0,0,0,0,0,0,0,0
0,119,0,133,0,0,0,132,0,2,0,20,0,0,0,6,0,514,0,0,0,115,0,93,0,158,0,0,0,0,0,61,0,63,0,57,0,16,0,45,0,0,0,0,0,0,0,0,0,0,0,1,0,10,0,7,0,3,0,0,0,24,0,46,0,0,0,0,0,0,0,0,0,0,0,0,0,0,0,0,0,0,0,0,0,41,0,0,0,0,0,0,0,0,0,0,0,0,0,19,0,0,0,0,0,0,0,0,0,0,0,0,0,0,0,0,0,0,0,0,0,0,0,3,0,0,0,0,0,0,0,0,0,8,0,0,0,88,0,192,0,95,0,50,0,12,0,0,0,0,0,0,0,0,0,23,0,0,0,12,0,3,0,0,0,0,0,0,0,0,0,0,0,0,0,0,0,0,0,0,0,0,0,0,0,0,0,0,0,0,0,0,0,0,0,0,0,0,0,0,0,0,0,0,0,0,0,0,0,0,0,0,0,0,0,0,0,0,0,38,2,0,0,1,0
40,4,272,0,284,9,0,0,4,0,128,5,8,1,355,4,247,0,12,3,339,1,154,0,36,0,78,0,36,0,0,0,7,1,140,0,10,0,0,0,0,0,43,0,0,0,0,0,0,0,44,0,2,0,5,0,0,0,0,0,3,0,29,0,1,0,0,0,0,0,19,0,1,0,12,0,0,0,0,0,105,0,0,0,89,0,28,0,50,0,48,0,0,0,0,0,0,0,204,0,156,0,0,0,0,0,26,0,0,0,0,0,0,0,0,0,0,0,0,0,43,0,49,0,0,0,0,0,0,0,0,0,0,0,0,0,16,0,47,0,0,0,0,0,31,0,0,0,0,0,0,0,0,0,4,0,0,0,0,0,0,0,0,0,0,0,0,0,5,0,1,0,8,0,0,0,30,0,17,0,0,0,12,0,0,0,0,0,0,0,0,0,0,0,0,0,0,0,0,0,0,0,0,0,0,0,0,0,0,0,43,75,23,0,0,0,0,0,0,0,0,0,0,0,0
0,21,0,88,0,161,0,0,0,0,0,92,0,0,16,222,0,52,0,91,2,196,0,140,0,10,0,11,0,61,0,0,0,20,0,43,0,23,0,0,0,0,0,4,0,0,0,0,0,1,0,3,0,2,0,0,0,0,0,0,0,0,0,0,0,0,0,0,0,0,0,0,0,0,0,0,0,0,0,0,0,0,0,0,0,47,0,15,0,0,0,0,0,0,0,0,0,0,0,0,0,0,0,0,0,0,0,0,0,0,0,0,0,0,0,0,0,0,0,0,0,0,0,0,0,0,0,0,0,0,0,0,0,0,0,0,0,0,0,41,0,62,0,40,0,19,0,0,0,0,0,0,0,0,0,0,0,0,0,0,0,0,0,0,0,0,0,7,0,0,0,0,0,3,0,0,0,7,0,0,0,0,0,0,0,0,0,0,0,0,0,0,0,0,0,0,0,0,0,0,0,0,0,0,0,0,0,0,0,0,0,0,0,0,0,0,0,0,0,64,9,0,0,1,0
60,0,202,0,496,13,0,0,0,0,392,0,4,0,139,18,24,0,0,3,46,0,55,5,0,0,9,0,19,0,7,0,0,0,44,0,212,0,0,0,0,0,24,0,0,0,0,0,0,0,5,0,3,0,0,0,0,0,0,1,12,0,21,0,0,0,0,0,0,0,17,0,0,0,14,0,0,0,0,0,41,0,0,0,33,0,0,0,0,0,0,0,0,0,0,0,0,0,66,0,36,0,0,0,0,0,0,0,0,0,0,0,0,0,0,0,0,0,0,0,11,0,23,0,0,0,0,0,0,0,3,0,0,0,0,0,0,0,81,0,48,0,16,0,45,0,0,0,0,0,0,0,13,0,0,0,22,0,57,1,0,0,0,0,0,0,26,0,0,0,0,0,12,0,0,0,89,6,47,0,13,0,7,0,17,0,0,0,0,0,0,0,0,0,0,0,0,0,0,0,0,0,0,0,0,0,0,0,0,0,0,47,22,0,0,0,0,0,0,0,0,0,0,0,0
0,144,0,281,29,342,0,24,0,2,0,303,0,0,31,227,0,53,0,8,6,69,0,142,1,17,0,10,0,63,1,20,0,0,0,95,0,108,0,17,0,0,0,15,0,6,0,0,0,0,0,14,0,9,0,7,0,0,0,0,0,22,0,14,0,0,0,0,0,0,0,0,0,0,0,0,0,0,0,0,0,0,0,0,0,0,0,0,0,0,0,0,0,0,0,0,0,0,0,0,0,0,0,0,0,0,0,0,0,0,0,0,0,0,0,0,0,0,0,0,0,10,0,0,0,0,0,0,0,0,0,0,0,0,0,0,0,0,0,125,0,63,0,17,0,93,0,0,0,0,0,6,0,0,0,0,0,22,0,14,0,0,0,0,0,0,0,33,0,9,0,11,0,53,0,0,13,24,0,0,0,0,0,0,0,0,0,0,0,0,0,0,0,0,0,0,0,0,0,0,0,0,0,0,0,0,0,0,0,0,0,0,0,0,0,0,0,0,20,176,23,0,0,1,0
0,0,17,0,196,16,4,0,0,0,60,0,147,15,261,3,81,0,371,19,58,0,35,0,4,0,55,20,23,0,140,0,44,0,0,0,41,0,0,0,0,0,36,0,0,0,0,13,2,0,52,0,0,0,0,0,0,0,2,0,0,0,6,0,0,0,0,0,0,0,32,0,0,0,32,0,0,0,0,0,128,0,0,0,73,0,26,0,0,0,0,0,0,0,0,0,64,0,153,0,108,0,0,0,0,0,0,0,0,0,0,0,1,0,0,0,0,0,0,0,46,0,39,0,0,0,2,0,0,0,4,0,0,0,0,0,0,0,0,0,0,0,31,0,45,0,0,0,0,0,0,0,0,0,0,0,0,0,0,0,0,0,0,0,59,0,87,0,40,0,2,0,0,0,0,0,14,0,81,0,5,0,0,0,0,0,22,0,2,0,0,0,0,0,0,0,0,0,0,0,0,0,0,0,0,0,0,0,0,0,78,112,118,0,23,0,0,0,0,0,0,0,0,0,0
0,7,0,0,7,264,0,0,0,0,0,66,3,55,6,81,0,0,11,652,3,276,0,33,0,0,0,132,0,57,0,43,0,95,0,0,0,210,0,72,0,0,0,19,0,8,0,0,0,0,0,27,0,0,0,4,0,0,0,13,0,12,0,6,0,0,0,0,0,0,0,23,0,0,0,59,0,0,0,0,0,0,0,0,0,95,0,73,0,0,0,0,0,0,0,0,0,0,0,0,0,0,0,0,0,0,0,0,0,0,0,0,0,0,0,0,0,0,0,0,0,124,0,112,0,0,0,0,0,0,0,0,0,0,0,0,0,0,0,225,0,303,0,167,0,131,0,0,0,0,0,0,0,0,0,0,0,0,0,13,0,0,0,0,0,14,0,108,0,70,0,10,0,31,0,0,0,0,0,0,0,0,0,0,0,0,0,26,0,0,0,0,0,0,0,0,0,0,0,0,0,0,0,0,0,0,0,0,0,0,0,0,0,0,13,0,0,0,40,102,140,0,0,0,0
91,0,61,0,216,0,11,0,6,0,140,3,24,0,113,2,20,0,43,0,60,0,21,0,5,0,113,1,19,0,10,0,212,0,41,0,0,0,16,0,0,0,123,0,33,0,0,0,3,0,88,0,0,0,0,0,0,0,21,0,20,0,10,0,0,0,0,0,0,0,171,0,26,0,110,0,0,0,0,0,222,0,0,0,59,0,84,0,0,0,0,0,0,0,0,0,0,0,217,0,192,0,0,0,1,0,0,0,0,0,0,0,0,0,0,0,0,0,0,0,125,0,57,0,0,0,0,0,0,0,0,0,0,0,0,0,0,0,134,0,146,0,43,0,191,0,0,1,0,0,0,0,0,0,16,0,27,0,51,0,1,0,41,0,34,0,52,0,28,0,17,0,60,0,0,0,22,0,27,0,0,0,9,0,0,0,0,0,0,0,0,0,0,0,0,0,0,0,0,0,0,0,0,0,0,0,0,0,0,0,19,100,32,0,8,0,0,0,0,0,0,0,0,0,0
0,160,0,92,11,213,0,30,0,5,0,172,0,0,10,60,0,0,8,202,1,97,5,22,0,38,0,71,0,16,0,23,0,108,0,210,0,0,0,30,0,2,0,173,0,25,0,0,0,0,0,117,0,8,0,5,0,5,0,13,0,34,0,9,0,3,0,3,0,0,0,18,0,0,0,40,0,0,0,0,0,70,0,0,0,0,0,26,0,0,0,0,0,0,0,0,0,0,0,0,0,0,0,0,0,0,0,0,0,0,0,0,0,0,0,0,0,0,0,0,0,0,0,76,0,0,0,0,0,0,0,0,0,0,0,0,0,22,0,181,0,241,0,85,0,217,0,0,0,0,0,0,0,0,0,7,0,62,0,0,0,0,0,5,0,23,0,94,0,58,0,19,0,146,0,0,0,0,0,4,0,0,0,0,0,0,0,0,0,0,0,0,0,0,0,0,0,0,0,0,0,0,0,0,0,2,0,0,0,0,0,0,0,0,4,0,0,0,26,234,68,6,0,0,0
375,0,455,0,98,0,105,0,5,0,80,0,0,0,0,0,138,0,0,0,2,0,77,0,103,4,0,0,27,0,0,0,0,0,0,0,16,0,0,0,0,0,0,0,0,0,0,0,0,0,0,0,7,0,3,0,1,0,2,0,18,0,27,0,0,0,0,0,0,0,7,0,0,0,6,0,0,0,0,0,34,0,0,0,8,0,0,0,0,0,0,0,0,0,0,0,0,0,33,1,0,0,0,0,0,0,0,0,0,0,0,0,0,0,0,0,0,0,0,0,13,0,0,0,0,0,0,0,0,0,0,0,3,0,6,0,0,0,88,0,34,0,0,0,31,0,0,0,0,0,0,0,0,0,19,0,27,0,69,0,0,0,8,0,0,0,5,0,0,0,0,0,164,0,0,0,26,13,0,0,0,0,68,0,0,0,0,0,0,0,0,0,0,0,0,0,0,0,0,0,0,0,0,0,0,0,0,0,0,0,29,74,9,0,4,0,0,0,0,0,0,0,0,0,0
4,407,3,255,1,32,0,260,0,14,0,93,0,0,0,16,3,225,0,0,0,15,7,25,7,181,0,0,0,45,0,0,0,17,0,72,0,30,0,0,0,0,0,0,0,0,0,0,0,0,0,3,0,11,0,12,0,0,0,0,0,6,0,19,0,0,0,0,0,0,0,0,0,0,0,0,0,0,0,0,0,0,0,0,0,0,0,3,0,0,0,0,0,0,0,0,0,0,0,0,0,0,0,0,0,0,0,0,0,0,0,0,0,0,0,0,0,0,0,0,0,0,0,0,0,0,0,0,0,0,0,0,0,0,0,0,0,0,0,256,0,49,0,7,0,107,0,0,0,0,0,4,0,0,0,20,0,32,0,42,0,0,0,0,0,0,0,0,0,1,0,13,0,80,0,0,0,11,0,0,0,0,0,2,0,2,0,0,0,0,0,0,0,0,0,0,0,0,0,0,0,0,0,0,0,0,0,0,0,0,0,0,0,0,18,0,0,0,30,134,40,19,0,3,0
0,0,0,0,38,8,0,0,3,0,56,0,535,200,0,0,0,0,7,21,0,0,0,0,0,0,41,270,0,0,0,0,0,0,0,0,0,0,0,0,0,181,23,0,35,89,168,659,120,136,8,0,0,0,0,0,0,0,0,0,0,0,0,0,0,0,0,0,0,0,0,0,0,0,0,0,0,0,0,0,0,0,0,0,0,0,0,0,0,0,0,0,0,0,0,0,0,0,0,0,0,0,0,0,0,0,0,0,0,0,0,0,0,0,0,0,0,0,0,0,0,0,0,0,0,0,0,0,0,0,0,0,0,0,0,0,0,0,0,0,0,0,0,0,0,0,0,0,0,0,0,0,0,0,0,0,0,0,0,0,0,0,0,0,5,0,0,0,0,0,0,0,0,0,0,0,47,53,18,0,0,0,0,0,0,0,210,12,0,0,0,0,0,0,0,0,0,0,0,0,0,0,0,0,0,0,0,0,0,0,0,112,50,0,0,0,1,17,0,23,0,0,0,0,0
0,15,0,0,5,29,0,0,0,0,0,191,36,435,0,0,0,0,29,0,3,0,0,0,0,0,56,10,0,0,0,0,0,0,0,0,0,2,0,0,181,0,0,68,7,105,107,174,8,435,7,33,0,0,0,0,0,0,0,0,0,0,0,0,0,0,0,0,0,0,0,0,0,0,0,0,0,0,0,0,0,0,0,0,0,0,0,0,0,0,0,0,0,0,0,0,0,0,0,0,0,0,0,0,0,0,0,0,0,0,0,0,0,0,0,0,0,0,0,0,0,0,0,0,0,0,0,0,0,0,0,0,0,0,0,0,0,0,0,0,0,0,0,0,0,0,0,0,0,0,0,0,0,0,0,0,0,0,0,0,0,0,0,0,0,27,0,0,0,0,0,0,0,0,0,0,0,58,0,0,0,0,0,0,0,0,58,22,0,0,0,0,0,0,0,0,0,0,0,0,0,0,0,0,0,0,0,0,0,0,0,1,0,0,0,0,0,0,1,0,38,0,0,0,17
0,0,0,0,0,0,6,0,0,0,0,0,82,11,0,0,51,0,100,0,55,0,0,0,0,0,380,61,12,0,43,0,24,0,36,0,123,0,0,0,23,0,0,0,250,4,53,43,19,0,69,0,0,0,0,0,4,0,0,0,0,0,6,0,0,0,0,0,0,0,77,0,0,0,60,0,8,0,0,0,252,0,0,0,66,0,0,0,0,0,25,0,0,0,78,0,0,0,0,0,0,0,0,0,0,0,0,0,0,0,0,0,0,0,0,0,0,0,0,0,86,0,0,0,0,0,0,0,0,0,0,0,0,0,0,0,0,0,17,0,29,0,0,0,70,0,0,0,0,0,0,0,0,0,0,0,0,0,0,0,0,0,16,0,37,1,9,0,24,0,5,0,16,0,0,0,3,1,13,0,0,0,0,0,0,0,48,0,0,0,0,0,0,0,3,0,0,0,0,0,0,0,0,0,0,0,0,0,0,0,35,30,105,9,10,0,0,0,0,1,0,0,0,0,0
0,0,0,0,0,0,0,0,0,0,0,0,0,124,0,17,0,0,0,151,0,44,0,0,0,0,0,582,0,0,0,4,0,15,0,19,0,173,0,0,0,68,0,0,0,274,0,53,0,16,1,78,0,0,0,0,0,0,0,0,0,0,0,6,0,0,0,0,0,0,0,0,0,0,0,0,0,0,0,0,0,0,0,0,0,0,0,0,0,0,0,0,0,0,0,0,0,0,0,0,0,0,0,1,0,0,0,0,0,0,0,0,0,0,0,0,0,0,0,0,0,32,0,0,0,0,0,0,0,0,0,0,0,0,0,7,0,0,0,44,0,88,0,44,0,46,0,0,0,0,0,0,0,0,0,0,0,0,0,0,0,0,0,0,0,91,0,34,0,56,0,0,0,16,0,0,0,0,0,0,0,0,0,0,0,0,0,100,0,0,0,0,0,0,0,0,0,0,0,0,0,0,0,0,0,0,0,0,0,0,0,0,0,0,0,0,0,0,78,147,133,0,4,1,0
13,0,0,0,43,0,10,0,2,0,38,0,85,0,0,0,12,0,49,4,21,0,13,0,0,0,259,7,2,0,0,0,0,0,0,0,33,0,0,0,35,7,250,0,0,0,297,26,186,37,139,0,0,0,0,0,12,0,6,0,1,0,0,0,0,0,0,0,26,0,31,0,0,0,0,0,31,0,0,0,88,0,102,0,40,0,0,0,0,0,25,0,65,0,48,0,82,0,128,0,133,0,40,0,40,0,27,0,4,0,0,0,0,0,0,0,0,0,0,0,24,0,0,0,0,0,0,0,0,0,0,0,0,0,0,0,0,0,0,0,0,0,0,0,6,0,0,0,0,0,0,0,0,0,0,0,4,0,6,0,11,0,16,0,313,0,22,0,47,0,2,0,6,0,5,0,15,6,15,0,0,0,5,0,7,0,28,0,31,0,0,0,0,0,0,0,0,0,0,0,0,0,0,0,0,0,0,0,0,0,63,85,415,22,20,0,4,25,0,0,0,0,0,0,0
0,0,0,0,8,14,0,0,0,0,0,78,29,151,0,4,0,0,15,74,4,40,0,10,0,0,20,634,0,0,0,0,0,6,0,8,0,25,0,0,89,105,4,274,0,0,86,303,17,122,10,34,0,3,0,0,0,0,0,7,0,5,0,0,0,0,0,0,0,14,0,15,0,2,0,23,0,19,0,0,0,39,0,39,0,17,0,22,0,0,0,0,0,9,0,35,0,0,0,0,0,14,0,0,0,0,0,0,0,0,0,0,0,0,0,0,0,0,0,0,0,11,0,23,0,0,0,0,0,0,0,4,0,0,0,0,0,0,0,0,0,21,0,11,0,0,0,0,0,0,0,0,0,0,0,0,0,0,0,0,0,0,0,2,0,276,0,11,0,135,0,0,0,10,0,0,0,54,0,0,0,0,0,0,0,0,15,71,0,0,0,0,0,0,0,0,0,0,0,0,0,0,0,0,0,0,0,0,0,0,0,0,0,0,14,0,0,1,59,257,267,0,0,0,148
44,0,18,0,107,0,0,0,10,0,115,0,433,78,0,0,2,0,67,0,0,0,0,0,0,0,259,107,0,0,0,0,0,0,0,0,0,0,0,0,168,107,53,0,297,86,0,437,229,210,12,0,0,0,0,0,0,0,0,0,0,0,0,0,0,0,0,0,8,0,0,0,0,0,0,0,0,0,0,0,0,0,0,0,0,0,0,0,0,0,0,0,13,0,3,0,0,0,0,0,0,0,0,0,0,0,0,0,0,0,0,0,0,0,0,0,0,0,0,0,0,0,0,0,11,0,0,0,0,0,0,0,0,0,0,0,0,0,0,0,0,0,0,0,0,0,0,0,0,0,0,0,0,0,0,0,0,0,0,0,0,0,0,0,61,0,0,0,6,0,0,0,0,0,6,0,17,45,26,0,0,0,14,0,0,0,120,0,0,0,0,0,0,0,0,0,0,0,0,0,0,0,0,0,0,0,0,0,3,0,0,337,246,3,0,0,0,100,0,21,0,0,0,0,5
0,20,0,4,16,68,0,0,0,0,0,154,199,464,0,0,0,0,103,41,17,3,0,0,0,0,237,224,0,0,0,0,0,0,13,0,0,0,0,0,659,174,43,53,26,303,437,0,26,105,61,22,0,0,0,0,0,0,0,0,0,0,0,0,0,0,0,0,0,3,0,0,0,0,0,0,0,0,0,0,0,0,0,10,0,0,0,0,0,0,0,0,0,0,0,6,0,0,0,0,0,0,0,0,0,0,0,0,0,0,0,0,0,0,0,0,0,0,0,0,0,0,0,0,0,0,0,0,0,0,0,0,0,0,0,0,0,0,0,0,0,0,0,0,0,0,0,0,0,0,0,0,0,0,0,0,0,0,0,0,0,0,0,0,0,43,0,0,0,0,0,0,0,0,0,0,0,100,0,1,0,0,0,0,0,0,98,27,0,0,0,0,0,0,0,0,0,1,0,0,0,0,0,0,0,0,0,0,0,0,0,0,0,0,0,0,0,0,0,494,114,0,0,0,60
52,3,52,0,60,0,80,0,38,0,16,0,30,2,12,0,5,0,0,1,8,0,6,0,13,0,14,0,0,0,0,0,0,0,2,0,3,0,0,0,120,8,19,0,186,17,229,26,0,79,10,0,11,0,53,0,31,0,41,0,7,0,1,0,0,0,2,0,21,0,0,0,0,0,0,0,2,0,0,0,8,0,37,0,0,0,8,0,4,0,4,0,75,0,26,0,0,0,0,0,35,0,56,0,35,0,5,0,1,0,0,0,0,0,0,0,0,0,0,0,0,0,0,0,0,0,5,0,0,0,2,0,0,2,0,0,0,1,0,0,0,0,7,0,0,0,2,1,0,0,6,0,13,0,2,1,0,0,0,0,21,0,1,0,61,4,3,0,9,0,1,0,3,0,0,0,172,7,15,0,16,1,7,0,0,0,162,1,26,0,18,0,25,0,25,0,2,0,22,0,10,0,26,0,23,0,0,0,0,0,106,144,470,26,129,5,10,19,0,2,4,4,0,0,3
0,0,0,0,0,0,0,1,0,2,0,29,0,224,0,0,0,0,0,0,0,0,0,8,0,0,0,41,0,0,0,1,0,0,0,0,0,0,0,0,136,435,0,16,37,122,210,105,79,0,0,0,0,0,0,0,0,0,0,1,0,0,0,0,0,0,0,0,0,5,0,0,0,0,0,0,0,9,0,0,0,0,0,20,0,2,0,0,0,1,0,0,0,4,0,8,0,0,0,0,0,2,0,4,0,0,0,0,0,0,0,0,0,0,0,0,0,0,0,0,0,0,0,0,0,0,0,0,0,0,0,0,0,0,0,0,0,1,0,0,0,0,0,0,0,0,0,0,0,0,0,0,0,3,0,0,0,2,0,0,0,1,0,0,1,85,0,0,0,34,0,0,0,0,0,0,0,134,0,4,0,0,0,0,0,0,75,192,0,0,0,0,0,0,0,0,0,0,0,0,0,0,0,0,0,0,0,0,0,0,0,5,2,0,0,0,0,3,2,43,25,0,3,2,69
0,0,0,0,66,0,12,0,0,0,0,0,196,51,37,0,21,0,405,48,52,2,0,0,0,0,431,110,6,0,44,0,5,0,52,0,88,0,0,0,8,7,69,1,139,10,12,61,10,0,0,1,1,0,0,0,0,0,8,0,0,0,0,0,0,0,1,0,0,0,32,0,6,0,28,0,20,0,6,0,72,0,0,0,18,0,0,0,31,0,17,0,30,0,0,0,27,0,103,0,96,0,12,0,0,0,0,0,0,0,0,0,0,0,0,0,0,0,0,0,0,0,0,0,0,0,0,0,0,0,0,0,0,0,0,0,0,0,0,0,0,0,14,0,30,0,2,0,0,0,0,0,0,0,4,0,0,0,0,0,4,0,19,0,166,0,70,0,90,0,19,0,41,0,0,0,22,3,43,0,0,0,0,0,0,0,52,0,0,0,0,0,0,0,0,0,2,0,0,0,9,0,0,0,0,0,0,0,0,0,74,70,185,24,32,0,3,0,0,0,0,0,0,0,0
0,5,0,0,0,78,0,0,0,0,0,14,4,188,0,0,0,0,9,241,1,34,0,0,0,1,5,456,0,1,0,3,0,14,0,27,0,117,0,3,0,33,0,78,0,34,0,22,0,0,1,0,0,2,0,0,0,0,0,58,0,3,0,0,0,0,0,0,0,0,0,20,0,0,0,52,0,0,0,0,0,52,0,15,0,0,0,26,0,0,0,0,0,0,0,0,0,0,0,0,0,0,0,0,0,0,0,0,0,0,0,0,0,1,0,0,0,0,0,0,0,48,0,39,0,0,0,0,0,0,0,0,0,0,0,0,0,0,0,0,0,66,0,25,0,30,0,0,0,0,0,0,0,0,0,0,0,0,0,0,0,0,0,12,0,66,0,54,0,96,0,22,0,65,0,0,0,0,0,2,0,0,0,0,0,0,0,55,0,0,0,0,0,0,0,0,0,0,0,0,0,0,0,0,0,0,0,0,0,0,0,0,0,0,26,0,0,0,103,94,120,11,0,1,0
26,9,14,0,0,0,324,16,384,63,0,0,0,0,9,0,99,0,15,0,0,0,9,0,57,3,11,0,10,0,2,0,3,0,0,0,0,0,7,0,0,0,0,0,0,0,0,0,11,0,1,0,0,1,243,21,152,0,39,20,17,0,50,3,0,0,0,24,0,0,3,0,0,0,0,1,0,0,0,0,0,0,0,0,21,0,0,0,0,0,0,0,0,0,0,0,0,0,19,0,0,0,0,0,0,0,0,0,0,0,0,0,0,0,0,0,0,0,0,0,0,0,16,0,0,0,8,0,45,0,17,0,4,0,14,0,39,0,149,0,52,0,36,0,15,0,0,0,0,0,8,0,0,0,764,0,35,0,293,0,54,0,37,0,4,0,0,0,7,0,94,0,4,0,0,0,2,5,0,0,0,0,7,0,4,0,0,0,0,0,0,0,0,0,0,0,0,0,0,0,0,0,0,0,0,0,0,0,0,0,72,40,144,121,46,1,13,1,0,0,0,0,0,0,0
1,28,0,0,0,9,31,21,47,116,0,18,0,0,0,0,0,95,0,24,0,34,0,46,2,0,0,21,0,10,0,2,0,9,0,0,0,8,0,11,0,0,0,0,0,3,0,0,0,0,0,2,1,0,18,119,1,204,14,51,0,24,4,79,0,0,2,1,0,0,0,0,0,0,0,0,0,0,0,0,0,0,0,0,0,27,0,0,0,0,0,0,0,0,0,0,0,0,0,0,0,0,0,0,0,0,0,0,0,0,0,0,0,0,0,0,0,0,0,0,0,0,0,0,0,0,0,5,0,117,0,16,0,23,1,0,0,101,0,262,0,59,0,53,0,23,0,0,0,0,0,0,0,0,0,242,0,28,1,248,0,27,0,3,0,0,0,2,0,0,0,36,0,15,0,0,0,5,0,0,0,0,0,13,0,1,0,0,0,0,0,0,0,0,0,0,0,0,0,0,0,0,0,0,0,0,0,0,0,14,1,0,0,0,14,0,0,0,37,45,56,50,0,9,0
3,11,150,0,0,0,342,29,47,257,0,0,0,0,51,0,21,0,0,0,33,0,105,0,220,13,0,0,7,0,5,0,0,0,0,0,0,0,3,0,0,0,0,0,0,0,0,0,53,0,0,0,243,18,0,67,191,0,70,43,40,0,48,28,0,2,0,7,1,0,0,0,0,0,0,1,0,0,0,0,0,0,0,0,0,0,0,0,0,0,0,0,0,0,0,0,0,0,0,0,0,0,7,0,0,0,0,0,0,0,0,0,0,0,0,0,0,0,0,0,0,0,0,0,43,0,48,0,59,1,129,0,25,0,174,0,97,0,0,1,0,4,25,1,0,0,0,0,0,0,0,0,0,0,315,0,61,1,59,0,282,0,0,0,8,0,14,0,20,0,346,0,27,0,0,0,0,8,0,0,0,0,0,3,3,0,0,0,0,0,0,0,0,0,0,0,0,0,42,0,0,0,0,0,0,0,0,0,34,0,295,50,475,307,217,0,64,1,0,0,5,0,0,0,0
5,14,0,103,0,15,88,178,300,88,0,3,0,0,0,67,0,45,0,0,0,0,0,28,9,304,0,0,0,7,0,0,0,7,0,4,0,5,0,12,0,0,0,0,0,0,0,0,0,0,0,0,21,119,67,0,3,182,46,36,0,110,16,84,0,2,15,0,0,0,0,0,0,0,0,0,0,0,0,0,0,0,0,0,0,0,0,0,0,0,0,0,0,0,0,0,0,0,0,0,0,0,0,0,0,4,1,0,0,0,0,0,0,0,0,0,0,0,0,0,0,0,0,0,0,0,0,0,0,34,0,52,0,63,5,164,1,236,0,55,0,15,0,15,0,2,0,0,0,0,0,9,0,0,0,175,0,77,0,29,0,65,0,13,0,0,0,0,0,49,0,247,0,90,0,0,3,5,0,0,2,0,0,8,7,0,0,0,0,0,0,0,0,0,0,0,0,0,0,30,0,0,0,0,0,0,0,0,0,216,2,0,3,1,280,0,0,0,596,192,536,358,3,201,0
0,0,0,0,0,0,39,0,9,4,0,0,0,0,0,0,14,0,0,0,0,0,0,0,14,0,0,0,0,0,0,0,0,0,0,0,0,0,1,0,0,0,4,0,12,0,0,0,31,0,0,0,152,1,191,3,0,0,227,28,5,0,5,0,29,35,18,38,0,0,0,1,0,0,0,0,0,0,0,0,0,2,0,0,0,0,0,0,0,0,0,0,0,0,0,0,0,0,0,0,0,0,0,0,0,0,0,0,0,0,0,0,0,0,0,0,0,0,0,0,0,0,0,0,12,0,0,0,0,0,50,0,7,0,0,0,0,0,19,0,1,0,0,0,20,1,4,0,0,1,0,0,0,0,248,6,51,0,52,1,305,17,98,0,10,0,0,0,21,0,134,0,11,0,1,1,0,0,0,0,0,0,0,0,0,0,0,0,0,0,0,0,0,0,0,0,0,0,0,0,0,0,0,0,0,0,0,0,0,0,380,86,518,392,595,10,38,0,1,0,0,0,0,0,0
0,1,0,0,0,0,0,5,0,0,0,0,0,0,0,0,0,15,0,0,0,6,0,2,0,27,0,0,0,3,0,0,0,0,0,0,0,5,0,0,0,0,0,0,0,0,0,0,0,0,0,0,0,204,0,182,0,0,0,62,0,4,0,25,0,4,4,2,0,0,0,0,0,0,0,0,0,2,0,0,0,0,0,0,0,0,0,0,0,0,0,0,0,1,0,0,0,0,0,0,0,0,0,0,0,0,0,0,0,0,0,0,0,0,0,0,0,0,0,0,0,0,0,0,0,7,0,0,0,56,0,51,0,33,0,43,0,91,0,50,0,0,0,0,0,0,0,0,0,0,0,0,0,0,0,312,0,38,0,129,0,135,0,37,0,5,0,8,0,49,0,163,0,0,0,0,0,0,0,0,0,0,0,0,0,0,0,0,0,0,0,0,0,0,0,0,0,0,0,0,0,0,0,0,0,0,0,0,0,78,0,0,0,0,176,0,0,0,351,51,433,225,0,114,0
3,0,0,0,0,0,50,0,44,82,0,0,0,0,0,0,0,0,0,0,0,0,3,0,0,0,0,0,0,0,0,0,0,0,2,0,21,0,2,0,0,0,0,0,6,0,0,0,41,0,8,0,39,14,70,46,227,0,0,230,15,0,5,0,81,58,163,334,0,0,0,0,0,0,0,0,0,0,0,0,2,0,0,0,0,0,0,0,0,0,0,0,0,0,0,0,0,0,0,0,0,0,0,0,0,0,0,0,0,0,0,1,0,0,0,0,0,0,0,0,0,0,0,0,11,0,0,0,0,0,39,2,0,0,0,0,1,0,14,0,0,0,0,0,18,1,3,0,4,0,0,0,0,0,185,18,203,4,7,18,110,4,16,0,0,0,9,0,9,0,127,0,20,0,0,0,42,21,0,0,4,0,0,0,47,20,0,0,0,0,0,0,1,0,0,0,0,0,0,0,0,0,0,0,0,0,0,0,0,0,611,463,431,518,823,20,69,2,0,1,0,0,0,0,0
0,10,0,0,0,14,0,6,139,111,0,0,0,0,0,0,0,0,0,9,0,0,0,1,0,3,0,0,0,0,0,0,1,0,0,13,0,13,0,0,0,0,0,0,0,7,0,0,0,1,0,58,20,51,43,36,28,62,230,0,0,48,0,0,40,131,214,250,0,0,0,0,0,0,0,0,0,0,0,0,0,0,0,0,0,0,0,0,0,1,0,0,0,0,0,0,1,0,0,0,0,0,0,0,0,0,0,0,0,0,0,0,0,0,0,0,0,0,0,0,0,0,0,0,0,28,0,10,0,7,3,190,0,18,0,0,0,0,4,0,0,0,0,0,2,26,0,0,0,21,0,0,0,0,21,96,1,286,12,59,10,145,0,0,0,8,0,0,0,45,1,175,0,58,0,0,0,30,0,0,1,0,0,0,63,17,0,0,0,0,0,0,0,0,0,0,0,0,0,0,0,0,0,0,0,0,0,0,0,26,8,3,2,3,918,0,0,0,1551,393,708,753,57,349,0
138,12,34,0,0,0,346,0,176,6,0,0,0,0,3,0,15,0,0,0,2,0,0,0,30,16,0,0,1,0,3,0,12,0,0,0,20,0,18,0,0,0,0,0,1,0,0,0,7,0,0,0,17,0,40,0,5,0,15,0,0,0,21,0,0,0,0,0,0,0,0,0,0,0,0,0,0,0,0,0,0,0,0,0,0,0,0,0,0,0,0,0,0,0,0,0,0,0,0,0,0,0,0,0,0,0,0,0,0,0,0,0,0,0,0,0,0,0,0,0,0,0,7,0,0,1,0,0,0,0,0,0,0,0,0,0,0,0,108,0,53,0,18,0,85,0,0,0,0,0,0,0,2,0,37,0,157,0,53,0,0,0,7,0,0,0,0,0,0,0,130,0,71,0,0,0,5,9,0,0,0,0,28,0,0,0,0,0,0,0,0,0,0,0,0,0,0,0,0,0,0,0,0,0,0,0,0,0,0,0,103,75,69,75,27,0,15,0,0,0,0,0,0,0,0
6,193,0,14,0,12,0,352,9,357,0,0,0,0,0,0,0,37,0,26,0,0,0,5,4,152,0,14,0,24,0,0,0,22,0,12,0,34,0,6,0,0,0,0,0,5,0,0,0,0,0,3,0,24,0,110,0,4,0,48,0,0,0,61,0,0,0,0,0,0,0,2,0,0,0,0,0,0,0,0,0,0,0,0,0,0,0,0,0,0,0,0,0,0,0,0,0,0,0,0,0,0,0,0,0,0,0,0,0,0,0,0,0,0,0,0,0,0,0,0,0,0,0,2,0,0,0,0,0,0,0,0,0,0,0,0,0,10,0,154,0,30,0,0,0,322,0,0,0,0,0,0,0,0,0,36,0,270,0,87,0,1,0,2,0,0,0,4,0,0,0,42,0,99,0,0,0,49,0,0,0,3,0,18,0,0,0,0,0,0,0,0,0,0,0,0,0,0,0,0,0,0,0,0,0,0,0,0,0,0,0,0,0,0,3,0,0,0,21,84,47,0,0,9,0
114,28,20,0,0,0,510,70,259,72,0,0,0,0,0,0,227,1,0,0,89,0,28,0,116,38,37,0,53,0,29,0,21,0,6,0,10,0,27,0,0,0,6,0,0,0,0,0,1,0,0,0,50,4,48,16,5,0,5,0,21,0,0,12,0,0,0,0,0,0,0,0,0,0,0,0,0,0,0,0,0,0,0,0,6,0,0,0,0,0,0,0,0,0,0,0,0,0,0,0,0,0,0,0,0,0,0,0,0,0,0,0,0,0,0,0,0,0,0,0,0,0,5,0,0,0,0,0,0,0,0,0,0,0,0,0,10,0,58,0,18,0,12,0,15,0,0,1,0,0,0,0,0,0,112,0,20,0,72,0,13,0,0,0,0,0,0,0,0,0,0,0,3,1,0,0,3,12,0,0,2,0,51,0,7,0,0,0,0,0,0,0,0,0,0,0,0,0,0,0,0,0,0,0,0,0,0,0,0,0,13,10,13,15,7,0,0,0,0,0,0,0,0,0,0
14,34,2,3,0,0,48,114,66,123,0,4,0,0,0,51,0,289,0,45,0,117,0,202,11,68,0,18,0,46,0,0,0,14,0,6,0,9,0,19,0,0,0,6,0,0,0,0,0,0,0,0,3,79,28,84,0,25,0,0,0,61,12,0,1,0,0,0,0,0,0,0,0,0,0,0,0,0,0,0,0,0,0,0,0,0,0,0,0,0,0,0,0,0,0,0,0,0,0,0,0,0,0,0,0,0,0,0,0,0,0,0,0,0,0,0,0,0,0,0,0,2,0,0,0,0,0,0,0,36,0,0,0,0,0,6,0,76,0,202,0,80,0,36,0,34,0,0,0,0,0,0,0,0,0,147,0,32,0,81,0,7,0,0,0,0,0,0,0,2,0,7,0,6,0,0,0,8,0,0,0,0,0,19,0,0,0,0,0,0,0,0,0,0,0,0,0,0,0,0,0,0,0,0,0,0,0,0,0,0,0,0,3,0,12,0,0,0,16,15,37,28,0,0,0
25,0,5,0,0,0,47,0,158,0,0,0,0,0,9,0,0,0,14,0,0,0,0,0,0,0,0,0,0,0,1,0,0,0,0,0,0,0,0,0,0,0,0,0,0,0,0,0,0,0,0,0,0,0,0,0,29,0,81,40,0,0,0,1,0,102,141,49,0,0,2,1,0,0,0,2,0,0,0,0,1,0,0,0,0,0,0,0,0,0,0,0,0,0,0,0,0,0,0,0,0,0,0,0,0,0,0,0,0,0,0,0,0,0,0,0,0,0,0,0,2,0,0,0,26,0,0,0,0,0,38,0,0,0,0,0,0,0,8,8,3,0,0,0,30,5,31,0,56,0,4,0,0,0,0,21,0,0,0,23,370,93,0,0,0,0,0,0,0,0,0,0,0,0,18,3,0,0,1,0,121,10,12,0,250,0,0,0,0,0,0,0,0,0,0,0,0,0,0,0,0,0,0,0,0,0,0,0,1,0,58,0,0,0,54,0,0,0,2,0,0,1,0,0,0
0,93,0,0,0,0,0,8,0,364,0,40,0,0,0,0,0,0,0,0,0,0,0,0,7,0,0,5,0,0,0,0,0,0,0,0,0,3,0,0,0,0,0,0,0,0,0,0,0,0,0,0,0,0,2,2,35,4,58,131,0,0,0,0,102,0,53,322,0,0,0,19,0,0,0,53,0,0,1,1,0,15,0,0,0,4,0,10,0,0,0,0,0,0,0,0,12,0,0,1,0,0,0,0,0,0,0,0,0,0,0,0,0,0,0,0,0,0,0,0,0,0,0,0,8,37,0,33,0,0,33,106,0,0,5,0,0,1,60,47,0,26,0,0,74,98,0,48,48,234,0,0,16,4,19,0,0,2,94,5,265,160,0,0,0,0,0,0,0,0,0,0,0,0,5,59,3,0,0,0,45,58,0,10,17,175,0,0,0,0,0,0,0,0,0,0,0,0,0,0,0,0,0,0,0,0,0,0,0,32,6,0,0,1,102,0,0,0,183,32,36,0,9,3,1
15,0,0,0,0,0,126,0,161,21,0,0,0,0,1,0,0,0,1,0,0,0,0,0,0,0,0,0,0,0,0,0,0,0,0,0,0,0,0,0,0,0,0,0,0,0,0,0,2,0,1,0,0,2,0,15,18,4,163,214,0,0,0,0,141,53,0,209,0,0,0,0,0,0,0,0,0,0,0,0,0,0,0,0,0,0,0,0,0,0,0,0,0,0,0,0,0,0,0,0,0,0,0,0,0,0,0,0,0,0,0,0,0,0,0,0,0,0,0,0,0,0,0,0,0,0,0,0,0,0,7,0,0,0,0,0,0,0,2,1,0,0,0,0,6,1,1,0,13,0,0,0,0,0,11,19,7,0,0,8,71,12,0,0,0,0,0,0,0,0,0,0,3,0,6,0,66,13,0,0,0,0,0,0,376,6,0,0,0,0,0,0,0,0,0,0,0,0,0,0,0,0,0,0,0,0,0,0,0,0,38,41,10,23,51,0,0,0,0,0,0,0,0,0,0
0,23,0,0,0,1,5,21,77,219,0,1,0,0,0,0,0,0,0,0,0,0,0,0,0,0,0,0,0,0,0,0,0,0,0,0,0,3,0,0,0,0,0,0,0,0,0,0,0,0,0,0,24,1,7,0,38,2,334,250,0,0,0,0,49,322,209,0,0,0,0,0,0,0,0,0,0,0,0,0,0,0,0,0,0,0,0,0,0,0,0,0,0,0,0,0,0,0,0,0,0,0,0,0,0,0,0,0,0,0,0,0,0,0,0,0,0,0,0,0,0,0,0,0,0,5,0,7,0,0,0,40,0,0,0,0,0,1,8,0,0,0,0,0,4,14,0,3,0,20,0,0,0,0,49,3,0,24,16,3,26,59,0,11,0,0,0,0,0,5,1,6,0,0,1,3,14,100,0,0,2,0,0,0,58,337,0,0,0,0,0,0,0,0,0,0,0,0,0,0,0,0,0,0,0,0,0,0,0,0,4,0,0,0,130,0,0,0,238,162,38,0,1,0,0
0,0,0,0,0,0,0,0,1,0,0,0,0,0,0,0,0,0,0,0,0,0,0,0,0,0,5,0,0,0,0,0,0,0,0,0,0,0,0,0,0,0,0,0,26,0,8,0,21,0,0,0,0,0,1,0,0,0,0,0,0,0,0,0,0,0,0,0,0,0,0,0,0,0,0,0,124,0,0,0,0,0,36,0,0,0,0,0,17,0,0,0,128,0,8,0,4,0,0,0,11,0,369,0,16,0,10,0,75,0,25,0,18,0,2,0,4,0,0,0,0,0,0,0,0,0,0,0,0,0,0,0,0,0,0,4,0,0,0,0,0,0,0,0,0,0,0,0,0,0,0,0,0,0,0,0,0,0,0,0,0,0,4,0,93,0,0,0,106,0,5,0,0,0,0,0,0,0,0,0,0,0,0,0,0,0,1,0,0,3,0,0,18,0,28,0,0,0,14,0,0,0,22,0,0,0,0,0,0,0,94,9,96,6,11,44,123,6,0,0,0,0,0,0,0
0,0,0,0,0,0,0,0,0,0,0,0,0,0,0,0,0,0,0,0,0,1,0,0,0,0,0,0,0,0,0,0,0,0,0,0,0,0,0,0,0,0,0,0,0,14,0,3,0,5,0,0,0,0,0,0,0,0,0,0,0,0,0,0,0,0,0,0,0,0,0,0,0,0,0,0,0,23,0,0,0,4,0,19,0,0,0,0,0,50,0,0,0,97,0,56,0,0,0,2,0,13,0,153,0,0,0,0,0,26,0,10,0,17,0,0,0,4,0,0,0,2,0,0,0,0,0,0,0,0,0,1,0,0,0,0,0,0,0,0,0,0,0,0,0,0,0,0,0,0,0,0,0,0,0,0,0,0,0,0,0,0,0,3,0,19,0,0,0,61,0,2,0,0,0,0,0,0,0,0,0,0,0,0,0,0,0,0,0,0,0,2,0,0,0,0,0,0,0,0,0,9,0,0,0,0,0,0,0,0,0,0,0,0,0,0,0,0,24,10,51,4,13,36,3
0,0,0,0,0,0,0,0,0,0,0,0,0,0,0,0,5,0,3,0,19,0,0,0,0,0,64,0,8,0,19,0,17,0,32,0,171,0,7,0,0,0,77,0,31,0,0,0,0,0,32,0,3,0,0,0,0,0,0,0,0,0,0,0,2,0,0,0,0,0,0,0,306,0,255,0,0,0,197,0,0,0,0,1,0,0,34,0,0,0,0,0,0,0,2,0,0,0,0,0,0,0,0,0,0,0,0,0,0,0,0,0,0,0,0,0,0,0,0,0,32,0,2,0,48,6,0,0,33,0,50,15,34,0,0,0,0,0,0,0,35,0,0,0,87,0,0,0,38,0,0,0,0,10,0,0,11,0,4,0,17,0,70,0,2,0,21,0,14,0,24,0,80,0,10,0,0,0,0,0,27,0,0,0,0,3,0,0,0,0,0,0,0,0,0,0,0,0,0,0,0,0,0,0,0,0,0,0,25,0,60,0,26,1,5,0,0,0,4,0,0,4,0,0,0
0,0,0,0,0,0,0,0,0,0,0,0,0,0,0,0,0,0,0,0,0,34,0,0,0,0,0,0,0,0,0,0,0,0,0,23,0,18,0,0,0,0,0,0,0,15,0,0,0,0,0,20,0,0,0,0,1,0,0,0,0,2,0,0,1,19,0,0,0,0,0,0,0,236,0,414,0,8,0,9,1,0,0,0,0,0,0,52,0,0,0,0,0,0,0,0,0,0,0,0,0,0,0,0,0,0,0,0,0,0,0,0,0,0,0,0,0,0,0,0,2,8,0,16,0,59,0,95,0,26,9,57,0,103,0,0,0,110,0,0,0,22,0,0,4,127,0,0,0,28,0,0,0,13,0,0,0,6,0,0,0,10,0,39,0,0,0,16,0,13,0,33,0,55,0,6,0,0,0,0,7,27,0,0,0,5,0,0,0,0,0,0,0,0,0,0,0,0,0,0,0,0,0,0,0,0,0,0,0,0,0,0,0,0,6,0,0,0,15,0,15,0,0,0,0
4,0,0,0,0,0,0,0,0,0,0,0,0,0,0,0,5,0,0,0,0,0,0,0,0,0,0,0,2,0,1,0,0,0,0,0,26,0,0,0,0,0,0,0,0,0,0,0,0,0,6,0,0,0,0,0,0,0,0,0,0,0,0,0,0,0,0,0,0,0,306,0,0,0,134,0,55,0,337,0,0,3,37,0,6,0,21,0,0,0,0,0,5,0,0,3,11,0,0,0,0,0,0,0,4,0,0,0,0,0,0,0,0,0,0,0,0,0,0,0,42,0,5,0,96,0,0,0,48,0,132,0,86,0,62,0,73,0,2,0,42,9,43,0,81,0,0,0,0,0,106,0,0,11,0,0,1,0,36,0,7,0,103,0,0,0,3,0,31,0,33,0,38,0,0,0,0,0,0,0,0,0,0,0,0,0,0,0,5,0,0,0,0,0,0,0,0,0,115,0,46,0,0,0,0,0,0,0,117,0,284,19,33,0,17,0,0,0,0,0,0,0,0,0,0
0,0,0,0,0,0,1,0,0,0,0,0,0,0,0,0,0,0,0,0,0,0,0,0,0,0,0,0,0,0,0,0,0,0,0,0,0,0,0,0,0,0,0,0,0,2,0,0,0,0,0,0,0,0,0,0,0,0,0,0,0,0,0,0,0,0,0,0,0,0,0,236,0,0,0,418,0,139,0,52,0,15,0,13,0,0,0,215,0,0,0,0,0,0,0,1,0,0,0,0,3,0,0,0,0,0,0,0,0,0,0,0,0,0,0,0,0,0,0,0,0,22,0,20,6,63,2,197,0,43,0,58,0,149,0,153,0,166,0,5,0,25,0,0,0,88,0,0,0,0,0,0,0,0,0,0,0,0,0,0,0,2,0,107,0,0,0,0,0,10,0,14,0,6,0,9,0,0,0,0,0,23,0,0,0,0,0,0,0,37,0,0,0,0,0,0,0,0,0,0,2,99,0,0,0,17,0,0,0,137,0,0,0,0,14,0,0,0,57,2,25,0,0,0,0
1,0,0,0,0,0,0,0,0,0,0,0,0,0,0,0,8,0,5,0,24,0,0,0,0,0,48,0,22,0,12,0,14,0,32,0,110,0,6,0,0,0,60,0,0,0,0,0,0,0,28,0,0,0,0,0,0,0,0,0,0,0,0,0,0,0,0,0,0,0,255,0,134,0,0,5,6,0,190,0,29,2,11,0,86,0,44,0,0,0,0,0,0,0,5,1,10,0,0,0,3,4,0,0,0,0,0,0,0,0,0,0,0,0,0,0,0,0,0,0,141,0,23,0,77,0,0,0,22,4,60,21,0,13,165,0,103,0,11,0,75,0,68,9,134,0,81,0,37,0,168,0,47,13,0,0,16,0,0,0,11,0,25,5,0,0,12,0,4,0,0,0,44,0,14,0,0,0,0,0,53,33,1,0,0,0,0,0,0,0,0,0,0,0,0,0,0,0,134,0,65,0,0,0,0,0,64,0,142,0,25,7,3,0,0,0,0,0,8,0,0,0,0,0,0
0,0,0,0,0,0,0,0,0,0,0,0,0,0,0,0,1,0,0,0,0,115,0,19,3,0,0,0,0,0,0,0,0,0,0,59,0,40,0,0,0,0,0,0,0,23,0,0,0,0,0,52,1,0,1,0,0,0,0,0,0,0,0,0,2,53,0,0,0,0,0,414,0,418,5,0,0,54,0,158,0,27,0,10,0,19,0,275,0,0,0,0,0,1,0,0,0,0,0,0,0,0,0,0,0,0,0,0,0,0,0,0,0,0,0,0,0,0,0,0,0,305,0,47,7,114,0,304,0,0,36,94,0,147,10,227,0,316,3,0,0,91,0,101,0,290,17,57,20,88,0,0,0,42,0,1,0,5,8,0,0,18,0,108,0,0,0,39,0,16,0,36,0,81,3,36,0,1,0,0,30,106,0,0,0,7,0,0,0,0,0,0,0,0,0,0,0,0,0,116,0,70,0,0,2,0,0,0,0,266,6,0,0,0,9,0,0,0,37,0,16,0,0,0,0
0,0,0,0,0,0,0,0,0,0,0,0,0,0,0,0,0,0,7,0,0,0,0,0,0,0,0,0,0,0,0,0,0,0,0,0,0,0,0,0,0,0,8,0,31,0,0,0,2,0,20,0,0,0,0,0,0,0,0,0,0,0,0,0,0,0,0,0,124,0,0,0,55,0,6,0,0,0,95,0,43,0,105,0,10,0,83,0,0,0,9,0,78,0,32,0,30,0,17,0,7,0,64,0,85,0,22,0,53,0,0,0,1,0,16,0,0,0,0,0,0,0,0,0,0,0,0,0,0,0,0,0,0,0,0,0,0,0,0,0,0,0,0,0,0,0,0,0,0,0,23,0,0,6,0,0,0,0,0,0,0,0,0,0,91,0,0,0,35,0,0,0,0,0,0,0,0,0,0,0,16,0,0,0,0,0,0,0,95,0,0,0,0,0,68,0,0,0,63,0,47,1,0,0,106,0,0,0,0,0,100,0,40,0,0,2,1,0,0,0,0,0,0,0,0
0,0,0,0,0,0,0,0,0,0,0,0,0,0,0,0,0,0,0,0,0,0,0,0,0,0,0,0,0,0,0,0,0,0,0,0,0,0,0,0,0,0,0,0,0,19,0,0,0,9,0,0,0,0,0,0,0,2,0,0,0,0,0,0,0,0,0,0,0,23,0,8,0,139,0,54,0,0,0,31,0,92,0,258,0,14,0,361,0,19,0,6,0,49,0,99,0,38,0,31,0,56,0,154,0,43,0,39,0,52,0,0,0,0,0,1,0,4,0,0,0,21,0,17,0,0,0,0,0,0,0,0,0,0,0,72,0,0,0,0,0,0,0,0,0,8,0,0,0,0,0,0,0,0,0,0,0,1,0,0,0,0,0,27,0,36,0,0,0,106,0,5,0,0,0,0,0,3,0,0,0,0,0,0,0,0,0,1,0,129,0,0,0,0,0,84,0,18,0,0,0,95,0,0,0,0,0,0,0,0,0,0,0,0,11,0,0,0,104,8,132,3,39,6,2
3,0,0,0,0,0,0,0,0,0,0,0,0,0,0,0,0,0,0,0,0,0,0,0,0,0,0,0,0,0,0,0,0,0,0,0,0,0,0,0,0,0,0,0,0,0,0,0,0,0,6,0,0,0,0,0,0,0,0,0,0,0,0,0,0,1,0,0,0,0,197,0,337,0,190,0,95,0,0,1,55,0,79,0,75,0,142,0,0,0,0,0,9,0,7,0,49,0,13,0,0,0,21,0,0,0,20,0,12,0,0,0,0,0,6,0,0,0,0,0,112,0,24,0,0,0,0,0,0,0,0,0,0,0,169,0,56,0,0,0,54,0,66,0,37,0,0,0,0,0,0,0,34,18,0,0,0,0,0,0,4,0,14,0,0,0,5,0,30,0,0,0,0,0,0,0,0,0,0,0,31,0,0,0,0,0,0,0,0,0,0,0,45,0,0,0,0,0,192,0,123,0,0,0,61,0,0,0,155,0,227,0,28,0,19,0,0,0,3,0,0,0,0,0,0
