0,418,37,72,86,83,29,160,35,165,146,67,156,0,33,106,55,5,8,14,0,0,20,53,2,86,23,0,86,15,0,3,0,8,0,0,41,13,307,22,14,0,0,0,0,0,0,0,0,0,0,0,0,0,31,26,3,0,9,0,165,4,34,3,24,0,31,0,0,0,0,0,0,0,0,0,0,0,2,0,0,0,0,0,0,1,0,0,0,0,0,0,0,0,0,0,0,0,0,0,0,0,0,0,0,0,0,0,0,0,0,0,0,0,0,0,0,0,0,0,0,0,0,0,0,0,24,0,0,0,29,0,0,0,0,3,0,3,0,0,0,0,0,0,0,0,51,1,89,0,47,0,37,0,0,0,0,0,0,0,0,0,0,0,0,1,3,0,30,0,8,0,172,0,9,0,305,108,0,0,14,0,8,0,14,0,1,0,0,0,0,0,0,0,0,0,0,0,0,0,0,0,0,0,0,0,5,0,33,0,0,0,0,0,136,0,3,0,6,0,267,12,11,0,4,0,255,23,333,15,172,0,202,0,45,0,52,0,167,0,87,1,89,0,421,7,0,0,0
418,0,168,43,8,243,46,61,39,155,16,313,0,211,5,18,151,94,1,123,0,0,421,55,243,5,0,241,30,131,0,0,0,83,2,0,0,103,43,329,0,98,0,0,0,9,0,4,0,3,2,0,0,0,0,21,0,4,0,17,32,55,12,7,0,83,0,7,0,0,0,0,0,0,0,0,0,0,0,0,0,0,0,0,0,4,0,0,0,0,0,0,0,0,0,0,0,0,0,0,0,0,0,0,0,0,0,3,0,0,0,1,0,0,0,0,0,0,0,1,0,0,0,0,0,56,0,77,0,0,0,46,0,26,0,42,0,78,0,0,0,0,0,9,0,0,0,83,0,170,0,82,0,100,0,0,0,1,0,0,1,2,0,0,0,2,0,0,0,21,0,15,5,121,0,7,44,213,0,9,0,29,0,0,0,83,0,12,0,0,0,6,0,0,0,0,0,3,0,0,0,0,0,0,0,0,0,12,0,59,0,0,0,0,0,44,0,0,0,14,0,318,0,22,0,9,6,266,0,314,0,102,0,296,0,39,0,16,0,98,0,29,0,37,0,233,0,0,0
37,168,0,41,114,144,48,0,14,0,16,140,98,1,270,80,126,8,93,0,64,4,378,28,149,13,55,0,290,17,89,0,0,19,0,0,40,10,449,10,14,0,7,0,8,0,2,0,10,0,0,0,0,0,105,0,11,0,0,0,157,0,136,0,9,0,0,0,0,0,0,0,0,0,0,0,2,0,0,0,0,0,0,0,31,0,0,0,0,0,0,0,0,0,0,0,0,0,0,0,0,0,0,0,13,0,32,0,0,0,0,0,0,0,0,0,0,0,0,0,0,0,0,0,0,0,104,0,0,0,54,0,15,0,128,0,53,0,0,0,0,0,68,0,0,0,62,0,77,0,94,0,30,0,0,0,0,0,0,0,0,0,0,0,0,0,0,0,37,0,12,0,212,0,1,0,34,54,0,0,2,0,0,0,0,0,0,0,0,0,7,0,0,0,0,0,0,0,0,0,73,0,0,0,0,0,15,0,208,0,11,0,0,0,106,1,2,0,2,0,486,0,13,0,6,1,102,19,301,0,126,0,198,12,36,3,26,7,96,3,40,0,66,0,386,0,0,0,0
72,43,41,0,0,110,0,166,0,7,36,20,0,13,0,133,20,66,0,297,0,37,147,129,0,26,0,112,11,86,7,71,0,96,0,0,3,11,29,112,0,9,1,0,0,4,0,1,0,0,0,0,0,2,0,46,0,0,0,10,3,4,0,3,0,0,0,0,0,0,0,0,0,0,0,0,0,0,0,0,0,0,0,0,0,0,0,0,0,0,0,0,0,0,0,0,0,0,0,0,0,0,0,0,0,0,1,0,0,0,0,0,0,0,0,0,0,0,0,0,0,0,0,0,2,11,0,19,0,0,0,0,0,15,0,49,0,103,0,0,0,0,2,20,0,0,0,0,0,3,0,3,0,2,0,3,0,0,0,0,0,1,1,0,0,0,0,14,0,10,0,2,0,40,0,0,0,6,0,0,0,0,0,0,0,0,0,0,0,0,0,0,0,0,0,0,0,0,0,0,0,1,0,0,0,0,0,0,0,9,0,1,0,0,0,6,0,0,0,2,0,146,0,6,0,0,0,81,0,89,1,0,0,72,0,14,0,6,0,13,0,1,0,0,3,0,0,0,0
86,8,114,0,0,131,16,0,9,0,77,115,275,177,193,121,17,0,97,84,127,30,31,10,0,0,149,59,26,0,100,23,90,5,73,21,154,27,155,0,41,14,34,0,0,0,0,0,0,0,130,13,0,0,0,0,0,0,2,0,3,0,0,0,23,0,0,0,0,0,0,0,0,0,0,0,0,0,0,0,0,0,0,0,0,0,0,0,0,0,0,0,0,0,0,0,0,0,0,0,0,0,0,0,0,0,3,0,0,0,0,0,0,0,0,0,0,0,0,0,0,0,0,0,0,0,18,0,0,0,0,0,1,0,0,0,0,0,0,0,0,0,0,0,0,0,29,0,43,0,50,0,18,0,0,0,0,0,0,0,4,0,3,0,40,0,99,2,23,1,0,0,75,0,10,0,96,84,30,0,26,0,5,0,10,0,7,2,0,0,0,0,0,0,1,0,0,0,0,0,0,0,0,0,0,0,0,0,22,0,0,0,0,0,27,0,0,0,18,8,191,0,9,0,78,9,159,9,171,31,80,0,34,0,15,0,0,0,37,0,23,0,27,3,180,10,0,0,0
83,243,144,110,131,0,0,60,0,23,165,103,67,163,245,41,18,19,75,139,122,34,160,73,5,6,8,160,13,36,39,140,47,169,0,117,19,120,88,14,2,53,0,0,0,0,0,1,0,0,4,38,0,0,0,8,0,7,0,11,0,3,0,0,0,0,0,0,0,0,0,0,0,0,0,3,0,0,0,0,0,0,0,0,0,8,1,0,0,0,0,0,0,1,0,0,0,0,0,3,0,0,0,0,0,0,0,0,0,0,0,0,0,0,0,0,0,0,0,0,0,0,0,0,0,0,0,0,0,0,0,0,0,10,0,38,0,58,0,0,0,0,0,10,0,0,0,0,0,26,0,24,0,41,0,0,0,0,0,0,0,2,0,0,0,0,0,123,0,26,0,3,0,63,0,0,28,135,0,26,0,20,0,3,0,9,1,2,0,0,0,0,0,0,0,0,0,0,0,0,0,4,0,0,0,0,0,0,0,23,0,0,0,0,0,14,0,0,0,24,0,267,1,19,3,130,13,176,19,305,0,101,0,200,1,43,1,9,2,44,0,13,0,15,0,140,0,0,0
29,46,48,0,16,0,0,40,17,141,3,0,12,0,19,0,0,0,2,0,0,0,13,0,96,0,4,0,0,4,0,0,0,0,0,0,2,0,19,0,2,0,1,0,0,0,0,0,0,0,1,0,49,6,105,38,12,4,17,0,231,12,255,22,6,0,54,50,0,0,0,0,0,0,0,0,0,0,0,0,0,0,0,0,0,3,0,0,0,0,0,0,0,0,0,0,0,0,0,0,0,0,0,0,0,0,0,0,0,0,0,0,0,0,0,0,0,0,0,0,0,0,0,0,28,0,42,0,4,0,113,0,0,0,13,0,2,0,0,0,0,0,3,0,0,0,18,0,69,0,16,0,0,0,0,1,3,0,0,0,12,0,0,0,3,0,0,0,20,0,75,0,77,1,0,0,0,18,0,0,0,0,0,2,2,17,0,0,0,0,0,0,0,0,0,0,0,0,0,0,4,0,0,0,0,0,4,0,86,0,0,0,0,0,263,0,0,0,3,0,287,0,24,0,23,0,57,0,250,0,50,0,187,0,35,1,15,1,112,0,34,0,22,0,356,0,0,0,0
160,61,0,166,0,60,40,0,67,30,0,10,0,17,0,165,37,123,0,126,0,0,0,46,112,26,0,51,7,212,0,0,0,23,0,0,0,54,0,290,0,9,0,0,0,3,0,0,0,0,0,0,0,5,0,150,0,11,0,42,11,103,13,93,0,0,0,1,0,0,0,0,0,0,0,0,0,0,0,0,0,0,0,0,0,0,0,0,0,0,0,0,0,0,0,0,1,0,0,0,1,0,0,0,0,0,0,0,0,0,0,0,0,0,0,0,0,0,0,0,1,0,0,0,0,12,0,35,0,13,0,18,0,55,0,116,0,222,0,4,1,3,0,26,0,1,2,0,3,0,0,11,0,0,0,12,0,0,0,0,0,3,0,0,0,0,0,3,0,9,0,13,2,87,0,0,0,0,0,0,0,0,0,4,0,0,0,0,0,0,0,0,0,0,0,0,0,3,0,4,0,0,0,0,0,0,0,0,0,42,0,8,0,0,0,56,0,0,0,3,4,338,0,8,1,6,0,72,4,220,0,65,1,291,0,52,0,22,3,92,1,9,0,20,0,218,0,0,0
35,39,14,0,9,0,17,67,0,573,38,0,19,0,0,0,17,0,5,0,0,0,0,0,15,5,9,0,0,0,0,0,0,0,0,0,0,0,7,0,5,0,0,0,0,0,0,0,0,0,2,0,35,56,19,243,4,15,55,229,210,24,138,54,139,0,125,372,0,0,0,0,0,0,0,0,1,0,0,0,0,0,0,0,0,0,0,0,0,0,0,0,0,0,0,0,0,0,0,0,0,0,0,0,0,0,0,0,0,0,0,0,0,0,0,0,0,0,0,0,0,0,0,0,14,0,22,0,0,0,47,0,0,0,7,0,0,2,0,0,0,0,0,0,0,0,55,0,149,0,53,0,30,0,0,0,9,0,0,0,3,0,0,0,0,0,0,0,12,0,107,0,59,2,0,0,265,120,0,0,0,0,1,11,52,59,1,0,0,0,0,0,0,0,0,0,0,0,0,0,0,0,0,0,0,0,0,0,22,0,10,0,0,0,251,0,0,0,3,1,169,3,17,0,22,0,114,6,241,4,100,0,162,4,49,0,21,0,195,0,88,0,51,0,462,3,0,0,0
165,155,0,7,0,23,141,30,573,0,0,24,0,24,0,0,48,31,0,22,0,0,29,0,384,0,0,40,0,16,0,0,0,0,0,0,0,14,3,50,0,11,0,0,0,0,0,0,0,2,0,1,26,7,99,34,0,11,6,21,31,182,113,197,0,58,4,19,0,0,0,0,0,6,0,2,0,0,0,0,0,1,0,1,0,6,0,0,0,0,0,0,0,0,0,0,0,0,0,0,0,0,0,1,0,0,0,0,0,0,0,0,0,0,0,0,0,0,0,0,0,0,0,0,0,23,2,54,0,0,0,26,0,9,0,11,1,27,0,0,0,0,0,5,0,0,0,25,0,97,0,37,0,26,0,3,0,1,0,1,0,3,0,0,0,0,0,0,0,3,3,19,7,33,0,0,56,192,0,0,0,0,0,45,0,61,0,0,0,0,0,4,0,0,0,0,0,0,0,0,0,0,0,0,0,0,0,5,6,22,0,12,0,1,4,71,0,2,1,3,11,195,0,15,0,12,0,76,26,202,1,33,1,313,0,43,0,10,0,111,0,9,0,15,7,205,0,0,0
146,16,16,36,77,165,3,0,38,0,0,138,297,22,37,154,5,0,11,34,27,19,3,11,0,0,23,5,25,1,63,16,91,11,0,4,77,7,188,2,28,0,0,0,0,0,0,0,5,0,12,0,0,0,0,0,0,0,0,0,0,0,0,0,21,0,5,0,0,0,0,0,0,0,0,0,0,0,0,0,0,0,0,0,0,0,0,0,0,0,0,0,0,0,0,0,0,0,0,0,0,0,0,0,0,0,0,0,0,0,0,0,0,0,0,0,0,0,0,0,0,0,0,0,0,0,21,0,0,0,9,0,0,0,0,0,0,0,0,0,0,0,0,0,0,0,38,0,49,0,68,0,74,0,0,0,0,0,0,0,1,0,0,0,0,0,44,1,17,1,0,0,47,0,29,0,154,84,32,0,72,0,19,0,27,0,7,0,2,0,0,0,0,0,0,0,0,0,0,0,1,0,0,0,0,0,7,0,15,0,0,0,0,0,23,0,0,0,0,0,133,27,4,0,13,0,125,8,106,0,83,8,38,0,11,0,15,0,45,0,23,0,15,0,142,6,0,0,0
67,313,140,20,115,103,0,10,0,24,138,0,21,337,223,1,28,12,15,26,80,9,200,20,0,0,7,109,11,42,57,36,21,111,0,21,9,100,50,39,0,96,0,2,0,3,0,5,0,8,0,5,0,0,0,1,0,3,0,5,0,0,0,0,0,11,0,0,0,0,0,0,0,0,0,3,0,0,0,0,0,0,0,0,0,0,0,0,0,0,0,0,0,0,0,0,0,0,0,0,0,0,0,0,0,0,0,0,0,0,0,0,0,0,0,0,0,0,0,2,0,0,0,0,0,13,0,0,0,0,0,13,0,6,0,0,0,14,0,0,0,0,0,0,0,0,0,50,0,41,0,73,0,233,0,0,0,0,0,0,0,2,0,0,0,0,0,25,0,0,0,0,5,40,0,106,25,253,0,75,0,137,0,21,0,48,0,33,0,0,0,0,0,0,0,0,0,0,0,0,0,0,0,0,0,0,0,0,0,8,0,0,0,0,2,0,0,2,0,19,0,153,0,10,0,43,0,175,20,136,3,72,0,156,0,21,0,11,2,22,0,20,0,13,0,103,0,0,0
156,0,98,0,275,67,12,0,19,0,297,21,0,244,28,26,0,0,56,128,42,37,1,0,0,0,102,248,0,0,14,9,4,1,48,18,28,18,6,0,128,104,65,33,2,8,0,0,13,1,248,56,0,0,2,0,0,0,0,0,0,0,0,0,24,0,0,1,0,0,0,0,0,0,0,0,0,0,0,0,0,0,0,0,0,0,0,0,0,0,0,0,0,0,0,0,0,0,8,0,0,0,0,0,0,0,0,0,0,0,0,0,0,0,0,0,0,0,1,0,0,0,0,0,0,0,17,0,0,0,0,0,0,0,2,0,0,0,0,0,0,0,0,0,0,0,18,0,27,0,74,0,70,1,0,0,0,0,0,0,0,0,0,0,30,3,11,0,0,0,0,0,6,0,74,0,217,58,121,0,80,0,23,0,23,0,121,5,0,0,0,0,0,0,0,0,0,0,0,0,0,0,0,0,0,0,3,0,16,0,0,0,0,1,0,0,0,0,135,68,42,0,5,22,137,9,66,0,25,5,0,0,0,1,1,0,0,0,4,0,4,0,5,0,20,0,0,0,0
0,211,1,13,177,163,0,17,0,24,22,337,244,0,278,1,0,0,492,126,237,42,0,0,0,0,67,73,0,0,26,10,2,0,29,100,25,67,0,0,18,236,33,52,3,20,0,22,0,50,60,111,0,0,0,4,0,0,0,2,0,0,0,1,0,0,0,1,0,0,0,2,0,0,0,0,0,0,0,0,0,0,0,0,0,2,0,0,0,0,0,0,0,0,0,0,0,1,0,0,0,1,0,0,0,0,0,0,0,0,0,0,0,0,0,0,0,0,0,0,0,0,0,0,0,0,0,0,0,0,0,0,0,0,0,0,0,0,0,0,0,0,0,0,0,0,0,0,0,0,0,20,0,48,0,0,0,0,0,0,0,0,0,1,0,17,0,3,0,12,0,3,0,4,0,37,17,336,2,10,0,31,0,4,0,16,4,69,0,0,0,0,0,0,0,0,0,0,0,0,0,0,0,0,0,0,0,3,0,0,0,0,0,0,0,0,0,0,0,216,5,37,0,37,19,257,4,110,0,67,0,0,0,27,0,4,0,0,0,9,0,0,0,4,0,16,0,0,0
33,5,270,0,193,245,19,0,0,0,37,223,28,278,0,218,68,0,209,182,358,44,276,3,35,0,84,40,23,0,279,27,148,9,111,45,152,59,101,1,12,0,18,0,2,0,0,0,2,2,73,8,2,0,13,0,1,0,0,0,0,0,1,0,11,0,1,0,0,0,0,0,0,0,0,0,0,0,0,0,6,0,0,0,50,0,0,0,0,0,0,0,0,0,0,0,0,0,26,0,0,0,0,0,0,0,21,0,0,0,0,0,0,0,0,0,0,0,1,0,0,0,0,0,0,0,36,0,0,0,0,0,0,0,56,0,0,0,0,0,0,0,33,2,0,0,44,0,46,0,86,0,34,0,0,0,0,0,0,0,5,0,0,1,17,1,60,0,0,0,3,0,28,0,0,0,49,92,1,0,0,0,1,0,8,0,3,1,0,0,0,0,0,0,0,0,0,0,0,0,29,0,0,0,0,0,12,0,47,0,0,0,0,0,13,0,0,0,0,8,85,34,3,0,35,31,79,8,91,48,40,12,21,17,0,2,8,0,22,0,9,1,19,0,64,10,0,0,0
106,18,80,133,121,41,0,165,0,0,154,1,26,1,218,0,37,58,19,289,79,174,171,159,16,66,3,32,29,32,37,338,32,91,3,53,10,48,62,10,0,0,0,0,0,0,0,0,0,0,0,6,0,2,0,60,0,6,0,3,4,0,0,4,0,0,0,0,0,0,0,0,0,0,3,0,0,0,0,0,0,0,0,0,0,26,0,0,0,0,0,0,0,0,0,0,0,0,0,0,0,0,0,0,0,0,0,0,0,0,0,0,0,0,0,0,0,0,0,0,0,0,0,2,2,0,0,4,0,6,0,0,0,0,0,39,2,141,0,1,0,0,0,39,0,0,0,0,0,0,0,0,0,0,0,17,0,0,0,0,0,0,0,0,0,0,0,49,0,0,0,0,0,19,0,0,10,12,0,0,0,0,0,0,0,0,0,1,0,0,0,0,0,0,0,0,0,0,0,0,2,0,0,0,0,0,0,1,0,6,0,1,0,0,5,0,0,0,0,1,6,54,0,0,0,14,4,225,10,58,5,27,0,45,2,9,2,3,6,18,2,8,4,5,12,39,0,0,0
55,151,126,20,17,18,0,37,17,48,5,28,0,0,68,37,0,5,123,0,145,0,160,14,80,19,24,0,331,6,62,0,23,0,10,0,8,4,69,7,3,0,4,0,5,0,0,0,0,0,9,0,95,0,47,8,15,0,0,3,38,4,252,1,0,0,0,0,0,0,0,0,0,0,0,0,0,0,0,0,20,0,2,0,290,0,0,0,0,0,31,0,0,0,0,0,189,0,80,0,0,0,0,0,0,0,19,0,0,0,0,0,0,0,0,0,0,0,0,0,0,0,0,0,0,0,0,0,126,0,0,1,0,0,68,0,636,2,117,0,54,0,508,0,0,0,0,0,0,0,3,0,0,0,44,2,0,0,25,0,0,0,0,0,0,0,0,0,0,0,1,0,26,2,0,0,0,5,0,0,0,0,0,0,0,0,0,0,0,0,0,0,0,0,0,0,0,0,0,0,49,0,0,0,0,0,0,0,7,0,1,0,0,0,0,0,0,0,0,0,13,0,0,0,0,0,181,7,14,0,2,0,0,0,0,0,0,0,0,2,3,0,0,0,8,0,0,0,0
5,94,8,66,0,19,0,123,0,31,0,12,0,0,0,58,5,0,0,83,0,213,18,78,12,178,0,7,0,68,0,157,0,14,0,27,0,4,2,11,0,0,0,0,0,2,0,0,0,0,0,8,0,0,0,87,0,29,0,3,1,0,1,13,0,0,0,0,0,0,0,0,0,0,0,0,0,0,0,0,0,0,0,0,0,55,0,0,0,0,0,0,0,0,0,6,0,28,0,8,0,0,0,0,0,0,0,10,0,0,0,0,0,0,0,0,0,0,0,0,0,2,0,0,0,0,0,0,0,39,0,0,0,19,0,37,0,181,0,33,0,19,0,142,0,2,0,0,0,0,0,0,0,0,0,49,0,0,0,45,0,6,0,0,0,0,0,0,0,4,0,0,0,0,0,0,0,5,0,10,0,0,0,35,0,2,0,0,0,0,0,0,0,0,0,0,0,0,0,0,0,0,0,0,0,0,0,0,0,3,0,0,0,0,0,0,0,0,0,0,0,3,0,0,0,0,1,148,0,5,1,0,0,0,0,0,0,0,0,0,0,0,0,0,0,2,0,0,0
8,1,93,0,97,75,2,0,5,0,11,15,56,492,209,19,123,0,0,274,161,56,200,0,26,0,32,254,45,0,51,12,6,0,146,51,64,66,3,0,16,51,48,39,0,2,1,2,0,0,119,85,2,0,0,0,0,0,2,1,2,0,0,0,11,0,0,0,0,0,0,0,1,0,0,0,0,0,0,0,56,0,0,0,125,0,0,0,0,0,0,0,0,0,0,0,107,0,130,0,5,0,0,0,0,0,0,0,0,0,0,0,0,0,0,0,0,0,0,0,28,0,44,0,0,0,0,0,0,0,0,0,0,0,0,0,42,0,0,0,11,0,76,0,7,0,0,0,28,0,35,0,0,0,0,0,1,0,0,0,0,0,0,0,85,0,30,0,30,0,0,0,11,0,0,0,52,39,5,0,0,0,0,0,6,0,20,12,0,0,0,0,0,0,0,0,0,0,0,0,22,0,0,0,0,0,0,0,20,0,0,0,0,0,9,0,0,0,23,26,52,4,0,4,322,42,111,0,36,20,4,2,0,0,0,0,0,0,9,0,0,0,7,0,28,0,0,0,0
14,123,0,297,84,139,0,126,0,22,34,26,128,126,182,289,0,83,274,0,147,215,15,89,4,77,19,184,3,13,32,186,6,6,17,219,10,77,4,0,2,31,9,17,0,26,0,1,0,12,21,95,0,7,0,117,0,18,0,0,0,4,0,24,2,15,0,0,0,0,0,0,0,0,0,0,0,0,0,0,0,48,0,0,0,252,0,11,0,0,0,0,0,0,0,13,0,77,0,25,0,2,0,0,0,0,0,0,0,0,0,0,0,0,0,0,0,0,0,0,0,15,0,33,0,0,0,0,0,0,0,0,0,25,0,111,0,298,0,24,0,13,0,301,0,9,0,0,0,0,0,0,0,24,0,30,0,0,0,20,0,8,0,5,0,15,0,30,0,19,0,0,0,22,0,0,5,24,1,0,0,0,0,3,0,16,0,9,0,0,0,0,0,0,0,0,0,0,0,0,0,0,0,0,0,0,0,0,0,0,0,0,0,0,0,0,0,0,1,52,10,52,0,9,0,122,2,162,0,69,0,17,0,58,0,13,0,1,0,31,0,3,0,3,0,44,0,0,0
0,0,64,0,127,122,0,0,0,0,27,80,42,237,358,79,145,0,161,147,0,31,58,2,17,0,15,86,159,0,111,14,74,8,7,26,6,27,39,0,5,8,5,8,1,0,1,0,1,1,17,13,0,0,5,0,0,0,0,0,0,0,0,0,0,0,0,0,0,0,23,0,0,0,0,0,0,0,2,0,0,0,0,0,96,0,20,0,0,0,0,0,3,0,0,0,93,0,161,0,0,0,0,0,0,0,0,0,0,0,0,0,0,0,0,0,0,0,0,0,66,0,76,0,0,0,0,0,0,0,0,0,0,0,0,0,0,0,0,0,29,0,93,0,0,0,0,0,0,0,0,0,0,0,0,0,0,0,0,0,0,0,4,0,27,1,26,1,0,0,0,0,9,0,0,0,7,13,5,0,0,2,1,0,0,0,0,0,0,0,0,0,0,0,0,0,0,0,0,0,0,0,0,0,0,0,0,0,0,0,1,0,0,0,5,0,1,0,7,7,53,7,2,2,87,13,174,0,41,25,27,0,11,4,11,0,5,0,11,2,6,0,12,0,64,0,0,0,0
0,0,4,37,30,34,0,0,0,0,19,9,37,42,44,174,0,213,56,215,31,0,0,57,0,19,7,69,0,77,9,111,0,6,6,34,0,39,2,0,2,6,0,17,0,45,0,0,0,7,4,38,0,0,0,27,0,11,0,0,0,0,0,22,0,0,0,0,0,0,0,0,0,0,0,3,0,0,0,0,0,27,0,0,0,118,0,0,0,0,0,0,0,0,0,5,0,22,0,10,0,0,0,0,0,0,0,0,0,0,0,0,0,0,0,0,0,0,0,0,0,0,0,23,0,0,0,0,0,7,0,0,0,9,0,23,0,142,0,56,0,55,0,290,0,14,0,0,0,0,0,0,0,0,0,15,0,0,0,0,0,0,0,0,0,6,0,4,0,6,0,0,0,3,0,0,0,15,0,3,0,0,0,2,0,0,0,23,0,0,0,0,0,0,0,0,0,0,0,2,0,0,0,0,0,0,0,0,0,0,0,0,0,0,0,0,0,0,0,40,3,7,0,5,2,32,2,124,0,20,0,17,0,28,0,6,0,0,0,12,0,0,0,2,0,11,0,0,0
20,421,378,147,31,160,13,0,0,29,3,200,1,0,276,171,160,18,200,15,58,0,0,53,102,44,32,0,112,29,71,0,50,17,1,0,9,17,109,33,34,0,5,0,22,0,3,0,9,0,0,0,7,0,158,4,0,0,0,0,31,0,35,0,0,0,0,0,0,0,0,0,0,0,0,0,0,0,0,0,0,0,1,0,152,0,1,0,0,0,19,0,0,0,0,0,98,0,0,0,0,0,0,0,9,0,25,0,0,0,0,0,0,0,0,0,0,0,0,0,0,0,0,0,0,0,44,0,17,0,10,0,14,0,113,0,210,0,0,0,9,0,205,0,0,0,11,0,7,0,27,0,0,0,3,0,0,0,2,0,0,0,0,0,0,0,10,0,13,1,0,1,72,6,0,0,11,56,0,0,0,0,0,0,0,0,1,0,0,0,2,0,0,0,0,0,0,0,0,0,67,0,1,0,0,0,7,0,79,0,2,0,0,0,13,0,0,0,0,0,97,28,0,0,0,0,289,37,101,20,24,0,29,0,4,0,4,0,0,7,5,0,8,0,49,14,0,0,0
53,55,28,129,10,73,0,46,0,0,11,20,0,0,3,159,14,78,0,89,2,57,53,0,22,51,0,4,2,37,1,38,2,18,0,2,0,3,10,12,1,0,0,0,0,0,0,0,0,0,0,0,0,0,0,33,0,5,0,0,0,0,0,7,0,0,0,0,0,0,0,0,0,0,0,0,0,0,0,0,0,0,0,0,0,29,0,0,0,0,0,0,0,0,0,0,0,0,0,0,0,0,0,0,0,0,0,0,0,0,0,0,0,0,0,0,0,0,0,0,0,0,0,0,0,0,0,2,0,4,0,0,0,0,0,0,0,0,0,0,0,0,0,18,0,0,0,0,0,0,0,0,0,2,0,8,0,0,0,2,0,0,0,0,0,0,0,0,1,0,0,0,0,3,0,0,0,1,0,4,0,0,0,1,0,0,0,0,0,0,0,0,0,0,0,0,0,0,0,0,0,0,0,0,0,0,0,0,0,0,0,0,0,0,0,1,0,0,0,0,0,5,0,0,0,0,0,166,0,0,0,0,0,0,0,0,0,0,0,0,0,2,0,0,0,1,0,0,0
2,243,149,0,0,5,96,112,15,384,0,0,0,0,35,16,80,12,26,4,17,0,102,22,0,41,11,0,69,0,13,0,0,0,0,0,0,7,14,20,0,0,0,0,1,0,1,0,0,0,0,0,40,2,208,55,19,0,3,22,47,8,228,17,0,0,0,30,0,0,0,0,0,0,0,0,0,0,0,0,0,0,0,0,44,3,0,0,0,0,6,0,0,0,0,0,15,0,0,0,0,0,0,0,0,0,0,0,0,0,0,0,0,0,0,0,0,0,0,0,0,0,0,0,4,0,27,0,75,0,5,0,8,0,132,0,211,1,3,1,4,0,149,0,0,0,2,0,0,2,5,0,0,0,6,2,0,0,3,0,3,0,0,0,0,0,0,0,0,0,4,0,24,0,0,0,4,19,0,0,0,0,0,1,0,12,0,0,0,0,0,0,0,0,0,0,2,0,0,0,43,0,0,0,0,0,0,0,43,0,0,0,0,0,21,0,0,0,0,0,38,3,0,0,0,0,85,4,48,7,9,0,0,0,0,0,0,0,8,1,0,0,0,0,27,0,0,0,0
86,5,13,26,0,6,0,26,5,0,0,0,0,0,0,66,19,178,0,77,0,19,44,51,41,0,0,0,0,382,0,13,0,25,0,0,1,34,8,273,0,0,0,1,0,0,0,0,0,0,0,0,0,6,0,90,0,8,0,0,9,15,0,22,0,0,0,0,0,0,0,0,0,0,0,0,0,0,0,0,0,0,0,0,1,3,0,0,0,0,0,0,0,0,0,0,0,0,0,0,0,0,0,0,0,0,0,0,0,0,0,0,0,0,0,0,0,0,0,0,0,0,0,0,0,0,0,4,0,6,0,0,0,16,0,24,1,72,0,3,1,0,0,22,0,0,0,0,3,0,1,0,0,0,0,9,0,0,0,4,0,0,0,0,0,0,0,0,0,5,0,0,0,18,0,0,0,0,0,1,0,0,0,0,0,0,0,0,0,0,0,0,0,0,0,0,0,0,0,0,0,0,0,0,0,0,0,1,0,5,0,0,0,0,0,11,0,0,0,0,0,130,0,0,0,0,1,38,3,74,0,16,0,66,0,5,0,0,0,12,0,0,0,0,0,44,0,0,0
23,0,55,0,149,8,4,0,9,0,23,7,102,67,84,3,24,0,32,19,15,7,32,0,11,0,0,134,8,0,0,0,0,0,8,0,7,7,0,0,27,102,48,18,8,10,0,2,5,0,59,21,0,0,0,0,0,0,0,0,1,0,0,0,7,0,0,0,0,0,0,0,0,0,0,0,0,0,0,0,32,0,0,0,61,0,8,0,0,0,13,0,0,0,6,0,61,0,82,0,7,0,0,0,0,0,0,0,0,0,0,0,0,0,0,0,0,0,0,0,15,0,14,0,6,0,0,0,0,0,0,0,0,0,8,0,15,0,2,0,3,0,35,0,1,0,18,0,11,0,16,0,6,0,0,0,0,0,0,0,0,0,2,0,38,2,0,0,0,0,3,0,0,0,0,0,12,10,1,0,2,0,0,0,0,0,14,4,0,0,0,0,0,0,0,0,0,0,0,0,0,0,0,0,0,0,0,0,0,0,0,0,0,0,0,0,0,0,191,48,8,0,0,11,185,0,17,0,4,0,0,0,1,0,0,0,2,0,0,0,0,0,0,0,9,0,0,0,0
0,241,0,112,59,160,0,51,0,40,5,109,248,73,40,32,0,7,254,184,86,69,0,4,0,0,134,0,0,0,0,9,0,0,40,34,8,35,0,0,86,59,107,125,7,64,0,5,1,15,120,118,0,0,0,12,0,0,0,4,0,8,0,3,0,0,0,3,0,0,0,3,0,0,0,2,0,2,0,0,0,33,0,0,0,72,0,19,0,0,0,0,0,0,0,0,0,0,0,12,0,0,0,0,0,0,0,7,0,0,0,0,0,0,0,0,0,0,0,0,0,0,0,12,0,0,0,28,0,0,0,0,0,10,0,57,0,99,0,4,1,13,0,121,0,7,0,0,0,59,0,48,1,64,0,7,0,1,0,0,0,0,0,0,0,26,0,8,0,17,0,0,0,0,0,23,3,73,0,11,0,26,0,0,0,30,3,18,0,0,0,0,0,0,0,0,0,7,0,0,0,0,0,0,0,5,0,0,0,23,0,0,0,0,0,8,0,0,11,598,2,22,0,86,10,215,3,134,0,73,0,0,0,32,0,0,0,0,0,8,0,0,0,0,0,0,0,0,0
86,30,290,11,26,13,0,7,0,0,25,11,0,0,23,29,331,0,45,3,159,0,112,2,69,0,8,0,0,0,66,0,33,0,7,0,15,2,55,4,0,0,7,0,0,0,0,0,0,0,3,0,10,0,4,0,0,0,0,0,8,0,54,0,0,0,0,0,0,0,7,0,0,0,5,0,0,0,0,0,54,0,0,0,246,0,18,0,0,0,37,0,0,0,0,0,186,0,130,0,6,0,0,0,0,0,0,0,0,0,0,0,0,0,0,0,0,0,0,0,25,0,92,0,0,0,0,0,0,0,0,0,0,0,5,0,240,0,126,0,124,0,306,0,12,0,0,0,0,0,0,0,0,0,7,0,3,0,9,0,0,0,0,0,0,0,1,0,0,0,0,0,2,0,0,0,9,6,0,0,0,0,0,0,0,0,0,0,0,0,0,0,0,0,0,0,0,0,0,0,0,0,0,0,0,0,0,0,0,0,0,0,0,0,0,0,0,0,0,0,2,0,0,0,0,0,64,3,0,2,0,0,0,0,0,0,0,0,4,0,1,0,0,0,0,0,0,0,0
15,131,17,86,0,36,4,212,0,16,1,42,0,0,0,32,6,68,0,13,0,77,29,37,0,382,0,0,0,0,1,122,0,16,0,53,0,20,2,1,0,0,0,13,0,0,0,0,0,0,0,17,0,0,0,85,0,17,0,1,0,8,0,23,0,0,0,0,0,0,1,0,0,0,0,0,0,0,0,0,0,9,0,0,0,62,0,0,0,0,0,0,0,0,0,0,0,0,0,0,0,0,0,0,0,0,0,0,0,0,0,0,0,0,0,0,0,0,0,0,0,0,0,2,0,0,0,0,0,13,0,0,0,9,0,30,0,242,0,204,0,72,0,200,0,20,0,0,0,0,0,0,0,0,0,30,0,2,0,38,0,7,0,0,0,0,0,0,0,4,0,0,0,3,0,0,0,6,0,25,0,1,0,10,0,0,0,0,0,0,0,0,0,0,0,0,0,0,0,0,0,0,0,0,0,0,0,0,0,5,0,0,0,0,0,0,0,0,0,0,0,12,0,0,0,0,0,142,0,10,0,0,0,6,0,0,0,0,0,0,0,0,0,0,0,0,0,0,0
0,0,89,7,100,39,0,0,0,0,63,57,14,26,279,37,62,0,51,32,111,9,71,1,13,0,0,0,66,1,0,10,14,0,7,0,15,5,13,0,0,0,10,0,1,0,0,0,1,0,17,2,0,0,3,0,0,1,0,0,0,0,0,0,0,0,0,0,0,0,0,0,0,0,0,0,0,0,0,0,4,0,1,0,0,0,3,0,0,0,0,0,0,0,0,0,21,0,0,0,0,0,0,0,0,0,0,0,0,0,0,0,0,0,0,0,0,0,0,0,0,0,0,0,0,0,5,0,0,0,0,0,0,0,7,0,0,0,3,0,0,0,22,0,0,0,0,0,0,0,8,0,0,0,0,0,0,0,2,0,0,0,0,0,11,0,52,0,0,0,0,0,21,0,0,0,0,5,8,0,0,0,0,0,1,0,0,0,0,0,0,0,0,0,0,0,0,0,0,0,0,0,0,0,0,0,0,0,0,0,0,0,0,0,4,0,0,0,1,0,57,3,0,1,13,2,73,0,43,0,0,2,8,0,3,0,2,0,2,0,0,0,3,0,29,5,0,0,0
3,0,0,71,23,140,0,0,0,0,16,36,9,10,27,338,0,157,12,186,14,111,0,38,0,13,0,9,0,122,10,0,0,0,1,27,0,8,0,0,0,0,0,18,0,12,0,0,0,0,1,19,0,0,0,13,0,4,0,0,0,1,0,20,0,0,0,0,0,0,0,0,0,0,0,0,0,0,0,0,0,0,0,0,0,42,0,3,0,0,0,0,0,0,0,0,0,0,0,0,0,0,0,0,0,0,0,0,0,0,0,0,0,0,0,0,0,0,0,0,0,0,0,0,0,0,0,3,0,0,0,0,0,0,0,0,0,65,0,28,0,19,0,134,0,5,0,0,0,0,0,0,0,0,0,4,0,0,0,0,0,0,0,0,0,0,0,6,0,0,0,0,0,0,0,0,2,6,0,4,0,0,0,1,0,0,0,5,0,0,0,0,0,0,0,0,0,0,0,0,0,0,0,0,0,0,0,0,0,0,0,0,0,1,0,0,0,0,0,5,0,10,0,0,0,0,0,63,0,19,0,7,0,15,0,1,0,1,0,11,0,2,0,0,0,0,0,0,0
0,0,0,0,90,47,0,0,0,0,91,21,4,2,148,32,23,0,6,6,74,0,50,2,0,0,0,0,33,0,14,0,0,0,26,0,38,0,7,0,0,0,20,0,2,0,0,0,1,0,2,0,0,0,2,0,0,0,0,0,0,0,0,0,0,0,0,0,0,0,0,0,0,0,0,0,0,0,0,0,0,0,0,0,30,0,0,0,0,0,0,0,0,0,0,0,0,0,0,0,3,0,0,0,0,0,0,0,0,0,0,0,0,0,0,0,0,0,0,0,15,0,14,0,0,0,0,0,0,0,0,0,0,0,0,0,0,0,4,0,0,0,0,0,0,0,0,0,0,0,0,0,0,0,0,0,0,0,0,0,0,0,0,0,2,0,53,0,6,0,2,0,18,0,0,0,18,9,10,0,0,0,0,0,0,0,0,0,0,0,0,0,0,0,0,0,0,0,0,0,5,0,0,0,0,0,0,0,0,0,0,0,0,0,0,0,0,0,0,0,50,4,0,0,0,0,29,0,28,0,0,0,0,0,0,1,2,0,3,0,0,0,0,0,0,4,0,0,0
8,83,19,96,5,169,0,23,0,0,11,111,1,0,9,91,0,14,0,6,8,6,17,18,0,25,0,0,0,16,0,0,0,0,0,7,0,44,0,0,0,0,0,5,0,0,0,0,0,0,0,8,0,0,0,3,0,3,0,0,0,1,0,5,0,0,0,0,0,0,0,0,0,0,0,0,0,0,0,0,0,0,0,0,0,7,0,0,0,0,0,0,0,0,0,0,0,0,0,0,0,0,0,0,0,0,0,0,0,0,0,0,0,0,0,0,0,0,0,0,0,0,0,0,0,0,0,0,0,0,0,0,0,3,0,0,0,27,0,10,0,13,0,37,0,10,0,0,0,0,0,0,0,0,0,0,0,6,0,0,0,0,0,0,0,0,0,27,0,5,0,0,0,10,0,0,1,28,0,34,0,3,0,2,0,0,0,4,0,0,0,0,0,0,0,0,0,1,0,0,0,0,0,0,0,0,0,0,0,2,0,0,0,0,0,1,0,0,0,0,0,35,0,0,0,0,1,185,0,49,0,7,0,14,0,0,0,0,0,3,0,0,0,0,0,12,0,0,0
0,2,0,0,73,0,0,0,0,0,0,0,48,29,111,3,10,0,146,17,7,6,1,0,0,0,8,40,7,0,7,1,26,0,0,0,23,6,7,0,0,12,3,4,6,2,0,0,0,0,15,5,0,0,0,0,0,0,0,0,0,0,1,0,0,0,0,0,0,0,0,0,0,0,0,0,0,0,0,0,0,0,0,0,0,0,0,0,0,0,3,0,0,0,0,0,0,0,0,0,0,0,0,0,0,0,0,0,0,0,0,0,0,0,0,0,0,0,0,0,11,0,11,0,0,0,0,0,0,0,0,0,0,0,0,0,0,0,0,0,0,0,0,0,0,0,0,0,0,0,1,0,1,0,0,0,0,0,0,0,0,0,0,0,13,0,17,0,10,1,4,0,0,0,0,0,2,0,1,0,0,0,0,0,0,0,3,2,0,0,0,0,0,0,0,0,0,0,0,0,0,0,0,0,0,0,0,0,0,0,1,0,0,0,1,0,0,0,0,1,11,0,0,0,38,3,22,0,16,0,0,0,0,0,0,0,1,0,0,0,0,0,0,0,0,0,0,0,0
0,0,0,0,21,117,0,0,0,0,4,21,18,100,45,53,0,27,51,219,26,34,0,2,0,0,0,34,0,53,0,27,0,7,0,0,0,39,0,0,0,0,0,4,1,8,0,0,0,0,5,14,0,0,0,0,0,0,0,0,0,4,0,5,0,0,0,0,0,0,0,4,0,2,0,0,0,0,0,0,0,24,0,0,0,40,0,0,0,0,0,0,0,0,0,0,0,10,0,0,0,0,0,0,0,0,0,0,0,0,0,0,0,0,0,0,0,0,0,0,0,0,0,0,0,0,0,0,0,0,0,0,0,0,0,0,0,22,0,28,0,38,0,85,0,8,0,0,0,0,0,0,0,0,0,0,0,0,0,4,0,2,0,2,0,6,0,16,0,3,0,0,0,7,0,0,0,57,0,5,0,0,0,0,0,0,0,39,0,0,0,0,0,0,0,0,0,0,0,0,0,0,0,0,0,0,0,0,0,0,0,0,0,0,0,0,0,0,0,20,0,18,0,4,0,65,0,43,0,39,0,0,0,13,0,3,0,0,0,2,0,0,0,2,0,8,0,0,0
41,0,40,3,154,19,2,0,0,0,77,9,28,25,152,10,8,0,64,10,6,0,9,0,0,1,7,8,15,0,15,0,38,0,23,0,0,0,61,0,2,4,33,0,9,0,0,0,1,0,65,0,0,0,0,0,0,0,0,0,33,0,4,0,0,0,0,0,0,0,105,0,8,0,41,0,0,0,0,0,103,0,0,0,90,0,51,0,0,0,20,0,0,0,0,0,71,0,311,0,17,0,0,0,0,0,0,0,0,0,0,0,0,0,0,0,0,0,0,0,132,0,66,0,0,0,0,0,0,0,0,0,0,0,0,0,27,0,64,0,79,0,77,0,76,0,0,0,0,0,0,0,0,0,1,0,20,0,0,0,4,0,25,0,17,0,58,0,21,0,68,0,35,0,0,0,17,10,7,0,0,0,0,0,0,0,0,0,0,0,0,0,0,0,0,0,0,0,0,0,0,0,0,0,0,0,0,0,0,0,0,0,0,0,4,0,0,0,0,0,64,0,0,0,28,0,64,0,82,2,7,0,2,0,3,0,0,0,0,0,2,0,2,0,11,0,0,0,0
13,103,10,11,27,120,0,54,0,14,7,100,18,67,59,48,4,4,66,77,27,39,17,3,7,34,7,35,2,20,5,8,0,44,6,39,0,0,0,11,0,1,0,65,0,10,0,0,0,1,4,102,0,0,0,0,0,0,0,0,0,35,0,7,0,0,0,0,0,0,0,8,0,0,0,4,0,0,0,4,0,44,0,0,0,83,0,16,0,0,0,0,0,0,0,0,0,0,0,12,0,0,0,0,0,0,0,0,0,0,0,0,0,0,0,0,0,0,0,0,0,36,0,65,0,0,0,0,0,0,0,0,0,0,0,0,0,51,0,108,0,151,0,190,0,73,0,0,0,0,0,0,0,0,0,0,0,34,0,0,0,0,0,0,0,10,0,54,0,8,0,3,0,22,0,0,0,130,0,27,0,0,0,16,0,0,0,47,0,0,0,0,0,0,0,0,0,0,0,1,0,0,0,0,0,0,0,0,0,0,0,0,0,0,0,0,0,1,0,13,0,95,0,0,2,90,0,115,0,197,0,7,0,25,0,4,0,0,0,2,0,4,0,0,0,8,0,0,0
307,43,449,29,155,88,19,0,7,3,188,50,6,0,101,62,69,2,3,4,39,2,109,10,14,8,0,0,55,2,13,0,7,0,7,0,61,0,0,0,0,0,8,0,0,0,0,0,0,0,0,0,2,0,2,0,0,0,0,0,23,0,10,0,0,0,0,0,0,0,24,0,0,0,26,0,0,0,0,0,63,0,0,0,117,0,26,0,0,0,0,0,0,0,0,0,66,0,164,0,0,0,0,0,0,0,3,0,0,0,0,0,0,0,0,0,0,0,0,0,84,0,96,0,0,0,0,1,5,0,0,0,0,0,5,0,75,0,83,0,114,0,157,0,68,0,0,0,0,0,0,0,4,0,0,0,21,0,0,0,0,0,5,0,0,0,24,0,2,0,20,0,31,0,0,0,55,19,14,0,1,0,0,0,2,0,0,0,0,0,0,0,0,0,0,0,0,0,0,0,0,0,0,0,0,0,0,0,0,0,0,0,0,0,0,0,0,0,0,0,25,0,0,0,0,0,154,0,31,6,0,4,6,11,0,1,1,0,0,0,0,0,1,0,10,9,0,0,0
22,329,10,112,0,14,0,290,0,50,2,39,0,0,1,10,7,11,0,0,0,0,33,12,20,273,0,0,4,1,0,0,0,0,0,0,0,11,0,0,0,0,0,0,0,0,0,0,0,0,0,0,0,0,0,39,0,0,0,1,2,25,0,6,0,0,0,0,0,0,0,0,0,0,0,0,0,0,0,0,0,0,0,0,0,0,0,0,0,0,0,0,0,0,0,0,0,0,0,0,0,0,0,0,0,0,0,0,0,0,0,0,0,0,0,0,0,0,0,0,0,0,0,0,0,0,0,0,0,0,0,0,0,0,0,13,0,67,0,105,0,51,0,53,0,22,0,0,0,0,0,0,0,0,0,4,0,19,0,7,0,0,0,0,0,0,0,7,0,0,0,1,0,29,0,0,2,70,0,62,0,0,0,51,0,0,0,0,0,0,0,0,0,0,0,0,0,0,0,0,0,0,0,0,0,0,0,0,0,0,0,0,0,0,0,0,0,0,0,0,2,32,0,2,0,0,0,141,0,26,0,0,0,14,0,0,0,0,0,0,1,0,0,1,0,0,0,0,0
14,0,14,0,41,2,2,0,5,0,28,0,128,18,12,0,3,0,16,2,5,2,34,1,0,0,27,86,0,0,0,0,0,0,0,0,2,0,0,0,0,176,11,9,0,8,2,12,154,14,2,10,0,0,0,0,0,0,0,0,0,0,0,0,4,0,0,0,0,0,0,0,0,0,0,0,0,0,0,0,0,0,0,0,10,0,0,0,0,0,0,0,0,0,0,0,5,0,0,0,0,0,0,0,0,0,4,0,0,0,0,0,0,0,0,0,0,0,0,0,0,0,2,0,2,0,0,0,0,0,0,0,0,0,0,0,5,0,0,0,0,0,11,0,0,0,15,0,6,0,26,0,17,0,0,0,0,0,0,0,0,0,0,0,2,0,0,0,0,0,0,0,0,0,8,0,25,22,14,0,14,0,0,0,9,0,30,0,0,0,0,0,0,0,0,0,0,0,0,0,7,0,0,0,0,0,0,0,8,0,0,0,0,0,0,0,0,0,280,34,0,1,81,102,7,0,0,0,1,0,0,0,0,0,0,0,0,0,0,0,0,0,0,0,0,0,0,0,0
0,98,0,9,14,53,0,9,0,11,0,96,104,236,0,0,0,0,51,31,8,6,0,0,0,0,102,59,0,0,0,0,0,0,12,0,4,1,0,0,176,0,69,23,23,29,9,16,4,126,87,11,0,0,0,0,0,0,0,0,0,0,0,0,0,0,0,0,0,0,0,0,0,0,0,0,0,0,0,0,0,0,0,0,0,2,0,0,0,0,0,0,0,0,0,0,0,0,0,1,0,0,0,0,0,0,0,0,0,0,0,0,0,0,0,0,0,0,0,0,0,0,0,1,0,0,0,0,0,0,0,0,0,0,0,4,0,0,0,0,0,0,0,0,0,0,0,0,0,0,0,0,0,0,0,0,0,0,0,0,0,0,0,0,0,9,0,0,0,0,0,0,0,0,0,0,0,70,2,5,0,6,0,3,0,3,0,16,0,0,0,0,0,0,0,0,0,0,0,0,0,0,0,0,0,0,0,0,0,0,0,0,0,0,0,0,0,0,104,93,0,0,2,220,0,8,0,5,0,3,0,0,0,0,0,0,0,0,0,1,0,0,0,0,0,0,0,0,0
0,0,7,1,34,0,1,0,0,0,0,0,65,33,18,0,4,0,48,9,5,0,5,0,0,0,48,107,7,0,10,0,20,0,3,0,33,0,8,0,11,69,0,14,18,4,1,5,5,0,8,18,0,0,0,0,0,0,0,0,0,0,0,0,0,0,0,0,0,0,13,0,0,0,0,0,0,0,0,0,8,0,0,0,25,0,12,0,1,0,8,0,1,0,3,0,18,0,34,0,0,0,0,0,0,0,1,0,0,0,0,0,0,0,0,0,0,0,0,0,14,0,18,0,0,0,0,0,0,0,0,0,0,0,0,0,0,0,4,0,4,0,14,0,5,0,0,0,1,0,0,0,0,0,0,0,0,0,0,0,0,0,0,0,0,1,0,0,7,0,6,0,1,0,0,1,16,10,1,0,2,0,0,0,1,0,32,1,0,0,0,0,0,0,0,0,0,0,0,0,0,0,0,0,0,0,0,0,1,0,0,0,0,0,0,0,0,0,46,31,0,0,2,15,46,5,2,0,31,0,0,0,0,0,0,0,0,0,0,0,0,0,0,0,1,0,0,0,0
0,0,0,0,0,0,0,0,0,0,0,2,33,52,0,0,0,0,39,17,8,17,0,0,0,1,18,125,0,13,0,18,0,5,4,4,0,65,0,0,9,23,14,0,0,9,0,0,0,20,17,12,0,0,0,0,0,1,0,0,0,4,0,5,0,0,0,0,0,0,0,0,0,0,0,0,0,0,0,0,0,0,0,0,0,65,0,8,0,0,0,0,0,0,0,0,0,9,0,10,0,0,0,0,0,0,0,0,0,0,0,0,0,0,0,0,0,0,0,0,0,25,0,21,0,0,0,0,0,0,0,0,0,2,0,3,0,0,0,0,0,21,0,71,0,14,0,0,0,0,0,0,0,0,0,0,0,0,0,0,0,0,0,0,0,13,0,0,0,4,0,0,0,2,0,0,0,67,0,0,0,0,0,0,0,0,0,159,0,0,0,0,0,0,0,0,0,0,0,0,0,0,0,0,0,0,0,0,0,0,0,0,0,0,0,0,0,0,1,97,0,8,0,21,4,37,0,35,0,29,0,0,0,0,0,3,0,0,0,2,0,0,0,1,0,2,0,0,0
0,0,8,0,0,0,0,0,0,0,0,0,2,3,2,0,5,0,0,0,1,0,22,0,1,0,8,7,0,0,1,0,2,0,6,1,9,0,0,0,0,23,18,0,0,0,2,2,18,0,12,0,0,0,0,0,0,0,0,0,0,0,0,0,0,0,0,0,1,0,3,0,0,0,0,0,0,0,0,0,17,0,0,0,56,0,0,0,3,0,8,0,2,0,10,0,45,0,49,0,3,0,5,0,0,0,4,0,0,0,0,0,0,0,0,0,0,0,0,0,14,0,5,0,0,0,0,0,0,0,0,0,0,0,0,0,0,0,0,0,0,0,14,0,0,0,1,0,0,0,1,0,0,0,0,0,0,0,0,0,0,0,2,0,72,0,3,0,15,1,6,0,4,0,0,0,1,2,0,0,1,0,0,0,0,0,2,0,0,0,0,0,0,0,0,0,0,0,0,0,0,0,0,0,0,0,0,0,3,0,0,0,2,0,0,0,0,0,209,5,0,0,97,22,90,0,0,0,14,0,0,0,0,0,3,0,0,0,1,0,1,0,0,0,0,0,0,0,0
0,9,0,4,0,0,0,3,0,0,0,3,8,20,0,0,0,2,2,26,0,45,0,0,0,0,10,64,0,0,0,12,0,0,2,8,0,10,0,0,8,29,4,9,0,0,0,3,0,86,0,16,0,0,0,3,0,0,0,0,0,0,0,2,0,3,0,0,0,11,0,9,0,0,0,3,0,6,0,6,0,30,0,7,0,21,0,13,0,8,0,1,0,0,0,14,0,8,0,9,0,0,0,7,0,0,0,0,0,0,0,0,0,0,0,0,0,0,0,0,0,17,0,9,0,0,0,0,0,0,0,0,0,0,0,0,0,4,0,0,0,9,0,24,0,9,0,2,0,0,0,0,0,0,0,0,0,0,0,0,0,0,0,7,0,71,0,1,0,47,0,0,0,1,0,3,0,40,0,1,0,7,0,0,0,0,0,34,0,0,0,0,0,0,0,0,0,0,0,0,0,0,0,0,0,0,0,0,0,0,0,0,0,2,0,1,0,2,0,155,0,15,0,163,0,56,0,5,0,69,0,5,0,7,0,5,0,0,0,4,0,0,0,3,0,3,0,0,0
0,0,2,0,0,0,0,0,0,0,0,0,0,0,0,0,0,0,1,0,1,0,3,0,1,0,0,0,0,0,0,0,0,0,0,0,0,0,0,0,2,9,1,0,2,0,0,1,13,2,0,0,0,0,0,0,0,0,0,0,0,0,0,0,0,0,0,0,0,0,0,0,0,0,0,0,0,0,0,0,0,0,0,0,2,0,0,0,1,0,0,0,0,0,0,0,0,0,0,0,0,0,0,0,0,0,0,0,0,0,0,0,0,0,0,0,0,0,0,0,0,0,0,0,0,0,0,0,0,0,0,0,0,0,0,0,0,0,0,0,0,0,0,0,0,0,0,0,0,0,0,0,0,0,0,0,0,0,0,0,0,0,0,0,9,0,0,0,1,0,0,0,0,0,0,0,0,0,0,0,0,0,0,0,0,0,1,0,0,0,0,0,1,0,0,0,0,0,0,0,1,0,0,0,0,0,0,0,0,0,0,0,0,0,0,0,0,0,103,0,0,0,55,13,2,0,0,0,1,0,0,0,0,0,0,0,0,0,0,0,0,0,0,0,0,0,0,0,0
0,4,0,1,0,1,0,0,0,0,0,5,0,22,0,0,0,0,2,1,0,0,0,0,0,0,2,5,0,0,0,0,0,0,0,0,0,0,0,0,12,16,5,0,2,3,1,0,0,7,0,0,0,0,0,0,0,0,0,0,0,0,0,0,0,0,0,0,0,0,0,0,0,0,0,0,0,0,0,0,0,0,0,0,0,1,0,0,0,0,0,0,0,0,0,0,0,0,0,1,0,0,0,0,0,0,0,0,0,0,0,0,0,0,0,0,0,0,0,0,0,1,0,0,0,0,0,0,0,0,0,0,0,0,0,0,0,0,0,0,0,0,0,0,0,0,0,0,0,0,0,0,0,0,0,0,0,0,0,0,0,0,0,0,0,0,0,0,0,0,0,0,0,0,0,0,0,8,0,0,0,0,0,0,0,0,0,4,0,0,0,0,0,0,0,0,0,0,0,0,0,0,0,0,0,0,0,0,0,0,0,0,0,0,0,0,0,0,10,23,0,0,2,40,0,1,0,0,0,0,0,0,0,0,0,0,0,0,0,0,0,0,0,0,0,1,0,0,0
0,0,10,0,0,0,0,0,0,0,5,0,13,0,2,0,0,0,0,0,1,0,9,0,0,0,5,1,0,0,1,0,1,0,0,0,1,0,0,0,154,4,5,0,18,0,13,0,0,2,8,0,0,0,0,0,1,0,0,0,0,0,0,0,0,0,0,0,0,0,1,0,0,0,0,0,0,0,0,0,0,0,0,0,3,0,0,0,3,0,1,0,1,0,4,0,2,0,1,0,0,0,9,0,0,0,0,0,1,0,0,0,0,0,0,0,0,0,0,0,0,0,0,0,0,0,0,0,0,0,0,0,0,0,0,0,0,0,0,0,0,0,0,0,0,0,0,0,2,0,2,0,4,0,1,0,0,0,0,0,0,1,0,0,22,1,13,0,3,0,1,0,0,0,5,1,9,1,6,0,3,0,1,0,0,0,22,0,0,0,0,0,0,0,0,0,0,0,2,0,3,0,2,0,0,0,0,0,0,0,0,0,2,0,5,0,2,0,85,2,28,0,159,37,8,0,6,0,8,0,0,0,1,0,1,0,0,0,0,0,1,0,1,0,1,0,0,0,0
0,3,0,0,0,0,0,0,0,2,0,8,1,50,2,0,0,0,0,12,1,7,0,0,0,0,0,15,0,0,0,0,0,0,0,0,0,1,0,0,14,126,0,20,0,86,2,7,2,0,1,48,0,0,0,0,0,0,0,1,0,0,0,0,0,0,0,0,0,16,0,0,0,0,0,0,0,2,0,0,0,7,0,1,0,15,0,0,0,0,0,0,0,0,0,5,0,0,0,1,0,1,0,5,0,0,0,0,0,1,0,0,0,0,0,0,0,1,0,0,0,0,0,0,0,0,0,0,0,0,0,0,0,0,0,0,0,0,0,0,0,0,0,10,0,0,0,0,0,0,0,0,0,3,0,0,0,0,0,0,0,1,0,0,1,6,0,0,0,0,0,3,0,0,0,3,0,70,0,6,0,3,0,0,0,0,0,39,0,0,0,0,0,0,0,1,0,0,0,0,0,0,0,0,0,0,0,0,0,0,0,0,0,1,0,0,0,1,41,13,0,6,9,205,0,3,0,7,0,12,0,2,0,0,0,0,0,0,0,1,0,0,0,0,0,2,0,0,0
0,2,0,0,130,4,1,0,2,0,12,0,248,60,73,0,9,0,119,21,17,4,0,0,0,0,59,120,3,0,17,1,2,0,15,5,65,4,0,0,2,87,8,17,12,0,0,0,8,1,0,29,0,0,0,0,1,0,0,0,0,0,0,0,1,0,0,0,0,0,64,0,8,0,21,0,6,0,0,0,28,0,0,0,48,0,16,0,0,0,10,0,4,0,0,0,49,0,121,0,0,0,0,0,0,0,0,0,0,0,0,0,0,0,0,0,0,0,0,0,47,0,13,0,0,0,0,0,0,0,1,0,0,0,0,0,4,0,0,0,0,0,7,0,4,0,0,0,1,0,3,0,4,0,0,0,1,0,0,0,0,0,21,0,33,0,28,0,51,0,34,0,53,0,0,1,13,8,4,0,0,0,0,0,1,0,8,1,0,0,0,0,0,0,0,0,0,0,0,0,0,0,0,0,0,0,0,0,0,0,0,0,1,0,7,0,3,0,21,27,38,0,6,6,94,3,24,0,73,0,5,0,0,0,8,0,1,0,11,0,0,0,4,0,15,0,0,0,0
0,0,0,0,13,38,0,0,0,1,0,5,56,111,8,6,0,8,85,95,13,38,0,0,0,0,21,118,0,17,2,19,0,8,5,14,0,102,0,0,10,11,18,12,0,16,0,0,0,48,29,0,0,0,0,0,0,2,0,0,0,2,0,1,0,0,0,0,0,1,0,18,0,3,0,8,0,0,0,5,0,73,0,6,1,80,0,35,0,0,0,0,0,0,0,17,0,21,0,19,0,0,0,0,0,0,0,0,0,0,0,0,0,0,0,0,0,0,0,0,0,67,0,81,0,0,0,0,0,1,0,0,0,0,0,0,0,12,0,17,0,19,0,88,0,27,0,0,0,0,0,0,0,0,0,0,0,0,0,0,0,0,0,7,0,9,0,5,0,19,0,7,0,9,0,0,0,87,0,0,0,0,0,0,0,0,0,123,0,0,0,0,0,0,0,0,0,0,0,0,0,0,0,0,0,0,0,0,0,0,0,0,0,0,0,1,0,0,0,27,0,25,0,6,4,55,0,29,0,74,0,4,0,11,0,7,0,0,0,3,0,2,0,0,0,8,0,0,0
0,0,0,0,0,0,49,0,35,26,0,0,0,0,2,0,95,0,2,0,0,0,7,0,40,0,0,0,10,0,0,0,0,0,0,0,0,0,2,0,0,0,0,0,0,0,0,0,0,0,0,0,0,32,81,33,129,19,14,46,17,8,57,0,0,5,8,223,0,0,0,0,0,0,0,0,0,0,0,0,0,0,0,0,0,0,0,0,0,0,0,0,0,0,0,0,0,0,0,0,0,0,0,0,0,0,0,0,0,0,0,0,0,0,0,0,0,0,0,0,0,0,0,0,0,0,0,0,131,0,9,0,5,0,14,0,155,0,194,0,52,0,38,1,40,0,0,0,0,0,0,0,0,0,217,12,46,8,97,1,25,0,6,0,0,0,0,0,7,0,69,0,1,0,0,0,11,3,0,0,0,2,1,0,8,15,0,0,0,0,0,0,0,0,0,0,0,0,0,0,6,0,0,0,0,0,0,0,7,0,5,0,0,0,37,0,0,0,0,0,35,0,13,0,7,0,253,0,101,4,0,0,10,1,6,0,0,0,12,0,1,0,0,0,27,0,0,0,0
0,0,0,2,0,0,6,5,56,7,0,0,0,0,0,2,0,0,0,7,0,0,0,0,2,6,0,0,0,0,0,0,0,0,0,0,0,0,0,0,0,0,0,0,0,0,0,0,0,0,0,0,32,0,44,31,16,91,52,15,3,27,3,83,0,0,57,59,0,0,0,0,0,1,0,0,0,0,0,0,0,0,0,0,0,0,0,0,0,0,0,0,0,0,0,0,0,0,0,0,0,0,0,0,0,0,0,0,0,0,0,0,0,0,0,0,0,0,0,0,0,0,0,0,0,0,0,3,0,36,0,2,0,7,1,5,0,67,0,121,0,7,0,24,0,29,0,0,1,0,0,0,0,0,3,141,3,22,0,93,0,3,0,0,0,0,0,0,0,0,0,0,0,1,0,0,11,10,0,0,0,1,0,0,3,24,0,0,0,0,0,0,0,0,0,0,0,0,0,0,0,0,0,0,0,0,0,0,0,1,0,0,0,0,0,2,0,0,0,0,0,3,0,0,0,0,0,49,4,2,0,0,0,2,0,0,0,0,0,2,0,0,0,0,0,0,0,0,0
31,0,105,0,0,0,105,0,19,99,0,0,2,0,13,0,47,0,0,0,5,0,158,0,208,0,0,0,4,0,3,0,2,0,0,0,0,0,2,0,0,0,0,0,0,0,0,0,0,0,0,0,81,44,0,65,109,16,27,81,43,24,19,37,17,0,65,256,0,0,0,0,0,0,0,0,0,0,0,0,0,0,0,0,0,0,0,0,0,0,0,0,0,0,0,0,0,0,0,0,0,0,0,0,0,0,0,0,0,0,0,0,0,0,0,0,0,0,0,0,0,0,0,0,26,0,52,0,68,0,87,0,19,0,64,0,34,0,1,0,0,0,14,0,0,0,7,0,21,1,5,0,0,0,47,5,22,0,9,2,103,0,2,0,0,0,0,0,35,0,114,0,4,0,0,0,4,10,0,0,0,0,1,0,3,29,0,0,0,0,0,0,0,0,0,0,0,0,0,0,5,0,0,0,0,0,3,0,69,0,0,0,0,0,265,0,0,0,0,0,141,0,23,0,35,0,310,3,338,2,15,0,72,0,37,0,0,0,79,0,15,0,2,0,237,0,0,0,0
26,21,0,46,0,8,38,150,243,34,0,1,0,4,0,60,8,87,0,117,0,27,4,33,55,90,0,12,0,85,0,13,0,3,0,0,0,0,0,39,0,0,0,0,0,3,0,0,0,0,0,0,33,31,65,0,12,65,19,95,11,52,30,122,0,0,27,14,0,1,0,0,0,0,0,0,0,0,0,0,0,0,0,0,0,0,0,0,0,0,0,0,0,0,0,0,0,0,0,0,0,0,0,0,0,0,0,0,0,0,0,0,0,0,0,0,0,0,0,0,0,0,0,0,0,17,0,14,0,50,0,13,0,60,0,33,0,113,0,9,0,0,0,14,1,0,1,0,0,0,0,0,0,2,0,64,0,7,0,22,0,4,0,0,0,2,0,0,1,17,3,54,0,70,0,0,10,2,0,0,0,0,0,28,0,5,0,0,0,0,0,0,0,0,0,0,0,0,0,0,1,0,0,0,0,0,0,0,3,15,0,0,0,4,2,258,0,0,0,11,0,424,0,59,0,38,0,78,10,451,0,11,0,315,0,59,0,6,0,29,0,3,0,4,0,178,0,0,0
3,0,11,0,0,0,12,0,4,0,0,0,0,0,1,0,15,0,0,0,0,0,0,0,19,0,0,0,0,0,0,0,0,0,0,0,0,0,0,0,0,0,0,0,0,0,0,0,1,0,1,0,129,16,109,12,0,13,126,41,9,0,4,0,4,0,15,90,2,0,0,0,0,0,0,0,1,0,0,0,0,0,0,0,0,0,0,0,0,0,0,0,0,0,0,0,0,0,0,0,0,0,0,0,0,0,0,0,0,0,0,0,0,0,0,0,0,0,0,0,0,0,0,0,18,0,12,0,17,0,107,0,13,0,2,0,0,0,0,0,0,0,0,0,3,3,2,0,10,0,2,0,0,0,43,15,12,7,5,7,67,0,11,0,6,0,0,0,58,0,98,0,6,0,1,0,0,0,0,0,0,5,0,0,0,0,0,0,0,0,0,0,0,0,0,0,0,0,0,0,0,0,0,0,0,0,0,0,27,0,0,0,0,0,589,0,0,0,18,0,249,0,108,0,63,0,57,0,624,0,7,0,236,2,192,1,8,0,184,0,22,0,27,0,357,0,0,0,0
0,4,0,0,0,7,4,11,15,11,0,3,0,0,0,6,0,29,0,18,0,11,0,5,0,8,0,0,0,17,1,4,0,3,0,0,0,0,0,0,0,0,0,1,0,0,0,0,0,0,0,2,19,91,16,65,13,0,55,53,0,3,0,37,6,2,60,40,0,0,0,0,0,0,0,0,0,0,0,0,0,0,0,0,0,1,0,1,0,0,0,0,0,0,0,0,0,0,0,0,0,0,0,0,0,0,0,0,0,0,0,0,0,0,0,0,0,0,0,0,0,0,0,0,0,34,0,27,0,59,0,92,0,52,0,5,0,24,0,21,0,1,0,4,0,3,0,2,0,4,0,0,0,1,5,167,3,8,0,120,0,65,0,1,0,0,0,2,0,29,0,67,0,4,0,0,3,1,0,0,0,0,0,0,0,6,0,1,0,0,0,0,0,0,0,0,0,0,0,0,0,0,0,0,0,0,0,0,0,13,0,12,0,13,1,320,0,0,0,16,0,329,2,109,1,60,0,45,0,765,0,8,0,204,0,156,0,2,0,35,0,4,0,1,0,101,0,0,0
9,0,0,0,2,0,17,0,55,6,0,0,0,0,0,0,0,0,2,0,0,0,0,0,3,0,0,0,0,0,0,0,0,0,0,0,0,0,0,0,0,0,0,0,0,0,0,0,0,0,0,0,14,52,27,19,126,55,0,107,14,0,6,0,55,35,103,238,0,0,0,0,0,0,0,0,1,0,1,0,0,0,0,0,0,0,0,0,0,0,0,0,0,0,0,0,0,0,0,0,0,0,0,0,0,0,0,0,0,0,0,0,0,0,0,0,0,0,0,0,0,0,0,0,2,0,2,0,0,0,23,0,0,0,0,0,0,0,0,0,0,0,0,0,9,5,1,0,11,0,0,0,0,0,14,58,57,24,2,25,5,11,0,0,0,0,0,0,24,0,39,0,2,0,3,3,42,5,0,0,25,20,0,0,7,27,0,0,0,0,0,0,0,0,0,0,0,0,0,0,0,0,0,0,0,0,0,0,0,0,14,0,13,0,439,0,0,0,7,0,191,0,58,0,45,1,76,0,302,0,11,0,196,2,177,3,9,0,201,0,29,0,28,0,409,0,0,0,0
0,17,0,10,0,11,0,42,229,21,0,5,0,2,0,3,3,3,1,0,0,0,0,0,22,0,0,4,0,1,0,0,0,0,0,0,0,0,0,1,0,0,0,0,0,0,0,0,0,1,0,0,46,15,81,95,41,53,107,0,0,62,17,51,23,34,139,66,0,1,0,0,0,0,0,0,0,0,0,0,0,0,0,0,0,0,0,2,0,1,0,0,0,0,0,0,0,0,0,0,0,0,0,0,0,0,0,0,0,0,0,0,0,0,0,0,0,0,0,0,0,0,0,0,0,49,0,53,0,5,0,100,0,28,0,3,0,12,2,0,0,0,0,0,8,3,0,7,0,25,0,6,0,0,26,7,13,27,25,7,30,27,0,0,0,2,0,0,0,5,0,21,0,0,0,2,31,8,0,0,10,15,0,0,0,35,0,0,0,0,0,0,0,1,0,0,0,0,0,0,0,0,0,0,0,0,0,2,0,22,0,14,0,7,0,503,0,0,0,21,2,402,0,117,0,37,5,188,8,390,0,14,0,500,0,370,0,10,0,107,0,10,0,8,3,342,0,0,0
165,32,157,3,3,0,231,11,210,31,0,0,0,0,0,4,38,1,2,0,0,0,31,0,47,9,1,0,8,0,0,0,0,0,0,0,33,0,23,2,0,0,0,0,0,0,0,0,0,0,0,0,17,3,43,11,9,0,14,0,0,0,27,1,1,0,1,10,0,0,5,0,0,0,5,0,0,0,0,0,0,0,0,0,2,1,0,0,0,0,0,0,0,0,0,0,0,0,0,0,0,0,0,0,0,0,0,0,0,0,0,0,0,0,0,0,0,0,0,0,3,0,7,0,0,0,0,0,0,0,0,0,0,0,0,0,22,0,138,0,108,0,24,0,247,0,0,0,0,0,0,0,0,0,14,0,105,0,26,0,1,0,0,0,0,0,0,0,0,0,89,0,58,0,0,0,32,3,0,0,0,0,0,0,1,0,0,0,0,0,0,0,0,0,0,0,0,0,0,0,0,0,0,0,0,0,0,0,0,0,0,0,0,0,3,0,0,0,0,0,3,0,0,0,1,0,148,0,19,2,0,0,2,0,0,0,0,0,1,0,0,0,1,0,1,0,0,0,0
4,55,0,4,0,3,12,103,24,182,0,0,0,0,0,0,4,0,0,4,0,0,0,0,8,15,0,8,0,8,0,1,0,1,0,4,0,35,0,25,0,0,0,4,0,0,0,0,0,0,0,2,8,27,24,52,0,3,0,62,0,0,1,23,1,0,7,126,0,0,0,1,0,8,0,0,0,0,0,0,0,0,0,0,0,0,0,0,0,0,0,0,0,0,0,0,0,0,0,0,0,0,0,0,0,0,0,0,0,0,0,0,0,0,0,0,0,0,0,0,0,0,0,0,0,0,0,0,0,0,0,0,0,1,0,0,0,13,0,67,0,43,0,13,0,105,0,0,0,0,0,0,0,0,0,13,0,120,0,11,0,1,0,0,0,0,0,0,0,1,0,8,0,4,0,0,10,67,0,0,0,0,0,35,0,12,0,0,0,0,0,0,0,0,0,0,0,0,0,0,0,0,0,0,0,0,0,0,0,0,0,0,0,0,0,0,0,0,0,1,0,27,0,2,0,0,0,46,0,57,2,0,0,2,0,0,0,0,0,0,0,0,0,0,0,0,0,0,0
34,12,136,0,0,0,255,13,138,113,0,0,0,0,1,0,252,1,0,0,0,0,35,0,228,0,0,0,54,0,0,0,0,0,1,0,4,0,10,0,0,0,0,0,0,0,0,0,0,0,0,0,57,3,19,30,4,0,6,17,27,1,0,9,0,0,0,20,0,0,0,0,0,0,3,0,0,0,0,0,0,0,0,0,1,0,0,0,0,0,1,0,0,0,0,0,0,1,0,0,0,0,0,0,0,0,0,0,0,0,0,0,0,0,0,0,0,0,0,0,0,0,3,0,1,0,0,0,26,0,0,0,3,0,3,0,71,0,107,0,45,0,33,0,23,0,0,0,0,0,0,0,0,0,35,1,27,0,30,0,2,0,0,0,1,0,0,0,0,0,2,0,0,0,0,0,14,11,0,0,0,0,0,0,0,2,0,0,0,0,0,0,0,0,0,0,0,0,0,0,0,0,0,0,0,0,0,0,0,0,0,0,0,0,0,0,0,0,0,0,5,0,0,0,0,0,270,0,0,1,0,0,3,1,0,0,0,0,0,0,0,0,0,0,1,1,0,0,0
3,7,0,3,0,0,22,93,54,197,0,0,0,1,0,4,1,13,0,24,0,22,0,7,17,22,0,3,0,23,0,20,0,5,0,5,0,7,0,6,0,0,0,5,0,2,0,0,0,0,0,1,0,83,37,122,0,37,0,51,1,23,9,0,0,0,0,92,0,0,0,0,0,0,0,0,0,0,0,0,0,0,0,0,0,2,0,0,0,0,0,0,0,0,0,0,0,0,0,0,0,0,0,0,0,0,0,1,0,0,0,0,0,0,0,0,0,0,0,0,0,0,0,0,0,0,0,6,0,10,0,0,0,4,0,2,0,39,0,125,0,10,0,22,0,64,0,0,0,0,1,0,0,0,1,106,0,11,2,58,0,2,0,0,0,0,0,0,0,0,0,0,0,0,0,0,0,48,0,0,0,0,0,74,1,13,0,0,0,0,0,0,0,0,0,0,0,0,0,0,0,0,0,0,0,0,0,0,0,0,0,0,0,0,2,0,0,0,0,0,0,0,0,0,0,1,0,76,0,5,0,0,0,0,0,0,0,0,2,0,0,0,0,0,0,0,0,0,0
24,0,9,0,23,0,6,0,139,0,21,0,24,0,11,0,0,0,11,2,0,0,0,0,0,0,7,0,0,0,0,0,0,0,0,0,0,0,0,0,4,0,0,0,0,0,0,0,0,0,1,0,0,0,17,0,4,6,55,23,1,1,0,0,0,83,58,19,0,0,33,0,0,0,30,0,0,0,0,0,5,0,0,0,0,0,12,0,0,0,0,0,0,0,0,0,3,0,0,0,8,0,0,0,0,0,0,0,0,0,0,0,0,0,0,0,0,0,0,0,0,0,0,0,5,0,5,0,0,0,20,0,0,0,0,0,0,1,42,46,36,5,4,0,95,36,43,0,63,28,10,0,4,0,0,31,0,0,3,45,53,54,8,0,0,0,0,0,6,0,0,0,0,0,41,58,4,1,0,0,64,29,11,0,59,25,0,0,0,0,1,0,0,0,0,0,0,0,0,0,0,0,0,0,0,0,0,0,0,0,0,0,0,0,18,0,0,0,6,0,0,0,11,0,8,0,21,4,40,0,1,0,0,0,53,4,0,0,24,0,0,0,3,0,24,0,0,0,0
0,83,0,0,0,0,0,0,0,58,0,11,0,0,0,0,0,0,0,15,0,0,0,0,0,0,0,0,0,0,0,0,0,0,0,0,0,0,0,0,0,0,0,0,0,3,0,0,0,0,0,0,5,0,0,0,0,2,35,34,0,0,0,0,83,0,17,510,0,0,16,26,0,8,0,8,0,0,0,12,5,6,0,0,1,2,0,13,0,0,0,0,0,0,0,0,0,0,13,0,0,0,0,0,0,0,0,0,0,0,0,0,0,0,0,0,0,0,0,0,0,0,0,0,0,43,0,36,20,1,51,127,2,4,0,0,1,3,49,27,0,6,0,0,48,54,0,39,68,414,4,41,0,14,25,6,1,1,73,15,83,161,0,9,0,0,0,0,0,4,0,0,0,0,34,142,0,1,0,1,31,94,0,2,14,94,0,0,0,0,0,1,0,0,0,0,0,0,0,0,0,0,0,0,0,0,0,14,0,26,0,2,0,0,0,55,0,0,1,4,0,0,0,0,0,8,8,85,0,77,0,0,0,0,0,177,0,0,13,20,0,0,0,0,0,79,0,0,0
31,0,0,0,0,0,54,0,125,4,5,0,0,0,1,0,0,0,0,0,0,0,0,0,0,0,0,0,0,0,0,0,0,0,0,0,0,0,0,0,0,0,0,0,0,0,0,0,0,0,0,0,8,57,65,27,15,60,103,139,1,7,0,0,58,17,0,134,0,0,0,0,1,0,0,0,0,0,0,0,0,0,0,0,0,0,0,0,0,0,0,0,0,0,0,0,0,0,0,0,0,0,0,0,0,0,0,0,0,0,0,0,0,0,0,0,0,0,0,0,0,0,0,0,2,0,0,0,0,0,4,0,0,0,0,0,0,0,0,3,0,0,0,0,13,2,2,0,8,0,0,0,0,0,10,38,22,17,0,2,18,6,0,0,0,0,0,0,0,0,3,0,0,0,4,2,205,6,0,0,30,13,0,0,48,75,0,0,0,0,0,0,0,0,0,0,0,0,0,0,0,0,0,0,0,0,0,0,0,0,0,0,2,0,59,0,0,0,0,0,34,0,10,0,3,0,14,1,54,1,0,0,42,0,49,0,0,0,32,1,2,0,5,0,47,0,0,0,0
0,7,0,0,0,0,50,1,372,19,0,0,1,1,0,0,0,0,0,0,0,0,0,0,30,0,0,3,0,0,0,0,0,0,0,0,0,0,0,0,0,0,0,0,0,0,0,0,0,0,0,0,223,59,256,14,90,40,238,66,10,126,20,92,19,510,134,0,0,0,0,0,0,0,0,0,0,0,0,0,0,0,0,0,0,0,0,0,0,0,0,0,0,0,0,0,0,0,0,0,0,0,0,0,0,0,0,0,0,0,0,0,0,0,0,0,0,0,0,0,0,0,0,0,0,54,0,39,0,0,0,71,0,0,0,1,0,2,1,1,0,0,0,1,8,7,0,5,0,109,0,0,0,0,54,24,22,82,28,11,24,74,0,0,0,1,0,0,0,3,5,0,0,2,0,16,145,292,0,0,0,56,0,3,10,391,0,0,0,0,0,0,0,0,0,0,0,2,0,0,0,0,0,0,0,0,0,2,0,15,0,0,0,3,4,129,0,0,0,2,2,111,0,24,1,8,6,84,29,94,0,4,0,110,2,95,0,0,0,27,0,1,0,0,0,109,0,0,0
0,0,0,0,0,0,0,0,0,0,0,0,0,0,0,0,0,0,0,0,0,0,0,0,0,0,0,0,0,0,0,0,0,0,0,0,0,0,0,0,0,0,0,0,1,0,0,0,0,0,0,0,0,0,0,0,2,0,0,0,0,0,0,0,0,0,0,0,0,0,0,0,12,0,0,0,25,0,6,0,4,0,3,0,33,0,14,0,7,0,4,0,0,0,13,0,22,0,11,0,4,0,46,0,24,0,8,0,1,0,0,0,0,0,0,0,0,0,0,0,3,0,0,0,0,0,0,0,0,0,0,0,0,0,0,0,0,0,0,0,0,0,0,0,0,0,0,2,1,0,0,0,0,1,0,0,0,0,0,0,0,0,0,0,11,0,0,0,43,0,0,0,3,0,0,0,0,0,0,0,4,0,0,0,0,0,0,0,38,0,6,0,17,0,21,0,0,0,24,0,0,0,17,0,0,0,0,0,0,1,0,0,26,0,45,0,46,0,6,0,0,0,70,0,15,0,0,0,25,0,0,0,0,0,5,0,0,0,8,0,21,0,0,0,0,0,0,0,0
0,0,0,0,0,0,0,0,0,0,0,0,0,0,0,0,0,0,0,0,0,0,0,0,0,0,0,0,0,0,0,0,0,0,0,0,0,0,0,0,0,0,0,0,0,11,0,0,0,16,0,1,0,0,0,1,0,0,0,1,0,0,0,0,0,0,0,0,0,0,0,0,0,0,0,0,0,32,0,9,0,20,0,28,0,0,0,35,0,62,0,3,0,0,0,37,0,3,0,5,0,3,0,68,0,0,0,1,0,4,0,5,0,0,0,0,0,0,0,0,0,0,0,0,0,1,0,0,0,0,0,0,0,0,0,0,0,0,0,0,1,0,0,0,0,0,0,0,0,0,0,0,0,0,0,0,0,0,0,0,0,0,0,0,0,60,0,0,0,31,0,0,0,0,0,0,0,0,0,0,0,4,0,0,0,0,0,0,0,27,0,4,0,0,0,0,0,0,0,0,0,0,0,0,0,0,0,0,2,0,0,0,0,154,0,27,0,51,0,13,0,0,2,145,0,19,0,0,0,52,0,0,0,1,0,0,0,0,0,21,0,3,0,0,0,0,0,0,0
0,0,0,0,0,0,0,0,0,0,0,0,0,0,0,0,0,0,0,0,23,0,0,0,0,0,0,0,7,1,0,0,0,0,0,0,105,0,24,0,0,0,13,0,3,0,0,0,1,0,64,0,0,0,0,0,0,0,0,0,5,0,0,0,33,16,0,0,0,0,0,0,135,0,169,0,13,0,134,0,14,0,4,0,0,3,25,0,0,0,0,0,0,0,0,0,0,0,34,0,3,0,1,0,0,0,2,0,0,0,0,0,0,0,0,0,0,0,0,0,64,0,4,0,57,7,24,3,20,0,0,10,27,0,34,0,29,0,7,6,40,6,73,0,43,0,0,0,43,0,18,0,10,0,0,1,3,0,0,0,0,6,54,0,0,0,28,0,6,1,54,0,35,0,52,13,0,0,0,0,30,11,0,0,37,0,0,0,0,0,0,0,0,0,0,0,0,0,0,0,8,0,0,0,0,0,0,0,0,0,0,0,0,0,0,0,0,0,0,0,1,0,0,0,0,0,1,0,4,0,0,0,0,0,0,0,0,0,11,1,3,0,1,0,0,0,0,0,0
0,0,0,0,0,0,0,0,0,0,0,0,0,2,0,0,0,0,0,0,0,0,0,0,0,0,0,3,0,0,0,0,0,0,0,4,0,8,0,0,0,0,0,0,0,9,0,0,0,0,0,18,0,0,0,0,0,0,0,0,0,1,0,0,0,26,0,0,0,0,0,0,0,170,0,125,0,7,0,50,0,5,0,1,0,0,0,31,0,0,0,0,0,0,0,0,0,0,0,0,0,0,0,0,0,0,0,0,0,0,0,0,0,0,0,0,0,0,0,0,0,11,0,13,4,23,0,0,0,3,0,18,0,36,0,58,0,164,4,3,0,36,0,53,0,82,2,0,7,23,0,0,0,0,0,0,0,2,0,0,0,18,0,38,0,0,0,3,0,6,0,3,0,8,0,21,0,0,0,0,0,19,0,0,0,11,0,0,0,0,0,0,0,0,0,0,0,6,0,0,0,0,0,0,0,0,0,38,0,37,0,0,0,0,0,2,0,0,0,0,0,4,0,0,0,0,0,12,0,17,0,1,0,1,0,33,0,0,0,18,0,0,0,0,0,16,0,0,0
