0,139,45,71,25,0,25,118,39,51,224,0,117,0,0,0,89,117,0,0,0,0,93,90,36,236,0,0,114,4,11,0,190,0,0,0,151,0,382,0,11,0,0,0,0,0,33,0,29,0,2,0,0,5,7,38,0,0,0,0,96,0,35,67,10,0,5,0,7,0,0,0,0,0,0,0,0,0,0,0,3,0,0,0,10,0,0,0,0,0,3,0,0,0,0,0,0,0,0,0,0,0,0,0,0,0,0,0,0,0,0,0,0,0,0,0,1,0,0,0,0,0,0,0,0,0,0,0,0,0,0,0,0,0,11,0,0,0,0,0,2,0,0,0,0,0,17,0,10,0,25,0,0,0,0,0,0,0,0,0,0,0,0,0,11,0,0,0,184,0,78,6,583,0,0,0,464,222,35,0,0,0,77,3,38,0,0,0,0,0,0,0,0,0,0,0,0,0,0,0,0,0,0,0,0,0,0,0,15,0,849,200,574,210,462,0,12,0,0,0,0,4,0,2,0
139,0,142,42,0,147,28,62,0,97,0,275,0,99,0,25,121,37,0,125,0,0,188,15,132,39,0,187,0,178,0,0,26,354,0,0,0,304,0,439,0,27,0,0,0,35,0,83,0,15,0,10,0,0,0,32,0,10,0,11,0,76,0,41,0,46,0,0,0,0,0,0,0,0,0,0,0,0,0,0,0,0,0,0,0,0,0,3,0,0,0,0,0,0,0,0,0,0,1,0,0,0,0,0,0,0,0,0,0,0,0,0,0,0,0,0,0,0,0,0,0,0,0,0,0,13,0,18,0,0,0,15,0,0,0,0,0,0,0,0,0,0,0,0,0,8,0,21,0,81,0,110,0,135,0,0,0,2,0,0,0,0,0,9,1,18,0,15,3,50,0,42,0,268,0,63,117,596,0,4,0,137,11,54,0,179,0,0,0,0,0,2,0,0,0,0,0,0,0,0,0,0,0,0,0,2,0,0,0,29,0,0,0,0,285,0,0,0,924,427,590,100,0,0,0
45,142,0,69,273,0,32,0,24,9,135,0,219,0,124,0,43,108,79,0,17,0,865,141,156,110,0,0,223,7,147,0,388,0,0,0,131,0,394,0,57,0,0,0,32,0,65,0,25,0,0,0,0,1,50,0,0,0,9,0,20,0,15,30,0,0,11,0,0,0,0,0,0,0,0,0,0,0,0,0,0,0,0,0,0,0,0,0,0,0,0,0,0,0,0,0,0,0,0,0,0,0,0,0,0,0,0,0,0,0,0,0,0,0,0,0,0,0,0,0,0,0,0,0,30,0,72,0,22,0,23,0,61,0,85,0,60,0,0,0,0,0,119,0,0,0,35,0,32,0,88,0,41,0,0,0,0,0,0,0,0,0,0,0,0,0,106,0,148,0,21,0,538,0,0,0,222,162,0,0,22,0,8,3,27,0,0,0,0,0,7,0,0,0,0,0,6,0,0,0,39,0,0,0,0,0,19,0,89,0,422,138,361,0,362,0,0,0,0,3,0,2,0,0,0
71,42,69,0,0,175,0,144,0,7,23,0,0,0,0,122,60,24,0,120,0,55,103,145,0,175,0,97,0,289,0,55,0,440,0,0,0,167,0,255,0,0,0,0,0,0,0,0,0,2,0,0,0,0,0,96,0,0,0,0,0,0,0,3,0,0,0,0,0,0,0,0,0,0,0,0,0,0,0,0,0,0,0,0,0,0,0,0,0,0,0,0,0,0,0,0,0,0,0,0,0,0,0,0,0,0,0,0,0,0,0,0,0,0,0,0,0,0,0,0,0,0,0,0,0,0,0,0,0,0,0,8,0,0,0,17,0,0,0,0,0,0,0,0,1,0,0,0,0,7,0,23,0,10,0,0,0,1,0,0,0,0,0,5,0,0,0,0,0,18,0,0,0,180,0,0,34,115,0,0,0,0,0,2,0,0,0,0,0,0,0,0,0,5,0,0,0,0,0,0,0,0,0,0,0,4,0,0,0,31,0,0,0,0,134,0,0,0,409,89,298,82,7,24,0
25,0,273,0,0,0,0,0,41,0,151,0,245,220,134,270,25,0,40,234,215,60,244,0,0,0,95,0,64,0,429,0,301,0,523,0,405,0,24,0,113,0,0,0,0,0,140,0,22,0,96,0,0,0,0,0,0,0,0,0,0,0,0,0,0,0,4,0,0,0,0,0,0,0,0,0,0,0,0,0,0,0,0,0,0,0,0,0,0,0,0,0,0,0,0,0,0,0,0,0,0,0,0,0,29,0,0,0,0,0,0,0,0,0,0,0,0,0,0,0,0,0,0,0,13,0,38,0,0,0,7,0,0,0,50,0,21,0,0,0,0,0,0,0,0,0,35,0,53,0,304,0,172,0,0,0,0,0,0,0,0,0,6,0,0,0,238,0,334,0,29,0,379,0,0,0,280,168,40,0,80,0,67,0,120,0,0,0,0,0,0,0,0,0,0,0,0,0,0,0,0,0,0,0,0,0,19,0,72,0,480,472,666,0,252,0,0,0,0,0,0,0,0,0,0
0,147,0,175,0,0,5,66,0,7,257,94,209,299,364,179,0,0,112,211,331,216,99,20,0,14,0,582,0,142,0,353,0,551,21,243,30,490,1,0,0,64,0,0,0,0,0,242,0,0,0,55,0,0,0,18,0,0,0,0,0,0,0,10,0,18,0,0,0,0,0,0,0,0,0,0,0,0,0,0,0,60,0,0,0,48,0,0,0,0,0,0,0,0,0,0,0,0,0,0,0,0,0,0,0,0,0,0,0,0,0,0,0,0,0,0,0,0,0,0,0,0,0,33,0,0,0,0,0,0,0,0,0,0,0,31,0,0,0,0,0,0,0,93,0,0,0,0,0,43,0,95,0,0,0,0,0,0,0,0,0,0,0,15,0,0,0,267,0,156,0,28,0,239,0,0,175,535,91,46,1,60,0,4,0,42,0,0,0,0,0,0,0,0,0,0,0,0,0,0,0,0,0,0,0,0,0,0,0,19,2,0,0,0,114,0,0,0,780,698,596,0,0,0,0
25,28,32,0,0,5,0,0,135,116,40,0,29,0,6,0,13,0,0,0,0,0,26,0,396,112,0,0,0,0,0,0,0,0,0,0,0,0,151,0,0,0,0,0,0,0,0,0,31,0,0,0,81,67,263,122,30,0,16,0,201,0,294,71,10,0,107,49,6,0,0,0,0,0,0,0,0,0,0,0,0,0,0,0,5,0,0,0,0,0,0,0,0,0,0,0,0,0,0,0,0,0,0,0,0,0,0,0,0,0,0,0,0,0,0,0,0,0,0,0,0,0,0,0,80,0,86,0,60,0,281,0,173,0,80,0,77,0,0,0,9,0,68,0,0,0,34,0,16,0,19,0,0,0,11,0,0,0,11,0,32,0,0,0,0,0,0,0,151,0,337,0,424,0,0,0,65,37,0,0,0,0,4,0,0,6,0,0,0,0,0,0,0,0,1,0,0,0,0,0,17,0,0,0,0,0,8,0,87,0,434,63,599,474,506,7,77,0,0,0,0,0,0,0,0
118,62,0,144,0,66,0,0,81,42,3,26,0,28,0,76,0,19,0,53,0,0,0,21,202,253,0,48,0,85,0,0,2,0,0,0,0,0,0,492,0,0,0,0,0,0,0,18,0,4,0,0,17,63,0,389,0,18,0,9,0,167,47,180,0,0,0,0,0,7,0,2,0,0,0,0,0,0,0,0,0,0,0,0,0,0,0,1,0,0,0,0,0,0,0,0,0,0,0,0,0,0,0,0,0,0,0,0,0,0,0,0,0,0,0,0,0,0,0,0,0,0,0,0,0,0,0,12,0,0,0,0,0,0,0,0,0,13,0,0,0,0,0,0,0,0,0,0,0,7,0,0,0,0,0,1,0,7,0,0,0,0,0,0,0,8,0,0,0,65,0,155,0,211,0,0,76,138,0,0,0,0,22,13,0,0,0,0,0,0,0,0,0,0,0,0,0,0,0,0,0,0,0,0,0,0,0,4,0,17,0,1,0,0,569,0,0,0,778,75,586,373,0,0,0
39,0,24,0,41,0,135,81,0,153,55,0,44,0,4,0,30,0,0,0,0,0,2,0,52,59,0,0,0,0,0,0,0,0,0,0,0,0,48,0,0,0,0,0,18,0,0,0,29,0,0,0,175,141,91,252,28,47,152,14,191,0,234,64,131,0,85,54,0,0,0,0,0,0,3,0,0,0,1,0,1,0,0,0,9,0,0,0,0,0,5,0,0,0,0,0,3,0,3,0,0,0,0,0,6,0,0,0,0,0,0,0,0,0,1,0,0,0,0,0,1,0,0,0,85,0,63,0,3,0,75,0,47,0,23,0,12,0,0,0,1,0,13,3,0,0,81,0,82,0,93,0,64,0,0,0,4,0,6,0,6,0,0,0,0,0,0,0,65,0,139,0,132,0,0,3,297,55,0,0,0,0,31,0,106,7,0,0,0,0,1,0,0,0,0,0,0,0,0,0,4,0,0,0,0,0,13,0,107,0,439,74,359,317,415,5,52,0,9,0,0,0,0,0,0
51,97,9,7,0,7,116,42,153,0,0,38,0,0,2,4,74,0,0,28,0,0,9,2,239,23,0,31,0,0,0,0,0,11,0,0,0,19,0,64,0,0,0,0,0,0,0,6,0,0,0,0,89,190,67,366,0,156,0,176,0,423,122,329,0,370,0,203,0,0,0,0,0,0,0,0,0,0,0,0,0,0,0,0,0,0,0,0,0,0,0,0,0,0,0,0,0,0,0,1,0,0,0,0,0,0,0,0,0,0,0,0,0,0,0,0,0,0,0,0,0,0,0,0,0,53,0,45,0,1,0,59,0,0,0,5,3,11,0,0,0,0,0,6,0,0,0,26,0,148,0,70,0,26,0,14,0,107,0,0,0,5,0,0,0,7,0,0,0,54,0,167,0,94,0,0,140,226,0,0,0,12,4,48,0,93,0,0,0,0,0,0,0,1,0,0,0,0,0,0,0,0,0,0,0,0,0,11,0,53,0,0,0,0,481,0,0,0,738,115,561,407,105,63,0
224,0,135,23,151,257,40,3,55,0,0,100,383,0,32,282,14,13,0,50,32,0,65,224,0,0,0,0,25,3,197,0,282,0,65,0,242,0,0,0,30,0,0,0,32,0,72,0,11,0,10,0,0,0,11,0,0,0,5,0,0,0,0,0,0,0,0,0,0,0,0,0,0,0,0,0,0,0,0,0,0,0,0,0,0,0,0,0,0,0,0,0,0,0,0,0,0,0,0,0,0,0,0,0,0,0,0,0,0,0,0,0,0,0,0,0,0,0,0,0,0,0,0,0,20,0,20,0,3,0,0,0,0,0,0,0,0,0,0,0,0,0,0,0,0,0,20,0,18,0,112,0,95,0,0,0,0,0,0,0,0,0,0,0,8,0,109,0,154,0,0,0,221,0,0,0,457,213,129,0,67,0,57,0,74,0,8,0,0,0,0,0,0,0,0,0,0,0,0,0,0,0,0,0,0,0,0,0,0,0,295,318,362,38,136,0,0,0,0,4,15,0,0,0,0
0,275,0,0,0,94,0,26,0,38,100,0,44,444,257,15,0,0,0,55,210,0,0,0,0,0,0,156,0,52,41,72,42,331,0,42,0,128,0,18,0,100,0,0,0,53,0,194,0,25,0,9,0,0,0,0,0,0,0,0,0,3,0,0,0,12,0,0,0,0,0,7,0,0,0,0,0,0,0,0,0,0,0,0,0,0,0,0,0,0,0,0,0,0,0,0,0,0,0,0,0,0,0,0,0,0,0,0,0,0,0,0,0,0,0,0,0,0,0,0,0,0,0,0,0,0,0,0,0,0,0,0,0,0,0,5,0,0,0,0,0,0,0,0,0,0,0,0,0,0,0,96,0,116,0,0,0,0,0,1,0,0,0,0,0,0,0,0,0,45,0,10,0,98,0,159,113,837,24,96,0,177,0,25,0,89,0,8,0,0,0,0,0,0,0,0,0,0,0,0,0,0,0,0,0,0,0,1,0,11,0,2,0,0,0,0,0,0,349,434,238,0,0,0,0
117,0,219,0,245,209,29,0,44,0,383,44,0,520,87,100,0,0,73,370,92,69,0,0,0,0,93,640,0,0,0,0,0,0,503,0,148,0,0,0,225,53,72,0,85,62,251,141,25,0,573,0,0,0,0,0,0,0,0,0,0,0,0,0,0,0,0,0,0,0,0,0,0,0,0,0,0,0,0,0,0,0,0,0,0,0,0,0,0,0,0,0,0,0,0,0,0,0,0,0,0,0,0,0,0,0,0,0,0,0,0,0,0,0,0,0,0,0,0,0,0,0,0,0,0,0,46,0,0,0,10,0,0,0,0,0,19,0,0,0,0,0,0,0,0,0,35,0,0,0,0,0,83,0,0,0,0,0,0,0,0,0,0,0,91,0,44,0,105,0,0,0,26,0,0,0,325,228,249,0,33,0,75,0,78,0,236,0,0,0,0,0,0,0,0,0,0,0,0,0,0,0,0,0,0,0,0,0,55,0,17,166,279,0,9,0,0,0,2,0,0,0,0,0,0
0,99,0,0,220,299,0,28,0,0,0,444,520,0,76,0,0,0,547,39,188,29,0,0,0,0,325,64,0,0,0,0,0,0,0,228,0,127,0,0,58,228,0,89,0,27,35,304,0,72,38,208,0,0,0,0,0,0,0,0,0,0,0,0,0,6,0,0,0,0,0,0,0,0,0,0,0,0,0,0,0,0,0,0,0,0,0,0,0,0,0,0,0,0,0,0,0,0,0,0,0,0,0,0,0,0,0,0,0,0,0,0,0,0,0,0,0,0,0,0,0,0,0,0,0,0,0,0,0,0,0,0,0,0,0,0,0,0,0,0,0,3,0,0,0,0,0,2,0,5,0,0,0,0,0,0,0,0,0,0,0,0,0,0,0,0,0,30,2,116,0,0,0,0,0,129,47,767,14,112,0,120,0,26,0,32,52,65,0,0,0,0,0,0,0,0,0,0,0,0,0,0,0,0,0,0,0,0,0,0,0,0,0,0,26,0,0,0,154,392,265,0,2,0,0
0,0,124,0,134,364,6,0,4,2,32,257,87,76,0,291,80,0,282,88,380,64,316,107,80,0,154,0,0,0,353,0,120,39,150,0,87,0,0,0,25,0,0,0,39,0,42,0,9,0,10,0,0,0,31,0,0,0,0,0,0,0,0,0,0,0,0,0,0,0,0,0,0,0,0,0,0,0,0,0,0,1,0,0,0,0,0,0,0,0,0,0,0,0,0,0,0,0,0,0,0,0,0,0,0,0,0,0,0,0,0,0,0,0,0,0,0,0,0,0,0,0,0,0,0,0,0,0,0,0,0,0,0,0,20,0,31,0,0,0,0,0,0,0,0,0,0,0,0,0,88,0,0,0,0,0,0,0,0,0,0,0,2,0,0,0,142,2,94,0,0,0,0,0,0,0,144,86,32,0,0,0,9,0,19,0,0,0,0,0,0,0,0,0,0,0,5,0,0,0,0,0,0,0,0,0,0,0,20,0,78,195,212,0,63,0,0,0,0,0,0,0,0,0,0
0,25,0,122,270,179,0,76,0,4,282,15,100,0,291,0,25,87,27,406,229,357,155,195,0,235,0,114,0,25,91,114,66,139,31,78,29,155,0,0,0,0,0,15,0,0,0,0,0,0,0,13,0,2,0,113,0,0,0,0,0,0,0,0,0,9,0,0,0,0,0,0,0,0,0,0,0,0,0,0,0,0,0,0,0,21,0,0,0,0,0,0,0,0,0,0,0,0,0,0,0,0,0,0,0,0,0,0,0,0,0,0,0,0,0,0,0,0,0,0,0,0,0,0,0,0,0,0,0,0,0,4,0,0,0,0,0,142,0,0,0,12,0,0,0,10,0,0,0,35,0,52,0,31,0,0,0,0,0,0,0,0,0,3,0,0,0,105,0,36,0,7,0,71,0,0,71,164,31,0,0,0,0,0,0,0,0,0,0,0,0,0,0,0,0,0,0,0,0,0,0,42,0,0,0,0,0,39,0,55,0,0,0,0,31,0,0,0,258,368,179,20,1,0,0
89,121,43,60,25,0,13,0,30,74,14,0,0,0,80,25,0,76,224,0,372,0,101,101,109,161,300,0,293,0,128,0,320,0,0,0,46,0,324,0,0,0,0,0,101,0,53,0,0,0,0,0,190,0,20,42,17,0,0,0,38,0,450,77,0,0,0,0,0,0,39,0,0,0,30,0,0,0,0,0,0,0,0,0,419,0,0,0,0,0,193,0,0,0,0,0,293,0,87,0,0,0,0,0,103,0,246,0,0,0,0,0,0,0,0,0,0,0,0,0,47,0,151,0,0,0,0,0,61,0,0,0,30,0,10,0,385,0,106,1,245,0,295,4,18,0,0,0,0,0,6,2,0,0,92,0,0,0,64,0,0,0,0,0,0,0,19,0,80,2,9,0,161,0,0,0,145,107,5,0,7,0,66,0,0,0,0,0,0,0,0,0,0,0,0,0,0,0,0,0,96,0,0,0,0,0,0,0,5,0,65,83,173,31,65,0,0,0,0,0,13,0,0,0,0
117,37,108,24,0,0,0,19,0,0,13,0,0,0,0,87,76,0,0,142,0,197,152,165,89,104,0,0,6,319,0,20,0,128,0,8,0,29,0,234,0,0,0,0,0,0,0,0,0,0,0,0,0,37,0,32,0,30,0,0,0,0,0,120,0,0,0,0,0,0,0,0,0,0,0,0,0,0,0,0,0,0,0,0,0,228,0,0,0,0,0,36,0,0,0,0,0,98,0,42,0,0,0,0,0,0,0,0,0,0,0,0,0,0,0,0,0,0,0,0,0,0,0,0,0,0,0,0,0,116,0,0,0,144,0,416,0,817,0,189,0,76,0,525,0,0,0,0,0,0,0,0,0,0,0,27,0,1,0,0,0,0,0,0,0,0,0,0,0,0,0,3,14,53,0,0,32,95,0,4,0,0,8,8,0,0,0,0,0,0,0,0,0,0,0,0,0,0,0,0,0,137,0,0,0,0,0,0,0,52,0,1,0,0,20,0,0,0,50,111,54,25,0,0,0
0,0,79,0,40,112,0,0,0,0,0,0,73,547,282,27,224,0,0,267,304,50,388,0,139,0,201,441,0,0,68,0,0,0,379,20,54,0,0,0,6,0,15,0,44,21,50,79,11,0,248,38,0,0,0,0,0,0,0,0,0,0,45,0,0,0,0,0,0,0,0,0,0,0,0,0,0,0,0,0,0,0,0,0,0,0,0,0,0,0,0,0,0,0,0,0,0,0,0,0,0,0,0,0,0,0,107,0,0,0,0,0,0,0,0,0,0,0,0,0,0,0,0,0,0,0,0,0,0,0,0,0,0,0,60,0,147,0,0,0,0,0,121,0,0,0,14,0,0,0,124,0,0,0,0,0,0,0,0,0,0,0,0,0,58,0,37,0,92,0,0,0,23,0,0,0,82,92,22,0,0,0,13,0,51,0,39,1,0,0,0,0,0,0,0,0,4,0,0,0,0,0,0,0,0,0,0,0,0,0,46,249,208,0,16,0,0,0,0,0,0,0,0,0,0
0,125,0,120,234,211,0,53,0,28,50,55,370,39,88,406,0,142,267,0,158,276,0,180,0,145,81,470,0,10,0,60,0,18,0,369,0,122,0,0,16,0,0,44,0,137,0,43,0,25,0,185,0,0,0,0,0,0,0,0,0,0,0,60,0,73,0,0,0,0,1,0,0,0,0,30,0,0,0,0,0,0,0,0,0,173,0,42,0,0,0,0,0,0,0,0,0,69,0,0,0,0,0,0,0,0,0,0,0,0,0,0,0,0,0,0,0,0,0,0,0,0,0,0,0,0,0,0,0,0,0,0,0,0,0,202,0,0,0,24,0,0,0,0,0,29,0,13,0,119,0,164,0,107,0,0,0,0,0,4,0,0,0,0,0,0,0,83,0,111,0,12,0,63,0,0,27,79,24,0,0,42,0,6,0,97,9,0,0,0,0,0,0,0,0,0,0,0,0,0,0,0,0,0,0,0,0,60,0,106,0,0,0,0,38,0,0,0,228,385,194,0,0,0,0
0,0,17,0,215,331,0,0,0,0,32,210,92,188,380,229,372,0,304,158,0,49,266,116,105,0,357,90,97,0,313,18,53,0,122,0,26,24,9,0,0,0,11,0,25,0,0,0,10,2,33,0,30,0,0,0,0,0,0,0,0,0,116,0,0,0,0,0,0,0,78,0,0,0,70,0,0,0,0,0,63,0,0,0,284,0,0,0,0,0,128,0,0,0,0,0,254,0,196,0,15,0,0,0,0,0,182,0,0,0,0,0,0,0,0,0,0,0,0,0,110,0,0,0,0,0,0,0,0,0,0,0,0,0,0,0,126,0,0,0,101,0,107,0,74,0,0,0,0,0,0,0,0,0,0,0,0,0,0,0,0,0,0,0,0,0,88,0,156,0,0,0,100,0,0,0,79,57,22,0,0,0,0,0,0,0,0,0,0,0,0,0,0,0,0,0,0,0,0,0,0,0,0,0,0,0,0,0,0,0,134,471,370,0,74,0,1,0,0,0,0,0,0,0,0
0,0,0,55,60,216,0,0,0,0,0,0,69,29,64,357,0,197,50,276,49,0,0,103,0,64,0,99,0,137,0,110,5,82,0,184,0,59,0,9,0,0,0,65,0,85,0,0,1,5,0,109,0,0,0,0,0,0,0,0,0,0,0,208,0,8,0,0,0,0,0,30,0,0,0,54,0,0,0,0,0,169,0,0,0,368,0,0,0,0,0,0,0,0,0,0,0,106,0,183,0,0,0,0,0,0,0,0,0,0,0,0,0,0,0,0,0,0,0,0,0,40,0,0,0,0,0,0,0,0,0,0,0,0,0,163,0,0,0,217,0,316,0,559,0,67,0,0,0,0,0,0,0,0,0,0,0,0,0,5,0,0,0,5,0,26,0,87,0,94,0,7,0,71,0,0,8,27,0,0,0,0,0,0,0,0,0,0,0,0,0,0,0,0,0,0,0,0,0,0,0,0,0,0,0,0,0,0,0,0,0,0,0,0,0,0,0,0,301,522,232,25,0,0,0
93,188,865,103,244,99,26,0,2,9,65,0,0,0,316,155,101,152,388,0,266,0,0,310,209,116,249,0,26,15,39,0,80,0,0,0,60,0,24,0,0,0,0,0,70,0,59,0,8,0,2,0,16,0,116,0,17,0,0,0,0,0,16,0,0,0,0,0,0,0,0,0,0,0,0,0,0,0,0,0,0,0,0,0,41,4,0,0,0,0,39,0,0,0,0,0,44,0,0,0,0,0,0,0,90,0,79,0,0,0,0,0,0,0,0,0,0,0,0,0,0,0,0,0,0,0,12,0,0,0,0,0,40,0,51,0,246,0,0,0,40,0,184,0,0,0,0,0,5,0,82,0,26,0,33,0,0,0,0,0,0,0,0,0,0,0,12,0,52,0,0,0,114,0,0,0,295,298,15,0,26,0,43,1,20,0,0,0,0,0,4,0,0,0,0,0,0,0,0,0,91,0,0,0,12,0,9,0,54,0,161,295,224,0,66,0,0,0,0,0,0,0,0,0,0
90,15,141,145,0,20,0,21,0,2,224,0,0,0,107,195,101,165,0,180,116,103,310,0,0,145,0,56,0,78,76,53,97,126,0,3,0,56,0,30,0,0,0,0,0,0,0,0,0,0,0,0,0,0,0,50,0,0,0,0,0,0,0,35,0,0,0,0,0,0,0,0,0,0,0,0,0,0,0,0,0,0,0,0,0,90,0,0,0,0,0,0,0,1,0,0,0,40,0,24,0,0,0,0,0,0,0,29,0,0,0,0,0,0,0,0,0,0,0,0,0,0,0,8,0,0,0,0,0,19,0,0,0,0,0,189,0,225,0,20,0,14,0,126,0,5,0,0,0,0,0,5,0,0,0,0,0,0,0,0,0,0,0,5,0,0,0,38,0,19,0,8,0,43,0,0,51,191,10,0,0,0,0,8,0,0,2,0,0,0,0,3,0,10,0,0,0,0,0,0,0,69,0,0,0,0,0,0,0,52,0,0,0,0,21,0,0,0,182,437,134,13,0,0,0
36,132,156,0,0,0,396,202,52,239,0,0,0,0,80,0,109,89,139,0,105,0,209,0,0,399,137,0,10,0,7,0,0,0,0,0,4,7,30,0,0,0,0,0,0,0,24,0,0,0,0,0,77,60,185,194,44,0,0,0,14,0,68,220,0,0,0,1,0,0,3,0,0,0,0,0,0,0,0,0,0,0,0,0,0,0,0,0,0,0,0,3,0,0,0,0,0,0,0,0,0,0,0,0,34,0,31,0,0,0,0,0,0,0,0,0,0,0,0,0,3,0,0,0,0,0,0,0,116,0,0,0,40,0,50,0,234,0,13,0,35,0,194,0,5,0,0,0,1,0,8,0,0,0,57,0,0,0,13,0,5,0,0,0,0,0,1,0,23,0,22,16,62,0,0,0,114,86,0,0,0,1,5,0,0,2,0,0,0,0,0,0,0,0,1,0,0,0,8,0,50,0,0,0,0,0,0,0,33,0,72,30,97,26,81,0,0,0,0,0,0,0,0,0,0
236,39,110,175,0,14,112,253,59,23,0,0,0,0,0,235,161,104,0,145,0,64,116,145,399,0,0,80,0,70,0,8,0,21,0,0,0,71,0,160,0,1,0,0,0,0,0,0,0,0,0,0,0,42,0,404,0,96,0,12,0,26,46,43,0,0,1,0,0,0,0,0,0,0,0,0,0,0,0,0,0,0,0,0,0,0,0,0,0,0,0,0,0,0,0,0,0,5,2,0,0,0,0,0,0,0,4,25,0,0,0,0,0,0,0,0,0,0,0,0,0,0,0,0,0,0,0,42,0,23,0,0,0,0,0,236,0,414,0,35,0,0,0,69,0,0,0,1,0,0,0,35,0,0,0,17,0,0,0,0,0,0,0,0,0,0,0,1,0,9,0,22,0,84,0,0,97,146,0,2,0,0,22,0,0,0,0,0,0,0,0,20,0,15,0,0,0,2,0,0,0,85,0,0,0,0,0,55,0,166,0,1,0,0,72,0,0,0,186,94,139,50,3,10,0
0,0,0,0,95,0,0,0,0,0,0,0,93,325,154,0,300,0,201,81,357,0,249,0,137,0,0,704,116,0,139,0,38,0,171,0,115,0,0,0,44,131,96,25,325,108,79,248,56,0,264,48,0,0,0,0,0,0,0,0,8,0,83,0,0,0,0,0,0,0,172,0,0,0,0,0,0,0,0,0,0,0,0,0,0,0,0,0,0,0,0,0,0,0,0,0,347,0,0,0,0,0,0,0,0,0,260,0,0,0,0,0,0,0,0,0,0,0,0,0,0,0,0,0,0,0,0,0,0,0,0,0,0,0,0,0,0,0,0,0,119,0,0,0,132,0,0,0,0,0,0,0,0,0,0,0,0,0,0,0,0,0,0,0,192,0,77,0,0,0,0,0,0,0,0,0,32,142,10,0,57,0,47,0,94,0,115,0,0,0,0,0,0,0,0,0,0,0,0,0,0,0,0,0,0,0,0,0,74,0,0,423,633,0,24,0,0,10,0,18,0,0,0,0,0
0,187,0,97,0,582,0,48,0,31,0,156,640,64,0,114,0,0,441,470,90,99,0,56,0,80,704,0,0,0,0,0,0,0,0,226,0,0,0,0,313,33,40,208,85,162,124,163,0,30,94,447,0,0,0,0,0,0,0,0,0,0,0,44,0,38,0,0,0,0,0,0,0,0,0,44,0,0,0,0,0,0,0,0,0,0,0,0,0,0,0,0,0,0,0,0,0,77,0,0,0,0,0,0,0,0,0,0,0,0,0,0,0,0,0,0,0,0,0,0,0,0,0,58,0,0,0,0,0,0,0,0,0,0,0,0,0,0,0,0,0,52,0,0,0,32,0,10,0,92,0,123,0,74,0,0,0,0,0,0,0,0,0,0,0,0,0,0,0,102,0,0,0,0,0,0,24,246,0,13,0,105,0,0,0,98,109,5,0,0,0,0,0,0,0,0,0,0,0,0,0,103,0,0,0,0,0,51,0,0,0,0,0,0,27,0,0,0,226,900,526,35,0,0,0
114,0,223,0,64,0,0,0,0,0,25,0,0,0,0,0,293,6,0,0,97,0,26,0,10,0,116,0,0,0,86,0,50,0,29,0,81,0,30,0,0,0,78,0,0,0,0,0,2,0,31,0,5,0,2,0,0,0,0,0,4,0,42,0,0,0,0,0,0,0,37,0,0,0,18,0,0,0,0,0,0,0,0,0,97,0,0,0,0,0,26,0,0,0,0,0,52,0,45,0,0,0,0,0,0,0,24,0,0,0,0,0,0,0,0,0,0,0,0,0,48,0,84,0,0,0,0,0,0,0,0,0,0,0,0,0,72,0,37,0,69,0,60,0,61,0,0,0,0,0,0,0,0,0,2,0,0,0,0,0,0,0,0,0,0,0,0,0,0,0,0,0,0,0,0,0,46,0,0,0,0,0,20,0,0,0,0,0,0,0,0,0,0,0,0,0,0,0,0,0,0,0,0,0,0,0,0,0,0,0,0,0,0,0,0,0,0,0,0,0,0,0,0,0,0
4,178,7,289,0,142,0,85,0,0,3,52,0,0,0,25,0,319,0,10,0,137,15,78,0,70,0,0,0,0,0,42,7,33,0,122,0,57,0,44,0,0,0,31,0,3,0,0,0,0,0,42,0,11,0,14,0,4,0,0,0,17,0,268,0,0,0,0,0,0,0,0,0,0,0,3,0,0,0,0,0,0,0,0,0,65,0,0,0,0,0,9,0,0,0,0,0,28,0,21,0,0,0,0,0,0,0,0,0,0,0,0,0,0,0,0,0,0,0,0,0,0,0,0,0,0,0,0,0,0,0,0,0,44,0,68,0,200,0,119,0,124,0,185,0,13,0,0,0,0,0,0,0,0,0,0,0,5,0,0,0,0,0,0,0,0,0,2,0,0,0,0,0,0,0,0,3,64,0,8,0,0,0,9,0,0,0,0,0,0,0,0,0,0,0,0,0,0,0,0,0,0,0,0,0,0,0,0,0,0,0,0,0,0,1,0,0,0,0,61,0,0,0,0,0
11,0,147,0,429,0,0,0,0,0,197,41,0,0,353,91,128,0,68,0,313,0,39,76,7,0,139,0,86,0,0,0,54,0,38,0,34,0,72,0,0,0,166,0,10,0,0,0,0,0,54,0,0,0,0,0,0,0,0,0,0,0,34,0,0,0,0,0,0,0,17,0,0,0,0,0,0,0,0,0,0,0,0,0,0,0,0,0,0,0,10,0,0,0,0,0,23,0,0,0,0,0,0,0,0,0,10,0,0,0,0,0,0,0,0,0,0,0,0,0,0,0,0,0,0,0,0,0,0,0,0,0,0,0,0,0,0,0,0,0,22,0,0,0,0,0,0,0,0,0,0,0,0,0,0,0,0,0,0,0,0,0,0,0,0,0,40,0,0,0,0,0,21,0,0,0,86,35,28,0,0,0,0,0,0,0,0,0,0,0,0,0,0,0,0,0,0,0,0,0,0,0,0,0,0,0,0,0,0,0,18,72,48,0,0,0,0,0,0,5,0,0,0,0,0
0,0,0,55,0,353,0,0,0,0,0,72,0,0,0,114,0,20,0,60,18,110,0,53,0,8,0,0,0,42,0,0,0,21,0,112,0,55,0,17,0,0,0,68,0,0,0,0,0,0,0,71,0,0,0,0,0,0,0,0,0,0,0,12,0,0,0,0,0,0,0,2,0,0,0,0,0,0,0,0,0,0,0,0,0,0,0,7,0,0,0,0,0,0,0,0,0,0,0,0,0,0,0,0,0,0,0,0,0,0,0,0,0,0,0,0,0,0,0,0,0,0,0,0,0,0,0,0,0,0,0,0,0,0,0,0,0,0,0,32,0,0,0,31,0,0,0,0,0,0,0,8,0,0,0,0,0,0,0,0,0,0,0,0,0,0,0,23,0,14,0,0,0,19,0,0,0,45,0,3,0,0,0,0,0,0,0,0,0,0,0,0,0,0,0,0,0,0,0,0,0,0,0,0,0,0,0,6,0,0,0,0,0,0,0,0,0,0,87,110,38,0,0,0,0
190,26,388,0,301,0,0,2,0,0,282,42,0,0,120,66,320,0,0,0,53,5,80,97,0,0,38,0,50,7,54,0,0,0,94,0,242,0,15,0,0,0,81,0,8,0,0,0,0,0,38,0,0,0,0,0,0,0,0,0,13,0,18,0,0,0,0,0,0,0,0,0,0,0,0,0,0,0,0,0,0,0,0,0,0,0,0,0,0,0,0,0,0,0,0,0,0,0,0,0,0,0,0,0,0,0,0,0,0,0,0,0,0,0,0,0,0,0,0,0,0,0,0,0,0,0,0,0,0,0,0,0,0,0,0,0,19,0,21,0,0,0,0,0,31,0,0,0,2,0,0,0,0,0,0,0,12,0,0,0,0,0,0,0,0,0,35,0,0,0,0,0,17,0,0,0,192,53,30,0,0,0,63,0,0,0,0,0,0,0,0,0,0,0,0,0,0,0,0,0,0,0,0,0,0,0,0,0,0,0,38,109,31,0,15,0,0,0,0,0,0,0,0,0,0
0,354,0,440,0,551,0,0,0,11,0,331,0,0,39,139,0,128,0,18,0,82,0,126,0,21,0,0,0,33,0,21,0,0,0,130,0,233,0,11,0,0,0,54,0,14,0,0,0,0,0,47,0,6,0,0,0,0,0,0,0,20,0,91,0,0,0,0,0,0,0,3,0,0,0,0,0,0,0,0,0,0,0,0,0,0,0,0,0,0,0,0,0,0,0,0,0,0,0,0,0,0,0,0,0,0,0,0,0,0,0,0,0,0,0,0,0,0,0,0,0,0,0,0,0,0,0,0,0,0,0,0,0,0,0,0,0,0,0,131,0,93,0,49,0,58,0,0,0,15,0,0,0,0,0,4,0,17,0,13,0,0,0,0,0,0,0,27,0,0,0,0,0,19,0,8,0,267,0,59,0,0,0,0,0,0,0,0,0,0,0,1,0,0,0,0,0,0,0,0,0,0,0,0,0,0,0,0,0,0,0,0,0,0,8,0,0,0,49,309,37,0,0,0,0
0,0,0,0,523,21,0,0,0,0,65,0,503,0,150,31,0,0,379,0,122,0,0,0,0,0,171,0,29,0,38,0,94,0,0,0,210,0,8,0,0,0,177,0,25,0,0,0,0,0,147,0,0,0,0,0,0,0,0,0,0,0,0,0,0,0,0,0,0,0,0,0,0,0,0,0,0,0,0,0,0,0,0,0,0,0,0,0,0,0,0,0,0,0,0,0,0,0,0,0,0,0,0,0,11,0,0,0,0,0,0,0,0,0,0,0,0,0,0,0,0,0,0,0,0,0,0,0,0,0,0,0,0,0,0,0,0,0,0,0,0,0,0,0,0,0,0,0,0,0,0,0,0,0,0,0,0,0,0,0,0,0,0,0,45,0,71,0,76,0,0,0,22,0,0,0,0,0,25,0,0,0,0,0,0,0,0,0,0,0,0,0,0,0,0,0,0,0,0,0,0,0,0,0,0,0,0,0,0,0,0,92,116,0,0,0,0,0,0,0,0,0,0,0,0
0,0,0,0,0,243,0,0,0,0,0,42,0,228,0,78,0,8,20,369,0,184,0,3,0,0,0,226,0,122,0,112,0,130,0,0,0,361,0,20,0,0,0,39,0,13,0,0,0,0,0,54,0,3,0,0,0,0,0,0,0,0,0,30,0,0,0,0,0,0,0,0,0,0,0,0,0,0,0,0,0,0,0,0,0,64,0,16,0,0,0,0,0,0,0,0,0,0,0,0,0,0,0,0,0,0,0,0,0,0,0,0,0,0,0,0,0,0,0,0,0,0,0,20,0,0,0,0,0,0,0,0,0,0,0,0,0,0,0,0,0,138,0,104,0,40,0,0,0,0,0,0,0,0,0,0,0,0,0,0,0,0,0,0,0,25,0,103,0,70,0,6,0,59,0,0,0,47,2,4,0,0,0,0,0,0,0,10,0,0,0,0,0,0,0,0,0,0,0,0,0,0,0,0,0,0,0,0,0,0,0,0,0,0,0,0,0,0,147,253,143,12,0,0,0
151,0,131,0,405,30,0,0,0,0,242,0,148,0,87,29,46,0,54,0,26,0,60,0,4,0,115,0,81,0,34,0,242,0,210,0,0,0,72,0,5,0,121,0,66,0,0,0,5,0,81,0,2,0,0,0,0,0,0,0,27,0,43,1,0,0,0,0,0,0,89,0,14,0,50,0,0,0,0,0,22,0,12,0,0,0,31,0,0,0,12,0,0,0,0,0,58,0,164,0,0,0,2,0,0,0,0,0,0,0,0,0,0,0,0,0,0,0,0,0,82,0,61,0,0,0,0,0,0,0,0,0,0,0,0,0,62,0,60,0,65,0,27,0,250,0,0,0,0,0,0,0,0,0,6,0,15,0,0,0,0,0,33,0,14,0,30,0,58,0,38,0,42,0,0,0,74,18,17,0,12,0,34,0,0,0,0,0,0,0,0,0,0,0,0,0,0,0,0,0,0,0,0,0,0,0,0,0,0,0,45,124,50,0,21,0,0,0,0,1,0,0,0,0,0
0,304,0,167,0,490,0,0,0,19,0,128,0,127,0,155,0,29,0,122,24,59,0,56,7,71,0,0,0,57,0,55,0,233,0,361,0,0,0,64,0,1,0,146,0,49,0,0,0,3,0,66,0,4,0,0,0,3,0,0,0,46,0,38,0,0,0,0,0,0,0,0,0,0,0,5,0,0,0,0,0,0,0,0,0,27,0,0,0,0,0,0,0,0,0,0,0,0,0,7,0,0,0,0,0,0,0,0,0,0,0,0,0,0,0,0,0,0,0,0,0,0,0,0,0,0,0,0,0,0,0,0,0,0,0,0,0,0,0,213,0,242,0,83,0,163,0,0,0,0,0,0,0,0,0,1,0,24,0,13,0,0,0,0,0,6,0,62,0,42,0,5,0,87,0,0,11,160,0,32,0,0,0,54,0,0,0,6,0,0,0,0,0,0,0,0,0,0,0,0,0,0,0,0,0,0,0,0,0,0,0,0,0,0,0,0,0,0,34,421,77,0,0,0,0
382,0,394,0,24,1,151,0,48,0,0,0,0,0,0,0,324,0,0,0,9,0,24,0,30,0,0,0,30,0,72,0,15,0,8,0,72,0,0,0,0,0,0,0,0,0,0,0,0,0,11,0,4,0,0,0,0,0,0,0,28,0,64,0,0,0,0,0,0,0,17,0,0,0,13,0,0,0,0,0,0,0,0,0,0,0,0,0,0,0,0,0,0,0,0,0,11,0,0,0,0,0,0,0,0,0,0,0,0,0,0,0,0,0,0,0,0,0,0,0,0,0,0,0,0,0,0,0,0,0,0,0,0,0,0,0,45,0,66,0,69,0,0,0,143,0,0,0,0,0,0,0,0,0,3,0,12,0,7,0,0,0,0,0,0,0,5,0,0,0,12,0,49,0,0,0,90,0,2,0,0,0,56,0,0,0,0,0,0,0,0,0,0,0,0,0,0,0,0,0,0,0,0,0,0,0,0,0,0,0,114,61,0,18,49,0,0,0,0,0,0,0,0,0,0
0,439,0,255,0,0,0,492,0,64,0,18,0,0,0,0,0,234,0,0,0,9,0,30,0,160,0,0,0,44,0,17,0,11,0,20,0,64,0,0,0,0,0,8,0,0,0,0,0,0,0,8,0,10,0,0,0,0,0,0,0,30,0,250,0,0,0,0,0,0,0,0,0,0,0,1,0,0,0,0,0,0,0,0,0,0,0,0,0,0,0,0,0,0,0,0,0,0,0,0,0,0,0,0,0,0,0,0,0,0,0,0,0,0,0,0,0,0,0,0,0,0,0,0,0,0,0,0,0,0,0,0,0,0,0,0,0,0,0,193,0,127,0,53,0,60,0,0,0,0,0,0,0,0,0,4,0,16,0,33,0,0,0,0,0,0,0,5,0,0,0,0,0,57,0,0,0,100,0,10,0,0,1,116,0,0,0,0,0,0,0,0,0,0,0,0,0,0,0,0,0,0,0,0,0,0,0,0,0,0,0,0,0,0,0,0,0,0,7,104,0,0,0,0,0
11,0,57,0,113,0,0,0,0,0,30,0,225,58,25,0,0,0,6,16,0,0,0,0,0,0,44,313,0,0,0,0,0,0,0,0,5,0,0,0,0,111,55,0,126,144,123,189,165,16,53,0,0,0,0,0,0,0,0,0,0,0,0,0,0,0,0,0,0,0,0,0,0,0,0,0,0,0,0,0,0,0,0,0,4,0,0,0,0,0,0,0,0,0,0,0,0,0,0,0,0,0,0,0,0,0,0,0,0,0,0,0,0,0,0,0,0,0,0,0,0,0,0,0,0,0,0,0,0,0,0,0,0,0,0,0,10,0,0,0,0,0,0,0,0,0,0,0,0,0,0,0,42,0,0,0,0,0,0,0,0,0,0,0,0,0,0,0,0,0,0,0,0,0,0,0,14,113,40,0,0,0,18,0,0,0,349,0,0,0,0,0,0,0,0,0,0,0,0,0,0,0,0,0,0,0,0,0,0,0,0,202,80,0,0,0,0,62,0,38,0,0,0,0,0
0,27,0,0,0,64,0,0,0,0,0,100,53,228,0,0,0,0,0,0,0,0,0,0,0,1,131,33,0,0,0,0,0,0,0,0,0,1,0,0,111,0,10,39,72,78,70,281,9,131,0,28,0,0,0,0,0,0,0,0,0,0,0,0,0,0,0,0,0,2,0,0,0,0,0,0,0,0,0,0,0,0,0,6,0,9,0,0,0,0,0,0,0,0,0,12,0,0,0,0,0,5,0,7,0,0,0,6,0,0,0,0,0,0,0,0,0,0,0,0,0,0,0,1,0,0,0,0,0,0,0,0,0,0,0,5,0,0,0,0,0,0,0,0,0,0,0,0,0,0,0,0,0,62,0,0,0,1,0,0,0,0,0,0,0,58,0,0,0,0,0,0,0,0,0,0,0,339,0,113,0,85,0,39,0,0,83,30,0,0,0,0,0,0,0,0,0,0,0,0,0,0,0,0,0,0,0,0,0,0,0,4,0,0,0,0,0,0,0,156,41,0,0,0,23
0,0,0,0,0,0,0,0,0,0,0,0,72,0,0,0,0,0,15,0,11,0,0,0,0,0,96,40,78,0,166,0,81,0,177,0,121,0,0,0,55,10,0,2,121,0,45,14,18,0,43,0,0,0,0,0,0,0,0,0,0,0,11,0,0,0,0,0,0,0,28,0,0,0,0,0,0,0,0,0,13,0,0,0,0,0,0,0,0,0,0,0,0,0,0,0,0,0,0,0,0,0,0,0,0,0,14,0,0,0,0,0,0,0,0,0,0,0,0,0,0,0,0,0,0,0,0,0,0,0,0,0,0,0,0,0,10,0,0,0,0,0,0,0,0,0,0,0,0,0,0,0,0,0,0,0,0,0,0,0,0,0,7,0,29,0,10,0,20,0,0,0,10,0,0,0,0,0,10,0,0,0,0,0,0,0,12,0,0,0,0,0,0,0,0,0,0,0,0,0,0,0,0,0,0,0,0,0,0,0,0,46,81,0,0,0,0,1,0,1,0,0,0,0,0
0,0,0,0,0,0,0,0,0,0,0,0,0,89,0,15,0,0,0,44,0,65,0,0,0,0,25,208,0,31,0,68,0,54,0,39,0,146,0,8,0,39,2,0,0,266,0,52,0,129,4,79,0,0,0,0,0,0,0,0,0,0,0,34,0,0,0,0,0,0,0,0,0,0,0,0,0,0,0,0,0,0,0,0,0,0,0,27,0,0,0,0,0,0,0,0,0,0,0,0,0,0,0,0,0,0,0,12,0,0,0,0,0,0,0,0,0,0,0,0,0,0,0,30,0,0,0,0,0,0,0,0,0,0,0,0,0,0,0,0,0,116,0,123,0,53,0,0,0,0,0,0,0,0,0,0,0,0,0,0,0,0,0,6,0,53,0,37,0,54,0,0,0,23,0,0,0,0,0,0,0,0,0,0,0,0,0,24,0,0,0,0,0,0,0,0,0,0,0,0,0,0,0,10,0,0,0,2,0,0,0,0,0,0,0,0,0,0,58,178,191,0,0,0,0
0,0,32,0,0,0,0,0,18,0,32,0,85,0,39,0,101,0,44,0,25,0,70,0,0,0,325,85,0,0,10,0,8,0,25,0,66,0,0,0,126,72,121,0,0,53,213,88,365,17,169,0,10,0,0,0,0,0,0,0,0,0,55,0,0,0,0,0,0,0,99,0,12,0,56,0,0,0,0,0,0,0,0,0,202,0,0,0,0,0,98,0,0,0,0,0,157,0,189,0,0,0,29,0,0,0,146,0,0,0,0,0,0,0,0,0,0,0,0,0,0,0,99,0,3,0,0,0,0,0,0,0,0,0,0,0,132,0,0,0,46,0,124,0,0,0,17,0,27,0,0,0,97,0,0,0,0,0,0,0,0,0,14,0,285,0,46,0,69,0,26,0,40,0,0,0,33,38,18,0,0,0,32,0,0,0,172,0,0,0,0,0,0,0,0,0,0,0,0,0,0,0,0,0,0,0,0,0,0,0,24,198,339,0,8,0,0,101,0,22,0,0,0,0,0
0,35,0,0,0,0,0,0,0,0,0,53,62,27,0,0,0,0,21,137,0,85,0,0,0,0,108,162,0,3,0,0,0,14,0,13,0,49,0,0,144,78,0,266,53,0,47,191,22,239,0,157,0,1,0,0,0,0,0,0,0,2,0,6,0,0,0,0,0,23,0,28,0,0,0,0,0,12,0,0,0,89,0,44,0,71,0,34,0,0,0,0,0,44,0,87,0,21,0,53,0,43,0,28,0,0,0,27,0,0,0,0,0,0,0,0,0,1,0,0,0,29,0,35,0,0,0,0,0,0,0,0,0,0,0,0,0,0,0,0,0,49,0,80,0,40,0,0,0,8,0,0,0,0,0,0,0,0,0,0,0,0,0,0,0,182,0,27,0,109,0,0,0,11,0,0,0,91,0,0,0,8,0,0,0,0,73,6,0,0,0,0,0,0,0,77,1,0,0,0,0,0,0,0,0,0,0,0,0,0,0,5,0,0,9,0,0,0,40,552,568,0,0,0,106
33,0,65,0,140,0,0,0,0,0,72,0,251,35,42,0,53,0,50,0,0,0,59,0,24,0,79,124,0,0,0,0,0,0,0,0,0,0,0,0,123,70,45,0,213,47,0,98,192,0,33,0,0,0,0,0,0,0,0,0,0,0,25,0,0,0,0,0,0,0,4,0,2,0,5,0,0,0,0,0,0,0,0,0,0,0,0,0,0,0,0,0,0,0,0,0,22,0,0,0,0,0,0,0,0,0,49,0,0,0,0,0,0,0,0,0,0,0,0,0,0,0,0,0,0,0,21,0,0,0,0,0,0,0,0,0,87,0,0,0,0,0,70,0,0,0,0,0,38,0,174,0,116,0,0,0,0,0,0,0,0,0,0,0,0,0,0,0,0,0,0,0,0,0,0,0,26,51,31,0,63,0,59,0,73,0,141,0,0,0,0,0,0,0,0,0,0,0,0,0,0,0,0,0,0,0,0,0,34,0,12,149,110,0,0,0,0,105,0,0,0,0,0,0,0
0,83,0,0,0,242,0,18,0,6,0,194,141,304,0,0,0,0,79,43,0,0,0,0,0,0,248,163,0,0,0,0,0,0,0,0,0,0,0,0,189,281,14,52,88,191,98,0,16,141,0,52,0,0,0,0,0,0,0,0,0,0,0,0,0,0,0,0,0,0,0,0,0,0,0,0,0,0,0,0,0,0,0,0,0,0,0,0,0,0,0,0,0,0,0,0,0,0,0,0,0,0,0,0,0,0,0,0,0,0,0,0,0,0,0,0,0,0,0,0,0,0,0,0,0,0,0,0,0,0,0,0,0,0,0,0,0,3,0,0,0,0,0,0,0,0,0,0,0,0,0,0,0,0,0,0,0,0,0,0,0,0,0,0,0,0,1,0,0,0,0,0,0,0,0,0,0,211,0,0,0,0,0,0,0,2,113,9,0,0,0,0,0,0,0,10,0,0,0,0,0,0,0,0,0,0,0,0,0,2,0,6,0,0,0,0,0,2,0,245,51,0,0,0,64
29,0,25,0,22,0,31,0,29,0,11,0,25,0,9,0,0,0,11,0,10,1,8,0,0,0,56,0,2,0,0,0,0,0,0,0,5,0,0,0,165,9,18,0,365,22,192,16,0,33,24,0,0,0,0,0,19,2,24,0,0,0,0,0,2,0,4,0,11,0,43,0,6,0,0,0,0,0,0,0,0,0,21,0,0,0,16,0,5,0,0,0,21,0,9,0,0,0,54,0,0,0,30,0,11,0,39,0,1,0,0,0,0,0,0,0,0,0,0,0,0,0,17,0,3,0,0,0,0,0,0,0,0,0,6,0,12,1,0,0,0,0,12,0,0,0,2,0,0,0,0,2,5,0,2,0,0,0,0,0,13,0,11,1,27,0,17,0,12,0,36,0,32,0,0,0,54,14,37,0,0,0,11,0,0,0,186,0,24,0,12,0,11,0,33,0,0,0,20,0,0,0,16,0,23,0,5,0,1,0,36,97,215,26,54,0,2,12,0,7,0,0,0,0,1
0,15,0,2,0,0,0,4,0,0,0,25,0,72,0,0,0,0,0,25,2,5,0,0,0,0,0,30,0,0,0,0,0,0,0,0,0,3,0,0,16,131,0,129,17,239,0,141,33,0,0,26,0,0,0,0,0,0,0,0,0,0,0,0,0,0,0,0,0,7,0,15,0,0,0,17,0,3,0,0,0,31,0,6,0,21,0,0,0,0,0,0,0,8,0,21,0,0,0,14,0,8,0,7,0,0,0,10,0,0,0,0,0,0,0,0,0,0,0,0,0,0,0,13,0,0,0,0,0,0,0,0,0,0,0,0,0,0,0,0,0,9,0,22,0,22,0,0,0,6,0,19,0,8,0,0,0,0,0,0,0,0,0,0,0,78,0,2,0,12,0,0,0,0,0,20,0,117,0,10,0,14,0,1,0,18,55,23,0,1,0,1,0,0,0,15,0,0,0,0,0,7,0,5,0,3,0,0,0,0,0,8,0,0,0,0,0,3,32,87,18,0,0,0,9
2,0,0,0,96,0,0,0,0,0,10,0,573,38,10,0,0,0,248,0,33,0,2,0,0,0,264,94,31,0,54,0,38,0,147,0,81,0,11,0,53,0,43,4,169,0,33,0,24,0,0,0,6,0,0,0,0,0,0,0,0,0,15,0,0,0,0,0,0,0,63,0,14,0,43,0,0,0,0,0,29,0,0,0,73,0,34,0,0,0,0,0,0,0,0,0,58,0,113,0,0,0,0,0,0,0,38,0,0,0,0,0,0,0,0,0,0,0,0,0,50,0,0,0,0,0,0,0,0,0,0,0,0,0,0,0,0,0,0,0,0,0,0,0,33,0,0,0,0,0,0,0,0,0,0,0,0,0,0,0,0,0,24,0,63,0,38,0,129,0,20,0,48,0,0,0,0,0,10,0,0,0,1,0,0,0,23,0,0,0,0,0,14,0,56,0,0,0,0,0,0,0,0,0,0,0,0,0,0,0,20,81,111,12,6,0,0,0,0,0,0,0,0,0,0
0,10,0,0,0,55,0,0,0,0,0,9,0,208,0,13,0,0,38,185,0,109,0,0,0,0,48,447,0,42,0,71,0,47,0,54,0,66,0,8,0,28,0,79,0,157,0,52,0,26,0,0,0,0,0,0,0,0,0,0,0,1,0,0,0,0,0,0,0,1,0,22,0,0,0,25,0,6,0,0,0,72,0,0,0,72,0,18,0,0,0,0,0,0,0,0,0,0,0,55,0,0,0,13,0,0,0,0,0,0,0,0,0,0,0,0,0,0,0,0,0,22,0,28,0,0,0,0,0,0,0,0,0,0,0,27,0,0,0,0,0,96,0,95,0,0,0,0,0,0,0,0,0,0,0,0,0,4,0,1,0,0,0,17,0,46,0,39,0,144,0,7,0,43,0,0,0,41,0,0,1,0,0,0,0,0,0,161,0,0,0,0,0,0,0,58,0,0,0,0,0,0,0,0,0,0,0,0,0,0,0,0,0,0,0,0,0,0,54,116,173,0,0,0,0
0,0,0,0,0,0,81,17,175,89,0,0,0,0,0,0,190,0,0,0,30,0,16,0,77,0,0,0,5,0,0,0,0,0,0,0,2,0,4,0,0,0,0,0,10,0,0,0,0,0,6,0,0,93,89,173,101,80,55,75,18,0,92,7,0,7,80,111,0,0,4,0,0,0,3,0,0,0,0,0,0,0,0,0,46,0,0,0,0,0,16,0,0,0,0,0,31,0,4,0,0,0,0,0,12,0,0,0,0,0,0,0,0,0,0,0,0,0,0,0,7,0,15,0,0,0,0,0,141,0,15,0,32,0,3,0,265,0,188,0,140,0,119,0,43,0,2,0,2,0,6,0,0,0,271,0,154,0,234,0,37,0,0,0,0,0,0,0,20,0,101,0,0,0,0,10,50,4,0,0,0,2,3,0,68,0,0,0,0,0,0,0,0,0,0,0,0,0,0,0,0,0,0,0,0,0,0,0,0,0,10,17,146,59,42,0,17,0,12,0,10,14,4,0,0
5,0,1,0,0,0,67,63,141,190,0,0,0,0,0,2,0,37,0,0,0,0,0,0,60,42,0,0,0,11,0,0,0,6,0,3,0,4,0,10,0,0,0,0,0,1,0,0,0,0,0,0,93,0,84,110,0,114,45,22,0,28,75,148,0,0,52,42,0,0,0,0,0,0,0,0,0,0,0,0,0,0,0,0,0,2,0,0,0,0,0,0,0,0,0,0,0,3,0,0,0,0,0,0,0,0,0,0,0,0,0,0,0,0,0,0,0,0,0,0,0,0,0,0,0,0,0,0,0,71,0,23,0,72,0,36,0,150,0,178,0,22,0,26,0,22,0,0,0,0,0,4,0,0,0,128,0,68,0,143,0,23,0,0,0,0,0,0,4,0,0,0,7,0,0,1,44,22,0,0,0,0,0,5,0,43,0,0,0,0,0,0,0,0,0,0,0,0,0,0,0,0,0,0,0,0,0,0,1,15,20,2,18,0,23,0,4,0,18,30,5,12,0,0,0
7,0,50,0,0,0,263,0,91,67,11,0,0,0,31,0,20,0,0,0,0,0,116,0,185,0,0,0,2,0,0,0,0,0,0,0,0,0,0,0,0,0,0,0,0,0,0,0,0,0,0,0,89,84,0,128,92,67,41,32,8,0,17,15,0,0,31,90,0,0,0,0,0,0,0,0,0,0,0,0,0,0,0,0,0,0,0,0,0,0,0,0,0,0,0,0,0,0,0,0,0,0,0,0,0,0,7,0,0,0,0,0,0,0,0,0,0,0,0,0,0,0,0,0,0,0,11,0,107,0,56,0,44,0,39,0,53,0,4,0,5,0,61,0,0,0,0,0,0,0,2,0,0,0,20,0,0,0,28,0,50,0,0,0,0,0,0,0,18,0,173,0,12,0,0,0,26,0,0,0,0,0,0,0,5,0,0,0,0,0,0,0,0,0,0,0,0,0,0,0,16,0,0,0,4,0,0,0,14,0,92,31,228,170,124,9,37,1,0,0,0,0,0,0,0
38,32,0,96,0,18,122,389,252,366,0,0,0,0,0,113,42,32,0,0,0,0,0,50,194,404,0,0,0,14,0,0,0,0,0,0,0,0,0,0,0,0,0,0,0,0,0,0,0,0,0,0,173,110,128,0,1,277,0,68,8,64,178,68,0,13,52,92,0,0,0,0,0,0,0,0,0,0,0,0,0,0,0,0,0,0,0,0,0,0,0,0,0,0,0,0,0,0,0,0,0,0,0,0,0,0,0,0,0,0,0,0,0,0,1,0,0,0,0,0,0,2,0,0,0,82,0,86,0,43,0,135,0,79,0,96,0,214,0,60,0,0,0,0,0,0,0,7,0,42,0,16,0,0,1,73,0,28,0,41,0,37,0,0,0,4,0,0,0,56,24,228,0,53,0,0,74,45,0,0,0,0,3,0,0,33,0,0,0,0,0,0,0,0,0,0,0,0,0,0,0,30,0,0,0,3,0,26,0,145,23,0,0,26,378,0,0,0,297,32,479,497,160,91,0
0,0,0,0,0,0,30,0,28,0,0,0,0,0,0,0,17,0,0,0,0,0,17,0,44,0,0,0,0,0,0,0,0,0,0,0,0,0,0,0,0,0,0,0,0,0,0,0,19,0,0,0,101,0,92,1,0,6,261,0,0,0,4,0,62,0,67,0,2,0,0,0,0,0,0,0,0,0,0,0,0,0,1,0,0,0,0,0,0,0,0,0,0,0,0,0,0,0,0,0,0,0,0,0,1,0,0,0,0,0,0,0,0,0,0,0,0,0,0,0,0,0,0,0,5,0,0,0,48,0,65,0,17,0,0,0,4,0,2,0,1,0,0,0,3,0,0,0,2,0,0,0,0,0,75,0,9,0,67,0,114,0,27,0,0,0,0,0,17,0,138,0,0,0,19,3,0,0,0,0,13,29,0,0,21,0,0,0,0,0,0,0,0,0,0,0,0,0,0,0,0,0,0,0,0,0,0,0,0,0,299,73,601,814,1027,37,130,0,0,0,0,0,0,0,0
0,10,0,0,0,0,0,18,47,156,0,0,0,0,0,0,0,30,0,0,0,0,0,0,0,96,0,0,0,4,0,0,0,0,0,0,0,3,0,0,0,0,0,0,0,0,0,0,2,0,0,0,80,114,67,277,6,0,46,153,0,10,0,67,0,18,119,57,0,0,0,0,0,0,0,0,0,0,0,0,0,0,0,3,0,0,0,0,0,0,0,0,0,0,0,0,0,0,0,0,0,0,0,1,0,0,0,0,0,0,0,0,0,0,0,0,0,0,0,0,0,0,0,0,0,54,0,34,0,32,0,115,0,48,0,28,0,70,0,15,0,2,0,0,0,0,0,0,0,9,0,0,0,0,0,206,1,17,0,115,0,96,0,153,0,4,0,6,0,99,0,252,0,0,0,17,25,0,0,0,0,0,0,0,0,11,0,0,0,0,0,0,0,0,0,0,0,0,0,0,0,0,0,0,0,0,0,0,0,55,0,0,13,0,482,0,0,0,148,34,823,724,160,98,0
0,0,9,0,0,0,16,0,152,0,5,0,0,0,0,0,0,0,0,0,0,0,0,0,0,0,0,0,0,0,0,0,0,0,0,0,0,0,0,0,0,0,0,0,0,0,0,0,24,0,0,0,55,45,41,0,261,46,0,72,20,0,7,0,74,23,61,85,0,0,0,0,0,0,0,0,0,0,0,0,0,0,0,0,0,0,0,0,0,0,0,0,0,0,0,0,0,0,0,0,0,0,0,0,0,0,0,0,0,0,0,0,0,0,0,0,0,0,0,0,0,0,0,0,6,0,2,0,15,0,66,0,9,0,0,0,5,1,0,0,0,0,0,0,3,0,1,0,3,0,0,0,0,0,21,3,38,0,0,0,29,2,3,0,0,0,0,0,28,0,0,0,0,0,42,17,46,0,0,0,0,27,0,0,23,0,0,0,0,0,0,0,0,0,0,0,0,0,0,0,0,0,0,0,0,0,0,0,0,0,564,198,370,750,1112,36,148,5,0,4,0,0,0,0,0
0,11,0,0,0,0,0,9,14,176,0,0,0,0,0,0,0,0,0,0,0,0,0,0,0,12,0,0,0,0,0,0,0,0,0,0,0,0,0,0,0,0,0,0,0,0,0,0,0,0,0,0,75,22,32,68,0,153,72,0,0,0,0,0,6,64,131,213,0,0,0,0,0,0,0,0,0,0,1,0,0,0,0,0,0,1,0,0,0,0,0,0,0,1,0,0,0,0,0,0,0,0,0,0,0,0,0,0,0,0,0,0,0,0,0,0,0,0,0,0,0,0,0,0,0,64,0,13,0,0,0,91,0,4,0,0,0,0,0,0,0,0,0,0,0,30,0,0,0,15,0,0,0,0,0,29,0,76,0,37,0,34,0,0,0,0,0,3,0,36,0,0,0,0,18,79,26,0,0,0,0,46,0,0,0,33,0,0,0,0,0,0,0,0,0,0,0,0,0,1,1,0,0,0,0,0,0,0,0,23,11,0,0,0,1704,0,1,0,842,237,531,1103,322,100,1
96,0,20,0,0,0,201,0,191,0,0,0,0,0,0,0,38,0,0,0,0,0,0,0,14,0,8,0,4,0,0,0,13,0,0,0,27,0,28,0,0,0,0,0,0,0,0,0,0,0,0,0,18,0,8,8,0,0,20,0,0,0,71,0,0,0,20,3,0,0,10,0,0,0,8,0,0,0,0,0,0,0,0,0,0,0,0,0,0,0,2,0,0,0,0,0,0,0,0,0,0,0,0,0,0,0,0,0,0,0,0,0,0,0,0,0,0,0,0,0,0,0,0,0,0,0,0,0,0,0,0,0,0,0,0,0,0,0,84,0,54,0,0,0,265,0,0,0,0,0,0,0,0,0,9,0,122,0,0,0,0,0,7,0,0,0,0,0,0,0,237,0,25,0,0,0,56,0,0,0,0,0,34,0,8,0,0,0,0,0,0,0,0,0,0,0,0,0,0,0,0,0,0,0,0,0,0,0,0,0,68,25,12,7,22,0,0,0,0,0,0,0,0,0,0
0,76,0,0,0,0,0,167,0,423,0,3,0,0,0,0,0,0,0,0,0,0,0,0,0,26,0,0,0,17,0,0,0,20,0,0,0,46,0,30,0,0,0,0,0,2,0,0,0,0,0,1,0,28,0,64,0,10,0,0,0,0,0,99,0,0,0,31,0,0,0,0,0,0,0,3,0,0,0,0,0,0,0,0,0,0,0,0,0,0,0,0,0,0,0,0,0,0,0,0,0,0,0,0,0,0,0,0,0,0,0,0,0,0,0,0,0,0,0,0,0,0,0,0,0,0,0,0,0,0,0,0,0,0,0,0,0,0,0,131,0,101,0,7,0,421,1,0,0,0,0,0,0,0,0,19,0,124,0,63,0,0,0,21,0,0,0,7,0,4,0,138,4,33,0,0,8,95,0,0,0,0,0,77,0,45,0,0,0,0,0,0,0,0,0,0,0,0,0,0,0,0,0,0,0,0,0,0,0,0,0,0,0,0,19,0,0,0,33,74,17,20,10,0,0
35,0,15,0,0,0,294,47,234,122,0,0,0,0,0,0,450,0,45,0,116,0,16,0,68,46,83,0,42,0,34,0,18,0,0,0,43,0,64,0,0,0,11,0,55,0,25,0,0,0,15,0,92,75,17,178,4,0,7,0,71,0,0,39,0,0,9,14,0,0,34,0,0,0,0,0,0,0,0,0,0,0,0,0,69,0,0,0,0,0,0,0,0,0,0,0,0,0,0,0,0,0,0,0,0,0,0,0,0,0,0,0,0,0,0,0,0,0,0,0,0,0,72,0,0,0,0,0,14,0,3,0,0,0,0,0,194,0,239,0,167,0,96,0,144,0,0,0,0,0,0,0,0,0,44,0,59,0,39,0,1,0,0,0,4,0,0,0,0,0,11,0,13,0,0,0,81,8,2,0,0,0,22,0,4,3,0,0,0,0,0,0,0,0,0,0,0,0,0,0,0,0,0,0,0,0,0,0,0,0,17,5,16,7,19,0,0,0,0,0,20,0,0,0,0
67,41,30,3,0,10,71,180,64,329,0,0,0,0,0,0,77,120,0,60,0,208,0,35,220,43,0,44,0,268,0,12,0,91,0,30,1,38,0,250,0,0,0,34,0,6,0,0,0,0,0,0,7,148,15,68,0,67,0,0,0,99,39,0,0,0,0,0,0,0,0,0,0,0,0,0,0,0,0,0,1,0,0,0,0,16,0,0,0,0,0,0,0,0,0,0,0,0,0,0,0,0,0,0,0,0,0,0,0,0,0,0,0,0,0,0,0,0,0,0,0,0,0,0,0,0,0,0,0,75,0,0,0,0,0,77,0,277,0,362,0,62,0,110,0,49,0,0,0,0,0,0,0,0,0,88,0,19,0,197,0,18,0,0,0,0,0,0,0,0,0,0,0,15,0,0,21,99,0,0,0,0,11,52,0,14,0,0,0,0,0,0,0,0,0,0,0,0,0,0,0,0,0,0,0,0,0,4,0,21,0,0,0,0,0,0,0,0,4,18,0,11,0,0,0
10,0,0,0,0,0,10,0,131,0,0,0,0,0,0,0,0,0,0,0,0,0,0,0,0,0,0,0,0,0,0,0,0,0,0,0,0,0,0,0,0,0,0,0,0,0,0,0,2,0,0,0,0,0,0,0,62,0,74,6,0,0,0,0,0,40,70,0,0,0,19,0,0,0,0,0,0,0,0,0,0,0,0,0,0,0,0,0,0,0,0,0,0,0,0,0,0,0,0,0,0,0,0,0,0,0,0,0,0,0,0,0,0,0,0,0,0,0,0,0,0,0,0,0,9,0,0,0,0,1,40,3,6,0,2,0,0,0,19,0,0,1,0,0,58,0,21,0,35,14,0,3,5,0,7,0,5,0,8,3,98,37,0,0,0,0,0,0,0,0,0,0,0,0,111,0,0,0,0,0,236,193,23,0,110,0,0,0,0,0,0,0,0,0,0,0,1,0,0,0,0,0,0,0,0,0,2,0,18,0,325,25,0,0,453,0,0,0,17,0,0,0,0,0,0
0,46,0,0,0,18,0,0,0,370,0,12,0,6,0,9,0,0,0,73,0,8,0,0,0,0,0,38,0,0,0,0,0,0,0,0,0,0,0,0,0,0,0,0,0,0,0,0,0,0,0,0,7,0,0,13,0,18,23,64,0,0,0,0,40,0,30,440,0,0,0,0,0,0,0,0,0,0,0,0,0,0,0,0,0,3,0,0,0,0,0,0,0,0,0,0,0,0,0,0,0,0,0,0,0,0,0,0,0,0,0,0,0,0,0,0,0,0,0,0,0,0,0,0,0,27,0,28,0,0,5,34,0,0,0,0,0,5,0,0,0,0,0,0,0,6,0,76,7,204,0,73,0,40,0,3,0,1,0,3,28,108,0,0,0,0,0,0,0,0,0,0,0,0,15,87,10,7,0,1,38,249,0,1,0,55,0,0,0,0,0,0,0,0,0,0,0,0,0,0,0,0,0,0,0,0,0,12,0,24,4,0,0,0,396,0,0,0,317,25,0,0,21,0,0
5,0,11,0,4,0,107,0,85,0,0,0,0,0,0,0,0,0,0,0,0,0,0,0,0,1,0,0,0,0,0,0,0,0,0,0,0,0,0,0,0,0,0,0,0,0,0,0,4,0,0,0,80,52,31,52,67,119,61,131,20,0,9,0,70,30,0,94,0,0,0,0,0,0,0,0,0,0,0,0,0,0,0,0,0,0,0,0,0,0,0,0,0,0,0,0,0,0,0,0,0,0,0,0,0,0,0,0,0,0,0,0,0,0,0,0,0,0,0,0,0,0,0,0,15,0,5,0,0,0,6,0,3,0,0,0,0,0,0,0,0,0,0,0,4,0,6,0,7,0,0,0,0,0,12,0,22,0,1,3,63,5,0,0,0,0,0,0,8,0,44,0,0,0,94,28,169,0,0,0,32,56,2,0,297,0,0,0,0,0,0,0,0,0,0,0,0,0,0,0,0,0,0,0,0,0,0,0,0,0,306,150,119,236,443,15,36,0,8,7,0,0,0,0,0
0,0,0,0,0,0,49,0,54,203,0,0,0,0,0,0,0,0,0,0,0,0,0,0,1,0,0,0,0,0,0,0,0,0,0,0,0,0,0,0,0,0,0,0,0,0,0,0,0,0,0,0,111,42,90,92,0,57,85,213,3,31,14,0,0,440,94,0,0,0,0,0,0,0,0,0,0,0,0,0,0,0,0,0,0,0,0,0,0,0,0,0,0,0,0,0,0,0,0,0,0,0,0,1,0,0,0,0,0,0,0,0,0,0,0,0,0,0,0,0,0,0,0,0,0,44,0,0,0,0,0,39,0,0,0,0,1,0,0,0,0,0,0,0,0,24,0,4,0,23,0,5,0,0,0,25,0,75,0,22,0,22,0,0,0,0,0,0,0,0,0,0,0,0,30,174,61,0,0,0,0,113,0,0,0,298,0,0,0,0,0,0,0,0,0,0,0,0,0,0,0,1,0,0,0,0,0,0,0,0,8,0,0,0,431,0,0,0,374,251,62,241,79,8,0
7,0,0,0,0,0,6,0,0,0,0,0,0,0,0,0,0,0,0,0,0,0,0,0,0,0,0,0,0,0,0,0,0,0,0,0,0,0,0,0,0,0,0,0,0,0,0,0,11,0,0,0,0,0,0,0,2,0,0,0,0,0,0,0,0,0,0,0,0,0,0,0,35,0,0,0,251,0,54,0,0,0,47,0,0,0,0,0,0,0,0,0,85,0,72,0,0,0,0,0,70,0,271,0,0,0,109,0,33,0,0,0,0,0,3,0,13,0,0,0,0,0,0,0,0,0,0,0,0,0,0,0,0,0,0,0,0,0,0,0,0,0,0,0,0,0,0,0,0,0,0,0,0,0,0,0,0,0,0,0,0,0,0,0,64,0,0,0,312,0,7,0,6,0,0,0,0,0,0,0,0,0,0,0,0,0,0,0,0,0,0,0,0,0,137,0,0,0,0,0,0,0,0,0,0,0,0,0,0,2,0,10,101,0,0,10,65,0,0,0,0,0,0,0,0
0,0,0,0,0,0,0,7,0,0,0,0,0,0,0,0,0,0,0,0,0,0,0,0,0,0,0,0,0,0,0,0,0,0,0,0,0,0,0,0,0,2,0,0,0,23,0,0,0,7,0,1,0,0,0,0,0,0,0,0,0,0,0,0,0,0,0,0,0,0,0,0,0,0,0,0,0,93,0,0,0,0,0,66,0,0,0,7,0,88,0,0,0,29,0,79,0,0,0,0,0,31,0,114,0,0,0,0,0,10,0,0,0,101,0,0,0,5,0,0,0,0,0,0,1,0,0,0,0,0,0,0,0,0,0,0,0,0,0,0,0,0,0,2,0,1,2,0,0,0,0,0,1,0,0,0,0,0,0,0,0,0,0,0,0,71,0,0,0,68,0,4,0,1,0,0,0,0,0,0,0,0,0,0,0,0,0,0,0,0,0,0,0,0,0,36,0,0,0,0,0,0,0,0,0,0,0,0,0,0,0,0,0,0,1,0,0,0,27,10,87,1,3,52,0
0,0,0,0,0,0,0,0,0,0,0,0,0,0,0,0,39,0,0,1,78,0,0,0,3,0,172,0,37,0,17,0,0,0,0,0,89,0,17,0,0,0,28,0,99,0,4,0,43,0,63,0,4,0,0,0,0,0,0,0,10,0,34,0,19,0,0,0,0,0,0,0,378,0,344,0,0,0,102,0,31,0,0,0,0,0,82,0,0,0,0,0,0,0,0,0,1,0,0,0,0,0,0,0,0,0,0,0,0,0,0,0,0,0,0,0,0,0,0,0,39,0,15,0,14,4,44,1,0,0,0,0,52,0,53,0,101,0,8,0,189,0,103,0,115,0,17,0,13,0,38,0,46,0,0,0,1,0,0,0,14,0,59,0,0,0,52,0,72,0,34,0,57,0,38,0,0,0,0,0,97,17,0,0,0,0,0,0,0,0,0,0,0,0,0,0,0,0,0,0,0,0,0,0,0,0,33,0,50,0,22,0,23,0,0,0,0,0,3,0,0,0,0,0,0
0,0,0,0,0,0,0,2,0,0,0,7,0,0,0,0,0,0,0,0,0,30,0,0,0,0,0,0,0,0,0,2,0,3,0,0,0,0,0,0,0,0,0,0,0,28,0,0,0,15,0,22,0,0,0,0,0,0,0,0,0,0,0,0,0,0,0,0,0,0,0,0,0,194,0,256,0,25,0,7,0,5,0,0,8,0,0,58,0,0,0,0,0,0,0,0,0,0,0,0,1,0,0,0,0,0,0,0,0,0,0,0,0,0,0,0,0,0,0,0,0,9,0,19,0,78,0,97,5,0,10,31,15,0,0,19,0,51,0,8,0,140,0,0,0,242,33,26,10,17,6,38,9,0,0,1,0,0,0,0,0,0,0,59,0,0,0,35,0,0,0,8,0,24,0,17,0,12,0,0,19,76,0,0,0,0,0,0,0,0,0,0,0,0,0,0,0,0,1,0,0,0,0,0,0,0,0,0,0,0,0,0,0,0,0,0,0,0,39,27,13,0,0,0,0
0,0,0,0,0,0,0,0,0,0,0,0,0,0,0,0,0,0,0,0,0,0,0,0,0,0,0,0,0,0,0,0,0,0,0,0,14,0,0,0,0,0,0,0,12,0,2,0,6,0,14,0,0,0,0,0,0,0,0,0,0,0,0,0,0,0,0,0,35,0,378,0,0,0,208,0,38,0,280,0,18,0,95,0,33,0,50,0,0,0,0,0,62,0,0,0,0,0,0,0,0,0,3,0,0,0,0,0,0,0,0,0,0,0,0,0,0,0,0,0,52,0,26,0,69,0,76,0,32,0,44,1,97,0,81,0,104,0,0,0,54,7,126,0,45,0,37,0,0,0,64,0,43,0,0,0,0,0,3,0,2,0,79,0,4,0,11,0,45,0,18,0,13,0,10,0,0,0,0,0,39,0,0,0,0,0,0,0,0,0,0,0,0,0,0,0,0,0,0,0,56,0,59,0,22,0,88,0,80,0,220,0,60,0,16,4,5,0,4,0,0,0,0,0,0
0,0,0,0,0,0,0,0,0,0,0,0,0,0,0,0,0,0,0,0,0,0,0,0,0,0,0,0,0,0,0,0,0,0,0,0,0,0,0,0,0,0,0,0,0,0,0,0,0,0,0,0,0,0,0,0,0,0,0,0,0,0,0,0,0,0,0,0,0,0,0,194,0,0,0,214,0,159,0,27,0,14,0,18,0,31,0,106,0,0,0,0,0,2,0,0,0,0,0,1,0,0,0,0,0,0,0,0,0,0,0,0,0,0,0,0,0,2,0,0,0,53,0,33,39,95,0,174,0,0,0,39,31,0,9,263,24,157,0,0,13,91,18,101,0,139,38,32,0,16,10,118,25,0,0,0,0,0,0,6,0,10,0,37,0,0,0,9,0,11,0,5,0,12,0,0,0,0,0,0,36,88,0,0,0,0,0,0,0,0,0,0,0,0,0,0,0,0,0,144,0,41,0,314,0,43,0,0,0,0,0,0,0,0,29,0,0,0,114,8,41,0,0,0,0
0,0,0,0,0,0,0,0,3,0,0,0,0,0,0,0,30,0,0,0,70,0,0,0,0,0,0,0,18,0,0,0,0,0,0,0,50,0,13,0,0,0,0,0,56,0,5,0,0,0,43,0,3,0,0,0,0,0,0,0,8,0,0,0,0,0,0,0,0,0,344,0,208,0,0,0,25,0,265,0,17,0,30,0,75,0,48,0,0,0,0,0,0,0,0,0,0,0,9,0,1,0,0,0,0,0,1,0,0,0,0,0,0,0,0,0,0,0,0,0,88,0,50,0,13,0,30,0,5,0,0,0,21,0,44,0,50,0,0,0,96,0,204,0,98,0,24,0,10,0,34,0,52,0,0,0,0,0,0,0,5,0,40,25,0,0,21,0,60,2,16,0,27,0,30,0,0,0,0,0,107,0,0,0,0,0,0,0,0,0,0,0,0,0,0,0,0,0,49,0,38,0,33,0,19,0,0,0,25,0,15,0,0,0,10,0,0,0,9,0,0,0,0,0,0
0,0,0,0,0,0,0,0,0,0,0,0,0,0,0,0,0,0,0,30,0,54,0,0,0,0,0,44,0,3,0,0,0,0,0,0,0,5,0,1,0,0,0,0,0,0,0,0,0,17,0,25,0,0,0,0,0,0,0,0,0,3,0,0,0,0,0,0,0,0,0,256,0,214,0,0,0,26,0,38,0,9,0,4,0,27,0,132,0,0,0,0,0,0,0,0,0,0,9,1,0,0,0,0,0,0,0,3,0,0,0,0,0,0,0,0,0,0,0,0,0,105,0,49,18,0,0,64,0,0,0,0,0,0,0,90,0,73,0,0,0,123,0,53,0,255,26,0,0,0,0,41,0,0,0,0,0,2,0,0,0,0,0,74,0,0,0,23,3,10,0,21,0,27,0,12,0,10,0,0,0,105,0,0,0,0,0,0,0,0,0,21,0,0,0,0,0,0,0,0,0,0,0,0,0,0,0,0,0,72,13,0,0,0,14,0,0,0,62,14,20,0,0,2,0
0,0,0,0,0,0,0,0,0,0,0,0,0,0,0,0,0,0,0,0,0,0,0,0,0,0,0,0,0,0,0,0,0,0,0,0,0,0,0,0,0,0,0,0,0,0,0,0,0,0,0,0,0,0,0,0,0,0,0,0,0,0,0,0,0,0,0,0,251,0,0,0,38,0,25,0,0,0,43,0,11,0,19,0,26,0,38,0,6,0,0,0,82,0,47,0,17,0,33,0,28,0,86,0,0,0,46,0,30,0,0,0,0,0,0,0,37,0,1,0,12,0,0,0,0,0,0,0,0,0,0,0,0,0,0,0,0,0,0,0,0,0,0,0,0,0,0,0,0,0,0,0,4,0,0,0,0,0,0,0,0,0,0,0,17,0,0,0,46,0,2,0,6,0,0,0,0,0,0,0,0,0,0,0,0,0,0,0,22,0,0,0,0,0,60,0,3,0,0,0,0,0,0,0,0,0,0,0,0,0,21,2,17,0,8,0,13,0,0,0,0,0,0,0,0
0,0,0,0,0,0,0,0,0,0,0,0,0,0,0,0,0,0,0,0,0,0,0,0,0,0,0,0,0,0,0,0,0,0,0,0,0,0,0,0,0,0,0,0,0,12,0,0,0,3,0,6,0,0,0,0,0,0,0,0,0,0,0,0,0,0,0,0,0,93,0,25,0,159,0,26,0,0,0,22,0,96,0,269,0,23,0,210,0,39,0,0,0,73,0,130,0,9,0,16,0,32,0,140,0,36,1,0,0,21,0,0,0,31,0,0,0,36,0,0,0,0,0,0,0,0,0,0,0,0,0,0,0,0,0,72,0,0,0,0,0,14,0,0,0,13,0,0,0,0,0,0,0,0,0,0,0,0,0,0,0,0,0,0,0,24,0,0,0,78,0,0,0,0,0,0,0,0,0,0,0,11,0,0,0,0,0,0,0,25,0,0,0,0,0,108,0,0,0,0,0,0,0,163,0,0,0,0,0,0,0,0,0,0,0,0,0,0,54,11,152,3,4,1,0
0,0,0,0,0,0,0,0,1,0,0,0,0,0,0,0,0,0,0,0,0,0,0,0,0,0,0,0,0,0,0,0,0,0,0,0,0,0,0,0,0,0,0,0,0,0,0,0,0,0,0,0,0,0,0,0,0,0,0,1,0,0,0,0,0,0,0,0,54,0,102,0,280,0,265,0,43,0,0,0,53,0,187,0,92,0,112,0,0,0,0,0,79,0,27,0,20,0,49,0,11,0,9,0,0,0,18,0,19,0,0,0,0,0,0,0,18,0,0,0,89,0,0,0,0,0,0,0,0,0,0,0,0,0,0,0,0,0,0,0,33,0,128,0,13,0,0,0,0,0,0,0,0,0,0,0,0,0,0,0,0,0,0,0,0,0,0,0,65,0,0,0,0,0,0,0,0,0,0,0,0,0,0,0,0,0,0,0,0,0,0,0,34,0,0,0,0,0,0,1,115,0,0,0,75,0,0,0,0,0,180,5,43,0,25,6,0,0,0,0,0,0,0,0,0
