0,265,47,115,37,6,12,36,63,12,62,7,179,0,15,30,9,29,3,0,2,0,18,73,6,155,7,0,31,6,10,0,54,9,1,0,58,4,140,24,28,0,0,0,0,0,8,0,1,0,0,0,4,3,10,4,2,0,0,0,10,6,5,0,15,0,9,0,0,0,0,0,0,0,0,0,0,0,0,0,0,0,0,0,0,0,0,0,0,0,0,0,0,0,0,0,0,0,0,0,0,0,0,0,0,0,0,0,0,0,0,0,0,0,0,0,0,0,3,0,0,0,0,0,13,0,10,0,0,0,13,0,0,0,7,0,0,0,0,0,0,0,0,0,0,0,11,0,40,0,28,0,19,0,0,0,1,0,0,0,2,0,0,0,0,0,23,0,14,0,0,0,113,1,0,0,58,37,12,0,11,0,4,16,45,0,0,0,0,0,0,0,0,0,0,0,0,0,0,0,0,0,0,0,0,0,6,0,17,0,0,0,0,0,34,2,2,0,3,0,131,5,0,1,8,0,122,21,205,0,89,0,119,7,20,0,37,0,80,3,63,0,103,0,195,0,0,0,0
265,0,280,27,69,78,102,75,132,78,12,125,0,75,18,99,136,4,0,131,0,0,462,19,137,70,0,131,5,178,0,0,5,152,0,0,8,150,19,289,2,58,2,5,0,8,0,13,0,0,0,0,0,7,0,68,0,10,0,2,0,27,5,34,0,62,0,21,0,1,0,0,0,0,0,0,0,0,0,0,0,6,0,0,0,0,0,0,0,0,0,0,0,0,0,0,1,0,0,0,0,0,0,0,0,0,0,0,0,0,0,0,0,0,0,0,0,0,0,0,0,0,0,4,0,14,0,11,0,0,0,18,0,10,0,43,0,64,0,2,0,0,0,0,0,0,0,6,0,50,0,0,0,0,0,4,0,9,0,2,1,6,0,6,0,12,0,13,0,15,0,28,0,81,3,0,30,168,0,3,0,0,1,20,1,31,0,4,0,0,0,13,0,0,0,0,0,0,0,27,0,0,0,6,0,0,0,0,0,78,0,9,0,3,5,117,0,0,0,11,8,330,0,34,0,46,13,191,11,167,0,114,2,397,2,32,0,45,3,167,1,49,0,91,0,356,0,0,0
47,280,0,116,66,68,48,28,10,6,10,68,144,0,141,116,27,26,24,5,16,5,436,102,80,117,25,0,138,0,113,0,193,13,0,0,93,9,246,19,26,2,11,0,0,0,12,0,0,0,0,0,0,0,24,0,5,0,0,0,0,0,10,0,7,0,0,0,0,0,0,0,0,0,0,0,0,0,0,0,0,0,0,0,0,0,0,0,0,0,0,0,0,0,0,0,5,0,0,0,0,0,0,0,0,0,0,0,0,0,0,0,0,0,1,0,0,0,0,0,0,0,0,0,8,0,17,0,0,0,19,0,0,0,56,0,10,0,1,0,0,0,14,0,0,0,13,0,28,0,20,0,0,0,0,0,0,0,0,0,3,0,0,0,3,0,135,0,13,0,8,0,159,2,0,0,37,32,0,1,0,0,0,17,6,0,0,0,0,0,0,0,0,0,0,0,0,0,0,0,4,0,0,0,0,0,0,0,40,0,0,0,0,0,50,0,0,0,3,0,245,0,8,0,19,1,91,21,250,0,103,0,112,10,22,1,20,0,62,0,58,0,64,0,178,4,0,0,0
115,27,116,0,33,20,5,38,12,2,3,2,3,0,5,198,42,4,0,90,4,19,195,243,13,211,0,20,0,108,0,17,4,87,0,3,1,31,4,84,0,0,0,0,0,0,0,0,0,0,0,0,0,0,0,52,0,2,0,6,0,0,0,3,0,0,0,0,0,0,0,0,0,0,0,0,0,0,0,0,0,0,0,0,0,0,0,0,0,0,0,0,0,0,0,0,0,0,0,0,0,1,0,0,0,0,0,25,0,0,0,0,0,0,0,0,0,0,0,0,0,0,0,0,0,0,0,0,0,2,0,0,0,6,0,91,0,49,0,3,0,0,0,11,0,0,2,0,0,0,1,0,0,0,0,2,0,0,0,0,1,0,0,0,0,6,0,7,0,7,0,3,5,25,0,0,2,11,0,0,0,0,0,3,0,0,0,0,0,0,0,0,0,0,0,0,0,0,0,0,0,35,0,0,0,0,0,0,0,10,0,2,0,0,0,15,0,0,0,0,0,92,0,3,0,9,0,77,0,74,1,7,1,57,1,5,0,3,0,5,1,0,0,4,0,17,0,0,0
37,69,66,33,0,196,7,3,35,0,18,133,106,131,125,224,10,0,23,185,58,82,71,82,0,0,84,100,0,0,93,7,90,0,64,20,135,0,9,0,42,18,24,0,9,0,22,0,0,2,145,11,0,0,0,0,4,0,0,0,2,0,0,0,5,0,1,0,0,0,0,0,0,0,0,0,0,0,0,0,0,0,0,0,0,0,0,0,0,0,0,0,0,0,0,0,0,0,0,0,0,0,0,0,0,0,0,0,0,0,0,0,0,0,0,0,0,0,0,0,0,0,0,0,9,0,4,0,0,0,0,0,0,0,17,0,0,0,1,0,0,0,0,0,0,1,0,0,21,0,35,0,11,0,0,0,0,0,0,0,3,0,0,0,56,0,158,0,33,0,5,0,46,2,0,0,100,60,15,0,15,1,5,0,15,0,1,0,0,0,0,0,0,0,0,0,0,0,0,0,0,0,0,0,0,0,0,0,18,0,3,0,0,0,21,0,1,0,48,20,299,0,8,0,137,0,269,26,174,8,98,2,119,0,24,1,62,0,40,0,32,0,55,0,191,0,0,0,0
6,78,68,20,196,0,0,36,0,10,75,89,62,34,345,82,8,0,97,193,122,76,57,15,0,1,0,167,0,13,11,78,7,130,19,83,8,114,0,11,8,45,0,21,2,13,0,25,0,3,27,50,0,0,1,20,0,0,0,0,0,8,0,3,0,0,0,1,0,0,0,0,0,0,0,0,0,0,0,0,0,0,0,0,0,17,0,0,0,0,0,0,0,0,0,0,0,4,0,0,0,0,0,0,0,0,0,4,0,0,0,0,0,0,0,0,0,0,0,0,0,0,0,0,0,2,0,3,0,0,0,2,0,0,0,31,0,23,0,0,0,0,0,12,0,8,0,0,0,0,0,0,0,0,0,0,1,0,0,0,0,0,0,0,0,19,0,125,0,34,0,12,0,62,0,0,13,125,0,1,0,18,1,3,0,1,0,10,0,0,0,0,0,0,0,0,0,3,0,6,0,10,0,0,0,0,0,0,0,13,0,0,0,0,2,13,0,0,0,38,9,281,0,6,0,129,21,204,6,232,0,136,1,241,0,15,0,109,2,23,0,10,0,18,0,133,0,0,0
12,102,48,5,7,0,0,109,32,178,8,0,17,0,13,0,29,16,0,0,0,0,15,0,198,145,0,0,69,0,0,0,0,0,0,0,3,16,130,27,11,0,0,0,0,0,0,0,1,0,0,0,26,0,177,68,18,0,0,0,86,18,221,104,7,0,19,0,0,0,0,0,0,0,0,0,0,0,0,0,1,0,0,0,0,0,0,1,0,0,0,0,0,0,0,0,0,0,0,0,0,0,0,0,0,0,0,0,0,0,0,0,0,0,0,0,0,0,0,0,0,0,0,0,10,0,0,0,3,0,36,0,0,0,36,0,34,0,4,0,2,0,8,0,0,0,7,0,15,1,0,0,0,0,1,0,0,0,0,0,6,0,0,0,0,0,0,0,6,0,81,0,115,0,0,0,0,34,0,0,0,0,0,17,0,0,0,0,0,0,0,0,0,0,0,0,0,0,0,0,0,0,0,0,0,0,1,0,30,0,16,0,0,0,247,0,0,0,7,2,205,8,19,0,42,2,131,10,160,6,73,0,286,6,56,0,16,2,169,0,105,0,115,0,360,8,0,0,0
36,75,28,38,3,36,109,0,264,29,2,20,0,10,0,37,35,10,0,64,0,0,28,13,93,303,0,36,0,84,0,1,0,30,0,0,2,29,0,161,0,17,0,0,0,0,0,0,0,0,0,0,10,14,59,233,0,13,10,6,0,88,42,113,0,18,32,17,0,0,0,0,0,0,0,0,0,0,0,0,0,0,0,0,0,0,0,0,0,0,0,0,0,0,0,0,0,0,0,0,0,0,0,0,0,0,0,0,0,0,0,0,0,0,0,0,0,0,0,0,0,0,0,0,0,30,0,15,0,3,0,39,0,10,0,7,0,32,0,0,0,0,0,0,0,0,0,0,0,9,0,0,0,0,0,9,0,3,0,1,0,19,0,0,0,7,0,3,0,11,3,14,0,91,5,0,19,13,0,0,0,0,0,0,0,3,0,0,0,0,0,0,0,0,0,0,0,0,0,2,0,0,0,0,0,0,0,0,0,41,0,9,0,11,1,151,0,0,0,8,5,287,0,85,2,30,5,99,0,216,0,41,0,328,0,43,0,15,0,110,2,29,0,54,3,248,0,0,0
63,132,10,12,35,0,32,264,0,442,20,1,34,0,25,1,5,39,6,0,0,0,2,0,4,236,0,0,21,4,0,0,2,1,0,0,3,8,91,22,25,1,0,0,0,0,5,0,4,0,2,0,13,70,128,297,25,20,17,71,66,9,55,186,42,0,72,82,0,0,0,0,0,0,0,0,0,0,0,0,0,3,0,0,0,0,0,0,0,0,0,0,0,0,0,0,0,0,0,0,0,0,0,0,0,0,0,0,0,0,0,0,0,0,0,0,0,0,0,0,0,0,0,0,44,0,48,0,0,0,50,0,3,0,18,0,6,0,2,0,0,0,0,2,0,0,28,0,75,0,26,0,6,0,0,15,5,9,0,0,6,0,0,0,0,0,0,0,5,0,54,0,64,9,22,0,249,129,4,0,1,0,5,20,53,27,1,0,0,0,0,0,0,0,0,0,1,0,0,0,0,0,0,0,0,0,4,0,54,0,0,0,0,0,92,4,0,0,4,0,81,0,9,1,25,0,143,10,117,13,27,0,100,0,36,0,6,0,95,0,44,0,61,0,214,11,0,0,0
12,78,6,2,0,10,178,29,442,0,0,27,0,9,0,9,29,0,0,35,0,0,5,2,129,15,0,28,1,0,0,0,0,1,0,0,0,0,1,44,0,0,0,1,0,0,0,0,0,1,0,0,74,16,251,35,7,12,55,2,9,96,111,98,0,247,73,125,0,0,0,0,0,9,0,0,0,0,0,0,0,0,0,0,0,0,0,1,0,0,0,0,0,0,0,0,0,0,0,0,0,0,0,0,0,5,0,3,0,0,0,0,0,0,0,0,0,0,0,0,0,0,0,0,0,32,0,27,0,4,0,20,0,0,0,9,0,29,0,0,0,0,0,0,0,0,0,3,0,55,0,43,0,4,0,9,0,25,0,0,0,6,0,0,0,6,0,0,0,3,6,18,0,43,5,1,72,242,0,2,0,0,0,23,0,55,0,0,0,0,0,0,0,5,0,0,0,0,0,23,0,0,0,0,0,0,0,20,0,84,0,5,0,0,0,138,0,0,0,9,3,141,0,55,0,35,5,118,0,166,0,26,0,196,0,59,0,8,0,92,0,17,0,48,0,249,0,0,0
62,12,10,3,18,75,8,2,20,0,0,53,92,1,16,123,0,0,7,33,5,13,0,41,0,3,24,2,0,0,16,0,27,0,7,0,33,3,1,0,36,1,7,0,0,0,12,0,1,0,17,0,1,0,0,1,0,0,0,0,0,0,0,0,0,0,2,0,0,0,0,0,0,0,0,0,1,0,0,0,0,0,0,0,0,0,0,0,0,0,0,0,0,0,0,0,0,0,0,0,0,0,0,0,0,0,0,0,0,0,0,0,0,0,0,0,0,0,0,0,0,0,0,0,0,0,0,0,0,0,2,0,0,0,0,0,0,0,0,0,0,0,0,0,0,0,0,0,4,0,7,0,12,0,1,0,0,0,0,0,0,0,0,0,0,0,42,0,11,0,0,0,8,0,0,0,40,26,16,0,10,0,4,0,0,0,11,0,0,0,0,0,0,0,0,0,0,0,0,0,0,0,0,0,0,0,1,0,1,0,0,0,0,0,4,0,0,0,0,0,96,3,3,0,12,1,79,19,60,4,59,0,44,3,5,0,11,0,11,0,6,0,14,0,77,3,0,0,0
7,125,68,2,133,89,0,20,1,27,53,0,31,181,356,45,14,0,53,118,129,29,67,8,0,0,0,187,0,18,15,17,0,98,0,19,0,88,0,21,7,175,2,10,1,32,0,58,2,11,0,2,0,2,0,8,0,0,0,0,0,9,0,16,0,4,0,0,0,0,0,0,0,0,0,0,0,2,0,0,0,10,0,0,0,7,0,0,0,0,0,0,0,0,0,0,0,0,0,0,0,0,0,0,0,0,0,0,0,0,0,0,0,0,0,0,0,0,0,0,0,0,0,0,0,4,0,0,0,0,0,8,0,0,0,0,0,13,0,0,0,2,0,0,0,0,0,3,0,12,0,0,0,45,0,4,0,3,0,0,0,0,0,0,0,13,3,32,0,16,0,8,0,34,0,14,13,189,2,3,0,72,0,16,0,9,0,21,0,0,0,0,0,0,0,0,0,0,0,1,0,0,0,0,0,0,0,0,0,8,0,2,0,0,1,21,0,0,0,13,11,224,0,14,0,78,9,122,0,142,0,142,0,206,0,22,2,80,0,26,0,13,0,20,0,119,0,0,0
179,0,144,3,106,62,17,0,34,0,92,31,0,261,74,20,2,0,15,146,12,42,0,0,1,0,38,226,0,0,3,1,3,0,21,7,9,5,0,0,143,142,48,5,72,40,33,32,61,2,64,27,3,0,11,0,2,0,0,0,3,0,0,0,0,0,0,0,0,0,0,0,0,0,0,0,0,0,0,0,0,0,0,0,0,0,0,0,0,0,0,0,0,0,0,0,0,0,0,0,0,0,0,0,0,0,0,0,0,0,0,0,0,0,0,0,0,0,2,0,0,0,0,0,4,0,0,0,0,0,5,0,0,0,0,0,4,0,0,0,0,0,0,0,0,0,8,0,26,0,44,0,43,0,0,0,0,0,0,0,0,0,0,0,26,0,0,0,7,1,0,1,3,0,5,0,34,68,32,0,52,0,18,0,21,0,47,9,0,0,0,0,0,0,0,0,0,0,0,0,5,0,0,0,0,0,4,0,0,0,1,0,0,0,0,0,1,0,130,30,34,4,15,0,93,10,78,0,27,0,30,1,0,0,0,0,20,0,4,0,6,0,0,0,33,0,0,0,0
0,75,0,0,131,34,0,10,0,9,1,181,261,0,53,0,0,0,357,8,28,12,2,0,0,0,213,50,0,0,1,0,0,0,5,19,4,14,0,0,119,196,27,67,25,48,35,30,0,21,40,60,0,0,0,0,0,0,0,0,0,0,0,0,0,0,0,0,0,0,0,0,0,0,0,0,0,0,0,0,0,0,0,0,0,0,0,0,0,0,0,0,0,0,0,0,0,0,0,0,0,0,0,0,0,0,0,0,0,0,0,0,0,0,0,0,0,0,0,0,0,0,0,0,0,0,0,0,0,1,0,0,0,0,0,0,0,4,0,0,0,0,0,1,0,2,0,0,0,6,0,0,0,18,0,0,0,0,0,0,0,0,0,0,1,0,0,2,0,0,0,0,0,1,0,9,8,216,0,10,0,48,0,4,0,2,0,48,0,0,0,0,0,0,0,0,0,0,0,0,0,0,0,0,0,0,0,0,0,8,0,1,0,0,0,0,0,0,0,269,0,10,0,40,11,105,4,71,0,13,0,13,0,30,0,0,0,16,0,5,0,0,0,3,0,13,0,0,0
15,18,141,5,125,345,13,0,25,0,16,356,74,53,0,516,6,0,312,271,100,150,141,53,36,4,166,34,0,0,42,9,0,11,103,18,111,19,0,0,39,4,23,6,16,3,29,0,4,0,155,6,0,0,33,0,0,0,0,0,0,0,15,0,19,0,4,0,0,0,0,0,0,0,0,0,0,0,0,0,0,0,0,0,0,0,0,0,0,0,0,0,0,0,0,0,0,0,0,0,0,0,0,0,0,0,0,0,0,0,0,0,0,0,0,0,0,0,0,0,0,0,0,0,13,0,15,0,0,0,42,0,0,1,218,0,16,0,0,0,0,0,67,0,0,0,43,0,101,0,73,0,22,0,8,0,15,0,0,0,2,0,0,0,56,2,72,0,27,0,0,0,7,3,0,0,38,55,6,5,13,0,2,0,39,0,0,2,0,0,0,0,0,0,0,0,0,0,0,0,35,0,0,0,0,0,0,0,87,0,1,0,1,0,17,0,0,0,0,1,82,29,4,0,47,7,144,69,66,9,29,12,31,0,8,0,12,0,14,0,6,0,14,0,41,0,0,0,0
30,99,116,198,224,82,0,37,1,9,123,45,20,0,516,0,30,74,26,341,194,220,146,94,0,65,0,64,0,5,31,133,13,52,6,62,25,53,0,0,7,0,0,4,0,18,2,0,0,2,10,19,0,0,0,89,0,7,0,7,0,2,0,35,0,6,0,0,0,0,0,0,0,0,0,0,0,0,0,0,0,33,0,0,0,111,0,0,0,0,0,11,0,0,0,32,0,41,0,28,0,0,0,0,0,0,0,44,0,0,0,0,0,0,0,0,0,0,0,0,0,18,0,3,0,0,0,21,0,0,0,0,0,19,0,201,0,177,0,26,0,0,0,100,6,7,0,0,0,5,0,11,0,0,3,14,0,1,0,0,0,0,0,3,0,5,0,41,0,6,1,6,0,15,0,0,9,39,3,0,2,0,0,0,0,1,0,0,0,0,0,0,0,0,0,0,0,0,0,0,0,64,0,0,0,0,0,19,0,44,0,0,0,0,0,6,0,0,1,4,12,0,0,7,0,16,14,406,0,48,0,24,0,36,2,0,0,9,2,0,0,7,0,0,5,26,0,0,0
9,136,27,42,10,8,29,35,5,29,0,14,2,0,6,30,0,26,62,0,247,0,70,70,100,99,72,0,455,6,138,0,163,7,20,0,19,9,161,28,0,0,0,0,8,0,3,0,0,0,15,0,29,0,6,11,0,0,0,0,9,8,320,30,0,0,0,0,0,0,0,1,0,0,11,0,0,0,0,0,82,0,0,0,192,0,44,0,0,0,67,0,0,0,16,0,273,0,42,0,21,0,0,0,17,0,116,0,0,0,0,0,0,0,0,0,0,0,0,0,35,0,102,0,0,0,0,0,0,0,0,0,2,0,35,0,37,0,112,0,62,0,145,0,8,0,0,0,0,0,0,0,0,0,19,0,0,0,17,0,0,0,0,0,0,0,22,0,0,0,0,0,33,0,0,0,0,6,0,0,0,0,4,8,0,0,0,0,0,0,0,0,0,0,0,0,0,0,0,0,58,0,0,0,0,0,0,0,0,0,2,0,0,0,14,1,0,0,0,0,22,6,7,1,0,0,302,12,56,0,0,0,33,6,3,0,2,0,8,0,7,0,6,0,30,0,0,0,0
29,4,26,4,0,0,16,10,39,0,0,0,0,0,0,74,26,0,0,40,0,111,69,94,50,52,0,13,0,195,0,27,0,74,0,0,0,9,7,134,0,0,0,0,0,0,0,0,0,0,0,0,0,0,0,0,0,5,0,0,0,2,0,127,0,0,1,0,0,0,0,0,0,0,0,0,0,0,0,0,0,19,0,0,0,106,0,7,0,0,0,0,0,0,0,0,1,40,0,6,0,1,0,0,0,0,0,15,0,0,0,0,0,0,0,0,0,0,0,0,0,13,0,0,0,5,0,20,0,29,0,0,0,27,0,151,0,130,0,84,0,29,0,140,0,2,0,0,0,0,0,0,1,0,0,16,0,0,2,9,0,0,0,0,0,0,0,0,0,0,0,0,0,11,1,0,0,0,0,0,0,0,1,2,0,0,0,0,0,0,0,0,0,0,0,0,0,0,0,0,0,14,0,0,0,0,0,0,0,6,0,4,0,0,0,7,0,0,0,1,0,79,0,0,0,0,2,199,0,28,0,0,0,0,0,3,0,1,1,2,0,0,0,0,0,6,0,0,0
3,0,24,0,23,97,0,0,6,0,7,53,15,357,312,26,62,0,0,296,133,70,196,7,27,2,147,319,0,0,0,5,4,0,51,17,20,5,0,0,13,119,137,23,49,39,14,23,2,2,280,31,6,0,27,1,0,0,3,0,0,0,65,0,3,0,0,0,0,0,0,0,0,0,0,0,0,0,0,0,23,0,0,0,47,0,0,0,0,0,0,0,0,0,0,0,0,0,0,0,6,0,0,0,15,0,0,0,0,0,0,0,0,0,0,0,0,0,0,0,0,0,0,0,4,0,0,0,0,0,5,0,0,0,162,0,0,0,0,0,0,0,37,0,0,0,0,0,21,0,17,0,10,0,0,0,0,0,0,0,0,0,0,0,63,0,6,0,0,0,0,0,1,0,2,0,10,27,1,0,4,0,1,0,5,0,20,7,0,0,0,0,0,0,0,0,2,0,0,0,62,0,0,0,0,0,0,0,37,0,1,0,0,0,0,0,0,0,93,61,37,0,15,9,220,0,118,9,25,7,27,0,9,0,0,0,27,0,0,0,5,0,12,0,37,0,0,0,0
0,131,5,90,185,193,0,64,0,35,33,118,146,8,271,341,0,40,296,0,87,104,0,105,0,31,36,144,0,0,4,21,0,3,25,110,8,71,0,0,13,19,21,97,4,68,5,24,0,11,69,114,0,3,0,84,0,4,0,0,0,3,0,62,0,19,0,0,0,0,0,0,0,0,0,0,0,0,0,0,0,79,0,0,0,192,0,38,0,0,0,26,0,0,0,0,0,93,0,48,0,0,0,0,0,0,0,90,0,0,0,0,0,0,0,0,0,0,0,0,0,0,0,9,0,5,0,17,0,0,0,0,0,14,0,272,0,234,0,0,0,0,0,120,3,0,0,0,0,15,0,0,0,0,0,6,0,2,0,0,0,0,0,1,4,5,0,17,0,19,0,3,0,8,0,0,0,65,6,0,0,7,0,3,0,9,0,3,0,0,0,5,0,0,0,0,0,0,0,0,0,0,0,0,0,0,0,21,0,96,0,1,0,0,0,2,0,0,3,70,9,39,0,13,0,126,15,178,6,68,0,34,0,57,0,0,0,38,0,0,0,3,0,6,0,29,0,0,0
2,0,16,4,58,122,0,0,0,0,5,129,12,28,100,194,247,0,133,87,0,55,104,45,18,0,157,21,56,0,87,10,38,7,80,14,31,6,0,0,0,2,74,0,23,0,0,2,1,0,202,0,33,0,0,2,0,0,0,0,0,0,199,0,0,0,0,1,0,0,74,0,10,0,51,0,0,0,0,0,224,0,0,0,202,0,150,0,49,0,100,0,0,0,0,0,334,0,173,0,41,0,0,0,13,0,117,0,0,0,0,0,0,0,0,0,0,0,0,0,161,0,144,0,0,0,0,0,0,0,0,0,0,0,40,0,33,0,58,0,125,0,143,0,95,0,0,0,0,0,0,0,0,0,0,0,10,0,3,0,0,0,0,0,85,0,46,0,42,0,0,0,8,0,0,0,6,9,0,1,0,0,0,0,0,0,0,1,0,0,0,0,0,0,0,0,0,0,0,0,22,0,0,0,0,0,6,0,10,0,0,0,0,0,0,0,0,0,21,3,55,0,12,0,78,0,266,27,48,0,20,0,11,0,0,0,18,0,9,0,11,0,17,0,41,0,0,0,0
0,0,5,19,82,76,0,0,0,0,13,29,42,12,150,220,0,111,70,104,55,0,0,261,0,24,10,82,0,84,0,65,1,33,4,42,0,20,0,11,6,1,7,22,2,35,0,0,1,10,14,23,0,8,0,22,0,0,0,0,0,9,0,268,0,0,0,0,0,0,0,7,0,0,0,3,0,0,0,0,0,67,0,0,0,156,0,45,0,0,0,15,0,0,0,0,0,42,0,32,0,13,0,0,0,0,0,0,0,0,0,0,0,0,0,0,0,0,0,0,0,0,0,18,0,0,0,13,0,11,0,0,0,20,0,185,0,173,0,147,0,140,0,306,0,69,0,0,0,0,0,0,0,0,0,0,0,0,0,7,0,0,0,0,0,2,0,6,0,0,0,3,0,11,0,0,3,24,2,0,0,0,0,0,0,0,1,2,0,0,0,0,0,0,0,0,0,0,0,0,0,28,0,0,0,0,0,0,0,0,0,0,0,0,0,2,0,0,0,35,1,28,0,0,3,31,5,324,0,30,0,30,0,29,0,3,0,21,0,6,0,4,0,2,0,29,0,0,0
18,462,436,195,71,57,15,28,2,5,0,67,0,2,141,146,70,69,196,0,104,0,0,259,120,199,102,0,52,17,40,1,26,25,7,0,23,31,49,58,7,0,0,0,0,0,5,0,0,0,8,0,15,0,120,0,0,0,0,0,0,0,58,7,6,0,0,0,0,0,0,0,0,0,0,0,0,0,0,0,0,0,0,0,130,0,0,0,0,0,0,0,0,0,0,0,142,1,0,0,6,0,0,0,24,0,107,0,0,0,0,0,0,0,0,0,0,0,0,0,0,0,0,0,0,0,11,0,0,0,12,0,0,0,298,0,59,0,55,0,0,0,210,0,0,0,0,0,12,0,13,0,0,0,10,0,0,0,0,0,0,0,0,0,0,0,15,0,0,1,2,0,27,0,0,0,7,33,1,0,0,0,0,31,0,0,0,0,0,0,0,0,0,0,0,0,0,0,9,0,131,0,0,0,0,0,0,0,90,0,0,0,0,0,9,0,0,0,0,0,51,0,0,0,0,0,320,48,69,7,14,0,32,0,4,0,5,1,15,0,8,0,20,4,33,0,0,0,0
73,19,102,243,82,15,0,13,0,2,41,8,0,0,53,94,70,94,7,105,45,261,259,0,12,32,0,43,0,103,10,73,15,83,0,4,7,20,0,25,0,0,0,2,0,4,0,0,0,0,0,0,1,14,0,27,0,0,0,0,0,0,0,168,0,0,0,0,0,0,0,0,0,0,0,0,0,0,0,2,0,52,0,0,0,124,0,0,0,0,0,0,0,0,0,36,0,45,0,28,0,0,0,0,0,0,0,33,0,0,0,0,0,0,0,0,0,0,0,0,0,28,0,7,0,0,0,0,0,0,0,0,0,0,0,123,0,69,0,0,0,7,0,87,0,7,0,2,0,0,3,0,0,0,0,4,0,0,0,0,0,0,0,0,0,0,2,8,0,5,0,4,0,15,0,0,3,3,0,3,0,0,2,2,0,0,0,0,0,0,0,0,0,0,0,0,0,0,0,0,0,20,0,0,0,0,0,0,0,11,0,0,0,0,0,10,0,0,0,0,0,21,0,4,0,5,10,537,0,28,0,0,3,33,0,0,2,0,0,6,0,0,0,3,0,11,0,0,0
6,137,80,13,0,0,198,93,4,129,0,0,1,0,36,0,100,50,27,0,18,0,120,12,0,234,8,0,80,0,4,0,7,0,0,0,6,18,74,40,0,0,0,0,1,0,0,0,1,0,6,0,21,3,55,27,0,0,0,0,15,17,69,98,0,1,0,0,0,0,0,0,0,0,0,0,0,0,0,0,11,6,0,0,69,0,4,0,0,0,0,0,0,0,0,0,74,0,12,0,0,0,0,0,5,0,54,0,0,0,0,0,0,0,0,0,0,0,0,0,0,2,0,0,0,0,0,0,33,0,13,0,5,0,134,0,86,0,103,0,28,0,127,2,1,0,2,0,3,0,3,0,0,0,23,0,0,0,25,0,1,0,0,0,0,2,0,0,0,0,10,2,40,7,0,0,0,11,0,0,0,0,2,21,0,0,0,0,0,0,0,0,0,0,0,0,0,0,0,0,54,0,0,0,0,0,8,0,30,0,0,0,0,0,16,6,0,0,4,0,49,0,6,0,11,0,94,0,63,9,13,0,0,0,14,0,6,0,29,0,23,0,12,3,72,0,0,0,0
155,70,117,211,0,1,145,303,236,15,3,0,0,0,4,65,99,52,2,31,0,24,199,32,234,0,0,0,6,54,1,5,0,16,0,0,3,19,26,35,0,0,0,0,0,0,0,0,0,0,0,0,2,5,13,95,0,10,1,12,3,9,34,35,0,0,9,0,0,0,0,0,0,0,0,0,0,0,0,0,0,0,0,0,0,28,0,0,0,5,0,6,0,0,0,0,0,23,0,0,0,0,0,0,0,0,0,25,0,0,0,0,0,0,0,0,0,0,0,0,0,0,0,0,0,0,0,13,0,12,0,0,0,24,0,148,0,135,0,36,0,0,0,52,0,0,0,3,0,0,0,0,0,0,3,45,0,1,3,8,0,5,0,0,0,1,0,0,0,0,3,0,0,9,3,0,9,12,0,0,0,0,6,4,0,0,0,0,0,0,0,0,0,0,0,0,0,0,0,0,0,40,0,0,0,0,0,0,0,17,0,0,0,0,0,5,0,0,0,2,5,27,0,0,0,0,3,252,11,0,2,1,0,31,0,0,0,0,0,6,0,3,0,8,0,22,0,0,0
7,0,25,0,84,0,0,0,0,0,24,0,38,213,166,0,72,0,147,36,157,10,102,0,8,0,0,202,3,0,6,0,6,0,11,0,33,0,0,0,58,142,158,3,116,23,11,28,37,3,87,18,0,0,29,0,0,0,0,0,4,0,77,0,2,0,0,0,0,0,0,0,0,0,0,0,0,0,0,0,41,0,0,0,44,0,0,0,0,0,0,0,0,0,0,0,0,0,29,0,0,0,0,0,22,0,88,0,0,0,0,0,0,0,0,0,0,0,2,0,26,0,0,0,0,0,0,0,0,0,0,0,0,0,130,0,0,0,0,0,0,0,0,0,0,0,0,0,15,0,33,0,0,0,0,0,0,0,0,0,0,0,0,0,48,0,0,0,11,1,0,0,5,0,0,0,17,25,6,0,13,0,2,0,10,0,24,6,0,0,0,0,0,0,0,0,0,0,0,0,0,0,0,0,0,0,0,0,0,0,0,0,0,0,0,0,0,0,293,36,15,0,46,34,98,0,34,0,16,0,0,0,0,0,0,0,10,0,0,0,0,0,4,0,0,0,0,0,0
0,131,0,20,100,167,0,36,0,28,2,187,226,50,34,64,0,13,319,144,21,82,0,43,0,0,202,0,0,0,0,12,1,0,3,43,0,26,0,2,71,15,37,96,23,140,22,44,0,40,46,109,0,0,0,20,0,2,0,0,0,0,0,67,0,0,0,0,0,1,0,0,0,0,0,0,0,0,0,0,0,40,0,0,0,60,0,0,0,0,0,0,0,0,0,17,0,0,0,0,0,0,0,0,0,0,0,0,0,0,0,0,0,0,0,0,0,0,0,0,0,23,0,0,0,0,0,0,0,0,0,0,0,1,0,68,0,72,0,24,0,0,0,65,0,0,0,0,0,16,0,0,0,0,0,4,0,0,0,0,0,0,0,0,0,16,0,2,0,21,0,0,0,0,0,0,4,44,2,0,0,0,0,4,0,0,0,14,0,0,0,0,0,0,0,0,0,0,0,0,0,0,0,0,0,0,0,0,0,23,0,2,0,0,0,0,0,0,3,393,0,0,0,57,6,141,0,155,2,38,0,0,0,0,1,0,0,11,0,1,0,0,0,0,0,0,0,0,0
31,5,138,0,0,0,69,0,21,1,0,0,0,0,0,0,455,0,0,0,56,0,52,0,80,6,3,0,0,1,48,0,4,0,65,0,52,0,4,0,0,0,16,0,0,0,0,0,0,0,39,0,2,0,0,0,0,0,0,0,1,0,33,0,0,0,0,0,0,0,9,0,0,0,7,0,0,0,0,0,34,0,0,0,29,0,15,0,0,0,0,0,0,0,0,0,30,0,15,0,0,0,0,0,0,0,0,0,0,0,0,0,0,0,0,0,0,0,0,0,25,0,38,0,0,1,0,0,6,0,0,0,0,0,0,0,14,0,56,0,79,0,44,0,21,0,1,0,0,0,0,0,0,0,5,0,4,0,2,0,0,0,1,0,0,0,0,0,0,0,1,0,1,0,0,0,3,0,0,0,0,0,12,0,0,0,0,0,0,0,0,0,0,0,0,0,0,0,0,0,0,0,0,0,0,0,0,0,0,0,0,0,0,0,0,0,0,0,0,0,0,0,0,0,0,0,43,0,3,0,0,0,0,0,0,0,1,0,0,0,0,0,0,0,0,0,0,0,0
6,178,0,108,0,13,0,84,4,0,0,18,0,0,0,5,6,195,0,0,0,84,17,103,0,54,0,0,1,0,0,39,0,5,0,77,0,39,0,8,0,0,0,22,0,0,0,0,0,0,0,27,0,0,0,16,0,0,0,0,0,1,0,95,0,0,0,0,0,0,0,0,0,2,0,0,0,0,0,0,0,0,0,0,0,12,0,1,0,0,0,0,0,0,0,0,0,0,0,4,0,0,0,0,0,0,0,0,0,0,0,0,0,0,0,0,0,0,0,0,0,0,0,0,0,0,0,0,0,0,1,0,0,5,0,43,0,36,0,86,0,26,0,38,0,28,0,0,0,0,0,0,0,0,0,31,0,13,0,14,0,1,0,0,0,0,1,0,0,0,0,0,0,0,0,0,0,13,0,0,0,0,0,0,0,0,0,0,0,0,0,0,0,0,0,0,0,0,0,0,0,0,0,0,0,0,0,0,0,10,0,0,0,0,0,0,0,0,0,0,0,0,0,0,0,0,0,79,0,0,0,0,0,0,0,0,0,0,0,0,0,0,0,0,0,0,0,0,0
10,0,113,0,93,11,0,0,0,0,16,15,3,1,42,31,138,0,0,4,87,0,40,10,4,1,6,0,48,0,0,0,4,2,57,2,41,0,3,0,0,0,14,0,0,0,0,0,0,0,34,0,5,0,1,0,0,0,0,0,2,0,38,0,0,0,0,0,0,0,21,0,0,0,5,0,0,0,0,0,33,0,0,0,11,0,21,0,8,0,11,0,0,0,10,0,25,0,24,0,10,0,0,0,0,0,0,0,0,0,0,0,0,0,0,0,0,0,0,0,19,0,24,0,0,0,0,0,1,0,0,0,0,0,10,0,0,0,28,0,37,0,22,0,18,0,0,0,0,0,4,0,0,0,0,0,5,0,0,0,0,0,3,0,4,0,33,0,0,0,0,0,2,0,0,0,9,0,1,1,0,0,0,0,0,0,0,0,0,0,0,0,0,0,0,0,0,0,0,0,0,0,0,0,0,0,0,0,0,0,0,0,0,0,0,0,0,0,0,0,31,0,0,0,6,0,110,7,31,0,16,0,6,0,0,0,0,0,5,1,0,0,10,0,13,0,0,0,0
0,0,0,17,7,78,0,1,0,0,0,17,1,0,9,133,0,27,5,21,10,65,1,73,0,5,0,12,0,39,0,0,0,10,0,34,0,5,0,1,0,0,0,7,0,3,0,0,0,0,0,10,0,3,0,6,0,0,0,0,0,0,0,34,0,0,0,0,0,0,0,0,0,0,0,2,0,0,0,0,0,10,0,0,0,30,0,0,0,0,0,0,0,0,0,0,0,0,0,0,0,0,0,2,0,0,0,0,0,0,0,0,0,0,0,0,0,0,0,0,0,16,0,0,0,0,0,0,0,0,0,0,0,0,0,31,0,38,0,35,0,33,0,72,0,17,0,0,0,0,0,0,0,0,0,0,0,1,0,0,0,0,0,0,0,2,0,5,0,0,0,0,0,0,0,0,0,0,1,0,0,0,0,0,0,0,0,0,0,0,0,0,0,0,0,0,0,0,0,0,0,0,0,0,0,0,0,0,0,0,0,0,0,0,0,0,0,0,0,0,0,9,0,0,0,4,0,99,0,7,0,8,0,0,0,0,0,0,0,0,0,0,0,0,0,0,0,0,0
54,5,193,4,90,7,0,0,2,0,27,0,3,0,0,13,163,0,4,0,38,1,26,15,7,0,6,1,4,0,4,0,0,0,62,0,45,0,0,1,0,0,3,0,0,0,0,0,0,0,13,0,1,0,0,0,1,0,0,0,6,0,9,0,1,0,0,0,0,0,0,0,0,0,0,0,0,0,0,0,0,0,0,0,0,0,0,0,0,0,0,0,0,0,0,0,0,0,0,0,0,0,0,0,0,0,0,0,0,0,0,0,0,0,0,0,0,0,0,0,0,0,2,0,0,0,0,0,0,0,0,0,0,0,0,0,0,0,27,0,31,0,4,0,29,0,0,0,2,0,0,0,0,0,1,0,10,0,1,0,0,0,0,0,0,0,11,0,0,0,0,0,4,0,0,0,6,0,0,0,1,0,0,0,1,0,0,0,0,0,0,0,0,0,0,0,0,0,0,0,0,0,0,0,0,0,0,0,0,0,0,0,0,0,0,0,0,0,0,0,20,0,0,0,0,0,147,5,14,0,3,0,0,0,0,0,0,0,3,0,0,0,0,0,6,0,0,0,0
9,152,13,87,0,130,0,30,1,1,0,98,0,0,11,52,7,74,0,3,7,33,25,83,0,16,0,0,0,5,2,10,0,0,0,48,0,36,0,0,1,0,0,11,0,4,0,0,0,0,0,12,0,0,0,9,0,0,0,0,0,3,1,25,0,0,0,0,0,0,0,0,0,0,0,0,0,0,0,0,0,6,0,0,0,0,0,5,0,0,0,0,0,0,0,0,0,0,0,0,0,1,0,0,0,0,0,0,0,0,0,0,0,0,0,0,0,0,0,0,0,10,0,0,0,0,0,0,0,0,0,0,0,4,0,37,0,35,0,19,0,0,0,18,0,14,0,0,0,0,0,0,0,0,0,7,0,12,0,4,0,0,0,0,0,1,0,4,0,0,0,2,0,9,0,0,1,41,0,31,0,0,0,24,0,0,0,0,0,0,0,0,0,0,0,0,0,0,0,0,0,0,0,0,0,0,0,0,0,0,0,0,0,0,0,0,0,0,0,0,0,15,0,0,0,4,0,296,0,20,0,0,0,7,0,0,0,1,0,2,0,0,0,2,0,0,0,0,0
1,0,0,0,64,19,0,0,0,0,7,0,21,5,103,6,20,0,51,25,80,4,7,0,0,0,11,3,65,0,57,0,62,0,0,0,49,0,3,0,0,2,14,0,2,1,0,0,0,0,26,1,0,0,0,0,0,0,1,1,1,0,0,0,0,0,0,0,0,0,40,0,0,0,24,0,0,0,10,0,58,0,0,0,0,0,49,0,0,0,18,0,6,0,0,0,41,0,46,0,0,0,0,0,0,0,0,0,0,0,0,0,0,0,0,0,0,0,0,0,43,0,43,0,0,0,0,0,0,0,0,0,0,0,0,0,0,0,20,0,43,0,33,0,42,0,0,0,0,0,0,0,0,0,0,0,3,0,0,0,0,0,0,0,0,0,7,0,0,0,0,0,0,0,0,0,8,0,0,0,0,0,0,0,0,0,0,0,0,0,0,0,0,0,0,0,0,0,0,0,0,0,0,0,0,0,0,0,0,0,0,0,0,0,0,0,0,0,0,0,23,0,3,0,12,0,67,0,12,0,0,0,0,0,1,0,0,0,0,0,0,0,0,0,0,0,0,0,0
0,0,0,3,20,83,0,0,0,0,0,19,7,19,18,62,0,0,17,110,14,42,0,4,0,0,0,43,0,77,2,34,0,48,0,0,0,59,0,9,1,0,0,10,0,11,0,0,0,0,6,9,0,1,0,7,0,0,0,0,0,3,0,26,0,0,0,0,0,0,0,0,0,0,0,0,0,0,0,0,0,15,0,0,0,29,0,0,0,0,0,0,0,0,0,0,0,0,0,4,0,0,0,0,0,0,0,0,0,0,0,0,0,0,0,0,0,0,0,0,0,16,0,0,0,0,0,0,0,0,0,0,0,0,0,27,0,35,0,38,0,43,0,100,0,23,0,0,0,0,0,0,0,0,0,2,0,2,0,0,0,0,0,0,0,6,0,24,0,6,0,0,0,4,0,0,0,43,0,0,0,0,0,0,0,0,0,3,0,0,0,0,0,0,0,0,0,0,0,0,0,0,0,0,0,0,0,0,0,0,0,1,0,0,0,0,0,0,0,17,0,21,0,0,0,51,0,97,0,20,0,0,0,0,0,0,0,16,0,3,0,0,0,0,0,14,0,0,0
58,8,93,1,135,8,3,2,3,0,33,0,9,4,111,25,19,0,20,8,31,0,23,7,6,3,33,0,52,0,41,0,45,0,49,0,0,0,10,0,0,0,59,0,45,0,3,0,1,0,142,0,2,0,0,0,0,0,3,0,10,0,48,1,0,0,2,0,0,0,57,0,0,0,21,0,0,0,0,0,50,0,0,0,31,0,49,0,0,0,15,0,0,0,0,0,22,0,31,0,8,0,0,0,0,0,0,0,0,0,0,0,0,0,0,0,0,0,0,0,38,0,31,0,0,0,0,0,0,0,0,0,0,0,0,0,24,0,122,0,151,0,47,0,152,0,0,0,0,0,0,0,0,0,2,0,26,0,7,0,2,0,5,0,29,0,25,0,25,0,17,0,37,0,0,0,13,4,6,0,0,0,4,0,6,0,0,0,0,0,0,0,0,0,0,0,0,0,0,0,0,0,0,0,0,0,0,0,0,0,0,0,0,0,2,0,0,0,0,0,54,0,0,0,29,0,154,0,45,0,10,0,0,0,0,0,0,0,6,0,0,0,0,0,0,0,0,0,0
4,150,9,31,0,114,16,29,8,0,3,88,5,14,19,53,9,9,5,71,6,20,31,20,18,19,0,26,0,39,0,5,0,36,0,59,0,0,0,15,0,2,0,65,0,12,0,0,0,2,0,42,0,0,0,8,0,0,0,0,0,36,0,22,0,0,0,0,0,0,0,6,0,0,0,2,0,0,0,3,0,12,0,0,0,0,0,6,0,0,0,0,0,0,0,0,0,4,0,1,0,0,0,0,0,0,0,0,0,0,0,0,0,0,0,0,0,0,0,0,0,15,0,0,0,0,0,0,0,0,0,0,0,0,0,26,0,46,0,120,0,95,0,95,0,130,0,0,0,0,0,0,0,0,0,14,0,116,0,20,0,0,0,1,0,3,0,24,0,6,0,13,0,28,0,0,1,100,1,11,0,0,1,38,0,0,0,4,0,0,0,0,0,0,0,0,0,0,0,0,0,0,0,0,0,0,0,0,0,5,0,0,0,0,0,0,0,0,0,4,0,41,0,1,0,40,1,258,0,74,0,10,0,23,0,0,0,10,0,1,1,0,0,1,0,9,0,0,0
140,19,246,4,9,0,130,0,91,1,1,0,0,0,0,0,161,7,0,0,0,0,49,0,74,26,0,0,4,0,3,0,0,0,3,0,10,0,0,1,0,0,0,0,0,0,0,0,0,0,3,0,1,0,0,1,2,0,0,0,11,2,11,1,0,0,0,0,0,0,0,0,0,0,0,0,0,0,0,0,0,0,0,0,0,0,0,0,0,0,0,0,0,0,0,0,0,0,1,0,0,0,0,0,0,0,0,0,0,0,0,0,0,0,0,0,0,0,0,0,0,0,2,0,0,0,0,0,0,0,0,0,0,0,0,0,0,0,44,0,23,0,0,0,42,0,0,0,0,0,0,0,0,0,0,0,18,0,1,0,0,0,1,0,0,0,0,0,0,0,0,0,26,0,7,0,18,0,0,0,0,0,34,3,0,0,0,0,0,0,0,0,0,0,0,0,0,0,0,0,0,0,0,0,0,0,0,0,0,0,0,0,0,0,14,0,0,0,2,0,56,0,0,0,7,0,193,0,10,0,9,0,21,0,2,0,0,0,10,0,6,0,11,0,41,0,0,0,0
24,289,19,84,0,11,27,161,22,44,0,21,0,0,0,0,28,134,0,0,0,11,58,25,40,35,0,2,0,8,0,1,1,0,0,9,0,15,1,0,0,0,0,6,0,0,0,0,0,0,0,7,0,0,0,13,0,0,0,0,0,26,0,43,0,0,0,0,0,0,0,0,0,0,0,0,0,0,0,0,0,0,0,0,0,0,0,0,0,0,0,0,0,0,0,0,0,1,0,0,0,0,0,0,0,0,0,0,0,0,0,0,0,0,0,0,0,0,0,0,0,1,0,1,0,0,0,0,0,0,0,0,0,0,0,8,0,0,0,21,0,0,0,0,0,11,0,0,0,0,0,0,0,0,0,11,0,10,0,3,0,0,0,0,0,0,0,1,0,0,0,0,0,18,0,0,0,76,0,5,0,0,0,50,0,0,0,0,0,0,0,0,0,0,0,0,0,0,0,0,0,0,0,0,0,0,0,0,0,0,0,0,0,0,0,0,0,0,0,0,0,0,0,4,0,0,0,236,0,0,1,1,0,0,0,0,0,0,0,5,0,0,0,0,0,13,0,0,0
28,2,26,0,42,8,11,0,25,0,36,7,143,119,39,7,0,0,13,13,0,6,7,0,0,0,58,71,0,0,0,0,0,1,0,1,0,0,0,0,0,283,17,6,24,31,15,48,129,4,8,0,0,0,0,0,0,0,0,0,0,0,0,0,5,0,0,0,0,0,0,0,0,0,0,0,0,0,0,0,0,0,0,0,0,0,0,0,0,0,0,0,0,0,0,0,0,0,2,0,0,0,0,0,0,0,5,0,0,0,0,0,0,0,0,0,0,0,0,0,0,0,1,0,0,0,0,0,0,0,0,0,0,0,0,0,0,0,0,0,0,0,0,0,0,0,13,0,20,0,27,0,16,0,0,0,4,0,0,0,0,0,0,0,18,0,0,0,0,0,0,0,0,0,0,0,39,76,43,0,22,0,5,0,11,0,58,3,0,0,0,0,0,0,0,0,1,0,0,0,0,0,0,0,0,0,0,0,0,0,0,0,0,0,3,0,0,0,266,24,0,0,75,79,26,2,2,0,6,0,0,0,0,0,0,0,0,0,0,0,0,0,0,0,0,0,0,0,0
0,58,2,0,18,45,0,17,1,0,1,175,142,196,4,0,0,0,119,19,2,1,0,0,0,0,142,15,0,0,0,0,0,0,2,0,0,2,0,0,283,0,13,6,121,21,50,18,14,111,4,4,0,0,0,0,0,0,0,0,0,0,0,0,0,0,0,0,0,0,0,0,0,0,0,0,0,0,0,0,0,0,0,0,0,0,0,2,0,0,0,0,0,0,0,0,0,0,0,0,0,0,0,0,0,0,0,0,0,0,0,0,0,0,0,0,0,0,0,0,0,0,0,0,0,0,0,0,0,0,0,0,0,0,0,2,0,1,0,0,0,0,0,0,0,0,0,0,0,0,0,0,0,0,0,0,0,0,0,0,0,0,0,0,0,12,0,0,0,8,0,0,0,0,0,2,2,139,0,5,0,4,0,1,0,2,12,27,0,0,0,0,0,0,0,0,0,0,0,0,0,3,0,0,0,0,0,0,0,0,0,0,0,0,0,0,0,0,62,194,0,0,5,231,0,9,0,3,0,0,0,0,0,0,0,0,0,0,0,0,0,0,0,0,0,0,0,0,0
0,2,11,0,24,0,0,0,0,0,7,2,48,27,23,0,0,0,137,21,74,7,0,0,0,0,158,37,16,0,14,0,3,0,14,0,59,0,0,0,17,13,0,3,105,4,23,3,5,0,20,0,0,0,0,0,4,0,1,0,1,0,12,0,1,0,0,0,0,0,19,0,0,0,6,0,4,0,0,0,16,0,0,0,14,0,20,0,0,0,12,0,0,0,0,0,0,0,0,0,2,0,4,0,0,0,0,0,0,0,0,0,0,0,0,0,0,0,0,0,23,0,0,0,0,0,0,0,0,0,0,0,0,0,0,0,0,0,0,0,0,0,0,0,0,0,0,0,0,0,0,0,0,0,0,0,0,0,1,0,0,0,0,0,44,0,22,0,16,0,15,0,15,0,0,0,8,0,7,0,2,0,2,0,0,0,6,1,0,0,0,0,0,0,0,0,0,0,0,0,0,0,0,0,0,0,0,0,0,0,0,0,0,0,3,0,0,0,128,0,9,0,19,0,73,0,21,0,27,0,0,0,1,0,0,0,6,0,0,0,0,0,1,0,7,0,0,0,0
0,5,0,0,0,21,0,0,0,1,0,10,5,67,6,4,0,0,23,97,0,22,0,2,0,0,3,96,0,22,0,7,0,11,0,10,0,65,0,6,6,6,3,0,0,27,0,1,0,6,0,12,0,0,0,0,0,0,0,0,0,4,0,0,0,0,0,0,0,0,0,3,0,0,0,0,0,0,0,0,0,0,0,0,0,18,0,11,0,0,0,0,0,0,0,0,0,0,0,3,0,0,0,0,0,0,0,0,0,0,0,0,0,0,0,0,0,0,0,0,0,19,0,11,0,0,0,0,0,0,0,0,0,0,0,15,0,15,0,29,0,30,0,49,0,21,0,0,0,0,0,0,0,0,0,5,0,1,0,3,0,0,0,0,0,4,0,11,0,3,0,0,0,3,0,0,1,25,1,0,0,0,0,0,0,0,0,27,0,0,0,0,0,0,0,0,0,0,0,0,0,0,0,0,0,0,0,0,0,0,0,0,0,0,0,0,0,1,0,70,0,9,0,10,0,52,0,53,0,14,0,13,0,8,0,0,0,4,0,4,0,0,0,0,0,5,0,0,0
0,0,0,0,9,2,0,0,0,0,0,1,72,25,16,0,8,0,49,4,23,2,0,0,1,0,116,23,0,0,0,0,0,0,2,0,45,0,0,0,24,121,105,0,0,16,23,19,32,3,59,0,0,0,1,0,5,0,0,0,0,0,13,0,1,0,0,0,0,0,17,0,2,0,4,0,6,0,5,0,16,0,0,0,0,0,0,0,0,0,0,0,0,0,0,0,22,0,0,0,0,0,3,0,0,0,9,0,0,0,0,0,0,0,0,0,0,0,0,0,13,0,0,0,0,0,0,0,0,0,0,0,0,0,0,0,0,0,0,0,0,0,0,0,9,0,0,0,0,0,5,0,6,0,0,0,0,0,0,0,1,0,0,0,97,0,13,0,24,0,5,0,4,0,0,0,9,26,15,0,0,0,2,0,1,0,3,0,2,0,0,0,0,0,1,0,0,0,0,0,0,0,0,0,0,0,0,0,0,0,0,0,0,0,0,0,0,0,172,18,13,0,51,40,84,0,8,1,21,0,0,0,0,0,2,0,0,0,1,0,0,0,0,0,2,0,0,0,0
0,8,0,0,0,13,0,0,0,0,0,32,40,48,3,18,0,0,39,68,0,35,0,4,0,0,23,140,0,0,0,3,0,4,1,11,0,12,0,0,31,21,4,27,16,0,9,9,3,55,0,45,0,0,0,0,0,0,0,2,0,0,0,16,0,0,0,0,0,0,0,2,0,0,0,5,0,7,0,0,0,29,0,0,0,49,0,20,0,2,0,0,0,0,0,11,0,0,0,0,0,0,0,0,0,5,0,2,0,0,0,0,0,0,0,0,0,0,0,0,0,33,0,0,0,0,0,0,0,0,0,0,0,0,0,0,0,0,0,0,0,18,0,43,0,30,0,0,0,0,0,0,0,0,0,4,0,0,0,0,0,9,0,4,0,20,0,3,0,31,0,7,0,8,0,0,0,40,0,5,0,0,0,0,0,0,0,44,0,5,0,0,0,0,0,0,0,0,0,0,0,0,0,0,0,9,0,0,0,0,0,1,0,0,0,0,0,4,12,330,0,28,0,261,0,70,0,35,0,72,0,0,0,13,0,7,0,0,0,2,0,0,0,1,0,5,0,0,0
8,0,12,0,22,0,0,0,5,0,12,0,33,35,29,2,3,0,14,5,0,0,5,0,0,0,11,22,0,0,0,0,0,0,0,0,3,0,0,0,15,50,23,0,23,9,0,7,7,1,0,0,0,0,0,0,0,0,0,0,0,0,12,0,0,0,0,0,0,0,0,0,0,0,0,0,0,0,0,0,0,0,0,0,5,0,0,0,0,0,4,0,0,0,0,0,14,0,0,0,0,0,0,0,0,0,0,0,0,0,0,0,0,0,0,0,0,0,0,0,0,0,0,0,0,0,0,0,0,0,0,0,0,0,26,0,0,0,0,0,0,0,10,0,0,0,0,0,7,0,12,0,0,0,0,0,6,0,0,0,0,0,0,0,20,0,0,0,0,0,0,0,0,0,0,0,6,13,3,0,6,0,2,0,6,0,1,1,0,0,0,0,0,0,0,0,0,0,0,0,0,0,0,0,0,0,0,0,0,0,0,0,0,0,0,0,0,0,88,9,3,0,15,14,21,0,5,0,2,0,0,0,0,0,0,0,0,0,0,0,0,0,0,0,0,0,0,0,0
0,13,0,0,0,25,0,0,0,0,0,58,32,30,0,0,0,0,23,24,2,0,0,0,0,0,28,44,0,0,0,0,0,0,0,0,0,0,0,0,48,18,3,1,19,9,7,0,0,8,0,2,0,0,0,0,0,0,0,0,0,0,0,0,0,0,0,0,0,0,0,0,0,0,0,0,0,0,0,0,0,0,0,0,0,0,0,0,0,0,0,0,0,0,0,0,0,0,0,1,0,0,0,0,0,0,0,0,0,0,0,0,0,0,0,0,0,0,0,0,0,0,0,0,0,0,0,0,0,0,0,0,0,0,0,0,0,0,0,0,0,0,0,0,0,0,0,0,0,1,0,0,0,0,0,0,0,0,0,0,0,1,0,0,0,1,0,0,0,3,0,0,0,0,0,0,0,16,0,0,0,0,0,0,0,0,2,0,0,0,0,0,0,0,0,0,0,0,0,0,0,0,0,0,0,0,0,0,0,0,0,0,0,0,0,0,0,0,8,160,0,0,4,90,0,0,0,0,0,0,0,0,0,0,0,0,0,0,0,0,0,0,0,1,0,0,0,0,0
1,0,0,0,0,0,1,0,4,0,1,2,61,0,4,0,0,0,2,0,1,1,0,0,1,0,37,0,0,0,0,0,0,0,0,0,1,0,0,0,129,14,5,0,32,3,7,0,0,3,0,0,1,0,0,0,1,0,0,0,0,0,1,0,2,0,0,0,0,0,0,0,0,0,0,0,0,0,1,0,1,0,0,0,1,0,1,0,1,0,0,0,0,0,1,0,1,0,0,0,0,0,0,0,2,0,0,0,0,0,0,0,0,0,0,0,0,0,1,0,0,0,0,0,0,0,0,0,0,0,2,0,1,0,2,0,0,0,0,0,0,0,0,0,0,0,0,0,0,0,3,0,5,0,1,0,0,0,0,0,4,0,0,0,5,0,1,0,10,0,0,0,0,0,3,0,6,3,30,0,0,0,0,0,2,0,44,0,0,0,0,0,4,0,0,0,0,0,0,0,1,0,0,0,0,0,0,0,1,0,1,0,0,0,0,0,0,0,48,0,11,1,24,27,11,0,2,0,5,0,0,0,0,0,0,0,0,0,3,0,0,0,0,0,5,0,0,0,0
0,0,0,0,2,3,0,0,0,1,0,11,2,21,0,2,0,0,2,11,0,10,0,0,0,0,3,40,0,0,0,0,0,0,0,0,0,2,0,0,4,111,0,6,3,55,1,8,3,0,0,2,0,0,0,0,0,0,0,0,0,0,0,1,0,0,0,1,0,3,0,0,0,0,0,0,0,3,0,0,0,3,0,1,0,2,0,3,0,2,0,0,0,0,0,3,0,0,0,0,0,0,0,1,0,2,0,0,0,0,0,0,0,0,0,0,0,0,0,0,0,0,0,0,0,0,0,0,0,0,0,0,0,0,0,0,0,0,0,0,0,0,0,1,0,0,0,1,0,0,0,1,0,0,0,0,0,0,0,0,0,0,0,0,0,3,0,0,0,6,0,0,0,1,0,1,0,36,0,8,0,2,0,0,0,0,0,27,0,0,0,0,0,0,0,0,0,0,0,0,0,0,0,0,0,1,0,0,0,1,0,0,0,0,0,0,0,2,8,16,0,5,0,40,0,3,0,2,0,5,0,0,0,1,0,1,0,0,0,4,0,1,0,0,0,0,0,0,0
0,0,0,0,145,27,0,0,2,0,17,0,64,40,155,10,15,0,280,69,202,14,8,0,6,0,87,46,39,0,34,0,13,0,26,6,142,0,3,0,8,4,20,0,59,0,0,0,0,0,0,4,0,0,0,0,0,0,7,0,1,0,11,0,0,0,0,0,0,0,53,0,0,0,14,0,0,0,0,0,55,0,0,0,20,0,41,0,0,0,0,0,0,0,0,0,39,0,29,0,0,0,0,0,4,0,0,0,0,0,0,0,0,0,0,0,0,0,0,0,32,0,23,0,0,0,0,0,0,0,0,0,0,0,0,0,0,0,28,0,38,0,0,0,46,0,0,0,0,0,0,0,0,0,2,0,0,0,1,0,0,0,0,0,53,0,57,0,17,0,33,0,18,0,1,1,10,10,20,0,1,0,0,0,0,0,8,0,0,0,0,0,0,0,0,0,0,0,0,0,0,0,0,0,0,0,2,0,0,0,0,0,0,0,5,0,0,0,28,0,46,0,9,0,89,0,75,0,38,0,16,0,8,0,10,0,10,2,4,0,0,0,7,0,18,0,0,0,0
0,0,0,0,11,50,0,0,0,0,0,2,27,60,6,19,0,0,31,114,0,23,0,0,0,0,18,109,0,27,0,10,0,12,1,9,0,42,0,7,0,4,0,12,0,45,0,2,0,2,4,0,0,0,0,5,0,4,1,0,0,3,0,8,0,0,0,4,0,0,0,10,0,0,0,6,0,0,0,5,0,25,0,0,0,44,0,19,0,4,0,3,0,0,0,8,0,6,0,10,0,1,0,0,0,0,0,0,0,0,0,0,0,0,0,0,0,0,0,0,0,40,0,19,0,0,0,2,0,0,0,0,0,0,0,12,0,21,0,22,0,27,0,64,0,49,0,0,0,0,0,0,0,0,0,0,0,3,0,0,0,5,0,7,0,1,0,13,0,22,1,6,0,17,0,0,0,25,0,0,0,0,0,0,0,0,0,33,0,0,0,0,0,0,0,0,0,0,0,0,0,0,0,0,0,0,0,0,0,0,0,0,0,0,0,0,0,0,0,24,0,24,0,8,0,36,2,21,0,22,0,7,0,18,0,10,0,8,0,2,0,0,0,0,0,0,0,0,0
4,0,0,0,0,0,26,10,13,74,1,0,3,0,0,0,29,0,6,0,33,0,15,1,21,2,0,0,2,0,5,0,1,0,0,0,2,0,1,0,0,0,0,0,0,0,0,0,1,0,0,0,0,44,60,80,53,22,9,37,12,8,35,18,0,0,7,129,0,0,0,0,0,0,0,0,0,0,0,0,10,0,0,0,70,0,8,0,6,0,32,0,0,0,0,0,111,0,6,0,8,0,4,0,10,0,42,0,0,0,0,0,0,0,0,0,0,0,0,0,1,0,19,0,0,0,0,0,51,0,4,0,1,0,33,1,58,0,281,0,71,0,135,0,39,0,0,0,0,0,0,0,0,0,223,22,77,5,116,0,10,0,1,0,0,0,0,0,0,0,31,0,0,0,1,1,4,2,0,0,0,0,0,0,2,13,0,0,0,0,0,0,0,0,0,0,0,0,0,0,46,0,0,0,0,0,0,0,0,0,3,0,4,0,64,0,2,0,0,0,75,0,11,1,15,0,805,0,67,0,2,0,52,1,9,0,0,0,41,0,13,0,11,0,52,0,0,0,0
3,7,0,0,0,0,0,14,70,16,0,2,0,0,0,0,0,0,0,3,0,8,0,14,3,5,0,0,0,0,0,3,0,0,0,1,0,0,0,0,0,0,0,0,0,0,0,0,0,0,0,0,44,0,87,85,16,70,70,16,0,20,13,32,3,0,29,8,0,0,0,0,0,0,0,0,0,0,0,0,0,0,0,0,0,24,0,4,0,0,0,0,0,0,0,5,0,13,0,2,0,0,0,0,0,0,0,11,0,0,0,0,0,0,0,0,0,0,0,0,0,1,0,0,0,0,0,27,0,88,0,8,0,33,0,113,0,129,0,134,0,14,0,47,0,4,0,0,0,0,0,0,0,0,3,120,0,21,0,71,0,13,0,0,0,0,0,0,0,2,0,2,0,0,0,0,3,5,0,0,0,0,0,1,0,4,0,0,0,0,0,0,0,0,0,0,0,0,0,0,0,0,0,0,0,0,0,0,0,4,0,0,0,0,0,12,0,0,0,0,0,17,0,5,0,0,2,183,2,20,0,0,0,14,1,0,0,2,0,3,0,0,0,0,0,20,0,0,0
10,0,24,0,0,1,177,59,128,251,0,0,11,0,33,0,6,0,27,0,0,0,120,0,55,13,29,0,0,0,1,0,0,0,0,0,0,0,0,0,0,0,0,0,1,0,0,0,0,0,0,0,60,87,0,152,36,23,33,36,34,15,14,59,4,0,32,129,0,0,0,0,0,0,0,0,0,0,0,0,0,0,0,0,19,0,0,0,0,0,0,0,0,0,0,0,18,0,0,0,0,0,0,0,0,0,11,0,0,0,0,0,0,0,0,0,0,0,0,0,0,0,0,0,7,0,0,0,88,0,63,0,27,0,103,0,134,0,60,0,7,0,84,0,0,0,0,0,7,0,0,0,0,0,39,26,17,11,23,0,38,0,0,0,0,0,0,0,11,0,88,0,24,0,0,0,2,17,1,0,0,0,0,0,2,12,0,0,0,0,0,0,0,0,0,0,0,0,2,0,28,0,0,0,0,0,0,0,27,0,0,0,4,0,229,2,0,0,4,0,173,1,34,0,27,1,173,1,123,5,5,0,109,3,16,0,0,0,62,0,11,0,22,0,157,3,0,0,0
4,68,0,52,0,20,68,233,297,35,1,8,0,0,0,89,11,0,1,84,2,22,0,27,27,95,0,20,0,16,0,6,0,9,0,7,0,8,1,13,0,0,0,0,0,0,0,0,0,0,0,5,80,85,152,0,12,95,113,37,14,40,52,32,0,6,97,10,0,0,0,0,0,0,0,0,0,0,0,0,0,0,0,0,0,0,0,0,0,0,0,3,0,0,0,0,0,4,0,0,0,0,0,0,0,0,0,0,0,0,0,0,0,0,0,0,0,0,0,0,0,0,0,0,0,8,0,13,0,47,0,10,0,30,0,89,0,153,0,55,0,0,0,20,5,0,0,0,0,0,0,0,0,0,10,192,0,13,3,34,0,34,0,0,0,1,0,0,0,11,3,16,0,16,0,0,16,8,0,0,0,0,0,3,5,0,0,0,0,0,0,0,0,0,0,0,0,0,0,6,0,0,0,0,0,0,0,0,0,41,0,7,0,4,6,101,0,0,0,8,6,158,0,44,0,27,0,155,22,207,0,4,0,109,0,39,0,8,6,20,2,2,0,10,6,109,0,0,0
2,0,5,0,4,0,18,0,25,7,0,0,2,0,0,0,0,0,0,0,0,0,0,0,0,0,0,0,0,0,0,0,1,0,0,0,0,0,2,0,0,0,4,0,5,0,0,0,1,0,0,0,53,16,36,12,0,7,81,24,13,0,1,0,6,19,19,96,0,0,0,0,0,0,0,0,0,0,0,0,0,0,0,0,0,0,0,0,0,0,0,0,0,0,0,0,0,0,0,1,0,0,0,0,0,0,0,0,0,0,0,0,0,0,0,0,0,0,0,0,0,1,0,0,0,0,0,0,78,0,46,0,2,0,19,0,40,0,39,4,0,0,18,0,45,14,0,0,17,0,0,0,0,0,131,60,84,0,68,20,36,0,0,0,4,0,1,0,3,0,41,0,6,0,3,7,0,0,0,0,0,0,0,0,19,23,0,0,0,0,0,0,0,0,0,0,0,0,0,0,5,0,0,0,0,0,0,0,4,0,23,0,9,0,246,0,0,0,13,0,206,0,67,0,44,0,132,3,312,0,0,0,247,1,248,1,7,0,93,0,8,0,22,0,237,0,0,0,0
0,10,0,2,0,0,0,13,20,12,0,0,0,0,0,7,0,5,0,4,0,0,0,0,0,10,0,2,0,0,0,0,0,0,0,0,0,0,0,0,0,0,0,0,0,0,0,0,0,0,0,4,22,70,23,95,7,0,43,67,0,8,0,5,0,31,29,26,0,0,0,0,0,0,0,0,0,0,0,0,0,0,0,0,0,0,0,0,0,0,0,0,0,0,0,0,0,0,0,0,0,0,0,0,0,0,0,6,0,0,0,0,0,0,0,0,0,0,0,0,0,0,0,0,0,13,0,21,0,52,0,54,0,20,0,45,0,81,0,29,0,2,0,9,0,0,0,2,0,7,0,6,0,0,11,274,5,29,2,89,0,78,0,3,0,0,0,2,0,7,0,42,0,0,0,0,2,0,0,0,0,0,0,0,0,0,0,0,0,0,0,0,0,0,0,0,0,0,0,0,0,14,0,0,0,0,0,0,0,24,0,7,0,10,0,112,0,0,0,10,0,162,0,49,0,14,0,47,0,344,0,4,0,83,0,125,0,5,0,21,0,3,0,2,0,83,0,0,0
0,0,0,0,0,0,0,10,17,55,0,0,0,0,0,0,0,0,3,0,0,0,0,0,0,1,0,0,0,0,0,0,0,0,1,0,3,0,0,0,0,0,1,0,0,0,0,0,0,0,7,1,9,70,33,113,81,43,0,82,7,6,0,3,72,29,157,329,0,0,0,0,1,0,0,0,0,0,0,0,0,1,0,0,0,0,0,0,0,0,0,0,0,0,0,0,0,0,0,0,0,0,0,0,0,0,0,0,0,0,0,0,0,0,0,0,0,0,0,0,0,0,0,0,1,0,9,0,3,1,8,4,0,0,3,0,0,0,0,8,0,0,0,0,24,15,1,0,63,0,0,0,0,0,26,96,74,17,0,23,24,20,0,0,0,0,4,0,0,0,13,0,0,0,8,0,55,7,0,0,16,11,0,0,17,71,0,0,0,0,0,0,0,0,0,0,0,0,0,0,0,0,0,0,0,0,0,0,2,0,0,0,0,0,113,0,0,0,0,0,115,0,24,0,11,0,193,1,76,1,4,0,156,0,152,0,6,0,47,0,11,0,12,0,176,0,0,0,0
0,2,0,6,0,0,0,6,71,2,0,0,0,0,0,7,0,0,0,0,0,0,0,0,0,12,0,0,0,0,0,0,0,0,1,0,0,0,0,0,0,0,0,0,0,2,0,0,0,0,0,0,37,16,36,37,24,67,82,0,0,43,7,6,0,155,90,26,0,0,0,0,0,0,0,0,0,0,0,0,0,0,0,0,0,0,0,0,0,0,0,0,0,0,0,0,0,0,0,0,0,0,0,0,0,0,0,0,0,0,0,0,0,0,0,0,0,0,0,0,0,0,0,0,0,9,0,8,0,3,0,31,0,4,0,0,0,3,0,9,0,1,0,0,9,6,0,0,0,5,0,0,0,0,40,72,9,124,0,14,0,31,0,0,0,2,0,0,0,4,1,20,0,10,0,0,8,5,0,0,0,13,0,0,0,40,0,0,0,0,0,0,0,0,0,0,0,0,0,0,0,0,0,0,0,0,0,0,0,13,0,18,0,13,0,227,0,0,0,13,1,237,0,77,0,35,0,111,0,364,0,14,0,188,0,285,0,6,0,92,0,10,2,24,0,285,0,0,0
10,0,0,0,2,0,86,0,66,9,0,0,3,0,0,0,9,0,0,0,0,0,0,0,15,3,4,0,1,0,2,0,6,0,1,0,10,0,11,0,0,0,1,0,0,0,0,0,0,0,1,0,12,0,34,14,13,0,7,0,0,0,56,3,0,0,12,0,0,0,1,0,1,0,3,0,0,0,0,0,0,0,0,0,0,0,0,0,0,0,0,0,0,0,0,0,0,0,1,0,0,0,0,0,0,0,0,0,0,0,0,0,0,0,0,0,0,0,0,0,2,0,0,0,0,1,0,0,0,0,0,0,0,0,1,0,5,0,65,0,43,0,0,0,175,0,0,0,0,0,0,0,0,0,8,0,58,0,12,0,1,0,0,0,0,0,0,0,1,0,84,0,56,0,0,0,40,6,0,0,0,0,0,0,4,0,0,0,0,0,0,0,0,0,0,0,0,0,0,0,0,0,0,0,0,0,0,0,0,0,4,0,0,0,48,0,0,0,1,0,43,0,8,0,6,0,256,0,11,0,6,0,28,0,0,0,0,0,56,0,22,0,29,0,68,0,0,0,0
6,27,0,0,0,8,18,88,9,96,0,9,0,0,0,2,8,2,0,3,0,9,0,0,17,9,0,0,0,1,0,0,0,3,0,3,0,36,2,26,0,0,0,4,0,0,0,0,0,0,0,3,8,20,15,40,0,8,6,43,0,0,0,22,0,2,5,15,0,0,0,4,0,30,0,3,0,0,0,0,0,2,0,0,0,1,0,0,0,0,0,0,0,0,0,0,0,2,0,3,0,0,0,0,0,0,0,0,0,0,0,0,0,0,0,0,0,0,0,0,0,21,0,0,0,0,0,1,0,0,0,0,0,0,0,0,0,4,0,102,0,19,0,15,0,127,0,0,0,0,0,0,0,0,0,78,0,155,0,51,0,0,0,8,0,0,0,0,0,7,0,41,0,28,0,1,0,56,0,0,0,0,0,10,0,7,0,0,0,0,0,0,0,0,0,0,0,0,0,0,0,0,0,0,0,0,0,0,0,0,0,0,0,2,0,22,0,0,0,5,0,37,0,15,0,10,0,244,0,83,0,6,0,32,0,16,0,2,0,11,0,6,0,6,0,48,0,0,0
5,5,10,0,0,0,221,42,55,111,0,0,0,0,15,0,320,0,65,0,199,0,58,0,69,34,77,0,33,0,38,0,9,1,0,0,48,0,11,0,0,0,12,0,13,0,12,0,1,0,11,0,35,13,14,52,1,0,0,7,56,0,0,44,0,0,0,0,0,0,6,0,0,0,4,0,0,0,0,0,0,0,0,0,67,0,0,0,0,0,0,0,2,0,0,0,48,0,0,0,0,0,0,0,0,0,10,0,0,0,0,0,0,0,0,0,0,0,0,0,21,0,47,0,0,0,0,0,0,0,1,0,0,0,10,0,45,0,221,0,107,0,77,0,68,0,0,0,0,0,0,0,0,0,72,4,55,1,54,0,2,0,3,0,0,0,0,0,4,0,11,0,20,0,0,0,16,6,0,0,0,0,0,0,0,0,0,0,0,0,0,0,0,0,0,0,0,0,0,0,7,0,0,0,0,0,0,0,7,0,0,0,0,0,20,0,0,0,0,0,11,0,1,0,0,0,643,0,17,2,3,1,10,0,0,0,0,0,20,0,8,0,12,1,37,0,0,0,0
0,34,0,3,0,3,104,113,186,98,0,16,0,0,0,35,30,127,0,62,0,268,7,168,98,35,0,67,0,95,0,34,0,25,0,26,1,22,1,43,0,0,0,0,0,16,0,0,0,1,0,8,18,32,59,32,0,5,3,6,3,22,44,0,0,0,7,3,0,0,0,0,0,0,0,0,0,0,1,0,0,8,0,0,0,9,0,0,0,0,0,0,0,0,0,0,0,12,0,0,0,1,0,0,0,0,0,6,0,0,0,0,0,0,0,0,0,0,0,0,0,0,0,1,0,0,0,12,0,17,0,0,0,16,0,42,0,45,0,76,0,11,0,38,0,11,0,0,0,0,0,0,0,0,0,87,0,42,0,36,0,2,0,0,0,0,0,0,0,0,0,2,0,7,0,1,3,86,0,0,0,0,0,16,0,0,0,0,0,0,0,0,0,0,0,0,0,0,0,0,0,0,0,0,0,0,0,0,0,4,0,0,0,1,0,20,0,0,0,0,0,37,0,7,0,0,4,322,4,32,0,3,5,29,0,0,0,1,0,11,0,0,0,6,0,30,0,0,0
15,0,7,0,5,0,7,0,42,0,0,0,0,0,19,0,0,0,3,0,0,0,6,0,0,0,2,0,0,0,0,0,1,0,0,0,0,0,0,0,5,0,1,0,1,0,0,0,2,0,0,0,0,3,4,0,6,0,72,0,0,0,0,0,0,19,43,0,0,0,0,0,0,0,1,0,0,0,0,0,0,0,0,0,0,0,0,0,0,0,0,0,0,0,0,0,0,0,0,0,0,0,0,0,0,0,0,0,0,0,0,0,0,0,0,0,0,0,0,0,0,0,0,0,11,1,11,0,1,9,8,26,0,0,0,0,0,0,3,28,1,5,0,4,31,16,16,0,42,0,2,0,3,0,0,6,0,0,0,13,30,34,3,0,0,0,0,0,0,0,0,0,0,0,23,38,1,0,0,0,25,20,0,0,24,1,0,0,0,0,0,0,0,0,0,0,0,0,1,0,0,0,0,0,0,0,0,0,0,0,0,0,0,0,0,0,0,0,0,0,0,0,0,0,0,0,7,0,29,0,0,0,0,0,51,0,0,0,23,0,1,0,6,0,10,0,0,0,0
0,62,0,0,0,0,0,18,0,247,0,4,0,0,0,6,0,0,0,19,0,0,0,0,1,0,0,0,0,0,0,0,0,0,0,0,0,0,0,0,0,0,0,0,0,0,0,0,0,0,0,0,0,0,0,6,19,31,29,155,0,2,0,0,19,0,18,270,0,0,0,15,0,0,0,0,0,0,0,0,0,1,0,0,0,0,0,0,0,0,0,0,0,0,0,0,0,2,0,2,0,0,0,0,0,0,0,0,0,0,0,0,0,0,0,0,0,0,0,0,0,0,0,9,0,17,0,17,11,0,19,32,0,0,0,1,0,4,35,25,0,10,0,7,54,64,0,10,17,196,0,55,0,3,35,2,5,0,36,3,63,88,0,0,0,0,0,0,0,0,0,0,0,0,10,54,0,0,0,0,6,90,0,38,5,85,0,0,0,0,0,8,0,9,0,0,0,5,0,17,0,0,0,3,0,0,0,17,1,58,0,0,0,0,0,20,0,0,0,0,0,0,0,0,0,1,0,22,0,0,0,0,0,12,0,84,0,0,0,11,0,1,0,0,0,37,0,0,0
9,0,0,0,1,0,19,32,72,73,2,0,0,0,4,0,0,1,0,0,0,0,0,0,0,9,0,0,0,0,0,0,0,0,0,0,2,0,0,0,0,0,0,0,0,0,0,0,0,0,0,0,7,29,32,97,19,29,157,90,12,5,0,7,43,18,0,123,0,0,0,0,0,0,0,0,0,0,0,0,0,0,0,0,0,0,0,0,0,0,0,0,0,0,0,0,0,0,0,0,0,0,0,0,0,0,0,0,0,0,0,0,0,0,0,0,0,0,0,0,0,0,0,0,6,0,1,0,0,0,6,3,2,0,8,0,0,0,0,7,0,0,0,0,11,19,6,0,76,0,13,0,3,0,0,50,15,1,0,21,12,41,1,0,0,0,2,0,0,0,0,0,0,0,10,13,138,12,0,0,31,26,1,0,51,39,0,0,0,0,0,0,0,0,0,0,0,0,0,0,0,0,0,0,0,0,2,0,4,0,0,0,0,0,19,0,0,0,2,0,22,0,0,0,0,0,34,0,26,0,2,0,32,0,41,0,0,0,14,0,0,0,3,0,38,0,0,0,0
0,21,0,0,0,1,0,17,82,125,0,0,0,0,0,0,0,0,0,0,1,0,0,0,0,0,0,0,0,0,0,0,0,0,0,0,0,0,0,0,0,0,0,0,0,0,0,0,0,1,0,4,129,8,129,10,96,26,329,26,0,15,0,3,0,270,123,0,0,0,0,0,0,0,0,0,0,0,0,0,0,0,0,0,0,0,0,0,0,0,0,0,0,0,0,0,0,0,0,0,0,0,0,0,0,0,0,0,0,0,0,0,0,0,0,0,0,0,0,0,0,0,0,0,0,7,0,2,0,0,0,17,0,0,0,2,0,1,0,2,0,0,0,0,9,8,0,0,0,14,0,5,0,0,67,41,26,59,11,15,0,32,0,2,0,0,0,0,0,2,0,6,0,0,0,10,18,68,0,0,0,52,0,2,7,455,0,0,0,0,0,0,0,0,0,0,0,0,0,0,0,0,0,0,0,0,0,0,0,9,0,12,0,14,0,126,0,0,0,5,0,111,1,37,1,8,2,78,0,157,0,0,0,95,0,232,0,3,0,46,0,4,0,10,0,127,0,0,0
0,0,0,0,0,0,0,0,0,0,0,0,0,0,0,0,0,0,0,0,0,0,0,0,0,0,0,0,0,0,0,0,0,0,0,0,0,0,0,0,0,0,0,0,0,0,0,0,0,0,0,0,0,0,0,0,0,0,0,0,0,0,0,0,0,0,0,0,0,0,0,0,0,0,0,0,31,0,8,0,2,0,12,0,4,0,0,0,27,0,0,0,25,0,4,0,3,0,0,0,3,0,101,0,23,0,13,1,1,0,0,0,0,0,0,0,0,0,0,0,0,0,0,0,0,0,0,0,0,0,0,0,0,0,0,0,0,1,0,0,0,0,0,0,0,0,0,0,1,0,0,0,0,0,0,0,0,0,0,0,0,0,1,0,4,0,0,0,43,0,0,0,0,0,0,0,0,0,0,0,0,0,0,0,0,0,0,0,0,0,0,0,0,0,2,0,1,0,2,0,0,0,0,0,4,0,0,0,0,0,0,0,151,0,128,0,62,0,1,0,0,0,41,0,14,0,0,0,12,0,0,0,0,0,0,0,0,0,0,0,0,0,0,0,0,0,0,0,0
0,1,0,0,0,0,0,0,0,0,0,0,0,0,0,0,0,0,0,0,0,0,0,0,0,0,0,1,0,0,0,0,0,0,0,0,0,0,0,0,0,0,0,0,0,0,0,0,0,3,0,0,0,0,0,0,0,0,0,0,0,0,0,0,0,0,0,0,0,0,0,0,0,0,0,0,0,13,0,0,0,9,0,0,0,0,0,0,0,9,0,0,0,0,0,9,0,0,0,4,0,3,0,25,0,0,0,6,0,2,0,2,0,0,0,4,0,0,0,0,0,0,0,0,0,0,0,0,0,0,0,0,0,0,0,0,0,0,0,0,0,0,0,0,0,0,0,0,0,0,0,0,0,1,0,0,0,0,0,0,0,0,0,0,0,24,0,0,0,54,0,3,0,0,0,0,0,1,0,0,0,0,0,0,0,0,0,0,0,7,0,2,0,0,0,8,0,0,0,0,0,0,0,6,0,0,0,0,0,0,0,2,0,77,0,28,0,53,0,4,0,5,0,72,0,8,0,0,0,131,0,0,0,0,0,2,0,0,0,7,0,2,0,0,0,2,0,0,0
0,0,0,0,0,0,0,0,0,0,0,0,0,0,0,0,0,0,0,0,74,0,0,0,0,0,0,0,9,0,21,0,0,0,40,0,57,0,0,0,0,0,19,0,17,0,0,0,0,0,53,0,0,0,0,0,0,0,0,0,1,0,6,0,0,0,0,0,0,0,0,0,143,0,162,0,14,0,68,0,0,0,0,0,0,0,17,1,0,0,0,0,0,0,0,0,0,0,0,0,0,0,0,0,0,0,0,0,0,0,0,0,0,0,0,0,0,0,0,0,78,0,35,0,1,0,2,0,2,8,5,3,1,0,29,0,8,0,2,4,37,0,58,0,99,1,6,4,8,5,9,0,13,3,0,0,7,0,0,0,0,0,66,0,0,0,6,0,21,1,30,0,59,0,7,5,0,0,0,0,11,0,0,0,4,0,0,0,0,0,0,0,0,0,0,0,0,0,6,0,3,0,0,0,0,0,19,0,15,0,0,0,0,0,1,0,0,0,0,0,2,0,2,0,0,0,0,0,30,0,0,0,0,0,0,0,0,0,9,0,0,0,0,0,0,0,0,0,0
0,0,0,0,0,0,0,0,0,0,0,0,0,0,0,0,1,0,0,0,0,7,0,0,0,0,0,0,0,0,0,0,0,0,0,0,0,6,0,0,0,0,0,3,0,2,0,0,0,0,0,10,0,0,0,0,0,0,0,0,0,4,0,0,0,15,0,0,0,0,0,0,0,163,0,114,0,16,0,104,0,0,0,5,0,9,0,40,0,0,0,0,0,0,0,0,0,0,0,0,0,0,0,0,0,0,0,0,0,0,0,0,0,0,0,0,0,0,0,0,0,7,0,169,0,46,0,25,0,0,0,7,0,0,0,39,0,0,0,7,2,28,0,74,0,139,0,32,0,22,0,20,0,0,0,0,0,9,2,0,3,0,0,66,0,0,0,0,0,8,0,19,0,16,7,41,0,0,0,0,5,0,0,0,0,14,0,0,0,0,0,0,0,0,0,0,0,0,0,10,0,0,0,0,0,0,0,26,0,22,0,0,0,0,1,0,0,0,0,0,0,0,0,0,0,0,0,20,0,42,0,0,0,0,0,8,0,0,0,14,0,3,0,0,0,0,0,0,0
