0,294,30,0,51,4,15,223,122,72,163,0,78,0,19,0,2,87,14,0,0,0,4,51,5,356,40,0,58,0,13,0,0,0,0,0,31,0,314,0,0,0,0,0,14,0,16,0,8,0,0,0,7,2,25,78,0,0,0,0,99,0,108,54,13,0,4,0,0,0,5,0,0,0,0,0,0,0,0,0,5,0,0,0,0,0,0,0,0,0,0,0,0,0,0,0,0,0,0,0,0,0,0,0,0,0,0,0,0,0,0,0,0,0,0,0,0,0,0,0,0,0,0,0,23,0,4,0,0,0,29,0,0,0,0,0,5,0,0,0,0,0,0,0,0,0,10,0,23,0,0,0,0,0,0,0,0,0,0,0,25,0,0,0,0,0,0,0,40,0,57,0,140,0,6,0,615,103,8,0,18,0,178,0,17,0,4,0,0,0,0,0,0,0,0,0,0,0,0,0,0,0,0,0,0,0,0,0,0,0,408,67,210,135,245,1,5,0,7,0,0,5,0,0,0
294,0,233,40,0,236,0,58,10,154,17,352,3,104,16,58,143,51,0,175,24,0,245,23,132,50,0,172,0,214,0,0,0,90,0,37,0,93,0,428,0,2,0,0,0,0,0,18,0,2,0,0,0,0,0,23,0,0,0,14,0,163,12,310,0,59,0,11,0,2,0,0,0,1,0,1,0,0,0,0,0,0,0,0,0,0,0,0,0,0,0,0,0,0,0,0,0,0,0,0,0,1,0,0,0,0,0,0,0,0,0,0,0,2,0,0,0,0,0,2,0,0,0,0,0,14,0,15,0,0,0,14,0,0,0,0,0,0,0,0,0,0,0,0,0,0,0,0,0,39,0,0,0,37,0,7,0,4,0,0,0,14,0,15,0,19,0,0,0,65,0,23,7,86,0,0,108,671,0,9,0,41,21,6,0,115,0,0,0,0,0,0,0,0,0,0,0,0,0,0,0,0,0,0,0,0,0,0,0,2,0,2,8,0,420,0,0,0,995,121,558,324,0,78,0
30,233,0,0,202,0,131,89,27,34,32,0,61,0,256,32,58,79,99,0,140,0,379,77,72,259,77,0,204,5,57,0,211,0,0,0,34,2,600,12,0,0,0,0,118,0,0,0,31,0,0,0,0,0,71,35,10,0,0,0,155,10,236,52,0,0,0,0,1,0,0,0,0,0,0,0,0,0,0,0,0,0,0,0,0,0,0,0,0,0,0,0,0,0,0,0,0,0,0,0,0,0,0,0,0,0,0,0,0,0,0,0,0,0,0,0,0,0,0,0,3,0,0,0,28,0,23,0,0,0,33,0,18,0,39,0,85,0,0,0,0,0,73,0,0,0,33,0,24,0,24,0,20,0,0,0,0,0,0,0,54,0,10,0,0,0,41,0,128,0,171,0,413,0,0,0,141,69,0,0,5,0,11,0,12,0,0,0,0,0,0,0,0,0,0,0,2,0,0,0,21,0,0,0,0,0,0,0,0,0,640,86,589,308,590,0,11,0,10,0,4,2,0,0,0
0,40,0,0,0,106,0,53,0,2,0,6,0,6,12,273,20,74,0,94,0,43,76,186,0,222,0,0,6,259,0,0,0,89,0,0,0,0,7,203,0,0,0,0,0,0,0,0,0,1,0,0,0,0,0,20,0,0,0,0,0,0,0,38,0,4,0,0,0,2,0,0,0,0,0,0,0,0,0,0,0,0,0,0,0,0,0,0,0,0,0,0,0,0,0,0,0,0,0,0,0,0,0,0,0,0,0,0,0,0,0,0,0,0,0,0,0,0,0,0,0,0,0,0,0,0,0,5,0,0,0,7,0,0,0,0,1,0,0,0,0,0,0,0,0,0,0,0,0,8,0,0,0,0,0,9,0,4,0,0,0,0,0,4,0,10,0,31,0,0,0,17,0,95,0,0,19,43,0,0,0,0,0,0,0,0,0,0,0,0,0,0,0,0,0,0,0,0,0,0,0,0,0,0,0,0,0,0,0,0,0,2,0,0,104,0,0,0,236,9,361,101,0,24,0
51,0,202,0,0,190,18,0,47,0,105,133,441,80,258,151,0,8,155,239,134,97,88,71,0,0,357,77,70,0,288,0,325,0,238,0,198,0,236,0,73,0,0,0,90,0,121,0,22,0,56,0,0,0,4,0,0,0,0,0,0,0,0,0,0,0,0,0,0,0,0,0,5,0,0,0,0,0,0,0,0,0,0,1,15,0,0,0,0,0,0,0,0,0,0,0,0,0,0,0,0,0,0,0,0,0,0,0,0,0,0,0,0,0,0,0,0,0,0,0,0,0,0,0,0,0,15,0,0,0,0,0,0,0,0,0,0,0,0,0,0,0,0,0,0,0,10,0,18,0,0,0,0,0,2,0,0,0,0,0,0,0,0,0,116,0,410,0,358,0,34,0,464,0,0,0,622,81,135,0,0,0,15,0,29,0,10,0,0,0,0,0,0,0,0,0,0,0,0,0,0,0,0,0,0,0,0,0,0,0,800,197,886,175,357,0,0,0,0,0,0,0,0,0,0
4,236,0,106,190,0,0,42,0,27,86,244,61,180,372,224,22,19,0,465,194,187,80,131,0,14,0,471,0,215,0,241,30,449,0,133,12,131,0,88,0,11,0,0,0,0,0,109,0,7,0,173,0,0,0,0,0,0,0,0,0,0,0,0,0,14,0,0,0,2,0,0,0,0,0,0,0,0,0,0,0,0,0,0,0,0,0,0,0,0,0,0,0,0,0,0,0,0,0,0,0,0,0,0,0,0,0,0,0,0,0,0,0,0,0,0,0,0,0,0,0,0,0,0,0,6,0,10,0,0,0,0,0,6,0,0,0,0,0,0,0,0,0,0,0,0,0,4,0,17,0,0,0,0,0,0,0,0,0,0,0,0,0,0,0,49,0,212,0,332,0,21,0,103,0,0,110,410,13,5,0,10,0,8,0,37,0,8,0,0,0,0,0,0,0,0,0,0,0,0,0,0,0,0,0,0,0,0,0,0,0,0,0,0,390,0,0,0,1056,143,977,348,0,50,0
15,0,131,0,18,0,0,87,136,180,7,0,7,0,8,0,14,0,0,0,0,0,16,0,268,22,0,0,0,0,0,0,0,0,1,0,0,0,26,0,0,0,0,0,0,0,0,0,32,0,0,0,81,60,226,226,76,0,17,0,201,0,258,28,42,0,20,20,0,0,0,0,6,0,0,0,0,0,0,0,0,0,0,0,0,0,0,0,0,0,0,0,0,0,0,0,0,0,3,0,0,0,0,0,0,0,0,0,0,0,0,0,0,0,0,0,0,0,0,0,0,0,0,0,102,0,35,0,5,0,139,0,5,0,0,0,31,0,0,0,0,0,12,0,1,0,0,0,54,0,9,0,0,0,4,0,10,1,0,0,266,0,0,0,0,0,0,0,35,0,116,0,47,0,0,0,83,63,0,0,0,0,0,0,12,4,0,0,0,0,0,0,0,0,0,0,0,0,0,0,0,0,0,0,0,0,0,0,0,0,849,123,537,614,790,7,30,4,10,5,0,0,0,0,0
223,58,89,53,0,42,87,0,72,120,0,14,0,0,0,85,40,98,0,57,0,52,0,31,181,244,0,0,0,290,0,0,0,0,0,0,0,11,0,158,0,0,0,0,0,0,0,0,0,2,0,0,7,21,8,983,0,40,0,81,0,103,81,485,0,72,0,67,0,5,0,0,0,0,0,0,0,6,0,0,0,0,0,0,0,0,0,0,0,0,0,0,0,0,0,0,0,0,0,1,0,0,0,1,0,0,0,0,0,0,0,0,0,0,0,0,0,0,0,0,0,0,0,0,0,29,0,0,0,0,0,80,0,9,0,8,0,0,0,0,0,0,0,0,0,0,0,9,0,35,0,9,0,0,0,0,0,6,0,0,0,66,0,29,0,64,0,16,0,80,0,54,0,160,0,0,35,114,0,0,0,0,0,0,0,1,0,0,0,0,0,0,0,0,0,0,0,0,0,0,0,0,0,0,0,0,0,0,0,0,0,0,2,0,461,0,0,0,584,55,730,480,8,94,0
122,10,27,0,47,0,136,72,0,259,31,0,31,0,16,0,0,0,7,0,2,0,1,0,16,10,28,0,0,0,0,0,0,0,0,0,0,0,6,0,2,0,0,0,0,0,11,0,8,0,0,0,157,83,214,356,40,58,53,83,144,0,159,8,263,0,112,110,0,0,2,0,0,0,0,0,0,0,0,0,0,0,0,0,0,0,0,0,0,0,0,0,0,0,0,0,0,0,0,0,0,0,0,0,0,0,0,0,0,0,0,0,0,0,0,0,0,0,0,0,0,0,0,0,63,0,16,0,0,0,67,0,1,0,0,0,0,0,3,0,0,0,4,0,0,0,18,0,91,0,6,0,0,0,3,0,18,0,0,0,105,0,0,0,0,0,0,0,10,0,0,0,0,0,0,0,326,76,0,0,0,0,4,3,167,14,0,0,0,0,0,0,0,0,0,0,0,0,0,0,0,0,2,0,0,0,0,0,0,0,480,114,104,207,314,4,8,0,12,0,0,0,0,0,0
72,154,34,2,0,27,180,120,259,0,0,30,0,0,0,25,22,0,0,47,0,0,0,0,249,5,0,0,0,5,0,0,0,0,0,0,0,5,0,18,0,0,0,0,0,0,0,0,0,2,0,0,110,198,205,415,0,67,0,83,0,144,134,376,0,151,20,234,0,6,0,0,0,0,0,0,0,6,0,0,0,0,0,0,0,0,0,0,0,0,0,0,0,0,0,2,0,0,0,0,0,0,0,0,0,0,0,0,0,0,0,0,0,0,0,0,0,0,0,0,0,0,0,0,0,23,2,10,0,0,0,54,0,0,0,0,0,0,0,0,0,0,0,0,0,0,0,11,0,42,0,12,0,0,0,7,0,22,0,0,1,35,0,0,0,22,0,12,0,56,0,25,0,0,0,0,104,306,0,0,0,0,4,5,9,110,0,0,0,0,0,0,0,0,0,2,0,0,0,0,0,0,0,0,0,0,0,0,0,1,0,0,1,0,668,0,0,0,1062,113,439,603,23,90,0
163,17,32,0,105,86,7,0,31,0,0,46,303,0,16,126,21,10,18,59,58,14,10,53,1,6,51,0,55,0,65,0,168,0,24,0,146,0,158,3,43,0,0,0,37,0,46,0,12,0,0,0,0,0,0,0,0,0,0,0,0,0,0,0,0,0,0,0,0,0,0,0,0,0,0,0,0,0,0,0,0,0,0,0,0,0,0,0,0,0,0,0,0,0,0,0,0,0,0,0,0,0,0,0,0,0,0,0,0,0,0,0,0,0,0,0,0,0,0,0,0,0,0,0,14,0,4,0,0,0,0,0,0,0,0,0,0,0,0,0,0,0,0,0,2,0,0,0,0,0,0,0,18,0,0,0,0,0,0,0,15,0,0,0,0,0,58,0,90,0,0,0,143,0,16,0,432,43,176,0,24,0,18,0,18,0,19,0,0,0,1,0,0,0,0,0,0,0,0,0,0,0,0,0,0,0,0,0,0,0,380,131,310,0,161,0,0,3,0,2,0,0,0,0,0
0,352,0,6,133,244,0,14,0,30,46,0,23,524,298,0,24,13,25,99,204,100,137,61,0,0,0,284,0,151,0,175,17,371,0,45,9,68,0,77,0,56,0,0,0,49,0,179,0,35,0,54,0,0,0,0,0,0,0,0,0,0,0,0,0,12,0,2,0,0,0,0,0,0,0,0,0,0,0,0,0,0,0,0,0,0,0,0,0,0,0,0,0,0,0,0,0,0,0,0,0,0,0,0,0,0,0,0,0,0,0,1,0,0,0,0,0,0,0,0,0,0,0,0,0,0,0,0,0,0,0,6,0,0,0,0,0,0,0,0,0,3,0,0,0,0,0,0,0,0,0,58,0,54,0,0,0,0,0,0,0,4,0,4,0,6,0,0,0,84,0,7,0,18,0,0,100,710,0,33,0,85,0,28,0,22,0,22,0,0,0,0,0,0,0,0,0,0,0,0,0,0,0,0,0,0,0,0,0,0,13,6,20,0,145,0,0,0,600,159,380,135,0,23,0
78,3,61,0,441,61,7,0,31,0,303,23,0,175,13,12,0,0,20,253,85,55,0,0,0,0,159,493,0,0,23,4,0,0,236,0,22,0,0,0,211,162,138,37,159,81,381,157,86,13,370,41,0,0,0,0,0,0,0,0,0,0,0,0,0,0,0,0,0,0,0,0,0,0,0,0,0,0,0,0,0,0,0,0,0,0,0,0,0,0,0,0,0,0,0,0,0,0,0,0,1,0,0,0,0,0,0,0,0,0,0,0,0,0,0,0,0,0,0,0,0,0,0,0,0,0,0,0,0,0,0,0,0,0,0,0,6,0,0,0,0,0,0,0,0,0,0,0,0,0,0,0,0,0,0,0,0,0,0,0,0,0,0,0,145,0,37,0,89,0,0,0,0,0,0,0,356,63,230,0,0,0,7,0,11,0,250,45,0,0,0,0,0,0,0,0,0,0,0,0,0,0,0,0,0,0,0,0,0,0,132,347,423,55,37,0,0,3,0,0,0,0,0,0,0
0,104,0,6,80,180,0,0,0,0,0,524,175,0,146,5,0,1,380,31,175,49,0,0,0,0,131,223,0,0,20,25,0,0,79,116,0,45,0,0,29,204,0,151,0,70,2,374,0,40,0,289,0,0,0,0,0,0,0,0,0,0,0,0,0,2,0,0,0,0,0,0,0,0,0,0,0,0,0,0,0,0,0,0,0,0,0,3,0,0,0,0,0,0,0,0,0,0,0,0,0,0,0,0,0,0,0,0,0,0,0,0,0,0,0,0,0,0,0,0,0,0,0,0,0,0,0,0,0,0,0,0,0,0,0,0,0,0,0,0,0,0,0,0,0,0,0,0,0,0,0,0,0,0,0,0,0,0,0,0,0,0,0,0,0,35,0,0,0,123,0,0,0,0,0,0,63,289,0,18,0,0,0,7,0,0,35,153,0,11,0,0,0,0,0,0,0,0,0,0,0,0,0,0,0,0,0,0,0,0,0,0,0,0,56,0,0,0,196,258,470,70,0,3,0
19,16,256,12,258,372,8,0,16,0,16,298,13,146,0,261,33,5,176,395,219,187,161,76,40,0,183,47,29,15,347,57,84,37,132,39,114,8,3,0,3,0,0,5,45,0,16,0,0,0,20,0,0,0,0,0,0,0,0,0,4,0,4,0,6,0,1,0,0,0,0,0,0,0,0,0,0,0,3,0,0,0,0,0,0,0,0,0,0,0,0,0,0,0,0,0,0,0,0,0,0,0,0,0,0,0,0,0,0,0,0,0,0,0,0,0,0,0,0,0,0,0,0,0,10,0,15,0,0,0,17,0,0,0,11,0,31,0,0,0,0,0,19,0,0,0,30,0,28,0,25,0,0,0,0,0,0,0,0,0,21,0,1,0,22,0,172,2,89,0,2,1,56,0,12,0,264,86,22,0,23,0,36,0,45,0,0,0,0,0,0,0,0,0,0,0,0,0,0,0,0,0,0,0,2,0,0,0,5,0,117,40,107,14,45,0,0,0,0,5,19,0,0,0,0
0,58,32,273,151,224,0,85,0,25,126,0,12,5,261,0,45,38,0,426,153,268,146,300,0,15,0,99,19,191,31,138,27,144,0,29,12,54,17,48,0,0,0,15,0,15,0,0,0,0,0,12,0,0,0,41,0,0,0,0,0,0,0,0,0,11,0,0,0,0,0,0,0,0,0,0,0,0,0,0,0,0,0,0,0,0,0,0,0,0,0,0,0,0,0,0,0,0,0,0,0,0,0,0,0,0,0,0,0,0,0,0,0,0,0,0,0,0,0,0,0,0,0,0,0,5,0,11,0,0,0,0,0,0,0,0,0,33,0,0,0,0,0,25,0,0,0,4,0,22,0,13,0,0,0,8,0,0,0,0,0,0,0,5,0,11,0,180,0,92,0,5,0,49,0,0,53,83,0,0,0,0,0,0,0,21,0,0,0,0,0,0,0,0,0,0,0,0,0,0,0,0,0,0,0,0,0,0,0,0,0,5,9,2,76,0,0,0,200,29,272,79,2,9,0
2,143,58,20,0,22,14,40,0,22,21,24,0,0,33,45,0,24,101,0,321,0,203,53,133,81,111,0,515,4,128,0,79,0,0,0,10,0,195,8,0,0,0,0,161,0,11,0,12,0,0,0,24,0,30,23,7,0,0,0,15,2,375,9,0,0,0,0,2,0,0,0,0,0,0,0,0,0,0,0,0,0,0,0,81,0,0,0,0,0,0,0,0,0,0,0,67,0,46,0,0,0,0,0,0,0,0,0,0,0,0,0,0,0,0,0,0,0,0,0,0,0,31,0,0,0,0,0,0,0,0,0,47,0,0,0,285,0,0,0,78,0,248,0,0,0,0,0,2,0,0,0,0,0,26,0,0,0,0,0,0,0,0,0,0,0,0,0,0,0,36,0,57,0,0,0,19,17,0,0,0,0,2,1,0,0,0,0,0,0,0,0,0,0,0,0,0,0,0,0,0,0,0,0,0,0,0,0,0,0,18,6,64,0,40,0,0,0,0,0,0,0,0,0,0
87,51,79,74,8,19,0,98,0,0,10,13,0,1,5,38,24,0,0,17,5,83,59,93,59,124,0,0,5,331,0,15,0,10,0,6,0,3,8,121,0,0,0,0,0,0,0,0,0,0,0,4,0,32,0,90,0,41,0,0,0,16,8,324,2,0,0,0,0,0,0,0,0,1,0,6,0,0,0,0,0,56,0,0,0,50,0,0,0,0,0,0,0,0,0,0,0,29,0,0,0,0,0,0,0,0,0,0,0,0,0,0,0,0,0,0,0,0,0,0,0,0,0,6,0,0,0,11,0,28,0,0,0,42,0,90,0,173,0,109,0,44,0,172,0,0,0,0,0,0,0,4,0,0,0,86,0,0,0,31,2,0,0,2,0,2,0,4,0,12,0,4,0,19,0,0,6,13,0,0,0,0,10,5,0,0,0,0,0,0,0,0,0,0,0,0,0,0,0,0,0,0,0,0,0,0,0,0,1,0,0,0,1,0,0,0,0,0,0,13,42,0,0,0,0
14,0,99,0,155,0,0,0,7,0,18,25,20,380,176,0,101,0,0,360,411,106,175,0,0,0,210,730,19,0,105,0,0,0,333,36,23,11,0,0,1,77,17,69,32,43,10,135,3,3,288,98,0,0,0,0,0,0,0,0,0,0,35,0,0,0,0,0,0,0,0,0,0,0,0,0,0,0,0,0,0,0,0,0,0,0,0,0,0,0,0,0,0,0,0,0,0,0,0,0,0,0,0,0,0,0,0,0,0,0,0,0,0,0,0,0,0,0,0,0,0,0,0,0,0,0,0,0,0,0,0,0,0,0,0,0,0,0,0,0,0,0,0,0,0,0,0,0,16,0,0,0,0,0,0,0,0,0,0,0,0,0,0,0,112,0,98,0,0,0,0,0,0,0,3,0,105,71,11,0,0,0,14,0,23,0,40,66,0,0,0,0,0,0,0,0,0,0,0,0,0,0,0,0,0,0,0,0,0,0,105,87,198,0,22,0,1,0,0,10,19,0,0,0,0
0,175,0,94,239,465,0,57,0,47,59,99,253,31,395,426,0,17,360,0,227,325,0,218,0,0,31,473,0,39,38,159,0,50,61,368,0,113,0,0,0,4,0,61,0,118,0,96,0,0,8,329,0,0,0,25,0,0,0,0,0,0,0,0,0,15,0,0,0,0,0,0,0,0,0,0,0,0,0,0,0,0,0,0,0,0,0,0,0,0,0,0,0,0,0,0,1,0,0,0,0,0,0,0,0,0,0,0,0,0,0,0,0,0,0,0,0,0,0,0,0,0,0,0,0,0,0,13,0,0,0,13,0,0,0,0,0,0,0,0,0,0,0,0,0,0,0,0,0,41,0,31,0,0,0,12,0,2,0,5,0,0,0,0,0,27,0,60,14,177,0,0,0,13,0,4,86,197,0,5,0,0,0,5,0,53,5,27,0,0,0,0,0,0,0,0,0,0,0,0,0,0,0,0,0,0,0,0,0,0,20,20,41,0,75,0,0,0,230,84,247,47,0,0,0
0,24,140,0,134,194,0,0,2,0,58,204,85,175,219,153,321,5,411,227,0,68,264,69,72,0,368,303,149,5,448,0,109,19,187,24,50,0,7,0,0,36,24,17,64,24,0,59,0,0,46,40,0,0,9,0,0,0,0,0,0,0,205,0,0,0,0,0,0,0,17,0,0,0,0,0,0,0,0,0,0,1,0,0,47,0,0,0,0,0,0,0,0,0,0,0,33,0,44,0,0,0,0,0,0,0,0,0,0,0,0,0,0,0,0,0,0,0,0,0,0,0,0,0,0,0,0,0,0,0,0,0,0,0,0,0,120,0,67,0,103,0,184,0,0,0,0,0,0,0,0,0,0,0,0,0,0,0,0,0,0,0,0,0,12,0,74,0,36,0,0,0,52,0,0,0,87,32,51,0,0,0,4,0,3,0,10,14,0,0,0,0,0,0,0,0,0,0,0,0,15,0,0,0,0,0,0,0,0,0,106,58,99,17,27,0,0,0,0,5,0,0,0,0,0
0,0,0,43,97,187,0,52,0,0,14,100,55,49,187,268,0,83,106,325,68,0,0,338,0,50,12,311,0,194,10,92,0,34,14,113,0,14,0,24,0,0,0,121,3,241,0,23,0,6,1,163,0,0,0,41,0,27,0,0,0,2,0,32,0,0,0,0,0,0,0,6,0,0,0,0,0,0,0,0,0,0,0,0,0,38,0,0,0,0,0,0,0,0,0,0,0,0,0,0,0,0,0,0,0,0,0,0,0,0,0,0,0,0,0,0,0,0,0,0,0,12,0,8,0,0,0,0,0,0,0,0,0,0,0,48,0,137,0,204,0,130,0,234,0,25,0,0,0,0,0,0,0,0,0,35,0,3,0,0,0,0,0,0,0,25,1,26,0,65,0,0,0,8,0,0,16,32,0,0,0,0,0,0,0,0,0,7,0,0,0,0,0,0,0,0,0,0,0,0,0,0,0,0,0,0,0,1,0,0,0,4,11,0,28,0,0,0,115,76,81,34,0,0,0
4,245,379,76,88,80,16,0,1,0,10,137,0,0,161,146,203,59,175,0,264,0,0,202,62,143,110,0,297,9,111,0,91,5,0,0,17,3,182,15,0,0,0,0,214,0,0,0,12,0,7,0,2,0,42,0,0,0,0,0,31,0,63,0,0,0,1,0,0,0,0,0,0,0,8,0,0,0,0,0,0,0,0,0,20,0,0,0,0,0,0,0,0,0,0,0,18,0,15,0,2,0,0,0,2,0,0,0,0,0,0,0,0,0,0,0,0,0,0,0,0,0,0,0,0,0,0,0,0,0,0,0,0,0,7,0,68,0,16,0,0,0,63,0,0,1,0,0,6,0,12,0,0,1,13,0,0,0,4,0,0,0,0,0,4,0,12,0,22,0,61,0,82,0,3,0,134,84,0,3,5,0,4,0,10,0,0,0,0,0,0,0,0,0,0,0,0,0,0,0,0,0,0,0,0,0,0,0,0,0,95,17,113,82,103,0,0,0,3,0,5,1,0,0,0
51,23,77,186,71,131,0,31,0,0,53,61,0,0,76,300,53,93,0,218,69,338,202,0,7,45,0,123,15,177,12,36,23,49,0,14,11,19,11,71,0,0,0,40,0,24,0,0,0,0,0,22,0,1,0,16,0,0,0,0,0,6,0,15,0,0,0,0,0,0,0,0,0,0,0,0,0,0,0,0,0,0,0,0,0,0,0,0,0,0,0,0,0,0,0,0,0,11,0,0,0,9,0,0,0,0,0,0,0,0,0,0,0,0,0,0,0,0,0,0,0,5,0,0,0,1,0,0,0,0,0,0,0,10,0,33,0,56,0,27,0,19,0,78,0,0,0,0,0,0,2,3,1,0,0,0,0,0,0,0,0,0,0,2,0,0,0,33,0,12,0,6,0,46,0,0,24,72,0,2,0,0,0,0,0,0,0,0,0,0,0,0,0,0,0,0,0,0,0,0,0,0,0,0,0,0,0,0,1,0,0,0,9,0,35,0,0,0,146,67,63,0,0,6,0
5,132,72,0,0,0,268,181,16,249,1,0,0,0,40,0,133,59,0,0,72,0,62,7,0,164,27,0,164,2,0,0,0,0,0,0,0,0,181,0,0,0,0,0,47,0,0,0,14,0,14,0,40,21,181,218,23,8,0,0,139,13,296,92,0,0,0,2,2,0,0,0,0,0,0,0,0,0,0,0,0,0,0,0,0,0,0,0,0,0,0,0,0,0,0,0,0,0,0,0,0,0,0,0,0,0,0,0,0,0,0,0,0,0,0,0,0,0,0,0,0,0,4,0,9,0,0,0,28,0,20,0,31,0,30,0,99,0,16,0,0,0,67,0,0,0,0,0,4,0,9,0,0,0,20,0,0,0,0,0,11,0,0,0,5,0,0,0,36,0,113,0,121,0,0,0,47,40,0,0,0,0,0,0,0,0,0,0,0,0,0,0,0,0,0,0,0,0,0,0,21,0,0,0,0,0,0,0,13,0,289,63,277,209,294,0,8,0,0,1,0,0,0,0,0
356,50,259,222,0,14,22,244,10,5,6,0,0,0,0,15,81,124,0,0,0,50,143,45,164,0,0,0,0,173,0,0,0,0,0,0,0,12,21,87,0,0,0,0,0,0,0,0,0,0,0,0,1,8,1,268,0,68,0,22,0,29,23,130,0,0,0,0,0,0,0,0,0,0,0,0,0,0,0,0,0,0,0,0,0,0,0,0,0,0,0,0,0,0,0,1,0,0,0,0,0,3,0,0,0,0,0,6,0,0,0,0,0,0,0,0,0,0,0,0,0,1,0,0,0,0,0,0,0,0,0,29,0,65,0,64,0,198,0,37,0,0,0,57,0,0,0,0,0,0,0,0,0,0,0,101,0,1,0,22,0,84,0,3,0,1,0,0,0,0,0,5,0,23,0,0,33,80,0,0,0,2,18,0,0,0,0,0,0,0,0,0,0,0,0,0,0,0,0,0,0,0,0,0,0,0,0,3,0,12,6,0,0,4,36,0,0,0,140,41,71,18,0,9,0
40,0,77,0,357,0,0,0,28,0,51,0,159,131,183,0,111,0,210,31,368,12,110,0,27,0,0,420,105,0,182,0,38,0,75,0,30,0,0,0,45,295,416,29,212,118,152,311,47,28,534,18,0,0,0,0,0,0,0,0,0,0,73,0,4,0,0,0,0,0,0,0,0,0,0,0,0,0,0,0,0,0,0,0,0,0,0,0,0,0,0,0,0,0,0,0,0,0,0,0,0,0,0,0,0,0,0,0,0,0,0,0,0,0,0,0,0,0,0,0,0,0,0,0,0,0,0,0,0,0,0,0,0,0,0,0,0,0,0,0,0,0,0,0,0,0,16,0,0,0,0,0,0,0,0,0,0,0,0,0,0,0,0,0,127,0,8,0,0,0,0,0,7,0,0,0,24,17,21,0,0,0,13,0,0,0,75,36,0,0,0,0,0,0,0,0,0,0,0,0,0,0,0,0,0,0,0,0,0,0,29,356,243,20,9,0,0,28,0,0,6,0,0,0,0
0,172,0,0,77,471,0,0,0,0,0,284,493,223,47,99,0,0,730,473,303,311,0,123,0,0,420,0,0,46,17,67,0,7,219,126,0,19,0,17,80,27,15,454,0,388,7,254,0,20,155,539,0,0,0,0,0,0,0,0,0,0,0,0,0,15,0,0,0,0,0,0,0,0,0,0,0,0,0,0,0,21,0,0,0,0,0,0,0,0,0,0,0,0,0,0,0,0,0,0,0,0,0,0,0,0,0,0,0,0,0,0,0,0,0,0,0,0,0,0,0,0,0,0,0,0,0,0,0,0,0,0,0,0,0,0,0,0,0,0,0,0,0,66,0,0,0,5,0,0,0,0,0,0,0,13,0,0,0,0,0,0,0,0,0,73,0,0,0,105,0,0,0,0,0,0,32,135,9,1,0,0,0,0,0,23,43,91,0,0,0,0,0,0,0,0,0,0,0,0,0,0,0,0,0,0,0,0,0,0,0,0,0,0,29,0,0,0,163,501,499,48,0,0,0
58,0,204,6,70,0,0,0,0,0,55,0,0,0,29,19,515,5,19,0,149,0,297,15,164,0,105,0,0,0,124,0,79,0,51,0,131,0,51,0,0,0,93,0,54,0,0,0,0,0,35,0,32,0,14,0,0,0,0,0,8,0,313,0,0,0,0,0,0,0,7,0,0,0,11,0,0,0,0,0,0,0,0,0,19,0,6,0,0,0,0,0,0,0,0,0,0,0,15,0,0,0,0,0,0,0,5,0,0,0,0,0,0,0,0,0,0,0,0,0,0,0,19,0,0,0,0,0,0,0,1,0,0,0,0,0,88,0,97,0,77,0,88,0,36,0,0,0,0,0,0,0,0,0,0,0,2,0,11,0,0,0,0,0,0,0,0,0,0,0,0,0,5,0,0,0,32,11,11,0,0,0,13,0,0,0,0,0,0,0,0,0,0,0,0,0,0,0,0,0,0,0,0,0,0,0,0,0,0,0,0,0,15,6,0,0,0,0,0,0,0,0,0,0,0
0,214,5,259,0,215,0,290,0,5,0,151,0,0,15,191,4,331,0,39,5,194,9,177,2,173,0,46,0,0,0,85,3,53,0,104,0,13,0,35,0,0,0,44,0,19,0,0,0,0,0,54,0,22,0,84,0,42,0,0,0,4,0,77,0,5,0,0,0,0,0,5,0,0,0,8,0,0,0,0,0,0,0,0,0,47,0,0,0,0,0,0,0,0,0,0,0,0,0,0,0,0,0,0,0,0,0,0,0,0,0,0,0,0,0,0,0,0,0,0,0,0,0,0,0,0,0,0,0,33,0,0,0,34,0,71,0,164,0,195,0,109,0,222,0,17,0,0,0,0,0,10,0,0,0,47,0,0,0,53,0,9,0,0,0,0,0,0,0,8,0,0,0,4,0,0,2,22,0,4,0,0,0,0,0,0,0,0,0,0,0,0,0,0,0,0,0,0,0,0,0,4,0,0,0,0,0,0,0,0,0,0,0,0,0,0,0,0,30,16,13,8,0,0,0
13,0,57,0,288,0,0,0,0,0,65,0,23,20,347,31,128,0,105,38,448,10,111,12,0,0,182,17,124,0,0,0,24,2,116,0,37,0,3,1,0,0,134,0,133,0,0,0,4,0,60,0,0,0,0,0,0,0,0,0,0,0,57,0,1,0,0,0,0,0,0,0,0,0,0,0,0,0,0,0,0,0,0,0,0,0,0,0,0,0,0,0,0,0,0,0,5,0,0,0,0,0,0,0,0,0,0,0,0,0,0,0,0,0,0,0,0,0,0,0,0,0,0,0,0,0,0,0,0,0,0,0,0,0,0,0,0,0,0,0,0,0,0,0,14,0,5,0,0,0,0,0,1,0,2,0,0,0,0,0,0,0,1,0,0,0,77,0,37,0,0,0,27,0,0,0,29,0,21,0,0,0,4,0,4,0,0,0,0,0,0,0,0,0,0,0,0,0,0,0,0,0,0,0,0,0,0,0,0,0,67,10,63,0,12,0,0,0,0,0,0,0,0,0,0
0,0,0,0,0,241,0,0,0,0,0,175,4,25,57,138,0,15,0,159,0,92,0,36,0,0,0,67,0,85,0,0,0,8,0,83,0,35,0,10,0,0,0,83,0,29,0,0,0,0,0,83,0,1,0,0,0,3,0,0,0,0,0,0,0,0,0,0,0,0,0,0,0,0,0,0,0,0,0,0,0,0,0,0,0,0,0,0,0,0,0,0,0,0,0,0,0,1,0,0,0,0,0,0,0,0,0,0,0,0,0,0,0,0,0,0,0,0,0,0,0,0,0,0,0,0,0,0,0,0,0,0,0,0,0,0,0,0,0,28,0,16,0,0,0,0,0,0,0,0,0,0,0,0,0,0,0,0,0,0,0,0,0,0,0,0,1,51,0,26,0,3,0,10,0,0,10,13,0,0,0,0,0,0,0,0,0,2,0,0,0,0,0,0,0,0,0,0,0,0,0,0,0,0,0,0,0,0,0,0,0,0,0,0,11,0,0,0,57,11,46,0,0,0,0
0,0,211,0,325,30,0,0,0,0,168,17,0,0,84,27,79,0,0,0,109,0,91,23,0,0,38,0,79,3,24,0,0,0,91,0,146,0,2,0,0,0,119,0,81,0,0,0,6,0,55,0,0,0,0,0,0,0,0,0,23,0,38,0,0,0,0,0,0,0,10,0,0,0,0,0,0,0,0,0,0,0,0,0,0,0,0,0,0,0,0,0,0,0,0,0,0,0,0,0,0,0,0,0,0,0,0,0,0,0,0,0,0,0,0,0,0,0,0,0,0,0,0,0,0,0,0,0,0,0,0,0,0,0,0,0,28,0,60,0,52,0,0,0,34,0,0,0,0,0,0,0,0,0,0,0,8,0,13,0,0,0,0,0,0,0,50,0,18,0,0,0,70,0,0,0,66,11,60,0,3,0,8,0,5,0,0,0,0,0,0,0,0,0,0,0,0,0,0,0,0,0,0,0,0,0,0,0,0,0,25,4,51,0,17,0,0,0,1,0,0,0,0,0,0
0,90,0,89,0,449,0,0,0,0,0,371,0,0,37,144,0,10,0,50,19,34,5,49,0,0,0,7,0,53,2,8,0,0,0,23,0,608,0,21,0,0,0,19,0,13,0,0,0,2,0,60,0,0,0,0,0,0,0,1,0,0,0,4,0,5,0,0,0,0,0,0,0,0,0,0,0,0,0,0,0,0,0,0,0,0,0,0,0,0,0,0,0,0,0,0,0,0,0,0,0,0,0,0,0,0,0,0,0,0,0,0,0,0,0,0,0,0,0,0,0,0,0,0,0,0,0,0,0,0,0,0,0,0,0,0,0,0,0,39,0,13,0,0,0,11,0,0,0,0,0,7,0,0,0,9,0,2,0,14,0,0,0,0,0,0,0,120,0,34,0,2,0,38,0,0,0,37,0,1,0,0,0,0,0,0,0,0,0,0,0,0,0,0,0,0,0,0,0,0,0,0,0,0,0,0,0,0,0,0,0,0,0,0,10,0,0,0,28,15,62,13,0,0,0
0,0,0,0,238,0,1,0,0,0,24,0,236,79,132,0,0,0,333,61,187,14,0,0,0,0,75,219,51,0,116,0,91,0,0,3,286,0,1,0,0,21,203,16,24,0,0,40,5,0,143,20,0,0,0,0,0,0,0,0,1,0,0,0,0,0,0,0,0,0,0,0,0,0,5,0,0,0,0,0,0,0,0,0,0,0,0,0,0,0,0,0,0,0,0,0,0,0,22,0,0,0,0,0,0,0,0,0,0,0,0,0,0,0,0,0,0,0,0,0,0,0,0,0,2,0,0,0,0,0,0,0,0,0,0,0,0,0,11,0,0,0,18,0,14,0,0,0,0,0,0,0,0,0,0,0,0,0,0,0,0,0,0,0,72,0,67,0,56,0,0,0,14,0,0,0,36,5,54,0,0,0,0,0,0,0,32,0,0,0,0,0,0,0,0,0,0,0,0,0,0,0,0,0,0,0,0,0,0,0,53,72,125,0,11,0,0,0,0,0,0,0,0,0,0
0,37,0,0,0,133,0,0,0,0,0,45,0,116,39,29,0,6,36,368,24,113,0,14,0,0,0,126,0,104,0,83,0,23,3,0,0,218,0,97,0,0,0,63,0,19,0,0,0,2,0,87,0,8,0,7,0,9,0,0,0,9,0,18,0,0,0,0,0,0,0,0,0,0,0,3,0,0,0,0,0,0,0,0,0,0,0,0,0,0,0,0,0,0,0,0,0,0,0,0,0,0,0,0,0,0,0,0,0,0,0,0,0,1,0,0,0,0,0,0,0,0,0,0,0,0,0,0,0,0,0,0,0,0,0,14,0,0,0,116,0,91,0,95,0,25,0,0,0,0,0,0,0,0,0,15,0,7,0,0,0,0,0,0,0,10,0,24,0,82,0,0,0,6,0,0,0,0,0,0,0,0,0,0,0,0,0,17,0,0,0,0,0,0,0,1,0,0,0,0,0,0,0,0,0,0,0,0,0,0,0,0,0,0,0,0,0,0,57,38,78,0,0,0,0
31,0,34,0,198,12,0,0,0,0,146,9,22,0,114,12,10,0,23,0,50,0,17,11,0,0,30,0,131,0,37,0,146,0,286,0,0,0,157,0,0,0,151,0,77,1,0,0,7,0,117,0,0,0,0,0,0,0,0,0,33,0,20,0,0,0,0,0,0,0,72,0,3,0,67,0,0,0,0,0,93,0,0,0,102,0,30,0,0,0,14,0,0,0,0,0,0,0,122,0,0,0,0,0,0,0,0,0,0,0,0,0,0,0,0,0,0,0,0,0,0,0,73,0,0,0,0,0,0,0,0,0,0,0,0,0,89,0,182,0,171,0,148,0,264,0,7,0,0,0,0,0,0,0,0,0,36,0,15,0,0,0,22,0,15,0,46,0,34,0,25,0,63,0,0,0,42,4,43,0,0,0,12,0,0,0,1,0,0,0,0,0,0,0,0,0,0,0,0,0,0,0,0,0,0,0,1,0,0,0,11,16,37,6,5,0,0,0,0,0,0,0,0,0,0
0,93,2,0,0,131,0,11,0,5,0,68,0,45,8,54,0,3,11,113,0,14,3,19,0,12,0,19,0,13,0,35,0,608,0,218,0,0,0,68,0,0,0,58,0,15,0,0,0,0,0,144,0,1,0,4,0,0,0,0,0,40,0,82,0,0,0,0,0,0,0,0,0,0,0,0,0,0,0,0,0,0,0,1,0,5,0,0,0,0,0,0,0,0,0,0,0,2,0,4,0,0,0,0,0,1,0,0,0,0,0,0,0,0,0,0,0,0,0,0,0,0,0,0,0,0,0,0,0,0,0,0,0,0,0,10,0,84,0,223,0,237,0,166,0,136,0,0,0,0,0,0,0,0,0,22,0,65,0,38,0,0,0,0,0,10,0,49,0,74,0,6,0,50,0,0,0,0,0,0,0,0,0,0,0,0,0,11,0,0,0,0,0,0,0,0,0,0,0,0,0,0,0,0,0,0,0,0,0,0,0,0,0,0,0,0,0,0,12,118,77,0,0,1,0
314,0,600,7,236,0,26,0,6,0,158,0,0,0,3,17,195,8,0,0,7,0,182,11,181,21,0,0,51,0,3,0,2,0,1,0,157,0,0,3,0,0,5,0,2,0,0,0,0,0,2,0,29,0,18,1,0,0,0,0,31,0,171,0,0,0,0,0,0,0,35,0,0,0,35,0,0,0,2,0,0,0,0,0,57,0,0,0,0,0,14,0,0,0,0,0,0,0,48,0,0,0,0,0,0,0,0,0,0,0,0,0,0,0,0,0,0,0,0,0,0,0,52,0,0,0,0,0,13,0,0,0,0,0,0,0,194,0,356,0,240,0,236,0,155,0,0,0,0,0,1,0,0,0,18,0,15,0,32,0,0,0,0,0,0,0,28,0,0,0,0,1,76,0,0,0,103,10,10,0,0,0,98,0,3,0,0,0,0,0,0,0,0,0,0,0,0,0,0,0,0,0,0,0,0,0,0,0,0,0,7,70,14,0,0,0,0,0,0,0,0,0,0,0,0
0,428,12,203,0,88,0,158,0,18,3,77,0,0,0,48,8,121,0,0,0,24,15,71,0,87,0,17,0,35,1,10,0,21,0,97,0,68,3,0,0,0,0,57,0,7,0,0,0,0,0,61,0,46,0,67,0,22,0,4,0,11,0,88,2,0,0,0,0,0,0,0,0,0,0,0,0,1,0,0,0,0,0,0,0,0,0,0,0,0,0,0,0,0,0,0,0,0,0,0,0,0,0,0,0,0,0,0,0,0,0,0,0,0,0,0,0,0,0,0,0,0,0,0,0,0,0,0,0,0,0,0,0,0,0,0,0,0,0,223,0,80,0,47,0,79,0,0,0,0,0,0,0,1,0,132,0,105,0,115,0,6,0,0,0,3,0,9,0,5,0,5,0,45,0,0,3,13,0,0,0,2,0,3,0,0,0,0,0,0,0,0,0,0,0,0,0,0,0,0,0,0,0,0,0,0,0,0,0,0,0,0,0,0,14,0,0,0,10,120,34,0,0,0,0
0,0,0,0,73,0,0,0,2,0,43,0,211,29,3,0,0,0,1,0,0,0,0,0,0,0,45,80,0,0,0,0,0,0,0,0,0,0,0,0,0,204,92,4,126,134,150,222,213,90,41,0,0,0,0,0,0,0,0,0,0,0,0,0,0,0,0,0,0,0,0,0,0,0,0,0,0,0,0,0,0,0,0,0,0,0,0,0,0,0,0,0,0,0,0,0,0,0,0,0,0,0,0,0,0,0,0,0,0,0,0,0,0,0,0,0,0,0,0,0,0,0,0,0,0,0,0,0,0,0,1,0,0,0,0,0,0,0,0,0,0,0,0,0,0,0,0,0,0,0,0,0,0,0,0,0,0,0,0,0,0,0,0,0,39,0,0,0,0,0,0,0,0,0,0,0,27,57,22,0,7,0,3,0,5,0,121,16,0,0,0,0,0,0,0,0,0,0,0,0,0,0,0,0,0,0,0,0,0,0,0,313,85,0,0,0,0,52,0,10,3,0,0,0,0
0,2,0,0,0,11,0,0,0,0,0,56,162,204,0,0,0,0,77,4,36,0,0,0,0,0,295,27,0,0,0,0,0,0,21,0,0,0,0,0,204,0,52,106,72,136,33,128,0,124,70,40,0,0,0,0,0,0,0,0,0,0,0,0,0,0,0,0,0,0,0,0,0,0,0,0,0,0,0,0,0,0,0,0,0,0,0,1,0,4,0,0,0,0,0,0,0,0,0,0,0,0,0,0,0,0,0,0,0,0,0,0,0,0,0,0,0,0,0,0,0,0,0,0,0,0,0,0,0,0,0,0,0,0,0,0,0,0,0,0,0,0,0,0,0,0,0,0,0,0,0,0,0,0,0,0,0,0,0,0,0,0,0,0,0,28,0,0,0,0,0,0,0,0,0,0,4,97,0,6,0,3,0,0,0,0,35,44,0,0,0,0,0,0,0,0,0,0,0,1,0,0,0,1,0,0,0,0,0,0,0,0,0,0,0,0,0,0,0,92,33,5,0,0,18
0,0,0,0,0,0,0,0,0,0,0,0,138,0,0,0,0,0,17,0,24,0,0,0,0,0,416,15,93,0,134,0,119,0,203,0,151,0,5,0,92,52,0,2,197,45,73,56,49,21,136,0,0,0,0,0,0,0,0,0,5,0,0,0,0,0,0,0,0,0,27,0,9,0,0,0,0,0,0,0,0,0,0,0,40,0,0,0,0,0,0,0,1,0,0,0,0,0,0,0,0,0,0,0,0,0,0,0,0,0,0,0,0,0,0,0,0,0,0,0,0,0,0,0,0,0,0,0,0,0,0,0,0,0,0,0,0,0,0,0,0,0,82,0,58,0,0,0,0,0,0,0,0,0,0,0,0,0,0,0,0,0,20,0,45,0,35,0,17,0,20,0,44,0,0,0,0,7,16,0,0,0,0,0,0,0,77,4,0,0,0,0,0,0,0,0,0,0,0,0,0,0,0,0,0,0,0,0,0,0,64,315,91,11,11,0,0,5,0,2,2,0,0,0,0
0,0,0,0,0,0,0,0,0,0,0,0,37,151,5,15,0,0,69,61,17,121,0,40,0,0,29,454,0,44,0,83,0,19,16,63,0,58,0,57,4,106,2,0,0,353,1,118,0,30,15,236,0,0,0,0,0,0,0,0,0,0,0,0,0,0,0,0,0,1,0,11,0,0,0,7,0,0,0,0,0,0,0,0,0,0,0,0,0,0,0,0,0,0,0,0,0,0,0,0,0,0,0,0,0,0,0,0,0,0,0,0,0,0,0,0,0,0,0,0,0,0,0,0,0,0,0,0,0,0,0,0,0,0,0,0,0,0,0,161,0,153,0,150,0,49,0,0,0,0,0,0,0,0,0,0,0,4,0,0,0,0,0,0,0,52,0,7,0,66,0,7,0,8,0,1,0,0,0,0,0,0,0,0,0,0,1,142,0,0,0,0,0,0,0,4,0,0,0,0,0,0,0,0,0,0,0,0,0,0,0,0,1,0,15,0,0,0,68,137,130,0,0,0,1
14,0,118,0,90,0,0,0,0,0,37,0,159,0,45,0,161,0,32,0,64,3,214,0,47,0,212,0,54,0,133,0,81,0,24,0,77,0,2,0,126,72,197,0,0,61,326,49,290,73,106,0,0,0,0,0,0,0,0,0,0,0,146,0,0,0,0,0,16,0,108,0,0,0,111,0,0,0,0,0,144,0,48,0,239,0,65,0,9,0,0,0,21,0,73,0,104,0,0,0,23,0,40,0,49,0,0,0,0,0,0,0,0,0,0,0,0,0,0,0,0,0,127,0,6,5,0,0,0,0,0,0,0,0,0,1,216,1,0,0,242,0,445,0,124,0,0,0,0,0,0,0,0,0,12,0,0,0,0,0,8,0,24,0,91,0,22,0,152,0,19,0,54,0,5,0,39,40,16,0,0,0,12,0,0,0,85,7,0,0,30,0,0,0,0,0,0,0,0,0,0,0,0,0,0,0,0,0,0,0,36,227,253,20,15,0,1,39,0,5,3,0,0,0,1
0,0,0,0,0,0,0,0,0,0,0,49,81,70,0,15,0,0,43,118,24,241,0,24,0,0,118,388,0,19,0,29,0,13,0,19,1,15,0,7,134,136,45,353,61,0,42,295,15,141,58,152,0,0,0,0,0,8,0,0,0,0,0,4,0,0,0,0,0,9,0,18,0,2,0,13,0,8,0,0,0,57,0,33,0,0,0,11,0,12,0,0,0,0,0,56,0,0,0,0,0,24,0,13,0,0,0,0,0,0,0,0,0,0,0,0,0,0,0,0,0,12,0,3,0,0,0,0,0,0,0,0,0,0,0,26,0,77,0,0,0,119,0,184,0,53,0,0,0,0,0,0,0,0,0,0,0,0,0,0,0,11,0,17,0,109,0,6,0,124,0,28,0,30,0,0,0,146,0,0,0,0,0,0,0,1,14,75,0,0,0,0,0,0,0,12,0,0,0,0,0,0,0,0,0,0,0,0,0,0,0,5,0,0,10,0,0,0,111,369,355,22,1,1,37
16,0,0,0,121,0,0,0,11,0,46,0,381,2,16,0,11,0,10,0,0,0,0,0,0,0,152,7,0,0,0,0,0,0,0,0,0,0,0,0,150,33,73,1,326,42,0,39,198,52,5,0,0,0,0,0,0,0,0,0,0,0,0,0,0,0,0,0,0,0,0,0,1,0,0,0,0,0,0,0,0,0,0,0,15,0,0,0,0,0,0,0,0,0,0,0,0,0,0,0,0,0,0,0,0,0,0,0,0,0,0,0,0,0,0,0,0,0,0,0,0,0,8,0,0,0,0,0,0,0,0,0,0,0,0,0,13,0,0,0,0,0,0,0,0,0,0,0,8,0,0,0,0,0,0,0,0,0,0,0,0,0,0,0,32,0,0,0,0,0,0,0,0,0,0,0,20,23,18,0,0,0,14,0,7,0,93,4,0,0,0,0,0,0,0,0,0,0,0,0,0,0,0,0,0,0,0,0,0,0,0,235,55,0,0,0,0,62,0,3,0,0,0,0,0
0,18,0,0,0,109,0,0,0,0,0,179,157,374,0,0,0,0,135,96,59,23,0,0,0,0,311,254,0,0,0,0,0,0,40,0,0,0,0,0,222,128,56,118,49,295,39,0,5,64,122,44,0,0,0,0,0,0,0,0,0,0,0,0,0,0,0,0,0,0,0,0,0,0,0,0,0,0,0,0,0,0,0,0,0,0,0,0,0,0,0,0,0,0,0,0,0,0,0,0,0,0,0,0,0,0,0,0,0,0,0,0,0,0,0,0,0,0,0,0,0,0,0,0,0,0,0,0,0,0,0,0,0,0,0,0,0,0,0,0,0,0,0,0,0,0,0,0,0,0,0,0,0,0,0,0,0,0,0,0,0,0,0,0,0,25,0,0,0,0,0,0,0,1,0,0,0,68,0,0,0,0,0,0,1,0,33,42,0,0,0,0,0,0,0,0,0,0,0,0,0,0,0,0,0,0,0,0,0,0,0,18,0,0,0,0,0,0,0,378,78,0,0,0,22
8,0,31,0,22,0,32,0,8,0,12,0,86,0,0,0,12,0,3,0,0,0,12,0,14,0,47,0,0,0,4,0,6,0,5,0,7,0,0,0,213,0,49,0,290,15,198,5,0,37,8,0,8,0,18,0,27,0,5,0,5,0,29,0,0,0,2,0,58,0,0,0,2,0,0,0,0,0,3,0,28,1,40,0,0,0,19,0,17,0,6,0,44,1,41,1,8,0,16,0,19,0,49,0,0,0,0,0,0,0,0,0,0,0,1,0,1,0,0,0,0,0,0,0,9,4,0,3,7,0,3,0,5,3,6,0,0,0,0,0,0,0,23,0,0,0,6,0,7,0,3,0,10,0,6,0,0,0,6,0,13,0,3,0,17,0,3,0,27,0,6,0,12,0,3,0,42,20,24,0,10,1,4,0,0,0,218,0,35,2,18,0,32,0,14,0,5,0,0,0,0,0,36,0,24,0,0,0,4,0,31,67,95,11,86,0,10,22,1,6,7,4,0,1,2
0,2,0,1,0,7,0,2,0,2,0,35,13,40,0,0,0,0,3,0,0,6,0,0,0,0,28,20,0,0,0,0,0,2,0,2,0,0,0,0,90,124,21,30,73,141,52,64,37,0,0,0,0,0,0,0,0,2,0,0,0,0,0,0,0,0,0,1,0,10,0,0,0,3,0,2,0,8,0,0,0,5,0,33,0,0,0,0,0,9,0,0,0,13,0,35,0,0,0,0,0,9,0,18,0,0,0,0,0,0,0,0,0,0,0,0,0,0,0,0,0,0,0,0,0,0,0,0,0,0,0,0,0,0,0,0,0,0,0,0,0,0,0,0,0,0,0,1,0,0,0,0,0,3,0,0,0,3,0,0,0,0,0,1,0,57,0,0,0,23,0,2,0,1,0,0,0,105,0,3,0,0,0,0,0,0,24,42,0,0,0,0,0,0,0,0,0,0,0,0,0,3,0,0,0,0,0,0,0,0,0,9,1,0,7,0,0,0,16,11,15,0,0,0,8
0,0,0,0,56,0,0,0,0,0,0,0,370,0,20,0,0,0,288,8,46,1,7,0,14,0,534,155,35,0,60,0,55,0,143,0,117,0,2,0,41,70,136,15,106,58,5,122,8,0,0,13,0,0,0,0,0,0,0,0,2,0,23,0,0,0,0,0,0,0,45,0,5,0,34,0,0,0,0,0,44,0,0,0,44,0,16,0,0,0,0,0,0,0,0,1,23,0,0,0,0,0,0,1,9,0,0,0,0,0,0,0,0,0,0,0,0,0,0,0,0,0,0,0,0,0,0,0,0,0,0,0,0,0,0,0,0,0,0,0,37,0,79,0,55,0,0,0,0,0,0,0,0,0,0,0,3,0,0,0,0,0,24,0,76,1,28,0,76,0,30,0,58,0,0,0,0,0,37,0,0,0,6,0,0,0,46,4,0,0,0,0,0,0,0,0,0,0,0,0,0,0,0,0,0,0,0,0,0,0,82,217,115,35,29,0,0,0,0,0,0,0,0,0,0
0,0,0,0,0,173,0,0,0,0,0,54,41,289,0,12,0,4,98,329,40,163,0,22,0,0,18,539,0,54,0,83,0,60,20,87,0,144,0,61,0,40,0,236,0,152,0,44,0,0,13,0,0,3,0,0,0,0,0,5,0,13,0,23,0,0,0,0,0,0,0,33,0,7,0,0,0,1,0,0,0,0,0,9,0,47,0,0,0,0,0,0,0,0,0,0,0,0,0,0,0,0,0,0,0,5,0,0,0,0,0,0,0,0,0,0,0,0,0,0,0,0,0,0,0,0,0,6,0,21,0,0,0,26,0,33,0,0,0,234,0,267,0,340,0,119,0,0,0,0,0,0,0,2,0,0,0,14,0,0,0,0,0,19,0,18,0,29,0,64,0,35,0,29,0,0,0,29,0,0,0,0,0,0,0,0,6,155,0,0,0,0,0,0,0,0,0,1,0,0,0,0,0,11,0,0,0,0,0,4,0,0,0,0,27,0,0,0,115,83,66,0,0,2,0
7,0,0,0,0,0,81,7,157,110,0,0,0,0,0,0,24,0,0,0,0,0,2,0,40,1,0,0,32,0,0,0,0,0,0,0,0,0,29,0,0,0,0,0,0,0,0,0,8,0,0,0,0,19,200,123,106,34,9,43,120,0,87,5,0,0,6,47,0,0,3,0,0,0,7,0,0,0,0,0,13,0,0,0,39,0,6,0,0,0,19,0,0,0,0,0,35,0,18,0,2,0,0,0,0,0,0,0,0,0,0,0,0,0,0,0,0,0,0,0,0,0,13,0,0,0,0,0,212,0,33,0,35,0,17,0,293,0,410,0,123,0,206,0,35,0,0,0,0,0,0,0,0,0,414,0,108,0,297,0,30,0,0,0,2,0,5,0,10,0,86,0,13,0,0,0,21,9,0,0,0,0,3,0,0,9,0,0,0,0,0,0,0,0,0,0,0,0,0,0,0,0,0,0,0,0,0,0,15,0,35,28,178,137,75,4,9,0,7,2,1,0,0,0,0
2,0,0,0,0,0,60,21,83,198,0,0,0,0,0,0,0,32,0,0,0,0,0,1,21,8,0,0,0,22,0,1,0,0,0,8,0,1,0,46,0,0,0,0,0,0,0,0,0,0,0,3,19,0,62,72,2,234,20,15,0,105,9,198,0,0,30,17,0,0,0,0,0,0,0,0,0,1,0,0,0,0,0,1,0,0,0,0,0,0,0,0,0,0,0,0,0,0,0,0,0,0,0,0,0,0,0,0,0,0,0,0,0,0,0,0,0,0,0,0,0,0,0,0,0,19,0,9,0,72,0,28,0,33,0,7,0,75,0,213,0,19,0,15,0,62,0,0,0,0,0,4,0,0,0,290,1,197,0,260,0,45,0,0,0,1,0,0,0,0,0,30,0,0,0,0,6,30,0,0,1,1,0,3,0,30,0,0,0,0,0,0,0,0,0,0,0,0,0,1,0,0,0,0,0,0,0,0,0,0,0,1,0,0,22,0,0,0,20,36,56,87,2,6,0
25,0,71,0,4,0,226,8,214,205,0,0,0,0,0,0,30,0,0,0,9,0,42,0,181,1,0,0,14,0,0,0,0,0,0,0,0,0,18,0,0,0,0,0,0,0,0,0,18,0,0,0,200,62,0,197,138,45,26,52,11,0,35,10,0,0,48,107,0,0,0,0,4,0,0,0,1,0,0,0,0,0,0,0,0,0,0,0,0,0,1,0,0,0,0,1,0,0,0,0,0,0,0,0,0,0,0,0,0,0,0,0,0,0,0,0,0,0,0,0,0,0,0,0,32,0,62,0,52,0,68,0,26,0,36,0,99,0,32,0,0,0,52,0,3,0,0,0,15,0,0,0,0,0,85,2,4,1,38,0,106,0,7,0,10,0,0,0,19,0,66,0,14,0,0,0,8,6,0,0,0,0,0,0,1,33,0,0,0,0,0,0,0,0,0,0,0,0,0,0,0,0,0,0,0,0,0,0,22,0,562,146,399,532,584,14,29,0,13,7,0,11,0,0,0
78,23,35,20,0,0,226,983,356,415,0,0,0,0,0,41,23,90,0,25,0,41,0,16,218,268,0,0,0,84,0,0,0,0,0,7,0,4,1,67,0,0,0,0,0,0,0,0,0,0,0,0,123,72,197,0,0,173,24,101,8,36,123,203,0,31,59,48,0,10,0,0,0,0,0,0,0,0,0,0,0,0,0,0,0,0,0,0,0,0,0,0,0,0,0,0,0,0,0,0,0,0,0,0,0,0,0,0,0,0,0,0,0,0,0,0,0,0,0,0,0,0,1,0,0,15,0,7,0,0,0,45,0,0,0,3,3,0,0,4,0,0,3,0,0,2,0,0,0,10,0,11,0,1,1,44,1,16,0,11,0,147,0,0,0,20,0,0,0,30,0,77,0,40,0,0,54,86,0,0,0,0,8,8,16,7,0,0,0,0,0,0,0,0,0,0,0,0,0,0,0,0,0,0,0,0,0,0,0,0,7,3,3,0,330,0,0,0,276,48,408,524,23,48,0
0,0,10,0,0,0,76,0,40,0,0,0,0,0,0,0,7,0,0,0,0,0,0,0,23,0,0,0,0,0,0,0,0,0,0,0,0,0,0,0,0,0,0,0,0,0,0,0,27,0,0,0,106,2,138,0,0,0,230,56,0,0,2,0,57,13,65,44,0,0,0,0,0,0,0,0,0,0,0,0,0,0,0,0,0,0,0,0,0,0,0,0,0,0,0,0,0,0,0,0,0,0,0,0,0,0,0,0,0,0,0,0,0,0,0,0,0,0,0,0,0,0,0,0,23,0,9,0,34,0,46,5,0,0,0,0,8,0,0,3,0,0,0,0,3,0,0,1,3,0,0,0,0,0,137,6,6,0,121,8,305,5,0,0,0,0,4,0,52,0,84,0,19,0,6,0,0,0,0,0,41,0,0,0,11,5,0,0,0,0,0,0,0,0,0,0,0,0,0,0,0,0,0,0,0,0,0,0,0,0,631,149,577,512,1086,46,32,6,0,0,0,0,0,0,0
0,0,0,0,0,0,0,40,58,67,0,0,0,0,0,0,0,41,0,0,0,27,0,0,8,68,0,0,0,42,0,3,0,0,0,9,0,0,0,22,0,0,0,0,0,8,0,0,0,2,0,0,34,234,45,173,0,0,60,167,0,4,6,98,0,8,73,47,0,13,0,0,0,0,0,0,0,0,0,0,0,0,0,6,0,0,0,0,0,0,0,0,0,0,0,0,0,0,0,0,0,0,0,1,0,1,0,0,0,0,0,0,0,0,0,0,0,0,0,0,0,0,0,0,0,12,0,0,0,8,0,49,0,0,0,0,0,0,0,3,0,0,0,0,0,0,0,2,0,6,0,0,0,0,3,130,4,19,0,108,0,182,0,69,0,19,0,0,0,39,0,195,0,15,0,0,0,5,0,0,0,0,0,0,0,6,0,0,0,0,0,0,0,0,0,0,0,0,0,0,0,0,0,0,0,0,0,0,0,0,0,0,0,0,571,0,0,0,394,55,646,637,31,62,0
0,0,0,0,0,0,17,0,53,0,0,0,0,0,0,0,0,0,0,0,0,0,0,0,0,0,0,0,0,0,0,0,0,0,0,0,0,0,0,0,0,0,0,0,0,0,0,0,5,0,0,0,9,20,26,24,230,60,0,237,2,0,0,0,220,20,161,250,0,0,0,0,0,0,0,0,0,0,0,0,0,0,0,0,0,0,0,0,0,0,0,0,0,0,0,0,0,0,0,0,0,0,0,0,0,0,0,0,0,0,0,0,0,0,0,0,0,0,0,0,0,0,0,0,10,0,0,0,0,0,9,0,0,0,0,0,0,0,0,0,0,0,0,0,0,0,0,0,5,0,0,0,0,0,8,16,0,1,2,11,41,0,0,0,0,0,0,0,1,0,0,0,0,0,49,0,0,0,0,0,51,0,0,0,104,25,0,0,0,0,0,0,0,0,0,0,0,0,0,0,0,0,0,0,0,0,0,0,0,0,775,372,99,268,741,26,0,0,4,0,0,0,0,0,0
0,14,0,0,0,0,0,81,83,83,0,0,0,0,0,0,0,0,0,0,0,0,0,0,0,22,0,0,0,0,0,0,0,1,0,0,0,0,0,4,0,0,0,0,0,0,0,0,0,0,0,5,43,15,52,101,56,167,237,0,0,0,2,0,29,180,247,787,0,8,0,0,0,0,0,0,0,4,0,0,0,0,0,0,0,0,0,0,0,0,0,0,0,0,0,0,0,0,0,0,0,0,0,0,0,0,0,0,0,0,0,0,0,0,0,0,0,0,0,0,0,0,0,0,2,0,0,0,0,0,0,41,0,0,0,0,0,0,10,0,0,0,0,0,6,0,0,0,0,8,0,0,0,0,43,7,0,26,0,6,35,153,0,0,0,11,0,2,0,8,0,0,0,0,20,21,0,0,0,0,25,35,0,0,47,53,0,0,0,0,0,0,0,0,0,0,0,0,0,0,0,0,0,0,0,0,0,0,0,0,0,2,0,0,1315,0,0,0,1215,293,468,686,62,61,0
99,0,155,0,0,0,201,0,144,0,0,0,0,0,4,0,15,0,0,0,0,0,31,0,139,0,0,0,8,0,0,0,23,0,1,0,33,0,31,0,0,0,5,0,0,0,0,0,5,0,2,0,120,0,11,8,0,0,2,0,0,0,40,0,0,0,0,0,0,0,3,0,1,0,3,0,0,0,0,0,1,0,0,0,0,0,0,0,0,0,0,0,0,0,0,0,0,0,0,0,0,0,0,0,0,0,0,0,0,0,0,0,0,0,0,0,0,0,0,0,0,0,0,0,0,0,0,0,0,0,0,0,0,0,0,0,27,0,247,0,56,0,0,0,357,0,0,0,0,0,0,0,0,0,75,0,154,0,62,0,0,0,7,0,4,0,0,0,16,0,222,0,97,0,1,0,47,5,0,0,0,0,24,0,5,0,0,0,0,0,0,0,0,0,0,0,0,0,0,0,0,0,0,0,0,0,0,0,0,0,10,41,87,49,13,0,0,0,0,0,0,0,0,0,0
0,163,10,0,0,0,0,103,0,144,0,0,0,0,0,0,2,16,0,0,0,2,0,6,13,29,0,0,0,4,0,0,0,0,0,9,0,40,0,11,0,0,0,0,0,0,0,0,0,0,0,13,0,105,0,36,0,4,0,0,0,0,2,103,0,0,0,0,0,1,0,2,0,0,0,0,0,0,0,0,0,0,0,0,0,0,0,0,0,0,0,0,0,0,0,0,0,0,0,0,0,0,0,0,0,0,0,0,0,0,0,0,0,0,0,0,0,0,0,0,0,0,0,0,0,0,0,0,0,0,0,0,0,0,0,2,0,0,0,117,0,37,0,0,0,128,0,0,0,0,0,0,0,0,0,66,0,248,0,65,0,0,0,6,0,12,0,6,0,32,0,72,0,162,0,0,0,75,0,0,0,0,0,10,0,0,0,0,0,0,0,0,0,0,0,0,0,0,0,0,0,0,0,0,0,0,0,0,0,0,0,0,0,0,0,0,0,0,12,534,142,17,0,3,0
108,12,236,0,0,0,258,81,159,134,0,0,0,0,4,0,375,8,35,0,205,0,63,0,296,23,73,0,313,0,57,0,38,0,0,0,20,0,171,0,0,0,0,0,146,0,0,0,29,0,23,0,87,9,35,123,2,6,0,2,40,2,0,18,0,0,1,0,0,0,0,0,0,0,0,0,0,0,0,0,0,0,0,0,16,0,0,0,0,0,0,0,0,0,0,0,0,0,0,0,0,0,0,0,0,0,0,0,0,0,0,0,0,0,0,0,0,0,0,0,5,0,10,0,4,0,0,0,34,0,1,0,0,0,0,0,85,0,215,0,91,0,78,0,51,0,0,0,0,0,0,0,0,0,88,0,6,0,73,0,4,0,0,0,0,0,0,0,3,0,40,1,13,0,0,0,72,19,2,0,2,0,11,0,3,0,0,0,0,0,0,0,0,0,0,0,0,0,0,0,0,0,0,0,0,0,0,0,0,0,9,4,31,19,26,0,1,0,7,0,0,0,0,0,0
54,310,52,38,0,0,28,485,8,376,0,0,0,0,0,0,9,324,0,0,0,32,0,15,92,130,0,0,0,77,0,0,0,4,0,18,0,82,0,88,0,0,0,0,0,4,0,0,0,0,0,23,5,198,10,203,0,98,0,0,0,103,18,0,0,0,0,2,0,0,0,0,0,0,0,0,0,0,0,0,0,0,0,0,0,0,0,0,0,0,0,0,0,0,0,0,0,0,0,0,0,0,0,0,0,0,0,0,0,0,0,0,0,0,0,0,0,0,0,0,0,0,0,0,0,0,1,0,0,0,0,10,0,33,0,14,0,62,0,166,0,47,0,50,0,23,0,0,0,0,0,6,0,3,0,114,0,28,0,87,6,16,0,0,0,0,0,0,0,5,0,0,0,0,0,2,0,108,0,0,0,0,0,35,0,12,0,0,0,0,0,0,0,0,0,0,0,0,0,0,0,0,0,1,0,0,0,0,0,0,0,0,0,0,15,0,0,0,9,131,23,23,0,4,0
13,0,0,0,0,0,42,0,263,0,0,0,0,0,6,0,0,2,0,0,0,0,0,0,0,0,4,0,0,0,1,0,0,0,0,0,0,0,0,2,0,0,0,0,0,0,0,0,0,0,0,0,0,0,0,0,57,0,220,29,0,0,0,0,0,27,347,30,0,0,0,0,0,0,0,0,0,0,0,0,0,0,0,0,0,0,0,0,0,0,0,0,0,0,0,0,0,0,0,1,0,0,0,0,0,0,0,0,0,0,0,0,0,0,0,0,0,0,0,0,0,0,0,0,22,0,0,0,0,0,74,37,0,0,0,0,0,2,4,23,0,0,1,3,4,7,8,0,70,0,0,0,0,0,8,17,0,0,2,30,273,37,0,0,0,0,0,0,0,0,0,0,0,0,42,0,0,0,0,0,227,27,3,0,138,4,0,0,0,0,0,0,0,0,0,0,0,0,0,0,0,0,0,0,0,0,0,0,0,0,51,5,0,0,33,0,0,0,0,0,0,0,0,0,0
0,59,0,4,0,14,0,72,0,151,0,12,0,2,0,11,0,0,0,15,0,0,0,0,0,0,0,15,0,5,0,0,0,5,0,0,0,0,0,0,0,0,0,0,0,0,0,0,0,0,0,0,0,0,0,31,13,8,20,180,0,0,0,0,27,0,19,231,0,0,5,51,0,7,0,37,0,2,1,8,0,0,0,0,0,1,0,17,0,0,0,0,0,0,0,0,2,0,0,1,0,0,0,0,0,0,0,0,0,0,0,0,0,0,0,0,0,0,0,0,0,0,0,0,0,76,0,69,0,0,21,114,0,0,0,0,0,0,12,2,0,3,0,2,0,10,0,37,17,361,0,29,0,0,4,0,0,0,15,0,107,335,0,9,0,0,0,2,0,10,0,1,0,0,7,30,0,3,0,0,30,203,0,0,6,60,0,0,0,0,0,0,0,0,0,0,0,0,0,0,0,0,0,0,0,0,0,2,0,0,0,0,0,0,108,0,0,0,93,5,54,26,0,5,0
4,0,0,0,0,0,20,0,112,20,0,0,0,0,1,0,0,0,0,0,0,0,1,0,0,0,0,0,0,0,0,0,0,0,0,0,0,0,0,0,0,0,0,0,0,0,0,0,2,0,0,0,6,30,48,59,65,73,161,247,0,0,1,0,347,19,0,207,0,0,0,0,0,0,0,0,0,0,0,0,0,0,0,0,0,0,0,0,0,0,0,0,0,0,0,0,0,0,0,0,0,0,0,0,0,0,0,0,0,0,0,0,0,0,0,0,0,0,0,0,0,0,0,0,0,0,0,0,0,0,53,0,0,0,0,0,0,0,0,1,0,0,0,0,0,0,0,0,28,0,0,0,0,0,4,20,0,0,0,9,96,2,0,0,0,0,0,0,0,0,0,0,0,0,116,0,7,0,0,0,106,0,0,0,609,31,0,0,0,0,0,0,0,0,0,0,0,0,0,0,0,0,0,0,0,0,0,0,0,0,122,86,0,0,74,3,0,0,0,0,0,0,0,0,0
0,11,0,0,0,0,20,67,110,234,0,2,0,0,0,0,0,0,0,0,0,0,0,0,2,0,0,0,0,0,0,0,0,0,0,0,0,0,0,0,0,0,0,0,0,0,0,0,0,1,0,0,47,17,107,48,44,47,250,787,0,0,0,2,30,231,207,0,0,0,1,0,0,0,0,0,0,0,0,0,0,0,0,0,1,0,0,0,0,0,0,0,0,2,0,0,0,0,0,0,0,0,0,0,0,0,0,0,0,0,0,0,0,0,0,0,0,0,0,0,0,0,0,0,0,21,0,0,0,0,0,152,0,0,0,0,0,0,0,0,0,0,0,0,6,0,0,0,0,67,0,0,0,0,33,1,7,0,4,0,0,186,0,0,0,0,0,1,0,0,0,0,0,0,19,81,4,2,0,0,23,51,0,0,44,406,0,0,0,0,0,0,0,0,0,0,0,0,0,0,0,0,0,0,0,0,0,0,0,0,0,0,0,0,136,0,0,0,230,72,0,0,0,4,0
0,0,1,0,0,0,0,0,0,0,0,0,0,0,0,0,2,0,0,0,0,0,0,0,2,0,0,0,0,0,0,0,0,0,0,0,0,0,0,0,0,0,0,0,16,0,0,0,58,0,0,0,0,0,0,0,0,0,0,0,0,0,0,0,0,0,0,0,0,0,0,0,17,0,5,0,142,0,42,0,13,0,59,0,0,0,12,0,8,0,0,0,26,0,20,0,11,0,0,0,8,0,249,0,49,0,0,0,102,0,21,0,6,0,6,0,6,0,0,0,0,0,0,0,0,0,0,0,1,0,0,0,0,0,0,0,0,0,0,0,0,0,0,0,0,0,8,0,0,5,5,0,0,0,0,0,0,0,0,0,0,0,1,0,17,0,0,0,178,0,3,0,0,0,3,0,0,1,0,0,0,0,0,0,0,0,0,0,40,0,26,0,49,0,33,0,0,0,0,0,0,0,0,0,53,0,0,0,0,0,80,31,132,0,0,36,237,12,0,0,0,0,0,0,0
0,2,0,2,0,2,0,5,0,6,0,0,0,0,0,0,0,0,0,0,0,0,0,0,0,0,0,0,0,0,0,0,0,0,0,0,0,0,0,0,0,0,0,1,0,9,0,0,0,10,0,0,0,0,0,10,0,13,0,8,0,1,0,0,0,0,0,0,0,0,0,0,0,0,0,0,0,31,0,0,0,15,0,19,0,0,0,17,0,0,0,0,0,9,0,39,0,0,0,0,0,0,0,38,0,0,0,0,0,45,0,0,0,0,0,0,0,30,0,0,0,0,0,0,0,0,0,3,0,0,0,0,0,0,0,0,0,0,0,0,0,0,0,0,0,2,0,0,0,0,0,6,0,2,0,0,0,4,0,5,0,5,0,0,0,18,0,0,0,66,0,4,0,1,0,0,0,4,0,0,0,3,0,0,0,0,0,1,0,28,0,0,0,0,0,15,0,0,0,7,0,0,0,0,0,10,0,0,0,0,0,0,0,1,5,0,0,0,15,22,94,13,2,138,1
5,0,0,0,0,0,0,0,2,0,0,0,0,0,0,0,0,0,0,0,17,0,0,0,0,0,0,0,7,0,0,0,10,0,0,0,72,0,35,0,0,0,27,0,108,0,0,0,0,0,45,0,3,0,0,0,0,0,0,0,3,0,0,0,0,5,0,1,0,0,0,0,355,0,322,0,13,0,292,0,51,0,0,0,11,0,138,7,0,0,0,0,0,0,0,3,0,0,19,0,0,2,0,0,0,0,0,0,0,0,0,0,0,0,0,0,0,0,0,0,38,0,6,0,60,0,69,0,19,0,68,11,65,0,28,0,33,14,32,0,105,0,18,6,196,0,35,0,44,16,58,0,35,0,0,1,0,0,7,0,34,3,48,0,0,0,23,0,84,0,42,0,36,0,29,0,0,0,0,0,54,11,0,0,20,0,0,0,0,0,0,0,0,0,0,0,0,0,0,0,0,0,0,0,0,0,0,0,67,0,36,0,39,0,12,0,1,0,4,0,0,0,0,0,0
0,0,0,0,0,0,0,0,0,0,0,0,0,0,0,0,0,0,0,0,0,6,0,0,0,0,0,0,0,5,0,0,0,0,0,0,0,0,0,0,0,0,0,11,0,18,0,0,0,0,0,33,0,0,0,0,0,0,0,0,0,2,0,0,0,51,0,0,0,0,0,0,0,140,0,349,0,12,0,22,2,13,0,0,0,0,0,103,0,0,0,0,0,0,0,0,0,0,0,2,0,0,0,0,0,0,0,0,0,0,0,0,0,0,0,0,0,0,0,0,0,14,0,9,0,85,0,49,0,37,9,79,0,53,0,0,1,0,0,22,0,32,0,0,0,207,0,0,4,102,11,0,0,21,0,0,0,0,0,2,0,0,0,50,0,0,0,0,0,15,0,19,0,26,0,0,0,0,0,0,12,44,0,0,0,20,0,0,0,0,0,0,0,0,0,0,0,0,0,0,0,0,0,0,0,0,0,0,0,17,0,0,0,0,6,0,0,0,50,6,21,1,0,0,0
0,0,0,0,5,0,6,0,0,0,0,0,0,0,0,0,0,0,0,0,0,0,0,0,0,0,0,0,0,0,0,0,0,0,0,0,3,0,0,0,0,0,9,0,0,0,1,0,2,0,5,0,0,0,4,0,0,0,0,0,1,0,0,0,0,0,0,0,17,0,355,0,0,0,110,0,33,0,198,0,11,0,22,0,7,0,24,0,0,0,0,0,7,0,3,0,0,0,0,0,0,0,4,0,0,0,0,1,3,0,0,0,0,0,0,0,0,0,0,0,27,0,3,0,95,0,86,0,15,0,27,0,77,0,77,0,48,0,39,0,83,0,51,0,101,0,33,0,8,0,87,1,0,0,0,0,2,0,0,0,4,0,103,0,7,0,0,0,72,0,23,0,5,0,2,0,0,0,0,0,15,0,0,0,0,0,0,0,0,0,0,0,30,0,0,0,0,0,0,0,0,0,0,0,0,0,0,0,145,0,108,8,117,7,30,0,5,0,2,0,0,0,0,1,0
0,1,0,0,0,0,0,0,0,0,0,0,0,0,0,0,0,1,0,0,0,0,0,0,0,0,0,0,0,0,0,0,0,0,0,0,0,0,0,0,0,0,0,0,0,2,0,0,0,3,0,7,0,0,0,0,0,0,0,0,0,0,0,0,0,7,0,0,0,0,0,140,0,0,0,250,0,79,0,32,0,6,0,9,0,25,0,150,0,1,0,0,0,0,0,0,2,5,0,0,0,0,0,3,0,0,0,0,0,3,0,0,0,0,0,0,0,2,0,0,0,11,0,8,0,0,20,0,2,0,0,61,0,40,0,71,7,0,0,5,0,17,0,0,0,70,0,29,0,39,0,0,0,13,0,0,0,0,0,0,0,0,0,79,0,1,0,0,0,19,0,12,0,0,0,4,0,0,0,0,14,0,0,0,0,6,0,0,0,0,0,0,0,0,0,0,0,0,0,33,0,0,0,0,0,0,0,0,0,63,0,0,0,0,18,0,1,0,118,3,10,0,1,3,0
0,0,0,0,0,0,0,0,0,0,0,0,0,0,0,0,0,0,0,0,0,0,8,0,0,0,0,0,11,0,0,0,0,0,5,0,67,0,35,0,0,0,0,0,111,0,0,0,0,0,34,0,7,0,0,0,0,0,0,0,3,0,0,0,0,0,0,0,5,0,322,0,110,0,0,0,18,0,249,0,71,0,26,0,25,0,122,0,0,0,0,1,0,0,16,0,0,0,29,0,0,5,0,0,0,0,0,0,0,0,0,0,0,0,0,0,0,0,0,0,87,0,37,0,109,47,0,0,10,0,78,26,31,14,71,0,26,44,17,0,79,0,93,4,204,0,60,34,63,35,32,0,91,14,1,0,0,0,3,0,0,0,34,0,0,0,16,0,43,0,24,0,18,0,41,0,0,0,0,0,77,19,0,0,0,0,0,0,0,0,0,0,0,0,0,0,0,0,0,0,0,0,59,0,0,0,23,0,90,0,15,4,9,0,9,0,1,0,8,0,24,0,0,0,0
0,1,0,0,0,0,0,0,0,0,0,0,0,0,0,0,0,6,0,0,0,0,0,0,0,0,0,0,0,8,0,0,0,0,0,3,0,0,0,0,0,0,0,7,0,13,0,0,0,2,0,0,0,0,0,0,0,0,0,0,0,0,0,0,0,37,0,0,0,0,0,349,0,250,0,0,0,20,0,100,0,17,0,0,0,28,0,177,0,0,0,0,0,0,0,0,3,0,0,8,0,2,0,0,0,0,0,0,0,0,0,0,0,0,0,0,0,0,0,0,0,185,0,36,20,113,0,77,14,0,14,0,5,53,0,63,0,20,5,12,0,68,0,43,0,200,0,62,0,155,0,0,4,41,0,0,0,2,0,2,6,0,0,50,0,0,0,5,4,20,0,7,0,17,1,12,0,0,0,0,17,112,0,0,0,20,0,0,0,0,0,0,0,0,0,0,0,0,0,31,0,39,0,49,0,4,0,16,0,55,0,0,0,0,4,0,0,0,69,0,7,0,0,1,0
0,0,0,0,0,0,0,0,0,0,0,0,0,0,0,0,0,0,0,0,0,0,0,0,0,0,0,0,0,0,0,0,0,0,0,0,0,0,0,0,0,0,0,0,0,0,0,0,0,0,0,0,0,0,1,0,0,0,0,0,0,0,0,0,0,0,0,0,142,0,13,0,33,0,18,0,0,0,69,0,0,0,59,0,0,0,25,2,1,0,0,0,65,0,17,0,0,0,4,0,4,0,85,0,0,0,0,0,33,0,5,0,4,0,3,0,10,0,0,0,5,0,0,0,0,0,6,0,0,0,9,2,3,0,0,0,0,0,3,0,7,0,0,0,0,0,0,4,0,0,0,0,2,0,0,0,0,0,0,0,0,0,2,0,9,0,0,0,35,0,0,0,0,0,0,0,0,0,0,0,0,0,0,0,0,0,0,0,38,0,13,0,0,0,0,0,0,0,0,0,0,0,51,0,24,0,5,0,0,0,43,0,67,0,5,13,23,0,0,0,0,0,0,0,0
0,0,0,0,0,0,0,6,0,6,0,0,0,0,0,0,0,0,0,0,0,0,0,0,0,0,0,0,0,0,0,0,0,0,0,0,0,0,0,1,0,0,0,0,0,8,0,0,0,8,0,1,0,1,0,0,0,0,0,4,0,0,0,0,0,2,0,0,0,31,0,12,0,79,0,20,0,0,0,4,0,66,0,90,0,26,0,141,0,6,0,0,0,25,0,69,0,0,0,2,0,9,0,67,0,0,0,0,0,60,0,0,0,0,0,3,0,73,0,0,0,4,0,3,0,0,0,12,0,0,0,0,0,0,0,0,0,0,0,0,0,0,4,0,0,4,0,0,0,0,0,0,0,0,0,2,0,1,0,0,0,4,0,12,0,10,0,0,0,159,0,2,0,2,0,0,0,0,0,0,0,9,0,0,0,0,0,1,0,0,0,0,0,0,0,0,0,0,0,27,0,0,0,29,0,0,0,0,3,0,0,0,0,0,16,0,0,0,62,5,96,0,7,15,0
0,0,0,0,0,0,0,0,0,0,0,0,0,0,3,0,0,0,0,0,0,0,0,0,0,0,0,0,0,0,0,0,0,0,0,0,0,0,2,0,0,0,0,0,0,0,0,0,3,0,0,0,0,0,0,0,0,0,0,0,0,0,0,0,0,1,0,0,42,0,292,0,198,0,249,0,69,0,0,0,29,0,133,0,13,0,95,0,0,0,0,0,47,0,21,0,0,0,5,0,5,0,53,0,20,0,0,0,13,0,2,0,1,0,2,0,2,0,0,0,75,0,0,0,0,7,0,0,12,0,18,0,0,0,69,0,22,5,0,0,62,0,93,0,0,1,0,0,0,0,57,0,0,4,0,0,0,0,0,0,0,0,11,0,0,0,0,0,39,0,4,0,4,0,4,0,0,0,0,0,18,0,0,0,0,0,0,0,20,0,26,0,64,0,4,0,5,0,0,0,0,0,181,0,59,0,0,0,132,0,194,9,85,8,36,10,7,0,4,0,0,0,0,0,0
