0,361,7,137,58,45,38,224,69,88,133,0,121,0,21,105,86,12,5,0,7,0,11,193,0,125,0,0,57,0,16,0,0,0,0,0,0,0,148,0,17,0,0,0,5,0,0,0,3,0,0,0,0,0,0,10,0,0,8,0,253,0,89,46,0,0,19,0,0,0,0,0,0,0,0,0,0,0,1,0,0,0,0,0,0,0,0,0,0,0,0,0,1,0,0,0,0,0,0,0,0,0,0,0,0,0,0,0,0,0,0,0,0,0,0,0,0,0,0,0,0,0,0,0,32,0,16,0,0,0,40,0,0,0,0,0,0,0,0,0,0,0,0,0,0,0,50,0,80,0,27,0,0,0,0,0,0,0,0,0,0,0,0,0,0,0,0,0,22,0,11,0,250,0,0,0,438,102,19,0,0,0,36,0,16,0,0,0,0,0,0,0,0,0,0,0,6,0,0,0,1,0,0,0,0,0,6,0,50,0,715,179,479,0,252,0,0,1,6,0,11,0,0,0,0
361,0,274,28,0,229,82,40,39,96,24,261,0,146,0,14,164,10,0,142,0,0,410,28,390,1,0,297,0,137,0,0,0,189,0,0,0,148,0,538,0,30,0,0,0,0,0,70,0,12,0,0,0,0,0,12,0,6,0,0,0,163,17,76,0,45,0,16,0,0,0,0,0,0,0,0,0,0,0,0,0,0,0,0,0,0,0,0,0,0,0,0,0,0,0,1,0,0,0,0,0,0,0,0,0,0,0,0,0,0,0,0,0,0,0,0,0,0,0,0,0,0,0,1,0,82,0,96,0,0,0,61,0,0,0,50,0,60,0,0,0,0,0,0,0,0,0,88,0,143,1,90,0,173,0,0,0,0,0,0,0,3,0,0,0,10,0,0,0,24,0,33,0,225,0,33,72,390,0,6,0,12,15,0,0,97,0,0,0,0,0,0,0,0,0,0,0,0,0,0,0,0,0,1,0,0,0,22,0,97,7,0,0,0,202,0,0,0,553,194,465,0,0,0,0
7,274,0,0,121,0,56,0,8,0,28,69,76,0,264,87,210,8,88,0,119,0,197,132,59,42,142,0,239,8,169,0,24,0,0,0,24,0,250,0,14,0,0,0,70,0,38,0,4,0,0,0,0,0,110,3,15,0,27,0,246,0,227,20,0,0,4,0,0,0,0,0,0,0,0,0,0,0,0,0,0,0,0,0,0,0,0,0,0,0,0,0,0,0,0,0,0,0,0,0,0,0,1,0,0,0,0,0,0,0,0,0,0,0,0,0,0,0,0,0,0,0,0,0,81,0,186,0,14,0,88,0,42,0,148,0,0,0,0,0,0,0,0,0,0,0,88,0,65,0,87,0,16,0,0,0,0,0,0,0,13,0,0,0,0,0,0,0,48,0,23,0,474,0,0,0,101,63,0,0,0,0,0,0,0,0,0,0,0,0,0,0,0,0,0,0,18,0,16,0,36,0,0,0,0,0,25,0,305,0,656,101,759,0,348,0,0,2,7,0,0,0,0,0,0
137,28,0,0,0,250,0,47,0,2,0,40,0,42,0,224,50,43,0,306,0,0,145,124,83,45,0,182,5,231,0,90,0,215,0,0,0,45,0,340,0,6,0,0,0,0,0,22,0,2,0,0,0,8,0,92,0,13,0,6,0,29,0,34,0,0,0,1,0,0,0,0,0,0,0,0,0,0,0,0,0,0,0,0,0,0,0,0,0,0,0,0,0,0,0,0,0,0,0,0,0,0,0,0,0,0,0,0,0,0,0,0,0,0,0,0,0,0,0,0,0,0,0,0,0,46,0,0,0,0,0,57,0,51,0,127,0,202,0,0,0,0,0,28,0,0,0,0,0,0,0,8,0,5,0,9,0,0,0,0,0,0,0,0,0,0,0,49,0,28,0,20,0,196,0,5,0,21,0,0,0,0,0,0,0,0,0,0,0,0,0,0,0,0,0,0,0,1,0,0,0,0,0,0,0,0,0,0,0,48,0,0,0,0,168,0,0,0,343,34,468,0,0,0,0
58,0,121,0,0,396,30,9,24,0,108,259,391,194,312,289,113,0,199,305,339,126,57,106,8,0,207,0,122,0,439,0,397,22,0,70,397,43,568,0,107,0,0,0,51,0,109,11,0,0,92,0,0,0,0,0,0,0,0,0,7,0,0,0,36,0,0,0,0,0,0,0,0,0,0,0,0,0,0,0,0,0,0,0,0,0,0,0,0,0,0,0,0,0,0,0,0,0,0,0,0,0,0,0,0,0,0,0,0,0,0,0,0,0,0,0,0,0,0,0,0,0,0,0,0,0,64,0,0,0,20,0,0,0,76,0,0,0,0,0,0,0,0,0,0,0,75,0,135,0,121,0,67,0,0,0,2,0,0,0,0,0,0,0,61,0,358,0,142,0,0,0,214,0,0,0,224,167,86,0,0,0,25,0,33,0,0,0,0,0,0,0,0,0,0,0,0,0,0,0,0,0,0,0,0,0,0,0,131,0,640,351,834,0,284,0,0,1,0,0,0,0,0,0,0
45,229,0,250,396,0,0,44,0,0,304,117,66,256,376,63,35,0,0,258,135,191,237,147,0,12,0,381,0,77,0,317,0,263,0,355,0,291,66,0,0,30,0,0,0,0,0,95,0,0,0,0,0,0,0,24,0,0,0,0,0,0,0,6,0,0,0,0,0,0,0,0,0,0,0,0,0,0,0,0,0,0,0,0,0,0,0,0,0,0,0,0,0,0,0,0,0,0,0,0,0,0,0,0,0,0,0,0,0,0,0,0,0,0,0,0,0,0,0,0,0,0,0,0,0,19,0,0,0,0,0,0,0,0,0,124,0,171,0,0,0,0,0,0,0,0,0,0,0,84,0,108,0,262,0,0,0,0,0,0,0,0,0,0,0,0,0,263,0,84,0,0,0,209,0,0,117,183,38,22,0,96,0,0,0,49,0,1,0,0,0,0,0,0,0,0,0,0,0,0,0,0,0,0,0,0,0,0,0,46,0,0,0,0,283,0,0,0,701,326,657,0,0,11,0
38,82,56,0,30,0,0,136,82,372,11,0,0,0,18,1,37,0,0,0,0,0,6,1,85,101,0,0,3,0,1,0,0,0,0,0,0,0,0,0,0,0,0,0,0,0,0,0,18,0,0,0,100,33,120,64,12,0,25,0,265,0,337,90,0,0,84,26,0,0,0,0,0,0,0,0,0,0,0,0,0,0,1,0,0,0,0,0,0,0,0,0,0,0,0,0,0,0,0,0,0,0,0,0,0,0,0,0,0,0,0,0,0,0,0,0,0,0,0,0,0,0,0,0,120,0,119,0,0,0,182,0,44,0,30,0,5,0,0,0,0,0,0,0,0,0,44,0,29,0,0,0,0,0,0,0,0,0,0,0,24,0,5,0,5,0,0,0,79,0,178,0,307,0,0,0,33,30,0,0,0,0,0,0,1,0,0,0,0,0,0,0,0,0,0,0,0,0,0,0,0,0,0,0,0,0,0,0,113,0,804,51,741,0,759,0,295,1,0,0,0,0,0,0,0
224,40,0,47,9,44,136,0,253,115,0,11,0,15,0,18,89,4,0,47,0,0,61,17,303,7,0,65,0,0,0,0,0,0,0,0,0,18,0,134,0,3,0,0,0,0,0,12,0,3,0,0,15,8,28,87,0,21,0,0,22,168,37,174,0,1,0,0,0,0,0,0,0,0,0,0,0,0,0,0,0,0,0,0,0,0,0,0,0,0,0,0,0,0,0,0,0,0,0,0,0,0,0,0,0,0,0,0,0,0,0,0,0,0,0,0,0,0,0,0,0,0,0,0,0,30,0,14,0,61,0,52,0,52,0,106,0,164,0,0,0,3,0,23,0,0,0,0,0,9,0,6,0,0,0,9,0,0,0,0,0,0,0,0,0,16,0,9,0,34,0,67,12,185,0,0,22,58,0,0,0,0,0,7,0,0,0,0,0,0,0,0,0,0,0,0,0,0,0,0,0,0,0,0,0,0,0,0,0,49,6,8,21,0,334,0,0,0,794,63,489,0,2,0,0
69,39,8,0,24,0,82,253,0,755,48,1,17,0,0,0,1,0,0,0,0,0,0,0,0,140,0,0,0,0,0,0,0,0,0,0,0,1,0,0,6,0,0,0,0,0,10,0,2,0,0,0,102,143,17,198,0,0,116,68,200,13,140,153,133,0,305,200,0,0,0,0,0,0,0,0,0,0,0,0,0,0,0,0,0,0,1,0,0,0,0,0,0,1,0,0,0,0,0,0,0,0,0,0,0,0,0,0,0,0,0,0,0,0,0,0,0,0,0,0,0,0,0,0,93,0,0,0,0,0,161,0,0,0,5,0,0,0,0,0,0,0,0,0,0,0,91,0,202,0,48,0,13,0,4,0,7,9,0,1,0,0,0,0,0,0,0,0,26,0,77,0,112,0,3,0,256,79,0,0,0,0,22,14,113,13,0,0,0,0,0,0,1,0,0,0,14,0,0,0,0,0,0,0,3,0,5,0,43,0,344,96,140,0,229,0,86,0,0,0,0,0,0,0,0
88,96,0,2,0,0,372,115,755,0,0,56,0,0,3,0,32,0,0,0,0,0,0,0,315,2,0,0,0,0,0,0,0,0,0,0,0,2,0,0,0,0,0,0,0,0,0,0,0,3,0,0,113,38,262,196,0,32,84,54,22,130,87,137,0,199,0,87,0,1,0,0,0,0,0,0,0,1,0,0,0,0,0,0,0,0,0,0,0,0,0,0,0,0,0,0,0,0,1,0,0,0,0,0,0,0,0,0,0,0,0,0,0,0,0,0,0,0,0,0,0,0,0,0,0,76,0,63,0,0,0,65,0,33,0,23,0,22,0,0,0,0,0,0,0,0,0,50,0,205,0,37,0,26,0,7,0,18,0,0,0,13,0,0,0,5,0,0,1,19,7,73,18,27,0,1,53,254,0,1,0,0,0,48,0,70,0,0,0,0,0,0,0,0,0,0,0,0,0,0,0,0,0,0,0,0,0,0,0,68,14,24,25,2,322,0,0,0,608,117,301,0,0,109,0
133,24,28,0,108,304,11,0,48,0,0,196,391,27,15,301,95,0,0,79,74,65,19,130,0,2,42,7,97,0,178,0,166,21,13,14,160,20,319,0,44,0,10,0,0,0,59,0,0,0,0,0,1,0,0,0,0,0,6,0,5,0,2,0,27,0,0,0,0,0,0,0,0,0,0,0,0,0,0,0,0,0,0,0,4,0,0,0,0,0,0,0,0,0,0,0,0,0,0,0,0,0,0,0,0,0,0,0,0,0,0,0,0,0,0,0,0,0,0,0,0,0,0,0,31,0,0,0,0,0,0,0,0,0,0,0,0,0,0,0,0,0,0,0,0,0,49,0,79,1,91,0,93,0,0,0,1,0,0,0,0,0,0,0,0,0,113,0,40,0,0,0,120,0,44,0,259,103,88,0,72,0,60,0,33,0,9,0,0,0,0,0,0,0,0,0,9,0,0,0,0,0,0,0,0,0,0,0,57,0,205,198,212,0,71,0,6,0,14,0,0,0,0,0,0
0,261,69,40,259,117,0,11,1,56,196,0,18,529,306,7,23,0,39,75,95,39,257,31,0,1,0,291,0,70,29,98,0,232,0,97,0,205,0,117,0,130,0,0,0,41,0,194,0,15,0,0,0,0,0,5,0,0,0,2,0,0,0,0,0,25,0,0,0,0,0,0,0,0,0,0,0,1,0,0,0,0,0,0,0,0,0,0,0,0,0,0,0,0,0,0,0,0,0,0,0,0,0,0,0,0,0,0,0,0,0,0,0,0,0,0,0,0,0,0,0,0,0,0,0,22,0,0,0,2,0,0,0,0,0,33,0,17,0,0,0,0,0,0,0,0,0,0,0,81,0,117,0,349,0,0,0,0,0,0,0,0,0,0,0,0,0,94,0,31,0,0,0,117,0,141,93,279,0,84,0,86,0,51,0,94,1,9,0,0,0,0,0,0,0,0,0,0,0,0,0,7,0,0,0,0,0,0,0,32,0,0,0,0,132,0,0,0,416,205,253,0,0,0,0
121,0,76,0,391,66,0,0,17,0,391,18,0,272,41,11,0,0,127,274,72,82,7,0,0,0,173,487,0,0,28,0,19,0,118,43,58,0,0,0,169,78,235,52,89,51,214,114,8,0,342,44,0,0,0,0,0,0,0,0,0,0,0,0,0,0,0,0,0,0,0,0,0,0,0,0,8,0,0,0,0,0,0,0,0,0,0,0,0,0,0,0,0,0,0,0,0,0,0,0,0,0,0,0,0,0,0,0,0,0,0,0,0,0,0,0,0,0,0,0,0,0,0,0,0,0,0,0,0,0,0,0,0,0,0,0,0,0,0,0,0,0,0,0,0,0,0,0,60,0,64,0,43,0,1,0,0,0,0,0,0,0,0,0,94,6,71,0,87,0,0,0,13,0,0,0,272,80,110,0,30,0,33,0,0,0,556,0,0,0,0,0,0,0,0,0,0,0,0,0,0,0,0,0,0,0,10,0,51,0,90,206,343,0,21,0,0,0,0,15,0,0,0,0,0
0,146,0,42,194,256,0,15,0,0,27,529,272,0,102,0,0,0,646,165,297,67,0,0,0,0,191,363,0,0,40,0,7,0,117,293,77,100,0,0,0,221,45,212,0,82,0,282,0,17,77,283,0,0,0,0,0,0,0,0,0,0,0,0,0,0,0,0,0,0,0,0,0,0,0,0,0,2,0,0,0,0,0,0,0,0,0,0,0,0,0,0,0,0,0,0,0,0,0,0,0,0,0,0,0,0,0,0,0,0,0,0,0,0,0,0,0,0,0,0,0,0,0,0,0,0,0,0,0,0,0,0,0,0,0,0,0,0,0,0,0,0,0,0,0,0,0,0,0,0,0,0,0,84,0,0,0,0,0,0,0,2,0,0,0,120,0,46,0,50,0,0,0,15,0,34,82,443,18,38,0,33,0,19,0,0,50,115,0,0,0,0,0,0,0,0,0,0,0,0,0,0,0,0,0,0,0,0,0,0,0,0,0,0,26,0,1,0,0,413,458,0,0,0,0
21,0,264,0,312,376,18,0,0,3,15,306,41,102,0,291,91,0,226,261,455,194,340,43,67,0,237,36,48,4,314,61,161,25,37,69,109,53,163,0,0,7,0,0,79,0,31,0,0,0,28,0,9,0,66,0,0,0,0,0,0,0,10,0,19,0,0,0,0,0,0,0,0,0,0,0,0,0,0,0,0,0,0,0,0,0,0,0,0,0,55,0,0,0,0,0,0,0,0,0,0,0,0,0,0,0,40,0,0,0,0,0,0,0,0,0,0,0,0,0,0,0,0,0,0,0,0,0,0,0,0,0,0,0,318,0,108,0,0,0,0,0,0,0,0,0,35,0,60,0,84,0,0,0,0,0,0,0,0,0,2,0,0,0,8,0,128,20,40,0,0,0,70,0,0,0,57,70,6,0,6,0,13,0,10,0,4,0,0,0,0,0,0,0,0,0,13,0,0,0,205,0,0,0,0,0,0,0,142,0,88,81,244,0,46,0,0,0,14,0,0,0,0,0,0
105,14,87,224,289,63,1,18,0,0,301,7,11,0,291,0,44,50,0,516,84,243,295,291,28,77,0,131,0,54,0,323,40,131,0,113,29,88,45,0,0,0,0,0,0,0,0,0,0,0,0,0,0,2,0,32,0,0,0,0,0,0,0,52,0,0,0,0,0,0,0,0,0,0,0,0,0,0,0,0,0,0,0,0,0,38,0,0,0,0,0,0,0,0,0,0,0,0,0,0,0,0,0,0,0,0,0,0,0,0,0,0,0,0,0,0,0,0,0,0,0,0,0,0,0,0,0,0,0,0,0,0,1,24,0,111,0,243,0,0,0,0,0,66,0,0,0,0,0,0,0,17,0,14,0,8,0,0,0,0,0,0,0,0,0,0,0,147,0,22,0,0,0,95,0,8,45,41,28,8,0,0,0,0,0,0,0,0,0,0,0,0,0,0,0,0,0,0,0,0,0,0,0,0,0,0,0,0,0,0,0,0,0,0,61,0,0,0,150,112,167,0,0,3,0
86,164,210,50,113,35,37,89,1,32,95,23,0,0,91,44,0,4,133,5,172,0,85,78,143,34,109,0,116,0,161,3,23,0,49,0,10,0,51,0,0,0,0,0,0,0,7,0,0,0,31,0,111,1,85,4,16,0,0,1,32,0,232,26,0,0,0,0,0,0,0,0,0,0,3,0,0,0,0,0,22,0,0,0,254,0,12,0,0,0,0,0,0,0,0,0,536,0,143,0,0,0,0,0,0,0,0,0,1,0,0,0,0,0,0,0,0,0,0,0,0,0,37,0,0,0,6,0,296,0,0,0,0,0,258,0,541,6,300,0,92,0,1162,0,0,0,0,0,0,0,0,0,0,0,66,0,0,0,33,0,0,0,0,0,0,0,0,0,0,0,0,0,19,0,0,0,9,13,22,0,0,0,3,0,0,0,1,0,0,0,0,0,0,0,0,0,0,0,0,0,116,0,0,0,0,0,0,0,19,0,19,144,24,5,0,0,0,0,7,0,0,0,0,0,0
12,10,8,43,0,0,0,4,0,0,0,0,0,0,0,50,4,0,0,157,0,183,4,187,10,98,0,70,0,311,0,70,0,51,0,0,0,0,0,98,0,0,0,0,0,0,0,0,0,0,0,0,0,16,1,33,0,53,0,0,0,15,4,150,0,0,0,0,0,0,0,0,0,0,0,0,0,0,0,1,0,0,0,0,1,57,0,0,0,0,0,0,0,0,0,0,0,0,0,0,0,0,0,0,0,0,0,0,0,0,0,0,0,0,0,0,0,0,0,0,0,0,0,0,0,0,0,0,0,89,0,0,0,34,0,56,0,262,0,72,0,23,0,110,0,0,0,0,0,0,0,0,0,0,0,48,0,0,0,55,0,0,0,0,0,3,0,3,0,6,0,0,0,37,0,0,0,0,0,2,0,0,0,0,0,0,0,0,0,0,0,0,0,0,0,0,0,0,0,0,0,0,0,0,0,0,0,0,0,0,0,2,0,0,0,0,0,0,0,19,51,2,0,0,0
5,0,88,0,199,0,0,0,0,0,0,39,127,646,226,0,133,0,0,431,363,200,194,0,30,0,317,564,0,0,92,0,21,0,275,150,133,29,0,0,8,42,55,54,43,0,15,63,0,1,314,104,0,0,0,0,0,0,0,0,3,0,0,0,10,0,3,0,0,0,0,0,0,0,10,0,13,0,0,0,46,0,0,0,237,0,0,0,0,0,0,0,0,0,0,0,0,0,0,0,0,0,0,0,0,0,0,0,0,0,0,0,0,0,0,0,0,0,0,0,0,0,0,0,0,0,0,0,0,0,0,0,0,0,0,0,0,0,0,0,0,0,305,0,0,0,0,0,35,0,35,0,13,0,0,0,0,0,0,0,0,0,5,0,70,0,78,0,77,0,8,0,0,0,0,0,87,77,4,0,0,0,0,0,0,0,196,4,0,0,0,0,0,0,0,0,6,0,0,0,0,0,0,0,0,0,7,0,41,0,98,149,240,20,0,0,0,0,0,0,0,0,0,0,0
0,142,0,306,305,258,0,47,0,0,79,75,274,165,261,516,5,157,431,0,257,254,0,316,0,0,62,372,0,0,60,169,0,0,80,586,67,105,0,0,0,7,17,55,0,65,0,13,0,18,58,176,0,0,0,31,0,0,0,0,0,0,0,119,0,0,0,0,0,0,0,0,0,0,0,0,0,0,0,0,0,0,0,0,0,530,0,0,0,0,0,0,0,0,0,0,0,0,0,0,0,0,0,0,0,0,0,0,0,0,0,0,0,0,0,0,0,0,0,0,0,0,0,0,1,0,0,0,0,0,0,0,0,0,0,215,0,674,0,0,0,0,0,530,0,0,0,0,2,63,0,0,0,51,0,0,0,0,0,0,0,0,0,0,0,65,0,48,0,27,0,0,0,29,0,0,59,112,48,0,0,0,0,0,0,14,20,14,0,0,0,0,0,0,0,0,0,0,0,0,0,0,0,0,0,0,0,12,0,41,0,13,17,0,53,0,0,0,75,219,149,0,0,0,0
7,0,119,0,339,135,0,0,0,0,74,95,72,297,455,84,172,0,363,257,0,124,186,10,45,0,261,322,58,0,115,16,19,3,106,80,15,23,5,0,5,59,18,37,12,0,0,80,2,0,24,46,2,0,0,0,0,0,0,0,5,0,30,0,0,0,0,0,0,0,27,0,0,0,10,0,0,0,0,0,0,0,0,0,223,0,0,0,0,0,21,0,0,0,0,0,268,0,0,0,0,0,0,0,0,0,0,0,0,0,0,0,0,0,0,0,0,0,0,0,0,0,0,0,0,0,0,0,19,0,0,0,0,0,0,0,0,0,31,0,0,0,325,0,0,0,0,0,0,0,0,0,0,0,0,0,0,0,0,0,0,0,7,0,42,0,75,7,58,0,0,0,21,0,0,0,38,29,48,0,2,0,0,0,0,0,72,0,0,0,0,0,0,0,0,0,0,0,0,0,0,0,0,0,0,0,0,0,0,0,222,295,141,0,63,0,0,0,10,0,0,0,0,0,0
0,0,0,0,126,191,0,0,0,0,65,39,82,67,194,243,0,183,200,254,124,0,19,339,0,37,0,92,0,102,34,113,23,6,0,69,29,66,0,0,0,6,0,10,0,156,0,0,0,10,14,26,0,0,0,0,0,14,0,0,0,0,0,77,0,0,0,0,0,0,0,0,0,0,0,0,0,0,0,0,0,0,0,0,0,253,0,0,0,0,0,0,0,0,0,0,0,0,0,0,0,0,0,0,0,0,0,0,0,0,0,0,0,0,0,0,0,0,0,0,0,0,0,0,0,0,0,0,0,0,0,0,0,0,0,77,0,406,0,0,0,266,0,508,0,0,0,0,0,0,0,0,0,0,0,0,0,0,0,0,0,0,0,0,0,36,0,16,7,19,0,5,0,15,0,0,0,29,13,24,0,0,0,0,0,0,0,24,0,0,0,0,0,0,0,0,0,0,0,0,0,0,0,0,0,0,0,0,0,0,0,4,0,0,33,0,0,0,211,470,146,0,0,0,0
11,410,197,145,57,237,6,61,0,0,19,257,7,0,340,295,85,4,194,0,186,19,0,323,62,30,82,0,28,30,69,25,7,40,0,0,0,0,33,24,26,0,8,0,60,0,31,0,6,0,0,0,10,2,240,0,0,0,0,0,15,5,37,0,1,0,0,0,0,0,0,0,0,0,0,0,0,0,0,0,1,0,0,0,0,0,0,0,0,0,0,0,0,0,0,0,298,0,0,0,0,0,0,0,0,0,0,0,0,0,0,0,0,0,0,0,0,0,0,0,0,0,0,0,6,0,26,0,0,0,0,0,0,0,430,0,226,0,0,0,0,0,446,0,0,0,0,0,0,0,25,0,5,0,5,0,0,0,3,0,0,0,0,0,0,0,0,0,0,0,9,0,66,0,0,0,45,40,8,0,0,0,0,0,0,0,0,0,0,0,0,0,0,0,0,0,0,0,0,0,187,0,0,0,0,0,0,0,95,0,34,91,53,5,0,0,0,0,18,0,11,0,0,0,0
193,28,132,124,106,147,1,17,0,0,130,31,0,0,43,291,78,187,0,316,10,339,323,0,42,94,0,91,10,328,18,133,6,105,0,0,0,13,30,231,0,0,0,0,0,0,0,0,0,0,0,0,0,6,0,30,0,21,0,0,1,0,0,119,0,0,0,0,0,0,0,0,0,0,0,0,0,0,0,0,0,0,0,0,0,100,0,0,0,0,0,0,0,0,0,0,0,0,0,0,0,0,0,0,0,0,0,0,0,0,0,0,0,0,0,0,0,0,0,0,0,0,0,0,0,0,0,0,0,0,0,0,0,18,0,72,0,221,0,0,0,0,0,139,0,0,0,0,0,0,0,0,0,0,0,15,0,0,0,0,0,0,0,0,0,0,0,16,0,0,0,0,0,85,0,0,0,0,0,25,0,0,0,0,0,0,0,0,0,0,0,0,0,0,0,1,0,0,0,0,0,7,0,0,0,0,0,0,0,0,0,0,0,0,40,0,0,0,110,153,210,0,0,2,0
0,390,59,83,8,0,85,303,0,315,0,0,0,0,67,28,143,10,30,0,45,0,62,42,0,132,37,0,52,0,12,0,0,0,0,0,0,0,17,0,0,0,0,0,0,0,0,0,0,0,0,0,31,13,195,24,10,0,13,0,76,0,210,105,0,0,0,6,0,0,0,0,0,0,0,0,0,0,0,0,0,0,0,0,0,12,0,0,0,0,0,0,0,0,0,0,29,0,0,0,0,0,0,0,0,0,0,0,0,0,0,0,0,0,0,0,0,0,0,0,0,0,0,0,0,0,38,0,57,0,9,0,28,0,178,0,99,0,0,0,0,0,82,0,0,0,6,0,0,0,0,0,3,0,3,0,0,0,0,0,3,0,0,0,0,0,0,0,13,0,17,0,93,0,0,0,19,16,0,0,0,0,0,4,0,0,0,0,0,0,0,0,0,0,0,0,0,0,0,0,37,0,0,0,0,0,0,0,56,0,78,78,126,0,0,0,27,0,0,0,9,0,0,0,0
125,1,42,45,0,12,101,7,140,2,2,1,0,0,0,77,34,98,0,0,0,37,30,94,132,0,0,0,1,192,0,31,0,0,0,0,0,0,1,260,0,0,0,0,0,7,0,0,1,6,0,0,11,18,29,41,0,9,0,0,13,95,16,326,0,0,0,0,0,0,0,0,0,0,0,0,0,0,0,0,0,0,0,0,0,0,0,0,0,0,0,0,0,0,0,0,0,0,0,0,0,0,0,0,0,0,0,0,0,0,0,0,0,0,0,0,0,0,0,0,0,0,0,0,0,0,0,0,0,44,0,6,0,18,0,28,1,66,0,8,0,0,0,0,0,0,1,0,0,1,0,0,0,0,0,4,0,0,0,4,0,0,0,0,0,15,0,0,0,40,0,94,0,162,0,0,0,7,0,0,1,0,0,0,0,0,0,0,0,0,0,0,0,0,0,0,0,0,0,0,0,0,0,0,0,0,0,0,0,8,6,0,5,0,309,0,0,0,479,38,603,118,0,93,0
0,0,142,0,207,0,0,0,0,0,42,0,173,191,237,0,109,0,317,62,261,0,82,0,37,0,0,494,33,0,52,0,29,0,27,0,180,0,0,0,69,265,202,106,132,143,170,436,19,25,261,0,0,0,0,0,0,0,0,0,0,0,0,0,0,0,0,0,0,0,78,0,0,0,39,0,0,0,0,0,196,0,0,0,696,0,0,0,15,2,0,0,0,0,0,0,811,0,1060,0,0,0,0,2,0,0,0,0,0,0,0,0,0,0,0,0,0,0,0,0,281,0,0,0,0,0,0,0,0,0,0,0,0,0,0,0,0,0,0,0,0,0,0,0,0,0,0,0,43,0,0,0,0,0,0,0,0,0,0,0,0,0,0,0,115,0,28,0,0,0,0,0,0,0,0,0,0,56,0,0,0,0,15,0,0,0,302,0,0,0,0,0,0,0,0,0,0,0,0,0,0,0,0,0,0,0,0,0,0,0,62,303,317,0,0,1,1,5,0,0,0,0,0,0,0
0,297,0,182,0,381,0,65,0,0,7,291,487,363,36,131,0,70,564,372,322,92,0,91,0,0,494,0,0,24,0,33,0,0,171,91,0,92,0,0,38,44,165,333,31,155,0,94,0,8,181,269,0,0,0,0,0,0,0,0,0,0,0,74,0,0,0,0,0,0,0,0,0,0,0,0,0,0,0,0,0,0,0,0,0,899,0,0,0,2,0,0,0,0,0,0,0,0,0,0,0,0,0,0,0,0,0,0,0,0,0,0,0,0,0,0,0,0,0,0,0,0,0,0,0,0,0,0,0,0,0,0,0,0,0,260,0,672,0,0,0,0,0,948,0,0,0,0,0,0,0,79,0,121,0,0,0,0,0,0,0,0,0,7,0,116,0,20,4,67,0,0,0,29,0,36,29,180,7,17,0,30,0,0,0,57,80,63,0,0,0,0,0,0,0,0,0,0,0,0,0,0,0,0,0,0,0,0,0,0,0,0,0,0,69,0,0,0,104,669,474,0,0,0,0
57,0,239,5,122,0,3,0,0,0,97,0,0,0,48,0,116,0,0,0,58,0,28,10,52,1,33,0,0,0,51,0,41,0,48,0,69,0,18,0,2,0,0,0,0,0,0,0,0,0,29,0,0,0,0,0,0,0,0,0,6,0,18,0,0,0,0,0,6,0,23,0,0,0,18,0,0,0,7,0,65,0,0,0,305,0,30,0,0,0,0,0,0,0,0,0,267,0,307,0,0,0,0,0,0,0,0,0,0,0,0,0,0,0,0,0,0,0,0,0,133,0,126,0,0,0,0,0,0,0,0,0,0,0,0,0,88,0,164,0,243,0,517,0,81,0,0,0,0,0,0,0,0,0,0,0,0,0,0,0,1,0,0,0,0,0,0,0,0,0,0,0,0,0,0,0,0,0,14,0,0,0,0,0,0,0,0,0,0,0,0,0,0,0,0,0,0,0,0,0,0,0,0,0,0,0,0,0,0,0,21,38,8,0,11,0,0,0,0,0,3,0,0,0,0
0,137,8,231,0,77,0,0,0,0,0,70,0,0,4,54,0,311,0,0,0,102,30,328,0,192,0,24,0,0,0,189,0,26,0,236,0,7,2,22,0,0,0,0,0,8,0,0,0,0,0,27,0,15,0,36,0,21,0,0,0,17,0,109,0,0,0,0,0,0,0,0,0,0,0,0,0,0,0,0,0,0,0,0,0,140,0,0,0,0,0,0,0,0,0,0,0,8,0,1,0,0,0,0,0,0,0,0,0,0,0,0,0,0,0,0,0,0,0,0,0,0,0,0,0,0,0,0,0,27,0,0,0,22,0,71,0,376,0,397,0,195,0,276,0,12,0,0,0,0,0,0,0,0,0,19,0,0,0,56,0,0,0,0,0,0,0,0,0,3,0,0,0,0,0,1,0,0,0,50,0,0,0,0,0,0,0,0,0,0,0,0,0,0,0,0,0,0,0,0,0,0,0,0,0,0,0,0,0,0,0,0,0,0,0,0,0,0,9,73,5,0,0,0,0
16,0,169,0,439,0,1,0,0,0,178,29,28,40,314,0,161,0,92,60,115,34,69,18,12,0,52,0,51,0,0,5,14,0,202,0,23,8,6,1,0,0,21,0,15,0,0,0,0,0,74,0,0,0,0,0,0,0,0,0,0,0,0,0,0,0,0,0,0,0,17,0,0,0,0,0,0,0,0,0,59,0,0,0,243,0,0,0,0,0,0,0,0,0,0,0,0,0,283,0,0,0,0,0,0,0,0,0,0,0,0,0,0,0,0,0,0,0,0,0,95,0,0,0,0,0,0,0,0,0,0,0,0,0,0,0,0,0,34,0,45,0,288,0,0,0,0,0,0,0,0,0,5,0,0,0,0,0,0,0,0,0,0,0,11,0,98,0,33,0,0,0,21,0,0,0,0,0,51,0,4,0,0,0,0,0,0,0,0,0,0,0,0,0,0,0,0,0,0,0,0,0,0,0,0,0,0,0,0,0,129,204,151,0,0,2,0,0,0,0,0,0,0,0,0
0,0,0,90,0,317,0,0,0,0,0,98,0,0,61,323,3,70,0,169,16,113,25,133,0,31,0,33,0,189,5,0,0,3,0,125,0,4,5,5,0,0,0,46,0,16,0,0,0,0,0,46,0,0,0,0,0,0,0,0,0,7,0,38,0,0,0,0,0,0,0,0,0,0,0,0,0,0,0,0,0,0,0,0,0,0,0,0,0,0,0,0,0,0,0,0,0,0,0,0,0,0,0,0,0,0,0,0,0,0,0,0,0,0,0,0,0,0,0,0,0,0,0,0,0,0,0,0,0,0,0,0,0,0,0,0,0,0,0,0,0,0,0,141,0,0,0,0,0,0,0,0,0,0,0,7,0,0,0,0,0,0,0,0,0,0,0,28,0,10,0,0,0,17,0,0,0,27,0,28,0,0,0,0,0,0,0,1,0,0,0,0,0,0,0,0,0,0,0,0,0,0,0,0,0,0,0,0,0,0,0,0,0,0,0,0,0,0,81,111,90,14,0,0,0
0,0,24,0,397,0,0,0,0,0,166,0,19,7,161,40,23,0,21,0,19,23,7,6,0,0,29,0,41,0,14,0,0,4,11,0,122,0,0,0,0,0,6,0,22,0,0,0,0,0,18,0,0,0,0,0,0,0,0,0,6,0,3,0,0,0,1,0,0,0,20,0,0,0,9,0,0,0,0,0,27,0,0,0,87,0,0,0,0,0,0,0,0,0,0,0,0,0,137,0,0,0,0,0,0,0,0,0,0,0,0,0,0,0,0,0,0,0,0,0,71,0,34,0,0,0,0,0,0,0,0,0,0,0,0,0,0,0,0,0,0,0,0,0,27,0,0,0,0,0,0,0,0,0,0,0,0,0,0,0,0,0,0,0,0,0,76,0,10,0,0,0,0,0,0,0,52,12,73,0,0,0,0,0,0,0,4,0,0,0,0,0,0,0,0,0,0,0,0,0,0,0,0,0,0,0,0,0,0,0,67,120,74,0,0,0,0,0,0,0,0,0,0,0,0
0,189,0,215,22,263,0,0,0,0,21,232,0,0,25,131,0,51,0,0,3,6,40,105,0,0,0,0,0,26,0,3,4,0,0,11,0,148,3,6,0,0,0,4,0,1,0,0,0,0,0,4,0,0,0,0,0,0,0,0,0,9,0,26,0,0,0,0,0,0,0,0,0,0,0,0,0,0,0,0,0,0,0,0,0,39,0,0,0,0,0,0,0,0,0,0,0,0,0,0,0,0,0,0,0,0,0,0,0,0,0,0,0,0,0,0,0,0,0,0,0,0,0,0,0,0,0,0,0,0,0,0,0,0,0,0,0,136,0,93,0,75,0,93,0,15,0,0,0,0,0,0,0,0,0,6,0,5,0,0,0,0,0,0,0,0,0,23,0,6,0,0,0,11,0,0,0,30,2,192,0,9,0,0,0,0,0,0,0,0,0,0,0,0,0,0,0,0,0,0,0,0,0,0,0,0,0,0,0,0,0,0,0,0,8,0,0,0,13,102,27,0,0,0,0
0,0,0,0,0,0,0,0,0,0,13,0,118,117,37,0,49,0,275,80,106,0,0,0,0,0,27,171,48,0,202,0,11,0,0,0,47,0,0,0,0,14,0,0,10,9,0,16,10,0,95,24,0,0,0,0,0,0,0,0,0,0,0,0,0,0,0,0,0,0,0,0,0,0,0,0,0,0,0,0,0,0,0,0,0,0,0,0,0,0,0,0,0,0,0,0,0,0,0,0,0,0,0,0,0,0,0,0,0,0,0,0,0,0,0,0,0,0,0,0,0,0,0,0,0,0,0,0,0,0,0,0,0,0,0,0,0,0,0,0,0,0,0,0,0,0,0,0,0,0,0,0,0,0,0,0,0,0,0,0,0,0,0,0,71,0,65,0,44,0,9,0,0,0,0,0,0,0,7,0,0,0,0,0,0,0,36,0,0,0,0,0,0,0,0,0,0,0,0,0,0,0,0,0,0,0,0,0,0,0,53,104,123,0,0,0,3,0,0,0,0,0,0,0,0
0,0,0,0,70,355,0,0,0,0,14,97,43,293,69,113,0,0,150,586,80,69,0,0,0,0,0,91,0,236,0,125,0,11,0,0,0,256,0,17,0,0,0,26,0,20,0,0,0,2,0,104,0,0,0,7,0,0,0,0,0,0,0,23,0,1,0,0,0,0,0,12,0,0,0,0,0,0,0,0,0,0,0,0,0,218,0,0,0,0,0,0,0,0,0,0,0,0,0,0,0,0,0,0,0,0,0,0,0,0,0,0,0,0,0,0,0,0,0,0,0,0,0,0,0,0,0,0,0,0,0,0,0,0,0,0,0,0,0,0,0,234,0,321,0,0,0,0,0,0,0,0,0,0,0,0,0,0,0,0,0,0,0,0,0,134,0,143,0,49,0,0,0,62,0,0,0,110,8,20,0,0,0,0,0,0,0,55,0,0,0,0,0,0,0,0,0,0,0,0,0,0,0,0,0,0,0,0,0,0,0,2,0,0,29,0,0,0,0,251,301,9,0,0,0
0,0,24,0,397,0,0,0,0,0,160,0,58,77,109,29,10,0,133,67,15,29,0,0,0,0,180,0,69,0,23,0,122,0,47,0,0,0,128,0,0,0,59,0,34,0,0,0,0,1,163,0,1,0,0,0,0,0,0,0,42,0,1,0,0,0,0,0,0,0,130,0,0,0,75,0,0,0,0,0,130,0,0,0,149,0,60,0,0,0,0,0,0,0,0,0,97,0,441,0,0,0,0,0,0,0,0,0,0,0,0,0,0,0,0,0,0,0,0,0,300,0,0,0,0,0,0,0,6,0,0,0,0,0,0,0,0,0,42,0,91,0,119,0,178,0,0,0,5,0,0,0,0,0,1,0,12,0,0,0,0,0,62,0,29,0,71,0,37,0,40,0,49,0,0,0,0,0,35,0,0,0,0,0,0,0,3,0,0,0,1,0,0,0,0,0,0,0,0,0,0,0,0,0,0,0,0,0,0,0,42,41,72,0,13,0,0,0,0,0,0,0,0,0,0
0,148,0,45,43,291,0,18,1,2,20,205,0,100,53,88,0,0,29,105,23,66,0,13,0,0,0,92,0,7,8,4,0,148,0,256,0,0,0,39,0,0,0,170,0,24,0,0,0,0,0,84,0,0,0,0,0,0,0,0,0,31,0,15,0,0,0,0,0,1,0,0,0,0,0,21,0,0,0,0,0,0,0,0,0,311,0,18,0,0,0,0,0,0,0,0,0,0,0,21,0,0,0,0,0,0,0,0,0,0,0,0,0,0,0,0,0,0,0,0,0,57,0,0,0,0,0,0,0,0,0,0,0,5,0,0,0,101,0,242,0,488,0,465,0,237,0,0,0,0,0,0,0,0,0,4,0,49,0,0,0,0,0,6,0,42,0,43,0,18,0,9,0,56,0,0,7,64,0,82,0,0,0,0,0,0,0,0,0,0,0,0,0,0,0,0,0,0,0,0,0,0,0,0,0,0,0,0,0,0,0,0,5,0,0,0,0,0,0,69,95,0,0,0,0
148,0,250,0,568,66,0,0,0,0,319,0,0,0,163,45,51,0,0,0,5,0,33,30,17,1,0,0,18,2,6,5,0,3,0,0,128,0,0,1,0,0,5,0,0,0,0,0,0,0,9,0,0,0,0,0,0,0,0,0,12,0,1,0,0,0,0,0,0,0,43,0,0,0,37,0,0,0,0,0,65,0,0,0,159,0,34,0,0,0,0,0,0,0,0,0,82,0,283,0,0,0,0,0,0,0,0,0,0,0,0,0,0,0,0,0,0,0,0,0,160,0,61,0,0,0,0,0,0,0,0,0,0,0,0,0,0,0,54,0,81,0,122,0,121,0,0,0,0,0,0,0,0,0,4,0,12,0,0,0,0,0,15,0,0,0,35,0,0,0,0,0,33,0,0,0,53,0,71,0,0,0,6,0,0,0,3,0,0,0,0,0,0,0,0,0,0,0,0,0,0,0,0,0,0,0,0,0,0,0,76,217,48,9,16,0,0,0,0,0,0,0,0,0,0
0,538,0,340,0,0,0,134,0,0,0,117,0,0,0,0,0,98,0,0,0,0,24,231,0,260,0,0,0,22,1,5,0,6,0,17,0,39,1,0,0,0,0,3,0,0,0,0,0,0,0,3,0,8,0,0,0,0,0,0,0,15,0,11,0,0,0,0,0,0,0,3,0,0,0,0,0,0,0,0,0,0,0,0,0,12,0,0,0,0,0,0,0,0,0,0,0,0,0,0,0,0,0,0,0,0,0,0,0,0,0,0,0,0,0,0,0,0,0,0,0,0,0,0,0,0,0,0,0,0,0,0,0,11,0,0,0,0,0,215,0,206,0,104,0,67,0,0,0,0,0,0,0,0,0,0,0,12,0,0,0,0,0,0,0,0,0,7,0,0,0,3,0,13,0,0,0,58,0,118,0,0,0,13,0,0,0,0,0,0,0,0,0,0,0,0,0,0,0,0,0,0,0,0,0,0,0,0,0,0,0,0,0,0,0,0,0,0,20,54,9,0,0,0,0
17,0,14,0,107,0,0,0,6,0,44,0,169,0,0,0,0,0,8,0,5,0,26,0,0,0,69,38,2,0,0,0,0,0,0,0,0,0,0,0,0,44,25,0,14,46,52,131,58,34,5,0,0,0,0,0,0,0,0,0,0,0,1,0,0,0,0,0,0,0,0,0,0,0,0,0,0,0,0,0,0,0,0,0,0,0,0,0,0,0,0,0,0,0,0,0,0,0,0,0,0,0,0,0,0,0,0,0,0,0,0,0,0,0,0,0,0,0,0,0,0,0,0,0,0,0,0,0,0,0,0,0,0,0,0,0,0,0,0,0,0,0,0,0,0,0,0,0,0,0,0,0,0,0,0,0,0,0,0,0,0,0,0,0,0,2,0,0,0,0,0,0,0,0,0,0,25,25,6,0,3,0,16,0,0,0,108,0,0,0,0,0,0,0,0,0,0,0,0,0,0,0,0,0,0,0,0,0,0,0,0,71,0,0,0,0,0,5,0,0,0,0,0,0,0
0,30,0,6,0,30,0,3,0,0,0,130,78,221,7,0,0,0,42,7,59,6,0,0,0,0,265,44,0,0,0,0,0,0,14,0,0,0,0,0,44,0,86,93,41,88,104,109,0,128,56,12,0,0,0,2,0,0,0,0,0,0,0,0,0,0,0,0,0,0,0,0,0,0,0,0,0,0,0,0,0,0,0,0,0,0,0,0,0,0,0,0,0,0,0,0,0,0,0,0,0,0,0,0,0,0,0,0,0,0,0,0,0,0,0,0,0,0,0,0,0,0,0,0,0,0,0,0,0,0,0,0,0,0,0,0,0,0,0,0,0,0,0,0,0,0,0,0,0,0,0,0,0,0,0,0,0,0,0,0,0,0,0,0,0,0,0,0,0,0,0,0,0,0,0,0,0,166,0,19,0,0,0,4,0,0,39,8,0,0,0,0,0,0,0,1,0,0,0,0,0,0,0,0,0,0,0,0,0,0,0,2,0,0,0,0,0,0,0,75,19,0,0,0,5
0,0,0,0,0,0,0,0,0,0,10,0,235,45,0,0,0,0,55,17,18,0,8,0,0,0,202,165,0,0,21,0,6,0,0,0,59,0,5,0,25,86,0,0,80,67,44,191,11,7,9,0,0,0,0,0,0,0,0,0,0,0,6,0,0,0,0,0,4,0,24,0,0,0,17,0,0,0,0,0,45,0,0,0,0,0,24,0,0,0,0,0,0,0,0,0,0,0,127,0,0,0,0,0,0,0,0,0,0,0,0,0,0,0,0,0,0,0,0,0,72,0,0,0,0,0,0,0,0,0,0,0,0,0,0,0,0,0,0,0,0,0,0,0,28,0,0,0,0,0,0,0,0,0,0,0,0,0,0,0,0,0,0,0,28,0,8,0,0,0,0,0,12,0,0,0,18,22,13,0,0,0,3,0,0,0,162,0,0,0,0,0,0,0,0,0,0,0,0,0,0,0,0,0,0,0,0,0,0,0,11,76,110,0,5,0,0,1,0,0,7,0,0,0,0
0,0,0,0,0,0,0,0,0,0,0,0,52,212,0,0,0,0,54,55,37,10,0,0,0,0,106,333,0,0,0,46,0,4,0,26,0,170,0,3,0,93,0,0,0,127,0,55,0,10,0,44,0,0,0,0,0,0,0,0,0,0,0,0,0,0,0,0,0,2,0,0,0,0,0,0,0,0,0,0,0,0,0,0,0,294,0,0,0,0,0,0,0,2,0,0,0,0,0,24,0,0,0,0,0,0,0,0,0,0,0,0,0,0,0,0,0,0,0,0,0,0,0,0,0,0,0,0,0,0,0,0,0,0,0,0,0,0,0,0,0,107,0,226,0,0,0,0,0,0,0,0,0,0,0,0,0,0,0,0,0,0,0,5,0,36,0,19,0,19,0,0,0,11,0,0,0,239,0,2,0,1,0,0,0,0,13,190,0,0,0,0,0,0,0,0,0,0,0,0,0,0,0,0,0,0,0,0,0,0,0,0,0,0,7,0,0,0,27,75,80,0,0,0,0
5,0,70,0,51,0,0,0,0,0,0,0,89,0,79,0,0,0,43,0,12,0,60,0,0,0,132,31,0,0,15,0,22,0,10,0,34,0,0,0,14,41,80,0,0,23,91,80,182,30,49,0,0,0,0,0,0,0,0,0,0,0,0,0,6,0,1,0,13,0,45,0,0,0,0,0,19,0,0,0,101,0,47,0,0,0,50,0,12,0,0,0,41,0,35,0,405,0,597,0,0,0,14,0,0,0,35,0,0,0,0,0,0,0,0,0,0,0,0,0,0,0,0,0,0,0,0,0,0,0,0,0,0,0,0,0,0,0,0,0,0,0,0,0,0,0,0,0,0,0,0,0,0,0,2,0,0,0,0,0,2,0,20,0,224,0,31,0,66,0,22,0,19,0,0,0,8,10,0,0,0,0,0,0,8,0,45,0,0,0,0,0,0,0,0,0,0,0,0,0,0,0,0,0,0,0,0,0,0,0,13,282,361,5,11,4,3,49,0,3,4,0,0,0,0
0,0,0,0,0,0,0,0,0,0,0,41,51,82,0,0,0,0,0,65,0,156,0,0,0,7,143,155,0,8,0,16,0,1,9,20,0,24,0,0,46,88,67,127,23,0,54,135,14,87,0,69,0,0,0,0,0,0,0,0,0,0,0,0,0,6,0,0,0,30,0,11,0,0,0,0,0,41,0,0,0,106,0,98,0,197,0,74,0,0,0,0,0,34,0,135,0,0,0,35,0,18,0,25,0,0,0,0,0,0,0,0,0,0,0,0,0,0,0,0,0,0,0,19,0,0,0,0,0,0,0,0,0,0,0,0,0,0,0,0,0,0,0,189,0,46,0,0,0,0,0,0,0,0,0,0,0,0,0,0,0,0,0,19,0,159,0,0,0,185,0,10,0,27,0,0,2,118,0,0,0,10,0,0,0,0,27,57,0,0,0,0,0,18,0,37,0,0,0,0,0,0,0,0,0,0,0,0,0,0,0,3,0,0,24,0,0,0,72,471,351,13,10,0,26
0,0,38,0,109,0,0,0,10,0,59,0,214,0,31,0,7,0,15,0,0,0,31,0,0,0,170,0,0,0,0,0,0,0,0,0,0,0,0,0,52,104,44,0,91,54,0,231,210,168,9,0,7,0,0,0,0,0,0,0,0,0,0,0,15,0,0,0,2,0,0,0,0,0,0,0,0,0,0,0,0,0,0,0,0,0,10,0,0,0,0,0,0,0,0,2,64,0,0,0,0,0,3,0,0,0,0,0,0,0,0,0,0,0,0,0,0,0,0,0,0,0,0,0,0,0,0,0,0,0,0,0,0,0,28,0,0,0,0,0,0,0,0,0,0,0,0,0,44,0,49,0,22,0,0,0,0,0,0,0,0,0,0,0,40,0,0,0,0,0,1,0,4,0,0,0,9,45,16,0,0,0,23,0,9,0,212,0,0,0,0,0,0,0,0,0,0,0,0,0,17,0,0,0,0,0,0,0,0,0,0,401,61,0,0,0,0,33,0,12,0,0,0,0,0
0,70,0,22,11,95,0,12,0,0,0,194,114,282,0,0,0,0,63,13,80,0,0,0,0,0,436,94,0,0,0,0,0,0,16,0,0,0,0,0,131,109,191,55,80,135,231,0,0,78,114,7,0,0,0,0,0,0,0,0,0,0,0,0,0,0,0,0,0,0,0,0,0,0,0,0,0,0,0,0,0,0,0,0,0,0,0,0,0,0,0,0,0,0,0,0,2,0,0,0,0,0,0,0,0,0,0,0,0,0,0,0,0,0,0,0,0,0,0,0,0,0,0,0,0,0,0,0,0,0,0,0,0,0,0,0,0,0,0,0,0,0,0,0,0,0,0,0,0,0,0,9,0,40,0,0,0,0,0,0,0,0,0,0,0,6,0,0,2,0,0,0,0,0,0,19,0,135,2,5,0,6,0,0,0,19,72,16,0,0,0,0,0,0,0,0,0,0,0,0,0,0,0,0,0,0,0,0,0,0,0,2,0,0,0,0,0,0,0,393,44,0,0,3,22
3,0,4,0,0,0,18,0,2,0,0,0,8,0,0,0,0,0,0,0,2,0,6,0,0,1,19,0,0,0,0,0,0,0,10,0,0,0,0,0,58,0,11,0,182,14,210,0,0,59,9,0,0,0,0,0,0,0,9,0,0,0,1,0,1,0,0,0,3,1,0,0,0,0,0,0,7,0,3,0,0,0,37,1,0,0,0,0,22,0,0,0,27,0,25,0,13,0,0,0,0,0,45,1,8,0,8,0,0,0,0,0,0,0,0,0,0,0,0,0,3,0,0,0,3,0,0,0,0,0,1,0,0,0,0,0,0,0,0,0,0,0,0,0,0,0,0,0,0,0,0,0,0,0,0,0,0,0,0,0,12,0,0,0,45,2,6,0,14,0,1,0,3,0,3,0,15,9,3,0,4,0,0,0,0,0,77,0,10,0,5,0,32,0,9,0,0,0,0,0,8,0,0,0,7,0,7,0,0,0,30,46,102,8,94,18,33,22,0,0,6,8,0,1,4
0,12,0,2,0,0,0,3,0,3,0,15,0,17,0,0,0,0,1,18,0,10,0,0,0,6,25,8,0,0,0,0,0,0,0,2,1,0,0,0,34,128,7,10,30,87,168,78,59,0,3,6,0,0,0,0,0,5,0,0,0,0,0,0,0,0,0,0,0,5,0,0,0,0,0,0,0,0,0,0,0,7,0,15,0,19,0,0,0,2,0,0,0,9,0,0,0,0,0,0,0,0,0,8,0,0,0,0,0,0,0,0,0,0,0,0,0,0,0,0,0,0,0,1,0,0,0,0,0,0,0,0,0,0,0,0,0,4,0,0,0,0,0,0,0,1,0,0,0,0,0,0,0,17,0,0,0,0,0,0,0,2,0,1,0,38,3,0,0,3,0,2,0,2,0,0,0,101,0,7,0,5,0,3,0,0,33,30,0,6,0,2,0,1,0,4,0,0,0,3,0,0,0,8,0,4,0,0,0,0,0,0,1,0,10,0,0,0,37,64,46,4,7,30,27
0,0,0,0,92,0,0,0,0,0,0,0,342,77,28,0,31,0,314,58,24,14,0,0,0,0,261,181,29,0,74,0,18,0,95,0,163,0,9,0,5,56,9,0,49,0,9,114,9,3,0,0,0,0,0,0,0,0,0,0,0,0,0,0,0,0,0,0,0,0,51,0,0,0,30,0,0,0,0,0,57,0,0,0,124,0,21,0,0,0,0,0,0,0,0,0,153,0,293,0,0,0,10,0,0,0,0,0,0,0,0,0,0,1,0,0,0,0,1,0,119,0,0,0,0,0,0,0,0,0,0,0,0,0,0,0,0,0,0,0,0,0,69,0,18,0,0,0,0,0,0,0,0,0,0,0,0,0,0,0,0,0,21,0,87,0,47,0,98,0,32,0,27,0,0,0,0,13,11,0,0,0,0,0,0,0,82,0,0,0,0,0,0,0,0,0,0,0,0,0,0,0,0,0,0,0,0,0,0,0,65,100,180,22,26,0,0,2,0,3,0,0,0,0,0
0,0,0,0,0,0,0,0,0,0,0,0,44,283,0,0,0,0,104,176,46,26,0,0,0,0,0,269,0,27,0,46,0,4,24,104,0,84,0,3,0,12,0,44,0,69,0,7,0,6,0,0,0,0,0,11,0,16,0,0,0,0,0,0,0,0,0,0,0,0,0,14,0,0,0,21,0,0,0,5,0,202,0,0,0,489,0,51,0,0,0,0,0,6,0,31,0,0,0,25,0,11,0,0,0,0,0,0,0,0,0,0,0,0,0,0,0,0,0,0,0,0,0,0,0,1,0,0,0,0,0,0,0,0,0,0,0,0,0,0,0,72,0,298,0,69,0,0,0,0,0,0,0,0,0,0,0,0,0,0,0,9,0,21,0,65,0,28,0,71,0,25,0,38,0,0,0,178,0,3,0,0,0,0,0,0,24,116,0,0,0,0,0,0,0,0,0,0,0,0,0,0,0,0,0,0,0,0,0,0,0,0,0,0,16,0,0,0,46,71,89,0,0,0,0
0,0,0,0,0,0,100,15,102,113,1,0,0,0,9,0,111,0,0,0,2,0,10,0,31,11,0,0,0,0,0,0,0,0,0,0,1,0,0,0,0,0,0,0,0,0,7,0,0,0,0,0,0,57,82,40,134,14,30,90,12,3,45,12,1,3,13,191,0,0,1,0,0,0,0,0,0,0,0,0,0,0,0,0,0,0,0,0,0,0,0,0,1,0,0,0,0,0,2,0,0,0,0,0,0,0,0,0,0,0,0,0,0,0,0,0,0,0,0,0,0,0,0,0,0,0,6,0,204,0,6,0,12,0,23,0,99,0,247,0,66,0,79,0,35,0,0,0,0,0,0,0,0,0,157,13,86,7,135,5,41,0,0,0,0,0,0,0,10,0,83,0,3,0,0,0,2,0,0,0,0,0,26,1,3,0,0,0,0,0,0,0,0,0,0,0,0,0,0,0,0,0,0,0,0,0,0,0,0,0,9,55,45,0,25,6,33,1,0,0,0,0,0,0,0
0,0,0,8,0,0,33,8,143,38,0,0,0,0,0,2,1,16,0,0,0,0,2,6,13,18,0,0,0,15,0,0,0,0,0,0,0,0,0,8,0,0,0,0,0,0,0,0,0,0,0,0,57,0,87,62,10,92,131,3,4,55,3,155,0,0,75,20,0,0,0,0,0,0,0,0,0,0,0,0,0,0,0,0,0,0,0,0,0,0,0,0,0,0,0,0,0,0,0,0,0,0,0,0,0,0,0,0,0,0,0,0,0,0,0,0,0,0,0,0,0,0,0,0,0,1,0,0,0,37,0,20,0,18,0,9,0,118,0,252,0,30,0,23,1,34,0,0,0,0,0,0,0,0,10,158,13,68,0,138,0,16,0,0,0,0,0,1,0,0,0,0,1,0,0,0,5,5,0,0,0,0,0,0,0,14,0,0,0,0,0,0,0,0,0,0,0,0,0,0,0,0,0,0,0,0,0,0,0,0,0,0,0,0,41,0,0,0,29,83,24,19,0,14,0
0,0,110,0,0,0,120,28,17,262,0,0,0,0,66,0,85,1,0,0,0,0,240,0,195,29,0,0,0,0,0,0,0,0,0,0,0,0,0,0,0,0,0,0,0,0,0,0,0,0,0,0,82,87,0,82,95,10,107,54,21,18,22,61,0,3,3,130,0,0,0,0,0,0,1,0,0,0,0,0,0,0,0,0,0,0,0,0,0,0,0,0,0,0,0,0,0,0,0,0,0,0,0,0,0,0,0,0,0,0,0,0,0,0,0,0,0,0,0,0,0,0,0,0,23,0,82,0,88,0,60,0,70,0,60,0,42,0,2,0,0,0,6,0,0,0,0,0,4,0,6,0,0,0,36,3,8,5,4,0,47,0,0,0,2,0,0,0,37,0,228,0,36,0,0,0,0,0,0,0,0,0,2,0,1,3,0,0,0,0,0,0,0,0,0,0,0,0,0,0,0,0,0,0,0,0,0,0,68,0,194,33,271,149,215,46,209,0,0,0,2,0,0,0,0
10,12,3,92,0,24,64,87,198,196,0,5,0,0,0,32,4,33,0,31,0,0,0,30,24,41,0,0,0,36,0,0,0,0,0,7,0,0,0,0,0,2,0,0,0,0,0,0,0,0,0,11,40,62,82,0,0,92,74,9,8,27,15,84,0,0,45,4,0,2,0,0,0,0,0,0,0,2,0,0,0,0,0,0,0,0,0,0,0,0,0,0,0,0,0,0,0,0,0,0,0,0,0,0,0,0,0,0,0,0,0,0,0,0,0,0,0,0,0,0,0,0,0,0,0,49,0,13,0,71,0,123,0,79,0,37,0,79,0,5,0,0,0,0,0,3,0,0,0,9,0,5,0,0,10,54,7,25,0,14,0,17,0,0,0,20,0,0,0,52,0,367,0,48,0,0,0,2,0,0,0,0,0,0,0,0,0,0,0,0,0,0,0,0,0,0,0,0,0,0,0,0,0,0,0,0,0,0,0,34,0,0,6,0,691,0,0,0,514,70,604,389,23,262,0
0,0,15,0,0,0,12,0,0,0,0,0,0,0,0,0,16,0,0,0,0,0,0,0,10,0,0,0,0,0,0,0,0,0,0,0,0,0,0,0,0,0,0,0,0,0,0,0,0,0,0,0,134,10,95,0,0,0,81,53,0,0,8,0,23,35,31,112,1,0,0,0,0,0,0,0,0,0,0,0,0,0,0,0,0,0,0,0,0,0,0,0,0,0,0,0,0,0,0,0,0,0,0,0,0,0,0,0,0,0,0,0,0,0,0,0,0,0,0,0,0,0,0,0,28,0,20,0,39,0,74,0,27,0,0,0,3,0,9,1,0,0,0,0,12,0,0,0,0,0,0,0,0,0,41,17,24,13,23,23,69,0,0,0,6,0,6,0,67,0,253,0,20,0,0,0,3,0,0,0,0,3,0,0,0,0,0,0,0,0,0,0,0,0,0,0,0,0,0,0,0,0,0,0,0,0,0,0,17,0,647,97,705,526,874,344,606,8,0,0,2,0,0,0,0
0,6,0,13,0,0,0,21,0,32,0,0,0,0,0,0,0,53,0,0,0,14,0,21,0,9,0,0,0,21,0,0,0,0,0,0,0,0,0,0,0,0,0,0,0,0,0,0,0,5,0,16,14,92,10,92,0,0,50,79,0,20,0,53,0,0,0,31,0,10,0,0,0,0,0,0,0,1,0,0,0,0,0,0,0,4,0,1,0,0,0,0,0,3,0,3,0,0,0,0,0,0,0,0,0,0,0,0,0,0,0,0,0,0,0,0,0,0,0,0,0,0,0,0,0,10,0,0,0,89,0,139,0,56,1,11,0,35,0,6,0,0,0,0,0,0,0,0,0,0,0,0,0,0,22,197,10,24,0,148,0,102,0,0,0,20,0,0,0,82,0,419,0,23,0,0,0,0,0,0,0,0,0,0,5,0,0,0,0,0,0,0,0,0,0,0,0,0,0,0,0,0,0,0,0,0,0,0,0,14,0,0,3,0,885,0,0,0,508,88,683,719,79,283,0
8,0,27,0,0,0,25,0,116,84,6,0,0,0,0,0,0,0,0,0,0,0,0,0,13,0,0,0,0,0,0,0,0,0,0,0,0,0,0,0,0,0,0,0,0,0,0,0,9,0,0,0,30,131,107,74,81,50,0,185,97,0,11,21,70,56,166,401,0,0,0,0,0,0,0,0,0,0,0,0,0,0,0,0,0,0,0,0,0,0,0,0,0,0,0,0,0,0,0,0,0,0,1,0,0,0,0,0,0,0,0,0,0,0,0,0,0,0,0,0,0,0,0,0,21,0,4,0,0,0,46,0,0,0,0,0,0,0,1,0,0,0,0,0,7,4,0,0,0,0,2,0,0,0,17,48,91,39,1,32,11,0,5,0,3,0,0,0,44,0,212,0,0,0,0,4,54,0,0,0,0,0,0,0,49,20,0,0,0,0,0,0,0,0,0,0,0,0,0,0,0,0,0,0,0,0,0,0,0,0,930,355,399,463,930,272,510,4,0,0,0,0,0,0,0
0,0,0,6,0,0,0,0,68,54,0,2,0,0,0,0,1,0,0,0,0,0,0,0,0,0,0,0,0,0,0,0,0,0,0,0,0,0,0,0,0,0,0,0,0,0,0,0,0,0,0,0,90,3,54,9,53,79,185,0,9,28,3,5,40,74,230,78,0,2,0,0,0,0,0,0,0,0,0,0,0,0,0,0,0,0,0,0,0,0,0,0,0,0,0,1,0,0,0,0,0,0,0,2,0,0,0,0,0,0,0,0,0,0,0,0,0,0,0,0,0,0,0,0,0,49,1,18,0,1,0,114,0,34,0,0,0,4,0,0,0,0,0,0,21,7,0,4,0,10,0,0,0,0,73,9,42,20,20,11,17,30,0,0,0,0,0,0,0,8,0,0,0,0,0,8,10,0,0,0,0,0,0,0,22,22,0,0,0,0,0,0,0,0,0,0,0,0,0,0,0,0,0,0,0,0,0,0,0,20,4,0,2,0,780,0,0,0,702,314,308,458,67,75,0
253,0,246,0,7,0,265,22,200,22,5,0,0,0,0,0,32,0,3,0,5,0,15,1,76,13,0,0,6,0,0,0,6,0,0,0,42,0,12,0,0,0,0,0,0,0,0,0,0,0,0,0,12,4,21,8,0,0,97,9,0,0,58,8,2,0,15,0,0,0,3,0,0,0,1,0,0,0,0,0,0,0,0,0,5,1,0,0,0,0,0,0,0,0,0,0,0,0,0,0,0,0,0,0,0,0,0,0,0,0,0,0,0,0,0,0,0,0,0,0,0,0,6,0,0,0,0,0,0,0,0,0,0,0,0,0,0,0,132,0,86,0,48,0,195,0,0,0,0,1,0,0,0,0,24,0,95,0,11,0,0,0,0,0,0,0,0,0,2,0,95,0,115,0,0,0,21,5,0,0,0,0,31,0,0,0,0,0,0,0,0,0,0,0,0,0,0,0,0,0,0,0,0,0,0,0,0,0,2,0,9,148,8,0,0,0,3,0,0,0,0,0,0,0,0
0,163,0,29,0,0,0,168,13,130,0,0,0,0,0,0,0,15,0,0,0,0,5,0,0,95,0,0,0,17,0,7,0,9,0,0,0,31,0,15,0,0,0,0,0,0,0,0,0,0,0,0,3,55,18,27,0,20,0,28,0,0,2,44,0,0,0,16,0,0,0,0,0,0,0,3,0,0,0,0,0,0,0,0,0,7,0,0,0,0,0,0,0,0,0,0,0,0,0,0,0,0,0,0,0,0,0,0,0,0,0,0,0,0,0,0,0,0,0,0,0,0,0,0,0,0,0,0,0,0,0,0,0,0,0,0,0,10,0,81,0,124,0,28,0,150,0,0,0,0,0,0,0,0,0,3,0,123,0,13,0,0,0,0,0,1,0,0,0,5,0,93,0,38,0,1,0,80,0,0,0,0,0,26,0,3,0,0,0,0,0,0,0,0,0,0,0,0,0,0,0,0,0,0,0,0,0,0,0,0,0,0,0,0,10,0,0,0,11,94,32,10,0,19,0
89,17,227,0,0,0,337,37,140,87,2,0,0,0,10,0,232,4,0,0,30,0,37,0,210,16,0,0,18,0,0,0,3,0,0,0,1,0,1,0,1,0,6,0,0,0,0,0,1,0,0,0,45,3,22,15,8,0,11,3,58,2,0,16,0,0,0,6,0,0,0,0,0,0,7,0,0,0,0,0,3,0,0,0,0,3,0,1,0,0,0,0,0,0,0,0,0,0,0,0,0,0,0,0,0,0,0,0,0,0,0,0,0,0,0,0,0,0,0,0,0,0,0,0,0,0,0,0,0,0,0,0,0,0,14,0,55,0,228,0,161,0,107,0,52,0,0,0,0,0,0,0,2,0,73,0,52,1,31,0,5,0,0,0,0,0,0,0,0,0,2,0,8,0,0,0,13,2,0,0,0,0,11,0,1,0,0,0,0,0,0,0,0,0,0,0,0,0,0,0,0,0,0,0,0,0,0,0,0,0,0,98,6,1,4,0,1,0,0,1,0,0,0,0,0
46,76,20,34,0,6,90,174,153,137,0,0,0,0,0,52,26,150,0,119,0,77,0,119,105,326,0,74,0,109,0,38,0,26,0,23,0,15,0,11,0,0,0,0,0,0,0,0,0,0,0,0,12,155,61,84,0,53,21,5,8,44,16,0,0,0,8,12,0,0,0,0,0,0,0,0,0,0,0,0,0,0,0,0,0,11,0,0,0,0,0,0,0,0,0,0,0,0,0,0,0,0,0,0,0,0,0,0,0,0,0,0,0,0,0,0,0,0,0,0,0,0,0,0,0,0,0,0,0,0,0,0,0,23,0,18,0,135,0,360,0,143,0,72,0,74,0,0,0,0,0,0,0,0,0,111,0,16,2,88,0,0,0,0,0,2,0,0,0,5,0,13,0,12,0,0,0,86,0,0,0,0,0,25,0,0,0,0,0,0,0,0,0,0,0,0,0,0,0,1,0,0,0,0,0,0,0,0,0,0,0,0,5,0,14,0,0,0,19,85,45,11,0,15,0
0,0,0,0,36,0,0,0,133,0,27,0,0,0,19,0,0,0,10,0,0,0,1,0,0,0,0,0,0,0,0,0,0,0,0,0,0,0,0,0,0,0,0,0,6,0,15,0,1,0,0,0,1,0,0,0,23,0,70,40,2,0,0,0,0,178,175,41,0,0,15,0,0,0,16,0,0,0,0,0,3,0,0,0,0,0,6,0,0,0,0,0,0,0,0,0,0,0,0,0,0,0,0,0,0,0,0,0,0,0,0,0,0,0,0,0,0,0,0,0,0,0,0,0,11,4,0,0,0,0,28,27,0,0,0,0,0,0,29,64,16,25,3,1,130,49,17,0,53,26,0,0,0,0,9,30,4,0,3,94,155,77,11,0,0,0,0,0,0,1,0,0,0,0,45,14,17,0,0,0,68,36,71,0,206,29,0,0,0,0,0,0,0,0,0,0,0,0,0,0,0,0,0,0,0,0,0,0,5,0,151,5,63,0,76,0,0,0,0,0,0,0,0,0,0
0,45,0,0,0,0,0,1,0,199,0,25,0,0,0,0,0,0,0,0,0,0,0,0,0,0,0,0,0,0,0,0,0,0,0,1,0,0,0,0,0,0,0,0,0,6,0,0,0,0,0,0,3,0,3,0,35,0,56,74,0,0,0,0,178,0,70,434,0,0,10,19,0,0,6,28,0,0,0,7,0,0,0,0,0,7,0,12,0,0,0,0,0,0,0,0,5,0,0,0,0,1,0,0,0,0,0,0,0,0,0,0,0,0,0,0,0,0,0,0,0,13,0,5,0,45,0,45,9,0,61,103,0,0,0,0,0,1,90,28,8,24,0,1,100,99,0,42,73,293,0,23,0,0,52,0,0,4,103,3,145,158,0,26,0,0,0,0,0,0,0,0,0,0,1,108,0,0,0,0,50,84,0,0,31,55,0,0,0,0,0,0,0,0,0,0,0,0,0,0,0,0,0,0,0,0,0,0,0,25,60,0,0,0,134,0,9,0,173,36,137,0,6,0,0
19,0,4,0,0,0,84,0,305,0,0,0,0,0,0,0,0,0,3,0,0,0,0,0,0,0,0,0,0,0,0,0,1,0,0,0,0,0,0,0,0,0,0,0,1,0,0,0,0,0,0,0,13,75,3,45,31,0,166,230,15,0,0,8,175,70,0,223,0,0,0,0,0,0,0,0,0,0,0,0,0,0,0,0,0,0,0,0,0,0,0,0,0,0,0,0,0,0,0,0,0,0,0,0,0,0,0,0,0,0,0,0,0,0,0,0,0,0,0,0,0,0,0,0,11,0,0,0,0,1,7,0,0,0,0,0,0,0,1,0,0,0,0,0,13,6,10,2,22,0,1,0,0,0,33,48,70,37,0,41,30,0,1,0,0,0,0,0,2,0,9,0,0,0,0,5,134,0,0,0,0,3,4,0,346,19,0,0,0,0,0,0,0,0,0,0,0,0,0,0,0,0,0,0,0,0,0,0,0,0,142,114,26,0,88,0,0,0,2,0,0,0,0,0,0
0,16,0,1,0,0,26,0,200,87,0,0,0,0,0,0,0,0,0,0,0,0,0,0,6,0,0,0,0,0,0,0,0,0,0,0,0,0,0,0,0,0,0,0,0,0,0,0,0,0,0,0,191,20,130,4,112,31,401,78,0,16,6,12,41,434,223,0,0,0,0,0,0,0,0,0,0,0,0,0,0,0,0,0,0,0,0,0,0,0,0,0,0,0,0,0,0,0,0,0,0,0,0,0,0,0,0,0,0,0,0,0,0,0,0,0,0,0,0,0,0,0,0,0,0,28,0,0,0,0,0,46,0,0,0,0,0,0,11,0,0,0,0,0,29,21,0,0,0,59,0,0,0,1,127,23,45,16,0,7,38,37,0,0,0,0,0,0,0,2,0,0,0,0,0,49,29,26,0,0,0,0,0,0,44,358,0,0,0,0,0,0,0,0,0,0,0,0,0,0,0,0,0,0,0,0,0,0,0,7,8,0,0,0,162,0,0,0,240,231,92,144,14,0,0
0,0,0,0,0,0,0,0,0,0,0,0,0,0,0,0,0,0,0,0,0,0,0,0,0,0,0,0,6,0,0,0,0,0,0,0,0,0,0,0,0,0,4,0,13,0,2,0,3,0,0,0,0,0,0,0,1,0,0,0,0,0,0,0,0,0,0,0,0,0,0,0,22,0,0,0,77,0,44,0,0,0,33,0,0,0,22,0,15,0,0,0,7,0,6,0,0,0,18,0,0,0,93,0,0,0,14,0,67,0,2,0,7,0,23,0,9,0,0,0,0,0,0,0,0,0,0,0,0,0,0,0,0,0,0,0,0,2,0,0,0,0,0,0,0,0,3,0,2,0,0,0,0,0,0,0,0,0,0,0,0,0,0,0,34,0,0,0,127,0,0,0,2,0,0,0,0,0,0,0,0,0,0,0,0,0,0,0,54,0,21,0,129,0,28,0,0,0,23,0,0,0,52,0,0,0,0,0,0,0,47,10,55,0,0,38,56,5,0,0,0,0,0,0,0
0,0,0,0,0,0,0,0,0,1,0,0,0,0,0,0,0,0,0,0,0,0,0,0,0,0,0,0,0,0,0,0,0,0,0,0,0,1,0,0,0,0,0,2,0,30,0,0,1,5,0,0,0,0,0,2,0,10,0,2,0,0,0,0,0,0,0,0,0,0,0,0,0,6,0,1,0,35,0,0,0,13,0,20,0,0,0,36,0,9,0,1,0,8,0,30,0,0,0,6,0,25,0,28,0,7,0,5,0,8,0,0,0,0,0,3,0,2,0,0,0,0,0,0,0,0,0,0,0,0,0,0,0,0,0,0,0,0,0,0,0,0,0,0,0,0,0,0,0,0,1,0,0,0,0,0,0,0,0,1,0,0,0,0,0,14,0,0,0,59,0,1,0,2,0,0,0,0,0,0,0,0,0,0,0,0,0,0,0,0,0,0,0,7,0,12,0,0,0,0,0,0,0,0,0,0,0,0,0,0,0,0,0,0,0,0,0,0,15,10,46,0,19,19,1
0,0,0,0,0,0,0,0,0,0,0,0,0,0,0,0,0,0,0,0,27,0,0,0,0,0,78,0,23,0,17,0,20,0,0,0,130,0,43,0,0,0,24,0,45,0,0,0,0,0,51,0,1,0,0,0,0,0,0,0,3,0,0,0,15,10,0,0,0,0,0,0,170,2,143,0,6,0,105,0,7,0,2,0,7,0,5,0,0,0,0,0,0,0,0,0,0,0,0,0,0,0,0,0,0,0,0,0,0,0,0,0,0,0,0,0,0,0,0,0,40,0,10,0,48,0,0,0,19,1,51,0,0,0,51,0,13,0,0,0,38,8,78,0,59,0,0,0,44,20,24,0,0,0,0,0,0,0,0,0,15,0,56,0,0,0,54,0,0,0,34,0,42,0,28,0,0,0,0,0,52,0,0,0,13,0,0,0,0,0,0,0,0,0,0,0,0,0,0,0,17,0,0,0,0,0,0,0,0,0,0,0,4,0,0,0,0,0,4,0,0,0,0,0,0
0,0,0,0,0,0,0,0,0,0,0,0,0,0,0,0,0,0,0,0,0,0,0,0,0,0,0,0,0,0,0,0,0,0,0,12,0,0,0,3,0,0,0,0,0,11,0,0,0,0,0,14,0,0,0,0,0,0,0,0,0,0,0,0,0,19,0,0,0,0,0,0,0,99,0,82,0,5,0,29,0,17,0,0,0,1,0,41,0,0,0,0,0,0,0,1,0,0,0,0,0,0,0,0,0,0,0,0,0,0,0,0,0,0,0,0,0,0,0,0,0,11,0,10,0,52,0,0,0,18,9,0,0,50,0,0,0,0,0,0,0,68,0,0,0,56,0,0,0,47,0,0,0,0,0,0,0,0,0,1,0,12,0,40,0,0,0,12,0,6,0,6,0,22,0,13,0,0,0,0,0,22,0,0,0,5,0,0,0,0,0,0,0,0,0,0,0,0,0,0,0,0,0,0,0,0,0,0,0,0,0,0,0,0,6,0,0,0,47,0,17,3,0,0,0
0,0,0,0,0,0,0,0,0,0,0,0,0,0,0,0,0,0,0,0,0,0,0,0,0,0,0,0,0,0,0,0,0,0,0,0,0,0,0,0,0,0,0,0,0,0,0,0,0,0,0,0,0,0,0,0,0,0,0,0,0,0,0,0,0,0,0,0,22,0,170,0,0,0,100,0,32,0,105,0,0,0,31,0,8,0,6,0,0,0,0,0,12,0,0,0,26,0,0,0,0,2,0,0,0,0,0,0,0,0,0,0,0,0,0,0,0,0,0,0,85,0,31,1,117,5,42,0,30,0,57,0,46,0,224,0,47,0,11,0,47,0,204,0,35,0,36,0,0,0,72,0,42,0,0,0,0,0,0,0,6,0,24,0,0,0,15,0,9,0,7,0,6,0,14,0,0,0,0,0,0,20,0,0,0,0,0,0,0,0,0,0,0,0,0,0,0,0,0,0,108,0,0,0,0,0,0,0,74,0,252,0,48,0,12,5,0,0,0,0,0,0,0,0,0
0,0,0,0,0,0,0,0,0,0,0,0,0,0,0,0,0,0,0,0,0,0,0,0,0,0,0,0,0,0,0,0,0,0,0,0,0,0,0,0,0,0,0,0,0,0,0,0,0,0,0,0,0,0,0,0,0,0,0,0,0,0,0,0,0,0,0,0,0,6,2,99,0,0,0,117,0,23,0,77,0,11,0,13,0,0,0,150,0,0,0,0,0,1,0,3,0,0,0,0,0,0,0,0,0,0,0,0,0,0,0,0,0,0,0,0,0,0,0,0,0,18,0,15,0,0,0,0,0,9,0,9,2,0,0,203,0,238,0,0,0,33,0,34,0,28,0,0,0,29,0,0,0,0,0,0,0,0,0,0,0,0,0,62,0,0,0,0,0,12,0,9,0,9,0,8,0,0,0,0,0,33,0,0,0,0,0,0,0,0,0,0,0,0,0,0,0,0,0,167,2,0,0,223,0,27,0,0,0,0,0,0,0,0,8,0,0,0,100,0,17,0,0,0,0
0,0,0,0,0,0,0,0,0,0,0,0,0,0,0,0,3,0,10,0,10,0,0,0,0,0,39,0,18,0,0,0,9,0,0,0,75,0,37,0,0,0,17,0,0,0,0,0,0,0,30,0,0,0,1,0,0,0,0,0,1,0,7,0,16,6,0,0,0,0,143,0,100,0,0,0,9,0,154,0,0,0,0,0,20,0,1,0,0,0,0,0,0,0,0,0,8,0,0,0,0,0,0,0,0,0,0,0,0,0,0,0,0,0,0,0,0,0,0,0,58,0,41,0,55,13,0,0,0,0,42,0,0,0,99,0,21,0,6,0,30,7,134,0,66,2,22,0,67,27,44,0,29,0,0,0,3,0,0,0,13,0,12,0,0,0,27,0,2,0,0,0,26,0,45,0,0,0,0,0,58,22,0,0,19,0,0,0,0,0,0,0,0,0,0,0,0,0,0,0,75,0,0,0,0,0,0,0,35,0,18,0,0,0,0,0,0,0,0,0,0,0,0,0,0
0,0,0,0,0,0,0,0,0,0,0,0,0,0,0,0,0,0,0,0,0,0,0,0,0,0,0,0,0,0,0,0,0,0,0,0,0,21,0,0,0,0,0,0,0,0,0,0,0,0,0,21,0,0,0,0,0,0,0,0,0,3,0,0,0,28,0,0,0,1,0,82,0,117,0,0,0,16,0,44,0,29,0,0,0,5,0,50,0,0,0,0,0,0,0,0,0,0,8,6,0,0,0,0,0,0,0,0,0,0,0,0,0,0,0,0,0,0,0,0,0,57,0,23,0,99,0,0,10,0,26,43,0,0,0,124,0,216,7,0,4,48,0,95,3,144,0,56,14,115,0,0,0,20,0,0,0,3,0,0,0,0,0,79,0,0,0,20,0,7,0,10,0,50,0,26,0,0,0,0,0,77,0,0,0,4,0,0,0,0,0,0,0,8,0,0,0,0,0,0,0,0,0,0,0,0,0,0,0,117,16,0,0,0,9,1,0,0,66,0,13,2,0,0,0
0,0,0,0,0,0,0,0,0,0,0,0,8,0,0,0,0,0,13,0,0,0,0,0,0,0,0,0,0,0,0,0,0,0,0,0,0,0,0,0,0,0,0,0,19,0,0,0,7,0,0,0,0,0,0,0,0,0,0,0,0,0,0,0,0,0,0,0,77,0,6,0,32,0,9,0,0,0,26,0,0,0,86,0,0,0,37,0,4,0,5,0,18,0,0,0,0,0,0,0,0,0,43,0,0,0,16,0,48,0,12,0,0,0,0,0,20,0,0,0,14,0,0,0,0,0,0,0,0,0,0,0,0,0,0,0,0,0,0,0,0,0,0,0,0,0,0,0,0,0,0,0,0,0,0,0,0,0,0,0,0,0,0,0,40,0,6,0,16,0,0,0,0,0,0,0,0,0,0,0,0,0,0,0,0,0,0,0,0,0,0,0,0,0,0,0,0,0,0,0,0,0,0,0,0,0,0,0,0,0,0,5,28,0,0,23,10,0,0,0,0,0,0,0,0
0,0,0,0,0,0,0,0,0,1,0,1,0,2,0,0,0,0,0,0,0,0,0,0,0,0,0,0,0,0,0,0,0,0,0,0,0,0,0,0,0,0,0,0,0,41,0,0,0,0,0,0,0,0,0,2,0,1,0,0,0,0,0,0,0,0,0,0,0,35,0,5,0,23,0,16,0,0,0,10,0,9,0,42,0,0,0,120,0,0,0,0,0,14,0,10,0,0,0,5,0,0,0,52,0,0,0,0,0,1,0,12,0,1,0,0,0,5,0,0,0,0,0,0,0,0,0,4,0,0,1,0,0,0,0,31,0,16,0,0,0,0,0,0,0,0,0,0,0,0,0,0,0,0,0,0,0,0,0,0,0,0,0,4,0,6,0,0,0,41,0,0,0,0,0,0,0,0,0,0,0,0,0,0,0,0,0,0,0,0,0,0,0,0,0,0,0,0,0,31,0,0,0,56,0,23,0,0,0,15,0,0,0,0,3,0,0,0,15,0,21,1,3,10,0
1,0,0,0,0,0,0,0,0,0,0,0,0,0,0,0,0,0,0,0,0,0,0,0,0,0,0,0,7,0,0,0,0,0,0,0,0,0,0,0,0,0,0,0,0,0,0,0,3,0,0,0,0,0,0,0,0,0,0,0,0,0,0,0,0,0,0,0,44,0,105,0,105,0,154,0,26,0,0,0,11,0,86,0,83,0,72,0,7,0,6,0,18,0,8,0,140,0,37,0,0,0,40,0,8,0,25,0,20,0,0,0,0,0,0,0,5,0,1,0,107,0,18,0,0,0,0,2,0,0,0,0,0,0,0,0,0,0,1,0,18,0,97,0,8,0,0,0,0,0,0,0,0,0,0,0,0,0,0,0,0,0,7,0,8,0,0,0,31,0,0,0,0,0,8,0,0,0,0,0,0,0,0,0,2,0,0,0,0,0,0,0,0,0,0,0,4,0,55,0,160,0,0,0,0,0,0,0,0,0,190,13,78,0,16,9,3,0,0,0,0,0,0,0,0
