0,468,42,185,46,0,9,260,59,113,49,0,58,0,36,38,74,291,0,0,13,0,27,96,13,326,27,0,72,6,4,0,49,0,0,0,38,0,216,6,33,0,0,0,0,0,30,0,5,0,0,0,10,0,3,94,0,0,1,0,68,0,48,27,12,0,3,0,0,0,0,0,0,0,0,0,1,0,0,0,0,0,0,0,0,0,0,0,0,0,0,1,0,0,0,0,0,0,0,0,0,0,0,0,0,0,0,0,0,0,0,0,0,0,0,0,0,0,0,0,0,0,0,0,0,0,7,0,0,0,18,0,0,0,11,0,0,0,0,0,0,0,0,0,0,0,0,0,54,0,18,0,0,0,0,0,0,0,0,0,5,0,0,0,7,0,0,0,69,0,27,0,264,0,4,0,451,188,8,0,0,0,46,6,33,0,1,0,0,0,0,0,0,0,0,0,5,0,0,0,0,0,0,0,0,0,0,0,18,0,221,206,108,43,67,0,3,0,0,0,0,0,0,0,0
468,0,488,46,99,187,103,31,0,38,110,169,0,83,0,13,160,67,0,48,21,0,394,34,209,46,0,61,12,146,0,10,0,157,0,0,0,343,0,424,0,17,0,0,0,31,0,49,0,8,0,0,5,0,0,33,0,6,0,2,0,45,34,53,0,36,0,4,0,0,0,0,0,0,0,0,0,0,0,0,0,0,0,0,0,0,0,0,0,0,0,0,0,0,0,0,0,0,0,0,0,0,0,0,0,0,0,0,0,0,0,0,0,0,0,0,0,0,0,0,0,1,0,0,0,0,0,0,0,0,0,0,0,0,0,98,0,37,0,0,0,0,0,0,0,0,0,0,0,27,0,73,0,88,0,0,0,0,0,0,0,0,0,0,0,6,0,11,0,82,0,30,0,414,0,0,278,564,3,7,1,0,23,26,0,84,1,1,0,0,0,0,0,0,0,0,0,0,0,16,0,29,0,1,0,0,0,57,0,58,0,0,0,0,166,0,0,0,510,386,224,78,7,7,0
42,488,0,0,141,50,30,0,44,0,31,54,63,0,170,53,48,211,44,0,61,0,262,133,165,243,47,0,128,17,0,0,0,0,0,0,61,0,380,0,27,0,0,0,9,0,21,0,10,0,0,0,24,0,75,0,7,0,12,0,99,0,114,0,14,0,0,0,0,0,5,0,0,0,0,0,0,0,0,0,0,0,0,0,0,0,0,0,0,0,0,0,0,0,0,0,0,0,0,0,0,0,0,0,0,0,0,0,0,0,0,0,0,0,0,0,0,0,0,0,0,0,0,0,47,0,43,0,0,0,92,0,10,0,115,0,39,0,0,0,0,0,0,0,0,0,14,0,85,0,31,0,7,0,0,0,1,0,0,0,19,0,0,0,16,0,0,0,77,0,0,0,408,0,0,0,104,125,4,3,0,0,8,5,23,0,0,0,0,0,0,0,0,0,2,0,0,0,26,0,29,0,0,0,0,0,0,0,98,0,664,191,210,0,203,3,0,0,4,0,0,0,0,0,0
185,46,0,0,0,157,0,27,0,10,89,20,0,14,14,130,45,70,0,64,12,62,127,145,0,116,0,27,0,200,0,28,0,187,0,0,0,262,0,321,0,0,0,0,0,0,0,0,0,1,0,0,0,0,0,103,0,14,0,0,0,0,0,10,0,0,0,0,0,0,1,0,0,0,0,0,0,0,0,0,0,0,0,0,0,0,0,0,0,0,0,0,0,0,0,0,0,0,0,0,1,20,0,0,1,0,0,0,0,0,0,0,0,0,0,0,0,0,0,0,0,0,0,0,0,16,0,0,0,0,0,0,0,0,0,204,0,112,0,15,0,0,0,0,0,0,0,0,0,0,0,0,0,0,1,17,0,0,0,29,0,0,0,0,0,0,0,0,0,32,0,7,0,251,0,0,55,40,0,3,0,0,0,0,0,0,0,0,0,0,0,0,0,0,0,0,0,0,0,0,0,0,0,1,0,0,0,32,0,91,0,0,0,0,192,0,0,0,571,104,256,0,0,0,0
46,99,141,0,0,203,7,0,26,0,136,157,228,71,175,451,0,29,136,196,190,53,114,135,6,0,215,0,25,5,217,0,308,0,128,0,236,0,78,0,104,0,6,0,22,0,96,0,0,0,37,0,4,0,0,0,0,0,0,0,4,0,2,0,17,0,0,0,0,0,0,0,0,0,0,0,0,0,0,0,0,0,0,0,0,0,0,0,0,0,0,0,0,0,0,0,0,0,0,0,0,0,0,0,0,0,0,0,0,0,0,0,0,0,0,0,0,0,0,0,0,0,0,0,0,0,10,0,0,0,15,0,0,0,40,0,0,0,0,0,0,0,0,0,0,0,26,0,57,0,40,0,16,0,0,0,0,0,0,0,0,0,0,0,0,0,283,0,93,0,4,0,153,0,0,0,423,284,222,10,19,0,50,0,32,0,0,0,0,0,0,0,0,0,0,0,9,0,19,0,6,0,0,0,0,0,0,0,40,0,626,393,389,0,134,5,2,0,0,0,0,0,0,0,0
0,187,50,157,203,0,0,10,0,12,120,193,94,232,308,190,0,17,372,176,111,290,124,106,0,25,0,170,0,0,0,155,0,318,0,156,0,189,0,0,0,22,0,0,0,30,0,88,0,4,0,18,0,0,0,25,0,0,0,0,0,0,0,0,0,25,0,0,0,0,0,0,0,0,0,0,0,0,0,0,0,0,0,0,0,0,0,0,0,0,0,0,0,0,0,0,0,0,0,0,0,0,0,0,0,0,0,0,0,0,0,0,0,0,0,0,0,0,0,0,0,0,0,0,0,0,0,0,0,0,0,0,1,0,0,184,0,75,0,0,0,0,0,0,0,0,0,6,0,0,0,102,0,100,0,0,0,0,0,0,0,0,0,0,0,0,0,128,0,85,0,19,0,136,0,0,85,360,0,21,0,0,0,0,0,61,0,0,0,0,0,0,0,0,0,0,0,0,0,0,0,56,0,0,0,0,0,57,0,99,0,0,0,0,178,0,0,0,742,411,462,53,10,0,0
9,103,30,0,7,0,0,0,40,471,0,0,7,0,0,0,0,0,0,0,0,0,20,0,228,71,0,0,0,0,0,0,0,0,0,0,0,0,0,0,0,0,0,0,0,0,0,0,43,0,0,0,237,68,238,305,25,0,39,0,410,0,371,61,17,0,55,78,0,0,0,0,0,0,0,0,3,0,0,0,0,0,0,0,0,0,0,0,0,0,0,0,0,0,0,0,0,0,0,0,0,0,0,0,0,0,0,0,0,0,0,0,0,0,0,0,0,0,0,0,0,0,0,0,51,0,36,0,5,0,187,0,11,0,0,0,20,0,0,0,0,0,37,0,0,0,5,0,67,0,5,0,0,0,17,0,9,0,0,0,44,0,5,0,15,0,0,0,84,0,385,0,197,0,0,0,101,76,0,0,0,0,0,0,34,13,0,0,0,0,0,0,0,0,0,0,2,0,7,0,15,0,0,0,0,0,0,0,72,0,802,152,354,0,371,3,128,0,0,0,0,0,0,0,0
260,31,0,27,0,10,0,0,158,133,2,3,0,7,0,35,0,27,0,5,0,0,0,22,148,43,0,0,0,57,0,0,0,0,0,0,0,89,0,303,0,0,0,0,0,0,0,4,1,0,0,0,21,12,0,242,0,13,0,3,0,215,59,204,0,1,0,7,0,0,0,0,0,0,0,0,0,0,0,0,0,2,0,0,0,0,0,0,0,0,0,1,0,0,0,1,0,0,0,0,1,0,0,5,0,0,0,0,0,0,0,0,0,0,0,0,0,0,0,0,0,0,0,0,0,28,0,8,0,1,0,41,0,0,0,0,0,55,0,0,0,0,0,0,0,0,0,2,0,5,0,12,0,0,0,0,0,0,0,6,0,0,0,0,0,4,0,0,0,70,0,93,0,196,0,0,94,49,0,0,0,0,0,3,0,0,0,0,0,0,0,0,0,0,0,0,0,0,0,0,0,0,0,0,0,0,0,41,0,93,0,2,0,0,571,0,0,0,573,136,221,331,8,44,0
59,0,44,0,26,0,40,158,0,390,35,0,12,0,21,0,0,0,0,0,0,0,4,0,3,0,23,0,0,0,0,0,0,0,2,0,0,0,14,0,9,0,0,0,0,0,0,0,11,0,0,0,97,105,20,340,9,49,49,62,177,0,160,50,85,0,114,98,0,0,0,0,0,0,0,0,3,0,0,0,0,0,0,0,0,0,0,0,0,0,0,0,0,0,0,0,0,0,0,0,0,0,0,0,0,0,0,0,0,0,0,0,0,0,0,0,0,0,0,0,0,0,0,0,38,0,13,0,0,0,88,0,0,0,0,0,0,0,0,0,3,0,0,0,0,0,11,0,139,0,18,0,11,0,6,0,12,0,1,0,40,0,3,0,0,0,0,0,0,0,126,0,93,0,0,0,442,71,4,0,0,0,17,1,285,58,0,0,0,0,0,0,0,0,0,0,7,0,0,0,0,0,0,0,0,0,0,0,33,0,216,86,128,0,81,0,27,0,0,0,0,0,0,0,0
113,38,0,10,0,12,471,133,390,0,0,57,0,10,0,4,14,5,0,0,0,2,0,0,214,3,0,16,0,0,0,0,0,6,0,0,0,7,0,38,0,1,0,0,0,0,0,0,0,0,0,3,137,84,132,173,0,28,0,93,0,244,123,237,0,181,0,263,0,0,0,0,0,0,0,0,0,0,0,0,0,0,0,1,0,0,0,0,0,0,0,0,0,0,0,0,0,0,0,0,2,0,0,1,0,0,0,0,0,0,0,0,0,0,0,0,0,0,0,0,0,0,0,0,0,40,0,38,0,0,0,67,0,0,0,20,0,9,0,0,0,0,0,0,0,0,0,90,0,114,0,167,0,48,0,0,0,0,0,0,0,10,0,0,0,0,0,3,2,75,0,321,0,101,0,1,238,299,0,1,0,0,0,22,0,171,0,0,0,1,0,3,0,0,0,0,0,0,0,0,0,12,0,0,0,0,0,94,0,103,0,0,0,0,277,0,0,0,472,270,299,234,24,51,0
49,110,31,89,136,120,0,2,35,0,0,88,273,0,43,277,0,40,19,0,68,0,18,224,0,0,87,0,46,0,97,0,301,0,0,0,153,0,81,0,67,0,0,0,30,0,128,0,8,0,0,0,3,0,0,0,0,0,0,0,0,0,0,0,9,0,0,0,0,0,0,0,0,0,0,0,1,0,0,0,0,0,0,0,0,0,0,0,0,0,0,0,0,0,0,0,0,0,0,0,0,0,0,0,0,0,0,0,0,0,0,0,0,0,0,0,0,0,0,0,0,0,0,0,12,0,5,0,0,0,15,0,0,0,3,0,0,0,0,0,0,0,0,0,0,0,3,0,36,0,0,0,10,0,0,0,0,0,0,0,0,0,0,0,0,0,195,0,60,0,8,0,115,0,15,0,369,194,138,0,50,0,27,0,18,0,8,0,0,0,0,0,0,0,0,0,0,0,0,0,0,0,0,0,0,0,0,0,24,0,201,124,139,0,0,0,1,1,0,0,0,0,0,0,0
0,169,54,20,157,193,0,3,0,57,88,0,15,440,248,42,17,3,71,71,96,177,151,90,0,3,0,201,0,103,10,117,0,406,0,109,0,240,0,0,0,108,0,0,3,58,0,119,0,57,2,11,0,6,0,3,0,0,0,0,0,0,0,0,0,30,0,0,0,0,0,0,0,0,0,0,0,0,0,0,0,0,0,0,0,0,0,0,0,0,0,0,0,0,0,1,0,0,0,0,0,0,0,0,0,0,0,0,0,0,0,0,0,0,0,0,0,0,0,0,0,0,0,0,0,0,0,2,0,0,0,0,0,0,0,0,0,33,0,0,0,0,0,0,0,0,0,9,0,37,0,164,0,141,0,0,0,0,0,0,0,0,0,0,0,12,0,72,0,0,0,16,0,139,0,69,71,468,0,43,0,126,0,25,0,110,0,2,0,0,0,0,0,0,0,0,0,0,0,0,0,0,0,0,0,2,0,34,0,54,0,0,0,0,61,0,0,0,322,308,171,0,7,0,1
58,0,63,0,228,94,7,0,12,0,273,15,0,241,63,42,0,0,123,477,62,52,15,0,0,0,125,506,0,0,0,0,0,0,173,0,22,0,0,0,188,69,165,23,59,0,292,137,14,0,399,0,0,0,0,0,0,0,0,0,0,0,0,0,0,0,0,0,0,0,0,0,0,0,0,0,0,0,0,0,0,0,0,0,0,0,0,0,0,0,0,0,0,0,0,0,0,0,0,0,0,0,0,0,0,0,0,0,0,0,0,0,0,0,0,0,0,0,0,0,0,0,0,0,0,0,0,0,0,0,0,0,0,0,0,0,0,0,0,0,0,0,0,0,0,0,0,0,28,0,0,0,0,0,0,0,0,0,0,0,0,0,0,0,36,0,8,0,0,0,0,0,0,0,0,0,391,123,192,0,0,0,19,0,0,0,170,0,0,0,0,0,0,0,0,0,0,0,0,0,0,0,0,0,0,0,0,0,21,0,82,376,205,0,0,0,0,0,1,9,0,0,0,0,0
0,83,0,14,71,232,0,7,0,10,0,440,241,0,53,9,0,0,681,103,107,43,0,0,0,4,215,168,0,0,0,14,0,0,0,152,0,0,0,0,56,446,23,24,0,43,52,243,0,68,0,145,0,0,0,0,0,0,0,0,0,0,0,0,0,16,0,0,0,0,0,0,0,0,0,0,0,0,0,0,0,0,0,0,0,2,0,0,0,0,0,0,0,0,0,0,0,0,0,0,0,0,0,0,0,0,0,0,0,0,0,0,0,0,0,0,0,0,0,0,0,0,0,0,0,0,0,0,0,0,0,0,0,0,0,0,0,52,0,0,0,0,0,0,0,0,0,0,2,0,0,98,0,64,0,0,0,0,0,0,0,0,0,0,0,45,0,0,0,0,0,0,0,0,0,0,87,631,0,39,0,52,0,17,0,46,17,54,0,0,0,0,0,0,0,0,0,0,0,0,0,0,0,0,0,0,0,0,0,0,0,3,0,0,0,0,0,0,0,155,126,0,0,2,0
36,0,170,14,175,308,0,0,21,0,43,248,63,53,0,655,51,0,265,181,283,76,346,56,41,0,220,0,0,0,310,0,184,0,75,0,79,0,13,0,28,0,0,0,16,4,62,0,0,0,12,0,4,0,24,0,0,0,0,0,0,0,29,0,24,0,0,0,0,0,0,0,0,0,0,0,0,0,0,0,0,0,0,0,0,0,12,0,0,0,48,0,0,0,0,0,0,0,0,0,0,0,0,0,75,0,94,0,0,0,0,0,0,0,0,0,0,0,0,0,0,0,0,0,0,0,0,0,0,0,17,0,0,0,282,0,128,0,0,0,5,0,0,0,0,0,51,0,158,0,59,0,36,0,0,0,0,0,0,0,6,0,0,0,13,0,162,0,0,0,11,0,33,0,0,0,113,252,19,0,0,0,25,0,61,0,0,0,0,0,0,0,0,0,0,0,27,0,42,0,79,0,0,0,0,0,0,0,138,0,235,179,203,0,73,3,0,0,0,0,0,0,0,0,0
38,13,53,130,451,190,0,35,0,4,277,42,42,9,655,0,0,145,142,161,200,340,123,235,0,59,0,107,0,92,0,109,0,202,6,64,0,102,0,60,0,0,0,0,0,21,0,0,0,3,0,6,0,0,0,166,0,0,0,0,0,0,0,63,0,6,0,0,0,0,0,0,0,0,0,0,0,0,0,0,0,177,0,0,0,76,0,0,0,121,0,60,0,0,0,126,0,77,0,136,0,130,0,0,0,0,0,380,0,0,0,0,0,0,0,0,0,0,0,0,0,0,0,10,0,0,0,0,0,0,0,0,0,0,0,746,0,211,0,0,0,0,0,137,0,0,0,0,0,0,0,0,0,0,0,20,0,0,0,19,0,0,0,0,0,25,0,109,0,97,0,11,0,124,0,0,53,207,20,114,0,0,0,0,0,7,0,0,0,0,0,0,0,0,0,0,0,2,0,0,0,224,0,0,0,0,0,0,0,84,0,0,0,0,89,0,0,0,348,176,274,43,4,0,0
74,160,48,45,0,0,0,0,0,14,0,17,0,0,51,0,0,75,126,0,166,0,194,23,175,63,157,0,167,0,85,0,50,2,11,0,8,0,121,0,2,0,0,0,34,0,9,0,3,0,23,0,50,0,18,5,32,0,0,0,35,0,204,0,0,0,0,0,0,0,0,0,0,0,29,0,0,0,0,0,0,0,0,0,171,0,60,0,0,0,268,0,0,0,0,0,144,0,389,0,186,0,0,0,71,0,400,0,0,0,0,0,0,0,0,0,0,0,0,0,33,0,22,0,0,0,16,0,0,0,0,0,19,0,42,2,127,0,12,0,34,0,218,0,0,0,0,0,0,0,0,0,0,0,134,0,0,0,80,0,27,0,0,0,0,0,0,0,0,0,14,0,0,0,0,0,27,9,0,0,0,0,69,0,3,0,0,0,0,0,0,0,0,0,0,0,2,0,3,0,43,0,0,0,0,0,0,0,0,0,61,162,52,58,37,0,0,0,2,0,0,0,0,0,0
291,67,211,70,29,17,0,27,0,5,40,3,0,0,0,145,75,0,0,79,11,53,129,240,64,176,0,0,0,267,0,54,2,20,0,46,0,12,8,97,0,0,0,0,0,0,0,0,0,0,0,5,0,53,0,34,0,72,0,3,0,5,3,162,0,0,0,1,0,0,0,0,0,3,0,5,0,0,0,0,0,118,0,0,0,60,0,64,0,89,0,70,0,0,0,78,0,0,0,168,0,175,0,0,0,0,0,224,0,0,0,0,0,0,0,0,0,0,0,0,0,0,0,0,0,0,0,0,0,28,0,0,0,0,0,375,0,131,0,178,0,155,0,406,0,0,0,0,0,0,0,0,0,0,0,37,0,0,0,154,0,3,0,0,0,0,0,0,0,0,0,0,5,15,0,0,10,16,0,0,0,0,0,28,0,0,0,0,0,0,0,0,0,0,0,0,0,0,0,0,0,0,0,0,0,0,0,0,0,0,0,0,0,0,0,0,0,0,21,112,13,0,0,0,0
0,0,44,0,136,372,0,0,0,0,19,71,123,681,265,142,126,0,0,909,535,142,242,5,0,0,362,607,0,0,36,0,0,0,175,17,49,0,0,0,42,62,32,0,90,21,40,168,0,0,157,0,0,0,0,0,0,0,0,0,20,0,59,0,0,0,0,0,0,0,19,0,0,0,0,0,0,0,0,0,0,0,0,0,0,0,0,0,0,0,0,0,0,0,0,0,0,0,0,0,0,0,0,0,0,0,0,0,0,0,0,0,0,0,0,0,0,0,0,0,0,0,0,0,0,0,0,0,0,0,0,0,9,0,107,0,69,0,0,0,0,0,0,0,0,0,0,0,96,0,0,0,0,0,0,0,0,0,0,0,0,0,0,0,41,0,28,0,0,0,0,0,0,0,11,0,141,137,20,0,0,0,0,0,0,0,18,14,0,0,0,0,0,0,0,0,0,0,0,0,41,0,0,0,0,0,0,0,0,0,121,290,181,0,44,0,0,0,0,0,0,0,0,0,0
0,48,0,64,196,176,0,5,0,0,0,71,477,103,181,161,0,79,909,0,141,325,0,91,0,27,118,220,0,5,0,65,0,0,25,307,0,55,0,0,17,0,7,65,0,110,15,72,0,20,0,195,0,0,0,25,0,0,0,3,0,22,0,38,0,21,0,0,0,0,0,0,0,0,0,28,0,0,0,0,0,232,0,0,0,79,0,0,0,105,0,0,0,0,0,0,0,22,0,165,0,0,0,0,0,0,0,176,0,0,0,0,0,0,0,0,0,0,0,6,0,0,0,0,0,0,0,4,0,0,0,0,0,0,0,0,0,117,0,0,0,0,0,131,0,0,0,0,0,15,0,142,0,0,0,8,0,0,0,0,0,0,0,0,0,113,0,32,0,132,0,0,0,0,0,0,103,167,0,11,0,59,0,0,0,59,0,26,0,0,0,0,0,0,0,0,0,0,0,0,0,92,0,0,0,0,0,0,0,120,0,0,0,0,48,0,0,0,153,275,224,0,15,0,0
13,21,61,12,190,111,0,0,0,0,68,96,62,107,283,200,166,11,535,141,0,29,234,62,0,0,417,100,104,0,116,0,19,0,106,0,21,0,28,0,4,12,7,0,46,0,9,0,0,0,51,0,13,0,0,0,0,0,0,0,0,0,74,0,0,0,0,0,0,0,50,0,0,0,86,0,0,0,0,0,231,0,0,0,140,0,142,0,0,0,120,0,0,0,0,0,0,0,471,0,194,0,0,0,49,0,0,0,0,0,0,0,0,0,0,0,0,0,0,0,128,0,56,0,0,0,0,0,0,0,0,0,0,0,0,0,0,0,0,0,57,0,84,0,24,0,0,0,0,0,0,0,0,0,0,0,0,0,0,0,0,0,0,0,41,0,49,0,37,0,0,0,11,0,0,0,0,29,30,0,0,0,0,0,8,0,6,0,0,0,0,0,0,0,0,0,0,0,0,0,0,0,0,0,0,0,0,0,5,0,229,533,132,0,50,0,0,0,5,0,0,0,0,0,0
0,0,0,62,53,290,0,0,0,2,0,177,52,43,76,340,0,53,142,325,29,0,0,278,0,0,21,193,0,20,0,97,0,18,6,149,0,13,0,7,3,0,3,69,0,53,5,0,0,0,3,66,0,18,0,0,0,0,0,0,0,0,0,97,0,0,0,0,0,0,0,17,0,0,0,0,0,0,0,0,0,0,0,0,0,100,0,0,0,0,0,0,0,0,0,0,0,0,0,184,0,0,0,0,0,0,0,0,0,0,0,0,0,0,0,0,0,0,0,0,0,0,0,15,0,0,0,0,0,0,0,0,0,0,0,0,0,0,0,83,0,175,0,350,0,37,0,0,0,0,0,0,0,0,0,0,0,0,0,0,0,0,0,0,0,50,0,14,0,55,0,0,0,0,0,0,10,19,0,75,0,0,0,0,0,0,0,6,0,0,0,0,0,0,0,0,0,0,0,0,0,0,0,0,0,0,0,0,0,0,3,0,0,0,48,0,0,0,222,370,92,0,0,0,0
27,394,262,127,114,124,20,0,4,0,18,151,15,0,346,123,194,129,242,0,234,0,0,200,144,83,175,0,150,0,124,0,230,23,0,0,89,14,389,0,0,0,0,0,0,0,0,0,0,0,0,0,29,0,137,0,0,0,0,0,0,0,130,0,5,0,0,0,0,0,0,0,0,0,0,0,0,0,0,0,0,0,0,0,0,0,0,0,0,0,130,0,0,0,0,0,0,0,0,0,0,0,4,0,73,0,0,0,0,0,0,0,0,0,0,0,0,0,0,0,0,0,0,0,0,0,29,0,0,0,0,0,0,0,242,0,392,0,0,0,26,0,313,0,0,0,25,0,69,0,12,0,0,0,88,0,0,0,0,0,25,0,0,0,0,0,76,0,46,0,0,0,304,0,0,0,26,67,0,2,0,0,13,0,21,0,0,0,0,0,0,0,0,0,0,0,12,0,0,0,181,0,0,0,0,0,0,0,78,0,522,106,276,0,194,0,0,0,0,0,0,0,0,0,0
96,34,133,145,135,106,0,22,0,0,224,90,0,0,56,235,23,240,5,91,62,278,200,0,0,80,0,55,4,155,0,63,0,158,0,54,0,80,0,99,0,1,0,6,0,15,0,0,0,4,0,8,0,13,0,41,0,0,0,0,0,0,0,34,0,0,0,0,0,0,0,2,0,0,0,0,0,0,0,0,0,103,0,98,0,32,0,69,0,67,0,49,0,0,0,112,0,0,0,133,0,117,0,30,0,52,0,202,0,0,0,0,0,0,0,0,0,0,0,0,0,17,0,0,0,0,0,0,0,0,0,0,0,0,0,299,0,69,0,40,0,0,0,153,0,0,0,0,0,0,0,0,0,0,0,8,0,0,0,20,0,4,0,0,0,0,0,29,0,58,0,0,0,81,0,0,21,63,0,45,0,0,0,1,0,0,0,0,0,0,0,0,0,0,0,0,0,0,0,0,0,0,0,0,0,0,0,0,0,0,0,0,0,0,49,0,0,0,161,223,141,0,4,2,0
13,209,165,0,6,0,228,148,3,214,0,0,0,0,41,0,175,64,0,0,0,0,144,0,0,122,0,0,140,2,0,0,0,0,0,0,0,0,224,0,0,0,0,0,0,0,0,0,17,0,0,0,77,4,245,109,44,0,20,0,199,0,457,33,0,0,0,0,0,0,0,0,0,0,6,0,2,0,0,0,0,0,0,0,0,0,0,0,0,0,0,0,0,0,0,0,0,0,0,0,0,0,0,0,0,0,0,0,0,0,0,0,0,0,0,0,0,0,0,0,0,0,0,0,13,0,27,0,19,0,15,0,0,0,165,0,168,0,3,0,0,0,164,0,0,0,0,0,6,0,0,0,0,0,36,0,0,0,26,0,26,0,7,0,0,0,0,0,0,0,70,0,275,0,1,0,7,18,0,0,0,0,0,0,0,0,0,0,0,0,0,0,0,0,0,0,0,0,6,0,38,0,0,0,7,0,0,0,25,0,516,95,230,240,318,0,0,0,0,0,0,0,0,0,0
326,46,243,116,0,25,71,43,0,3,0,3,0,4,0,59,63,176,0,27,0,0,83,80,122,0,0,0,0,347,0,0,0,46,0,0,0,157,0,420,0,0,0,0,0,0,0,0,0,0,0,0,0,16,0,275,0,19,0,0,0,24,23,48,0,0,0,0,0,0,0,0,0,0,0,0,0,0,0,0,0,0,0,0,0,0,0,0,0,17,0,0,0,0,0,0,0,0,0,0,0,0,0,0,0,0,0,111,0,0,0,0,0,0,0,0,0,0,0,1,0,0,0,0,0,0,0,0,0,0,0,0,0,0,0,390,0,77,0,22,0,26,0,56,0,0,0,0,0,0,0,0,0,0,0,29,0,0,0,45,0,0,0,0,0,0,0,0,0,18,0,8,0,125,0,0,33,0,2,0,0,0,0,12,0,0,0,0,0,0,0,0,0,0,0,0,0,0,0,10,0,92,0,0,0,0,0,0,0,0,0,0,0,0,218,0,0,0,294,83,129,0,2,0,0
27,0,47,0,215,0,0,0,23,0,87,0,125,215,220,0,157,0,362,118,417,21,175,0,0,0,0,538,38,0,27,0,9,0,55,0,183,0,14,0,35,199,179,34,289,73,134,488,33,7,202,0,25,0,0,0,0,0,0,0,0,0,99,0,0,0,0,0,0,0,85,0,0,0,139,0,0,0,0,0,0,0,0,0,0,0,255,0,0,0,109,0,0,0,0,0,0,0,0,0,289,0,0,0,0,0,0,0,0,0,0,0,0,0,0,0,0,0,0,0,165,0,0,0,0,0,0,0,0,0,0,0,0,0,0,0,0,0,0,0,0,0,0,0,0,0,0,0,66,0,0,0,0,0,0,0,7,0,0,0,0,0,0,0,69,0,0,0,40,0,0,0,21,0,0,0,59,77,15,0,0,0,0,0,54,0,56,0,0,0,0,0,0,0,0,0,0,0,0,0,0,0,0,0,0,0,9,0,0,0,58,449,210,0,0,0,0,6,0,20,0,0,0,0,0
0,61,0,27,0,170,0,0,0,16,0,201,506,168,0,107,0,0,607,220,100,193,0,55,0,0,538,0,0,0,0,96,0,24,23,148,0,137,0,0,188,24,78,278,0,247,112,173,0,122,50,201,0,0,0,0,0,0,0,0,0,16,0,58,0,37,0,0,0,0,0,0,0,0,0,0,0,0,0,0,0,0,0,0,0,78,0,0,0,0,0,0,0,0,0,0,0,0,0,160,0,0,0,0,0,0,0,0,0,0,0,0,0,0,0,0,0,0,0,16,0,0,0,31,0,0,0,0,0,0,0,0,0,0,0,199,0,85,0,0,0,104,0,0,0,49,0,0,0,0,0,170,0,0,0,0,0,0,0,0,0,0,0,0,0,56,0,6,0,0,0,18,0,0,0,0,63,202,0,20,0,124,0,22,0,97,62,12,0,0,0,0,0,0,0,0,0,0,0,0,0,0,0,0,0,0,0,0,0,46,0,7,0,0,0,0,0,0,56,693,270,0,11,1,10
72,12,128,0,25,0,0,0,0,0,46,0,0,0,0,0,167,0,0,0,104,0,150,4,140,0,38,0,0,0,25,0,8,0,36,0,14,0,15,0,0,0,10,0,0,0,0,0,0,0,14,0,5,0,0,0,7,0,2,0,0,0,30,0,0,0,0,0,0,0,16,0,0,0,38,0,0,0,0,0,127,0,0,0,116,0,67,0,0,0,42,0,0,0,119,0,0,0,277,0,90,0,7,0,0,0,113,0,0,0,0,0,0,0,0,0,0,0,0,0,95,0,0,0,0,0,0,0,0,0,0,0,0,0,0,0,0,0,10,0,23,0,34,0,6,0,0,0,0,0,0,0,0,0,3,0,0,0,0,0,0,0,3,0,0,0,0,0,0,0,0,0,0,0,0,0,21,0,0,0,0,0,48,0,0,0,0,0,0,0,0,0,0,0,0,0,0,0,0,0,0,0,0,0,0,0,0,0,0,0,0,48,0,0,0,0,0,0,0,0,0,0,0,0,0
6,146,17,200,5,0,0,57,0,0,0,103,0,0,0,92,0,267,0,5,0,20,0,155,2,347,0,0,0,0,0,26,0,36,0,53,0,26,0,36,0,0,0,19,0,6,0,0,0,1,0,21,0,26,0,49,0,11,0,0,0,2,0,81,0,0,0,0,0,0,0,0,0,0,0,0,0,0,0,0,0,0,0,0,0,27,0,0,0,0,0,0,0,0,0,0,0,0,0,50,0,0,0,0,0,0,0,0,0,0,0,0,0,0,0,0,0,0,0,0,0,13,0,3,0,0,0,0,0,0,0,0,0,0,0,97,0,57,0,261,0,177,0,308,0,18,0,0,0,0,0,0,0,0,0,30,0,3,0,88,0,0,0,0,0,0,0,0,0,0,0,0,0,0,0,0,0,25,0,45,0,0,0,13,0,0,0,0,0,0,0,0,0,0,0,0,0,0,0,0,0,0,0,0,0,0,0,0,0,0,0,0,0,0,0,0,0,0,17,168,0,5,0,0,0
4,0,0,0,217,0,0,0,0,0,97,10,0,0,310,0,85,0,36,0,116,0,124,0,0,0,27,0,25,0,0,0,1,0,8,0,16,0,6,0,0,0,22,0,4,0,0,0,0,0,15,0,0,0,0,0,0,0,0,0,5,0,28,0,0,0,0,0,0,0,0,0,0,0,0,0,0,0,0,0,45,0,0,0,43,0,42,0,0,0,48,0,0,0,63,0,0,0,145,0,62,0,0,0,0,0,93,0,0,0,0,0,0,0,0,0,0,0,0,0,0,0,0,0,0,0,0,0,0,0,0,0,0,0,0,0,0,0,0,0,0,0,38,0,0,0,0,0,0,0,0,0,0,0,0,0,0,0,0,0,0,0,0,0,0,0,73,0,8,0,0,0,10,0,0,0,0,5,58,0,0,0,27,0,0,0,0,0,0,0,0,0,0,0,0,0,0,0,0,0,0,0,0,0,0,0,0,0,0,0,113,250,56,0,31,0,0,0,0,0,0,0,0,0,0
0,10,0,28,0,155,0,0,0,0,0,117,0,14,0,109,0,54,0,65,0,97,0,63,0,0,0,96,0,26,0,0,0,37,0,68,0,13,0,14,0,0,0,60,0,18,0,0,0,0,0,64,0,3,0,0,0,0,0,0,0,6,0,19,0,0,0,0,0,0,0,0,0,2,0,7,0,0,0,0,0,0,0,0,0,27,0,0,0,0,0,0,0,0,0,0,0,0,0,0,0,0,0,0,0,0,0,0,0,0,0,0,0,0,0,0,0,0,0,0,0,0,0,8,0,0,0,0,0,0,0,0,0,0,0,0,0,0,0,116,0,125,0,126,0,45,0,0,0,0,0,0,0,0,0,8,0,0,0,0,0,0,0,0,0,0,0,48,0,0,0,2,0,0,0,0,0,0,0,59,0,0,0,0,0,0,0,5,0,0,0,0,0,0,0,0,0,0,0,0,0,0,0,0,0,0,0,0,0,0,0,0,0,0,14,0,0,0,94,89,50,0,0,0,0
49,0,0,0,308,0,0,0,0,0,301,0,0,0,184,0,50,2,0,0,19,0,230,0,0,0,9,0,8,0,1,0,0,0,31,0,134,0,7,0,0,0,17,0,0,0,0,0,0,0,11,0,10,0,0,0,4,0,0,0,12,0,31,0,0,0,0,0,0,0,15,0,0,0,38,0,0,0,0,0,0,0,0,0,57,0,0,0,0,0,0,0,0,0,0,0,0,0,204,0,83,0,0,0,0,0,0,0,0,0,0,0,0,0,0,0,0,0,0,0,35,0,0,0,0,0,0,0,0,0,0,0,0,0,0,0,0,0,27,0,25,0,0,0,10,0,0,0,0,0,0,0,0,0,0,0,8,0,8,0,0,0,0,0,0,0,50,0,0,0,0,0,10,0,0,0,37,0,113,0,0,0,0,0,0,0,0,0,0,0,0,0,0,0,0,0,0,0,0,0,0,0,0,0,0,0,0,0,0,0,65,226,54,0,10,0,0,0,1,0,0,0,0,0,0
0,157,0,187,0,318,0,0,0,6,0,406,0,0,0,202,2,20,0,0,0,18,23,158,0,46,0,24,0,36,0,37,0,0,0,63,0,107,0,6,0,0,0,43,0,0,0,0,0,0,0,31,0,0,0,10,0,0,0,0,0,6,0,13,0,0,0,0,0,0,0,2,0,0,0,0,0,0,0,0,0,0,0,0,0,10,0,0,0,0,0,0,0,0,0,0,0,0,0,0,0,0,0,0,0,0,0,0,0,0,0,0,0,0,0,0,0,0,0,0,0,0,0,0,0,0,0,0,0,0,0,0,0,5,0,0,0,0,0,88,0,111,0,95,0,29,0,0,0,0,0,0,0,0,0,0,0,4,0,0,0,0,0,0,0,4,0,43,0,9,0,0,0,9,0,0,0,47,0,215,0,0,0,0,0,0,0,0,0,0,0,0,0,0,0,0,0,0,0,0,0,0,0,0,0,0,0,0,0,0,0,0,0,0,11,0,0,0,48,267,56,7,0,0,0
0,0,0,0,128,0,0,0,2,0,0,0,173,0,75,6,11,0,175,25,106,6,0,0,0,0,55,23,36,0,8,0,31,0,0,0,159,0,6,0,4,0,35,0,3,0,0,0,0,0,90,0,5,0,0,0,3,0,0,0,2,0,13,0,0,0,0,0,0,0,14,0,0,0,24,0,0,0,0,0,0,0,0,0,0,0,0,0,0,0,18,0,0,0,0,0,0,0,113,0,48,0,0,0,0,0,0,0,0,0,0,0,0,0,0,0,0,0,0,0,15,0,6,0,0,0,0,0,0,0,0,0,0,0,0,0,0,0,0,0,0,0,0,0,11,0,0,0,0,0,0,0,0,0,0,0,1,0,0,0,1,0,0,0,122,0,98,0,37,0,0,0,10,0,0,0,6,3,44,0,0,0,6,0,0,0,0,0,0,0,0,0,0,0,0,0,0,0,0,0,0,0,0,0,0,0,0,0,0,0,114,275,263,48,28,0,0,1,0,1,0,0,0,0,0
0,0,0,0,0,156,0,0,0,0,0,109,0,152,0,64,0,46,17,307,0,149,0,54,0,0,0,148,0,53,0,68,0,63,0,0,0,288,0,6,0,0,0,42,0,17,1,10,0,0,0,62,0,0,0,0,0,0,0,0,0,0,0,0,0,0,0,0,0,0,0,22,0,0,0,0,0,0,0,0,0,0,0,0,0,43,0,0,0,0,0,0,0,0,0,0,0,4,0,0,0,0,0,0,0,0,0,0,0,0,0,0,0,0,0,0,0,0,0,0,0,0,0,0,0,0,0,0,0,0,0,0,0,0,0,0,0,0,0,0,0,191,0,272,0,86,0,0,0,0,0,0,0,0,0,0,0,0,0,0,0,0,0,0,0,84,0,149,0,65,0,0,0,0,0,0,0,14,0,65,0,0,0,0,0,0,0,56,0,0,0,0,0,0,0,0,0,0,0,0,0,0,0,0,0,0,0,0,0,0,0,0,0,0,23,0,0,0,63,209,175,0,0,0,0
38,0,61,0,236,0,0,0,0,0,153,0,22,0,79,0,8,0,49,0,21,0,89,0,0,0,183,0,14,0,16,0,134,0,159,0,0,0,66,0,0,0,30,0,88,0,5,0,1,0,57,0,15,0,0,0,0,0,0,0,16,0,21,0,0,0,0,0,0,0,64,0,9,0,80,0,0,0,0,0,151,0,0,0,68,0,113,0,0,0,12,0,0,0,109,0,0,0,245,0,69,0,0,0,0,0,0,0,0,0,0,0,0,0,0,0,0,0,0,0,75,0,50,0,0,0,0,0,0,0,2,0,0,0,0,0,0,0,57,0,110,0,0,0,88,0,0,0,0,0,0,0,0,0,0,0,34,0,16,0,0,0,25,0,48,0,46,0,45,0,13,0,24,0,0,0,22,0,77,0,0,0,33,0,0,0,0,0,0,0,0,0,0,0,0,0,0,0,0,0,0,0,0,0,0,0,0,0,0,0,60,87,111,8,0,0,0,0,0,1,0,0,0,0,0
0,343,0,262,0,189,0,89,0,7,0,240,0,0,0,102,0,12,0,55,0,13,14,80,0,157,0,137,0,26,0,13,0,107,0,288,0,0,0,85,0,0,0,49,0,16,0,16,0,0,0,58,0,6,0,0,0,0,0,0,0,15,0,19,0,0,0,0,0,0,0,15,0,0,0,0,0,0,0,0,0,0,0,0,0,0,0,0,0,0,0,0,0,0,0,20,0,0,0,0,0,0,0,0,0,0,0,0,0,0,0,0,0,0,0,0,0,0,0,0,0,0,0,8,0,0,0,0,0,0,0,0,0,0,0,0,0,0,0,125,0,189,0,138,0,79,0,0,0,0,0,0,0,0,0,0,0,42,0,56,0,0,0,0,0,29,0,49,0,64,0,5,0,58,0,0,2,26,0,99,0,0,0,72,0,0,0,20,0,0,0,0,0,0,0,0,0,0,0,0,0,0,0,0,0,0,0,0,0,0,0,0,0,0,0,0,0,0,48,262,79,28,3,0,0
216,0,380,0,78,0,0,0,14,0,81,0,0,0,13,0,121,8,0,0,28,0,389,0,224,0,14,0,15,0,6,0,7,0,6,0,66,0,0,0,0,0,3,0,0,0,0,0,0,0,0,0,33,0,0,0,0,0,0,0,2,0,50,0,0,0,0,0,0,0,13,0,0,0,0,0,0,0,0,0,0,0,0,0,0,0,0,0,0,0,0,0,0,0,0,0,0,0,0,0,0,0,0,0,0,0,0,0,0,0,0,0,0,0,0,0,0,0,0,0,53,0,27,0,0,0,0,0,0,0,0,0,0,0,0,0,0,0,41,0,45,0,0,0,22,0,0,0,0,0,0,0,0,0,3,0,16,0,13,0,0,0,0,0,0,0,34,0,0,0,0,0,48,0,0,0,84,0,5,0,0,0,104,0,0,0,0,0,0,0,0,0,0,0,0,0,0,0,0,0,0,0,0,0,0,0,0,0,0,0,25,228,23,15,15,0,0,0,0,0,1,0,0,0,0
6,424,0,321,0,0,0,303,0,38,0,0,0,0,0,60,0,97,0,0,0,7,0,99,0,420,0,0,0,36,0,14,0,6,0,6,0,85,0,0,0,0,0,0,0,0,0,0,0,0,0,0,0,6,0,9,0,6,0,3,0,14,0,19,0,0,0,0,0,0,0,0,0,0,0,1,0,0,0,1,0,0,0,0,0,0,0,0,0,0,0,0,0,0,0,0,0,0,0,0,0,0,0,0,0,0,0,0,0,0,0,0,0,0,0,0,0,0,0,2,0,0,0,0,0,0,0,0,0,0,0,0,0,0,0,0,0,0,0,50,0,25,0,0,0,22,0,0,0,0,0,0,0,0,0,7,0,7,0,38,0,0,0,0,0,0,0,17,0,0,0,0,0,12,0,0,0,20,0,21,0,0,0,115,0,0,0,0,0,0,0,0,0,0,0,0,0,0,0,0,0,0,0,0,0,0,0,0,0,0,0,0,0,0,20,0,0,0,18,237,13,16,0,0,0
33,0,27,0,104,0,0,0,9,0,67,0,188,56,28,0,2,0,42,17,4,3,0,0,0,0,35,188,0,0,0,0,0,0,4,0,0,0,0,0,0,93,39,18,36,57,137,380,30,37,37,0,0,0,0,0,0,0,0,0,0,0,0,0,0,0,0,0,0,0,1,0,0,0,0,0,0,0,0,0,0,0,0,0,0,0,0,0,0,0,0,0,0,0,0,0,0,0,0,0,0,0,0,0,0,0,0,0,0,0,0,0,0,0,0,0,0,0,0,0,0,0,0,0,0,0,0,0,0,0,0,0,0,0,0,0,0,0,0,0,0,0,0,0,0,0,0,0,0,0,0,0,0,0,0,0,0,0,0,0,0,0,0,0,0,0,0,0,0,0,0,0,0,0,0,0,109,72,54,0,35,0,14,0,0,0,143,0,0,0,0,0,0,0,0,0,0,0,0,0,0,0,0,0,0,0,0,0,0,0,0,134,26,0,0,0,0,8,0,54,0,0,0,0,0
0,17,0,0,0,22,0,0,0,1,0,108,69,446,0,0,0,0,62,0,12,0,0,1,0,0,199,24,0,0,0,0,0,0,0,0,0,0,0,0,93,0,28,2,37,15,126,119,6,85,0,0,0,0,0,0,0,0,0,0,0,0,0,0,0,4,0,0,0,0,0,0,0,0,0,0,0,0,0,0,0,0,0,0,0,0,0,0,0,0,0,0,0,2,0,0,0,0,0,0,0,0,0,0,0,0,0,0,0,0,0,0,0,0,0,0,0,0,0,0,0,0,0,0,0,0,0,0,0,0,0,0,0,0,0,0,0,0,0,0,0,0,0,0,0,0,0,0,0,0,0,0,0,0,0,0,0,0,0,0,0,0,0,0,0,14,0,0,0,4,0,0,0,0,0,0,4,215,0,47,0,0,0,0,0,18,25,7,0,0,0,0,0,0,0,0,0,0,0,0,0,0,0,0,0,0,0,0,0,0,0,14,0,0,0,0,0,0,0,57,9,0,0,0,4
0,0,0,0,6,0,0,0,0,0,0,0,165,23,0,0,0,0,32,7,7,3,0,0,0,0,179,78,10,0,22,0,17,0,35,0,30,0,3,0,39,28,0,0,147,20,41,127,16,11,73,0,0,0,0,0,0,0,15,0,0,0,4,0,0,0,0,0,0,0,18,0,0,0,21,0,0,0,0,0,0,0,16,0,0,0,44,0,0,0,8,0,0,0,0,0,0,0,0,0,0,0,0,0,0,0,0,0,0,0,0,0,0,0,0,0,0,0,0,0,0,0,0,0,0,0,0,0,0,0,0,0,0,0,0,0,0,0,0,0,0,0,0,0,4,0,0,0,0,0,0,0,0,0,0,0,0,0,0,0,0,0,0,0,69,0,39,0,11,0,8,0,9,0,0,0,0,7,9,0,0,0,0,0,0,0,128,0,0,0,0,0,0,0,0,0,0,0,0,0,0,0,0,0,0,0,0,0,0,0,31,168,113,15,11,0,0,12,0,8,0,0,0,0,0
0,0,0,0,0,0,0,0,0,0,0,0,23,24,0,0,0,0,0,65,0,69,0,6,0,0,34,278,0,19,0,60,0,43,0,42,0,49,0,0,18,2,0,0,0,186,0,68,0,95,0,77,0,0,0,5,0,0,0,6,0,0,0,7,0,0,0,0,0,0,0,21,0,0,0,26,0,0,0,0,0,161,0,0,0,56,0,0,0,0,0,0,0,0,0,0,0,0,0,76,0,0,0,0,0,0,0,15,0,0,0,0,0,0,0,0,0,0,0,0,0,71,0,0,0,0,0,0,0,0,0,0,0,0,0,0,0,0,0,0,0,80,0,143,0,68,0,0,0,0,0,0,0,0,0,0,0,0,0,0,0,0,0,5,0,67,0,19,0,45,0,0,0,13,0,0,1,38,0,0,0,0,0,0,0,0,0,12,0,0,0,0,0,0,0,0,0,0,0,0,0,0,0,0,0,0,0,0,0,0,0,0,0,0,18,0,0,0,95,230,149,11,0,0,0
0,0,9,0,22,0,0,0,0,0,30,3,59,0,16,0,34,0,90,0,46,0,0,0,0,0,289,0,0,0,4,0,0,0,3,0,88,0,0,0,36,37,147,0,0,20,148,112,146,39,77,0,0,0,0,0,20,0,0,0,0,0,30,0,0,0,0,0,0,0,48,0,0,0,78,0,0,0,0,0,0,0,0,0,0,0,128,0,0,0,72,0,109,0,0,0,0,0,367,0,0,0,13,0,0,0,0,0,0,0,0,0,0,0,0,0,0,0,0,0,35,0,0,0,0,0,4,0,0,0,0,0,0,0,0,0,0,0,0,0,0,0,0,0,24,0,0,0,0,0,12,0,7,0,0,0,0,0,0,0,0,0,0,0,123,0,31,0,49,0,4,0,16,0,0,0,21,33,11,0,0,0,21,0,15,0,39,0,3,0,0,0,0,0,4,0,0,0,0,0,0,0,0,0,0,0,0,0,0,0,56,205,175,18,24,7,0,56,0,23,0,0,0,0,0
0,31,0,0,0,30,0,0,0,0,0,58,0,43,4,21,0,0,21,110,0,53,0,15,0,0,73,247,0,6,0,18,0,0,0,17,0,16,0,0,57,15,20,186,20,0,55,138,5,181,6,69,0,4,0,0,0,8,0,4,0,0,0,0,0,12,0,0,0,5,0,14,0,0,0,0,0,0,0,15,0,185,0,0,0,87,0,0,0,0,0,0,0,0,0,73,0,0,0,89,0,0,0,9,0,0,0,0,0,0,0,0,0,0,0,0,0,0,0,0,0,41,0,10,0,0,0,0,0,0,0,0,0,0,0,0,0,34,0,0,0,67,0,180,0,51,0,0,0,0,0,0,0,0,0,0,0,0,0,0,0,1,0,3,0,161,0,8,0,90,0,15,0,23,0,0,0,66,0,9,0,54,0,0,0,0,30,5,0,0,0,0,0,0,0,0,0,0,0,0,0,0,0,0,0,0,0,0,0,20,0,0,0,0,31,0,0,1,74,296,180,19,10,0,82
30,0,21,0,96,0,0,0,0,0,128,0,292,52,62,0,9,0,40,15,9,5,0,0,0,0,134,112,0,0,0,0,0,0,0,1,5,0,0,0,137,126,41,0,148,55,0,426,140,83,31,0,4,0,0,0,0,0,0,0,0,0,24,0,0,0,0,0,0,0,0,0,0,0,0,0,0,0,0,0,0,0,0,0,0,0,0,0,0,0,0,0,0,0,0,0,0,0,0,0,0,0,0,0,0,0,0,0,0,0,0,0,0,0,0,0,0,0,0,0,0,0,0,0,0,0,6,0,0,0,0,0,0,0,0,0,0,0,0,0,0,0,0,0,0,0,0,0,0,0,0,0,15,0,0,0,0,0,0,0,0,0,2,0,27,0,0,0,0,0,0,0,7,0,0,0,42,103,50,0,40,0,34,0,22,0,104,0,0,0,0,0,0,0,0,0,0,0,0,0,0,0,0,0,0,0,0,0,0,0,0,414,82,6,0,0,0,36,0,87,0,0,0,0,1
0,49,0,0,0,88,0,4,0,0,0,119,137,243,0,0,0,0,168,72,0,0,0,0,0,0,488,173,0,0,0,0,0,0,0,10,0,16,0,0,380,119,127,68,112,138,426,0,35,127,0,31,0,0,0,0,0,0,0,0,0,0,0,0,0,12,0,0,0,0,0,0,0,0,0,0,0,0,0,0,0,0,0,0,0,0,0,0,0,0,0,0,0,0,0,0,0,0,0,0,0,0,0,0,0,0,0,0,0,0,0,0,0,0,0,0,0,0,0,3,0,0,0,0,0,0,0,0,0,0,0,0,0,0,0,0,0,39,0,0,0,0,0,0,0,0,0,4,0,0,0,0,0,0,0,0,0,0,0,0,0,0,0,0,0,0,0,0,0,0,0,0,0,0,0,0,10,159,0,12,0,0,0,0,0,0,137,9,0,0,0,0,0,0,0,0,0,0,0,0,0,0,0,0,0,0,0,0,0,0,0,55,0,0,0,0,0,0,0,640,63,0,0,0,57
5,0,10,0,0,0,43,1,11,0,8,0,14,0,0,0,3,0,0,0,0,0,0,0,17,0,33,0,0,0,0,0,0,0,0,0,1,0,0,0,30,6,16,0,146,5,140,35,0,27,6,0,10,0,28,0,29,0,32,0,11,0,0,0,0,0,0,0,30,0,3,0,0,0,0,0,6,0,8,0,0,0,38,0,0,0,11,0,13,0,2,0,35,0,36,1,0,0,3,0,6,0,17,0,0,0,0,0,0,0,0,0,0,0,0,0,0,0,0,0,0,0,0,0,14,0,0,0,0,0,0,0,0,0,13,0,0,0,0,0,0,0,0,0,0,1,0,0,0,0,8,0,6,0,3,0,0,0,0,0,21,0,8,1,24,0,6,0,13,1,5,0,7,0,2,0,64,20,19,0,7,0,3,0,4,0,63,0,0,0,0,0,40,0,22,0,21,0,34,0,0,0,44,0,0,0,29,1,0,0,108,193,304,14,109,38,15,9,1,22,14,6,0,0,0
0,8,0,1,0,4,0,0,0,0,0,57,0,68,0,3,0,0,0,20,0,0,0,4,0,0,7,122,0,1,0,0,0,0,0,0,0,0,0,0,37,85,11,95,39,181,83,127,27,0,0,15,0,0,0,0,0,0,0,0,0,0,0,12,0,0,0,0,0,0,0,0,0,0,0,6,0,9,0,5,0,59,0,0,0,15,0,0,0,0,0,0,0,0,0,15,0,0,1,16,0,0,0,0,0,3,0,0,0,0,0,0,0,0,0,0,0,0,0,0,0,12,0,3,0,0,0,0,0,0,0,0,0,0,0,0,0,0,0,0,0,0,0,0,0,0,0,0,0,0,0,52,0,80,0,0,0,0,0,0,0,0,0,0,0,39,0,0,0,18,0,1,0,3,0,32,0,141,0,22,0,93,0,12,0,23,45,8,0,3,0,0,0,0,0,0,0,8,0,2,0,0,0,0,0,0,0,0,0,2,0,26,1,0,24,0,0,0,61,36,13,0,6,0,17
0,0,0,0,37,0,0,0,0,0,0,2,399,0,12,0,23,0,157,0,51,3,0,0,0,0,202,50,14,0,15,0,11,0,90,0,57,0,0,0,37,0,73,0,77,6,31,0,6,0,0,0,0,0,3,0,0,0,15,0,0,0,5,0,2,0,0,0,9,0,27,0,5,0,23,0,9,0,0,0,0,0,0,0,0,0,56,0,0,0,0,0,0,0,55,0,0,0,121,0,0,0,0,0,0,0,0,0,0,0,0,0,0,0,0,0,0,0,0,0,21,0,0,0,0,0,0,0,0,0,0,0,0,0,0,0,0,0,0,0,0,0,0,0,10,0,0,0,0,0,0,0,0,0,0,0,0,0,0,0,7,0,7,0,113,0,47,0,54,0,12,0,9,0,0,0,4,0,23,0,0,0,0,0,0,0,35,0,0,0,0,0,0,0,0,0,0,0,0,0,0,0,0,0,0,0,0,0,0,0,60,145,165,25,16,0,0,4,0,4,0,0,0,0,0
0,0,0,0,0,18,0,0,0,3,0,11,0,145,0,6,0,5,0,195,0,66,0,8,0,0,0,201,0,21,0,64,0,31,0,62,0,58,0,0,0,0,0,77,0,69,0,31,0,15,0,0,0,0,0,0,0,0,0,12,0,0,0,0,0,0,0,0,0,0,0,43,0,0,0,0,0,0,0,0,0,173,0,0,0,60,0,0,0,0,0,20,0,0,0,0,0,0,0,87,0,37,0,9,0,0,0,0,0,0,0,0,0,0,0,0,0,0,0,0,0,77,0,14,0,0,0,0,0,0,0,0,0,0,0,0,0,0,0,0,0,88,0,198,0,104,0,0,0,0,0,0,0,0,0,0,0,0,0,0,0,5,0,0,0,73,0,21,0,75,0,50,0,28,0,0,0,0,0,5,0,0,0,0,0,0,0,2,0,0,0,0,0,0,0,0,0,0,0,0,0,0,0,0,0,0,0,0,0,0,0,0,0,0,0,0,0,0,76,155,163,11,1,0,0
10,5,24,0,4,0,237,21,97,137,3,0,0,0,4,0,50,0,0,0,13,0,29,0,77,0,25,0,5,0,0,0,10,0,5,0,15,0,33,0,0,0,0,0,0,0,4,0,10,0,0,0,0,23,114,105,77,20,38,60,135,1,110,9,1,6,1,45,0,0,0,0,0,0,25,0,0,0,0,0,0,0,0,0,132,0,41,0,0,0,41,0,0,0,0,0,47,0,208,0,0,0,0,0,0,0,60,0,0,0,0,0,0,0,0,0,0,0,0,0,38,0,31,0,0,0,0,0,53,0,15,0,17,0,26,0,160,0,234,0,127,0,190,0,14,0,0,0,0,0,0,0,0,0,419,2,80,0,324,0,40,0,19,0,0,0,6,0,18,0,164,0,13,0,0,0,51,0,0,0,0,0,40,0,0,2,0,0,0,0,0,0,0,0,0,0,0,0,0,0,11,0,0,0,0,0,0,0,0,0,154,137,159,137,73,1,73,0,0,0,0,0,0,0,0
0,0,0,0,0,0,68,12,105,84,0,6,0,0,0,0,0,53,0,0,0,18,0,13,4,16,0,0,0,26,0,3,0,0,0,0,0,6,0,6,0,0,0,0,0,4,0,0,0,0,0,0,23,0,32,113,3,119,52,16,0,127,11,179,2,0,30,24,0,0,0,0,0,0,0,0,0,0,0,0,0,0,0,0,0,6,0,0,0,0,0,13,0,0,0,0,0,7,0,18,0,0,0,0,0,0,0,32,0,0,0,0,0,0,0,0,0,0,0,0,0,0,0,0,0,0,0,0,0,29,0,12,0,11,0,123,0,54,0,112,0,23,0,43,0,15,0,0,0,0,0,0,0,0,2,118,0,37,0,164,0,0,0,0,0,0,0,0,0,0,4,5,0,0,0,0,7,14,0,0,0,0,0,0,0,55,0,0,0,0,0,0,0,0,0,0,0,0,0,0,0,12,0,0,0,0,0,1,0,5,0,0,0,0,3,0,0,0,2,132,12,9,0,0,0
3,0,75,0,0,0,238,0,20,132,0,0,0,0,24,0,18,0,0,0,0,0,137,0,245,0,0,0,0,0,0,0,0,0,0,0,0,0,0,0,0,0,0,0,0,0,0,0,28,0,3,0,114,32,0,77,99,11,43,28,104,0,23,11,18,0,66,53,0,0,0,0,0,0,0,0,3,0,0,0,0,0,0,0,0,0,0,0,0,0,0,0,0,0,0,0,0,0,0,0,0,0,0,0,0,0,0,0,0,0,0,0,0,0,0,0,0,0,0,0,2,0,0,0,15,0,0,0,44,0,47,0,19,0,52,0,118,0,0,0,9,0,77,0,0,0,0,0,0,0,0,0,0,0,116,0,27,0,19,0,130,0,0,0,3,0,4,0,11,1,234,0,0,0,0,0,0,4,0,0,0,0,0,0,0,5,0,0,0,0,0,0,0,0,0,0,0,0,0,0,9,0,0,0,0,0,0,0,15,0,288,55,281,271,170,0,149,0,0,0,0,0,0,0,0
94,33,0,103,0,25,305,242,340,173,0,3,0,0,0,166,5,34,0,25,0,0,0,41,109,275,0,0,0,49,0,0,0,10,0,0,0,0,0,9,0,0,0,5,0,0,0,0,0,0,0,0,105,113,77,0,0,134,0,56,0,96,69,126,0,6,0,68,0,0,0,0,0,0,0,0,0,0,0,0,0,0,0,0,0,0,0,0,0,0,0,0,0,0,0,0,0,0,0,0,0,9,0,0,0,0,0,0,0,0,0,0,0,0,0,0,0,0,0,0,0,0,0,0,0,34,0,22,0,19,0,116,0,0,0,329,0,221,0,25,0,17,0,39,0,0,0,5,0,14,0,11,0,0,2,118,0,21,0,52,0,49,0,0,0,0,0,0,3,60,0,272,0,64,0,0,32,8,0,0,0,0,3,11,7,16,0,0,0,0,0,0,0,0,0,0,0,0,0,0,0,0,0,0,0,0,0,23,0,98,0,0,0,0,369,0,0,0,398,200,353,460,44,99,0
0,0,7,0,0,0,25,0,9,0,0,0,0,0,0,0,32,0,0,0,0,0,0,0,44,0,0,0,7,0,0,0,4,0,3,0,0,0,0,0,0,0,0,0,20,0,0,0,29,0,0,0,77,3,99,0,0,3,58,25,0,0,58,0,31,0,24,38,1,0,0,0,0,0,0,0,1,0,0,0,0,0,0,0,0,0,0,0,0,0,0,0,0,0,0,0,0,0,0,0,0,0,0,0,0,0,0,0,0,0,0,0,0,0,0,0,0,0,0,0,0,0,0,0,0,0,12,0,36,0,65,0,17,0,0,0,16,0,8,0,0,0,0,0,12,0,0,0,1,0,0,0,0,0,166,5,41,0,60,0,110,0,97,0,0,0,0,0,76,0,254,0,0,0,0,4,0,0,0,0,0,12,0,0,0,0,0,0,0,0,0,0,0,0,0,0,0,0,0,0,11,0,0,0,0,0,0,0,4,0,652,153,826,763,638,13,275,0,0,0,1,0,0,0,0
0,6,0,14,0,0,0,13,49,28,0,0,0,0,0,0,0,72,0,0,0,0,0,0,0,19,0,0,0,11,0,0,0,0,0,0,0,0,0,6,0,0,0,0,0,8,0,0,0,0,0,0,20,119,11,134,3,0,41,185,0,12,0,29,0,4,31,17,0,0,0,0,0,0,0,1,0,0,0,0,0,0,0,0,0,0,0,0,0,0,0,0,0,0,0,0,0,0,0,0,0,0,0,0,0,0,0,0,0,0,0,0,0,0,0,0,0,0,0,0,0,0,0,0,0,34,0,5,0,6,0,39,0,23,0,101,0,57,0,17,0,12,0,22,0,0,0,0,0,2,0,0,0,0,0,145,0,27,0,158,0,95,0,36,0,4,0,0,0,116,0,504,0,0,0,1,7,0,0,0,0,0,0,0,0,0,0,0,0,0,0,0,0,0,0,0,0,0,0,0,0,6,0,0,0,0,0,0,0,19,0,0,0,0,406,0,0,0,395,82,635,578,51,77,0
1,0,12,0,0,0,39,0,49,0,0,0,0,0,0,0,0,0,0,0,0,0,0,0,20,0,0,0,2,0,0,0,0,0,0,0,0,0,0,0,0,0,15,0,0,0,0,0,32,0,15,0,38,52,43,0,58,41,0,155,51,0,0,0,188,35,320,144,0,0,0,0,0,0,0,0,1,0,0,0,0,0,0,0,0,0,0,0,0,0,0,0,0,0,0,0,0,0,0,0,0,0,0,0,0,0,0,0,0,0,0,0,0,0,0,0,0,0,0,0,0,0,0,0,13,0,3,0,0,0,58,0,5,0,0,0,0,0,8,0,0,0,0,0,8,4,1,0,8,0,0,0,0,0,80,30,73,0,6,12,43,0,0,0,0,0,23,0,23,0,176,0,10,0,6,21,27,0,0,0,23,33,0,0,53,21,0,0,0,0,0,0,0,0,0,0,0,0,0,0,0,0,0,0,0,0,0,0,0,0,654,321,515,753,518,9,296,0,0,0,0,0,0,0,0
0,2,0,0,0,0,0,3,62,93,0,0,0,0,0,0,0,3,0,3,0,0,0,0,0,0,0,0,0,0,0,0,0,0,0,0,0,0,0,3,0,0,0,6,0,4,0,0,0,0,0,12,60,16,28,56,25,185,155,0,0,0,0,23,21,78,118,386,0,0,0,0,0,0,0,0,0,1,0,0,0,0,0,0,0,0,0,0,0,0,0,0,0,0,0,1,0,0,0,0,0,0,0,0,0,0,0,0,0,0,0,0,0,0,0,0,0,0,0,0,0,0,0,0,0,38,0,2,0,6,0,100,0,0,0,4,0,5,0,0,0,0,0,0,0,11,0,5,0,52,0,0,0,0,14,34,0,158,0,25,0,88,0,0,0,0,0,0,0,89,0,237,0,0,0,38,35,0,0,0,6,0,0,0,0,75,0,0,0,1,0,0,0,0,0,0,0,0,0,0,0,0,0,0,0,0,0,0,0,17,0,0,0,0,1130,0,0,0,976,442,677,1038,106,98,0
68,0,99,0,4,0,410,0,177,0,0,0,0,0,0,0,35,0,20,0,0,0,0,0,199,0,0,0,0,0,5,0,12,0,2,0,16,0,2,0,0,0,0,0,0,0,0,0,11,0,0,0,135,0,104,0,0,0,51,0,0,0,82,0,0,0,0,0,0,0,0,0,1,0,17,0,0,0,0,0,0,0,0,0,0,0,0,0,0,0,0,0,0,0,0,0,0,0,0,0,0,0,0,0,2,0,0,0,0,0,0,0,0,0,0,0,0,0,0,0,20,0,20,0,0,0,0,0,0,0,0,0,0,0,0,0,0,0,129,0,65,0,26,0,95,0,0,0,0,0,0,0,0,0,40,0,160,0,21,0,0,0,8,0,0,0,0,0,0,0,79,0,37,0,0,0,120,2,0,0,0,0,53,0,0,0,0,0,0,0,0,0,0,0,0,0,1,0,0,0,0,0,0,0,0,0,0,0,0,0,73,117,95,60,24,1,20,2,0,0,0,0,0,0,0
0,45,0,0,0,0,0,215,0,244,0,0,0,0,0,0,0,5,0,22,0,0,0,0,0,24,0,16,0,2,0,6,0,6,0,0,0,15,0,14,0,0,0,0,0,0,0,0,0,0,0,0,1,127,0,96,0,12,0,0,0,0,0,109,0,0,0,0,0,0,0,0,0,0,0,0,0,0,0,0,0,0,0,0,0,1,0,0,0,0,0,0,0,0,0,1,0,0,0,0,0,0,0,0,0,0,0,0,0,0,0,0,0,0,0,0,0,0,0,0,0,0,0,0,0,0,0,2,0,0,0,0,0,0,0,0,0,0,0,106,0,44,0,0,0,201,0,0,0,0,0,0,0,0,0,8,0,235,0,58,0,0,0,4,0,0,0,0,0,5,0,101,0,9,0,0,0,0,0,0,0,0,0,90,0,0,0,0,0,0,0,0,0,0,0,0,0,0,0,0,0,0,0,0,0,0,0,0,0,0,0,0,0,0,38,0,0,0,40,236,113,141,0,32,0
48,34,114,0,2,0,371,59,160,123,0,0,0,0,29,0,204,3,59,0,74,0,130,0,457,23,99,0,30,0,28,0,31,0,13,0,21,0,50,0,0,0,4,0,30,0,24,0,0,0,5,0,110,11,23,69,58,0,0,0,82,0,0,26,0,0,0,2,0,0,22,0,0,0,52,0,0,0,0,0,0,0,0,0,269,0,110,0,0,0,86,0,0,0,0,0,108,0,401,0,141,0,0,0,0,0,0,0,0,0,0,0,0,0,0,0,0,0,0,0,132,0,75,0,0,0,0,0,0,0,0,0,0,0,0,0,88,0,89,0,114,0,212,0,17,0,0,0,0,0,0,0,0,0,103,0,33,0,163,0,8,0,3,0,0,0,0,0,0,0,19,0,18,0,0,0,71,2,0,0,0,0,102,0,0,2,0,0,0,0,0,0,0,0,0,0,3,0,0,0,0,0,0,0,0,0,0,0,0,0,55,143,34,38,37,0,0,0,0,0,0,0,0,0,0
27,53,0,10,0,0,61,204,50,237,0,0,0,0,0,63,0,162,0,38,0,97,0,34,33,48,0,58,0,81,0,19,0,13,0,0,0,19,0,19,0,0,0,7,0,0,0,0,0,12,0,0,9,179,11,126,0,29,0,23,0,109,26,0,0,0,1,21,0,0,0,0,0,0,0,0,0,0,0,0,0,0,0,0,0,0,0,0,0,0,0,0,0,0,0,0,0,0,0,0,0,0,0,0,0,0,0,0,0,0,0,0,0,0,0,0,0,0,0,0,0,0,0,0,0,0,0,0,0,0,0,3,0,0,0,10,0,0,0,74,0,14,0,0,0,42,0,0,0,0,0,0,0,0,0,18,0,28,0,90,0,2,0,0,0,0,0,0,0,3,0,7,0,0,0,0,8,62,0,1,0,0,0,106,0,62,0,0,0,1,0,0,0,0,0,0,0,0,0,0,0,0,0,0,0,0,0,0,0,0,0,0,0,0,13,0,0,0,10,397,22,24,0,3,0
12,0,14,0,17,0,17,0,85,0,9,0,0,0,24,0,0,0,0,0,0,0,5,0,0,0,0,0,0,0,0,0,0,0,0,0,0,0,0,0,0,0,0,0,0,0,0,0,0,0,2,0,1,2,18,0,31,0,188,21,0,0,0,0,0,0,163,9,0,0,0,0,0,0,0,0,0,0,0,0,0,0,0,0,0,0,0,0,0,0,0,0,0,0,0,0,0,0,0,0,0,0,0,0,0,0,0,0,0,0,0,0,0,0,0,0,0,0,0,0,0,0,0,0,18,0,0,0,0,0,32,0,0,0,0,0,0,0,43,0,6,0,0,0,71,3,12,0,60,0,15,0,0,0,3,15,11,0,8,0,140,0,0,0,2,0,0,0,0,0,0,0,0,0,85,13,17,0,0,0,242,113,21,0,247,3,0,0,0,0,0,0,0,0,1,0,3,0,0,0,0,0,0,0,0,0,0,0,0,0,161,28,0,0,126,0,0,0,0,0,0,0,0,0,0
0,36,0,0,0,25,0,1,0,181,0,30,0,16,0,6,0,0,0,21,0,0,0,0,0,0,0,37,0,0,0,0,0,0,0,0,0,0,0,0,0,4,0,0,0,12,0,12,0,0,0,0,6,0,0,6,0,4,35,78,0,0,0,0,0,0,22,252,0,0,0,3,0,0,0,0,0,0,0,0,0,0,0,0,0,0,0,0,0,0,0,0,0,0,0,0,0,0,0,0,0,0,0,0,0,0,0,0,0,0,0,0,0,0,0,0,0,0,0,0,0,0,0,0,0,12,0,9,0,0,6,43,0,1,0,0,0,0,0,49,0,0,0,0,0,95,0,67,0,101,0,67,0,50,0,0,0,0,0,4,0,253,0,0,0,0,0,0,0,5,0,0,0,0,0,73,7,0,0,0,30,149,0,6,0,133,0,0,0,0,0,0,0,0,0,0,0,1,0,0,0,0,0,0,0,0,0,19,0,6,0,0,0,0,146,0,0,0,181,14,0,0,0,7,0
3,0,0,0,0,0,55,0,114,0,0,0,0,0,0,0,0,0,0,0,0,0,0,0,0,0,0,0,0,0,0,0,0,0,0,0,0,0,0,0,0,0,0,0,0,0,0,0,0,0,0,0,1,30,66,0,24,31,320,118,0,0,0,1,163,22,0,23,0,0,0,0,0,0,0,0,0,0,0,0,0,0,0,0,0,0,0,0,0,0,0,0,0,0,0,0,0,0,0,0,0,0,0,0,0,0,0,0,0,0,0,0,0,0,0,0,0,0,0,0,0,0,0,0,13,0,0,0,0,0,48,0,0,0,0,0,0,0,0,0,0,0,0,0,0,0,0,0,37,0,0,0,0,0,14,20,7,0,0,10,53,0,0,0,0,0,1,0,3,0,0,0,0,0,13,15,163,0,0,0,28,13,6,0,413,25,0,0,0,0,0,0,0,0,0,0,0,0,0,0,0,0,0,0,0,0,0,0,0,0,45,50,29,54,28,2,19,0,0,0,0,0,0,0,0
0,4,0,0,0,0,78,7,98,263,0,0,0,0,0,0,0,1,0,0,0,0,0,0,0,0,0,0,0,0,0,0,0,0,0,0,0,0,0,0,0,0,0,0,0,0,0,0,0,0,0,0,45,24,53,68,38,17,144,386,0,0,2,21,9,252,23,0,0,0,0,0,0,0,0,0,0,0,0,0,0,0,0,0,0,0,0,0,0,0,0,0,0,0,0,0,0,0,0,0,0,0,0,0,0,0,0,0,0,0,0,0,0,0,0,0,0,0,0,0,0,0,0,0,0,33,0,0,0,0,0,38,0,0,0,1,0,0,0,0,0,0,0,0,0,7,0,18,0,73,0,10,0,0,7,4,2,0,0,5,0,32,0,2,0,1,0,0,0,0,0,0,0,0,0,43,50,0,0,0,0,21,0,0,15,404,0,0,0,0,0,0,0,0,0,0,0,0,0,0,0,0,0,0,0,0,0,0,0,3,0,0,0,1,93,0,0,0,100,112,57,87,0,0,0
0,0,0,0,0,0,0,0,0,0,0,0,0,0,0,0,0,0,0,0,0,0,0,0,0,0,0,0,0,0,0,0,0,0,0,0,0,0,0,0,0,0,0,0,0,0,0,0,30,0,9,0,0,0,0,0,1,0,0,0,0,0,0,0,0,0,0,0,0,0,0,0,5,0,0,0,125,0,27,0,2,0,26,0,0,0,0,0,0,0,0,0,39,0,10,0,0,0,0,0,0,0,141,0,0,0,0,0,74,0,43,0,14,0,23,0,21,0,0,0,0,0,0,0,0,0,0,0,0,0,0,0,0,0,0,0,0,0,0,0,0,0,0,0,0,0,0,0,0,0,0,0,0,0,0,0,0,0,0,0,1,0,0,0,35,0,0,0,139,0,0,0,1,0,0,0,0,0,0,0,0,0,0,0,0,0,0,0,0,0,0,0,0,0,35,0,14,0,0,0,0,0,0,0,0,0,0,0,0,0,37,19,89,0,0,117,119,0,0,0,0,0,0,0,0
0,0,0,0,0,0,0,0,0,0,0,0,0,0,0,0,0,0,0,0,0,0,0,0,0,0,0,0,0,0,0,0,0,0,0,0,0,0,0,0,0,0,0,0,0,5,0,0,0,0,0,0,0,0,0,0,0,0,0,0,0,0,0,0,0,0,0,0,0,0,0,0,0,2,0,0,0,97,0,1,0,0,0,55,0,0,0,6,0,15,0,0,0,74,0,12,0,0,0,0,0,0,0,178,0,0,0,8,0,44,0,0,0,1,0,0,0,16,0,0,0,0,0,0,0,0,0,0,0,0,0,0,0,0,0,0,0,0,0,0,0,0,0,0,0,0,0,0,0,0,0,0,0,0,0,0,0,0,0,0,0,0,0,1,0,27,0,0,0,121,0,0,0,0,0,0,0,0,0,0,0,0,0,0,0,0,0,0,0,0,0,0,0,0,0,0,0,0,0,0,0,0,0,0,0,0,0,0,0,0,0,0,0,0,0,0,0,0,15,4,58,0,0,41,0
0,0,5,1,0,0,0,0,0,0,0,0,0,0,0,0,0,0,19,0,50,0,0,0,0,0,85,0,16,0,0,0,15,0,14,0,64,0,13,0,1,0,18,0,48,0,0,0,3,0,27,0,0,0,0,0,0,0,0,0,0,0,22,0,0,0,0,0,0,0,0,0,144,0,97,0,2,0,89,0,0,0,0,0,0,0,15,0,0,0,0,0,0,0,0,0,0,0,0,0,0,0,0,0,0,0,0,0,0,0,0,0,0,0,0,0,0,0,0,0,22,0,0,0,0,0,107,0,31,0,17,0,35,0,62,0,0,0,3,0,70,0,39,0,66,0,33,0,13,0,26,0,20,0,0,0,11,0,0,0,0,0,129,0,0,0,38,0,20,0,13,0,58,0,10,0,0,0,0,0,29,6,0,0,3,0,0,0,0,0,0,0,0,0,0,0,0,0,0,0,0,0,0,0,0,0,0,0,79,0,71,0,37,0,0,0,3,0,0,0,0,0,0,0,0
0,0,0,0,0,0,0,0,0,0,0,0,0,0,0,0,0,0,0,0,0,17,0,2,0,0,0,0,0,0,0,0,0,2,0,22,0,15,0,0,0,0,0,21,0,14,0,0,0,0,0,43,0,0,0,0,0,0,0,0,0,0,0,0,0,3,0,0,0,0,0,0,0,78,0,284,0,18,0,9,0,15,0,0,0,0,0,51,0,0,0,0,0,0,0,0,0,0,0,2,0,0,0,0,0,0,0,0,0,0,0,0,0,0,0,0,0,0,0,0,0,6,0,7,0,97,0,58,0,7,0,26,0,0,0,0,0,8,0,0,0,34,0,33,0,78,0,0,0,24,0,40,0,11,0,0,0,5,0,0,0,3,0,34,0,0,0,30,0,5,0,30,0,17,0,3,0,0,0,0,0,11,0,0,0,0,0,0,0,0,0,0,0,0,0,0,0,3,0,0,0,0,0,0,0,0,0,0,0,52,0,0,0,0,0,0,0,0,56,12,15,4,0,0,0
0,0,0,0,0,0,0,0,0,0,0,0,0,0,0,0,0,0,0,0,0,0,0,0,0,0,0,0,0,0,0,0,0,0,0,0,9,0,0,0,0,0,0,0,0,0,0,0,0,0,5,0,0,0,0,0,0,0,0,0,1,0,0,0,0,0,0,0,5,0,144,0,0,1,237,0,40,0,241,0,0,0,21,0,0,0,4,0,0,0,0,0,6,0,1,0,0,0,0,0,0,0,0,0,3,0,0,0,0,0,0,0,0,0,0,0,0,0,0,0,54,0,0,0,0,0,155,0,21,0,28,0,38,0,170,0,40,0,0,0,53,0,64,0,37,0,0,0,0,0,69,0,22,0,0,0,0,0,0,0,0,0,33,0,0,0,8,0,12,0,6,0,12,0,6,0,0,0,0,0,0,0,0,0,0,0,0,0,0,0,0,0,0,0,0,0,47,0,166,0,0,0,0,0,29,0,0,0,272,0,272,2,17,0,14,0,0,0,0,0,0,0,0,0,0
0,0,0,0,0,0,0,0,0,0,0,0,0,0,0,0,0,3,0,0,0,0,0,0,0,0,0,0,0,0,0,2,0,0,0,0,0,0,0,0,0,0,0,0,0,0,0,0,0,0,0,0,0,0,0,0,0,0,0,0,0,0,0,0,0,0,0,0,0,2,0,78,1,0,0,206,0,53,0,96,0,18,0,20,0,42,0,125,0,0,0,1,0,0,0,0,0,0,0,13,0,0,0,0,0,0,0,0,0,0,0,0,0,0,0,0,0,0,0,0,0,38,0,12,0,109,0,126,0,0,0,11,0,0,3,128,0,40,0,0,0,12,0,0,0,38,1,41,0,0,0,0,0,0,0,0,0,0,0,3,0,0,0,44,0,0,0,0,0,4,0,10,0,4,0,4,0,0,0,0,3,0,0,0,0,0,0,0,0,113,0,47,0,0,0,0,0,0,0,198,0,111,0,314,0,0,0,0,0,0,0,0,0,0,14,0,0,0,263,4,8,6,0,0,0
0,0,0,0,0,0,0,0,0,0,0,0,0,0,0,0,29,0,0,0,86,0,0,0,6,0,139,0,38,0,0,0,38,0,24,0,80,0,0,0,0,0,21,0,78,0,0,0,0,0,23,0,25,0,0,0,0,0,0,0,17,0,52,0,0,0,0,0,0,0,97,0,237,0,0,0,11,0,234,0,37,0,0,0,44,0,34,0,0,0,9,0,19,0,9,0,11,0,16,0,0,0,0,0,0,0,0,1,0,0,0,0,0,0,0,0,0,0,0,0,59,0,32,0,0,0,0,0,14,0,0,0,0,1,187,0,33,0,0,0,98,0,170,0,81,0,59,0,22,0,47,0,33,0,0,0,8,0,4,3,0,1,117,0,0,0,0,0,16,0,16,0,0,0,10,0,0,0,0,0,40,0,0,0,0,0,0,0,0,0,0,0,67,0,0,0,37,0,167,0,55,0,153,0,39,0,0,0,160,0,95,3,26,0,9,5,0,0,0,0,0,0,0,0,0
0,0,0,0,0,0,0,0,0,0,0,0,0,0,0,0,0,5,0,28,0,0,0,0,0,0,0,0,0,0,0,7,0,0,0,0,0,0,0,1,0,0,0,26,0,0,0,0,0,6,0,0,0,0,0,0,0,1,0,0,0,0,0,0,0,0,0,0,0,0,0,284,0,206,0,0,0,23,0,19,0,9,0,0,0,30,0,85,0,0,0,0,0,0,0,0,0,0,0,0,0,0,0,0,0,0,1,0,0,0,0,0,0,0,0,0,0,0,0,0,0,150,0,94,5,83,6,108,0,0,0,0,0,31,0,117,0,50,0,3,0,83,0,81,0,167,0,0,0,39,0,75,0,36,0,0,0,8,0,0,0,0,0,41,0,0,0,22,0,0,0,12,0,18,0,0,0,0,0,0,0,0,0,0,0,0,0,0,0,0,0,0,0,19,0,0,0,17,0,100,0,0,0,59,0,0,0,0,0,188,0,0,0,1,7,0,0,0,115,16,0,0,0,0,0
1,0,0,0,0,0,3,0,3,0,1,0,0,0,0,0,0,0,0,0,0,0,0,0,2,0,0,0,0,0,0,0,0,0,0,0,0,0,0,0,0,0,0,0,0,0,0,0,6,0,9,0,0,0,3,0,1,0,1,0,0,0,0,0,0,0,0,0,125,0,2,0,40,0,11,0,0,0,56,0,0,0,76,0,0,0,16,0,4,0,9,0,18,0,0,0,0,0,0,0,0,0,51,0,0,0,21,0,13,0,0,0,1,0,0,0,24,0,0,0,11,0,0,0,0,0,0,0,0,0,0,0,0,0,0,0,0,0,0,0,0,0,0,0,0,0,0,0,0,0,0,0,0,0,0,0,0,0,0,0,0,0,0,0,14,0,1,0,69,0,0,0,0,0,1,0,0,0,2,0,0,0,0,0,0,0,0,0,73,0,0,0,0,0,0,0,15,0,0,0,0,0,0,0,0,0,0,0,0,0,0,4,11,0,0,32,58,0,0,0,0,0,0,0,0
0,0,0,0,0,0,0,0,0,0,0,0,0,0,0,0,0,0,0,0,0,0,0,0,0,0,0,0,0,0,0,0,0,0,0,0,0,0,0,0,0,0,0,0,0,0,0,0,0,9,0,0,0,0,0,0,0,0,0,1,0,0,0,0,0,0,0,0,0,97,0,18,0,53,0,23,0,0,0,28,0,88,0,308,0,0,0,185,0,0,0,0,0,132,0,96,0,54,1,19,0,0,0,108,0,0,0,0,0,0,0,0,0,0,0,0,0,9,0,0,0,12,0,6,0,0,0,17,0,0,0,0,0,0,0,25,0,7,0,0,0,0,0,0,0,13,0,0,0,0,0,15,0,0,0,0,0,0,0,0,0,0,0,0,0,8,0,0,0,133,0,0,0,0,0,1,0,0,0,0,0,0,0,0,0,0,0,0,0,204,0,0,0,0,0,59,0,35,0,43,0,86,0,129,0,271,0,0,0,0,0,0,0,0,0,0,0,0,61,7,45,0,22,1,0
0,0,0,0,0,0,0,0,0,0,0,0,0,0,0,0,0,0,0,0,0,0,0,0,0,0,0,0,0,0,0,0,0,0,0,0,0,0,0,0,0,0,0,0,0,0,0,0,8,0,0,0,0,0,0,0,0,0,0,0,0,0,0,0,0,0,0,0,27,0,89,0,241,0,234,0,56,0,0,0,28,0,64,0,22,0,88,0,5,0,23,0,43,0,12,0,0,0,0,0,5,0,49,0,0,0,0,0,14,0,0,0,0,0,1,0,20,0,0,0,127,0,0,0,0,0,0,0,0,0,0,0,0,0,147,0,0,0,0,0,15,0,44,0,17,0,0,0,0,0,0,0,0,0,0,0,0,0,0,0,0,0,17,0,0,0,0,0,75,0,0,0,0,0,0,0,0,0,0,0,0,0,0,0,0,0,0,0,202,0,0,0,347,1,57,0,0,0,357,0,146,0,361,0,215,0,0,0,167,0,193,0,59,0,12,42,36,0,0,0,0,0,0,0,0
