0,196,29,91,87,46,3,0,69,9,130,41,159,0,0,109,17,98,0,0,6,0,4,169,13,133,20,0,101,17,0,0,89,0,0,0,18,6,354,43,0,0,0,0,0,0,19,0,8,0,3,0,12,1,1,0,0,0,1,0,67,0,192,53,18,0,19,0,0,0,0,0,0,0,0,0,0,0,0,0,0,0,0,0,0,0,0,0,0,0,0,0,0,0,0,0,0,0,0,0,0,0,0,0,0,0,0,0,0,0,0,0,0,0,0,0,0,0,0,0,0,0,0,0,2,0,21,0,0,0,3,0,0,0,8,0,0,0,0,0,0,0,0,0,0,0,4,0,18,0,0,0,12,0,0,0,0,0,0,0,0,0,7,0,2,0,0,0,8,0,29,0,178,14,0,0,359,110,7,0,0,0,34,0,31,0,0,0,0,0,0,0,0,0,0,0,0,0,0,0,0,0,0,0,0,0,0,0,47,0,484,95,124,181,271,0,0,0,0,0,0,0,0,0,0
196,0,114,36,20,163,0,78,31,51,9,127,0,123,0,26,57,28,0,58,0,0,88,33,209,32,0,61,11,56,4,0,0,40,0,0,0,171,33,457,0,18,0,0,0,6,0,65,0,15,0,0,7,19,0,20,0,0,0,8,0,176,53,145,0,21,0,0,0,0,0,0,0,0,0,0,0,0,0,0,0,0,0,0,0,1,0,0,0,0,0,0,0,0,0,0,2,0,0,0,0,0,0,0,0,0,0,0,0,0,0,0,0,0,0,0,0,0,0,0,0,0,0,0,0,20,0,57,0,0,0,21,0,9,0,0,0,13,0,2,0,0,0,0,0,0,0,30,0,11,0,30,0,27,0,0,0,0,0,0,0,0,0,0,0,26,0,11,1,34,0,32,34,173,0,8,67,396,0,1,0,14,9,6,0,17,0,0,0,0,0,3,0,2,0,0,0,0,0,0,0,0,0,0,0,0,0,7,0,33,29,8,0,0,486,0,0,0,819,145,256,257,0,9,2
29,114,0,63,253,55,27,0,9,0,15,66,89,0,205,91,95,41,123,0,85,0,162,144,62,32,43,0,263,14,144,0,281,0,0,0,24,6,386,27,0,0,0,0,0,0,0,0,11,0,0,0,7,0,98,2,13,0,0,0,13,0,116,31,55,0,4,0,0,0,0,0,0,0,0,0,0,0,0,0,0,0,0,0,0,0,0,0,0,0,0,0,0,0,0,0,0,0,0,0,0,0,0,0,51,0,0,0,1,0,0,0,0,0,0,0,0,0,0,0,0,2,0,0,24,0,100,0,0,0,70,0,0,0,304,0,31,0,0,0,0,0,71,0,1,0,19,0,69,0,159,0,29,0,1,0,0,0,0,0,11,0,0,0,0,0,31,0,26,1,26,0,206,0,0,0,104,42,0,3,0,0,9,0,26,0,0,0,0,0,0,0,0,0,0,0,0,0,0,0,41,0,0,0,1,0,0,0,365,0,481,76,316,254,348,0,0,0,0,0,0,0,0,0,0
91,36,63,0,0,150,0,53,5,4,0,11,0,37,0,147,23,17,0,142,0,0,54,164,52,96,0,27,0,128,0,0,0,43,0,0,4,62,0,299,0,5,0,0,0,0,0,18,0,4,0,1,0,0,0,29,0,0,0,0,0,24,9,12,0,0,0,0,0,1,0,0,0,0,0,0,0,0,0,0,0,0,0,0,0,0,0,0,0,0,0,0,0,0,0,3,0,0,0,0,0,0,0,0,0,0,0,0,0,0,0,0,0,0,0,0,0,0,0,0,0,0,0,0,0,0,0,28,0,3,0,12,0,0,0,90,0,27,0,5,0,0,0,0,0,0,0,0,0,8,0,24,0,0,0,2,0,0,0,0,0,0,0,0,0,0,0,0,0,26,0,33,0,150,0,0,14,62,0,0,0,0,0,0,0,0,0,0,0,0,0,0,0,0,0,0,0,0,0,0,0,0,0,0,0,0,0,9,0,90,0,0,0,0,241,0,0,0,373,36,241,220,0,0,0
87,20,253,0,0,218,16,0,27,0,107,134,544,101,320,160,40,0,162,215,482,98,62,132,0,0,118,0,40,0,332,0,270,0,152,43,221,11,42,0,108,0,4,0,0,0,101,0,7,0,25,0,28,0,0,0,0,0,0,0,0,0,0,0,50,0,0,0,0,0,0,0,0,0,0,0,0,0,0,0,0,0,0,0,0,0,0,0,0,0,0,0,0,0,0,0,0,0,30,0,0,0,0,0,0,0,0,0,0,0,0,0,0,0,0,0,0,0,1,0,0,0,0,0,0,0,0,0,0,0,0,0,0,0,155,0,10,2,0,0,17,0,0,0,0,0,25,0,73,0,214,0,151,0,13,0,0,0,0,0,0,0,7,0,5,0,94,0,74,0,11,0,115,2,0,0,220,120,45,0,40,0,73,0,181,0,0,0,0,0,0,0,0,0,0,0,0,0,0,0,0,0,0,0,0,0,0,0,188,0,420,238,421,0,183,0,0,0,0,18,10,0,0,0,0
46,163,55,150,218,0,0,43,0,0,117,275,62,137,204,106,44,0,0,289,200,269,156,188,0,20,0,182,0,0,59,90,0,73,0,52,0,51,0,43,0,27,0,0,0,0,0,134,0,3,0,20,0,0,0,12,0,0,0,0,0,3,0,0,0,39,0,0,0,0,0,4,0,0,0,0,0,0,0,0,0,0,0,0,0,0,0,0,0,0,0,0,0,0,0,0,0,0,0,0,0,0,0,0,0,0,0,0,0,0,0,0,0,0,0,0,0,0,0,0,0,0,0,0,0,16,0,81,0,0,0,22,0,15,0,70,0,27,0,0,0,0,0,0,0,0,0,52,0,64,0,88,0,56,0,0,0,0,0,0,0,8,0,0,0,25,0,100,0,50,0,19,11,69,0,0,65,314,0,60,0,25,0,10,0,47,0,0,0,0,0,0,0,0,0,0,0,0,0,0,0,39,0,0,0,0,0,52,0,129,0,0,0,0,178,0,0,0,344,117,368,127,0,0,0
3,0,27,0,16,0,0,0,96,89,11,0,18,0,4,0,29,32,0,0,0,0,4,5,151,133,0,0,0,0,0,0,0,0,0,0,7,0,115,10,0,0,0,0,0,0,0,0,48,0,0,0,117,20,218,16,17,0,18,0,102,25,583,57,18,0,19,0,0,0,0,0,0,0,0,0,0,0,0,0,0,0,0,0,0,0,0,0,0,0,0,0,0,0,0,0,0,0,0,0,0,0,0,0,0,0,0,0,0,0,0,0,0,0,0,0,0,0,0,0,0,0,0,0,31,0,114,0,0,0,103,0,0,0,48,0,5,0,0,0,0,0,0,0,0,0,0,0,58,0,19,0,0,0,0,0,0,0,0,0,15,0,10,0,7,0,5,0,19,0,199,4,141,0,0,0,0,0,1,0,0,0,0,0,0,0,0,0,0,0,0,0,0,0,0,0,0,0,0,0,0,0,0,0,0,0,0,0,142,0,757,71,422,451,864,2,27,2,0,0,0,0,0,0,0
0,78,0,53,0,43,0,0,72,88,0,24,0,0,0,15,0,4,0,15,0,0,0,0,62,352,0,0,0,0,0,1,0,3,0,0,0,0,0,158,0,0,0,0,0,0,0,4,0,6,0,0,31,19,14,173,0,17,0,9,0,159,43,127,0,0,2,0,0,2,0,0,0,0,0,0,0,0,0,0,0,0,0,0,0,0,0,0,0,0,0,0,0,0,0,0,0,0,0,0,0,0,0,0,0,0,0,0,0,0,0,0,0,0,0,0,0,0,0,0,0,0,0,0,0,10,0,10,0,0,0,30,0,10,0,0,0,0,0,0,0,0,0,0,0,0,0,0,0,0,0,0,0,0,0,0,0,0,0,0,0,0,0,0,0,24,0,7,0,40,0,62,0,148,0,0,16,34,0,0,0,0,0,0,0,0,0,0,0,0,0,0,0,0,0,0,0,0,0,0,0,0,0,0,0,0,0,0,0,7,0,0,0,3,711,0,0,0,552,32,383,458,0,46,4
69,31,9,5,27,0,96,72,0,226,12,0,43,0,3,0,2,29,11,0,0,0,0,0,15,197,0,0,0,0,0,0,2,0,0,0,0,0,10,0,0,0,0,0,0,0,9,0,8,0,0,0,196,72,83,152,17,21,86,0,185,0,273,61,145,0,144,55,0,0,0,0,0,0,0,0,0,0,0,0,0,0,0,0,0,0,0,0,0,0,0,0,2,0,0,0,0,0,0,0,0,0,0,0,0,0,0,0,0,0,0,0,0,0,0,0,0,0,0,0,0,0,0,0,33,0,63,0,0,0,51,0,0,0,0,0,0,0,0,0,0,0,0,0,1,0,0,0,77,0,35,0,10,0,0,1,0,10,0,0,30,0,0,0,0,0,0,0,7,0,88,0,22,0,0,0,195,27,0,0,0,0,7,0,141,2,0,0,0,0,0,0,0,0,0,0,0,0,0,0,0,0,0,0,0,0,8,0,71,0,528,58,117,132,411,0,0,0,0,4,0,0,0,0,0
9,51,0,4,0,0,89,88,226,0,0,150,0,0,0,0,0,12,0,34,0,6,0,0,90,44,0,0,0,0,0,0,0,0,0,0,0,0,0,9,0,0,0,0,0,0,0,25,0,8,0,0,120,101,102,175,5,106,0,172,0,225,65,230,0,135,24,89,0,5,0,0,0,0,0,0,0,0,0,0,0,0,0,0,0,0,0,0,0,0,0,0,0,0,0,5,0,0,0,0,0,0,0,0,0,0,0,0,0,0,0,0,0,0,0,0,0,0,0,0,0,0,0,0,0,83,0,164,0,0,0,118,0,0,0,0,0,7,0,0,0,4,0,0,0,0,0,59,0,110,0,74,0,63,0,0,0,45,0,3,0,17,0,4,0,11,0,0,1,29,0,72,0,37,0,0,42,100,0,4,0,24,2,0,0,91,0,0,0,0,0,2,0,0,0,1,0,2,0,4,0,0,0,0,0,0,0,15,0,63,16,5,0,0,997,0,0,0,1061,69,306,413,0,57,0
130,9,15,0,107,117,11,0,12,0,0,62,349,0,87,102,20,4,21,36,217,17,12,85,0,0,26,0,22,4,198,0,165,8,21,0,87,0,12,0,17,0,0,0,0,0,42,0,4,0,3,0,8,0,0,0,0,0,0,0,10,0,0,0,0,0,0,0,0,0,2,0,0,0,0,0,0,0,0,0,0,0,0,0,0,0,0,0,0,0,0,0,0,0,0,0,0,0,0,0,0,0,0,0,0,0,0,0,0,0,0,0,0,0,0,0,0,0,0,0,0,0,0,0,0,0,0,0,0,0,0,0,0,0,0,0,0,0,0,0,0,0,0,0,0,0,2,0,0,0,26,0,65,0,2,0,0,0,0,0,0,0,0,0,0,0,74,5,27,0,4,0,44,1,27,0,220,59,93,6,51,0,41,0,79,0,0,0,0,0,0,0,0,0,0,0,0,0,0,0,0,0,0,0,0,0,0,0,0,0,335,190,279,78,128,0,0,0,5,0,0,2,0,0,0
41,127,66,11,134,275,0,24,0,150,62,0,16,354,176,12,63,16,17,82,120,103,148,79,5,1,0,110,0,70,45,65,0,141,0,35,17,50,0,79,0,103,0,0,0,7,0,155,0,26,0,4,0,0,0,2,0,0,0,5,0,1,0,0,0,42,0,2,0,0,0,1,0,0,0,0,0,0,0,0,0,0,0,0,0,0,0,0,0,0,0,0,0,0,0,0,0,0,0,0,0,0,0,0,0,0,0,0,0,0,0,0,0,0,0,0,0,0,0,0,0,0,0,0,0,0,0,58,0,0,0,10,0,10,0,33,0,16,0,0,0,0,0,0,0,0,0,45,0,49,0,67,0,63,0,2,0,0,0,0,0,0,0,0,0,0,10,28,0,25,0,0,10,31,0,36,94,474,5,83,0,57,0,56,0,64,0,0,0,0,0,0,0,0,0,0,0,0,0,6,0,16,0,0,0,0,0,21,0,65,0,0,0,0,126,0,0,0,349,90,162,100,2,0,1
159,0,89,0,544,62,18,0,43,0,349,16,0,344,25,32,0,0,117,331,195,96,0,0,0,0,80,291,0,0,43,0,0,0,192,40,65,17,0,0,197,22,36,54,16,48,282,58,15,4,184,32,10,0,4,0,0,0,0,0,0,0,0,0,0,0,1,0,0,0,0,0,0,0,0,0,0,0,4,0,0,0,0,0,0,0,0,0,0,0,0,0,0,0,0,0,0,0,0,0,0,0,0,0,0,0,0,0,0,0,0,0,0,0,0,0,0,0,0,0,0,0,0,0,0,0,0,0,0,0,0,0,0,0,19,0,0,0,0,0,0,0,0,0,0,0,0,0,0,0,0,0,121,0,0,0,3,0,0,0,0,0,0,0,49,0,13,0,54,2,0,0,0,0,46,0,59,167,203,0,84,0,81,0,155,0,102,0,0,0,0,0,0,0,0,0,0,0,0,0,0,0,0,0,0,0,0,0,60,0,73,218,269,0,31,0,0,2,0,0,0,0,0,0,0
0,123,0,37,101,137,0,0,0,0,0,354,344,0,59,0,0,0,457,93,115,67,0,0,0,0,242,84,0,0,37,16,0,0,33,65,0,70,0,0,79,253,12,24,24,8,20,234,1,39,28,114,0,2,0,1,0,0,0,0,0,0,0,0,0,0,0,0,0,0,0,3,0,0,0,1,0,0,0,0,0,0,0,0,0,0,0,0,0,0,0,0,0,0,0,0,0,0,0,0,0,0,0,0,0,0,0,0,0,0,0,0,0,0,0,0,0,0,0,0,0,0,0,0,0,0,0,26,0,0,0,0,0,0,0,28,0,0,0,0,0,0,0,0,0,0,0,27,0,0,0,55,0,0,0,0,0,0,0,0,0,0,0,0,0,40,0,0,0,22,0,0,0,3,0,46,2,524,4,96,0,88,0,58,0,45,33,34,0,0,0,0,0,0,0,0,0,0,0,0,0,0,0,0,0,0,0,0,0,47,0,0,0,0,0,0,0,0,50,66,153,0,0,1,0
0,0,205,0,320,204,4,0,3,0,87,176,25,59,0,188,145,1,229,129,301,102,150,36,44,0,82,0,18,0,120,42,49,10,40,31,26,8,3,0,0,0,1,0,0,0,7,0,0,0,2,0,13,0,128,0,0,0,0,0,13,0,32,0,37,0,0,0,0,0,0,0,0,0,0,0,0,0,0,0,0,0,0,0,121,0,0,0,0,0,0,0,0,0,0,0,143,0,0,0,0,0,0,0,0,0,0,0,0,0,0,0,0,0,0,0,0,0,0,0,0,0,0,0,0,0,0,0,7,0,0,0,0,0,360,0,38,0,0,0,0,0,289,0,5,0,18,0,46,0,167,0,86,0,2,0,4,0,0,0,15,0,0,0,0,0,26,0,0,0,4,0,22,1,0,0,81,64,20,15,16,0,9,0,41,0,0,0,0,0,0,0,0,0,1,0,1,0,0,0,257,0,0,0,2,0,0,0,269,0,93,90,82,27,36,0,0,0,0,0,0,8,0,0,0
109,26,91,147,160,106,0,15,0,0,102,12,32,0,188,0,56,206,22,413,140,561,144,390,45,103,0,62,7,57,39,75,0,62,0,17,0,35,16,60,0,0,0,0,0,0,0,0,0,6,0,0,0,0,0,80,0,13,0,0,0,2,4,58,0,12,0,0,0,0,0,0,0,0,0,0,0,0,0,0,0,147,0,0,0,192,0,0,0,0,0,392,0,0,0,0,0,143,0,304,0,210,0,0,0,0,0,0,0,0,0,0,0,0,0,0,0,0,0,0,0,0,0,0,0,0,0,36,0,35,0,13,0,0,0,935,0,202,0,103,0,15,0,165,0,0,0,0,0,26,0,35,0,22,0,0,0,0,0,0,0,0,0,0,0,20,0,170,0,63,0,21,0,101,0,0,47,133,17,28,0,0,10,0,0,5,0,0,0,0,0,0,0,0,0,0,0,2,0,46,0,259,0,0,0,0,0,0,0,261,0,14,0,0,122,0,0,0,196,85,278,110,0,0,0
17,57,95,23,40,44,29,0,2,0,20,63,0,0,145,56,0,33,266,0,265,0,102,108,80,29,113,0,248,8,125,0,67,0,0,0,9,7,86,11,0,0,0,0,0,0,0,0,0,0,0,0,53,0,18,0,15,0,0,0,3,0,103,12,0,0,0,0,0,0,2,0,0,0,0,0,0,0,0,0,84,0,0,0,535,0,53,0,0,0,121,0,0,0,0,0,527,0,247,0,91,0,0,0,0,0,281,0,0,0,0,0,0,0,0,0,0,0,0,0,20,0,60,0,0,0,0,0,38,0,0,0,0,0,114,0,265,0,73,0,101,0,638,0,1,0,0,0,2,0,0,0,0,0,16,0,0,0,8,0,1,0,0,0,4,0,0,0,0,0,4,0,37,0,0,0,40,19,0,0,0,0,35,0,0,0,0,0,0,0,0,0,0,0,0,0,0,0,0,0,188,0,0,0,0,0,10,0,23,0,32,24,45,32,25,0,0,0,0,0,0,0,0,0,0
98,28,41,17,0,0,32,4,29,12,4,16,0,0,1,206,33,0,0,106,0,152,55,196,85,16,0,54,0,134,0,37,4,6,0,23,0,0,0,165,0,0,0,9,0,0,0,0,0,0,0,0,5,17,6,3,0,11,0,0,0,24,38,220,0,0,0,0,0,0,0,0,0,0,0,0,0,0,0,0,0,132,0,0,0,238,0,34,0,0,0,224,0,0,0,0,0,91,0,237,0,145,0,0,0,0,0,0,0,0,0,0,0,0,0,0,0,0,0,0,0,0,0,0,0,0,0,0,0,57,0,0,0,0,0,478,0,185,0,170,0,78,0,361,0,0,0,0,0,0,0,0,0,0,0,25,0,0,0,22,0,0,0,0,0,0,0,1,0,0,1,3,0,22,0,0,18,32,0,0,0,0,10,2,0,0,0,0,0,0,0,0,0,0,0,0,0,0,0,0,0,0,0,0,0,0,0,0,0,8,0,0,0,0,28,0,0,0,20,13,33,24,0,0,0
0,0,123,0,162,0,0,0,11,0,21,17,117,457,229,22,266,0,0,397,354,120,86,0,0,0,296,242,47,0,35,15,0,0,196,52,42,0,0,0,21,8,18,57,15,22,64,54,0,0,76,50,26,0,0,0,0,0,0,0,0,0,89,0,0,0,0,0,0,0,37,0,0,0,44,0,0,0,0,0,0,0,0,0,257,0,0,1,0,0,0,0,0,0,0,0,0,0,0,0,96,0,0,0,0,0,0,0,0,0,0,0,0,0,0,0,0,0,0,0,29,0,44,0,0,0,0,0,0,0,2,0,0,0,0,0,0,0,0,0,53,0,0,0,30,0,9,0,0,0,102,0,100,0,0,0,0,0,0,0,0,0,0,0,9,0,6,0,44,0,0,0,17,0,0,0,18,117,24,0,33,0,20,0,78,0,18,0,0,0,0,0,0,0,0,0,0,0,0,0,107,0,0,0,0,0,0,0,0,0,144,209,128,0,52,0,3,0,0,0,0,2,0,0,0
0,58,0,142,215,289,0,15,0,34,36,82,331,93,129,413,0,106,397,0,135,492,0,86,0,45,33,346,0,40,68,54,0,0,62,104,0,122,0,0,0,5,4,22,2,50,0,157,0,23,12,95,0,0,0,0,0,0,0,0,0,6,0,41,0,49,0,0,0,0,0,12,0,0,0,30,0,0,0,0,0,386,0,0,0,290,0,0,0,0,0,0,0,0,0,0,0,86,0,368,0,0,0,0,0,19,0,0,0,0,0,0,0,0,0,0,0,0,0,0,0,0,0,17,0,17,0,70,0,0,0,16,0,0,0,348,0,70,0,0,0,70,0,227,0,0,0,0,0,69,0,133,0,91,0,0,0,0,0,0,0,0,0,0,0,27,0,32,0,36,0,10,0,0,0,0,9,178,14,40,0,45,0,17,0,47,3,3,0,0,0,0,0,0,0,0,0,3,0,0,0,0,0,0,0,0,0,55,0,224,0,0,0,0,32,0,0,0,90,94,143,43,0,0,0
6,0,85,0,482,200,0,0,0,0,217,120,195,115,301,140,265,0,354,135,0,88,80,50,34,0,253,46,114,0,96,28,13,16,17,15,19,0,1,0,0,0,35,7,12,7,0,12,0,5,49,0,4,0,18,0,0,0,0,0,8,0,93,0,0,0,0,0,0,0,31,0,0,0,43,0,0,0,0,0,120,0,0,0,267,0,79,0,0,0,92,0,0,0,0,0,364,0,369,0,76,0,0,0,0,0,0,0,0,0,0,0,0,0,0,0,0,0,0,0,32,0,57,0,0,0,0,0,0,0,0,0,0,0,83,0,21,0,17,0,75,0,170,0,18,1,0,0,0,0,0,0,0,0,0,0,0,0,0,0,0,0,0,0,24,2,36,0,55,0,0,0,22,0,0,0,113,54,112,0,0,0,5,0,0,0,6,0,0,0,0,0,0,0,0,0,0,0,0,0,0,0,0,0,0,0,0,0,0,0,72,171,173,50,46,0,0,0,0,9,0,0,0,0,0
0,0,0,0,98,269,0,0,0,6,17,103,96,67,102,561,0,152,120,492,88,0,10,95,0,0,20,254,0,179,29,31,0,1,19,44,0,12,0,0,0,0,0,52,0,28,8,13,0,5,0,52,0,0,0,0,0,0,0,0,0,4,0,42,0,0,0,0,0,1,0,0,0,0,0,0,0,0,0,0,0,223,0,0,0,0,0,0,0,0,0,0,0,0,0,0,0,31,0,165,0,124,0,0,0,0,0,0,0,0,0,0,0,0,0,0,0,0,0,0,0,69,0,0,0,0,0,0,0,0,0,0,0,0,0,0,0,0,0,0,0,124,0,234,0,35,0,0,0,0,0,17,0,0,0,0,0,2,0,0,0,0,0,0,0,20,0,32,0,0,0,5,0,8,0,0,0,96,0,102,0,0,0,0,0,0,0,3,0,0,0,0,0,0,0,0,0,0,0,0,0,0,0,0,0,0,0,0,0,0,7,0,16,0,35,0,0,0,108,230,151,48,0,0,0
4,88,162,54,62,156,4,0,0,0,12,148,0,0,150,144,102,55,86,0,80,10,0,278,22,18,17,0,112,16,53,0,111,24,0,0,29,12,73,26,0,0,0,1,0,0,0,0,4,0,0,1,13,0,160,0,22,0,0,0,0,0,9,6,0,0,0,0,0,0,0,0,0,0,0,0,0,0,0,0,0,0,0,0,65,0,0,0,0,0,32,0,0,0,0,0,106,0,0,0,8,0,0,0,0,0,102,0,0,0,0,0,0,0,0,0,0,0,0,0,0,0,5,0,0,0,0,0,11,0,0,0,0,0,210,0,77,0,0,0,4,0,319,0,0,0,0,0,0,0,31,0,7,0,0,0,0,0,0,0,5,0,0,0,2,0,16,0,13,0,9,0,96,0,1,0,71,34,6,7,0,0,13,0,2,0,0,0,0,0,0,0,0,0,0,0,0,0,0,0,163,0,5,0,0,0,0,0,90,0,123,89,98,73,76,0,0,0,17,0,14,0,0,0,0
169,33,144,164,132,188,5,0,0,0,85,79,0,0,36,390,108,196,0,86,50,95,278,0,52,38,0,24,0,168,38,20,29,11,0,23,0,19,31,70,0,0,0,7,0,7,0,0,0,0,0,3,0,0,0,18,0,5,0,0,0,0,0,93,0,2,0,0,0,0,0,0,0,0,0,9,0,0,0,7,0,192,0,0,0,234,0,61,0,9,0,140,0,0,0,0,0,42,0,185,0,108,0,0,0,0,0,0,0,0,0,0,0,0,0,0,0,0,0,0,0,39,0,0,0,0,0,8,0,36,0,0,0,0,0,322,0,104,0,79,0,53,0,269,0,2,0,0,0,0,0,11,0,0,0,11,0,0,0,0,0,0,0,0,0,4,0,12,1,0,0,7,16,43,0,0,38,125,0,97,0,0,0,5,0,0,0,0,0,0,0,0,0,0,0,0,0,0,0,0,0,0,0,0,0,0,0,0,0,32,18,6,17,9,47,0,0,0,56,58,86,0,0,0,0
13,209,62,52,0,0,151,62,15,90,0,5,0,0,44,45,80,85,0,0,34,0,22,52,0,217,0,0,58,0,13,0,0,0,0,0,0,8,60,22,0,0,0,0,2,0,0,0,4,0,0,0,34,6,170,2,20,0,6,0,20,21,89,111,1,0,0,0,0,0,0,0,5,0,0,0,0,0,0,0,0,0,0,0,46,0,0,0,0,0,0,0,0,0,0,0,45,0,0,0,0,0,0,0,0,0,52,0,0,0,0,0,0,0,0,0,0,0,0,0,0,0,0,0,0,0,0,1,21,0,3,0,1,0,141,0,105,0,16,1,12,0,315,0,0,0,0,0,0,0,5,0,0,1,2,0,0,0,2,0,0,0,0,0,0,0,1,0,0,0,15,0,35,3,0,0,60,43,0,0,0,0,36,0,0,0,0,0,0,0,0,0,0,0,0,0,0,0,0,0,106,0,0,0,0,0,0,0,36,0,49,29,57,58,63,0,0,0,31,0,0,11,0,0,0
133,32,32,96,0,20,133,352,197,44,0,1,0,0,0,103,29,16,0,45,0,0,18,38,217,0,0,0,0,30,0,1,0,0,0,0,0,11,0,131,0,0,0,0,0,0,0,0,0,4,0,0,68,36,37,227,0,43,0,11,21,73,96,187,0,0,0,2,0,1,0,0,0,0,0,0,0,0,0,0,0,0,0,0,0,0,0,0,0,0,0,0,0,0,0,0,0,0,0,0,0,0,0,0,0,0,0,0,0,0,0,0,0,0,0,0,0,0,0,0,0,0,0,0,0,14,0,12,0,57,0,19,0,36,0,368,0,197,0,110,0,13,0,0,0,0,0,0,0,0,0,0,0,0,0,48,0,5,0,38,0,8,0,0,0,10,0,0,0,16,5,28,17,92,0,0,35,85,0,0,0,0,19,5,0,0,0,0,0,0,0,0,0,0,0,0,0,0,0,0,0,0,0,0,0,0,0,0,0,113,45,0,0,0,133,0,0,0,143,32,122,120,0,8,0
20,0,43,0,118,0,0,0,0,0,26,0,80,242,82,0,113,0,296,33,253,20,17,0,0,0,0,513,91,0,50,0,0,0,85,0,106,0,0,0,40,179,235,67,304,155,144,419,20,18,202,26,9,0,0,0,0,0,0,0,8,0,64,0,0,0,0,0,2,0,94,0,33,0,83,0,0,0,0,0,216,0,0,0,0,0,0,0,0,0,0,0,0,0,0,0,440,0,749,0,149,0,0,0,0,0,0,0,0,0,0,0,0,0,0,0,0,0,0,0,50,0,0,0,0,0,0,0,0,0,0,0,0,0,0,0,0,0,0,0,103,0,0,0,81,0,0,0,0,0,45,0,54,0,0,0,0,0,0,0,0,0,11,0,90,0,14,0,0,0,0,0,22,0,0,0,0,81,17,0,0,0,24,0,63,0,82,0,0,0,0,0,0,0,0,0,0,0,0,0,0,0,0,0,0,0,0,0,0,0,64,367,386,38,43,0,0,6,0,0,0,0,0,0,2
0,61,0,27,0,182,0,0,0,0,0,110,291,84,0,62,0,54,242,346,46,254,0,24,0,0,513,0,0,60,0,38,0,4,0,76,2,58,0,0,318,10,26,236,76,343,134,272,8,56,46,252,0,0,0,2,0,0,0,0,0,2,0,29,0,0,0,0,0,11,0,21,0,0,0,12,0,0,0,0,0,0,0,0,0,219,0,0,0,0,0,0,0,0,0,0,0,18,0,0,0,0,0,24,0,0,0,0,0,0,0,0,0,0,0,0,0,0,0,0,0,102,0,31,0,0,0,0,0,0,0,0,0,0,0,0,0,0,0,0,0,136,0,216,0,40,0,0,0,0,0,0,0,0,0,0,0,10,0,0,0,0,0,0,0,144,0,9,0,51,0,0,0,0,0,0,0,81,0,13,0,0,0,0,0,35,53,9,0,0,0,0,0,0,0,0,0,0,0,0,0,0,0,0,0,0,0,0,0,0,0,0,0,0,18,0,0,0,67,482,589,31,0,0,18
101,11,263,0,40,0,0,0,0,0,22,0,0,0,18,7,248,0,47,0,114,0,112,0,58,0,91,0,0,0,43,0,12,0,83,0,30,0,16,0,0,0,51,0,0,0,0,0,0,0,69,0,4,0,0,0,0,0,0,0,0,0,137,1,0,0,0,0,0,0,11,0,5,0,14,0,3,0,0,0,68,0,0,0,123,0,45,0,0,0,26,0,0,0,0,0,131,0,167,0,25,0,0,0,0,0,0,0,0,0,0,0,0,0,0,0,0,0,0,0,17,0,26,0,0,0,0,0,0,0,0,0,0,0,0,0,0,0,30,0,70,0,69,0,11,0,0,0,0,0,0,0,0,0,1,0,0,0,0,0,0,0,0,0,0,0,0,0,0,0,0,0,5,0,0,0,60,0,3,0,0,0,28,0,0,0,0,0,0,0,0,0,0,0,0,0,0,0,0,0,0,0,0,0,0,0,0,0,0,0,15,6,0,7,4,0,0,0,0,0,0,0,0,0,0
17,56,14,128,0,0,0,0,0,0,4,70,0,0,0,57,8,134,0,40,0,179,16,168,0,30,0,60,0,0,0,89,0,27,0,191,0,19,0,7,0,0,0,53,0,0,0,0,0,0,0,26,0,9,0,0,0,0,0,0,0,13,0,53,0,0,0,0,0,0,0,8,0,0,0,0,0,0,0,9,0,96,0,0,0,129,0,0,0,0,0,0,0,0,0,0,0,13,0,75,0,0,0,0,0,0,0,0,0,0,0,0,0,0,0,0,0,0,0,0,0,19,0,15,0,0,0,0,0,0,0,0,0,0,0,0,0,116,0,92,0,309,0,262,0,36,0,0,0,0,0,0,0,0,0,0,0,7,0,16,0,0,0,0,1,0,0,0,0,0,0,0,0,0,0,0,0,35,0,11,0,0,0,0,0,0,0,0,0,0,0,0,0,0,0,0,0,0,0,0,0,0,0,0,0,0,0,0,0,0,0,0,0,0,0,0,0,0,0,0,0,0,0,0,0
0,4,144,0,332,59,0,0,0,0,198,45,43,37,120,39,125,0,35,68,96,29,53,38,13,0,50,0,43,0,0,0,7,9,59,0,64,0,7,0,0,0,41,0,7,0,0,0,0,0,68,0,0,0,10,0,0,0,0,0,0,0,65,0,0,0,0,0,0,0,0,0,7,0,0,0,0,0,0,0,0,0,0,0,91,0,0,0,0,0,0,0,0,0,0,0,0,0,0,0,25,0,0,0,0,0,0,0,0,0,0,0,0,0,0,0,0,0,0,0,0,0,0,0,0,0,0,0,0,0,0,0,0,0,0,0,15,0,0,0,36,0,45,0,14,0,0,0,0,0,0,0,0,0,0,0,0,0,0,0,0,0,0,0,11,0,95,0,51,0,2,0,63,0,0,0,88,12,58,0,0,0,7,0,0,0,0,0,0,0,0,0,0,0,0,0,0,0,0,0,0,0,0,0,0,0,0,0,0,0,109,123,128,48,48,0,0,0,0,0,6,0,0,0,0
0,0,0,0,0,90,0,1,0,0,0,65,0,16,42,75,0,37,15,54,28,31,0,20,0,1,0,38,0,89,0,0,0,0,0,24,3,0,0,9,0,0,1,39,0,0,0,0,0,0,0,25,0,0,0,0,0,1,0,0,0,0,0,30,0,0,0,0,0,0,0,0,0,0,0,0,0,0,0,0,0,0,0,0,0,0,0,0,0,0,0,0,0,0,0,0,0,0,0,0,0,0,0,0,0,0,0,0,0,0,0,0,0,0,0,0,0,0,0,0,0,0,0,0,0,0,0,0,0,0,0,0,0,0,0,0,0,0,0,23,0,69,0,0,0,20,0,0,0,0,0,0,0,0,0,0,0,0,0,0,0,0,0,0,0,9,0,71,0,25,0,2,0,8,0,0,0,69,0,69,0,0,0,5,0,0,0,1,0,0,0,0,0,0,0,0,0,0,0,0,0,0,0,0,0,0,0,0,0,0,0,2,0,0,22,0,0,0,54,73,79,0,0,0,0
89,0,281,0,270,0,0,0,2,0,165,0,0,0,49,0,67,4,0,0,13,0,111,29,0,0,0,0,12,0,7,0,0,4,88,0,274,0,2,2,0,0,27,0,4,0,1,0,0,0,22,0,0,0,0,0,0,0,0,0,5,0,32,0,0,0,0,0,0,0,0,0,0,0,11,0,0,0,0,0,0,0,0,0,0,0,0,0,0,0,0,0,0,0,0,0,34,0,49,0,0,0,0,0,0,0,0,0,0,0,0,0,0,0,0,0,0,0,0,0,0,0,0,0,0,0,0,0,0,0,0,0,0,0,0,0,0,0,93,0,111,0,0,0,52,0,0,0,0,0,0,0,0,0,18,0,19,0,28,0,0,0,3,0,0,0,69,0,12,0,0,0,27,0,0,0,120,7,29,0,0,0,38,0,0,0,0,0,0,0,0,0,0,0,0,0,0,0,0,0,0,0,0,0,0,0,0,0,0,1,53,111,79,32,24,0,0,0,0,0,0,0,0,0,0
0,40,0,43,0,73,0,3,0,0,8,141,0,0,10,62,0,6,0,0,16,1,24,11,0,0,0,4,0,27,9,0,4,0,0,10,0,138,0,0,0,0,0,5,0,0,0,0,0,0,0,4,0,0,0,0,0,0,0,0,0,10,0,23,0,2,0,0,0,0,0,0,0,0,0,0,0,0,0,0,0,0,0,0,0,21,0,0,0,0,0,0,0,0,0,0,0,0,0,0,0,0,0,0,0,0,0,0,0,0,0,0,0,0,0,0,0,0,0,0,0,22,0,0,0,0,0,0,0,0,0,0,0,0,0,0,0,0,0,0,0,73,0,42,0,31,0,0,0,0,0,4,0,0,0,1,0,17,0,0,0,0,0,0,0,0,0,69,0,0,0,6,0,14,0,0,2,95,1,47,0,0,1,0,0,0,0,0,0,0,0,0,0,0,0,0,0,0,0,0,0,0,0,0,0,0,0,0,0,2,0,0,0,0,30,0,0,0,51,26,85,26,0,0,0
0,0,0,0,152,0,0,0,0,0,21,0,192,33,40,0,0,0,196,62,17,19,0,0,0,0,85,0,83,0,59,0,88,0,0,8,204,0,0,0,0,1,36,0,10,0,0,0,0,1,89,0,0,0,0,0,0,0,0,0,0,0,6,0,0,0,0,0,0,0,0,0,0,0,0,0,0,0,0,0,0,0,0,0,0,0,0,0,0,0,0,0,0,0,0,0,0,0,0,0,3,0,0,0,0,0,0,0,0,0,0,0,0,0,0,0,0,0,0,0,0,0,0,0,0,0,0,0,0,0,0,0,0,0,0,0,0,0,0,0,0,0,0,0,0,0,0,0,0,0,0,0,0,0,0,0,0,0,0,0,0,0,0,0,67,0,20,0,73,0,0,0,19,0,0,0,10,8,27,0,0,0,0,0,0,0,16,0,0,0,0,0,0,0,0,0,0,0,0,0,0,0,0,0,0,0,0,0,0,0,0,144,182,0,23,0,0,0,0,0,0,0,0,0,0
0,0,0,0,43,52,0,0,0,0,0,35,40,65,31,17,0,23,52,104,15,44,0,23,0,0,0,76,0,191,0,24,0,10,8,0,0,224,0,9,0,0,0,40,0,36,0,0,0,4,0,59,0,0,0,0,0,0,0,0,0,7,0,16,0,0,0,0,0,0,0,13,0,0,0,0,0,0,0,0,0,0,0,0,0,0,0,0,0,0,0,0,0,0,0,0,0,0,0,0,0,0,0,0,0,0,0,0,0,0,0,0,0,0,0,0,0,0,0,0,0,0,0,11,0,0,0,0,0,0,0,0,0,0,0,0,0,0,0,0,0,88,0,83,0,46,0,0,0,0,0,0,0,0,0,0,0,19,0,0,0,0,0,2,0,104,0,100,0,73,0,0,0,8,0,0,7,73,0,25,0,0,0,0,0,0,0,8,0,0,0,0,0,0,0,0,0,0,0,0,0,0,0,0,0,0,0,0,0,0,0,0,0,0,35,0,0,0,88,210,258,57,0,0,0
18,0,24,4,221,0,7,0,0,0,87,17,65,0,26,0,9,0,42,0,19,0,29,0,0,0,106,2,30,0,64,3,274,0,204,0,0,0,28,0,0,0,94,0,30,0,0,0,2,0,62,0,0,0,0,0,0,0,2,0,28,0,5,0,0,0,0,0,0,0,52,0,6,0,0,0,0,0,0,0,90,0,0,0,56,0,0,0,0,0,0,0,0,0,0,0,38,0,195,0,20,0,0,0,0,0,0,0,0,0,0,0,0,0,0,0,0,0,0,0,0,0,0,0,0,0,0,0,4,0,0,0,0,0,0,0,17,0,55,0,150,0,18,0,117,0,0,0,0,0,0,0,0,0,0,1,18,0,11,0,0,0,22,0,33,0,42,0,63,0,16,0,51,0,0,0,40,8,25,0,0,0,12,0,0,0,0,0,0,0,0,0,0,0,0,0,0,0,0,0,0,0,0,0,0,0,0,0,0,0,36,115,162,19,17,0,0,2,0,0,0,0,0,0,0
6,171,6,62,11,51,0,0,0,0,0,50,17,70,8,35,7,0,0,122,0,12,12,19,8,11,0,58,0,19,0,0,0,138,0,224,0,0,0,28,0,0,0,60,0,14,0,0,0,0,0,54,0,0,0,0,0,0,0,0,0,36,0,65,0,0,0,0,0,0,0,17,0,11,0,15,0,0,0,25,0,92,0,0,0,0,0,0,0,0,0,0,0,0,0,0,0,0,0,0,0,0,0,0,0,0,0,0,0,0,0,0,0,0,0,0,0,0,0,0,0,64,0,0,0,0,0,0,0,0,0,0,0,0,0,0,0,0,0,35,0,155,0,88,0,134,0,0,0,0,0,0,0,0,0,0,0,62,0,0,0,0,0,4,0,41,0,36,0,52,0,11,0,37,0,0,0,45,0,9,0,0,0,0,0,0,0,1,0,7,0,0,0,0,0,0,0,0,0,0,0,0,0,0,0,0,0,3,0,0,0,0,3,0,0,0,0,0,33,55,142,19,0,1,0
354,33,386,0,42,0,115,0,10,0,12,0,0,0,3,16,86,0,0,0,1,0,73,31,60,0,0,0,16,0,7,0,2,0,0,0,28,0,0,0,0,0,1,0,0,0,0,0,0,0,0,0,10,0,0,0,0,0,0,0,7,0,38,0,0,0,0,0,0,0,6,0,0,0,0,0,0,0,6,0,19,0,8,0,31,0,0,0,0,0,0,0,0,0,0,0,0,0,57,0,5,0,0,0,0,0,0,0,0,0,0,0,0,0,0,0,0,0,0,0,5,0,0,0,0,0,0,0,0,0,0,0,0,0,0,0,0,0,44,0,46,0,14,0,41,0,0,0,0,0,0,0,0,0,7,0,20,0,6,0,0,0,0,0,0,0,8,0,0,0,6,0,128,0,0,0,222,18,4,0,0,0,58,0,0,0,0,0,0,0,0,0,0,0,0,0,0,0,0,0,0,0,0,0,0,0,0,0,0,0,16,83,0,0,0,0,0,0,0,0,1,0,0,0,0
43,457,27,299,0,43,10,158,0,9,0,79,0,0,0,60,11,165,0,0,0,0,26,70,22,131,0,0,0,7,0,9,2,0,0,9,0,28,0,0,0,0,0,0,0,0,0,0,0,0,0,2,0,13,0,0,0,0,0,0,0,26,0,93,0,0,0,0,0,0,0,0,0,0,0,0,0,0,0,0,0,0,0,0,0,0,0,0,0,0,0,0,0,0,0,0,0,0,0,0,0,0,0,0,0,0,0,0,0,0,0,0,0,0,0,0,0,0,0,0,0,0,0,0,0,0,0,0,0,0,0,0,0,0,0,0,0,0,0,38,0,62,0,44,0,48,0,0,0,0,0,0,0,0,0,4,0,13,0,9,0,0,0,0,0,0,0,10,0,2,0,2,0,32,0,0,12,94,0,10,0,0,0,25,0,1,0,0,0,0,0,0,0,0,0,0,0,0,0,0,0,0,0,0,0,0,0,0,0,0,8,2,0,0,0,0,0,0,6,29,17,2,0,0,0
0,0,0,0,108,0,0,0,0,0,17,0,197,79,0,0,0,0,21,0,0,0,0,0,0,0,40,318,0,0,0,0,0,0,0,0,0,0,0,0,0,81,28,19,56,110,154,286,66,38,13,0,3,0,0,0,0,0,0,0,0,0,0,0,0,0,1,0,0,0,0,0,0,0,0,0,0,0,0,0,0,0,0,0,0,0,0,0,0,0,0,0,0,0,0,0,0,0,0,0,0,0,0,0,0,0,0,0,0,0,0,0,0,0,0,0,0,0,0,0,0,0,0,0,0,0,0,0,0,0,0,0,0,0,0,0,0,0,0,0,0,0,0,0,0,0,0,0,0,0,0,0,0,0,0,0,0,0,0,0,0,0,0,0,0,0,0,0,12,0,0,0,0,0,0,0,16,111,111,0,0,0,0,0,0,0,136,2,0,0,0,0,0,0,0,0,0,0,0,0,0,0,0,0,0,0,0,0,0,0,0,117,92,0,0,0,0,15,0,0,8,0,0,0,0
0,18,0,5,0,27,0,0,0,0,0,103,22,253,0,0,0,0,8,5,0,0,0,0,0,0,179,10,0,0,0,0,0,0,1,0,0,0,0,0,81,0,13,2,66,37,109,112,9,93,0,0,0,0,0,0,0,0,0,0,0,0,0,0,0,0,0,0,0,2,0,0,0,0,0,0,0,0,0,0,0,0,0,0,0,0,0,0,0,0,0,0,0,0,0,0,0,0,0,0,0,1,0,0,0,0,0,0,0,0,0,0,0,0,0,0,0,0,0,0,0,0,0,0,0,0,0,0,0,0,0,0,0,0,0,0,0,0,0,0,0,0,0,0,0,1,0,0,0,0,0,0,0,0,0,0,0,0,0,0,0,0,0,0,0,0,0,0,0,0,0,0,0,0,0,0,0,241,0,27,0,31,0,0,0,0,13,16,0,0,0,0,0,0,0,0,0,0,0,0,0,0,0,0,0,0,0,0,0,0,0,0,0,0,0,0,0,0,0,12,14,0,0,0,40
0,0,0,0,4,0,0,0,0,0,0,0,36,12,1,0,0,0,18,4,35,0,0,0,0,0,235,26,51,0,41,1,27,0,36,0,94,0,1,0,28,13,0,0,179,0,51,22,23,0,68,0,0,0,0,0,0,0,6,0,8,0,0,0,0,0,3,0,0,0,47,0,14,0,43,0,0,0,0,0,64,0,0,0,0,0,49,0,0,0,0,0,0,0,0,0,72,0,199,0,0,0,0,0,0,0,0,0,0,0,0,0,0,0,0,0,0,0,0,0,10,0,0,0,0,0,0,0,0,0,0,0,1,0,0,0,0,0,0,0,57,0,0,0,42,0,0,0,0,0,0,0,0,0,0,0,0,0,0,0,0,0,16,0,38,0,28,0,6,0,12,0,31,0,0,0,0,0,2,0,0,0,0,0,0,0,36,0,0,0,0,0,0,0,0,0,0,0,0,0,0,0,0,0,0,0,0,0,0,0,34,126,82,0,11,0,0,5,0,0,0,0,0,0,0
0,0,0,0,0,0,0,0,0,0,0,0,54,24,0,0,0,9,57,22,7,52,1,7,0,0,67,236,0,53,0,39,0,5,0,40,0,60,0,0,19,2,0,0,11,178,12,21,1,32,8,40,0,0,0,0,0,0,0,0,0,7,0,0,0,0,0,0,0,0,0,27,0,0,0,25,0,0,0,35,0,129,0,0,0,89,0,0,0,0,0,0,0,0,0,0,0,0,0,46,0,0,0,0,0,0,0,0,0,0,0,0,0,0,0,0,0,0,0,0,0,75,0,19,0,0,0,0,0,0,0,0,0,0,0,0,0,0,0,0,0,85,0,86,0,50,0,0,0,0,0,0,0,0,0,0,0,12,0,0,0,0,0,8,0,61,0,13,0,0,0,13,0,23,0,0,0,34,0,0,0,1,0,0,0,0,0,51,0,0,0,0,0,0,0,0,0,0,0,0,0,0,0,0,0,0,0,0,0,0,0,0,0,0,5,0,0,0,28,118,152,0,0,0,0
0,0,0,0,0,0,0,0,0,0,0,0,16,24,0,0,0,0,15,2,12,0,0,0,2,0,304,76,0,0,7,0,4,0,10,0,30,0,0,0,56,66,179,11,0,91,144,180,165,65,113,0,2,0,0,0,0,0,0,0,8,0,10,0,0,0,0,0,14,0,69,0,14,0,39,0,0,0,26,0,83,0,71,0,81,0,57,0,0,0,0,0,60,0,52,0,127,0,249,0,49,0,0,1,0,0,74,0,0,0,0,0,0,0,0,0,0,0,0,0,0,0,16,0,0,0,0,0,0,0,0,0,0,0,0,0,5,0,0,0,25,0,0,0,39,0,0,0,0,0,0,0,16,0,0,0,0,0,0,0,0,0,23,0,134,0,49,0,79,0,10,0,23,0,0,0,17,50,19,1,20,0,10,0,16,0,63,0,0,0,9,0,0,0,0,0,1,0,0,0,30,0,0,0,0,0,0,0,4,0,67,147,265,31,21,0,5,66,0,9,6,0,0,0,1
0,6,0,0,0,0,0,0,0,0,0,7,48,8,0,0,0,0,22,50,7,28,0,7,0,0,155,343,0,0,0,0,0,0,0,36,0,14,0,0,110,37,0,178,91,0,84,35,22,188,9,106,0,0,0,0,0,0,0,0,0,3,0,8,0,2,0,0,0,30,0,0,0,0,0,17,0,13,0,13,0,150,0,48,0,87,0,56,0,0,0,0,0,25,0,107,0,0,0,73,0,41,0,34,0,0,0,0,0,0,0,1,0,0,0,0,0,0,0,0,0,66,0,12,0,0,0,0,0,0,0,0,0,0,0,25,0,0,0,0,0,36,0,46,0,38,0,0,0,0,0,0,0,0,0,1,0,0,0,0,0,4,0,7,0,272,0,21,0,93,0,11,0,34,0,5,0,38,0,0,0,0,0,4,0,4,33,45,0,120,0,0,0,0,0,50,0,0,0,0,0,24,0,0,0,0,0,0,0,0,0,0,0,0,12,0,0,0,36,114,281,24,19,1,73
19,0,0,0,101,0,0,0,9,0,42,0,282,20,7,0,0,0,64,0,0,8,0,0,0,0,144,134,0,0,0,0,1,0,0,0,0,0,0,0,154,109,51,12,144,84,0,238,205,82,26,3,0,0,0,0,0,0,0,0,0,0,5,0,0,0,0,0,0,1,0,0,0,0,0,0,0,0,0,0,0,0,0,0,0,0,8,0,0,0,0,0,0,0,0,0,0,0,0,0,0,0,0,0,0,0,0,0,0,0,0,0,0,0,0,0,0,0,0,0,0,0,0,0,0,0,0,0,0,0,0,0,0,0,0,0,0,0,0,0,0,0,0,0,0,0,0,0,0,0,0,0,34,0,0,0,0,0,0,0,0,0,0,0,35,1,0,0,16,0,0,0,0,0,0,0,33,80,82,0,46,0,28,0,40,0,109,4,0,0,0,0,0,0,0,0,0,0,0,0,0,0,0,0,0,0,0,0,0,0,18,195,134,0,8,0,0,36,1,0,0,0,0,0,0
0,65,0,18,0,134,0,4,0,25,0,155,58,234,0,0,0,0,54,157,12,13,0,0,0,0,419,272,0,0,0,0,0,0,0,0,0,0,0,0,286,112,22,21,180,35,238,0,43,136,17,0,0,0,0,0,0,0,0,1,0,0,0,0,0,0,0,0,0,0,0,0,0,0,0,0,0,0,0,0,0,0,0,0,0,0,0,0,0,0,0,0,0,0,0,0,0,0,0,0,0,0,0,0,0,0,0,0,0,0,0,0,0,0,0,0,0,0,0,0,0,0,0,0,0,0,0,0,0,0,0,0,0,0,0,0,0,0,0,0,0,0,0,0,0,0,0,0,0,0,0,0,0,0,0,0,0,0,0,0,0,0,0,0,0,20,0,0,0,0,0,0,0,0,0,0,0,151,0,10,0,9,0,17,0,0,47,0,0,0,0,0,0,0,0,7,0,0,0,0,0,0,0,0,0,0,0,0,0,37,0,7,0,0,0,0,0,0,0,176,71,0,0,0,60
8,0,11,0,7,0,48,0,8,0,4,0,15,1,0,0,0,0,0,0,0,0,4,0,4,0,20,8,0,0,0,0,0,0,0,0,2,0,0,0,66,9,23,1,165,22,205,43,0,52,24,2,0,0,2,0,9,0,5,0,1,0,2,0,0,0,0,0,15,0,0,0,0,0,0,0,0,0,5,0,8,0,62,0,8,0,5,0,4,0,0,0,33,0,20,0,9,0,8,0,8,0,29,0,16,0,7,0,0,0,0,0,1,0,0,0,0,0,0,0,0,0,0,0,0,0,0,0,2,0,0,0,0,0,0,0,0,0,0,0,2,0,10,0,0,0,0,0,0,0,0,0,2,0,0,0,0,0,0,0,6,0,6,0,11,3,4,0,45,0,2,0,14,0,3,0,8,20,10,0,0,0,2,0,0,0,33,0,59,0,10,0,43,0,15,0,2,0,10,0,19,0,21,0,15,0,0,0,0,0,25,62,148,10,24,0,0,11,0,5,0,0,0,0,0
0,15,0,4,0,3,0,6,0,8,0,26,4,39,0,6,0,0,0,23,5,5,0,0,0,4,18,56,0,0,0,0,0,0,1,4,0,0,0,0,38,93,0,32,65,188,82,136,52,0,0,22,0,0,0,2,0,7,0,0,0,0,0,0,0,0,0,0,0,10,0,7,0,0,0,0,0,3,0,0,0,58,0,12,0,39,0,24,0,0,0,0,0,7,0,35,0,0,0,0,0,0,0,11,0,0,0,0,0,0,0,0,0,0,0,0,0,0,0,0,0,20,0,0,0,0,0,0,0,0,0,0,0,0,0,0,0,0,0,0,0,5,0,0,0,7,0,0,0,3,0,6,0,13,0,0,0,0,0,0,0,0,0,2,0,42,0,3,0,7,0,3,0,7,0,0,0,71,0,12,0,12,0,11,0,0,27,17,0,0,0,0,0,0,0,6,0,1,0,0,0,7,0,3,0,3,0,0,0,0,0,1,0,0,4,0,0,0,12,13,45,15,4,0,33
3,0,0,0,25,0,0,0,0,0,3,0,184,28,2,0,0,0,76,12,49,0,0,0,0,0,202,46,69,0,68,0,22,0,89,0,62,0,0,0,13,0,68,8,113,9,26,17,24,0,0,0,0,0,0,0,0,0,2,0,0,0,0,0,0,0,2,0,0,0,23,0,6,0,10,0,0,0,0,0,15,0,0,0,0,0,12,0,0,0,0,0,0,0,0,0,25,0,62,0,9,0,0,0,0,0,0,0,0,0,0,0,0,0,0,0,0,0,0,0,0,0,0,0,0,0,0,0,0,0,0,0,0,0,3,0,0,0,0,0,0,0,0,0,16,0,0,0,0,0,0,0,0,0,0,0,0,0,0,0,0,0,9,0,60,0,13,0,93,0,10,0,39,0,0,0,3,0,0,0,0,0,0,0,0,0,23,0,0,0,0,0,0,0,0,0,0,0,0,0,0,0,0,0,0,0,0,0,0,0,20,85,141,53,7,0,3,0,1,0,1,0,0,0,0
0,0,0,1,0,20,0,0,0,0,0,4,32,114,0,0,0,0,50,95,0,52,1,3,0,0,26,252,0,26,0,25,0,4,0,59,0,54,0,2,0,0,0,40,0,106,3,0,2,22,0,0,0,0,0,0,0,0,0,0,0,3,0,3,0,0,0,0,0,0,0,10,0,7,0,0,0,3,0,0,0,103,0,0,0,40,0,41,0,2,0,0,0,3,0,26,0,0,0,43,0,0,0,0,0,0,0,0,0,0,0,0,0,0,0,0,0,0,0,0,0,61,0,10,0,0,0,0,0,0,0,0,0,0,0,0,0,0,0,0,0,48,0,54,0,34,0,0,0,0,0,0,0,0,0,0,0,0,0,0,0,0,0,0,0,49,0,11,0,45,0,16,0,24,0,0,0,36,0,0,0,0,0,0,0,0,7,51,0,0,0,0,0,0,0,0,0,0,0,0,0,10,0,0,0,12,0,0,0,0,0,0,0,0,0,0,0,0,19,38,113,9,4,0,2
12,7,7,0,28,0,117,31,196,120,8,0,10,0,13,0,53,5,26,0,4,0,13,0,34,68,9,0,4,0,0,0,0,0,0,0,0,0,10,0,3,0,0,0,2,0,0,0,0,0,0,0,0,32,59,79,63,8,58,30,80,0,71,29,0,0,10,87,0,0,0,0,0,0,4,0,0,0,0,0,21,0,0,0,118,0,9,0,0,0,0,0,0,0,0,0,68,0,57,0,16,0,0,0,5,0,14,0,0,0,0,0,0,0,0,0,0,0,0,0,12,0,26,0,0,0,6,0,59,0,10,0,6,0,10,0,180,0,146,0,111,0,123,0,15,0,0,0,2,0,0,0,0,0,207,0,67,1,75,1,6,0,10,0,0,0,0,0,0,0,11,3,0,0,0,3,104,1,1,0,6,0,27,0,9,0,0,0,0,0,0,0,0,0,0,0,0,0,0,0,11,0,0,0,0,0,0,0,3,0,9,107,28,22,21,0,0,0,12,5,0,0,0,0,0
1,19,0,0,0,0,20,19,72,101,0,0,0,2,0,0,0,17,0,0,0,0,0,0,6,36,0,0,0,9,0,0,0,0,0,0,0,0,0,13,0,0,0,0,0,0,0,0,0,0,0,0,32,0,58,46,13,72,50,8,3,56,0,81,0,1,46,22,0,0,0,0,0,0,0,0,0,0,0,0,0,0,0,0,0,0,0,0,0,0,0,0,0,0,0,0,0,4,0,0,0,0,0,0,0,0,0,0,0,0,0,0,0,0,0,0,0,0,0,0,0,0,0,0,0,0,0,0,0,28,0,0,0,28,0,74,0,106,0,124,0,25,0,74,0,19,0,0,0,1,1,0,0,0,6,77,0,100,0,182,0,17,0,0,0,0,0,0,0,2,2,5,0,0,0,0,0,17,0,0,0,0,0,0,4,25,0,0,0,0,0,0,0,0,0,0,0,0,0,0,0,9,0,0,0,0,0,0,0,0,8,0,0,0,21,0,0,0,9,13,11,18,1,0,0
1,0,98,0,0,0,218,14,83,102,0,0,4,0,128,0,18,6,0,0,18,0,160,0,170,37,0,0,0,0,10,0,0,0,0,0,0,0,0,0,0,0,0,0,0,0,0,0,2,0,0,0,59,58,0,60,43,7,58,11,17,0,12,26,0,0,3,71,0,0,0,0,0,0,0,0,0,0,0,0,0,0,0,0,4,0,0,0,0,0,0,0,0,0,0,0,10,0,0,0,0,0,0,0,0,0,0,0,0,0,0,0,0,0,0,0,0,0,0,0,0,0,0,0,8,0,0,0,25,0,101,0,0,0,242,0,191,0,3,0,3,0,209,0,0,0,0,0,5,0,0,0,0,0,12,0,0,3,10,0,19,0,18,0,3,0,0,0,20,0,89,3,0,0,0,0,9,0,0,0,0,0,1,0,4,0,0,0,0,0,0,0,0,0,0,0,0,1,0,0,86,0,0,0,0,0,0,0,75,0,161,39,228,250,378,1,68,0,8,7,0,0,0,0,0
0,20,2,29,0,12,16,173,152,175,0,2,0,1,0,80,0,3,0,0,0,0,0,18,2,227,0,2,0,0,0,0,0,0,0,0,0,0,0,0,0,0,0,0,0,0,0,0,0,2,0,0,79,46,60,0,0,99,56,11,6,6,5,60,0,2,74,32,0,3,0,0,0,0,0,0,0,0,0,0,0,0,0,0,0,2,0,3,0,0,0,0,0,1,0,2,0,0,0,0,0,0,0,0,0,0,0,0,0,0,0,0,0,0,0,0,0,0,0,0,0,0,0,0,0,49,0,42,0,21,0,50,0,20,0,38,0,63,0,27,0,3,0,9,0,0,0,0,0,0,0,2,0,0,5,44,2,9,0,27,0,12,0,0,0,6,0,2,0,19,5,95,0,28,0,2,0,0,0,0,0,0,0,0,4,0,0,0,0,0,0,0,0,0,0,0,0,0,0,0,1,0,0,0,0,0,0,0,0,35,4,6,6,0,438,0,0,0,193,33,300,286,1,41,0
0,0,13,0,0,0,17,0,17,5,0,0,0,0,0,0,15,0,0,0,0,0,22,0,20,0,0,0,0,0,0,0,0,0,0,0,0,0,0,0,0,0,0,0,0,0,0,0,9,0,0,0,63,13,43,0,0,11,217,0,0,0,10,0,7,13,26,58,0,0,0,1,5,0,0,0,0,0,0,0,0,0,0,0,0,0,0,0,0,0,0,0,0,0,0,0,0,0,0,0,0,0,0,0,0,0,0,1,0,0,0,0,0,0,0,0,0,0,0,0,0,0,0,0,8,0,5,0,15,0,68,0,8,0,28,0,45,0,23,0,0,0,50,0,24,1,0,0,7,0,0,0,0,0,92,19,23,2,68,0,44,0,49,0,0,0,0,0,21,0,120,0,9,0,0,0,0,0,0,0,0,0,0,0,6,0,0,0,0,0,0,0,0,0,0,0,0,0,0,0,0,0,0,0,0,0,0,0,13,0,173,109,382,308,530,6,92,0,0,0,0,0,0,0,0
0,0,0,0,0,0,0,17,21,106,0,0,0,0,0,13,0,11,0,0,0,0,0,5,0,43,0,0,0,0,0,1,0,0,0,0,0,0,0,0,0,0,0,0,0,0,0,0,0,7,0,0,8,72,7,99,11,0,24,155,0,2,0,23,1,4,41,82,0,3,0,0,0,0,0,0,0,2,0,0,0,0,0,0,0,0,0,0,0,0,0,0,0,0,0,0,0,0,0,1,0,0,0,3,0,0,0,0,0,0,0,0,0,0,0,0,0,0,0,0,0,0,0,0,0,12,0,12,0,16,0,19,0,26,0,36,0,35,8,13,0,7,0,5,0,0,0,0,0,0,0,0,0,0,24,227,2,15,0,217,0,42,0,0,0,4,0,2,0,35,0,177,0,6,0,6,0,1,0,0,4,0,0,0,5,0,0,0,0,0,0,0,0,0,0,0,0,0,0,0,0,0,0,0,0,0,0,2,0,17,2,0,0,0,428,0,0,0,134,48,370,301,0,65,0
1,0,0,0,0,0,18,0,86,0,0,0,0,0,0,0,0,0,0,0,0,0,0,0,6,0,0,0,0,0,0,0,0,0,0,0,2,0,0,0,0,0,6,0,0,0,0,0,5,0,2,0,58,50,58,56,217,24,0,34,18,0,2,7,53,0,119,170,0,0,0,0,0,0,0,0,0,0,0,0,1,0,0,0,0,0,0,0,0,0,0,0,0,0,0,0,0,0,0,0,0,0,0,0,0,0,0,0,0,0,0,0,0,0,0,0,0,0,0,0,0,0,0,0,0,0,0,0,5,0,40,0,0,0,10,0,0,0,8,1,0,0,6,0,31,0,0,0,24,0,0,0,0,0,53,35,123,3,4,12,13,0,0,0,0,0,5,0,26,0,69,0,21,0,0,6,0,0,0,0,31,7,0,0,22,0,0,0,0,0,0,0,0,0,0,0,0,0,0,0,0,0,0,0,0,0,0,0,8,0,684,321,425,512,1215,4,196,0,15,0,1,0,0,0,0
0,8,0,0,0,0,0,9,0,172,0,5,0,0,0,0,0,0,0,0,0,0,0,0,0,11,0,0,0,0,0,0,0,0,0,0,0,0,0,0,0,0,0,0,0,0,0,1,0,0,0,0,30,8,11,11,0,155,34,0,0,0,0,2,0,27,98,199,0,3,0,0,0,0,0,0,0,0,0,0,0,0,0,0,0,0,0,0,0,1,0,0,0,0,0,0,0,0,0,0,0,0,0,0,0,0,0,0,0,0,0,0,0,0,0,0,0,0,0,0,0,0,0,0,0,34,0,33,0,2,0,37,0,11,0,0,0,7,22,2,3,0,0,0,9,4,0,0,0,3,0,0,0,0,52,10,3,39,30,14,0,36,0,9,0,0,0,0,0,28,0,85,0,6,0,28,0,0,0,0,24,38,0,0,0,2,0,0,0,0,0,0,0,0,0,0,0,0,0,0,0,0,0,0,0,0,0,0,0,15,3,0,0,0,1391,0,0,0,491,144,502,583,9,140,0
67,0,13,0,0,0,102,0,185,0,10,0,0,0,13,0,3,0,0,0,8,0,0,0,20,21,8,0,0,0,0,0,5,0,0,0,28,0,7,0,0,0,8,0,8,0,0,0,1,0,0,0,80,3,17,6,0,0,18,0,0,0,57,8,0,0,9,0,0,0,0,0,0,0,0,0,0,0,0,0,0,0,0,0,0,0,0,0,0,0,0,0,0,0,0,0,0,0,0,0,0,0,0,0,0,0,0,0,0,0,0,0,0,0,0,0,0,0,0,0,0,0,0,0,0,0,0,0,0,0,0,0,0,0,0,0,9,0,85,0,96,0,0,0,172,0,0,0,0,0,0,0,0,0,25,0,209,0,12,0,0,0,6,0,0,0,2,0,4,0,141,0,72,0,0,0,109,0,0,0,0,0,34,0,0,0,0,0,0,0,0,0,0,0,0,0,0,0,0,0,0,0,0,0,0,0,0,0,0,0,9,291,40,38,17,0,2,0,0,0,0,0,0,0,0
0,176,0,24,0,3,25,159,0,225,0,1,0,0,0,2,0,24,0,6,0,4,0,0,21,73,0,2,0,13,0,0,0,10,0,7,0,36,0,26,0,0,0,7,0,3,0,0,0,0,0,3,0,56,0,6,0,2,0,0,0,0,9,77,0,0,4,11,0,0,0,0,0,0,0,0,0,0,0,0,0,0,0,0,0,2,0,0,0,0,0,0,0,0,0,0,0,0,0,0,0,0,0,0,0,0,0,0,0,0,0,0,0,0,0,0,0,0,0,0,0,0,0,0,0,0,0,0,0,0,0,0,0,0,0,1,0,4,0,42,0,45,0,0,0,103,0,0,0,0,0,0,0,0,0,10,0,176,0,37,0,0,0,0,0,2,0,1,0,6,1,53,0,46,0,0,7,119,0,0,0,0,0,56,1,40,0,0,0,0,0,0,0,0,0,0,0,0,0,0,0,0,0,0,0,0,0,0,0,0,0,0,0,0,12,0,0,0,0,32,35,0,0,8,0
192,53,116,9,0,0,583,43,273,65,0,0,0,0,32,4,103,38,89,0,93,0,9,0,89,96,64,0,137,0,65,0,32,0,6,0,5,0,38,0,0,0,0,0,10,0,5,0,2,0,0,0,71,0,12,5,10,0,2,0,57,9,0,41,0,0,0,0,0,0,0,0,0,0,14,0,0,0,0,0,76,0,0,0,154,0,41,0,0,0,0,0,0,0,0,0,75,0,0,0,0,0,0,0,0,0,0,0,0,0,0,0,0,0,0,0,0,0,0,0,0,0,53,0,0,0,0,0,26,0,2,0,0,0,0,0,79,0,144,0,143,0,89,0,17,0,0,0,0,0,0,0,0,0,56,0,38,0,32,0,3,0,0,0,0,0,0,0,0,0,10,2,15,0,0,0,271,24,0,0,0,0,101,0,0,0,0,0,0,0,0,0,0,0,0,0,0,0,0,0,7,0,0,0,0,0,0,0,0,0,3,57,5,12,10,0,0,0,0,0,3,0,0,0,0
53,145,31,12,0,0,57,127,61,230,0,0,0,0,0,58,12,220,0,41,0,42,6,93,111,187,0,29,1,53,0,30,0,23,0,16,0,65,0,93,0,0,0,0,0,8,0,0,0,0,0,3,29,81,26,60,0,23,7,2,8,77,41,0,0,0,0,16,0,0,0,0,0,0,0,0,0,0,0,1,0,26,0,0,0,76,0,0,0,0,0,0,0,0,0,0,0,0,0,30,0,18,0,0,0,0,0,0,0,0,0,0,0,0,0,0,0,0,0,0,0,0,0,0,0,0,0,0,0,33,0,0,0,0,0,129,0,228,0,250,0,207,0,300,0,76,0,0,0,0,0,0,0,0,0,66,1,94,0,166,0,4,0,0,0,0,0,0,0,0,0,6,0,1,0,0,16,111,0,0,0,0,0,19,1,22,0,0,0,0,0,0,0,0,0,0,0,0,0,0,0,0,0,0,0,0,0,0,0,0,0,0,6,0,15,0,0,0,9,31,10,4,0,0,0
18,0,55,0,50,0,18,0,145,0,0,0,0,0,37,0,0,0,0,0,0,0,0,0,1,0,0,0,0,0,0,0,0,0,0,0,0,0,0,0,0,0,0,0,0,0,0,0,0,0,0,0,0,0,0,0,7,1,53,0,0,0,0,0,0,0,140,9,0,0,48,0,39,0,15,0,0,0,0,0,0,0,0,0,0,0,0,0,0,0,0,0,4,0,1,0,0,0,0,0,0,0,0,0,0,0,0,0,0,0,0,0,0,0,0,0,0,0,0,0,0,0,0,0,12,0,34,0,0,0,9,0,0,0,0,0,0,0,86,39,46,0,0,0,119,8,17,0,48,27,35,0,0,0,8,15,0,0,10,46,143,59,15,0,0,0,0,0,8,0,0,0,0,0,13,6,0,0,0,0,68,30,0,0,120,0,0,0,0,0,0,0,0,0,0,0,0,0,0,0,0,0,0,0,0,0,0,0,43,0,77,15,19,0,92,0,0,0,0,2,0,0,0,0,0
0,21,0,0,0,39,0,0,0,135,0,42,0,0,0,12,0,0,0,49,0,0,0,2,0,0,0,0,0,0,0,0,0,2,0,0,0,0,0,0,0,0,0,0,0,2,0,0,0,0,0,0,0,1,0,2,13,4,0,27,0,0,0,0,0,0,13,276,0,0,0,17,0,0,0,0,0,0,0,0,0,0,0,0,0,0,0,4,0,0,0,0,0,0,0,0,0,0,0,0,0,0,0,0,0,0,0,0,0,0,0,0,0,0,0,0,0,0,0,0,0,0,0,0,0,30,0,54,14,0,0,29,0,0,0,0,2,1,42,20,0,11,0,0,22,43,0,66,0,111,0,33,0,0,16,11,0,4,31,1,75,112,0,5,0,0,0,0,0,0,0,0,0,0,0,34,0,0,0,2,35,117,0,1,6,35,0,0,0,0,0,1,0,0,0,0,0,0,0,0,0,0,0,0,0,0,0,6,0,14,0,0,0,0,149,0,0,0,105,26,0,0,0,0,0
19,0,4,0,0,0,19,2,144,24,0,0,1,0,0,0,0,0,0,0,0,0,0,0,0,0,0,0,0,0,0,0,0,0,0,0,0,0,0,0,1,0,3,0,0,0,0,0,0,0,2,0,10,46,3,74,26,41,119,98,9,4,0,0,140,13,0,113,0,0,0,0,0,0,0,0,0,0,0,0,0,0,0,0,0,0,0,0,0,0,0,0,0,0,0,0,0,0,0,0,0,0,0,0,0,0,0,0,0,0,0,0,0,0,0,0,0,0,0,0,0,0,0,0,3,0,0,0,0,0,7,0,0,0,0,0,0,0,17,2,0,0,0,0,21,1,0,0,17,0,0,0,1,0,24,25,37,10,0,13,24,0,0,0,0,0,0,0,1,0,0,0,5,0,3,16,2,0,0,0,76,8,5,0,168,0,0,0,0,0,0,0,0,0,0,0,0,0,0,0,0,0,0,0,0,0,0,0,0,0,126,115,29,73,167,0,16,0,7,5,0,0,0,1,0
0,0,0,0,0,0,0,0,55,89,0,2,0,0,0,0,0,0,0,0,0,0,0,0,0,2,0,0,0,0,0,0,0,0,0,0,0,0,0,0,0,0,0,0,0,0,0,0,0,0,0,0,87,22,71,32,58,82,170,199,0,11,0,16,9,276,113,0,0,0,0,0,0,0,0,0,0,0,0,0,0,0,0,0,0,0,0,0,0,0,0,0,0,0,0,0,0,0,0,0,0,0,0,0,0,0,0,0,0,0,0,0,0,0,0,0,0,0,0,0,0,0,0,0,0,13,0,24,0,0,0,77,0,0,0,0,0,0,19,1,0,0,0,0,8,7,0,0,0,62,0,12,0,0,72,12,7,33,31,2,18,43,0,0,0,3,0,0,0,0,2,13,0,0,0,88,0,0,0,0,25,81,0,0,16,98,0,0,0,0,0,0,0,0,0,0,0,0,0,0,0,0,0,0,0,0,0,0,0,5,6,0,0,0,657,0,0,0,403,117,115,193,0,30,1
0,0,0,0,0,0,0,0,0,0,0,0,0,0,0,0,0,0,0,0,0,0,0,0,0,0,2,0,0,0,0,0,0,0,0,0,0,0,0,0,0,0,0,0,14,0,0,0,15,0,0,0,0,0,0,0,0,0,0,0,0,0,0,0,0,0,0,0,0,0,0,0,9,0,2,0,90,0,2,0,6,0,14,0,0,0,8,0,8,0,0,0,22,0,7,0,0,0,0,0,0,0,141,0,28,0,0,0,25,0,24,0,0,0,9,0,2,0,0,0,0,0,0,0,0,1,0,0,0,0,0,0,0,0,0,0,0,2,0,0,0,0,0,0,0,0,0,0,0,0,0,0,0,0,0,0,0,0,0,0,3,2,0,0,16,0,0,0,212,0,11,0,2,0,0,0,0,0,0,0,0,0,0,0,0,0,0,0,0,0,12,0,0,0,36,0,2,0,0,0,0,0,0,0,0,0,0,0,0,0,62,7,106,1,0,35,53,0,0,0,0,0,0,0,0
0,0,0,1,0,0,0,2,0,5,0,0,0,0,0,0,0,0,0,0,0,1,0,0,0,1,0,11,0,0,0,0,0,0,0,0,0,0,0,0,0,2,0,0,0,30,1,0,0,10,0,0,0,0,0,3,0,3,0,3,0,0,0,0,0,0,0,0,0,0,0,0,0,2,0,0,0,104,0,0,0,0,0,65,0,0,0,0,0,2,0,0,0,73,0,12,0,0,0,0,0,5,0,102,0,0,0,0,0,15,0,13,0,0,0,0,0,11,0,1,0,0,0,1,0,0,0,1,0,0,0,4,0,0,0,2,0,0,0,0,0,0,0,0,0,0,0,0,0,1,0,0,0,0,0,0,0,2,0,0,0,4,0,3,0,33,0,0,0,60,0,7,0,1,0,0,0,1,0,0,0,0,0,0,0,1,0,0,0,24,0,0,0,0,0,0,0,5,0,0,0,11,0,0,0,0,0,0,0,8,0,0,0,0,0,0,0,0,50,20,69,0,32,1,10
0,0,0,0,0,0,0,0,0,0,2,0,0,0,0,0,2,0,37,0,31,0,0,0,0,0,94,0,11,0,0,0,0,0,0,0,52,0,6,0,0,0,47,0,69,0,0,0,0,0,23,0,0,0,0,0,0,0,0,0,0,0,0,0,48,0,0,0,0,0,0,0,195,0,203,0,14,0,178,0,0,0,0,0,3,0,15,0,0,0,0,0,0,0,0,0,0,0,0,0,0,0,0,0,0,0,0,0,0,0,0,0,0,0,0,0,0,0,0,0,16,0,29,0,0,0,45,0,10,0,19,0,21,0,63,0,22,0,8,11,144,0,97,2,94,0,0,0,0,11,46,1,0,0,4,0,14,0,2,0,49,15,72,0,0,0,15,0,11,0,25,0,39,0,0,0,0,0,0,0,36,10,0,0,0,0,0,0,0,0,0,0,0,0,0,0,0,2,0,0,15,0,0,0,0,0,0,0,51,2,9,0,2,0,0,0,0,0,0,0,0,0,0,0,0
0,0,0,0,0,4,0,0,0,0,0,1,0,3,0,0,0,0,0,12,0,0,0,0,0,0,0,21,0,8,0,0,0,0,0,13,0,17,0,0,0,0,0,27,0,0,0,0,0,7,0,10,0,0,0,0,1,0,0,0,0,0,0,0,0,17,0,0,0,0,0,0,0,155,0,216,0,10,0,14,0,0,0,0,0,0,0,30,0,0,0,0,0,0,0,0,0,0,0,0,0,0,0,0,0,0,0,0,0,0,0,0,0,0,0,0,0,0,0,0,0,2,0,16,0,120,0,0,0,44,0,82,0,0,1,0,0,54,0,3,0,51,1,17,0,110,0,32,0,64,0,56,0,40,0,0,0,15,0,3,0,18,0,23,0,0,0,12,0,4,0,17,0,23,0,8,0,4,0,4,7,55,0,0,0,0,0,0,0,0,0,0,0,0,0,0,0,0,0,0,0,0,0,0,0,0,0,11,0,31,0,0,0,0,1,0,0,0,15,0,8,0,0,0,0
0,0,0,0,0,0,0,0,0,0,0,0,0,0,0,0,0,0,0,0,0,0,0,0,5,0,33,0,5,0,7,0,0,0,0,0,6,0,0,0,0,0,14,0,14,0,0,0,0,0,6,0,0,0,0,0,5,0,0,0,0,0,0,0,39,0,0,0,9,0,195,0,0,0,185,0,52,0,217,0,0,0,71,0,11,0,1,0,0,0,0,0,5,0,0,0,0,0,0,0,0,0,0,0,0,0,0,0,3,0,0,0,0,0,1,0,0,0,0,0,35,0,14,0,81,0,81,0,36,0,49,0,38,0,150,0,34,0,13,6,45,0,183,0,53,0,31,0,47,0,66,0,13,0,0,0,9,0,0,11,37,0,122,0,1,0,7,0,24,0,9,0,13,0,16,0,0,0,0,0,45,10,0,0,10,0,0,0,0,0,0,0,0,0,0,0,3,0,57,0,83,0,0,0,19,0,0,0,85,0,75,3,24,0,18,0,0,0,0,0,0,0,0,0,0
0,0,0,0,0,0,0,0,0,0,0,0,0,0,0,0,0,0,0,0,0,0,0,0,0,0,0,0,0,0,0,0,0,0,0,0,0,11,0,0,0,0,0,0,0,0,0,0,0,0,0,7,0,0,0,0,0,0,0,0,0,0,0,0,0,0,0,0,0,2,0,155,0,0,0,401,0,71,0,50,0,11,0,43,0,65,0,117,0,0,0,0,0,0,0,0,0,12,0,0,0,0,0,3,0,0,0,0,0,0,0,0,0,0,0,0,0,0,0,0,0,36,0,59,0,92,0,65,0,21,0,44,0,0,0,0,2,42,0,5,0,37,0,56,0,53,0,0,0,0,0,0,0,47,0,0,0,0,0,0,0,19,0,53,0,0,0,0,0,19,0,11,0,9,0,12,0,0,0,0,9,0,0,0,0,1,0,0,0,31,0,0,0,0,0,0,0,0,2,50,0,62,0,64,0,20,0,54,0,72,0,0,0,0,0,0,0,0,55,0,15,0,0,0,0
0,0,0,0,0,0,0,0,0,0,0,0,0,0,0,0,0,0,44,0,43,0,0,0,0,0,83,0,14,0,0,0,11,0,0,0,0,0,0,0,0,0,43,0,39,0,0,0,0,0,10,0,4,0,0,0,0,0,0,0,0,0,14,0,15,0,0,0,2,0,203,0,185,0,0,0,17,0,210,0,22,0,36,0,58,0,52,0,0,0,0,0,0,0,12,0,5,0,21,0,2,1,0,0,0,0,0,0,0,0,0,0,0,0,0,0,0,0,0,0,108,0,135,0,24,0,0,0,0,0,13,0,0,0,72,0,31,0,11,8,91,0,248,0,41,0,9,1,77,0,0,1,0,0,0,0,0,0,0,0,25,0,30,0,0,0,8,0,18,0,15,0,21,0,20,0,0,0,0,0,0,4,7,0,15,0,0,0,0,0,0,0,0,0,0,0,0,0,0,0,0,1,0,0,5,0,0,0,0,0,13,0,0,0,2,0,0,0,0,0,2,0,0,0,0
0,0,0,0,0,0,0,0,0,0,0,0,0,1,0,0,0,0,0,30,0,0,0,9,0,0,0,12,0,0,0,0,0,0,0,0,0,15,0,0,0,0,0,25,0,17,0,0,0,0,0,0,0,0,0,0,0,0,0,0,0,0,0,0,0,0,0,0,0,0,0,216,0,401,0,0,0,24,0,97,0,13,0,3,0,17,0,140,0,0,0,0,0,0,0,3,0,0,0,0,0,0,0,0,0,0,0,0,0,0,0,0,0,0,0,0,0,0,0,0,0,62,0,44,0,91,0,59,0,35,0,24,0,18,0,81,0,67,0,3,0,30,0,52,0,83,0,0,0,0,0,76,0,0,0,0,0,10,0,0,0,10,0,27,0,0,0,7,0,7,0,11,0,13,0,15,0,0,0,0,0,0,0,0,0,0,0,0,0,0,0,0,0,0,1,0,0,0,0,0,0,0,0,0,0,0,4,0,0,55,0,0,0,0,0,0,0,0,27,0,4,0,0,0,0
0,0,0,0,0,0,0,0,0,0,0,0,0,0,0,0,0,0,0,0,0,0,0,0,0,0,0,0,3,0,0,0,0,0,0,0,0,0,0,0,0,0,0,0,0,0,0,0,0,0,0,0,0,0,0,0,0,0,0,0,0,0,0,0,0,0,0,0,90,0,14,0,52,0,17,0,0,0,46,0,0,0,43,0,29,0,13,0,0,0,0,0,62,0,0,0,0,0,0,0,0,0,29,0,0,0,0,0,43,0,3,0,0,0,2,0,3,0,0,0,0,0,0,0,0,4,0,0,0,0,0,0,0,0,0,0,0,0,1,0,7,0,0,0,0,0,0,0,0,0,0,0,0,0,0,0,0,0,0,0,0,0,1,0,8,0,0,0,74,0,2,0,0,0,0,0,0,0,0,0,3,0,0,0,0,0,0,0,0,0,0,0,0,0,0,0,0,0,17,0,0,0,0,0,0,0,0,0,0,0,12,0,27,0,0,5,0,0,0,0,0,0,0,0,0
0,0,0,0,0,0,0,0,0,0,0,0,0,0,0,0,0,0,0,0,0,0,0,0,0,0,0,0,0,0,0,0,0,0,0,0,0,0,0,0,0,0,0,0,0,13,0,0,0,3,0,3,0,0,0,0,0,2,0,0,0,0,0,0,0,0,0,0,0,104,0,10,0,71,0,24,0,0,0,12,0,45,0,135,0,24,0,91,0,0,0,0,0,66,0,60,0,33,0,11,0,12,0,131,0,42,0,25,0,6,0,1,0,9,0,0,0,5,0,0,0,10,0,5,0,0,0,0,0,0,0,0,0,0,0,0,0,14,0,0,0,0,0,0,0,0,0,0,0,0,0,8,0,0,0,0,0,0,0,0,0,0,0,5,0,17,0,0,0,76,0,3,0,0,0,0,0,0,0,0,2,0,0,0,0,0,0,0,0,174,1,0,2,0,0,75,0,15,0,0,0,67,0,51,0,0,0,0,0,18,0,0,0,0,9,0,0,0,48,0,72,1,42,0,0
0,0,0,0,0,0,0,0,0,0,0,0,4,0,0,0,0,0,0,0,0,0,0,0,0,0,0,0,0,0,0,0,0,0,0,0,0,0,6,0,0,0,0,0,26,0,0,0,5,0,0,0,0,0,0,0,0,0,0,0,0,0,0,0,0,0,0,0,2,0,178,0,217,0,210,0,46,0,0,0,8,0,143,0,108,0,28,0,0,0,3,0,39,0,0,0,13,0,0,0,0,0,35,0,0,0,0,0,19,0,0,0,0,0,0,0,0,0,0,0,130,0,62,0,0,0,0,0,3,0,0,3,0,0,108,0,0,0,0,0,48,0,278,0,21,0,4,0,19,0,24,0,0,0,1,0,0,0,0,0,0,0,20,0,5,0,0,0,69,0,0,0,0,0,0,0,0,0,0,0,0,0,0,0,0,0,0,0,0,0,18,0,103,0,11,0,7,0,77,0,170,0,0,0,85,0,0,0,0,0,103,2,76,0,36,5,0,0,0,0,3,0,0,0,0
