0,438,51,254,46,0,31,327,82,91,114,0,87,0,14,79,38,47,23,0,0,4,40,112,0,219,0,0,83,0,0,0,210,0,0,0,77,0,124,0,25,0,0,0,4,0,39,0,23,0,2,0,0,0,0,0,0,1,0,0,7,0,0,11,56,0,10,0,0,0,0,0,0,0,0,0,0,0,0,0,0,0,0,0,0,2,0,0,0,0,0,0,0,0,0,0,0,0,0,0,0,0,0,0,0,0,0,0,0,0,0,0,1,0,0,0,0,0,0,0,0,0,0,0,14,0,0,0,0,0,0,0,0,0,19,0,0,0,0,0,0,0,0,0,0,0,35,0,40,0,48,0,14,0,0,0,0,0,0,0,0,0,0,0,5,0,0,0,6,0,6,0,155,7,0,0,416,166,23,0,0,0,314,19,22,0,0,0,0,0,0,0,0,0,0,0,0,0,0,0,6,0,0,0,0,0,0,0,22,0,527,244,266,202,268,0,0,0,0,0,0,0,0,0,0
438,0,456,45,62,165,160,78,64,60,46,121,0,124,25,16,87,27,0,137,17,15,520,26,95,6,0,94,0,0,0,22,7,61,0,53,0,264,0,416,0,28,0,0,0,0,0,67,0,7,0,30,0,6,1,19,0,0,0,0,0,167,4,28,0,40,0,2,0,0,0,0,0,0,0,0,0,0,0,0,0,0,0,0,0,0,0,0,0,0,0,0,0,0,0,4,0,0,0,0,0,0,0,0,0,7,0,55,0,0,0,0,0,0,0,0,0,0,0,0,0,0,0,0,0,4,0,11,0,0,0,0,0,0,0,125,0,33,0,0,0,0,0,0,0,0,0,34,0,56,0,105,0,132,0,0,0,11,0,6,0,5,0,0,0,8,0,35,0,32,0,47,0,285,0,72,214,396,0,22,0,118,0,8,0,122,0,15,0,2,0,0,0,0,0,0,0,0,0,45,0,51,0,0,0,0,0,0,0,52,0,0,0,0,525,0,0,0,812,216,449,124,15,0,0
51,456,0,199,272,0,20,204,10,60,43,87,188,0,371,90,41,35,122,0,32,0,608,115,38,120,123,0,265,0,152,1,396,0,0,0,62,5,377,0,75,0,0,1,15,0,67,0,25,0,0,0,0,0,50,0,4,0,12,1,0,0,0,0,44,0,6,0,0,0,0,0,0,0,0,0,0,0,0,0,0,0,0,0,0,0,0,0,0,0,0,0,0,0,0,0,0,0,0,0,0,0,0,0,57,0,0,0,0,0,0,0,1,0,0,0,0,0,0,0,0,0,0,0,36,0,58,0,0,0,27,0,20,0,296,0,24,0,0,0,0,0,78,0,0,0,105,0,74,0,112,0,0,0,0,0,0,0,0,0,32,2,3,0,3,0,32,0,7,0,19,0,384,0,0,0,118,100,0,0,10,0,29,14,8,0,0,0,0,0,0,0,0,0,0,0,1,0,44,0,195,0,0,0,5,0,0,0,149,0,525,132,531,305,384,3,0,0,8,0,0,0,0,0,0
254,45,199,0,109,222,0,104,6,0,99,0,0,7,52,220,41,72,0,129,15,35,318,230,12,81,0,48,0,161,0,28,8,247,0,0,0,164,0,575,0,0,0,0,0,0,0,0,0,16,0,0,0,2,0,127,0,0,0,0,0,27,0,0,0,0,0,0,0,0,0,0,0,0,0,0,0,0,0,0,0,0,0,0,0,28,0,0,0,0,0,0,0,0,0,0,0,0,0,0,0,0,0,0,0,0,0,67,0,0,0,0,0,0,0,0,0,0,0,0,0,0,0,0,0,0,0,0,0,0,0,0,0,0,0,148,0,0,0,0,0,0,0,20,0,0,0,0,0,0,0,0,0,0,1,0,0,0,0,0,0,0,0,0,0,5,0,91,0,23,0,8,0,141,0,0,66,71,0,0,0,0,0,0,1,0,0,0,0,0,0,0,0,0,0,0,0,0,0,0,0,99,0,0,0,0,0,0,0,0,0,0,0,0,212,0,0,0,272,35,326,47,0,0,0
46,62,272,109,0,495,9,0,5,0,64,358,607,52,402,491,9,0,97,97,54,52,82,82,0,0,239,0,0,0,281,0,439,0,95,0,234,19,0,0,188,0,4,0,0,0,119,0,13,0,39,0,0,0,0,0,0,0,0,0,0,0,0,0,12,0,0,0,0,0,0,0,0,0,0,0,0,0,0,0,0,0,0,0,0,0,0,0,0,0,0,0,0,0,0,0,0,0,0,0,0,0,0,0,5,0,0,0,0,0,0,0,1,0,0,0,0,0,1,0,0,0,0,0,0,0,0,0,0,0,0,0,0,0,28,0,0,0,0,0,0,0,0,0,0,0,17,0,16,0,0,0,0,0,0,0,0,0,0,0,0,0,0,0,13,0,275,0,57,0,12,0,287,0,0,0,297,162,21,0,0,0,45,0,18,0,2,0,0,0,0,0,0,0,0,0,0,0,0,0,0,0,0,0,0,0,0,0,17,0,572,284,934,0,379,2,0,0,0,0,0,0,0,0,0
0,165,0,222,495,0,0,18,0,5,234,192,620,155,760,241,0,12,357,357,143,78,107,157,0,26,115,174,0,0,0,184,7,416,0,198,0,367,0,0,0,58,57,0,0,0,0,114,0,0,0,103,0,0,0,0,0,0,0,0,0,26,0,0,0,11,0,0,0,0,0,2,0,0,0,0,0,0,0,0,0,21,0,0,0,0,0,0,0,0,0,0,0,0,0,0,0,0,0,0,0,0,0,0,0,0,0,0,0,0,0,0,0,0,0,0,0,0,0,0,0,0,0,0,0,0,0,0,0,0,0,0,0,0,0,65,0,9,0,14,0,0,0,0,0,0,0,0,0,21,0,0,0,38,0,0,0,0,0,0,0,0,0,0,0,25,0,385,0,101,0,27,0,144,0,0,172,243,56,12,0,28,0,5,0,49,0,5,0,0,0,0,0,0,0,0,0,0,0,17,0,0,0,0,0,0,0,6,0,5,4,0,0,0,401,0,0,0,449,164,966,157,0,0,0
31,160,20,0,9,0,0,221,117,444,9,0,0,0,10,3,5,56,0,0,0,0,26,0,364,215,0,0,40,0,0,0,0,0,0,0,0,0,194,0,0,0,0,0,0,0,0,0,15,0,0,0,10,44,278,168,11,0,36,75,178,0,66,123,9,3,3,30,0,0,0,0,0,0,0,0,0,0,0,0,0,0,0,0,0,0,0,0,0,0,0,0,0,0,0,0,0,0,0,0,0,0,0,0,0,0,0,0,0,0,0,0,0,0,0,0,0,0,0,0,0,0,0,0,16,0,35,0,0,0,42,0,0,0,32,0,11,0,1,0,0,0,9,0,0,0,34,0,26,0,40,0,3,0,0,0,0,0,0,0,30,0,9,0,0,0,2,0,2,0,56,0,296,0,0,0,114,67,0,0,0,0,16,23,0,11,0,0,0,0,0,0,0,0,0,0,0,0,0,0,7,0,0,0,0,0,0,0,57,0,746,251,431,274,417,13,66,0,0,0,0,0,0,0,0
327,78,204,104,0,18,221,0,180,53,0,20,0,3,0,21,107,29,0,32,0,0,143,21,115,220,0,0,3,86,0,0,0,0,0,0,2,156,14,545,0,0,0,0,0,5,0,0,0,0,0,0,0,14,0,334,0,17,0,10,0,537,32,123,0,19,0,2,0,0,0,0,0,0,0,0,0,0,0,0,0,0,0,0,0,0,0,0,0,0,0,3,0,0,0,0,0,0,0,0,0,0,0,0,0,0,0,144,0,0,0,0,0,0,0,0,0,0,0,0,0,0,0,0,0,33,0,32,0,10,0,79,0,0,0,418,0,116,0,50,0,15,0,11,0,0,0,0,0,11,0,42,0,14,0,1,0,9,0,0,0,15,0,7,0,7,0,11,0,34,0,89,0,373,0,0,100,53,0,0,0,9,0,2,0,0,0,0,0,0,0,0,0,0,0,0,0,0,0,91,0,183,0,0,0,0,0,54,0,170,0,8,0,0,675,0,0,0,583,107,644,228,42,6,0
82,64,10,6,5,0,117,180,0,636,15,0,11,0,19,0,6,45,0,0,0,0,0,3,5,237,0,0,0,0,0,0,0,0,0,0,0,0,35,0,0,0,0,0,0,0,0,0,0,0,0,0,4,61,45,426,14,0,70,217,50,0,24,119,118,0,147,102,0,0,0,0,1,0,0,0,0,0,0,0,0,0,0,0,0,0,0,0,0,0,0,0,0,0,0,0,0,0,0,0,0,0,0,0,0,0,0,0,0,0,0,0,0,0,0,0,0,0,0,0,0,0,1,0,13,0,0,0,0,0,17,0,0,0,18,0,0,0,0,0,0,0,0,0,0,0,56,0,70,0,43,0,12,0,0,0,0,0,0,0,18,0,0,0,0,0,5,0,0,0,17,0,37,0,0,0,569,76,0,0,0,0,35,18,168,39,0,0,0,0,0,0,0,0,0,0,2,0,3,0,4,0,0,0,0,0,0,0,0,0,203,94,107,0,89,3,0,0,0,0,0,0,0,0,0
91,60,60,0,0,5,444,53,636,0,0,12,0,3,0,1,73,25,0,1,0,0,16,0,163,60,0,0,0,0,0,0,0,0,0,0,0,7,3,0,0,2,0,0,0,0,0,3,0,0,0,0,74,89,201,106,0,22,32,174,19,377,211,280,0,317,9,215,0,0,0,0,0,0,0,0,0,2,0,0,0,0,0,0,0,0,0,0,0,0,0,0,0,2,0,0,1,0,0,0,0,0,0,0,0,6,0,29,0,0,0,0,0,0,1,0,0,0,0,0,0,0,0,0,0,39,0,59,0,0,0,75,0,18,0,175,0,77,0,5,0,0,0,0,0,0,0,47,0,63,0,46,0,19,0,7,1,32,0,2,0,43,0,4,0,3,0,6,0,26,0,106,0,143,1,0,151,324,0,1,0,5,16,3,0,99,0,0,0,0,0,0,0,0,0,0,0,4,0,52,0,34,0,0,0,0,0,44,0,196,0,0,0,0,328,0,0,0,469,241,406,139,0,7,0
114,46,43,99,64,234,9,0,15,0,0,156,287,0,34,291,20,0,32,0,77,9,27,69,0,0,63,0,0,0,193,0,321,0,38,0,142,0,0,0,75,0,6,0,3,0,57,0,8,0,21,0,0,0,0,0,0,0,0,0,0,0,0,0,11,0,0,0,0,0,0,0,0,0,0,0,0,0,0,0,0,0,0,0,0,0,0,0,0,0,0,0,0,0,0,0,0,0,0,0,0,0,0,0,3,0,0,0,0,0,0,0,1,0,0,0,0,0,0,0,0,0,0,0,0,0,0,0,0,0,0,0,0,0,0,0,2,0,0,0,0,0,0,0,0,0,0,0,14,0,18,0,0,0,0,0,0,0,0,0,0,0,0,0,15,0,62,0,11,0,5,0,91,0,0,0,413,103,109,0,25,0,28,0,10,0,7,0,0,0,0,0,0,0,0,0,0,0,0,0,0,0,0,0,0,0,0,0,8,0,416,267,336,55,206,1,0,1,0,0,0,0,0,0,0
0,121,87,0,358,192,0,20,0,12,156,0,74,289,498,19,0,4,39,63,56,49,135,51,0,0,0,137,0,0,0,80,0,272,0,62,0,210,0,26,0,139,0,0,0,4,0,184,0,38,0,31,0,0,0,8,0,0,0,0,0,0,0,1,0,12,0,0,0,0,0,0,0,0,0,0,0,0,0,0,0,0,0,0,0,0,0,0,0,0,0,0,0,0,0,0,0,0,0,0,0,0,0,0,0,0,0,0,0,0,0,0,0,0,0,0,0,0,0,3,0,0,1,0,0,0,0,0,0,0,0,0,0,0,0,157,0,52,0,0,1,0,0,0,0,0,0,0,0,16,0,45,0,40,0,0,0,0,0,0,0,0,0,0,0,0,0,89,0,50,0,6,0,42,0,24,105,348,14,28,0,51,0,0,0,20,0,92,0,2,0,0,0,0,0,0,0,0,0,75,0,54,0,0,0,0,0,0,0,63,0,0,0,0,219,0,0,0,415,147,427,68,0,0,0
87,0,188,0,607,620,0,0,11,0,287,74,0,640,146,125,0,0,111,612,72,149,0,0,0,0,155,397,0,0,19,0,21,0,166,0,112,0,0,0,342,15,98,0,14,0,232,87,43,4,233,0,0,0,0,0,0,0,2,0,0,0,0,0,0,0,0,0,0,0,0,0,0,0,0,0,0,0,0,0,0,0,0,0,0,0,0,0,0,0,0,0,0,0,0,0,0,0,0,0,0,0,0,0,0,0,0,0,0,0,0,0,0,0,0,0,0,0,0,0,0,0,0,0,0,0,0,0,0,0,0,0,0,0,0,0,0,0,0,0,0,0,0,0,0,0,0,0,0,0,0,0,33,0,0,0,0,0,0,0,0,0,0,0,78,0,85,0,73,0,0,0,31,0,0,0,434,173,107,11,86,0,31,0,21,0,151,58,0,0,0,0,0,0,0,0,0,0,0,0,0,0,0,0,0,0,0,0,0,0,60,240,350,0,0,0,0,0,0,0,0,0,0,0,0
0,124,0,7,52,155,0,3,0,3,0,289,640,0,73,7,0,0,400,117,55,35,0,0,0,0,457,85,0,0,0,13,0,22,0,71,0,66,0,0,246,394,132,46,78,0,315,220,23,30,61,202,0,0,0,0,0,0,0,0,0,0,0,0,0,0,0,0,0,1,0,0,0,0,0,0,0,0,0,0,0,0,0,0,0,0,0,0,0,0,0,0,0,0,0,0,0,2,0,0,0,0,0,0,0,0,0,0,0,0,0,0,0,0,0,0,0,0,0,0,0,0,0,0,0,0,0,0,0,0,0,0,0,0,0,20,0,0,0,0,0,0,0,0,0,0,0,0,0,0,0,0,0,0,0,0,0,0,0,0,0,0,0,0,0,46,0,49,0,79,0,0,0,16,0,0,68,331,12,42,0,0,0,0,0,15,39,34,0,0,0,0,0,0,0,0,0,0,0,0,0,0,0,0,0,0,0,0,0,0,0,0,0,0,39,0,0,0,57,133,373,48,0,0,0
14,25,371,52,402,760,10,0,19,0,34,498,146,73,0,619,3,0,442,180,140,98,354,73,35,0,163,20,0,0,185,11,119,33,76,0,142,0,0,0,16,0,0,0,9,0,29,7,0,0,10,0,2,0,23,0,0,0,0,0,0,1,6,0,22,0,0,0,0,0,0,0,0,0,0,0,0,0,0,0,0,0,0,0,0,0,0,0,0,0,0,0,0,0,0,0,0,0,0,0,0,0,0,0,0,0,0,0,0,0,0,0,0,0,0,0,0,0,1,0,0,0,0,0,0,0,13,0,0,0,0,0,0,0,97,0,0,0,0,0,0,0,0,0,0,0,52,0,31,0,70,0,38,0,0,0,0,0,0,0,0,0,0,0,0,0,119,0,15,0,0,0,49,0,5,0,81,87,14,0,13,0,28,0,29,0,0,4,0,0,0,0,0,0,2,0,0,0,0,0,103,0,0,0,0,0,0,0,56,0,124,274,137,27,65,1,0,0,0,0,27,0,0,0,0
79,16,90,220,491,241,3,21,0,1,291,19,125,7,619,0,17,40,44,576,98,107,211,223,0,77,0,109,0,0,15,126,0,273,12,53,0,144,0,34,0,1,0,0,0,9,0,9,0,6,0,9,0,0,0,70,0,9,0,5,0,7,0,0,0,0,0,0,0,0,0,0,0,0,0,0,0,0,0,0,0,73,0,0,0,128,0,0,0,0,0,16,0,0,0,0,0,0,0,0,0,0,0,0,0,0,0,84,0,0,0,0,0,0,0,0,0,0,0,0,0,0,0,0,0,0,0,0,0,0,0,0,0,0,0,109,0,0,0,25,0,23,0,91,0,0,0,0,0,0,0,0,0,0,0,0,0,0,0,0,0,0,0,0,0,0,0,77,0,17,0,0,0,18,0,0,53,39,30,19,0,0,0,0,0,0,0,2,0,0,0,0,0,0,0,0,0,0,0,0,0,84,0,0,0,0,0,7,0,0,0,0,0,0,53,0,0,0,138,147,106,0,0,0,0
38,87,41,41,9,0,5,107,6,73,20,0,0,0,3,17,0,25,37,0,328,0,59,23,62,136,0,0,509,0,150,0,191,0,18,0,21,0,177,0,0,0,0,0,20,0,0,0,0,0,4,0,114,0,37,1,0,0,0,0,16,4,377,15,0,0,0,0,0,0,77,0,6,0,145,0,0,0,0,0,303,0,0,0,985,0,241,0,0,0,298,0,0,0,0,0,1149,0,541,1,0,0,0,0,117,0,452,0,0,0,0,0,0,0,0,0,0,0,0,0,120,0,126,0,0,0,0,0,21,0,0,0,0,0,0,0,91,0,45,0,56,0,244,0,25,0,0,0,0,2,0,0,0,0,16,0,0,0,13,0,2,0,0,0,0,0,0,0,0,0,8,0,74,1,0,0,29,10,1,0,0,0,93,0,0,0,0,0,0,0,0,0,0,0,0,0,0,0,0,0,168,0,0,0,1,0,0,0,0,0,21,261,71,13,11,0,2,0,0,0,1,0,0,0,0
47,27,35,72,0,12,56,29,45,25,0,4,0,0,0,40,25,0,0,0,0,151,62,189,44,90,0,47,2,125,0,97,0,113,0,35,0,16,0,200,0,0,0,0,0,5,0,0,0,6,0,0,1,73,0,0,0,11,0,0,0,65,16,352,0,0,0,0,0,0,0,3,0,0,0,7,0,0,0,0,0,404,0,0,0,401,0,77,0,0,0,36,0,0,0,0,0,0,0,213,0,130,0,0,0,0,0,0,0,0,0,0,0,0,0,0,0,0,0,0,0,107,0,35,0,0,0,0,0,17,0,0,0,0,0,93,0,203,0,195,0,343,0,796,0,13,0,0,0,0,0,0,0,0,0,9,0,0,0,19,0,2,0,0,0,0,0,16,0,0,0,1,0,33,0,0,0,2,0,15,0,0,7,18,0,0,0,0,0,0,0,0,0,0,0,0,0,0,0,0,0,0,0,0,0,0,0,0,0,34,0,0,0,0,0,0,0,0,18,105,47,0,0,0,0
23,0,122,0,97,357,0,0,0,0,32,39,111,400,442,44,37,0,0,361,246,51,373,0,0,0,231,238,0,0,17,0,5,0,77,0,74,0,1,0,4,8,76,0,49,0,73,51,0,2,233,0,11,0,0,0,0,0,2,0,0,0,26,0,4,0,0,0,0,0,0,0,0,0,0,0,0,0,0,0,0,0,0,0,0,0,0,0,0,0,0,0,0,0,0,0,0,0,0,0,8,0,0,0,0,0,0,0,0,0,0,0,1,0,0,0,0,0,0,0,0,0,0,0,0,0,0,0,0,0,0,0,0,0,0,0,0,0,0,0,0,0,0,0,0,0,0,0,7,0,0,0,0,0,0,0,0,0,0,0,0,0,0,0,30,0,61,0,46,0,0,0,29,0,0,0,43,29,18,4,0,0,15,0,8,0,0,20,0,0,0,0,0,0,0,0,0,0,0,0,58,0,0,0,0,0,0,0,0,0,51,283,216,0,24,0,0,0,0,0,32,1,0,0,0
0,137,0,129,97,357,0,32,0,1,0,63,612,117,180,576,0,0,361,0,84,305,0,420,0,96,195,647,0,0,0,51,0,0,11,195,0,114,0,0,104,12,70,43,35,46,127,183,0,19,46,234,0,0,0,57,0,0,0,0,0,0,0,0,0,0,0,0,0,0,0,0,0,0,0,0,0,0,0,0,0,0,0,0,0,0,0,0,0,0,0,0,0,0,0,0,0,0,0,0,0,0,0,0,0,0,0,0,0,0,0,0,0,0,0,0,0,0,0,0,0,0,0,0,0,0,0,0,0,0,0,0,0,0,0,74,0,0,0,0,0,0,0,0,0,0,0,0,0,0,0,0,0,39,0,3,0,0,0,0,0,0,0,0,0,0,0,33,0,0,0,16,0,0,0,0,17,20,0,3,0,0,0,0,0,53,11,23,0,0,0,0,0,0,0,0,0,0,0,15,0,71,0,0,0,0,0,0,0,10,0,0,0,0,64,0,0,0,87,130,167,0,0,0,0
0,17,32,15,54,143,0,0,0,0,77,56,72,55,140,98,328,0,246,84,0,32,447,11,28,7,277,36,26,0,381,0,142,0,195,0,34,0,0,0,0,0,43,0,38,0,9,0,5,0,61,0,39,0,21,0,0,0,0,0,4,0,166,0,0,0,0,0,0,0,210,0,16,0,176,0,0,0,0,0,257,0,0,0,323,0,250,0,0,0,0,0,0,0,0,0,608,0,562,0,0,0,0,0,75,0,0,0,0,0,0,0,0,0,0,0,0,0,0,0,81,0,0,0,0,0,0,0,0,0,0,0,4,0,0,0,0,0,0,0,0,0,0,0,51,0,0,0,0,0,0,0,0,0,0,0,0,0,2,0,0,0,0,0,21,0,91,0,41,0,0,0,56,0,0,0,22,0,67,3,0,0,12,0,7,0,0,0,0,0,0,0,0,0,0,0,0,0,0,0,0,0,0,0,0,0,0,0,0,0,216,604,253,0,78,0,0,0,0,0,0,0,0,0,0
4,15,0,35,52,78,0,0,0,0,9,49,149,35,98,107,0,151,51,305,32,0,2,373,0,15,8,267,0,34,0,137,3,82,0,238,0,59,0,15,5,3,0,99,2,19,8,0,0,25,0,96,0,0,0,0,0,0,0,0,0,6,0,59,0,0,0,0,0,0,0,0,0,0,0,0,0,0,0,0,0,0,0,0,0,0,0,0,0,0,0,0,0,0,0,0,0,0,0,78,0,0,0,0,0,0,0,0,0,0,0,0,0,0,0,0,0,0,0,0,0,0,0,0,0,0,0,0,0,0,0,0,0,0,0,0,0,0,0,0,0,213,0,227,0,110,0,0,0,0,0,0,0,0,0,0,0,0,0,0,0,0,0,0,0,3,0,24,0,0,0,0,0,0,0,0,2,24,4,35,0,0,0,0,1,0,0,43,0,0,0,0,0,0,0,0,0,0,0,0,0,0,0,0,0,0,0,0,0,0,1,0,3,0,58,0,0,0,142,184,101,23,0,0,0
40,520,608,318,82,107,26,143,0,16,27,135,0,0,354,211,59,62,373,0,447,2,0,181,109,109,90,5,171,0,117,0,92,0,33,0,32,0,124,0,0,0,0,0,50,0,6,0,0,0,0,0,20,0,127,0,0,0,0,0,0,0,43,0,0,1,0,0,0,0,0,0,0,0,0,0,0,0,0,0,13,0,0,0,382,0,0,0,0,0,0,0,0,0,0,0,348,0,0,0,0,0,0,0,224,0,354,0,0,0,0,0,0,0,0,0,0,0,0,0,0,0,0,0,0,0,0,0,0,0,0,0,0,0,196,0,73,0,0,0,0,0,199,0,2,0,24,0,0,0,27,0,13,0,3,0,0,0,0,0,1,0,0,0,4,0,0,1,0,0,7,0,118,8,2,0,53,60,0,0,11,0,33,6,4,0,0,0,0,0,0,0,0,0,0,0,0,0,30,0,403,0,0,0,0,0,0,0,67,0,115,393,138,51,61,0,0,0,8,0,0,1,0,0,0
112,26,115,230,82,157,0,21,3,0,69,51,0,0,73,223,23,189,0,420,11,373,181,0,0,55,0,107,0,106,0,118,6,96,0,80,0,14,0,60,0,0,0,24,0,0,0,0,0,21,0,11,0,0,0,38,0,0,0,0,0,0,0,114,3,0,0,0,0,0,0,0,0,0,0,0,0,0,0,0,0,247,0,0,0,233,0,60,0,0,0,26,0,0,0,0,0,74,0,154,0,92,0,0,0,0,0,0,0,0,0,0,0,0,0,0,0,0,0,0,0,0,0,0,0,0,0,0,0,0,0,0,0,0,0,0,0,0,0,24,0,51,0,156,0,0,0,0,0,0,0,0,0,5,0,1,0,0,0,0,0,0,0,0,0,0,0,12,0,0,0,0,0,34,0,0,0,9,0,69,0,0,9,6,0,0,0,0,0,0,0,0,0,0,0,0,0,0,0,0,0,50,0,0,0,0,0,3,0,0,0,0,0,0,27,0,0,0,84,274,54,17,0,0,0
0,95,38,12,0,0,364,115,5,163,0,0,0,0,35,0,62,44,0,0,28,0,109,0,0,144,0,0,127,0,0,0,0,0,0,0,0,0,242,2,0,0,0,0,7,0,0,0,15,0,0,0,23,2,171,15,6,0,9,0,140,0,165,37,0,4,0,0,0,0,0,0,0,0,0,0,0,0,0,0,0,0,0,0,136,0,0,0,0,0,0,0,0,0,0,0,118,0,0,0,0,1,0,0,166,0,165,0,0,0,0,0,1,0,0,0,0,0,0,0,0,0,0,0,0,0,33,0,48,0,0,0,61,0,359,0,160,0,0,0,26,0,321,0,0,0,38,0,11,0,36,0,3,0,9,0,0,0,4,0,30,0,0,0,2,0,0,0,0,0,75,0,232,0,0,0,0,0,0,0,0,0,0,18,0,0,0,0,0,0,0,0,0,0,0,0,0,0,59,0,365,0,0,0,0,0,0,0,134,0,273,90,327,0,302,6,0,0,0,0,0,0,0,0,0
219,6,120,81,0,26,215,220,237,60,0,0,0,0,0,77,136,90,0,96,7,15,109,55,144,0,0,31,0,60,0,10,4,12,0,0,0,19,19,139,0,0,0,4,0,0,0,0,0,10,0,0,4,47,30,112,0,63,0,2,5,90,52,89,5,0,0,0,0,0,0,0,0,0,0,0,0,0,0,0,0,0,0,0,0,242,0,0,0,0,0,68,0,0,0,0,0,0,0,88,0,0,0,0,0,0,0,0,0,0,0,0,0,0,0,0,0,0,0,0,0,0,0,0,0,0,0,0,0,23,0,0,0,0,0,324,0,78,0,129,0,113,0,244,1,3,0,0,0,0,0,0,0,0,1,14,0,0,0,22,0,0,0,0,0,0,0,0,0,0,0,5,4,40,0,0,31,12,0,0,0,0,21,36,0,1,0,0,0,0,0,0,0,0,0,0,0,0,0,0,0,259,0,0,0,0,0,0,0,18,0,2,0,0,33,0,0,0,47,151,92,27,0,2,0
0,0,123,0,239,115,0,0,0,0,63,0,155,457,163,0,0,0,231,195,277,8,90,0,0,0,0,443,20,0,102,1,0,0,33,0,118,0,0,0,38,85,250,9,279,23,172,251,22,10,152,0,0,0,0,0,0,0,0,0,9,0,37,0,0,0,0,0,0,0,111,0,12,0,93,0,0,0,0,0,0,0,0,0,0,0,0,0,0,0,0,0,0,0,0,0,0,0,0,0,0,0,0,0,0,0,0,0,0,0,0,0,0,0,0,0,0,0,0,0,0,0,0,0,0,0,0,0,0,0,0,0,0,0,16,0,0,0,0,0,0,0,0,0,54,0,0,0,0,0,20,0,0,0,0,0,0,0,0,0,2,0,0,0,178,0,14,0,0,0,0,0,29,0,0,0,25,29,13,0,0,0,11,0,0,0,16,40,0,0,0,0,0,0,0,0,0,0,0,0,0,0,0,0,0,0,0,0,0,0,30,702,345,0,0,0,0,18,0,0,0,0,0,0,0
0,94,0,48,0,174,0,0,0,0,0,137,397,85,20,109,0,47,238,647,36,267,5,107,0,31,443,0,0,0,0,28,0,9,0,93,0,52,0,0,476,41,86,243,107,198,619,257,35,33,38,317,0,0,0,0,0,0,0,0,0,14,0,38,0,7,0,0,0,3,0,8,0,0,0,0,0,0,0,0,0,0,0,0,0,0,0,0,0,0,0,0,0,0,0,0,0,0,0,0,0,0,0,12,0,0,0,0,0,0,0,0,0,0,0,0,0,0,0,0,0,0,0,0,0,0,0,0,0,0,0,0,0,0,0,0,0,0,0,0,0,51,0,94,0,0,0,0,0,0,0,0,0,0,0,0,0,0,0,0,0,0,0,0,0,87,0,34,0,174,0,10,0,0,0,0,0,77,7,0,0,0,0,0,0,15,49,40,0,0,0,0,0,0,0,14,0,0,0,0,0,53,0,0,0,0,0,0,0,8,0,4,0,0,48,0,0,0,62,443,478,68,0,0,7
83,0,265,0,0,0,40,3,0,0,0,0,0,0,0,0,509,2,0,0,26,0,171,0,127,0,20,0,0,0,12,0,21,0,6,0,42,0,1,0,0,0,6,0,1,0,0,0,0,0,0,0,0,0,0,0,0,0,0,0,3,0,33,0,0,0,0,0,0,0,33,0,0,0,28,0,0,0,0,0,49,0,0,0,29,0,43,0,0,0,0,0,12,0,0,0,50,0,89,0,0,0,0,0,0,0,0,0,0,0,0,0,0,0,0,0,0,0,0,0,20,0,0,0,0,0,2,0,0,0,0,0,0,0,0,0,5,0,41,0,22,0,9,0,33,0,0,0,0,0,0,0,0,0,0,0,1,0,1,0,0,0,0,0,0,0,0,0,0,0,0,0,3,0,0,0,21,0,0,0,0,0,36,0,0,0,0,0,0,0,0,0,0,0,0,0,0,0,0,0,0,0,0,0,0,0,0,0,0,0,0,31,0,0,0,0,0,0,0,0,0,0,0,0,0
0,0,0,161,0,0,0,86,0,0,0,0,0,0,0,0,0,125,0,0,0,34,0,106,0,60,0,0,0,0,0,25,0,64,0,22,0,0,0,75,0,0,0,15,0,0,0,0,0,1,0,10,0,19,0,13,0,7,0,0,0,13,0,92,0,0,0,0,0,0,0,0,0,0,0,0,0,0,0,0,0,128,0,0,0,67,0,22,0,3,0,6,0,0,0,0,0,0,0,67,0,35,0,0,0,0,0,0,0,0,0,0,0,0,0,0,0,0,0,0,0,77,0,0,0,0,0,0,0,0,0,0,0,0,0,0,1,78,0,206,0,323,0,337,0,82,0,0,0,0,0,0,0,0,0,0,0,3,0,0,0,0,0,0,0,0,0,1,0,0,0,0,0,7,0,0,0,0,0,0,0,0,0,0,0,0,0,0,0,0,0,0,0,0,0,0,0,0,0,0,0,0,0,0,0,0,0,0,0,0,0,0,0,0,0,0,0,0,6,0,0,0,0,0,0
0,0,152,0,281,0,0,0,0,0,193,0,19,0,185,15,150,0,17,0,381,0,117,0,0,0,102,0,12,0,0,0,7,0,142,0,37,0,0,0,0,0,49,0,0,0,0,0,0,0,19,0,13,0,0,0,0,0,0,0,0,0,73,0,4,0,0,0,0,0,120,0,0,0,79,0,0,0,0,0,134,0,0,0,0,0,110,0,0,0,0,0,0,0,0,0,119,0,203,0,0,0,0,0,0,0,0,0,0,0,0,0,0,0,0,0,0,0,0,0,44,0,0,0,0,0,0,0,0,0,0,0,0,0,0,0,0,0,93,0,87,0,0,0,125,0,0,0,0,0,0,0,0,0,3,0,5,0,0,0,1,0,0,0,1,0,19,0,0,0,0,0,14,0,0,0,23,0,78,0,0,0,15,0,4,0,0,0,0,0,0,0,0,0,0,0,0,0,0,0,0,0,0,0,0,0,0,0,0,0,34,116,25,0,0,0,0,0,0,0,0,0,0,0,0
0,22,1,28,0,184,0,0,0,0,0,80,0,13,11,126,0,97,0,51,0,137,0,118,0,10,1,28,0,25,0,0,0,5,0,93,0,19,0,5,0,0,0,74,1,0,0,0,0,0,0,18,0,0,0,0,0,0,0,0,0,0,0,18,0,0,0,0,0,0,0,0,0,0,0,0,0,0,0,0,0,84,0,0,0,0,0,0,0,0,0,0,0,0,0,0,0,0,0,0,0,0,0,0,0,0,0,0,0,0,0,0,0,0,0,0,0,0,0,0,0,52,0,8,0,0,0,0,0,0,0,0,0,0,0,0,0,0,0,13,0,75,0,74,0,0,0,0,0,0,0,0,0,0,0,0,0,0,0,0,0,0,0,0,0,0,0,5,0,0,0,1,0,8,0,0,0,16,0,36,0,1,0,0,0,0,0,9,0,0,0,0,0,0,0,0,0,0,0,0,0,0,0,0,0,0,0,0,0,0,0,0,0,0,0,0,0,0,29,70,35,0,0,0,0
210,7,396,8,439,7,0,0,0,0,321,0,21,0,119,0,191,0,5,0,142,3,92,6,0,4,0,0,21,0,7,0,0,0,0,0,165,0,2,0,0,0,7,0,10,0,0,0,0,0,1,0,0,0,0,0,0,0,0,0,11,0,28,0,0,0,0,0,0,0,20,0,0,0,0,0,0,0,0,0,0,0,0,0,0,0,0,0,0,0,0,0,0,0,16,0,0,0,0,0,0,0,0,0,0,0,0,0,0,0,0,0,0,0,0,0,0,0,0,0,0,0,0,0,0,0,0,0,0,0,0,0,0,0,0,0,0,0,84,0,26,0,0,0,47,0,0,0,0,0,0,0,0,0,18,0,33,0,0,0,0,0,0,0,0,0,40,0,0,0,6,0,9,0,1,0,63,4,181,0,0,0,94,0,3,0,0,0,0,0,0,0,0,0,0,0,0,0,0,0,0,0,0,0,0,0,0,0,0,0,0,155,22,3,0,0,0,0,0,0,0,0,0,0,0
0,61,0,247,0,416,0,0,0,0,0,272,0,22,33,273,0,113,0,0,0,82,0,96,0,12,0,9,0,64,0,5,0,0,0,58,0,157,0,0,0,0,0,27,0,1,0,0,0,0,0,9,0,2,0,0,0,0,0,0,0,0,0,20,0,0,0,0,0,0,0,0,0,0,0,0,0,0,0,0,0,0,0,0,0,34,0,28,0,0,0,0,0,0,0,0,0,0,0,0,0,17,0,0,0,0,0,0,0,0,0,0,0,0,0,0,0,0,0,0,0,75,0,12,0,0,0,0,0,1,0,0,0,0,0,0,0,0,0,36,0,79,0,74,0,29,0,0,0,0,0,0,0,0,0,0,0,4,0,0,0,0,0,0,0,1,0,24,0,0,0,0,0,13,0,0,0,45,0,172,0,0,0,0,0,0,0,0,0,0,0,0,0,0,0,0,0,0,0,0,0,0,0,0,0,0,0,0,0,0,0,0,0,0,0,0,0,0,26,69,48,0,0,0,0
0,0,0,0,95,0,0,0,0,0,38,0,166,0,76,12,18,0,77,11,195,0,33,0,0,0,33,0,6,0,142,0,0,0,0,0,176,0,0,0,0,0,18,0,5,0,0,0,0,0,14,0,14,0,0,0,0,0,2,0,0,0,28,0,0,0,0,0,0,0,68,0,0,0,49,0,0,0,0,0,0,0,0,0,0,0,68,0,0,0,0,0,0,0,0,0,0,0,137,0,0,0,0,0,0,0,0,0,0,0,0,0,0,0,0,0,0,0,0,0,0,0,0,0,0,0,0,0,0,0,0,0,0,0,0,0,0,0,0,0,0,0,0,0,22,0,0,0,0,0,0,0,0,0,0,0,0,0,0,0,0,1,0,0,0,0,45,0,19,0,7,0,30,0,0,0,2,0,84,0,0,0,0,0,7,0,0,0,0,0,0,0,0,0,0,0,0,0,0,0,0,0,0,0,0,0,0,0,0,0,47,189,109,25,25,0,1,0,0,0,0,0,0,0,0
0,53,0,0,0,198,0,0,0,0,0,62,0,71,0,53,0,35,0,195,0,238,0,80,0,0,0,93,0,22,0,93,0,58,0,0,0,157,0,10,0,0,0,120,0,7,0,0,0,0,0,43,0,0,0,0,0,0,0,0,0,28,0,15,0,3,0,0,0,0,0,5,0,0,0,0,0,0,0,0,0,107,0,0,0,0,0,27,0,0,0,0,0,0,0,0,0,0,0,0,0,0,0,0,0,0,0,0,0,0,0,0,0,0,0,0,0,0,0,0,0,68,0,0,0,0,0,0,0,0,0,0,0,0,0,0,0,0,0,86,0,200,0,136,0,141,0,0,0,0,0,0,0,2,0,1,0,13,0,0,0,0,0,0,0,0,0,33,0,0,0,0,0,19,0,0,1,60,0,14,0,0,0,0,0,0,0,71,0,0,0,0,0,0,0,0,0,0,0,0,0,0,0,0,0,0,0,0,0,0,0,0,0,0,0,0,0,0,0,43,71,0,0,0,0
77,0,62,0,234,0,0,2,0,0,142,0,112,0,142,0,21,0,74,0,34,0,32,0,0,0,118,0,42,0,37,0,165,0,176,0,0,0,37,0,0,0,44,0,31,0,0,0,1,0,65,0,0,0,0,0,0,0,0,0,35,0,29,0,5,0,0,0,0,0,159,0,34,0,110,0,0,0,0,0,93,0,0,0,0,0,117,0,0,0,0,0,0,0,0,0,53,0,166,0,0,0,0,0,0,0,0,0,0,0,0,0,0,0,0,0,0,0,0,0,35,0,0,0,0,0,0,0,0,0,0,0,0,0,0,0,28,0,203,0,142,0,40,0,183,0,0,0,0,0,0,0,0,0,6,0,17,0,2,0,3,0,31,0,0,0,50,0,23,0,31,0,83,0,2,0,26,0,217,0,11,0,70,0,9,0,0,0,0,0,0,0,0,0,0,0,0,0,0,0,0,0,0,0,0,0,0,0,2,0,0,111,66,0,17,0,1,0,0,0,0,0,0,0,0
0,264,5,164,19,367,0,156,0,7,0,210,0,66,0,144,0,16,0,114,0,59,0,14,0,19,0,52,0,0,0,19,0,157,0,157,0,0,0,18,0,0,0,191,0,26,3,0,0,0,0,149,0,0,0,0,0,0,0,0,0,30,0,7,0,6,0,0,0,0,0,0,0,0,0,5,0,0,0,0,0,79,0,0,0,27,0,22,0,0,0,0,0,0,0,0,0,0,0,11,0,0,0,0,0,0,0,0,0,0,0,0,0,0,0,0,0,0,0,0,0,73,0,17,0,0,0,0,0,0,0,0,0,0,0,0,0,0,0,63,0,163,0,81,0,136,0,0,0,0,0,0,0,0,0,0,0,13,0,4,0,0,0,0,0,4,0,40,0,11,0,0,0,59,0,0,12,85,0,114,0,0,0,34,0,0,0,37,0,0,0,0,0,0,0,0,0,0,0,0,0,0,0,0,0,0,0,0,0,0,0,0,2,0,11,0,0,0,9,90,13,0,0,0,0
124,0,377,0,0,0,194,14,35,3,0,0,0,0,0,0,177,0,1,0,0,0,124,0,242,19,0,0,1,0,0,0,2,0,0,0,37,0,0,0,0,0,0,0,0,0,0,0,0,0,0,0,1,0,2,0,0,0,0,0,13,0,10,1,0,0,0,0,0,0,22,0,0,0,0,0,0,0,0,0,0,0,0,0,5,0,24,0,0,0,0,0,0,0,0,0,0,0,0,0,0,0,0,0,0,0,0,0,0,0,0,0,0,0,0,0,0,0,0,0,12,0,0,0,0,0,0,0,0,0,0,0,0,0,0,0,0,0,19,0,9,0,0,0,23,0,0,0,0,0,0,0,0,0,10,0,35,0,0,0,0,0,8,0,0,0,0,0,0,0,3,0,108,0,0,0,26,3,0,0,0,0,53,0,3,0,0,0,0,0,0,0,0,0,0,0,0,0,0,0,0,0,0,0,0,0,0,0,0,0,0,210,25,4,0,0,0,0,0,0,0,0,0,0,0
0,416,0,575,0,0,0,545,0,0,0,26,0,0,0,34,0,200,0,0,0,15,0,60,2,139,0,0,0,75,0,5,0,0,0,10,0,18,0,0,0,0,0,13,0,2,0,0,0,0,0,0,0,4,0,15,0,6,0,0,0,43,0,32,0,0,0,0,0,0,0,0,0,0,0,0,0,0,0,0,0,0,0,0,0,29,0,0,0,0,0,0,0,0,0,0,0,0,0,0,0,0,0,0,0,0,0,0,0,0,0,0,0,0,0,0,0,0,0,0,0,0,0,0,0,0,0,0,0,0,0,0,0,0,0,0,0,0,0,93,0,50,0,0,0,111,0,0,0,0,0,0,0,5,0,9,0,61,0,22,0,0,0,0,0,0,0,4,0,0,0,3,0,7,0,0,0,0,0,63,0,8,0,44,0,0,0,0,0,0,0,0,0,0,0,0,0,0,0,0,0,0,0,0,0,0,0,0,0,0,0,0,0,0,0,0,0,0,0,25,0,0,0,0,0
25,0,75,0,188,0,0,0,0,0,75,0,342,246,16,0,0,0,4,104,0,5,0,0,0,0,38,476,0,0,0,0,0,0,0,0,0,0,0,0,0,143,16,21,11,41,103,456,116,25,4,35,0,0,0,1,0,0,0,0,0,0,0,0,0,0,0,0,0,0,0,0,0,0,0,0,1,0,0,0,0,0,0,0,0,0,0,0,0,0,0,0,0,0,0,0,0,0,0,0,0,0,0,0,0,0,0,0,0,0,0,0,0,0,0,0,0,0,0,0,0,0,0,0,0,0,0,0,0,0,0,0,0,0,0,0,0,0,0,0,0,0,0,0,0,0,0,0,6,0,0,0,0,0,0,0,0,0,0,0,0,0,0,0,0,0,0,0,0,0,0,0,0,0,0,0,60,77,9,0,0,0,2,0,0,0,243,34,0,0,0,0,0,0,0,0,0,0,0,0,0,0,0,0,0,0,0,0,0,0,0,83,28,0,3,0,0,15,0,12,0,0,0,0,0
0,28,0,0,0,58,0,0,0,2,0,139,15,394,0,1,0,0,8,12,0,3,0,0,0,0,85,41,0,0,0,0,0,0,0,0,0,0,0,0,143,0,0,18,148,0,346,311,139,221,4,17,0,0,0,0,0,0,0,0,0,0,0,0,0,0,0,0,0,1,0,0,0,0,0,0,0,0,0,0,0,0,0,0,0,0,0,0,0,0,0,0,0,0,0,0,0,0,0,0,0,0,0,0,0,0,0,1,0,0,0,0,0,0,0,0,0,0,0,0,0,0,0,0,0,0,0,0,0,0,0,0,0,0,0,0,0,0,0,0,0,0,0,0,0,0,0,0,0,0,0,0,0,0,0,0,0,0,0,0,0,0,0,0,9,6,0,0,0,0,0,0,0,0,0,0,0,221,0,81,0,0,0,6,0,0,71,28,0,0,0,0,0,0,0,0,0,0,0,0,0,0,0,0,0,0,0,0,0,0,0,11,2,0,0,0,0,0,0,62,14,0,0,0,31
0,0,0,0,4,57,0,0,0,0,6,0,98,132,0,0,0,0,76,70,43,0,0,0,0,0,250,86,6,0,49,0,7,0,18,0,44,0,0,0,16,0,0,0,168,0,138,0,6,0,29,0,1,0,1,0,0,0,0,0,0,0,0,0,0,0,0,0,0,0,20,0,0,0,20,0,1,0,0,0,0,0,0,0,0,0,0,0,0,0,0,0,0,0,0,0,0,0,43,0,0,0,0,0,0,0,0,0,0,0,0,0,0,0,0,0,0,0,0,0,0,0,0,0,0,0,0,0,0,0,0,0,0,0,0,0,0,0,0,0,0,0,0,0,0,0,0,0,0,0,0,0,0,0,0,0,0,0,0,0,0,0,0,0,93,0,40,0,28,0,4,0,23,0,0,0,64,39,40,0,0,0,2,0,0,0,176,6,0,0,0,0,0,0,0,0,0,0,0,0,0,0,0,0,0,0,0,0,0,0,60,267,148,20,15,1,0,5,0,0,0,0,0,0,0
0,0,1,0,0,0,0,0,0,0,0,0,0,46,0,0,0,0,0,43,0,99,0,24,0,4,9,243,0,15,0,74,0,27,0,120,0,191,0,13,21,18,0,0,8,178,53,63,6,10,0,84,0,1,0,0,0,0,0,0,0,24,0,0,0,0,0,0,0,0,0,11,0,0,0,0,0,0,0,0,0,0,0,0,0,48,0,0,0,0,0,0,0,0,0,0,0,0,0,29,0,0,0,0,0,0,0,0,0,0,0,0,0,0,0,0,0,0,0,0,0,0,0,33,0,0,0,0,0,0,0,0,0,0,0,7,0,0,0,0,0,150,0,109,0,116,0,0,0,0,0,0,0,0,0,0,0,0,0,0,0,0,0,0,0,47,0,32,0,0,0,9,0,20,0,0,0,130,0,0,0,0,0,0,0,0,7,69,0,0,0,0,0,0,0,0,0,0,0,0,0,0,0,0,0,0,0,0,0,0,0,0,0,0,25,0,0,0,45,71,92,0,0,0,0
4,0,15,0,0,0,0,0,0,0,3,0,14,78,9,0,20,0,49,35,38,2,50,0,7,0,279,107,1,0,0,1,10,0,5,0,31,0,0,0,11,148,168,8,0,33,192,251,160,64,80,0,0,0,7,0,0,0,0,0,0,0,0,0,3,0,0,0,0,0,34,0,0,0,0,0,0,0,0,0,0,0,27,0,0,0,0,0,0,0,0,0,27,0,48,0,0,0,0,0,0,0,0,0,0,0,0,0,0,0,0,0,0,0,0,0,0,0,0,0,11,0,0,0,0,0,0,0,0,0,0,0,0,0,0,0,0,0,0,0,0,0,0,0,0,0,0,0,0,0,0,0,0,0,1,0,0,0,0,0,0,0,0,0,335,0,41,0,63,0,5,0,40,0,0,0,28,32,24,0,0,0,1,0,10,0,57,8,0,0,0,0,0,0,1,0,0,0,0,0,0,0,0,0,0,0,0,0,4,0,19,244,179,7,10,0,0,105,0,13,4,0,0,0,0
0,0,0,0,0,0,0,5,0,0,0,4,0,0,0,9,0,5,0,46,0,19,0,0,0,0,23,198,0,0,0,0,0,1,0,7,0,26,0,2,41,0,0,178,33,0,91,127,36,291,0,145,0,0,0,0,0,0,0,0,0,0,0,0,0,0,0,0,0,17,0,26,0,2,0,26,0,11,0,0,0,100,0,58,0,38,0,45,0,21,0,0,0,16,0,47,0,0,0,0,0,0,0,28,0,0,0,10,0,0,0,0,0,0,0,0,0,2,0,0,0,0,0,31,0,0,0,0,0,0,0,0,0,0,0,0,0,0,0,3,0,27,0,33,0,48,0,3,0,0,0,0,0,0,0,0,0,0,0,0,0,0,0,10,0,304,0,20,0,323,0,24,0,18,0,0,0,42,0,0,0,0,0,0,0,0,0,0,0,0,0,0,0,0,0,21,0,1,0,0,0,0,0,0,0,8,0,0,0,0,0,0,0,0,14,0,0,0,21,232,365,20,0,0,81
39,0,67,0,119,0,0,0,0,0,57,0,232,315,29,0,0,0,73,127,9,8,6,0,0,0,172,619,0,0,0,0,0,0,0,0,0,3,0,0,103,346,138,53,192,91,0,820,190,83,13,37,0,0,0,0,0,0,0,0,0,0,0,0,0,0,0,0,0,0,0,0,0,0,0,0,0,0,0,0,0,0,0,0,0,0,0,0,0,0,0,0,0,0,0,0,0,0,0,0,0,0,0,0,0,0,0,0,0,0,0,0,0,0,0,0,0,0,0,0,0,0,0,0,0,0,0,0,0,0,0,0,0,0,0,0,0,0,0,0,0,0,0,0,0,0,0,0,6,0,0,0,0,0,0,0,0,0,0,0,0,0,0,0,86,0,0,0,0,0,0,0,0,0,0,0,47,91,28,0,0,0,0,0,0,0,151,44,0,0,0,0,0,0,0,0,0,0,0,0,0,0,0,0,0,0,0,0,0,0,0,341,103,0,1,0,0,70,0,17,0,0,0,0,0
0,67,0,0,0,114,0,0,0,3,0,184,87,220,7,9,0,0,51,183,0,0,0,0,0,0,251,257,0,0,0,0,0,0,0,0,0,0,0,0,456,311,0,63,251,127,820,0,247,219,8,22,0,0,0,0,0,0,0,0,0,0,0,0,0,0,0,0,0,0,0,0,0,0,0,0,0,0,0,0,0,0,0,0,0,0,0,0,0,0,0,0,0,4,1,0,0,0,0,0,0,0,0,6,0,0,0,0,0,0,0,0,0,0,0,0,0,0,0,0,0,0,0,0,0,0,0,0,0,0,0,0,0,0,0,0,0,0,0,0,0,0,0,0,0,0,0,0,0,0,0,0,0,0,0,0,0,0,0,0,0,0,0,0,11,0,0,0,0,0,0,0,0,0,0,0,0,86,0,10,0,17,0,0,0,0,109,12,0,0,0,0,0,0,0,0,0,0,0,0,0,0,0,0,0,0,0,4,0,0,0,12,0,0,0,0,0,0,0,379,80,0,0,0,81
23,0,25,0,13,0,15,0,0,0,8,0,43,23,0,0,0,0,0,0,5,0,0,0,15,0,22,35,0,0,0,0,0,0,0,0,1,0,0,0,116,139,6,6,160,36,190,247,0,85,1,0,0,0,21,0,11,0,4,0,1,0,1,0,0,0,0,0,40,0,0,0,0,0,0,0,0,0,0,0,0,0,43,0,0,0,5,0,12,0,0,0,45,2,101,0,1,0,1,0,14,0,21,3,0,0,11,0,0,0,0,0,0,0,0,0,0,0,0,0,0,0,3,0,0,1,0,0,0,0,0,0,0,0,21,0,5,0,0,0,8,0,14,0,1,0,0,0,3,0,0,0,6,0,0,0,0,0,7,0,12,0,1,0,40,0,7,0,9,0,3,0,15,0,2,0,53,55,18,1,6,0,2,0,0,0,149,4,36,3,30,0,45,0,34,2,0,0,47,0,30,0,42,0,25,0,0,0,4,0,103,112,150,0,118,1,2,32,5,9,19,8,0,0,0
0,7,0,16,0,0,0,0,0,0,0,38,4,30,0,6,0,6,2,19,0,25,0,21,0,10,10,33,0,1,0,0,0,0,0,0,0,0,0,0,25,221,0,10,64,291,83,219,85,0,0,0,0,0,0,0,0,0,0,0,0,0,0,10,0,2,0,0,0,1,0,0,0,0,0,0,0,0,0,0,0,0,0,8,0,0,0,0,0,5,0,0,0,4,0,8,0,0,0,0,0,0,0,3,0,0,0,6,0,0,0,0,0,0,0,0,0,0,0,0,0,4,0,0,0,0,0,0,0,0,0,0,0,0,0,0,0,0,0,0,0,0,0,0,0,0,0,0,0,0,0,2,0,0,0,0,0,0,0,0,0,0,0,0,0,27,0,2,0,7,0,0,0,3,0,0,0,149,0,35,0,7,0,12,0,10,23,61,0,3,0,0,0,1,0,1,0,0,0,0,0,0,0,0,0,0,0,0,0,0,0,6,2,0,3,0,0,4,17,22,0,6,0,0,20
2,0,0,0,39,0,0,0,0,0,21,0,233,61,10,0,4,0,233,46,61,0,0,0,0,0,152,38,0,0,19,0,1,0,14,0,65,0,0,0,4,4,29,0,80,0,13,8,1,0,0,0,0,0,0,0,0,0,6,0,0,0,9,0,0,0,1,0,2,0,16,0,8,0,22,0,4,0,0,0,16,0,0,0,0,0,30,0,0,0,0,0,0,0,37,0,0,0,29,0,7,0,0,0,0,0,0,0,0,0,0,0,0,0,0,0,0,0,0,0,0,0,0,0,0,0,0,0,0,0,0,0,0,0,0,0,0,0,2,0,3,0,0,0,7,0,0,0,0,0,0,0,0,0,1,0,0,0,0,0,3,0,0,0,84,0,46,0,85,2,2,0,56,0,0,0,32,11,75,0,0,0,12,0,5,0,122,0,0,0,0,0,0,0,0,0,0,0,0,0,0,0,0,0,0,0,0,0,0,0,28,167,148,13,14,0,0,0,0,0,5,0,0,0,0
0,30,0,0,0,103,0,0,0,0,0,31,0,202,0,9,0,0,0,234,0,96,0,11,0,0,0,317,0,10,0,18,0,9,0,43,0,149,0,0,35,17,0,84,0,145,37,22,0,0,0,0,0,0,0,6,0,0,0,0,0,7,0,0,0,1,0,0,0,1,0,24,0,7,0,15,0,0,0,0,0,114,0,4,0,0,0,0,0,0,0,0,0,0,0,0,0,0,0,0,0,17,0,0,0,0,0,0,0,0,0,0,0,0,0,0,0,0,0,0,0,116,0,29,0,0,0,0,0,0,0,0,0,0,0,0,0,0,0,0,0,71,0,52,0,88,0,0,0,0,0,0,0,0,0,0,0,8,0,0,0,0,0,0,0,13,0,30,0,58,0,19,0,32,0,0,0,151,0,0,0,0,0,0,0,0,2,142,0,0,0,0,0,0,0,0,0,0,0,0,0,0,0,0,0,0,0,0,0,0,0,0,0,0,21,0,0,0,28,40,82,10,0,0,1
0,0,0,0,0,0,10,0,4,74,0,0,0,0,2,0,114,1,11,0,39,0,20,0,23,4,0,0,0,0,13,0,0,0,14,0,0,0,1,0,0,0,1,0,0,0,0,0,0,0,0,0,0,37,120,162,80,31,24,159,19,0,49,15,0,9,0,87,0,0,0,0,0,0,11,0,0,0,0,0,20,0,0,0,200,0,0,0,0,0,23,0,0,0,0,0,141,0,32,0,0,0,0,0,0,0,0,0,0,0,0,0,0,0,0,0,0,0,0,0,0,0,47,0,0,0,28,0,66,0,9,0,46,0,0,0,126,0,209,0,75,0,167,0,33,1,6,0,0,0,7,0,0,0,163,9,41,0,100,0,21,0,5,0,0,0,0,0,0,0,143,0,5,0,0,0,1,1,0,0,0,0,3,0,0,3,0,0,0,0,0,0,0,0,0,0,0,0,0,0,46,0,0,0,0,0,0,0,9,0,73,220,162,88,62,9,35,0,0,1,0,0,0,0,0
0,6,0,2,0,0,44,14,61,89,0,0,0,0,0,0,0,73,0,0,0,0,0,0,2,47,0,0,0,19,0,0,0,2,0,0,0,0,0,4,0,0,0,1,0,0,0,0,0,0,0,0,37,0,62,143,25,132,133,45,0,13,9,109,15,0,35,13,0,0,0,0,0,0,0,0,0,0,0,0,0,0,0,0,0,50,0,0,0,0,0,0,0,0,0,0,0,29,0,0,0,0,0,0,0,0,0,8,0,0,0,0,0,0,0,0,0,0,0,0,0,0,0,0,0,4,0,15,0,63,0,15,0,16,0,46,0,92,0,442,0,164,0,191,0,62,0,0,0,0,0,0,0,0,13,190,3,83,2,195,0,18,0,0,0,0,0,0,0,0,0,17,0,0,0,0,0,6,0,0,0,0,0,6,12,9,0,0,0,0,0,0,0,0,0,0,0,0,0,0,0,15,0,0,0,0,0,0,0,0,0,0,0,0,20,0,0,0,14,99,23,10,6,0,1
0,1,50,0,0,0,278,0,45,201,0,0,0,0,23,0,37,0,0,0,21,0,127,0,171,30,0,0,0,0,0,0,0,0,0,0,0,0,2,0,0,0,1,0,7,0,0,0,21,0,0,0,120,62,0,205,86,0,132,149,159,0,76,41,0,12,0,79,0,0,0,0,0,0,0,0,0,0,0,0,0,0,0,0,61,0,0,0,0,0,0,0,0,0,0,0,0,0,0,0,0,0,0,0,0,0,96,0,0,0,0,0,0,0,0,0,0,0,3,0,0,0,3,0,0,0,0,0,86,0,24,0,65,0,110,0,175,0,18,0,49,0,198,0,1,0,0,0,2,0,0,0,0,0,34,3,18,0,19,0,97,0,0,0,0,0,3,0,0,0,332,0,47,0,2,0,7,0,0,0,0,0,0,0,1,7,0,0,0,0,0,0,0,0,0,0,0,0,0,0,195,0,0,0,0,0,0,0,63,0,579,183,715,509,525,41,204,2,2,0,0,0,0,0,0
0,19,0,127,0,0,168,334,426,106,0,8,0,0,0,70,1,0,0,57,0,0,0,38,15,112,0,0,0,13,0,0,0,0,0,0,0,0,0,15,1,0,0,0,0,0,0,0,0,0,0,6,162,143,205,0,0,172,223,119,22,102,87,57,4,2,94,2,0,0,0,0,0,0,0,0,0,0,0,0,0,0,0,0,0,22,0,0,0,0,0,0,0,0,0,0,0,0,0,0,0,0,0,0,0,0,0,103,0,0,0,0,0,0,0,0,0,0,0,0,0,0,0,0,0,0,0,0,0,27,0,73,0,21,0,342,0,97,0,163,0,64,0,45,0,11,0,0,0,0,0,0,0,0,11,102,4,72,1,24,0,35,0,0,0,2,0,0,0,23,0,183,0,49,0,1,7,2,0,0,0,0,2,2,13,0,0,0,0,0,0,0,0,0,0,0,0,0,0,45,0,241,0,0,0,0,0,0,0,26,0,0,1,0,317,0,0,0,341,111,381,178,0,10,2
0,0,4,0,0,0,11,0,14,0,0,0,0,0,0,0,0,0,0,0,0,0,0,0,6,0,0,0,0,0,0,0,0,0,0,0,0,0,0,0,0,0,0,0,0,0,0,0,11,0,0,0,80,25,86,0,0,0,139,71,9,0,0,0,21,46,4,75,0,0,0,0,0,0,0,0,0,0,0,0,0,0,0,0,0,0,0,0,0,0,0,0,0,0,0,0,0,0,0,0,0,0,0,0,0,0,0,0,0,0,0,0,0,0,0,0,0,0,0,0,0,0,0,0,11,0,19,0,123,0,119,0,64,0,42,0,49,0,16,0,0,0,47,0,5,10,10,0,9,0,9,0,0,0,66,42,17,0,34,28,112,44,0,0,0,0,0,0,2,0,82,0,11,0,5,4,0,0,0,0,22,0,0,0,9,24,0,0,0,0,0,0,1,0,0,0,0,0,0,0,36,0,0,0,0,0,0,0,34,0,423,113,350,402,559,83,134,0,0,0,0,0,0,0,0
1,0,0,0,0,0,0,17,0,22,0,0,0,0,0,9,0,11,0,0,0,0,0,0,0,63,0,0,0,7,0,0,0,0,0,0,0,0,0,6,0,0,0,0,0,0,0,0,0,0,0,0,31,132,0,172,0,0,70,195,3,0,0,12,0,1,52,7,0,1,0,0,0,0,0,0,0,1,0,0,0,0,0,0,0,0,0,0,0,0,0,0,0,0,0,0,0,4,0,4,0,0,0,0,0,0,0,0,0,0,0,0,0,0,0,0,0,0,0,0,0,0,0,0,0,8,0,4,0,27,0,71,0,0,0,100,0,37,0,123,0,39,0,0,1,0,0,0,0,0,0,2,0,0,15,132,0,92,0,96,10,88,0,10,0,0,0,5,0,23,0,406,0,30,0,3,2,1,0,0,0,0,0,0,0,1,0,0,0,0,0,0,0,0,0,0,0,0,0,0,0,40,0,0,0,0,0,0,0,4,0,0,0,0,363,0,0,0,349,74,480,248,66,6,0
0,0,12,0,0,0,36,0,70,32,0,0,2,0,0,0,0,0,2,0,0,0,0,0,9,0,0,0,0,0,0,0,0,0,2,0,0,0,0,0,0,0,0,0,0,0,0,0,4,0,6,0,24,133,132,223,139,70,0,499,72,0,7,9,137,104,227,324,0,0,0,0,0,0,0,0,0,0,0,0,0,0,0,0,0,0,0,0,0,0,0,0,0,0,0,0,0,0,0,0,0,0,0,0,0,0,0,0,0,0,0,0,0,0,4,0,0,0,0,0,0,0,0,0,21,0,11,0,0,0,54,0,17,0,6,0,7,0,3,0,0,0,2,0,1,0,17,0,23,0,20,0,1,0,23,92,80,0,2,46,65,26,0,0,1,0,6,0,2,0,76,0,15,0,4,5,53,0,0,0,7,0,0,0,138,41,0,0,0,0,0,0,0,0,0,0,0,0,0,0,0,0,0,0,0,0,0,0,17,0,605,483,256,382,593,73,135,0,0,4,0,0,0,0,0
0,0,1,0,0,0,75,10,217,174,0,0,0,0,0,5,0,0,0,0,0,0,0,0,0,2,0,0,0,0,0,0,0,0,0,0,0,0,0,0,0,0,0,0,0,0,0,0,0,0,0,0,159,45,149,119,71,195,499,0,6,121,22,19,103,179,239,324,0,1,0,0,0,0,0,0,0,1,0,0,0,0,0,0,0,0,0,0,0,0,0,0,0,0,0,0,0,0,0,0,0,0,0,0,0,0,0,0,0,0,0,0,0,0,0,0,0,0,0,0,0,0,0,0,0,5,0,0,0,2,0,64,0,5,0,32,0,17,3,0,0,0,0,0,7,93,0,1,0,3,0,0,0,0,114,145,7,308,30,36,42,79,0,6,0,1,0,0,0,18,0,245,0,14,0,30,25,0,0,0,4,0,0,0,60,118,0,0,0,0,0,0,0,0,0,0,0,0,0,2,0,10,0,0,0,0,0,3,0,15,0,1,0,0,781,0,0,0,889,508,583,412,150,9,1
7,0,0,0,0,0,178,0,50,19,0,0,0,0,0,0,16,0,0,0,4,0,0,0,140,5,9,0,3,0,0,0,11,0,0,0,35,0,13,0,0,0,0,0,0,0,0,0,1,0,0,0,19,0,159,22,9,3,72,6,0,0,49,2,0,0,0,0,0,0,18,0,0,0,12,0,0,0,0,0,0,0,0,0,0,0,0,0,0,0,0,0,0,0,0,0,0,0,0,0,0,0,0,0,0,0,0,0,0,0,0,0,0,0,0,0,0,0,0,0,0,0,0,0,0,0,0,0,0,0,0,0,0,0,0,0,15,0,166,0,162,0,24,0,326,0,0,0,0,0,0,0,0,0,70,0,239,0,0,0,1,0,20,0,0,0,0,0,0,0,174,0,48,0,0,0,0,0,0,0,0,0,6,0,0,0,0,0,0,0,0,0,0,0,0,0,0,0,0,0,0,0,0,0,0,0,0,0,0,0,12,258,18,0,0,0,10,0,0,0,0,0,0,0,0
0,167,0,27,0,26,0,537,0,377,0,0,0,0,1,7,4,65,0,0,0,6,0,0,0,90,0,14,0,13,0,0,0,0,0,28,0,30,0,43,0,0,0,24,0,0,0,0,0,0,0,7,0,13,0,102,0,0,0,121,0,0,0,42,0,0,0,0,0,0,0,0,0,0,0,0,0,0,0,1,0,0,0,0,0,0,0,0,0,0,0,0,0,0,0,0,0,0,0,0,0,0,0,0,0,0,0,0,0,0,0,0,0,0,0,0,0,0,0,0,0,0,0,0,0,0,0,0,0,0,0,0,0,0,0,4,0,0,0,152,0,116,0,31,0,263,0,0,0,0,0,0,0,0,0,20,0,146,0,99,0,1,0,0,0,0,0,6,0,2,0,96,0,83,0,0,0,66,0,4,0,0,0,65,0,5,0,0,0,0,0,0,0,0,0,0,0,0,0,0,0,0,0,0,0,0,0,0,0,0,0,0,0,0,17,0,0,0,20,103,38,21,0,0,0
0,4,0,0,0,0,66,32,24,211,0,0,0,0,6,0,377,16,26,0,166,0,43,0,165,52,37,0,33,0,73,0,28,0,28,0,29,0,10,0,0,0,0,0,0,0,0,0,1,0,9,0,49,9,76,87,0,0,7,22,49,0,0,30,0,1,0,0,0,0,108,0,0,0,103,0,0,0,0,0,133,0,0,0,214,0,164,0,0,0,0,0,0,0,0,0,184,0,216,0,8,0,0,0,1,0,0,0,0,0,0,0,0,0,0,0,0,0,0,0,76,0,59,0,0,0,26,0,0,0,0,0,27,0,0,0,35,0,208,0,96,0,79,0,106,0,0,0,0,0,0,0,0,0,50,0,43,0,14,0,0,0,6,0,0,0,0,0,0,0,9,0,20,0,0,0,5,0,0,0,0,0,11,1,0,1,0,0,0,0,0,0,0,0,0,0,0,0,0,0,0,0,0,0,0,0,0,0,0,0,15,97,13,6,11,0,3,0,0,0,2,0,0,0,0
11,28,0,0,0,0,123,123,119,280,0,1,0,0,0,0,15,352,0,0,0,59,0,114,37,89,0,38,0,92,0,18,0,20,0,15,0,7,1,32,0,0,0,0,0,0,0,0,0,10,0,0,15,109,41,57,0,12,9,19,2,42,30,0,0,0,3,5,0,0,0,0,0,0,0,0,0,0,0,0,0,0,0,0,0,0,0,0,0,0,0,0,0,0,0,0,0,0,0,0,0,0,0,0,0,0,0,0,0,0,0,0,0,0,0,0,0,0,0,0,0,0,0,0,0,0,0,10,0,19,0,0,0,0,0,0,0,50,0,376,0,193,0,97,0,84,0,0,0,0,0,0,0,0,0,75,0,60,0,100,0,2,0,0,0,0,0,0,0,0,0,5,0,14,0,0,5,24,0,1,0,0,1,65,0,7,0,0,0,0,0,0,0,0,0,0,0,0,0,0,0,5,0,0,0,0,0,0,0,8,0,1,0,0,22,0,0,0,9,82,13,0,0,0,0
56,0,44,0,12,0,9,0,118,0,11,0,0,0,22,0,0,0,4,0,0,0,0,3,0,5,0,0,0,0,4,0,0,0,0,0,5,0,0,0,0,0,0,0,3,0,0,0,0,0,0,0,0,15,0,4,21,0,137,103,0,0,0,0,0,77,192,30,0,0,0,0,0,0,0,0,0,0,0,0,0,0,0,0,0,0,0,0,0,0,0,0,0,0,0,0,0,0,0,0,0,0,0,0,0,0,0,0,0,0,0,0,0,0,0,0,0,0,0,0,0,0,0,0,0,0,0,0,0,0,37,0,0,0,8,0,0,0,0,0,0,0,0,0,0,12,35,0,65,0,48,0,0,0,1,53,0,0,0,43,406,153,0,0,0,0,0,0,0,0,0,0,0,0,36,0,5,0,0,0,180,34,0,0,211,22,0,0,0,0,0,0,0,0,0,0,0,0,4,0,0,0,0,0,0,0,0,0,18,0,42,30,0,0,33,0,0,0,0,1,0,0,0,0,0
0,40,0,0,0,11,3,19,0,317,0,12,0,0,0,0,0,0,0,0,0,0,1,0,4,0,0,7,0,0,0,0,0,0,0,3,0,6,0,0,0,0,0,0,0,0,0,0,0,2,0,1,9,0,12,2,46,1,104,179,0,0,1,0,77,0,25,451,0,0,0,0,0,0,0,0,0,0,0,0,0,0,0,0,0,0,0,0,0,0,0,0,0,0,0,0,0,0,0,0,0,0,0,0,0,0,0,0,0,0,0,0,0,0,0,0,0,0,0,0,0,0,0,0,6,27,0,39,11,0,143,28,0,0,0,29,0,14,51,3,0,0,0,0,25,59,0,39,63,164,0,46,0,0,38,15,0,7,46,17,251,442,0,0,0,0,0,0,0,2,0,4,0,0,1,70,3,2,0,0,21,184,0,3,30,98,0,0,0,0,0,0,0,0,0,0,0,2,0,20,0,0,0,0,0,0,0,0,0,86,0,0,0,0,0,0,0,0,42,6,0,0,0,0,0
10,0,6,0,0,0,3,0,147,9,0,0,0,0,0,0,0,0,0,0,0,0,0,0,0,0,0,0,0,0,0,0,0,0,0,0,0,0,0,0,0,0,0,0,0,0,0,0,0,0,1,0,0,35,0,94,4,52,227,239,0,0,0,3,192,25,0,104,0,0,0,0,0,0,0,0,0,0,0,0,0,0,0,0,0,0,0,0,0,0,0,0,0,0,1,0,0,0,0,0,0,0,0,0,0,0,0,0,0,0,0,0,0,0,0,0,0,0,0,0,0,0,0,0,0,0,0,0,0,0,3,0,0,0,0,0,0,0,0,1,0,0,0,0,0,0,0,0,14,0,0,0,0,0,0,25,2,0,0,9,78,0,0,0,0,0,0,0,0,0,0,0,0,0,0,2,92,0,0,0,7,0,0,0,311,15,0,0,0,0,0,0,0,0,0,0,0,0,0,0,0,0,0,0,0,0,0,0,3,0,0,27,0,0,0,0,0,0,0,0,0,0,0,0,0
0,2,0,0,0,0,30,2,102,215,0,0,0,0,0,0,0,0,0,0,0,0,0,0,0,0,0,0,0,0,0,0,0,0,0,0,0,0,0,0,0,0,0,0,0,0,0,0,0,0,0,0,87,13,79,2,75,7,324,324,0,0,0,5,30,451,104,0,0,0,0,0,0,0,0,0,0,0,0,0,0,0,0,0,0,0,0,0,0,0,0,0,0,0,0,0,0,0,0,0,0,0,0,0,0,0,0,0,0,0,0,0,0,0,0,0,0,0,0,0,0,0,0,0,0,18,0,0,0,0,0,41,0,0,0,0,0,0,3,0,0,0,0,0,3,41,0,0,2,10,1,0,0,0,76,24,0,36,18,38,0,71,0,0,0,0,0,0,0,0,0,9,0,0,0,89,13,2,0,0,3,18,0,0,41,347,0,0,0,0,0,0,0,0,0,0,0,0,0,0,0,0,0,0,0,0,0,0,0,12,0,0,0,0,108,0,0,0,77,125,31,0,0,0,0
0,0,0,0,0,0,0,0,0,0,0,0,0,0,0,0,0,0,0,0,0,0,0,0,0,0,0,0,0,0,0,0,0,0,0,0,0,0,0,0,0,0,0,0,0,0,0,0,40,0,2,0,0,0,0,0,0,0,0,0,0,0,0,0,0,0,0,0,0,0,0,0,0,0,1,0,118,0,0,0,0,0,12,0,0,0,0,0,8,0,0,0,59,0,34,0,0,0,10,0,7,0,171,0,30,0,39,0,131,0,9,0,37,0,7,0,8,0,0,0,0,0,0,0,0,0,0,0,0,0,0,2,0,0,17,0,7,0,0,0,0,1,0,0,0,0,0,0,0,0,4,0,0,0,0,0,0,0,0,0,1,0,0,0,73,0,0,0,94,0,0,0,0,0,4,0,0,0,0,0,0,0,0,0,0,0,1,0,56,0,26,0,33,0,69,0,0,0,45,0,40,0,42,0,43,0,0,0,0,0,208,5,124,3,0,67,141,0,0,0,0,0,0,0,0
0,0,0,0,0,0,0,0,0,0,0,0,0,1,0,0,0,0,0,0,0,0,0,0,0,0,0,3,0,0,0,0,0,0,0,0,0,0,0,0,0,1,0,0,0,17,0,0,0,1,0,1,0,0,0,0,0,1,0,1,0,0,0,0,0,0,0,0,0,0,0,0,0,0,0,0,0,97,0,0,0,0,0,82,0,0,0,0,0,29,0,0,0,51,0,28,0,0,0,0,0,5,0,158,0,0,0,0,0,26,0,2,0,9,0,0,0,12,0,0,0,0,0,0,0,0,0,0,0,0,0,0,0,2,0,10,0,0,0,0,0,0,0,0,0,0,0,0,0,0,0,0,0,0,0,0,0,0,0,0,0,0,0,0,0,19,0,0,0,34,0,5,0,0,0,1,0,0,0,0,0,0,0,0,0,0,0,0,0,22,0,0,0,0,0,21,0,0,0,0,0,9,0,14,0,0,0,0,0,0,0,0,0,0,0,0,0,0,31,0,51,0,9,2,3
0,0,0,0,0,0,0,0,0,0,0,0,0,0,0,0,77,0,0,0,210,0,0,0,0,0,111,0,33,0,120,0,20,0,68,0,159,0,22,0,0,0,20,0,34,0,0,0,0,0,16,0,0,0,0,0,0,0,0,0,18,0,108,0,0,0,0,0,0,0,0,0,156,0,205,0,0,0,227,0,0,0,0,0,0,0,29,0,0,0,0,0,0,0,0,0,0,0,0,0,0,0,0,0,0,0,0,0,0,0,0,0,0,0,0,0,0,0,0,0,22,0,12,0,13,13,0,0,5,6,5,0,12,0,0,0,39,7,3,0,93,11,74,0,168,0,0,0,0,0,20,0,0,0,0,0,14,0,0,0,0,0,21,0,0,0,18,0,19,0,34,0,78,0,19,0,0,0,0,0,0,0,0,0,1,0,0,0,0,0,0,0,0,0,0,0,0,0,0,0,0,0,0,0,0,0,0,0,0,0,14,0,0,0,4,0,0,0,0,0,0,0,0,0,0
0,0,0,0,0,2,0,0,0,0,0,0,0,0,0,0,0,3,0,0,0,0,0,0,0,0,0,8,0,0,0,0,0,0,0,5,0,0,0,0,0,0,0,11,0,26,0,0,0,0,0,24,0,0,0,0,0,0,0,0,0,0,0,0,0,0,0,0,0,0,0,0,0,91,0,211,0,12,0,11,0,0,0,0,0,2,0,61,0,0,0,0,0,0,0,0,0,0,0,0,0,0,0,0,0,0,0,0,0,0,0,0,0,0,0,0,0,0,0,0,0,4,0,20,0,0,0,0,0,17,0,28,0,21,0,27,0,33,0,28,0,62,0,25,0,127,0,0,0,24,0,0,0,18,0,0,0,0,0,0,0,0,0,23,0,0,0,6,0,0,0,21,0,18,0,10,0,0,0,0,0,0,0,0,0,1,0,0,0,0,0,0,0,0,0,0,0,0,0,0,0,2,0,0,0,0,0,0,0,0,0,0,0,0,0,0,0,0,23,5,3,0,0,0,0
0,0,0,0,0,0,0,0,1,0,0,0,0,0,0,0,6,0,0,0,16,0,0,0,0,0,12,0,0,0,0,0,0,0,0,0,34,0,0,0,0,0,0,0,0,0,0,0,0,0,8,0,0,0,0,0,0,0,0,0,0,0,0,0,0,0,0,0,0,0,156,0,0,0,75,0,80,0,278,0,0,0,39,0,0,0,10,0,0,0,0,0,6,0,0,0,0,0,0,0,0,0,0,0,0,0,0,0,0,0,0,0,0,0,0,0,0,0,1,0,23,0,8,0,0,0,0,0,4,0,2,0,28,0,104,0,120,0,0,0,70,1,203,0,97,0,12,0,0,0,90,0,0,0,0,0,4,0,0,0,0,0,49,0,0,0,0,0,21,0,25,0,30,0,7,0,0,0,0,0,12,0,0,0,0,0,0,0,12,0,0,0,0,0,0,0,0,0,76,0,0,0,29,0,12,0,0,0,51,0,292,5,11,0,23,3,0,0,0,0,0,0,0,0,0
0,0,0,0,0,0,0,0,0,0,0,0,0,0,0,0,0,0,0,0,0,0,0,0,0,0,0,0,0,0,0,0,0,0,0,0,0,0,0,0,0,0,0,0,0,2,0,0,0,0,0,7,0,0,0,0,0,0,0,0,0,0,0,0,0,0,0,0,0,0,0,91,0,0,0,174,0,88,0,41,0,6,0,23,0,12,0,81,0,0,0,0,0,0,0,0,0,3,0,0,0,0,0,0,0,0,0,0,0,0,0,0,0,0,0,0,0,0,0,0,0,49,0,69,0,0,0,0,0,11,4,14,0,16,0,177,3,63,0,9,0,65,0,66,0,55,0,3,0,10,0,0,0,0,0,0,0,0,0,0,0,0,0,51,0,0,0,4,0,21,0,10,0,9,0,5,0,0,0,0,0,0,0,0,0,0,0,0,0,0,0,0,0,0,0,0,0,0,0,0,0,45,0,0,0,0,0,0,0,0,0,0,0,0,10,0,0,0,132,0,3,0,0,0,0
0,0,0,0,0,0,0,0,0,0,0,0,0,0,0,0,145,0,0,0,176,0,0,0,0,0,93,0,28,0,79,0,0,0,49,0,110,0,0,0,0,0,20,0,0,0,0,0,0,0,22,0,11,0,0,0,0,0,0,0,12,0,103,0,0,0,0,0,1,0,205,0,75,0,0,0,0,0,190,0,32,1,43,0,15,0,52,2,0,0,0,0,0,0,17,1,0,0,13,0,0,0,0,0,0,0,0,0,0,0,0,0,0,0,0,0,0,0,0,0,75,0,36,0,25,0,6,0,3,8,0,0,27,0,32,0,33,15,5,13,183,0,126,13,119,0,21,0,0,0,0,0,29,0,2,0,9,0,0,0,0,0,7,0,0,0,0,0,11,0,19,0,32,0,54,0,0,0,0,0,51,14,0,0,0,0,0,0,0,0,0,0,0,0,0,0,0,0,27,0,16,0,0,0,0,0,0,0,0,0,23,0,3,0,0,0,0,0,1,0,0,0,0,0,0
0,0,0,0,0,0,0,0,0,0,0,0,0,0,0,0,0,7,0,0,0,0,0,0,0,0,0,0,0,0,0,0,0,0,0,0,0,5,0,0,0,0,0,0,0,26,0,0,0,0,0,15,0,0,0,0,0,0,0,0,0,0,0,0,0,0,0,0,0,0,0,211,0,174,0,0,0,40,0,43,0,0,0,0,0,0,0,110,0,0,0,0,0,0,0,0,0,0,0,0,0,0,0,0,0,0,0,0,0,0,0,0,0,0,0,0,0,0,0,0,0,75,0,52,17,47,0,0,8,14,10,24,27,0,0,71,0,52,2,0,10,65,0,58,0,281,12,0,0,23,0,0,0,52,0,0,0,0,0,0,0,0,0,50,0,0,0,21,0,8,0,19,0,18,1,20,0,0,0,0,3,19,0,0,0,0,0,0,0,0,0,0,0,0,0,0,0,0,0,0,0,0,0,0,0,0,0,0,0,0,0,0,0,0,5,0,0,0,48,0,0,0,0,0,0
0,0,0,0,0,0,0,0,0,0,0,0,0,0,0,0,0,0,0,0,0,0,0,0,0,0,0,0,0,0,0,0,0,0,0,0,0,0,0,0,1,0,1,0,0,0,0,0,0,0,4,0,0,0,0,0,0,0,0,0,0,0,0,0,0,0,0,0,118,0,0,0,80,0,0,0,0,0,63,0,14,0,50,0,15,0,40,0,0,0,0,0,66,0,56,0,0,0,7,0,0,0,49,0,0,0,26,0,25,0,0,0,2,0,6,0,5,0,0,0,0,0,0,0,0,0,3,0,0,0,0,0,4,0,0,0,0,0,0,0,0,0,0,0,0,0,0,0,0,0,0,0,0,0,0,0,0,0,0,0,0,0,0,0,17,0,2,0,24,0,0,0,3,0,6,0,0,0,0,0,0,0,0,0,0,0,0,0,57,0,35,0,42,0,50,0,8,0,0,0,0,0,0,0,76,0,0,0,0,0,67,0,32,0,0,17,17,0,0,0,0,0,0,0,0
0,0,0,0,0,0,0,0,0,2,0,0,0,0,0,0,0,0,0,0,0,0,0,0,0,0,0,0,0,0,0,0,0,0,0,0,0,0,0,0,0,0,0,0,0,11,0,0,0,0,0,0,0,0,0,0,0,1,0,1,0,0,0,0,0,0,0,0,0,97,0,12,0,88,0,40,0,0,0,20,0,85,0,111,0,52,0,223,0,31,0,0,0,129,0,107,0,0,0,9,0,11,0,158,0,0,0,17,0,30,0,0,0,0,0,0,0,38,0,0,0,24,0,11,0,0,0,0,0,0,0,0,0,3,0,0,0,0,0,0,0,0,0,0,0,0,0,0,0,0,0,0,0,0,0,0,0,1,0,0,0,0,0,5,0,7,0,0,0,112,0,3,0,0,0,0,0,0,0,1,0,0,0,0,0,0,0,0,0,88,0,0,0,0,0,38,0,2,0,0,0,55,0,0,0,0,0,0,0,0,0,0,0,0,0,0,0,0,27,0,33,0,2,2,0
0,0,0,0,0,0,0,0,0,0,0,0,0,0,0,0,0,0,0,0,0,0,0,0,0,0,0,0,0,0,0,0,0,0,0,0,0,0,0,0,0,0,0,0,0,0,0,0,0,0,0,0,0,0,0,0,0,0,0,0,0,0,0,0,0,0,0,0,0,0,227,0,278,0,190,0,63,0,0,0,12,0,72,0,0,0,25,0,0,0,0,0,23,0,0,0,0,0,0,0,0,0,13,0,0,0,0,0,4,0,0,0,0,0,0,0,0,0,0,0,80,0,15,0,0,0,0,0,0,0,2,0,0,2,132,0,0,0,2,0,55,0,188,0,58,0,0,0,0,0,0,0,0,0,0,0,0,0,0,0,0,0,0,0,0,0,0,0,52,0,0,0,0,0,11,0,1,0,0,0,0,0,0,0,0,0,0,0,23,0,0,0,0,0,0,0,0,0,115,0,0,0,51,0,0,0,0,0,0,0,150,1,32,0,24,0,3,0,0,0,0,0,0,0,0
