0,347,127,92,127,0,33,129,50,27,122,0,167,0,26,18,118,89,22,0,17,3,137,87,13,226,72,0,127,0,16,0,57,6,0,0,32,7,450,20,38,0,0,0,20,0,21,0,0,0,0,0,3,1,5,9,0,0,0,2,0,0,38,16,25,0,0,0,0,0,0,0,0,0,0,0,0,0,0,0,0,0,0,0,0,3,0,0,0,0,0,0,0,0,0,0,0,0,4,0,0,0,0,0,0,0,0,0,0,0,0,0,0,0,0,0,0,0,1,0,0,0,0,0,6,0,0,0,0,0,5,0,0,0,6,0,0,0,1,0,0,0,0,4,0,0,20,0,66,0,28,0,22,0,2,0,0,0,0,0,0,0,0,0,0,0,7,0,13,0,5,0,154,1,0,0,105,42,2,0,8,0,37,7,40,0,4,0,0,0,0,0,0,0,0,0,2,0,0,0,0,0,0,0,0,0,0,0,14,0,4,0,0,0,26,0,1,0,0,0,136,9,9,0,23,0,157,4,197,3,142,0,249,6,0,0,57,7,85,3,69,0,103,0,345,3,0,0,0
347,0,347,139,57,379,0,182,96,119,38,377,0,167,3,130,118,75,0,245,10,14,184,75,269,143,0,375,23,109,8,7,20,75,0,0,5,119,35,452,0,189,0,0,0,28,0,80,0,4,1,0,0,14,0,20,0,8,0,7,0,87,32,136,0,26,0,7,0,0,0,0,0,0,0,0,0,0,0,0,0,10,0,0,0,23,0,4,0,4,0,0,0,0,0,1,0,4,0,0,0,1,0,3,0,0,0,0,0,0,0,0,0,0,1,1,0,0,0,0,0,0,0,1,0,6,0,0,0,0,0,6,0,5,0,19,0,0,0,0,0,1,0,8,0,0,0,0,0,37,0,35,0,60,0,3,0,1,0,0,1,3,0,0,0,0,0,2,0,0,1,8,3,74,0,22,33,366,0,8,0,8,17,60,0,56,0,0,0,0,0,0,0,0,0,0,0,0,0,1,0,0,0,0,0,0,0,0,0,4,0,0,0,0,0,37,0,0,0,9,10,468,0,24,2,28,12,231,11,222,0,163,0,579,1,68,2,95,0,167,0,75,0,126,4,335,0,0,0
127,347,0,90,345,52,113,86,23,15,52,65,160,0,187,49,147,79,120,8,74,0,368,106,346,139,121,0,125,0,63,0,149,0,0,0,24,0,331,27,27,0,0,0,23,0,25,0,0,0,0,0,0,1,118,0,36,2,28,3,0,6,41,0,20,0,0,0,0,0,0,0,0,0,0,0,0,0,0,0,0,0,0,0,0,0,0,0,0,0,0,0,0,0,0,1,8,0,0,0,0,0,0,0,22,0,0,0,0,0,0,0,0,0,0,0,0,0,0,0,0,0,0,0,30,0,40,0,6,0,10,0,7,0,76,0,31,0,3,0,0,0,34,1,0,0,32,0,110,0,65,0,3,0,0,0,0,0,0,0,0,1,0,0,8,0,58,0,14,1,7,0,184,0,0,0,25,43,0,0,0,0,0,3,10,0,0,0,0,0,2,0,0,0,0,0,11,0,3,0,25,0,0,0,0,0,15,0,80,0,11,0,1,0,40,0,0,0,12,0,234,0,17,1,23,0,84,0,254,10,100,0,222,4,16,1,41,0,57,0,50,0,67,0,321,0,0,0,0
92,139,90,0,37,47,0,137,10,15,28,3,0,3,16,135,43,65,0,143,17,11,58,116,35,155,0,60,0,183,8,5,16,140,0,0,0,37,10,213,0,0,0,0,0,4,0,0,0,1,0,0,0,0,1,58,0,48,0,7,0,2,0,0,0,0,0,0,0,0,0,0,0,0,0,0,0,0,0,0,0,0,0,0,0,0,0,0,0,0,0,1,0,0,0,0,0,0,0,0,0,0,0,0,0,0,0,0,0,0,0,0,0,0,0,0,0,0,0,0,0,1,0,0,0,8,0,7,0,0,0,6,0,16,0,11,0,31,0,9,0,0,0,0,0,0,0,0,0,0,0,6,0,0,0,0,0,0,0,7,0,0,0,0,0,1,0,0,0,0,0,5,0,21,0,0,5,20,0,1,0,0,6,0,0,0,0,0,0,0,0,0,0,0,0,0,0,0,0,0,0,0,0,0,0,0,0,3,0,15,0,0,0,0,0,1,0,0,0,2,0,159,0,0,0,1,5,41,6,99,0,9,0,0,0,6,0,7,2,0,0,5,0,8,0,33,0,0,0
127,57,345,37,0,315,4,0,40,0,63,137,263,110,247,198,29,11,136,133,205,48,160,54,28,0,169,33,13,10,137,11,184,27,80,2,104,13,28,0,81,0,0,0,17,0,44,0,2,1,78,0,0,0,0,0,0,0,0,1,0,0,0,1,12,0,0,0,0,0,0,0,0,0,0,0,0,0,2,0,8,0,0,0,0,0,0,0,0,0,5,0,0,0,0,0,0,0,0,0,0,0,0,0,0,0,0,0,0,0,0,0,0,0,0,0,0,0,0,0,0,0,0,0,0,0,12,0,0,0,0,0,0,0,4,0,0,0,0,0,0,0,0,0,0,0,0,0,27,0,28,0,0,0,0,0,0,0,0,0,3,0,0,0,16,0,86,0,18,0,4,0,45,0,19,0,140,80,12,0,36,0,12,0,25,0,4,0,0,0,0,0,0,0,0,0,2,0,0,0,0,0,0,0,0,0,0,0,0,0,2,0,0,0,0,0,0,0,19,7,155,7,0,0,68,0,244,7,192,0,70,0,0,0,0,0,45,3,48,0,11,0,62,0,0,0,0,0,0
0,379,52,47,315,0,0,89,0,10,158,169,259,158,460,156,0,7,130,160,264,97,93,43,0,1,0,290,0,163,128,127,65,293,38,47,61,174,0,0,4,61,0,0,0,7,0,24,1,5,13,17,0,1,0,9,0,4,0,5,0,0,0,5,0,0,0,1,0,0,0,0,0,0,0,0,0,0,0,0,0,0,0,0,0,0,0,0,0,0,0,0,0,0,0,0,0,0,0,0,0,0,0,0,0,0,0,0,0,0,0,0,0,0,0,0,0,0,0,0,0,0,0,0,0,0,0,0,0,0,0,0,0,0,0,0,0,0,0,0,0,0,0,26,0,0,0,0,1,0,0,0,0,22,0,0,0,0,0,0,0,0,0,3,0,3,0,23,0,7,0,9,2,13,0,14,16,326,48,37,0,20,0,13,0,9,8,17,0,0,0,0,0,0,0,0,0,0,0,0,0,0,0,0,0,0,0,0,0,0,0,0,0,0,0,0,0,0,0,0,0,264,0,12,0,70,13,221,0,323,0,120,1,198,0,18,1,61,0,44,0,24,2,57,0,110,0,0,0
33,0,113,0,4,0,0,98,96,254,2,0,0,0,10,0,11,0,0,0,4,0,8,6,252,136,6,0,39,0,0,0,0,0,0,0,0,0,107,0,0,0,0,0,0,0,0,0,8,0,0,0,130,25,277,40,31,14,36,14,178,7,215,52,28,0,40,22,0,0,0,0,0,0,0,0,0,0,0,0,0,0,0,0,0,0,0,0,0,0,0,0,0,0,0,0,0,0,0,0,0,0,0,0,0,0,6,0,0,0,0,0,0,0,0,2,0,0,0,0,0,0,0,0,13,0,33,1,0,0,36,1,2,0,7,0,0,0,0,0,0,0,8,0,1,0,27,0,34,0,26,0,1,0,1,0,0,3,0,0,18,0,0,0,0,0,0,0,20,0,76,0,163,0,2,0,19,27,0,0,0,0,0,0,1,5,0,0,0,0,0,0,0,0,0,0,0,0,0,0,0,0,0,0,0,0,0,0,24,0,0,0,0,1,259,0,0,0,28,0,307,4,36,0,79,2,103,2,200,0,126,0,290,0,20,4,25,0,143,0,75,0,57,0,422,1,0,0,0
129,182,86,137,0,89,98,0,294,50,0,21,0,18,0,43,14,11,0,154,0,24,5,35,145,375,0,140,0,66,0,0,0,0,0,0,0,31,14,167,0,13,0,0,0,8,0,15,0,2,0,0,0,24,96,202,2,31,0,34,0,65,28,318,0,2,0,0,0,0,0,0,0,0,0,0,0,0,0,2,0,0,0,0,0,2,0,2,0,0,0,0,0,0,0,0,0,0,0,0,0,0,0,0,0,0,0,0,0,0,0,0,0,0,0,0,0,0,0,0,0,1,0,0,0,26,0,40,0,0,0,42,3,14,0,36,0,50,0,0,0,0,0,6,0,0,0,0,0,4,0,0,0,0,0,0,0,0,0,2,0,12,0,0,0,2,0,0,0,0,0,11,11,55,4,0,13,30,0,0,0,0,4,25,0,0,0,0,0,0,0,0,0,0,0,0,1,0,0,4,0,6,0,1,0,0,0,8,0,40,0,5,0,0,1,66,0,0,1,0,9,362,0,42,1,18,3,34,0,181,0,46,6,354,0,43,0,22,0,70,0,21,0,26,7,145,0,0,0
50,96,23,10,40,0,96,294,0,627,17,0,43,0,6,0,40,29,10,0,2,0,10,7,86,327,33,1,27,0,0,0,0,0,0,0,12,4,201,6,8,0,0,0,8,0,4,0,3,0,5,0,180,52,120,170,8,30,70,60,360,0,342,73,126,0,182,82,0,0,0,0,1,0,0,0,0,0,0,0,0,0,0,0,0,0,0,0,0,0,0,0,0,0,0,0,0,0,0,0,0,0,0,0,0,0,0,0,0,0,0,0,0,0,0,0,0,0,0,0,0,0,0,0,21,0,40,0,0,0,46,0,0,0,4,0,0,0,4,0,0,0,0,0,2,0,62,0,148,0,50,0,0,0,10,0,10,3,2,0,38,1,0,0,4,0,5,0,12,0,79,0,211,1,21,0,222,82,12,0,0,0,21,2,58,24,5,0,0,0,0,0,0,0,0,0,0,0,0,0,2,0,0,0,0,0,5,0,14,0,0,0,0,0,200,0,0,0,14,0,232,2,27,0,51,0,242,2,303,0,131,0,176,7,25,1,19,0,148,0,97,0,62,0,460,0,0,0,0
27,119,15,15,0,10,254,50,627,0,0,37,0,7,0,17,0,0,0,67,0,0,0,0,164,123,0,73,0,0,0,3,0,0,0,0,0,9,0,30,0,18,0,3,0,4,0,5,0,0,1,0,92,81,478,120,0,51,0,43,8,114,30,382,0,111,37,93,0,0,0,0,0,1,0,0,0,0,0,0,0,0,0,0,0,0,0,0,0,0,0,0,0,0,0,0,0,0,0,0,0,0,0,0,0,0,0,0,0,0,0,0,0,0,0,0,0,0,0,0,0,0,0,0,0,48,0,38,0,0,0,29,0,0,0,25,0,21,0,0,0,0,0,2,0,0,0,41,0,113,0,32,0,7,0,6,1,23,0,0,1,9,0,0,0,1,0,0,0,8,0,13,0,25,8,3,113,267,0,5,0,1,0,63,4,108,0,0,0,0,0,0,0,1,0,0,0,0,0,6,0,0,0,0,0,0,0,16,0,41,0,6,0,0,0,112,0,0,0,0,0,218,1,19,0,11,11,63,19,153,1,92,4,416,4,47,0,22,0,155,0,42,2,33,5,306,0,0,0
122,38,52,28,63,158,2,0,17,0,0,47,163,0,69,123,0,9,15,15,56,10,39,58,0,3,31,0,0,8,76,0,132,21,10,0,89,5,11,3,31,0,0,0,9,0,13,0,7,0,8,0,0,0,0,0,0,0,0,0,0,0,0,0,4,0,0,0,0,0,0,0,0,0,1,0,0,0,0,0,0,0,0,0,0,0,0,0,0,0,0,0,0,0,0,0,0,0,0,0,0,0,0,0,0,0,0,0,0,0,0,0,0,0,0,0,0,0,0,0,0,0,0,0,0,0,0,0,0,0,0,0,0,0,0,0,0,0,0,0,0,0,0,0,0,0,7,0,13,0,19,0,47,0,0,0,0,0,0,0,1,0,0,0,0,0,40,0,0,0,0,0,0,0,0,0,78,44,20,0,20,0,44,0,35,0,12,0,0,0,0,0,0,0,0,0,0,0,0,0,0,0,0,0,0,0,0,0,1,0,0,0,0,0,3,0,0,0,8,0,86,8,3,0,19,0,289,12,136,0,52,0,33,0,4,0,24,0,22,0,12,0,35,0,103,0,0,0,0
0,377,65,3,137,169,0,21,0,37,47,0,41,391,248,19,45,12,29,37,133,17,96,10,0,0,0,77,0,75,49,13,48,121,0,6,17,73,4,63,0,140,0,0,0,9,0,39,0,0,0,4,1,0,0,5,0,0,0,0,0,0,0,2,0,5,0,0,0,0,0,0,0,0,0,0,0,0,0,0,0,0,0,0,0,0,0,0,0,0,0,0,0,0,0,0,0,0,0,0,0,0,0,0,0,0,0,0,0,0,0,0,0,0,0,0,0,0,0,0,0,0,0,0,0,0,0,0,0,0,0,0,0,0,0,0,0,7,0,2,0,0,0,0,0,0,0,0,0,14,0,46,0,61,0,0,0,4,0,0,0,0,0,0,0,0,3,6,0,0,0,0,0,11,0,31,6,328,6,49,0,48,0,32,0,44,0,7,0,0,0,0,0,0,0,0,0,0,0,0,0,0,0,0,0,0,0,0,0,5,0,0,0,1,0,0,0,0,0,4,0,156,0,0,0,22,7,64,18,93,0,86,0,143,0,7,0,35,3,43,0,7,0,28,2,64,0,0,0
167,0,160,0,263,259,0,0,43,0,163,41,0,379,46,108,0,0,82,360,87,101,21,8,0,0,83,383,0,0,38,12,9,4,207,0,41,58,0,3,133,41,60,45,20,33,52,27,12,0,166,36,0,0,0,0,0,0,0,1,0,0,0,0,5,0,0,0,0,0,0,0,0,0,0,0,0,0,0,0,0,0,0,0,0,0,0,0,0,0,0,0,0,0,0,0,0,0,0,0,0,0,0,0,0,0,0,0,0,0,0,0,0,0,0,0,0,0,1,0,0,0,0,0,0,0,0,0,0,0,0,0,0,0,0,0,0,0,0,0,0,0,0,0,0,0,0,0,40,0,30,0,73,0,1,0,0,0,0,0,0,0,0,0,29,0,19,0,0,0,0,0,11,0,41,0,259,93,30,0,58,0,45,0,50,0,103,7,0,0,0,0,0,0,0,0,0,0,0,0,0,0,0,0,0,0,0,0,0,0,0,0,0,0,0,0,0,0,170,103,28,0,10,0,169,16,99,2,43,0,11,0,0,0,4,0,15,0,4,0,0,0,13,0,27,0,0,0,0
0,167,0,3,110,158,0,18,0,7,0,391,379,0,43,8,0,0,425,117,91,37,0,0,0,0,284,64,0,0,33,19,0,3,45,89,23,133,0,0,62,290,44,81,43,18,0,88,1,7,57,108,0,0,0,0,0,0,0,0,0,0,0,0,0,2,0,0,0,0,0,0,0,0,0,0,0,0,0,0,0,0,0,0,0,0,0,0,0,0,0,0,0,0,0,2,0,0,0,0,0,0,0,0,0,0,0,0,0,0,0,0,0,0,0,0,0,0,0,0,0,0,0,0,0,0,0,0,0,0,0,0,0,0,0,1,0,2,0,0,0,0,0,2,0,0,0,0,0,1,0,0,0,0,0,0,0,0,0,0,0,0,0,0,0,11,0,1,0,13,0,0,0,0,0,3,7,359,7,3,0,19,0,6,0,8,18,88,0,0,0,0,0,0,0,0,0,0,0,0,0,0,0,0,0,0,0,2,0,4,0,0,0,0,0,0,0,0,0,132,0,13,0,13,0,140,0,76,0,73,0,0,0,0,0,2,0,5,0,1,0,3,0,6,0,0,0,0,0
26,3,187,16,247,460,10,0,6,0,69,248,46,43,0,295,44,0,154,82,257,47,163,50,123,0,130,14,2,22,122,14,125,72,50,0,48,17,0,0,0,3,4,0,10,0,8,0,0,0,33,1,0,0,12,0,0,0,0,0,0,0,6,0,6,0,0,0,0,0,0,0,0,0,0,0,0,0,0,0,0,0,0,0,0,0,0,0,0,0,0,0,0,0,0,0,0,0,0,0,0,0,2,0,0,0,0,0,0,0,0,0,0,0,0,0,0,0,0,0,0,0,0,0,0,0,0,0,0,0,0,0,0,0,0,0,0,0,0,0,0,0,0,0,0,0,0,0,27,0,0,0,12,0,0,0,0,0,0,0,0,0,0,0,6,0,32,0,7,0,0,0,9,0,0,0,44,41,9,0,9,0,6,0,6,0,0,1,0,0,0,0,0,0,0,0,0,0,0,0,8,0,0,0,1,0,0,0,3,0,0,0,0,0,0,0,0,0,0,0,32,13,0,0,5,0,131,0,51,0,8,0,0,5,0,0,0,0,13,0,10,0,13,0,43,0,0,0,0
18,130,49,135,198,156,0,43,0,17,123,19,108,8,295,0,29,42,53,449,181,164,111,108,0,18,0,73,4,43,88,54,67,86,16,0,49,23,0,19,4,0,0,7,0,13,0,0,0,8,0,0,0,4,0,104,0,86,0,0,0,1,0,15,3,8,0,0,0,0,2,0,0,0,0,0,0,0,0,0,0,0,0,0,0,6,0,3,0,0,0,0,0,0,0,0,0,0,0,0,0,0,0,0,0,0,0,0,0,0,0,0,0,0,0,0,0,0,0,0,0,0,0,0,0,0,0,4,0,5,0,0,0,22,0,31,0,47,0,0,0,7,0,16,0,1,0,0,0,20,0,12,0,13,1,19,0,0,1,8,0,9,0,3,0,0,4,3,0,0,0,0,0,2,0,0,5,32,21,0,0,0,0,2,0,19,3,0,0,0,0,0,0,0,0,0,0,0,0,0,0,0,0,0,0,0,0,0,0,0,0,0,0,0,0,0,0,0,1,1,9,61,0,0,0,0,9,274,11,30,0,30,0,52,0,5,0,14,0,19,0,11,0,15,0,39,0,0,0
118,118,147,43,29,0,11,14,40,0,0,45,0,0,44,29,0,38,215,0,282,0,79,70,181,70,44,0,55,0,72,0,48,0,7,0,4,0,70,13,0,0,0,0,20,0,0,0,0,0,0,0,45,0,86,1,7,0,0,0,2,0,115,9,0,0,0,0,0,0,6,0,0,0,9,0,0,0,0,0,101,0,0,0,81,0,54,0,0,0,217,0,0,0,0,0,274,0,234,0,14,0,0,0,0,0,81,0,0,0,0,0,0,0,0,0,0,0,0,0,89,0,109,0,0,0,0,0,74,0,0,0,37,0,43,0,89,0,74,0,42,0,273,0,0,0,0,0,0,0,0,0,0,0,42,0,0,0,35,0,15,0,0,0,0,0,6,0,1,0,0,0,7,0,0,0,20,13,0,0,0,0,26,0,0,0,0,0,0,0,0,0,0,0,0,0,0,0,0,0,17,0,0,0,0,0,0,0,18,0,0,0,0,0,0,0,0,0,0,0,17,9,0,0,0,0,129,9,21,0,9,4,0,5,0,0,0,2,3,1,8,0,0,0,0,0,0,0,0
89,75,79,65,11,7,0,11,29,0,9,12,0,0,0,42,38,0,0,23,0,50,42,58,100,120,0,0,10,170,0,0,9,16,0,3,0,9,15,167,0,0,0,0,0,3,0,0,0,0,0,0,0,5,0,29,4,46,1,3,0,0,10,93,0,0,0,0,0,0,0,0,0,0,0,0,0,0,0,0,1,1,0,0,0,16,0,5,0,0,0,0,0,0,0,0,1,9,0,0,0,0,0,0,0,0,0,0,0,0,0,0,0,0,0,0,0,0,0,0,0,0,0,0,0,10,0,0,0,21,0,16,0,64,0,54,0,145,3,41,2,18,0,40,0,3,0,0,0,0,0,0,0,0,1,28,0,0,0,0,4,5,0,0,0,1,0,0,0,1,0,0,0,3,0,0,1,14,0,3,0,0,0,13,0,0,0,0,0,0,0,0,0,0,0,0,0,0,0,0,0,0,0,0,0,0,0,0,0,4,0,0,0,1,0,0,0,0,0,0,0,25,0,0,0,1,0,154,0,21,0,0,0,23,0,0,0,0,0,0,0,3,0,6,0,16,0,0,0
22,0,120,0,136,130,0,0,10,0,15,29,82,425,154,53,215,0,0,248,239,70,189,0,238,0,152,243,36,0,23,12,0,0,139,0,58,56,5,0,8,28,19,35,7,22,15,0,2,0,233,48,0,0,0,0,0,0,0,1,0,0,36,0,2,0,0,0,0,0,39,0,0,0,0,0,0,0,0,0,171,0,0,0,36,0,109,0,0,0,0,0,0,0,0,0,0,0,0,0,0,0,0,0,0,0,71,0,0,0,0,0,0,0,0,0,0,0,0,0,127,0,66,0,0,0,0,0,0,0,0,0,0,0,0,0,0,0,0,0,0,0,0,0,0,0,12,0,30,0,4,0,0,0,0,0,0,0,0,0,4,0,0,0,21,0,26,0,0,0,0,0,9,0,0,0,21,23,2,0,0,0,0,0,0,0,12,7,0,0,0,0,0,0,0,0,0,0,0,0,0,0,0,0,0,0,2,0,0,0,0,0,0,0,0,0,0,0,82,58,0,0,0,10,147,9,135,0,27,0,0,0,0,0,5,0,0,0,12,0,0,0,9,0,0,0,0,0,0
0,245,8,143,133,160,0,154,0,67,15,37,360,117,82,449,0,23,248,0,92,101,0,86,0,15,99,156,0,6,40,122,0,29,39,157,28,145,0,0,0,9,14,14,3,30,0,18,0,21,21,49,0,9,0,99,0,83,0,0,0,3,0,31,0,39,0,0,0,0,0,0,0,2,0,1,0,0,0,0,0,18,0,0,0,56,0,0,0,0,0,0,0,0,0,0,0,0,0,2,0,0,0,0,0,0,0,0,0,0,0,0,0,0,0,0,0,0,0,0,0,0,0,0,0,18,0,23,0,0,0,0,0,0,0,77,0,116,0,13,0,13,0,65,0,0,0,21,0,0,0,26,0,0,0,0,0,0,0,0,0,0,0,0,0,6,0,3,0,7,0,2,0,0,0,0,5,22,7,1,0,0,0,3,0,51,12,5,0,0,0,2,0,0,0,0,0,0,0,4,0,16,0,2,0,0,0,13,0,26,0,0,0,0,0,0,0,0,0,53,0,30,0,0,0,92,4,144,0,116,0,23,0,46,0,0,0,7,0,12,1,4,0,0,3,21,0,0,0
17,10,74,17,205,264,4,0,2,0,56,133,87,91,257,181,282,0,239,92,0,59,127,36,147,0,40,29,87,16,128,8,41,59,23,3,21,23,6,0,0,0,6,13,0,5,0,0,0,0,48,3,5,0,0,0,7,0,0,0,2,0,49,0,0,0,0,0,0,0,11,0,0,0,19,0,0,0,0,0,89,0,0,0,25,0,0,0,0,0,100,0,0,0,0,0,101,0,197,0,0,0,0,0,0,0,0,0,0,0,0,0,0,0,0,0,0,0,0,0,77,0,50,0,2,0,0,0,0,0,0,0,0,0,0,0,0,0,0,0,13,0,83,0,17,0,0,0,0,0,0,0,0,0,5,0,0,0,0,0,7,0,3,0,18,0,41,0,14,0,0,0,27,0,4,0,35,15,17,0,0,0,0,0,0,0,11,0,0,0,0,0,0,0,0,0,0,0,0,0,0,0,0,0,0,0,0,0,0,0,1,0,0,0,0,0,0,0,25,18,64,0,0,0,92,0,270,14,82,0,61,2,0,0,8,0,33,5,18,0,14,0,54,0,74,0,0,0,0
3,14,0,11,48,97,0,24,0,0,10,17,101,37,47,164,0,50,70,101,59,0,1,155,0,30,18,93,0,50,40,13,0,76,15,29,9,59,0,2,2,0,0,36,3,22,0,1,0,9,3,64,0,0,0,51,0,56,0,0,0,4,0,119,0,0,0,0,0,0,0,0,0,0,0,0,0,0,0,0,0,50,0,0,0,130,0,0,0,0,0,0,0,0,0,0,0,36,0,0,0,0,0,0,0,0,0,5,0,0,0,0,0,0,0,0,0,0,0,0,0,32,0,14,0,0,0,0,0,11,0,0,0,31,0,133,0,259,0,110,0,85,0,182,0,35,0,0,0,0,0,0,0,0,0,4,0,5,0,0,0,3,0,0,0,9,0,9,0,4,0,0,0,6,0,0,1,22,5,0,0,0,0,0,0,0,2,0,0,0,0,0,0,0,0,0,0,0,0,0,0,0,0,0,0,0,0,0,0,0,0,0,0,0,0,2,0,0,0,46,0,86,0,7,0,108,1,259,0,143,0,49,0,60,0,5,0,18,0,9,0,15,0,11,0,36,0,0,0
137,184,368,58,160,93,8,5,10,0,39,96,21,0,163,111,79,42,189,0,127,1,0,86,188,26,51,0,15,8,13,0,31,19,0,0,4,10,65,13,0,0,0,0,17,0,0,0,0,0,2,0,0,0,41,1,18,0,9,1,0,0,8,0,2,0,0,0,0,0,1,0,0,0,0,0,0,0,0,0,0,0,0,0,6,0,0,0,0,0,22,0,0,0,0,0,25,0,12,0,0,0,0,0,0,0,8,0,0,0,0,0,0,0,0,0,0,0,0,0,0,0,0,0,7,0,0,0,0,0,0,0,4,0,26,0,21,0,0,0,1,0,0,0,1,0,6,0,16,0,0,0,0,0,0,0,0,0,0,0,0,0,0,0,0,0,22,0,0,0,1,0,23,0,0,0,9,24,0,0,0,0,11,0,2,0,0,0,0,0,1,0,0,0,0,0,0,0,0,0,8,0,0,0,0,0,0,0,23,0,0,0,0,0,0,0,0,0,0,0,29,8,0,0,2,0,81,16,77,5,15,0,25,0,2,0,2,1,9,1,7,1,0,0,34,0,0,0,0
87,75,106,116,54,43,6,35,7,0,58,10,8,0,50,108,70,58,0,86,36,155,86,0,57,50,0,23,11,88,16,4,37,32,0,0,0,3,24,16,0,1,0,6,0,5,0,0,0,2,0,6,0,3,0,57,0,87,0,14,0,0,4,70,0,0,0,0,0,0,0,0,0,0,0,0,0,4,0,0,0,7,0,0,0,42,0,3,0,12,0,0,0,0,0,2,0,15,0,0,0,0,0,0,0,0,0,0,0,0,0,0,0,0,0,0,0,0,0,0,0,8,0,0,0,9,0,0,0,15,3,8,0,38,0,85,0,140,2,18,0,13,0,71,0,0,0,0,0,0,0,0,0,0,0,11,0,0,0,0,0,0,0,0,0,0,0,2,0,0,0,0,1,3,0,0,7,8,1,1,2,2,3,0,0,1,0,0,0,0,0,0,0,0,0,0,0,0,0,0,0,5,0,0,0,0,0,0,0,6,0,0,0,0,0,1,0,0,0,1,3,61,0,0,0,0,3,401,0,57,0,44,0,68,0,3,1,24,0,17,0,12,0,13,0,32,0,0,0
13,269,346,35,28,0,252,145,86,164,0,0,0,0,123,0,181,100,238,0,147,0,188,57,0,424,28,0,62,0,20,0,0,0,0,0,0,6,123,36,1,0,0,0,20,0,4,0,2,0,6,0,65,2,321,23,102,0,39,3,36,10,300,89,0,0,0,0,0,0,0,0,0,0,0,0,0,0,0,0,0,0,0,0,24,13,5,0,5,0,72,0,0,0,0,0,75,3,0,0,3,0,0,0,0,0,47,0,0,0,0,0,0,0,0,0,0,0,0,0,2,0,0,0,0,0,11,0,29,0,0,0,30,0,91,3,100,0,0,0,0,0,170,0,0,0,0,0,5,0,7,0,0,0,5,0,0,0,9,0,12,0,0,1,2,0,12,0,7,0,4,0,76,0,0,0,0,15,0,0,0,0,0,6,0,0,0,0,0,0,3,0,0,0,0,0,0,0,0,0,45,2,0,0,1,0,7,0,60,0,7,0,0,0,53,0,1,0,8,0,143,8,11,0,13,0,81,2,106,0,16,0,158,0,6,0,0,0,19,4,9,0,0,0,98,1,0,0,0
226,143,139,155,0,1,136,375,327,123,3,0,0,0,0,18,70,120,0,15,0,30,26,50,424,0,0,3,9,42,0,0,2,6,0,1,0,0,25,50,0,0,0,0,0,0,0,0,0,0,0,0,8,6,86,83,0,18,0,2,6,12,89,107,0,0,0,0,0,0,0,0,0,0,0,0,0,0,0,0,0,0,0,0,0,3,0,0,0,0,0,0,0,0,0,0,0,0,0,0,0,0,0,0,0,0,0,0,0,0,0,0,0,0,0,0,0,0,0,0,0,0,0,0,0,0,0,0,0,0,0,4,0,9,0,7,0,8,0,0,0,0,0,5,0,0,0,0,0,3,0,0,0,0,0,10,0,0,0,6,0,1,0,1,0,0,0,0,0,0,0,0,5,3,0,0,6,8,0,0,0,0,10,12,0,15,0,0,0,0,0,0,0,0,0,0,0,0,0,0,0,0,0,0,0,0,0,1,0,0,0,1,0,0,4,4,0,0,0,1,10,61,0,2,0,1,2,116,0,31,0,0,3,47,0,2,0,1,0,4,0,0,0,0,0,14,0,0,0
72,0,121,0,169,0,6,0,33,0,31,0,83,284,130,0,44,0,152,99,40,18,51,0,28,0,0,324,11,0,9,2,0,0,25,0,31,0,0,0,19,120,138,69,37,31,13,57,1,0,229,37,3,0,0,0,3,0,4,0,0,0,9,0,0,0,0,0,0,0,8,0,0,0,6,0,0,0,0,0,0,0,0,0,0,0,0,0,0,0,0,0,0,0,0,0,0,0,0,0,0,0,0,0,0,0,0,0,0,0,0,0,0,0,0,0,0,0,0,0,0,0,0,0,0,0,0,0,0,0,3,0,0,0,0,0,0,0,0,0,0,0,0,0,0,0,0,0,59,0,0,0,0,0,0,0,0,0,0,0,0,0,0,0,44,0,7,0,0,0,0,0,9,0,0,0,17,57,2,0,0,0,0,0,17,0,54,7,0,0,0,0,0,0,0,0,0,0,0,0,0,0,0,0,0,0,0,0,0,0,0,0,1,0,0,0,0,0,284,76,0,0,11,17,199,0,16,0,20,0,0,0,4,0,0,0,5,0,0,0,2,0,0,0,0,0,0,0,0
0,375,0,60,33,290,0,140,1,73,0,77,383,64,14,73,0,0,243,156,29,93,0,23,0,3,324,0,0,0,9,11,0,0,33,74,0,48,0,0,169,32,87,145,43,82,41,35,2,7,71,124,0,4,0,0,0,19,0,0,0,0,0,0,0,31,0,0,0,1,0,0,0,0,0,0,0,0,0,0,0,0,0,0,0,20,0,13,0,3,0,0,0,0,0,0,0,0,0,0,0,0,0,0,0,0,0,0,0,0,0,0,0,0,0,0,0,0,0,0,0,0,0,0,0,0,0,0,0,0,0,0,0,0,0,0,0,47,0,0,0,0,0,17,0,1,0,0,0,0,0,27,0,0,0,0,0,0,0,0,0,0,0,0,0,19,1,0,0,18,0,0,0,0,0,0,7,94,0,2,0,0,0,2,0,24,32,13,0,0,0,0,0,0,0,4,0,0,0,0,0,0,0,0,0,0,0,5,0,26,0,0,0,0,0,0,0,0,0,307,0,0,0,78,5,77,0,143,0,38,0,0,0,0,0,0,0,0,0,4,0,0,0,2,0,0,0,0,0
127,23,125,0,13,0,39,0,27,0,0,0,0,0,2,4,55,10,36,0,87,0,15,11,62,9,11,0,0,0,90,0,17,0,31,0,71,0,12,0,0,0,33,0,2,0,0,0,0,0,19,0,5,0,1,0,0,0,0,0,0,0,25,0,0,0,0,0,0,0,4,0,0,0,0,0,0,0,0,0,17,0,0,0,4,0,9,0,1,0,9,0,0,0,0,0,11,0,31,0,0,0,0,0,0,0,6,0,0,0,0,0,0,0,0,0,0,0,0,0,29,0,0,0,0,0,0,0,8,0,0,0,0,0,0,0,13,0,16,0,13,0,36,0,5,0,0,0,0,0,0,0,0,0,3,0,0,0,0,0,0,0,0,0,0,0,1,0,0,0,0,0,0,0,0,0,10,6,0,0,0,0,22,0,0,0,0,0,0,0,0,0,0,0,0,0,0,0,0,0,0,0,0,0,0,0,0,0,0,0,0,0,0,0,0,0,0,0,0,0,2,0,0,0,5,0,55,1,0,0,0,0,0,0,0,0,2,0,0,0,2,0,2,0,4,0,0,0,0
0,109,0,183,10,163,0,66,0,0,8,75,0,0,22,43,0,170,0,6,16,50,8,88,0,42,0,0,0,0,0,111,6,19,0,73,0,70,0,14,0,0,0,0,0,0,0,0,0,0,0,0,0,0,1,28,0,22,1,0,0,13,0,95,0,0,0,0,0,0,0,0,0,0,0,0,0,0,0,0,0,4,0,0,0,18,0,0,0,0,0,0,0,0,0,0,0,6,0,0,0,0,0,0,0,0,0,1,0,0,0,0,0,0,0,0,0,0,0,0,0,0,0,0,0,0,0,0,0,4,0,0,0,20,0,39,0,98,0,28,0,11,0,27,0,3,0,0,0,0,0,0,0,0,0,0,0,2,0,2,0,0,0,0,0,0,0,0,0,0,0,0,0,0,0,0,0,20,0,1,0,0,0,2,0,4,0,0,0,0,0,0,0,0,0,0,0,0,0,0,0,6,0,0,0,0,0,0,0,0,0,0,0,0,0,0,0,0,0,0,0,10,0,0,0,0,0,62,0,0,0,0,0,0,0,3,0,0,0,2,0,0,0,0,0,0,0,0,0
16,8,63,8,137,128,0,0,0,0,76,49,38,33,122,88,72,0,23,40,128,40,13,16,20,0,9,9,90,0,0,5,30,8,28,0,35,7,13,0,0,0,26,0,2,0,0,0,1,0,37,0,0,0,0,0,0,0,0,0,0,0,27,0,0,0,0,0,0,0,5,0,1,0,0,0,0,0,0,0,24,0,0,0,6,0,18,0,0,0,31,0,0,0,0,0,28,0,54,0,0,0,0,0,0,0,0,0,0,0,0,0,0,0,0,0,0,0,0,0,20,0,12,0,0,0,0,0,0,0,0,0,0,0,0,0,0,0,4,0,0,0,0,0,2,0,0,0,0,0,0,0,0,0,0,0,2,0,0,0,0,0,0,0,13,0,112,0,0,0,0,0,13,0,0,0,48,15,18,0,0,0,0,0,4,0,4,0,0,0,0,0,0,0,0,0,0,0,0,0,0,0,0,0,0,0,0,0,0,0,0,0,0,0,2,1,0,0,2,3,71,0,0,0,15,0,195,2,98,0,33,0,20,0,2,0,21,2,16,0,8,0,27,0,52,0,0,0,0
0,7,0,5,11,127,0,0,0,3,0,13,12,19,14,54,0,0,12,122,8,13,0,4,0,0,2,11,0,111,5,0,0,36,3,13,0,16,0,3,0,0,0,5,0,0,0,0,0,0,0,14,0,0,0,3,0,3,0,0,0,0,0,17,0,0,0,0,0,0,0,0,0,0,0,0,0,0,0,0,0,0,0,0,0,0,0,0,0,0,0,0,0,0,0,1,0,0,0,0,0,0,0,0,0,0,0,1,0,0,0,0,0,0,0,0,0,0,0,0,0,0,0,0,0,0,0,0,0,0,0,0,0,5,0,0,0,18,0,28,0,9,0,4,0,9,0,0,0,0,0,0,0,0,0,0,0,0,0,0,0,0,0,0,0,1,0,3,0,4,0,0,0,0,0,0,0,9,0,0,0,0,0,0,0,0,1,2,0,0,0,0,0,0,0,0,0,0,0,0,0,0,0,0,0,0,0,0,0,0,0,0,0,1,0,0,0,0,0,9,0,43,0,0,0,34,0,115,0,77,0,33,0,22,0,0,0,12,0,0,0,0,0,4,0,15,0,0,0
57,20,149,16,184,65,0,0,0,0,132,48,9,0,125,67,48,9,0,0,41,0,31,37,0,2,0,0,17,6,30,0,0,13,51,0,151,0,1,0,0,0,15,0,0,0,0,0,0,0,6,0,0,0,0,0,0,0,0,1,6,0,0,0,0,0,0,0,0,0,8,0,0,0,4,0,0,0,0,0,0,0,0,0,0,0,9,0,2,0,20,0,0,0,0,0,6,0,32,0,0,0,0,0,0,0,0,0,0,0,0,0,0,0,0,0,0,0,0,0,12,0,9,0,0,0,0,0,0,0,0,0,0,0,0,0,0,0,2,0,0,0,0,0,5,0,0,0,7,0,0,0,0,0,2,0,2,0,0,0,0,0,3,0,2,0,42,0,0,0,0,0,16,0,0,0,47,14,0,0,11,0,42,0,0,0,0,0,0,0,0,0,0,0,0,0,0,0,0,0,0,0,0,0,0,0,0,0,0,0,2,0,0,0,0,0,0,0,0,0,43,5,1,0,5,0,213,0,69,0,18,0,0,0,0,0,0,0,8,0,0,0,11,0,16,0,0,0,0
6,75,0,140,27,293,0,0,0,0,21,121,4,3,72,86,0,16,0,29,59,76,19,32,0,6,0,0,0,19,8,36,13,0,0,16,7,119,0,3,0,0,0,6,0,0,0,0,0,0,0,6,0,2,0,10,0,5,0,0,0,14,0,21,0,2,0,0,0,0,0,0,0,0,0,0,0,0,0,0,0,3,0,0,0,0,0,0,0,0,0,0,0,0,0,0,0,0,0,0,0,0,0,0,0,0,0,0,0,0,0,0,0,0,0,0,0,0,0,0,0,0,0,0,0,0,0,0,0,0,0,0,0,0,0,11,0,24,0,6,0,0,0,0,0,6,0,0,0,0,0,4,0,0,0,0,0,1,0,2,0,0,0,0,0,0,0,3,0,0,0,0,0,1,0,2,0,54,1,7,0,0,0,7,0,0,0,0,0,0,0,0,0,0,0,0,0,0,0,0,0,0,0,0,0,0,0,0,0,0,0,0,0,0,0,0,0,0,0,2,0,41,0,0,0,6,0,232,0,45,2,8,0,31,0,0,0,0,0,9,0,0,0,7,0,18,0,0,0
0,0,0,0,80,38,0,0,0,0,10,0,207,45,50,16,7,0,139,39,23,15,0,0,0,0,25,33,31,0,28,3,51,0,0,0,48,0,2,0,0,0,17,0,1,4,0,0,0,0,74,4,0,0,0,0,0,0,0,0,2,0,2,0,0,0,0,0,0,0,14,0,0,0,0,0,0,0,0,0,40,0,0,0,0,0,9,0,0,0,16,0,0,0,0,0,14,0,59,0,0,0,0,0,0,0,0,0,0,0,0,0,0,0,0,0,0,0,0,0,0,0,0,0,0,0,0,0,0,0,0,0,0,0,0,0,0,0,0,0,0,0,11,0,0,0,0,0,0,0,0,0,0,0,0,0,0,0,0,0,0,0,0,0,5,0,23,0,7,0,0,0,4,0,0,0,23,10,76,0,0,0,0,0,4,0,80,0,0,0,0,0,0,0,0,0,0,0,0,0,0,0,0,0,0,0,0,0,0,0,1,0,0,0,0,0,0,0,12,14,22,0,0,0,48,0,73,2,34,3,14,0,0,0,0,0,6,0,0,0,0,0,6,0,17,0,0,0,0
0,0,0,0,2,47,0,0,0,0,0,6,0,89,0,0,0,3,0,157,3,29,0,0,0,1,0,74,0,73,0,13,0,16,0,0,0,10,0,3,0,0,0,1,0,1,0,0,0,0,1,18,0,0,0,6,0,0,0,0,0,3,0,7,0,0,0,0,0,0,0,0,0,0,0,0,0,0,0,0,0,0,0,0,0,0,0,0,0,0,0,0,0,0,0,0,0,0,0,0,0,0,0,0,0,0,0,0,0,0,0,0,0,0,0,0,0,0,0,0,0,0,0,0,0,0,0,0,0,0,0,0,0,2,0,0,0,16,0,12,0,2,0,8,0,2,0,0,0,0,0,0,0,0,0,0,0,0,0,0,0,0,0,0,0,0,0,0,0,0,0,0,0,0,0,0,0,15,0,0,0,0,0,0,0,0,0,0,0,0,0,0,0,0,0,0,0,0,0,0,0,0,0,0,0,0,0,0,0,0,0,0,0,0,0,0,0,0,0,10,0,4,0,0,0,36,0,29,0,6,0,0,0,0,0,0,0,0,0,0,0,0,0,0,0,4,0,0,0
32,5,24,0,104,61,0,0,12,0,89,17,41,23,48,49,4,0,58,28,21,9,4,0,0,0,31,0,71,0,35,0,151,7,48,0,0,0,36,0,2,0,42,0,9,0,0,0,0,0,47,3,11,0,1,0,6,0,7,0,25,0,62,0,0,0,3,0,0,0,39,0,0,0,25,0,1,0,0,0,111,0,0,0,17,0,75,0,0,0,39,0,0,0,0,0,0,0,131,0,0,0,0,0,0,0,11,0,0,0,0,0,0,0,0,0,0,0,0,0,112,0,62,0,0,0,0,0,26,0,0,0,0,0,0,0,0,0,77,0,47,0,58,0,46,1,0,0,0,0,0,0,0,0,47,0,11,0,43,0,0,0,10,0,9,0,53,0,23,0,0,0,22,0,0,0,26,11,12,0,8,0,10,0,0,0,42,0,0,0,0,0,0,0,0,0,0,0,0,0,0,0,0,0,0,0,0,0,0,0,0,0,0,0,5,0,0,0,11,7,48,0,0,0,71,0,146,0,115,0,17,0,13,0,0,0,14,1,11,0,6,0,9,0,29,0,0,0,0
7,119,0,37,13,174,0,31,4,9,5,73,58,133,17,23,0,9,56,145,23,59,10,3,6,0,0,48,0,70,7,16,0,119,0,10,0,0,0,39,0,0,4,27,0,0,0,0,0,0,0,17,0,0,0,9,0,0,0,1,0,24,0,42,0,0,0,0,0,0,0,1,0,0,0,0,0,0,0,1,0,17,0,0,0,31,0,8,0,0,0,0,0,0,0,0,0,0,0,0,0,0,0,0,0,0,0,0,0,0,0,0,0,0,0,1,0,0,0,0,0,11,0,4,0,0,0,0,0,0,0,0,0,13,0,0,0,101,0,110,0,60,0,53,0,51,0,0,0,0,0,0,0,0,0,0,0,12,0,10,0,0,0,0,0,5,0,1,0,1,0,0,1,3,0,0,2,94,0,3,0,0,1,17,0,0,0,26,0,1,0,0,0,0,0,0,0,0,0,0,0,0,0,0,0,0,0,0,0,0,0,0,0,0,0,0,0,0,0,24,0,23,0,0,0,109,0,298,0,128,0,17,0,23,0,0,0,9,0,3,0,0,0,4,0,13,0,0,0
450,35,331,10,28,0,107,14,201,0,11,4,0,0,0,0,70,15,5,0,6,0,65,24,123,25,0,0,12,0,13,0,1,0,2,0,36,0,0,0,0,0,6,0,0,0,0,0,2,0,3,0,10,0,3,0,0,0,0,0,15,0,38,0,1,0,0,0,0,0,7,0,0,0,5,0,0,0,0,0,24,0,0,0,6,0,0,0,0,0,9,0,0,0,0,0,0,0,31,0,0,0,0,0,0,0,0,0,0,0,0,0,0,0,0,0,0,0,0,0,21,0,34,0,0,0,0,0,17,0,0,0,1,0,0,0,0,0,22,0,22,0,37,0,0,0,0,0,8,0,5,0,0,0,8,0,3,0,10,0,0,0,0,0,0,0,0,0,0,0,2,0,54,0,6,0,74,7,0,0,0,0,77,0,16,0,0,0,0,0,0,0,0,0,0,0,0,0,0,0,0,0,0,0,0,0,0,0,0,0,0,0,0,0,7,0,0,0,0,0,39,0,2,0,2,0,279,2,22,0,11,0,30,0,0,1,0,0,5,2,8,0,6,0,22,0,0,0,0
20,452,27,213,0,0,0,167,6,30,3,63,3,0,0,19,13,167,0,0,0,2,13,16,36,50,0,0,0,14,0,3,0,3,0,3,0,39,0,0,0,0,0,0,0,0,0,0,0,0,0,0,0,3,0,29,0,4,0,0,0,59,0,80,0,0,0,0,0,0,0,0,0,0,0,0,0,0,0,0,0,0,0,0,0,1,0,1,0,0,0,0,0,0,0,0,0,0,0,0,0,0,0,0,0,0,0,0,0,0,0,0,0,0,0,0,0,0,0,0,0,0,0,1,0,0,0,0,0,3,0,0,0,10,0,7,0,36,0,65,0,21,0,11,0,25,0,0,0,0,0,0,0,0,0,6,0,7,0,6,0,0,0,0,0,0,0,0,0,0,0,0,0,6,0,0,1,89,0,7,0,0,0,35,0,0,0,0,0,0,0,0,0,0,0,0,0,0,0,0,0,0,0,0,0,0,0,0,0,0,0,0,0,0,0,0,0,0,0,0,0,7,0,0,0,0,0,190,0,0,0,0,0,28,0,0,0,0,0,11,0,3,0,5,0,12,0,0,0
38,0,27,0,81,4,0,0,8,0,31,0,133,62,0,4,0,0,8,0,0,2,0,0,1,0,19,169,0,0,0,0,0,0,0,0,2,0,0,0,0,137,44,17,33,23,15,83,44,1,7,5,0,0,0,0,0,0,0,0,0,0,0,0,0,0,0,0,0,0,0,0,0,0,0,0,0,0,0,0,0,0,9,0,0,0,0,0,0,0,0,0,0,0,0,0,0,0,0,0,0,0,0,0,0,0,0,0,0,0,0,0,0,0,0,0,0,0,0,0,2,0,0,0,0,0,0,0,0,0,0,0,0,0,0,0,0,0,0,0,0,0,0,0,0,0,4,0,7,0,0,0,5,0,0,0,0,0,0,0,0,0,0,0,25,0,0,0,15,0,0,0,0,0,5,0,16,54,4,0,5,0,3,0,0,0,78,2,0,0,0,0,0,0,0,0,0,0,0,0,0,0,0,0,0,0,0,0,0,0,0,0,0,0,0,0,0,0,379,40,0,1,77,36,36,0,0,0,0,0,0,0,0,0,0,0,0,0,0,0,0,0,0,0,0,0,0,0,0
0,189,0,0,0,61,0,13,0,18,0,140,41,290,3,0,0,0,28,9,0,0,0,1,0,0,120,32,0,0,0,0,0,0,0,0,0,0,0,0,137,0,29,38,77,30,42,75,3,40,19,28,0,0,0,0,0,0,0,0,0,0,0,0,0,3,0,0,0,1,0,0,0,0,0,0,0,0,0,0,0,0,0,2,0,0,0,1,0,0,0,0,0,0,0,0,0,0,0,0,0,0,0,0,0,0,0,0,0,0,0,0,0,0,0,0,0,0,0,0,0,0,0,0,0,2,0,0,0,0,0,0,0,0,0,0,0,0,0,0,0,0,0,0,0,0,0,0,0,6,0,3,0,0,0,0,0,0,0,0,0,0,0,0,0,3,0,0,0,0,0,0,0,0,0,1,0,123,0,7,0,5,0,2,0,1,18,3,0,0,0,0,0,0,0,0,0,0,0,0,0,0,0,0,0,0,0,0,0,0,0,0,0,0,0,0,0,0,97,125,0,0,17,284,0,0,0,4,0,0,0,0,0,0,0,0,0,0,0,0,0,0,0,0,0,1,0,0,0
0,0,0,0,0,0,0,0,0,0,0,0,60,44,4,0,0,0,19,14,6,0,0,0,0,0,138,87,33,0,26,0,15,0,17,0,42,4,6,0,44,29,0,15,187,0,32,19,3,0,74,3,0,0,0,0,0,0,0,0,3,0,7,0,0,0,0,0,0,0,0,0,0,0,4,0,0,0,1,0,12,0,0,0,0,0,0,0,0,0,0,0,0,0,0,0,8,0,0,0,0,0,0,0,0,0,0,0,0,0,0,0,0,0,0,0,0,0,0,0,0,0,0,0,0,0,0,0,0,0,0,0,0,0,0,0,0,0,0,0,0,0,4,0,0,0,0,0,3,0,0,0,0,0,0,0,0,0,0,0,0,0,6,0,27,0,8,0,21,0,9,0,8,0,0,0,6,7,0,0,0,0,0,0,0,0,40,0,0,0,0,0,0,0,0,0,0,0,0,0,0,0,0,0,0,0,0,0,0,0,0,0,0,0,0,0,0,0,200,27,14,0,16,6,86,0,15,0,42,0,6,0,0,0,9,0,3,0,3,0,1,0,0,0,0,0,0,0,0
0,0,0,0,0,0,0,0,0,3,0,0,45,81,0,7,0,0,35,14,13,36,0,6,0,0,69,145,0,0,0,5,0,6,0,1,0,27,0,0,17,38,15,0,6,36,6,5,0,12,0,25,0,0,0,0,0,0,0,0,0,1,0,8,0,0,0,0,0,0,0,0,0,0,0,0,0,0,0,0,0,16,0,3,0,28,0,0,0,0,0,0,0,0,0,0,0,6,0,0,0,0,0,0,0,0,0,0,0,0,0,0,0,0,0,0,0,0,0,0,0,14,0,0,0,0,0,0,0,0,0,0,0,0,0,0,0,29,0,0,0,0,0,32,0,8,0,0,0,0,0,1,0,0,0,0,0,0,0,1,0,0,0,0,0,19,0,1,0,20,0,0,0,0,0,0,0,27,0,0,0,0,0,0,0,0,0,16,0,0,0,0,0,0,0,0,0,0,0,0,0,0,0,0,0,0,0,0,0,0,0,0,0,1,0,0,0,0,0,115,0,10,0,33,0,61,0,23,0,43,0,0,0,4,0,0,0,0,0,2,0,0,0,0,0,0,0,0,0
20,0,23,0,17,0,0,0,8,0,9,0,20,43,10,0,20,0,7,3,0,3,17,0,20,0,37,43,2,0,2,0,0,0,1,0,9,0,0,0,33,77,187,6,0,15,79,32,5,0,70,3,0,0,0,0,0,0,0,0,0,0,4,0,4,0,0,0,4,0,0,0,0,0,5,0,2,0,9,0,13,0,15,0,3,0,47,0,3,0,18,0,0,0,11,0,0,0,0,0,4,0,5,0,0,0,0,0,0,0,0,0,0,0,0,0,0,0,0,0,13,0,11,0,0,0,0,0,0,0,0,0,0,0,0,0,0,0,0,0,0,0,13,0,0,0,7,2,11,0,0,0,0,0,0,0,0,0,0,0,0,0,0,0,111,0,6,0,75,0,2,0,0,0,0,0,4,7,1,0,0,0,2,0,3,0,29,1,0,0,0,0,5,0,1,0,8,0,0,0,0,0,0,0,0,0,0,0,0,0,0,0,0,0,0,0,0,0,150,0,8,0,82,22,107,0,8,0,16,0,0,0,0,0,0,0,0,0,0,0,0,0,0,0,0,0,0,0,0
0,28,0,4,0,7,0,8,0,4,0,9,33,18,0,13,0,3,22,30,5,22,0,5,0,0,31,82,0,0,0,0,0,0,4,1,0,0,0,0,23,30,0,36,15,0,8,57,0,20,11,24,0,0,0,6,0,0,0,0,0,0,0,0,0,0,0,3,0,4,0,0,0,1,0,1,0,8,0,3,0,0,0,2,0,0,0,15,0,1,0,0,0,0,0,0,0,0,0,0,0,0,0,2,0,2,0,3,0,0,0,0,0,0,0,0,0,1,0,0,0,0,0,0,0,0,0,0,0,0,0,1,0,0,0,0,0,6,0,1,0,0,0,0,0,2,0,0,0,5,0,0,0,3,0,0,0,0,0,0,0,1,0,0,0,11,0,0,0,41,0,1,0,0,0,0,0,20,0,0,0,0,0,0,0,0,2,15,0,0,0,0,0,0,0,3,0,4,0,0,0,0,0,0,0,0,0,0,0,0,0,0,0,0,0,0,0,0,12,149,0,5,1,203,0,36,0,29,0,34,0,0,0,0,0,1,0,0,0,4,0,0,0,0,0,4,0,0,0
21,0,25,0,44,0,0,0,4,0,13,0,52,0,8,0,0,0,15,0,0,0,0,0,4,0,13,41,0,0,0,0,0,0,0,0,0,0,0,0,15,42,32,6,79,8,0,23,0,0,16,4,0,0,0,0,0,0,0,0,0,0,0,0,0,0,0,0,0,0,0,0,0,0,0,0,1,0,0,0,0,0,0,0,0,0,0,0,0,0,0,0,0,0,0,0,0,0,0,0,0,0,0,0,0,0,0,0,0,0,0,0,0,0,0,0,0,0,0,0,0,0,0,0,0,0,0,0,0,0,0,0,0,0,0,0,0,0,0,0,0,0,0,0,0,0,0,0,0,0,0,0,0,0,0,0,0,0,0,0,0,0,0,0,20,0,0,0,14,0,0,0,0,0,0,0,3,18,0,0,0,0,0,0,0,0,9,0,0,0,0,0,0,0,0,0,0,0,0,0,0,0,0,0,0,0,0,0,0,0,0,0,0,0,0,0,0,0,196,16,0,0,28,0,30,0,0,0,0,0,1,0,0,0,0,0,0,0,0,0,0,0,0,0,0,0,0,0,0
0,80,0,0,0,24,0,15,0,5,0,39,27,88,0,0,0,0,0,18,0,1,0,0,0,0,57,35,0,0,0,0,0,0,0,0,0,0,0,0,83,75,19,5,32,57,23,0,2,3,6,2,0,0,0,0,0,0,0,0,0,0,0,0,0,0,0,0,0,0,0,0,0,0,0,0,0,0,0,0,0,0,0,0,0,0,0,0,0,0,0,0,0,0,0,0,0,0,0,0,0,0,0,0,0,0,0,0,0,0,0,0,0,0,0,0,0,0,0,0,0,0,0,0,0,0,0,0,0,0,0,0,0,0,0,1,0,0,0,0,0,0,0,0,0,0,0,0,0,0,0,0,0,0,0,0,0,0,0,0,0,0,0,0,0,2,0,0,0,3,0,0,0,0,0,0,0,20,0,0,0,0,0,0,0,0,15,0,0,0,0,0,0,0,0,0,0,0,0,0,0,0,0,0,0,0,0,0,0,0,0,0,0,0,0,0,0,0,37,121,0,0,3,155,0,2,0,0,0,0,0,0,0,0,0,0,0,0,0,0,0,0,0,0,0,0,0,0,0
0,0,0,0,2,1,8,0,3,0,7,0,12,1,0,0,0,0,2,0,0,0,0,0,2,0,1,2,0,0,1,0,0,0,0,0,0,0,2,0,44,3,3,0,5,0,0,2,0,0,1,0,0,0,0,1,5,0,0,0,0,0,0,0,0,0,0,0,2,0,0,0,0,0,0,0,1,0,0,0,0,0,6,0,0,0,9,0,0,0,0,0,4,0,0,0,4,0,0,0,0,0,2,0,10,0,0,0,0,0,0,0,0,0,0,0,0,0,0,0,0,0,0,0,0,0,0,0,0,0,2,0,0,0,0,0,0,0,0,0,0,0,0,0,0,0,0,0,0,0,2,0,0,0,0,0,0,0,0,0,2,0,0,0,2,0,0,0,4,0,1,0,1,0,1,0,1,1,0,0,0,0,0,0,0,0,14,0,11,0,12,0,0,0,0,0,6,0,8,0,5,0,3,0,20,0,0,0,3,0,0,0,0,0,0,0,3,0,11,0,25,0,19,1,7,0,9,0,21,0,5,0,1,0,0,0,1,0,2,0,0,0,0,0,6,0,0,0,0
0,4,0,1,1,5,0,2,0,0,0,0,0,7,0,8,0,0,0,21,0,9,0,2,0,0,0,7,0,0,0,0,0,0,0,0,0,0,0,0,1,40,0,12,0,20,0,3,0,0,0,1,0,0,0,0,0,0,0,0,0,0,0,0,0,0,0,0,0,6,0,0,0,0,0,0,0,0,0,0,0,5,0,2,0,1,0,6,0,0,0,0,0,1,0,0,0,0,0,0,0,0,0,1,0,0,0,0,0,0,0,0,0,0,0,0,0,0,0,0,0,4,0,2,0,0,0,0,0,0,0,2,0,0,0,0,0,0,0,0,0,0,0,4,0,2,0,0,0,0,0,0,0,0,0,0,0,0,0,1,0,0,0,0,1,0,0,0,0,0,0,0,0,0,0,0,0,19,0,1,0,0,0,0,0,0,1,15,0,0,0,0,0,0,0,0,0,0,0,0,0,0,0,0,0,0,0,0,0,0,0,0,0,0,0,0,0,2,3,2,0,6,0,32,0,3,0,2,0,3,0,0,0,3,0,0,0,0,0,0,0,0,0,0,0,0,0,0,0
0,1,0,0,78,13,0,0,5,1,8,0,166,57,33,0,0,0,233,21,48,3,2,0,6,0,229,71,19,0,37,0,6,0,74,1,47,0,3,0,7,19,74,0,70,11,16,6,1,0,0,7,0,0,1,0,3,0,6,0,2,0,2,0,0,0,0,0,0,0,3,0,0,0,1,0,0,0,0,0,18,0,4,0,2,0,23,0,0,0,6,0,0,0,0,0,8,0,34,0,3,0,1,0,0,0,4,0,0,0,0,0,0,0,0,0,0,0,0,0,19,0,7,0,0,0,0,0,0,0,0,0,0,0,0,0,0,0,0,0,0,0,0,0,3,0,0,0,0,0,0,0,0,0,0,0,1,0,1,0,0,0,0,0,21,0,16,0,65,0,9,0,22,0,0,0,16,0,22,0,0,0,2,0,0,0,66,0,0,0,0,0,0,0,0,0,0,0,0,0,0,0,0,0,0,0,0,0,0,0,0,0,0,0,4,0,0,0,69,29,30,0,8,8,115,0,25,0,61,0,9,0,9,0,11,0,8,0,9,0,3,0,5,0,29,0,0,0,0
0,0,0,0,0,17,0,0,0,0,0,4,36,108,1,0,0,0,48,49,3,64,0,6,0,0,37,124,0,0,0,14,0,6,4,18,3,17,0,0,5,28,3,25,3,24,4,2,0,1,7,0,0,0,0,0,0,10,0,1,0,0,0,0,0,0,0,1,0,3,0,0,0,0,0,0,0,11,0,0,0,18,0,3,0,22,0,7,0,5,0,0,0,1,0,2,0,4,0,0,0,0,0,0,0,0,0,0,0,0,0,0,0,0,0,0,0,0,0,0,0,0,0,6,0,0,0,0,0,0,0,4,0,0,0,0,0,21,0,7,0,14,0,38,0,7,0,0,0,0,0,0,0,0,0,0,0,0,0,0,0,0,0,0,0,3,0,3,0,30,0,0,0,2,0,0,0,26,0,0,0,0,0,0,0,0,1,70,0,0,0,0,0,0,0,0,0,0,0,0,0,0,0,0,0,0,0,0,0,0,0,0,0,0,0,0,0,0,2,48,0,5,0,6,0,64,0,44,0,46,0,9,0,10,0,0,0,2,0,2,0,4,0,4,0,7,0,0,0
3,0,0,0,0,0,130,0,180,92,0,1,0,0,0,0,45,0,0,0,5,0,0,0,65,8,3,0,5,0,0,0,0,0,0,0,11,0,10,0,0,0,0,0,0,0,0,0,0,0,0,0,0,18,286,47,70,24,63,45,123,2,115,6,3,1,15,67,0,0,0,0,0,0,0,0,0,0,0,0,0,0,0,0,7,0,0,0,0,0,0,0,0,0,0,0,18,0,0,0,0,0,0,0,0,0,0,0,0,0,0,0,0,0,0,0,0,0,0,0,0,0,11,0,0,0,4,0,79,0,17,0,27,0,24,0,71,0,62,0,10,0,97,0,0,0,1,0,0,0,0,0,0,0,186,2,78,2,118,2,32,0,0,0,0,0,0,0,6,0,38,0,0,0,0,0,5,0,0,0,0,0,17,0,0,5,0,0,0,0,0,0,0,0,0,0,0,0,0,0,7,0,0,0,0,0,0,0,9,0,0,0,0,0,38,0,0,0,0,0,58,0,13,0,22,0,707,1,82,0,4,0,31,2,18,0,0,0,18,0,3,0,3,0,68,0,0,0,0
1,14,1,0,0,1,25,24,52,81,0,0,0,0,0,4,0,5,0,9,0,0,0,3,2,6,0,4,0,0,0,0,0,2,0,0,0,0,0,3,0,0,0,0,0,0,0,0,0,0,0,0,18,0,56,108,16,117,27,52,0,44,2,16,0,0,17,10,0,0,0,0,0,0,0,0,0,0,0,0,0,0,0,0,0,6,0,1,0,0,0,0,0,0,0,0,0,4,0,0,0,2,0,0,0,0,0,0,0,0,0,0,0,0,0,0,0,0,0,0,0,0,0,0,0,3,0,7,1,55,0,16,0,79,0,42,0,158,0,122,0,14,0,20,2,21,0,0,0,0,0,0,0,0,0,116,0,56,1,100,0,10,0,0,0,1,0,0,0,0,0,15,0,0,1,0,2,11,0,0,1,0,0,3,1,14,0,0,0,0,0,0,0,0,0,0,0,0,0,0,0,3,0,0,0,0,0,0,0,4,0,0,0,0,1,32,0,0,0,0,1,0,0,5,0,0,0,119,1,69,0,8,0,66,0,21,1,2,1,28,0,6,0,2,0,53,0,0,0
5,0,118,1,0,0,277,96,120,478,0,0,0,0,12,0,86,0,0,0,0,0,41,0,321,86,0,0,1,1,0,0,0,0,0,0,1,0,3,0,0,0,0,0,0,0,0,0,0,0,1,0,286,56,0,138,63,30,55,44,45,0,228,90,7,1,29,83,0,0,0,0,0,0,0,0,0,0,0,0,0,0,0,0,0,2,0,0,0,0,0,0,0,0,0,0,0,0,0,0,0,0,0,0,5,0,0,0,0,0,0,0,0,0,0,0,0,0,0,0,1,1,0,0,0,0,10,0,30,0,15,0,23,3,29,0,35,0,5,0,2,0,56,0,0,0,0,0,0,0,6,0,0,0,41,1,7,2,22,0,25,0,0,0,0,0,2,0,7,0,44,0,17,0,0,0,4,5,0,0,0,0,0,0,1,6,0,0,0,0,0,0,0,0,1,0,0,0,0,0,7,0,0,0,0,0,0,0,3,0,8,0,0,0,162,0,0,0,0,0,182,2,24,0,38,0,312,0,116,0,20,0,76,0,20,0,0,0,45,0,12,0,5,0,167,2,0,0,0
9,20,0,58,0,9,40,202,170,120,0,5,0,0,0,104,1,29,0,99,0,51,1,57,23,83,0,0,0,28,0,3,0,10,0,6,0,9,0,29,0,0,0,0,0,6,0,0,1,0,0,0,47,108,138,0,9,112,30,48,5,21,8,138,0,0,45,26,0,2,0,0,0,0,0,0,0,0,0,0,0,0,0,0,0,0,0,0,0,0,0,0,0,0,0,0,0,0,0,0,0,0,0,0,0,0,0,0,0,0,0,0,0,0,0,0,0,0,0,0,0,0,0,0,0,25,0,15,0,6,0,29,0,10,1,17,0,36,0,6,0,0,0,5,0,0,0,3,0,0,1,7,0,0,0,19,0,8,0,8,0,10,0,0,0,2,0,0,0,2,0,8,0,3,0,0,5,2,0,0,0,0,0,4,0,11,0,0,0,0,0,0,0,0,0,0,0,0,0,0,0,0,0,0,0,0,0,5,2,17,0,0,0,0,0,57,0,0,2,0,0,164,2,23,1,20,1,72,5,127,0,12,2,72,0,24,0,4,0,15,0,0,0,0,3,64,0,0,0
0,0,36,0,0,0,31,2,8,0,0,0,0,0,0,0,7,4,0,0,7,0,18,0,102,0,3,0,0,0,0,0,0,0,0,0,6,0,0,0,0,0,0,0,0,0,0,0,5,0,3,0,70,16,63,9,0,12,152,62,3,0,6,0,46,0,26,110,0,0,0,0,1,0,0,0,0,0,0,0,0,0,0,0,0,0,0,0,0,0,0,0,0,0,0,0,0,0,0,0,0,0,0,0,0,0,0,0,0,0,0,0,0,0,0,0,0,0,0,0,0,0,0,0,4,0,3,0,28,0,30,0,13,0,4,0,13,0,4,11,0,0,16,1,5,7,1,0,3,0,0,0,0,0,129,9,23,0,59,15,50,0,25,0,0,0,7,0,23,1,64,0,8,0,2,10,0,0,0,0,0,6,0,0,2,10,0,0,0,0,0,0,0,0,0,0,0,0,0,0,2,0,0,0,0,0,0,0,3,0,4,0,15,0,265,0,0,0,6,0,362,6,80,1,101,0,148,2,357,1,11,0,227,2,180,2,2,0,165,0,41,0,39,1,237,2,0,0,0
0,8,2,48,0,4,14,31,30,51,0,0,0,0,0,86,0,46,0,83,0,56,0,87,0,18,0,19,0,22,0,3,0,5,0,0,0,0,0,4,0,0,0,0,0,0,0,0,0,0,0,10,24,117,30,112,12,0,37,34,0,10,0,21,0,16,42,110,0,0,0,0,0,0,1,0,0,0,0,0,0,0,0,0,0,0,0,0,0,0,0,0,0,0,0,1,0,0,0,0,0,0,0,0,0,0,0,0,0,0,0,0,0,0,0,1,0,0,0,0,0,0,0,0,0,11,0,8,1,6,0,23,0,9,1,0,0,11,0,9,0,1,0,0,0,6,0,0,2,0,0,0,0,0,1,109,0,17,0,99,4,12,0,0,0,0,0,0,0,17,1,45,0,2,0,0,2,0,0,0,0,0,0,0,5,7,0,0,0,0,0,0,0,0,0,0,0,0,0,0,0,0,0,0,0,0,0,0,0,4,0,2,0,7,0,202,0,0,1,18,3,335,0,63,0,33,4,77,3,468,1,18,2,231,0,259,0,6,1,51,0,3,0,14,5,179,0,0,0
0,0,28,0,0,0,36,0,70,0,0,0,0,0,0,0,0,1,0,0,0,0,9,0,39,0,4,0,0,1,0,0,0,0,0,0,7,0,0,0,0,0,0,0,0,0,0,0,0,0,6,0,63,27,55,30,152,37,0,125,0,2,0,0,235,27,51,176,0,0,0,0,0,0,0,0,0,0,0,0,0,0,0,0,0,3,0,1,0,0,0,0,0,0,0,0,0,1,0,0,0,0,0,0,0,0,0,0,1,0,0,0,0,0,0,0,0,0,0,0,0,0,0,0,5,0,0,0,1,0,26,2,2,0,0,0,0,0,4,8,0,0,0,0,2,9,0,0,8,0,1,0,0,0,26,18,31,1,8,16,33,14,0,0,0,0,4,0,11,0,59,0,9,0,6,0,17,0,0,0,9,7,0,0,0,30,0,0,0,0,0,0,0,0,0,0,0,0,0,0,0,0,0,0,0,0,0,0,0,0,13,0,0,0,462,1,0,0,11,0,432,3,46,0,89,0,186,5,220,2,30,0,255,5,155,2,8,0,239,0,50,0,60,0,421,4,0,0,0
2,7,3,7,1,5,14,34,60,43,0,0,1,0,0,0,0,3,1,0,0,0,1,14,3,2,0,0,0,0,0,0,1,0,0,0,0,1,0,0,0,0,0,0,0,0,0,0,0,0,0,1,45,52,44,48,62,34,125,0,0,17,0,23,25,122,309,331,0,0,1,0,0,0,0,0,0,0,0,0,0,0,0,0,0,0,0,0,0,0,0,0,0,0,0,0,0,0,0,0,0,0,0,0,0,0,0,0,0,0,0,0,0,0,0,3,0,0,0,0,0,0,0,0,1,2,0,4,0,0,0,7,0,0,0,4,1,7,6,1,0,0,0,0,0,9,0,0,0,2,0,1,0,0,8,13,0,53,5,11,7,8,0,0,0,2,0,0,0,0,0,0,0,5,1,7,19,5,0,0,0,6,0,0,26,108,0,0,0,0,0,0,0,0,0,0,0,0,0,1,0,0,0,0,0,0,0,0,0,1,0,0,0,7,2,324,0,1,3,21,1,403,1,79,2,39,12,141,5,315,1,46,1,531,0,445,3,4,0,138,1,17,0,5,8,455,0,0,0
0,0,0,0,0,0,178,0,360,8,0,0,0,0,0,0,2,0,0,0,2,0,0,0,36,6,0,0,0,0,0,0,6,0,2,0,25,0,15,0,0,0,3,0,0,0,0,0,0,0,2,0,123,0,45,5,3,0,0,0,0,0,14,0,0,0,0,0,0,0,0,0,0,0,0,0,0,0,0,0,0,0,0,0,0,0,0,0,0,0,0,0,0,0,0,0,0,0,0,0,0,0,0,0,0,0,0,0,0,0,0,0,0,0,0,0,0,0,0,0,2,0,0,0,0,0,0,0,12,0,0,0,0,0,0,0,0,0,154,0,11,0,8,0,58,0,0,0,0,0,0,0,0,0,120,0,53,0,94,0,0,0,5,0,1,0,0,0,4,0,69,0,31,0,0,0,58,4,0,0,0,0,11,0,0,0,0,0,0,0,0,0,0,0,0,0,0,0,0,0,0,0,0,0,0,0,0,0,0,0,5,0,0,0,34,0,0,0,8,0,116,0,0,0,19,0,189,1,91,0,4,0,18,0,0,0,1,0,15,0,4,0,2,0,37,0,0,0,0
0,87,6,2,0,0,7,65,0,114,0,0,0,0,0,1,0,0,0,3,0,4,0,0,10,12,0,0,0,13,0,0,0,14,0,3,0,24,0,59,0,0,0,1,0,0,0,0,0,0,0,0,2,44,0,21,0,10,2,17,0,0,2,18,0,0,0,6,0,0,0,0,0,0,0,0,0,0,0,0,0,0,0,0,0,0,0,0,0,0,0,0,0,0,0,0,0,0,0,0,0,0,0,0,0,0,0,0,0,0,0,0,0,0,0,0,0,0,0,0,0,1,0,0,0,0,0,0,0,0,0,0,0,5,0,0,0,46,0,125,0,18,0,7,0,84,0,0,0,0,0,0,0,1,0,15,0,49,0,21,0,0,0,1,0,0,0,0,0,0,0,8,0,9,0,2,0,42,0,0,0,2,0,16,0,15,0,0,0,0,0,0,0,0,0,0,0,0,0,0,0,0,0,0,0,0,0,0,0,0,0,0,0,0,0,24,0,0,0,8,0,70,1,11,0,3,0,216,0,90,0,6,0,38,0,7,0,0,0,0,0,2,0,4,1,19,0,0,0
38,32,41,0,0,0,215,28,342,30,0,0,0,0,6,0,115,10,36,0,49,0,8,4,300,89,9,0,25,0,27,0,0,0,2,0,62,0,38,0,0,0,7,0,4,0,0,0,0,0,2,0,115,2,228,8,6,0,0,0,14,2,0,13,0,0,1,0,0,0,2,0,0,0,4,0,0,0,0,0,16,0,0,0,24,0,13,0,0,0,49,0,0,0,0,0,69,0,48,0,0,0,0,0,0,0,27,0,0,0,0,0,0,0,0,0,0,0,0,0,12,0,31,0,0,0,3,0,64,0,8,0,24,0,25,0,68,0,58,0,31,0,142,0,0,0,0,0,0,0,0,0,0,0,43,0,9,0,36,0,11,0,0,0,0,0,0,0,0,0,4,0,2,0,2,0,48,0,0,0,0,0,29,0,5,0,0,0,0,0,0,0,0,0,0,0,0,0,0,0,0,0,0,0,0,0,0,0,6,0,2,0,0,0,7,0,0,0,0,0,23,0,0,0,4,0,284,0,11,0,3,0,13,0,0,0,1,0,3,0,2,0,0,0,13,0,0,0,0
16,136,0,0,1,5,52,318,73,382,0,2,0,0,0,15,9,93,0,31,0,119,0,70,89,107,0,0,0,95,0,17,0,21,0,7,0,42,0,80,0,0,0,8,0,0,0,0,0,0,0,0,6,16,90,138,0,21,0,23,0,18,13,0,0,0,0,3,0,0,0,0,0,0,0,0,0,0,0,0,0,0,0,0,0,2,0,0,0,1,0,0,0,0,0,0,0,0,0,0,0,0,0,0,0,0,0,0,0,0,0,0,0,0,0,0,0,0,0,0,0,0,0,0,0,5,0,0,0,12,0,3,0,22,0,14,0,46,1,35,0,13,0,11,0,10,0,0,0,0,0,0,0,0,0,21,0,10,0,24,0,2,0,0,0,0,0,0,0,0,0,0,0,6,0,0,0,83,0,0,0,0,0,73,0,59,0,0,0,0,0,0,0,0,0,0,0,0,0,0,0,0,0,0,0,0,0,0,0,1,0,0,0,0,0,8,0,0,0,0,0,39,0,0,0,0,0,154,0,24,0,3,0,0,0,0,0,0,0,2,2,0,0,0,0,7,0,0,0
25,0,20,0,12,0,28,0,126,0,4,0,5,0,6,3,0,0,2,0,0,0,2,0,0,0,0,0,0,0,0,0,0,0,0,0,0,0,1,0,0,0,0,0,4,0,0,0,0,0,0,0,3,0,7,0,46,0,235,25,0,0,0,0,0,80,219,27,0,0,23,0,5,0,10,0,0,0,0,0,0,5,0,0,0,0,3,4,0,0,0,0,0,0,0,0,0,0,0,0,0,0,0,0,0,0,0,0,0,0,0,0,0,0,0,0,0,0,0,0,0,5,0,0,8,0,2,0,0,0,71,0,0,0,1,4,0,0,10,43,4,0,0,0,34,20,21,0,116,0,15,0,1,0,2,16,5,0,11,17,232,93,11,0,0,1,0,0,0,0,0,0,0,0,65,72,3,0,0,0,110,8,2,0,72,19,0,0,0,0,0,0,0,0,0,0,0,0,0,0,0,1,0,0,0,0,1,0,2,0,0,0,0,0,0,0,0,0,0,0,0,0,0,0,0,0,32,0,0,0,0,0,0,0,141,4,0,0,65,2,5,0,23,0,34,0,0,0,0
0,26,0,0,0,0,0,2,0,111,0,5,0,2,0,8,0,0,0,39,0,0,0,0,0,0,0,31,0,0,0,0,0,2,0,0,0,0,0,0,0,3,0,0,0,0,0,0,0,0,0,0,1,0,1,0,0,16,27,122,0,0,0,0,80,0,22,217,0,0,4,1,0,0,2,0,0,0,0,1,0,0,0,0,0,1,0,0,0,0,0,0,0,0,0,0,0,0,0,0,0,0,0,0,0,0,0,2,0,0,0,0,0,0,0,0,0,0,0,0,0,0,0,0,0,11,0,32,0,0,0,75,0,0,0,14,1,13,52,7,15,0,0,0,36,25,0,87,11,168,0,34,0,4,13,1,0,1,39,7,105,236,0,0,0,0,0,0,0,0,0,1,0,0,0,137,0,0,0,0,16,81,0,4,0,67,0,0,0,0,0,0,0,0,0,0,0,4,0,6,0,0,1,0,0,0,0,7,0,23,0,0,0,0,0,10,0,0,0,0,0,0,0,0,0,3,0,32,0,0,0,0,0,0,0,62,0,1,0,8,0,0,0,0,0,23,0,0,0
0,0,0,0,0,0,40,0,182,37,0,0,0,0,0,0,0,0,0,0,0,0,0,0,0,0,0,0,0,0,0,0,0,0,0,0,3,0,0,0,0,0,0,0,0,0,0,0,0,0,0,0,15,17,29,45,26,42,51,309,0,0,1,0,219,22,0,166,0,0,0,0,0,0,0,0,0,0,0,0,0,0,0,0,0,0,0,0,0,0,0,0,0,0,0,0,0,2,0,0,0,0,0,0,0,0,0,0,0,0,0,0,0,0,0,0,0,0,0,0,0,0,0,0,2,0,4,0,0,0,12,1,1,0,0,0,0,0,0,10,0,0,0,1,0,9,2,0,14,0,0,0,0,0,7,14,11,0,6,17,93,10,0,0,0,0,0,0,4,0,11,0,0,0,17,10,152,0,0,0,36,11,0,0,46,78,0,0,0,0,0,0,0,0,0,0,0,0,0,0,0,0,0,0,0,0,0,0,1,0,0,0,0,0,90,0,0,0,5,0,105,0,10,0,11,0,96,0,38,0,4,0,70,0,40,0,1,0,66,0,5,0,18,0,111,0,0,0,0
0,7,0,0,0,1,22,0,82,93,0,0,0,0,0,0,0,0,0,0,0,0,0,0,0,0,0,0,0,0,0,0,0,0,0,0,0,0,0,0,0,0,0,0,0,3,0,0,0,0,0,1,67,10,83,26,110,110,176,331,0,6,0,3,27,217,166,0,0,0,0,0,0,0,0,0,0,0,0,0,0,0,0,0,0,0,0,0,0,0,0,0,0,0,0,0,0,0,0,1,0,0,0,0,0,0,0,0,0,0,0,0,0,0,0,0,0,0,0,0,0,0,0,0,0,6,0,5,0,0,0,10,0,0,0,2,0,5,8,4,0,0,0,0,6,9,0,8,0,38,0,11,0,0,12,4,0,10,21,4,23,65,0,0,0,0,0,0,0,0,0,0,0,0,0,52,35,83,0,0,0,103,0,0,27,546,0,0,0,0,0,0,0,0,0,0,0,1,0,0,0,0,0,0,0,0,0,3,0,4,0,0,0,0,0,62,0,0,0,0,0,78,0,12,0,10,2,54,0,57,0,10,2,114,0,185,0,0,0,44,0,2,0,8,0,97,0,0,0
0,0,0,0,0,0,0,0,0,0,0,0,0,0,0,0,0,0,0,0,0,0,0,0,0,0,0,0,0,0,0,0,0,0,0,0,0,0,0,0,0,0,0,0,4,0,0,0,2,0,0,0,0,0,0,0,0,0,0,0,0,0,0,0,0,0,0,0,0,0,0,0,16,0,0,0,97,0,27,0,14,0,18,0,0,0,53,0,11,0,13,0,1,0,18,0,27,0,0,0,10,0,128,0,20,0,27,0,30,0,0,0,11,0,1,0,2,0,0,0,16,0,0,0,0,0,0,0,0,0,0,0,0,0,7,0,0,2,0,0,0,3,0,0,0,0,2,0,0,0,0,1,0,1,0,0,0,0,0,0,0,0,0,0,20,0,1,0,99,0,2,0,0,0,0,0,1,0,0,0,0,0,0,0,0,0,0,0,33,0,37,0,0,0,10,0,20,0,0,0,8,0,0,0,26,0,0,0,0,0,0,0,93,0,47,0,56,0,6,0,0,0,70,0,16,0,0,0,33,0,0,0,0,0,0,0,0,0,0,0,0,0,0,0,0,0,0,0,0
0,0,0,0,0,0,0,0,0,0,0,0,0,0,0,0,0,0,0,0,0,0,0,0,0,0,0,1,0,0,0,0,0,0,0,0,0,0,0,0,0,1,0,0,0,4,0,0,0,6,0,3,0,0,0,2,0,0,0,0,0,0,0,0,0,0,0,0,0,0,0,0,0,3,0,0,0,50,0,0,0,0,0,46,0,0,0,14,0,13,1,0,0,0,0,3,0,0,0,1,0,0,0,30,0,0,0,2,0,68,0,5,0,0,0,0,0,6,0,0,0,1,0,0,0,0,0,0,0,0,0,0,0,0,0,0,0,0,0,0,0,0,0,0,0,0,0,0,0,0,0,0,0,0,0,2,0,0,0,1,0,0,0,0,0,17,0,0,0,26,0,0,0,0,0,1,0,0,0,0,0,0,0,0,0,0,0,0,0,14,0,0,0,0,0,0,1,8,0,0,0,0,0,0,0,0,0,0,0,0,0,2,0,191,0,66,0,34,0,4,0,0,0,71,0,8,0,0,0,43,0,0,0,0,0,0,0,0,0,2,0,0,0,0,0,0,0,0,0
0,0,0,0,0,0,0,0,0,0,0,0,0,0,0,2,6,0,39,0,11,0,1,0,0,0,8,0,4,0,5,0,8,0,14,0,39,0,7,0,0,0,0,0,0,0,0,0,0,0,3,0,0,0,0,0,0,0,0,1,0,0,2,0,23,4,0,0,0,0,0,0,163,0,246,0,38,0,139,0,0,0,0,0,3,0,26,0,0,0,0,0,3,0,1,0,0,0,1,0,1,0,0,0,0,0,0,0,0,0,0,0,0,0,0,0,0,0,0,0,43,0,11,0,0,0,0,0,8,0,20,11,13,0,12,0,18,0,9,8,66,7,23,0,34,0,0,0,13,0,0,0,9,1,0,0,4,0,0,0,9,0,47,0,0,0,3,0,15,0,47,0,29,0,23,18,1,0,1,0,17,4,0,0,6,0,0,0,0,0,0,0,0,0,0,0,2,0,0,0,4,0,0,0,0,0,0,0,0,0,0,0,0,0,3,0,0,0,0,0,1,0,34,0,11,0,1,0,43,0,1,0,0,0,0,0,0,0,7,0,12,0,1,0,1,0,0,0,0
0,0,0,0,0,0,0,0,0,0,0,0,0,0,0,0,0,0,0,0,0,0,0,0,0,0,0,0,0,0,0,0,0,0,0,0,0,1,0,0,0,0,0,0,0,0,0,0,0,0,0,0,0,0,0,0,0,0,0,0,0,0,0,0,0,1,0,0,0,0,0,0,0,128,0,209,0,4,0,73,0,5,0,3,0,0,0,43,0,0,0,0,0,0,0,0,0,0,0,0,0,1,0,0,0,0,0,0,0,0,0,0,0,0,0,0,0,0,0,0,0,26,0,74,0,24,0,0,0,0,0,4,0,14,0,37,0,65,1,4,0,102,0,41,0,66,0,19,2,29,0,11,0,22,0,0,0,6,0,0,0,2,0,10,0,0,0,0,0,5,0,2,0,0,0,7,0,0,0,0,0,17,0,0,0,1,0,0,0,0,0,0,0,0,0,0,0,0,0,0,0,3,0,0,0,0,0,0,0,0,0,0,0,0,0,0,0,0,0,0,0,5,0,0,0,0,0,18,0,16,0,1,0,0,0,18,0,0,0,49,0,7,0,3,0,10,0,0,0
