0,110,163,50,100,20,20,31,58,8,85,0,49,0,40,34,83,37,19,2,7,0,48,24,3,76,48,0,80,0,7,0,0,0,0,0,42,0,311,0,50,0,2,0,9,0,10,0,30,0,0,0,0,0,0,13,2,0,0,0,245,1,117,16,3,0,8,1,0,0,0,0,0,0,0,0,0,0,0,0,0,0,0,0,0,0,0,0,0,0,0,0,0,0,0,0,0,0,0,0,0,0,0,0,0,0,0,0,0,0,0,0,0,0,0,0,0,0,0,0,0,0,0,0,2,0,4,0,0,0,6,0,0,0,5,0,0,0,0,0,0,0,3,0,0,0,14,0,39,0,6,0,14,0,0,0,0,0,0,0,4,0,4,0,0,0,7,0,54,0,40,0,231,0,0,0,110,28,33,0,2,0,22,4,29,0,0,0,1,0,0,0,0,0,0,0,0,0,0,0,0,0,0,0,0,0,0,0,0,0,4,0,4,0,89,0,0,0,31,1,86,0,36,0,57,0,108,3,158,0,82,0,218,0,23,1,17,6,66,0,41,0,46,0,261,1,0,0,0
110,0,155,95,30,96,40,71,19,70,7,296,0,156,6,91,72,15,0,158,0,16,168,24,193,63,0,286,3,48,1,0,0,106,0,4,2,220,6,256,0,90,0,13,1,16,1,37,0,17,0,2,0,7,18,28,2,18,0,0,0,271,20,106,0,94,0,20,0,0,0,0,0,23,0,0,0,0,0,0,0,0,0,1,0,0,0,0,0,2,0,0,0,0,0,0,0,0,0,0,0,0,0,3,0,0,0,0,0,0,0,1,0,0,0,0,0,0,0,0,0,0,0,0,0,11,0,16,0,0,0,17,0,2,0,44,0,54,0,0,0,2,0,0,0,0,0,64,0,77,0,37,0,45,0,0,0,6,0,0,1,5,0,0,0,22,0,11,0,63,0,52,0,113,0,1,14,466,2,3,0,4,7,27,0,71,0,0,0,0,0,0,0,0,0,0,0,0,0,0,0,0,0,0,0,0,0,7,0,19,0,36,0,0,0,99,0,0,0,43,1,262,0,126,1,77,6,180,0,236,0,144,2,523,1,25,0,50,0,100,0,29,0,80,2,323,0,0,0
163,155,0,60,217,73,96,34,19,0,39,79,148,0,209,54,116,36,86,0,33,0,485,38,49,48,97,0,75,0,9,0,11,2,0,0,18,5,375,4,30,0,6,0,35,0,10,0,36,0,3,0,14,0,84,10,19,0,0,0,178,5,146,37,10,0,3,0,0,0,0,0,0,0,0,0,0,0,0,0,0,1,0,0,0,1,0,0,0,0,2,0,0,0,0,0,0,0,0,0,0,0,0,0,0,0,0,0,0,0,0,0,0,0,0,0,0,0,0,0,0,1,0,0,16,0,27,0,0,0,63,0,18,0,73,0,53,0,3,0,5,0,63,0,0,0,41,0,82,0,50,0,9,0,3,0,0,0,0,0,42,0,0,0,0,0,18,0,62,0,32,0,145,0,0,0,85,54,0,0,0,0,1,0,14,0,3,0,0,0,0,0,0,0,0,0,0,0,0,0,0,0,0,0,0,0,0,0,50,0,0,0,4,0,120,1,2,0,45,0,130,1,75,0,84,0,100,9,200,0,85,0,298,0,22,0,12,0,83,0,34,0,32,0,246,0,0,0,0
50,95,60,0,48,71,0,109,0,5,18,26,0,0,12,222,24,98,0,153,0,35,78,207,23,179,0,101,0,86,0,13,0,74,1,3,0,64,0,220,0,0,0,2,0,3,0,0,0,4,0,0,0,4,0,43,0,0,0,6,0,62,0,42,0,10,0,0,0,0,0,0,0,4,0,0,0,3,0,0,0,0,0,0,0,12,0,0,0,0,0,0,0,0,0,0,0,0,0,0,0,0,0,0,0,0,0,0,0,0,0,0,0,0,0,0,0,0,0,0,0,0,0,0,0,4,0,9,0,0,0,20,0,3,0,65,0,70,0,0,0,0,0,0,0,0,0,13,0,18,0,12,0,0,0,0,0,0,0,0,0,1,0,4,0,10,0,6,0,37,0,17,2,49,0,0,5,54,0,0,0,0,2,0,0,0,0,0,0,0,0,0,0,0,0,0,0,0,0,0,0,0,0,0,0,0,0,8,0,13,0,7,0,3,1,32,0,0,0,7,0,90,0,48,0,24,3,18,0,80,0,21,2,107,0,6,0,6,0,0,0,3,0,5,1,50,0,0,0
100,30,217,48,0,184,22,0,19,0,77,186,283,56,186,216,0,9,83,25,113,4,135,49,0,15,103,0,3,0,77,0,46,0,35,0,92,0,218,0,98,0,0,0,13,0,19,0,24,0,17,0,4,0,12,0,0,0,0,0,0,0,0,0,6,0,1,0,0,0,0,0,1,0,0,0,0,0,0,0,0,0,0,0,0,0,0,0,0,0,0,0,0,0,0,0,0,0,0,0,0,0,0,0,0,0,0,0,0,0,0,0,0,0,0,0,0,0,0,0,0,0,0,0,0,0,0,0,0,0,0,0,0,0,0,0,0,0,0,0,0,0,0,0,0,0,0,0,49,0,15,0,27,0,0,0,0,0,0,0,7,0,0,0,0,0,63,0,116,0,14,0,117,0,0,0,256,71,62,0,10,0,4,0,27,0,29,0,0,0,0,0,0,0,0,0,0,0,0,0,0,0,0,0,0,0,2,0,0,0,0,0,0,0,29,0,0,0,17,0,100,1,26,0,63,0,116,0,167,0,87,1,0,1,17,0,30,8,35,1,30,0,36,0,213,0,0,0,0
20,96,73,71,184,0,0,11,0,0,99,77,36,56,172,246,0,0,45,120,71,196,159,131,1,23,0,320,0,43,10,123,4,311,0,26,0,168,0,113,0,45,0,3,0,7,0,28,0,7,0,5,0,2,0,3,0,0,0,0,0,0,0,0,0,7,0,1,0,0,0,0,0,0,0,0,0,0,0,0,0,0,0,0,0,0,0,0,0,6,0,0,0,0,0,3,0,0,0,0,0,0,0,0,0,0,0,0,0,0,0,0,0,0,0,0,0,0,0,0,0,0,0,0,0,0,0,0,0,0,0,0,0,0,0,27,0,0,0,0,0,0,0,6,0,8,0,0,0,10,0,10,0,0,0,1,0,4,0,0,0,0,0,0,0,9,0,49,0,74,0,0,0,62,0,0,24,211,4,3,0,0,0,0,0,7,0,2,0,0,0,0,0,0,0,0,0,0,0,7,0,0,0,0,0,0,0,5,0,0,0,0,0,6,0,17,0,0,0,14,0,120,0,40,0,46,1,53,0,164,0,60,0,133,0,10,0,6,0,0,0,7,0,9,0,50,0,0,0
20,40,96,0,22,0,0,0,35,62,7,2,18,0,9,0,27,10,13,0,8,0,54,0,106,32,0,0,37,1,0,0,0,0,0,0,0,0,21,0,2,0,4,0,18,0,0,0,51,0,0,0,111,33,262,135,48,0,18,0,423,10,325,28,25,0,65,4,0,0,0,0,0,0,0,0,0,0,0,0,0,0,0,0,0,0,0,0,0,0,0,0,0,0,0,0,0,0,0,0,0,0,0,0,0,0,0,0,0,0,0,0,0,0,0,0,0,0,0,0,0,0,3,0,16,0,20,0,13,0,107,0,14,0,24,0,15,0,0,0,0,0,0,0,0,0,16,0,55,0,39,0,0,0,3,0,22,4,0,0,44,0,3,0,2,0,0,0,26,0,147,0,128,0,0,0,36,15,0,0,0,0,0,3,2,2,1,0,0,0,0,0,0,0,0,0,0,0,6,0,0,0,0,0,0,0,0,0,42,0,44,0,0,0,274,1,0,0,56,0,210,0,131,1,104,1,116,0,212,0,57,0,273,7,39,2,20,0,165,0,75,0,53,0,248,0,0,0,0
31,71,34,109,0,11,0,0,26,23,0,24,0,12,0,14,17,40,0,25,0,0,27,21,79,74,0,25,2,0,0,0,0,0,0,0,0,26,0,47,0,0,0,1,0,4,0,0,0,3,0,2,5,65,20,477,0,27,0,10,0,185,18,264,0,28,0,18,0,0,0,0,0,0,0,0,0,0,0,0,0,0,0,0,0,0,0,0,0,0,0,0,0,0,0,0,0,0,0,0,0,0,0,0,0,0,0,0,0,0,0,0,0,0,0,0,0,0,0,0,0,0,0,0,0,19,0,0,0,0,0,37,0,19,0,150,0,201,0,0,0,0,0,17,0,0,0,20,0,22,0,0,0,2,0,7,0,14,0,0,0,7,0,0,0,0,0,0,0,0,4,33,0,73,0,0,0,44,0,0,0,0,0,14,0,0,0,0,0,0,0,0,0,0,0,0,0,3,0,21,0,7,0,0,0,0,0,12,0,51,0,53,0,22,5,142,0,0,0,41,0,299,3,99,0,71,1,94,1,232,0,42,0,345,0,24,0,24,3,85,0,13,0,32,3,251,0,0,0
58,19,19,0,19,0,35,26,0,80,22,0,13,0,7,0,12,0,0,0,0,0,0,0,5,22,9,0,4,0,0,0,0,0,0,0,10,0,12,0,2,0,3,0,0,0,1,0,22,0,6,0,119,57,24,154,12,8,29,20,309,2,255,23,36,0,48,17,0,0,0,0,0,0,0,0,0,0,0,0,0,0,0,0,0,0,0,0,0,0,0,0,0,0,0,0,0,0,0,0,0,0,0,0,0,0,0,0,0,0,0,0,0,0,0,0,0,0,0,0,0,0,0,0,9,0,2,0,0,0,10,0,0,0,0,0,0,0,1,0,0,0,0,0,0,0,7,0,50,0,7,0,0,0,3,0,22,0,0,0,6,0,0,0,0,0,0,0,10,0,97,0,63,0,2,0,172,30,21,0,0,0,13,2,4,5,0,0,0,0,0,0,0,0,0,0,0,0,0,0,0,0,0,0,0,0,0,0,9,0,22,0,0,0,127,3,0,0,24,0,96,1,41,0,64,1,97,5,173,0,44,0,110,3,17,0,0,0,115,0,45,0,34,0,148,3,0,0,0
8,70,0,5,0,0,62,23,80,0,0,38,0,12,0,0,0,2,0,11,1,0,4,0,30,0,0,20,0,0,0,0,0,0,0,0,0,0,0,4,0,17,0,0,1,6,0,0,0,1,0,0,19,92,90,115,5,7,22,42,0,103,11,94,0,112,3,38,0,0,0,0,0,0,0,0,0,0,0,0,0,0,0,0,0,0,0,0,0,0,0,0,0,0,0,0,0,0,0,0,0,0,0,0,0,1,0,0,0,0,0,0,0,0,0,0,0,0,0,0,0,0,0,0,0,6,0,14,0,0,0,33,0,0,0,18,0,36,0,0,0,0,0,0,0,0,0,28,0,59,2,17,0,4,0,0,0,30,0,0,2,6,0,4,0,0,0,0,0,10,2,25,0,17,0,1,15,244,0,0,0,0,0,48,0,64,0,0,0,0,0,0,0,0,0,0,0,0,0,5,0,3,0,0,0,0,0,0,0,29,0,0,0,14,4,165,0,0,0,10,0,191,1,40,0,20,0,77,0,147,0,21,0,315,0,22,0,5,0,85,0,16,0,17,3,201,0,0,0
85,7,39,18,77,99,7,0,22,0,0,88,231,14,19,136,7,0,16,13,43,0,23,30,0,0,25,2,0,0,16,0,20,0,1,0,39,0,134,0,41,0,3,0,0,0,6,0,11,0,0,0,0,0,0,0,0,0,0,0,0,0,0,0,0,0,0,0,0,0,0,0,0,0,0,0,0,0,0,0,0,0,0,0,0,0,0,0,0,0,0,0,0,0,0,0,0,0,0,0,0,0,0,0,0,0,0,0,0,0,0,0,0,0,0,0,0,0,0,0,0,0,0,0,0,0,0,0,0,0,8,0,0,0,4,0,0,0,0,0,0,0,4,0,0,0,1,0,14,0,7,0,16,0,0,0,0,0,0,0,1,0,0,0,10,0,17,0,43,0,0,0,34,0,2,0,233,46,64,0,0,0,2,0,15,0,3,0,0,0,0,0,0,0,0,0,0,0,1,0,0,0,0,0,0,0,0,0,2,0,0,0,0,0,13,0,0,0,0,0,47,0,0,0,16,0,63,6,57,0,50,0,76,0,9,0,16,0,12,0,9,0,19,0,99,0,0,0,0
0,296,79,26,186,77,2,24,0,38,88,0,35,256,276,46,7,4,42,35,66,42,180,27,3,5,0,209,0,0,11,26,4,182,0,4,0,134,0,106,0,174,0,6,0,13,0,86,0,23,0,4,0,0,0,0,0,0,0,4,0,0,0,0,0,27,0,0,0,0,0,0,0,0,0,0,0,0,0,0,0,0,0,0,0,6,0,0,0,0,0,0,0,0,0,1,0,0,0,0,0,0,0,0,0,0,0,0,0,0,0,0,0,0,0,0,0,0,0,0,0,0,0,2,0,0,0,0,0,0,0,0,0,0,0,0,0,0,0,0,0,0,0,0,0,1,0,19,0,25,0,29,0,27,0,0,0,0,0,0,0,0,0,5,0,5,0,29,0,65,0,0,0,43,0,6,17,631,2,54,0,19,0,3,1,37,0,30,0,0,0,0,0,1,0,0,0,0,0,0,0,5,0,0,0,0,0,0,0,0,0,0,0,0,0,21,0,0,0,14,0,124,0,48,0,21,3,102,0,134,0,79,0,170,0,7,0,11,0,17,0,10,0,24,0,74,0,0,0
49,0,148,0,283,36,18,0,13,0,231,35,0,180,62,32,0,0,40,81,90,0,17,3,0,0,64,425,0,0,27,0,3,0,33,0,52,0,20,0,225,87,6,0,21,5,32,58,38,0,38,0,0,0,0,0,0,0,0,0,0,0,0,0,2,0,1,0,0,0,0,0,0,0,0,0,0,0,0,0,0,0,0,0,0,0,4,0,0,0,0,0,0,0,0,0,0,0,0,0,0,0,0,0,0,0,0,0,0,0,0,0,0,0,0,0,0,0,1,0,0,0,0,0,4,0,0,0,0,0,0,0,0,0,0,0,0,0,0,0,0,0,0,0,0,0,10,0,25,0,20,0,78,0,0,0,0,0,0,0,1,0,0,0,0,0,8,0,0,0,0,0,0,0,10,0,288,26,171,0,42,0,11,0,55,0,181,0,0,0,0,0,0,0,0,0,0,0,0,0,0,0,0,0,0,0,0,0,5,0,0,0,0,0,0,0,0,0,7,4,0,0,6,0,36,0,37,0,30,0,12,0,9,0,6,0,0,0,7,0,4,0,0,0,38,0,0,0,0
0,156,0,0,56,56,0,12,0,12,14,256,180,0,103,3,0,0,285,156,186,0,0,0,0,0,112,59,0,1,13,3,0,0,0,34,9,79,0,0,0,330,3,26,4,6,7,107,1,9,2,3,0,0,0,0,0,0,0,0,0,0,0,0,0,15,0,0,0,0,0,0,0,0,0,0,0,0,0,0,0,0,0,0,0,0,0,0,0,0,0,0,0,0,0,0,0,0,0,0,0,0,0,0,0,0,0,0,0,0,0,0,0,0,0,0,0,0,0,0,0,0,0,0,0,0,0,1,0,0,0,0,0,0,0,0,0,0,0,0,0,0,0,0,0,0,0,0,0,0,0,0,0,27,0,0,0,0,0,0,0,0,0,0,0,12,0,10,0,23,0,0,0,0,0,6,13,493,0,20,0,28,0,0,0,7,23,180,0,0,0,0,0,0,0,0,0,2,0,0,0,0,0,0,0,0,0,0,0,0,0,0,0,0,0,0,0,0,11,51,0,0,0,0,0,88,0,13,0,22,0,0,0,11,0,2,0,2,0,0,0,0,0,0,0,7,0,0,0
40,6,209,12,186,172,9,0,7,0,19,276,62,103,0,184,27,0,239,51,128,10,277,12,34,0,162,30,0,0,89,2,39,0,14,1,57,6,78,0,19,0,0,0,6,0,7,0,4,0,4,0,0,0,28,1,0,0,0,0,1,0,0,0,1,0,1,0,0,0,0,0,1,0,0,0,4,0,0,0,0,0,0,0,0,0,0,0,0,0,0,0,0,0,0,0,0,0,0,0,0,0,0,0,0,0,0,0,0,0,0,0,0,0,0,0,0,0,0,0,0,0,0,0,0,0,0,0,0,0,4,0,0,0,30,0,23,0,0,0,4,0,0,0,1,0,0,0,28,0,0,0,9,0,0,0,1,0,0,0,0,0,0,0,0,0,31,0,0,0,0,0,34,0,0,0,106,38,28,1,4,0,0,0,12,0,0,0,0,0,0,0,0,0,0,0,0,0,0,0,24,0,0,0,0,0,0,0,0,0,0,0,0,0,0,0,0,0,3,0,0,0,0,0,11,0,68,1,42,0,29,0,42,0,7,0,0,4,17,0,12,0,7,0,70,0,0,0,0
34,91,54,222,216,246,0,14,0,0,136,46,32,3,184,0,11,65,33,294,49,130,117,265,0,117,2,83,0,9,9,36,4,55,0,4,7,72,0,20,0,0,0,0,0,3,0,0,0,6,0,0,0,0,0,17,0,0,0,4,0,0,0,22,0,8,0,0,0,0,0,0,0,0,0,0,0,0,0,3,0,8,0,0,0,86,0,0,0,28,0,0,0,0,0,6,0,0,0,0,0,0,0,0,0,0,0,0,0,0,0,0,0,0,0,0,0,0,0,0,0,0,0,10,0,0,0,0,0,1,0,11,0,0,0,159,0,85,0,0,0,0,0,0,0,6,0,23,0,35,0,22,0,14,0,0,0,2,0,2,0,0,0,1,0,0,0,30,0,74,0,8,0,30,0,0,8,43,2,0,0,0,0,0,0,11,0,0,0,0,0,0,0,0,0,0,0,0,0,0,0,24,0,0,0,0,0,14,0,29,0,3,0,5,3,23,0,0,0,13,0,108,0,16,0,34,0,328,0,153,0,97,2,138,1,8,0,25,0,34,0,20,0,29,5,131,0,0,0
83,72,116,24,0,0,27,17,12,0,7,7,0,0,27,11,0,26,74,0,300,0,130,10,109,42,79,0,82,0,66,0,112,0,3,0,14,0,173,0,0,0,28,0,62,0,1,0,0,0,6,0,139,0,59,6,7,0,1,0,57,0,474,16,0,0,0,0,0,0,64,0,0,0,77,0,0,0,0,0,267,0,0,0,442,0,62,0,70,0,84,0,0,0,27,0,461,0,298,0,0,0,22,0,0,0,25,0,0,0,0,0,0,0,0,0,0,0,0,0,171,0,150,0,0,0,0,0,0,0,0,0,0,0,85,0,274,0,99,0,192,0,706,0,46,0,4,0,5,0,0,0,0,0,15,0,0,0,5,0,2,0,5,0,0,0,0,0,27,0,6,0,34,0,1,0,22,0,0,0,0,0,0,0,2,0,0,0,0,0,0,0,0,0,0,0,0,0,0,0,324,0,0,0,0,0,0,0,9,0,0,0,0,0,0,0,0,0,0,0,15,0,0,0,14,0,259,0,39,0,23,0,55,0,7,0,4,0,9,0,5,0,11,0,45,0,0,0,0
37,15,36,98,9,0,10,40,0,2,0,4,0,0,0,65,26,0,0,22,0,211,42,179,51,106,0,0,0,149,0,26,0,50,0,2,0,22,0,142,0,0,0,0,0,0,0,0,0,0,0,0,0,119,0,44,0,13,0,0,0,17,3,345,0,0,0,0,0,0,0,0,0,0,0,0,0,22,0,9,0,45,0,0,0,622,0,73,0,64,0,32,0,0,0,20,0,144,0,58,0,89,0,16,0,0,0,53,0,0,0,0,0,0,0,0,0,0,0,0,0,19,0,37,0,0,0,10,0,34,0,0,0,39,0,254,0,263,0,47,0,27,0,465,0,6,0,5,0,8,0,11,0,0,0,35,0,0,0,5,0,0,0,4,0,0,0,4,0,27,0,0,0,20,0,0,0,5,0,2,0,0,0,0,0,0,0,0,0,0,0,0,0,0,0,0,0,0,0,5,0,23,0,0,0,0,0,0,0,14,0,0,0,0,0,7,0,5,0,0,0,41,3,0,0,11,1,253,4,59,0,0,0,64,0,0,0,0,1,12,0,7,0,0,0,20,0,0,0
19,0,86,0,83,45,13,0,0,0,16,42,40,285,239,33,74,0,0,77,276,0,293,0,87,0,130,261,7,0,33,2,0,0,41,1,46,0,0,0,85,22,8,0,18,3,42,18,24,0,51,0,0,0,0,0,0,0,0,0,0,0,0,0,2,0,0,0,0,0,2,0,0,0,0,0,0,0,0,0,0,0,0,0,0,0,0,0,0,0,0,0,0,0,0,0,0,0,0,0,0,0,0,0,0,0,0,0,0,0,0,0,0,0,0,0,0,0,0,0,0,0,0,0,0,0,0,0,0,0,0,0,0,0,0,0,0,0,0,0,0,0,0,0,0,0,0,0,23,0,14,0,16,0,0,0,0,0,0,0,6,0,4,0,0,0,30,0,0,0,0,0,0,0,0,0,65,18,16,0,10,0,0,0,13,0,57,0,0,0,0,0,0,0,0,0,0,0,0,0,0,0,0,0,0,0,0,0,29,0,2,0,0,0,0,0,0,0,10,0,0,0,6,0,82,0,68,0,43,0,0,0,0,0,0,0,18,0,16,0,14,0,13,0,74,0,0,0,0
2,158,0,153,25,120,0,25,0,11,13,35,81,156,51,294,0,22,77,0,48,215,0,182,0,62,13,182,0,3,0,69,0,5,0,66,1,146,0,0,4,15,0,20,0,22,0,51,0,9,0,19,0,0,0,26,0,5,0,0,0,0,0,27,0,39,0,7,0,0,0,0,0,0,0,0,0,0,0,0,0,0,0,0,0,88,0,17,0,0,0,0,0,0,0,3,0,0,0,0,0,0,0,0,0,0,0,0,0,0,0,0,0,0,0,0,0,0,0,0,0,6,0,16,0,10,0,0,0,0,0,17,0,0,0,0,0,0,0,0,0,0,0,27,0,7,0,0,0,52,0,0,0,0,0,0,0,6,0,0,0,0,0,0,0,36,0,57,1,69,0,0,0,10,0,0,0,24,0,0,0,0,0,0,0,16,0,2,0,0,0,0,0,0,0,0,0,6,0,0,0,32,0,0,0,0,0,0,0,0,0,0,0,0,0,0,0,0,1,70,0,59,0,0,0,190,0,51,0,113,0,50,0,53,0,6,0,7,0,8,0,0,0,5,0,36,0,0,0
7,0,33,0,113,71,8,0,0,1,43,66,90,186,128,49,300,0,276,48,0,4,106,3,47,0,204,187,64,0,36,0,62,0,17,0,23,0,25,0,11,15,40,0,37,4,8,20,11,0,29,0,0,0,16,0,21,0,0,0,0,0,29,0,2,0,0,0,0,0,31,0,0,0,34,0,0,0,0,0,0,0,0,0,93,0,20,0,0,0,0,0,0,0,0,0,129,0,87,0,0,0,0,0,0,0,0,0,0,0,0,0,0,0,0,0,0,0,0,0,37,0,0,0,0,0,0,0,0,0,2,0,0,0,65,0,55,0,0,0,25,0,138,0,18,0,0,0,10,0,0,0,0,0,2,0,0,0,0,0,3,0,0,0,16,0,81,0,66,0,6,0,48,0,0,0,19,12,9,0,0,0,0,0,4,0,17,0,0,0,0,0,0,0,0,0,0,0,0,0,108,0,0,0,0,0,0,0,0,0,5,0,0,0,0,0,0,0,11,1,87,0,21,0,88,0,203,2,117,0,98,0,0,0,7,0,37,7,30,1,24,0,26,0,228,0,0,0,0
0,16,0,35,4,196,0,0,0,0,0,42,0,0,10,130,0,211,0,215,4,0,0,234,0,46,0,29,0,47,2,8,0,8,0,15,0,36,0,5,2,0,0,9,0,13,0,0,0,11,0,6,0,11,0,7,0,0,0,2,0,7,0,63,0,0,0,0,0,0,0,27,0,0,0,0,0,16,0,9,0,29,0,3,0,256,0,54,0,37,0,0,0,0,0,13,0,38,0,36,0,24,0,0,0,0,0,0,0,0,0,0,0,0,0,0,0,0,0,0,0,66,0,88,0,0,0,0,0,2,0,6,0,0,0,45,0,72,0,36,0,50,0,237,0,53,0,0,0,11,0,0,0,0,0,0,0,11,0,2,0,0,0,0,0,10,0,37,0,46,0,4,0,29,0,0,0,4,0,0,0,0,0,0,0,2,0,0,0,0,0,0,0,0,0,0,0,0,0,0,0,0,0,0,0,0,0,0,0,8,0,0,0,0,1,0,0,0,0,7,0,36,0,16,0,45,0,51,0,72,0,26,0,0,0,4,0,9,0,5,0,5,0,8,0,25,0,0,0
48,168,485,78,135,159,54,27,0,4,23,180,17,0,277,117,130,42,293,0,106,0,0,72,95,82,116,0,44,0,10,0,37,5,0,0,16,4,129,5,3,0,0,0,69,0,9,0,9,0,0,1,15,0,176,11,11,0,0,0,38,5,41,15,3,0,0,0,0,0,0,0,0,0,0,0,0,0,0,0,0,0,0,0,41,0,0,0,0,0,0,0,0,0,0,0,0,0,0,0,0,0,0,0,0,0,0,0,0,0,0,0,0,0,0,0,0,0,0,0,0,0,0,0,14,0,19,0,0,0,20,0,18,0,106,0,162,0,23,0,18,0,180,0,0,0,26,0,93,0,21,0,8,0,3,0,0,0,6,0,11,0,0,0,0,0,0,0,34,0,6,0,37,0,3,0,56,47,0,2,0,0,0,0,12,0,0,0,0,0,2,0,0,0,0,0,0,0,0,0,56,0,0,0,0,0,0,0,45,0,3,0,0,0,20,0,0,0,17,0,29,0,12,0,21,0,215,6,56,0,34,0,80,0,6,1,0,0,22,0,13,0,14,0,75,0,0,0,0
24,24,38,207,49,131,0,21,0,0,30,27,3,0,12,265,10,179,0,182,3,234,72,0,5,73,0,8,4,57,2,18,0,48,0,0,1,27,0,67,0,0,0,0,0,4,0,0,0,1,0,4,0,22,0,17,0,0,1,3,0,0,0,83,0,4,0,2,0,0,0,0,0,0,0,0,0,0,0,15,0,22,0,0,0,240,0,0,0,42,0,0,0,0,0,0,0,54,0,26,0,0,0,0,0,0,0,0,0,0,0,0,0,0,0,0,0,0,0,0,0,16,0,15,0,0,0,0,0,0,0,0,0,0,0,159,0,93,0,0,0,10,0,82,0,7,0,0,0,16,0,0,0,4,0,2,0,0,0,0,0,0,0,3,0,7,0,20,0,41,0,9,0,31,0,0,0,6,0,4,0,0,1,0,1,4,0,0,0,0,0,0,0,0,0,0,0,0,0,0,0,0,0,0,0,0,0,10,0,14,0,4,0,0,0,21,0,0,0,10,0,113,0,42,0,13,0,308,0,156,0,58,2,173,0,17,0,23,0,26,0,11,0,33,0,82,0,0,0
3,193,49,23,0,1,106,79,5,30,0,3,0,0,34,0,109,51,87,0,47,0,95,5,0,78,46,0,69,0,7,0,0,0,0,0,0,0,23,0,2,0,6,0,23,0,2,0,6,0,0,0,68,8,216,38,9,0,5,0,37,0,180,43,0,0,0,0,0,0,0,0,1,0,0,0,0,0,0,0,0,0,0,0,34,0,0,0,0,0,0,0,0,0,0,0,0,1,0,0,0,0,0,0,0,0,0,0,0,0,0,0,0,0,0,0,0,0,0,0,6,0,0,1,3,0,7,0,32,0,7,0,24,0,82,0,241,0,33,0,40,0,210,0,0,0,10,0,19,0,9,0,3,0,8,0,0,0,5,0,12,0,0,0,0,0,0,0,10,0,8,0,25,0,0,0,9,11,0,0,0,0,0,0,0,0,0,0,0,0,0,0,0,0,0,0,0,0,2,0,51,0,0,0,0,0,0,0,16,0,4,0,0,0,13,0,0,0,0,0,19,0,6,1,10,0,47,1,26,0,4,0,27,2,0,0,0,0,7,0,0,0,1,0,12,0,0,0,0
76,63,48,179,15,23,32,74,22,0,0,5,0,0,0,117,42,106,0,62,0,46,82,73,78,0,0,14,3,41,0,5,0,13,0,0,1,11,0,49,0,0,0,0,0,1,0,0,0,1,0,0,0,2,12,103,0,56,0,13,0,55,18,155,0,0,0,0,0,1,0,0,0,2,0,0,0,0,0,0,0,4,0,0,0,31,0,0,0,0,0,0,0,0,0,1,0,10,0,0,0,0,0,0,0,0,0,0,0,0,0,0,0,0,0,0,0,0,0,0,0,0,0,0,0,0,0,6,0,27,0,13,0,41,0,256,0,365,0,7,0,0,0,41,4,0,0,5,0,3,0,0,0,0,0,60,0,0,0,6,0,0,0,0,0,0,0,0,0,0,0,10,3,15,0,0,7,19,0,0,0,0,0,7,0,1,0,0,0,0,0,0,0,0,0,0,0,1,0,25,0,19,0,0,0,0,0,6,0,36,0,5,0,0,5,14,0,0,2,0,0,48,0,18,1,11,0,74,0,55,0,11,0,55,0,5,0,0,0,11,0,3,0,5,0,38,0,0,0
48,0,97,0,103,0,0,0,9,0,25,0,64,112,162,2,79,0,130,13,204,0,116,0,46,0,0,291,6,0,3,0,3,0,16,0,16,0,5,0,59,188,52,0,81,16,23,117,27,14,97,2,0,0,0,0,0,0,0,0,0,0,6,0,4,0,2,0,0,0,0,0,0,0,4,0,0,0,0,0,0,0,0,0,0,0,0,0,10,0,0,0,0,0,9,0,0,0,0,0,0,0,0,0,0,0,0,0,0,0,0,0,0,0,0,0,0,0,0,0,0,0,0,0,0,0,0,0,0,0,11,0,0,0,0,0,49,0,0,0,0,0,0,0,8,0,0,0,21,0,0,0,8,0,0,0,0,0,0,0,0,0,0,0,36,1,21,0,37,0,0,0,8,0,0,0,12,11,7,0,2,0,3,0,10,0,38,0,0,0,0,0,0,0,0,0,0,0,0,0,0,0,0,0,0,0,0,0,14,0,0,0,0,0,0,0,0,0,317,21,42,0,81,12,427,0,25,0,61,1,0,0,0,0,6,0,0,0,0,0,0,0,4,0,49,0,0,0,0
0,286,0,101,0,320,0,25,0,20,2,209,425,59,30,83,0,0,261,182,187,29,0,8,0,14,291,0,0,0,10,12,0,0,15,25,0,52,0,0,119,46,4,55,0,30,30,31,3,18,3,46,0,1,0,9,0,12,0,2,0,3,0,0,0,49,0,10,0,1,0,0,0,0,0,0,0,4,0,1,0,7,0,0,0,27,0,15,0,0,0,0,0,0,0,1,0,0,0,4,0,0,0,0,0,0,0,0,0,0,0,0,0,0,0,0,0,0,0,0,0,7,0,1,0,9,0,0,0,0,0,0,0,0,0,0,0,37,0,0,0,6,0,15,0,6,0,0,0,37,0,0,0,18,0,0,0,2,0,0,0,2,0,0,0,43,0,16,0,57,0,3,0,5,0,0,5,135,0,2,0,0,0,0,0,10,65,45,0,0,2,0,0,0,0,0,0,0,0,0,0,16,0,0,0,0,0,0,0,20,0,0,0,0,0,0,0,16,23,385,0,41,1,74,0,317,0,30,0,84,0,23,0,29,1,0,0,2,0,0,0,0,0,0,0,0,0,0,0
80,3,75,0,3,0,37,2,4,0,0,0,0,0,0,0,82,0,7,0,64,0,44,4,69,3,6,0,0,0,17,0,26,0,1,0,14,0,46,0,0,0,10,0,9,0,0,0,0,0,4,0,7,0,10,2,0,0,0,0,33,0,121,1,0,0,0,0,0,0,33,0,0,0,30,0,0,0,0,0,64,0,0,0,61,0,26,0,13,0,0,0,0,0,0,0,114,0,112,0,0,0,0,0,0,0,0,0,0,0,0,0,0,0,0,0,0,0,0,0,80,0,0,0,0,0,0,0,0,0,0,0,0,0,17,0,20,0,30,0,50,0,120,0,47,0,0,0,0,0,0,0,0,0,9,0,1,0,2,0,1,0,4,0,0,0,1,0,0,0,0,0,5,0,1,0,10,0,0,0,1,0,0,0,3,0,0,0,0,0,0,0,0,0,0,0,0,0,0,0,33,0,0,0,0,0,0,0,0,0,0,0,0,0,0,0,0,0,4,0,3,0,0,0,3,0,63,0,0,0,0,0,8,0,0,0,0,0,0,0,3,0,0,0,5,0,0,0,0
0,48,0,86,0,43,1,0,0,0,0,0,0,1,0,9,0,149,0,3,0,47,0,57,0,41,0,0,0,0,0,48,0,8,0,30,0,27,0,4,0,0,0,6,0,0,0,0,0,1,0,1,0,18,0,13,0,5,0,0,0,9,0,64,0,0,0,0,0,0,0,8,0,0,0,0,0,3,0,0,0,9,0,0,0,118,0,19,0,8,0,0,0,0,0,0,0,14,0,5,0,11,0,0,0,0,0,0,0,0,0,0,0,0,0,0,0,0,0,0,0,21,0,38,0,0,0,0,0,4,0,0,0,10,0,30,0,104,0,76,0,37,0,241,0,54,0,4,0,0,0,0,0,3,0,13,0,1,0,5,0,0,0,0,0,0,0,2,0,15,0,2,0,5,0,0,0,0,0,3,0,0,0,0,0,0,0,0,0,0,0,0,0,0,0,0,0,0,0,0,0,0,0,0,0,0,0,0,0,0,0,0,0,0,0,0,0,0,0,0,0,17,0,5,0,0,0,24,0,33,0,0,0,12,0,2,0,0,0,3,0,0,0,0,0,0,0,0,0
7,1,9,0,77,10,0,0,0,0,16,11,27,13,89,9,66,0,33,0,36,2,10,2,7,0,3,10,17,0,0,0,1,1,0,0,13,0,2,0,0,1,14,0,0,0,0,0,0,0,19,0,0,0,0,0,11,0,0,0,3,0,4,0,0,0,0,0,0,0,9,0,0,0,8,0,0,0,0,0,19,0,0,0,21,0,0,0,0,0,0,0,0,0,0,0,25,0,0,0,0,0,0,0,0,0,0,0,0,0,0,0,0,0,0,0,0,0,0,0,8,0,0,0,2,0,0,0,0,0,0,0,0,0,0,0,0,0,0,0,10,0,0,0,0,0,0,0,0,0,0,0,0,0,0,0,0,0,0,0,0,0,0,0,13,0,110,0,41,0,0,0,13,0,0,0,9,0,4,0,0,0,0,0,5,0,0,0,0,0,0,0,0,0,0,0,0,0,0,0,17,0,0,0,0,0,0,0,2,0,0,0,0,0,0,0,0,0,0,0,60,0,13,0,28,0,113,0,90,0,50,1,0,0,4,0,16,0,9,0,9,0,24,0,108,0,0,0,0
0,0,0,13,0,123,0,0,0,0,0,26,0,3,2,36,0,26,2,69,0,8,0,18,0,5,0,12,0,48,0,0,0,3,0,7,0,0,0,4,0,0,0,4,0,2,0,0,0,0,0,1,0,0,0,0,0,0,0,0,0,0,0,10,0,0,0,0,0,0,0,3,0,0,0,0,0,0,0,0,0,0,0,0,0,36,0,5,0,4,0,0,0,0,0,0,0,0,0,0,0,0,0,0,0,0,0,0,0,0,0,0,0,0,0,0,0,0,0,0,0,0,0,6,0,0,0,0,0,0,0,0,0,0,0,0,0,0,0,11,0,0,0,0,0,15,0,0,0,6,0,0,0,0,0,0,0,0,0,0,0,0,0,0,0,0,0,6,0,6,0,0,0,4,0,0,0,0,0,0,0,0,0,0,0,2,0,0,0,0,0,0,0,0,0,0,0,0,0,0,0,0,0,0,0,0,0,0,0,0,0,0,0,0,0,2,0,0,0,3,0,0,0,2,0,6,0,22,0,16,0,11,0,12,0,0,0,3,0,0,0,0,0,3,0,0,0,0,0
0,0,11,0,46,4,0,0,0,0,20,4,3,0,39,4,112,0,0,0,62,0,37,0,0,0,3,0,26,0,1,0,0,0,0,0,55,1,0,0,0,0,23,0,7,0,0,0,1,0,5,0,0,0,0,0,0,0,0,0,3,0,7,0,0,0,0,0,0,0,11,0,0,0,0,0,5,0,0,0,18,0,0,0,19,0,0,0,0,0,0,0,0,0,0,0,0,0,24,0,0,0,0,0,0,0,0,0,0,0,0,0,0,0,0,0,0,0,0,0,7,0,0,0,2,0,0,0,0,0,0,0,0,0,0,0,0,0,8,0,14,0,0,0,19,0,0,0,2,0,0,0,1,0,0,0,0,0,1,0,0,0,3,0,4,0,62,0,41,0,6,0,34,0,0,0,12,2,7,0,0,0,0,0,2,0,0,0,0,0,0,0,0,0,0,0,0,0,0,0,0,0,0,0,0,0,0,0,0,0,0,0,2,0,1,0,0,0,0,0,60,0,9,0,16,0,66,0,48,0,26,0,21,0,0,0,0,7,0,0,0,0,5,0,70,0,0,0,0
0,106,2,74,0,311,0,0,0,0,0,182,0,0,0,55,0,50,0,5,0,8,5,48,0,13,0,0,0,8,1,3,0,0,0,12,0,40,0,0,0,0,0,3,0,3,0,0,0,0,0,0,0,8,0,5,0,0,0,0,0,3,0,17,0,0,0,0,0,0,0,0,0,0,0,0,0,2,0,3,0,0,0,0,0,42,0,9,0,6,0,0,0,0,0,0,0,0,0,2,0,5,0,0,0,0,0,0,0,0,0,0,0,0,0,0,0,0,0,0,0,5,0,4,0,0,0,0,0,0,0,0,0,0,0,15,0,0,0,0,0,7,0,15,0,0,0,0,0,14,0,0,0,0,0,0,0,0,0,1,0,1,0,1,0,2,0,14,0,9,0,1,0,0,0,0,0,10,0,25,0,0,0,0,0,14,0,0,0,0,0,0,0,0,0,0,0,0,0,0,0,0,0,0,0,0,0,0,0,0,0,0,0,0,0,0,0,0,0,0,0,0,0,0,0,5,0,42,0,9,0,15,0,20,0,0,0,0,0,0,0,0,0,6,0,20,0,0,0
0,0,0,1,35,0,0,0,0,0,1,0,33,0,14,0,3,0,41,0,17,0,0,0,0,0,16,15,1,0,0,0,0,0,0,0,4,0,0,0,0,0,4,0,15,0,0,0,1,0,26,0,0,0,0,0,0,0,0,0,0,0,0,0,0,0,0,0,0,0,0,0,0,0,0,0,0,0,0,0,0,0,0,0,0,0,0,0,0,0,0,0,0,0,0,0,0,0,0,0,0,0,0,0,2,0,0,0,0,0,0,0,0,0,0,0,0,0,0,0,0,0,0,0,0,0,0,0,0,0,0,0,0,0,0,0,0,0,0,0,0,0,0,0,0,0,0,0,0,0,0,0,0,0,0,0,0,0,0,0,0,0,4,0,12,0,29,0,0,0,0,0,4,0,0,0,0,0,0,0,0,0,0,0,0,0,10,0,0,0,0,0,8,0,1,0,0,0,0,0,0,0,0,0,0,0,0,0,0,0,0,0,0,0,0,0,0,0,8,0,18,0,8,0,74,0,18,0,31,0,10,0,0,0,0,0,0,2,0,0,3,0,0,0,27,0,0,0,0
0,4,0,3,0,26,0,0,0,0,0,4,0,34,1,4,0,2,1,66,0,15,0,0,0,0,0,25,0,30,0,7,0,12,0,0,0,8,0,11,0,0,0,1,0,0,0,0,0,0,0,0,0,0,0,1,0,0,0,0,0,13,0,6,0,0,0,0,0,0,0,2,0,0,0,0,0,1,0,0,0,2,0,0,0,11,0,0,0,2,0,0,0,0,0,0,0,0,0,0,0,0,0,0,0,0,0,0,0,0,0,0,0,0,0,0,0,0,0,0,0,0,0,7,0,0,0,0,0,0,0,0,0,0,0,0,0,8,0,0,0,16,0,16,0,14,0,0,0,0,0,0,0,0,0,2,0,3,0,0,0,0,0,0,0,0,0,3,0,0,0,0,0,0,0,0,0,1,0,0,0,0,0,0,0,0,0,0,0,0,0,0,0,0,0,0,0,0,0,0,0,0,0,0,0,0,0,0,0,0,0,0,0,0,0,0,0,0,0,0,0,1,0,1,0,0,0,0,0,0,0,0,0,0,0,0,0,0,0,0,0,0,0,0,0,0,0,0,0
42,2,18,0,92,0,0,0,10,0,39,0,52,9,57,7,14,0,46,1,23,0,16,1,0,1,16,0,14,0,13,0,55,0,4,0,0,0,53,0,2,0,94,0,72,0,1,0,2,0,89,0,0,0,3,0,20,0,15,0,59,0,19,0,0,0,3,0,0,0,52,0,0,0,31,0,0,0,0,0,43,0,0,0,0,0,26,0,0,0,9,0,0,0,6,0,49,0,74,0,0,0,0,0,4,0,3,0,0,0,0,0,0,0,0,0,0,0,0,0,52,0,27,0,0,0,0,0,0,0,0,0,0,0,0,0,0,0,63,0,91,0,45,0,115,0,0,0,5,0,0,0,4,0,11,0,46,0,0,0,1,0,24,0,24,0,90,0,67,0,39,0,83,0,0,0,22,3,6,0,0,0,7,0,0,0,7,0,0,0,0,0,0,0,0,0,0,0,0,0,32,0,0,0,0,0,0,0,0,0,0,0,0,0,0,0,0,0,9,0,43,0,8,0,80,0,54,0,75,0,0,0,0,0,0,0,16,0,0,0,5,0,12,0,45,2,0,0,0
0,220,5,64,0,168,0,26,0,0,0,134,0,79,6,72,0,22,0,146,0,36,4,27,0,11,0,52,0,27,0,0,1,40,0,8,0,0,0,19,0,0,0,35,0,13,0,0,0,6,0,10,0,0,0,3,0,0,0,0,0,84,0,48,0,0,0,0,0,0,0,19,0,0,0,0,0,4,0,0,0,15,0,0,0,58,0,29,0,9,0,0,0,0,0,4,0,10,0,5,0,0,0,0,0,1,0,0,0,0,0,0,0,0,0,0,0,0,0,0,0,28,0,43,0,0,0,1,0,0,0,0,0,0,0,0,0,40,0,59,0,50,0,108,0,98,0,0,0,4,0,3,0,0,0,3,0,34,0,1,0,1,0,1,0,18,0,58,0,46,0,14,0,27,0,0,0,8,0,41,0,0,0,0,0,4,0,0,0,0,0,0,0,0,0,3,0,2,0,0,0,0,0,0,0,0,0,0,0,0,0,1,0,0,0,5,0,5,0,7,0,33,0,14,0,39,0,66,0,64,0,0,0,21,0,2,0,2,0,0,0,1,0,0,0,7,0,0,0
311,6,375,0,218,0,21,0,12,0,134,0,20,0,78,0,173,0,0,0,25,0,129,0,23,0,5,0,46,0,2,0,0,0,0,0,53,0,0,0,0,0,4,0,11,0,0,0,0,0,0,0,4,0,0,1,5,0,4,0,23,0,28,0,1,0,0,0,0,0,15,0,0,0,13,0,2,0,0,0,0,0,0,0,39,0,0,0,0,0,4,0,0,0,0,0,51,0,30,0,0,0,0,0,0,0,0,0,0,0,0,0,0,0,0,0,0,0,0,0,0,0,0,0,0,0,0,0,0,0,0,0,0,0,0,0,12,0,24,0,41,0,50,0,25,0,11,0,19,0,2,0,0,0,8,0,11,0,0,0,4,0,7,0,0,0,33,0,20,0,6,0,33,0,0,0,87,0,8,0,0,0,15,0,11,0,0,0,0,0,0,0,0,0,0,0,0,0,0,0,35,0,0,0,0,0,0,0,0,0,0,0,0,0,2,0,0,0,0,0,19,0,3,0,0,0,49,0,18,0,0,0,10,0,0,0,0,0,0,0,0,0,0,0,0,0,0,0,0
0,256,4,220,0,113,0,47,0,4,0,106,0,0,0,20,0,142,0,0,0,5,5,67,0,49,0,0,0,4,0,4,0,0,0,11,0,19,0,0,0,0,0,2,0,1,0,0,0,0,0,1,0,4,0,5,0,0,0,0,0,2,0,43,0,0,0,0,0,0,0,2,0,0,0,0,0,0,0,0,0,0,0,0,0,39,0,10,0,0,0,0,0,0,0,0,0,0,0,0,0,0,0,0,0,0,0,0,0,0,0,0,0,0,0,0,0,0,0,0,0,6,0,11,0,0,0,0,0,3,0,0,0,0,0,13,0,15,0,31,0,16,0,29,0,43,0,7,0,10,0,8,0,0,0,2,0,24,0,3,1,0,0,0,0,0,0,0,0,0,0,2,0,3,0,0,0,11,0,6,0,1,0,0,0,4,0,0,0,0,0,0,0,0,0,0,0,4,0,0,0,3,0,0,0,0,0,0,0,4,0,0,0,0,0,4,0,0,0,0,0,11,0,0,0,0,0,28,0,7,0,5,0,10,0,0,0,0,0,0,0,0,0,0,0,11,0,0,0
50,0,30,0,98,0,2,0,2,0,41,0,225,0,19,0,0,0,85,4,11,2,3,0,2,0,59,119,0,0,0,0,0,0,0,0,2,0,0,0,0,119,6,0,32,13,28,52,76,24,2,4,0,0,0,0,0,0,0,0,0,0,0,0,1,0,1,0,0,0,0,0,0,0,0,0,0,1,0,0,0,0,0,0,0,0,0,0,0,0,0,0,0,0,0,0,0,0,0,0,0,0,0,0,0,0,0,0,0,0,0,0,0,0,0,0,0,0,0,0,0,0,0,0,1,0,1,0,0,0,2,0,0,0,0,0,0,0,0,0,0,0,0,0,0,0,0,0,6,0,0,0,15,0,0,0,0,0,0,0,0,0,0,0,0,3,0,0,0,0,0,0,0,0,0,0,18,7,18,0,18,0,4,0,13,0,115,0,0,0,0,0,0,0,0,0,0,0,0,0,0,0,2,0,0,0,0,0,0,0,0,0,0,0,0,0,1,0,192,41,0,0,27,80,0,0,0,0,0,0,0,0,0,0,0,0,0,0,1,0,0,0,0,0,0,0,0,0,0
0,90,0,0,0,45,0,0,0,17,0,174,87,330,0,0,0,0,22,15,15,0,0,0,0,0,188,46,0,0,1,0,0,0,0,0,0,0,0,0,119,0,5,0,14,23,49,85,7,131,0,0,0,0,0,0,0,0,0,0,0,0,0,0,0,0,0,0,0,0,0,0,0,0,0,0,0,1,0,0,0,0,0,0,0,0,0,0,0,0,0,0,0,0,0,0,0,0,0,0,0,0,0,0,0,0,0,0,0,0,0,0,0,0,0,0,0,0,0,0,0,0,0,0,0,0,0,0,0,0,0,0,0,0,0,0,0,0,0,0,0,0,0,0,0,0,0,0,0,7,0,9,0,13,0,0,0,0,0,0,0,0,0,0,0,9,0,0,0,0,0,0,0,0,0,6,1,181,0,21,0,20,0,1,0,7,26,15,0,0,0,0,0,0,0,0,0,3,0,0,0,0,0,0,0,0,0,0,0,0,0,0,0,0,0,0,0,0,55,113,0,5,0,224,0,0,0,0,0,0,0,0,0,0,0,0,0,0,0,0,0,0,0,0,0,0,0,0,0
2,0,6,0,0,0,4,0,3,0,3,0,6,3,0,0,28,0,8,0,40,0,0,0,6,0,52,4,10,0,14,0,23,0,4,0,94,0,4,0,6,5,0,0,53,0,8,4,18,0,21,0,0,0,0,0,9,0,3,0,7,0,6,0,0,0,0,0,2,0,25,0,0,0,13,0,0,0,0,0,19,0,3,0,16,0,11,0,6,0,4,0,0,0,0,0,18,0,23,0,0,0,0,0,0,0,0,0,0,0,0,0,0,0,0,0,0,0,0,0,18,0,0,0,0,0,0,0,0,0,0,0,0,0,0,0,6,0,7,0,27,0,20,0,27,0,0,0,0,0,0,0,0,0,0,0,7,0,3,0,0,0,7,0,10,0,30,0,21,0,7,0,15,0,0,0,1,0,0,0,0,0,0,0,0,0,12,0,0,0,0,0,8,0,0,0,0,0,0,0,15,0,0,0,0,0,0,0,0,0,0,0,0,0,3,0,0,0,159,0,23,0,31,5,119,0,12,0,36,0,0,0,11,0,7,0,2,2,3,0,2,0,0,0,21,0,0,0,0
0,13,0,2,0,3,0,1,0,0,0,6,0,26,0,0,0,0,0,20,0,9,0,0,0,0,0,55,0,6,0,4,0,3,0,1,0,35,0,2,0,0,0,0,0,6,0,0,0,3,0,3,0,0,0,0,0,0,0,0,0,10,0,0,0,0,0,0,0,1,0,1,0,0,0,0,0,2,0,1,0,3,0,0,0,15,0,9,0,0,0,1,0,0,0,1,0,0,0,2,0,0,0,0,0,0,0,0,0,0,0,0,0,0,0,0,0,0,0,0,0,7,0,4,0,0,0,1,0,0,0,0,0,0,0,2,0,3,0,0,0,9,0,6,0,3,0,3,0,0,0,0,0,0,0,0,0,2,0,0,0,0,0,0,0,6,0,8,0,10,0,0,0,0,0,0,0,3,0,0,0,0,0,0,0,0,0,38,0,0,0,0,0,0,0,0,0,0,0,0,0,0,0,0,0,0,0,0,0,0,0,0,0,0,0,0,0,3,0,28,0,0,0,4,0,56,0,7,0,18,0,2,0,7,0,0,0,0,0,4,0,1,0,1,0,5,0,0,0
9,1,35,0,13,0,18,0,0,1,0,0,21,4,6,0,62,0,18,0,37,0,69,0,23,0,81,0,9,0,0,0,7,0,15,0,72,0,11,0,32,14,53,0,0,0,19,0,39,5,15,0,0,0,32,0,20,0,5,0,0,0,2,0,0,0,3,0,9,0,0,0,0,0,6,0,25,0,11,0,19,0,12,0,64,0,14,0,15,0,6,0,3,0,7,0,71,0,19,0,0,0,5,0,0,0,0,0,0,0,0,0,0,0,0,0,0,0,0,0,14,0,0,0,1,0,0,0,0,0,4,0,0,0,53,0,42,0,0,0,5,0,113,0,7,0,9,0,14,0,0,0,0,0,0,0,0,0,0,0,5,0,7,0,63,0,31,0,35,0,9,0,22,0,0,0,8,4,5,0,3,1,1,0,1,0,32,0,15,0,0,0,0,0,0,0,2,0,0,0,71,0,0,0,26,0,0,0,15,0,0,0,2,0,3,0,0,0,199,11,23,0,194,11,119,0,14,0,42,0,0,0,9,0,4,0,0,0,0,0,0,0,2,0,38,0,0,0,0
0,16,0,3,0,7,0,4,0,6,0,13,5,6,0,3,0,0,3,22,4,13,0,4,0,1,16,30,0,0,0,2,0,3,0,0,0,13,0,1,13,23,0,6,0,0,2,13,0,47,0,22,0,0,0,0,0,0,0,3,0,1,0,0,0,2,0,3,0,9,0,4,0,0,0,3,0,16,0,6,0,6,0,2,0,19,0,13,0,7,0,1,0,0,0,3,0,1,0,0,0,1,0,0,0,0,0,0,0,0,0,0,0,0,0,0,0,0,0,0,0,7,0,6,0,0,0,0,0,0,0,2,0,0,0,3,0,0,0,1,0,3,0,4,0,8,0,5,0,1,0,6,0,5,0,0,0,2,0,0,0,1,0,5,0,97,0,7,0,60,0,10,0,7,0,0,0,34,0,5,0,0,0,0,0,3,2,62,0,0,0,0,0,0,0,9,0,5,0,0,0,12,0,0,0,0,0,0,0,0,0,2,0,0,0,2,0,0,14,64,0,38,0,129,0,38,0,20,0,76,0,7,0,13,0,8,0,3,0,1,0,1,0,0,0,11,0,0,0
10,1,10,0,19,0,0,0,1,0,6,0,32,7,7,0,1,0,42,0,8,0,9,0,2,0,23,30,0,0,0,0,0,0,0,0,1,0,0,0,28,49,8,0,19,2,0,19,22,10,0,0,1,0,5,0,0,0,0,0,0,0,0,0,0,0,0,0,0,0,0,0,0,0,1,0,0,0,0,0,0,0,2,0,0,0,1,0,0,0,0,0,0,0,0,0,0,0,0,0,0,0,0,0,0,0,0,0,0,0,0,0,0,0,0,0,0,0,0,0,0,0,0,0,0,0,0,0,0,0,1,0,0,0,0,0,2,0,0,0,0,0,6,0,0,0,0,0,0,0,0,0,0,0,0,0,0,0,0,0,0,0,0,0,3,3,1,0,0,0,0,0,0,0,0,0,7,2,2,0,2,0,2,0,0,0,30,0,1,0,0,0,0,0,0,0,0,0,0,0,0,0,0,0,0,0,0,0,2,0,0,0,0,0,0,0,0,0,235,11,0,0,62,32,19,0,1,0,2,0,0,0,0,0,0,0,0,0,0,0,0,0,0,0,0,0,0,0,0
0,37,0,0,0,28,0,0,0,0,0,86,58,107,0,0,0,0,18,51,20,0,0,0,0,0,117,31,0,0,0,0,0,0,0,0,0,0,0,0,52,85,4,0,0,13,19,0,0,21,1,1,0,0,0,0,0,0,0,0,0,0,0,0,0,10,0,0,0,0,0,0,0,0,0,0,0,0,0,0,0,0,0,0,0,0,0,0,0,0,0,0,0,0,0,0,0,0,0,0,0,0,0,0,0,0,0,0,0,0,0,0,0,0,0,0,0,0,0,0,0,0,0,0,0,0,0,0,0,0,0,2,0,0,0,0,0,0,0,0,0,0,0,0,0,0,0,4,0,0,0,0,0,0,0,0,0,0,0,0,0,0,0,0,0,0,0,0,0,0,0,0,0,0,0,0,1,48,0,0,0,0,0,0,0,0,14,7,0,2,0,0,0,0,0,0,0,0,0,0,0,0,0,0,0,0,0,0,0,0,0,0,0,0,0,0,0,0,25,107,0,0,0,74,0,0,0,0,0,0,0,0,0,0,0,0,0,0,0,0,0,0,0,0,0,0,0,0,0
30,0,36,0,24,0,51,0,22,0,11,0,38,1,4,0,0,0,24,0,11,0,9,0,6,0,27,3,0,0,0,0,1,0,1,0,2,0,0,0,76,7,18,0,39,0,22,0,0,5,5,0,13,0,12,0,36,0,0,0,0,0,5,1,2,0,2,0,11,0,2,0,0,0,0,0,6,0,4,0,0,0,9,0,10,2,0,0,9,0,0,0,2,0,4,0,0,0,2,0,0,0,4,0,0,0,0,0,0,0,0,0,0,0,0,0,1,0,0,0,0,0,0,0,0,0,0,0,0,0,6,0,0,0,25,0,4,0,0,0,3,0,23,0,0,0,0,0,0,0,6,0,5,1,0,0,4,0,0,0,17,0,10,0,11,1,8,0,7,0,6,0,2,0,0,1,21,3,5,0,7,0,4,0,4,0,76,0,10,0,0,0,31,0,0,0,0,0,0,0,0,0,24,0,13,0,0,0,0,0,0,0,4,0,7,0,5,0,124,14,11,0,146,46,76,0,74,0,64,0,9,0,6,0,7,0,2,0,14,0,5,0,8,0,28,0,0,0,0
0,17,0,4,0,7,0,3,0,1,0,23,0,9,0,6,0,0,0,9,0,11,0,1,0,1,14,18,0,1,0,0,0,0,0,0,0,6,0,0,24,131,0,3,5,47,10,21,5,0,0,28,0,0,0,0,0,0,0,0,0,0,0,2,0,0,0,0,0,12,0,1,0,0,0,0,0,6,0,0,0,0,0,0,0,0,0,4,0,2,0,0,0,0,0,0,0,0,0,0,0,0,0,5,0,0,0,0,0,0,0,1,0,0,0,0,0,0,0,0,0,0,0,0,0,0,0,0,0,0,0,1,0,0,0,2,0,0,0,0,0,0,0,0,0,1,0,0,0,3,0,10,0,14,0,0,0,0,0,0,0,2,0,0,0,10,0,3,0,5,0,2,0,5,0,6,0,79,0,4,0,19,0,0,0,0,5,27,0,0,0,0,0,0,0,0,0,0,0,0,0,0,0,1,0,0,0,0,0,0,0,0,0,2,0,0,0,2,21,48,0,18,16,193,0,11,0,12,0,11,0,2,0,7,0,4,0,1,0,1,0,1,0,2,0,3,0,0,0
0,0,3,0,17,0,0,0,6,0,0,0,38,2,4,0,6,0,51,0,29,0,0,0,0,0,97,3,4,0,19,0,5,0,26,0,89,0,0,0,2,0,21,0,15,0,0,1,5,0,0,0,0,0,0,0,15,0,5,0,4,0,0,0,0,0,1,0,7,0,0,0,0,0,0,0,19,0,11,0,0,0,8,0,0,0,12,0,4,0,0,0,0,0,0,0,11,0,0,0,0,0,2,0,0,0,0,0,0,0,0,0,0,0,0,0,0,0,0,0,0,0,0,0,0,0,0,0,0,0,0,0,0,0,0,0,0,0,0,0,2,0,0,0,0,0,2,0,0,0,0,0,0,0,0,0,0,0,2,0,3,0,9,0,39,0,79,0,100,0,24,0,54,0,0,0,1,0,3,0,0,0,0,0,0,0,6,0,0,0,2,0,0,0,2,0,1,0,0,0,23,0,0,0,26,0,0,0,0,0,4,0,0,0,9,0,5,0,40,0,56,0,28,0,210,0,41,0,121,0,17,0,18,0,7,0,10,2,20,0,0,0,4,0,52,0,0,0,0
0,2,0,0,0,5,0,2,0,0,0,4,0,3,0,0,0,0,0,19,0,6,1,4,0,0,2,46,0,1,0,1,0,0,0,0,0,10,0,1,4,0,0,3,0,22,0,1,0,28,0,0,0,0,0,0,0,0,0,1,0,0,0,0,0,0,0,0,0,0,0,0,0,0,0,0,0,14,0,0,0,5,0,0,0,16,0,7,0,4,0,0,0,0,0,0,0,0,0,2,0,0,0,2,0,0,0,0,0,0,0,0,0,0,0,0,0,0,0,0,0,5,0,4,0,0,0,0,0,0,0,0,0,0,0,0,0,0,0,0,0,1,0,3,0,2,0,2,0,0,0,0,0,0,0,0,0,2,0,0,0,2,0,1,0,7,0,5,0,40,0,1,0,4,0,0,0,17,0,0,0,0,0,0,0,1,2,117,0,0,0,0,0,0,0,0,0,0,0,0,0,12,0,0,0,0,0,0,0,0,0,0,0,0,0,3,0,0,0,4,0,10,0,4,0,12,0,25,0,8,0,15,0,24,0,6,0,3,0,4,0,3,0,4,0,20,0,0,0
0,0,14,0,4,0,111,5,119,19,0,0,0,0,0,0,139,0,0,0,0,0,15,0,68,0,0,0,7,0,0,0,0,0,0,0,0,0,4,0,0,0,0,0,0,0,1,0,13,0,0,0,0,5,155,25,66,8,30,6,19,1,109,0,1,1,2,11,0,0,0,0,2,0,0,0,0,0,6,0,17,0,0,0,42,0,0,0,0,0,4,0,0,0,0,0,36,0,19,0,0,0,0,0,0,0,0,0,0,0,0,0,0,0,0,0,0,0,0,0,17,0,28,0,0,0,0,0,50,0,6,0,12,0,0,0,123,0,222,0,163,0,185,0,63,0,0,0,3,0,0,0,0,0,307,0,80,0,69,0,5,0,11,0,0,0,2,0,16,0,138,0,3,0,0,0,28,4,0,0,1,0,0,0,3,2,0,0,0,0,0,0,0,0,0,0,0,0,0,0,31,0,0,0,0,0,0,0,0,0,0,0,0,0,93,0,0,0,16,0,87,1,43,0,43,0,64,0,135,0,4,0,49,0,8,0,3,0,37,0,12,0,8,0,67,0,0,0,0
0,7,0,4,0,2,33,65,57,92,0,0,0,0,0,0,0,119,0,0,0,11,0,22,8,2,0,1,0,18,0,0,0,8,0,0,0,0,0,4,0,0,0,0,0,0,0,0,0,0,0,0,5,0,53,125,6,87,9,10,4,28,7,123,0,0,0,3,0,0,0,0,0,0,0,0,0,0,0,0,0,0,0,0,0,39,0,4,0,0,0,0,0,0,0,0,0,0,0,2,0,3,0,0,0,0,0,2,0,0,0,0,0,0,0,0,0,0,0,0,0,0,0,0,0,0,0,3,0,60,0,11,0,63,0,16,0,183,0,120,0,20,0,150,0,63,0,0,0,1,0,0,0,0,0,153,1,63,0,27,0,7,0,0,0,0,0,1,0,0,2,11,0,5,0,1,5,73,0,0,0,0,1,4,0,15,0,0,0,0,0,0,0,0,0,0,0,0,0,0,0,0,0,0,0,0,0,0,0,6,0,4,0,3,0,14,0,0,0,2,0,47,1,9,0,7,0,15,2,49,0,0,0,24,0,2,0,0,0,7,0,0,0,0,2,12,0,0,0
0,18,84,0,12,0,262,20,24,90,0,0,0,0,28,0,59,0,0,0,16,0,176,0,216,12,0,0,10,0,0,0,0,0,0,0,3,0,0,0,0,0,0,0,32,0,5,0,12,0,0,0,155,53,0,124,63,4,34,8,24,4,49,24,13,0,11,24,0,0,0,0,0,0,0,0,0,0,0,0,0,0,0,0,17,0,0,0,3,0,0,0,0,0,0,0,0,0,0,0,0,0,0,0,0,0,0,0,0,0,0,0,0,0,0,0,0,0,0,0,3,0,0,0,7,0,0,0,38,0,21,2,40,0,39,0,177,0,33,5,34,0,123,0,0,0,0,2,9,0,0,0,0,0,54,2,31,6,15,0,79,0,0,0,1,0,0,0,0,0,100,0,9,0,0,0,19,11,0,0,0,0,0,0,1,10,0,0,0,0,0,0,0,0,0,0,0,0,0,0,0,0,0,0,0,0,0,0,36,0,30,0,13,0,182,0,0,0,25,0,169,2,70,0,68,0,65,0,173,0,5,0,106,5,16,0,6,0,67,1,12,0,25,0,89,0,0,0,0
13,28,10,43,0,3,135,477,154,115,0,0,0,0,1,17,6,44,0,26,0,7,11,17,38,103,0,9,2,13,0,0,0,5,0,1,0,3,1,5,0,0,0,0,0,0,0,0,0,0,0,0,25,125,124,0,9,78,31,41,10,44,39,172,0,16,6,30,0,0,0,0,0,0,0,0,0,0,0,0,0,0,0,0,0,56,0,6,0,0,0,0,0,0,0,1,0,10,0,0,0,4,0,0,0,2,0,0,0,0,0,0,0,0,0,0,0,0,0,0,0,0,0,0,0,12,0,10,3,55,0,36,0,56,0,116,0,212,0,26,0,10,3,92,0,6,0,3,0,5,0,0,0,0,0,113,0,43,1,16,0,21,0,4,0,7,0,0,2,17,1,54,2,15,0,0,15,73,0,0,0,0,0,9,0,45,0,0,0,0,0,0,0,0,0,0,0,0,0,0,0,0,0,0,0,0,0,0,5,18,0,38,0,10,6,193,0,0,0,21,1,290,0,69,0,36,5,37,5,353,1,6,0,159,0,17,0,2,0,29,0,3,2,6,0,106,0,0,0
2,2,19,0,0,0,48,0,12,5,0,0,0,0,0,0,7,0,0,0,21,0,11,0,9,0,0,0,0,0,11,0,0,0,0,0,20,0,5,0,0,0,9,0,20,0,0,0,36,0,15,0,66,6,63,9,0,8,106,15,7,0,0,3,17,5,54,36,0,0,0,0,1,0,0,0,0,0,0,0,0,0,0,0,0,0,0,0,1,0,0,0,0,0,0,0,0,0,0,0,0,0,0,0,0,0,0,0,0,0,0,0,0,0,0,0,0,0,0,0,0,0,0,0,3,0,3,0,46,0,25,0,7,0,0,0,9,0,6,0,0,0,0,0,15,4,0,0,1,0,0,0,1,0,62,9,39,0,59,0,87,5,31,0,0,0,16,0,40,0,87,0,5,0,5,8,9,1,0,0,28,6,0,0,0,24,0,0,0,0,0,0,0,0,0,0,0,0,0,0,0,0,0,0,0,0,0,0,12,0,33,1,20,0,314,0,0,0,43,0,295,0,136,0,95,0,77,5,401,0,12,0,246,7,105,0,8,0,130,0,28,0,35,0,249,1,0,0,0
0,18,0,0,0,0,0,27,8,7,0,0,0,0,0,0,0,13,0,5,0,0,0,0,0,56,0,12,0,5,0,0,0,0,0,0,0,0,0,0,0,0,0,0,0,0,0,0,0,0,0,0,8,87,4,78,8,0,12,60,0,0,0,29,1,14,7,20,0,0,0,0,0,0,0,0,0,0,0,0,0,0,0,0,0,9,0,0,0,4,0,0,0,0,0,0,0,0,0,0,0,0,0,0,0,0,0,0,0,0,0,0,0,0,0,0,0,0,0,0,0,0,0,0,0,7,0,8,0,29,0,41,0,27,0,23,0,63,1,13,0,3,0,19,1,4,0,4,0,10,0,5,0,1,0,157,0,12,0,57,0,39,0,30,0,0,0,0,0,23,0,106,0,1,0,0,0,4,0,0,0,0,0,0,0,45,0,0,0,0,0,0,0,0,0,0,0,0,0,0,0,2,0,0,0,0,0,0,0,1,0,9,0,21,1,225,0,3,0,15,0,316,0,82,0,41,0,47,0,665,0,1,0,143,1,95,0,3,0,13,0,2,0,6,0,80,0,0,0
0,0,0,0,0,0,18,0,29,22,0,0,0,0,0,0,1,0,0,0,0,0,0,1,5,0,0,0,0,0,0,0,0,0,0,0,15,0,4,0,0,0,3,0,5,0,0,0,0,0,5,0,30,9,34,31,106,12,0,29,23,0,0,0,97,0,131,47,0,0,0,0,0,0,0,0,0,0,0,0,0,0,0,0,0,0,0,0,0,0,0,0,0,0,0,0,0,0,0,0,0,0,0,0,0,0,0,0,0,0,0,0,0,0,0,0,0,0,0,0,0,0,0,0,8,0,0,0,0,0,42,0,0,0,0,0,0,0,0,1,0,0,0,0,4,0,5,0,5,0,1,0,0,0,15,2,112,2,0,0,39,0,0,0,3,0,11,0,5,0,31,0,6,0,0,3,64,3,0,0,13,0,1,0,37,35,0,0,0,0,0,0,0,0,0,0,0,0,0,0,0,0,0,0,0,0,0,0,0,0,0,0,10,0,216,0,2,0,11,0,146,1,58,0,29,0,50,1,118,0,8,0,196,3,49,0,11,0,105,0,23,0,43,0,168,1,0,0,0
0,0,0,6,0,0,0,10,20,42,0,4,0,0,0,4,0,0,0,0,0,2,0,3,0,13,0,2,0,0,0,0,0,0,0,0,0,0,0,0,0,0,0,0,0,3,0,0,0,0,0,1,6,10,8,41,15,60,29,0,0,3,0,2,5,117,31,164,0,0,0,0,0,0,0,0,0,0,0,0,0,0,0,0,0,0,0,0,0,0,0,0,0,0,0,0,0,0,0,0,0,0,0,0,0,0,0,1,0,0,0,0,0,0,0,0,0,0,0,0,0,0,0,0,0,6,0,6,0,2,0,35,0,3,0,8,0,21,0,0,0,0,0,0,0,4,0,5,0,18,0,5,0,2,4,12,1,54,0,0,3,30,0,6,0,0,0,2,0,0,0,22,0,2,0,6,0,18,0,0,0,17,0,0,0,68,0,0,0,0,0,0,0,0,0,0,0,0,0,0,0,0,0,0,0,0,0,0,0,6,0,0,0,0,3,270,0,2,0,12,0,293,0,73,0,18,0,60,0,292,0,0,0,200,1,144,0,3,1,37,0,0,0,11,3,163,0,0,0
245,0,178,0,0,0,423,0,309,0,0,0,0,0,1,0,57,0,0,0,0,0,38,0,37,0,0,0,33,0,3,0,3,0,0,0,59,0,23,0,0,0,7,0,0,0,0,0,0,0,4,0,19,4,24,10,7,0,23,0,0,0,36,0,1,0,2,0,0,0,11,0,0,0,7,0,0,0,0,0,8,0,0,0,0,0,0,0,2,0,0,0,0,0,0,0,0,0,14,0,0,0,0,0,0,0,0,0,0,0,0,0,0,0,0,0,0,0,0,0,12,0,6,0,0,0,0,0,0,0,0,0,0,0,0,0,0,0,194,0,114,0,39,0,263,0,6,0,11,0,0,0,0,0,79,0,105,0,13,0,1,0,11,0,0,0,0,0,0,0,58,0,98,0,0,0,39,1,0,0,0,0,9,0,10,0,0,0,0,0,0,0,0,0,0,0,0,0,0,0,0,0,0,0,0,0,0,0,0,0,5,0,3,0,14,0,0,0,5,0,18,0,8,0,5,0,57,0,23,0,2,0,9,1,4,0,0,0,7,0,0,0,2,0,7,0,0,0,0
1,271,5,62,0,0,10,185,2,103,0,0,0,0,0,0,0,17,0,0,0,7,5,0,0,55,0,3,0,9,0,0,0,3,0,13,0,84,0,2,0,0,0,10,0,1,0,0,0,0,0,0,1,28,4,44,0,0,0,3,0,0,0,92,0,0,0,2,0,0,0,0,0,0,0,0,0,0,0,0,0,0,0,0,0,0,0,1,0,0,0,0,0,0,0,0,0,0,0,0,0,0,0,0,0,0,0,0,0,0,0,0,0,0,0,0,0,0,0,0,0,0,0,3,0,0,0,0,0,0,0,0,0,0,0,0,0,23,0,66,0,50,0,38,0,138,0,0,0,2,0,0,0,2,0,13,0,63,0,4,0,0,0,0,0,3,0,0,0,5,0,24,0,29,0,3,1,35,0,0,0,0,0,0,0,3,0,0,0,0,0,0,0,0,0,0,0,0,0,0,0,0,0,0,0,0,0,0,0,0,0,7,0,3,0,15,0,0,0,4,0,51,0,20,0,7,0,14,0,85,0,0,0,13,0,2,0,0,0,2,0,1,0,0,0,8,0,0,0
117,20,146,0,0,0,325,18,255,11,0,0,0,0,0,0,474,3,0,0,29,0,41,0,180,18,6,0,121,0,4,0,7,0,0,0,19,0,28,0,0,0,6,0,2,0,0,0,5,0,0,0,109,7,49,39,0,0,0,0,36,0,0,0,0,0,2,0,0,0,29,0,0,0,22,0,0,0,0,0,46,0,0,0,40,0,0,0,5,0,0,0,0,0,0,0,46,0,55,0,1,0,0,0,0,0,0,0,0,0,0,0,0,0,0,0,0,0,0,0,47,0,34,0,0,0,0,0,11,0,0,0,11,0,9,0,36,0,115,0,114,0,120,0,38,0,5,0,4,0,0,0,0,0,43,0,25,0,9,0,0,0,5,0,0,0,0,0,0,0,9,0,15,0,2,1,34,4,0,0,0,0,3,0,7,0,0,0,0,0,0,0,0,0,0,0,0,0,0,0,0,0,0,0,0,0,0,0,0,0,3,0,1,0,18,0,0,0,0,0,23,0,8,0,9,0,45,0,13,0,0,0,20,0,1,0,1,0,11,0,6,1,6,0,13,0,0,0,0
16,106,37,42,0,0,28,264,23,94,0,0,0,0,0,22,16,345,0,27,0,63,15,83,43,155,0,0,1,64,0,10,0,17,0,6,0,48,0,43,0,0,0,0,0,0,0,0,1,2,0,0,0,123,24,172,3,29,0,2,0,92,0,0,0,0,0,1,0,1,0,0,0,3,0,0,0,4,0,6,0,7,0,1,0,174,0,20,0,17,0,0,0,0,0,2,0,20,0,15,0,20,0,0,0,0,0,0,0,0,0,0,0,0,0,0,0,0,0,0,0,0,0,13,0,5,0,0,0,29,0,0,0,34,0,46,0,157,0,167,0,47,0,258,1,147,0,0,0,0,0,1,0,0,0,126,0,107,0,41,0,0,0,0,0,0,0,0,0,9,0,5,2,16,0,0,0,45,0,0,0,0,0,30,0,4,0,0,0,0,0,0,0,0,0,0,0,0,0,0,0,0,0,0,0,0,0,0,0,6,0,0,0,4,0,25,0,0,1,6,0,59,0,9,0,5,1,80,0,61,0,0,5,43,0,4,0,0,0,6,0,0,0,1,0,22,0,0,0
3,0,10,0,6,0,25,0,36,0,0,0,2,0,1,0,0,0,2,0,2,0,3,0,0,0,4,0,0,0,0,0,0,0,0,0,0,0,1,0,1,0,0,0,0,0,0,0,2,0,0,0,1,0,13,0,17,1,97,5,1,0,0,0,0,5,91,6,0,0,0,0,0,0,0,0,0,0,0,0,0,0,0,0,0,0,0,0,0,0,0,0,0,0,0,0,0,0,0,0,0,0,0,0,0,0,0,0,0,0,0,0,0,0,0,0,0,0,0,0,0,0,0,0,3,0,0,0,0,0,8,0,0,0,0,0,0,0,0,4,0,0,0,0,3,4,0,0,11,0,1,0,0,0,2,4,0,1,0,0,46,7,3,0,0,0,0,0,0,0,0,0,2,0,21,14,2,0,0,0,56,5,0,0,7,2,0,0,0,0,0,0,0,0,0,0,0,0,0,0,0,0,0,0,0,0,0,0,0,0,0,0,0,0,0,0,0,0,0,0,17,0,7,0,4,0,4,0,10,0,0,0,19,0,30,0,0,0,9,0,0,0,0,0,36,0,0,0,0
0,94,0,10,0,7,0,28,0,112,0,27,0,15,0,8,0,0,0,39,0,0,0,4,0,0,0,49,0,0,0,0,0,0,0,0,0,0,0,0,0,0,0,0,0,2,0,10,0,0,0,0,1,0,0,16,5,14,0,117,0,0,0,0,5,0,3,267,0,1,7,7,0,1,0,0,0,0,0,0,0,0,0,0,0,0,0,0,0,0,0,0,0,0,0,0,0,0,0,0,0,0,0,0,0,0,0,0,0,0,0,0,0,0,0,0,0,0,0,0,0,3,0,3,0,9,0,11,0,0,0,65,0,0,0,0,0,11,31,4,0,7,0,0,25,30,3,61,14,204,2,21,0,8,0,1,0,0,25,0,20,228,0,0,0,0,0,1,0,0,0,0,0,0,13,95,0,3,0,1,5,102,0,0,0,80,0,0,0,0,0,0,0,0,0,0,0,0,0,1,0,4,0,0,0,0,0,0,0,18,0,0,0,3,0,0,0,0,0,0,0,0,0,8,0,3,0,23,0,0,0,1,0,9,0,88,0,0,0,0,0,1,0,5,0,18,0,0,0
8,0,3,0,1,0,65,0,48,3,0,0,1,0,1,0,0,0,0,0,0,0,0,0,0,0,2,0,0,0,0,0,0,0,0,0,3,0,0,0,1,0,0,0,3,0,0,0,2,0,1,0,2,0,11,6,54,7,131,31,2,0,2,0,91,3,0,40,0,0,0,0,0,0,0,0,0,0,0,0,0,0,0,0,0,0,0,0,0,0,0,0,0,0,0,0,0,0,0,0,0,0,0,0,0,0,0,0,0,0,0,0,0,0,0,0,0,0,0,0,0,0,0,0,4,0,0,0,0,0,11,0,0,0,0,0,0,0,0,0,0,0,0,0,0,0,1,0,0,0,0,0,0,0,0,1,3,0,0,4,32,0,0,0,0,0,0,0,3,0,1,0,1,0,9,0,105,1,0,0,33,2,0,0,64,39,0,0,0,0,0,0,0,0,0,0,0,0,0,0,0,0,0,0,0,0,0,0,0,0,0,0,0,0,35,0,0,0,0,0,39,0,0,0,2,0,15,1,16,0,0,0,56,0,26,0,0,0,21,0,4,0,0,0,54,0,0,0,0
1,20,0,0,0,1,4,18,17,38,0,0,0,0,0,0,0,0,0,7,0,0,0,2,0,0,0,10,0,0,0,0,0,0,0,0,0,0,0,0,0,0,0,0,0,3,0,0,0,0,0,0,11,3,24,30,36,20,47,164,0,2,0,1,6,267,40,0,0,0,0,0,0,0,0,0,0,0,0,0,0,0,0,0,0,0,0,0,0,0,0,0,0,0,0,0,0,0,0,0,0,0,0,0,0,0,0,0,0,0,0,0,0,0,0,0,0,0,0,0,0,0,0,0,0,0,0,0,0,1,0,22,0,0,0,4,0,4,5,0,0,0,0,0,1,9,0,5,0,18,0,3,0,2,9,4,0,27,7,0,7,33,0,0,0,0,0,0,0,0,0,0,0,0,0,56,5,68,0,0,0,134,0,0,2,559,0,0,0,0,0,0,0,0,0,0,0,0,0,0,0,0,0,0,0,0,0,0,0,0,0,3,0,10,2,145,0,0,0,4,0,210,0,35,0,3,2,67,0,139,0,2,1,134,0,185,0,0,0,30,0,0,0,8,0,110,0,0,0
0,0,0,0,0,0,0,0,0,0,0,0,0,0,0,0,0,0,0,0,0,0,0,0,0,0,0,0,0,0,0,0,0,0,0,0,0,0,0,0,0,0,2,0,9,0,0,0,11,0,7,0,0,0,0,0,0,0,0,0,0,0,0,0,0,0,0,0,0,0,2,0,20,0,2,0,63,0,45,0,5,0,3,0,0,0,4,0,6,0,0,0,2,0,0,0,0,0,0,0,0,0,100,0,0,0,14,0,8,0,1,0,7,0,0,0,7,0,0,0,0,0,0,0,0,0,0,0,0,0,0,0,0,0,0,0,0,0,0,0,0,0,0,0,0,0,0,0,0,0,0,0,0,0,0,0,1,0,0,0,0,0,0,0,47,0,0,0,143,0,13,0,0,0,0,0,0,0,0,0,0,0,0,0,0,0,0,0,42,0,0,0,0,0,0,0,0,0,18,0,31,0,0,0,0,0,0,0,0,0,5,0,115,0,59,0,64,0,27,0,0,0,62,0,43,0,9,0,52,0,0,0,0,0,0,0,0,0,7,0,20,0,11,0,0,0,0,0,0
0,0,0,0,0,0,0,0,0,0,0,0,0,0,0,0,0,0,0,0,0,0,0,0,0,1,0,1,0,0,0,0,0,0,0,0,0,0,0,0,0,0,0,1,0,9,0,0,0,12,0,0,0,0,0,0,0,0,0,0,0,0,0,1,0,1,0,0,0,0,0,0,0,2,0,0,0,19,0,0,0,2,0,0,0,0,0,9,0,1,0,0,0,0,0,1,0,0,0,0,0,1,0,1,0,0,0,4,0,1,0,0,0,0,0,0,0,0,0,0,0,0,0,0,0,0,0,0,0,0,0,0,0,0,0,14,0,0,0,0,0,0,0,0,0,0,0,0,0,0,0,0,0,0,0,1,0,0,0,0,0,3,0,0,0,25,0,1,0,30,0,18,0,2,0,0,0,0,0,0,0,0,0,0,0,0,0,0,0,23,0,0,0,0,0,18,0,0,0,0,0,14,0,6,0,9,0,0,0,0,0,2,0,87,0,16,0,25,0,12,0,6,0,60,0,15,0,3,0,152,0,0,0,0,0,0,0,0,0,1,0,0,0,0,0,0,0,0,0
0,0,0,0,0,0,0,0,0,0,0,0,0,0,0,0,64,0,2,0,31,0,0,0,0,0,0,0,33,0,9,0,11,0,0,0,52,0,15,0,0,0,25,0,0,0,0,0,2,0,0,0,0,0,0,0,0,0,0,0,11,0,29,0,0,7,0,0,2,0,0,0,365,0,247,0,8,0,195,0,0,0,0,0,7,0,20,0,0,0,0,0,0,0,0,0,0,0,2,0,0,0,0,0,0,0,4,0,0,0,0,0,0,0,0,0,0,0,0,0,37,0,22,3,3,2,22,0,0,2,7,12,0,0,0,0,7,0,0,6,64,4,44,0,107,8,11,0,14,0,22,0,12,0,0,0,10,0,2,0,0,0,59,0,2,0,7,0,21,0,52,0,27,0,13,0,0,0,0,0,18,0,0,0,4,0,0,0,0,0,0,0,0,0,0,0,0,0,9,0,5,0,0,0,0,0,0,0,11,0,0,0,0,0,2,0,0,0,3,0,6,0,0,0,11,0,0,0,36,0,1,0,0,0,1,0,2,0,11,0,7,0,13,0,0,0,0,0,0
0,0,0,0,0,0,0,0,0,0,0,0,0,0,0,0,0,0,0,0,0,27,0,0,0,0,0,0,0,8,0,3,0,0,0,2,0,19,0,2,0,0,0,1,0,4,0,0,0,1,0,0,0,0,0,0,0,0,0,0,0,0,0,0,0,7,0,0,0,0,0,0,0,317,0,213,0,14,0,99,0,2,0,0,0,0,0,43,0,2,0,0,0,0,0,0,0,0,0,0,0,0,0,0,0,1,0,0,0,0,0,0,0,0,0,0,0,0,0,0,0,34,0,78,0,38,0,22,0,0,0,7,0,0,0,15,0,0,2,2,0,22,0,11,0,142,0,0,0,0,0,32,1,0,0,0,0,5,0,0,0,0,0,34,0,0,0,6,0,4,0,14,0,2,3,16,0,0,0,0,0,13,0,0,0,0,0,0,0,0,0,0,0,0,0,0,1,0,0,0,0,6,0,0,0,0,0,19,0,20,0,0,0,0,0,1,0,0,0,0,0,0,0,0,0,3,0,3,0,47,0,0,0,0,0,4,0,0,0,15,0,0,0,0,0,11,0,0,0
0,0,0,0,1,0,0,0,0,0,0,0,0,0,1,0,0,0,0,0,0,0,0,0,1,0,0,0,0,0,0,0,0,0,0,0,0,0,0,0,0,0,0,0,0,0,0,0,0,0,0,0,2,0,0,0,1,0,0,0,0,0,0,0,0,0,0,0,20,0,365,0,0,0,107,0,105,0,177,0,0,0,16,0,24,0,2,0,0,0,3,0,6,0,0,0,18,0,0,0,0,0,0,0,0,0,0,0,0,0,0,0,0,0,0,0,2,0,0,0,69,0,21,0,15,0,33,0,0,0,5,0,19,0,73,0,23,0,0,0,36,0,169,0,48,1,23,0,7,0,25,0,9,0,0,0,0,0,0,0,0,0,33,0,0,0,3,0,3,0,5,0,3,0,3,1,0,0,0,0,7,0,0,0,0,0,1,0,0,0,0,0,26,0,0,0,0,0,55,0,79,0,52,0,8,0,18,0,34,0,0,0,0,0,1,0,1,0,0,0,2,0,0,0,6,0,3,0,3,0,0,0,0,0,10,0,1,0,114,0,28,0,38,0,9,0,0,0,0
