0,468,110,86,79,0,64,235,66,58,309,9,277,0,12,0,76,69,0,0,0,0,16,173,6,308,35,0,59,20,25,0,0,0,0,0,0,0,270,0,38,0,0,0,0,0,54,0,9,0,0,0,0,11,5,23,0,0,4,0,127,16,8,98,30,0,16,0,0,0,0,0,0,0,0,0,0,0,0,0,0,0,0,0,0,0,0,0,0,0,0,0,0,0,0,0,0,0,0,0,0,0,0,0,0,0,0,0,0,0,0,0,0,0,0,0,0,0,0,0,0,0,0,0,4,0,9,0,0,0,17,0,0,0,45,0,2,0,0,0,0,0,0,0,0,0,0,0,28,0,18,0,4,0,0,0,0,0,0,0,5,0,4,0,0,0,0,0,10,0,15,0,125,0,1,0,514,109,27,0,0,0,96,0,45,0,2,0,0,0,0,0,0,0,0,0,0,0,0,0,0,0,0,0,0,0,0,0,17,0,460,212,163,115,375,0,15,0,12,8,7,0,0,0,0
468,0,263,64,0,279,136,134,67,114,81,100,0,245,0,35,208,13,0,93,30,0,364,80,444,32,0,287,37,112,0,0,9,94,0,0,0,48,26,251,0,44,0,0,0,0,0,173,0,12,0,2,0,26,0,59,0,0,0,9,0,70,12,83,0,73,0,7,0,0,0,0,0,1,0,2,0,0,0,0,0,0,0,1,0,0,0,0,0,0,0,2,0,0,0,0,0,0,0,0,0,0,0,0,0,0,0,7,0,0,0,0,0,0,0,0,0,0,0,1,0,0,0,0,0,12,0,13,0,0,0,109,0,0,0,78,0,35,0,6,0,0,0,0,0,6,0,64,0,107,0,47,0,93,0,2,0,0,0,0,0,11,0,0,0,6,0,13,0,11,1,0,0,119,0,18,190,493,0,5,0,27,54,14,0,69,0,4,0,0,0,0,0,0,0,0,0,0,0,0,0,0,0,0,0,0,0,0,0,50,18,0,0,0,791,0,0,0,1022,242,341,329,0,18,0
110,263,0,0,118,0,170,0,29,0,54,56,106,0,175,142,147,0,109,0,72,0,547,183,125,65,45,0,281,50,148,0,104,0,6,0,24,12,418,30,0,0,0,0,17,0,15,0,17,0,0,0,8,5,221,0,14,0,8,0,58,0,4,20,6,0,9,0,0,0,0,0,0,0,0,0,0,0,0,0,0,0,0,0,0,0,0,0,0,0,21,0,0,1,0,0,0,0,0,0,0,0,0,0,0,0,77,0,0,0,0,0,0,0,0,0,0,0,1,0,0,0,0,0,0,0,57,0,54,0,97,0,10,0,472,0,132,0,0,3,0,0,115,0,0,0,24,0,38,0,79,0,6,0,5,0,0,0,0,0,21,0,0,0,19,0,61,0,42,0,37,0,348,0,0,0,76,52,0,0,0,0,7,0,10,0,0,0,0,0,0,0,0,0,0,0,0,0,63,0,111,0,0,0,0,0,43,0,211,0,498,138,551,256,619,0,0,1,0,0,0,0,0,0,0
86,64,0,0,0,230,0,112,0,0,66,23,0,27,0,197,30,66,0,144,35,69,118,371,0,67,0,99,15,301,18,33,0,140,0,4,0,27,16,175,0,0,0,0,0,3,0,0,0,0,0,0,0,0,0,129,0,23,0,10,0,9,0,14,0,0,0,0,0,0,0,0,0,0,0,0,0,0,0,0,0,0,0,0,0,0,0,0,0,0,0,17,0,0,0,0,0,34,0,0,0,0,0,0,0,0,0,91,0,0,0,0,0,0,0,0,0,0,0,0,0,0,0,0,0,0,0,0,0,0,0,0,0,0,0,174,0,39,0,22,0,0,0,0,0,0,0,2,0,0,0,0,0,0,0,0,0,0,0,0,0,0,0,0,0,6,0,34,0,25,0,5,0,157,0,0,28,32,0,0,0,0,0,0,0,0,0,0,0,0,0,0,0,0,0,0,0,0,0,0,0,18,0,0,0,0,0,0,0,25,11,0,0,0,210,0,0,0,149,28,294,130,0,0,0
79,0,118,0,0,353,18,0,43,0,113,210,748,274,180,303,0,0,200,284,66,110,125,160,26,0,229,194,0,0,158,47,237,104,18,0,171,37,66,0,87,0,19,19,44,0,135,61,11,0,54,0,2,0,0,0,0,0,4,0,1,0,3,0,10,0,0,0,0,0,0,0,0,0,0,0,0,0,0,0,0,0,0,0,0,0,0,0,0,0,0,0,0,0,0,0,0,0,0,0,0,0,0,0,0,0,0,0,0,0,0,0,0,0,0,0,0,0,0,0,0,0,0,0,0,0,24,0,0,0,22,0,0,0,50,0,0,0,0,0,0,0,0,0,0,0,5,0,22,0,27,0,4,0,0,0,0,0,0,0,0,0,3,0,54,2,235,0,100,0,16,0,151,0,3,0,113,103,0,9,11,0,31,0,49,0,0,0,0,0,0,0,0,0,0,0,3,0,0,0,34,0,0,0,0,0,0,0,48,0,436,368,548,222,393,0,2,0,0,0,0,0,0,0,0
0,279,0,230,353,0,0,137,0,5,253,141,179,204,329,144,0,0,104,167,198,81,0,152,0,14,0,208,0,35,75,80,85,190,0,67,47,193,4,25,0,37,0,0,0,0,0,137,0,0,0,26,0,0,0,0,0,0,0,0,0,0,0,0,0,0,0,0,0,0,0,0,0,2,0,0,0,0,0,0,0,0,0,0,0,45,0,0,0,0,0,0,0,0,0,0,0,0,0,0,0,0,0,0,0,0,0,0,0,0,0,0,0,0,0,0,0,0,0,0,0,0,0,0,0,0,0,4,0,8,0,9,0,0,0,109,0,0,0,0,0,0,0,0,0,20,0,10,0,21,0,0,0,29,0,0,0,0,0,0,0,0,0,0,0,0,16,145,0,48,0,0,0,49,0,36,55,256,23,25,0,28,0,0,0,0,0,0,0,0,0,0,0,0,0,0,0,0,0,0,0,0,0,0,0,0,0,4,0,26,17,13,0,0,286,0,0,0,368,214,273,124,0,0,0
64,136,170,0,18,0,0,74,161,147,0,0,0,0,0,0,11,0,0,0,0,0,20,0,164,113,0,0,15,3,0,0,0,0,0,0,0,0,71,0,0,0,0,0,0,0,1,0,16,0,2,0,54,0,187,41,22,0,16,0,270,23,189,87,13,0,36,0,0,0,0,0,0,0,0,0,1,0,0,0,0,0,0,0,0,0,0,0,0,0,0,0,0,0,0,0,0,0,0,0,0,0,0,0,0,0,0,0,0,0,0,0,0,0,0,0,0,0,0,0,0,0,0,0,0,0,40,0,67,0,124,0,3,0,74,0,16,0,0,0,0,0,19,0,0,0,0,0,19,0,28,0,0,0,7,0,0,2,0,0,65,0,0,0,5,0,0,0,19,0,141,0,180,0,0,0,45,23,0,0,0,0,11,0,7,0,0,0,0,0,0,0,0,0,0,0,2,0,0,0,17,0,0,0,0,0,0,0,61,0,800,130,378,526,1034,0,141,0,5,0,0,0,0,0,0
235,134,0,112,0,137,74,0,184,36,0,30,0,31,0,28,52,11,0,47,0,0,47,25,176,218,0,67,0,85,2,0,0,0,0,6,0,0,0,160,0,0,0,0,0,0,0,0,0,2,0,2,4,77,17,290,0,7,0,17,0,102,19,280,0,5,0,0,0,0,0,0,0,1,0,0,0,0,0,0,0,0,0,0,0,0,0,0,0,0,0,4,0,0,0,0,1,0,0,0,0,0,0,0,0,0,0,0,0,0,0,0,0,0,0,0,0,0,0,0,0,0,0,0,0,0,0,0,0,14,0,22,0,0,0,79,0,31,0,0,0,0,0,0,0,0,0,0,0,0,0,0,0,0,0,0,0,0,0,0,0,11,0,0,0,8,0,13,0,19,0,20,2,223,0,0,51,61,0,0,0,0,0,1,0,0,0,0,0,0,0,0,0,0,0,0,0,0,0,0,0,0,0,0,0,0,0,0,0,8,2,0,0,0,679,0,0,0,490,75,466,364,2,19,0
66,67,29,0,43,0,161,184,0,861,60,0,79,0,13,0,0,3,27,0,9,0,0,0,7,174,0,0,0,0,0,0,0,0,4,0,0,0,9,1,0,0,0,0,24,0,0,0,2,0,0,0,8,106,14,258,1,33,169,237,136,13,52,97,79,15,141,259,0,0,0,0,0,0,0,0,0,0,0,0,0,0,0,0,0,0,0,0,0,0,0,0,0,0,0,0,0,0,0,0,0,0,0,0,0,0,0,0,0,0,0,0,0,0,0,0,0,0,0,0,0,0,0,0,4,0,9,0,0,0,43,0,1,0,5,0,0,0,0,0,0,0,0,0,0,0,12,0,73,0,27,0,14,0,0,5,1,16,1,3,21,0,0,0,0,0,0,0,9,0,103,0,90,1,2,0,660,59,16,0,0,0,37,0,144,28,0,0,0,0,0,0,0,0,0,0,0,0,0,0,3,0,0,0,0,0,0,0,17,0,529,184,125,131,363,0,40,0,0,5,0,0,0,0,0
58,114,0,0,0,5,147,36,861,0,0,27,0,6,0,0,11,1,0,10,0,0,0,0,119,30,0,13,0,0,0,0,0,0,0,0,0,4,3,0,0,0,0,0,0,1,0,6,0,0,0,3,38,84,252,146,0,37,93,110,0,96,79,74,0,141,0,189,0,0,0,0,0,0,0,0,0,0,0,0,0,2,0,0,0,0,0,0,0,0,0,3,0,0,0,0,0,0,0,0,0,0,0,0,0,0,0,0,0,0,0,0,0,0,0,0,0,0,0,0,0,0,0,0,0,7,0,0,0,3,0,85,0,0,0,55,0,18,0,6,0,0,0,0,0,10,0,38,0,69,0,15,0,16,1,0,0,6,0,0,0,26,0,0,0,4,0,9,0,7,0,10,0,0,0,0,195,340,0,0,0,2,8,5,0,69,0,0,0,0,0,0,0,0,0,0,0,0,0,0,3,0,0,0,0,1,0,0,0,27,3,0,0,0,777,0,1,0,569,163,237,371,3,29,0
309,81,54,66,113,253,0,0,60,0,0,161,394,39,21,276,0,8,0,158,27,91,4,157,1,1,14,64,0,20,57,26,107,72,0,15,94,17,37,0,77,0,0,0,0,0,56,0,7,1,24,3,0,0,0,0,0,0,0,0,0,0,0,0,5,0,0,0,0,0,0,0,0,0,0,0,0,0,0,0,0,0,0,0,0,0,0,0,0,0,0,0,0,0,0,0,0,0,0,0,0,0,0,0,0,0,0,0,0,0,0,0,0,0,0,0,0,0,0,0,0,0,0,0,0,0,0,0,0,0,0,0,0,0,0,0,1,0,0,0,0,0,0,0,0,0,0,0,15,0,0,0,17,0,0,0,0,0,0,0,0,0,0,0,10,0,53,0,23,0,3,0,57,4,9,0,225,106,45,5,35,0,49,0,38,0,20,0,0,0,0,0,0,0,0,0,0,0,0,0,0,0,0,0,0,0,0,0,0,0,302,227,236,111,192,0,0,0,21,0,0,0,0,0,0
9,100,56,23,210,141,0,30,0,27,161,0,36,501,187,21,2,0,28,50,123,26,91,73,0,0,0,183,0,67,28,47,47,228,0,0,0,120,0,85,0,157,0,0,0,9,0,319,2,66,0,14,0,0,0,0,0,0,1,0,0,4,0,0,0,7,0,0,0,0,0,0,0,4,0,1,0,0,0,0,0,0,0,0,0,0,0,0,0,0,0,0,0,0,0,0,0,0,0,0,0,0,0,0,0,0,0,0,0,0,0,0,0,0,0,0,0,0,0,5,0,5,0,0,0,3,0,5,0,0,0,16,0,0,0,68,0,21,0,0,0,0,0,0,0,16,0,37,0,57,1,73,0,146,0,0,0,2,0,0,0,0,0,0,0,0,0,33,0,6,0,1,0,38,0,74,34,277,0,35,0,77,2,44,0,65,0,5,0,0,0,0,0,0,0,0,0,0,0,4,0,2,0,0,0,0,0,0,0,21,0,5,21,0,155,0,0,0,234,192,117,0,0,0,0
277,0,106,0,748,179,0,0,79,0,394,36,0,537,12,21,0,0,22,330,8,49,0,0,0,0,28,745,0,0,0,6,24,0,24,33,43,9,0,0,198,133,142,132,104,175,261,688,28,47,118,66,0,0,0,0,0,0,0,0,0,0,1,0,0,0,1,0,0,0,0,0,0,0,0,0,0,0,0,0,0,0,0,0,0,0,0,0,0,0,0,0,0,0,0,0,0,0,0,0,0,0,0,0,0,0,0,0,0,0,0,0,0,0,0,0,0,0,0,0,0,0,0,0,0,0,10,0,0,0,19,0,0,0,71,0,5,0,0,0,0,0,0,0,0,0,0,0,53,0,56,0,14,0,0,0,0,0,0,0,0,0,0,0,69,0,16,0,0,0,0,0,0,0,0,0,132,168,166,0,0,0,106,0,98,0,306,0,0,0,0,0,0,0,0,0,0,0,0,0,0,0,0,0,0,0,0,0,31,0,29,96,125,0,0,0,0,0,0,0,0,0,0,0,1
0,245,0,27,274,204,0,31,0,6,39,501,537,0,106,0,0,0,539,31,104,30,0,0,0,0,152,31,0,0,45,3,59,0,148,50,82,43,0,0,18,137,54,43,19,9,22,142,0,66,138,91,0,0,0,0,0,0,0,0,0,0,0,0,0,5,0,0,0,0,0,0,0,0,0,0,0,0,0,0,0,0,0,3,0,0,0,0,0,0,0,0,0,0,0,0,0,0,0,0,0,0,0,1,0,0,0,0,0,0,0,0,0,0,0,0,0,0,0,0,0,0,0,0,0,0,0,0,0,0,0,0,0,0,0,0,0,0,0,0,0,0,0,0,0,0,0,0,0,0,0,45,0,58,0,0,0,0,0,0,0,0,0,1,26,79,11,38,0,33,0,0,1,0,0,42,19,598,27,81,0,72,0,15,0,0,10,54,0,3,0,0,0,0,0,0,0,0,0,0,0,0,0,0,0,0,0,0,0,0,10,12,40,0,29,0,0,0,41,119,177,0,0,0,0
12,0,175,0,180,329,0,0,13,0,21,187,12,106,0,262,26,2,352,169,134,115,374,83,131,0,178,48,0,0,199,47,186,107,33,0,113,38,2,0,0,0,22,7,0,0,15,0,0,0,0,0,12,0,49,0,0,0,0,0,0,0,25,0,0,0,0,0,0,0,0,0,0,0,0,0,0,0,0,0,0,0,0,0,0,0,0,0,0,0,105,0,0,0,0,0,138,0,0,0,0,0,0,0,0,0,0,0,0,0,0,0,0,0,0,0,0,0,0,0,0,0,0,0,0,0,13,0,0,0,5,0,0,0,122,0,37,0,0,0,12,0,0,0,0,0,10,0,25,0,28,0,0,0,2,0,0,0,0,0,2,0,0,0,0,0,61,0,0,0,6,0,0,4,0,0,23,35,4,0,0,0,14,0,31,0,0,0,0,0,0,0,0,0,0,0,0,0,0,0,107,0,0,0,0,0,0,0,59,0,110,201,97,19,51,0,0,0,14,0,0,0,0,0,0
0,35,142,197,303,144,0,28,0,0,276,21,21,0,262,0,23,42,0,325,254,88,267,97,0,105,0,104,0,7,95,68,99,72,0,46,16,36,21,9,0,0,0,5,0,0,0,0,3,0,0,1,0,4,0,76,0,12,0,7,0,0,0,60,0,0,0,0,0,0,0,0,0,0,0,0,0,0,0,0,0,0,0,0,0,121,0,0,0,0,0,50,0,0,0,0,0,75,0,0,0,0,0,0,0,0,0,250,0,0,0,0,0,0,0,0,0,0,0,0,0,7,0,0,0,0,0,0,0,51,0,0,0,0,0,333,0,70,0,77,0,17,0,0,0,0,0,1,0,0,0,0,0,0,0,0,0,0,0,4,0,0,0,0,0,0,18,113,0,47,0,2,12,20,0,0,27,32,14,1,0,0,7,0,0,0,0,0,0,0,0,0,0,0,0,0,0,0,0,0,0,54,0,0,0,0,0,0,0,27,24,20,32,0,77,0,0,0,94,108,107,16,0,0,0
76,208,147,30,0,0,11,52,0,11,0,2,0,0,26,23,0,55,47,0,326,0,83,106,36,83,53,0,344,15,89,0,26,0,62,0,7,12,97,41,0,0,0,0,0,0,0,0,0,0,10,0,39,0,4,6,2,0,0,0,29,11,126,32,0,0,0,0,0,0,0,0,0,0,8,0,0,0,0,0,26,0,0,0,87,1,15,0,0,0,86,0,0,0,22,0,121,0,81,0,24,1,0,0,0,0,54,0,0,0,0,0,0,0,0,0,0,0,0,0,15,0,68,0,0,0,0,0,26,0,0,0,0,0,0,0,78,1,280,0,156,0,267,0,6,0,0,0,0,0,0,0,0,0,34,0,0,0,12,0,0,0,2,0,0,0,0,0,0,0,3,0,38,0,0,0,24,7,0,1,0,0,6,0,0,0,0,0,0,0,0,0,0,0,0,0,0,0,0,0,48,0,0,0,0,0,0,0,6,0,20,156,39,28,17,0,0,0,0,0,0,3,0,0,0
69,13,0,66,0,0,0,11,3,1,8,0,0,0,2,42,55,0,0,0,7,72,74,68,32,38,0,0,11,112,0,15,0,13,0,20,0,0,8,17,0,0,0,0,0,0,0,0,0,0,0,0,0,20,0,19,0,19,0,0,0,0,2,254,0,0,0,0,0,0,0,0,0,0,0,0,0,0,0,0,0,0,0,0,0,88,0,0,0,0,0,21,0,0,0,0,0,42,0,0,0,0,0,0,0,0,0,74,0,0,0,0,0,0,0,0,0,0,0,0,0,0,0,0,0,0,0,0,0,88,0,0,0,0,0,165,0,129,0,190,0,110,0,208,0,0,0,0,0,0,0,0,0,0,0,33,0,0,0,26,0,7,0,0,0,0,0,0,0,0,0,0,0,0,0,0,0,0,0,0,0,0,0,0,0,0,0,0,0,0,0,0,0,0,0,0,0,0,0,0,0,14,0,0,0,0,0,0,0,0,0,0,0,0,0,0,0,0,9,81,0,2,0,0,0
0,0,109,0,200,104,0,0,27,0,0,28,22,539,352,0,47,0,0,194,135,40,250,0,112,0,189,394,0,0,24,4,0,0,82,0,66,10,1,0,6,49,132,104,35,67,45,317,3,0,332,45,9,0,0,0,0,0,0,0,0,0,27,0,0,0,0,0,0,0,0,0,0,0,0,0,0,0,0,0,0,0,0,0,88,0,0,0,0,0,0,0,0,0,0,0,141,0,0,0,0,0,0,0,0,0,0,0,0,0,0,0,0,0,0,0,0,0,0,0,29,0,0,0,4,0,0,0,0,0,5,0,0,0,0,0,0,0,0,0,0,0,0,0,0,0,11,0,27,0,0,0,0,0,0,0,0,0,0,0,0,0,0,0,126,3,45,0,66,0,0,0,0,0,0,0,12,18,0,0,0,0,37,0,83,0,12,0,0,0,0,0,0,0,0,0,0,0,0,0,0,0,0,0,0,0,0,0,72,0,120,271,225,68,50,2,0,0,0,0,4,0,0,0,0
0,93,0,144,284,167,0,47,0,10,158,50,330,31,169,325,0,0,194,0,107,150,0,167,0,44,0,524,0,7,60,41,84,56,27,234,37,176,0,0,12,0,9,83,0,18,0,49,0,4,27,248,0,0,0,21,0,0,0,0,0,1,0,127,0,0,0,0,0,0,0,0,0,0,0,0,0,0,0,0,0,113,0,0,0,259,0,47,0,0,0,0,0,0,0,0,0,0,0,132,0,0,0,0,0,0,0,225,0,0,0,0,0,0,0,0,0,0,0,0,0,0,0,0,0,0,0,2,0,0,0,0,0,0,0,149,0,0,0,0,0,0,0,211,0,25,0,8,0,26,0,0,0,37,0,0,0,0,0,0,0,0,0,6,0,56,0,91,0,72,0,3,0,20,0,9,12,58,38,0,0,6,0,0,0,19,3,1,0,0,0,0,0,0,0,0,0,0,0,0,0,0,0,0,0,0,0,0,0,0,0,14,0,0,97,0,0,0,180,220,185,28,0,0,0
0,30,72,35,66,198,0,0,9,0,27,123,8,104,134,254,326,7,135,107,0,110,198,123,80,0,100,100,40,26,310,42,198,141,112,0,51,29,9,0,0,13,45,16,14,0,0,84,3,6,82,15,37,0,28,0,0,0,0,0,0,0,141,0,0,0,0,0,0,0,34,0,19,0,67,0,0,0,0,0,236,0,0,0,339,0,136,0,0,0,379,0,0,0,0,0,347,0,469,0,139,0,0,0,0,0,436,0,0,0,0,0,0,0,0,0,0,0,0,0,126,0,217,0,0,0,0,0,0,0,0,0,1,0,0,2,34,0,119,0,157,0,305,0,67,0,0,0,0,0,0,0,0,0,0,0,0,0,0,0,0,0,0,0,38,0,33,0,69,0,0,0,23,0,1,0,13,12,8,3,0,0,16,0,0,0,0,0,0,0,0,0,0,0,0,0,0,0,14,0,129,0,0,0,0,0,0,0,0,0,81,199,111,23,41,0,0,0,13,9,0,0,0,0,0
0,0,0,69,110,81,0,0,0,0,91,26,49,30,115,88,0,72,40,150,110,0,21,149,0,53,0,216,0,14,31,37,36,37,10,61,22,36,0,3,4,0,0,92,0,16,0,4,0,0,9,20,0,5,0,15,0,15,0,0,0,0,0,208,0,0,0,0,0,0,0,4,0,5,0,0,0,0,0,0,0,0,0,0,0,169,0,0,0,0,0,0,0,0,0,0,0,0,0,66,0,0,0,0,0,3,0,0,0,0,0,0,0,0,0,0,0,0,0,0,0,0,0,0,0,0,0,0,0,0,0,0,0,0,0,103,0,133,0,237,0,290,0,331,0,35,0,0,0,0,0,0,0,2,0,0,0,5,0,0,0,0,0,0,1,12,2,66,0,35,0,2,0,14,0,0,3,26,5,4,0,0,0,0,0,0,2,5,0,0,0,0,0,0,0,0,0,0,0,0,0,0,0,0,0,0,0,0,0,9,0,7,0,0,99,0,0,0,171,196,159,0,0,0,0
16,364,547,118,125,0,20,47,0,0,4,91,0,0,374,267,83,74,250,0,198,21,0,420,172,51,0,0,34,106,24,0,13,94,27,0,18,17,62,78,2,0,0,0,36,0,0,0,0,0,0,1,9,0,100,0,17,0,0,0,3,0,25,0,1,0,0,0,0,0,0,0,0,0,0,0,0,0,0,0,0,0,0,0,46,0,0,0,0,0,138,0,0,0,0,0,217,0,0,0,0,0,0,0,0,0,267,0,0,0,0,0,0,0,0,0,0,0,0,0,0,0,0,0,0,0,0,0,32,0,0,0,0,0,118,0,115,0,59,0,26,0,289,0,0,0,0,0,0,0,0,0,0,0,6,0,0,0,4,0,3,0,0,0,0,0,7,0,10,0,0,0,60,0,0,0,32,27,0,8,0,0,0,0,3,0,0,0,0,0,0,0,0,0,0,0,0,0,40,0,234,0,0,0,0,0,0,0,52,0,57,152,64,8,20,0,0,0,0,0,0,0,0,0,0
173,80,183,371,160,152,0,25,0,0,157,73,0,0,83,97,106,68,0,167,123,149,420,0,0,61,0,57,29,34,42,27,51,52,0,40,11,8,36,29,0,0,0,16,0,0,0,0,0,0,0,5,0,8,0,26,0,0,0,0,0,0,0,162,0,0,0,1,0,0,0,0,0,0,0,0,0,0,0,0,0,0,0,0,0,73,0,0,0,0,0,0,0,0,0,0,0,0,0,0,0,0,0,12,0,0,0,89,0,0,0,0,0,0,0,0,0,0,0,0,0,0,0,1,0,0,0,0,0,21,0,0,0,0,0,124,0,50,0,53,0,41,0,92,0,0,1,0,0,0,0,0,0,0,0,7,0,0,0,3,0,0,0,0,0,0,0,10,0,0,0,1,0,13,0,0,16,31,4,1,0,0,10,0,0,2,0,0,0,0,0,0,0,0,0,0,0,0,0,0,1,0,0,0,0,0,0,0,0,0,0,6,22,0,11,0,0,0,32,133,31,0,0,1,0
6,444,125,0,26,0,164,176,7,119,1,0,0,0,131,0,36,32,112,0,80,0,172,0,0,248,0,0,117,8,4,0,0,0,0,0,0,4,126,19,0,0,0,0,21,0,0,0,6,0,0,0,0,34,178,27,12,1,0,0,119,37,80,149,0,0,0,0,0,0,0,0,0,0,0,0,0,0,0,0,0,0,0,0,0,0,0,0,0,0,18,0,0,0,0,0,18,0,0,0,0,0,0,0,0,0,0,0,0,0,0,0,0,0,0,0,0,0,0,0,0,0,0,0,0,0,7,0,33,0,8,0,0,0,78,0,69,0,41,0,14,0,114,0,0,0,0,0,0,0,1,0,0,0,11,0,0,0,0,0,0,0,0,0,0,0,0,0,7,0,30,0,154,0,0,0,25,24,0,0,0,0,0,0,0,0,0,0,0,0,0,0,0,0,0,0,0,0,11,0,52,0,0,0,0,0,0,0,12,0,97,79,129,122,174,0,8,0,0,0,0,0,0,0,0
308,32,65,67,0,14,113,218,174,30,1,0,0,0,0,105,83,38,0,44,0,53,51,61,248,0,0,14,22,171,0,10,0,26,0,0,0,16,22,159,0,0,0,0,0,0,0,0,0,0,0,4,0,52,29,289,0,38,0,11,0,44,23,112,0,0,0,0,0,0,0,0,0,0,0,0,0,0,0,0,0,0,0,0,0,0,0,0,0,0,0,0,0,0,0,0,0,36,0,0,0,0,0,0,0,0,0,0,0,0,0,0,0,0,0,0,0,0,0,0,0,0,0,0,0,0,0,0,0,84,0,0,0,0,0,235,0,82,0,118,0,27,0,44,0,0,0,1,0,0,0,0,0,0,0,16,0,1,0,16,0,0,0,0,0,0,0,0,1,0,0,0,0,78,0,0,27,15,0,0,0,0,29,0,0,0,0,0,0,0,0,0,0,0,0,0,0,0,0,0,0,0,0,0,0,0,0,0,0,0,0,0,0,0,118,0,0,0,78,261,138,84,0,2,0
35,0,45,0,229,0,0,0,0,0,14,0,28,152,178,0,53,0,189,0,100,0,0,0,0,0,0,231,0,0,89,0,0,0,29,0,71,7,0,0,33,194,354,90,170,189,122,725,24,117,203,23,0,0,0,0,0,0,3,0,0,0,44,0,0,0,0,0,0,0,30,0,0,0,0,0,0,0,0,0,0,0,0,0,0,0,71,0,0,0,0,0,0,0,0,0,0,0,0,0,0,0,0,0,0,0,0,0,0,0,0,0,0,0,0,0,0,0,0,0,70,0,94,0,0,0,0,0,0,0,0,0,0,0,0,0,0,0,0,0,0,0,0,0,0,0,0,0,43,0,0,0,0,0,0,0,0,0,0,0,0,0,0,0,296,0,9,0,109,3,0,0,0,0,0,0,0,40,0,0,0,0,25,0,57,0,50,0,0,0,0,0,0,0,0,0,0,0,0,0,0,0,0,0,0,0,0,0,0,0,34,326,376,25,11,0,0,8,0,0,0,0,0,0,0
0,287,0,99,194,208,0,67,0,13,64,183,745,31,48,104,0,0,394,524,100,216,0,57,0,14,231,0,0,0,30,7,31,28,131,29,33,20,0,3,55,19,94,248,34,203,40,276,0,42,132,203,0,18,0,0,0,0,0,0,0,3,0,0,0,0,0,0,0,0,0,6,0,0,0,0,0,7,0,0,0,94,0,0,0,280,0,0,0,0,0,0,0,0,0,0,0,0,0,133,0,140,0,0,0,0,0,0,0,0,0,0,0,0,0,0,0,0,0,0,0,0,0,0,0,0,0,0,0,0,0,0,0,0,0,140,0,0,0,82,0,176,0,335,0,44,0,0,0,0,0,36,0,0,0,0,0,0,0,0,0,0,0,0,0,207,0,42,0,105,0,4,0,6,0,0,0,71,29,10,0,0,0,0,0,14,10,8,0,0,0,0,0,0,0,0,0,0,0,0,0,0,0,0,0,0,0,0,0,43,7,14,0,0,74,0,0,0,140,437,477,35,0,0,18
59,37,281,15,0,0,15,0,0,0,0,0,0,0,0,0,344,11,0,0,40,0,34,29,117,22,0,0,0,0,41,0,30,0,103,0,75,0,14,4,0,0,0,0,0,0,0,0,0,0,45,0,17,0,3,0,0,0,0,0,2,0,31,0,0,0,0,0,0,0,5,0,0,0,0,0,0,0,0,0,0,0,0,0,12,0,0,0,0,0,0,0,0,0,0,0,29,0,0,0,0,0,0,0,0,0,0,0,0,0,0,0,0,0,0,0,0,0,0,0,9,0,21,0,0,0,0,0,4,0,1,0,0,0,0,0,9,0,124,0,147,0,58,0,29,0,0,0,0,0,0,0,0,0,0,0,0,0,0,0,0,0,0,0,3,0,0,0,0,0,1,0,0,0,0,0,5,0,0,0,0,0,7,0,0,0,0,0,0,0,0,0,0,0,0,0,0,0,0,0,0,0,0,0,0,0,0,0,0,0,0,36,0,0,0,0,0,0,0,0,0,0,0,0,0
20,112,50,301,0,35,3,85,0,0,20,67,0,0,0,7,15,112,0,7,26,14,106,34,8,171,0,0,0,0,6,24,8,41,0,60,1,2,5,1,0,0,0,0,0,0,0,0,0,0,0,7,0,22,0,19,0,0,0,0,1,12,0,161,0,0,0,0,0,0,0,0,0,0,0,0,0,0,0,0,0,0,0,0,0,19,0,0,0,0,0,0,0,0,0,0,0,0,0,0,0,0,0,0,0,0,0,0,0,0,0,0,0,0,0,0,0,0,0,0,0,0,0,0,0,0,0,0,0,0,0,0,0,0,0,0,0,58,0,115,1,82,0,70,0,0,0,0,0,0,0,0,0,0,0,16,0,0,0,0,0,0,0,0,0,0,0,0,0,0,0,0,0,0,0,0,0,0,0,0,0,0,0,0,0,0,0,0,0,0,0,0,0,0,0,0,0,0,0,0,0,0,0,0,0,0,0,0,0,0,4,0,0,0,0,0,0,0,3,41,6,0,0,0,0
25,0,148,18,158,75,0,2,0,0,57,28,0,45,199,95,89,0,24,60,310,31,24,42,4,0,89,30,41,6,0,11,29,0,160,9,42,8,4,2,0,0,0,2,0,0,0,12,0,0,46,0,5,0,0,0,0,0,0,0,3,0,24,0,0,0,0,0,0,0,0,0,0,0,0,0,0,0,0,0,0,0,0,0,0,0,20,0,0,0,0,0,0,0,0,0,0,0,0,0,0,0,0,0,0,0,0,0,0,0,0,0,0,0,0,0,0,0,0,0,0,0,21,0,0,0,0,0,0,0,0,0,0,0,0,0,0,0,16,0,38,0,26,0,7,0,0,0,0,0,0,0,0,0,0,0,0,0,0,0,0,0,0,0,5,0,10,0,4,0,0,0,0,0,0,0,8,3,2,2,1,0,13,0,8,0,0,0,0,0,0,0,0,0,0,0,0,0,0,0,0,0,0,0,0,0,0,0,0,0,19,59,18,11,12,0,0,0,0,0,0,0,0,0,0
0,0,0,33,47,80,0,0,0,0,26,47,6,3,47,68,0,15,4,41,42,37,0,27,0,10,0,7,0,24,11,0,21,5,0,19,2,2,0,4,0,0,0,7,0,0,0,0,0,0,0,8,0,0,0,3,0,0,0,0,0,0,0,27,0,0,0,0,0,0,0,0,0,0,0,0,0,0,0,0,0,0,0,0,0,0,0,0,0,0,0,0,0,0,0,0,0,0,0,0,0,0,0,0,0,0,0,0,0,0,0,0,0,0,0,0,0,0,0,0,0,0,0,0,0,0,0,0,0,0,0,0,0,0,0,0,0,13,0,41,0,35,0,0,0,0,0,0,0,0,0,0,0,0,0,0,0,0,0,0,0,0,0,0,0,0,0,10,0,5,0,0,0,1,0,0,0,16,0,0,0,3,0,0,0,0,0,0,0,0,0,0,0,0,0,0,0,0,0,0,0,0,0,0,0,0,0,0,0,0,0,0,0,0,7,0,0,0,27,26,29,9,0,0,0
0,9,104,0,237,85,0,0,0,0,107,47,24,59,186,99,26,0,0,84,198,36,13,51,0,0,0,31,30,8,29,21,0,47,59,10,127,11,6,0,0,0,14,0,4,0,0,0,1,0,15,4,8,0,1,0,0,0,0,0,35,0,24,0,0,0,0,0,0,0,1,0,0,0,7,0,0,0,0,0,8,0,0,0,0,0,0,0,0,0,0,0,0,0,0,0,0,0,15,0,0,0,0,0,0,0,0,0,0,0,0,0,0,0,0,0,0,0,0,0,8,0,10,0,0,0,0,0,0,0,0,0,0,0,0,0,0,0,36,0,32,1,0,0,0,0,0,0,0,0,0,0,0,0,1,0,7,0,0,1,0,0,0,0,5,0,76,0,8,0,0,0,16,0,0,0,24,0,11,0,0,0,0,0,0,0,0,0,0,0,0,0,0,0,0,0,0,0,0,0,0,0,0,0,0,0,0,0,0,0,17,91,44,18,20,0,0,0,0,0,0,0,0,0,0
0,94,0,140,104,190,0,0,0,0,72,228,0,0,107,72,0,13,0,56,141,37,94,52,0,26,0,28,0,41,0,5,47,0,0,133,8,228,3,4,0,0,0,81,0,12,0,0,0,0,0,70,0,7,0,0,0,3,0,0,0,13,0,62,0,0,0,0,0,0,0,0,0,0,0,0,0,0,0,0,0,0,0,0,0,0,0,0,0,0,0,0,0,0,0,0,0,0,0,0,0,0,0,0,0,0,0,0,0,0,0,0,0,0,0,0,0,0,0,0,0,0,0,0,0,0,0,0,0,0,0,0,0,0,0,0,0,40,0,89,0,80,1,46,0,38,0,0,0,0,0,0,0,0,0,16,0,26,0,10,0,0,0,0,0,3,0,64,0,11,0,0,0,15,0,0,0,31,3,48,0,0,0,0,0,0,0,1,0,0,0,0,0,0,0,0,0,0,0,0,0,0,0,0,0,0,0,0,0,0,0,0,0,0,34,0,0,0,35,52,47,9,0,1,0
0,0,6,0,18,0,0,0,4,0,0,0,24,148,33,0,62,0,82,27,112,10,27,0,0,0,29,131,103,0,160,0,59,0,0,0,60,0,0,0,1,0,47,26,4,32,0,117,3,5,82,23,5,0,0,0,0,0,0,0,0,0,32,0,0,0,0,0,0,0,20,0,0,0,0,0,0,0,0,0,70,0,0,0,99,0,46,0,0,0,97,0,0,0,0,0,0,0,0,0,45,0,0,0,0,0,0,0,0,0,0,0,0,0,0,0,0,0,0,0,28,0,56,0,0,0,0,0,0,0,0,0,0,0,0,0,0,0,0,0,75,0,0,0,37,0,2,0,0,0,0,0,0,0,0,0,0,0,0,0,0,0,0,0,42,0,33,0,43,0,10,0,0,0,0,0,0,0,4,0,0,0,0,0,7,0,3,0,0,0,0,0,0,0,0,0,0,0,0,0,28,0,0,0,0,0,0,0,0,0,48,122,110,29,23,0,0,0,0,0,0,0,0,0,0
0,0,0,4,0,67,0,6,0,0,15,0,33,50,0,46,0,20,0,234,0,61,0,40,0,0,0,29,0,60,9,19,10,133,0,0,0,59,0,9,0,0,0,44,0,23,0,0,0,0,0,41,0,0,0,6,0,0,0,0,0,0,0,52,0,0,0,0,0,0,0,3,0,0,0,0,0,0,0,0,0,0,0,0,0,0,0,0,0,0,0,0,0,0,0,0,0,0,0,0,0,0,0,0,0,0,0,0,0,0,0,0,0,0,0,0,0,0,0,0,0,0,0,0,0,0,0,0,0,0,0,0,0,0,0,21,0,0,0,163,0,204,0,176,0,83,0,0,0,0,0,0,0,0,0,4,0,0,0,0,0,0,0,0,0,35,0,107,0,44,0,0,0,0,0,0,0,5,0,4,0,0,0,1,0,0,0,4,0,0,0,0,0,0,0,0,0,0,0,5,0,0,0,0,0,0,0,0,0,0,0,0,0,0,57,0,0,0,117,147,125,43,0,0,0
0,0,24,0,171,47,0,0,0,0,94,0,43,82,113,16,7,0,66,37,51,22,18,11,0,0,71,33,75,1,42,2,127,8,60,0,0,0,80,0,1,0,81,0,20,0,0,17,4,0,146,6,17,0,3,0,0,0,2,0,109,0,43,0,0,0,3,0,0,0,57,0,0,0,58,0,0,0,0,0,114,0,0,0,91,0,100,0,0,0,61,0,0,0,0,0,44,0,271,0,61,0,0,0,0,0,69,0,0,0,0,0,0,0,0,0,0,0,0,0,71,0,79,0,0,0,0,0,2,0,0,0,0,0,0,0,0,0,179,0,287,0,30,0,241,0,0,0,0,0,0,0,0,0,0,1,22,0,1,0,0,0,20,0,22,0,78,0,49,0,32,0,70,0,0,0,14,9,12,0,0,0,11,0,9,0,1,0,0,0,0,0,0,0,0,0,0,0,0,0,0,0,0,0,0,0,0,0,0,0,41,66,92,35,15,0,0,0,0,0,0,0,0,0,0
0,48,12,27,37,193,0,0,0,4,17,120,9,43,38,36,12,0,10,176,29,36,17,8,4,16,7,20,0,2,8,2,11,228,0,59,0,0,0,28,0,0,0,136,0,25,0,0,0,0,0,87,0,5,0,0,0,0,0,0,0,48,0,30,0,0,0,0,0,0,0,0,0,8,0,0,0,0,0,5,0,0,0,0,0,151,0,38,0,0,0,0,0,0,0,0,0,0,0,0,0,0,0,0,0,0,0,0,0,0,0,0,0,0,0,0,0,0,0,0,0,54,0,0,0,0,0,0,0,0,0,0,0,0,0,9,0,51,0,134,0,214,0,263,0,234,0,0,0,0,1,0,0,0,0,6,0,97,0,0,0,0,0,0,0,11,0,87,0,32,0,0,0,29,0,0,2,21,0,45,0,0,0,4,0,5,0,0,0,0,0,0,0,0,0,0,0,0,0,0,0,0,0,0,0,0,0,0,0,3,0,2,0,0,17,0,0,0,17,39,84,11,0,0,0
270,26,418,16,66,4,71,0,9,3,37,0,0,0,2,21,97,8,1,0,9,0,62,36,126,22,0,0,14,5,4,0,6,3,0,0,80,0,0,0,1,0,0,0,0,0,0,0,0,0,3,0,10,0,0,0,0,0,0,0,15,0,19,0,0,0,0,0,0,0,0,0,0,0,3,0,0,0,0,0,0,0,0,0,9,0,0,0,0,0,0,0,0,0,0,0,8,0,0,0,0,0,0,0,0,0,0,0,0,0,0,0,0,0,0,0,0,0,0,0,0,0,14,0,0,1,1,0,0,0,0,0,0,0,6,0,0,0,25,0,44,0,17,0,27,0,0,0,0,0,0,0,0,0,2,0,6,0,0,0,0,0,2,0,0,0,11,0,0,0,0,0,177,0,0,0,18,3,0,0,0,0,37,0,0,0,0,0,0,0,0,0,0,0,0,0,0,0,0,0,0,0,0,0,0,0,0,0,0,0,2,182,10,0,2,0,0,0,3,0,0,0,0,0,0
0,251,30,175,0,25,0,160,1,0,0,85,0,0,0,9,41,17,0,0,0,3,78,29,19,159,0,3,4,1,2,4,0,4,0,9,0,28,0,0,0,0,0,7,0,0,0,0,0,0,0,3,0,11,0,6,0,3,0,0,0,11,0,29,0,0,0,0,0,0,0,0,0,0,0,0,0,0,0,0,0,0,0,0,0,4,0,0,0,0,0,0,0,0,0,0,0,0,0,0,0,0,0,0,0,0,0,0,0,0,0,0,0,0,0,0,0,0,0,0,0,0,0,0,0,1,0,0,0,6,0,0,0,0,0,0,0,0,0,112,0,62,0,0,0,39,0,0,0,0,0,0,0,0,0,11,0,12,0,13,0,0,0,0,0,0,0,0,0,1,0,0,0,14,0,0,2,7,0,22,0,0,1,6,0,0,0,0,0,0,0,0,0,0,0,0,0,0,0,0,0,0,0,0,0,0,0,0,0,0,0,0,0,0,15,0,0,0,0,71,26,8,0,0,0
38,0,0,0,87,0,0,0,0,0,77,0,198,18,0,0,0,0,6,12,0,4,2,0,0,0,33,55,0,0,0,0,0,0,1,0,1,0,1,0,0,88,36,6,43,188,168,300,82,292,0,0,0,0,0,0,0,0,0,0,0,0,0,0,0,0,0,0,0,0,0,0,0,0,0,0,0,0,0,0,0,0,0,0,0,0,0,0,0,0,0,0,0,0,0,0,0,0,0,0,0,0,0,0,0,0,0,0,0,0,0,0,0,0,0,0,0,0,0,0,0,0,0,0,0,0,0,0,0,0,0,0,0,0,0,0,0,0,0,0,0,1,0,0,0,0,4,0,0,0,0,0,0,0,0,0,0,0,0,0,0,0,0,0,39,19,0,0,0,0,0,0,0,0,5,0,24,23,89,0,0,0,13,0,20,0,268,0,0,0,0,0,0,0,0,0,0,0,0,0,0,0,0,0,0,0,0,0,10,0,0,72,20,0,0,0,0,7,0,6,0,0,0,0,25
0,44,0,0,0,37,0,0,0,0,0,157,133,137,0,0,0,0,49,0,13,0,0,0,0,0,194,19,0,0,0,0,0,0,0,0,0,0,0,0,88,0,49,0,18,45,78,219,4,154,34,0,0,0,0,0,0,0,0,0,0,0,0,0,0,0,0,0,0,0,0,0,0,0,0,0,0,0,0,0,0,0,0,0,0,0,0,0,0,0,0,0,0,0,0,0,0,0,0,0,0,0,0,0,0,0,0,0,0,0,0,0,0,0,0,0,0,0,0,0,0,0,0,0,0,0,0,0,0,0,0,0,0,0,0,0,0,0,0,0,0,0,0,0,0,0,0,0,0,0,0,0,0,0,0,0,0,0,0,0,0,0,0,0,0,4,0,0,0,0,0,0,0,0,0,5,0,177,2,5,0,4,0,0,0,0,8,25,0,0,0,0,0,0,0,0,0,0,0,0,0,0,0,0,0,0,0,0,0,0,0,0,0,0,3,0,0,0,0,9,5,0,0,0,3
0,0,0,0,19,0,0,0,0,0,0,0,142,54,22,0,0,0,132,9,45,0,0,0,0,0,354,94,0,0,0,0,14,0,47,0,81,0,0,0,36,49,0,21,164,94,74,332,8,89,69,7,0,0,0,0,0,0,2,0,0,0,7,0,0,0,0,2,0,0,9,0,0,0,0,0,0,0,0,0,0,0,0,0,0,0,0,0,0,0,0,0,0,0,0,0,0,0,0,0,0,0,6,0,0,0,0,0,0,0,0,0,0,0,0,0,0,0,0,0,0,0,0,0,0,0,0,0,0,0,0,0,0,0,0,0,0,0,0,0,0,0,0,0,0,0,0,0,0,0,0,0,0,0,0,0,0,0,0,0,0,0,3,0,48,0,3,0,14,0,8,0,7,0,0,0,1,5,12,0,0,0,0,0,0,0,58,0,0,0,0,0,0,0,0,0,0,0,0,0,0,0,0,0,0,0,0,0,0,0,59,84,75,10,20,0,0,0,1,0,0,0,0,0,0
0,0,0,0,19,0,0,0,0,0,0,0,132,43,7,5,0,0,104,83,16,92,0,16,0,0,90,248,0,0,2,7,0,81,26,44,0,136,0,7,6,0,21,0,3,149,0,49,0,46,8,38,0,0,0,0,0,0,0,0,0,0,0,0,0,0,0,0,0,0,0,0,0,0,0,0,0,0,0,0,0,77,0,0,0,183,0,0,0,0,0,0,0,0,0,0,0,0,0,0,0,0,0,0,0,0,0,0,0,0,0,0,0,0,0,0,0,0,0,0,0,0,0,0,0,0,0,0,0,0,0,0,0,0,0,0,0,0,0,0,0,257,0,353,0,106,0,0,0,0,0,0,0,0,0,0,0,0,0,0,1,0,0,2,0,74,0,39,0,39,0,10,0,12,0,0,0,68,1,0,0,0,0,0,0,0,5,84,0,0,0,0,0,0,0,0,0,0,0,0,0,0,0,0,0,0,0,0,0,0,0,4,5,0,19,0,0,0,40,87,90,0,0,0,0
0,0,17,0,44,0,0,0,24,0,0,0,104,19,0,0,0,0,35,0,14,0,36,0,21,0,170,34,0,0,0,0,4,0,4,0,20,0,0,0,43,18,164,3,0,50,130,84,200,89,32,0,0,0,0,0,0,0,0,0,2,0,6,0,0,0,0,0,1,0,7,0,3,0,0,0,0,0,0,0,0,0,15,2,0,0,0,0,0,0,0,0,0,0,0,0,0,0,0,0,0,1,0,0,0,0,0,0,0,0,0,0,0,0,0,0,0,0,0,0,0,0,0,0,0,1,0,0,0,0,0,0,0,0,0,0,0,1,0,0,0,0,0,1,0,0,0,0,10,0,0,0,0,0,2,0,0,0,0,0,0,0,0,0,213,11,3,0,64,0,6,0,10,0,0,0,16,4,32,0,0,0,35,0,28,0,70,0,0,2,0,0,0,0,0,0,0,0,0,0,0,0,0,0,0,0,0,0,0,0,14,199,150,12,4,0,0,98,0,0,0,0,0,0,7
0,0,0,3,0,0,0,0,0,1,0,9,175,9,0,0,0,0,67,18,0,16,0,0,0,0,189,203,0,0,0,0,0,12,32,23,0,25,0,0,188,45,94,149,50,0,168,96,5,178,47,41,0,0,0,0,0,11,0,0,0,0,0,0,0,0,0,0,0,0,0,0,0,0,0,7,0,25,0,0,0,67,0,26,0,0,0,51,0,0,0,0,0,0,0,34,0,0,0,53,0,45,0,18,0,0,0,29,0,0,0,0,0,0,0,0,0,0,0,0,0,0,0,0,0,0,0,0,0,0,0,1,0,0,2,20,0,26,0,0,0,59,0,107,0,51,0,5,0,0,0,0,0,0,0,0,0,8,0,0,0,0,0,0,0,218,0,9,0,155,0,19,0,15,0,0,0,31,0,3,0,0,0,0,0,0,27,63,0,59,0,0,0,0,0,23,0,0,0,0,0,0,0,0,0,0,0,0,0,0,1,14,0,0,8,0,0,6,27,190,254,9,0,0,136
54,0,15,0,135,0,1,0,0,0,56,0,261,22,15,0,0,0,45,0,0,0,0,0,0,0,122,40,0,0,0,0,0,0,0,0,0,0,0,0,168,78,74,0,130,168,0,267,206,431,10,3,0,0,0,0,0,0,0,0,0,0,0,0,0,0,0,0,0,0,0,0,0,0,0,0,0,0,0,0,0,0,0,0,0,0,0,0,0,0,0,0,0,0,0,0,0,0,0,0,0,0,0,0,0,0,0,0,0,0,0,0,0,0,0,0,0,0,0,0,0,0,0,0,0,0,0,0,0,0,0,0,0,0,0,0,0,2,0,0,0,0,0,0,0,0,0,0,14,0,0,0,0,0,0,0,0,0,0,0,0,0,0,0,120,24,0,0,15,0,0,0,3,0,0,0,10,26,20,0,0,0,28,0,56,0,224,0,0,0,0,0,0,0,0,0,0,0,0,0,0,0,0,0,0,0,0,0,0,0,0,387,77,0,0,0,0,77,0,9,7,0,0,0,36
0,173,0,0,61,137,0,0,0,6,0,319,688,142,0,0,0,0,317,49,84,4,0,0,0,0,725,276,0,0,12,0,0,0,117,0,17,0,0,0,300,219,332,49,84,96,267,0,12,121,185,0,0,0,0,0,0,0,0,0,0,0,0,0,0,0,0,0,0,0,0,0,0,0,0,0,0,0,0,0,0,0,0,0,0,0,0,0,0,0,0,0,0,0,0,0,0,0,0,0,0,0,0,0,0,0,0,0,0,1,0,0,0,0,0,0,0,0,0,0,0,0,0,0,0,0,0,0,0,0,0,0,0,0,0,33,0,0,0,0,0,0,0,0,0,0,0,0,0,0,0,0,0,0,0,0,0,0,0,0,0,0,0,0,10,18,0,2,0,10,0,0,0,0,0,0,0,260,8,5,0,7,0,0,0,0,67,68,0,0,0,0,0,0,0,0,0,0,0,0,0,0,0,0,0,0,0,0,0,0,0,23,25,0,9,0,0,8,0,124,46,0,0,0,52
9,0,17,0,11,0,16,0,2,0,7,2,28,0,0,3,0,0,3,0,3,0,0,0,6,0,24,0,0,0,0,0,1,0,3,0,4,0,0,0,82,4,8,0,200,5,206,12,0,40,0,0,0,0,2,0,0,0,5,0,0,0,0,0,0,0,0,0,0,0,0,0,0,0,0,0,0,0,0,0,2,0,2,0,0,0,3,0,0,0,4,0,2,0,9,0,2,0,0,0,0,0,6,0,2,0,0,0,0,0,0,0,0,0,0,0,0,0,0,0,0,0,1,0,0,0,4,0,0,1,1,0,1,0,9,0,4,0,0,0,4,0,11,0,0,0,4,0,0,0,12,0,0,0,0,0,0,0,0,0,4,0,1,0,17,0,0,0,8,0,2,0,7,0,0,0,5,3,17,0,5,0,6,0,0,0,182,0,10,0,7,0,28,0,4,0,0,0,12,0,10,0,24,0,18,0,4,0,5,0,27,30,75,9,53,1,1,23,0,0,0,0,0,0,0
0,12,0,0,0,0,0,2,0,0,1,66,47,66,0,0,0,0,0,4,6,0,0,0,0,0,117,42,0,0,0,0,0,0,5,0,0,0,0,0,292,154,89,46,89,178,431,121,40,0,22,5,0,0,0,0,0,1,0,0,0,0,0,0,0,0,0,0,0,7,0,0,0,0,0,0,0,13,0,0,0,0,0,10,0,0,0,0,0,0,0,0,0,1,0,8,0,0,0,0,0,2,0,4,0,0,0,0,0,0,0,0,0,0,0,0,0,0,0,0,0,0,0,0,0,0,0,0,0,0,0,0,0,0,0,0,0,0,0,0,0,0,0,0,0,0,0,7,0,4,0,0,0,0,0,0,0,0,0,0,0,1,0,0,8,28,0,0,0,38,0,3,0,0,0,0,0,75,0,1,0,0,0,0,0,0,77,48,0,8,0,0,0,0,0,3,0,0,0,0,0,3,0,0,0,0,0,0,0,6,0,14,0,0,1,0,0,1,10,37,13,3,0,0,60
0,0,0,0,54,0,2,0,0,0,24,0,118,138,0,0,10,0,332,27,82,9,0,0,0,0,203,132,45,0,46,0,15,0,82,0,146,0,3,0,0,34,69,8,32,47,10,185,0,22,0,11,0,0,0,0,1,0,0,0,3,0,15,0,0,0,0,1,2,0,10,0,0,0,16,0,0,0,0,0,0,0,0,0,34,0,27,0,0,0,37,0,0,0,0,0,26,0,83,0,19,0,0,0,0,0,37,0,0,0,0,0,0,0,0,0,0,0,0,0,16,0,0,0,0,0,0,0,0,0,0,0,0,0,0,0,0,0,28,0,48,0,22,0,34,0,0,0,0,0,0,0,0,0,0,0,1,0,0,0,0,1,9,0,56,2,16,0,59,0,16,0,33,0,0,0,13,22,20,0,0,0,18,0,0,0,44,0,0,0,0,0,0,0,4,0,0,0,7,0,16,0,0,0,0,0,0,0,0,1,79,91,72,26,37,0,1,0,0,0,0,0,0,0,0
0,2,0,0,0,26,0,2,0,3,3,14,66,91,0,1,0,0,45,248,15,20,1,5,0,4,23,203,0,7,0,8,4,70,23,41,6,87,0,3,0,0,7,38,0,41,3,0,0,5,11,0,0,0,0,0,0,0,0,0,0,9,0,0,0,0,0,1,0,0,0,9,0,0,0,0,0,0,0,0,0,57,0,0,0,133,0,0,0,0,0,0,0,0,0,0,0,24,0,0,0,55,0,0,0,0,0,0,0,0,0,0,0,0,0,0,0,0,0,0,0,0,0,4,0,0,0,0,0,0,0,0,0,0,0,20,0,0,0,0,0,109,0,138,0,67,0,0,0,0,0,0,0,0,0,0,0,0,0,0,0,0,0,0,0,43,0,52,0,42,0,26,0,38,0,0,0,9,0,1,0,0,0,1,0,0,0,16,0,0,0,0,0,0,0,0,0,0,0,0,0,0,0,6,0,5,0,0,1,0,0,0,0,0,26,0,0,0,49,110,115,22,0,0,0
0,0,8,0,2,0,54,4,8,38,0,0,0,0,12,0,39,0,9,0,37,0,9,0,0,0,0,0,17,0,5,0,8,0,5,0,17,0,10,0,0,0,0,0,0,0,0,0,0,0,0,0,0,4,37,10,98,4,32,40,48,1,24,2,0,3,0,35,0,0,0,0,0,0,0,0,0,0,0,0,0,0,0,0,0,0,0,0,0,0,3,0,0,0,0,0,4,0,0,0,0,0,0,0,0,0,2,0,0,0,0,0,0,0,0,0,0,0,0,0,0,0,0,0,0,0,0,0,40,0,6,0,0,0,4,0,14,0,142,0,20,0,15,0,0,0,0,0,0,0,0,0,0,0,90,2,53,1,37,0,30,0,4,0,0,0,0,0,0,0,85,0,5,0,0,0,4,0,0,0,0,0,0,0,0,0,0,0,0,0,0,0,0,0,0,0,0,0,0,0,0,1,0,0,0,0,0,0,4,0,38,50,117,100,62,9,31,0,0,1,0,0,0,0,0
11,26,5,0,0,0,0,77,106,84,0,0,0,0,0,4,0,20,0,0,0,5,0,8,34,52,0,18,0,22,0,0,0,7,0,0,0,5,0,11,0,0,0,0,0,0,0,0,0,0,0,0,4,0,21,135,0,123,14,21,0,38,8,47,0,0,0,0,0,0,0,0,0,0,0,0,0,0,0,0,0,1,0,0,0,0,0,0,0,0,0,0,0,0,0,0,0,0,0,0,0,0,0,0,0,0,0,0,0,0,0,0,0,0,0,0,0,0,0,0,0,0,0,0,0,0,0,0,0,86,0,0,0,0,0,24,0,88,0,327,0,75,0,60,0,36,0,0,0,0,0,0,0,0,1,220,0,60,0,132,0,22,0,0,0,0,0,0,0,3,0,46,0,27,0,0,5,12,0,0,0,0,4,8,0,67,0,0,0,0,0,0,0,0,0,0,0,0,0,0,0,0,0,0,0,0,0,0,0,0,2,1,0,0,36,0,0,0,23,152,59,39,0,4,0
5,0,221,0,0,0,187,17,14,252,0,0,0,0,49,0,4,0,0,0,28,0,100,0,178,29,0,0,3,0,0,0,1,0,0,0,3,0,0,0,0,0,0,0,0,0,0,0,2,0,0,0,37,21,0,45,54,13,57,53,15,0,19,12,4,4,0,54,2,0,0,0,0,0,0,0,0,0,0,0,0,0,0,0,0,0,0,0,0,0,0,0,0,0,0,0,0,0,0,0,0,0,0,0,0,0,0,0,0,0,0,0,0,0,0,0,0,0,0,0,0,0,0,0,0,0,0,0,120,0,20,0,0,0,91,0,154,0,53,0,0,0,115,0,0,0,0,0,0,0,0,0,0,0,26,4,2,0,10,0,55,0,19,0,0,0,2,0,8,0,167,0,16,0,0,0,7,0,0,0,0,0,0,0,0,4,0,0,0,0,0,0,0,0,0,0,0,0,0,0,55,0,0,0,0,0,0,0,0,0,208,103,242,204,301,14,84,1,2,0,0,0,0,0,0
23,59,0,129,0,0,41,290,258,146,0,0,0,0,0,76,6,19,0,21,0,15,0,26,27,289,0,0,0,19,0,3,0,0,0,6,0,0,0,6,0,0,0,0,0,0,0,0,0,0,0,0,10,135,45,0,0,59,40,120,2,13,27,23,0,0,19,0,0,0,0,0,0,0,0,0,0,0,0,0,0,0,0,0,0,0,0,0,0,0,0,0,0,0,0,0,0,0,0,0,0,0,0,0,0,0,0,15,0,0,0,0,0,0,0,0,0,0,0,0,0,0,0,0,0,0,0,0,0,100,0,29,0,3,0,115,0,53,0,27,0,4,0,8,0,0,0,0,0,0,0,0,0,0,0,50,0,11,0,19,0,40,0,0,0,0,0,0,0,19,0,59,0,28,0,0,8,10,0,0,0,0,0,2,2,19,0,0,0,0,0,0,0,0,0,0,0,0,0,4,0,0,0,0,0,0,0,0,0,8,0,1,0,0,242,0,0,0,191,300,220,252,2,11,0
0,0,14,0,0,0,22,0,1,0,0,0,0,0,0,0,2,0,0,0,0,0,17,0,12,0,0,0,0,0,0,0,0,0,0,0,0,0,0,0,0,0,0,0,0,0,0,0,0,0,1,0,98,0,54,0,0,0,18,24,0,0,5,0,4,34,6,56,1,0,0,0,0,0,0,0,1,0,0,0,0,0,0,0,0,0,0,0,0,0,0,0,0,0,0,0,0,0,0,0,0,0,0,0,0,0,0,0,0,0,0,0,0,0,0,0,0,0,0,0,0,0,0,0,4,0,1,0,82,0,67,0,0,0,0,0,21,0,15,10,0,0,12,0,3,9,0,0,8,0,0,0,0,0,21,15,14,0,19,18,92,32,32,0,0,0,2,0,12,0,79,0,11,0,0,1,10,0,0,0,0,0,0,0,29,0,0,0,0,0,0,0,0,0,0,0,0,0,2,0,0,0,0,0,0,0,0,0,6,0,294,100,319,295,506,65,118,0,0,1,0,0,0,0,0
0,0,0,23,0,0,0,7,33,37,0,0,0,0,0,12,0,19,0,0,0,15,0,0,1,38,0,0,0,0,0,0,0,3,0,0,0,0,0,3,0,0,0,0,0,11,0,0,0,1,0,0,4,123,13,59,0,0,48,163,0,5,0,23,0,0,35,19,0,1,0,0,0,0,0,0,0,0,0,0,0,0,0,3,0,0,0,0,0,0,0,0,0,3,0,1,0,0,0,0,0,0,0,0,0,0,0,0,0,0,0,0,0,0,0,0,0,0,0,0,0,0,0,0,0,0,0,0,0,39,0,26,0,0,0,11,0,8,1,16,0,0,0,4,0,0,0,0,0,0,0,0,0,0,2,120,0,3,0,85,0,35,0,0,0,2,0,0,0,43,0,302,0,9,0,0,0,0,0,0,0,0,0,0,0,0,0,0,0,1,0,0,0,0,0,0,0,0,0,0,0,0,0,0,0,0,0,0,1,0,0,0,0,0,465,0,0,0,300,126,531,606,5,29,0
4,0,8,0,4,0,16,0,169,93,0,1,0,0,0,0,0,0,0,0,0,0,0,0,0,0,3,0,0,0,0,0,0,0,0,0,2,0,0,0,0,0,2,0,0,0,0,0,5,0,0,0,32,14,57,40,18,48,0,226,13,0,2,1,114,131,432,472,0,0,0,0,0,0,0,0,0,0,0,0,0,0,0,0,0,0,0,0,0,0,0,0,0,0,1,0,0,0,0,0,0,0,0,0,0,0,0,0,0,0,0,0,0,0,0,0,0,0,0,0,0,0,0,0,2,0,0,0,11,0,27,0,0,0,0,0,0,0,3,2,0,0,0,0,0,0,0,0,3,0,3,0,0,0,5,51,6,26,3,31,29,40,18,0,0,0,3,0,6,0,76,0,8,0,0,0,81,0,0,0,0,6,0,0,106,38,0,0,0,0,0,0,0,0,0,0,0,0,0,0,0,0,0,0,0,0,0,0,0,0,1030,553,378,566,1523,120,271,0,0,0,0,0,0,0,0
0,9,0,10,0,0,0,17,237,110,0,0,0,0,0,7,0,0,0,0,0,0,0,0,0,11,0,0,0,0,0,0,0,0,0,0,0,0,0,0,0,0,0,0,0,0,0,0,0,0,0,0,40,21,53,120,24,163,226,0,0,7,0,9,27,103,153,267,0,0,0,0,0,0,0,0,0,0,0,0,0,0,0,0,0,0,0,0,0,0,0,0,0,4,0,0,0,0,0,0,0,0,0,0,0,0,0,0,0,0,0,0,0,0,0,0,0,0,0,0,0,0,0,0,0,7,0,0,0,7,0,94,0,0,0,22,0,15,4,8,0,2,0,0,0,0,0,0,0,36,0,0,0,0,22,37,3,14,8,25,0,95,0,0,0,1,0,0,0,13,0,40,0,5,0,0,41,0,0,0,0,0,0,0,47,11,0,0,0,0,0,0,0,0,0,0,0,0,0,0,0,0,0,0,0,0,0,0,0,8,0,0,0,0,1068,0,0,0,1013,424,302,663,13,38,0
127,0,58,0,1,0,270,0,136,0,0,0,0,0,0,0,29,0,0,0,0,0,3,0,119,0,0,0,2,1,3,0,35,0,0,0,109,0,15,0,0,0,0,0,2,0,0,0,0,0,3,0,48,0,15,2,0,0,13,0,0,0,22,0,0,0,0,0,0,0,3,0,0,0,0,0,0,0,0,0,0,0,0,0,0,0,6,0,0,0,0,0,0,0,0,0,0,0,0,0,2,0,0,0,0,0,0,0,0,0,0,0,0,0,0,0,0,0,0,0,0,0,0,0,0,0,0,0,0,0,0,0,0,0,0,0,0,0,206,0,158,0,0,0,448,0,0,0,0,0,0,0,0,0,35,0,104,0,3,0,0,0,8,0,2,0,1,0,3,0,149,0,81,0,0,0,7,0,0,0,0,0,0,0,0,0,0,0,0,0,0,0,0,0,0,0,0,0,0,0,0,0,0,0,0,0,0,0,0,0,7,39,33,16,10,0,0,0,0,0,0,0,0,0,0
16,70,0,9,0,0,23,102,13,96,0,4,0,0,0,0,11,0,0,1,0,0,0,0,37,44,0,3,0,12,0,0,0,13,0,0,0,48,0,11,0,0,0,0,0,0,0,0,0,0,0,9,1,38,0,13,0,5,0,7,0,0,0,44,0,0,0,0,0,0,0,0,0,0,0,0,0,0,0,0,0,0,0,0,0,0,0,0,0,0,0,0,0,0,0,0,0,0,0,0,0,0,0,0,0,0,0,0,0,0,0,0,0,0,0,0,0,0,0,0,0,0,0,0,0,0,0,0,0,2,0,0,0,0,0,0,0,11,0,55,0,51,0,11,0,158,0,0,0,0,0,0,0,0,0,11,0,168,0,19,0,0,0,0,0,0,0,0,0,3,0,17,0,77,0,0,0,25,0,4,0,0,0,22,0,31,0,0,0,0,0,0,0,0,0,0,0,0,0,0,1,0,0,0,0,0,0,0,0,0,0,0,0,0,4,0,0,0,9,189,30,5,0,0,0
8,12,4,0,3,0,189,19,52,79,0,0,1,0,25,0,126,2,27,0,141,0,25,0,80,23,44,0,31,0,24,0,24,0,32,0,43,0,19,0,0,0,7,0,6,0,0,0,0,0,15,0,24,8,19,27,5,0,2,0,22,0,0,14,0,0,0,1,0,0,0,0,0,0,10,0,0,0,0,0,0,0,0,0,0,0,0,0,0,0,0,0,0,0,0,0,0,0,0,0,0,0,0,0,0,0,0,1,0,0,0,0,0,0,0,0,0,0,0,0,15,0,0,0,0,0,3,0,6,0,0,0,0,0,0,0,31,0,410,0,150,0,79,0,26,0,0,0,0,0,0,0,1,0,45,0,24,0,41,0,0,0,0,0,0,0,0,0,4,0,15,0,20,0,0,0,3,0,0,0,0,0,0,0,0,0,0,0,0,0,0,0,0,0,0,0,0,0,0,0,0,0,0,0,0,0,0,0,0,0,6,24,11,14,14,0,0,0,0,1,0,0,0,0,0
98,83,20,14,0,0,87,280,97,74,0,0,0,0,0,60,32,254,0,127,0,208,0,162,149,112,0,0,0,161,0,27,0,62,0,52,0,30,0,29,0,0,0,0,0,0,0,0,0,0,0,0,2,47,12,23,0,23,1,9,0,44,14,0,0,0,1,0,0,0,0,0,0,0,0,0,0,0,0,0,0,0,0,0,0,1,0,0,0,0,0,0,0,0,0,0,0,0,0,0,1,0,0,0,0,0,0,0,0,0,0,0,0,0,0,0,0,0,0,0,0,0,0,0,0,0,0,0,0,16,1,0,0,0,0,0,0,24,0,193,0,50,0,14,0,53,0,0,0,0,0,0,0,0,0,85,0,29,0,81,0,7,0,0,0,0,0,0,0,1,0,2,0,16,0,0,6,27,0,0,0,0,4,4,0,0,0,0,0,0,0,0,0,0,0,0,0,0,0,0,0,0,0,0,0,0,0,0,0,1,0,0,0,0,16,0,0,0,28,165,12,14,0,0,0
30,0,6,0,10,0,13,0,79,0,5,0,0,0,0,0,0,0,0,0,0,0,1,0,0,0,0,0,0,0,0,0,0,0,0,0,0,0,0,0,0,0,0,0,0,0,0,0,0,0,0,0,0,0,4,0,4,0,114,27,0,0,0,0,0,62,188,40,0,0,0,0,0,0,0,0,0,0,0,0,0,0,0,0,0,0,0,0,0,0,0,0,0,0,0,0,0,0,0,0,0,0,0,0,0,0,0,0,0,0,0,0,0,0,1,0,0,0,0,0,0,0,0,0,3,0,4,0,0,0,69,0,0,0,0,0,0,0,0,18,0,5,0,0,3,12,0,0,46,0,0,0,1,0,0,0,5,2,0,35,281,116,0,0,0,0,0,0,0,0,0,0,2,0,9,0,73,0,0,0,69,37,12,0,242,10,0,0,0,0,0,0,0,0,0,0,0,0,0,0,0,0,0,0,0,0,0,0,4,0,60,5,0,0,44,4,0,0,0,0,0,0,0,0,0
0,73,0,0,0,0,0,5,15,141,0,7,0,5,0,0,0,0,0,0,0,0,0,0,0,0,0,0,0,0,0,0,0,0,0,0,0,0,0,0,0,0,0,0,0,0,0,0,0,0,0,0,3,0,4,0,34,0,131,103,0,0,0,0,62,0,74,397,0,0,0,5,1,0,0,0,0,0,0,0,0,0,0,1,0,0,0,0,0,0,0,0,0,0,0,0,0,0,0,0,0,0,0,0,0,0,0,0,0,0,0,0,0,0,0,0,0,0,0,0,0,0,0,0,0,8,0,7,8,0,41,50,0,0,0,7,0,5,41,9,1,1,0,0,34,26,0,65,0,114,0,6,0,21,23,0,9,5,42,2,247,306,0,0,0,0,0,3,0,0,0,0,0,0,3,48,32,2,0,0,19,152,0,6,38,105,0,0,0,0,0,0,0,0,0,0,0,0,0,0,0,0,0,0,0,0,0,0,0,16,1,0,0,0,39,0,0,0,52,7,0,12,1,0,0
16,0,9,0,0,0,36,0,141,0,0,0,1,0,0,0,0,0,0,0,0,0,0,0,0,0,0,0,0,0,0,0,0,0,0,0,3,0,0,0,0,0,0,0,0,0,0,0,0,0,0,0,0,0,0,19,6,35,432,153,0,0,0,1,188,74,0,237,0,0,0,0,0,0,0,0,1,0,0,0,0,0,0,0,0,0,0,0,0,0,0,0,0,0,0,0,0,0,0,0,0,0,0,0,0,0,0,0,0,0,0,0,0,0,0,0,0,0,0,0,0,0,0,0,4,0,1,0,0,0,14,0,0,0,0,0,0,0,0,4,0,0,0,0,2,4,2,0,28,0,0,0,0,0,0,31,5,8,2,23,26,28,0,0,0,0,0,0,0,0,3,0,1,0,0,0,216,0,0,0,0,4,2,0,478,20,0,0,0,0,0,0,0,0,0,0,0,0,0,0,0,0,0,0,0,0,0,0,0,0,79,110,5,0,70,0,0,0,0,0,0,0,0,0,0
0,7,0,0,0,0,0,0,259,189,0,0,0,0,0,0,0,0,0,0,0,0,0,1,0,0,0,0,0,0,0,0,0,0,0,0,0,0,0,0,0,0,2,0,0,0,0,0,0,0,1,1,35,0,54,0,56,19,472,267,0,0,1,0,40,397,237,0,0,0,0,0,0,0,0,0,0,0,0,0,0,0,0,1,0,0,0,0,0,0,0,0,0,0,0,0,0,0,0,0,0,0,0,0,0,0,0,0,0,0,0,0,0,0,0,0,0,0,0,0,0,0,0,0,0,0,0,0,0,0,0,61,0,0,0,0,0,0,3,0,0,0,0,0,3,4,0,0,0,67,0,0,0,0,23,1,0,4,9,3,22,135,0,0,0,0,0,0,0,2,0,0,0,2,0,5,106,9,0,0,0,0,0,0,59,281,0,0,0,0,0,0,0,0,0,0,0,0,0,0,0,0,0,0,0,0,0,0,0,0,0,0,0,0,195,0,0,0,277,246,32,116,0,5,0
0,0,0,0,0,0,0,0,0,0,0,0,0,0,0,0,0,0,0,0,0,0,0,0,0,0,0,0,0,0,0,0,0,0,0,0,0,0,0,0,0,0,0,0,1,0,0,0,0,0,2,0,0,0,2,0,1,0,0,0,0,0,0,0,0,0,0,0,0,0,0,0,10,0,0,0,82,0,16,0,0,0,24,0,0,0,0,0,0,0,0,0,39,0,0,0,0,0,0,0,0,0,69,0,0,0,5,0,33,0,1,0,3,0,0,0,6,0,0,0,0,0,0,0,0,0,0,0,0,0,0,0,1,0,0,0,5,1,0,0,0,0,0,0,0,0,0,0,0,0,0,0,0,0,0,0,1,0,0,0,0,0,0,0,1,0,0,0,112,0,13,0,0,0,0,0,0,0,0,0,0,0,0,0,1,0,0,0,0,0,0,0,0,0,0,0,0,0,0,0,0,0,0,0,0,0,0,0,0,0,37,2,84,0,5,42,31,0,0,0,0,0,0,0,0
0,0,0,0,0,0,0,0,0,0,0,0,0,0,0,0,0,0,0,0,0,0,0,0,0,0,0,0,0,0,0,0,0,0,0,0,0,0,0,0,0,0,0,0,0,0,0,0,0,7,0,0,0,0,0,0,0,1,0,0,0,0,0,0,0,0,0,0,0,0,0,0,0,1,0,0,0,69,0,0,0,0,0,16,0,0,0,6,0,31,0,0,0,59,0,6,0,0,0,0,0,0,0,161,0,0,0,0,0,29,0,0,0,3,0,0,0,2,0,0,0,0,0,0,0,0,0,1,0,0,0,0,0,0,0,5,0,7,0,2,0,0,0,3,0,0,0,0,0,0,0,3,0,0,0,0,0,0,0,0,0,0,0,0,0,12,0,0,0,41,0,6,0,1,0,0,0,0,0,0,0,2,0,0,0,0,0,0,0,16,0,0,0,0,0,0,0,0,0,0,0,6,0,0,0,0,0,0,0,1,0,0,0,0,1,0,0,0,11,1,30,0,3,21,0
0,0,0,0,0,0,0,0,0,0,0,0,0,0,0,0,0,0,0,0,34,0,0,0,0,0,30,0,5,0,0,0,1,0,20,0,57,0,0,0,0,0,9,0,7,0,0,0,0,0,10,0,0,0,0,0,0,0,0,0,3,0,0,0,0,0,0,0,0,0,0,0,304,0,353,0,8,0,174,0,8,0,0,0,6,0,22,0,0,0,0,0,0,0,0,0,0,0,0,0,0,0,0,0,0,0,0,0,0,0,0,0,0,0,0,0,0,0,0,0,49,0,22,0,0,11,27,0,74,4,63,18,0,0,0,0,38,3,81,6,79,9,38,0,63,2,39,0,47,12,52,0,38,0,0,0,6,0,0,0,7,3,28,0,0,0,0,0,83,0,15,0,26,0,25,0,0,0,0,0,20,6,4,0,16,0,0,0,0,0,0,0,0,0,0,0,0,0,0,0,9,0,0,0,0,0,0,0,39,0,4,0,76,0,7,1,0,0,0,0,0,0,0,0,0
0,0,0,0,0,0,0,0,0,0,0,0,0,0,0,0,0,0,0,0,0,4,0,0,0,0,0,6,0,0,0,0,0,0,0,3,0,0,0,0,0,0,0,0,0,0,0,0,0,0,0,9,0,0,0,0,0,0,0,0,0,0,0,0,0,5,0,0,0,0,0,0,0,264,0,346,0,31,0,43,0,13,0,0,0,0,0,157,0,0,0,0,0,0,0,0,0,0,0,0,0,0,0,0,0,0,0,0,0,0,0,0,0,0,0,0,0,0,0,0,0,44,0,13,0,12,0,0,7,24,0,37,0,9,0,42,0,11,0,24,0,60,0,10,2,93,0,0,0,25,0,44,0,7,0,0,0,6,3,4,15,24,0,28,0,0,0,0,0,23,0,0,0,6,0,16,0,0,0,0,0,38,0,3,0,12,0,0,0,0,0,0,0,0,0,0,0,0,0,0,0,0,0,0,0,0,0,0,0,0,0,0,0,0,3,0,0,0,57,0,3,0,0,0,0
0,0,0,0,0,0,0,0,0,0,0,0,0,0,0,0,0,0,0,0,19,0,0,0,0,0,0,0,0,0,0,0,0,0,0,0,0,0,0,0,0,0,0,0,3,0,0,0,0,0,0,0,0,0,0,0,0,0,0,0,0,0,0,0,0,1,0,0,10,0,304,0,0,0,222,0,69,0,217,0,0,0,27,0,0,0,7,0,0,0,4,0,0,0,0,0,0,0,0,0,0,0,0,0,0,0,0,0,0,0,0,0,0,0,0,0,0,0,1,0,28,0,11,0,30,0,38,0,15,0,24,0,0,0,0,0,23,0,18,0,50,0,96,0,44,0,30,0,10,0,80,0,0,0,0,0,0,0,0,0,2,0,93,0,0,0,0,0,38,0,4,0,0,0,8,0,0,0,0,0,19,0,0,0,2,0,0,0,0,0,0,0,0,0,0,0,0,0,58,0,0,0,0,0,0,0,48,0,65,0,99,0,36,0,0,2,0,0,0,0,1,0,0,0,0
0,1,0,0,0,2,0,1,0,0,0,4,0,0,0,0,0,0,0,0,0,5,0,0,0,0,0,0,0,0,0,0,0,0,0,0,0,8,0,0,0,0,0,0,0,0,0,0,0,0,0,0,0,0,0,0,0,0,0,0,0,0,0,0,0,0,0,0,0,1,0,264,0,0,0,252,0,51,0,64,0,3,0,14,0,18,0,42,0,0,0,0,0,0,0,0,0,0,0,0,0,0,0,0,0,0,0,0,0,0,0,0,0,0,0,0,0,0,0,1,0,25,0,16,0,0,0,0,0,6,0,9,0,0,0,217,0,17,0,10,0,62,0,33,0,66,0,14,0,0,0,86,0,20,0,0,0,0,0,0,0,1,0,37,0,2,0,0,0,7,0,0,0,4,0,0,0,0,0,0,21,0,0,0,0,0,0,0,0,12,0,0,0,0,0,0,0,0,0,36,0,26,0,26,0,0,0,0,0,80,0,0,0,0,10,0,0,0,97,0,8,3,0,1,0
0,0,0,0,0,0,0,0,0,0,0,0,0,0,0,0,8,0,0,0,67,0,0,0,0,0,0,0,0,0,0,0,7,0,0,0,58,0,3,0,0,0,0,0,0,0,0,0,0,0,16,0,0,0,0,0,0,0,0,0,0,0,10,0,0,0,0,0,0,0,353,0,222,0,0,0,31,0,386,0,12,0,85,0,105,0,58,0,0,0,0,0,10,0,0,0,5,0,0,0,0,0,0,0,0,0,0,0,0,0,0,0,0,0,0,0,0,0,0,0,213,0,104,0,0,21,15,0,52,0,29,10,6,4,57,0,66,0,26,4,179,4,196,0,117,0,13,0,16,7,46,0,45,0,0,0,0,0,0,0,0,0,18,0,0,0,3,0,31,0,16,0,14,0,10,0,0,0,0,0,30,0,0,0,23,0,0,0,6,0,0,0,0,0,0,0,0,0,111,0,96,0,107,0,24,0,0,0,63,0,24,0,0,0,0,0,0,0,0,0,0,0,0,0,0
0,2,0,0,0,0,0,0,0,0,0,1,0,0,0,0,0,0,0,0,0,0,0,0,0,0,0,0,0,0,0,0,0,0,0,0,0,0,0,0,0,0,0,0,0,7,0,0,0,0,0,0,0,0,0,0,0,0,0,0,0,0,0,0,0,0,0,0,0,0,0,346,0,252,0,0,0,22,0,130,0,11,0,5,0,0,0,219,0,0,0,0,0,0,0,0,0,0,0,0,0,0,0,0,0,0,0,0,0,0,0,0,0,0,0,0,0,0,0,0,0,239,0,33,14,29,0,7,5,28,9,40,0,0,0,88,0,15,1,38,0,65,0,19,1,106,0,14,0,20,0,46,0,0,0,0,0,1,0,6,5,9,0,17,0,0,0,0,0,17,0,0,0,0,0,28,0,0,0,0,0,70,0,3,0,4,0,0,0,0,0,0,0,0,0,0,0,0,0,0,0,0,0,0,0,0,0,0,0,32,0,0,0,0,8,0,0,0,24,0,7,0,0,0,0
0,0,0,0,0,0,1,0,0,0,0,0,0,0,0,0,0,0,0,0,0,0,0,0,0,0,0,0,0,0,0,0,0,0,0,0,0,0,0,0,0,0,0,0,0,0,0,0,0,0,0,0,0,0,0,0,1,0,0,0,0,0,0,0,0,0,1,0,82,0,8,0,69,0,31,0,0,0,40,0,0,0,49,0,12,0,14,0,2,0,0,0,33,0,1,0,0,0,0,0,0,0,23,0,0,0,0,0,3,0,0,0,0,0,0,0,0,0,0,0,12,0,4,0,0,0,0,0,0,0,0,0,0,0,0,0,0,0,0,0,6,0,0,0,1,0,0,0,0,0,3,0,0,0,0,0,0,0,0,0,0,0,1,0,5,0,0,0,40,0,8,0,0,0,0,0,0,0,0,0,0,0,0,0,0,0,0,0,23,0,0,0,0,0,0,0,0,0,0,0,0,0,0,0,23,0,0,0,0,1,11,1,26,1,0,0,0,0,0,0,0,0,0,0,0
0,0,0,0,0,0,0,0,0,0,0,0,0,0,0,0,0,0,0,0,0,0,0,0,0,0,0,7,0,0,0,0,0,0,0,0,0,0,0,0,0,0,0,0,0,25,0,0,0,13,0,0,0,0,0,0,0,0,0,0,0,0,0,0,0,0,0,0,0,69,0,31,0,51,0,22,0,0,0,41,0,41,0,201,0,10,0,128,0,39,0,0,0,91,0,105,0,0,0,0,0,2,0,74,0,8,0,18,0,6,0,0,0,0,0,0,0,0,0,0,0,14,0,2,0,2,0,0,0,1,0,0,0,0,0,55,2,31,0,0,0,5,0,11,0,3,0,0,0,0,0,21,0,0,0,0,0,0,0,0,0,0,0,0,0,13,0,2,0,32,0,4,0,1,0,0,0,0,0,0,0,15,0,0,0,0,0,0,0,72,0,0,0,0,0,56,0,0,0,13,0,0,0,15,0,0,0,0,0,19,1,0,0,0,6,0,0,0,18,0,32,1,0,0,2
0,0,0,0,0,0,0,0,0,0,0,0,0,0,0,0,0,0,0,0,0,0,0,0,0,0,0,0,0,0,0,0,0,0,0,0,0,0,0,0,0,0,0,0,0,0,0,0,0,0,0,0,0,0,0,0,0,0,0,0,0,0,0,0,0,0,0,0,16,0,174,0,217,0,386,0,40,0,0,0,0,0,114,0,41,0,42,0,0,0,0,0,14,0,5,0,5,0,0,0,7,0,0,0,0,0,0,0,0,0,0,0,0,0,0,0,0,0,0,0,107,0,28,0,0,0,6,0,4,0,0,0,0,0,0,0,22,0,5,0,72,0,62,0,17,0,5,0,0,0,27,0,0,0,0,0,0,0,0,0,4,0,12,0,0,0,0,0,33,0,0,0,0,0,2,0,0,0,0,0,0,2,0,0,0,0,0,0,31,0,0,0,0,0,10,0,0,0,0,0,57,0,87,0,0,0,0,0,0,0,158,1,13,0,14,3,0,0,0,0,0,0,0,0,0
