0,386,52,177,167,0,5,138,90,24,151,21,143,1,8,43,10,78,0,0,4,0,15,99,3,102,0,0,33,0,6,0,58,0,0,0,81,0,317,0,0,0,0,0,10,0,53,0,8,0,9,0,0,0,0,0,0,0,0,0,40,0,13,5,8,0,1,0,0,0,0,0,0,0,0,0,0,0,0,0,0,0,0,0,0,0,0,0,0,0,0,0,0,0,0,0,0,0,0,0,0,0,0,0,0,0,0,0,0,0,0,0,0,0,0,0,0,0,0,0,0,0,0,0,1,0,5,0,0,0,0,0,0,0,0,0,0,0,0,0,0,0,0,1,0,0,13,0,12,0,16,0,22,0,3,0,0,0,0,0,0,0,2,0,0,0,0,0,30,0,26,0,130,9,0,0,294,71,9,0,17,0,39,0,29,0,0,0,0,0,0,0,0,0,5,0,0,0,0,0,0,0,0,0,0,0,1,0,5,0,501,128,353,0,157,0,5,0,0,0,9,0,0,0,0
386,0,138,45,24,241,120,36,74,40,20,179,0,48,24,18,83,84,0,57,6,0,262,42,252,0,0,177,0,37,1,0,0,131,0,0,0,430,0,422,0,62,0,0,0,28,0,76,0,0,0,0,0,0,4,14,0,0,0,14,0,54,8,34,0,41,1,19,0,0,0,0,0,0,0,0,0,0,0,0,0,0,0,0,0,0,0,0,0,0,0,0,0,0,0,0,0,0,1,0,0,0,0,0,0,11,0,18,0,0,0,0,0,0,0,0,0,0,0,0,0,0,0,0,0,10,0,17,0,0,0,12,0,0,0,44,0,29,0,0,0,0,0,0,0,0,0,15,0,48,0,118,0,41,0,0,0,3,0,0,0,2,0,9,0,25,0,0,0,0,0,18,0,296,0,17,178,279,0,3,0,57,18,3,0,93,0,0,0,0,0,0,0,0,0,0,0,0,0,0,0,23,0,0,0,0,0,24,0,62,7,0,0,0,374,0,0,0,900,91,576,193,5,36,0
52,138,0,90,370,31,13,35,21,8,28,30,87,0,241,47,19,13,82,0,42,7,370,73,32,21,137,0,136,0,15,0,234,2,0,0,91,5,532,0,0,0,0,0,53,0,42,0,20,0,14,0,2,0,39,0,0,0,3,0,12,0,13,0,8,0,0,0,0,0,0,0,0,0,0,0,0,0,0,0,0,0,6,0,0,0,0,0,0,0,0,0,0,0,0,0,0,0,0,0,0,1,0,0,0,0,0,0,0,0,0,0,0,0,0,0,0,0,0,0,2,0,0,0,9,0,29,0,0,0,9,0,5,0,238,0,35,0,0,0,2,0,126,0,0,0,54,0,67,0,116,0,42,0,6,0,2,0,0,0,0,0,6,0,0,0,141,0,0,0,38,0,212,0,0,0,71,24,0,0,0,0,6,0,50,0,0,0,0,0,0,0,0,0,0,0,6,0,58,0,0,1,0,0,6,0,0,0,183,0,506,46,469,0,235,0,4,1,0,0,0,1,0,0,0
177,45,90,0,71,178,7,92,0,10,61,8,0,0,45,502,30,14,0,286,7,85,242,399,26,135,0,111,0,122,0,40,0,350,0,0,0,231,0,325,0,0,0,0,1,0,0,0,0,0,0,0,1,0,0,54,0,7,0,0,0,5,0,1,0,0,0,0,0,0,0,0,0,0,0,0,0,0,0,0,0,0,0,0,0,48,0,0,0,0,0,0,0,0,0,0,0,69,0,0,0,0,0,0,0,0,0,0,0,0,0,0,0,0,0,0,0,0,0,0,0,0,0,0,0,0,0,0,0,0,0,12,0,0,0,173,0,97,0,10,0,9,0,0,0,0,0,0,5,0,0,0,1,0,0,0,0,0,0,0,0,0,0,0,0,25,0,83,0,0,0,0,0,154,0,0,62,68,0,0,0,0,10,0,0,0,0,0,0,0,0,0,0,0,0,0,0,0,0,0,0,33,0,0,0,1,0,0,0,22,0,0,0,0,98,0,0,0,243,24,435,0,0,0,0
167,24,370,71,0,346,4,0,63,0,127,125,260,54,128,331,6,0,88,110,183,48,74,100,0,0,279,0,0,0,104,0,185,18,240,33,240,0,42,0,121,0,0,0,88,0,242,0,15,0,136,0,0,0,0,0,0,0,0,0,0,0,0,0,23,0,0,0,0,0,0,0,0,0,0,0,0,0,0,0,0,0,0,0,0,0,0,0,0,0,0,0,0,0,0,0,0,0,0,0,0,0,0,0,0,0,0,0,0,0,0,0,0,0,0,0,0,0,0,0,0,0,0,0,10,0,11,0,0,0,0,0,0,0,0,0,0,0,0,0,0,0,0,0,11,0,30,0,58,0,109,0,90,0,6,0,7,0,3,0,0,0,12,0,58,0,347,0,180,0,0,0,200,0,0,0,226,113,21,0,105,0,53,0,123,0,6,0,0,0,0,0,0,0,0,0,0,0,0,0,0,0,0,0,0,0,0,0,53,0,552,271,875,209,229,6,0,1,0,0,0,2,0,0,0
0,241,31,178,346,0,0,125,0,28,135,151,174,96,344,141,0,0,141,237,128,354,62,67,0,23,0,371,0,0,14,174,9,129,0,232,0,209,0,0,0,77,0,52,0,0,0,148,0,3,0,70,0,0,0,16,0,0,0,0,0,0,0,0,0,25,0,0,0,0,0,0,0,0,0,0,0,0,0,0,0,0,0,17,0,0,0,0,0,0,0,0,0,0,0,0,0,0,0,0,0,0,0,0,0,0,0,0,0,0,0,0,0,6,0,0,0,0,0,0,0,0,0,0,0,0,0,0,0,0,0,14,0,0,0,196,0,88,0,0,0,0,0,0,0,0,0,0,0,36,0,134,0,0,0,0,0,9,0,0,0,0,0,5,0,57,5,281,0,136,0,19,0,92,0,0,10,358,32,25,0,63,0,0,0,44,0,6,0,90,0,0,0,0,0,36,0,11,0,58,0,94,0,0,0,0,0,42,0,81,0,0,0,0,140,0,0,0,321,140,660,0,0,0,0
5,120,13,7,4,0,0,88,80,241,1,0,1,0,1,0,0,28,0,0,0,0,10,0,221,95,0,0,56,0,0,0,0,0,0,0,3,0,100,0,0,0,0,0,0,0,0,0,14,0,0,0,51,5,72,19,2,0,1,0,345,0,215,27,20,0,3,0,2,0,0,0,0,0,0,0,0,0,0,0,0,0,0,0,4,0,0,1,0,0,3,0,0,0,0,0,0,0,0,0,0,0,0,0,0,0,0,0,0,0,0,0,0,0,0,0,0,0,0,0,0,0,0,0,31,0,33,0,25,0,22,0,0,0,97,0,21,0,9,0,0,0,0,0,0,0,22,0,24,0,36,0,0,0,4,0,0,0,4,0,5,0,0,0,0,0,5,0,14,0,183,0,204,0,0,0,66,35,0,0,0,0,5,16,1,4,0,0,0,0,0,0,0,0,0,0,0,0,0,0,0,0,0,0,0,0,0,0,71,0,813,77,326,0,449,0,35,0,0,4,0,0,0,0,0
138,36,35,92,0,125,88,0,160,62,0,43,0,0,0,43,28,7,0,40,0,31,37,62,127,205,0,56,0,104,0,0,0,55,0,0,0,193,0,504,0,0,0,0,0,0,0,0,0,0,0,5,8,24,14,149,0,21,0,16,0,190,18,166,0,9,6,12,0,1,0,0,0,0,0,0,0,2,0,0,0,0,0,0,0,0,0,0,0,0,0,0,0,0,0,0,0,0,0,0,0,0,0,0,0,0,0,0,0,0,0,1,0,0,0,0,0,0,0,0,0,0,0,0,0,20,0,0,0,3,0,76,0,8,0,82,0,92,0,7,0,0,0,0,0,0,0,12,0,5,0,13,0,0,0,0,0,0,0,0,0,16,0,6,0,19,0,10,0,12,0,37,0,258,0,0,30,26,0,0,0,0,0,0,0,0,0,0,0,0,0,0,0,1,0,0,0,0,0,0,0,0,0,0,0,0,0,0,0,122,0,0,6,0,424,0,0,0,575,73,510,186,0,60,0
90,74,21,0,63,0,80,160,0,558,58,0,71,0,18,3,5,35,0,0,0,0,0,4,13,120,0,0,0,0,0,0,0,0,0,0,0,0,19,0,18,0,0,0,0,0,53,0,0,0,0,0,43,45,30,139,2,0,256,62,183,10,115,69,207,0,120,58,0,0,0,0,0,0,0,0,0,0,0,0,0,0,0,0,4,0,4,0,0,0,0,0,0,0,0,0,6,0,5,1,0,0,0,0,0,0,0,0,0,0,0,0,0,0,0,0,0,0,3,0,0,0,0,0,32,0,12,0,2,0,15,0,0,0,5,1,0,0,0,0,0,0,0,0,7,0,23,0,70,0,68,0,52,0,4,0,0,0,0,0,15,0,0,0,0,0,0,0,9,0,137,0,74,0,0,0,363,64,13,0,45,0,11,18,70,0,0,0,0,0,0,0,0,0,0,0,0,0,0,0,0,0,0,0,0,0,0,0,11,0,370,70,175,0,139,0,0,1,11,0,0,1,0,0,0
24,40,8,10,0,28,241,62,558,0,0,25,0,4,0,0,0,0,0,7,0,0,0,3,215,25,0,30,0,0,0,0,0,0,0,0,0,12,0,0,0,0,0,0,0,0,0,4,0,0,0,0,42,63,93,62,0,5,54,56,0,198,41,228,0,177,82,82,0,0,0,0,0,0,0,0,0,0,0,0,0,0,0,0,0,0,0,0,0,0,2,0,0,0,0,0,0,0,0,0,0,0,0,0,0,20,0,0,0,0,0,0,0,0,0,0,0,0,0,0,0,0,0,0,0,50,0,41,0,0,0,90,0,0,0,70,0,57,0,1,0,0,0,0,0,0,0,45,0,108,0,111,0,48,0,0,1,0,0,10,0,17,0,0,0,0,0,4,0,11,0,73,2,65,0,2,145,248,0,0,0,12,0,13,5,63,0,0,0,0,0,0,0,0,0,0,0,0,0,21,0,24,0,1,0,0,0,52,0,230,0,2,0,0,273,0,0,0,481,89,210,0,0,45,0
151,20,28,61,127,135,1,0,58,0,0,48,453,0,13,197,16,0,0,0,58,21,20,73,0,0,30,0,16,0,58,0,196,8,32,0,127,1,35,3,98,0,22,0,41,2,106,0,19,0,23,0,0,0,0,0,0,0,0,0,0,0,0,0,6,0,2,0,0,0,0,0,0,0,0,0,0,0,0,0,0,0,0,0,0,0,0,0,0,0,0,0,0,0,0,0,0,0,0,0,2,0,0,0,0,0,0,0,0,0,0,0,0,0,0,0,0,0,0,0,0,0,0,0,6,0,0,0,0,0,0,0,0,0,0,0,0,0,0,0,0,0,0,0,0,0,0,0,7,0,27,0,38,0,0,0,0,0,0,0,0,0,0,0,8,0,78,0,39,0,5,0,62,0,25,0,141,56,89,3,116,0,45,0,23,0,50,0,0,0,0,0,0,0,0,0,0,0,0,0,0,0,0,0,0,0,0,0,0,0,280,155,314,0,82,3,0,0,0,0,0,0,0,0,0
21,179,30,8,125,151,0,43,0,25,48,0,0,310,174,25,0,17,40,60,44,93,107,48,0,0,0,296,0,18,0,65,0,160,2,75,0,213,0,45,0,333,0,0,0,57,0,234,0,14,0,10,0,0,0,6,0,0,0,3,0,0,0,0,0,5,0,0,0,0,0,0,0,0,0,0,0,0,0,0,0,0,0,0,0,0,0,0,0,0,0,0,0,0,0,0,0,0,0,0,0,0,0,0,0,0,0,0,0,0,0,0,0,0,0,0,0,0,0,0,0,0,0,0,0,0,0,0,0,0,0,7,0,0,0,29,0,13,0,0,0,0,0,0,0,0,0,0,0,14,0,94,0,46,0,0,0,0,0,0,0,0,0,0,0,0,0,75,0,29,0,0,0,51,0,13,24,199,6,22,0,66,0,8,0,41,0,3,0,0,0,0,0,0,0,7,0,5,0,8,0,12,0,0,0,0,0,0,0,26,0,0,0,0,116,0,0,0,359,148,327,0,3,0,0
143,0,87,0,260,174,1,0,71,0,453,0,0,458,57,41,0,0,59,297,67,99,65,0,0,0,195,543,0,0,12,0,0,0,138,107,19,0,0,0,285,0,291,84,130,30,457,44,34,1,267,61,0,0,0,0,0,0,0,0,0,0,0,0,23,0,0,0,0,0,2,0,0,0,0,0,0,0,0,0,0,0,0,0,0,0,0,0,0,0,0,0,0,0,0,0,0,0,0,0,0,0,21,0,0,0,0,0,0,0,0,0,0,0,0,0,0,0,2,0,0,0,0,0,0,0,0,0,0,0,0,0,0,0,0,0,0,0,0,0,0,0,0,0,0,0,0,0,38,0,87,0,0,0,0,0,0,0,0,0,0,0,5,0,68,0,12,0,76,0,0,0,0,0,0,0,183,62,111,0,141,0,67,0,55,0,75,0,0,0,0,0,0,0,0,0,0,0,0,0,0,0,0,0,0,0,0,0,36,0,49,184,318,0,14,0,1,0,0,14,0,0,0,0,0
1,48,0,0,54,96,0,0,0,4,0,310,458,0,23,0,0,0,263,94,50,130,0,0,0,0,336,132,0,0,1,12,0,0,0,135,0,0,0,0,138,319,60,228,30,67,100,164,0,25,26,248,0,0,0,0,0,0,0,0,0,0,0,0,0,0,0,0,0,0,0,0,0,1,0,0,0,0,0,0,0,0,0,0,0,0,0,0,0,0,0,0,0,0,0,0,0,0,0,0,0,0,0,0,0,0,0,0,0,0,0,0,0,0,0,0,0,0,0,0,0,0,0,0,0,0,0,0,0,0,0,0,0,0,0,0,0,0,0,0,0,0,0,0,0,0,0,1,0,5,0,0,0,0,0,0,0,0,0,0,0,0,0,0,2,49,0,30,0,91,0,0,0,8,0,21,7,547,0,54,0,109,0,6,2,0,11,98,0,0,0,0,0,0,0,0,0,0,0,0,0,0,0,0,0,0,0,0,0,0,0,0,0,0,8,0,0,0,45,152,269,0,0,0,1
8,24,241,45,128,344,1,0,18,0,13,174,57,23,0,346,11,2,215,76,294,40,395,66,40,0,288,21,0,0,145,19,73,20,158,32,101,0,0,0,0,0,19,4,62,0,13,0,0,0,32,0,0,0,0,0,0,0,0,0,0,0,0,0,0,0,0,0,0,0,0,0,0,0,0,0,0,0,0,0,0,0,0,0,0,0,0,0,0,0,37,0,0,0,0,0,0,0,0,0,0,0,0,0,0,0,0,0,0,0,0,0,0,0,0,0,0,0,0,0,0,0,0,0,0,0,0,0,0,0,0,0,0,0,112,0,0,0,0,0,4,0,65,0,10,0,0,0,31,0,61,0,0,0,4,0,0,0,0,0,0,0,0,0,0,0,45,0,0,0,0,0,9,0,0,0,43,48,13,0,11,0,9,0,29,0,0,0,0,0,0,0,0,0,0,0,0,0,0,0,42,0,0,0,0,0,0,0,102,0,77,70,92,15,0,0,1,0,9,8,0,0,0,0,0
43,18,47,502,331,141,0,43,3,0,197,25,41,0,346,0,5,8,34,320,87,270,116,86,0,96,0,172,0,2,14,65,17,42,6,25,8,69,0,4,0,0,0,45,0,0,0,0,0,0,0,8,0,0,0,7,0,0,0,3,0,0,0,15,0,0,0,0,0,0,0,0,0,0,0,0,0,0,0,0,0,0,0,0,0,163,0,0,0,0,0,0,0,0,0,0,0,234,0,105,0,247,0,0,0,0,0,0,0,0,0,1,0,0,0,0,0,1,0,0,0,0,0,0,0,0,0,0,0,0,0,0,0,0,0,159,0,0,0,0,0,0,0,181,0,0,0,0,0,0,0,14,0,0,0,0,0,0,0,4,0,0,0,0,0,0,0,45,0,0,0,4,0,13,0,0,16,64,18,13,0,0,0,0,0,3,0,0,0,0,0,0,0,0,0,0,0,0,0,0,0,43,0,0,0,0,0,0,0,0,0,11,15,0,31,0,0,0,134,66,73,0,0,5,0
10,83,19,30,6,0,0,28,5,0,16,0,0,0,11,5,0,8,39,0,241,0,58,11,119,20,70,0,296,0,138,0,153,0,22,0,14,0,225,0,0,0,17,0,46,0,4,0,0,0,14,0,147,0,10,0,0,0,0,0,34,0,466,0,0,0,0,0,0,0,27,0,0,0,42,0,0,0,0,0,118,0,0,0,496,0,94,0,18,0,83,0,0,0,0,0,467,0,369,0,43,0,0,0,0,0,176,0,0,0,0,0,1,0,0,0,0,0,0,0,97,0,90,0,0,0,0,0,60,0,3,0,0,0,20,0,167,0,96,0,69,0,353,0,26,0,0,0,0,0,0,0,0,0,46,0,3,0,17,0,0,0,0,0,0,0,4,0,17,0,12,0,39,0,0,0,11,0,2,0,0,0,31,0,0,0,0,0,0,0,0,0,0,0,0,0,0,0,0,0,29,0,0,0,0,0,0,0,17,0,79,36,107,0,0,1,0,0,5,0,3,0,0,0,0
78,84,13,14,0,0,28,7,35,0,0,17,0,0,2,8,8,0,0,0,1,110,43,82,43,51,0,0,0,102,0,16,1,94,0,9,0,31,0,202,0,0,0,10,0,0,0,0,0,0,0,3,0,78,0,2,0,43,0,0,0,10,1,216,0,0,0,0,0,0,0,0,0,0,0,1,0,0,0,0,0,107,0,0,0,128,0,0,0,0,0,7,0,0,0,0,0,45,0,37,0,75,0,0,0,0,0,0,0,0,0,0,0,0,0,0,0,0,0,0,0,0,0,4,0,0,0,0,0,0,0,0,0,0,0,0,0,171,0,89,0,115,0,325,0,3,0,0,0,0,0,0,0,0,0,29,0,0,0,50,0,0,0,0,0,0,0,7,0,0,0,0,0,10,0,0,13,12,0,7,0,0,0,17,0,0,0,0,0,0,0,0,0,0,0,0,0,0,0,0,0,0,0,0,0,0,0,0,0,0,0,0,0,0,13,0,0,0,33,20,34,0,0,0,0
0,0,82,0,88,141,0,0,0,0,0,40,59,263,215,34,39,0,0,175,197,51,262,0,0,0,198,160,5,0,10,8,0,0,149,86,59,8,0,0,2,0,133,11,70,0,13,10,0,0,211,25,19,0,0,0,0,0,0,0,0,0,0,0,0,0,0,0,0,0,0,0,0,0,0,0,0,0,0,0,0,0,0,0,0,0,0,0,0,0,0,0,0,0,0,0,175,0,0,0,0,0,20,0,0,0,0,0,0,0,0,0,0,0,0,0,0,0,0,0,0,0,0,0,0,0,0,0,0,0,0,0,0,0,0,0,0,0,0,0,0,0,0,0,15,0,0,0,9,0,31,0,19,0,0,0,0,0,0,0,0,0,0,0,23,0,12,0,33,0,0,0,3,0,0,0,27,19,8,0,25,0,15,0,22,0,9,1,0,0,0,0,0,0,13,0,0,0,0,0,50,0,35,0,0,0,0,0,43,0,26,76,125,22,7,0,0,0,0,0,0,0,0,0,0
0,57,0,286,110,237,0,40,0,7,0,60,297,94,76,320,0,0,175,0,74,397,0,123,0,62,0,441,0,0,0,25,0,3,14,126,0,89,0,0,19,12,11,63,0,187,0,46,0,3,0,81,0,0,0,0,0,0,0,0,0,9,0,36,0,0,0,0,0,0,0,0,0,0,0,11,0,0,0,0,0,284,0,0,0,0,0,82,0,0,0,0,0,0,0,0,0,282,0,131,0,357,0,36,0,0,0,0,0,0,0,2,0,0,0,0,0,0,0,0,0,0,0,0,0,0,0,0,0,0,0,0,0,0,0,139,0,0,0,0,0,0,0,0,2,11,0,0,0,31,0,97,0,0,0,0,0,0,0,0,0,0,0,0,0,21,0,52,0,58,0,4,0,0,0,0,0,84,24,8,0,0,0,0,0,54,0,10,0,0,0,0,0,0,0,0,0,0,0,0,0,76,0,0,0,0,0,0,0,34,0,0,0,0,30,0,0,0,87,152,104,0,0,0,0
4,6,42,7,183,128,0,0,0,0,58,44,67,50,294,87,241,1,197,74,0,20,168,11,41,0,222,33,44,0,63,7,33,0,44,27,21,0,6,0,0,0,48,9,80,3,0,0,2,0,35,0,59,0,0,0,3,0,0,0,0,0,115,0,0,0,1,0,0,0,58,0,0,0,59,0,0,0,0,0,151,0,0,0,317,0,0,0,0,0,71,0,0,0,0,0,279,0,367,0,0,0,0,0,0,0,170,0,0,0,0,0,0,0,0,0,0,0,0,0,97,0,0,0,0,0,0,0,0,0,0,0,0,0,0,0,29,0,0,0,0,0,114,0,58,0,0,0,4,0,0,0,0,0,0,0,0,0,0,0,0,0,0,0,28,0,24,0,39,0,0,0,0,0,0,0,18,9,45,0,0,1,5,0,0,0,7,0,0,0,0,0,17,0,0,0,0,0,0,0,31,0,0,0,0,0,0,0,0,0,94,136,155,31,18,0,0,0,0,0,0,0,0,0,0
0,0,7,85,48,354,0,31,0,0,21,93,99,130,40,270,0,110,51,397,20,0,0,311,0,27,0,225,0,72,0,37,0,25,0,63,0,13,0,10,6,0,7,128,0,91,0,12,0,0,0,56,0,27,0,8,0,0,0,0,0,11,0,142,0,0,0,0,0,0,0,30,0,0,0,0,0,0,0,0,0,666,0,0,0,311,0,213,0,0,0,0,0,0,0,0,0,193,0,156,0,0,0,0,0,0,0,0,0,0,0,0,0,0,0,0,0,0,0,0,0,221,0,0,0,0,0,0,0,0,0,0,0,0,0,0,0,315,0,156,0,341,0,655,0,90,0,0,0,0,0,0,0,0,0,0,0,0,0,0,0,0,0,0,0,26,0,86,0,61,0,4,0,25,0,0,0,64,0,17,0,0,0,0,0,0,0,21,0,0,0,0,0,0,0,0,0,0,0,0,0,0,0,0,0,0,0,0,0,0,0,0,0,0,31,0,0,0,82,139,155,23,0,0,0
15,262,370,242,74,62,10,37,0,0,20,107,65,0,395,116,58,43,262,0,168,0,0,178,131,14,302,0,84,0,60,0,76,5,0,0,29,8,157,0,0,0,0,0,86,0,22,0,5,0,0,0,14,0,68,0,14,0,0,0,3,0,43,0,0,0,0,0,0,0,0,0,0,0,2,0,0,0,0,0,7,0,0,0,71,0,0,0,0,0,64,0,0,0,0,0,282,0,0,0,0,0,0,0,0,0,160,0,0,0,0,0,0,0,0,0,0,0,0,0,0,0,0,0,0,0,0,0,0,0,0,0,0,0,342,0,113,0,27,0,0,0,322,0,0,0,11,0,12,0,60,2,9,0,7,0,0,0,0,0,0,0,0,0,0,0,17,0,0,0,14,0,60,0,0,0,50,29,4,3,0,0,12,0,3,0,1,0,0,0,0,0,0,0,0,0,7,0,80,0,146,0,0,0,0,0,0,0,220,0,148,57,133,0,34,0,0,0,22,0,13,0,0,0,0
99,42,73,399,100,67,0,62,4,3,73,48,0,0,66,86,11,82,0,123,11,311,178,0,18,105,0,94,0,51,3,20,0,61,0,0,0,47,3,13,0,0,0,60,0,19,0,0,0,0,0,7,0,50,0,25,0,33,0,0,0,0,0,53,0,0,0,0,0,0,0,0,0,0,0,0,0,0,0,0,0,264,0,0,0,195,0,70,0,0,0,0,0,0,0,0,0,209,0,114,0,306,0,0,0,0,0,0,0,0,0,0,0,0,0,0,0,0,0,0,0,0,0,0,0,0,0,0,0,0,0,0,0,0,0,0,0,0,0,55,0,76,0,293,0,2,0,0,0,0,0,0,0,0,0,19,0,0,0,0,0,0,0,0,0,0,0,9,0,0,0,0,0,17,0,0,13,24,0,17,0,0,6,10,0,0,0,0,0,0,0,0,0,0,0,1,0,0,0,0,0,0,0,0,0,0,0,0,0,0,0,0,0,0,12,0,0,0,84,52,62,0,0,0,0
3,252,32,26,0,0,221,127,13,215,0,0,0,0,40,0,119,43,0,0,41,0,131,18,0,147,0,0,73,0,9,0,5,0,6,0,0,0,138,10,0,0,0,0,0,0,2,0,5,0,0,0,58,4,97,13,16,0,0,0,167,15,147,31,0,0,0,0,0,0,0,0,0,0,0,0,0,0,0,0,0,1,0,0,0,0,0,0,0,0,14,0,0,0,0,0,96,0,18,0,0,0,0,0,0,0,43,0,0,0,0,0,0,0,0,0,0,0,0,0,0,0,6,0,0,0,0,0,70,0,0,0,0,0,174,0,87,0,42,0,0,0,264,0,0,0,0,0,0,0,0,0,0,0,14,0,0,0,9,0,3,0,1,0,0,0,0,0,11,0,48,0,111,2,0,0,3,28,0,0,0,0,7,9,1,2,0,0,0,0,0,0,0,0,0,0,0,0,50,0,78,0,0,0,0,0,0,0,76,0,430,92,243,74,186,0,15,1,0,0,0,0,0,0,0
102,0,21,135,0,23,95,205,120,25,0,0,0,0,0,96,20,51,0,62,0,27,14,105,147,0,0,0,0,37,0,0,0,24,0,0,0,23,3,113,0,0,0,0,0,0,0,0,0,0,0,0,6,22,6,72,0,99,2,17,0,90,4,248,0,0,0,0,0,0,0,1,0,0,0,0,0,0,0,0,0,0,0,0,0,168,0,0,0,0,0,0,0,0,0,0,0,164,0,58,0,0,0,0,0,0,0,0,0,0,0,0,0,0,0,0,0,0,0,0,0,0,0,0,0,0,0,0,0,19,0,0,0,0,0,223,0,178,0,49,0,78,0,365,0,0,0,0,4,0,0,0,0,0,0,15,0,2,0,0,0,0,0,0,0,0,0,4,0,15,0,10,0,84,0,0,17,11,0,0,0,0,5,7,0,0,0,0,0,0,0,0,0,1,0,0,0,0,0,0,0,0,0,0,0,0,0,0,0,0,0,0,0,0,117,0,0,0,248,130,184,89,0,28,0
0,0,137,0,279,0,0,0,0,0,30,0,195,336,288,0,70,0,198,0,222,0,302,0,0,0,0,470,43,0,39,0,0,0,51,0,132,0,7,0,19,49,399,120,155,52,79,187,11,0,202,64,30,0,0,0,0,0,0,0,0,0,0,0,0,0,0,0,0,0,44,0,0,0,0,0,0,0,0,0,0,0,0,0,0,0,0,0,0,0,0,0,0,0,0,0,322,0,0,0,0,0,0,0,0,0,0,0,0,0,0,0,0,0,0,0,0,0,0,0,0,0,0,0,0,0,0,0,0,0,0,0,0,0,0,0,0,0,0,0,0,0,0,0,0,0,0,0,23,0,58,0,0,0,0,0,0,0,0,0,0,0,0,0,104,0,11,0,0,0,0,0,0,0,8,0,0,23,0,0,40,0,22,0,35,0,24,0,0,0,0,0,0,0,0,0,0,0,0,0,0,0,0,0,0,0,0,0,0,0,0,226,327,0,12,5,0,10,0,0,0,0,0,0,0
0,177,0,111,0,371,0,56,0,30,0,296,543,132,21,172,0,0,160,441,33,225,0,94,0,0,470,0,0,7,0,7,0,4,9,89,0,91,0,3,366,14,110,364,65,235,278,156,3,18,46,322,0,18,0,0,0,0,0,0,0,0,0,27,0,33,0,4,0,6,0,0,0,0,0,0,0,0,0,8,0,0,0,88,0,0,0,0,0,0,0,0,0,81,0,0,0,110,0,0,0,274,0,76,0,0,0,0,0,0,0,0,0,0,0,0,0,0,0,0,0,75,0,0,0,0,0,0,0,0,0,0,0,0,0,145,0,0,0,0,0,0,0,0,0,0,0,0,0,73,0,371,0,0,0,0,0,0,0,0,0,0,0,0,2,67,0,0,0,125,0,0,0,9,0,0,3,255,8,49,0,224,0,0,0,122,20,25,0,95,0,0,0,0,0,61,0,0,0,0,0,0,0,55,0,0,0,0,0,54,0,8,0,0,28,0,0,0,79,395,421,0,12,0,0
33,0,136,0,0,0,56,0,0,0,16,0,0,0,0,0,296,0,5,0,44,0,84,0,73,0,43,0,0,0,9,0,0,0,40,0,23,0,7,0,0,0,68,0,16,0,0,0,0,0,9,0,6,0,0,0,3,0,0,0,6,0,26,0,0,0,0,0,0,0,33,0,0,0,52,0,0,0,0,0,62,0,0,0,101,0,51,0,0,0,0,0,0,0,0,0,19,0,69,0,0,0,0,0,0,0,0,0,0,0,0,0,0,0,0,0,0,0,0,0,42,0,54,0,0,0,0,0,0,0,0,0,1,0,0,0,25,0,120,0,158,0,111,0,58,0,0,0,0,0,0,0,0,0,3,0,0,0,8,0,0,0,0,0,0,0,0,0,0,0,0,0,0,0,0,0,13,0,0,0,0,0,0,0,0,0,0,0,0,0,0,0,0,0,0,0,0,0,0,0,0,0,0,0,0,0,0,0,0,0,11,0,0,0,0,0,0,0,0,0,0,0,0,0,0
0,37,0,122,0,0,0,104,0,0,0,18,0,0,0,2,0,102,0,0,0,72,0,51,0,37,0,7,0,0,0,30,0,46,0,23,0,4,0,13,0,0,0,16,0,0,0,0,0,0,0,20,0,13,0,4,0,4,0,0,0,0,0,55,0,0,0,0,0,0,0,0,0,0,0,0,0,0,0,0,0,61,0,0,0,55,0,0,0,0,0,0,0,0,0,0,0,39,0,35,0,73,0,0,0,0,0,0,0,0,0,0,0,0,0,0,0,0,0,0,0,25,0,0,0,0,0,0,0,0,0,0,0,0,0,0,0,183,0,155,0,184,0,215,0,19,0,0,0,0,0,0,0,0,0,3,0,0,0,32,0,0,0,0,0,0,0,0,0,0,0,0,0,0,0,0,0,0,0,4,0,0,0,0,0,0,0,0,0,0,0,0,0,0,0,0,0,0,0,0,0,0,0,0,0,0,0,0,0,0,0,0,0,0,0,0,0,0,0,0,0,0,0,0,0
6,1,15,0,104,14,0,0,0,0,58,0,12,1,145,14,138,0,10,0,63,0,60,3,9,0,39,0,9,0,0,0,2,0,7,0,47,0,3,0,0,0,56,0,7,0,0,0,1,0,6,0,11,0,1,0,0,0,2,0,0,0,19,0,0,0,0,0,0,0,29,0,0,0,30,0,0,0,0,0,56,0,0,0,0,0,36,0,10,0,22,0,0,0,0,0,76,0,112,0,0,0,0,0,0,0,0,0,0,0,0,0,0,0,0,0,0,0,0,0,39,0,0,0,0,0,0,0,2,0,0,0,0,0,0,0,0,0,7,0,29,0,0,0,30,0,0,0,0,0,0,0,0,0,0,0,0,0,0,0,0,0,0,0,4,0,57,0,0,0,0,0,19,0,2,0,17,0,40,0,0,0,1,0,0,0,0,0,0,0,0,0,0,0,0,0,0,0,0,0,0,0,0,0,0,0,0,0,0,0,32,24,77,23,11,0,0,0,0,0,0,0,0,0,0
0,0,0,40,0,174,0,0,0,0,0,65,0,12,19,65,0,16,8,25,7,37,0,20,0,0,0,7,0,30,0,0,0,0,0,2,0,6,0,5,0,0,1,18,0,0,0,0,0,0,0,7,0,0,0,0,0,0,0,0,0,0,0,10,0,0,0,0,0,0,0,0,0,0,0,10,0,0,0,0,0,0,0,0,0,0,0,0,0,0,0,0,0,0,0,0,0,20,0,0,0,0,0,0,0,0,0,0,0,0,0,0,0,0,0,0,0,0,0,0,0,0,0,0,0,0,0,0,0,0,0,0,0,0,0,0,0,0,0,0,0,69,0,134,0,32,0,0,0,0,0,0,0,0,0,0,0,0,0,0,0,0,0,0,0,0,0,19,0,5,0,0,0,10,0,0,0,18,0,22,0,0,0,1,0,0,0,1,0,0,0,0,0,0,0,0,0,0,0,0,0,0,0,0,0,1,0,0,0,0,0,0,0,0,5,0,0,0,0,14,32,0,0,0,0
58,0,234,0,185,9,0,0,0,0,196,0,0,0,73,17,153,1,0,0,33,0,76,0,5,0,0,0,0,0,2,0,0,0,12,0,143,0,0,0,0,0,14,0,3,0,0,0,0,0,5,0,6,0,0,0,0,0,0,0,0,0,0,0,1,0,0,0,0,0,11,0,0,0,0,0,0,0,0,0,0,0,0,0,39,0,0,0,0,0,0,0,0,0,0,0,31,0,54,0,0,0,0,0,0,0,0,0,0,0,0,0,0,0,0,0,0,0,0,0,17,0,0,0,0,0,0,0,0,0,0,0,0,0,0,0,0,0,0,0,0,0,0,0,0,0,0,0,0,0,11,0,0,0,0,0,0,0,0,0,0,0,0,0,0,0,51,1,0,0,0,0,11,0,0,0,30,0,41,0,0,0,23,0,0,0,0,0,0,0,0,0,0,0,0,0,0,0,0,0,0,0,0,0,0,0,0,0,7,0,0,14,58,0,0,0,0,0,0,0,0,0,0,0,0
0,131,2,350,18,129,0,55,0,0,8,160,0,0,20,42,0,94,0,3,0,25,5,61,0,24,0,4,0,46,0,0,0,0,0,18,0,32,0,2,0,0,0,18,0,0,0,1,0,0,0,10,0,0,0,0,0,1,0,0,0,0,0,21,0,0,0,0,0,0,0,0,0,0,0,7,0,0,0,0,0,0,0,0,0,0,0,0,0,0,0,0,0,0,0,0,0,0,0,0,0,0,0,0,0,0,0,0,0,0,0,0,0,2,0,0,0,0,0,0,0,0,0,5,0,0,0,0,0,0,0,0,0,0,0,24,0,0,0,34,0,64,0,116,0,0,0,0,0,0,0,0,0,0,0,2,0,7,0,0,0,0,0,0,0,0,0,0,0,0,0,0,0,2,0,0,0,13,0,40,0,0,0,1,0,0,0,0,0,0,0,0,0,0,0,0,0,0,0,1,0,0,0,0,0,0,0,0,0,0,0,0,2,0,0,0,0,0,5,8,11,0,1,0,0
0,0,0,0,240,0,0,0,0,0,32,2,138,0,158,6,22,0,149,14,44,0,0,0,6,0,51,9,40,0,7,0,12,0,0,5,72,2,24,0,0,0,11,0,12,0,0,0,0,0,46,0,0,0,0,0,0,0,0,0,0,0,0,0,0,0,0,0,0,0,30,0,0,0,22,0,0,0,0,0,0,0,0,0,0,0,0,0,0,0,17,0,0,0,0,0,0,0,0,0,0,0,0,0,0,0,0,0,0,0,0,0,0,0,0,0,0,0,0,0,0,0,0,0,0,0,0,0,0,0,0,0,0,0,0,0,0,0,0,0,0,0,0,0,0,0,0,0,0,0,0,0,0,0,0,0,0,0,0,0,0,0,0,0,28,0,38,0,38,0,0,0,13,0,0,0,34,0,26,0,0,0,0,0,0,0,8,0,0,0,0,0,0,0,0,0,0,0,0,0,0,0,0,0,0,0,0,0,0,0,41,87,109,14,10,0,1,0,0,0,0,0,0,0,0
0,0,0,0,33,232,0,0,0,0,0,75,107,135,32,25,0,9,86,126,27,63,0,0,0,0,0,89,0,23,0,2,0,18,5,0,0,76,0,10,0,0,0,39,0,0,0,0,0,0,0,40,0,0,0,0,0,0,0,0,0,0,0,0,0,0,0,0,0,0,0,0,0,0,0,6,0,0,0,0,0,0,0,0,0,28,0,42,0,0,0,0,0,0,0,0,0,0,0,0,0,0,0,13,0,0,0,2,0,0,0,0,0,0,0,0,0,0,0,0,0,60,0,16,0,0,0,0,0,0,0,0,0,0,0,0,0,0,0,0,0,78,0,106,0,39,0,0,0,0,0,0,0,0,0,0,0,0,0,0,0,0,0,0,0,12,0,48,0,32,0,0,0,10,0,0,1,94,8,23,0,0,0,0,0,0,0,26,0,0,0,0,0,0,0,9,0,0,0,0,0,0,0,0,0,0,0,0,0,0,0,0,0,0,12,0,0,0,0,81,116,8,0,0,0
81,0,91,0,240,0,3,0,0,0,127,0,19,0,101,8,14,0,59,0,21,0,29,0,0,0,132,0,23,0,47,0,143,0,72,0,0,0,32,0,0,0,67,0,57,0,0,0,1,0,43,0,3,0,0,0,0,0,0,0,19,0,21,0,0,0,0,0,0,0,73,0,5,0,84,0,0,0,0,0,68,0,0,0,71,0,0,0,0,0,14,0,0,0,0,0,0,0,148,0,39,0,0,0,0,0,0,0,0,0,0,0,0,0,0,0,0,0,0,0,43,0,0,0,0,0,0,0,15,0,0,0,0,0,0,0,6,0,99,0,138,0,34,0,236,0,0,0,0,0,0,0,0,0,6,0,27,0,0,0,0,0,16,0,12,0,72,0,42,0,13,0,42,0,0,0,20,0,33,0,0,0,25,0,3,0,0,0,0,0,0,0,0,0,7,0,0,0,0,0,0,0,5,0,0,0,0,0,0,0,0,10,91,16,0,0,1,2,0,0,0,0,0,0,0
0,430,5,231,0,209,0,193,0,12,1,213,0,0,0,69,0,31,8,89,0,13,8,47,0,23,0,91,0,4,0,6,0,32,2,76,0,0,0,20,0,0,0,141,0,14,0,0,0,0,0,73,0,0,0,0,0,2,0,0,0,33,0,32,0,0,0,0,0,0,0,0,0,0,0,19,0,0,0,9,0,113,0,0,0,0,0,44,0,0,0,0,0,0,0,0,0,0,0,0,0,0,0,0,0,0,0,0,0,0,0,0,0,0,0,0,0,0,0,0,0,81,0,19,0,0,0,0,0,0,0,0,0,0,0,0,0,79,0,85,0,220,0,151,0,166,0,0,0,0,0,0,0,0,0,0,0,28,0,0,0,0,0,0,0,5,0,34,0,34,0,16,1,35,0,2,0,66,0,26,0,0,0,18,0,0,0,1,0,0,0,0,0,0,0,7,0,0,0,0,0,0,0,0,0,0,0,0,0,0,0,0,0,0,0,0,0,0,22,106,54,4,0,0,0
317,0,532,0,42,0,100,0,19,0,35,0,0,0,0,0,225,0,0,0,6,0,157,3,138,3,7,0,7,0,3,0,0,0,24,0,32,0,0,0,0,0,30,0,4,0,0,0,0,0,2,0,3,0,2,0,0,0,0,0,0,0,27,0,0,0,0,0,0,0,0,0,0,0,0,0,0,0,0,0,0,0,0,0,0,0,0,0,0,0,5,0,0,0,0,0,0,0,0,0,0,0,0,0,0,0,0,0,0,0,0,0,0,0,0,0,0,0,0,0,0,0,0,0,0,0,0,0,0,0,0,0,0,0,0,0,4,0,38,0,20,0,0,0,18,0,0,0,0,0,0,0,0,0,5,0,4,0,0,0,0,0,0,0,3,0,11,0,3,0,1,0,20,0,0,0,119,0,0,0,25,0,103,0,0,0,0,0,0,0,0,0,0,0,0,0,0,0,0,0,0,0,0,0,0,0,0,0,0,0,8,41,32,4,0,0,0,0,0,0,0,0,0,0,0
0,422,0,325,0,0,0,504,0,0,3,45,0,0,0,4,0,202,0,0,0,10,0,13,10,113,0,3,0,13,0,5,0,2,0,10,0,20,0,0,0,0,0,10,0,0,0,0,0,0,0,7,0,2,0,0,0,1,0,0,0,9,0,14,0,0,0,0,0,0,0,0,0,0,0,0,0,0,0,0,0,0,0,0,0,0,0,0,0,0,0,0,0,0,0,0,0,0,0,0,0,0,0,0,0,0,0,0,0,0,0,0,0,0,0,0,0,0,0,0,0,0,0,0,0,0,0,0,0,0,0,0,0,0,0,0,0,0,0,64,0,34,0,0,0,45,0,0,0,0,0,0,0,0,0,6,0,0,0,21,0,0,0,0,0,0,0,3,0,0,0,0,0,3,0,0,0,41,0,13,0,0,0,35,0,0,0,0,0,0,0,0,0,0,0,0,0,0,0,0,0,0,0,0,0,0,0,0,0,0,0,0,0,0,0,0,0,0,0,31,0,0,0,0,0
0,0,0,0,121,0,0,0,18,0,98,0,285,138,0,0,0,0,2,19,0,6,0,0,0,0,19,366,0,0,0,0,0,0,0,0,0,0,0,0,0,74,105,59,53,50,106,246,101,7,9,28,0,0,0,0,0,0,0,0,0,0,0,0,0,0,0,0,0,0,0,0,0,0,0,0,0,0,0,0,0,0,0,0,0,0,0,0,0,0,0,0,0,0,0,0,0,0,0,0,7,0,0,0,0,0,0,0,0,0,0,0,0,0,0,0,0,0,0,0,0,0,0,0,0,0,0,0,0,0,0,0,0,0,0,0,0,0,0,0,0,0,0,0,0,0,0,0,0,0,0,0,0,0,0,0,0,0,0,0,0,0,0,0,0,0,0,0,0,0,0,0,0,0,0,0,52,31,45,0,65,0,26,0,20,0,196,0,0,0,0,0,0,0,0,0,0,0,0,0,0,0,0,0,0,0,0,0,4,0,0,46,29,0,0,0,0,12,0,0,0,0,0,0,0
0,62,0,0,0,77,0,0,0,0,0,333,0,319,0,0,0,0,0,12,0,0,0,0,0,0,49,14,0,0,0,0,0,0,0,0,0,0,0,0,74,0,25,18,96,23,215,244,44,224,0,14,0,0,0,0,0,0,0,0,0,0,0,0,0,0,0,0,0,0,0,0,0,0,0,0,0,0,0,0,0,0,0,0,0,0,0,0,0,0,0,0,0,0,0,0,0,0,0,0,0,0,0,0,0,0,0,0,0,0,0,0,0,0,0,0,0,0,0,0,0,0,0,0,0,0,0,0,0,0,0,2,0,0,0,0,0,0,0,0,0,0,0,0,0,0,0,0,0,0,0,0,0,0,0,0,0,0,0,0,0,0,0,0,0,9,0,0,0,0,0,0,0,0,0,0,0,158,0,51,0,35,0,0,0,0,3,6,0,0,0,0,0,0,0,0,0,0,0,0,0,0,0,0,0,0,0,0,0,0,0,1,0,0,0,0,0,0,0,33,8,0,0,0,12
0,0,0,0,0,0,0,0,0,0,22,0,291,60,19,0,17,0,133,11,48,7,0,0,0,0,399,110,68,0,56,1,14,0,11,0,67,0,30,0,105,25,0,27,154,0,38,65,18,0,48,0,0,0,0,0,0,0,0,0,4,0,0,0,0,0,0,0,4,0,38,0,0,0,29,0,0,0,0,0,41,0,0,0,0,0,45,0,0,0,0,0,0,0,0,0,0,0,95,0,0,0,0,0,0,0,0,0,0,0,0,0,0,0,0,0,0,0,0,0,0,0,0,0,1,0,0,0,0,0,0,0,0,0,0,0,0,0,0,0,0,0,0,0,0,0,0,0,0,0,0,0,0,0,3,0,1,0,0,0,0,0,14,0,34,0,33,0,7,0,11,0,12,0,0,0,19,7,14,0,24,0,10,0,0,0,174,0,0,0,0,0,0,0,0,0,0,0,0,0,0,0,0,0,0,0,0,0,0,0,18,95,130,16,7,0,0,21,0,0,0,0,0,0,0
0,0,0,0,0,52,0,0,0,0,0,0,84,228,4,45,0,10,11,63,9,128,0,60,0,0,120,364,0,16,0,18,0,18,0,39,0,141,0,10,59,18,27,0,6,87,0,63,0,26,0,66,0,0,0,0,0,0,0,0,0,0,0,12,0,0,0,0,0,0,0,49,0,0,0,48,0,10,0,14,0,344,0,0,0,0,0,141,0,0,0,0,0,0,0,0,0,0,0,49,0,0,0,0,0,0,0,0,0,1,0,0,0,0,0,0,0,0,0,0,0,215,0,41,0,0,0,0,0,0,0,0,1,0,0,0,0,0,0,0,0,173,0,212,0,124,0,0,0,0,0,0,0,0,0,0,0,0,0,0,0,0,0,6,0,35,0,57,0,53,0,9,0,20,0,0,0,95,0,6,0,5,0,0,0,0,4,12,0,0,0,0,0,0,0,0,0,0,0,0,0,0,0,0,0,0,0,0,0,0,0,0,0,0,19,0,0,0,76,98,236,0,0,0,0
10,0,53,1,88,0,0,0,0,0,41,0,130,30,62,0,46,0,70,0,80,0,86,0,0,0,155,65,16,0,7,0,3,0,12,0,57,0,4,0,53,96,154,6,0,25,103,104,109,7,43,2,0,0,0,0,7,0,0,0,0,0,0,0,3,0,0,0,11,0,79,0,0,0,93,0,25,0,0,0,0,0,134,0,198,0,0,0,37,0,0,0,122,0,197,0,0,0,353,0,123,0,65,0,0,0,107,0,1,0,0,0,0,0,0,0,2,0,0,0,118,0,0,0,0,0,0,0,0,0,0,0,0,0,30,0,0,0,0,0,0,0,0,0,97,0,0,0,0,1,0,0,0,0,1,0,0,0,0,0,0,0,15,0,163,0,49,0,73,0,18,0,31,0,0,0,32,0,15,0,33,0,13,0,15,0,25,0,0,0,0,0,0,0,0,0,0,0,0,0,0,0,0,0,0,0,0,0,18,0,33,163,216,17,18,0,0,53,0,0,0,0,0,0,0
0,28,0,0,0,0,0,0,0,0,2,57,30,67,0,0,0,0,0,187,3,91,0,19,0,0,52,235,0,0,0,0,0,0,0,0,0,14,0,0,50,23,0,87,25,0,96,113,29,153,0,65,0,0,0,0,0,0,0,0,0,2,0,9,0,0,0,0,0,9,0,0,0,0,0,41,0,17,0,0,0,216,0,110,0,89,0,94,0,44,0,0,0,79,0,96,0,0,0,0,0,94,0,70,0,0,0,0,0,0,0,0,0,5,0,0,0,0,0,0,0,127,0,31,0,0,0,0,0,0,0,0,0,0,0,0,0,0,0,0,0,76,0,130,0,68,0,0,0,0,0,0,0,0,0,0,0,0,0,0,0,0,0,7,0,106,0,21,0,147,0,7,0,0,0,0,0,35,0,18,0,54,0,0,0,0,2,5,0,0,0,0,0,0,0,24,0,0,0,0,0,0,0,0,0,0,0,0,0,0,0,0,0,0,29,0,0,1,143,218,418,26,4,0,117
53,0,42,0,242,0,0,0,53,0,106,0,457,100,13,0,4,0,13,0,0,0,22,0,2,0,79,278,0,0,0,0,0,0,0,0,0,0,0,0,106,215,38,0,103,96,0,341,161,7,13,0,0,0,0,0,0,0,0,0,0,0,0,0,0,0,0,0,0,0,0,0,0,0,0,0,0,0,0,0,0,0,0,0,0,0,0,0,0,0,0,0,0,0,0,0,0,0,0,0,0,0,0,0,0,0,0,0,0,0,0,0,0,0,0,0,0,0,0,0,0,0,0,0,0,0,0,0,0,0,0,0,0,0,0,0,0,0,0,0,0,0,0,0,8,0,0,0,18,0,35,0,33,0,3,0,0,0,0,0,0,0,0,0,32,1,0,0,0,0,0,0,0,0,0,0,19,28,22,0,25,0,25,0,28,0,163,0,0,0,0,0,0,0,0,0,0,0,0,0,0,0,0,0,0,0,0,0,0,0,0,249,92,0,0,2,0,75,0,3,0,0,0,0,0
0,76,0,0,0,148,0,0,0,4,0,234,44,164,0,0,0,0,10,46,0,12,0,0,0,0,187,156,0,0,0,0,0,1,0,0,0,0,0,0,246,244,65,63,104,113,341,0,61,131,11,13,0,1,0,0,0,0,0,0,0,0,0,0,0,0,0,0,0,0,0,0,0,0,0,0,0,0,0,0,0,0,0,0,0,0,0,0,0,0,0,0,0,0,0,0,0,0,0,0,0,0,0,0,0,0,0,0,0,0,0,0,0,0,0,0,0,0,0,0,0,0,0,0,0,0,0,2,0,0,0,0,0,0,0,0,0,0,0,0,0,0,0,0,0,0,0,0,0,0,0,0,0,16,0,0,0,0,0,0,0,0,0,0,0,0,0,0,0,0,0,0,0,0,0,0,0,155,0,14,0,41,0,0,0,0,18,16,0,3,0,0,0,0,0,0,0,0,0,0,0,0,0,0,0,0,0,0,0,0,0,0,0,0,0,0,0,0,0,267,36,0,0,0,83
8,0,20,0,15,0,14,0,0,0,19,0,34,0,0,0,0,0,0,0,2,0,5,0,5,0,11,3,0,0,1,0,0,0,0,0,1,0,0,0,101,44,18,0,109,29,161,61,0,31,6,0,0,0,0,0,15,0,8,0,3,0,3,0,1,0,0,0,10,0,0,0,0,0,0,0,0,0,0,0,4,0,35,0,1,0,2,0,20,0,0,0,36,0,25,0,0,0,0,0,17,0,44,1,12,0,0,0,2,0,0,0,0,0,0,0,0,0,0,0,0,0,0,0,0,0,0,0,0,0,0,0,0,1,0,0,0,0,2,0,0,0,0,1,0,0,0,1,0,0,0,0,0,0,1,0,0,0,0,0,10,0,2,0,2,0,2,0,6,0,2,0,11,0,12,0,87,15,57,0,43,0,12,0,10,0,124,0,9,0,3,0,13,0,8,0,2,0,12,0,5,0,30,0,9,0,4,0,7,0,17,79,194,4,44,2,0,22,0,0,5,1,0,0,0
0,0,0,0,0,3,0,0,0,0,0,14,1,25,0,0,0,0,0,3,0,0,0,0,0,0,0,18,0,0,0,0,0,0,0,0,0,0,0,0,7,224,0,26,7,153,7,131,31,0,0,8,0,0,0,1,0,0,0,0,0,0,0,0,0,0,0,0,0,5,0,0,0,0,0,0,0,2,0,0,0,0,0,12,0,0,0,0,0,2,0,0,0,19,0,5,0,0,0,0,0,0,0,16,0,0,0,0,0,2,0,0,0,0,0,0,0,0,0,0,0,0,0,0,0,0,0,0,0,0,0,0,0,0,0,0,0,0,0,0,0,0,0,0,0,0,0,0,0,2,0,0,0,0,0,0,0,0,0,0,0,0,0,0,0,19,0,2,0,5,0,0,0,0,0,0,0,40,0,9,0,0,1,0,0,0,1,39,0,0,0,0,0,0,0,1,0,1,0,0,0,1,0,0,0,0,0,0,0,0,0,2,0,0,0,0,0,2,1,4,37,0,0,0,13
9,0,14,0,136,0,0,0,0,0,23,0,267,26,32,0,14,0,211,0,35,0,0,0,0,0,202,46,9,0,6,0,5,0,46,0,43,0,2,0,9,0,48,0,43,0,13,11,6,0,0,0,0,0,0,0,0,0,12,0,0,0,0,0,0,0,0,0,7,0,39,0,2,0,0,0,0,0,0,0,39,0,0,0,33,0,0,0,0,0,0,0,52,0,63,0,0,0,0,0,0,0,0,0,18,0,0,0,1,0,0,0,0,0,0,0,0,0,0,0,28,0,0,0,0,0,0,0,0,0,0,0,0,0,0,0,0,0,0,0,0,0,0,0,30,0,0,0,0,0,0,0,0,0,0,0,0,0,0,0,6,0,11,0,51,0,48,0,125,0,18,0,57,0,0,0,22,0,10,0,7,0,7,0,0,0,39,0,0,0,0,0,0,0,34,0,0,0,0,0,0,0,0,0,0,0,0,0,0,0,34,51,75,13,8,0,5,1,0,0,0,0,0,0,0
0,0,0,0,0,70,0,5,0,0,0,10,61,248,0,8,0,3,25,81,0,56,0,7,0,0,64,322,0,20,0,7,0,10,0,40,0,73,0,7,28,14,0,66,2,65,0,13,0,8,0,0,0,0,0,0,0,0,0,0,0,0,0,4,0,0,0,0,0,0,0,20,0,5,0,0,0,0,0,6,0,119,0,0,0,0,0,41,0,0,0,0,0,0,0,42,0,0,0,13,0,36,0,0,0,0,0,0,0,0,0,0,0,0,0,0,0,0,0,0,0,86,0,0,0,0,0,0,0,1,0,0,0,0,0,0,0,17,0,16,0,55,0,60,0,56,0,0,0,0,0,0,0,0,0,0,0,0,0,0,0,0,0,10,0,15,0,24,0,99,0,12,0,46,0,0,0,42,2,0,0,6,0,0,0,0,4,3,0,0,0,0,0,0,0,27,0,3,0,0,0,0,0,0,0,0,0,0,0,0,0,0,0,0,10,0,0,0,55,48,84,0,1,4,0
0,0,2,1,0,0,51,8,43,42,0,0,0,0,0,0,147,0,19,0,59,0,14,0,58,6,30,0,6,0,11,0,6,0,0,0,3,0,3,0,0,0,0,0,0,0,0,0,0,0,0,0,0,6,73,25,92,4,128,73,40,1,79,2,8,0,7,46,0,0,0,0,0,0,0,0,0,0,0,0,8,0,0,0,44,0,0,0,0,0,6,0,5,0,0,0,24,0,9,0,0,0,0,0,0,0,0,0,0,0,0,0,0,0,0,0,0,0,0,0,0,0,7,0,0,0,0,0,116,0,8,0,5,0,7,0,69,0,205,0,30,0,116,0,51,0,1,0,1,0,0,0,0,0,131,0,82,0,75,0,17,0,3,0,0,0,0,0,0,0,120,0,8,0,0,0,6,1,0,0,0,0,0,0,2,1,0,0,0,0,0,0,0,0,0,0,0,0,0,0,10,0,0,0,0,0,0,0,0,0,89,144,143,167,121,0,36,0,4,0,0,0,0,0,0
0,0,0,0,0,0,5,24,45,63,0,0,0,0,0,0,0,78,0,0,0,27,0,50,4,22,0,18,0,13,0,0,0,0,0,0,0,0,0,2,0,0,0,0,0,0,0,1,0,0,0,0,6,0,6,74,5,113,43,156,0,18,4,22,4,1,54,15,0,0,0,0,0,0,0,0,0,0,0,0,0,17,0,0,0,24,0,0,0,0,0,0,0,0,0,0,0,24,0,0,0,23,0,0,0,0,0,0,0,0,0,0,0,0,0,0,0,0,0,0,0,1,0,0,0,0,0,0,0,0,0,3,0,13,0,8,0,66,0,82,0,45,0,130,0,20,0,0,0,0,0,0,0,0,4,77,2,77,0,71,0,0,0,1,0,0,0,0,0,0,0,17,0,15,0,0,6,22,0,0,0,0,0,0,3,10,0,0,0,0,0,0,0,0,0,0,0,0,0,0,0,2,0,0,0,0,0,0,0,0,0,0,0,0,30,0,0,0,45,218,46,64,0,10,0
0,4,39,0,0,0,72,14,30,93,0,0,0,0,0,0,10,0,0,0,0,0,68,0,97,6,0,0,0,0,1,0,0,0,0,0,0,0,2,0,0,0,0,0,0,0,0,0,0,0,0,0,73,6,0,26,20,0,32,33,84,0,23,15,13,0,8,37,0,0,0,0,0,0,0,0,0,0,2,0,0,0,0,0,0,0,0,0,0,0,0,0,0,0,0,0,0,0,0,0,0,0,0,0,0,0,0,0,0,0,0,0,0,0,0,0,0,0,0,0,0,0,0,0,0,0,6,0,45,0,0,0,0,0,77,0,61,0,18,0,0,0,82,0,0,0,0,0,0,0,3,0,0,0,6,0,22,0,12,0,3,0,3,0,0,0,0,0,6,0,178,0,0,0,0,0,6,0,0,0,0,0,0,5,0,0,0,0,0,0,0,0,0,0,0,0,0,0,0,0,18,0,0,0,0,0,0,0,17,0,299,78,196,230,268,0,71,0,0,0,0,0,0,0,0
0,14,0,54,0,16,19,149,139,62,0,6,0,0,0,7,0,2,0,0,0,8,0,25,13,72,0,0,0,4,0,0,0,0,0,0,0,0,0,0,0,0,0,0,0,0,0,0,0,1,0,0,25,74,26,0,0,27,67,134,0,58,8,103,0,0,82,1,0,1,0,0,0,0,1,3,0,0,0,0,0,5,0,0,0,18,0,0,1,0,0,0,0,0,0,0,0,11,0,0,0,10,0,0,0,0,0,0,0,0,0,0,0,0,0,0,0,0,0,0,0,0,0,0,0,0,0,0,0,0,0,21,0,12,0,67,0,102,0,24,0,21,0,52,1,0,2,0,0,0,0,0,0,0,0,29,0,40,0,25,0,3,0,4,0,9,0,0,0,10,0,85,0,54,0,0,8,0,0,0,0,0,0,0,9,1,0,0,0,1,0,0,0,0,0,0,0,0,0,0,0,6,0,0,0,0,0,0,0,0,0,0,0,0,215,0,0,0,319,115,305,214,0,106,0
0,0,0,0,0,0,2,0,2,0,0,0,0,0,0,0,0,0,0,0,3,0,14,0,16,0,0,0,3,0,0,0,0,0,0,0,0,0,0,0,0,0,0,0,7,0,0,0,15,0,0,0,92,5,20,0,0,9,75,74,14,0,0,0,16,21,19,86,1,0,0,0,0,0,0,0,0,0,0,0,0,0,0,0,0,0,0,0,0,0,0,0,0,0,0,0,0,0,0,0,0,0,0,0,0,0,0,0,0,0,0,0,0,0,0,0,0,0,0,0,0,0,0,0,19,0,36,0,113,0,67,0,0,0,42,0,13,0,37,0,0,0,0,0,31,2,0,0,5,0,15,0,0,0,105,12,144,0,100,12,22,17,23,0,0,0,0,0,25,0,159,0,3,0,14,0,0,0,0,0,0,4,0,0,0,0,0,0,0,0,0,0,0,0,0,0,0,0,0,0,0,0,0,0,0,0,0,0,26,0,377,167,424,509,795,1,68,0,1,2,0,0,0,0,0
0,0,0,7,0,0,0,21,0,5,0,0,0,0,0,0,0,43,0,0,0,0,0,33,0,99,0,0,0,4,0,0,0,1,0,0,0,2,0,1,0,0,0,0,0,0,0,0,0,0,0,0,4,113,0,27,9,0,24,149,0,8,0,17,8,0,23,0,0,5,0,0,0,0,0,0,0,2,0,0,0,0,0,0,0,0,0,0,0,0,0,0,0,2,0,0,0,0,0,0,0,0,0,0,0,0,0,0,0,0,0,0,0,0,0,0,0,0,0,0,0,0,0,0,0,16,0,15,0,36,0,23,0,14,0,42,0,83,0,49,0,26,0,46,1,0,0,0,0,4,0,0,0,0,6,153,5,103,0,70,3,9,0,0,0,5,0,0,0,20,0,228,0,0,0,0,0,0,0,0,0,0,0,0,0,1,0,0,0,0,0,0,0,1,0,0,0,0,0,0,0,0,0,0,0,0,0,0,0,16,1,0,0,0,281,0,0,0,269,68,331,0,45,115,0
0,0,3,0,0,0,1,0,256,54,0,0,0,0,0,0,0,0,0,0,0,0,0,0,0,2,0,0,0,0,2,0,0,0,0,0,0,0,0,0,0,0,0,0,0,0,0,0,8,0,12,0,128,43,32,67,75,24,0,171,97,0,9,12,137,18,94,217,0,0,0,0,0,0,0,0,1,0,0,0,0,0,0,0,0,0,0,0,0,0,0,0,1,0,0,0,0,0,0,0,0,0,0,0,0,0,0,0,0,0,0,0,0,0,0,0,0,0,0,0,0,0,0,0,37,0,50,0,28,0,83,0,9,0,16,0,11,0,6,0,0,0,0,0,4,0,11,0,25,0,23,0,0,0,28,15,156,0,0,8,36,0,10,0,2,0,0,0,12,0,100,0,0,0,6,1,15,0,0,0,0,0,0,0,78,13,0,0,0,0,0,0,0,0,0,0,0,0,0,0,0,0,0,0,0,0,0,0,33,0,502,241,185,342,537,0,56,0,7,0,0,0,0,0,0
0,14,0,0,0,0,0,16,62,56,0,3,0,0,0,3,0,0,0,0,0,0,0,0,0,17,0,0,0,0,0,0,0,0,0,0,0,0,0,0,0,0,0,0,0,0,0,0,0,0,0,0,73,156,33,134,74,149,171,0,0,125,3,53,51,34,250,149,0,9,0,0,0,0,0,0,0,0,0,0,0,0,0,1,0,0,0,2,0,0,0,0,0,2,0,0,0,0,0,0,0,0,0,0,0,0,0,0,0,0,0,0,0,0,0,0,0,0,0,0,0,0,0,0,0,13,0,0,0,0,0,42,0,0,0,11,0,11,4,6,0,0,0,0,12,23,0,0,0,29,0,0,0,0,66,56,30,384,15,65,37,16,0,0,0,16,0,2,0,15,0,178,0,0,1,2,15,6,0,0,0,0,0,0,28,23,0,0,0,0,0,0,0,0,0,0,0,0,0,0,0,0,0,0,0,0,0,0,0,8,0,0,1,0,1167,0,0,0,1221,252,589,719,122,173,0
40,0,12,0,0,0,345,0,183,0,0,0,0,0,0,0,34,0,0,0,0,0,3,0,167,0,0,0,6,0,0,0,0,0,0,0,19,0,0,0,0,0,4,0,0,0,0,0,3,0,0,0,40,0,84,0,14,0,97,0,0,0,65,0,0,0,16,0,0,0,0,0,0,0,3,0,0,0,0,0,0,0,0,0,0,0,0,0,0,0,0,0,0,0,0,0,0,0,2,0,0,0,0,0,0,0,0,0,0,0,0,0,0,0,0,0,0,0,0,0,2,0,0,0,0,0,0,0,0,0,0,0,0,0,0,0,3,0,80,0,45,0,5,0,195,0,0,0,0,0,0,0,0,0,51,0,41,0,12,0,0,0,0,0,0,0,0,0,0,0,96,0,66,0,0,0,43,0,0,0,0,0,28,0,0,0,0,0,0,0,0,0,0,0,0,0,0,0,0,0,0,0,0,0,0,0,0,0,0,0,34,80,35,48,21,0,11,0,0,0,0,0,0,0,0
0,54,0,5,0,0,0,190,10,198,0,0,0,0,0,0,0,10,0,9,0,11,0,0,15,90,0,0,0,0,0,0,0,0,0,0,0,33,0,9,0,0,0,0,0,2,0,0,0,0,0,0,1,18,0,58,0,8,0,125,0,0,0,34,0,0,0,17,0,0,0,0,0,0,0,0,0,0,0,0,0,0,0,0,0,0,0,0,0,0,0,0,0,0,0,0,0,0,0,0,0,0,0,0,0,0,0,0,0,0,0,0,0,0,0,0,0,0,0,0,0,0,0,0,0,0,0,0,0,0,0,0,0,1,0,0,0,0,0,23,0,42,0,19,0,202,0,0,0,0,0,0,0,0,0,9,0,140,0,21,0,0,0,2,0,2,0,5,0,2,0,60,0,39,0,0,8,82,0,0,0,0,0,31,0,0,0,0,0,0,0,0,0,0,0,0,0,0,0,0,0,0,0,0,0,0,0,0,0,0,0,0,0,0,14,0,0,0,0,129,54,0,0,14,0
13,8,13,0,0,0,215,18,115,41,0,0,0,0,0,0,466,1,0,0,115,0,43,0,147,4,0,0,26,0,19,0,0,0,0,0,21,0,27,0,0,0,0,0,0,0,0,0,3,0,0,0,79,4,23,8,0,0,9,3,65,0,0,5,0,0,2,2,0,0,11,0,0,0,0,0,0,0,0,0,0,0,0,0,0,0,0,0,0,0,0,0,0,0,0,0,0,0,0,0,0,0,0,0,0,0,0,0,0,0,0,0,0,0,0,0,0,0,0,0,40,0,0,0,0,0,0,0,37,0,0,0,0,0,0,0,46,0,249,0,134,0,110,0,56,0,0,0,0,0,0,0,0,0,40,0,26,0,15,0,0,0,0,0,0,0,0,0,0,0,46,0,29,0,0,0,8,0,0,0,0,0,16,0,0,0,0,0,0,0,0,0,0,0,0,0,0,0,2,0,0,0,0,0,0,0,0,0,2,0,47,54,71,59,61,0,7,0,0,0,0,0,0,0,0
5,34,0,1,0,0,27,166,69,228,0,0,0,0,0,15,0,216,0,36,0,142,0,53,31,248,0,27,0,55,0,10,0,21,0,0,0,32,0,14,0,0,0,12,0,9,0,0,0,0,0,4,2,22,15,103,0,17,12,53,0,34,5,0,0,1,9,17,0,0,0,0,0,0,0,0,0,0,0,0,0,0,0,0,0,0,0,0,0,0,0,0,0,0,0,0,0,0,0,0,0,3,0,0,0,0,0,0,0,0,0,0,0,0,0,0,0,0,0,0,0,0,0,0,0,0,0,0,0,0,0,0,0,8,0,7,0,32,0,102,0,37,0,29,0,36,0,0,0,0,0,0,0,0,0,33,0,36,0,57,0,0,0,0,0,0,0,0,0,0,0,2,0,15,0,0,11,61,0,0,0,0,0,59,0,0,0,0,0,0,0,0,0,0,0,0,0,0,0,0,0,0,0,0,0,0,0,0,0,0,0,0,0,0,7,0,0,0,15,118,26,24,0,0,0
8,0,8,0,23,0,20,0,207,0,6,0,23,0,0,0,0,0,0,0,0,0,0,0,0,0,0,0,0,0,0,0,1,0,0,0,0,0,0,0,0,0,0,0,3,0,0,0,1,0,0,0,8,4,13,0,16,8,137,51,0,0,0,0,0,74,86,25,0,0,0,0,3,0,0,3,0,0,0,1,0,0,0,0,0,0,0,0,0,0,0,0,0,0,0,0,0,0,0,0,0,1,0,0,0,0,0,0,0,0,0,0,0,0,0,0,0,0,0,0,0,0,0,0,3,0,8,0,0,0,23,36,0,0,4,0,0,0,11,28,0,0,0,0,28,21,19,0,30,33,18,0,0,3,8,31,0,0,2,53,285,108,10,0,0,0,0,0,3,0,0,0,0,0,52,0,0,0,0,0,108,28,0,0,185,0,0,0,0,0,0,0,0,0,0,0,0,0,0,0,0,0,0,0,0,0,0,0,0,0,65,11,0,0,64,0,0,0,2,0,0,0,0,0,0
0,41,0,0,0,25,0,9,0,177,0,5,0,0,0,0,0,0,0,0,0,0,0,0,0,0,0,33,0,0,0,0,0,0,0,0,0,0,0,0,0,0,0,0,0,0,0,0,0,0,0,0,0,1,0,0,21,0,18,34,0,0,0,1,74,0,7,311,0,0,0,12,0,9,9,0,0,0,0,0,0,0,0,0,0,1,0,0,0,0,1,0,0,0,0,0,0,0,0,0,0,0,0,0,0,0,0,0,0,0,0,0,0,0,0,0,0,0,0,0,0,0,0,0,0,8,0,6,0,0,0,76,0,0,0,0,0,0,26,22,0,2,0,0,30,77,5,25,53,176,0,41,0,8,17,7,0,0,29,5,120,249,0,8,0,0,0,0,0,0,0,0,0,0,0,13,0,0,0,0,28,116,0,9,15,59,0,0,0,0,0,0,0,0,0,0,0,0,0,0,0,0,0,0,0,0,0,14,0,36,5,0,0,0,28,0,0,0,73,16,0,0,0,0,0
1,1,0,0,0,0,3,6,120,82,2,0,0,0,0,0,0,0,0,0,1,0,0,0,0,0,0,0,0,0,0,0,0,0,0,0,0,0,0,0,0,0,0,0,0,0,0,0,0,0,0,0,7,54,8,82,19,23,94,250,16,0,2,9,86,7,0,154,0,0,0,0,0,0,0,0,0,0,0,0,0,0,0,0,0,0,0,0,0,0,0,0,0,0,0,0,0,0,0,0,0,0,0,0,0,0,0,0,0,0,0,0,0,0,0,0,0,0,0,0,0,0,0,0,0,0,0,0,0,0,3,0,0,0,0,0,0,0,0,2,0,0,0,0,0,0,0,0,4,0,3,0,2,0,29,13,34,5,2,0,27,4,0,0,0,0,0,0,1,0,6,0,3,0,32,0,82,0,0,0,0,3,0,0,282,17,0,0,0,0,0,0,0,0,0,0,0,0,0,0,0,0,0,0,0,0,0,0,0,0,92,62,20,0,76,0,3,0,3,0,2,0,0,0,0
0,19,0,0,0,0,0,12,58,82,0,0,0,0,0,0,0,0,0,0,0,0,0,0,0,0,0,4,0,0,0,0,0,0,0,0,0,0,0,0,0,0,0,0,0,0,0,0,0,0,0,0,46,15,37,1,86,0,217,149,0,17,2,17,25,311,154,0,0,0,0,0,0,0,0,0,0,0,0,0,0,0,0,0,0,0,0,0,0,0,0,0,0,0,0,0,0,0,0,0,0,0,0,0,0,1,0,0,0,0,0,0,0,0,0,0,0,0,0,0,0,0,0,0,0,13,0,0,0,0,0,18,0,0,0,0,0,0,0,1,0,0,0,0,0,7,0,9,0,54,0,3,0,1,69,9,0,28,14,16,39,27,0,0,0,0,0,0,0,0,0,4,0,0,0,16,12,10,0,0,0,15,0,0,24,194,0,0,0,0,0,0,0,0,0,0,0,0,0,0,0,0,0,0,0,0,0,6,0,7,0,0,0,1,110,0,0,0,129,119,23,0,0,0,0
0,0,0,0,0,0,2,0,0,0,0,0,0,0,0,0,0,0,0,0,0,0,0,0,0,0,0,0,0,0,0,0,0,0,0,0,0,0,0,0,0,0,4,0,11,0,0,0,10,0,7,0,0,0,0,0,1,0,0,0,0,0,0,0,0,0,0,0,0,0,0,0,39,0,4,0,43,0,15,0,9,0,8,0,0,0,9,0,4,0,0,0,16,0,14,0,0,0,12,0,19,0,143,0,0,0,27,0,109,0,71,0,0,0,5,0,8,0,0,0,0,0,0,0,0,0,0,0,0,0,0,0,0,0,0,0,0,0,0,0,0,0,0,0,0,0,0,0,0,0,0,0,0,0,0,0,0,0,1,0,0,0,0,0,43,0,0,0,103,0,1,0,2,0,0,0,0,0,0,0,0,0,0,0,0,0,0,0,53,0,0,0,40,0,25,0,5,0,0,0,28,0,60,0,0,0,0,0,8,0,97,21,67,0,10,56,58,0,0,0,0,0,0,0,0
0,0,0,0,0,0,0,1,0,0,0,0,0,0,0,0,0,0,0,0,0,0,0,0,0,0,0,6,0,0,0,0,0,0,0,0,0,0,0,0,0,0,0,0,0,9,0,0,0,5,0,0,0,0,0,1,0,5,0,9,0,0,0,0,0,0,0,0,0,0,0,0,0,4,0,1,0,24,0,0,0,0,0,12,0,0,0,22,0,9,0,3,0,1,0,0,0,0,0,0,0,0,0,123,0,0,0,2,0,12,0,7,0,11,0,0,0,0,0,0,0,0,0,0,0,0,0,2,0,0,0,0,0,0,0,7,0,3,0,0,0,0,0,0,0,0,0,0,3,0,0,0,0,0,0,0,0,0,0,0,0,1,0,0,0,11,0,0,0,23,0,0,0,0,0,2,0,0,0,0,0,0,0,0,0,1,0,0,0,27,0,0,0,0,0,18,0,0,0,17,0,6,0,17,0,17,0,0,0,4,0,0,1,0,4,0,0,0,7,10,58,0,17,13,4
0,0,0,0,0,0,0,0,0,0,0,0,2,0,0,0,27,0,0,0,58,0,0,0,0,0,44,0,33,0,29,0,11,0,30,0,73,0,0,0,0,0,38,0,79,0,0,0,0,0,39,0,0,0,0,0,0,0,0,0,0,0,11,0,0,0,0,0,0,0,0,0,229,0,218,0,20,0,246,0,0,0,0,0,3,0,29,0,0,0,0,0,0,0,0,0,0,0,15,0,0,5,0,0,0,0,0,0,0,0,0,0,0,0,0,0,0,0,0,0,20,0,8,0,25,21,23,4,19,0,51,18,0,0,10,0,16,0,22,0,44,0,33,0,100,0,27,0,51,27,59,0,27,0,1,0,6,0,2,0,0,0,68,0,0,0,34,0,48,0,23,0,35,0,57,0,0,0,0,0,85,13,0,0,35,2,0,0,0,0,0,0,0,0,0,0,0,0,22,0,4,0,0,0,0,0,0,0,57,0,15,2,67,0,0,2,0,0,0,0,0,0,0,0,0
0,0,0,0,0,0,0,0,0,0,0,0,0,0,0,0,0,0,0,0,0,30,0,0,0,1,0,0,0,0,0,0,0,0,0,0,0,0,0,0,0,0,0,49,0,0,0,0,0,0,0,20,0,0,0,0,0,0,0,0,0,0,0,0,0,12,0,0,0,0,0,0,0,145,0,206,0,59,0,9,0,0,0,29,0,2,0,67,0,0,0,0,0,0,0,0,0,0,1,1,0,0,0,0,0,0,0,0,0,0,0,0,0,0,0,0,0,0,0,0,0,0,0,0,0,97,0,149,0,42,13,81,0,48,0,0,0,65,0,28,0,29,0,7,0,106,0,0,0,114,0,0,0,17,0,0,0,0,0,10,0,10,0,50,0,0,0,25,0,9,0,17,0,19,0,42,0,0,0,0,7,84,0,0,0,15,0,0,0,0,0,0,0,0,0,0,0,0,0,0,0,0,0,0,0,0,0,0,0,0,0,0,0,0,0,0,0,0,23,0,27,3,0,0,0
0,0,0,0,0,0,0,0,0,0,0,0,0,0,0,0,0,0,0,0,0,0,0,0,0,0,0,0,0,0,0,0,0,0,0,0,5,0,0,0,0,0,0,0,0,0,0,0,0,0,2,0,0,0,0,0,0,0,0,0,0,0,0,0,3,0,0,0,39,0,229,0,0,0,115,0,125,0,287,0,0,0,82,0,10,0,9,0,0,0,0,0,34,0,7,0,1,0,1,0,2,0,11,0,0,0,0,0,4,0,0,0,0,0,0,0,0,0,0,0,35,0,8,0,30,0,47,0,0,0,22,0,0,0,63,0,14,0,11,0,30,0,42,0,27,0,43,0,5,11,98,0,12,0,0,0,0,0,0,0,0,0,66,0,6,0,0,0,25,0,8,0,0,0,13,0,1,0,0,0,66,0,0,0,0,0,0,0,19,0,0,0,0,0,0,0,0,0,99,0,28,0,0,0,0,0,0,0,114,0,330,0,33,0,29,2,1,0,0,0,6,0,0,0,0
0,0,0,0,0,0,0,0,0,0,0,0,0,1,0,0,0,0,0,0,0,0,0,0,0,0,0,0,0,0,0,0,0,0,0,0,0,0,0,0,0,0,0,0,0,0,0,0,0,0,0,5,0,0,0,0,0,0,0,0,0,0,0,0,0,9,0,0,0,4,0,145,0,0,0,221,0,240,0,28,0,0,0,82,0,8,0,155,0,11,0,2,0,12,0,0,0,0,0,0,0,3,1,6,0,0,0,0,0,0,0,0,0,0,0,0,0,0,0,0,0,0,0,8,0,134,0,0,0,51,0,75,0,0,0,70,0,0,0,38,0,20,0,0,0,52,0,0,13,78,0,42,0,27,0,0,0,0,0,0,0,0,0,81,0,0,0,4,0,31,0,9,0,2,0,31,0,0,0,0,0,47,0,0,0,3,0,0,0,0,0,0,0,0,0,0,0,0,0,0,0,0,0,153,0,34,1,0,0,0,0,0,0,0,13,0,0,0,160,0,18,0,0,0,0
0,0,0,0,0,0,0,0,0,0,0,0,0,0,0,0,42,0,0,0,59,0,2,0,0,0,0,0,52,0,30,0,0,0,22,0,84,0,0,0,0,0,29,0,93,0,0,0,0,0,0,0,0,0,0,1,0,0,0,0,3,0,0,0,0,9,0,0,4,0,218,0,115,0,0,0,21,0,229,0,17,0,32,0,50,0,31,0,0,0,0,0,0,0,11,0,0,0,10,1,3,0,0,0,0,0,0,0,0,0,0,0,0,0,0,0,0,0,0,0,90,0,36,0,0,20,0,0,22,0,30,0,0,0,56,0,14,0,25,7,68,2,133,0,114,0,20,0,0,27,63,0,0,3,0,0,6,0,0,0,0,0,23,4,0,0,0,0,17,0,16,0,38,0,48,0,0,0,0,0,62,15,0,0,40,0,0,0,0,0,0,0,0,0,0,0,9,0,120,0,57,0,0,0,0,0,0,0,100,0,30,0,19,0,0,0,0,0,0,0,0,2,0,0,0
0,0,0,0,0,0,0,0,0,0,0,0,0,0,0,0,0,1,0,11,0,0,0,0,0,0,0,0,0,0,0,10,0,7,0,6,0,19,0,0,0,0,0,48,0,41,0,0,0,0,0,0,0,0,0,3,0,0,0,0,0,0,0,0,3,0,0,0,0,1,0,206,0,221,0,0,0,92,1,29,0,0,0,27,0,18,0,126,0,0,1,0,0,0,0,3,0,0,0,0,0,0,0,0,0,0,0,0,0,0,0,0,0,0,0,0,0,0,0,0,0,73,0,29,0,89,0,181,0,0,0,0,0,45,0,234,0,161,0,17,2,73,0,39,0,179,0,0,18,120,0,78,0,38,0,0,0,0,1,0,0,0,0,72,0,0,0,21,0,17,0,10,0,22,0,36,0,0,0,0,7,0,0,0,0,0,0,0,0,0,0,0,0,0,0,0,0,0,0,66,0,32,0,93,0,0,0,0,0,129,0,0,0,0,8,0,0,0,92,0,49,0,0,0,0
0,0,0,0,0,0,0,0,0,0,0,0,0,0,0,0,0,0,0,0,0,0,0,0,0,0,0,0,0,0,0,0,0,0,0,0,0,0,0,0,0,0,0,0,25,0,0,0,0,0,0,0,0,0,0,0,0,0,1,0,0,0,0,0,0,0,0,0,43,0,20,0,125,0,21,0,0,0,51,0,0,0,15,0,0,0,31,0,0,0,0,0,10,0,15,0,0,0,21,0,13,0,114,0,0,0,42,0,45,0,0,0,0,0,2,0,6,0,0,0,13,0,0,0,0,0,0,0,0,0,0,0,0,0,0,0,0,0,0,0,0,0,24,0,0,0,0,0,5,0,0,0,0,0,0,0,0,0,0,0,0,0,0,0,20,0,0,0,23,0,0,0,0,0,0,0,0,0,0,0,0,0,0,0,0,0,0,0,48,0,0,0,0,0,34,0,0,0,0,0,46,0,0,0,0,0,0,0,0,0,42,0,36,0,9,11,5,1,0,0,0,0,0,0,0
0,0,0,0,0,0,0,2,0,0,0,0,0,0,0,0,0,0,0,0,0,0,0,0,0,0,0,0,0,0,0,0,0,0,0,0,0,0,0,0,0,0,0,10,0,17,0,0,0,2,0,0,0,0,0,0,0,2,0,0,0,0,0,0,0,0,0,0,0,24,0,59,0,240,0,92,0,0,0,51,0,37,0,70,0,0,0,146,0,52,0,0,0,65,0,19,0,3,0,0,0,21,0,113,0,0,0,12,0,18,0,0,0,0,0,0,0,1,0,0,0,14,0,8,0,0,0,0,0,0,0,0,0,0,0,0,0,0,0,0,0,0,0,0,0,0,0,0,0,0,0,0,0,0,0,0,0,2,0,2,0,0,0,4,0,0,0,0,0,54,0,0,0,4,0,0,0,0,0,0,0,0,0,0,0,0,0,0,0,86,0,0,0,0,0,46,0,0,0,0,0,41,0,0,0,0,0,0,0,0,0,0,0,0,7,0,0,0,34,15,85,0,0,0,0
0,0,0,0,0,0,0,0,0,0,0,0,0,0,0,0,0,0,0,0,0,0,0,0,0,0,0,0,0,0,0,0,0,0,0,0,0,0,0,0,0,0,0,0,0,0,0,0,0,0,0,0,0,0,2,0,0,0,0,0,0,0,0,0,0,0,0,0,15,0,246,0,287,0,229,1,51,0,0,0,15,0,80,0,46,0,45,0,0,0,0,0,16,0,19,0,16,0,7,0,0,0,52,0,0,0,0,0,27,0,4,0,0,0,0,0,0,0,0,0,119,0,15,0,0,0,0,0,5,0,0,0,0,0,0,0,0,0,4,0,28,0,72,0,19,0,0,0,0,0,0,0,0,0,0,0,0,0,1,0,0,0,6,0,9,0,0,0,27,0,5,0,0,0,0,0,0,0,0,0,0,0,0,0,0,0,0,0,0,0,0,0,0,0,0,0,0,0,0,0,120,0,164,0,96,0,0,0,67,0,314,8,81,2,30,6,9,0,0,0,0,0,0,0,0
0,0,0,0,0,0,0,0,0,0,0,0,0,0,0,0,0,0,0,0,0,0,0,0,0,0,0,8,0,0,0,0,0,0,0,0,0,9,0,0,0,0,0,14,0,0,0,0,0,0,0,6,0,0,0,0,0,0,0,0,0,0,0,0,1,0,0,0,0,0,0,9,0,28,0,29,0,51,0,0,0,0,0,12,0,32,0,31,0,0,0,0,0,0,0,0,0,5,0,0,0,2,0,0,0,0,0,0,0,0,0,0,0,0,0,0,0,0,0,0,0,6,0,7,0,0,0,0,0,0,0,0,0,0,0,82,0,51,0,0,0,31,0,7,0,41,0,0,0,0,0,19,0,5,0,0,0,2,0,0,0,0,0,2,0,0,0,0,0,0,0,0,0,0,0,0,0,0,0,0,0,0,0,0,0,0,0,0,0,0,0,0,0,0,0,0,0,0,0,30,0,17,0,0,0,0,0,0,1,0,0,0,0,0,0,0,0,0,12,0,0,0,0,0,0
