0,602,10,166,55,57,20,305,59,103,147,0,73,0,16,85,74,32,0,17,0,0,0,194,6,125,39,0,93,25,0,0,0,0,0,0,0,0,175,42,0,0,0,0,0,0,9,0,0,0,0,0,2,0,4,0,0,0,22,0,255,9,62,28,23,0,23,0,0,0,0,0,0,0,0,0,0,0,0,0,0,0,0,0,0,0,0,0,0,0,0,0,0,0,0,0,0,0,0,0,0,0,0,0,0,0,0,0,0,0,0,0,0,0,0,0,0,0,0,0,0,0,0,0,35,0,0,0,0,0,60,0,4,0,2,0,0,0,0,0,0,0,0,0,0,0,48,0,78,0,48,0,0,0,0,0,0,0,0,0,0,0,0,0,4,0,0,0,17,0,30,0,357,16,0,0,431,151,4,0,11,0,49,9,31,0,0,0,0,0,0,0,0,0,0,0,0,0,2,0,0,2,0,0,0,0,0,0,62,0,981,229,355,206,409,0,0,0,0,0,18,0,0,0,0
602,0,332,54,0,165,120,50,66,55,0,289,0,197,0,11,259,14,0,73,0,0,386,24,413,0,0,246,0,105,0,0,0,86,0,0,0,74,0,450,0,30,0,0,0,29,0,69,0,6,0,0,0,0,0,21,0,0,0,7,44,200,43,69,0,64,0,2,0,0,0,0,0,0,0,0,0,0,0,0,0,0,0,0,0,0,0,0,0,0,0,0,0,0,0,4,0,0,0,0,0,0,0,0,0,0,0,0,0,0,0,0,0,0,0,0,0,0,0,0,0,0,0,0,0,91,0,98,0,0,0,62,0,16,0,46,0,60,0,0,0,0,0,0,0,0,0,82,0,188,0,102,0,159,0,0,0,0,0,0,0,5,0,0,0,7,0,0,0,9,0,32,15,306,0,0,61,427,0,1,0,27,20,2,0,91,0,10,0,0,0,5,0,0,0,0,0,0,0,0,0,0,0,0,0,0,0,23,0,112,0,0,0,0,227,0,0,0,678,251,348,0,9,0,0
10,332,0,78,213,119,47,0,7,0,59,50,86,0,298,85,178,22,87,0,96,0,222,100,69,37,111,0,417,0,73,0,24,0,0,0,0,0,286,33,16,0,0,0,75,0,22,0,7,0,0,0,5,0,137,4,10,0,24,0,222,0,213,0,0,0,3,0,0,0,0,0,0,0,0,0,4,0,0,0,0,0,0,0,0,0,0,0,0,0,0,0,0,0,0,0,0,0,0,0,0,0,0,0,0,0,0,0,0,0,0,0,0,0,0,0,0,0,0,0,0,0,0,0,65,0,108,0,8,0,72,0,20,0,255,0,53,0,0,0,0,0,43,0,0,0,83,0,51,1,69,0,9,0,0,0,0,0,0,0,6,0,0,0,0,0,32,0,34,0,12,0,424,0,0,0,100,74,0,0,8,0,0,0,5,0,0,0,0,0,0,0,1,0,0,0,18,0,22,0,133,0,0,0,2,0,24,0,295,0,676,108,670,265,453,0,0,0,0,0,0,0,0,0,0
166,54,78,0,0,313,0,63,3,17,0,37,0,65,0,182,57,29,0,350,0,36,161,141,53,21,0,343,0,197,0,45,0,212,0,0,0,0,0,473,0,0,0,0,0,0,0,0,0,6,0,0,0,4,0,108,0,21,0,5,0,0,0,25,0,0,0,0,0,0,0,0,0,0,0,0,0,0,0,0,0,0,0,0,0,0,0,0,0,0,0,0,0,0,0,0,0,0,0,0,0,0,0,0,0,0,0,0,0,0,0,0,0,0,0,0,0,0,0,0,0,0,0,0,0,50,0,0,0,0,0,55,0,0,0,180,0,305,0,5,0,0,0,0,0,0,0,0,0,30,0,0,0,0,0,6,0,0,0,2,0,0,0,0,0,4,0,40,0,0,0,16,7,254,0,0,14,21,0,0,0,0,0,0,0,0,0,0,0,0,0,0,0,0,0,0,0,0,0,0,0,0,0,0,0,0,0,0,0,78,0,0,0,0,186,0,0,0,477,63,373,0,0,0,0
55,0,213,0,0,469,22,0,26,0,101,278,550,234,296,267,104,0,149,217,295,122,91,65,0,0,377,85,205,0,233,27,313,0,74,0,269,0,374,0,59,0,0,0,0,0,71,0,18,0,174,0,0,0,0,0,0,0,0,0,0,0,0,0,18,0,0,0,0,0,0,0,0,0,0,0,0,0,0,0,0,0,0,0,0,0,0,0,0,0,0,0,0,0,0,0,0,0,0,0,0,0,0,0,0,0,0,0,0,0,0,0,0,0,0,0,0,0,0,0,0,0,0,0,43,0,0,0,0,0,0,0,0,0,148,0,0,0,0,0,0,0,0,0,0,0,100,0,133,0,133,0,43,0,0,0,0,0,0,0,0,0,0,0,33,0,265,0,120,0,0,2,190,0,0,0,340,169,121,0,0,0,29,0,46,0,19,0,0,0,0,0,0,0,0,0,0,0,0,0,0,0,0,0,0,0,0,0,181,0,759,461,818,238,379,0,0,0,27,0,75,0,0,0,0
57,165,119,313,469,0,0,45,0,0,345,211,87,347,494,63,63,0,149,191,261,120,325,132,0,12,0,276,34,72,94,288,51,252,12,287,0,207,66,0,0,19,0,0,0,0,0,89,0,0,0,97,0,1,0,4,0,0,0,0,0,5,0,0,0,0,0,0,0,0,0,0,0,0,0,4,0,0,0,0,0,0,0,0,0,0,0,0,0,1,0,0,0,0,0,0,0,0,0,0,0,0,0,0,0,0,0,0,0,0,0,0,0,0,0,0,0,0,0,0,0,0,0,0,0,0,0,0,0,0,0,0,0,25,0,105,0,128,0,0,0,0,0,0,0,0,0,0,0,86,0,0,0,0,0,0,0,0,0,0,0,0,0,9,0,0,0,451,0,141,0,0,0,288,0,0,118,218,43,42,0,39,0,0,0,0,0,0,0,0,0,0,0,0,0,0,0,4,0,0,0,0,0,0,0,0,0,0,0,0,0,24,0,0,325,0,0,0,718,286,746,64,0,0,0
20,120,47,0,22,0,0,0,36,311,11,0,13,0,18,0,0,0,5,0,0,0,0,0,156,0,0,0,0,0,0,0,0,0,0,0,0,0,16,0,0,0,0,0,0,0,0,0,4,0,0,0,92,17,148,49,13,0,24,0,275,19,356,54,12,0,50,0,0,0,0,0,0,0,0,0,0,0,0,0,0,0,0,0,0,0,0,0,0,0,0,0,0,0,0,0,0,0,0,0,0,0,0,0,2,0,1,0,0,0,0,0,0,0,0,0,0,0,0,0,0,0,0,0,75,0,71,0,0,0,179,0,23,0,20,0,0,0,0,0,0,0,0,0,0,0,36,0,24,0,0,0,0,0,0,0,7,0,0,0,16,0,0,0,6,0,0,0,22,0,171,0,238,0,0,0,19,0,0,0,0,0,0,26,0,0,0,0,0,0,0,0,0,0,0,0,0,0,0,0,0,0,0,0,0,0,0,0,133,0,866,46,562,629,723,2,124,0,0,0,0,0,0,0,0
305,50,0,63,0,45,0,0,260,125,0,14,0,22,0,11,64,0,0,0,0,0,39,0,255,19,0,0,0,0,0,0,0,0,0,0,0,0,0,216,0,0,0,0,0,0,1,13,0,1,0,0,19,11,34,143,0,18,0,6,30,257,37,176,0,0,0,0,0,0,0,0,0,0,0,0,0,0,0,0,0,0,0,0,0,0,0,0,0,0,0,0,0,0,0,0,0,0,0,0,0,0,0,0,0,0,0,0,0,0,0,0,0,0,0,0,0,0,0,0,0,0,0,0,0,83,0,26,0,58,0,125,0,79,0,96,0,147,0,0,0,0,0,0,0,0,0,0,0,20,0,14,0,0,0,5,0,5,0,1,0,9,0,0,0,8,0,0,1,25,3,73,0,119,0,0,24,33,0,0,0,0,0,0,0,0,0,1,0,0,0,0,0,0,0,0,0,0,0,5,0,0,0,2,0,0,0,15,0,101,0,15,15,0,388,0,0,0,824,112,450,0,0,0,0
59,66,7,3,26,0,36,260,0,795,42,0,32,0,0,0,13,0,7,0,0,0,0,0,9,97,22,0,0,0,0,0,1,0,0,0,0,1,1,0,5,0,0,0,0,0,7,0,0,0,0,0,71,137,22,240,3,0,155,78,196,0,107,98,130,0,203,192,0,0,0,0,0,0,0,0,0,0,0,0,0,0,0,0,0,0,0,0,0,0,0,0,0,0,0,0,0,0,0,0,0,0,0,0,0,0,0,0,0,0,0,0,0,0,0,0,0,0,0,0,0,0,0,0,55,0,0,0,0,0,79,0,0,0,7,0,0,0,0,0,0,0,0,0,0,0,53,0,132,0,67,0,7,0,7,0,28,16,0,0,4,0,0,0,0,0,0,0,19,0,131,0,97,0,0,0,280,123,5,0,0,0,9,13,144,14,0,0,0,0,0,0,0,0,0,0,0,0,2,0,0,0,0,0,0,0,2,0,41,0,613,52,207,0,270,0,0,1,0,2,7,0,0,0,0
103,55,0,17,0,0,311,125,795,0,0,32,0,0,0,0,0,0,0,0,0,0,10,0,316,0,0,18,0,0,0,0,0,0,0,0,0,0,0,0,0,0,0,0,0,5,0,0,0,0,0,0,110,83,229,117,0,18,93,39,31,308,92,229,0,236,0,100,0,0,0,0,0,0,0,0,0,0,0,0,0,0,0,0,0,0,0,0,0,0,0,0,0,0,0,0,0,0,0,0,0,0,0,0,0,0,1,0,0,0,0,0,0,0,0,0,0,0,0,0,0,0,0,0,0,94,0,83,0,1,0,70,0,16,0,12,0,16,0,0,0,0,0,0,0,0,0,59,0,230,0,41,0,23,3,6,0,41,0,4,0,16,0,0,0,0,0,0,1,12,11,61,24,16,0,0,46,330,0,0,0,0,0,59,0,58,0,1,0,0,0,0,0,0,0,0,0,0,0,3,0,0,0,0,0,0,0,0,0,70,12,0,23,0,334,0,0,0,542,133,273,124,25,0,0
147,0,59,0,101,345,11,0,42,0,0,168,349,0,20,228,56,0,0,80,79,64,11,83,0,0,62,0,131,0,119,21,110,19,0,9,93,10,275,0,29,0,0,0,0,0,44,0,7,0,0,0,0,0,4,0,0,0,0,0,0,0,0,0,0,0,0,0,0,0,0,0,0,0,0,0,0,0,0,0,0,0,0,0,0,0,0,0,0,0,0,0,0,0,0,0,0,0,0,0,0,0,0,0,0,0,0,0,0,0,0,0,0,0,0,0,0,0,0,0,0,0,0,0,35,0,20,0,0,0,0,0,0,0,9,0,0,0,0,0,0,0,0,0,0,0,53,0,79,0,83,0,61,0,0,0,0,0,0,0,0,0,0,0,7,0,107,15,33,0,0,0,94,0,30,0,299,139,126,0,79,0,61,0,45,0,0,0,0,0,0,0,0,0,0,0,0,0,0,0,0,0,0,0,0,0,0,0,63,0,286,259,216,64,115,0,0,0,0,0,42,0,0,0,0
0,289,50,37,278,211,0,14,0,32,168,0,26,459,299,2,41,0,63,36,132,48,307,52,0,0,0,213,32,77,57,85,0,183,0,78,0,143,0,60,0,124,0,0,0,35,0,116,1,11,0,0,0,0,0,3,0,0,0,0,0,0,0,0,0,22,0,0,0,0,0,0,0,0,0,0,0,0,0,3,0,0,0,0,0,4,0,0,0,0,0,0,0,0,0,0,0,0,0,0,0,0,0,0,0,0,0,0,0,0,0,0,0,0,0,0,0,0,0,3,0,0,0,0,0,27,0,0,0,0,0,22,0,8,0,21,0,16,0,1,0,0,0,0,0,0,0,0,0,113,0,199,0,393,0,0,0,0,0,0,0,0,0,0,0,0,0,62,0,35,0,9,0,134,0,201,88,372,20,69,0,151,0,30,0,80,0,16,0,0,0,1,0,0,0,0,0,0,0,0,0,0,0,0,0,0,0,0,0,34,0,13,40,0,136,0,0,0,396,223,263,0,0,0,0
73,0,86,0,550,87,13,0,32,0,349,26,0,345,53,9,0,0,115,223,44,75,0,0,0,0,281,453,0,0,0,0,9,0,94,0,0,0,0,0,152,65,179,101,63,66,157,193,15,0,551,142,2,0,0,0,0,0,0,0,0,0,0,0,0,0,0,0,0,0,0,0,0,0,0,0,0,0,0,0,0,0,0,0,0,0,0,0,0,0,0,0,0,0,0,0,0,0,0,0,0,0,0,0,0,0,0,0,0,0,0,0,0,0,0,0,0,0,0,0,0,0,0,0,0,0,0,0,0,0,0,0,0,0,0,0,0,0,0,0,0,0,0,0,0,0,0,0,67,0,70,0,0,0,0,0,0,0,0,0,0,0,2,0,49,0,54,0,29,0,0,0,0,0,0,0,293,85,141,0,58,0,48,0,40,0,475,0,0,0,0,0,0,0,0,0,0,0,0,0,0,0,0,0,0,0,0,0,0,0,65,289,327,0,17,0,0,0,0,0,0,0,0,0,0
0,197,0,65,234,347,0,22,0,0,0,459,345,0,111,0,0,0,835,134,587,43,0,0,0,0,226,204,0,0,44,0,0,0,79,276,0,89,0,0,17,194,41,93,0,56,8,183,0,63,107,293,0,0,0,0,0,0,0,0,0,0,0,0,0,0,0,0,0,0,0,0,0,0,0,0,0,0,0,0,0,0,0,0,0,0,0,0,0,0,0,0,0,0,0,0,0,0,0,0,0,0,0,0,0,0,0,0,0,0,0,0,0,0,0,0,0,0,0,0,0,0,0,0,0,0,0,0,0,0,0,0,0,0,0,0,0,28,0,0,0,0,0,0,0,0,0,0,0,0,0,0,0,81,0,0,0,0,0,0,0,0,0,0,0,152,0,30,0,42,0,0,0,13,0,55,88,419,13,17,0,33,0,5,0,0,44,63,0,0,0,0,0,0,0,0,0,0,0,0,0,0,0,0,0,0,0,0,0,0,0,18,35,0,0,0,0,0,0,554,481,0,0,0,0
16,0,298,0,296,494,18,0,0,0,20,299,53,111,0,307,74,0,299,133,453,139,308,53,53,0,259,0,73,0,299,42,172,22,39,27,121,0,90,0,13,0,0,0,56,0,18,0,0,0,22,4,3,0,50,0,0,0,0,0,0,0,9,0,0,0,0,0,0,0,0,0,0,0,0,0,0,0,0,0,0,0,0,0,0,0,0,0,0,0,0,0,0,0,0,0,138,0,0,0,0,0,0,0,50,0,0,0,0,0,0,0,0,0,0,0,0,0,0,0,0,0,0,0,0,0,0,0,0,0,0,0,0,0,299,0,110,0,0,0,0,0,137,0,0,0,34,0,31,0,69,0,15,0,0,0,0,0,0,0,0,0,0,0,0,0,113,17,33,0,0,0,94,0,0,0,58,86,3,0,0,0,2,0,0,0,0,0,0,0,0,0,0,0,0,0,0,0,0,0,215,0,0,0,0,0,13,0,119,0,162,123,269,48,86,0,0,0,59,0,67,0,0,0,0
85,11,85,182,267,63,0,11,0,0,228,2,9,0,307,0,45,53,0,426,105,231,266,269,21,105,0,185,31,53,53,371,38,121,0,83,0,59,47,56,0,0,0,0,0,0,0,0,0,1,0,0,0,0,0,47,0,0,0,0,0,0,0,77,0,0,0,0,0,0,0,0,0,0,0,0,0,0,0,0,0,0,0,0,0,0,0,0,0,0,0,0,0,0,0,0,0,0,0,0,0,0,0,0,0,0,0,0,0,0,0,0,0,0,0,0,0,0,0,0,0,0,0,0,0,0,0,0,0,0,0,0,0,32,0,180,0,231,0,23,0,0,0,0,0,0,0,0,0,0,0,0,0,0,0,0,0,0,0,0,0,0,0,0,0,0,0,199,0,22,0,6,0,89,0,0,27,16,26,2,0,0,7,0,0,0,0,0,0,0,0,0,0,0,0,0,0,0,0,0,0,24,0,0,0,0,0,0,0,0,0,0,0,0,61,0,0,0,170,122,157,0,0,0,0
74,259,178,57,104,63,0,64,13,0,56,41,0,0,74,45,0,14,157,0,239,0,53,127,132,27,59,0,147,12,133,0,12,9,41,0,14,0,27,0,0,0,0,0,0,0,0,0,0,0,0,0,124,0,89,2,12,1,0,0,40,4,235,7,0,0,0,0,0,0,0,0,0,0,0,0,0,0,0,0,0,0,0,0,238,0,0,0,0,0,63,0,0,0,0,0,613,0,229,0,0,0,0,0,0,0,52,0,0,0,0,0,0,0,0,0,0,0,0,0,34,0,34,0,0,0,0,0,273,0,0,0,0,0,325,1,691,0,147,0,103,0,1177,0,0,0,0,0,0,0,0,0,0,0,65,0,0,0,42,0,0,0,0,0,0,0,0,0,0,0,0,0,32,0,0,0,0,9,1,0,0,0,5,0,0,0,0,0,0,0,0,0,0,0,0,0,0,0,0,0,192,0,0,0,0,0,0,0,0,0,7,230,37,0,0,0,0,0,0,0,4,0,0,0,0
32,14,22,29,0,0,0,0,0,0,0,0,0,0,0,53,14,0,0,111,0,206,27,204,16,83,0,62,0,280,0,50,0,34,0,0,0,0,0,92,0,0,0,0,0,0,0,0,0,0,0,3,0,21,0,33,0,50,0,0,3,0,0,151,0,0,0,0,0,0,0,0,0,0,0,0,0,0,2,0,0,0,0,0,0,60,0,0,0,0,0,0,0,0,0,0,0,0,0,0,0,0,0,0,0,0,0,0,0,0,0,0,0,0,0,0,0,0,0,0,1,0,0,0,0,0,0,0,8,136,0,14,0,35,0,151,0,277,12,112,8,16,0,136,0,0,0,0,0,0,0,0,1,0,0,60,0,0,0,33,6,12,0,0,0,0,0,0,0,0,0,0,0,29,0,0,0,0,0,7,0,0,1,3,0,0,0,0,0,0,0,0,0,0,0,0,0,0,0,0,0,0,0,0,0,0,0,0,0,0,0,0,0,0,0,0,0,0,0,11,21,0,0,0,0
0,0,87,0,149,149,5,0,7,0,0,63,115,835,299,0,157,0,0,474,342,163,222,0,47,0,44,465,0,0,76,8,18,0,343,152,141,47,5,0,1,48,80,81,51,15,0,47,2,0,410,147,3,0,0,0,0,0,0,0,0,0,6,0,8,0,0,0,0,0,0,0,0,0,0,0,0,0,0,0,0,0,0,0,0,0,0,0,0,0,0,0,0,0,0,0,0,0,0,0,0,0,0,0,0,0,0,0,0,0,0,0,0,0,0,0,0,0,0,0,0,0,0,0,0,0,0,0,0,0,0,0,0,0,0,0,0,1,0,0,0,0,306,0,0,0,0,0,28,0,43,0,16,0,0,0,0,0,0,0,0,0,0,0,62,0,84,0,0,0,13,0,17,0,0,0,119,98,2,0,0,0,0,0,0,0,183,0,0,0,0,0,0,0,0,0,0,0,0,0,107,0,0,0,0,0,0,0,56,0,84,125,251,0,0,0,0,0,0,0,78,0,0,0,0
17,73,0,350,217,191,0,0,0,0,80,36,223,134,133,426,0,111,474,0,369,247,0,202,0,0,67,403,0,19,46,241,16,0,43,587,0,110,0,0,0,3,0,36,4,72,0,18,0,0,32,145,0,0,0,0,0,0,0,0,0,0,0,228,0,0,0,0,0,0,0,0,0,0,0,0,0,0,0,0,0,0,0,0,0,673,0,0,0,0,0,0,0,0,0,0,0,0,0,0,0,0,0,0,0,0,0,0,0,0,0,0,0,0,0,0,0,0,0,0,0,0,0,6,0,0,0,0,0,0,0,0,0,0,0,0,0,487,0,0,0,0,0,819,0,0,0,0,0,0,0,0,0,0,0,0,0,0,0,0,0,0,0,0,0,107,0,105,0,60,0,15,0,26,0,0,36,59,0,0,0,0,0,0,0,0,6,10,0,0,0,0,0,0,0,0,0,0,0,0,0,0,0,0,0,0,0,0,0,0,0,0,0,0,55,0,0,0,120,341,126,0,0,9,0
0,0,96,0,295,261,0,0,0,0,79,132,44,587,453,105,239,0,342,369,0,158,106,33,34,0,115,350,0,0,109,21,17,6,62,0,15,0,6,0,4,47,18,0,40,25,0,94,6,3,32,114,2,0,0,0,0,0,0,0,0,0,18,0,0,0,0,0,0,0,40,0,0,0,44,0,0,0,0,0,0,0,0,0,383,0,0,0,0,0,77,0,0,0,0,0,520,0,0,0,0,0,0,0,0,0,0,0,0,0,0,0,0,0,0,0,0,0,0,0,0,0,0,0,0,0,0,0,0,0,0,0,0,0,0,0,0,0,0,0,66,0,573,0,0,0,0,0,0,0,0,0,0,0,0,0,0,0,0,0,0,0,0,0,30,0,0,9,0,0,0,0,17,0,0,0,32,43,16,1,0,0,0,0,0,0,83,0,0,0,0,0,0,0,0,0,0,0,0,0,0,0,0,0,0,0,0,0,0,0,100,345,155,0,43,0,0,0,0,0,0,0,0,0,0
0,0,0,36,122,120,0,0,0,0,64,48,75,43,139,231,0,206,163,247,158,0,18,234,0,0,26,139,0,73,25,98,11,0,18,74,0,49,6,0,0,0,0,39,0,85,0,0,1,0,0,67,0,0,0,0,0,0,0,0,0,0,0,93,0,0,0,0,0,0,0,0,0,0,0,0,0,0,0,0,0,0,0,0,0,323,0,0,0,0,0,0,0,0,0,0,0,0,0,0,0,0,0,0,0,0,0,0,0,0,0,0,0,0,0,0,0,0,0,0,0,0,0,0,0,0,0,0,0,0,0,0,0,0,0,0,0,300,0,0,0,268,0,639,0,0,0,0,0,0,0,0,0,0,0,0,0,0,0,0,0,0,0,0,1,36,0,22,0,0,0,5,0,0,0,0,9,40,11,10,0,0,0,1,0,0,0,27,0,0,0,0,0,0,0,0,0,0,0,0,0,0,0,0,0,0,0,0,0,0,0,0,21,0,0,0,0,0,121,405,69,0,0,0,0
0,386,222,161,91,325,0,39,0,10,11,307,0,0,308,266,53,27,222,0,106,18,0,362,58,17,141,0,24,61,27,0,0,42,0,0,0,0,40,65,0,0,0,0,141,0,24,0,5,0,5,1,5,0,149,0,0,0,0,0,22,0,21,0,0,0,0,0,0,0,0,0,0,0,0,0,0,0,0,0,0,0,0,0,10,0,0,0,0,0,0,0,0,0,0,0,142,0,0,0,0,0,0,0,0,0,32,0,0,0,0,0,0,0,0,0,0,0,0,0,1,0,0,0,0,0,0,0,0,0,0,0,0,0,389,0,257,0,0,0,0,0,221,0,0,0,0,0,0,0,15,0,0,0,0,0,0,0,0,0,0,0,0,0,0,1,4,0,0,0,0,1,72,0,2,0,44,72,0,0,0,0,0,0,0,0,0,0,0,0,0,0,0,0,0,0,0,0,0,0,239,0,0,0,0,0,0,0,63,0,53,207,49,0,31,0,0,0,0,0,23,0,0,0,0
194,24,100,141,65,132,0,0,0,0,83,52,0,0,53,269,127,204,0,202,33,234,362,0,29,103,0,0,22,389,0,110,2,127,0,0,0,0,31,286,0,0,0,0,0,0,0,0,0,0,0,0,0,7,0,34,0,0,0,0,9,0,0,128,0,0,0,0,0,0,0,0,0,0,0,0,0,0,0,0,0,0,0,0,0,91,0,0,0,0,0,0,0,0,0,0,0,0,0,2,0,0,0,0,0,0,0,0,0,0,0,0,0,0,0,0,0,0,0,0,0,0,0,0,0,0,0,0,0,65,0,0,0,0,0,120,0,141,0,51,0,0,0,105,0,0,0,0,0,0,0,0,0,0,0,19,0,0,0,0,0,0,0,0,0,0,0,22,0,0,0,5,5,100,0,0,10,14,1,24,0,0,0,0,0,0,0,0,0,0,0,0,0,0,0,0,0,0,0,0,0,0,0,0,0,0,0,0,0,0,0,0,0,0,42,0,0,0,108,123,134,14,0,0,0
6,413,69,53,0,0,156,255,9,316,0,0,0,0,53,21,132,16,47,0,34,0,58,29,0,109,0,0,53,10,5,0,0,0,0,0,0,0,16,0,0,0,0,0,0,0,0,0,0,0,0,0,31,12,178,34,20,0,11,3,47,10,163,62,0,0,0,4,0,0,0,0,0,0,0,0,0,0,0,0,0,0,0,0,0,0,0,0,0,0,0,0,0,0,0,0,30,0,0,0,0,0,0,0,9,0,0,0,0,0,0,0,0,0,0,0,0,0,0,0,0,0,0,0,0,0,18,0,97,0,8,0,33,0,266,4,153,0,0,0,0,0,77,0,0,0,0,0,0,0,0,0,0,0,1,0,0,0,0,0,6,0,0,0,0,0,0,0,0,0,11,0,58,6,0,0,10,31,0,0,0,0,2,15,0,0,0,0,0,0,0,0,0,0,0,0,0,0,0,0,75,0,0,0,0,0,0,0,56,0,35,56,74,52,52,1,0,0,0,2,0,0,0,0,0
125,0,37,21,0,12,0,19,97,0,0,0,0,0,0,105,27,83,0,0,0,0,17,103,109,0,0,0,0,227,0,0,0,0,0,0,0,0,2,281,0,0,0,0,0,0,0,0,0,0,0,0,6,19,0,49,0,17,0,0,9,97,20,376,0,0,0,0,0,0,0,0,0,0,0,0,0,0,0,0,0,0,0,0,0,0,0,0,0,0,0,0,0,0,0,0,0,0,0,0,0,0,0,0,0,0,0,0,0,0,0,0,0,0,0,0,0,0,0,0,0,0,0,0,0,15,0,0,0,44,0,9,0,20,0,28,0,68,0,6,0,2,0,0,0,0,0,0,0,0,0,0,0,0,0,7,0,2,0,6,0,8,0,0,0,0,0,15,0,20,0,70,5,192,0,0,0,2,0,0,0,0,0,0,0,0,0,0,0,0,0,0,0,0,0,0,0,0,0,0,0,0,0,0,0,0,0,3,0,16,0,6,3,0,364,0,0,0,562,43,431,146,10,0,0
39,0,111,0,377,0,0,0,22,0,62,0,281,226,259,0,59,0,44,67,115,26,141,0,0,0,0,349,0,0,14,0,4,0,36,25,54,0,0,0,82,193,154,166,99,125,44,395,17,15,280,140,7,0,0,0,0,0,0,0,6,0,0,0,0,0,0,0,0,0,23,0,4,0,27,0,0,0,0,0,0,0,0,0,253,0,0,0,0,0,0,0,0,0,0,0,0,0,549,0,0,0,0,1,0,0,0,0,0,0,0,0,0,0,0,0,0,0,0,0,0,0,0,0,0,0,0,0,0,0,0,0,0,0,0,0,0,0,0,0,0,0,0,0,19,0,0,0,0,0,105,0,39,0,0,0,0,0,0,0,0,0,0,0,142,0,0,0,54,0,0,0,0,0,0,0,39,49,18,0,0,0,34,0,43,0,157,0,0,0,0,0,0,0,0,1,0,0,0,0,0,0,0,0,0,0,0,0,0,0,29,500,396,16,17,0,0,0,0,21,0,0,0,0,0
0,246,0,343,85,276,0,0,0,18,0,213,453,204,0,185,0,62,465,403,350,139,0,0,0,0,349,0,0,0,0,79,0,0,72,106,10,69,0,0,39,65,97,266,0,167,16,87,0,24,199,298,0,0,0,0,0,0,0,5,0,14,0,124,0,20,0,0,0,0,0,0,0,0,0,0,0,0,0,0,0,0,0,0,0,1054,0,0,0,0,0,0,0,0,0,40,0,38,0,0,0,0,0,0,0,0,0,0,0,0,0,0,0,0,0,0,0,0,0,0,0,0,0,18,0,0,0,0,0,0,0,0,0,0,0,465,0,555,0,0,0,357,0,1270,0,0,0,0,0,185,0,0,0,163,0,50,0,5,0,0,0,0,0,0,0,0,0,0,0,76,0,0,0,0,0,0,24,160,0,12,0,56,0,0,0,0,46,38,0,0,0,0,0,0,0,0,0,0,0,0,0,0,0,0,0,0,0,0,0,0,0,0,0,0,83,0,0,0,152,704,464,0,0,0,0
93,0,417,0,205,34,0,0,0,0,131,32,0,0,73,31,147,0,0,0,0,0,24,22,53,0,0,0,0,3,40,0,31,2,63,0,30,0,8,0,0,0,40,0,3,0,0,0,0,0,7,0,2,0,0,0,0,0,0,0,4,1,17,0,0,0,0,0,0,0,16,0,0,0,21,0,0,0,0,0,25,0,0,0,158,0,0,0,0,0,0,0,0,0,0,0,185,0,234,0,0,0,0,0,0,0,0,0,0,0,0,0,0,0,0,0,0,0,0,0,81,0,64,0,0,0,0,0,0,0,0,0,0,0,0,0,131,0,125,0,174,0,511,0,28,0,0,0,0,0,0,0,0,0,2,0,0,0,0,0,0,0,0,0,0,0,0,0,0,0,0,0,0,0,0,0,41,0,1,0,0,0,0,0,0,0,0,0,0,0,0,0,0,0,0,0,0,0,0,0,0,0,0,0,0,0,0,0,0,0,10,60,0,0,0,0,0,0,0,0,0,0,0,0,0
25,105,0,197,0,72,0,0,0,0,0,77,0,0,0,53,12,280,0,19,0,73,61,389,10,227,0,0,3,0,0,90,0,13,0,243,0,15,0,5,0,0,0,87,0,7,0,0,0,0,0,30,0,34,0,35,0,22,0,0,0,15,0,90,0,0,0,0,0,0,0,0,0,0,0,0,0,0,0,0,0,0,0,0,0,119,0,0,0,0,0,0,0,0,0,0,0,9,0,0,0,0,0,0,0,0,0,0,0,0,0,0,0,0,0,0,0,0,0,0,0,0,0,0,0,0,0,0,0,47,0,10,0,0,0,100,0,276,0,495,0,213,0,383,0,0,0,0,0,0,0,0,0,0,0,36,0,0,0,59,0,0,0,0,0,0,0,0,0,0,0,0,0,0,0,0,0,19,0,54,0,0,0,4,0,0,0,0,0,0,0,0,0,0,0,0,0,0,0,0,0,0,0,0,0,0,0,0,0,0,0,0,0,0,0,0,0,0,0,58,13,0,0,0,0
0,0,73,0,233,94,0,0,0,0,119,57,0,44,299,53,133,0,76,46,109,25,27,0,5,0,14,0,40,0,0,0,2,0,153,0,28,0,0,0,0,1,26,0,6,0,0,0,0,0,19,0,0,0,0,0,2,0,0,0,0,0,2,0,0,0,0,0,0,0,3,0,0,0,0,0,0,0,0,0,0,0,0,0,0,0,0,0,0,0,0,0,0,0,0,0,0,0,0,0,0,0,0,0,0,0,0,0,0,0,0,0,0,0,0,0,0,0,0,0,0,0,0,0,0,0,0,0,0,0,0,0,0,0,0,0,0,0,0,0,0,0,122,0,0,0,0,0,0,0,0,0,0,0,0,0,0,0,0,0,0,0,2,0,5,0,58,0,0,0,2,0,8,0,0,0,0,0,22,0,0,0,0,0,0,0,0,0,0,0,0,0,0,0,0,0,0,0,0,0,0,0,0,0,0,0,0,0,0,0,64,116,123,32,18,0,0,0,0,0,0,0,0,0,0
0,0,0,45,27,288,0,0,0,0,21,85,0,0,42,371,0,50,8,241,21,98,0,110,0,0,0,79,0,90,0,0,3,0,0,88,0,0,0,0,0,0,0,60,0,16,0,0,0,0,0,23,0,0,0,0,0,0,0,0,0,0,0,22,0,0,0,0,0,0,0,0,0,1,0,0,0,0,0,0,0,0,0,0,0,0,0,0,0,0,0,0,0,0,0,0,0,0,0,0,0,0,0,0,0,0,0,0,0,0,0,0,0,0,0,0,0,0,0,0,0,0,0,0,0,0,0,0,0,0,0,0,0,0,0,0,0,0,0,0,0,93,0,211,0,0,0,0,0,0,0,0,0,0,0,0,0,1,0,0,0,0,0,0,0,0,0,8,0,0,0,0,0,0,0,0,5,0,0,14,0,0,0,0,0,0,0,0,0,0,0,0,0,0,0,0,0,0,0,0,0,0,0,0,0,0,0,0,0,0,0,0,0,0,0,0,0,0,47,110,24,0,0,0,0
0,0,24,0,313,51,0,0,1,0,110,0,9,0,172,38,12,0,18,16,17,11,0,2,0,0,4,0,31,0,2,3,0,0,15,0,183,1,0,0,0,0,12,0,3,0,0,0,0,0,3,0,0,0,0,0,0,0,0,0,0,0,0,0,0,0,0,0,0,0,0,0,1,0,0,0,0,0,0,0,9,0,0,0,0,0,0,0,0,0,0,0,0,0,0,0,0,0,44,0,0,0,0,0,0,0,0,0,0,0,0,0,0,0,0,0,0,0,0,0,18,0,19,0,0,0,0,0,0,0,0,0,0,0,0,0,5,0,0,0,0,0,0,0,0,0,0,0,0,0,12,0,0,0,0,0,0,0,0,0,0,0,0,0,0,0,53,0,0,0,0,0,7,0,0,0,24,0,26,0,0,0,0,0,0,0,0,0,0,0,0,0,0,0,0,0,0,0,0,0,0,0,0,0,0,0,0,0,0,0,27,95,88,0,19,0,0,0,0,4,0,0,0,0,0
0,86,0,212,0,252,0,0,0,0,19,183,0,0,22,121,9,34,0,0,6,0,42,127,0,0,0,0,2,13,0,0,0,0,0,8,0,163,0,0,0,0,0,3,0,0,0,0,0,0,0,0,0,0,0,0,0,0,0,0,0,3,0,19,0,0,0,0,0,0,0,0,0,0,0,0,0,0,0,0,0,0,0,0,0,0,0,0,0,0,0,0,0,0,0,0,0,0,0,0,0,0,0,0,0,0,0,0,0,0,0,0,0,0,0,0,0,0,0,0,0,0,0,0,0,0,0,0,0,0,0,0,0,0,0,0,0,0,0,47,0,68,0,29,0,19,0,0,0,0,0,0,0,0,0,5,0,4,0,0,0,0,0,0,0,0,0,35,0,0,0,0,0,21,0,0,0,41,3,111,0,0,0,0,0,0,0,0,0,1,0,0,0,0,0,0,0,0,0,0,0,0,0,0,0,0,0,0,0,0,0,0,1,0,17,0,0,0,29,136,28,0,0,0,0
0,0,0,0,74,12,0,0,0,0,0,0,94,79,39,0,41,0,343,43,62,18,0,0,0,0,36,72,63,0,153,0,15,0,0,0,30,0,0,0,0,0,3,0,16,0,0,0,0,0,22,0,1,0,0,0,0,0,0,0,0,0,1,0,0,0,0,0,0,0,10,0,2,0,0,0,0,0,0,0,0,0,0,0,0,0,11,0,0,0,0,0,0,0,0,0,0,0,0,0,0,0,0,0,0,0,0,0,0,0,0,0,0,0,0,0,0,0,0,0,0,0,0,0,0,0,0,0,0,0,0,0,0,0,0,0,0,0,0,0,0,0,0,0,0,0,0,0,0,0,0,0,0,0,0,0,0,0,0,0,0,0,0,0,26,0,39,0,0,0,4,0,0,0,0,0,0,0,4,0,0,0,0,0,0,0,14,0,0,0,0,0,0,0,0,0,0,0,0,0,0,0,0,0,0,0,0,0,0,0,0,76,115,0,6,0,0,0,0,0,8,0,0,0,0
0,0,0,0,0,287,0,0,0,0,9,78,0,276,27,83,0,0,152,587,0,74,0,0,0,0,25,106,0,243,0,88,0,8,0,0,0,246,0,0,0,0,0,19,0,6,0,0,0,2,0,73,0,0,0,0,0,0,0,0,0,0,0,22,0,0,0,0,0,0,0,0,0,0,0,5,0,0,0,0,0,0,0,0,0,181,0,0,0,0,0,0,0,0,0,0,0,0,0,0,0,0,0,0,0,0,0,0,0,0,0,0,0,0,0,0,0,0,0,0,0,0,0,0,0,0,0,0,0,0,0,0,0,0,0,0,0,0,0,0,0,381,0,428,0,0,0,0,0,0,0,0,0,2,0,0,0,0,0,0,0,0,0,0,0,101,0,98,0,32,0,6,0,19,0,0,16,152,0,31,0,0,0,0,0,0,0,87,0,0,0,0,0,0,0,0,0,0,0,0,0,0,0,0,0,0,0,0,0,0,0,0,0,0,21,0,0,0,56,283,208,0,0,0,0
0,0,0,0,269,0,0,0,0,0,93,0,0,0,121,0,14,0,141,0,15,0,0,0,0,0,54,10,30,0,28,0,183,0,30,0,0,0,145,0,0,0,60,0,28,0,0,0,0,0,84,2,0,0,0,0,0,0,0,0,31,0,3,0,4,0,0,0,0,0,86,0,0,0,53,0,0,0,0,0,106,0,0,0,121,0,0,0,0,0,0,0,0,0,0,0,91,0,439,0,0,0,0,0,0,0,0,0,0,0,0,0,0,0,0,0,0,0,0,0,216,0,61,0,0,0,0,0,9,0,0,0,0,0,0,0,17,0,56,0,127,0,134,0,100,0,0,0,0,0,0,0,0,0,0,0,5,0,0,0,0,0,61,0,24,0,90,0,40,0,49,0,68,0,0,0,16,0,16,0,0,0,3,0,0,0,0,0,0,0,0,0,0,0,0,0,0,0,0,0,0,0,0,0,0,0,0,0,0,0,0,92,112,0,13,0,0,0,0,0,0,0,0,0,0
0,74,0,0,0,207,0,0,1,0,10,143,0,89,0,59,0,0,47,110,0,49,0,0,0,0,0,69,0,15,0,0,1,163,0,246,0,0,0,36,0,0,0,149,0,51,0,0,0,1,0,104,0,2,0,0,0,0,0,0,0,28,0,4,0,0,0,0,0,0,0,0,0,0,0,11,0,0,0,0,0,0,0,0,0,239,0,0,0,0,0,0,0,0,0,0,0,0,0,0,0,0,0,3,0,0,0,0,0,0,0,0,0,0,0,0,0,0,0,0,0,26,0,33,0,0,0,0,0,0,0,0,0,0,0,0,0,48,0,220,0,501,0,344,0,194,0,0,0,0,0,0,0,0,0,0,0,62,0,0,0,0,0,0,0,67,0,47,0,26,0,17,0,41,0,0,0,101,0,79,0,0,0,12,0,0,0,29,0,0,0,2,0,0,0,0,0,0,0,0,0,0,0,0,0,0,0,0,0,0,0,0,0,0,0,0,0,0,15,98,125,6,0,2,0
175,0,286,0,374,66,16,0,1,0,275,0,0,0,90,47,27,0,5,0,6,6,40,31,16,2,0,0,8,0,0,0,0,0,0,0,145,0,0,0,0,0,2,0,0,0,0,0,0,0,2,0,0,0,0,0,0,0,0,0,7,0,8,0,0,0,0,0,0,0,25,0,0,0,22,0,0,0,0,0,0,0,0,0,83,0,14,0,0,0,0,0,0,0,0,0,69,0,223,0,0,0,0,0,0,0,0,0,0,0,0,0,0,0,0,0,0,0,0,0,111,0,63,0,0,0,0,0,0,0,0,0,0,0,0,0,41,0,81,0,100,0,175,0,65,0,0,0,0,0,0,0,0,0,1,0,16,0,0,0,0,0,22,0,0,0,39,0,0,0,10,0,39,0,0,0,45,0,23,0,0,0,6,0,0,0,0,0,0,0,0,0,0,0,0,0,0,0,0,0,0,0,0,0,0,0,0,0,0,0,23,225,29,0,8,0,0,0,0,0,0,0,0,0,0
42,450,33,473,0,0,0,216,0,0,0,60,0,0,0,56,0,92,0,0,0,0,65,286,0,281,0,0,0,5,0,0,0,0,0,0,0,36,0,0,0,0,0,4,0,0,0,0,0,0,0,2,0,5,0,6,0,0,0,0,0,15,0,14,0,0,0,0,0,0,0,0,0,0,0,0,0,0,0,0,0,0,0,0,0,0,0,0,0,0,0,0,0,0,0,0,0,0,0,0,0,0,0,0,0,0,0,0,0,0,0,0,0,0,0,0,0,0,0,0,0,0,0,0,0,0,0,0,0,0,0,0,0,0,0,0,0,0,0,251,0,190,0,77,0,52,0,0,0,0,0,0,0,0,0,0,0,8,0,15,0,0,0,0,0,0,0,7,0,0,0,0,0,53,0,0,6,84,0,120,0,0,0,47,0,0,0,0,0,0,0,0,0,0,0,0,0,0,0,0,0,0,0,0,0,0,0,0,0,0,0,0,1,0,0,0,0,0,5,73,38,0,0,0,0
0,0,16,0,59,0,0,0,5,0,29,0,152,17,13,0,0,0,1,0,4,0,0,0,0,0,82,39,0,0,0,0,0,0,0,0,0,0,0,0,0,68,49,0,27,53,33,222,117,64,27,0,0,0,0,0,0,0,0,0,3,0,0,0,0,0,0,0,0,0,0,0,0,0,0,0,0,0,0,0,0,0,0,0,0,0,0,0,0,0,0,0,0,0,0,0,0,0,0,0,0,0,0,0,0,0,0,0,0,0,0,0,0,0,0,0,0,0,0,0,0,0,0,0,0,0,0,0,0,0,1,0,0,0,0,0,0,0,0,0,0,0,0,0,0,0,0,0,0,0,0,0,20,0,0,0,0,0,0,0,0,0,0,0,3,0,0,0,0,1,0,0,0,0,11,0,40,34,13,0,18,0,15,0,0,0,156,0,0,0,0,0,0,0,0,0,0,0,0,0,0,0,0,0,0,0,0,0,0,0,0,37,3,0,0,0,0,7,0,4,0,0,0,0,0
0,30,0,0,0,19,0,0,0,0,0,124,65,194,0,0,0,0,48,3,47,0,0,0,0,0,193,65,0,0,1,0,0,0,0,0,0,0,0,0,68,0,61,97,31,77,70,137,2,140,74,21,0,0,0,2,0,0,0,0,0,0,0,0,0,0,0,0,0,0,0,0,0,0,0,0,0,0,0,0,0,0,0,1,0,0,0,0,0,0,0,0,0,0,0,0,0,0,0,0,0,0,0,0,0,0,0,1,0,0,0,0,0,0,0,0,0,0,0,0,0,0,0,0,0,0,0,0,0,0,0,0,0,0,0,0,0,0,0,0,0,0,0,0,0,0,0,0,0,0,0,0,0,0,0,0,0,0,0,0,0,0,0,0,0,0,0,0,0,0,0,0,0,0,0,0,0,146,0,17,0,0,0,0,0,0,37,11,0,0,0,0,0,0,0,0,0,0,0,0,0,0,0,0,0,0,0,0,0,0,0,0,0,0,0,0,0,0,0,48,21,0,0,0,5
0,0,0,0,0,0,0,0,0,0,0,0,179,41,0,0,0,0,80,0,18,0,0,0,0,0,154,97,40,0,26,0,12,0,3,0,60,0,2,0,49,61,0,54,119,55,11,250,44,24,8,46,0,0,0,0,0,0,0,0,0,0,0,0,0,0,0,0,0,0,0,0,0,0,0,0,0,0,0,0,0,0,0,0,0,0,0,0,0,0,0,0,0,0,0,0,0,0,0,0,0,0,0,0,0,0,0,0,0,0,0,0,0,0,0,0,0,0,0,0,0,0,0,0,0,0,0,0,0,0,0,0,0,0,0,0,0,0,0,0,0,0,0,0,0,0,0,0,0,0,0,0,0,0,0,0,0,0,0,0,0,0,0,0,7,0,0,0,0,0,0,0,0,0,0,0,7,25,0,0,0,0,0,0,0,0,191,0,0,0,0,0,0,0,0,0,0,0,0,0,0,0,0,0,0,0,0,0,0,0,0,33,53,2,2,0,0,0,0,0,0,0,0,0,0
0,0,0,0,0,0,0,0,0,0,0,0,101,93,0,0,0,0,81,36,0,39,0,0,0,0,166,266,0,87,0,60,0,3,0,19,0,149,0,4,0,97,54,0,0,144,11,38,0,64,76,39,0,0,0,0,0,0,0,0,0,0,0,10,0,0,0,0,0,0,0,0,0,2,0,0,0,0,0,0,0,0,0,0,0,314,0,0,0,0,0,0,0,0,0,0,0,0,0,21,0,0,0,0,0,0,0,0,0,0,0,0,0,0,0,0,0,0,0,0,0,0,0,0,0,0,0,0,0,0,0,0,0,0,0,0,0,0,0,0,0,244,0,363,0,61,0,0,0,0,0,0,0,0,0,0,0,0,0,0,0,0,0,13,0,46,0,16,0,24,0,8,0,10,0,0,0,157,0,0,0,0,0,0,0,0,0,283,0,0,0,3,0,0,0,0,0,0,0,0,0,0,0,0,0,0,0,0,0,0,0,0,0,0,7,0,0,0,30,94,111,0,0,0,0
0,0,75,0,0,0,0,0,0,0,0,0,63,0,56,0,0,0,51,4,40,0,141,0,0,0,99,0,3,0,6,0,3,0,16,0,28,0,0,0,27,31,119,0,0,21,43,75,133,58,58,0,0,0,0,0,0,0,0,0,0,0,2,0,2,0,0,0,0,0,76,0,0,0,0,0,13,0,0,0,173,0,0,0,453,0,88,0,0,0,190,0,111,0,87,1,966,0,1358,0,79,0,48,0,0,0,131,0,0,0,0,0,0,0,0,0,0,0,0,0,337,0,0,0,0,0,0,0,0,0,0,0,0,0,0,0,0,0,0,0,0,0,0,0,0,0,0,0,0,0,0,0,0,0,0,0,0,0,0,0,0,0,19,0,218,0,29,0,47,0,12,0,10,0,3,0,14,19,4,0,0,0,6,0,5,0,71,0,0,0,0,0,0,0,0,0,0,0,0,0,155,0,0,0,0,0,0,0,0,0,17,243,419,9,0,0,0,45,0,0,0,0,0,0,1
0,29,0,0,0,0,0,0,0,5,0,35,66,56,0,0,0,0,15,72,25,85,0,0,0,0,125,167,0,7,0,16,0,0,0,6,0,51,0,0,53,77,55,144,21,0,29,98,4,124,50,55,0,0,0,0,0,12,0,0,0,0,0,0,0,0,0,0,0,51,0,14,0,0,0,17,0,45,0,0,0,180,0,59,0,388,0,0,0,28,0,0,0,33,0,157,0,0,0,51,0,48,0,34,0,0,0,0,0,0,0,0,0,0,0,0,0,3,0,0,0,0,0,0,0,0,0,0,0,0,0,0,0,0,0,0,0,0,0,0,0,0,0,255,0,35,0,0,0,0,0,0,0,0,0,5,0,0,0,0,0,10,0,17,0,169,0,7,0,274,0,20,0,18,0,0,0,95,0,0,0,28,0,0,0,19,17,55,0,0,0,0,0,0,0,0,0,0,0,0,0,0,0,0,0,0,0,0,0,0,0,0,0,0,33,0,0,0,111,477,401,0,7,0,12
9,0,22,0,71,0,0,1,7,0,44,0,157,8,18,0,0,0,0,0,0,0,24,0,0,0,44,16,0,0,0,0,0,0,0,0,0,0,0,0,33,70,11,11,43,29,0,168,175,141,9,0,0,0,0,0,0,0,0,0,0,0,0,0,0,0,0,0,2,0,0,0,0,0,0,0,0,0,0,0,0,0,0,0,0,0,0,0,0,0,0,0,0,0,0,0,0,0,0,0,0,0,0,0,3,0,0,0,0,0,0,0,0,0,0,0,0,0,0,0,0,0,0,0,7,0,0,0,0,0,0,0,0,0,0,0,0,0,0,0,0,0,0,0,0,0,0,0,0,0,23,0,0,0,0,0,0,0,0,0,0,0,0,0,0,4,0,0,0,0,0,0,0,0,0,0,14,36,15,0,0,0,14,0,0,0,142,2,0,0,0,0,0,0,0,0,0,0,0,0,0,0,0,0,0,0,0,0,0,0,0,228,44,0,0,0,0,40,0,0,6,0,0,1,2
0,69,0,0,0,89,0,13,0,0,0,116,193,183,0,0,0,0,47,18,94,0,0,0,0,0,395,87,0,0,0,0,0,0,0,0,0,0,0,0,222,137,250,38,75,98,168,0,8,83,183,15,0,0,0,0,0,2,0,0,0,0,0,0,0,0,0,0,0,5,0,0,0,0,0,0,0,0,0,0,0,0,0,0,0,0,0,0,0,0,0,0,0,0,0,15,0,0,0,0,0,0,0,9,0,0,0,0,0,0,0,0,0,0,0,0,0,0,0,0,0,0,0,0,0,0,0,0,0,0,0,0,0,0,0,0,0,0,0,0,0,0,0,0,0,1,0,0,0,0,0,39,0,0,0,0,0,0,0,0,0,0,0,0,0,0,0,0,0,0,0,0,0,0,0,0,5,171,0,7,0,0,0,0,0,0,66,17,0,0,0,0,0,0,0,0,0,0,0,0,0,0,0,0,0,0,0,0,0,0,0,0,0,0,0,0,0,0,0,481,72,0,0,0,22
0,0,7,0,18,0,4,0,0,0,7,1,15,0,0,0,0,0,2,0,6,1,5,0,0,0,17,0,0,0,0,0,0,0,0,0,0,0,0,0,117,2,44,0,133,4,175,8,0,37,27,0,0,0,0,0,11,1,8,0,0,0,0,0,0,0,0,0,5,0,0,0,0,0,0,0,0,0,0,0,2,0,0,0,0,0,0,0,31,0,0,0,47,4,15,0,23,0,9,0,18,0,52,0,0,0,7,0,0,0,0,0,0,0,0,0,0,0,0,0,1,0,0,0,0,0,0,0,3,0,7,0,0,1,7,0,0,0,0,0,0,0,0,0,0,0,0,0,0,0,2,0,7,0,1,0,0,0,0,0,23,0,0,0,50,0,26,0,5,0,0,0,0,0,0,0,53,8,12,0,0,0,0,0,0,0,90,1,0,0,6,0,35,0,0,0,5,0,0,0,10,0,0,0,25,0,0,0,0,0,41,32,120,9,47,9,18,17,0,0,8,4,0,0,3
0,6,0,6,0,0,0,1,0,0,0,11,0,63,0,1,0,0,0,0,3,0,0,0,0,0,15,24,0,0,0,0,0,0,0,2,0,1,0,0,64,140,24,64,58,124,141,83,37,0,0,24,0,0,0,0,0,6,0,1,0,0,0,2,0,0,0,0,0,8,0,0,0,0,0,0,0,6,0,0,0,0,0,9,0,37,0,0,0,0,0,0,0,5,0,15,0,0,0,0,0,0,0,2,0,0,0,0,0,0,0,0,0,1,0,0,0,0,0,0,0,0,0,0,0,0,0,0,0,0,0,0,0,0,0,0,0,0,0,0,0,0,0,0,0,4,0,0,0,0,0,0,0,0,0,0,0,1,0,0,0,3,0,0,4,57,0,2,0,0,0,0,0,0,0,7,0,133,0,2,0,5,0,0,0,0,35,42,0,0,0,0,0,0,0,1,0,0,0,0,0,0,0,0,0,0,0,0,0,0,0,0,0,0,0,0,0,0,0,36,33,0,0,4,22
0,0,0,0,174,0,0,0,0,0,0,0,551,107,22,0,0,0,410,32,32,0,5,0,0,0,280,199,7,0,19,0,3,0,22,0,84,0,2,0,27,74,8,76,58,50,9,183,27,0,0,0,0,0,1,0,0,0,0,0,0,0,0,0,1,0,0,0,0,0,59,0,0,0,43,0,0,0,0,0,49,0,0,0,84,0,30,0,0,0,35,0,21,0,39,0,130,0,300,0,0,0,7,0,0,0,32,0,0,0,0,0,0,0,0,0,0,0,0,0,99,0,0,0,0,0,0,0,0,0,0,0,0,0,0,0,0,0,4,0,0,0,58,0,21,0,0,0,0,0,0,0,0,0,0,0,0,0,0,0,0,0,29,0,45,0,49,0,73,0,26,0,34,0,0,0,0,0,10,0,0,0,6,0,0,0,173,0,0,0,0,0,0,0,0,0,0,0,0,0,0,0,0,0,0,0,0,0,0,0,69,64,141,12,15,0,2,5,0,0,0,0,0,0,0
0,0,0,0,0,97,0,0,0,0,0,0,142,293,4,0,0,3,147,145,114,67,1,0,0,0,140,298,0,30,0,23,0,0,0,73,2,104,0,2,0,21,46,39,0,55,0,15,0,24,0,0,0,0,0,0,0,0,0,0,0,0,0,3,0,0,0,0,0,0,0,0,0,0,0,40,0,11,0,0,0,229,0,0,0,521,0,45,0,0,0,0,0,0,0,0,0,0,0,41,0,23,0,0,0,0,0,0,0,0,0,0,0,0,0,0,0,0,0,0,0,116,0,0,1,0,0,0,0,0,0,0,0,0,0,0,0,0,0,0,0,164,0,417,0,98,0,0,1,0,0,0,0,0,0,0,0,0,0,0,0,0,0,18,0,32,0,32,0,102,0,32,0,36,0,0,0,153,2,0,0,0,0,0,0,0,0,244,0,0,0,0,0,0,0,0,0,2,0,0,0,0,0,0,0,0,0,0,0,0,0,0,0,0,0,0,0,0,65,92,75,0,0,0,0
2,0,5,0,0,0,92,19,71,110,0,0,2,0,3,0,124,0,3,0,2,0,5,0,31,6,7,0,2,0,0,0,0,0,1,0,0,0,0,0,0,0,0,0,0,0,0,0,0,0,0,0,0,49,68,56,144,8,21,63,21,10,95,10,0,8,8,128,0,0,0,0,0,0,0,0,0,0,0,0,0,0,0,0,0,0,0,0,0,0,0,0,0,0,0,0,0,0,0,0,0,0,0,0,0,0,0,0,0,0,0,0,0,0,0,0,0,0,0,0,0,0,0,0,0,0,3,0,273,0,13,0,18,0,36,0,149,0,290,0,50,0,71,0,48,0,0,0,0,0,0,0,0,0,145,4,91,19,103,1,32,0,5,0,1,0,0,0,7,0,95,0,0,0,0,0,8,2,0,0,0,0,10,2,4,3,0,0,0,0,0,0,0,0,0,0,0,0,0,0,4,0,0,0,0,0,0,0,0,0,20,62,59,36,27,0,11,0,1,0,0,1,0,1,0
0,0,0,4,0,1,17,11,137,83,0,0,0,0,0,0,0,21,0,0,0,0,0,7,12,19,0,0,0,34,0,0,0,0,0,0,0,2,0,5,0,0,0,0,0,0,0,0,0,0,0,0,49,0,64,47,6,75,156,20,0,60,7,156,3,0,69,47,0,0,0,0,0,0,0,0,0,0,0,0,0,0,0,0,0,6,0,0,0,0,0,0,0,0,0,0,0,0,0,0,0,0,0,0,0,0,0,0,0,0,0,0,0,0,0,0,0,0,0,0,0,0,0,0,0,0,0,0,0,58,0,16,0,13,0,21,0,90,0,308,0,26,0,38,0,35,0,0,0,0,0,2,0,3,4,254,3,122,0,141,0,6,0,0,0,0,0,0,0,0,1,6,0,0,0,0,5,20,0,0,0,2,0,7,0,7,0,0,0,0,0,0,0,0,0,0,0,0,0,0,0,0,0,0,0,0,0,0,0,0,0,2,0,0,12,0,0,0,11,63,9,10,0,1,0
4,0,137,0,0,0,148,34,22,229,4,0,0,0,50,0,89,0,0,0,0,0,149,0,178,0,0,0,0,0,0,0,0,0,0,0,0,0,0,0,0,0,0,0,0,0,0,0,0,0,1,0,68,64,0,63,95,8,116,55,18,24,16,43,4,0,7,105,0,0,0,0,0,0,0,0,0,0,0,0,0,0,0,0,0,0,0,0,0,0,0,0,0,0,0,1,0,0,0,0,0,0,0,0,0,0,0,0,0,0,0,0,0,0,0,0,0,0,0,0,0,0,0,0,0,0,82,0,97,0,104,0,57,0,102,0,57,0,4,0,0,0,0,0,4,0,12,0,1,0,0,0,0,0,41,0,10,11,6,1,91,0,0,0,5,0,0,0,38,0,206,0,12,0,0,0,10,0,0,0,0,0,0,9,2,0,0,0,0,0,0,0,0,0,0,0,0,0,0,0,11,0,0,0,0,0,0,0,92,0,256,36,277,333,230,10,47,0,0,0,2,0,0,0,0
0,21,4,108,0,4,49,143,240,117,0,3,0,0,0,47,2,33,0,0,0,0,0,34,34,49,0,0,0,35,0,0,0,0,0,0,0,0,0,6,0,2,0,0,0,0,0,0,0,0,0,0,56,47,63,0,0,186,67,7,8,60,15,77,0,0,49,24,0,0,0,0,0,0,0,0,0,0,0,0,0,0,0,0,0,0,0,0,0,0,0,0,0,0,0,0,0,0,0,0,0,0,0,0,0,0,0,0,0,0,0,0,0,0,0,0,0,0,0,0,0,0,0,0,0,65,0,15,0,97,0,128,0,84,0,0,0,74,0,3,0,0,0,0,1,0,0,0,0,5,0,0,0,0,0,64,0,23,0,17,1,13,0,0,0,13,0,0,0,45,0,402,0,56,0,0,0,7,0,0,0,0,0,6,0,3,0,0,0,0,0,0,0,0,0,0,0,0,0,3,0,0,0,0,0,0,0,0,0,0,0,6,3,0,559,0,0,0,607,110,711,533,88,216,0
0,0,10,0,0,0,13,0,3,0,0,0,0,0,0,0,12,0,0,0,0,0,0,0,20,0,0,0,0,0,2,0,0,0,0,0,0,0,0,0,0,0,0,0,0,0,0,0,11,0,0,0,144,6,95,0,0,10,93,30,7,0,5,0,20,13,18,96,1,0,0,0,0,0,0,0,0,0,1,0,0,0,0,0,0,0,0,0,0,0,0,0,0,0,0,0,0,0,0,0,0,0,0,0,0,0,0,0,0,0,0,0,0,0,0,0,0,0,0,0,0,0,0,0,15,0,25,0,43,0,139,0,32,0,10,0,0,0,0,5,0,0,0,0,5,12,3,0,3,0,0,0,0,0,53,16,16,9,11,14,61,0,0,0,12,0,0,0,72,0,215,0,0,0,0,0,0,0,0,0,0,0,0,0,0,0,0,0,0,0,0,0,0,0,0,0,0,0,0,0,5,0,0,0,0,0,0,0,16,0,639,91,659,824,815,65,134,0,0,0,0,0,0,0,0
0,0,0,21,0,0,0,18,0,18,0,0,0,0,0,0,1,50,0,0,0,0,0,0,0,17,0,0,0,22,0,0,0,0,0,0,0,0,0,0,0,0,0,0,0,12,0,2,1,6,0,0,8,75,8,186,10,0,53,90,0,3,0,19,0,0,46,20,0,5,0,0,0,0,0,0,0,0,0,0,0,0,0,0,0,0,0,0,0,0,0,0,0,0,0,0,0,0,0,0,0,0,0,0,0,0,0,0,0,0,0,0,0,0,0,0,0,0,0,0,0,0,0,0,0,39,0,7,0,83,4,179,0,48,0,0,0,49,0,0,0,0,0,10,0,0,0,0,2,2,0,0,0,0,9,152,4,17,0,183,0,45,0,0,0,2,0,0,0,60,0,362,0,12,0,0,0,0,0,0,2,0,0,0,8,0,0,0,0,0,0,0,0,0,0,0,0,0,0,0,0,0,0,0,0,0,0,2,0,14,2,0,0,0,831,0,0,0,542,91,918,866,122,0,0
22,0,24,0,0,0,24,0,155,93,0,0,0,0,0,0,0,0,0,0,0,0,0,0,11,0,0,0,0,0,0,0,0,0,0,0,0,0,0,0,0,0,0,0,0,0,0,0,8,0,0,0,21,156,116,67,93,53,0,176,28,0,3,0,90,27,116,341,0,0,0,0,0,0,0,0,0,0,0,0,0,0,0,0,0,0,0,0,0,0,0,0,0,0,0,0,0,0,0,0,0,0,0,0,0,0,0,0,0,0,0,0,0,0,0,0,0,0,0,0,0,0,0,0,11,0,0,0,0,0,51,0,0,0,0,0,0,0,0,2,0,0,0,0,7,10,0,0,8,0,0,0,0,0,10,29,99,37,0,25,15,0,0,0,0,0,0,0,34,0,209,0,0,0,0,0,74,0,0,0,0,0,0,0,41,32,0,0,0,0,0,0,1,0,0,0,0,0,0,0,0,0,0,0,0,0,0,0,0,0,879,345,532,700,747,44,92,0,0,0,0,0,0,0,0
0,7,0,5,0,0,0,6,78,39,0,0,0,0,0,0,0,0,0,0,0,0,0,0,3,0,0,5,0,0,0,0,0,0,0,0,0,0,0,0,0,0,0,0,0,0,0,0,0,1,0,0,63,20,55,7,30,90,176,0,0,17,0,3,70,92,216,39,0,5,0,0,0,0,0,0,0,1,0,0,0,0,0,0,0,0,0,0,0,0,0,0,0,0,0,0,0,0,0,0,0,0,0,0,0,0,0,0,0,0,0,0,0,0,0,0,0,0,0,0,0,0,0,0,0,74,0,27,0,4,0,98,1,0,0,0,0,4,4,0,0,0,0,0,16,7,0,10,0,20,0,2,0,0,64,16,21,56,0,11,24,37,0,0,0,1,0,0,0,0,0,0,0,0,0,7,0,0,0,0,0,0,0,0,32,33,0,0,0,0,0,0,0,0,0,0,0,0,0,0,0,0,0,0,0,0,0,0,0,23,0,5,1,0,827,0,0,0,692,451,335,614,81,74,0
255,44,222,0,0,0,275,30,196,31,0,0,0,0,0,0,40,3,0,0,0,0,22,9,47,9,6,0,4,0,0,0,0,0,0,0,31,0,7,0,3,0,0,0,0,0,0,0,0,0,0,0,21,0,18,8,7,0,28,0,0,0,47,0,0,0,4,0,0,0,7,0,0,0,5,0,0,0,0,0,0,0,0,0,0,0,0,0,0,0,0,0,0,0,0,0,0,0,0,0,0,0,0,0,0,0,0,0,0,0,0,0,0,0,0,0,0,0,0,0,0,0,0,0,0,0,0,0,0,0,0,0,0,0,0,0,12,0,142,0,116,0,0,0,177,0,0,0,0,0,0,0,0,0,21,0,99,0,4,0,0,0,0,0,0,0,0,0,0,0,110,0,102,0,0,0,25,7,0,0,0,0,30,0,0,0,0,0,0,0,0,0,0,0,0,0,0,0,0,0,0,0,0,0,0,0,0,0,0,0,0,61,7,0,0,0,0,0,0,0,0,0,0,0,0
9,200,0,0,0,5,19,257,0,308,0,0,0,0,0,0,4,0,0,0,0,0,0,0,10,97,0,14,1,15,0,0,0,3,0,0,0,28,0,15,0,0,0,0,0,0,0,0,0,0,0,0,10,60,24,60,0,3,0,17,0,0,0,46,0,0,6,65,0,0,0,0,0,0,0,0,0,0,0,0,0,0,0,0,0,0,0,0,0,0,0,0,0,0,0,0,0,0,0,0,0,0,0,0,0,0,0,0,0,0,0,0,0,0,0,0,0,0,0,0,0,0,0,0,0,0,0,0,0,0,0,0,0,0,0,0,0,9,0,63,0,68,0,25,0,122,0,0,0,0,0,0,0,0,0,7,0,189,0,5,0,0,0,4,0,0,0,0,0,5,0,54,0,24,0,0,0,72,0,0,0,0,0,108,0,7,0,0,0,0,0,0,0,0,0,0,0,0,0,0,0,0,0,0,0,0,0,0,0,0,0,0,0,0,6,0,0,0,1,16,48,5,0,5,0
62,43,213,0,0,0,356,37,107,92,0,0,0,0,9,0,235,0,6,0,18,0,21,0,163,20,0,0,17,0,2,0,0,0,1,0,3,0,8,0,0,0,0,0,2,0,0,0,0,0,0,0,95,7,16,15,5,0,3,0,47,0,0,11,0,0,0,2,0,0,0,0,0,0,0,0,0,0,0,0,0,0,0,0,0,0,0,0,0,0,0,0,0,0,0,0,10,0,0,0,0,0,0,0,0,0,0,0,0,0,0,0,0,0,0,0,0,0,0,0,0,0,5,0,0,0,0,0,0,0,0,0,0,0,0,0,85,0,150,0,119,0,74,0,27,0,0,0,0,0,2,0,0,0,49,0,42,0,37,0,0,0,0,0,0,0,0,0,0,0,4,1,5,0,0,0,14,1,0,0,0,0,0,1,1,0,0,0,0,0,0,0,0,0,0,0,0,0,0,0,0,0,0,0,0,0,0,0,0,0,1,70,0,0,0,0,0,0,0,1,0,0,0,0,0
28,69,0,25,0,0,54,176,98,229,0,0,0,0,0,77,7,151,0,228,0,93,0,128,62,376,0,124,0,90,0,22,0,19,0,22,0,4,0,14,0,0,0,10,0,0,0,0,0,2,0,3,10,156,43,77,0,19,0,3,0,46,11,0,0,0,0,28,0,0,0,0,0,0,0,0,0,0,0,0,0,0,0,0,0,0,0,0,0,0,0,1,0,0,0,0,0,0,0,0,0,0,0,0,0,0,0,0,0,0,0,0,0,0,0,0,0,0,0,0,0,0,0,0,0,0,0,0,0,44,0,21,0,9,2,18,0,114,0,370,0,105,1,98,0,101,0,0,0,0,0,0,0,0,0,132,0,16,0,137,0,8,0,0,0,0,0,1,0,0,1,5,0,7,0,0,0,43,0,0,0,0,0,212,0,0,0,0,0,0,0,0,0,0,0,0,0,0,0,0,0,0,0,0,0,0,0,0,3,0,0,0,0,0,7,0,0,0,13,48,27,4,0,0,0
23,0,0,0,18,0,12,0,130,0,0,0,0,0,0,0,0,0,8,0,0,0,0,0,0,0,0,0,0,0,0,0,0,0,0,0,4,0,0,0,0,0,0,0,2,0,0,0,0,0,1,0,0,3,4,0,20,0,90,70,0,0,0,0,0,193,126,52,0,0,28,0,0,0,33,0,0,0,0,0,0,0,0,0,0,3,0,0,0,0,0,0,0,0,0,0,0,0,0,0,0,0,0,0,0,0,0,0,0,0,0,0,0,0,0,0,0,0,0,0,0,0,0,0,11,0,0,0,1,0,32,36,0,0,0,0,0,0,45,108,38,0,0,0,115,89,25,0,40,0,3,0,0,0,2,69,0,2,0,143,90,180,17,4,0,0,0,0,0,0,0,0,0,0,37,30,2,0,7,0,87,40,32,0,240,26,0,0,0,0,0,0,0,0,0,0,0,0,0,0,0,0,0,0,0,0,0,0,8,0,172,19,71,0,104,7,0,0,9,0,0,0,0,1,0
0,64,0,0,0,0,0,0,0,236,0,22,0,0,0,0,0,0,0,0,0,0,0,0,0,0,0,20,0,0,0,0,0,0,0,0,0,0,0,0,0,0,0,0,0,0,0,0,0,0,0,0,8,0,0,0,13,0,27,92,0,0,0,0,193,0,36,408,0,0,12,21,0,11,0,31,0,0,0,0,0,28,0,0,2,0,0,0,0,0,0,0,0,0,0,0,0,0,0,0,0,0,0,0,0,0,0,0,0,0,0,0,0,0,0,0,0,0,0,0,0,0,0,0,0,40,0,68,15,0,109,81,0,0,0,0,0,4,62,31,0,0,0,0,70,81,0,55,0,339,0,0,1,7,23,9,0,4,58,13,141,143,0,0,0,0,0,0,0,10,0,0,0,4,10,103,0,1,0,0,57,132,0,8,0,89,0,0,0,0,0,0,0,0,0,0,0,0,0,0,0,0,0,0,0,0,0,0,0,38,24,1,0,0,99,0,0,0,166,95,0,0,0,0,0
23,0,3,0,0,0,50,0,203,0,0,0,0,0,0,0,0,0,0,0,0,0,0,0,0,0,0,0,0,0,0,0,0,0,0,0,0,0,0,0,0,0,0,0,0,0,0,0,0,0,0,0,8,69,7,49,18,46,116,216,4,6,0,0,126,36,0,188,0,0,0,0,0,0,0,0,0,0,0,0,0,0,0,0,0,0,0,0,0,0,0,0,0,0,0,0,0,0,0,0,0,0,0,0,0,0,0,0,0,0,0,0,0,0,0,0,0,0,0,0,0,0,0,0,0,0,0,0,0,0,6,0,0,0,0,0,0,0,0,0,0,0,0,0,11,15,10,0,5,0,0,0,0,0,9,38,28,26,0,40,24,13,2,0,0,0,0,0,3,0,14,0,0,0,0,19,137,0,0,0,0,0,1,0,389,25,0,0,0,0,0,0,0,0,0,0,0,0,0,0,0,0,0,0,0,0,0,0,0,0,105,123,43,74,96,0,0,0,0,0,0,0,0,0,0
0,2,0,0,0,0,0,0,192,100,0,0,0,0,0,0,0,0,0,0,0,0,0,0,4,0,0,0,0,0,0,0,0,0,0,0,0,0,0,0,0,0,0,0,0,0,0,0,0,0,0,0,128,47,105,24,96,20,341,39,0,65,2,28,52,408,188,0,0,0,0,0,0,0,0,0,0,0,0,0,0,0,0,0,0,0,0,0,0,0,0,0,0,0,0,0,0,0,0,0,0,0,0,0,0,0,0,0,0,0,0,0,0,0,0,0,0,0,0,0,0,0,0,0,0,35,0,0,0,0,0,49,0,0,0,0,0,2,0,3,0,0,0,0,22,14,0,12,0,58,0,0,0,0,80,15,16,85,39,10,0,73,0,0,0,0,0,0,0,0,0,0,0,0,6,71,39,50,0,0,4,0,0,0,36,398,0,0,0,0,0,0,0,0,0,0,0,0,0,0,0,0,0,0,0,0,0,0,0,14,0,0,0,0,204,0,0,0,236,273,70,0,0,0,0
0,0,0,0,0,0,0,0,0,0,0,0,0,0,0,0,0,0,0,0,0,0,0,0,0,0,0,0,0,0,0,0,0,0,0,0,0,0,0,0,0,0,0,0,0,0,2,0,5,0,0,0,0,0,0,0,1,0,0,0,0,0,0,0,0,0,0,0,0,0,0,0,13,0,0,0,35,0,20,0,0,0,22,0,0,0,22,0,5,0,12,0,1,0,16,0,96,0,0,0,0,0,64,0,24,0,28,0,15,0,4,0,2,0,1,0,0,0,0,0,0,0,0,0,0,4,0,0,0,0,0,0,0,0,0,0,0,0,0,0,3,0,0,0,0,0,0,0,0,0,0,0,0,0,0,0,0,0,0,0,0,0,0,0,15,0,2,0,71,0,0,0,0,0,0,0,0,0,0,0,0,0,0,0,0,0,0,0,76,0,20,0,101,0,36,0,0,0,34,0,0,0,63,0,68,0,0,0,0,0,86,0,50,8,10,37,12,2,0,0,2,0,0,0,0
0,0,0,0,0,0,0,0,0,0,0,0,0,0,0,0,0,0,0,0,0,0,0,0,0,0,0,0,0,0,0,0,0,0,0,0,0,0,0,0,0,0,0,0,0,51,0,5,0,8,0,0,0,0,0,0,0,5,0,5,0,0,0,0,0,0,0,0,0,0,0,0,0,1,0,0,0,68,0,0,0,19,0,27,0,0,0,41,0,46,0,0,0,11,0,51,0,0,0,24,0,28,0,81,0,0,0,20,0,13,0,12,0,10,0,0,0,0,0,0,0,0,0,0,0,0,0,0,0,0,0,0,0,0,0,0,1,0,0,0,0,0,0,0,0,0,0,0,0,0,3,0,0,7,0,0,0,0,0,1,0,2,0,1,0,46,0,0,0,70,0,5,0,0,0,0,0,2,0,0,0,0,0,0,0,0,0,0,0,0,0,0,0,0,0,0,0,0,0,0,0,0,0,0,0,0,0,0,0,0,0,0,4,0,14,0,0,0,51,17,149,0,34,81,0
0,0,0,0,0,0,0,0,0,0,0,0,0,0,0,0,0,0,0,0,40,0,0,0,0,0,23,0,16,0,3,0,0,0,10,0,86,0,25,0,0,0,0,0,76,0,0,0,0,0,59,0,0,0,0,0,0,0,0,0,7,0,0,0,28,12,0,0,0,0,0,0,125,0,141,0,9,0,105,0,0,0,4,0,2,0,11,0,0,0,0,0,0,0,0,0,0,0,0,0,0,0,0,0,0,0,0,0,0,0,0,0,0,0,0,0,0,0,0,0,22,0,6,0,0,0,0,0,17,0,0,0,36,0,42,0,18,0,5,9,58,11,50,0,45,0,0,0,38,0,36,0,18,0,0,0,1,0,0,0,8,0,59,0,3,0,72,0,5,0,42,0,63,0,67,0,0,0,0,0,51,8,0,0,79,1,0,0,0,0,0,0,0,0,0,0,0,0,0,0,0,0,0,0,0,0,0,0,0,0,4,0,0,0,0,0,0,0,0,0,0,0,0,0,0
0,0,0,0,0,0,0,0,0,0,0,0,0,0,0,0,0,0,0,0,0,0,0,0,0,0,0,0,0,0,0,0,0,0,0,0,0,0,0,0,0,0,0,0,0,14,0,0,0,0,0,0,0,0,0,0,0,0,0,0,0,0,0,0,0,21,0,0,0,0,0,0,0,81,0,101,0,9,0,13,0,8,0,0,0,0,0,46,0,0,0,0,0,0,0,0,0,0,0,0,0,0,0,0,1,0,0,0,0,0,0,0,0,0,0,0,0,0,0,0,0,4,0,5,0,55,0,0,0,18,0,0,0,0,0,0,0,177,0,0,0,41,0,0,0,44,0,0,0,41,0,0,0,0,0,0,0,0,0,0,0,14,0,18,0,0,0,0,0,4,0,12,0,15,0,16,0,0,0,0,0,17,0,0,0,0,0,0,0,0,0,0,0,0,0,0,0,0,0,0,0,0,0,0,0,0,0,0,0,0,0,0,0,0,0,0,0,0,29,0,6,0,0,0,0
0,0,0,0,0,0,0,0,0,0,0,0,0,0,0,0,0,0,0,0,0,0,0,0,0,0,4,0,0,0,0,0,1,0,2,0,0,0,0,0,0,0,0,0,0,0,0,0,0,0,0,0,0,0,0,0,0,0,0,0,0,0,0,0,0,0,0,0,13,0,125,0,0,0,96,0,38,0,113,0,0,3,27,0,16,0,20,0,0,0,0,0,20,0,4,0,28,0,0,0,1,0,0,0,0,0,4,0,5,0,0,0,0,0,2,0,0,0,0,0,90,0,23,0,114,0,57,0,55,0,47,0,78,0,284,0,43,0,11,0,33,0,219,0,18,0,29,0,22,0,110,0,31,0,0,0,0,0,0,0,0,0,27,0,3,0,0,0,12,0,15,0,0,0,28,0,0,0,0,0,0,0,0,0,22,0,0,0,0,0,0,0,19,0,0,0,0,0,0,0,126,0,0,0,0,0,0,0,147,0,209,0,23,1,31,2,0,0,0,0,0,0,0,0,0
0,0,0,0,0,0,0,0,0,0,0,0,0,0,0,0,0,0,0,0,0,0,0,0,0,0,0,0,0,0,0,1,0,0,0,0,0,0,0,0,0,0,0,2,0,0,0,0,0,0,0,0,0,0,0,0,0,0,0,0,0,0,0,0,0,11,0,0,0,1,0,81,0,0,0,121,0,25,0,59,0,25,0,13,0,23,0,73,0,0,0,0,2,0,0,4,0,0,0,3,0,0,0,0,0,0,0,0,0,0,0,0,0,0,0,0,0,0,0,0,0,56,0,24,13,73,0,90,0,0,0,32,1,0,0,341,0,413,0,0,0,30,0,57,0,33,3,0,0,0,0,68,0,0,0,0,0,2,0,0,0,9,0,37,0,0,0,0,0,14,0,6,0,7,0,12,0,0,0,0,0,0,0,0,0,0,0,0,0,0,0,0,0,0,0,0,0,0,0,227,0,16,0,220,0,0,0,431,0,350,0,0,0,0,12,0,0,0,57,0,26,0,0,0,0
0,0,0,0,0,0,0,0,0,0,0,0,0,0,0,0,0,0,0,0,44,0,0,0,0,0,27,0,21,0,0,0,0,0,0,0,53,0,22,0,0,0,0,0,0,0,0,0,0,0,43,0,0,0,0,0,0,0,0,0,5,0,0,0,33,0,0,0,0,0,141,0,96,0,0,0,16,0,162,0,0,0,11,0,26,0,5,0,0,0,0,0,0,0,0,0,0,0,0,0,2,0,0,0,0,0,0,0,0,0,0,0,0,0,0,0,0,0,0,0,57,0,53,3,35,0,0,0,14,0,0,24,0,0,134,0,22,0,10,0,39,0,173,0,64,0,18,0,0,55,38,0,17,0,0,0,0,0,0,0,0,0,54,0,0,0,34,0,0,0,19,0,20,0,81,0,0,0,0,0,74,0,0,0,76,0,0,0,0,0,0,0,0,0,0,0,0,0,19,0,62,0,0,0,0,0,0,0,47,0,29,0,0,0,7,0,0,0,6,0,0,0,0,1,0
0,0,0,0,0,4,0,0,0,0,0,0,0,0,0,0,0,0,0,0,0,0,0,0,0,0,0,0,0,0,0,0,0,0,0,5,0,11,0,0,0,0,0,0,0,17,0,0,0,0,0,40,0,0,0,0,0,0,0,0,0,0,0,0,0,31,0,0,0,0,0,101,0,121,0,0,0,2,0,57,0,7,0,0,0,0,0,84,0,0,0,0,0,0,0,0,0,0,0,0,0,0,0,0,0,0,0,0,0,0,0,0,0,0,0,0,0,0,0,0,0,100,0,19,0,0,0,0,0,0,0,35,1,0,0,206,0,313,0,0,0,54,0,94,0,166,0,0,0,99,0,0,0,0,0,0,0,0,0,0,1,0,0,47,0,0,0,0,0,0,0,15,0,22,0,27,0,0,0,0,0,49,0,0,0,0,0,0,0,0,0,0,0,0,0,0,0,1,0,0,0,0,0,0,0,0,0,0,0,0,0,0,0,0,9,0,1,0,82,0,13,0,0,0,0
0,0,4,0,0,0,0,0,0,0,0,0,0,0,0,0,0,0,0,0,0,0,0,0,0,0,0,0,0,0,0,0,0,0,0,0,0,0,0,0,0,0,0,0,13,0,0,0,0,0,0,0,0,0,0,0,0,0,0,0,0,0,0,0,0,0,0,0,35,0,9,0,38,0,16,0,0,0,33,0,0,0,43,0,0,0,59,0,0,0,0,0,17,0,12,0,113,0,23,0,2,0,17,0,14,0,35,0,24,0,0,0,0,0,1,0,5,0,1,0,10,0,3,0,0,0,0,0,0,0,0,0,0,0,42,0,0,0,0,0,5,0,0,0,2,0,0,0,0,0,6,0,0,0,0,0,0,0,0,0,2,0,0,0,20,0,3,0,14,0,0,0,3,0,0,0,0,0,0,0,0,0,0,0,0,0,0,0,0,0,0,0,0,0,0,0,0,0,0,0,98,0,0,0,87,0,0,0,0,0,33,12,32,0,19,0,6,1,0,0,0,0,0,0,0
0,0,0,0,0,0,0,0,0,0,0,0,0,0,0,0,0,0,0,0,0,0,0,0,0,0,0,0,0,0,0,0,0,0,0,0,0,0,0,0,0,0,0,0,0,45,0,0,0,6,0,11,0,0,0,0,0,0,0,1,0,0,0,0,0,0,0,0,0,68,0,9,0,25,0,2,0,0,0,3,0,52,0,78,0,10,0,147,0,5,0,0,0,37,0,25,0,0,0,26,0,15,0,89,0,0,0,26,0,33,0,2,0,0,0,0,0,18,0,0,0,12,0,1,0,3,0,0,0,1,1,0,0,2,0,57,0,21,0,0,0,0,1,0,0,0,0,0,0,0,0,0,0,0,0,0,0,0,0,0,0,0,0,3,0,11,0,1,0,57,0,0,0,2,0,0,0,0,0,0,0,0,0,0,0,0,0,0,0,0,0,0,0,18,0,0,0,0,0,0,0,31,0,66,0,41,0,0,0,22,0,0,0,0,8,0,0,0,15,11,32,0,12,16,0
0,0,0,0,0,0,0,0,0,0,0,0,0,0,0,0,0,2,0,0,0,0,0,0,0,0,0,0,0,0,0,0,0,0,0,0,0,0,0,0,0,0,0,0,0,0,0,0,0,0,0,0,0,0,0,0,1,0,0,0,0,0,0,0,0,0,0,0,20,0,105,0,113,0,162,0,33,0,0,0,0,0,59,0,60,0,74,0,0,0,0,0,45,0,18,0,129,0,0,0,2,0,22,0,0,0,0,0,66,0,0,0,0,0,11,0,10,0,0,0,83,0,27,0,0,0,0,0,0,0,0,0,0,0,0,0,0,0,4,3,16,0,127,0,6,0,0,0,0,0,0,0,0,0,0,0,0,0,0,0,0,4,0,0,5,0,0,0,25,0,0,0,0,0,8,0,0,0,0,0,0,0,0,0,0,0,0,0,0,0,0,0,0,0,6,0,0,0,0,0,163,0,0,0,0,0,0,0,48,0,179,2,28,0,26,4,9,0,0,0,0,0,0,0,0
