0,319,97,83,111,0,37,181,68,96,137,0,102,0,43,93,85,0,53,0,28,0,42,67,13,239,49,0,248,0,0,0,0,6,0,0,47,0,398,23,18,0,2,0,11,0,25,0,14,0,0,0,20,0,0,18,0,0,0,0,178,0,104,3,17,0,3,0,0,0,0,0,0,0,0,0,0,0,0,0,0,0,0,0,2,0,0,0,0,0,0,0,0,0,0,0,0,0,0,0,0,0,0,0,0,0,2,0,0,0,0,0,0,0,0,0,0,0,0,0,0,0,0,0,7,0,7,0,0,0,0,0,0,0,17,0,0,0,0,0,0,0,0,0,0,0,27,0,81,0,14,0,13,0,0,0,0,0,0,0,1,0,2,0,7,0,15,0,14,1,14,0,331,8,0,0,46,371,37,0,2,0,54,3,39,0,5,0,0,0,0,0,0,0,0,0,0,0,8,0,0,0,0,0,0,0,0,0,4,0,553,93,265,188,514,3,0,1,21,1,17,0,0,0,0
319,0,250,29,0,117,37,42,52,134,41,267,0,107,10,15,25,60,3,109,0,19,261,127,206,5,0,188,0,99,0,0,0,236,0,0,0,126,0,387,0,33,0,2,0,10,0,77,1,8,0,4,0,35,3,0,0,0,0,0,0,91,2,43,0,76,0,6,0,0,0,0,0,0,0,0,0,0,0,0,0,0,0,0,0,0,0,0,0,0,0,0,0,0,0,0,0,0,0,0,0,0,0,0,0,0,0,0,0,0,0,0,0,0,0,0,0,0,0,0,0,0,0,0,0,26,0,0,0,0,0,60,0,0,0,36,0,43,0,0,0,0,0,0,0,0,0,0,0,135,0,70,0,243,0,21,0,49,0,0,0,6,0,0,0,3,0,0,0,5,0,12,0,125,0,83,0,559,2,16,0,105,30,9,2,117,0,3,0,0,0,1,0,0,0,0,0,6,0,0,0,15,0,0,0,0,0,7,0,21,0,0,0,0,539,0,0,0,660,103,373,102,2,16,0
97,250,0,76,104,38,323,60,57,11,38,63,43,0,331,168,86,0,140,0,110,8,288,122,76,91,121,0,496,6,162,0,104,0,0,0,44,0,435,21,0,0,0,0,12,0,44,0,13,0,0,0,0,0,25,0,2,0,10,0,93,4,0,0,13,0,0,0,0,0,0,0,0,0,0,0,0,0,0,0,0,0,0,0,0,0,0,0,0,0,0,0,0,0,0,0,0,0,0,0,0,0,1,0,0,0,0,0,0,0,0,0,0,0,0,0,0,0,0,0,0,0,0,0,39,0,27,0,0,0,55,0,17,0,117,0,48,0,0,0,0,0,74,0,0,0,69,0,138,0,16,0,0,0,0,0,0,0,0,0,15,0,0,0,2,0,50,0,20,0,16,0,234,0,4,0,13,174,0,0,0,0,3,0,3,0,0,0,0,0,0,0,0,0,0,0,1,0,29,0,42,0,1,0,0,0,2,0,16,0,540,73,410,211,567,2,2,3,14,0,0,0,0,0,0
83,29,76,0,56,110,0,110,0,4,68,2,0,0,24,206,9,42,0,146,3,45,82,208,21,106,0,33,0,105,0,61,0,419,0,14,0,62,0,267,0,0,0,0,0,0,0,0,0,0,0,0,0,0,0,83,0,0,0,11,0,0,0,9,0,6,0,0,0,0,0,0,0,0,0,0,0,0,0,0,0,0,0,0,0,0,0,0,0,0,0,0,0,0,0,0,0,0,0,0,0,0,0,0,0,0,0,0,0,0,0,0,0,0,0,0,0,0,0,0,0,0,0,4,0,69,0,0,0,101,0,116,0,0,1,125,0,117,0,0,0,0,0,0,0,0,0,0,0,20,0,68,0,11,0,20,0,0,0,0,0,0,0,3,0,4,0,91,0,24,0,0,0,87,0,4,0,61,0,3,0,0,13,0,0,0,0,0,0,0,0,0,0,0,0,0,0,19,0,0,0,0,0,0,0,0,0,0,0,158,0,0,0,0,316,0,0,0,229,9,358,68,0,9,0
111,0,104,56,0,330,29,0,16,1,151,218,451,44,192,227,42,0,249,237,390,109,96,96,5,0,245,29,99,0,205,0,374,34,188,7,272,13,191,0,84,0,19,0,0,0,65,0,13,0,154,6,5,0,0,0,0,0,0,0,0,0,0,0,0,0,0,0,0,0,0,0,0,0,0,0,0,0,0,0,0,0,0,0,0,0,0,0,0,0,0,0,0,0,0,0,0,0,0,0,0,0,0,0,8,0,0,0,0,0,0,0,0,0,0,0,0,0,0,0,0,0,0,0,0,0,6,0,0,0,8,0,0,0,18,0,6,0,0,0,7,0,0,0,0,0,24,0,46,0,16,0,53,0,0,0,0,0,0,0,4,0,0,0,15,0,206,0,40,0,5,0,88,0,33,0,72,204,178,0,24,0,38,0,27,0,0,2,0,0,0,0,0,0,0,0,0,0,0,0,13,0,0,0,0,0,0,0,0,0,650,249,753,146,574,0,1,0,0,31,102,0,0,0,0
0,117,38,110,330,0,0,47,0,5,169,277,181,250,263,115,0,0,238,332,76,148,85,50,0,3,0,478,0,19,0,107,0,374,0,222,0,97,0,33,0,32,0,21,0,0,0,63,0,0,0,120,0,7,0,9,0,0,0,0,0,0,0,16,0,14,0,6,0,0,0,0,0,0,0,0,0,0,0,0,0,0,0,0,0,0,0,0,0,0,0,0,0,0,0,15,0,0,0,0,0,5,0,7,0,12,0,0,0,0,0,0,0,0,0,0,0,0,0,0,0,2,0,0,0,48,0,0,0,0,0,81,0,0,0,64,0,58,0,0,0,0,0,0,0,0,0,13,0,49,0,27,0,37,0,0,0,9,0,0,0,7,0,0,0,0,0,378,0,100,0,0,0,77,0,0,0,348,37,30,0,56,0,0,1,0,8,13,0,0,0,0,0,0,0,0,0,0,0,36,0,18,0,14,0,0,0,0,0,30,0,0,0,0,826,0,0,0,865,207,1237,172,0,14,0
37,37,323,0,29,0,0,47,101,279,9,0,11,0,35,0,6,10,0,0,0,0,63,0,292,53,0,0,0,0,0,0,0,0,5,0,0,0,0,0,0,0,0,0,36,0,0,0,25,0,0,0,72,28,168,77,133,0,25,0,280,0,285,30,45,0,120,40,0,0,0,1,0,0,0,0,0,0,0,0,0,0,0,0,0,0,0,0,0,0,0,1,2,0,0,0,0,0,0,0,0,0,0,0,0,0,0,0,0,0,0,0,0,0,0,0,0,0,0,0,0,0,0,0,37,0,19,0,0,0,95,0,17,0,16,0,38,0,0,0,0,0,0,1,0,0,27,0,79,0,2,0,0,0,5,0,19,0,1,0,81,0,0,0,6,0,0,0,19,0,201,0,281,0,0,0,0,68,0,0,0,0,1,6,1,9,0,0,0,0,0,0,0,0,0,0,0,0,0,0,0,0,0,0,0,0,0,0,0,1,545,61,495,369,630,0,17,3,0,4,0,0,0,0,0
181,42,60,110,0,47,47,0,136,53,0,12,0,0,0,57,23,89,0,37,0,0,23,10,158,25,0,15,0,297,0,0,0,0,0,0,0,48,0,527,0,0,0,0,0,0,0,0,0,0,0,2,4,0,7,52,0,23,0,26,0,194,12,134,0,8,0,0,0,0,0,0,0,0,0,0,0,0,0,0,0,0,0,0,0,0,0,0,0,0,1,0,0,0,0,0,0,0,0,0,0,0,0,0,0,0,0,0,0,0,0,0,0,0,0,0,0,0,0,0,0,0,0,0,0,106,0,0,0,31,0,180,0,0,0,0,0,24,0,0,0,0,0,0,0,0,0,0,0,47,0,49,0,3,0,31,0,0,0,0,0,76,0,0,0,0,0,0,0,18,0,17,0,183,0,0,0,56,0,0,0,0,0,4,0,0,0,0,0,0,0,0,0,0,0,0,0,15,0,0,0,0,0,4,0,0,0,11,0,57,0,1,0,0,473,0,0,0,410,20,449,89,0,0,0
68,52,57,0,16,0,101,136,0,700,20,0,14,0,15,0,0,0,10,0,0,0,2,2,11,80,0,0,7,0,0,0,4,0,0,0,6,0,11,0,2,0,0,0,0,0,3,2,6,0,0,0,80,60,15,282,21,12,130,53,233,32,130,48,125,0,153,183,0,0,0,0,0,0,0,0,0,0,0,0,0,0,0,0,0,0,0,0,0,0,0,0,0,0,0,0,0,0,0,0,0,0,0,0,0,0,0,0,0,0,0,0,0,0,0,0,0,0,0,0,0,0,0,0,26,0,9,0,0,0,43,0,8,0,6,6,0,0,2,0,0,0,4,0,0,0,24,0,134,0,8,0,14,0,0,1,0,11,0,0,87,0,0,0,1,0,8,0,4,0,70,0,134,10,0,0,69,319,5,0,0,0,41,4,84,32,0,0,0,0,0,0,0,0,0,0,0,0,2,0,4,0,0,0,0,0,0,0,0,0,423,50,248,189,378,8,7,0,22,13,36,0,0,0,0
96,134,11,4,1,5,279,53,700,0,0,18,0,13,0,1,18,0,0,12,0,3,0,0,235,0,0,18,0,41,0,0,0,0,0,0,0,22,0,0,0,0,0,0,0,0,0,7,0,0,0,0,86,112,314,99,0,28,0,54,9,498,122,395,1,189,66,109,0,0,0,0,0,0,0,0,0,0,0,0,0,0,0,0,0,0,0,0,0,0,0,0,0,0,0,0,0,0,0,0,0,0,0,0,0,0,0,0,0,0,0,0,0,0,0,0,0,0,0,0,0,1,0,0,0,48,0,18,0,0,0,153,0,3,0,13,0,26,0,0,0,0,0,0,0,0,0,18,3,133,0,20,0,16,0,17,0,73,0,6,0,53,0,1,0,3,0,0,0,11,0,36,0,101,0,0,1,433,0,6,0,5,9,39,4,79,0,0,0,0,0,0,0,0,0,1,0,0,0,6,0,0,0,0,0,0,0,0,0,14,1,0,5,0,572,0,0,0,531,96,532,174,0,68,0
137,41,38,68,151,169,9,0,20,0,0,80,346,0,50,242,25,0,31,43,169,42,39,73,0,0,57,0,34,0,93,0,226,22,0,5,132,11,150,2,43,0,8,0,4,0,58,2,12,0,16,0,0,0,0,0,0,0,0,0,0,0,3,0,0,0,0,0,0,0,6,0,1,0,0,0,0,0,0,0,0,0,0,0,0,0,0,0,0,0,0,0,0,0,0,0,0,0,0,0,0,0,0,0,0,0,0,0,0,0,0,0,0,0,0,0,0,0,0,0,0,0,0,0,0,0,0,0,0,0,0,0,0,0,0,0,0,0,4,0,0,0,0,0,4,0,0,0,23,0,13,0,84,0,0,0,0,0,0,0,0,0,0,0,0,0,29,0,6,0,0,0,37,0,36,0,124,204,108,0,19,0,69,0,35,0,16,0,0,0,0,0,0,0,0,0,0,0,0,0,3,0,0,0,0,0,0,0,0,0,305,121,151,59,214,1,0,0,0,0,0,0,0,0,0
0,267,63,2,218,277,0,12,0,18,80,0,30,410,136,15,0,11,70,45,34,70,125,103,0,0,0,223,0,12,0,17,0,304,0,30,0,125,0,37,0,95,0,0,0,9,0,131,0,40,0,0,0,0,0,0,0,0,0,0,0,0,0,0,0,16,0,3,0,0,0,0,0,0,0,0,0,0,0,0,0,0,0,0,0,0,0,0,0,0,0,0,0,0,0,0,0,0,0,0,0,0,0,0,0,0,0,0,0,0,0,0,0,0,0,0,0,0,0,0,0,0,0,0,0,20,0,0,0,0,0,23,0,0,0,0,0,0,0,0,0,0,0,0,0,0,0,0,0,36,0,48,0,115,0,0,0,0,0,5,0,4,0,0,0,0,6,58,0,10,0,2,0,16,0,74,0,475,14,104,0,224,0,9,0,42,0,5,0,0,0,0,0,0,0,1,0,0,0,0,0,0,0,0,0,1,0,0,0,5,0,11,0,0,276,0,0,0,517,97,216,0,0,0,0
102,0,43,0,451,181,11,0,14,0,346,30,0,459,17,10,0,0,96,301,63,76,0,0,0,0,193,514,0,0,0,0,0,0,128,0,63,0,0,0,334,73,242,56,29,31,296,181,80,0,635,59,0,0,0,0,0,0,0,0,0,0,0,0,0,0,0,0,0,0,0,0,0,0,0,0,0,1,0,0,4,0,0,0,0,0,0,0,1,0,0,0,0,0,0,0,0,0,0,0,0,0,0,0,0,0,0,0,0,0,0,0,0,0,0,0,0,0,0,0,0,0,0,0,0,0,0,0,0,0,0,0,1,0,0,0,0,0,0,0,0,0,0,0,0,0,0,0,0,0,0,0,31,0,0,0,0,0,0,0,0,0,0,0,110,0,26,3,0,0,0,0,0,0,27,0,147,119,54,0,26,0,30,0,8,0,54,14,0,0,0,0,0,0,0,0,0,0,0,0,0,0,0,0,0,0,0,0,0,0,145,365,461,0,114,0,0,0,0,28,80,0,0,0,0
0,107,0,0,44,250,0,0,0,13,0,410,459,0,20,2,0,0,451,28,71,20,0,0,0,0,301,182,0,0,0,0,0,0,29,20,0,0,0,0,258,311,0,235,0,35,53,181,3,96,50,217,0,0,0,0,0,0,0,0,0,0,0,0,0,0,0,1,0,0,0,0,0,0,0,0,0,0,0,0,0,0,0,0,0,0,0,0,0,0,0,0,0,0,0,0,0,3,0,1,0,0,0,0,0,0,0,0,0,0,0,0,0,0,0,0,0,0,0,0,0,0,0,0,0,0,0,0,0,0,0,0,0,0,0,0,0,0,0,0,0,0,0,0,0,0,0,0,0,0,0,0,0,0,0,0,0,0,0,0,0,0,0,0,0,0,7,12,0,54,0,0,0,0,0,0,3,403,8,56,0,33,0,0,0,8,55,55,0,0,0,0,0,0,0,0,0,0,0,0,0,7,0,0,0,0,0,0,0,0,0,11,0,0,84,0,0,0,79,295,509,0,0,0,1
43,10,331,24,192,263,35,0,15,0,50,136,17,20,0,166,50,0,469,115,402,61,540,25,94,0,175,8,2,0,184,0,220,14,158,0,143,20,10,0,0,0,0,1,0,0,0,0,0,0,18,1,11,0,12,0,0,0,0,0,0,0,0,0,6,0,1,0,0,0,0,0,0,0,0,0,0,0,0,0,0,0,0,0,0,0,0,0,0,0,22,0,0,0,0,0,0,0,0,0,0,0,0,0,15,0,0,0,0,0,0,0,0,0,0,0,0,0,0,0,0,0,0,0,0,0,11,0,0,0,25,0,0,0,89,0,17,0,0,0,0,0,92,0,0,0,47,0,96,0,20,0,20,0,1,0,0,0,0,0,9,0,0,0,0,0,148,0,23,0,1,0,12,0,0,0,22,69,36,0,0,0,10,0,13,0,0,1,0,0,0,0,0,0,0,0,0,0,33,0,57,0,0,0,0,0,0,0,10,0,90,122,185,17,69,0,0,0,51,16,56,0,0,0,0
93,15,168,206,227,115,0,57,0,1,242,15,10,2,166,0,0,22,7,429,39,213,239,262,12,90,0,44,0,20,12,183,0,343,5,91,9,107,0,26,0,0,0,0,0,1,0,0,0,0,0,0,0,12,0,181,0,0,0,1,0,0,0,17,0,2,0,0,0,0,0,0,0,0,0,0,0,0,0,3,0,0,0,0,0,0,0,0,0,0,0,0,0,0,0,0,0,0,0,0,0,0,0,0,0,0,0,0,0,0,0,0,0,0,0,0,0,0,0,0,0,0,0,0,0,0,0,0,0,82,0,48,0,0,0,324,0,288,0,0,0,0,0,0,0,0,0,0,0,12,0,34,0,11,0,0,0,0,0,0,0,0,0,0,0,0,0,157,0,23,0,2,0,34,0,6,5,49,10,2,0,13,0,0,0,2,0,0,0,0,0,2,0,0,0,0,0,0,0,0,0,106,0,0,0,1,0,0,0,171,12,4,12,0,66,0,0,0,80,21,142,0,0,0,0
85,25,86,9,42,0,6,23,0,18,25,0,0,0,50,0,0,4,118,0,460,0,362,0,284,15,328,0,361,0,140,0,39,1,25,0,15,0,97,0,0,0,0,0,133,0,0,0,2,0,28,0,134,0,44,0,11,0,0,0,85,2,546,0,0,1,0,0,0,0,7,0,0,0,14,0,0,0,0,0,32,0,0,0,267,0,22,0,0,0,194,0,0,0,0,0,694,0,73,0,0,0,22,0,0,0,146,0,0,0,0,0,0,0,0,0,0,0,0,0,31,0,48,0,0,0,0,0,58,0,26,0,0,0,78,0,112,0,212,0,34,0,816,0,4,0,0,0,0,0,9,4,0,0,28,0,1,0,26,0,0,0,0,0,3,0,0,0,0,0,0,0,51,0,0,0,0,0,0,0,0,0,32,0,2,0,0,0,0,0,0,0,0,0,0,0,0,0,30,0,381,0,0,0,0,0,0,0,9,0,21,131,64,0,23,0,0,0,0,0,0,0,0,0,0
0,60,0,42,0,0,10,89,0,0,0,11,0,0,0,22,4,0,0,51,0,193,8,151,14,241,0,11,0,163,0,21,0,76,0,0,0,0,0,65,0,0,0,0,0,3,0,0,0,1,0,0,0,103,0,193,0,26,0,0,0,4,3,129,0,0,0,0,0,0,0,0,0,0,0,0,0,0,0,0,0,0,0,5,0,126,0,0,0,0,0,0,0,0,0,0,0,0,0,27,0,0,0,0,0,0,0,0,0,0,0,0,0,0,0,0,0,0,0,0,0,0,0,0,0,0,0,0,0,184,0,0,0,148,0,468,0,410,0,237,0,22,0,109,0,0,0,0,0,0,0,0,0,0,0,63,0,0,0,45,0,0,0,0,0,0,0,0,0,0,0,0,0,1,0,0,0,18,0,5,0,0,0,3,0,0,0,0,0,0,0,0,0,0,0,0,0,0,0,0,0,101,0,0,0,0,0,0,0,0,0,0,0,0,0,0,0,0,8,11,0,0,0,0,0
53,3,140,0,249,238,0,0,10,0,31,70,96,451,469,7,118,0,0,377,327,141,498,0,142,0,243,347,10,0,21,0,0,0,324,18,54,2,0,0,14,28,178,40,16,9,21,79,0,1,607,66,16,0,0,0,0,0,0,0,0,0,21,0,7,0,0,0,0,0,0,0,0,0,0,0,0,0,0,0,0,0,0,0,0,0,0,0,0,0,0,0,0,0,0,0,0,0,0,0,0,0,0,0,0,0,0,0,0,0,0,0,0,0,0,0,0,0,0,0,0,0,0,0,0,0,12,0,0,0,0,0,0,0,0,0,0,0,0,0,0,0,0,0,4,0,26,0,43,0,0,0,0,0,0,0,2,0,0,0,0,0,0,0,55,0,66,2,25,0,0,0,0,0,0,0,7,47,18,0,6,0,12,0,16,0,0,14,0,0,0,0,0,0,0,0,0,0,0,0,171,0,0,0,0,0,7,0,8,0,150,220,270,0,92,0,0,0,32,43,101,8,0,1,0
0,109,0,146,237,332,0,37,0,12,43,45,301,28,115,429,0,51,377,0,77,800,0,222,1,41,0,658,0,9,0,43,0,15,37,405,16,42,0,0,0,9,0,135,0,77,0,64,0,16,47,350,0,64,0,51,0,0,0,0,0,0,0,78,0,28,0,0,0,0,0,0,0,0,0,0,0,0,0,0,0,0,0,0,0,213,0,0,0,0,0,0,0,0,0,0,0,0,0,0,0,44,0,0,0,0,0,0,0,0,0,0,0,0,0,0,0,0,0,0,0,0,0,0,0,43,0,0,0,0,0,101,0,0,0,430,0,264,0,0,0,0,0,0,0,0,0,0,0,103,0,0,0,131,0,0,0,0,0,0,0,0,0,2,0,20,0,177,0,149,0,0,0,23,0,25,0,64,20,5,0,48,0,4,0,34,21,2,0,0,0,0,0,0,0,0,0,0,0,0,0,72,0,34,0,0,0,0,0,108,24,0,54,0,136,0,0,0,131,81,367,0,0,0,0
28,0,110,3,390,76,0,0,0,0,169,34,63,71,402,39,460,0,327,77,0,38,508,0,90,0,199,58,65,0,56,0,29,0,53,3,10,0,19,0,0,0,25,0,30,0,0,11,0,0,96,0,20,0,0,0,0,0,0,0,3,0,104,0,0,0,0,0,0,0,0,0,0,0,0,0,0,0,0,0,35,0,0,0,0,0,0,0,0,0,0,0,0,0,0,0,307,0,62,0,0,0,0,0,0,0,0,0,0,0,0,0,0,0,0,0,0,0,0,0,0,0,0,0,0,0,0,0,0,0,0,0,0,0,0,0,0,0,0,0,0,0,144,0,7,0,0,0,0,0,0,0,0,0,0,0,0,0,0,0,0,0,0,0,46,0,54,0,27,0,0,0,10,0,0,0,26,12,53,0,0,0,14,0,0,0,0,8,0,0,0,0,0,0,0,0,0,0,0,0,0,0,2,0,0,0,0,0,0,0,218,255,250,0,163,0,0,0,0,0,18,0,0,0,0
0,19,8,45,109,148,0,0,0,3,42,70,76,20,61,213,0,193,141,800,38,0,23,360,3,65,0,337,0,159,1,145,0,173,21,115,0,63,2,13,0,0,0,59,0,67,0,14,0,0,0,117,0,0,0,91,0,0,0,0,0,0,0,80,0,0,0,0,0,0,0,19,0,0,0,31,0,0,0,0,0,173,0,0,0,628,0,77,0,0,0,0,0,0,0,0,0,0,0,72,0,0,0,0,0,0,0,0,0,0,0,0,0,0,0,0,0,0,0,0,0,0,0,74,0,0,0,0,0,82,0,0,0,0,0,458,0,313,0,305,0,272,0,701,0,31,0,0,0,0,0,0,0,0,0,28,0,0,0,0,0,0,0,0,0,22,0,62,0,66,0,0,1,17,0,0,1,40,7,11,0,0,0,0,0,0,5,2,0,0,0,0,0,0,0,0,0,0,0,0,0,0,0,0,0,0,0,0,0,0,0,6,0,0,43,0,0,0,85,45,74,0,0,0,0
42,261,288,82,96,85,63,23,2,0,39,125,0,0,540,239,362,8,498,0,508,23,0,146,109,44,408,0,200,0,203,0,118,0,0,0,16,11,166,15,0,0,3,0,36,0,57,0,11,0,0,0,0,0,150,0,22,0,0,0,10,0,11,0,0,0,0,0,0,0,0,0,0,0,0,0,0,0,0,0,0,0,0,0,0,0,0,0,0,0,0,0,0,0,0,0,51,0,0,0,0,0,0,0,0,0,39,0,0,0,0,0,0,0,0,0,0,0,0,0,0,0,0,0,0,0,11,0,0,0,40,0,0,0,120,0,106,0,7,0,0,0,301,0,0,0,0,0,17,0,0,0,0,0,3,0,0,0,0,0,0,0,0,0,0,0,20,0,10,0,0,0,99,0,0,0,13,74,18,0,0,0,22,0,0,0,0,0,0,0,0,0,0,0,0,0,0,0,0,0,129,0,0,0,0,0,0,0,11,0,85,180,139,53,114,0,0,0,0,0,9,0,1,0,0
67,127,122,208,96,50,0,10,2,0,73,103,0,0,25,262,0,151,0,222,0,360,146,0,20,58,0,43,4,73,0,80,0,158,0,24,0,0,0,16,0,0,0,0,0,0,0,0,0,0,0,0,0,23,0,55,0,5,0,0,0,0,0,112,0,0,0,1,0,0,0,0,0,0,0,0,0,0,0,0,0,42,0,0,0,217,0,0,0,0,0,0,0,0,0,0,0,0,0,23,0,0,0,0,0,0,0,0,0,0,0,0,0,0,0,0,0,0,0,0,0,15,0,0,0,0,0,6,0,25,0,0,0,0,0,328,0,233,0,43,0,0,0,107,0,0,0,0,0,0,0,0,0,0,0,0,0,0,0,5,0,0,0,0,0,0,0,25,0,0,0,0,0,17,0,0,0,51,0,19,0,0,5,11,0,0,0,0,0,0,0,0,0,0,0,0,0,0,0,0,0,84,0,0,0,0,0,0,0,33,0,0,0,0,0,0,0,0,16,73,16,0,0,0,0
13,206,76,21,5,0,292,158,11,235,0,0,0,0,94,12,284,14,142,1,90,3,109,20,0,134,144,0,228,2,22,0,0,0,0,0,0,0,174,7,0,0,0,0,0,0,0,0,7,0,0,0,47,6,263,34,41,0,12,0,165,14,273,22,0,0,0,0,0,0,0,0,0,0,0,0,0,0,0,0,0,0,0,0,8,0,0,0,0,0,0,0,0,0,0,0,0,0,0,0,0,0,0,0,0,0,17,0,0,0,0,0,0,0,0,0,0,0,0,0,0,0,0,0,22,0,0,0,33,0,75,0,33,0,67,0,111,0,18,0,0,0,320,0,0,0,0,0,15,0,0,0,1,0,14,0,0,0,8,0,4,5,1,0,2,0,8,0,9,0,15,0,235,0,0,0,0,71,0,0,0,0,7,7,0,0,0,0,0,0,0,0,0,0,0,0,1,0,0,0,89,0,0,0,0,0,0,0,9,0,174,81,193,204,258,2,1,0,0,0,13,3,0,2,0
239,5,91,106,0,3,53,25,80,0,0,0,0,0,0,90,15,241,0,41,0,65,44,58,134,0,0,0,0,244,0,10,0,39,0,2,0,12,0,151,0,0,0,0,0,0,0,0,0,0,0,0,0,13,5,103,0,12,0,0,0,27,2,42,0,0,0,0,0,0,0,0,0,0,0,0,0,0,0,0,0,0,0,0,0,0,0,0,0,0,0,0,0,0,0,0,0,0,0,0,0,0,0,0,0,3,0,0,0,0,0,0,0,0,0,0,0,0,0,0,0,0,0,0,0,0,0,8,0,49,0,10,0,49,0,127,0,125,0,13,0,0,0,0,0,0,2,0,0,0,0,9,0,0,0,0,0,0,0,0,0,0,0,0,0,0,0,6,0,3,0,2,0,37,0,0,0,14,0,0,0,0,13,5,0,0,0,0,0,0,0,0,0,0,0,0,0,0,0,20,0,28,0,0,0,0,0,0,0,88,0,0,0,0,50,0,0,0,55,30,62,10,0,0,1
49,0,121,0,245,0,0,0,0,0,57,0,193,301,175,0,328,0,243,0,199,0,408,0,144,0,0,315,67,0,33,0,17,0,16,0,26,0,3,0,54,114,295,22,353,51,289,288,41,0,174,22,47,0,0,0,0,0,0,0,0,0,108,0,0,0,0,0,0,0,80,0,0,0,0,0,0,0,0,0,0,0,0,0,0,0,0,0,0,0,0,0,0,0,0,0,0,0,0,0,0,0,0,0,0,0,0,0,0,0,0,0,0,0,0,0,0,0,0,0,0,0,0,0,0,0,0,0,0,0,0,0,0,0,0,0,0,0,0,0,0,0,0,0,0,0,13,0,28,0,0,0,19,0,0,0,0,0,0,0,0,0,0,0,110,0,5,0,14,0,0,0,0,0,11,0,27,31,14,0,8,0,20,0,13,0,16,0,0,0,0,0,0,0,0,0,0,0,0,0,0,0,0,0,0,0,0,0,0,0,56,376,383,0,42,0,0,7,0,0,9,0,0,0,0
0,188,0,33,29,478,0,15,0,18,0,223,514,182,8,44,0,11,347,658,58,337,0,43,0,0,315,0,0,0,0,6,0,0,0,26,0,13,0,0,369,25,0,436,10,397,76,324,11,52,46,309,0,0,0,18,0,0,0,3,0,0,0,0,0,0,0,0,0,4,0,0,0,0,0,0,0,0,0,0,0,0,0,0,0,0,0,0,0,0,0,0,0,0,0,0,0,0,0,0,0,54,0,0,0,0,0,0,0,0,0,0,0,5,0,0,0,0,0,0,0,0,0,0,0,0,0,0,0,0,0,72,0,0,0,155,0,0,0,0,0,38,0,0,0,0,0,0,0,76,0,38,0,0,0,0,0,0,0,0,0,0,0,0,0,82,0,30,0,148,0,0,0,0,0,0,0,117,0,14,0,33,0,3,0,36,77,12,0,41,0,0,0,0,0,36,0,0,0,0,0,0,0,38,0,58,0,0,0,0,0,0,0,0,86,0,0,0,74,395,697,0,0,3,11
248,0,496,0,99,0,0,0,7,0,34,0,0,0,2,0,361,0,10,0,65,0,200,4,228,0,67,0,0,0,51,0,20,0,20,0,53,0,28,0,0,0,17,0,42,0,0,0,0,0,21,0,41,0,16,0,0,0,0,0,21,0,101,0,0,0,0,0,0,0,71,0,5,0,28,0,0,0,0,0,52,0,0,0,202,0,51,0,0,0,0,0,0,0,0,0,291,0,85,0,0,0,0,0,0,0,57,0,0,0,0,0,0,0,0,0,0,0,0,0,82,0,61,0,0,0,0,0,0,0,0,0,0,0,36,0,27,0,111,0,89,0,193,0,42,0,0,0,0,0,0,0,0,0,21,0,2,0,29,0,0,0,1,0,5,0,1,0,0,0,0,0,0,0,5,0,24,0,4,0,0,0,35,0,0,0,0,0,0,0,0,0,0,0,0,0,0,0,0,0,118,0,0,0,0,0,0,0,0,0,37,49,0,0,17,0,0,0,0,0,0,0,0,0,0
0,99,6,105,0,19,0,297,0,41,0,12,0,0,0,20,0,163,0,9,0,159,0,73,2,244,0,0,0,0,0,118,0,34,0,25,0,6,0,10,0,0,0,2,0,1,0,0,0,0,0,2,0,8,0,200,0,2,0,0,0,38,0,20,0,0,0,1,0,0,0,0,0,0,0,0,0,0,0,0,0,4,0,0,0,13,0,0,0,0,0,0,0,0,0,0,0,0,0,0,0,0,0,0,0,0,0,0,0,0,0,0,0,0,0,0,0,0,0,0,0,0,0,0,0,0,0,0,0,0,0,0,0,0,0,26,0,33,0,103,0,24,0,27,0,7,0,0,0,0,0,0,0,0,0,7,0,6,0,17,0,0,0,0,0,0,0,0,0,1,0,0,0,0,0,0,0,17,0,4,0,0,0,5,0,0,0,0,0,0,0,0,0,0,0,0,0,0,0,0,0,0,0,0,0,0,0,0,0,0,0,0,0,0,8,0,0,0,13,2,0,2,0,0,0
0,0,162,0,205,0,0,0,0,0,93,0,0,0,184,12,140,0,21,0,56,1,203,0,22,0,33,0,51,0,0,0,8,0,45,0,13,0,6,0,0,0,0,0,2,0,0,0,0,0,19,0,0,0,0,0,0,0,0,0,2,0,19,0,0,0,0,0,0,0,0,0,0,0,0,0,0,0,0,0,0,0,0,0,30,0,0,0,0,0,0,0,0,0,0,0,81,0,0,0,1,0,0,0,0,0,0,0,0,0,0,0,0,0,0,0,0,0,0,0,0,0,0,0,0,0,0,0,0,0,0,0,0,0,0,0,0,0,0,0,0,0,0,0,0,0,0,0,0,0,0,0,0,0,0,0,0,0,0,0,0,0,0,0,0,0,16,0,0,0,0,0,5,1,0,0,22,0,29,0,0,0,16,0,1,0,0,0,0,0,0,0,0,0,0,0,0,0,0,0,37,0,0,0,0,0,0,0,0,0,55,71,53,16,38,0,0,0,0,0,0,0,0,0,0
0,0,0,61,0,107,0,0,0,0,0,17,0,0,0,183,0,21,0,43,0,145,0,80,0,10,0,6,0,118,0,0,0,14,0,16,0,4,0,6,0,0,0,1,0,1,0,0,0,0,0,3,0,0,0,11,0,3,0,0,0,0,0,7,0,0,0,0,0,0,0,0,0,0,0,0,0,0,0,0,0,0,0,0,0,0,0,0,0,0,0,0,0,0,0,0,0,0,0,0,0,0,0,0,0,0,0,0,0,0,0,0,0,0,0,0,0,0,0,0,0,18,0,9,0,0,0,0,0,0,0,0,0,0,0,31,0,0,0,131,0,78,0,118,0,11,0,0,0,0,0,0,0,0,0,8,0,0,0,9,0,0,0,0,0,0,0,0,0,0,0,0,0,0,0,0,0,0,0,2,0,0,0,0,0,0,0,0,0,0,0,0,0,0,0,0,0,0,0,0,0,0,0,0,0,0,0,0,0,0,0,0,0,0,0,0,0,0,0,1,0,0,0,0,0
0,0,104,0,374,0,0,0,4,0,226,0,0,0,220,0,39,0,0,0,29,0,118,0,0,0,17,0,20,0,8,0,0,0,26,0,69,0,11,0,0,0,10,0,5,0,0,0,0,0,15,0,0,0,1,0,0,0,0,0,27,0,13,0,0,0,0,0,0,0,6,0,0,0,0,0,0,0,0,0,0,0,0,0,7,0,0,0,0,0,0,0,0,0,0,0,0,0,0,0,0,0,0,0,0,0,0,0,0,0,0,0,0,0,0,0,0,0,0,0,0,0,0,0,0,0,0,0,0,0,0,0,0,0,0,0,0,0,11,0,18,0,0,0,0,0,0,0,0,0,0,0,0,0,0,0,3,0,0,0,0,0,0,0,0,0,26,0,0,0,0,0,3,0,0,0,47,20,63,0,0,0,17,0,1,0,0,0,0,0,0,0,0,0,0,0,0,0,0,0,0,0,0,0,0,0,0,0,0,0,29,86,55,0,26,0,0,0,0,0,0,0,0,0,0
6,236,0,419,34,374,0,0,0,0,22,304,0,0,14,343,1,76,0,15,0,173,0,158,0,39,0,0,0,34,0,14,0,0,0,21,0,74,0,2,0,1,0,9,0,0,0,0,0,0,0,4,0,0,0,30,0,0,0,0,0,38,0,8,0,0,0,1,0,0,0,0,0,0,0,0,0,0,0,0,0,0,0,0,0,0,0,0,0,0,0,0,0,0,0,0,0,0,0,0,0,0,0,0,0,0,0,0,0,0,0,0,0,0,0,0,0,0,0,0,0,0,0,0,0,0,0,0,0,0,0,5,0,0,0,0,0,0,0,55,0,15,0,0,0,26,0,1,0,0,0,0,0,0,0,9,0,41,0,12,0,0,0,0,0,0,0,11,0,0,0,0,0,12,0,0,0,83,0,21,0,0,0,0,0,0,0,0,0,0,0,0,0,0,0,0,0,0,0,0,0,0,0,0,0,0,0,0,0,0,0,0,0,0,0,0,0,0,4,42,4,0,0,0,0
0,0,0,0,188,0,5,0,0,0,0,0,128,29,158,5,25,0,324,37,53,21,0,0,0,0,16,0,20,0,45,0,26,0,0,3,43,0,1,0,0,0,18,0,6,0,0,0,0,0,62,0,0,0,3,0,0,0,0,0,3,0,0,0,0,0,0,0,0,0,22,0,0,0,0,0,0,0,0,0,0,0,0,0,39,0,15,0,0,0,10,0,0,0,0,0,0,0,0,1,0,0,0,0,0,0,0,0,0,0,0,0,0,0,0,0,0,0,0,0,0,0,0,0,0,0,0,0,0,0,0,0,1,0,0,0,0,0,0,0,0,0,0,0,4,0,0,0,0,0,0,0,0,0,0,0,0,0,2,0,0,0,0,0,23,0,51,0,9,1,4,0,2,0,0,0,25,23,17,0,0,0,0,0,0,0,0,0,0,0,0,0,0,0,0,0,0,0,0,0,0,0,0,0,0,0,0,0,0,0,63,82,132,0,44,0,0,0,0,9,0,0,0,0,0
0,0,0,14,7,222,0,0,0,0,5,30,0,20,0,91,0,0,18,405,3,115,0,24,0,2,0,26,0,25,0,16,0,21,3,0,2,316,0,3,0,0,0,6,0,0,0,0,0,0,0,28,0,2,0,14,0,0,0,0,0,0,0,6,0,0,0,0,0,0,0,0,0,0,0,22,0,0,0,0,0,67,0,0,0,191,0,30,0,0,0,0,0,0,0,0,0,0,0,0,0,0,0,0,0,0,0,0,0,0,0,0,0,0,0,0,0,0,0,0,0,0,0,49,0,0,0,0,0,19,0,0,0,0,0,59,0,55,0,100,0,114,0,249,0,31,0,0,0,0,0,0,0,0,0,6,0,9,0,0,0,0,0,1,0,3,0,8,0,0,0,0,0,5,0,0,0,14,2,7,0,0,0,0,0,0,0,0,0,0,0,0,0,0,0,0,0,0,0,0,0,0,0,0,0,0,0,0,0,0,0,0,0,0,0,0,0,0,9,3,14,0,0,0,0
47,0,44,0,272,0,0,0,6,0,132,0,63,0,143,9,15,0,54,16,10,0,16,0,0,0,26,0,53,0,13,0,69,0,43,2,0,0,157,0,0,0,29,0,43,0,0,0,0,0,95,0,6,0,2,0,0,0,0,0,20,0,26,0,0,0,0,0,0,0,166,0,0,0,77,0,0,0,0,0,71,0,0,0,182,0,44,0,0,0,0,0,0,0,0,0,154,0,137,0,0,0,0,0,0,0,0,0,0,0,0,0,0,0,0,0,0,0,0,0,124,0,41,0,0,0,0,0,0,0,0,0,0,0,0,0,19,0,122,0,172,0,0,0,222,0,0,0,0,0,0,0,0,0,19,0,24,0,24,0,0,0,34,0,13,0,63,0,17,0,38,0,26,0,0,0,46,27,26,0,0,0,20,0,0,0,1,0,0,0,0,0,0,0,0,0,0,0,0,0,0,0,0,0,0,0,0,0,0,0,37,90,122,18,0,0,0,0,0,0,7,0,0,0,0
0,126,0,62,13,97,0,48,0,22,11,125,0,0,20,107,0,0,2,42,0,63,11,0,0,12,0,13,0,6,0,4,0,74,0,316,0,0,0,5,0,0,0,27,0,27,0,0,0,0,0,101,0,0,0,0,0,0,0,0,0,40,0,2,0,0,0,0,0,0,0,13,0,0,0,0,0,0,0,0,0,0,0,0,0,55,0,12,0,0,0,11,0,0,0,0,0,0,0,5,0,0,0,0,0,0,0,0,0,0,0,0,0,0,0,0,0,0,0,0,0,28,0,21,0,0,0,0,0,0,0,0,0,0,0,0,0,0,0,122,0,121,0,107,0,53,0,0,0,0,0,0,0,0,0,5,0,53,0,21,0,0,0,0,0,0,0,14,0,9,0,13,0,57,0,0,0,68,0,8,0,0,0,1,0,3,0,0,0,0,0,0,0,0,0,3,0,0,0,0,0,0,0,0,0,0,0,0,0,0,0,0,7,0,0,0,0,0,0,160,8,0,0,0,0
398,0,435,0,191,0,0,0,11,0,150,0,0,0,10,0,97,0,0,0,19,2,166,0,174,0,3,0,28,0,6,0,11,0,1,0,157,0,0,0,0,0,0,0,0,0,0,0,0,0,2,0,10,0,0,0,0,0,0,0,24,0,22,0,0,0,0,0,0,0,0,0,0,0,0,0,0,0,0,0,0,0,0,0,0,0,0,0,0,0,0,0,0,0,0,0,0,0,0,0,0,0,0,0,0,0,0,0,0,0,0,0,0,0,0,0,0,0,0,0,0,0,0,0,0,0,0,0,0,0,0,0,0,0,0,0,0,0,0,0,0,0,0,0,50,0,0,0,0,0,0,0,0,0,27,0,34,0,7,0,0,1,0,0,0,0,28,0,0,0,8,0,53,0,0,0,0,8,31,0,0,0,81,0,0,0,1,0,0,0,0,0,0,0,0,0,0,0,0,0,0,0,0,0,0,0,0,0,0,0,29,152,9,0,0,0,0,0,0,0,0,0,0,0,0
23,387,21,267,0,33,0,527,0,0,2,37,0,0,0,26,0,65,0,0,0,13,15,16,7,151,0,0,0,10,0,6,0,2,0,3,0,5,0,0,0,0,0,0,0,0,0,0,0,0,0,0,0,4,0,167,0,0,0,0,0,18,0,4,0,0,0,0,0,0,0,0,0,0,0,0,0,0,0,0,0,0,0,0,0,0,0,0,0,0,0,0,0,0,0,0,0,0,0,0,0,0,0,0,0,0,0,0,0,0,0,0,0,0,0,0,0,0,0,0,0,0,0,0,0,0,0,0,0,0,0,0,0,0,0,0,0,0,0,22,0,0,0,0,0,26,0,0,0,0,0,0,0,0,0,6,0,47,0,13,0,0,0,0,0,0,0,0,0,0,0,0,0,16,0,0,0,85,0,11,0,0,0,12,0,4,0,0,0,0,0,0,0,0,0,0,0,0,0,0,0,0,0,0,0,0,0,0,0,0,0,0,0,0,0,0,0,0,0,52,0,0,0,0,0
18,0,0,0,84,0,0,0,2,0,43,0,334,258,0,0,0,0,14,0,0,0,0,0,0,0,54,369,0,0,0,0,0,0,0,0,0,0,0,0,0,216,100,13,37,98,196,579,218,99,55,8,0,0,0,0,0,0,0,0,0,0,0,0,0,0,0,0,0,0,0,0,0,0,0,0,0,0,0,0,0,0,0,0,0,0,0,0,0,0,0,0,0,0,0,0,0,0,0,0,0,0,0,0,0,0,0,0,0,0,0,0,0,0,0,0,0,0,0,0,0,0,0,0,0,0,0,0,0,0,0,0,0,0,0,0,0,0,0,0,0,0,0,0,0,0,0,0,2,0,0,0,0,0,0,0,0,0,0,0,0,0,0,0,0,0,0,0,2,0,0,0,0,0,10,0,46,139,33,0,11,0,10,0,0,0,88,9,0,0,0,0,0,0,0,0,0,0,0,0,0,0,0,0,0,0,0,0,0,0,4,240,67,0,2,0,0,26,0,5,0,0,0,0,0
0,33,0,0,0,32,0,0,0,0,0,95,73,311,0,0,0,0,28,9,0,0,0,0,0,0,114,25,0,0,0,0,0,1,0,0,0,0,0,0,216,0,5,0,17,0,143,228,7,134,0,0,0,0,0,0,0,0,0,0,0,0,0,0,0,0,0,0,0,0,0,0,0,0,0,0,0,0,0,0,0,0,0,0,0,0,0,0,0,0,0,0,0,0,0,0,0,0,0,0,0,0,0,0,0,0,0,0,0,0,0,0,0,0,0,0,0,0,0,0,0,0,0,0,0,0,0,0,0,0,0,0,0,0,0,0,0,0,0,0,0,0,0,0,0,0,0,0,0,0,0,0,0,0,0,0,0,0,0,0,0,0,0,0,0,2,0,0,0,0,0,0,0,0,0,0,0,196,0,34,0,0,0,0,0,0,18,8,0,0,0,0,0,0,0,0,0,0,0,1,0,0,0,0,0,0,0,0,0,0,0,7,0,0,0,0,0,0,0,34,11,0,0,0,13
2,0,0,0,19,0,0,0,0,0,8,0,242,0,0,0,0,0,178,0,25,0,3,0,0,0,295,0,17,0,0,0,10,0,18,0,29,0,0,0,100,5,0,0,117,4,56,35,25,4,72,0,0,0,0,0,0,0,0,0,1,0,0,0,0,0,0,0,2,0,68,0,4,0,0,0,0,0,0,0,0,0,0,0,71,0,0,0,0,0,0,0,0,0,0,0,0,0,0,0,0,0,0,0,0,0,0,0,0,0,0,0,0,0,0,0,0,0,0,0,40,0,0,0,0,0,0,0,0,0,0,0,0,0,0,0,0,0,0,0,0,0,0,0,18,0,0,0,0,0,0,0,0,0,0,0,0,0,0,0,0,0,0,0,39,0,32,0,0,0,6,0,7,0,0,0,20,4,3,0,0,0,0,0,0,0,99,0,0,0,0,0,0,0,0,0,0,0,0,0,0,0,0,0,0,0,0,0,0,0,15,114,63,0,0,0,0,2,0,0,0,0,0,0,0
0,2,0,0,0,21,0,0,0,0,0,0,56,235,1,0,0,0,40,135,0,59,0,0,0,0,22,436,0,2,0,1,0,9,0,6,0,27,0,0,13,0,0,0,0,433,0,24,0,27,0,105,0,0,0,3,0,0,0,0,0,5,0,0,0,0,0,0,0,0,0,28,0,0,0,18,0,0,0,0,0,32,0,0,0,66,0,20,0,0,0,0,0,0,0,25,0,0,0,6,0,12,0,4,0,0,0,0,0,0,0,0,0,0,0,0,0,0,0,0,0,31,0,26,0,0,0,0,0,0,0,0,0,0,0,0,0,0,0,32,0,54,0,72,0,30,0,0,0,0,0,0,0,0,0,3,0,7,0,0,0,1,0,4,0,43,0,21,0,53,0,14,0,11,0,0,0,28,0,0,0,0,0,0,0,0,0,66,0,0,0,0,0,0,0,0,0,0,0,0,0,0,0,0,0,15,0,0,0,0,0,0,0,0,0,0,0,0,4,69,79,0,0,1,0
11,0,12,0,0,0,36,0,0,0,4,0,29,0,0,0,133,0,16,0,30,0,36,0,0,0,353,10,42,0,2,0,5,0,6,0,43,0,0,0,37,17,117,0,0,6,279,46,208,13,61,0,20,0,17,0,8,0,0,0,0,0,98,0,0,0,0,0,1,0,189,0,15,0,127,0,0,0,0,0,166,0,0,0,422,0,0,0,0,0,0,0,0,0,22,0,815,0,340,0,0,0,0,0,0,0,0,0,0,0,0,0,0,0,0,0,0,0,0,0,171,0,61,0,0,0,0,0,0,0,0,0,0,0,0,0,0,0,0,0,0,0,136,0,50,0,0,0,1,0,0,0,0,0,2,0,0,0,0,0,0,0,52,0,135,0,15,0,6,0,34,0,34,0,0,0,16,5,3,0,0,0,3,0,0,0,41,0,0,0,0,0,0,0,0,0,0,0,7,0,88,0,0,0,0,0,0,0,0,0,61,129,248,32,37,0,3,34,0,0,0,0,0,0,0
0,10,0,0,0,0,0,0,0,0,0,9,31,35,0,1,0,3,9,77,0,67,0,0,0,0,51,397,0,1,0,1,0,0,0,0,0,27,0,0,98,0,4,433,6,0,91,186,24,347,5,136,0,0,0,6,0,1,0,0,0,0,0,0,0,0,0,0,0,17,0,30,0,0,0,0,0,32,0,0,0,99,0,62,0,227,0,50,0,14,0,0,0,55,0,113,0,0,0,29,0,41,0,9,0,18,0,0,0,0,0,0,0,1,0,0,0,0,0,0,0,0,0,46,0,0,0,0,0,0,0,0,0,0,0,65,0,21,0,11,0,86,0,112,0,53,0,1,0,0,0,0,0,0,0,0,0,0,0,0,0,0,0,14,0,171,0,17,0,127,0,17,0,28,0,0,0,15,0,0,0,0,0,0,0,0,17,13,0,21,0,0,0,0,0,0,0,0,0,0,0,0,0,0,0,17,0,0,0,0,0,10,0,0,26,0,0,0,57,280,383,0,0,1,120
25,0,44,0,65,0,0,0,3,0,58,0,296,53,0,0,0,0,21,0,0,0,57,0,0,0,289,76,0,0,0,0,0,0,0,0,0,0,0,0,196,143,56,0,279,91,0,340,306,109,0,0,5,0,0,0,0,0,0,0,0,0,0,0,0,0,0,0,0,0,0,0,0,0,0,0,0,0,0,0,0,0,0,0,0,0,0,0,0,0,0,0,0,0,0,0,0,0,0,0,0,0,0,0,0,0,0,0,0,0,0,0,0,0,0,0,0,0,0,0,0,0,0,0,0,0,0,0,0,0,0,0,0,0,0,0,0,0,0,0,0,0,0,0,0,0,0,0,0,0,8,0,0,0,0,0,0,0,0,0,0,0,0,0,56,0,0,0,0,0,0,0,0,0,13,0,17,90,53,0,13,0,0,0,0,0,83,10,0,0,0,0,0,0,0,0,0,0,0,0,0,0,0,0,0,0,0,0,0,0,0,525,237,0,0,0,0,118,0,8,3,0,0,0,2
0,77,0,0,0,63,0,0,2,7,2,131,181,181,0,0,0,0,79,64,11,14,0,0,0,0,288,324,0,0,0,0,0,0,0,0,0,0,0,0,579,228,35,24,46,186,340,0,63,205,0,0,0,0,0,0,0,0,0,0,0,0,0,0,0,0,0,0,0,0,0,0,0,0,0,0,0,0,0,0,0,0,0,0,0,0,0,0,0,3,0,0,0,0,0,0,0,0,0,0,0,0,0,0,0,0,0,0,0,0,0,0,0,0,0,0,0,0,0,0,0,0,0,0,0,0,0,0,0,0,0,22,0,0,0,0,0,0,0,0,0,0,0,0,0,0,0,0,0,0,0,0,0,0,0,4,0,0,0,0,0,0,0,0,0,9,0,0,0,0,0,0,0,0,0,0,0,125,0,7,1,0,0,0,0,10,72,7,0,0,0,0,0,0,0,2,0,0,0,0,0,0,0,0,0,0,0,0,0,0,0,28,0,0,0,0,0,3,0,355,74,0,0,0,57
14,1,13,0,13,0,25,0,6,0,12,0,80,3,0,0,2,0,0,0,0,0,11,0,7,0,41,11,0,0,0,0,0,0,0,0,0,0,0,0,218,7,25,0,208,24,306,63,0,73,6,0,5,0,16,0,46,0,36,0,3,0,0,0,2,0,3,0,1,0,0,0,0,0,0,0,0,0,0,0,10,0,5,0,0,0,0,0,2,0,3,0,14,0,20,0,7,0,0,0,6,0,7,0,5,0,5,0,0,0,0,0,0,0,0,0,0,0,0,0,0,0,0,0,0,0,0,0,1,0,2,0,0,0,0,0,0,0,0,0,0,0,10,0,0,0,2,0,0,0,13,0,0,0,0,0,0,0,2,0,31,0,0,0,9,0,3,0,2,0,5,0,4,0,5,0,158,42,13,0,28,0,6,0,0,0,210,0,8,0,0,0,0,0,1,0,0,0,0,0,0,0,5,0,2,0,3,0,0,0,31,96,256,13,59,1,0,49,1,9,4,0,0,0,6
0,8,0,0,0,0,0,0,0,0,0,40,0,96,0,0,0,1,1,16,0,0,0,0,0,0,0,52,0,0,0,0,0,0,0,0,0,0,0,0,99,134,4,27,13,347,109,205,73,0,0,16,0,0,0,0,0,0,0,0,0,1,0,0,0,0,0,0,0,0,0,0,0,0,0,4,0,0,0,0,0,12,0,2,0,49,0,0,0,0,0,0,0,4,0,6,0,0,0,0,0,0,0,0,0,0,0,0,0,0,0,0,0,0,0,0,0,0,0,0,0,0,0,0,0,0,0,0,0,0,0,0,0,0,0,0,0,0,0,0,0,5,0,11,0,0,0,0,0,0,0,6,0,17,0,0,0,0,0,0,0,0,0,0,0,6,0,0,0,3,0,0,0,0,0,9,0,197,0,21,0,21,0,4,0,10,63,49,0,0,0,0,0,1,0,0,0,0,0,0,0,5,0,1,0,0,0,0,0,0,0,26,0,0,18,0,0,6,52,46,43,1,0,0,27
0,0,0,0,154,0,0,0,0,0,16,0,635,50,18,0,28,0,607,47,96,0,0,0,0,0,174,46,21,0,19,0,15,0,62,0,95,0,2,0,55,0,72,0,61,5,0,0,6,0,0,0,0,0,0,0,0,0,0,0,0,0,6,0,0,0,0,0,0,0,55,0,0,0,22,0,4,0,0,0,0,0,0,0,0,0,30,0,0,0,0,0,5,0,18,0,132,0,82,0,0,0,0,0,0,0,0,0,0,0,0,0,0,0,0,0,0,0,0,0,50,0,0,0,0,0,1,0,0,0,0,0,0,0,0,0,0,0,0,0,0,0,0,0,0,0,0,0,0,0,0,0,0,0,0,0,1,0,0,0,0,0,10,0,69,0,62,0,36,0,24,0,28,0,0,0,41,28,4,0,3,0,0,0,2,0,40,0,0,0,0,0,0,0,0,0,0,0,0,0,0,0,0,0,2,0,0,0,0,0,31,129,163,0,18,0,0,1,0,0,0,0,0,0,0
0,4,0,0,6,120,0,2,0,0,0,0,59,217,1,0,0,0,66,350,0,117,0,0,0,0,22,309,0,2,0,3,0,4,0,28,0,101,0,0,8,0,0,105,0,136,0,0,0,16,0,0,0,0,0,9,0,2,0,0,0,4,0,0,0,0,0,0,0,0,0,33,0,0,0,45,0,5,0,0,0,55,0,14,0,132,0,29,0,0,0,0,0,0,0,0,0,0,0,8,0,20,0,1,0,0,0,8,0,0,0,0,0,0,0,0,0,0,0,0,0,60,0,0,0,0,0,0,0,0,0,0,0,0,0,0,0,0,0,30,0,67,0,89,0,42,0,0,0,0,0,0,0,0,0,0,0,6,0,0,0,0,0,7,0,22,0,36,0,111,0,18,0,29,0,0,0,23,0,0,0,0,0,0,0,0,2,17,0,0,0,0,0,0,0,9,0,0,0,5,0,0,0,0,0,14,0,0,1,0,0,0,0,0,21,0,0,0,28,6,25,0,0,0,0
20,0,0,0,5,0,72,4,80,86,0,0,0,0,11,0,134,0,16,0,20,0,0,0,47,0,47,0,41,0,0,0,0,0,0,0,6,0,10,0,0,0,0,0,20,0,5,0,5,0,0,0,0,8,212,55,144,8,39,37,42,0,228,0,0,0,3,58,0,0,4,0,0,0,0,0,0,0,0,0,0,0,0,0,32,0,7,0,0,0,0,0,0,0,0,0,59,0,0,0,0,0,0,0,0,0,0,0,0,0,0,0,0,0,0,0,0,0,0,0,0,0,14,0,0,0,8,0,70,0,32,0,0,0,4,0,75,0,333,0,42,1,157,0,12,0,0,0,0,2,0,0,0,0,213,0,49,0,120,1,8,0,0,0,0,0,0,0,4,0,119,0,7,0,0,0,0,2,0,0,0,2,21,0,1,2,0,0,0,0,0,0,0,0,0,0,0,0,0,0,22,0,0,0,0,0,0,0,0,0,58,157,82,59,63,5,0,0,9,4,0,0,0,0,0
0,35,0,0,0,7,28,0,60,112,0,0,0,0,0,12,0,103,0,64,0,0,0,23,6,13,0,0,0,8,0,0,0,0,0,2,0,0,0,4,0,0,0,0,0,0,0,0,0,0,0,0,8,0,28,261,3,125,10,29,0,52,5,179,0,0,6,22,0,0,0,0,0,0,0,0,0,0,0,0,0,0,0,0,0,0,0,0,0,0,0,0,0,0,0,0,0,0,0,0,0,0,0,0,0,0,0,0,0,0,0,0,0,0,0,0,0,0,0,0,0,0,0,0,0,6,0,0,0,117,0,11,0,52,0,67,0,88,0,200,0,11,0,0,0,4,0,0,0,0,0,0,0,0,0,107,0,30,0,142,0,0,0,0,0,0,0,0,0,1,0,4,0,0,0,1,0,30,0,0,0,0,0,20,1,11,0,0,0,0,0,0,0,0,0,0,0,0,0,0,0,5,0,0,0,0,0,1,0,13,0,0,0,0,0,0,0,0,0,4,0,0,0,0,0
0,3,25,0,0,0,168,7,15,314,0,0,0,0,12,0,44,0,0,0,0,0,150,0,263,5,0,0,16,0,0,0,1,0,3,0,2,0,0,0,0,0,0,0,17,0,0,0,16,0,0,0,212,28,0,149,133,0,93,71,46,9,96,20,7,0,18,161,0,0,0,0,0,0,0,0,0,0,3,0,1,0,0,0,0,0,0,0,0,0,0,0,0,0,0,0,9,0,0,0,1,0,0,0,0,0,0,0,0,0,0,0,0,0,0,0,0,0,0,0,0,0,0,0,0,0,0,0,24,0,99,0,27,0,21,0,79,0,13,0,0,0,109,0,2,1,0,0,11,0,0,0,0,0,58,2,39,0,13,0,12,0,0,0,1,0,4,0,6,0,232,0,57,5,0,0,0,8,0,0,0,0,0,2,0,2,0,0,0,0,0,0,0,0,0,0,0,0,0,0,0,0,0,0,0,0,1,0,0,0,238,56,302,276,326,0,20,0,0,4,12,0,0,0,0
18,0,0,83,0,9,77,52,282,99,0,0,0,0,0,181,0,193,0,51,0,91,0,55,34,103,0,18,0,200,0,11,0,30,0,14,0,0,0,167,0,0,0,3,0,6,0,0,0,0,0,9,55,261,149,0,0,254,38,98,0,379,43,822,0,2,96,79,0,0,0,0,0,0,0,0,0,0,0,0,0,0,0,0,0,0,0,0,0,0,0,0,0,0,0,0,0,0,0,0,0,0,0,0,0,0,0,0,0,0,0,0,0,0,0,0,0,0,0,0,0,0,0,0,0,69,0,14,0,152,0,124,0,73,0,57,0,135,0,0,0,0,0,0,0,1,0,6,2,14,0,30,0,0,2,150,0,67,0,32,0,83,0,4,0,17,0,17,0,47,0,238,0,257,0,0,0,7,0,0,0,0,0,15,4,0,0,0,0,0,0,0,0,0,0,0,0,0,0,0,0,19,0,0,0,0,0,0,0,111,0,1,0,0,686,0,0,0,300,19,862,304,0,112,3
0,0,2,0,0,0,133,0,21,0,0,0,0,0,0,0,11,0,0,0,0,0,22,0,41,0,0,0,0,0,0,0,0,0,0,0,0,0,0,0,0,0,0,0,8,0,0,0,46,0,0,0,144,3,133,0,0,12,227,47,0,0,31,0,8,25,29,79,1,0,0,0,0,0,0,0,0,0,2,0,0,0,0,0,0,0,0,0,0,0,1,0,1,0,0,0,0,0,0,0,0,0,0,0,0,0,0,0,0,0,0,0,0,0,0,0,0,0,0,0,0,0,0,0,4,0,0,0,28,0,119,0,11,0,7,0,41,0,14,2,0,0,31,0,13,0,0,0,7,0,0,0,0,0,202,12,45,0,95,7,107,19,25,0,5,0,4,0,8,0,341,0,15,0,0,0,2,0,0,0,0,23,0,0,0,2,0,0,0,0,0,0,0,0,0,0,0,0,0,0,0,0,0,0,0,0,0,0,0,0,637,123,793,586,856,93,75,13,13,8,8,0,0,0,0
0,0,0,0,0,0,0,23,12,28,0,0,0,0,0,0,0,26,0,0,0,0,0,5,0,12,0,0,0,2,0,3,0,0,0,0,0,0,0,0,0,0,0,0,0,1,0,0,0,0,0,2,8,125,0,254,12,0,49,189,0,0,0,53,7,6,98,39,0,2,0,0,0,0,0,0,0,1,0,0,0,0,0,0,0,0,0,0,0,0,0,0,0,0,0,0,0,0,0,0,0,0,0,0,0,0,0,0,0,0,0,0,0,0,0,0,0,0,0,0,0,0,0,0,0,32,0,0,0,98,0,73,0,35,0,34,0,39,0,58,0,0,0,0,0,0,0,0,0,0,0,0,0,0,7,456,0,116,0,227,5,94,0,30,0,3,0,11,0,47,0,488,0,29,0,1,0,0,0,0,1,0,0,0,9,0,0,0,0,0,0,0,0,0,0,0,0,0,0,0,0,0,0,0,0,0,0,0,0,17,0,0,0,0,842,0,0,0,402,44,1270,384,31,149,3
0,0,10,0,0,0,25,0,130,0,0,0,0,0,0,0,0,0,0,0,0,0,0,0,12,0,0,0,0,0,0,0,0,0,0,0,0,0,0,0,0,0,0,0,0,0,0,0,36,0,0,0,39,10,93,38,227,49,0,238,18,0,11,0,290,54,155,353,0,0,0,0,0,0,0,0,0,0,0,0,0,0,0,1,0,0,0,0,0,0,0,0,0,0,0,0,0,0,0,0,0,0,0,0,0,0,0,0,0,0,0,0,0,0,0,0,0,0,0,0,0,0,0,0,0,0,0,0,0,0,26,0,2,0,2,0,0,0,5,0,0,0,0,0,8,0,0,0,15,0,0,1,0,0,25,25,62,0,6,19,96,0,7,3,0,0,3,0,3,0,89,2,0,0,1,6,10,0,0,0,0,29,0,0,78,28,1,0,0,0,0,0,0,0,0,0,0,0,3,0,0,0,0,0,0,0,0,0,0,0,805,255,367,443,796,69,68,4,33,31,18,0,0,0,0
0,0,0,11,0,0,0,26,53,54,0,0,0,0,0,1,0,0,0,0,0,0,0,0,0,0,0,3,0,0,0,0,0,0,0,0,0,0,0,0,0,0,0,0,0,0,0,0,0,0,0,0,37,29,71,98,47,189,238,0,0,65,0,20,24,201,397,263,0,1,0,0,0,0,0,0,0,1,0,0,0,0,0,0,0,0,0,1,0,0,0,0,0,0,0,0,0,0,0,0,0,0,0,1,0,0,0,0,0,0,0,0,0,0,0,0,0,0,0,0,0,0,0,0,0,17,0,0,0,2,0,45,0,0,0,0,0,1,1,0,0,0,0,0,0,47,0,3,0,6,0,1,0,0,54,113,3,208,5,103,0,80,0,0,0,2,0,5,0,13,0,58,0,6,0,11,2,0,0,0,0,20,0,0,48,42,0,0,0,0,0,0,0,0,0,0,0,1,0,1,0,0,0,0,0,0,0,0,0,3,0,0,0,0,896,0,0,0,755,181,729,406,19,101,0
178,0,93,0,0,0,280,0,233,9,0,0,0,0,0,0,85,0,0,0,3,0,10,0,165,0,0,0,21,0,2,0,27,0,3,0,20,0,24,0,0,0,1,0,0,0,0,0,3,0,0,0,42,0,46,0,0,0,18,0,0,0,39,0,0,0,4,0,0,0,12,0,0,0,6,0,0,0,0,0,2,0,0,0,0,0,8,0,0,0,0,0,0,0,0,0,0,0,0,0,0,0,0,0,0,0,0,0,0,0,0,0,0,0,0,0,0,0,0,0,0,0,0,0,0,0,0,0,0,0,0,0,0,0,0,0,10,0,78,0,79,0,0,0,229,0,0,0,0,0,0,0,0,0,64,0,144,0,31,0,0,0,15,0,0,0,0,0,0,0,109,0,118,0,0,0,0,8,0,0,0,0,20,0,0,0,0,0,0,0,0,0,0,0,0,0,0,0,0,0,0,0,0,0,0,0,0,0,0,0,67,103,45,74,68,0,2,0,0,0,0,0,0,0,0
0,91,4,0,0,0,0,194,32,498,0,0,0,0,0,0,2,4,0,0,0,0,0,0,14,27,0,0,0,38,0,0,0,38,0,0,0,40,0,18,0,0,0,5,0,0,0,0,0,1,0,4,0,52,9,379,0,0,0,65,0,0,5,24,0,0,0,34,0,0,0,0,0,0,0,0,0,0,0,0,0,0,0,0,0,0,0,0,0,0,0,0,0,0,0,0,0,0,0,0,0,0,0,0,0,0,0,0,0,0,0,0,0,0,0,0,0,0,0,0,0,0,0,3,0,0,0,0,0,0,0,0,0,0,0,0,0,0,0,170,0,74,0,13,0,174,0,0,0,0,0,0,0,0,0,41,0,171,0,45,0,0,0,3,0,0,0,0,0,0,0,37,0,101,0,0,0,104,0,0,0,0,0,29,0,0,0,0,0,0,0,0,0,0,0,0,0,0,0,0,0,0,0,0,0,0,0,0,0,1,0,0,0,0,0,0,0,0,0,138,0,0,0,0,0
104,2,0,0,0,0,285,12,130,122,3,0,0,0,0,0,546,3,21,0,104,0,11,0,273,2,108,0,101,0,19,0,13,0,0,0,26,0,22,0,0,0,0,0,98,0,0,0,0,0,6,0,228,5,96,43,31,0,11,0,39,5,0,8,0,0,0,3,0,0,30,0,0,0,27,0,0,0,0,0,0,0,0,0,203,0,0,0,0,0,0,0,0,0,0,0,236,0,37,0,0,0,0,0,0,0,0,0,0,0,0,0,0,0,0,0,0,0,0,0,61,0,88,0,0,0,0,0,38,0,12,0,4,0,0,0,34,0,350,0,77,0,258,0,27,0,0,0,0,0,0,0,0,0,124,0,38,0,80,0,3,0,0,0,0,0,0,0,0,0,8,0,20,0,0,0,0,8,0,0,0,0,2,2,0,0,0,0,0,0,0,0,0,0,0,0,0,0,0,0,43,0,0,0,0,0,0,0,0,0,23,110,19,27,30,0,0,0,4,0,4,0,0,0,0
3,43,0,9,0,16,30,134,48,395,0,0,0,0,0,17,0,129,0,78,0,80,0,112,22,42,0,0,0,20,0,7,0,8,0,6,0,2,0,4,0,0,0,0,0,0,0,0,0,0,0,0,0,179,20,822,0,53,0,20,0,24,8,0,0,0,0,7,0,0,0,0,0,0,0,0,0,0,0,0,0,0,0,0,0,0,0,0,0,0,0,0,0,0,0,0,0,0,0,0,0,0,0,0,0,0,0,0,0,0,0,0,0,0,0,0,0,0,0,0,0,0,0,0,0,0,0,0,0,25,0,3,0,0,0,7,0,20,0,47,0,0,0,0,0,1,0,0,0,0,0,0,0,0,0,25,0,5,0,26,0,0,0,0,0,0,0,0,0,0,0,0,0,4,0,0,0,70,0,0,0,0,0,41,0,0,0,0,0,0,0,0,0,0,0,0,0,0,0,0,0,0,0,0,0,0,0,0,0,0,0,0,0,0,2,0,0,0,1,8,0,0,0,1,0
17,0,13,0,0,0,45,0,125,1,0,0,0,0,6,0,0,0,7,0,0,0,0,0,0,0,0,0,0,0,0,0,0,0,0,0,0,0,0,0,0,0,0,0,0,0,0,0,2,0,0,0,0,0,7,0,8,7,290,24,0,0,0,0,0,43,213,20,0,0,0,2,0,0,0,0,0,0,0,0,0,0,0,0,0,0,0,0,0,0,0,0,0,0,0,0,0,0,0,0,0,0,0,0,0,0,0,0,0,0,0,0,0,0,0,0,0,0,0,0,0,0,0,0,7,0,3,0,0,0,40,0,0,0,0,0,0,0,2,13,0,0,0,0,14,24,3,0,93,23,0,0,0,0,0,24,0,0,0,15,489,103,8,0,0,0,0,0,0,0,0,0,0,0,8,6,17,0,0,0,176,84,16,0,37,6,0,0,0,0,0,0,0,0,0,0,0,0,0,0,0,0,0,0,0,0,0,0,0,0,52,4,34,0,98,0,0,0,30,13,0,21,0,0,0
0,76,0,6,0,14,0,8,0,189,0,16,0,0,0,2,1,0,0,28,0,0,0,0,0,0,0,0,0,0,0,0,0,0,0,0,0,0,0,0,0,0,0,0,0,0,0,0,0,0,0,0,0,0,0,2,25,6,54,201,0,0,0,0,43,0,26,751,0,0,0,0,1,0,0,0,0,0,0,0,0,1,0,0,0,0,0,0,0,0,0,0,0,0,0,0,0,0,0,1,0,0,0,0,0,0,0,0,0,0,0,0,0,0,0,0,0,0,0,0,0,0,0,1,0,23,0,13,7,0,0,57,0,0,0,0,0,0,25,28,0,0,0,0,30,79,0,22,50,185,0,8,2,5,33,4,0,11,34,25,126,464,0,0,0,0,0,0,0,3,0,0,0,0,0,39,0,0,0,0,19,167,0,3,0,156,0,0,0,0,0,0,0,0,0,0,0,0,0,0,2,0,0,0,0,0,0,1,0,0,1,0,0,0,120,0,0,0,89,55,103,0,4,0,0
3,0,0,0,0,0,120,0,153,66,0,0,0,0,1,0,0,0,0,0,0,0,0,0,0,0,0,0,0,0,0,0,0,0,0,0,0,0,0,0,0,0,0,0,0,0,0,0,3,0,0,0,3,6,18,96,29,98,155,397,4,0,0,0,213,26,0,362,0,0,0,0,0,0,0,0,0,0,0,0,0,0,0,0,0,0,0,0,0,0,0,0,0,0,0,0,0,0,0,0,0,0,0,0,0,0,0,0,0,0,0,0,0,0,0,0,0,0,0,0,0,0,0,0,0,0,2,0,0,0,11,0,1,0,0,0,0,0,3,0,0,0,0,0,2,7,8,0,45,0,0,0,0,0,0,32,12,4,0,17,96,23,0,0,0,0,0,0,0,0,0,3,0,0,0,0,68,0,0,0,39,54,5,0,522,44,0,0,0,0,0,0,0,0,0,0,0,0,0,0,0,0,0,0,0,0,0,0,0,0,234,79,74,0,210,11,16,0,29,32,19,11,0,1,0
0,6,0,0,0,6,40,0,183,109,0,3,0,1,0,0,0,0,0,0,0,0,0,1,0,0,0,0,0,1,0,0,0,1,0,0,0,0,0,0,0,0,0,0,0,0,0,0,0,0,0,0,58,22,161,79,79,39,353,263,0,34,3,7,20,751,362,0,0,0,0,0,0,0,0,1,0,0,0,0,0,0,0,0,0,0,0,0,0,0,0,0,0,0,0,0,0,0,0,0,0,0,0,0,0,0,0,0,0,0,0,0,0,0,0,0,0,0,0,0,0,0,0,0,0,21,0,0,0,0,0,63,0,0,0,5,0,8,3,0,0,0,0,0,0,18,0,3,0,45,0,4,0,2,48,29,6,51,0,48,0,55,0,0,0,0,0,0,0,1,0,0,0,0,0,42,1,14,0,0,3,49,0,1,54,319,0,0,0,0,0,0,0,0,0,0,0,0,0,8,0,4,0,0,0,0,0,0,0,7,0,0,0,0,239,0,0,0,224,84,120,0,8,11,0
0,0,0,0,0,0,0,0,0,0,0,0,0,0,0,0,0,0,0,0,0,0,0,0,0,0,0,0,0,0,0,0,0,0,0,0,0,0,0,0,0,0,2,0,1,0,0,0,1,0,0,0,0,0,0,0,1,0,0,0,0,0,0,0,0,0,0,0,0,0,0,0,6,0,0,0,73,0,21,0,0,0,51,0,0,0,5,0,6,0,0,0,12,0,11,0,0,0,0,0,2,0,41,0,0,0,8,0,26,0,1,0,11,0,6,0,4,0,0,0,0,0,0,0,0,0,0,0,1,0,0,0,2,0,2,0,1,0,0,0,0,0,0,0,0,0,0,0,0,0,1,0,0,0,0,0,0,0,0,0,0,0,0,0,33,0,0,0,44,0,1,0,0,0,0,0,0,0,0,0,0,0,0,0,0,0,0,0,14,0,0,0,0,0,5,0,0,0,0,0,0,0,0,0,11,0,0,0,1,0,57,0,38,0,0,16,7,0,0,0,0,0,0,0,0
0,0,0,0,0,0,0,0,0,0,0,0,0,0,0,0,0,0,0,0,0,0,0,0,0,0,0,4,0,0,0,0,0,0,0,0,0,0,0,0,0,0,0,0,0,17,0,0,0,0,0,0,0,0,0,0,0,2,0,1,0,0,0,0,0,0,0,0,0,0,0,0,0,0,0,0,0,90,0,0,0,0,0,25,0,0,0,3,0,27,0,0,0,39,0,18,0,0,0,0,0,2,0,67,1,0,0,3,0,15,0,3,0,7,0,3,0,25,0,0,0,1,0,0,0,0,0,0,0,0,0,0,0,0,0,0,0,0,0,0,0,0,0,0,0,0,0,0,0,0,0,0,0,0,0,0,0,0,0,0,0,0,0,0,0,39,0,0,0,18,0,1,0,0,0,0,0,0,0,0,0,0,0,0,0,0,0,0,0,0,0,0,0,0,0,10,0,0,0,0,0,0,0,6,0,0,0,0,0,0,0,0,0,0,0,0,0,0,15,0,37,0,11,24,0
0,0,0,0,0,0,0,0,0,0,6,0,0,0,0,0,7,0,0,0,0,0,0,0,0,0,80,0,71,0,0,0,6,0,22,0,166,0,0,0,0,0,68,0,189,0,0,0,0,0,55,0,4,0,0,0,0,0,0,0,12,0,30,0,0,0,0,0,0,0,0,2,350,0,206,0,0,0,238,0,0,0,0,0,8,0,27,0,0,0,0,0,0,0,0,0,0,0,0,0,0,0,0,0,0,0,0,0,0,0,0,0,0,0,0,0,0,0,0,0,25,0,9,0,48,19,36,0,54,0,72,7,18,0,21,0,70,0,60,7,242,1,107,3,158,0,43,11,22,0,73,0,88,0,0,0,15,0,0,0,1,0,58,0,0,0,39,0,0,0,60,1,58,0,32,0,0,0,0,0,69,25,8,0,1,0,0,0,0,0,0,0,0,0,0,0,0,0,0,0,0,0,0,0,0,0,0,0,15,0,41,6,12,0,0,0,0,0,9,0,66,0,0,0,0
0,0,0,0,0,0,1,0,0,0,0,0,0,0,0,0,0,0,0,0,0,19,0,0,0,0,0,0,0,0,0,0,0,0,0,0,0,13,0,0,0,0,0,28,0,30,0,0,0,0,0,33,0,0,0,0,0,0,0,0,0,0,0,0,2,0,0,0,0,0,2,0,0,68,0,205,0,5,0,0,0,0,0,0,0,0,0,66,0,0,0,0,0,0,0,0,10,0,0,0,0,0,0,0,0,0,0,0,0,0,0,0,0,0,0,0,0,0,0,0,0,6,0,8,0,110,0,62,0,20,14,24,0,148,0,0,0,17,0,6,0,23,0,4,2,95,0,35,0,26,0,32,0,31,0,0,0,7,1,0,0,0,0,39,0,0,0,7,0,2,0,16,0,17,0,19,0,0,0,0,0,76,0,0,0,0,0,0,0,0,0,0,0,0,0,0,0,0,0,0,0,0,0,0,0,0,0,0,0,0,0,0,0,0,0,0,0,0,30,1,0,0,0,0,0
0,0,0,0,0,0,0,0,0,0,1,0,0,0,0,0,0,0,0,0,0,0,0,0,0,0,0,0,5,0,0,0,0,0,0,0,0,0,0,0,0,0,4,0,15,0,0,0,0,0,0,0,0,0,0,0,0,0,0,0,0,0,0,0,0,1,0,0,6,0,350,0,0,0,77,0,58,0,267,0,1,0,28,0,0,0,5,0,0,0,0,0,15,0,0,0,1,0,0,0,0,0,6,0,0,0,0,0,7,0,0,0,0,0,0,0,0,0,0,0,7,0,0,0,26,0,0,0,24,0,42,0,0,0,82,0,76,0,7,0,53,0,151,0,73,0,38,0,7,0,108,0,23,0,0,0,0,0,0,0,0,0,33,0,1,0,0,0,11,0,9,0,0,0,0,0,0,0,0,0,24,0,0,0,0,0,0,0,4,0,0,0,0,0,0,0,0,0,0,0,70,0,50,0,20,0,0,0,44,0,218,9,15,0,12,0,3,0,0,0,0,1,0,0,0
0,0,0,0,0,0,0,0,0,0,0,0,0,0,0,0,0,0,0,0,0,0,0,0,0,0,0,0,0,0,0,0,0,0,0,0,0,0,0,0,0,0,0,0,0,0,0,0,0,0,0,0,0,0,0,0,0,0,0,0,0,0,0,0,0,0,0,0,0,0,0,68,0,0,4,264,0,128,0,50,0,5,0,6,0,0,0,111,0,0,0,0,0,0,0,5,0,0,0,0,0,0,0,0,0,0,0,0,0,0,0,0,0,0,0,0,0,1,0,0,0,19,0,61,0,0,0,0,0,0,0,3,6,0,3,0,0,24,0,0,0,23,0,6,0,24,0,0,0,3,0,19,0,0,0,0,0,2,0,0,0,0,0,52,0,0,0,1,0,30,0,12,0,2,0,0,0,0,0,0,0,0,0,0,0,0,0,0,0,0,0,0,0,0,0,0,1,0,0,0,0,0,0,0,0,0,0,0,0,0,0,0,0,0,0,0,0,0,73,2,15,0,0,0,0
0,0,0,0,0,0,0,0,0,0,0,0,0,0,0,0,14,0,0,0,0,0,0,0,0,0,0,0,28,0,0,0,0,0,0,0,77,0,0,0,0,0,0,0,127,0,0,0,0,0,22,0,0,0,0,0,0,0,0,0,6,0,27,0,0,0,0,0,0,0,206,0,77,4,0,0,2,0,156,0,28,3,7,0,48,0,45,0,0,0,3,0,0,0,11,0,7,0,8,1,0,0,0,0,0,0,0,0,0,0,0,0,0,0,0,0,0,0,0,0,96,0,51,0,17,10,12,0,28,0,38,0,19,0,72,0,38,2,22,0,182,2,324,0,76,0,0,0,7,0,59,0,41,0,0,0,7,0,0,0,0,0,9,0,0,0,14,0,10,0,15,0,26,0,34,0,0,0,0,0,58,15,0,0,2,0,0,0,0,0,0,0,0,0,0,0,0,0,49,0,73,0,0,0,0,0,0,0,0,0,164,0,0,0,0,0,0,0,3,0,40,0,0,0,0
0,0,0,0,0,0,0,0,0,0,0,0,0,0,0,0,0,0,0,0,0,31,0,0,0,0,0,0,0,0,0,0,0,0,0,22,0,0,0,0,0,0,0,18,0,0,0,0,0,4,0,45,0,0,0,0,0,0,0,0,0,0,0,0,0,0,0,1,0,0,0,205,0,264,0,0,0,5,0,29,0,0,0,0,0,17,0,45,0,0,0,0,0,0,0,0,0,0,0,0,0,0,0,0,0,0,0,0,0,0,0,0,0,0,0,0,0,0,0,0,0,63,0,64,0,96,0,209,0,0,0,0,19,207,3,95,16,112,19,7,0,40,0,32,3,210,0,60,0,40,0,125,0,58,0,0,0,0,0,1,0,0,0,54,0,0,0,0,0,8,0,13,0,0,0,28,0,0,0,0,0,131,0,0,0,0,0,0,0,0,0,0,0,0,0,0,0,0,0,23,0,30,0,0,0,0,0,0,0,150,0,0,0,0,0,0,0,0,150,5,0,0,0,0,0
0,0,0,0,0,0,0,0,0,0,0,0,0,0,0,0,0,0,0,0,0,0,0,0,0,0,0,0,0,0,0,0,0,0,0,0,0,0,0,0,0,0,0,0,0,0,0,0,0,0,4,0,0,0,0,0,0,0,0,0,0,0,0,0,0,0,0,0,73,0,0,0,58,0,2,0,0,0,9,0,10,1,76,0,0,0,26,0,7,0,0,0,64,0,27,0,0,0,0,0,0,0,68,0,0,0,28,0,77,0,0,0,0,0,1,0,19,0,0,0,0,0,3,0,1,0,0,0,0,0,1,0,1,0,0,0,0,0,0,0,0,0,0,0,0,0,0,2,0,0,0,0,0,0,0,0,0,0,0,0,0,0,1,0,26,0,2,0,44,0,1,0,0,0,0,0,0,0,0,0,0,0,0,0,0,0,0,0,51,0,4,0,0,0,19,0,0,0,0,0,26,0,36,0,60,0,0,0,0,0,55,4,35,0,5,0,8,0,0,0,0,0,0,0,0
0,0,0,0,0,0,0,0,0,0,0,0,1,0,0,0,0,0,0,0,0,0,0,0,0,0,0,0,0,0,0,0,0,0,0,0,0,0,0,0,0,0,0,0,0,32,0,0,0,0,0,5,0,0,0,0,0,1,0,1,0,0,0,0,0,0,0,0,0,90,0,5,0,128,0,5,0,0,0,27,0,109,0,159,0,0,0,150,0,43,0,0,0,36,0,95,0,0,0,15,0,19,0,101,0,0,0,17,0,9,0,0,0,15,0,0,0,70,0,0,0,13,0,5,0,2,0,0,3,0,0,0,0,0,0,0,0,0,0,0,0,0,3,0,0,0,0,0,0,0,0,0,5,0,0,0,0,0,0,0,0,0,0,11,0,41,0,0,0,107,0,3,0,0,0,0,0,0,0,0,0,0,0,0,0,0,0,0,0,50,0,0,0,0,0,50,0,0,0,0,1,34,0,58,0,69,0,0,0,0,0,0,0,0,11,0,0,0,55,4,106,0,12,17,1
0,0,0,0,0,0,0,0,0,0,0,0,0,0,0,0,0,0,0,0,0,0,0,0,0,0,0,0,0,0,0,0,0,0,0,0,0,0,0,0,0,0,0,0,0,0,0,0,0,0,0,0,0,0,3,0,2,0,0,0,0,0,0,0,0,0,0,0,21,0,238,0,267,0,156,0,9,0,0,0,51,0,78,0,41,0,89,0,0,0,0,0,36,0,24,0,27,0,30,0,0,0,49,0,0,0,49,0,29,0,0,0,1,0,3,0,11,0,0,0,47,0,14,0,0,0,0,0,0,0,14,0,0,0,122,0,36,0,0,0,34,0,197,0,31,0,0,0,0,0,0,0,10,0,0,0,0,0,0,0,0,0,2,0,0,0,0,0,16,0,0,0,0,0,0,0,0,0,0,0,0,0,0,0,0,0,0,0,61,0,19,0,0,0,0,0,0,0,106,0,168,0,161,0,99,0,0,0,0,0,243,0,40,0,26,3,16,0,0,0,0,0,0,0,0
