0,322,35,178,80,61,43,0,138,0,159,55,132,0,8,124,112,76,22,1,20,0,45,120,65,123,32,0,48,6,0,0,47,0,0,0,78,0,750,0,0,0,0,0,13,0,17,0,8,0,0,0,18,0,0,0,0,0,7,0,139,0,169,9,66,0,38,0,0,0,0,0,0,0,0,0,0,0,0,0,0,0,0,0,0,0,0,0,0,0,0,0,0,0,0,0,0,0,0,0,0,0,4,0,0,0,0,0,0,0,0,0,0,0,0,0,0,0,0,0,0,0,0,0,61,0,99,0,0,0,86,0,0,0,20,0,9,0,0,0,0,0,0,0,5,0,51,0,136,0,67,0,68,0,4,0,0,0,0,0,0,1,14,0,16,0,28,0,38,0,97,0,550,0,0,0,453,96,48,0,0,0,84,0,113,0,3,0,0,0,0,0,0,0,0,0,0,0,0,0,0,0,0,0,0,0,0,0,0,0,826,93,369,111,292,0,3,0,0,0,0,0,0,0,0
322,0,261,48,0,269,276,44,103,93,0,225,0,79,0,52,94,104,0,91,0,15,87,86,504,63,0,90,0,0,0,0,0,44,0,8,0,60,0,215,0,17,0,0,0,56,0,31,0,0,0,0,18,67,31,73,0,11,0,22,0,522,61,309,0,98,0,59,0,0,0,0,0,0,0,0,0,0,0,0,0,0,0,0,0,0,0,0,0,0,0,0,0,0,0,0,0,0,0,16,0,0,0,0,0,0,0,0,0,0,0,0,0,0,0,0,0,0,0,0,0,0,0,0,0,45,0,90,0,0,0,47,0,0,0,116,0,219,0,0,0,43,0,115,0,0,0,0,0,81,0,0,0,75,0,39,0,33,0,0,0,17,0,18,0,0,0,0,0,27,2,72,0,158,0,0,169,514,0,10,0,34,32,35,0,91,0,6,0,0,0,0,0,1,0,0,0,0,0,0,0,0,0,0,0,0,0,31,0,135,0,0,0,1,457,0,0,0,1288,107,290,259,4,0,0
35,261,0,186,345,272,105,0,7,0,119,160,374,0,241,258,199,65,53,0,88,12,518,131,317,0,87,0,370,0,154,0,283,0,12,0,73,0,986,6,30,0,0,0,0,0,27,0,9,0,0,0,0,0,30,0,0,1,0,0,61,0,111,0,16,0,0,0,0,0,0,0,0,0,0,0,0,0,0,0,0,0,0,0,0,0,0,0,0,0,0,0,0,0,0,0,0,0,0,0,0,0,0,0,0,0,0,0,0,0,0,0,0,0,0,0,0,0,0,0,0,0,0,0,107,0,214,0,11,0,105,0,25,0,207,0,103,0,0,0,0,0,0,0,0,0,80,0,107,0,133,0,71,0,0,0,2,0,0,0,39,0,19,0,0,0,0,0,68,0,0,0,462,0,0,0,202,108,0,11,0,0,6,0,22,0,6,0,2,0,0,0,0,0,0,0,3,0,0,0,0,0,0,0,0,0,0,0,121,0,909,97,722,175,410,0,10,0,6,0,0,0,0,0,0
178,48,186,0,31,89,0,37,0,6,13,29,0,2,0,400,78,116,0,113,0,0,102,236,168,54,0,0,0,94,0,9,0,0,0,0,0,56,9,347,0,0,0,0,0,0,0,0,0,0,0,0,0,7,5,115,0,0,0,20,0,177,0,70,0,46,0,13,0,0,0,0,0,0,0,0,0,0,0,0,0,0,0,1,0,0,0,0,0,0,0,0,0,0,0,0,0,0,0,0,0,0,0,0,0,0,0,0,0,0,0,0,0,0,0,0,0,0,0,0,0,6,0,0,0,104,0,186,0,57,0,83,0,0,0,0,0,141,0,0,0,0,0,0,0,0,0,43,0,48,0,53,0,9,0,0,0,0,0,0,0,24,0,6,0,5,0,0,0,0,0,34,3,103,0,0,46,100,0,7,0,0,24,0,0,0,0,0,0,0,0,0,0,0,0,1,0,0,0,0,0,0,0,0,0,0,0,0,0,198,0,0,0,0,149,0,0,0,590,29,384,92,0,0,0
80,0,345,31,0,393,47,0,39,0,178,98,702,151,281,270,34,0,63,510,239,118,116,46,0,0,205,116,0,0,375,0,708,0,215,0,300,0,328,0,70,0,0,0,19,0,52,0,3,0,88,0,0,0,0,0,0,0,0,0,0,0,0,0,0,0,0,0,0,0,0,0,0,0,0,0,0,0,0,0,0,0,0,0,0,0,0,0,0,0,0,0,0,0,0,0,0,0,0,0,0,0,0,0,0,0,0,0,0,0,0,0,0,0,0,0,0,0,0,0,0,0,0,0,40,0,0,0,0,0,0,0,0,0,0,0,0,0,0,0,0,0,0,0,0,0,23,0,78,0,43,0,67,0,0,0,0,0,0,0,0,0,0,0,77,0,216,2,337,0,24,0,249,0,0,0,548,121,263,0,45,0,64,0,61,0,16,0,0,0,0,0,0,0,0,0,0,0,0,0,0,0,0,0,0,0,0,0,0,0,991,396,992,100,286,0,0,0,0,0,0,0,0,0,0
61,269,272,89,393,0,0,124,0,9,88,305,0,247,762,244,36,29,176,343,185,153,219,125,0,11,34,375,0,163,0,221,0,472,0,209,16,260,0,207,0,68,0,0,0,127,0,199,0,9,0,0,0,0,0,9,0,6,0,5,0,0,0,21,0,23,0,11,0,0,0,0,0,0,0,0,0,0,0,0,0,0,0,0,0,0,0,0,0,0,0,0,0,0,0,0,0,0,0,0,0,0,0,0,0,0,0,0,0,0,0,0,0,0,0,0,0,0,0,0,0,0,0,0,0,0,0,0,0,0,0,0,0,0,0,0,0,0,0,0,0,0,0,0,0,0,0,0,0,0,0,0,0,0,0,0,0,0,0,0,0,0,0,7,0,13,0,106,0,61,0,42,0,117,0,0,158,670,33,38,0,120,0,0,0,0,0,59,0,0,0,0,0,0,0,0,0,0,0,0,0,0,0,0,0,0,0,0,0,0,0,3,0,0,189,0,0,0,935,230,638,0,0,0,0
43,276,105,0,47,0,0,0,38,128,35,0,49,0,6,0,11,50,7,0,2,0,26,26,400,185,0,0,0,0,0,1,0,0,0,0,0,0,57,0,0,0,0,0,0,0,0,0,21,0,0,0,102,17,257,35,13,0,15,0,219,0,387,49,9,0,5,0,0,0,0,0,0,0,0,0,0,0,0,0,0,0,0,0,0,0,0,0,0,0,0,0,0,0,0,0,0,0,0,0,0,0,0,0,0,0,0,0,0,0,0,0,0,0,0,0,0,0,0,0,0,0,0,0,84,0,107,0,12,0,184,0,14,0,20,0,0,0,0,0,0,0,0,0,0,0,15,0,32,0,19,0,0,0,0,0,0,0,0,0,21,0,15,0,42,0,0,0,43,0,320,0,326,0,0,0,73,63,5,0,0,0,7,0,0,0,0,0,0,0,0,0,0,0,0,0,0,0,0,0,0,0,0,0,0,0,0,0,27,0,779,58,507,475,689,1,19,0,0,0,0,0,0,0,0
0,44,0,37,0,124,0,0,0,24,0,17,0,0,0,19,8,196,0,33,0,12,0,20,129,148,0,0,0,0,0,0,1,0,0,0,0,0,0,53,0,0,0,0,0,0,0,0,0,2,0,0,33,153,58,492,0,27,0,19,0,195,36,271,0,16,0,15,0,0,0,0,0,0,0,0,0,3,0,0,0,0,0,0,0,0,0,0,0,0,0,0,0,0,0,0,0,0,0,0,0,0,0,0,0,0,0,0,0,0,0,0,0,0,0,0,0,0,0,0,0,0,0,0,0,88,0,137,0,30,0,84,0,0,0,0,0,42,0,0,0,0,0,33,0,0,0,0,0,0,0,0,0,0,0,12,0,62,0,0,0,27,0,0,0,0,0,6,0,45,2,122,0,191,0,0,36,70,0,0,0,0,0,0,0,0,0,0,0,0,0,0,0,0,0,2,0,0,0,0,0,0,0,0,0,0,0,39,0,85,0,1,0,0,615,0,0,0,630,49,322,464,0,14,0
138,103,7,0,39,0,38,0,0,350,59,0,0,0,15,0,0,40,28,0,0,0,2,10,89,228,30,0,4,0,0,0,0,0,0,0,0,0,15,0,0,0,1,0,0,0,0,0,11,0,8,0,459,75,143,181,0,0,78,46,240,0,313,49,132,0,174,0,0,0,0,0,0,0,0,0,0,0,0,0,0,0,0,0,2,0,0,0,0,0,3,0,0,0,0,0,0,0,0,0,0,0,0,0,0,0,0,0,0,0,0,0,0,0,0,0,0,0,0,0,0,0,0,0,60,0,57,0,0,0,128,0,0,0,14,0,0,0,0,0,0,0,0,0,0,0,38,0,187,0,52,0,54,0,24,0,30,0,2,0,15,0,0,0,24,0,0,0,36,0,267,0,128,0,0,0,527,152,14,0,0,0,40,0,117,15,0,0,0,0,0,0,0,0,0,0,0,0,0,0,0,0,0,0,0,0,0,0,18,0,714,109,316,0,397,0,0,0,0,0,0,0,0,0,0
0,93,0,6,0,9,128,24,350,0,0,30,0,0,0,0,0,5,0,12,0,4,0,0,68,41,1,13,0,0,0,6,0,6,0,0,0,0,0,7,0,0,0,0,0,0,0,0,0,0,0,0,168,138,301,170,31,42,163,146,1,95,8,112,0,314,76,188,0,0,0,0,0,0,0,0,0,0,0,0,0,0,0,0,0,0,0,0,0,0,0,0,0,0,0,0,0,0,0,0,0,0,0,0,0,0,0,0,0,0,0,0,0,0,0,0,0,0,0,0,0,26,0,0,0,50,0,73,0,0,0,75,0,0,0,60,0,92,0,13,0,0,0,85,0,12,0,22,0,88,0,43,0,49,9,54,1,160,0,10,0,24,0,0,1,0,0,0,0,25,0,225,0,67,0,2,120,477,0,5,0,10,0,13,0,139,0,1,0,0,0,0,0,0,0,0,0,0,0,4,0,0,0,0,0,0,0,18,0,72,3,0,0,0,436,0,0,0,619,103,244,0,0,12,0
159,0,119,13,178,88,35,0,59,0,0,31,260,0,28,102,16,0,19,74,88,25,23,20,0,0,33,0,0,0,96,0,265,0,22,0,122,0,89,0,20,0,0,0,25,0,41,0,0,0,5,0,0,0,0,0,0,0,0,0,0,0,0,0,0,0,0,0,0,0,0,0,0,0,0,0,0,0,0,0,0,0,0,0,0,0,0,0,0,0,0,0,0,0,0,0,0,0,0,0,0,0,0,0,0,0,0,0,0,0,0,0,0,0,0,0,0,0,0,0,0,0,2,0,0,0,0,0,1,0,0,0,0,0,0,0,0,0,0,0,0,0,0,0,0,0,0,0,0,0,16,0,40,0,0,0,0,0,0,0,0,0,4,0,0,0,37,0,0,0,0,0,60,0,42,0,185,35,177,0,50,0,69,0,56,0,7,0,0,0,0,0,0,0,0,0,0,0,0,0,0,0,0,0,0,0,0,0,4,0,234,120,153,14,36,0,0,0,0,0,0,0,0,0,0
55,225,160,29,98,305,0,17,0,30,31,0,0,319,163,17,34,61,0,35,32,31,102,81,40,0,0,85,0,68,0,71,0,263,0,0,0,120,0,170,0,58,0,0,0,71,0,54,0,10,0,7,0,0,0,0,0,0,0,0,0,144,0,52,0,0,0,8,0,0,0,0,0,0,0,0,0,0,0,0,0,0,0,0,0,0,0,0,0,0,0,0,0,0,0,0,0,0,0,0,0,0,0,0,0,0,0,0,0,0,0,0,0,0,0,0,0,0,0,0,0,0,0,0,0,0,0,0,0,0,0,0,0,0,0,0,0,0,0,0,0,0,0,0,0,0,0,0,0,0,0,146,0,314,0,9,0,0,0,0,0,0,0,0,0,0,0,0,0,0,0,0,0,31,0,184,89,498,0,18,0,274,0,83,0,94,0,46,0,0,0,0,0,0,0,0,0,0,0,0,0,0,0,0,0,0,0,0,0,12,0,0,0,0,60,0,0,0,434,123,131,0,6,1,0
132,0,374,0,702,0,49,0,0,0,260,0,0,219,42,0,0,0,51,393,71,61,0,0,0,0,110,664,0,0,0,0,0,0,158,0,25,0,0,0,204,154,166,0,68,65,82,411,30,0,471,0,0,0,0,0,0,0,0,0,0,0,0,0,0,0,0,0,0,0,0,0,0,0,0,0,0,0,0,0,0,0,0,0,0,0,0,0,0,0,0,0,0,0,0,0,0,0,0,0,0,0,0,0,0,0,0,0,0,0,0,0,0,0,0,0,0,0,0,0,0,0,0,0,0,0,0,0,0,0,0,0,0,0,0,0,0,0,0,0,0,0,0,0,0,0,12,0,0,0,0,0,0,0,0,0,0,0,0,0,0,0,0,0,94,0,0,0,0,0,0,0,0,0,0,0,335,117,221,0,0,0,18,0,26,0,240,0,0,0,0,0,0,0,0,0,0,0,0,0,0,0,0,0,0,0,0,0,0,0,62,150,354,0,0,0,0,0,0,0,0,0,0,0,0
0,79,0,2,151,247,0,0,0,0,0,319,219,0,184,0,0,0,604,58,90,71,0,0,0,0,161,146,0,0,0,21,0,0,0,160,0,77,0,2,0,237,0,176,0,74,0,208,0,26,0,221,0,0,0,2,0,1,0,0,0,0,0,0,0,3,0,0,0,0,0,0,0,0,0,0,0,0,0,0,0,0,0,0,0,0,0,0,0,0,0,0,0,0,0,0,0,0,0,0,0,0,0,0,0,0,0,0,0,0,0,0,0,0,0,0,0,0,0,0,0,0,0,0,0,0,0,0,0,0,0,0,0,0,0,0,0,0,0,0,0,0,0,0,0,0,0,0,0,0,0,0,0,0,0,0,0,0,0,0,0,0,0,0,0,10,0,13,0,49,0,0,0,0,0,0,56,654,0,51,0,80,0,52,0,0,11,50,0,0,0,0,0,0,0,0,0,0,0,0,0,0,0,0,0,0,0,0,0,0,0,0,0,0,0,0,0,0,122,100,286,39,0,0,0
8,0,241,0,281,762,6,0,15,0,28,163,42,184,0,375,105,3,187,731,214,229,213,57,57,0,118,101,25,0,347,0,273,0,85,29,123,15,10,0,0,0,0,0,36,12,0,0,0,0,41,0,0,0,21,0,0,0,0,0,0,0,8,0,0,0,0,0,0,0,0,0,0,0,0,0,0,0,0,0,0,0,0,0,0,0,0,0,0,0,0,0,0,0,0,0,0,0,0,0,0,0,0,0,0,0,0,0,0,0,0,0,0,0,0,0,0,0,0,0,0,0,0,0,82,0,119,0,0,0,0,0,0,0,207,0,0,0,0,0,0,0,0,0,0,0,75,0,139,0,144,0,131,0,26,0,4,0,0,0,0,0,11,0,13,0,180,0,165,0,0,0,73,0,0,0,209,135,29,0,0,0,10,0,99,0,0,29,0,0,0,0,0,0,0,0,4,0,0,0,0,0,0,0,0,0,0,0,120,0,251,98,284,21,71,0,0,0,0,0,0,0,0,0,0
124,52,258,400,270,244,0,19,0,0,102,17,0,0,375,0,63,53,18,279,94,203,236,320,86,53,0,39,0,125,23,72,0,134,5,0,0,30,0,106,0,0,0,4,0,0,0,0,0,0,0,0,0,0,0,88,0,0,0,0,0,32,5,14,0,22,0,8,0,0,0,0,0,0,0,0,0,0,0,0,0,10,0,0,0,22,0,0,0,0,0,0,0,0,0,0,0,0,0,0,0,0,0,0,0,0,0,0,0,0,0,0,0,0,0,0,0,0,0,0,0,0,0,0,0,52,0,175,0,0,2,61,0,0,0,141,0,334,0,0,0,0,0,121,0,10,0,23,0,33,0,0,0,0,0,0,0,0,0,0,0,10,0,0,0,7,0,37,0,0,0,22,0,64,0,0,52,85,19,45,0,0,10,0,0,0,0,0,0,0,0,0,0,0,0,0,0,0,0,0,0,0,0,0,0,0,0,67,0,289,0,0,0,0,53,0,0,0,253,52,159,0,0,0,0
112,94,199,78,34,36,11,8,0,0,16,34,0,0,105,63,0,23,81,0,446,0,123,46,180,46,43,0,248,3,80,0,22,0,25,0,6,0,239,0,0,0,29,0,0,0,0,0,3,0,8,0,139,0,61,0,30,0,0,0,13,0,190,3,0,0,0,0,0,0,0,0,0,0,0,0,0,0,0,0,8,0,0,0,291,0,0,0,0,0,0,0,0,0,0,0,157,0,67,0,0,0,0,0,67,0,0,0,0,0,0,0,0,0,0,0,0,0,0,0,32,0,62,0,0,0,0,0,0,0,0,0,164,0,195,0,479,0,72,0,78,1,683,0,0,0,0,0,0,0,0,0,9,0,58,0,0,0,39,0,0,0,0,0,0,0,0,0,0,0,0,0,63,0,5,0,47,19,0,0,0,0,27,0,0,0,0,0,0,0,0,0,0,0,0,0,0,0,0,0,0,0,0,0,0,0,0,0,0,0,140,80,61,19,39,0,0,0,0,0,0,0,0,0,0
76,104,65,116,0,29,50,196,40,5,0,61,0,0,3,53,23,0,0,0,0,112,21,90,129,42,0,0,0,136,0,17,0,48,0,5,0,9,2,225,0,0,0,0,0,0,0,0,0,0,0,0,9,56,10,169,0,135,0,21,6,101,12,541,0,0,0,0,0,0,0,0,0,0,0,0,0,0,0,0,0,11,0,0,0,0,0,0,0,0,0,0,0,0,0,0,0,0,0,0,0,0,0,0,0,0,0,0,0,0,0,0,0,0,0,0,0,0,0,0,0,0,0,2,0,0,0,207,0,405,0,0,0,98,0,258,0,744,0,248,0,63,0,209,0,0,0,0,0,0,0,0,0,0,0,48,0,0,0,37,0,0,0,0,0,0,0,8,0,9,0,12,0,70,0,0,10,14,0,70,0,0,7,19,0,0,0,0,0,0,0,0,0,0,0,0,0,0,0,0,0,0,0,0,0,0,0,0,0,359,0,0,0,0,44,0,0,0,65,101,103,25,0,0,0
22,0,53,0,63,176,7,0,28,0,19,0,51,604,187,18,81,0,0,850,184,151,135,0,65,0,108,656,0,0,25,0,15,0,176,0,50,24,0,0,5,85,44,0,25,0,0,131,6,0,310,0,0,0,12,0,0,0,0,0,0,0,0,0,0,0,0,0,0,0,0,0,0,0,0,0,0,0,0,0,0,0,0,0,73,0,0,0,0,0,0,0,0,0,0,0,0,0,0,0,0,0,0,0,0,0,0,0,0,0,0,0,0,0,0,0,0,0,0,0,0,0,0,0,0,0,0,0,0,0,0,0,0,0,0,0,0,0,0,0,0,0,0,0,0,0,0,0,0,0,0,0,52,0,0,0,0,0,0,0,0,0,0,0,106,0,45,0,147,0,0,0,24,0,0,0,177,63,63,0,0,0,26,0,54,0,0,28,7,0,0,0,0,0,0,0,5,0,0,0,0,0,0,0,0,0,0,0,0,0,91,107,361,0,0,0,0,0,0,0,0,0,0,0,0
1,91,0,113,510,343,0,33,0,12,74,35,393,58,731,279,0,0,850,0,218,292,0,131,2,0,113,298,0,18,0,317,0,158,0,208,0,269,0,0,0,1,0,25,15,19,0,17,2,9,0,85,0,0,0,0,0,0,0,0,0,0,0,16,0,30,0,0,0,0,0,0,0,0,0,0,0,0,0,0,0,0,0,0,0,0,0,0,0,0,0,0,0,0,0,0,0,0,0,0,0,0,0,0,0,0,0,0,0,0,0,0,0,0,0,0,0,0,0,0,0,0,0,0,0,0,0,0,0,0,0,0,0,0,0,0,0,0,0,0,0,0,0,0,0,0,0,0,0,22,0,0,0,0,0,0,0,0,0,0,0,0,0,0,0,3,0,95,0,0,0,14,0,0,0,0,96,216,34,14,0,0,0,0,0,0,0,66,0,0,0,0,0,0,0,0,0,0,0,0,0,0,0,0,0,0,0,0,0,0,0,0,0,0,0,0,0,0,271,145,260,17,0,2,0
20,0,88,0,239,185,2,0,0,0,88,32,71,90,214,94,446,0,184,218,0,94,131,10,57,0,118,62,69,0,103,0,68,0,133,0,54,0,8,0,2,0,38,0,96,0,1,0,0,0,167,0,30,0,0,0,0,0,0,0,0,0,168,0,0,0,0,0,0,0,127,0,0,0,85,0,0,0,0,0,0,0,0,0,636,0,157,0,0,0,153,0,0,0,0,0,506,0,455,0,0,0,0,0,0,0,0,0,0,0,0,0,0,0,0,0,0,0,0,0,208,0,215,0,0,0,0,0,0,0,0,0,0,0,0,0,230,0,0,0,115,0,809,0,117,0,0,0,0,0,0,0,0,0,19,0,7,0,0,0,0,0,0,0,61,0,170,0,250,0,34,0,120,0,0,0,38,0,80,0,0,0,0,0,0,0,11,0,9,0,0,0,0,0,0,0,0,0,0,0,0,0,0,0,0,0,0,0,0,0,336,124,383,29,100,0,0,0,0,0,0,0,0,0,0
0,15,12,0,118,153,0,12,0,4,25,31,61,71,229,203,0,112,151,292,94,0,2,172,0,61,15,215,0,82,0,22,7,31,0,28,5,38,0,26,0,4,0,37,0,27,0,0,0,7,0,27,0,6,0,28,0,0,0,0,0,13,0,70,0,0,0,0,0,0,0,1,0,0,0,0,0,0,0,0,0,0,0,0,0,60,0,0,0,0,0,0,0,0,0,0,0,0,0,0,0,0,0,0,0,0,0,0,0,0,0,0,0,0,0,0,0,0,0,0,0,0,0,0,0,0,0,0,0,0,0,0,0,0,0,0,0,496,0,251,0,484,0,661,0,36,0,0,0,0,0,0,0,0,0,12,0,0,0,0,0,0,0,0,0,0,0,94,0,60,0,0,0,61,0,0,4,40,11,41,0,0,0,0,0,0,0,103,0,2,0,0,0,0,0,0,0,0,0,0,0,0,0,0,0,0,0,0,0,0,0,0,0,0,144,0,0,0,504,238,379,32,0,0,0
45,87,518,102,116,219,26,0,2,0,23,102,0,0,213,236,123,21,135,0,131,2,0,97,184,0,98,0,62,9,58,0,55,0,0,0,4,0,38,0,0,0,1,0,85,0,0,0,0,0,0,0,31,0,125,0,0,0,0,0,0,0,21,0,5,0,0,0,0,0,0,0,0,0,0,0,0,0,0,0,0,0,0,0,99,0,0,0,0,0,0,0,0,0,0,0,0,0,0,0,0,0,0,0,0,0,52,0,0,0,0,0,0,0,0,0,0,0,0,0,0,0,0,0,98,0,87,0,0,0,0,0,97,0,359,0,285,0,0,0,0,0,264,0,2,0,34,0,44,0,101,0,62,0,25,0,0,0,0,0,0,0,0,0,0,0,6,0,0,0,0,0,21,0,0,0,105,38,0,0,0,0,16,0,19,0,0,0,0,0,0,0,0,0,0,0,0,0,0,0,32,0,0,0,0,0,0,0,145,0,135,44,48,0,0,0,0,0,0,2,0,0,0,0,0
120,86,131,236,46,125,26,20,10,0,20,81,0,0,57,320,46,90,0,131,10,172,97,0,129,96,0,33,0,69,0,18,4,24,0,11,0,13,0,57,0,0,0,0,0,10,0,0,0,6,0,0,0,0,0,134,0,0,0,0,0,34,6,87,0,10,0,0,0,0,0,0,0,0,0,0,0,0,0,0,0,0,0,0,0,50,0,0,0,0,0,0,0,0,0,0,0,0,0,0,0,0,0,0,0,0,0,0,0,0,0,0,0,0,0,0,0,0,0,0,0,12,0,0,0,0,0,148,0,160,0,0,0,0,0,273,0,602,0,79,0,46,1,263,0,0,0,0,0,0,0,0,0,0,0,0,0,0,0,0,0,0,0,0,0,0,0,5,0,0,0,10,0,33,0,1,12,29,0,132,1,0,4,0,0,0,0,0,0,0,0,0,0,0,0,0,0,0,0,0,0,0,0,0,0,0,0,0,0,295,0,0,0,0,53,0,0,0,352,128,127,0,0,0,0
65,504,317,168,0,0,400,129,89,68,0,40,0,0,57,86,180,129,65,2,57,0,184,129,0,277,63,0,54,0,0,0,0,0,0,0,0,0,25,6,0,0,0,0,0,0,0,0,9,0,0,0,97,6,180,19,56,0,9,0,7,0,15,40,0,0,0,0,0,0,0,0,0,0,0,0,0,0,0,0,0,0,0,0,34,0,0,0,0,0,3,0,0,0,0,0,0,0,0,0,0,0,0,0,0,0,0,0,0,0,0,0,0,0,0,0,0,0,0,0,1,0,0,0,113,0,60,0,129,0,21,1,180,0,315,0,343,0,0,0,0,0,263,0,0,0,18,0,0,0,0,0,11,0,28,0,0,0,12,0,0,0,0,0,0,0,0,0,0,0,38,0,27,0,0,0,115,54,0,0,0,0,14,0,0,0,0,0,0,0,0,0,0,0,0,0,0,0,0,0,0,0,0,0,0,0,0,0,138,0,80,19,54,0,70,0,0,0,0,0,0,0,0,0,0
123,63,0,54,0,11,185,148,228,41,0,0,0,0,0,53,46,42,0,0,0,61,0,96,277,0,0,0,0,33,0,0,0,0,0,0,0,0,5,30,0,0,0,0,0,0,0,0,0,0,0,0,33,19,63,246,0,41,7,25,0,94,42,155,0,12,0,0,0,0,0,0,0,0,0,0,0,0,0,0,0,0,0,0,0,9,0,0,0,0,0,1,0,0,0,0,0,0,0,0,0,0,0,0,0,0,0,0,0,0,0,0,0,0,0,0,0,0,0,0,0,2,0,0,0,42,0,170,0,74,0,74,0,22,0,71,0,163,0,9,0,0,0,27,0,0,0,29,0,0,0,0,0,0,0,3,0,5,0,0,0,5,0,0,0,3,0,0,0,7,0,17,6,47,0,0,29,78,0,3,0,0,9,13,0,0,0,0,0,0,0,0,0,0,0,0,0,0,0,0,0,0,0,0,0,0,0,0,0,247,0,1,0,0,130,0,0,0,210,46,78,126,0,0,0
32,0,87,0,205,34,0,0,30,1,33,0,110,161,118,0,43,0,108,113,118,15,98,0,63,0,0,371,5,0,14,0,0,0,20,0,25,0,0,0,20,166,229,0,100,56,57,375,33,18,227,8,0,0,0,0,0,0,0,0,0,0,0,0,0,0,0,0,0,0,0,0,0,0,0,0,0,0,0,0,0,0,0,0,0,0,0,0,0,0,0,0,0,0,0,0,0,0,0,0,0,0,0,0,0,0,0,0,0,0,0,0,0,0,0,0,0,0,0,0,0,0,0,0,0,0,0,0,0,0,0,0,0,0,53,0,0,0,0,0,0,0,0,0,0,0,0,0,0,0,0,0,48,0,0,0,0,0,0,0,0,0,0,0,87,0,19,0,0,0,0,0,0,0,0,0,35,50,30,0,0,0,25,0,45,0,109,0,0,0,0,0,0,0,0,0,0,0,0,0,0,0,0,0,0,0,0,0,0,0,0,283,287,5,0,0,0,0,0,0,0,0,0,0,0
0,90,0,0,116,375,0,0,0,13,0,85,664,146,101,39,0,0,656,298,62,215,0,33,0,0,371,0,0,0,0,0,0,10,0,76,0,48,0,11,0,15,43,182,36,311,7,87,0,29,42,387,0,0,0,0,0,0,0,0,0,7,0,0,0,11,0,0,0,0,0,0,0,0,0,0,0,0,0,0,0,0,0,0,0,0,0,0,0,0,0,0,0,0,0,0,0,0,0,0,0,0,0,0,0,0,0,5,0,0,0,0,0,0,0,0,0,0,0,0,0,0,0,0,0,0,0,0,0,0,0,0,0,0,0,0,0,0,0,0,0,217,0,0,0,36,0,0,0,0,0,0,0,0,0,0,0,0,0,0,0,0,0,0,0,78,0,34,0,102,0,0,0,0,0,0,45,206,8,0,0,17,0,0,0,0,48,28,0,0,0,0,0,0,0,0,0,0,0,0,0,0,0,0,0,0,0,0,0,0,0,0,0,0,61,0,0,0,193,251,513,55,0,0,0
48,0,370,0,0,0,0,0,4,0,0,0,0,0,25,0,248,0,0,0,69,0,62,0,54,0,5,0,0,0,53,0,8,0,32,0,41,0,32,0,0,0,84,0,0,0,0,0,0,0,23,0,14,0,5,0,0,0,0,0,10,0,100,0,0,0,0,0,0,0,16,0,0,0,0,0,0,0,0,0,0,0,0,0,161,0,0,0,0,0,35,0,0,0,0,0,0,0,0,0,0,0,0,0,0,0,0,0,0,0,0,0,0,0,0,0,0,0,0,0,0,0,78,0,0,0,0,0,0,0,0,0,0,0,0,0,143,0,108,0,169,0,338,0,51,0,0,0,0,0,0,0,0,0,24,0,22,0,17,0,5,0,0,0,0,0,0,0,0,0,0,0,0,0,0,0,0,0,0,0,0,0,4,0,0,0,0,0,0,0,0,0,0,0,0,0,0,0,0,0,0,0,0,0,0,0,0,0,0,0,55,0,0,0,0,0,0,0,0,0,0,0,0,0,0
6,0,0,94,0,163,0,0,0,0,0,68,0,0,0,125,3,136,0,18,0,82,9,69,0,33,0,0,0,0,0,54,1,62,0,36,0,6,0,28,0,0,0,0,0,0,0,0,0,0,0,4,0,22,0,25,0,19,0,0,0,9,0,193,0,6,0,1,0,0,0,0,0,0,0,0,0,0,0,0,0,0,0,0,0,0,0,0,0,0,0,0,0,0,0,0,0,0,0,0,0,0,0,0,0,0,0,0,0,0,0,0,0,0,0,0,0,0,0,0,0,0,0,0,0,0,0,0,0,161,0,0,0,0,0,154,0,445,0,201,0,210,0,337,0,9,0,0,0,0,0,0,0,0,0,17,0,0,0,0,0,0,0,0,0,0,0,0,0,0,0,0,0,0,0,0,0,0,0,60,0,0,0,4,0,0,0,0,0,0,0,0,0,0,0,0,0,0,0,0,0,0,0,0,0,0,0,0,0,118,0,0,0,0,15,0,0,0,59,19,23,0,0,0,0
0,0,154,0,375,0,0,0,0,0,96,0,0,0,347,23,80,0,25,0,103,0,58,0,0,0,14,0,53,0,0,0,7,0,90,0,81,0,3,0,0,0,78,0,14,0,0,0,0,0,43,0,6,0,1,0,0,0,0,0,0,0,41,0,0,0,0,0,0,0,30,0,0,0,0,0,0,0,0,0,11,0,0,0,137,0,0,0,0,0,0,0,0,0,0,0,50,0,0,0,0,0,0,0,0,0,0,0,0,0,0,0,0,0,0,0,0,0,0,0,45,0,0,0,0,0,0,0,0,0,0,0,0,0,0,0,0,0,0,0,0,0,209,0,42,0,0,0,0,0,0,0,0,0,7,0,2,0,0,0,0,0,0,0,7,0,39,0,22,0,0,0,19,0,0,0,47,0,60,0,0,0,0,0,0,0,0,0,0,0,0,0,0,0,0,0,0,0,0,0,0,0,0,0,0,0,0,0,0,0,52,21,45,7,8,0,0,0,0,0,0,0,0,0,0
0,0,0,9,0,221,1,0,0,6,0,71,0,21,0,72,0,17,0,317,0,22,0,18,0,0,0,0,0,54,0,0,0,8,0,6,0,22,0,43,0,0,0,5,0,0,0,0,0,0,0,8,0,0,0,0,0,0,0,0,0,12,0,33,0,0,0,0,0,0,0,0,0,0,0,0,0,0,0,0,0,0,0,0,0,11,0,0,0,0,0,0,0,0,0,0,0,0,0,0,0,0,0,0,0,0,0,0,0,0,0,0,0,0,0,0,0,0,0,0,0,0,0,0,0,0,0,0,0,0,0,0,0,0,0,0,0,0,0,78,0,120,0,125,0,0,0,0,0,0,0,0,0,0,0,8,0,0,0,0,0,0,0,0,0,0,0,52,0,0,0,0,0,14,0,0,0,25,0,43,0,0,0,0,0,0,0,38,0,0,0,0,0,0,0,0,0,0,0,0,0,0,0,0,0,0,0,0,0,0,0,0,0,0,24,0,0,0,99,37,109,14,0,0,0
47,0,283,0,708,0,0,1,0,0,265,0,0,0,273,0,22,0,15,0,68,7,55,4,0,0,0,0,8,1,7,0,0,0,32,0,256,0,0,0,0,0,52,0,38,0,0,0,2,0,39,0,0,0,0,0,0,0,0,0,8,0,13,0,0,0,0,0,0,0,0,0,0,0,0,0,0,0,0,0,0,0,0,0,0,0,0,0,0,0,0,0,0,0,0,0,23,0,0,0,0,0,0,0,0,0,0,0,0,0,0,0,0,0,0,0,0,0,0,0,7,0,0,0,0,0,0,0,0,0,0,0,0,0,0,0,0,0,29,0,0,0,0,0,0,0,0,0,0,0,0,0,0,0,12,0,12,0,0,0,0,0,0,0,0,0,33,0,0,0,0,0,21,0,0,0,68,0,62,0,0,0,0,0,0,0,0,0,0,0,0,0,0,0,0,0,0,0,0,0,0,0,0,0,0,0,0,0,0,0,36,10,58,0,22,0,0,0,0,0,0,0,0,0,0
0,44,0,0,0,472,0,0,0,6,0,263,0,0,0,134,0,48,0,158,0,31,0,24,0,0,0,10,0,62,0,8,0,0,0,116,0,280,0,28,0,0,0,6,0,0,0,0,0,0,0,28,0,0,0,6,0,0,0,0,0,22,0,24,0,0,0,0,0,0,0,0,0,0,0,0,0,0,0,0,0,0,0,0,0,0,0,0,0,0,0,0,0,0,0,0,0,0,0,0,0,0,0,0,0,0,0,0,0,0,0,0,0,0,0,0,0,0,0,0,0,0,0,0,0,0,0,0,0,0,0,0,0,0,0,0,0,0,0,118,0,156,0,117,0,36,0,0,0,0,0,0,0,0,0,13,0,27,0,18,0,0,0,0,0,0,0,49,0,0,0,9,0,22,0,0,0,54,0,270,0,0,0,0,0,0,0,34,0,0,0,0,0,0,0,0,0,0,0,0,0,0,0,0,0,0,0,0,0,0,0,0,0,0,0,0,0,0,0,0,44,0,0,0,0
0,0,12,0,215,0,0,0,0,0,22,0,158,0,85,5,25,0,176,0,133,0,0,0,0,0,20,0,32,0,90,0,32,0,0,0,252,0,5,0,0,0,27,0,0,0,0,0,0,0,85,0,0,0,0,0,0,0,0,0,0,0,13,0,0,0,0,0,0,0,0,0,0,0,0,0,0,0,0,0,0,0,0,0,0,0,0,0,0,0,0,0,0,0,0,0,0,0,0,0,0,0,0,0,0,0,0,0,0,0,0,0,0,0,0,0,0,0,0,0,0,0,0,0,0,0,0,0,0,0,0,0,0,0,0,0,0,0,0,0,0,0,0,0,0,0,0,0,0,0,0,0,0,0,0,0,0,0,0,0,0,0,0,0,19,0,45,0,37,0,3,0,9,0,0,0,26,0,262,0,0,0,4,0,0,0,0,4,0,0,0,0,0,0,0,0,0,0,0,0,0,0,0,0,0,0,0,0,0,0,0,16,45,0,0,0,0,2,0,0,0,0,0,0,0
0,8,0,0,0,209,0,0,0,0,0,0,0,160,29,0,0,5,0,208,0,28,0,11,0,0,0,76,0,36,0,6,0,116,0,0,0,260,0,49,0,0,0,24,0,21,0,3,0,2,0,46,0,0,0,5,0,0,0,0,0,12,0,0,0,5,0,0,0,0,0,0,0,0,0,0,0,0,0,0,0,0,0,0,0,0,0,0,0,0,0,0,0,0,0,0,0,0,0,0,0,0,0,0,0,0,0,0,0,0,0,0,0,0,0,0,0,0,0,0,0,0,0,0,0,0,0,0,0,0,0,0,0,0,0,0,0,0,0,0,0,147,0,100,0,0,0,0,0,0,0,0,0,0,0,0,0,21,0,0,0,0,0,2,0,0,0,62,0,0,0,0,0,0,0,0,0,35,0,16,0,0,0,0,0,0,0,133,0,0,0,0,0,0,0,0,0,0,0,0,0,0,0,0,0,0,0,0,0,0,0,0,0,0,0,0,0,0,0,50,181,0,0,0,0
78,0,73,0,300,16,0,0,0,0,122,0,25,0,123,0,6,0,50,0,54,5,4,0,0,0,25,0,41,0,81,0,256,0,252,0,0,0,108,0,2,0,123,0,132,0,3,0,6,0,127,0,0,0,0,0,0,0,7,0,60,0,39,0,0,0,0,0,5,0,61,0,0,0,44,0,0,0,0,0,22,0,0,0,135,0,34,0,0,0,0,0,0,0,0,0,130,0,134,0,0,0,0,0,0,0,0,0,0,0,0,0,0,0,0,0,0,0,0,0,0,0,63,0,0,0,0,0,0,0,0,0,0,0,0,0,0,0,175,0,204,0,196,0,170,0,0,0,0,0,0,0,0,0,14,0,92,0,0,0,0,0,18,0,25,0,55,0,53,0,55,0,76,0,0,0,17,0,81,0,0,0,7,0,0,0,1,0,0,0,0,0,0,0,0,0,0,0,0,0,0,0,0,0,0,0,0,0,0,0,13,17,52,0,0,0,0,0,0,0,0,0,0,0,0
0,60,0,56,0,260,0,0,0,0,0,120,0,77,15,30,0,9,24,269,0,38,0,13,0,0,0,48,0,6,0,22,0,280,0,260,0,0,0,20,0,2,0,43,0,20,0,0,0,3,0,97,0,2,0,2,0,0,0,0,0,53,0,7,0,0,0,0,0,0,0,0,0,0,0,0,0,0,0,0,0,0,0,0,0,0,0,0,0,0,0,0,0,0,0,0,0,0,0,0,0,0,0,0,0,0,0,0,0,0,0,0,0,0,0,0,0,0,0,0,0,0,0,2,0,0,0,0,0,0,0,0,0,0,0,0,0,47,0,114,0,312,0,163,0,99,0,0,0,0,0,0,0,0,0,0,0,89,0,7,0,0,0,0,0,0,0,86,0,85,0,34,0,99,0,0,0,38,0,86,0,0,0,0,0,0,0,106,0,0,0,0,0,0,0,0,0,0,0,0,0,0,0,0,0,0,0,0,0,0,0,0,0,0,0,0,0,0,0,125,116,7,0,0,0
750,0,986,9,328,0,57,0,15,0,89,0,0,0,10,0,239,2,0,0,8,0,38,0,25,5,0,0,32,0,3,0,0,0,5,0,108,0,0,0,0,0,12,0,5,0,0,0,0,0,8,0,0,0,0,0,0,0,0,0,34,0,59,0,0,0,0,0,0,0,0,0,0,0,6,0,0,0,0,0,0,0,0,0,45,0,0,0,0,0,0,0,0,0,0,0,0,0,0,0,0,0,0,0,0,0,32,0,0,0,0,0,0,0,0,0,0,0,0,0,0,0,0,0,0,0,0,0,0,0,0,0,0,0,0,0,0,0,67,0,56,0,0,0,30,0,0,0,0,0,0,0,0,0,12,0,74,0,13,0,8,0,0,0,0,0,32,0,0,0,7,0,135,0,0,0,21,0,0,0,0,0,40,0,0,0,0,0,0,0,0,0,0,0,0,0,0,0,0,0,0,0,0,0,0,0,0,0,0,0,146,132,33,0,0,0,0,0,0,0,0,0,0,0,0
0,215,6,347,0,207,0,53,0,7,0,170,0,2,0,106,0,225,0,0,0,26,0,57,6,30,0,11,0,28,0,43,0,28,0,49,0,20,0,0,0,0,0,0,0,0,0,0,0,0,0,13,0,20,0,6,0,0,1,0,0,0,0,57,0,0,0,0,0,0,0,0,0,0,0,0,0,1,0,0,0,0,0,0,0,4,0,0,0,0,0,0,0,0,0,0,0,0,0,0,0,0,0,0,0,0,0,0,0,0,0,0,0,0,0,0,0,0,0,0,0,0,0,0,0,0,0,0,0,0,0,0,0,0,0,0,0,0,0,152,0,96,0,0,0,69,0,0,0,0,0,0,0,0,0,45,0,69,0,32,0,0,0,0,0,0,0,5,0,0,0,4,0,16,0,0,0,22,0,120,0,2,0,0,0,4,0,0,0,0,0,0,0,0,0,0,0,0,0,0,0,0,0,0,0,0,0,0,0,0,0,0,0,0,0,0,0,0,0,64,0,0,0,0,0
0,0,30,0,70,0,0,0,0,0,20,0,204,0,0,0,0,0,5,0,2,0,0,0,0,0,20,0,0,0,0,0,0,0,0,0,2,0,0,0,0,81,70,0,46,47,98,252,162,41,15,0,0,0,0,0,0,0,0,0,0,0,0,0,0,0,0,0,0,0,0,0,0,0,0,0,0,0,0,0,0,0,0,0,0,0,0,0,0,0,0,0,0,0,0,0,0,0,0,0,0,0,0,0,0,0,0,0,0,0,0,0,0,0,0,0,0,0,0,0,0,0,0,0,0,0,0,0,0,0,0,0,0,0,0,0,0,0,0,0,0,0,0,0,0,0,0,0,0,0,0,0,0,0,1,0,0,0,0,0,0,0,0,0,17,0,2,0,0,0,0,0,0,0,0,0,78,63,100,0,44,0,21,0,0,0,269,0,0,0,0,0,0,0,0,0,0,0,0,0,0,0,0,0,0,0,0,0,0,0,0,176,37,0,0,0,0,11,0,0,0,0,0,0,0
0,17,0,0,0,68,0,0,0,0,0,58,154,237,0,0,0,0,85,1,0,4,0,0,0,0,166,15,0,0,0,0,0,0,0,0,0,2,0,0,81,0,0,122,20,22,22,154,0,198,0,54,0,0,0,0,0,0,0,0,0,0,0,0,0,0,0,0,0,0,0,0,0,0,0,0,0,0,0,0,0,0,0,0,0,0,0,0,0,0,0,0,0,4,0,0,0,0,0,0,0,0,0,0,0,0,0,0,0,0,0,0,0,0,0,0,0,0,0,0,0,0,0,0,0,0,0,0,0,0,0,0,0,0,0,0,0,0,0,0,0,0,0,0,0,0,0,0,0,0,0,0,0,0,0,0,0,0,0,0,0,0,0,0,0,0,0,0,0,4,0,0,0,0,0,0,2,376,0,21,0,17,0,0,0,13,76,21,0,0,0,0,0,0,0,0,0,0,0,0,0,0,0,0,0,0,0,0,0,0,0,0,0,0,0,0,0,0,0,56,29,0,0,0,53
0,0,0,0,0,0,0,0,1,0,0,0,166,0,0,0,29,0,44,0,38,0,1,0,0,0,229,43,84,0,78,0,52,0,27,0,123,0,12,0,70,0,0,0,184,14,19,56,29,7,93,0,0,0,0,0,0,0,0,0,0,0,41,0,0,0,0,0,0,0,0,0,0,0,0,0,0,0,0,0,0,0,0,0,0,0,0,0,0,0,0,0,0,0,29,0,0,0,0,0,0,0,0,0,0,0,0,0,0,0,0,0,0,0,0,0,0,0,0,0,0,0,0,0,0,0,0,0,0,0,0,0,0,0,0,0,0,0,0,0,223,0,0,0,119,0,0,0,0,0,0,0,0,0,0,0,0,0,0,0,0,0,0,0,42,0,5,0,19,0,0,0,24,0,0,0,0,0,13,0,0,0,0,0,0,0,168,0,0,0,0,0,0,0,0,0,0,0,0,0,0,0,0,0,0,0,0,0,0,0,11,21,47,0,0,0,0,6,0,0,0,0,0,0,0
0,0,0,0,0,0,0,0,0,0,0,0,0,176,0,4,0,0,0,25,0,37,0,0,0,0,0,182,0,0,0,5,0,6,0,24,0,43,0,0,0,122,0,0,0,96,0,34,0,11,0,65,0,0,0,0,0,0,0,0,0,0,0,0,0,0,0,0,0,0,0,0,0,0,0,0,0,0,0,0,0,0,0,0,0,0,0,0,0,0,0,0,0,0,0,0,0,0,0,0,0,0,0,1,0,0,0,0,0,0,0,0,0,0,0,0,0,0,0,0,0,0,0,0,0,0,0,0,0,0,0,0,0,0,0,0,0,0,0,0,0,72,0,0,0,0,0,0,0,0,0,0,0,0,0,0,0,0,0,0,0,0,0,0,0,19,0,23,0,32,0,4,0,11,0,1,0,14,0,0,0,0,0,0,0,0,0,71,0,0,0,0,0,0,0,0,0,0,0,0,0,0,0,0,0,0,0,0,0,0,0,0,0,0,16,0,0,0,0,42,142,0,0,0,0
13,0,0,0,19,0,0,0,0,0,25,0,68,0,36,0,0,0,25,15,96,0,85,0,0,0,100,36,0,0,14,0,38,0,0,0,132,0,5,0,46,20,184,0,0,12,161,76,223,10,128,0,0,0,0,0,0,0,0,0,0,0,0,0,0,0,0,0,0,0,104,0,0,0,0,0,0,0,0,0,0,0,40,0,304,0,0,0,0,0,0,0,53,0,0,0,268,0,0,0,0,0,4,0,0,0,0,0,0,0,0,0,0,0,0,0,0,0,0,0,0,0,0,0,0,0,0,0,0,0,0,0,0,0,0,0,0,0,0,0,0,0,0,0,0,0,0,0,0,0,0,0,0,0,0,0,0,0,0,0,0,0,0,0,223,0,61,0,99,0,0,0,59,0,0,0,41,24,77,0,26,0,28,0,22,0,221,0,0,0,0,0,0,0,0,0,0,0,0,0,0,0,0,0,0,0,0,0,0,0,40,152,272,10,26,2,0,49,0,0,0,0,0,0,0
0,56,0,0,0,127,0,0,0,0,0,71,65,74,12,0,0,0,0,19,0,27,0,10,0,0,56,311,0,0,0,0,0,0,0,21,0,20,0,0,47,22,14,96,12,0,0,191,3,131,0,95,0,0,0,0,0,0,0,0,0,0,0,0,0,0,0,0,0,31,0,2,0,0,0,0,0,14,0,0,0,40,0,62,0,0,0,0,0,23,0,0,0,41,0,104,0,0,0,0,0,0,0,8,0,0,0,0,0,0,0,0,0,0,0,0,0,0,0,0,0,22,0,0,0,0,0,0,0,0,0,0,0,0,0,0,0,0,0,0,0,153,0,271,0,43,0,0,0,0,0,0,0,0,0,0,0,0,0,0,0,0,0,11,0,231,0,22,0,187,0,20,0,41,0,12,0,125,0,13,0,0,0,0,0,0,31,13,0,0,0,0,0,0,0,0,0,0,0,0,0,0,0,0,0,0,0,4,0,0,0,0,0,0,19,0,0,0,49,240,516,16,21,0,31
17,0,27,0,52,0,0,0,0,0,41,0,82,0,0,0,0,0,0,0,1,0,0,0,0,0,57,7,0,0,0,0,0,0,0,0,3,0,0,0,98,22,19,0,161,0,0,54,176,11,0,0,0,0,0,0,0,0,0,0,0,0,0,0,0,0,0,0,0,0,0,0,0,0,0,0,0,0,0,0,0,0,0,0,0,0,0,0,0,0,0,0,0,0,0,0,0,0,0,0,0,0,0,0,0,0,0,0,0,0,0,0,0,0,0,0,0,0,0,0,0,0,0,0,0,0,0,0,0,0,0,0,0,0,0,0,0,0,0,0,0,0,0,0,0,0,0,0,10,0,0,0,0,0,0,0,0,0,0,0,0,0,0,0,51,0,0,0,0,0,0,0,0,0,0,0,29,18,80,0,27,0,27,0,18,0,87,0,0,0,0,0,0,0,0,0,1,0,0,0,0,0,0,0,0,0,0,0,0,0,0,211,67,0,0,0,0,66,0,0,0,0,0,0,0
0,31,0,0,0,199,0,0,0,0,0,54,411,208,0,0,0,0,131,17,0,0,0,0,0,0,375,87,0,0,0,0,0,0,0,3,0,0,0,0,252,154,56,34,76,191,54,0,8,95,0,24,0,0,0,0,0,1,0,0,0,0,0,0,0,0,0,0,0,0,0,0,0,0,0,0,0,0,0,0,0,0,0,0,0,0,0,0,0,0,0,0,0,0,0,0,0,0,0,0,0,0,0,1,0,0,0,0,0,0,0,0,0,0,0,0,0,0,0,0,0,0,0,0,0,0,0,0,0,0,0,0,0,0,0,0,0,0,0,0,0,0,0,0,0,0,0,0,0,0,0,0,0,0,0,0,0,0,0,0,0,0,0,0,0,0,0,0,0,0,0,0,0,0,0,0,0,240,0,0,0,0,0,3,0,0,198,8,0,0,0,0,0,0,0,0,0,0,0,0,0,0,0,0,0,0,0,0,0,0,0,0,0,0,0,0,0,0,0,359,200,5,0,0,37
8,0,9,0,3,0,21,0,11,0,0,0,30,0,0,0,3,0,6,2,0,0,0,0,9,0,33,0,0,0,0,0,2,0,0,0,6,0,0,0,162,0,29,0,223,3,176,8,0,10,13,0,9,0,13,0,29,0,23,0,0,0,4,0,2,0,0,0,25,0,0,0,0,0,0,0,3,0,0,0,0,0,23,0,0,0,0,0,7,0,3,0,71,0,44,0,5,0,0,0,12,0,15,0,10,0,8,0,0,0,0,0,0,0,0,0,0,0,0,0,0,0,0,0,0,0,0,0,5,0,0,0,0,0,9,0,0,0,6,0,4,0,14,0,3,0,0,0,0,0,0,0,0,0,5,0,0,0,7,0,7,0,4,0,51,0,0,0,21,0,6,0,8,0,0,0,97,12,53,0,0,0,0,0,0,0,268,0,11,0,12,0,23,0,0,0,4,0,0,0,10,0,0,0,10,0,4,0,9,0,66,87,192,8,74,14,46,16,1,0,13,11,0,0,0
0,0,0,0,0,9,0,2,0,0,0,10,0,26,0,0,0,0,0,9,0,7,0,6,0,0,18,29,0,0,0,0,0,0,0,2,0,3,0,0,41,198,7,11,10,131,11,95,10,0,0,6,0,0,0,0,0,0,0,0,0,0,0,7,0,0,0,0,0,16,0,0,0,0,0,0,0,6,0,0,0,10,0,32,0,0,0,0,0,0,0,0,0,34,0,20,0,0,0,0,0,0,0,5,0,0,0,1,0,0,0,0,0,2,0,0,0,0,0,0,0,0,0,0,0,0,0,0,0,0,0,0,0,0,0,0,0,0,0,0,0,26,0,0,0,0,0,0,0,0,0,0,0,0,0,0,0,0,0,0,0,0,0,0,0,52,0,2,0,14,0,0,0,6,0,6,0,165,0,7,0,14,0,0,0,9,62,26,0,0,0,0,0,0,0,1,0,0,0,0,0,4,0,0,0,0,0,2,0,0,0,0,0,0,6,0,0,0,14,34,52,0,2,0,41
0,0,0,0,88,0,0,0,8,0,5,0,471,0,41,0,8,0,310,0,167,0,0,0,0,0,227,42,23,0,43,0,39,0,85,0,127,0,8,0,15,0,93,0,128,0,0,0,13,0,0,0,0,0,3,0,0,0,0,0,0,0,5,0,0,0,4,0,0,0,32,0,0,0,0,0,0,0,0,0,0,0,0,0,41,0,0,0,0,0,0,0,0,0,41,0,53,0,85,0,0,0,4,0,0,0,0,0,0,0,0,0,0,0,0,0,0,0,0,0,27,0,24,0,0,0,0,0,0,0,0,0,0,0,0,0,0,0,0,0,0,0,53,0,28,0,0,0,0,0,0,0,0,0,5,0,0,0,0,0,0,0,23,0,90,0,33,0,104,0,19,0,71,0,0,0,0,0,94,0,0,0,0,0,0,0,90,0,0,0,0,0,0,0,6,0,0,0,0,0,0,0,0,0,0,0,0,0,0,0,52,60,147,0,26,0,0,0,0,0,0,0,0,0,0
0,0,0,0,0,0,0,0,0,0,0,7,0,221,0,0,0,0,0,85,0,27,0,0,0,0,8,387,0,4,0,8,0,28,0,46,0,97,0,13,0,54,0,65,0,95,0,24,0,6,0,0,0,0,0,5,0,0,0,0,0,0,0,0,0,0,0,0,0,0,0,0,0,2,0,0,0,0,0,0,0,0,0,0,0,0,0,0,0,0,0,0,0,0,0,26,0,0,0,0,0,0,0,0,0,0,0,0,0,0,0,0,0,0,0,0,0,0,0,0,0,0,0,0,0,0,0,0,0,0,0,0,0,0,0,0,0,0,0,0,0,189,0,210,0,0,0,0,0,0,0,0,0,0,0,0,0,0,0,0,0,0,0,0,0,29,0,47,0,189,0,32,0,54,0,0,0,27,0,6,0,0,0,0,0,0,0,158,0,0,0,0,0,0,0,0,0,0,0,0,0,0,0,0,0,0,0,0,0,0,0,0,1,0,14,0,0,0,0,17,94,0,0,0,0
18,18,0,0,0,0,102,33,459,168,0,0,0,0,0,0,139,9,0,0,30,0,31,0,97,33,0,0,14,0,6,0,0,0,0,0,0,0,0,0,0,0,0,0,0,0,0,0,9,0,0,0,0,43,219,83,351,6,71,40,37,0,262,4,0,0,0,38,0,0,0,0,0,0,0,0,0,0,0,0,0,0,0,0,0,0,0,0,0,0,0,0,0,0,0,0,0,0,0,0,0,0,0,0,0,0,0,0,0,0,0,0,0,0,0,0,0,0,0,0,0,0,0,0,27,0,0,0,176,0,22,0,158,0,53,0,246,0,182,0,64,0,143,0,14,0,0,0,1,0,0,0,0,0,210,0,45,1,120,0,23,0,9,0,9,0,0,0,15,0,98,0,0,0,0,0,96,12,0,0,0,1,20,0,9,0,0,0,0,0,0,0,0,0,0,0,0,0,0,0,0,0,0,0,0,0,0,0,20,1,308,187,191,203,186,0,0,0,0,0,0,0,0,0,0
0,67,0,7,0,0,17,153,75,138,0,0,0,0,0,0,0,56,0,0,0,6,0,0,6,19,0,0,0,22,0,0,0,0,0,0,0,2,0,20,0,0,0,0,0,0,0,0,0,0,0,0,43,0,59,77,8,121,47,27,0,33,0,58,0,0,29,0,0,0,0,0,0,0,0,0,0,0,0,0,0,3,0,1,0,0,0,0,0,1,0,0,0,0,0,0,0,0,0,0,0,1,0,0,0,0,0,0,0,0,0,0,0,0,0,0,0,0,0,0,0,0,0,0,0,13,0,0,0,270,0,0,0,68,0,53,0,235,0,288,0,69,0,58,0,41,0,0,0,0,0,0,0,0,3,154,0,92,0,265,0,5,0,0,0,0,0,0,0,8,0,36,0,6,0,0,5,38,0,0,0,0,0,32,2,6,0,0,0,0,0,0,0,0,0,0,0,0,0,0,0,0,0,0,0,0,0,0,0,100,0,0,0,0,271,0,0,0,347,267,82,152,0,0,0
0,31,30,5,0,0,257,58,143,301,0,0,0,0,21,0,61,10,12,0,0,0,125,0,180,63,0,0,5,0,1,0,0,0,0,0,0,0,0,0,0,0,0,0,0,0,0,0,13,0,3,0,219,59,0,133,130,0,394,0,27,0,31,24,0,0,6,0,0,0,0,0,0,0,0,0,0,0,0,0,0,0,0,0,0,0,0,0,0,0,0,0,0,0,0,0,0,0,0,0,0,0,0,0,0,0,0,0,0,0,0,0,0,0,0,0,0,0,0,0,0,0,0,0,74,0,139,0,86,0,111,0,71,0,138,0,136,0,0,0,0,0,36,0,0,0,0,0,0,0,25,0,7,0,54,0,0,0,0,0,75,0,0,0,0,0,0,0,21,0,173,0,10,0,0,0,55,19,0,0,0,0,4,0,0,0,1,0,0,0,0,0,0,0,1,0,0,0,0,0,0,0,0,0,0,0,0,0,100,0,187,63,243,259,184,0,19,0,3,0,0,0,0,0,0
0,73,0,115,0,9,35,492,181,170,0,0,0,2,0,88,0,169,0,0,0,28,0,134,19,246,0,0,0,25,0,0,0,6,0,5,0,2,0,6,0,0,0,0,0,0,0,0,0,0,0,5,83,77,133,0,22,287,149,152,0,23,5,41,0,0,122,7,0,0,0,0,0,0,0,0,0,0,0,0,0,0,0,0,0,0,0,0,0,0,0,0,0,0,0,0,0,0,0,0,0,0,0,0,0,0,0,0,0,0,0,0,0,0,0,0,0,0,0,0,0,4,0,0,0,73,0,158,0,123,0,101,0,45,0,0,0,26,0,28,0,0,0,4,0,0,0,0,0,18,0,0,0,0,3,83,2,29,0,49,0,52,0,0,0,2,0,0,0,32,0,289,0,19,0,0,24,98,0,0,0,0,0,11,12,17,0,0,0,0,0,0,0,0,0,0,0,0,0,0,0,0,0,0,0,0,0,26,0,87,0,0,0,0,309,0,0,0,248,153,304,346,21,15,0
0,0,0,0,0,0,13,0,0,31,0,0,0,0,0,0,30,0,0,0,0,0,0,0,56,0,0,0,0,0,0,0,0,0,0,0,0,0,0,0,0,0,0,0,0,0,0,0,29,0,0,0,351,8,130,22,0,5,608,51,0,0,32,0,99,11,28,35,0,0,0,0,0,0,0,0,0,0,0,0,0,0,0,0,0,0,0,0,0,0,0,0,0,0,0,0,0,0,0,0,0,0,0,0,0,0,0,0,0,0,0,0,0,0,0,0,0,0,0,0,0,0,0,0,17,0,0,0,25,0,50,0,10,0,4,0,6,0,2,0,0,0,6,0,12,0,0,0,0,0,0,0,0,0,285,4,42,0,108,2,154,16,96,0,10,0,0,0,47,0,197,0,0,0,0,1,6,0,0,0,3,4,0,0,34,6,0,0,0,0,0,0,0,0,0,0,0,0,1,0,0,0,0,0,0,0,0,0,0,0,496,131,600,724,661,8,43,0,0,0,0,0,0,0,0
0,11,1,0,0,6,0,27,0,42,0,0,0,1,0,0,0,135,0,0,0,0,0,0,0,41,0,0,0,19,0,0,0,0,0,0,0,0,0,0,0,0,0,0,0,0,0,1,0,0,0,0,6,121,0,287,5,0,24,553,0,0,0,18,0,1,28,20,0,0,0,0,0,0,0,0,0,0,0,0,0,0,0,0,0,0,0,0,0,0,0,0,0,2,0,0,0,0,0,0,0,0,0,0,0,0,0,0,0,0,0,0,0,0,0,0,0,0,0,0,0,0,0,0,0,28,0,38,0,37,0,64,0,0,0,0,0,0,0,11,0,0,0,0,0,0,0,0,0,0,0,4,0,0,6,215,0,15,0,165,2,108,0,59,0,0,0,0,0,82,0,371,0,0,0,0,1,0,0,0,0,0,0,0,6,4,0,0,0,0,0,0,0,0,0,0,0,0,0,0,0,0,0,0,0,0,0,0,0,0,0,0,1,0,608,0,0,0,499,109,595,358,80,0,0
7,0,0,0,0,0,15,0,78,163,0,0,0,0,0,0,0,0,0,0,0,0,0,0,9,7,0,0,0,0,0,0,0,0,0,0,7,0,0,1,0,0,0,0,0,0,0,0,23,0,0,0,71,47,394,149,608,24,0,226,0,0,0,6,0,11,200,201,1,0,0,0,0,0,0,0,0,0,0,0,0,0,0,0,0,0,0,0,0,0,0,0,0,0,0,0,0,0,0,0,0,0,0,0,0,0,0,0,0,0,0,0,0,0,0,1,0,0,0,0,0,0,0,0,0,0,6,0,4,0,9,0,0,0,0,0,2,0,0,0,0,0,0,0,11,0,0,0,2,0,0,0,0,0,146,4,126,0,5,1,9,5,32,0,0,0,0,0,19,0,118,0,0,0,4,0,0,20,0,0,0,0,0,0,162,73,0,0,0,0,0,0,0,0,0,0,0,0,0,0,0,0,0,0,0,0,0,0,0,0,783,430,531,1036,702,0,0,0,0,1,0,0,1,0,0
0,22,0,20,0,5,0,19,46,146,0,0,0,0,0,0,0,21,0,0,0,0,0,0,0,25,0,0,0,0,0,0,0,0,0,0,0,0,0,0,0,0,0,0,0,0,0,0,0,0,0,0,40,27,0,152,51,553,226,0,0,0,0,0,35,70,270,241,0,0,0,1,0,0,0,0,0,1,0,0,0,4,0,0,0,0,0,0,0,0,0,0,0,1,0,0,0,0,0,0,0,0,0,0,0,0,0,0,0,0,0,0,0,0,0,0,0,0,0,0,0,1,0,1,0,26,0,15,0,17,0,43,0,0,0,0,0,0,0,3,0,0,0,11,0,18,0,7,2,12,0,0,0,0,54,28,8,58,1,33,18,147,0,0,0,0,0,3,0,57,0,310,0,0,0,4,20,0,0,0,0,14,0,0,52,232,0,0,0,0,0,0,0,0,0,0,0,0,0,0,0,0,0,0,0,0,0,0,0,14,0,0,0,0,726,0,0,0,827,289,542,624,93,0,0
139,0,61,0,0,0,219,0,240,1,0,0,0,0,0,0,13,6,0,0,0,0,0,0,7,0,0,0,10,0,0,0,8,0,0,0,60,0,34,0,0,0,0,0,0,0,0,0,0,0,0,0,37,0,27,0,0,0,0,0,0,0,50,0,0,0,0,0,0,0,0,0,0,0,0,0,0,0,0,0,0,0,0,0,0,0,0,0,0,0,0,0,0,0,0,0,0,0,0,0,0,0,0,0,0,0,0,0,0,0,0,0,0,0,0,0,0,0,0,0,0,0,0,0,0,0,0,0,0,0,0,0,0,0,0,0,18,0,190,0,117,0,38,0,115,0,0,0,0,0,0,0,0,0,26,0,113,0,6,0,0,0,8,0,5,0,0,0,8,0,105,0,76,0,0,0,41,0,0,0,0,0,16,0,0,0,0,0,0,0,0,0,0,0,0,0,0,0,0,0,0,0,0,0,0,0,0,0,0,0,113,165,78,73,59,0,0,0,0,0,0,0,0,0,0
0,522,0,177,0,0,0,195,0,95,0,144,0,0,0,32,0,101,0,0,0,13,0,34,0,94,0,7,0,9,0,12,0,22,0,12,0,53,0,0,0,0,0,0,0,0,0,0,0,0,0,0,0,33,0,23,0,0,0,0,0,0,0,35,0,0,0,0,0,0,0,0,0,0,0,0,0,0,0,0,0,0,0,0,0,0,0,0,0,0,0,0,0,0,0,0,0,0,0,0,0,0,0,0,0,0,0,0,0,0,0,0,0,0,0,0,0,0,0,0,0,0,0,0,0,0,0,0,0,0,0,0,0,0,0,0,0,0,0,75,0,62,0,0,0,143,0,0,0,0,0,0,0,0,0,38,0,203,0,23,0,0,0,0,0,1,0,5,0,0,0,66,0,99,0,0,0,82,0,82,0,0,0,175,0,0,0,0,0,0,0,0,0,0,0,0,0,0,0,0,0,0,0,0,0,0,0,0,0,0,0,0,0,0,80,0,0,0,85,418,87,101,0,0,0
169,61,111,0,0,0,387,36,313,8,0,0,0,0,8,5,190,12,0,0,168,0,21,6,15,42,0,0,100,0,41,0,13,0,13,0,39,0,59,0,0,0,41,0,0,0,0,0,4,0,5,0,262,0,31,5,32,0,0,0,50,0,0,9,0,0,0,0,0,0,0,0,0,0,10,0,0,0,0,0,0,0,0,0,187,0,0,0,0,0,0,0,0,0,0,0,0,0,0,0,0,0,0,0,0,0,0,0,0,0,0,0,0,0,0,0,0,0,0,0,0,0,67,0,0,0,0,0,135,0,0,0,0,0,73,0,434,0,399,0,255,0,547,0,48,0,0,0,0,0,0,0,0,0,168,0,72,0,115,0,6,0,0,0,0,0,0,0,0,0,19,0,42,0,0,0,65,9,0,0,0,0,14,0,0,0,0,0,0,0,0,0,0,0,0,0,0,0,0,0,0,0,0,0,0,0,0,0,0,0,163,100,42,31,72,0,0,0,0,0,0,0,0,0,0
9,309,0,70,0,21,49,271,49,112,0,52,0,0,0,14,3,541,0,16,0,70,0,87,40,155,0,0,0,193,0,33,0,24,0,0,0,7,0,57,0,0,0,0,0,0,0,0,0,7,0,0,4,58,24,41,0,18,6,0,0,35,9,0,0,0,0,0,0,0,0,0,0,0,0,0,0,0,0,0,0,0,0,0,0,0,0,0,0,0,0,0,0,0,0,0,0,0,0,0,0,0,0,0,0,0,0,0,0,0,0,0,0,0,0,0,0,0,0,0,0,0,0,0,0,0,1,0,0,0,0,0,0,0,0,0,0,160,0,124,0,42,0,38,0,22,0,0,0,0,0,0,0,0,0,40,0,17,0,45,0,0,0,0,0,0,0,0,0,5,0,3,0,8,0,0,0,76,0,36,0,0,0,140,0,0,0,0,0,0,0,0,0,0,0,0,0,0,0,0,0,0,0,0,0,0,0,0,0,0,0,0,0,0,80,0,0,0,229,289,31,24,2,2,0
66,0,16,0,0,0,9,0,132,0,0,0,0,0,0,0,0,0,0,0,0,0,5,0,0,0,0,0,0,0,0,0,0,0,0,0,0,0,0,0,0,0,0,0,0,0,0,0,2,0,0,0,0,0,0,0,99,0,0,35,0,0,0,0,0,25,84,21,0,0,0,0,0,0,0,0,0,0,0,0,0,0,0,0,0,0,0,0,0,0,0,0,0,0,0,0,0,0,0,0,0,0,0,0,0,0,0,0,0,0,0,0,0,0,0,0,0,0,0,0,0,0,0,0,42,0,16,0,0,0,55,10,0,0,0,0,0,0,1,0,0,0,0,0,9,0,8,0,70,0,13,0,0,0,17,3,22,0,0,0,238,42,0,0,0,0,0,0,0,0,0,0,0,0,50,0,2,0,2,0,27,17,0,0,324,0,0,0,0,0,0,0,0,0,0,0,0,0,0,0,0,0,0,0,0,0,0,0,0,0,64,4,0,0,60,0,0,0,0,0,0,0,0,0,0
0,98,0,46,0,23,0,16,0,314,0,0,0,3,0,22,0,0,0,30,0,0,0,10,0,12,0,11,0,6,0,0,0,0,0,5,0,0,0,0,0,0,0,0,0,0,0,0,0,0,0,0,0,0,0,0,11,1,11,70,0,0,0,0,25,0,0,372,0,0,0,4,0,0,0,0,0,0,0,0,0,0,0,0,0,4,0,3,0,0,0,0,0,0,0,0,0,0,0,1,0,0,0,0,0,0,0,0,0,0,0,0,0,0,0,0,0,0,0,0,0,0,0,3,0,79,0,76,14,6,119,174,0,0,0,0,0,13,17,5,1,10,0,0,12,44,0,69,24,261,0,38,0,19,4,0,0,9,2,0,90,358,1,15,0,0,0,0,0,0,0,4,0,0,13,26,0,2,0,0,28,196,0,3,22,58,0,0,0,0,0,0,0,0,0,0,0,0,0,0,0,0,0,0,0,0,0,28,0,31,0,0,0,0,0,0,0,0,71,10,36,0,0,0,0
38,0,0,0,0,0,5,0,174,76,0,0,0,0,0,0,0,0,0,0,0,0,0,0,0,0,0,0,0,0,0,0,0,0,0,0,0,0,0,0,0,0,0,0,0,0,0,0,0,0,4,0,0,29,6,122,28,28,200,270,0,0,0,0,84,0,0,153,0,0,0,0,0,0,0,0,0,0,0,0,0,0,0,0,0,0,0,0,0,0,0,0,0,0,0,0,0,0,0,0,0,0,0,0,0,0,0,0,0,0,0,0,0,0,0,0,0,0,0,0,0,0,0,0,6,0,0,0,0,0,70,3,0,0,0,0,0,0,0,0,0,0,0,0,10,0,0,0,56,0,0,0,0,0,31,7,34,0,0,0,35,6,0,0,0,0,0,0,0,0,20,0,0,0,0,0,107,0,0,0,0,0,1,0,690,78,0,0,0,0,0,0,0,0,0,0,0,0,0,0,0,0,0,0,0,0,0,0,0,0,158,112,61,0,104,0,0,0,0,0,0,0,0,0,0
0,59,0,13,0,11,0,15,0,188,0,8,0,0,0,8,0,0,0,0,0,0,0,0,0,0,0,0,0,1,0,0,0,0,0,0,0,0,0,0,0,0,0,0,0,0,0,0,0,0,0,0,38,0,0,7,35,20,201,241,0,0,0,0,21,372,153,0,0,0,0,0,0,0,0,0,0,0,0,0,0,0,0,0,0,0,0,0,0,0,0,0,0,0,0,2,0,0,0,0,0,0,0,0,0,0,0,0,0,0,0,0,0,0,0,0,0,0,0,0,0,0,0,0,0,23,0,11,0,0,0,110,0,0,0,0,0,4,0,1,0,0,0,0,0,12,0,7,0,51,0,0,0,0,29,9,6,19,1,9,7,179,0,0,0,0,0,0,0,6,0,16,0,0,0,12,23,0,0,0,0,0,0,0,31,650,0,0,0,0,0,0,0,0,0,0,0,0,0,0,0,0,0,0,0,0,0,3,0,0,0,0,0,0,73,0,0,0,109,103,73,0,18,0,0
0,0,0,0,0,0,0,0,0,0,0,0,0,0,0,0,0,0,0,0,0,0,0,0,0,0,0,0,0,0,0,0,0,0,0,0,5,0,0,0,0,0,0,0,0,0,0,0,25,0,0,0,0,0,0,0,0,0,1,0,0,0,0,0,0,0,0,0,0,0,0,0,9,0,0,0,148,0,23,0,0,0,46,0,14,0,11,0,35,0,0,0,90,0,16,0,12,0,0,0,30,0,158,0,80,0,49,0,89,0,1,0,0,0,2,0,1,0,0,0,0,0,0,0,0,0,0,0,0,0,0,0,0,0,17,0,0,0,0,0,0,0,0,0,0,0,0,0,0,0,0,0,0,0,0,0,0,0,0,0,0,0,0,0,38,0,0,0,123,0,4,0,0,0,0,0,0,0,0,0,0,0,0,0,0,0,0,0,0,0,0,0,0,0,27,0,0,0,0,0,0,0,0,0,0,0,0,0,0,0,40,9,99,4,0,23,39,1,0,0,0,0,0,0,0
0,0,0,0,0,0,0,0,0,0,0,0,0,0,0,0,0,0,0,0,0,0,0,0,0,0,0,0,0,0,0,0,0,0,0,0,0,0,0,0,0,0,0,0,0,31,0,0,0,16,0,0,0,0,0,0,0,0,0,0,0,0,0,0,0,0,0,0,0,0,0,0,0,6,0,0,0,50,0,0,0,0,0,14,0,0,0,3,0,24,0,0,0,76,0,0,0,0,0,0,0,0,0,37,0,6,0,0,0,8,0,2,0,0,0,0,0,0,0,0,0,0,0,0,0,0,0,0,0,0,0,0,0,0,0,0,0,0,0,0,0,0,0,0,0,0,0,0,0,0,0,0,0,0,0,0,0,0,0,0,0,0,0,0,0,21,0,0,0,26,0,4,0,1,0,0,0,2,0,0,0,0,0,0,0,0,0,0,0,0,0,0,0,0,0,0,0,0,0,0,0,0,0,0,0,0,0,0,0,0,0,0,0,0,0,0,0,0,0,4,13,0,0,2,0
0,0,0,0,0,0,0,0,0,0,0,0,0,0,0,0,0,0,0,0,127,0,0,0,0,0,0,0,16,0,30,0,0,0,0,0,61,0,0,0,0,0,0,0,104,0,0,0,0,0,32,0,0,0,0,0,0,0,0,0,0,0,0,0,0,0,0,0,0,0,0,0,405,0,475,0,48,0,538,0,10,0,0,0,4,0,39,0,0,0,0,0,0,0,7,0,0,0,0,0,0,0,0,0,0,0,0,0,0,0,0,0,0,0,0,0,0,0,0,0,15,0,10,0,17,15,0,0,12,0,37,0,9,0,14,0,38,0,7,0,193,0,96,0,95,0,3,0,38,0,12,0,6,0,0,0,0,0,0,0,0,0,66,0,0,0,20,0,37,0,39,0,56,0,16,0,0,0,0,0,23,0,0,0,0,0,0,0,0,0,0,0,0,0,0,0,0,0,0,0,0,0,0,0,0,0,0,0,10,2,8,0,18,1,0,0,0,0,0,0,0,0,0,0,0
0,0,0,0,0,0,0,0,0,0,0,0,0,0,0,0,0,0,0,0,0,1,0,0,0,0,0,0,0,0,0,0,0,0,0,0,0,0,0,0,0,0,0,0,0,2,0,0,0,0,0,0,0,0,0,0,0,0,0,1,0,0,0,0,0,4,0,0,0,0,0,0,0,168,0,336,0,24,0,4,0,7,0,5,0,0,0,70,0,0,0,0,0,0,0,0,0,0,0,0,0,0,0,0,0,0,0,0,0,0,0,0,0,0,0,0,0,0,0,0,0,14,0,35,0,124,0,0,0,213,0,34,0,128,0,0,0,45,0,38,0,44,0,21,0,176,0,0,0,36,0,0,0,0,0,0,0,0,0,4,0,3,0,71,0,0,0,5,0,0,0,5,0,5,0,6,0,0,0,0,0,0,0,0,0,4,0,0,0,0,0,0,0,0,0,0,0,0,0,0,0,0,0,0,0,0,0,0,0,0,0,0,0,0,1,0,0,0,14,0,16,0,0,0,0
0,0,0,0,0,0,0,0,0,0,0,0,0,0,0,0,0,0,0,0,0,0,0,0,0,0,0,0,0,0,0,0,0,0,0,0,0,0,0,0,0,0,0,0,0,0,0,0,0,0,0,0,0,0,0,0,0,0,0,0,0,0,0,0,0,0,0,0,9,0,405,0,0,0,238,0,106,0,315,0,3,0,122,0,18,0,0,0,0,0,0,0,7,0,5,0,0,0,0,0,0,0,0,0,0,0,0,0,0,0,0,0,0,0,0,0,0,0,0,0,30,0,20,0,11,5,0,0,8,0,4,0,16,0,49,0,24,0,16,0,133,0,118,0,107,0,0,0,4,0,5,0,0,0,0,0,0,0,0,0,0,0,45,0,0,0,0,0,25,0,7,0,0,0,3,0,0,0,0,0,0,0,0,0,0,0,0,0,0,0,0,0,0,0,2,0,0,0,0,0,17,0,103,0,0,0,0,0,0,0,331,6,35,2,10,0,0,0,0,0,0,0,0,0,0
0,0,0,0,0,0,0,0,0,0,0,0,0,0,0,0,0,0,0,0,0,0,0,0,0,0,0,0,0,0,0,0,0,0,0,0,0,0,0,0,0,0,0,0,0,0,0,0,0,0,0,2,0,0,0,0,0,0,0,0,0,0,0,0,0,0,0,0,0,6,0,168,0,0,0,481,0,161,0,47,0,17,0,78,0,10,0,145,0,0,0,0,0,20,0,12,0,0,0,0,0,0,0,4,0,0,0,0,0,0,0,0,0,0,0,0,0,0,0,0,0,43,0,72,0,47,0,42,0,57,0,13,0,54,0,89,4,0,0,0,0,26,0,46,0,24,0,0,0,8,0,38,0,0,0,0,0,0,0,0,0,0,0,74,0,6,0,0,0,75,0,3,0,0,0,3,0,0,0,0,0,0,0,0,0,0,0,0,0,0,0,0,0,0,0,0,0,3,0,0,0,0,0,58,0,0,0,0,0,0,0,0,0,0,3,0,0,0,48,3,54,0,0,0,0
0,0,0,0,0,0,0,0,0,0,0,0,0,0,0,0,0,0,0,0,85,0,0,0,0,0,0,0,0,0,0,0,0,0,0,0,44,0,6,0,0,0,0,0,0,0,0,0,0,0,0,0,0,0,0,0,0,0,0,0,0,0,10,0,0,0,0,0,0,0,475,0,238,0,0,0,19,0,143,0,11,0,12,0,15,0,20,0,0,0,0,0,0,0,5,0,0,0,10,0,0,0,0,0,0,0,0,0,0,0,0,0,0,0,0,0,0,0,0,0,58,0,42,0,23,24,19,0,8,0,27,0,24,0,85,1,100,0,5,0,140,13,201,0,80,1,0,0,45,0,20,0,0,0,0,0,7,0,0,0,0,0,41,0,0,0,0,0,10,0,10,0,0,0,25,0,0,0,0,0,23,0,0,0,0,0,0,0,0,0,0,0,0,0,1,0,0,0,0,0,0,0,26,0,0,0,23,0,60,0,138,0,0,0,0,0,0,0,0,0,1,0,0,0,0
0,0,0,0,0,0,0,0,0,0,0,0,0,0,0,0,0,0,0,0,0,0,0,0,0,0,0,0,0,0,0,0,0,0,0,0,0,0,0,0,0,0,0,0,0,0,0,0,0,0,0,0,0,0,0,0,0,0,0,0,0,0,0,0,0,0,0,0,0,0,0,336,0,481,0,0,0,22,0,114,0,9,0,0,0,13,0,172,0,0,0,0,0,0,0,0,0,0,0,6,0,0,0,0,3,0,0,0,0,0,0,0,0,0,0,0,0,0,0,0,0,222,0,95,0,186,0,79,0,0,0,0,0,188,0,188,0,95,0,38,5,82,0,111,0,212,0,41,0,50,0,93,0,0,0,0,0,0,0,0,0,0,0,151,0,0,0,0,0,10,0,12,0,0,0,11,0,0,0,0,0,50,0,0,0,4,0,0,0,0,0,0,0,0,0,0,0,0,0,0,0,0,0,0,0,0,0,0,0,223,0,0,3,0,5,0,0,0,35,7,23,0,0,0,0
0,0,0,0,0,0,0,0,0,0,0,0,0,0,0,0,0,0,0,0,0,0,0,0,0,0,0,0,0,0,0,0,0,0,0,0,0,0,0,0,0,0,0,0,0,0,0,0,3,0,0,0,0,0,0,0,0,0,0,0,0,0,0,0,0,0,0,0,148,0,48,0,106,0,19,0,0,0,157,0,0,0,80,0,30,0,24,0,0,0,0,0,54,0,43,0,0,0,0,0,0,0,20,0,0,0,0,0,94,0,0,0,0,0,12,0,0,0,0,0,0,0,34,0,0,0,0,0,0,0,0,0,0,0,0,0,0,0,0,0,0,0,70,0,0,0,0,0,0,0,0,0,0,0,0,0,0,0,0,0,0,0,0,0,12,0,0,0,64,0,0,0,0,0,0,0,0,0,0,0,0,0,0,0,0,0,0,0,40,0,0,0,99,0,17,0,23,0,0,0,0,0,186,0,0,0,0,0,0,0,49,0,66,0,0,6,19,0,0,0,0,0,0,0,0
0,0,0,0,0,0,0,3,0,0,0,0,0,0,0,0,0,0,0,0,0,0,0,0,0,0,0,0,0,0,0,0,0,0,0,0,0,0,0,1,0,0,0,0,0,14,0,0,0,6,0,0,0,0,0,0,0,0,0,1,0,0,0,0,0,0,0,0,0,50,0,24,0,161,0,22,0,0,0,8,0,0,0,159,0,0,0,134,0,20,0,0,0,124,0,108,0,0,0,0,0,0,0,27,0,0,0,0,0,28,0,0,0,5,0,0,0,2,0,0,0,0,0,0,0,0,0,0,0,0,0,0,0,0,0,0,0,0,0,0,0,0,0,0,0,0,0,0,0,0,0,0,0,0,0,0,0,0,0,0,0,0,0,19,0,21,0,0,0,201,0,0,0,0,0,0,0,0,0,0,0,0,0,0,0,0,0,0,0,0,0,0,0,0,0,0,0,0,0,0,0,0,0,0,0,0,0,0,0,0,0,0,0,0,6,0,0,0,46,6,120,0,22,17,0
0,0,0,0,0,0,0,0,0,0,0,0,0,0,0,0,0,0,0,0,0,0,0,0,0,0,0,0,0,0,0,0,0,0,0,0,0,0,0,0,0,0,0,0,0,0,0,0,0,0,0,0,0,0,0,0,0,0,0,0,0,0,0,0,0,0,0,0,23,0,538,0,315,0,143,0,157,0,0,0,2,0,211,0,106,0,47,0,0,0,5,0,20,0,47,0,21,0,11,0,14,0,12,0,0,0,0,0,84,0,0,0,0,0,6,0,1,0,0,0,146,0,138,0,0,0,0,0,0,0,0,0,0,0,0,0,0,0,0,0,96,0,230,0,48,0,0,0,0,0,9,0,0,0,0,0,0,0,0,0,0,0,28,0,0,0,0,0,63,0,0,0,0,0,0,0,0,0,0,0,0,0,0,0,0,0,0,0,0,0,58,0,143,0,9,0,32,0,0,0,101,0,317,0,118,0,0,0,0,0,310,0,56,0,29,7,11,0,0,0,0,0,0,0,0
