0,98,34,0,66,0,17,119,63,13,108,0,90,0,49,0,124,45,8,0,0,0,90,60,13,191,18,0,87,0,0,0,140,0,0,0,79,0,443,0,42,0,0,0,0,0,49,0,6,0,0,0,0,0,0,0,0,1,6,0,44,0,199,0,5,0,0,0,0,0,0,0,0,0,0,0,0,0,0,0,0,0,0,0,0,0,0,0,0,0,0,0,0,0,0,0,0,0,0,0,0,0,0,0,0,0,0,0,0,0,0,0,0,0,0,0,0,0,0,0,0,0,0,0,19,0,12,0,0,0,26,0,0,0,0,0,3,0,0,0,0,0,0,0,0,0,28,0,21,0,4,0,9,0,0,0,0,0,0,0,10,0,0,0,0,0,0,0,15,0,48,0,541,0,0,0,19,283,28,0,0,0,40,0,25,0,0,0,0,0,0,0,0,0,0,0,0,0,0,0,0,0,0,0,0,0,0,0,0,0,743,278,518,70,166,0,0,0,0,0,12,0,0,0,0
98,0,103,74,0,142,53,28,0,64,16,206,0,136,0,101,122,22,0,94,0,0,255,9,166,10,0,149,0,145,0,17,0,177,0,0,0,239,0,419,0,61,0,0,0,0,0,91,0,5,0,3,0,11,2,4,0,4,0,9,0,127,14,96,0,25,0,24,0,0,0,0,0,0,0,0,0,0,0,0,0,0,0,0,0,0,0,0,0,0,0,0,0,0,0,0,0,0,0,0,0,0,0,0,0,0,0,0,0,0,0,0,0,0,0,0,0,0,0,2,0,0,0,0,0,14,0,4,0,0,0,34,0,0,0,7,0,4,0,0,0,0,0,0,0,0,0,7,0,35,0,10,0,0,0,7,0,0,0,0,0,11,0,4,0,10,0,37,0,8,0,39,0,280,0,0,0,587,1,19,0,17,2,57,0,69,0,0,0,0,0,0,0,0,0,0,0,0,0,0,0,0,0,2,0,0,0,5,0,2,0,0,8,0,226,0,0,0,670,148,393,123,4,15,0
34,103,0,0,313,0,30,49,3,0,66,24,81,0,159,66,75,49,42,0,34,0,566,85,80,123,61,0,287,0,91,2,285,0,0,0,77,0,425,0,32,0,0,0,10,0,19,0,4,0,0,0,0,0,34,0,0,0,13,0,25,0,118,5,0,0,1,0,0,0,0,0,0,0,0,0,0,0,0,0,0,0,0,0,0,0,0,0,0,0,0,0,0,0,0,0,0,0,0,0,5,0,0,0,0,1,0,0,0,0,0,0,0,0,0,0,0,0,0,0,0,0,0,0,10,0,14,0,6,0,10,0,4,0,23,0,25,0,0,0,0,0,0,0,0,0,24,0,33,0,25,0,8,0,0,0,0,0,0,0,15,0,0,0,0,0,0,0,14,0,31,0,285,0,0,0,12,182,5,0,7,0,0,0,21,0,0,0,0,0,0,0,0,0,1,0,0,0,9,0,13,0,0,0,8,0,0,0,11,0,549,76,453,0,221,0,0,1,0,0,0,0,0,0,0
0,74,0,0,31,98,0,40,0,2,36,24,0,27,0,289,35,33,0,115,14,73,150,108,20,97,0,47,0,218,1,18,0,376,0,0,0,95,0,234,0,0,0,0,0,0,0,0,0,2,0,0,0,15,0,50,0,0,0,0,0,0,1,7,0,8,0,0,0,0,0,0,0,0,0,0,0,0,0,0,0,0,0,0,0,20,0,0,0,0,0,0,0,0,0,0,0,0,0,0,0,0,0,0,0,0,0,55,0,0,0,0,0,0,0,0,0,0,0,0,0,0,0,0,0,24,0,0,0,0,0,48,0,31,0,98,0,151,0,30,0,19,0,31,0,0,0,4,0,0,0,8,0,0,0,2,0,0,0,4,0,12,0,0,0,3,0,45,1,6,0,0,0,91,0,2,0,145,0,0,0,0,0,0,0,7,0,0,0,0,0,0,0,0,0,0,0,0,0,0,0,0,0,0,0,0,0,0,0,26,0,0,0,0,63,0,0,0,170,35,161,0,1,0,0
66,0,313,31,0,148,14,0,9,0,117,59,130,0,212,188,0,9,82,60,164,34,132,62,12,0,76,0,73,0,145,0,444,0,60,0,283,0,0,0,122,0,0,0,0,0,142,0,11,0,71,0,7,0,0,0,0,0,0,0,12,0,0,0,3,0,0,0,0,0,0,0,0,0,0,0,0,0,0,0,0,0,0,0,0,0,0,0,0,0,0,0,0,0,0,0,0,0,0,0,0,0,0,0,0,0,0,0,0,0,0,0,0,0,0,0,0,0,0,0,0,0,0,0,0,0,0,0,0,0,0,0,0,0,0,0,8,0,0,0,0,0,0,0,0,0,10,0,13,0,0,0,0,0,0,0,0,0,0,0,0,0,5,0,0,0,161,0,49,0,15,0,161,0,0,0,51,221,88,0,7,0,25,0,23,0,18,0,0,0,0,0,0,0,0,0,0,0,0,0,0,0,0,0,0,0,0,0,0,0,455,226,443,0,150,0,0,0,0,0,0,0,0,0,0
0,142,0,98,148,0,0,45,0,15,92,189,89,199,472,168,0,0,80,207,200,169,105,19,0,5,0,272,0,36,0,162,0,461,0,137,0,338,0,0,0,46,0,15,0,2,0,96,0,5,0,0,0,0,0,0,0,0,0,0,0,0,0,0,0,9,0,0,0,0,0,0,0,1,0,0,0,0,0,0,0,0,0,0,0,0,0,0,0,0,0,0,0,0,0,0,0,0,0,0,0,0,0,0,0,0,0,0,0,0,0,0,0,0,0,0,0,0,0,0,0,0,0,0,0,0,0,0,0,0,0,0,0,5,0,0,0,0,0,4,0,0,0,0,0,0,0,0,0,16,0,2,0,0,0,0,0,0,0,0,0,5,0,0,0,0,0,362,0,46,1,9,0,105,0,0,0,517,25,44,0,0,0,0,0,0,7,11,0,0,0,0,0,0,0,0,0,0,0,0,0,0,0,0,0,0,0,0,0,7,0,0,0,0,102,0,0,0,361,138,495,0,0,0,0
17,53,30,0,14,0,0,126,55,94,6,0,2,0,0,0,47,21,0,0,0,0,24,0,137,90,0,0,5,0,0,0,0,0,6,0,0,0,22,0,1,0,0,0,4,0,0,0,25,0,0,0,142,40,297,124,4,0,24,0,191,6,409,25,0,0,3,13,0,0,0,0,0,0,0,0,0,0,0,0,0,0,0,0,0,0,0,0,0,0,0,0,0,0,0,0,0,0,0,0,0,0,0,0,0,0,0,0,0,0,0,0,0,0,0,0,0,0,0,0,0,0,0,0,8,0,0,0,0,0,27,0,0,0,0,0,0,0,2,0,0,0,2,0,0,0,10,0,1,0,0,0,0,0,0,0,11,3,0,0,23,0,7,0,3,0,0,0,11,0,189,0,145,0,0,0,1,137,0,0,0,0,0,0,10,0,0,0,0,0,0,0,0,0,0,0,0,0,1,0,0,0,0,0,0,0,0,0,0,0,806,98,511,428,530,0,0,0,0,0,0,0,0,0,0
119,28,49,40,0,45,126,0,150,16,0,22,0,40,0,39,0,26,0,32,0,62,49,11,282,194,0,0,0,187,0,14,0,0,0,0,0,0,0,377,0,10,0,0,0,13,0,0,0,0,0,0,0,38,38,226,0,26,0,30,0,178,98,329,0,6,0,31,0,0,0,0,0,0,0,0,0,0,0,0,0,0,0,0,0,0,0,2,0,0,0,0,0,0,0,0,0,0,0,0,0,0,0,0,0,0,0,0,0,0,0,0,0,0,0,0,0,0,0,0,0,0,0,0,0,0,0,7,0,0,0,55,0,0,0,29,0,78,0,0,0,7,0,13,0,0,0,0,0,23,0,3,0,8,0,4,0,0,0,0,0,31,0,1,0,3,0,18,0,11,0,58,0,231,0,0,0,149,0,0,0,0,0,18,0,0,0,0,0,0,0,0,0,0,0,0,0,0,0,0,0,15,0,0,0,0,0,0,0,14,2,1,0,0,436,0,0,0,573,42,380,280,9,51,0
63,0,3,0,9,0,55,150,0,190,30,0,19,0,18,0,7,17,0,0,0,0,0,0,7,60,0,0,0,0,0,0,0,0,0,0,4,0,9,0,0,0,0,0,0,0,14,0,8,0,0,0,111,123,65,366,14,0,73,103,167,0,162,40,81,0,99,72,0,0,0,0,0,0,0,0,0,0,0,0,0,0,0,0,0,0,0,0,0,0,0,0,0,0,0,0,0,0,0,0,0,0,0,0,0,0,0,0,0,0,0,0,0,0,0,0,0,0,0,0,0,0,0,0,32,0,8,0,0,0,67,0,0,0,0,0,0,0,0,1,0,1,1,0,0,0,36,0,64,0,5,0,7,0,0,0,52,7,0,0,48,0,0,0,1,0,0,0,2,0,105,0,60,0,0,0,32,207,7,0,0,0,97,0,162,6,0,0,0,0,0,0,0,0,0,0,0,0,0,0,0,0,0,0,0,0,0,0,0,0,447,132,146,213,228,0,58,0,8,6,0,0,0,0,0
13,64,0,2,0,15,94,16,190,0,0,27,0,0,0,31,0,1,0,27,0,7,0,0,110,5,0,0,0,0,0,0,0,0,0,0,0,15,0,0,0,5,0,0,0,0,0,9,0,0,0,8,61,183,183,104,0,20,0,56,0,168,62,261,0,121,0,115,0,0,0,0,0,0,0,0,0,0,0,0,0,0,0,0,0,0,0,0,0,0,0,0,0,0,0,0,0,0,0,0,0,0,0,0,0,0,0,0,0,0,0,0,0,0,0,0,0,0,0,0,0,0,0,0,0,38,0,5,0,0,0,52,0,4,0,7,0,11,0,0,0,0,0,0,0,0,1,16,0,83,0,12,0,11,0,41,0,50,0,4,0,10,0,0,0,4,0,14,0,6,0,56,0,79,0,0,0,295,0,5,0,0,2,39,3,70,0,0,0,0,0,0,0,0,0,0,0,0,0,5,0,0,0,0,0,0,0,4,0,8,0,0,0,0,351,0,0,0,565,99,247,236,8,90,0
108,16,66,36,117,92,6,0,30,0,0,19,326,0,107,142,34,14,19,22,30,0,38,58,0,0,72,0,35,6,79,0,369,11,0,0,212,0,47,0,135,0,0,0,4,0,101,0,24,0,4,0,0,0,0,0,0,0,0,0,0,0,0,0,0,0,0,0,0,0,0,0,0,0,0,0,0,0,0,0,0,0,0,0,0,0,0,0,0,0,0,0,0,0,0,0,0,0,0,0,0,0,0,0,0,0,0,0,0,0,0,0,0,0,0,0,0,0,0,0,0,0,0,0,0,0,0,0,0,0,8,0,0,0,0,0,0,0,0,0,0,0,0,0,3,0,13,0,15,0,0,0,5,0,0,0,0,0,0,0,0,0,0,0,0,0,125,5,36,0,11,0,165,0,3,0,54,157,142,0,10,0,18,0,28,0,20,0,0,0,0,0,0,0,0,0,0,0,0,0,0,0,0,0,0,0,0,0,0,0,379,245,252,0,120,0,0,0,0,1,18,0,0,0,0
0,206,24,24,59,189,0,22,0,27,19,0,0,386,185,41,4,8,37,59,81,42,55,30,0,0,0,147,0,22,0,31,0,209,10,36,0,174,0,10,0,133,0,0,0,0,0,160,0,30,0,13,0,0,0,0,0,0,0,0,0,0,0,0,0,8,0,0,0,0,0,0,0,0,0,0,0,0,0,0,0,0,0,0,0,0,0,1,0,0,0,0,0,0,0,0,0,0,0,0,0,0,0,0,0,0,0,0,0,0,0,0,0,0,0,0,0,0,0,0,0,0,0,0,0,0,0,0,0,0,0,7,0,0,0,0,0,0,0,0,0,0,0,0,0,0,0,0,0,9,0,0,0,13,0,0,0,0,0,0,0,0,0,0,0,10,0,144,0,12,0,5,0,45,0,0,0,433,0,59,0,44,0,18,0,46,0,4,0,0,0,0,0,0,0,0,0,0,0,0,0,0,0,0,0,0,0,0,0,1,0,2,0,0,0,0,0,0,312,162,262,34,0,0,0
90,0,81,0,130,89,2,0,19,0,326,0,0,254,33,55,0,0,152,275,98,85,0,0,0,0,144,289,0,0,18,0,0,0,234,0,72,0,0,0,235,32,84,14,15,0,122,67,38,0,318,0,4,0,0,0,0,0,2,0,0,0,0,0,0,0,0,0,0,0,0,0,0,0,0,0,0,0,0,0,0,0,0,0,0,0,0,0,0,0,0,0,0,0,0,0,0,0,0,0,0,0,0,0,0,0,0,0,0,0,0,0,0,0,0,0,0,0,0,0,0,0,0,0,4,0,0,0,0,0,0,0,0,0,0,0,0,0,0,0,0,0,0,0,0,0,7,0,6,0,0,0,0,0,0,0,0,0,0,0,2,0,0,0,32,0,24,0,0,1,0,0,0,0,0,0,20,213,56,0,9,0,34,0,5,0,270,5,0,0,0,0,0,0,0,0,0,0,0,0,0,0,0,0,0,0,0,0,0,0,50,107,186,0,0,0,0,2,0,5,0,0,0,0,0
0,136,0,27,0,199,0,40,0,0,0,386,254,0,32,0,0,0,217,70,170,60,0,0,0,0,380,109,0,0,0,15,0,2,37,247,0,36,0,0,113,134,38,111,27,15,107,228,2,16,82,376,0,0,0,0,0,0,0,0,0,0,0,0,0,7,0,0,0,0,0,0,0,0,0,0,0,0,0,0,0,0,0,0,0,0,0,0,0,0,0,0,0,0,0,0,0,0,0,0,0,0,0,0,0,0,0,0,0,0,0,0,0,0,0,0,0,0,0,0,0,0,0,0,0,0,0,0,0,0,0,0,0,0,0,0,0,0,0,0,0,0,0,0,0,0,0,0,0,0,0,0,0,17,0,0,0,0,0,0,0,0,0,0,0,71,0,24,0,13,0,0,0,7,0,0,0,412,0,35,0,50,0,0,0,26,45,48,0,0,0,0,0,0,0,0,0,0,0,0,0,0,0,0,0,0,0,0,0,2,0,0,0,0,0,0,0,0,28,82,231,0,0,0,5
49,0,159,0,212,472,0,0,18,0,107,185,33,32,0,522,34,0,215,154,155,63,280,116,55,0,189,0,1,0,32,0,39,0,8,15,81,30,0,0,19,0,0,0,0,0,32,0,0,0,8,0,0,0,0,0,0,0,0,0,0,0,7,0,0,0,0,0,0,0,3,0,0,0,0,0,0,0,0,0,0,0,0,0,0,0,0,0,0,0,0,0,0,0,0,0,0,0,0,0,0,0,0,0,0,0,0,0,0,0,0,0,0,0,0,0,0,0,0,0,0,0,0,0,10,3,7,0,0,0,15,0,0,0,0,0,73,0,0,0,7,0,0,0,0,0,32,0,33,0,0,0,0,0,0,0,0,0,0,0,0,0,0,0,0,0,36,0,12,0,0,0,16,0,8,0,60,338,41,0,18,2,66,0,37,0,3,0,0,0,0,0,1,0,0,0,0,0,0,0,0,0,0,0,0,0,0,0,0,0,89,110,58,0,29,0,0,0,0,14,47,0,0,0,0
0,101,66,289,188,168,0,39,0,31,142,41,55,0,522,0,30,36,53,228,191,240,216,187,0,103,17,95,0,21,17,72,0,108,10,11,0,57,0,0,0,0,0,0,0,0,0,0,0,1,0,0,0,9,0,21,0,0,0,0,0,0,0,18,0,20,0,0,0,0,0,0,0,0,0,0,0,0,0,0,0,0,0,0,0,120,0,0,0,0,0,47,0,0,0,0,0,107,0,202,0,0,0,0,0,0,0,0,0,0,0,0,0,0,0,0,0,0,0,0,0,19,0,5,0,15,0,0,0,0,0,0,0,0,0,149,0,164,0,40,0,30,0,0,0,0,0,0,0,0,0,0,0,0,0,0,0,0,0,0,0,0,0,0,0,0,0,37,0,8,0,4,0,18,0,5,0,196,19,7,0,0,0,2,0,28,0,0,0,0,0,0,0,0,0,0,0,0,0,0,0,0,0,0,0,0,0,0,0,29,0,0,17,0,19,0,0,0,50,47,50,0,1,0,0
124,122,75,35,0,0,47,0,7,0,34,4,0,0,34,30,0,70,107,0,487,0,108,67,96,220,161,0,173,6,82,0,160,9,63,0,24,11,112,20,0,0,14,0,0,0,0,0,2,0,14,0,68,1,11,11,4,0,0,0,4,0,206,18,0,0,0,0,0,0,65,0,15,0,66,0,0,0,0,0,103,0,0,0,168,0,59,0,0,0,531,0,0,0,0,0,976,0,639,0,69,0,0,0,0,0,370,0,0,0,0,0,0,0,0,0,0,0,0,0,138,0,0,0,0,0,0,0,54,0,0,0,0,0,34,0,284,0,97,0,81,0,338,0,48,0,0,0,0,0,0,0,0,0,31,0,0,0,17,0,0,0,0,0,0,0,7,0,0,0,5,2,31,19,0,0,1,68,0,0,0,0,36,0,0,0,0,0,0,0,0,0,0,0,0,0,0,0,0,0,269,0,0,0,0,0,0,0,0,0,34,352,86,13,17,0,0,0,0,0,16,0,0,0,0
45,22,49,33,9,0,21,26,17,1,14,8,0,0,0,36,70,0,0,21,0,192,141,126,75,107,0,10,4,117,0,14,0,38,0,8,0,5,0,55,0,0,0,0,0,0,0,0,0,0,0,2,1,86,2,32,0,16,0,0,0,4,10,101,0,0,0,0,0,0,0,0,0,0,0,0,0,0,0,0,0,40,0,0,0,120,0,0,0,0,0,0,0,0,0,0,0,66,0,124,0,28,0,0,0,0,0,0,0,0,0,0,0,0,0,0,0,1,0,0,0,10,0,0,0,0,0,0,0,0,0,0,0,0,0,148,0,77,0,36,0,68,0,36,0,0,0,0,0,0,0,0,0,0,0,28,0,0,0,0,0,0,0,0,0,0,0,0,0,0,0,0,5,0,0,0,0,38,0,0,0,0,0,0,0,0,0,0,0,0,0,0,0,0,0,0,0,0,0,0,0,41,0,0,0,0,0,0,0,0,3,0,4,1,0,0,0,0,0,4,2,0,0,0,0
8,0,42,0,82,80,0,0,0,0,19,37,152,217,215,53,107,0,0,243,167,83,280,0,33,0,56,152,5,0,13,0,0,0,123,32,45,0,0,0,15,0,11,0,0,0,63,0,0,0,134,22,0,0,0,0,0,0,0,0,0,0,11,0,0,0,0,0,0,0,0,0,0,0,0,0,0,0,0,0,0,0,0,0,0,0,0,0,0,0,0,0,0,0,0,0,0,0,0,0,0,0,0,0,0,0,0,0,0,0,0,0,0,0,0,0,0,0,0,0,0,0,0,0,0,0,0,0,0,0,0,0,0,0,0,0,0,0,0,0,0,0,0,0,0,0,0,0,16,0,0,0,0,0,1,0,0,0,0,0,0,0,0,0,9,0,14,0,0,0,0,0,0,0,0,0,8,111,27,0,0,0,0,0,0,0,109,0,0,0,0,0,0,0,0,0,0,0,0,0,0,0,0,0,0,0,0,0,0,0,28,59,59,0,0,0,0,0,0,0,30,0,0,0,0
0,94,0,115,60,207,0,32,0,27,22,59,275,70,154,228,0,21,243,0,238,193,0,91,0,34,175,322,0,0,16,36,0,8,36,193,0,49,0,0,29,7,0,29,0,10,0,62,2,13,51,167,0,6,0,0,0,0,0,0,0,0,0,0,0,19,0,0,0,0,0,2,0,0,0,0,0,0,0,0,0,0,0,0,0,59,0,0,0,0,0,0,0,0,0,0,0,0,0,0,0,0,0,0,0,0,0,0,0,0,0,0,0,0,0,0,0,0,0,0,0,0,0,0,0,0,0,0,0,0,0,14,0,0,0,0,0,0,0,0,0,0,0,0,0,0,0,5,0,14,0,0,0,0,0,0,0,0,0,0,0,0,0,0,0,31,0,27,0,6,0,0,0,9,0,0,0,121,0,7,0,0,0,7,0,0,13,7,0,0,0,0,0,0,0,0,0,0,0,0,0,0,0,0,0,0,0,0,0,13,0,5,0,0,0,0,0,0,38,52,82,10,0,0,0
0,0,34,14,164,200,0,0,0,0,30,81,98,170,155,191,487,0,167,238,0,90,150,36,34,0,245,135,77,0,107,0,110,0,68,27,68,0,0,0,0,0,7,0,30,0,0,0,0,0,23,23,0,0,3,0,0,0,1,0,0,0,157,0,0,0,0,0,0,0,93,0,14,0,0,0,0,0,0,0,47,0,0,0,28,0,37,0,0,0,220,0,0,0,0,0,359,0,543,0,57,0,0,0,0,0,204,0,0,0,0,0,0,0,0,0,0,0,0,0,77,0,0,0,0,0,0,0,0,0,0,0,0,0,0,0,66,0,0,0,55,0,0,0,87,0,0,0,0,0,0,0,0,0,0,0,0,0,0,0,0,0,6,0,24,0,36,11,35,1,0,0,50,0,0,0,0,90,47,0,0,0,4,0,0,0,53,0,0,0,0,0,0,0,0,0,0,0,0,0,0,0,0,0,0,0,0,0,0,0,241,264,279,0,70,0,0,0,0,7,36,0,0,0,0
0,0,0,73,34,169,0,62,0,7,0,42,85,60,63,240,0,192,83,193,90,0,7,258,0,37,65,253,0,47,7,78,0,70,11,97,0,30,0,3,8,0,0,75,5,11,8,0,0,2,19,66,0,20,0,38,0,9,0,0,0,0,0,91,0,0,0,0,0,0,0,16,0,0,0,26,0,0,0,11,0,299,0,0,0,413,0,128,0,0,0,0,0,0,0,0,0,117,0,431,0,103,0,0,0,0,0,0,0,0,0,0,0,0,0,0,0,0,0,0,0,198,0,0,0,0,0,0,0,0,0,0,0,0,0,277,0,158,0,117,0,233,0,298,0,166,0,0,0,0,0,0,0,0,0,29,0,0,0,16,0,0,0,0,0,46,0,62,0,20,0,0,0,17,0,0,0,57,5,3,0,0,0,0,0,0,0,4,0,0,0,0,0,0,0,0,0,0,0,0,0,0,0,0,0,0,0,0,0,0,0,0,4,0,18,0,0,0,103,165,159,23,0,0,0
90,255,566,150,132,105,24,49,0,0,38,55,0,0,280,216,108,141,280,0,150,7,0,365,143,292,191,0,46,31,42,0,39,29,0,0,11,27,0,42,0,0,0,0,0,0,1,0,3,0,0,0,8,0,33,0,0,0,0,0,0,3,24,9,0,0,0,0,0,0,0,0,0,0,0,0,0,0,0,0,0,0,0,0,30,0,0,0,0,0,0,0,0,0,0,0,196,0,0,0,0,0,0,0,0,0,0,0,0,0,0,0,0,0,0,0,0,0,0,0,0,0,0,0,0,0,0,0,0,0,0,0,0,0,70,0,209,0,0,0,22,0,0,0,0,0,0,0,16,0,22,0,12,0,0,0,0,0,0,0,0,0,0,0,0,0,12,0,7,2,0,2,45,23,13,0,10,245,8,0,18,0,18,0,11,0,0,0,0,0,0,0,0,0,0,0,0,0,0,0,163,0,0,0,0,0,0,0,0,0,36,197,55,0,0,0,0,0,0,4,21,0,0,0,0
60,9,85,108,62,19,0,11,0,0,58,30,0,0,116,187,67,126,0,91,36,258,365,0,27,41,0,33,0,50,0,66,0,63,0,16,0,40,5,17,0,0,0,0,0,0,0,0,0,0,0,0,0,17,0,13,0,0,0,0,0,0,0,30,0,0,0,0,0,0,0,0,0,0,0,0,0,0,0,0,0,0,0,0,0,122,0,0,0,0,0,0,0,0,0,13,0,76,0,158,0,44,0,0,0,0,0,46,0,0,0,0,0,0,0,0,0,0,0,0,0,16,0,0,0,0,0,0,0,0,0,0,0,0,0,105,0,75,0,0,0,30,0,30,0,0,0,0,0,0,0,0,0,0,0,0,0,0,0,5,0,0,0,0,0,0,0,36,0,5,0,1,0,11,0,0,0,121,9,1,0,0,0,0,0,0,0,0,0,0,0,0,0,0,0,0,0,0,0,0,0,0,0,0,0,0,0,0,0,0,0,0,0,0,7,0,0,0,23,35,36,0,0,0,0
13,166,80,20,12,0,137,282,7,110,0,0,0,0,55,0,96,75,33,0,34,0,143,27,0,375,32,0,8,0,10,0,0,0,0,0,9,0,8,9,0,0,1,0,2,0,1,0,5,0,0,0,127,23,193,127,43,0,4,0,30,15,246,75,0,0,0,0,0,0,0,0,0,0,0,0,0,0,0,0,0,0,0,0,8,0,0,0,0,0,0,0,0,0,0,0,61,0,5,0,0,0,2,0,0,0,0,0,0,0,0,0,0,0,0,0,0,0,0,0,0,0,0,0,24,0,24,0,105,0,22,0,22,0,81,0,285,0,11,0,20,0,136,0,0,0,42,0,12,0,58,0,10,0,23,0,0,0,7,0,45,0,0,0,0,0,0,0,5,0,32,0,41,0,5,0,0,146,0,0,8,0,4,0,0,0,0,0,0,0,0,0,0,0,0,0,0,0,21,0,121,0,0,0,0,0,0,0,58,0,83,45,148,80,91,0,0,0,0,0,0,0,0,0,0
191,10,123,97,0,5,90,194,60,5,0,0,0,0,0,103,220,107,0,34,0,37,292,41,375,0,0,0,7,120,0,12,0,16,0,0,0,15,0,70,0,0,0,4,0,0,0,0,0,0,0,0,1,64,0,182,0,66,1,10,6,4,35,103,0,2,0,0,0,0,0,0,0,0,0,0,0,0,0,0,0,12,0,0,0,30,0,0,0,0,0,34,0,0,0,0,0,63,0,69,0,18,0,0,0,0,0,103,0,0,0,0,0,0,0,0,0,0,0,0,1,1,0,0,0,48,0,4,0,51,0,0,0,68,0,258,0,424,0,102,2,69,0,67,1,0,0,0,0,0,0,7,0,0,0,14,0,0,0,9,0,0,0,0,0,0,0,0,0,0,0,3,17,17,0,0,0,175,0,0,0,0,17,0,0,0,0,0,0,0,0,0,0,0,0,0,0,0,0,77,0,96,0,0,0,0,0,0,0,42,0,0,0,0,15,0,0,0,0,6,18,0,0,0,0
18,0,61,0,76,0,0,0,0,0,72,0,144,380,189,17,161,0,56,175,245,65,191,0,32,0,0,477,27,0,6,3,0,0,45,20,92,0,0,0,69,136,102,27,208,30,285,236,32,0,260,77,0,0,0,0,0,0,0,0,0,0,46,0,0,0,0,0,0,0,46,0,0,0,0,0,0,0,0,0,0,0,0,0,24,0,0,0,0,0,0,0,0,0,0,0,0,0,0,0,0,0,0,0,0,0,0,0,0,0,0,0,0,0,0,0,1,0,0,0,0,0,0,0,0,0,0,0,0,0,0,0,0,0,0,0,100,0,13,0,44,0,0,0,0,0,23,0,18,0,0,0,0,0,7,0,0,0,0,0,6,0,0,0,69,0,24,0,0,0,8,0,28,0,7,0,0,75,0,0,0,0,0,0,9,0,92,6,0,0,0,0,0,0,0,0,1,0,0,0,0,0,0,0,0,0,0,0,0,0,70,274,362,0,0,0,0,11,0,0,0,0,0,0,0
0,149,0,47,0,272,0,0,0,0,0,147,289,109,0,95,0,10,152,322,135,253,0,33,0,0,477,0,0,0,0,0,0,0,0,128,0,35,0,0,243,67,76,298,71,172,303,346,19,35,82,468,0,0,0,0,0,0,0,0,0,0,0,0,0,0,0,0,0,0,0,0,0,0,0,0,0,4,0,0,0,0,0,0,0,0,0,0,0,0,0,0,0,0,0,0,0,0,0,0,0,0,0,1,0,0,0,0,0,0,0,0,0,0,0,0,0,0,0,0,0,37,0,5,0,10,0,0,0,0,0,0,0,0,0,0,0,24,0,0,0,0,0,0,0,32,0,0,0,0,0,0,0,3,0,0,0,0,0,0,0,0,0,0,1,106,0,27,0,35,0,0,0,0,0,0,0,185,0,16,0,0,0,3,0,0,40,33,0,0,0,0,0,0,0,0,0,0,0,0,0,0,0,0,0,0,0,15,0,0,0,0,0,0,9,0,0,1,33,287,465,0,0,0,0
87,0,287,0,73,0,5,0,0,0,35,0,0,0,1,0,173,4,5,0,77,0,46,0,8,7,27,0,0,0,133,0,13,0,19,0,20,0,22,0,0,0,34,0,2,0,0,0,0,0,22,0,0,0,0,0,0,0,0,0,3,0,16,1,0,0,0,0,0,0,6,0,0,0,0,0,0,0,0,0,0,0,0,0,4,0,13,0,0,0,26,0,0,0,0,0,49,0,0,0,0,0,0,0,0,0,29,0,0,0,0,0,0,0,0,0,0,0,0,0,0,0,5,0,0,0,0,0,0,0,0,0,0,0,0,0,0,0,0,0,6,0,0,0,24,0,0,0,0,0,0,0,0,0,0,0,0,0,2,0,0,0,0,0,0,0,0,0,2,0,0,0,0,0,0,0,0,0,2,0,0,0,11,0,3,0,0,0,0,0,0,0,0,0,0,0,0,0,0,0,7,0,0,0,0,0,0,0,0,0,12,41,0,0,0,0,0,2,0,0,0,0,0,0,0
0,145,0,218,0,36,0,187,0,0,6,22,0,0,0,21,6,117,0,0,0,47,31,50,0,120,0,0,0,0,0,38,0,49,0,4,0,1,0,26,0,0,0,0,0,2,0,0,0,0,0,0,0,11,0,19,0,9,0,0,0,0,0,21,0,0,0,0,0,0,0,0,0,0,0,0,0,0,0,0,0,0,0,0,0,101,0,0,0,0,0,0,0,0,0,0,0,32,0,91,0,20,0,0,0,0,0,0,0,0,0,0,0,0,0,0,0,0,0,0,0,19,0,0,0,0,0,0,0,0,0,0,0,0,0,137,0,89,0,47,0,62,0,68,0,13,0,0,0,0,0,0,1,0,0,28,0,0,0,0,0,3,0,0,0,0,0,0,0,0,0,0,3,0,0,0,0,22,0,0,0,0,0,6,0,0,0,0,0,0,0,0,0,0,0,0,0,0,0,0,0,0,0,0,0,0,0,0,0,0,0,0,0,0,0,0,0,0,0,0,0,0,0,0,0
0,0,91,1,145,0,0,0,0,0,79,0,18,0,32,17,82,0,13,16,107,7,42,0,10,0,6,0,133,0,0,0,51,0,8,0,33,0,3,0,0,0,12,0,2,0,0,0,0,0,8,0,0,0,0,0,0,0,0,0,0,0,21,0,0,0,0,0,0,0,16,0,0,0,0,0,0,0,0,0,9,0,0,0,0,0,14,0,0,0,0,0,0,0,0,0,0,0,0,0,0,0,0,0,0,0,0,0,0,0,0,0,0,0,0,0,0,0,0,0,0,0,0,0,0,0,0,0,0,0,0,0,0,0,0,0,0,0,0,0,0,0,0,0,20,0,2,0,0,0,0,0,0,0,0,0,0,0,0,0,1,0,0,0,7,0,13,0,0,0,0,0,13,0,0,0,6,0,27,0,0,0,7,0,2,0,2,0,0,0,0,0,0,0,0,0,0,0,0,0,0,0,0,0,0,0,0,0,0,0,47,76,96,7,0,0,0,0,0,0,0,0,0,0,0
0,17,2,18,0,162,0,14,0,0,0,31,0,15,0,72,0,14,0,36,0,78,0,66,0,12,3,0,0,38,0,0,0,12,0,3,0,19,0,40,1,0,0,7,0,1,0,0,0,0,0,8,0,7,0,10,0,0,0,3,0,0,0,29,0,0,0,0,0,0,0,4,0,0,0,0,0,0,0,0,0,0,0,0,0,56,0,0,0,0,0,0,0,0,0,0,0,0,0,0,0,0,0,0,0,0,0,0,0,0,0,0,0,0,0,0,0,0,0,0,0,37,0,0,0,0,0,0,0,0,0,0,0,0,0,29,0,0,0,44,0,0,0,61,0,67,1,0,0,0,0,0,0,0,0,23,0,0,0,13,0,0,0,0,0,0,0,26,0,5,0,0,0,0,0,0,0,34,1,3,0,0,0,0,0,0,0,0,0,0,0,0,0,0,0,0,0,0,0,0,0,0,0,0,0,0,0,0,0,0,0,0,0,0,0,0,0,0,25,26,48,0,0,0,0
140,0,285,0,444,0,0,0,0,0,369,0,0,0,39,0,160,0,0,0,110,0,39,0,0,0,0,0,13,0,51,0,0,0,37,0,121,0,0,0,0,0,17,0,0,0,0,0,0,0,21,0,0,0,0,0,0,0,0,0,0,0,11,0,0,0,0,0,0,0,0,0,0,0,3,0,0,0,0,0,0,0,0,0,1,0,0,0,0,0,0,0,0,0,0,0,0,0,0,0,0,0,0,0,0,0,0,0,0,0,0,0,0,0,0,0,0,0,0,0,0,0,0,0,0,0,0,0,0,0,0,0,0,0,0,0,5,0,0,0,0,0,0,0,21,0,0,0,7,0,0,0,0,0,13,0,4,0,0,0,0,0,0,0,0,0,23,0,0,0,0,0,0,0,0,0,20,0,63,0,13,0,38,0,8,0,0,0,0,0,0,0,0,0,0,0,0,0,0,0,0,0,0,0,0,0,0,0,0,0,0,223,33,0,10,0,0,0,0,0,0,0,0,0,0
0,177,0,376,0,461,0,0,0,0,11,209,0,2,0,108,9,38,0,8,0,70,29,63,0,16,0,0,0,49,0,12,0,0,0,27,0,155,0,11,0,0,0,14,0,1,0,0,0,0,0,15,0,3,0,10,0,0,0,0,0,3,1,9,0,0,0,0,0,0,0,0,0,0,0,0,0,0,0,0,0,0,0,0,0,0,0,0,0,0,0,0,0,0,0,0,0,0,0,0,0,0,0,0,0,0,0,0,0,0,0,0,0,0,0,0,0,0,0,0,0,0,0,5,0,0,0,0,0,0,0,0,0,0,0,36,0,0,0,0,0,0,0,0,0,0,0,0,0,0,0,0,0,0,0,9,0,8,0,5,0,0,0,0,0,0,0,36,0,0,0,0,0,0,0,0,0,124,0,23,0,0,0,0,0,0,0,0,0,0,0,0,0,0,0,0,0,0,0,0,0,0,0,0,0,0,0,0,0,0,0,0,0,0,0,0,0,0,45,41,39,6,0,0,0
0,0,0,0,60,0,6,0,0,0,0,10,234,37,8,10,63,0,123,36,68,11,0,0,0,0,45,0,19,0,8,0,37,0,0,0,117,0,0,0,0,0,6,0,8,0,0,0,3,0,113,0,0,0,0,0,0,0,1,0,0,0,18,0,0,0,0,0,0,0,27,0,4,0,0,0,0,0,0,0,0,0,0,0,0,0,0,0,0,0,0,0,0,0,0,0,0,0,235,0,0,0,0,0,0,0,0,0,0,0,0,0,0,0,0,0,0,0,0,0,0,0,0,0,0,0,0,0,0,0,0,0,0,0,0,0,0,0,0,0,10,0,0,0,51,0,0,0,0,0,0,0,0,0,0,0,0,0,0,0,0,0,0,0,44,0,58,0,41,0,10,0,37,0,0,0,0,0,21,0,0,0,0,0,0,0,36,0,0,0,0,0,0,0,0,0,0,0,0,0,0,0,0,0,0,0,0,0,0,0,71,141,276,0,0,0,0,0,0,0,0,0,0,0,0
0,0,0,0,0,137,0,0,0,0,0,36,0,247,15,11,0,8,32,193,27,97,0,16,0,0,20,128,0,4,0,3,0,27,0,0,0,157,0,0,8,3,0,11,0,11,0,0,0,0,0,41,0,0,0,0,0,0,0,0,0,0,0,6,0,0,0,0,0,0,0,0,0,0,0,0,0,0,0,0,0,42,0,0,0,0,0,11,0,0,0,0,0,0,0,0,0,0,0,0,0,0,0,0,0,0,0,0,0,0,0,0,0,0,0,0,0,0,0,0,0,20,0,0,0,0,0,0,0,0,0,0,0,0,0,14,0,0,0,0,0,0,0,31,0,26,0,0,0,0,0,0,0,0,0,0,0,5,0,0,0,0,0,0,0,39,0,68,0,5,0,2,0,17,0,0,0,99,0,0,0,0,0,0,0,0,1,12,0,0,0,0,0,0,0,0,0,0,0,0,0,0,0,0,0,0,0,0,0,0,0,0,0,0,0,0,0,0,25,61,159,9,0,0,0
79,0,77,0,283,0,0,0,4,0,212,0,72,0,81,0,24,0,45,0,68,0,11,0,9,0,92,0,20,0,33,0,121,0,117,0,0,0,8,0,1,0,33,0,21,0,0,0,3,0,43,0,0,0,0,0,0,0,0,0,9,0,41,0,0,0,2,0,0,0,40,0,0,0,25,0,0,0,0,0,0,0,0,0,0,0,0,0,0,0,0,0,0,0,2,0,0,0,163,0,8,0,0,0,0,0,0,0,0,0,0,0,0,0,0,0,0,0,0,0,0,0,0,0,0,0,0,0,0,0,0,0,0,0,0,0,23,0,85,0,43,0,44,0,125,0,0,0,0,0,0,0,0,0,27,0,19,0,13,0,0,0,12,0,7,0,18,0,16,0,12,0,28,0,0,0,20,20,84,0,0,0,13,0,0,0,0,0,0,0,0,0,0,0,0,0,0,0,0,0,0,0,0,0,0,0,0,0,0,0,36,140,73,10,0,0,0,1,0,0,0,0,0,0,0
0,239,0,95,0,338,0,0,0,15,0,174,0,36,30,57,11,5,0,49,0,30,27,40,0,15,0,35,0,1,0,19,0,155,0,157,0,0,0,6,1,0,0,60,0,22,0,0,0,0,3,43,0,3,0,12,0,5,0,0,0,12,0,9,0,0,1,0,0,0,0,2,0,0,0,0,0,0,0,0,0,0,0,0,0,0,0,0,0,0,0,0,0,0,0,0,0,0,0,0,0,0,0,0,0,0,0,0,0,0,0,0,0,0,0,0,0,0,0,0,0,0,0,16,0,0,0,0,0,0,0,0,0,0,0,0,0,0,0,37,0,50,0,82,1,104,0,0,0,0,0,0,0,0,0,13,0,28,0,8,0,0,0,0,0,7,0,66,0,0,0,5,0,52,0,0,0,101,0,35,0,0,0,21,0,0,0,3,0,0,0,0,0,0,0,0,0,0,0,0,0,0,0,0,0,0,0,0,0,0,0,0,0,0,14,0,0,0,22,131,134,9,0,0,0
443,0,425,0,0,0,22,0,9,0,47,0,0,0,0,0,112,0,0,0,0,0,0,5,8,0,0,0,22,0,3,0,0,0,0,0,8,0,0,2,0,0,0,0,0,0,0,0,0,0,1,0,0,0,0,0,0,0,0,0,6,0,20,0,0,0,0,0,0,0,0,0,0,0,4,0,0,0,0,0,0,0,0,0,1,0,0,0,0,0,11,0,0,0,0,0,26,0,0,0,0,0,0,0,0,0,0,0,0,0,0,0,0,0,0,0,0,0,0,0,0,0,0,0,0,0,0,0,0,0,0,0,0,0,0,0,0,0,13,0,5,0,0,0,23,0,0,0,0,0,0,0,0,0,4,0,4,0,1,0,0,0,4,0,0,0,1,0,0,0,1,0,186,0,1,0,2,13,0,0,0,0,29,0,0,0,0,0,0,0,0,0,0,0,0,0,0,0,0,0,0,0,0,0,0,0,0,0,0,0,48,228,21,0,0,0,0,0,0,0,0,1,0,0,0
0,419,0,234,0,0,0,377,0,0,0,10,0,0,0,0,20,55,0,0,0,3,42,17,9,70,0,0,0,26,0,40,0,11,0,0,0,6,2,0,0,0,0,0,0,1,0,0,0,0,0,5,0,2,0,16,0,9,1,0,0,11,0,5,0,0,0,0,0,0,0,0,0,0,0,0,0,0,0,0,0,0,0,0,0,1,0,0,0,0,0,0,0,0,0,0,0,0,0,0,0,0,0,0,0,0,0,0,0,0,0,0,0,0,0,0,0,0,0,0,0,0,0,0,0,0,0,0,0,0,0,0,0,0,0,15,0,27,0,33,0,24,0,16,0,29,0,0,0,0,0,0,0,0,0,9,0,14,0,11,0,0,0,0,0,0,0,0,0,0,0,0,0,20,0,0,0,121,0,12,0,0,0,27,0,0,0,0,0,0,0,0,0,0,0,0,0,0,0,0,1,0,0,0,0,0,0,0,0,0,0,3,0,0,20,0,0,0,28,46,33,19,0,0,0
42,0,32,0,122,0,1,0,0,0,135,0,235,113,19,0,0,0,15,29,0,8,0,0,0,0,69,243,0,0,0,1,0,0,0,8,1,1,0,0,0,93,13,8,24,42,179,302,103,7,15,25,0,0,0,0,0,0,0,0,0,0,0,0,0,0,0,0,0,0,0,0,0,0,0,0,0,0,0,0,0,0,0,0,0,0,0,0,0,0,0,0,0,0,0,0,0,0,0,0,0,0,0,0,0,0,0,0,0,0,0,0,0,0,0,0,0,0,0,0,0,0,0,0,0,0,2,0,0,0,0,0,0,0,0,0,0,0,0,0,0,0,0,0,0,0,0,0,5,0,0,0,0,0,0,0,0,0,0,0,0,0,0,0,10,0,0,0,0,0,0,0,0,0,0,0,1,41,12,0,0,0,0,0,5,0,148,2,0,0,0,0,0,0,0,0,0,0,0,0,0,0,0,0,0,0,0,0,0,0,0,62,17,0,0,0,0,9,0,0,0,0,0,0,0
0,61,0,0,0,46,0,10,0,5,0,133,32,134,0,0,0,0,0,7,0,0,0,0,0,0,136,67,0,0,0,0,0,0,0,3,0,0,0,0,93,0,9,56,49,27,164,234,29,87,11,32,0,1,0,0,0,0,0,0,0,0,0,0,0,0,0,0,0,0,0,0,0,0,0,0,0,0,0,0,0,0,0,0,0,0,0,0,0,0,0,0,0,0,0,0,0,1,0,0,0,0,0,1,0,0,0,0,0,0,0,0,0,0,0,0,0,1,0,0,0,0,0,0,0,0,0,0,0,0,0,0,0,0,0,0,0,0,0,0,0,0,0,0,0,0,0,0,0,0,0,0,0,0,0,0,0,0,0,0,0,0,0,0,0,6,0,0,0,0,0,0,0,0,0,0,0,193,0,29,0,0,0,0,0,0,15,7,0,0,0,0,0,0,0,0,0,0,0,0,0,0,0,0,0,0,0,0,0,0,0,2,0,0,0,0,0,1,0,10,26,0,0,0,25
0,0,0,0,0,0,0,0,0,0,0,0,84,38,0,0,14,0,11,0,7,0,0,0,1,0,102,76,34,0,12,0,17,0,6,0,33,0,0,0,13,9,0,0,146,0,55,31,39,0,25,0,0,0,0,0,1,0,7,0,0,0,15,0,0,0,0,0,0,0,22,0,5,0,0,0,0,0,0,0,7,0,0,0,0,0,0,0,0,0,0,0,0,0,3,0,0,0,123,0,0,0,0,0,0,0,0,0,0,0,0,0,0,0,0,0,0,0,0,0,0,0,0,0,0,0,0,0,0,0,0,0,0,0,0,0,0,0,0,0,0,0,0,0,39,0,0,0,0,0,0,0,0,0,0,0,1,0,0,0,0,0,6,0,23,0,22,0,11,0,4,0,9,0,0,0,0,6,15,0,0,0,0,0,0,0,198,0,0,0,0,0,0,0,0,0,0,0,0,0,0,0,0,0,0,0,0,0,0,0,16,55,75,4,7,0,0,8,0,0,1,0,0,0,0
0,0,0,0,0,15,0,0,0,0,0,0,14,111,0,0,0,0,0,29,0,75,0,0,0,4,27,298,0,0,0,7,0,14,0,11,0,60,0,0,8,56,0,0,5,234,16,86,0,49,0,39,0,0,0,5,0,0,0,0,0,0,0,0,0,0,0,0,0,0,0,0,0,0,0,0,0,0,0,0,0,0,0,0,0,0,0,0,0,0,0,0,0,0,0,0,0,0,0,0,0,0,0,0,0,0,0,0,0,0,0,0,0,0,0,0,0,0,0,0,0,0,0,11,0,0,0,0,0,0,0,0,0,0,0,0,0,0,0,0,0,0,0,68,0,55,0,0,0,0,0,0,0,0,0,0,0,7,0,0,0,0,0,0,0,52,0,35,0,10,0,0,0,6,0,0,0,58,0,0,0,0,0,0,0,0,0,63,0,0,0,0,0,0,0,1,0,0,0,0,0,0,0,0,0,0,0,0,0,0,0,0,0,0,0,0,0,0,39,59,109,0,0,0,0
0,0,10,0,0,0,4,0,0,0,4,0,15,27,0,0,0,0,0,0,30,5,0,0,2,0,208,71,2,0,2,0,0,0,8,0,21,0,0,0,24,49,146,5,0,0,167,129,168,8,148,0,0,0,0,0,2,0,2,0,0,0,2,0,0,0,0,0,6,0,20,0,0,0,0,0,0,0,7,0,0,0,19,0,0,0,0,0,0,0,0,0,2,0,0,0,0,0,89,0,17,0,0,0,0,0,0,0,0,0,0,0,0,0,0,0,0,0,0,0,0,0,0,0,0,0,0,0,0,0,0,0,0,0,0,0,0,0,3,0,0,0,0,0,0,0,0,0,0,0,0,0,0,0,0,0,0,0,1,0,0,0,9,0,147,0,29,0,51,0,5,0,21,0,1,0,1,10,14,0,0,0,0,0,0,0,20,0,0,0,0,0,0,0,0,0,0,0,0,0,0,0,0,0,0,0,0,0,0,0,26,175,224,7,9,0,0,50,0,0,0,0,0,0,0
0,0,0,0,0,2,0,13,0,0,0,0,0,15,0,0,0,0,0,10,0,11,0,0,0,0,30,172,0,2,0,1,0,1,0,11,0,22,0,1,42,27,0,234,0,0,68,196,15,122,0,80,0,0,0,6,0,0,0,0,0,0,0,0,0,0,0,0,0,8,0,0,0,0,0,0,0,9,0,0,0,49,0,45,0,30,0,0,0,6,0,0,0,6,0,66,0,0,0,0,0,0,0,16,0,0,0,0,0,0,0,0,0,0,0,0,0,5,0,0,0,32,0,0,0,1,0,0,0,0,0,0,0,0,0,0,0,0,0,0,0,0,2,0,0,14,0,0,0,0,0,1,0,0,0,0,0,0,0,0,0,0,0,4,0,125,0,18,0,114,0,4,0,11,0,0,0,46,0,3,0,0,0,0,0,0,11,26,0,0,0,0,0,0,0,0,0,0,0,0,0,0,0,0,0,0,0,0,0,0,0,4,0,0,21,0,0,0,96,139,259,11,0,0,32
49,0,19,0,142,0,0,0,14,0,101,0,122,107,32,0,0,0,63,0,0,8,1,0,1,0,285,303,0,0,0,0,0,0,0,0,0,0,0,0,179,164,55,16,167,68,0,597,137,39,36,27,0,0,0,0,0,0,0,0,0,0,0,0,0,0,0,0,0,0,0,0,0,0,0,0,0,0,0,0,0,0,0,1,0,0,0,0,0,0,0,0,0,0,0,0,0,0,0,0,0,0,0,0,0,0,0,0,0,0,0,0,0,0,0,0,0,0,0,0,0,0,0,0,0,0,0,0,0,0,7,0,0,0,0,0,1,0,0,0,0,0,0,0,0,0,0,0,0,0,0,0,0,0,0,0,0,0,0,0,0,0,0,0,29,0,0,0,0,0,5,0,0,0,0,0,2,53,14,0,0,0,15,0,11,0,184,0,0,0,0,0,0,0,0,0,0,0,0,0,0,0,0,0,0,0,0,0,0,0,0,309,117,0,0,0,0,49,0,0,0,0,0,0,0
0,91,0,0,0,96,0,0,0,9,0,160,67,228,0,0,0,0,0,62,0,0,0,0,0,0,236,346,0,0,0,0,0,0,0,0,0,0,0,0,302,234,31,86,129,196,597,0,141,182,25,75,0,0,0,0,0,0,0,0,0,0,0,0,0,0,0,0,1,0,0,0,0,0,0,0,0,0,0,0,0,0,0,0,0,0,0,0,0,0,0,0,0,5,0,0,0,0,0,0,0,0,0,0,0,0,0,0,0,0,0,0,0,0,0,0,0,3,0,0,0,0,0,0,0,0,0,0,0,0,0,0,0,0,0,0,0,0,0,0,0,0,0,0,0,0,0,0,0,0,0,5,0,0,0,0,0,0,0,0,0,0,0,0,0,23,0,1,0,0,0,0,0,1,0,0,0,299,0,2,0,0,0,0,0,3,66,13,0,0,0,0,0,0,0,0,0,0,0,0,0,0,0,0,0,0,0,0,0,0,0,16,7,0,0,0,0,0,0,160,84,0,0,0,54
6,0,4,0,11,0,25,0,8,0,24,0,38,2,0,0,2,0,0,2,0,0,3,0,5,0,32,19,0,0,0,0,0,0,3,0,3,0,0,0,103,29,39,0,168,15,137,141,0,101,15,0,10,0,0,0,18,0,6,0,1,0,0,0,0,0,0,0,30,0,0,0,0,0,0,0,3,0,10,0,3,0,74,0,0,0,19,1,16,0,0,0,39,0,62,0,18,0,16,0,30,0,53,0,27,0,21,0,0,0,0,0,0,0,0,0,0,0,0,0,0,0,0,0,0,0,0,0,0,0,0,0,0,0,2,0,0,0,3,0,4,0,0,0,0,0,0,0,0,0,8,0,3,0,4,0,0,0,0,0,12,0,3,0,22,0,3,0,52,0,0,0,7,0,0,0,0,20,30,0,4,0,9,0,0,0,98,0,0,0,0,0,27,0,39,0,0,0,24,0,32,0,59,0,0,1,0,0,15,0,47,78,153,6,59,2,10,58,0,9,9,10,0,0,0
0,5,0,2,0,5,0,0,0,0,0,30,0,16,0,1,0,0,0,13,0,2,0,0,0,0,0,35,0,0,0,0,0,0,0,0,0,0,0,0,7,87,0,49,8,122,39,182,101,0,0,0,0,0,0,0,0,5,0,0,0,0,0,0,0,0,0,0,0,6,0,0,0,0,0,0,0,3,0,0,0,0,0,24,0,0,0,0,0,0,0,0,0,0,0,17,0,0,0,0,0,1,0,7,0,0,0,0,0,2,0,0,0,0,0,0,0,1,0,0,0,0,0,0,0,0,0,0,0,0,0,0,0,0,0,0,0,0,0,0,0,0,0,0,0,0,0,0,0,0,0,0,0,0,0,0,0,0,0,0,0,1,0,0,0,57,0,4,0,31,0,1,0,0,0,0,0,111,0,7,0,0,0,0,0,0,30,29,0,0,0,0,0,0,0,0,0,0,0,0,0,0,0,0,0,0,0,0,0,0,0,13,1,0,1,0,0,5,3,87,38,0,0,0,29
0,0,0,0,71,0,0,0,0,0,4,0,318,82,8,0,14,0,134,51,23,19,0,0,0,0,260,82,22,0,8,0,21,0,113,0,43,3,1,0,15,11,25,0,148,0,36,25,15,0,0,0,0,0,0,0,0,0,2,0,0,0,11,0,0,0,0,0,0,0,12,0,2,0,15,0,0,0,3,0,0,0,0,0,0,0,0,0,0,0,19,0,0,0,0,0,0,0,96,0,13,0,0,0,0,0,0,0,0,0,0,0,0,0,0,0,0,0,0,0,0,0,6,0,0,0,0,0,0,0,0,0,0,0,0,0,0,0,0,0,10,0,0,0,30,0,0,0,0,0,0,0,0,0,0,0,2,0,0,0,0,0,0,0,36,0,17,0,58,0,7,0,22,0,0,0,0,18,0,0,0,0,2,0,0,0,155,0,0,0,0,0,0,0,0,0,0,0,0,0,0,0,0,0,0,0,0,0,0,0,12,74,154,5,3,0,1,4,0,0,0,0,0,0,0
0,3,0,0,0,0,0,0,0,8,0,13,0,376,0,0,0,2,22,167,23,66,0,0,0,0,77,468,0,0,0,8,0,15,0,41,0,43,0,5,25,32,0,39,0,80,27,75,0,0,0,0,0,0,0,0,0,4,0,0,0,0,0,0,0,0,0,0,0,0,0,0,0,0,0,0,0,4,0,0,0,49,0,16,0,38,0,0,0,0,0,0,0,1,0,0,0,0,0,0,0,0,0,3,0,0,0,0,0,0,0,0,0,0,0,0,0,0,0,0,0,46,0,0,0,0,0,0,0,0,0,0,0,0,0,0,0,0,0,0,0,33,0,0,0,64,0,0,0,0,0,0,0,0,0,0,0,5,0,0,0,0,0,0,0,51,0,23,0,32,0,8,0,18,0,0,0,97,0,5,0,0,0,0,0,0,0,104,0,0,0,0,0,0,0,0,0,0,0,0,0,0,0,0,0,0,0,0,0,0,0,0,0,0,23,0,0,0,46,22,116,15,0,0,0
0,0,0,0,7,0,142,0,111,61,0,0,4,0,0,0,68,1,0,0,0,0,8,0,127,1,0,0,0,0,0,0,0,0,0,0,0,0,0,0,0,0,0,0,0,0,0,0,10,0,0,0,0,38,267,160,104,23,49,92,41,0,88,5,6,7,70,113,0,0,12,0,0,0,8,0,0,0,0,0,0,0,0,0,26,0,0,0,0,0,0,0,0,0,0,0,0,0,0,0,2,0,0,0,0,0,0,0,0,0,0,0,0,0,0,0,0,0,0,0,0,0,15,3,7,0,0,0,76,0,13,0,9,0,0,0,178,0,111,0,58,0,105,0,27,0,0,0,8,0,0,0,2,0,204,5,122,2,107,2,45,0,6,0,1,0,0,0,7,0,57,0,3,0,0,0,0,5,0,0,0,0,31,0,1,0,0,0,0,0,0,0,0,0,0,0,0,0,0,0,36,0,0,0,0,0,0,0,0,0,331,199,168,239,302,0,51,2,5,0,11,7,2,0,0
0,11,0,15,0,0,40,38,123,183,0,0,0,0,0,9,1,86,0,6,0,20,0,17,23,64,0,0,0,11,0,7,0,3,0,0,0,3,0,2,0,1,0,0,0,0,0,0,0,0,0,0,38,0,126,137,13,144,45,51,0,56,29,93,0,0,24,21,0,0,0,0,0,0,0,0,0,0,0,0,0,0,0,0,0,33,0,0,0,0,0,0,0,0,0,0,0,40,0,0,0,0,0,0,0,0,0,0,0,0,0,0,0,0,0,0,0,0,0,0,0,0,0,0,0,0,0,0,0,80,0,27,0,0,0,120,0,182,0,214,0,142,0,68,0,27,0,0,0,0,0,0,0,0,3,165,0,127,0,162,2,31,0,0,0,0,0,0,0,4,0,39,0,1,0,0,0,88,0,0,0,0,0,16,3,15,0,0,0,0,0,0,0,0,0,0,0,0,0,0,0,51,0,0,0,0,0,0,0,0,0,0,0,0,71,0,0,0,30,3,33,75,3,8,0
0,2,34,0,0,0,297,38,65,183,0,0,0,0,0,0,11,2,0,0,3,0,33,0,193,0,0,0,0,0,0,0,0,0,0,0,0,0,0,0,0,0,0,0,0,0,0,0,0,0,0,0,267,126,0,352,67,19,52,169,33,5,14,29,9,0,94,162,0,0,0,0,0,0,0,0,0,0,0,0,0,0,0,0,0,0,0,0,0,0,0,0,0,0,0,2,11,0,0,0,0,0,0,0,0,0,0,0,0,0,0,0,0,0,0,0,0,0,0,0,0,0,0,0,16,0,13,0,40,0,36,0,13,0,19,0,55,0,7,0,0,0,26,0,0,0,15,0,0,0,8,0,1,0,69,0,80,16,20,0,98,0,8,0,0,0,0,0,7,0,125,0,0,2,0,0,0,16,0,0,0,0,0,0,0,7,0,0,0,0,0,0,0,0,0,0,0,0,0,0,10,0,0,0,0,0,0,0,0,0,312,70,229,352,367,0,87,2,8,0,0,0,0,0,0
0,4,0,50,0,0,124,226,366,104,0,0,0,0,0,21,11,32,0,0,0,38,0,13,127,182,0,0,0,19,0,10,0,10,0,0,0,12,0,16,0,0,0,5,0,6,0,0,0,0,0,0,160,137,352,0,22,140,122,92,0,79,102,282,0,3,86,19,0,0,0,0,0,0,0,0,0,0,0,0,0,0,0,0,0,1,0,0,0,0,0,0,0,0,0,1,0,0,0,0,0,0,0,0,0,1,0,0,0,0,0,0,0,0,0,0,0,0,0,0,0,0,0,0,0,21,0,0,0,23,0,63,0,33,0,24,0,42,0,11,0,10,0,21,0,0,0,0,0,10,0,5,0,0,2,66,0,32,0,22,0,53,0,2,0,5,0,0,0,12,0,221,0,65,0,0,0,89,0,0,0,0,3,2,13,9,0,0,0,0,0,0,0,0,0,0,0,0,0,0,0,0,0,0,0,0,0,0,0,0,0,0,0,0,353,0,0,0,289,36,349,360,32,0,0
0,0,0,0,0,0,4,0,14,0,0,0,0,0,0,0,4,0,0,0,0,0,0,0,43,0,0,0,0,0,0,0,0,0,0,0,0,0,0,0,0,0,1,0,2,0,0,0,18,0,0,0,104,13,67,22,0,0,247,0,0,0,0,0,41,25,55,86,0,0,0,0,0,2,0,0,0,0,0,0,0,0,0,0,0,0,0,0,0,0,0,0,0,0,0,0,0,0,0,0,0,0,0,0,0,0,0,0,0,0,0,0,0,0,0,0,0,0,0,0,0,0,0,0,11,0,0,0,37,0,69,0,6,0,0,0,15,0,0,0,0,0,0,0,9,0,10,0,11,0,0,0,0,0,174,31,43,3,69,0,293,0,0,0,2,0,0,0,21,0,96,0,8,0,9,0,1,0,0,0,8,0,0,0,26,0,0,0,0,0,0,0,0,0,0,0,0,0,0,0,0,0,0,0,0,0,0,0,5,0,530,91,494,574,992,57,99,0,3,0,4,0,0,0,0
1,4,0,0,0,0,0,26,0,20,0,0,0,0,0,0,0,16,0,0,0,9,0,0,0,66,0,0,0,9,0,0,0,0,0,0,0,5,0,9,0,0,0,0,0,0,0,0,0,5,0,4,23,144,19,140,0,0,112,294,0,13,0,14,9,33,101,58,0,0,0,0,0,0,0,0,0,0,0,0,0,0,0,0,0,0,0,0,0,0,0,0,0,0,0,0,0,0,0,0,0,0,0,0,0,0,0,0,0,0,0,0,0,0,0,0,0,0,0,0,0,0,0,0,0,33,0,2,0,59,0,146,0,29,0,11,0,23,3,5,0,7,0,0,9,0,0,0,0,6,0,9,0,3,29,219,5,41,0,136,0,60,0,0,0,2,0,5,0,68,0,388,0,23,0,0,0,0,0,0,0,0,0,0,0,3,0,0,0,0,0,0,0,0,0,0,0,0,0,0,0,3,0,0,0,0,0,0,0,4,2,0,2,0,914,0,0,0,442,78,587,520,90,0,0
6,0,13,0,0,0,24,0,73,0,0,0,2,0,0,0,0,0,0,0,1,0,0,0,4,1,0,0,0,0,0,0,0,0,1,0,0,0,0,1,0,0,7,0,2,0,0,0,6,0,2,0,49,45,52,122,247,112,0,248,0,1,1,0,163,31,385,281,0,0,0,1,0,0,0,0,0,0,0,0,0,0,0,0,0,0,0,0,0,0,0,0,0,0,0,0,0,0,0,0,0,0,0,0,0,0,0,0,0,0,0,0,0,0,0,0,0,0,0,0,0,0,0,0,1,0,0,0,0,0,23,1,0,0,0,1,0,0,1,0,0,1,0,0,0,12,5,0,16,0,2,0,0,0,52,72,112,1,4,34,53,24,0,0,0,0,0,0,0,0,18,0,7,0,0,0,15,0,0,0,0,0,0,0,194,11,0,0,0,0,0,0,0,0,0,0,0,0,0,0,0,0,0,0,0,0,0,0,0,0,465,317,96,272,567,0,0,0,0,0,0,0,0,0,0
0,9,0,0,0,0,0,30,103,56,0,0,0,0,0,0,0,0,0,0,0,0,0,0,0,10,0,0,0,0,0,3,0,0,0,0,0,0,0,0,0,0,0,0,0,0,0,0,0,0,0,0,92,51,169,92,0,294,248,0,0,0,11,22,14,239,155,275,0,0,0,0,0,0,0,0,0,0,0,0,0,0,0,0,0,0,0,0,0,0,0,0,0,0,0,0,0,0,0,0,0,0,0,0,0,0,0,0,0,0,0,0,0,0,0,0,0,0,0,0,0,0,0,0,1,22,0,2,0,0,0,104,0,11,0,0,0,0,0,0,0,0,0,0,0,3,0,0,0,16,0,10,0,0,56,90,0,104,7,36,20,99,0,0,0,2,0,0,0,27,0,136,0,29,0,4,0,12,0,0,0,0,0,3,25,113,0,0,0,0,0,0,0,0,0,0,0,0,0,0,0,0,0,0,0,1,0,0,0,0,0,0,1,0,1197,0,0,0,818,205,457,615,0,57,0
44,0,25,0,12,0,191,0,167,0,0,0,0,0,0,0,4,0,0,0,0,0,0,0,30,6,0,0,3,0,0,0,0,0,0,0,9,0,6,0,0,0,0,0,0,0,0,0,1,0,0,0,41,0,33,0,0,0,0,0,0,0,32,0,0,0,3,0,0,0,5,0,0,0,0,0,0,0,0,0,0,0,0,0,0,0,0,0,0,0,0,0,0,0,0,0,0,0,0,0,1,0,0,0,0,0,0,0,0,0,0,0,0,0,0,0,0,0,0,0,5,0,0,0,0,0,0,0,0,0,0,0,1,0,0,0,11,0,118,0,38,0,0,0,130,0,0,0,0,0,1,0,0,0,47,0,102,0,14,0,0,0,13,0,1,0,0,0,0,0,95,0,87,0,0,0,0,0,0,0,0,0,45,0,0,0,0,0,0,0,0,0,0,0,0,0,0,0,0,0,0,0,0,0,0,0,0,0,0,0,48,112,48,29,21,0,8,0,0,0,0,0,0,0,0
0,127,0,0,0,0,6,178,0,168,0,0,0,0,0,0,0,4,0,0,0,0,3,0,15,4,0,0,0,0,0,0,0,3,0,0,0,12,0,11,0,0,0,0,0,0,0,0,0,0,0,0,0,56,5,79,0,13,1,0,0,0,0,28,0,0,0,0,0,0,0,0,0,0,0,2,0,0,0,2,0,0,0,0,0,0,0,0,0,0,0,0,0,0,0,0,0,0,0,0,0,0,0,0,0,0,0,0,0,0,0,0,0,0,0,0,0,0,0,0,0,0,0,0,0,0,0,0,0,0,0,0,0,0,0,0,0,0,0,46,0,47,0,24,0,189,0,0,0,0,0,0,0,0,0,29,0,58,0,0,3,0,0,1,0,0,0,0,0,5,0,75,0,113,0,0,0,102,0,0,0,0,0,56,0,8,0,0,0,0,0,0,0,0,0,0,0,0,0,0,0,0,0,0,0,0,0,0,0,0,0,0,0,0,67,0,0,0,38,56,155,123,0,27,0
199,14,118,1,0,0,409,98,162,62,0,0,0,0,7,0,206,10,11,0,157,0,24,0,246,35,46,0,16,0,21,0,11,1,18,0,41,0,20,0,0,0,15,0,2,0,0,0,0,0,11,0,88,29,14,102,0,0,1,11,32,0,0,15,0,0,0,0,0,0,41,0,0,0,44,0,0,0,0,0,38,0,0,0,33,0,24,0,0,0,81,0,0,0,0,0,143,0,0,0,0,0,0,0,0,0,0,0,0,0,0,0,0,0,0,0,0,0,0,0,58,0,0,0,0,0,0,0,5,0,2,0,0,0,0,0,74,0,88,0,100,0,0,0,75,0,0,0,0,0,0,0,0,0,56,0,14,0,24,0,3,0,0,0,0,0,0,0,0,0,7,0,0,0,0,0,0,37,0,0,0,0,37,0,0,0,0,0,0,0,0,0,0,0,0,0,0,0,0,0,0,0,0,0,0,0,0,0,0,0,71,76,26,15,32,0,4,0,0,0,0,0,0,0,0
0,96,5,7,0,0,25,329,40,261,0,0,0,0,0,18,18,101,0,0,0,91,9,30,75,103,0,0,1,21,0,29,0,9,0,6,0,9,0,5,0,0,0,0,0,0,0,0,0,0,0,0,5,93,29,282,0,14,0,22,0,28,15,0,0,0,0,3,0,0,0,0,0,0,0,0,0,0,0,0,0,0,0,0,0,0,0,0,0,0,0,0,0,0,0,0,0,0,0,0,0,0,0,0,0,0,0,0,0,0,0,0,0,0,0,0,0,0,0,0,0,0,0,6,0,0,0,0,0,13,0,7,0,0,0,53,0,47,0,60,0,40,0,30,0,19,0,0,0,0,0,0,0,0,0,55,0,24,0,26,0,3,0,0,0,0,0,0,0,0,0,0,0,8,0,0,0,163,0,0,0,0,0,57,0,8,0,0,0,0,0,0,0,0,0,0,0,0,0,0,0,0,0,0,0,0,0,0,0,0,1,0,0,0,23,0,0,0,11,5,21,23,1,3,0
5,0,0,0,3,0,0,0,81,0,0,0,0,0,0,0,0,0,0,0,0,0,0,0,0,0,0,0,0,0,0,0,0,0,0,0,0,0,0,0,0,0,0,0,0,0,0,0,0,0,0,0,6,0,9,0,41,9,163,14,0,0,0,0,0,23,193,16,0,0,0,0,0,0,0,14,0,0,0,0,0,0,0,0,0,4,0,0,0,0,0,0,0,0,0,0,0,0,0,0,0,0,0,0,0,0,0,0,0,0,0,0,0,0,0,0,0,0,0,0,0,0,0,0,8,0,0,0,0,0,65,33,0,0,0,0,0,0,0,43,0,0,0,0,21,62,16,0,72,0,0,0,0,0,8,0,3,0,0,0,508,71,3,0,0,0,0,0,0,0,1,0,0,0,38,0,0,0,0,0,106,26,0,0,207,10,0,0,0,0,0,0,0,0,0,0,0,0,0,0,0,0,0,0,0,0,0,0,0,1,36,21,0,0,36,0,0,0,0,0,0,0,0,0,0
0,25,0,8,0,9,0,6,0,121,0,8,0,7,0,20,0,0,0,19,0,0,0,0,0,2,0,0,0,0,0,0,0,0,0,0,0,0,0,0,0,0,0,0,0,0,0,0,0,0,0,0,7,0,0,3,25,33,31,239,0,0,0,0,23,0,0,341,0,0,0,32,0,3,9,35,0,0,2,0,0,0,0,0,0,0,0,15,0,0,0,0,0,0,0,0,0,0,0,0,0,0,0,0,0,0,0,0,0,0,0,0,0,0,0,0,0,0,0,0,0,0,0,0,9,52,0,8,0,4,0,219,0,1,0,0,0,4,67,28,10,16,0,0,57,112,0,21,0,270,0,11,0,6,24,0,0,1,34,2,140,447,0,0,0,0,0,0,0,11,0,0,0,6,2,59,0,0,0,0,17,192,0,16,0,115,0,0,0,0,0,1,0,0,0,0,0,0,0,0,0,0,0,0,0,0,0,7,0,0,0,0,0,0,175,0,0,0,202,0,75,0,0,0,0
0,0,1,0,0,0,3,0,99,0,0,0,0,0,0,0,0,0,0,0,0,0,0,0,0,0,0,0,0,0,0,0,0,0,0,0,2,1,0,0,0,0,0,0,0,0,0,0,0,0,0,0,70,24,94,86,55,101,385,155,3,0,0,0,193,0,0,125,0,0,0,0,0,0,0,0,0,0,0,0,0,0,0,0,0,0,0,0,0,0,0,0,0,0,0,0,0,0,0,0,0,0,0,0,0,0,0,0,0,0,0,0,0,0,0,0,0,0,0,0,0,0,0,0,2,0,0,0,0,0,13,0,0,0,0,0,0,0,2,7,0,0,0,0,5,9,9,0,35,0,0,0,0,0,6,74,17,3,0,41,149,0,0,0,0,0,1,0,0,0,2,0,2,0,7,0,24,0,0,0,9,0,0,0,570,11,0,0,0,0,0,0,0,0,0,0,0,0,0,0,0,0,0,0,0,0,0,0,0,0,100,108,0,0,73,0,0,0,1,2,0,0,0,0,0
0,24,0,0,0,0,13,31,72,115,0,0,0,0,0,0,0,0,0,0,0,0,0,0,0,0,0,0,0,0,0,0,0,0,0,0,0,0,0,0,0,0,0,0,0,0,0,0,0,0,0,0,113,21,162,19,86,58,281,275,0,0,0,3,16,341,125,0,0,0,0,0,0,0,0,0,0,0,0,0,0,0,0,0,0,0,0,0,0,0,0,0,0,0,0,0,0,0,0,0,0,0,0,0,0,0,0,0,0,0,0,0,0,0,0,0,0,0,0,0,0,0,0,0,0,0,0,1,0,0,0,53,0,1,0,0,0,1,2,0,0,0,0,0,21,6,0,0,0,15,0,0,0,1,74,27,17,36,9,9,33,72,0,0,0,1,0,0,0,0,0,0,0,0,0,55,0,16,0,0,0,11,0,3,27,478,0,0,0,0,0,0,0,0,0,0,0,0,0,0,0,0,0,0,0,0,0,0,0,0,0,0,0,0,368,0,0,0,246,135,78,0,0,0,0
0,0,0,0,0,0,0,0,0,0,0,0,0,0,0,0,0,0,0,0,0,0,0,0,0,0,0,0,0,0,0,0,0,0,0,0,0,0,0,0,0,0,0,0,6,0,0,1,30,0,0,0,0,0,0,0,0,0,0,0,0,0,0,0,0,0,0,0,0,0,0,0,18,0,0,0,129,0,9,0,10,0,32,0,0,0,19,0,29,0,18,0,30,0,17,0,0,0,0,0,0,0,182,0,66,0,58,0,68,0,5,0,6,0,0,0,13,0,0,0,0,0,0,0,0,0,0,0,0,0,0,0,0,0,0,0,0,0,0,0,1,0,0,0,0,0,1,0,0,0,0,0,0,2,0,0,0,0,0,0,0,0,0,0,30,0,0,0,128,0,1,0,0,0,2,0,0,0,0,0,0,0,0,0,0,0,0,0,0,0,0,0,0,0,39,0,0,0,0,0,0,0,75,0,0,0,0,0,0,0,170,0,156,11,22,79,25,4,0,0,0,0,0,0,0
0,0,0,0,0,0,0,0,0,0,0,0,0,0,0,0,0,0,0,0,0,0,0,0,0,0,0,0,0,0,0,0,0,0,0,0,0,0,0,0,0,0,0,0,0,8,0,0,0,6,0,0,0,0,0,0,0,0,0,0,0,0,0,0,0,0,0,0,0,0,0,0,0,0,0,0,0,19,0,0,0,4,0,41,0,0,0,14,0,23,0,0,0,33,0,29,0,0,0,0,0,0,0,110,0,6,0,7,0,12,0,0,0,3,0,0,0,16,0,0,0,0,0,0,0,2,1,0,0,0,0,0,0,0,0,0,0,0,0,0,0,0,0,0,0,0,0,0,0,0,0,0,0,0,0,0,0,0,0,0,0,0,0,0,0,23,0,0,0,44,0,1,0,0,0,0,0,3,0,0,0,0,0,0,0,0,0,0,0,0,0,0,0,0,0,0,0,0,0,0,0,0,0,17,0,0,0,0,0,0,0,0,0,0,0,0,0,0,50,4,74,0,10,72,0
0,0,0,0,0,0,0,0,0,0,0,0,0,0,3,0,65,0,0,0,93,0,0,0,0,0,46,0,6,0,16,0,0,0,27,0,40,0,0,0,0,0,22,0,20,0,0,0,0,0,12,0,12,0,0,0,0,0,0,0,5,0,41,0,0,0,0,0,0,0,0,0,231,0,303,0,11,0,86,0,8,7,0,0,0,0,12,0,0,0,0,0,0,0,0,0,0,0,28,0,0,0,0,0,0,0,0,0,0,0,0,0,0,0,0,0,0,0,0,0,21,4,2,0,26,14,24,0,0,0,35,0,0,8,0,0,0,8,4,13,50,27,0,0,77,25,17,0,48,0,38,0,30,0,3,0,8,0,2,0,23,19,50,21,0,0,16,0,33,0,17,0,41,0,39,1,0,0,0,0,89,32,0,0,0,0,0,0,0,0,0,0,0,0,0,0,0,0,0,0,9,0,0,0,0,0,0,0,42,0,25,3,34,0,9,0,0,0,0,0,0,0,0,0,0
0,0,0,0,0,0,0,0,0,0,0,0,0,0,0,0,0,0,0,2,0,16,0,0,0,0,0,0,0,0,0,4,0,0,0,0,0,2,0,0,0,0,0,0,0,0,0,0,0,0,0,0,0,0,0,0,0,0,1,0,0,0,0,0,0,32,0,0,0,0,0,0,0,125,0,390,0,6,0,15,0,1,0,0,0,0,0,91,0,0,0,0,0,0,0,0,0,0,0,0,6,0,0,0,0,0,0,0,0,0,0,0,0,0,0,0,0,0,0,0,0,6,0,7,0,74,0,0,0,0,0,29,0,112,0,0,0,0,42,0,0,4,0,0,23,62,0,30,0,0,0,53,0,0,6,0,0,3,18,0,61,0,0,23,0,0,0,7,0,3,0,6,0,16,0,20,0,0,0,0,0,112,0,0,0,0,0,0,0,0,0,0,0,0,0,0,0,0,0,0,0,4,0,0,0,0,0,0,0,23,0,0,0,0,7,0,0,0,38,0,0,0,1,0,0
0,0,0,0,0,0,0,0,0,0,0,0,0,0,0,0,15,0,0,0,14,0,0,0,0,0,0,0,0,0,0,0,0,0,4,0,0,0,0,0,0,0,5,0,0,0,0,0,0,0,2,0,0,0,0,0,0,0,0,0,0,0,0,0,0,0,0,0,18,0,231,0,0,0,79,0,54,0,206,0,0,0,43,0,0,0,5,0,0,0,0,0,3,0,0,0,0,0,4,0,1,0,0,0,0,0,0,0,0,0,0,0,0,0,0,0,0,0,0,0,52,0,8,0,70,0,0,0,12,0,23,0,53,0,49,4,54,0,14,8,46,0,36,0,78,13,57,0,0,0,119,0,0,0,0,0,1,0,0,3,4,0,88,0,1,0,0,0,10,0,10,0,0,0,14,0,0,0,0,0,47,11,0,0,0,0,0,0,0,0,0,0,16,0,0,0,0,0,110,0,51,0,0,0,0,0,0,0,173,0,240,1,0,0,21,0,0,0,0,0,0,0,0,0,0
0,0,0,0,0,1,0,0,0,0,0,0,0,0,0,0,0,0,0,0,0,0,0,0,0,0,0,0,0,0,0,0,0,0,0,0,0,0,0,0,0,0,0,0,0,0,0,0,0,0,0,0,0,0,0,0,2,0,0,0,0,0,0,0,0,3,0,0,0,0,0,125,0,0,0,254,0,85,0,41,0,0,0,7,0,0,0,110,0,0,0,0,0,0,0,0,0,3,0,0,0,0,0,0,0,0,0,0,0,0,0,0,0,0,0,0,0,0,0,0,0,11,0,4,0,70,0,0,0,0,0,23,0,111,0,37,0,0,0,0,0,0,0,0,0,53,0,33,0,0,0,0,0,43,0,0,0,1,0,0,9,4,0,33,0,0,0,0,0,21,0,10,0,6,0,23,0,0,0,0,0,0,0,0,0,3,0,0,0,0,0,0,0,0,0,0,0,8,0,114,0,53,0,0,0,0,0,182,0,65,0,0,0,0,14,0,0,0,147,0,9,0,1,0,0
0,0,0,0,0,0,0,0,0,0,0,0,0,0,0,0,66,0,0,0,0,0,0,0,0,0,0,0,0,0,0,0,3,0,0,0,25,0,4,0,0,0,0,0,0,0,0,0,0,0,15,0,8,0,0,0,0,0,0,0,0,0,44,0,0,9,0,0,0,0,303,0,79,0,0,0,14,0,152,0,1,0,10,0,0,0,2,0,0,0,0,0,0,0,1,0,2,0,1,13,0,0,0,0,0,0,0,0,0,0,0,0,0,0,0,0,0,0,0,0,60,0,17,0,34,22,17,0,0,0,28,0,10,13,47,0,22,0,4,0,61,26,68,0,84,20,28,0,61,10,56,0,54,2,0,0,0,0,0,0,0,0,26,0,0,0,7,0,9,0,9,0,23,0,49,0,0,0,0,0,88,32,0,0,12,0,0,0,0,0,0,0,0,0,0,0,0,0,158,0,84,0,101,0,0,0,112,0,77,0,54,0,19,2,0,0,2,0,0,0,0,0,0,3,0
0,0,0,0,0,0,0,0,0,0,0,0,0,0,0,0,0,0,0,0,0,26,0,0,0,0,0,0,0,0,0,0,0,0,0,0,0,0,0,0,0,0,0,0,0,0,0,0,0,0,0,0,0,0,0,0,0,0,0,0,0,2,0,0,14,35,0,0,0,0,0,390,0,254,0,0,0,24,0,132,0,3,0,0,0,3,0,111,0,0,0,0,0,0,0,0,0,1,0,0,0,0,0,0,0,0,0,0,0,0,0,0,0,0,0,0,0,0,0,0,0,196,0,43,0,79,0,0,0,0,0,0,0,113,0,0,0,49,47,0,0,37,0,23,23,186,0,0,32,0,0,143,0,50,0,0,0,6,21,0,63,0,0,35,0,0,0,0,0,11,0,5,0,19,0,40,0,0,0,0,0,181,0,0,0,0,0,0,0,0,0,0,0,0,0,0,0,0,0,34,0,0,0,0,0,5,0,105,0,76,0,0,0,0,7,0,0,0,106,4,11,0,0,0,0
0,0,0,0,0,0,0,0,0,0,0,0,0,0,0,0,0,0,0,0,0,0,0,0,0,0,0,0,0,0,0,0,0,0,0,0,0,0,0,0,0,0,0,0,0,0,0,0,3,0,0,0,0,0,0,0,0,0,0,0,0,0,0,0,0,0,0,0,129,0,11,0,54,0,14,0,0,0,54,0,0,0,20,0,7,0,40,0,0,0,16,0,5,0,18,0,24,0,0,0,0,0,120,0,0,0,26,0,51,0,0,0,0,0,2,0,37,0,0,0,6,0,9,0,0,0,0,0,0,0,0,0,0,0,0,0,0,0,0,0,0,0,0,0,0,0,0,0,0,0,0,0,0,0,0,0,0,0,0,0,0,0,0,0,16,0,0,0,18,0,0,0,0,0,3,0,0,0,0,0,0,0,0,0,0,0,0,0,43,0,0,0,33,0,28,0,0,0,0,0,0,0,0,0,0,0,0,0,0,0,39,0,24,0,7,8,0,0,0,0,0,0,0,0,0
0,0,0,0,0,0,0,0,0,0,0,0,0,0,0,0,0,0,0,0,0,0,0,0,0,0,0,4,0,0,0,0,0,0,0,0,0,0,0,0,0,0,0,0,0,9,0,0,0,3,0,4,0,0,0,0,0,0,0,0,0,0,0,0,0,0,0,0,0,19,0,6,0,85,0,24,0,0,0,8,0,53,0,0,0,11,0,141,0,0,0,0,0,2,0,13,0,4,0,0,0,8,0,57,0,0,0,0,0,0,0,0,0,1,0,0,0,7,0,0,0,0,0,0,0,0,0,0,0,0,0,0,0,0,0,0,0,0,0,0,0,2,0,0,0,0,0,0,2,0,0,0,0,0,0,0,0,0,0,0,0,0,0,0,0,9,0,0,0,108,0,0,0,0,0,0,0,0,0,0,0,0,0,0,0,0,0,0,0,58,0,0,0,0,0,36,0,3,0,50,0,64,0,0,0,53,0,0,0,0,0,0,0,0,6,0,0,0,59,0,61,4,2,0,2
0,0,0,0,0,0,0,0,0,0,0,0,0,0,0,0,0,0,0,0,0,0,0,0,0,0,0,0,0,0,0,0,0,0,0,0,0,0,0,0,0,0,0,0,7,0,0,0,10,0,3,0,0,0,0,0,0,0,0,0,0,0,0,0,0,2,0,0,9,0,86,0,206,0,152,0,54,0,0,0,13,0,42,0,6,0,108,0,0,0,18,0,9,0,16,0,40,0,39,0,6,0,43,0,0,0,12,0,12,0,0,0,0,0,0,0,0,0,0,0,60,0,20,0,0,0,0,0,0,0,0,0,6,0,0,0,0,0,0,0,8,4,28,0,9,0,7,2,11,0,29,0,0,0,0,0,0,0,0,0,0,0,6,0,0,0,2,0,70,0,0,0,0,0,5,0,0,0,0,0,12,0,0,0,0,0,0,0,46,0,0,0,45,0,18,0,0,0,85,0,127,0,148,0,110,0,0,0,43,0,237,5,37,0,27,0,0,0,0,0,0,0,0,0,0
0,0,0,0,0,0,0,0,0,0,0,0,0,0,0,0,0,0,0,0,0,11,0,0,0,0,0,0,0,0,0,0,0,0,0,0,0,0,0,0,0,0,0,0,0,0,0,0,0,0,0,0,0,0,0,0,0,0,0,0,0,2,0,0,0,0,0,0,0,0,0,15,0,41,0,132,0,8,0,0,0,0,0,0,0,0,0,31,0,0,0,0,0,0,0,1,0,0,0,0,0,0,0,0,0,0,0,0,0,0,0,0,0,0,0,0,0,0,0,0,0,17,0,13,0,25,0,36,0,0,0,14,0,52,0,27,0,30,0,0,0,23,0,3,0,56,0,0,0,0,0,51,0,0,0,0,0,0,0,0,0,0,0,5,0,0,0,4,0,0,0,0,0,4,0,0,0,0,0,0,0,0,0,0,0,0,0,0,0,0,0,0,0,0,0,1,0,0,0,35,0,0,0,0,0,0,0,61,0,38,0,0,0,0,0,0,0,0,0,0,0,1,0,0,0
