0,136,96,116,48,109,43,0,70,0,93,66,55,0,6,69,36,0,0,0,8,12,59,216,15,81,17,0,56,25,15,10,117,0,0,0,19,0,139,0,10,0,0,0,9,0,6,0,7,0,0,0,0,0,2,0,0,0,2,0,44,0,12,0,0,0,0,0,0,0,0,0,0,0,0,0,0,0,0,0,0,0,0,0,0,0,0,0,0,0,0,0,0,0,0,0,0,0,0,0,0,0,0,0,0,0,0,0,0,0,0,0,0,0,0,0,0,0,0,0,0,0,0,0,0,0,0,0,0,0,5,0,0,0,0,0,0,0,0,0,0,0,0,0,0,0,1,0,5,0,0,0,4,0,0,0,1,0,0,0,0,0,0,0,0,0,21,0,62,0,8,0,114,0,0,0,246,52,4,0,0,0,4,0,31,0,0,0,0,0,0,0,0,0,0,0,0,0,0,0,0,0,0,0,0,0,0,0,0,0,298,158,119,106,146,0,0,3,0,0,0,0,0,0,0
136,0,228,116,0,123,185,100,105,57,0,220,0,148,0,41,99,0,0,109,0,0,186,16,457,14,0,188,5,175,0,0,0,250,0,7,0,192,0,251,0,57,0,0,0,0,0,31,0,4,0,0,12,0,61,6,0,0,0,0,0,21,36,0,0,25,0,0,0,0,0,0,0,0,0,0,0,0,0,0,0,0,0,0,0,0,0,0,0,0,0,0,0,0,0,0,0,0,0,0,0,0,0,0,0,0,0,0,0,0,0,0,0,0,0,0,0,0,0,2,0,0,0,0,0,0,0,0,0,0,0,3,0,0,0,16,0,24,0,0,0,0,0,0,0,0,0,5,0,25,0,51,0,29,0,0,0,0,0,0,0,4,0,0,0,4,0,62,0,43,0,10,0,131,0,0,270,410,0,3,0,34,15,7,0,62,1,0,0,0,0,0,0,0,0,0,0,0,0,8,0,0,0,0,0,0,0,0,0,29,0,0,0,0,339,0,0,0,886,187,223,192,15,0,0
96,228,0,130,192,295,111,0,20,0,102,161,97,0,167,177,28,102,164,0,0,0,417,408,171,65,119,0,326,0,38,0,292,56,2,0,61,15,301,0,35,0,0,0,72,0,13,0,18,0,0,0,0,0,49,0,0,0,17,0,46,0,15,0,6,0,1,0,0,0,0,0,0,0,0,0,0,0,1,0,0,0,0,0,0,0,0,0,0,0,0,0,0,0,0,0,0,0,0,0,0,0,0,0,0,0,0,0,0,0,0,0,0,0,0,0,0,0,0,0,0,0,0,0,0,0,0,0,0,0,0,0,0,0,111,0,20,0,0,0,0,0,62,0,0,0,2,0,3,0,0,0,1,0,2,0,0,0,0,0,0,0,0,0,0,0,60,0,95,0,0,0,144,2,0,0,258,51,0,0,0,0,0,0,7,0,0,0,0,0,2,0,0,0,1,0,0,0,0,0,25,0,0,0,9,0,0,0,21,0,421,127,239,213,304,0,0,12,0,0,0,0,0,0,0
116,116,130,0,0,228,0,30,31,0,0,97,0,47,3,114,69,32,0,151,0,34,159,111,129,59,0,129,0,130,0,21,0,181,0,0,0,58,0,79,0,13,0,0,0,0,0,15,0,0,0,0,0,0,0,58,0,0,0,0,3,0,4,2,0,0,0,0,0,0,0,0,0,0,0,0,0,0,0,0,0,0,0,0,0,8,0,0,0,0,0,0,0,0,0,0,0,0,0,0,0,0,0,0,0,0,0,0,0,0,0,0,0,0,0,0,0,0,0,0,0,0,0,0,0,0,0,0,0,0,0,0,0,0,0,62,0,34,0,0,0,0,0,0,0,0,0,0,0,0,0,0,0,0,0,0,0,0,0,0,0,0,0,3,0,0,0,57,0,0,0,0,0,16,0,0,65,59,0,0,0,0,19,0,0,0,0,0,0,0,0,0,0,0,0,0,0,0,0,0,0,0,0,0,0,0,0,6,0,0,0,0,5,0,104,0,0,0,169,34,99,55,0,0,0
48,0,192,0,0,180,4,0,9,0,83,99,324,202,388,116,0,0,104,316,105,160,193,0,27,0,131,67,0,0,105,0,159,0,168,0,256,0,0,0,34,0,4,0,22,0,50,7,5,0,110,0,4,0,15,0,0,0,0,0,7,0,0,0,0,0,2,0,0,0,0,0,0,0,0,0,0,0,0,0,0,0,0,0,0,0,0,0,0,0,0,0,0,0,0,0,0,0,0,0,0,0,0,0,0,0,0,0,0,0,0,0,0,0,0,0,0,0,0,0,0,0,0,0,0,0,0,0,0,0,0,0,0,0,28,0,0,0,0,0,0,0,0,0,0,0,0,0,16,0,3,0,0,0,0,0,0,0,0,0,0,0,0,0,62,0,226,0,173,0,0,0,68,0,0,0,215,42,28,0,55,0,20,0,94,0,0,0,0,0,0,0,0,0,0,0,0,0,0,0,0,0,0,0,0,0,0,0,6,0,326,340,352,0,161,0,1,0,0,0,0,0,0,0,0
109,123,295,228,180,0,0,37,0,0,114,237,56,109,339,178,51,0,44,228,175,49,410,109,0,21,0,228,9,37,0,141,0,134,5,114,0,117,0,0,0,103,0,0,0,5,0,45,0,0,0,71,0,0,0,11,0,0,0,0,0,2,0,0,0,0,0,0,0,0,0,0,0,0,0,0,0,0,0,0,0,0,0,0,0,0,0,0,0,0,0,0,0,0,0,0,0,0,0,0,0,0,0,0,0,6,0,0,0,0,0,0,0,0,0,0,0,0,0,0,0,0,0,0,0,0,0,0,0,0,0,0,0,0,0,0,0,0,0,0,0,0,0,9,0,0,0,0,0,0,0,0,0,6,0,0,0,0,0,0,0,0,0,0,0,77,0,301,0,0,0,0,0,0,0,0,157,588,22,16,0,10,7,5,0,8,0,1,0,0,0,0,0,0,0,0,0,0,0,0,0,27,0,0,0,0,0,0,0,28,0,0,0,0,143,0,0,0,369,192,422,0,0,0,0
43,185,111,0,4,0,0,0,216,71,60,0,0,0,0,0,7,0,0,0,0,0,11,0,267,245,0,0,73,0,0,0,0,0,0,0,0,0,0,29,0,0,0,0,0,0,0,0,44,0,0,0,42,0,219,0,0,0,8,0,365,0,235,0,60,0,23,0,0,0,0,0,0,0,1,0,1,0,0,0,1,0,0,0,0,0,0,0,0,0,0,0,0,0,0,0,0,0,0,0,0,0,0,0,0,0,0,0,0,0,0,0,0,0,0,0,0,0,0,0,0,0,0,0,17,0,5,0,0,0,76,0,8,0,17,0,5,0,0,0,0,0,0,0,0,0,0,0,51,0,0,0,0,0,0,0,2,0,0,0,15,0,1,0,0,0,0,0,67,0,169,0,213,0,0,0,181,24,0,0,0,0,0,0,4,0,0,0,0,0,7,0,0,0,0,0,4,0,2,0,0,0,0,0,0,0,7,0,8,0,839,95,240,709,634,0,5,16,0,0,0,0,1,0,0
0,100,0,30,0,37,0,0,41,146,0,49,0,29,0,16,0,40,0,29,0,0,0,5,97,109,0,62,0,75,0,0,0,0,0,0,0,0,0,347,0,0,0,0,0,0,0,13,0,0,0,0,77,0,125,450,0,27,0,20,0,104,35,101,0,0,43,14,0,0,0,0,0,0,0,0,0,0,0,0,0,0,0,0,0,0,0,0,0,0,0,0,0,0,0,0,0,0,0,0,0,0,0,0,0,0,0,0,0,0,0,0,0,0,0,0,0,0,0,0,0,0,0,0,0,0,0,0,0,0,0,0,0,2,0,0,0,32,0,7,0,0,0,0,0,0,0,0,0,1,0,0,0,0,0,0,0,0,0,0,0,0,0,13,0,13,0,0,0,0,0,20,0,145,0,0,56,46,0,0,0,0,0,0,0,0,0,0,0,0,0,0,0,0,0,0,0,0,0,0,0,0,0,1,0,0,0,0,0,0,0,0,0,0,522,0,0,0,634,88,186,453,2,34,0
70,105,20,31,9,0,216,41,0,99,45,0,36,0,0,0,45,65,5,0,0,1,0,0,19,318,6,0,19,12,0,0,3,0,0,0,0,0,76,0,0,0,0,0,0,0,4,0,9,0,3,0,34,0,95,63,6,0,91,0,390,8,294,18,99,0,21,0,0,0,0,0,0,0,0,0,0,0,0,0,0,0,0,0,0,0,2,0,0,0,0,0,0,0,0,0,0,0,0,0,0,0,0,0,0,0,0,0,0,0,0,0,0,0,0,0,0,0,0,0,2,0,0,0,9,0,0,0,0,0,44,0,4,0,0,0,0,0,0,0,0,0,0,0,0,0,0,0,48,0,0,0,3,0,0,0,0,0,0,0,5,0,2,0,0,0,0,0,69,1,130,0,188,0,4,0,386,46,6,0,9,0,0,0,280,0,1,0,0,0,1,0,0,0,0,0,0,0,0,0,0,0,0,0,0,0,1,0,7,0,679,191,145,214,244,0,0,6,6,0,0,0,0,0,0
0,57,0,0,0,0,71,146,99,0,0,35,0,6,0,5,0,0,0,11,0,0,0,0,38,19,0,24,0,0,0,0,0,0,0,0,0,0,0,63,0,0,0,0,0,0,0,2,0,0,0,0,178,44,381,146,50,61,182,169,0,186,26,165,0,82,177,36,0,0,0,0,0,0,0,0,0,0,0,0,0,0,0,0,0,0,0,1,0,0,0,0,0,0,0,0,0,0,0,0,0,0,0,0,0,0,0,0,0,0,0,0,0,0,0,0,0,0,0,0,0,0,0,0,0,11,0,2,0,0,0,61,0,0,0,15,0,10,0,1,0,0,0,0,0,0,0,0,0,62,0,24,0,9,2,1,0,17,0,1,0,9,0,0,0,13,0,0,0,0,0,42,0,151,0,0,45,309,0,0,0,0,0,4,13,85,0,0,0,0,0,2,0,0,0,0,0,0,0,0,0,0,0,0,0,0,0,0,0,13,0,0,0,0,630,0,0,0,809,84,199,394,0,30,0
93,0,102,0,83,114,60,0,45,0,0,43,227,34,66,124,3,0,15,106,30,92,64,71,3,0,35,0,0,0,27,9,107,0,15,0,103,6,0,0,36,0,0,0,19,0,15,1,4,0,0,0,0,0,4,0,0,0,1,0,0,0,0,0,0,0,0,0,0,0,0,0,0,0,0,0,0,0,0,0,0,0,0,0,0,0,0,0,0,0,0,0,0,0,0,0,0,0,0,0,0,0,0,0,0,0,0,0,0,0,0,0,0,0,0,0,0,0,0,0,0,0,0,0,0,0,0,0,0,0,0,0,0,0,0,0,0,0,0,0,0,0,0,0,2,0,0,0,7,0,0,0,18,0,0,0,0,0,0,0,0,0,0,0,10,0,69,0,122,0,0,0,36,0,0,0,212,21,67,0,36,0,68,0,84,0,2,0,0,0,0,0,0,0,0,0,0,0,0,0,0,0,0,0,0,0,0,0,0,0,297,221,230,0,104,0,1,0,0,0,0,0,0,0,0
66,220,161,97,99,237,0,49,0,35,43,0,17,228,200,19,27,0,0,51,72,4,213,4,20,0,0,133,0,10,5,0,0,30,0,22,0,37,0,0,0,149,0,11,0,0,0,52,1,6,4,12,0,0,0,1,0,0,0,0,0,0,0,0,0,13,0,0,0,0,0,0,0,0,0,0,0,0,0,0,0,0,0,0,0,0,0,0,0,0,0,0,0,0,0,0,0,0,0,0,0,0,0,0,0,0,0,0,0,0,0,0,0,0,0,0,0,0,0,0,0,0,0,0,0,0,0,0,0,0,0,0,0,0,0,19,0,43,0,0,0,0,0,0,0,0,0,0,0,10,0,53,0,0,0,0,0,0,0,0,0,0,0,0,0,25,0,63,0,22,0,0,0,9,0,0,103,546,0,29,0,52,0,7,0,25,0,3,0,0,0,0,0,0,0,0,0,2,0,0,0,0,0,0,0,0,0,0,0,28,0,0,0,0,97,0,0,0,415,239,151,34,8,0,0
55,0,97,0,324,56,0,0,36,0,227,17,0,391,65,8,1,0,81,310,22,69,36,0,9,0,113,510,0,0,0,0,6,0,85,0,26,0,0,0,173,0,74,0,86,90,86,166,13,30,151,40,0,0,0,0,3,0,0,0,0,0,0,0,4,0,0,0,0,0,0,0,0,0,0,0,0,0,0,0,0,0,0,0,0,0,0,0,0,0,0,0,0,0,0,0,0,0,0,0,0,0,0,0,0,0,0,0,0,0,0,0,0,0,0,0,0,0,0,0,0,0,0,0,0,0,0,0,0,0,0,0,0,0,0,0,0,0,0,0,0,0,0,0,0,0,2,0,0,0,6,0,29,0,0,0,0,0,0,0,0,0,1,0,88,0,22,0,33,0,0,0,0,0,55,0,73,81,101,0,71,0,48,0,127,0,94,0,0,0,0,0,0,0,0,0,0,0,0,0,0,0,0,0,0,0,0,0,0,0,68,222,117,0,25,0,0,4,0,0,0,0,0,0,0
0,148,0,47,202,109,0,29,0,6,34,228,391,0,182,0,0,0,390,35,177,8,0,0,0,0,143,99,0,0,0,2,0,0,59,43,15,15,0,0,17,158,29,67,0,22,7,107,0,25,82,284,0,0,0,0,0,0,0,0,0,0,0,0,0,0,0,0,0,0,0,0,0,0,0,0,0,0,0,0,0,0,0,0,0,0,0,0,0,0,0,0,0,0,0,1,0,0,0,0,0,0,0,0,0,0,0,0,0,0,0,0,0,0,0,0,0,0,0,0,0,0,0,0,1,0,0,0,0,0,0,0,0,0,0,0,0,0,0,0,0,0,0,0,0,0,0,0,0,0,0,0,0,18,0,0,0,0,0,0,0,0,0,0,0,90,0,30,0,9,0,1,0,0,0,0,18,340,32,17,0,36,0,4,1,6,25,18,0,0,0,0,0,0,0,0,0,0,0,0,0,0,0,0,0,0,0,0,0,0,0,0,0,0,12,0,0,0,43,282,207,0,0,0,0
6,0,167,3,388,339,0,0,0,0,66,200,65,182,0,231,12,0,260,326,59,226,228,96,34,0,113,68,0,0,43,14,25,0,70,30,107,0,0,0,10,0,0,0,27,1,0,5,1,0,34,0,0,0,11,0,0,0,0,0,0,0,0,0,0,0,0,0,0,0,0,0,0,0,0,0,0,0,0,0,0,0,0,0,0,0,0,0,0,0,0,0,0,0,0,0,17,0,0,0,0,0,0,0,0,0,0,0,0,0,0,0,0,0,0,0,0,0,1,0,0,0,0,0,0,0,0,0,0,0,0,0,0,0,47,0,0,0,0,0,0,0,42,0,0,0,0,0,6,0,0,0,7,0,0,0,0,0,0,0,0,0,0,0,17,0,43,0,45,0,0,0,13,0,0,0,98,31,15,0,0,0,2,0,8,0,0,0,0,0,0,0,0,0,0,0,0,0,0,0,0,0,0,0,0,0,3,0,0,0,44,162,71,13,19,0,0,0,0,0,0,0,0,0,0
69,41,177,114,116,178,0,16,0,5,124,19,8,0,231,0,48,21,0,257,93,57,296,106,0,86,0,101,3,12,18,87,0,18,0,33,0,17,3,0,0,0,0,0,0,0,0,0,0,0,0,0,0,1,0,112,0,14,0,0,0,0,0,22,0,0,0,0,0,0,0,0,0,0,0,0,0,0,0,0,0,0,0,0,0,92,0,6,0,0,0,0,0,0,0,0,0,0,0,0,0,0,0,0,0,0,0,0,0,0,0,0,0,0,0,0,0,0,0,0,0,0,0,9,0,0,0,0,0,0,0,0,0,0,0,199,0,92,0,0,0,0,0,0,0,0,0,0,0,3,0,0,0,0,0,1,0,0,0,0,0,0,0,0,0,6,0,53,0,0,0,0,0,4,0,0,53,64,9,0,0,0,6,0,0,0,0,0,0,0,0,0,0,0,0,0,0,0,0,0,0,144,0,0,0,0,0,0,0,64,0,0,0,0,0,0,0,0,36,95,74,7,0,0,0
36,99,28,69,0,51,7,0,45,0,3,27,1,0,12,48,0,62,140,0,269,0,79,160,136,62,94,0,248,12,47,0,143,14,33,0,0,0,200,0,0,0,2,0,70,0,0,0,0,0,0,0,85,0,8,0,0,0,0,0,61,0,309,0,0,0,0,0,0,0,8,0,0,0,34,0,0,0,0,0,0,0,0,0,118,0,0,0,0,0,64,0,0,0,0,0,306,0,0,0,0,0,0,0,0,0,95,0,0,0,0,0,0,0,0,0,0,0,0,0,44,0,172,0,0,0,0,0,0,0,1,0,0,0,22,0,130,0,108,0,153,0,353,0,3,0,0,0,0,0,1,0,0,0,11,0,0,0,17,0,0,0,0,0,0,0,11,0,16,0,0,0,17,2,0,0,22,9,0,0,0,0,35,0,0,0,0,0,0,0,0,0,0,0,0,0,0,0,0,0,92,0,0,0,0,0,0,0,0,0,16,98,43,31,20,0,0,0,0,0,0,0,0,0,0
0,0,102,32,0,0,0,40,65,0,0,0,0,0,0,21,62,0,0,0,0,100,90,112,215,149,0,43,0,194,4,61,0,173,0,16,0,23,0,216,0,0,0,0,0,0,0,0,0,0,0,0,18,29,45,44,0,11,0,0,0,9,22,154,0,0,0,0,0,0,0,5,0,0,0,16,0,0,0,0,0,155,0,0,0,260,0,27,0,0,0,0,0,0,0,0,0,0,0,191,0,43,0,0,0,0,0,0,0,0,0,0,0,0,0,0,0,0,0,0,0,42,0,59,0,0,0,0,0,45,0,5,0,0,0,119,0,20,0,89,0,83,0,318,0,13,0,0,0,0,0,0,0,0,0,0,0,0,0,9,0,0,0,0,0,3,0,29,0,8,0,0,0,9,0,0,18,0,0,0,0,0,8,0,0,0,0,0,0,0,0,0,0,0,0,0,0,0,0,1,0,71,0,0,0,0,0,0,0,0,0,0,0,0,43,0,0,0,42,224,43,41,0,0,0
0,0,164,0,104,44,0,0,5,0,15,0,81,390,260,0,140,0,0,250,140,51,174,0,100,0,63,523,0,0,6,0,0,0,124,18,32,0,0,0,32,42,9,35,12,78,12,231,0,27,276,43,0,0,0,0,0,0,0,0,0,0,33,0,0,0,0,0,0,0,14,0,0,0,0,0,0,0,0,0,0,0,0,0,0,0,0,0,0,0,0,0,0,0,0,0,0,0,0,0,0,0,0,0,36,0,0,0,0,0,0,0,0,0,0,0,0,0,0,0,0,0,0,0,0,0,0,0,0,0,0,0,0,0,0,0,0,0,0,0,0,0,0,0,0,0,0,0,7,0,7,0,16,0,0,0,0,0,0,0,0,0,0,0,117,0,35,0,0,0,0,0,0,0,21,0,5,28,22,0,27,0,9,0,35,0,41,0,2,0,0,0,0,0,0,0,0,0,0,0,0,0,0,0,0,0,0,0,0,0,85,263,114,29,23,0,0,0,0,0,0,0,0,0,0
0,109,0,151,316,228,0,29,0,11,106,51,310,35,326,257,0,0,250,0,190,83,0,248,0,24,0,238,0,31,0,37,0,0,60,110,27,77,0,0,0,7,21,33,0,23,0,41,0,1,54,223,0,3,0,38,0,0,0,0,0,1,0,21,0,17,0,0,0,0,0,0,0,0,0,0,0,0,0,0,0,0,0,0,0,0,0,0,0,0,0,0,0,0,0,0,0,0,0,0,0,0,0,0,0,0,0,0,0,0,0,0,0,0,0,0,0,0,0,0,0,0,0,0,0,0,0,0,0,0,0,0,0,0,0,192,0,102,0,0,0,22,0,0,0,0,0,0,0,14,0,0,0,0,0,2,0,1,0,0,0,0,0,0,0,76,0,26,0,0,0,2,0,0,0,2,26,81,58,2,0,0,0,0,0,27,18,3,0,0,0,0,0,0,0,0,0,0,0,34,0,85,0,0,0,0,0,0,0,72,0,0,0,0,0,0,0,0,54,247,149,0,0,0,0
8,0,0,0,105,175,0,0,0,0,30,72,22,177,59,93,269,0,140,190,0,109,135,89,45,0,169,163,36,0,187,0,140,2,68,0,89,0,25,0,1,0,2,0,27,0,0,66,3,7,88,0,14,0,3,1,0,0,0,0,0,0,100,0,0,0,0,0,0,0,53,0,0,0,74,0,0,0,0,0,46,0,0,0,162,0,50,0,0,0,141,0,0,0,0,0,380,0,97,0,0,0,0,0,0,0,0,0,0,0,0,0,0,0,0,0,0,0,0,0,157,0,211,0,0,0,0,0,0,0,0,0,0,0,0,0,59,0,97,0,244,0,253,0,36,0,0,0,0,0,0,0,0,0,4,0,0,0,0,0,0,0,0,0,90,0,110,0,67,0,0,0,23,0,0,0,50,9,17,0,0,0,4,0,0,0,2,0,0,0,0,0,0,0,0,0,0,0,0,0,0,0,0,0,0,0,0,0,0,0,157,349,156,50,86,0,0,0,0,0,0,0,0,0,0
12,0,0,34,160,49,0,0,1,0,92,4,69,8,226,57,0,100,51,83,109,0,71,188,0,13,0,206,0,119,0,25,10,7,14,38,4,5,0,0,0,0,3,12,0,27,0,0,0,3,12,9,0,0,0,19,0,0,0,0,0,0,0,43,0,0,0,0,0,0,0,7,0,0,0,19,0,0,0,6,0,0,0,0,0,166,0,18,0,0,0,0,0,0,0,0,0,0,0,160,0,0,0,2,0,0,0,0,0,0,0,0,0,0,0,0,0,0,0,0,0,0,0,77,0,0,0,0,0,17,0,0,0,0,0,0,0,22,0,160,0,214,0,308,0,90,0,0,0,0,0,0,0,0,0,4,0,0,0,13,0,0,0,0,0,39,0,22,0,0,0,0,0,0,0,0,10,6,15,0,0,0,0,0,0,0,0,0,0,0,0,0,0,0,0,0,0,0,0,0,0,47,0,0,0,0,0,0,0,0,5,0,0,0,23,0,0,0,110,439,65,19,0,0,0
59,186,417,159,193,410,11,0,0,0,64,213,36,0,228,296,79,90,174,0,135,71,0,607,183,43,138,0,76,36,88,60,41,39,0,0,10,18,41,0,16,0,0,0,127,0,13,0,3,0,9,0,14,0,82,0,0,0,0,0,10,0,54,0,0,0,0,0,0,0,0,0,0,0,0,0,0,0,0,0,0,0,0,0,97,0,10,0,0,0,0,0,0,0,0,0,217,0,0,0,0,0,0,0,0,0,178,0,0,0,0,0,0,0,0,0,0,0,0,0,0,0,0,0,0,0,0,0,0,0,0,0,0,0,116,0,74,0,0,0,0,0,270,0,0,0,0,0,1,0,0,0,3,0,12,0,0,0,0,0,0,0,0,0,0,0,24,0,58,0,0,0,34,0,0,0,151,34,0,0,0,0,29,0,2,0,0,0,0,0,0,0,0,0,0,0,0,0,0,0,146,0,0,0,9,0,0,0,71,0,18,186,82,19,26,0,0,1,0,6,0,0,0,0,0
216,16,408,111,0,109,0,5,0,0,71,4,0,0,96,106,160,112,0,248,89,188,607,0,168,47,0,185,15,61,15,60,40,54,0,14,0,18,0,4,0,0,0,0,0,0,0,0,0,0,0,0,0,6,0,40,0,0,0,0,0,0,0,39,0,0,0,0,0,0,0,0,0,0,0,0,0,0,0,0,0,59,0,0,0,66,0,0,0,0,0,7,0,0,0,0,0,0,0,70,0,0,0,0,0,0,0,32,0,0,0,0,0,0,0,0,0,0,0,0,0,0,0,21,0,0,0,0,0,0,0,0,0,0,0,66,0,0,0,0,0,14,0,53,0,0,0,0,0,0,0,0,0,0,0,0,0,0,0,0,0,0,0,0,0,0,0,85,0,10,0,0,0,7,0,0,54,22,0,0,0,0,21,0,0,4,0,0,0,0,0,0,0,0,0,0,0,0,0,0,0,53,0,0,0,0,0,0,0,8,0,0,0,0,20,0,0,0,38,345,39,0,0,0,0
15,457,171,129,27,0,267,97,19,38,3,20,9,0,34,0,136,215,100,0,45,0,183,168,0,520,52,0,163,45,8,0,8,47,0,0,0,31,102,54,0,0,0,0,47,0,0,0,7,0,0,1,55,0,149,0,18,0,15,0,62,8,181,0,0,0,0,0,0,0,0,0,0,0,0,0,0,0,0,0,0,0,0,0,0,0,0,0,0,0,0,0,0,0,0,0,106,0,0,0,0,0,0,0,0,0,0,0,0,0,0,0,0,0,0,0,0,0,0,0,0,0,0,0,0,0,3,0,22,0,0,0,0,0,144,0,200,0,47,0,60,0,399,0,0,0,2,0,6,0,0,0,4,0,29,0,0,0,27,0,26,0,0,0,4,0,0,0,35,0,12,0,28,9,0,0,85,25,0,0,0,0,3,0,2,0,0,0,0,0,0,0,0,0,0,0,0,0,0,0,144,0,0,0,5,0,0,0,52,0,44,95,53,115,53,0,0,4,0,0,0,3,0,1,0
81,14,65,59,0,21,245,109,318,19,0,0,0,0,0,86,62,149,0,24,0,13,43,47,520,0,0,0,4,64,1,10,0,47,0,0,0,37,8,79,0,0,0,0,0,0,0,0,0,0,0,0,93,14,268,270,0,62,0,32,0,32,111,59,0,0,32,1,0,0,0,0,0,0,0,0,0,0,0,0,0,0,0,0,0,110,0,0,0,0,0,0,0,0,0,0,0,0,0,61,0,0,0,0,0,0,0,0,0,0,0,0,0,0,0,0,0,0,0,0,0,0,0,0,0,0,0,0,0,14,0,0,1,0,0,249,0,40,0,47,0,38,0,223,0,0,0,0,0,0,0,0,0,0,0,19,0,1,0,9,0,1,0,0,1,5,0,10,0,19,0,4,0,56,0,0,117,45,0,0,0,0,9,1,0,0,0,0,0,0,0,0,0,0,0,0,0,0,0,0,0,167,0,0,0,0,0,0,0,12,14,0,7,0,64,0,0,1,105,308,37,55,0,0,0
17,0,119,0,131,0,0,0,6,0,35,0,113,143,113,0,94,0,63,0,169,0,138,0,52,0,0,428,21,0,33,0,54,0,37,0,161,0,0,0,39,184,106,73,158,270,15,633,36,212,238,39,9,0,0,0,0,0,0,0,0,0,39,0,0,0,0,0,0,0,0,0,0,0,0,0,0,0,0,0,0,0,0,0,0,0,0,0,0,0,0,0,0,0,0,0,0,0,0,0,0,0,0,0,0,0,0,0,0,0,0,0,0,0,0,0,0,0,0,0,0,0,0,0,0,0,0,0,0,0,0,0,0,0,0,0,0,0,0,0,88,0,182,0,0,0,0,0,17,0,0,0,0,0,0,0,0,0,0,0,0,0,0,0,186,0,0,0,32,0,0,0,0,0,0,0,12,51,14,0,26,2,22,0,60,0,88,0,0,0,0,0,0,0,0,0,0,0,0,0,0,0,0,0,0,0,0,0,0,0,30,357,225,0,25,0,0,61,0,0,0,0,0,0,0
0,188,0,129,67,228,0,62,0,24,0,133,510,99,68,101,0,43,523,238,163,206,0,185,0,0,428,0,0,59,0,34,0,0,98,51,23,42,0,0,160,70,119,168,0,167,49,118,0,33,197,325,0,0,0,0,0,6,0,0,0,4,0,55,0,19,0,0,0,0,0,0,0,0,0,24,0,0,0,0,0,0,0,0,0,230,0,0,0,0,0,0,0,0,0,9,0,0,0,0,0,0,0,0,0,0,0,0,0,0,0,0,0,0,0,0,0,0,0,0,0,0,0,106,0,0,0,0,0,12,0,0,0,0,0,153,0,100,0,52,0,171,0,245,0,0,0,0,0,18,0,27,0,0,0,0,0,0,0,0,0,0,0,0,0,164,0,15,0,23,0,1,0,0,0,0,0,142,19,1,0,0,0,1,0,20,58,46,0,0,0,0,0,0,0,0,0,0,0,0,0,0,0,0,0,0,0,0,0,40,0,0,0,0,11,0,0,0,36,831,335,0,0,0,13
56,5,326,0,0,9,73,0,19,0,0,0,0,0,0,3,248,0,0,0,36,0,76,15,163,4,21,0,0,0,52,0,25,0,25,0,21,0,2,0,0,0,3,0,5,0,0,0,0,0,8,0,3,0,3,0,0,0,0,0,1,0,13,0,0,0,0,0,0,0,0,0,0,0,0,0,0,0,0,0,0,0,0,0,0,0,0,0,0,0,0,0,0,0,0,0,0,0,0,0,0,0,0,0,0,0,0,0,0,0,0,0,0,0,0,0,0,0,0,0,3,0,5,0,0,0,0,0,0,0,0,0,0,0,0,0,5,0,34,0,24,0,0,0,2,0,0,0,0,0,0,0,0,0,8,0,0,0,8,0,0,0,0,0,1,0,0,0,2,0,0,0,0,0,0,0,26,0,0,0,0,0,57,0,0,0,0,0,0,0,0,0,0,0,0,0,0,0,0,0,0,0,0,0,0,0,0,0,0,0,0,30,2,0,0,0,0,0,0,0,0,0,0,0,0
25,175,0,130,0,37,0,75,12,0,0,10,0,0,0,12,12,194,0,31,0,119,36,61,45,64,0,59,0,0,0,114,0,91,0,131,0,32,0,42,0,0,0,24,0,0,0,0,0,0,0,17,0,5,0,19,0,3,0,0,0,15,0,88,0,0,0,0,0,0,0,0,0,0,0,0,0,0,0,0,0,0,0,0,0,54,0,0,0,0,0,0,0,0,0,0,0,0,0,51,0,9,0,0,0,0,0,0,0,0,0,0,0,0,0,0,0,0,0,0,0,0,0,29,0,0,0,0,0,25,0,0,0,0,0,0,0,12,0,133,0,73,0,128,0,19,0,0,0,0,0,0,0,0,0,14,0,1,0,25,0,0,0,0,0,0,0,0,0,0,0,0,0,0,0,0,3,14,0,0,0,0,0,5,0,2,0,0,0,0,0,0,0,0,0,0,0,0,0,0,0,0,0,0,0,0,0,0,0,0,0,0,0,0,0,0,0,0,0,130,0,0,0,0,0
15,0,38,0,105,0,0,0,0,0,27,5,0,0,43,18,47,4,6,0,187,0,88,15,8,1,33,0,52,0,0,0,20,0,13,0,31,0,36,0,0,0,2,0,0,0,0,0,0,0,18,0,7,0,1,0,0,0,0,0,0,0,30,0,0,0,0,0,0,0,0,0,0,0,0,0,0,0,0,0,0,0,0,0,0,0,0,0,0,0,0,0,0,0,0,0,0,0,0,0,0,0,0,0,0,0,0,0,0,0,0,0,0,0,0,0,0,0,0,0,0,0,0,0,0,0,0,0,0,0,0,0,0,0,0,0,13,0,76,0,88,0,29,0,0,0,0,0,0,0,0,0,0,0,4,0,0,0,6,0,0,0,0,0,0,0,41,0,44,0,0,0,10,0,0,0,6,0,0,0,0,0,11,0,0,0,0,0,0,0,0,0,0,0,0,0,0,0,0,0,0,0,0,0,0,0,0,0,0,0,68,124,45,0,27,0,0,0,0,0,0,0,0,0,0
10,0,0,21,0,141,0,0,0,0,9,0,0,2,14,87,0,61,0,37,0,25,60,60,0,10,0,34,0,114,0,0,0,8,0,33,0,3,0,4,0,0,0,29,0,1,0,0,0,0,0,12,0,0,0,0,0,0,0,0,0,0,0,13,0,0,0,0,0,0,0,0,0,0,0,2,0,0,0,1,0,0,0,0,0,25,0,0,0,0,0,0,0,0,0,0,0,0,0,0,0,0,0,0,0,0,0,0,0,0,0,0,0,0,0,0,0,0,0,0,0,0,0,0,0,0,0,0,0,0,0,0,0,0,0,0,0,0,0,0,0,34,0,0,0,21,0,0,0,0,0,0,0,0,0,3,0,0,0,0,0,0,0,0,0,16,0,31,0,0,0,0,0,0,0,0,0,0,0,0,0,0,0,0,0,0,0,0,0,0,0,0,0,0,0,0,0,0,0,0,0,0,0,0,0,0,0,0,0,0,0,0,0,0,15,0,0,0,81,288,44,0,0,0,0
117,0,292,0,159,0,0,0,3,0,107,0,6,0,25,0,143,0,0,0,140,10,41,40,8,0,54,0,25,0,20,0,0,0,61,0,230,0,7,0,0,0,10,0,13,0,0,0,0,0,16,0,5,0,4,0,1,0,0,0,1,0,14,0,0,0,0,0,0,0,0,0,0,0,0,0,0,0,0,0,0,0,0,0,0,0,0,0,0,0,0,0,0,0,0,0,0,0,0,0,0,0,0,0,0,0,0,0,0,0,0,0,0,0,0,0,0,0,0,0,0,0,0,0,0,0,0,0,0,0,0,0,0,0,0,0,12,0,67,0,0,0,0,0,0,0,0,0,0,0,0,0,0,0,11,0,0,0,5,0,0,0,0,0,3,0,31,0,24,0,0,0,12,1,0,0,43,0,5,0,4,0,67,0,0,0,0,0,0,0,0,0,0,0,0,0,0,0,0,0,0,0,0,0,0,0,0,0,0,0,50,169,44,10,0,0,0,0,0,0,0,0,0,0,0
0,250,56,181,0,134,0,0,0,0,0,30,0,0,0,18,14,173,0,0,2,7,39,54,47,47,0,0,0,91,0,8,0,0,0,182,0,38,0,8,0,0,0,31,0,1,0,0,0,0,0,28,0,12,0,10,0,0,0,0,0,0,0,24,0,0,0,0,0,0,0,0,0,0,0,0,0,0,0,0,0,0,0,0,0,22,0,0,0,0,0,0,0,0,0,0,0,0,0,0,0,0,0,0,0,0,0,0,0,0,0,0,0,0,0,0,0,0,0,0,0,0,0,0,0,0,0,0,0,13,0,0,0,0,0,19,0,0,0,111,0,68,0,39,0,67,1,0,0,0,0,0,0,0,0,9,0,9,0,40,0,0,0,0,0,0,0,16,0,0,0,0,0,2,0,0,10,60,0,0,0,0,0,18,0,0,0,0,0,0,0,0,0,0,0,0,0,0,0,0,0,0,0,0,0,0,0,0,0,0,2,0,0,0,4,0,0,0,19,462,19,4,0,0,0
0,0,2,0,168,5,0,0,0,0,15,0,85,59,70,0,33,0,124,60,68,14,0,0,0,0,37,98,25,0,13,0,61,0,0,0,11,0,38,0,0,0,3,0,4,19,0,0,1,6,26,0,0,0,0,0,0,0,0,0,0,0,0,0,0,0,0,0,0,0,14,0,0,0,0,0,0,0,0,0,0,0,0,0,21,0,0,0,0,0,24,0,0,0,0,0,58,0,25,0,0,0,0,0,0,0,0,0,0,0,0,0,0,0,0,0,0,0,0,0,36,0,45,0,1,0,0,0,0,0,0,0,0,0,0,0,10,0,0,0,45,0,36,0,0,0,0,0,1,0,0,0,0,0,0,0,0,0,0,0,0,0,0,0,20,0,13,0,15,0,0,0,1,0,0,0,3,7,15,0,0,0,0,0,3,0,2,0,0,0,0,0,0,0,0,0,0,0,0,0,0,0,0,0,0,0,0,0,0,0,26,99,29,9,15,0,0,0,0,0,0,0,0,0,0
0,7,0,0,0,114,0,0,0,0,0,22,0,43,30,33,0,16,18,110,0,38,0,14,0,0,0,51,0,131,0,33,0,182,0,0,0,149,0,19,0,0,0,70,0,5,0,0,0,0,0,47,0,0,0,0,0,4,0,0,0,0,0,13,0,0,0,0,0,0,0,6,0,0,0,7,0,0,0,3,0,0,0,0,0,0,0,0,0,0,0,0,0,0,0,0,0,0,0,51,0,0,0,0,0,0,0,0,0,0,0,0,0,0,0,0,0,0,0,0,0,0,0,39,0,0,0,0,0,23,0,0,0,0,0,0,0,0,0,135,0,122,0,111,0,58,0,0,0,0,0,0,0,0,0,0,0,0,0,35,0,0,0,0,0,83,0,75,0,21,0,0,0,7,0,0,0,13,0,0,0,0,0,0,0,0,1,3,0,0,0,0,0,0,0,0,0,0,0,0,0,0,0,0,0,0,0,0,0,0,0,0,0,0,24,0,0,0,124,478,203,0,0,0,0
19,0,61,0,256,0,0,0,0,0,103,0,26,15,107,0,0,0,32,27,89,4,10,0,0,0,161,23,21,0,31,0,230,0,11,0,0,0,28,0,0,0,33,0,70,0,0,0,3,0,27,0,4,0,0,0,2,0,0,0,7,0,14,0,0,0,0,0,0,0,84,0,0,0,77,0,0,0,0,0,0,0,0,0,63,0,0,0,0,0,61,0,0,0,0,0,146,0,78,0,0,0,0,0,0,0,0,0,0,0,0,0,0,0,0,0,0,0,0,0,110,0,80,0,0,0,0,0,0,0,0,0,0,0,0,0,23,0,185,0,202,0,70,0,113,0,0,0,0,0,0,0,0,0,24,0,0,0,18,0,0,0,0,0,15,0,25,0,63,0,7,0,25,0,0,0,24,0,13,0,3,0,22,0,6,0,0,0,0,0,0,0,0,0,0,0,0,0,0,0,0,0,0,0,0,0,0,0,0,0,67,101,51,37,34,0,0,0,0,0,0,0,0,0,0
0,192,15,58,0,117,0,0,0,0,6,37,0,15,0,17,0,23,0,77,0,5,18,18,31,37,0,42,0,32,0,3,0,38,0,149,0,0,0,33,0,0,0,95,0,30,0,0,0,0,0,42,1,4,0,0,0,0,0,3,0,30,0,15,0,0,0,0,0,0,0,13,0,0,0,13,0,0,0,0,0,0,0,0,0,41,0,10,0,0,0,2,0,0,0,0,0,0,0,0,0,0,0,0,0,0,0,0,0,0,0,0,0,0,0,0,0,0,0,0,0,58,0,31,0,0,0,0,0,0,0,0,0,0,0,10,0,0,0,139,0,118,0,51,0,200,0,0,0,0,0,0,0,0,0,25,0,22,0,56,0,0,0,0,0,18,0,36,0,13,0,4,0,43,0,0,11,92,0,3,0,0,0,24,0,0,0,0,0,0,0,0,0,0,0,0,0,0,0,0,0,0,0,0,0,0,0,0,0,0,0,0,0,0,0,0,0,0,36,386,71,9,0,0,0
139,0,301,0,0,0,0,0,76,0,0,0,0,0,0,3,200,0,0,0,25,0,41,0,102,8,0,0,2,0,36,0,7,0,38,0,28,0,0,0,0,0,4,0,0,0,0,0,0,0,0,0,12,0,0,0,0,0,0,0,7,0,12,0,0,0,0,0,0,0,0,0,0,0,0,0,0,0,0,0,0,0,0,0,0,0,0,0,0,0,0,0,0,0,0,0,0,0,0,0,0,0,0,0,0,0,0,0,0,0,0,0,0,0,0,0,0,0,0,0,0,0,0,0,0,0,0,0,0,0,0,0,0,0,0,0,0,0,28,0,0,0,0,0,12,0,0,0,0,0,2,0,0,0,10,0,0,0,4,0,0,0,0,0,0,0,0,0,0,0,3,0,29,1,0,0,118,0,0,0,0,0,97,0,0,0,0,0,0,0,0,0,0,0,0,0,0,0,0,0,0,0,0,0,0,0,0,0,0,0,32,133,12,12,0,0,0,0,1,0,0,0,0,0,0
0,251,0,79,0,0,29,347,0,63,0,0,0,0,0,0,0,216,0,0,0,0,0,4,54,79,0,0,0,42,0,4,0,8,0,19,0,33,0,0,0,0,0,2,0,0,0,0,0,0,0,1,10,3,24,4,0,1,0,0,0,4,9,15,0,0,0,0,0,0,0,0,0,0,0,0,0,0,0,0,0,0,0,0,0,4,0,0,0,0,0,0,0,0,0,0,0,0,0,0,1,0,0,0,0,0,0,0,0,0,0,0,0,0,0,0,0,0,0,0,0,0,0,0,0,0,0,0,0,0,0,1,0,0,0,0,0,0,0,21,0,10,0,0,0,16,0,0,0,0,0,0,0,0,0,3,0,14,0,15,0,0,0,0,0,0,0,0,0,0,0,0,0,17,0,0,15,115,0,0,0,0,0,21,0,0,0,0,0,0,0,0,0,0,0,0,0,0,0,0,0,0,0,0,0,0,0,0,0,0,0,0,0,0,0,0,0,0,4,187,0,2,1,0,0
10,0,35,0,34,0,0,0,0,0,36,0,173,17,10,0,0,0,32,0,1,0,16,0,0,0,39,160,0,0,0,0,0,0,0,0,0,0,0,0,0,52,42,0,115,159,15,282,76,186,7,0,0,0,0,0,0,0,0,0,0,0,0,0,0,0,0,0,0,0,0,0,0,0,0,0,0,0,0,0,0,0,0,0,0,0,0,0,0,0,0,0,0,0,0,0,0,0,0,0,0,0,0,0,0,0,0,0,0,0,0,0,0,0,0,0,0,0,0,0,0,0,0,0,0,0,0,0,0,0,0,0,0,0,0,0,1,0,0,0,0,0,0,0,0,0,0,0,3,0,0,0,0,0,0,0,0,0,0,0,0,0,0,0,36,0,0,0,0,0,1,0,0,0,0,0,0,26,16,0,0,0,4,0,15,0,138,0,0,0,0,0,0,0,0,0,0,0,0,0,0,0,0,0,0,0,0,0,0,0,0,123,47,0,0,0,0,31,0,0,0,0,0,0,0
0,57,0,13,0,103,0,0,0,0,0,149,0,158,0,0,0,0,42,7,0,0,0,0,0,0,184,70,0,0,0,0,0,0,0,0,0,0,0,0,52,0,0,39,37,39,57,237,3,170,0,24,0,0,0,1,0,0,0,0,0,0,0,0,0,0,0,0,0,0,0,0,0,0,0,0,0,0,0,0,0,0,0,0,0,0,0,0,0,0,0,0,0,0,0,0,0,0,0,0,0,0,0,0,0,0,0,0,0,0,0,0,0,0,0,0,0,0,0,0,0,0,0,0,0,0,0,0,0,0,0,0,0,0,0,0,0,0,0,0,0,0,0,0,0,0,0,0,0,0,0,0,0,0,0,0,0,0,0,0,0,0,0,0,0,8,0,0,0,4,0,0,0,0,0,0,0,190,0,16,0,9,0,0,0,0,22,3,0,0,0,0,0,0,0,2,0,0,0,0,0,0,0,0,0,0,0,0,0,0,0,0,0,0,0,0,0,0,3,9,0,0,0,0,13
0,0,0,0,4,0,0,0,0,0,0,0,74,29,0,0,2,0,9,21,2,3,0,0,0,0,106,119,3,0,2,0,10,0,3,0,33,0,4,0,42,0,0,0,95,54,40,52,31,19,41,0,2,0,1,0,7,0,0,0,0,0,0,0,0,0,0,0,0,0,24,0,0,0,16,0,0,0,0,0,16,0,0,0,14,0,9,0,0,0,37,0,0,0,0,0,55,0,32,0,0,0,0,0,0,0,2,0,0,0,0,0,0,0,0,0,0,0,0,0,30,0,0,0,0,0,0,0,0,0,0,0,0,0,0,0,0,0,0,0,0,0,14,0,0,0,0,0,0,0,0,0,0,0,0,0,0,0,0,0,0,0,0,0,30,0,25,0,9,0,1,0,8,0,0,0,0,0,2,0,0,0,0,0,0,0,49,2,0,0,0,0,0,0,0,0,0,0,0,0,0,0,0,0,0,0,0,0,0,0,31,64,68,10,0,0,0,8,1,0,0,0,0,0,0
0,0,0,0,0,0,0,0,0,0,0,11,0,67,0,0,0,0,35,33,0,12,0,0,0,0,73,168,0,24,0,29,0,31,0,70,0,95,0,2,0,39,0,0,0,98,0,54,0,16,20,41,0,0,0,0,0,0,0,4,0,3,0,0,0,0,0,0,0,0,0,5,0,0,0,0,0,0,0,0,0,0,0,0,0,0,0,0,0,0,0,0,0,0,0,0,0,0,0,44,0,0,0,0,0,0,0,0,0,0,0,0,0,0,0,0,0,0,0,0,0,31,0,18,0,0,0,0,0,0,0,0,0,0,0,0,0,0,0,54,0,67,0,51,0,48,0,0,0,0,0,0,0,0,0,0,0,0,0,0,0,1,0,0,0,17,0,12,0,0,0,0,0,5,0,0,0,53,0,0,0,0,0,0,0,0,9,111,0,0,0,0,0,0,0,0,0,0,0,0,0,0,0,0,0,0,0,0,0,0,0,1,0,0,4,0,0,0,21,120,53,0,0,0,3
9,0,72,0,22,0,0,0,0,0,19,0,86,0,27,0,70,0,12,0,27,0,127,0,47,0,158,0,5,0,0,0,13,0,4,0,70,0,0,0,115,37,95,0,0,79,209,110,91,143,68,1,8,0,18,0,0,0,7,0,0,0,68,0,3,0,1,0,0,0,93,0,7,0,76,0,0,0,0,0,79,0,0,0,153,0,65,0,0,0,176,0,0,0,0,0,386,0,130,0,6,0,0,0,0,0,0,0,0,0,0,0,0,0,0,0,0,0,0,0,0,0,109,0,0,0,0,0,2,0,0,0,0,0,0,0,21,0,0,0,0,0,90,0,0,0,0,0,11,0,0,0,0,0,0,0,0,0,0,0,0,0,9,0,54,0,46,0,26,0,13,0,24,0,62,0,35,0,96,0,77,0,25,0,72,0,124,0,0,0,0,0,0,0,0,0,0,0,0,0,37,0,0,0,0,0,0,0,6,0,69,102,141,26,16,0,0,79,0,4,0,0,0,0,0
0,0,0,0,0,5,0,0,0,0,0,0,90,22,1,0,0,0,78,23,0,27,0,0,0,0,270,167,0,0,0,1,0,1,19,5,0,30,0,0,159,39,54,98,79,0,165,107,37,146,71,55,0,0,0,0,0,0,0,0,0,0,0,0,0,0,0,2,0,0,0,19,0,3,0,0,0,10,0,8,0,0,0,0,0,76,0,0,0,0,0,0,0,0,0,25,0,0,0,112,0,17,0,8,0,0,0,0,0,0,0,0,0,10,0,0,0,0,0,0,0,102,0,45,0,0,0,0,0,0,0,0,0,0,0,0,0,0,0,0,0,23,0,39,0,51,0,0,0,0,0,0,0,0,0,0,0,0,0,0,0,0,0,12,0,195,0,60,0,57,0,3,0,27,0,0,0,41,4,0,0,0,0,0,0,0,29,52,0,0,0,0,1,0,0,31,0,15,0,0,0,0,0,0,0,0,0,0,0,0,0,0,0,0,7,0,0,0,99,208,225,25,0,0,132
6,0,13,0,50,0,0,0,4,0,15,0,86,7,0,0,0,0,12,0,0,0,13,0,0,0,15,49,0,0,0,0,0,0,0,0,0,0,0,0,15,57,40,0,209,165,0,188,79,285,8,0,0,0,0,0,0,0,0,0,0,0,0,0,0,0,0,0,0,0,0,0,0,0,0,0,0,0,0,0,0,0,0,0,0,0,0,0,0,0,0,0,0,0,0,0,0,0,0,0,0,0,0,0,0,0,0,0,0,0,0,0,0,0,0,0,0,0,0,0,0,0,0,0,0,0,0,0,0,0,0,0,0,0,0,0,0,0,0,0,0,0,0,0,0,0,0,0,0,0,0,0,5,0,0,0,0,0,0,0,0,0,1,0,79,0,1,0,17,0,0,0,0,0,0,0,0,15,20,0,17,0,12,0,0,0,148,0,0,0,0,0,0,0,0,0,0,0,0,0,0,0,0,0,0,0,0,0,0,0,0,155,82,3,0,0,0,86,0,5,0,0,0,0,0
0,31,0,15,7,45,0,13,0,2,1,52,166,107,5,0,0,0,231,41,66,0,0,0,0,0,633,118,0,0,0,0,0,0,0,0,0,0,0,0,282,237,52,54,110,107,188,0,13,87,97,23,0,0,0,0,0,0,0,0,0,0,0,0,0,0,0,0,0,1,0,0,0,0,0,0,0,0,0,0,0,0,0,2,0,0,0,0,0,0,0,0,0,0,0,3,0,0,0,0,0,0,0,0,0,0,0,0,0,0,0,0,0,0,0,0,0,0,0,0,0,0,0,0,0,0,0,0,0,0,0,0,0,0,0,0,0,0,0,0,0,0,0,4,0,0,0,0,0,0,0,0,0,0,0,0,0,0,0,0,0,0,0,0,0,23,0,0,0,0,0,0,0,0,0,0,0,214,3,0,0,0,0,0,0,0,111,22,0,0,0,0,0,0,0,4,0,0,0,0,0,0,0,0,0,0,0,0,0,0,0,0,0,0,0,0,0,0,0,165,42,0,0,0,49
7,0,18,0,5,0,44,0,9,0,4,1,13,0,1,0,0,0,0,0,3,0,3,0,7,0,36,0,0,0,0,0,0,0,1,0,3,0,0,0,76,3,31,0,91,37,79,13,0,94,18,0,3,0,4,0,14,0,10,0,4,0,0,0,0,0,0,0,0,0,0,0,0,0,0,0,0,0,1,0,0,0,7,0,0,0,0,0,1,0,0,0,2,0,0,0,0,0,7,0,4,0,5,0,3,0,0,0,0,0,0,0,0,0,0,0,0,0,0,0,0,0,0,0,0,0,0,0,0,0,2,0,0,0,0,0,0,0,0,0,2,0,4,0,2,0,0,0,0,0,5,0,3,0,0,0,0,0,1,1,4,0,6,0,51,0,0,0,25,0,8,0,16,0,0,0,20,4,26,0,11,0,6,0,3,0,145,0,6,0,0,0,16,0,3,0,0,0,0,0,1,0,0,0,9,0,2,0,6,0,22,67,69,0,34,1,1,37,0,1,0,0,0,0,7
0,4,0,0,0,0,0,0,0,0,0,6,30,25,0,0,0,0,27,1,7,3,0,0,0,0,212,33,0,0,0,0,0,0,6,0,0,0,0,0,186,170,19,16,143,146,285,87,94,0,25,10,0,0,0,0,0,0,0,3,0,0,0,0,0,0,0,0,0,0,0,0,0,0,0,0,0,4,0,0,0,0,0,3,0,0,0,3,0,0,0,0,0,2,0,39,0,0,0,0,0,13,0,3,0,0,0,3,0,0,0,0,0,4,0,0,0,0,0,0,0,0,0,0,0,0,0,0,0,0,0,0,0,0,0,0,0,3,0,0,0,0,0,2,0,0,1,0,0,0,0,0,0,0,0,0,0,0,0,0,0,0,0,0,0,65,0,8,0,20,0,2,0,0,0,0,0,88,0,10,0,0,0,0,0,0,66,75,0,0,0,3,0,0,0,17,0,0,0,0,0,0,0,0,0,0,0,0,0,0,0,4,0,0,0,0,0,0,11,48,17,4,3,0,32
0,0,0,0,110,0,0,0,3,0,0,4,151,82,34,0,0,0,276,54,88,12,9,0,0,0,238,197,8,0,18,0,16,0,26,0,27,0,0,0,7,0,41,20,68,71,8,97,18,25,0,21,0,0,0,0,8,0,0,0,0,0,10,0,0,0,0,0,0,0,26,0,0,0,30,0,0,0,0,0,0,0,0,0,0,0,18,0,2,0,0,0,0,0,0,0,76,0,49,0,0,0,0,0,0,0,0,0,0,0,0,0,0,0,0,0,0,0,0,0,33,0,34,0,0,0,0,0,0,0,0,0,0,0,0,0,0,0,0,0,0,0,0,0,13,0,0,0,2,0,0,0,0,0,0,0,0,0,0,0,0,0,8,0,88,0,26,0,31,0,10,0,27,0,0,0,0,0,15,0,0,0,0,0,0,0,9,1,0,0,0,0,0,0,0,0,0,0,0,0,0,0,0,0,0,0,0,0,0,0,62,99,85,31,20,1,0,9,0,1,0,0,0,0,0
0,0,0,0,0,71,0,0,0,0,0,12,40,284,0,0,0,0,43,223,0,9,0,0,1,0,39,325,0,17,0,12,0,28,0,47,0,42,0,1,0,24,0,41,1,55,0,23,0,10,21,0,0,3,0,0,0,0,0,0,0,0,0,0,0,0,0,2,0,0,0,14,0,0,0,5,0,1,0,0,0,94,0,0,0,85,0,0,0,0,0,0,0,1,0,0,0,0,0,97,0,0,0,0,0,0,0,2,0,0,0,0,0,0,0,0,0,0,0,0,0,74,0,49,0,0,0,0,0,0,0,0,0,0,0,15,0,0,0,23,0,55,0,0,0,67,0,0,0,0,0,0,0,0,0,0,0,0,0,0,0,6,0,0,0,42,0,26,0,33,0,8,0,18,0,0,0,27,0,0,0,0,0,0,0,0,6,116,0,0,0,0,0,0,0,0,0,0,0,0,0,0,0,0,0,0,0,0,0,0,0,0,0,0,9,0,0,0,86,269,139,15,0,0,0
0,12,0,0,4,0,42,77,34,178,0,0,0,0,0,0,85,18,0,0,14,0,14,0,55,93,9,0,3,0,7,0,5,0,0,0,4,1,12,10,0,0,2,0,8,0,0,0,3,0,0,0,0,24,103,187,125,20,238,26,83,10,86,28,0,3,5,90,0,0,0,0,0,0,4,0,0,0,0,0,0,0,0,0,11,0,0,0,0,0,5,0,0,0,0,0,20,0,0,0,0,0,0,0,0,0,30,0,0,0,0,0,0,0,0,0,0,0,0,0,1,0,0,0,0,0,1,0,40,0,4,0,0,0,6,0,89,0,86,0,63,0,109,0,2,0,0,0,0,0,1,0,0,0,111,2,61,0,82,0,4,0,0,0,4,0,0,0,10,0,66,0,3,5,0,0,21,6,0,0,0,0,0,0,27,9,0,0,0,0,0,0,0,0,0,0,0,0,0,0,27,0,0,0,0,0,0,0,1,0,40,195,65,113,58,3,3,3,2,2,2,0,0,0,0
0,0,0,0,0,0,0,0,0,44,0,0,0,0,0,1,0,29,0,3,0,0,0,6,0,14,0,0,0,5,0,0,0,12,0,0,0,4,0,3,0,0,0,0,0,0,0,0,0,0,0,3,24,0,22,53,40,47,66,66,0,47,0,101,0,2,19,57,0,0,0,0,0,0,0,0,0,0,0,0,0,0,0,0,0,13,0,0,0,0,0,0,0,0,0,0,0,0,0,3,0,0,0,0,0,0,0,0,0,0,0,0,0,0,0,0,0,0,0,0,0,0,0,0,0,0,0,0,0,34,0,12,0,11,0,18,0,0,0,75,0,42,0,112,1,4,0,0,0,0,0,0,0,0,15,104,1,92,3,52,0,3,0,0,0,0,0,0,0,1,0,2,0,0,0,0,3,17,0,0,3,0,0,0,2,110,0,0,0,0,0,0,0,0,0,0,0,0,0,0,0,0,0,0,0,0,0,0,0,0,0,0,0,0,14,0,0,0,14,58,0,13,0,0,0
2,61,49,0,15,0,219,125,95,381,4,0,0,0,11,0,8,45,0,0,3,0,82,0,149,268,0,0,3,0,1,0,4,0,0,0,0,0,0,24,0,0,1,0,18,0,0,0,4,0,0,0,103,22,0,204,57,0,90,0,34,32,45,104,3,0,56,54,0,0,0,0,0,0,0,0,0,0,0,0,0,0,3,0,4,0,0,0,0,0,0,0,0,0,0,0,9,0,0,0,0,0,0,0,0,0,0,0,0,0,0,0,0,0,0,0,0,0,0,0,0,0,0,0,1,0,4,0,24,0,5,0,0,0,47,0,66,0,14,0,19,0,64,0,0,0,0,0,3,0,0,0,0,0,28,0,10,0,14,0,39,0,0,0,0,0,0,0,10,0,122,0,7,15,0,0,30,41,0,0,0,0,0,0,1,0,0,0,0,0,0,0,0,0,0,0,0,0,0,0,0,0,0,0,0,0,0,0,24,0,170,55,113,394,237,3,7,6,12,0,9,0,0,0,0
0,6,0,58,0,11,0,450,63,146,0,1,0,0,0,112,0,44,0,38,1,19,0,40,0,270,0,0,0,19,0,0,0,10,0,0,0,0,0,4,0,1,0,0,0,0,0,0,0,0,0,0,187,53,204,0,95,143,266,109,0,51,9,119,0,1,193,37,0,0,0,0,0,0,0,0,0,0,0,0,0,0,0,0,0,0,0,0,0,0,0,0,0,0,0,0,0,0,0,0,0,0,0,0,0,0,0,34,0,0,0,0,0,0,0,0,0,0,0,0,0,0,0,4,0,1,0,0,0,10,0,2,0,6,0,160,0,117,0,57,0,32,0,166,0,0,0,0,5,2,0,0,0,0,31,24,0,0,3,13,4,3,0,0,0,7,0,0,0,23,0,42,0,24,0,0,0,32,0,0,2,0,0,0,16,59,0,0,0,0,0,0,0,0,0,0,0,0,0,1,0,51,0,0,0,0,0,0,0,6,2,0,0,1,226,0,0,0,141,166,110,361,0,16,0
0,0,0,0,0,0,0,0,6,50,0,0,3,0,0,0,0,0,0,0,0,0,0,0,18,0,0,0,0,0,0,0,1,0,0,0,2,0,0,0,0,0,7,0,0,0,0,0,14,0,8,0,125,40,57,95,0,87,273,139,16,0,0,0,29,0,24,219,0,0,1,0,0,0,0,0,1,0,0,0,0,0,0,0,0,0,0,0,0,0,0,0,0,0,0,0,0,0,0,0,0,0,0,0,0,0,0,0,0,0,0,0,0,0,0,0,0,0,0,0,0,0,0,0,4,0,8,0,42,0,16,0,7,0,18,0,37,0,30,2,4,0,27,0,6,2,0,0,0,0,0,0,0,0,82,44,107,6,99,0,102,0,60,0,15,0,2,0,89,0,264,0,17,1,7,0,20,0,0,0,55,13,0,0,21,16,0,0,0,0,0,0,0,0,0,0,0,0,0,0,0,0,4,0,0,0,0,0,13,0,470,189,449,597,638,34,47,10,0,0,0,0,0,0,0
0,0,0,0,0,0,0,27,0,61,0,0,0,0,0,14,0,11,0,0,0,0,0,0,0,62,0,6,0,3,0,0,0,0,0,4,0,0,0,1,0,0,0,0,0,0,0,0,0,0,0,0,20,47,0,143,87,0,121,396,0,9,0,20,61,6,37,36,0,1,0,0,0,0,0,0,0,0,0,0,0,0,0,0,0,0,0,0,0,0,0,0,0,0,0,0,0,0,0,0,0,0,0,0,0,0,0,0,0,0,0,0,0,0,0,0,0,0,0,0,0,0,0,0,0,0,0,0,0,19,0,23,0,11,0,121,0,77,0,76,0,51,0,102,0,2,0,0,0,0,0,0,0,0,75,259,8,17,0,78,52,56,0,0,0,17,0,0,0,50,0,110,0,22,0,0,1,1,0,0,12,9,0,0,0,27,0,0,0,0,0,0,0,0,0,0,0,0,0,0,0,0,0,0,0,0,0,0,0,0,0,0,0,0,293,0,0,0,133,76,321,414,0,17,0
2,0,17,0,0,0,8,0,91,182,1,0,0,0,0,0,0,0,0,0,0,0,0,0,15,0,0,0,0,0,0,0,0,0,0,0,0,0,0,0,0,0,0,0,7,0,0,0,10,0,0,0,238,66,90,266,273,121,0,140,82,0,0,18,101,11,379,305,2,0,0,0,0,0,0,0,1,0,0,0,0,0,0,1,0,0,0,0,0,0,0,0,0,0,0,0,0,0,0,0,0,0,0,0,0,0,0,0,0,0,0,0,0,0,0,0,0,0,0,0,0,0,0,0,6,0,3,0,0,0,60,0,2,0,0,0,0,0,0,0,0,0,0,0,0,0,0,0,16,0,0,0,0,0,48,13,121,4,0,2,30,0,6,0,9,0,0,0,37,0,150,0,9,0,0,0,141,0,0,0,81,3,0,0,163,24,0,0,0,0,0,0,0,0,0,0,0,0,0,0,0,0,0,0,0,0,0,0,0,0,700,194,268,442,580,20,12,12,7,0,0,5,0,0,0
0,0,0,0,0,0,0,20,0,169,0,0,0,0,0,0,0,0,0,0,0,0,0,0,0,32,0,0,0,0,0,0,0,0,0,0,0,3,0,0,0,0,0,4,0,0,0,0,0,3,0,0,26,66,0,109,139,396,140,0,0,99,0,68,92,100,57,117,0,0,0,0,0,0,0,0,0,0,0,0,0,0,0,0,0,0,0,0,0,0,0,0,0,0,0,0,0,0,0,0,0,0,0,0,0,0,0,0,0,0,0,0,0,0,0,0,0,0,0,0,0,0,0,0,0,2,0,0,0,3,0,20,0,4,0,4,0,0,23,0,0,0,0,2,28,4,1,0,0,7,0,0,0,0,120,64,16,118,59,14,86,46,0,12,0,26,0,11,0,109,0,114,0,0,1,7,1,0,0,0,32,35,0,0,12,24,0,0,0,0,0,0,0,0,0,0,0,0,0,0,0,0,0,0,0,0,0,0,0,0,0,0,0,0,1228,0,0,0,618,165,459,864,114,28,0
44,0,46,3,7,0,365,0,390,0,0,0,0,0,0,0,61,0,0,0,0,0,10,0,62,0,0,0,1,0,0,0,1,0,0,0,7,0,7,0,0,0,0,0,0,0,0,0,4,0,0,0,83,0,34,0,16,0,82,0,0,0,77,0,0,0,23,0,0,0,0,0,0,0,0,0,0,0,0,0,0,0,0,0,0,0,0,0,0,0,0,0,0,0,0,0,0,0,0,0,0,0,0,0,0,0,0,0,0,0,0,0,0,0,0,0,0,0,0,0,0,0,0,0,0,0,0,0,0,0,2,0,0,0,1,0,19,0,235,0,68,0,0,0,202,0,0,0,0,0,0,0,0,0,234,0,163,0,25,0,0,0,1,0,0,0,0,0,0,0,101,1,56,0,0,0,187,0,0,0,0,0,56,0,60,0,0,0,0,0,0,0,0,0,0,0,0,0,0,0,0,0,0,0,0,0,0,0,0,0,185,324,24,112,59,0,2,0,0,0,0,0,0,0,0
0,21,0,0,0,2,0,104,8,186,0,0,0,0,0,0,0,9,0,1,0,0,0,0,8,32,0,4,0,15,0,0,0,0,0,0,0,30,0,4,0,0,0,3,0,0,0,0,0,0,0,0,10,47,32,51,0,9,0,99,0,0,0,36,0,0,4,85,0,0,0,0,0,0,0,0,0,0,0,0,0,0,0,1,0,0,0,0,0,0,0,0,0,0,0,0,0,0,0,0,0,0,0,0,0,0,0,0,0,0,0,0,0,0,0,0,0,0,0,0,0,0,0,0,0,0,0,0,0,1,0,0,0,0,0,0,0,0,0,36,0,11,0,0,0,84,0,0,0,0,0,0,0,0,0,10,0,139,0,24,0,0,0,0,0,0,0,0,0,0,0,57,0,46,0,3,6,121,0,0,0,0,0,3,0,98,0,0,0,0,0,0,0,0,0,0,0,0,0,0,0,0,0,0,0,0,0,0,0,0,0,0,0,0,30,0,0,0,28,339,11,22,0,0,0
12,36,15,4,0,0,235,35,294,26,0,0,0,0,0,0,309,22,33,0,100,0,54,0,181,111,39,0,13,0,30,0,14,0,0,0,14,0,12,9,0,0,0,0,68,0,0,0,0,0,10,0,86,0,45,9,0,0,0,0,77,0,0,0,0,0,2,0,0,0,0,0,0,0,0,0,0,0,0,0,0,0,0,0,3,0,0,0,0,0,0,0,0,0,0,0,0,0,0,0,0,0,0,0,0,0,0,0,0,0,0,0,0,0,0,0,0,0,0,0,6,0,7,0,0,0,0,0,6,0,0,0,0,0,0,0,30,0,55,0,61,0,29,0,6,0,0,0,0,0,0,0,0,0,10,0,2,0,12,0,0,0,0,0,0,0,0,0,3,0,4,0,7,2,0,0,81,0,0,0,0,0,20,0,16,0,0,0,0,0,0,0,0,0,0,0,0,0,1,0,0,0,0,0,0,0,0,0,0,0,37,138,2,7,15,0,0,0,0,0,0,0,0,0,0
0,0,0,2,0,0,0,101,18,165,0,0,0,0,0,22,0,154,0,21,0,43,0,39,0,59,0,55,0,88,0,13,0,24,0,13,0,15,0,15,0,0,0,0,0,0,0,0,0,0,0,0,28,101,104,119,0,20,18,68,0,36,0,0,0,0,11,38,0,0,0,0,0,0,0,0,0,0,0,0,0,0,0,0,0,0,0,0,0,0,0,0,0,0,0,0,0,0,0,0,0,0,0,0,0,0,0,0,0,0,0,0,0,0,0,0,0,0,0,0,0,0,0,0,0,0,0,0,0,25,0,0,0,8,0,9,0,0,0,68,0,34,0,78,0,16,0,0,0,0,0,0,0,0,0,18,0,30,0,27,0,5,0,0,0,0,0,0,0,4,0,0,0,3,0,0,0,134,0,0,0,0,0,1,0,61,0,0,0,0,0,0,0,0,0,0,0,0,0,0,0,0,0,0,0,0,0,0,0,0,0,0,0,0,13,0,0,0,17,190,6,7,0,0,0
0,0,6,0,0,0,60,0,99,0,0,0,4,0,0,0,0,0,0,0,0,0,0,0,0,0,0,0,0,0,0,0,0,0,0,0,0,0,0,0,0,0,0,0,3,0,0,0,0,0,0,0,0,0,3,0,29,61,101,92,0,0,0,0,0,21,101,0,0,0,0,0,0,0,0,0,0,0,0,0,0,0,0,0,0,0,0,0,0,0,0,0,0,0,0,0,0,0,0,0,0,0,0,0,0,0,0,0,0,0,0,0,0,0,0,0,0,0,0,0,0,0,0,0,0,0,4,0,0,0,14,0,0,0,0,0,0,0,0,0,0,0,0,0,12,10,0,0,20,14,0,0,0,0,1,49,0,0,6,43,73,0,0,0,0,0,0,0,0,0,1,0,0,0,18,0,6,0,4,0,196,32,0,0,109,13,0,0,0,0,0,0,0,0,0,0,0,0,0,0,0,0,0,0,0,0,0,0,0,0,60,11,17,0,110,6,5,0,0,0,0,0,0,0,0
0,25,0,0,0,0,0,0,0,82,0,13,0,0,0,0,0,0,0,17,0,0,0,0,0,0,0,19,0,0,0,0,0,0,0,0,0,0,0,0,0,0,0,0,0,0,0,0,0,0,0,0,3,2,0,1,0,6,11,100,0,0,0,0,21,0,0,325,0,1,0,0,0,2,0,0,0,2,0,0,0,0,0,0,0,0,0,0,0,0,0,0,0,0,0,0,0,0,0,0,0,0,0,0,0,0,0,0,0,0,0,0,0,0,0,0,0,0,0,0,0,5,0,0,0,8,0,4,28,0,89,16,0,0,0,0,1,0,27,5,5,0,0,0,38,19,6,16,98,100,0,32,0,26,22,22,0,11,45,18,86,174,0,0,0,0,1,0,0,0,0,0,0,0,0,9,0,0,0,4,50,69,0,8,0,30,0,0,0,0,0,0,0,0,0,0,0,0,0,1,0,0,0,0,0,0,0,0,0,3,0,0,0,0,120,0,0,0,124,8,0,0,0,0,0
0,0,1,0,2,0,23,43,21,177,0,0,0,0,0,0,0,0,0,0,0,0,0,0,0,32,0,0,0,0,0,0,0,0,0,0,0,0,0,0,0,0,0,0,1,0,0,0,0,0,0,0,5,19,56,193,24,37,379,57,23,4,2,11,101,0,0,68,0,0,0,0,0,0,0,0,0,0,0,0,0,0,0,0,0,0,0,0,0,0,0,0,0,0,0,0,0,0,0,0,0,0,0,0,0,0,0,0,0,0,0,0,0,0,0,0,0,0,0,0,0,0,0,0,0,0,0,0,0,0,17,0,0,0,0,0,0,0,0,0,0,0,0,0,0,0,0,0,13,0,0,0,0,0,2,8,5,3,0,0,25,0,0,0,0,0,0,0,0,0,11,0,0,0,5,0,103,7,0,0,33,0,0,0,549,0,0,0,0,0,0,0,0,0,0,0,0,0,0,0,0,0,0,0,0,0,0,0,0,0,46,34,21,22,28,0,0,0,0,0,0,0,0,0,0
0,0,0,0,0,0,0,14,0,36,0,0,0,0,0,0,0,0,0,0,0,0,0,0,0,1,0,0,0,0,0,0,0,0,0,0,0,0,0,0,0,0,0,0,0,2,0,0,0,0,0,2,90,57,54,37,219,36,305,117,0,85,0,38,0,325,68,0,0,0,0,0,0,0,0,0,0,0,0,0,0,0,0,0,0,0,0,2,0,0,0,0,0,0,0,0,0,0,0,0,0,0,0,0,0,0,0,0,0,0,0,0,0,0,0,0,0,0,0,0,0,0,0,0,0,7,0,0,0,0,0,23,0,0,0,0,0,4,0,0,0,0,0,0,15,6,0,0,0,12,0,10,0,1,123,40,10,37,34,14,55,53,0,0,0,2,0,0,0,0,0,25,0,8,0,4,5,0,0,0,34,42,0,0,14,329,0,0,0,0,0,0,0,0,0,0,0,0,0,1,0,0,0,0,0,0,0,0,0,9,3,0,2,0,340,0,0,0,253,44,70,197,0,9,0
0,0,0,0,0,0,0,0,0,0,0,0,0,0,0,0,0,0,0,0,0,0,0,0,0,0,0,0,0,0,0,0,0,0,0,0,0,0,0,0,0,0,0,0,0,0,0,0,0,0,0,0,0,0,0,0,0,0,2,0,0,0,0,0,0,0,0,0,0,0,0,0,9,0,1,0,168,0,22,0,10,0,33,0,3,0,0,0,16,0,0,0,49,0,23,0,0,0,18,0,12,0,77,0,0,0,9,0,8,0,18,0,3,0,4,0,0,0,0,0,0,0,0,0,0,0,0,0,0,0,0,0,0,0,0,0,0,0,0,0,0,0,5,0,0,0,2,1,0,0,0,0,2,0,0,0,0,0,0,0,0,0,2,0,3,0,0,0,110,0,3,0,1,0,2,0,0,0,0,0,0,0,0,0,0,0,0,0,7,0,6,0,31,0,8,0,0,0,0,0,0,1,9,0,0,0,0,0,0,0,39,5,52,0,20,80,29,0,0,0,0,0,0,0,0
0,0,0,0,0,0,0,0,0,0,0,0,0,0,0,0,0,0,0,0,0,0,0,0,0,0,0,0,0,0,0,0,0,0,0,0,0,0,0,0,0,0,0,0,0,0,0,1,0,0,0,0,0,0,0,0,0,1,0,0,0,0,0,0,0,1,0,0,0,0,0,0,0,0,0,0,0,149,0,0,0,0,0,12,0,0,0,5,0,2,0,0,0,42,0,4,0,0,0,0,0,2,0,40,0,0,0,2,0,2,0,0,0,0,0,1,0,0,0,0,0,0,0,0,0,0,0,1,0,0,0,0,0,0,0,3,0,0,0,0,0,0,0,0,0,0,0,0,0,0,0,0,0,0,0,1,0,0,0,0,0,0,0,1,0,2,0,0,0,41,0,0,0,0,0,0,0,0,0,0,0,0,0,0,0,0,0,0,0,9,0,0,0,0,0,6,0,0,0,0,0,0,0,0,0,0,0,0,0,0,0,0,0,0,5,0,0,0,16,2,42,2,7,9,1
0,0,0,0,0,0,0,0,0,0,0,0,0,0,0,0,8,0,14,0,53,0,0,0,0,0,0,0,0,0,0,0,0,0,14,0,84,0,0,0,0,0,24,0,93,0,0,0,0,0,26,0,0,0,0,0,1,0,0,0,0,0,0,0,0,0,0,0,0,0,0,0,165,0,201,0,4,0,60,0,27,0,0,0,3,0,61,0,0,0,0,0,0,0,0,0,3,0,23,0,0,0,0,0,0,0,0,0,0,0,0,0,0,0,0,0,0,0,0,0,35,2,2,0,12,0,6,0,0,0,0,0,0,0,0,0,9,0,5,0,39,0,21,0,49,2,0,0,11,0,0,0,0,3,0,0,8,0,0,0,0,0,138,0,0,0,46,0,16,0,30,0,106,0,26,0,0,0,0,0,60,10,0,0,8,0,0,0,0,0,0,0,0,0,0,0,0,0,0,0,0,0,0,0,0,0,11,0,0,0,14,10,50,0,0,0,0,0,2,0,0,0,0,0,1
0,0,0,0,0,0,0,0,0,0,0,0,0,0,0,0,0,5,0,0,0,7,0,0,0,0,0,0,0,0,0,0,0,0,0,6,0,13,0,0,0,0,0,5,0,19,0,0,0,0,0,14,0,0,0,0,0,0,0,0,0,0,0,0,0,0,0,0,0,0,0,0,0,80,0,238,0,11,0,16,0,0,0,0,0,0,0,56,0,0,0,0,0,0,0,0,0,0,0,0,0,0,0,0,0,0,0,0,0,0,0,0,0,0,0,0,0,0,0,0,0,0,0,22,0,0,10,0,0,2,0,0,0,0,0,0,0,7,0,0,0,11,0,0,0,36,0,0,0,33,0,0,0,33,0,0,0,5,0,1,0,0,0,70,0,0,0,11,0,13,0,10,0,26,0,22,0,1,0,0,0,41,0,0,0,2,0,0,0,0,0,0,0,0,0,0,0,0,0,0,0,0,0,0,0,0,0,0,0,0,0,0,0,0,8,0,0,0,49,11,20,7,0,0,0
0,0,0,0,0,0,0,0,0,0,0,0,0,0,0,0,0,0,0,0,0,0,0,0,0,0,0,0,0,0,0,0,0,0,0,0,0,0,0,0,0,0,0,0,7,0,0,0,0,0,0,0,0,0,0,0,0,0,0,0,0,0,0,0,0,0,0,0,9,0,165,0,0,0,219,0,22,0,96,0,2,0,4,0,1,0,6,0,0,0,0,0,0,0,0,0,0,0,3,0,0,0,0,0,0,0,2,0,0,0,0,0,0,0,0,0,0,0,0,0,34,0,11,0,56,0,29,0,12,0,11,0,28,0,11,0,13,0,0,0,30,0,57,0,38,0,18,0,5,0,114,0,52,2,0,0,1,0,0,0,0,0,51,0,0,0,5,0,7,0,12,0,5,0,0,0,0,0,0,0,11,0,0,0,0,0,0,0,0,0,0,0,37,0,0,0,3,0,21,0,0,0,35,0,0,0,29,0,92,0,127,5,19,0,18,2,0,0,0,0,0,0,0,0,0
0,0,0,0,0,0,0,0,0,0,0,0,0,0,0,0,0,0,0,0,0,0,0,0,0,0,0,0,0,0,0,0,0,0,0,0,0,0,0,0,0,0,0,0,0,3,0,0,0,0,0,0,0,0,0,0,0,0,0,0,0,0,0,0,0,2,0,0,0,0,0,80,0,0,0,130,0,121,0,40,0,7,0,5,0,15,0,75,0,0,0,0,0,1,0,0,0,0,0,0,0,0,0,0,0,0,0,0,0,0,0,0,0,0,0,0,0,0,0,0,0,21,0,34,0,6,0,0,0,2,0,0,0,0,0,34,0,0,0,0,0,2,0,0,0,16,0,0,0,0,0,0,0,0,0,0,0,0,0,0,0,0,0,74,0,0,0,0,0,12,0,0,0,5,0,0,0,0,0,0,7,0,0,0,0,0,0,0,0,0,0,0,0,0,0,0,0,0,0,67,3,6,0,0,0,0,0,0,0,68,0,0,0,0,6,0,0,0,80,5,2,1,0,0,0
0,0,0,0,0,0,1,0,0,0,0,0,0,0,0,0,34,0,0,0,74,0,0,0,0,0,0,0,0,0,0,0,0,0,0,0,77,0,0,0,0,0,16,0,76,0,0,0,0,0,30,0,4,0,0,0,0,0,0,0,0,0,0,0,0,0,0,0,1,0,201,0,219,0,0,0,20,0,101,0,26,7,0,0,5,0,53,0,0,0,10,0,0,0,2,0,12,0,25,0,1,0,0,0,0,0,0,0,0,0,0,0,0,0,0,0,0,0,0,0,64,0,20,0,10,0,0,0,3,0,0,0,3,0,6,0,11,0,3,0,68,3,82,0,86,0,8,11,14,0,31,0,28,11,0,0,12,0,0,0,0,0,138,0,0,0,0,0,38,0,22,0,42,0,53,0,0,0,0,0,87,0,0,0,0,0,0,0,0,0,0,0,17,0,0,0,3,0,0,0,0,0,20,0,0,0,45,0,84,0,36,0,49,4,10,0,1,0,0,0,0,0,0,0,0
0,0,0,0,0,0,0,0,0,0,0,0,0,0,0,0,0,16,0,0,0,19,0,0,0,0,0,24,0,0,0,2,0,0,0,7,0,13,0,0,0,0,0,0,0,0,0,0,0,0,0,5,0,0,0,0,0,0,0,0,0,0,0,0,0,0,0,0,0,0,0,238,0,130,0,0,0,4,0,62,0,3,0,0,0,0,0,98,0,0,0,0,0,0,0,0,0,0,0,0,0,0,0,0,0,0,0,0,0,0,0,0,0,0,0,0,0,0,0,0,0,85,0,14,0,8,0,0,0,0,0,10,0,0,0,0,0,16,0,0,0,23,0,0,0,121,0,0,0,32,0,11,0,40,0,0,0,1,0,0,0,0,0,96,0,0,0,0,0,14,0,7,0,0,0,0,0,0,0,0,0,32,0,0,0,0,0,0,0,0,0,0,0,0,0,0,0,0,0,14,0,2,0,11,0,0,0,0,0,22,0,0,0,0,7,1,0,0,31,0,13,0,0,0,0
0,0,0,0,0,0,1,0,0,0,0,0,0,0,0,0,0,0,0,0,0,0,0,0,0,0,0,0,0,0,0,0,0,0,0,0,0,0,0,0,0,0,0,0,0,0,0,0,0,0,0,0,0,0,0,0,1,0,1,0,0,0,0,0,0,0,0,0,168,0,4,0,22,0,20,0,0,0,53,0,16,0,49,0,0,0,57,0,3,0,0,0,14,0,23,0,0,0,0,0,5,0,21,0,0,0,0,0,3,0,0,0,0,0,0,0,2,0,0,0,0,0,0,0,0,0,0,0,0,0,0,0,0,0,0,0,0,0,0,0,0,0,0,0,0,0,0,0,0,0,0,0,0,0,0,0,0,0,0,0,0,0,0,0,4,0,0,0,29,0,0,0,0,0,0,0,0,0,0,0,0,1,0,0,0,0,0,0,0,0,0,0,0,0,0,0,0,0,0,0,0,0,0,0,0,0,0,0,0,0,26,4,26,0,0,0,0,1,0,0,0,0,0,0,0
0,0,0,0,0,0,0,0,0,0,0,0,0,0,0,0,0,0,0,0,0,0,0,0,0,0,0,0,0,0,0,0,0,0,0,0,0,0,0,0,0,0,0,0,0,10,0,0,0,4,0,1,0,0,0,0,0,0,0,0,0,0,0,0,0,2,0,0,0,149,0,11,0,121,0,4,0,0,0,12,0,73,0,50,0,29,0,137,0,2,0,0,0,63,0,19,0,0,0,32,0,8,0,35,0,0,0,0,0,2,0,0,0,3,0,0,0,10,0,0,0,14,0,0,0,5,3,12,0,0,0,0,0,0,0,9,0,18,0,0,0,3,0,0,0,0,1,0,0,0,0,0,3,11,0,0,0,0,0,0,0,0,0,7,0,8,0,0,0,59,0,0,0,0,0,0,0,0,0,0,0,0,0,0,0,0,0,0,0,0,0,10,0,0,0,40,0,0,0,66,0,0,0,0,0,0,0,0,0,18,0,0,0,0,17,0,0,0,119,3,59,0,0,1,0
0,0,1,0,0,0,0,0,0,0,0,0,0,0,0,0,0,0,0,0,0,0,0,0,0,0,0,0,0,0,0,0,0,0,0,0,0,0,0,0,0,0,0,0,0,0,0,0,1,0,0,0,0,0,0,0,0,0,0,0,0,0,0,0,0,0,0,0,22,0,60,0,96,0,101,0,53,0,0,0,11,0,57,0,0,0,41,0,0,0,2,0,7,0,0,0,2,0,0,1,3,0,8,0,0,0,0,0,2,0,0,0,0,0,0,0,0,0,0,0,28,0,16,0,0,0,4,0,0,0,0,0,0,0,0,0,0,0,0,0,7,0,24,0,0,0,0,0,0,0,0,0,0,0,0,0,0,0,0,0,0,0,26,0,0,0,0,0,17,0,0,0,0,0,0,0,1,0,0,0,8,3,0,0,0,0,0,0,0,0,0,0,42,0,1,0,0,0,0,0,0,0,30,0,0,0,13,0,34,0,162,2,41,0,38,0,0,0,0,0,0,0,0,0,0
0,0,0,0,0,0,0,0,0,0,0,0,0,0,0,0,0,0,0,0,0,6,0,0,0,0,0,0,0,0,0,1,0,0,0,3,0,0,0,0,0,0,0,0,0,8,0,0,0,0,0,0,0,0,0,0,0,0,0,0,0,0,0,0,0,0,0,0,0,0,0,16,0,40,0,62,0,12,0,0,1,0,0,0,1,1,0,31,0,0,0,0,0,0,0,0,0,0,0,0,0,1,0,0,0,0,0,0,0,0,0,0,0,0,0,0,0,0,0,0,0,13,0,27,0,0,0,0,0,0,0,4,0,0,0,12,0,0,0,0,0,13,0,1,0,32,0,0,0,16,0,0,0,0,0,0,0,0,0,0,0,0,0,23,0,0,0,0,0,13,0,4,0,8,0,0,0,0,0,0,0,0,0,1,0,0,0,0,0,0,0,0,0,0,0,0,0,0,0,24,0,0,0,0,0,0,0,18,0,20,0,0,0,0,0,0,0,0,17,0,0,0,0,0,0
