0,279,36,182,62,0,12,0,48,18,85,0,162,0,0,0,8,143,10,0,0,0,10,170,9,362,14,0,58,8,0,0,120,9,0,0,53,0,348,57,74,0,0,0,0,0,30,0,14,0,0,0,1,0,6,0,5,0,5,0,23,0,6,26,32,0,10,0,0,0,0,0,0,0,0,0,0,0,0,0,0,0,0,0,0,0,0,0,0,0,0,0,0,0,0,0,0,0,0,0,0,0,0,0,0,0,0,0,0,0,0,0,0,0,0,0,0,0,0,0,0,0,0,0,4,0,7,0,0,0,32,0,0,0,20,0,0,0,0,0,0,0,0,2,0,0,34,0,72,0,30,0,0,0,0,0,6,0,0,0,0,0,0,0,9,0,0,0,54,0,28,0,208,0,0,0,357,118,19,0,0,0,32,14,139,0,0,0,0,0,0,0,0,0,0,0,0,0,0,0,7,0,0,0,1,0,0,0,17,0,720,174,242,0,257,0,2,0,0,0,0,5,0,0,0
279,0,273,20,0,139,163,44,51,28,29,126,0,68,12,25,198,12,0,54,8,0,345,18,293,57,0,185,0,112,0,6,0,159,0,0,0,175,0,381,0,44,0,1,0,37,0,87,0,0,0,0,0,0,0,31,0,9,0,5,0,107,28,31,0,78,0,24,0,1,0,0,0,0,0,0,0,0,0,0,0,5,0,0,1,0,0,0,0,0,0,0,0,0,0,0,0,0,0,0,0,0,0,0,0,0,0,0,0,0,0,0,0,0,0,0,0,0,0,0,0,0,0,0,0,0,0,36,0,0,0,69,0,0,0,0,0,27,0,0,0,0,0,0,0,0,0,0,0,59,0,0,0,0,0,0,0,0,0,0,0,12,0,0,0,0,0,0,0,18,0,44,9,195,0,0,140,333,0,2,0,51,0,11,0,62,0,1,0,0,0,0,0,0,0,0,0,0,0,21,0,0,0,0,0,0,0,21,0,97,6,0,0,0,360,0,0,1,925,223,225,163,0,15,1
36,273,0,215,169,0,67,0,15,0,25,112,203,0,109,190,11,0,102,0,8,0,319,264,55,170,32,0,178,0,105,0,354,0,0,0,62,19,254,0,40,0,0,0,11,0,35,0,19,0,0,0,5,0,35,1,0,0,0,0,8,0,3,0,22,0,0,0,0,0,0,0,0,0,0,0,0,0,0,0,0,0,0,0,0,0,0,0,0,0,0,0,0,0,0,0,6,0,0,0,0,0,0,0,0,0,0,0,0,0,0,0,0,0,0,0,0,0,0,0,0,0,0,0,6,0,39,0,0,0,52,0,0,0,275,0,12,0,0,0,0,0,0,0,0,0,48,0,119,0,61,0,0,0,0,0,0,0,0,0,4,0,0,0,0,0,86,0,57,0,19,0,182,6,0,0,159,98,0,0,0,0,0,8,56,0,0,0,0,0,0,0,0,0,0,0,0,0,0,0,0,0,0,0,0,0,38,0,202,0,467,63,306,0,265,0,0,3,9,0,6,2,0,0,0
182,20,215,0,0,137,14,58,0,2,67,0,0,0,0,175,68,22,0,188,16,17,317,280,0,203,0,80,0,201,6,28,21,262,0,0,0,97,0,0,0,10,0,0,0,20,0,20,0,4,0,0,0,0,0,48,0,15,0,14,0,0,0,0,0,0,0,0,0,0,0,0,0,0,0,0,0,0,0,0,0,0,0,0,0,0,0,0,0,0,0,0,0,0,0,0,0,0,0,0,0,0,0,0,0,0,0,0,0,0,0,0,0,0,0,0,0,0,0,0,0,0,0,0,0,0,0,0,0,0,0,5,0,15,0,0,0,75,0,0,0,0,0,0,0,0,0,0,0,0,0,0,0,0,0,6,0,3,0,0,0,0,0,0,0,2,0,68,0,18,0,0,6,63,0,0,64,77,0,0,0,0,2,12,0,0,0,0,0,0,0,0,0,0,0,0,0,0,0,0,0,0,0,0,0,0,0,0,0,0,0,0,0,0,169,0,0,0,256,42,163,0,0,0,0
62,0,169,0,0,319,37,0,48,0,45,141,359,102,55,491,0,14,102,448,68,105,80,157,3,0,45,64,0,0,206,0,261,19,95,0,247,29,0,5,82,0,18,0,0,10,39,7,9,2,140,18,0,0,0,0,0,0,0,0,0,0,0,0,27,0,0,0,0,0,0,0,0,0,0,0,0,0,0,0,0,0,0,0,0,0,0,0,0,0,0,0,0,0,0,0,0,0,0,0,0,0,0,0,0,0,0,0,0,0,0,0,0,0,0,0,0,0,0,0,0,0,0,0,0,0,15,0,0,0,40,0,0,0,72,0,0,0,0,0,0,0,0,0,0,0,34,0,75,0,80,0,0,0,0,0,0,0,0,0,0,0,4,0,191,0,201,0,169,0,38,0,135,0,0,0,341,135,113,0,0,0,56,0,84,0,0,0,0,0,0,0,0,0,0,0,0,0,0,0,0,0,0,0,0,0,17,0,47,0,523,276,620,0,234,0,0,0,0,27,0,0,0,0,0
0,139,0,137,319,0,0,91,0,11,100,185,74,124,521,162,0,3,139,215,129,184,176,62,0,0,0,288,0,15,0,134,0,343,0,284,0,204,0,12,0,38,0,0,0,18,0,64,1,0,0,73,0,6,0,26,0,0,0,0,0,0,0,0,0,15,0,0,0,0,0,0,0,0,0,0,0,0,0,0,0,0,0,0,0,0,0,0,0,0,0,0,0,0,0,0,0,0,0,0,0,0,0,0,0,0,0,0,0,0,0,0,0,0,0,0,0,0,0,0,0,0,0,0,0,14,0,0,0,0,0,0,0,21,0,109,0,88,0,10,0,0,0,0,0,0,0,0,0,29,0,0,0,0,0,0,0,5,0,0,0,3,0,0,0,33,0,382,0,47,0,27,0,50,0,0,125,296,9,4,0,20,0,0,0,0,0,1,0,0,0,7,0,7,0,0,0,0,0,0,0,59,0,0,0,0,0,15,0,77,0,10,0,0,275,0,0,0,776,324,763,116,0,0,0
12,163,67,14,37,0,0,0,19,178,11,0,50,0,12,0,2,26,6,1,0,0,7,0,140,228,0,0,55,0,0,0,0,0,0,0,0,0,163,44,13,0,0,0,0,0,7,0,39,0,0,0,38,0,223,69,3,0,2,0,125,39,230,100,0,0,0,0,0,0,0,0,0,0,0,0,0,0,0,0,0,0,0,0,0,0,0,0,0,0,0,0,0,0,0,0,0,0,4,0,0,0,0,0,0,0,0,0,0,0,0,0,0,0,0,0,0,0,0,0,2,0,1,0,0,0,27,0,7,0,27,0,1,0,30,0,6,0,5,0,0,0,0,0,0,0,7,0,5,0,0,0,0,0,1,0,0,0,1,0,0,0,0,0,0,0,0,0,20,0,88,0,115,0,0,0,54,54,0,0,0,0,2,26,0,0,0,0,0,0,0,0,0,0,0,0,0,0,0,0,0,0,0,0,0,0,0,0,43,0,851,48,186,230,598,8,0,0,16,3,0,0,0,0,0
0,44,0,58,0,91,0,0,191,14,0,57,0,28,0,18,0,11,0,37,0,0,0,10,130,312,0,78,2,103,0,3,0,0,0,0,0,0,0,253,0,16,0,0,1,0,0,20,1,0,0,0,19,21,0,257,0,19,0,9,0,104,56,87,0,8,0,15,0,0,0,0,0,0,0,0,0,0,0,0,0,0,0,0,0,0,0,0,0,0,0,0,0,0,0,0,0,0,0,0,0,0,0,0,0,0,0,0,0,0,0,0,0,0,0,0,0,0,0,0,0,0,0,0,0,0,0,0,0,10,0,26,0,10,0,0,0,24,0,0,0,0,0,0,0,0,0,0,0,0,0,0,0,0,0,4,0,0,0,2,0,20,0,4,0,8,0,9,0,19,0,76,0,157,0,0,53,33,0,0,0,0,0,0,0,0,0,0,0,0,0,0,0,0,0,0,0,0,0,0,0,0,0,0,0,0,0,0,0,29,0,0,0,0,571,0,0,0,662,96,255,387,0,60,0
48,51,15,0,48,0,19,191,0,513,13,0,52,0,10,0,0,0,0,0,0,0,0,0,3,267,0,0,4,2,0,0,0,0,0,0,0,0,44,7,33,0,0,0,0,0,22,0,11,0,0,0,25,93,153,365,49,0,45,63,110,0,88,161,46,0,49,43,0,0,0,0,0,0,0,0,0,0,0,0,0,0,0,0,0,0,0,0,0,0,0,0,0,0,0,0,0,0,0,0,0,0,0,0,0,0,0,0,0,0,0,0,0,0,0,0,0,0,0,0,0,0,0,0,20,0,37,0,0,0,93,0,0,0,25,0,0,0,0,0,1,0,0,0,0,0,45,0,108,0,69,0,31,0,0,0,3,5,0,0,9,0,0,0,2,0,1,0,8,0,77,8,66,0,0,0,447,68,2,0,0,0,10,0,144,23,0,0,0,0,0,0,0,0,0,0,0,0,0,0,0,0,0,0,0,0,16,0,65,0,536,67,39,0,235,0,0,2,16,10,0,0,0,0,0
18,28,0,2,0,11,178,14,513,0,0,19,0,12,0,8,20,0,0,0,1,0,0,2,179,40,0,21,1,0,0,0,0,0,0,0,0,2,0,43,0,0,0,0,0,0,0,0,0,0,0,7,71,49,359,103,4,44,83,30,9,248,130,129,0,175,95,102,0,0,0,0,0,0,0,0,0,0,0,0,0,0,0,0,0,0,0,0,0,0,0,0,0,0,0,0,0,0,0,0,0,0,0,0,0,0,0,0,0,0,0,0,0,0,0,0,0,0,0,0,0,0,0,0,0,81,0,60,0,11,0,126,0,18,0,19,0,23,0,3,0,0,0,0,0,0,0,27,0,87,0,66,0,19,0,9,2,40,0,2,0,13,0,0,0,7,0,0,0,8,0,116,4,102,0,0,99,178,0,5,0,0,5,26,24,167,0,0,0,0,0,14,0,12,0,0,0,0,0,0,0,0,0,0,0,0,0,26,0,172,5,0,0,0,466,0,0,0,802,150,151,334,0,36,1
85,29,25,67,45,100,11,0,13,0,0,34,250,0,7,206,1,0,0,28,3,0,13,139,0,0,7,0,0,0,57,0,213,9,10,0,141,0,0,0,76,0,0,0,8,0,28,0,1,0,21,1,0,0,0,0,0,0,0,1,0,0,0,0,7,0,6,0,0,0,0,0,0,0,0,0,0,0,0,0,0,0,0,0,0,0,0,0,0,0,0,0,0,0,0,0,0,0,0,0,0,0,0,0,0,0,0,0,0,0,0,0,0,0,0,0,0,0,0,0,0,0,0,0,0,0,4,0,0,0,6,0,0,0,0,0,0,0,0,0,0,0,0,0,0,0,5,0,0,0,0,0,15,0,0,0,0,0,0,0,0,0,1,0,51,0,67,0,98,0,12,0,42,0,0,0,172,60,44,0,26,0,18,0,21,0,4,0,0,0,0,0,0,0,0,0,0,0,0,0,0,0,0,0,0,0,3,0,6,0,316,198,269,30,97,0,0,0,0,0,0,0,0,0,0
0,126,112,0,141,185,0,57,0,19,34,0,0,371,248,18,0,11,30,32,70,41,188,19,2,8,11,135,0,12,6,19,6,150,0,100,5,184,0,21,0,77,0,0,0,67,0,153,0,34,0,7,0,7,0,24,0,0,0,5,0,10,0,13,0,13,0,0,0,0,0,2,0,0,0,0,0,0,0,0,0,0,0,0,0,0,0,0,0,0,0,0,0,0,0,0,0,0,0,0,0,0,0,0,0,0,0,0,0,0,0,0,0,0,0,0,0,0,0,0,0,0,0,0,0,0,0,0,0,0,0,16,0,0,0,17,0,0,0,0,0,0,0,0,0,0,0,14,0,26,0,0,0,162,0,0,0,4,0,0,0,0,0,0,0,4,0,80,0,0,0,24,0,24,0,15,43,198,7,9,0,167,0,10,0,72,1,3,0,0,0,0,0,0,0,0,0,0,0,0,0,0,0,0,0,0,0,0,0,20,0,0,0,0,107,0,0,0,379,208,177,0,0,0,1
162,0,203,0,359,74,50,0,52,0,250,0,0,265,49,32,0,0,94,430,45,57,0,0,0,0,134,344,0,0,0,0,0,0,54,0,0,0,0,0,157,84,144,23,61,119,120,161,16,14,260,34,1,0,0,0,0,0,6,0,0,0,0,0,24,0,0,0,0,0,0,0,0,0,0,0,0,0,0,0,0,0,0,0,0,0,0,0,0,0,0,0,0,0,0,0,0,0,0,0,0,0,0,0,0,0,0,0,0,0,0,0,0,0,0,0,0,0,0,0,0,0,0,0,0,0,0,0,0,0,16,0,0,0,0,0,0,0,0,0,0,0,0,0,0,0,0,0,0,0,0,1,43,0,0,0,0,0,0,0,0,0,0,0,50,0,0,0,0,0,0,0,0,0,0,0,157,69,91,0,76,0,61,0,51,0,109,0,0,0,0,0,0,0,0,0,0,0,0,0,0,0,0,0,0,0,0,0,0,0,108,212,303,0,31,0,0,0,0,19,0,0,0,0,0
0,68,0,0,102,124,0,28,0,12,0,371,265,0,79,0,0,0,355,45,23,78,0,0,0,0,271,90,0,0,0,0,0,0,0,104,0,53,0,0,85,144,51,89,29,36,16,275,0,44,36,214,0,0,0,15,0,0,0,0,0,0,0,0,0,9,0,0,0,0,0,0,0,0,0,0,0,0,0,0,0,0,0,0,0,0,0,0,0,0,0,0,0,0,0,0,0,0,0,0,0,0,0,0,0,0,0,0,0,0,0,0,0,0,0,0,0,0,0,0,0,0,0,0,0,0,0,6,0,0,0,0,0,0,0,0,0,0,0,0,0,0,0,0,0,2,0,3,0,0,0,0,0,45,0,0,0,0,0,0,0,0,0,0,0,0,0,14,0,11,0,0,0,0,0,0,44,222,11,17,0,61,0,0,0,0,22,48,0,0,0,0,0,0,0,0,0,0,0,6,0,0,0,0,0,0,0,0,0,36,0,0,0,0,20,0,0,0,153,228,202,0,0,0,1
0,12,109,0,55,521,12,0,10,0,7,248,49,79,0,796,50,0,198,377,38,135,147,189,19,0,74,39,0,0,79,0,32,40,106,101,97,54,0,0,7,0,0,0,18,0,18,8,0,0,24,0,8,0,29,2,0,0,0,0,0,0,57,0,7,0,0,0,0,0,0,0,0,0,3,0,0,0,0,0,0,0,0,0,0,0,0,0,0,0,73,0,0,0,0,0,156,0,0,0,0,0,0,0,0,0,377,0,0,0,0,0,0,0,0,0,0,0,0,0,0,0,0,0,7,0,0,0,0,0,0,0,0,0,260,0,0,0,4,0,0,0,96,0,0,0,16,0,49,0,44,0,0,0,0,0,0,0,0,0,0,0,0,0,7,0,8,0,29,0,13,0,0,0,0,0,59,41,8,0,0,0,0,0,36,0,0,1,0,0,5,0,0,0,0,0,0,0,0,0,201,0,0,0,4,0,0,0,113,0,63,119,48,34,31,0,0,0,0,31,0,0,0,0,0
0,25,190,175,491,162,0,18,0,8,206,18,32,0,796,0,27,34,83,288,173,88,286,37,0,41,0,49,0,0,7,140,0,46,12,53,0,33,0,0,0,0,0,7,0,12,0,0,0,0,0,0,0,0,0,110,0,0,0,0,0,0,0,14,0,12,0,0,0,0,0,0,0,0,0,0,0,0,0,0,0,0,0,0,0,200,0,0,0,0,0,0,0,0,0,0,0,0,0,0,0,0,0,0,0,0,0,123,0,0,0,0,0,0,0,0,0,0,0,0,0,13,0,6,0,0,0,0,0,0,0,9,0,0,0,435,0,332,0,37,0,43,0,139,0,0,0,0,0,17,0,0,0,0,0,9,0,0,0,0,0,0,0,0,0,0,0,45,0,0,3,5,0,11,0,1,66,104,0,0,3,0,0,0,0,0,0,0,0,0,0,0,0,0,0,0,0,0,0,0,0,201,0,0,0,0,0,0,0,126,22,0,39,0,18,0,0,0,114,269,51,0,0,0,0
8,198,11,68,0,0,2,0,0,20,1,0,0,0,50,27,0,128,78,0,135,0,62,142,47,213,56,0,383,10,63,1,197,7,5,0,9,15,217,50,0,0,0,0,28,0,12,0,10,1,0,0,18,4,0,10,0,0,0,1,3,18,252,37,0,0,0,0,0,0,11,0,0,0,0,0,0,0,0,0,129,0,0,0,214,0,55,0,0,0,149,0,0,0,0,0,301,0,326,0,0,0,0,0,0,0,446,0,0,0,0,0,0,0,0,0,0,0,0,0,40,0,45,0,0,0,0,0,53,0,0,0,0,0,62,0,50,0,57,0,0,0,105,0,0,0,0,0,0,0,0,0,0,0,5,0,0,0,6,0,0,0,0,0,2,0,20,0,22,0,10,0,45,3,0,0,3,7,0,0,0,0,0,8,0,0,0,0,0,0,0,0,0,0,0,0,0,0,0,0,115,0,0,0,0,0,0,0,11,0,93,116,112,64,66,1,0,2,0,0,0,0,0,0,0
143,12,0,22,14,3,26,11,0,0,0,11,0,0,0,34,128,0,0,84,7,121,167,103,134,24,0,0,0,141,2,17,13,66,0,5,2,16,7,147,0,0,0,8,0,0,0,0,0,0,0,0,0,9,0,18,0,0,0,4,0,0,8,175,0,0,1,0,0,0,0,0,0,0,0,11,0,0,0,0,0,68,0,0,0,166,0,28,0,0,0,0,0,0,0,0,0,0,0,31,0,38,0,0,0,0,0,0,0,0,0,0,0,0,0,0,0,0,0,0,0,23,0,5,0,0,0,12,0,39,0,0,0,12,0,149,0,138,0,51,0,38,0,205,0,0,0,0,0,0,0,1,0,0,0,6,0,0,0,0,0,0,0,0,0,0,0,4,0,0,0,0,0,19,0,0,7,5,0,0,0,0,4,0,0,0,0,0,0,0,0,0,0,0,0,0,0,0,0,0,0,0,0,0,0,0,0,0,0,0,0,0,4,0,21,0,0,0,22,192,34,17,0,3,0
10,0,102,0,102,139,6,0,0,0,0,30,94,355,198,83,78,0,0,548,213,68,176,0,0,0,150,357,3,0,24,0,0,0,145,28,33,18,0,0,33,28,50,29,38,37,87,44,0,0,174,47,10,0,0,0,0,0,0,0,0,0,113,0,0,0,0,0,0,0,12,0,0,0,0,0,0,0,0,0,0,0,0,0,0,0,0,0,0,0,0,0,0,0,0,0,0,0,0,0,0,0,0,0,0,0,307,0,0,0,0,0,0,0,0,0,0,0,0,0,0,0,0,0,0,0,0,0,0,0,0,0,0,0,169,0,0,0,0,0,0,0,0,0,0,0,23,0,64,0,0,0,0,0,0,0,0,0,0,0,0,0,0,0,34,0,0,0,22,0,12,0,0,0,1,0,35,20,17,0,0,0,26,0,35,0,22,0,0,0,0,0,0,0,0,0,0,0,0,0,0,0,0,0,0,0,0,0,72,0,85,142,127,30,31,0,0,0,0,11,0,0,0,0,0
0,54,0,188,448,215,1,37,0,0,28,32,430,45,377,288,0,84,548,0,72,107,0,226,0,73,101,179,0,0,3,50,0,0,0,165,7,45,0,0,0,0,26,18,9,43,0,21,1,5,41,126,0,0,0,129,0,0,0,0,0,14,0,93,0,0,0,0,0,0,0,0,0,0,0,31,0,0,0,0,0,174,0,0,0,485,0,0,0,0,0,0,0,0,0,0,0,0,0,0,0,0,0,0,0,0,0,0,0,0,0,0,0,0,0,0,0,0,0,0,0,0,0,20,0,0,0,0,0,12,0,21,0,0,0,721,0,491,0,0,0,74,0,0,0,0,0,0,0,34,0,0,0,0,0,0,0,0,0,0,0,0,0,0,0,0,0,23,0,0,0,24,0,0,0,0,81,109,14,0,0,0,0,0,0,8,0,9,0,0,0,0,0,0,0,0,0,4,0,0,0,0,0,0,0,0,0,0,0,247,0,0,0,0,44,0,0,0,141,230,141,0,0,0,0
0,8,8,16,68,129,0,0,0,1,3,70,45,23,38,173,135,7,213,72,0,37,42,108,16,1,152,31,76,0,31,6,98,7,85,0,43,9,3,0,0,0,8,1,59,7,4,0,2,0,60,0,8,0,0,0,0,0,0,0,0,0,212,0,0,0,0,0,0,0,110,0,14,0,104,0,0,0,0,0,273,0,0,0,184,0,193,0,0,0,174,0,0,0,0,0,167,0,630,0,0,0,0,0,0,0,286,0,0,0,0,0,0,0,0,0,0,0,0,0,142,0,50,0,0,0,0,0,18,0,0,0,0,0,28,0,36,0,0,0,67,0,127,0,57,0,1,0,0,0,0,0,0,0,0,0,0,0,0,0,0,0,18,0,28,0,31,0,30,0,10,0,0,0,0,0,4,5,24,0,0,0,0,0,0,0,1,0,0,0,0,0,0,0,0,0,0,0,0,0,35,0,0,0,0,0,0,0,0,0,118,161,103,34,28,0,0,0,0,8,0,0,0,0,0
0,0,0,17,105,184,0,0,0,0,0,41,57,78,135,88,0,121,68,107,37,0,0,132,0,29,0,102,0,185,0,7,0,9,0,23,0,33,0,3,0,0,4,33,0,46,0,15,0,0,0,36,0,19,0,21,0,9,0,0,0,0,0,153,0,0,0,0,0,0,0,0,0,4,0,30,0,0,0,0,0,0,0,0,0,254,0,0,0,0,0,0,0,0,0,0,0,0,0,71,0,77,0,0,0,0,0,0,0,0,0,0,0,0,0,0,0,0,0,0,0,78,0,20,0,0,0,0,0,0,0,0,0,0,0,169,0,312,0,204,0,272,0,654,0,104,0,0,0,0,0,0,0,0,0,3,0,0,0,0,0,0,0,0,0,0,0,25,0,23,0,0,0,6,0,0,7,25,0,1,0,0,0,0,0,0,0,8,0,0,0,0,0,0,0,0,0,0,0,0,0,0,0,0,0,0,0,0,0,0,0,0,0,0,23,0,0,0,188,410,126,17,0,0,0
10,345,319,317,80,176,7,0,0,0,13,188,0,0,147,286,62,167,176,0,42,0,0,669,89,158,57,0,36,0,49,0,48,42,7,0,11,19,45,54,0,0,0,0,34,0,16,0,7,0,2,0,11,0,106,3,0,0,0,0,0,4,35,0,0,0,0,0,0,0,0,0,0,0,1,0,0,0,0,0,28,0,0,0,49,0,0,0,0,0,118,0,0,0,0,0,246,0,0,0,0,0,0,0,0,0,505,0,0,0,0,0,0,0,0,0,0,0,0,0,0,0,0,0,0,0,0,0,42,0,0,0,0,0,333,0,88,0,0,0,0,0,238,0,0,0,0,0,0,0,8,0,0,0,4,0,0,0,0,0,0,0,0,0,0,0,12,0,21,0,7,0,39,8,0,0,60,67,0,0,1,0,0,0,0,0,0,0,0,0,2,0,0,0,0,0,0,0,0,0,322,0,0,0,0,0,0,0,123,0,104,117,88,62,83,0,0,0,13,12,8,0,0,0,0
170,18,264,280,157,62,0,10,0,2,139,19,0,0,189,37,142,103,0,226,108,132,669,0,36,33,0,70,1,45,9,20,39,66,1,6,7,30,0,12,0,0,0,7,0,0,0,0,0,0,0,3,0,9,0,40,0,0,0,0,0,2,0,108,0,0,0,0,0,0,0,4,0,0,0,0,0,0,0,0,0,55,0,0,0,225,0,0,0,0,0,0,0,0,0,0,0,0,0,55,0,56,0,0,0,0,0,0,0,0,0,0,0,0,0,0,0,0,0,0,0,27,0,5,0,0,0,10,0,0,0,0,0,0,0,176,0,131,0,23,0,36,0,145,0,8,0,0,0,0,0,0,0,0,0,10,0,0,0,0,0,0,0,0,0,0,0,41,0,20,0,0,0,5,0,0,27,20,0,0,0,0,0,0,0,0,0,0,0,0,0,0,0,0,0,0,0,0,0,0,0,83,0,0,0,0,0,0,0,34,0,0,0,0,22,0,0,0,49,434,64,5,0,2,0
9,293,55,0,3,0,140,130,3,179,0,2,0,0,19,0,47,134,0,0,16,0,89,36,0,524,7,0,43,0,0,0,10,0,0,0,2,0,122,101,0,0,0,0,6,0,0,0,0,0,0,0,25,6,66,46,5,0,0,0,36,69,31,152,0,0,0,0,0,0,0,0,0,0,0,0,0,0,0,0,0,0,0,0,54,0,0,0,0,0,46,0,0,0,0,0,114,0,0,0,0,0,0,0,0,0,119,0,0,0,0,0,0,0,0,0,0,0,0,0,0,0,0,0,0,0,0,0,79,0,19,0,0,0,143,0,130,0,63,0,0,0,134,9,0,0,0,0,0,0,4,0,0,0,22,0,0,0,16,0,4,0,0,0,0,0,0,0,13,0,20,3,98,0,0,0,33,27,0,0,0,0,0,42,0,0,0,0,0,0,0,0,0,0,0,0,0,0,19,0,138,0,0,0,0,0,0,0,71,0,163,196,88,0,102,0,3,0,27,0,4,5,0,0,0
362,57,170,203,0,0,228,312,267,40,0,8,0,0,0,41,213,24,0,73,1,29,158,33,524,0,0,0,0,22,0,0,0,2,0,0,0,0,29,24,0,0,0,0,0,3,0,0,0,0,0,0,8,4,36,75,0,38,0,21,8,14,103,20,0,0,0,0,0,0,0,0,0,0,0,0,0,0,0,0,0,0,0,0,0,63,0,0,0,0,0,0,0,0,0,0,0,0,0,0,0,0,0,0,0,0,0,0,0,0,0,0,0,0,0,0,0,0,0,0,0,0,0,1,0,0,0,0,0,31,0,7,0,50,0,227,0,208,7,47,0,37,0,75,0,0,0,0,0,0,0,0,0,0,4,30,0,1,0,12,0,8,0,0,0,0,0,0,0,0,0,8,17,7,0,0,45,47,0,0,0,0,3,11,0,0,0,0,0,0,0,0,0,0,0,0,0,0,0,0,0,78,0,0,0,0,0,0,0,48,0,0,0,0,12,0,0,0,34,221,11,0,0,0,0
14,0,32,0,45,0,0,0,0,0,7,11,134,271,74,0,56,0,150,101,152,0,57,0,7,0,0,368,57,0,21,0,12,0,12,0,54,0,0,0,58,219,317,33,124,185,180,276,36,42,219,26,0,0,10,0,0,0,0,0,0,0,102,0,0,0,0,0,0,0,50,0,0,0,34,0,0,0,0,0,0,0,0,0,0,0,0,0,0,0,0,0,0,0,0,0,0,0,0,0,0,0,0,0,0,0,0,0,0,0,0,0,0,0,0,0,0,0,0,0,0,0,19,0,0,0,0,0,0,0,0,0,0,0,0,0,0,0,0,0,0,0,122,0,0,0,0,0,0,0,0,0,12,0,0,0,7,0,0,0,0,0,0,0,79,2,11,0,23,0,0,0,14,0,0,0,0,45,10,0,7,0,30,0,0,0,68,0,0,0,0,0,0,0,0,0,0,0,0,0,76,0,0,0,0,0,0,0,40,0,51,329,307,68,20,0,0,16,5,48,0,0,0,0,0
0,185,0,80,64,288,0,78,0,21,0,135,344,90,39,49,0,0,357,179,31,102,0,70,0,0,368,0,0,0,0,0,0,0,0,44,3,42,0,0,88,9,80,176,33,187,21,263,0,47,38,289,0,14,0,48,0,0,0,0,0,0,0,59,0,28,0,6,0,0,0,5,0,0,0,44,0,0,0,0,0,0,0,0,0,0,0,0,0,0,0,0,0,0,0,0,0,0,0,0,0,0,0,0,0,0,0,0,0,0,0,0,0,0,0,0,0,0,0,0,0,0,0,17,0,0,0,0,0,0,0,30,0,0,0,225,0,198,0,0,0,0,0,317,0,51,0,0,0,0,0,0,0,0,0,0,0,0,0,0,0,0,0,0,0,32,0,10,0,34,0,0,0,0,0,0,18,57,8,0,0,0,0,0,0,0,21,25,0,0,0,0,0,0,0,0,0,0,0,0,0,0,0,0,0,0,0,0,0,145,0,0,0,0,44,0,0,0,135,457,354,59,0,0,14
58,0,178,0,0,0,55,2,4,1,0,0,0,0,0,0,383,0,3,0,76,0,36,1,43,0,57,0,0,0,71,0,3,0,48,0,61,0,31,0,0,0,20,0,20,0,0,0,0,0,21,0,1,0,0,0,0,0,0,0,6,1,18,0,0,0,0,0,0,0,5,0,0,0,16,0,0,0,0,0,33,0,0,0,67,0,22,0,0,0,0,0,0,0,0,0,28,0,65,0,18,0,0,0,0,0,0,0,0,0,0,0,0,0,0,0,0,0,0,0,25,0,14,0,0,0,0,0,8,0,0,0,5,0,13,0,18,0,39,0,18,0,58,0,8,0,0,0,0,0,0,0,0,0,0,0,0,0,0,0,0,0,0,0,0,0,0,0,0,0,0,0,0,0,0,0,13,2,0,0,0,0,0,0,0,0,0,0,0,0,0,0,0,0,0,0,0,0,0,0,0,0,0,0,0,0,0,0,0,0,0,53,0,0,0,0,0,0,0,0,0,0,0,0,0
8,112,0,201,0,15,0,103,2,0,0,12,0,0,0,0,10,141,0,0,0,185,0,45,0,22,0,0,0,0,0,32,0,48,0,66,0,19,0,8,0,0,0,0,0,3,0,0,0,0,0,8,0,6,0,11,0,0,0,0,0,8,0,143,0,0,0,0,0,0,0,0,0,0,0,7,0,0,0,0,0,0,0,0,0,78,0,0,0,0,0,0,0,0,0,0,0,0,0,24,0,0,0,0,0,0,0,0,0,0,0,0,0,0,0,0,0,0,0,0,0,14,0,0,0,0,0,0,0,0,0,0,0,9,0,76,0,140,0,87,0,79,0,168,0,0,0,0,0,0,0,0,0,0,0,0,0,0,0,0,0,0,0,0,0,0,0,0,0,0,0,0,0,0,0,0,0,0,0,8,0,0,0,0,0,0,0,0,0,0,0,0,0,0,0,0,0,0,0,0,0,0,0,0,0,0,0,0,0,0,0,0,0,0,0,0,0,0,0,53,0,0,0,0,0
0,0,105,6,206,0,0,0,0,0,57,6,0,0,79,7,63,2,24,3,31,0,49,9,0,0,21,0,71,0,0,0,8,0,19,0,11,0,4,0,0,0,10,0,8,0,0,0,0,0,13,0,0,0,0,0,0,0,0,0,0,0,28,0,0,0,0,0,0,0,0,0,0,0,19,0,0,0,0,0,0,0,0,0,0,0,0,0,0,0,0,0,0,0,0,0,0,0,0,0,0,0,0,0,0,0,0,0,0,0,0,0,0,0,0,0,0,0,0,0,26,0,14,0,0,0,0,0,0,0,0,0,2,0,0,0,21,0,15,0,0,0,37,0,0,0,0,0,0,0,0,0,0,0,0,0,0,0,0,0,0,0,0,0,0,0,5,0,0,0,0,0,0,0,0,0,9,0,11,0,0,0,0,0,0,0,0,0,0,0,0,0,0,0,0,0,0,0,0,0,0,0,0,0,0,0,0,0,0,0,22,37,17,0,0,0,0,0,0,1,0,0,0,0,0
0,6,0,28,0,134,0,3,0,0,0,19,0,0,0,140,1,17,0,50,6,7,0,20,0,0,0,0,0,32,0,0,0,1,0,9,0,5,0,7,0,0,0,4,0,0,0,0,0,0,0,2,0,0,0,0,0,0,0,0,0,0,0,19,0,0,0,0,0,0,0,0,0,0,0,5,0,0,0,0,0,0,0,0,0,0,0,0,0,0,0,0,0,0,0,0,0,0,0,9,0,0,0,0,0,0,0,0,0,0,0,0,0,0,0,0,0,0,0,0,0,0,0,0,0,0,0,0,0,0,0,0,0,0,0,0,0,0,0,19,0,22,0,37,0,0,0,0,0,0,0,0,0,0,0,0,0,0,0,0,0,0,0,0,0,0,0,15,0,0,0,0,0,0,0,0,0,8,0,0,0,0,0,0,0,0,0,0,0,0,0,0,0,0,0,0,0,0,0,0,0,0,0,0,0,0,0,0,0,0,0,0,0,0,0,0,0,0,0,55,31,6,0,0,0
120,0,354,21,261,0,0,0,0,0,213,6,0,0,32,0,197,13,0,0,98,0,48,39,10,0,12,0,3,0,8,0,0,4,91,0,133,0,0,3,0,0,8,0,1,0,0,0,0,0,14,0,0,0,2,0,0,0,0,0,0,0,16,0,0,0,0,0,0,0,4,0,0,0,0,0,0,0,0,0,0,0,0,0,0,0,0,0,0,0,0,0,0,0,0,0,0,0,0,0,0,0,0,0,0,0,0,0,0,0,0,0,0,0,0,0,0,0,0,0,0,0,0,0,0,0,0,0,10,0,2,0,0,0,0,0,25,0,95,0,0,0,0,0,42,0,0,0,0,0,0,0,0,0,11,0,20,0,2,0,0,0,0,0,0,0,15,0,10,0,0,0,8,0,0,0,57,0,55,0,0,0,25,0,0,0,0,0,0,0,0,0,0,0,0,0,0,0,0,0,0,0,0,0,0,0,0,0,0,0,10,113,22,0,0,0,0,0,0,1,0,0,0,0,0
9,159,0,262,19,343,0,0,0,0,9,150,0,0,40,46,7,66,0,0,7,9,42,66,0,2,0,0,0,48,0,1,4,0,0,57,0,56,0,0,0,0,0,2,0,0,0,0,0,1,0,6,0,0,0,0,0,2,0,0,0,0,0,14,0,0,0,0,0,0,0,0,0,0,0,2,0,0,0,0,0,17,0,0,0,36,0,0,0,1,0,0,0,0,0,0,0,0,0,12,0,9,0,0,0,0,0,0,0,0,0,0,0,0,0,0,0,0,0,0,0,7,0,0,0,0,0,0,0,0,0,0,0,0,0,0,0,0,0,0,0,0,0,25,0,0,0,0,0,0,0,0,0,0,0,0,0,0,0,4,0,0,0,0,0,2,0,24,0,0,0,0,0,0,0,0,0,78,0,16,0,0,0,10,0,0,0,0,0,0,0,0,0,0,0,0,0,0,0,0,0,0,0,0,0,0,0,0,0,0,3,0,0,0,0,0,0,0,16,192,22,0,0,0,0
0,0,0,0,95,0,0,0,0,0,10,0,54,0,106,12,5,0,145,0,85,0,7,1,0,0,12,0,48,0,19,0,91,0,0,0,50,1,0,0,0,0,17,0,33,0,0,0,0,0,13,0,1,0,0,0,2,0,0,0,0,0,10,0,0,0,0,0,0,0,24,0,0,0,37,0,0,0,0,0,0,0,0,0,0,0,49,0,0,0,0,0,0,0,0,0,0,0,165,0,0,0,0,0,0,0,0,0,0,0,0,0,0,0,0,0,0,0,0,0,42,0,0,0,0,0,0,0,0,0,0,0,0,0,0,0,5,0,0,0,0,0,33,0,22,0,0,0,0,0,0,0,0,0,0,0,0,0,0,0,0,0,8,0,21,0,17,0,18,0,0,0,23,0,0,0,0,0,59,0,0,0,0,0,0,0,0,0,0,0,0,0,0,0,0,0,0,0,0,0,5,0,0,0,0,0,0,0,0,0,56,62,84,0,12,0,0,0,0,0,0,0,0,0,0
0,0,0,0,0,284,0,0,0,0,0,100,0,104,101,53,0,5,28,165,0,23,0,6,0,0,0,44,0,66,0,9,0,57,0,0,0,159,0,30,0,0,0,14,0,6,0,0,0,0,0,18,0,0,0,0,0,0,0,5,0,0,0,12,0,0,0,0,0,0,0,3,0,0,0,0,0,0,0,0,0,0,0,0,0,0,0,0,0,0,0,0,0,0,0,0,0,0,0,0,0,0,0,0,0,0,0,0,0,0,0,0,0,0,0,0,0,0,0,0,0,0,0,0,0,0,0,0,0,0,0,0,0,0,0,0,0,35,1,37,0,46,0,83,0,33,0,0,0,0,0,0,0,0,0,2,0,0,0,4,0,0,0,0,0,13,0,50,0,8,0,0,0,0,0,0,0,67,0,0,0,0,0,0,0,0,0,14,0,0,0,0,0,0,0,0,0,0,0,0,0,0,0,0,0,0,0,0,0,0,0,0,0,0,9,0,0,0,60,155,133,16,0,0,0
53,0,62,0,247,0,0,0,0,0,141,5,0,0,97,0,9,2,33,7,43,0,11,7,2,0,54,3,61,0,11,0,133,0,50,0,0,0,12,0,8,0,47,0,28,0,0,0,0,0,59,0,0,0,0,0,0,0,0,0,8,0,39,0,0,0,0,0,0,0,61,0,0,0,40,0,0,0,0,0,43,0,0,0,32,0,26,0,0,0,0,0,0,0,0,0,17,0,97,0,0,0,0,0,0,0,0,0,0,0,0,0,0,0,0,0,0,0,0,0,37,0,0,0,0,0,0,0,0,0,2,0,7,0,21,0,61,0,134,0,110,0,158,0,116,0,0,0,0,0,0,0,0,0,2,0,32,0,0,0,0,0,28,0,43,0,32,0,28,0,18,0,33,0,0,0,35,0,54,0,0,0,8,0,0,0,0,0,0,0,0,0,0,0,0,0,0,0,2,0,0,0,0,0,0,0,0,0,0,0,37,93,85,16,0,0,0,0,0,0,0,0,0,0,0
0,175,19,97,29,204,0,0,0,2,0,184,0,53,54,33,15,16,18,45,9,33,19,30,0,0,0,42,0,19,0,5,0,56,1,159,0,0,0,24,0,0,0,69,0,31,0,0,0,5,0,76,0,8,0,0,0,11,0,0,0,2,0,30,0,0,0,0,0,0,0,0,0,0,0,48,0,0,0,0,0,0,0,0,0,71,0,43,0,0,0,0,0,0,0,0,0,0,0,0,0,22,0,0,0,0,0,0,0,0,0,0,0,0,0,0,0,0,0,0,0,0,0,18,0,0,0,0,0,2,0,0,0,0,0,29,0,75,0,228,0,222,0,313,0,258,0,0,0,0,0,0,0,0,0,19,0,95,0,27,0,0,0,5,0,0,0,21,0,13,0,8,0,27,0,0,7,101,0,12,0,1,0,30,0,0,0,12,0,0,0,0,0,0,0,0,0,1,0,0,0,0,0,0,0,0,0,0,0,0,0,0,0,0,6,0,0,0,0,160,37,5,0,0,0
348,0,254,0,0,0,163,0,44,0,0,0,0,0,0,0,217,7,0,0,3,0,45,0,122,29,0,0,31,0,4,0,0,0,0,0,12,0,0,3,0,0,1,0,0,0,0,0,2,0,0,0,0,0,0,0,0,0,0,0,0,0,15,0,0,0,0,0,0,0,3,0,0,0,0,0,0,0,0,0,0,0,0,0,0,0,0,0,0,0,0,0,0,0,0,0,5,0,0,0,0,0,0,0,0,0,0,0,0,0,0,0,0,0,0,0,0,0,0,0,0,0,0,0,0,0,0,0,7,0,0,0,0,0,0,0,28,0,47,0,22,0,39,0,30,0,0,0,0,0,0,0,0,0,0,0,5,0,0,0,0,0,1,0,0,0,12,0,0,0,3,0,65,0,0,0,137,0,3,0,0,0,36,0,0,0,0,0,0,0,0,0,0,0,0,0,0,0,0,0,0,0,0,0,0,0,0,0,1,0,15,134,16,0,6,0,2,0,0,0,1,0,0,0,0
57,381,0,0,5,12,44,253,7,43,0,21,0,0,0,0,50,147,0,0,0,3,54,12,101,24,0,0,0,8,0,7,3,0,0,30,0,24,3,0,0,0,0,5,0,0,0,0,0,0,0,3,0,0,0,1,0,0,0,0,0,1,0,14,0,0,0,0,0,0,0,0,0,0,0,0,0,0,0,0,0,0,0,0,0,0,0,0,0,0,0,0,0,0,0,0,0,0,0,0,0,0,0,0,0,0,0,0,0,0,0,0,0,0,0,0,0,0,0,0,0,0,0,0,0,0,0,0,0,0,0,0,0,0,0,0,0,0,0,41,0,0,0,0,0,0,0,0,0,0,0,0,0,0,0,6,0,2,0,13,0,0,0,0,0,0,0,7,0,0,0,0,0,17,0,0,11,104,0,16,0,0,0,68,0,0,0,0,0,0,0,0,0,0,0,0,0,0,0,0,0,0,0,0,0,0,0,0,0,0,0,0,0,0,0,0,0,0,3,159,0,0,0,0,0
74,0,40,0,82,0,13,0,33,0,76,0,157,85,7,0,0,0,33,0,0,0,0,0,0,0,58,88,0,0,0,0,0,0,0,0,8,0,0,0,0,172,71,9,69,182,73,305,71,120,0,0,0,0,0,0,0,0,0,0,0,0,0,0,14,0,0,0,0,0,0,0,0,0,0,0,0,0,0,0,0,0,0,0,0,0,0,0,0,0,0,0,0,0,0,0,0,0,0,0,0,0,0,0,0,0,0,0,0,0,0,0,0,0,0,0,0,0,0,0,0,0,0,0,0,0,0,0,0,0,0,0,0,0,0,0,0,0,0,0,0,0,0,0,0,0,0,0,0,0,0,0,26,0,0,0,2,0,0,0,0,0,0,0,0,0,0,0,0,0,0,0,0,0,0,0,55,36,44,0,0,0,43,0,52,0,122,0,0,0,0,0,0,0,0,0,0,0,0,0,0,0,0,0,0,0,0,0,0,0,0,117,58,0,7,0,0,39,0,46,0,0,0,0,5
0,44,0,10,0,38,0,16,0,0,0,77,84,144,0,0,0,0,28,0,0,0,0,0,0,0,219,9,0,0,0,0,0,0,0,0,0,0,0,0,172,0,21,36,58,29,42,138,3,30,6,14,0,0,0,0,0,3,0,0,0,0,0,0,0,0,0,0,0,0,0,0,0,0,0,0,0,0,0,0,0,0,0,0,0,0,0,0,0,0,0,0,0,0,0,0,0,0,0,0,0,0,0,0,0,0,0,0,0,0,0,0,0,0,0,0,0,0,0,0,0,0,0,0,0,0,0,0,0,0,0,0,0,0,0,0,0,0,0,0,0,0,0,0,0,0,0,0,0,0,0,0,0,0,0,0,0,0,0,0,0,0,0,0,0,0,0,0,0,0,0,1,0,0,0,0,6,102,0,17,0,22,0,0,0,0,52,2,0,0,0,0,0,0,0,0,0,0,0,0,0,0,0,0,0,0,0,0,0,0,0,0,0,0,0,0,0,0,0,57,28,0,0,0,0
0,0,0,0,18,0,0,0,0,0,0,0,144,51,0,0,0,0,50,26,8,4,0,0,0,0,317,80,20,0,10,0,8,0,17,0,47,0,1,0,71,21,0,3,225,28,44,61,23,4,42,6,0,0,0,0,0,0,0,0,3,0,6,0,0,0,0,0,0,0,19,0,0,0,24,0,0,0,0,0,23,0,0,0,0,0,26,0,0,0,0,0,10,0,0,0,0,0,0,0,0,0,0,0,0,0,0,0,0,0,0,0,0,0,0,0,0,0,0,0,0,0,0,0,0,0,0,0,0,0,0,0,0,0,0,0,0,0,8,0,0,0,0,0,0,0,0,0,0,0,0,0,0,0,0,0,0,0,0,0,0,0,9,0,53,0,39,0,0,0,20,0,27,0,0,0,0,3,43,0,0,0,0,0,0,0,54,0,0,0,0,0,0,0,0,0,0,0,0,0,0,0,0,0,0,0,0,0,0,0,24,110,152,28,18,0,0,0,3,3,0,0,0,0,0
0,1,0,0,0,0,0,0,0,0,0,0,23,89,0,7,0,8,29,18,1,33,0,7,0,0,33,176,0,0,0,4,0,2,0,14,0,69,0,5,9,36,3,0,4,109,0,60,0,18,0,83,0,0,0,0,0,6,0,0,0,0,0,16,0,0,0,0,0,0,0,7,0,3,0,22,0,0,0,0,0,50,0,0,0,0,0,0,0,0,0,0,0,2,0,0,0,0,0,0,0,0,0,0,0,0,0,0,0,0,0,0,0,0,0,0,0,0,0,0,0,0,0,0,0,0,0,0,0,0,0,0,0,0,0,0,0,0,0,28,0,0,0,244,0,69,0,0,0,0,0,0,0,0,0,0,0,0,0,0,0,3,0,0,0,24,0,20,0,0,0,8,0,6,0,0,0,102,0,0,0,0,0,0,0,0,0,172,0,0,0,0,0,0,0,0,0,0,0,0,0,0,0,0,0,0,0,0,0,0,0,0,0,0,10,0,0,0,0,126,151,21,0,0,0
0,0,11,0,0,0,0,1,0,0,8,0,61,29,18,0,28,0,38,9,59,0,34,0,6,0,124,33,20,0,8,0,1,0,33,0,28,0,0,0,69,58,225,4,0,59,93,121,71,62,81,5,0,0,0,0,0,0,1,0,4,0,68,0,0,0,1,0,0,0,40,0,0,0,35,0,8,0,0,0,0,0,0,0,0,0,0,0,28,0,64,0,21,0,72,0,80,0,207,0,73,0,0,0,0,0,161,0,0,0,0,0,0,0,0,0,0,0,0,0,0,0,0,0,0,0,0,0,6,0,0,0,0,0,67,0,0,0,0,0,0,0,86,0,24,0,0,0,13,0,35,0,16,0,0,0,0,0,0,0,0,0,0,0,170,1,32,0,144,0,0,0,33,0,0,0,22,20,15,0,0,0,12,0,16,0,48,0,0,0,0,0,0,0,0,0,0,0,0,0,0,0,0,0,0,0,13,0,30,0,41,160,232,48,25,0,2,79,3,12,0,0,0,0,3
0,37,0,20,10,18,0,0,0,0,0,67,119,36,0,12,0,0,37,43,7,46,0,0,0,3,185,187,0,3,0,0,0,0,0,6,0,31,0,0,182,29,28,109,59,0,37,118,12,208,0,83,0,9,0,0,0,15,0,35,0,0,0,46,0,0,0,0,0,11,0,0,0,15,0,52,0,16,0,0,0,131,0,66,0,187,0,65,0,0,0,0,0,27,0,121,0,0,0,0,0,113,0,21,0,0,0,37,0,0,0,0,0,0,0,0,0,0,0,0,0,90,0,21,0,0,0,0,0,0,0,0,0,0,0,0,0,0,0,0,0,38,0,220,0,44,0,0,0,0,0,0,0,0,0,0,0,0,0,0,0,0,0,0,0,132,0,47,0,108,0,36,0,28,0,0,3,73,1,2,0,16,0,2,0,0,17,41,0,0,0,0,0,0,0,23,0,0,0,0,0,0,0,0,0,0,0,0,0,0,0,5,0,0,22,0,0,0,35,400,502,34,0,0,117
30,0,35,0,39,0,7,0,22,0,28,0,120,16,18,0,12,0,87,0,4,0,16,0,0,0,180,21,0,0,0,0,0,0,0,0,0,0,0,0,73,42,44,0,93,37,0,78,146,87,13,0,0,0,5,0,0,0,0,0,5,0,18,0,0,0,0,0,0,0,0,0,0,0,0,0,0,0,0,0,0,0,0,0,0,0,0,0,0,0,13,0,0,0,0,0,0,0,0,0,0,0,0,0,0,0,0,0,0,0,0,0,0,0,0,0,0,0,0,0,0,0,2,0,0,0,0,0,2,0,0,0,0,0,0,0,0,0,0,0,0,0,0,0,0,0,0,0,35,0,82,0,46,0,0,0,0,0,0,0,0,0,0,0,37,0,0,0,0,0,0,0,0,0,7,0,72,21,46,0,45,0,50,0,40,0,75,0,0,0,0,0,0,0,0,0,0,0,0,0,0,0,0,0,0,0,0,0,23,0,0,153,64,0,0,0,0,71,0,20,0,0,0,0,8
0,87,0,20,7,64,0,20,0,0,0,153,161,275,8,0,0,0,44,21,0,15,0,0,0,0,276,263,0,0,0,0,0,0,0,0,0,0,0,0,305,138,61,60,121,118,78,0,32,63,10,49,0,2,0,0,0,3,0,0,0,0,0,0,0,0,0,0,0,0,0,0,0,0,0,0,0,0,0,0,0,0,0,0,0,0,0,0,0,0,0,0,0,0,0,0,0,0,0,0,0,0,0,0,0,0,0,0,0,0,0,0,0,0,0,0,0,0,0,0,0,0,0,0,0,0,0,0,0,0,0,0,0,0,0,0,0,0,0,0,0,0,0,0,0,0,0,0,0,8,0,0,0,0,0,0,0,0,0,0,0,1,0,0,0,0,0,0,0,0,0,0,0,0,0,0,0,59,4,3,0,0,0,0,0,0,36,4,0,0,0,0,0,0,0,0,0,0,0,0,0,0,0,0,0,0,0,0,0,0,0,9,0,0,0,0,0,0,6,368,60,0,0,0,102
14,0,19,0,9,1,39,1,11,0,1,0,16,0,0,0,10,0,0,1,2,0,7,0,0,0,36,0,0,0,0,0,0,0,0,0,0,0,2,0,71,3,23,0,71,12,146,32,0,90,6,0,0,0,12,0,11,0,6,0,16,0,6,0,1,0,0,0,7,0,0,0,3,0,0,0,2,0,0,0,1,0,15,0,0,0,7,0,6,0,4,0,19,1,13,0,6,0,0,0,11,0,40,0,10,0,0,0,0,0,0,0,5,0,0,0,0,0,0,0,0,0,0,0,0,0,7,0,0,0,15,0,0,1,20,0,0,0,5,0,0,0,21,0,0,0,6,0,0,0,16,1,8,0,1,0,0,0,2,0,15,0,10,0,63,2,11,0,69,3,26,0,10,0,0,0,18,18,7,0,0,0,0,0,0,0,95,0,19,0,9,0,0,0,23,0,2,0,39,0,0,0,43,0,32,0,25,0,11,0,63,116,136,51,107,3,3,12,0,11,0,0,0,0,14
0,0,0,4,2,0,0,0,0,0,0,34,14,44,0,0,1,0,0,5,0,0,0,0,0,0,42,47,0,0,0,0,0,1,0,0,0,5,0,0,120,30,4,18,62,208,87,63,90,0,0,13,0,0,0,0,0,2,0,4,0,0,0,7,0,1,0,0,0,11,0,0,0,0,0,0,0,0,0,0,0,0,0,20,0,0,0,0,0,0,0,0,0,12,0,0,0,0,0,15,0,23,0,5,0,0,0,0,0,0,0,0,0,0,0,0,0,0,0,0,0,0,0,2,0,0,0,0,0,0,0,0,0,0,0,11,0,0,0,0,0,0,0,0,0,0,0,3,0,4,0,0,0,17,0,0,0,0,0,0,0,0,0,0,0,41,0,17,0,8,0,9,0,5,0,0,1,55,0,8,0,26,0,1,0,7,24,12,0,0,0,0,0,0,0,0,0,0,0,0,0,5,0,0,0,0,0,2,0,0,0,24,2,0,18,0,0,0,19,20,59,9,0,1,25
0,0,0,0,140,0,0,0,0,0,21,0,260,36,24,0,0,0,174,41,60,0,2,0,0,0,219,38,21,0,13,0,14,0,13,0,59,0,0,0,0,6,42,0,81,0,13,10,6,0,0,8,2,0,0,0,0,0,0,0,0,0,13,0,0,0,1,0,0,0,69,0,13,0,44,0,0,0,21,0,71,0,0,0,25,0,53,0,0,0,36,0,0,0,0,0,22,0,150,0,51,0,0,0,0,0,0,0,0,0,0,0,0,0,0,0,0,0,0,0,37,0,0,0,0,0,0,0,0,0,0,0,0,0,0,0,0,0,0,0,12,0,0,0,22,0,0,0,0,0,0,0,0,0,2,0,0,0,0,0,4,0,13,0,72,0,71,0,102,0,38,0,75,0,0,0,11,5,101,0,0,0,0,0,0,0,66,1,0,0,0,0,0,0,0,0,0,0,0,0,0,0,0,0,0,0,0,0,0,0,67,113,173,33,27,0,5,0,0,0,0,0,0,0,0
0,0,0,0,18,73,0,0,0,7,1,7,34,214,0,0,0,0,47,126,0,36,0,3,0,0,26,289,0,8,0,2,0,6,0,18,0,76,0,3,0,14,6,83,5,83,0,49,0,13,8,0,0,0,0,4,0,9,0,27,0,1,0,0,0,0,0,0,0,1,0,11,0,0,0,21,0,0,0,0,0,33,0,0,0,21,0,0,0,0,0,0,0,0,0,0,0,1,0,25,0,11,0,0,0,0,0,0,0,0,0,0,0,0,0,0,0,0,0,0,0,21,0,0,0,0,0,0,0,0,0,0,0,0,0,0,0,0,0,0,0,36,0,62,0,29,0,0,0,0,0,0,0,0,0,2,0,2,0,0,0,9,0,0,0,14,0,27,0,50,0,15,0,34,0,0,0,83,0,0,0,0,0,0,0,0,0,117,0,0,0,0,0,0,0,0,0,0,0,0,0,0,0,0,0,0,0,0,0,0,0,0,0,0,17,0,0,0,28,95,102,13,0,0,0
1,0,5,0,0,0,38,19,25,71,0,0,1,0,8,0,18,0,10,0,8,0,11,0,25,8,0,0,1,0,0,0,0,0,1,0,0,0,0,0,0,0,0,0,0,0,0,0,0,0,2,0,0,59,57,143,46,81,18,160,48,12,16,31,0,11,5,192,0,0,0,0,0,0,0,0,0,0,0,0,19,0,0,0,38,0,0,0,0,0,41,0,0,0,0,0,144,0,58,0,0,0,0,0,10,0,120,0,0,0,0,0,0,0,0,0,0,0,0,0,0,0,9,0,0,0,0,0,175,0,9,0,13,0,23,0,146,0,136,0,8,0,87,0,27,0,0,0,0,0,0,0,0,0,106,23,72,2,77,6,5,0,0,0,0,0,0,0,0,0,18,0,1,0,0,0,0,0,0,0,0,0,0,0,13,2,0,0,0,0,0,0,0,0,0,0,0,0,0,0,62,0,0,0,0,0,1,0,2,0,34,115,17,27,27,2,0,0,0,0,0,1,0,0,0
0,0,0,0,0,6,0,21,93,49,0,7,0,0,0,0,4,9,0,0,0,19,0,9,6,4,0,14,0,6,0,0,0,0,0,0,0,8,0,0,0,0,0,0,0,9,0,2,0,0,0,0,59,0,141,40,12,83,70,40,6,13,45,33,0,0,58,5,0,0,0,0,0,0,0,0,0,0,0,0,0,0,0,0,0,37,0,0,0,0,0,0,0,0,0,0,0,0,0,10,0,6,0,0,0,0,0,0,0,0,0,0,0,0,0,0,0,0,0,0,0,0,0,0,0,17,0,9,0,106,0,11,0,39,0,107,0,205,0,229,0,68,0,113,0,2,0,0,0,0,0,0,0,0,1,164,0,52,0,120,0,35,0,0,0,0,0,0,0,0,0,3,0,0,0,0,4,4,0,0,0,0,0,0,4,0,0,0,0,0,0,0,0,0,0,0,0,0,0,0,0,29,0,0,0,0,0,0,0,6,4,0,0,0,48,0,0,0,55,158,10,45,0,0,0
6,0,35,0,0,0,223,0,153,359,0,0,0,0,29,0,0,0,0,0,0,0,106,0,66,36,10,0,0,0,0,0,2,0,0,0,0,0,0,0,0,0,0,0,0,0,5,0,12,0,0,0,57,141,0,332,23,56,45,129,29,44,22,138,1,5,44,179,0,0,0,0,0,0,0,0,0,0,0,0,4,0,0,0,11,0,0,0,0,0,0,0,0,0,0,0,0,0,0,0,0,0,0,0,0,0,0,0,0,0,0,0,0,0,0,0,0,0,0,0,0,0,0,0,8,0,24,0,99,0,97,0,0,0,173,0,169,0,38,0,5,0,109,0,0,0,0,0,5,0,0,0,0,0,57,5,9,11,21,2,36,0,0,0,2,0,0,0,11,1,138,0,12,0,0,0,6,0,0,0,0,0,0,0,0,11,0,0,0,0,0,0,0,0,0,0,0,0,0,0,117,0,0,0,0,0,0,0,124,0,293,29,99,230,270,5,39,0,12,0,0,5,0,0,0
0,31,1,48,0,26,69,257,365,103,0,24,0,15,2,110,10,18,0,129,0,21,3,40,46,75,0,48,0,11,0,0,0,0,0,0,0,0,0,1,0,0,0,0,0,0,0,0,0,0,0,4,143,40,332,0,24,74,144,129,14,16,122,52,6,0,148,4,0,0,0,0,0,0,0,0,0,0,0,0,0,0,0,0,0,11,0,0,0,1,0,0,0,0,0,0,0,0,0,0,0,0,0,0,0,0,0,0,0,0,0,0,0,0,0,0,0,0,0,0,0,0,0,0,0,0,0,13,0,57,0,0,0,65,0,116,0,192,0,97,0,25,0,43,0,0,0,0,0,0,0,0,0,0,0,79,4,8,0,29,0,32,0,0,0,0,0,0,0,0,15,93,0,0,0,0,15,4,0,0,0,0,0,0,12,4,0,0,0,0,0,0,0,0,0,0,0,0,0,0,0,0,0,0,0,0,0,0,0,52,14,0,0,0,153,0,0,0,138,143,75,165,0,27,0
5,0,0,0,0,0,3,0,49,4,0,0,0,0,0,0,0,0,0,0,0,0,0,0,5,0,0,0,0,0,0,0,0,0,2,0,0,0,0,0,0,0,0,0,0,0,0,0,11,0,0,0,46,12,23,24,0,46,157,56,0,0,2,0,27,20,41,172,0,0,0,0,0,0,0,0,0,0,0,0,0,0,0,0,0,0,0,0,0,0,0,0,0,0,0,0,0,0,0,0,0,0,0,0,0,0,0,0,0,0,0,0,0,0,0,0,0,0,0,0,1,0,0,0,8,0,16,0,48,0,86,0,9,0,38,0,35,0,20,0,0,0,23,0,11,0,10,0,12,0,2,0,0,0,170,78,96,0,114,42,24,0,0,0,6,0,0,0,37,0,203,0,4,0,6,0,0,0,0,0,0,12,0,0,11,0,0,0,0,0,0,0,0,0,0,0,0,0,0,0,0,0,0,0,0,0,0,0,27,0,512,151,354,397,752,47,28,0,0,0,0,0,0,0,0
0,9,0,15,0,0,0,19,0,44,0,0,0,0,0,0,0,0,0,0,0,9,0,0,0,38,0,0,0,0,0,0,0,2,0,0,0,11,0,0,0,3,0,6,0,15,0,3,0,2,0,9,81,83,56,74,46,0,100,119,0,12,7,20,0,26,95,60,0,2,0,0,0,0,0,0,0,0,0,0,0,0,0,0,0,0,0,0,0,0,0,0,0,0,0,0,0,0,0,0,0,0,0,3,0,0,0,0,0,0,0,0,0,0,0,0,0,0,0,0,0,0,0,0,0,25,0,19,0,120,0,126,0,59,0,65,0,110,0,53,0,12,0,0,3,0,0,0,0,6,0,2,0,0,17,215,9,43,0,186,0,83,0,15,0,1,0,0,0,11,0,348,0,26,0,0,0,0,0,0,0,0,0,0,13,0,0,0,0,0,0,0,0,0,0,0,0,0,0,0,0,18,0,0,0,0,0,0,0,61,0,0,0,0,495,0,0,0,379,94,337,442,4,30,0
5,0,0,0,0,0,2,0,45,83,0,0,6,0,0,0,0,0,0,0,0,0,0,0,0,0,0,0,0,0,0,0,0,0,0,0,0,0,0,0,0,0,0,0,1,0,0,0,6,0,0,0,18,70,45,144,157,100,0,243,27,0,4,0,160,33,45,371,0,0,0,0,0,0,0,0,0,0,0,0,0,0,0,0,0,0,0,0,0,0,0,0,0,0,0,0,0,0,0,0,0,0,0,0,0,0,0,0,0,0,0,0,0,0,0,0,0,0,0,0,0,0,0,0,2,0,0,0,0,0,25,0,1,0,0,0,0,0,0,0,0,0,0,0,3,0,4,0,22,0,0,0,0,0,15,78,77,0,2,45,38,0,0,0,0,0,0,0,14,0,54,0,2,0,23,0,3,0,1,0,6,3,0,0,130,27,0,0,0,0,0,0,0,0,0,0,0,0,0,0,0,0,0,0,0,0,0,0,0,0,347,127,82,222,386,14,0,0,0,0,0,0,0,0,0
0,5,0,14,0,0,0,9,63,30,1,5,0,0,0,0,1,4,0,0,0,0,0,0,0,21,0,0,0,0,0,0,0,0,0,5,0,0,0,0,0,0,0,0,0,35,0,0,0,4,0,27,160,40,129,129,56,119,243,0,0,96,22,26,18,97,217,127,0,4,0,0,0,0,0,0,0,0,0,0,0,0,0,0,0,0,0,0,0,0,0,0,0,0,0,0,0,0,0,0,0,0,0,0,0,0,0,0,0,0,0,0,0,0,0,0,0,0,0,0,0,0,0,0,0,6,0,6,0,20,0,88,0,16,0,5,0,2,0,0,0,0,0,0,0,0,0,0,0,5,0,0,0,0,41,53,28,176,0,21,0,38,0,0,0,0,0,28,0,16,0,324,0,54,0,1,0,1,0,0,0,0,0,0,38,71,0,0,0,0,0,0,0,0,0,0,0,0,0,0,0,0,0,0,0,0,0,0,0,19,0,0,0,0,976,0,0,0,1176,258,449,681,1,59,0
23,0,8,0,0,0,125,0,110,9,0,0,0,0,0,0,3,0,0,0,0,0,0,0,36,8,0,0,6,0,0,0,0,0,0,0,8,0,0,0,0,0,3,0,4,0,5,0,16,0,0,0,48,6,29,14,0,0,27,0,0,0,57,4,0,0,14,0,0,0,1,0,2,0,1,0,0,0,0,0,0,0,0,0,0,0,0,0,0,0,0,0,0,0,0,0,0,0,0,0,0,0,0,0,0,0,0,0,0,0,0,0,0,0,0,0,0,0,0,0,0,0,0,0,0,0,0,0,3,0,0,0,0,0,0,0,15,0,98,0,52,0,0,0,165,0,0,0,0,0,0,0,0,0,24,0,28,0,0,0,0,0,4,0,1,0,0,0,1,0,117,0,111,0,0,0,39,0,0,0,0,0,0,0,18,0,0,0,0,0,0,0,0,0,0,0,0,0,0,0,0,0,0,0,0,0,0,0,0,0,22,67,58,81,32,4,20,0,0,0,0,0,0,0,0
0,107,0,0,0,0,39,104,0,248,0,10,0,0,0,0,18,0,0,14,0,0,4,2,69,14,0,0,1,8,0,0,0,0,0,0,0,2,0,1,0,0,0,0,0,0,0,0,0,0,0,1,12,13,44,16,0,12,0,96,0,0,17,28,0,0,0,18,0,0,0,0,0,0,0,5,0,0,0,0,0,0,0,0,0,0,0,0,0,0,0,0,0,0,0,0,0,0,0,0,0,0,0,0,0,0,0,1,0,0,0,0,0,0,0,0,0,0,0,0,0,0,0,0,0,0,0,0,0,0,0,1,0,0,0,0,0,8,0,35,0,57,0,0,0,107,0,0,0,0,0,0,0,0,0,27,0,107,0,27,0,3,0,3,0,0,0,0,0,3,0,75,1,73,0,0,13,68,0,0,0,0,0,44,0,13,0,0,0,0,0,0,0,0,0,0,0,0,0,0,0,0,0,0,0,0,0,0,0,0,0,0,0,0,65,0,0,0,104,284,26,97,0,7,0
6,28,3,0,0,0,230,56,88,130,0,0,0,0,57,0,252,8,113,0,212,0,35,0,31,103,102,0,18,0,28,0,16,0,10,0,39,0,15,0,0,0,6,0,68,0,18,0,6,0,13,0,16,45,22,122,2,7,4,22,57,17,0,108,0,1,0,14,0,0,22,0,0,0,32,0,0,0,0,0,0,0,0,0,201,0,61,0,0,0,64,0,0,0,0,0,108,0,0,0,0,0,0,0,0,0,0,0,0,0,0,0,0,0,0,0,0,0,0,0,64,0,64,0,0,0,4,0,103,0,0,0,19,0,0,0,128,0,203,0,55,1,103,0,18,0,0,0,0,0,0,0,0,0,51,0,10,0,23,1,0,0,0,2,0,0,0,0,0,0,10,0,11,3,0,0,6,0,0,0,0,0,0,0,2,0,1,0,0,0,0,0,0,0,0,0,0,0,0,0,19,0,0,0,0,0,0,0,0,0,10,71,14,0,16,0,0,0,0,0,0,0,0,0,0
26,31,0,0,0,0,100,87,161,129,0,13,0,0,0,14,37,175,0,93,0,153,0,108,152,20,0,59,0,143,0,19,0,14,0,12,0,30,0,14,0,0,0,16,0,46,0,0,0,7,0,0,31,33,138,52,0,20,0,26,4,28,108,0,0,0,0,0,0,0,0,0,0,0,0,0,0,0,0,0,0,0,0,0,0,0,0,0,0,0,0,0,0,0,0,0,0,0,0,0,0,0,0,0,0,0,0,0,0,0,0,0,0,0,0,0,0,0,0,0,0,0,0,0,0,0,0,0,0,33,0,0,0,0,0,39,0,88,0,189,0,57,0,78,0,0,0,0,0,0,0,0,0,0,0,19,0,9,0,52,0,5,0,0,0,0,0,0,0,0,0,4,0,4,0,0,10,52,0,0,0,0,0,18,0,1,0,0,0,0,0,0,0,0,0,0,0,0,0,0,0,0,0,0,0,0,0,0,0,0,0,0,0,0,22,0,0,0,60,254,17,16,0,0,0
32,0,22,0,27,0,0,0,46,0,7,0,24,0,7,0,0,0,0,0,0,0,0,0,0,0,0,0,0,0,0,0,0,0,0,0,0,0,0,0,14,0,0,0,0,0,0,0,1,0,0,0,0,0,1,6,27,0,160,18,0,0,0,0,0,0,98,19,0,0,0,0,0,0,0,1,0,0,0,0,0,0,0,0,0,0,0,0,0,0,0,0,0,0,0,0,0,0,0,0,0,0,0,0,0,0,0,0,0,0,0,0,0,0,0,0,0,0,0,0,0,0,0,0,3,0,0,0,0,0,20,0,0,0,0,0,0,0,0,35,0,0,0,0,24,4,17,0,43,12,2,0,1,0,12,27,15,0,0,45,197,58,0,0,0,0,0,0,0,0,0,0,0,0,23,2,0,0,0,0,163,68,4,0,139,0,0,0,0,0,0,0,0,0,0,0,0,0,0,0,0,0,0,0,0,0,0,0,1,0,64,13,0,0,67,0,1,0,0,0,0,0,0,0,0
0,78,0,0,0,15,0,8,0,175,0,13,0,9,0,12,0,0,0,0,0,0,0,0,0,0,0,28,0,0,0,0,0,0,0,0,0,0,0,0,0,0,0,0,0,0,0,0,0,1,0,0,11,0,5,0,20,26,33,97,0,0,1,0,0,0,0,346,0,0,0,0,0,1,0,4,0,0,0,0,0,0,0,0,0,0,0,0,0,0,0,0,0,0,0,2,0,0,0,0,0,0,0,0,0,0,0,0,0,0,0,1,0,0,0,1,0,0,0,0,0,0,0,0,0,22,0,38,0,0,0,73,0,0,0,11,0,6,23,16,0,0,0,0,20,18,0,43,0,207,0,60,0,27,43,5,0,0,46,11,124,156,0,0,0,0,0,0,0,2,0,0,0,0,3,11,0,0,0,0,34,236,0,12,6,57,0,0,0,0,0,19,0,10,0,0,0,0,0,24,0,0,0,1,0,0,0,22,0,86,0,0,0,0,82,0,0,0,105,43,0,0,0,0,0
10,0,0,0,0,0,0,0,49,95,6,0,0,0,0,0,0,1,0,0,0,0,0,0,0,0,0,0,0,0,0,0,0,0,0,0,0,0,0,0,0,0,0,0,1,0,0,0,0,0,1,0,5,58,44,148,41,95,45,217,14,0,0,0,98,0,0,210,0,0,0,0,0,0,0,0,0,0,0,0,0,0,0,0,0,0,0,0,0,0,0,0,0,0,0,0,0,0,0,0,0,0,0,0,0,0,0,0,0,0,0,0,0,0,0,0,0,0,0,0,0,0,0,0,4,0,9,0,0,0,49,0,0,0,9,0,0,0,3,0,0,0,0,0,8,3,32,0,64,0,8,0,0,0,11,61,16,0,2,31,18,0,0,0,0,0,0,0,0,0,18,0,0,0,28,0,22,0,0,0,25,14,0,0,569,44,0,0,0,0,0,0,0,0,0,0,0,0,1,0,1,0,0,0,0,0,2,0,18,0,150,51,19,0,88,0,0,0,0,0,0,0,0,0,0
0,24,0,0,0,0,0,15,43,102,0,0,0,0,0,0,0,0,0,0,0,0,0,0,0,0,0,6,0,0,0,0,0,0,0,0,0,0,0,0,0,0,0,0,0,0,0,0,0,0,0,0,192,5,179,4,172,60,371,127,0,18,14,0,19,346,210,0,0,0,0,0,0,0,0,0,0,2,0,0,0,0,0,0,0,0,0,0,0,0,0,0,0,0,0,0,0,0,0,0,0,0,0,0,0,0,0,0,0,0,0,0,0,0,0,0,0,0,0,0,0,0,0,0,0,18,0,12,0,0,0,64,0,0,0,2,0,0,0,0,0,0,0,1,5,0,0,10,0,25,0,5,0,0,88,12,15,32,19,11,0,43,0,0,0,0,0,0,0,0,0,61,0,0,9,5,0,0,0,0,8,44,0,2,81,487,0,0,0,0,0,0,0,0,0,0,0,0,0,0,0,2,0,0,0,0,0,8,0,26,0,0,0,1,298,0,0,0,339,195,102,183,0,8,0
0,0,0,0,0,0,0,0,0,0,0,0,0,0,0,0,0,0,0,0,0,0,0,0,0,0,0,0,0,0,0,0,0,0,0,0,0,0,0,0,0,0,0,0,0,0,0,0,7,0,0,0,0,0,0,0,0,0,0,0,0,0,0,0,0,0,0,0,0,0,0,0,19,0,0,0,100,0,31,0,0,0,19,0,0,0,6,0,42,0,0,0,82,0,10,0,0,0,0,0,18,0,314,0,0,0,26,0,46,0,1,0,11,0,2,0,14,0,0,0,0,0,0,0,0,0,1,0,0,0,0,0,0,0,5,0,4,0,0,0,0,0,0,0,0,0,0,0,0,0,0,0,0,0,0,0,0,0,0,0,0,0,2,0,15,0,1,0,156,0,6,0,0,0,0,0,0,0,0,0,0,0,0,0,0,0,0,0,0,0,0,0,0,0,0,0,0,0,0,0,6,0,0,0,0,0,0,0,0,0,60,7,86,3,17,15,7,0,0,0,0,0,0,0,0
0,1,0,0,0,0,0,0,0,0,0,0,0,0,0,0,0,0,0,0,0,0,0,0,0,0,0,0,0,0,0,0,0,0,0,0,0,0,0,0,0,0,0,0,0,11,0,0,0,11,0,1,0,0,0,0,0,2,0,4,0,0,0,0,0,0,0,0,0,0,0,0,0,6,0,0,0,36,0,0,0,0,0,18,0,0,0,0,0,5,0,0,0,37,0,57,0,0,0,0,0,31,0,123,0,0,0,0,0,5,0,6,0,24,0,2,0,0,0,0,0,0,0,0,0,0,0,0,0,0,0,0,0,0,0,0,0,0,0,0,0,0,0,0,0,0,0,0,0,0,0,0,0,0,0,0,0,0,0,0,0,2,0,0,0,41,0,0,0,95,0,5,0,0,0,0,0,0,0,0,0,0,0,0,0,0,0,0,0,0,0,0,0,3,0,37,0,0,0,0,0,0,0,0,0,0,0,0,0,0,0,0,0,0,7,0,0,0,43,15,92,0,9,34,4
0,0,0,0,0,0,0,0,0,0,0,0,0,0,0,0,11,0,12,0,110,0,0,0,0,0,50,0,5,0,0,0,4,0,24,0,61,0,3,0,0,0,19,0,40,0,0,0,0,0,69,0,0,0,0,0,0,0,0,0,1,0,22,0,0,0,0,0,0,0,0,0,116,0,186,0,1,0,55,0,0,0,0,0,1,0,6,0,0,0,0,0,0,0,0,0,0,0,0,0,0,0,0,0,1,0,0,0,0,0,0,0,0,0,0,0,0,0,0,0,22,0,13,0,0,0,0,0,1,0,0,0,1,0,0,0,5,0,0,7,43,5,13,0,26,0,0,0,6,5,18,0,0,2,0,0,4,0,0,0,0,0,157,0,0,0,31,0,37,0,56,0,66,0,11,0,0,0,0,0,21,0,0,0,0,0,0,0,0,0,0,0,0,0,0,0,2,0,0,0,0,0,0,0,0,0,0,0,8,0,4,0,28,0,0,0,0,0,0,0,0,0,0,0,0
0,0,0,0,0,0,0,0,0,0,0,2,0,0,0,0,0,0,0,0,0,0,0,4,0,0,0,5,0,0,0,0,0,0,0,3,0,0,0,0,0,0,0,7,0,0,0,0,0,0,0,11,0,0,0,0,0,0,0,0,0,0,0,0,0,0,0,0,0,0,0,0,0,102,1,142,0,4,0,2,0,0,0,0,0,0,1,12,0,0,0,0,0,0,0,0,0,0,0,0,0,0,0,0,0,0,0,0,0,0,0,0,0,0,0,0,0,0,0,0,0,0,0,5,0,0,0,20,1,0,0,0,0,0,0,0,2,0,0,2,0,10,0,6,0,140,0,0,0,35,0,0,1,0,0,0,0,0,0,0,0,0,0,35,0,0,0,0,0,0,0,27,0,36,0,7,0,0,0,0,3,22,0,0,0,0,0,0,0,0,0,0,0,0,0,0,0,0,0,0,0,0,0,0,0,0,0,0,0,0,0,0,0,0,0,0,0,0,21,2,0,0,0,0,0
0,0,0,0,0,0,0,0,0,0,0,0,0,0,0,0,0,0,0,0,14,0,0,0,0,0,0,0,0,0,0,0,0,0,0,0,0,0,0,0,0,0,0,0,0,0,0,0,3,0,13,0,0,0,0,0,0,0,0,0,2,0,0,0,0,0,0,0,19,0,116,0,0,0,82,0,35,0,152,0,4,0,32,0,38,0,10,0,0,0,0,0,7,0,2,0,15,0,6,0,2,0,0,0,0,0,0,0,0,0,0,0,0,0,0,0,0,0,0,0,35,0,10,0,0,0,0,0,2,0,1,0,0,0,76,0,8,0,6,0,33,0,95,0,30,0,16,0,2,1,39,0,0,0,0,0,0,0,1,0,0,0,98,0,0,0,0,0,10,0,21,0,0,0,0,0,0,0,1,0,7,0,0,0,0,0,0,0,0,0,0,0,0,0,0,0,0,0,69,0,87,0,0,0,0,0,0,0,57,0,244,3,16,2,23,0,0,0,0,0,0,0,0,0,0
0,0,0,0,0,0,0,0,0,0,0,0,0,0,0,0,0,0,0,0,0,4,0,0,0,0,0,0,0,0,0,0,0,0,0,0,0,0,0,0,0,0,0,3,0,15,0,0,0,0,0,0,0,0,0,0,0,0,0,0,0,0,0,0,0,1,0,0,0,6,0,102,0,0,0,260,0,115,0,71,0,23,0,42,0,33,0,101,0,0,0,0,0,0,0,4,0,0,2,0,0,0,0,0,0,0,0,0,0,0,0,0,0,0,0,0,0,0,0,0,0,69,0,50,0,29,0,71,0,0,0,4,0,31,0,144,0,81,0,1,0,31,0,85,0,135,0,0,0,15,5,39,0,0,0,0,0,0,0,0,0,0,0,91,0,0,0,0,0,6,0,40,0,29,0,10,0,0,0,0,21,0,0,0,0,0,0,0,0,25,0,0,0,0,0,0,0,0,0,0,0,53,0,96,0,17,0,117,0,123,0,0,0,0,18,0,0,0,206,0,12,0,1,0,0
0,0,0,0,0,0,0,0,0,0,0,0,0,0,3,0,0,0,0,0,104,0,1,0,0,0,34,0,16,0,19,0,0,0,37,0,40,0,0,0,0,0,24,0,35,0,0,0,0,0,44,0,0,0,0,0,0,0,0,0,1,0,32,0,0,0,0,0,0,0,186,1,82,0,0,0,10,0,151,0,13,0,0,0,31,0,10,0,0,0,1,0,0,0,3,0,0,0,1,0,0,0,0,0,0,0,0,0,0,0,0,0,0,0,0,0,0,0,0,0,63,0,29,0,0,13,0,0,3,0,1,5,0,0,0,0,8,0,2,7,42,2,35,0,42,1,20,8,8,0,32,0,26,2,0,0,6,0,0,0,0,0,86,0,0,0,0,0,28,0,16,0,25,0,21,0,0,0,0,0,40,0,1,0,0,0,0,0,0,0,0,0,0,0,0,0,0,0,0,0,14,0,0,0,0,0,0,0,0,0,5,0,22,8,0,0,0,0,3,0,0,0,0,0,0
0,0,0,0,0,0,0,0,0,0,0,0,0,0,0,0,0,11,0,31,0,30,0,0,0,0,0,44,0,7,0,5,0,2,0,0,0,48,0,0,0,0,0,22,0,52,0,0,0,0,0,21,0,0,0,0,0,0,0,0,0,5,0,0,1,4,0,0,0,0,0,142,0,260,0,0,0,12,0,70,0,16,0,5,0,9,0,129,0,0,0,0,0,0,0,0,0,0,0,8,0,0,0,0,0,0,0,0,0,0,0,0,0,0,0,0,0,0,0,0,0,43,0,58,0,30,0,79,0,0,0,0,0,16,0,70,8,38,4,2,0,33,0,44,0,296,10,69,0,68,0,37,0,67,0,0,0,5,2,0,0,0,0,82,0,0,0,32,0,0,0,38,0,54,0,17,0,0,0,0,0,92,0,0,0,0,0,0,0,0,0,0,0,0,0,0,0,2,0,18,0,25,0,0,0,0,0,64,0,0,0,0,0,0,13,0,0,0,46,7,0,0,0,0,0
0,0,0,0,0,0,0,0,0,0,0,0,0,0,0,0,0,0,0,0,0,0,0,0,0,0,0,0,0,0,0,0,0,0,0,0,0,0,0,0,0,0,0,0,8,0,0,0,2,0,0,0,0,0,0,0,0,0,0,0,0,0,0,0,0,0,0,0,100,0,1,0,35,0,10,0,0,0,35,0,0,0,25,0,0,0,15,0,2,0,0,0,34,0,9,0,18,0,0,0,4,0,58,0,0,0,0,0,15,0,0,0,2,0,3,0,7,0,0,0,6,0,0,0,0,0,1,0,0,0,0,0,0,0,0,0,6,0,0,0,0,0,4,0,0,0,0,0,0,0,0,0,0,0,0,0,0,0,0,0,0,0,0,0,12,0,1,0,21,0,1,0,0,0,0,0,0,0,0,0,0,1,0,0,0,0,0,0,32,0,0,0,0,0,60,0,0,0,0,0,20,0,0,0,0,0,0,0,0,0,75,4,24,0,14,3,0,1,0,0,0,0,0,0,0
0,0,0,0,0,0,0,0,0,0,0,0,0,0,0,0,0,0,0,0,0,0,0,0,0,0,0,0,0,0,0,0,0,0,0,0,0,0,0,0,0,0,0,0,0,16,0,0,0,0,0,0,0,0,0,0,0,0,0,0,0,0,0,0,0,0,0,2,0,36,0,4,0,115,0,12,0,0,0,26,0,28,0,84,0,0,0,122,0,1,0,0,0,3,0,36,0,0,0,6,0,54,0,45,0,25,0,0,0,0,0,0,0,27,0,0,0,12,0,0,0,16,0,7,0,0,0,0,0,0,0,0,0,0,0,0,0,0,0,0,0,0,0,18,0,22,0,0,0,0,0,0,0,0,0,0,0,0,0,0,0,0,0,14,0,9,0,0,0,47,0,0,0,0,0,0,0,0,0,0,0,0,0,0,0,0,0,0,0,110,0,0,0,0,0,56,0,2,0,0,0,47,0,0,0,0,0,0,0,0,0,0,0,0,15,0,0,0,98,8,44,10,5,1,0
0,0,0,0,0,0,0,0,0,0,0,0,0,0,0,0,0,0,0,0,0,0,0,0,0,0,0,0,0,0,0,0,0,0,0,0,0,0,0,0,0,0,0,0,0,0,0,0,0,0,21,0,0,0,0,0,0,0,0,0,0,0,0,0,0,0,0,0,31,0,55,0,152,0,151,0,35,0,0,0,34,0,104,0,127,0,59,0,0,0,11,0,61,0,6,0,61,0,26,0,0,0,42,0,0,0,6,0,0,0,0,0,4,0,1,0,2,0,0,0,96,0,37,0,0,0,0,0,3,0,0,1,0,0,103,0,15,0,0,0,18,0,120,1,27,0,0,0,0,0,22,0,0,0,0,0,0,0,0,0,0,0,36,0,6,0,0,0,49,0,0,0,0,0,0,0,0,0,0,0,0,0,0,0,0,0,0,0,0,0,0,0,0,0,48,0,0,0,134,0,140,0,88,0,0,0,0,0,38,0,285,0,27,0,32,8,0,1,0,0,0,0,0,0,0
