0,330,137,138,65,0,17,191,190,72,205,0,176,0,9,16,77,53,14,0,0,0,37,38,19,367,42,0,45,0,0,0,22,0,0,0,27,2,286,0,23,0,0,0,11,0,20,0,0,0,1,0,47,0,0,69,0,0,4,0,77,0,58,19,18,0,10,0,0,0,0,0,0,0,0,0,0,0,2,0,0,0,0,0,0,0,0,0,0,0,0,0,0,0,0,0,0,0,0,0,0,0,0,0,0,0,0,0,0,0,0,0,0,0,0,0,0,0,0,0,0,0,0,0,10,0,0,0,0,0,7,0,0,0,0,0,0,0,0,0,0,1,3,0,2,0,0,0,63,0,0,0,27,0,0,1,0,0,0,0,0,0,0,0,5,0,0,0,14,0,12,0,234,0,0,0,477,54,18,0,21,0,64,0,98,0,9,0,0,0,0,0,0,0,0,0,0,0,0,0,0,0,0,0,0,0,0,0,2,0,843,261,319,0,382,0,0,0,14,5,0,0,0,0,0
330,0,462,35,40,172,0,83,57,57,0,215,3,47,33,112,67,36,10,380,0,25,359,30,115,38,0,133,0,57,0,12,1,0,0,11,0,50,0,246,0,8,0,0,0,8,0,20,0,5,0,15,0,22,0,37,0,0,0,4,0,187,0,132,0,68,0,9,0,0,0,0,0,0,0,0,0,0,0,0,0,7,0,0,0,0,0,0,0,0,0,0,0,0,0,0,0,0,0,0,0,0,0,0,0,0,0,11,0,0,0,0,0,0,0,0,0,0,0,0,0,0,0,0,0,10,0,40,0,0,0,0,0,0,0,57,0,84,0,10,0,0,0,0,0,0,0,0,0,60,0,65,0,106,0,9,0,9,0,4,0,8,0,0,0,11,0,27,0,21,0,28,0,124,0,33,136,459,0,9,0,62,0,46,0,99,0,0,0,0,0,0,0,0,0,0,0,0,0,0,0,0,0,0,0,0,0,0,0,20,0,0,0,0,386,0,0,0,780,121,270,85,0,34,0
137,462,0,157,245,24,51,144,43,34,45,54,326,0,237,32,51,48,130,0,26,0,903,89,141,317,197,0,242,0,24,0,234,11,0,0,132,7,646,0,36,0,0,0,0,0,61,0,42,0,0,0,0,0,116,28,16,0,40,0,42,0,34,22,43,0,5,0,0,0,0,0,0,0,0,0,0,0,0,0,0,0,0,0,12,0,0,0,0,0,0,0,0,0,0,0,0,0,0,0,0,0,0,0,0,0,79,0,0,0,0,0,0,0,0,0,0,0,0,0,0,0,0,0,41,0,98,0,0,0,77,0,7,0,92,0,115,0,0,0,0,0,207,0,0,0,63,0,134,0,40,0,26,0,0,0,0,0,0,0,13,0,0,0,17,0,145,0,32,0,12,0,330,0,0,0,126,23,4,0,0,0,3,0,34,0,8,0,0,0,0,0,0,0,0,0,0,0,0,0,32,0,0,0,0,0,0,0,51,0,695,132,647,113,438,2,9,2,19,0,6,3,0,0,0
138,35,157,0,144,89,0,102,0,2,79,10,0,3,72,321,0,31,0,171,0,250,220,355,16,70,0,44,0,133,0,79,0,216,0,11,0,40,0,263,0,0,0,0,0,0,0,0,0,0,0,0,0,0,0,31,0,0,0,0,0,15,0,0,0,2,0,0,0,0,0,0,0,0,0,0,0,0,0,0,0,0,0,0,0,0,0,0,0,0,0,0,0,0,0,0,0,6,0,0,0,0,0,0,0,0,0,0,0,0,0,0,0,0,0,0,0,0,0,0,0,0,0,0,0,3,0,9,1,0,0,0,0,0,0,0,0,78,0,0,0,0,0,0,0,0,0,0,3,7,0,0,0,0,0,0,0,2,0,3,0,0,0,0,0,24,0,131,0,25,0,9,0,121,0,0,67,59,5,1,0,0,13,1,0,0,0,0,0,0,0,0,0,0,0,0,0,0,0,0,0,0,0,0,0,0,0,0,0,0,0,0,0,0,205,0,0,0,340,50,393,42,0,0,0
65,40,245,144,0,509,9,0,36,0,106,192,463,65,157,418,12,0,96,192,108,118,78,215,36,32,280,0,10,0,175,30,243,81,245,0,337,47,47,0,73,0,22,0,30,0,74,0,20,0,67,0,0,0,0,0,0,0,0,0,0,0,0,0,0,0,0,0,0,0,0,0,1,0,0,0,0,0,0,0,0,0,0,0,0,0,0,0,0,0,0,0,0,0,0,0,0,0,0,0,0,0,0,0,0,0,0,0,0,0,0,0,0,0,0,0,0,0,1,0,0,0,0,0,0,0,0,0,0,0,8,0,0,0,0,0,0,0,0,0,0,0,0,0,0,0,8,0,25,0,0,0,0,0,0,0,0,0,0,0,3,0,0,0,81,0,200,0,39,0,2,0,66,0,8,0,596,103,217,5,0,0,19,0,32,0,14,0,0,0,0,0,0,0,0,0,0,0,0,0,0,0,0,0,0,0,0,0,0,0,584,473,496,0,281,0,1,0,27,0,0,0,0,0,0
0,172,24,89,509,0,0,69,0,4,48,181,249,149,244,278,0,0,345,223,88,130,0,37,0,6,113,232,0,10,0,164,0,169,66,291,21,101,0,0,0,16,0,0,0,11,0,62,0,11,64,0,0,0,0,5,0,0,0,0,0,8,0,0,0,5,0,0,0,0,0,0,0,0,0,0,0,0,0,0,0,0,0,0,0,0,0,0,0,0,0,0,0,0,0,0,0,0,0,0,0,0,0,0,0,0,0,0,0,0,0,0,0,0,0,0,0,0,0,0,0,0,0,0,0,3,0,0,0,0,0,0,0,2,0,0,0,0,0,0,0,0,0,0,0,0,0,0,0,0,0,0,0,36,0,0,0,0,0,0,0,0,0,0,0,45,0,222,0,129,0,12,0,46,0,0,109,406,32,37,0,71,0,0,0,0,0,0,0,0,0,0,0,0,0,0,0,1,0,0,0,0,0,0,0,2,0,0,0,0,2,0,0,0,190,0,0,0,454,234,507,0,6,5,0
17,0,51,0,9,0,0,0,195,156,19,0,20,0,1,0,81,0,0,0,0,0,0,0,167,54,0,0,20,0,0,0,0,0,0,0,0,0,0,0,0,0,0,0,0,0,0,0,47,0,0,0,37,0,111,128,12,0,12,0,109,0,152,0,32,0,37,16,0,0,0,0,0,0,0,0,0,0,0,0,0,0,0,0,0,0,0,0,0,0,0,0,0,0,0,0,0,0,0,0,0,0,0,0,0,0,0,0,0,0,0,0,0,0,0,0,0,0,0,0,0,0,0,0,60,0,100,0,0,0,111,0,8,0,0,0,38,0,0,0,0,0,0,0,0,0,39,0,63,0,16,0,5,0,0,0,0,0,0,0,13,0,15,2,7,0,0,0,31,0,85,0,250,0,0,0,30,10,0,0,0,0,2,0,2,0,0,0,0,0,0,0,0,0,0,0,0,0,0,0,0,0,0,0,0,0,0,0,29,0,380,44,369,187,479,0,26,6,0,0,0,0,0,0,0
191,83,144,102,0,69,0,0,203,67,0,54,0,0,11,106,44,41,0,175,0,42,70,42,212,104,0,44,0,126,0,8,0,0,0,0,0,28,6,268,0,0,0,18,0,0,0,0,0,2,0,17,0,34,0,402,0,21,0,19,0,214,19,167,0,40,0,0,0,0,0,0,0,0,0,0,0,0,0,0,0,0,0,0,0,8,0,0,0,0,0,0,0,1,0,0,0,8,0,0,0,0,0,0,0,0,0,32,0,0,0,0,0,0,0,0,0,0,0,0,0,0,0,0,0,44,0,70,0,23,0,51,0,33,0,102,0,186,2,26,0,17,0,83,0,2,0,17,0,24,0,0,0,0,0,6,0,9,0,6,0,22,0,0,0,28,0,22,0,59,0,50,0,278,0,0,56,54,0,0,0,0,15,10,0,0,0,0,0,0,0,0,0,0,0,0,0,0,0,0,0,0,0,3,0,0,0,0,0,52,4,1,0,0,700,0,0,0,883,52,538,326,0,168,4
190,57,43,0,36,0,195,203,0,396,42,0,52,0,5,0,15,0,6,0,0,0,0,0,54,76,0,0,4,0,0,0,0,0,0,0,0,0,57,0,0,0,0,0,0,0,13,0,35,0,4,0,55,63,13,467,12,0,182,129,121,5,155,22,127,3,136,102,0,0,0,0,0,0,0,0,0,0,0,0,0,0,0,0,0,0,0,0,0,0,0,0,0,0,0,0,0,0,0,0,0,0,0,0,0,0,0,0,0,0,0,0,0,0,0,0,0,0,0,0,0,0,0,0,44,0,75,0,0,0,52,0,0,0,0,0,0,0,1,0,0,0,3,0,0,0,34,0,107,0,45,0,36,0,0,2,0,0,0,0,5,0,9,1,7,0,5,0,35,1,0,0,159,0,5,0,423,49,9,0,0,0,3,8,127,6,3,0,0,0,0,0,0,0,0,0,0,0,0,0,0,0,0,0,0,0,8,0,13,0,583,84,245,172,465,0,16,0,6,0,0,0,0,0,0
72,57,34,2,0,4,156,67,396,0,2,35,0,0,0,8,16,7,0,17,0,0,9,4,286,7,0,7,0,0,0,0,0,0,0,3,0,0,0,3,0,2,0,0,0,0,0,2,0,1,0,7,19,69,147,73,0,7,49,83,0,103,66,148,0,158,11,143,0,0,0,0,0,0,0,6,0,0,0,0,0,0,0,0,0,0,0,3,0,0,0,0,0,0,0,0,0,0,0,0,0,0,0,2,0,0,0,0,0,0,0,0,0,0,0,0,0,0,0,0,0,0,0,0,0,47,0,68,0,0,0,63,0,17,0,32,0,77,0,0,0,0,0,28,0,2,0,27,0,91,0,0,0,14,0,14,0,20,0,7,0,11,0,10,0,13,0,0,1,16,0,31,0,0,0,2,114,301,0,2,0,0,16,40,0,69,0,0,0,0,0,0,0,0,0,0,0,0,0,0,0,5,0,0,0,0,0,0,0,30,0,0,0,1,399,0,0,0,837,49,135,176,0,59,3
205,0,45,79,106,48,19,0,42,2,0,30,234,0,16,137,5,13,14,0,41,0,8,86,0,18,20,0,0,0,0,0,101,0,26,0,88,0,20,0,32,0,3,0,4,0,21,1,16,0,7,0,0,0,2,0,0,0,0,0,0,0,0,0,0,0,0,0,0,0,0,0,0,0,0,0,0,0,0,0,0,0,0,0,0,0,0,0,0,0,0,0,0,0,0,0,0,0,0,0,0,0,0,0,0,0,0,0,0,0,0,0,0,0,0,0,0,0,0,0,0,0,0,0,0,0,0,0,0,0,0,0,0,0,0,0,0,0,0,0,0,0,0,0,0,0,0,0,12,0,0,0,8,0,0,0,0,0,0,0,0,0,0,0,25,0,51,0,14,0,0,0,27,0,7,0,423,18,95,2,22,0,36,0,13,0,10,0,0,0,0,0,0,0,0,0,0,0,0,0,0,0,0,0,0,0,0,0,2,0,230,166,206,36,117,0,0,0,8,0,0,0,0,0,0
0,215,54,10,192,181,0,54,0,35,30,0,38,416,217,63,0,25,88,228,35,80,88,140,0,2,24,308,0,45,0,55,0,212,11,47,0,70,0,110,0,113,0,0,0,36,0,192,0,22,0,45,0,0,0,3,0,0,0,5,0,8,0,0,0,28,0,7,0,0,0,0,0,0,0,0,0,0,0,0,0,0,0,0,0,0,0,0,0,0,0,0,0,0,0,0,0,0,0,0,0,0,0,0,0,0,0,7,0,0,0,0,0,0,0,0,0,0,0,0,0,0,0,0,0,5,0,0,0,0,0,0,0,0,0,0,0,0,0,0,0,0,0,0,0,0,0,0,0,18,0,51,0,58,0,0,0,0,0,0,0,0,0,0,0,19,0,82,0,33,0,7,0,36,0,51,75,323,0,24,0,88,0,26,0,64,0,15,0,0,0,0,0,0,0,0,0,0,0,0,0,0,0,0,0,0,0,0,0,0,0,0,0,0,198,0,0,0,604,199,336,0,1,3,0
176,3,326,0,463,249,20,0,52,0,234,38,0,314,15,59,0,0,11,396,0,116,0,0,0,0,102,212,0,0,0,0,0,14,39,0,0,27,0,0,143,12,56,18,61,0,177,17,26,0,37,34,0,0,0,0,0,0,0,0,0,0,0,0,17,0,0,0,0,0,0,0,0,0,0,0,0,0,0,0,0,0,0,0,0,0,0,0,0,0,0,0,0,0,0,0,0,0,0,0,0,0,0,0,0,0,0,0,0,0,0,0,0,0,0,0,0,0,0,0,0,0,0,0,0,0,0,0,0,0,0,0,0,0,0,0,0,0,0,0,0,0,0,0,0,0,0,0,6,0,5,0,0,0,0,0,0,0,0,0,0,0,0,0,23,0,6,0,0,2,0,0,0,0,0,0,457,108,214,0,0,0,21,0,29,0,166,15,0,0,0,0,0,0,0,0,0,0,0,0,0,0,0,0,0,0,0,0,0,0,0,116,67,0,0,0,0,0,0,7,0,0,0,0,0
0,47,0,3,65,149,0,0,0,0,0,416,314,0,0,1,0,0,166,69,12,57,0,0,0,0,541,134,0,0,0,2,0,0,0,74,0,0,0,0,163,137,61,97,86,43,137,197,0,60,49,218,0,0,0,0,0,0,0,0,0,0,0,0,0,4,0,0,0,0,0,0,0,0,0,0,0,0,0,0,0,0,0,0,0,0,0,0,0,1,0,0,0,0,0,0,0,0,0,0,0,0,0,0,0,0,0,0,0,0,0,0,0,0,0,0,0,0,0,0,0,0,0,0,0,0,0,0,0,0,0,0,0,0,0,0,0,0,0,0,0,0,0,0,0,0,0,0,0,0,0,0,0,0,0,0,0,0,0,0,0,0,0,0,0,46,0,1,0,31,0,0,0,0,0,0,64,201,0,16,0,33,0,0,0,14,54,37,0,0,0,0,0,0,0,0,0,1,0,0,0,0,0,6,0,0,0,0,0,0,0,0,0,0,11,0,0,0,41,95,168,0,0,0,0
9,33,237,72,157,244,1,11,5,0,16,217,15,0,0,231,58,14,291,21,121,51,392,186,160,11,74,0,0,4,118,37,98,94,122,4,184,9,0,0,2,0,4,0,3,0,0,0,0,0,21,0,0,0,0,0,0,0,0,0,0,0,15,0,0,0,0,0,0,0,0,0,0,0,0,0,0,0,0,0,0,0,0,0,103,0,0,0,0,0,0,0,0,0,0,0,220,0,0,0,0,0,0,0,0,0,0,0,0,0,0,0,0,0,0,0,0,0,0,0,0,0,0,0,0,0,0,0,0,0,0,0,0,0,26,0,43,1,0,0,53,0,151,0,0,0,0,0,33,0,0,0,0,0,0,0,0,0,0,0,0,0,0,0,28,0,86,0,22,0,1,0,9,0,0,0,84,33,10,6,0,0,15,0,12,1,0,0,0,0,0,0,0,0,0,0,0,0,0,0,17,0,0,0,0,0,0,0,0,0,180,429,123,40,82,0,0,1,0,0,0,0,0,0,0
16,112,32,321,418,278,0,106,0,8,137,63,59,1,231,0,0,3,135,183,56,214,93,108,0,84,0,97,0,4,0,80,6,68,34,39,14,49,0,15,0,0,0,0,0,6,0,0,0,0,10,8,0,16,0,47,0,0,0,0,0,18,0,0,0,0,0,0,0,0,0,0,0,0,0,0,0,0,0,0,1,0,0,0,0,0,0,0,0,0,0,0,0,0,0,0,0,0,0,0,0,0,0,0,0,0,0,0,0,0,0,0,0,0,0,0,0,0,0,0,0,0,0,0,0,0,0,0,0,0,0,0,0,0,0,0,0,135,2,0,0,18,0,0,0,0,0,0,0,32,0,0,0,26,0,0,0,16,0,0,0,0,0,0,0,7,0,56,0,14,0,12,0,17,0,0,68,70,0,38,0,0,0,0,0,43,3,0,0,0,0,0,0,0,0,0,0,0,0,0,0,0,0,0,0,0,0,0,0,0,0,0,0,0,82,0,0,0,230,217,61,0,0,0,0
77,67,51,0,12,0,81,44,15,16,5,0,0,0,58,0,0,9,44,0,242,0,176,0,64,83,43,0,148,0,27,0,94,0,18,0,26,0,267,1,0,0,0,0,3,0,0,0,5,0,13,0,57,0,12,20,8,0,1,0,94,0,186,5,0,0,0,0,0,0,44,0,0,0,64,0,0,0,35,0,252,0,0,0,202,0,141,0,0,0,99,0,0,0,0,0,287,0,513,0,336,0,0,0,57,0,137,0,0,0,0,0,0,0,0,0,0,0,0,0,110,0,102,0,0,0,0,0,79,0,0,0,0,0,0,0,59,0,166,0,317,0,248,0,43,0,0,0,0,0,0,0,0,0,59,0,0,0,42,0,2,0,0,0,4,0,0,0,0,0,5,0,63,0,0,0,10,0,0,0,9,0,13,0,0,1,0,0,0,0,0,0,0,0,0,0,0,0,0,0,0,0,0,0,0,0,0,0,0,0,33,358,87,22,22,0,0,0,0,0,0,0,0,0,0
53,36,48,31,0,0,0,41,0,7,13,25,0,0,14,3,9,0,0,0,4,140,58,66,8,132,0,11,1,128,0,14,2,38,0,0,0,15,0,167,0,0,0,14,0,0,0,0,0,0,0,8,0,26,0,55,0,83,0,0,0,20,0,133,0,0,0,0,0,0,0,0,0,0,0,0,0,0,0,0,0,122,0,0,0,62,0,27,0,0,0,0,0,0,0,0,0,0,0,0,0,184,0,0,0,0,0,0,0,0,0,0,0,0,0,0,0,0,0,0,0,20,0,7,0,0,0,0,0,58,0,0,0,19,0,0,0,38,0,141,0,194,0,413,0,0,0,0,0,0,0,0,0,0,0,127,0,0,0,152,1,13,0,0,0,0,0,36,0,0,0,1,0,24,0,0,0,23,0,5,0,0,0,4,0,0,0,0,0,0,0,0,0,0,0,0,0,0,0,0,0,0,0,0,0,0,0,0,0,0,0,0,0,0,0,0,0,0,0,132,56,0,0,0,0
14,10,130,0,96,345,0,0,6,0,14,88,11,166,291,135,44,0,0,277,151,135,257,26,43,7,141,51,9,0,13,21,2,26,334,50,55,43,0,0,0,0,46,0,24,0,7,0,5,0,333,16,4,0,0,0,0,0,0,3,0,0,15,0,5,0,0,0,0,0,0,0,0,0,0,0,0,0,0,0,0,0,0,0,0,0,0,0,0,0,0,0,0,0,0,0,0,0,0,0,0,0,0,0,0,0,0,0,0,0,0,0,0,0,0,0,0,0,0,0,0,0,0,0,0,0,0,0,0,0,0,0,0,0,0,0,19,0,0,0,0,0,0,0,0,0,0,0,0,0,0,0,0,0,0,0,0,0,0,0,0,0,0,1,143,0,40,0,0,0,2,0,10,0,0,0,50,30,16,0,0,0,22,0,0,0,0,4,0,0,0,0,0,0,0,0,0,0,0,0,0,0,0,0,0,0,0,0,0,0,82,380,292,28,38,0,3,0,0,0,0,0,0,0,0
0,380,0,171,192,223,0,175,0,17,0,228,396,69,21,183,0,0,277,0,35,191,0,20,0,7,191,221,0,0,0,100,0,0,44,277,0,42,0,0,28,4,59,93,21,167,0,18,0,5,94,244,0,0,0,14,0,0,0,0,0,0,0,0,0,26,0,5,0,0,0,0,0,0,0,0,0,0,0,0,0,0,0,0,0,0,0,0,0,0,0,0,0,0,0,0,0,0,0,0,0,0,0,0,0,0,0,0,0,0,0,0,0,0,0,0,0,0,0,0,0,0,0,0,0,2,0,0,0,0,0,0,0,0,0,0,0,0,0,0,0,0,0,0,0,0,0,0,0,29,0,0,0,0,0,5,0,0,0,0,0,0,0,0,0,25,0,0,0,26,0,0,0,0,0,16,33,61,4,37,0,45,0,0,0,49,14,16,0,0,0,0,0,0,0,0,0,1,0,0,0,0,0,0,0,0,0,0,0,0,0,0,0,0,36,0,0,0,149,261,120,19,0,0,0
0,0,26,0,108,88,0,0,0,0,41,35,0,12,121,56,242,4,151,35,0,20,309,37,51,9,137,2,62,0,71,0,94,13,125,0,126,0,22,0,0,0,21,0,0,0,0,0,7,0,149,0,4,0,0,0,0,0,0,0,7,0,71,0,0,0,0,0,0,0,51,0,0,0,89,0,0,0,0,0,142,0,0,0,0,0,104,0,0,0,0,0,0,0,0,0,232,0,423,0,346,0,0,0,45,0,0,0,0,0,0,0,0,0,0,0,0,0,0,0,72,0,35,0,0,0,0,0,0,0,0,0,0,0,0,0,0,0,28,0,100,0,0,0,78,0,0,0,0,0,0,0,2,0,0,0,0,0,0,0,0,5,13,0,60,0,109,0,33,0,5,0,24,0,0,0,15,2,13,1,0,0,0,0,0,0,0,0,0,0,0,0,0,0,0,0,0,0,0,0,0,0,0,0,0,0,0,0,0,0,189,566,250,44,82,0,0,0,0,0,3,0,0,0,0
0,25,0,250,118,130,0,42,0,0,0,80,116,57,51,214,0,140,135,191,20,0,0,437,0,110,54,201,0,58,0,30,0,33,14,161,0,88,0,8,0,0,14,94,0,82,0,0,0,0,36,87,0,0,0,83,0,0,0,0,0,14,0,93,0,1,0,0,0,0,0,0,0,0,0,0,0,0,0,0,0,110,0,0,0,76,0,0,0,0,0,0,0,0,0,0,0,0,0,0,0,0,0,0,0,0,0,0,0,0,0,0,0,0,0,0,0,0,0,0,0,0,0,0,0,0,0,0,0,0,0,0,0,0,0,0,0,0,0,99,0,267,0,424,0,44,0,0,0,0,0,0,0,0,0,34,0,0,0,28,0,0,0,0,0,18,0,70,0,56,0,7,0,0,0,0,20,64,8,29,0,0,0,0,0,0,0,80,0,0,0,0,0,0,0,0,0,0,0,0,0,0,0,0,0,0,0,0,0,0,0,0,0,0,68,0,0,0,203,362,192,25,0,0,0
37,359,903,220,78,0,0,70,0,9,8,88,0,0,392,93,176,58,257,0,309,0,0,159,194,282,0,0,105,10,61,0,74,0,18,0,13,2,92,25,0,0,0,0,0,0,0,0,0,0,0,0,6,0,22,27,6,0,0,0,8,12,37,31,0,0,0,0,0,0,3,0,0,0,24,0,0,0,0,0,92,0,0,0,202,0,50,0,0,0,0,0,0,0,0,0,440,0,0,0,0,0,0,0,0,0,0,0,0,0,0,0,0,0,0,0,0,0,0,0,0,0,77,0,0,0,0,0,106,0,0,0,0,0,39,0,91,0,46,0,107,0,358,0,0,0,0,0,0,0,0,0,0,0,12,0,0,1,0,0,0,0,0,0,0,1,17,0,0,0,0,0,38,9,0,0,67,0,0,0,0,0,7,2,0,0,0,0,0,0,0,0,0,0,0,0,0,0,0,0,32,0,0,0,0,0,0,0,16,0,109,533,61,0,36,0,0,0,30,0,14,0,0,0,0
38,30,89,355,215,37,0,42,0,4,86,140,0,0,186,108,0,66,26,20,37,437,159,0,0,115,0,20,0,41,0,22,2,48,0,10,0,20,0,45,0,0,0,10,0,0,0,0,0,0,0,0,0,0,0,62,0,19,0,0,0,13,0,81,0,0,0,0,0,0,0,0,0,0,0,0,0,0,0,0,0,76,0,0,0,0,0,0,0,0,0,30,0,0,0,0,0,0,0,0,0,0,0,0,0,0,0,0,0,0,0,0,0,0,0,0,0,0,0,0,0,0,0,0,0,0,0,0,0,0,0,0,0,0,0,0,0,0,0,26,0,48,0,163,0,2,0,0,0,0,0,0,0,0,0,17,0,0,0,15,0,0,0,3,0,10,0,181,0,15,0,0,0,26,0,0,32,81,9,47,0,0,0,0,0,0,0,0,0,0,0,0,0,0,0,0,0,0,0,0,0,0,0,0,0,0,0,0,0,0,0,0,0,0,14,0,0,0,110,468,102,0,0,0,0
19,115,141,16,36,0,167,212,54,286,0,0,0,0,160,0,64,8,43,0,51,0,194,0,0,138,0,0,27,0,0,0,2,0,0,0,0,0,51,0,0,0,0,0,0,0,0,0,0,0,6,0,43,36,136,296,51,0,27,13,70,12,119,69,0,0,1,0,0,0,0,0,0,0,0,0,0,0,0,0,0,0,0,0,0,0,0,0,0,0,0,0,0,0,0,0,81,0,0,0,0,0,0,0,31,0,80,0,0,0,0,0,0,0,0,0,0,0,0,0,5,0,11,0,5,0,0,0,160,0,0,0,10,0,39,0,143,0,30,0,24,0,205,0,0,0,0,0,0,0,0,0,0,0,21,0,0,0,22,0,12,0,0,0,4,0,3,0,15,0,11,0,128,0,0,0,21,11,0,0,0,0,12,9,0,0,1,0,0,0,0,0,0,0,0,0,0,0,0,0,16,0,0,0,0,0,0,0,8,0,161,239,108,43,90,0,0,3,0,0,0,0,0,0,0
367,38,317,70,32,6,54,104,76,7,18,2,0,0,11,84,83,132,7,7,9,110,282,115,138,0,0,0,0,50,0,11,3,16,0,4,0,12,22,79,0,0,0,0,0,0,0,0,0,0,0,2,0,7,0,211,0,81,0,8,0,24,0,31,0,0,0,0,0,0,0,0,0,0,0,0,0,0,0,0,0,40,0,0,0,39,0,0,0,0,0,54,0,0,0,0,0,0,0,0,0,113,0,0,0,0,0,0,0,0,0,0,0,0,0,0,0,0,0,0,0,9,0,3,0,0,0,0,0,42,0,0,0,6,0,0,0,30,0,44,0,60,0,224,0,0,0,0,0,0,0,0,0,0,0,54,0,0,0,21,0,9,0,12,0,0,2,0,0,12,0,13,3,31,0,0,31,32,1,3,0,0,9,0,0,0,0,0,0,0,0,0,0,0,0,0,0,0,0,0,0,0,0,0,0,0,0,0,0,0,0,0,0,0,46,0,0,0,116,200,99,16,0,6,1
42,0,197,0,280,113,0,0,0,0,20,24,102,541,74,0,43,0,141,191,137,54,0,0,0,0,0,297,42,0,61,6,13,0,57,0,125,0,0,0,5,88,206,45,274,17,55,60,56,0,279,66,7,0,0,0,0,0,0,0,0,0,0,0,0,0,0,0,0,0,37,0,0,0,52,0,0,0,0,0,0,0,0,0,0,0,0,1,0,0,0,0,0,0,0,0,0,0,0,0,0,0,0,0,0,0,0,0,0,0,0,0,0,0,0,0,0,0,0,0,0,0,0,0,0,0,0,0,0,0,0,0,0,0,0,0,0,0,0,0,62,0,0,0,55,0,0,0,0,0,0,0,0,0,2,2,0,0,1,0,0,0,0,0,160,0,24,0,0,4,0,0,16,0,0,0,42,46,4,0,0,0,18,0,13,0,12,44,0,0,0,0,0,0,0,0,0,0,0,0,0,0,0,0,0,0,0,0,0,0,48,456,377,17,18,0,0,43,0,0,0,0,0,0,0
0,133,0,44,0,232,0,44,0,7,0,308,212,134,0,97,0,11,51,221,2,201,0,20,0,0,297,0,0,0,0,11,0,8,0,50,0,10,0,0,202,30,34,233,67,248,123,221,0,22,23,284,0,0,0,0,0,0,0,0,0,0,0,0,0,0,0,0,0,0,0,0,0,0,0,0,0,0,0,0,0,0,0,0,0,0,0,0,0,0,0,0,0,0,0,0,0,0,0,0,0,0,0,0,0,0,0,0,0,0,0,0,0,0,0,0,0,0,0,0,0,0,0,0,0,0,0,0,0,0,0,0,0,0,0,0,0,0,0,0,0,0,0,0,0,0,0,0,0,0,0,0,0,0,0,0,0,0,0,0,0,0,0,0,0,75,0,0,0,54,0,0,0,0,0,0,13,36,0,28,0,0,0,0,0,0,44,19,0,0,0,0,0,0,0,0,0,2,0,0,0,0,0,0,0,0,0,0,0,0,0,0,0,0,15,0,0,0,56,283,215,14,0,0,0
45,0,242,0,10,0,20,0,4,0,0,0,0,0,0,0,148,1,9,0,62,0,105,0,27,0,42,0,0,0,33,0,19,0,28,0,36,0,7,0,0,0,25,0,5,0,0,0,1,0,23,0,0,0,0,0,0,0,0,0,27,0,5,0,0,0,0,0,0,0,21,0,0,0,15,0,0,0,0,0,24,0,0,0,0,0,29,0,0,0,0,0,0,0,0,0,25,0,0,0,0,0,0,0,0,0,0,0,0,0,0,0,0,0,0,0,0,0,0,0,25,0,0,0,0,0,0,0,3,0,0,0,0,0,0,0,0,0,54,0,65,0,12,0,47,0,0,0,0,0,0,0,0,0,0,0,0,0,0,0,0,0,0,0,0,0,0,0,0,0,0,0,0,0,0,0,0,0,0,0,0,0,3,0,0,0,0,0,0,0,0,0,0,0,0,0,0,0,0,0,0,0,0,0,0,0,0,0,0,0,0,30,6,0,0,0,0,0,0,0,0,0,0,0,0
0,57,0,133,0,10,0,126,0,0,0,45,0,0,4,4,0,128,0,0,0,58,10,41,0,50,0,0,0,0,0,43,0,10,0,21,0,7,0,10,0,0,0,24,0,7,0,0,0,0,0,23,0,6,0,33,0,10,0,0,0,9,0,79,0,0,0,0,0,0,0,0,0,0,0,0,0,0,0,0,0,0,0,0,0,0,0,0,0,0,0,13,0,0,0,0,0,0,0,0,0,52,0,0,0,0,0,0,0,0,0,0,0,0,0,0,0,0,0,0,0,0,0,0,0,0,0,0,0,9,0,0,0,0,0,2,0,0,0,120,0,218,0,183,0,15,0,0,0,0,0,0,0,0,0,10,0,0,0,48,0,0,0,0,0,1,0,1,0,0,0,0,0,0,0,0,0,11,0,18,0,0,0,1,0,0,0,0,0,0,0,0,0,0,0,0,0,0,0,0,0,0,0,0,0,0,0,0,0,0,0,0,0,0,0,0,0,0,0,83,3,0,0,0,0
0,0,24,0,175,0,0,0,0,0,0,0,0,0,118,0,27,0,13,0,71,0,61,0,0,0,61,0,33,0,0,0,4,0,74,0,23,0,6,0,0,0,44,0,2,0,0,0,0,0,45,0,0,0,1,0,0,0,0,0,2,0,15,0,0,0,0,0,0,0,8,0,0,0,0,0,0,0,0,0,0,0,0,0,0,0,0,0,0,0,0,0,0,0,0,0,0,0,0,0,0,0,0,0,0,0,0,0,0,0,0,0,0,0,0,0,0,0,0,0,0,0,3,0,0,0,0,0,2,0,0,0,0,0,0,0,0,0,0,0,31,0,0,0,23,0,0,0,0,0,0,0,0,0,0,0,0,0,0,0,0,0,0,0,0,0,12,0,0,0,0,0,5,0,0,0,0,0,5,0,3,0,0,0,0,0,0,0,0,0,0,0,0,0,0,0,0,0,0,0,0,0,0,0,0,0,0,0,0,0,29,72,35,7,11,0,0,0,0,0,0,0,0,0,0
0,12,0,79,30,164,0,8,0,0,0,55,0,2,37,80,0,14,21,100,0,30,0,22,0,11,6,11,0,43,0,0,0,12,5,7,0,11,0,9,0,0,0,69,0,8,0,0,0,0,0,17,0,0,0,0,0,0,0,0,0,0,0,20,0,0,0,0,0,0,0,0,0,0,0,0,0,0,0,0,0,0,0,0,0,0,0,0,0,0,0,0,0,0,0,0,0,0,0,0,0,0,0,0,0,0,0,0,0,0,0,0,0,0,0,0,0,0,0,0,0,0,0,0,0,0,0,0,0,0,0,0,0,0,0,0,0,0,0,42,0,80,0,87,0,0,0,0,0,0,0,0,0,0,0,0,0,0,0,9,0,0,0,0,0,3,0,8,0,8,0,0,0,0,0,0,0,18,0,14,0,0,0,0,1,0,0,0,0,0,0,0,0,0,0,0,0,0,0,0,0,0,0,1,0,0,0,0,0,0,0,0,0,0,10,0,0,0,38,72,24,0,0,0,0
22,1,234,0,243,0,0,0,0,0,101,0,0,0,98,6,94,2,2,0,94,0,74,2,2,3,13,0,19,0,4,0,0,0,38,0,46,0,4,0,0,0,28,0,3,0,0,0,0,0,32,0,0,0,0,0,0,0,0,0,2,0,14,0,0,0,0,0,0,0,0,0,0,0,13,0,0,0,0,0,0,0,0,0,0,0,0,0,0,0,0,0,0,0,0,0,0,0,0,0,0,0,0,0,0,0,0,0,0,0,0,0,0,0,0,0,0,0,0,0,0,0,0,0,0,0,0,0,0,0,0,0,0,0,0,0,0,0,0,0,13,0,0,0,11,0,0,0,0,0,0,0,0,0,0,0,5,0,0,0,0,0,0,0,0,0,50,0,0,0,0,0,8,0,0,0,5,0,17,0,0,0,0,0,0,0,0,0,0,0,0,0,0,0,0,0,0,0,0,0,0,0,0,0,0,0,0,0,0,0,23,231,62,0,25,0,0,0,0,0,0,0,0,0,0
0,0,11,216,81,169,0,0,0,0,0,212,14,0,94,68,0,38,26,0,13,33,0,48,0,16,0,8,0,10,0,12,0,0,0,16,0,173,0,11,0,0,0,31,0,22,0,0,0,0,0,23,0,0,0,0,0,0,0,0,0,18,0,39,0,0,0,0,0,0,0,0,0,0,0,0,0,0,0,0,0,0,0,0,0,0,0,0,0,0,0,0,0,0,0,0,0,0,0,0,0,0,0,0,0,0,0,0,0,0,0,0,0,0,0,0,0,0,0,0,0,0,0,0,0,0,0,0,0,0,0,0,0,0,0,0,0,0,0,33,0,35,0,0,0,0,0,0,0,0,0,0,0,0,0,9,0,17,0,0,0,0,0,0,0,0,0,84,0,3,0,0,0,0,0,0,9,64,0,66,0,0,0,0,0,5,0,0,0,0,0,0,0,0,0,0,0,0,0,0,0,0,0,0,0,0,0,0,0,0,0,0,0,0,8,0,0,0,13,239,14,0,0,0,0
0,0,0,0,245,66,0,0,0,0,26,11,39,0,122,34,18,0,334,44,125,14,18,0,0,0,57,0,28,0,74,5,38,0,0,0,83,0,2,0,0,0,45,0,23,0,3,0,4,0,114,0,0,0,0,0,0,0,0,0,0,0,0,0,0,0,0,0,0,0,13,0,0,0,0,0,0,0,0,0,0,0,0,0,0,0,0,0,0,0,0,0,0,0,0,0,0,0,79,0,0,0,0,0,0,0,0,0,0,0,0,0,0,0,0,0,0,0,0,0,0,0,0,0,0,0,0,0,0,0,0,0,0,0,0,0,0,0,0,0,0,0,0,0,22,0,0,0,0,0,0,0,0,0,0,0,0,0,0,0,0,0,0,0,41,0,35,0,13,0,0,0,7,0,0,0,18,5,31,0,0,0,30,0,0,0,0,0,0,0,0,0,0,0,1,0,0,0,0,0,0,0,0,0,0,0,0,0,0,0,0,143,105,10,15,0,0,1,0,0,0,0,0,0,0
0,11,0,11,0,291,0,0,0,3,0,47,0,74,4,39,0,0,50,277,0,161,0,10,0,4,0,50,0,21,0,7,0,16,0,0,0,88,0,4,0,0,0,63,0,18,0,0,0,0,0,61,0,0,0,0,0,0,0,0,0,11,0,16,0,1,0,0,0,0,0,0,0,0,0,0,0,0,0,0,0,28,0,0,0,0,0,0,0,0,0,0,0,0,0,0,0,0,0,0,0,0,0,0,0,0,0,0,0,0,0,0,0,0,0,0,0,0,0,0,0,0,0,9,0,0,0,0,0,0,0,0,0,0,0,0,0,0,0,46,0,108,0,142,0,35,0,0,0,0,0,0,0,0,0,0,0,3,0,0,0,0,0,0,0,33,0,37,0,21,0,0,0,9,0,0,0,31,0,22,0,0,0,0,0,0,0,130,0,0,0,0,0,0,0,0,0,0,0,0,0,0,0,0,0,0,0,0,0,0,0,0,0,0,29,0,0,0,50,118,120,9,0,0,0
27,0,132,0,337,21,0,0,0,0,88,0,0,0,184,14,26,0,55,0,126,0,13,0,0,0,125,0,36,0,23,0,46,0,83,0,0,0,47,1,0,0,111,0,31,0,0,0,7,0,75,0,0,0,0,0,0,0,0,0,5,0,14,0,0,0,0,0,0,0,72,0,0,0,79,0,0,0,0,0,64,0,0,0,0,0,51,0,0,0,0,0,0,0,0,0,0,0,178,0,0,0,0,0,0,0,0,0,0,0,0,0,0,0,0,0,0,0,0,0,30,0,0,0,0,0,0,0,10,0,0,0,0,0,0,0,0,0,82,0,139,0,0,0,200,0,0,0,0,0,0,0,2,0,9,0,38,0,0,0,0,0,40,0,50,0,37,0,30,0,28,0,11,0,0,0,14,0,44,0,0,0,16,0,0,0,9,0,0,0,0,0,0,0,0,0,0,0,0,0,0,0,0,0,0,0,0,0,0,0,40,138,117,12,23,0,0,0,0,0,0,0,0,0,0
2,50,7,40,47,101,0,28,0,0,0,70,27,0,9,49,0,15,43,42,0,88,2,20,0,12,0,10,0,7,0,11,0,173,0,88,0,0,0,44,0,0,10,160,0,42,0,0,0,2,0,97,0,0,0,10,0,9,0,0,0,36,0,37,0,0,0,0,0,0,0,0,0,0,0,0,0,0,0,0,0,0,0,0,0,25,0,26,0,0,0,0,0,0,0,0,0,0,0,0,0,58,0,0,0,0,0,0,0,0,0,0,0,0,0,0,0,0,0,0,0,33,0,0,0,0,0,0,0,0,0,0,0,0,0,0,0,0,0,106,0,303,0,262,0,196,0,0,0,0,0,0,0,0,0,0,0,52,0,0,0,0,0,0,0,18,0,25,0,32,0,11,0,23,0,0,7,42,0,37,0,0,0,5,0,0,0,22,0,0,0,0,0,0,0,0,0,0,0,0,0,0,0,0,0,0,0,0,0,0,0,0,0,0,17,0,0,0,18,178,31,0,0,0,0
286,0,646,0,47,0,0,6,57,0,20,0,0,0,0,0,267,0,0,0,22,0,92,0,51,22,0,0,7,0,6,0,4,0,2,0,47,0,0,0,0,0,0,0,0,0,0,0,0,0,0,0,0,0,0,0,0,0,0,0,6,0,18,0,0,0,0,0,0,0,3,0,0,0,0,0,0,0,0,0,2,0,0,0,0,0,0,0,0,0,0,0,0,0,0,0,0,0,0,0,0,0,0,0,0,0,0,0,0,0,0,0,0,0,0,0,0,0,0,0,0,0,0,0,0,0,0,0,0,0,0,0,0,0,0,0,0,0,41,0,25,0,0,0,29,0,0,0,0,0,0,0,0,0,8,0,24,0,9,0,0,0,0,0,0,0,3,0,0,0,3,0,34,1,0,0,9,0,0,0,0,0,59,0,0,0,0,0,0,0,0,0,0,0,0,0,0,0,0,0,0,0,0,0,0,0,0,0,0,0,17,340,14,14,18,0,1,0,0,0,0,0,0,0,0
0,246,0,263,0,0,0,268,0,3,0,110,0,0,0,15,1,167,0,0,0,8,25,45,0,79,0,0,0,10,0,9,0,11,0,4,1,44,0,0,0,0,0,5,0,0,0,0,0,0,0,4,0,5,0,14,0,4,0,0,0,24,0,45,0,0,0,0,0,0,0,0,0,0,0,0,0,0,0,0,0,0,0,0,0,0,0,0,0,0,0,0,0,0,0,0,0,0,0,0,0,0,0,0,0,0,0,0,0,0,0,0,0,0,0,0,0,0,0,0,0,0,0,0,0,0,0,0,0,0,0,0,0,0,0,0,0,0,0,47,0,74,0,41,0,27,0,0,0,0,0,0,0,0,0,11,0,24,0,31,0,0,0,0,0,0,0,21,0,0,0,0,0,24,0,0,3,75,0,70,0,0,0,0,0,0,0,0,0,0,0,0,0,0,0,0,0,0,0,0,0,0,0,0,0,0,0,0,0,0,0,0,2,0,0,0,0,0,0,228,5,0,0,0,0
23,0,36,0,73,0,0,0,0,0,32,0,143,163,2,0,0,0,0,28,0,0,0,0,0,0,5,202,0,0,0,0,0,0,0,0,0,0,0,0,0,180,9,29,38,50,116,173,51,6,0,0,0,0,0,0,0,0,0,0,0,0,0,0,0,0,0,0,0,0,0,0,0,0,0,0,1,0,0,0,0,0,0,0,0,0,0,0,0,0,0,0,0,0,0,0,0,0,0,0,0,0,0,0,0,0,0,0,0,0,0,0,0,0,0,0,0,0,0,0,0,0,0,0,0,0,0,0,0,0,0,0,0,0,0,0,0,0,0,0,0,0,0,0,0,0,0,0,0,0,4,0,0,0,0,0,0,0,0,0,0,0,0,0,0,0,0,0,0,0,0,0,0,0,0,0,46,71,19,0,0,0,4,0,6,0,29,19,0,0,0,0,0,0,0,0,0,0,0,0,0,0,0,0,0,0,0,0,0,0,0,116,12,0,0,0,0,24,0,2,0,0,0,0,0
0,8,0,0,0,16,0,0,0,2,0,113,12,137,0,0,0,0,0,4,0,0,0,0,0,0,88,30,0,0,0,0,0,0,0,0,0,0,0,0,180,0,8,46,105,56,185,223,40,154,0,4,0,0,0,0,0,0,0,0,0,0,0,0,0,0,0,0,0,0,0,0,0,0,0,0,0,0,0,0,0,0,0,0,0,0,0,0,0,0,0,0,0,0,0,0,0,0,0,0,0,0,0,0,0,0,0,0,0,0,0,0,0,0,0,0,0,0,0,0,0,0,0,0,0,0,0,0,0,0,0,0,0,0,0,0,0,0,0,0,0,0,0,0,0,0,0,0,0,0,0,0,0,0,0,0,0,0,0,0,0,0,0,0,0,0,0,0,0,0,0,0,0,0,0,8,0,139,0,9,0,0,0,0,0,9,57,3,0,0,0,0,0,0,0,0,0,3,0,0,0,0,0,0,0,0,0,0,0,0,0,0,0,0,0,0,0,0,0,73,16,0,0,0,13
0,0,0,0,22,0,0,0,0,0,3,0,56,61,4,0,0,0,46,59,21,14,0,0,0,0,206,34,25,0,44,0,28,0,45,0,111,10,0,0,9,8,0,10,121,0,30,0,19,0,55,0,0,0,0,0,0,1,0,0,0,0,5,0,0,0,0,1,0,0,20,0,0,0,33,0,0,0,0,0,0,0,0,0,0,0,29,0,0,0,0,0,0,0,0,0,0,0,77,0,71,0,0,0,0,0,0,0,0,0,0,0,0,0,0,0,0,0,0,0,0,0,0,0,0,0,0,0,0,0,0,0,0,0,0,0,0,0,0,0,0,0,0,0,26,0,0,0,0,0,0,0,0,0,0,0,0,0,5,0,0,0,0,0,36,0,43,0,14,0,5,0,17,0,0,0,26,0,55,0,9,0,0,0,0,0,52,0,0,0,0,0,0,0,0,0,0,0,0,0,0,0,0,0,0,0,0,0,0,0,57,190,59,7,10,0,0,8,0,0,0,0,0,0,0
0,0,0,0,0,0,0,18,0,0,0,0,18,97,0,0,0,14,0,93,0,94,0,10,0,0,45,233,0,24,0,69,0,31,0,63,0,160,0,5,29,46,10,0,0,189,0,41,0,16,4,36,0,0,0,0,0,0,0,0,0,0,0,0,0,0,0,0,0,0,0,0,0,0,0,0,0,0,0,0,0,55,0,0,0,0,0,0,0,0,0,0,0,3,0,0,0,0,0,0,0,0,0,0,0,0,0,0,0,0,0,0,0,0,0,0,0,0,0,0,0,0,0,0,0,0,0,0,0,0,0,0,0,0,0,0,0,0,0,57,0,168,0,0,0,83,0,0,0,0,0,0,0,0,0,0,0,0,0,0,0,0,0,11,0,66,0,20,0,34,0,12,0,21,0,0,0,65,0,2,0,0,0,0,0,0,0,92,0,0,0,0,0,0,0,0,0,0,0,0,0,0,0,0,0,0,0,0,0,0,0,0,0,0,19,0,0,0,75,219,132,16,0,0,0
11,0,0,0,30,0,0,0,0,0,4,0,61,86,3,0,3,0,24,21,0,0,0,0,0,0,274,67,5,0,2,0,3,0,23,0,31,0,0,0,38,105,121,0,0,32,200,163,225,15,57,5,0,0,0,0,0,0,0,0,0,0,1,0,0,0,0,0,0,0,0,0,0,0,9,0,0,0,6,0,0,0,0,0,0,0,0,0,0,0,0,0,0,0,0,0,0,0,0,0,0,0,0,0,0,0,0,0,0,0,0,0,0,0,0,0,0,0,0,0,5,0,0,0,2,0,0,0,0,0,0,0,0,0,0,0,0,0,0,0,0,0,0,0,0,0,0,0,0,0,0,0,0,0,1,0,0,0,0,0,0,0,6,0,121,0,16,0,74,0,0,0,9,0,0,0,26,18,27,0,0,0,0,0,2,0,37,0,0,0,0,0,14,0,0,0,0,0,0,0,0,0,0,0,0,0,0,0,0,0,0,150,140,5,0,0,0,181,0,0,0,0,0,0,1
0,8,0,0,0,11,0,0,0,0,0,36,0,43,0,6,0,0,0,167,0,82,0,0,0,0,17,248,0,7,0,8,0,22,0,18,0,42,0,0,50,56,0,189,32,0,82,250,30,253,3,132,0,0,0,0,0,17,0,0,0,13,0,48,0,0,0,0,0,0,0,2,0,0,0,0,0,6,0,0,0,0,0,33,0,39,0,30,0,31,0,0,0,6,0,54,0,0,0,0,0,0,0,0,0,0,0,0,0,0,0,0,0,0,0,0,0,0,0,0,0,0,0,0,0,0,0,0,0,0,0,0,0,0,0,0,0,0,0,0,0,148,0,289,0,48,0,0,0,0,0,0,0,0,0,19,0,0,0,0,0,0,0,0,0,145,0,13,0,175,0,0,0,17,0,3,5,29,0,4,0,0,0,0,0,0,11,59,0,20,0,0,0,0,0,0,0,6,0,0,0,0,0,0,0,0,0,0,0,0,0,0,0,0,21,0,0,0,38,292,404,0,0,0,117
20,0,61,0,74,0,0,0,13,0,21,0,177,137,0,0,0,0,7,0,0,0,0,0,0,0,55,123,0,0,0,0,0,0,3,0,0,0,0,0,116,185,30,0,200,82,0,355,172,42,16,9,0,0,0,0,0,0,0,0,0,0,0,0,0,0,0,0,0,0,0,0,0,0,0,0,0,0,0,0,0,0,0,0,0,0,0,0,0,0,0,0,0,0,0,0,0,0,0,0,0,0,0,0,0,0,0,0,0,0,0,0,0,0,0,0,0,0,0,0,0,0,0,0,0,0,0,0,0,0,0,0,0,0,0,0,0,0,0,0,0,0,0,0,0,0,0,0,0,0,0,0,0,0,0,0,0,0,0,0,0,0,0,0,0,0,0,0,0,0,1,0,0,0,0,0,20,73,8,0,0,0,10,0,12,0,57,12,0,0,0,0,0,0,0,0,0,0,0,0,0,0,0,0,0,0,0,0,0,0,0,394,59,0,0,1,0,152,0,10,0,0,0,0,0
0,20,0,0,0,62,0,0,0,2,1,192,17,197,0,0,0,0,0,18,0,0,0,0,0,0,60,221,0,0,0,0,0,0,0,0,0,0,0,0,173,223,0,41,163,250,355,0,111,213,2,0,0,0,0,0,0,0,0,0,0,0,0,0,0,0,0,2,0,0,0,0,0,0,0,0,0,0,0,0,0,0,0,0,0,0,0,0,0,0,0,0,0,0,0,0,0,0,0,0,0,0,0,0,0,0,0,0,0,0,0,0,0,0,0,0,0,0,0,0,0,0,0,0,0,0,0,0,0,0,0,0,0,0,0,0,0,0,0,0,0,0,0,0,0,0,0,0,0,0,0,0,0,0,0,0,0,0,0,0,0,0,0,0,0,0,0,0,0,14,0,0,0,0,0,0,0,124,1,0,0,0,0,0,0,0,71,7,0,0,0,1,0,0,0,0,0,2,0,0,0,0,0,0,0,0,0,0,0,0,0,6,0,0,0,0,0,1,0,276,48,1,0,0,68
0,0,42,0,20,0,47,0,35,0,16,0,26,0,0,0,5,0,5,0,7,0,0,0,0,0,56,0,1,0,0,0,0,0,4,0,7,0,0,0,51,40,19,0,225,30,172,111,0,104,15,0,24,0,34,0,37,0,62,0,7,0,8,0,0,0,0,0,11,0,0,0,0,0,0,0,3,0,0,0,2,0,36,0,0,0,17,0,4,0,5,0,26,0,12,0,0,0,0,0,6,0,46,0,28,0,23,0,1,0,0,0,0,0,0,0,0,0,0,0,0,0,0,0,0,0,0,0,0,0,0,0,0,0,26,0,7,0,0,0,0,0,14,0,7,0,0,0,0,0,16,0,0,0,21,0,5,0,0,0,26,0,15,0,40,0,14,0,61,0,8,0,12,0,3,0,65,42,12,0,0,0,0,0,1,0,142,2,40,0,0,0,45,0,34,0,2,0,40,0,14,0,54,0,56,0,13,0,13,0,113,154,267,10,24,58,4,39,0,7,1,0,0,0,4
0,5,0,0,0,11,0,2,0,1,0,22,0,60,0,0,0,0,0,5,0,0,0,0,0,0,0,22,0,0,0,0,0,0,0,0,0,2,0,0,6,154,0,16,15,253,42,213,104,0,0,12,0,0,0,0,0,2,0,2,0,0,0,0,0,0,0,0,0,7,0,0,0,0,0,0,0,12,0,0,0,0,0,31,0,0,0,10,0,9,0,0,0,11,0,23,0,0,0,0,0,0,0,0,0,6,0,0,0,0,0,0,0,0,0,0,0,0,0,0,0,3,0,0,1,2,0,2,0,0,0,0,0,0,0,8,0,0,0,0,0,0,0,0,0,0,0,0,0,1,0,0,0,0,0,0,0,0,0,0,0,0,0,0,1,39,0,4,0,63,0,0,0,3,0,4,2,189,0,0,0,0,0,1,0,0,31,132,0,0,0,0,0,0,0,9,0,0,0,0,0,12,0,0,0,19,0,0,0,0,0,5,0,0,1,0,0,8,15,61,24,0,0,0,41
1,0,0,0,67,64,0,0,4,0,7,0,37,49,21,10,13,0,333,94,149,36,0,0,6,0,279,23,23,0,45,0,32,0,114,0,75,0,0,0,0,0,55,4,57,3,16,2,15,0,0,0,0,0,0,0,0,0,0,0,0,0,15,0,0,0,0,0,0,0,15,0,0,0,25,0,0,0,0,0,0,0,0,0,0,0,26,0,0,0,0,0,0,0,0,0,0,0,0,0,0,0,0,0,0,0,0,0,0,0,0,0,0,0,0,0,0,0,0,0,0,0,0,0,0,0,0,0,0,0,0,0,0,0,0,0,0,0,0,0,19,0,0,0,0,0,0,0,0,0,0,0,0,0,0,0,0,0,0,0,0,0,9,0,85,0,25,0,29,0,9,0,18,0,0,0,14,4,49,0,0,0,3,0,0,0,22,0,0,0,0,0,0,0,0,0,0,0,0,0,0,0,0,0,0,0,0,0,0,0,36,177,109,7,7,0,0,9,0,0,0,0,0,0,0
0,15,0,0,0,0,0,17,0,7,0,45,34,218,0,8,0,8,16,244,0,87,0,0,0,2,66,284,0,23,0,17,0,23,0,61,0,97,0,4,0,4,0,36,5,132,9,0,0,12,0,0,0,0,0,0,0,21,0,0,0,0,0,0,0,0,0,0,0,0,0,8,0,0,0,0,0,0,0,0,0,94,0,0,0,32,0,0,0,0,0,0,0,0,0,0,0,0,0,0,0,0,0,0,0,0,0,0,0,0,0,0,0,0,0,0,0,0,0,0,0,0,0,16,0,0,0,0,0,0,0,0,0,0,0,0,0,0,0,0,0,120,0,186,0,48,0,0,0,0,0,0,0,0,0,0,0,0,0,15,0,0,0,18,0,59,0,24,0,71,0,23,0,38,0,0,0,41,0,10,0,0,0,0,0,0,0,132,0,2,0,0,0,0,0,0,0,0,0,0,0,0,0,0,0,0,0,0,0,0,0,0,0,0,12,0,0,0,41,109,81,9,1,0,0
47,0,0,0,0,0,37,0,55,19,0,0,0,0,0,0,57,0,4,0,4,0,6,0,43,0,7,0,0,0,0,0,0,0,0,0,0,0,0,0,0,0,0,0,0,0,0,0,24,0,0,0,0,8,78,53,92,20,129,111,17,0,48,3,3,3,2,52,0,0,2,0,0,0,2,0,0,0,0,0,0,0,0,0,17,0,0,0,0,0,0,0,0,0,0,0,19,0,20,0,0,0,0,0,0,0,0,0,0,0,0,0,0,0,0,0,0,0,0,0,7,0,7,0,0,0,3,0,120,0,5,0,0,0,0,0,21,0,207,0,66,0,53,0,18,0,0,0,0,0,0,0,0,0,201,3,75,0,105,0,11,0,8,0,0,0,0,0,7,0,126,0,17,0,0,0,6,0,0,0,0,0,9,0,0,0,0,0,0,0,0,0,0,0,0,0,0,0,0,0,0,0,0,0,0,0,0,0,0,0,168,190,228,96,118,0,19,0,0,0,0,0,0,0,0
0,22,0,0,0,0,0,34,63,69,0,0,0,0,0,16,0,26,0,0,0,0,0,0,36,7,0,0,0,6,0,0,0,0,0,0,0,0,0,5,0,0,0,0,0,0,0,0,0,0,0,0,8,0,31,68,0,58,18,6,0,46,0,76,0,0,0,1,0,0,0,0,0,0,0,0,0,0,0,0,0,0,0,0,0,0,0,0,0,0,0,4,0,0,0,0,0,0,0,0,0,0,0,0,0,0,0,0,0,0,0,0,0,0,0,0,0,0,0,0,0,0,0,0,0,0,0,0,0,24,0,0,0,2,0,0,0,0,0,82,0,25,0,48,0,30,0,0,0,0,0,0,0,0,0,150,0,100,0,139,0,0,0,0,0,0,0,0,0,0,0,1,0,0,0,0,0,10,0,0,0,0,0,6,0,1,0,0,0,0,0,0,0,0,0,0,0,0,0,0,0,0,0,0,0,0,0,0,0,0,1,0,0,0,14,0,0,0,31,492,9,6,0,0,0
0,0,116,0,0,0,111,0,13,147,2,0,0,0,0,0,12,0,0,0,0,0,22,0,136,0,0,0,0,0,1,0,0,0,0,0,0,0,0,0,0,0,0,0,0,0,0,0,34,0,0,0,78,31,0,136,40,13,143,123,14,0,22,8,0,0,1,133,1,0,0,0,0,0,0,0,0,0,0,0,0,0,0,0,0,0,0,0,0,0,0,0,0,0,2,0,0,0,0,0,0,0,0,0,0,0,0,0,0,0,0,0,0,0,0,0,0,0,0,0,0,0,0,0,0,0,0,0,40,0,13,0,0,0,0,0,81,0,5,0,0,0,0,0,0,0,0,0,0,0,0,0,0,0,22,2,13,0,7,0,11,0,7,0,2,0,0,0,20,0,149,0,42,0,0,0,4,2,0,0,0,0,0,0,0,0,0,0,0,0,0,0,0,0,0,0,0,0,0,0,0,0,0,0,0,0,0,0,8,0,237,72,295,167,213,0,43,0,0,0,0,0,0,0,0
69,37,28,31,0,5,128,402,467,73,0,3,0,0,0,47,20,55,0,14,0,83,27,62,296,211,0,0,0,33,0,0,0,0,0,0,0,10,0,14,0,0,0,0,0,0,0,0,0,0,0,0,53,68,136,0,4,107,101,109,0,7,93,60,0,0,85,9,0,0,0,0,0,0,0,0,0,0,0,0,0,0,0,0,0,17,0,0,0,0,0,0,0,0,0,0,0,0,0,0,0,0,0,0,0,0,0,0,0,1,0,0,0,0,0,0,0,0,0,0,0,0,0,0,0,0,0,0,0,73,0,12,0,16,0,0,0,84,4,71,0,39,0,172,0,0,0,0,0,0,0,0,0,0,0,92,0,0,0,30,0,23,0,0,0,10,0,0,2,38,0,51,6,68,0,0,34,25,0,0,0,0,14,17,2,0,0,0,0,0,0,0,0,0,0,0,0,0,0,0,0,0,0,0,0,0,0,1,0,0,0,0,0,0,446,0,0,0,397,363,358,225,0,110,3
0,0,16,0,0,0,12,0,12,0,0,0,0,0,0,0,8,0,0,0,0,0,6,0,51,0,0,0,0,0,0,0,0,0,0,0,0,0,0,0,0,0,0,0,0,0,0,0,37,0,0,0,92,0,40,4,0,0,253,57,0,0,4,0,23,24,39,59,0,0,0,0,0,0,0,0,0,0,0,0,0,0,0,0,0,0,0,0,0,0,0,0,0,0,0,0,0,0,0,0,1,0,0,0,0,0,0,0,0,0,0,0,0,0,0,0,0,0,0,0,0,0,0,0,55,0,39,0,211,0,80,0,17,0,0,0,35,0,28,5,0,0,24,0,5,0,9,0,14,0,6,0,0,0,164,0,21,0,88,10,55,0,0,0,0,0,5,0,7,0,72,0,9,0,0,0,0,0,0,0,32,5,0,0,16,4,0,0,0,0,0,0,0,0,0,0,0,0,0,0,0,0,1,0,0,0,0,0,12,0,508,155,355,350,712,0,119,0,0,0,0,0,0,0,0
0,0,0,0,0,0,0,21,0,7,0,0,0,0,0,0,0,83,0,0,0,0,0,19,0,81,0,0,0,10,0,0,0,0,0,0,0,9,0,4,0,0,1,0,0,17,0,0,0,2,0,21,20,58,13,107,0,0,53,396,0,2,4,19,2,0,33,23,0,1,0,0,0,0,0,3,0,1,0,0,0,0,0,0,0,3,0,0,0,0,0,0,0,0,0,0,0,0,0,0,0,0,0,0,0,0,0,0,0,0,0,0,0,0,0,0,0,0,0,0,0,0,0,0,0,18,0,32,0,201,0,101,0,47,0,0,0,44,0,42,0,15,0,65,0,0,0,4,0,2,0,0,0,0,6,182,2,0,0,154,0,78,0,0,0,7,0,12,0,38,0,116,0,0,0,0,0,0,0,0,0,3,0,0,4,0,0,0,0,0,0,0,0,0,0,0,0,0,0,0,0,0,0,0,0,0,0,0,0,12,4,4,0,0,633,0,0,0,376,159,499,376,0,123,8
4,0,40,0,0,0,12,0,182,49,0,0,0,0,0,0,1,0,0,0,0,0,0,0,27,0,0,0,0,0,0,0,0,0,0,0,0,0,0,0,0,0,0,0,0,0,0,0,62,0,0,0,129,18,143,101,253,53,0,373,19,0,0,0,108,41,169,270,0,0,0,0,0,0,0,0,0,0,0,0,0,0,0,0,0,1,0,0,0,0,0,0,0,0,0,0,0,0,0,0,0,0,0,0,0,0,0,0,0,0,0,0,0,0,0,0,0,0,0,0,0,0,0,0,31,0,49,0,25,0,47,0,8,0,0,0,17,0,1,2,0,1,0,0,0,0,13,0,18,0,0,0,0,0,42,24,87,0,4,10,11,6,8,0,0,0,0,0,34,0,96,0,0,0,9,0,0,0,0,0,59,0,0,0,168,12,0,0,0,0,0,0,0,0,0,0,0,0,0,0,0,0,0,0,1,0,0,0,9,0,934,252,384,411,959,0,115,14,0,4,0,0,0,0,0
0,4,0,0,0,0,0,19,129,83,0,5,0,0,0,0,0,0,3,0,0,0,0,0,13,8,0,0,0,0,0,0,0,0,0,0,0,0,0,0,0,0,0,0,0,0,0,0,0,2,0,0,111,6,123,109,57,396,373,0,2,6,11,5,24,165,280,118,0,2,0,0,0,0,0,0,0,1,0,0,0,0,0,0,0,0,0,0,0,0,0,0,0,0,0,0,0,0,0,0,0,0,0,0,0,0,0,0,0,0,0,0,0,0,0,0,0,0,0,0,0,0,0,0,0,49,0,48,0,49,0,115,0,38,0,28,0,69,6,19,0,7,0,0,7,4,0,7,0,2,0,0,0,0,46,15,19,9,7,12,15,112,0,0,0,0,0,0,0,7,0,0,0,0,4,13,19,5,0,0,31,0,0,0,59,130,0,0,0,0,0,0,0,0,0,0,0,0,0,1,0,7,0,0,0,1,0,0,0,20,11,2,5,1,1409,0,1,0,1169,346,444,537,0,157,8
77,0,42,0,0,0,109,0,121,0,0,0,0,0,0,0,94,0,0,0,7,0,8,0,70,0,0,0,27,0,2,0,2,0,0,0,5,0,6,0,0,0,0,0,0,0,0,0,7,0,0,0,17,0,14,0,0,0,19,2,0,0,67,0,0,0,0,0,0,0,7,0,0,0,0,0,0,0,0,0,4,0,0,0,0,0,0,0,0,0,0,0,0,0,0,0,0,0,19,0,0,0,0,0,0,0,0,0,0,0,0,0,0,0,0,0,0,0,0,0,0,0,0,0,1,0,0,0,9,0,0,0,0,0,0,0,0,0,100,0,59,0,0,0,113,0,0,0,0,0,0,0,0,0,35,0,239,0,13,0,0,0,10,0,0,0,0,0,5,0,76,0,99,0,0,0,41,0,0,0,0,0,47,0,0,0,0,0,0,0,0,0,0,0,0,0,0,0,0,0,0,0,0,0,0,0,0,0,0,0,15,84,45,29,0,0,0,0,0,0,0,0,0,0,0
0,187,0,15,0,8,0,214,5,103,0,8,0,0,0,18,0,20,0,0,0,14,12,13,12,24,0,0,0,9,0,0,0,18,0,11,0,36,0,24,0,0,0,0,0,13,0,0,0,0,0,0,0,46,0,7,0,2,0,6,0,0,0,44,0,0,0,0,0,0,0,2,0,0,0,0,0,0,0,0,0,0,0,0,0,0,0,0,0,0,0,0,0,0,0,0,0,0,0,0,0,0,0,0,0,0,0,0,0,0,0,0,0,0,0,0,0,0,0,0,0,0,0,0,0,0,0,0,0,0,0,0,0,0,0,0,0,0,0,63,0,73,0,28,0,138,0,0,0,0,0,0,0,0,0,33,0,188,0,67,0,0,0,0,0,0,0,0,0,4,0,10,0,33,0,0,5,54,0,0,0,0,0,35,0,0,0,0,0,0,0,0,0,0,0,0,0,0,0,0,0,0,0,0,0,0,0,0,0,0,0,0,0,0,0,0,0,0,6,440,18,3,0,0,0
58,0,34,0,0,0,152,19,155,66,0,0,0,0,15,0,186,0,15,0,71,0,37,0,119,0,0,0,5,0,15,0,14,0,0,0,14,0,18,0,0,0,5,0,1,0,0,0,8,0,15,0,48,0,22,93,4,4,0,11,67,0,0,0,0,0,0,6,0,0,9,0,0,0,12,0,0,0,0,0,34,0,7,0,0,0,18,0,0,0,0,0,0,0,0,0,6,0,0,0,0,0,0,0,0,0,0,0,0,0,0,0,0,0,0,0,0,0,0,0,0,0,0,0,0,0,0,0,24,0,0,0,0,0,0,0,6,0,181,0,134,0,14,0,58,0,0,0,0,0,0,0,0,0,78,0,50,0,42,0,0,0,4,0,0,0,0,0,0,0,47,0,51,0,0,0,24,0,0,0,0,0,69,0,0,0,0,0,0,0,0,0,0,0,0,0,0,0,0,0,0,0,0,0,0,0,0,0,0,0,27,146,47,35,43,0,3,0,0,0,0,0,0,0,0
19,132,22,0,0,0,0,167,22,148,0,0,0,0,0,0,5,133,0,0,0,93,31,81,69,31,0,0,0,79,0,20,0,39,0,16,0,37,0,45,0,0,0,0,0,48,0,0,0,0,0,0,3,76,8,60,0,19,0,5,0,44,0,0,0,0,0,0,0,0,0,0,0,0,0,0,0,0,0,0,0,0,0,0,0,0,0,0,0,0,0,0,0,0,0,0,0,0,0,0,0,4,0,0,0,0,0,0,0,0,0,0,0,0,0,0,0,0,0,0,0,0,0,0,0,0,0,0,0,26,0,0,0,0,0,0,0,0,0,298,0,157,0,53,0,72,0,0,0,0,0,0,0,0,0,98,0,48,0,263,0,0,0,0,0,0,0,0,0,0,0,4,0,11,0,0,8,67,0,0,0,0,3,30,0,0,0,0,0,0,0,0,0,0,0,0,0,0,0,0,0,0,0,0,0,0,0,0,0,0,0,0,0,0,4,0,0,0,5,217,8,0,0,0,0
18,0,43,0,0,0,32,0,127,0,0,0,17,0,0,0,0,0,5,0,0,0,0,0,0,0,0,0,0,0,0,0,0,0,0,0,0,0,0,0,0,0,0,0,0,0,0,0,0,0,0,0,3,0,0,0,23,2,108,24,0,0,0,0,0,33,236,13,0,0,0,0,2,0,0,0,0,0,0,0,0,1,0,0,0,0,0,0,0,0,0,0,0,0,0,0,0,0,0,0,0,0,0,0,0,0,0,0,0,0,0,0,0,0,0,0,0,0,0,0,0,0,0,0,7,0,9,0,0,0,21,0,0,0,0,0,0,0,1,55,0,0,0,0,0,18,9,0,41,0,0,0,2,0,4,0,0,1,7,43,443,65,0,0,0,0,0,0,0,0,0,0,0,0,5,3,0,0,0,0,204,29,7,0,192,0,0,0,0,0,0,0,0,0,0,0,0,0,0,0,0,0,0,0,0,0,0,0,0,0,40,38,0,0,47,0,0,0,0,0,0,0,0,0,0
0,68,0,2,0,5,0,40,3,158,0,28,0,4,0,0,0,0,0,26,0,1,0,0,0,0,0,0,0,0,0,0,0,0,0,1,0,0,0,0,0,0,0,0,0,0,0,0,0,0,0,0,3,0,0,0,24,0,41,165,0,0,0,0,33,0,15,652,0,0,0,28,0,5,0,32,0,0,0,5,0,0,0,0,0,0,0,0,0,0,0,0,0,0,0,0,0,2,0,0,0,0,0,0,0,0,0,0,0,0,0,0,0,0,0,0,0,0,0,0,0,0,0,0,0,56,0,48,20,0,0,123,0,0,0,36,2,32,33,30,0,26,0,0,0,44,0,42,0,204,0,13,0,5,8,0,0,1,7,4,84,375,0,0,0,0,0,0,0,0,0,0,0,0,3,32,0,0,0,0,47,141,0,0,20,85,0,0,0,0,0,0,0,0,0,0,0,0,0,0,0,0,0,0,0,0,0,0,0,26,0,0,0,0,51,0,0,0,50,0,0,0,0,0,0
10,0,5,0,0,0,37,0,136,11,0,0,0,0,0,0,0,0,0,0,0,0,0,0,1,0,0,0,0,0,0,0,0,0,0,0,0,0,0,0,0,0,0,0,0,0,0,0,0,0,0,0,2,0,1,85,39,33,169,280,0,0,0,0,236,15,0,123,0,0,0,0,0,0,0,0,0,0,0,0,0,0,0,0,0,0,0,0,0,0,0,0,0,0,0,0,0,0,0,0,0,0,0,0,0,0,0,0,0,0,0,0,0,0,0,0,0,0,0,0,0,0,0,0,7,0,0,0,0,0,0,0,0,0,0,0,0,0,0,0,0,0,0,0,0,0,0,0,11,0,0,0,0,0,2,13,0,0,0,9,8,0,0,0,0,0,0,0,2,0,7,0,0,0,16,1,9,0,0,0,75,0,0,0,478,11,0,0,0,0,0,0,0,0,0,0,0,0,0,0,0,0,0,0,0,0,0,0,2,0,138,69,32,0,71,0,0,1,1,0,0,0,0,0,0
0,9,0,0,0,0,16,0,102,143,0,7,0,0,0,0,0,0,0,5,0,0,0,0,0,0,0,0,0,0,0,0,0,0,0,0,0,0,0,0,0,0,1,0,0,0,0,2,0,0,0,0,52,1,133,9,59,23,270,118,0,0,6,0,13,652,123,0,0,0,0,0,0,0,0,0,0,0,0,0,0,0,0,0,0,0,0,0,0,0,0,0,0,0,0,0,0,0,0,0,0,0,0,0,0,0,0,0,0,0,0,0,0,0,0,0,0,0,0,0,0,0,0,0,0,50,0,23,0,0,2,142,0,8,0,0,0,4,0,0,0,2,0,0,0,2,0,12,0,45,0,0,0,2,39,1,11,0,0,2,15,81,0,0,0,0,0,0,0,2,0,0,0,0,5,37,19,27,0,0,32,65,0,3,21,383,0,0,0,0,0,0,0,0,0,0,0,0,0,0,0,1,0,0,0,0,0,0,0,13,3,0,2,0,223,0,0,0,221,77,49,66,0,15,1
0,0,0,0,0,0,0,0,0,0,0,0,0,0,0,0,0,0,0,0,0,0,0,0,0,0,0,0,0,0,0,0,0,0,0,0,0,0,0,0,0,0,0,0,0,0,0,0,11,0,0,0,0,0,1,0,0,0,0,0,0,0,0,0,0,0,0,0,0,0,0,0,0,0,0,0,100,0,17,0,0,0,92,0,6,0,0,0,14,0,0,0,50,0,7,0,0,0,0,0,20,0,140,0,0,0,43,0,68,0,12,0,47,0,22,0,1,0,0,0,0,0,0,0,0,0,0,0,0,0,0,0,0,0,0,0,0,0,0,0,0,0,0,0,0,0,0,0,0,0,0,0,0,0,0,0,0,0,2,0,0,0,2,0,11,0,0,0,114,0,2,0,0,0,0,0,0,0,0,0,0,0,0,0,0,0,0,0,0,0,0,0,0,0,0,0,0,0,0,0,0,0,0,0,0,0,0,0,0,0,42,0,73,0,11,88,72,0,0,0,0,0,0,0,0
0,0,0,0,0,0,0,0,0,0,0,0,0,0,0,0,0,0,0,0,0,0,0,0,0,0,0,0,0,0,0,0,0,0,0,0,0,0,0,0,0,0,0,0,0,0,0,0,0,7,0,0,0,0,0,0,0,1,0,2,0,0,0,0,0,0,0,0,0,0,0,0,0,0,0,0,0,83,0,0,0,0,0,53,0,0,0,14,0,17,0,0,0,39,0,23,0,0,0,0,0,0,0,67,0,0,0,5,0,16,0,0,0,2,0,0,0,5,0,0,0,0,0,0,0,0,0,0,0,0,0,0,0,3,0,12,0,0,0,0,0,0,0,0,0,0,0,0,0,0,0,0,0,0,0,0,0,0,0,0,0,0,0,0,0,16,0,0,0,132,0,5,0,2,0,0,0,0,0,0,0,0,0,0,0,0,0,0,0,17,0,0,0,2,0,10,0,0,0,0,0,0,0,0,0,18,0,0,0,0,0,0,0,0,0,0,0,0,31,5,51,0,12,116,0
0,0,0,0,0,0,0,0,0,0,0,0,0,0,0,0,44,0,0,0,51,0,3,0,0,0,37,0,21,0,8,0,0,0,13,0,72,0,3,0,0,0,20,0,0,0,0,0,0,0,15,0,2,0,0,0,0,0,0,0,7,0,9,0,0,0,0,0,0,0,0,0,158,0,293,0,10,0,164,0,0,0,0,0,0,0,0,0,0,0,0,0,0,0,0,0,0,0,0,0,0,0,0,0,0,0,0,0,0,0,0,0,0,0,0,0,0,0,0,0,19,0,4,0,16,0,20,2,0,0,38,0,0,0,8,0,13,0,18,0,82,6,20,0,69,0,19,0,20,7,0,0,24,0,0,0,7,0,0,0,5,3,61,0,0,0,20,0,41,0,14,0,27,0,14,0,0,0,0,0,33,0,0,0,39,0,0,0,0,0,0,0,0,0,0,0,0,0,0,0,0,0,0,0,0,0,0,0,12,0,20,2,48,8,0,0,0,0,0,0,1,0,0,0,0
0,0,0,0,0,0,0,0,0,0,0,0,0,0,0,0,0,0,0,0,0,0,0,0,0,0,0,0,0,0,0,0,0,0,0,0,0,0,0,0,0,0,0,0,0,2,0,0,0,0,0,8,0,0,0,0,0,0,0,0,0,2,0,0,0,28,0,0,0,0,0,0,0,357,0,313,0,21,0,58,0,6,0,0,0,0,0,153,0,0,0,0,0,0,0,0,0,0,0,0,0,0,0,0,0,0,0,0,0,0,0,0,0,0,0,0,0,0,0,0,0,0,0,8,0,39,0,0,0,9,6,37,0,17,0,0,0,0,0,8,0,47,0,0,0,88,0,0,0,54,0,0,0,0,0,0,0,0,0,1,0,8,0,17,0,0,0,0,0,11,0,7,0,9,0,0,0,0,0,0,0,10,0,0,0,3,0,0,0,0,0,0,0,0,0,0,0,0,0,0,0,0,0,0,0,0,0,0,0,0,0,0,0,0,8,0,0,0,54,0,40,3,0,3,0
0,0,0,0,1,0,0,0,0,0,0,0,0,0,0,0,0,0,0,0,0,0,0,0,0,0,0,0,0,0,0,0,0,0,0,0,0,0,0,0,0,0,0,0,0,0,0,0,0,0,0,0,0,0,0,0,0,0,0,0,0,0,0,0,2,0,0,0,0,0,158,0,0,0,150,0,55,0,194,0,0,0,7,0,12,0,3,0,0,0,0,0,0,0,0,0,0,0,0,0,0,0,0,0,0,0,0,0,0,0,0,0,0,0,1,0,0,0,0,0,36,0,10,0,17,0,0,0,0,0,22,0,16,0,40,0,23,0,12,6,82,0,90,0,70,0,21,0,0,0,70,0,0,0,0,0,3,0,0,0,0,0,58,0,0,0,0,0,19,0,0,0,5,0,0,0,0,0,0,0,30,3,0,0,18,0,0,0,0,0,0,0,0,0,0,0,0,0,42,0,0,0,0,0,0,0,0,0,47,0,271,10,9,0,11,0,0,1,0,0,1,0,0,0,0
0,0,0,0,0,0,0,0,0,0,0,0,0,0,0,0,0,0,0,0,0,0,0,0,0,0,0,0,0,0,0,0,0,0,0,0,0,0,0,0,0,0,0,0,0,0,0,0,0,0,0,0,0,0,0,0,0,0,0,0,0,0,0,0,0,5,0,0,0,0,0,357,0,0,0,225,0,124,0,68,0,14,0,0,0,122,0,102,0,0,0,0,0,0,0,0,0,0,0,0,0,0,0,0,0,0,0,9,0,0,0,0,0,0,0,0,0,0,0,0,0,40,0,38,0,86,0,0,0,14,0,27,0,67,0,137,0,75,0,11,0,37,0,140,0,114,0,22,3,27,0,0,0,0,0,0,0,0,0,0,0,0,0,9,0,1,0,0,0,9,0,0,0,0,0,0,0,0,0,0,0,0,0,0,0,0,0,0,0,44,0,0,0,0,0,0,0,0,0,43,0,82,0,0,0,0,0,0,0,0,0,0,0,0,29,0,0,0,159,1,15,0,0,0,0
0,0,0,0,0,0,0,0,0,0,0,0,0,0,0,0,64,0,0,0,89,0,24,0,0,0,52,0,15,0,0,0,13,0,0,0,79,0,0,0,0,0,33,0,9,0,0,0,0,0,25,0,2,0,0,0,0,0,0,0,0,0,12,0,0,0,0,0,0,0,293,0,150,0,0,0,18,0,205,0,19,0,31,0,17,0,64,0,0,0,0,0,8,0,17,0,2,0,13,1,10,0,0,0,0,0,0,0,0,0,0,0,0,0,0,0,0,0,0,0,124,0,46,0,0,0,30,0,8,0,21,0,9,0,87,0,48,6,16,5,106,16,119,0,81,0,25,0,15,7,81,0,54,0,0,0,0,0,0,0,0,0,49,0,0,0,12,0,19,0,0,0,0,0,24,0,0,0,0,0,42,0,1,0,26,0,0,0,0,0,0,0,0,0,0,0,0,0,0,0,9,0,0,0,0,0,32,0,55,0,55,0,20,0,0,0,1,0,0,0,0,0,0,0,0
0,0,0,0,0,0,0,0,0,6,0,0,0,0,0,0,0,0,0,0,0,0,0,0,0,0,0,0,0,0,0,0,0,0,0,0,0,0,0,0,0,0,0,0,0,0,0,0,0,0,0,0,0,0,0,0,0,3,0,0,0,0,0,0,0,32,0,0,0,0,0,313,0,225,0,0,0,23,0,65,0,5,0,0,0,15,0,153,0,0,0,0,0,0,0,0,0,0,0,0,0,0,0,0,0,0,0,0,0,0,0,0,0,0,0,0,0,0,0,0,0,95,0,14,0,61,0,0,6,11,10,52,2,22,0,52,0,0,0,4,4,43,0,83,0,121,0,0,0,76,0,0,0,0,0,0,0,0,0,0,0,6,0,31,0,0,0,0,0,9,0,4,0,7,0,0,0,0,0,0,3,0,0,0,0,0,0,0,0,0,0,0,0,0,0,0,0,0,0,3,0,0,0,0,0,0,0,0,0,18,0,0,0,0,18,0,0,0,124,6,13,2,0,0,0
0,0,0,0,0,0,0,0,0,0,0,0,0,0,0,0,0,0,0,0,0,0,0,0,0,0,0,0,0,0,0,0,0,0,0,0,0,0,0,0,1,0,0,0,0,0,0,0,3,0,0,0,0,0,0,0,0,0,0,0,0,0,0,0,0,0,0,0,100,0,10,0,55,0,18,0,0,0,37,0,9,0,67,0,12,0,17,0,7,0,0,0,123,0,19,0,0,0,8,0,6,0,72,0,0,0,0,0,15,0,0,0,4,0,7,0,3,0,0,0,3,0,0,0,0,0,0,0,0,0,2,0,0,0,20,0,1,0,0,0,0,0,10,0,0,0,0,0,0,0,5,0,0,0,0,0,0,0,0,0,0,0,0,0,6,0,0,0,26,0,0,0,0,0,0,0,0,0,0,0,0,0,0,0,0,0,0,0,40,0,0,0,0,0,28,0,0,0,26,0,44,0,0,0,65,0,0,0,0,0,51,0,23,0,0,25,4,0,0,0,0,0,0,0,0
0,0,0,0,0,0,0,0,0,0,0,0,0,0,0,0,0,0,0,0,0,0,0,0,0,0,0,0,0,0,0,0,0,0,0,0,0,0,0,0,0,0,0,0,0,6,0,0,0,12,0,0,0,0,0,0,0,1,0,1,0,0,0,0,0,0,0,0,0,83,0,21,0,124,0,23,0,0,0,19,0,28,0,36,0,36,0,134,0,0,0,0,0,70,0,16,0,0,0,11,0,6,0,132,0,0,0,0,0,3,0,0,0,0,0,0,0,24,0,1,0,14,0,0,0,0,0,0,0,0,0,0,0,0,0,0,0,0,0,0,0,0,0,0,0,0,0,0,0,0,0,0,0,0,0,0,0,0,0,0,0,0,0,0,0,25,0,0,0,84,0,0,0,0,0,0,0,0,0,0,0,0,0,0,0,0,0,0,0,66,0,13,0,0,0,34,0,0,0,0,0,48,0,0,0,79,0,0,0,0,0,0,0,0,8,0,0,0,32,0,29,0,4,2,0
2,0,0,0,0,0,0,0,0,0,0,0,0,0,0,0,35,0,0,0,0,0,0,0,0,0,0,0,0,0,0,0,0,0,0,0,0,0,0,0,0,0,0,0,6,0,0,0,0,0,0,0,0,0,0,0,0,0,0,0,0,0,0,0,0,0,0,0,17,0,164,0,194,0,205,0,37,0,0,0,14,0,187,0,33,0,36,0,0,0,0,0,123,0,20,0,0,0,10,0,0,0,11,0,13,0,7,0,0,0,0,0,0,0,2,0,0,0,0,0,103,0,23,0,0,0,15,0,0,0,3,0,0,0,113,0,0,0,0,0,49,0,110,0,20,1,0,0,0,0,0,0,0,0,0,0,2,0,0,0,0,0,16,0,10,0,0,0,47,0,0,0,0,0,0,1,0,0,0,0,0,0,0,0,0,0,0,0,0,1,15,0,57,0,20,0,0,0,0,0,94,0,0,0,65,0,0,0,0,0,346,0,40,3,43,14,3,0,0,0,0,0,0,0,0
0,0,0,0,0,0,0,0,0,0,0,0,0,0,0,0,0,0,0,0,0,0,0,0,0,0,0,0,0,0,0,0,0,0,0,0,0,0,0,0,0,0,0,0,0,0,0,0,0,0,0,0,0,0,0,0,0,0,0,0,0,0,0,0,0,5,0,0,0,0,0,58,0,68,0,65,0,19,0,0,0,0,0,0,0,23,0,63,0,0,0,0,0,0,0,0,0,0,0,0,0,0,0,0,0,0,0,0,0,0,0,0,0,0,0,0,0,0,0,0,0,9,0,32,0,0,0,0,0,3,0,0,0,10,0,0,0,10,0,8,0,71,0,63,0,45,0,0,0,18,0,0,0,0,0,0,0,0,0,0,0,2,0,13,0,0,0,0,0,3,0,0,0,0,0,1,0,0,0,0,1,0,0,0,0,0,0,0,0,0,0,0,0,0,0,0,0,0,0,0,0,6,0,0,0,0,0,0,0,0,0,0,0,0,7,0,0,0,59,0,9,0,0,0,0
