0.00000000,0.78207995,2.69591205,1.33364698,1.94849370,0.00000000,2.03870694,0.94491274,3.38268991,1.00477314,1.82960625,0.00000000,1.19605030,0.00000000,2.68279744,2.09464132,1.42463588,1.38737179,3.29968068,0.00000000,0.00000000,0.00000000,1.74663801,2.50253204,1.62069893,1.07442033,2.98462300,0.00000000,1.19505260,0.00000000,0.00000000,0.00000000,2.10245146,0.00000000,0.00000000,0.00000000,1.97688206,3.16133170,0.85719974,0.00000000,2.01126664,0.00000000,0.00000000,0.00000000,4.30229097,0.00000000,1.87850095,0.00000000,0.00000000,0.00000000,5.73093231,0.00000000,1.45419622,0.00000000,0.00000000,0.72842200,0.00000000,0.00000000,2.71659107,0.00000000,1.09979437,0.00000000,1.49140777,1.45711041,1.67585615,0.00000000,3.45621421,0.00000000,0.00000000,0.00000000,0.00000000,0.00000000,0.00000000,0.00000000,0.00000000,0.00000000,0.00000000,0.00000000,0.00000000,0.00000000,0.00000000,0.00000000,0.00000000,0.00000000,0.00000000,0.00000000,0.00000000,0.00000000,0.00000000,0.00000000,0.00000000,0.00000000,0.00000000,0.00000000,0.00000000,0.00000000,0.00000000,0.00000000,0.00000000,0.00000000,0.00000000,0.00000000,0.00000000,0.00000000,0.00000000,0.00000000,0.00000000,0.00000000,0.00000000,0.00000000,0.00000000,0.00000000,0.00000000,0.00000000,0.00000000,0.00000000,0.00000000,0.00000000,0.00000000,0.00000000,0.00000000,0.00000000,0.00000000,0.00000000,1.89170933,0.00000000,0.00000000,0.00000000,0.00000000,0.00000000,2.42360517,0.00000000,0.00000000,0.00000000,0.00000000,0.00000000,0.00000000,0.00000000,0.00000000,0.00000000,0.00000000,0.00000000,4.37832802,0.00000000,2.23050042,0.00000000,0.00000000,0.00000000,1.22406546,0.00000000,0.00000000,0.00000000,1.52890020,0.00000000,0.00000000,0.00000000,0.00000000,0.00000000,0.00000000,0.00000000,0.00000000,0.00000000,0.00000000,0.00000000,1.63885855,0.00000000,0.00000000,0.00000000,2.23762196,0.00000000,1.74924041,0.00000000,1.04526620,0.00000000,0.00000000,0.00000000,0.98288860,1.22286399,1.69406334,0.00000000,1.29991756,0.00000000,1.13041506,0.00000000,1.07691950,0.00000000,2.54646768,0.00000000,0.00000000,0.00000000,0.00000000,0.00000000,0.00000000,0.00000000,0.00000000,0.00000000,0.00000000,0.00000000,0.00000000,0.00000000,0.00000000,0.00000000,0.00000000,0.00000000,0.00000000,0.00000000,0.00000000,0.00000000,4.07358550,0.00000000,1.09778937,2.30919054,1.83881476,0.00000000,0.95487351,0.00000000,0.00000000,0.00000000,1.51872367,3.63341089,0.00000000,0.00000000,0.00000000,0.00000000,0.00000000
0.78207995,0.00000000,0.88645681,1.61798034,1.44859162,1.61217863,0.00000000,1.64724547,1.62832075,1.56660250,0.00000000,0.99517889,1.16414921,2.15858236,1.70414777,1.73841772,1.52050817,1.53658022,0.00000000,1.37072350,0.00000000,1.49251749,0.86931168,2.06306341,1.19780967,2.15894414,0.00000000,1.28168777,0.00000000,1.61493848,0.00000000,1.67515036,2.68132447,0.00000000,0.00000000,1.61292121,0.00000000,1.52641457,0.00000000,1.05725459,0.00000000,2.10942157,0.00000000,0.00000000,0.00000000,4.28497907,0.00000000,1.64098779,0.00000000,2.93311779,0.00000000,1.59064570,0.00000000,1.81449020,0.00000000,2.18160966,0.00000000,0.00000000,0.00000000,2.20397700,0.00000000,0.97680147,0.00000000,1.44849776,0.00000000,1.26993519,0.00000000,2.30608193,0.00000000,0.00000000,0.00000000,0.00000000,0.00000000,0.00000000,0.00000000,0.00000000,0.00000000,0.00000000,0.00000000,0.00000000,0.00000000,1.58834326,0.00000000,0.00000000,0.00000000,0.00000000,0.00000000,0.00000000,0.00000000,0.00000000,0.00000000,0.00000000,0.00000000,0.00000000,0.00000000,0.00000000,0.00000000,0.00000000,0.00000000,0.00000000,0.00000000,0.00000000,0.00000000,0.00000000,0.00000000,0.00000000,0.00000000,1.02712511,0.00000000,0.00000000,0.00000000,0.00000000,0.00000000,0.00000000,0.00000000,0.00000000,0.00000000,0.00000000,0.00000000,0.00000000,0.00000000,0.00000000,0.00000000,0.00000000,0.00000000,2.26833921,0.00000000,1.63226375,0.00000000,0.00000000,0.00000000,0.00000000,0.00000000,0.00000000,0.00000000,1.79857651,0.00000000,1.83978207,0.00000000,3.01668087,0.00000000,0.00000000,0.00000000,0.00000000,0.00000000,0.00000000,0.00000000,0.00000000,0.00000000,1.17139483,0.00000000,1.67384733,0.00000000,1.99329011,0.00000000,2.46171880,0.00000000,1.90486089,0.00000000,2.81761575,0.00000000,2.08128464,0.00000000,0.00000000,0.00000000,2.76736675,0.00000000,1.30246592,0.00000000,2.60150095,0.00000000,1.56213593,0.00000000,1.16540645,0.00000000,2.43383172,1.00099943,1.97457523,0.00000000,2.25910948,0.00000000,1.18638410,0.00000000,2.03301915,0.00000000,1.66484019,0.00000000,0.00000000,0.00000000,0.00000000,0.00000000,0.00000000,0.00000000,0.00000000,0.00000000,0.00000000,0.00000000,0.00000000,0.00000000,0.00000000,0.00000000,0.00000000,0.00000000,0.00000000,0.00000000,0.00000000,0.00000000,0.00000000,0.00000000,1.91872624,0.00000000,0.00000000,0.00000000,0.00000000,2.47158714,0.00000000,0.00000000,0.00000000,0.81418470,3.18703711,1.43170344,1.34026855,0.00000000,1.14435423,0.00000000
2.69591205,0.88645681,0.00000000,1.12008890,1.50947624,1.34443497,2.54279449,0.77078416,2.23997093,1.47486212,3.04044170,1.86813039,2.20890757,0.00000000,1.44090443,2.91575677,1.74609575,1.44542757,2.81655918,0.00000000,2.53478614,0.00000000,0.93191583,2.02042165,1.74845031,1.15528412,1.90436545,0.00000000,1.27814605,0.00000000,2.25339123,0.00000000,1.42127015,1.49091399,0.00000000,0.00000000,1.41872388,1.78934348,0.93970716,0.00000000,2.12002104,0.00000000,0.00000000,0.00000000,0.00000000,0.00000000,2.21307859,0.00000000,3.02145362,0.00000000,0.00000000,0.00000000,0.00000000,0.00000000,2.45693040,1.10237025,1.73976740,0.00000000,1.66726349,0.00000000,1.40248036,0.00000000,2.33550915,1.20499106,3.44588351,0.00000000,4.78288737,0.00000000,0.00000000,0.00000000,0.00000000,0.00000000,0.00000000,0.00000000,0.00000000,0.00000000,0.00000000,0.00000000,0.00000000,0.00000000,0.00000000,0.00000000,0.00000000,0.00000000,1.80960245,0.00000000,0.00000000,0.00000000,0.00000000,0.00000000,0.00000000,0.00000000,0.00000000,0.00000000,0.00000000,0.00000000,0.00000000,0.00000000,0.00000000,0.00000000,0.00000000,0.00000000,0.00000000,0.00000000,0.00000000,0.00000000,1.19980918,0.00000000,0.00000000,0.00000000,0.00000000,0.00000000,0.00000000,0.00000000,0.00000000,0.00000000,0.00000000,0.00000000,0.00000000,0.00000000,0.00000000,0.00000000,0.00000000,0.00000000,2.64292748,0.00000000,1.31222480,0.00000000,0.00000000,0.00000000,2.18281368,0.00000000,4.01254521,0.00000000,1.46325675,0.00000000,1.79185384,0.00000000,0.00000000,0.00000000,0.00000000,0.00000000,1.70346663,0.00000000,0.00000000,0.00000000,1.56311850,0.00000000,1.19519201,0.00000000,1.75882628,0.00000000,1.62776809,0.00000000,0.00000000,0.00000000,0.00000000,0.00000000,0.00000000,0.00000000,1.94929715,0.00000000,0.00000000,0.00000000,1.90411498,0.00000000,1.48885755,0.00000000,1.44175177,0.00000000,1.76903962,0.00000000,1.12901345,0.00000000,0.00000000,0.00000000,1.35280348,1.73508909,5.23530660,0.00000000,0.00000000,0.00000000,5.90963037,0.00000000,2.46793171,0.00000000,3.17751217,0.00000000,0.00000000,0.00000000,0.00000000,0.00000000,0.00000000,0.00000000,0.00000000,0.00000000,0.00000000,0.00000000,0.00000000,0.00000000,1.79681095,0.00000000,0.00000000,0.00000000,0.00000000,0.00000000,0.00000000,0.00000000,1.89544390,0.00000000,1.18830651,1.92433940,1.70842497,1.00202686,1.06904647,3.87908244,1.75089187,2.80371270,2.19214476,0.00000000,3.27200529,3.21250766,0.00000000,0.00000000,0.00000000
1.33364698,1.61798034,1.12008890,0.00000000,0.60567708,1.65526051,0.00000000,1.94733394,0.00000000,3.79589176,0.72657290,3.07940681,0.00000000,3.40019824,0.98814532,1.47876154,0.00000000,2.24153668,0.00000000,1.38649173,0.00000000,1.36170817,0.99666681,1.30184251,1.71755563,2.27908555,0.00000000,1.64445050,0.00000000,1.37307950,0.00000000,1.24631279,0.00000000,1.29850475,0.00000000,1.66907087,0.00000000,1.33452193,0.00000000,1.17695194,0.00000000,0.00000000,0.00000000,0.00000000,0.00000000,0.00000000,0.00000000,0.00000000,0.00000000,0.00000000,0.00000000,0.00000000,0.00000000,0.00000000,0.00000000,1.95178935,0.00000000,0.00000000,0.00000000,0.00000000,0.00000000,1.60386848,0.00000000,0.00000000,0.00000000,3.37252973,0.00000000,0.00000000,0.00000000,0.00000000,0.00000000,0.00000000,0.00000000,0.00000000,0.00000000,0.00000000,0.00000000,0.00000000,0.00000000,0.00000000,0.00000000,0.00000000,0.00000000,0.00000000,0.00000000,0.00000000,0.00000000,0.00000000,0.00000000,0.00000000,0.00000000,0.00000000,0.00000000,0.00000000,0.00000000,0.00000000,0.00000000,2.41431819,0.00000000,0.00000000,0.00000000,0.00000000,0.00000000,0.00000000,0.00000000,0.00000000,0.00000000,0.00000000,0.00000000,0.00000000,0.00000000,0.00000000,0.00000000,0.00000000,0.00000000,0.00000000,0.00000000,0.00000000,0.00000000,0.00000000,0.00000000,0.00000000,0.00000000,0.00000000,0.00000000,2.85394290,0.00000000,2.01845401,0.00000000,0.00000000,0.00000000,0.00000000,0.00000000,0.00000000,0.00000000,0.00000000,0.00000000,1.88467038,0.00000000,0.00000000,0.00000000,0.00000000,0.00000000,0.00000000,0.00000000,0.00000000,0.00000000,0.00000000,2.54068170,2.42669835,0.00000000,0.00000000,0.00000000,0.00000000,0.00000000,0.00000000,0.00000000,2.56190874,0.00000000,1.77162327,0.00000000,0.00000000,0.00000000,0.00000000,0.00000000,2.39605276,0.00000000,1.06041480,0.00000000,3.54393410,0.00000000,2.18526339,0.00000000,1.13698269,0.00000000,0.00000000,1.15965608,1.62117041,2.81178070,6.02044644,0.00000000,0.00000000,1.27393576,3.47799227,0.00000000,0.00000000,0.00000000,0.00000000,0.00000000,0.00000000,0.00000000,0.00000000,0.00000000,0.00000000,0.00000000,0.00000000,0.00000000,0.00000000,0.00000000,0.00000000,0.00000000,0.00000000,0.00000000,0.00000000,0.00000000,0.00000000,0.00000000,0.00000000,0.00000000,0.00000000,0.00000000,0.00000000,0.00000000,0.00000000,2.40050780,0.00000000,0.00000000,0.00000000,1.29488631,2.21376384,1.45591790,1.51310939,0.00000000,0.00000000,0.00000000
1.94849370,1.44859162,1.50947624,0.60567708,0.00000000,0.70353163,5.41843478,0.00000000,2.52219260,0.00000000,2.12785396,0.65305697,0.99270291,1.78710078,1.37424397,0.92905591,2.96997575,0.00000000,1.51015773,1.74811845,1.42458536,1.34847554,1.58328197,0.84086729,2.49398506,0.83113912,1.24949131,0.00000000,1.80807757,0.00000000,1.39503394,1.33806981,1.04868549,0.99998441,0.96239307,0.00000000,1.21981454,1.32165244,1.58778216,0.00000000,1.43654525,0.00000000,1.24216131,0.00000000,3.09478484,0.00000000,1.54659100,0.00000000,3.36697595,0.00000000,2.24031464,0.00000000,0.00000000,0.00000000,0.00000000,0.00000000,0.00000000,0.00000000,0.00000000,0.00000000,0.00000000,0.00000000,0.00000000,0.00000000,0.00000000,0.00000000,0.00000000,0.00000000,0.00000000,0.00000000,0.00000000,0.00000000,8.99099030,0.00000000,0.00000000,0.00000000,0.00000000,0.00000000,0.00000000,0.00000000,0.00000000,0.00000000,0.00000000,0.00000000,0.00000000,0.00000000,0.00000000,0.00000000,0.00000000,0.00000000,0.00000000,0.00000000,0.00000000,0.00000000,0.00000000,0.00000000,0.00000000,0.00000000,0.00000000,0.00000000,0.00000000,0.00000000,0.00000000,0.00000000,0.00000000,0.00000000,0.00000000,0.00000000,0.00000000,0.00000000,0.00000000,0.00000000,0.00000000,0.00000000,0.00000000,0.00000000,0.00000000,0.00000000,5.07740713,0.00000000,0.00000000,0.00000000,0.00000000,0.00000000,0.00000000,0.00000000,0.00000000,0.00000000,0.00000000,0.00000000,1.98400510,0.00000000,0.00000000,0.00000000,0.00000000,0.00000000,0.00000000,0.00000000,0.00000000,0.00000000,0.00000000,0.00000000,0.00000000,0.00000000,0.00000000,0.00000000,1.88428874,0.00000000,1.71758364,0.00000000,0.00000000,0.00000000,0.00000000,0.00000000,0.00000000,0.00000000,0.00000000,0.00000000,0.00000000,0.00000000,2.78408589,0.00000000,0.00000000,0.00000000,1.00208675,0.00000000,0.73971541,0.00000000,1.60383525,0.00000000,3.21652698,0.00000000,1.30065453,0.00000000,1.93127910,0.00000000,0.70006403,0.95158959,2.32550736,2.56454284,0.00000000,0.00000000,1.50949216,0.00000000,1.83121861,0.00000000,2.51299508,0.00000000,0.00000000,0.00000000,0.00000000,0.00000000,0.00000000,0.00000000,0.00000000,0.00000000,0.00000000,0.00000000,0.00000000,0.00000000,0.00000000,0.00000000,0.00000000,0.00000000,0.00000000,0.00000000,0.00000000,0.00000000,0.00000000,0.00000000,1.08957294,1.36328503,1.26084796,0.00000000,1.19081250,0.00000000,5.86836283,0.00000000,0.96278641,0.00000000,0.00000000,0.00000000,0.00000000,0.00000000,0.00000000
0.00000000,1.61217863,1.34443497,1.65526051,0.70353163,0.00000000,0.00000000,3.22780725,0.00000000,5.66792759,1.19715669,1.46589607,0.86869055,2.18987021,1.07385691,2.50348269,0.00000000,0.00000000,1.01839669,1.95918012,1.36299669,1.16068282,0.00000000,1.77067853,0.00000000,2.91979432,0.58484109,1.92825300,0.00000000,1.68353602,0.00000000,1.11971977,0.00000000,1.29212789,0.63142953,2.29965913,1.78254636,3.59135509,0.00000000,0.00000000,0.00000000,2.98578006,0.00000000,0.00000000,0.00000000,2.97176092,0.00000000,2.93392000,0.00000000,1.87605843,0.70390920,0.00000000,0.00000000,0.00000000,0.00000000,3.25001617,0.00000000,0.00000000,0.00000000,0.00000000,0.00000000,1.41061792,0.00000000,0.00000000,0.00000000,2.96459985,0.00000000,0.00000000,0.00000000,0.00000000,0.00000000,0.00000000,0.00000000,0.00000000,0.00000000,0.00000000,0.00000000,0.00000000,0.00000000,0.00000000,0.00000000,0.00000000,0.00000000,0.00000000,0.00000000,0.00000000,0.00000000,0.00000000,0.00000000,0.00000000,0.00000000,0.00000000,0.00000000,0.00000000,0.00000000,0.00000000,0.00000000,0.00000000,0.00000000,0.00000000,0.00000000,0.00000000,0.00000000,0.00000000,0.00000000,0.00000000,0.00000000,0.00000000,0.00000000,0.00000000,0.00000000,0.00000000,0.00000000,0.00000000,0.00000000,0.00000000,0.00000000,0.00000000,0.00000000,0.00000000,0.00000000,0.00000000,0.00000000,0.00000000,0.00000000,3.72168636,0.00000000,0.00000000,0.00000000,0.00000000,0.00000000,0.00000000,0.00000000,3.97224182,0.00000000,0.00000000,0.00000000,0.00000000,0.00000000,0.00000000,0.00000000,0.00000000,0.00000000,0.00000000,0.00000000,0.00000000,0.00000000,0.00000000,0.00000000,0.00000000,0.00000000,0.00000000,0.00000000,2.44101939,0.00000000,0.00000000,0.00000000,0.00000000,0.00000000,0.00000000,0.00000000,0.00000000,0.00000000,0.00000000,0.00000000,1.07432963,0.00000000,1.04206918,0.00000000,1.08235640,0.00000000,3.04264045,0.00000000,1.51016893,0.00000000,0.00000000,0.87299049,0.87700653,1.11290668,2.27139867,0.00000000,2.71490919,0.00000000,0.00000000,0.00000000,0.00000000,0.00000000,0.00000000,0.00000000,0.00000000,0.00000000,0.00000000,0.00000000,0.00000000,0.00000000,0.00000000,0.00000000,22.51180717,0.00000000,0.00000000,0.00000000,0.00000000,0.00000000,0.00000000,0.00000000,0.00000000,0.00000000,0.00000000,0.00000000,0.00000000,5.85515468,0.00000000,0.00000000,0.00000000,3.24860102,0.00000000,0.00000000,0.00000000,1.42062415,1.62747648,1.25165988,0.00000000,4.91876143,2.13486728,0.00000000
2.03870694,0.00000000,2.54279449,0.00000000,5.41843478,0.00000000,0.00000000,0.00000000,2.22159248,1.10086934,3.06259624,0.00000000,3.31142557,0.00000000,5.60911938,0.00000000,3.24132477,0.00000000,0.00000000,0.00000000,0.00000000,0.00000000,0.00000000,0.00000000,1.46401044,2.23749577,0.00000000,0.00000000,1.86894710,0.00000000,0.00000000,0.00000000,0.00000000,0.00000000,0.00000000,0.00000000,0.00000000,0.00000000,0.00000000,0.00000000,0.00000000,0.00000000,0.00000000,0.00000000,0.00000000,0.00000000,0.00000000,0.00000000,1.85273086,0.00000000,0.00000000,0.00000000,2.61321743,0.00000000,2.22204275,0.96491682,1.89983962,0.00000000,3.06102737,0.00000000,1.41602758,0.00000000,1.41879158,0.00000000,1.74934705,0.00000000,1.70337548,1.20646110,0.00000000,0.00000000,0.00000000,0.00000000,0.00000000,0.00000000,0.00000000,0.00000000,0.00000000,0.00000000,0.00000000,0.00000000,0.00000000,0.00000000,0.00000000,0.00000000,0.00000000,0.00000000,0.00000000,0.00000000,0.00000000,0.00000000,0.00000000,0.00000000,0.00000000,0.00000000,0.00000000,0.00000000,0.00000000,0.00000000,0.00000000,0.00000000,0.00000000,0.00000000,0.00000000,0.00000000,0.00000000,0.00000000,0.00000000,0.00000000,0.00000000,0.00000000,0.00000000,0.00000000,0.00000000,0.00000000,0.00000000,0.00000000,0.00000000,0.00000000,0.00000000,0.00000000,0.00000000,0.00000000,0.00000000,0.00000000,1.76088640,0.00000000,1.40057879,0.00000000,0.00000000,0.00000000,2.10932535,0.00000000,3.30959528,0.00000000,0.00000000,0.00000000,2.16230557,0.00000000,0.00000000,0.00000000,0.00000000,0.00000000,0.00000000,0.00000000,0.00000000,0.00000000,1.32885469,0.00000000,1.30141260,0.00000000,2.37200649,0.00000000,2.67346186,0.00000000,0.00000000,0.00000000,0.00000000,0.00000000,0.00000000,0.00000000,2.07531800,0.00000000,1.57837758,1.35433385,1.77647022,0.00000000,0.00000000,0.00000000,2.63250120,0.00000000,1.30076431,0.00000000,1.19944925,0.00000000,0.00000000,0.00000000,1.54037038,2.07475969,0.00000000,0.00000000,0.00000000,0.00000000,4.28170737,0.00000000,4.03397812,0.00000000,0.00000000,0.00000000,0.00000000,0.00000000,0.00000000,0.00000000,0.00000000,0.00000000,0.00000000,0.00000000,0.00000000,0.00000000,0.00000000,0.00000000,0.00000000,0.00000000,0.00000000,0.00000000,0.00000000,0.00000000,0.00000000,0.00000000,2.20526078,0.00000000,1.33632791,1.73694065,1.18764447,1.08954419,2.33411225,0.00000000,1.43674943,1.69862401,0.00000000,0.00000000,0.00000000,0.00000000,0.00000000,0.00000000,0.00000000
0.94491274,1.64724547,0.77078416,1.94733394,0.00000000,3.22780725,0.00000000,0.00000000,1.26026727,2.34767909,0.00000000,2.09459580,0.00000000,0.00000000,1.37046353,3.07572683,1.11704009,1.68522508,0.00000000,1.81992418,0.00000000,1.37356205,1.05311184,1.66304576,0.98020470,1.74501483,0.00000000,1.35221956,0.00000000,2.10073797,0.00000000,1.95794887,0.00000000,0.00000000,0.00000000,0.00000000,0.00000000,1.86978648,1.08348725,1.58523413,0.00000000,0.00000000,0.00000000,0.38108070,0.00000000,0.00000000,0.00000000,0.00000000,0.00000000,7.75936531,0.00000000,1.61815626,0.00000000,1.70465713,0.00000000,1.17366463,0.00000000,1.82647627,0.00000000,1.87987609,0.00000000,1.14929791,1.73570475,1.53065549,0.00000000,3.33563757,0.00000000,0.00000000,0.00000000,0.00000000,0.00000000,0.00000000,0.00000000,0.00000000,0.00000000,0.00000000,0.00000000,0.00000000,0.00000000,0.00000000,0.00000000,0.00000000,0.00000000,0.00000000,0.00000000,1.28020927,0.00000000,0.00000000,0.00000000,0.00000000,0.00000000,0.00000000,0.00000000,2.08873655,0.00000000,0.00000000,0.00000000,1.55217494,0.00000000,0.00000000,0.00000000,0.00000000,0.00000000,0.00000000,0.00000000,0.00000000,0.00000000,0.77024796,0.00000000,0.00000000,0.00000000,0.00000000,0.00000000,0.00000000,0.00000000,0.00000000,0.00000000,0.00000000,0.00000000,0.00000000,0.00000000,0.00000000,0.00000000,0.00000000,0.00000000,1.39971735,0.00000000,1.85645545,0.00000000,1.58188413,0.00000000,1.40120361,0.00000000,1.60350979,0.00000000,1.50468457,0.00000000,1.65316531,0.00000000,2.51894738,0.00000000,1.78686721,0.00000000,1.07195707,0.00000000,3.44441286,0.00000000,2.10340190,0.00000000,2.11414634,0.00000000,0.00000000,0.00000000,0.00000000,0.00000000,2.30693758,0.00000000,1.82923489,0.00000000,1.68785716,0.00000000,1.78611943,0.00000000,0.00000000,0.00000000,1.51884408,0.00000000,1.73448212,0.00000000,2.05981187,0.00000000,1.52390861,0.00000000,1.18529171,0.00000000,0.00000000,1.27483993,1.41536417,0.00000000,0.00000000,0.00000000,0.00000000,1.00807230,1.56251615,0.00000000,0.00000000,0.00000000,0.00000000,0.00000000,0.00000000,0.00000000,0.00000000,0.00000000,0.00000000,0.00000000,0.00000000,0.00000000,0.00000000,0.00000000,0.00000000,0.00000000,0.00000000,0.00000000,0.88182322,0.00000000,0.00000000,0.00000000,0.00000000,0.00000000,2.18444331,2.05149384,6.61878771,0.00000000,0.00000000,2.22343374,0.00000000,0.00000000,0.00000000,0.90207267,1.59729441,1.36926146,1.22883068,0.00000000,0.94269177,2.46289650
3.38268991,1.62832075,2.23997093,0.00000000,2.52219260,0.00000000,2.22159248,1.26026727,0.00000000,1.05133859,2.13121106,0.00000000,1.45457729,0.00000000,3.45942598,0.00000000,2.25101385,0.00000000,3.79481669,0.00000000,0.00000000,0.00000000,0.00000000,0.00000000,1.70041812,2.38312579,0.00000000,0.00000000,2.11916541,0.00000000,0.00000000,0.00000000,0.00000000,0.00000000,0.00000000,0.00000000,0.00000000,0.00000000,1.71813287,0.00000000,0.00000000,0.00000000,0.00000000,0.00000000,0.00000000,0.00000000,2.12016129,0.00000000,2.81917392,0.00000000,2.22355545,0.00000000,2.19684008,1.40555804,2.90089648,0.99322107,2.41743985,0.00000000,1.98913658,1.33000457,1.44857181,1.57275518,1.30670045,1.69008816,1.57480874,1.23827122,1.77963616,1.32442803,0.00000000,0.00000000,0.00000000,0.00000000,0.00000000,0.00000000,0.00000000,0.00000000,0.00000000,0.00000000,0.00000000,0.00000000,0.00000000,0.00000000,0.00000000,0.00000000,0.00000000,0.00000000,0.00000000,0.00000000,0.00000000,0.00000000,0.00000000,0.00000000,0.00000000,0.00000000,0.00000000,0.00000000,0.00000000,0.00000000,0.00000000,0.00000000,0.00000000,0.00000000,0.00000000,0.00000000,0.00000000,0.00000000,0.00000000,0.00000000,0.00000000,0.00000000,0.00000000,0.00000000,0.00000000,0.00000000,0.00000000,0.00000000,0.00000000,0.00000000,0.00000000,0.00000000,0.00000000,0.00000000,0.00000000,0.00000000,1.84448392,0.00000000,1.48008349,0.00000000,0.00000000,0.00000000,1.52014287,0.00000000,0.00000000,0.00000000,0.00000000,0.00000000,0.00000000,0.00000000,6.61021037,0.00000000,0.00000000,0.00000000,5.58206289,0.00000000,0.00000000,0.00000000,1.34175859,0.00000000,1.25509381,0.00000000,1.22764403,0.00000000,1.17086107,0.00000000,0.00000000,2.21098508,0.00000000,0.00000000,0.00000000,0.00000000,2.92063344,0.00000000,3.53791505,3.67945526,2.22790761,0.00000000,2.87573269,0.00000000,2.17153253,8.59024708,0.00000000,0.00000000,1.09710506,0.00000000,2.03506953,0.00000000,1.28519386,1.78587300,2.82136709,0.00000000,0.00000000,0.00000000,4.36678577,1.58771566,1.36290140,2.57092127,3.68496428,0.00000000,0.00000000,0.00000000,0.00000000,0.00000000,0.00000000,0.00000000,0.00000000,0.00000000,0.00000000,0.00000000,0.00000000,0.00000000,0.00000000,0.00000000,0.00000000,0.00000000,0.00000000,0.00000000,2.93179947,0.00000000,2.92009369,0.00000000,1.92422758,1.51971275,2.16946622,1.38024681,2.66787060,0.00000000,1.67666682,0.00000000,3.21316127,0.00000000,0.00000000,0.00000000,0.00000000,0.00000000,0.00000000
1.00477314,1.56660250,1.47486212,3.79589176,0.00000000,5.66792759,1.10086934,2.34767909,1.05133859,0.00000000,3.04839971,2.52579822,0.00000000,0.00000000,0.00000000,3.19189457,1.46171858,2.69945559,0.00000000,2.36831834,0.00000000,0.00000000,2.26967909,2.95134684,0.87317164,2.92547439,0.00000000,2.61318392,0.00000000,0.00000000,0.00000000,0.00000000,0.00000000,0.00000000,0.00000000,2.06996281,0.00000000,0.00000000,0.00000000,3.20620319,0.00000000,2.59508448,0.00000000,0.00000000,0.00000000,0.00000000,0.00000000,3.50935044,0.00000000,8.44621510,0.00000000,1.69398870,1.53999310,1.80499313,1.20453203,2.04274135,0.00000000,2.57556028,1.94371370,2.90777824,0.00000000,1.46393899,1.10108317,1.58596236,0.00000000,1.39323336,1.91615094,2.76775486,0.00000000,0.00000000,0.00000000,0.00000000,0.00000000,0.00000000,0.00000000,1.65735598,0.00000000,0.00000000,0.00000000,0.00000000,0.00000000,0.00000000,0.00000000,0.00000000,0.00000000,0.00000000,0.00000000,4.55578655,0.00000000,0.00000000,0.00000000,0.00000000,0.00000000,0.00000000,0.00000000,0.00000000,0.00000000,0.00000000,0.00000000,0.00000000,0.00000000,0.00000000,0.00000000,5.78201884,0.00000000,0.00000000,0.00000000,0.00000000,0.00000000,0.00000000,0.00000000,0.00000000,0.00000000,0.00000000,0.00000000,0.00000000,0.00000000,0.00000000,0.00000000,0.00000000,0.00000000,0.00000000,0.00000000,0.00000000,0.00000000,1.64080549,0.00000000,1.62993935,0.00000000,0.00000000,0.00000000,1.82577257,0.00000000,2.05723215,0.00000000,1.80454424,0.00000000,1.41955587,0.00000000,0.00000000,0.00000000,0.00000000,0.00000000,1.90219467,0.00000000,5.21772626,0.00000000,1.61031586,0.00000000,1.42528646,0.00000000,0.00000000,0.00000000,2.98971413,0.00000000,6.41558407,0.00000000,2.13209406,0.00000000,4.33027576,0.00000000,2.12582443,0.00000000,3.09386936,0.00000000,2.87723244,0.00000000,0.00000000,2.95034170,4.06369578,0.00000000,1.96221511,0.00000000,0.00000000,0.00000000,3.30273811,1.10666222,1.14170104,0.00000000,5.55028549,0.00000000,0.00000000,1.04542581,1.49329972,0.00000000,1.91003575,0.00000000,0.00000000,0.00000000,0.00000000,0.00000000,0.00000000,0.00000000,0.00000000,0.00000000,0.00000000,0.00000000,0.00000000,0.00000000,0.00000000,0.00000000,2.18380962,0.00000000,0.00000000,0.00000000,0.00000000,0.00000000,0.00000000,0.00000000,1.35962969,0.00000000,0.00000000,0.00000000,9.44645912,1.34934154,0.00000000,0.00000000,0.00000000,2.14451119,2.12884524,2.65844544,1.12572017,0.00000000,1.34438948,2.78965802
1.82960625,0.00000000,3.04044170,0.72657290,2.12785396,1.19715669,3.06259624,0.00000000,2.13121106,3.04839971,0.00000000,1.43985819,1.70230562,0.00000000,2.05296970,1.27815112,2.43500298,1.21328948,2.10120838,0.00000000,1.76127200,0.00000000,3.16527435,0.98053967,0.00000000,0.73436681,1.55450882,0.00000000,0.00000000,0.00000000,0.00000000,0.00000000,1.42181018,0.00000000,1.40105319,0.00000000,1.52823940,0.00000000,1.34298002,0.00000000,1.60429170,0.00000000,2.68975041,0.00000000,4.08417413,0.00000000,1.59089773,4.68323050,5.73632355,0.00000000,3.23549368,0.00000000,0.00000000,0.00000000,4.34442361,0.00000000,0.00000000,0.00000000,0.00000000,0.00000000,0.00000000,0.00000000,0.00000000,0.00000000,0.00000000,0.00000000,0.00000000,0.00000000,0.00000000,0.00000000,0.00000000,0.00000000,0.00000000,0.00000000,0.00000000,0.00000000,0.00000000,0.00000000,0.00000000,0.00000000,0.00000000,0.00000000,0.00000000,0.00000000,0.00000000,0.00000000,0.00000000,0.00000000,0.00000000,0.00000000,0.00000000,0.00000000,0.00000000,0.00000000,0.00000000,0.00000000,0.00000000,0.00000000,0.00000000,0.00000000,0.00000000,0.00000000,0.00000000,0.00000000,0.00000000,0.00000000,0.00000000,0.00000000,0.00000000,0.00000000,0.00000000,0.00000000,0.00000000,0.00000000,0.00000000,0.00000000,0.00000000,0.00000000,0.00000000,0.00000000,0.00000000,0.00000000,0.00000000,0.00000000,0.00000000,0.00000000,0.00000000,0.00000000,0.00000000,0.00000000,0.00000000,0.00000000,0.00000000,0.00000000,0.00000000,0.00000000,0.00000000,0.00000000,0.00000000,0.00000000,0.00000000,0.00000000,0.00000000,0.00000000,0.00000000,0.00000000,0.00000000,0.00000000,1.55662307,0.00000000,0.00000000,0.00000000,2.14235848,0.00000000,0.00000000,0.00000000,0.00000000,0.00000000,0.00000000,0.00000000,0.00000000,0.00000000,0.00000000,0.00000000,0.97763173,0.00000000,1.12908519,0.00000000,2.05780389,0.00000000,0.00000000,0.00000000,1.77771601,0.00000000,2.19921451,0.00000000,1.00637214,1.39190450,1.55659077,2.21456667,1.69039444,0.00000000,2.02940722,0.00000000,1.97252532,0.00000000,1.61431285,0.00000000,0.00000000,0.00000000,0.00000000,0.00000000,0.00000000,0.00000000,0.00000000,0.00000000,0.00000000,0.00000000,0.00000000,0.00000000,0.00000000,0.00000000,0.00000000,0.00000000,0.00000000,0.00000000,0.00000000,0.00000000,3.43877925,0.00000000,1.03720289,1.41074336,1.72032688,1.36964310,2.39536301,0.00000000,0.00000000,0.00000000,1.79024324,0.00000000,0.00000000,0.00000000,0.00000000,0.00000000,0.00000000
0.00000000,0.99517889,1.86813039,3.07940681,0.65305697,1.46589607,0.00000000,2.09459580,0.00000000,2.52579822,1.43985819,0.00000000,1.06416919,1.54409850,0.96112614,1.15215616,0.00000000,1.30630760,1.08548777,1.09583864,1.54981106,0.99938179,1.90148361,1.42336556,0.00000000,4.72484137,0.96977219,1.50883452,0.00000000,1.24676914,0.00000000,1.15317369,0.00000000,1.10231982,1.02530984,1.22652985,0.00000000,0.99755693,0.00000000,0.76504836,0.00000000,1.00924378,0.00000000,0.00000000,0.00000000,1.62035968,0.00000000,1.28095030,0.00000000,1.41090344,0.00000000,1.26780226,0.00000000,0.00000000,0.00000000,4.20736106,0.00000000,0.00000000,0.00000000,3.04765359,0.00000000,1.97227696,0.00000000,0.00000000,0.00000000,1.54259462,0.00000000,2.68121611,0.00000000,0.00000000,0.00000000,0.00000000,0.00000000,0.00000000,0.00000000,0.00000000,0.00000000,0.00000000,0.00000000,0.00000000,0.00000000,0.00000000,0.00000000,0.00000000,0.00000000,0.00000000,0.00000000,0.00000000,0.00000000,0.00000000,0.00000000,0.00000000,0.00000000,0.00000000,0.00000000,0.00000000,0.00000000,0.00000000,0.00000000,0.00000000,0.00000000,0.00000000,0.00000000,0.00000000,0.00000000,0.00000000,0.00000000,0.61362533,0.00000000,0.00000000,0.00000000,0.00000000,0.00000000,0.00000000,0.00000000,0.00000000,0.00000000,0.00000000,0.00000000,0.00000000,0.00000000,0.00000000,0.00000000,0.00000000,0.00000000,2.37805193,0.00000000,0.00000000,0.00000000,0.00000000,0.00000000,0.00000000,0.00000000,0.00000000,0.00000000,0.00000000,0.00000000,0.00000000,0.00000000,0.00000000,0.00000000,0.00000000,0.00000000,0.00000000,0.00000000,0.00000000,0.00000000,0.00000000,0.00000000,2.18085048,0.00000000,2.47620067,0.00000000,2.19971709,0.00000000,0.00000000,0.00000000,0.00000000,0.00000000,0.00000000,0.00000000,0.00000000,0.00000000,0.00000000,0.00000000,1.37735879,0.00000000,1.01641203,0.00000000,1.05042990,0.00000000,2.08654759,0.00000000,1.14347376,0.00000000,2.17298170,0.82409992,0.82369906,0.00000000,1.37861518,0.00000000,2.29129038,0.00000000,2.63830402,0.00000000,2.80943737,0.00000000,1.66050592,0.00000000,0.00000000,0.00000000,0.00000000,0.00000000,0.00000000,0.00000000,0.00000000,0.00000000,0.00000000,0.00000000,0.00000000,0.00000000,0.00000000,0.00000000,0.00000000,0.00000000,0.00000000,0.00000000,0.00000000,0.00000000,0.00000000,0.00000000,0.00000000,0.00000000,0.00000000,2.45908750,0.00000000,0.00000000,0.00000000,1.01382288,1.14102747,0.96666144,0.00000000,5.48780428,2.21301453,0.00000000
1.19605030,1.16414921,2.20890757,0.00000000,0.99270291,0.86869055,3.31142557,0.00000000,1.45457729,0.00000000,1.70230562,1.06416919,0.00000000,1.03876145,2.77794417,1.17698771,0.00000000,0.00000000,2.73485415,1.05887551,0.00000000,1.00921805,0.00000000,0.00000000,0.00000000,0.00000000,1.71288708,1.10488621,0.00000000,0.00000000,0.00000000,0.00000000,0.00000000,0.75340346,1.59781179,0.00000000,0.00000000,1.26185277,0.00000000,0.00000000,1.37911483,2.26018802,1.29090058,1.30625034,1.61430459,0.00000000,1.28157385,2.12629314,2.46123594,0.00000000,1.45098153,1.15881112,0.00000000,0.00000000,0.00000000,0.00000000,0.00000000,0.00000000,0.00000000,0.00000000,0.00000000,0.00000000,0.00000000,0.00000000,1.59229704,0.00000000,0.00000000,0.00000000,0.00000000,0.00000000,0.00000000,0.00000000,0.00000000,0.00000000,0.00000000,0.00000000,0.00000000,0.00000000,0.00000000,0.00000000,0.00000000,0.00000000,0.00000000,0.00000000,0.00000000,0.00000000,0.00000000,0.00000000,0.00000000,0.00000000,0.00000000,0.00000000,0.00000000,0.00000000,0.00000000,0.00000000,0.00000000,0.00000000,0.00000000,0.00000000,0.00000000,0.00000000,0.00000000,0.00000000,0.00000000,0.00000000,0.00000000,0.00000000,0.00000000,0.00000000,0.00000000,0.00000000,0.00000000,0.00000000,0.00000000,0.00000000,0.00000000,0.00000000,0.00000000,0.00000000,0.00000000,0.00000000,0.00000000,0.00000000,0.00000000,0.00000000,0.00000000,0.00000000,0.00000000,0.00000000,0.00000000,0.00000000,0.00000000,0.00000000,0.00000000,0.00000000,0.00000000,0.00000000,0.00000000,0.00000000,0.00000000,0.00000000,0.00000000,0.00000000,0.00000000,0.00000000,0.00000000,0.00000000,2.58603979,0.00000000,2.62788287,0.00000000,0.00000000,0.00000000,0.00000000,0.00000000,0.00000000,0.00000000,0.00000000,0.00000000,0.00000000,0.00000000,0.00000000,0.00000000,1.42256022,0.00000000,2.11861412,0.00000000,0.00000000,3.37795527,0.00000000,0.00000000,0.00000000,0.00000000,0.00000000,0.00000000,0.88663732,1.22216013,1.10722430,0.00000000,0.00000000,0.00000000,1.96600755,0.00000000,1.40273834,0.00000000,1.26335941,1.28117958,0.00000000,0.00000000,0.00000000,0.00000000,0.00000000,0.00000000,0.00000000,0.00000000,0.00000000,0.00000000,0.00000000,0.00000000,0.00000000,0.00000000,0.00000000,0.00000000,0.00000000,0.00000000,0.00000000,0.00000000,0.00000000,0.00000000,0.00000000,1.73695567,1.71007060,0.00000000,0.00000000,0.00000000,0.00000000,0.00000000,0.00000000,1.59343654,0.00000000,0.00000000,0.00000000,0.00000000,0.00000000
0.00000000,2.15858236,0.00000000,3.40019824,1.78710078,2.18987021,0.00000000,0.00000000,0.00000000,0.00000000,0.00000000,1.54409850,1.03876145,0.00000000,0.00000000,8.35853119,0.00000000,0.00000000,1.15478442,2.62954201,2.33973377,1.37820016,0.00000000,0.00000000,0.00000000,0.00000000,0.79151124,1.23167632,0.00000000,0.00000000,0.00000000,3.10715314,0.00000000,0.00000000,0.00000000,1.23927215,0.00000000,0.00000000,0.00000000,0.00000000,0.97265871,0.95487198,0.97695776,1.32565206,1.02205054,1.26298028,1.02175250,0.95844360,0.00000000,2.23418542,1.21850249,0.94594464,0.00000000,0.00000000,0.00000000,0.00000000,0.00000000,0.00000000,0.00000000,0.00000000,0.00000000,0.00000000,0.00000000,0.00000000,0.00000000,2.17116391,0.00000000,0.00000000,0.00000000,0.00000000,0.00000000,0.00000000,0.00000000,0.00000000,0.00000000,0.00000000,0.00000000,0.00000000,0.00000000,0.00000000,0.00000000,0.00000000,0.00000000,0.00000000,0.00000000,0.00000000,0.00000000,0.00000000,0.00000000,2.26056695,0.00000000,0.00000000,0.00000000,0.00000000,0.00000000,0.00000000,0.00000000,0.00000000,0.00000000,0.00000000,0.00000000,0.00000000,0.00000000,0.00000000,0.00000000,0.00000000,0.00000000,0.00000000,0.00000000,0.00000000,0.00000000,0.00000000,0.00000000,0.00000000,0.00000000,0.00000000,0.00000000,0.00000000,0.00000000,0.00000000,0.00000000,0.00000000,0.00000000,0.00000000,0.00000000,0.00000000,0.00000000,0.00000000,0.00000000,0.00000000,0.00000000,0.00000000,0.00000000,0.00000000,0.00000000,0.00000000,0.00000000,0.00000000,0.00000000,0.00000000,0.00000000,0.00000000,0.00000000,0.00000000,0.00000000,0.00000000,0.00000000,0.00000000,0.00000000,0.00000000,0.00000000,0.00000000,0.00000000,0.00000000,0.00000000,0.00000000,0.00000000,0.00000000,0.00000000,0.00000000,0.00000000,0.00000000,0.00000000,0.00000000,0.00000000,1.48111229,0.00000000,5.86560742,0.00000000,1.25950421,0.00000000,0.00000000,0.00000000,0.00000000,0.00000000,0.00000000,1.19820893,1.14740160,0.00000000,1.56574061,0.00000000,1.55802003,0.00000000,0.00000000,0.00000000,2.00632517,1.52228111,1.67721273,0.00000000,0.00000000,0.00000000,0.00000000,0.00000000,0.00000000,0.00000000,0.00000000,0.00000000,8.83593655,0.00000000,0.00000000,0.00000000,0.00000000,0.00000000,0.59963945,0.00000000,0.00000000,0.00000000,0.00000000,0.00000000,0.00000000,0.00000000,0.00000000,0.00000000,0.00000000,4.22476364,0.00000000,0.00000000,0.00000000,2.98291071,1.35430781,1.33864958,0.00000000,0.00000000,0.00000000,0.00000000
2.68279744,1.70414777,1.44090443,0.98814532,1.37424397,1.07385691,5.60911938,1.37046353,3.45942598,0.00000000,2.05296970,0.96112614,2.77794417,0.00000000,0.00000000,1.23757804,1.68245616,1.28108860,1.12986681,2.30882766,1.43668747,1.57955552,1.05182447,1.08179868,1.45409683,0.95002830,1.40594232,0.00000000,0.00000000,1.67130721,1.33870814,1.63791751,1.44921871,1.08727422,1.51999638,2.34989235,1.17083705,1.76914436,0.00000000,0.00000000,2.71549964,0.00000000,3.04444643,0.00000000,4.15703158,0.00000000,0.00000000,0.00000000,0.00000000,0.00000000,1.67031378,0.00000000,0.00000000,0.00000000,0.00000000,0.00000000,0.00000000,0.00000000,0.00000000,0.00000000,0.00000000,0.00000000,2.67139055,0.00000000,0.00000000,0.00000000,0.00000000,0.00000000,0.00000000,0.00000000,0.00000000,0.00000000,0.00000000,0.00000000,0.00000000,0.00000000,0.00000000,0.00000000,0.00000000,0.00000000,0.00000000,0.00000000,0.00000000,0.00000000,0.98420298,0.00000000,0.00000000,0.00000000,0.00000000,0.00000000,0.00000000,0.00000000,0.00000000,0.00000000,0.00000000,0.00000000,1.08461311,0.00000000,0.00000000,0.00000000,0.00000000,0.00000000,0.00000000,0.00000000,0.00000000,0.00000000,0.00000000,0.00000000,0.00000000,0.00000000,0.00000000,0.00000000,0.00000000,0.00000000,0.00000000,0.00000000,0.00000000,0.00000000,0.00000000,0.00000000,0.00000000,0.00000000,0.00000000,0.00000000,0.00000000,0.00000000,0.00000000,0.00000000,0.00000000,0.00000000,0.00000000,0.00000000,0.00000000,0.00000000,1.96746800,0.00000000,1.63259233,0.00000000,0.00000000,0.00000000,0.89303225,0.00000000,1.48866903,0.00000000,0.00000000,0.00000000,0.00000000,0.00000000,1.75969950,0.00000000,0.00000000,0.00000000,0.00000000,0.00000000,0.00000000,0.00000000,0.00000000,0.00000000,0.00000000,0.00000000,0.00000000,0.00000000,0.00000000,0.00000000,2.52220024,0.00000000,1.13580669,0.00000000,1.69576991,0.00000000,5.93336849,0.00000000,2.84160456,0.00000000,0.00000000,0.00000000,1.53664806,1.69166146,2.29240428,1.87246393,0.00000000,0.00000000,2.74616177,0.00000000,1.95858235,0.00000000,0.00000000,0.00000000,0.00000000,0.00000000,0.00000000,0.00000000,0.00000000,0.00000000,0.00000000,0.00000000,0.00000000,0.00000000,0.00000000,0.00000000,2.08566793,0.00000000,0.00000000,0.00000000,0.00000000,0.00000000,0.00000000,0.00000000,0.00000000,0.00000000,1.72046131,1.27671340,1.72095756,1.54562716,1.69768513,0.00000000,0.00000000,8.58854550,0.00000000,0.00000000,0.00000000,0.00000000,0.00000000,0.00000000,0.00000000
2.09464132,1.73841772,2.91575677,1.47876154,0.92905591,2.50348269,0.00000000,3.07572683,0.00000000,3.19189457,1.27815112,1.15215616,1.17698771,8.35853119,1.23757804,0.00000000,0.00000000,4.15144606,1.15296745,1.80455659,1.51931892,2.34042054,2.34057329,2.68101766,0.00000000,2.65893976,0.00000000,2.11351683,0.00000000,3.26280128,0.00000000,2.00835119,3.50612471,1.75035716,0.87830315,2.64452359,1.99603099,3.91073584,0.00000000,2.20708836,0.00000000,0.00000000,0.00000000,0.00000000,0.00000000,7.16906223,0.00000000,0.00000000,0.00000000,0.00000000,0.98636231,2.54682034,0.00000000,3.40144199,0.00000000,1.93382502,0.00000000,0.00000000,0.00000000,0.00000000,0.00000000,1.98182793,0.00000000,0.00000000,0.00000000,0.00000000,0.00000000,0.00000000,0.00000000,0.00000000,0.00000000,0.00000000,0.00000000,0.00000000,0.00000000,0.00000000,0.00000000,0.00000000,0.00000000,0.00000000,0.00000000,0.00000000,0.00000000,0.00000000,0.00000000,0.00000000,0.00000000,0.00000000,0.00000000,0.00000000,0.00000000,0.00000000,0.00000000,0.00000000,0.00000000,0.00000000,0.00000000,0.00000000,0.00000000,0.00000000,0.00000000,0.00000000,0.00000000,0.00000000,0.00000000,0.00000000,0.00000000,0.00000000,0.00000000,0.00000000,0.00000000,0.00000000,0.00000000,0.00000000,0.00000000,0.00000000,0.00000000,0.00000000,0.00000000,0.00000000,0.00000000,0.00000000,0.00000000,0.00000000,0.00000000,0.00000000,0.00000000,0.00000000,0.00000000,0.00000000,0.00000000,0.00000000,0.00000000,0.00000000,0.00000000,0.00000000,0.00000000,1.95120233,3.66279303,0.00000000,0.00000000,3.80714509,0.00000000,0.00000000,0.00000000,0.00000000,0.00000000,0.00000000,0.00000000,1.93749467,0.00000000,0.00000000,0.00000000,1.74661479,0.00000000,0.00000000,0.00000000,1.90831285,0.00000000,0.00000000,0.00000000,0.00000000,0.00000000,0.00000000,0.00000000,5.71130785,0.00000000,2.43531528,0.00000000,7.76441819,0.00000000,2.85129198,0.00000000,2.29867904,0.00000000,0.00000000,1.52067870,1.82799053,0.00000000,1.71745869,0.00000000,0.00000000,0.00000000,0.00000000,0.00000000,1.92766980,1.14250367,0.00000000,0.00000000,0.00000000,0.00000000,0.00000000,0.00000000,0.00000000,0.00000000,0.00000000,0.00000000,0.00000000,0.00000000,0.00000000,0.00000000,0.00000000,0.00000000,0.00000000,0.00000000,0.00000000,0.00000000,0.00000000,0.00000000,0.00000000,0.00000000,0.00000000,0.00000000,0.00000000,3.65407354,0.00000000,0.00000000,0.00000000,1.71070236,1.97341798,3.55620298,0.00000000,0.00000000,0.00000000,0.00000000
1.42463588,1.52050817,1.74609575,0.00000000,2.96997575,0.00000000,3.24132477,1.11704009,2.25101385,1.46171858,2.43500298,0.00000000,0.00000000,0.00000000,1.68245616,0.00000000,0.00000000,2.43371084,1.59164684,0.00000000,1.24939132,0.00000000,1.37965292,0.00000000,1.80310885,1.36943677,2.55172262,0.00000000,1.40733013,0.00000000,1.86052261,0.00000000,2.22076529,0.00000000,1.55233111,0.00000000,2.37652902,0.00000000,1.11046942,3.52112617,0.00000000,0.00000000,0.00000000,0.00000000,3.83893612,0.00000000,0.00000000,0.00000000,4.18348725,0.00000000,2.51563795,0.00000000,1.63580030,0.00000000,6.36216447,0.91962803,2.90308599,0.00000000,5.45303271,0.00000000,1.44051829,0.00000000,1.24818363,2.32321205,0.00000000,0.00000000,0.00000000,0.00000000,0.00000000,0.00000000,1.24685481,0.00000000,0.00000000,0.00000000,1.43624204,0.00000000,0.00000000,0.00000000,0.18024112,0.00000000,0.98425124,0.00000000,0.00000000,0.00000000,1.14723861,0.00000000,0.96298987,0.00000000,0.00000000,0.00000000,1.28606610,0.00000000,0.00000000,0.00000000,0.00000000,0.00000000,1.28935112,0.00000000,0.86902197,0.00000000,0.72645576,0.00000000,0.00000000,0.00000000,1.47872734,0.00000000,1.21714026,0.00000000,0.00000000,0.00000000,0.00000000,0.00000000,0.00000000,0.00000000,0.00000000,0.00000000,0.00000000,0.00000000,0.00000000,0.00000000,1.24947468,0.00000000,1.28144897,0.00000000,0.00000000,0.00000000,0.00000000,0.00000000,1.58374667,0.00000000,0.00000000,0.00000000,0.00000000,0.00000000,0.00000000,0.00000000,2.02974997,0.00000000,1.38088468,0.00000000,1.06882982,0.00000000,1.86050289,0.00000000,1.44533011,0.00000000,0.00000000,0.00000000,0.00000000,0.00000000,0.00000000,0.00000000,0.00000000,0.00000000,1.86986515,0.00000000,0.00000000,0.00000000,1.63214871,0.00000000,3.85739709,0.00000000,0.00000000,0.00000000,2.65859973,0.00000000,0.00000000,0.00000000,0.00000000,0.00000000,3.91213223,0.00000000,1.36103861,0.00000000,0.00000000,0.00000000,1.99466817,0.00000000,0.00000000,0.00000000,4.70231040,0.00000000,1.63277109,0.00000000,0.00000000,3.23935167,0.00000000,0.00000000,0.00000000,0.00000000,0.00000000,0.00000000,0.00000000,0.00000000,0.00000000,0.00000000,0.00000000,0.00000000,0.00000000,0.00000000,0.00000000,0.00000000,0.00000000,0.00000000,0.00000000,0.00000000,0.00000000,0.00000000,0.00000000,0.00000000,1.66538300,5.93590226,1.29986029,1.34022752,3.26800757,0.00000000,0.00000000,0.00000000,0.00000000,0.00000000,0.00000000,0.00000000,0.00000000,0.00000000,0.00000000
1.38737179,1.53658022,1.44542757,2.24153668,0.00000000,0.00000000,0.00000000,1.68522508,0.00000000,2.69945559,1.21328948,1.30630760,0.00000000,0.00000000,1.28108860,4.15144606,2.43371084,0.00000000,0.00000000,0.00000000,1.78578146,1.36491673,1.26564660,2.14297024,2.27473247,2.99947940,0.00000000,2.37907535,2.74969084,1.62902889,0.00000000,2.33091504,2.36394417,1.64086179,0.00000000,0.00000000,0.00000000,2.28785110,0.00000000,1.59932870,0.00000000,0.00000000,0.00000000,1.50139358,0.00000000,0.00000000,0.00000000,0.00000000,0.00000000,0.00000000,0.00000000,2.12194769,0.00000000,1.74950646,0.00000000,1.88067842,0.00000000,1.43314151,0.00000000,0.00000000,0.00000000,2.19637168,0.00000000,1.66131346,0.00000000,0.00000000,0.00000000,0.00000000,0.00000000,0.00000000,0.00000000,0.00000000,0.00000000,0.00000000,0.00000000,0.00000000,0.00000000,0.00000000,0.00000000,0.00000000,0.00000000,1.17092309,0.00000000,0.00000000,0.00000000,1.54784675,0.00000000,1.25213003,0.00000000,0.00000000,0.00000000,0.00000000,0.00000000,0.00000000,0.00000000,0.00000000,0.00000000,0.00000000,0.00000000,0.00000000,0.00000000,0.87092307,0.00000000,0.00000000,0.00000000,0.00000000,0.00000000,0.00000000,0.00000000,0.00000000,0.00000000,0.00000000,0.00000000,0.00000000,0.00000000,0.00000000,0.00000000,0.00000000,0.00000000,0.00000000,0.00000000,1.23813167,0.00000000,2.66166512,0.00000000,0.00000000,0.00000000,0.00000000,0.00000000,1.40085380,0.00000000,0.00000000,0.00000000,1.99420813,0.00000000,0.00000000,0.00000000,2.07665799,0.00000000,2.11530084,0.00000000,1.30150072,0.00000000,1.21501827,0.00000000,0.00000000,0.00000000,0.00000000,0.00000000,0.00000000,0.00000000,0.00000000,0.00000000,0.00000000,0.00000000,1.30660604,0.00000000,0.00000000,0.00000000,1.08264794,2.27666864,2.06309371,0.00000000,0.00000000,0.00000000,0.00000000,0.00000000,3.06241631,0.00000000,0.00000000,0.00000000,4.21677849,0.00000000,1.87500817,0.00000000,0.00000000,0.00000000,1.61846098,0.00000000,2.89876815,0.00000000,0.00000000,0.00000000,2.86176368,0.00000000,0.00000000,0.00000000,0.00000000,0.00000000,0.00000000,0.00000000,0.00000000,0.00000000,0.00000000,0.00000000,0.00000000,0.00000000,0.00000000,0.00000000,0.00000000,0.00000000,0.00000000,0.00000000,0.00000000,0.00000000,0.00000000,0.00000000,0.00000000,0.00000000,0.00000000,0.00000000,0.00000000,0.00000000,0.00000000,0.00000000,0.00000000,0.00000000,0.00000000,0.00000000,2.16758135,2.40788165,0.00000000,0.00000000,0.00000000,0.00000000
3.29968068,0.00000000,2.81655918,0.00000000,1.51015773,1.01839669,0.00000000,0.00000000,3.79481669,0.00000000,2.10120838,1.08548777,2.73485415,1.15478442,1.12986681,1.15296745,1.59164684,0.00000000,0.00000000,1.12675671,1.35947558,1.06760644,1.39291215,0.95187516,1.28942836,0.00000000,1.46556547,1.35173543,1.61097439,0.00000000,1.82173461,0.95931979,3.23104754,0.59501586,0.98405964,0.97093373,1.45549460,0.97687710,0.00000000,0.00000000,0.00000000,0.00000000,1.10085268,0.00000000,2.47872143,0.00000000,2.62517215,0.00000000,5.20892190,0.00000000,0.91815031,1.37194461,3.30896635,0.00000000,0.00000000,0.00000000,0.00000000,0.00000000,0.00000000,1.89131252,0.00000000,0.00000000,2.02368281,0.00000000,1.60364588,0.00000000,0.00000000,0.00000000,0.00000000,0.00000000,0.00000000,0.00000000,0.00000000,0.00000000,0.00000000,0.00000000,0.00000000,0.00000000,0.00000000,0.00000000,0.00000000,0.00000000,0.00000000,0.00000000,0.00000000,0.00000000,0.00000000,0.00000000,0.00000000,0.00000000,0.00000000,0.00000000,0.00000000,0.00000000,0.00000000,0.00000000,0.00000000,0.00000000,0.00000000,0.00000000,0.00000000,0.00000000,0.00000000,0.00000000,0.00000000,0.00000000,0.00000000,0.00000000,0.00000000,0.00000000,0.00000000,0.00000000,0.00000000,0.00000000,0.00000000,0.00000000,0.00000000,0.00000000,0.00000000,0.00000000,0.00000000,0.00000000,0.00000000,0.00000000,0.00000000,0.00000000,0.00000000,0.00000000,0.00000000,0.00000000,0.00000000,0.00000000,0.00000000,0.00000000,0.00000000,0.00000000,1.28084719,0.00000000,0.00000000,0.00000000,0.00000000,0.00000000,0.00000000,0.00000000,0.00000000,0.00000000,0.00000000,0.00000000,0.00000000,0.00000000,0.00000000,0.00000000,0.00000000,0.00000000,0.00000000,0.00000000,0.00000000,0.00000000,0.00000000,0.00000000,0.00000000,0.00000000,0.00000000,0.00000000,2.99994490,0.00000000,1.25465318,0.00000000,0.00000000,0.00000000,4.63903284,0.00000000,1.72642455,0.00000000,0.00000000,0.00000000,1.45482665,1.97523387,2.28111380,0.00000000,0.00000000,0.00000000,1.78648667,0.00000000,0.00000000,0.00000000,0.00000000,1.89366780,0.00000000,0.00000000,0.00000000,0.00000000,0.00000000,0.00000000,0.00000000,0.00000000,0.00000000,0.00000000,0.00000000,0.00000000,0.00000000,0.00000000,0.00000000,0.00000000,0.00000000,0.00000000,0.00000000,0.00000000,0.00000000,0.00000000,2.29515451,1.13153583,1.36341323,1.60922319,1.78202133,0.00000000,1.28312057,0.00000000,0.00000000,0.00000000,0.00000000,0.00000000,0.00000000,0.00000000,0.00000000
0.00000000,1.37072350,0.00000000,1.38649173,1.74811845,1.95918012,0.00000000,1.81992418,0.00000000,2.36831834,0.00000000,1.09583864,1.05887551,2.62954201,2.30882766,1.80455659,0.00000000,0.00000000,1.12675671,0.00000000,2.04494886,1.73878640,0.00000000,2.61678987,0.00000000,2.76750126,1.02253209,1.88543815,0.00000000,0.00000000,0.00000000,2.50075655,0.00000000,0.00000000,1.32211943,1.31810979,0.00000000,1.68925979,0.00000000,0.00000000,1.16037735,3.09830380,0.84888925,1.52164246,1.27755848,2.64605041,0.00000000,3.55375692,0.00000000,4.83358811,1.02828152,1.11252510,0.00000000,0.00000000,0.00000000,2.00784927,0.00000000,0.00000000,0.00000000,0.00000000,0.00000000,0.00000000,0.00000000,0.00000000,0.00000000,1.45437632,0.00000000,2.84796364,0.00000000,0.00000000,0.00000000,0.00000000,0.00000000,0.00000000,0.00000000,0.00000000,0.00000000,0.00000000,0.00000000,0.00000000,0.00000000,0.00000000,0.00000000,0.00000000,0.00000000,0.00000000,0.00000000,0.00000000,0.00000000,0.00000000,0.00000000,0.00000000,0.00000000,0.00000000,0.00000000,0.00000000,0.00000000,0.00000000,0.00000000,0.00000000,0.00000000,0.00000000,0.00000000,0.00000000,0.00000000,0.00000000,0.00000000,0.00000000,0.00000000,0.00000000,0.00000000,0.00000000,0.00000000,0.00000000,0.00000000,0.00000000,0.00000000,0.00000000,0.00000000,0.00000000,0.00000000,0.00000000,0.00000000,0.00000000,0.00000000,2.50139279,0.00000000,0.00000000,0.00000000,0.00000000,0.00000000,0.00000000,0.00000000,0.00000000,0.00000000,0.00000000,0.00000000,0.00000000,0.00000000,0.00000000,0.00000000,0.00000000,0.00000000,0.00000000,0.00000000,0.00000000,0.00000000,0.00000000,0.00000000,1.51693952,0.00000000,0.00000000,0.00000000,0.00000000,0.00000000,2.58742574,0.00000000,0.00000000,0.00000000,0.00000000,0.00000000,0.00000000,0.00000000,0.00000000,0.00000000,3.63981995,0.00000000,0.00000000,0.00000000,8.00011852,0.00000000,0.00000000,0.00000000,0.00000000,0.00000000,1.07601544,2.42785555,1.53340706,2.57367680,1.60197732,0.00000000,1.04821862,0.00000000,0.00000000,0.00000000,1.19241776,1.72588160,2.78601522,0.00000000,0.00000000,0.00000000,0.00000000,0.00000000,0.00000000,0.00000000,0.00000000,0.00000000,21.58116603,0.00000000,0.00000000,0.00000000,0.00000000,0.00000000,0.00000000,0.00000000,0.00000000,0.00000000,0.00000000,0.00000000,0.00000000,0.00000000,0.00000000,0.00000000,0.00000000,2.20671688,0.00000000,0.00000000,0.00000000,1.58945602,2.39261644,3.88698532,2.21483413,0.00000000,0.00000000,0.00000000
0.00000000,0.00000000,2.53478614,0.00000000,1.42458536,1.36299669,0.00000000,0.00000000,0.00000000,0.00000000,1.76127200,1.54981106,0.00000000,2.33973377,1.43668747,1.51931892,1.24939132,1.78578146,1.35947558,2.04494886,0.00000000,2.44026161,1.33990620,1.43730290,2.24654019,0.83372247,1.77725147,4.09382698,1.44922600,0.00000000,1.37666986,0.00000000,1.58521378,2.39826257,1.17173728,0.00000000,1.43713320,0.00000000,4.08376463,0.00000000,0.00000000,0.00000000,1.67497513,0.00000000,0.00000000,0.00000000,0.00000000,0.00000000,6.84902336,0.00000000,1.12426845,0.00000000,4.46903605,0.00000000,0.00000000,0.00000000,0.00000000,0.00000000,0.00000000,0.00000000,2.05791306,0.00000000,1.78666440,0.00000000,0.00000000,0.00000000,0.00000000,0.00000000,0.00000000,0.00000000,1.44130433,0.00000000,0.00000000,0.00000000,1.16501643,0.00000000,0.00000000,0.00000000,0.00000000,0.00000000,1.10796342,0.00000000,0.00000000,0.00000000,0.00000000,0.00000000,1.21631420,0.00000000,0.00000000,0.00000000,0.00000000,0.00000000,0.00000000,0.00000000,0.00000000,0.00000000,1.53939247,0.00000000,0.95671703,0.00000000,0.71543636,0.00000000,0.00000000,0.00000000,1.14666008,0.00000000,0.00000000,0.00000000,0.00000000,0.00000000,0.00000000,0.00000000,0.00000000,0.00000000,0.00000000,0.00000000,0.00000000,0.00000000,0.00000000,0.00000000,1.60347831,0.00000000,1.50246355,0.00000000,0.00000000,0.00000000,0.00000000,0.00000000,0.00000000,0.00000000,0.00000000,0.00000000,0.00000000,0.00000000,0.00000000,0.00000000,0.00000000,0.00000000,1.27976794,0.00000000,1.27984655,0.00000000,0.00000000,0.00000000,1.33581961,0.00000000,0.00000000,0.00000000,0.00000000,0.00000000,0.00000000,0.00000000,5.02733272,0.00000000,0.00000000,0.00000000,0.00000000,0.00000000,0.00000000,0.00000000,0.00000000,2.36524647,1.88899922,0.00000000,8.59064638,0.00000000,1.17706855,0.00000000,1.31700521,0.00000000,3.49971258,0.00000000,1.66250518,0.00000000,0.00000000,0.00000000,2.02860914,4.09852493,2.63832415,2.63584295,0.00000000,0.00000000,0.00000000,0.00000000,0.00000000,0.00000000,0.00000000,0.00000000,0.00000000,0.00000000,0.00000000,0.00000000,0.00000000,0.00000000,0.00000000,0.00000000,0.00000000,0.00000000,0.00000000,0.00000000,0.00000000,0.00000000,0.00000000,0.00000000,0.00000000,0.00000000,0.00000000,0.00000000,0.00000000,0.00000000,1.26389788,1.67049437,1.33024367,1.55423939,2.36396968,0.00000000,0.00000000,0.00000000,0.00000000,0.00000000,2.85237404,0.00000000,0.00000000,0.00000000,0.00000000
0.00000000,1.49251749,0.00000000,1.36170817,1.34847554,1.16068282,0.00000000,1.37356205,0.00000000,0.00000000,0.00000000,0.99938179,1.00921805,1.37820016,1.57955552,2.34042054,0.00000000,1.36491673,1.06760644,1.73878640,2.44026161,0.00000000,0.00000000,1.61808133,0.00000000,2.37005166,1.01954116,1.92369726,0.00000000,1.74003469,0.00000000,1.78749903,0.00000000,2.00884023,1.26828408,1.93055286,0.00000000,2.12578142,0.00000000,2.20574272,0.00000000,0.00000000,0.88944172,1.63390543,0.00000000,1.78881602,0.00000000,0.00000000,0.00000000,0.00000000,0.90327373,1.36832291,0.00000000,0.00000000,0.00000000,1.27078459,0.00000000,0.00000000,0.00000000,0.00000000,0.00000000,2.13941735,0.00000000,1.56793343,0.00000000,4.13916951,0.00000000,0.00000000,0.00000000,0.00000000,0.00000000,0.00000000,0.00000000,0.00000000,0.00000000,0.00000000,0.00000000,0.00000000,0.00000000,0.00000000,0.00000000,1.56920547,0.00000000,0.00000000,0.00000000,1.72281565,0.00000000,0.00000000,0.00000000,0.00000000,0.00000000,0.00000000,0.00000000,0.00000000,0.00000000,0.00000000,0.00000000,0.00000000,0.00000000,0.00000000,0.00000000,0.00000000,0.00000000,0.00000000,0.00000000,0.00000000,0.00000000,0.00000000,0.00000000,0.00000000,0.00000000,0.00000000,0.00000000,0.00000000,0.00000000,0.00000000,0.00000000,0.00000000,0.00000000,0.00000000,0.00000000,0.00000000,0.00000000,0.00000000,0.00000000,0.00000000,0.00000000,0.00000000,0.00000000,0.00000000,0.00000000,0.00000000,0.00000000,0.00000000,0.00000000,0.00000000,0.00000000,0.00000000,0.00000000,1.50615611,0.00000000,1.31243027,0.00000000,1.20361563,0.00000000,1.68862264,0.00000000,0.00000000,0.00000000,0.00000000,0.00000000,0.00000000,0.00000000,0.00000000,0.00000000,1.65807638,0.00000000,0.00000000,0.00000000,1.08844990,0.00000000,0.00000000,0.00000000,0.00000000,0.00000000,3.04193832,0.00000000,1.51092165,0.00000000,7.44234839,0.00000000,2.44617889,0.00000000,0.00000000,0.00000000,0.00000000,1.62437269,1.64472196,1.85602474,1.69489977,0.00000000,0.00000000,0.00000000,0.00000000,0.00000000,0.00000000,0.00000000,1.11229339,0.00000000,0.00000000,0.00000000,0.00000000,0.00000000,0.00000000,0.00000000,0.00000000,0.00000000,0.00000000,0.00000000,0.00000000,0.00000000,0.00000000,0.00000000,0.00000000,0.00000000,0.00000000,0.00000000,0.00000000,0.00000000,0.00000000,0.00000000,0.00000000,0.00000000,0.00000000,2.15638318,0.00000000,0.00000000,0.00000000,2.20847943,1.50065400,2.47235963,3.83889854,0.00000000,0.00000000,0.00000000
1.74663801,0.86931168,0.93191583,0.99666681,1.58328197,0.00000000,0.00000000,1.05311184,0.00000000,2.26967909,3.16527435,1.90148361,0.00000000,0.00000000,1.05182447,2.34057329,1.37965292,1.26564660,1.39291215,0.00000000,1.33990620,0.00000000,0.00000000,1.73593797,1.54973430,1.05544543,0.00000000,0.00000000,1.93492584,1.98356089,3.58747678,0.00000000,2.10824077,0.00000000,1.33291718,0.00000000,2.29449796,3.24884433,1.24925464,1.13066076,0.00000000,0.00000000,0.00000000,0.00000000,0.00000000,0.00000000,0.00000000,0.00000000,0.00000000,0.00000000,0.00000000,0.00000000,3.63541102,0.00000000,2.14061234,2.03964128,3.69261755,0.00000000,0.00000000,0.00000000,2.39188039,1.16279806,1.89729781,1.35340403,0.00000000,0.00000000,0.00000000,0.00000000,0.00000000,0.00000000,2.69914235,0.00000000,0.00000000,0.00000000,0.95422882,0.00000000,0.00000000,0.00000000,0.00000000,0.00000000,0.51129132,0.00000000,0.00000000,0.00000000,1.15187844,0.00000000,0.87767480,0.00000000,0.00000000,0.00000000,0.00000000,0.00000000,0.00000000,0.00000000,0.00000000,0.00000000,1.10746043,0.00000000,0.00000000,0.00000000,0.00000000,0.00000000,0.00000000,0.00000000,0.00000000,0.00000000,0.00000000,0.00000000,0.00000000,0.00000000,0.00000000,0.00000000,0.00000000,0.00000000,0.00000000,0.00000000,0.00000000,0.00000000,0.00000000,0.00000000,0.00000000,0.00000000,0.69764239,0.00000000,0.00000000,0.00000000,0.00000000,0.00000000,1.29035748,0.00000000,0.00000000,0.00000000,0.00000000,0.00000000,2.08547576,0.00000000,1.74302362,0.00000000,1.42423719,0.00000000,1.08139335,0.00000000,1.47343695,0.00000000,0.00000000,0.00000000,0.00000000,0.00000000,0.00000000,0.00000000,0.00000000,0.00000000,0.00000000,0.00000000,2.07798515,0.00000000,0.00000000,0.00000000,0.00000000,0.00000000,0.00000000,0.00000000,0.00000000,0.00000000,0.00000000,0.00000000,1.72503989,0.00000000,0.00000000,0.00000000,0.00000000,0.00000000,1.49935996,1.18799708,0.00000000,0.00000000,2.29650723,0.00000000,0.00000000,0.00000000,0.00000000,0.00000000,2.30190144,3.06919880,0.00000000,0.00000000,0.00000000,0.00000000,0.00000000,0.00000000,0.00000000,0.00000000,0.00000000,0.00000000,0.00000000,0.00000000,0.00000000,0.00000000,0.00000000,0.00000000,1.97962169,0.00000000,0.00000000,0.00000000,0.00000000,0.00000000,0.00000000,0.00000000,2.25261100,0.00000000,1.29022315,5.06612533,1.83572380,0.00000000,1.60218881,0.00000000,0.00000000,0.00000000,1.07578359,0.00000000,1.68016292,0.00000000,0.00000000,0.00000000,0.00000000
2.50253204,2.06306341,2.02042165,1.30184251,0.84086729,1.77067853,0.00000000,1.66304576,0.00000000,2.95134684,0.98053967,1.42336556,0.00000000,0.00000000,1.08179868,2.68101766,0.00000000,2.14297024,0.95187516,2.61678987,1.43730290,1.61808133,1.73593797,0.00000000,0.00000000,1.76827156,0.00000000,2.33427784,0.00000000,2.18972928,0.00000000,2.85702288,2.76293588,1.85731696,0.00000000,2.32006003,0.00000000,6.05521729,0.00000000,1.72101664,0.00000000,0.00000000,0.00000000,2.28884974,0.00000000,0.00000000,0.00000000,0.00000000,0.00000000,0.00000000,0.00000000,0.00000000,0.00000000,0.00000000,0.00000000,1.61569379,0.00000000,1.58729423,0.00000000,0.00000000,0.00000000,1.76985554,0.00000000,1.73162737,0.00000000,0.00000000,0.00000000,0.00000000,0.00000000,0.00000000,0.00000000,0.00000000,0.00000000,0.00000000,0.00000000,0.00000000,0.00000000,0.00000000,0.00000000,0.00000000,0.00000000,1.41928629,0.00000000,0.00000000,0.00000000,0.00000000,0.00000000,0.00000000,0.00000000,0.00000000,0.00000000,1.20647429,0.00000000,0.00000000,0.00000000,0.00000000,0.00000000,0.00000000,0.00000000,0.00000000,0.00000000,0.00000000,0.00000000,0.00000000,0.00000000,0.00000000,0.00000000,0.00000000,0.00000000,0.00000000,0.00000000,0.00000000,0.00000000,0.00000000,0.00000000,0.00000000,0.00000000,0.00000000,0.00000000,0.00000000,0.00000000,0.00000000,0.00000000,0.00000000,0.00000000,0.00000000,0.00000000,0.00000000,0.00000000,0.00000000,0.00000000,0.00000000,0.00000000,0.00000000,0.00000000,0.00000000,0.00000000,0.00000000,0.00000000,2.07021781,0.00000000,1.48060594,0.00000000,1.29819838,0.00000000,3.73060328,0.00000000,0.00000000,0.00000000,0.00000000,0.00000000,0.00000000,0.00000000,0.00000000,0.00000000,1.81706922,0.00000000,0.00000000,0.00000000,1.39707024,0.00000000,0.00000000,0.00000000,2.33320721,0.00000000,10.43442673,0.00000000,2.53394487,0.00000000,1.99409677,0.00000000,0.00000000,0.00000000,1.65901691,0.00000000,0.00000000,1.59262504,1.70016809,1.45628442,1.32912556,0.00000000,0.00000000,0.00000000,0.00000000,0.00000000,0.00000000,0.00000000,0.00000000,0.00000000,0.00000000,0.00000000,0.00000000,0.00000000,0.00000000,0.00000000,0.00000000,0.00000000,0.00000000,0.00000000,0.00000000,0.00000000,0.00000000,0.00000000,0.00000000,0.00000000,0.00000000,0.00000000,0.00000000,0.00000000,0.00000000,0.00000000,0.00000000,0.00000000,0.00000000,4.52526721,0.00000000,0.00000000,0.00000000,2.02897055,1.48915042,4.13068709,0.00000000,0.00000000,0.00000000,0.00000000
1.62069893,1.19780967,1.74845031,1.71755563,2.49398506,0.00000000,1.46401044,0.98020470,1.70041812,0.87317164,0.00000000,0.00000000,0.00000000,0.00000000,1.45409683,0.00000000,1.80310885,2.27473247,1.28942836,0.00000000,2.24654019,0.00000000,1.54973430,0.00000000,0.00000000,1.54328048,0.00000000,0.00000000,1.55986435,0.00000000,0.00000000,0.00000000,3.84724549,0.00000000,0.00000000,0.00000000,0.00000000,0.00000000,1.36041440,0.00000000,0.00000000,0.00000000,0.00000000,0.00000000,0.00000000,0.00000000,0.00000000,0.00000000,0.00000000,0.00000000,1.96261061,0.00000000,1.73853091,1.06828481,1.65081107,0.75090638,1.98387751,0.00000000,2.22738434,0.31289329,1.24339741,1.58131838,1.18594379,1.13846404,0.00000000,0.00000000,3.42620886,0.00000000,0.00000000,0.00000000,0.00000000,0.00000000,0.00000000,0.00000000,0.00000000,0.00000000,0.00000000,0.00000000,0.00000000,0.00000000,0.00000000,0.00000000,0.00000000,0.00000000,0.00000000,0.00000000,0.00000000,0.00000000,0.00000000,0.00000000,0.00000000,0.00000000,0.00000000,0.00000000,0.00000000,0.00000000,1.36099103,0.00000000,0.00000000,0.00000000,0.00000000,0.00000000,0.00000000,0.00000000,1.13474988,0.00000000,1.19125196,0.00000000,0.00000000,0.00000000,0.00000000,0.00000000,0.00000000,0.00000000,0.00000000,0.00000000,0.00000000,0.00000000,0.00000000,0.00000000,1.44950719,0.00000000,1.74334114,0.00000000,2.64360206,0.00000000,0.00000000,0.00000000,1.27134977,0.00000000,0.00000000,0.00000000,2.48847842,0.00000000,2.01014796,0.00000000,1.46208557,0.00000000,1.48006169,0.00000000,1.99031226,0.00000000,1.38872796,0.00000000,0.00000000,0.00000000,0.00000000,0.00000000,0.00000000,0.00000000,0.00000000,0.00000000,0.00000000,0.00000000,1.79583369,0.00000000,0.00000000,0.00000000,1.72772347,0.00000000,3.43644398,0.00000000,0.00000000,0.00000000,4.70817129,0.00000000,2.62531630,0.00000000,1.71326399,0.00000000,1.97996701,0.00000000,1.51430074,0.00000000,0.00000000,0.00000000,1.55412352,2.31845770,0.00000000,0.00000000,0.00000000,0.00000000,1.85247214,2.10078722,0.00000000,0.00000000,2.61524789,0.00000000,0.00000000,0.00000000,0.00000000,0.00000000,0.00000000,0.00000000,0.00000000,0.00000000,0.00000000,0.00000000,0.00000000,0.00000000,1.72856164,0.00000000,0.00000000,0.00000000,0.00000000,0.00000000,0.00000000,0.00000000,2.68112088,0.00000000,2.09182873,5.11276054,4.50914204,1.21410120,1.48042536,0.00000000,0.00000000,2.24978572,0.00000000,0.00000000,0.00000000,0.00000000,0.00000000,0.00000000,0.00000000
1.07442033,2.15894414,1.15528412,2.27908555,0.83113912,2.91979432,2.23749577,1.74501483,2.38312579,2.92547439,0.73436681,4.72484137,0.00000000,0.00000000,0.95002830,2.65893976,1.36943677,2.99947940,0.00000000,2.76750126,0.83372247,2.37005166,1.05544543,1.76827156,1.54328048,0.00000000,0.00000000,0.00000000,0.00000000,2.43106318,0.00000000,2.17268066,2.46491488,2.56637452,0.00000000,2.20303261,0.00000000,2.89572189,1.88659842,1.85367888,0.00000000,0.00000000,0.00000000,0.00000000,0.00000000,0.00000000,0.00000000,0.00000000,0.00000000,0.00000000,0.00000000,4.03429918,0.00000000,4.18336272,0.00000000,1.28427879,0.00000000,1.67625586,0.00000000,2.47693914,0.00000000,2.37098910,0.00000000,2.41175135,0.00000000,0.00000000,0.00000000,0.00000000,0.00000000,0.00000000,0.00000000,0.00000000,0.00000000,0.00000000,0.00000000,0.00000000,0.00000000,0.00000000,0.00000000,0.00000000,0.00000000,1.27304768,0.00000000,0.00000000,0.00000000,1.68625350,0.00000000,0.00000000,0.00000000,0.00000000,0.00000000,1.01398152,0.00000000,0.00000000,0.00000000,0.00000000,0.00000000,0.00000000,0.00000000,0.00000000,0.00000000,0.80734411,0.00000000,0.00000000,0.00000000,0.00000000,0.00000000,0.00000000,0.00000000,0.00000000,0.00000000,0.00000000,0.00000000,0.00000000,0.00000000,0.00000000,0.00000000,0.00000000,0.00000000,0.00000000,0.00000000,1.03736090,0.00000000,2.73552549,0.00000000,0.00000000,0.00000000,0.00000000,0.00000000,2.10663666,0.00000000,0.00000000,0.00000000,3.02808414,0.00000000,0.00000000,0.00000000,2.04088415,0.00000000,2.13442242,0.00000000,1.34496264,0.00000000,1.23947557,0.00000000,0.00000000,0.00000000,0.00000000,0.00000000,0.00000000,0.00000000,0.00000000,0.00000000,0.00000000,0.00000000,2.10410087,0.00000000,0.00000000,0.00000000,2.27607362,0.00000000,2.66684301,0.00000000,1.87795152,0.00000000,0.00000000,0.00000000,0.00000000,0.00000000,2.45825760,0.00000000,3.04490678,2.28827312,2.14896349,0.00000000,0.00000000,1.98756390,2.56255608,0.00000000,1.41748026,0.00000000,0.00000000,1.82019775,0.00000000,0.00000000,0.00000000,0.00000000,0.00000000,0.00000000,0.00000000,0.00000000,0.00000000,0.00000000,0.00000000,0.00000000,0.00000000,0.00000000,0.00000000,0.00000000,0.00000000,0.00000000,0.00000000,0.00000000,0.00000000,0.00000000,0.00000000,0.00000000,0.00000000,0.00000000,0.00000000,0.00000000,0.00000000,0.00000000,0.00000000,4.27202872,0.00000000,0.00000000,0.00000000,2.35246907,3.09470862,4.28893863,2.26848297,0.00000000,4.49379562,9.02411587
2.98462300,0.00000000,1.90436545,0.00000000,1.24949131,0.58484109,0.00000000,0.00000000,0.00000000,0.00000000,1.55450882,0.96977219,1.71288708,0.79151124,1.40594232,0.00000000,2.55172262,0.00000000,1.46556547,1.02253209,1.77725147,1.01954116,0.00000000,0.00000000,0.00000000,0.00000000,0.00000000,0.98480976,1.32462341,0.00000000,2.80993598,0.98242977,3.00157202,0.00000000,1.21336262,0.00000000,1.05473770,0.00000000,0.00000000,0.00000000,3.72437782,1.27619921,0.74179316,1.01633608,0.77107796,1.85170032,1.35679094,1.40713762,1.82740475,0.00000000,0.80468041,0.82868160,1.93619348,0.00000000,0.00000000,0.00000000,0.00000000,0.00000000,0.00000000,0.00000000,0.00000000,0.00000000,0.00000000,0.00000000,0.00000000,0.00000000,0.00000000,0.00000000,0.00000000,0.00000000,1.46176464,0.00000000,0.00000000,0.00000000,1.09995394,0.00000000,0.00000000,0.00000000,0.00000000,0.00000000,0.00000000,0.00000000,0.00000000,0.00000000,0.00000000,0.00000000,0.00000000,0.00000000,0.00000000,0.00000000,0.00000000,0.00000000,0.00000000,0.00000000,0.00000000,0.00000000,0.00000000,0.00000000,0.00000000,0.00000000,0.00000000,0.00000000,0.00000000,0.00000000,0.00000000,0.00000000,0.00000000,0.00000000,0.00000000,0.00000000,0.00000000,0.00000000,0.00000000,0.00000000,0.00000000,0.00000000,0.00000000,0.00000000,0.00000000,0.00000000,0.00000000,0.00000000,0.00000000,0.00000000,0.00000000,0.00000000,0.00000000,0.00000000,0.00000000,0.00000000,0.00000000,0.00000000,0.00000000,0.00000000,0.00000000,0.00000000,0.00000000,0.00000000,0.00000000,0.00000000,1.01105161,0.00000000,0.00000000,0.00000000,1.49197946,0.00000000,0.00000000,0.00000000,0.00000000,0.00000000,0.00000000,0.00000000,0.00000000,0.00000000,2.97689382,0.00000000,0.00000000,0.00000000,4.61771769,0.00000000,0.00000000,0.00000000,0.00000000,0.00000000,0.86491958,0.00000000,1.29381653,0.00000000,0.00000000,1.64757290,0.00000000,0.00000000,2.07499127,0.00000000,0.00000000,0.00000000,1.93244350,1.73977925,3.45791109,0.00000000,0.00000000,0.00000000,1.97099220,0.00000000,1.92153509,0.00000000,2.74126255,1.03935493,0.00000000,0.00000000,0.00000000,0.00000000,0.00000000,0.00000000,0.00000000,0.00000000,0.00000000,0.00000000,0.00000000,0.00000000,0.00000000,0.00000000,0.00000000,0.00000000,0.00000000,0.00000000,0.00000000,0.00000000,0.00000000,0.00000000,2.72861573,2.28850798,2.87341852,2.77839997,2.32437093,0.00000000,0.00000000,1.01889869,0.00000000,0.00000000,0.00000000,0.00000000,0.00000000,0.00000000,0.00000000
0.00000000,1.28168777,0.00000000,1.64445050,0.00000000,1.92825300,0.00000000,1.35221956,0.00000000,2.61318392,0.00000000,1.50883452,1.10488621,1.23167632,0.00000000,2.11351683,0.00000000,2.37907535,1.35173543,1.88543815,4.09382698,1.92369726,0.00000000,2.33427784,0.00000000,0.00000000,0.98480976,0.00000000,0.00000000,0.00000000,0.00000000,3.15639334,0.00000000,1.70898495,0.00000000,1.57495522,0.00000000,2.95405244,0.00000000,0.00000000,0.97360100,1.72091729,1.43211461,1.16168920,1.41339070,1.18310396,1.21904705,1.90016174,0.00000000,2.03724147,1.58434931,0.96953266,0.00000000,0.00000000,0.00000000,0.00000000,0.00000000,0.00000000,0.00000000,0.00000000,0.00000000,0.00000000,0.00000000,0.00000000,0.00000000,0.00000000,0.00000000,0.00000000,0.00000000,0.00000000,0.00000000,0.00000000,0.00000000,0.00000000,0.00000000,0.00000000,0.00000000,0.00000000,0.00000000,0.00000000,0.00000000,0.00000000,0.00000000,0.00000000,0.00000000,0.00000000,0.00000000,0.00000000,0.00000000,0.00000000,0.00000000,0.00000000,0.00000000,0.00000000,0.00000000,0.00000000,0.00000000,0.00000000,0.00000000,0.00000000,0.00000000,0.00000000,0.00000000,0.00000000,0.00000000,0.00000000,0.00000000,0.00000000,0.00000000,0.00000000,0.00000000,0.00000000,0.00000000,0.00000000,0.00000000,0.00000000,0.00000000,0.00000000,0.00000000,0.00000000,0.00000000,0.00000000,0.00000000,0.00000000,0.00000000,0.00000000,0.00000000,0.00000000,0.00000000,0.00000000,0.00000000,0.00000000,0.00000000,0.00000000,0.00000000,0.00000000,0.00000000,0.00000000,0.00000000,0.00000000,0.00000000,0.00000000,0.00000000,0.00000000,0.00000000,0.00000000,0.00000000,0.00000000,0.00000000,0.00000000,0.00000000,0.00000000,0.00000000,0.00000000,0.00000000,0.00000000,0.00000000,0.00000000,0.00000000,0.00000000,0.00000000,0.00000000,0.00000000,0.00000000,0.00000000,2.31231095,0.00000000,0.00000000,0.00000000,5.07509585,0.00000000,0.00000000,0.00000000,0.00000000,0.00000000,0.00000000,1.78674435,1.51813291,0.00000000,2.42670480,0.00000000,0.00000000,0.00000000,0.00000000,0.00000000,0.00000000,1.38437835,2.70187895,0.00000000,0.00000000,0.00000000,0.00000000,0.00000000,0.00000000,0.00000000,0.00000000,0.00000000,13.24056794,0.00000000,0.00000000,0.00000000,0.00000000,0.00000000,0.00000000,0.00000000,0.00000000,0.00000000,0.00000000,0.00000000,0.00000000,0.00000000,0.00000000,0.00000000,0.00000000,2.21008652,0.00000000,0.00000000,0.00000000,1.40878146,3.92921189,3.00378055,1.84541431,0.00000000,0.00000000,0.00000000
1.19505260,0.00000000,1.27814605,0.00000000,1.80807757,0.00000000,1.86894710,0.00000000,2.11916541,0.00000000,0.00000000,0.00000000,0.00000000,0.00000000,0.00000000,0.00000000,1.40733013,2.74969084,1.61097439,0.00000000,1.44922600,0.00000000,1.93492584,0.00000000,1.55986435,0.00000000,1.32462341,0.00000000,0.00000000,0.00000000,2.46026555,0.00000000,2.00415505,0.00000000,1.79340094,0.00000000,2.08066488,0.00000000,1.69985894,0.00000000,0.00000000,0.00000000,1.23138672,0.00000000,2.44638581,0.00000000,0.00000000,0.00000000,13.65481797,0.00000000,1.36960291,0.00000000,0.00000000,0.00000000,0.00000000,0.00000000,0.00000000,0.00000000,0.00000000,0.00000000,1.89519803,0.00000000,3.19517659,0.00000000,0.00000000,0.00000000,0.00000000,0.00000000,0.00000000,0.00000000,1.98020344,0.00000000,0.00000000,0.00000000,1.82540044,0.00000000,0.00000000,0.00000000,0.00000000,0.00000000,1.41982347,0.00000000,0.00000000,0.00000000,0.00000000,0.00000000,1.58088843,0.00000000,0.00000000,0.00000000,0.00000000,0.00000000,0.00000000,0.00000000,0.00000000,0.00000000,1.43237708,0.00000000,0.00000000,0.00000000,0.00000000,0.00000000,0.00000000,0.00000000,0.00000000,0.00000000,0.00000000,0.00000000,0.00000000,0.00000000,0.00000000,0.00000000,0.00000000,0.00000000,0.00000000,0.00000000,0.00000000,0.00000000,0.00000000,0.00000000,2.08979008,0.00000000,0.00000000,0.00000000,0.00000000,0.00000000,0.00000000,0.00000000,2.26123297,0.00000000,0.00000000,0.00000000,0.00000000,0.00000000,0.00000000,0.00000000,0.00000000,0.00000000,1.58161274,0.00000000,1.32809893,0.00000000,2.35829045,0.00000000,1.49688763,0.00000000,0.00000000,0.00000000,0.00000000,0.00000000,0.00000000,0.00000000,0.00000000,0.00000000,0.00000000,0.00000000,0.00000000,0.00000000,0.00000000,0.00000000,0.00000000,0.00000000,0.00000000,0.00000000,0.00000000,0.00000000,0.00000000,0.00000000,0.00000000,0.00000000,0.00000000,0.00000000,0.00000000,0.00000000,0.00000000,0.00000000,0.00000000,0.00000000,0.00000000,0.00000000,0.00000000,0.00000000,2.48849071,0.00000000,0.00000000,0.00000000,0.00000000,0.00000000,0.00000000,0.00000000,0.00000000,0.00000000,0.00000000,0.00000000,0.00000000,0.00000000,0.00000000,0.00000000,0.00000000,0.00000000,0.00000000,0.00000000,0.00000000,0.00000000,0.00000000,0.00000000,0.00000000,0.00000000,0.00000000,0.00000000,0.00000000,2.55890953,2.85676050,0.00000000,0.00000000,0.00000000,0.00000000,0.00000000,0.00000000,0.00000000,0.00000000,0.00000000,0.00000000,0.00000000,0.00000000
0.00000000,1.61493848,0.00000000,1.37307950,0.00000000,1.68353602,0.00000000,2.10073797,0.00000000,0.00000000,0.00000000,1.24676914,0.00000000,0.00000000,1.67130721,3.26280128,0.00000000,1.62902889,0.00000000,0.00000000,0.00000000,1.74003469,1.98356089,2.18972928,0.00000000,2.43106318,0.00000000,0.00000000,0.00000000,0.00000000,0.00000000,1.40683133,0.00000000,2.42432673,0.00000000,1.74149986,0.00000000,3.12214416,0.00000000,2.27777485,0.00000000,0.00000000,0.00000000,1.52927935,0.00000000,1.71832015,0.00000000,0.00000000,0.00000000,0.00000000,0.00000000,2.24340426,0.00000000,2.67007296,0.00000000,1.67251442,0.00000000,2.21642659,0.00000000,0.00000000,0.00000000,1.88328967,0.00000000,1.48189620,0.00000000,0.00000000,0.00000000,0.00000000,0.00000000,0.00000000,0.00000000,0.00000000,0.00000000,0.00000000,0.00000000,0.00000000,0.00000000,0.00000000,0.00000000,0.00000000,0.00000000,0.00000000,0.00000000,0.00000000,0.00000000,0.00000000,0.00000000,0.00000000,0.00000000,0.00000000,0.00000000,0.73962908,0.00000000,0.00000000,0.00000000,0.00000000,0.00000000,0.00000000,0.00000000,0.00000000,0.00000000,0.79287571,0.00000000,0.00000000,0.00000000,0.00000000,0.00000000,0.00000000,0.00000000,0.00000000,0.00000000,0.00000000,0.00000000,0.00000000,0.00000000,0.00000000,0.00000000,0.00000000,0.00000000,0.00000000,0.00000000,0.00000000,0.00000000,0.00000000,0.00000000,0.00000000,0.00000000,0.00000000,0.00000000,2.50850309,0.00000000,0.00000000,0.00000000,0.00000000,0.00000000,3.21748328,0.00000000,0.00000000,0.00000000,2.12256854,0.00000000,1.32885489,0.00000000,1.41138749,0.00000000,2.29463426,0.00000000,0.00000000,0.00000000,0.00000000,0.00000000,0.00000000,0.00000000,0.00000000,0.00000000,2.24857339,0.00000000,0.00000000,0.00000000,1.40407163,0.00000000,0.00000000,0.00000000,0.00000000,0.00000000,3.00608890,0.00000000,3.57943467,0.00000000,0.00000000,0.00000000,0.00000000,0.00000000,0.00000000,0.00000000,0.00000000,0.00000000,2.27690806,0.00000000,1.29321512,0.00000000,0.00000000,0.00000000,3.80441642,0.00000000,0.00000000,0.00000000,0.00000000,0.00000000,0.00000000,0.00000000,0.00000000,0.00000000,0.00000000,0.00000000,0.00000000,0.00000000,0.00000000,0.00000000,0.00000000,0.00000000,0.00000000,0.00000000,0.00000000,0.00000000,0.00000000,0.00000000,0.00000000,0.00000000,0.00000000,0.00000000,0.00000000,0.00000000,0.00000000,0.00000000,0.00000000,0.00000000,0.00000000,0.00000000,2.81428850,3.78273682,0.00000000,0.00000000,0.00000000,0.00000000
0.00000000,0.00000000,2.25339123,0.00000000,1.39503394,0.00000000,0.00000000,0.00000000,0.00000000,0.00000000,0.00000000,0.00000000,0.00000000,0.00000000,1.33870814,0.00000000,1.86052261,0.00000000,1.82173461,0.00000000,1.37666986,0.00000000,3.58747678,0.00000000,0.00000000,0.00000000,2.80993598,0.00000000,2.46026555,0.00000000,0.00000000,0.00000000,3.02002892,0.00000000,1.24297343,0.00000000,1.91083304,0.00000000,2.18299639,0.00000000,0.00000000,0.00000000,1.78637993,0.00000000,3.62967814,0.00000000,0.00000000,0.00000000,0.00000000,0.00000000,2.08073018,0.00000000,0.00000000,0.00000000,5.30954475,0.00000000,0.00000000,0.00000000,0.00000000,0.00000000,4.04108933,0.00000000,2.66255146,0.00000000,0.00000000,0.00000000,0.00000000,0.00000000,0.00000000,0.00000000,1.79387720,0.00000000,0.00000000,0.00000000,0.00000000,0.00000000,0.00000000,0.00000000,0.00000000,0.00000000,0.00000000,0.00000000,0.00000000,0.00000000,0.00000000,0.00000000,0.00000000,0.00000000,0.00000000,0.00000000,0.00000000,0.00000000,0.00000000,0.00000000,0.00000000,0.00000000,0.00000000,0.00000000,0.00000000,0.00000000,0.00000000,0.00000000,0.00000000,0.00000000,0.00000000,0.00000000,0.00000000,0.00000000,0.00000000,0.00000000,0.00000000,0.00000000,0.00000000,0.00000000,0.00000000,0.00000000,0.00000000,0.00000000,0.00000000,0.00000000,0.00000000,0.00000000,2.38702627,0.00000000,0.00000000,0.00000000,0.00000000,0.00000000,4.69667976,0.00000000,0.00000000,0.00000000,0.00000000,0.00000000,0.00000000,0.00000000,0.00000000,0.00000000,0.00000000,0.00000000,1.71900846,0.00000000,0.00000000,0.00000000,1.74813135,0.00000000,0.00000000,0.00000000,0.00000000,0.00000000,0.00000000,0.00000000,0.00000000,0.00000000,0.00000000,0.00000000,0.00000000,0.00000000,0.00000000,0.00000000,0.00000000,0.00000000,0.00000000,0.00000000,0.00000000,0.00000000,1.59132487,0.00000000,0.00000000,0.00000000,0.00000000,0.00000000,2.82752709,0.00000000,0.00000000,0.00000000,0.00000000,0.00000000,2.33390797,0.00000000,0.00000000,0.00000000,0.00000000,0.00000000,0.00000000,0.00000000,0.00000000,0.00000000,0.00000000,0.00000000,0.00000000,0.00000000,0.00000000,0.00000000,0.00000000,0.00000000,0.00000000,0.00000000,0.00000000,0.00000000,0.00000000,0.00000000,0.00000000,0.00000000,0.00000000,0.00000000,0.00000000,0.00000000,0.00000000,0.00000000,2.03604601,2.67095244,1.65653077,1.72827944,2.33832566,0.00000000,0.00000000,0.00000000,0.00000000,0.00000000,0.00000000,0.00000000,0.00000000,0.00000000,0.00000000
0.00000000,1.67515036,0.00000000,1.24631279,1.33806981,1.11971977,0.00000000,1.95794887,0.00000000,0.00000000,0.00000000,1.15317369,0.00000000,3.10715314,1.63791751,2.00835119,0.00000000,2.33091504,0.95931979,2.50075655,0.00000000,1.78749903,0.00000000,2.85702288,0.00000000,2.17268066,0.98242977,3.15639334,0.00000000,1.40683133,0.00000000,0.00000000,0.00000000,1.98822069,1.10234772,2.34245103,0.00000000,2.35544319,0.00000000,3.05986686,0.00000000,0.00000000,0.00000000,1.46182861,0.00000000,2.40014016,0.00000000,0.00000000,0.00000000,0.00000000,0.00000000,2.59701170,0.00000000,0.00000000,0.00000000,0.00000000,0.00000000,0.00000000,0.00000000,0.00000000,0.00000000,0.00000000,0.00000000,1.51525629,0.00000000,0.00000000,0.00000000,0.00000000,0.00000000,0.00000000,0.00000000,0.00000000,0.00000000,0.00000000,0.00000000,0.00000000,0.00000000,0.00000000,0.00000000,0.00000000,0.00000000,0.00000000,0.00000000,0.00000000,0.00000000,0.00000000,0.00000000,0.00000000,0.00000000,0.00000000,0.00000000,0.00000000,0.00000000,0.00000000,0.00000000,0.00000000,0.00000000,0.00000000,0.00000000,0.00000000,0.00000000,0.00000000,0.00000000,0.00000000,0.00000000,0.00000000,0.00000000,0.00000000,0.00000000,0.00000000,0.00000000,0.00000000,0.00000000,0.00000000,0.00000000,0.00000000,0.00000000,0.00000000,0.00000000,0.00000000,0.00000000,0.00000000,0.00000000,0.00000000,0.00000000,0.00000000,0.00000000,0.00000000,0.00000000,0.00000000,0.00000000,0.00000000,0.00000000,0.00000000,0.00000000,0.00000000,0.00000000,0.00000000,0.00000000,1.53694189,0.00000000,1.42734787,0.00000000,1.24735935,0.00000000,0.00000000,0.00000000,0.00000000,0.00000000,0.00000000,0.00000000,0.00000000,0.00000000,0.00000000,0.00000000,0.00000000,0.00000000,0.00000000,0.00000000,1.43996060,0.00000000,0.00000000,0.00000000,0.00000000,0.00000000,4.84068122,0.00000000,1.56776283,0.00000000,6.27204034,0.00000000,0.00000000,0.00000000,0.00000000,0.00000000,0.00000000,0.00000000,1.73272134,0.00000000,1.53301576,0.00000000,0.00000000,0.00000000,0.00000000,0.00000000,0.00000000,0.00000000,0.00000000,0.00000000,0.00000000,0.00000000,0.00000000,0.00000000,0.00000000,0.00000000,0.00000000,0.00000000,0.00000000,0.00000000,0.00000000,0.00000000,0.00000000,0.00000000,0.64002512,0.00000000,0.00000000,0.00000000,0.00000000,0.00000000,0.00000000,0.00000000,0.00000000,0.00000000,0.00000000,3.08892589,0.00000000,0.00000000,0.00000000,2.02555187,1.65496614,2.14966281,0.00000000,0.00000000,0.00000000,0.00000000
2.10245146,2.68132447,1.42127015,0.00000000,1.04868549,0.00000000,0.00000000,0.00000000,0.00000000,0.00000000,1.42181018,0.00000000,0.00000000,0.00000000,1.44921871,3.50612471,2.22076529,2.36394417,3.23104754,0.00000000,1.58521378,0.00000000,2.10824077,2.76293588,3.84724549,2.46491488,3.00157202,0.00000000,2.00415505,0.00000000,3.02002892,0.00000000,0.00000000,0.00000000,2.68233892,0.00000000,1.49069487,0.00000000,3.23365764,0.00000000,0.00000000,0.00000000,2.23463112,0.00000000,4.37451594,0.00000000,0.00000000,0.00000000,0.00000000,0.00000000,2.57069823,0.00000000,0.00000000,0.00000000,0.00000000,0.00000000,0.00000000,0.00000000,0.00000000,0.00000000,4.34712636,0.00000000,2.13229453,0.00000000,0.00000000,0.00000000,0.00000000,0.00000000,0.00000000,0.00000000,0.00000000,0.00000000,0.00000000,0.00000000,1.43320876,0.00000000,0.00000000,0.00000000,0.00000000,0.00000000,0.00000000,0.00000000,0.00000000,0.00000000,0.00000000,0.00000000,0.00000000,0.00000000,0.00000000,0.00000000,0.00000000,0.00000000,0.00000000,0.00000000,0.00000000,0.00000000,0.00000000,0.00000000,0.00000000,0.00000000,0.00000000,0.00000000,0.00000000,0.00000000,0.00000000,0.00000000,0.00000000,0.00000000,0.00000000,0.00000000,0.00000000,0.00000000,0.00000000,0.00000000,0.00000000,0.00000000,0.00000000,0.00000000,0.00000000,0.00000000,0.00000000,0.00000000,0.00000000,0.00000000,0.00000000,0.00000000,0.00000000,0.00000000,0.00000000,0.00000000,0.00000000,0.00000000,0.00000000,0.00000000,0.00000000,0.00000000,0.00000000,0.00000000,0.00000000,0.00000000,2.00978355,0.00000000,0.00000000,0.00000000,1.98755698,0.00000000,0.00000000,0.00000000,0.00000000,0.00000000,0.00000000,0.00000000,0.00000000,0.00000000,0.00000000,0.00000000,2.75707616,0.00000000,0.00000000,0.00000000,0.00000000,0.00000000,0.00000000,0.00000000,0.00000000,0.00000000,1.44101787,0.00000000,0.00000000,0.00000000,0.00000000,0.00000000,1.96014474,0.00000000,0.00000000,0.00000000,2.19349933,0.00000000,2.27939903,0.00000000,0.00000000,0.00000000,0.00000000,0.00000000,0.00000000,0.00000000,0.00000000,0.00000000,0.00000000,0.00000000,0.00000000,0.00000000,0.00000000,0.00000000,0.00000000,0.00000000,0.00000000,0.00000000,0.00000000,0.00000000,0.00000000,0.00000000,0.00000000,0.00000000,0.00000000,0.00000000,0.00000000,0.00000000,0.00000000,0.00000000,1.81230026,1.70804732,2.15738578,0.00000000,2.36806896,0.00000000,0.00000000,0.00000000,0.00000000,0.00000000,0.00000000,0.00000000,0.00000000,0.00000000,0.00000000
0.00000000,0.00000000,1.49091399,1.29850475,0.99998441,1.29212789,0.00000000,0.00000000,0.00000000,0.00000000,0.00000000,1.10231982,0.75340346,0.00000000,1.08727422,1.75035716,0.00000000,1.64086179,0.59501586,0.00000000,2.39826257,2.00884023,0.00000000,1.85731696,0.00000000,2.56637452,0.00000000,1.70898495,0.00000000,2.42432673,0.00000000,1.98822069,0.00000000,0.00000000,0.00000000,1.67544369,0.00000000,1.54760163,0.00000000,2.23684776,0.00000000,0.00000000,0.00000000,1.89303172,0.00000000,2.17342088,0.00000000,0.00000000,0.00000000,0.00000000,0.00000000,1.35441718,0.00000000,0.00000000,0.00000000,0.00000000,0.00000000,0.00000000,0.00000000,0.00000000,0.00000000,4.08862519,0.00000000,1.60086880,0.00000000,0.00000000,0.00000000,0.00000000,0.00000000,0.00000000,0.00000000,0.00000000,0.00000000,0.00000000,0.00000000,0.00000000,0.00000000,0.00000000,0.00000000,0.00000000,0.00000000,0.00000000,0.00000000,0.00000000,0.00000000,0.00000000,0.00000000,0.00000000,0.00000000,0.00000000,0.00000000,0.00000000,0.00000000,0.00000000,0.00000000,0.00000000,0.00000000,0.00000000,0.00000000,0.00000000,0.00000000,0.00000000,0.00000000,0.00000000,0.00000000,0.00000000,0.00000000,0.00000000,0.00000000,0.00000000,0.00000000,0.00000000,0.00000000,0.00000000,0.00000000,0.00000000,0.00000000,0.00000000,0.00000000,0.00000000,0.00000000,0.00000000,0.00000000,0.00000000,0.00000000,0.00000000,0.00000000,0.00000000,0.00000000,0.00000000,0.00000000,0.00000000,0.00000000,0.00000000,0.00000000,0.00000000,0.00000000,0.00000000,0.00000000,2.38933207,0.00000000,2.31987031,0.00000000,0.00000000,0.00000000,0.00000000,0.00000000,0.00000000,0.00000000,0.00000000,0.00000000,0.00000000,0.00000000,0.00000000,0.00000000,1.73143656,0.00000000,3.61264050,0.00000000,0.00000000,0.00000000,0.00000000,0.00000000,0.00000000,0.00000000,0.00000000,0.00000000,1.35437628,0.00000000,6.37884118,0.00000000,0.00000000,0.00000000,0.00000000,0.00000000,0.00000000,2.04125083,1.72420758,0.00000000,1.12707976,0.00000000,0.00000000,0.00000000,0.00000000,0.00000000,1.86616083,0.00000000,0.00000000,0.00000000,0.00000000,0.00000000,0.00000000,0.00000000,0.00000000,0.00000000,0.00000000,0.00000000,0.00000000,0.00000000,0.00000000,0.00000000,0.00000000,0.00000000,0.00000000,0.00000000,0.00000000,0.00000000,0.00000000,0.00000000,0.00000000,0.00000000,0.00000000,0.00000000,0.00000000,4.72899429,0.00000000,0.00000000,0.00000000,2.20718181,1.77755751,3.45263968,0.00000000,0.00000000,0.00000000,0.00000000
0.00000000,0.00000000,0.00000000,0.00000000,0.96239307,0.63142953,0.00000000,0.00000000,0.00000000,0.00000000,1.40105319,1.02530984,1.59781179,0.00000000,1.51999638,0.87830315,1.55233111,0.00000000,0.98405964,1.32211943,1.17173728,1.26828408,1.33291718,0.00000000,0.00000000,0.00000000,1.21336262,0.00000000,1.79340094,0.00000000,1.24297343,1.10234772,2.68233892,0.00000000,0.00000000,0.00000000,1.42876752,0.00000000,3.67676674,0.00000000,0.00000000,0.00000000,1.93927091,0.00000000,4.88487495,0.00000000,1.96413448,0.00000000,3.71000744,0.00000000,0.92632795,0.00000000,0.00000000,0.00000000,0.00000000,0.00000000,0.00000000,0.00000000,0.00000000,0.00000000,0.00000000,0.00000000,0.00000000,0.00000000,0.00000000,0.00000000,0.00000000,0.00000000,0.00000000,0.00000000,1.48394746,0.00000000,0.00000000,0.00000000,0.00000000,0.00000000,0.00000000,0.00000000,0.00000000,0.00000000,0.00000000,0.00000000,0.00000000,0.00000000,0.00000000,0.00000000,0.00000000,0.00000000,0.00000000,0.00000000,0.00000000,0.00000000,0.00000000,0.00000000,0.00000000,0.00000000,0.00000000,0.00000000,0.65870267,0.00000000,0.00000000,0.00000000,0.00000000,0.00000000,0.00000000,0.00000000,0.00000000,0.00000000,0.00000000,0.00000000,0.00000000,0.00000000,0.00000000,0.00000000,0.00000000,0.00000000,0.00000000,0.00000000,0.00000000,0.00000000,0.00000000,0.00000000,0.00000000,0.00000000,0.00000000,0.00000000,0.00000000,0.00000000,0.00000000,0.00000000,0.00000000,0.00000000,0.00000000,0.00000000,0.00000000,0.00000000,0.00000000,0.00000000,0.00000000,0.00000000,0.00000000,0.00000000,0.00000000,0.00000000,1.19357291,0.00000000,0.00000000,0.00000000,0.00000000,0.00000000,0.00000000,0.00000000,0.00000000,0.00000000,0.00000000,0.00000000,0.00000000,0.00000000,0.00000000,0.00000000,0.00000000,0.00000000,0.00000000,0.00000000,1.04501897,0.00000000,1.18633737,0.00000000,4.58317825,0.00000000,0.00000000,0.00000000,1.65828758,0.00000000,0.00000000,0.00000000,1.36467354,1.66501326,1.33424266,0.00000000,0.00000000,0.00000000,1.20243857,0.00000000,0.00000000,0.00000000,0.00000000,0.00000000,0.00000000,0.00000000,0.00000000,0.00000000,0.00000000,0.00000000,0.00000000,0.00000000,0.00000000,0.00000000,0.00000000,0.00000000,0.00000000,0.00000000,0.00000000,0.00000000,0.00000000,0.00000000,0.00000000,0.00000000,0.00000000,0.00000000,0.00000000,1.27270441,1.12659558,1.59505391,1.94151851,0.00000000,0.00000000,4.34234969,0.00000000,0.00000000,0.00000000,0.00000000,0.00000000,0.00000000,0.00000000
0.00000000,1.61292121,0.00000000,1.66907087,0.00000000,2.29965913,0.00000000,0.00000000,0.00000000,2.06996281,0.00000000,1.22652985,0.00000000,1.23927215,2.34989235,2.64452359,0.00000000,0.00000000,0.97093373,1.31810979,0.00000000,1.93055286,0.00000000,2.32006003,0.00000000,2.20303261,0.00000000,1.57495522,0.00000000,1.74149986,0.00000000,2.34245103,0.00000000,1.67544369,0.00000000,0.00000000,0.00000000,1.19301626,0.00000000,2.33673354,0.00000000,0.00000000,0.00000000,1.40702404,0.00000000,3.38936577,0.00000000,0.00000000,0.00000000,0.00000000,0.00000000,1.27234591,0.00000000,0.00000000,0.00000000,0.00000000,0.00000000,0.00000000,0.00000000,0.00000000,0.00000000,1.37709387,0.00000000,1.56238509,0.00000000,3.11353081,0.00000000,0.00000000,0.00000000,0.00000000,0.00000000,0.00000000,0.00000000,0.00000000,0.00000000,0.00000000,0.00000000,0.00000000,0.00000000,0.00000000,0.00000000,1.49143191,0.00000000,0.00000000,0.00000000,0.00000000,0.00000000,0.00000000,0.00000000,0.00000000,0.00000000,0.00000000,0.00000000,0.00000000,0.00000000,0.00000000,0.00000000,0.00000000,0.00000000,0.00000000,0.00000000,0.00000000,0.00000000,0.00000000,0.00000000,0.00000000,0.00000000,0.00000000,0.00000000,0.00000000,0.00000000,0.00000000,0.00000000,0.00000000,0.00000000,0.00000000,0.00000000,0.00000000,0.00000000,0.00000000,0.00000000,0.00000000,0.00000000,1.98262972,0.00000000,0.00000000,0.00000000,0.00000000,0.00000000,0.00000000,0.00000000,0.00000000,0.00000000,0.00000000,0.00000000,0.00000000,0.00000000,0.00000000,0.00000000,1.53933429,0.00000000,1.48169886,0.00000000,1.40184133,0.00000000,1.50094372,0.00000000,0.00000000,0.00000000,0.00000000,0.00000000,0.00000000,0.00000000,0.00000000,0.00000000,0.00000000,0.00000000,2.39203693,0.00000000,0.00000000,0.00000000,0.00000000,0.00000000,0.00000000,0.00000000,1.37695593,0.00000000,1.33699522,0.00000000,4.26960211,0.00000000,0.00000000,0.00000000,1.70286650,0.00000000,0.00000000,0.00000000,3.43424290,0.00000000,1.46793764,0.00000000,0.00000000,0.00000000,0.00000000,0.00000000,0.00000000,0.00000000,1.22157879,0.00000000,0.00000000,0.00000000,0.00000000,0.00000000,0.00000000,0.00000000,0.00000000,0.00000000,0.00000000,0.00000000,0.00000000,0.00000000,0.00000000,0.00000000,0.00000000,0.00000000,0.00000000,0.00000000,0.00000000,0.00000000,0.00000000,0.00000000,0.00000000,0.00000000,0.00000000,1.72499952,0.00000000,0.00000000,0.00000000,2.44029914,1.89491122,1.61507898,2.52329999,0.00000000,0.00000000,0.00000000
1.97688206,0.00000000,1.41872388,0.00000000,1.21981454,1.78254636,0.00000000,0.00000000,0.00000000,0.00000000,1.52823940,0.00000000,0.00000000,0.00000000,1.17083705,1.99603099,2.37652902,0.00000000,1.45549460,0.00000000,1.43713320,0.00000000,2.29449796,0.00000000,0.00000000,0.00000000,1.05473770,0.00000000,2.08066488,0.00000000,1.91083304,0.00000000,1.49069487,0.00000000,1.42876752,0.00000000,0.00000000,0.00000000,2.37661561,3.27849708,0.00000000,0.00000000,1.08718618,0.00000000,2.11918485,0.00000000,0.00000000,0.00000000,2.91923195,0.00000000,2.30748023,0.00000000,0.00000000,0.00000000,0.00000000,0.00000000,0.00000000,0.00000000,0.00000000,0.00000000,3.89000351,0.00000000,1.72440287,0.00000000,0.00000000,0.00000000,0.00000000,0.00000000,0.00000000,0.00000000,1.35567822,0.00000000,0.00000000,0.00000000,1.11705836,0.00000000,0.00000000,0.00000000,0.00000000,0.00000000,1.01685294,0.00000000,0.00000000,0.00000000,0.00000000,0.00000000,1.32456414,0.00000000,0.00000000,0.00000000,0.00000000,0.00000000,0.00000000,0.00000000,0.00000000,0.00000000,0.00000000,0.00000000,0.82792815,0.00000000,0.00000000,0.00000000,0.00000000,0.00000000,0.00000000,0.00000000,0.00000000,0.00000000,0.00000000,0.00000000,0.00000000,0.00000000,0.00000000,0.00000000,0.00000000,0.00000000,0.00000000,0.00000000,0.00000000,0.00000000,1.48242880,0.00000000,0.00000000,0.00000000,0.00000000,0.00000000,0.00000000,0.00000000,2.14487729,0.00000000,0.00000000,0.00000000,0.00000000,0.00000000,0.00000000,0.00000000,0.00000000,0.00000000,1.54023564,0.00000000,1.31491448,0.00000000,0.00000000,0.00000000,1.01900255,0.00000000,0.00000000,0.00000000,0.00000000,0.00000000,0.00000000,0.00000000,3.00289000,0.00000000,1.94663328,0.00000000,1.71588287,0.00000000,0.00000000,0.00000000,0.00000000,0.00000000,1.60563242,0.00000000,3.97378271,0.00000000,1.48581006,0.00000000,1.80702478,0.00000000,3.30196681,0.00000000,1.65125608,0.00000000,0.00000000,0.00000000,2.31639185,0.00000000,1.42136534,0.00000000,0.00000000,0.00000000,1.84776279,0.00000000,0.00000000,0.00000000,4.19812355,0.00000000,0.00000000,0.00000000,0.00000000,0.00000000,0.00000000,0.00000000,0.00000000,0.00000000,0.00000000,0.00000000,0.00000000,0.00000000,0.00000000,0.00000000,0.00000000,0.00000000,0.00000000,0.00000000,0.00000000,0.00000000,0.00000000,0.00000000,2.82891697,3.00786994,1.23787681,2.13127986,2.63392990,0.00000000,0.00000000,0.00000000,0.00000000,0.00000000,0.00000000,0.00000000,0.00000000,0.00000000,0.00000000
3.16133170,1.52641457,1.78934348,1.33452193,1.32165244,3.59135509,0.00000000,1.86978648,0.00000000,0.00000000,0.00000000,0.99755693,1.26185277,0.00000000,1.76914436,3.91073584,0.00000000,2.28785110,0.97687710,1.68925979,0.00000000,2.12578142,3.24884433,6.05521729,0.00000000,2.89572189,0.00000000,2.95405244,0.00000000,3.12214416,0.00000000,2.35544319,0.00000000,1.54760163,0.00000000,1.19301626,0.00000000,0.00000000,0.00000000,2.83856687,0.00000000,0.00000000,0.83657235,1.84486389,0.00000000,2.00087066,0.00000000,0.00000000,0.00000000,4.46417285,0.00000000,1.11612611,0.00000000,0.00000000,0.00000000,2.11985265,0.00000000,1.73378501,0.00000000,0.00000000,0.00000000,1.72104075,0.00000000,3.65265719,0.00000000,0.00000000,0.00000000,0.00000000,0.00000000,0.00000000,0.00000000,0.00000000,0.00000000,0.00000000,0.00000000,0.00000000,0.00000000,0.00000000,0.00000000,0.00000000,0.00000000,0.00000000,0.00000000,0.00000000,0.00000000,2.07994820,0.00000000,1.67658885,0.00000000,0.00000000,0.00000000,0.00000000,0.00000000,0.00000000,0.00000000,0.00000000,0.00000000,0.00000000,0.00000000,0.00000000,0.00000000,0.75028182,0.00000000,0.00000000,0.00000000,0.00000000,0.00000000,0.00000000,0.00000000,0.00000000,0.00000000,0.00000000,0.00000000,0.00000000,0.00000000,0.00000000,0.00000000,0.00000000,0.00000000,0.00000000,0.00000000,1.42990625,0.00000000,0.00000000,0.00000000,0.00000000,0.00000000,0.00000000,0.00000000,0.00000000,0.00000000,0.00000000,0.00000000,0.00000000,0.00000000,0.00000000,0.00000000,0.00000000,0.00000000,1.77422345,0.00000000,1.29697457,0.00000000,1.58962549,0.00000000,1.21144095,0.00000000,0.00000000,0.00000000,0.00000000,0.00000000,0.00000000,0.00000000,0.00000000,0.00000000,0.00000000,0.00000000,1.84794147,0.00000000,0.00000000,0.00000000,0.00000000,0.00000000,0.00000000,0.00000000,3.60363020,0.00000000,1.24697804,0.00000000,7.72703002,0.00000000,3.42387547,0.00000000,1.82825106,0.00000000,0.00000000,1.83032535,1.20458187,0.00000000,1.13029790,0.00000000,0.00000000,0.00000000,3.72370554,0.00000000,0.00000000,0.00000000,1.48177470,0.00000000,0.00000000,0.00000000,0.00000000,0.00000000,0.00000000,0.00000000,0.00000000,0.00000000,0.00000000,0.00000000,0.00000000,0.00000000,0.00000000,0.00000000,0.00000000,0.00000000,0.00000000,0.00000000,0.00000000,0.00000000,0.00000000,0.00000000,0.00000000,0.00000000,0.00000000,2.61488032,0.00000000,0.00000000,0.00000000,2.90306399,1.49837593,2.07573777,0.00000000,0.00000000,0.00000000,0.00000000
0.85719974,0.00000000,0.93970716,0.00000000,1.58778216,0.00000000,0.00000000,1.08348725,1.71813287,0.00000000,1.34298002,0.00000000,0.00000000,0.00000000,0.00000000,0.00000000,1.11046942,0.00000000,0.00000000,0.00000000,4.08376463,0.00000000,1.24925464,0.00000000,1.36041440,1.88659842,0.00000000,0.00000000,1.69985894,0.00000000,2.18299639,0.00000000,3.23365764,0.00000000,3.67676674,0.00000000,2.37661561,0.00000000,0.00000000,0.00000000,0.00000000,0.00000000,0.00000000,0.00000000,0.00000000,0.00000000,0.00000000,0.00000000,0.00000000,0.00000000,0.00000000,0.00000000,0.00000000,0.00000000,0.00000000,0.00000000,0.00000000,0.00000000,0.00000000,0.00000000,2.32266672,0.00000000,1.39965503,0.00000000,0.00000000,0.00000000,0.00000000,0.00000000,0.00000000,0.00000000,2.71589146,0.00000000,0.00000000,0.00000000,0.00000000,0.00000000,0.00000000,0.00000000,0.00000000,0.00000000,3.05728496,0.00000000,0.00000000,0.00000000,0.00000000,0.00000000,0.00000000,0.00000000,0.00000000,0.00000000,0.00000000,0.00000000,0.00000000,0.00000000,0.00000000,0.00000000,0.00000000,0.00000000,0.00000000,0.00000000,0.00000000,0.00000000,0.00000000,0.00000000,0.00000000,0.00000000,0.00000000,0.00000000,0.00000000,0.00000000,0.00000000,0.00000000,0.00000000,0.00000000,0.00000000,0.00000000,0.00000000,0.00000000,0.00000000,0.00000000,0.00000000,0.00000000,0.00000000,0.00000000,0.00000000,0.00000000,0.00000000,0.00000000,0.00000000,0.00000000,0.00000000,0.00000000,0.00000000,0.00000000,0.00000000,0.00000000,0.00000000,0.00000000,2.13833365,0.00000000,1.53663061,0.00000000,0.00000000,0.00000000,1.69634159,0.00000000,0.00000000,0.00000000,0.00000000,0.00000000,0.00000000,0.00000000,0.00000000,0.00000000,4.05028513,0.00000000,2.09630271,0.00000000,2.35935733,0.00000000,0.00000000,0.00000000,0.00000000,0.00000000,0.00000000,0.00000000,2.04144286,0.00000000,0.00000000,0.00000000,3.20708396,0.00000000,2.24886769,1.73456306,0.00000000,0.00000000,1.98915066,0.00000000,0.00000000,0.00000000,0.00000000,0.00000000,1.34713673,0.00000000,0.00000000,0.00000000,0.00000000,0.00000000,0.00000000,0.00000000,0.00000000,0.00000000,0.00000000,0.00000000,0.00000000,0.00000000,0.00000000,0.00000000,0.00000000,0.00000000,0.00000000,0.00000000,0.00000000,0.00000000,0.00000000,0.00000000,0.00000000,0.00000000,0.00000000,0.00000000,2.36722840,1.95519122,2.79937252,1.23356835,2.10074473,0.00000000,1.75854140,0.00000000,0.00000000,0.00000000,0.00000000,0.00000000,0.00000000,0.00000000,0.00000000
0.00000000,1.05725459,0.00000000,1.17695194,0.00000000,0.00000000,0.00000000,1.58523413,0.00000000,3.20620319,0.00000000,0.76504836,0.00000000,0.00000000,0.00000000,2.20708836,3.52112617,1.59932870,0.00000000,0.00000000,0.00000000,2.20574272,1.13066076,1.72101664,0.00000000,1.85367888,0.00000000,0.00000000,0.00000000,2.27777485,0.00000000,3.05986686,0.00000000,2.23684776,0.00000000,2.33673354,3.27849708,2.83856687,0.00000000,0.00000000,0.00000000,0.00000000,0.00000000,1.63405368,0.00000000,0.00000000,0.00000000,0.00000000,0.00000000,0.00000000,0.00000000,2.42330651,0.00000000,3.14495279,0.00000000,2.28611730,0.00000000,3.89186760,0.00000000,0.00000000,0.00000000,1.98194894,0.00000000,1.67439396,0.00000000,0.00000000,0.00000000,0.00000000,0.00000000,0.00000000,0.00000000,0.00000000,0.00000000,0.00000000,0.00000000,0.00000000,0.00000000,0.00000000,0.00000000,0.00000000,0.00000000,0.00000000,0.00000000,0.00000000,0.00000000,0.00000000,0.00000000,0.00000000,0.00000000,0.00000000,0.00000000,0.00000000,0.00000000,0.00000000,0.00000000,0.00000000,0.00000000,0.00000000,0.00000000,0.00000000,0.00000000,0.00000000,0.00000000,0.00000000,0.00000000,0.00000000,0.00000000,0.00000000,0.00000000,0.00000000,0.00000000,0.00000000,0.00000000,0.00000000,0.00000000,0.00000000,0.00000000,0.00000000,0.00000000,0.00000000,0.00000000,0.00000000,0.00000000,0.00000000,0.00000000,0.00000000,0.00000000,0.00000000,0.00000000,0.00000000,0.00000000,0.00000000,0.00000000,0.00000000,0.00000000,0.00000000,0.00000000,0.00000000,0.00000000,2.34872054,0.00000000,1.38316457,0.00000000,1.43329768,0.00000000,1.53372672,0.00000000,0.00000000,0.00000000,0.00000000,0.00000000,0.00000000,0.00000000,0.00000000,0.00000000,2.25969391,0.00000000,2.11823630,0.00000000,2.11867811,0.00000000,0.00000000,0.00000000,0.00000000,0.00000000,0.00000000,0.00000000,1.93324164,0.00000000,0.00000000,0.00000000,0.00000000,0.00000000,1.98367169,0.00000000,0.00000000,2.51872494,1.44281438,0.00000000,0.88691604,0.00000000,0.00000000,0.00000000,0.00000000,0.00000000,0.00000000,0.00000000,0.00000000,0.00000000,0.00000000,0.00000000,0.00000000,0.00000000,0.00000000,0.00000000,0.00000000,0.00000000,0.00000000,0.00000000,0.00000000,0.00000000,0.00000000,0.00000000,0.00000000,0.00000000,0.00000000,0.00000000,0.00000000,0.00000000,0.00000000,0.00000000,0.00000000,2.76852804,0.00000000,0.00000000,0.00000000,0.00000000,0.00000000,0.00000000,1.13850493,3.96847837,0.00000000,0.00000000,0.00000000,0.00000000
2.01126664,0.00000000,2.12002104,0.00000000,1.43654525,0.00000000,0.00000000,0.00000000,0.00000000,0.00000000,1.60429170,0.00000000,1.37911483,0.97265871,2.71549964,0.00000000,0.00000000,0.00000000,0.00000000,1.16037735,0.00000000,0.00000000,0.00000000,0.00000000,0.00000000,0.00000000,3.72437782,0.97360100,0.00000000,0.00000000,0.00000000,0.00000000,0.00000000,0.00000000,0.00000000,0.00000000,0.00000000,0.00000000,0.00000000,0.00000000,0.00000000,0.87690578,1.98846869,1.06071763,1.28054814,1.52614547,1.08137373,0.97501832,1.26861531,2.48594571,0.00000000,0.00000000,0.00000000,0.00000000,0.00000000,0.00000000,0.00000000,0.00000000,0.00000000,0.00000000,0.00000000,0.00000000,0.00000000,0.00000000,0.00000000,0.00000000,0.00000000,0.00000000,0.00000000,0.00000000,0.00000000,0.00000000,0.00000000,0.00000000,0.00000000,0.00000000,3.11285630,0.00000000,0.00000000,0.00000000,0.00000000,0.00000000,0.00000000,0.00000000,0.00000000,0.00000000,0.00000000,0.00000000,0.00000000,0.00000000,0.00000000,0.00000000,0.00000000,0.00000000,0.00000000,0.00000000,0.00000000,0.00000000,0.00000000,0.00000000,0.00000000,0.00000000,0.00000000,0.00000000,0.00000000,0.00000000,0.00000000,0.00000000,0.00000000,0.00000000,0.00000000,0.00000000,0.00000000,0.00000000,0.00000000,0.00000000,0.00000000,0.00000000,0.00000000,0.00000000,0.00000000,0.00000000,0.00000000,0.00000000,0.00000000,0.00000000,0.00000000,0.00000000,0.00000000,0.00000000,0.00000000,0.00000000,0.00000000,0.00000000,0.00000000,0.00000000,0.00000000,0.00000000,0.00000000,0.00000000,0.00000000,0.00000000,0.00000000,0.00000000,0.00000000,0.00000000,0.00000000,0.00000000,0.00000000,0.00000000,1.87118252,0.00000000,0.00000000,0.00000000,0.00000000,0.00000000,0.00000000,0.00000000,0.00000000,0.00000000,0.00000000,0.00000000,0.00000000,0.00000000,0.00000000,0.00000000,0.00000000,0.00000000,0.00000000,0.00000000,0.00000000,0.00000000,0.00000000,0.00000000,0.00000000,0.00000000,3.26976243,1.53775598,1.63894005,0.00000000,0.00000000,0.00000000,2.85102943,0.00000000,2.66635696,0.00000000,1.53589029,0.83751536,0.00000000,0.00000000,0.00000000,0.00000000,0.00000000,0.00000000,0.00000000,0.00000000,0.00000000,0.00000000,0.00000000,0.00000000,0.00000000,0.00000000,0.00000000,0.00000000,0.00000000,0.00000000,0.00000000,0.00000000,0.00000000,0.00000000,0.00000000,1.52956598,2.35026062,0.00000000,0.00000000,0.00000000,0.00000000,1.66867256,0.00000000,2.59065105,0.00000000,0.00000000,0.00000000,0.00000000,0.00000000
0.00000000,2.10942157,0.00000000,0.00000000,0.00000000,2.98578006,0.00000000,0.00000000,0.00000000,2.59508448,0.00000000,1.00924378,2.26018802,0.95487198,0.00000000,0.00000000,0.00000000,0.00000000,0.00000000,3.09830380,0.00000000,0.00000000,0.00000000,0.00000000,0.00000000,0.00000000,1.27619921,1.72091729,0.00000000,0.00000000,0.00000000,0.00000000,0.00000000,0.00000000,0.00000000,0.00000000,0.00000000,0.00000000,0.00000000,0.00000000,0.87690578,0.00000000,1.66239804,1.34915755,1.26996757,1.32238683,0.74948133,1.04213225,0.93641737,0.98280301,0.00000000,2.61084432,0.00000000,0.00000000,0.00000000,0.00000000,0.00000000,0.00000000,0.00000000,0.00000000,0.00000000,0.00000000,0.00000000,0.00000000,0.00000000,0.00000000,0.00000000,0.00000000,0.00000000,0.00000000,0.00000000,0.00000000,0.00000000,0.00000000,0.00000000,0.00000000,0.00000000,0.00000000,0.00000000,0.00000000,0.00000000,0.00000000,0.00000000,0.00000000,0.00000000,0.00000000,0.00000000,0.00000000,0.00000000,0.00000000,0.00000000,0.00000000,0.00000000,0.00000000,0.00000000,0.00000000,0.00000000,0.00000000,0.00000000,0.00000000,0.00000000,0.00000000,0.00000000,0.00000000,0.00000000,0.00000000,0.00000000,0.00000000,0.00000000,0.00000000,0.00000000,0.00000000,0.00000000,0.00000000,0.00000000,0.00000000,0.00000000,0.00000000,0.00000000,0.00000000,0.00000000,0.00000000,0.00000000,0.00000000,0.00000000,0.00000000,0.00000000,0.00000000,0.00000000,0.00000000,0.00000000,0.00000000,0.00000000,0.00000000,0.00000000,0.00000000,0.00000000,0.00000000,0.00000000,0.00000000,0.00000000,0.00000000,0.00000000,0.00000000,0.00000000,0.00000000,0.00000000,0.00000000,0.00000000,0.00000000,0.00000000,0.00000000,0.00000000,0.00000000,0.00000000,0.00000000,0.00000000,0.00000000,0.00000000,0.00000000,0.00000000,0.00000000,0.00000000,0.00000000,0.00000000,0.00000000,0.00000000,0.00000000,0.00000000,0.00000000,0.00000000,0.00000000,0.00000000,0.00000000,0.00000000,1.28794537,0.00000000,0.90553821,0.00000000,1.87615219,0.00000000,0.00000000,0.00000000,0.00000000,0.00000000,1.35653036,0.90564270,2.68545596,0.00000000,0.00000000,0.00000000,0.00000000,0.00000000,0.00000000,0.00000000,0.00000000,0.00000000,7.11310259,0.00000000,0.00000000,0.00000000,0.00000000,0.00000000,0.00000000,0.00000000,0.00000000,0.00000000,0.00000000,0.00000000,0.00000000,0.00000000,0.00000000,0.00000000,0.00000000,0.00000000,0.00000000,0.00000000,0.00000000,0.00000000,1.23599858,2.31542826,0.00000000,0.00000000,0.00000000,1.83526282
0.00000000,0.00000000,0.00000000,0.00000000,1.24216131,0.00000000,0.00000000,0.00000000,0.00000000,0.00000000,2.68975041,0.00000000,1.29090058,0.97695776,3.04444643,0.00000000,0.00000000,0.00000000,1.10085268,0.84888925,1.67497513,0.88944172,0.00000000,0.00000000,0.00000000,0.00000000,0.74179316,1.43211461,1.23138672,0.00000000,1.78637993,0.00000000,2.23463112,0.00000000,1.93927091,0.00000000,1.08718618,0.83657235,0.00000000,0.00000000,1.98846869,1.66239804,0.00000000,1.31439213,1.04700992,0.00000000,1.68595919,0.00000000,1.86158762,0.00000000,1.11814544,0.00000000,0.00000000,0.00000000,0.00000000,0.00000000,0.00000000,0.00000000,0.00000000,0.00000000,0.00000000,0.00000000,2.00428191,0.00000000,0.00000000,0.00000000,0.00000000,0.00000000,0.00000000,0.00000000,1.26019948,0.00000000,0.00000000,0.00000000,0.99191297,0.00000000,0.00000000,0.00000000,0.00000000,0.00000000,0.00000000,0.00000000,0.00000000,0.00000000,0.00000000,0.00000000,1.10245839,0.00000000,0.00000000,0.00000000,0.00000000,0.00000000,0.00000000,0.00000000,0.00000000,0.00000000,0.00000000,0.00000000,1.12785278,0.00000000,0.85902005,0.00000000,0.00000000,0.00000000,0.00000000,0.00000000,0.00000000,0.00000000,0.00000000,0.00000000,0.00000000,0.00000000,0.00000000,0.00000000,0.00000000,0.00000000,0.00000000,0.00000000,0.00000000,0.00000000,0.00000000,0.00000000,0.00000000,0.00000000,0.00000000,0.00000000,0.00000000,0.00000000,0.00000000,0.00000000,0.00000000,0.00000000,0.00000000,0.00000000,0.00000000,0.00000000,0.00000000,0.00000000,0.00000000,0.00000000,0.00000000,0.00000000,0.00000000,0.00000000,1.00387419,0.00000000,0.00000000,0.00000000,0.00000000,0.00000000,0.00000000,0.00000000,0.00000000,0.00000000,0.00000000,0.00000000,0.00000000,0.00000000,2.37506585,0.00000000,0.00000000,0.00000000,0.00000000,0.00000000,1.01840456,0.00000000,1.19757193,0.00000000,1.23955374,0.00000000,1.46524874,0.00000000,1.76933379,0.00000000,0.00000000,0.00000000,2.13876010,0.00000000,1.93684432,0.00000000,2.69733094,0.00000000,0.00000000,0.00000000,0.00000000,0.00000000,2.61568474,0.00000000,0.00000000,0.00000000,0.00000000,0.00000000,0.00000000,0.00000000,0.00000000,0.00000000,0.00000000,0.00000000,0.00000000,0.00000000,0.00000000,0.00000000,0.00000000,0.00000000,0.00000000,0.00000000,0.00000000,0.00000000,0.00000000,0.00000000,1.55197186,4.95019821,1.78862386,1.80505552,1.88395480,0.00000000,0.00000000,3.13265761,0.00000000,0.00000000,0.00000000,0.00000000,0.00000000,0.00000000,0.00000000
0.00000000,0.00000000,0.00000000,0.00000000,0.00000000,0.00000000,0.00000000,0.38108070,0.00000000,0.00000000,0.00000000,0.00000000,1.30625034,1.32565206,0.00000000,0.00000000,0.00000000,1.50139358,0.00000000,1.52164246,0.00000000,1.63390543,0.00000000,2.28884974,0.00000000,0.00000000,1.01633608,1.16168920,0.00000000,1.52927935,0.00000000,1.46182861,0.00000000,1.89303172,0.00000000,1.40702404,0.00000000,1.84486389,0.00000000,1.63405368,1.06071763,1.34915755,1.31439213,0.00000000,0.00000000,0.98214227,0.00000000,1.87098772,0.00000000,1.78806910,1.72057493,1.77354452,0.00000000,0.00000000,0.00000000,0.00000000,0.00000000,0.00000000,0.00000000,0.00000000,0.00000000,0.00000000,0.00000000,0.00000000,0.00000000,0.00000000,0.00000000,0.00000000,0.00000000,0.00000000,0.00000000,0.00000000,0.00000000,0.00000000,0.00000000,0.00000000,0.00000000,0.00000000,0.00000000,0.00000000,0.00000000,1.11130663,0.00000000,0.00000000,0.00000000,0.00000000,0.00000000,0.00000000,0.00000000,0.00000000,0.00000000,0.00000000,0.00000000,1.89716764,0.00000000,0.00000000,0.00000000,0.00000000,0.00000000,0.00000000,0.00000000,0.00000000,0.00000000,0.00000000,0.00000000,0.00000000,0.00000000,0.00000000,0.00000000,0.00000000,0.00000000,0.00000000,0.00000000,0.00000000,0.00000000,0.00000000,0.00000000,0.00000000,0.00000000,0.00000000,0.00000000,0.00000000,0.00000000,0.00000000,0.00000000,0.00000000,0.00000000,0.00000000,0.00000000,0.00000000,0.00000000,0.00000000,0.00000000,0.00000000,0.00000000,0.00000000,0.00000000,0.00000000,0.00000000,1.22970654,0.00000000,0.99705633,0.00000000,0.00000000,0.00000000,0.93785920,0.00000000,0.00000000,0.00000000,0.00000000,0.00000000,0.00000000,0.00000000,0.00000000,0.00000000,0.00000000,0.00000000,0.00000000,0.00000000,0.00000000,0.00000000,0.00000000,0.00000000,2.44114215,0.00000000,1.16771067,0.00000000,1.32170807,0.00000000,4.39436248,0.00000000,2.06117176,0.00000000,2.19609986,0.00000000,0.00000000,0.00000000,1.64090302,0.00000000,3.97575165,0.00000000,0.00000000,0.00000000,0.00000000,0.00000000,0.00000000,0.00000000,0.96076338,0.00000000,0.00000000,0.00000000,0.00000000,0.00000000,0.00000000,0.00000000,0.00000000,0.00000000,0.00000000,0.00000000,0.00000000,0.00000000,0.00000000,0.00000000,0.00000000,0.00000000,0.00000000,0.00000000,0.00000000,0.00000000,0.00000000,0.00000000,0.00000000,0.00000000,0.00000000,2.03046627,0.00000000,0.00000000,0.00000000,2.09116847,1.71095011,1.15194799,2.42692517,0.00000000,0.00000000,0.00000000
4.30229097,0.00000000,0.00000000,0.00000000,3.09478484,0.00000000,0.00000000,0.00000000,0.00000000,0.00000000,4.08417413,0.00000000,1.61430459,1.02205054,4.15703158,0.00000000,3.83893612,0.00000000,2.47872143,1.27755848,0.00000000,0.00000000,0.00000000,0.00000000,0.00000000,0.00000000,0.77107796,1.41339070,2.44638581,0.00000000,3.62967814,0.00000000,4.37451594,0.00000000,4.88487495,0.00000000,2.11918485,0.00000000,0.00000000,0.00000000,1.28054814,1.26996757,1.04700992,0.00000000,0.00000000,1.76034286,0.86067557,1.09280589,0.84875671,2.37863968,1.43725523,1.69293264,0.00000000,0.00000000,0.00000000,0.00000000,0.00000000,0.00000000,0.00000000,0.00000000,0.00000000,0.00000000,7.47565647,0.00000000,0.00000000,0.00000000,0.00000000,0.00000000,0.00000000,0.00000000,0.00000000,0.00000000,0.00000000,0.00000000,2.58056988,0.00000000,0.00000000,0.00000000,1.61213886,0.00000000,0.00000000,0.00000000,0.00000000,0.00000000,0.00000000,0.00000000,0.00000000,0.00000000,0.00000000,0.00000000,0.00000000,0.00000000,0.00000000,0.00000000,0.00000000,0.00000000,0.00000000,0.00000000,0.00000000,0.00000000,0.00000000,0.00000000,0.00000000,0.00000000,0.00000000,0.00000000,0.00000000,0.00000000,0.00000000,0.00000000,0.00000000,0.00000000,0.00000000,0.00000000,0.00000000,0.00000000,0.00000000,0.00000000,0.00000000,0.00000000,2.90165804,0.00000000,0.00000000,0.00000000,3.68294355,0.00000000,0.00000000,0.00000000,0.00000000,0.00000000,0.00000000,0.00000000,0.00000000,0.00000000,0.00000000,0.00000000,0.00000000,0.00000000,0.00000000,0.00000000,0.00000000,0.00000000,0.00000000,0.00000000,0.00000000,0.00000000,0.00000000,0.00000000,0.00000000,0.00000000,0.00000000,0.00000000,0.00000000,0.00000000,7.24115643,0.00000000,0.00000000,0.00000000,0.00000000,0.00000000,0.00000000,0.00000000,3.12905083,0.00000000,0.92525074,0.00000000,2.26018420,0.00000000,5.99066830,0.00000000,0.00000000,0.00000000,4.35937764,0.00000000,0.00000000,0.00000000,3.41096620,3.56784648,1.81263684,0.00000000,0.00000000,0.00000000,0.00000000,0.00000000,3.06265641,0.00000000,1.78913474,0.00000000,0.00000000,0.00000000,0.00000000,0.00000000,0.85977652,0.00000000,0.00000000,0.00000000,0.00000000,0.00000000,0.00000000,0.00000000,0.00000000,0.00000000,0.00000000,0.00000000,0.00000000,0.00000000,0.00000000,0.00000000,0.00000000,0.00000000,0.00000000,5.00597716,4.47415844,3.42965360,0.00000000,0.00000000,0.00000000,0.95398167,0.00000000,0.00000000,0.00000000,0.00000000,0.00000000,0.00000000,3.26951522
0.00000000,4.28497907,0.00000000,0.00000000,0.00000000,2.97176092,0.00000000,0.00000000,0.00000000,0.00000000,0.00000000,1.62035968,0.00000000,1.26298028,0.00000000,7.16906223,0.00000000,0.00000000,0.00000000,2.64605041,0.00000000,1.78881602,0.00000000,0.00000000,0.00000000,0.00000000,1.85170032,1.18310396,0.00000000,1.71832015,0.00000000,2.40014016,0.00000000,2.17342088,0.00000000,3.38936577,0.00000000,2.00087066,0.00000000,0.00000000,1.52614547,1.32238683,0.00000000,0.98214227,1.76034286,0.00000000,1.41243164,1.25314866,1.12582167,0.78866137,3.50216706,1.07968895,0.00000000,0.00000000,0.00000000,0.00000000,0.00000000,2.11672688,0.00000000,0.00000000,0.00000000,2.53113569,0.00000000,1.39120732,0.00000000,0.00000000,0.00000000,0.00000000,0.00000000,0.00000000,0.00000000,2.65450705,0.00000000,0.00000000,0.00000000,0.00000000,0.00000000,8.65769674,0.00000000,0.00000000,0.00000000,0.00000000,0.00000000,1.49119308,0.00000000,1.41216931,0.00000000,1.60047925,0.00000000,0.80890185,0.00000000,0.00000000,0.00000000,1.96376839,0.00000000,1.14647456,0.00000000,0.00000000,0.00000000,0.00000000,0.00000000,0.00000000,0.00000000,0.00000000,0.00000000,0.00000000,0.00000000,0.00000000,0.00000000,0.00000000,0.00000000,0.00000000,0.00000000,0.00000000,0.00000000,0.00000000,0.00000000,0.00000000,0.00000000,0.00000000,0.00000000,0.00000000,0.00000000,0.00000000,0.00000000,0.00000000,0.00000000,0.00000000,0.00000000,0.00000000,0.00000000,0.00000000,0.00000000,0.00000000,0.00000000,0.00000000,0.00000000,0.00000000,0.00000000,0.00000000,0.00000000,1.47772726,0.00000000,1.17052152,0.00000000,1.42501819,0.00000000,0.00000000,0.00000000,0.00000000,0.00000000,0.00000000,0.00000000,0.00000000,0.00000000,1.20392145,0.00000000,0.00000000,0.00000000,0.00000000,0.00000000,0.00000000,0.00000000,0.00000000,0.00000000,0.91015364,0.00000000,2.29219285,0.00000000,4.47918414,0.00000000,0.00000000,0.00000000,2.35591242,0.00000000,2.77944230,1.22018155,4.06640486,0.00000000,2.06357871,0.00000000,0.00000000,0.00000000,0.00000000,0.00000000,0.00000000,2.00574078,1.02312204,0.00000000,0.78985199,0.00000000,0.00000000,0.00000000,0.00000000,0.00000000,0.00000000,0.00000000,12.58654719,0.00000000,0.00000000,0.00000000,0.00000000,0.00000000,0.00000000,0.00000000,0.00000000,0.00000000,0.00000000,0.00000000,0.00000000,0.00000000,0.00000000,0.00000000,0.00000000,2.78517763,0.00000000,0.00000000,0.00000000,2.40418042,2.01255411,1.36928198,0.00000000,0.00000000,0.00000000,1.21465177
1.87850095,0.00000000,2.21307859,0.00000000,1.54659100,0.00000000,0.00000000,0.00000000,2.12016129,0.00000000,1.59089773,0.00000000,1.28157385,1.02175250,0.00000000,0.00000000,0.00000000,0.00000000,2.62517215,0.00000000,0.00000000,0.00000000,0.00000000,0.00000000,0.00000000,0.00000000,1.35679094,1.21904705,0.00000000,0.00000000,0.00000000,0.00000000,0.00000000,0.00000000,1.96413448,0.00000000,0.00000000,0.00000000,0.00000000,0.00000000,1.08137373,0.74948133,1.68595919,0.00000000,0.86067557,1.41243164,0.00000000,0.76584434,0.84157667,2.06870558,2.77663822,1.02533425,0.00000000,0.00000000,0.00000000,0.00000000,0.00000000,0.00000000,0.00000000,0.00000000,0.00000000,0.00000000,0.00000000,0.00000000,0.00000000,0.00000000,0.00000000,0.00000000,0.00000000,0.00000000,0.00000000,0.00000000,0.00000000,0.00000000,0.00000000,0.00000000,0.00000000,0.00000000,0.00000000,0.00000000,0.00000000,0.00000000,0.00000000,0.00000000,0.00000000,0.00000000,0.00000000,0.00000000,0.00000000,0.00000000,0.00000000,0.00000000,0.00000000,0.00000000,0.00000000,0.00000000,0.00000000,0.00000000,0.00000000,0.00000000,0.00000000,0.00000000,0.00000000,0.00000000,0.00000000,0.00000000,0.00000000,0.00000000,0.00000000,0.00000000,0.00000000,0.00000000,0.00000000,0.00000000,0.00000000,0.00000000,0.00000000,0.00000000,0.00000000,0.00000000,0.00000000,0.00000000,0.00000000,0.00000000,0.00000000,0.00000000,0.00000000,0.00000000,0.00000000,0.00000000,0.00000000,0.00000000,0.00000000,0.00000000,0.00000000,0.00000000,0.00000000,0.00000000,0.00000000,0.00000000,0.00000000,0.00000000,0.00000000,0.00000000,0.00000000,0.00000000,0.00000000,0.00000000,0.00000000,0.00000000,0.00000000,0.00000000,0.00000000,0.00000000,0.00000000,0.00000000,0.00000000,0.00000000,0.00000000,0.00000000,0.00000000,0.00000000,0.00000000,0.00000000,0.00000000,0.00000000,0.00000000,0.00000000,0.00000000,0.00000000,5.77649773,0.00000000,0.00000000,0.00000000,0.00000000,0.00000000,4.08266210,2.49950624,2.26368530,0.00000000,0.00000000,0.00000000,2.53514929,0.00000000,2.33925012,0.00000000,1.48140340,0.94751891,0.00000000,0.00000000,0.00000000,0.00000000,0.00000000,0.00000000,0.00000000,0.00000000,0.00000000,0.00000000,0.00000000,0.00000000,0.00000000,0.00000000,0.00000000,0.00000000,0.00000000,0.00000000,0.00000000,0.00000000,0.00000000,0.00000000,0.00000000,1.52976785,2.06244146,0.00000000,0.00000000,10.41434481,0.00000000,0.86465240,0.00000000,2.67724457,0.00000000,0.00000000,0.00000000,0.00000000,0.00000000
0.00000000,1.64098779,0.00000000,0.00000000,0.00000000,2.93392000,0.00000000,0.00000000,0.00000000,3.50935044,4.68323050,1.28095030,2.12629314,0.95844360,0.00000000,0.00000000,0.00000000,0.00000000,0.00000000,3.55375692,0.00000000,0.00000000,0.00000000,0.00000000,0.00000000,0.00000000,1.40713762,1.90016174,0.00000000,0.00000000,0.00000000,0.00000000,0.00000000,0.00000000,0.00000000,0.00000000,0.00000000,0.00000000,0.00000000,0.00000000,0.97501832,1.04213225,0.00000000,1.87098772,1.09280589,1.25314866,0.76584434,0.00000000,0.74979882,1.10786122,3.14129962,0.00000000,0.00000000,0.00000000,0.00000000,0.00000000,0.00000000,0.00000000,0.00000000,0.00000000,0.00000000,0.00000000,0.00000000,0.00000000,0.00000000,0.00000000,0.00000000,2.61437686,0.00000000,0.00000000,0.00000000,0.00000000,0.00000000,0.00000000,0.00000000,0.00000000,0.00000000,0.00000000,0.00000000,0.00000000,0.00000000,0.00000000,0.00000000,0.00000000,0.00000000,0.00000000,0.00000000,0.00000000,0.00000000,0.00000000,0.00000000,0.00000000,0.00000000,0.00000000,0.00000000,0.00000000,0.00000000,0.00000000,0.00000000,0.00000000,0.00000000,0.00000000,0.00000000,0.00000000,0.00000000,0.00000000,0.00000000,0.00000000,0.00000000,0.00000000,0.00000000,0.00000000,0.00000000,0.00000000,0.00000000,0.00000000,0.00000000,0.00000000,0.00000000,0.00000000,0.00000000,0.00000000,0.00000000,0.00000000,0.00000000,0.00000000,0.00000000,0.00000000,0.00000000,0.00000000,0.00000000,0.00000000,0.00000000,0.00000000,0.00000000,0.00000000,0.00000000,0.00000000,0.00000000,0.00000000,0.00000000,0.00000000,0.00000000,0.00000000,0.00000000,0.00000000,0.00000000,0.00000000,0.00000000,0.00000000,0.00000000,0.00000000,0.00000000,0.00000000,0.00000000,0.00000000,0.00000000,0.00000000,0.00000000,0.00000000,0.00000000,0.00000000,0.00000000,0.00000000,0.00000000,0.00000000,0.00000000,0.00000000,0.00000000,1.54194900,0.00000000,0.00000000,0.00000000,0.00000000,0.00000000,0.00000000,0.00000000,3.72112564,3.08920210,0.00000000,0.00000000,0.00000000,0.00000000,0.00000000,0.00000000,0.00000000,1.12395772,2.82790106,0.00000000,0.00000000,0.00000000,1.20151106,0.00000000,0.00000000,0.00000000,0.00000000,0.00000000,20.07885892,0.00000000,0.00000000,0.00000000,0.00000000,0.00000000,0.00000000,0.00000000,0.00000000,0.00000000,0.00000000,0.00000000,0.00000000,0.00000000,1.78700391,0.00000000,0.00000000,0.00000000,0.00000000,0.00000000,5.36154343,0.00000000,1.38181131,3.05495404,8.58309645,0.00000000,0.00000000,1.15023364
0.00000000,0.00000000,3.02145362,0.00000000,3.36697595,0.00000000,1.85273086,0.00000000,2.81917392,0.00000000,5.73632355,0.00000000,2.46123594,0.00000000,0.00000000,0.00000000,4.18348725,0.00000000,5.20892190,0.00000000,6.84902336,0.00000000,0.00000000,0.00000000,0.00000000,0.00000000,1.82740475,0.00000000,13.65481797,0.00000000,0.00000000,0.00000000,0.00000000,0.00000000,3.71000744,0.00000000,2.91923195,0.00000000,0.00000000,0.00000000,1.26861531,0.93641737,1.86158762,0.00000000,0.84875671,1.12582167,0.84157667,0.74979882,0.00000000,1.23774151,2.29982162,0.00000000,4.39542885,0.00000000,3.09251723,0.00000000,1.48427679,0.00000000,1.60219991,0.00000000,3.03660053,0.00000000,4.49278446,0.00000000,0.00000000,0.00000000,0.00000000,0.00000000,1.73527614,0.00000000,0.00000000,0.00000000,0.00000000,0.00000000,0.00000000,0.00000000,5.23752009,0.00000000,0.00000000,0.00000000,12.22912170,0.00000000,2.68472770,0.00000000,0.00000000,0.00000000,8.05763999,0.00000000,4.12123255,0.00000000,10.25719231,0.00000000,4.88378634,0.00000000,6.88987844,0.00000000,0.00000000,0.00000000,0.00000000,0.00000000,8.14340148,0.00000000,2.98207561,0.00000000,6.45518959,0.00000000,9.41608399,0.00000000,2.53722330,0.00000000,0.00000000,0.00000000,0.00000000,0.00000000,0.00000000,0.00000000,0.00000000,0.00000000,0.00000000,0.00000000,0.00000000,0.00000000,0.00000000,0.00000000,0.00000000,0.00000000,0.00000000,0.00000000,0.00000000,0.00000000,0.00000000,0.00000000,0.00000000,0.00000000,5.30223262,0.00000000,5.13502564,0.00000000,0.00000000,0.00000000,0.00000000,0.00000000,4.87764229,0.00000000,6.39824500,0.00000000,0.00000000,0.00000000,0.00000000,0.00000000,7.19221864,0.00000000,0.00000000,0.00000000,1.12901271,0.00000000,2.43034864,0.00000000,0.00000000,0.00000000,1.86811275,0.00000000,2.06419492,0.00000000,1.95459909,0.00000000,2.32283896,0.00000000,3.87599172,0.00000000,2.83537966,0.00000000,2.32192698,0.00000000,3.06510232,0.00000000,5.03861985,4.00614582,2.34862043,0.00000000,0.00000000,0.00000000,0.00000000,0.00000000,16.20431347,0.00000000,1.12692051,2.10745191,1.09074384,0.00000000,0.00000000,0.00000000,1.57760909,0.00000000,1.06384018,0.00000000,5.15717034,0.00000000,2.31046852,0.00000000,7.15227087,0.00000000,1.06042131,0.00000000,1.04592479,0.00000000,2.68933235,0.00000000,6.94754379,0.00000000,2.95232992,2.09074575,1.96898741,6.28154885,2.15590334,1.57876500,4.18118601,2.78169652,0.00000000,2.66482552,15.89758271,0.00000000,0.00000000,0.00000000,2.11788333
0.00000000,2.93311779,0.00000000,0.00000000,0.00000000,1.87605843,0.00000000,7.75936531,0.00000000,8.44621510,0.00000000,1.41090344,0.00000000,2.23418542,0.00000000,0.00000000,0.00000000,0.00000000,0.00000000,4.83358811,0.00000000,0.00000000,0.00000000,0.00000000,0.00000000,0.00000000,0.00000000,2.03724147,0.00000000,0.00000000,0.00000000,0.00000000,0.00000000,0.00000000,0.00000000,0.00000000,0.00000000,4.46417285,0.00000000,0.00000000,2.48594571,0.98280301,0.00000000,1.78806910,2.37863968,0.78866137,2.06870558,1.10786122,1.23774151,0.00000000,0.00000000,2.83040982,0.00000000,0.00000000,0.00000000,0.00000000,0.00000000,3.76727546,0.00000000,4.52560268,0.00000000,0.00000000,0.00000000,0.00000000,0.00000000,0.00000000,0.00000000,0.00000000,0.00000000,2.73470135,0.00000000,0.00000000,0.00000000,0.00000000,0.00000000,0.00000000,0.00000000,6.49405288,0.00000000,0.00000000,0.00000000,0.00000000,0.00000000,8.33879292,0.00000000,0.00000000,0.00000000,11.33313032,0.00000000,6.14715877,0.00000000,0.00000000,0.00000000,2.30799940,0.00000000,10.19068450,0.00000000,0.00000000,0.00000000,0.00000000,0.00000000,0.00000000,0.00000000,0.00000000,0.00000000,2.75913143,0.00000000,0.00000000,0.00000000,0.00000000,0.00000000,0.00000000,0.00000000,0.00000000,0.00000000,0.00000000,0.00000000,0.00000000,0.00000000,0.00000000,0.00000000,2.07260245,0.00000000,0.00000000,0.60873847,5.04261717,0.00000000,7.42742533,0.00000000,0.00000000,0.00000000,0.00000000,0.00000000,0.00000000,0.00000000,10.00371299,0.00000000,0.00000000,0.00000000,0.00000000,0.00000000,0.00000000,0.00000000,0.00000000,0.00000000,0.00000000,0.00000000,0.00000000,0.00000000,3.98961221,0.00000000,0.00000000,0.00000000,0.00000000,0.00000000,0.00000000,0.00000000,0.00000000,0.00000000,0.00000000,0.00000000,0.00000000,0.00000000,0.00000000,1.58272778,1.92468672,0.00000000,4.83802543,0.00000000,6.63455827,0.00000000,0.00000000,0.00000000,5.00770910,0.00000000,1.93051404,3.70792319,2.07632087,0.00000000,0.00000000,0.00000000,0.00000000,0.00000000,3.40569398,0.00000000,0.00000000,2.52298862,1.57151898,0.00000000,0.00000000,0.00000000,0.00000000,0.00000000,0.00000000,0.00000000,1.58428301,0.00000000,0.00000000,0.00000000,0.00000000,0.00000000,7.21372641,0.00000000,0.00000000,0.00000000,0.50658919,0.00000000,0.00000000,0.00000000,0.00000000,0.00000000,2.37372385,0.00000000,0.00000000,11.19146561,0.00000000,0.00000000,2.01687062,3.07558859,3.43472122,4.55120128,0.00000000,0.00000000,0.00000000,1.47199478
5.73093231,0.00000000,0.00000000,0.00000000,2.24031464,0.70390920,0.00000000,0.00000000,2.22355545,0.00000000,3.23549368,0.00000000,1.45098153,1.21850249,1.67031378,0.98636231,2.51563795,0.00000000,0.91815031,1.02828152,1.12426845,0.90327373,0.00000000,0.00000000,1.96261061,0.00000000,0.80468041,1.58434931,1.36960291,0.00000000,2.08073018,0.00000000,2.57069823,0.00000000,0.92632795,0.00000000,2.30748023,0.00000000,0.00000000,0.00000000,0.00000000,0.00000000,1.11814544,1.72057493,1.43725523,3.50216706,2.77663822,3.14129962,2.29982162,0.00000000,0.00000000,0.00000000,0.00000000,0.00000000,0.00000000,0.00000000,0.00000000,0.00000000,0.00000000,0.00000000,0.00000000,0.00000000,2.59304233,0.00000000,0.00000000,0.00000000,0.00000000,0.00000000,0.00000000,0.00000000,1.55147506,0.00000000,0.00000000,0.00000000,1.26847254,0.00000000,0.00000000,0.00000000,0.00000000,0.00000000,0.00000000,0.00000000,0.00000000,0.00000000,0.00000000,0.00000000,1.63992624,0.00000000,0.00000000,0.00000000,0.00000000,0.00000000,0.00000000,0.00000000,0.00000000,0.00000000,0.00000000,0.00000000,0.00000000,0.00000000,0.00000000,0.00000000,0.00000000,0.00000000,0.00000000,0.00000000,0.00000000,0.00000000,0.00000000,0.00000000,0.00000000,0.00000000,0.00000000,0.00000000,0.00000000,0.00000000,0.00000000,0.00000000,0.00000000,0.00000000,0.00000000,0.00000000,0.00000000,0.00000000,0.00000000,0.00000000,0.00000000,0.00000000,0.00000000,0.00000000,0.00000000,0.00000000,0.00000000,0.00000000,0.00000000,0.00000000,0.00000000,0.00000000,0.00000000,0.00000000,1.57477995,0.00000000,0.00000000,0.00000000,0.00000000,0.00000000,0.00000000,0.00000000,0.00000000,0.00000000,0.00000000,0.00000000,0.00000000,0.00000000,0.00000000,0.00000000,0.00000000,0.00000000,0.00000000,0.00000000,0.00000000,0.00000000,2.58206817,0.00000000,1.01861751,0.00000000,1.35197085,0.00000000,1.46897924,0.00000000,2.66918191,0.00000000,1.82036150,0.00000000,0.00000000,0.00000000,2.31096737,2.73942363,2.31732243,0.00000000,0.00000000,0.00000000,4.53707772,0.00000000,0.00000000,0.00000000,2.51609786,0.00000000,0.00000000,0.00000000,0.00000000,0.00000000,0.00000000,0.00000000,0.00000000,0.00000000,0.00000000,0.00000000,0.00000000,0.00000000,0.00000000,0.00000000,0.00000000,0.00000000,0.00000000,0.00000000,0.00000000,0.00000000,0.00000000,0.00000000,2.10052681,2.38776550,1.71110143,2.59024091,2.65453663,0.00000000,0.00000000,2.33238162,0.00000000,0.00000000,0.00000000,0.00000000,0.00000000,0.00000000,0.00000000
0.00000000,1.59064570,0.00000000,0.00000000,0.00000000,0.00000000,0.00000000,1.61815626,0.00000000,1.69398870,0.00000000,1.26780226,1.15881112,0.94594464,0.00000000,2.54682034,0.00000000,2.12194769,1.37194461,1.11252510,0.00000000,1.36832291,0.00000000,0.00000000,0.00000000,4.03429918,0.82868160,0.96953266,0.00000000,2.24340426,0.00000000,2.59701170,0.00000000,1.35441718,0.00000000,1.27234591,0.00000000,1.11612611,0.00000000,2.42330651,0.00000000,2.61084432,0.00000000,1.77354452,1.69293264,1.07968895,1.02533425,0.00000000,0.00000000,2.83040982,0.00000000,0.00000000,0.00000000,0.00000000,0.00000000,0.00000000,0.00000000,1.53385559,0.00000000,0.00000000,0.00000000,0.00000000,0.00000000,0.00000000,0.00000000,0.00000000,0.00000000,0.00000000,0.00000000,0.00000000,0.00000000,1.80935383,0.00000000,0.00000000,0.00000000,0.00000000,0.00000000,0.00000000,0.00000000,0.00000000,0.00000000,1.44384599,0.00000000,0.00000000,0.00000000,2.55820641,0.00000000,0.00000000,0.00000000,0.00000000,0.00000000,0.00000000,0.00000000,0.00000000,0.00000000,0.00000000,0.00000000,0.00000000,0.00000000,0.00000000,0.00000000,0.00000000,0.00000000,0.00000000,0.00000000,0.00000000,0.00000000,0.00000000,0.00000000,0.00000000,0.00000000,0.00000000,0.00000000,0.00000000,0.00000000,0.00000000,0.00000000,0.00000000,0.00000000,0.00000000,0.00000000,0.00000000,0.00000000,1.51877115,0.00000000,0.00000000,0.00000000,0.00000000,0.00000000,0.00000000,0.00000000,0.00000000,0.00000000,0.00000000,0.00000000,0.00000000,0.00000000,0.00000000,0.00000000,0.00000000,0.00000000,1.09995903,0.00000000,1.37464157,0.00000000,1.39651898,0.00000000,0.00000000,0.00000000,0.00000000,0.00000000,0.00000000,0.00000000,0.00000000,0.00000000,0.00000000,0.00000000,0.00000000,0.00000000,0.95166512,0.00000000,0.00000000,0.00000000,1.81942430,0.00000000,1.34937750,0.00000000,1.40558022,0.00000000,5.61743501,0.00000000,1.94069642,0.00000000,2.79335590,0.00000000,0.00000000,0.00000000,1.43782356,0.00000000,1.47136640,0.00000000,0.00000000,0.00000000,0.00000000,0.00000000,0.00000000,0.00000000,1.07445196,0.00000000,2.19641661,0.00000000,0.00000000,0.00000000,0.00000000,0.00000000,0.00000000,0.00000000,0.00000000,0.00000000,0.00000000,0.00000000,0.00000000,0.00000000,0.00000000,0.00000000,0.00000000,0.00000000,0.00000000,0.00000000,0.00000000,0.00000000,0.00000000,0.00000000,0.00000000,2.81386511,0.00000000,0.00000000,0.00000000,2.38533652,3.87272865,1.92130446,2.44472219,6.84343088,0.00000000,0.00000000
1.45419622,0.00000000,0.00000000,0.00000000,0.00000000,0.00000000,2.61321743,0.00000000,2.19684008,1.53999310,0.00000000,0.00000000,0.00000000,0.00000000,0.00000000,0.00000000,1.63580030,0.00000000,3.30896635,0.00000000,4.46903605,0.00000000,3.63541102,0.00000000,1.73853091,0.00000000,1.93619348,0.00000000,0.00000000,0.00000000,0.00000000,0.00000000,0.00000000,0.00000000,0.00000000,0.00000000,0.00000000,0.00000000,0.00000000,0.00000000,0.00000000,0.00000000,0.00000000,0.00000000,0.00000000,0.00000000,0.00000000,0.00000000,4.39542885,0.00000000,0.00000000,0.00000000,0.00000000,1.84777674,5.20527814,1.14131720,4.44547471,1.11161078,1.32750178,0.93032769,1.69939328,0.00000000,1.53406227,2.72629416,2.62592951,3.77853603,3.97425274,0.96511530,0.00000000,0.00000000,3.16682032,0.00000000,0.00000000,0.00000000,3.37241118,0.00000000,0.00000000,0.00000000,0.00000000,0.00000000,0.00000000,0.00000000,0.00000000,0.00000000,1.75395006,0.00000000,0.00000000,0.00000000,0.00000000,0.00000000,0.00000000,0.00000000,0.00000000,0.00000000,0.00000000,0.00000000,1.78032913,0.00000000,1.39350879,0.00000000,0.00000000,0.00000000,0.00000000,0.00000000,0.00000000,0.00000000,0.00000000,0.00000000,0.00000000,0.00000000,0.00000000,0.00000000,0.00000000,0.00000000,0.00000000,0.00000000,0.00000000,0.00000000,0.00000000,0.00000000,1.63197620,0.00000000,2.17678563,0.00000000,0.00000000,0.00000000,5.80837454,0.00000000,1.53189618,0.00000000,3.18773676,0.00000000,0.00000000,0.00000000,0.00000000,0.00000000,2.22550735,0.00000000,1.02455663,0.00000000,1.40751074,0.00000000,2.37373454,0.00000000,1.73467939,0.00000000,0.00000000,0.00000000,0.00000000,0.00000000,0.00000000,0.00000000,0.00000000,0.00000000,0.90918661,2.70443362,1.35859286,0.00000000,1.28591103,0.00000000,2.42971304,0.00000000,2.01887079,0.00000000,0.00000000,0.00000000,0.00000000,0.00000000,5.71048498,0.00000000,1.22366630,0.00000000,1.80889569,0.00000000,0.00000000,0.00000000,3.80022952,0.00000000,0.00000000,0.00000000,0.00000000,0.00000000,2.92668992,0.00000000,0.00000000,0.00000000,0.00000000,0.00000000,0.00000000,0.00000000,0.00000000,0.00000000,0.00000000,0.00000000,0.00000000,0.00000000,0.00000000,0.00000000,0.00000000,0.00000000,0.00000000,0.00000000,0.00000000,0.00000000,0.00000000,0.00000000,0.00000000,0.00000000,0.00000000,0.00000000,1.19718311,0.99392813,0.93541515,1.20071275,1.98106034,0.00000000,2.59017009,0.00000000,0.00000000,0.00000000,0.00000000,0.00000000,0.00000000,0.00000000,0.00000000
0.00000000,1.81449020,0.00000000,0.00000000,0.00000000,0.00000000,0.00000000,1.70465713,1.40555804,1.80499313,0.00000000,0.00000000,0.00000000,0.00000000,0.00000000,3.40144199,0.00000000,1.74950646,0.00000000,0.00000000,0.00000000,0.00000000,0.00000000,0.00000000,1.06828481,4.18336272,0.00000000,0.00000000,0.00000000,2.67007296,0.00000000,0.00000000,0.00000000,0.00000000,0.00000000,0.00000000,0.00000000,0.00000000,0.00000000,3.14495279,0.00000000,0.00000000,0.00000000,0.00000000,0.00000000,0.00000000,0.00000000,0.00000000,0.00000000,0.00000000,0.00000000,0.00000000,1.84777674,0.00000000,1.41114247,1.65654086,0.00000000,1.78937221,1.59200782,3.31315031,0.00000000,1.75991662,0.00000000,1.30362229,0.00000000,0.00000000,0.00000000,7.05791315,0.00000000,0.00000000,0.00000000,0.00000000,0.00000000,0.00000000,0.00000000,0.00000000,0.00000000,0.00000000,0.00000000,0.00000000,0.00000000,0.00000000,0.00000000,0.00000000,0.00000000,0.00000000,0.00000000,0.00000000,0.00000000,0.00000000,0.00000000,1.41309051,0.00000000,0.00000000,0.00000000,0.00000000,0.00000000,0.00000000,0.00000000,0.00000000,0.00000000,0.00000000,0.00000000,0.00000000,0.00000000,0.00000000,0.00000000,0.00000000,0.00000000,0.00000000,0.00000000,0.00000000,0.00000000,0.00000000,0.00000000,0.00000000,0.00000000,0.00000000,0.00000000,0.00000000,0.00000000,0.00000000,0.00000000,0.00000000,0.00000000,0.00000000,0.00000000,0.00000000,0.00000000,2.01184171,0.00000000,0.00000000,0.00000000,4.39817417,0.00000000,0.00000000,0.00000000,0.00000000,0.00000000,2.07186927,0.00000000,1.78222491,0.00000000,2.08987603,0.00000000,1.72771802,0.00000000,0.00000000,0.00000000,0.00000000,0.00000000,0.00000000,0.00000000,0.00000000,0.00000000,1.10717173,0.00000000,1.29395796,0.00000000,1.14990399,0.00000000,0.00000000,0.00000000,0.00000000,0.00000000,0.00000000,0.00000000,0.00000000,0.00000000,0.00000000,0.00000000,4.79764574,0.00000000,0.00000000,0.00000000,0.00000000,0.00000000,1.90449870,0.00000000,0.00000000,0.00000000,0.00000000,0.00000000,2.07553912,0.00000000,6.04720336,0.00000000,0.00000000,0.00000000,0.00000000,0.00000000,0.00000000,0.00000000,0.00000000,0.00000000,0.00000000,0.00000000,0.00000000,0.00000000,0.00000000,0.00000000,0.00000000,0.00000000,0.00000000,0.00000000,0.00000000,0.00000000,0.00000000,0.00000000,0.00000000,3.25022492,0.00000000,0.00000000,0.00000000,4.30178870,0.00000000,0.00000000,0.00000000,1.45562575,1.29634578,3.40448848,2.53678687,0.00000000,0.00000000,0.00000000
0.00000000,0.00000000,2.45693040,0.00000000,0.00000000,0.00000000,2.22204275,0.00000000,2.90089648,1.20453203,4.34442361,0.00000000,0.00000000,0.00000000,0.00000000,0.00000000,6.36216447,0.00000000,0.00000000,0.00000000,0.00000000,0.00000000,2.14061234,0.00000000,1.65081107,0.00000000,0.00000000,0.00000000,0.00000000,0.00000000,5.30954475,0.00000000,0.00000000,0.00000000,0.00000000,0.00000000,0.00000000,0.00000000,0.00000000,0.00000000,0.00000000,0.00000000,0.00000000,0.00000000,0.00000000,0.00000000,0.00000000,0.00000000,3.09251723,0.00000000,0.00000000,0.00000000,5.20527814,1.41114247,0.00000000,1.25469695,1.58076501,1.49406619,1.46466568,1.16812533,2.22635604,0.00000000,2.49778755,2.49515232,0.00000000,0.00000000,4.72570897,0.87536753,1.85577615,0.00000000,0.00000000,0.00000000,0.00000000,0.00000000,0.00000000,0.00000000,0.00000000,0.00000000,0.00000000,0.00000000,0.00000000,0.00000000,0.00000000,0.00000000,0.00000000,0.00000000,0.00000000,0.00000000,0.00000000,0.00000000,0.00000000,0.00000000,0.00000000,0.00000000,0.00000000,0.00000000,0.00000000,0.00000000,0.00000000,0.00000000,0.00000000,0.00000000,0.00000000,0.00000000,0.00000000,0.00000000,0.00000000,0.00000000,0.00000000,0.00000000,0.00000000,0.00000000,0.00000000,0.00000000,0.00000000,0.00000000,0.00000000,0.00000000,0.00000000,0.00000000,0.00000000,0.00000000,0.00000000,0.00000000,0.00000000,0.00000000,0.00000000,0.00000000,1.48684249,0.00000000,2.37316978,0.00000000,0.00000000,0.00000000,0.00000000,0.00000000,2.28536821,0.00000000,3.47808650,0.00000000,0.00000000,0.00000000,0.00000000,0.00000000,0.00000000,0.00000000,0.00000000,0.00000000,0.00000000,0.00000000,0.00000000,0.00000000,0.00000000,0.00000000,1.57405499,2.64994960,1.85436992,0.00000000,2.22463899,0.00000000,2.41666060,0.00000000,1.97950934,0.00000000,2.95318739,0.00000000,0.00000000,0.00000000,3.96827084,0.00000000,1.05064741,0.00000000,1.99235629,0.00000000,0.00000000,0.00000000,3.43894405,3.59109296,0.00000000,0.00000000,0.00000000,0.00000000,0.00000000,0.00000000,0.00000000,0.00000000,0.00000000,0.00000000,0.00000000,0.00000000,0.00000000,0.00000000,0.00000000,0.00000000,0.00000000,0.00000000,0.00000000,0.00000000,0.00000000,0.00000000,0.00000000,0.00000000,0.00000000,0.00000000,0.00000000,0.00000000,0.00000000,0.00000000,3.09710606,0.00000000,1.41387204,1.63886963,1.38563157,1.14023625,2.53581820,0.00000000,1.10711890,0.00000000,0.00000000,0.00000000,0.00000000,0.00000000,0.00000000,0.00000000,0.00000000
0.72842200,2.18160966,1.10237025,1.95178935,0.00000000,3.25001617,0.96491682,1.17366463,0.99322107,2.04274135,0.00000000,4.20736106,0.00000000,0.00000000,0.00000000,1.93382502,0.91962803,1.88067842,0.00000000,2.00784927,0.00000000,1.27078459,2.03964128,1.61569379,0.75090638,1.28427879,0.00000000,0.00000000,0.00000000,1.67251442,0.00000000,0.00000000,0.00000000,0.00000000,0.00000000,0.00000000,0.00000000,2.11985265,0.00000000,2.28611730,0.00000000,0.00000000,0.00000000,0.00000000,0.00000000,0.00000000,0.00000000,0.00000000,0.00000000,0.00000000,0.00000000,0.00000000,1.14131720,1.65654086,1.25469695,0.00000000,2.95120704,1.46129399,1.30408920,3.38354519,0.00000000,2.35519040,1.02838751,1.77593621,0.00000000,0.00000000,1.14854237,5.89147422,0.00000000,0.00000000,0.00000000,0.00000000,0.00000000,0.00000000,0.00000000,0.00000000,0.00000000,0.00000000,0.00000000,0.00000000,0.00000000,0.00000000,0.00000000,0.00000000,0.00000000,1.49681996,0.00000000,0.00000000,0.00000000,0.00000000,0.00000000,0.00000000,0.00000000,0.00000000,0.00000000,0.00000000,0.00000000,0.00000000,0.00000000,0.00000000,0.00000000,0.00000000,0.00000000,0.00000000,0.00000000,0.00000000,0.00000000,0.00000000,0.00000000,0.00000000,0.00000000,0.00000000,0.00000000,0.00000000,0.00000000,0.00000000,0.00000000,0.00000000,0.00000000,0.00000000,0.00000000,0.00000000,0.00000000,0.00000000,0.00000000,0.00000000,0.00000000,0.00000000,0.00000000,2.14050847,0.00000000,2.36069345,0.00000000,2.40047187,0.00000000,0.00000000,0.00000000,1.48454867,1.11725417,1.75907577,0.00000000,1.54967586,0.00000000,1.25870207,0.00000000,0.00000000,0.00000000,0.00000000,0.00000000,0.00000000,0.00000000,0.00000000,0.00000000,0.00000000,0.00000000,2.45972571,0.00000000,0.00000000,0.00000000,2.57462993,0.00000000,2.64642544,0.00000000,0.00000000,0.00000000,2.41085957,0.00000000,0.00000000,1.45401364,3.84031986,0.00000000,1.32751915,1.50860259,1.26065648,0.00000000,0.00000000,1.50163671,2.43202877,0.00000000,0.00000000,0.00000000,0.00000000,1.03434718,1.85040631,3.47367568,0.00000000,0.00000000,0.00000000,0.00000000,0.00000000,0.00000000,0.00000000,0.00000000,0.00000000,0.00000000,0.00000000,0.00000000,0.00000000,0.00000000,0.00000000,0.00000000,0.00000000,0.00000000,0.00000000,0.00000000,0.00000000,0.00000000,8.41243461,0.00000000,0.00000000,0.00000000,0.00000000,0.00000000,0.00000000,1.10152448,0.00000000,0.00000000,0.00000000,1.56261803,1.64006644,1.43730053,1.02932303,0.00000000,0.90259642,2.12446161
0.00000000,0.00000000,1.73976740,0.00000000,0.00000000,0.00000000,1.89983962,0.00000000,2.41743985,0.00000000,0.00000000,0.00000000,0.00000000,0.00000000,0.00000000,0.00000000,2.90308599,0.00000000,0.00000000,0.00000000,0.00000000,0.00000000,3.69261755,0.00000000,1.98387751,0.00000000,0.00000000,0.00000000,0.00000000,0.00000000,0.00000000,0.00000000,0.00000000,0.00000000,0.00000000,0.00000000,0.00000000,0.00000000,0.00000000,0.00000000,0.00000000,0.00000000,0.00000000,0.00000000,0.00000000,0.00000000,0.00000000,0.00000000,1.48427679,0.00000000,0.00000000,0.00000000,4.44547471,0.00000000,1.58076501,2.95120704,0.00000000,0.00000000,0.95293073,0.90245147,0.00000000,0.00000000,3.62233781,0.00000000,3.55551661,1.05209316,2.18020402,1.03064317,0.00000000,0.00000000,0.00000000,0.00000000,0.00000000,0.00000000,0.00000000,0.00000000,0.00000000,0.00000000,0.00000000,0.00000000,0.00000000,0.00000000,0.00000000,0.00000000,0.00000000,0.00000000,0.00000000,0.00000000,0.00000000,0.00000000,0.00000000,0.00000000,0.00000000,0.00000000,0.00000000,0.00000000,0.00000000,0.00000000,0.00000000,0.00000000,4.17889129,0.00000000,0.00000000,0.00000000,0.00000000,0.00000000,0.00000000,0.00000000,0.00000000,0.00000000,0.00000000,0.00000000,0.00000000,0.00000000,0.00000000,0.00000000,0.00000000,0.00000000,0.00000000,0.00000000,0.00000000,0.00000000,0.00000000,0.00000000,1.77146745,0.00000000,1.93340018,0.00000000,1.09156396,0.00000000,1.90419141,0.00000000,2.92248655,0.00000000,0.00000000,0.00000000,2.18555778,0.00000000,3.07549038,1.68554917,0.00000000,0.00000000,1.84257594,0.00000000,2.57367403,0.00000000,2.43394790,0.00000000,1.66912202,0.00000000,3.17085864,0.00000000,0.00000000,0.00000000,1.04778990,0.00000000,1.69480779,0.00000000,1.49752483,1.34080145,1.31791342,0.00000000,0.00000000,0.00000000,0.00000000,0.00000000,1.92625879,0.00000000,2.66242282,0.00000000,1.30043199,0.00000000,1.97249887,0.00000000,0.00000000,0.00000000,0.00000000,0.00000000,0.00000000,0.00000000,0.74699385,1.64347601,0.00000000,0.00000000,2.06993110,2.26721764,0.00000000,0.00000000,0.00000000,0.00000000,0.00000000,0.00000000,0.00000000,0.00000000,0.00000000,0.00000000,0.00000000,0.00000000,0.00000000,0.00000000,0.00000000,0.00000000,3.33418248,0.00000000,0.00000000,0.00000000,0.00000000,0.00000000,1.62429362,0.00000000,1.01697305,1.23195283,0.94731639,0.83966579,1.39601956,0.00000000,0.90712988,0.00000000,0.00000000,0.00000000,0.00000000,0.00000000,0.00000000,0.00000000,0.00000000
0.00000000,0.00000000,0.00000000,0.00000000,0.00000000,0.00000000,0.00000000,1.82647627,0.00000000,2.57556028,0.00000000,0.00000000,0.00000000,0.00000000,0.00000000,0.00000000,0.00000000,1.43314151,0.00000000,0.00000000,0.00000000,0.00000000,0.00000000,1.58729423,0.00000000,1.67625586,0.00000000,0.00000000,0.00000000,2.21642659,0.00000000,0.00000000,0.00000000,0.00000000,0.00000000,0.00000000,0.00000000,1.73378501,0.00000000,3.89186760,0.00000000,0.00000000,0.00000000,0.00000000,0.00000000,2.11672688,0.00000000,0.00000000,0.00000000,3.76727546,0.00000000,1.53385559,1.11161078,1.78937221,1.49406619,1.46129399,0.00000000,0.00000000,1.20550095,1.52400778,0.00000000,5.40778563,1.79237406,2.33832468,4.44482373,0.00000000,1.38929707,2.81572421,0.00000000,2.97051936,0.00000000,0.00000000,0.00000000,0.00000000,0.00000000,0.00000000,0.00000000,5.23684694,0.00000000,0.00000000,0.00000000,0.00000000,0.00000000,0.00000000,0.00000000,2.76693429,0.00000000,0.00000000,0.00000000,0.00000000,0.00000000,0.00000000,0.00000000,0.00000000,0.00000000,0.00000000,0.00000000,0.00000000,0.00000000,0.00000000,0.00000000,0.00000000,0.00000000,0.00000000,0.00000000,0.00000000,0.00000000,0.00000000,0.00000000,0.00000000,0.00000000,0.00000000,0.00000000,0.00000000,0.00000000,0.00000000,0.00000000,0.00000000,0.00000000,0.00000000,0.00000000,0.00000000,0.00000000,0.00000000,0.00000000,2.22774777,0.00000000,1.38324127,0.00000000,1.45993744,0.00000000,1.98868243,0.00000000,2.08053158,0.00000000,0.00000000,0.00000000,1.72717681,0.00000000,2.82873198,0.00000000,1.46468950,0.00000000,1.32238590,0.00000000,0.00000000,0.00000000,1.77928192,0.00000000,2.43339431,0.00000000,0.00000000,0.00000000,0.00000000,2.76493261,2.66700673,4.20357785,0.00000000,0.00000000,2.13429501,0.00000000,2.36995482,0.00000000,0.00000000,0.00000000,2.03060143,0.00000000,2.11585270,0.00000000,1.44909613,0.00000000,1.07120441,0.00000000,0.00000000,0.00000000,0.00000000,0.00000000,0.00000000,0.00000000,0.00000000,0.00000000,1.81341157,0.00000000,0.00000000,2.31934924,0.00000000,0.00000000,0.00000000,0.00000000,0.00000000,0.00000000,0.00000000,0.00000000,0.00000000,0.00000000,0.00000000,0.00000000,0.00000000,0.00000000,0.00000000,0.00000000,0.00000000,0.00000000,0.00000000,0.00000000,0.00000000,0.00000000,0.00000000,0.00000000,1.74987158,4.44897100,2.60456626,0.00000000,0.00000000,1.48638046,0.00000000,0.00000000,0.00000000,1.22654568,1.14522306,0.92067846,0.78283199,0.00000000,0.73320272,1.08367915
2.71659107,0.00000000,1.66726349,0.00000000,0.00000000,0.00000000,3.06102737,0.00000000,1.98913658,1.94371370,0.00000000,0.00000000,0.00000000,0.00000000,0.00000000,0.00000000,5.45303271,0.00000000,0.00000000,0.00000000,0.00000000,0.00000000,0.00000000,0.00000000,2.22738434,0.00000000,0.00000000,0.00000000,0.00000000,0.00000000,0.00000000,0.00000000,0.00000000,0.00000000,0.00000000,0.00000000,0.00000000,0.00000000,0.00000000,0.00000000,0.00000000,0.00000000,0.00000000,0.00000000,0.00000000,0.00000000,0.00000000,0.00000000,1.60219991,0.00000000,0.00000000,0.00000000,1.32750178,1.59200782,1.46466568,1.30408920,0.95293073,1.20550095,0.00000000,0.99338616,1.64669815,0.00000000,0.00000000,0.00000000,1.34819501,0.94287936,1.33413392,0.68745641,0.00000000,0.00000000,0.00000000,0.00000000,0.00000000,0.00000000,0.00000000,0.00000000,0.00000000,0.00000000,0.00000000,0.00000000,0.00000000,0.00000000,0.00000000,0.00000000,0.00000000,4.35608132,0.00000000,0.00000000,0.00000000,0.00000000,0.00000000,0.00000000,0.00000000,0.00000000,0.00000000,0.00000000,0.00000000,0.00000000,0.00000000,0.00000000,0.00000000,0.00000000,0.00000000,0.00000000,0.00000000,0.00000000,0.00000000,0.00000000,0.00000000,0.00000000,0.00000000,0.00000000,0.00000000,0.00000000,0.00000000,0.00000000,0.00000000,0.00000000,0.00000000,0.00000000,0.00000000,0.00000000,0.00000000,0.00000000,1.62092963,0.00000000,1.00081263,0.00000000,1.51146002,0.00000000,1.76847226,0.00000000,1.98122985,0.00000000,0.00000000,0.00000000,1.52937001,0.00000000,6.68531714,2.15329920,0.00000000,1.06682874,0.00000000,0.00000000,0.00000000,0.00000000,1.20052864,0.00000000,1.68745415,0.00000000,0.00000000,0.00000000,0.00000000,0.00000000,1.94786003,1.32719848,1.24738733,0.00000000,4.18093673,1.38353551,2.02471608,1.16685359,2.34857390,0.00000000,0.00000000,0.00000000,0.00000000,0.00000000,1.86458109,0.00000000,1.41506436,0.00000000,0.00000000,0.00000000,1.48731472,0.00000000,0.00000000,0.00000000,0.00000000,0.00000000,0.53307453,0.00000000,0.00000000,0.00000000,0.88202761,1.41670178,0.00000000,0.00000000,0.00000000,0.00000000,0.00000000,0.00000000,0.00000000,0.00000000,0.00000000,0.00000000,0.00000000,0.00000000,0.00000000,0.00000000,0.00000000,0.00000000,0.00000000,0.00000000,0.00000000,0.00000000,0.00000000,0.00000000,1.53616496,0.00000000,0.95376463,1.01796903,0.93427905,0.64502263,1.81681413,0.00000000,0.74953374,1.43804558,0.00000000,2.64244964,0.00000000,0.00000000,0.00000000,0.00000000,0.00000000
0.00000000,2.20397700,0.00000000,0.00000000,0.00000000,0.00000000,0.00000000,1.87987609,1.33000457,2.90777824,0.00000000,3.04765359,0.00000000,0.00000000,0.00000000,0.00000000,0.00000000,0.00000000,1.89131252,0.00000000,0.00000000,0.00000000,0.00000000,0.00000000,0.31289329,2.47693914,0.00000000,0.00000000,0.00000000,0.00000000,0.00000000,0.00000000,0.00000000,0.00000000,0.00000000,0.00000000,0.00000000,0.00000000,0.00000000,0.00000000,0.00000000,0.00000000,0.00000000,0.00000000,0.00000000,0.00000000,0.00000000,0.00000000,0.00000000,4.52560268,0.00000000,0.00000000,0.93032769,3.31315031,1.16812533,3.38354519,0.90245147,1.52400778,0.99338616,0.00000000,1.62839488,2.89619312,1.47170627,3.06321992,1.32154676,1.68239338,0.72530502,2.01512632,0.00000000,2.42017502,0.00000000,0.00000000,0.00000000,0.00000000,0.00000000,0.00000000,0.00000000,3.16066496,0.00000000,0.00000000,0.00000000,0.00000000,0.00000000,0.00000000,0.00000000,0.00000000,0.00000000,0.00000000,0.00000000,0.00000000,0.00000000,0.00000000,0.00000000,0.00000000,0.00000000,0.00000000,0.00000000,0.00000000,0.00000000,0.00000000,0.00000000,0.00000000,0.00000000,0.00000000,0.00000000,0.00000000,0.00000000,0.00000000,0.00000000,0.00000000,0.00000000,0.00000000,0.00000000,0.00000000,0.00000000,0.00000000,0.00000000,0.00000000,0.00000000,0.00000000,0.00000000,0.00000000,0.00000000,0.00000000,0.00000000,2.08102146,0.00000000,1.85885533,0.00000000,1.86807992,0.00000000,1.72502741,0.00000000,1.47289150,0.00000000,1.73351288,0.00000000,1.22396310,1.93308966,3.71159789,0.00000000,1.05549101,0.00000000,0.00000000,1.38557852,3.97619750,0.00000000,1.76740234,0.00000000,3.46787352,0.00000000,0.00000000,0.00000000,0.00000000,0.98435071,3.40467006,1.04876230,3.12066689,2.37119220,2.59847669,1.56626396,1.18440901,0.00000000,0.00000000,0.00000000,0.00000000,0.00000000,0.00000000,0.00000000,2.30871184,0.00000000,0.00000000,0.00000000,0.00000000,2.33028307,1.51949680,2.64971208,4.05356525,0.00000000,0.00000000,1.14749831,0.00000000,0.00000000,0.00000000,0.86107898,1.05603895,0.00000000,0.00000000,0.00000000,0.00000000,0.00000000,0.00000000,0.00000000,0.00000000,0.00000000,0.00000000,0.00000000,0.00000000,0.00000000,5.35642635,0.00000000,0.98111940,0.00000000,0.00000000,0.00000000,0.00000000,0.00000000,0.00000000,0.00000000,2.98364749,2.18523980,3.21797798,2.17347905,4.29244969,1.35002848,0.00000000,7.27293361,0.00000000,0.76980521,1.44508048,0.90337223,0.77407565,0.00000000,0.75299650,1.19194079
1.09979437,0.00000000,1.40248036,0.00000000,0.00000000,0.00000000,1.41602758,0.00000000,1.44857181,0.00000000,0.00000000,0.00000000,0.00000000,0.00000000,0.00000000,0.00000000,1.44051829,0.00000000,0.00000000,0.00000000,2.05791306,0.00000000,2.39188039,0.00000000,1.24339741,0.00000000,0.00000000,0.00000000,1.89519803,0.00000000,4.04108933,0.00000000,4.34712636,0.00000000,0.00000000,0.00000000,3.89000351,0.00000000,2.32266672,0.00000000,0.00000000,0.00000000,0.00000000,0.00000000,0.00000000,0.00000000,0.00000000,0.00000000,3.03660053,0.00000000,0.00000000,0.00000000,1.69939328,0.00000000,2.22635604,0.00000000,0.00000000,0.00000000,1.64669815,1.62839488,0.00000000,0.00000000,1.16938281,0.00000000,0.00000000,0.00000000,0.00000000,0.00000000,0.00000000,0.00000000,1.96991831,0.00000000,0.00000000,0.00000000,0.00000000,0.00000000,0.00000000,0.00000000,0.00000000,0.00000000,1.19306666,0.00000000,0.00000000,0.00000000,0.00000000,0.00000000,0.00000000,0.00000000,0.00000000,0.00000000,0.00000000,0.00000000,0.00000000,0.00000000,0.00000000,0.00000000,0.00000000,0.00000000,0.55099574,0.00000000,0.00000000,0.00000000,0.00000000,0.00000000,0.00000000,0.00000000,0.00000000,0.00000000,0.00000000,0.00000000,0.00000000,0.00000000,0.00000000,0.00000000,0.00000000,0.00000000,0.00000000,0.00000000,0.00000000,0.00000000,0.00000000,0.00000000,0.00000000,0.00000000,3.95596211,0.00000000,0.00000000,0.00000000,1.62514124,0.00000000,0.00000000,0.00000000,0.00000000,0.00000000,0.00000000,0.00000000,0.00000000,0.00000000,1.17732663,0.00000000,1.51368707,0.00000000,0.00000000,0.00000000,1.09745318,0.00000000,0.00000000,0.00000000,0.00000000,0.00000000,0.00000000,0.00000000,0.00000000,0.00000000,1.47106504,0.00000000,1.14950374,0.00000000,3.16067637,0.00000000,0.00000000,0.00000000,2.27457197,0.00000000,0.00000000,0.00000000,0.00000000,0.00000000,2.06574964,0.00000000,1.50717104,0.00000000,2.16164084,0.00000000,0.00000000,0.00000000,1.39150315,0.00000000,0.00000000,0.00000000,0.00000000,0.00000000,1.35638777,0.00000000,0.00000000,0.00000000,0.00000000,0.00000000,0.00000000,0.00000000,0.00000000,0.00000000,0.00000000,0.00000000,0.00000000,0.00000000,0.00000000,0.00000000,0.00000000,0.00000000,0.00000000,0.00000000,0.00000000,0.00000000,0.00000000,0.00000000,0.00000000,0.00000000,0.00000000,0.00000000,1.57996208,1.91091464,1.56475286,1.34873545,0.00000000,0.00000000,0.00000000,0.00000000,0.00000000,0.00000000,0.00000000,0.00000000,0.00000000,0.00000000,0.00000000
0.00000000,0.97680147,0.00000000,1.60386848,0.00000000,1.41061792,0.00000000,1.14929791,1.57275518,1.46393899,0.00000000,1.97227696,0.00000000,0.00000000,0.00000000,1.98182793,0.00000000,2.19637168,0.00000000,0.00000000,0.00000000,2.13941735,1.16279806,1.76985554,1.58131838,2.37098910,0.00000000,0.00000000,0.00000000,1.88328967,0.00000000,0.00000000,0.00000000,4.08862519,0.00000000,1.37709387,0.00000000,1.72104075,0.00000000,1.98194894,0.00000000,0.00000000,0.00000000,0.00000000,0.00000000,2.53113569,0.00000000,0.00000000,0.00000000,0.00000000,0.00000000,0.00000000,0.00000000,1.75991662,0.00000000,2.35519040,0.00000000,5.40778563,0.00000000,2.89619312,0.00000000,0.00000000,0.00000000,4.27368930,0.00000000,0.00000000,0.00000000,0.00000000,0.00000000,0.00000000,0.00000000,1.80244241,0.00000000,0.00000000,0.00000000,0.00000000,0.00000000,0.00000000,0.00000000,0.00000000,0.00000000,0.00000000,0.00000000,0.00000000,0.00000000,0.00000000,0.00000000,0.00000000,0.00000000,0.00000000,0.00000000,0.00000000,0.00000000,0.00000000,0.00000000,0.00000000,0.00000000,0.00000000,0.00000000,0.00000000,0.00000000,0.00000000,0.00000000,0.00000000,0.00000000,0.00000000,0.00000000,0.00000000,0.00000000,0.00000000,0.00000000,0.00000000,0.00000000,0.00000000,0.00000000,0.00000000,0.00000000,0.00000000,0.00000000,0.00000000,0.00000000,0.00000000,0.00000000,0.00000000,0.00000000,0.00000000,0.00000000,0.00000000,0.00000000,0.00000000,0.00000000,0.00000000,0.00000000,0.00000000,0.00000000,0.00000000,0.00000000,0.00000000,0.00000000,1.83463095,0.00000000,1.52834554,0.00000000,1.45520841,0.00000000,1.19293252,0.00000000,0.00000000,0.00000000,0.00000000,0.00000000,0.00000000,0.00000000,0.00000000,0.00000000,2.50435253,0.00000000,1.02124750,0.00000000,1.22669066,0.00000000,0.00000000,0.00000000,0.00000000,0.00000000,0.00000000,0.00000000,0.00000000,0.00000000,2.69302688,0.00000000,1.99424849,0.00000000,1.32060085,0.00000000,0.00000000,1.35855103,1.13655614,0.00000000,0.00000000,0.00000000,0.00000000,0.00000000,1.18529126,0.00000000,0.00000000,0.00000000,0.00000000,0.00000000,0.00000000,0.00000000,0.00000000,0.00000000,0.00000000,0.00000000,0.00000000,0.00000000,0.00000000,0.00000000,0.00000000,0.00000000,0.00000000,0.00000000,0.00000000,0.00000000,0.00000000,0.00000000,0.00000000,0.00000000,0.00000000,0.00000000,0.00000000,0.00000000,0.00000000,0.00000000,0.00000000,0.00000000,0.00000000,2.41305302,1.04139024,2.38410283,3.20202033,0.00000000,0.00000000,0.00000000
1.49140777,0.00000000,2.33550915,0.00000000,0.00000000,0.00000000,1.41879158,1.73570475,1.30670045,1.10108317,0.00000000,0.00000000,0.00000000,0.00000000,2.67139055,0.00000000,1.24818363,0.00000000,2.02368281,0.00000000,1.78666440,0.00000000,1.89729781,0.00000000,1.18594379,0.00000000,0.00000000,0.00000000,3.19517659,0.00000000,2.66255146,0.00000000,2.13229453,0.00000000,0.00000000,0.00000000,1.72440287,0.00000000,1.39965503,0.00000000,0.00000000,0.00000000,2.00428191,0.00000000,7.47565647,0.00000000,0.00000000,0.00000000,4.49278446,0.00000000,2.59304233,0.00000000,1.53406227,0.00000000,2.49778755,1.02838751,3.62233781,1.79237406,0.00000000,1.47170627,1.16938281,0.00000000,0.00000000,0.00000000,0.00000000,0.00000000,0.00000000,1.56366392,0.00000000,0.00000000,1.92985164,0.00000000,0.00000000,0.00000000,2.23358590,0.00000000,0.00000000,0.00000000,0.00000000,0.00000000,1.66184396,0.00000000,1.82492345,0.00000000,0.00000000,0.00000000,1.64210854,0.00000000,0.00000000,0.00000000,0.00000000,0.00000000,0.00000000,0.00000000,0.00000000,0.00000000,2.12120162,0.00000000,0.00000000,0.00000000,0.00000000,0.00000000,0.00000000,0.00000000,0.00000000,0.00000000,0.00000000,0.00000000,0.00000000,0.00000000,0.00000000,0.00000000,0.00000000,0.00000000,0.00000000,0.00000000,0.00000000,0.00000000,0.00000000,0.00000000,0.00000000,0.00000000,0.00000000,0.00000000,0.00000000,0.00000000,0.00000000,0.00000000,1.67504014,0.00000000,0.00000000,0.00000000,0.00000000,0.00000000,0.00000000,0.00000000,2.86941241,0.00000000,1.30702780,0.00000000,1.89481373,0.00000000,3.41122307,0.00000000,1.24880633,0.00000000,0.00000000,0.00000000,0.00000000,0.00000000,0.00000000,0.00000000,0.00000000,0.00000000,1.98979837,0.00000000,1.49897872,0.00000000,2.05750697,0.00000000,0.00000000,0.00000000,2.62741927,0.00000000,0.00000000,0.00000000,0.00000000,0.00000000,0.00000000,0.00000000,1.34990924,0.00000000,1.84429569,0.00000000,0.00000000,0.00000000,2.28969789,0.00000000,0.00000000,0.00000000,0.00000000,0.00000000,1.58864386,0.00000000,0.00000000,0.00000000,0.00000000,0.00000000,0.00000000,0.00000000,0.00000000,0.00000000,0.00000000,0.00000000,0.00000000,0.00000000,0.00000000,0.00000000,0.00000000,0.00000000,0.00000000,0.00000000,0.00000000,0.00000000,0.00000000,0.00000000,0.00000000,0.00000000,0.00000000,0.00000000,1.48298915,1.35962415,1.99857901,1.91718196,2.45777737,0.00000000,2.63722485,0.00000000,0.00000000,0.00000000,0.00000000,0.00000000,0.00000000,0.00000000,0.00000000
1.45711041,1.44849776,1.20499106,0.00000000,0.00000000,0.00000000,0.00000000,1.53065549,1.69008816,1.58596236,0.00000000,0.00000000,0.00000000,0.00000000,0.00000000,0.00000000,2.32321205,1.66131346,0.00000000,0.00000000,0.00000000,1.56793343,1.35340403,1.73162737,1.13846404,2.41175135,0.00000000,0.00000000,0.00000000,1.48189620,0.00000000,1.51525629,0.00000000,1.60086880,0.00000000,1.56238509,0.00000000,3.65265719,0.00000000,1.67439396,0.00000000,0.00000000,0.00000000,0.00000000,0.00000000,1.39120732,0.00000000,0.00000000,0.00000000,0.00000000,0.00000000,0.00000000,2.72629416,1.30362229,2.49515232,1.77593621,0.00000000,2.33832468,0.00000000,3.06321992,0.00000000,4.27368930,0.00000000,0.00000000,0.00000000,0.00000000,0.00000000,0.00000000,0.00000000,0.00000000,0.00000000,0.00000000,0.00000000,0.00000000,0.00000000,0.00000000,0.00000000,0.00000000,0.00000000,0.00000000,0.00000000,0.00000000,0.00000000,0.00000000,0.00000000,0.00000000,0.00000000,0.00000000,0.00000000,0.00000000,0.00000000,0.00000000,0.00000000,0.00000000,0.00000000,0.00000000,0.00000000,0.00000000,0.00000000,0.00000000,0.00000000,1.38332321,0.00000000,0.00000000,0.00000000,0.00000000,0.00000000,0.00000000,0.00000000,0.00000000,0.00000000,0.00000000,0.00000000,0.00000000,0.00000000,0.00000000,0.00000000,0.00000000,0.00000000,0.00000000,0.00000000,0.00000000,0.00000000,0.00000000,0.00000000,0.00000000,0.00000000,0.00000000,0.00000000,1.75367307,0.00000000,0.00000000,0.00000000,0.00000000,0.00000000,0.00000000,0.00000000,0.00000000,0.00000000,1.83806019,0.00000000,1.36958623,0.00000000,1.71709556,0.00000000,1.15092180,0.00000000,0.00000000,0.00000000,0.00000000,0.00000000,0.00000000,0.00000000,0.00000000,0.00000000,1.54687150,0.00000000,1.25177069,0.00000000,1.29041837,0.00000000,0.00000000,0.00000000,0.00000000,0.00000000,0.00000000,0.00000000,0.00000000,0.00000000,0.00000000,0.00000000,2.90531600,0.00000000,2.23269810,0.00000000,0.00000000,1.88669080,1.43200870,0.00000000,0.00000000,0.00000000,0.00000000,1.42443518,1.27197561,0.00000000,0.00000000,0.00000000,0.00000000,0.00000000,0.00000000,0.00000000,0.00000000,0.00000000,0.00000000,0.00000000,0.00000000,0.00000000,0.00000000,0.00000000,0.00000000,0.00000000,0.00000000,0.00000000,0.00000000,0.00000000,0.00000000,0.00000000,0.00000000,0.00000000,0.00000000,0.00000000,0.00000000,0.00000000,0.00000000,4.34029225,0.00000000,0.00000000,0.00000000,3.35493542,1.42356738,3.23912548,0.00000000,0.00000000,0.00000000,0.00000000
1.67585615,0.00000000,3.44588351,0.00000000,0.00000000,0.00000000,1.74934705,0.00000000,1.57480874,0.00000000,0.00000000,0.00000000,1.59229704,0.00000000,0.00000000,0.00000000,0.00000000,0.00000000,1.60364588,0.00000000,0.00000000,0.00000000,0.00000000,0.00000000,0.00000000,0.00000000,0.00000000,0.00000000,0.00000000,0.00000000,0.00000000,0.00000000,0.00000000,0.00000000,0.00000000,0.00000000,0.00000000,0.00000000,0.00000000,0.00000000,0.00000000,0.00000000,0.00000000,0.00000000,0.00000000,0.00000000,0.00000000,0.00000000,0.00000000,0.00000000,0.00000000,0.00000000,2.62592951,0.00000000,0.00000000,0.00000000,3.55551661,4.44482373,1.34819501,1.32154676,0.00000000,0.00000000,0.00000000,0.00000000,0.00000000,1.05403632,0.94678200,1.53589194,0.00000000,0.00000000,0.00000000,0.00000000,1.70927233,0.00000000,0.00000000,0.00000000,0.00000000,0.00000000,0.00000000,0.00000000,0.00000000,1.70520768,0.00000000,0.00000000,0.00000000,0.00000000,0.00000000,0.00000000,0.00000000,0.00000000,0.00000000,0.00000000,0.00000000,0.00000000,0.00000000,0.00000000,0.00000000,0.00000000,0.00000000,0.00000000,0.00000000,0.00000000,0.00000000,0.00000000,0.00000000,0.00000000,0.00000000,0.00000000,0.00000000,0.00000000,0.00000000,0.00000000,0.00000000,0.00000000,0.00000000,0.00000000,0.00000000,0.00000000,0.00000000,0.00000000,0.00000000,0.00000000,0.00000000,0.00000000,2.45491546,0.00000000,1.66623056,0.00000000,0.00000000,0.00000000,2.40503574,0.00000000,0.00000000,0.00000000,0.00000000,0.00000000,0.00000000,0.00000000,6.04186983,1.26609329,0.00000000,0.00000000,0.00000000,0.00000000,0.00000000,1.09397316,1.82559385,0.00000000,1.90078056,0.00000000,0.00000000,0.00000000,2.21413296,0.00000000,4.29276613,0.00000000,0.00000000,1.99513373,2.11392101,1.27149512,1.63437387,1.37219180,0.00000000,0.00000000,0.00000000,0.00000000,0.00000000,0.00000000,0.00000000,0.00000000,0.00000000,0.00000000,0.00000000,0.00000000,2.15888330,2.91908091,0.00000000,0.00000000,0.00000000,0.00000000,0.70449276,1.22518675,2.48109693,0.00000000,1.51682293,0.00000000,0.00000000,0.00000000,0.00000000,0.00000000,0.00000000,0.00000000,0.00000000,0.00000000,0.00000000,0.00000000,0.00000000,0.00000000,0.00000000,0.00000000,0.00000000,0.00000000,0.00000000,0.00000000,0.00000000,0.00000000,0.00000000,0.00000000,0.00000000,0.00000000,2.23799402,4.15908276,0.00000000,0.00000000,3.05955445,0.00000000,0.00000000,0.00000000,0.00000000,0.00000000,0.00000000,0.00000000,0.00000000,0.00000000,0.00000000
0.00000000,1.26993519,0.00000000,3.37252973,0.00000000,2.96459985,0.00000000,3.33563757,1.23827122,1.39323336,0.00000000,1.54259462,0.00000000,2.17116391,0.00000000,0.00000000,0.00000000,0.00000000,0.00000000,1.45437632,0.00000000,4.13916951,0.00000000,0.00000000,0.00000000,0.00000000,0.00000000,0.00000000,0.00000000,0.00000000,0.00000000,0.00000000,0.00000000,0.00000000,0.00000000,3.11353081,0.00000000,0.00000000,0.00000000,0.00000000,0.00000000,0.00000000,0.00000000,0.00000000,0.00000000,0.00000000,0.00000000,0.00000000,0.00000000,0.00000000,0.00000000,0.00000000,3.77853603,0.00000000,0.00000000,0.00000000,1.05209316,0.00000000,0.94287936,1.68239338,0.00000000,0.00000000,0.00000000,0.00000000,1.05403632,0.00000000,1.25893214,0.73384856,0.00000000,0.00000000,0.00000000,1.67304947,0.00000000,1.62822606,0.00000000,1.29283343,0.00000000,0.00000000,0.00000000,1.84427023,0.00000000,0.00000000,0.00000000,0.00000000,0.00000000,0.00000000,0.00000000,0.00000000,0.00000000,0.00000000,0.00000000,0.00000000,0.00000000,0.00000000,0.00000000,0.00000000,0.00000000,4.69052472,0.00000000,0.00000000,0.00000000,0.00000000,0.00000000,0.00000000,0.00000000,0.00000000,0.00000000,0.00000000,0.00000000,0.00000000,0.00000000,0.00000000,0.00000000,0.00000000,0.00000000,0.00000000,0.00000000,0.00000000,0.00000000,0.00000000,0.00000000,0.00000000,0.00000000,0.00000000,0.00000000,1.37056723,0.00000000,1.32300209,1.15439758,0.00000000,0.00000000,1.28544831,0.00000000,0.00000000,0.00000000,0.99124567,2.07204349,1.13191101,1.24014537,1.84816947,0.00000000,1.50889353,0.00000000,0.00000000,0.00000000,1.52528705,0.00000000,1.18416011,0.00000000,1.64600388,0.00000000,1.84141470,0.00000000,3.66270544,1.76693104,0.00000000,0.00000000,3.31640463,1.59768892,5.31107910,1.05688318,1.47111376,0.00000000,0.00000000,0.00000000,0.00000000,0.00000000,0.00000000,0.00000000,0.00000000,0.00000000,0.00000000,0.00000000,0.00000000,1.96163346,1.47893285,0.00000000,0.00000000,0.00000000,0.00000000,1.21122676,1.44294660,0.00000000,0.00000000,1.16030817,1.08709375,0.00000000,0.00000000,0.00000000,0.00000000,0.00000000,0.00000000,0.00000000,0.00000000,0.00000000,0.00000000,0.00000000,0.00000000,0.00000000,0.00000000,0.00000000,0.00000000,0.00000000,0.00000000,0.00000000,0.00000000,0.00000000,0.00000000,0.00000000,1.20910772,0.00000000,0.00000000,0.00000000,0.00000000,4.17887610,0.00000000,0.00000000,0.00000000,1.48981834,0.00000000,0.00000000,0.00000000,0.00000000,0.00000000,0.00000000
3.45621421,0.00000000,4.78288737,0.00000000,0.00000000,0.00000000,1.70337548,0.00000000,1.77963616,1.91615094,0.00000000,0.00000000,0.00000000,0.00000000,0.00000000,0.00000000,0.00000000,0.00000000,0.00000000,0.00000000,0.00000000,0.00000000,0.00000000,0.00000000,3.42620886,0.00000000,0.00000000,0.00000000,0.00000000,0.00000000,0.00000000,0.00000000,0.00000000,0.00000000,0.00000000,0.00000000,0.00000000,0.00000000,0.00000000,0.00000000,0.00000000,0.00000000,0.00000000,0.00000000,0.00000000,0.00000000,0.00000000,0.00000000,0.00000000,0.00000000,0.00000000,0.00000000,3.97425274,0.00000000,4.72570897,1.14854237,2.18020402,1.38929707,1.33413392,0.72530502,0.00000000,0.00000000,0.00000000,0.00000000,0.94678200,1.25893214,0.00000000,1.03593148,0.00000000,0.00000000,0.00000000,0.00000000,0.00000000,0.00000000,0.00000000,0.00000000,0.00000000,0.00000000,0.00000000,0.00000000,0.00000000,0.00000000,0.00000000,0.00000000,0.00000000,0.00000000,0.00000000,0.00000000,0.00000000,0.00000000,0.00000000,0.00000000,0.00000000,0.00000000,0.00000000,0.00000000,0.00000000,0.00000000,0.00000000,0.00000000,0.00000000,0.00000000,0.00000000,0.00000000,0.00000000,0.00000000,0.00000000,0.00000000,0.00000000,0.00000000,0.00000000,0.00000000,0.00000000,0.00000000,0.00000000,0.00000000,0.00000000,0.00000000,0.00000000,0.00000000,0.00000000,0.00000000,0.00000000,0.00000000,1.80525360,0.00000000,0.00000000,0.00000000,0.00000000,0.00000000,0.00000000,0.00000000,0.00000000,0.00000000,0.00000000,0.00000000,0.00000000,0.00000000,0.00000000,0.00000000,0.00000000,0.00000000,0.00000000,0.00000000,0.00000000,0.00000000,0.00000000,0.00000000,2.61123396,0.00000000,0.00000000,0.00000000,0.00000000,0.00000000,3.53684321,1.43952169,0.00000000,0.00000000,0.00000000,1.20461765,2.75763988,0.00000000,0.00000000,0.00000000,0.00000000,0.00000000,0.00000000,0.00000000,5.36607434,0.00000000,2.09100600,0.00000000,0.00000000,0.00000000,1.35572749,2.44321734,4.44822754,0.00000000,0.00000000,0.00000000,0.64908230,0.00000000,0.00000000,0.00000000,0.71180463,1.64946368,0.00000000,0.00000000,0.00000000,0.00000000,0.00000000,0.00000000,0.00000000,0.00000000,0.00000000,0.00000000,0.00000000,0.00000000,0.00000000,0.00000000,0.00000000,0.00000000,0.00000000,0.00000000,0.00000000,0.00000000,0.00000000,0.00000000,2.67652061,0.00000000,0.94152930,2.45298027,2.12707173,0.00000000,2.90157511,0.00000000,0.00000000,3.35741826,7.56163719,0.00000000,0.00000000,0.00000000,0.00000000,0.00000000,0.00000000
0.00000000,2.30608193,0.00000000,0.00000000,0.00000000,0.00000000,1.20646110,0.00000000,1.32442803,2.76775486,0.00000000,2.68121611,0.00000000,0.00000000,0.00000000,0.00000000,0.00000000,0.00000000,0.00000000,2.84796364,0.00000000,0.00000000,0.00000000,0.00000000,0.00000000,0.00000000,0.00000000,0.00000000,0.00000000,0.00000000,0.00000000,0.00000000,0.00000000,0.00000000,0.00000000,0.00000000,0.00000000,0.00000000,0.00000000,0.00000000,0.00000000,0.00000000,0.00000000,0.00000000,0.00000000,0.00000000,0.00000000,2.61437686,0.00000000,0.00000000,0.00000000,0.00000000,0.96511530,7.05791315,0.87536753,5.89147422,1.03064317,2.81572421,0.68745641,2.01512632,0.00000000,0.00000000,1.56366392,0.00000000,1.53589194,0.73384856,1.03593148,0.00000000,0.00000000,0.00000000,0.00000000,0.00000000,0.00000000,0.00000000,0.00000000,0.00000000,0.00000000,0.00000000,0.00000000,0.00000000,0.00000000,0.00000000,0.00000000,0.00000000,0.00000000,0.00000000,0.00000000,0.00000000,0.00000000,0.00000000,0.00000000,0.00000000,0.00000000,0.00000000,0.00000000,0.00000000,0.00000000,0.00000000,0.00000000,0.00000000,0.00000000,0.00000000,0.00000000,0.00000000,0.00000000,0.00000000,0.00000000,0.00000000,0.00000000,0.00000000,0.00000000,0.00000000,0.00000000,0.00000000,0.00000000,0.00000000,0.00000000,0.00000000,0.00000000,0.00000000,0.00000000,0.00000000,0.00000000,0.00000000,0.00000000,1.50344262,0.00000000,1.65749680,0.00000000,0.00000000,0.98876555,1.27431503,0.00000000,1.32938405,0.00000000,0.00000000,0.00000000,1.98221578,0.00000000,0.00000000,0.00000000,1.30188544,0.00000000,0.00000000,0.00000000,3.12140326,0.00000000,1.79839441,0.00000000,2.01383109,0.00000000,0.00000000,0.00000000,3.34701506,1.07868867,4.44418171,1.12402684,0.00000000,0.00000000,3.27008700,1.67689645,1.25096300,0.00000000,0.00000000,0.00000000,0.00000000,0.00000000,0.00000000,0.00000000,3.99861494,0.00000000,0.00000000,0.00000000,0.00000000,1.01692932,1.56579000,2.59599310,2.14696160,0.00000000,0.00000000,0.87264238,1.11701128,0.00000000,2.18158933,1.24638482,0.85695750,0.00000000,0.00000000,0.00000000,0.00000000,0.00000000,0.00000000,0.00000000,0.00000000,0.00000000,0.00000000,0.00000000,0.00000000,0.00000000,0.00000000,0.00000000,3.69748961,0.00000000,0.00000000,0.00000000,0.00000000,0.00000000,0.00000000,0.00000000,2.53036592,3.44578553,0.00000000,2.50510078,0.00000000,2.57424362,0.00000000,0.00000000,0.00000000,1.17501945,1.73003709,1.35113484,1.07849989,0.00000000,1.29098597,2.04002952
0.00000000,0.00000000,0.00000000,0.00000000,0.00000000,0.00000000,0.00000000,0.00000000,0.00000000,0.00000000,0.00000000,0.00000000,0.00000000,0.00000000,0.00000000,0.00000000,0.00000000,0.00000000,0.00000000,0.00000000,0.00000000,0.00000000,0.00000000,0.00000000,0.00000000,0.00000000,0.00000000,0.00000000,0.00000000,0.00000000,0.00000000,0.00000000,0.00000000,0.00000000,0.00000000,0.00000000,0.00000000,0.00000000,0.00000000,0.00000000,0.00000000,0.00000000,0.00000000,0.00000000,0.00000000,0.00000000,0.00000000,0.00000000,1.73527614,0.00000000,0.00000000,0.00000000,0.00000000,0.00000000,1.85577615,0.00000000,0.00000000,0.00000000,0.00000000,0.00000000,0.00000000,0.00000000,0.00000000,0.00000000,0.00000000,0.00000000,0.00000000,0.00000000,0.00000000,0.00000000,0.00000000,0.00000000,0.00000000,0.00000000,0.00000000,0.00000000,1.00265317,0.00000000,2.06331515,0.00000000,0.00000000,0.00000000,0.98552986,0.00000000,1.56636315,0.00000000,0.00000000,0.00000000,1.36091960,0.00000000,0.00000000,0.00000000,1.06653810,0.00000000,1.88733730,0.00000000,0.00000000,0.00000000,0.00000000,0.00000000,1.34072431,0.00000000,1.08068720,0.00000000,0.00000000,0.00000000,0.98110385,0.00000000,0.89083835,0.00000000,1.44868461,0.00000000,1.63176184,0.00000000,2.16274487,0.00000000,3.76191208,0.00000000,0.00000000,0.00000000,0.00000000,0.00000000,0.00000000,0.00000000,0.00000000,0.00000000,0.00000000,0.00000000,0.00000000,0.00000000,0.00000000,0.00000000,0.00000000,0.00000000,0.00000000,0.00000000,0.00000000,0.00000000,0.00000000,0.00000000,0.00000000,0.00000000,0.00000000,0.00000000,0.00000000,0.00000000,0.00000000,0.00000000,0.00000000,0.00000000,0.00000000,0.00000000,0.00000000,0.00000000,0.00000000,0.00000000,0.00000000,0.00000000,0.99485052,0.00000000,0.00000000,0.00000000,2.97155526,0.00000000,1.68152370,0.00000000,0.00000000,0.00000000,1.04090327,0.00000000,6.32165267,0.00000000,0.00000000,0.00000000,0.00000000,0.00000000,0.00000000,0.00000000,0.00000000,0.00000000,0.00000000,0.00000000,0.00000000,0.00000000,0.00000000,0.00000000,0.00000000,0.00000000,0.00000000,0.00000000,0.00000000,0.00000000,0.00000000,0.00000000,0.00000000,0.00000000,0.00000000,0.00000000,0.00000000,0.00000000,0.00000000,0.00000000,0.00000000,0.00000000,0.00000000,0.00000000,0.00000000,0.00000000,0.00000000,0.00000000,1.57916088,0.00000000,1.80692764,0.00000000,1.87306380,1.95436861,1.20738155,0.00000000,0.00000000,0.00000000,0.00000000,0.00000000,0.00000000,0.00000000,0.00000000
0.00000000,0.00000000,0.00000000,0.00000000,0.00000000,0.00000000,0.00000000,0.00000000,0.00000000,0.00000000,0.00000000,0.00000000,0.00000000,0.00000000,0.00000000,0.00000000,0.00000000,0.00000000,0.00000000,0.00000000,0.00000000,0.00000000,0.00000000,0.00000000,0.00000000,0.00000000,0.00000000,0.00000000,0.00000000,0.00000000,0.00000000,0.00000000,0.00000000,0.00000000,0.00000000,0.00000000,0.00000000,0.00000000,0.00000000,0.00000000,0.00000000,0.00000000,0.00000000,0.00000000,0.00000000,0.00000000,0.00000000,0.00000000,0.00000000,2.73470135,0.00000000,0.00000000,0.00000000,0.00000000,0.00000000,0.00000000,0.00000000,2.97051936,0.00000000,2.42017502,0.00000000,0.00000000,0.00000000,0.00000000,0.00000000,0.00000000,0.00000000,0.00000000,0.00000000,0.00000000,0.00000000,0.00000000,0.00000000,0.00000000,0.00000000,0.00000000,0.00000000,0.98045199,0.00000000,0.00000000,0.00000000,0.00000000,0.00000000,1.21605948,0.00000000,0.00000000,0.00000000,2.32231335,0.00000000,2.19172284,0.00000000,0.00000000,0.00000000,1.21510132,0.00000000,1.39902864,0.00000000,0.00000000,0.00000000,0.00000000,0.00000000,0.00000000,0.00000000,1.10093980,0.00000000,0.00000000,0.00000000,1.87176358,0.00000000,1.35278168,0.00000000,0.00000000,0.00000000,2.27622442,0.00000000,0.00000000,0.00000000,1.70870946,0.00000000,0.00000000,0.00000000,0.00000000,0.00000000,0.00000000,0.00000000,0.00000000,0.00000000,0.00000000,0.00000000,0.00000000,0.00000000,0.00000000,0.00000000,1.97676728,0.00000000,0.97886864,0.00000000,0.00000000,0.00000000,0.00000000,0.00000000,0.00000000,0.00000000,0.00000000,0.00000000,0.00000000,0.00000000,0.00000000,0.00000000,0.00000000,0.00000000,0.00000000,0.00000000,0.00000000,0.00000000,0.00000000,0.00000000,0.00000000,0.00000000,0.00000000,0.00000000,0.00000000,0.00000000,0.00000000,0.00000000,1.95188577,0.00000000,0.00000000,0.00000000,0.71769350,0.00000000,1.58044410,0.00000000,5.08739316,0.00000000,0.00000000,0.00000000,0.00000000,0.00000000,0.00000000,0.00000000,0.00000000,0.00000000,0.00000000,0.00000000,0.00000000,0.00000000,0.00000000,0.00000000,0.94206500,0.00000000,0.00000000,0.00000000,2.41352425,0.00000000,1.60149221,0.00000000,0.00000000,0.00000000,0.00000000,0.00000000,0.00000000,0.00000000,0.00000000,0.00000000,0.87987981,0.00000000,0.00000000,0.00000000,0.00000000,0.00000000,0.00000000,0.00000000,0.00000000,0.00000000,0.00000000,0.00000000,0.00000000,1.59795938,5.22767214,2.16955728,0.00000000,2.00330611,1.05115480,0.00000000
0.00000000,0.00000000,0.00000000,0.00000000,0.00000000,0.00000000,0.00000000,0.00000000,0.00000000,0.00000000,0.00000000,0.00000000,0.00000000,0.00000000,0.00000000,0.00000000,1.24685481,0.00000000,0.00000000,0.00000000,1.44130433,0.00000000,2.69914235,0.00000000,0.00000000,0.00000000,1.46176464,0.00000000,1.98020344,0.00000000,1.79387720,0.00000000,0.00000000,0.00000000,1.48394746,0.00000000,1.35567822,0.00000000,2.71589146,0.00000000,0.00000000,0.00000000,1.26019948,0.00000000,0.00000000,0.00000000,0.00000000,0.00000000,0.00000000,0.00000000,1.55147506,0.00000000,3.16682032,0.00000000,0.00000000,0.00000000,0.00000000,0.00000000,0.00000000,0.00000000,1.96991831,0.00000000,1.92985164,0.00000000,0.00000000,0.00000000,0.00000000,0.00000000,0.00000000,0.00000000,0.00000000,0.00000000,1.41958971,0.00000000,1.15974668,0.00000000,1.46433732,0.00000000,1.08628531,0.00000000,0.00000000,0.00000000,0.00000000,0.00000000,0.00000000,0.00000000,0.00000000,0.00000000,0.00000000,0.00000000,0.00000000,0.00000000,0.00000000,0.00000000,0.00000000,0.00000000,0.00000000,0.00000000,0.00000000,0.00000000,0.00000000,0.00000000,0.00000000,0.00000000,0.00000000,0.00000000,0.00000000,0.00000000,0.00000000,0.00000000,0.00000000,0.00000000,0.00000000,0.00000000,0.00000000,0.00000000,0.00000000,0.00000000,0.00000000,0.00000000,2.07497469,0.00000000,2.61555409,0.00000000,1.85586039,0.00000000,1.30000436,1.77614563,0.00000000,0.00000000,1.66456734,0.00000000,0.00000000,0.00000000,1.95630573,0.00000000,2.33359421,0.00000000,1.74924046,0.00000000,1.42243750,2.04376346,1.87278224,0.00000000,1.40620961,0.00000000,1.46371487,0.00000000,1.58836071,1.44064529,0.00000000,0.00000000,1.61147070,0.00000000,0.00000000,0.00000000,2.13411184,0.00000000,0.00000000,0.00000000,2.38347700,2.30459435,1.65354408,0.00000000,0.00000000,0.00000000,1.58850123,0.00000000,1.52074344,0.00000000,2.04155770,0.00000000,1.85524318,0.00000000,1.90667322,0.00000000,0.00000000,0.00000000,0.00000000,0.00000000,1.28371944,0.00000000,0.00000000,0.00000000,1.56383459,0.00000000,0.00000000,0.00000000,0.00000000,0.00000000,0.00000000,0.00000000,0.00000000,0.00000000,0.00000000,0.00000000,0.00000000,0.00000000,0.00000000,0.00000000,0.00000000,0.00000000,0.00000000,0.00000000,0.00000000,0.00000000,0.00000000,0.00000000,2.18260254,0.00000000,2.07373697,5.65268067,3.25405664,1.23407756,0.00000000,0.00000000,0.00000000,0.00000000,0.00000000,0.00000000,4.01793291,0.00000000,0.00000000,0.00000000,0.00000000
0.00000000,0.00000000,0.00000000,0.00000000,0.00000000,0.00000000,0.00000000,0.00000000,0.00000000,0.00000000,0.00000000,0.00000000,0.00000000,0.00000000,0.00000000,0.00000000,0.00000000,0.00000000,0.00000000,0.00000000,0.00000000,0.00000000,0.00000000,0.00000000,0.00000000,0.00000000,0.00000000,0.00000000,0.00000000,0.00000000,0.00000000,0.00000000,0.00000000,0.00000000,0.00000000,0.00000000,0.00000000,0.00000000,0.00000000,0.00000000,0.00000000,0.00000000,0.00000000,0.00000000,0.00000000,2.65450705,0.00000000,0.00000000,0.00000000,0.00000000,0.00000000,1.80935383,0.00000000,0.00000000,0.00000000,0.00000000,0.00000000,0.00000000,0.00000000,0.00000000,0.00000000,1.80244241,0.00000000,0.00000000,0.00000000,1.67304947,0.00000000,0.00000000,0.00000000,0.00000000,0.00000000,0.00000000,0.00000000,0.58716043,0.00000000,0.97046665,0.00000000,1.53885065,0.00000000,1.32446133,0.00000000,1.59419305,0.00000000,0.00000000,0.00000000,0.00000000,0.00000000,1.43722635,0.00000000,0.00000000,0.00000000,0.00000000,0.00000000,0.00000000,0.00000000,0.00000000,0.00000000,0.00000000,0.00000000,0.00000000,0.00000000,0.00000000,0.00000000,0.00000000,0.00000000,0.00000000,0.00000000,0.00000000,0.00000000,0.00000000,0.00000000,0.00000000,0.00000000,0.00000000,0.00000000,0.00000000,0.00000000,0.00000000,0.00000000,0.00000000,0.00000000,0.00000000,0.00000000,3.30305909,0.00000000,1.42443656,0.00000000,0.00000000,0.00000000,1.92249122,1.84209202,1.31105600,0.00000000,2.16090450,0.00000000,0.00000000,0.00000000,0.00000000,0.00000000,3.18964938,0.00000000,2.03791598,0.00000000,0.00000000,0.00000000,1.49252168,0.00000000,0.00000000,0.00000000,1.20291399,0.00000000,0.00000000,0.00000000,0.00000000,0.00000000,0.00000000,0.00000000,0.00000000,0.00000000,3.94649823,0.00000000,2.08703139,0.00000000,2.43051333,0.00000000,0.00000000,0.00000000,0.00000000,0.00000000,1.99363493,0.00000000,1.60493738,0.00000000,2.58416132,0.00000000,0.00000000,0.00000000,0.00000000,0.00000000,0.00000000,0.00000000,1.66297816,0.00000000,0.00000000,0.00000000,2.97086341,0.00000000,0.00000000,0.00000000,0.00000000,0.00000000,0.00000000,0.00000000,0.00000000,0.00000000,0.00000000,0.00000000,0.00000000,0.00000000,0.00000000,0.00000000,0.00000000,0.00000000,0.00000000,0.00000000,0.00000000,0.00000000,0.00000000,0.00000000,0.00000000,0.00000000,0.00000000,0.00000000,0.00000000,5.05560075,0.00000000,0.00000000,0.00000000,1.21398632,0.00000000,1.58451208,2.50710584,0.00000000,0.72763903,0.00000000
0.00000000,0.00000000,0.00000000,0.00000000,8.99099030,0.00000000,0.00000000,0.00000000,0.00000000,0.00000000,0.00000000,0.00000000,0.00000000,0.00000000,0.00000000,0.00000000,0.00000000,0.00000000,0.00000000,0.00000000,0.00000000,0.00000000,0.00000000,0.00000000,0.00000000,0.00000000,0.00000000,0.00000000,0.00000000,0.00000000,0.00000000,0.00000000,0.00000000,0.00000000,0.00000000,0.00000000,0.00000000,0.00000000,0.00000000,0.00000000,0.00000000,0.00000000,0.00000000,0.00000000,0.00000000,0.00000000,0.00000000,0.00000000,0.00000000,0.00000000,0.00000000,0.00000000,0.00000000,0.00000000,0.00000000,0.00000000,0.00000000,0.00000000,0.00000000,0.00000000,0.00000000,0.00000000,0.00000000,0.00000000,1.70927233,0.00000000,0.00000000,0.00000000,0.00000000,0.00000000,1.41958971,0.00000000,0.00000000,0.00000000,1.06573380,0.00000000,1.17319816,0.00000000,0.97990630,0.00000000,0.00000000,0.00000000,3.46064166,0.00000000,1.94999007,0.00000000,3.68808268,0.00000000,0.00000000,0.00000000,0.00000000,0.00000000,0.00000000,0.00000000,0.00000000,0.00000000,0.00000000,0.00000000,0.00000000,0.00000000,0.00000000,0.00000000,0.00000000,0.00000000,0.00000000,0.00000000,0.00000000,0.00000000,0.00000000,0.00000000,0.00000000,0.00000000,0.00000000,0.00000000,6.16390475,0.00000000,0.00000000,0.00000000,0.00000000,0.00000000,1.59369012,0.00000000,2.67116134,0.00000000,2.09283104,0.00000000,0.00000000,0.00000000,0.00000000,0.00000000,1.99864614,0.00000000,1.92173507,0.00000000,1.49368133,0.00000000,1.97431502,0.00000000,1.48999505,1.25836936,1.22443987,0.00000000,1.36993396,0.00000000,1.28729175,0.00000000,1.76801863,0.00000000,0.00000000,0.00000000,1.42218614,0.00000000,0.00000000,0.00000000,0.00000000,0.00000000,2.75963241,0.00000000,0.00000000,0.00000000,0.00000000,0.00000000,1.12293831,0.00000000,0.00000000,0.00000000,0.00000000,0.00000000,2.73642549,0.00000000,0.00000000,0.00000000,1.95201943,0.00000000,0.00000000,0.00000000,0.00000000,0.00000000,0.00000000,0.00000000,1.63283875,1.99107873,0.00000000,0.00000000,1.32657032,0.00000000,0.00000000,0.00000000,0.00000000,0.00000000,0.00000000,0.00000000,0.00000000,0.00000000,0.00000000,0.00000000,0.00000000,0.00000000,1.41951099,0.00000000,0.00000000,0.00000000,0.00000000,0.00000000,0.00000000,0.00000000,0.00000000,0.00000000,1.43367714,0.00000000,0.88786380,3.59618372,4.11253854,0.00000000,4.68980096,0.00000000,0.00000000,2.30260696,0.00000000,0.00000000,3.16973109,0.00000000,0.00000000,0.00000000,0.00000000
0.00000000,0.00000000,0.00000000,0.00000000,0.00000000,0.00000000,0.00000000,0.00000000,0.00000000,0.00000000,0.00000000,0.00000000,0.00000000,0.00000000,0.00000000,0.00000000,0.00000000,0.00000000,0.00000000,0.00000000,0.00000000,0.00000000,0.00000000,0.00000000,0.00000000,0.00000000,0.00000000,0.00000000,0.00000000,0.00000000,0.00000000,0.00000000,0.00000000,0.00000000,0.00000000,0.00000000,0.00000000,0.00000000,0.00000000,0.00000000,0.00000000,0.00000000,0.00000000,0.00000000,0.00000000,0.00000000,0.00000000,0.00000000,0.00000000,0.00000000,0.00000000,0.00000000,0.00000000,0.00000000,0.00000000,0.00000000,0.00000000,0.00000000,0.00000000,0.00000000,0.00000000,0.00000000,0.00000000,0.00000000,0.00000000,1.62822606,0.00000000,0.00000000,0.00000000,0.00000000,0.00000000,0.58716043,0.00000000,0.00000000,0.00000000,0.83167550,0.00000000,0.81985989,0.00000000,0.84895442,0.00000000,2.79381637,0.00000000,0.00000000,0.00000000,1.22430265,0.00000000,1.88452871,0.00000000,0.00000000,0.00000000,0.00000000,0.00000000,0.00000000,0.00000000,0.00000000,0.00000000,0.00000000,0.00000000,0.00000000,0.00000000,0.00000000,0.00000000,0.00000000,0.00000000,0.00000000,0.00000000,1.29071971,0.00000000,0.00000000,0.00000000,0.00000000,0.00000000,0.00000000,0.00000000,0.00000000,0.00000000,0.00000000,0.00000000,0.00000000,0.00000000,1.24464585,0.00000000,1.21317145,0.00000000,1.16463575,0.00000000,0.00000000,0.00000000,1.59555125,0.00000000,1.40316331,0.00000000,1.42967175,0.00000000,1.32316220,0.00000000,1.42652007,0.00000000,2.62385208,0.00000000,1.26193774,0.00000000,1.42241879,0.00000000,1.14061885,0.00000000,2.04277946,2.11145158,1.46935480,0.00000000,0.00000000,0.00000000,0.00000000,0.00000000,0.00000000,0.00000000,0.00000000,0.00000000,0.00000000,0.00000000,0.00000000,0.00000000,1.86718033,0.00000000,3.15953050,0.00000000,0.00000000,0.00000000,3.04510782,0.00000000,0.00000000,0.00000000,0.00000000,0.00000000,0.00000000,0.00000000,0.00000000,0.00000000,0.00000000,0.00000000,0.00000000,0.00000000,0.00000000,0.00000000,0.00000000,0.00000000,0.00000000,0.00000000,0.94081833,0.00000000,0.00000000,0.00000000,0.00000000,0.00000000,0.00000000,0.00000000,0.00000000,0.00000000,1.03006007,0.00000000,1.31033504,0.00000000,0.00000000,0.00000000,0.00000000,0.00000000,0.00000000,0.00000000,0.00000000,0.00000000,0.00000000,0.00000000,0.00000000,4.90038669,0.00000000,0.00000000,0.00000000,1.27090333,6.84067187,2.42527145,0.00000000,0.00000000,0.00000000,0.00000000
0.00000000,0.00000000,0.00000000,0.00000000,0.00000000,0.00000000,0.00000000,0.00000000,0.00000000,0.00000000,0.00000000,0.00000000,0.00000000,0.00000000,0.00000000,0.00000000,1.43624204,0.00000000,0.00000000,0.00000000,1.16501643,0.00000000,0.95422882,0.00000000,0.00000000,0.00000000,1.09995394,0.00000000,1.82540044,0.00000000,0.00000000,0.00000000,1.43320876,0.00000000,0.00000000,0.00000000,1.11705836,0.00000000,0.00000000,0.00000000,0.00000000,0.00000000,0.99191297,0.00000000,2.58056988,0.00000000,0.00000000,0.00000000,0.00000000,0.00000000,1.26847254,0.00000000,3.37241118,0.00000000,0.00000000,0.00000000,0.00000000,0.00000000,0.00000000,0.00000000,0.00000000,0.00000000,2.23358590,0.00000000,0.00000000,0.00000000,0.00000000,0.00000000,0.00000000,0.00000000,1.15974668,0.00000000,1.06573380,0.00000000,0.00000000,0.00000000,1.77853079,0.00000000,1.00175744,0.00000000,1.80948231,0.00000000,1.64838269,0.00000000,2.07186082,0.00000000,1.39211822,0.00000000,0.00000000,0.00000000,0.00000000,0.00000000,1.81482020,0.00000000,2.13119831,0.00000000,4.86863535,0.00000000,1.88483454,3.16692449,1.00054902,0.00000000,0.00000000,0.00000000,0.00000000,0.00000000,0.00000000,0.00000000,0.00000000,0.00000000,0.00000000,0.00000000,0.00000000,0.00000000,0.00000000,0.00000000,0.00000000,0.00000000,0.00000000,0.00000000,1.42156868,0.00000000,1.65545357,0.00000000,0.00000000,0.00000000,0.98011776,0.00000000,1.67130123,0.00000000,1.57546721,0.00000000,1.74747513,0.00000000,1.05184495,0.00000000,1.62329789,1.35343647,1.44176337,1.96227148,1.23844456,1.05817309,1.41242485,0.00000000,1.29232170,0.00000000,1.42450350,0.00000000,1.54678337,1.46860075,1.00238502,0.00000000,1.21613230,0.00000000,0.00000000,0.00000000,0.00000000,0.00000000,0.00000000,0.00000000,0.00000000,0.00000000,1.46840334,0.00000000,0.00000000,0.00000000,1.59195387,0.00000000,2.11138480,0.00000000,0.00000000,0.00000000,0.00000000,0.00000000,1.49320024,0.00000000,0.00000000,0.00000000,0.00000000,0.00000000,1.24307463,0.00000000,2.62951641,0.00000000,1.17709178,0.00000000,0.00000000,0.00000000,0.00000000,0.00000000,0.00000000,0.00000000,0.00000000,0.00000000,0.00000000,0.00000000,0.00000000,0.00000000,0.00000000,0.00000000,2.06359441,0.00000000,0.00000000,0.00000000,0.00000000,0.00000000,1.57061783,0.00000000,1.01081887,0.00000000,1.42820054,0.00000000,3.97929030,0.00000000,0.00000000,0.00000000,3.46993613,0.00000000,0.00000000,0.00000000,0.00000000,0.00000000,0.00000000,0.00000000,0.00000000
0.00000000,0.00000000,0.00000000,0.00000000,0.00000000,0.00000000,0.00000000,0.00000000,0.00000000,1.65735598,0.00000000,0.00000000,0.00000000,0.00000000,0.00000000,0.00000000,0.00000000,0.00000000,0.00000000,0.00000000,0.00000000,0.00000000,0.00000000,0.00000000,0.00000000,0.00000000,0.00000000,0.00000000,0.00000000,0.00000000,0.00000000,0.00000000,0.00000000,0.00000000,0.00000000,0.00000000,0.00000000,0.00000000,0.00000000,0.00000000,0.00000000,0.00000000,0.00000000,0.00000000,0.00000000,0.00000000,0.00000000,0.00000000,0.00000000,0.00000000,0.00000000,0.00000000,0.00000000,0.00000000,0.00000000,0.00000000,0.00000000,0.00000000,0.00000000,0.00000000,0.00000000,0.00000000,0.00000000,0.00000000,0.00000000,1.29283343,0.00000000,0.00000000,0.00000000,0.00000000,0.00000000,0.97046665,0.00000000,0.83167550,0.00000000,0.00000000,0.00000000,1.41446874,0.00000000,1.28564089,0.00000000,2.83961306,0.00000000,0.00000000,0.00000000,1.65945790,0.00000000,1.51770659,0.00000000,0.00000000,0.00000000,0.00000000,0.00000000,0.00000000,0.00000000,0.00000000,0.00000000,0.00000000,0.00000000,0.00000000,0.00000000,0.00000000,0.00000000,0.00000000,0.00000000,0.00000000,0.00000000,0.00000000,0.00000000,0.00000000,0.00000000,0.00000000,0.00000000,0.00000000,0.00000000,0.00000000,0.00000000,0.00000000,0.00000000,0.00000000,0.00000000,3.67913184,0.00000000,1.58904044,0.00000000,1.19157723,0.00000000,0.00000000,2.24217099,2.29790459,2.65929727,1.20543519,3.38218514,1.73360855,0.00000000,1.71712612,0.00000000,0.00000000,0.00000000,2.53270958,1.92026676,1.87822928,0.00000000,1.65428566,0.00000000,1.35167918,0.00000000,0.00000000,0.00000000,1.31714966,0.00000000,0.00000000,0.00000000,0.00000000,0.00000000,0.00000000,0.00000000,0.00000000,0.00000000,0.00000000,0.00000000,2.10260097,0.00000000,2.20020422,0.00000000,0.00000000,0.00000000,0.00000000,0.00000000,3.01784572,0.00000000,3.12661909,0.00000000,1.91810476,0.00000000,0.00000000,0.00000000,0.00000000,0.00000000,0.00000000,3.50432111,0.00000000,0.00000000,0.00000000,0.00000000,0.00000000,0.00000000,0.00000000,0.00000000,0.00000000,0.00000000,0.00000000,0.00000000,0.00000000,0.00000000,0.00000000,0.00000000,0.00000000,0.00000000,3.34407151,0.00000000,0.00000000,0.00000000,0.00000000,0.00000000,0.00000000,0.00000000,0.00000000,0.00000000,1.62983513,0.00000000,0.00000000,0.00000000,0.00000000,6.31309864,0.00000000,0.00000000,0.00000000,1.16463742,1.92020724,2.17485199,2.17551573,0.00000000,0.00000000,0.00000000
0.00000000,0.00000000,0.00000000,0.00000000,0.00000000,0.00000000,0.00000000,0.00000000,0.00000000,0.00000000,0.00000000,0.00000000,0.00000000,0.00000000,0.00000000,0.00000000,0.00000000,0.00000000,0.00000000,0.00000000,0.00000000,0.00000000,0.00000000,0.00000000,0.00000000,0.00000000,0.00000000,0.00000000,0.00000000,0.00000000,0.00000000,0.00000000,0.00000000,0.00000000,0.00000000,0.00000000,0.00000000,0.00000000,0.00000000,0.00000000,3.11285630,0.00000000,0.00000000,0.00000000,0.00000000,0.00000000,0.00000000,0.00000000,5.23752009,0.00000000,0.00000000,0.00000000,0.00000000,0.00000000,0.00000000,0.00000000,0.00000000,0.00000000,0.00000000,0.00000000,0.00000000,0.00000000,0.00000000,0.00000000,0.00000000,0.00000000,0.00000000,0.00000000,1.00265317,0.00000000,1.46433732,0.00000000,1.17319816,0.00000000,1.77853079,0.00000000,0.00000000,0.00000000,1.42594450,0.00000000,1.68295633,0.00000000,1.02563468,0.00000000,1.50192698,0.00000000,2.20221796,0.00000000,1.50938483,0.00000000,0.00000000,0.00000000,1.04781609,0.00000000,1.82943962,0.00000000,0.00000000,0.00000000,1.60320985,0.00000000,1.67270380,0.00000000,1.21738653,0.00000000,0.00000000,0.00000000,0.00000000,0.00000000,1.28370583,0.00000000,0.00000000,0.00000000,2.12038467,0.00000000,1.54872430,0.00000000,1.79028986,0.00000000,0.00000000,0.00000000,3.90279240,0.00000000,0.00000000,0.00000000,0.00000000,0.00000000,0.00000000,0.00000000,0.00000000,0.00000000,2.26746364,0.00000000,0.00000000,0.00000000,0.76663451,0.00000000,3.82507642,0.00000000,0.00000000,0.00000000,0.00000000,0.00000000,2.37861376,0.00000000,0.00000000,0.00000000,0.00000000,0.00000000,0.00000000,0.00000000,1.22941250,0.00000000,0.00000000,0.00000000,0.00000000,0.00000000,0.00000000,0.00000000,0.00000000,0.00000000,0.00000000,0.00000000,0.00000000,0.00000000,1.68768833,0.00000000,0.00000000,0.00000000,1.03484139,0.00000000,0.00000000,0.00000000,0.00000000,0.00000000,0.00000000,0.00000000,0.00000000,0.00000000,0.00000000,0.00000000,0.00000000,0.00000000,0.00000000,0.00000000,0.00000000,0.00000000,0.00000000,0.00000000,1.03644709,0.00000000,0.00000000,0.00000000,0.00000000,0.00000000,1.11787659,0.00000000,0.00000000,0.00000000,0.61060784,0.00000000,1.04317563,0.00000000,0.00000000,0.00000000,0.72712837,0.00000000,0.00000000,0.00000000,0.00000000,0.00000000,1.56357310,0.00000000,3.33603338,0.00000000,0.00000000,1.32481856,2.23484779,0.00000000,0.00000000,0.00000000,0.00000000,0.00000000,0.00000000,0.00000000,0.00000000
0.00000000,0.00000000,0.00000000,0.00000000,0.00000000,0.00000000,0.00000000,0.00000000,0.00000000,0.00000000,0.00000000,0.00000000,0.00000000,0.00000000,0.00000000,0.00000000,0.00000000,0.00000000,0.00000000,0.00000000,0.00000000,0.00000000,0.00000000,0.00000000,0.00000000,0.00000000,0.00000000,0.00000000,0.00000000,0.00000000,0.00000000,0.00000000,0.00000000,0.00000000,0.00000000,0.00000000,0.00000000,0.00000000,0.00000000,0.00000000,0.00000000,0.00000000,0.00000000,0.00000000,0.00000000,8.65769674,0.00000000,0.00000000,0.00000000,6.49405288,0.00000000,0.00000000,0.00000000,0.00000000,0.00000000,0.00000000,0.00000000,5.23684694,0.00000000,3.16066496,0.00000000,0.00000000,0.00000000,0.00000000,0.00000000,0.00000000,0.00000000,0.00000000,0.00000000,0.98045199,0.00000000,1.53885065,0.00000000,0.81985989,0.00000000,1.41446874,0.00000000,0.00000000,0.00000000,1.28009281,0.00000000,1.80034210,0.00000000,2.11778649,0.00000000,1.39612640,0.00000000,1.11083854,0.00000000,0.00000000,0.00000000,0.00000000,0.00000000,1.43698666,0.00000000,1.53065174,0.00000000,0.00000000,0.00000000,2.23718744,0.00000000,2.73289768,0.00000000,3.39766401,0.00000000,0.00000000,0.00000000,0.00000000,0.00000000,2.14834041,0.00000000,0.00000000,0.00000000,0.00000000,0.00000000,0.00000000,0.00000000,1.27367006,0.00000000,2.25893318,0.00000000,1.58622948,0.00000000,0.00000000,0.00000000,0.00000000,0.00000000,0.00000000,0.00000000,0.00000000,0.00000000,0.00000000,0.00000000,0.00000000,0.00000000,0.00000000,0.00000000,0.00000000,0.00000000,0.00000000,0.00000000,0.00000000,0.00000000,0.00000000,0.00000000,0.00000000,0.00000000,0.00000000,0.00000000,0.00000000,0.00000000,0.00000000,0.00000000,0.00000000,0.00000000,0.00000000,0.00000000,0.00000000,0.00000000,0.00000000,0.00000000,0.00000000,0.00000000,0.00000000,0.00000000,1.53364810,0.00000000,0.00000000,0.00000000,0.92209369,0.00000000,0.00000000,0.00000000,0.00000000,0.00000000,0.00000000,0.00000000,0.00000000,0.00000000,0.00000000,0.00000000,0.00000000,0.00000000,0.00000000,0.00000000,0.00000000,0.00000000,0.00000000,0.00000000,1.25215448,0.00000000,1.75379827,0.00000000,0.00000000,0.00000000,1.34368851,0.00000000,0.00000000,0.00000000,0.00000000,0.00000000,1.55284357,0.00000000,0.00000000,0.00000000,0.85690687,0.00000000,0.00000000,0.00000000,0.00000000,0.00000000,0.00000000,0.00000000,0.00000000,2.69611817,0.00000000,0.00000000,0.00000000,1.34565172,0.00000000,1.42041409,0.00000000,2.51619549,4.49136352,0.00000000
0.00000000,0.00000000,0.00000000,0.00000000,0.00000000,0.00000000,0.00000000,0.00000000,0.00000000,0.00000000,0.00000000,0.00000000,0.00000000,0.00000000,0.00000000,0.00000000,0.18024112,0.00000000,0.00000000,0.00000000,0.00000000,0.00000000,0.00000000,0.00000000,0.00000000,0.00000000,0.00000000,0.00000000,0.00000000,0.00000000,0.00000000,0.00000000,0.00000000,0.00000000,0.00000000,0.00000000,0.00000000,0.00000000,0.00000000,0.00000000,0.00000000,0.00000000,0.00000000,0.00000000,1.61213886,0.00000000,0.00000000,0.00000000,0.00000000,0.00000000,0.00000000,0.00000000,0.00000000,0.00000000,0.00000000,0.00000000,0.00000000,0.00000000,0.00000000,0.00000000,0.00000000,0.00000000,0.00000000,0.00000000,0.00000000,0.00000000,0.00000000,0.00000000,2.06331515,0.00000000,1.08628531,0.00000000,0.97990630,0.00000000,1.00175744,0.00000000,1.42594450,0.00000000,0.00000000,0.00000000,1.95311218,0.00000000,1.05690096,0.00000000,1.92469906,0.00000000,1.78158900,0.00000000,0.00000000,0.00000000,0.00000000,0.00000000,1.14519176,0.00000000,2.03058728,0.00000000,0.00000000,0.00000000,2.02220970,0.00000000,0.00000000,0.00000000,4.07537926,0.00000000,1.23073172,0.00000000,1.67148914,0.00000000,0.00000000,0.00000000,0.00000000,0.00000000,0.00000000,0.00000000,2.05688956,0.00000000,0.00000000,0.00000000,0.00000000,0.00000000,1.30979851,0.00000000,1.50596580,0.00000000,0.00000000,0.00000000,0.78690278,0.00000000,0.00000000,0.00000000,1.69764490,0.00000000,0.00000000,0.00000000,0.73480120,0.00000000,0.00000000,0.00000000,0.00000000,0.00000000,1.41078661,0.00000000,1.25067365,0.00000000,1.72231077,2.82150271,0.00000000,0.00000000,0.00000000,0.00000000,0.00000000,0.00000000,0.00000000,0.00000000,0.00000000,0.00000000,2.65247317,0.00000000,0.00000000,0.00000000,0.00000000,0.00000000,1.93252794,0.00000000,2.77693267,0.00000000,0.00000000,0.00000000,1.30833601,0.00000000,0.00000000,0.00000000,0.00000000,0.00000000,0.00000000,0.00000000,0.00000000,0.00000000,0.00000000,0.00000000,0.00000000,0.00000000,0.00000000,0.00000000,0.00000000,0.00000000,0.00000000,0.00000000,0.00000000,1.32510246,1.41072933,0.00000000,1.24185336,0.00000000,1.21579145,0.00000000,0.00000000,0.00000000,0.00000000,0.00000000,1.40598052,0.00000000,0.00000000,0.00000000,1.18838784,0.00000000,0.00000000,0.00000000,0.00000000,0.00000000,0.98762431,0.00000000,2.52017883,2.25707664,2.29320084,1.54480033,3.52039895,0.00000000,0.00000000,0.00000000,0.00000000,0.00000000,0.00000000,0.00000000,0.00000000
0.00000000,0.00000000,0.00000000,0.00000000,0.00000000,0.00000000,0.00000000,0.00000000,0.00000000,0.00000000,0.00000000,0.00000000,0.00000000,0.00000000,0.00000000,0.00000000,0.00000000,0.00000000,0.00000000,0.00000000,0.00000000,0.00000000,0.00000000,0.00000000,0.00000000,0.00000000,0.00000000,0.00000000,0.00000000,0.00000000,0.00000000,0.00000000,0.00000000,0.00000000,0.00000000,0.00000000,0.00000000,0.00000000,0.00000000,0.00000000,0.00000000,0.00000000,0.00000000,0.00000000,0.00000000,0.00000000,0.00000000,0.00000000,0.00000000,0.00000000,0.00000000,0.00000000,0.00000000,0.00000000,0.00000000,0.00000000,0.00000000,0.00000000,0.00000000,0.00000000,0.00000000,0.00000000,0.00000000,0.00000000,0.00000000,1.84427023,0.00000000,0.00000000,0.00000000,0.00000000,0.00000000,1.32446133,0.00000000,0.84895442,0.00000000,1.28564089,0.00000000,1.28009281,0.00000000,0.00000000,0.00000000,0.00000000,0.00000000,0.00000000,0.00000000,1.58482265,0.00000000,1.28021591,0.00000000,0.00000000,0.00000000,0.00000000,0.00000000,0.00000000,0.00000000,0.00000000,0.00000000,0.00000000,0.00000000,0.00000000,0.00000000,0.00000000,0.00000000,0.00000000,0.00000000,0.00000000,0.00000000,0.00000000,0.00000000,0.00000000,0.00000000,0.00000000,0.00000000,0.00000000,0.00000000,0.00000000,0.00000000,0.00000000,0.00000000,0.00000000,0.00000000,2.43158093,0.00000000,1.36209718,0.00000000,0.00000000,0.00000000,0.00000000,0.00000000,1.45055747,0.00000000,0.00000000,0.00000000,1.40854416,0.00000000,0.00000000,0.00000000,1.92473867,0.00000000,1.72424367,0.00000000,1.64245126,0.00000000,1.36195497,0.00000000,1.26934353,0.00000000,0.00000000,0.00000000,1.41257230,0.00000000,0.00000000,0.00000000,0.00000000,0.00000000,0.00000000,0.00000000,0.00000000,0.00000000,0.00000000,0.00000000,2.24137066,0.00000000,1.95355156,0.00000000,0.00000000,0.00000000,0.00000000,0.00000000,3.75683334,0.00000000,0.00000000,0.00000000,0.00000000,0.00000000,3.49404955,0.00000000,0.00000000,0.00000000,0.00000000,4.45464684,0.00000000,0.00000000,0.00000000,0.00000000,0.00000000,0.00000000,0.00000000,0.00000000,0.00000000,0.00000000,0.00000000,0.00000000,0.00000000,0.00000000,0.00000000,0.00000000,0.00000000,0.00000000,0.00000000,0.00000000,2.63093645,0.00000000,0.00000000,0.00000000,0.00000000,0.00000000,0.00000000,0.00000000,0.00000000,0.00000000,0.00000000,0.00000000,0.00000000,5.40765171,0.00000000,0.00000000,0.00000000,1.00733857,0.00000000,3.03989011,0.00000000,0.00000000,0.00000000,0.00000000
0.00000000,0.00000000,0.00000000,0.00000000,0.00000000,0.00000000,0.00000000,0.00000000,0.00000000,0.00000000,0.00000000,0.00000000,0.00000000,0.00000000,0.00000000,0.00000000,0.98425124,0.00000000,0.00000000,0.00000000,1.10796342,0.00000000,0.51129132,0.00000000,0.00000000,0.00000000,0.00000000,0.00000000,1.41982347,0.00000000,0.00000000,0.00000000,0.00000000,0.00000000,0.00000000,0.00000000,1.01685294,0.00000000,3.05728496,0.00000000,0.00000000,0.00000000,0.00000000,0.00000000,0.00000000,0.00000000,0.00000000,0.00000000,12.22912170,0.00000000,0.00000000,0.00000000,0.00000000,0.00000000,0.00000000,0.00000000,0.00000000,0.00000000,0.00000000,0.00000000,1.19306666,0.00000000,1.66184396,0.00000000,0.00000000,0.00000000,0.00000000,0.00000000,0.00000000,0.00000000,0.00000000,0.00000000,0.00000000,0.00000000,1.80948231,0.00000000,1.68295633,0.00000000,1.95311218,0.00000000,0.00000000,0.00000000,2.68345088,0.00000000,1.86965433,0.00000000,1.12618671,0.00000000,0.00000000,0.00000000,3.20941592,0.00000000,1.34469920,0.00000000,1.27429876,0.00000000,2.75625700,0.00000000,2.43753365,0.00000000,3.17936695,0.00000000,0.00000000,0.00000000,0.00000000,0.00000000,5.31835652,0.00000000,0.00000000,0.00000000,0.00000000,0.00000000,0.00000000,0.00000000,0.00000000,0.00000000,0.00000000,0.00000000,0.00000000,0.00000000,2.17653177,0.00000000,1.91792514,0.00000000,0.00000000,0.00000000,1.50694260,3.00985104,0.00000000,0.00000000,0.00000000,0.00000000,3.96343177,0.00000000,1.22918160,0.00000000,1.91397279,0.00000000,1.12036166,0.00000000,1.23487865,0.00000000,1.48137317,0.00000000,1.70223108,0.00000000,0.00000000,0.00000000,2.11084424,0.00000000,2.15411306,0.00000000,0.00000000,0.00000000,5.54755609,0.00000000,0.00000000,0.00000000,0.00000000,0.00000000,0.00000000,0.00000000,1.63724176,0.00000000,0.00000000,0.00000000,0.00000000,0.00000000,3.66357340,0.00000000,0.00000000,0.00000000,1.50439238,0.00000000,4.14019580,0.00000000,0.00000000,0.00000000,0.00000000,0.00000000,0.00000000,0.00000000,0.00000000,0.00000000,0.00000000,0.00000000,0.00000000,0.00000000,0.00000000,0.00000000,0.00000000,0.00000000,1.79460671,0.00000000,0.00000000,0.00000000,0.00000000,0.00000000,0.00000000,0.00000000,2.13309248,0.00000000,1.82545862,0.00000000,2.45184072,0.00000000,1.70329518,0.00000000,1.69788391,0.00000000,1.46561861,2.50728356,2.57928188,0.00000000,5.81427223,2.98958706,3.60515364,0.00000000,0.00000000,0.00000000,0.00000000,0.00000000,0.00000000,0.00000000,0.00000000
0.00000000,1.58834326,0.00000000,0.00000000,0.00000000,0.00000000,0.00000000,0.00000000,0.00000000,0.00000000,0.00000000,0.00000000,0.00000000,0.00000000,0.00000000,0.00000000,0.00000000,1.17092309,0.00000000,0.00000000,0.00000000,1.56920547,0.00000000,1.41928629,0.00000000,1.27304768,0.00000000,0.00000000,0.00000000,0.00000000,0.00000000,0.00000000,0.00000000,0.00000000,0.00000000,1.49143191,0.00000000,0.00000000,0.00000000,0.00000000,0.00000000,0.00000000,0.00000000,1.11130663,0.00000000,0.00000000,0.00000000,0.00000000,0.00000000,0.00000000,0.00000000,1.44384599,0.00000000,0.00000000,0.00000000,0.00000000,0.00000000,0.00000000,0.00000000,0.00000000,0.00000000,0.00000000,0.00000000,0.00000000,1.70520768,0.00000000,0.00000000,0.00000000,0.00000000,0.00000000,0.00000000,1.59419305,0.00000000,2.79381637,0.00000000,2.83961306,0.00000000,1.80034210,0.00000000,0.00000000,0.00000000,0.00000000,0.00000000,0.99915619,0.00000000,1.17672917,0.00000000,1.24073085,0.00000000,2.24602614,0.00000000,2.05823113,0.00000000,1.72720027,0.00000000,1.29386025,0.00000000,1.95856681,0.00000000,1.49457355,0.00000000,2.83378549,0.00000000,5.02197780,0.00000000,1.88485856,0.00000000,0.00000000,0.00000000,0.00000000,0.00000000,0.00000000,0.00000000,0.00000000,0.00000000,0.00000000,0.00000000,0.00000000,0.00000000,0.00000000,0.00000000,0.91506403,0.00000000,1.05737152,0.00000000,0.00000000,0.00000000,1.56118308,1.58064319,0.00000000,0.00000000,0.00000000,3.24826253,2.03315435,0.00000000,0.00000000,2.23858926,1.67197343,0.00000000,2.46627217,0.00000000,1.26107437,0.00000000,1.15364568,0.00000000,1.77086951,0.00000000,1.91297432,0.00000000,1.41253282,0.00000000,1.84229810,0.00000000,1.62472966,0.00000000,2.01167259,0.00000000,0.00000000,0.00000000,0.00000000,0.00000000,0.00000000,0.00000000,1.16724069,0.00000000,0.00000000,0.00000000,0.91310836,0.00000000,2.50957292,0.00000000,0.95197844,0.00000000,0.00000000,0.00000000,0.00000000,0.00000000,0.00000000,0.00000000,0.00000000,0.00000000,1.44951758,0.00000000,0.00000000,0.00000000,0.00000000,0.00000000,0.00000000,0.00000000,1.55997937,0.00000000,3.93413380,0.00000000,2.32500827,0.00000000,2.08668943,0.00000000,0.00000000,0.00000000,0.00000000,0.00000000,1.50254202,0.00000000,1.25576314,0.00000000,1.25994822,0.00000000,0.00000000,0.00000000,0.00000000,0.00000000,0.00000000,0.00000000,0.00000000,4.53362427,0.00000000,0.00000000,0.00000000,3.74829796,1.52655944,1.29101209,0.00000000,2.31050784,1.89365399,5.34223481
0.00000000,0.00000000,0.00000000,0.00000000,0.00000000,0.00000000,0.00000000,0.00000000,0.00000000,0.00000000,0.00000000,0.00000000,0.00000000,0.00000000,0.00000000,0.00000000,0.00000000,0.00000000,0.00000000,0.00000000,0.00000000,0.00000000,0.00000000,0.00000000,0.00000000,0.00000000,0.00000000,0.00000000,0.00000000,0.00000000,0.00000000,0.00000000,0.00000000,0.00000000,0.00000000,0.00000000,0.00000000,0.00000000,0.00000000,0.00000000,0.00000000,0.00000000,0.00000000,0.00000000,0.00000000,0.00000000,0.00000000,0.00000000,2.68472770,0.00000000,0.00000000,0.00000000,0.00000000,0.00000000,0.00000000,0.00000000,0.00000000,0.00000000,0.00000000,0.00000000,0.00000000,0.00000000,1.82492345,0.00000000,0.00000000,0.00000000,0.00000000,0.00000000,0.98552986,0.00000000,0.00000000,0.00000000,3.46064166,0.00000000,1.64838269,0.00000000,1.02563468,0.00000000,1.05690096,0.00000000,2.68345088,0.00000000,0.00000000,0.00000000,0.00000000,0.00000000,1.06005851,0.00000000,1.47720754,0.00000000,1.33296102,0.00000000,1.26238972,0.00000000,1.34859468,0.00000000,0.00000000,0.00000000,1.21867451,0.00000000,1.15941961,0.00000000,0.99986357,0.00000000,0.00000000,0.00000000,1.28518722,0.00000000,1.21939916,0.00000000,0.00000000,0.00000000,2.83304366,0.00000000,1.06814801,0.00000000,1.40740067,0.00000000,0.00000000,0.00000000,1.72120456,0.00000000,0.00000000,0.00000000,0.00000000,0.00000000,2.04007311,0.00000000,0.00000000,0.00000000,0.00000000,0.00000000,0.00000000,0.00000000,0.00000000,0.00000000,0.00000000,0.00000000,0.00000000,0.00000000,0.00000000,0.00000000,0.00000000,0.00000000,0.00000000,0.00000000,0.00000000,0.00000000,0.00000000,0.00000000,0.00000000,0.00000000,0.00000000,0.00000000,0.00000000,0.00000000,0.00000000,0.00000000,0.00000000,0.00000000,0.00000000,0.00000000,0.00000000,0.00000000,1.35183746,0.00000000,0.00000000,0.00000000,1.18945305,0.00000000,0.00000000,0.00000000,0.00000000,0.00000000,0.00000000,0.00000000,0.00000000,0.00000000,0.00000000,0.00000000,0.00000000,0.00000000,0.00000000,0.00000000,0.00000000,0.00000000,0.00000000,0.00000000,1.05926296,0.00000000,1.44542200,0.00000000,0.93455520,0.00000000,1.38369996,0.00000000,2.48374185,0.00000000,0.00000000,0.00000000,1.09788716,0.00000000,0.00000000,0.00000000,0.00000000,0.00000000,0.00000000,0.00000000,0.00000000,1.96919331,1.10767235,0.00000000,3.48053729,0.00000000,1.96032690,1.04932715,1.77343905,0.00000000,0.00000000,0.00000000,0.00000000,0.00000000,0.00000000,0.00000000,0.00000000
0.00000000,0.00000000,0.00000000,0.00000000,0.00000000,0.00000000,0.00000000,0.00000000,0.00000000,0.00000000,0.00000000,0.00000000,0.00000000,0.00000000,0.00000000,0.00000000,0.00000000,0.00000000,0.00000000,0.00000000,0.00000000,0.00000000,0.00000000,0.00000000,0.00000000,0.00000000,0.00000000,0.00000000,0.00000000,0.00000000,0.00000000,0.00000000,0.00000000,0.00000000,0.00000000,0.00000000,0.00000000,0.00000000,0.00000000,0.00000000,0.00000000,0.00000000,0.00000000,0.00000000,0.00000000,1.49119308,0.00000000,0.00000000,0.00000000,8.33879292,0.00000000,0.00000000,0.00000000,0.00000000,0.00000000,0.00000000,0.00000000,0.00000000,0.00000000,0.00000000,0.00000000,0.00000000,0.00000000,0.00000000,0.00000000,0.00000000,0.00000000,0.00000000,0.00000000,1.21605948,0.00000000,0.00000000,0.00000000,0.00000000,0.00000000,0.00000000,0.00000000,2.11778649,0.00000000,0.00000000,0.00000000,0.99915619,0.00000000,0.00000000,0.00000000,1.00746932,0.00000000,0.91961314,0.00000000,2.23666389,0.00000000,1.49398230,0.00000000,2.88040425,0.00000000,0.92982572,0.00000000,0.00000000,0.00000000,1.11992055,0.00000000,1.37241525,0.00000000,1.70953538,0.00000000,1.06624665,0.00000000,1.36683441,0.00000000,0.00000000,0.00000000,0.00000000,0.00000000,0.00000000,0.00000000,0.00000000,0.00000000,3.11683117,0.00000000,4.65233156,0.00000000,1.12633963,0.00000000,1.15970242,0.00000000,1.01060987,0.00000000,0.00000000,1.80294179,0.00000000,1.20829843,0.00000000,0.00000000,0.00000000,0.00000000,0.00000000,0.00000000,0.00000000,0.00000000,0.00000000,0.00000000,0.00000000,0.00000000,0.00000000,0.00000000,0.00000000,0.00000000,0.00000000,0.00000000,0.00000000,0.00000000,0.00000000,0.00000000,0.00000000,0.00000000,0.00000000,0.00000000,0.00000000,0.00000000,0.00000000,0.00000000,0.00000000,0.00000000,1.38129838,0.00000000,1.35697193,0.00000000,0.00000000,0.00000000,1.07585145,0.00000000,1.36170091,0.00000000,0.00000000,0.00000000,0.00000000,0.00000000,0.00000000,0.00000000,0.00000000,0.00000000,0.00000000,0.00000000,0.00000000,0.00000000,0.00000000,0.00000000,0.00000000,0.00000000,0.99578340,0.00000000,1.57695435,0.00000000,0.00000000,0.00000000,0.81294810,0.00000000,0.00000000,0.00000000,0.00000000,0.00000000,0.88299392,0.00000000,0.00000000,0.00000000,0.58151841,0.00000000,0.00000000,0.00000000,0.00000000,0.00000000,0.00000000,0.00000000,0.00000000,2.77843883,0.00000000,0.00000000,0.00000000,1.22711033,0.00000000,0.96294078,0.00000000,1.14395096,2.53281215,1.37819196
0.00000000,0.00000000,1.80960245,0.00000000,0.00000000,0.00000000,0.00000000,0.00000000,0.00000000,0.00000000,0.00000000,0.00000000,0.00000000,0.00000000,0.98420298,0.00000000,1.14723861,0.00000000,0.00000000,0.00000000,0.00000000,0.00000000,1.15187844,0.00000000,0.00000000,0.00000000,0.00000000,0.00000000,0.00000000,0.00000000,0.00000000,0.00000000,0.00000000,0.00000000,0.00000000,0.00000000,0.00000000,0.00000000,0.00000000,0.00000000,0.00000000,0.00000000,0.00000000,0.00000000,0.00000000,0.00000000,0.00000000,0.00000000,0.00000000,0.00000000,0.00000000,0.00000000,1.75395006,0.00000000,0.00000000,0.00000000,0.00000000,0.00000000,0.00000000,0.00000000,0.00000000,0.00000000,0.00000000,0.00000000,0.00000000,0.00000000,0.00000000,0.00000000,1.56636315,0.00000000,0.00000000,0.00000000,1.94999007,0.00000000,2.07186082,0.00000000,1.50192698,0.00000000,1.92469906,0.00000000,1.86965433,0.00000000,0.00000000,0.00000000,0.00000000,0.00000000,1.25223550,0.00000000,0.00000000,0.00000000,0.00000000,0.00000000,0.00000000,0.00000000,1.41356622,0.00000000,2.36937791,0.00000000,1.66512753,0.00000000,1.24570935,0.00000000,0.00000000,0.00000000,0.00000000,0.00000000,2.46205993,0.00000000,0.00000000,0.00000000,0.00000000,0.00000000,0.00000000,0.00000000,0.00000000,0.00000000,0.00000000,0.00000000,0.00000000,0.00000000,2.20377504,0.00000000,2.15916001,0.00000000,0.00000000,0.00000000,0.00000000,0.00000000,1.49995712,0.00000000,0.00000000,0.00000000,5.65334951,0.00000000,2.49691852,0.00000000,1.60693655,0.00000000,0.00000000,0.00000000,1.26276129,0.00000000,1.34018688,0.00000000,3.81624567,0.00000000,0.00000000,0.00000000,0.00000000,0.00000000,0.00000000,0.00000000,0.00000000,0.00000000,0.00000000,0.00000000,0.00000000,0.00000000,0.00000000,0.00000000,0.00000000,0.00000000,0.00000000,0.00000000,0.00000000,0.00000000,0.00000000,0.00000000,2.25332080,0.00000000,0.00000000,0.00000000,0.00000000,0.00000000,0.00000000,0.00000000,0.00000000,0.00000000,0.00000000,0.00000000,2.45289825,0.00000000,0.00000000,0.00000000,0.00000000,0.00000000,0.00000000,0.00000000,0.00000000,0.00000000,0.00000000,0.00000000,0.00000000,0.00000000,0.00000000,0.00000000,0.00000000,0.00000000,5.16845746,0.00000000,2.80253368,0.00000000,6.07223748,0.00000000,0.00000000,0.00000000,0.00000000,0.00000000,3.32771469,0.00000000,0.00000000,0.00000000,0.00000000,0.00000000,0.00000000,0.00000000,4.96391229,0.00000000,0.00000000,0.00000000,0.00000000,0.00000000,0.00000000,0.00000000,0.00000000
0.00000000,0.00000000,0.00000000,0.00000000,0.00000000,0.00000000,0.00000000,1.28020927,0.00000000,0.00000000,0.00000000,0.00000000,0.00000000,0.00000000,0.00000000,0.00000000,0.00000000,1.54784675,0.00000000,0.00000000,0.00000000,1.72281565,0.00000000,0.00000000,0.00000000,1.68625350,0.00000000,0.00000000,0.00000000,0.00000000,0.00000000,0.00000000,0.00000000,0.00000000,0.00000000,0.00000000,0.00000000,2.07994820,0.00000000,0.00000000,0.00000000,0.00000000,0.00000000,0.00000000,0.00000000,1.41216931,0.00000000,0.00000000,0.00000000,0.00000000,0.00000000,2.55820641,0.00000000,0.00000000,0.00000000,1.49681996,0.00000000,2.76693429,4.35608132,0.00000000,0.00000000,0.00000000,0.00000000,0.00000000,0.00000000,0.00000000,0.00000000,0.00000000,0.00000000,0.00000000,0.00000000,0.00000000,0.00000000,1.22430265,0.00000000,1.65945790,0.00000000,1.39612640,0.00000000,1.58482265,0.00000000,1.17672917,0.00000000,1.00746932,0.00000000,0.00000000,0.00000000,1.33684154,0.00000000,1.38105866,0.00000000,1.60680537,0.00000000,0.00000000,0.00000000,1.49010241,0.00000000,2.15316512,0.00000000,1.65139142,0.00000000,1.45120551,0.00000000,6.61215804,0.00000000,5.63491505,0.00000000,4.13262025,0.00000000,0.00000000,0.00000000,0.00000000,0.00000000,0.00000000,0.00000000,0.00000000,0.00000000,0.00000000,0.00000000,0.00000000,0.00000000,1.40043444,0.00000000,1.94636400,0.00000000,0.00000000,0.00000000,0.00000000,0.00000000,0.00000000,0.00000000,0.00000000,1.86568452,2.88269300,0.00000000,2.53002035,0.00000000,2.10676826,0.00000000,2.27698347,0.00000000,1.27712872,0.00000000,1.33337485,0.00000000,1.79906342,2.83342489,0.00000000,1.74569421,1.87568119,0.00000000,2.32858800,3.70502968,0.00000000,0.00000000,0.00000000,0.00000000,1.55697266,0.00000000,0.00000000,0.00000000,0.00000000,0.00000000,1.18098755,0.00000000,4.03005891,0.00000000,1.82550334,0.00000000,2.13725034,0.00000000,0.00000000,0.00000000,1.01964901,0.00000000,0.00000000,0.00000000,0.00000000,0.00000000,0.00000000,0.00000000,2.06076417,0.00000000,0.00000000,0.00000000,0.00000000,0.00000000,0.00000000,0.00000000,0.00000000,0.00000000,0.00000000,0.00000000,0.00000000,0.00000000,0.00000000,0.00000000,0.00000000,0.00000000,0.00000000,0.00000000,2.77454771,0.00000000,0.00000000,0.00000000,2.97416710,0.00000000,0.00000000,0.00000000,3.52201186,0.00000000,0.00000000,0.00000000,0.00000000,0.00000000,0.00000000,0.00000000,0.00000000,2.73570926,2.10073586,1.84108052,0.00000000,4.88670182,2.64393946,0.00000000
0.00000000,0.00000000,0.00000000,0.00000000,0.00000000,0.00000000,0.00000000,0.00000000,0.00000000,0.00000000,0.00000000,0.00000000,0.00000000,0.00000000,0.00000000,0.00000000,0.96298987,0.00000000,0.00000000,0.00000000,1.21631420,0.00000000,0.87767480,0.00000000,0.00000000,0.00000000,0.00000000,0.00000000,1.58088843,0.00000000,0.00000000,0.00000000,0.00000000,0.00000000,0.00000000,0.00000000,1.32456414,0.00000000,0.00000000,0.00000000,0.00000000,0.00000000,1.10245839,0.00000000,0.00000000,0.00000000,0.00000000,0.00000000,8.05763999,0.00000000,1.63992624,0.00000000,0.00000000,0.00000000,0.00000000,0.00000000,0.00000000,0.00000000,0.00000000,0.00000000,0.00000000,0.00000000,1.64210854,0.00000000,0.00000000,0.00000000,0.00000000,0.00000000,0.00000000,0.00000000,0.00000000,0.00000000,3.68808268,0.00000000,1.39211822,0.00000000,2.20221796,0.00000000,1.78158900,0.00000000,1.12618671,0.00000000,1.06005851,0.00000000,1.25223550,0.00000000,0.00000000,0.00000000,0.00000000,0.00000000,2.03905533,0.00000000,1.24448921,0.00000000,1.44204777,0.00000000,1.42149341,0.00000000,1.31853825,0.00000000,1.66541272,0.00000000,1.94130842,0.00000000,0.00000000,0.00000000,0.00000000,0.00000000,0.00000000,0.00000000,0.00000000,0.00000000,0.00000000,0.00000000,0.00000000,0.00000000,0.00000000,0.00000000,0.00000000,0.00000000,1.81329155,0.00000000,1.44329130,0.00000000,0.00000000,0.00000000,0.00000000,0.00000000,0.00000000,0.00000000,2.86828972,0.00000000,0.00000000,0.00000000,1.12471167,0.00000000,1.84964488,0.00000000,1.67897597,2.74716752,1.12766690,0.00000000,1.30694034,0.00000000,1.60207329,0.00000000,0.00000000,0.00000000,0.00000000,0.00000000,1.29447545,0.00000000,0.00000000,0.00000000,0.00000000,0.00000000,0.00000000,0.00000000,0.00000000,0.00000000,0.00000000,0.00000000,1.78450797,0.00000000,1.71697559,0.00000000,0.00000000,0.00000000,1.31274988,0.00000000,0.00000000,0.00000000,0.00000000,0.00000000,3.21952455,0.00000000,0.00000000,0.00000000,0.00000000,0.00000000,0.00000000,0.00000000,0.00000000,0.00000000,0.00000000,0.00000000,0.00000000,0.00000000,0.00000000,0.00000000,0.00000000,0.00000000,1.92944266,0.00000000,1.59606825,0.00000000,4.76943444,0.00000000,1.27423042,0.00000000,1.23277921,0.00000000,1.17915920,0.00000000,1.28805835,0.00000000,0.00000000,0.00000000,1.46991602,2.37199847,1.21569335,0.00000000,3.45669624,0.00000000,4.62479087,1.31992817,2.63739813,4.92074707,0.00000000,0.00000000,0.00000000,0.00000000,0.00000000,0.00000000,0.00000000
0.00000000,0.00000000,0.00000000,0.00000000,0.00000000,0.00000000,0.00000000,0.00000000,0.00000000,4.55578655,0.00000000,0.00000000,0.00000000,0.00000000,0.00000000,0.00000000,0.00000000,1.25213003,0.00000000,0.00000000,0.00000000,0.00000000,0.00000000,0.00000000,0.00000000,0.00000000,0.00000000,0.00000000,0.00000000,0.00000000,0.00000000,0.00000000,0.00000000,0.00000000,0.00000000,0.00000000,0.00000000,1.67658885,0.00000000,0.00000000,0.00000000,0.00000000,0.00000000,0.00000000,0.00000000,1.60047925,0.00000000,0.00000000,0.00000000,11.33313032,0.00000000,0.00000000,0.00000000,0.00000000,0.00000000,0.00000000,0.00000000,0.00000000,0.00000000,0.00000000,0.00000000,0.00000000,0.00000000,0.00000000,0.00000000,0.00000000,0.00000000,0.00000000,0.00000000,2.32231335,0.00000000,1.43722635,0.00000000,1.88452871,0.00000000,1.51770659,0.00000000,1.11083854,0.00000000,1.28021591,0.00000000,1.24073085,0.00000000,0.91961314,0.00000000,1.33684154,0.00000000,0.00000000,0.00000000,2.78306592,0.00000000,0.00000000,0.00000000,2.06361603,0.00000000,1.97848435,0.00000000,3.89816218,0.00000000,2.79085833,0.00000000,0.00000000,0.00000000,3.25805973,0.00000000,0.00000000,0.00000000,0.00000000,0.00000000,0.00000000,0.00000000,0.00000000,0.00000000,0.00000000,0.00000000,0.00000000,0.00000000,0.00000000,0.00000000,0.00000000,0.00000000,1.03130953,0.00000000,1.01901767,0.00000000,1.45236880,0.00000000,0.00000000,1.41430541,0.00000000,0.00000000,1.53061149,0.00000000,0.00000000,0.00000000,1.58945094,0.00000000,1.74477087,0.00000000,0.00000000,0.00000000,1.36568259,0.00000000,1.11740053,0.00000000,1.45273495,0.00000000,0.00000000,0.00000000,1.79640332,0.00000000,2.63482410,0.00000000,0.00000000,0.00000000,0.00000000,0.00000000,0.00000000,0.00000000,0.00000000,0.00000000,0.00000000,0.00000000,2.64657808,0.00000000,2.39008585,0.00000000,0.00000000,0.00000000,1.45170039,0.00000000,1.32396270,0.00000000,0.00000000,0.00000000,0.00000000,0.00000000,0.00000000,0.00000000,0.00000000,2.40913947,1.74570673,0.00000000,0.00000000,0.00000000,0.00000000,0.00000000,0.00000000,0.00000000,1.55393117,0.00000000,1.77950426,0.00000000,1.65820754,0.00000000,1.27496063,0.00000000,0.00000000,0.00000000,1.60779131,0.00000000,1.47748808,0.00000000,1.04052349,0.00000000,0.00000000,0.00000000,0.00000000,0.00000000,0.00000000,0.00000000,0.00000000,0.00000000,0.00000000,4.69117991,0.00000000,0.00000000,0.00000000,1.28964406,6.41411610,1.83587392,0.00000000,3.13014141,3.46580839,0.00000000
0.00000000,0.00000000,0.00000000,0.00000000,0.00000000,0.00000000,0.00000000,0.00000000,0.00000000,0.00000000,0.00000000,0.00000000,0.00000000,0.00000000,0.00000000,0.00000000,0.00000000,0.00000000,0.00000000,0.00000000,0.00000000,0.00000000,0.00000000,0.00000000,0.00000000,0.00000000,0.00000000,0.00000000,0.00000000,0.00000000,0.00000000,0.00000000,0.00000000,0.00000000,0.00000000,0.00000000,0.00000000,0.00000000,0.00000000,0.00000000,0.00000000,0.00000000,0.00000000,0.00000000,0.00000000,0.00000000,0.00000000,0.00000000,4.12123255,0.00000000,0.00000000,0.00000000,0.00000000,0.00000000,0.00000000,0.00000000,0.00000000,0.00000000,0.00000000,0.00000000,0.00000000,0.00000000,0.00000000,0.00000000,0.00000000,0.00000000,0.00000000,0.00000000,1.36091960,0.00000000,0.00000000,0.00000000,0.00000000,0.00000000,0.00000000,0.00000000,1.50938483,0.00000000,0.00000000,0.00000000,0.00000000,0.00000000,1.47720754,0.00000000,0.00000000,0.00000000,0.00000000,0.00000000,0.00000000,0.00000000,1.42728688,0.00000000,1.49694466,0.00000000,0.00000000,0.00000000,1.68517093,0.00000000,1.25636916,0.00000000,1.12651153,0.00000000,1.97444999,0.00000000,2.34038406,0.00000000,1.33759750,0.00000000,0.00000000,0.00000000,0.00000000,0.00000000,5.38575807,0.00000000,0.00000000,0.00000000,0.00000000,0.00000000,0.00000000,0.00000000,0.00000000,0.00000000,0.00000000,0.00000000,0.00000000,0.00000000,0.00000000,0.00000000,0.00000000,0.00000000,0.00000000,0.00000000,0.00000000,0.00000000,0.00000000,0.00000000,0.00000000,0.00000000,0.00000000,0.00000000,0.00000000,0.00000000,0.00000000,0.00000000,0.00000000,0.00000000,0.00000000,0.00000000,0.00000000,0.00000000,1.85419533,0.00000000,0.00000000,0.00000000,0.00000000,0.00000000,0.00000000,0.00000000,0.00000000,0.00000000,0.00000000,0.00000000,0.00000000,0.00000000,0.00000000,0.00000000,0.00000000,0.00000000,0.00000000,0.00000000,0.00000000,0.00000000,0.00000000,0.00000000,1.76937765,0.00000000,0.00000000,0.00000000,0.00000000,0.00000000,0.00000000,0.00000000,0.00000000,0.00000000,0.00000000,0.00000000,0.00000000,0.00000000,0.00000000,0.00000000,0.00000000,0.00000000,0.00000000,0.00000000,0.00000000,0.00000000,0.00000000,0.00000000,0.00000000,0.00000000,0.00000000,0.00000000,0.00000000,0.00000000,0.00000000,0.00000000,0.00000000,0.00000000,0.00000000,0.00000000,1.34297895,0.00000000,1.84505148,0.00000000,0.00000000,3.34701585,2.98182688,0.00000000,0.00000000,0.00000000,0.00000000,0.00000000,0.00000000,0.00000000,0.00000000
0.00000000,0.00000000,0.00000000,0.00000000,0.00000000,0.00000000,0.00000000,0.00000000,0.00000000,0.00000000,0.00000000,0.00000000,0.00000000,2.26056695,0.00000000,0.00000000,0.00000000,0.00000000,0.00000000,0.00000000,0.00000000,0.00000000,0.00000000,0.00000000,0.00000000,0.00000000,0.00000000,0.00000000,0.00000000,0.00000000,0.00000000,0.00000000,0.00000000,0.00000000,0.00000000,0.00000000,0.00000000,0.00000000,0.00000000,0.00000000,0.00000000,0.00000000,0.00000000,0.00000000,0.00000000,0.80890185,0.00000000,0.00000000,0.00000000,6.14715877,0.00000000,0.00000000,0.00000000,0.00000000,0.00000000,0.00000000,0.00000000,0.00000000,0.00000000,0.00000000,0.00000000,0.00000000,0.00000000,0.00000000,0.00000000,0.00000000,0.00000000,0.00000000,0.00000000,2.19172284,0.00000000,0.00000000,0.00000000,0.00000000,0.00000000,0.00000000,0.00000000,0.00000000,0.00000000,0.00000000,0.00000000,2.24602614,0.00000000,2.23666389,0.00000000,1.38105866,0.00000000,2.78306592,0.00000000,0.00000000,0.00000000,1.34231619,0.00000000,1.45108657,0.00000000,1.37686526,0.00000000,0.89840337,0.00000000,1.27183504,0.00000000,1.03175575,0.00000000,1.24199263,0.00000000,1.33120056,0.00000000,1.36642056,0.00000000,0.00000000,0.00000000,0.00000000,0.00000000,0.00000000,0.00000000,0.00000000,0.00000000,1.23578713,0.00000000,0.00000000,0.00000000,1.03460717,0.00000000,0.00000000,0.00000000,0.00000000,0.00000000,0.67501592,0.00000000,0.00000000,0.00000000,0.00000000,0.00000000,0.00000000,0.00000000,0.78458460,0.00000000,0.61771501,0.00000000,0.00000000,0.00000000,0.00000000,0.00000000,0.00000000,0.00000000,0.00000000,0.00000000,0.38586460,0.00000000,0.00000000,0.00000000,0.92546567,0.00000000,0.72450823,0.00000000,0.00000000,0.00000000,0.00000000,0.00000000,0.00000000,0.00000000,0.00000000,0.00000000,0.00000000,0.00000000,2.10399885,0.00000000,0.00000000,0.00000000,0.00000000,0.00000000,0.00000000,0.00000000,0.00000000,0.00000000,0.00000000,0.00000000,1.27290193,0.00000000,0.00000000,1.12922223,0.15391016,0.00000000,0.00000000,0.00000000,0.00000000,0.00000000,1.45931503,0.00000000,0.00000000,0.00000000,1.77734289,0.00000000,0.00000000,0.00000000,1.34019391,0.00000000,15.78644867,0.00000000,0.00000000,0.00000000,1.14968455,0.00000000,0.69970428,0.00000000,0.53747720,0.00000000,0.00000000,0.00000000,0.00000000,0.00000000,0.00000000,0.00000000,0.00000000,1.59141443,0.00000000,0.00000000,0.00000000,1.10321651,5.04118011,1.01947627,0.00000000,2.79831359,1.89664736,3.07660381
0.00000000,0.00000000,0.00000000,0.00000000,0.00000000,0.00000000,0.00000000,0.00000000,0.00000000,0.00000000,0.00000000,0.00000000,0.00000000,0.00000000,0.00000000,0.00000000,1.28606610,0.00000000,0.00000000,0.00000000,0.00000000,0.00000000,0.00000000,0.00000000,0.00000000,0.00000000,0.00000000,0.00000000,0.00000000,0.00000000,0.00000000,0.00000000,0.00000000,0.00000000,0.00000000,0.00000000,0.00000000,0.00000000,0.00000000,0.00000000,0.00000000,0.00000000,0.00000000,0.00000000,0.00000000,0.00000000,0.00000000,0.00000000,10.25719231,0.00000000,0.00000000,0.00000000,0.00000000,0.00000000,0.00000000,0.00000000,0.00000000,0.00000000,0.00000000,0.00000000,0.00000000,0.00000000,0.00000000,0.00000000,0.00000000,0.00000000,0.00000000,0.00000000,0.00000000,0.00000000,0.00000000,0.00000000,0.00000000,0.00000000,0.00000000,0.00000000,0.00000000,0.00000000,0.00000000,0.00000000,3.20941592,0.00000000,1.33296102,0.00000000,0.00000000,0.00000000,2.03905533,0.00000000,1.42728688,0.00000000,0.00000000,0.00000000,1.06749355,0.00000000,2.53855805,0.00000000,1.82402068,0.00000000,1.93923374,0.00000000,1.31589349,0.00000000,1.68199826,0.00000000,4.16209512,0.00000000,1.92195368,0.00000000,0.00000000,0.00000000,0.00000000,0.00000000,0.00000000,0.00000000,0.00000000,0.00000000,0.00000000,0.00000000,0.00000000,0.00000000,0.00000000,0.00000000,0.00000000,0.00000000,0.00000000,0.00000000,0.00000000,0.00000000,1.32391011,0.00000000,0.00000000,0.00000000,0.00000000,0.00000000,1.48961216,0.00000000,2.06411738,0.00000000,0.00000000,0.00000000,1.34269096,2.52548740,1.62437697,0.00000000,0.00000000,0.00000000,2.00457953,0.00000000,0.00000000,0.00000000,1.53098031,0.00000000,1.78505341,0.00000000,0.00000000,0.00000000,0.00000000,0.00000000,0.00000000,0.00000000,0.00000000,0.00000000,0.00000000,0.00000000,0.00000000,0.00000000,0.00000000,0.00000000,0.00000000,0.00000000,0.00000000,0.00000000,0.00000000,0.00000000,2.85369318,0.00000000,0.00000000,0.00000000,0.00000000,0.00000000,0.00000000,0.00000000,0.00000000,0.00000000,0.00000000,0.00000000,0.00000000,0.00000000,1.75845858,0.00000000,0.00000000,0.00000000,0.00000000,0.00000000,0.00000000,0.00000000,0.00000000,0.00000000,3.19959051,0.00000000,1.84668145,0.00000000,0.00000000,0.00000000,2.43763310,0.00000000,0.00000000,0.00000000,0.00000000,0.00000000,0.00000000,0.00000000,0.00000000,0.00000000,0.00000000,4.46850218,0.00000000,5.71453680,0.00000000,0.00000000,0.00000000,0.00000000,0.00000000,0.00000000,0.00000000
0.00000000,0.00000000,0.00000000,0.00000000,0.00000000,0.00000000,0.00000000,0.00000000,0.00000000,0.00000000,0.00000000,0.00000000,0.00000000,0.00000000,0.00000000,0.00000000,0.00000000,0.00000000,0.00000000,0.00000000,0.00000000,0.00000000,0.00000000,1.20647429,0.00000000,1.01398152,0.00000000,0.00000000,0.00000000,0.73962908,0.00000000,0.00000000,0.00000000,0.00000000,0.00000000,0.00000000,0.00000000,0.00000000,0.00000000,0.00000000,0.00000000,0.00000000,0.00000000,0.00000000,0.00000000,0.00000000,0.00000000,0.00000000,0.00000000,0.00000000,0.00000000,0.00000000,0.00000000,1.41309051,0.00000000,0.00000000,0.00000000,0.00000000,0.00000000,0.00000000,0.00000000,0.00000000,0.00000000,0.00000000,0.00000000,0.00000000,0.00000000,0.00000000,0.00000000,0.00000000,0.00000000,0.00000000,0.00000000,0.00000000,0.00000000,0.00000000,0.00000000,0.00000000,0.00000000,0.00000000,0.00000000,2.05823113,0.00000000,1.49398230,0.00000000,1.60680537,0.00000000,0.00000000,0.00000000,1.34231619,0.00000000,0.00000000,0.00000000,1.49797683,0.00000000,1.68350120,0.00000000,1.60539834,0.00000000,1.78504188,0.00000000,1.30176736,0.00000000,1.59661319,0.00000000,0.00000000,0.00000000,3.21743023,0.00000000,0.00000000,0.00000000,0.00000000,0.00000000,1.98270796,0.00000000,0.00000000,0.00000000,0.00000000,0.00000000,0.00000000,0.00000000,0.00000000,0.00000000,0.00000000,0.00000000,0.00000000,0.82198284,0.00000000,0.00000000,0.55572133,0.00000000,0.00000000,1.28139181,0.00000000,0.00000000,1.78430200,1.42366090,2.11660413,0.68276315,0.00000000,0.00000000,1.02166470,0.00000000,1.35033922,0.00000000,0.00000000,0.00000000,0.00000000,0.00000000,0.00000000,1.26632233,2.01304394,0.00000000,2.52873943,0.00000000,0.00000000,0.00000000,0.00000000,0.00000000,0.00000000,0.00000000,0.00000000,0.00000000,0.00000000,0.00000000,2.46245274,0.00000000,0.00000000,0.00000000,0.00000000,0.00000000,0.00000000,0.00000000,0.00000000,0.00000000,0.00000000,0.00000000,0.00000000,0.00000000,0.00000000,0.00000000,2.00890804,0.00000000,0.00000000,0.00000000,0.00000000,0.00000000,0.00000000,0.00000000,0.00000000,0.00000000,0.00000000,0.00000000,0.00000000,0.00000000,0.00000000,0.00000000,0.00000000,0.00000000,2.67683997,0.00000000,2.02564328,0.00000000,0.00000000,0.00000000,0.00000000,0.00000000,0.00000000,1.10969840,0.00000000,0.00000000,0.00000000,0.00000000,0.00000000,0.00000000,0.00000000,0.00000000,0.00000000,0.00000000,0.00000000,0.00000000,0.00000000,0.00000000,0.00000000,0.00000000
0.00000000,0.00000000,0.00000000,0.00000000,0.00000000,0.00000000,0.00000000,0.00000000,0.00000000,0.00000000,0.00000000,0.00000000,0.00000000,0.00000000,0.00000000,0.00000000,0.00000000,0.00000000,0.00000000,0.00000000,0.00000000,0.00000000,0.00000000,0.00000000,0.00000000,0.00000000,0.00000000,0.00000000,0.00000000,0.00000000,0.00000000,0.00000000,0.00000000,0.00000000,0.00000000,0.00000000,0.00000000,0.00000000,0.00000000,0.00000000,0.00000000,0.00000000,0.00000000,0.00000000,0.00000000,0.00000000,0.00000000,0.00000000,4.88378634,0.00000000,0.00000000,0.00000000,0.00000000,0.00000000,0.00000000,0.00000000,0.00000000,0.00000000,0.00000000,0.00000000,0.00000000,0.00000000,0.00000000,0.00000000,0.00000000,0.00000000,0.00000000,0.00000000,1.06653810,0.00000000,0.00000000,0.00000000,0.00000000,0.00000000,1.81482020,0.00000000,1.04781609,0.00000000,1.14519176,0.00000000,1.34469920,0.00000000,1.26238972,0.00000000,0.00000000,0.00000000,1.24448921,0.00000000,1.49694466,0.00000000,1.06749355,0.00000000,0.00000000,0.00000000,1.34871849,0.00000000,0.00000000,0.00000000,1.00355595,0.00000000,1.04732694,0.00000000,1.23616119,0.00000000,0.00000000,0.00000000,1.23365022,0.00000000,2.14507199,0.00000000,1.58763844,0.00000000,3.03848619,0.00000000,1.50932077,0.00000000,1.61658503,0.00000000,0.00000000,0.00000000,0.00000000,0.00000000,0.00000000,0.00000000,0.00000000,0.00000000,0.00000000,0.00000000,0.00000000,0.00000000,0.00000000,0.00000000,0.00000000,0.00000000,0.00000000,0.00000000,0.00000000,0.00000000,0.00000000,0.00000000,0.00000000,0.00000000,0.00000000,0.00000000,0.00000000,0.00000000,0.00000000,0.00000000,0.00000000,0.00000000,0.00000000,0.00000000,0.00000000,0.00000000,0.00000000,0.00000000,0.00000000,0.00000000,0.00000000,0.00000000,0.00000000,0.00000000,1.44882697,0.00000000,2.09549891,0.00000000,0.00000000,0.00000000,1.07544356,0.00000000,7.96051862,0.00000000,0.00000000,0.00000000,0.00000000,0.00000000,0.00000000,0.00000000,0.00000000,0.00000000,0.00000000,0.00000000,0.00000000,0.00000000,0.00000000,0.00000000,0.00000000,0.00000000,0.00000000,0.00000000,0.00000000,0.00000000,0.00000000,0.00000000,0.00000000,0.00000000,0.00000000,0.00000000,0.00000000,0.00000000,0.00000000,0.00000000,0.00000000,0.00000000,0.00000000,0.00000000,0.00000000,0.00000000,0.00000000,0.00000000,1.46989809,0.00000000,5.30005884,0.00000000,2.04019422,0.85320573,1.18175292,0.00000000,0.00000000,0.00000000,0.00000000,0.00000000,0.00000000,0.00000000,0.00000000
0.00000000,0.00000000,0.00000000,0.00000000,0.00000000,0.00000000,0.00000000,2.08873655,0.00000000,0.00000000,0.00000000,0.00000000,0.00000000,0.00000000,0.00000000,0.00000000,0.00000000,0.00000000,0.00000000,0.00000000,0.00000000,0.00000000,0.00000000,0.00000000,0.00000000,0.00000000,0.00000000,0.00000000,0.00000000,0.00000000,0.00000000,0.00000000,0.00000000,0.00000000,0.00000000,0.00000000,0.00000000,0.00000000,0.00000000,0.00000000,0.00000000,0.00000000,0.00000000,1.89716764,0.00000000,1.96376839,0.00000000,0.00000000,0.00000000,2.30799940,0.00000000,0.00000000,0.00000000,0.00000000,0.00000000,0.00000000,0.00000000,0.00000000,0.00000000,0.00000000,0.00000000,0.00000000,0.00000000,0.00000000,0.00000000,0.00000000,0.00000000,0.00000000,0.00000000,1.21510132,0.00000000,0.00000000,0.00000000,0.00000000,0.00000000,0.00000000,0.00000000,1.43698666,0.00000000,0.00000000,0.00000000,1.72720027,0.00000000,2.88040425,0.00000000,0.00000000,0.00000000,2.06361603,0.00000000,1.45108657,0.00000000,1.49797683,0.00000000,0.00000000,0.00000000,1.05983496,0.00000000,0.00000000,0.00000000,1.76905501,0.00000000,1.53553468,0.00000000,1.10355063,0.00000000,0.00000000,0.00000000,1.58117827,0.00000000,0.00000000,0.00000000,1.46336679,0.00000000,3.13822047,0.00000000,0.00000000,0.00000000,1.17817336,0.00000000,0.00000000,0.00000000,0.00000000,0.00000000,0.00000000,0.00000000,0.00000000,0.70193857,0.00000000,1.11637080,0.00000000,0.00000000,0.00000000,0.00000000,0.00000000,0.00000000,0.00000000,0.00000000,0.00000000,0.00000000,0.00000000,0.00000000,1.17084704,0.00000000,0.00000000,0.00000000,0.00000000,1.54870789,1.96142880,0.00000000,0.00000000,0.00000000,0.00000000,0.00000000,0.00000000,0.00000000,0.00000000,0.00000000,0.00000000,0.00000000,0.00000000,0.00000000,2.24784872,0.00000000,0.00000000,0.00000000,1.83791267,0.00000000,0.00000000,0.00000000,1.27823687,0.00000000,1.47267833,0.00000000,0.00000000,0.00000000,0.00000000,0.00000000,0.00000000,0.00000000,0.00000000,0.00000000,1.86027674,0.00000000,0.00000000,0.00000000,0.00000000,0.00000000,0.00000000,0.00000000,0.96618195,0.00000000,0.00000000,0.00000000,0.00000000,0.00000000,1.34674468,0.00000000,3.66030500,0.00000000,0.00000000,0.00000000,0.00000000,0.00000000,0.99413744,0.00000000,0.00000000,0.00000000,0.00000000,0.00000000,0.00000000,0.00000000,0.00000000,0.00000000,0.00000000,2.00392445,0.00000000,0.00000000,0.00000000,1.61474564,4.04566330,2.26423905,0.00000000,1.21270932,1.32977615,0.00000000
0.00000000,0.00000000,0.00000000,0.00000000,0.00000000,0.00000000,0.00000000,0.00000000,0.00000000,0.00000000,0.00000000,0.00000000,0.00000000,0.00000000,0.00000000,0.00000000,0.00000000,0.00000000,0.00000000,0.00000000,0.00000000,0.00000000,0.00000000,0.00000000,0.00000000,0.00000000,0.00000000,0.00000000,0.00000000,0.00000000,0.00000000,0.00000000,0.00000000,0.00000000,0.00000000,0.00000000,0.00000000,0.00000000,0.00000000,0.00000000,0.00000000,0.00000000,0.00000000,0.00000000,0.00000000,0.00000000,0.00000000,0.00000000,6.88987844,0.00000000,0.00000000,0.00000000,0.00000000,0.00000000,0.00000000,0.00000000,0.00000000,0.00000000,0.00000000,0.00000000,0.00000000,0.00000000,0.00000000,0.00000000,0.00000000,0.00000000,0.00000000,0.00000000,1.88733730,0.00000000,0.00000000,0.00000000,0.00000000,0.00000000,2.13119831,0.00000000,1.82943962,0.00000000,2.03058728,0.00000000,1.27429876,0.00000000,1.34859468,0.00000000,1.41356622,0.00000000,1.44204777,0.00000000,0.00000000,0.00000000,2.53855805,0.00000000,1.34871849,0.00000000,0.00000000,0.00000000,2.66590194,0.00000000,1.65000618,0.00000000,1.09365181,0.00000000,1.48762681,0.00000000,2.47970452,0.00000000,1.80176278,0.00000000,0.00000000,0.00000000,0.00000000,0.00000000,0.00000000,0.00000000,0.00000000,0.00000000,0.00000000,0.00000000,0.00000000,0.00000000,2.37355229,0.00000000,1.84523244,0.00000000,0.00000000,0.00000000,0.00000000,0.00000000,0.00000000,0.00000000,0.00000000,0.00000000,0.00000000,0.00000000,0.00000000,0.00000000,0.00000000,3.07011075,0.00000000,0.00000000,1.17276111,0.00000000,0.00000000,0.00000000,0.00000000,0.00000000,1.99356933,0.00000000,0.00000000,0.00000000,0.00000000,0.00000000,0.00000000,0.00000000,0.00000000,0.00000000,0.00000000,0.00000000,0.00000000,0.00000000,0.00000000,0.00000000,2.97433069,0.00000000,1.88837427,0.00000000,0.00000000,0.00000000,1.14987184,0.00000000,0.00000000,0.00000000,0.00000000,0.00000000,0.00000000,0.00000000,0.00000000,0.00000000,0.00000000,0.00000000,0.00000000,0.00000000,0.00000000,0.00000000,0.00000000,0.00000000,0.00000000,0.00000000,0.00000000,0.00000000,0.00000000,0.00000000,0.00000000,0.00000000,0.00000000,0.00000000,4.88574115,0.00000000,0.00000000,0.00000000,0.00000000,0.00000000,0.00000000,0.00000000,0.00000000,0.00000000,0.00000000,0.00000000,0.00000000,0.00000000,1.54371962,0.00000000,0.00000000,7.37624226,4.02492460,1.56814434,2.49741425,0.00000000,0.00000000,0.00000000,0.00000000,0.00000000,0.00000000,0.00000000,0.00000000
0.00000000,0.00000000,0.00000000,0.00000000,0.00000000,0.00000000,0.00000000,0.00000000,0.00000000,0.00000000,0.00000000,0.00000000,0.00000000,0.00000000,0.00000000,0.00000000,0.00000000,0.00000000,0.00000000,0.00000000,0.00000000,0.00000000,0.00000000,0.00000000,0.00000000,0.00000000,0.00000000,0.00000000,0.00000000,0.00000000,0.00000000,0.00000000,0.00000000,0.00000000,0.00000000,0.00000000,0.00000000,0.00000000,0.00000000,0.00000000,0.00000000,0.00000000,0.00000000,0.00000000,0.00000000,1.14647456,0.00000000,0.00000000,0.00000000,10.19068450,0.00000000,0.00000000,0.00000000,0.00000000,0.00000000,0.00000000,0.00000000,0.00000000,0.00000000,0.00000000,0.00000000,0.00000000,0.00000000,0.00000000,0.00000000,0.00000000,0.00000000,0.00000000,0.00000000,1.39902864,0.00000000,0.00000000,0.00000000,0.00000000,0.00000000,0.00000000,0.00000000,1.53065174,0.00000000,0.00000000,0.00000000,1.29386025,0.00000000,0.92982572,0.00000000,1.49010241,0.00000000,1.97848435,0.00000000,1.37686526,0.00000000,1.68350120,0.00000000,1.05983496,0.00000000,0.00000000,0.00000000,1.41255866,0.00000000,1.31651675,0.00000000,1.21060041,0.00000000,1.28384061,0.00000000,1.51381839,0.00000000,1.54045588,0.00000000,0.00000000,0.00000000,0.00000000,0.00000000,0.00000000,0.00000000,0.00000000,0.00000000,1.39442017,0.00000000,0.00000000,0.00000000,1.35253632,0.00000000,0.00000000,1.05401917,0.00000000,0.00000000,1.10011775,0.00000000,0.00000000,0.00000000,0.00000000,0.00000000,0.00000000,1.99924767,0.00000000,0.00000000,1.17396780,1.33609712,0.00000000,0.00000000,0.98682149,0.00000000,1.20807995,0.00000000,0.00000000,0.00000000,2.00484768,0.00000000,0.00000000,0.00000000,1.10279367,0.00000000,1.60832152,0.00000000,2.39127045,0.00000000,0.00000000,0.00000000,0.00000000,0.00000000,0.00000000,2.65506457,0.00000000,0.00000000,1.23544695,0.00000000,0.00000000,0.00000000,2.43299160,0.00000000,0.00000000,0.00000000,0.00000000,0.00000000,0.00000000,0.00000000,0.00000000,0.00000000,0.00000000,1.82108016,1.06520388,0.00000000,0.00000000,0.00000000,0.00000000,0.00000000,0.00000000,0.00000000,1.42445989,0.00000000,2.11111085,0.00000000,0.00000000,0.00000000,1.53057505,0.00000000,15.74428111,0.00000000,1.47579778,0.00000000,1.38539606,0.00000000,1.01621715,0.00000000,0.97393079,0.00000000,0.00000000,0.00000000,0.00000000,0.00000000,0.00000000,0.00000000,0.00000000,4.44871168,0.00000000,0.00000000,0.00000000,2.63699075,1.72249929,1.15855316,0.00000000,2.25640425,4.65077115,1.31457101
0.00000000,0.00000000,0.00000000,0.00000000,0.00000000,0.00000000,0.00000000,0.00000000,0.00000000,0.00000000,0.00000000,0.00000000,0.00000000,0.00000000,1.08461311,0.00000000,1.28935112,0.00000000,0.00000000,0.00000000,1.53939247,0.00000000,1.10746043,0.00000000,1.36099103,0.00000000,0.00000000,0.00000000,1.43237708,0.00000000,0.00000000,0.00000000,0.00000000,0.00000000,0.00000000,0.00000000,0.00000000,0.00000000,0.00000000,0.00000000,0.00000000,0.00000000,0.00000000,0.00000000,0.00000000,0.00000000,0.00000000,0.00000000,0.00000000,0.00000000,0.00000000,0.00000000,1.78032913,0.00000000,0.00000000,0.00000000,0.00000000,0.00000000,0.00000000,0.00000000,0.00000000,0.00000000,2.12120162,0.00000000,0.00000000,0.00000000,0.00000000,0.00000000,0.00000000,0.00000000,0.00000000,0.00000000,0.00000000,0.00000000,4.86863535,0.00000000,0.00000000,0.00000000,0.00000000,0.00000000,2.75625700,0.00000000,0.00000000,0.00000000,2.36937791,0.00000000,1.42149341,0.00000000,1.68517093,0.00000000,1.82402068,0.00000000,0.00000000,0.00000000,2.66590194,0.00000000,0.00000000,0.00000000,1.42682781,0.00000000,1.89168613,0.00000000,0.00000000,0.00000000,2.50248328,0.00000000,1.61490179,0.00000000,0.00000000,0.00000000,0.00000000,0.00000000,0.00000000,0.00000000,0.00000000,0.00000000,0.00000000,0.00000000,0.00000000,0.00000000,1.81491912,0.00000000,2.63867527,0.00000000,0.00000000,0.00000000,0.00000000,1.68580992,1.67237242,0.00000000,0.00000000,0.00000000,0.00000000,0.00000000,1.95444024,0.00000000,1.72070556,0.00000000,2.36933820,2.42015628,1.21415973,0.00000000,1.42299656,0.00000000,0.00000000,0.00000000,0.00000000,0.00000000,0.00000000,0.00000000,1.34396004,1.71790805,1.48485279,0.00000000,0.00000000,0.00000000,3.32533405,0.00000000,2.00816384,0.00000000,0.00000000,0.00000000,0.00000000,0.00000000,0.00000000,0.00000000,0.00000000,0.00000000,3.08709783,0.00000000,0.00000000,0.00000000,0.00000000,0.00000000,3.23942020,0.00000000,0.00000000,0.00000000,0.00000000,0.00000000,1.83477575,2.52195933,0.00000000,0.00000000,0.00000000,0.00000000,0.00000000,0.00000000,0.00000000,0.00000000,0.00000000,0.00000000,0.00000000,0.00000000,0.00000000,0.00000000,0.00000000,0.00000000,3.36620900,0.00000000,2.25917654,0.00000000,0.00000000,2.07700169,4.00936830,0.00000000,6.70606526,0.00000000,0.00000000,0.00000000,2.45583193,0.00000000,0.00000000,0.00000000,0.00000000,0.00000000,0.00000000,0.00000000,0.00000000,0.00000000,0.00000000,0.00000000,0.00000000,0.00000000,0.00000000
0.00000000,0.00000000,0.00000000,2.41431819,0.00000000,0.00000000,0.00000000,1.55217494,0.00000000,0.00000000,0.00000000,0.00000000,0.00000000,0.00000000,0.00000000,0.00000000,0.00000000,0.00000000,0.00000000,0.00000000,0.00000000,0.00000000,0.00000000,0.00000000,0.00000000,0.00000000,0.00000000,0.00000000,0.00000000,0.00000000,0.00000000,0.00000000,0.00000000,0.00000000,0.00000000,0.00000000,0.00000000,0.00000000,0.00000000,0.00000000,0.00000000,0.00000000,0.00000000,0.00000000,0.00000000,0.00000000,0.00000000,0.00000000,0.00000000,0.00000000,0.00000000,0.00000000,0.00000000,0.00000000,0.00000000,0.00000000,0.00000000,0.00000000,0.00000000,0.00000000,0.00000000,0.00000000,0.00000000,0.00000000,0.00000000,4.69052472,0.00000000,0.00000000,0.00000000,0.00000000,0.00000000,0.00000000,0.00000000,0.00000000,0.00000000,0.00000000,0.00000000,0.00000000,0.00000000,0.00000000,0.00000000,1.95856681,0.00000000,0.00000000,0.00000000,2.15316512,0.00000000,3.89816218,0.00000000,0.89840337,0.00000000,1.60539834,0.00000000,0.00000000,0.00000000,1.41255866,0.00000000,0.00000000,0.00000000,2.03875175,0.00000000,0.94991488,0.00000000,1.23175455,0.00000000,2.74133720,0.00000000,2.08881332,0.00000000,0.00000000,0.00000000,0.00000000,0.00000000,0.00000000,0.00000000,0.00000000,0.00000000,0.00000000,0.00000000,0.00000000,0.00000000,0.00000000,0.00000000,0.00000000,0.00000000,0.00000000,0.00000000,0.00000000,0.00000000,0.00000000,1.47945999,0.00000000,1.75770280,0.00000000,1.61931729,1.82238755,1.74309494,2.15150483,0.00000000,0.00000000,0.00000000,1.77257713,0.00000000,1.70525758,0.00000000,0.00000000,0.00000000,0.00000000,0.00000000,0.00000000,0.00000000,2.99685806,0.00000000,3.44093089,0.00000000,0.00000000,0.00000000,0.00000000,0.00000000,0.00000000,0.00000000,0.00000000,0.00000000,0.00000000,0.00000000,0.00000000,0.00000000,0.00000000,0.00000000,0.00000000,0.00000000,0.00000000,0.00000000,0.00000000,0.00000000,0.00000000,0.00000000,0.00000000,0.00000000,0.00000000,0.00000000,1.85929106,0.00000000,0.00000000,0.00000000,0.00000000,0.00000000,0.00000000,0.00000000,0.00000000,0.00000000,0.00000000,0.00000000,0.00000000,0.00000000,0.00000000,0.00000000,4.48983859,0.00000000,3.39801387,0.00000000,2.15484265,2.37556563,0.00000000,0.00000000,2.90738581,0.00000000,0.00000000,1.80746930,2.36013130,0.00000000,0.00000000,0.00000000,0.00000000,0.00000000,0.00000000,0.00000000,0.00000000,0.00000000,0.00000000,0.00000000,0.00000000,0.00000000,9.20538425,0.00000000
0.00000000,0.00000000,0.00000000,0.00000000,0.00000000,0.00000000,0.00000000,0.00000000,0.00000000,0.00000000,0.00000000,0.00000000,0.00000000,0.00000000,0.00000000,0.00000000,0.86902197,0.00000000,0.00000000,0.00000000,0.95671703,0.00000000,0.00000000,0.00000000,0.00000000,0.00000000,0.00000000,0.00000000,0.00000000,0.00000000,0.00000000,0.00000000,0.00000000,0.00000000,0.65870267,0.00000000,0.82792815,0.00000000,0.00000000,0.00000000,0.00000000,0.00000000,1.12785278,0.00000000,0.00000000,0.00000000,0.00000000,0.00000000,0.00000000,0.00000000,0.00000000,0.00000000,1.39350879,0.00000000,0.00000000,0.00000000,0.00000000,0.00000000,0.00000000,0.00000000,0.55099574,0.00000000,0.00000000,0.00000000,0.00000000,0.00000000,0.00000000,0.00000000,0.00000000,0.00000000,0.00000000,0.00000000,0.00000000,0.00000000,1.88483454,0.00000000,1.60320985,0.00000000,2.02220970,0.00000000,2.43753365,0.00000000,1.21867451,0.00000000,1.66512753,0.00000000,1.31853825,0.00000000,1.25636916,0.00000000,1.93923374,0.00000000,1.00355595,0.00000000,1.65000618,0.00000000,1.42682781,0.00000000,0.00000000,0.00000000,1.17118657,0.00000000,1.79174738,0.00000000,0.00000000,0.00000000,2.28365013,0.00000000,0.00000000,0.00000000,0.00000000,0.00000000,0.00000000,0.00000000,0.00000000,0.00000000,0.00000000,0.00000000,0.00000000,0.00000000,2.51090468,0.00000000,1.51402278,0.00000000,0.00000000,0.00000000,1.32436217,1.22930542,0.00000000,0.00000000,3.07674455,0.00000000,0.00000000,0.00000000,0.00000000,0.00000000,1.35457735,0.00000000,2.05645990,0.00000000,1.05899745,4.02751761,1.24561628,1.78948781,1.50037688,0.00000000,1.61942430,0.00000000,2.96045937,1.89968639,1.48356558,0.00000000,1.81008255,0.00000000,0.00000000,0.00000000,0.00000000,0.00000000,0.00000000,0.00000000,0.00000000,0.00000000,1.49667391,0.00000000,0.00000000,0.00000000,0.00000000,0.00000000,4.71923651,0.00000000,0.00000000,0.00000000,0.00000000,0.00000000,1.97591421,0.00000000,0.00000000,0.00000000,0.00000000,0.00000000,2.13586405,0.00000000,0.00000000,0.00000000,0.00000000,0.00000000,0.00000000,0.00000000,0.00000000,0.00000000,0.00000000,0.00000000,1.91998800,0.00000000,0.00000000,0.00000000,0.00000000,0.00000000,1.98330281,0.00000000,1.79294972,0.00000000,2.49689134,0.00000000,0.00000000,0.00000000,1.80575710,0.00000000,1.79307347,0.00000000,4.75520221,0.00000000,0.00000000,0.00000000,0.00000000,0.00000000,0.00000000,0.00000000,0.00000000,0.00000000,0.00000000,0.00000000,0.00000000,0.00000000,0.00000000
0.00000000,0.00000000,0.00000000,0.00000000,0.00000000,0.00000000,0.00000000,0.00000000,0.00000000,0.00000000,0.00000000,0.00000000,0.00000000,0.00000000,0.00000000,0.00000000,0.00000000,0.00000000,0.00000000,0.00000000,0.00000000,0.00000000,0.00000000,0.00000000,0.00000000,0.00000000,0.00000000,0.00000000,0.00000000,0.00000000,0.00000000,0.00000000,0.00000000,0.00000000,0.00000000,0.00000000,0.00000000,0.00000000,0.00000000,0.00000000,0.00000000,0.00000000,0.00000000,0.00000000,0.00000000,0.00000000,0.00000000,0.00000000,0.00000000,0.00000000,0.00000000,0.00000000,0.00000000,0.00000000,0.00000000,0.00000000,0.00000000,0.00000000,0.00000000,0.00000000,0.00000000,0.00000000,0.00000000,0.00000000,0.00000000,0.00000000,0.00000000,0.00000000,0.00000000,0.00000000,0.00000000,0.00000000,0.00000000,0.00000000,3.16692449,0.00000000,0.00000000,2.23718744,0.00000000,0.00000000,0.00000000,1.49457355,0.00000000,1.11992055,0.00000000,1.65139142,0.00000000,2.79085833,0.00000000,1.27183504,0.00000000,1.78504188,0.00000000,1.76905501,0.00000000,1.31651675,0.00000000,2.03875175,0.00000000,0.00000000,0.00000000,1.44670439,0.00000000,3.38206071,0.00000000,0.00000000,0.00000000,0.00000000,0.00000000,0.00000000,0.00000000,0.00000000,0.00000000,2.55253193,0.00000000,0.00000000,0.00000000,0.00000000,0.00000000,0.00000000,0.00000000,0.00000000,0.00000000,1.54864276,0.00000000,0.00000000,1.18761992,0.00000000,0.00000000,0.00000000,1.63027361,0.00000000,0.00000000,0.00000000,0.00000000,2.12291904,0.00000000,2.08234629,0.00000000,2.78456240,0.00000000,1.27562845,0.00000000,1.36997346,0.00000000,0.00000000,0.00000000,0.00000000,0.00000000,0.00000000,0.00000000,0.00000000,0.00000000,2.38577057,0.00000000,0.00000000,0.00000000,0.00000000,0.00000000,0.00000000,0.00000000,0.00000000,0.00000000,0.00000000,0.00000000,2.96126904,0.00000000,0.00000000,0.00000000,3.39398752,0.00000000,0.76067235,0.00000000,0.00000000,0.00000000,0.00000000,0.00000000,0.00000000,0.00000000,0.00000000,0.00000000,0.00000000,0.00000000,0.00000000,0.00000000,0.00000000,0.00000000,0.00000000,0.00000000,2.49462047,0.00000000,0.00000000,0.00000000,0.00000000,0.00000000,4.59866879,0.00000000,0.00000000,0.00000000,0.00000000,0.00000000,2.85019706,0.00000000,2.29052761,0.00000000,2.33746129,0.00000000,4.37332084,0.00000000,0.00000000,0.00000000,0.00000000,0.00000000,0.00000000,0.00000000,0.00000000,0.00000000,0.00000000,4.16173091,0.00000000,1.57299617,0.00000000,5.55043755,0.00000000,0.00000000
0.00000000,0.00000000,0.00000000,0.00000000,0.00000000,0.00000000,0.00000000,0.00000000,0.00000000,0.00000000,0.00000000,0.00000000,0.00000000,0.00000000,0.00000000,0.00000000,0.72645576,0.00000000,0.00000000,0.00000000,0.71543636,0.00000000,0.00000000,0.00000000,0.00000000,0.00000000,0.00000000,0.00000000,0.00000000,0.00000000,0.00000000,0.00000000,0.00000000,0.00000000,0.00000000,0.00000000,0.00000000,0.00000000,0.00000000,0.00000000,0.00000000,0.00000000,0.85902005,0.00000000,0.00000000,0.00000000,0.00000000,0.00000000,8.14340148,0.00000000,0.00000000,0.00000000,0.00000000,0.00000000,0.00000000,0.00000000,4.17889129,0.00000000,0.00000000,0.00000000,0.00000000,0.00000000,0.00000000,0.00000000,0.00000000,0.00000000,0.00000000,0.00000000,1.34072431,0.00000000,0.00000000,0.00000000,0.00000000,0.00000000,1.00054902,0.00000000,1.67270380,0.00000000,0.00000000,0.00000000,3.17936695,0.00000000,1.15941961,0.00000000,1.24570935,0.00000000,1.66541272,0.00000000,1.12651153,0.00000000,1.31589349,0.00000000,1.04732694,0.00000000,1.09365181,0.00000000,1.89168613,0.00000000,1.17118657,0.00000000,0.00000000,1.42459222,1.03367412,0.00000000,1.67910678,0.00000000,1.04020565,0.00000000,0.00000000,0.00000000,0.00000000,0.00000000,4.83747543,0.00000000,0.00000000,0.00000000,1.69800033,0.00000000,0.00000000,0.00000000,2.40901309,0.00000000,1.70707663,0.00000000,2.60389330,0.00000000,0.00000000,1.43451497,0.00000000,0.00000000,0.00000000,0.00000000,0.00000000,1.33385658,0.82364936,0.00000000,1.06612396,0.00000000,0.00000000,0.00000000,1.02413960,1.39748678,1.11277741,0.00000000,0.00000000,0.00000000,1.41059425,0.00000000,2.69232351,0.00000000,0.90970113,0.00000000,1.15232385,0.00000000,0.00000000,0.00000000,0.00000000,0.00000000,0.00000000,0.00000000,0.00000000,0.00000000,0.00000000,0.00000000,0.00000000,0.00000000,0.00000000,0.00000000,3.92031633,0.00000000,0.00000000,0.00000000,0.00000000,0.00000000,1.93633628,0.00000000,0.00000000,0.00000000,0.00000000,0.00000000,1.35885412,0.00000000,0.00000000,0.00000000,0.00000000,0.00000000,0.00000000,0.00000000,1.82981775,0.00000000,2.11776353,0.00000000,1.75618771,0.00000000,1.76435228,0.00000000,0.00000000,0.00000000,1.12588190,0.00000000,1.24221842,0.00000000,1.98808299,1.19114688,1.12732997,0.00000000,1.24408163,0.00000000,0.00000000,1.41668419,1.83921231,0.00000000,1.45753680,0.00000000,5.46007827,1.47362186,1.91773038,0.00000000,0.00000000,0.00000000,0.00000000,0.00000000,0.00000000,0.00000000,0.00000000
0.00000000,0.00000000,0.00000000,0.00000000,0.00000000,0.00000000,0.00000000,0.00000000,0.00000000,0.00000000,0.00000000,0.00000000,0.00000000,0.00000000,0.00000000,0.00000000,0.00000000,0.87092307,0.00000000,0.00000000,0.00000000,0.00000000,0.00000000,0.00000000,0.00000000,0.80734411,0.00000000,0.00000000,0.00000000,0.79287571,0.00000000,0.00000000,0.00000000,0.00000000,0.00000000,0.00000000,0.00000000,0.75028182,0.00000000,0.00000000,0.00000000,0.00000000,0.00000000,0.00000000,0.00000000,0.00000000,0.00000000,0.00000000,0.00000000,0.00000000,0.00000000,0.00000000,0.00000000,0.00000000,0.00000000,0.00000000,0.00000000,0.00000000,0.00000000,0.00000000,0.00000000,0.00000000,0.00000000,1.38332321,0.00000000,0.00000000,0.00000000,0.00000000,0.00000000,0.00000000,0.00000000,0.00000000,0.00000000,0.00000000,0.00000000,0.00000000,0.00000000,2.73289768,0.00000000,0.00000000,0.00000000,2.83378549,0.00000000,1.37241525,0.00000000,1.45120551,0.00000000,0.00000000,0.00000000,1.03175575,0.00000000,1.30176736,0.00000000,1.53553468,0.00000000,1.21060041,0.00000000,0.94991488,0.00000000,1.44670439,1.42459222,0.00000000,0.00000000,1.77671945,0.00000000,3.73241404,0.00000000,1.38731477,0.00000000,0.00000000,0.00000000,2.17901383,0.00000000,2.79560051,0.00000000,0.00000000,0.00000000,0.00000000,0.00000000,2.99165949,0.00000000,0.00000000,0.00000000,0.00000000,1.03826277,1.22758115,0.91598604,1.41007219,0.00000000,0.77054322,0.00000000,0.00000000,1.43809200,1.79772851,1.50553104,1.60927773,1.27318630,1.29937207,0.00000000,0.00000000,0.00000000,0.73608990,0.00000000,0.99782746,0.00000000,0.00000000,1.24696664,1.74735026,0.00000000,0.00000000,1.35767757,1.06605367,1.53271652,1.61567621,0.00000000,0.00000000,0.00000000,0.00000000,0.00000000,0.00000000,0.00000000,0.00000000,0.00000000,1.52791968,0.00000000,0.00000000,0.00000000,0.00000000,0.00000000,2.04359010,0.00000000,0.46647253,0.00000000,0.70928837,0.00000000,1.62380751,0.00000000,2.15612727,0.00000000,0.00000000,0.00000000,1.02602882,0.00000000,0.00000000,0.00000000,0.00000000,0.00000000,2.85816412,0.00000000,2.21720005,0.00000000,2.47258877,0.00000000,0.00000000,0.00000000,0.00000000,0.00000000,11.61396576,0.00000000,0.00000000,0.00000000,1.70715373,0.00000000,0.00000000,0.00000000,1.40004509,0.00000000,0.00000000,1.18116322,1.82714693,0.00000000,0.00000000,0.00000000,0.00000000,0.00000000,0.00000000,0.00000000,0.00000000,2.94256997,0.00000000,1.31040967,0.00000000,3.15840194,0.00000000,0.00000000
0.00000000,0.00000000,0.00000000,0.00000000,0.00000000,0.00000000,0.00000000,0.00000000,0.00000000,0.00000000,0.00000000,0.00000000,0.00000000,0.00000000,0.00000000,0.00000000,0.00000000,0.00000000,0.00000000,0.00000000,0.00000000,0.00000000,0.00000000,0.00000000,0.00000000,0.00000000,0.00000000,0.00000000,0.00000000,0.00000000,0.00000000,0.00000000,0.00000000,0.00000000,0.00000000,0.00000000,0.00000000,0.00000000,0.00000000,0.00000000,0.00000000,0.00000000,0.00000000,0.00000000,0.00000000,0.00000000,0.00000000,0.00000000,2.98207561,0.00000000,0.00000000,0.00000000,0.00000000,0.00000000,0.00000000,0.00000000,0.00000000,0.00000000,0.00000000,0.00000000,0.00000000,0.00000000,0.00000000,0.00000000,0.00000000,0.00000000,0.00000000,0.00000000,1.08068720,0.00000000,0.00000000,0.00000000,0.00000000,0.00000000,0.00000000,0.00000000,1.21738653,0.00000000,4.07537926,0.00000000,0.00000000,0.00000000,0.99986357,0.00000000,0.00000000,0.00000000,1.94130842,0.00000000,1.97444999,0.00000000,1.68199826,0.00000000,1.23616119,0.00000000,1.48762681,0.00000000,0.00000000,0.00000000,1.79174738,0.00000000,1.03367412,0.00000000,0.00000000,0.00000000,0.96273761,0.00000000,0.76099879,0.00000000,1.80071324,0.00000000,4.51718162,0.00000000,1.83664017,0.00000000,6.38393930,0.00000000,1.93702252,0.00000000,2.40251612,0.00000000,0.00000000,0.00000000,0.00000000,0.00000000,0.00000000,0.00000000,0.00000000,0.00000000,0.00000000,0.00000000,4.70881758,0.00000000,0.00000000,0.00000000,0.00000000,0.00000000,0.00000000,0.00000000,0.00000000,0.00000000,1.73389591,0.00000000,0.00000000,0.00000000,0.00000000,0.00000000,0.00000000,0.00000000,0.00000000,0.00000000,0.00000000,0.00000000,2.00094438,0.00000000,0.00000000,0.00000000,0.00000000,0.00000000,2.58415695,0.00000000,0.00000000,0.00000000,0.00000000,0.00000000,1.88377768,0.00000000,0.00000000,0.00000000,1.67148360,0.00000000,0.00000000,0.00000000,0.00000000,0.00000000,0.00000000,0.00000000,0.00000000,0.00000000,0.00000000,0.00000000,0.00000000,0.00000000,0.00000000,0.00000000,0.00000000,0.00000000,0.00000000,0.00000000,1.23601543,0.00000000,1.41569574,0.00000000,1.08928542,0.00000000,1.03038968,0.00000000,3.30406525,0.00000000,0.83417089,0.00000000,1.17714938,0.00000000,0.94424193,0.00000000,1.16373462,0.00000000,0.00000000,0.00000000,0.00000000,0.00000000,1.52783181,0.00000000,6.03929377,0.00000000,2.78168699,1.29791824,1.45352313,1.79057045,0.00000000,0.00000000,0.00000000,0.00000000,0.00000000,0.00000000,0.00000000
0.00000000,0.00000000,0.00000000,0.00000000,0.00000000,0.00000000,0.00000000,0.00000000,0.00000000,5.78201884,0.00000000,0.00000000,0.00000000,0.00000000,0.00000000,0.00000000,0.00000000,0.00000000,0.00000000,0.00000000,0.00000000,0.00000000,0.00000000,0.00000000,0.00000000,0.00000000,0.00000000,0.00000000,0.00000000,0.00000000,0.00000000,0.00000000,0.00000000,0.00000000,0.00000000,0.00000000,0.00000000,0.00000000,0.00000000,0.00000000,0.00000000,0.00000000,0.00000000,0.00000000,0.00000000,0.00000000,0.00000000,0.00000000,0.00000000,0.00000000,0.00000000,0.00000000,0.00000000,0.00000000,0.00000000,0.00000000,0.00000000,0.00000000,0.00000000,0.00000000,0.00000000,0.00000000,0.00000000,0.00000000,0.00000000,0.00000000,0.00000000,0.00000000,0.00000000,1.10093980,0.00000000,0.00000000,0.00000000,0.00000000,0.00000000,0.00000000,0.00000000,3.39766401,0.00000000,0.00000000,0.00000000,5.02197780,0.00000000,1.70953538,0.00000000,6.61215804,0.00000000,3.25805973,0.00000000,1.24199263,0.00000000,1.59661319,0.00000000,1.10355063,0.00000000,1.28384061,0.00000000,1.23175455,0.00000000,3.38206071,0.00000000,1.77671945,0.00000000,0.00000000,0.00000000,1.47443885,0.00000000,1.51965974,0.00000000,1.42617926,0.00000000,4.20057807,0.00000000,1.78728890,0.00000000,2.89971388,0.00000000,1.54272897,0.00000000,2.52709566,0.00000000,0.00000000,0.00000000,0.00000000,0.00000000,0.00000000,0.00000000,1.84568616,0.00000000,0.00000000,0.00000000,0.00000000,0.00000000,1.92504817,0.00000000,1.94879895,3.15280872,1.41386189,0.00000000,0.00000000,0.00000000,1.45233462,0.00000000,0.00000000,0.00000000,0.00000000,0.00000000,0.00000000,0.00000000,0.00000000,0.00000000,0.00000000,2.25835601,0.00000000,0.00000000,0.00000000,0.00000000,0.00000000,0.00000000,0.00000000,0.00000000,0.00000000,0.00000000,0.00000000,0.00000000,2.40949112,0.00000000,0.00000000,0.00000000,3.95605658,0.00000000,0.00000000,0.00000000,0.00000000,0.00000000,0.00000000,0.00000000,0.00000000,0.00000000,0.00000000,0.00000000,0.00000000,0.00000000,0.00000000,0.00000000,0.00000000,0.00000000,0.00000000,0.00000000,2.39282469,0.00000000,2.42310861,0.00000000,0.00000000,0.00000000,1.88470206,0.00000000,6.69823485,0.00000000,1.34298219,0.00000000,1.54394490,0.00000000,1.30331626,0.00000000,1.17311372,0.00000000,0.00000000,0.00000000,1.96404938,0.00000000,0.00000000,0.00000000,0.00000000,2.37304618,0.00000000,0.00000000,0.00000000,1.61944730,3.63841498,2.19174695,0.00000000,3.43405189,2.27621351,4.52503849
0.00000000,0.00000000,0.00000000,0.00000000,0.00000000,0.00000000,0.00000000,0.00000000,0.00000000,0.00000000,0.00000000,0.00000000,0.00000000,0.00000000,0.00000000,0.00000000,1.47872734,0.00000000,0.00000000,0.00000000,1.14666008,0.00000000,0.00000000,0.00000000,1.13474988,0.00000000,0.00000000,0.00000000,0.00000000,0.00000000,0.00000000,0.00000000,0.00000000,0.00000000,0.00000000,0.00000000,0.00000000,0.00000000,0.00000000,0.00000000,0.00000000,0.00000000,0.00000000,0.00000000,0.00000000,0.00000000,0.00000000,0.00000000,6.45518959,0.00000000,0.00000000,0.00000000,0.00000000,0.00000000,0.00000000,0.00000000,0.00000000,0.00000000,0.00000000,0.00000000,0.00000000,0.00000000,0.00000000,0.00000000,0.00000000,0.00000000,0.00000000,0.00000000,0.00000000,0.00000000,0.00000000,0.00000000,0.00000000,0.00000000,0.00000000,0.00000000,0.00000000,0.00000000,1.23073172,0.00000000,0.00000000,0.00000000,0.00000000,0.00000000,0.00000000,0.00000000,0.00000000,0.00000000,2.34038406,0.00000000,4.16209512,0.00000000,0.00000000,0.00000000,2.47970452,0.00000000,2.50248328,0.00000000,0.00000000,0.00000000,1.67910678,0.00000000,0.96273761,0.00000000,0.00000000,0.00000000,1.08473245,0.00000000,0.00000000,0.00000000,1.77801339,0.00000000,2.83721819,0.00000000,0.00000000,0.00000000,0.00000000,0.00000000,2.50984228,0.00000000,0.00000000,0.00000000,0.00000000,0.00000000,0.00000000,0.00000000,1.53442920,0.00000000,1.08620877,0.00000000,0.00000000,0.00000000,0.00000000,0.00000000,1.28443105,0.00000000,1.95499393,0.00000000,0.00000000,0.00000000,0.00000000,0.00000000,1.21226798,0.00000000,0.00000000,0.00000000,1.96468136,0.00000000,0.81719610,0.00000000,1.46819964,0.00000000,0.00000000,0.00000000,0.00000000,0.00000000,0.00000000,0.00000000,0.00000000,0.00000000,0.00000000,0.00000000,0.00000000,0.00000000,0.00000000,0.00000000,0.00000000,0.00000000,0.00000000,0.00000000,0.00000000,0.00000000,0.00000000,0.00000000,0.00000000,0.00000000,0.00000000,0.00000000,0.00000000,0.00000000,1.88635239,0.00000000,0.00000000,0.00000000,0.00000000,0.00000000,0.00000000,0.00000000,1.47798027,0.00000000,1.97437452,10.20884369,1.55181945,1.53527115,1.25841899,0.00000000,2.36556320,0.00000000,1.83699400,0.00000000,1.51552130,0.00000000,1.85616702,0.00000000,1.26765839,0.00000000,1.31742295,0.00000000,1.57935970,0.00000000,0.00000000,0.00000000,0.00000000,0.00000000,0.00000000,2.57306716,0.00000000,0.00000000,0.00000000,0.00000000,0.00000000,0.00000000,0.00000000,0.00000000,0.00000000
0.00000000,0.00000000,0.00000000,0.00000000,0.00000000,0.00000000,0.00000000,0.00000000,0.00000000,0.00000000,0.00000000,0.00000000,0.00000000,0.00000000,0.00000000,0.00000000,0.00000000,0.00000000,0.00000000,0.00000000,0.00000000,0.00000000,0.00000000,0.00000000,0.00000000,0.00000000,0.00000000,0.00000000,0.00000000,0.00000000,0.00000000,0.00000000,0.00000000,0.00000000,0.00000000,0.00000000,0.00000000,0.00000000,0.00000000,0.00000000,0.00000000,0.00000000,0.00000000,0.00000000,0.00000000,0.00000000,0.00000000,0.00000000,0.00000000,2.75913143,0.00000000,0.00000000,0.00000000,0.00000000,0.00000000,0.00000000,0.00000000,0.00000000,0.00000000,0.00000000,0.00000000,0.00000000,0.00000000,0.00000000,0.00000000,0.00000000,0.00000000,0.00000000,0.00000000,0.00000000,0.00000000,0.00000000,0.00000000,0.00000000,0.00000000,0.00000000,0.00000000,0.00000000,0.00000000,0.00000000,0.00000000,1.88485856,0.00000000,1.06624665,0.00000000,5.63491505,0.00000000,0.00000000,0.00000000,1.33120056,0.00000000,0.00000000,0.00000000,0.00000000,0.00000000,1.51381839,0.00000000,2.74133720,0.00000000,0.00000000,0.00000000,3.73241404,0.00000000,1.47443885,0.00000000,0.00000000,0.00000000,1.48392256,0.00000000,0.00000000,0.00000000,0.00000000,0.00000000,2.11931359,0.00000000,0.00000000,0.00000000,0.00000000,0.00000000,2.09892458,0.00000000,0.00000000,0.00000000,0.00000000,0.00000000,0.00000000,0.00000000,0.00000000,0.00000000,0.00000000,0.00000000,0.00000000,2.13858596,0.00000000,0.00000000,2.32892423,0.00000000,3.27069433,0.00000000,0.00000000,0.00000000,0.00000000,0.00000000,0.00000000,0.00000000,0.00000000,0.00000000,0.00000000,0.00000000,0.00000000,0.00000000,2.18525541,0.00000000,0.00000000,0.00000000,0.00000000,0.00000000,0.00000000,0.00000000,0.00000000,0.00000000,0.00000000,0.00000000,0.00000000,0.00000000,0.00000000,0.00000000,0.00000000,0.00000000,0.00000000,0.00000000,0.00000000,0.00000000,0.00000000,0.00000000,0.00000000,0.00000000,0.00000000,0.00000000,0.00000000,0.00000000,7.23495270,0.00000000,0.00000000,0.00000000,0.00000000,0.00000000,0.00000000,0.00000000,2.04095691,0.00000000,1.98033005,0.00000000,3.33333787,0.00000000,1.12109605,0.00000000,2.01085400,0.00000000,1.93162013,0.00000000,2.06441324,4.04117348,1.89921489,0.00000000,1.36735428,0.00000000,2.16354428,0.00000000,1.56529653,0.00000000,0.00000000,0.00000000,0.00000000,2.17202914,0.00000000,0.00000000,0.00000000,3.10685945,2.28228916,3.29571310,0.00000000,2.72527771,2.56999564,1.67419864
0.00000000,0.00000000,1.19980918,0.00000000,0.00000000,0.00000000,0.00000000,0.00000000,0.00000000,0.00000000,0.00000000,0.00000000,0.00000000,0.00000000,0.00000000,0.00000000,1.21714026,0.00000000,0.00000000,0.00000000,0.00000000,0.00000000,0.00000000,0.00000000,1.19125196,0.00000000,0.00000000,0.00000000,0.00000000,0.00000000,0.00000000,0.00000000,0.00000000,0.00000000,0.00000000,0.00000000,0.00000000,0.00000000,0.00000000,0.00000000,0.00000000,0.00000000,0.00000000,0.00000000,0.00000000,0.00000000,0.00000000,0.00000000,9.41608399,0.00000000,0.00000000,0.00000000,0.00000000,0.00000000,0.00000000,0.00000000,0.00000000,0.00000000,0.00000000,0.00000000,0.00000000,0.00000000,0.00000000,0.00000000,0.00000000,0.00000000,0.00000000,0.00000000,0.98110385,0.00000000,0.00000000,0.00000000,0.00000000,0.00000000,0.00000000,0.00000000,0.00000000,0.00000000,1.67148914,0.00000000,5.31835652,0.00000000,1.28518722,0.00000000,2.46205993,0.00000000,0.00000000,0.00000000,1.33759750,0.00000000,1.92195368,0.00000000,1.23365022,0.00000000,1.80176278,0.00000000,1.61490179,0.00000000,2.28365013,0.00000000,1.04020565,0.00000000,0.76099879,0.00000000,1.08473245,0.00000000,0.00000000,0.00000000,1.68883561,0.00000000,2.82611747,0.00000000,0.00000000,0.00000000,0.00000000,0.00000000,0.00000000,0.00000000,5.97764000,0.00000000,0.00000000,0.00000000,0.00000000,0.00000000,0.00000000,0.00000000,0.00000000,0.00000000,1.29339965,0.00000000,0.00000000,0.00000000,0.00000000,0.00000000,1.45634424,0.00000000,1.42404624,0.00000000,0.00000000,0.00000000,0.00000000,0.00000000,1.09334691,0.00000000,0.00000000,0.00000000,0.00000000,0.00000000,5.52954714,0.00000000,1.02046430,0.00000000,0.00000000,0.00000000,0.00000000,0.00000000,0.00000000,0.00000000,0.00000000,0.00000000,0.00000000,0.00000000,0.00000000,0.00000000,0.00000000,0.00000000,0.00000000,0.00000000,2.25790029,0.00000000,0.00000000,0.00000000,0.00000000,0.00000000,2.90767055,0.00000000,0.00000000,0.00000000,0.00000000,0.00000000,1.99605481,3.33391207,0.00000000,0.00000000,0.00000000,0.00000000,0.00000000,0.00000000,1.59702420,0.00000000,0.00000000,0.00000000,1.93012027,0.00000000,1.83401863,0.00000000,5.20435486,0.00000000,1.56514645,0.00000000,1.33682238,0.00000000,2.17085639,3.70928964,1.24998099,0.00000000,0.00000000,0.00000000,2.00899815,0.00000000,0.00000000,1.77949940,1.40142552,0.00000000,0.00000000,2.61990030,0.00000000,0.00000000,0.00000000,0.00000000,0.00000000,0.00000000,0.00000000,0.00000000,0.00000000
0.00000000,1.02712511,0.00000000,0.00000000,0.00000000,0.00000000,0.00000000,0.77024796,0.00000000,0.00000000,0.00000000,0.61362533,0.00000000,0.00000000,0.00000000,0.00000000,0.00000000,0.00000000,0.00000000,0.00000000,0.00000000,0.00000000,0.00000000,0.00000000,0.00000000,0.00000000,0.00000000,0.00000000,0.00000000,0.00000000,0.00000000,0.00000000,0.00000000,0.00000000,0.00000000,0.00000000,0.00000000,0.00000000,0.00000000,0.00000000,0.00000000,0.00000000,0.00000000,0.00000000,0.00000000,0.00000000,0.00000000,0.00000000,0.00000000,0.00000000,0.00000000,0.00000000,0.00000000,0.00000000,0.00000000,0.00000000,0.00000000,0.00000000,0.00000000,0.00000000,0.00000000,0.00000000,0.00000000,0.00000000,0.00000000,0.00000000,0.00000000,0.00000000,0.00000000,1.87176358,0.00000000,0.00000000,0.00000000,1.29071971,0.00000000,0.00000000,0.00000000,0.00000000,0.00000000,0.00000000,0.00000000,0.00000000,0.00000000,1.36683441,0.00000000,4.13262025,0.00000000,0.00000000,0.00000000,1.36642056,0.00000000,3.21743023,0.00000000,1.58117827,0.00000000,1.54045588,0.00000000,2.08881332,0.00000000,0.00000000,0.00000000,1.38731477,0.00000000,1.51965974,0.00000000,1.48392256,0.00000000,0.00000000,0.00000000,4.73530166,0.00000000,0.00000000,0.00000000,2.83437175,0.00000000,0.00000000,0.00000000,0.00000000,0.00000000,2.99533028,0.00000000,0.00000000,0.00000000,0.00000000,0.00000000,0.00000000,1.14187431,1.30876951,0.00000000,0.00000000,0.00000000,0.00000000,1.26540973,0.00000000,2.50746338,1.29813586,1.62098161,1.69098930,1.95318868,0.00000000,0.99903508,0.00000000,0.00000000,1.23833903,0.00000000,0.00000000,0.00000000,0.00000000,0.25634842,0.00000000,1.07752101,1.38992375,1.75625008,0.00000000,0.00000000,0.00000000,0.00000000,0.00000000,0.00000000,0.00000000,0.00000000,0.00000000,0.00000000,0.00000000,0.00000000,0.00000000,0.00000000,0.00000000,0.00000000,1.34838539,0.00000000,0.00000000,0.00000000,0.00000000,0.00000000,2.11814275,0.00000000,0.00000000,0.00000000,0.00000000,0.00000000,1.77250580,0.00000000,0.00000000,0.00000000,0.00000000,0.00000000,0.00000000,0.00000000,2.90908650,0.00000000,3.35849672,0.00000000,2.63011163,0.00000000,2.89682379,0.00000000,0.00000000,0.00000000,1.90376693,0.00000000,1.38814978,2.22395530,2.09168984,0.00000000,1.47058596,1.76728775,0.00000000,1.42087372,1.39208640,0.00000000,0.00000000,0.00000000,0.00000000,0.00000000,0.00000000,0.00000000,0.00000000,0.00000000,0.00000000,0.00000000,0.00000000,2.27704165,0.00000000,0.00000000
0.00000000,0.00000000,0.00000000,0.00000000,0.00000000,0.00000000,0.00000000,0.00000000,0.00000000,0.00000000,0.00000000,0.00000000,0.00000000,0.00000000,0.00000000,0.00000000,0.00000000,0.00000000,0.00000000,0.00000000,0.00000000,0.00000000,0.00000000,0.00000000,0.00000000,0.00000000,0.00000000,0.00000000,0.00000000,0.00000000,0.00000000,0.00000000,0.00000000,0.00000000,0.00000000,0.00000000,0.00000000,0.00000000,0.00000000,0.00000000,0.00000000,0.00000000,0.00000000,0.00000000,0.00000000,0.00000000,0.00000000,0.00000000,2.53722330,0.00000000,0.00000000,0.00000000,0.00000000,0.00000000,0.00000000,0.00000000,0.00000000,0.00000000,0.00000000,0.00000000,0.00000000,0.00000000,0.00000000,0.00000000,0.00000000,0.00000000,0.00000000,0.00000000,0.89083835,0.00000000,0.00000000,0.00000000,0.00000000,0.00000000,0.00000000,0.00000000,1.28370583,0.00000000,0.00000000,0.00000000,0.00000000,0.00000000,1.21939916,0.00000000,0.00000000,0.00000000,0.00000000,0.00000000,0.00000000,0.00000000,0.00000000,0.00000000,2.14507199,0.00000000,0.00000000,0.00000000,0.00000000,0.00000000,0.00000000,0.00000000,0.00000000,0.00000000,1.80071324,0.00000000,0.00000000,0.00000000,1.68883561,0.00000000,0.00000000,0.00000000,1.17550933,0.00000000,1.21242130,0.00000000,1.70892859,0.00000000,0.00000000,0.00000000,0.77781279,0.00000000,0.00000000,0.00000000,0.00000000,0.00000000,0.00000000,0.00000000,0.00000000,0.00000000,0.00000000,0.00000000,0.00000000,0.00000000,0.00000000,0.00000000,0.00000000,0.00000000,0.00000000,0.00000000,0.00000000,0.00000000,0.00000000,0.00000000,0.00000000,0.00000000,0.00000000,0.00000000,0.00000000,0.00000000,0.00000000,0.00000000,0.00000000,0.00000000,0.00000000,0.00000000,0.00000000,0.00000000,0.00000000,0.00000000,0.00000000,0.00000000,0.00000000,0.00000000,0.00000000,0.00000000,0.00000000,0.00000000,0.00000000,0.00000000,0.00000000,0.00000000,0.00000000,0.00000000,0.00000000,0.00000000,0.00000000,0.00000000,0.00000000,0.00000000,0.00000000,0.00000000,1.85506075,0.00000000,0.00000000,0.00000000,0.00000000,0.00000000,0.00000000,0.00000000,0.00000000,0.00000000,0.00000000,0.00000000,0.00000000,0.00000000,3.54710016,0.00000000,4.16476310,0.00000000,0.00000000,0.00000000,0.00000000,0.00000000,0.00000000,0.00000000,0.00000000,0.00000000,0.00000000,0.00000000,0.00000000,0.00000000,0.00000000,0.00000000,4.30961146,0.00000000,0.00000000,1.04208622,1.88830200,0.00000000,0.00000000,0.00000000,0.00000000,0.00000000,0.00000000,0.00000000,0.00000000
0.00000000,0.00000000,0.00000000,0.00000000,0.00000000,0.00000000,0.00000000,0.00000000,0.00000000,0.00000000,0.00000000,0.00000000,0.00000000,0.00000000,0.00000000,0.00000000,0.00000000,0.00000000,0.00000000,0.00000000,0.00000000,0.00000000,0.00000000,0.00000000,0.00000000,0.00000000,0.00000000,0.00000000,0.00000000,0.00000000,0.00000000,0.00000000,0.00000000,0.00000000,0.00000000,0.00000000,0.00000000,0.00000000,0.00000000,0.00000000,0.00000000,0.00000000,0.00000000,0.00000000,0.00000000,0.00000000,0.00000000,0.00000000,0.00000000,0.00000000,0.00000000,0.00000000,0.00000000,0.00000000,0.00000000,0.00000000,0.00000000,0.00000000,0.00000000,0.00000000,0.00000000,0.00000000,0.00000000,0.00000000,0.00000000,0.00000000,0.00000000,0.00000000,0.00000000,1.35278168,0.00000000,0.00000000,0.00000000,0.00000000,0.00000000,0.00000000,0.00000000,2.14834041,0.00000000,0.00000000,0.00000000,0.00000000,0.00000000,0.00000000,0.00000000,0.00000000,0.00000000,0.00000000,0.00000000,0.00000000,0.00000000,0.00000000,0.00000000,0.00000000,0.00000000,0.00000000,0.00000000,0.00000000,0.00000000,0.00000000,0.00000000,0.00000000,0.00000000,1.42617926,0.00000000,0.00000000,0.00000000,4.73530166,0.00000000,0.00000000,0.00000000,1.04456358,0.00000000,1.66549969,0.00000000,1.35126674,0.00000000,0.00000000,0.00000000,0.74823185,0.00000000,0.00000000,0.00000000,0.00000000,0.00000000,0.00000000,0.00000000,0.00000000,0.00000000,0.00000000,0.00000000,0.00000000,0.00000000,0.00000000,0.00000000,0.00000000,0.00000000,0.00000000,0.00000000,0.00000000,0.00000000,0.00000000,0.00000000,0.00000000,0.00000000,0.00000000,0.00000000,0.00000000,0.00000000,0.00000000,0.00000000,0.00000000,0.00000000,0.00000000,0.00000000,0.00000000,0.00000000,0.00000000,0.00000000,0.00000000,0.00000000,0.00000000,0.00000000,0.00000000,0.00000000,0.00000000,0.00000000,0.00000000,0.00000000,0.00000000,0.00000000,0.00000000,0.00000000,0.00000000,0.00000000,0.00000000,0.00000000,0.00000000,0.00000000,0.00000000,0.00000000,2.38478690,0.00000000,0.00000000,0.00000000,0.00000000,0.00000000,0.00000000,0.00000000,0.00000000,0.00000000,0.00000000,0.00000000,0.00000000,0.00000000,4.95999938,0.00000000,1.41811387,0.00000000,0.00000000,0.00000000,0.00000000,0.00000000,0.00000000,0.00000000,0.00000000,0.00000000,0.00000000,0.00000000,0.00000000,0.00000000,0.00000000,0.00000000,0.00000000,0.00000000,0.00000000,0.00000000,0.00000000,0.00000000,0.00000000,4.26608278,0.00000000,1.11643583,0.00000000,0.00000000
0.00000000,0.00000000,0.00000000,0.00000000,0.00000000,0.00000000,0.00000000,0.00000000,0.00000000,0.00000000,0.00000000,0.00000000,0.00000000,0.00000000,0.00000000,0.00000000,0.00000000,0.00000000,0.00000000,0.00000000,0.00000000,0.00000000,0.00000000,0.00000000,0.00000000,0.00000000,0.00000000,0.00000000,0.00000000,0.00000000,0.00000000,0.00000000,0.00000000,0.00000000,0.00000000,0.00000000,0.00000000,0.00000000,0.00000000,0.00000000,0.00000000,0.00000000,0.00000000,0.00000000,0.00000000,0.00000000,0.00000000,0.00000000,0.00000000,0.00000000,0.00000000,0.00000000,0.00000000,0.00000000,0.00000000,0.00000000,0.00000000,0.00000000,0.00000000,0.00000000,0.00000000,0.00000000,0.00000000,0.00000000,0.00000000,0.00000000,0.00000000,0.00000000,1.44868461,0.00000000,0.00000000,0.00000000,0.00000000,0.00000000,0.00000000,0.00000000,0.00000000,0.00000000,0.00000000,0.00000000,0.00000000,0.00000000,0.00000000,0.00000000,0.00000000,0.00000000,0.00000000,0.00000000,0.00000000,0.00000000,0.00000000,0.00000000,1.58763844,0.00000000,0.00000000,0.00000000,0.00000000,0.00000000,0.00000000,0.00000000,0.00000000,0.00000000,4.51718162,0.00000000,1.77801339,0.00000000,2.82611747,0.00000000,1.17550933,0.00000000,0.00000000,0.00000000,1.17931279,0.00000000,0.74547121,0.00000000,2.01705741,0.00000000,0.84506067,0.00000000,0.00000000,0.00000000,0.00000000,0.00000000,0.00000000,0.00000000,0.00000000,0.00000000,0.00000000,0.00000000,0.00000000,0.00000000,0.00000000,0.00000000,0.00000000,0.00000000,0.00000000,0.00000000,0.00000000,0.00000000,0.00000000,0.00000000,0.00000000,0.00000000,0.00000000,0.00000000,0.00000000,0.00000000,0.00000000,0.00000000,2.00131992,0.00000000,0.10567347,0.00000000,0.00000000,0.00000000,0.00000000,0.00000000,0.00000000,0.00000000,0.00000000,0.00000000,0.00000000,0.00000000,0.00000000,0.00000000,0.00000000,0.00000000,0.00000000,0.00000000,0.00000000,0.00000000,0.00000000,0.00000000,0.00000000,0.00000000,0.00000000,0.00000000,0.00000000,0.00000000,0.99445951,0.00000000,0.00000000,0.00000000,0.00000000,0.00000000,0.00000000,0.00000000,0.00000000,0.00000000,0.00000000,0.00000000,0.00000000,0.00000000,1.55125835,0.00000000,1.07321472,0.00000000,0.00000000,0.00000000,0.00000000,0.00000000,0.00000000,0.00000000,0.00000000,0.00000000,0.00000000,0.00000000,0.00000000,0.00000000,0.00000000,0.00000000,0.00000000,0.00000000,0.00000000,1.13020191,0.00000000,0.00000000,0.00000000,0.00000000,0.00000000,0.00000000,0.00000000,0.00000000,0.00000000
0.00000000,0.00000000,0.00000000,0.00000000,0.00000000,0.00000000,0.00000000,0.00000000,0.00000000,0.00000000,0.00000000,0.00000000,0.00000000,0.00000000,0.00000000,0.00000000,0.00000000,0.00000000,0.00000000,0.00000000,0.00000000,0.00000000,0.00000000,0.00000000,0.00000000,0.00000000,0.00000000,0.00000000,0.00000000,0.00000000,0.00000000,0.00000000,0.00000000,0.00000000,0.00000000,0.00000000,0.00000000,0.00000000,0.00000000,0.00000000,0.00000000,0.00000000,0.00000000,0.00000000,0.00000000,0.00000000,0.00000000,0.00000000,0.00000000,0.00000000,0.00000000,0.00000000,0.00000000,0.00000000,0.00000000,0.00000000,0.00000000,0.00000000,0.00000000,0.00000000,0.00000000,0.00000000,0.00000000,0.00000000,0.00000000,0.00000000,0.00000000,0.00000000,0.00000000,0.00000000,0.00000000,0.00000000,0.00000000,0.00000000,0.00000000,0.00000000,0.00000000,0.00000000,0.00000000,0.00000000,0.00000000,0.00000000,0.00000000,0.00000000,0.00000000,0.00000000,0.00000000,0.00000000,0.00000000,0.00000000,0.00000000,0.00000000,0.00000000,1.46336679,0.00000000,0.00000000,0.00000000,0.00000000,0.00000000,0.00000000,0.00000000,2.17901383,0.00000000,4.20057807,0.00000000,0.00000000,0.00000000,0.00000000,0.00000000,1.04456358,0.00000000,0.00000000,0.00000000,0.85242846,0.00000000,0.00000000,0.00000000,0.00000000,0.00000000,0.75206616,0.00000000,0.00000000,0.00000000,0.00000000,0.00000000,0.00000000,0.00000000,0.00000000,0.00000000,0.00000000,0.00000000,0.00000000,0.00000000,0.00000000,0.00000000,0.00000000,0.00000000,0.00000000,0.00000000,0.00000000,0.00000000,0.00000000,0.00000000,0.00000000,0.00000000,0.00000000,0.00000000,0.00000000,0.00000000,0.00000000,0.00000000,0.80501793,0.00000000,1.04432274,0.00000000,0.00000000,0.00000000,0.00000000,0.00000000,0.00000000,0.00000000,0.00000000,0.00000000,0.00000000,0.00000000,0.00000000,0.00000000,0.00000000,0.00000000,0.00000000,0.00000000,0.00000000,0.00000000,0.00000000,0.00000000,0.00000000,0.00000000,0.00000000,0.00000000,0.00000000,0.00000000,1.07918234,0.00000000,0.00000000,0.00000000,0.00000000,0.00000000,0.00000000,0.00000000,0.00000000,0.00000000,0.00000000,0.00000000,2.04929256,0.00000000,2.86911442,0.00000000,1.67053460,0.00000000,0.00000000,0.00000000,0.00000000,0.00000000,0.00000000,0.00000000,0.00000000,0.00000000,0.00000000,0.00000000,0.00000000,0.00000000,0.00000000,0.00000000,0.00000000,0.00000000,0.00000000,0.00000000,0.00000000,0.00000000,0.00000000,0.00000000,0.00000000,0.91156821,0.00000000,0.00000000
0.00000000,0.00000000,0.00000000,0.00000000,0.00000000,0.00000000,0.00000000,0.00000000,0.00000000,0.00000000,0.00000000,0.00000000,0.00000000,0.00000000,0.00000000,0.00000000,0.00000000,0.00000000,0.00000000,0.00000000,0.00000000,0.00000000,0.00000000,0.00000000,0.00000000,0.00000000,0.00000000,0.00000000,0.00000000,0.00000000,0.00000000,0.00000000,0.00000000,0.00000000,0.00000000,0.00000000,0.00000000,0.00000000,0.00000000,0.00000000,0.00000000,0.00000000,0.00000000,0.00000000,0.00000000,0.00000000,0.00000000,0.00000000,0.00000000,0.00000000,0.00000000,0.00000000,0.00000000,0.00000000,0.00000000,0.00000000,0.00000000,0.00000000,0.00000000,0.00000000,0.00000000,0.00000000,0.00000000,0.00000000,0.00000000,0.00000000,0.00000000,0.00000000,1.63176184,0.00000000,0.00000000,0.00000000,0.00000000,0.00000000,0.00000000,0.00000000,2.12038467,0.00000000,0.00000000,0.00000000,0.00000000,0.00000000,2.83304366,0.00000000,0.00000000,0.00000000,0.00000000,0.00000000,5.38575807,0.00000000,0.00000000,0.00000000,3.03848619,0.00000000,0.00000000,0.00000000,0.00000000,0.00000000,0.00000000,0.00000000,4.83747543,0.00000000,1.83664017,0.00000000,2.83721819,0.00000000,0.00000000,0.00000000,1.21242130,0.00000000,1.17931279,0.00000000,0.00000000,0.00000000,1.39877231,0.00000000,0.00000000,0.00000000,1.64020781,0.00000000,0.00000000,0.00000000,0.00000000,0.00000000,0.00000000,0.00000000,0.00000000,0.00000000,0.00000000,0.00000000,0.00000000,0.00000000,0.00000000,0.00000000,0.00000000,0.00000000,0.00000000,0.00000000,0.00000000,0.00000000,0.00000000,0.00000000,0.00000000,0.00000000,0.00000000,0.00000000,0.00000000,0.00000000,0.00000000,0.00000000,3.84909526,0.00000000,0.00000000,0.00000000,0.00000000,0.00000000,0.00000000,0.00000000,0.00000000,0.00000000,0.00000000,0.00000000,0.00000000,0.00000000,0.00000000,0.00000000,0.00000000,0.00000000,0.00000000,0.00000000,0.00000000,0.00000000,0.00000000,0.00000000,0.00000000,0.00000000,0.00000000,0.00000000,0.00000000,0.00000000,1.70852069,0.00000000,0.00000000,0.00000000,0.00000000,0.00000000,0.00000000,0.00000000,2.99684554,0.00000000,1.49690023,6.57209570,0.00000000,0.00000000,1.27491119,0.00000000,1.45523147,0.00000000,0.00000000,0.00000000,0.00000000,0.00000000,0.00000000,0.00000000,2.37617534,0.00000000,0.00000000,0.00000000,0.00000000,0.00000000,0.00000000,0.00000000,0.00000000,0.00000000,0.00000000,2.13413663,0.00000000,0.00000000,0.00000000,0.00000000,0.00000000,0.00000000,0.00000000,0.00000000,0.00000000
0.00000000,0.00000000,0.00000000,0.00000000,0.00000000,0.00000000,0.00000000,0.00000000,0.00000000,0.00000000,0.00000000,0.00000000,0.00000000,0.00000000,0.00000000,0.00000000,0.00000000,0.00000000,0.00000000,0.00000000,0.00000000,0.00000000,0.00000000,0.00000000,0.00000000,0.00000000,0.00000000,0.00000000,0.00000000,0.00000000,0.00000000,0.00000000,0.00000000,0.00000000,0.00000000,0.00000000,0.00000000,0.00000000,0.00000000,0.00000000,0.00000000,0.00000000,0.00000000,0.00000000,0.00000000,0.00000000,0.00000000,0.00000000,0.00000000,0.00000000,0.00000000,0.00000000,0.00000000,0.00000000,0.00000000,0.00000000,0.00000000,0.00000000,0.00000000,0.00000000,0.00000000,0.00000000,0.00000000,0.00000000,0.00000000,0.00000000,0.00000000,0.00000000,0.00000000,2.27622442,0.00000000,0.00000000,0.00000000,0.00000000,0.00000000,0.00000000,0.00000000,0.00000000,0.00000000,0.00000000,0.00000000,0.00000000,0.00000000,0.00000000,0.00000000,0.00000000,0.00000000,0.00000000,0.00000000,0.00000000,0.00000000,1.98270796,0.00000000,3.13822047,0.00000000,0.00000000,0.00000000,0.00000000,0.00000000,2.55253193,0.00000000,2.79560051,0.00000000,1.78728890,0.00000000,2.11931359,0.00000000,2.83437175,0.00000000,1.66549969,0.00000000,0.85242846,0.00000000,0.00000000,0.00000000,3.79208200,0.00000000,3.88078006,0.00000000,3.88635773,0.00000000,0.00000000,0.00000000,0.00000000,0.00000000,0.00000000,0.00000000,0.00000000,0.00000000,0.00000000,0.00000000,0.00000000,0.00000000,0.00000000,0.00000000,0.00000000,0.00000000,0.00000000,0.00000000,0.00000000,0.00000000,0.00000000,0.00000000,0.00000000,0.00000000,0.00000000,0.00000000,0.00000000,0.00000000,0.00000000,0.00000000,2.44002248,0.00000000,2.35476654,0.00000000,0.00000000,0.00000000,0.00000000,0.00000000,0.00000000,0.00000000,0.00000000,0.00000000,0.00000000,0.00000000,0.00000000,0.00000000,0.00000000,0.00000000,0.00000000,0.00000000,0.00000000,0.00000000,0.00000000,0.00000000,0.00000000,0.00000000,0.00000000,0.00000000,0.00000000,2.65354888,3.32803749,0.00000000,0.00000000,0.00000000,0.00000000,0.00000000,0.00000000,0.00000000,0.00000000,0.00000000,0.00000000,0.00000000,0.00000000,0.00000000,4.11422731,0.00000000,2.69176740,0.00000000,0.00000000,0.00000000,0.00000000,0.00000000,0.00000000,0.00000000,0.00000000,0.00000000,0.00000000,0.00000000,0.00000000,0.00000000,0.00000000,0.00000000,0.00000000,0.00000000,0.00000000,0.00000000,0.00000000,0.00000000,0.00000000,8.23559858,0.00000000,1.09838392,0.00000000,0.00000000
0.00000000,0.00000000,0.00000000,0.00000000,0.00000000,0.00000000,0.00000000,0.00000000,0.00000000,0.00000000,0.00000000,0.00000000,0.00000000,0.00000000,0.00000000,0.00000000,0.00000000,0.00000000,0.00000000,0.00000000,0.00000000,0.00000000,0.00000000,0.00000000,0.00000000,0.00000000,0.00000000,0.00000000,0.00000000,0.00000000,0.00000000,0.00000000,0.00000000,0.00000000,0.00000000,0.00000000,0.00000000,0.00000000,0.00000000,0.00000000,0.00000000,0.00000000,0.00000000,0.00000000,0.00000000,0.00000000,0.00000000,0.00000000,0.00000000,0.00000000,0.00000000,0.00000000,0.00000000,0.00000000,0.00000000,0.00000000,0.00000000,0.00000000,0.00000000,0.00000000,0.00000000,0.00000000,0.00000000,0.00000000,0.00000000,0.00000000,0.00000000,0.00000000,2.16274487,0.00000000,0.00000000,0.00000000,6.16390475,0.00000000,0.00000000,0.00000000,1.54872430,0.00000000,2.05688956,0.00000000,0.00000000,0.00000000,1.06814801,0.00000000,0.00000000,0.00000000,0.00000000,0.00000000,0.00000000,0.00000000,0.00000000,0.00000000,1.50932077,0.00000000,0.00000000,0.00000000,0.00000000,0.00000000,0.00000000,0.00000000,0.00000000,0.00000000,6.38393930,0.00000000,0.00000000,0.00000000,0.00000000,0.00000000,1.70892859,0.00000000,0.74547121,0.00000000,1.39877231,0.00000000,0.00000000,0.00000000,0.00000000,0.00000000,0.64537482,0.00000000,0.00000000,0.00000000,0.00000000,0.00000000,0.00000000,0.00000000,0.00000000,0.00000000,0.00000000,0.00000000,0.00000000,0.00000000,0.00000000,0.00000000,0.00000000,0.00000000,0.00000000,0.00000000,0.00000000,0.00000000,0.00000000,0.00000000,0.00000000,0.00000000,0.00000000,0.00000000,0.00000000,0.00000000,0.00000000,0.00000000,1.04048203,0.00000000,0.00000000,0.00000000,0.00000000,0.00000000,0.00000000,0.00000000,0.00000000,0.00000000,0.00000000,0.00000000,0.00000000,0.00000000,0.00000000,0.00000000,0.00000000,0.00000000,0.00000000,0.00000000,0.00000000,0.00000000,0.00000000,0.00000000,0.00000000,0.00000000,0.00000000,0.00000000,0.00000000,0.00000000,0.69797091,0.00000000,0.00000000,0.00000000,0.00000000,0.00000000,0.00000000,0.00000000,0.00000000,0.00000000,0.00000000,0.00000000,0.00000000,0.00000000,1.63142677,0.00000000,1.54369938,0.00000000,0.00000000,0.00000000,0.00000000,0.00000000,0.00000000,0.00000000,0.00000000,0.00000000,0.00000000,0.00000000,0.00000000,0.00000000,0.00000000,0.00000000,3.73560130,0.00000000,0.00000000,0.75985133,2.68970563,0.00000000,0.00000000,0.00000000,0.00000000,0.00000000,0.00000000,0.00000000,0.00000000
0.00000000,0.00000000,0.00000000,0.00000000,0.00000000,0.00000000,0.00000000,0.00000000,0.00000000,0.00000000,0.00000000,0.00000000,0.00000000,0.00000000,0.00000000,0.00000000,0.00000000,0.00000000,0.00000000,0.00000000,0.00000000,0.00000000,0.00000000,0.00000000,0.00000000,0.00000000,0.00000000,0.00000000,0.00000000,0.00000000,0.00000000,0.00000000,0.00000000,0.00000000,0.00000000,0.00000000,0.00000000,0.00000000,0.00000000,0.00000000,0.00000000,0.00000000,0.00000000,0.00000000,0.00000000,0.00000000,0.00000000,0.00000000,0.00000000,0.00000000,0.00000000,0.00000000,0.00000000,0.00000000,0.00000000,0.00000000,0.00000000,0.00000000,0.00000000,0.00000000,0.00000000,0.00000000,0.00000000,0.00000000,0.00000000,0.00000000,0.00000000,0.00000000,0.00000000,0.00000000,0.00000000,0.00000000,0.00000000,0.00000000,0.00000000,0.00000000,0.00000000,0.00000000,0.00000000,0.00000000,0.00000000,0.00000000,0.00000000,0.00000000,0.00000000,0.00000000,0.00000000,0.00000000,0.00000000,0.00000000,0.00000000,0.00000000,0.00000000,0.00000000,0.00000000,0.00000000,0.00000000,0.00000000,0.00000000,0.00000000,0.00000000,0.00000000,0.00000000,2.89971388,0.00000000,0.00000000,0.00000000,0.00000000,0.00000000,1.35126674,0.00000000,0.00000000,0.00000000,3.79208200,0.00000000,0.00000000,0.00000000,0.94973695,0.00000000,0.00000000,0.00000000,0.00000000,0.00000000,0.00000000,0.00000000,0.00000000,0.00000000,0.00000000,0.00000000,0.00000000,0.00000000,0.00000000,0.00000000,0.00000000,0.00000000,0.00000000,0.00000000,0.00000000,0.00000000,0.00000000,0.00000000,0.00000000,0.00000000,0.00000000,0.00000000,0.00000000,0.00000000,0.00000000,0.00000000,0.00000000,0.00000000,0.82723588,0.00000000,0.00000000,0.00000000,0.00000000,0.00000000,0.00000000,0.00000000,0.00000000,0.00000000,0.00000000,0.00000000,0.00000000,0.00000000,0.00000000,0.00000000,0.00000000,0.00000000,0.00000000,0.00000000,0.00000000,0.00000000,0.00000000,0.00000000,0.00000000,0.00000000,0.00000000,0.00000000,0.00000000,0.00000000,0.00000000,0.00000000,0.00000000,0.00000000,0.00000000,0.00000000,0.00000000,0.00000000,0.00000000,0.00000000,0.00000000,0.00000000,0.00000000,0.00000000,0.00000000,0.00000000,0.00000000,0.00000000,0.00000000,0.00000000,0.00000000,0.00000000,0.00000000,0.00000000,0.00000000,0.00000000,0.00000000,0.00000000,0.00000000,0.00000000,0.00000000,0.00000000,0.00000000,0.00000000,0.00000000,0.00000000,0.00000000,0.00000000,0.00000000,0.00000000,0.00000000,1.48671354,0.00000000,0.00000000
0.00000000,0.00000000,0.00000000,0.00000000,0.00000000,0.00000000,0.00000000,0.00000000,0.00000000,0.00000000,0.00000000,0.00000000,0.00000000,0.00000000,0.00000000,0.00000000,0.00000000,0.00000000,0.00000000,0.00000000,0.00000000,0.00000000,0.00000000,0.00000000,0.00000000,0.00000000,0.00000000,0.00000000,0.00000000,0.00000000,0.00000000,0.00000000,0.00000000,0.00000000,0.00000000,0.00000000,0.00000000,0.00000000,0.00000000,0.00000000,0.00000000,0.00000000,0.00000000,0.00000000,0.00000000,0.00000000,0.00000000,0.00000000,0.00000000,0.00000000,0.00000000,0.00000000,0.00000000,0.00000000,0.00000000,0.00000000,0.00000000,0.00000000,0.00000000,0.00000000,0.00000000,0.00000000,0.00000000,0.00000000,0.00000000,0.00000000,0.00000000,0.00000000,3.76191208,0.00000000,0.00000000,0.00000000,0.00000000,0.00000000,0.00000000,0.00000000,1.79028986,0.00000000,0.00000000,0.00000000,0.00000000,0.00000000,1.40740067,0.00000000,0.00000000,0.00000000,0.00000000,0.00000000,0.00000000,0.00000000,0.00000000,0.00000000,1.61658503,0.00000000,0.00000000,0.00000000,0.00000000,0.00000000,0.00000000,0.00000000,1.69800033,0.00000000,1.93702252,0.00000000,0.00000000,0.00000000,0.00000000,0.00000000,0.00000000,0.00000000,2.01705741,0.00000000,0.00000000,0.00000000,0.00000000,0.00000000,0.00000000,0.00000000,0.00000000,0.00000000,0.00000000,0.00000000,0.00000000,0.00000000,0.00000000,0.00000000,0.00000000,0.00000000,0.00000000,0.00000000,0.00000000,0.00000000,0.00000000,0.00000000,0.00000000,0.00000000,0.00000000,0.00000000,0.00000000,0.00000000,0.00000000,0.00000000,0.00000000,0.00000000,0.00000000,0.00000000,0.00000000,0.00000000,0.00000000,0.00000000,0.00000000,0.00000000,0.00000000,0.00000000,0.00000000,0.00000000,0.00000000,0.00000000,0.00000000,0.00000000,0.00000000,0.00000000,0.00000000,0.00000000,0.00000000,0.00000000,0.00000000,0.00000000,0.00000000,0.00000000,0.00000000,0.00000000,0.00000000,0.00000000,0.00000000,0.00000000,0.00000000,0.00000000,0.00000000,0.00000000,0.00000000,0.00000000,0.00000000,0.00000000,0.00000000,0.00000000,0.00000000,0.00000000,0.00000000,0.00000000,0.00000000,0.00000000,2.60978527,0.00000000,0.00000000,0.00000000,0.00000000,0.00000000,0.00000000,0.00000000,0.00000000,0.00000000,0.00000000,0.00000000,0.00000000,0.00000000,0.00000000,0.00000000,0.00000000,0.00000000,0.00000000,0.00000000,0.00000000,0.00000000,0.00000000,2.04924080,0.00000000,0.00000000,0.00000000,0.00000000,0.00000000,0.00000000,0.00000000,0.00000000,0.00000000
0.00000000,0.00000000,0.00000000,0.00000000,0.00000000,0.00000000,0.00000000,0.00000000,0.00000000,0.00000000,0.00000000,0.00000000,0.00000000,0.00000000,0.00000000,0.00000000,0.00000000,0.00000000,0.00000000,0.00000000,0.00000000,0.00000000,0.00000000,0.00000000,0.00000000,0.00000000,0.00000000,0.00000000,0.00000000,0.00000000,0.00000000,0.00000000,0.00000000,0.00000000,0.00000000,0.00000000,0.00000000,0.00000000,0.00000000,0.00000000,0.00000000,0.00000000,0.00000000,0.00000000,0.00000000,0.00000000,0.00000000,0.00000000,0.00000000,0.00000000,0.00000000,0.00000000,0.00000000,0.00000000,0.00000000,0.00000000,0.00000000,0.00000000,0.00000000,0.00000000,0.00000000,0.00000000,0.00000000,0.00000000,0.00000000,0.00000000,0.00000000,0.00000000,0.00000000,1.70870946,0.00000000,0.00000000,0.00000000,0.00000000,0.00000000,0.00000000,0.00000000,1.27367006,0.00000000,0.00000000,0.00000000,0.00000000,0.00000000,3.11683117,0.00000000,0.00000000,0.00000000,0.00000000,0.00000000,1.23578713,0.00000000,0.00000000,0.00000000,1.17817336,0.00000000,1.39442017,0.00000000,0.00000000,0.00000000,0.00000000,0.00000000,0.00000000,0.00000000,1.54272897,0.00000000,0.00000000,0.00000000,0.00000000,0.00000000,0.00000000,0.00000000,0.00000000,0.00000000,3.88078006,0.00000000,0.94973695,0.00000000,0.00000000,0.00000000,0.00000000,0.00000000,0.00000000,0.00000000,0.00000000,0.00000000,0.00000000,0.00000000,0.00000000,0.00000000,0.00000000,0.00000000,0.00000000,0.00000000,0.00000000,0.00000000,0.00000000,0.00000000,0.00000000,0.00000000,0.00000000,0.00000000,0.00000000,0.00000000,0.00000000,0.00000000,0.00000000,0.00000000,0.00000000,0.00000000,0.00000000,0.00000000,0.00000000,0.00000000,0.00000000,0.00000000,0.00000000,0.00000000,0.00000000,0.00000000,0.00000000,0.00000000,0.00000000,0.00000000,0.00000000,0.00000000,0.00000000,0.00000000,0.00000000,0.00000000,2.13215197,0.00000000,0.00000000,0.00000000,0.00000000,0.00000000,0.00000000,0.00000000,0.00000000,0.00000000,0.00000000,0.00000000,0.00000000,0.00000000,0.00000000,0.00000000,0.00000000,0.00000000,0.00000000,0.00000000,0.00000000,0.00000000,0.00000000,0.00000000,0.00000000,0.00000000,0.00000000,0.00000000,0.00000000,0.00000000,0.00000000,0.00000000,0.00000000,0.00000000,0.00000000,0.00000000,0.00000000,0.00000000,0.00000000,0.00000000,0.00000000,0.00000000,0.00000000,0.00000000,0.00000000,0.00000000,0.00000000,0.00000000,0.00000000,0.00000000,0.00000000,3.35076246,0.00000000,1.58743403,0.00000000,0.00000000
0.00000000,0.00000000,0.00000000,0.00000000,5.07740713,0.00000000,0.00000000,0.00000000,0.00000000,0.00000000,0.00000000,0.00000000,0.00000000,0.00000000,0.00000000,0.00000000,0.00000000,0.00000000,0.00000000,0.00000000,0.00000000,0.00000000,0.00000000,0.00000000,0.00000000,0.00000000,0.00000000,0.00000000,0.00000000,0.00000000,0.00000000,0.00000000,0.00000000,0.00000000,0.00000000,0.00000000,0.00000000,0.00000000,0.00000000,0.00000000,0.00000000,0.00000000,0.00000000,0.00000000,0.00000000,0.00000000,0.00000000,0.00000000,0.00000000,0.00000000,0.00000000,0.00000000,0.00000000,0.00000000,0.00000000,0.00000000,0.00000000,0.00000000,0.00000000,0.00000000,0.00000000,0.00000000,0.00000000,0.00000000,0.00000000,0.00000000,0.00000000,0.00000000,0.00000000,0.00000000,0.00000000,0.00000000,0.00000000,0.00000000,0.00000000,0.00000000,0.00000000,0.00000000,0.00000000,0.00000000,0.00000000,0.00000000,0.00000000,0.00000000,0.00000000,0.00000000,0.00000000,0.00000000,0.00000000,0.00000000,0.00000000,0.00000000,0.00000000,0.00000000,0.00000000,0.00000000,0.00000000,0.00000000,0.00000000,0.00000000,0.00000000,0.00000000,2.40251612,0.00000000,2.50984228,0.00000000,5.97764000,0.00000000,0.77781279,0.00000000,0.84506067,0.00000000,1.64020781,0.00000000,0.64537482,0.00000000,0.00000000,0.00000000,0.00000000,0.00000000,0.00000000,0.00000000,0.00000000,0.00000000,0.00000000,0.00000000,0.00000000,0.00000000,0.00000000,0.00000000,0.00000000,0.00000000,0.00000000,0.00000000,0.00000000,0.00000000,0.00000000,0.00000000,0.00000000,0.00000000,0.00000000,0.00000000,0.00000000,0.00000000,0.00000000,0.00000000,0.00000000,0.00000000,0.00000000,0.00000000,1.75313638,0.00000000,1.69687431,0.00000000,0.00000000,0.00000000,0.00000000,0.00000000,0.00000000,0.00000000,0.00000000,0.00000000,0.00000000,0.00000000,0.00000000,0.00000000,0.00000000,0.00000000,0.00000000,0.00000000,0.00000000,0.00000000,0.00000000,0.00000000,1.53351491,0.00000000,0.93721518,0.00000000,0.00000000,0.00000000,2.45341015,0.00000000,0.00000000,0.00000000,0.00000000,0.00000000,0.00000000,0.00000000,0.00000000,0.00000000,0.00000000,0.00000000,0.00000000,1.49898901,1.01335570,0.00000000,1.69839290,0.00000000,0.00000000,0.00000000,0.00000000,0.00000000,0.00000000,0.00000000,0.00000000,0.00000000,2.73151790,1.82792202,0.00000000,0.00000000,6.67251226,0.00000000,0.00000000,0.00000000,0.00000000,1.23579037,0.00000000,0.00000000,0.00000000,0.00000000,0.00000000,0.00000000,0.00000000,0.00000000,0.00000000
0.00000000,0.00000000,0.00000000,0.00000000,0.00000000,0.00000000,0.00000000,0.00000000,0.00000000,0.00000000,0.00000000,0.00000000,0.00000000,0.00000000,0.00000000,0.00000000,0.00000000,0.00000000,0.00000000,0.00000000,0.00000000,0.00000000,0.00000000,0.00000000,0.00000000,0.00000000,0.00000000,0.00000000,0.00000000,0.00000000,0.00000000,0.00000000,0.00000000,0.00000000,0.00000000,0.00000000,0.00000000,0.00000000,0.00000000,0.00000000,0.00000000,0.00000000,0.00000000,0.00000000,0.00000000,0.00000000,0.00000000,0.00000000,0.00000000,0.00000000,0.00000000,0.00000000,0.00000000,0.00000000,0.00000000,0.00000000,0.00000000,0.00000000,0.00000000,0.00000000,0.00000000,0.00000000,0.00000000,0.00000000,0.00000000,0.00000000,0.00000000,0.00000000,0.00000000,0.00000000,0.00000000,0.00000000,0.00000000,0.00000000,0.00000000,0.00000000,0.00000000,2.25893318,0.00000000,0.00000000,0.00000000,0.00000000,0.00000000,4.65233156,0.00000000,0.00000000,0.00000000,0.00000000,0.00000000,0.00000000,0.00000000,0.00000000,0.00000000,0.00000000,0.00000000,0.00000000,0.00000000,0.00000000,0.00000000,0.00000000,0.00000000,2.99165949,0.00000000,2.52709566,0.00000000,2.09892458,0.00000000,2.99533028,0.00000000,0.74823185,0.00000000,0.75206616,0.00000000,3.88635773,0.00000000,0.00000000,0.00000000,0.00000000,0.00000000,0.00000000,0.00000000,0.00000000,0.00000000,0.00000000,0.00000000,0.00000000,0.00000000,0.00000000,0.00000000,0.00000000,0.00000000,0.00000000,0.00000000,0.00000000,0.00000000,0.00000000,0.00000000,0.00000000,0.00000000,0.00000000,0.00000000,0.00000000,0.00000000,0.00000000,0.00000000,0.00000000,0.00000000,0.00000000,0.00000000,0.00000000,0.00000000,1.27299398,0.00000000,1.20457795,0.00000000,0.00000000,0.00000000,0.00000000,0.00000000,0.00000000,0.00000000,0.00000000,0.00000000,0.00000000,0.00000000,0.00000000,0.00000000,0.00000000,0.00000000,0.00000000,0.00000000,0.00000000,0.00000000,0.00000000,0.00000000,0.00000000,0.00000000,0.00000000,0.00000000,0.00000000,0.00000000,1.54524349,0.00000000,0.00000000,0.00000000,0.00000000,0.00000000,0.00000000,0.00000000,0.00000000,2.26870596,0.00000000,0.00000000,4.25875244,0.00000000,1.13457330,2.20768658,1.58017851,0.00000000,2.37252235,0.00000000,0.00000000,0.00000000,0.00000000,0.00000000,1.89313013,2.11955812,0.00000000,0.00000000,0.00000000,0.00000000,0.00000000,0.00000000,0.00000000,0.00000000,0.00000000,0.00000000,0.00000000,0.00000000,0.00000000,9.87649557,0.00000000,2.32498991,0.00000000,0.00000000
0.00000000,0.00000000,0.00000000,0.00000000,0.00000000,0.00000000,0.00000000,0.00000000,0.00000000,0.00000000,0.00000000,0.00000000,0.00000000,0.00000000,0.00000000,0.00000000,1.24947468,0.00000000,0.00000000,0.00000000,1.60347831,0.00000000,0.00000000,0.00000000,1.44950719,0.00000000,0.00000000,0.00000000,2.08979008,0.00000000,0.00000000,0.00000000,0.00000000,0.00000000,0.00000000,0.00000000,1.48242880,0.00000000,0.00000000,0.00000000,0.00000000,0.00000000,0.00000000,0.00000000,2.90165804,0.00000000,0.00000000,0.00000000,0.00000000,0.00000000,0.00000000,0.00000000,1.63197620,0.00000000,0.00000000,0.00000000,0.00000000,0.00000000,0.00000000,0.00000000,0.00000000,0.00000000,0.00000000,0.00000000,0.00000000,0.00000000,0.00000000,0.00000000,0.00000000,0.00000000,2.07497469,0.00000000,1.59369012,0.00000000,1.42156868,0.00000000,3.90279240,0.00000000,1.30979851,0.00000000,2.17653177,0.00000000,1.72120456,0.00000000,2.20377504,0.00000000,1.81329155,0.00000000,0.00000000,0.00000000,0.00000000,0.00000000,0.00000000,0.00000000,2.37355229,0.00000000,1.81491912,0.00000000,2.51090468,0.00000000,2.40901309,0.00000000,0.00000000,0.00000000,0.00000000,0.00000000,0.00000000,0.00000000,0.00000000,0.00000000,0.00000000,0.00000000,0.00000000,0.00000000,0.00000000,0.00000000,0.00000000,0.00000000,0.00000000,0.00000000,0.00000000,0.00000000,1.69391011,0.00000000,0.00000000,0.00000000,0.00000000,0.00000000,0.00000000,0.00000000,0.00000000,0.00000000,0.00000000,0.00000000,1.57543041,0.00000000,2.15795477,0.00000000,1.47786053,0.00000000,1.49363141,0.00000000,1.43043614,0.00000000,1.63820701,0.00000000,0.00000000,0.00000000,1.95032803,0.00000000,0.00000000,0.00000000,2.20679889,0.00000000,0.00000000,0.00000000,2.17590918,0.00000000,0.00000000,0.00000000,1.95403717,0.00000000,2.29909533,0.00000000,0.00000000,0.00000000,0.00000000,0.00000000,0.00000000,0.00000000,0.00000000,0.00000000,0.00000000,0.00000000,0.00000000,0.00000000,0.00000000,0.00000000,0.00000000,0.00000000,0.00000000,0.00000000,0.00000000,0.00000000,0.00000000,0.00000000,0.00000000,0.00000000,0.00000000,0.00000000,0.00000000,0.00000000,0.77659114,0.00000000,0.00000000,0.00000000,0.00000000,0.00000000,0.00000000,0.00000000,3.53087498,0.00000000,0.00000000,0.00000000,0.00000000,0.00000000,1.76195699,0.00000000,1.90734122,0.00000000,2.81987086,0.00000000,0.00000000,0.00000000,0.00000000,0.00000000,0.00000000,0.00000000,0.00000000,0.00000000,0.00000000,0.00000000,0.00000000,0.00000000,0.00000000
0.00000000,0.00000000,0.00000000,0.00000000,0.00000000,0.00000000,0.00000000,0.00000000,0.00000000,0.00000000,0.00000000,0.00000000,0.00000000,0.00000000,0.00000000,0.00000000,0.00000000,1.23813167,0.00000000,0.00000000,0.00000000,0.00000000,0.00000000,0.00000000,0.00000000,1.03736090,0.00000000,0.00000000,0.00000000,0.00000000,0.00000000,0.00000000,0.00000000,0.00000000,0.00000000,0.00000000,0.00000000,1.42990625,0.00000000,0.00000000,0.00000000,0.00000000,0.00000000,0.00000000,0.00000000,0.00000000,0.00000000,0.00000000,0.00000000,2.07260245,0.00000000,0.00000000,0.00000000,0.00000000,0.00000000,0.00000000,0.00000000,0.00000000,0.00000000,0.00000000,0.00000000,0.00000000,0.00000000,0.00000000,0.00000000,0.00000000,0.00000000,0.00000000,0.00000000,0.00000000,0.00000000,0.00000000,0.00000000,1.24464585,0.00000000,3.67913184,0.00000000,1.58622948,0.00000000,2.43158093,0.00000000,0.91506403,0.00000000,1.12633963,0.00000000,1.40043444,0.00000000,1.03130953,0.00000000,1.03460717,0.00000000,0.00000000,0.00000000,0.00000000,0.00000000,1.35253632,0.00000000,0.00000000,0.00000000,0.00000000,0.00000000,0.00000000,0.00000000,0.00000000,0.00000000,0.00000000,0.00000000,0.00000000,0.00000000,0.00000000,0.00000000,0.00000000,0.00000000,0.00000000,0.00000000,0.00000000,0.00000000,0.00000000,0.00000000,0.00000000,0.00000000,0.00000000,0.00000000,1.39829126,1.50584058,1.18453780,0.00000000,0.00000000,0.00000000,0.00000000,0.00000000,1.41622820,0.00000000,0.00000000,0.00000000,2.34195015,0.00000000,0.00000000,1.65335827,0.00000000,0.00000000,1.43970688,0.00000000,1.28969447,2.19635923,1.80456536,0.00000000,2.16064921,1.27603766,0.00000000,0.00000000,0.00000000,0.00000000,2.45252800,0.00000000,0.00000000,0.00000000,2.16668555,0.00000000,0.00000000,0.00000000,0.00000000,0.00000000,1.81747294,0.00000000,0.00000000,0.00000000,1.11542873,0.00000000,2.08832724,0.00000000,1.15263319,0.00000000,1.28863124,0.00000000,2.91719703,0.00000000,0.00000000,0.00000000,0.00000000,2.31664187,1.80469692,0.00000000,0.00000000,0.00000000,0.00000000,0.00000000,0.00000000,0.00000000,0.00000000,0.00000000,0.00000000,0.00000000,0.00000000,0.00000000,0.00000000,0.00000000,0.00000000,0.00000000,2.63387870,0.00000000,2.21267937,0.00000000,0.00000000,0.00000000,0.00000000,0.00000000,0.00000000,0.00000000,0.00000000,0.00000000,0.00000000,0.00000000,0.00000000,0.00000000,0.00000000,0.00000000,0.00000000,2.19665387,0.00000000,2.55494782,0.00000000,0.00000000,2.21926594,0.00000000
0.00000000,0.00000000,0.00000000,0.00000000,0.00000000,0.00000000,0.00000000,0.00000000,0.00000000,0.00000000,0.00000000,0.00000000,0.00000000,0.00000000,0.00000000,0.00000000,1.28144897,0.00000000,0.00000000,0.00000000,1.50246355,0.00000000,0.69764239,0.00000000,1.74334114,0.00000000,0.00000000,0.00000000,0.00000000,0.00000000,2.38702627,0.00000000,0.00000000,0.00000000,0.00000000,0.00000000,0.00000000,0.00000000,0.00000000,0.00000000,0.00000000,0.00000000,0.00000000,0.00000000,0.00000000,0.00000000,0.00000000,0.00000000,0.00000000,0.00000000,0.00000000,0.00000000,2.17678563,0.00000000,0.00000000,0.00000000,0.00000000,0.00000000,0.00000000,0.00000000,0.00000000,0.00000000,0.00000000,0.00000000,0.00000000,0.00000000,0.00000000,0.00000000,0.00000000,0.00000000,2.61555409,0.00000000,2.67116134,0.00000000,1.65545357,0.00000000,0.00000000,0.00000000,1.50596580,0.00000000,1.91792514,0.00000000,0.00000000,0.00000000,2.15916001,0.00000000,1.44329130,0.00000000,0.00000000,0.00000000,0.00000000,0.00000000,0.00000000,0.00000000,1.84523244,0.00000000,2.63867527,0.00000000,1.51402278,0.00000000,1.70707663,0.00000000,0.00000000,0.00000000,0.00000000,0.00000000,0.00000000,0.00000000,0.00000000,0.00000000,0.00000000,0.00000000,0.00000000,0.00000000,0.00000000,0.00000000,0.00000000,0.00000000,0.00000000,0.00000000,1.69391011,0.00000000,0.00000000,0.00000000,0.00000000,0.00000000,0.00000000,0.00000000,3.35902305,0.00000000,0.00000000,0.00000000,0.00000000,0.00000000,0.00000000,0.00000000,1.69841164,0.00000000,2.47279768,0.00000000,1.38927459,0.00000000,1.66097231,0.00000000,3.29968034,0.00000000,0.00000000,0.00000000,0.00000000,0.00000000,1.69262147,0.00000000,0.00000000,0.00000000,0.00000000,0.00000000,0.00000000,0.00000000,0.00000000,0.00000000,0.00000000,0.00000000,0.00000000,0.00000000,0.00000000,0.00000000,0.00000000,0.00000000,1.65437305,0.00000000,0.00000000,0.00000000,0.00000000,0.00000000,0.00000000,0.00000000,0.00000000,0.00000000,0.00000000,0.00000000,0.00000000,0.00000000,0.00000000,0.00000000,0.00000000,0.00000000,0.00000000,0.00000000,0.00000000,0.00000000,0.00000000,0.00000000,0.00000000,0.00000000,0.00000000,0.00000000,0.00000000,0.00000000,0.00000000,0.00000000,0.00000000,0.00000000,0.00000000,0.00000000,0.00000000,0.00000000,0.00000000,0.00000000,3.63281496,1.95853620,0.00000000,0.00000000,2.96273463,0.00000000,2.67425939,0.00000000,0.00000000,0.00000000,0.00000000,0.00000000,0.00000000,0.00000000,0.00000000,0.00000000,0.00000000
0.00000000,0.00000000,0.00000000,0.00000000,0.00000000,0.00000000,0.00000000,0.00000000,0.00000000,0.00000000,0.00000000,0.00000000,0.00000000,0.00000000,0.00000000,0.00000000,0.00000000,2.66166512,0.00000000,0.00000000,0.00000000,0.00000000,0.00000000,0.00000000,0.00000000,2.73552549,0.00000000,0.00000000,0.00000000,0.00000000,0.00000000,0.00000000,0.00000000,0.00000000,0.00000000,1.98262972,0.00000000,0.00000000,0.00000000,0.00000000,0.00000000,0.00000000,0.00000000,0.00000000,0.00000000,0.00000000,0.00000000,0.00000000,0.00000000,0.00000000,0.00000000,1.51877115,0.00000000,0.00000000,0.00000000,0.00000000,0.00000000,0.00000000,0.00000000,0.00000000,0.00000000,0.00000000,0.00000000,0.00000000,0.00000000,0.00000000,0.00000000,0.00000000,0.00000000,0.00000000,0.00000000,3.30305909,0.00000000,1.21317145,0.00000000,1.58904044,0.00000000,0.00000000,0.00000000,1.36209718,0.00000000,1.05737152,0.00000000,1.15970242,0.00000000,1.94636400,0.00000000,1.01901767,0.00000000,0.00000000,0.00000000,0.00000000,0.00000000,0.00000000,0.00000000,0.00000000,0.00000000,0.00000000,0.00000000,1.54864276,0.00000000,0.00000000,0.00000000,0.00000000,0.00000000,0.00000000,0.00000000,0.00000000,0.00000000,0.00000000,0.00000000,0.00000000,0.00000000,0.00000000,0.00000000,0.00000000,0.00000000,0.00000000,0.00000000,0.00000000,0.00000000,1.39829126,0.00000000,0.00000000,1.25164549,1.25487952,0.00000000,1.72881898,0.00000000,2.36469025,0.83695590,1.12865427,0.00000000,2.28261818,0.00000000,2.64109371,0.00000000,2.92901740,0.00000000,2.56176076,2.28551243,1.50259273,0.00000000,1.61339597,0.00000000,2.35517342,1.98249495,1.90862453,0.00000000,1.26014927,0.00000000,2.16061146,0.00000000,2.28097127,0.00000000,0.00000000,0.00000000,0.00000000,0.00000000,0.00000000,0.00000000,0.00000000,0.00000000,1.59195239,0.00000000,0.00000000,0.00000000,0.00000000,0.00000000,0.00000000,0.00000000,1.71989102,0.00000000,1.46863281,0.00000000,2.10574769,0.00000000,0.00000000,0.00000000,0.00000000,0.00000000,1.65264835,0.00000000,0.00000000,0.00000000,0.00000000,0.00000000,0.00000000,0.00000000,0.00000000,0.00000000,0.00000000,0.00000000,2.06801672,0.00000000,0.00000000,0.00000000,0.00000000,0.00000000,0.00000000,0.00000000,0.00000000,0.00000000,0.00000000,0.00000000,0.00000000,0.00000000,0.00000000,0.00000000,0.00000000,0.00000000,0.00000000,0.00000000,0.00000000,0.00000000,0.00000000,0.00000000,0.00000000,2.51577832,4.62232648,1.81036169,0.00000000,0.00000000,0.00000000,0.00000000
1.89170933,0.00000000,2.64292748,0.00000000,0.00000000,0.00000000,1.76088640,0.00000000,1.84448392,0.00000000,0.00000000,0.00000000,0.00000000,0.00000000,0.00000000,0.00000000,0.00000000,0.00000000,0.00000000,0.00000000,0.00000000,0.00000000,0.00000000,0.00000000,2.64360206,0.00000000,0.00000000,0.00000000,0.00000000,0.00000000,0.00000000,0.00000000,0.00000000,0.00000000,0.00000000,0.00000000,0.00000000,0.00000000,0.00000000,0.00000000,0.00000000,0.00000000,0.00000000,0.00000000,3.68294355,0.00000000,0.00000000,0.00000000,0.00000000,0.60873847,0.00000000,0.00000000,0.00000000,0.00000000,0.00000000,0.00000000,1.77146745,0.00000000,1.62092963,0.00000000,3.95596211,0.00000000,0.00000000,0.00000000,2.45491546,0.00000000,1.80525360,0.00000000,0.00000000,0.00000000,1.85586039,0.00000000,2.09283104,0.00000000,0.00000000,0.00000000,0.00000000,0.00000000,0.00000000,0.00000000,0.00000000,0.00000000,0.00000000,0.00000000,0.00000000,0.00000000,0.00000000,0.00000000,0.00000000,0.00000000,0.00000000,0.00000000,0.00000000,0.00000000,0.00000000,1.05401917,0.00000000,0.00000000,0.00000000,0.00000000,2.60389330,1.03826277,0.00000000,0.00000000,0.00000000,0.00000000,0.00000000,0.00000000,0.00000000,0.00000000,0.00000000,0.00000000,0.00000000,0.00000000,0.00000000,0.00000000,0.00000000,0.00000000,0.00000000,0.00000000,0.00000000,1.50584058,0.00000000,1.25164549,0.00000000,1.05792287,2.16351480,1.09758764,1.89208279,1.71657008,1.79747613,1.11216833,2.55797571,1.41289704,2.06542527,1.35913826,1.47243166,1.30642465,1.55987714,1.39261237,1.50557406,0.93628177,1.76014807,1.06787037,1.83308699,0.00000000,1.96700305,1.15539936,1.67439038,1.12966844,2.21233543,0.00000000,3.88904826,1.28559178,5.37611572,0.00000000,0.00000000,0.00000000,3.87390920,0.00000000,2.40096290,0.00000000,1.45854737,0.00000000,0.00000000,0.00000000,0.00000000,0.00000000,0.00000000,0.00000000,0.00000000,0.00000000,0.00000000,0.00000000,1.77844622,1.23545804,0.00000000,0.00000000,0.00000000,0.00000000,1.70975650,1.35274088,0.00000000,0.00000000,0.00000000,0.00000000,0.00000000,0.00000000,0.00000000,0.00000000,0.00000000,0.00000000,0.00000000,0.00000000,0.00000000,0.00000000,0.00000000,0.00000000,0.00000000,0.00000000,3.17468911,0.00000000,0.00000000,0.00000000,0.00000000,0.00000000,3.13591440,0.00000000,1.57799231,0.87145811,3.37919657,0.00000000,2.23808625,0.00000000,4.67105352,4.20456624,0.00000000,0.00000000,0.00000000,0.00000000,0.00000000,0.00000000,0.00000000,0.00000000,0.00000000
0.00000000,2.26833921,0.00000000,2.85394290,0.00000000,3.72168636,0.00000000,1.39971735,0.00000000,1.64080549,0.00000000,2.37805193,0.00000000,0.00000000,0.00000000,0.00000000,0.00000000,0.00000000,0.00000000,2.50139279,0.00000000,0.00000000,0.00000000,0.00000000,0.00000000,0.00000000,0.00000000,0.00000000,0.00000000,0.00000000,0.00000000,0.00000000,0.00000000,0.00000000,0.00000000,0.00000000,0.00000000,0.00000000,0.00000000,0.00000000,0.00000000,0.00000000,0.00000000,0.00000000,0.00000000,0.00000000,0.00000000,0.00000000,0.00000000,5.04261717,0.00000000,0.00000000,0.00000000,0.00000000,0.00000000,0.00000000,0.00000000,2.22774777,0.00000000,2.08102146,0.00000000,0.00000000,0.00000000,0.00000000,0.00000000,1.37056723,0.00000000,1.50344262,0.00000000,0.00000000,0.00000000,1.42443656,0.00000000,1.16463575,0.00000000,1.19157723,0.00000000,0.00000000,0.00000000,0.00000000,0.00000000,0.00000000,0.00000000,1.01060987,0.00000000,0.00000000,0.00000000,1.45236880,0.00000000,0.00000000,0.00000000,0.00000000,0.00000000,0.00000000,0.00000000,0.00000000,0.00000000,0.00000000,0.00000000,0.00000000,0.00000000,1.22758115,0.00000000,0.00000000,0.00000000,0.00000000,0.00000000,0.00000000,0.00000000,0.00000000,0.00000000,0.00000000,0.00000000,0.00000000,0.00000000,0.00000000,0.00000000,0.00000000,0.00000000,0.00000000,0.00000000,1.18453780,0.00000000,1.25487952,1.05792287,0.00000000,0.96196043,1.44610553,1.22373258,1.61447429,1.15482275,1.97770278,1.23276251,1.81719062,0.00000000,1.68599283,1.22061152,1.41485822,1.26685625,1.35661289,1.25597956,1.14415568,0.00000000,1.70215823,0.00000000,1.26288064,1.04014536,2.99733185,0.83521296,1.61081118,1.22081946,2.58636389,1.05027311,0.00000000,0.00000000,0.00000000,0.00000000,0.00000000,0.00000000,0.00000000,0.00000000,2.44277285,0.00000000,1.28996930,0.00000000,0.00000000,0.00000000,0.00000000,0.00000000,1.70628494,0.00000000,0.00000000,0.00000000,0.00000000,4.11468902,0.00000000,0.00000000,0.00000000,0.00000000,0.00000000,1.23473478,1.53383476,0.00000000,0.00000000,0.00000000,0.00000000,0.00000000,0.00000000,0.00000000,0.00000000,0.00000000,0.00000000,0.00000000,0.00000000,0.00000000,0.00000000,0.00000000,0.00000000,0.00000000,0.00000000,0.00000000,0.00000000,0.00000000,0.00000000,0.00000000,0.00000000,0.00000000,4.65333756,0.00000000,1.95336223,0.00000000,0.00000000,0.00000000,0.00000000,3.78774573,0.00000000,0.00000000,0.00000000,3.17951000,0.00000000,2.51981830,0.00000000,0.00000000,1.75130790,0.00000000
0.00000000,0.00000000,1.31222480,0.00000000,0.00000000,0.00000000,1.40057879,0.00000000,1.48008349,0.00000000,0.00000000,0.00000000,0.00000000,0.00000000,0.00000000,0.00000000,0.00000000,0.00000000,0.00000000,0.00000000,0.00000000,0.00000000,0.00000000,0.00000000,0.00000000,0.00000000,0.00000000,0.00000000,0.00000000,0.00000000,0.00000000,0.00000000,0.00000000,0.00000000,0.00000000,0.00000000,0.00000000,0.00000000,0.00000000,0.00000000,0.00000000,0.00000000,0.00000000,0.00000000,0.00000000,0.00000000,0.00000000,0.00000000,0.00000000,0.00000000,0.00000000,0.00000000,5.80837454,0.00000000,0.00000000,0.00000000,1.93340018,0.00000000,1.00081263,0.00000000,0.00000000,0.00000000,0.00000000,0.00000000,1.66623056,0.00000000,0.00000000,0.00000000,0.00000000,0.00000000,1.30000436,0.00000000,0.00000000,0.00000000,0.98011776,0.00000000,0.00000000,0.00000000,0.78690278,0.00000000,1.50694260,0.00000000,2.04007311,0.00000000,0.00000000,0.00000000,0.00000000,0.00000000,0.00000000,0.00000000,0.00000000,0.82198284,0.00000000,0.70193857,0.00000000,0.00000000,0.00000000,0.00000000,1.32436217,1.18761992,0.00000000,0.91598604,0.00000000,0.00000000,1.53442920,0.00000000,0.00000000,1.14187431,0.00000000,0.00000000,0.00000000,0.00000000,0.00000000,0.00000000,0.00000000,0.00000000,0.00000000,0.00000000,0.00000000,0.00000000,0.00000000,0.00000000,0.00000000,0.00000000,2.16351480,0.96196043,0.00000000,1.04565139,1.99969023,0.00000000,2.29604219,0.00000000,1.52360486,0.00000000,1.22212677,0.00000000,1.22468894,1.19059425,0.00000000,0.00000000,1.30504194,0.86280410,1.32327407,1.20423788,2.08079692,0.00000000,2.23561937,0.87564926,1.60667949,0.00000000,2.47849898,1.08549728,2.46324336,0.94639630,0.00000000,0.00000000,0.00000000,0.00000000,0.00000000,0.00000000,3.21773610,0.00000000,0.00000000,0.00000000,0.00000000,0.00000000,0.00000000,0.00000000,1.14283045,0.00000000,0.00000000,0.00000000,0.00000000,0.00000000,2.09300554,0.00000000,0.00000000,0.00000000,0.00000000,0.00000000,1.30984567,1.11226733,0.00000000,0.00000000,2.11304051,0.00000000,0.00000000,0.00000000,0.00000000,0.00000000,4.96779374,1.75872872,6.51701160,1.18720816,0.00000000,0.00000000,0.00000000,1.78666542,1.96813312,0.00000000,1.81436814,0.00000000,2.05575191,0.00000000,2.93146636,0.00000000,1.84955109,1.88850858,1.74779749,0.97038156,2.06030177,0.00000000,0.00000000,0.00000000,4.83769949,0.00000000,0.00000000,0.00000000,0.00000000,0.00000000,0.00000000,0.00000000,0.00000000,0.00000000,0.00000000
0.00000000,1.63226375,0.00000000,2.01845401,0.00000000,0.00000000,0.00000000,1.85645545,0.00000000,1.62993935,0.00000000,0.00000000,0.00000000,0.00000000,0.00000000,0.00000000,0.00000000,0.00000000,0.00000000,0.00000000,0.00000000,0.00000000,0.00000000,0.00000000,0.00000000,0.00000000,0.00000000,0.00000000,0.00000000,0.00000000,0.00000000,0.00000000,0.00000000,0.00000000,0.00000000,0.00000000,0.00000000,0.00000000,0.00000000,0.00000000,0.00000000,0.00000000,0.00000000,0.00000000,0.00000000,0.00000000,0.00000000,0.00000000,0.00000000,7.42742533,0.00000000,0.00000000,0.00000000,0.00000000,0.00000000,0.00000000,0.00000000,1.38324127,0.00000000,1.85885533,0.00000000,0.00000000,0.00000000,0.00000000,0.00000000,1.32300209,0.00000000,1.65749680,0.00000000,0.00000000,1.77614563,0.00000000,0.00000000,0.00000000,0.00000000,0.00000000,0.00000000,0.00000000,0.00000000,0.00000000,3.00985104,1.56118308,0.00000000,0.00000000,0.00000000,0.00000000,0.00000000,0.00000000,0.00000000,0.67501592,0.00000000,0.00000000,0.00000000,0.00000000,0.00000000,1.10011775,1.68580992,0.00000000,1.22930542,0.00000000,1.43451497,1.41007219,0.00000000,1.84568616,0.00000000,0.00000000,0.00000000,1.30876951,0.00000000,0.00000000,0.00000000,0.00000000,0.00000000,0.00000000,0.00000000,0.00000000,0.00000000,0.00000000,0.00000000,0.00000000,0.00000000,0.00000000,0.00000000,1.72881898,1.09758764,1.44610553,1.04565139,0.00000000,0.00000000,1.87821621,0.00000000,0.00000000,1.10976902,2.66553591,1.17504148,2.13978266,1.21886675,1.42290145,0.00000000,1.78758100,1.21084317,1.46691934,0.00000000,1.90092061,2.40254586,0.00000000,0.00000000,1.87322724,0.00000000,1.61617001,1.07002457,1.86087795,1.25770083,1.69042192,0.00000000,0.00000000,0.00000000,0.00000000,0.00000000,0.00000000,0.00000000,2.07369282,0.00000000,0.00000000,0.00000000,0.00000000,0.00000000,0.00000000,0.00000000,1.61600299,0.00000000,0.00000000,0.00000000,0.00000000,0.00000000,0.00000000,0.00000000,0.00000000,0.00000000,0.00000000,1.27739101,1.46724671,0.00000000,0.00000000,0.00000000,1.72654413,0.00000000,0.00000000,0.00000000,2.33250498,0.00000000,4.52396820,0.00000000,1.55825812,0.00000000,0.00000000,1.87026421,0.00000000,1.17684661,2.50191179,0.00000000,2.32489572,1.90088139,1.72493154,0.00000000,0.00000000,0.00000000,2.32719075,1.04327555,2.33930489,0.00000000,0.00000000,2.24539055,0.00000000,3.18652320,0.00000000,0.00000000,0.00000000,2.78370304,0.00000000,2.43138439,0.00000000,4.53747041,1.36344482,0.00000000
0.00000000,0.00000000,0.00000000,0.00000000,0.00000000,0.00000000,0.00000000,0.00000000,0.00000000,0.00000000,0.00000000,0.00000000,0.00000000,0.00000000,0.00000000,0.00000000,1.58374667,0.00000000,0.00000000,0.00000000,0.00000000,0.00000000,1.29035748,0.00000000,1.27134977,0.00000000,0.00000000,0.00000000,2.26123297,0.00000000,4.69667976,0.00000000,0.00000000,0.00000000,0.00000000,0.00000000,2.14487729,0.00000000,0.00000000,0.00000000,0.00000000,0.00000000,0.00000000,0.00000000,0.00000000,0.00000000,0.00000000,0.00000000,0.00000000,0.00000000,0.00000000,0.00000000,1.53189618,0.00000000,1.48684249,0.00000000,1.09156396,0.00000000,1.51146002,0.00000000,1.62514124,0.00000000,1.67504014,0.00000000,0.00000000,1.15439758,0.00000000,0.00000000,0.00000000,0.00000000,0.00000000,0.00000000,0.00000000,0.00000000,1.67130123,2.24217099,0.00000000,0.00000000,0.00000000,0.00000000,0.00000000,1.58064319,0.00000000,1.80294179,1.49995712,0.00000000,0.00000000,1.41430541,0.00000000,0.00000000,1.32391011,0.00000000,0.00000000,1.11637080,0.00000000,0.00000000,1.67237242,0.00000000,0.00000000,0.00000000,0.00000000,0.00000000,0.00000000,0.00000000,1.08620877,0.00000000,1.29339965,0.00000000,0.00000000,0.00000000,0.00000000,0.00000000,0.00000000,0.00000000,0.00000000,0.00000000,0.00000000,0.00000000,0.00000000,0.00000000,0.00000000,0.00000000,3.35902305,0.00000000,1.89208279,1.22373258,1.99969023,0.00000000,0.00000000,0.00000000,1.69029462,1.22671669,2.61040895,0.00000000,2.00301508,0.00000000,1.62969714,1.44311519,1.41169316,1.52856680,1.78630371,0.97363967,1.60441356,1.22625008,1.60754608,0.00000000,0.00000000,0.00000000,0.00000000,1.16236137,0.00000000,0.00000000,5.50767443,1.45195913,1.45287308,0.00000000,2.84328145,0.00000000,1.54727793,1.86809959,2.65560814,0.00000000,1.21870990,1.01775334,0.00000000,0.00000000,0.00000000,0.00000000,2.54268985,0.00000000,0.00000000,0.00000000,0.00000000,0.00000000,0.00000000,0.91943255,0.00000000,0.00000000,0.00000000,0.00000000,0.00000000,1.58370541,0.00000000,0.00000000,0.00000000,1.67156614,0.00000000,0.00000000,0.00000000,0.00000000,0.00000000,0.00000000,0.00000000,0.00000000,0.00000000,0.00000000,0.00000000,0.00000000,0.00000000,0.00000000,2.09546619,0.00000000,0.00000000,0.00000000,0.00000000,0.00000000,0.00000000,0.00000000,0.00000000,0.00000000,1.61920776,0.00000000,1.14975035,0.00000000,3.46696122,0.00000000,0.00000000,1.91285149,2.52173610,0.00000000,0.00000000,0.00000000,0.00000000,0.00000000,0.00000000
0.00000000,0.00000000,0.00000000,0.00000000,0.00000000,0.00000000,0.00000000,1.58188413,0.00000000,0.00000000,0.00000000,0.00000000,0.00000000,0.00000000,0.00000000,0.00000000,0.00000000,1.40085380,0.00000000,0.00000000,0.00000000,0.00000000,0.00000000,0.00000000,0.00000000,2.10663666,0.00000000,0.00000000,0.00000000,2.50850309,0.00000000,0.00000000,0.00000000,0.00000000,0.00000000,0.00000000,0.00000000,0.00000000,0.00000000,0.00000000,0.00000000,0.00000000,0.00000000,0.00000000,0.00000000,0.00000000,0.00000000,0.00000000,0.00000000,0.00000000,0.00000000,0.00000000,0.00000000,2.01184171,0.00000000,2.14050847,0.00000000,1.45993744,0.00000000,1.86807992,0.00000000,0.00000000,0.00000000,1.75367307,0.00000000,0.00000000,0.00000000,0.00000000,0.00000000,0.00000000,0.00000000,1.92249122,0.00000000,1.59555125,0.00000000,2.29790459,0.00000000,0.00000000,0.00000000,1.45055747,0.00000000,0.00000000,0.00000000,0.00000000,0.00000000,0.00000000,0.00000000,0.00000000,0.00000000,0.00000000,0.00000000,0.55572133,0.00000000,0.00000000,0.00000000,0.00000000,0.00000000,0.00000000,0.00000000,0.00000000,0.00000000,0.77054322,0.00000000,0.00000000,0.00000000,0.00000000,0.00000000,0.00000000,0.00000000,0.00000000,0.00000000,0.00000000,0.00000000,0.00000000,0.00000000,0.00000000,0.00000000,0.00000000,0.00000000,0.00000000,0.00000000,0.00000000,0.00000000,2.36469025,1.71657008,1.61447429,0.00000000,1.87821621,0.00000000,0.00000000,1.56066053,1.77429805,0.00000000,1.68456427,0.00000000,1.46805430,0.00000000,1.60861669,2.01799256,1.40424088,0.00000000,1.17945946,1.94119432,1.55574079,1.81756837,1.88884151,0.00000000,0.00000000,0.00000000,3.83302434,0.00000000,0.00000000,2.00705571,0.00000000,0.00000000,4.84399524,0.00000000,0.00000000,0.00000000,2.19116765,0.00000000,2.32484399,0.00000000,1.17266300,1.71033017,0.00000000,0.00000000,0.00000000,0.00000000,1.81591372,0.00000000,1.72912515,0.00000000,0.00000000,0.00000000,0.00000000,0.00000000,0.00000000,0.00000000,0.00000000,0.00000000,3.68368704,0.00000000,0.00000000,0.00000000,0.00000000,0.00000000,0.00000000,0.00000000,0.00000000,0.00000000,0.00000000,0.00000000,0.00000000,0.00000000,0.00000000,0.00000000,0.00000000,0.00000000,0.00000000,0.00000000,0.00000000,0.00000000,0.00000000,0.00000000,0.00000000,0.00000000,0.00000000,0.00000000,1.92752820,0.00000000,0.00000000,0.00000000,0.00000000,3.08674373,0.00000000,0.00000000,0.00000000,1.40435115,0.00000000,1.05471528,0.00000000,0.00000000,1.21018535,0.00000000
2.42360517,0.00000000,2.18281368,0.00000000,1.98400510,0.00000000,2.10932535,0.00000000,1.52014287,0.00000000,0.00000000,0.00000000,0.00000000,0.00000000,0.00000000,0.00000000,0.00000000,0.00000000,0.00000000,0.00000000,0.00000000,0.00000000,0.00000000,0.00000000,0.00000000,0.00000000,0.00000000,0.00000000,0.00000000,0.00000000,0.00000000,0.00000000,0.00000000,0.00000000,0.00000000,0.00000000,0.00000000,0.00000000,0.00000000,0.00000000,0.00000000,0.00000000,0.00000000,0.00000000,0.00000000,0.00000000,0.00000000,0.00000000,0.00000000,0.00000000,0.00000000,0.00000000,3.18773676,0.00000000,2.37316978,0.00000000,1.90419141,0.00000000,1.76847226,0.00000000,0.00000000,0.00000000,0.00000000,0.00000000,2.40503574,0.00000000,0.00000000,0.98876555,0.00000000,0.00000000,1.66456734,1.84209202,1.99864614,0.00000000,1.57546721,2.65929727,2.26746364,0.00000000,1.69764490,0.00000000,0.00000000,0.00000000,0.00000000,1.20829843,0.00000000,0.00000000,2.86828972,0.00000000,0.00000000,0.00000000,0.00000000,0.00000000,0.00000000,0.00000000,0.00000000,0.00000000,0.00000000,1.47945999,3.07674455,1.63027361,0.00000000,0.00000000,4.70881758,0.00000000,0.00000000,0.00000000,0.00000000,0.00000000,0.00000000,0.00000000,0.00000000,0.00000000,0.00000000,0.00000000,0.00000000,0.00000000,0.00000000,0.00000000,0.00000000,0.00000000,0.00000000,0.00000000,0.00000000,0.83695590,1.79747613,1.15482275,2.29604219,0.00000000,1.69029462,1.56066053,0.00000000,1.21839611,2.48408663,1.30374254,2.42760272,0.00000000,2.39765891,0.00000000,1.47687411,1.38165832,1.84886434,0.94917448,2.74049018,1.23912962,1.43209141,1.12271317,0.00000000,0.00000000,2.23424714,1.06823470,4.30117845,1.23768388,0.00000000,1.26525663,0.00000000,0.00000000,0.00000000,0.00000000,2.79188481,1.87381510,3.67348629,0.00000000,1.62589420,2.04972611,0.00000000,0.00000000,0.00000000,0.00000000,0.00000000,0.00000000,1.82343341,0.00000000,3.82834165,0.00000000,0.00000000,0.81840912,0.00000000,0.00000000,0.00000000,0.00000000,1.35961536,1.47757748,0.00000000,0.00000000,2.97497616,1.33828054,0.00000000,0.00000000,0.00000000,0.00000000,0.00000000,0.00000000,0.00000000,0.00000000,0.00000000,0.00000000,0.00000000,0.00000000,0.00000000,0.00000000,3.11822301,0.00000000,0.00000000,0.00000000,0.00000000,0.00000000,4.50641689,0.00000000,2.43708706,0.00000000,2.06143362,0.00000000,1.69657558,1.55201299,3.43376002,0.00000000,1.42164019,0.00000000,0.00000000,0.00000000,0.00000000,0.00000000,0.00000000,0.00000000,0.00000000
0.00000000,0.00000000,0.00000000,0.00000000,0.00000000,0.00000000,0.00000000,1.40120361,0.00000000,1.82577257,0.00000000,0.00000000,0.00000000,0.00000000,0.00000000,0.00000000,0.00000000,0.00000000,0.00000000,0.00000000,0.00000000,0.00000000,0.00000000,0.00000000,0.00000000,0.00000000,0.00000000,0.00000000,0.00000000,0.00000000,0.00000000,0.00000000,0.00000000,0.00000000,0.00000000,0.00000000,0.00000000,0.00000000,0.00000000,0.00000000,0.00000000,0.00000000,0.00000000,0.00000000,0.00000000,0.00000000,0.00000000,0.00000000,0.00000000,0.00000000,0.00000000,0.00000000,0.00000000,0.00000000,0.00000000,2.36069345,0.00000000,1.98868243,0.00000000,1.72502741,0.00000000,0.00000000,0.00000000,0.00000000,0.00000000,1.28544831,0.00000000,1.27431503,0.00000000,0.00000000,0.00000000,1.31105600,0.00000000,1.40316331,0.00000000,1.20543519,0.00000000,0.00000000,0.00000000,0.00000000,0.00000000,0.00000000,0.00000000,0.00000000,0.00000000,0.00000000,0.00000000,1.53061149,0.00000000,0.00000000,0.00000000,0.00000000,0.00000000,0.00000000,0.00000000,0.00000000,0.00000000,0.00000000,0.00000000,0.00000000,0.00000000,0.00000000,0.00000000,0.00000000,0.00000000,0.00000000,0.00000000,0.00000000,0.00000000,0.00000000,0.00000000,0.00000000,0.00000000,0.00000000,0.00000000,0.00000000,0.00000000,0.00000000,0.00000000,0.00000000,0.00000000,1.41622820,0.00000000,1.12865427,1.11216833,1.97770278,0.00000000,0.00000000,1.22671669,1.77429805,1.21839611,0.00000000,1.58679222,1.47468550,0.00000000,0.00000000,0.00000000,1.54147048,1.12210797,1.28425276,0.00000000,1.32207949,0.00000000,0.95614516,1.22253454,1.53133302,0.00000000,2.79966309,1.06310959,3.04999207,0.00000000,3.78406193,1.48328828,3.07922681,0.00000000,4.14775612,0.00000000,0.00000000,0.00000000,2.72610558,0.00000000,1.71434040,0.00000000,1.49357287,0.00000000,0.00000000,0.00000000,0.00000000,0.00000000,2.12752413,0.00000000,0.00000000,0.00000000,0.00000000,2.12096112,0.00000000,0.00000000,0.00000000,0.00000000,0.00000000,0.00000000,1.50584324,0.00000000,0.00000000,0.00000000,5.71381464,0.00000000,0.00000000,0.00000000,0.00000000,0.00000000,0.00000000,0.00000000,0.00000000,0.00000000,0.00000000,0.00000000,0.00000000,0.00000000,0.00000000,0.00000000,0.00000000,0.00000000,0.00000000,0.00000000,0.00000000,0.00000000,0.00000000,0.00000000,2.40987244,7.02626599,0.00000000,0.00000000,0.00000000,2.98936550,0.00000000,0.00000000,0.00000000,2.05839227,1.41057114,1.55502621,0.00000000,0.00000000,1.39145111,1.97717522
0.00000000,0.00000000,4.01254521,0.00000000,0.00000000,0.00000000,3.30959528,0.00000000,0.00000000,0.00000000,0.00000000,0.00000000,0.00000000,0.00000000,0.00000000,0.00000000,0.00000000,0.00000000,0.00000000,0.00000000,0.00000000,0.00000000,0.00000000,0.00000000,2.48847842,0.00000000,0.00000000,0.00000000,0.00000000,0.00000000,0.00000000,0.00000000,0.00000000,0.00000000,0.00000000,0.00000000,0.00000000,0.00000000,0.00000000,0.00000000,0.00000000,0.00000000,0.00000000,0.00000000,0.00000000,0.00000000,0.00000000,0.00000000,0.00000000,0.00000000,0.00000000,0.00000000,0.00000000,0.00000000,0.00000000,0.00000000,2.92248655,0.00000000,1.98122985,0.00000000,0.00000000,0.00000000,0.00000000,0.00000000,0.00000000,0.00000000,0.00000000,0.00000000,0.00000000,0.00000000,0.00000000,0.00000000,1.92173507,0.00000000,1.74747513,3.38218514,0.00000000,0.00000000,0.00000000,0.00000000,3.96343177,3.24826253,0.00000000,0.00000000,5.65334951,1.86568452,0.00000000,0.00000000,0.00000000,0.00000000,0.00000000,1.28139181,0.00000000,0.00000000,0.00000000,0.00000000,0.00000000,1.75770280,0.00000000,0.00000000,0.00000000,1.43809200,0.00000000,0.00000000,0.00000000,2.13858596,0.00000000,1.26540973,0.00000000,0.00000000,0.00000000,0.00000000,0.00000000,0.00000000,0.00000000,0.00000000,0.00000000,0.00000000,0.00000000,0.00000000,0.00000000,0.00000000,0.00000000,0.00000000,2.55797571,1.23276251,1.52360486,1.10976902,2.61040895,0.00000000,2.48408663,1.58679222,0.00000000,1.47204120,2.67838274,1.53272602,1.58055811,1.41820744,1.60301966,1.59081091,1.38960890,1.12439134,1.61500971,1.34202945,1.99175559,0.00000000,1.67993796,1.23653770,0.00000000,1.37230694,1.76174475,1.18619034,0.00000000,1.31643523,0.00000000,0.00000000,0.00000000,0.00000000,3.15065723,0.00000000,3.71264714,0.00000000,1.83988067,0.00000000,0.00000000,0.00000000,0.00000000,0.00000000,0.00000000,0.00000000,0.00000000,0.00000000,0.00000000,0.00000000,1.93040020,0.00000000,0.00000000,0.00000000,0.00000000,0.00000000,2.19190413,2.07343306,0.00000000,0.00000000,0.00000000,0.00000000,0.00000000,0.00000000,0.00000000,0.00000000,0.00000000,0.00000000,0.00000000,1.04697914,0.00000000,0.00000000,0.00000000,2.07877415,0.00000000,0.00000000,0.00000000,0.00000000,0.00000000,1.20628804,0.00000000,0.00000000,5.89847578,1.86190560,2.16148609,1.11510751,2.80836291,0.00000000,0.00000000,0.00000000,5.31444086,0.00000000,0.00000000,0.00000000,0.00000000,0.00000000,0.00000000,0.00000000,0.00000000,0.00000000,0.00000000
0.00000000,0.00000000,0.00000000,0.00000000,0.00000000,3.97224182,0.00000000,1.60350979,0.00000000,2.05723215,0.00000000,0.00000000,0.00000000,0.00000000,0.00000000,0.00000000,0.00000000,1.99420813,0.00000000,0.00000000,0.00000000,0.00000000,0.00000000,0.00000000,0.00000000,3.02808414,0.00000000,0.00000000,0.00000000,0.00000000,0.00000000,0.00000000,0.00000000,0.00000000,0.00000000,0.00000000,0.00000000,0.00000000,0.00000000,0.00000000,0.00000000,0.00000000,0.00000000,0.00000000,0.00000000,0.00000000,0.00000000,0.00000000,0.00000000,0.00000000,0.00000000,0.00000000,0.00000000,4.39817417,0.00000000,2.40047187,0.00000000,2.08053158,0.00000000,1.47289150,0.00000000,0.00000000,0.00000000,0.00000000,0.00000000,0.00000000,0.00000000,1.32938405,0.00000000,1.97676728,0.00000000,2.16090450,0.00000000,1.42967175,0.00000000,1.73360855,0.00000000,0.00000000,0.00000000,1.40854416,0.00000000,2.03315435,0.00000000,0.00000000,0.00000000,2.88269300,0.00000000,0.00000000,0.00000000,0.00000000,0.00000000,0.00000000,0.00000000,0.00000000,0.00000000,0.00000000,0.00000000,0.00000000,0.00000000,0.00000000,1.33385658,1.79772851,0.00000000,1.92504817,0.00000000,0.00000000,0.00000000,0.00000000,0.00000000,0.00000000,0.00000000,0.00000000,0.00000000,0.00000000,0.00000000,0.00000000,0.00000000,0.00000000,0.00000000,0.00000000,0.00000000,0.00000000,0.00000000,2.28261818,1.41289704,1.81719062,0.00000000,2.66553591,0.00000000,1.68456427,1.30374254,1.47468550,1.47204120,0.00000000,0.00000000,2.14091117,1.55052009,1.72296197,0.00000000,1.58124196,0.00000000,1.34965083,2.41457454,2.07712698,1.12092250,2.36805794,0.00000000,3.40121340,1.12601383,2.52863327,0.00000000,0.00000000,1.75255815,0.00000000,0.00000000,4.79641445,0.00000000,0.00000000,0.00000000,3.21294120,0.00000000,2.01669056,0.00000000,1.36418432,0.00000000,0.00000000,0.00000000,0.00000000,0.00000000,0.00000000,0.00000000,0.00000000,0.00000000,0.00000000,1.69147727,0.00000000,0.00000000,0.00000000,0.00000000,0.00000000,0.00000000,2.00868688,0.00000000,0.00000000,0.00000000,0.00000000,0.00000000,0.00000000,0.00000000,0.00000000,0.00000000,0.00000000,0.00000000,0.00000000,0.00000000,0.00000000,0.00000000,0.00000000,0.00000000,0.00000000,0.00000000,2.72054131,0.00000000,0.00000000,0.00000000,0.00000000,2.86318807,4.22058527,0.00000000,3.31891030,0.00000000,0.00000000,0.00000000,0.00000000,2.92779209,0.00000000,0.00000000,0.00000000,2.18739273,3.36583931,2.17570738,0.00000000,0.00000000,1.99311724,0.00000000
0.00000000,0.00000000,1.46325675,0.00000000,0.00000000,0.00000000,0.00000000,0.00000000,0.00000000,0.00000000,0.00000000,0.00000000,0.00000000,0.00000000,1.96746800,0.00000000,0.00000000,0.00000000,0.00000000,0.00000000,0.00000000,0.00000000,2.08547576,0.00000000,2.01014796,0.00000000,0.00000000,0.00000000,0.00000000,0.00000000,0.00000000,0.00000000,0.00000000,0.00000000,0.00000000,0.00000000,0.00000000,0.00000000,0.00000000,0.00000000,0.00000000,0.00000000,0.00000000,0.00000000,0.00000000,0.00000000,0.00000000,0.00000000,5.30223262,0.00000000,0.00000000,0.00000000,0.00000000,0.00000000,0.00000000,0.00000000,0.00000000,0.00000000,0.00000000,0.00000000,0.00000000,0.00000000,0.00000000,0.00000000,0.00000000,0.00000000,0.00000000,0.00000000,0.00000000,0.00000000,1.95630573,0.00000000,1.49368133,0.00000000,1.05184495,0.00000000,0.76663451,0.00000000,0.73480120,0.00000000,1.22918160,0.00000000,0.00000000,0.00000000,2.49691852,0.00000000,1.12471167,0.00000000,0.00000000,0.00000000,1.48961216,0.00000000,0.00000000,0.00000000,0.00000000,1.99924767,1.95444024,1.61931729,0.00000000,0.00000000,0.82364936,1.50553104,0.00000000,0.00000000,1.28443105,0.00000000,1.45634424,2.50746338,0.00000000,0.00000000,0.00000000,0.00000000,0.00000000,0.00000000,0.00000000,0.00000000,0.00000000,0.00000000,0.00000000,0.00000000,1.57543041,0.00000000,0.00000000,0.00000000,2.06542527,0.00000000,1.22212677,1.17504148,2.00301508,0.00000000,2.42760272,0.00000000,2.67838274,0.00000000,0.00000000,0.00000000,3.99660584,1.62686343,3.37950159,0.00000000,2.58460206,3.05251819,2.16583240,0.00000000,0.00000000,0.00000000,1.46824610,0.00000000,2.62113979,0.00000000,1.42032872,1.24829587,2.79791185,0.00000000,0.00000000,0.00000000,0.00000000,0.00000000,0.00000000,0.00000000,0.00000000,0.00000000,2.12117055,0.00000000,0.00000000,0.00000000,2.39877826,0.00000000,1.43927810,0.00000000,1.83182991,0.00000000,0.00000000,0.00000000,3.25205340,0.00000000,0.00000000,0.00000000,0.00000000,0.00000000,2.60086040,2.93012159,0.00000000,0.00000000,2.63534020,0.00000000,15.62468467,0.00000000,0.00000000,0.00000000,0.00000000,0.00000000,0.00000000,1.57845425,2.74698490,0.00000000,5.14085162,0.00000000,3.50874822,4.13582883,1.55789401,0.00000000,3.41385880,2.15508008,1.87915883,0.00000000,2.32943932,2.29996730,1.33769150,1.34128363,3.98995788,0.00000000,3.62275889,1.69392656,3.35963713,0.00000000,2.99660157,2.80328191,0.00000000,0.00000000,0.00000000,0.00000000,0.00000000,0.00000000,0.00000000
0.00000000,1.79857651,0.00000000,0.00000000,0.00000000,0.00000000,0.00000000,1.50468457,0.00000000,1.80454424,0.00000000,0.00000000,0.00000000,0.00000000,0.00000000,0.00000000,0.00000000,0.00000000,0.00000000,0.00000000,0.00000000,0.00000000,0.00000000,0.00000000,0.00000000,0.00000000,0.00000000,0.00000000,0.00000000,3.21748328,0.00000000,0.00000000,0.00000000,0.00000000,0.00000000,0.00000000,0.00000000,0.00000000,0.00000000,0.00000000,0.00000000,0.00000000,0.00000000,0.00000000,0.00000000,0.00000000,0.00000000,0.00000000,0.00000000,10.00371299,0.00000000,0.00000000,0.00000000,0.00000000,0.00000000,0.00000000,0.00000000,0.00000000,0.00000000,1.73351288,0.00000000,0.00000000,0.00000000,0.00000000,0.00000000,0.99124567,0.00000000,0.00000000,0.00000000,0.97886864,0.00000000,0.00000000,0.00000000,1.32316220,0.00000000,1.71712612,0.00000000,0.00000000,0.00000000,0.00000000,0.00000000,0.00000000,0.00000000,0.00000000,0.00000000,2.53002035,0.00000000,1.58945094,0.00000000,0.78458460,0.00000000,1.78430200,0.00000000,0.00000000,0.00000000,0.00000000,0.00000000,1.82238755,0.00000000,2.12291904,0.00000000,1.60927773,0.00000000,1.94879895,0.00000000,2.32892423,0.00000000,1.29813586,0.00000000,0.00000000,0.00000000,0.00000000,0.00000000,0.00000000,0.00000000,0.00000000,0.00000000,0.00000000,0.00000000,0.00000000,0.00000000,2.34195015,0.00000000,2.64109371,1.35913826,1.68599283,0.00000000,2.13978266,0.00000000,1.46805430,0.00000000,0.00000000,1.53272602,2.14091117,0.00000000,0.00000000,1.73795277,2.90408222,0.00000000,0.00000000,0.00000000,2.59838539,0.00000000,2.20948136,0.00000000,0.00000000,1.21068818,0.00000000,0.00000000,1.35886928,1.63805065,2.18310023,1.59515361,1.77079560,0.00000000,0.00000000,0.00000000,0.00000000,0.00000000,0.00000000,0.00000000,0.00000000,0.00000000,1.71918235,0.00000000,0.00000000,0.00000000,0.00000000,0.00000000,2.73658049,0.00000000,0.00000000,0.00000000,0.00000000,0.00000000,0.00000000,0.00000000,0.00000000,0.00000000,0.00000000,1.49036583,2.01207690,0.00000000,0.00000000,0.00000000,1.22958896,0.00000000,0.00000000,0.00000000,4.50956848,0.00000000,2.57228369,0.00000000,0.00000000,0.00000000,0.00000000,3.04915914,4.88563724,2.28018484,2.14862364,0.00000000,1.66193742,0.00000000,1.89961771,0.00000000,2.05365299,1.78332775,2.28166022,1.69007562,1.54725536,0.00000000,0.00000000,0.00000000,0.00000000,3.24489067,0.00000000,0.00000000,0.00000000,6.47007662,0.00000000,1.55024690,0.00000000,0.00000000,2.93468152,2.01188184
0.00000000,0.00000000,1.79185384,0.00000000,0.00000000,0.00000000,2.16230557,0.00000000,0.00000000,0.00000000,0.00000000,0.00000000,0.00000000,0.00000000,1.63259233,0.00000000,2.02974997,0.00000000,1.28084719,0.00000000,0.00000000,0.00000000,1.74302362,0.00000000,1.46208557,0.00000000,0.00000000,0.00000000,0.00000000,0.00000000,0.00000000,0.00000000,0.00000000,0.00000000,0.00000000,0.00000000,0.00000000,0.00000000,0.00000000,0.00000000,0.00000000,0.00000000,0.00000000,0.00000000,0.00000000,0.00000000,0.00000000,0.00000000,5.13502564,0.00000000,0.00000000,0.00000000,2.22550735,0.00000000,2.28536821,0.00000000,2.18555778,0.00000000,1.52937001,0.00000000,0.00000000,0.00000000,2.86941241,0.00000000,0.00000000,2.07204349,0.00000000,0.00000000,0.00000000,0.00000000,2.33359421,0.00000000,1.97431502,0.00000000,1.62329789,0.00000000,3.82507642,0.00000000,0.00000000,0.00000000,1.91397279,2.23858926,0.00000000,0.00000000,1.60693655,0.00000000,1.84964488,0.00000000,0.00000000,0.00000000,2.06411738,1.42366090,0.00000000,0.00000000,0.00000000,0.00000000,1.72070556,1.74309494,1.35457735,0.00000000,1.06612396,1.27318630,0.00000000,3.15280872,1.95499393,0.00000000,1.42404624,1.62098161,0.00000000,0.00000000,0.00000000,0.00000000,0.00000000,0.00000000,0.00000000,0.00000000,0.00000000,0.00000000,0.00000000,0.00000000,2.15795477,0.00000000,1.69841164,0.00000000,1.47243166,1.22061152,1.22468894,1.21886675,1.62969714,0.00000000,2.39765891,0.00000000,1.58055811,1.55052009,3.99660584,1.73795277,0.00000000,1.39788226,2.37674061,1.68351697,1.94187394,1.37601773,1.90735753,1.43203898,6.83563734,3.87201482,1.49158203,1.08650192,0.00000000,1.63060742,1.43602214,1.14481294,1.31681493,1.36093924,4.24062041,0.00000000,0.00000000,0.00000000,4.51697949,0.00000000,0.00000000,3.33007402,0.00000000,1.62917402,0.00000000,0.00000000,0.00000000,0.00000000,1.79300635,2.60724437,2.96037819,0.00000000,0.00000000,0.00000000,1.58178833,0.00000000,0.00000000,0.00000000,0.00000000,0.00000000,1.50210429,1.76910769,0.00000000,0.00000000,0.00000000,0.00000000,0.00000000,0.00000000,0.00000000,0.00000000,0.00000000,0.00000000,0.00000000,1.18226005,0.00000000,0.00000000,0.00000000,0.00000000,4.64105370,1.65386676,2.36197536,0.00000000,0.00000000,1.04090884,0.00000000,0.00000000,0.00000000,1.37010918,5.20693048,1.11886539,4.56692101,0.00000000,2.39548176,2.02281469,3.77284936,0.00000000,2.61736104,0.00000000,0.00000000,0.00000000,0.00000000,0.00000000,0.00000000,0.00000000,0.00000000
0.00000000,1.83978207,0.00000000,1.88467038,0.00000000,0.00000000,0.00000000,1.65316531,0.00000000,1.41955587,0.00000000,0.00000000,0.00000000,0.00000000,0.00000000,1.95120233,0.00000000,2.07665799,0.00000000,0.00000000,0.00000000,0.00000000,0.00000000,0.00000000,0.00000000,2.04088415,0.00000000,0.00000000,0.00000000,0.00000000,0.00000000,0.00000000,0.00000000,0.00000000,0.00000000,0.00000000,0.00000000,0.00000000,0.00000000,0.00000000,0.00000000,0.00000000,0.00000000,0.00000000,0.00000000,0.00000000,0.00000000,0.00000000,0.00000000,0.00000000,0.00000000,0.00000000,0.00000000,0.00000000,0.00000000,1.48454867,0.00000000,1.72717681,0.00000000,1.22396310,0.00000000,0.00000000,0.00000000,0.00000000,0.00000000,1.13191101,0.00000000,1.98221578,0.00000000,0.00000000,0.00000000,0.00000000,0.00000000,1.42652007,1.35343647,0.00000000,0.00000000,0.00000000,0.00000000,1.92473867,0.00000000,1.67197343,0.00000000,0.00000000,0.00000000,2.10676826,0.00000000,1.74477087,0.00000000,0.61771501,0.00000000,2.11660413,0.00000000,0.00000000,3.07011075,1.17396780,0.00000000,2.15150483,0.00000000,2.08234629,0.00000000,1.29937207,0.00000000,1.41386189,0.00000000,3.27069433,0.00000000,1.69098930,0.00000000,0.00000000,0.00000000,0.00000000,0.00000000,0.00000000,0.00000000,0.00000000,0.00000000,0.00000000,0.00000000,0.00000000,0.00000000,0.00000000,0.00000000,2.92901740,1.30642465,1.41485822,1.19059425,1.42290145,1.44311519,1.60861669,0.00000000,1.54147048,1.41820744,1.72296197,1.62686343,2.90408222,1.39788226,0.00000000,1.67310883,2.25808103,0.99087471,2.12804765,0.00000000,2.76959589,0.00000000,0.00000000,1.30852548,2.32104319,1.28555399,1.39921353,1.10077440,1.60769774,1.45863616,1.63063667,0.00000000,4.38297851,0.00000000,0.00000000,0.00000000,2.79530127,0.00000000,0.00000000,0.00000000,2.12017511,0.00000000,0.00000000,0.00000000,0.00000000,0.00000000,3.18613925,0.00000000,0.00000000,0.00000000,1.95632183,2.21025545,2.77535283,0.00000000,0.00000000,0.00000000,0.00000000,1.85017006,1.92468681,0.00000000,3.22256097,0.00000000,1.00100681,0.00000000,0.00000000,0.00000000,0.00000000,0.00000000,0.00000000,0.00000000,0.00000000,0.00000000,0.00000000,0.00000000,0.00000000,0.00000000,4.25268800,0.00000000,2.53143621,0.00000000,0.00000000,0.00000000,2.63320937,1.59288152,3.81229854,1.19321893,2.56283671,0.00000000,0.00000000,0.00000000,0.00000000,3.66859786,0.00000000,0.00000000,0.00000000,2.36388998,0.00000000,1.93030577,0.00000000,7.16141579,3.45988730,2.57700317
0.00000000,0.00000000,0.00000000,0.00000000,0.00000000,0.00000000,0.00000000,0.00000000,6.61021037,0.00000000,0.00000000,0.00000000,0.00000000,0.00000000,0.00000000,3.66279303,1.38088468,0.00000000,0.00000000,0.00000000,1.27976794,0.00000000,1.42423719,0.00000000,1.48006169,0.00000000,0.00000000,0.00000000,1.58161274,0.00000000,0.00000000,0.00000000,0.00000000,0.00000000,0.00000000,0.00000000,1.54023564,0.00000000,2.13833365,0.00000000,0.00000000,0.00000000,0.00000000,0.00000000,0.00000000,0.00000000,0.00000000,0.00000000,0.00000000,0.00000000,0.00000000,0.00000000,1.02455663,0.00000000,3.47808650,1.11725417,3.07549038,0.00000000,6.68531714,1.93308966,1.17732663,0.00000000,1.30702780,0.00000000,6.04186983,1.24014537,0.00000000,0.00000000,0.00000000,0.00000000,1.74924046,0.00000000,1.48999505,0.00000000,1.44176337,0.00000000,0.00000000,0.00000000,0.00000000,0.00000000,1.12036166,0.00000000,0.00000000,0.00000000,0.00000000,0.00000000,1.67897597,0.00000000,0.00000000,0.00000000,0.00000000,0.68276315,0.00000000,0.00000000,0.00000000,1.33609712,2.36933820,0.00000000,2.05645990,0.00000000,0.00000000,0.00000000,0.00000000,0.00000000,0.00000000,0.00000000,0.00000000,1.95318868,0.00000000,0.00000000,0.00000000,0.00000000,0.00000000,0.00000000,0.00000000,0.00000000,0.00000000,0.00000000,0.00000000,0.00000000,1.47786053,1.65335827,2.47279768,0.00000000,1.55987714,1.26685625,0.00000000,0.00000000,1.41169316,2.01799256,1.47687411,1.12210797,1.60301966,0.00000000,3.37950159,0.00000000,2.37674061,1.67310883,0.00000000,1.46304192,1.72606494,0.96473252,2.05895600,1.15576944,1.78546630,1.56125931,1.37562930,1.48582702,1.46363645,1.41747618,2.21583869,0.00000000,1.45509272,1.28005077,1.54692111,0.00000000,1.27016940,0.00000000,1.51633758,1.69729615,2.21962143,1.31183084,1.65090118,0.00000000,0.00000000,0.00000000,0.00000000,0.00000000,0.00000000,0.00000000,0.00000000,0.00000000,0.00000000,0.00000000,1.99225038,1.36234889,0.00000000,0.00000000,0.00000000,0.00000000,1.04198452,1.34488235,0.00000000,0.00000000,1.34284017,0.00000000,0.00000000,0.00000000,0.00000000,0.00000000,0.00000000,0.00000000,0.00000000,0.00000000,0.00000000,0.00000000,0.00000000,0.00000000,0.00000000,0.00000000,0.00000000,0.00000000,0.00000000,0.00000000,0.00000000,0.00000000,0.00000000,0.00000000,4.68544304,0.63193497,1.36045506,2.56982974,2.27324870,1.00207012,2.43053104,3.39877681,1.20345364,0.00000000,2.40188433,0.00000000,0.00000000,0.00000000,0.00000000,0.00000000,0.00000000
0.00000000,3.01668087,0.00000000,0.00000000,0.00000000,0.00000000,0.00000000,2.51894738,0.00000000,0.00000000,0.00000000,0.00000000,0.00000000,0.00000000,0.00000000,0.00000000,0.00000000,2.11530084,0.00000000,0.00000000,0.00000000,1.50615611,0.00000000,2.07021781,0.00000000,2.13442242,0.00000000,0.00000000,0.00000000,2.12256854,0.00000000,1.53694189,0.00000000,2.38933207,0.00000000,1.53933429,0.00000000,1.77422345,0.00000000,2.34872054,0.00000000,0.00000000,0.00000000,1.22970654,0.00000000,0.00000000,0.00000000,0.00000000,0.00000000,0.00000000,0.00000000,0.00000000,0.00000000,2.07186927,0.00000000,1.75907577,1.68554917,2.82873198,2.15329920,3.71159789,0.00000000,1.83463095,0.00000000,1.83806019,1.26609329,1.84816947,0.00000000,0.00000000,0.00000000,0.00000000,0.00000000,3.18964938,1.25836936,2.62385208,1.96227148,2.53270958,0.00000000,0.00000000,0.00000000,1.72424367,0.00000000,2.46627217,0.00000000,0.00000000,0.00000000,2.27698347,2.74716752,0.00000000,0.00000000,0.00000000,0.00000000,0.00000000,0.00000000,0.00000000,0.00000000,0.00000000,2.42015628,0.00000000,0.00000000,2.78456240,0.00000000,0.00000000,0.00000000,0.00000000,0.00000000,0.00000000,0.00000000,0.00000000,0.00000000,0.00000000,0.00000000,0.00000000,0.00000000,0.00000000,0.00000000,0.00000000,0.00000000,0.00000000,0.00000000,0.00000000,0.00000000,0.00000000,0.00000000,2.56176076,1.39261237,1.35661289,0.00000000,1.78758100,1.52856680,1.40424088,1.38165832,1.28425276,1.59081091,1.58124196,0.00000000,0.00000000,1.68351697,2.25808103,1.46304192,0.00000000,1.78282266,1.85742019,0.00000000,1.72343242,1.31316897,2.99183973,0.00000000,1.90362158,1.31323194,1.38144534,0.00000000,2.25780279,0.00000000,1.92532444,0.00000000,3.66066433,0.00000000,2.42795267,2.82955361,1.53477003,1.25841194,2.11488285,3.92059524,2.49973068,0.00000000,0.00000000,0.00000000,0.00000000,0.00000000,2.77758233,0.00000000,0.00000000,0.00000000,2.76009074,3.47576146,3.28963238,0.00000000,0.00000000,0.00000000,0.00000000,1.73131456,1.40813581,0.00000000,0.00000000,1.22043756,3.73927790,0.00000000,0.00000000,0.00000000,0.00000000,0.00000000,0.00000000,0.00000000,0.00000000,0.00000000,0.00000000,0.00000000,0.00000000,0.00000000,0.00000000,0.00000000,3.79973727,0.00000000,0.00000000,0.00000000,0.00000000,0.00000000,0.00000000,0.00000000,3.95412765,0.00000000,0.00000000,2.71175475,0.00000000,3.70347842,0.00000000,0.00000000,0.00000000,2.95757423,0.00000000,2.47043325,1.94722463,0.00000000,2.30877840,0.00000000
0.00000000,0.00000000,0.00000000,0.00000000,0.00000000,0.00000000,0.00000000,0.00000000,0.00000000,0.00000000,0.00000000,0.00000000,0.00000000,0.00000000,0.89303225,0.00000000,1.06882982,0.00000000,0.00000000,0.00000000,1.27984655,0.00000000,1.08139335,0.00000000,1.99031226,0.00000000,1.01105161,0.00000000,1.32809893,0.00000000,1.71900846,0.00000000,2.00978355,0.00000000,0.00000000,0.00000000,1.31491448,0.00000000,1.53663061,0.00000000,0.00000000,0.00000000,0.00000000,0.00000000,0.00000000,0.00000000,0.00000000,0.00000000,0.00000000,0.00000000,1.57477995,0.00000000,1.40751074,0.00000000,0.00000000,0.00000000,0.00000000,0.00000000,0.00000000,0.00000000,1.51368707,0.00000000,1.89481373,0.00000000,0.00000000,0.00000000,0.00000000,0.00000000,0.00000000,0.00000000,1.42243750,0.00000000,1.22443987,0.00000000,1.23844456,1.92026676,0.00000000,0.00000000,1.41078661,0.00000000,1.23487865,0.00000000,0.00000000,0.00000000,1.26276129,0.00000000,1.12766690,0.00000000,0.00000000,0.00000000,1.34269096,0.00000000,0.00000000,0.00000000,1.17276111,0.00000000,1.21415973,0.00000000,1.05899745,0.00000000,1.02413960,0.00000000,1.73389591,0.00000000,0.00000000,0.00000000,0.00000000,0.99903508,0.00000000,0.00000000,0.00000000,0.00000000,0.00000000,0.00000000,0.00000000,0.00000000,0.00000000,0.00000000,0.00000000,0.00000000,1.49363141,0.00000000,1.38927459,2.28551243,1.50557406,1.25597956,1.30504194,1.21084317,1.78630371,0.00000000,1.84886434,0.00000000,1.38960890,0.00000000,2.58460206,0.00000000,1.94187394,0.99087471,1.72606494,1.78282266,0.00000000,1.43524921,1.33626670,1.22419989,1.67863459,2.01929502,1.17793598,1.19605552,1.32100602,1.55444735,1.28945258,0.00000000,1.41093229,1.68110231,1.84447906,0.00000000,1.65177559,0.00000000,2.79693059,2.14141370,0.00000000,0.00000000,1.35597949,0.00000000,0.00000000,0.00000000,0.00000000,0.00000000,1.98749419,0.00000000,0.00000000,0.00000000,3.03052810,0.00000000,1.36190804,2.45809061,0.00000000,0.00000000,0.00000000,0.00000000,1.16663259,1.51107197,0.00000000,0.00000000,1.97241898,0.00000000,0.00000000,0.00000000,0.00000000,0.00000000,0.00000000,0.00000000,0.00000000,2.38293260,0.00000000,0.00000000,0.00000000,0.00000000,0.00000000,0.00000000,2.99178961,0.00000000,0.00000000,0.00000000,0.00000000,0.00000000,0.00000000,1.92852405,1.76618386,1.40087779,1.60637633,0.00000000,1.77901232,1.47721857,4.21429914,3.77624706,1.33949005,1.88511135,0.00000000,0.00000000,0.00000000,0.00000000,0.00000000,0.00000000,0.00000000
0.00000000,0.00000000,0.00000000,0.00000000,0.00000000,0.00000000,0.00000000,1.78686721,0.00000000,0.00000000,0.00000000,0.00000000,0.00000000,0.00000000,0.00000000,3.80714509,0.00000000,1.30150072,0.00000000,0.00000000,0.00000000,1.31243027,0.00000000,1.48060594,0.00000000,1.34496264,0.00000000,0.00000000,0.00000000,1.32885489,0.00000000,1.42734787,0.00000000,2.31987031,0.00000000,1.48169886,0.00000000,1.29697457,0.00000000,1.38316457,0.00000000,0.00000000,0.00000000,0.99705633,0.00000000,1.47772726,0.00000000,0.00000000,0.00000000,0.00000000,0.00000000,1.09995903,0.00000000,1.78222491,0.00000000,1.54967586,0.00000000,1.46468950,1.06682874,1.05549101,0.00000000,1.52834554,0.00000000,1.36958623,0.00000000,1.50889353,0.00000000,1.30188544,0.00000000,0.00000000,2.04376346,2.03791598,0.00000000,1.26193774,1.05817309,1.87822928,0.00000000,0.00000000,0.00000000,1.64245126,0.00000000,1.26107437,0.00000000,0.00000000,0.00000000,1.27712872,0.00000000,1.36568259,0.00000000,0.00000000,2.52548740,1.02166470,0.00000000,1.17084704,0.00000000,0.98682149,0.00000000,1.77257713,4.02751761,1.27562845,1.39748678,0.73608990,0.00000000,1.45233462,0.00000000,0.00000000,0.00000000,0.00000000,0.00000000,0.00000000,0.00000000,0.00000000,0.00000000,0.00000000,0.00000000,0.00000000,0.00000000,0.00000000,0.00000000,0.00000000,0.00000000,1.43970688,0.00000000,1.50259273,0.93628177,1.14415568,0.86280410,1.46691934,0.97363967,1.17945946,0.94917448,1.32207949,1.12439134,1.34965083,3.05251819,2.59838539,1.37601773,2.12804765,0.96473252,1.85742019,1.43524921,0.00000000,1.78918253,1.35167688,1.43447880,1.50295908,1.10729227,1.29720624,0.95401356,1.06433335,0.00000000,1.53842865,1.41541597,1.09451214,0.00000000,0.00000000,0.00000000,1.57933587,3.73689082,1.68769779,1.29373712,0.00000000,0.00000000,1.49923584,0.00000000,0.00000000,0.00000000,0.00000000,2.77285372,2.32172734,0.00000000,1.19984702,0.00000000,1.23859047,3.22630343,1.43288092,0.00000000,0.00000000,0.00000000,0.00000000,1.19619488,0.97213431,0.00000000,0.00000000,0.00000000,1.88473368,0.00000000,0.00000000,0.00000000,0.00000000,0.00000000,0.00000000,0.00000000,0.00000000,0.00000000,0.00000000,0.00000000,0.00000000,0.00000000,0.00000000,0.00000000,0.00000000,0.00000000,0.00000000,0.00000000,0.00000000,0.00000000,0.00000000,0.00000000,0.00000000,0.00000000,0.00000000,0.00000000,0.00000000,3.61858029,0.00000000,0.00000000,0.00000000,3.08681315,0.00000000,1.54905506,0.00000000,0.00000000,1.70736153,3.09251235
4.37832802,0.00000000,1.70346663,0.00000000,0.00000000,0.00000000,0.00000000,0.00000000,5.58206289,0.00000000,0.00000000,0.00000000,0.00000000,0.00000000,1.48866903,0.00000000,1.86050289,0.00000000,0.00000000,0.00000000,0.00000000,0.00000000,1.47343695,0.00000000,1.38872796,0.00000000,0.00000000,0.00000000,2.35829045,0.00000000,0.00000000,0.00000000,0.00000000,0.00000000,0.00000000,0.00000000,0.00000000,0.00000000,0.00000000,0.00000000,0.00000000,0.00000000,0.00000000,0.00000000,0.00000000,0.00000000,0.00000000,0.00000000,4.87764229,0.00000000,0.00000000,0.00000000,2.37373454,0.00000000,0.00000000,0.00000000,1.84257594,0.00000000,0.00000000,0.00000000,0.00000000,0.00000000,3.41122307,0.00000000,0.00000000,0.00000000,0.00000000,0.00000000,0.00000000,0.00000000,1.87278224,0.00000000,1.36993396,0.00000000,1.41242485,0.00000000,2.37861376,0.00000000,1.25067365,0.00000000,1.48137317,0.00000000,0.00000000,0.00000000,1.34018688,0.00000000,1.30694034,0.00000000,0.00000000,0.00000000,1.62437697,0.00000000,0.00000000,0.00000000,0.00000000,0.00000000,1.42299656,0.00000000,1.24561628,0.00000000,1.11277741,0.00000000,0.00000000,0.00000000,1.21226798,0.00000000,1.09334691,0.00000000,0.00000000,0.00000000,0.00000000,0.00000000,0.00000000,0.00000000,0.00000000,0.00000000,0.00000000,0.00000000,0.00000000,0.00000000,1.43043614,0.00000000,1.66097231,0.00000000,1.76014807,0.00000000,1.32327407,0.00000000,1.60441356,1.94119432,2.74049018,0.00000000,1.61500971,2.41457454,2.16583240,0.00000000,1.90735753,0.00000000,2.05895600,0.00000000,1.33626670,1.78918253,0.00000000,2.10820344,3.09316519,0.00000000,1.70920714,2.38076085,2.85391898,0.00000000,1.89809959,0.00000000,2.66311250,3.42216046,2.16914310,0.00000000,3.73759345,0.00000000,2.66785031,0.00000000,0.00000000,0.00000000,2.45226606,0.00000000,0.00000000,0.00000000,0.00000000,0.00000000,2.42457413,0.00000000,3.83490599,0.00000000,0.00000000,0.00000000,2.31519225,0.00000000,0.00000000,0.00000000,0.00000000,0.00000000,1.98754095,3.00218349,0.00000000,0.00000000,3.10715289,0.00000000,0.00000000,0.00000000,0.00000000,0.00000000,0.00000000,0.00000000,0.00000000,0.00000000,0.00000000,0.00000000,0.00000000,0.00000000,2.34994528,0.00000000,1.73269569,0.00000000,3.25861026,2.66496360,2.69336287,0.00000000,4.03482398,0.00000000,2.09815434,1.88378985,3.55333896,0.00000000,2.10141177,0.00000000,2.82970701,0.00000000,1.51587753,2.76625512,0.00000000,0.00000000,0.00000000,0.00000000,0.00000000,0.00000000,0.00000000
0.00000000,0.00000000,0.00000000,0.00000000,0.00000000,0.00000000,0.00000000,1.07195707,0.00000000,1.90219467,0.00000000,0.00000000,0.00000000,0.00000000,0.00000000,0.00000000,0.00000000,1.21501827,0.00000000,0.00000000,0.00000000,1.20361563,0.00000000,1.29819838,0.00000000,1.23947557,0.00000000,0.00000000,0.00000000,1.41138749,0.00000000,1.24735935,0.00000000,0.00000000,0.00000000,1.40184133,0.00000000,1.58962549,0.00000000,1.43329768,0.00000000,0.00000000,0.00000000,0.00000000,0.00000000,1.17052152,0.00000000,0.00000000,0.00000000,0.00000000,0.00000000,1.37464157,0.00000000,2.08987603,0.00000000,1.25870207,0.00000000,1.32238590,0.00000000,0.00000000,0.00000000,1.45520841,0.00000000,1.71709556,0.00000000,0.00000000,0.00000000,0.00000000,0.00000000,0.00000000,0.00000000,0.00000000,0.00000000,1.42241879,0.00000000,1.65428566,0.00000000,0.00000000,0.00000000,1.36195497,0.00000000,1.15364568,0.00000000,0.00000000,0.00000000,1.33337485,0.00000000,1.11740053,0.00000000,0.00000000,0.00000000,1.35033922,0.00000000,0.00000000,0.00000000,1.20807995,0.00000000,1.70525758,1.78948781,1.36997346,0.00000000,0.99782746,0.00000000,0.00000000,0.00000000,0.00000000,0.00000000,1.23833903,0.00000000,0.00000000,0.00000000,0.00000000,0.00000000,0.00000000,0.00000000,0.00000000,0.00000000,0.00000000,0.00000000,0.00000000,0.00000000,1.28969447,0.00000000,1.61339597,1.06787037,1.70215823,1.20423788,1.90092061,1.22625008,1.55574079,1.23912962,0.95614516,1.34202945,2.07712698,0.00000000,2.20948136,1.43203898,2.76959589,1.15576944,1.72343242,1.22419989,1.35167688,2.10820344,0.00000000,0.00000000,3.01888934,1.32838620,2.29515193,0.93526906,1.83984885,1.42346983,2.25194784,1.29800822,2.21706904,0.00000000,3.27209303,0.00000000,0.00000000,0.00000000,1.82484509,0.00000000,0.00000000,0.00000000,1.66085975,0.00000000,0.00000000,0.00000000,1.44723599,0.00000000,1.83257328,0.00000000,1.42310764,0.00000000,1.53439375,0.00000000,1.77709617,0.00000000,0.00000000,0.00000000,0.00000000,1.47604001,1.42382413,0.00000000,0.00000000,0.00000000,0.00000000,0.00000000,0.00000000,0.00000000,0.00000000,0.00000000,0.00000000,0.00000000,0.00000000,0.00000000,1.44664874,0.00000000,0.00000000,0.00000000,3.42350328,0.00000000,2.64832628,0.00000000,0.00000000,0.00000000,0.00000000,0.00000000,0.00000000,1.55306809,3.56693316,0.00000000,0.00000000,0.00000000,0.00000000,2.49556996,0.00000000,0.00000000,0.00000000,2.13658942,1.20015461,1.88217752,0.94153807,0.00000000,0.88126950,0.00000000
2.23050042,0.00000000,0.00000000,0.00000000,0.00000000,0.00000000,0.00000000,0.00000000,0.00000000,0.00000000,0.00000000,0.00000000,0.00000000,0.00000000,0.00000000,0.00000000,1.44533011,0.00000000,0.00000000,0.00000000,1.33581961,0.00000000,0.00000000,0.00000000,0.00000000,0.00000000,1.49197946,0.00000000,1.49688763,0.00000000,1.74813135,0.00000000,1.98755698,0.00000000,1.19357291,0.00000000,1.01900255,0.00000000,1.69634159,0.00000000,0.00000000,0.00000000,1.00387419,0.00000000,0.00000000,0.00000000,0.00000000,0.00000000,6.39824500,0.00000000,0.00000000,0.00000000,1.73467939,0.00000000,0.00000000,0.00000000,2.57367403,0.00000000,0.00000000,1.38557852,1.09745318,0.00000000,1.24880633,0.00000000,0.00000000,0.00000000,0.00000000,0.00000000,0.00000000,0.00000000,1.40620961,0.00000000,1.28729175,0.00000000,1.29232170,0.00000000,0.00000000,0.00000000,1.72231077,0.00000000,1.70223108,0.00000000,0.00000000,0.00000000,3.81624567,0.00000000,1.60207329,0.00000000,0.00000000,0.00000000,0.00000000,0.00000000,0.00000000,0.00000000,0.00000000,0.00000000,0.00000000,0.00000000,1.50037688,0.00000000,0.00000000,0.00000000,0.00000000,0.00000000,0.00000000,0.00000000,0.00000000,0.00000000,0.00000000,0.00000000,0.00000000,0.00000000,0.00000000,0.00000000,0.00000000,0.00000000,0.00000000,0.00000000,0.00000000,0.00000000,1.63820701,2.19635923,3.29968034,0.00000000,1.83308699,0.00000000,2.08079692,2.40254586,1.60754608,1.81756837,1.43209141,1.22253454,1.99175559,1.12092250,0.00000000,0.00000000,6.83563734,0.00000000,1.78546630,1.31316897,1.67863459,1.43447880,3.09316519,0.00000000,0.00000000,1.81774764,1.41194122,0.00000000,1.49055234,1.04995543,1.93513254,0.00000000,1.52422434,0.00000000,3.92622124,0.00000000,1.22809276,0.00000000,2.27988929,1.94122102,1.76085899,1.39325978,1.36298621,0.00000000,0.00000000,0.00000000,0.00000000,0.00000000,1.64989639,0.00000000,3.17362222,0.00000000,1.55070286,0.00000000,2.26649705,1.75464833,0.00000000,0.00000000,0.00000000,0.00000000,1.20194086,2.88019365,0.00000000,0.00000000,1.35314044,1.30007853,0.00000000,0.00000000,0.00000000,0.00000000,0.00000000,0.00000000,0.00000000,0.00000000,0.00000000,0.00000000,0.00000000,0.00000000,0.00000000,0.00000000,0.00000000,0.00000000,0.00000000,0.00000000,0.00000000,0.00000000,0.00000000,0.00000000,0.00000000,0.00000000,1.75144429,0.00000000,1.22152438,1.09510924,3.75097634,2.72914546,1.15342652,0.00000000,0.00000000,0.00000000,4.92467348,0.00000000,0.00000000,0.00000000,0.00000000
0.00000000,0.00000000,0.00000000,0.00000000,0.00000000,0.00000000,0.00000000,3.44441286,0.00000000,5.21772626,0.00000000,0.00000000,0.00000000,0.00000000,0.00000000,0.00000000,0.00000000,0.00000000,0.00000000,0.00000000,0.00000000,1.68862264,0.00000000,3.73060328,0.00000000,0.00000000,0.00000000,0.00000000,0.00000000,2.29463426,0.00000000,0.00000000,0.00000000,0.00000000,0.00000000,1.50094372,0.00000000,1.21144095,0.00000000,1.53372672,0.00000000,0.00000000,0.00000000,0.93785920,0.00000000,1.42501819,0.00000000,0.00000000,0.00000000,0.00000000,0.00000000,1.39651898,0.00000000,1.72771802,0.00000000,0.00000000,0.00000000,0.00000000,0.00000000,3.97619750,0.00000000,1.19293252,0.00000000,1.15092180,1.09397316,1.52528705,0.00000000,3.12140326,0.00000000,0.00000000,0.00000000,1.49252168,0.00000000,1.14061885,0.00000000,1.35167918,0.00000000,0.00000000,2.82150271,1.26934353,0.00000000,1.77086951,0.00000000,0.00000000,0.00000000,1.79906342,0.00000000,1.45273495,0.00000000,0.00000000,0.00000000,0.00000000,0.00000000,0.00000000,0.00000000,0.00000000,0.00000000,0.00000000,0.00000000,0.00000000,0.00000000,0.00000000,0.00000000,0.00000000,0.00000000,0.00000000,0.00000000,0.00000000,0.00000000,0.00000000,0.00000000,0.00000000,0.00000000,0.00000000,0.00000000,0.00000000,0.00000000,0.00000000,0.00000000,0.00000000,0.00000000,1.80456536,0.00000000,2.35517342,0.00000000,1.26288064,0.00000000,0.00000000,0.00000000,1.88884151,1.12271317,1.53133302,0.00000000,2.36805794,0.00000000,0.00000000,3.87201482,0.00000000,1.56125931,2.99183973,2.01929502,1.50295908,0.00000000,3.01888934,1.81774764,0.00000000,0.00000000,0.00000000,1.42137021,1.33335051,0.00000000,0.00000000,0.00000000,2.54983332,0.00000000,2.72947263,0.00000000,1.18540006,3.62398329,2.29277085,1.24165827,2.42120861,0.00000000,0.97978462,0.00000000,0.00000000,0.00000000,1.78719891,2.49534239,1.89377019,0.00000000,1.38415798,0.00000000,1.26809802,0.00000000,2.90240822,0.00000000,0.00000000,0.00000000,0.00000000,1.71172687,1.49677370,0.00000000,0.00000000,2.52990440,2.72944058,0.00000000,0.00000000,0.00000000,0.00000000,0.00000000,0.00000000,0.00000000,0.00000000,0.00000000,0.00000000,0.00000000,0.00000000,0.00000000,0.00000000,0.00000000,0.00000000,0.00000000,0.00000000,0.00000000,0.00000000,0.00000000,0.00000000,0.00000000,0.00000000,0.00000000,0.00000000,0.00000000,0.00000000,4.33355582,0.00000000,0.00000000,0.00000000,1.54317935,1.96253153,1.18280620,1.30620505,0.00000000,1.57309944,0.00000000
0.00000000,0.00000000,1.56311850,0.00000000,1.88428874,0.00000000,1.32885469,0.00000000,1.34175859,0.00000000,0.00000000,0.00000000,0.00000000,0.00000000,0.00000000,0.00000000,0.00000000,0.00000000,0.00000000,0.00000000,0.00000000,0.00000000,0.00000000,0.00000000,0.00000000,0.00000000,0.00000000,0.00000000,0.00000000,0.00000000,0.00000000,0.00000000,0.00000000,0.00000000,0.00000000,0.00000000,0.00000000,0.00000000,0.00000000,0.00000000,0.00000000,0.00000000,0.00000000,0.00000000,0.00000000,0.00000000,0.00000000,0.00000000,0.00000000,0.00000000,0.00000000,0.00000000,0.00000000,0.00000000,0.00000000,0.00000000,2.43394790,0.00000000,1.20052864,0.00000000,0.00000000,0.00000000,0.00000000,0.00000000,1.82559385,0.00000000,0.00000000,0.00000000,0.00000000,0.00000000,1.46371487,0.00000000,1.76801863,0.00000000,1.42450350,0.00000000,0.00000000,0.00000000,0.00000000,0.00000000,0.00000000,0.00000000,0.00000000,0.00000000,0.00000000,2.83342489,0.00000000,0.00000000,0.00000000,0.00000000,2.00457953,0.00000000,0.00000000,1.54870789,1.99356933,0.00000000,0.00000000,0.00000000,1.61942430,0.00000000,1.41059425,1.24696664,0.00000000,0.00000000,1.96468136,0.00000000,0.00000000,0.00000000,0.00000000,0.00000000,0.00000000,0.00000000,0.00000000,0.00000000,0.00000000,0.00000000,0.00000000,0.00000000,0.00000000,0.00000000,0.00000000,0.00000000,0.00000000,1.98249495,1.96700305,1.04014536,2.23561937,0.00000000,0.00000000,0.00000000,0.00000000,0.00000000,1.67993796,0.00000000,1.46824610,1.21068818,1.49158203,1.30852548,1.37562930,0.00000000,1.17793598,1.10729227,1.70920714,1.32838620,1.41194122,0.00000000,0.00000000,1.21685944,1.28037393,0.00000000,3.00111028,0.97202699,1.68225327,1.08223487,0.00000000,0.00000000,0.00000000,0.00000000,0.00000000,0.00000000,0.00000000,0.00000000,0.00000000,0.00000000,0.00000000,0.00000000,0.00000000,0.00000000,0.00000000,0.00000000,0.00000000,0.00000000,0.00000000,0.00000000,1.23016448,0.00000000,4.45181353,0.00000000,0.00000000,0.00000000,1.12650405,1.36958871,0.00000000,0.00000000,1.62202455,0.00000000,0.00000000,0.00000000,0.00000000,0.00000000,0.00000000,0.00000000,0.00000000,0.00000000,0.00000000,0.00000000,0.00000000,0.00000000,0.00000000,0.00000000,2.56208264,0.00000000,0.00000000,0.00000000,0.00000000,0.00000000,2.91023110,2.58105715,1.45529952,0.92242490,5.97837102,4.01843758,2.82320064,0.00000000,5.28075508,0.00000000,0.00000000,2.11444714,0.00000000,0.00000000,0.00000000,0.00000000,0.00000000,0.00000000,0.00000000
0.00000000,0.00000000,0.00000000,0.00000000,0.00000000,0.00000000,0.00000000,2.10340190,0.00000000,1.61031586,0.00000000,0.00000000,0.00000000,0.00000000,0.00000000,0.00000000,0.00000000,0.00000000,0.00000000,0.00000000,0.00000000,0.00000000,0.00000000,0.00000000,0.00000000,0.00000000,0.00000000,0.00000000,0.00000000,0.00000000,0.00000000,0.00000000,0.00000000,0.00000000,0.00000000,0.00000000,0.00000000,0.00000000,0.00000000,0.00000000,0.00000000,0.00000000,0.00000000,0.00000000,0.00000000,0.00000000,0.00000000,0.00000000,0.00000000,0.00000000,0.00000000,0.00000000,0.00000000,0.00000000,0.00000000,0.00000000,0.00000000,1.77928192,0.00000000,1.76740234,0.00000000,0.00000000,0.00000000,0.00000000,0.00000000,1.18416011,0.00000000,1.79839441,0.00000000,0.00000000,0.00000000,0.00000000,0.00000000,2.04277946,0.00000000,0.00000000,0.00000000,0.00000000,0.00000000,0.00000000,0.00000000,1.91297432,0.00000000,0.00000000,0.00000000,0.00000000,0.00000000,0.00000000,0.00000000,0.38586460,0.00000000,0.00000000,0.00000000,1.96142880,0.00000000,2.00484768,0.00000000,0.00000000,0.00000000,0.00000000,0.00000000,1.74735026,0.00000000,0.00000000,0.00000000,0.00000000,0.00000000,0.00000000,0.00000000,0.00000000,0.00000000,0.00000000,0.00000000,0.00000000,0.00000000,0.00000000,0.00000000,0.00000000,0.00000000,0.00000000,0.00000000,2.16064921,0.00000000,1.90862453,1.15539936,2.99733185,0.87564926,1.87322724,0.00000000,0.00000000,0.00000000,2.79966309,1.23653770,3.40121340,0.00000000,0.00000000,1.08650192,2.32104319,1.48582702,1.90362158,1.19605552,1.29720624,2.38076085,2.29515193,0.00000000,0.00000000,1.21685944,0.00000000,0.00000000,1.28939068,1.11382274,1.40916830,1.64338794,0.94258414,0.00000000,0.00000000,0.00000000,0.00000000,0.00000000,0.00000000,0.00000000,0.00000000,0.00000000,0.00000000,0.00000000,0.00000000,0.00000000,0.00000000,0.00000000,1.71226148,0.00000000,0.00000000,0.00000000,0.00000000,0.00000000,1.22795416,0.00000000,0.00000000,0.00000000,0.00000000,1.43353612,1.16395564,0.00000000,0.00000000,0.00000000,1.15443998,0.00000000,0.00000000,0.00000000,0.00000000,0.00000000,0.00000000,0.00000000,0.00000000,0.00000000,0.00000000,0.00000000,0.00000000,2.70621953,3.90694123,0.00000000,0.00000000,0.00000000,0.00000000,0.00000000,0.00000000,0.00000000,6.45350036,1.29835055,2.48917989,0.00000000,0.00000000,0.00000000,0.00000000,5.70016845,6.24877822,0.00000000,0.00000000,5.96242669,1.34473591,5.21764303,0.00000000,0.00000000,0.00000000,0.00000000
1.22406546,0.00000000,1.19519201,2.54068170,1.71758364,0.00000000,1.30141260,0.00000000,1.25509381,0.00000000,1.55662307,0.00000000,2.58603979,0.00000000,1.75969950,0.00000000,0.00000000,0.00000000,0.00000000,0.00000000,0.00000000,0.00000000,0.00000000,0.00000000,0.00000000,0.00000000,0.00000000,0.00000000,0.00000000,0.00000000,0.00000000,0.00000000,0.00000000,0.00000000,0.00000000,0.00000000,0.00000000,0.00000000,0.00000000,0.00000000,0.00000000,0.00000000,0.00000000,0.00000000,0.00000000,0.00000000,0.00000000,0.00000000,0.00000000,0.00000000,0.00000000,0.00000000,0.00000000,0.00000000,0.00000000,0.00000000,1.66912202,0.00000000,1.68745415,0.00000000,0.00000000,0.00000000,0.00000000,0.00000000,1.90078056,0.00000000,2.61123396,0.00000000,0.00000000,0.00000000,1.58836071,0.00000000,0.00000000,2.11145158,1.54678337,0.00000000,0.00000000,0.00000000,0.00000000,0.00000000,2.11084424,0.00000000,0.00000000,0.00000000,0.00000000,1.74569421,0.00000000,0.00000000,0.00000000,0.00000000,0.00000000,0.00000000,0.00000000,0.00000000,0.00000000,0.00000000,0.00000000,0.00000000,2.96045937,0.00000000,2.69232351,0.00000000,0.00000000,0.00000000,0.81719610,0.00000000,5.52954714,0.25634842,0.00000000,0.00000000,0.00000000,0.00000000,0.00000000,0.00000000,0.00000000,0.00000000,0.00000000,0.00000000,0.00000000,0.00000000,1.95032803,1.27603766,0.00000000,0.00000000,1.67439038,0.83521296,1.60667949,0.00000000,0.00000000,0.00000000,2.23424714,1.06310959,0.00000000,1.12601383,2.62113979,0.00000000,0.00000000,1.28555399,1.46363645,1.31323194,1.32100602,0.95401356,2.85391898,0.93526906,1.49055234,1.42137021,1.28037393,0.00000000,0.00000000,0.89856805,1.65660975,0.00000000,1.40097842,1.17318078,0.91838519,0.00000000,2.19658567,0.00000000,2.09773466,0.00000000,2.02254188,0.00000000,2.04364674,1.30072903,0.00000000,0.00000000,0.00000000,0.00000000,0.00000000,0.00000000,0.00000000,0.00000000,0.00000000,0.00000000,1.55014911,0.85056202,0.00000000,0.00000000,0.00000000,0.00000000,1.33305713,1.15043485,1.72101697,0.00000000,1.35901861,0.00000000,0.00000000,0.00000000,0.00000000,0.00000000,0.00000000,0.00000000,0.00000000,0.00000000,0.00000000,0.00000000,0.00000000,0.00000000,0.00000000,0.00000000,0.00000000,0.00000000,0.00000000,0.00000000,0.00000000,0.00000000,2.29678079,0.00000000,2.10521576,0.00000000,2.64588559,0.00000000,0.00000000,0.00000000,5.23292960,0.00000000,0.00000000,0.00000000,0.00000000,0.00000000,0.00000000,0.00000000,0.00000000,0.00000000,0.00000000
0.00000000,1.17139483,0.00000000,2.42669835,0.00000000,0.00000000,0.00000000,2.11414634,0.00000000,1.42528646,0.00000000,2.18085048,0.00000000,0.00000000,0.00000000,1.93749467,0.00000000,0.00000000,0.00000000,1.51693952,0.00000000,0.00000000,0.00000000,0.00000000,0.00000000,0.00000000,0.00000000,0.00000000,0.00000000,0.00000000,0.00000000,0.00000000,0.00000000,0.00000000,0.00000000,0.00000000,0.00000000,0.00000000,0.00000000,0.00000000,0.00000000,0.00000000,0.00000000,0.00000000,0.00000000,0.00000000,0.00000000,0.00000000,0.00000000,3.98961221,0.00000000,0.00000000,0.00000000,0.00000000,0.00000000,0.00000000,0.00000000,2.43339431,0.00000000,3.46787352,0.00000000,0.00000000,0.00000000,0.00000000,0.00000000,1.64600388,0.00000000,2.01383109,0.00000000,0.00000000,1.44064529,1.20291399,0.00000000,1.46935480,1.46860075,1.31714966,0.00000000,0.00000000,0.00000000,1.41257230,0.00000000,1.41253282,0.00000000,0.00000000,0.00000000,1.87568119,0.00000000,1.79640332,0.00000000,0.00000000,0.00000000,0.00000000,0.00000000,0.00000000,0.00000000,0.00000000,0.00000000,0.00000000,1.89968639,0.00000000,0.00000000,0.00000000,0.00000000,0.00000000,0.00000000,0.00000000,0.00000000,0.00000000,0.00000000,0.00000000,0.00000000,0.00000000,0.00000000,0.00000000,0.00000000,0.00000000,0.00000000,0.00000000,0.00000000,0.00000000,0.00000000,0.00000000,0.00000000,1.26014927,1.12966844,1.61081118,0.00000000,1.61617001,1.16236137,3.83302434,1.06823470,3.04999207,1.37230694,2.52863327,0.00000000,1.35886928,1.63060742,1.39921353,1.41747618,1.38144534,1.55444735,1.06433335,0.00000000,1.83984885,1.04995543,1.33335051,0.00000000,1.28939068,0.89856805,0.00000000,0.00000000,1.77604680,1.09152380,2.01789584,0.00000000,0.00000000,0.00000000,0.00000000,0.00000000,0.00000000,1.33797847,3.79944680,0.00000000,1.63875607,0.00000000,0.00000000,0.00000000,0.00000000,0.00000000,3.00421294,0.00000000,0.00000000,0.00000000,0.00000000,0.00000000,1.93737771,0.00000000,0.00000000,0.00000000,0.00000000,1.36321996,1.78319285,0.00000000,1.58717923,0.00000000,1.18809675,0.00000000,0.00000000,0.00000000,0.00000000,0.00000000,0.00000000,0.00000000,0.00000000,0.00000000,0.00000000,0.00000000,0.00000000,0.00000000,0.00000000,0.00000000,3.04925409,0.00000000,0.00000000,0.00000000,0.00000000,0.00000000,2.73223313,0.00000000,1.44849778,0.00000000,0.00000000,0.00000000,0.00000000,4.87679367,0.00000000,0.00000000,0.00000000,6.08991380,0.00000000,2.28827860,1.97464119,0.00000000,1.88891969,0.00000000
0.00000000,0.00000000,1.75882628,0.00000000,0.00000000,0.00000000,2.37200649,0.00000000,1.22764403,0.00000000,0.00000000,0.00000000,2.62788287,0.00000000,0.00000000,0.00000000,0.00000000,0.00000000,0.00000000,0.00000000,0.00000000,0.00000000,0.00000000,0.00000000,0.00000000,0.00000000,0.00000000,0.00000000,0.00000000,0.00000000,0.00000000,0.00000000,0.00000000,0.00000000,0.00000000,0.00000000,0.00000000,0.00000000,0.00000000,0.00000000,1.87118252,0.00000000,0.00000000,0.00000000,0.00000000,0.00000000,0.00000000,0.00000000,7.19221864,0.00000000,0.00000000,0.00000000,0.00000000,0.00000000,0.00000000,0.00000000,3.17085864,0.00000000,0.00000000,0.00000000,0.00000000,0.00000000,0.00000000,0.00000000,0.00000000,0.00000000,0.00000000,0.00000000,0.00000000,0.00000000,0.00000000,0.00000000,1.42218614,0.00000000,1.00238502,0.00000000,1.22941250,0.00000000,0.00000000,0.00000000,2.15411306,0.00000000,0.00000000,0.00000000,0.00000000,0.00000000,1.29447545,0.00000000,1.85419533,0.00000000,1.53098031,1.26632233,0.00000000,0.00000000,0.00000000,0.00000000,1.34396004,0.00000000,1.48356558,0.00000000,0.90970113,1.35767757,0.00000000,0.00000000,1.46819964,0.00000000,1.02046430,1.07752101,0.00000000,0.00000000,2.00131992,0.00000000,3.84909526,0.00000000,1.04048203,0.00000000,0.00000000,0.00000000,1.75313638,0.00000000,0.00000000,0.00000000,1.69262147,0.00000000,2.21233543,1.22081946,2.47849898,1.07002457,0.00000000,0.00000000,4.30117845,0.00000000,1.76174475,0.00000000,1.42032872,1.63805065,1.43602214,1.10077440,2.21583869,0.00000000,1.28945258,0.00000000,1.89809959,1.42346983,1.93513254,0.00000000,3.00111028,1.11382274,1.65660975,0.00000000,0.00000000,0.90906755,1.71142055,1.15076641,2.66239776,0.00000000,0.00000000,0.00000000,0.00000000,0.00000000,5.81609849,0.00000000,2.33573760,0.00000000,3.98752537,0.00000000,0.00000000,0.00000000,4.03929043,0.00000000,5.63408897,0.00000000,0.00000000,0.00000000,1.55076029,0.00000000,1.50868036,0.00000000,1.25902370,0.00000000,0.98485179,0.94913470,1.25595084,0.00000000,1.46029540,0.00000000,0.00000000,0.00000000,0.00000000,0.00000000,2.48859611,0.00000000,1.72770886,1.32893699,5.29668148,0.00000000,3.06531512,2.72945519,1.42021019,2.03342547,1.60784325,0.00000000,1.84137302,1.41354790,1.70886671,0.00000000,2.12945043,1.45402953,2.28632456,1.09744224,5.14908121,3.67378153,3.71919048,0.00000000,4.59246914,2.68806724,1.19232957,0.00000000,3.45436772,0.00000000,0.00000000,0.00000000,0.00000000,0.00000000,0.00000000
0.00000000,1.67384733,0.00000000,0.00000000,0.00000000,0.00000000,0.00000000,0.00000000,0.00000000,0.00000000,0.00000000,2.47620067,0.00000000,0.00000000,0.00000000,0.00000000,0.00000000,0.00000000,0.00000000,0.00000000,0.00000000,0.00000000,0.00000000,0.00000000,0.00000000,0.00000000,0.00000000,0.00000000,0.00000000,0.00000000,0.00000000,0.00000000,0.00000000,0.00000000,0.00000000,0.00000000,0.00000000,0.00000000,0.00000000,0.00000000,0.00000000,0.00000000,0.00000000,0.00000000,0.00000000,0.00000000,0.00000000,0.00000000,0.00000000,0.00000000,0.00000000,0.00000000,0.00000000,0.00000000,0.00000000,0.00000000,0.00000000,0.00000000,0.00000000,0.00000000,0.00000000,0.00000000,0.00000000,0.00000000,0.00000000,1.84141470,0.00000000,0.00000000,0.00000000,0.00000000,0.00000000,0.00000000,0.00000000,0.00000000,0.00000000,0.00000000,0.00000000,0.00000000,0.00000000,0.00000000,0.00000000,1.84229810,0.00000000,0.00000000,0.00000000,2.32858800,0.00000000,2.63482410,0.00000000,0.92546567,0.00000000,2.01304394,0.00000000,0.00000000,0.00000000,1.10279367,1.71790805,2.99685806,0.00000000,0.00000000,0.00000000,1.06605367,0.00000000,0.00000000,0.00000000,2.18525541,0.00000000,1.38992375,0.00000000,0.00000000,0.00000000,0.80501793,0.00000000,2.44002248,0.00000000,0.82723588,0.00000000,0.00000000,0.00000000,1.27299398,0.00000000,0.00000000,0.00000000,2.16061146,0.00000000,2.58636389,1.08549728,1.86087795,0.00000000,0.00000000,1.23768388,3.78406193,1.18619034,0.00000000,1.24829587,2.18310023,1.14481294,1.60769774,0.00000000,2.25780279,0.00000000,1.53842865,0.00000000,2.25194784,0.00000000,0.00000000,0.97202699,1.40916830,0.00000000,1.77604680,0.90906755,0.00000000,0.00000000,2.14114812,0.00000000,0.00000000,0.00000000,0.00000000,0.00000000,0.00000000,0.00000000,0.00000000,0.00000000,0.00000000,0.00000000,0.00000000,0.00000000,0.00000000,0.00000000,2.73725329,0.00000000,0.00000000,0.00000000,0.00000000,0.00000000,1.19859327,0.00000000,1.46172886,0.00000000,0.96797462,1.10545186,0.93525300,0.00000000,1.56917740,0.00000000,1.23021574,0.00000000,0.00000000,0.00000000,3.44134832,1.82776380,1.90868479,1.72108807,1.61739055,0.00000000,3.22133583,1.40299583,2.19377163,1.60137729,2.66906374,3.41640094,1.83375836,1.26266903,1.81918016,2.29806162,0.00000000,1.22087182,1.84387940,1.11344201,1.74798072,2.68828884,0.00000000,0.00000000,0.00000000,5.70561195,0.00000000,0.00000000,0.00000000,1.72561161,2.32723267,2.50463351,0.00000000,3.06677223,2.82996380,0.00000000
1.52890020,0.00000000,1.62776809,0.00000000,0.00000000,0.00000000,2.67346186,0.00000000,1.17086107,0.00000000,2.14235848,0.00000000,0.00000000,0.00000000,0.00000000,0.00000000,0.00000000,0.00000000,0.00000000,0.00000000,5.02733272,0.00000000,0.00000000,0.00000000,0.00000000,0.00000000,0.00000000,0.00000000,0.00000000,0.00000000,0.00000000,0.00000000,0.00000000,0.00000000,0.00000000,0.00000000,3.00289000,0.00000000,0.00000000,0.00000000,0.00000000,0.00000000,0.00000000,0.00000000,0.00000000,0.00000000,0.00000000,0.00000000,0.00000000,0.00000000,0.00000000,0.00000000,0.00000000,0.00000000,0.00000000,0.00000000,0.00000000,0.00000000,0.00000000,0.00000000,0.00000000,0.00000000,0.00000000,0.00000000,2.21413296,0.00000000,0.00000000,0.00000000,0.00000000,0.00000000,1.61147070,0.00000000,0.00000000,0.00000000,1.21613230,0.00000000,0.00000000,0.00000000,0.00000000,0.00000000,0.00000000,0.00000000,0.00000000,0.00000000,0.00000000,3.70502968,0.00000000,0.00000000,0.00000000,0.00000000,1.78505341,0.00000000,0.00000000,0.00000000,0.00000000,0.00000000,1.48485279,0.00000000,1.81008255,0.00000000,1.15232385,1.53271652,2.00094438,2.25835601,0.00000000,0.00000000,0.00000000,1.75625008,0.00000000,0.00000000,0.10567347,0.00000000,0.00000000,0.00000000,0.00000000,0.00000000,0.00000000,0.00000000,1.69687431,0.00000000,2.20679889,0.00000000,0.00000000,0.00000000,3.88904826,1.05027311,2.46324336,1.25770083,5.50767443,2.00705571,0.00000000,1.48328828,0.00000000,1.75255815,2.79791185,1.59515361,1.31681493,1.45863616,1.45509272,0.00000000,1.41093229,1.41541597,2.66311250,1.29800822,1.52422434,0.00000000,1.68225327,1.64338794,1.40097842,1.09152380,1.71142055,0.00000000,0.00000000,0.00000000,1.47021946,0.00000000,3.44353472,0.00000000,0.00000000,0.00000000,6.91375185,0.00000000,2.07707009,3.68401407,0.00000000,0.00000000,0.00000000,0.00000000,3.47829173,0.00000000,0.00000000,0.00000000,0.00000000,0.00000000,1.49895904,0.00000000,1.42582532,0.00000000,1.05032136,0.00000000,1.05054229,1.41699006,0.99332604,0.00000000,1.08134491,0.00000000,1.38226756,0.00000000,0.00000000,0.00000000,0.00000000,0.00000000,0.00000000,0.00000000,0.00000000,0.00000000,0.00000000,0.00000000,0.00000000,0.00000000,0.00000000,0.00000000,3.27003710,0.00000000,0.00000000,0.00000000,0.00000000,0.00000000,4.58150650,0.00000000,2.52034033,2.31369402,5.89086279,0.00000000,5.97829867,3.04143531,1.86647651,0.00000000,2.31737086,0.00000000,0.00000000,0.00000000,0.00000000,0.00000000,0.00000000
0.00000000,1.99329011,0.00000000,0.00000000,0.00000000,2.44101939,0.00000000,0.00000000,0.00000000,2.98971413,0.00000000,2.19971709,0.00000000,0.00000000,0.00000000,1.74661479,0.00000000,0.00000000,0.00000000,0.00000000,0.00000000,0.00000000,0.00000000,0.00000000,0.00000000,0.00000000,0.00000000,0.00000000,0.00000000,0.00000000,0.00000000,0.00000000,0.00000000,0.00000000,0.00000000,0.00000000,0.00000000,0.00000000,0.00000000,0.00000000,0.00000000,0.00000000,0.00000000,0.00000000,0.00000000,0.00000000,0.00000000,0.00000000,0.00000000,0.00000000,0.00000000,0.00000000,0.00000000,0.00000000,0.00000000,0.00000000,0.00000000,0.00000000,0.00000000,0.00000000,0.00000000,0.00000000,0.00000000,0.00000000,0.00000000,3.66270544,0.00000000,3.34701506,0.00000000,0.00000000,0.00000000,0.00000000,0.00000000,0.00000000,0.00000000,0.00000000,0.00000000,0.00000000,0.00000000,0.00000000,0.00000000,1.62472966,0.00000000,0.00000000,0.00000000,0.00000000,0.00000000,0.00000000,0.00000000,0.72450823,0.00000000,2.52873943,0.00000000,0.00000000,0.00000000,1.60832152,0.00000000,3.44093089,0.00000000,2.38577057,0.00000000,1.61567621,0.00000000,0.00000000,0.00000000,0.00000000,0.00000000,0.00000000,0.00000000,0.00000000,0.00000000,1.04432274,0.00000000,2.35476654,0.00000000,0.00000000,0.00000000,0.00000000,0.00000000,1.20457795,0.00000000,2.45252800,0.00000000,2.28097127,1.28559178,0.00000000,0.94639630,1.69042192,1.45195913,0.00000000,1.26525663,3.07922681,1.31643523,0.00000000,0.00000000,1.77079560,1.36093924,1.63063667,1.28005077,1.92532444,1.68110231,1.09451214,3.42216046,2.21706904,0.00000000,2.54983332,1.08223487,0.94258414,1.17318078,2.01789584,1.15076641,2.14114812,0.00000000,0.00000000,0.00000000,0.00000000,0.00000000,0.00000000,2.67940244,0.00000000,0.97574510,0.00000000,0.00000000,0.00000000,0.00000000,0.00000000,0.00000000,0.00000000,0.00000000,4.46352665,0.00000000,0.00000000,0.00000000,0.00000000,0.00000000,1.09944845,0.00000000,1.43628708,0.00000000,1.19776254,1.23186471,0.85763210,0.00000000,1.57798155,4.93816588,0.87021286,0.00000000,0.00000000,0.00000000,0.00000000,0.00000000,2.76459440,0.00000000,0.00000000,0.00000000,0.00000000,0.00000000,7.34797612,0.00000000,0.00000000,0.00000000,0.00000000,0.00000000,0.00000000,0.00000000,0.00000000,0.00000000,0.00000000,0.00000000,1.82632842,0.00000000,0.00000000,0.00000000,0.00000000,6.68270272,0.00000000,0.00000000,0.00000000,2.10057276,0.00000000,2.49610400,0.00000000,4.42169247,2.95256509,0.00000000
0.00000000,0.00000000,0.00000000,0.00000000,0.00000000,0.00000000,0.00000000,0.00000000,0.00000000,0.00000000,0.00000000,0.00000000,0.00000000,0.00000000,0.00000000,0.00000000,1.86986515,0.00000000,0.00000000,0.00000000,0.00000000,0.00000000,2.07798515,0.00000000,1.79583369,0.00000000,2.97689382,0.00000000,0.00000000,0.00000000,0.00000000,0.00000000,0.00000000,0.00000000,0.00000000,0.00000000,1.94663328,0.00000000,4.05028513,0.00000000,0.00000000,0.00000000,0.00000000,0.00000000,7.24115643,0.00000000,0.00000000,0.00000000,1.12901271,0.00000000,0.00000000,0.00000000,0.90918661,0.00000000,1.57405499,0.00000000,1.04778990,2.76493261,1.94786003,0.98435071,1.47106504,0.00000000,1.98979837,0.00000000,4.29276613,1.76693104,3.53684321,1.07868867,0.00000000,0.00000000,0.00000000,0.00000000,0.00000000,0.00000000,0.00000000,0.00000000,0.00000000,0.00000000,0.00000000,0.00000000,5.54755609,0.00000000,0.00000000,0.00000000,0.00000000,0.00000000,0.00000000,0.00000000,0.00000000,0.00000000,0.00000000,0.00000000,0.00000000,0.00000000,0.00000000,0.00000000,0.00000000,0.00000000,0.00000000,0.00000000,0.00000000,0.00000000,0.00000000,0.00000000,0.00000000,0.00000000,0.00000000,0.00000000,0.00000000,0.00000000,0.00000000,0.00000000,0.00000000,0.00000000,0.00000000,0.00000000,0.00000000,0.00000000,0.00000000,0.00000000,0.00000000,0.00000000,0.00000000,0.00000000,5.37611572,0.00000000,0.00000000,0.00000000,1.45287308,0.00000000,0.00000000,0.00000000,0.00000000,0.00000000,0.00000000,0.00000000,4.24062041,0.00000000,1.54692111,0.00000000,1.84447906,0.00000000,2.16914310,0.00000000,3.92622124,0.00000000,0.00000000,0.00000000,0.91838519,0.00000000,2.66239776,0.00000000,1.47021946,0.00000000,0.00000000,2.96676552,2.85354360,0.00000000,2.04398026,2.12018953,2.31083807,1.83820206,1.14108015,0.00000000,0.00000000,0.00000000,1.39011547,0.00000000,2.65356006,0.00000000,1.10593783,0.00000000,0.00000000,0.00000000,0.00000000,0.00000000,0.00000000,0.00000000,0.00000000,0.00000000,1.69061207,4.15146329,0.00000000,0.00000000,2.60541815,2.50307446,0.00000000,0.00000000,0.00000000,0.00000000,0.00000000,0.00000000,0.00000000,0.00000000,0.00000000,0.00000000,0.00000000,0.00000000,0.00000000,0.00000000,0.00000000,0.00000000,0.00000000,0.00000000,0.00000000,0.00000000,0.00000000,0.00000000,3.66389575,0.00000000,1.17757081,1.46316175,0.93886841,0.94218585,1.74119378,0.00000000,1.06496337,2.45640571,0.00000000,0.00000000,0.00000000,0.00000000,0.00000000,0.00000000,0.00000000
0.00000000,2.46171880,0.00000000,0.00000000,0.00000000,0.00000000,0.00000000,2.30693758,2.21098508,6.41558407,0.00000000,0.00000000,0.00000000,0.00000000,0.00000000,0.00000000,0.00000000,1.30660604,0.00000000,2.58742574,0.00000000,1.65807638,0.00000000,1.81706922,0.00000000,2.10410087,0.00000000,0.00000000,0.00000000,2.24857339,0.00000000,0.00000000,0.00000000,1.73143656,0.00000000,0.00000000,0.00000000,0.00000000,0.00000000,2.25969391,0.00000000,0.00000000,0.00000000,0.00000000,0.00000000,1.20392145,0.00000000,0.00000000,0.00000000,0.00000000,0.00000000,0.00000000,2.70443362,1.10717173,2.64994960,2.45972571,0.00000000,2.66700673,1.32719848,3.40467006,0.00000000,2.50435253,0.00000000,1.54687150,0.00000000,0.00000000,1.43952169,4.44418171,0.00000000,0.00000000,0.00000000,0.00000000,0.00000000,0.00000000,0.00000000,0.00000000,0.00000000,0.00000000,0.00000000,0.00000000,0.00000000,2.01167259,0.00000000,0.00000000,0.00000000,0.00000000,0.00000000,0.00000000,0.00000000,0.00000000,0.00000000,0.00000000,0.00000000,0.00000000,0.00000000,2.39127045,0.00000000,0.00000000,0.00000000,0.00000000,0.00000000,0.00000000,0.00000000,0.00000000,0.00000000,0.00000000,0.00000000,0.00000000,0.00000000,0.00000000,0.00000000,0.00000000,0.00000000,0.00000000,0.00000000,0.00000000,0.00000000,0.00000000,0.00000000,0.00000000,0.00000000,0.00000000,0.00000000,0.00000000,0.00000000,0.00000000,0.00000000,0.00000000,0.00000000,4.84399524,0.00000000,4.14775612,0.00000000,4.79641445,0.00000000,0.00000000,0.00000000,4.38297851,0.00000000,3.66066433,0.00000000,0.00000000,0.00000000,3.27209303,0.00000000,2.72947263,0.00000000,0.00000000,0.00000000,0.00000000,0.00000000,0.00000000,0.00000000,0.00000000,2.96676552,0.00000000,0.00000000,2.03463363,0.00000000,3.79141263,1.74128209,5.14331303,0.00000000,1.35065652,0.00000000,0.00000000,0.00000000,2.46767866,0.00000000,1.63899248,0.00000000,0.89081296,0.00000000,1.77464726,0.00000000,3.65659598,0.00000000,0.00000000,0.00000000,0.00000000,1.47229646,1.46563160,0.00000000,0.00000000,1.38721281,5.07802405,0.00000000,0.00000000,0.00000000,0.00000000,0.00000000,0.00000000,0.00000000,0.00000000,0.00000000,0.00000000,0.00000000,0.00000000,0.00000000,0.00000000,0.00000000,0.00000000,0.00000000,0.00000000,0.00000000,0.00000000,0.00000000,0.00000000,0.00000000,0.00000000,0.00000000,0.00000000,0.00000000,0.00000000,1.91538273,0.00000000,0.00000000,0.00000000,1.16554805,1.90310967,0.93176887,1.33976008,0.00000000,1.65160386,0.00000000
0.00000000,0.00000000,0.00000000,0.00000000,0.00000000,0.00000000,0.00000000,0.00000000,0.00000000,0.00000000,0.00000000,0.00000000,0.00000000,0.00000000,0.00000000,0.00000000,0.00000000,0.00000000,0.00000000,0.00000000,0.00000000,0.00000000,0.00000000,0.00000000,0.00000000,0.00000000,0.00000000,0.00000000,0.00000000,0.00000000,0.00000000,0.00000000,2.75707616,0.00000000,0.00000000,0.00000000,1.71588287,0.00000000,2.09630271,0.00000000,0.00000000,0.00000000,0.00000000,0.00000000,0.00000000,0.00000000,0.00000000,0.00000000,2.43034864,0.00000000,0.00000000,0.00000000,1.35859286,0.00000000,1.85436992,0.00000000,1.69480779,4.20357785,1.24738733,1.04876230,1.14950374,0.00000000,1.49897872,0.00000000,0.00000000,0.00000000,0.00000000,1.12402684,0.00000000,0.00000000,2.13411184,0.00000000,2.75963241,0.00000000,0.00000000,0.00000000,0.00000000,0.00000000,2.65247317,0.00000000,0.00000000,0.00000000,0.00000000,0.00000000,0.00000000,0.00000000,0.00000000,0.00000000,0.00000000,0.00000000,0.00000000,0.00000000,0.00000000,0.00000000,0.00000000,0.00000000,3.32533405,0.00000000,0.00000000,0.00000000,0.00000000,0.00000000,0.00000000,0.00000000,0.00000000,0.00000000,0.00000000,0.00000000,0.00000000,0.00000000,0.00000000,0.00000000,0.00000000,0.00000000,0.00000000,0.00000000,0.00000000,0.00000000,0.00000000,0.00000000,2.17590918,0.00000000,0.00000000,0.00000000,0.00000000,0.00000000,0.00000000,0.00000000,2.84328145,0.00000000,0.00000000,0.00000000,0.00000000,0.00000000,0.00000000,0.00000000,0.00000000,0.00000000,1.27016940,0.00000000,1.65177559,0.00000000,3.73759345,0.00000000,1.22809276,0.00000000,0.00000000,0.00000000,2.19658567,0.00000000,0.00000000,0.00000000,3.44353472,0.00000000,2.85354360,0.00000000,0.00000000,0.00000000,5.29704109,2.24657761,3.70843352,0.95862926,1.37194695,0.00000000,0.00000000,0.00000000,1.55505839,0.00000000,2.08673127,0.00000000,0.81095543,0.00000000,0.00000000,0.00000000,0.00000000,0.00000000,0.00000000,0.00000000,0.00000000,0.00000000,1.85189367,0.00000000,0.00000000,0.00000000,0.00000000,0.00000000,0.00000000,0.00000000,0.00000000,0.00000000,0.00000000,0.00000000,0.00000000,0.00000000,0.00000000,0.00000000,0.00000000,0.00000000,0.00000000,0.00000000,0.00000000,0.00000000,0.00000000,0.00000000,0.00000000,0.00000000,0.00000000,0.00000000,0.00000000,0.00000000,2.45297383,2.97547008,1.29799519,1.19863581,2.41060361,0.00000000,1.49820861,0.00000000,0.00000000,0.00000000,0.00000000,0.00000000,0.00000000,0.00000000,0.00000000
0.00000000,1.90486089,0.00000000,2.56190874,0.00000000,0.00000000,0.00000000,1.82923489,0.00000000,2.13209406,0.00000000,0.00000000,0.00000000,0.00000000,0.00000000,1.90831285,0.00000000,0.00000000,0.00000000,0.00000000,0.00000000,0.00000000,0.00000000,0.00000000,0.00000000,0.00000000,0.00000000,0.00000000,0.00000000,0.00000000,0.00000000,0.00000000,0.00000000,3.61264050,0.00000000,2.39203693,0.00000000,1.84794147,0.00000000,2.11823630,0.00000000,0.00000000,0.00000000,0.00000000,0.00000000,0.00000000,0.00000000,0.00000000,0.00000000,0.00000000,0.00000000,0.00000000,0.00000000,1.29395796,0.00000000,0.00000000,0.00000000,0.00000000,0.00000000,3.12066689,0.00000000,1.02124750,0.00000000,1.25177069,1.99513373,3.31640463,0.00000000,0.00000000,0.00000000,0.00000000,0.00000000,0.00000000,0.00000000,0.00000000,0.00000000,0.00000000,0.00000000,0.00000000,0.00000000,0.00000000,0.00000000,0.00000000,0.00000000,0.00000000,0.00000000,1.55697266,0.00000000,0.00000000,0.00000000,0.00000000,0.00000000,0.00000000,0.00000000,0.00000000,0.00000000,0.00000000,0.00000000,0.00000000,0.00000000,0.00000000,0.00000000,0.00000000,0.00000000,0.00000000,0.00000000,0.00000000,0.00000000,0.00000000,0.00000000,0.00000000,0.00000000,0.00000000,0.00000000,0.00000000,0.00000000,0.00000000,0.00000000,0.00000000,0.00000000,0.00000000,0.00000000,2.16668555,0.00000000,0.00000000,0.00000000,0.00000000,0.00000000,0.00000000,0.00000000,0.00000000,0.00000000,0.00000000,0.00000000,0.00000000,0.00000000,0.00000000,0.00000000,0.00000000,0.00000000,2.42795267,0.00000000,1.57933587,0.00000000,0.00000000,0.00000000,1.18540006,0.00000000,0.00000000,0.00000000,0.00000000,0.00000000,0.00000000,0.00000000,0.00000000,0.00000000,2.03463363,0.00000000,0.00000000,0.00000000,1.32878656,2.15261602,4.16469201,0.00000000,1.88953039,0.00000000,3.91440542,0.00000000,1.81220166,0.00000000,2.25910420,0.00000000,0.93194606,0.00000000,1.57758474,0.00000000,0.00000000,0.00000000,0.00000000,0.00000000,0.00000000,0.00000000,0.00000000,0.00000000,0.00000000,0.00000000,0.00000000,0.00000000,0.00000000,0.00000000,0.00000000,0.00000000,0.00000000,0.00000000,0.00000000,0.00000000,0.00000000,0.00000000,0.00000000,0.00000000,0.00000000,0.00000000,0.00000000,0.00000000,0.00000000,0.00000000,0.00000000,0.00000000,0.00000000,0.00000000,0.00000000,0.00000000,0.00000000,0.00000000,0.00000000,2.10787513,0.00000000,0.00000000,0.00000000,1.86495037,2.42521353,1.37142132,0.00000000,0.00000000,2.35568191,0.00000000
0.00000000,0.00000000,0.00000000,0.00000000,0.00000000,0.00000000,0.00000000,0.00000000,0.00000000,0.00000000,0.00000000,0.00000000,0.00000000,0.00000000,0.00000000,0.00000000,1.63214871,0.00000000,0.00000000,0.00000000,0.00000000,0.00000000,0.00000000,0.00000000,1.72772347,0.00000000,4.61771769,0.00000000,0.00000000,0.00000000,0.00000000,0.00000000,0.00000000,0.00000000,0.00000000,0.00000000,0.00000000,0.00000000,2.35935733,0.00000000,0.00000000,0.00000000,2.37506585,0.00000000,0.00000000,0.00000000,0.00000000,0.00000000,0.00000000,0.00000000,0.00000000,0.00000000,1.28591103,0.00000000,2.22463899,0.00000000,1.49752483,0.00000000,4.18093673,2.37119220,3.16067637,0.00000000,2.05750697,0.00000000,2.11392101,1.59768892,0.00000000,0.00000000,0.99485052,0.00000000,0.00000000,0.00000000,0.00000000,0.00000000,0.00000000,0.00000000,0.00000000,0.00000000,0.00000000,0.00000000,0.00000000,0.00000000,0.00000000,0.00000000,0.00000000,0.00000000,0.00000000,0.00000000,0.00000000,0.00000000,0.00000000,0.00000000,0.00000000,0.00000000,0.00000000,0.00000000,2.00816384,0.00000000,0.00000000,0.00000000,0.00000000,0.00000000,2.58415695,0.00000000,0.00000000,0.00000000,0.00000000,0.00000000,0.00000000,0.00000000,0.00000000,0.00000000,0.00000000,0.00000000,0.00000000,0.00000000,0.00000000,0.00000000,0.00000000,0.00000000,0.00000000,0.00000000,0.00000000,0.00000000,3.87390920,0.00000000,0.00000000,0.00000000,1.54727793,0.00000000,2.79188481,0.00000000,3.15065723,0.00000000,0.00000000,0.00000000,4.51697949,0.00000000,1.51633758,2.82955361,2.79693059,3.73689082,2.66785031,0.00000000,2.27988929,3.62398329,0.00000000,0.00000000,2.09773466,0.00000000,0.00000000,0.00000000,0.00000000,2.67940244,2.04398026,0.00000000,5.29704109,0.00000000,0.00000000,1.85043379,1.32963588,0.00000000,1.22738347,0.00000000,0.00000000,0.00000000,0.00000000,0.00000000,2.08466975,0.00000000,1.57221336,0.00000000,0.00000000,0.00000000,0.00000000,2.10804437,0.00000000,0.00000000,0.00000000,0.00000000,0.00000000,0.00000000,0.00000000,0.00000000,1.69231729,0.00000000,0.00000000,0.00000000,0.00000000,0.00000000,0.00000000,0.00000000,0.00000000,0.00000000,0.00000000,0.00000000,0.00000000,0.00000000,0.00000000,0.00000000,0.00000000,0.00000000,0.00000000,0.00000000,0.00000000,0.00000000,0.00000000,0.00000000,0.00000000,0.00000000,1.39273645,1.69605570,1.31254774,0.00000000,2.49740859,0.00000000,1.20808814,0.00000000,0.00000000,0.00000000,3.91565026,0.00000000,0.00000000,0.00000000,0.00000000
0.00000000,2.81761575,0.00000000,1.77162327,0.00000000,0.00000000,0.00000000,1.68785716,0.00000000,4.33027576,0.00000000,0.00000000,0.00000000,0.00000000,0.00000000,0.00000000,0.00000000,1.08264794,0.00000000,0.00000000,0.00000000,1.08844990,0.00000000,1.39707024,0.00000000,2.27607362,0.00000000,0.00000000,0.00000000,1.40407163,0.00000000,1.43996060,0.00000000,0.00000000,0.00000000,0.00000000,0.00000000,0.00000000,0.00000000,2.11867811,0.00000000,0.00000000,0.00000000,0.00000000,0.00000000,0.00000000,0.00000000,0.00000000,0.00000000,0.00000000,0.00000000,0.95166512,0.00000000,1.14990399,0.00000000,2.57462993,1.34080145,2.13429501,1.38353551,2.59847669,0.00000000,1.22669066,0.00000000,1.29041837,1.27149512,5.31107910,1.20461765,3.27008700,0.00000000,0.00000000,0.00000000,3.94649823,0.00000000,0.00000000,0.00000000,0.00000000,0.00000000,0.00000000,0.00000000,0.00000000,0.00000000,0.00000000,0.00000000,0.00000000,0.00000000,0.00000000,0.00000000,0.00000000,0.00000000,0.00000000,0.00000000,0.00000000,0.00000000,0.00000000,0.00000000,0.00000000,0.00000000,0.00000000,0.00000000,0.00000000,0.00000000,0.00000000,0.00000000,0.00000000,0.00000000,0.00000000,0.00000000,0.00000000,0.00000000,0.00000000,0.00000000,0.00000000,0.00000000,0.00000000,0.00000000,0.00000000,0.00000000,0.00000000,0.00000000,0.00000000,0.00000000,0.00000000,0.00000000,0.00000000,0.00000000,0.00000000,0.00000000,0.00000000,1.86809959,2.19116765,1.87381510,2.72610558,0.00000000,3.21294120,0.00000000,0.00000000,0.00000000,2.79530127,1.69729615,1.53477003,2.14141370,1.68769779,0.00000000,1.82484509,1.94122102,2.29277085,0.00000000,0.00000000,0.00000000,0.00000000,0.00000000,0.00000000,0.00000000,0.00000000,2.12018953,3.79141263,2.24657761,1.32878656,1.85043379,0.00000000,1.41370808,3.23679023,0.00000000,1.27032052,0.00000000,0.00000000,0.00000000,0.00000000,0.00000000,2.88758819,0.00000000,1.27936417,0.00000000,2.17183460,0.00000000,4.28667051,0.00000000,0.00000000,0.00000000,0.00000000,1.63302928,1.31217152,0.00000000,0.00000000,2.07430163,4.13103635,0.00000000,0.00000000,0.00000000,0.00000000,0.00000000,0.00000000,0.00000000,0.00000000,0.00000000,0.00000000,0.00000000,0.00000000,0.00000000,0.00000000,0.00000000,0.00000000,0.00000000,0.00000000,0.00000000,0.00000000,0.00000000,0.00000000,0.00000000,0.00000000,10.91023424,0.00000000,0.00000000,0.00000000,2.08711633,0.00000000,0.00000000,0.00000000,1.84809370,1.86981470,1.03600666,1.10394983,0.00000000,1.32115279,0.00000000
0.00000000,0.00000000,1.94929715,0.00000000,2.78408589,0.00000000,2.07531800,0.00000000,2.92063344,0.00000000,0.00000000,0.00000000,0.00000000,0.00000000,0.00000000,0.00000000,3.85739709,2.27666864,0.00000000,0.00000000,0.00000000,0.00000000,0.00000000,0.00000000,3.43644398,0.00000000,0.00000000,0.00000000,0.00000000,0.00000000,0.00000000,0.00000000,0.00000000,0.00000000,0.00000000,0.00000000,0.00000000,0.00000000,0.00000000,0.00000000,0.00000000,0.00000000,0.00000000,0.00000000,0.00000000,0.00000000,0.00000000,0.00000000,1.86811275,0.00000000,0.00000000,0.00000000,2.42971304,0.00000000,2.41666060,0.00000000,1.31791342,0.00000000,2.02471608,1.56626396,0.00000000,0.00000000,0.00000000,0.00000000,1.63437387,1.05688318,2.75763988,1.67689645,0.00000000,0.00000000,2.38347700,0.00000000,0.00000000,0.00000000,0.00000000,0.00000000,0.00000000,0.00000000,0.00000000,0.00000000,0.00000000,0.00000000,0.00000000,0.00000000,0.00000000,0.00000000,0.00000000,0.00000000,0.00000000,0.00000000,0.00000000,0.00000000,0.00000000,0.00000000,0.00000000,0.00000000,0.00000000,0.00000000,0.00000000,0.00000000,0.00000000,0.00000000,0.00000000,0.00000000,0.00000000,0.00000000,0.00000000,0.00000000,0.00000000,0.00000000,0.00000000,0.00000000,0.00000000,0.00000000,0.00000000,0.00000000,0.00000000,0.00000000,0.00000000,0.00000000,1.95403717,0.00000000,0.00000000,0.00000000,2.40096290,0.00000000,3.21773610,0.00000000,2.65560814,0.00000000,3.67348629,0.00000000,3.71264714,0.00000000,0.00000000,0.00000000,0.00000000,0.00000000,2.21962143,1.25841194,0.00000000,1.29373712,0.00000000,0.00000000,1.76085899,1.24165827,0.00000000,0.00000000,2.02254188,1.33797847,5.81609849,0.00000000,6.91375185,0.97574510,2.31083807,1.74128209,3.70843352,2.15261602,1.32963588,1.41370808,0.00000000,1.37760004,1.20135057,0.00000000,0.00000000,0.00000000,1.83282595,0.00000000,1.75296993,0.00000000,1.34451145,0.00000000,1.85374919,0.00000000,0.00000000,1.29028041,0.00000000,0.00000000,0.00000000,0.00000000,1.19824601,1.44912341,0.00000000,0.00000000,1.65829166,0.00000000,0.00000000,0.00000000,0.00000000,0.00000000,0.00000000,0.00000000,0.00000000,0.00000000,0.00000000,0.00000000,0.00000000,0.00000000,0.00000000,0.00000000,0.00000000,0.00000000,0.00000000,0.00000000,0.00000000,0.00000000,0.00000000,0.00000000,0.00000000,0.00000000,1.00822344,1.23080785,1.19077523,1.16884890,1.69873678,0.00000000,0.97008267,1.26171941,2.03304545,3.46361727,0.00000000,0.00000000,0.00000000,0.00000000,0.00000000
0.00000000,2.08128464,0.00000000,0.00000000,0.00000000,0.00000000,0.00000000,1.78611943,0.00000000,2.12582443,0.00000000,0.00000000,0.00000000,0.00000000,0.00000000,0.00000000,0.00000000,2.06309371,0.00000000,0.00000000,2.36524647,0.00000000,0.00000000,0.00000000,0.00000000,2.66684301,0.00000000,0.00000000,0.00000000,0.00000000,0.00000000,0.00000000,0.00000000,0.00000000,0.00000000,0.00000000,0.00000000,0.00000000,0.00000000,0.00000000,0.00000000,0.00000000,0.00000000,0.00000000,0.00000000,0.00000000,0.00000000,0.00000000,0.00000000,0.00000000,0.00000000,0.00000000,0.00000000,0.00000000,0.00000000,2.64642544,0.00000000,2.36995482,1.16685359,1.18440901,0.00000000,0.00000000,0.00000000,0.00000000,1.37219180,1.47111376,0.00000000,1.25096300,0.00000000,0.00000000,2.30459435,2.08703139,0.00000000,0.00000000,0.00000000,2.10260097,0.00000000,0.00000000,0.00000000,2.24137066,0.00000000,0.00000000,0.00000000,0.00000000,0.00000000,0.00000000,0.00000000,0.00000000,0.00000000,0.00000000,0.00000000,0.00000000,0.00000000,2.24784872,0.00000000,0.00000000,0.00000000,0.00000000,0.00000000,0.00000000,0.00000000,0.00000000,0.00000000,0.00000000,0.00000000,0.00000000,0.00000000,0.00000000,0.00000000,0.00000000,0.00000000,0.00000000,0.00000000,0.00000000,0.00000000,0.00000000,0.00000000,0.00000000,0.00000000,0.00000000,0.00000000,0.00000000,0.00000000,0.00000000,0.00000000,2.44277285,0.00000000,2.07369282,0.00000000,2.32484399,0.00000000,1.71434040,0.00000000,2.01669056,0.00000000,0.00000000,3.33007402,0.00000000,1.31183084,2.11488285,0.00000000,0.00000000,0.00000000,0.00000000,1.39325978,2.42120861,0.00000000,0.00000000,0.00000000,3.79944680,0.00000000,0.00000000,0.00000000,0.00000000,1.83820206,5.14331303,0.95862926,4.16469201,0.00000000,3.23679023,1.37760004,0.00000000,0.00000000,2.00339375,0.00000000,0.00000000,0.00000000,0.00000000,2.28907260,2.12830877,0.00000000,1.94856834,0.00000000,0.00000000,0.00000000,3.17257008,0.00000000,0.00000000,0.00000000,0.00000000,1.85248328,1.38008123,0.00000000,0.00000000,1.38116422,1.99510566,0.00000000,0.00000000,0.00000000,0.00000000,0.00000000,0.00000000,0.00000000,0.00000000,0.00000000,0.00000000,0.00000000,0.00000000,0.00000000,0.00000000,0.00000000,0.00000000,0.00000000,0.00000000,0.00000000,0.00000000,0.00000000,0.00000000,0.00000000,2.29222182,1.70302235,1.42322752,0.00000000,0.00000000,2.03241214,0.00000000,0.00000000,0.00000000,1.18902092,0.00000000,1.27825459,1.26109925,3.34234915,1.05230319,0.00000000
0.00000000,0.00000000,0.00000000,0.00000000,0.00000000,0.00000000,1.57837758,0.00000000,3.53791505,0.00000000,0.00000000,0.00000000,0.00000000,0.00000000,0.00000000,0.00000000,0.00000000,0.00000000,0.00000000,0.00000000,1.88899922,0.00000000,0.00000000,0.00000000,0.00000000,0.00000000,0.00000000,0.00000000,0.00000000,0.00000000,0.00000000,0.00000000,0.00000000,0.00000000,0.00000000,0.00000000,1.60563242,0.00000000,0.00000000,0.00000000,0.00000000,0.00000000,0.00000000,0.00000000,3.12905083,0.00000000,0.00000000,0.00000000,2.06419492,0.00000000,2.58206817,0.00000000,2.01887079,0.00000000,1.97950934,0.00000000,0.00000000,0.00000000,2.34857390,0.00000000,2.27457197,0.00000000,2.62741927,0.00000000,0.00000000,0.00000000,0.00000000,0.00000000,2.97155526,0.00000000,1.65354408,0.00000000,1.12293831,0.00000000,1.46840334,0.00000000,0.00000000,0.00000000,1.93252794,0.00000000,1.63724176,0.00000000,0.00000000,0.00000000,0.00000000,0.00000000,1.78450797,0.00000000,0.00000000,0.00000000,0.00000000,0.00000000,1.44882697,0.00000000,2.97433069,2.65506457,0.00000000,0.00000000,1.49667391,0.00000000,0.00000000,0.00000000,0.00000000,0.00000000,0.00000000,0.00000000,0.00000000,0.00000000,0.00000000,0.00000000,0.00000000,0.00000000,0.00000000,0.00000000,0.00000000,0.00000000,0.00000000,0.00000000,0.00000000,0.00000000,2.29909533,0.00000000,0.00000000,0.00000000,1.45854737,0.00000000,0.00000000,0.00000000,1.21870990,0.00000000,1.62589420,0.00000000,1.83988067,0.00000000,2.12117055,0.00000000,0.00000000,0.00000000,1.65090118,3.92059524,1.35597949,0.00000000,2.45226606,0.00000000,1.36298621,0.00000000,0.00000000,0.00000000,2.04364674,0.00000000,2.33573760,0.00000000,2.07707009,0.00000000,1.14108015,0.00000000,1.37194695,0.00000000,1.22738347,0.00000000,1.20135057,0.00000000,0.00000000,0.00000000,3.24835914,0.00000000,3.69408979,0.00000000,3.14543174,0.00000000,2.75886310,0.00000000,3.81506176,0.00000000,0.00000000,0.00000000,0.00000000,0.00000000,0.00000000,0.00000000,0.00000000,0.00000000,0.00000000,0.00000000,2.76047474,0.00000000,0.00000000,0.00000000,0.00000000,0.00000000,0.00000000,0.00000000,0.00000000,0.00000000,0.00000000,0.00000000,0.00000000,0.00000000,0.00000000,0.00000000,2.29089201,0.00000000,0.00000000,0.00000000,0.00000000,0.00000000,0.00000000,0.00000000,1.65556895,0.00000000,1.40985898,2.11113234,1.11399104,1.80525656,4.25776648,0.00000000,1.61548186,2.02578834,0.00000000,0.00000000,0.00000000,0.00000000,0.00000000,0.00000000,0.00000000
0.00000000,0.00000000,0.00000000,0.00000000,0.00000000,0.00000000,1.35433385,0.00000000,3.67945526,3.09386936,0.00000000,0.00000000,0.00000000,0.00000000,0.00000000,0.00000000,0.00000000,0.00000000,0.00000000,0.00000000,0.00000000,0.00000000,0.00000000,2.33320721,0.00000000,1.87795152,0.00000000,0.00000000,0.00000000,0.00000000,0.00000000,0.00000000,0.00000000,0.00000000,0.00000000,0.00000000,0.00000000,0.00000000,0.00000000,0.00000000,0.00000000,0.00000000,0.00000000,2.44114215,0.00000000,0.00000000,0.00000000,0.00000000,0.00000000,0.00000000,0.00000000,1.81942430,0.00000000,0.00000000,0.00000000,0.00000000,0.00000000,0.00000000,0.00000000,0.00000000,0.00000000,0.00000000,0.00000000,0.00000000,0.00000000,0.00000000,0.00000000,0.00000000,0.00000000,0.00000000,0.00000000,2.43051333,0.00000000,1.86718033,0.00000000,2.20020422,0.00000000,0.00000000,0.00000000,1.95355156,0.00000000,1.16724069,0.00000000,1.38129838,0.00000000,1.18098755,0.00000000,2.64657808,0.00000000,0.00000000,0.00000000,0.00000000,0.00000000,0.00000000,0.00000000,0.00000000,0.00000000,0.00000000,0.00000000,0.00000000,0.00000000,1.52791968,0.00000000,0.00000000,0.00000000,0.00000000,0.00000000,0.00000000,0.00000000,0.00000000,0.00000000,0.00000000,0.00000000,0.00000000,0.00000000,0.00000000,0.00000000,0.00000000,0.00000000,0.00000000,0.00000000,1.81747294,0.00000000,1.59195239,0.00000000,1.28996930,0.00000000,0.00000000,1.01775334,1.17266300,2.04972611,1.49357287,0.00000000,1.36418432,0.00000000,1.71918235,1.62917402,2.12017511,0.00000000,2.49973068,0.00000000,1.49923584,0.00000000,1.66085975,0.00000000,0.97978462,0.00000000,0.00000000,1.30072903,1.63875607,0.00000000,0.00000000,3.68401407,0.00000000,0.00000000,1.35065652,0.00000000,1.88953039,0.00000000,1.27032052,0.00000000,2.00339375,0.00000000,0.00000000,0.00000000,0.00000000,0.00000000,1.79315555,0.00000000,1.62726239,0.00000000,1.11448436,0.00000000,1.12181192,0.00000000,2.32645780,0.00000000,0.00000000,0.00000000,5.03018615,0.00000000,1.08476593,0.00000000,0.00000000,0.00000000,0.00000000,0.00000000,0.00000000,0.00000000,0.97940805,0.00000000,0.00000000,0.00000000,0.00000000,0.00000000,0.00000000,0.00000000,0.00000000,0.00000000,1.62581121,0.00000000,1.63496669,0.00000000,0.00000000,0.00000000,0.00000000,0.00000000,0.00000000,0.00000000,3.19756948,14.96686763,2.82003970,0.00000000,0.00000000,6.36819931,0.00000000,0.00000000,0.00000000,2.27524003,3.28898611,0.81582939,1.72937231,0.00000000,0.00000000,1.61657208
1.63885855,0.00000000,1.90411498,0.00000000,1.00208675,0.00000000,1.77647022,0.00000000,2.22790761,0.00000000,0.97763173,0.00000000,1.42256022,0.00000000,2.52220024,0.00000000,2.65859973,0.00000000,2.99994490,0.00000000,8.59064638,0.00000000,0.00000000,0.00000000,4.70817129,0.00000000,0.86491958,0.00000000,0.00000000,0.00000000,0.00000000,0.00000000,0.00000000,0.00000000,1.04501897,0.00000000,3.97378271,0.00000000,0.00000000,0.00000000,0.00000000,0.00000000,1.01840456,0.00000000,0.92525074,0.00000000,0.00000000,0.00000000,1.95459909,1.58272778,1.01861751,0.00000000,0.00000000,0.00000000,2.95318739,0.00000000,0.00000000,0.00000000,0.00000000,0.00000000,0.00000000,0.00000000,0.00000000,0.00000000,0.00000000,0.00000000,0.00000000,0.00000000,1.68152370,0.00000000,0.00000000,0.00000000,0.00000000,0.00000000,0.00000000,0.00000000,1.68768833,0.00000000,2.77693267,0.00000000,0.00000000,0.00000000,1.35183746,0.00000000,0.00000000,0.00000000,1.71697559,0.00000000,0.00000000,0.00000000,0.00000000,0.00000000,2.09549891,0.00000000,1.88837427,0.00000000,0.00000000,0.00000000,0.00000000,0.00000000,0.00000000,0.00000000,1.88377768,0.00000000,0.00000000,0.00000000,0.00000000,0.00000000,0.00000000,0.00000000,0.00000000,0.00000000,0.00000000,0.00000000,0.00000000,0.00000000,0.00000000,0.00000000,0.00000000,0.00000000,0.00000000,0.00000000,0.00000000,0.00000000,0.00000000,0.00000000,0.00000000,0.00000000,0.00000000,1.71033017,0.00000000,0.00000000,0.00000000,0.00000000,0.00000000,0.00000000,0.00000000,0.00000000,0.00000000,0.00000000,0.00000000,0.00000000,0.00000000,0.00000000,0.00000000,0.00000000,0.00000000,0.00000000,0.00000000,0.00000000,3.98752537,0.00000000,0.00000000,0.00000000,0.00000000,0.00000000,0.00000000,0.00000000,0.00000000,0.00000000,0.00000000,0.00000000,3.24835914,0.00000000,0.00000000,0.00000000,4.94275253,0.00000000,0.89427863,0.00000000,6.10887206,0.00000000,5.32209735,0.00000000,0.00000000,0.00000000,0.00000000,0.00000000,2.61242384,0.00000000,0.00000000,0.00000000,0.00000000,0.00000000,0.00000000,0.00000000,0.00000000,0.00000000,0.00000000,0.00000000,0.00000000,0.00000000,0.00000000,0.00000000,0.00000000,0.00000000,0.00000000,0.00000000,0.85027527,0.00000000,0.00000000,0.00000000,0.00000000,0.00000000,0.00000000,0.00000000,0.00000000,0.00000000,0.00000000,0.00000000,0.00000000,4.17313120,1.54286735,2.69471337,0.00000000,0.00000000,0.00000000,1.39300117,0.00000000,0.77480553,0.00000000,0.00000000,0.00000000,0.00000000,0.00000000
0.00000000,2.76736675,0.00000000,2.39605276,0.00000000,1.07432963,0.00000000,1.51884408,0.00000000,2.87723244,0.00000000,1.37735879,0.00000000,1.48111229,0.00000000,5.71130785,0.00000000,0.00000000,0.00000000,3.63981995,0.00000000,3.04193832,0.00000000,10.43442673,0.00000000,0.00000000,0.00000000,2.31231095,0.00000000,3.00608890,0.00000000,4.84068122,0.00000000,0.00000000,0.00000000,1.37695593,0.00000000,3.60363020,0.00000000,0.00000000,0.00000000,0.00000000,0.00000000,1.16771067,0.00000000,0.91015364,0.00000000,0.00000000,0.00000000,1.92468672,0.00000000,1.34937750,0.00000000,0.00000000,0.00000000,2.41085957,0.00000000,2.03060143,0.00000000,0.00000000,0.00000000,0.00000000,0.00000000,0.00000000,0.00000000,0.00000000,0.00000000,0.00000000,0.00000000,1.95188577,0.00000000,0.00000000,0.00000000,3.15953050,0.00000000,0.00000000,0.00000000,1.53364810,0.00000000,0.00000000,0.00000000,0.00000000,0.00000000,1.35697193,0.00000000,4.03005891,0.00000000,2.39008585,0.00000000,2.10399885,0.00000000,2.46245274,0.00000000,1.83791267,0.00000000,1.23544695,0.00000000,0.00000000,0.00000000,2.96126904,0.00000000,0.00000000,0.00000000,2.40949112,0.00000000,0.00000000,0.00000000,0.00000000,0.00000000,0.00000000,0.00000000,0.00000000,0.00000000,0.00000000,0.00000000,0.00000000,0.00000000,0.00000000,0.00000000,0.00000000,0.00000000,0.00000000,0.00000000,0.00000000,0.00000000,0.00000000,0.00000000,0.00000000,0.00000000,0.00000000,0.00000000,0.00000000,0.00000000,0.00000000,0.00000000,0.00000000,0.00000000,0.00000000,0.00000000,0.00000000,0.00000000,0.00000000,0.00000000,0.00000000,0.00000000,0.00000000,0.00000000,0.00000000,0.00000000,0.00000000,0.00000000,0.00000000,0.00000000,0.00000000,0.00000000,0.00000000,0.00000000,3.91440542,0.00000000,0.00000000,0.00000000,0.00000000,0.00000000,0.00000000,0.00000000,0.00000000,0.00000000,6.32079401,0.00000000,1.08927081,0.00000000,5.47242624,0.00000000,5.68021268,0.00000000,0.00000000,4.96774820,1.93259736,0.00000000,0.00000000,0.00000000,0.00000000,0.00000000,0.00000000,0.00000000,0.00000000,0.00000000,1.55458217,0.00000000,0.00000000,0.00000000,0.00000000,0.00000000,0.00000000,0.00000000,0.00000000,0.00000000,0.00000000,0.00000000,0.00000000,0.00000000,0.00000000,0.00000000,0.00000000,0.00000000,0.00000000,0.00000000,0.00000000,0.00000000,0.00000000,0.00000000,0.00000000,0.00000000,0.00000000,2.27736813,0.00000000,0.00000000,0.00000000,0.00000000,2.38004297,2.55196419,0.00000000,0.00000000,0.00000000,0.00000000
0.00000000,0.00000000,1.48885755,0.00000000,0.73971541,0.00000000,0.00000000,0.00000000,2.87573269,0.00000000,1.12908519,0.00000000,2.11861412,0.00000000,1.13580669,0.00000000,0.00000000,0.00000000,1.25465318,0.00000000,1.17706855,0.00000000,1.72503989,0.00000000,2.62531630,0.00000000,1.29381653,0.00000000,0.00000000,0.00000000,1.59132487,0.00000000,1.44101787,0.00000000,1.18633737,0.00000000,1.48581006,0.00000000,2.04144286,0.00000000,0.00000000,0.00000000,1.19757193,0.00000000,2.26018420,0.00000000,0.00000000,0.00000000,2.32283896,0.00000000,1.35197085,0.00000000,0.00000000,0.00000000,0.00000000,0.00000000,1.92625879,0.00000000,0.00000000,0.00000000,0.00000000,0.00000000,0.00000000,0.00000000,0.00000000,0.00000000,0.00000000,0.00000000,0.00000000,0.00000000,1.58850123,0.00000000,0.00000000,0.00000000,1.59195387,0.00000000,0.00000000,0.00000000,0.00000000,0.00000000,0.00000000,0.00000000,0.00000000,0.00000000,0.00000000,0.00000000,0.00000000,0.00000000,0.00000000,0.00000000,0.00000000,0.00000000,0.00000000,0.00000000,0.00000000,0.00000000,0.00000000,0.00000000,0.00000000,0.00000000,0.00000000,0.00000000,0.00000000,0.00000000,0.00000000,0.00000000,0.00000000,0.00000000,0.00000000,0.00000000,0.00000000,0.00000000,0.00000000,0.00000000,0.00000000,0.00000000,0.00000000,0.00000000,0.00000000,0.00000000,0.00000000,0.00000000,0.00000000,0.00000000,0.00000000,0.00000000,0.00000000,0.00000000,0.00000000,0.00000000,0.00000000,0.00000000,0.00000000,0.00000000,2.39877826,0.00000000,0.00000000,0.00000000,0.00000000,0.00000000,0.00000000,0.00000000,0.00000000,0.00000000,0.00000000,0.00000000,0.00000000,0.00000000,0.00000000,0.00000000,0.00000000,0.00000000,0.00000000,0.00000000,1.39011547,0.00000000,1.55505839,0.00000000,0.00000000,0.00000000,1.83282595,0.00000000,3.69408979,0.00000000,4.94275253,0.00000000,0.00000000,0.00000000,2.11167576,0.00000000,1.27139080,0.00000000,2.52478429,0.00000000,0.00000000,0.00000000,0.00000000,0.00000000,1.66369675,0.00000000,0.00000000,0.00000000,2.01133164,0.00000000,0.00000000,0.00000000,0.00000000,0.00000000,0.00000000,0.00000000,0.00000000,0.00000000,0.00000000,0.00000000,0.00000000,0.00000000,0.00000000,0.00000000,0.00000000,0.00000000,0.00000000,0.00000000,0.00000000,0.00000000,0.00000000,0.00000000,0.00000000,0.00000000,0.00000000,0.00000000,2.64806618,3.01390512,1.63267263,2.00449410,1.85993033,0.00000000,3.30775388,2.31899609,0.00000000,5.20369869,0.00000000,0.00000000,0.00000000,0.00000000,0.00000000
0.00000000,1.30246592,0.00000000,1.06041480,0.00000000,1.04206918,0.00000000,1.73448212,0.00000000,0.00000000,0.00000000,1.01641203,0.00000000,5.86560742,0.00000000,2.43531528,0.00000000,3.06241631,0.00000000,0.00000000,0.00000000,1.51092165,0.00000000,2.53394487,0.00000000,0.00000000,0.00000000,0.00000000,0.00000000,3.57943467,0.00000000,1.56776283,0.00000000,1.35437628,0.00000000,1.33699522,0.00000000,1.24697804,0.00000000,1.93324164,0.00000000,0.00000000,0.00000000,1.32170807,0.00000000,2.29219285,0.00000000,0.00000000,0.00000000,4.83802543,0.00000000,1.40558022,0.00000000,0.00000000,0.00000000,0.00000000,0.00000000,2.11585270,0.00000000,0.00000000,0.00000000,0.00000000,0.00000000,0.00000000,0.00000000,0.00000000,0.00000000,0.00000000,0.00000000,0.00000000,0.00000000,0.00000000,0.00000000,0.00000000,0.00000000,0.00000000,0.00000000,0.00000000,0.00000000,0.00000000,0.00000000,0.91310836,0.00000000,0.00000000,0.00000000,1.82550334,0.00000000,0.00000000,0.00000000,0.00000000,0.00000000,0.00000000,0.00000000,0.00000000,0.00000000,0.00000000,0.00000000,0.00000000,0.00000000,0.00000000,0.00000000,0.00000000,0.00000000,0.00000000,0.00000000,0.00000000,0.00000000,0.00000000,0.00000000,0.00000000,0.00000000,0.00000000,0.00000000,0.00000000,0.00000000,0.00000000,0.00000000,0.00000000,0.00000000,0.00000000,0.00000000,1.11542873,0.00000000,0.00000000,0.00000000,0.00000000,0.00000000,0.00000000,0.00000000,0.00000000,0.00000000,0.00000000,0.00000000,0.00000000,0.00000000,0.00000000,0.00000000,0.00000000,0.00000000,0.00000000,0.00000000,0.00000000,0.00000000,1.44723599,0.00000000,1.78719891,0.00000000,0.00000000,0.00000000,0.00000000,0.00000000,0.00000000,0.00000000,0.00000000,0.00000000,2.46767866,0.00000000,1.81220166,0.00000000,0.00000000,0.00000000,0.00000000,0.00000000,1.79315555,0.00000000,6.32079401,0.00000000,0.00000000,0.00000000,8.15483567,0.00000000,2.03615953,0.00000000,1.13051227,0.00000000,0.00000000,0.00000000,0.00000000,0.00000000,1.35673147,0.00000000,0.00000000,0.00000000,0.00000000,0.00000000,0.00000000,0.00000000,0.00000000,0.00000000,0.00000000,0.00000000,0.00000000,0.00000000,0.00000000,0.00000000,0.00000000,0.00000000,0.00000000,0.00000000,0.00000000,0.00000000,0.00000000,0.00000000,0.00000000,0.00000000,0.00000000,0.00000000,0.00000000,0.00000000,0.00000000,0.00000000,0.00000000,0.00000000,0.00000000,0.00000000,0.00000000,0.00000000,0.00000000,0.00000000,2.92301357,2.79649021,0.00000000,0.00000000,0.00000000,0.00000000
2.23762196,0.00000000,1.44175177,0.00000000,1.60383525,0.00000000,2.63250120,0.00000000,2.17153253,2.95034170,2.05780389,0.00000000,0.00000000,0.00000000,1.69576991,0.00000000,0.00000000,0.00000000,0.00000000,0.00000000,1.31700521,0.00000000,0.00000000,0.00000000,1.71326399,0.00000000,0.00000000,0.00000000,0.00000000,0.00000000,0.00000000,0.00000000,0.00000000,0.00000000,4.58317825,0.00000000,1.80702478,0.00000000,0.00000000,0.00000000,0.00000000,0.00000000,1.23955374,0.00000000,5.99066830,0.00000000,0.00000000,0.00000000,3.87599172,0.00000000,1.46897924,0.00000000,5.71048498,0.00000000,3.96827084,1.45401364,2.66242282,0.00000000,1.86458109,0.00000000,2.06574964,0.00000000,0.00000000,0.00000000,0.00000000,0.00000000,5.36607434,0.00000000,1.04090327,0.00000000,1.52074344,0.00000000,2.73642549,0.00000000,2.11138480,0.00000000,1.03484139,0.00000000,1.30833601,0.00000000,3.66357340,0.00000000,1.18945305,0.00000000,2.25332080,0.00000000,1.31274988,0.00000000,0.00000000,0.00000000,0.00000000,0.00000000,1.07544356,0.00000000,1.14987184,0.00000000,3.08709783,0.00000000,4.71923651,0.00000000,3.92031633,0.00000000,1.67148360,0.00000000,0.00000000,0.00000000,2.25790029,0.00000000,0.00000000,0.00000000,0.00000000,0.00000000,0.00000000,0.00000000,0.00000000,0.00000000,0.00000000,0.00000000,0.00000000,0.00000000,0.00000000,0.00000000,1.65437305,0.00000000,0.00000000,0.00000000,1.14283045,0.00000000,2.54268985,0.00000000,0.00000000,0.00000000,0.00000000,0.00000000,1.43927810,0.00000000,1.79300635,0.00000000,0.00000000,0.00000000,1.98749419,2.77285372,2.42457413,0.00000000,1.64989639,2.49534239,0.00000000,0.00000000,0.00000000,0.00000000,4.03929043,0.00000000,3.47829173,0.00000000,2.65356006,0.00000000,2.08673127,0.00000000,2.08466975,0.00000000,1.75296993,2.28907260,3.14543174,0.00000000,0.89427863,0.00000000,2.11167576,0.00000000,0.00000000,0.00000000,3.14062981,0.00000000,2.88778491,0.00000000,4.96198710,0.00000000,0.00000000,0.00000000,0.00000000,0.00000000,0.00000000,0.00000000,3.06048847,0.00000000,0.00000000,0.00000000,0.00000000,0.00000000,1.08909290,0.00000000,1.40740428,5.47852630,1.11788517,0.00000000,1.19988529,0.00000000,4.04913704,0.00000000,1.23895632,0.00000000,1.21246413,0.00000000,1.08199676,0.00000000,0.96196763,0.00000000,0.00000000,0.00000000,1.31224189,0.00000000,2.56831675,4.76862894,1.03320078,0.00000000,1.81426068,4.37772308,0.00000000,2.07782523,0.00000000,0.00000000,0.00000000,0.00000000,0.00000000,0.00000000,0.00000000
0.00000000,2.60150095,0.00000000,3.54393410,0.00000000,1.08235640,0.00000000,2.05981187,8.59024708,4.06369578,0.00000000,1.05042990,3.37795527,1.25950421,0.00000000,7.76441819,0.00000000,0.00000000,0.00000000,8.00011852,0.00000000,7.44234839,0.00000000,1.99409677,0.00000000,2.45825760,1.64757290,5.07509585,0.00000000,0.00000000,0.00000000,6.27204034,0.00000000,6.37884118,0.00000000,4.26960211,0.00000000,7.72703002,0.00000000,0.00000000,0.00000000,0.00000000,0.00000000,4.39436248,0.00000000,4.47918414,0.00000000,1.54194900,0.00000000,6.63455827,0.00000000,5.61743501,0.00000000,0.00000000,0.00000000,3.84031986,0.00000000,1.44909613,0.00000000,2.30871184,0.00000000,2.69302688,0.00000000,0.00000000,0.00000000,0.00000000,0.00000000,3.99861494,0.00000000,0.71769350,0.00000000,1.99363493,0.00000000,3.04510782,0.00000000,3.01784572,0.00000000,0.92209369,0.00000000,3.75683334,0.00000000,2.50957292,0.00000000,1.07585145,0.00000000,2.13725034,0.00000000,1.45170039,0.00000000,0.00000000,0.00000000,0.00000000,0.00000000,1.27823687,0.00000000,2.43299160,0.00000000,0.00000000,0.00000000,3.39398752,0.00000000,2.04359010,0.00000000,3.95605658,0.00000000,0.00000000,0.00000000,1.34838539,0.00000000,0.00000000,0.00000000,0.00000000,0.00000000,0.00000000,0.00000000,0.00000000,0.00000000,2.13215197,0.00000000,0.00000000,0.00000000,2.08832724,0.00000000,0.00000000,0.00000000,1.70628494,0.00000000,1.61600299,0.00000000,1.81591372,0.00000000,2.12752413,0.00000000,0.00000000,0.00000000,2.73658049,2.60724437,3.18613925,0.00000000,2.77758233,0.00000000,2.32172734,0.00000000,1.83257328,0.00000000,1.89377019,0.00000000,1.71226148,0.00000000,3.00421294,0.00000000,2.73725329,0.00000000,4.46352665,0.00000000,1.63899248,0.00000000,2.25910420,0.00000000,2.88758819,0.00000000,2.12830877,0.00000000,1.62726239,0.00000000,1.08927081,0.00000000,8.15483567,0.00000000,0.00000000,0.00000000,2.86835331,0.00000000,1.60974678,0.00000000,0.00000000,0.00000000,1.61835727,0.00000000,2.66124196,0.00000000,0.00000000,0.00000000,0.00000000,0.00000000,0.00000000,0.00000000,0.00000000,0.00000000,1.31950905,0.00000000,1.65427802,0.00000000,1.30349204,0.00000000,1.21394982,0.00000000,0.00000000,0.00000000,1.39534598,0.00000000,1.35501125,0.00000000,1.10495801,0.00000000,1.01425743,0.00000000,0.00000000,0.00000000,2.26034238,0.00000000,0.00000000,4.65982274,0.00000000,5.38980287,0.00000000,0.00000000,0.00000000,2.57582647,2.28537453,0.89255693,2.60732671,0.00000000,0.00000000,1.42618877
1.74924041,0.00000000,1.76903962,0.00000000,3.21652698,0.00000000,1.30076431,0.00000000,0.00000000,0.00000000,0.00000000,0.00000000,0.00000000,0.00000000,5.93336849,0.00000000,3.91213223,0.00000000,4.63903284,0.00000000,3.49971258,0.00000000,0.00000000,0.00000000,1.97996701,0.00000000,0.00000000,0.00000000,0.00000000,0.00000000,0.00000000,0.00000000,0.00000000,0.00000000,0.00000000,0.00000000,3.30196681,0.00000000,3.20708396,0.00000000,0.00000000,0.00000000,1.46524874,0.00000000,0.00000000,0.00000000,5.77649773,0.00000000,2.83537966,0.00000000,2.66918191,0.00000000,1.22366630,0.00000000,1.05064741,0.00000000,1.30043199,0.00000000,1.41506436,0.00000000,1.50717104,0.00000000,1.34990924,0.00000000,0.00000000,0.00000000,2.09100600,0.00000000,6.32165267,0.00000000,2.04155770,0.00000000,0.00000000,0.00000000,0.00000000,0.00000000,0.00000000,0.00000000,0.00000000,0.00000000,0.00000000,0.00000000,0.00000000,0.00000000,0.00000000,0.00000000,0.00000000,0.00000000,0.00000000,0.00000000,0.00000000,0.00000000,7.96051862,0.00000000,0.00000000,0.00000000,0.00000000,0.00000000,0.00000000,0.00000000,0.00000000,0.00000000,0.00000000,0.00000000,0.00000000,0.00000000,0.00000000,0.00000000,0.00000000,0.00000000,0.00000000,0.00000000,0.00000000,0.00000000,0.00000000,0.00000000,0.00000000,0.00000000,0.00000000,0.00000000,0.00000000,0.00000000,0.00000000,0.00000000,0.00000000,0.00000000,0.00000000,0.00000000,0.00000000,0.00000000,1.82343341,0.00000000,0.00000000,0.00000000,1.83182991,0.00000000,2.96037819,0.00000000,0.00000000,0.00000000,0.00000000,0.00000000,3.83490599,0.00000000,3.17362222,0.00000000,0.00000000,0.00000000,0.00000000,0.00000000,5.63408897,0.00000000,0.00000000,0.00000000,1.10593783,0.00000000,0.81095543,0.00000000,1.57221336,0.00000000,1.34451145,0.00000000,2.75886310,0.00000000,6.10887206,0.00000000,1.27139080,0.00000000,3.14062981,0.00000000,0.00000000,0.00000000,1.98990987,0.00000000,0.00000000,0.00000000,0.00000000,0.00000000,0.00000000,0.00000000,0.00000000,0.00000000,0.00000000,0.00000000,0.00000000,0.00000000,0.00000000,0.00000000,0.00000000,0.00000000,0.00000000,0.00000000,0.00000000,0.00000000,0.00000000,0.00000000,0.00000000,0.00000000,0.00000000,0.00000000,0.00000000,0.00000000,0.00000000,0.00000000,0.00000000,0.00000000,0.00000000,0.00000000,5.11460454,0.00000000,1.85719956,1.51518924,2.37486214,1.27395573,1.85934324,0.00000000,2.68370999,2.21129596,0.00000000,0.00000000,0.00000000,0.00000000,0.00000000,0.00000000,0.00000000
0.00000000,1.56213593,0.00000000,2.18526339,0.00000000,3.04264045,0.00000000,1.52390861,0.00000000,1.96221511,0.00000000,2.08654759,0.00000000,0.00000000,0.00000000,2.85129198,0.00000000,4.21677849,0.00000000,0.00000000,0.00000000,2.44617889,0.00000000,0.00000000,0.00000000,3.04490678,0.00000000,0.00000000,0.00000000,0.00000000,0.00000000,0.00000000,0.00000000,0.00000000,0.00000000,0.00000000,0.00000000,3.42387547,0.00000000,0.00000000,0.00000000,0.00000000,0.00000000,2.06117176,0.00000000,0.00000000,0.00000000,0.00000000,0.00000000,0.00000000,0.00000000,1.94069642,0.00000000,4.79764574,0.00000000,1.32751915,0.00000000,1.07120441,0.00000000,0.00000000,0.00000000,1.99424849,0.00000000,2.90531600,0.00000000,0.00000000,0.00000000,0.00000000,0.00000000,1.58044410,0.00000000,1.60493738,0.00000000,0.00000000,0.00000000,3.12661909,0.00000000,0.00000000,0.00000000,0.00000000,0.00000000,0.95197844,0.00000000,1.36170091,0.00000000,0.00000000,0.00000000,1.32396270,0.00000000,0.00000000,0.00000000,0.00000000,0.00000000,1.47267833,0.00000000,0.00000000,0.00000000,0.00000000,0.00000000,0.76067235,0.00000000,0.46647253,0.00000000,0.00000000,0.00000000,0.00000000,0.00000000,0.00000000,0.00000000,0.00000000,0.00000000,0.00000000,0.00000000,0.00000000,0.00000000,0.00000000,0.00000000,0.00000000,0.00000000,0.00000000,0.00000000,1.15263319,0.00000000,1.71989102,0.00000000,0.00000000,0.00000000,0.00000000,0.00000000,1.72912515,0.00000000,0.00000000,0.00000000,0.00000000,0.00000000,0.00000000,0.00000000,0.00000000,0.00000000,0.00000000,0.00000000,1.19984702,0.00000000,1.42310764,0.00000000,1.38415798,0.00000000,0.00000000,0.00000000,0.00000000,0.00000000,0.00000000,0.00000000,0.00000000,0.00000000,0.89081296,0.00000000,0.93194606,0.00000000,1.27936417,0.00000000,1.94856834,0.00000000,1.11448436,0.00000000,5.47242624,0.00000000,2.03615953,0.00000000,2.86835331,0.00000000,0.00000000,0.00000000,1.13785564,0.00000000,0.00000000,0.00000000,0.00000000,0.00000000,3.42509789,0.00000000,0.00000000,0.00000000,0.00000000,0.00000000,0.00000000,0.00000000,0.00000000,0.00000000,0.00000000,0.00000000,0.00000000,0.00000000,0.00000000,0.00000000,0.00000000,0.00000000,0.00000000,0.00000000,0.00000000,0.00000000,0.00000000,0.00000000,0.00000000,0.00000000,0.00000000,0.00000000,0.00000000,0.00000000,0.00000000,2.63704796,0.00000000,0.00000000,0.00000000,1.81828286,0.00000000,0.00000000,0.00000000,2.26919342,1.42914763,2.02875357,2.18516316,0.00000000,0.00000000,2.63340498
1.04526620,0.00000000,1.12901345,0.00000000,1.30065453,0.00000000,1.19944925,0.00000000,1.09710506,0.00000000,1.77771601,0.00000000,0.00000000,0.00000000,2.84160456,0.00000000,1.36103861,0.00000000,1.72642455,0.00000000,1.66250518,0.00000000,1.49935996,0.00000000,1.51430074,2.28827312,2.07499127,0.00000000,0.00000000,0.00000000,2.82752709,0.00000000,1.96014474,0.00000000,1.65828758,0.00000000,1.65125608,0.00000000,2.24886769,0.00000000,0.00000000,0.00000000,1.76933379,0.00000000,4.35937764,0.00000000,0.00000000,0.00000000,2.32192698,0.00000000,1.82036150,0.00000000,1.80889569,0.00000000,1.99235629,1.50860259,1.97249887,0.00000000,0.00000000,0.00000000,2.16164084,0.00000000,1.84429569,0.00000000,0.00000000,0.00000000,0.00000000,0.00000000,0.00000000,0.00000000,1.85524318,0.00000000,1.95201943,0.00000000,0.00000000,0.00000000,0.00000000,0.00000000,0.00000000,0.00000000,1.50439238,0.00000000,0.00000000,0.00000000,0.00000000,0.00000000,0.00000000,0.00000000,0.00000000,0.00000000,0.00000000,0.00000000,0.00000000,0.00000000,0.00000000,0.00000000,0.00000000,0.00000000,0.00000000,0.00000000,0.00000000,0.00000000,0.00000000,0.00000000,0.00000000,0.00000000,0.00000000,0.00000000,0.00000000,0.00000000,0.00000000,0.00000000,0.00000000,0.00000000,0.00000000,0.00000000,0.00000000,0.00000000,0.00000000,0.00000000,0.00000000,0.00000000,0.00000000,0.00000000,0.00000000,0.00000000,0.00000000,0.00000000,0.00000000,0.00000000,3.82834165,0.00000000,0.00000000,0.00000000,0.00000000,0.00000000,0.00000000,0.00000000,0.00000000,0.00000000,3.03052810,0.00000000,0.00000000,0.00000000,1.55070286,0.00000000,0.00000000,0.00000000,0.00000000,0.00000000,0.00000000,0.00000000,0.00000000,0.00000000,0.00000000,0.00000000,0.00000000,0.00000000,0.00000000,0.00000000,1.85374919,0.00000000,3.81506176,0.00000000,5.32209735,0.00000000,2.52478429,0.00000000,2.88778491,0.00000000,1.98990987,0.00000000,0.00000000,0.00000000,0.00000000,0.00000000,4.55501805,0.00000000,2.72726518,0.00000000,0.00000000,0.00000000,2.30852844,0.00000000,3.75238092,0.00000000,0.00000000,0.00000000,0.00000000,0.00000000,0.00000000,0.00000000,0.00000000,0.00000000,0.00000000,0.00000000,0.00000000,0.00000000,0.00000000,0.00000000,0.00000000,0.00000000,0.00000000,0.00000000,0.00000000,0.00000000,0.00000000,0.00000000,0.00000000,0.00000000,1.90511821,1.81384598,1.64645853,1.33526465,2.19988400,0.00000000,0.00000000,2.81758294,0.00000000,0.00000000,0.00000000,0.00000000,0.00000000,0.00000000,0.00000000
0.00000000,1.16540645,0.00000000,1.13698269,0.00000000,1.51016893,0.00000000,1.18529171,0.00000000,0.00000000,0.00000000,1.14347376,0.00000000,0.00000000,0.00000000,2.29867904,0.00000000,1.87500817,0.00000000,0.00000000,0.00000000,0.00000000,1.18799708,1.65901691,0.00000000,2.14896349,0.00000000,0.00000000,0.00000000,0.00000000,0.00000000,0.00000000,0.00000000,0.00000000,0.00000000,1.70286650,0.00000000,1.82825106,1.73456306,1.98367169,0.00000000,0.00000000,0.00000000,2.19609986,0.00000000,2.35591242,0.00000000,0.00000000,0.00000000,5.00770910,0.00000000,2.79335590,0.00000000,0.00000000,0.00000000,1.26065648,0.00000000,0.00000000,0.00000000,0.00000000,0.00000000,1.32060085,0.00000000,2.23269810,0.00000000,0.00000000,0.00000000,0.00000000,0.00000000,5.08739316,0.00000000,2.58416132,0.00000000,0.00000000,0.00000000,1.91810476,0.00000000,0.00000000,0.00000000,0.00000000,0.00000000,0.00000000,0.00000000,0.00000000,0.00000000,1.01964901,0.00000000,0.00000000,0.00000000,0.00000000,0.00000000,0.00000000,0.00000000,0.00000000,0.00000000,0.00000000,0.00000000,0.00000000,0.00000000,0.00000000,0.00000000,0.70928837,0.00000000,0.00000000,0.00000000,0.00000000,0.00000000,0.00000000,0.00000000,0.00000000,0.00000000,0.00000000,0.00000000,0.00000000,0.00000000,0.00000000,0.00000000,0.00000000,0.00000000,0.00000000,0.00000000,1.28863124,0.00000000,1.46863281,0.00000000,0.00000000,0.00000000,0.00000000,0.00000000,0.00000000,0.00000000,0.00000000,0.00000000,0.00000000,0.00000000,0.00000000,0.00000000,1.95632183,0.00000000,2.76009074,0.00000000,1.23859047,0.00000000,1.53439375,0.00000000,1.26809802,0.00000000,0.00000000,0.00000000,0.00000000,0.00000000,0.00000000,0.00000000,0.00000000,0.00000000,1.77464726,0.00000000,1.57758474,0.00000000,2.17183460,0.00000000,0.00000000,0.00000000,1.12181192,0.00000000,5.68021268,0.00000000,1.13051227,0.00000000,1.60974678,0.00000000,1.13785564,0.00000000,0.00000000,0.00000000,0.00000000,2.12192665,1.11042492,0.00000000,1.47626768,0.00000000,0.00000000,0.00000000,2.32617198,0.00000000,0.00000000,0.00000000,0.00000000,0.00000000,0.00000000,0.00000000,0.00000000,0.00000000,0.00000000,0.00000000,0.00000000,0.00000000,0.00000000,0.00000000,0.00000000,0.00000000,0.00000000,0.00000000,0.00000000,0.00000000,0.00000000,0.00000000,0.00000000,0.00000000,0.00000000,0.00000000,0.00000000,0.00000000,0.00000000,4.36389820,0.00000000,0.00000000,0.00000000,0.00000000,2.19213800,2.29319130,0.00000000,0.00000000,0.00000000,0.00000000
0.00000000,0.00000000,0.00000000,0.00000000,1.93127910,0.00000000,0.00000000,0.00000000,2.03506953,0.00000000,2.19921451,0.00000000,0.00000000,0.00000000,0.00000000,0.00000000,0.00000000,0.00000000,0.00000000,0.00000000,0.00000000,0.00000000,0.00000000,0.00000000,0.00000000,0.00000000,0.00000000,0.00000000,0.00000000,0.00000000,0.00000000,0.00000000,0.00000000,0.00000000,0.00000000,0.00000000,0.00000000,0.00000000,0.00000000,0.00000000,0.00000000,0.00000000,0.00000000,0.00000000,0.00000000,0.00000000,0.00000000,0.00000000,3.06510232,0.00000000,0.00000000,0.00000000,0.00000000,0.00000000,0.00000000,0.00000000,0.00000000,0.00000000,1.48731472,2.33028307,0.00000000,0.00000000,0.00000000,0.00000000,2.15888330,1.96163346,1.35572749,1.01692932,0.00000000,0.00000000,1.90667322,0.00000000,0.00000000,0.00000000,1.49320024,0.00000000,0.00000000,0.00000000,0.00000000,0.00000000,4.14019580,0.00000000,0.00000000,0.00000000,0.00000000,0.00000000,3.21952455,0.00000000,1.76937765,0.00000000,2.85369318,0.00000000,0.00000000,0.00000000,0.00000000,0.00000000,3.23942020,0.00000000,1.97591421,0.00000000,1.93633628,0.00000000,0.00000000,0.00000000,0.00000000,0.00000000,2.90767055,0.00000000,0.00000000,0.00000000,0.00000000,0.00000000,0.00000000,0.00000000,0.00000000,0.00000000,0.00000000,0.00000000,1.53351491,0.00000000,0.00000000,0.00000000,0.00000000,0.00000000,1.77844622,4.11468902,2.09300554,0.00000000,0.00000000,0.00000000,0.00000000,2.12096112,1.93040020,1.69147727,3.25205340,0.00000000,1.58178833,2.21025545,1.99225038,3.47576146,1.36190804,3.22630343,2.31519225,0.00000000,2.26649705,0.00000000,1.23016448,0.00000000,1.55014911,0.00000000,1.55076029,0.00000000,1.49895904,0.00000000,0.00000000,0.00000000,0.00000000,0.00000000,0.00000000,0.00000000,0.00000000,0.00000000,0.00000000,0.00000000,0.00000000,0.00000000,0.00000000,0.00000000,4.96198710,0.00000000,0.00000000,0.00000000,0.00000000,0.00000000,0.00000000,0.00000000,1.42466196,0.00000000,1.02408409,0.00000000,1.38827198,3.46002428,0.92291700,0.00000000,1.63795200,0.00000000,0.00000000,0.00000000,0.00000000,0.00000000,0.00000000,0.00000000,0.00000000,0.00000000,0.00000000,0.00000000,0.00000000,0.00000000,0.00000000,0.00000000,0.00000000,0.00000000,0.00000000,0.00000000,0.00000000,0.00000000,0.00000000,0.00000000,0.00000000,0.00000000,0.00000000,0.00000000,8.55342922,0.00000000,0.00000000,5.42292596,0.00000000,0.00000000,0.00000000,0.00000000,0.00000000,0.00000000,0.00000000,0.00000000,0.00000000
0.00000000,2.43383172,0.00000000,0.00000000,0.00000000,0.00000000,0.00000000,0.00000000,0.00000000,3.30273811,0.00000000,2.17298170,0.00000000,0.00000000,0.00000000,0.00000000,0.00000000,0.00000000,0.00000000,1.07601544,0.00000000,0.00000000,0.00000000,0.00000000,0.00000000,0.00000000,0.00000000,0.00000000,0.00000000,0.00000000,0.00000000,0.00000000,0.00000000,0.00000000,0.00000000,0.00000000,0.00000000,0.00000000,0.00000000,0.00000000,0.00000000,1.28794537,0.00000000,0.00000000,0.00000000,2.77944230,0.00000000,0.00000000,0.00000000,1.93051404,0.00000000,0.00000000,0.00000000,0.00000000,0.00000000,0.00000000,0.00000000,0.00000000,0.00000000,1.51949680,0.00000000,0.00000000,0.00000000,0.00000000,2.91908091,1.47893285,2.44321734,1.56579000,0.00000000,0.00000000,0.00000000,0.00000000,0.00000000,0.00000000,0.00000000,0.00000000,0.00000000,0.00000000,0.00000000,3.49404955,0.00000000,0.00000000,0.00000000,0.00000000,0.00000000,0.00000000,0.00000000,0.00000000,0.00000000,0.00000000,0.00000000,0.00000000,0.00000000,0.00000000,0.00000000,0.00000000,0.00000000,0.00000000,0.00000000,0.00000000,0.00000000,1.62380751,0.00000000,0.00000000,0.00000000,0.00000000,0.00000000,2.11814275,0.00000000,0.00000000,0.00000000,0.00000000,0.00000000,0.00000000,0.00000000,0.00000000,0.00000000,0.00000000,0.00000000,0.00000000,0.00000000,2.91719703,0.00000000,2.10574769,1.23545804,0.00000000,0.00000000,0.00000000,0.91943255,0.00000000,0.81840912,0.00000000,0.00000000,0.00000000,0.00000000,0.00000000,0.00000000,2.77535283,1.36234889,3.28963238,2.45809061,1.43288092,0.00000000,1.77709617,1.75464833,2.90240822,0.00000000,1.22795416,0.85056202,1.93737771,0.00000000,1.19859327,0.00000000,1.09944845,0.00000000,3.65659598,0.00000000,0.00000000,2.10804437,4.28667051,1.29028041,3.17257008,0.00000000,2.32645780,0.00000000,0.00000000,0.00000000,0.00000000,0.00000000,0.00000000,0.00000000,0.00000000,0.00000000,0.00000000,0.00000000,0.00000000,0.00000000,0.64628105,0.00000000,0.72905750,1.80118814,1.27974327,0.00000000,0.77664571,0.00000000,0.82194780,0.00000000,0.00000000,0.00000000,0.00000000,0.00000000,0.00000000,0.00000000,0.00000000,0.00000000,0.00000000,0.00000000,0.00000000,0.00000000,3.44843961,0.00000000,0.00000000,0.00000000,0.00000000,0.00000000,0.00000000,0.00000000,4.46592781,0.00000000,0.00000000,0.00000000,0.00000000,0.00000000,0.00000000,2.85881600,0.00000000,0.00000000,0.00000000,2.30811594,0.00000000,0.00000000,0.00000000,0.00000000,0.00000000,0.00000000
0.98288860,1.00099943,1.35280348,1.15965608,0.70006403,0.87299049,1.54037038,1.27483993,1.28519386,1.10666222,1.00637214,0.82409992,0.88663732,1.19820893,1.53664806,1.52067870,1.99466817,0.00000000,1.45482665,2.42785555,2.02860914,1.62437269,2.29650723,1.59262504,1.55412352,1.98756390,1.93244350,1.78674435,0.00000000,0.00000000,0.00000000,0.00000000,2.19349933,2.04125083,1.36467354,0.00000000,2.31639185,1.83032535,1.98915066,2.51872494,3.26976243,0.00000000,2.13876010,0.00000000,3.41096620,1.22018155,4.08266210,0.00000000,5.03861985,3.70792319,2.31096737,0.00000000,3.80022952,0.00000000,3.43894405,1.50163671,0.00000000,0.00000000,0.00000000,2.64971208,1.39150315,1.35855103,2.28969789,1.88669080,0.00000000,0.00000000,4.44822754,2.59599310,0.00000000,0.00000000,0.00000000,0.00000000,0.00000000,0.00000000,0.00000000,0.00000000,0.00000000,0.00000000,0.00000000,0.00000000,0.00000000,0.00000000,0.00000000,0.00000000,0.00000000,0.00000000,0.00000000,0.00000000,0.00000000,0.00000000,0.00000000,0.00000000,0.00000000,0.00000000,0.00000000,0.00000000,0.00000000,0.00000000,0.00000000,0.00000000,0.00000000,0.00000000,0.00000000,0.00000000,0.00000000,0.00000000,0.00000000,0.00000000,0.00000000,0.00000000,0.00000000,0.00000000,0.00000000,0.00000000,0.00000000,0.00000000,0.00000000,0.00000000,0.93721518,0.00000000,0.00000000,0.00000000,0.00000000,0.00000000,0.00000000,0.00000000,0.00000000,0.00000000,0.00000000,0.00000000,0.00000000,0.00000000,0.00000000,0.00000000,0.00000000,0.00000000,0.00000000,0.00000000,0.00000000,0.00000000,0.00000000,0.00000000,0.00000000,0.00000000,0.00000000,0.00000000,4.45181353,0.00000000,0.00000000,0.00000000,1.50868036,0.00000000,1.42582532,0.00000000,0.00000000,0.00000000,0.00000000,0.00000000,0.00000000,0.00000000,0.00000000,0.00000000,0.00000000,0.00000000,0.00000000,4.96774820,0.00000000,0.00000000,0.00000000,0.00000000,0.00000000,0.00000000,4.55501805,2.12192665,1.42466196,0.00000000,0.00000000,0.00000000,0.96264209,2.02393738,1.09486632,0.00000000,2.08400757,0.00000000,2.73468306,0.00000000,2.08513858,1.03468188,0.00000000,0.00000000,0.00000000,0.00000000,0.00000000,0.00000000,0.00000000,0.00000000,0.00000000,0.00000000,0.00000000,0.00000000,0.00000000,0.00000000,0.00000000,0.00000000,0.00000000,0.00000000,0.00000000,0.00000000,0.00000000,0.00000000,1.40621824,1.44140704,1.76539100,0.00000000,1.78997450,0.00000000,0.00000000,6.33339463,1.95491572,0.00000000,0.00000000,3.73771211,0.00000000,0.00000000,0.00000000
1.22286399,1.97457523,1.73508909,1.62117041,0.95158959,0.87700653,2.07475969,1.41536417,1.78587300,1.14170104,1.39190450,0.82369906,1.22216013,1.14740160,1.69166146,1.82799053,0.00000000,1.61846098,1.97523387,1.53340706,4.09852493,1.64472196,0.00000000,1.70016809,2.31845770,2.56255608,1.73977925,1.51813291,0.00000000,2.27690806,0.00000000,1.73272134,0.00000000,1.72420758,1.66501326,3.43424290,0.00000000,1.20458187,0.00000000,1.44281438,1.53775598,0.90553821,0.00000000,1.64090302,3.56784648,4.06640486,2.49950624,3.72112564,4.00614582,2.07632087,2.73942363,1.43782356,0.00000000,1.90449870,3.59109296,2.43202877,0.00000000,0.00000000,0.00000000,4.05356525,0.00000000,1.13655614,0.00000000,1.43200870,0.00000000,0.00000000,0.00000000,2.14696160,0.00000000,0.00000000,0.00000000,0.00000000,0.00000000,0.00000000,0.00000000,0.00000000,0.00000000,0.00000000,0.00000000,0.00000000,0.00000000,0.00000000,0.00000000,0.00000000,0.00000000,0.00000000,0.00000000,0.00000000,0.00000000,1.27290193,0.00000000,0.00000000,0.00000000,0.00000000,0.00000000,0.00000000,0.00000000,0.00000000,0.00000000,0.00000000,0.00000000,2.15612727,0.00000000,0.00000000,0.00000000,0.00000000,0.00000000,0.00000000,0.00000000,0.00000000,0.00000000,0.00000000,0.00000000,0.00000000,0.00000000,0.00000000,0.00000000,0.00000000,0.00000000,0.00000000,0.00000000,0.00000000,0.00000000,0.00000000,0.00000000,0.00000000,0.00000000,0.00000000,0.00000000,0.00000000,0.00000000,0.00000000,0.00000000,0.00000000,0.00000000,0.00000000,0.00000000,0.00000000,0.00000000,0.00000000,0.00000000,0.00000000,0.00000000,0.00000000,0.00000000,0.00000000,0.00000000,0.00000000,0.00000000,0.00000000,0.00000000,1.46172886,0.00000000,1.43628708,0.00000000,0.00000000,0.00000000,0.00000000,0.00000000,0.00000000,0.00000000,0.00000000,0.00000000,0.00000000,0.00000000,1.93259736,0.00000000,0.00000000,0.00000000,1.61835727,0.00000000,0.00000000,0.00000000,1.11042492,0.00000000,0.64628105,0.00000000,0.00000000,1.52915374,2.00954957,0.00000000,0.97633789,3.78130903,1.74118467,0.00000000,0.93347343,1.53794506,1.19237371,0.00000000,1.11301999,0.00000000,0.00000000,0.00000000,0.00000000,0.00000000,0.00000000,0.00000000,24.51230391,0.00000000,0.00000000,0.00000000,0.00000000,0.00000000,0.00000000,0.00000000,0.00000000,0.00000000,0.00000000,0.00000000,0.00000000,3.11220358,8.61186501,0.00000000,9.04843811,2.86905998,0.00000000,0.00000000,0.00000000,1.13808600,1.27866843,1.10712481,0.00000000,0.00000000,0.00000000,2.58562488
1.69406334,0.00000000,5.23530660,2.81178070,2.32550736,1.11290668,0.00000000,0.00000000,2.82136709,0.00000000,1.55659077,0.00000000,1.10722430,0.00000000,2.29240428,0.00000000,0.00000000,0.00000000,2.28111380,2.57367680,2.63832415,1.85602474,0.00000000,1.45628442,0.00000000,0.00000000,3.45791109,0.00000000,0.00000000,0.00000000,2.33390797,0.00000000,2.27939903,0.00000000,1.33424266,0.00000000,1.42136534,0.00000000,0.00000000,0.00000000,1.63894005,0.00000000,1.93684432,0.00000000,1.81263684,0.00000000,2.26368530,3.08920210,2.34862043,0.00000000,2.31732243,0.00000000,0.00000000,0.00000000,0.00000000,0.00000000,0.00000000,0.00000000,0.00000000,0.00000000,0.00000000,0.00000000,0.00000000,0.00000000,0.00000000,0.00000000,0.00000000,0.00000000,0.00000000,0.00000000,0.00000000,0.00000000,0.00000000,0.00000000,0.00000000,0.00000000,0.00000000,0.00000000,0.00000000,0.00000000,0.00000000,0.00000000,0.00000000,0.00000000,0.00000000,0.00000000,0.00000000,0.00000000,0.00000000,0.00000000,0.00000000,0.00000000,0.00000000,0.00000000,0.00000000,0.00000000,0.00000000,0.00000000,0.00000000,0.00000000,0.00000000,0.00000000,0.00000000,0.00000000,0.00000000,0.00000000,0.00000000,0.00000000,0.00000000,0.00000000,0.00000000,0.00000000,0.00000000,0.00000000,0.00000000,0.00000000,0.00000000,0.00000000,0.00000000,0.00000000,0.00000000,0.00000000,0.00000000,0.00000000,0.00000000,0.00000000,0.00000000,0.00000000,0.00000000,0.00000000,0.00000000,0.00000000,0.00000000,0.00000000,0.00000000,0.00000000,0.00000000,0.00000000,0.00000000,0.00000000,0.00000000,0.00000000,0.00000000,0.00000000,0.00000000,0.00000000,0.00000000,0.00000000,0.00000000,0.00000000,1.25902370,0.00000000,1.05032136,0.00000000,0.00000000,0.00000000,0.00000000,0.00000000,0.00000000,0.00000000,0.00000000,0.00000000,0.00000000,0.00000000,2.61242384,0.00000000,1.66369675,0.00000000,0.00000000,0.00000000,0.00000000,0.00000000,2.72726518,0.00000000,1.02408409,0.00000000,0.96264209,1.52915374,0.00000000,1.97989208,0.88748538,0.00000000,1.55145473,0.00000000,1.78293974,0.00000000,3.00586693,0.00000000,0.00000000,0.00000000,0.00000000,0.00000000,0.00000000,0.00000000,0.00000000,0.00000000,0.00000000,0.00000000,0.00000000,0.00000000,0.00000000,0.00000000,0.00000000,0.00000000,0.00000000,0.00000000,0.00000000,0.00000000,0.00000000,0.00000000,1.89988068,1.95778188,2.69810303,0.00000000,0.00000000,0.00000000,0.00000000,0.00000000,0.00000000,0.00000000,0.00000000,0.00000000,0.00000000,0.00000000,0.00000000
0.00000000,2.25910948,0.00000000,6.02044644,2.56454284,2.27139867,0.00000000,0.00000000,0.00000000,5.55028549,2.21456667,1.37861518,0.00000000,1.56574061,1.87246393,1.71745869,0.00000000,2.89876815,0.00000000,1.60197732,2.63584295,1.69489977,0.00000000,1.32912556,0.00000000,1.41748026,0.00000000,2.42670480,0.00000000,1.29321512,0.00000000,1.53301576,0.00000000,1.12707976,0.00000000,1.46793764,0.00000000,1.13029790,0.00000000,0.88691604,0.00000000,1.87615219,0.00000000,3.97575165,0.00000000,2.06357871,0.00000000,0.00000000,0.00000000,0.00000000,0.00000000,1.47136640,0.00000000,0.00000000,0.00000000,0.00000000,0.00000000,0.00000000,0.00000000,0.00000000,0.00000000,0.00000000,0.00000000,0.00000000,0.00000000,0.00000000,0.00000000,0.00000000,0.00000000,0.00000000,0.00000000,0.00000000,0.00000000,0.00000000,0.00000000,0.00000000,0.00000000,0.00000000,0.00000000,0.00000000,0.00000000,0.00000000,0.00000000,0.00000000,0.00000000,0.00000000,0.00000000,0.00000000,0.00000000,0.00000000,0.00000000,0.00000000,0.00000000,0.00000000,0.00000000,0.00000000,0.00000000,0.00000000,0.00000000,0.00000000,0.00000000,0.00000000,0.00000000,0.00000000,0.00000000,0.00000000,0.00000000,0.00000000,0.00000000,0.00000000,0.00000000,0.00000000,0.00000000,0.00000000,0.00000000,0.00000000,0.00000000,0.00000000,0.00000000,0.00000000,0.00000000,0.00000000,0.00000000,0.00000000,0.00000000,0.00000000,0.00000000,0.00000000,0.00000000,0.00000000,0.00000000,0.00000000,0.00000000,0.00000000,0.00000000,0.00000000,0.00000000,0.00000000,0.00000000,0.00000000,0.00000000,0.00000000,0.00000000,0.00000000,0.00000000,0.00000000,0.00000000,0.00000000,0.00000000,0.00000000,0.00000000,0.96797462,0.00000000,1.19776254,0.00000000,0.00000000,0.00000000,0.00000000,0.00000000,0.00000000,0.00000000,0.00000000,0.00000000,5.03018615,0.00000000,0.00000000,0.00000000,1.35673147,0.00000000,2.66124196,0.00000000,3.42509789,0.00000000,1.47626768,0.00000000,0.72905750,2.02393738,2.00954957,1.97989208,0.00000000,0.00000000,0.83071913,0.00000000,1.10121073,0.00000000,0.92723739,0.00000000,1.11883876,0.00000000,0.00000000,0.00000000,0.00000000,0.00000000,0.00000000,0.00000000,0.00000000,0.00000000,0.00000000,0.00000000,0.00000000,0.00000000,0.00000000,0.00000000,0.00000000,0.00000000,0.00000000,0.00000000,0.00000000,0.00000000,0.00000000,0.00000000,0.00000000,0.00000000,0.00000000,1.09308867,0.00000000,0.00000000,0.00000000,0.76270131,1.39135776,1.95311915,0.00000000,0.00000000,0.00000000,0.00000000
1.29991756,0.00000000,0.00000000,0.00000000,0.00000000,0.00000000,0.00000000,0.00000000,0.00000000,0.00000000,1.69039444,0.00000000,0.00000000,0.00000000,0.00000000,0.00000000,4.70231040,0.00000000,0.00000000,0.00000000,0.00000000,0.00000000,0.00000000,0.00000000,0.00000000,0.00000000,0.00000000,0.00000000,0.00000000,0.00000000,0.00000000,0.00000000,0.00000000,0.00000000,0.00000000,0.00000000,0.00000000,0.00000000,0.00000000,0.00000000,0.00000000,0.00000000,2.69733094,0.00000000,0.00000000,0.00000000,0.00000000,0.00000000,0.00000000,0.00000000,0.00000000,0.00000000,0.00000000,0.00000000,0.00000000,0.00000000,0.74699385,0.00000000,0.53307453,1.14749831,0.00000000,0.00000000,0.00000000,0.00000000,0.70449276,1.21122676,0.64908230,0.87264238,0.00000000,0.00000000,1.28371944,0.00000000,1.63283875,0.00000000,1.24307463,3.50432111,0.00000000,0.00000000,0.00000000,4.45464684,0.00000000,0.00000000,0.00000000,0.00000000,2.45289825,0.00000000,0.00000000,2.40913947,0.00000000,1.12922223,0.00000000,0.00000000,0.00000000,0.00000000,0.00000000,1.82108016,1.83477575,0.00000000,2.13586405,0.00000000,1.35885412,0.00000000,0.00000000,0.00000000,1.88635239,0.00000000,1.99605481,0.00000000,1.85506075,0.00000000,0.99445951,0.00000000,1.70852069,2.65354888,0.69797091,0.00000000,0.00000000,0.00000000,2.45341015,0.00000000,0.00000000,2.31664187,0.00000000,0.00000000,1.70975650,1.23473478,1.30984567,1.27739101,0.00000000,0.00000000,1.35961536,0.00000000,2.19190413,0.00000000,2.60086040,1.49036583,1.50210429,1.85017006,1.04198452,1.73131456,1.16663259,1.19619488,1.98754095,1.47604001,1.20194086,1.71172687,1.12650405,1.43353612,1.33305713,1.36321996,0.98485179,1.10545186,1.05054229,1.23186471,1.69061207,1.47229646,1.85189367,0.00000000,0.00000000,1.63302928,1.19824601,1.85248328,0.00000000,0.00000000,0.00000000,0.00000000,0.00000000,0.00000000,0.00000000,0.00000000,0.00000000,0.00000000,0.00000000,0.00000000,1.38827198,1.80118814,1.09486632,0.00000000,0.88748538,0.00000000,0.00000000,1.04389525,0.88275933,0.00000000,1.77852308,1.69241835,1.43409812,0.00000000,1.83323482,1.71166774,1.78141410,1.83580535,2.00193384,1.33601797,2.13201864,0.00000000,1.58877141,2.05881612,2.01531260,0.00000000,3.51042496,0.00000000,1.72823467,1.41634434,2.65755564,0.00000000,1.55713759,1.58129201,1.92441935,1.09259809,7.03201141,0.00000000,4.30171175,0.00000000,3.35082303,5.74840181,0.00000000,0.00000000,2.22209790,0.00000000,1.59856220,0.00000000,5.20469932,0.00000000,0.00000000
0.00000000,1.18638410,0.00000000,0.00000000,0.00000000,2.71490919,0.00000000,0.00000000,0.00000000,0.00000000,0.00000000,2.29129038,0.00000000,1.55802003,0.00000000,0.00000000,0.00000000,0.00000000,0.00000000,1.04821862,0.00000000,0.00000000,0.00000000,0.00000000,0.00000000,0.00000000,0.00000000,0.00000000,0.00000000,0.00000000,0.00000000,0.00000000,0.00000000,0.00000000,0.00000000,0.00000000,0.00000000,0.00000000,0.00000000,0.00000000,0.00000000,0.00000000,0.00000000,0.00000000,0.00000000,0.00000000,0.00000000,0.00000000,0.00000000,0.00000000,0.00000000,0.00000000,0.00000000,0.00000000,0.00000000,0.00000000,1.64347601,1.81341157,0.00000000,0.00000000,0.00000000,0.00000000,0.00000000,0.00000000,1.22518675,1.44294660,0.00000000,1.11701128,0.00000000,0.00000000,0.00000000,1.66297816,1.99107873,0.00000000,0.00000000,0.00000000,0.00000000,0.00000000,0.00000000,0.00000000,0.00000000,1.44951758,0.00000000,0.00000000,0.00000000,2.06076417,0.00000000,1.74570673,0.00000000,0.15391016,0.00000000,2.00890804,0.00000000,1.86027674,0.00000000,1.06520388,2.52195933,1.85929106,0.00000000,0.00000000,0.00000000,1.02602882,0.00000000,0.00000000,0.00000000,7.23495270,3.33391207,1.77250580,0.00000000,2.38478690,0.00000000,1.07918234,0.00000000,3.32803749,0.00000000,0.00000000,0.00000000,0.00000000,0.00000000,1.54524349,0.00000000,1.80469692,0.00000000,1.65264835,1.35274088,1.53383476,1.11226733,1.46724671,1.58370541,3.68368704,1.47757748,1.50584324,2.07343306,2.00868688,2.93012159,2.01207690,1.76910769,1.92468681,1.34488235,1.40813581,1.51107197,0.97213431,3.00218349,1.42382413,2.88019365,1.49677370,1.36958871,1.16395564,1.15043485,1.78319285,0.94913470,0.93525300,1.41699006,0.85763210,4.15146329,1.46563160,0.00000000,0.00000000,0.00000000,1.31217152,1.44912341,1.38008123,0.00000000,1.08476593,0.00000000,0.00000000,0.00000000,0.00000000,0.00000000,0.00000000,0.00000000,0.00000000,0.00000000,0.00000000,3.46002428,1.27974327,0.00000000,0.97633789,0.00000000,0.83071913,1.04389525,0.00000000,0.00000000,1.26969315,1.91499409,0.83687128,0.00000000,0.94645113,0.00000000,2.87174288,0.00000000,2.94255748,1.56221297,1.51993338,0.00000000,3.37859941,1.68744004,1.84872010,2.17756728,2.54869615,0.00000000,2.36964316,1.21025753,1.46784125,3.09077289,0.00000000,1.38603035,1.93651964,1.37043982,1.43596950,0.00000000,0.00000000,0.00000000,0.00000000,5.72034725,0.00000000,0.00000000,0.00000000,1.65562586,0.00000000,0.00000000,0.00000000,5.98741428,3.23563848,2.42123359
1.13041506,0.00000000,5.90963037,1.27393576,1.50949216,0.00000000,4.28170737,1.00807230,4.36678577,1.04542581,2.02940722,0.00000000,1.96600755,0.00000000,2.74616177,0.00000000,1.63277109,0.00000000,1.78648667,0.00000000,0.00000000,0.00000000,2.30190144,0.00000000,1.85247214,1.82019775,1.97099220,0.00000000,2.48849071,0.00000000,0.00000000,0.00000000,0.00000000,0.00000000,1.20243857,0.00000000,1.84776279,0.00000000,1.34713673,0.00000000,2.85102943,0.00000000,0.00000000,0.00000000,0.00000000,0.00000000,2.53514929,0.00000000,0.00000000,0.00000000,4.53707772,0.00000000,2.92668992,0.00000000,0.00000000,1.03434718,0.00000000,0.00000000,0.00000000,0.00000000,1.35638777,0.00000000,1.58864386,1.42443518,2.48109693,0.00000000,0.00000000,0.00000000,0.00000000,0.00000000,0.00000000,0.00000000,0.00000000,0.00000000,2.62951641,0.00000000,0.00000000,0.00000000,0.00000000,0.00000000,0.00000000,0.00000000,0.00000000,0.00000000,0.00000000,0.00000000,0.00000000,0.00000000,0.00000000,0.00000000,0.00000000,0.00000000,0.00000000,0.00000000,0.00000000,0.00000000,0.00000000,0.00000000,0.00000000,0.00000000,0.00000000,0.00000000,0.00000000,0.00000000,0.00000000,0.00000000,0.00000000,0.00000000,0.00000000,0.00000000,0.00000000,0.00000000,0.00000000,0.00000000,0.00000000,0.00000000,0.00000000,0.00000000,0.00000000,0.00000000,0.00000000,0.00000000,0.00000000,0.00000000,0.00000000,0.00000000,0.00000000,0.00000000,0.00000000,0.00000000,0.00000000,0.00000000,0.00000000,0.00000000,0.00000000,0.00000000,0.00000000,0.00000000,0.00000000,0.00000000,0.00000000,0.00000000,0.00000000,0.00000000,0.00000000,0.00000000,0.00000000,0.00000000,1.72101697,0.00000000,1.25595084,0.00000000,0.99332604,0.00000000,0.00000000,0.00000000,0.00000000,0.00000000,0.00000000,0.00000000,0.00000000,0.00000000,0.00000000,0.00000000,0.00000000,0.00000000,2.01133164,0.00000000,3.06048847,0.00000000,0.00000000,0.00000000,2.30852844,0.00000000,0.92291700,0.00000000,2.08400757,3.78130903,1.55145473,0.00000000,0.88275933,0.00000000,0.00000000,0.00000000,1.41576401,0.00000000,0.00000000,0.00000000,0.00000000,0.00000000,0.00000000,0.00000000,0.00000000,0.00000000,0.00000000,0.00000000,0.00000000,0.00000000,0.00000000,0.00000000,0.00000000,0.00000000,0.00000000,0.00000000,0.00000000,0.00000000,0.00000000,0.00000000,0.00000000,0.00000000,2.70936256,6.79520951,4.39959525,1.84868769,2.38651619,1.88451748,0.00000000,0.00000000,0.00000000,0.00000000,0.00000000,0.00000000,0.00000000,0.00000000,0.00000000
0.00000000,2.03301915,0.00000000,3.47799227,0.00000000,0.00000000,0.00000000,1.56251615,1.58771566,1.49329972,0.00000000,2.63830402,0.00000000,0.00000000,0.00000000,0.00000000,0.00000000,2.86176368,0.00000000,0.00000000,0.00000000,0.00000000,3.06919880,0.00000000,2.10078722,0.00000000,0.00000000,0.00000000,0.00000000,3.80441642,0.00000000,0.00000000,0.00000000,0.00000000,0.00000000,0.00000000,0.00000000,3.72370554,0.00000000,0.00000000,0.00000000,0.00000000,0.00000000,0.00000000,0.00000000,0.00000000,0.00000000,0.00000000,0.00000000,3.40569398,0.00000000,0.00000000,0.00000000,2.07553912,0.00000000,1.85040631,0.00000000,0.00000000,0.00000000,0.00000000,0.00000000,1.18529126,0.00000000,1.27197561,0.00000000,0.00000000,0.00000000,2.18158933,0.00000000,0.00000000,0.00000000,0.00000000,0.00000000,0.00000000,0.00000000,0.00000000,0.00000000,0.00000000,0.00000000,0.00000000,0.00000000,0.00000000,0.00000000,0.00000000,0.00000000,0.00000000,0.00000000,0.00000000,0.00000000,0.00000000,0.00000000,0.00000000,0.00000000,0.00000000,0.00000000,0.00000000,0.00000000,0.00000000,0.00000000,0.00000000,0.00000000,0.00000000,0.00000000,0.00000000,0.00000000,0.00000000,0.00000000,0.00000000,0.00000000,0.00000000,0.00000000,0.00000000,0.00000000,0.00000000,0.00000000,0.00000000,0.00000000,0.00000000,0.00000000,0.00000000,0.00000000,0.00000000,0.00000000,0.00000000,0.00000000,0.00000000,0.00000000,0.00000000,0.00000000,0.00000000,0.00000000,0.00000000,0.00000000,0.00000000,0.00000000,0.00000000,0.00000000,3.22256097,0.00000000,0.00000000,0.00000000,0.00000000,0.00000000,0.00000000,0.00000000,0.00000000,0.00000000,0.00000000,0.00000000,1.58717923,0.00000000,1.56917740,0.00000000,1.57798155,0.00000000,0.00000000,0.00000000,0.00000000,0.00000000,0.00000000,0.00000000,0.00000000,0.00000000,0.00000000,0.00000000,0.00000000,0.00000000,0.00000000,0.00000000,0.00000000,0.00000000,0.00000000,0.00000000,2.32617198,0.00000000,0.77664571,0.00000000,1.74118467,0.00000000,1.10121073,0.00000000,1.26969315,0.00000000,0.00000000,0.00000000,1.00665324,0.00000000,1.38471083,0.00000000,0.00000000,0.00000000,0.00000000,0.00000000,0.00000000,0.00000000,0.00000000,0.00000000,0.00000000,0.00000000,0.00000000,0.00000000,0.00000000,0.00000000,0.00000000,0.00000000,0.00000000,0.00000000,0.00000000,0.00000000,0.00000000,0.00000000,0.00000000,0.00000000,0.00000000,1.57206777,0.00000000,0.00000000,0.00000000,1.55272069,3.81724201,2.33803575,0.00000000,0.00000000,0.00000000,0.00000000
1.07691950,0.00000000,2.46793171,0.00000000,1.83121861,0.00000000,4.03397812,0.00000000,1.36290140,0.00000000,1.97252532,0.00000000,1.40273834,0.00000000,1.95858235,0.00000000,0.00000000,0.00000000,0.00000000,0.00000000,0.00000000,0.00000000,0.00000000,0.00000000,0.00000000,0.00000000,1.92153509,0.00000000,0.00000000,0.00000000,0.00000000,0.00000000,0.00000000,0.00000000,0.00000000,0.00000000,0.00000000,0.00000000,0.00000000,0.00000000,2.66635696,0.00000000,0.00000000,0.00000000,3.06265641,0.00000000,2.33925012,0.00000000,16.20431347,0.00000000,0.00000000,0.00000000,0.00000000,0.00000000,0.00000000,3.47367568,2.06993110,2.31934924,0.88202761,0.86107898,0.00000000,0.00000000,0.00000000,0.00000000,1.51682293,1.16030817,0.71180463,1.24638482,0.00000000,0.00000000,1.56383459,0.00000000,1.32657032,0.00000000,1.17709178,0.00000000,0.00000000,0.00000000,0.00000000,0.00000000,0.00000000,0.00000000,0.00000000,0.00000000,0.00000000,0.00000000,0.00000000,0.00000000,0.00000000,0.00000000,0.00000000,0.00000000,0.00000000,0.00000000,0.00000000,0.00000000,0.00000000,0.00000000,0.00000000,0.00000000,0.00000000,0.00000000,0.00000000,0.00000000,0.00000000,0.00000000,0.00000000,0.00000000,0.00000000,0.00000000,0.00000000,0.00000000,0.00000000,0.00000000,0.00000000,0.00000000,0.00000000,0.00000000,0.00000000,0.00000000,0.00000000,0.00000000,0.00000000,0.00000000,0.00000000,0.00000000,2.11304051,0.00000000,0.00000000,0.00000000,2.97497616,0.00000000,0.00000000,0.00000000,2.63534020,0.00000000,0.00000000,0.00000000,1.34284017,1.22043756,1.97241898,0.00000000,3.10715289,0.00000000,1.35314044,2.52990440,1.62202455,0.00000000,1.35901861,0.00000000,1.46029540,0.00000000,1.08134491,4.93816588,2.60541815,1.38721281,0.00000000,0.00000000,1.69231729,2.07430163,1.65829166,1.38116422,2.76047474,0.00000000,0.00000000,0.00000000,0.00000000,0.00000000,0.00000000,0.00000000,0.00000000,0.00000000,3.75238092,0.00000000,1.63795200,0.00000000,2.73468306,0.00000000,1.78293974,0.00000000,1.77852308,1.91499409,1.41576401,0.00000000,0.00000000,2.05330151,2.40548982,0.00000000,0.00000000,0.00000000,0.00000000,0.00000000,0.00000000,0.00000000,0.00000000,0.00000000,0.00000000,0.00000000,0.00000000,0.00000000,4.83030050,0.00000000,0.00000000,0.00000000,0.00000000,0.00000000,4.58038074,0.00000000,2.40944931,0.00000000,4.55092562,4.65225186,4.81085012,0.00000000,3.04586298,0.00000000,0.00000000,0.00000000,0.00000000,0.00000000,0.00000000,0.00000000,0.00000000,0.00000000,0.00000000
0.00000000,1.66484019,0.00000000,0.00000000,0.00000000,0.00000000,0.00000000,0.00000000,2.57092127,1.91003575,0.00000000,2.80943737,0.00000000,2.00632517,0.00000000,1.92766980,3.23935167,0.00000000,0.00000000,1.19241776,0.00000000,0.00000000,0.00000000,0.00000000,0.00000000,0.00000000,0.00000000,0.00000000,0.00000000,0.00000000,0.00000000,0.00000000,0.00000000,1.86616083,0.00000000,0.00000000,0.00000000,0.00000000,0.00000000,0.00000000,0.00000000,1.35653036,0.00000000,0.00000000,0.00000000,0.00000000,0.00000000,0.00000000,0.00000000,0.00000000,0.00000000,0.00000000,0.00000000,6.04720336,0.00000000,0.00000000,2.26721764,0.00000000,1.41670178,1.05603895,0.00000000,0.00000000,0.00000000,0.00000000,0.00000000,1.08709375,1.64946368,0.85695750,0.00000000,0.00000000,0.00000000,2.97086341,0.00000000,0.00000000,0.00000000,0.00000000,0.00000000,0.00000000,0.00000000,0.00000000,0.00000000,0.00000000,0.00000000,0.00000000,0.00000000,0.00000000,0.00000000,0.00000000,0.00000000,0.00000000,0.00000000,0.00000000,0.00000000,0.00000000,0.00000000,0.00000000,0.00000000,0.00000000,0.00000000,0.00000000,0.00000000,0.00000000,0.00000000,0.00000000,0.00000000,0.00000000,0.00000000,0.00000000,0.00000000,0.00000000,0.00000000,0.00000000,0.00000000,0.00000000,0.00000000,0.00000000,0.00000000,0.00000000,0.00000000,0.00000000,0.00000000,0.00000000,0.00000000,0.00000000,0.00000000,0.00000000,0.00000000,1.72654413,1.67156614,0.00000000,1.33828054,5.71381464,0.00000000,0.00000000,0.00000000,1.22958896,0.00000000,1.00100681,0.00000000,3.73927790,0.00000000,1.88473368,0.00000000,0.00000000,1.30007853,2.72944058,0.00000000,1.15443998,0.00000000,1.18809675,0.00000000,1.23021574,0.00000000,0.87021286,2.50307446,5.07802405,0.00000000,0.00000000,0.00000000,4.13103635,0.00000000,1.99510566,0.00000000,0.00000000,0.00000000,0.00000000,0.00000000,0.00000000,0.00000000,0.00000000,0.00000000,0.00000000,0.00000000,0.00000000,0.00000000,0.82194780,0.00000000,0.93347343,0.00000000,0.92723739,1.69241835,0.83687128,0.00000000,1.00665324,2.05330151,0.00000000,0.00000000,0.00000000,0.00000000,0.00000000,0.00000000,0.00000000,0.00000000,0.00000000,0.00000000,0.00000000,0.00000000,0.00000000,0.00000000,0.00000000,0.00000000,1.94373009,0.00000000,0.00000000,0.00000000,0.00000000,0.00000000,0.00000000,0.00000000,0.00000000,0.00000000,0.00000000,0.00000000,0.00000000,0.00000000,0.00000000,0.00000000,0.00000000,1.98789136,0.00000000,0.00000000,0.00000000,5.91959626,0.00000000,0.00000000
2.54646768,0.00000000,3.17751217,0.00000000,2.51299508,0.00000000,0.00000000,0.00000000,3.68496428,0.00000000,1.61431285,0.00000000,1.26335941,1.52228111,0.00000000,1.14250367,0.00000000,0.00000000,0.00000000,1.72588160,0.00000000,0.00000000,0.00000000,0.00000000,2.61524789,0.00000000,2.74126255,1.38437835,0.00000000,0.00000000,0.00000000,0.00000000,0.00000000,0.00000000,0.00000000,0.00000000,4.19812355,0.00000000,0.00000000,0.00000000,1.53589029,0.90564270,2.61568474,0.00000000,1.78913474,2.00574078,1.48140340,1.12395772,1.12692051,2.52298862,2.51609786,0.00000000,0.00000000,0.00000000,0.00000000,0.00000000,0.00000000,0.00000000,0.00000000,0.00000000,0.00000000,0.00000000,0.00000000,0.00000000,0.00000000,0.00000000,0.00000000,0.00000000,0.00000000,0.00000000,0.00000000,0.00000000,0.00000000,0.00000000,0.00000000,0.00000000,0.00000000,0.00000000,0.00000000,0.00000000,0.00000000,0.00000000,0.00000000,0.00000000,0.00000000,0.00000000,0.00000000,0.00000000,0.00000000,0.00000000,0.00000000,0.00000000,0.00000000,0.00000000,0.00000000,0.00000000,0.00000000,0.00000000,0.00000000,0.00000000,0.00000000,0.00000000,0.00000000,0.00000000,0.00000000,0.00000000,0.00000000,0.00000000,0.00000000,0.00000000,0.00000000,0.00000000,0.00000000,0.00000000,0.00000000,0.00000000,0.00000000,0.00000000,0.00000000,0.00000000,0.00000000,0.00000000,0.00000000,0.00000000,0.00000000,0.00000000,0.00000000,0.00000000,0.00000000,0.00000000,0.00000000,0.00000000,0.00000000,0.00000000,15.62468467,0.00000000,0.00000000,0.00000000,0.00000000,0.00000000,0.00000000,0.00000000,0.00000000,0.00000000,0.00000000,0.00000000,0.00000000,0.00000000,0.00000000,0.00000000,0.00000000,0.00000000,1.38226756,0.00000000,0.00000000,0.00000000,0.00000000,0.00000000,0.00000000,0.00000000,0.00000000,0.00000000,0.00000000,0.00000000,0.00000000,0.00000000,0.00000000,0.00000000,0.00000000,0.00000000,0.00000000,0.00000000,0.00000000,0.00000000,0.00000000,0.00000000,2.08513858,1.53794506,3.00586693,0.00000000,1.43409812,0.00000000,0.00000000,0.00000000,2.40548982,0.00000000,0.00000000,0.99484045,0.00000000,0.00000000,0.00000000,0.00000000,0.00000000,0.00000000,0.00000000,0.00000000,0.00000000,0.00000000,0.00000000,0.00000000,0.00000000,0.00000000,0.00000000,0.00000000,0.00000000,0.00000000,0.00000000,0.00000000,0.00000000,0.00000000,3.83752130,2.59242819,3.13311056,4.27208891,1.93703515,0.00000000,0.00000000,3.42133789,0.00000000,3.46890155,2.34278538,0.00000000,0.00000000,0.00000000,1.71132056
0.00000000,0.00000000,0.00000000,0.00000000,0.00000000,0.00000000,0.00000000,0.00000000,0.00000000,0.00000000,0.00000000,1.66050592,1.28117958,1.67721273,0.00000000,0.00000000,0.00000000,0.00000000,1.89366780,2.78601522,0.00000000,1.11229339,0.00000000,0.00000000,0.00000000,0.00000000,1.03935493,2.70187895,0.00000000,0.00000000,0.00000000,0.00000000,0.00000000,0.00000000,0.00000000,1.22157879,0.00000000,1.48177470,0.00000000,0.00000000,0.83751536,2.68545596,0.00000000,0.96076338,0.00000000,1.02312204,0.94751891,2.82790106,2.10745191,1.57151898,0.00000000,1.07445196,0.00000000,0.00000000,0.00000000,0.00000000,0.00000000,0.00000000,0.00000000,0.00000000,0.00000000,0.00000000,0.00000000,0.00000000,0.00000000,0.00000000,0.00000000,0.00000000,0.00000000,0.00000000,0.00000000,0.00000000,0.00000000,0.00000000,0.00000000,0.00000000,0.00000000,0.00000000,0.00000000,0.00000000,0.00000000,0.00000000,0.00000000,0.00000000,0.00000000,0.00000000,0.00000000,0.00000000,0.00000000,1.45931503,0.00000000,0.00000000,0.00000000,0.00000000,0.00000000,0.00000000,0.00000000,0.00000000,0.00000000,0.00000000,0.00000000,2.85816412,0.00000000,0.00000000,0.00000000,0.00000000,0.00000000,0.00000000,0.00000000,0.00000000,0.00000000,0.00000000,0.00000000,0.00000000,0.00000000,0.00000000,0.00000000,0.00000000,0.00000000,0.00000000,0.00000000,0.00000000,0.00000000,0.00000000,0.00000000,0.00000000,0.00000000,0.00000000,0.00000000,0.00000000,0.00000000,0.00000000,0.00000000,0.00000000,0.00000000,0.00000000,0.00000000,0.00000000,0.00000000,0.00000000,0.00000000,0.00000000,0.00000000,0.00000000,0.00000000,0.00000000,0.00000000,0.00000000,0.00000000,0.00000000,0.00000000,0.00000000,0.00000000,0.00000000,0.00000000,0.00000000,0.00000000,0.00000000,0.00000000,0.00000000,0.00000000,0.00000000,0.00000000,0.00000000,0.00000000,1.55458217,0.00000000,0.00000000,0.00000000,0.00000000,0.00000000,0.00000000,0.00000000,0.00000000,0.00000000,0.00000000,1.03468188,1.19237371,0.00000000,1.11883876,0.00000000,0.94645113,0.00000000,1.38471083,0.00000000,0.00000000,0.99484045,0.00000000,0.00000000,0.00000000,0.00000000,0.00000000,0.00000000,0.00000000,0.00000000,0.00000000,0.00000000,0.00000000,0.00000000,0.00000000,0.00000000,0.00000000,0.00000000,0.00000000,0.00000000,0.00000000,0.00000000,0.00000000,0.00000000,0.00000000,0.00000000,0.00000000,0.00000000,0.00000000,0.00000000,0.00000000,0.00000000,0.00000000,0.00000000,1.71218296,1.81421511,0.00000000,0.00000000,0.00000000,0.00000000
0.00000000,0.00000000,0.00000000,0.00000000,0.00000000,0.00000000,0.00000000,0.00000000,0.00000000,0.00000000,0.00000000,0.00000000,0.00000000,0.00000000,0.00000000,0.00000000,0.00000000,0.00000000,0.00000000,0.00000000,0.00000000,0.00000000,0.00000000,0.00000000,0.00000000,0.00000000,0.00000000,0.00000000,0.00000000,0.00000000,0.00000000,0.00000000,0.00000000,0.00000000,0.00000000,0.00000000,0.00000000,0.00000000,0.00000000,0.00000000,0.00000000,0.00000000,0.00000000,0.00000000,0.00000000,0.00000000,0.00000000,0.00000000,1.09074384,0.00000000,0.00000000,0.00000000,0.00000000,0.00000000,0.00000000,0.00000000,0.00000000,0.00000000,0.00000000,0.00000000,0.00000000,0.00000000,0.00000000,0.00000000,0.00000000,0.00000000,0.00000000,0.00000000,0.00000000,0.00000000,0.00000000,0.00000000,0.00000000,0.00000000,0.00000000,0.00000000,1.03644709,0.00000000,0.00000000,0.00000000,0.00000000,0.00000000,1.05926296,0.00000000,0.00000000,0.00000000,0.00000000,0.00000000,0.00000000,0.00000000,1.75845858,0.00000000,0.00000000,0.00000000,0.00000000,0.00000000,0.00000000,0.00000000,0.00000000,0.00000000,1.82981775,0.00000000,1.23601543,0.00000000,1.47798027,0.00000000,1.59702420,0.00000000,0.00000000,0.00000000,0.00000000,0.00000000,2.99684554,0.00000000,0.00000000,0.00000000,0.00000000,0.00000000,0.00000000,0.00000000,0.00000000,0.00000000,0.00000000,0.00000000,0.00000000,0.00000000,0.00000000,0.00000000,0.00000000,0.00000000,0.00000000,0.00000000,0.00000000,0.00000000,0.00000000,0.00000000,0.00000000,0.00000000,0.00000000,0.00000000,0.00000000,0.00000000,0.00000000,0.00000000,0.00000000,0.00000000,0.00000000,0.00000000,0.00000000,0.00000000,0.00000000,0.00000000,0.00000000,0.00000000,0.00000000,0.00000000,0.00000000,0.00000000,0.00000000,0.00000000,0.00000000,0.00000000,0.00000000,0.00000000,0.00000000,0.00000000,0.00000000,0.00000000,1.08909290,0.00000000,0.00000000,0.00000000,0.00000000,0.00000000,0.00000000,0.00000000,0.00000000,0.00000000,0.00000000,0.00000000,1.83323482,0.00000000,0.00000000,0.00000000,0.00000000,0.00000000,0.00000000,0.00000000,0.00000000,0.00000000,1.17650455,0.00000000,1.61315508,0.00000000,1.36531951,0.00000000,2.55097400,0.00000000,1.99471403,0.00000000,0.00000000,0.00000000,1.74537462,0.00000000,1.49636486,0.00000000,1.97610216,0.00000000,0.00000000,0.00000000,1.67961379,1.68066331,1.26700612,0.00000000,0.00000000,1.20820550,1.71768742,1.50834220,0.00000000,0.00000000,0.00000000,0.00000000,0.00000000,0.00000000,0.00000000
0.00000000,0.00000000,0.00000000,0.00000000,0.00000000,0.00000000,0.00000000,0.00000000,0.00000000,0.00000000,0.00000000,0.00000000,0.00000000,0.00000000,0.00000000,0.00000000,0.00000000,0.00000000,0.00000000,0.00000000,0.00000000,0.00000000,0.00000000,0.00000000,0.00000000,0.00000000,0.00000000,0.00000000,0.00000000,0.00000000,0.00000000,0.00000000,0.00000000,0.00000000,0.00000000,0.00000000,0.00000000,0.00000000,0.00000000,0.00000000,0.00000000,0.00000000,0.00000000,0.00000000,0.00000000,0.78985199,0.00000000,0.00000000,0.00000000,0.00000000,0.00000000,2.19641661,0.00000000,0.00000000,0.00000000,0.00000000,0.00000000,0.00000000,0.00000000,0.00000000,0.00000000,0.00000000,0.00000000,0.00000000,0.00000000,0.00000000,0.00000000,0.00000000,0.00000000,0.94206500,0.00000000,0.00000000,0.00000000,0.94081833,0.00000000,0.00000000,0.00000000,1.25215448,1.32510246,0.00000000,0.00000000,1.55997937,0.00000000,0.99578340,0.00000000,0.00000000,0.00000000,1.55393117,0.00000000,0.00000000,0.00000000,0.00000000,0.00000000,0.96618195,0.00000000,1.42445989,0.00000000,0.00000000,0.00000000,2.49462047,0.00000000,2.21720005,0.00000000,2.39282469,0.00000000,2.04095691,0.00000000,2.90908650,0.00000000,0.00000000,0.00000000,0.00000000,0.00000000,0.00000000,0.00000000,0.00000000,0.00000000,0.00000000,0.00000000,0.00000000,0.00000000,0.00000000,0.00000000,0.00000000,0.00000000,0.00000000,0.00000000,2.33250498,0.00000000,0.00000000,0.00000000,0.00000000,0.00000000,0.00000000,0.00000000,4.50956848,0.00000000,0.00000000,0.00000000,0.00000000,0.00000000,0.00000000,0.00000000,0.00000000,0.00000000,0.00000000,0.00000000,0.00000000,0.00000000,0.00000000,0.00000000,3.44134832,0.00000000,0.00000000,0.00000000,0.00000000,0.00000000,0.00000000,0.00000000,0.00000000,0.00000000,0.00000000,0.00000000,0.97940805,0.00000000,0.00000000,0.00000000,0.00000000,0.00000000,1.31950905,0.00000000,0.00000000,0.00000000,0.00000000,0.00000000,0.00000000,0.00000000,1.11301999,0.00000000,0.00000000,1.71166774,2.87174288,0.00000000,0.00000000,0.00000000,0.00000000,0.00000000,0.00000000,0.00000000,0.00000000,0.00000000,1.50469895,0.00000000,2.27274739,0.00000000,1.38659580,4.30245997,2.56324355,0.00000000,2.56760274,0.00000000,0.00000000,0.00000000,2.09272124,0.00000000,2.15775413,2.18898784,3.88310711,0.00000000,0.00000000,0.00000000,0.00000000,17.98912776,0.00000000,1.30766346,0.00000000,0.00000000,0.00000000,1.41721200,0.00000000,1.06601917,0.00000000,3.15882277,1.08875433,1.51775239
0.00000000,0.00000000,0.00000000,0.00000000,0.00000000,0.00000000,0.00000000,0.00000000,0.00000000,0.00000000,0.00000000,0.00000000,0.00000000,0.00000000,0.00000000,0.00000000,0.00000000,0.00000000,0.00000000,0.00000000,0.00000000,0.00000000,0.00000000,0.00000000,0.00000000,0.00000000,0.00000000,0.00000000,0.00000000,0.00000000,0.00000000,0.00000000,0.00000000,0.00000000,0.00000000,0.00000000,0.00000000,0.00000000,0.00000000,0.00000000,0.00000000,0.00000000,0.00000000,0.00000000,0.00000000,0.00000000,0.00000000,0.00000000,0.00000000,0.00000000,0.00000000,0.00000000,0.00000000,0.00000000,0.00000000,0.00000000,0.00000000,0.00000000,0.00000000,0.00000000,0.00000000,0.00000000,0.00000000,0.00000000,0.00000000,0.00000000,0.00000000,0.00000000,0.00000000,0.00000000,0.00000000,0.00000000,0.00000000,0.00000000,0.00000000,0.00000000,0.00000000,0.00000000,1.41072933,0.00000000,0.00000000,0.00000000,1.44542200,0.00000000,0.00000000,0.00000000,0.00000000,0.00000000,0.00000000,0.00000000,0.00000000,0.00000000,0.00000000,0.00000000,0.00000000,0.00000000,0.00000000,0.00000000,0.00000000,0.00000000,2.11776353,0.00000000,1.41569574,0.00000000,1.97437452,0.00000000,0.00000000,0.00000000,0.00000000,0.00000000,0.00000000,0.00000000,1.49690023,0.00000000,0.00000000,0.00000000,0.00000000,0.00000000,0.00000000,2.26870596,0.00000000,0.00000000,0.00000000,0.00000000,0.00000000,0.00000000,4.96779374,0.00000000,0.00000000,0.00000000,0.00000000,0.00000000,0.00000000,0.00000000,0.00000000,0.00000000,0.00000000,0.00000000,0.00000000,0.00000000,0.00000000,0.00000000,0.00000000,0.00000000,0.00000000,0.00000000,0.00000000,0.00000000,0.00000000,0.00000000,2.48859611,1.82776380,0.00000000,0.00000000,0.00000000,0.00000000,0.00000000,0.00000000,0.00000000,0.00000000,0.00000000,0.00000000,0.00000000,0.00000000,0.00000000,0.00000000,0.00000000,0.00000000,1.40740428,0.00000000,0.00000000,0.00000000,0.00000000,0.00000000,0.00000000,0.00000000,0.00000000,0.00000000,0.00000000,0.00000000,1.78141410,0.00000000,0.00000000,0.00000000,0.00000000,0.00000000,0.00000000,0.00000000,1.17650455,0.00000000,0.00000000,0.00000000,1.33719703,0.00000000,1.39725610,0.00000000,1.31434022,2.59178941,2.42807778,3.00979146,0.00000000,0.00000000,1.88662699,2.34506272,1.59726183,0.00000000,2.27678867,0.00000000,3.67803467,1.26290394,2.34137706,0.00000000,1.56478493,0.00000000,0.00000000,1.96809972,1.58041366,2.11669989,0.00000000,0.00000000,0.00000000,0.00000000,0.00000000,0.00000000,0.00000000
0.00000000,0.00000000,0.00000000,0.00000000,0.00000000,0.00000000,0.00000000,0.00000000,0.00000000,0.00000000,0.00000000,0.00000000,0.00000000,0.00000000,0.00000000,0.00000000,0.00000000,0.00000000,0.00000000,0.00000000,0.00000000,0.00000000,0.00000000,0.00000000,0.00000000,0.00000000,0.00000000,0.00000000,0.00000000,0.00000000,0.00000000,0.00000000,0.00000000,0.00000000,0.00000000,0.00000000,0.00000000,0.00000000,0.00000000,0.00000000,0.00000000,0.00000000,0.00000000,0.00000000,0.00000000,0.00000000,0.00000000,1.20151106,0.00000000,0.00000000,0.00000000,0.00000000,0.00000000,0.00000000,0.00000000,0.00000000,0.00000000,0.00000000,0.00000000,0.00000000,0.00000000,0.00000000,0.00000000,0.00000000,0.00000000,0.00000000,0.00000000,0.00000000,0.00000000,0.00000000,0.00000000,0.00000000,0.00000000,0.00000000,0.00000000,0.00000000,0.00000000,1.75379827,0.00000000,0.00000000,0.00000000,3.93413380,0.00000000,1.57695435,0.00000000,0.00000000,0.00000000,1.77950426,0.00000000,1.77734289,0.00000000,0.00000000,0.00000000,0.00000000,0.00000000,2.11111085,0.00000000,0.00000000,0.00000000,0.00000000,0.00000000,2.47258877,0.00000000,2.42310861,10.20884369,1.98033005,0.00000000,3.35849672,0.00000000,0.00000000,0.00000000,0.00000000,6.57209570,0.00000000,0.00000000,0.00000000,0.00000000,0.00000000,0.00000000,0.00000000,0.00000000,0.00000000,0.00000000,0.00000000,0.00000000,0.00000000,1.75872872,4.52396820,0.00000000,0.00000000,0.00000000,0.00000000,0.00000000,0.00000000,0.00000000,2.57228369,0.00000000,0.00000000,0.00000000,0.00000000,0.00000000,0.00000000,0.00000000,0.00000000,0.00000000,0.00000000,0.00000000,0.00000000,0.00000000,0.00000000,0.00000000,1.90868479,0.00000000,2.76459440,0.00000000,0.00000000,0.00000000,0.00000000,0.00000000,0.00000000,0.00000000,0.00000000,0.00000000,0.00000000,0.00000000,0.00000000,0.00000000,0.00000000,5.47852630,1.65427802,0.00000000,0.00000000,0.00000000,0.00000000,0.00000000,0.00000000,0.00000000,0.00000000,0.00000000,0.00000000,1.83580535,2.94255748,0.00000000,0.00000000,0.00000000,0.00000000,0.00000000,0.00000000,0.00000000,1.50469895,0.00000000,0.00000000,0.00000000,2.49194936,5.87268454,1.43623689,2.38347703,1.02963950,0.00000000,2.55452624,0.00000000,0.00000000,1.56708975,3.51034028,0.00000000,2.44334206,0.00000000,2.41674685,0.00000000,1.88545627,0.00000000,0.00000000,0.00000000,0.00000000,3.58040541,11.01489276,0.00000000,0.00000000,2.18836362,0.00000000,1.66059530,0.00000000,2.20675652,0.00000000,0.00000000
0.00000000,0.00000000,0.00000000,0.00000000,0.00000000,0.00000000,0.00000000,0.00000000,0.00000000,0.00000000,0.00000000,0.00000000,0.00000000,0.00000000,0.00000000,0.00000000,0.00000000,0.00000000,0.00000000,0.00000000,0.00000000,0.00000000,0.00000000,0.00000000,0.00000000,0.00000000,0.00000000,0.00000000,0.00000000,0.00000000,0.00000000,0.00000000,0.00000000,0.00000000,0.00000000,0.00000000,0.00000000,0.00000000,0.00000000,0.00000000,0.00000000,0.00000000,0.00000000,0.00000000,0.85977652,0.00000000,0.00000000,0.00000000,1.57760909,0.00000000,0.00000000,0.00000000,0.00000000,0.00000000,0.00000000,0.00000000,0.00000000,0.00000000,0.00000000,0.00000000,0.00000000,0.00000000,0.00000000,0.00000000,0.00000000,0.00000000,0.00000000,0.00000000,0.00000000,0.00000000,0.00000000,0.00000000,0.00000000,0.00000000,0.00000000,0.00000000,0.00000000,0.00000000,1.24185336,0.00000000,1.79460671,0.00000000,0.93455520,0.00000000,0.00000000,0.00000000,1.92944266,0.00000000,0.00000000,0.00000000,0.00000000,0.00000000,0.00000000,0.00000000,0.00000000,0.00000000,0.00000000,0.00000000,1.91998800,0.00000000,1.75618771,0.00000000,1.08928542,0.00000000,1.55181945,0.00000000,1.93012027,0.00000000,0.00000000,0.00000000,0.00000000,0.00000000,0.00000000,0.00000000,0.00000000,0.00000000,2.60978527,0.00000000,0.00000000,0.00000000,0.77659114,0.00000000,0.00000000,0.00000000,0.00000000,0.00000000,6.51701160,0.00000000,0.00000000,0.00000000,0.00000000,0.00000000,0.00000000,0.00000000,0.00000000,0.00000000,0.00000000,0.00000000,0.00000000,0.00000000,0.00000000,0.00000000,0.00000000,0.00000000,0.00000000,0.00000000,0.00000000,0.00000000,0.00000000,0.00000000,1.72770886,1.72108807,0.00000000,0.00000000,0.00000000,0.00000000,0.00000000,0.00000000,0.00000000,0.00000000,0.00000000,0.00000000,0.00000000,0.00000000,0.00000000,0.00000000,0.00000000,0.00000000,1.11788517,0.00000000,0.00000000,0.00000000,0.00000000,0.00000000,0.00000000,0.00000000,0.00000000,0.00000000,0.00000000,0.00000000,2.00193384,1.56221297,0.00000000,0.00000000,0.00000000,0.00000000,0.00000000,0.00000000,1.61315508,0.00000000,1.33719703,0.00000000,0.00000000,0.00000000,1.55312556,0.00000000,1.44707598,5.08636634,2.17921206,0.00000000,3.16383380,0.00000000,3.07136548,2.04512094,1.70165814,0.00000000,2.08572182,0.00000000,2.51666931,1.34073161,1.62404491,1.50167506,1.13178700,0.00000000,0.00000000,1.93283828,1.33576607,0.00000000,0.00000000,0.00000000,0.00000000,0.00000000,0.00000000,0.00000000,0.00000000
0.00000000,0.00000000,0.00000000,0.00000000,0.00000000,0.00000000,0.00000000,0.00000000,0.00000000,0.00000000,0.00000000,0.00000000,0.00000000,0.00000000,0.00000000,0.00000000,0.00000000,0.00000000,0.00000000,0.00000000,0.00000000,0.00000000,0.00000000,0.00000000,0.00000000,0.00000000,0.00000000,0.00000000,0.00000000,0.00000000,0.00000000,0.00000000,0.00000000,0.00000000,0.00000000,0.00000000,0.00000000,0.00000000,0.00000000,0.00000000,0.00000000,0.00000000,0.00000000,0.00000000,0.00000000,0.00000000,0.00000000,0.00000000,0.00000000,0.00000000,0.00000000,0.00000000,0.00000000,0.00000000,0.00000000,0.00000000,0.00000000,0.00000000,0.00000000,0.00000000,0.00000000,0.00000000,0.00000000,0.00000000,0.00000000,0.00000000,0.00000000,0.00000000,0.00000000,2.41352425,0.00000000,0.00000000,0.00000000,0.00000000,0.00000000,0.00000000,0.00000000,0.00000000,0.00000000,0.00000000,0.00000000,2.32500827,0.00000000,0.00000000,0.00000000,0.00000000,0.00000000,1.65820754,0.00000000,0.00000000,0.00000000,0.00000000,0.00000000,0.00000000,0.00000000,0.00000000,0.00000000,0.00000000,0.00000000,0.00000000,0.00000000,0.00000000,0.00000000,0.00000000,1.53527115,3.33333787,0.00000000,2.63011163,0.00000000,0.00000000,0.00000000,2.04929256,0.00000000,0.00000000,0.00000000,0.00000000,0.00000000,0.00000000,1.49898901,4.25875244,0.00000000,0.00000000,0.00000000,2.06801672,0.00000000,0.00000000,1.18720816,1.55825812,0.00000000,0.00000000,0.00000000,0.00000000,1.04697914,0.00000000,1.57845425,0.00000000,1.18226005,0.00000000,0.00000000,0.00000000,2.38293260,0.00000000,0.00000000,0.00000000,0.00000000,0.00000000,0.00000000,0.00000000,0.00000000,0.00000000,1.32893699,1.61739055,0.00000000,0.00000000,0.00000000,0.00000000,0.00000000,0.00000000,0.00000000,0.00000000,0.00000000,0.00000000,0.00000000,0.00000000,0.00000000,0.00000000,0.00000000,0.00000000,0.00000000,1.30349204,0.00000000,0.00000000,0.00000000,0.00000000,0.00000000,0.00000000,0.00000000,0.00000000,0.00000000,0.00000000,1.33601797,1.51993338,0.00000000,0.00000000,0.00000000,0.00000000,0.00000000,0.00000000,0.00000000,2.27274739,0.00000000,2.49194936,0.00000000,0.00000000,1.93452727,2.77424205,1.89423315,1.77381566,1.60336479,2.01701718,0.00000000,0.00000000,1.78590439,2.83128928,0.00000000,2.84741511,1.34001406,2.05279455,1.07403616,2.19649528,0.00000000,0.00000000,0.00000000,0.00000000,2.36178165,0.00000000,0.00000000,0.00000000,2.35322109,0.00000000,0.00000000,0.00000000,4.68549624,2.26489046,0.00000000
0.00000000,0.00000000,0.00000000,0.00000000,0.00000000,0.00000000,0.00000000,0.00000000,0.00000000,0.00000000,0.00000000,0.00000000,0.00000000,0.00000000,0.00000000,0.00000000,0.00000000,0.00000000,0.00000000,0.00000000,0.00000000,0.00000000,0.00000000,0.00000000,0.00000000,0.00000000,0.00000000,0.00000000,0.00000000,0.00000000,0.00000000,0.00000000,0.00000000,0.00000000,0.00000000,0.00000000,0.00000000,0.00000000,0.00000000,0.00000000,0.00000000,0.00000000,0.00000000,0.00000000,0.00000000,0.00000000,0.00000000,0.00000000,1.06384018,0.00000000,0.00000000,0.00000000,0.00000000,0.00000000,0.00000000,0.00000000,0.00000000,0.00000000,0.00000000,0.00000000,0.00000000,0.00000000,0.00000000,0.00000000,0.00000000,0.00000000,0.00000000,0.00000000,0.00000000,0.00000000,0.00000000,0.00000000,0.00000000,0.00000000,0.00000000,0.00000000,1.11787659,0.00000000,1.21579145,0.00000000,0.00000000,0.00000000,1.38369996,0.00000000,0.00000000,0.00000000,1.59606825,0.00000000,0.00000000,0.00000000,0.00000000,0.00000000,0.00000000,0.00000000,0.00000000,0.00000000,0.00000000,0.00000000,0.00000000,0.00000000,1.76435228,0.00000000,1.03038968,0.00000000,1.25841899,0.00000000,1.83401863,0.00000000,3.54710016,0.00000000,1.55125835,0.00000000,1.27491119,0.00000000,1.63142677,0.00000000,0.00000000,0.00000000,1.01335570,0.00000000,0.00000000,0.00000000,0.00000000,0.00000000,0.00000000,0.00000000,0.00000000,0.00000000,0.00000000,0.00000000,0.00000000,0.00000000,0.00000000,0.00000000,2.74698490,0.00000000,0.00000000,0.00000000,0.00000000,0.00000000,0.00000000,0.00000000,0.00000000,0.00000000,0.00000000,0.00000000,0.00000000,0.00000000,0.00000000,0.00000000,5.29668148,0.00000000,0.00000000,0.00000000,0.00000000,0.00000000,0.00000000,0.00000000,0.00000000,0.00000000,0.00000000,0.00000000,0.00000000,0.00000000,0.00000000,0.00000000,0.00000000,0.00000000,1.19988529,0.00000000,0.00000000,0.00000000,0.00000000,0.00000000,0.00000000,0.00000000,0.00000000,0.00000000,0.00000000,0.00000000,2.13201864,0.00000000,0.00000000,0.00000000,0.00000000,0.00000000,0.00000000,0.00000000,1.36531951,0.00000000,1.39725610,5.87268454,1.55312556,1.93452727,0.00000000,0.00000000,1.51962255,0.00000000,2.20158018,0.00000000,5.58685274,0.00000000,2.49456944,2.44888848,1.45689921,0.00000000,1.92158551,0.00000000,3.81079530,4.77033267,2.53845588,0.00000000,1.70121526,0.00000000,0.00000000,0.94222843,1.14922026,1.67249805,0.00000000,0.00000000,0.00000000,0.00000000,0.00000000,0.00000000,0.00000000
0.00000000,0.00000000,0.00000000,0.00000000,0.00000000,0.00000000,0.00000000,0.00000000,0.00000000,0.00000000,0.00000000,0.00000000,0.00000000,0.00000000,0.00000000,0.00000000,0.00000000,0.00000000,0.00000000,0.00000000,0.00000000,0.00000000,0.00000000,0.00000000,0.00000000,0.00000000,0.00000000,0.00000000,0.00000000,0.00000000,0.00000000,0.00000000,0.00000000,0.00000000,0.00000000,0.00000000,0.00000000,0.00000000,0.00000000,0.00000000,0.00000000,0.00000000,0.00000000,0.00000000,0.00000000,0.00000000,0.00000000,0.00000000,0.00000000,1.58428301,0.00000000,0.00000000,0.00000000,0.00000000,0.00000000,0.00000000,0.00000000,0.00000000,0.00000000,0.00000000,0.00000000,0.00000000,0.00000000,0.00000000,0.00000000,0.00000000,0.00000000,0.00000000,0.00000000,1.60149221,0.00000000,0.00000000,0.00000000,0.00000000,0.00000000,0.00000000,0.00000000,1.34368851,0.00000000,0.00000000,0.00000000,2.08668943,0.00000000,0.81294810,0.00000000,0.00000000,0.00000000,1.27496063,0.00000000,1.34019391,0.00000000,0.00000000,0.00000000,1.34674468,0.00000000,1.53057505,0.00000000,0.00000000,0.00000000,4.59866879,0.00000000,0.00000000,0.00000000,1.88470206,0.00000000,1.12109605,0.00000000,2.89682379,0.00000000,4.95999938,0.00000000,2.86911442,0.00000000,4.11422731,0.00000000,0.00000000,0.00000000,0.00000000,0.00000000,1.13457330,0.00000000,0.00000000,0.00000000,0.00000000,0.00000000,0.00000000,0.00000000,0.00000000,0.00000000,0.00000000,0.00000000,0.00000000,0.00000000,0.00000000,0.00000000,0.00000000,0.00000000,0.00000000,0.00000000,0.00000000,0.00000000,0.00000000,0.00000000,1.44664874,0.00000000,0.00000000,0.00000000,0.00000000,0.00000000,0.00000000,0.00000000,3.22133583,0.00000000,0.00000000,0.00000000,0.00000000,0.00000000,0.00000000,0.00000000,0.00000000,0.00000000,0.00000000,0.00000000,0.00000000,0.00000000,0.00000000,0.00000000,0.00000000,0.00000000,1.21394982,0.00000000,0.00000000,0.00000000,0.00000000,0.00000000,0.00000000,0.00000000,0.00000000,0.00000000,0.00000000,0.00000000,3.37859941,0.00000000,0.00000000,0.00000000,0.00000000,0.00000000,0.00000000,0.00000000,1.38659580,0.00000000,1.43623689,0.00000000,2.77424205,0.00000000,0.00000000,0.00000000,1.76431765,0.00000000,1.99335589,0.00000000,2.46333192,0.00000000,2.31282513,0.00000000,1.33856529,0.00000000,3.09588726,0.00000000,3.34656310,0.00000000,0.00000000,0.00000000,0.00000000,2.53177866,0.00000000,0.00000000,0.00000000,3.13182992,2.36864227,1.58725967,0.00000000,3.85477424,3.72230704,0.00000000
0.00000000,0.00000000,0.00000000,0.00000000,0.00000000,0.00000000,0.00000000,0.00000000,0.00000000,0.00000000,0.00000000,0.00000000,0.00000000,0.00000000,0.00000000,0.00000000,0.00000000,0.00000000,0.00000000,0.00000000,0.00000000,0.00000000,0.00000000,0.00000000,0.00000000,0.00000000,0.00000000,0.00000000,0.00000000,0.00000000,0.00000000,0.00000000,0.00000000,0.00000000,0.00000000,0.00000000,0.00000000,0.00000000,0.00000000,0.00000000,0.00000000,0.00000000,0.00000000,0.00000000,0.00000000,0.00000000,0.00000000,0.00000000,5.15717034,0.00000000,0.00000000,0.00000000,0.00000000,0.00000000,0.00000000,0.00000000,0.00000000,0.00000000,0.00000000,0.00000000,0.00000000,0.00000000,0.00000000,0.00000000,0.00000000,0.00000000,0.00000000,0.00000000,0.00000000,0.00000000,0.00000000,0.00000000,0.00000000,0.00000000,0.00000000,0.00000000,0.00000000,0.00000000,0.00000000,0.00000000,0.00000000,0.00000000,2.48374185,0.00000000,0.00000000,0.00000000,4.76943444,0.00000000,0.00000000,0.00000000,0.00000000,0.00000000,0.00000000,0.00000000,4.88574115,0.00000000,0.00000000,0.00000000,0.00000000,0.00000000,0.00000000,0.00000000,3.30406525,0.00000000,2.36556320,0.00000000,5.20435486,0.00000000,4.16476310,0.00000000,1.07321472,0.00000000,1.45523147,0.00000000,1.54369938,0.00000000,0.00000000,0.00000000,1.69839290,2.20768658,0.00000000,0.00000000,0.00000000,0.00000000,0.00000000,0.00000000,0.00000000,1.87026421,0.00000000,0.00000000,0.00000000,0.00000000,0.00000000,0.00000000,5.14085162,3.04915914,0.00000000,0.00000000,0.00000000,0.00000000,0.00000000,0.00000000,0.00000000,0.00000000,0.00000000,0.00000000,0.00000000,0.00000000,0.00000000,0.00000000,3.06531512,1.40299583,0.00000000,0.00000000,0.00000000,0.00000000,0.00000000,0.00000000,0.00000000,0.00000000,0.00000000,0.00000000,0.00000000,0.00000000,0.00000000,0.00000000,0.00000000,0.00000000,4.04913704,0.00000000,0.00000000,0.00000000,0.00000000,0.00000000,0.00000000,0.00000000,0.00000000,0.00000000,0.00000000,0.00000000,1.58877141,1.68744004,0.00000000,0.00000000,0.00000000,0.00000000,0.00000000,0.00000000,2.55097400,4.30245997,1.31434022,2.38347703,1.44707598,1.89423315,1.51962255,0.00000000,0.00000000,2.97043652,1.99427660,3.40516494,0.00000000,4.38490346,1.97953311,1.78220236,1.75909929,0.00000000,1.75753350,1.62804373,2.97666153,0.00000000,4.40603382,0.00000000,2.60420678,2.59580048,0.00000000,2.62433909,1.93662683,0.00000000,0.00000000,0.00000000,0.00000000,0.00000000,5.61407748,0.00000000,0.00000000
0.00000000,0.00000000,0.00000000,0.00000000,0.00000000,22.51180717,0.00000000,0.00000000,0.00000000,0.00000000,0.00000000,0.00000000,0.00000000,8.83593655,0.00000000,0.00000000,0.00000000,0.00000000,0.00000000,21.58116603,0.00000000,0.00000000,0.00000000,0.00000000,0.00000000,0.00000000,0.00000000,13.24056794,0.00000000,0.00000000,0.00000000,0.00000000,0.00000000,0.00000000,0.00000000,0.00000000,0.00000000,0.00000000,0.00000000,0.00000000,0.00000000,7.11310259,0.00000000,0.00000000,0.00000000,12.58654719,0.00000000,20.07885892,0.00000000,0.00000000,0.00000000,0.00000000,0.00000000,0.00000000,0.00000000,0.00000000,0.00000000,0.00000000,0.00000000,0.00000000,0.00000000,0.00000000,0.00000000,0.00000000,0.00000000,0.00000000,0.00000000,0.00000000,0.00000000,0.00000000,0.00000000,0.00000000,0.00000000,0.00000000,0.00000000,0.00000000,0.00000000,0.00000000,0.00000000,0.00000000,0.00000000,0.00000000,0.00000000,0.00000000,0.00000000,0.00000000,0.00000000,0.00000000,0.00000000,15.78644867,0.00000000,0.00000000,0.00000000,3.66030500,0.00000000,15.74428111,0.00000000,4.48983859,0.00000000,0.00000000,0.00000000,11.61396576,0.00000000,6.69823485,0.00000000,2.01085400,0.00000000,0.00000000,0.00000000,1.41811387,0.00000000,1.67053460,0.00000000,2.69176740,0.00000000,0.00000000,0.00000000,0.00000000,0.00000000,1.58017851,0.00000000,0.00000000,0.00000000,0.00000000,0.00000000,0.00000000,1.78666542,0.00000000,0.00000000,0.00000000,0.00000000,0.00000000,2.07877415,0.00000000,0.00000000,4.88563724,0.00000000,0.00000000,0.00000000,0.00000000,0.00000000,0.00000000,0.00000000,0.00000000,0.00000000,0.00000000,0.00000000,0.00000000,0.00000000,0.00000000,2.72945519,2.19377163,0.00000000,7.34797612,0.00000000,0.00000000,0.00000000,0.00000000,0.00000000,0.00000000,0.00000000,0.00000000,0.00000000,0.00000000,0.00000000,0.00000000,0.00000000,0.00000000,0.00000000,0.00000000,0.00000000,0.00000000,0.00000000,0.00000000,0.00000000,0.00000000,0.00000000,24.51230391,0.00000000,0.00000000,2.05881612,1.84872010,0.00000000,0.00000000,0.00000000,0.00000000,0.00000000,0.00000000,0.00000000,2.56324355,2.59178941,1.02963950,5.08636634,1.77381566,0.00000000,1.76431765,2.97043652,0.00000000,2.05303116,3.62514758,2.79284302,4.63843912,2.13189158,3.77522075,0.00000000,2.02282313,1.76835485,1.94897728,2.15166431,2.30734790,0.00000000,0.00000000,0.00000000,0.00000000,0.00000000,0.00000000,0.00000000,0.00000000,4.64442664,15.94981781,0.00000000,0.00000000,2.51286756,0.00000000,0.00000000
0.00000000,0.00000000,0.00000000,0.00000000,0.00000000,0.00000000,0.00000000,0.00000000,0.00000000,0.00000000,0.00000000,0.00000000,0.00000000,0.00000000,0.00000000,0.00000000,0.00000000,0.00000000,0.00000000,0.00000000,0.00000000,0.00000000,0.00000000,0.00000000,0.00000000,0.00000000,0.00000000,0.00000000,0.00000000,0.00000000,0.00000000,0.00000000,0.00000000,0.00000000,0.00000000,0.00000000,0.00000000,0.00000000,0.00000000,0.00000000,0.00000000,0.00000000,0.00000000,0.00000000,0.00000000,0.00000000,0.00000000,0.00000000,2.31046852,0.00000000,0.00000000,0.00000000,0.00000000,0.00000000,0.00000000,0.00000000,0.00000000,0.00000000,0.00000000,0.00000000,0.00000000,0.00000000,0.00000000,0.00000000,0.00000000,0.00000000,0.00000000,0.00000000,0.00000000,0.00000000,0.00000000,0.00000000,1.41951099,0.00000000,0.00000000,0.00000000,0.61060784,0.00000000,0.00000000,0.00000000,0.00000000,0.00000000,0.00000000,0.00000000,5.16845746,0.00000000,1.27423042,0.00000000,0.00000000,0.00000000,3.19959051,0.00000000,0.00000000,0.00000000,0.00000000,0.00000000,3.36620900,0.00000000,1.98330281,0.00000000,1.12588190,0.00000000,0.83417089,0.00000000,1.83699400,0.00000000,1.56514645,0.00000000,0.00000000,0.00000000,0.00000000,0.00000000,0.00000000,0.00000000,0.00000000,0.00000000,0.00000000,0.00000000,0.00000000,0.00000000,0.00000000,0.00000000,0.00000000,0.00000000,0.00000000,0.00000000,1.96813312,1.17684661,0.00000000,0.00000000,0.00000000,0.00000000,0.00000000,0.00000000,3.50874822,2.28018484,4.64105370,0.00000000,0.00000000,0.00000000,0.00000000,0.00000000,2.34994528,0.00000000,0.00000000,0.00000000,0.00000000,2.70621953,0.00000000,0.00000000,1.42021019,1.60137729,0.00000000,0.00000000,0.00000000,0.00000000,0.00000000,0.00000000,0.00000000,0.00000000,0.00000000,0.00000000,0.00000000,0.00000000,0.85027527,0.00000000,0.00000000,0.00000000,1.23895632,0.00000000,0.00000000,0.00000000,0.00000000,0.00000000,0.00000000,0.00000000,0.00000000,0.00000000,0.00000000,0.00000000,2.01531260,2.17756728,0.00000000,0.00000000,0.00000000,0.00000000,0.00000000,0.00000000,1.99471403,0.00000000,2.42807778,0.00000000,2.17921206,1.60336479,2.20158018,0.00000000,1.99427660,2.05303116,0.00000000,0.00000000,1.58082736,0.00000000,2.13196656,1.41646974,2.02033426,0.00000000,1.41970439,1.92657580,3.08139915,1.43546626,1.65101660,1.33816659,2.02550399,0.00000000,2.46490454,2.35751037,1.32019514,0.00000000,0.00000000,0.00000000,0.00000000,0.00000000,2.94978016,0.00000000,0.00000000
0.00000000,0.00000000,0.00000000,0.00000000,0.00000000,0.00000000,0.00000000,0.00000000,0.00000000,0.00000000,0.00000000,0.00000000,0.00000000,0.00000000,0.00000000,0.00000000,0.00000000,0.00000000,0.00000000,0.00000000,0.00000000,0.00000000,0.00000000,0.00000000,0.00000000,0.00000000,0.00000000,0.00000000,0.00000000,0.00000000,0.00000000,0.00000000,0.00000000,0.00000000,0.00000000,0.00000000,0.00000000,0.00000000,0.00000000,0.00000000,0.00000000,0.00000000,0.00000000,0.00000000,0.00000000,0.00000000,0.00000000,0.00000000,0.00000000,0.00000000,0.00000000,0.00000000,0.00000000,0.00000000,0.00000000,0.00000000,0.00000000,0.00000000,0.00000000,5.35642635,0.00000000,0.00000000,0.00000000,0.00000000,0.00000000,0.00000000,0.00000000,0.00000000,0.00000000,0.00000000,0.00000000,0.00000000,0.00000000,1.03006007,0.00000000,3.34407151,0.00000000,0.00000000,0.00000000,0.00000000,0.00000000,0.00000000,0.00000000,0.00000000,0.00000000,0.00000000,0.00000000,1.60779131,0.00000000,0.00000000,0.00000000,2.67683997,0.00000000,0.00000000,0.00000000,1.47579778,0.00000000,3.39801387,0.00000000,0.00000000,0.00000000,0.00000000,0.00000000,1.34298219,0.00000000,1.93162013,0.00000000,1.90376693,0.00000000,0.00000000,0.00000000,0.00000000,0.00000000,0.00000000,0.00000000,0.00000000,0.00000000,0.00000000,0.00000000,2.37252235,0.00000000,2.63387870,0.00000000,0.00000000,0.00000000,0.00000000,0.00000000,2.50191179,0.00000000,0.00000000,0.00000000,0.00000000,0.00000000,0.00000000,4.13582883,2.14862364,1.65386676,4.25268800,0.00000000,0.00000000,0.00000000,0.00000000,0.00000000,3.42350328,0.00000000,0.00000000,0.00000000,3.90694123,0.00000000,0.00000000,2.03342547,2.66906374,0.00000000,0.00000000,0.00000000,0.00000000,0.00000000,0.00000000,0.00000000,0.00000000,0.00000000,0.00000000,0.00000000,1.62581121,0.00000000,0.00000000,0.00000000,0.00000000,0.00000000,1.39534598,0.00000000,0.00000000,0.00000000,0.00000000,0.00000000,3.44843961,0.00000000,0.00000000,0.00000000,0.00000000,0.00000000,2.54869615,0.00000000,0.00000000,0.00000000,0.00000000,0.00000000,0.00000000,0.00000000,2.56760274,3.00979146,2.55452624,0.00000000,2.01701718,0.00000000,1.99335589,3.40516494,3.62514758,0.00000000,0.00000000,0.00000000,2.32197368,0.00000000,4.50902465,0.00000000,1.69131908,2.24658076,2.15229350,1.85809384,2.05333376,0.00000000,0.00000000,0.00000000,0.00000000,3.11618368,0.00000000,0.00000000,0.00000000,4.19104182,0.00000000,2.65574489,0.00000000,3.03935321,1.95147866,0.00000000
0.00000000,0.00000000,1.79681095,0.00000000,0.00000000,0.00000000,0.00000000,0.00000000,0.00000000,0.00000000,0.00000000,0.00000000,0.00000000,0.00000000,2.08566793,0.00000000,0.00000000,0.00000000,0.00000000,0.00000000,0.00000000,0.00000000,1.97962169,0.00000000,1.72856164,0.00000000,0.00000000,0.00000000,0.00000000,0.00000000,0.00000000,0.00000000,0.00000000,0.00000000,0.00000000,0.00000000,0.00000000,0.00000000,0.00000000,0.00000000,0.00000000,0.00000000,0.00000000,0.00000000,0.00000000,0.00000000,0.00000000,0.00000000,7.15227087,0.00000000,0.00000000,0.00000000,0.00000000,0.00000000,0.00000000,0.00000000,0.00000000,0.00000000,0.00000000,0.00000000,0.00000000,0.00000000,0.00000000,0.00000000,0.00000000,0.00000000,0.00000000,0.00000000,0.00000000,0.00000000,0.00000000,0.00000000,0.00000000,0.00000000,2.06359441,0.00000000,1.04317563,0.00000000,1.40598052,0.00000000,2.13309248,0.00000000,1.09788716,0.00000000,2.80253368,0.00000000,1.23277921,0.00000000,0.00000000,0.00000000,1.84668145,0.00000000,0.00000000,0.00000000,0.00000000,0.00000000,2.25917654,0.00000000,1.79294972,0.00000000,1.24221842,0.00000000,1.17714938,0.00000000,1.51552130,0.00000000,1.33682238,0.00000000,0.00000000,0.00000000,0.00000000,0.00000000,0.00000000,0.00000000,0.00000000,0.00000000,0.00000000,0.00000000,0.00000000,0.00000000,3.53087498,0.00000000,0.00000000,0.00000000,3.17468911,0.00000000,1.81436814,0.00000000,2.09546619,0.00000000,3.11822301,0.00000000,0.00000000,0.00000000,1.55789401,0.00000000,2.36197536,0.00000000,0.00000000,0.00000000,2.99178961,0.00000000,1.73269569,0.00000000,0.00000000,0.00000000,2.56208264,0.00000000,0.00000000,0.00000000,1.60784325,3.41640094,0.00000000,0.00000000,0.00000000,0.00000000,0.00000000,0.00000000,0.00000000,0.00000000,0.00000000,0.00000000,2.29089201,0.00000000,0.00000000,0.00000000,0.00000000,0.00000000,1.21246413,0.00000000,0.00000000,0.00000000,0.00000000,0.00000000,0.00000000,0.00000000,0.00000000,0.00000000,0.00000000,0.00000000,3.51042496,0.00000000,0.00000000,0.00000000,4.83030050,0.00000000,0.00000000,0.00000000,0.00000000,0.00000000,0.00000000,0.00000000,3.16383380,0.00000000,5.58685274,0.00000000,0.00000000,2.79284302,1.58082736,0.00000000,0.00000000,0.00000000,1.62654216,0.00000000,1.56272954,0.00000000,1.74233637,0.00000000,2.61391441,3.38769886,3.25079137,2.24357775,4.09217155,3.33255630,0.00000000,0.00000000,3.64552249,0.00000000,0.00000000,0.00000000,0.00000000,0.00000000,0.00000000,0.00000000,0.00000000
0.00000000,0.00000000,0.00000000,0.00000000,0.00000000,0.00000000,0.00000000,0.00000000,0.00000000,2.18380962,0.00000000,0.00000000,0.00000000,0.00000000,0.00000000,0.00000000,0.00000000,0.00000000,0.00000000,0.00000000,0.00000000,0.00000000,0.00000000,0.00000000,0.00000000,0.00000000,0.00000000,0.00000000,0.00000000,0.00000000,0.00000000,0.00000000,0.00000000,0.00000000,0.00000000,0.00000000,0.00000000,0.00000000,0.00000000,0.00000000,0.00000000,0.00000000,0.00000000,0.00000000,0.00000000,0.00000000,0.00000000,0.00000000,0.00000000,7.21372641,0.00000000,0.00000000,0.00000000,0.00000000,0.00000000,0.00000000,0.00000000,0.00000000,0.00000000,0.98111940,0.00000000,0.00000000,0.00000000,0.00000000,0.00000000,0.00000000,0.00000000,3.69748961,0.00000000,0.00000000,0.00000000,0.00000000,0.00000000,1.31033504,0.00000000,0.00000000,0.00000000,1.55284357,0.00000000,2.63093645,0.00000000,1.50254202,0.00000000,0.88299392,0.00000000,2.77454771,0.00000000,1.47748808,0.00000000,1.14968455,0.00000000,2.02564328,0.00000000,0.00000000,0.00000000,1.38539606,0.00000000,2.15484265,0.00000000,2.85019706,0.00000000,1.70715373,0.00000000,1.54394490,0.00000000,2.06441324,0.00000000,1.38814978,0.00000000,0.00000000,0.00000000,0.00000000,0.00000000,0.00000000,0.00000000,0.00000000,0.00000000,0.00000000,0.00000000,0.00000000,0.00000000,2.21267937,0.00000000,0.00000000,0.00000000,0.00000000,0.00000000,2.32489572,0.00000000,0.00000000,0.00000000,0.00000000,0.00000000,2.72054131,0.00000000,1.66193742,0.00000000,2.53143621,0.00000000,3.79973727,0.00000000,0.00000000,0.00000000,2.64832628,0.00000000,0.00000000,0.00000000,0.00000000,0.00000000,3.04925409,0.00000000,1.83375836,0.00000000,0.00000000,0.00000000,0.00000000,0.00000000,0.00000000,0.00000000,0.00000000,0.00000000,0.00000000,0.00000000,1.63496669,0.00000000,0.00000000,0.00000000,0.00000000,0.00000000,1.35501125,0.00000000,0.00000000,0.00000000,0.00000000,0.00000000,0.00000000,0.00000000,0.00000000,0.00000000,0.00000000,0.00000000,2.36964316,0.00000000,0.00000000,0.00000000,1.94373009,0.00000000,0.00000000,0.00000000,0.00000000,0.00000000,0.00000000,0.00000000,0.00000000,0.00000000,2.46333192,4.38490346,4.63843912,0.00000000,2.32197368,0.00000000,0.00000000,0.00000000,2.27660012,0.00000000,1.57337540,2.02428633,0.00000000,1.92983552,1.68577919,0.00000000,0.00000000,0.00000000,0.00000000,6.14773046,0.00000000,0.00000000,0.00000000,5.31128092,0.00000000,4.00809454,3.27679564,3.67634118,1.93010448,1.41789584
0.00000000,0.00000000,0.00000000,0.00000000,0.00000000,0.00000000,0.00000000,0.00000000,0.00000000,0.00000000,0.00000000,0.00000000,0.00000000,0.00000000,0.00000000,0.00000000,0.00000000,0.00000000,0.00000000,0.00000000,0.00000000,0.00000000,0.00000000,0.00000000,0.00000000,0.00000000,0.00000000,0.00000000,0.00000000,0.00000000,0.00000000,0.00000000,0.00000000,0.00000000,0.00000000,0.00000000,0.00000000,0.00000000,0.00000000,0.00000000,0.00000000,0.00000000,0.00000000,0.00000000,0.00000000,0.00000000,0.00000000,0.00000000,1.06042131,0.00000000,0.00000000,0.00000000,0.00000000,0.00000000,0.00000000,0.00000000,3.33418248,0.00000000,0.00000000,0.00000000,0.00000000,0.00000000,0.00000000,0.00000000,0.00000000,0.00000000,0.00000000,0.00000000,0.00000000,0.00000000,0.00000000,0.00000000,0.00000000,0.00000000,0.00000000,0.00000000,0.00000000,0.00000000,0.00000000,0.00000000,1.82545862,0.00000000,0.00000000,0.00000000,6.07223748,0.00000000,1.17915920,0.00000000,0.00000000,0.00000000,0.00000000,0.00000000,0.00000000,0.00000000,0.00000000,0.00000000,0.00000000,2.37556563,2.49689134,0.00000000,1.98808299,0.00000000,0.94424193,0.00000000,1.85616702,4.04117348,2.17085639,2.22395530,0.00000000,0.00000000,0.00000000,0.00000000,0.00000000,0.00000000,0.00000000,0.00000000,0.00000000,0.00000000,0.00000000,0.00000000,0.00000000,0.00000000,0.00000000,0.00000000,0.00000000,0.00000000,2.05575191,1.90088139,0.00000000,0.00000000,0.00000000,0.00000000,0.00000000,0.00000000,3.41385880,0.00000000,0.00000000,0.00000000,0.00000000,0.00000000,0.00000000,0.00000000,3.25861026,0.00000000,0.00000000,0.00000000,0.00000000,0.00000000,0.00000000,0.00000000,1.84137302,1.26266903,3.27003710,0.00000000,0.00000000,0.00000000,0.00000000,0.00000000,0.00000000,0.00000000,0.00000000,0.00000000,0.00000000,0.00000000,0.00000000,0.00000000,0.00000000,0.00000000,1.08199676,0.00000000,0.00000000,0.00000000,0.00000000,0.00000000,0.00000000,0.00000000,0.00000000,0.00000000,0.00000000,0.00000000,1.72823467,1.21025753,0.00000000,0.00000000,0.00000000,0.00000000,0.00000000,0.00000000,1.74537462,0.00000000,1.88662699,1.56708975,3.07136548,1.78590439,2.49456944,0.00000000,1.97953311,2.13189158,2.13196656,0.00000000,1.62654216,0.00000000,0.00000000,1.79295857,1.79201138,0.00000000,2.19044852,1.58388254,3.78275910,1.38571847,1.60944119,0.00000000,1.30826553,1.23675215,2.12114417,2.08927955,1.28659678,0.00000000,0.00000000,0.00000000,0.00000000,0.00000000,3.35276642,0.00000000,0.00000000
0.00000000,0.00000000,0.00000000,0.00000000,0.00000000,0.00000000,0.00000000,0.88182322,0.00000000,0.00000000,0.00000000,0.00000000,0.00000000,0.59963945,0.00000000,0.00000000,0.00000000,0.00000000,0.00000000,0.00000000,0.00000000,0.00000000,0.00000000,0.00000000,0.00000000,0.00000000,0.00000000,0.00000000,0.00000000,0.00000000,0.00000000,0.64002512,0.00000000,0.00000000,0.00000000,0.00000000,0.00000000,0.00000000,0.00000000,0.00000000,0.00000000,0.00000000,0.00000000,0.00000000,0.00000000,0.00000000,0.00000000,0.00000000,0.00000000,0.00000000,0.00000000,0.00000000,0.00000000,0.00000000,0.00000000,0.00000000,0.00000000,0.00000000,0.00000000,0.00000000,0.00000000,0.00000000,0.00000000,0.00000000,0.00000000,0.00000000,0.00000000,0.00000000,0.00000000,0.00000000,0.00000000,0.00000000,0.00000000,0.00000000,0.00000000,0.00000000,0.00000000,0.00000000,0.00000000,0.00000000,0.00000000,1.25576314,0.00000000,0.00000000,0.00000000,0.00000000,0.00000000,1.04052349,0.00000000,0.69970428,0.00000000,0.00000000,0.00000000,0.99413744,0.00000000,1.01621715,2.07700169,0.00000000,0.00000000,2.29052761,1.19114688,0.00000000,0.00000000,1.30331626,0.00000000,1.89921489,3.70928964,2.09168984,0.00000000,0.00000000,0.00000000,0.00000000,0.00000000,0.00000000,0.00000000,0.00000000,0.00000000,0.00000000,0.00000000,0.00000000,0.00000000,0.00000000,0.00000000,0.00000000,0.00000000,0.00000000,0.00000000,1.72493154,0.00000000,0.00000000,0.00000000,0.00000000,1.20628804,0.00000000,2.15508008,1.89961771,1.04090884,0.00000000,0.00000000,0.00000000,0.00000000,0.00000000,2.66496360,0.00000000,0.00000000,0.00000000,0.00000000,0.00000000,0.00000000,0.00000000,1.41354790,1.81918016,0.00000000,0.00000000,0.00000000,0.00000000,0.00000000,0.00000000,0.00000000,0.00000000,0.00000000,0.00000000,0.00000000,0.00000000,0.00000000,0.00000000,0.00000000,0.00000000,0.00000000,1.10495801,0.00000000,0.00000000,0.00000000,0.00000000,0.00000000,0.00000000,0.00000000,0.00000000,0.00000000,0.00000000,1.41634434,1.46784125,0.00000000,0.00000000,0.00000000,0.00000000,0.00000000,0.00000000,0.00000000,2.09272124,2.34506272,3.51034028,2.04512094,2.83128928,2.44888848,2.31282513,1.78220236,3.77522075,1.41646974,4.50902465,0.00000000,2.27660012,1.79295857,0.00000000,0.00000000,1.53482200,1.44219144,7.49796699,1.12754996,5.49472545,0.00000000,0.00000000,4.10502710,0.00000000,1.59391714,2.41424200,0.00000000,0.00000000,1.50469271,0.00000000,1.08728625,0.00000000,2.08254067,0.89947159,0.76318523
0.00000000,0.00000000,0.00000000,0.00000000,0.00000000,0.00000000,0.00000000,0.00000000,0.00000000,0.00000000,0.00000000,0.00000000,0.00000000,0.00000000,0.00000000,0.00000000,0.00000000,0.00000000,0.00000000,0.00000000,0.00000000,0.00000000,0.00000000,0.00000000,0.00000000,0.00000000,0.00000000,0.00000000,0.00000000,0.00000000,0.00000000,0.00000000,0.00000000,0.00000000,0.00000000,0.00000000,0.00000000,0.00000000,0.00000000,0.00000000,0.00000000,0.00000000,0.00000000,0.00000000,0.00000000,0.00000000,0.00000000,0.00000000,1.04592479,0.00000000,0.00000000,0.00000000,0.00000000,0.00000000,0.00000000,0.00000000,0.00000000,0.00000000,0.00000000,0.00000000,0.00000000,0.00000000,0.00000000,0.00000000,0.00000000,0.00000000,0.00000000,0.00000000,0.00000000,0.00000000,0.00000000,0.00000000,0.00000000,0.00000000,0.00000000,0.00000000,0.72712837,0.00000000,1.18838784,0.00000000,2.45184072,0.00000000,0.00000000,0.00000000,0.00000000,0.00000000,1.28805835,0.00000000,0.00000000,0.00000000,2.43763310,0.00000000,0.00000000,0.00000000,0.00000000,0.00000000,4.00936830,0.00000000,0.00000000,0.00000000,1.12732997,0.00000000,1.16373462,0.00000000,1.26765839,0.00000000,1.24998099,0.00000000,0.00000000,0.00000000,0.00000000,0.00000000,2.37617534,0.00000000,0.00000000,0.00000000,0.00000000,0.00000000,0.00000000,0.00000000,0.00000000,0.00000000,0.00000000,0.00000000,0.00000000,0.00000000,2.93146636,0.00000000,0.00000000,0.00000000,0.00000000,0.00000000,0.00000000,0.00000000,1.87915883,0.00000000,0.00000000,0.00000000,0.00000000,0.00000000,0.00000000,0.00000000,2.69336287,0.00000000,0.00000000,0.00000000,0.00000000,0.00000000,0.00000000,0.00000000,1.70886671,2.29806162,0.00000000,0.00000000,0.00000000,0.00000000,0.00000000,0.00000000,0.00000000,0.00000000,0.00000000,0.00000000,0.00000000,0.00000000,0.00000000,0.00000000,0.00000000,0.00000000,0.96196763,0.00000000,0.00000000,0.00000000,0.00000000,0.00000000,0.00000000,0.00000000,0.00000000,0.00000000,0.00000000,0.00000000,2.65755564,3.09077289,0.00000000,0.00000000,0.00000000,0.00000000,0.00000000,0.00000000,1.49636486,0.00000000,1.59726183,0.00000000,1.70165814,0.00000000,1.45689921,0.00000000,1.75909929,0.00000000,2.02033426,0.00000000,1.56272954,0.00000000,1.79201138,0.00000000,0.00000000,0.00000000,1.47306278,2.61249555,1.79459798,2.24862670,1.32563837,0.00000000,1.45211377,0.00000000,0.00000000,0.00000000,0.00000000,0.00000000,0.00000000,0.00000000,0.00000000,0.00000000,0.00000000,0.00000000,0.00000000
0.00000000,0.00000000,0.00000000,0.00000000,0.00000000,0.00000000,0.00000000,0.00000000,0.00000000,0.00000000,0.00000000,0.00000000,0.00000000,0.00000000,0.00000000,0.00000000,0.00000000,0.00000000,0.00000000,0.00000000,0.00000000,0.00000000,0.00000000,0.00000000,0.00000000,0.00000000,0.00000000,0.00000000,0.00000000,0.00000000,0.00000000,0.00000000,0.00000000,0.00000000,0.00000000,0.00000000,0.00000000,0.00000000,0.00000000,0.00000000,0.00000000,0.00000000,0.00000000,0.00000000,0.00000000,0.00000000,0.00000000,0.00000000,0.00000000,0.50658919,0.00000000,0.00000000,0.00000000,0.00000000,0.00000000,0.00000000,0.00000000,0.00000000,0.00000000,0.00000000,0.00000000,0.00000000,0.00000000,0.00000000,0.00000000,0.00000000,0.00000000,0.00000000,0.00000000,0.87987981,0.00000000,0.00000000,0.00000000,0.00000000,0.00000000,0.00000000,0.00000000,0.85690687,0.00000000,0.00000000,0.00000000,1.25994822,0.00000000,0.58151841,0.00000000,2.97416710,0.00000000,0.00000000,0.00000000,0.53747720,0.00000000,0.00000000,0.00000000,0.00000000,0.00000000,0.97393079,0.00000000,2.90738581,0.00000000,2.33746129,0.00000000,1.40004509,0.00000000,1.17311372,0.00000000,1.36735428,0.00000000,1.47058596,0.00000000,0.00000000,0.00000000,0.00000000,0.00000000,0.00000000,0.00000000,0.00000000,0.00000000,0.00000000,0.00000000,1.89313013,0.00000000,0.00000000,0.00000000,0.00000000,0.00000000,0.00000000,0.00000000,0.00000000,0.00000000,0.00000000,0.00000000,0.00000000,0.00000000,0.00000000,0.00000000,2.05365299,0.00000000,2.63320937,0.00000000,0.00000000,0.00000000,0.00000000,0.00000000,0.00000000,0.00000000,0.00000000,0.00000000,0.00000000,0.00000000,0.00000000,0.00000000,0.00000000,0.00000000,0.00000000,0.00000000,0.00000000,0.00000000,0.00000000,0.00000000,0.00000000,0.00000000,0.00000000,0.00000000,0.00000000,0.00000000,0.00000000,0.00000000,0.00000000,0.00000000,1.01425743,0.00000000,0.00000000,0.00000000,0.00000000,0.00000000,0.00000000,0.00000000,0.00000000,0.00000000,0.00000000,0.00000000,0.00000000,0.00000000,0.00000000,0.00000000,0.00000000,0.00000000,0.00000000,0.00000000,2.15775413,0.00000000,2.44334206,0.00000000,2.84741511,0.00000000,1.33856529,0.00000000,2.02282313,0.00000000,1.69131908,0.00000000,1.57337540,0.00000000,1.53482200,0.00000000,0.00000000,0.00000000,1.90236983,0.00000000,1.46818606,0.00000000,0.00000000,0.00000000,0.00000000,1.65664981,0.00000000,0.00000000,0.00000000,1.96364805,1.08584877,1.53754785,0.00000000,1.93041069,0.74283336,1.62324968
0.00000000,0.00000000,0.00000000,0.00000000,0.00000000,0.00000000,0.00000000,0.00000000,2.93179947,0.00000000,0.00000000,0.00000000,0.00000000,0.00000000,0.00000000,0.00000000,0.00000000,0.00000000,0.00000000,0.00000000,0.00000000,0.00000000,0.00000000,0.00000000,0.00000000,0.00000000,0.00000000,0.00000000,0.00000000,0.00000000,0.00000000,0.00000000,0.00000000,0.00000000,0.00000000,0.00000000,0.00000000,0.00000000,0.00000000,0.00000000,0.00000000,0.00000000,0.00000000,0.00000000,0.00000000,0.00000000,0.00000000,0.00000000,2.68933235,0.00000000,0.00000000,0.00000000,0.00000000,0.00000000,0.00000000,0.00000000,0.00000000,0.00000000,0.00000000,0.00000000,0.00000000,0.00000000,0.00000000,0.00000000,0.00000000,0.00000000,0.00000000,0.00000000,0.00000000,0.00000000,0.00000000,0.00000000,0.00000000,0.00000000,1.57061783,0.00000000,0.00000000,0.00000000,0.00000000,0.00000000,1.70329518,0.00000000,0.00000000,0.00000000,0.00000000,0.00000000,0.00000000,0.00000000,0.00000000,0.00000000,0.00000000,0.00000000,0.00000000,0.00000000,0.00000000,0.00000000,6.70606526,0.00000000,1.80575710,0.00000000,1.24408163,0.00000000,0.00000000,0.00000000,1.31742295,0.00000000,0.00000000,1.76728775,0.00000000,0.00000000,0.00000000,0.00000000,0.00000000,0.00000000,0.00000000,0.00000000,0.00000000,0.00000000,2.73151790,2.11955812,1.76195699,0.00000000,0.00000000,0.00000000,3.13591440,0.00000000,1.84955109,0.00000000,0.00000000,0.00000000,4.50641689,0.00000000,5.89847578,2.86318807,2.32943932,1.78332775,0.00000000,1.59288152,0.00000000,0.00000000,0.00000000,0.00000000,4.03482398,0.00000000,0.00000000,0.00000000,2.91023110,0.00000000,2.29678079,0.00000000,2.12945043,1.22087182,0.00000000,0.00000000,0.00000000,0.00000000,0.00000000,0.00000000,0.00000000,0.00000000,0.00000000,0.00000000,0.00000000,0.00000000,0.00000000,0.00000000,0.00000000,0.00000000,0.00000000,0.00000000,0.00000000,0.00000000,0.00000000,0.00000000,0.00000000,0.00000000,0.00000000,0.00000000,0.00000000,0.00000000,1.55713759,1.38603035,0.00000000,0.00000000,4.58038074,0.00000000,0.00000000,0.00000000,1.97610216,2.18898784,2.27678867,0.00000000,2.08572182,1.34001406,1.92158551,0.00000000,1.75753350,1.76835485,1.41970439,2.24658076,1.74233637,2.02428633,2.19044852,1.44219144,1.47306278,0.00000000,0.00000000,1.44352045,1.81758882,1.04819609,2.27445904,1.48895119,0.00000000,0.00000000,1.92478142,0.00000000,1.43908301,0.00000000,0.00000000,0.00000000,0.00000000,0.00000000,2.72796192,0.00000000,0.00000000
0.00000000,0.00000000,0.00000000,0.00000000,0.00000000,0.00000000,0.00000000,0.00000000,0.00000000,0.00000000,0.00000000,0.00000000,0.00000000,0.00000000,0.00000000,0.00000000,0.00000000,0.00000000,0.00000000,0.00000000,0.00000000,0.00000000,0.00000000,0.00000000,0.00000000,0.00000000,0.00000000,0.00000000,0.00000000,0.00000000,0.00000000,0.00000000,0.00000000,0.00000000,0.00000000,0.00000000,0.00000000,0.00000000,0.00000000,0.00000000,0.00000000,0.00000000,0.00000000,0.00000000,0.00000000,0.00000000,0.00000000,0.00000000,0.00000000,0.00000000,0.00000000,0.00000000,0.00000000,0.00000000,0.00000000,8.41243461,0.00000000,0.00000000,0.00000000,0.00000000,0.00000000,0.00000000,0.00000000,0.00000000,0.00000000,0.00000000,0.00000000,0.00000000,0.00000000,0.00000000,0.00000000,0.00000000,0.00000000,0.00000000,0.00000000,0.00000000,0.00000000,0.00000000,0.00000000,0.00000000,0.00000000,0.00000000,0.00000000,0.00000000,0.00000000,0.00000000,0.00000000,0.00000000,0.00000000,0.00000000,0.00000000,0.00000000,0.00000000,0.00000000,0.00000000,0.00000000,0.00000000,0.00000000,0.00000000,4.37332084,0.00000000,0.00000000,0.00000000,0.00000000,0.00000000,2.16354428,0.00000000,0.00000000,0.00000000,0.00000000,0.00000000,0.00000000,0.00000000,0.00000000,0.00000000,0.00000000,0.00000000,0.00000000,1.82792202,0.00000000,0.00000000,0.00000000,0.00000000,0.00000000,0.00000000,4.65333756,1.88850858,2.32719075,0.00000000,0.00000000,0.00000000,0.00000000,1.86190560,4.22058527,2.29996730,2.28166022,1.37010918,3.81229854,0.00000000,0.00000000,1.92852405,0.00000000,0.00000000,0.00000000,0.00000000,0.00000000,2.58105715,6.45350036,0.00000000,2.73223313,1.45402953,1.84387940,0.00000000,0.00000000,0.00000000,0.00000000,0.00000000,0.00000000,0.00000000,0.00000000,0.00000000,0.00000000,0.00000000,0.00000000,0.00000000,0.00000000,0.00000000,0.00000000,0.00000000,0.00000000,0.00000000,0.00000000,0.00000000,0.00000000,0.00000000,4.46592781,0.00000000,0.00000000,0.00000000,0.00000000,1.58129201,1.93651964,0.00000000,0.00000000,0.00000000,0.00000000,0.00000000,0.00000000,0.00000000,3.88310711,0.00000000,2.41674685,0.00000000,2.05279455,0.00000000,3.09588726,1.62804373,1.94897728,1.92657580,2.15229350,0.00000000,0.00000000,1.58388254,7.49796699,2.61249555,1.90236983,1.44352045,0.00000000,1.46104658,1.53716715,0.00000000,0.00000000,0.00000000,0.00000000,3.66090070,0.00000000,0.00000000,0.00000000,5.40074103,0.00000000,0.00000000,0.00000000,0.00000000,3.00218923,0.00000000
4.07358550,0.00000000,1.89544390,0.00000000,0.00000000,0.00000000,2.20526078,0.00000000,2.92009369,0.00000000,3.43877925,0.00000000,0.00000000,0.00000000,0.00000000,0.00000000,0.00000000,0.00000000,0.00000000,0.00000000,0.00000000,0.00000000,2.25261100,0.00000000,2.68112088,0.00000000,0.00000000,0.00000000,0.00000000,0.00000000,0.00000000,0.00000000,0.00000000,0.00000000,0.00000000,0.00000000,0.00000000,0.00000000,0.00000000,0.00000000,0.00000000,0.00000000,0.00000000,0.00000000,0.00000000,0.00000000,0.00000000,0.00000000,6.94754379,0.00000000,0.00000000,0.00000000,0.00000000,0.00000000,3.09710606,0.00000000,1.62429362,0.00000000,1.53616496,0.00000000,0.00000000,0.00000000,0.00000000,0.00000000,0.00000000,0.00000000,2.67652061,0.00000000,0.00000000,0.00000000,2.18260254,0.00000000,1.43367714,0.00000000,1.01081887,0.00000000,0.00000000,0.00000000,0.00000000,0.00000000,1.69788391,0.00000000,0.00000000,0.00000000,3.32771469,0.00000000,1.46991602,0.00000000,0.00000000,0.00000000,0.00000000,1.10969840,0.00000000,0.00000000,0.00000000,0.00000000,0.00000000,1.80746930,1.79307347,0.00000000,0.00000000,1.18116322,0.00000000,0.00000000,1.57935970,0.00000000,2.00899815,1.42087372,0.00000000,0.00000000,0.00000000,0.00000000,0.00000000,0.00000000,0.00000000,0.00000000,0.00000000,0.00000000,0.00000000,0.00000000,1.90734122,0.00000000,3.63281496,0.00000000,1.57799231,0.00000000,1.74779749,1.04327555,0.00000000,0.00000000,2.43708706,0.00000000,2.16148609,0.00000000,1.33769150,1.69007562,5.20693048,1.19321893,4.68544304,0.00000000,1.76618386,0.00000000,2.09815434,1.55306809,0.00000000,0.00000000,1.45529952,1.29835055,2.10521576,0.00000000,2.28632456,1.11344201,4.58150650,0.00000000,3.66389575,0.00000000,0.00000000,0.00000000,0.00000000,0.00000000,0.00000000,0.00000000,1.65556895,0.00000000,0.00000000,0.00000000,0.00000000,0.00000000,1.31224189,0.00000000,5.11460454,0.00000000,0.00000000,0.00000000,0.00000000,0.00000000,0.00000000,0.00000000,0.00000000,0.00000000,1.92441935,1.37043982,0.00000000,0.00000000,2.40944931,0.00000000,0.00000000,0.00000000,0.00000000,0.00000000,3.67803467,0.00000000,2.51666931,1.07403616,3.81079530,0.00000000,2.97666153,2.15166431,3.08139915,1.85809384,2.61391441,1.92983552,3.78275910,1.12754996,1.79459798,0.00000000,1.81758882,1.46104658,0.00000000,1.08415371,3.74292115,0.00000000,2.52141511,4.17381204,2.99491211,0.00000000,1.33049881,2.70542368,0.00000000,0.00000000,0.00000000,0.00000000,0.00000000,0.00000000,0.00000000
0.00000000,1.91872624,0.00000000,0.00000000,0.00000000,0.00000000,0.00000000,2.18444331,0.00000000,1.35962969,0.00000000,0.00000000,0.00000000,0.00000000,0.00000000,0.00000000,0.00000000,0.00000000,0.00000000,0.00000000,0.00000000,0.00000000,0.00000000,0.00000000,0.00000000,0.00000000,0.00000000,0.00000000,0.00000000,0.00000000,0.00000000,0.00000000,0.00000000,0.00000000,0.00000000,0.00000000,0.00000000,0.00000000,0.00000000,0.00000000,0.00000000,0.00000000,0.00000000,0.00000000,0.00000000,0.00000000,0.00000000,0.00000000,0.00000000,0.00000000,0.00000000,0.00000000,0.00000000,0.00000000,0.00000000,0.00000000,0.00000000,1.74987158,0.00000000,2.98364749,0.00000000,0.00000000,0.00000000,0.00000000,0.00000000,1.20910772,0.00000000,2.53036592,0.00000000,0.00000000,0.00000000,0.00000000,0.00000000,0.00000000,0.00000000,1.62983513,0.00000000,0.00000000,0.00000000,0.00000000,0.00000000,0.00000000,1.96919331,0.00000000,0.00000000,3.52201186,2.37199847,0.00000000,0.00000000,0.00000000,0.00000000,0.00000000,0.00000000,0.00000000,0.00000000,0.00000000,0.00000000,2.36013130,0.00000000,0.00000000,1.41668419,1.82714693,0.00000000,1.96404938,0.00000000,1.56529653,0.00000000,1.39208640,0.00000000,0.00000000,0.00000000,0.00000000,0.00000000,0.00000000,0.00000000,0.00000000,0.00000000,0.00000000,0.00000000,0.00000000,0.00000000,0.00000000,1.95853620,0.00000000,0.87145811,1.95336223,0.97038156,2.33930489,0.00000000,1.92752820,0.00000000,2.40987244,1.11510751,3.31891030,1.34128363,1.54725536,1.11886539,2.56283671,0.63193497,3.95412765,1.40087779,0.00000000,1.88378985,3.56693316,0.00000000,0.00000000,0.92242490,2.48917989,0.00000000,1.44849778,1.09744224,1.74798072,0.00000000,1.82632842,0.00000000,0.00000000,0.00000000,0.00000000,0.00000000,0.00000000,0.00000000,2.29222182,0.00000000,3.19756948,0.00000000,0.00000000,0.00000000,0.00000000,0.00000000,2.26034238,0.00000000,0.00000000,0.00000000,0.00000000,0.00000000,0.00000000,0.00000000,0.00000000,0.00000000,0.00000000,1.09259809,1.43596950,0.00000000,0.00000000,0.00000000,0.00000000,0.00000000,0.00000000,0.00000000,0.00000000,1.26290394,1.88545627,1.34073161,2.19649528,4.77033267,3.34656310,0.00000000,2.30734790,1.43546626,2.05333376,3.38769886,1.68577919,1.38571847,5.49472545,2.24862670,1.46818606,1.04819609,1.53716715,1.08415371,0.00000000,0.00000000,0.00000000,0.00000000,0.00000000,3.38432206,0.00000000,0.00000000,0.00000000,7.37519555,0.00000000,7.05843377,2.24665305,6.03442156,1.73679827,3.61895622
1.09778937,0.00000000,1.18830651,0.00000000,1.08957294,5.85515468,1.33632791,2.05149384,1.92422758,0.00000000,1.03720289,0.00000000,0.00000000,0.00000000,1.72046131,0.00000000,1.66538300,0.00000000,2.29515451,0.00000000,1.26389788,0.00000000,1.29022315,0.00000000,2.09182873,0.00000000,2.72861573,0.00000000,0.00000000,0.00000000,2.03604601,0.00000000,1.81230026,0.00000000,0.00000000,0.00000000,2.82891697,0.00000000,2.36722840,0.00000000,0.00000000,0.00000000,1.55197186,0.00000000,0.00000000,0.00000000,0.00000000,0.00000000,2.95232992,0.00000000,2.10052681,0.00000000,1.19718311,3.25022492,1.41387204,0.00000000,1.01697305,4.44897100,0.95376463,2.18523980,1.57996208,0.00000000,1.48298915,0.00000000,2.23799402,0.00000000,0.94152930,3.44578553,1.57916088,0.00000000,2.07373697,0.00000000,0.88786380,0.00000000,1.42820054,0.00000000,1.56357310,0.00000000,0.98762431,0.00000000,1.46561861,0.00000000,1.10767235,0.00000000,0.00000000,0.00000000,1.21569335,0.00000000,1.34297895,0.00000000,0.00000000,0.00000000,1.46989809,0.00000000,1.54371962,0.00000000,2.45583193,0.00000000,4.75520221,0.00000000,1.83921231,0.00000000,1.52783181,0.00000000,0.00000000,0.00000000,0.00000000,0.00000000,0.00000000,0.00000000,0.00000000,0.00000000,0.00000000,0.00000000,0.00000000,0.00000000,0.00000000,0.00000000,6.67251226,0.00000000,2.81987086,0.00000000,0.00000000,0.00000000,3.37919657,0.00000000,2.06030177,0.00000000,1.61920776,0.00000000,2.06143362,7.02626599,2.80836291,0.00000000,3.98995788,0.00000000,4.56692101,0.00000000,1.36045506,0.00000000,1.60637633,0.00000000,3.55333896,0.00000000,1.75144429,0.00000000,5.97837102,0.00000000,2.64588559,0.00000000,5.14908121,2.68828884,2.52034033,0.00000000,1.17757081,0.00000000,2.45297383,0.00000000,1.39273645,10.91023424,1.00822344,1.70302235,1.40985898,14.96686763,0.00000000,0.00000000,2.64806618,0.00000000,2.56831675,0.00000000,1.85719956,2.63704796,1.90511821,0.00000000,0.00000000,0.00000000,1.40621824,3.11220358,1.89988068,0.00000000,7.03201141,0.00000000,2.70936256,0.00000000,4.55092562,0.00000000,3.83752130,0.00000000,1.67961379,0.00000000,2.34137706,0.00000000,1.62404491,0.00000000,2.53845588,0.00000000,4.40603382,0.00000000,1.65101660,0.00000000,3.25079137,0.00000000,1.60944119,0.00000000,1.32563837,0.00000000,2.27445904,0.00000000,3.74292115,0.00000000,0.00000000,1.72096438,0.88649506,1.93145628,1.38471489,1.09517238,2.44406767,2.36187152,7.15195317,4.69094995,4.62735483,0.00000000,0.00000000,0.00000000,0.00000000
2.30919054,0.00000000,1.92433940,0.00000000,1.36328503,0.00000000,1.73694065,6.61878771,1.51971275,0.00000000,1.41074336,0.00000000,1.73695567,0.00000000,1.27671340,0.00000000,5.93590226,0.00000000,1.13153583,0.00000000,1.67049437,0.00000000,5.06612533,0.00000000,5.11276054,0.00000000,2.28850798,0.00000000,2.55890953,0.00000000,2.67095244,0.00000000,1.70804732,0.00000000,1.27270441,0.00000000,3.00786994,0.00000000,1.95519122,0.00000000,1.52956598,0.00000000,4.95019821,0.00000000,5.00597716,0.00000000,1.52976785,1.78700391,2.09074575,2.37372385,2.38776550,0.00000000,0.99392813,0.00000000,1.63886963,0.00000000,1.23195283,2.60456626,1.01796903,3.21797798,1.91091464,0.00000000,1.35962415,0.00000000,4.15908276,0.00000000,2.45298027,0.00000000,0.00000000,0.00000000,5.65268067,0.00000000,3.59618372,0.00000000,0.00000000,0.00000000,0.00000000,0.00000000,0.00000000,0.00000000,2.50728356,0.00000000,0.00000000,0.00000000,0.00000000,0.00000000,0.00000000,0.00000000,0.00000000,0.00000000,0.00000000,0.00000000,0.00000000,0.00000000,0.00000000,0.00000000,0.00000000,0.00000000,0.00000000,0.00000000,0.00000000,0.00000000,0.00000000,0.00000000,0.00000000,0.00000000,1.77949940,0.00000000,0.00000000,0.00000000,0.00000000,0.00000000,0.00000000,0.00000000,0.00000000,0.00000000,0.00000000,0.00000000,0.00000000,0.00000000,0.00000000,0.00000000,0.00000000,0.00000000,0.00000000,0.00000000,0.00000000,0.00000000,0.00000000,0.00000000,0.00000000,0.00000000,0.00000000,0.00000000,0.00000000,0.00000000,0.00000000,0.00000000,2.56982974,0.00000000,0.00000000,0.00000000,0.00000000,0.00000000,0.00000000,0.00000000,4.01843758,0.00000000,0.00000000,0.00000000,3.67378153,0.00000000,2.31369402,0.00000000,1.46316175,0.00000000,2.97547008,0.00000000,1.69605570,0.00000000,1.23080785,1.42322752,2.11113234,2.82003970,4.17313120,0.00000000,3.01390512,0.00000000,4.76862894,0.00000000,1.51518924,0.00000000,1.81384598,0.00000000,0.00000000,0.00000000,1.44140704,8.61186501,1.95778188,0.00000000,0.00000000,0.00000000,6.79520951,0.00000000,4.65225186,0.00000000,2.59242819,0.00000000,1.68066331,0.00000000,0.00000000,0.00000000,1.50167506,0.00000000,0.00000000,0.00000000,0.00000000,0.00000000,1.33816659,0.00000000,2.24357775,0.00000000,0.00000000,0.00000000,0.00000000,0.00000000,1.48895119,0.00000000,0.00000000,0.00000000,1.72096438,0.00000000,0.91218463,1.32509654,0.80603815,3.58332434,1.39820010,2.04058179,4.39082174,4.67873449,0.00000000,0.00000000,0.00000000,0.00000000,0.00000000
1.83881476,0.00000000,1.70842497,0.00000000,1.26084796,0.00000000,1.18764447,0.00000000,2.16946622,0.00000000,1.72032688,0.00000000,1.71007060,0.00000000,1.72095756,0.00000000,1.29986029,0.00000000,1.36341323,0.00000000,1.33024367,0.00000000,1.83572380,0.00000000,4.50914204,0.00000000,2.87341852,0.00000000,2.85676050,0.00000000,1.65653077,0.00000000,2.15738578,0.00000000,1.12659558,0.00000000,1.23787681,0.00000000,2.79937252,2.76852804,2.35026062,0.00000000,1.78862386,0.00000000,4.47415844,0.00000000,2.06244146,0.00000000,1.96898741,0.00000000,1.71110143,0.00000000,0.93541515,0.00000000,1.38563157,0.00000000,0.94731639,0.00000000,0.93427905,2.17347905,1.56475286,0.00000000,1.99857901,0.00000000,0.00000000,0.00000000,2.12707173,2.50510078,1.80692764,0.00000000,3.25405664,0.00000000,4.11253854,0.00000000,3.97929030,0.00000000,3.33603338,0.00000000,2.52017883,0.00000000,2.57928188,0.00000000,3.48053729,0.00000000,0.00000000,0.00000000,3.45669624,0.00000000,1.84505148,0.00000000,0.00000000,0.00000000,5.30005884,0.00000000,0.00000000,0.00000000,0.00000000,0.00000000,0.00000000,0.00000000,1.45753680,0.00000000,6.03929377,0.00000000,0.00000000,0.00000000,1.40142552,0.00000000,4.30961146,0.00000000,0.00000000,0.00000000,0.00000000,0.00000000,3.73560130,0.00000000,0.00000000,0.00000000,0.00000000,0.00000000,0.00000000,0.00000000,2.96273463,0.00000000,2.23808625,0.00000000,0.00000000,2.24539055,1.14975035,0.00000000,1.69657558,0.00000000,0.00000000,0.00000000,3.62275889,0.00000000,2.39548176,0.00000000,2.27324870,2.71175475,1.77901232,0.00000000,2.10141177,0.00000000,1.22152438,0.00000000,2.82320064,0.00000000,0.00000000,0.00000000,3.71919048,0.00000000,5.89086279,0.00000000,0.93886841,0.00000000,1.29799519,0.00000000,1.31254774,0.00000000,1.19077523,0.00000000,1.11399104,0.00000000,1.54286735,0.00000000,1.63267263,0.00000000,1.03320078,4.65982274,2.37486214,0.00000000,1.64645853,0.00000000,8.55342922,0.00000000,1.76539100,0.00000000,2.69810303,0.00000000,4.30171175,0.00000000,4.39959525,0.00000000,4.81085012,0.00000000,3.13311056,0.00000000,1.26700612,17.98912776,1.56478493,0.00000000,1.13178700,0.00000000,1.70121526,0.00000000,2.60420678,0.00000000,2.02550399,0.00000000,4.09217155,0.00000000,1.30826553,4.10502710,1.45211377,0.00000000,0.00000000,0.00000000,2.52141511,0.00000000,0.88649506,0.91218463,0.00000000,1.29590479,1.25593186,3.05806705,1.05444225,0.99519070,8.43915305,0.00000000,5.16994234,0.00000000,0.00000000,0.00000000,0.00000000
0.00000000,0.00000000,1.00202686,0.00000000,0.00000000,0.00000000,1.08954419,0.00000000,1.38024681,9.44645912,1.36964310,0.00000000,0.00000000,0.00000000,1.54562716,0.00000000,1.34022752,0.00000000,1.60922319,0.00000000,1.55423939,0.00000000,0.00000000,0.00000000,1.21410120,0.00000000,2.77839997,0.00000000,0.00000000,0.00000000,1.72827944,0.00000000,0.00000000,0.00000000,1.59505391,0.00000000,2.13127986,0.00000000,1.23356835,0.00000000,0.00000000,0.00000000,1.80505552,0.00000000,3.42965360,0.00000000,0.00000000,0.00000000,6.28154885,0.00000000,2.59024091,0.00000000,1.20071275,0.00000000,1.14023625,0.00000000,0.83966579,0.00000000,0.64502263,4.29244969,1.34873545,0.00000000,1.91718196,0.00000000,0.00000000,0.00000000,0.00000000,0.00000000,0.00000000,0.00000000,1.23407756,0.00000000,0.00000000,0.00000000,0.00000000,0.00000000,0.00000000,0.00000000,2.25707664,0.00000000,0.00000000,0.00000000,0.00000000,0.00000000,0.00000000,0.00000000,0.00000000,0.00000000,0.00000000,0.00000000,0.00000000,0.00000000,0.00000000,0.00000000,7.37624226,0.00000000,0.00000000,0.00000000,0.00000000,0.00000000,0.00000000,0.00000000,0.00000000,0.00000000,0.00000000,0.00000000,0.00000000,0.00000000,0.00000000,0.00000000,0.00000000,0.00000000,0.00000000,0.00000000,0.00000000,0.00000000,0.00000000,0.00000000,0.00000000,0.00000000,0.00000000,0.00000000,0.00000000,0.00000000,0.00000000,0.00000000,0.00000000,0.00000000,0.00000000,0.00000000,1.55201299,0.00000000,0.00000000,0.00000000,1.69392656,0.00000000,2.02281469,0.00000000,1.00207012,0.00000000,1.47721857,0.00000000,0.00000000,0.00000000,1.09510924,0.00000000,0.00000000,0.00000000,0.00000000,0.00000000,0.00000000,0.00000000,0.00000000,0.00000000,0.94218585,0.00000000,1.19863581,0.00000000,0.00000000,0.00000000,1.16884890,0.00000000,1.80525656,0.00000000,2.69471337,0.00000000,2.00449410,0.00000000,0.00000000,0.00000000,1.27395573,0.00000000,1.33526465,0.00000000,0.00000000,0.00000000,0.00000000,9.04843811,0.00000000,0.00000000,0.00000000,0.00000000,1.84868769,0.00000000,0.00000000,0.00000000,4.27208891,0.00000000,0.00000000,0.00000000,0.00000000,0.00000000,0.00000000,0.00000000,0.00000000,0.00000000,2.59580048,0.00000000,0.00000000,0.00000000,3.33255630,0.00000000,1.23675215,0.00000000,0.00000000,0.00000000,0.00000000,0.00000000,4.17381204,0.00000000,1.93145628,1.32509654,1.29590479,0.00000000,3.44407377,5.36789758,1.75005916,0.00000000,10.83038852,0.00000000,15.11142550,0.00000000,0.00000000,0.00000000,0.79141788
0.95487351,2.47158714,1.06904647,2.40050780,1.19081250,3.24860102,2.33411225,2.22343374,2.66787060,1.34934154,2.39536301,2.45908750,0.00000000,4.22476364,1.69768513,3.65407354,3.26800757,0.00000000,1.78202133,2.20671688,2.36396968,2.15638318,1.60218881,4.52526721,1.48042536,4.27202872,2.32437093,2.21008652,0.00000000,0.00000000,2.33832566,3.08892589,2.36806896,4.72899429,1.94151851,1.72499952,2.63392990,2.61488032,2.10074473,0.00000000,0.00000000,0.00000000,1.88395480,2.03046627,0.00000000,2.78517763,0.00000000,0.00000000,2.15590334,11.19146561,2.65453663,2.81386511,1.98106034,4.30178870,2.53581820,1.10152448,1.39601956,1.48638046,1.81681413,1.35002848,0.00000000,0.00000000,2.45777737,4.34029225,3.05955445,4.17887610,2.90157511,2.57424362,1.87306380,0.00000000,0.00000000,5.05560075,4.68980096,4.90038669,0.00000000,6.31309864,0.00000000,2.69611817,2.29320084,5.40765171,5.81427223,4.53362427,1.96032690,2.77843883,0.00000000,0.00000000,4.62479087,4.69117991,0.00000000,1.59141443,0.00000000,0.00000000,2.04019422,2.00392445,4.02492460,4.44871168,0.00000000,0.00000000,0.00000000,0.00000000,5.46007827,0.00000000,2.78168699,2.37304618,0.00000000,2.17202914,0.00000000,0.00000000,0.00000000,0.00000000,0.00000000,0.00000000,0.00000000,0.00000000,0.00000000,0.00000000,0.00000000,0.00000000,0.00000000,0.00000000,0.00000000,0.00000000,2.67425939,0.00000000,4.67105352,3.78774573,4.83769949,3.18652320,3.46696122,3.08674373,3.43376002,2.98936550,5.31444086,2.92779209,3.35963713,3.24489067,3.77284936,3.66859786,2.43053104,3.70347842,4.21429914,3.61858029,2.82970701,2.49556996,3.75097634,4.33355582,5.28075508,5.70016845,5.23292960,4.87679367,4.59246914,5.70561195,5.97829867,6.68270272,1.74119378,1.91538273,2.41060361,2.10787513,2.49740859,2.08711633,1.69873678,2.03241214,4.25776648,6.36819931,0.00000000,2.27736813,1.85993033,0.00000000,1.81426068,5.38980287,1.85934324,1.81828286,2.19988400,4.36389820,0.00000000,2.85881600,1.78997450,2.86905998,0.00000000,1.09308867,3.35082303,5.72034725,2.38651619,1.57206777,3.04586298,0.00000000,1.93703515,0.00000000,0.00000000,1.30766346,0.00000000,3.58040541,0.00000000,2.36178165,0.00000000,2.53177866,0.00000000,0.00000000,2.46490454,3.11618368,0.00000000,6.14773046,2.12114417,1.59391714,0.00000000,1.65664981,1.92478142,3.66090070,2.99491211,3.38432206,1.38471489,0.80603815,1.25593186,3.44407377,0.00000000,0.00000000,3.22694932,2.71721086,1.08702636,0.87797358,3.93645051,5.03311007,4.46488561,3.78832593,3.50051052
0.00000000,0.00000000,3.87908244,0.00000000,0.00000000,0.00000000,0.00000000,0.00000000,0.00000000,0.00000000,0.00000000,0.00000000,0.00000000,0.00000000,0.00000000,0.00000000,0.00000000,0.00000000,0.00000000,0.00000000,0.00000000,0.00000000,0.00000000,0.00000000,0.00000000,0.00000000,0.00000000,0.00000000,0.00000000,0.00000000,0.00000000,0.00000000,0.00000000,0.00000000,0.00000000,0.00000000,0.00000000,0.00000000,0.00000000,0.00000000,0.00000000,0.00000000,0.00000000,0.00000000,0.00000000,0.00000000,10.41434481,0.00000000,1.57876500,0.00000000,0.00000000,0.00000000,0.00000000,0.00000000,0.00000000,0.00000000,0.00000000,0.00000000,0.00000000,0.00000000,0.00000000,0.00000000,0.00000000,0.00000000,0.00000000,0.00000000,0.00000000,0.00000000,1.95436861,0.00000000,0.00000000,0.00000000,0.00000000,0.00000000,0.00000000,0.00000000,1.32481856,0.00000000,1.54480033,0.00000000,2.98958706,0.00000000,1.04932715,0.00000000,0.00000000,0.00000000,1.31992817,0.00000000,3.34701585,0.00000000,4.46850218,0.00000000,0.85320573,0.00000000,1.56814434,0.00000000,0.00000000,0.00000000,0.00000000,0.00000000,1.47362186,0.00000000,1.29791824,0.00000000,2.57306716,0.00000000,2.61990030,0.00000000,1.04208622,0.00000000,1.13020191,0.00000000,2.13413663,0.00000000,0.75985133,0.00000000,2.04924080,0.00000000,1.23579037,0.00000000,0.00000000,0.00000000,0.00000000,0.00000000,4.20456624,0.00000000,0.00000000,0.00000000,0.00000000,0.00000000,0.00000000,0.00000000,0.00000000,0.00000000,0.00000000,0.00000000,0.00000000,0.00000000,3.39877681,0.00000000,3.77624706,0.00000000,0.00000000,0.00000000,2.72914546,0.00000000,0.00000000,6.24877822,0.00000000,0.00000000,2.68806724,0.00000000,3.04143531,0.00000000,0.00000000,0.00000000,0.00000000,0.00000000,0.00000000,0.00000000,0.00000000,0.00000000,0.00000000,0.00000000,0.00000000,0.00000000,0.00000000,0.00000000,4.37772308,0.00000000,0.00000000,0.00000000,0.00000000,0.00000000,5.42292596,0.00000000,0.00000000,0.00000000,0.00000000,0.00000000,5.74840181,0.00000000,1.88451748,0.00000000,0.00000000,0.00000000,0.00000000,0.00000000,1.20820550,0.00000000,1.96809972,11.01489276,1.93283828,0.00000000,0.94222843,0.00000000,2.62433909,0.00000000,2.35751037,0.00000000,0.00000000,0.00000000,2.08927955,2.41424200,0.00000000,0.00000000,0.00000000,0.00000000,0.00000000,0.00000000,1.09517238,3.58332434,3.05806705,5.36789758,0.00000000,0.00000000,1.55497845,1.81998902,0.00000000,0.00000000,0.00000000,0.00000000,0.00000000,0.00000000,0.00000000
0.00000000,0.00000000,1.75089187,0.00000000,5.86836283,0.00000000,1.43674943,0.00000000,1.67666682,0.00000000,0.00000000,0.00000000,0.00000000,0.00000000,0.00000000,0.00000000,0.00000000,0.00000000,1.28312057,0.00000000,0.00000000,0.00000000,0.00000000,0.00000000,0.00000000,0.00000000,0.00000000,0.00000000,0.00000000,0.00000000,0.00000000,0.00000000,0.00000000,0.00000000,0.00000000,0.00000000,0.00000000,0.00000000,1.75854140,0.00000000,0.00000000,0.00000000,0.00000000,0.00000000,0.00000000,0.00000000,0.00000000,0.00000000,4.18118601,0.00000000,0.00000000,0.00000000,2.59017009,0.00000000,1.10711890,0.00000000,0.90712988,0.00000000,0.74953374,7.27293361,0.00000000,0.00000000,2.63722485,0.00000000,0.00000000,0.00000000,0.00000000,0.00000000,1.20738155,0.00000000,0.00000000,0.00000000,0.00000000,0.00000000,3.46993613,0.00000000,2.23484779,0.00000000,3.52039895,0.00000000,3.60515364,0.00000000,1.77343905,0.00000000,4.96391229,0.00000000,2.63739813,0.00000000,2.98182688,0.00000000,0.00000000,0.00000000,1.18175292,0.00000000,2.49741425,0.00000000,0.00000000,0.00000000,0.00000000,0.00000000,1.91773038,0.00000000,1.45352313,0.00000000,0.00000000,0.00000000,0.00000000,0.00000000,1.88830200,0.00000000,0.00000000,0.00000000,0.00000000,0.00000000,2.68970563,0.00000000,0.00000000,0.00000000,0.00000000,0.00000000,0.00000000,0.00000000,0.00000000,0.00000000,0.00000000,0.00000000,0.00000000,0.00000000,0.00000000,0.00000000,1.42164019,0.00000000,0.00000000,0.00000000,2.99660157,0.00000000,2.61736104,0.00000000,1.20345364,0.00000000,1.33949005,0.00000000,1.51587753,0.00000000,1.15342652,0.00000000,0.00000000,0.00000000,0.00000000,0.00000000,1.19232957,0.00000000,1.86647651,0.00000000,1.06496337,0.00000000,1.49820861,0.00000000,1.20808814,0.00000000,0.97008267,0.00000000,1.61548186,0.00000000,0.00000000,0.00000000,3.30775388,0.00000000,0.00000000,0.00000000,2.68370999,0.00000000,0.00000000,0.00000000,0.00000000,0.00000000,0.00000000,0.00000000,0.00000000,0.00000000,0.00000000,0.00000000,0.00000000,0.00000000,0.00000000,0.00000000,0.00000000,0.00000000,1.71768742,0.00000000,1.58041366,0.00000000,1.33576607,0.00000000,1.14922026,0.00000000,1.93662683,0.00000000,1.32019514,0.00000000,3.64552249,0.00000000,1.28659678,0.00000000,0.00000000,0.00000000,1.43908301,0.00000000,1.33049881,0.00000000,2.44406767,1.39820010,1.05444225,1.75005916,3.22694932,1.55497845,0.00000000,2.27324741,0.00000000,0.00000000,0.00000000,0.00000000,0.00000000,0.00000000,0.00000000
0.00000000,0.00000000,2.80371270,0.00000000,0.00000000,0.00000000,1.69862401,0.00000000,0.00000000,0.00000000,0.00000000,0.00000000,0.00000000,0.00000000,8.58854550,0.00000000,0.00000000,0.00000000,0.00000000,0.00000000,0.00000000,0.00000000,0.00000000,0.00000000,2.24978572,0.00000000,1.01889869,0.00000000,0.00000000,0.00000000,0.00000000,0.00000000,0.00000000,0.00000000,4.34234969,0.00000000,0.00000000,0.00000000,0.00000000,0.00000000,1.66867256,0.00000000,3.13265761,0.00000000,0.95398167,0.00000000,0.86465240,5.36154343,2.78169652,2.01687062,2.33238162,0.00000000,0.00000000,0.00000000,0.00000000,0.00000000,0.00000000,0.00000000,1.43804558,0.00000000,0.00000000,0.00000000,0.00000000,0.00000000,0.00000000,0.00000000,3.35741826,0.00000000,0.00000000,0.00000000,0.00000000,0.00000000,2.30260696,0.00000000,0.00000000,0.00000000,0.00000000,0.00000000,0.00000000,0.00000000,0.00000000,0.00000000,0.00000000,0.00000000,0.00000000,0.00000000,4.92074707,0.00000000,0.00000000,0.00000000,5.71453680,0.00000000,0.00000000,0.00000000,0.00000000,0.00000000,0.00000000,0.00000000,0.00000000,0.00000000,0.00000000,0.00000000,1.79057045,0.00000000,0.00000000,0.00000000,0.00000000,0.00000000,0.00000000,0.00000000,0.00000000,0.00000000,0.00000000,0.00000000,0.00000000,0.00000000,0.00000000,0.00000000,0.00000000,0.00000000,0.00000000,0.00000000,0.00000000,0.00000000,0.00000000,0.00000000,0.00000000,0.00000000,1.91285149,0.00000000,0.00000000,0.00000000,0.00000000,0.00000000,2.80328191,0.00000000,0.00000000,0.00000000,0.00000000,0.00000000,1.88511135,0.00000000,2.76625512,0.00000000,0.00000000,0.00000000,2.11444714,0.00000000,0.00000000,0.00000000,0.00000000,0.00000000,0.00000000,0.00000000,2.45640571,0.00000000,0.00000000,0.00000000,0.00000000,0.00000000,1.26171941,0.00000000,2.02578834,0.00000000,1.39300117,0.00000000,2.31899609,0.00000000,2.07782523,0.00000000,2.21129596,0.00000000,2.81758294,0.00000000,0.00000000,0.00000000,6.33339463,0.00000000,0.00000000,0.00000000,0.00000000,0.00000000,0.00000000,0.00000000,0.00000000,0.00000000,3.42133789,0.00000000,1.50834220,0.00000000,2.11669989,0.00000000,0.00000000,0.00000000,1.67249805,0.00000000,0.00000000,0.00000000,0.00000000,0.00000000,0.00000000,0.00000000,0.00000000,0.00000000,0.00000000,0.00000000,0.00000000,0.00000000,2.70542368,0.00000000,2.36187152,2.04058179,0.99519070,0.00000000,2.71721086,1.81998902,2.27324741,0.00000000,0.00000000,0.00000000,0.00000000,0.00000000,0.00000000,0.00000000,0.00000000
1.51872367,0.81418470,2.19214476,1.29488631,0.96278641,1.42062415,0.00000000,0.90207267,3.21316127,2.14451119,1.79024324,1.01382288,0.00000000,2.98291071,0.00000000,1.71070236,0.00000000,0.00000000,0.00000000,1.58945602,0.00000000,2.20847943,1.07578359,2.02897055,0.00000000,2.35246907,0.00000000,1.40878146,0.00000000,0.00000000,0.00000000,2.02555187,0.00000000,2.20718181,0.00000000,2.44029914,0.00000000,2.90306399,0.00000000,0.00000000,0.00000000,0.00000000,0.00000000,2.09116847,0.00000000,2.40418042,0.00000000,0.00000000,0.00000000,3.07558859,0.00000000,2.38533652,0.00000000,1.45562575,0.00000000,1.56261803,0.00000000,1.22654568,0.00000000,0.76980521,0.00000000,2.41305302,0.00000000,3.35493542,0.00000000,1.48981834,7.56163719,1.17501945,0.00000000,1.59795938,0.00000000,1.21398632,0.00000000,1.27090333,0.00000000,1.16463742,0.00000000,1.34565172,0.00000000,1.00733857,0.00000000,3.74829796,0.00000000,1.22711033,0.00000000,2.73570926,0.00000000,1.28964406,0.00000000,1.10321651,0.00000000,0.00000000,0.00000000,1.61474564,0.00000000,2.63699075,0.00000000,0.00000000,0.00000000,4.16173091,0.00000000,2.94256997,0.00000000,1.61944730,0.00000000,3.10685945,0.00000000,0.00000000,0.00000000,0.00000000,0.00000000,0.00000000,0.00000000,0.00000000,0.00000000,0.00000000,0.00000000,0.00000000,0.00000000,0.00000000,0.00000000,2.19665387,0.00000000,2.51577832,0.00000000,3.17951000,0.00000000,2.78370304,2.52173610,1.40435115,0.00000000,2.05839227,0.00000000,2.18739273,0.00000000,6.47007662,0.00000000,2.36388998,2.40188433,2.95757423,0.00000000,3.08681315,0.00000000,2.13658942,0.00000000,1.54317935,0.00000000,5.96242669,0.00000000,6.08991380,3.45436772,1.72561161,2.31737086,2.10057276,0.00000000,1.16554805,0.00000000,1.86495037,0.00000000,1.84809370,2.03304545,1.18902092,0.00000000,2.27524003,0.00000000,0.00000000,0.00000000,0.00000000,0.00000000,2.57582647,0.00000000,2.26919342,0.00000000,0.00000000,0.00000000,2.30811594,1.95491572,1.13808600,0.00000000,0.76270131,2.22209790,1.65562586,0.00000000,1.55272069,0.00000000,1.98789136,0.00000000,0.00000000,0.00000000,1.41721200,0.00000000,2.18836362,0.00000000,2.35322109,0.00000000,3.13182992,0.00000000,4.64442664,0.00000000,4.19104182,0.00000000,5.31128092,0.00000000,1.50469271,0.00000000,1.96364805,0.00000000,5.40074103,0.00000000,7.37519555,7.15195317,4.39082174,8.43915305,10.83038852,1.08702636,0.00000000,0.00000000,0.00000000,0.00000000,0.74888501,1.56487390,3.94365271,2.18818520,1.80489850,2.43979711
3.63341089,3.18703711,0.00000000,2.21376384,0.00000000,1.62747648,0.00000000,1.59729441,0.00000000,2.12884524,0.00000000,1.14102747,1.59343654,1.35430781,0.00000000,1.97341798,0.00000000,2.16758135,0.00000000,2.39261644,0.00000000,1.50065400,0.00000000,1.48915042,0.00000000,3.09470862,0.00000000,3.92921189,0.00000000,2.81428850,0.00000000,1.65496614,0.00000000,1.77755751,0.00000000,1.89491122,0.00000000,1.49837593,0.00000000,1.13850493,2.59065105,1.23599858,0.00000000,1.71095011,0.00000000,2.01255411,2.67724457,1.38181131,2.66482552,3.43472122,0.00000000,3.87272865,0.00000000,1.29634578,0.00000000,1.64006644,0.00000000,1.14522306,2.64244964,1.44508048,0.00000000,1.04139024,0.00000000,1.42356738,0.00000000,0.00000000,0.00000000,1.73003709,0.00000000,5.22767214,0.00000000,0.00000000,0.00000000,6.84067187,0.00000000,1.92020724,0.00000000,0.00000000,0.00000000,0.00000000,0.00000000,1.52655944,0.00000000,0.00000000,0.00000000,2.10073586,0.00000000,6.41411610,0.00000000,5.04118011,0.00000000,0.00000000,0.00000000,4.04566330,0.00000000,1.72249929,0.00000000,0.00000000,0.00000000,0.00000000,0.00000000,0.00000000,0.00000000,3.63841498,0.00000000,2.28228916,0.00000000,0.00000000,0.00000000,0.00000000,0.00000000,0.00000000,0.00000000,0.00000000,0.00000000,0.00000000,0.00000000,0.00000000,0.00000000,0.00000000,0.00000000,0.00000000,0.00000000,4.62232648,0.00000000,0.00000000,0.00000000,0.00000000,0.00000000,0.00000000,0.00000000,1.41057114,0.00000000,3.36583931,0.00000000,0.00000000,0.00000000,0.00000000,0.00000000,0.00000000,0.00000000,0.00000000,0.00000000,1.20015461,0.00000000,1.96253153,0.00000000,1.34473591,0.00000000,0.00000000,0.00000000,2.32723267,0.00000000,0.00000000,0.00000000,1.90310967,0.00000000,2.42521353,0.00000000,1.86981470,3.46361727,0.00000000,0.00000000,3.28898611,0.77480553,2.38004297,5.20369869,2.92301357,0.00000000,2.28537453,0.00000000,1.42914763,0.00000000,2.19213800,0.00000000,0.00000000,0.00000000,1.27866843,0.00000000,1.39135776,0.00000000,0.00000000,0.00000000,3.81724201,0.00000000,0.00000000,3.46890155,1.71218296,0.00000000,0.00000000,0.00000000,0.00000000,0.00000000,0.00000000,0.00000000,2.36864227,0.00000000,15.94981781,0.00000000,0.00000000,0.00000000,0.00000000,0.00000000,0.00000000,0.00000000,1.08584877,0.00000000,0.00000000,0.00000000,0.00000000,4.69094995,4.67873449,0.00000000,0.00000000,0.87797358,0.00000000,0.00000000,0.00000000,0.74888501,0.00000000,1.04847883,1.13290299,4.27168298,1.29552131,3.78658662
0.00000000,1.43170344,3.27200529,1.45591790,0.00000000,1.25165988,0.00000000,1.36926146,0.00000000,2.65844544,0.00000000,0.96666144,0.00000000,1.33864958,0.00000000,3.55620298,0.00000000,2.40788165,0.00000000,3.88698532,2.85237404,2.47235963,1.68016292,4.13068709,0.00000000,4.28893863,0.00000000,3.00378055,0.00000000,3.78273682,0.00000000,2.14966281,0.00000000,3.45263968,0.00000000,1.61507898,0.00000000,2.07573777,0.00000000,3.96847837,0.00000000,2.31542826,0.00000000,1.15194799,0.00000000,1.36928198,0.00000000,3.05495404,15.89758271,4.55120128,0.00000000,1.92130446,0.00000000,3.40448848,0.00000000,1.43730053,0.00000000,0.92067846,0.00000000,0.90337223,0.00000000,2.38410283,0.00000000,3.23912548,0.00000000,0.00000000,0.00000000,1.35113484,0.00000000,2.16955728,4.01793291,1.58451208,3.16973109,2.42527145,0.00000000,2.17485199,0.00000000,1.42041409,0.00000000,3.03989011,0.00000000,1.29101209,0.00000000,0.96294078,0.00000000,1.84108052,0.00000000,1.83587392,0.00000000,1.01947627,0.00000000,0.00000000,0.00000000,2.26423905,0.00000000,1.15855316,0.00000000,0.00000000,0.00000000,1.57299617,0.00000000,1.31040967,0.00000000,2.19174695,0.00000000,3.29571310,0.00000000,0.00000000,0.00000000,4.26608278,0.00000000,0.00000000,0.00000000,8.23559858,0.00000000,0.00000000,0.00000000,3.35076246,0.00000000,9.87649557,0.00000000,2.55494782,0.00000000,1.81036169,0.00000000,2.51981830,0.00000000,2.43138439,0.00000000,1.05471528,0.00000000,1.55502621,0.00000000,2.17570738,0.00000000,1.55024690,0.00000000,1.93030577,0.00000000,2.47043325,0.00000000,1.54905506,0.00000000,1.88217752,4.92467348,1.18280620,0.00000000,5.21764303,0.00000000,2.28827860,0.00000000,2.50463351,0.00000000,2.49610400,0.00000000,0.93176887,0.00000000,1.37142132,3.91565026,1.03600666,0.00000000,1.27825459,0.00000000,0.81582939,0.00000000,2.55196419,0.00000000,2.79649021,0.00000000,0.89255693,0.00000000,2.02875357,0.00000000,2.29319130,0.00000000,0.00000000,0.00000000,1.10712481,0.00000000,1.95311915,1.59856220,0.00000000,0.00000000,2.33803575,0.00000000,0.00000000,2.34278538,1.81421511,0.00000000,1.06601917,0.00000000,1.66059530,0.00000000,0.00000000,0.00000000,1.58725967,0.00000000,0.00000000,0.00000000,2.65574489,0.00000000,4.00809454,0.00000000,1.08728625,0.00000000,1.53754785,0.00000000,0.00000000,0.00000000,7.05843377,4.62735483,0.00000000,5.16994234,15.11142550,3.93645051,0.00000000,0.00000000,0.00000000,1.56487390,1.04847883,0.00000000,1.90749198,2.90534839,1.23211904,1.31539367
0.00000000,1.34026855,3.21250766,1.51310939,0.00000000,0.00000000,0.00000000,1.22883068,0.00000000,1.12572017,0.00000000,0.00000000,0.00000000,0.00000000,0.00000000,0.00000000,0.00000000,0.00000000,0.00000000,2.21483413,0.00000000,3.83889854,0.00000000,0.00000000,0.00000000,2.26848297,0.00000000,1.84541431,0.00000000,0.00000000,0.00000000,0.00000000,0.00000000,0.00000000,0.00000000,2.52329999,0.00000000,0.00000000,0.00000000,0.00000000,0.00000000,0.00000000,0.00000000,2.42692517,0.00000000,0.00000000,0.00000000,8.58309645,0.00000000,0.00000000,0.00000000,2.44472219,0.00000000,2.53678687,0.00000000,1.02932303,0.00000000,0.78283199,0.00000000,0.77407565,0.00000000,3.20202033,0.00000000,0.00000000,0.00000000,0.00000000,0.00000000,1.07849989,0.00000000,0.00000000,0.00000000,2.50710584,0.00000000,0.00000000,0.00000000,2.17551573,0.00000000,0.00000000,0.00000000,0.00000000,0.00000000,0.00000000,0.00000000,0.00000000,0.00000000,0.00000000,0.00000000,0.00000000,0.00000000,0.00000000,0.00000000,0.00000000,0.00000000,0.00000000,0.00000000,0.00000000,0.00000000,0.00000000,0.00000000,0.00000000,0.00000000,0.00000000,0.00000000,0.00000000,0.00000000,0.00000000,0.00000000,0.00000000,0.00000000,0.00000000,0.00000000,0.00000000,0.00000000,0.00000000,0.00000000,0.00000000,0.00000000,0.00000000,0.00000000,0.00000000,0.00000000,0.00000000,0.00000000,0.00000000,0.00000000,0.00000000,0.00000000,0.00000000,0.00000000,0.00000000,0.00000000,0.00000000,0.00000000,0.00000000,0.00000000,0.00000000,0.00000000,0.00000000,0.00000000,1.94722463,0.00000000,0.00000000,0.00000000,0.94153807,0.00000000,1.30620505,0.00000000,0.00000000,0.00000000,1.97464119,0.00000000,0.00000000,0.00000000,0.00000000,0.00000000,1.33976008,0.00000000,0.00000000,0.00000000,1.10394983,0.00000000,1.26109925,0.00000000,1.72937231,0.00000000,0.00000000,0.00000000,0.00000000,0.00000000,2.60732671,0.00000000,2.18516316,0.00000000,0.00000000,0.00000000,0.00000000,3.73771211,0.00000000,0.00000000,0.00000000,0.00000000,0.00000000,0.00000000,0.00000000,0.00000000,0.00000000,0.00000000,0.00000000,0.00000000,0.00000000,0.00000000,0.00000000,0.00000000,0.00000000,0.00000000,0.00000000,0.00000000,0.00000000,0.00000000,0.00000000,0.00000000,3.27679564,0.00000000,0.00000000,0.00000000,0.00000000,0.00000000,0.00000000,0.00000000,2.24665305,0.00000000,0.00000000,0.00000000,0.00000000,5.03311007,0.00000000,0.00000000,0.00000000,3.94365271,1.13290299,1.90749198,0.00000000,0.00000000,2.17560687,2.33709373
0.00000000,0.00000000,0.00000000,0.00000000,0.00000000,4.91876143,0.00000000,0.00000000,0.00000000,0.00000000,0.00000000,5.48780428,0.00000000,0.00000000,0.00000000,0.00000000,0.00000000,0.00000000,0.00000000,0.00000000,0.00000000,0.00000000,0.00000000,0.00000000,0.00000000,0.00000000,0.00000000,0.00000000,0.00000000,0.00000000,0.00000000,0.00000000,0.00000000,0.00000000,0.00000000,0.00000000,0.00000000,0.00000000,0.00000000,0.00000000,0.00000000,0.00000000,0.00000000,0.00000000,0.00000000,0.00000000,0.00000000,0.00000000,0.00000000,0.00000000,0.00000000,6.84343088,0.00000000,0.00000000,0.00000000,0.00000000,0.00000000,0.00000000,0.00000000,0.00000000,0.00000000,0.00000000,0.00000000,0.00000000,0.00000000,0.00000000,0.00000000,0.00000000,0.00000000,2.00330611,0.00000000,0.00000000,0.00000000,0.00000000,0.00000000,0.00000000,0.00000000,2.51619549,0.00000000,0.00000000,0.00000000,2.31050784,0.00000000,1.14395096,0.00000000,4.88670182,0.00000000,3.13014141,0.00000000,2.79831359,0.00000000,0.00000000,0.00000000,1.21270932,0.00000000,2.25640425,0.00000000,0.00000000,0.00000000,5.55043755,0.00000000,3.15840194,0.00000000,3.43405189,0.00000000,2.72527771,0.00000000,2.27704165,0.00000000,1.11643583,0.00000000,0.91156821,0.00000000,1.09838392,0.00000000,1.48671354,0.00000000,1.58743403,0.00000000,2.32498991,0.00000000,0.00000000,0.00000000,0.00000000,0.00000000,0.00000000,0.00000000,4.53747041,0.00000000,0.00000000,0.00000000,0.00000000,0.00000000,0.00000000,0.00000000,0.00000000,0.00000000,7.16141579,0.00000000,0.00000000,0.00000000,0.00000000,0.00000000,0.00000000,0.00000000,0.00000000,0.00000000,0.00000000,0.00000000,0.00000000,0.00000000,3.06677223,0.00000000,4.42169247,0.00000000,0.00000000,0.00000000,0.00000000,0.00000000,0.00000000,0.00000000,3.34234915,0.00000000,0.00000000,0.00000000,0.00000000,0.00000000,0.00000000,0.00000000,0.00000000,0.00000000,0.00000000,0.00000000,0.00000000,0.00000000,0.00000000,0.00000000,0.00000000,0.00000000,0.00000000,5.20469932,5.98741428,0.00000000,0.00000000,0.00000000,5.91959626,0.00000000,0.00000000,0.00000000,3.15882277,0.00000000,2.20675652,0.00000000,4.68549624,0.00000000,3.85477424,5.61407748,2.51286756,2.94978016,3.03935321,0.00000000,3.67634118,3.35276642,2.08254067,0.00000000,1.93041069,2.72796192,0.00000000,0.00000000,6.03442156,0.00000000,0.00000000,0.00000000,0.00000000,4.46488561,0.00000000,0.00000000,0.00000000,2.18818520,4.27168298,2.90534839,0.00000000,0.00000000,2.25609607,0.00000000
0.00000000,1.14435423,0.00000000,0.00000000,0.00000000,2.13486728,0.00000000,0.94269177,0.00000000,1.34438948,0.00000000,2.21301453,0.00000000,0.00000000,0.00000000,0.00000000,0.00000000,0.00000000,0.00000000,0.00000000,0.00000000,0.00000000,0.00000000,0.00000000,0.00000000,4.49379562,0.00000000,0.00000000,0.00000000,0.00000000,0.00000000,0.00000000,0.00000000,0.00000000,0.00000000,0.00000000,0.00000000,0.00000000,0.00000000,0.00000000,0.00000000,0.00000000,0.00000000,0.00000000,0.00000000,0.00000000,0.00000000,0.00000000,0.00000000,0.00000000,0.00000000,0.00000000,0.00000000,0.00000000,0.00000000,0.90259642,0.00000000,0.73320272,0.00000000,0.75299650,0.00000000,0.00000000,0.00000000,0.00000000,0.00000000,0.00000000,0.00000000,1.29098597,0.00000000,1.05115480,0.00000000,0.72763903,0.00000000,0.00000000,0.00000000,0.00000000,0.00000000,4.49136352,0.00000000,0.00000000,0.00000000,1.89365399,0.00000000,2.53281215,0.00000000,2.64393946,0.00000000,3.46580839,0.00000000,1.89664736,0.00000000,0.00000000,0.00000000,1.32977615,0.00000000,4.65077115,0.00000000,9.20538425,0.00000000,0.00000000,0.00000000,0.00000000,0.00000000,2.27621351,0.00000000,2.56999564,0.00000000,0.00000000,0.00000000,0.00000000,0.00000000,0.00000000,0.00000000,0.00000000,0.00000000,0.00000000,0.00000000,0.00000000,0.00000000,0.00000000,0.00000000,2.21926594,0.00000000,0.00000000,0.00000000,1.75130790,0.00000000,1.36344482,0.00000000,1.21018535,0.00000000,1.39145111,0.00000000,1.99311724,0.00000000,2.93468152,0.00000000,3.45988730,0.00000000,2.30877840,0.00000000,1.70736153,0.00000000,0.88126950,0.00000000,1.57309944,0.00000000,0.00000000,0.00000000,1.88891969,0.00000000,2.82996380,0.00000000,2.95256509,0.00000000,1.65160386,0.00000000,2.35568191,0.00000000,1.32115279,0.00000000,1.05230319,0.00000000,0.00000000,0.00000000,0.00000000,0.00000000,0.00000000,0.00000000,0.00000000,0.00000000,0.00000000,0.00000000,0.00000000,0.00000000,0.00000000,0.00000000,0.00000000,0.00000000,0.00000000,0.00000000,3.23563848,0.00000000,0.00000000,0.00000000,0.00000000,0.00000000,0.00000000,0.00000000,1.08875433,0.00000000,0.00000000,0.00000000,2.26489046,0.00000000,3.72230704,0.00000000,0.00000000,0.00000000,1.95147866,0.00000000,1.93010448,0.00000000,0.89947159,0.00000000,0.74283336,0.00000000,3.00218923,0.00000000,1.73679827,0.00000000,0.00000000,0.00000000,0.00000000,3.78832593,0.00000000,0.00000000,0.00000000,1.80489850,1.29552131,1.23211904,2.17560687,2.25609607,0.00000000,1.45195098
0.00000000,0.00000000,0.00000000,0.00000000,0.00000000,0.00000000,0.00000000,2.46289650,0.00000000,2.78965802,0.00000000,0.00000000,0.00000000,0.00000000,0.00000000,0.00000000,0.00000000,0.00000000,0.00000000,0.00000000,0.00000000,0.00000000,0.00000000,0.00000000,0.00000000,9.02411587,0.00000000,0.00000000,0.00000000,0.00000000,0.00000000,0.00000000,0.00000000,0.00000000,0.00000000,0.00000000,0.00000000,0.00000000,0.00000000,0.00000000,0.00000000,1.83526282,0.00000000,0.00000000,3.26951522,1.21465177,0.00000000,1.15023364,2.11788333,1.47199478,0.00000000,0.00000000,0.00000000,0.00000000,0.00000000,2.12446161,0.00000000,1.08367915,0.00000000,1.19194079,0.00000000,0.00000000,0.00000000,0.00000000,0.00000000,0.00000000,0.00000000,2.04002952,0.00000000,0.00000000,0.00000000,0.00000000,0.00000000,0.00000000,0.00000000,0.00000000,0.00000000,0.00000000,0.00000000,0.00000000,0.00000000,5.34223481,0.00000000,1.37819196,0.00000000,0.00000000,0.00000000,0.00000000,0.00000000,3.07660381,0.00000000,0.00000000,0.00000000,0.00000000,0.00000000,1.31457101,0.00000000,0.00000000,0.00000000,0.00000000,0.00000000,0.00000000,0.00000000,4.52503849,0.00000000,1.67419864,0.00000000,0.00000000,0.00000000,0.00000000,0.00000000,0.00000000,0.00000000,0.00000000,0.00000000,0.00000000,0.00000000,0.00000000,0.00000000,0.00000000,0.00000000,0.00000000,0.00000000,0.00000000,0.00000000,0.00000000,0.00000000,0.00000000,0.00000000,0.00000000,0.00000000,1.97717522,0.00000000,0.00000000,0.00000000,2.01188184,0.00000000,2.57700317,0.00000000,0.00000000,0.00000000,3.09251235,0.00000000,0.00000000,0.00000000,0.00000000,0.00000000,0.00000000,0.00000000,0.00000000,0.00000000,0.00000000,0.00000000,0.00000000,0.00000000,0.00000000,0.00000000,0.00000000,0.00000000,0.00000000,0.00000000,0.00000000,0.00000000,1.61657208,0.00000000,0.00000000,0.00000000,0.00000000,0.00000000,1.42618877,0.00000000,2.63340498,0.00000000,0.00000000,0.00000000,0.00000000,0.00000000,2.58562488,0.00000000,0.00000000,0.00000000,2.42123359,0.00000000,0.00000000,0.00000000,0.00000000,1.71132056,0.00000000,0.00000000,1.51775239,0.00000000,0.00000000,0.00000000,0.00000000,0.00000000,0.00000000,0.00000000,0.00000000,0.00000000,0.00000000,0.00000000,1.41789584,0.00000000,0.76318523,0.00000000,1.62324968,0.00000000,0.00000000,0.00000000,3.61895622,0.00000000,0.00000000,0.00000000,0.79141788,3.50051052,0.00000000,0.00000000,0.00000000,2.43979711,3.78658662,1.31539367,2.33709373,0.00000000,1.45195098,0.00000000
