0,45,45,4,128,0,31,17,74,0,170,0,92,0,0,6,134,22,0,0,13,0,58,13,91,141,0,0,99,1,24,0,48,0,0,0,52,0,454,0,19,0,0,0,0,0,0,0,46,0,0,0,6,0,10,7,2,0,0,0,116,0,46,12,21,0,5,0,0,0,0,0,0,0,0,0,0,0,0,0,0,0,0,0,0,0,1,0,0,0,0,0,0,0,0,0,0,0,0,0,0,0,0,0,0,0,0,0,0,0,0,0,0,0,0,0,0,0,0,0,0,0,0,0,15,1,23,0,0,0,8,0,12,0,0,0,0,0,0,0,0,0,0,0,0,0,0,0,12,0,22,0,11,0,0,0,0,0,0,0,0,0,22,0,0,0,20,0,0,0,27,0,446,0,0,0,101,63,49,0,0,0,70,0,50,0,5,0,0,0,0,0,0,0,0,0,0,0,0,0,0,0,0,0,0,0,4,0,9,0,586,155,151,226,309,0,15,9,2,2,0,0,0,0,0
45,0,100,10,0,152,10,55,0,50,2,104,1,177,0,46,0,46,0,162,0,16,128,18,34,20,0,133,0,99,0,0,0,0,0,5,0,46,0,283,0,15,0,0,0,31,0,116,4,16,0,9,0,26,0,16,0,0,0,0,0,205,0,180,0,23,0,9,0,0,0,0,0,0,0,0,0,0,0,0,0,0,0,0,0,0,0,0,0,0,0,0,0,0,0,0,0,0,0,0,0,0,0,0,0,0,0,0,0,0,0,0,0,0,0,0,0,0,0,0,0,0,0,0,0,8,0,0,0,0,0,10,0,0,0,0,0,0,0,0,0,0,0,0,0,0,0,7,0,22,0,13,0,18,0,1,0,0,0,0,0,3,0,0,0,10,0,0,0,34,0,17,0,225,0,0,28,454,6,43,0,3,13,129,0,39,0,2,0,0,0,0,0,0,0,0,0,0,0,0,0,0,0,0,0,0,0,0,0,3,0,0,11,0,318,0,0,0,552,146,171,199,0,0,0
45,100,0,14,354,0,97,21,15,0,88,12,106,0,296,23,147,32,47,0,64,0,387,57,179,176,66,0,374,0,82,0,138,0,0,0,78,0,566,0,0,0,0,0,0,0,55,0,48,0,0,0,53,0,108,8,0,0,13,0,88,0,64,12,23,0,5,0,0,0,0,0,0,0,8,0,0,0,0,0,0,0,0,0,0,0,0,0,0,0,0,0,0,0,0,0,0,0,0,0,0,0,0,0,0,0,0,0,0,0,0,0,0,0,0,0,0,0,0,0,0,0,0,0,43,0,87,0,6,0,29,0,38,0,48,0,27,0,0,0,0,0,77,0,0,0,28,0,15,3,37,0,5,0,0,0,0,0,0,0,0,0,34,0,12,0,38,0,0,0,41,0,306,0,0,0,93,134,5,0,0,0,0,0,12,0,0,0,2,0,0,0,0,0,0,0,0,0,0,0,0,0,0,0,0,0,0,0,29,0,532,89,257,313,393,0,25,8,0,0,7,0,0,0,0
4,10,14,0,0,39,1,17,0,4,0,5,0,0,0,151,0,26,0,98,6,0,0,81,7,43,0,0,0,96,0,0,0,26,0,1,0,21,0,146,0,0,0,0,0,0,0,0,0,4,0,0,0,0,0,49,0,0,0,0,0,24,0,6,0,0,0,0,0,0,0,0,0,0,0,0,0,0,0,0,0,0,0,0,0,0,0,0,0,0,0,0,0,0,0,0,0,0,0,0,0,0,0,0,0,0,0,0,0,0,0,0,0,0,0,0,0,0,0,0,0,0,0,0,0,0,0,0,0,0,0,1,0,0,0,31,0,9,0,0,0,0,0,0,0,0,0,0,0,4,0,8,0,0,0,0,0,0,0,0,0,2,0,0,0,0,0,0,0,0,0,0,0,66,0,1,15,94,0,5,0,0,0,7,1,0,0,0,0,0,0,0,0,0,0,0,0,0,0,0,0,0,0,0,0,0,0,0,0,15,0,0,0,0,71,0,0,0,124,25,114,85,0,3,0
128,0,354,0,0,61,31,2,23,0,189,37,333,0,228,143,30,0,105,0,149,73,87,54,17,0,159,0,0,0,168,0,148,0,118,0,183,0,71,0,110,0,0,0,97,0,159,0,39,0,51,0,0,0,21,0,0,0,0,0,0,0,0,0,27,0,1,0,0,0,0,0,0,0,0,0,0,0,0,0,0,0,0,0,0,0,0,0,0,0,0,0,0,0,14,0,0,0,0,0,0,0,0,0,0,0,0,0,0,0,0,0,0,0,0,0,0,0,0,0,0,0,0,0,16,0,77,0,0,0,0,0,0,0,58,0,0,0,0,0,0,0,51,0,0,0,47,0,22,0,80,0,19,0,0,0,0,0,0,0,0,0,16,0,80,0,261,0,0,0,20,0,126,0,0,0,278,112,118,0,0,0,55,0,86,0,8,0,0,0,0,0,0,0,0,0,0,0,0,0,0,0,0,0,0,0,0,0,57,0,425,257,597,226,285,0,15,0,0,0,0,0,0,0,0
0,152,0,39,61,0,0,36,0,12,13,361,0,180,155,177,0,13,36,181,110,127,0,146,0,4,0,118,0,129,0,55,0,338,10,42,0,73,0,94,0,32,0,0,0,13,0,108,0,0,0,0,0,0,0,11,0,0,0,0,0,4,0,0,0,6,0,1,0,0,0,0,0,0,0,0,0,0,0,0,0,0,0,0,0,0,0,0,0,0,0,0,0,0,0,0,0,0,0,0,0,0,0,1,0,0,0,0,0,0,0,0,0,0,0,0,0,0,0,0,0,0,0,0,0,7,0,6,0,0,0,0,0,0,0,0,0,0,0,0,0,0,0,0,0,0,0,3,0,0,0,0,0,6,0,0,0,0,0,0,0,0,0,7,0,15,0,72,0,45,0,0,0,98,0,0,65,455,0,144,0,1,0,5,0,0,0,21,0,0,0,0,0,0,0,0,0,1,0,0,0,0,0,0,0,0,0,0,0,0,0,0,0,0,230,0,0,0,514,183,517,226,0,0,0
31,10,97,1,31,0,0,0,104,107,54,0,24,0,19,0,18,0,0,0,0,1,16,0,293,111,0,0,0,0,0,0,0,0,0,0,0,0,63,0,0,0,0,0,0,0,0,0,41,0,0,0,175,40,256,117,3,15,5,0,305,0,220,16,13,0,33,38,1,0,0,0,0,0,0,0,0,0,0,0,0,1,0,0,0,0,0,0,0,0,0,0,0,0,0,0,0,0,0,0,0,0,0,0,0,0,0,0,0,0,0,0,0,0,0,0,0,0,0,0,0,0,0,0,23,0,53,0,5,0,24,0,33,0,0,0,16,3,0,0,0,0,0,0,0,0,13,0,18,0,11,0,0,0,0,0,14,0,0,0,0,0,0,0,6,0,0,0,20,0,151,0,287,0,0,0,58,53,0,0,2,1,2,0,0,0,0,0,0,0,0,0,0,0,0,0,0,0,0,0,0,0,0,0,0,0,0,0,17,0,515,71,183,363,434,0,69,7,5,0,0,0,0,0,0
17,55,21,17,2,36,0,0,22,78,0,2,0,0,0,45,7,63,0,19,0,0,16,12,12,47,0,0,0,57,0,0,0,0,0,0,0,6,0,71,0,0,0,0,0,0,0,0,0,0,0,0,0,80,7,163,0,0,0,6,4,131,0,244,0,5,0,0,0,0,0,0,0,0,0,0,0,0,0,0,0,0,0,0,0,0,0,0,0,0,0,0,0,0,0,0,0,0,0,0,0,0,0,0,0,0,0,0,0,0,0,0,0,0,0,0,0,0,0,0,0,0,0,0,0,6,0,0,0,0,0,0,0,0,0,19,0,7,0,0,0,0,0,0,0,0,0,0,0,7,0,11,0,3,0,1,0,0,0,0,0,2,0,0,0,11,0,0,1,12,0,31,0,166,0,0,14,112,0,0,0,0,0,44,0,0,0,0,0,0,0,0,0,0,0,0,0,0,0,8,0,5,0,0,0,0,0,8,0,12,0,0,0,0,479,0,0,0,384,44,213,372,1,88,0
74,0,15,0,23,0,104,22,0,147,51,0,33,0,5,0,24,3,0,0,0,0,0,0,86,49,8,0,0,0,0,0,0,0,0,0,0,0,0,0,0,0,0,0,0,0,8,0,31,0,5,0,321,52,259,226,0,55,19,62,280,0,243,7,69,2,129,115,0,0,0,0,1,0,0,0,0,0,0,0,0,0,0,0,0,0,0,0,0,0,0,0,0,0,0,0,0,0,0,0,0,0,0,0,0,0,0,0,0,0,0,0,0,0,0,0,0,0,0,0,0,0,0,0,12,0,19,0,0,0,13,0,3,0,14,0,0,0,0,0,3,0,0,0,0,0,15,0,31,0,16,0,5,0,0,0,41,1,0,0,0,0,4,0,2,0,0,0,21,0,134,5,181,0,0,0,158,49,8,0,0,0,12,0,37,2,1,0,0,0,0,0,0,0,0,0,0,0,0,0,0,0,0,0,0,0,0,0,8,0,494,104,181,236,356,0,42,8,0,1,0,0,0,0,0
0,50,0,4,0,12,107,78,147,0,0,10,0,16,0,12,0,33,0,38,0,0,0,0,4,18,0,22,0,12,0,0,0,0,0,0,0,0,0,0,0,0,0,0,1,9,0,11,0,0,0,9,12,311,78,173,0,0,0,42,14,101,0,243,0,110,17,97,0,1,0,0,0,0,0,0,0,0,0,0,0,0,0,0,0,1,0,0,0,0,0,0,0,3,0,3,0,0,0,0,0,0,0,2,0,0,0,0,0,0,0,0,0,0,0,0,0,0,0,0,0,0,0,0,0,25,0,2,0,0,0,25,0,0,0,4,0,5,0,0,0,0,0,0,0,0,0,0,0,65,0,14,0,14,0,0,0,79,0,0,0,13,0,2,0,5,0,0,0,20,9,138,24,145,0,0,75,155,0,0,0,0,0,29,0,35,0,0,0,0,0,0,0,0,0,0,0,1,0,0,0,0,0,0,0,0,0,0,0,0,19,16,11,13,670,0,1,0,620,107,207,388,0,107,4
170,2,88,0,189,13,54,0,51,0,0,0,266,0,12,23,18,1,6,0,93,0,33,32,0,0,21,0,0,1,80,0,67,0,9,0,70,0,21,0,42,0,3,0,0,0,69,0,23,0,0,0,0,0,4,0,0,0,0,0,0,0,0,0,19,0,0,0,0,0,0,0,0,0,0,0,0,0,0,0,0,0,0,0,0,0,0,0,0,0,0,0,0,0,0,0,4,0,12,0,0,0,0,0,0,0,0,0,0,0,0,0,0,0,0,0,0,0,0,0,0,0,0,0,8,0,23,0,0,0,10,0,0,0,10,0,0,0,0,0,0,0,0,0,0,0,10,0,8,0,21,0,8,0,0,0,0,0,0,0,0,0,0,0,17,0,95,0,47,0,10,0,61,0,2,0,121,67,58,0,5,0,39,0,57,0,10,0,0,0,0,0,0,0,0,0,0,0,0,0,4,0,0,0,0,0,0,0,10,0,247,132,220,117,134,0,8,0,0,0,0,0,0,0,0
0,104,12,5,37,361,0,2,0,10,0,0,0,441,91,11,0,0,12,45,53,32,0,26,0,0,0,60,0,105,0,25,0,212,2,20,0,71,0,141,0,58,0,11,0,0,0,98,0,14,0,17,0,0,0,1,0,0,0,0,0,11,0,0,0,0,0,0,0,0,0,0,0,0,0,0,0,0,0,0,0,0,0,0,0,0,0,0,0,0,0,0,0,0,0,0,0,0,0,0,0,0,0,0,0,0,0,0,0,0,0,0,0,0,0,0,0,0,0,0,0,0,0,0,0,3,0,0,0,0,0,0,0,0,0,0,0,0,0,0,0,0,0,0,0,0,0,0,0,5,0,14,0,0,0,0,0,0,0,0,0,0,0,1,0,8,8,26,0,25,0,5,0,61,0,42,53,528,8,91,0,34,0,20,0,41,0,4,0,0,0,0,0,0,0,0,0,0,0,0,0,0,0,0,0,0,0,0,0,0,0,1,0,0,178,0,0,0,563,167,229,148,0,0,0
92,1,106,0,333,0,24,0,33,0,266,0,0,54,81,29,0,0,62,127,54,83,0,0,0,0,58,240,0,0,15,5,0,0,248,0,47,0,0,0,169,10,90,0,59,22,228,56,70,0,148,18,0,0,17,1,0,0,0,0,0,0,0,0,30,0,0,0,0,0,0,0,0,0,0,0,0,0,0,0,0,0,0,0,6,0,0,0,0,0,0,0,0,0,11,0,0,0,14,0,9,0,0,0,0,0,0,0,0,0,0,0,0,0,0,0,0,0,0,0,3,0,0,0,0,0,0,0,0,0,0,0,0,0,0,0,0,0,0,0,0,0,0,0,0,0,15,0,6,0,0,0,5,0,0,0,0,0,0,0,0,0,0,0,104,0,15,1,0,0,3,0,10,0,3,0,132,47,104,0,0,0,34,0,45,0,150,1,0,0,0,0,0,0,0,0,0,0,0,0,0,0,0,0,0,0,0,0,11,0,52,258,433,50,33,0,0,0,0,0,0,0,0,0,0
0,177,0,0,0,180,0,0,0,16,0,441,54,0,26,17,0,0,129,61,81,43,0,0,0,0,120,39,0,0,0,40,0,25,0,272,0,110,0,0,0,148,41,65,0,20,20,218,0,86,48,164,0,0,0,0,0,2,0,0,0,0,0,0,0,0,0,9,0,0,0,0,0,0,0,0,0,0,0,0,0,0,0,0,0,0,0,0,0,0,0,0,0,0,0,0,0,0,0,0,0,0,0,0,0,0,0,0,0,0,0,0,0,0,0,0,0,0,0,0,0,0,0,0,0,0,0,0,0,0,0,0,0,0,0,0,0,0,0,0,0,0,0,0,0,0,0,4,0,6,0,0,0,12,0,0,0,0,0,0,0,0,0,1,0,56,0,35,0,0,0,0,0,0,0,0,22,226,1,16,0,23,0,14,0,16,17,72,0,0,0,0,0,0,0,0,0,0,0,0,0,0,0,0,0,0,0,0,0,0,0,0,0,0,13,0,0,0,60,206,272,19,0,0,0
0,0,296,0,228,155,19,0,5,0,12,91,81,26,0,377,90,1,148,86,209,85,348,123,218,0,247,9,12,0,123,9,88,15,52,28,102,0,0,0,17,0,0,0,37,0,31,0,10,0,24,0,26,0,93,0,0,0,0,0,0,0,19,0,14,0,1,0,0,0,0,0,0,0,0,0,0,0,0,0,0,0,0,0,0,0,0,0,0,0,0,0,0,0,0,0,0,0,0,0,0,0,0,0,0,0,0,0,0,0,0,0,0,0,0,0,0,0,0,0,0,0,2,0,0,0,63,0,0,0,0,0,0,0,67,0,24,0,0,0,0,0,84,0,2,0,0,0,0,0,49,0,0,0,0,0,0,0,0,0,0,0,0,0,18,0,104,0,49,0,0,0,44,0,0,0,364,220,76,0,0,0,14,0,17,0,3,0,0,0,0,0,0,0,0,0,0,0,0,0,0,0,0,0,0,0,0,0,47,0,80,87,115,57,43,0,2,0,0,0,0,0,0,0,0
6,46,23,151,143,177,0,45,0,12,23,11,29,17,377,0,0,55,88,311,224,420,98,400,2,95,0,169,0,173,11,37,12,141,30,9,28,36,0,122,0,0,0,13,0,10,0,7,0,21,7,7,0,0,1,30,0,24,0,0,0,0,0,0,0,23,0,0,0,0,0,0,0,0,0,0,0,0,0,0,0,0,0,0,0,129,0,17,0,0,0,0,0,0,0,0,0,0,0,0,0,0,0,0,0,0,0,0,0,0,0,0,0,0,0,0,0,0,0,0,0,0,0,0,0,4,0,0,0,0,0,0,0,0,0,109,0,0,0,0,0,0,2,0,0,0,0,3,2,14,0,12,0,10,0,0,0,0,0,0,0,0,0,0,0,0,0,43,0,34,0,0,0,92,0,0,116,475,29,59,0,0,0,0,0,0,0,0,0,0,0,0,0,0,0,0,0,0,0,5,0,0,0,0,0,0,0,0,0,24,0,0,43,0,105,0,0,0,224,204,250,84,0,6,1
134,0,147,0,30,0,18,7,24,0,18,0,0,0,90,0,0,21,53,0,360,0,27,23,68,48,88,0,140,0,41,0,44,0,42,0,34,0,38,0,0,0,48,0,78,0,0,0,20,0,78,0,166,0,49,0,6,0,8,0,12,0,149,0,0,0,0,0,0,0,109,0,0,0,0,0,0,0,0,0,135,0,0,0,107,0,21,0,0,0,117,0,0,0,0,0,125,0,354,0,37,0,0,0,0,0,0,0,0,0,0,0,0,0,0,0,0,0,0,0,104,0,37,0,0,0,0,0,0,0,0,0,0,0,6,0,15,0,43,0,82,0,129,3,60,0,0,0,0,0,0,0,0,0,2,0,0,0,7,0,0,0,6,0,0,1,2,0,0,0,0,0,15,0,0,0,45,23,7,0,0,0,25,0,0,0,0,0,0,0,0,0,0,0,0,0,0,0,0,0,0,0,0,0,0,0,0,0,0,0,27,13,18,34,13,0,2,0,0,0,0,0,0,0,0
22,46,32,26,0,13,0,63,3,33,1,0,0,0,1,55,21,0,0,0,0,160,60,267,35,148,0,0,0,148,0,19,0,9,0,6,2,0,0,68,0,0,0,0,0,0,0,0,0,1,0,5,1,108,0,48,0,94,0,28,0,23,0,46,2,0,0,0,0,0,1,0,0,2,0,0,0,0,0,0,0,143,0,0,0,195,0,0,0,0,0,0,0,0,0,0,0,0,0,118,0,53,0,0,0,0,0,0,0,0,0,0,0,0,0,0,0,0,0,0,1,0,0,8,0,4,0,12,0,9,0,3,0,18,0,137,0,187,3,121,0,107,0,310,0,8,0,0,0,0,0,0,0,0,0,54,0,2,0,31,7,10,0,0,0,0,0,0,0,0,1,0,0,18,0,0,10,38,2,2,0,0,3,4,0,0,0,0,0,0,0,0,0,0,0,0,0,0,0,0,0,0,0,0,0,1,0,0,0,39,0,0,8,0,13,0,0,0,5,97,21,17,0,0,0
0,0,47,0,105,36,0,0,0,0,6,12,62,129,148,88,53,0,0,272,112,170,107,0,71,0,237,255,0,0,15,18,0,16,134,93,68,17,0,0,43,0,87,0,37,0,34,74,11,0,169,0,30,0,0,0,3,0,0,0,0,0,26,0,0,0,0,0,0,0,9,0,0,0,0,0,0,0,0,0,0,0,0,0,12,0,0,0,0,0,0,0,0,0,0,0,0,0,48,0,0,0,0,0,0,0,0,0,0,0,0,0,0,0,0,0,0,0,0,0,0,0,0,0,0,0,0,0,0,0,0,0,0,0,0,0,0,0,1,0,0,0,0,0,0,0,0,0,0,0,23,0,0,0,0,0,0,0,0,0,0,0,8,0,107,0,45,0,103,0,8,0,13,0,0,0,137,92,13,0,0,0,8,0,0,0,134,2,0,0,0,0,0,0,0,0,0,0,0,0,0,0,0,0,0,0,0,0,0,0,0,112,275,0,27,0,2,0,0,0,0,0,0,0,0
0,162,0,98,0,181,0,19,0,38,0,45,127,61,86,311,0,0,272,0,178,264,0,83,0,42,84,395,0,2,11,45,0,36,65,107,0,60,0,0,0,8,16,30,0,106,0,111,0,8,0,116,0,1,0,11,0,0,0,0,0,0,0,0,0,48,0,0,0,0,0,0,0,0,0,0,0,0,0,0,0,0,0,0,0,0,0,0,0,0,0,0,0,0,0,0,0,0,0,0,0,0,0,0,0,0,0,0,0,0,0,0,0,0,0,0,0,0,0,0,0,0,0,0,0,16,0,0,0,0,0,13,0,0,0,0,0,9,0,0,0,0,0,0,0,0,0,17,0,36,0,24,0,15,0,0,0,0,0,0,0,0,0,3,6,43,0,101,0,67,0,0,0,16,0,2,82,185,0,10,0,0,0,0,0,14,11,68,0,17,0,0,0,0,0,0,0,4,0,28,0,0,0,0,0,0,0,34,0,27,0,0,0,0,19,0,0,0,59,126,239,0,0,1,0
13,0,64,6,149,110,0,0,0,0,93,53,54,81,209,224,360,0,112,178,0,142,199,62,105,0,114,155,32,0,33,7,5,20,53,67,71,0,5,0,0,0,75,0,21,4,11,35,9,0,154,15,52,0,29,0,0,0,0,0,0,0,85,0,5,0,0,0,0,0,71,0,0,0,0,0,0,0,0,0,60,0,0,0,48,0,0,0,0,0,58,0,0,0,0,0,51,0,187,0,0,0,0,0,0,0,0,0,0,0,0,0,0,0,0,0,0,0,0,0,45,0,0,0,0,0,0,0,0,0,0,0,0,0,0,0,8,0,23,0,65,0,0,0,61,0,0,0,2,0,0,0,0,0,0,0,0,0,2,0,0,0,0,0,52,0,76,0,54,0,11,0,22,0,0,0,141,146,86,0,0,0,0,0,0,0,10,0,0,0,0,0,0,0,0,0,0,0,0,0,0,0,0,0,0,0,0,0,0,0,51,36,162,55,35,0,3,0,0,0,18,0,0,0,0
0,16,0,0,73,127,1,0,0,0,0,32,83,43,85,420,0,160,170,264,142,0,0,222,0,65,0,205,0,25,4,39,0,55,38,121,13,70,0,2,0,2,0,244,0,67,0,4,0,12,0,132,0,5,0,0,0,0,0,0,0,10,0,48,0,6,0,0,0,0,0,0,0,0,0,7,0,0,0,0,0,234,0,0,0,213,0,52,0,0,0,0,0,0,0,0,0,0,0,121,0,0,0,2,0,0,0,0,0,0,0,0,0,0,0,0,0,0,0,0,0,61,0,18,0,3,0,0,0,0,0,0,0,0,0,0,0,65,0,51,0,153,0,212,0,0,0,0,0,9,0,6,0,0,0,6,0,10,0,5,0,0,0,0,0,50,7,91,0,64,0,0,0,16,0,0,27,65,0,7,0,0,0,0,0,8,0,12,0,0,0,0,0,0,0,0,0,0,0,0,0,0,0,0,0,0,0,0,0,0,0,0,0,0,21,0,0,0,78,144,198,42,0,2,0
58,128,387,0,87,0,16,16,0,0,33,0,0,0,348,98,27,60,107,0,199,0,0,178,151,105,116,0,24,0,9,0,16,0,9,0,9,0,36,0,0,0,0,0,77,0,0,0,29,0,0,0,50,0,90,0,0,0,7,0,0,0,8,6,0,0,0,0,0,0,0,0,0,0,0,0,0,0,0,0,0,0,0,0,11,0,0,0,0,0,0,0,0,0,0,0,10,0,22,0,5,0,0,0,0,0,0,0,0,0,0,0,0,0,0,0,0,0,0,0,0,0,0,0,1,0,0,0,3,0,0,0,0,0,15,0,11,0,0,0,0,0,42,0,1,0,0,0,0,0,7,0,0,0,0,0,0,0,0,0,0,0,0,0,0,0,0,0,0,0,4,0,12,6,0,0,140,146,13,0,0,0,17,0,0,0,0,0,0,0,0,0,0,0,0,0,0,0,0,0,0,0,0,0,0,0,0,0,0,0,26,20,12,16,18,0,0,0,0,0,0,0,0,0,0
13,18,57,81,54,146,0,12,0,0,32,26,0,0,123,400,23,267,0,83,62,222,178,0,7,116,0,33,0,48,9,26,0,29,0,14,11,10,0,35,0,0,0,37,0,6,0,0,0,9,0,14,0,5,1,66,0,35,0,0,2,8,0,9,0,0,0,0,0,0,0,0,0,0,0,0,0,0,0,0,0,188,0,0,0,176,0,43,0,0,0,0,0,0,0,0,0,0,0,141,0,78,0,2,0,0,0,0,0,0,0,0,0,0,0,0,0,0,0,0,0,33,0,0,0,0,0,0,0,0,0,0,0,0,0,108,0,52,5,23,0,27,0,126,1,0,0,0,0,0,0,4,0,1,0,3,0,1,0,0,0,0,0,5,0,0,0,9,0,0,0,0,0,33,0,0,49,191,12,0,0,0,4,0,0,0,1,0,0,0,0,0,0,0,0,0,0,0,0,0,0,0,0,0,0,0,0,0,0,0,15,0,12,0,20,0,0,0,57,252,32,25,0,0,0
91,34,179,7,17,0,293,12,86,4,0,0,0,0,218,2,68,35,71,0,105,0,151,7,0,228,0,0,64,0,2,0,0,0,0,0,0,0,25,0,0,0,0,0,0,0,30,0,39,0,0,0,95,3,156,20,12,0,14,0,19,7,29,22,0,0,0,0,0,0,5,0,0,0,0,0,0,0,0,0,5,0,0,0,0,0,0,0,0,0,7,0,0,0,0,0,0,0,9,0,0,0,0,0,0,0,0,0,0,0,0,0,0,0,0,0,0,0,0,0,0,0,0,0,0,0,0,0,3,0,2,0,0,0,15,0,7,0,14,0,21,0,48,0,1,0,0,0,0,0,0,0,0,0,11,0,0,0,0,0,0,0,0,0,0,0,0,0,5,0,7,0,34,0,0,0,46,82,0,0,2,0,31,0,0,0,0,0,0,0,0,0,0,0,0,0,0,0,0,0,0,0,1,0,0,0,0,0,0,0,43,29,23,0,43,0,14,0,0,2,0,0,0,0,0
141,20,176,43,0,4,111,47,49,18,0,0,0,0,0,95,48,148,0,42,0,65,105,116,228,0,0,0,0,128,0,2,0,0,0,0,0,6,43,75,0,0,0,0,0,0,0,0,0,6,0,0,3,25,24,212,0,153,0,63,32,60,26,231,0,2,0,3,0,0,0,0,0,0,0,0,0,0,0,0,0,36,0,0,0,92,0,0,0,0,0,0,0,0,0,0,0,0,1,0,0,0,0,0,0,0,0,0,0,0,0,0,0,0,0,0,0,0,0,0,0,0,0,0,0,3,0,13,0,0,0,0,0,13,0,209,0,58,23,0,0,4,0,108,0,0,0,3,0,6,0,27,0,6,0,13,0,0,0,0,8,0,0,3,0,0,0,0,0,11,7,0,134,56,0,0,45,222,0,0,0,0,15,17,0,0,0,0,0,0,0,0,0,0,0,0,0,0,0,18,0,18,0,0,0,0,0,25,0,71,41,8,0,19,110,0,0,0,63,106,70,109,0,14,0
0,0,66,0,159,0,0,0,8,0,21,0,58,120,247,0,88,0,237,84,114,0,116,0,0,0,0,740,7,0,11,0,0,0,53,31,39,11,0,0,8,74,361,77,126,97,100,423,114,4,297,43,0,0,0,0,0,0,0,0,6,0,31,0,12,0,0,0,0,0,33,0,0,0,0,0,0,0,0,0,0,0,0,0,0,0,0,0,0,0,0,0,0,0,0,0,0,0,0,0,0,0,0,0,0,0,0,0,0,0,0,0,0,0,0,0,0,0,0,0,0,0,0,0,0,0,0,0,0,0,0,0,0,0,0,0,0,0,0,0,0,0,0,0,0,0,0,0,6,0,0,0,0,0,2,0,0,0,0,0,0,0,0,0,122,0,28,0,0,0,0,0,0,0,0,0,0,98,7,0,0,0,0,0,43,0,276,0,0,0,0,0,0,0,0,0,0,0,0,0,0,0,0,0,0,0,0,0,32,0,41,150,391,25,34,0,0,17,0,0,0,0,0,0,0
0,133,0,0,0,118,0,0,0,22,0,60,240,39,9,169,0,0,255,395,155,205,0,33,0,0,740,0,0,0,0,0,0,9,81,118,0,45,0,0,220,43,288,251,194,276,170,148,17,25,144,318,0,0,0,0,0,0,0,0,0,0,0,0,0,30,0,7,0,0,0,0,0,0,0,0,0,0,0,0,0,0,0,0,0,0,0,0,0,0,0,0,0,0,0,0,0,0,0,0,0,0,0,17,0,0,0,0,0,0,0,0,0,0,0,0,0,0,0,0,0,0,0,0,0,0,0,0,0,0,0,0,0,0,0,20,0,0,0,0,0,0,0,0,0,0,0,10,0,27,0,0,0,16,0,0,0,0,0,0,0,0,0,0,2,139,0,36,0,81,0,0,0,0,0,0,19,254,0,0,0,0,0,0,0,0,104,84,0,0,0,0,0,0,0,0,0,2,0,13,0,0,0,0,0,0,0,0,0,0,0,0,0,0,22,0,0,0,44,300,363,18,0,0,38
99,0,374,0,0,0,0,0,0,0,0,0,0,0,12,0,140,0,0,0,32,0,24,0,64,0,7,0,0,0,29,0,1,0,52,0,79,0,21,0,0,0,26,0,0,0,0,0,0,0,31,0,0,0,7,0,0,0,0,0,7,0,11,0,0,0,0,0,0,0,12,0,0,0,0,0,0,0,0,0,0,0,0,0,0,0,0,0,0,0,0,0,0,0,0,0,0,0,21,0,0,0,0,0,0,0,0,0,0,0,0,0,0,0,0,0,0,0,0,0,0,0,3,0,0,0,0,0,0,0,0,0,0,0,0,0,0,0,28,0,56,0,11,0,43,0,0,0,0,0,0,0,0,0,3,0,1,0,5,0,0,0,0,0,0,0,0,0,0,0,0,0,0,0,0,0,34,0,0,0,0,0,18,0,0,0,0,0,0,0,0,0,0,0,0,0,1,0,0,0,0,0,0,0,0,0,0,0,0,0,0,10,0,0,0,0,0,0,0,0,0,0,0,0,0
1,99,0,96,0,129,0,57,0,12,1,105,0,0,0,173,0,148,0,2,0,25,0,48,0,128,0,0,0,0,0,17,0,21,0,30,0,27,0,43,0,0,0,9,0,0,0,0,0,0,0,8,0,16,0,10,0,7,0,5,0,54,0,49,0,0,0,0,0,0,0,0,0,0,0,0,0,0,0,0,0,55,0,0,0,43,0,9,0,0,0,0,0,0,0,0,0,0,0,38,0,29,0,0,0,0,0,0,0,0,0,0,0,0,0,0,0,0,0,0,0,14,0,4,0,0,0,0,0,0,0,0,0,0,0,19,0,62,0,61,0,86,0,101,0,16,0,0,0,0,0,0,0,0,0,3,0,5,0,3,0,0,0,0,0,0,0,0,0,0,0,0,0,0,0,0,0,16,0,8,0,0,0,0,0,0,0,0,0,0,0,0,0,0,0,0,0,0,0,0,0,0,0,0,0,0,0,0,0,5,0,0,0,0,0,0,0,0,11,84,0,0,0,0,0
24,0,82,0,168,0,0,0,0,0,80,0,15,0,123,11,41,0,15,11,33,4,9,9,2,0,11,0,29,0,0,1,5,0,54,1,73,0,0,0,0,0,75,0,0,0,0,0,6,0,72,0,0,0,0,0,0,0,0,0,0,0,9,0,0,0,0,0,0,0,4,0,0,0,0,0,0,0,0,0,14,0,0,0,0,0,0,0,0,0,0,0,0,0,0,0,9,0,0,0,0,0,0,0,0,0,1,0,0,0,0,0,0,0,0,0,0,0,0,0,0,0,0,0,1,0,0,0,2,0,0,0,0,0,0,0,2,0,0,0,26,0,0,0,14,0,0,0,0,0,0,0,0,0,0,0,0,0,0,0,0,0,0,0,0,0,2,0,0,0,0,0,5,0,0,0,45,19,29,0,0,0,13,0,0,0,0,0,0,0,0,0,0,0,0,0,0,0,0,0,2,0,0,0,0,0,0,0,6,0,8,32,8,0,0,0,0,0,0,0,0,0,0,0,0
0,0,0,0,0,55,0,0,0,0,0,25,5,40,9,37,0,19,18,45,7,39,0,26,0,2,0,0,0,17,1,0,1,1,0,7,0,17,0,6,0,0,0,37,0,2,0,0,0,0,0,29,0,10,0,2,0,0,0,0,0,4,0,18,0,0,0,0,0,0,0,0,0,0,0,0,0,0,0,1,0,0,0,0,0,0,0,0,0,0,0,2,0,0,0,0,0,0,0,0,0,0,0,0,0,0,0,0,0,0,0,0,0,0,0,0,0,0,0,0,0,0,0,2,0,0,0,0,0,0,0,0,0,0,0,0,0,15,0,18,0,0,0,25,0,0,0,0,0,0,0,0,0,0,0,0,0,12,0,0,0,0,0,0,0,0,0,0,0,0,0,0,0,3,0,0,7,19,0,3,0,0,0,0,0,0,0,0,0,0,0,0,0,0,0,0,0,0,0,0,0,0,0,0,0,0,0,0,0,0,0,0,0,0,1,0,0,0,0,14,3,0,0,0,0
48,0,138,0,148,0,0,0,0,0,67,0,0,0,88,12,44,0,0,0,5,0,16,0,0,0,0,0,1,0,5,1,0,0,6,0,269,0,0,0,0,0,5,0,4,0,0,0,2,0,12,0,0,0,0,0,0,0,0,0,3,0,3,0,0,0,0,0,0,0,1,0,0,0,0,0,0,0,0,0,0,0,0,0,0,0,0,0,0,0,0,0,0,0,0,0,0,0,0,0,0,0,0,0,0,0,1,0,0,0,0,0,0,0,0,0,0,0,0,0,0,0,0,0,0,0,0,0,0,0,0,0,0,0,0,0,0,0,0,0,0,0,0,0,0,0,0,0,0,0,0,0,0,0,1,0,3,0,0,0,0,0,0,0,0,0,2,0,0,0,0,0,4,0,0,0,41,19,21,0,0,0,0,0,0,0,0,0,0,0,0,0,0,0,0,0,0,0,0,0,0,0,0,0,0,0,0,0,0,0,4,95,9,3,0,0,0,0,0,0,0,0,0,0,0
0,0,0,26,0,338,0,0,0,0,0,212,0,25,15,141,0,9,16,36,20,55,0,29,0,0,0,9,0,21,0,1,0,0,2,28,0,89,0,5,0,0,0,29,0,0,0,2,0,0,0,20,0,9,0,0,0,0,0,0,0,20,0,19,0,2,0,0,0,0,0,0,0,0,0,0,0,0,0,0,0,0,0,0,0,0,0,0,0,0,0,0,0,0,0,0,0,0,0,0,0,0,0,0,0,0,0,0,0,0,0,0,0,0,0,0,0,0,0,0,0,0,0,0,0,0,0,0,0,0,0,0,0,0,0,0,0,0,0,6,0,12,0,8,0,10,0,0,0,0,0,0,0,0,0,2,0,24,0,5,0,0,0,0,0,0,0,16,0,1,0,0,0,4,0,0,0,101,0,20,0,0,0,0,0,3,0,0,0,0,0,0,0,0,0,0,0,0,0,0,0,0,0,0,0,0,0,0,0,0,0,0,0,0,0,0,0,0,10,215,6,0,0,0,0
0,0,0,0,118,10,0,0,0,0,9,2,248,0,52,30,42,0,134,65,53,38,9,0,0,0,53,81,52,0,54,0,6,2,0,22,198,5,0,0,19,0,11,9,4,0,6,28,10,0,69,0,0,0,0,0,1,0,0,0,0,0,13,0,0,0,0,0,0,0,16,0,0,0,0,0,0,0,0,0,0,0,0,0,0,0,0,0,0,0,0,0,0,0,0,0,0,0,31,0,10,0,0,0,0,0,0,0,0,0,0,0,0,0,0,0,0,0,0,0,15,0,0,0,0,0,0,0,0,0,0,0,0,0,0,0,0,0,0,0,0,0,7,0,23,0,0,0,0,0,0,0,0,0,0,0,0,0,0,0,0,0,0,0,7,0,6,0,12,0,0,0,5,0,0,0,28,23,43,0,0,0,0,0,0,0,37,0,0,0,0,0,0,0,0,0,0,0,0,0,0,0,0,0,0,0,0,0,0,0,0,5,22,5,0,0,0,0,0,0,0,0,0,0,0
0,5,0,1,0,42,0,0,0,0,0,20,0,272,28,9,0,6,93,107,67,121,0,14,0,0,31,118,0,30,1,7,0,28,22,0,0,61,0,7,0,9,0,27,4,18,0,31,0,1,0,34,0,5,0,0,0,0,0,0,0,0,0,28,0,0,0,0,0,0,0,0,0,0,0,0,0,0,0,0,0,0,0,0,0,0,0,14,0,0,0,0,0,0,0,0,0,0,0,0,0,0,0,0,0,0,0,0,0,0,0,0,0,0,0,0,0,0,0,0,0,30,0,6,0,0,0,0,0,0,0,0,0,0,0,0,0,31,0,0,0,0,0,0,0,36,0,0,0,1,0,0,0,0,0,2,0,14,0,0,0,3,0,0,0,18,0,11,0,11,0,0,0,14,0,0,8,83,0,2,0,0,0,0,0,0,4,47,0,0,0,0,0,0,0,0,0,0,0,0,0,0,0,0,0,0,0,0,0,0,0,0,0,0,0,0,0,0,19,58,49,0,1,0,0
52,0,78,0,183,0,0,0,0,0,70,0,47,0,102,28,34,2,68,0,71,13,9,11,0,0,39,0,79,0,73,0,269,0,198,0,0,1,69,0,3,2,68,0,4,0,0,0,16,0,113,0,4,0,0,0,0,0,0,0,31,0,28,0,0,0,0,0,0,0,68,0,0,0,9,0,0,0,0,0,27,0,0,0,0,0,0,0,0,0,0,0,0,0,0,0,0,0,96,0,0,0,0,0,0,0,0,0,0,0,0,0,0,0,0,0,0,0,0,0,40,0,0,0,0,0,0,0,5,0,0,0,0,0,8,0,0,0,98,0,106,0,0,0,156,0,0,0,0,0,0,0,0,0,10,0,37,0,16,0,0,0,27,0,17,0,4,0,45,0,34,0,33,0,0,0,42,20,37,0,0,0,13,0,0,0,0,0,0,0,0,0,0,0,0,0,0,0,0,0,0,0,0,0,0,0,0,0,0,0,0,38,24,16,10,0,0,0,0,0,0,0,0,0,0
0,46,0,21,0,73,0,6,0,0,0,71,0,110,0,36,0,0,17,60,0,70,0,10,0,6,11,45,0,27,0,17,0,89,5,61,1,0,0,12,0,0,0,110,0,27,0,0,0,0,0,58,0,33,0,2,0,0,0,14,0,52,0,42,0,0,0,0,0,0,0,0,0,0,0,0,0,0,0,1,0,0,0,0,0,24,0,0,0,0,0,0,0,0,0,0,0,0,0,0,0,0,0,0,0,0,0,0,0,0,0,0,0,0,0,0,0,0,0,0,0,29,0,9,0,0,0,0,0,0,0,0,0,0,0,0,0,0,0,41,0,133,0,37,0,82,0,0,0,0,0,0,0,0,0,8,0,64,0,10,0,7,0,0,0,15,0,15,0,55,0,0,0,56,0,0,6,23,0,7,0,0,0,1,0,0,0,10,0,0,0,0,0,0,0,0,0,0,0,0,0,0,0,0,0,0,0,0,0,0,0,0,0,0,1,0,0,0,10,243,34,8,0,0,0
454,0,566,0,71,0,63,0,0,0,21,0,0,0,0,0,38,0,0,0,5,0,36,0,25,43,0,0,21,0,0,0,0,0,0,0,69,0,0,0,0,0,2,0,0,0,0,0,1,0,0,0,4,0,0,0,0,0,0,0,2,0,7,0,0,0,0,0,0,0,0,0,0,0,0,0,0,0,0,0,0,0,0,0,2,0,0,0,0,0,0,0,0,0,0,0,0,0,0,0,0,0,0,0,0,0,0,0,0,0,0,0,0,0,0,0,0,0,0,0,0,0,0,0,0,0,0,0,0,0,0,0,0,0,0,0,0,0,42,0,6,0,0,0,14,0,0,0,0,0,0,0,0,0,9,0,29,0,0,0,0,0,0,0,0,0,17,0,0,0,0,0,25,0,0,0,91,42,0,0,0,0,75,0,0,0,0,0,0,0,0,0,0,0,0,0,0,0,0,0,0,0,0,0,0,0,0,0,0,0,11,162,3,0,0,0,0,0,0,0,0,0,0,0,0
0,283,0,146,0,94,0,71,0,0,0,141,0,0,0,122,0,68,0,0,0,2,0,35,0,75,0,0,0,43,0,6,0,5,0,7,0,12,0,0,0,0,0,0,0,0,0,0,0,0,0,5,0,11,0,3,0,0,0,0,0,6,0,32,0,1,0,0,0,0,0,0,0,0,0,0,0,0,0,0,0,0,0,0,0,0,0,0,0,0,0,0,0,0,0,0,0,0,0,0,0,0,0,0,0,0,0,0,0,0,0,0,0,0,0,0,0,0,0,0,0,4,0,2,0,0,0,0,0,0,0,0,0,3,0,0,0,0,0,26,0,59,0,26,0,16,0,0,0,0,0,0,0,0,0,2,0,21,0,0,0,0,0,1,0,0,0,0,0,0,0,0,0,20,0,0,0,43,0,17,0,0,0,0,0,0,0,0,0,0,0,0,0,0,0,0,0,0,0,0,0,0,0,0,0,0,0,0,0,6,0,0,0,0,0,0,0,0,12,222,5,0,0,0,0
19,0,0,0,110,0,0,0,0,0,42,0,169,0,17,0,0,0,43,0,0,0,0,0,0,0,8,220,0,0,0,0,0,0,19,0,3,0,0,0,0,20,141,18,83,40,119,100,143,6,53,12,0,0,0,0,0,0,0,0,0,0,0,0,11,0,0,0,0,0,0,0,0,0,0,0,0,0,0,0,0,0,0,0,0,0,0,0,0,0,0,0,0,0,0,0,0,0,0,0,0,0,0,0,0,0,0,0,0,0,0,0,0,0,0,0,0,0,0,0,0,0,0,0,0,0,0,0,0,0,0,0,0,0,0,0,0,0,0,0,0,0,0,0,0,0,8,0,0,0,0,0,0,0,0,0,0,0,0,0,0,0,0,0,46,1,0,0,0,0,0,0,0,0,0,0,0,33,16,0,0,0,0,0,0,0,123,0,0,0,0,0,0,0,0,0,0,0,0,0,0,0,0,0,0,0,0,0,0,0,0,129,153,0,0,0,0,15,0,0,0,0,0,0,0
0,15,0,0,0,32,0,0,0,0,0,58,10,148,0,0,0,0,0,8,0,2,0,0,0,0,74,43,0,0,0,0,0,0,0,9,2,0,0,0,20,0,37,47,117,159,37,229,8,101,16,6,0,0,0,0,0,0,0,0,0,0,0,0,0,0,0,1,0,0,0,0,0,0,0,0,0,0,0,0,0,0,0,0,0,0,0,0,0,0,0,0,0,0,0,0,0,0,0,0,0,0,0,0,0,0,0,0,0,0,0,0,0,0,0,0,0,0,0,0,0,0,0,0,0,0,0,0,0,0,0,0,0,0,0,0,0,0,0,0,0,0,0,0,0,0,0,0,0,0,0,6,0,0,0,0,0,0,0,0,0,0,0,0,0,75,0,0,0,0,0,0,0,0,0,26,0,142,0,24,0,28,0,0,0,13,20,6,0,0,0,0,0,0,0,0,0,0,0,0,0,0,0,0,0,0,0,0,0,0,0,0,0,0,0,0,0,0,0,21,11,0,0,0,21
0,0,0,0,0,0,0,0,0,0,3,0,90,41,0,0,48,0,87,16,75,0,0,0,0,0,361,288,26,0,75,0,5,0,11,0,68,0,2,0,141,37,0,32,194,47,170,175,113,0,56,0,0,0,0,0,0,0,0,0,0,0,32,0,0,0,0,0,0,0,53,0,0,0,0,0,0,0,0,0,0,0,0,0,0,0,0,0,0,0,0,0,0,0,25,0,0,0,77,0,0,0,0,0,0,0,0,0,0,0,0,0,0,0,0,0,0,0,0,0,47,0,0,0,0,0,0,0,0,0,0,0,0,0,0,0,0,0,0,0,0,0,0,0,30,0,0,0,0,0,0,0,0,0,0,0,0,0,0,0,0,0,0,0,35,0,22,0,21,0,8,0,23,0,0,0,0,23,5,0,0,0,0,0,0,0,180,0,0,0,0,0,0,0,0,0,0,0,0,0,0,0,0,0,0,0,0,0,0,0,34,112,73,19,14,0,4,8,0,0,0,0,0,0,0
0,0,0,0,0,0,0,0,0,0,0,11,0,65,0,13,0,0,0,30,0,244,0,37,0,0,77,251,0,9,0,37,0,29,9,27,0,110,0,0,18,47,32,0,39,178,27,72,0,18,0,80,0,0,0,4,0,0,0,0,0,0,0,33,0,0,0,0,0,0,0,0,0,0,0,0,0,0,0,0,0,0,0,0,0,79,0,0,0,0,0,0,0,0,0,0,0,0,0,0,0,0,0,0,0,0,0,0,0,0,0,0,0,0,0,0,0,0,0,0,0,0,0,0,0,0,0,0,0,0,0,0,0,0,0,0,0,0,0,0,0,188,0,127,0,0,0,0,0,4,0,0,0,0,0,0,0,0,0,0,0,0,0,0,0,51,0,20,0,20,0,0,0,35,0,0,0,25,0,0,0,0,0,0,0,0,0,40,0,0,0,0,0,0,0,0,0,0,0,0,0,0,0,0,0,0,0,0,0,0,0,0,0,0,14,0,0,0,58,89,99,0,0,0,27
0,0,0,0,97,0,0,0,0,1,0,0,59,0,37,0,78,0,37,0,21,0,77,0,0,0,126,194,0,0,0,0,4,0,4,4,4,0,0,0,83,117,194,39,0,125,216,316,230,61,53,7,0,0,0,0,0,0,0,0,0,0,64,0,0,0,0,0,0,0,19,0,0,0,0,0,4,0,0,0,0,0,0,0,0,0,0,0,0,0,48,0,0,0,21,0,0,0,0,0,0,0,0,0,0,0,0,0,0,0,0,0,0,0,0,0,0,0,0,0,40,0,0,0,4,0,31,0,0,0,0,0,0,0,44,0,6,0,0,0,0,0,0,0,0,0,0,0,0,0,0,0,0,0,0,0,0,0,0,0,0,0,0,0,79,0,19,0,67,0,11,0,24,0,0,0,8,49,5,0,0,0,0,0,0,0,176,3,0,0,0,0,0,0,0,0,0,0,0,0,17,0,0,0,0,0,0,0,0,0,34,88,143,25,16,0,0,45,0,0,0,0,0,0,0
0,31,0,0,0,13,0,0,0,9,0,0,22,20,0,10,0,0,0,106,4,67,0,6,0,0,97,276,0,0,0,2,0,0,0,18,0,27,0,0,40,159,47,178,125,0,57,288,46,127,0,126,0,0,0,0,0,0,0,0,0,0,0,0,0,0,0,0,0,1,0,0,0,0,0,0,0,1,0,0,0,28,0,12,0,0,0,0,0,7,0,0,0,0,0,20,0,0,0,0,0,0,0,24,0,9,0,0,0,0,0,0,0,0,0,0,0,0,0,0,0,0,0,7,0,0,0,0,0,0,0,0,0,0,0,0,0,0,0,0,0,0,0,0,0,0,0,0,0,0,0,0,0,0,0,0,0,0,0,0,0,0,0,1,0,122,0,14,0,56,0,3,0,24,0,0,0,57,0,1,0,0,0,0,0,0,42,45,0,0,0,0,0,0,0,28,0,0,0,0,0,0,0,0,0,0,0,0,0,0,0,0,0,0,20,0,0,0,90,160,109,17,0,0,211
0,0,55,0,159,0,0,0,8,0,69,0,228,20,31,0,0,0,34,0,11,0,0,0,30,0,100,170,0,0,0,0,0,0,6,0,0,0,0,0,119,37,170,27,216,57,0,178,247,0,37,13,0,0,29,0,0,0,0,0,0,0,0,0,17,0,0,0,0,0,0,0,0,0,0,0,0,0,0,0,0,0,0,0,0,0,4,0,0,0,0,0,0,0,3,0,9,0,0,0,0,0,0,0,0,0,0,0,0,0,0,0,0,0,0,0,0,0,0,0,0,0,0,0,0,0,0,0,0,0,0,0,2,0,31,0,4,0,0,0,0,0,0,0,0,0,7,0,6,0,0,0,0,0,0,0,0,0,0,0,0,0,0,0,66,0,0,0,26,0,4,0,0,0,0,0,0,40,21,0,0,0,30,0,55,0,152,0,0,0,0,0,0,0,0,0,0,0,0,0,0,0,0,0,0,0,0,0,0,0,0,133,162,0,0,0,0,39,0,0,0,0,0,0,0
0,116,0,0,0,108,0,0,0,11,0,98,56,218,0,7,0,0,74,111,35,4,0,0,0,0,423,148,0,0,0,0,0,2,28,31,0,0,0,0,100,229,175,72,316,288,178,0,60,217,70,63,0,0,0,5,0,0,0,0,0,0,0,0,0,2,0,0,0,0,0,0,0,0,0,0,0,0,0,0,0,0,0,0,0,0,0,0,0,0,0,0,0,0,0,0,0,0,0,0,0,0,0,0,0,0,0,0,0,0,0,0,0,0,0,0,0,0,0,0,0,0,0,0,0,15,0,0,0,0,0,0,0,0,0,0,0,0,0,0,0,0,0,0,0,0,0,5,0,7,0,0,0,0,0,0,0,0,0,0,0,0,0,0,2,55,0,0,0,0,0,0,0,0,0,0,2,326,0,0,0,0,0,0,0,0,113,50,0,0,0,0,0,0,0,0,0,0,0,0,0,0,0,0,0,0,0,0,0,0,0,0,6,0,0,0,0,0,0,130,54,0,1,0,41
46,4,48,0,39,0,41,0,31,0,23,0,70,0,10,0,20,0,11,0,9,0,29,0,39,0,114,17,0,0,6,0,2,0,10,0,16,0,1,0,143,8,113,0,230,46,247,60,0,41,17,0,38,0,28,0,15,0,21,0,0,0,26,0,6,0,6,0,6,0,12,0,0,0,0,0,0,0,0,0,0,0,10,0,0,0,12,0,0,0,0,0,0,0,10,0,0,0,61,0,9,0,0,0,13,0,11,0,0,0,0,0,0,0,0,0,0,0,0,0,0,0,0,0,0,0,0,0,0,0,18,0,0,1,0,0,2,0,0,0,0,0,0,0,6,0,0,0,2,0,5,0,0,0,0,0,0,0,3,0,21,0,16,0,47,0,8,0,34,0,20,0,28,0,2,0,26,8,16,0,5,0,15,0,9,0,229,0,43,0,18,0,48,0,13,0,0,0,39,0,0,0,30,0,24,0,13,0,16,0,77,96,132,25,70,22,1,17,0,0,0,0,0,0,0
0,16,0,4,0,0,0,0,0,0,0,14,0,86,0,21,0,1,0,8,0,12,0,9,0,6,4,25,0,0,0,0,0,0,0,1,0,0,0,0,6,101,0,18,61,127,0,217,41,0,0,16,0,0,0,0,0,0,0,0,0,0,0,0,0,0,0,0,0,7,0,0,0,0,0,0,0,4,0,0,0,0,0,7,0,0,0,1,0,0,0,0,0,0,0,21,0,0,0,0,0,5,0,12,0,0,0,0,0,0,0,0,0,0,0,0,0,0,0,0,0,0,0,0,0,0,0,0,0,0,0,0,0,0,0,0,0,0,1,0,0,0,0,0,0,0,0,0,0,1,0,3,0,0,0,0,0,0,0,0,0,0,0,2,0,63,0,5,0,23,0,1,0,4,0,0,0,101,0,0,0,1,0,0,0,0,69,34,0,14,0,0,0,0,0,7,0,0,0,0,0,0,0,0,0,6,0,3,0,0,0,0,0,0,21,0,0,0,26,39,22,0,2,0,12
0,0,0,0,51,0,0,0,5,0,0,0,148,48,24,7,78,0,169,0,154,0,0,0,0,0,297,144,31,0,72,0,12,0,69,0,113,0,0,0,53,16,56,0,53,0,37,70,17,0,0,0,0,0,0,0,0,0,0,0,9,0,29,0,0,0,0,0,0,0,62,0,0,0,16,0,0,0,10,0,82,0,7,0,0,0,38,0,0,0,57,0,0,0,0,0,0,0,196,0,0,0,0,0,14,0,11,0,0,0,0,0,0,0,0,0,0,0,0,0,63,0,0,0,0,0,0,0,0,0,0,0,0,0,0,0,0,0,0,0,35,0,0,0,45,0,0,0,0,0,0,0,0,0,0,0,0,0,0,0,0,0,40,0,44,0,28,0,134,0,40,0,67,0,0,0,0,13,9,0,0,0,0,0,0,0,81,4,46,0,0,0,0,0,0,0,8,0,0,0,0,0,0,0,0,0,0,0,0,0,52,45,124,42,47,11,3,0,0,0,0,0,0,0,0
0,9,0,0,0,0,0,0,0,9,0,17,18,164,0,7,0,5,0,116,15,132,0,14,0,0,43,318,0,8,0,29,0,20,0,34,0,58,0,5,12,6,0,80,7,126,13,63,0,16,0,0,0,3,0,0,0,6,0,19,0,0,0,7,0,0,0,0,0,0,0,2,0,0,0,0,0,0,0,0,0,71,0,0,1,0,0,0,0,0,0,0,0,2,0,19,0,0,0,13,0,0,0,14,0,0,0,0,0,0,0,0,0,0,0,0,0,0,0,0,0,21,0,5,0,0,0,0,0,0,0,0,0,0,0,0,0,0,0,12,0,61,0,53,0,0,0,0,0,0,0,0,0,2,0,0,0,0,0,0,0,0,0,5,0,52,0,18,0,77,0,7,0,45,0,0,2,26,0,0,0,0,0,0,0,0,9,43,0,24,0,0,0,0,0,0,0,0,0,0,0,0,0,0,0,0,0,0,0,0,0,0,0,0,15,0,0,0,31,68,106,23,0,0,0
6,0,53,0,0,0,175,0,321,12,0,0,0,0,26,0,166,1,30,0,52,0,50,0,95,3,0,0,0,0,0,0,0,0,0,0,4,0,4,0,0,0,0,0,0,0,0,0,38,0,0,0,0,5,536,17,494,0,279,0,35,0,49,0,0,0,42,10,0,0,24,0,0,0,1,0,0,0,0,0,83,0,0,0,277,0,26,0,0,0,153,0,0,0,0,0,206,0,221,1,37,0,0,0,0,0,0,0,0,0,0,0,0,0,0,0,0,0,0,0,44,0,48,0,20,3,17,0,41,0,42,0,20,0,39,0,54,0,212,0,110,0,480,0,29,0,0,0,11,0,9,0,0,0,300,0,149,0,108,0,20,0,43,0,0,0,15,0,22,0,295,0,0,0,0,0,135,5,2,0,0,0,0,0,0,0,0,0,0,0,0,0,0,0,0,0,0,0,0,0,26,0,0,0,0,0,0,0,18,0,179,96,357,407,421,5,87,9,3,0,3,0,0,0,0
0,26,0,0,0,0,40,80,52,311,0,0,0,0,0,0,0,108,0,1,0,5,0,5,3,25,0,0,0,16,0,10,0,9,0,5,0,33,0,11,0,0,0,0,0,0,0,0,0,0,0,3,5,0,32,141,0,95,15,68,8,79,0,64,0,2,15,15,0,0,0,0,0,0,0,0,0,0,0,0,0,0,0,0,0,4,0,0,0,0,0,0,0,0,0,0,0,0,0,0,0,0,0,0,0,0,0,0,0,0,0,0,0,0,0,0,0,0,0,0,0,0,0,0,0,0,0,0,0,0,0,5,0,0,0,25,0,18,0,88,0,27,3,10,0,67,0,0,0,1,0,0,0,0,0,105,2,90,0,76,1,16,0,0,0,1,0,0,1,0,6,36,2,0,0,0,20,31,0,0,0,0,0,15,0,38,0,0,0,0,0,0,0,0,0,0,0,0,0,0,0,0,0,0,0,0,0,0,0,8,15,3,6,10,139,0,0,0,112,84,47,83,0,12,0
10,0,108,0,21,0,256,7,259,78,4,0,17,0,93,1,49,0,0,0,29,0,90,1,156,24,0,0,7,0,0,0,0,0,0,0,0,0,0,0,0,0,0,0,0,0,29,0,28,0,0,0,536,32,0,109,66,63,87,55,27,0,19,0,7,0,18,133,0,0,5,0,0,0,0,0,0,0,0,0,0,0,0,0,11,0,0,0,0,0,0,0,0,0,0,0,0,0,0,0,0,0,0,0,0,0,0,0,0,0,0,0,0,0,0,0,0,0,0,0,0,0,3,0,0,0,51,0,44,0,25,0,60,0,40,0,64,0,23,0,21,0,97,0,11,0,3,0,4,3,17,0,0,0,32,0,14,0,38,0,9,0,0,0,0,0,0,0,3,0,72,0,20,0,0,0,53,14,6,0,0,0,4,0,39,0,6,0,0,0,0,0,0,0,0,0,0,0,0,0,0,0,0,0,0,0,4,0,30,0,76,11,71,176,115,2,22,0,0,3,0,0,0,0,0
7,16,8,49,0,11,117,163,226,173,0,1,1,0,0,30,0,48,0,11,0,0,0,66,20,212,0,0,0,10,0,2,0,0,0,0,0,2,0,3,0,0,0,4,0,0,0,5,0,0,0,0,17,141,109,0,0,152,73,79,16,5,24,73,3,8,52,9,0,0,0,0,0,0,1,0,0,0,0,0,0,0,0,2,0,16,0,0,0,0,0,0,0,0,0,0,0,0,0,0,0,0,0,0,0,0,0,0,0,0,0,0,0,0,0,0,0,0,0,0,2,0,0,0,0,73,0,30,0,0,0,60,0,0,0,172,0,57,14,42,0,5,0,25,0,10,0,12,18,15,0,33,0,0,0,43,0,0,0,8,0,61,0,0,0,0,0,0,2,11,17,57,34,51,0,0,64,21,0,0,10,0,0,6,6,20,0,0,0,0,0,0,0,0,0,0,0,0,0,10,0,0,0,0,0,0,0,19,0,72,41,8,15,23,169,0,0,0,71,15,117,175,0,35,0
2,0,0,0,0,0,3,0,0,0,0,0,0,0,0,0,6,0,3,0,0,0,0,0,12,0,0,0,0,0,0,0,0,0,1,0,0,0,0,0,0,0,0,0,0,0,0,0,15,0,0,0,494,0,66,0,0,27,148,26,0,0,0,0,44,23,6,74,0,0,0,0,0,0,0,0,0,0,0,0,0,0,0,0,0,0,0,0,0,0,0,0,0,0,0,0,0,0,0,0,0,0,0,0,0,0,0,0,0,0,0,0,0,0,0,0,0,0,0,0,0,0,0,0,0,0,19,0,49,0,48,0,39,0,0,0,11,0,1,0,0,0,0,0,0,1,2,0,12,0,0,0,0,0,36,11,7,0,31,0,54,0,65,0,0,0,0,0,0,0,62,0,0,0,3,0,0,0,0,0,0,6,0,0,27,0,0,0,0,0,0,0,0,0,0,0,0,0,0,0,0,0,0,0,0,0,0,0,0,0,307,39,191,458,736,7,58,0,0,0,0,0,0,0,0
0,0,0,0,0,0,15,0,55,0,0,0,0,2,0,24,0,94,0,0,0,0,0,35,0,153,0,0,0,7,0,0,0,0,0,0,0,0,0,0,0,0,0,0,0,0,0,0,0,0,0,6,0,95,63,152,27,0,98,371,0,0,0,17,13,14,141,30,0,0,0,1,0,0,0,0,0,0,0,0,0,0,0,3,0,0,0,0,0,1,0,0,0,0,0,0,0,0,0,0,0,0,0,0,0,0,0,0,0,0,0,0,0,0,0,0,0,0,0,0,0,0,0,0,0,35,0,12,0,44,0,36,0,15,0,36,0,21,10,29,1,1,0,12,0,1,0,0,0,2,0,17,0,0,9,151,0,6,7,97,0,145,0,14,0,0,0,0,0,14,10,222,0,42,0,4,11,0,0,0,0,0,0,0,22,29,0,0,0,0,0,0,0,0,0,0,0,0,0,5,1,0,0,0,0,0,0,0,0,22,0,7,0,0,575,1,0,0,193,87,266,358,3,77,0
0,0,13,0,0,0,5,0,19,0,0,0,0,0,0,0,8,0,0,0,0,0,7,0,14,0,0,0,0,0,0,0,0,0,0,0,0,0,0,0,0,0,0,0,0,0,0,0,21,0,0,0,279,15,87,73,148,98,0,126,30,0,0,0,151,47,95,311,0,0,0,0,1,0,0,0,0,0,0,0,0,0,0,0,0,0,0,0,0,0,0,0,0,0,3,0,0,0,0,0,0,0,0,0,0,0,0,0,0,0,0,0,0,0,0,0,0,0,0,0,0,0,0,0,33,0,0,0,2,0,220,0,15,0,0,0,0,0,0,0,0,0,0,0,1,0,0,0,102,0,0,0,0,0,34,40,95,2,0,19,207,0,18,0,0,0,0,0,16,0,163,0,0,0,0,4,30,0,0,0,0,0,0,0,96,8,0,0,0,0,0,0,0,0,0,0,0,0,0,0,0,0,0,0,0,0,0,0,0,0,868,175,290,796,1530,9,85,11,0,0,0,0,0,0,0
0,0,0,0,0,0,0,6,62,42,0,0,0,0,0,0,0,28,0,0,0,0,0,0,0,63,0,0,0,5,0,0,0,0,0,0,0,14,0,0,0,0,0,0,0,0,0,0,0,0,0,19,0,68,55,79,26,371,126,0,4,0,0,12,10,88,157,186,0,0,0,0,0,0,0,0,0,0,0,0,0,0,0,0,0,0,0,0,0,0,0,0,0,0,0,0,0,0,0,0,0,0,0,0,0,0,0,0,0,0,0,0,0,0,0,0,0,0,0,0,0,0,0,0,0,68,0,0,0,4,0,84,0,12,0,0,0,0,0,6,0,0,0,0,0,9,0,7,0,27,0,15,0,0,8,71,0,31,2,46,0,52,0,21,0,6,0,0,0,27,0,177,0,63,0,16,29,7,0,0,0,0,0,0,42,43,0,0,0,0,0,0,0,0,0,0,0,0,0,4,1,0,0,0,0,0,0,6,0,16,0,0,0,0,1442,0,3,0,546,181,376,606,16,118,2
116,0,88,0,0,0,305,4,280,14,0,0,0,0,0,0,12,0,0,0,0,0,0,2,19,32,6,0,7,0,0,0,3,0,0,0,31,0,2,0,0,0,0,0,0,0,0,0,0,0,9,0,35,8,27,16,0,0,30,4,0,1,46,0,0,0,23,0,0,0,3,0,0,0,0,0,0,0,0,0,0,0,0,0,0,0,0,0,0,0,0,0,0,0,0,0,0,0,0,0,0,0,0,0,0,0,0,0,0,0,0,0,0,0,0,0,0,0,0,0,0,0,0,0,0,0,0,0,4,0,0,0,0,0,0,0,4,0,89,0,66,0,0,0,94,0,0,0,0,0,0,0,0,0,20,0,110,0,0,0,0,0,0,0,0,0,0,0,0,0,101,0,35,0,0,0,90,16,0,0,0,0,0,0,0,0,0,0,0,0,0,0,0,0,0,0,0,0,0,0,0,0,0,0,0,0,0,0,0,0,56,20,35,87,41,0,14,0,0,0,0,2,0,0,0
0,205,0,24,0,4,0,131,0,101,0,11,0,0,0,0,0,23,0,0,0,10,0,8,7,60,0,0,0,54,0,4,0,20,0,0,0,52,0,6,0,0,0,0,0,0,0,0,0,0,0,0,0,79,0,5,0,0,0,0,1,0,0,49,0,0,0,0,0,0,0,1,0,0,0,0,0,0,0,0,0,29,0,2,0,16,0,0,0,0,0,0,0,0,0,2,0,0,0,0,0,0,0,0,0,0,0,0,0,0,0,0,0,0,0,0,0,0,0,0,0,16,0,3,0,0,0,0,0,0,0,0,0,0,0,0,0,13,0,61,0,99,0,21,0,139,0,0,0,0,0,0,0,3,0,8,0,106,0,30,0,0,0,0,0,0,0,2,0,3,0,24,0,57,0,0,4,31,0,0,0,0,0,13,0,1,0,0,0,0,0,0,0,0,0,0,0,0,0,0,0,0,0,0,0,0,0,0,0,0,0,0,0,0,0,0,0,0,19,310,22,0,0,4,0
46,0,64,0,0,0,220,0,243,0,0,0,0,0,19,0,149,0,26,0,85,0,8,0,29,26,31,0,11,0,9,0,3,0,13,0,28,0,7,0,0,0,32,0,64,0,0,0,26,0,29,0,49,0,19,24,0,0,0,0,46,0,0,5,0,0,0,2,0,0,42,0,0,0,1,0,0,0,0,0,0,0,0,0,34,0,0,0,0,0,0,0,0,0,0,0,35,0,70,0,0,0,0,0,0,0,0,0,0,0,0,0,0,0,0,0,0,0,0,0,29,0,21,0,0,0,0,0,10,0,0,0,0,0,0,0,32,0,155,0,147,0,57,0,74,0,0,0,0,0,0,0,0,0,42,0,34,0,40,0,2,0,0,0,0,0,0,0,0,0,8,0,13,0,0,0,95,20,0,0,0,0,4,0,0,0,0,0,0,0,0,0,0,0,0,0,0,0,0,0,0,0,0,0,0,0,0,0,0,0,14,15,15,23,23,0,3,0,4,0,0,0,0,0,0
12,180,12,6,0,0,16,244,7,243,0,0,0,0,0,0,0,46,0,0,0,48,6,9,22,231,0,0,0,49,0,18,0,19,0,28,0,42,0,32,0,0,0,33,0,0,0,0,0,0,0,7,0,64,0,73,0,17,0,12,0,49,5,0,0,0,0,0,0,0,0,0,0,0,0,0,0,0,0,0,0,0,0,0,0,0,0,0,0,0,0,0,0,0,0,0,0,0,0,0,0,0,0,0,0,0,0,0,0,0,0,0,0,0,0,0,0,0,0,0,0,0,0,0,0,0,0,0,0,3,0,0,0,0,0,14,0,16,0,81,0,35,0,13,0,54,0,2,0,0,0,3,0,1,0,44,0,33,0,22,0,2,0,0,0,0,0,0,0,0,2,0,13,8,0,0,0,50,0,0,0,0,0,14,0,0,0,0,0,0,0,0,0,0,0,0,0,0,0,0,0,0,0,0,0,0,0,0,0,12,7,0,0,5,13,0,1,0,0,144,0,0,0,2,0
21,0,23,0,27,0,13,0,69,0,19,0,30,0,14,0,0,2,0,0,5,0,0,0,0,0,12,0,0,0,0,0,0,0,0,0,0,0,0,0,11,0,0,0,0,0,17,0,6,0,0,0,0,0,7,3,44,13,151,10,0,0,0,0,0,0,322,0,1,0,0,0,0,0,0,0,0,0,0,0,0,0,0,0,0,0,0,0,0,0,0,0,0,0,0,0,0,0,0,3,1,0,0,0,0,0,0,0,0,0,0,0,0,0,0,0,0,0,0,0,0,0,0,0,44,0,29,0,0,0,23,0,0,0,0,0,0,0,6,7,1,0,2,0,1,7,42,0,112,0,28,0,15,0,0,51,0,0,0,43,189,48,0,0,0,0,0,0,0,0,0,0,0,0,38,1,2,0,2,0,19,25,10,0,328,0,0,0,0,0,0,0,0,0,0,0,0,0,0,0,0,0,0,0,0,0,5,0,12,0,334,30,0,0,303,1,0,3,0,0,0,0,0,0,0
0,23,0,0,0,6,0,5,2,110,0,0,0,0,0,23,0,0,0,48,0,6,0,0,0,2,0,30,0,0,0,0,0,2,0,0,0,0,0,1,0,0,0,0,0,0,0,2,0,0,0,0,0,2,0,8,23,14,47,88,0,0,0,0,0,0,25,365,0,0,0,9,0,0,0,0,0,0,0,0,0,24,0,0,0,11,0,0,0,0,0,0,0,0,0,0,0,2,0,0,0,0,0,0,0,0,0,0,0,0,0,0,0,0,0,0,0,0,0,0,0,7,0,0,0,69,0,11,4,0,28,103,0,0,0,0,0,1,41,21,0,33,0,0,0,63,0,55,0,97,0,15,0,13,9,9,0,4,16,11,82,137,0,0,0,2,0,0,1,2,0,0,0,0,5,85,1,0,0,1,17,120,0,0,25,131,0,0,0,0,0,0,0,0,0,0,0,0,0,0,0,0,0,0,0,0,0,0,0,9,0,2,0,0,140,0,0,0,151,50,20,0,0,0,0
5,0,5,0,1,0,33,0,129,17,0,0,0,0,1,0,0,0,0,0,0,0,0,0,0,0,0,0,0,0,0,0,0,0,0,0,0,0,0,0,0,0,0,0,0,0,0,0,6,0,0,0,42,15,18,52,6,141,95,157,23,0,0,0,322,25,0,203,0,0,0,0,0,0,0,0,1,0,0,0,0,0,0,0,0,0,0,0,0,0,0,0,0,0,0,0,0,0,0,0,0,0,0,0,0,0,0,0,0,0,0,0,0,0,0,0,0,0,0,0,0,0,0,0,0,0,0,0,0,0,13,0,0,0,0,0,0,0,0,0,0,0,0,0,0,0,0,0,17,0,0,0,0,0,0,24,49,0,0,18,129,7,0,0,0,0,0,0,1,0,39,0,0,0,0,0,153,0,0,0,0,0,12,0,226,0,0,0,0,0,0,0,0,0,0,0,0,0,0,0,0,0,0,0,0,0,0,0,0,0,321,119,78,167,356,0,18,0,0,0,0,0,0,0,0
0,9,0,0,0,1,38,0,115,97,0,0,0,9,0,0,0,0,0,0,0,0,0,0,0,3,0,7,0,0,0,0,0,0,0,0,0,0,0,0,0,1,0,0,0,0,0,0,0,0,0,0,10,15,133,9,74,30,311,186,0,0,2,0,0,365,203,0,0,0,0,0,0,0,0,0,0,0,0,0,0,0,0,0,0,0,0,0,0,0,0,0,0,0,0,0,0,0,0,0,0,0,0,0,0,0,0,0,0,0,0,0,0,0,0,0,0,0,0,0,0,0,0,0,0,14,0,1,0,0,0,29,0,0,1,0,0,0,0,5,0,0,0,0,0,12,0,3,0,21,0,0,0,0,0,32,0,33,0,39,0,24,0,0,0,3,0,0,1,6,0,52,2,0,0,75,87,7,0,0,0,11,0,0,58,438,0,0,0,0,0,0,0,0,0,0,0,0,0,0,0,0,0,0,0,0,0,3,0,0,6,0,0,10,834,0,0,0,449,235,116,262,4,29,0
0,0,0,0,0,0,1,0,0,0,0,0,0,0,0,0,0,0,0,0,0,0,0,0,0,0,0,0,0,0,0,0,0,0,0,0,0,0,0,0,0,0,0,0,0,0,0,0,6,0,0,0,0,0,0,0,0,0,0,0,0,0,0,0,1,0,0,0,0,0,5,0,0,0,0,0,287,0,26,0,5,0,14,0,0,0,11,0,10,0,0,0,4,0,15,0,0,0,0,0,18,0,64,0,0,0,29,0,52,0,11,0,0,0,36,0,10,0,0,0,0,0,0,0,0,0,0,0,0,0,0,0,0,1,0,0,0,0,0,0,0,0,0,0,0,0,0,0,0,0,0,0,0,0,0,0,0,0,0,0,0,0,38,0,9,0,0,0,213,0,15,0,0,0,0,0,0,0,0,0,0,0,0,0,1,0,0,0,0,0,0,0,0,0,44,0,14,0,0,0,0,0,0,0,0,0,0,0,0,0,43,2,63,0,0,96,103,0,0,0,0,0,0,0,0
0,0,0,0,0,0,0,0,0,1,0,0,0,0,0,0,0,0,0,0,0,0,0,0,0,0,0,0,0,0,0,0,0,0,0,0,0,0,0,0,0,0,0,0,0,1,0,0,0,7,0,0,0,0,0,0,0,0,0,0,0,0,0,0,0,0,0,0,0,0,0,0,0,1,0,0,0,95,0,0,0,0,0,24,0,0,0,0,0,10,0,0,0,47,0,7,0,0,0,0,0,0,0,54,0,0,0,0,0,16,0,0,0,1,0,1,0,5,0,0,0,0,0,0,0,0,0,0,0,0,0,0,0,0,0,0,0,0,0,0,0,0,0,0,0,0,0,0,0,0,0,0,0,0,0,2,0,2,0,0,0,0,0,0,0,46,0,0,0,83,0,5,0,0,0,0,0,0,0,0,0,0,0,0,0,0,0,0,0,0,0,0,0,0,0,0,0,0,0,0,0,0,0,0,0,0,0,0,0,0,0,0,0,0,3,0,0,0,25,9,163,0,17,80,0
0,0,0,0,0,0,0,0,0,0,0,0,0,0,0,0,109,1,9,0,71,0,0,0,5,0,33,0,12,0,4,0,1,0,16,0,68,0,0,0,0,0,53,0,19,0,0,0,12,0,62,0,24,0,5,0,0,0,0,0,3,0,42,0,0,0,0,0,5,0,0,0,138,0,100,0,5,0,86,0,50,0,0,0,14,0,46,0,0,0,0,0,0,0,0,0,0,0,0,0,0,0,0,0,0,0,0,0,0,0,0,0,0,0,0,0,0,0,0,0,38,0,49,0,8,0,9,0,0,0,0,0,16,0,6,0,3,0,13,0,63,0,40,0,79,0,20,0,0,0,43,0,6,0,1,0,8,0,2,0,0,0,85,0,0,0,7,0,23,0,19,0,23,0,6,0,0,0,0,0,0,0,0,0,0,0,0,0,0,0,0,0,0,0,0,0,2,0,0,0,0,0,0,0,0,0,7,0,6,0,14,8,51,0,20,0,4,0,0,0,0,0,0,0,0
0,0,0,0,0,0,0,0,0,0,0,0,0,0,0,0,0,0,0,0,0,0,0,0,0,0,0,0,0,0,0,0,0,0,0,0,0,0,0,0,0,0,0,0,0,0,0,0,0,0,0,2,0,0,0,0,0,1,0,0,0,1,0,0,0,9,0,0,0,0,0,0,0,135,0,360,0,6,0,16,0,4,0,0,0,3,0,75,0,0,0,0,0,0,0,0,0,0,0,2,0,0,0,0,0,0,0,0,0,0,0,0,0,0,0,0,0,0,0,0,0,9,0,15,0,30,0,0,0,0,0,7,0,14,0,0,0,27,3,0,0,13,0,19,0,10,0,0,0,13,0,0,0,0,0,0,0,0,0,0,0,0,0,16,0,0,1,0,0,4,0,4,0,13,0,6,0,0,0,0,0,0,0,0,0,2,0,0,0,0,0,0,0,0,0,0,0,0,0,0,0,0,0,0,0,0,0,0,0,0,0,0,0,0,0,0,0,0,38,4,5,0,0,1,0
0,0,0,0,0,0,0,0,1,0,0,0,0,0,0,0,0,0,0,0,0,0,0,0,0,0,0,0,0,0,0,0,0,0,0,0,0,0,0,0,0,0,0,0,0,0,0,0,0,0,0,0,0,0,0,0,0,0,1,0,0,0,0,0,0,0,0,0,0,0,138,0,0,0,213,0,61,0,228,0,2,0,10,0,26,0,26,0,0,0,1,0,7,0,2,0,11,0,0,0,0,0,0,0,0,0,0,0,0,0,0,0,0,0,0,0,0,0,0,0,61,0,57,0,23,0,9,0,5,0,9,0,29,1,36,0,0,0,0,0,26,0,52,0,29,0,12,1,6,0,36,0,6,0,0,0,0,0,0,0,0,0,27,0,2,0,0,0,12,0,3,0,1,0,0,0,0,0,0,0,5,0,0,0,0,0,0,0,0,0,0,0,0,0,0,0,0,0,0,0,37,0,0,0,26,0,0,0,30,0,87,0,13,0,22,0,0,0,0,0,0,0,0,0,0
0,0,0,0,0,0,0,0,0,0,0,0,0,0,0,0,0,2,0,0,0,0,0,0,0,0,0,0,0,0,0,0,0,0,0,0,0,0,0,0,0,0,0,0,0,0,0,0,0,0,0,0,0,0,0,0,0,0,0,0,0,0,0,0,0,0,0,0,0,1,0,135,0,0,0,131,0,26,0,27,0,3,0,7,0,36,0,79,0,0,0,0,0,0,0,0,0,1,0,0,0,0,0,0,0,0,0,0,0,0,0,0,0,0,0,0,0,0,0,0,0,65,0,28,0,7,0,32,0,2,0,0,0,0,0,102,0,50,0,8,0,12,0,57,0,42,0,0,0,0,0,0,0,0,0,0,0,0,0,0,0,0,0,16,0,0,0,0,0,10,0,0,0,0,0,0,0,0,0,0,0,0,0,0,0,0,0,0,0,0,0,0,0,0,0,0,0,0,0,0,0,79,0,54,0,0,0,61,0,34,0,0,0,0,4,0,0,0,43,4,5,2,0,0,0
0,0,8,0,0,0,0,0,0,0,0,0,0,0,0,0,0,0,0,0,0,0,0,0,0,0,0,0,0,0,0,0,0,0,0,0,9,0,0,0,0,0,0,0,0,0,0,0,0,0,16,0,1,0,0,1,0,0,0,0,0,0,1,0,0,0,0,0,0,0,100,0,213,0,0,0,11,0,159,0,19,0,0,0,27,0,28,0,0,0,0,0,0,0,8,0,0,0,0,0,0,0,0,0,0,0,0,0,0,0,0,0,0,0,0,0,0,0,0,0,36,0,53,0,0,0,0,0,0,0,0,0,0,0,0,0,0,0,0,0,47,0,35,0,22,0,0,0,5,0,12,0,0,0,0,0,0,0,0,0,0,0,8,0,0,0,7,0,0,0,0,0,0,0,4,0,0,0,0,0,5,0,0,0,1,0,0,0,0,0,0,0,0,0,0,0,0,0,30,0,17,0,0,0,10,0,0,0,0,0,12,2,0,0,0,0,0,0,0,0,0,0,0,0,0
0,0,0,0,0,0,0,0,0,0,0,0,0,0,0,0,0,0,0,0,0,7,0,0,0,0,0,0,0,0,0,0,0,0,0,0,0,0,0,0,0,0,0,0,0,0,0,0,0,0,0,0,0,0,0,0,0,0,0,0,0,0,0,0,0,0,0,0,0,0,0,360,0,131,0,0,0,0,0,75,0,0,0,0,0,0,0,65,0,0,0,0,0,0,0,0,0,0,0,0,0,0,0,0,0,0,0,0,0,0,0,0,0,0,0,0,0,0,0,0,0,144,0,55,0,27,0,13,0,0,5,0,0,0,0,12,0,17,0,0,0,35,0,31,0,101,0,0,2,10,0,9,0,16,0,0,0,1,0,0,0,0,0,27,0,0,0,0,0,1,0,9,0,7,2,8,0,0,0,0,0,12,0,0,0,0,0,0,0,0,0,0,0,2,0,0,0,0,0,0,0,0,0,0,0,0,0,0,0,7,0,0,0,0,0,0,0,0,53,3,5,1,0,0,0
0,0,0,0,0,0,0,0,0,0,0,0,0,0,0,0,0,0,0,0,0,0,0,0,0,0,0,0,0,0,0,0,0,0,0,0,0,0,0,0,0,0,0,0,4,0,0,0,0,0,0,0,0,0,0,0,0,0,0,0,0,0,0,0,0,0,1,0,287,0,5,0,61,0,11,0,0,0,79,0,4,0,32,0,10,0,22,0,4,0,0,0,7,0,5,0,0,0,18,0,0,0,27,0,0,0,0,0,38,0,0,0,0,0,11,0,7,0,0,0,5,0,0,0,0,0,0,0,0,0,0,0,0,0,0,0,0,0,0,0,0,0,0,0,0,0,0,0,0,0,0,0,0,0,0,0,0,0,0,0,0,0,0,0,1,0,0,0,43,0,6,0,2,0,0,0,0,0,0,0,0,0,0,0,0,0,0,0,0,0,0,0,0,0,0,0,0,0,0,0,0,0,0,0,26,0,0,0,0,0,21,0,18,0,6,8,15,0,0,0,0,0,0,0,0
0,0,0,0,0,0,0,0,0,0,0,0,0,0,0,0,0,0,0,0,0,0,0,0,0,0,0,0,0,0,0,0,0,0,0,0,0,0,0,0,0,0,0,0,0,1,0,0,0,4,0,0,0,0,0,0,0,0,0,0,0,0,0,0,0,0,0,0,0,95,0,6,0,26,0,0,0,0,0,0,0,36,0,144,0,11,0,62,0,15,0,0,0,19,0,32,0,4,0,29,0,5,0,97,0,0,0,0,0,21,0,1,0,0,0,1,0,9,0,0,0,7,0,0,0,0,0,0,0,0,0,2,0,0,0,13,0,0,0,0,0,0,0,0,0,0,0,0,0,0,0,5,0,0,0,0,0,0,0,0,0,3,0,0,0,14,0,0,0,80,0,2,0,0,0,0,0,0,0,0,0,0,0,0,0,0,0,0,0,60,0,0,0,0,0,0,0,0,0,0,0,35,0,0,0,0,0,0,0,0,0,0,0,0,3,0,0,0,11,4,12,0,3,0,0
0,0,0,0,0,0,0,0,0,0,0,0,0,0,0,0,0,0,0,0,0,0,0,0,0,0,0,0,0,0,0,0,0,0,0,0,0,0,0,0,0,0,0,0,0,0,0,0,0,0,10,0,0,0,0,0,0,0,0,0,0,0,0,0,0,0,0,0,26,0,86,0,228,0,159,0,79,0,0,0,6,0,45,0,41,0,41,0,1,0,0,0,6,0,7,0,25,0,0,0,0,0,0,0,0,0,25,0,2,0,0,0,0,0,1,0,2,0,0,0,33,0,28,0,0,0,0,0,2,0,0,0,0,0,0,0,0,0,0,0,6,0,0,0,0,0,0,0,0,0,0,0,0,0,0,0,0,0,0,0,0,0,21,0,5,0,2,0,61,0,2,0,0,0,0,0,0,0,0,0,0,0,0,0,2,0,0,0,0,0,0,0,0,0,0,0,2,0,0,0,51,0,0,0,0,0,0,0,0,0,86,3,24,1,18,5,5,1,0,0,0,0,0,0,0
0,0,0,0,0,0,0,0,0,0,0,0,0,0,0,0,0,0,0,0,0,0,0,0,0,0,0,0,0,0,0,1,0,0,0,0,0,1,0,0,0,0,0,0,0,0,0,0,0,0,0,0,0,0,0,0,0,0,0,0,0,0,0,0,0,0,0,0,0,0,0,16,0,27,0,75,0,0,0,0,0,1,0,0,0,6,0,20,0,0,0,0,0,0,0,0,0,0,0,0,0,0,0,0,0,0,0,0,0,0,0,0,0,0,0,0,0,0,0,0,0,17,0,33,0,0,0,0,0,0,0,0,0,0,0,29,0,14,0,0,0,4,0,22,0,10,0,3,0,0,0,9,0,0,0,0,0,0,0,0,0,0,0,10,0,0,0,0,0,0,0,0,0,0,0,0,0,0,0,0,0,0,0,0,0,0,0,0,0,0,0,0,0,0,0,0,0,0,0,6,0,7,0,0,0,0,0,0,0,0,0,0,0,0,1,0,0,0,35,1,1,0,0,0,1
