0,239,166,238,41,18,14,210,73,49,69,0,62,0,0,59,7,107,5,0,4,0,3,104,0,244,0,0,39,0,0,0,24,0,0,0,25,0,99,0,17,0,0,0,0,0,14,0,4,0,0,0,5,0,11,0,0,0,19,0,13,0,0,21,9,0,18,0,0,0,0,0,0,0,0,0,0,0,0,0,0,0,0,0,0,0,0,0,0,0,0,0,0,0,0,0,0,0,0,0,0,0,0,0,0,0,0,0,0,0,0,0,0,0,0,0,0,0,0,0,0,1,0,0,0,0,0,0,0,0,26,0,0,0,1,0,0,0,0,0,0,0,0,0,0,0,9,0,21,0,0,0,2,0,0,0,0,0,0,0,11,0,0,0,0,0,0,0,7,0,0,0,65,0,0,0,548,73,0,1,2,0,113,18,7,0,2,0,0,0,0,0,0,0,0,0,0,0,1,0,0,0,0,0,0,0,0,0,6,0,103,145,55,0,92,0,0,0,0,0,0,1,0,0,0
239,0,217,28,78,75,69,48,25,35,0,62,0,36,25,12,106,18,0,24,20,18,243,12,140,5,0,91,0,61,1,0,0,87,0,0,0,121,0,236,0,24,0,0,0,21,1,67,0,6,0,0,0,14,4,16,0,6,0,0,0,53,5,53,0,30,0,5,0,0,0,0,0,0,0,0,0,0,0,0,0,10,0,0,0,0,0,0,0,0,0,0,0,0,0,0,0,0,0,3,0,0,0,0,0,0,0,0,0,0,0,0,0,0,0,0,0,0,0,0,0,0,0,0,0,0,0,3,0,2,0,11,0,0,0,0,0,0,0,0,0,0,0,0,0,0,0,11,0,21,0,5,0,0,0,0,0,0,0,0,0,6,0,0,0,0,0,0,0,14,0,22,0,143,0,0,139,316,0,0,0,0,0,8,0,62,0,0,0,0,0,0,0,0,0,0,0,2,0,4,0,0,0,0,0,0,0,4,0,36,0,0,6,0,213,0,0,0,390,158,155,85,0,0,0
166,217,0,146,232,39,106,99,5,0,37,0,119,0,70,27,20,53,63,0,0,0,115,58,63,104,40,0,58,0,4,0,58,0,6,0,0,0,240,0,51,0,0,0,0,0,65,0,5,0,4,0,4,5,15,0,0,0,0,0,32,0,21,17,2,0,0,0,0,0,0,0,0,0,0,0,0,0,0,0,0,0,0,0,0,0,0,0,0,0,0,0,0,0,0,0,0,0,0,0,0,0,0,0,0,0,0,0,0,0,0,0,0,0,0,0,0,0,0,0,0,0,0,0,16,0,4,0,0,0,4,0,4,0,23,0,6,0,0,0,0,0,72,0,0,0,10,0,15,0,6,0,0,0,0,0,0,0,0,0,2,0,0,0,0,0,7,0,18,0,9,0,151,0,0,0,121,37,0,0,2,0,11,30,0,0,3,0,0,0,0,0,0,0,0,0,0,0,0,0,0,0,0,0,0,0,0,0,54,0,238,151,145,0,167,0,0,0,0,5,0,0,0,0,0
238,28,146,0,85,167,0,20,0,16,0,14,0,26,0,193,63,30,0,173,13,43,169,88,0,27,0,88,0,187,0,23,0,208,0,7,0,141,0,441,0,0,0,0,0,0,0,24,0,3,0,0,1,5,0,57,0,7,0,2,0,57,0,64,0,0,0,0,0,0,0,0,0,0,0,0,0,0,0,0,0,0,0,0,0,16,0,0,0,0,0,0,0,0,0,0,0,2,0,16,0,13,0,0,0,0,0,8,0,0,0,0,0,0,0,0,0,0,0,0,0,0,0,0,0,0,0,0,0,0,0,13,0,3,0,132,0,48,0,0,0,0,0,0,0,0,0,6,0,16,0,0,0,0,0,0,0,0,0,0,0,0,0,0,0,0,0,0,0,11,0,11,0,186,0,0,63,99,0,0,0,0,22,0,0,0,0,0,0,0,0,0,0,0,0,0,0,0,0,0,0,0,0,0,0,0,0,0,0,65,0,0,0,0,243,0,0,0,351,168,332,83,0,0,0
41,78,232,85,0,291,17,0,6,0,88,200,323,58,207,299,9,22,143,129,70,77,134,139,23,0,79,0,40,7,35,17,195,0,102,0,184,0,93,0,195,0,0,0,0,0,133,0,19,0,35,0,0,0,0,0,0,0,0,0,0,0,0,0,5,0,0,0,0,0,0,0,0,0,0,0,0,0,0,0,0,0,0,0,0,0,0,0,0,0,0,0,0,0,0,0,0,0,0,0,0,0,0,0,0,0,0,0,0,0,0,0,0,0,0,0,0,0,0,0,0,0,0,0,13,0,10,0,0,0,10,0,0,0,26,0,7,0,0,0,0,0,0,0,0,0,19,0,40,0,0,0,0,0,0,0,0,0,0,0,3,0,0,0,0,0,139,0,84,0,0,0,237,0,0,0,524,66,55,5,11,0,47,10,24,0,0,0,0,0,0,0,0,0,0,0,0,0,0,0,0,0,0,0,0,0,0,0,41,0,566,483,426,0,327,0,1,0,32,0,0,0,0,0,0
18,75,39,167,291,0,0,16,0,6,147,154,74,193,378,152,0,6,111,273,128,112,66,58,0,13,0,273,0,37,0,121,0,418,0,190,0,195,0,62,0,31,0,8,0,0,0,120,0,0,0,0,0,4,0,0,0,0,0,5,0,0,0,5,0,6,0,0,0,0,0,0,0,0,0,0,0,0,0,0,0,0,0,0,0,0,0,0,0,0,0,0,0,0,0,0,0,0,0,0,0,0,0,0,0,0,0,0,0,0,0,0,0,0,0,0,0,0,0,0,0,0,0,0,0,5,0,0,0,0,0,0,0,0,0,0,0,0,0,0,0,0,0,0,0,0,0,0,0,7,0,0,0,0,0,0,0,0,0,0,0,0,0,0,0,31,0,289,0,79,0,13,0,85,0,4,184,329,21,21,0,0,0,0,0,0,0,7,0,0,0,0,0,0,0,0,0,0,0,0,0,0,0,0,0,0,0,0,0,24,5,0,0,0,322,0,0,0,713,429,548,133,0,0,0
14,69,106,0,17,0,0,178,103,309,5,0,0,0,12,0,15,25,0,0,0,0,22,0,109,204,7,0,0,0,0,0,0,0,0,0,0,0,25,0,0,0,0,0,0,0,0,0,26,0,0,0,99,87,245,126,12,0,7,0,114,0,147,76,34,0,11,0,0,0,0,0,0,0,0,0,0,0,0,0,0,0,0,0,0,0,0,1,0,0,0,0,0,0,0,0,0,0,0,0,5,0,0,0,0,0,0,0,0,0,0,0,0,0,0,0,0,0,0,0,0,0,0,0,7,0,0,0,0,0,31,0,0,0,0,0,0,0,3,0,0,0,0,0,0,0,0,0,14,0,0,0,0,0,0,0,0,0,0,0,11,0,4,0,2,0,2,0,34,2,245,0,64,0,0,0,158,22,0,0,0,0,22,15,28,17,0,0,0,0,0,0,0,0,0,0,0,0,1,0,0,0,0,0,0,0,0,0,7,0,456,122,347,302,502,0,7,0,0,7,0,0,0,0,0
210,48,99,20,0,16,178,0,145,80,0,8,0,0,0,11,75,7,0,7,0,0,41,14,211,37,0,18,2,19,0,0,0,11,0,0,0,0,0,135,0,5,0,0,0,0,0,0,0,1,0,0,5,54,0,217,0,19,0,4,0,165,34,267,0,3,0,5,0,0,0,1,0,0,0,0,0,0,0,0,0,10,0,0,0,0,0,0,0,0,0,0,0,0,0,0,0,0,0,0,0,0,0,0,0,0,0,0,0,0,0,0,0,0,0,0,0,0,0,0,0,0,0,0,0,15,0,8,0,4,0,16,0,11,0,33,0,16,0,0,0,0,0,2,0,0,0,1,0,5,0,0,0,0,0,0,0,8,0,0,0,6,0,0,0,3,0,0,0,18,0,51,0,202,0,0,41,95,0,0,0,0,0,6,0,0,0,0,0,0,0,0,0,0,0,0,0,0,0,7,0,3,0,0,0,0,0,0,0,54,0,0,0,0,395,0,0,0,392,68,385,199,0,19,0
73,25,5,0,6,0,103,145,0,286,18,0,12,0,5,0,1,0,9,0,1,0,0,0,0,112,11,0,0,0,0,0,0,0,0,0,4,0,0,0,0,0,0,0,0,0,9,0,22,0,0,0,45,71,49,225,12,0,52,0,47,0,39,40,128,0,48,30,0,0,0,0,0,0,0,0,0,0,0,0,0,0,0,0,0,0,0,0,0,0,0,0,0,0,0,0,0,0,0,0,0,0,0,0,0,0,0,0,0,0,0,0,0,0,0,0,0,0,0,0,0,0,0,0,26,0,4,0,0,0,79,0,0,0,0,0,0,0,1,0,0,0,4,0,0,0,19,0,107,0,0,0,0,0,0,0,2,0,0,0,15,0,0,0,0,0,6,0,11,0,97,0,0,0,0,0,402,26,0,0,0,0,17,2,339,47,0,0,0,0,0,0,0,0,0,0,0,0,2,0,0,0,0,0,0,0,3,0,21,0,226,43,148,186,237,0,0,0,0,0,4,0,0,0,0
49,35,0,16,0,6,309,80,286,0,0,26,0,4,0,0,41,5,0,0,0,0,10,0,246,12,0,30,0,0,0,0,0,0,0,0,0,0,0,0,0,8,0,0,0,0,0,14,0,3,0,0,89,73,191,171,0,33,24,13,0,72,89,111,0,55,33,30,0,0,0,0,0,0,0,0,0,0,0,0,0,0,0,0,0,0,0,4,0,0,0,0,0,0,0,0,0,0,1,0,0,0,0,0,0,0,0,0,0,0,0,0,0,0,0,0,0,0,0,0,0,1,0,0,0,8,0,2,0,0,0,34,0,0,0,0,0,0,0,0,0,0,0,0,0,0,0,12,0,40,0,5,0,0,0,0,0,16,0,0,0,12,0,0,0,2,0,0,0,11,0,47,0,79,0,0,134,218,0,3,0,0,0,9,22,369,0,0,0,0,0,0,0,0,0,0,0,1,0,0,0,0,0,0,0,1,0,0,0,13,0,0,0,0,367,0,0,0,255,33,206,150,0,19,0
69,0,37,0,88,147,5,0,18,0,0,92,109,0,28,188,0,8,6,56,13,42,2,66,0,0,20,0,0,0,14,0,76,0,37,0,70,0,19,0,51,0,0,0,5,0,43,0,22,0,0,0,0,0,4,0,2,0,6,0,0,0,1,0,0,0,4,0,0,0,0,0,0,0,0,0,0,0,0,0,0,0,0,0,0,0,0,0,0,0,0,0,0,0,0,0,0,0,0,0,0,0,0,0,0,0,0,0,0,0,0,0,0,0,0,0,0,0,0,0,0,0,0,0,3,0,0,0,0,0,9,0,0,0,2,0,0,0,0,0,0,0,6,0,0,0,10,0,17,0,0,0,0,0,0,0,0,0,0,0,3,0,0,0,0,0,22,0,13,1,0,0,47,0,0,0,494,37,36,0,46,0,81,0,68,0,7,0,0,0,0,0,0,0,0,0,0,0,0,0,0,0,0,0,0,0,0,0,15,0,157,220,106,0,68,0,0,0,0,0,0,0,0,0,0
0,62,0,14,200,154,0,8,0,26,92,0,22,187,251,7,0,2,24,28,74,46,34,44,0,1,0,139,0,21,2,43,3,220,0,54,4,93,0,0,0,82,0,5,0,27,0,140,0,33,0,0,0,7,0,0,0,0,0,0,0,0,0,2,0,0,0,0,0,0,0,0,0,0,0,0,0,0,0,0,0,0,0,0,0,0,0,0,0,0,0,0,0,0,0,0,0,0,0,0,0,0,0,0,0,0,0,0,0,0,0,0,0,0,0,0,0,0,0,0,0,0,0,0,0,0,0,0,0,0,0,0,0,0,0,0,0,0,0,0,0,0,0,0,0,0,0,0,0,6,0,0,0,0,0,0,0,0,0,0,0,0,0,0,0,0,0,54,0,16,0,2,0,32,0,7,119,383,0,18,0,0,2,33,0,75,0,1,0,0,0,0,0,0,0,0,0,0,0,0,0,0,0,0,0,0,0,0,0,7,0,0,0,0,87,0,0,0,234,252,123,0,1,0,0
62,0,119,0,323,74,0,0,12,0,109,22,0,146,5,0,5,0,50,266,60,0,26,0,4,0,49,240,0,0,12,0,3,0,242,14,27,0,0,0,187,0,65,34,19,0,122,0,36,0,203,30,0,0,0,0,0,0,0,0,0,0,0,0,3,0,5,0,0,0,0,0,0,0,1,0,0,0,0,0,0,0,0,0,0,0,0,0,0,0,0,0,0,0,0,0,0,0,0,0,0,0,0,0,0,0,0,0,0,0,0,0,0,0,0,0,0,0,0,0,0,0,0,0,0,0,0,0,0,0,11,0,0,0,0,0,3,0,0,0,0,0,0,0,0,0,11,0,35,0,0,0,0,0,0,0,0,0,0,0,0,0,0,0,47,0,9,0,14,0,0,0,8,0,0,0,279,29,137,0,0,0,28,0,0,0,182,3,0,0,0,0,0,0,0,0,0,0,0,0,0,0,0,0,0,0,0,0,13,0,66,270,173,34,10,0,0,0,0,0,0,0,0,0,0
0,36,0,26,58,193,0,0,0,4,0,187,146,0,60,0,0,0,347,107,137,25,0,0,0,1,348,156,0,0,0,0,0,0,42,129,0,18,0,0,57,213,22,97,22,67,0,248,0,28,45,193,0,0,0,4,0,0,0,0,0,0,0,0,0,0,0,0,0,0,0,0,0,0,0,0,0,0,0,0,0,0,0,0,0,0,0,0,0,0,0,0,0,0,0,0,0,0,0,0,0,0,0,0,0,0,0,0,0,0,0,0,0,0,0,0,0,0,0,0,0,0,0,0,0,2,0,0,0,1,0,0,0,0,0,0,0,0,0,0,0,0,0,0,0,0,0,0,0,0,0,3,0,0,0,0,0,0,0,0,0,0,0,0,0,73,0,45,0,0,0,0,0,0,0,0,66,404,0,13,0,5,0,0,0,0,99,20,0,0,0,0,0,0,0,0,0,0,0,0,0,0,0,0,0,0,0,0,0,7,0,0,0,0,28,0,0,0,51,170,245,21,0,0,0
0,25,70,0,207,378,12,0,5,0,28,251,5,60,0,304,40,4,200,210,131,94,374,88,127,0,174,22,0,0,18,19,54,78,24,16,121,19,3,0,0,0,0,0,27,0,0,0,8,0,6,4,3,0,54,0,8,0,4,0,0,0,9,0,0,0,0,0,0,0,0,0,0,0,0,0,0,0,0,0,15,0,0,0,52,0,0,0,0,0,0,0,0,0,0,0,39,0,0,0,0,0,0,0,0,0,188,0,0,0,0,0,0,0,0,0,0,0,0,0,0,0,0,0,7,0,33,0,0,0,0,0,0,0,88,0,33,0,0,0,0,0,179,2,0,0,19,0,28,0,13,0,5,0,2,0,0,0,0,0,0,0,0,0,0,0,76,0,40,0,0,0,64,0,0,0,237,43,4,0,0,0,3,2,31,0,0,0,0,0,0,0,0,0,0,0,0,0,0,0,0,0,0,0,2,0,0,0,136,0,145,222,148,33,74,0,0,0,21,13,0,0,0,0,0
59,12,27,193,299,152,0,11,0,0,188,7,0,0,304,0,15,55,0,443,80,235,77,149,0,107,0,115,0,36,0,73,8,230,0,32,0,98,0,56,0,0,0,19,0,0,0,6,0,0,0,26,0,7,0,33,0,0,0,0,0,7,0,33,0,0,0,0,0,0,0,0,0,0,0,0,0,0,0,0,0,73,0,0,0,74,0,17,0,0,0,36,0,0,0,0,0,0,0,90,0,113,0,0,0,0,0,0,0,0,0,0,0,0,0,0,0,0,0,0,0,0,0,0,0,0,0,0,0,0,0,0,0,0,0,269,0,0,0,0,0,0,0,0,0,0,0,0,0,0,0,0,0,0,0,0,0,0,0,1,0,0,0,0,0,0,0,84,0,20,0,0,0,38,0,0,93,84,0,7,0,0,0,0,0,0,0,0,0,0,0,0,0,0,0,0,0,0,0,0,0,29,0,0,0,0,0,0,0,28,0,0,0,0,64,0,0,0,146,285,149,27,0,2,0
7,106,20,63,9,0,15,75,1,41,0,0,5,0,40,15,0,30,44,0,208,0,127,19,108,88,61,0,216,0,28,0,73,0,45,0,28,0,253,0,0,0,0,0,48,0,19,0,9,0,12,0,78,9,5,0,0,0,0,0,21,0,386,13,0,0,0,0,0,0,133,0,0,0,76,0,0,0,40,0,128,5,152,0,103,0,237,1,196,0,0,0,124,0,214,0,25,0,245,0,163,0,65,0,0,0,211,0,0,0,0,0,0,0,0,0,0,0,0,0,180,0,18,0,0,0,0,0,0,0,0,0,0,0,0,0,69,0,67,0,41,0,97,0,14,0,0,0,0,0,0,0,0,0,6,0,0,0,4,0,1,0,0,0,0,0,1,0,0,1,16,0,104,4,0,0,6,0,0,0,0,0,24,7,0,0,0,0,0,0,0,0,0,0,0,0,0,0,0,0,0,0,0,0,0,0,0,0,0,0,54,98,66,23,37,3,0,0,0,0,4,0,0,0,0
107,18,53,30,22,6,25,7,0,5,8,2,0,0,4,55,30,0,0,24,8,191,57,77,27,98,0,0,0,57,0,10,0,34,0,0,0,0,7,88,0,0,0,0,0,0,0,0,0,0,2,0,0,60,0,6,0,6,0,0,0,0,0,227,0,0,0,0,0,0,0,0,0,0,0,0,0,0,0,0,0,132,0,0,0,180,0,36,0,0,0,0,0,0,0,0,0,0,0,84,0,77,0,0,0,0,0,0,0,0,0,0,0,0,0,0,0,0,0,0,0,19,0,0,0,0,0,0,0,0,0,0,0,21,0,285,0,139,0,60,0,22,0,98,0,0,0,0,0,0,0,0,0,0,0,6,0,0,0,14,0,3,0,2,0,0,0,0,0,13,0,0,0,9,0,0,7,0,0,0,0,0,0,8,0,0,0,0,0,0,0,0,0,0,0,0,0,0,0,0,0,0,0,0,0,0,0,0,0,0,0,0,0,0,10,0,0,0,6,53,17,4,0,0,0
5,0,63,0,143,111,0,0,9,0,6,24,50,347,200,0,44,0,0,386,93,78,171,0,26,0,99,328,0,0,6,0,1,0,90,21,37,0,0,0,15,20,15,60,35,27,64,25,0,0,133,34,1,0,0,0,0,0,0,0,0,0,14,0,0,0,0,0,0,0,0,0,0,0,0,0,0,0,0,0,0,0,0,0,24,0,0,0,0,0,0,0,0,0,0,0,23,0,0,0,0,0,0,0,0,0,0,0,0,0,0,0,0,0,0,0,0,0,0,0,0,0,0,0,0,0,0,0,0,0,0,0,0,0,31,0,11,0,0,0,0,0,0,0,0,0,21,0,42,0,5,0,0,0,0,0,0,0,0,0,0,0,0,0,49,0,12,0,23,0,0,0,14,0,0,0,172,24,14,0,0,0,13,0,22,0,44,0,0,0,0,0,0,0,0,0,0,0,0,0,0,0,0,0,0,0,0,0,56,0,0,164,85,24,19,0,0,0,0,16,29,0,0,0,0
0,24,0,173,129,273,0,7,0,0,56,28,266,107,210,443,0,24,386,0,145,190,0,109,0,46,154,435,0,0,13,21,0,30,67,175,0,57,0,0,0,10,0,104,0,117,0,56,0,3,17,171,0,9,0,27,0,0,0,0,0,10,0,60,0,13,0,0,0,0,0,0,0,0,0,0,0,0,0,0,0,112,0,0,0,0,0,19,0,0,0,0,0,0,0,58,0,0,0,0,0,0,0,0,0,0,0,0,0,0,0,0,0,0,0,0,0,0,0,0,0,0,0,0,0,20,0,11,0,0,0,12,0,0,0,0,0,49,0,0,0,0,0,0,0,0,0,0,0,49,0,23,0,0,0,0,0,0,0,0,0,0,0,0,0,40,0,104,0,32,0,0,0,0,0,0,51,73,14,13,0,0,0,25,0,0,34,19,0,0,0,0,0,0,0,0,0,1,0,0,0,0,0,0,0,0,0,17,0,93,0,0,0,0,42,0,0,0,114,178,137,21,0,0,0
4,20,0,13,70,128,0,0,1,0,13,74,60,137,131,80,208,8,93,145,0,39,206,30,62,0,81,75,27,0,45,0,69,12,37,0,27,10,12,0,0,0,21,12,30,0,10,0,0,0,37,0,49,0,0,0,0,0,0,0,0,0,107,0,0,0,0,0,0,0,154,0,0,0,114,0,0,0,82,0,84,0,217,0,0,0,188,0,174,0,0,0,0,0,238,0,24,0,185,0,153,0,58,0,0,0,214,0,0,0,0,0,0,0,0,0,0,0,0,0,127,0,0,0,0,0,0,0,0,0,0,0,0,0,0,0,20,0,54,0,46,0,0,0,48,0,0,0,0,0,0,0,0,0,7,0,0,0,4,0,0,0,0,0,28,1,43,0,48,0,0,0,54,2,0,0,41,5,9,2,0,0,4,0,0,0,6,0,0,0,0,0,0,0,0,0,0,0,0,0,0,0,0,0,0,0,0,0,0,0,107,377,144,22,55,8,0,1,12,0,0,3,0,0,0
0,18,0,43,77,112,0,0,0,0,42,46,0,25,94,235,0,191,78,190,39,0,0,282,0,27,0,109,0,24,0,17,0,53,9,70,4,50,0,5,0,0,0,69,0,26,0,5,0,0,0,162,0,30,0,14,0,0,0,0,0,20,0,132,0,0,0,0,0,0,0,16,0,9,0,20,0,0,0,0,0,344,0,0,0,242,0,151,0,0,0,0,0,0,0,0,0,0,0,67,0,122,0,0,0,0,0,0,0,0,0,0,0,0,0,0,0,0,0,0,0,82,0,0,0,0,0,0,0,0,0,0,0,0,0,136,0,120,0,114,0,142,0,345,0,76,0,0,0,0,0,0,0,0,0,10,0,0,0,9,0,0,0,0,0,24,0,58,0,32,0,0,0,13,0,0,17,50,0,13,0,0,0,0,0,0,5,5,0,0,0,0,0,0,0,0,0,0,0,0,0,0,0,0,0,0,0,0,0,0,0,0,0,0,22,0,0,0,71,240,103,19,0,0,0
3,243,115,169,134,66,22,41,0,10,2,34,26,0,374,77,127,57,171,0,206,0,0,109,121,77,180,0,164,9,17,0,99,0,0,0,47,0,481,0,26,0,0,0,0,0,43,0,0,0,0,0,6,0,19,0,3,0,0,0,13,0,38,0,0,0,0,0,0,0,4,0,0,0,9,0,0,0,0,0,29,0,0,0,56,0,47,0,74,0,0,0,0,0,0,0,19,0,79,0,0,0,0,0,0,0,147,0,0,0,0,0,0,0,0,0,0,0,0,0,20,0,0,0,6,0,0,0,0,0,0,0,5,0,17,0,40,0,11,0,8,0,65,0,0,0,0,0,0,0,3,0,0,0,0,0,0,0,0,0,0,0,0,0,5,0,18,0,53,0,25,0,279,0,0,0,53,19,0,3,0,0,0,38,0,0,0,0,0,0,0,0,0,0,0,0,1,0,0,0,4,0,0,0,0,0,7,0,33,0,369,406,321,114,292,0,1,0,0,6,0,0,0,0,0
104,12,58,88,139,58,0,14,0,0,66,44,0,0,88,149,19,77,0,109,30,282,109,0,0,67,0,42,0,44,0,19,0,81,0,19,0,17,0,44,0,0,0,20,0,0,0,0,0,0,0,28,0,20,0,11,0,4,0,0,0,7,0,96,0,0,0,0,0,0,0,1,0,0,0,3,0,0,0,0,0,156,0,0,0,140,0,41,0,0,0,0,0,0,0,0,0,0,0,67,0,94,0,0,0,0,0,0,0,0,0,0,0,0,0,0,0,0,0,0,0,32,0,0,0,0,0,0,0,0,0,2,0,0,0,183,0,52,0,0,0,12,0,79,0,0,0,0,0,0,0,1,0,0,0,0,0,0,0,2,0,0,0,0,0,0,0,22,0,0,0,1,0,24,0,0,32,50,4,15,0,0,12,0,0,0,0,0,0,0,0,0,0,0,0,0,0,0,0,0,0,0,0,0,0,0,0,0,0,0,0,0,0,0,10,0,0,0,23,255,45,12,0,1,0
0,140,63,0,23,0,109,211,0,246,0,0,4,0,127,0,108,27,26,0,62,0,121,0,0,204,0,0,156,0,6,0,0,0,0,0,0,0,175,0,9,0,0,0,0,0,14,0,8,0,0,0,76,36,196,69,19,0,0,0,136,0,215,87,0,0,0,0,0,0,14,0,0,0,14,0,0,0,0,0,28,0,0,0,135,0,64,5,111,0,37,0,0,0,0,0,57,0,134,0,99,0,49,0,0,0,308,0,0,0,0,0,0,0,0,0,0,0,0,0,0,0,14,0,7,0,47,0,49,0,8,0,22,0,63,0,102,0,22,0,17,0,253,0,0,0,6,0,7,0,5,0,0,0,10,0,0,0,0,0,0,0,0,0,0,0,0,0,42,2,121,0,218,0,3,0,11,13,0,0,0,0,0,21,0,0,0,0,0,0,0,0,0,0,0,0,0,0,13,0,29,0,0,0,0,0,30,0,127,0,359,183,280,228,357,0,0,0,0,0,0,0,0,0,0
244,5,104,27,0,13,204,37,112,12,0,1,0,1,0,107,88,98,0,46,0,27,77,67,204,0,0,0,0,53,1,3,0,14,0,0,0,31,0,185,0,0,0,0,0,0,0,0,1,0,0,0,2,31,4,245,0,45,0,0,4,43,21,159,0,0,0,0,0,0,0,0,0,1,0,0,0,0,0,0,0,0,0,0,0,39,0,0,0,0,0,0,0,0,0,0,0,0,0,55,0,69,0,0,0,0,0,0,0,0,0,0,0,0,0,0,0,0,0,0,0,0,0,0,0,12,0,0,0,20,0,7,0,18,0,555,0,172,0,30,0,10,0,10,0,0,0,0,0,11,0,0,0,0,0,6,0,0,0,6,0,4,0,0,0,1,0,0,0,13,0,14,0,97,0,0,15,0,0,0,0,0,4,11,0,0,0,0,0,0,0,0,0,0,0,0,0,0,0,45,0,43,0,0,0,0,0,0,0,67,0,0,0,0,115,0,0,0,91,76,134,70,0,4,0
0,0,40,0,79,0,7,0,11,0,20,0,49,348,174,0,61,0,99,154,81,0,180,0,0,0,0,618,12,0,26,0,8,0,34,5,32,0,0,0,20,117,177,114,211,150,144,153,61,5,227,65,0,0,0,0,0,0,0,0,0,0,0,0,0,0,0,0,0,0,33,0,0,0,22,0,40,0,0,0,0,0,0,0,0,0,0,0,0,0,0,0,0,0,0,0,0,0,0,0,0,0,0,0,0,0,0,0,0,0,0,0,0,0,0,0,0,0,0,0,0,0,0,0,0,0,0,0,0,0,0,0,5,0,40,0,0,0,0,0,0,0,0,0,0,0,0,0,43,0,0,0,0,0,0,0,0,0,0,0,0,0,0,0,49,0,7,0,28,0,0,0,0,0,0,0,54,36,21,1,4,0,28,0,34,0,200,0,0,0,0,0,0,0,0,0,0,0,0,0,0,0,0,0,0,0,0,0,0,0,17,355,212,24,11,0,0,19,0,8,0,0,0,0,0
0,91,0,88,0,273,0,18,0,30,0,139,240,156,22,115,0,0,328,435,75,109,0,42,0,0,618,0,0,0,0,4,0,5,0,55,0,19,0,0,194,22,71,199,68,260,128,104,3,58,107,264,0,16,0,15,0,0,0,0,0,0,0,0,0,17,0,0,0,0,0,0,0,0,0,0,0,0,0,0,0,0,0,0,0,0,0,0,0,0,0,0,0,0,0,0,0,0,0,0,0,0,0,0,0,0,0,0,0,0,0,0,0,0,0,0,0,0,0,0,0,5,0,0,0,39,0,0,0,0,0,0,0,0,0,0,0,33,0,0,0,0,0,17,0,7,0,21,0,71,0,0,0,0,0,0,0,7,0,2,0,7,0,0,0,92,0,10,0,0,0,0,0,0,0,10,0,168,3,17,0,0,0,35,0,70,94,21,0,0,0,0,0,0,0,0,0,0,0,0,0,0,0,0,0,0,0,0,0,112,0,0,2,0,63,0,0,0,63,364,295,61,0,0,8
39,0,58,0,40,0,0,2,0,0,0,0,0,0,0,0,216,0,0,0,27,0,164,0,156,0,12,0,0,0,0,0,20,0,9,0,5,0,9,0,0,0,20,0,7,0,0,0,2,0,21,0,5,0,2,0,0,0,0,0,12,0,20,0,0,0,0,0,0,0,12,0,0,0,15,0,0,0,11,0,11,0,0,0,0,0,21,0,0,0,0,0,0,0,32,0,0,0,15,0,0,0,0,0,0,0,0,0,0,0,0,0,0,0,0,0,0,0,0,0,36,0,0,0,0,0,0,0,0,0,0,0,0,0,0,0,10,0,30,0,21,0,0,0,16,0,0,0,2,0,0,0,0,0,3,0,1,0,0,0,0,0,2,0,2,0,0,0,0,0,2,0,0,0,0,0,15,0,4,0,0,0,15,0,0,0,0,0,0,0,0,0,0,0,0,0,0,0,0,0,0,0,0,0,0,0,0,0,0,0,0,22,0,0,0,0,0,0,0,0,0,0,0,0,0
0,61,0,187,7,37,0,19,0,0,0,21,0,0,0,36,0,57,0,0,0,24,9,44,0,53,0,0,0,0,0,7,0,22,0,5,0,8,0,54,0,0,0,5,0,0,0,0,0,0,0,0,0,13,0,13,0,1,0,0,0,2,0,57,0,0,0,0,0,0,0,0,0,0,0,0,0,0,0,0,0,89,0,0,0,67,0,21,0,0,0,0,0,0,0,0,0,4,0,24,0,23,0,0,0,0,0,0,0,0,0,0,0,0,0,0,0,0,0,0,0,11,0,0,0,0,0,0,0,0,0,0,0,0,0,131,0,120,0,98,0,89,0,147,0,0,0,3,0,0,0,0,0,0,0,8,0,0,0,5,0,2,0,0,0,0,0,0,0,0,0,0,0,0,0,0,0,15,0,5,0,0,0,1,0,0,0,0,0,0,0,0,0,0,0,0,0,0,0,0,0,0,0,0,0,0,0,0,0,0,0,0,0,0,0,0,0,0,0,6,0,0,0,0,0
0,1,4,0,35,0,0,0,0,0,14,2,12,0,18,0,28,0,6,13,45,0,17,0,6,1,26,0,0,0,0,0,9,0,29,0,18,0,0,0,0,0,84,0,3,0,0,0,3,0,73,0,7,0,0,0,0,0,0,0,0,0,13,0,0,0,0,0,0,0,14,0,0,0,12,0,0,0,11,0,0,0,0,0,2,0,0,0,0,0,0,0,0,0,28,0,0,0,0,0,0,0,0,0,0,0,0,0,0,0,0,0,0,0,0,0,0,0,0,0,0,0,0,0,0,0,0,0,0,0,0,0,0,0,0,0,0,0,0,0,7,0,0,0,0,0,0,0,0,0,0,0,0,0,0,0,0,0,0,0,0,0,0,0,6,0,7,0,0,0,0,0,11,0,0,0,10,0,18,0,0,0,3,0,1,0,0,0,0,0,0,0,0,0,0,0,0,0,0,0,0,0,0,0,0,0,0,0,0,0,43,93,23,0,7,0,0,0,2,0,0,0,0,0,0
0,0,0,23,17,121,0,0,0,0,0,43,0,0,19,73,0,10,0,21,0,17,0,19,0,3,0,4,0,7,0,0,0,6,0,1,0,13,0,4,0,0,0,4,0,0,0,0,0,0,0,5,0,0,0,0,0,0,0,0,0,5,0,19,0,0,0,0,0,0,0,0,0,0,0,0,0,0,0,0,0,0,0,0,0,9,0,0,0,0,0,0,0,0,0,0,0,0,0,0,0,0,0,0,0,0,0,0,0,0,0,0,0,0,0,0,0,0,0,0,0,3,0,0,0,0,0,0,0,0,0,0,0,0,0,0,0,0,0,0,0,0,0,0,0,7,0,0,0,0,0,0,0,0,0,0,0,16,0,2,0,0,0,0,0,0,0,1,0,2,0,0,0,0,0,0,7,21,0,8,0,0,0,0,0,0,0,1,0,0,0,0,0,0,0,0,0,0,0,0,0,0,0,0,0,0,0,0,0,0,0,0,0,0,0,0,0,0,0,16,1,0,0,0,0
24,0,58,0,195,0,0,0,0,0,76,3,3,0,54,8,73,0,1,0,69,0,99,0,0,0,8,0,20,0,9,0,0,0,22,0,65,0,1,0,0,0,48,0,5,0,1,0,1,0,46,0,0,0,0,0,0,0,0,0,0,0,0,0,0,0,0,0,0,0,0,0,0,0,0,0,0,0,0,0,0,0,0,0,0,0,0,0,0,0,0,0,0,0,0,0,0,0,0,0,0,0,0,0,0,0,7,0,0,0,0,0,0,0,0,0,0,0,0,0,0,0,0,0,0,0,0,0,0,0,0,0,0,0,2,0,0,0,0,0,0,0,0,0,1,0,0,0,0,0,0,0,0,0,0,0,0,0,0,0,0,0,0,0,0,0,16,0,0,0,0,0,7,0,0,0,48,0,53,0,0,0,15,0,0,0,0,0,0,0,0,0,0,0,0,0,0,0,0,0,0,0,0,0,0,0,0,0,0,0,22,146,17,0,12,0,0,0,0,0,0,0,0,0,0
0,87,0,208,0,418,0,11,0,0,0,220,0,0,78,230,0,34,0,30,12,53,0,81,0,14,0,5,0,22,0,6,0,0,0,21,0,57,0,9,0,0,0,19,0,0,0,0,0,0,0,23,0,5,0,0,0,0,0,0,0,11,0,9,0,0,0,0,0,0,0,0,0,0,0,0,0,0,0,0,0,0,0,0,0,0,0,0,0,0,0,0,0,0,0,0,0,0,0,0,0,0,0,0,0,0,0,0,0,0,0,0,0,0,0,0,0,0,0,0,0,3,0,0,0,3,0,0,0,0,0,0,0,0,0,0,0,0,0,11,0,0,0,0,0,4,0,0,0,10,0,0,0,0,0,0,0,6,0,1,0,0,0,1,0,0,0,1,0,0,0,1,0,0,0,0,32,117,0,39,0,0,0,0,0,23,0,0,0,0,0,0,0,0,0,0,0,0,0,0,0,0,0,0,0,0,0,0,0,0,3,0,6,0,0,0,0,0,0,181,4,0,0,0,0
0,0,6,0,102,0,0,0,0,0,37,0,242,42,24,0,45,0,90,67,37,9,0,0,0,0,34,0,9,0,29,0,22,0,0,0,206,0,0,0,0,0,44,0,14,3,0,4,8,0,48,7,0,0,0,0,0,0,0,0,0,0,0,0,1,0,0,0,0,0,37,0,0,0,25,0,0,0,0,0,0,0,0,0,0,0,0,0,0,0,0,0,0,0,0,0,0,0,0,0,0,0,0,0,0,0,0,0,0,0,0,0,0,0,0,0,0,0,0,0,0,0,0,0,0,0,0,0,0,0,0,0,0,0,0,0,0,0,0,0,0,0,0,0,0,0,0,0,0,0,0,0,0,0,1,0,0,0,0,0,0,0,0,0,30,0,40,0,35,0,0,0,30,0,0,0,0,1,39,0,0,0,0,0,0,0,45,0,0,0,0,0,0,0,0,0,1,0,0,0,0,0,0,0,0,0,0,0,0,0,106,219,188,44,42,0,0,0,0,0,0,0,0,0,0
0,0,0,7,0,190,0,0,0,0,0,54,14,129,16,32,0,0,21,175,0,70,0,19,0,0,5,55,0,5,0,1,0,21,0,0,0,53,0,2,0,0,0,3,0,3,2,0,0,0,0,15,0,3,0,3,0,0,0,0,0,7,0,9,0,0,0,0,0,0,0,5,0,0,0,7,0,0,0,0,0,0,0,0,0,36,0,20,0,0,0,0,0,0,0,0,0,3,0,0,0,0,0,0,0,0,0,0,0,0,0,0,0,0,0,0,0,0,0,0,0,24,0,3,0,0,0,0,0,0,0,0,0,0,0,0,0,0,0,0,0,27,0,64,0,21,0,0,0,5,0,0,0,0,0,0,0,13,0,0,0,0,0,0,0,6,0,18,0,15,0,0,0,13,0,2,7,40,0,15,0,0,0,4,0,0,0,13,0,0,0,0,0,0,0,0,0,0,0,0,0,0,0,0,0,0,0,0,0,0,0,0,0,0,7,0,0,0,17,60,51,0,0,0,0
25,0,0,0,184,0,0,0,4,0,70,4,27,0,121,0,28,0,37,0,27,4,47,0,0,0,32,0,5,0,18,0,65,0,206,0,0,0,77,0,0,0,23,0,25,0,0,0,0,0,49,0,0,0,3,0,0,0,4,0,0,0,14,0,0,0,0,0,0,0,114,0,7,0,58,0,0,0,0,0,35,0,0,0,0,0,0,0,0,0,0,0,0,0,0,0,0,0,44,0,0,0,0,0,0,0,0,0,0,0,0,0,0,0,0,0,0,0,0,0,76,0,0,0,0,0,0,0,0,0,0,0,0,0,0,0,0,0,75,0,0,0,0,0,66,0,0,0,0,0,0,0,0,0,9,0,0,0,6,0,0,0,0,0,26,0,20,0,34,0,0,0,22,0,0,0,48,3,77,0,0,0,18,0,0,0,17,0,0,0,0,0,0,0,0,0,0,0,0,0,0,0,0,0,0,0,0,0,0,0,54,88,69,17,14,0,0,0,2,0,2,0,0,0,0
0,121,0,141,0,195,0,0,0,0,0,93,0,18,19,98,0,0,0,57,10,50,0,17,0,31,0,19,0,8,0,13,0,57,0,53,0,0,0,14,0,0,0,48,0,3,0,0,0,0,0,60,0,4,0,6,0,0,0,0,0,9,0,9,0,4,0,0,0,0,0,0,0,4,0,5,0,0,0,0,0,94,0,0,0,28,0,0,0,0,0,0,0,0,0,0,0,0,0,0,0,7,0,0,0,1,0,0,0,0,0,0,0,0,0,0,0,0,0,0,0,0,0,0,0,0,0,0,0,0,0,0,0,0,0,0,0,0,0,0,0,47,0,67,0,61,0,0,0,0,0,0,0,0,0,0,0,26,0,6,0,0,0,0,0,9,0,20,0,9,0,14,0,43,0,0,16,115,0,15,0,0,0,0,0,0,0,0,0,0,0,0,0,0,0,0,0,0,0,0,0,0,0,0,0,0,0,0,0,0,0,0,0,0,11,0,0,0,24,349,29,0,0,0,0
99,0,240,0,93,0,25,0,0,0,19,0,0,0,3,0,253,7,0,0,12,0,481,0,175,0,0,0,9,0,0,0,1,0,0,0,77,0,0,0,0,0,0,0,0,0,0,0,0,0,0,0,3,0,0,0,0,0,0,0,3,0,9,0,0,0,0,0,0,0,0,0,0,0,5,0,0,0,0,0,0,0,9,0,0,0,0,0,0,0,0,0,0,0,10,0,0,0,0,0,0,0,0,0,0,0,0,0,0,0,0,0,0,0,0,0,0,0,0,0,5,0,1,0,0,0,0,0,2,0,0,0,0,0,0,0,0,0,6,0,6,0,0,0,4,0,0,0,0,0,0,0,0,0,0,0,0,0,0,0,1,0,1,0,0,0,30,0,0,0,0,0,30,0,0,0,134,0,0,0,0,0,131,0,24,0,0,0,0,0,0,0,0,0,0,0,0,0,0,0,0,0,0,0,0,0,0,0,0,0,38,305,17,19,43,0,0,0,0,0,2,0,0,0,0
0,236,0,441,0,62,0,135,0,0,0,0,0,0,0,56,0,88,0,0,0,5,0,44,0,185,0,0,0,54,0,4,0,9,0,2,0,14,0,0,0,0,0,0,0,0,0,0,0,0,0,1,0,6,0,4,0,0,0,0,0,15,0,7,0,4,0,0,0,0,0,0,0,0,0,0,0,0,0,0,0,0,0,0,0,0,0,0,0,0,0,0,0,0,0,0,0,0,0,0,0,0,0,0,0,0,0,0,0,0,0,0,0,0,0,0,0,0,0,0,0,0,0,0,0,0,0,0,0,0,0,0,0,0,0,0,0,0,0,11,0,0,0,10,0,0,0,0,0,0,0,0,0,0,0,2,0,5,0,2,0,0,0,0,0,0,0,0,0,0,0,0,0,53,0,3,9,123,0,7,0,2,0,11,0,0,0,0,0,0,0,0,0,0,0,0,0,0,0,0,0,0,0,0,0,0,0,0,0,0,0,0,0,0,0,0,0,0,16,131,9,0,0,0,0
17,0,51,0,195,0,0,0,0,0,51,0,187,57,0,0,0,0,15,0,0,0,26,0,9,0,20,194,0,0,0,0,0,0,0,0,0,0,0,0,0,81,58,27,24,143,91,101,145,36,39,0,0,0,0,0,0,0,0,0,0,0,0,0,0,0,0,0,0,0,0,0,0,0,0,0,0,0,0,0,0,0,0,0,0,0,0,0,0,0,0,0,0,0,0,0,0,0,0,0,0,0,0,0,0,0,0,0,0,0,0,0,0,0,0,0,0,0,0,0,0,0,0,0,0,0,0,0,0,0,0,0,0,0,3,0,0,0,0,0,0,0,0,0,0,0,0,0,0,0,0,0,0,0,0,0,0,0,0,0,0,0,0,0,0,0,3,0,0,0,0,0,0,0,0,0,17,29,59,0,0,0,29,0,14,0,246,0,0,0,0,0,0,0,0,0,0,0,0,0,0,0,0,0,0,0,0,0,16,0,0,87,24,0,2,0,0,30,0,8,0,0,0,0,5
0,24,0,0,0,31,0,5,0,8,0,82,0,213,0,0,0,0,20,10,0,0,0,0,0,0,117,22,0,0,0,0,0,0,0,0,0,0,0,0,81,0,26,18,115,65,57,395,5,144,8,2,0,0,0,2,0,0,0,0,0,0,0,0,0,0,0,0,0,0,0,0,0,0,0,0,0,0,0,0,0,0,0,0,0,0,0,0,0,0,0,0,0,0,0,0,0,0,0,0,0,0,0,0,0,0,0,0,0,0,0,0,0,0,0,0,0,0,0,0,0,0,0,0,0,0,0,0,0,0,0,0,0,0,0,0,0,0,0,0,0,0,0,0,0,0,0,0,0,0,0,0,0,0,0,0,0,0,0,0,0,0,0,0,0,0,0,0,0,0,0,0,0,0,0,0,0,129,0,22,0,0,0,0,0,0,39,0,0,0,0,0,0,0,0,0,0,0,0,0,0,0,0,0,0,0,0,0,0,0,0,0,0,0,0,0,0,4,0,41,10,0,0,0,11
0,0,0,0,0,0,0,0,0,0,0,0,65,22,0,0,0,0,15,0,21,0,0,0,0,0,177,71,20,0,84,0,48,0,44,0,23,0,0,0,58,26,0,8,168,30,94,36,92,6,29,0,0,0,0,0,0,0,0,0,0,0,0,0,0,0,0,0,0,0,0,0,0,0,0,0,0,0,0,0,0,0,0,0,0,0,0,0,0,0,0,0,0,0,7,0,0,0,0,0,0,0,0,0,0,0,0,0,0,0,0,0,0,0,0,0,0,0,0,0,0,0,0,0,0,0,0,0,0,0,0,0,0,0,0,0,0,0,0,0,0,0,0,0,0,0,0,0,0,0,0,0,0,0,0,0,0,0,0,0,0,0,1,0,37,0,12,0,0,0,0,0,7,0,0,0,0,0,3,0,0,0,1,0,0,0,38,0,0,0,0,0,0,0,0,0,0,0,0,0,0,0,0,0,0,0,0,0,0,0,0,95,99,0,0,0,0,37,0,2,0,0,0,0,0
0,0,0,0,0,8,0,0,0,0,0,5,34,97,0,19,0,0,60,104,12,69,0,20,0,0,114,199,0,5,0,4,0,19,0,3,0,48,0,0,27,18,8,0,7,198,25,13,0,72,21,60,0,0,0,2,0,0,0,0,0,0,0,0,0,0,0,0,0,0,0,17,0,4,0,15,0,0,0,0,0,143,0,0,0,0,0,0,0,0,0,0,0,0,0,0,0,0,0,0,0,0,0,0,0,0,0,0,0,0,0,0,0,0,0,0,0,0,0,0,0,32,0,6,0,0,0,0,0,0,0,0,0,0,0,0,0,0,0,0,0,0,0,61,0,46,0,0,0,0,0,0,0,0,0,0,0,0,0,0,0,2,0,0,0,51,0,28,0,33,0,0,0,17,0,0,0,22,0,0,0,0,0,0,0,0,0,20,0,0,0,0,0,0,0,0,0,0,0,0,0,0,0,0,0,0,0,0,0,0,0,0,0,0,13,0,0,0,39,106,182,0,0,0,6
0,0,0,0,0,0,0,0,0,0,5,0,19,22,27,0,48,0,35,0,30,0,0,0,0,0,211,68,7,0,3,0,5,0,14,0,25,0,0,0,24,115,168,7,0,119,222,86,245,27,100,0,0,0,0,0,7,0,0,0,0,0,12,0,0,0,0,0,6,0,40,0,0,0,0,0,17,0,0,0,0,0,74,0,0,0,0,0,0,0,0,0,0,0,0,0,0,0,0,0,0,0,22,0,0,0,0,0,0,0,0,0,0,0,0,0,0,0,0,0,0,0,0,0,0,0,0,0,0,0,0,0,0,0,0,0,0,0,9,0,0,0,0,0,0,0,0,0,7,0,0,0,0,0,2,0,0,0,4,0,0,0,6,0,113,0,32,0,38,0,4,0,22,0,0,0,13,17,9,0,0,0,10,0,0,0,69,0,0,0,0,0,0,0,0,0,0,0,0,0,0,0,0,0,0,0,0,0,0,0,22,160,148,2,8,0,1,88,0,6,0,0,0,0,8
0,21,0,0,0,0,0,0,0,0,0,27,0,67,0,0,0,0,27,117,0,26,0,0,0,0,150,260,0,0,0,0,0,0,3,3,0,3,0,0,143,65,30,198,119,0,127,212,25,291,18,96,0,0,0,0,0,0,0,0,0,0,0,0,0,0,0,0,0,8,0,0,0,0,0,0,0,0,0,0,0,25,0,26,0,0,0,14,0,5,0,0,0,24,0,49,0,0,0,0,0,19,0,0,0,0,0,0,0,0,0,0,0,0,0,0,0,1,0,0,0,0,0,0,0,0,0,0,0,0,0,5,0,0,0,0,0,0,0,0,0,0,0,0,0,0,0,0,0,0,0,6,0,0,0,0,0,0,0,0,0,0,0,0,0,296,0,18,0,101,0,8,0,9,0,0,4,129,0,12,0,0,0,40,0,38,54,35,0,0,0,2,0,0,0,0,0,6,0,0,0,0,0,0,0,0,0,0,0,21,0,0,0,0,26,0,0,5,32,226,241,28,0,0,152
14,1,65,0,133,0,0,0,9,0,43,0,122,0,0,0,19,0,64,0,10,0,43,0,14,0,144,128,0,0,0,0,1,0,0,2,0,0,0,0,91,57,94,25,222,127,0,77,151,32,37,13,0,0,8,0,0,0,0,0,0,0,0,0,0,0,0,0,0,0,0,0,0,0,0,0,0,0,0,0,0,0,0,0,0,0,0,0,0,0,0,0,0,0,0,0,0,0,0,0,0,0,0,0,0,0,43,0,0,0,0,0,0,0,0,0,0,0,0,0,0,0,0,0,7,0,0,0,0,0,0,0,0,0,0,0,4,0,0,0,0,0,0,0,0,0,8,0,30,0,0,0,0,0,0,0,0,0,0,0,1,0,0,0,0,0,0,0,0,0,0,0,0,0,0,0,21,22,30,0,3,0,0,0,15,0,196,3,0,0,0,0,0,0,0,0,0,0,0,0,0,0,0,0,0,0,0,0,23,0,0,168,61,0,0,0,0,113,0,0,0,0,0,0,6
0,67,0,24,0,120,0,0,0,14,0,140,0,248,0,6,0,0,25,56,0,5,0,0,0,0,153,104,0,0,0,0,0,0,4,0,0,0,0,0,101,395,36,13,86,212,77,0,8,142,0,0,0,1,0,6,0,0,0,0,0,0,0,0,1,0,0,0,0,0,0,0,0,0,0,0,0,0,0,0,0,0,0,2,0,0,0,0,0,0,0,0,0,0,0,0,0,0,0,0,0,0,0,0,0,0,0,0,0,0,0,0,0,0,0,0,0,0,0,0,0,0,0,0,0,0,0,0,0,0,0,0,0,0,0,0,0,0,0,0,0,0,0,0,0,0,0,7,0,0,0,0,0,0,0,1,0,0,0,0,0,3,0,0,0,0,0,0,0,0,0,0,0,0,0,0,0,109,0,8,0,0,0,9,0,19,42,1,0,0,0,0,0,0,0,0,0,0,0,0,0,0,0,0,0,0,0,0,0,20,0,4,0,0,0,0,0,2,0,103,32,0,0,0,22
4,0,5,0,19,0,26,0,22,0,22,0,36,0,8,0,9,0,0,0,0,0,0,0,8,1,61,3,2,0,3,0,1,0,8,0,0,0,0,0,145,5,92,0,245,25,151,8,0,26,31,0,2,0,9,0,0,0,22,0,0,0,6,0,0,0,0,0,17,0,0,0,1,0,2,0,14,0,5,0,0,0,58,0,0,0,6,0,5,0,0,0,6,0,14,0,0,0,0,0,20,0,22,0,12,0,0,0,1,0,0,0,0,0,0,0,0,0,0,0,0,0,0,0,0,0,0,0,0,0,0,0,0,0,10,0,0,0,0,0,0,0,10,0,0,0,0,0,5,0,0,0,0,0,2,0,0,0,0,0,13,0,4,0,27,0,11,0,24,0,5,0,8,0,0,0,43,9,35,0,14,0,24,0,12,0,218,0,28,0,0,0,17,0,0,0,0,0,7,0,0,0,25,0,24,0,11,0,12,0,37,57,139,5,46,14,0,10,0,5,3,0,0,0,5
0,6,0,3,0,0,0,1,0,3,0,33,0,28,0,0,0,0,0,3,0,0,0,0,0,0,5,58,0,0,0,0,0,0,0,0,0,0,0,0,36,144,6,72,27,291,32,142,26,0,2,12,0,0,0,0,0,1,0,0,0,0,0,0,0,4,0,0,0,1,0,0,0,1,0,0,0,4,0,0,0,0,0,19,0,1,0,0,0,4,0,2,0,11,0,18,0,0,0,0,0,7,0,7,0,0,0,0,0,0,0,0,0,0,0,0,0,0,0,0,0,0,0,0,0,0,0,1,0,0,0,0,0,0,0,0,0,0,0,0,0,0,0,0,0,0,0,0,0,3,0,3,0,0,0,0,0,0,0,0,0,0,0,1,0,0,0,3,0,12,0,1,0,4,0,0,0,179,0,41,0,10,0,16,0,10,41,66,0,0,0,0,0,0,0,0,0,2,0,0,0,0,0,5,0,10,0,0,0,0,0,5,0,0,0,0,0,14,8,55,20,0,0,0,14
0,0,4,0,35,0,0,0,0,0,0,0,203,45,6,0,12,2,133,17,37,0,0,0,0,0,227,107,21,0,73,0,46,0,48,0,49,0,0,0,39,8,29,21,100,18,37,0,31,2,0,0,0,0,0,0,7,0,0,0,0,0,7,0,0,0,0,0,2,0,23,0,0,0,10,0,10,0,0,0,0,0,0,0,2,0,20,0,10,0,0,0,0,0,0,0,0,0,0,0,0,0,0,0,0,0,0,0,0,0,0,0,0,0,0,0,0,0,0,0,16,0,0,0,0,0,0,0,0,0,0,0,0,0,0,0,0,0,0,0,0,0,0,0,8,0,0,0,0,0,0,0,0,0,0,0,0,0,0,0,0,0,3,0,62,0,35,0,37,0,7,0,28,0,0,0,0,0,7,0,0,0,0,0,7,0,61,0,0,0,0,0,0,0,0,0,0,0,0,0,0,0,0,0,0,0,0,0,0,0,42,126,123,15,13,0,0,11,3,0,0,0,0,0,0
0,0,0,0,0,0,0,0,0,0,0,0,30,193,4,26,0,0,34,171,0,162,0,28,0,0,65,264,0,0,0,5,0,23,7,15,0,60,0,1,0,2,0,60,0,96,13,0,0,12,0,0,0,0,0,0,0,0,0,0,0,5,0,0,0,0,0,0,0,0,0,14,0,0,0,14,0,10,0,12,0,263,0,0,0,83,0,116,0,0,0,0,0,0,0,0,0,0,0,0,0,24,0,0,0,0,0,0,0,0,0,0,0,0,0,0,0,0,0,0,0,55,0,0,0,0,0,0,0,0,0,0,0,0,0,0,0,0,0,0,0,0,0,102,0,78,0,0,0,0,0,0,0,0,0,0,0,0,0,0,0,0,0,8,0,47,0,27,0,65,0,19,0,41,0,0,0,30,0,0,0,0,0,7,0,0,2,18,0,0,0,1,0,0,0,0,0,0,0,0,0,0,0,0,0,0,0,0,0,0,0,0,0,0,23,0,0,0,54,80,147,0,0,0,4
5,0,4,1,0,0,99,5,45,89,0,0,0,0,3,0,78,0,1,0,49,0,6,0,76,2,0,0,5,0,7,0,0,0,0,0,0,0,3,0,0,0,0,0,0,0,0,0,2,0,0,0,0,15,229,56,200,11,49,65,30,0,66,5,6,0,4,53,0,0,8,0,0,0,0,0,0,0,0,0,31,0,0,0,66,0,54,0,0,0,3,0,0,0,0,0,11,0,54,0,38,0,0,0,0,0,50,0,0,0,0,0,0,0,0,0,0,0,0,0,0,0,0,0,0,0,2,0,61,0,5,0,5,0,1,0,66,0,161,0,44,0,30,0,12,0,0,0,0,1,0,0,0,0,279,7,241,0,62,0,20,0,18,0,1,0,3,0,0,0,74,0,0,0,0,6,13,0,0,0,7,0,0,0,13,8,0,0,0,0,0,0,0,0,0,0,0,0,0,0,3,0,0,0,0,0,0,0,4,0,70,328,49,54,73,1,6,0,0,0,2,3,0,0,0
0,14,5,5,0,4,87,54,71,73,0,7,0,0,0,7,9,60,0,9,0,30,0,20,36,31,0,16,0,13,0,0,0,5,0,3,0,4,0,6,0,0,0,0,0,0,0,1,0,0,0,0,15,0,68,103,6,78,18,25,0,99,15,51,0,0,28,0,0,0,0,0,0,0,0,0,0,0,1,0,0,3,0,0,0,19,0,0,0,0,0,5,0,0,0,8,0,0,0,13,0,13,0,0,0,0,0,6,0,0,0,0,0,0,0,0,0,0,0,0,0,0,0,0,0,0,0,0,0,23,0,5,0,25,0,119,0,93,0,161,0,38,0,19,0,32,0,0,0,0,0,0,0,0,0,102,0,112,0,67,0,15,0,0,0,0,0,0,0,5,1,10,0,6,0,8,7,39,0,0,0,0,0,5,0,16,0,0,0,0,0,0,0,0,0,0,0,0,0,4,0,5,0,0,0,0,0,0,0,3,0,0,0,0,97,0,0,0,100,118,30,56,2,0,0
11,4,15,0,0,0,245,0,49,191,4,0,0,0,54,0,5,0,0,0,0,0,19,0,196,4,0,0,2,0,0,0,0,0,0,0,3,0,0,0,0,0,0,0,0,0,8,0,9,0,0,0,229,68,0,124,85,32,27,87,18,0,11,13,3,0,4,89,0,0,0,0,0,0,0,0,0,0,0,0,0,0,0,0,0,0,0,0,0,0,0,0,0,0,0,0,0,0,0,0,17,0,0,0,0,0,43,0,0,0,0,0,0,0,0,0,0,0,0,0,6,0,0,0,5,0,40,0,29,0,9,0,30,0,15,0,56,0,20,0,0,0,101,0,1,0,3,3,1,0,0,0,1,0,22,0,12,0,9,0,43,0,25,0,0,0,0,0,40,0,256,0,0,0,0,11,7,1,0,0,6,0,0,3,0,24,1,0,0,0,0,0,0,0,0,0,0,0,0,0,5,0,0,0,0,0,4,0,16,0,207,46,249,269,216,1,39,0,0,0,3,0,0,0,0
0,16,0,57,0,0,126,217,225,171,0,0,0,4,0,33,0,6,0,27,0,14,0,11,69,245,0,15,0,13,0,0,0,0,0,3,0,6,0,4,0,2,0,2,0,0,0,6,0,0,0,0,56,103,124,0,16,149,46,76,2,35,79,63,0,7,67,21,0,0,0,0,0,0,0,0,0,0,0,0,0,5,0,0,0,0,0,0,0,0,0,0,0,0,0,0,0,0,0,0,0,0,0,0,0,0,0,0,0,0,0,0,0,0,0,0,0,0,0,0,0,0,0,0,0,36,0,6,0,38,0,71,1,52,0,198,0,171,0,25,0,0,0,0,0,0,0,0,0,24,0,0,0,0,0,29,0,0,0,19,0,40,0,2,0,0,0,5,0,9,0,156,0,39,0,14,17,0,0,0,0,0,0,4,0,21,0,0,0,0,0,0,0,0,0,0,0,0,0,0,0,0,0,0,0,2,0,0,0,81,0,0,0,0,299,0,0,0,191,80,310,176,8,0,0
0,0,0,0,0,0,12,0,12,0,2,0,0,0,8,0,0,0,0,0,0,0,3,0,19,0,0,0,0,0,0,0,0,0,0,0,0,0,0,0,0,0,0,0,7,0,0,0,0,0,7,0,200,6,85,16,0,18,202,52,0,0,0,0,51,0,11,49,0,0,0,0,1,0,0,0,0,0,0,0,0,0,0,0,0,0,0,0,0,0,0,0,0,0,0,0,0,0,0,0,0,0,0,0,0,0,0,0,0,0,0,0,0,0,0,0,0,0,0,0,0,0,0,0,3,0,4,0,12,0,18,0,7,0,0,0,0,0,3,0,3,0,0,0,0,1,1,0,2,0,0,0,0,0,71,27,18,0,26,19,61,0,81,0,0,0,0,0,66,0,157,0,0,0,7,8,0,0,0,0,53,0,0,0,4,12,0,0,0,0,0,0,0,0,0,0,0,0,0,0,0,0,0,0,0,0,0,0,4,0,249,75,432,451,625,0,66,0,0,2,0,0,0,0,0
0,6,0,7,0,0,0,19,0,33,0,0,0,0,0,0,0,6,0,0,0,0,0,4,0,45,0,0,0,1,0,0,0,0,0,0,0,0,0,0,0,0,0,0,0,0,0,0,0,1,0,0,11,78,32,149,18,0,51,131,0,6,2,9,0,29,35,68,0,0,0,0,0,0,0,0,0,0,0,0,0,0,0,0,0,0,0,0,0,1,0,0,0,0,0,0,0,0,0,0,0,5,0,4,0,0,0,0,0,0,0,1,0,0,0,0,0,0,0,0,0,0,0,0,0,11,0,0,0,33,0,37,0,14,0,103,0,99,0,43,0,1,0,0,0,4,0,0,0,2,0,0,0,0,9,76,0,33,0,24,0,99,0,0,0,3,0,0,0,37,0,418,0,18,0,15,2,0,0,0,0,0,0,0,0,17,0,0,0,0,0,0,0,0,0,0,0,0,0,0,0,6,0,0,0,0,0,0,0,22,1,1,0,0,843,0,0,0,436,76,747,394,37,26,1
19,0,0,0,0,0,7,0,52,24,6,0,0,0,4,0,0,0,0,0,0,0,0,0,0,0,0,0,0,0,0,0,0,0,0,0,4,0,0,0,0,0,0,0,0,0,0,0,22,0,0,0,49,18,27,46,202,51,0,151,38,1,5,0,109,17,69,111,0,0,0,0,0,0,0,0,0,0,0,0,0,0,0,0,0,0,0,0,0,0,0,0,0,0,0,0,0,0,0,0,0,0,0,0,0,0,0,0,0,0,0,0,0,0,0,0,0,0,0,0,0,0,0,0,0,0,0,1,0,0,6,0,0,0,0,0,0,0,0,2,0,0,0,0,0,0,0,0,0,0,0,0,0,0,5,34,27,0,0,17,4,0,0,0,0,0,0,0,25,1,87,0,4,0,33,64,57,0,0,0,159,0,0,0,111,51,0,0,0,0,0,0,0,0,0,0,0,0,0,0,0,0,0,0,0,0,0,0,0,0,321,200,295,496,795,0,52,6,2,0,0,0,0,0,0
0,0,0,2,0,5,0,4,0,13,0,0,0,0,0,0,0,0,0,0,0,0,0,0,0,0,0,0,0,0,0,0,0,0,0,0,0,0,0,0,0,0,0,0,0,0,0,0,0,0,0,0,65,25,87,76,52,131,151,0,0,12,10,5,26,110,127,157,0,0,0,0,0,0,0,0,0,0,0,0,0,0,0,0,0,0,0,0,0,0,0,0,0,0,0,0,0,0,0,0,0,1,0,0,0,0,0,0,0,0,0,0,0,0,0,0,0,0,0,0,0,0,0,0,0,0,0,0,0,0,0,11,0,0,0,0,0,0,0,0,0,0,0,0,0,5,0,0,0,4,0,0,0,0,16,52,0,100,0,5,0,7,0,0,0,1,0,0,0,12,0,115,0,7,0,62,3,0,0,0,22,9,0,0,13,242,0,0,0,0,0,0,0,0,0,0,0,0,0,0,0,0,0,0,0,0,0,0,0,0,0,0,0,0,1042,0,0,0,544,175,427,437,47,17,0
13,0,32,0,0,0,114,0,47,0,0,0,0,0,0,0,21,0,0,0,0,0,13,0,136,4,0,0,12,0,0,0,0,0,0,0,0,0,3,0,0,0,0,0,0,0,0,0,0,0,0,0,30,0,18,2,0,0,38,0,0,0,57,0,0,0,0,0,0,0,0,0,0,0,8,0,0,0,0,0,2,0,0,0,0,0,0,0,0,0,0,0,0,0,2,0,0,0,0,0,0,0,0,0,0,0,0,0,0,0,0,0,0,0,0,0,0,0,0,0,0,0,0,0,0,0,0,0,0,0,0,0,0,0,0,0,0,0,161,0,37,0,2,0,62,0,0,0,0,0,0,0,0,0,63,0,24,0,7,0,0,0,6,0,0,0,1,0,3,0,103,0,47,0,0,0,48,0,0,0,0,0,25,0,38,0,0,0,0,0,0,0,0,0,0,0,0,0,0,0,0,0,0,0,0,0,0,0,2,0,145,272,30,49,67,0,0,0,0,0,0,0,0,0,0
0,53,0,57,0,0,0,165,0,72,0,0,0,0,0,7,0,0,0,10,0,20,0,7,0,43,0,0,0,2,0,5,0,11,0,7,0,9,0,15,0,0,0,0,0,0,0,0,0,0,0,5,0,99,0,35,0,6,1,12,0,0,0,42,0,0,0,0,0,0,0,0,0,0,0,2,0,0,0,0,0,0,0,0,0,0,0,0,0,0,0,0,0,0,0,1,0,0,0,0,0,0,0,0,0,0,0,0,0,0,0,0,0,0,0,0,0,0,0,0,0,0,0,2,0,0,0,0,0,0,0,0,0,0,0,0,0,0,0,40,0,18,0,27,0,52,0,0,0,0,0,0,0,0,0,22,0,68,0,21,0,0,0,0,0,0,0,0,0,3,0,97,0,73,0,0,14,123,0,0,0,0,0,22,0,9,0,0,0,0,0,0,0,0,0,0,0,0,0,0,0,0,0,0,0,0,0,0,0,0,0,0,0,0,54,0,0,0,59,421,97,57,0,6,0
0,5,21,0,0,0,147,34,39,89,1,0,0,0,9,0,386,0,14,0,107,0,38,0,215,21,0,0,20,0,13,0,0,0,0,0,14,0,9,0,0,0,0,0,12,0,0,0,6,0,7,0,66,15,11,79,0,2,5,10,57,0,0,13,1,0,1,7,0,0,16,0,0,0,14,0,0,0,4,0,11,0,0,0,0,0,19,0,11,0,0,0,0,0,0,0,0,0,0,0,0,0,1,0,0,0,6,0,0,0,0,0,0,0,0,0,0,0,0,0,24,0,0,0,0,0,0,0,9,0,0,0,0,0,0,0,12,0,42,0,22,0,0,0,24,0,0,0,2,0,0,0,0,0,26,0,8,2,7,0,0,0,3,0,0,0,0,0,0,0,10,0,10,0,0,0,14,0,0,0,0,0,14,1,25,1,0,0,0,0,0,0,0,0,0,0,0,0,0,0,0,0,0,0,0,0,0,0,0,0,23,140,2,0,14,0,0,0,2,1,0,3,0,0,0
21,53,17,64,0,5,76,267,40,111,0,2,0,0,0,33,13,227,0,60,0,132,0,96,87,159,0,0,0,57,0,19,0,9,0,9,0,9,0,7,0,0,0,0,0,0,0,0,0,0,0,0,5,51,13,63,0,9,0,5,0,42,13,0,0,0,0,0,0,0,0,0,0,0,0,0,0,0,0,0,0,0,0,0,0,13,0,0,0,0,0,0,0,0,0,0,0,0,0,0,0,16,0,0,0,0,0,0,0,0,0,0,0,0,0,0,0,0,0,0,0,0,0,0,0,0,0,0,0,8,0,0,0,11,0,79,0,80,0,84,0,31,0,34,0,43,0,0,0,0,0,0,0,0,0,28,0,57,0,17,0,5,0,0,0,0,0,0,0,0,0,0,0,8,0,0,13,129,0,0,0,0,0,21,1,0,0,0,0,0,0,0,0,0,0,0,0,0,0,1,0,8,0,0,0,0,0,0,0,0,0,0,0,0,20,0,0,0,33,166,14,0,0,0,0
9,0,2,0,5,0,34,0,128,0,0,0,3,0,0,0,0,0,0,0,0,0,0,0,0,0,0,0,0,0,0,0,0,0,1,0,0,0,0,0,0,0,0,0,0,0,0,1,0,0,0,0,6,0,3,0,51,0,109,26,0,0,1,0,0,0,62,19,0,0,0,0,0,0,0,0,0,0,0,0,0,0,0,0,0,0,0,0,0,0,0,0,0,0,0,0,0,0,0,0,0,0,0,0,0,0,0,0,0,0,0,0,0,0,0,0,0,0,0,0,0,0,0,0,0,0,0,0,0,0,14,0,0,0,0,0,0,0,0,0,0,3,0,0,3,5,0,0,22,0,0,0,1,0,1,37,0,0,1,34,148,0,0,0,0,0,0,0,0,0,0,0,0,0,20,0,2,0,0,0,213,31,3,0,122,0,0,0,0,0,0,0,0,0,0,0,0,0,0,0,0,0,0,0,0,0,0,0,0,0,36,5,15,0,106,0,0,0,0,0,0,0,0,0,0
0,30,0,0,0,6,0,3,0,55,0,0,0,0,0,0,0,0,0,13,0,0,0,0,0,0,0,17,0,0,0,0,0,0,0,0,0,4,0,4,0,0,0,0,0,0,0,0,0,4,0,0,0,0,0,7,0,29,17,110,0,0,0,0,0,0,11,350,0,0,0,0,0,0,0,0,0,0,0,0,0,1,0,0,0,0,0,4,0,0,0,0,0,0,0,0,0,0,0,0,0,0,0,0,0,0,0,0,0,0,0,0,0,0,0,0,0,0,0,0,0,0,0,0,0,32,0,0,0,0,33,78,0,0,0,3,0,0,28,7,0,3,0,0,4,21,0,14,0,198,0,3,0,5,22,4,1,0,29,4,91,197,0,0,0,0,0,0,0,4,0,0,0,0,3,45,0,0,0,0,48,119,0,7,0,73,0,0,0,0,0,0,0,0,0,0,0,2,0,0,0,0,0,0,0,0,0,2,0,14,0,0,0,0,107,0,0,0,73,1,0,0,7,0,0
18,0,0,0,0,0,11,0,48,33,4,0,5,0,0,0,0,0,0,0,0,0,0,0,0,0,0,0,0,0,0,0,0,0,0,0,0,0,0,0,0,0,0,0,0,0,0,0,0,0,0,0,4,28,4,67,11,35,69,127,0,0,1,0,62,11,0,36,0,0,0,0,0,0,0,0,0,0,0,0,0,0,0,0,0,0,0,0,0,0,0,0,0,0,0,0,0,0,0,0,0,0,0,0,0,0,0,0,0,0,0,0,0,0,0,0,0,0,0,0,0,0,0,0,0,0,0,0,0,0,25,0,0,0,0,0,0,0,0,0,0,0,0,0,0,0,2,0,12,0,0,0,0,0,0,22,0,0,1,19,23,0,0,0,0,0,0,0,0,0,0,0,0,0,48,47,114,0,0,0,134,0,0,0,501,57,0,0,0,0,0,0,0,0,0,0,0,0,0,0,0,0,0,0,0,0,0,0,0,0,45,26,29,0,66,0,0,0,0,0,0,0,0,0,0
0,5,0,0,0,0,0,5,30,30,0,0,0,0,0,0,0,0,0,0,0,0,0,0,0,0,0,0,0,0,0,0,0,0,0,0,0,0,0,0,0,0,0,0,0,0,0,0,0,0,0,0,53,0,89,21,49,68,111,157,0,0,7,0,19,350,36,0,0,1,0,0,0,0,0,0,0,0,0,0,0,0,0,0,0,0,0,0,0,0,0,0,0,0,0,0,0,0,0,0,0,0,0,0,0,0,0,0,0,0,0,0,0,0,0,0,0,0,0,0,0,0,0,0,0,6,0,0,0,0,0,44,0,1,0,0,0,0,1,0,0,0,0,0,0,0,0,0,0,42,0,1,0,0,10,9,0,23,7,1,0,19,0,0,0,0,0,0,0,0,0,0,0,0,6,166,5,1,0,0,0,12,0,0,0,707,0,0,0,0,0,0,0,0,0,0,0,0,0,0,0,0,0,0,0,0,0,0,0,0,0,0,0,0,184,0,0,0,113,52,46,0,0,0,0
0,0,0,0,0,0,0,0,0,0,0,0,0,0,0,0,0,0,0,0,0,0,0,0,0,0,0,0,0,0,0,0,0,0,0,0,0,0,0,0,0,0,0,0,6,0,0,0,17,0,2,0,0,0,0,0,0,0,0,0,0,0,0,0,0,0,0,0,0,0,0,0,10,0,0,0,81,0,26,0,0,0,52,0,0,0,18,0,10,0,0,0,37,0,10,0,10,1,14,0,14,0,252,0,0,0,13,0,50,0,7,0,4,0,16,0,0,0,0,0,0,0,0,0,0,0,0,0,0,0,0,0,0,0,12,0,0,0,0,0,0,0,0,0,0,0,0,0,0,0,0,0,3,0,0,0,0,0,0,0,0,0,0,0,18,0,0,0,59,0,0,0,0,0,0,0,0,0,0,0,0,0,0,0,0,0,0,0,0,0,0,0,0,0,0,0,0,0,0,0,0,0,0,0,63,0,0,0,0,0,53,5,58,0,0,92,32,0,0,0,0,0,0,0,0
0,0,0,0,0,0,0,0,0,0,0,0,0,0,0,0,0,0,0,0,0,0,0,0,0,0,0,0,0,0,0,0,0,0,0,0,0,0,0,0,0,0,0,0,0,8,0,0,0,1,0,0,0,0,0,0,0,0,0,0,0,0,0,0,0,0,0,1,0,0,0,0,0,0,0,3,0,69,0,0,0,0,0,45,0,0,0,13,0,16,0,0,0,50,0,52,0,0,0,0,0,12,0,188,0,0,0,0,0,31,0,0,0,0,0,15,0,7,0,0,0,0,0,0,0,0,0,0,0,0,0,0,0,0,2,0,0,0,0,0,0,0,0,0,0,0,0,0,0,0,0,0,0,0,0,0,0,0,0,0,0,2,0,0,0,30,0,0,0,64,0,0,0,0,0,0,0,0,0,0,0,0,0,0,0,0,0,0,0,0,0,0,0,0,0,0,0,2,0,0,0,0,0,0,0,0,0,4,0,0,0,0,0,0,0,0,0,0,29,6,58,2,14,14,3
0,0,0,0,0,0,0,0,0,0,0,0,0,0,0,0,133,0,0,0,154,0,4,0,14,0,33,0,12,0,14,0,0,0,37,0,114,0,0,0,0,0,0,0,40,0,0,0,0,0,23,0,8,0,0,0,0,0,0,0,0,0,16,0,0,0,0,0,0,0,0,0,213,0,166,0,15,0,220,0,5,0,0,0,10,0,26,0,0,0,0,0,0,0,0,0,0,0,0,0,0,0,0,0,0,0,0,0,0,0,0,0,0,0,0,0,0,0,0,0,7,0,23,0,0,0,7,0,0,0,0,0,1,0,39,0,26,0,12,0,154,0,30,0,93,0,6,0,0,0,12,0,0,0,0,0,44,0,0,0,0,0,43,0,2,0,35,0,16,0,50,0,80,0,5,0,0,0,0,0,16,7,0,0,0,0,0,0,0,0,0,0,0,0,0,0,0,0,9,0,3,0,0,0,0,0,0,0,46,0,0,0,24,0,0,0,0,0,0,0,0,0,0,0,0
0,0,0,0,0,0,0,1,0,0,0,0,0,0,0,0,0,0,0,0,0,16,0,1,0,0,0,0,0,0,0,0,0,0,0,5,0,0,0,0,0,0,0,17,0,0,0,0,0,0,0,14,0,0,0,0,0,0,0,0,0,0,0,0,0,0,0,0,0,0,0,0,0,66,0,137,0,5,0,5,0,0,0,0,0,5,0,35,0,0,0,0,0,0,0,0,0,0,0,0,0,0,0,0,0,0,0,0,0,0,0,0,0,0,0,0,0,0,0,0,0,5,0,0,0,31,0,33,0,0,2,0,1,20,0,0,0,0,0,1,0,23,0,3,0,64,0,28,0,0,0,7,0,15,0,0,0,0,0,1,0,1,0,43,0,0,0,10,0,16,0,7,0,13,0,11,0,0,0,0,0,13,0,0,0,0,0,0,0,0,0,0,0,0,0,0,0,0,0,0,0,0,0,0,0,0,0,6,0,12,0,0,0,0,0,0,0,0,24,0,0,10,0,0,0
0,0,0,0,0,0,0,0,0,0,0,0,0,0,0,0,0,0,0,0,0,0,0,0,0,0,0,0,0,0,0,0,0,0,0,0,7,0,0,0,0,0,0,0,0,0,0,0,1,0,0,0,0,0,0,0,1,0,0,0,0,0,0,0,0,0,0,0,10,0,213,0,0,0,80,0,59,0,268,0,7,0,19,0,14,0,13,0,0,0,0,0,1,0,0,0,8,0,3,0,0,0,0,0,5,0,0,5,0,0,0,0,0,0,0,0,0,0,0,0,13,0,3,0,17,0,44,0,0,0,0,0,19,0,121,0,47,0,11,0,30,0,84,0,59,0,34,0,0,0,109,0,16,0,0,0,6,0,0,0,0,0,60,0,3,0,4,0,3,0,16,0,0,0,0,0,0,0,0,0,33,0,0,0,0,0,0,0,0,0,0,0,0,0,4,0,0,0,72,0,85,0,130,1,58,0,78,0,104,0,205,0,23,13,47,0,0,0,0,0,0,0,0,0,0
0,0,0,0,0,0,0,0,0,0,0,0,0,0,0,0,0,0,0,0,0,9,0,0,0,1,0,0,0,0,0,0,0,0,0,0,0,4,0,0,0,0,0,4,0,0,0,0,0,1,0,0,0,0,0,0,0,0,0,0,0,0,0,0,0,0,0,0,0,0,0,66,0,0,0,286,0,32,0,33,0,51,0,0,0,25,0,86,0,0,0,0,0,0,0,3,0,0,0,1,0,2,0,0,0,0,0,0,0,0,0,0,0,0,0,0,0,0,0,0,0,21,0,3,0,22,0,57,0,1,0,0,0,15,0,36,0,13,0,0,0,0,0,8,0,29,0,33,0,0,0,17,0,14,0,0,0,0,0,0,0,0,0,77,0,0,0,0,0,3,0,6,0,0,0,5,0,0,0,0,8,21,0,0,0,0,0,0,0,0,0,0,0,0,0,5,0,0,0,0,0,24,6,110,0,0,0,0,0,0,0,0,0,0,20,0,0,0,88,0,4,0,2,0,0
0,0,0,0,0,0,0,0,0,0,0,0,1,0,0,0,76,0,0,0,114,0,9,0,14,0,22,0,15,0,12,0,0,0,25,0,58,0,5,0,0,0,0,0,0,0,0,0,2,0,10,0,0,0,0,0,0,0,0,0,8,0,14,0,0,0,0,0,0,0,166,0,80,0,0,0,9,0,109,0,2,0,15,0,18,0,24,2,0,0,0,0,0,0,0,0,1,0,0,0,0,0,0,0,0,0,0,0,0,0,0,0,0,0,0,0,0,0,0,0,22,0,33,0,0,15,0,4,0,0,0,2,4,0,24,0,54,0,9,0,146,0,87,0,56,0,0,0,0,0,0,0,0,0,5,0,18,0,0,0,0,0,41,0,0,0,18,0,11,0,25,0,26,0,8,0,0,0,1,0,38,5,0,0,0,0,0,0,0,0,0,0,0,0,0,0,0,0,0,1,4,0,0,0,0,0,0,0,27,0,0,0,15,0,0,0,0,0,0,0,0,0,0,0,0
0,0,0,0,0,0,0,0,0,0,0,0,0,0,0,0,0,0,0,0,0,20,0,3,0,0,0,0,0,0,0,0,0,0,0,7,0,5,0,0,0,0,0,15,0,0,0,0,0,0,0,14,0,0,0,0,0,0,0,0,0,2,0,0,0,0,0,0,0,3,0,137,0,286,0,0,0,43,0,11,0,0,0,1,0,43,0,83,0,0,0,0,0,0,0,0,0,0,0,0,0,0,0,0,0,0,0,0,0,0,0,0,0,0,0,0,0,0,0,0,0,84,0,12,0,0,0,81,0,0,0,0,0,0,0,23,0,0,0,3,0,22,0,15,0,128,0,61,0,0,0,27,0,21,0,0,0,5,0,0,0,0,0,142,0,0,0,0,0,27,0,4,0,10,0,7,0,0,0,0,0,25,0,0,0,0,0,0,0,0,0,0,0,0,0,0,0,6,0,0,0,8,3,0,0,0,0,45,3,49,0,0,0,0,10,0,0,0,60,4,53,9,3,0,0
0,0,0,0,0,0,0,0,0,0,0,0,0,0,0,0,0,0,0,0,0,0,0,0,0,0,40,0,0,0,0,0,0,0,0,0,0,0,0,0,0,0,0,0,17,0,0,0,14,0,10,0,0,0,0,0,0,0,0,0,0,0,0,0,0,0,0,0,81,0,15,0,59,0,9,0,0,0,51,0,35,0,40,0,0,0,64,0,0,0,0,0,7,0,17,0,16,0,38,0,7,0,114,0,74,0,0,0,26,0,0,0,0,0,6,0,0,0,0,0,13,0,0,0,0,0,3,0,0,0,0,0,0,0,0,0,0,0,0,0,15,0,51,0,0,0,0,0,0,0,0,0,0,0,0,0,0,0,0,0,0,0,0,0,20,0,5,0,41,0,0,0,0,0,0,0,0,0,0,0,0,0,0,0,0,0,0,0,0,0,0,0,0,0,21,0,0,0,0,0,66,0,0,0,146,0,0,0,0,0,74,14,46,3,14,52,4,1,0,0,0,0,0,0,0
0,0,0,0,0,0,0,0,0,0,0,0,0,0,0,0,0,0,0,0,0,0,0,0,0,0,0,0,0,0,0,0,0,0,0,0,0,0,0,0,0,0,0,0,0,0,0,0,0,4,0,10,0,0,0,0,0,0,0,0,0,0,0,0,0,0,0,0,0,69,0,5,0,32,0,43,0,0,0,7,0,75,0,66,0,20,0,109,0,17,0,0,0,14,0,69,0,0,0,0,0,13,2,149,0,37,0,0,0,8,0,1,0,3,0,1,0,15,0,0,0,0,0,0,0,0,0,0,0,0,0,0,0,0,0,0,0,0,0,0,0,0,0,1,0,7,0,7,0,2,0,0,1,0,0,0,0,0,0,0,0,0,0,9,0,16,0,0,0,68,0,0,0,0,0,0,0,0,0,0,0,0,0,0,0,0,0,0,0,68,0,0,0,0,0,28,0,27,0,0,0,0,0,97,0,0,0,0,0,0,1,0,0,0,19,0,0,0,79,5,56,0,15,0,2
0,0,0,0,0,0,0,0,0,0,0,0,0,0,0,0,40,0,0,0,82,0,0,0,0,0,0,0,11,0,11,0,0,0,0,0,0,0,0,0,0,0,0,0,0,0,0,0,5,0,0,0,0,1,0,0,0,0,0,0,0,0,4,0,0,0,0,0,26,0,220,0,268,0,109,0,51,0,0,0,18,0,22,0,0,0,60,0,0,0,0,0,4,0,6,0,0,0,18,0,0,0,13,0,0,0,0,0,0,0,0,0,1,0,0,0,0,0,0,0,59,0,7,0,0,0,0,0,0,0,0,0,0,0,125,0,0,0,0,0,112,0,123,0,35,0,0,0,0,0,16,0,0,0,0,0,22,0,0,0,0,0,34,0,9,0,0,0,56,0,16,0,0,0,0,0,0,0,0,0,0,0,0,0,0,0,0,0,0,0,0,0,0,0,0,0,0,0,108,0,96,0,0,0,67,0,0,0,81,0,228,0,47,0,22,36,0,0,0,0,0,0,0,0,0
0,0,0,0,0,0,0,0,0,0,0,0,0,0,0,0,0,0,0,0,0,0,0,0,0,0,0,0,0,0,0,0,0,0,0,0,0,0,0,0,0,0,0,0,0,0,0,0,0,0,0,12,0,0,0,0,0,0,0,0,0,0,0,0,0,0,0,0,0,0,0,5,0,33,0,11,0,7,0,0,0,0,0,0,0,31,0,11,0,0,0,0,0,0,0,0,0,0,0,0,0,0,0,0,0,0,0,0,0,0,0,0,0,0,0,0,0,0,0,0,0,6,0,4,0,0,2,24,0,0,1,0,0,0,0,0,0,10,0,0,0,7,0,6,0,26,0,0,0,0,0,13,0,0,0,0,0,0,0,0,0,0,0,5,0,0,0,0,0,4,0,0,0,0,0,0,0,1,0,0,0,0,0,0,0,0,0,0,0,0,0,0,0,0,0,0,0,0,0,0,0,6,0,0,0,0,0,0,0,24,0,0,0,0,0,0,0,0,5,0,0,0,0,0,0
