0,398,114,141,87,0,5,237,112,53,135,0,139,0,13,0,29,75,34,0,10,0,34,0,11,463,75,0,40,0,3,0,0,0,0,0,53,0,370,0,0,0,0,0,30,0,65,0,10,0,4,0,15,0,7,95,0,0,0,0,57,0,39,47,26,0,8,0,0,0,0,0,0,0,0,0,0,0,0,0,0,0,2,0,0,0,0,0,0,0,0,0,0,0,0,0,0,0,0,0,0,0,0,0,0,0,0,0,0,0,0,0,0,0,0,0,0,0,0,0,0,0,0,0,12,0,0,0,0,0,5,0,0,0,0,0,0,0,0,0,0,0,0,0,0,0,14,0,66,0,65,0,60,0,2,0,0,0,0,0,0,0,3,0,0,0,0,0,16,4,0,0,241,12,0,0,588,75,15,0,50,0,60,2,110,0,6,0,0,0,0,0,0,0,0,0,0,0,0,0,0,0,0,0,0,0,0,0,0,0,771,189,253,0,302,0,0,0,0,12,0,0,0,0,0
398,0,519,67,91,182,61,131,0,91,31,183,0,93,43,118,62,30,0,272,0,0,354,25,139,16,0,215,0,53,0,24,0,146,0,0,0,126,0,247,0,25,0,0,0,0,0,94,0,12,0,8,0,0,0,28,0,0,0,0,0,241,2,130,0,87,0,21,0,0,0,0,0,0,0,0,0,0,0,0,0,0,0,0,0,0,0,0,0,0,0,0,0,0,0,0,0,0,0,0,0,0,0,0,0,0,0,0,0,0,0,0,0,0,0,0,0,0,0,0,0,0,0,0,0,28,0,49,0,0,0,20,0,0,0,0,0,72,0,0,0,0,0,0,0,13,0,25,0,51,0,41,0,55,0,0,0,0,0,0,0,0,0,9,0,21,0,36,0,72,0,53,0,359,0,0,185,536,0,9,0,0,0,13,0,90,0,0,0,0,0,0,0,0,0,0,0,0,0,0,0,0,0,0,0,0,0,3,0,34,3,4,0,0,402,0,0,0,903,179,413,0,0,0,0
114,519,0,138,249,0,42,0,26,0,33,50,144,0,275,52,98,111,125,0,78,0,830,101,78,443,112,0,248,23,41,0,245,0,0,0,154,0,825,0,0,0,0,0,0,0,39,0,15,0,0,0,8,0,174,70,0,0,0,0,63,0,0,51,25,0,0,0,0,0,0,0,0,0,0,0,0,0,0,0,0,0,0,0,0,0,0,0,0,0,0,0,0,0,0,0,98,0,0,0,0,0,0,0,0,0,169,0,0,0,0,0,0,0,0,0,0,0,0,0,0,0,0,0,70,0,127,0,0,0,51,0,21,0,140,0,155,0,0,0,0,0,208,0,0,0,86,0,64,0,55,0,35,0,3,0,0,0,0,0,7,0,8,0,7,0,91,0,41,0,13,0,370,0,0,0,176,46,0,0,0,0,5,0,8,0,0,0,0,0,0,0,0,0,0,0,0,0,0,0,66,0,3,0,0,0,0,0,47,0,758,110,523,0,452,3,6,0,0,0,0,0,0,0,0
141,67,138,0,173,101,0,142,0,0,84,19,0,0,93,303,18,23,3,224,0,171,159,214,0,34,0,92,0,175,0,55,0,367,0,18,0,60,0,331,0,0,0,0,0,0,0,0,0,0,0,14,0,0,0,85,0,0,0,0,0,0,0,0,0,0,0,0,0,0,0,0,0,0,0,0,0,0,0,0,0,0,0,0,0,0,0,0,0,0,0,32,0,0,0,0,0,0,0,0,0,0,0,0,0,0,0,0,0,0,0,0,0,0,0,0,0,0,0,0,0,0,0,0,0,0,0,0,0,0,0,0,0,0,0,0,0,108,0,0,0,0,0,77,0,0,0,12,0,0,0,0,0,0,0,0,0,0,0,0,0,0,0,0,0,22,0,109,0,50,0,0,0,172,0,0,84,53,0,0,0,0,0,0,0,0,0,0,0,0,0,0,0,0,0,0,0,0,0,0,0,0,0,0,0,0,0,3,0,0,0,0,2,0,222,0,0,0,345,60,420,64,0,0,2
87,91,249,173,0,501,1,0,25,0,101,270,363,83,195,500,0,0,80,142,159,168,117,329,0,0,264,0,0,0,159,51,214,151,194,0,341,27,88,0,91,0,22,0,52,0,158,0,17,0,55,0,0,0,0,0,0,0,0,0,0,0,0,0,30,3,0,0,0,0,0,0,0,0,0,0,0,0,0,0,0,0,0,0,0,0,0,0,0,0,0,0,0,0,0,0,0,0,0,0,0,0,0,0,0,0,0,0,0,0,0,0,0,0,0,0,0,0,0,0,0,0,0,0,0,0,0,0,0,0,9,0,0,0,0,0,0,0,0,0,0,0,0,0,0,0,0,0,6,0,0,0,0,0,0,0,0,0,0,0,0,0,0,0,74,0,190,0,38,5,0,0,82,0,0,0,687,129,99,0,33,0,36,0,18,0,5,0,0,0,0,0,0,0,0,0,0,0,0,0,0,0,0,0,0,0,0,0,0,0,705,416,570,0,325,3,0,0,0,0,0,0,0,0,0
0,182,0,101,501,0,0,87,0,5,73,112,308,157,262,326,0,8,385,101,176,214,0,89,0,0,105,221,0,0,0,152,0,281,70,280,0,319,0,0,0,42,0,0,0,0,0,154,0,5,54,161,0,8,0,11,0,0,0,0,0,0,0,0,0,0,0,0,0,0,0,0,0,0,0,0,0,0,0,0,0,0,0,1,0,0,0,0,0,0,0,0,0,0,0,0,0,0,0,0,0,0,0,0,0,0,0,0,0,0,0,0,0,0,0,0,0,0,0,0,0,0,0,0,0,0,0,0,0,0,0,0,0,0,0,0,0,0,0,0,0,0,0,0,0,0,0,0,0,0,0,0,0,0,0,0,0,0,0,0,0,0,0,0,0,141,0,224,0,148,0,17,0,72,0,0,115,243,0,18,0,0,0,2,0,19,0,5,0,0,0,0,0,0,0,0,0,0,0,0,0,0,0,0,0,0,0,0,0,0,0,0,0,0,247,0,0,0,447,275,601,0,0,0,0
5,61,42,0,1,0,0,0,158,213,2,0,3,0,6,0,14,9,0,0,0,0,24,0,248,37,0,0,48,0,0,0,0,0,0,0,0,0,104,0,0,0,0,0,0,0,0,0,58,0,0,0,19,17,171,180,19,0,24,0,108,0,119,0,25,0,15,0,0,0,0,0,0,0,0,0,0,0,0,0,0,0,5,0,0,0,0,0,0,0,0,0,0,0,0,0,0,0,0,0,0,0,0,0,0,0,0,0,0,0,0,0,0,0,0,0,0,0,0,0,0,0,0,0,68,0,80,0,0,0,60,0,22,0,31,0,24,0,0,0,0,0,0,0,0,0,32,0,52,0,39,0,0,0,0,0,0,0,0,0,11,0,0,0,0,0,0,0,51,0,111,0,286,0,0,0,65,24,0,0,0,0,0,7,5,0,0,0,0,0,0,0,0,0,0,0,0,0,0,0,7,0,0,0,0,0,0,0,16,0,703,76,368,156,580,6,0,13,0,3,0,1,0,0,0
237,131,0,142,0,87,0,0,175,55,0,63,0,0,0,82,24,36,0,123,0,52,75,43,246,148,0,0,0,137,0,0,0,36,0,0,0,0,0,281,0,0,0,0,0,0,0,0,0,12,0,0,8,0,0,323,0,27,0,26,0,316,0,239,0,21,0,0,0,1,0,0,0,0,0,0,0,0,0,0,0,0,0,0,0,0,0,0,0,0,0,22,0,0,0,0,0,0,0,0,0,17,0,0,0,0,0,30,0,0,0,0,0,0,0,0,0,0,0,0,0,0,0,0,0,51,0,91,0,20,3,57,0,26,0,68,0,106,0,18,0,0,0,68,0,0,0,27,0,25,0,0,0,0,0,9,0,0,0,0,0,26,0,8,0,26,0,16,0,97,0,133,0,473,0,0,79,64,0,0,0,0,38,7,0,0,0,0,0,0,0,0,0,0,0,0,0,0,0,0,0,0,0,0,0,0,0,0,0,29,3,0,0,0,757,0,0,0,915,113,407,332,1,97,3
112,0,26,0,25,0,158,175,0,376,28,0,27,0,4,0,10,0,23,0,0,0,0,0,35,36,0,0,2,0,0,0,0,0,0,0,0,0,0,0,0,0,0,0,0,0,17,0,37,0,0,0,32,64,42,418,3,8,139,114,140,0,55,43,235,0,147,54,0,0,0,0,0,0,0,0,1,0,0,0,0,0,0,0,0,0,0,0,0,0,0,0,0,0,0,0,0,0,0,0,0,0,0,0,0,0,0,0,0,0,0,0,0,0,0,0,0,0,0,0,0,0,0,0,74,0,66,0,0,0,57,0,0,0,5,0,1,0,0,0,0,0,1,0,0,0,20,0,119,0,37,0,18,0,3,0,6,0,0,0,5,0,0,0,0,0,0,0,34,0,89,0,130,0,0,0,411,58,2,0,0,0,7,6,147,6,0,0,0,0,0,0,0,0,0,0,0,0,1,0,0,0,0,0,0,0,0,0,10,0,620,91,188,0,411,0,0,0,0,1,0,0,0,0,0
53,91,0,0,0,5,213,55,376,0,0,37,0,0,0,23,0,0,0,21,0,0,8,0,355,0,0,31,0,2,0,0,0,0,0,0,0,0,0,0,0,0,0,0,0,5,0,0,0,2,0,0,32,52,124,79,0,17,35,184,0,93,67,36,0,141,0,175,0,0,0,0,0,0,0,0,0,0,0,0,0,0,0,5,0,0,0,0,0,0,0,0,0,0,0,0,0,0,0,0,0,0,0,0,0,0,0,0,0,0,0,0,0,0,0,0,0,0,0,0,0,0,0,0,0,57,0,78,0,0,0,52,0,34,0,16,0,39,0,6,0,0,0,0,0,6,0,46,0,79,0,19,0,0,0,11,0,29,0,0,0,12,0,3,0,11,0,5,0,0,0,52,0,0,0,0,75,341,0,0,0,0,5,48,0,91,0,0,0,0,0,0,0,0,0,0,0,0,0,0,0,0,0,0,0,0,0,0,0,30,0,0,0,1,374,0,0,0,792,153,176,0,0,62,1
135,31,33,84,101,73,2,0,28,0,0,53,236,0,29,137,15,28,8,0,52,0,0,146,0,9,34,2,0,0,34,7,69,0,39,0,132,0,41,0,68,0,0,0,0,0,60,0,6,0,0,0,0,0,2,0,0,0,0,0,0,0,0,0,3,0,2,0,0,0,0,0,0,0,0,0,0,0,0,0,0,0,0,0,0,0,0,0,0,0,0,0,0,0,0,0,0,0,0,0,0,0,0,0,0,0,0,0,0,0,0,0,0,0,0,0,0,0,0,0,0,0,0,0,0,0,0,0,0,0,2,0,0,0,0,0,0,0,0,0,0,0,0,0,0,0,0,0,5,0,19,0,0,0,0,0,0,0,0,0,0,0,0,0,15,0,0,0,0,0,5,0,14,0,0,0,516,36,74,0,31,0,34,0,16,0,23,0,0,0,0,0,0,0,0,0,0,0,0,0,0,0,0,0,0,0,0,0,0,0,354,161,157,0,110,0,0,0,0,0,0,0,0,0,0
0,183,50,19,270,112,0,63,0,37,53,0,65,449,244,90,0,19,168,107,83,130,45,151,0,0,0,225,0,38,0,89,0,332,25,87,0,107,0,0,3,154,0,28,0,37,0,228,0,55,0,44,0,0,0,0,0,0,0,0,0,12,0,0,0,43,0,15,0,0,0,1,0,0,0,0,0,0,0,0,0,0,0,0,0,0,0,0,0,0,0,0,0,0,0,0,0,3,0,0,0,0,0,0,0,0,0,0,0,0,0,0,0,0,0,0,0,0,0,0,0,0,0,0,0,0,0,11,0,0,0,0,0,0,0,0,0,0,0,0,0,0,0,0,0,0,0,10,0,0,0,0,0,108,0,0,0,8,0,0,0,0,0,3,0,44,0,80,0,67,0,20,0,81,0,0,132,389,0,37,0,71,0,59,0,82,0,16,0,0,0,0,0,0,0,0,0,0,0,0,0,0,0,4,0,0,0,0,0,0,3,0,0,0,250,0,0,0,704,245,438,0,6,0,0
139,0,144,0,363,308,3,0,27,0,236,65,0,664,0,97,0,0,26,452,0,226,0,0,0,0,163,343,0,0,0,0,0,27,75,51,50,0,0,0,154,44,96,76,98,29,173,47,41,2,161,67,0,0,0,0,0,0,0,0,0,0,0,0,11,0,0,0,0,0,0,0,0,0,0,0,0,0,0,0,0,0,0,0,0,0,0,0,0,0,0,0,0,0,0,0,0,0,0,0,0,0,0,0,0,0,0,0,0,0,0,0,0,0,0,0,0,0,0,0,0,0,0,0,0,0,0,0,0,0,0,0,0,0,0,0,0,0,0,0,0,0,0,0,0,0,1,0,0,0,0,0,0,0,0,0,0,0,0,0,0,0,0,0,29,0,0,0,0,0,0,0,0,1,0,0,375,114,143,0,0,0,13,0,0,0,125,23,0,0,0,0,0,0,0,0,0,0,0,0,0,0,0,0,0,0,0,0,0,0,0,255,187,0,13,0,0,0,0,0,0,0,0,0,0
0,93,0,0,83,157,0,0,0,0,0,449,664,0,6,0,0,0,228,92,23,71,0,0,0,0,616,131,0,0,0,0,0,0,0,93,0,0,0,0,269,163,33,138,105,67,127,196,9,67,32,285,0,0,0,0,0,0,0,0,0,0,0,0,0,0,0,0,0,0,0,0,0,0,0,0,0,0,0,0,0,0,0,0,0,0,0,0,0,0,0,0,0,0,0,0,0,0,0,0,0,0,0,0,0,0,0,0,0,0,0,0,0,0,0,0,0,0,0,0,0,0,0,0,0,0,0,0,0,0,0,0,0,0,0,0,0,0,0,0,0,0,0,0,0,0,0,0,0,0,0,0,0,0,0,0,0,0,0,0,0,0,0,0,0,136,0,4,0,70,0,0,0,0,0,0,60,193,0,8,0,12,0,0,0,0,129,13,0,0,0,0,0,0,0,0,0,0,0,0,0,0,0,0,0,0,0,0,0,0,0,0,0,0,37,0,0,0,114,195,281,0,0,0,0
13,43,275,93,195,262,6,0,4,0,29,244,0,6,0,319,71,17,235,23,196,73,400,276,133,0,154,0,4,11,132,37,107,111,113,0,136,21,6,17,0,0,0,0,0,0,0,0,0,0,31,0,8,0,37,0,0,0,0,0,0,0,35,0,0,0,0,0,0,0,0,0,8,0,22,0,0,0,0,0,0,0,0,0,0,0,0,0,0,0,0,0,0,0,0,0,312,0,0,0,0,0,0,0,0,0,0,0,0,0,0,0,0,0,0,0,0,0,0,0,0,0,0,0,0,0,0,0,0,0,0,0,0,0,0,0,52,0,0,0,60,0,201,0,0,0,33,0,0,0,0,0,38,0,0,0,0,0,0,0,0,0,0,0,31,0,97,0,0,0,3,0,20,0,0,0,82,29,16,0,0,0,8,0,20,0,0,0,0,0,0,0,0,0,0,0,2,0,0,0,0,0,0,0,0,0,0,0,0,0,249,423,158,0,82,4,0,0,0,0,0,0,0,0,0
0,118,52,303,500,326,0,82,0,23,137,90,97,0,319,0,0,7,160,195,111,135,63,107,3,73,0,118,0,0,0,53,0,71,36,50,0,60,0,0,0,0,0,12,0,0,0,1,0,0,0,12,0,0,0,47,0,0,0,0,0,18,0,0,0,11,0,0,0,0,0,0,0,0,0,0,0,0,0,0,0,0,0,0,0,0,0,0,0,0,0,0,0,0,0,0,0,0,0,0,0,0,0,0,0,0,0,0,0,0,0,0,0,0,0,0,0,0,0,0,0,0,0,3,0,0,0,0,0,0,0,0,0,0,0,0,0,201,1,0,0,0,0,54,0,0,0,8,0,26,0,0,0,0,0,0,0,17,0,0,0,0,0,0,0,5,0,45,0,20,0,0,0,0,0,0,80,44,33,16,0,0,0,0,0,34,0,0,0,0,0,0,0,0,0,0,0,0,0,0,0,0,0,0,0,0,0,0,0,0,0,0,0,0,60,0,0,0,168,203,70,0,0,0,0
29,62,98,18,0,0,14,24,10,0,15,0,0,0,71,0,0,0,26,0,292,0,164,0,62,83,0,0,146,0,15,0,93,0,20,0,16,0,280,0,0,0,0,0,0,0,0,0,0,0,0,0,99,0,7,30,8,0,0,0,46,0,247,9,0,0,0,0,0,0,62,0,19,0,86,0,0,0,0,0,366,0,0,0,367,0,213,0,0,0,144,0,0,0,0,0,439,0,720,0,387,0,0,0,0,0,0,0,0,0,0,0,0,0,0,0,0,0,0,0,126,0,83,0,0,0,0,0,96,0,0,0,0,1,0,0,61,0,152,0,334,0,294,3,0,0,0,0,0,0,0,0,0,0,68,1,0,0,28,0,0,0,6,0,0,0,4,0,0,0,0,0,75,0,0,0,0,0,0,0,0,0,14,0,0,0,0,0,0,0,0,0,0,0,0,0,0,0,0,0,0,0,0,0,0,0,0,0,0,0,89,382,72,0,28,0,0,1,0,0,0,0,0,0,0
75,30,111,23,0,8,9,36,0,0,28,19,0,0,17,7,0,0,0,0,0,125,96,121,0,100,0,0,0,117,0,32,0,69,0,11,0,15,0,143,0,0,0,0,0,7,0,0,0,3,0,0,0,49,0,63,0,103,0,0,0,36,0,164,0,0,0,0,0,0,0,0,0,0,0,0,0,0,0,0,0,165,0,0,0,0,0,0,0,0,0,0,0,0,0,0,0,0,0,0,0,152,0,0,0,0,0,0,0,0,0,0,0,0,0,0,0,0,0,0,0,48,0,0,0,0,0,0,0,97,0,0,0,0,0,45,0,48,1,193,0,154,0,567,0,3,0,0,0,0,0,0,0,0,0,108,0,0,0,97,0,27,0,0,0,6,0,16,0,20,0,0,1,21,0,0,0,20,0,39,0,0,0,4,0,0,0,0,0,0,0,0,0,0,0,0,0,0,0,0,0,0,0,0,0,0,0,0,0,0,0,0,0,0,0,0,0,0,16,107,64,0,0,0,0
34,0,125,3,80,385,0,0,23,0,8,168,26,228,235,160,26,0,0,289,129,206,175,16,27,0,164,0,0,0,25,32,15,50,271,0,103,0,0,0,2,0,30,0,13,0,0,0,10,0,289,0,0,0,0,0,0,0,0,0,0,0,11,0,0,0,0,0,0,0,0,0,0,0,0,0,0,0,0,0,0,0,0,0,0,0,0,0,0,0,0,0,0,0,0,0,0,0,0,0,0,0,0,0,0,0,0,0,0,0,0,0,0,0,0,0,0,0,0,0,0,0,0,0,0,0,0,0,0,0,0,0,0,0,0,0,0,0,0,0,0,0,0,0,0,0,5,0,0,0,0,0,8,0,0,0,0,0,0,0,0,0,0,0,0,5,43,0,0,0,0,0,0,0,0,0,36,29,0,2,0,0,8,0,0,0,0,0,0,0,0,0,0,0,0,0,0,0,0,0,0,0,0,0,0,0,0,0,0,0,90,338,253,0,0,0,0,0,0,0,0,0,0,0,0
0,272,0,224,142,101,0,123,0,21,0,107,452,92,23,195,0,0,289,0,0,176,0,35,0,39,200,349,0,0,0,64,0,0,35,242,6,92,0,0,0,0,16,173,0,113,0,39,2,18,45,260,0,0,0,42,0,0,0,0,0,0,0,0,0,20,0,3,0,0,0,0,0,0,0,0,0,0,0,0,0,0,0,0,0,0,0,0,0,0,0,0,0,0,0,0,0,0,0,0,0,0,0,0,0,0,0,0,0,0,0,0,0,0,0,0,0,0,0,0,0,0,0,0,0,0,0,0,0,0,0,0,0,0,0,0,0,103,0,0,0,0,0,0,0,0,0,0,0,0,0,0,0,0,0,0,0,0,0,0,0,0,0,0,0,82,0,13,0,48,0,1,0,0,0,0,29,24,7,14,0,0,0,2,0,36,17,3,0,0,0,0,0,0,0,0,0,0,0,0,0,0,0,0,0,0,0,0,0,0,0,0,0,0,60,0,0,0,127,266,151,0,0,0,0
10,0,78,0,159,176,0,0,0,0,52,83,0,23,196,111,292,0,129,0,0,72,344,62,49,0,139,0,49,0,84,0,135,24,188,0,73,14,24,0,0,0,0,0,11,0,0,0,0,0,195,6,32,0,0,0,0,0,0,0,7,0,138,0,0,0,0,0,0,0,92,0,41,0,96,0,0,0,0,0,216,0,0,0,0,0,150,0,0,0,0,0,0,0,0,0,384,0,621,0,410,0,0,0,0,0,0,0,0,0,0,0,0,0,0,0,0,0,0,0,68,0,0,0,0,0,0,0,0,0,8,0,0,0,0,0,28,0,0,0,105,0,100,0,79,0,0,0,0,0,0,0,0,0,7,0,0,0,0,1,0,0,21,0,47,0,135,0,45,0,0,0,38,0,0,0,32,5,20,1,0,1,9,0,0,0,0,0,0,0,0,0,0,0,0,0,0,0,0,0,0,0,0,0,0,0,0,0,0,0,267,643,265,44,110,0,0,0,0,0,0,0,0,0,0
0,0,0,171,168,214,0,52,0,0,0,130,226,71,73,135,0,125,206,176,72,0,0,283,0,184,78,220,0,47,0,79,0,70,42,229,0,51,0,8,0,0,0,126,0,161,0,0,0,18,23,106,0,0,0,90,0,41,0,0,0,0,0,85,0,0,0,0,0,0,0,0,0,0,0,0,0,0,0,0,0,188,0,0,0,0,0,0,0,0,0,0,0,0,0,102,0,0,0,0,0,0,0,0,0,0,0,0,0,0,0,0,0,0,0,0,0,0,0,2,0,0,0,0,0,0,0,0,0,0,0,0,0,0,0,0,0,0,0,193,0,338,0,607,0,0,0,0,2,0,0,0,0,0,0,0,0,0,0,0,0,0,0,0,0,52,0,56,0,59,0,0,0,0,0,0,20,43,0,50,0,0,0,0,0,10,0,11,0,0,0,0,0,0,0,0,0,0,0,0,0,0,0,0,0,0,0,0,0,0,0,0,0,0,91,0,0,0,210,468,179,0,0,0,0
34,354,830,159,117,0,24,75,0,8,0,45,0,0,400,63,164,96,175,0,344,0,0,157,186,299,0,0,40,20,83,0,81,23,31,0,27,9,43,49,0,0,9,0,0,0,0,0,5,0,0,0,6,0,29,26,0,0,3,0,9,8,34,21,0,0,0,0,0,0,0,0,0,0,0,0,0,0,0,0,0,0,0,0,208,0,0,0,0,0,0,0,0,0,0,0,353,0,0,0,0,0,0,0,0,0,392,0,0,0,0,0,0,0,0,0,0,0,0,0,0,0,58,0,0,0,0,0,0,0,0,0,8,0,55,0,143,0,0,0,94,0,317,0,3,0,4,0,8,0,0,0,0,0,31,0,0,0,11,0,0,0,0,0,0,0,0,0,0,0,0,0,36,0,0,0,34,9,0,0,0,0,0,0,0,0,0,0,0,0,0,0,0,0,0,0,0,0,6,0,41,0,0,0,0,0,0,0,0,0,89,694,44,0,32,0,0,0,0,0,0,0,0,0,0
0,25,101,214,329,89,0,43,0,0,146,151,0,0,276,107,0,121,16,35,62,283,157,0,0,87,0,42,0,74,7,51,0,43,0,25,0,27,0,22,0,0,0,33,0,14,0,0,0,0,0,12,0,0,0,78,0,23,0,0,0,0,0,81,0,0,0,1,0,0,0,7,0,0,0,0,0,0,0,0,0,86,0,0,0,23,0,0,0,0,0,0,0,0,0,0,0,0,0,0,0,101,0,0,0,0,0,0,0,0,0,0,0,0,0,0,0,0,0,0,0,0,0,0,0,0,0,0,0,0,0,0,0,0,0,0,0,0,0,0,0,94,0,298,0,0,0,0,0,0,0,0,0,6,0,0,0,0,0,25,0,0,0,0,0,7,0,77,0,27,0,15,0,33,0,0,62,112,0,184,0,0,0,5,0,0,0,0,0,0,0,0,0,0,0,0,0,0,0,0,0,2,0,0,0,0,0,0,0,0,0,0,0,0,25,0,0,0,94,355,112,17,0,0,0
11,139,78,0,0,0,248,246,35,355,0,0,0,0,133,3,62,0,27,0,49,0,186,0,0,105,0,0,35,0,0,0,0,0,0,0,0,0,37,0,0,0,0,0,0,0,0,0,10,0,0,0,74,40,169,337,24,0,23,0,44,0,155,81,0,0,0,0,0,0,0,0,0,0,0,0,0,0,0,0,0,0,0,0,120,0,0,1,0,0,0,0,0,0,0,0,0,0,0,0,0,0,0,0,0,0,0,0,0,0,0,0,0,0,0,0,0,0,0,0,0,0,36,0,0,0,21,0,266,0,0,0,0,0,86,0,232,0,29,0,75,0,306,0,0,0,16,0,0,0,0,0,0,0,35,0,0,0,40,0,8,0,0,0,2,0,0,0,21,0,31,0,143,0,0,0,56,25,0,0,0,0,13,3,0,0,0,0,0,0,0,0,0,0,0,0,0,0,0,0,37,0,0,0,0,0,0,0,0,0,119,177,108,24,97,0,0,0,0,0,0,0,0,0,0
463,16,443,34,0,0,37,148,36,0,9,0,0,0,0,73,83,100,0,39,0,184,299,87,105,0,0,0,0,101,0,27,0,30,0,9,0,0,12,96,0,0,0,0,0,0,0,0,0,2,0,0,0,9,0,232,0,51,0,14,0,53,0,52,2,0,0,0,0,0,0,0,0,0,0,2,0,0,0,0,0,0,0,0,0,0,0,0,0,0,0,106,0,0,0,0,0,0,0,0,0,88,0,0,0,0,0,72,0,0,0,0,0,0,0,0,0,0,0,0,0,9,0,1,0,0,0,0,0,0,0,0,0,15,0,0,0,39,0,23,0,0,0,186,0,0,0,0,0,0,0,0,0,0,0,69,0,0,0,45,0,0,0,4,0,0,0,0,0,12,0,17,0,57,0,0,40,28,0,13,1,0,0,5,0,0,0,0,0,0,0,0,0,0,0,0,0,0,0,0,0,4,0,0,0,0,0,0,0,0,0,0,0,0,34,0,0,0,68,242,60,19,0,6,0
75,0,112,0,264,105,0,0,0,0,34,0,163,616,154,0,0,0,164,200,139,78,0,0,0,0,0,298,0,0,30,0,23,0,76,0,82,0,0,0,12,144,275,108,188,31,118,111,28,0,317,41,0,0,0,0,0,1,0,0,0,0,0,0,0,0,0,0,0,0,0,0,0,0,0,0,0,0,0,0,0,0,0,0,0,0,0,0,0,0,0,0,0,0,0,0,0,0,0,0,0,0,0,0,0,0,0,0,0,0,0,0,0,0,0,0,0,0,0,0,0,0,0,0,0,0,0,0,0,0,0,0,0,0,0,0,0,0,0,0,0,0,0,0,0,0,0,0,17,0,0,0,0,0,0,0,0,0,0,0,0,0,0,0,66,0,0,0,0,0,0,0,0,0,0,0,0,15,7,0,0,0,35,0,30,0,6,80,0,0,0,0,0,0,0,0,0,0,0,0,0,0,0,0,0,0,0,0,0,0,46,628,258,0,22,0,0,20,0,0,0,0,0,0,0
0,215,0,92,0,221,0,0,0,31,2,225,343,131,0,118,0,0,0,349,0,220,0,42,0,0,298,0,0,0,0,22,0,0,0,49,0,32,0,0,193,34,0,305,66,322,100,302,0,39,0,214,0,0,0,0,0,0,0,0,0,0,0,0,0,6,0,5,0,0,0,0,0,0,0,0,0,0,0,0,0,0,0,0,0,0,0,0,0,0,0,0,0,0,0,0,0,0,0,0,0,0,0,0,0,0,0,0,0,0,0,0,0,0,0,0,0,0,0,0,0,0,0,0,0,0,0,0,0,0,0,0,0,0,0,0,0,0,0,0,0,0,0,0,0,0,0,0,0,18,0,0,0,0,0,0,0,0,0,0,0,0,0,0,0,82,0,9,0,0,0,0,0,0,0,0,8,26,0,0,0,0,0,0,0,0,78,16,0,0,0,0,0,0,0,0,0,2,0,0,0,0,0,0,0,0,0,0,0,0,0,0,0,0,0,0,0,0,0,437,243,0,0,3,21
40,0,248,0,0,0,48,0,2,0,0,0,0,0,4,0,146,0,0,0,49,0,40,0,35,0,0,0,0,0,34,0,5,0,4,0,13,0,4,0,0,0,3,0,0,0,0,0,0,0,13,0,2,0,0,0,0,0,0,0,26,0,10,0,0,0,0,0,0,0,12,0,0,0,0,0,0,0,0,0,35,0,0,0,6,0,13,0,0,0,0,0,0,0,7,0,22,0,63,0,36,0,0,0,8,0,21,0,0,0,0,0,0,0,0,0,0,0,0,0,0,0,0,0,0,0,0,0,4,0,0,0,0,0,0,0,0,0,23,0,39,0,0,0,18,0,0,0,0,0,0,0,0,0,0,0,0,0,6,0,0,0,0,0,0,0,0,0,0,0,0,0,0,0,0,0,2,0,0,0,0,0,0,0,0,0,0,0,0,0,0,0,0,0,0,0,0,0,0,0,0,0,0,0,0,0,0,0,0,0,6,44,0,0,0,0,0,0,0,0,0,0,0,0,0
0,53,23,175,0,0,0,137,0,2,0,38,0,0,11,0,0,117,0,0,0,47,20,74,0,101,0,0,0,0,0,44,0,16,0,0,0,4,0,12,0,0,0,11,0,6,0,0,0,0,0,4,0,12,0,33,0,20,0,0,0,7,0,47,0,0,0,0,0,0,0,0,0,0,0,2,0,0,0,0,0,28,0,0,0,18,0,11,0,0,0,0,0,0,0,24,0,0,0,0,0,0,0,0,0,0,0,0,0,0,0,0,0,0,0,0,0,0,0,0,0,0,0,0,0,0,0,0,0,17,0,0,0,0,0,0,0,0,0,265,0,227,0,279,0,20,0,0,0,0,0,0,0,0,0,29,0,2,0,45,0,0,0,0,0,0,0,0,0,4,0,0,0,0,0,0,0,18,0,29,0,0,0,3,0,0,0,0,0,0,0,0,0,0,0,0,0,0,0,0,0,0,0,0,0,0,0,0,0,0,0,0,0,0,7,0,0,0,0,81,8,0,0,0,0
3,0,41,0,159,0,0,0,0,0,34,0,0,0,132,0,15,0,25,0,84,0,83,7,0,0,30,0,34,0,0,0,10,0,86,0,28,0,5,0,0,0,22,0,4,0,0,0,0,0,75,0,0,0,0,0,0,0,0,0,3,0,38,0,0,0,0,0,0,0,14,0,0,0,0,0,0,0,0,0,0,0,0,0,0,0,0,0,0,0,0,0,0,0,0,0,0,0,0,0,0,0,0,0,0,0,27,0,0,0,0,0,0,0,0,0,0,0,0,0,0,0,0,0,0,0,0,0,2,0,0,0,0,0,2,0,0,0,20,0,37,0,0,0,20,0,0,0,0,0,0,0,0,0,0,0,0,0,0,0,0,0,0,0,0,0,20,0,0,0,0,0,3,0,0,0,15,0,8,0,0,0,0,0,1,0,0,0,0,0,0,0,0,0,0,0,0,0,0,0,0,0,0,0,0,0,0,0,0,0,30,71,28,0,0,0,0,0,0,0,0,0,0,0,0
0,24,0,55,51,152,0,0,0,0,7,89,0,0,37,53,0,32,32,64,0,79,0,51,0,27,0,22,0,44,0,0,0,47,0,27,0,2,0,16,0,0,0,67,0,27,0,0,0,0,1,27,0,0,0,0,0,0,0,0,0,7,0,34,0,0,0,0,0,0,0,0,0,0,0,0,0,0,0,0,0,0,0,0,0,7,0,0,0,0,0,0,0,0,0,0,0,0,0,0,0,0,0,0,0,0,0,0,0,0,0,0,0,0,0,0,0,0,0,0,0,0,0,0,0,0,0,0,0,0,0,0,0,0,0,0,0,0,0,127,0,167,0,119,0,0,0,0,0,0,0,0,0,0,0,0,0,0,0,16,0,0,0,0,0,0,0,7,0,0,0,0,0,0,0,0,0,14,0,33,0,0,0,0,0,0,0,0,0,0,0,0,0,0,0,0,0,0,0,0,0,0,0,0,0,0,0,0,0,0,0,0,0,0,0,0,0,0,33,57,23,8,0,0,0
0,0,245,0,214,0,0,0,0,0,69,0,0,0,107,0,93,0,15,0,135,0,81,0,0,0,23,0,5,0,10,0,0,0,42,0,87,0,0,0,0,0,15,0,5,0,0,0,0,0,38,0,0,0,0,0,0,0,0,0,2,0,11,1,0,0,0,0,0,0,6,0,0,0,0,0,0,0,0,0,0,0,0,0,0,0,0,0,0,0,0,0,0,0,0,0,0,0,0,0,0,0,0,0,0,0,0,0,0,0,0,0,0,0,0,0,0,0,0,0,0,0,0,0,0,0,0,0,0,0,0,0,0,0,0,0,0,0,0,0,0,0,0,0,0,0,0,0,0,0,0,0,0,0,0,0,0,0,0,0,0,0,0,0,0,0,33,0,6,0,2,0,7,0,0,0,19,0,19,0,0,0,14,0,0,0,0,0,0,0,0,0,0,0,0,0,0,0,0,0,0,0,0,0,0,0,0,0,0,0,53,221,57,0,0,0,0,0,0,0,0,0,0,0,0
0,146,0,367,151,281,0,36,0,0,0,332,27,0,111,71,0,69,50,0,24,70,23,43,0,30,0,0,0,16,0,47,0,0,0,44,0,188,0,14,0,0,0,52,0,19,0,0,0,0,0,43,0,0,0,0,0,0,0,0,0,20,0,38,0,0,0,0,0,0,0,0,0,0,0,0,0,0,0,0,0,0,0,0,0,0,0,0,0,0,0,0,0,0,0,0,0,0,0,0,0,0,0,0,0,0,0,0,0,0,0,0,0,0,0,0,0,0,0,0,0,0,0,0,0,0,0,0,0,0,0,0,0,0,0,0,0,0,0,75,0,68,0,0,0,0,0,0,0,0,0,0,0,0,0,5,0,18,0,12,0,0,0,4,0,0,0,74,0,12,0,0,0,15,0,0,23,64,0,158,0,0,0,0,0,0,0,0,0,0,0,0,0,0,0,0,0,0,0,0,0,0,0,0,0,0,0,0,0,0,0,0,0,0,48,0,0,0,45,442,72,8,0,0,0
0,0,0,0,194,70,0,0,0,0,39,25,75,0,113,36,20,0,271,35,188,42,31,0,0,0,76,0,4,0,86,0,42,0,0,0,120,8,0,0,0,0,39,0,11,0,0,0,0,0,66,0,0,0,0,0,0,0,0,0,0,0,21,0,0,0,0,0,0,0,0,0,0,0,0,0,0,0,0,0,0,0,0,0,0,0,0,0,0,0,0,0,0,0,0,0,0,0,0,0,0,0,0,0,0,0,0,0,0,0,0,0,0,0,0,0,0,0,0,0,0,0,0,0,0,0,0,0,0,0,0,0,0,0,0,0,0,0,0,0,0,0,0,0,25,0,0,0,0,0,0,0,0,0,0,0,0,0,0,1,0,0,0,0,38,0,52,0,16,0,8,0,17,0,0,0,18,0,24,0,0,0,0,0,0,0,0,0,0,0,0,0,0,0,0,0,0,0,0,0,0,0,0,0,0,0,0,0,0,0,80,286,138,0,0,0,0,0,0,0,0,0,0,0,0
0,0,0,18,0,280,0,0,0,0,0,87,51,93,0,50,0,11,0,242,0,229,0,25,0,9,0,49,0,0,0,27,0,44,0,0,0,107,0,6,0,0,0,82,0,62,0,0,0,0,0,38,0,0,0,0,0,22,0,0,0,0,0,0,0,0,0,0,0,0,0,0,0,0,0,0,0,0,0,0,0,0,0,0,0,0,0,13,0,0,0,0,0,0,0,0,0,0,0,0,0,0,0,0,0,0,0,0,0,0,0,0,0,0,0,0,0,0,0,0,0,0,0,0,0,0,0,0,0,0,0,0,0,0,0,0,0,0,0,88,0,154,0,202,0,0,0,0,0,0,0,0,0,0,0,13,0,0,0,0,0,0,0,0,0,50,0,27,0,36,0,0,0,15,0,0,0,32,0,24,0,0,0,0,0,0,0,23,0,0,0,0,0,0,0,0,0,0,0,0,0,0,0,0,0,0,0,0,0,0,0,0,0,0,0,0,0,0,66,196,106,0,0,0,0
53,0,154,0,341,0,0,0,0,0,132,0,50,0,136,0,16,0,103,6,73,0,27,0,0,0,82,0,13,0,28,0,87,0,120,0,0,0,54,0,0,0,102,0,47,0,0,0,6,0,125,0,7,0,2,0,6,0,0,0,7,0,22,0,0,0,0,0,0,0,87,0,24,0,86,0,0,0,0,0,0,0,0,0,0,0,0,0,0,0,0,0,0,0,0,0,0,0,0,0,147,0,0,0,0,0,0,0,0,0,0,0,0,0,0,0,0,0,0,0,0,0,0,0,0,0,0,0,3,0,0,0,0,0,0,0,0,0,63,0,80,0,0,0,164,0,0,0,0,0,0,0,0,0,6,0,24,0,0,0,7,0,23,0,32,0,28,0,17,0,42,0,20,0,0,0,29,0,31,0,0,0,11,0,0,0,4,0,0,0,0,0,0,0,0,0,0,0,0,0,0,0,0,0,0,0,0,0,0,0,48,127,68,0,0,0,0,0,0,0,0,0,0,0,0
0,126,0,60,27,319,0,0,0,0,0,107,0,0,21,60,0,15,0,92,14,51,9,27,0,0,0,32,0,4,0,2,0,188,8,107,0,0,1,21,0,0,0,101,0,44,0,0,0,0,0,101,0,0,0,4,0,0,0,0,0,48,0,23,0,0,0,0,0,0,0,0,0,0,0,0,0,0,0,0,0,84,0,0,0,0,0,0,0,0,0,0,0,0,0,0,0,0,0,0,0,0,0,0,0,0,0,0,0,0,0,0,0,0,0,0,0,0,0,0,0,0,0,0,0,0,0,0,0,0,0,0,0,0,0,0,0,0,0,222,0,390,0,332,0,235,0,0,0,0,0,0,0,0,0,16,0,80,0,27,0,0,0,0,0,29,0,26,0,66,0,0,0,39,0,0,6,59,0,55,0,0,0,11,0,0,0,5,0,0,0,0,0,0,0,0,0,0,0,0,0,0,0,0,0,0,0,0,0,0,0,0,0,0,25,0,0,0,51,322,91,0,0,1,0
370,0,825,0,88,0,104,0,0,0,41,0,0,0,6,0,280,0,0,0,24,0,43,0,37,12,0,0,4,0,5,0,0,0,0,0,54,1,0,0,0,0,3,0,1,0,0,0,0,0,1,0,9,0,0,3,0,0,0,0,5,0,15,0,0,0,0,0,0,0,14,0,3,0,9,0,0,0,0,0,0,0,0,0,0,0,0,0,0,0,0,0,0,0,0,0,0,0,0,0,0,0,0,0,0,0,0,0,0,0,0,0,0,0,0,0,0,0,2,0,0,0,0,0,0,0,0,0,0,0,0,0,0,0,0,0,0,0,45,0,54,0,0,0,39,0,0,0,0,0,0,0,0,0,11,0,35,0,0,0,0,0,2,0,0,0,8,0,0,0,8,0,33,0,0,0,26,0,0,0,0,0,45,0,0,0,0,0,0,0,0,0,0,0,0,0,0,0,0,0,0,0,0,0,0,0,0,0,0,0,3,184,9,0,0,0,0,0,0,0,0,0,0,0,0
0,247,0,331,0,0,0,281,0,0,0,0,0,0,17,0,0,143,0,0,0,8,49,22,0,96,0,0,0,12,0,16,0,14,0,6,0,21,0,0,0,0,0,0,0,0,0,0,0,0,0,5,0,4,0,7,0,0,0,0,0,14,0,20,0,0,0,0,0,0,0,0,0,0,0,2,0,0,0,0,0,0,0,0,0,0,0,0,0,0,0,0,0,0,0,0,0,0,0,0,0,0,0,0,0,0,0,0,0,0,0,0,0,0,0,0,0,0,0,0,0,0,0,0,0,0,0,0,0,0,0,0,0,0,0,0,0,0,0,67,0,67,0,0,0,49,0,0,0,0,0,0,0,0,0,0,0,29,0,25,0,0,0,0,0,0,0,13,0,0,0,0,0,16,0,0,0,68,0,63,0,0,1,17,0,0,0,0,0,0,0,0,0,0,0,0,0,0,0,0,0,0,0,0,0,0,0,0,0,0,0,0,0,0,0,0,0,0,0,239,0,0,0,0,0
0,0,0,0,91,0,0,0,0,0,68,3,154,269,0,0,0,0,2,0,0,0,0,0,0,0,12,193,0,0,0,0,0,0,0,0,0,0,0,0,0,200,27,76,62,58,152,216,68,0,9,0,0,0,0,0,0,0,0,0,0,0,0,0,0,0,0,0,0,0,0,0,0,0,0,0,0,0,0,0,0,0,0,0,0,0,0,0,0,0,0,0,0,0,0,0,0,0,0,0,0,0,0,0,0,0,0,0,0,0,0,0,0,0,0,0,0,0,0,0,0,0,0,0,0,0,0,0,0,0,1,0,0,0,0,0,0,0,0,0,0,0,0,0,0,0,0,0,0,0,0,0,0,0,0,0,0,0,0,0,0,0,0,0,0,0,0,0,0,0,0,0,0,0,0,0,0,56,34,0,0,0,7,0,5,0,28,37,0,0,0,0,0,0,0,0,0,0,0,0,0,0,0,0,0,0,0,0,0,0,0,124,22,0,0,0,0,12,0,0,0,0,0,0,0
0,25,0,0,0,42,0,0,0,0,0,154,44,163,0,0,0,0,0,0,0,0,0,0,0,0,144,34,0,0,0,0,0,0,0,0,0,0,0,0,200,0,4,32,141,28,240,204,96,160,0,0,0,0,0,0,0,0,0,0,0,0,0,0,0,0,0,0,0,0,0,0,0,0,0,0,0,0,0,0,0,0,0,0,0,0,0,0,0,0,0,0,0,0,0,0,0,0,0,0,0,0,0,0,0,0,0,0,0,0,0,0,0,0,0,0,0,0,0,0,0,0,0,0,0,0,0,0,0,0,0,0,0,0,0,0,0,0,0,0,0,0,0,0,0,0,0,0,0,0,0,0,0,0,0,0,0,0,0,0,0,0,0,0,0,0,0,0,0,0,0,0,0,0,0,0,0,186,2,16,0,0,0,0,0,0,84,17,0,0,0,0,0,0,0,0,0,0,0,0,0,0,0,0,0,0,0,0,0,0,0,19,0,0,0,0,0,4,0,127,29,0,0,0,31
0,0,0,0,22,0,0,0,0,0,0,0,96,33,0,0,0,0,30,16,0,0,9,0,0,0,275,0,3,0,22,0,15,0,39,0,102,0,3,0,27,4,0,0,270,0,38,0,35,0,72,0,3,0,0,0,0,0,0,0,0,0,16,0,0,0,0,0,0,0,23,0,0,0,25,0,0,0,0,0,0,0,0,0,0,0,0,0,0,0,0,0,0,0,0,0,0,0,0,0,0,0,0,0,0,0,0,0,0,0,0,0,0,0,0,0,0,0,0,0,0,0,0,0,0,0,0,0,0,0,0,0,0,0,0,0,0,0,0,0,0,0,0,0,26,0,0,0,0,0,0,0,0,0,0,0,0,0,0,0,0,0,0,0,55,0,27,0,0,0,0,0,9,0,0,0,0,0,17,0,0,0,1,0,0,0,47,0,0,0,0,0,0,0,0,0,0,0,0,0,0,0,0,0,0,0,0,0,0,0,20,181,136,16,10,0,0,51,0,0,0,0,0,0,0
0,0,0,0,0,0,0,0,0,0,0,28,76,138,0,12,0,0,0,173,0,126,0,33,0,0,108,305,0,11,0,67,0,52,0,82,0,101,0,0,76,32,0,0,24,209,0,71,0,36,0,53,0,0,0,0,0,44,0,0,0,0,0,0,0,0,0,0,0,0,0,18,0,0,0,0,0,0,0,0,0,170,0,0,0,0,0,0,0,0,0,0,0,0,0,0,0,0,0,0,0,0,0,0,0,0,0,0,0,0,0,0,0,0,0,0,0,0,0,0,0,0,0,0,0,0,0,0,0,0,0,0,0,0,0,0,0,0,0,0,0,118,0,342,0,0,0,0,0,0,0,0,0,0,0,0,0,15,0,0,0,0,0,17,0,74,0,27,0,42,0,16,0,48,0,0,0,35,0,0,0,0,0,0,0,0,24,101,0,0,0,0,0,0,0,3,0,0,0,0,0,0,0,0,0,0,0,0,0,0,0,0,0,0,0,0,0,0,150,264,187,0,0,0,0
30,0,0,0,52,0,0,0,0,0,0,0,98,105,0,0,0,0,13,0,11,0,0,0,0,0,188,66,0,0,4,0,5,0,11,0,47,0,1,0,62,141,270,24,0,42,182,144,150,0,85,0,0,0,0,0,0,0,2,0,0,0,0,0,0,0,1,0,0,0,0,0,3,0,0,0,0,0,0,0,19,0,0,0,0,0,0,0,0,0,0,0,0,0,0,0,0,0,0,0,0,0,0,0,0,0,0,0,0,0,0,0,0,0,0,0,0,0,0,0,0,0,0,0,0,0,0,0,0,0,0,0,0,0,0,0,0,0,0,0,0,0,0,0,0,0,2,0,5,0,0,0,0,0,0,0,0,0,0,0,0,0,7,0,134,0,14,1,66,0,7,0,14,0,0,0,76,20,20,0,0,0,10,0,0,0,44,18,0,0,0,0,0,0,0,0,0,0,0,0,0,0,0,0,0,0,0,0,0,0,11,332,152,14,4,6,2,127,0,3,0,0,0,0,2
0,0,0,0,0,0,0,0,0,5,0,37,29,67,0,0,0,7,0,113,0,161,0,14,0,0,31,322,0,6,0,27,0,19,0,62,0,44,0,0,58,28,0,209,42,0,75,274,27,253,1,96,0,0,0,0,0,0,0,0,0,0,0,0,0,0,0,0,0,9,0,0,0,0,0,0,0,0,0,0,0,84,0,62,0,0,0,49,0,15,0,0,0,22,0,71,0,0,0,0,0,0,0,12,0,0,0,0,0,0,0,0,0,0,0,0,0,0,0,0,0,33,0,0,0,0,0,0,0,0,0,0,0,0,0,0,0,0,0,0,0,0,0,0,0,0,0,0,0,0,0,0,0,0,0,0,0,0,0,0,0,0,0,6,0,156,0,12,0,211,0,21,0,24,0,0,0,56,0,8,0,0,0,0,0,0,26,37,0,0,0,0,0,0,0,19,0,0,0,0,0,0,0,0,0,0,0,0,0,0,0,4,0,0,12,0,0,0,50,255,266,0,2,0,127
65,0,39,0,158,0,0,0,17,0,60,0,173,127,0,0,0,0,0,0,0,0,0,0,0,0,118,100,0,0,0,0,0,0,0,0,0,0,0,0,152,240,38,0,182,75,0,248,170,24,14,0,0,0,0,0,0,0,0,0,0,0,0,0,0,0,0,0,0,0,0,0,0,0,0,0,0,0,0,0,0,0,0,0,0,0,0,0,0,0,0,0,0,0,0,0,0,0,0,0,0,0,0,0,0,0,0,0,0,0,0,0,0,0,0,0,0,0,0,0,0,0,0,0,0,0,0,0,0,0,0,0,0,0,0,0,0,0,0,0,0,0,0,0,0,0,0,0,0,0,0,0,0,0,0,0,0,0,0,0,0,0,0,0,14,0,0,0,8,0,0,0,0,0,0,0,33,58,22,0,0,0,9,0,8,0,50,21,0,0,0,0,0,0,0,0,0,0,0,0,0,0,0,0,0,0,0,0,0,0,0,359,58,0,0,0,0,159,0,10,0,0,0,0,2
0,94,0,0,0,154,0,0,0,0,0,228,47,196,0,1,0,0,0,39,0,0,0,0,0,0,111,302,0,0,0,0,0,0,0,0,0,0,0,0,216,204,0,71,144,274,248,0,152,122,0,16,0,0,0,0,0,0,0,0,0,0,0,0,0,3,0,0,0,0,0,0,0,0,0,0,0,0,0,0,0,0,0,0,0,0,0,0,0,0,0,0,1,0,0,0,0,0,0,0,0,0,0,0,0,0,0,0,0,0,0,0,0,0,0,0,0,0,0,0,0,0,0,0,0,0,0,0,0,0,0,0,0,0,0,0,0,0,0,0,0,0,0,0,0,0,0,0,0,0,0,4,0,0,0,0,0,0,0,0,0,0,0,0,0,44,0,0,0,0,0,0,0,0,0,0,0,61,0,0,0,4,0,3,0,0,92,27,0,0,0,0,0,0,0,0,0,0,0,0,0,0,0,0,0,0,0,0,0,0,0,28,0,0,0,0,0,7,0,425,51,0,0,0,118
10,0,15,0,17,0,58,0,37,0,6,0,41,9,0,0,0,0,10,2,0,0,5,0,10,0,28,0,0,0,0,0,0,0,0,0,6,0,0,0,68,96,35,0,150,27,170,152,0,60,12,0,14,0,30,0,23,0,64,0,7,0,8,0,3,0,0,0,7,0,2,0,0,0,0,0,2,0,5,0,0,0,36,0,6,0,8,0,6,0,0,0,28,0,17,0,0,0,2,0,15,0,67,0,15,0,10,0,10,0,0,0,0,0,0,0,0,0,0,0,0,0,0,0,0,0,0,0,0,0,0,0,0,0,37,0,0,0,0,0,19,0,33,0,14,0,0,0,0,0,24,0,0,0,0,0,0,0,7,0,33,0,9,0,37,0,23,0,60,0,15,0,25,0,0,0,101,44,11,0,0,0,4,0,0,0,138,7,34,0,19,0,65,0,43,0,3,0,47,0,0,0,65,0,46,0,28,0,0,0,72,122,224,16,84,63,12,74,0,15,0,0,0,0,5
0,12,0,0,0,5,0,12,0,2,0,55,2,67,0,0,0,3,0,18,0,18,0,0,0,2,0,39,0,0,0,0,0,0,0,0,0,0,0,0,0,160,0,36,0,253,24,122,60,0,1,12,0,1,0,8,0,3,0,0,0,2,0,0,0,0,0,0,0,0,0,0,0,0,0,0,0,2,0,0,0,8,0,20,0,0,0,7,0,13,0,0,0,7,0,12,0,0,0,0,0,0,0,2,0,6,0,2,0,0,0,0,0,0,0,0,0,1,0,0,0,0,0,0,0,0,0,0,0,0,0,0,0,0,0,3,0,0,0,0,0,0,0,0,0,0,0,0,0,0,0,0,0,8,0,0,0,0,0,2,0,3,0,0,0,56,0,1,0,52,0,8,0,2,0,7,0,170,0,4,0,10,0,4,0,8,32,112,0,5,0,0,0,0,0,10,0,0,0,0,0,7,0,7,0,14,0,0,0,0,0,0,0,0,9,0,0,15,17,45,25,0,0,2,58
4,0,0,0,55,54,0,0,0,0,0,0,161,32,31,0,0,0,289,45,195,23,0,0,0,0,317,0,13,0,75,1,38,0,66,0,125,0,1,0,9,0,72,0,85,1,14,0,12,1,0,0,0,0,0,0,3,0,4,0,0,0,0,0,0,0,0,0,0,0,41,0,0,0,30,0,0,0,0,0,0,0,0,0,0,0,40,0,0,0,0,0,0,0,32,0,0,0,0,0,0,0,0,0,0,0,0,0,0,0,0,0,0,0,0,0,0,0,0,0,0,0,0,0,0,0,0,0,3,0,4,0,0,0,0,0,0,0,0,0,0,0,0,0,0,0,0,0,0,0,0,0,0,0,0,0,0,0,0,0,0,0,0,0,76,0,34,0,81,0,11,0,20,0,0,0,0,0,26,0,0,0,2,0,0,0,9,0,0,0,0,0,0,0,0,0,0,0,0,0,0,0,0,0,0,0,0,0,0,0,41,250,205,30,37,6,0,11,0,0,0,0,0,0,0
0,8,0,14,0,161,0,0,0,0,0,44,67,285,0,12,0,0,0,260,6,106,0,12,0,0,41,214,0,4,0,27,0,43,0,38,0,101,0,5,0,0,0,53,0,96,0,16,0,12,0,0,0,0,0,0,0,56,0,0,0,0,0,0,0,0,0,0,0,3,0,0,0,0,0,0,0,0,0,7,0,153,0,0,0,0,0,0,0,0,0,0,0,0,0,0,0,0,0,0,0,0,0,0,0,0,0,0,0,0,0,0,0,0,0,0,0,0,0,0,0,54,0,0,0,0,0,0,0,0,0,0,0,0,0,0,0,0,0,0,0,154,0,327,0,98,0,0,0,0,0,0,0,0,0,0,0,0,0,0,0,40,0,7,0,83,0,31,0,52,0,26,0,68,0,0,14,51,0,0,0,0,0,2,0,0,8,110,0,0,0,0,0,0,0,0,0,0,0,0,0,0,0,0,0,0,0,0,0,0,0,0,0,0,14,0,0,0,90,110,143,0,0,0,0
15,0,8,0,0,0,19,8,32,32,0,0,0,0,8,0,99,0,0,0,32,0,6,0,74,0,0,0,2,0,0,0,0,0,0,0,7,0,9,0,0,0,3,0,0,0,0,0,14,0,0,0,0,8,70,53,151,13,55,61,30,0,54,6,4,0,1,39,0,0,0,0,0,0,0,0,0,0,0,0,0,0,0,0,20,0,7,0,0,0,0,0,0,0,0,0,0,0,0,0,0,0,0,0,0,0,0,0,0,0,0,0,0,0,0,0,0,0,0,0,0,0,14,0,1,0,0,0,90,0,0,0,6,0,0,0,31,0,144,0,45,0,36,0,23,0,0,0,0,0,0,0,0,0,190,4,84,0,154,0,6,0,8,0,0,0,0,0,0,0,175,0,12,0,0,0,9,0,0,0,0,0,0,0,3,2,0,0,0,0,0,0,0,0,0,0,0,0,0,0,0,0,0,0,0,0,0,0,0,0,126,245,155,136,153,2,30,1,0,0,0,0,0,0,0
0,0,0,0,0,8,17,0,64,52,0,0,0,0,0,0,0,49,0,0,0,0,0,0,40,9,0,0,0,12,0,0,0,0,0,0,0,0,0,4,0,0,0,0,0,0,0,0,0,1,0,0,8,0,33,61,4,76,18,12,0,67,12,100,0,0,15,0,0,0,0,0,0,0,0,0,0,0,0,0,0,0,0,4,0,0,0,0,0,0,0,0,0,0,0,0,0,0,0,0,0,0,0,0,0,0,0,0,0,0,0,0,0,0,0,0,0,0,0,0,0,3,0,0,0,0,0,0,0,73,0,5,0,8,0,14,0,0,0,121,0,0,0,77,0,31,0,0,0,0,0,0,0,0,0,178,0,115,0,149,0,0,0,0,0,2,0,0,0,11,0,33,1,9,0,0,0,27,0,0,1,0,0,0,0,0,0,0,0,0,0,0,0,0,0,0,0,0,0,0,0,0,0,0,0,0,0,0,0,0,0,0,0,0,0,0,0,0,23,559,47,0,0,0,0
7,0,174,0,0,0,171,0,42,124,2,0,0,0,37,0,7,0,0,0,0,0,29,0,169,0,0,0,0,0,0,0,0,0,0,0,2,0,0,0,0,0,0,0,0,0,0,0,30,0,0,0,70,33,0,140,42,19,128,160,16,0,8,0,5,4,1,74,0,0,0,0,0,0,0,0,0,0,0,0,0,0,0,0,0,0,0,0,0,0,0,0,0,0,0,0,0,0,0,0,0,0,0,0,0,0,0,0,0,0,0,0,0,0,0,0,0,0,0,0,0,0,0,0,22,0,59,0,84,0,18,0,26,0,63,0,143,0,2,0,0,0,0,0,0,0,0,0,0,0,0,0,0,0,22,3,5,0,10,1,18,0,0,0,0,0,0,0,16,0,198,0,41,0,0,0,7,0,0,0,0,0,0,0,0,4,0,0,0,0,0,0,0,0,0,0,0,0,0,0,0,0,0,0,0,0,0,0,0,0,321,76,208,262,357,2,71,0,0,0,0,0,0,0,0
95,28,70,85,0,11,180,323,418,79,0,0,0,0,0,47,30,63,0,42,0,90,26,78,337,232,0,0,0,33,0,0,0,0,0,0,0,4,3,7,0,0,0,0,0,0,0,0,0,8,0,0,53,61,140,0,0,110,96,136,0,18,64,110,2,0,58,7,0,0,0,0,0,0,0,0,0,0,0,0,0,0,0,0,0,0,0,0,0,0,0,125,0,0,0,0,0,0,0,0,0,0,0,0,0,0,0,0,0,0,0,0,0,0,0,0,0,0,0,0,0,0,0,0,0,0,0,0,0,70,0,18,0,35,0,75,0,135,0,63,0,49,0,233,0,0,0,0,0,0,0,6,0,0,0,117,0,0,0,51,0,32,0,0,0,6,0,0,0,37,0,86,0,46,0,0,26,66,0,0,0,0,21,10,0,1,0,0,0,0,0,0,0,0,0,0,0,0,0,0,0,24,0,0,0,1,0,0,0,23,0,0,0,0,534,0,0,0,331,331,258,271,0,113,0
0,0,0,0,0,0,19,0,3,0,0,0,0,0,0,0,8,0,0,0,0,0,0,0,24,0,0,0,0,0,0,0,0,0,0,0,6,0,0,0,0,0,0,0,0,0,0,0,23,0,3,0,151,4,42,0,0,0,303,79,0,0,5,0,31,14,12,65,0,0,0,0,0,0,0,0,1,0,0,0,0,0,0,0,0,0,0,0,0,0,0,0,0,0,0,0,0,0,0,0,0,0,0,0,0,0,0,0,0,0,0,0,0,0,0,0,0,0,0,0,0,0,0,0,51,0,36,0,203,0,85,0,31,0,0,0,0,0,16,0,0,0,0,0,4,0,0,0,5,0,9,0,0,0,128,19,11,0,113,20,48,0,46,0,0,0,0,0,22,0,161,0,18,0,5,0,0,0,0,0,48,8,0,0,4,4,0,0,0,0,0,0,0,0,0,0,0,0,0,0,0,0,0,0,0,0,0,0,7,0,544,158,381,487,798,6,184,0,1,0,1,0,0,0,0
0,0,0,0,0,0,0,27,8,17,0,0,0,0,0,0,0,103,0,0,0,41,0,23,0,51,1,0,0,20,0,0,0,0,0,22,0,0,0,0,0,0,0,44,0,0,0,0,0,3,0,56,13,76,19,110,0,0,59,443,0,3,1,29,2,2,42,40,0,0,0,0,0,0,0,0,0,0,0,0,0,0,0,0,0,0,0,0,0,0,0,0,0,4,0,0,0,0,1,0,0,0,0,0,0,0,0,31,0,0,0,0,0,0,0,0,0,0,0,0,0,0,0,0,0,32,0,24,0,198,0,63,0,43,0,0,0,38,0,24,0,0,0,61,0,0,0,3,0,0,0,0,0,0,4,108,0,3,0,231,0,118,0,0,0,7,0,14,0,40,0,150,0,26,0,0,0,0,0,4,2,0,0,0,0,0,0,0,0,0,0,0,0,0,0,0,0,0,0,0,0,11,0,0,0,0,0,0,0,17,1,0,0,0,792,0,0,0,367,164,495,488,0,81,2
0,0,0,0,0,0,24,0,139,35,0,0,0,0,0,0,0,0,0,0,0,0,3,0,23,0,0,0,0,0,0,0,0,0,0,0,0,0,0,0,0,0,0,0,2,0,0,0,64,0,4,0,55,18,128,96,303,59,0,466,20,0,0,0,119,31,260,236,0,0,0,0,0,0,0,0,0,0,0,0,0,0,0,0,0,0,0,0,0,0,0,0,0,0,0,0,0,0,0,0,0,0,0,0,0,0,0,0,0,0,0,0,0,0,2,0,0,0,0,0,0,0,0,0,44,0,42,0,28,0,56,0,9,0,0,0,0,0,3,0,0,0,0,0,0,3,0,0,6,0,0,0,0,0,20,30,32,7,5,17,7,8,0,0,3,0,8,0,15,0,141,0,0,0,15,0,12,0,0,0,101,0,0,0,255,19,0,0,0,0,0,0,0,0,0,0,0,0,0,0,0,0,0,0,0,0,0,0,8,0,1180,423,286,616,1144,0,169,0,2,0,0,0,0,0,0
0,0,0,0,0,0,0,26,114,184,0,0,0,0,0,0,0,0,0,0,0,0,0,0,0,14,0,0,0,0,0,0,0,0,0,0,0,0,0,0,0,0,0,0,0,0,0,0,0,0,0,0,61,12,160,136,79,443,466,0,0,16,10,0,42,177,247,210,0,1,0,0,0,3,0,0,0,0,0,0,0,0,0,0,0,0,0,0,0,0,0,0,0,0,0,0,0,0,0,0,0,0,0,0,0,0,0,7,0,0,0,0,0,0,0,0,0,0,0,0,0,0,0,0,0,76,0,51,0,68,0,127,0,58,0,0,0,0,3,0,0,0,0,0,0,4,0,9,0,16,0,0,0,0,37,23,0,33,11,10,0,102,0,0,0,0,0,0,0,30,0,0,0,0,8,2,6,0,0,0,35,0,0,0,41,247,0,0,0,0,0,0,0,0,0,0,0,0,0,0,0,0,0,0,0,0,0,0,0,39,9,0,0,0,1715,0,0,0,1167,400,423,574,1,73,0
57,0,63,0,0,0,108,0,140,0,0,0,0,0,0,0,46,0,0,0,7,0,9,0,44,0,0,0,26,0,3,0,2,0,0,0,7,0,5,0,0,0,0,0,0,0,0,0,7,0,0,0,30,0,16,0,0,0,20,0,0,0,84,0,0,0,0,0,0,0,11,0,0,0,8,0,0,0,0,0,0,0,0,0,0,0,0,0,0,0,0,0,0,0,0,0,0,0,0,0,0,0,0,0,0,0,0,0,0,0,0,0,0,0,0,0,0,0,0,0,12,0,0,0,1,0,0,0,11,0,0,0,0,0,0,0,0,0,95,0,91,0,5,0,132,0,0,0,0,0,0,0,0,0,32,0,204,0,14,0,0,0,13,0,0,0,0,0,0,0,124,0,67,0,0,0,108,0,0,0,0,0,10,0,30,0,0,0,0,0,0,0,0,0,0,0,0,0,0,0,0,0,0,0,0,0,0,0,0,0,9,133,32,0,0,0,5,0,0,0,0,0,0,0,0
0,241,0,0,0,0,0,316,0,93,0,12,0,0,0,18,0,36,0,0,0,0,8,0,0,53,0,0,0,7,0,7,0,20,0,0,0,48,0,14,0,0,0,0,0,0,0,0,0,2,0,0,0,67,0,18,0,3,0,16,0,0,0,97,0,0,0,0,0,2,0,0,0,0,0,0,0,0,0,0,0,0,0,0,0,0,0,0,0,0,0,0,0,0,0,0,0,0,0,0,0,0,0,0,0,0,0,0,0,0,0,0,0,0,0,0,0,0,0,0,0,3,0,0,0,0,0,0,0,0,0,0,0,0,0,0,0,0,0,80,0,81,0,0,0,135,0,0,0,0,0,0,0,0,0,37,0,157,0,35,0,0,0,7,0,1,0,0,0,11,0,113,0,87,0,0,7,101,0,8,0,0,0,48,0,0,0,0,0,0,0,0,0,0,0,0,0,0,0,0,0,0,0,0,0,0,0,0,0,0,0,0,0,0,64,0,0,0,69,352,82,66,0,19,0
39,2,0,0,0,0,119,0,55,67,0,0,0,0,35,0,247,0,11,0,138,0,34,0,155,0,0,0,10,0,38,0,11,0,21,0,22,0,15,0,0,0,16,0,0,0,0,0,8,0,0,0,54,12,8,64,5,1,0,10,84,0,0,9,1,0,0,0,0,0,36,0,0,0,42,0,0,0,0,0,0,0,0,0,0,0,0,0,0,0,5,0,0,0,0,0,0,0,0,0,0,0,0,0,0,0,0,0,0,0,0,0,0,0,0,0,0,0,0,0,0,0,0,0,0,0,0,0,44,0,2,0,0,0,0,0,0,0,160,0,248,0,27,0,54,0,0,0,0,0,0,0,0,0,87,0,33,0,71,0,0,0,0,0,0,0,2,0,8,0,56,0,43,0,0,0,44,2,0,0,0,0,17,0,0,0,0,0,0,0,0,0,0,0,0,0,0,0,0,0,0,0,0,0,0,0,0,0,0,0,20,169,44,22,19,0,4,0,0,0,0,0,0,0,0
47,130,51,0,0,0,0,239,43,36,0,0,0,0,0,0,9,164,0,0,0,85,21,81,81,52,0,0,0,47,0,34,1,38,0,0,0,23,0,20,0,0,0,0,0,0,0,0,0,0,0,0,6,100,0,110,0,29,0,0,0,97,9,0,0,0,0,0,0,0,0,0,0,0,0,0,0,0,0,0,0,0,0,0,0,7,0,0,0,0,0,0,0,0,0,0,0,0,0,0,0,6,0,0,0,0,0,0,0,0,0,0,0,0,0,0,0,0,0,0,0,0,0,0,0,0,0,0,0,28,0,0,0,0,0,0,0,0,0,273,0,99,0,57,0,66,0,0,0,0,0,0,0,0,0,99,0,64,0,149,0,0,0,0,0,0,0,0,0,2,0,0,0,1,0,0,11,61,0,0,0,0,0,43,0,0,0,0,0,0,0,0,0,0,0,0,0,0,0,0,0,0,0,0,0,0,0,0,0,0,0,0,0,0,14,0,0,0,27,349,7,7,0,0,0
26,0,25,0,30,0,25,0,235,0,3,0,11,0,0,0,0,0,0,0,0,0,0,0,0,2,0,0,0,0,0,0,0,0,0,0,0,0,0,0,0,0,0,0,0,0,0,0,3,0,0,0,4,0,5,2,31,2,119,42,0,0,1,0,0,59,149,0,0,0,0,0,3,0,0,0,0,0,0,0,0,0,0,0,0,0,0,0,0,0,0,0,0,0,0,0,0,0,0,0,0,1,0,0,0,0,0,0,0,0,0,0,0,0,0,0,0,0,0,0,0,0,0,0,6,0,6,0,0,0,4,0,0,0,0,0,0,0,0,49,0,11,0,0,0,8,0,0,4,0,4,0,0,0,0,21,0,1,1,0,616,76,0,0,0,0,0,0,0,0,0,0,0,0,19,0,0,0,0,0,264,35,6,0,215,7,0,0,0,0,0,0,0,0,0,0,0,1,0,0,0,0,0,0,0,0,0,0,0,0,67,61,0,0,105,0,0,0,0,0,0,0,0,0,0
0,87,0,0,3,0,0,21,0,141,0,43,0,0,0,11,0,0,0,20,0,0,0,0,0,0,0,6,0,0,0,0,0,0,0,0,0,0,0,0,0,0,0,0,0,0,0,3,0,0,0,0,0,0,4,0,14,2,31,177,0,0,0,0,59,0,0,832,0,0,0,6,0,0,0,11,0,0,0,0,0,0,0,0,0,0,0,0,0,0,0,0,0,0,0,1,0,0,0,0,0,0,0,0,0,0,0,0,0,0,0,0,0,0,0,0,0,0,0,0,0,0,0,0,0,73,0,55,20,1,94,160,0,0,0,0,0,25,31,8,0,0,0,0,37,31,0,54,0,236,0,19,0,0,0,0,3,0,0,0,85,454,0,4,0,0,0,0,0,0,0,0,0,0,8,15,0,0,0,0,57,179,0,0,0,66,0,2,0,0,0,0,0,0,0,0,0,0,0,0,0,0,0,0,0,0,0,1,0,0,0,0,0,0,77,0,0,0,66,11,0,0,0,0,0
8,0,0,0,0,0,15,0,147,0,2,0,0,0,0,0,0,0,0,0,0,0,0,0,0,0,0,0,0,0,0,0,0,0,0,0,0,0,0,0,0,0,0,0,1,0,0,0,0,0,0,0,1,15,1,58,12,42,260,247,0,0,0,0,149,0,0,68,0,0,0,0,0,0,0,0,0,0,0,0,0,0,0,0,0,0,0,0,0,0,0,0,0,0,0,0,0,0,0,0,0,0,0,0,0,0,0,0,0,0,0,0,0,0,0,0,0,0,0,0,0,0,0,0,2,0,0,0,0,0,0,0,0,0,0,0,0,0,0,0,0,0,0,0,0,0,0,0,4,0,0,0,0,0,0,13,0,0,1,3,6,4,0,0,0,0,0,0,0,0,20,0,3,0,7,0,15,0,0,0,46,0,0,0,440,8,0,0,0,0,0,0,0,0,0,0,0,0,0,0,0,0,0,0,0,0,0,0,0,0,109,66,27,0,61,0,0,0,0,0,0,0,0,0,0
0,21,0,0,0,0,0,0,54,175,0,15,0,0,0,0,0,0,0,3,0,0,0,1,0,0,0,5,0,0,0,0,0,0,0,0,0,0,0,0,0,0,0,0,0,0,0,0,0,0,0,0,39,0,74,7,65,40,236,210,0,0,0,0,0,832,68,0,0,0,0,0,0,0,0,0,0,0,0,0,0,0,0,0,0,0,0,0,0,0,0,0,0,0,0,0,0,0,0,0,0,0,0,0,0,0,0,0,0,0,0,0,0,0,0,0,0,0,0,0,0,0,0,0,0,44,0,27,0,3,0,157,0,0,0,0,0,0,1,0,0,0,0,1,5,0,0,19,0,52,0,0,0,3,21,0,4,3,0,0,0,74,0,0,0,1,0,0,0,0,0,0,0,0,7,7,0,10,0,0,29,42,0,0,26,476,0,0,0,0,0,0,0,0,0,0,0,0,0,0,0,0,0,0,0,0,0,0,0,0,0,0,0,0,169,0,0,0,139,121,0,0,0,0,0
0,0,0,0,0,0,0,0,0,0,0,0,0,0,0,0,0,0,0,0,0,0,0,0,0,0,0,0,0,0,0,0,0,0,0,0,0,0,0,0,0,0,0,0,0,0,0,0,7,0,0,0,0,0,0,0,0,0,0,0,0,0,0,0,0,0,0,0,0,0,0,0,0,0,0,0,75,0,17,0,14,0,61,0,0,0,15,0,0,0,0,0,71,0,21,0,0,0,0,0,27,0,251,0,0,0,92,0,53,0,5,0,36,0,49,0,0,0,0,0,0,0,0,0,0,0,0,0,0,0,0,0,0,0,0,0,0,0,0,0,0,0,0,0,0,0,0,0,0,0,0,0,0,0,0,0,0,0,0,0,0,0,1,0,19,0,0,0,129,0,15,0,0,0,0,0,0,0,0,0,0,0,0,0,0,0,0,0,0,0,0,1,0,0,79,0,0,0,0,0,0,0,0,0,0,0,0,0,0,0,71,6,91,0,0,92,77,0,0,0,0,0,0,0,0
0,0,0,0,0,0,0,1,0,0,0,0,0,0,0,0,0,0,0,0,0,0,0,0,0,0,0,0,0,0,0,0,0,0,0,0,0,0,0,0,0,0,0,0,0,9,0,0,0,0,0,3,0,0,0,0,0,0,0,1,0,2,0,0,0,0,0,0,0,0,0,0,0,0,0,0,0,54,0,0,0,0,0,51,0,0,0,15,0,12,0,0,0,139,0,30,0,0,0,0,0,5,0,230,0,0,0,0,0,12,0,3,0,0,0,0,0,8,0,0,0,0,0,0,0,0,0,0,0,0,0,0,0,0,1,0,0,0,0,2,0,0,0,5,0,0,0,0,0,0,0,0,0,0,0,0,0,2,0,0,0,0,0,1,0,12,0,0,0,109,0,2,0,0,0,0,0,0,0,0,0,0,0,0,0,0,0,0,0,0,0,0,0,0,0,0,0,0,0,0,0,0,0,0,0,0,0,0,0,0,0,0,0,0,0,0,0,0,27,12,71,0,26,132,3
0,0,0,0,0,0,0,0,0,0,0,0,0,0,0,0,62,0,0,0,92,0,0,0,0,0,0,0,12,0,14,0,6,0,0,0,87,0,14,0,0,0,23,0,0,0,0,0,2,0,41,0,0,0,0,0,0,0,0,0,11,0,36,0,0,0,0,0,0,0,0,0,184,0,301,0,9,0,163,0,0,0,0,0,0,0,17,0,0,0,0,0,0,0,4,0,0,0,0,0,0,0,0,0,0,0,0,0,0,0,0,0,0,0,0,0,0,0,0,0,0,0,5,0,60,0,0,0,11,0,27,0,23,4,0,0,18,0,12,5,131,9,32,0,79,0,0,0,27,0,55,0,0,0,2,0,9,0,0,0,1,4,75,0,0,0,0,0,25,0,29,0,22,0,0,0,0,0,0,0,50,0,0,0,27,0,0,0,0,0,0,0,0,0,0,0,0,0,0,0,0,0,0,0,0,0,0,0,16,0,11,0,16,0,0,0,2,0,0,0,0,0,0,0,0
0,0,0,0,0,0,0,0,0,0,0,1,0,0,0,0,0,0,0,0,0,0,0,7,0,0,0,0,0,0,0,0,0,0,0,0,0,0,0,0,0,0,0,18,0,0,0,0,0,0,0,0,0,0,0,0,0,0,0,0,0,0,0,0,0,6,0,0,0,0,0,0,0,357,0,225,0,23,2,24,0,0,0,0,0,0,0,150,0,0,0,0,0,0,0,0,0,0,0,0,0,0,0,0,0,0,0,0,0,0,0,0,0,0,0,0,0,0,0,0,0,1,0,9,0,107,0,0,0,9,0,0,0,14,0,0,0,0,0,9,0,68,0,29,0,93,0,0,0,65,0,21,0,21,0,0,0,0,0,2,0,0,0,43,0,1,0,0,0,6,0,6,0,7,0,0,0,0,0,0,0,0,0,0,0,19,0,0,0,0,0,0,0,0,0,0,0,0,0,0,0,0,0,0,0,0,0,0,0,0,0,0,0,0,9,0,0,0,37,0,38,0,0,0,0
0,0,0,0,0,0,0,0,0,0,0,0,0,0,8,0,19,0,0,0,41,0,0,0,0,0,0,0,0,0,0,0,0,0,0,0,24,0,3,0,0,0,0,0,3,0,0,0,0,0,0,0,0,0,0,0,0,0,0,0,0,0,0,0,3,0,0,0,0,0,184,0,0,0,112,0,29,0,189,0,2,0,16,0,0,0,4,0,0,0,0,0,1,0,0,0,0,0,0,0,0,0,0,0,0,0,0,0,0,0,0,0,0,0,0,0,0,0,0,0,44,0,0,0,37,0,0,0,9,3,22,7,19,0,70,0,42,0,0,2,131,3,164,0,66,0,0,0,12,0,0,0,17,0,0,0,1,0,0,0,0,3,78,0,0,0,0,0,12,0,8,0,0,0,7,0,0,0,0,0,43,0,0,0,24,0,0,0,0,0,0,0,0,0,0,0,0,0,0,0,44,0,0,0,0,0,0,0,94,0,300,0,17,2,15,0,0,0,0,0,0,0,0,0,0
0,0,0,0,0,0,0,0,0,0,0,0,0,0,0,0,0,0,0,0,0,0,0,0,0,0,0,0,0,0,0,0,0,0,0,0,0,0,0,0,0,0,0,0,0,0,0,0,0,0,0,0,0,0,0,0,0,0,0,3,0,0,0,0,0,0,0,0,0,0,0,357,0,0,0,297,0,78,0,45,0,15,0,16,0,113,0,126,0,0,0,0,0,0,0,0,0,0,0,0,0,2,0,0,0,0,0,11,0,0,0,0,0,0,0,0,0,0,0,0,0,40,0,42,0,78,0,0,0,0,0,10,0,21,0,0,0,0,0,0,0,73,0,150,0,118,0,0,0,43,0,0,1,12,0,0,0,0,0,1,0,0,0,27,0,1,0,2,0,4,0,11,0,7,0,0,0,0,0,0,0,0,0,0,0,9,0,0,0,0,0,0,0,0,0,0,0,0,0,0,0,81,0,0,0,0,0,0,0,65,0,0,0,0,16,0,0,0,133,5,9,4,0,0,0
0,0,0,0,0,0,0,0,0,0,0,0,0,0,22,0,86,0,0,0,96,0,0,0,0,0,0,0,0,0,0,0,0,0,0,0,86,0,9,0,0,0,25,0,0,0,0,0,0,0,30,0,0,0,0,0,0,0,0,0,8,0,42,0,0,0,0,0,0,0,301,0,112,0,0,0,15,0,245,1,38,1,27,0,21,0,92,0,0,0,0,2,0,0,14,0,0,0,48,0,23,1,0,0,0,0,0,3,0,0,0,0,0,0,0,0,0,0,0,0,138,0,30,0,38,0,0,0,20,0,32,0,22,0,77,0,30,9,10,0,180,0,148,0,73,0,0,0,30,10,97,0,51,0,0,0,0,0,3,0,0,0,62,0,0,0,0,0,29,0,0,0,29,0,46,0,0,0,0,0,119,0,0,0,17,0,0,0,0,0,0,0,0,0,0,0,0,0,0,0,0,0,0,0,0,0,0,0,76,0,24,0,0,0,0,0,0,0,0,0,0,0,0,0,0
0,0,0,0,0,0,0,0,0,0,0,0,0,0,0,0,0,0,0,0,0,0,0,0,0,2,0,0,0,2,0,0,0,0,0,0,0,0,0,2,0,0,0,0,0,0,0,0,0,0,0,0,0,0,0,0,0,0,0,0,0,0,0,0,0,11,0,0,0,0,0,225,0,297,0,0,0,30,0,103,0,0,0,0,0,12,0,250,0,0,0,0,0,0,0,0,0,0,0,0,0,0,0,0,0,0,0,0,0,0,0,0,0,0,0,0,0,0,0,0,0,59,0,33,0,96,0,49,7,5,13,42,0,0,0,72,0,39,0,0,0,61,0,123,0,162,0,0,0,92,0,0,0,42,0,1,0,0,0,0,0,8,0,61,0,0,0,0,0,0,0,13,0,9,0,4,0,0,0,0,0,37,0,0,0,21,0,0,0,0,0,0,0,0,0,0,0,0,0,0,0,6,0,0,0,0,0,0,0,0,0,0,0,0,10,0,0,0,57,0,47,6,0,2,0
0,0,0,0,0,0,0,0,1,0,0,0,0,0,0,0,0,0,0,0,0,0,0,0,0,0,0,0,0,0,0,0,0,0,0,0,0,0,0,0,0,0,0,0,0,0,0,0,2,0,0,0,0,0,0,0,1,0,0,0,0,0,0,0,0,0,0,0,75,0,9,0,29,0,15,0,0,0,16,0,7,0,63,0,0,0,14,0,8,0,0,0,126,0,10,0,0,0,0,0,8,0,94,0,0,0,30,0,2,0,0,0,2,0,4,0,0,0,0,0,3,0,6,0,0,0,0,0,0,0,0,0,0,0,43,0,0,0,0,0,0,0,17,0,0,0,0,0,0,0,3,0,0,0,0,0,0,0,0,0,3,0,0,0,2,0,0,0,19,0,0,0,0,0,0,0,0,0,0,0,0,0,0,0,0,0,0,0,52,0,0,0,50,0,44,0,0,0,0,0,32,0,0,0,88,0,0,0,0,0,31,0,11,0,0,20,0,0,0,0,0,0,0,0,0
0,0,0,0,0,0,0,0,0,0,0,0,0,0,0,0,0,0,0,0,0,0,0,0,0,0,0,0,0,0,0,0,0,0,0,0,0,0,0,0,0,0,0,0,0,0,0,0,0,2,0,0,0,0,0,0,0,0,0,0,0,0,0,0,0,0,0,0,0,54,0,23,0,78,0,30,0,0,0,11,0,38,0,155,0,0,0,117,0,7,0,0,0,48,0,39,0,0,0,0,0,4,0,37,0,21,0,0,0,4,0,0,0,0,0,0,0,9,0,0,0,12,0,18,0,0,0,0,0,0,0,0,0,0,0,41,0,0,0,0,0,0,0,0,0,0,0,13,0,0,0,13,0,12,0,0,0,0,0,0,0,0,0,1,0,16,0,0,0,77,0,0,0,0,0,0,0,0,0,1,0,0,0,0,0,0,0,0,0,0,0,0,0,0,0,47,0,0,0,0,0,0,0,86,0,0,0,0,0,0,0,0,0,0,15,0,0,0,67,9,29,6,3,3,0
0,0,0,0,0,0,0,0,0,0,0,0,0,0,0,0,0,0,0,0,0,0,0,0,0,0,0,0,0,0,0,0,0,0,0,0,0,0,0,0,0,0,0,0,0,0,0,0,5,0,0,0,0,0,0,0,0,0,0,0,0,0,0,0,0,0,0,0,17,0,163,2,189,0,245,0,16,0,0,0,19,0,146,0,80,0,50,0,0,0,0,0,65,0,18,0,21,0,9,0,3,0,0,0,0,0,0,0,1,0,0,0,0,0,0,0,0,0,0,0,132,0,35,0,0,0,0,0,4,0,19,0,0,0,106,0,0,0,0,0,92,0,199,0,20,0,0,0,0,0,0,0,0,0,1,0,0,0,0,0,0,0,16,0,5,0,0,0,24,0,0,0,0,0,0,0,0,0,0,0,0,0,0,0,12,0,0,0,0,0,0,0,82,0,40,0,0,0,144,0,113,0,138,0,145,0,0,0,86,0,277,3,36,0,19,24,0,0,0,0,0,0,0,0,0
0,0,0,0,0,0,0,0,0,0,0,0,0,0,0,0,0,0,0,0,0,0,0,0,0,0,0,0,0,0,0,0,0,0,0,0,0,0,0,0,0,0,0,0,0,0,0,0,0,0,0,7,0,0,0,0,0,0,0,0,0,0,0,0,0,0,0,0,0,0,0,24,0,45,1,103,0,11,0,0,0,2,0,0,0,20,0,75,0,0,0,0,0,0,0,0,0,0,0,0,0,0,0,0,0,0,0,0,0,0,0,0,0,0,0,0,0,0,0,0,0,8,0,15,0,0,0,0,0,0,0,17,0,0,0,32,0,0,0,8,0,54,0,67,0,49,0,0,0,33,0,0,0,0,0,0,0,0,0,0,0,2,0,7,0,0,0,0,0,0,0,0,0,5,0,0,0,0,0,0,0,0,0,0,0,2,0,0,0,0,0,0,0,0,0,0,0,0,0,0,0,0,0,0,0,1,0,0,0,0,0,0,0,0,2,0,0,0,24,3,0,0,0,0,0
