0,190,22,63,16,0,17,93,33,71,227,0,74,0,0,0,111,140,0,0,0,0,77,134,27,252,19,0,93,8,10,0,170,0,0,0,72,0,369,0,5,0,0,0,0,0,12,0,26,0,0,0,0,7,0,42,0,0,4,0,68,0,21,77,22,0,7,0,0,0,0,0,0,0,0,0,0,0,0,0,0,0,0,0,0,0,0,0,0,0,0,0,0,0,0,0,0,0,0,0,0,0,0,0,0,0,0,0,0,0,0,0,0,0,0,0,1,0,1,0,0,0,0,0,0,0,19,0,0,0,14,0,0,0,6,0,7,0,0,0,0,0,0,0,0,0,26,0,17,0,43,0,0,0,0,0,0,0,0,0,0,0,4,0,0,0,0,0,83,0,77,0,567,0,0,0,372,217,18,0,0,0,51,0,26,3,0,0,0,0,0,0,0,0,0,0,0,0,0,0,4,0,0,0,0,0,9,0,40,0,707,139,531,140,336,0,0,0,0,0,0,0,0,0,0
190,0,205,71,0,168,32,62,0,63,17,252,0,69,0,56,161,48,0,150,4,21,235,21,180,52,0,187,2,129,5,31,0,286,0,0,0,327,0,424,0,16,0,0,0,59,0,77,0,23,0,0,0,0,0,41,0,0,0,8,0,72,3,61,0,84,0,7,0,1,0,5,0,0,0,0,0,0,0,0,0,0,0,0,0,0,0,0,0,0,0,0,0,0,0,0,0,0,0,0,0,0,0,0,0,0,0,0,0,0,0,0,0,0,0,0,0,0,0,0,0,0,0,0,0,25,0,30,0,0,0,0,0,8,0,0,0,21,0,0,0,0,0,0,0,0,0,29,0,116,0,185,0,179,0,2,0,0,0,0,0,0,0,0,0,6,0,25,0,47,0,16,0,359,0,68,117,504,0,2,0,230,10,55,0,180,0,0,0,0,0,0,0,0,0,0,0,6,0,1,0,0,0,0,0,5,0,16,0,48,11,2,0,0,417,0,0,0,925,249,472,260,2,41,0
22,205,0,83,225,0,41,0,20,0,125,68,80,0,95,92,72,127,56,0,16,0,807,183,120,150,45,0,250,0,108,0,402,0,0,0,125,0,404,32,29,0,0,0,23,0,47,0,19,0,8,0,0,0,34,0,0,0,2,0,0,0,6,37,10,0,2,0,0,0,0,0,4,0,0,0,0,0,0,0,0,0,0,0,0,0,0,0,0,0,0,0,0,0,0,0,0,0,0,0,0,0,0,0,22,0,0,0,0,0,0,0,0,0,0,0,0,0,0,0,0,0,0,0,12,0,41,0,0,0,18,0,35,0,61,0,26,0,0,0,0,0,55,0,0,0,34,0,36,0,92,0,0,0,0,0,0,0,0,0,0,0,0,0,0,0,64,0,84,0,0,0,527,0,0,0,229,155,0,0,0,0,13,0,20,0,0,0,0,0,0,0,0,0,0,0,0,0,0,0,17,0,0,0,7,0,21,0,122,0,578,99,382,0,302,0,7,10,0,0,0,0,0,0,0
63,71,83,0,16,193,0,100,0,0,0,17,0,13,9,157,63,34,0,126,0,35,97,168,0,251,0,70,4,296,3,76,9,359,0,0,0,150,0,291,0,0,0,0,0,0,0,0,0,0,0,0,0,0,0,120,2,0,0,0,0,19,0,0,0,0,0,0,0,0,0,0,0,0,0,0,0,0,0,0,0,0,0,0,0,0,0,0,0,0,0,0,0,0,0,0,0,9,0,0,0,0,0,0,0,0,0,0,0,0,0,0,0,0,0,0,0,0,0,0,0,0,0,3,0,0,0,19,0,0,0,0,0,0,0,22,0,0,0,0,0,0,0,0,0,0,0,0,0,35,0,15,0,0,0,0,0,0,0,0,0,0,0,0,0,3,0,0,0,0,0,2,0,163,0,0,27,100,0,0,0,0,0,0,0,0,0,0,0,0,0,0,0,0,0,0,0,1,0,0,0,0,0,0,0,0,0,14,0,38,0,0,0,0,140,0,0,0,273,53,245,0,0,0,0
16,0,225,16,0,370,10,0,0,0,168,173,293,224,97,232,0,0,66,206,136,103,165,100,0,0,204,85,0,0,274,0,385,0,596,0,398,0,0,0,121,0,0,0,51,0,136,0,18,0,118,8,0,0,0,0,0,0,0,0,0,0,0,0,25,0,0,0,0,0,0,0,0,0,0,0,0,0,0,0,0,0,0,0,0,0,0,0,0,0,0,0,0,0,0,0,0,0,0,0,0,0,0,0,0,0,0,0,0,0,0,0,0,0,0,0,0,0,0,0,0,0,0,0,0,0,28,0,0,0,6,0,0,0,42,0,28,0,0,0,0,0,0,0,0,0,42,0,91,0,199,0,86,0,0,0,0,0,0,0,0,0,0,0,0,0,270,0,165,0,12,0,448,0,7,0,355,160,69,0,38,0,59,0,104,0,0,0,0,0,0,0,0,0,0,0,8,0,0,0,0,0,0,0,0,0,0,0,109,0,537,355,489,0,178,1,0,0,0,0,0,0,0,0,0
0,168,0,193,370,0,0,63,0,5,197,172,217,269,484,139,0,12,103,229,237,127,135,20,0,9,0,404,0,177,22,310,19,635,0,137,0,368,0,0,0,53,0,0,0,0,0,233,0,6,0,0,0,0,0,14,0,13,0,0,0,0,0,17,0,16,0,0,0,0,0,0,0,0,0,41,0,0,0,0,0,97,0,0,0,0,0,0,0,0,0,0,0,0,0,0,0,0,0,32,0,0,0,0,0,0,0,0,0,0,0,0,0,0,0,0,0,0,0,0,0,0,0,0,0,0,0,0,0,0,0,9,0,0,0,0,0,0,0,0,0,0,0,121,0,49,0,0,0,33,0,56,2,0,0,0,0,0,0,0,0,0,0,14,0,0,0,267,0,195,0,0,0,202,0,0,213,471,35,43,0,59,0,0,0,0,0,10,0,0,0,4,0,0,0,0,0,0,0,0,0,0,0,0,0,0,0,12,0,24,0,0,0,0,194,0,0,0,771,610,614,89,0,0,0
17,32,41,0,10,0,0,0,153,138,39,0,10,0,0,1,24,0,0,0,16,0,12,0,403,94,0,0,50,0,0,0,0,0,0,0,11,0,140,0,0,0,0,0,8,0,8,0,29,0,0,0,45,89,158,107,15,0,14,0,147,0,231,75,5,0,44,27,0,0,0,0,0,0,0,0,0,0,0,0,0,0,0,0,0,0,0,0,0,0,4,0,0,0,0,0,0,0,0,0,0,0,0,0,0,0,0,0,0,0,0,0,0,0,0,0,0,0,0,0,0,0,0,0,67,0,78,0,0,0,287,0,80,0,60,0,69,3,0,0,6,0,31,4,0,0,28,0,17,0,29,0,3,0,5,0,0,0,1,0,48,0,0,0,0,0,0,0,44,0,448,0,359,0,0,0,65,30,0,0,0,0,0,0,0,13,0,0,0,0,0,0,0,0,0,0,0,0,0,0,14,0,0,0,0,0,14,0,141,0,529,33,513,354,593,0,80,9,0,0,0,0,0,0,0
93,62,0,100,0,63,0,0,65,65,0,14,0,15,0,50,0,33,0,61,0,23,28,41,203,215,0,54,0,154,0,12,0,0,0,0,1,0,10,489,0,0,0,0,0,0,0,0,0,0,0,0,0,101,0,534,0,25,0,8,0,158,30,203,0,15,0,0,0,1,0,1,0,0,1,0,0,0,0,0,0,0,0,0,0,0,0,0,0,0,0,0,0,1,0,0,0,0,0,0,0,0,0,0,0,0,0,0,0,0,0,0,0,0,0,0,0,0,0,0,0,0,0,0,0,17,0,0,0,0,0,20,0,0,0,0,0,0,0,0,0,0,0,0,0,0,0,0,0,13,0,0,0,0,0,0,0,0,0,0,0,0,0,0,0,0,0,0,0,79,0,143,0,352,0,2,36,72,0,0,0,0,0,12,0,0,0,0,0,0,0,0,0,0,0,0,0,2,0,0,0,0,0,2,0,1,0,12,0,15,0,6,0,0,542,0,0,0,570,46,511,508,0,134,0
33,0,20,0,0,0,153,65,0,175,42,0,0,0,0,0,87,10,0,0,0,0,1,0,66,110,0,0,7,1,0,0,5,0,0,0,0,0,48,0,0,0,0,0,0,0,6,0,19,0,0,0,126,190,94,202,23,0,146,0,138,0,298,36,132,0,57,48,4,0,0,1,0,0,0,0,0,0,1,0,0,0,0,0,0,0,0,0,0,0,0,0,0,0,0,0,0,0,0,0,0,0,0,0,0,0,0,0,0,0,0,0,0,0,0,0,0,0,0,0,0,0,0,0,27,0,46,0,0,0,79,0,31,0,12,0,21,0,0,0,3,0,0,0,0,0,79,0,87,0,77,0,31,0,5,0,5,0,0,0,7,0,0,0,0,0,0,0,25,0,209,0,149,0,0,0,201,32,1,0,0,0,11,0,168,21,0,0,0,0,0,0,0,0,0,0,0,0,0,0,2,0,0,0,0,0,10,0,121,0,475,49,302,202,435,6,39,0,0,0,0,0,0,5,0
71,63,0,0,0,5,138,65,175,0,0,29,0,0,0,3,67,10,0,19,0,0,3,0,317,11,0,15,0,0,0,0,0,10,0,0,0,8,5,49,0,0,0,0,0,6,0,0,0,4,0,0,62,185,82,309,2,109,0,116,10,332,110,253,0,482,0,167,0,0,0,0,0,0,0,0,0,0,0,0,0,0,0,0,0,1,0,0,0,0,0,0,0,0,0,0,0,0,0,0,0,0,0,0,0,0,0,0,0,0,0,0,0,0,0,0,0,0,0,0,0,0,0,0,0,80,0,31,0,0,0,74,0,16,0,0,0,0,0,0,0,0,0,0,0,0,0,27,0,134,0,47,0,22,0,0,0,39,0,0,0,4,0,0,0,8,0,5,0,52,0,239,0,125,0,0,127,211,0,0,0,9,7,23,1,190,0,0,0,0,0,0,0,0,0,0,0,0,0,0,0,0,0,0,0,0,0,31,0,61,14,0,27,13,434,0,0,0,718,81,407,469,0,95,0
227,17,125,0,168,197,39,0,42,0,0,79,331,0,26,188,31,18,0,0,33,33,57,152,1,0,44,0,23,0,145,0,323,0,50,0,340,0,9,0,50,0,0,0,52,0,61,0,15,0,18,0,0,0,0,0,0,0,5,0,0,0,0,0,11,0,0,0,0,0,0,0,0,0,0,0,0,0,0,0,0,0,0,0,0,0,0,0,0,0,0,0,0,0,0,0,0,0,0,0,0,0,0,0,0,0,0,0,0,0,0,0,0,0,0,0,0,0,2,0,0,0,0,0,18,0,0,0,0,0,19,0,17,0,13,0,0,0,0,0,0,0,0,0,0,0,38,0,19,0,89,0,50,0,0,0,0,0,0,0,0,0,3,0,0,0,116,3,45,0,11,0,187,2,0,0,481,136,116,0,31,0,79,0,60,0,19,0,0,0,0,0,0,0,0,0,0,0,0,0,0,0,0,0,0,0,0,0,66,0,349,230,312,0,74,0,0,0,0,5,0,0,0,0,0
0,252,68,17,173,172,0,14,0,29,79,0,31,366,251,11,18,2,30,126,92,32,135,0,0,0,0,281,0,59,9,0,10,389,0,37,2,353,0,0,0,59,0,6,0,78,0,249,0,66,0,15,0,0,0,0,0,0,0,2,0,0,0,12,0,15,0,4,0,0,0,10,0,0,0,0,0,0,0,0,0,0,0,0,0,0,0,0,0,0,0,0,0,0,0,0,0,0,0,18,0,0,0,0,0,0,0,1,0,0,0,0,0,0,0,0,0,0,0,0,0,0,0,0,0,0,0,0,0,0,0,4,0,0,0,0,0,0,0,0,0,0,0,63,0,0,0,0,0,17,0,78,0,98,0,0,0,0,0,0,0,0,0,0,0,4,0,126,0,45,0,5,0,114,0,99,147,638,10,55,0,171,0,36,0,86,0,16,0,0,0,0,0,0,0,0,0,0,0,0,0,0,0,0,0,0,0,0,0,0,0,0,0,0,72,0,0,0,311,294,217,0,0,0,0
74,0,80,0,293,217,10,0,0,0,331,31,0,477,53,46,0,0,71,377,80,79,0,0,0,0,184,644,0,0,0,0,0,0,303,33,47,0,0,0,230,38,99,0,84,0,208,91,20,4,407,0,0,0,0,0,0,0,0,0,0,0,0,0,0,0,1,0,0,0,0,0,0,0,0,0,0,0,0,0,0,0,0,0,0,0,0,0,0,0,0,0,0,0,0,0,12,0,0,0,0,0,4,0,0,0,0,0,0,0,0,0,0,0,0,0,0,0,0,0,0,0,0,0,0,0,0,0,0,0,0,0,0,0,0,0,0,0,0,0,0,0,0,0,0,0,14,0,21,0,51,0,31,0,0,0,0,0,0,0,0,0,0,0,68,0,34,0,83,0,0,0,34,0,0,0,366,176,218,0,35,0,60,0,48,0,260,6,0,0,0,0,0,0,0,0,0,0,0,0,0,0,0,0,0,0,12,0,50,0,44,194,259,0,9,0,0,0,0,32,0,0,0,0,0
0,69,0,13,224,269,0,15,0,0,0,366,477,0,63,7,0,0,416,47,170,17,0,0,0,0,343,113,0,0,0,0,0,0,0,176,0,44,0,0,91,243,0,81,0,28,0,262,0,53,89,217,0,0,0,0,0,0,0,0,0,0,0,0,0,0,0,0,0,0,0,0,0,0,0,0,0,0,0,0,0,0,0,0,0,0,0,0,0,0,0,0,0,0,0,0,0,0,0,0,0,0,0,0,0,0,0,0,0,0,0,0,0,0,0,0,0,0,0,0,0,0,0,0,0,0,0,0,0,0,0,0,0,0,0,0,0,0,0,0,0,0,0,0,0,18,0,0,0,0,0,0,0,0,0,0,0,0,0,1,0,0,0,4,1,0,0,30,0,132,0,0,0,0,0,49,63,761,14,162,0,71,0,24,0,0,40,70,0,0,0,0,0,0,0,0,0,0,0,0,0,0,0,0,0,10,0,0,0,0,0,0,0,0,0,0,0,0,127,498,322,30,0,0,0
0,0,95,9,97,484,0,0,0,0,26,251,53,63,0,256,52,3,195,89,273,85,314,91,67,0,163,0,0,0,307,24,140,0,152,45,125,28,0,0,0,0,0,0,21,0,29,0,3,5,29,0,0,0,0,0,0,0,0,0,0,0,0,0,0,0,0,0,0,0,0,0,0,0,0,0,0,0,0,0,0,0,0,0,0,0,0,0,0,0,0,0,0,0,0,0,0,0,0,0,0,0,0,0,0,0,0,0,0,0,0,0,0,0,0,0,0,0,0,0,0,0,0,0,0,0,0,0,0,0,0,1,0,0,24,0,36,0,0,0,0,0,0,0,0,0,0,0,16,1,0,0,0,0,0,0,0,0,0,0,0,0,3,0,0,0,120,0,31,0,3,0,110,0,0,0,103,63,7,0,0,0,2,0,0,0,0,0,0,0,0,0,0,0,0,0,5,0,0,0,21,0,0,0,0,0,8,0,30,0,66,100,135,0,29,1,0,0,0,8,11,0,0,0,0
0,56,92,157,232,139,1,50,0,3,188,11,46,7,256,0,45,39,0,230,104,232,195,89,0,187,0,92,2,16,19,137,0,90,0,106,13,219,0,15,0,0,0,4,0,0,0,0,0,0,0,12,0,0,0,86,0,0,0,0,0,0,0,0,0,15,0,0,0,0,0,0,0,0,0,0,0,0,0,0,0,34,0,0,0,68,0,9,0,0,0,0,0,0,0,0,0,17,0,0,0,0,0,2,0,0,0,0,0,0,0,0,0,0,0,0,0,0,0,0,0,0,0,11,0,0,0,0,0,0,0,0,0,0,0,0,0,71,0,6,0,0,0,25,0,7,0,0,0,29,0,48,0,23,0,1,0,0,0,4,0,0,0,3,0,0,0,94,0,0,0,0,0,47,0,0,99,130,26,9,0,16,0,0,0,20,0,0,0,0,0,0,0,0,0,0,0,0,0,0,0,31,0,0,0,0,0,28,0,32,6,0,0,0,42,0,0,0,234,330,91,20,0,0,0
111,161,72,63,0,0,24,0,87,67,31,18,0,0,52,45,0,140,171,0,425,0,109,128,62,225,138,0,310,0,119,0,272,0,0,0,31,0,257,15,0,0,0,0,88,0,24,0,8,0,0,0,173,18,16,39,13,0,0,0,20,0,362,70,0,0,0,0,0,0,47,0,0,0,46,0,8,0,0,0,0,2,0,0,554,0,25,0,0,0,123,0,0,0,0,0,329,0,78,0,17,0,0,0,55,0,174,0,0,0,0,0,0,0,0,0,1,0,0,0,98,0,150,0,1,0,5,0,61,0,0,0,0,0,14,0,392,0,97,0,226,0,396,0,10,0,0,0,0,0,0,0,0,0,53,0,0,0,29,0,4,0,0,0,0,0,10,0,54,0,24,0,174,0,0,0,93,95,0,0,0,0,130,0,0,0,0,0,0,0,0,0,0,0,0,0,0,0,0,0,109,0,0,0,0,0,0,0,0,0,80,56,114,33,53,0,0,0,0,0,0,0,0,0,0
140,48,127,34,0,12,0,33,10,10,18,2,0,0,3,39,140,0,0,148,0,246,162,143,106,84,0,0,0,269,0,31,10,70,0,0,0,0,0,256,0,1,0,0,0,19,0,0,0,7,0,0,0,33,0,54,0,56,0,0,0,3,0,126,0,0,0,0,0,0,0,0,0,0,0,2,0,0,0,0,0,47,0,0,0,213,0,8,0,0,0,0,0,0,0,0,0,152,0,60,0,0,0,0,0,0,0,0,0,0,0,0,0,0,0,0,0,0,0,0,0,0,0,0,0,0,0,0,0,60,0,0,0,0,0,425,0,622,0,182,0,62,0,474,0,0,0,0,0,0,0,0,0,0,0,20,0,1,0,10,0,0,0,0,0,0,0,0,0,4,0,0,0,26,0,0,20,50,0,0,0,0,11,11,0,0,0,0,0,0,0,0,0,0,0,0,0,0,0,0,0,164,0,0,0,2,0,0,0,0,0,0,6,0,11,0,0,0,29,71,29,0,0,0,0
0,0,56,0,66,103,0,0,0,0,0,30,71,416,195,0,171,0,0,209,255,41,390,0,175,0,157,360,11,0,50,0,0,0,365,0,76,0,3,0,16,0,36,0,24,30,36,0,6,0,355,16,0,0,0,0,0,0,0,0,0,0,0,0,0,0,0,0,0,0,26,0,0,0,28,0,0,0,0,0,0,0,0,0,127,0,0,0,0,0,0,0,0,0,0,0,127,0,0,0,0,0,0,0,0,0,92,0,0,0,0,0,0,0,0,0,0,0,0,0,0,0,0,0,0,0,0,0,0,0,6,0,0,0,0,0,218,0,0,2,0,0,144,0,0,0,7,0,0,0,0,0,0,0,0,0,0,0,0,0,0,0,0,0,57,0,18,0,69,0,0,0,31,0,0,0,97,49,19,0,0,0,25,0,40,0,29,0,0,0,0,0,0,0,0,0,0,0,0,0,0,0,0,0,0,0,0,0,111,0,0,178,177,0,13,0,0,0,0,4,0,0,0,0,0
0,150,0,126,206,229,0,61,0,19,0,126,377,47,89,230,0,148,209,0,110,133,0,278,0,189,124,478,0,16,0,52,0,0,70,290,0,176,0,0,0,4,0,47,0,122,0,95,0,2,83,239,0,0,0,116,0,0,0,0,0,12,0,0,0,43,0,0,0,0,0,0,0,0,0,0,0,0,0,0,0,0,0,6,0,147,0,0,0,0,0,0,0,0,0,0,0,0,0,0,0,0,0,0,0,0,0,0,0,0,0,0,0,0,0,0,0,0,0,0,0,0,0,35,0,0,0,0,0,0,0,0,0,0,0,0,0,0,0,0,0,60,0,160,0,0,0,0,0,96,0,173,0,74,0,4,0,4,0,0,0,0,0,0,0,41,0,83,0,153,0,0,0,48,0,0,43,82,13,4,0,60,0,0,0,56,5,5,0,0,0,0,0,0,0,0,0,0,0,0,0,0,0,0,0,0,0,73,0,111,0,0,0,0,47,0,0,0,215,387,272,0,0,0,0
0,4,16,0,136,237,16,0,0,0,33,92,80,170,273,104,425,0,255,110,0,47,247,60,74,0,389,124,97,0,237,12,91,0,102,25,60,15,9,0,0,0,12,0,26,13,17,0,0,0,51,0,0,0,0,0,0,0,0,0,0,1,119,0,0,0,0,0,0,0,105,0,0,0,114,0,0,0,0,0,0,0,0,0,340,0,47,0,0,0,92,0,0,0,0,0,228,0,0,0,0,0,0,0,0,0,122,0,0,0,0,0,0,0,0,0,0,0,0,0,164,0,0,0,0,0,0,0,0,0,0,0,0,0,0,0,90,0,0,0,43,0,132,0,54,0,0,0,0,0,0,0,0,0,0,0,0,0,0,0,0,0,0,0,17,0,89,0,76,0,3,0,106,0,0,0,33,36,4,0,0,0,0,0,0,0,0,0,0,0,0,0,0,0,0,0,0,0,0,0,0,0,0,0,0,0,2,0,0,0,135,376,212,15,33,0,0,0,0,0,5,0,0,0,0
0,21,0,35,103,127,0,23,0,0,33,32,79,17,85,232,0,246,41,133,47,0,0,92,0,53,0,86,0,97,4,141,0,77,8,198,0,75,0,12,0,0,0,75,0,106,0,6,0,3,0,146,0,33,0,0,0,0,0,0,0,20,0,221,0,0,0,0,0,0,0,21,0,0,0,35,0,0,0,0,0,158,0,0,0,296,0,0,0,0,0,0,0,0,0,0,0,102,0,113,0,0,0,0,0,0,0,0,0,0,0,0,0,0,0,0,0,0,0,0,0,60,0,38,0,0,0,0,0,13,0,0,0,0,0,128,0,272,0,140,0,287,0,443,0,55,0,0,0,0,0,0,1,0,0,6,0,1,0,0,0,0,0,0,0,0,0,69,0,78,0,6,0,63,0,0,22,47,6,7,0,0,0,0,0,0,0,14,0,0,0,0,0,0,0,0,0,0,0,0,0,0,0,0,0,0,0,0,0,0,0,0,0,0,75,0,0,0,371,590,232,0,0,0,0
77,235,807,97,165,135,12,28,1,3,57,135,0,0,314,195,109,162,390,0,247,0,0,402,137,89,112,0,55,0,58,0,116,0,0,0,47,0,32,0,0,0,0,0,37,0,64,0,8,0,0,0,0,0,128,0,0,0,0,0,0,0,12,8,0,0,0,0,0,0,0,0,0,0,0,0,0,0,0,0,0,0,0,0,52,0,0,0,0,0,0,0,0,0,0,0,37,0,0,0,0,0,0,0,51,0,0,0,0,0,0,0,0,0,0,0,0,0,0,0,0,0,0,0,0,0,0,0,0,0,0,0,0,0,65,0,208,0,10,0,0,0,133,0,0,0,6,0,0,0,65,0,0,0,13,0,0,0,0,0,0,0,0,0,0,0,22,0,23,0,0,0,128,0,0,0,266,261,0,0,28,0,44,0,0,0,1,0,0,0,0,0,0,0,0,0,0,0,0,0,76,0,0,0,7,0,18,0,93,0,168,117,153,20,62,0,0,0,41,1,0,0,0,0,0
134,21,183,168,100,20,0,41,0,0,152,0,0,0,91,89,128,143,0,278,60,92,402,0,17,142,0,51,5,64,18,45,20,82,0,5,0,37,0,41,0,0,0,0,0,0,0,0,0,2,0,0,0,0,2,75,0,0,0,0,0,5,0,34,0,0,0,0,0,0,0,0,0,0,0,5,0,0,0,0,0,0,0,0,0,110,0,0,0,0,0,4,0,0,0,0,0,67,0,28,0,11,0,0,0,0,0,0,0,0,0,0,0,0,0,0,0,0,0,0,0,0,0,0,0,0,0,0,0,0,0,0,0,0,0,142,0,179,0,16,0,7,0,108,0,5,0,0,0,1,4,0,0,8,0,0,0,1,0,2,0,0,0,0,0,0,0,8,0,0,0,0,0,46,0,0,57,150,6,2,0,0,0,0,0,1,0,0,0,0,0,0,0,0,0,0,0,0,0,0,0,100,0,0,0,0,0,0,0,50,0,0,0,0,27,0,0,0,133,505,59,0,0,0,0
27,180,120,0,0,0,403,203,66,317,1,0,0,0,67,0,62,106,175,0,74,0,137,17,0,482,56,0,5,0,9,0,0,0,0,0,0,0,17,28,0,0,0,0,21,0,34,0,0,0,0,0,60,123,188,184,35,0,18,0,11,10,41,218,0,0,0,13,0,0,0,0,0,0,0,0,0,0,0,0,0,0,0,0,30,0,0,0,0,0,0,0,0,0,0,0,31,0,0,0,0,0,0,0,30,0,34,0,0,0,0,0,0,0,0,0,0,0,0,0,0,0,0,0,0,0,0,0,96,0,0,0,53,0,56,0,333,0,21,0,41,0,173,6,0,0,0,0,0,0,15,0,0,0,35,0,0,0,17,0,15,0,0,0,0,0,0,0,6,0,14,0,29,11,0,0,100,54,0,0,0,0,36,0,0,0,0,0,0,0,0,0,0,0,0,0,2,0,0,0,70,0,0,0,3,0,8,0,49,0,42,9,61,14,42,0,2,0,76,9,0,0,0,0,0
252,52,150,251,0,9,94,215,110,11,0,0,0,0,0,187,225,84,0,189,0,53,89,142,482,0,0,0,0,83,1,13,0,15,0,0,2,37,0,104,0,0,0,0,0,24,0,0,0,0,0,0,0,26,0,501,0,71,0,20,4,7,44,30,0,0,0,0,0,0,0,0,0,0,0,0,0,0,0,0,0,0,0,0,0,28,0,0,0,0,0,0,0,0,0,0,1,32,0,0,0,0,0,0,0,0,0,0,0,0,0,0,0,0,0,0,0,0,0,0,0,0,0,0,0,0,0,0,0,12,0,0,0,0,0,181,0,442,0,33,0,10,0,60,0,0,0,0,0,0,0,15,0,0,0,0,0,0,0,0,0,0,0,0,0,0,0,0,0,3,0,9,0,66,0,0,74,105,0,0,0,0,45,14,0,0,0,0,0,0,0,18,0,0,0,0,0,0,0,0,0,151,0,0,0,0,0,46,0,148,0,2,0,0,49,0,0,0,131,85,79,35,0,10,0
19,0,45,0,204,0,0,0,0,0,44,0,184,343,163,0,138,0,157,124,389,0,112,0,56,0,0,565,136,0,124,0,26,0,71,0,74,0,11,0,44,86,145,0,283,69,112,209,30,4,390,37,0,0,0,0,0,0,0,0,0,0,107,0,0,0,0,0,0,0,133,0,0,0,117,0,0,0,0,0,0,0,88,0,0,0,0,0,0,0,0,0,0,0,0,0,200,0,0,0,0,0,0,0,0,0,140,0,0,0,0,0,0,0,0,0,2,0,0,0,0,0,0,0,0,0,21,0,0,0,0,0,0,0,33,0,135,0,0,0,0,0,0,0,64,0,0,0,37,0,86,0,0,0,0,0,0,0,0,0,0,0,0,0,158,0,17,0,113,0,0,0,28,0,0,0,18,89,18,0,0,0,37,0,34,0,98,7,0,0,0,0,0,0,0,0,0,0,0,0,0,0,0,0,0,0,0,0,47,0,0,283,660,0,9,0,0,0,0,54,0,0,0,0,1
0,187,0,70,85,404,0,54,0,15,0,281,644,113,0,92,0,0,360,478,124,86,0,51,0,0,565,0,0,0,0,0,0,0,54,163,0,0,0,0,310,25,0,198,72,236,157,128,0,18,168,407,0,0,0,0,0,0,0,0,0,0,0,38,0,0,0,0,0,0,0,15,0,0,0,0,0,0,0,0,0,0,0,0,0,0,0,42,0,0,0,0,0,0,0,0,0,0,0,0,0,31,0,0,0,0,0,0,0,0,0,0,0,0,0,0,0,0,0,0,0,0,0,24,0,0,0,0,0,0,0,0,0,0,0,0,0,0,0,0,0,43,0,0,0,23,0,0,0,53,0,107,0,0,0,1,0,0,0,0,0,0,0,1,0,92,0,24,0,94,0,0,0,0,0,0,13,237,0,8,0,67,0,7,0,0,71,32,0,0,0,0,0,0,0,0,0,0,0,0,0,0,0,0,0,0,0,0,0,80,0,0,0,0,33,0,0,0,204,1058,516,43,0,0,14
93,2,250,4,0,0,50,0,7,0,23,0,0,0,0,2,310,0,11,0,97,0,55,5,5,0,136,0,0,0,50,0,31,0,40,0,64,0,19,0,0,0,70,0,38,0,0,0,0,0,32,0,7,0,0,0,0,0,0,0,0,0,67,0,1,0,0,0,0,0,31,0,0,0,0,0,0,0,0,0,0,0,0,0,80,0,6,0,0,0,0,0,0,0,0,0,35,0,0,0,0,0,0,0,0,0,0,0,0,0,0,0,0,0,0,0,0,0,0,0,39,0,45,0,0,0,0,0,0,0,0,0,0,0,0,0,39,0,54,0,84,0,52,0,57,0,0,0,0,0,0,0,0,0,0,0,1,0,0,0,0,0,0,0,4,0,0,0,5,0,0,0,0,0,0,0,13,1,0,0,0,0,21,0,0,0,0,0,0,0,0,0,0,0,0,0,0,0,0,0,0,0,0,0,0,0,0,0,0,0,0,0,8,0,0,0,0,0,0,0,0,0,0,0,0
8,129,0,296,0,177,0,154,1,0,0,59,0,0,0,16,0,269,0,16,0,97,0,64,0,83,0,0,0,0,0,72,0,28,0,164,0,102,0,44,0,0,0,22,0,0,0,0,0,0,0,43,0,21,0,22,0,4,0,1,0,33,0,252,0,0,0,0,0,0,0,0,0,0,0,0,0,0,0,0,0,0,0,0,0,52,0,0,0,0,0,0,0,0,0,0,0,0,0,12,0,0,0,0,0,0,0,0,0,0,0,0,0,0,0,0,0,0,0,0,0,0,0,0,0,0,0,0,0,0,0,0,0,0,0,47,0,143,0,123,0,121,0,196,0,21,0,0,0,4,0,0,0,0,0,9,0,25,0,22,0,5,0,0,0,0,0,0,0,0,0,0,0,0,0,0,0,0,0,6,0,0,0,0,0,0,0,0,0,0,0,0,0,0,0,0,0,0,0,0,0,0,0,0,0,0,0,0,0,0,0,0,0,0,0,0,0,0,32,41,9,0,0,0,0
10,5,108,3,274,22,0,0,0,0,145,9,0,0,307,19,119,0,50,0,237,4,58,18,9,1,124,0,50,0,0,0,40,3,67,0,41,0,25,0,0,0,153,0,26,0,0,0,0,0,56,0,0,0,0,0,0,0,0,0,2,0,37,0,0,0,0,0,0,0,30,0,0,0,27,0,0,0,0,0,11,0,0,0,0,0,0,0,0,0,0,0,0,0,0,0,0,0,0,0,0,0,0,0,0,0,0,0,0,0,0,0,0,0,0,0,0,0,0,0,39,0,23,0,0,0,0,0,0,0,0,0,0,0,0,0,0,0,0,0,23,0,21,1,31,0,0,0,0,0,0,0,0,0,0,0,0,0,0,0,0,0,0,0,0,0,40,0,14,0,0,0,29,0,0,0,18,0,0,0,0,0,0,0,0,0,0,0,0,0,0,0,0,0,0,0,0,0,0,0,0,0,0,0,0,0,0,0,0,0,0,72,48,0,15,0,0,0,0,0,0,0,0,0,0
0,31,0,76,0,310,0,12,0,0,0,0,0,0,24,137,0,31,0,52,12,141,0,45,0,13,0,0,0,72,0,0,0,7,1,145,0,58,0,12,0,0,0,54,0,16,0,2,0,0,0,112,0,4,0,0,0,0,0,0,0,3,0,16,0,0,0,0,0,0,0,0,0,0,0,0,0,0,0,0,0,0,0,0,0,0,0,0,0,0,0,0,0,0,0,0,0,0,0,2,0,0,0,0,0,0,0,0,0,0,0,0,0,0,0,0,0,0,0,0,0,0,0,1,0,0,0,0,0,0,0,0,0,0,0,0,0,0,0,31,0,36,0,34,0,0,0,0,0,0,0,0,0,17,0,1,0,1,0,0,0,0,0,0,0,0,0,31,0,9,0,0,0,17,0,0,0,43,0,6,0,0,0,0,0,0,0,9,0,0,0,0,0,0,0,0,0,0,0,0,0,6,0,0,0,2,0,0,0,0,0,0,0,0,31,0,0,0,87,125,63,15,0,0,0
170,0,402,9,385,19,0,0,5,0,323,10,0,0,140,0,272,10,0,0,91,0,116,20,0,0,26,0,31,0,40,0,0,0,113,0,227,0,5,0,0,0,62,0,14,0,3,0,0,0,38,0,2,0,0,0,0,0,0,0,12,0,16,0,0,0,0,0,0,0,0,0,0,0,0,0,0,0,0,0,0,0,0,0,0,0,0,0,0,0,0,0,0,0,0,0,0,0,0,0,0,0,0,0,0,0,4,0,0,0,0,0,0,0,0,0,0,0,0,0,0,0,0,0,0,0,0,0,0,0,0,0,0,0,0,0,0,0,0,0,16,0,0,0,29,0,0,0,0,0,0,0,0,0,0,0,7,0,0,0,0,0,0,0,0,0,10,0,0,0,0,0,31,0,0,0,65,7,0,0,0,0,54,0,0,0,0,0,0,0,0,0,0,0,0,0,0,0,0,0,0,0,0,0,0,0,0,0,0,0,52,80,49,0,0,0,0,0,0,0,0,0,0,0,0
0,286,0,359,0,635,0,0,0,10,0,389,0,0,0,90,0,70,0,0,0,77,0,82,0,15,0,0,0,28,3,7,0,0,0,127,0,163,0,6,0,0,0,18,0,25,0,0,0,8,0,61,0,0,0,17,0,0,0,0,0,21,0,59,0,0,0,0,0,0,0,1,0,0,0,0,0,0,0,0,0,0,0,0,0,0,0,0,0,0,0,0,0,0,0,0,0,0,0,0,0,1,0,0,0,0,0,0,0,0,0,0,0,0,0,0,0,0,0,0,0,3,0,0,0,0,0,0,0,0,0,0,0,0,0,0,0,0,0,95,0,68,0,0,0,38,0,0,0,0,0,0,0,42,0,8,0,29,0,0,0,0,0,0,0,0,0,47,0,0,0,0,0,7,0,0,13,204,2,37,0,0,0,0,0,0,0,1,0,0,0,0,0,2,0,0,0,0,0,0,0,0,0,0,0,0,0,0,0,0,0,0,0,0,0,0,0,0,111,256,44,0,2,0,0
0,0,0,0,596,0,0,0,0,0,50,0,303,0,152,0,0,0,365,70,102,8,0,0,0,0,71,54,40,0,67,1,113,0,0,0,131,0,13,0,0,0,80,5,19,0,5,0,5,0,130,0,0,0,0,0,2,0,0,0,0,0,0,0,0,0,0,0,0,0,0,0,0,0,9,0,0,0,0,0,0,0,0,0,0,0,0,0,0,0,0,0,0,0,0,0,0,0,0,0,0,0,0,0,0,0,0,0,0,0,0,0,0,0,0,0,0,0,0,0,0,0,0,0,0,0,0,0,0,0,0,0,0,0,0,0,0,0,0,0,0,0,0,0,0,0,0,0,0,0,0,0,0,0,0,0,0,0,0,0,0,0,0,0,49,0,84,0,98,0,0,0,54,0,0,0,0,0,11,0,0,0,0,0,0,0,0,0,0,0,0,0,0,0,0,0,0,0,0,0,0,0,0,0,0,0,0,0,5,0,55,143,221,0,0,0,0,0,0,0,0,0,0,0,0
0,0,0,0,0,137,0,0,0,0,0,37,33,176,45,106,0,0,0,290,25,198,0,5,0,0,0,163,0,164,0,145,0,127,0,0,2,296,0,18,0,0,0,34,0,31,0,5,0,6,0,93,0,1,0,0,0,0,0,0,0,0,0,21,0,0,0,0,0,0,0,0,0,0,0,0,0,0,0,0,0,0,0,0,0,33,0,0,0,0,0,0,0,0,0,0,0,0,0,22,0,5,0,0,0,0,0,0,0,0,0,0,0,0,0,0,0,0,0,0,0,0,0,0,0,0,0,0,0,0,0,0,0,0,0,0,0,0,0,73,0,142,0,74,0,41,0,0,0,0,0,0,0,0,0,3,0,0,0,0,0,0,0,0,0,24,0,67,0,71,0,9,0,34,0,0,0,63,0,0,0,0,0,0,0,0,0,87,0,0,0,0,0,0,0,0,0,0,0,0,0,0,0,0,0,0,0,0,0,0,0,0,0,0,0,0,0,0,96,132,162,0,0,0,0
72,0,125,0,398,0,11,1,0,0,340,2,47,0,125,13,31,0,76,0,60,0,47,0,0,2,74,0,64,0,41,0,227,0,131,2,0,0,55,0,0,0,103,0,133,0,9,0,10,0,131,0,0,0,0,0,0,0,0,0,42,0,45,0,0,0,1,0,0,0,175,0,18,0,116,0,0,0,0,0,32,0,0,0,0,0,25,0,0,0,33,0,0,0,0,0,69,0,140,0,0,0,0,0,0,0,0,0,0,0,0,0,0,0,0,0,0,0,0,0,129,0,0,0,0,0,0,0,0,0,0,0,0,0,0,0,0,0,68,0,133,0,0,0,243,0,0,0,0,0,0,0,0,0,3,0,20,0,0,0,1,0,0,0,15,0,22,0,42,0,31,0,85,0,0,0,41,0,14,0,0,0,31,0,0,0,0,0,0,0,0,0,0,0,0,0,0,0,0,0,0,0,0,0,0,0,0,0,0,0,24,54,87,0,9,0,1,0,0,0,0,0,0,0,0
0,327,0,150,0,368,0,0,0,8,0,353,0,44,28,219,0,0,0,176,15,75,0,37,0,37,0,0,0,102,0,58,0,163,0,296,0,0,0,58,0,0,0,77,0,33,0,0,0,16,0,142,0,2,0,0,0,0,0,0,0,46,0,25,0,0,0,0,0,0,0,0,0,0,0,0,0,0,0,0,0,15,0,0,0,9,0,0,0,0,0,0,0,0,0,7,0,0,0,0,0,0,0,0,0,0,0,0,0,0,0,0,0,0,0,0,0,0,0,0,0,13,0,7,0,0,0,0,0,0,0,0,0,0,0,0,0,0,0,139,0,229,0,56,0,135,0,0,0,0,0,0,0,0,0,8,0,42,0,9,0,0,0,4,0,8,0,42,0,55,0,8,0,49,0,0,14,242,0,53,0,0,0,34,0,0,0,50,0,0,0,0,0,0,0,0,0,0,0,0,0,0,0,0,0,0,0,5,0,0,1,0,0,0,6,0,0,0,28,273,66,6,0,0,0
369,0,404,0,0,0,140,10,48,5,9,0,0,0,0,0,257,0,3,0,9,0,32,0,17,0,11,0,19,0,25,0,5,0,13,0,55,0,0,0,0,0,13,0,9,0,0,0,0,0,6,0,4,0,2,0,0,0,0,0,22,0,62,0,0,0,0,0,0,0,35,0,0,0,32,0,0,0,0,0,0,0,0,0,36,0,7,0,0,0,0,0,0,0,0,0,19,0,0,0,0,0,0,0,0,0,0,0,0,0,0,0,0,0,0,0,0,0,0,0,0,0,0,0,0,0,0,0,0,0,0,0,0,0,0,0,35,0,89,0,110,0,0,0,118,0,0,0,0,0,0,0,0,0,1,0,10,0,4,0,0,0,0,0,0,0,5,0,0,0,8,0,34,0,0,0,95,0,0,0,0,0,85,0,0,0,0,0,0,0,0,0,0,0,0,0,0,0,0,0,0,0,0,0,0,0,0,0,0,0,65,106,14,12,31,0,1,0,0,0,0,0,0,0,0
0,424,32,291,0,0,0,489,0,49,0,0,0,0,0,15,15,256,0,0,0,12,0,41,28,104,0,0,0,44,0,12,0,6,0,18,0,58,0,0,0,0,0,0,0,0,0,0,0,0,0,10,0,9,0,12,0,0,0,0,0,47,0,191,0,0,0,0,0,0,0,0,0,0,0,0,0,0,0,0,0,0,0,0,0,0,0,0,0,0,0,0,0,0,0,0,0,0,0,0,0,0,0,0,0,0,0,0,0,0,0,0,0,0,0,0,0,0,0,0,0,0,0,0,0,0,0,0,0,0,0,0,0,0,0,0,0,32,0,139,0,96,0,46,0,45,0,0,0,0,0,0,0,0,0,5,0,26,0,0,0,1,0,0,0,0,0,2,0,0,0,0,0,32,0,0,0,121,0,0,0,0,0,74,0,0,0,1,0,0,0,0,0,0,0,0,0,0,0,0,0,0,0,0,0,0,0,0,0,0,0,0,0,0,0,0,0,0,15,85,0,0,0,0,0
5,0,29,0,121,0,0,0,0,0,50,0,230,91,0,0,0,0,16,0,0,0,0,0,0,0,44,310,0,0,0,0,0,0,0,0,0,0,0,0,0,68,27,0,66,120,158,183,126,11,49,0,0,0,0,0,0,0,0,0,0,0,0,0,0,0,0,0,0,0,0,0,0,0,0,0,0,0,0,0,0,0,0,0,0,0,0,0,0,0,0,0,0,0,0,0,8,0,0,0,0,0,0,0,0,0,0,0,0,0,0,0,0,0,0,0,0,0,0,0,0,0,0,0,0,0,0,0,0,0,0,0,0,0,0,0,30,0,0,0,0,0,0,0,0,0,0,0,0,0,83,0,0,0,0,0,0,0,1,0,0,0,0,0,19,0,0,0,0,0,0,0,0,0,0,0,18,92,28,0,0,0,23,0,0,0,271,0,0,0,0,0,0,0,0,0,0,0,0,0,0,0,0,0,0,0,0,0,0,0,0,105,62,0,0,0,0,54,0,117,0,0,0,0,0
0,16,0,0,0,53,0,0,0,0,0,59,38,243,0,0,0,1,0,4,0,0,0,0,0,0,86,25,0,0,0,0,0,0,0,0,0,0,0,0,68,0,0,28,53,74,74,183,19,155,8,0,0,0,0,0,0,0,0,0,0,0,0,0,0,0,0,0,0,0,0,0,0,0,0,0,0,0,0,0,0,0,0,0,0,0,0,0,0,0,0,0,0,0,0,0,0,2,0,0,0,0,0,0,0,0,0,0,0,0,0,0,0,0,0,0,0,0,0,0,0,0,0,0,0,0,0,0,0,0,1,0,0,0,0,0,0,0,0,0,0,0,0,0,0,0,0,0,0,0,0,0,0,0,0,0,0,0,0,0,0,0,0,0,0,20,0,0,0,0,0,0,0,0,0,0,0,301,0,95,0,0,0,0,0,0,48,18,0,0,0,0,0,0,0,0,0,0,0,0,0,0,0,0,0,0,0,0,0,0,0,0,0,0,0,0,0,0,3,177,22,0,0,0,34
0,0,0,0,0,0,0,0,0,0,0,0,99,0,0,0,0,0,36,0,12,0,0,0,0,0,145,0,70,0,153,0,62,0,80,0,103,0,13,0,27,0,0,0,124,0,25,0,46,0,41,0,2,0,0,0,0,0,0,0,0,0,17,0,0,0,0,0,0,0,37,0,0,0,31,0,0,0,0,0,13,0,0,0,0,0,0,0,0,0,12,0,0,0,0,0,28,0,0,0,0,0,0,0,4,0,0,0,0,0,0,0,0,0,0,0,0,0,0,0,0,0,0,0,0,0,0,0,0,0,0,0,0,0,0,0,0,0,0,0,0,0,0,0,0,0,0,0,0,0,0,0,0,0,0,0,0,0,0,0,0,0,0,0,29,0,14,0,0,0,0,0,9,0,0,0,1,0,0,0,0,0,0,0,0,0,22,0,0,0,0,0,0,0,0,0,0,0,0,0,0,0,0,0,0,0,0,0,0,0,18,68,74,0,0,0,0,2,0,3,2,0,0,0,0
0,0,0,0,0,0,0,0,0,0,0,6,0,81,0,4,0,0,0,47,0,75,0,0,0,0,0,198,0,22,0,54,0,18,5,34,0,77,0,0,0,28,0,0,7,270,8,29,0,71,6,84,0,0,0,0,0,0,0,0,0,0,0,0,0,0,0,0,0,0,0,0,0,0,0,0,0,0,0,0,0,0,0,0,0,0,0,0,0,0,0,0,0,0,0,0,0,0,0,0,0,0,0,0,0,0,0,0,0,0,0,0,0,0,0,0,0,0,0,0,0,0,0,0,0,0,0,0,0,0,0,0,0,0,0,0,0,0,0,0,0,112,0,89,0,27,0,0,0,0,0,0,0,0,0,0,0,5,0,0,0,0,0,0,0,56,0,22,0,37,0,0,0,16,0,0,0,20,0,0,0,0,0,0,0,0,0,31,0,0,0,0,0,0,0,0,0,0,0,0,0,0,0,0,0,0,0,0,0,0,0,0,0,0,0,0,0,0,0,297,265,14,0,0,0
0,0,23,0,51,0,8,0,0,0,52,0,84,0,21,0,88,0,24,0,26,0,37,0,21,0,283,72,38,0,26,0,14,0,19,0,133,0,9,0,66,53,124,7,0,50,122,95,294,27,162,0,0,0,0,0,0,0,0,0,0,0,86,0,0,0,0,0,33,0,136,0,0,0,98,0,0,0,0,0,0,0,104,0,235,0,0,0,0,0,91,0,52,0,0,0,145,0,0,0,43,0,0,0,41,0,106,0,0,0,0,0,0,0,0,0,0,0,0,0,152,0,0,0,0,0,0,0,0,0,0,0,0,0,0,0,88,0,0,0,0,0,88,0,45,0,18,0,0,0,80,0,0,0,0,0,0,0,0,0,0,0,9,0,375,4,39,0,90,0,15,0,46,0,0,0,28,28,35,0,28,0,39,0,40,0,99,1,0,0,0,0,0,0,0,0,0,0,0,0,0,0,0,0,0,0,0,0,0,0,51,155,419,7,0,0,0,102,0,29,0,0,0,0,0
0,59,0,0,0,0,0,0,0,6,0,78,0,28,0,0,0,19,30,122,13,106,0,0,0,24,69,236,0,0,0,16,0,25,0,31,0,33,0,0,120,74,0,270,50,0,80,206,21,155,15,189,0,0,0,0,0,12,0,2,0,0,0,27,0,0,0,0,0,29,0,16,0,11,0,28,0,0,0,0,0,119,0,90,0,111,0,31,0,21,0,0,0,29,0,169,0,26,0,46,0,41,0,31,0,0,0,0,0,1,0,0,0,0,0,0,0,0,0,0,0,29,0,16,0,0,0,3,0,0,0,0,0,7,0,47,0,0,0,0,0,96,0,123,0,31,0,0,0,18,0,0,0,0,0,0,0,0,0,0,0,0,0,0,0,262,0,56,0,112,0,0,0,36,0,5,0,152,0,10,0,29,0,0,0,0,39,41,0,0,0,0,0,0,0,58,0,0,0,0,0,0,0,0,0,0,0,0,0,0,0,2,0,0,25,0,0,0,90,359,559,16,0,3,75
12,0,47,0,136,0,8,0,6,0,61,0,208,0,29,0,24,0,36,0,17,0,64,0,34,0,112,157,0,0,0,0,3,0,5,0,9,0,0,0,158,74,25,8,122,80,0,153,155,17,29,0,0,0,42,0,7,0,0,0,0,0,24,0,0,0,0,0,0,0,0,0,0,0,14,0,0,0,1,0,0,0,0,0,64,0,0,0,0,0,33,0,0,0,0,0,52,0,0,0,6,0,0,0,38,0,0,0,0,0,0,0,0,0,0,0,0,0,0,0,18,0,0,0,0,0,0,0,0,0,0,0,0,0,40,0,99,0,0,0,17,0,60,0,0,0,18,0,0,0,0,0,78,0,4,0,0,0,0,0,0,0,0,0,35,0,0,0,0,0,0,0,4,0,0,0,28,66,32,0,45,1,58,0,0,0,183,4,0,0,0,0,0,0,0,0,0,0,0,0,0,0,0,0,0,0,22,0,66,0,20,157,160,3,0,0,0,118,0,94,0,0,0,0,0
0,77,0,0,0,233,0,0,0,0,0,249,91,262,0,0,0,0,0,95,0,6,0,0,0,0,209,128,0,0,0,2,0,0,0,5,0,0,0,0,183,183,0,29,95,206,153,0,40,147,0,28,0,0,0,0,0,0,0,0,0,0,0,0,0,0,0,0,0,0,0,0,0,0,0,0,0,0,0,0,0,0,0,0,0,13,0,0,0,0,0,1,0,0,0,0,0,0,0,0,0,0,0,3,0,0,0,0,0,0,0,0,0,0,0,0,0,0,0,0,0,0,0,0,0,0,0,0,0,0,0,0,0,0,0,0,0,0,0,0,0,0,0,0,0,0,0,0,0,0,0,15,0,16,0,0,0,0,0,0,0,0,0,0,0,40,0,0,0,0,0,0,0,0,0,0,0,251,0,18,0,23,0,0,0,0,92,27,0,0,0,0,0,0,0,0,0,0,0,0,0,0,0,0,0,0,0,0,0,7,0,0,0,0,0,0,0,0,0,396,130,0,0,0,89
26,0,19,0,18,0,29,0,19,0,15,0,20,0,3,0,8,0,6,0,0,0,8,0,0,0,30,0,0,0,0,0,0,0,5,0,10,0,0,0,126,19,46,0,294,21,155,40,0,26,35,0,0,3,0,0,13,0,13,1,3,0,0,0,0,0,1,0,18,0,13,0,0,0,10,0,0,0,0,0,2,0,42,0,23,0,8,0,11,0,0,0,35,0,7,0,0,0,9,0,10,0,42,0,13,0,0,0,0,0,0,0,0,0,0,0,0,0,0,0,16,0,0,0,5,0,2,0,0,0,4,0,7,0,6,0,9,0,0,0,0,1,0,3,0,0,0,0,6,0,17,0,0,0,0,0,0,0,2,0,6,0,5,0,35,0,14,0,18,1,11,0,41,0,0,1,61,30,42,0,21,0,7,0,0,0,157,0,42,0,25,0,26,0,59,0,2,0,14,0,19,0,27,0,14,0,8,0,4,0,52,68,212,13,132,1,4,15,0,15,4,2,0,0,0
0,23,0,0,0,6,0,0,0,4,0,66,4,53,5,0,0,7,0,2,0,3,0,2,0,0,4,18,0,0,0,0,0,8,0,6,0,16,0,0,11,155,0,71,27,155,17,147,26,0,1,42,0,0,0,0,0,12,0,0,0,0,1,0,0,0,0,0,0,3,0,16,0,0,0,0,0,2,0,0,0,57,0,7,0,88,0,0,0,0,0,0,0,1,0,10,0,22,0,0,0,0,0,2,0,0,0,0,0,0,0,0,0,0,0,0,0,0,0,0,0,36,0,23,0,0,0,0,0,0,0,0,0,0,0,0,0,0,0,0,0,0,0,66,0,0,0,0,0,0,0,28,0,26,0,0,0,0,0,1,0,0,0,0,0,28,0,11,0,10,1,12,0,12,0,28,0,174,0,38,0,41,0,0,0,0,50,25,0,0,0,0,0,0,0,3,0,0,0,0,0,0,0,0,0,0,0,0,0,0,0,3,0,0,12,0,0,3,46,97,14,0,0,0,24
0,0,8,0,118,0,0,0,0,0,18,0,407,89,29,0,0,0,355,83,51,0,0,0,0,0,390,168,32,0,56,0,38,0,130,0,131,0,6,0,49,8,41,6,162,15,29,0,35,1,0,0,0,0,0,0,0,0,0,0,0,0,9,0,0,0,0,0,12,0,77,0,7,0,49,0,10,0,2,0,18,0,62,0,57,0,0,0,0,0,22,0,0,0,0,0,31,0,50,0,9,0,14,0,0,0,21,0,0,0,0,0,0,0,0,0,0,0,0,0,64,0,0,0,0,0,0,0,2,0,0,0,0,0,0,0,0,0,0,0,0,0,0,0,11,0,3,0,0,0,0,0,0,0,0,0,1,0,0,0,0,0,11,0,76,0,32,0,138,0,12,0,85,0,0,0,0,22,15,0,0,0,0,0,0,0,41,0,0,0,0,0,0,0,0,0,0,0,0,0,0,0,0,0,0,0,0,0,0,0,46,102,120,0,15,0,0,2,0,7,0,0,0,0,0
0,0,0,0,8,0,0,0,0,0,0,15,0,217,0,12,0,0,16,239,0,146,0,0,0,0,37,407,0,43,0,112,0,61,0,93,0,142,0,10,0,0,0,84,0,189,0,28,0,42,0,0,0,0,0,0,0,0,0,0,0,0,0,20,0,0,0,0,0,0,0,7,0,0,0,8,0,0,0,0,0,49,0,0,0,0,0,0,0,0,0,5,0,0,0,62,0,14,0,22,0,16,0,0,0,0,0,0,0,0,0,0,0,0,0,0,0,0,0,0,0,0,0,0,0,0,0,0,0,0,0,0,0,5,0,0,0,0,0,41,0,118,0,0,0,28,0,0,0,0,0,2,0,0,0,0,0,0,0,0,0,0,0,0,0,66,0,82,0,124,0,8,0,43,0,0,0,37,0,0,0,2,0,0,0,0,3,90,0,0,0,0,0,0,0,0,0,0,0,0,0,0,0,0,0,0,0,0,0,0,0,0,0,0,0,0,0,0,0,118,139,0,0,0,0
0,0,0,0,0,0,45,0,126,62,0,0,0,0,0,0,173,0,0,0,0,0,0,0,60,0,0,0,7,0,0,0,2,0,0,0,0,0,4,0,0,0,2,0,0,0,0,0,0,0,0,0,0,123,66,104,92,50,48,50,50,0,76,6,0,0,37,80,0,0,0,0,0,0,3,0,0,0,0,0,0,0,0,0,44,0,0,0,0,0,0,0,0,0,0,0,31,0,0,0,0,0,0,0,0,0,22,0,0,0,0,0,0,0,0,0,0,0,0,0,0,0,0,0,0,0,6,0,124,0,14,0,13,0,0,0,209,0,354,0,136,0,94,0,60,0,0,0,0,0,0,0,0,0,230,5,121,0,182,0,49,0,0,0,0,0,0,0,0,0,43,0,5,0,0,3,11,0,0,0,0,0,5,0,167,8,0,0,0,0,0,0,0,0,0,0,0,0,0,0,0,0,0,0,0,0,0,0,0,0,19,1,49,26,25,0,3,0,11,0,0,0,0,0,0
7,0,0,0,0,0,89,101,190,185,0,0,0,0,0,0,18,33,0,0,0,33,0,0,123,26,0,0,0,21,0,4,0,0,0,1,0,2,0,9,0,0,0,0,0,0,0,0,3,0,0,0,123,0,132,130,0,180,35,16,12,35,85,125,0,0,126,21,0,0,0,0,0,0,0,0,0,0,0,0,0,0,0,0,0,0,0,0,0,0,0,0,0,0,0,0,1,0,0,0,0,0,0,0,0,0,0,0,0,0,0,0,0,0,0,0,0,0,0,0,0,0,0,0,0,0,0,0,0,62,0,10,0,58,0,39,1,209,0,218,0,47,0,50,0,31,0,0,0,0,0,2,0,0,0,145,0,74,0,129,0,38,0,0,0,0,0,0,0,0,33,6,0,0,0,5,74,30,0,0,0,0,0,15,5,75,0,0,0,0,0,0,0,0,0,0,0,0,0,1,0,0,0,0,0,0,1,0,0,7,36,8,32,0,0,0,0,0,0,17,0,0,0,0,0
0,0,34,0,0,0,158,0,94,82,0,0,0,0,0,0,16,0,0,0,0,0,128,2,188,0,0,0,0,0,0,0,0,0,0,0,0,0,2,0,0,0,0,0,0,0,42,0,0,0,0,0,66,132,0,141,81,48,24,39,9,0,20,0,2,0,14,89,0,0,0,0,0,0,0,0,0,0,0,0,0,0,0,0,0,0,0,0,0,0,0,0,0,0,0,0,1,0,0,0,0,0,0,0,0,0,0,0,0,0,0,0,0,0,0,0,0,0,0,0,0,0,0,0,0,0,21,0,71,0,78,0,42,0,46,0,76,0,7,0,14,0,55,0,2,0,2,0,0,0,0,0,0,0,43,0,4,0,26,3,66,0,0,0,0,0,0,0,14,0,204,0,0,0,1,4,8,0,0,0,0,0,4,0,35,4,0,0,0,0,0,0,0,0,0,0,0,0,0,0,0,0,0,0,0,0,0,0,52,0,82,24,189,173,178,4,26,0,0,7,8,0,0,0,0
42,41,0,120,0,14,107,534,202,309,0,0,0,0,0,86,39,54,0,116,0,0,0,75,184,501,0,0,0,22,0,0,0,17,0,0,0,0,0,12,0,0,0,0,0,0,0,0,0,0,0,0,104,130,141,0,0,244,29,25,0,116,110,64,0,0,61,137,0,0,0,0,0,0,0,0,0,0,0,0,0,0,0,0,0,0,0,0,0,0,0,0,0,0,0,0,0,0,0,0,0,0,0,0,0,0,0,0,0,0,0,0,0,0,0,0,0,0,0,0,0,0,0,0,0,89,0,50,0,42,0,151,0,119,0,110,0,276,0,66,0,0,0,0,0,0,0,0,0,28,0,32,0,5,0,76,0,0,0,40,0,58,0,0,0,4,0,0,0,37,0,235,0,67,0,2,87,22,0,0,0,8,5,0,5,51,0,0,0,0,0,12,0,0,0,0,0,0,0,9,0,0,0,0,0,0,0,51,0,176,0,0,0,0,317,0,0,0,335,35,434,521,1,171,0
0,0,0,2,0,0,15,0,23,2,0,0,0,0,0,0,13,0,0,0,0,0,0,0,35,0,0,0,0,0,0,0,0,0,2,0,0,0,0,0,0,0,0,0,0,0,7,0,13,0,0,0,92,0,81,0,0,6,171,21,0,0,0,0,52,17,61,31,0,0,0,0,0,0,0,0,0,0,0,0,0,0,0,0,0,0,0,1,0,0,0,0,3,0,0,0,0,0,0,0,0,0,0,0,0,0,0,0,0,0,0,0,0,0,0,0,0,0,0,0,1,0,0,0,0,0,0,0,56,0,73,0,22,0,5,0,17,0,3,0,0,0,10,0,3,0,0,0,1,0,2,0,0,0,75,0,3,0,24,1,81,0,40,0,2,0,0,0,28,0,191,0,0,0,18,0,0,0,0,0,35,44,0,0,21,2,0,0,0,0,0,0,0,0,0,0,0,0,0,0,0,0,0,0,0,0,0,0,11,0,321,46,616,609,985,17,57,0,0,0,0,0,0,0,0
0,0,0,0,0,13,0,25,0,109,0,0,0,0,0,0,0,56,0,0,0,0,0,0,0,71,0,0,0,4,0,0,0,0,0,0,0,0,0,0,0,0,0,0,0,12,0,0,0,12,0,0,50,180,48,244,6,0,42,121,0,0,10,52,0,30,79,104,0,0,0,0,0,0,0,0,0,0,0,0,0,0,0,0,0,0,0,1,0,0,0,0,0,2,0,0,0,0,0,0,0,0,0,0,0,0,0,0,0,0,0,0,0,0,0,0,0,0,0,0,0,0,0,0,0,88,0,38,0,61,0,156,0,69,0,49,0,111,0,38,0,0,0,5,0,0,0,5,0,27,0,8,0,0,0,204,0,11,0,116,0,97,0,289,0,3,0,0,0,59,0,189,0,21,0,0,0,0,0,0,0,0,0,0,0,38,0,0,0,0,0,0,0,0,0,2,0,0,0,0,0,0,0,0,0,0,0,0,0,98,14,0,0,20,487,0,0,0,119,20,738,644,0,101,0
4,0,2,0,0,0,14,0,146,0,5,0,0,0,0,0,0,0,0,0,0,0,0,0,18,0,0,0,0,0,0,0,0,0,0,0,0,0,0,0,0,0,0,0,0,0,0,0,13,0,0,0,48,35,24,29,171,42,0,69,9,0,3,0,59,23,178,142,0,0,0,0,0,0,0,0,0,0,0,0,0,0,0,0,0,0,0,0,0,0,0,0,0,0,0,0,0,0,0,0,0,0,0,0,0,0,0,0,0,0,0,0,0,0,0,0,0,0,0,0,0,0,0,0,0,0,0,0,0,0,39,0,7,0,0,0,0,0,0,0,0,0,3,0,1,0,0,0,4,0,0,0,0,0,17,8,30,0,3,3,17,0,0,0,0,0,0,0,18,0,0,0,0,0,27,19,0,0,0,0,23,56,0,0,68,0,0,0,0,0,0,0,0,0,0,0,0,0,0,0,0,0,0,0,0,0,0,0,2,0,615,110,347,579,1231,29,54,0,6,10,0,0,0,0,0
0,8,0,0,0,0,0,8,0,116,0,2,0,0,0,0,0,0,0,0,0,0,0,0,0,20,0,0,0,1,0,0,0,0,0,0,0,0,0,0,0,0,0,0,0,2,0,0,1,0,0,0,50,16,39,25,21,121,69,0,0,146,0,0,11,110,150,263,0,1,0,0,0,0,0,0,0,0,0,1,0,0,0,3,0,0,0,0,0,0,0,0,0,1,0,0,0,0,0,0,0,0,0,0,0,0,0,0,0,0,0,0,0,0,0,0,0,0,0,0,0,0,0,0,0,33,0,4,0,2,0,82,0,10,0,0,0,1,0,0,0,0,0,0,0,8,0,0,0,12,0,0,0,0,0,8,0,59,0,8,0,33,0,0,0,0,0,0,0,27,0,0,0,14,5,86,0,0,0,0,14,0,0,0,26,41,0,0,0,0,0,0,0,0,0,0,0,0,0,0,0,0,0,0,0,0,0,0,0,18,0,0,0,0,1409,0,4,0,720,193,580,990,2,104,0
68,0,0,0,0,0,147,0,138,10,0,0,0,0,0,0,20,0,0,0,0,0,0,0,11,4,0,0,0,0,2,0,12,0,0,0,42,0,22,0,0,0,0,0,0,0,0,0,3,0,0,0,50,12,9,0,0,0,9,0,0,1,121,0,0,0,13,2,0,0,24,0,0,0,8,0,0,0,0,0,0,0,0,0,0,0,0,0,0,0,0,0,0,0,0,0,0,0,0,0,0,0,0,0,0,0,0,0,0,0,0,0,0,0,0,0,0,0,0,0,12,0,17,0,0,0,0,0,0,0,0,0,0,0,0,0,0,0,111,0,77,0,17,0,356,0,0,0,0,0,0,0,0,0,11,0,77,0,3,0,0,0,6,0,0,0,0,0,13,0,216,0,16,0,0,0,74,0,0,0,0,0,8,0,11,4,0,0,0,0,0,0,0,0,0,0,0,0,0,0,0,0,0,0,0,0,0,0,0,0,45,46,27,41,62,0,7,0,0,0,0,0,0,0,0
0,72,0,19,0,0,0,158,0,332,0,0,0,0,0,0,0,3,0,12,1,20,0,5,10,7,0,0,0,33,0,3,0,21,0,0,0,46,0,47,0,0,0,0,0,0,0,0,0,0,0,0,0,35,0,116,0,0,0,146,1,0,3,93,0,0,1,0,0,0,0,0,0,0,0,0,0,0,0,0,0,0,0,0,0,0,0,0,0,0,0,0,0,0,0,0,0,0,0,0,0,0,0,0,0,0,0,0,0,0,0,0,0,0,0,0,0,0,0,0,0,0,0,1,0,0,0,0,0,0,0,0,0,0,0,0,0,0,0,98,0,81,0,3,0,215,0,0,0,0,0,0,0,0,0,25,0,142,0,35,0,0,0,32,0,1,0,0,0,2,0,118,0,31,0,0,0,34,0,0,0,0,0,82,0,21,0,0,0,0,0,0,0,0,0,0,0,0,0,0,0,0,0,0,0,0,0,0,0,0,1,0,0,0,42,0,0,0,85,163,48,86,0,17,0
21,3,6,0,0,0,231,30,298,110,0,0,0,0,0,0,362,0,0,0,119,0,12,0,41,44,107,0,67,0,37,0,16,0,0,0,45,0,62,0,0,0,17,0,86,0,24,0,0,1,9,0,76,85,20,110,0,10,3,0,121,3,0,30,0,0,8,0,0,0,47,0,0,0,53,0,0,0,0,0,0,0,0,0,122,0,13,0,0,0,8,0,0,0,0,0,0,0,0,0,0,0,0,0,0,0,0,0,0,0,0,0,0,0,0,0,0,0,0,0,57,0,0,0,0,0,0,0,48,0,0,0,0,0,0,0,210,0,242,0,281,0,259,0,114,0,0,0,0,0,0,0,0,0,46,0,17,0,60,0,9,0,0,0,0,0,1,0,0,1,24,0,7,0,0,0,56,0,0,0,0,0,26,0,42,2,0,0,0,0,0,0,0,0,0,0,0,0,0,0,0,0,0,0,0,0,0,0,0,0,13,7,0,0,11,0,0,0,0,0,0,0,0,0,0
77,61,37,0,0,17,75,203,36,253,0,12,0,0,0,0,70,126,0,0,0,221,8,34,218,30,0,38,0,252,0,16,0,59,0,21,0,25,0,191,0,0,0,0,0,27,0,0,0,0,0,20,6,125,0,64,0,52,0,0,0,93,30,0,0,0,0,4,0,0,0,0,0,0,0,0,0,0,0,0,0,0,0,0,0,22,0,0,0,0,0,0,0,0,0,0,0,0,0,0,0,0,0,0,0,0,1,0,0,0,0,0,0,0,0,0,0,0,0,0,0,0,1,1,0,0,0,0,0,43,0,0,0,0,0,69,0,283,0,286,0,89,0,140,0,66,0,0,0,0,0,0,0,0,0,132,0,52,0,127,0,10,0,0,0,0,0,1,0,0,0,3,0,3,0,0,19,92,0,1,0,0,4,53,0,20,0,0,0,0,0,0,0,0,0,0,0,0,0,0,0,24,0,0,0,0,0,0,0,0,15,0,0,0,0,0,0,0,0,21,0,15,0,0,0
22,0,10,0,25,0,5,0,132,0,11,0,0,0,0,0,0,0,0,0,0,0,0,0,0,0,0,0,1,0,0,0,0,0,0,0,0,0,0,0,0,0,0,0,0,0,0,0,0,0,0,0,0,0,2,0,52,0,59,11,0,0,0,0,0,38,65,0,0,0,0,0,0,0,1,0,0,0,0,0,0,0,0,0,0,0,0,0,0,0,0,0,0,0,0,0,0,0,0,0,0,0,0,0,0,0,0,0,0,0,0,0,0,0,0,0,0,0,0,0,0,0,0,0,5,0,0,0,0,0,28,7,1,0,0,0,2,0,8,0,0,1,0,0,9,0,44,0,42,15,19,0,0,0,13,0,0,0,9,5,124,96,0,0,0,0,0,0,0,0,0,0,0,0,106,7,0,0,0,0,303,135,30,0,102,0,0,0,0,0,0,0,0,0,0,0,0,0,0,0,0,0,0,0,0,0,0,1,7,0,224,3,0,0,332,0,0,0,23,0,0,0,0,0,0
0,84,0,0,0,16,0,15,0,482,0,15,0,0,0,15,0,0,0,43,0,0,0,0,0,0,0,0,0,0,0,0,0,0,0,0,0,0,0,0,0,0,0,0,0,0,0,0,0,0,0,0,0,0,0,0,17,30,23,110,0,0,0,0,38,0,7,491,0,0,0,5,0,0,0,6,0,0,0,0,0,0,0,0,0,0,0,0,0,0,0,0,0,0,0,0,0,2,0,1,0,0,0,0,0,0,0,0,0,0,0,0,0,0,0,0,0,0,0,0,0,2,0,6,0,27,0,25,0,0,0,42,0,0,2,3,0,6,0,14,0,0,0,1,0,44,0,70,36,219,0,62,0,34,0,0,0,0,12,0,39,108,0,0,0,0,0,0,0,0,2,0,0,0,0,128,3,0,0,2,60,263,0,2,6,64,0,0,0,0,0,0,0,0,0,0,0,0,0,0,0,0,0,0,0,1,0,11,0,29,0,3,1,0,260,0,0,0,223,7,109,0,0,0,0
7,0,2,0,0,0,44,0,57,0,0,0,1,0,0,0,0,0,0,0,0,0,0,0,0,0,0,0,0,0,0,0,0,0,0,0,1,0,0,0,0,0,0,0,0,0,0,0,1,0,0,0,37,126,14,61,61,79,178,150,13,1,8,0,65,7,0,133,0,0,0,0,0,0,0,0,0,0,0,0,0,0,0,0,0,0,0,0,0,0,0,0,0,0,0,0,0,0,0,0,0,0,0,0,0,0,0,0,0,0,0,0,0,0,0,0,0,0,0,0,0,0,0,0,4,0,4,0,0,0,18,0,0,0,0,0,0,0,0,0,0,0,0,0,0,0,13,0,5,0,3,0,0,0,16,12,20,0,0,10,42,19,0,0,0,0,0,0,2,0,36,0,0,0,59,42,0,0,0,0,87,64,0,0,384,20,0,0,0,0,0,0,0,0,0,0,0,0,0,0,0,0,0,0,0,0,1,0,0,0,254,69,58,139,351,8,10,0,6,0,0,0,0,0,0
0,7,0,0,0,0,27,0,48,167,0,4,0,0,0,0,0,0,0,0,0,0,0,0,13,0,0,0,0,0,0,0,0,0,0,0,0,0,0,0,0,0,0,0,0,0,0,0,0,0,0,0,80,21,89,137,31,104,142,263,2,0,0,4,0,491,133,0,0,0,0,0,0,0,0,0,0,0,0,0,0,0,0,0,0,1,0,0,0,0,0,0,0,0,0,0,0,0,0,0,0,0,0,0,0,0,0,0,0,0,0,0,0,0,0,0,0,0,0,0,0,0,0,0,0,21,0,0,0,0,0,29,0,0,0,0,0,0,0,0,0,0,0,0,0,6,0,0,0,10,0,0,0,3,1,5,0,11,0,0,0,16,0,0,0,0,0,0,0,1,0,0,0,0,9,265,34,0,0,0,29,146,0,0,27,360,0,0,0,0,0,0,0,0,0,0,0,0,0,0,0,1,0,0,0,0,0,0,0,5,0,10,0,9,473,0,0,0,388,168,96,129,0,18,0
0,0,0,0,0,0,0,0,4,0,0,0,0,0,0,0,0,0,0,0,0,0,0,0,0,0,0,0,0,0,0,0,0,0,0,0,0,0,0,0,0,0,0,0,33,0,0,0,18,0,12,0,0,0,0,0,0,0,0,0,0,0,0,0,0,0,0,0,0,0,0,0,66,0,0,0,175,0,70,0,14,0,34,0,0,0,12,0,52,0,0,0,79,0,43,0,0,0,0,0,45,0,262,0,0,0,0,0,41,0,0,0,0,0,18,0,33,0,0,0,0,0,0,0,0,0,0,0,0,0,0,0,0,0,0,0,0,0,0,0,0,0,0,0,0,0,0,0,0,0,0,0,0,0,0,0,0,0,0,0,0,0,0,0,74,0,0,0,230,0,13,0,9,0,0,0,0,0,0,0,0,0,0,0,0,0,0,0,0,0,34,0,0,0,117,0,0,0,0,0,0,0,0,0,0,0,0,0,0,0,34,5,129,0,0,35,160,2,0,0,0,0,0,0,0
0,1,0,0,0,0,0,1,0,0,0,0,0,0,0,0,0,0,0,0,0,0,0,0,0,0,0,0,0,0,0,0,0,0,0,0,0,0,0,0,0,0,0,0,0,29,0,0,0,3,0,0,0,0,0,0,0,0,0,1,0,0,0,0,0,0,0,0,0,0,0,0,0,0,0,0,0,67,0,0,0,0,0,90,0,0,0,15,0,168,0,0,0,64,0,91,0,0,0,0,0,16,0,107,0,12,0,10,0,0,0,0,0,80,0,0,0,1,0,0,0,0,0,0,0,0,0,0,0,0,0,0,0,0,0,0,0,0,0,0,0,0,0,0,0,0,0,0,0,0,0,0,0,0,0,1,0,0,0,0,0,1,0,0,0,31,0,0,0,64,0,0,0,1,0,0,0,0,0,0,1,1,0,0,0,0,1,0,0,5,0,0,0,0,0,31,0,0,0,0,0,0,0,10,0,0,0,5,0,0,0,0,0,0,0,0,0,0,21,3,72,4,0,2,0
0,0,0,0,0,0,0,0,0,0,0,0,0,0,0,0,47,0,26,0,105,0,0,0,0,0,133,0,31,0,30,0,0,0,0,0,175,0,35,0,0,0,37,0,136,0,0,0,13,0,77,0,0,0,0,0,0,0,0,0,24,0,47,0,0,0,0,0,0,0,0,0,316,0,319,0,19,0,151,0,22,0,0,0,0,0,78,0,0,0,0,0,0,0,0,1,0,0,0,0,0,0,0,0,0,0,0,0,0,0,0,0,0,0,0,0,0,0,0,0,27,0,8,3,37,0,0,0,12,0,43,0,54,0,22,0,96,0,3,0,196,0,99,0,110,0,29,0,42,6,26,0,47,0,0,0,14,0,0,0,0,0,72,0,0,0,35,0,71,0,30,0,69,0,66,0,0,0,0,0,70,29,0,0,6,0,0,0,0,0,0,0,0,0,0,0,0,0,0,0,0,0,0,0,0,0,0,0,53,0,15,4,0,0,0,0,0,0,0,0,0,13,0,0,0
0,5,0,0,0,0,0,1,1,0,0,10,0,0,0,0,0,0,0,0,0,21,0,0,0,0,0,15,0,0,0,0,0,1,0,0,0,0,0,0,0,0,0,0,0,16,0,0,0,16,0,7,0,0,0,0,0,0,0,0,0,0,0,0,0,5,0,0,0,0,0,0,0,193,0,333,0,14,0,7,0,0,0,0,0,0,0,31,0,0,0,0,0,0,0,0,0,0,0,0,0,0,0,0,0,0,0,0,0,0,0,0,0,0,0,0,0,0,0,0,0,8,0,17,15,58,8,56,0,8,0,30,16,23,0,6,0,0,0,0,5,68,0,0,0,195,0,29,9,13,0,46,8,37,0,0,0,2,0,0,0,0,0,47,0,0,0,18,0,4,0,16,0,16,0,0,0,0,0,0,17,58,0,0,0,0,0,0,0,0,0,0,0,0,0,0,0,0,0,0,0,0,0,0,0,0,0,0,0,0,0,0,0,0,18,0,0,0,58,8,17,6,0,1,0
0,0,4,0,0,0,0,0,0,0,0,0,0,0,0,0,0,0,0,0,0,0,0,0,0,0,0,0,0,0,0,0,0,0,0,0,18,0,0,0,0,0,0,0,0,0,0,0,0,0,7,0,0,0,0,0,0,0,0,0,0,0,0,0,0,0,0,0,66,0,316,0,0,0,206,0,39,0,186,0,4,0,52,0,27,0,20,0,0,0,0,0,57,0,5,0,0,0,0,0,3,0,5,0,0,0,0,0,0,0,0,0,0,0,0,0,0,0,0,0,38,0,16,0,38,0,76,1,15,0,19,0,68,0,0,0,93,0,2,0,85,0,114,0,48,0,40,0,10,0,52,0,24,0,0,0,0,0,0,0,4,0,34,0,0,0,8,0,55,0,14,0,14,0,0,0,0,0,0,0,0,0,0,0,0,0,0,0,0,0,0,0,0,0,0,0,0,0,0,0,42,0,0,0,0,0,112,0,93,1,389,3,35,0,15,16,0,0,5,0,0,0,0,0,0
0,0,0,0,0,0,0,0,0,0,0,0,0,0,0,0,0,0,0,0,0,0,0,0,0,0,0,0,0,0,0,0,0,0,0,0,0,0,0,0,0,0,0,0,0,11,0,0,0,0,0,0,0,0,0,0,0,0,0,0,0,0,0,0,0,0,0,0,0,0,0,193,0,0,0,314,0,97,3,43,0,7,0,28,0,12,0,145,1,0,3,0,0,1,0,3,0,0,0,0,0,0,0,0,0,0,0,0,0,1,0,0,0,0,0,0,0,0,0,0,0,35,0,47,20,58,0,114,0,10,0,34,0,0,0,153,9,45,0,5,0,65,0,73,0,131,0,34,0,17,0,93,14,48,0,0,0,1,0,0,0,7,0,30,0,0,0,0,0,32,0,3,0,0,0,0,0,0,0,0,0,73,0,0,0,0,0,0,0,0,0,102,2,60,0,0,0,0,0,83,0,37,0,179,0,0,3,0,0,0,0,0,27,0,20,0,0,0,141,7,19,10,0,0,0
0,0,0,0,0,0,0,1,0,0,0,0,0,0,0,0,46,0,28,0,114,0,0,0,0,0,117,0,0,0,27,0,0,0,9,0,116,0,32,0,0,0,31,0,98,0,14,0,10,0,49,0,3,0,0,0,0,0,0,0,8,0,53,0,1,0,0,0,0,0,319,0,206,0,0,0,8,0,258,0,8,0,10,0,67,1,26,0,0,0,0,0,0,0,0,0,0,0,0,0,0,0,0,0,0,0,0,0,0,0,0,0,0,0,0,0,0,0,0,0,89,0,79,0,24,0,15,0,0,2,0,4,0,0,30,0,36,0,2,0,80,0,187,1,87,10,30,0,27,9,0,0,54,0,0,0,0,0,0,0,0,1,46,16,0,0,0,0,22,0,13,0,31,0,74,0,0,0,0,0,102,29,0,0,4,0,0,0,0,0,0,0,13,0,0,0,0,0,55,0,28,0,20,0,0,0,57,0,36,0,37,1,0,0,7,4,0,0,0,0,0,0,0,0,0
0,0,0,0,0,41,0,0,0,0,0,0,0,0,0,0,0,2,0,0,0,35,0,5,0,0,0,0,0,0,0,0,0,0,0,0,0,0,0,0,0,0,0,0,0,28,0,0,0,0,0,8,0,0,0,0,0,0,0,0,0,0,0,0,0,6,0,0,0,0,0,333,0,314,0,0,0,8,0,44,0,10,0,0,6,7,0,119,0,0,0,0,0,0,0,0,0,0,0,1,0,0,0,2,4,0,0,0,0,0,0,0,0,0,0,0,0,0,0,0,0,115,0,56,32,0,6,0,11,0,32,0,15,0,0,36,0,0,0,1,0,89,3,43,0,287,31,30,21,21,0,51,12,46,0,0,0,1,1,0,0,0,0,53,0,0,0,23,0,16,0,18,0,0,0,41,0,10,0,0,0,131,0,0,0,0,0,0,0,0,0,0,0,32,0,0,0,0,0,29,0,0,0,36,0,0,0,77,0,0,10,0,0,0,24,1,0,0,132,9,16,0,0,0,0
0,0,0,0,0,0,0,0,0,0,0,0,0,0,0,0,8,0,0,0,0,0,0,0,0,0,0,0,0,0,0,0,0,0,0,0,0,0,0,0,0,0,0,0,0,0,0,0,0,0,10,0,0,0,0,0,0,0,0,0,0,0,0,0,0,0,0,0,175,0,19,0,39,0,8,0,0,0,28,0,8,0,38,0,34,0,23,0,10,0,0,0,57,0,9,0,0,0,0,0,21,0,110,0,0,0,22,0,19,0,0,0,0,0,15,0,9,0,0,0,0,0,0,0,0,0,0,0,0,0,0,0,0,0,0,0,0,0,0,0,0,0,0,0,4,0,0,0,0,0,0,0,0,0,0,0,0,0,0,0,0,0,0,0,15,0,0,0,39,0,2,0,0,0,0,0,0,0,0,0,0,0,0,0,0,0,0,0,27,0,0,0,0,0,51,0,0,0,0,0,0,0,0,0,0,0,0,0,0,0,19,0,35,1,7,5,11,0,0,0,0,0,0,0,0
0,0,0,0,0,0,0,0,0,0,0,0,0,0,0,0,0,0,0,0,0,0,0,0,0,0,0,0,0,0,0,0,0,0,0,0,0,0,0,0,0,0,0,0,0,0,0,0,0,2,0,0,0,0,0,0,0,0,0,0,0,0,0,0,0,0,0,0,0,67,0,14,0,97,0,8,0,0,0,13,0,52,0,381,0,17,0,254,0,80,0,0,0,141,0,157,0,0,0,9,0,5,0,123,0,0,0,0,0,11,0,0,0,0,0,0,0,9,0,0,0,0,0,10,0,0,0,0,0,0,0,0,3,0,0,0,0,0,0,0,0,0,1,0,0,5,0,0,0,0,0,0,0,0,0,0,0,0,0,0,0,0,0,7,0,21,0,1,0,123,0,0,0,0,0,0,0,0,0,0,0,0,0,0,0,0,0,0,0,0,0,0,0,0,0,0,0,0,0,0,0,0,0,106,0,34,0,0,0,0,0,0,0,0,2,0,0,0,31,0,97,2,0,1,0
0,0,0,0,0,0,0,0,1,0,0,0,0,0,0,0,0,0,0,0,0,0,0,0,0,0,0,0,0,0,0,0,0,0,0,0,0,0,0,0,0,0,0,0,0,0,1,0,0,0,2,0,0,0,0,0,0,0,0,0,0,0,0,0,0,0,0,0,70,0,151,0,186,3,258,0,28,0,0,0,37,0,131,0,100,0,76,0,2,0,0,0,134,0,16,0,29,0,26,0,17,0,14,0,0,0,0,1,0,0,0,0,0,0,6,0,2,0,0,0,195,0,53,0,0,0,0,0,0,0,0,0,0,0,17,0,0,0,0,0,31,0,98,2,0,0,0,0,3,0,7,0,0,0,0,0,0,0,0,0,0,0,14,0,0,0,0,0,55,0,0,0,0,0,0,0,0,0,0,0,15,0,0,0,0,0,0,0,0,0,18,0,32,0,41,0,0,0,0,0,69,0,0,0,42,0,21,0,0,0,310,4,29,2,20,18,7,0,0,0,0,0,0,0,0
