0,119,163,93,68,99,47,0,116,0,81,48,56,0,7,62,29,67,0,0,10,13,57,195,17,78,12,0,54,28,21,11,112,0,0,0,22,0,130,8,16,1,0,0,9,0,7,0,8,0,0,0,0,0,1,0,0,0,3,0,45,0,9,0,0,0,0,0,0,0,0,0,0,0,0,0,0,0,0,0,0,0,0,0,0,0,0,0,0,0,0,0,0,0,0,0,0,0,0,0,0,0,0,0,0,0,0,0,0,0,0,0,0,0,0,0,0,0,0,0,0,0,0,0,0,0,0,0,0,0,4,0,0,0,0,0,0,0,0,0,0,0,0,0,0,0,1,0,2,0,0,0,0,0,0,0,1,0,0,0,0,0,0,0,0,0,19,0,54,0,11,0,117,0,0,0,251,44,7,0,0,0,8,0,25,0,0,0,0,0,0,0,0,0,0,0,0,0,0,0,0,0,0,0,0,0,0,0,0,0,253,150,97,0,162,0,0,3,0,0,0,0,0,0,0
119,0,201,185,0,120,139,105,86,80,0,224,0,140,0,44,79,0,0,108,0,0,186,14,343,10,0,180,4,161,0,0,0,225,0,0,0,162,0,260,0,58,0,0,0,0,0,29,0,5,0,6,14,0,70,7,0,0,0,1,0,20,30,0,0,27,0,0,0,0,0,0,0,0,0,0,0,0,0,0,0,0,0,0,0,1,0,0,0,0,0,0,0,0,0,0,0,0,0,0,0,0,0,0,0,0,0,0,0,0,0,0,0,0,0,0,0,0,0,0,0,0,0,0,0,0,0,4,0,0,0,2,0,0,0,0,0,21,0,0,0,0,0,0,0,0,0,6,0,24,0,43,0,0,0,0,0,0,0,0,0,3,0,0,0,6,0,53,0,51,0,9,0,135,0,0,288,498,0,5,0,20,18,13,0,54,0,0,0,0,0,0,0,0,0,0,0,4,0,6,0,0,0,0,0,0,0,0,0,20,0,0,0,0,334,0,0,0,846,191,174,191,0,2,0
163,201,0,0,217,258,111,0,23,0,107,146,104,0,174,154,29,89,171,0,12,0,423,371,144,66,115,0,299,39,32,0,263,62,0,0,58,17,304,0,36,0,0,0,69,0,10,0,22,0,0,0,0,0,42,0,0,0,12,0,43,0,7,0,9,0,1,0,0,0,0,0,0,0,0,0,0,0,1,0,0,0,0,0,0,0,0,0,0,0,0,0,0,0,0,0,0,0,0,0,0,0,0,0,0,0,0,0,0,0,0,0,0,0,0,0,0,0,0,0,0,0,0,0,0,0,0,0,0,0,0,0,0,0,95,0,0,0,0,0,0,0,57,0,0,0,1,0,3,0,0,0,1,0,2,0,0,0,0,0,0,0,0,0,0,0,67,2,97,0,0,0,141,0,0,0,275,52,0,0,0,0,0,0,7,0,0,0,0,0,0,0,0,0,1,0,0,0,0,0,30,0,0,0,6,0,0,0,23,0,384,108,215,218,306,0,0,8,0,0,0,0,0,0,0
93,185,0,0,0,211,0,34,0,2,0,98,0,49,0,81,60,31,0,163,0,30,155,138,85,56,0,105,4,129,0,12,0,168,0,0,0,53,0,90,0,0,0,0,0,0,0,15,0,3,0,0,0,0,0,56,0,0,0,0,4,3,4,1,0,0,0,0,0,0,0,1,0,0,0,0,0,0,0,0,0,0,0,0,0,9,0,0,0,0,0,0,0,0,0,0,0,0,0,0,0,0,0,0,0,0,0,0,0,0,0,0,0,0,0,0,0,0,0,0,0,0,0,0,0,0,0,0,0,0,0,0,0,0,0,50,0,34,0,0,0,0,0,0,0,0,0,0,0,0,0,0,0,0,0,0,0,0,0,0,0,0,0,2,0,0,0,70,0,0,0,0,0,16,0,0,66,73,0,0,0,0,20,0,0,0,0,0,0,0,0,0,0,0,0,0,0,0,0,0,0,0,0,0,0,0,0,0,0,13,0,0,0,0,99,0,0,0,163,23,90,67,0,0,0
68,0,217,0,0,154,0,0,6,0,108,83,327,190,415,112,0,0,103,292,90,164,182,0,25,0,126,46,0,0,78,0,157,0,166,0,231,0,0,0,43,0,5,0,22,6,54,6,8,0,98,0,1,0,14,0,0,0,0,0,0,0,0,0,0,0,0,0,0,0,0,0,0,0,0,0,0,0,0,0,0,0,0,0,0,0,0,0,0,0,0,0,0,0,0,0,0,0,0,0,0,0,0,0,0,0,0,0,0,0,0,0,0,0,0,0,0,0,0,0,0,0,0,0,2,0,0,0,0,0,0,0,0,0,25,0,0,0,0,0,0,0,0,0,0,0,0,0,12,0,0,0,0,0,0,0,0,0,0,0,0,0,0,0,62,0,212,0,180,0,12,0,65,0,0,0,208,40,76,0,0,0,14,0,86,0,0,0,0,0,0,0,0,0,0,0,0,0,0,0,0,0,0,0,0,0,0,0,5,0,285,276,328,0,189,0,1,0,0,0,0,0,0,0,0
99,120,258,211,154,0,0,36,0,0,94,274,42,114,301,253,57,0,41,174,184,42,366,95,0,27,0,235,7,32,12,118,0,135,6,99,0,143,0,0,0,99,0,0,0,3,0,56,0,0,0,54,0,0,0,14,0,0,0,0,0,2,0,0,0,0,0,0,0,0,0,0,0,0,0,0,0,0,0,0,0,0,0,1,0,0,0,0,0,0,0,0,0,0,0,0,0,0,0,0,0,0,0,0,0,6,0,0,0,0,0,0,0,0,0,0,0,0,0,0,0,0,0,0,0,0,1,0,0,0,0,0,0,0,0,38,0,43,0,0,0,0,0,0,0,0,0,0,0,0,0,0,0,7,0,0,0,0,0,0,0,0,0,0,0,79,0,285,0,0,0,4,0,0,0,0,160,626,29,18,0,9,11,3,0,9,0,1,0,0,0,0,0,0,0,0,0,0,0,0,0,22,0,0,0,0,0,0,0,27,0,0,0,0,147,0,0,0,369,189,393,96,0,0,0
47,139,111,0,0,0,0,0,220,70,52,0,0,0,0,0,6,47,0,0,0,0,15,0,246,236,0,0,79,0,0,1,0,0,0,0,0,0,70,24,0,0,0,0,0,0,0,0,68,0,0,0,22,0,213,0,4,0,9,0,326,0,226,0,69,0,20,0,0,0,0,0,0,0,1,0,0,0,0,0,0,0,0,0,0,0,0,0,0,0,0,0,0,0,0,0,0,0,0,0,0,0,0,0,0,0,0,0,0,0,0,0,0,0,0,0,0,0,0,0,0,0,0,0,12,0,0,0,0,0,74,0,5,0,19,0,5,0,0,0,0,0,0,0,0,0,0,0,52,0,0,0,0,0,0,0,2,0,0,0,17,0,0,0,0,0,0,0,54,0,158,0,235,0,0,0,177,23,0,0,0,0,0,0,6,0,0,0,0,0,6,0,0,0,0,0,4,0,2,0,0,0,0,0,0,0,7,0,10,0,767,78,196,722,666,0,5,15,0,0,0,0,1,0,0
0,105,0,34,0,36,0,0,88,176,0,60,0,32,0,20,0,42,0,32,0,0,0,0,78,122,0,70,0,75,0,0,0,27,0,0,0,0,0,324,0,0,0,0,0,0,0,18,0,1,0,0,81,6,137,428,0,35,0,20,0,82,35,110,0,18,34,20,0,0,0,0,0,0,0,0,0,0,0,0,0,0,0,0,0,0,0,0,0,0,0,0,0,0,0,0,0,0,0,0,0,0,0,0,0,0,0,0,0,0,0,0,0,0,0,0,0,0,0,0,0,0,0,0,0,0,0,0,0,0,0,0,0,2,0,0,0,35,0,0,0,0,0,0,0,0,0,0,0,1,0,0,0,1,1,0,0,0,0,0,0,0,0,12,0,15,0,0,0,0,0,17,0,145,0,0,54,47,0,0,0,0,0,0,5,2,0,0,0,0,0,0,0,0,0,0,0,0,0,0,0,0,0,3,0,0,0,0,0,0,0,0,0,0,570,0,0,0,626,92,165,557,0,19,0
116,86,23,0,6,0,220,88,0,89,41,0,30,0,0,0,36,53,3,0,0,1,0,0,22,285,10,0,27,15,0,0,0,0,0,0,1,0,79,0,0,0,0,0,0,0,0,0,24,0,6,0,34,0,109,56,6,0,90,0,355,7,267,24,97,0,19,0,0,0,0,0,0,0,0,0,0,0,0,0,0,0,0,0,0,0,1,0,0,0,0,0,0,0,0,0,0,0,0,0,0,0,0,0,0,0,0,0,0,0,1,0,0,0,0,0,0,0,0,0,1,0,0,0,9,0,0,0,0,0,44,0,3,0,0,0,0,0,0,0,0,0,0,0,0,0,0,0,41,0,0,0,0,0,0,0,0,0,0,0,5,0,1,0,0,0,0,0,51,0,129,0,181,0,4,0,364,63,8,0,9,0,0,0,354,0,1,0,0,0,1,0,0,0,0,0,0,0,0,0,0,0,0,0,0,0,1,0,5,0,673,183,120,234,298,0,0,4,5,0,0,0,0,0,0
0,80,0,2,0,0,70,176,89,0,0,27,0,5,0,8,0,0,0,14,0,0,0,0,34,14,0,19,0,0,0,0,0,0,0,0,0,0,0,0,0,0,0,0,0,1,0,1,0,0,0,0,169,47,358,157,51,64,185,187,0,138,26,137,0,91,130,51,0,0,0,0,0,0,0,0,0,0,0,0,0,0,0,0,0,0,0,0,0,0,0,0,0,0,0,0,0,0,0,0,0,0,0,0,0,0,0,0,0,0,0,0,0,0,0,0,0,0,0,0,0,0,0,0,0,10,0,4,0,0,0,53,0,0,0,0,0,0,0,1,0,0,0,0,0,0,0,0,0,56,0,29,0,9,4,2,0,16,0,1,0,13,0,0,0,11,0,0,0,0,0,37,0,135,0,0,45,290,0,0,0,0,0,10,16,112,0,0,0,0,0,2,0,0,0,0,0,0,0,0,0,0,0,0,0,0,0,0,0,17,0,0,0,0,624,0,0,0,752,77,168,393,6,12,0
81,0,107,0,108,94,52,0,41,0,0,0,220,0,73,86,3,0,13,89,27,89,60,71,0,0,33,0,0,0,20,9,102,0,13,0,94,0,0,0,34,0,0,0,19,0,17,3,5,0,0,0,0,0,3,0,0,0,0,0,0,0,0,0,0,0,0,0,0,0,0,0,0,0,0,0,0,0,0,0,0,0,0,0,0,0,0,0,0,0,0,0,0,0,0,0,0,0,0,0,0,0,0,0,0,0,0,0,0,0,0,0,0,0,0,0,0,0,0,0,0,0,0,0,0,0,0,0,0,0,0,0,0,0,0,0,0,0,0,0,0,0,0,0,0,0,0,0,8,0,0,0,14,0,0,0,0,0,0,0,0,0,0,0,12,0,78,0,121,0,0,0,45,0,0,0,213,21,133,0,22,0,59,0,79,0,0,0,0,0,0,0,0,0,0,0,0,0,0,0,0,0,0,0,0,0,0,0,0,0,268,210,203,81,114,0,1,1,0,0,0,0,0,0,0
48,224,146,98,83,274,0,60,0,27,0,0,22,233,158,24,23,0,0,46,68,5,194,4,0,0,0,126,0,0,4,0,0,33,0,18,7,38,0,0,0,127,0,14,0,0,0,53,0,6,5,11,0,0,0,1,0,0,0,0,0,0,0,0,0,14,0,0,0,0,0,0,0,0,0,0,0,0,0,0,0,0,0,0,0,0,0,0,0,0,0,0,0,0,0,0,0,0,0,0,0,0,0,0,0,0,0,0,0,0,0,0,0,0,0,0,0,0,0,0,0,0,0,0,0,0,0,0,0,0,0,0,0,0,0,21,0,37,0,0,0,0,0,0,0,0,0,0,0,11,0,55,0,0,0,0,0,0,0,0,0,0,0,2,0,15,0,59,0,20,0,0,0,5,0,0,113,524,18,30,0,61,0,11,0,27,0,2,0,0,0,0,0,0,0,0,0,0,0,0,0,0,0,0,0,0,0,0,0,24,0,0,0,0,106,0,0,0,402,239,155,48,15,0,0
56,0,104,0,327,42,0,0,30,0,220,22,0,331,58,0,2,0,97,287,22,61,34,0,0,0,113,431,0,0,0,0,0,0,79,0,27,0,0,0,181,0,97,0,83,88,89,136,11,30,150,26,0,0,0,0,2,0,0,0,0,0,0,0,0,0,0,0,0,0,0,0,1,0,0,0,0,0,0,0,0,0,0,0,0,0,0,0,0,0,0,0,0,0,0,0,0,0,0,0,0,0,0,0,0,0,0,0,0,0,0,0,0,0,0,0,0,0,0,0,0,0,0,0,0,0,0,0,0,0,0,0,0,0,0,0,0,0,0,0,0,0,0,0,3,0,0,0,0,0,5,0,13,0,0,0,0,0,0,0,0,0,0,0,84,0,23,0,23,0,0,0,0,0,35,0,120,81,172,0,49,0,43,0,113,0,75,0,0,0,0,0,0,0,0,0,0,0,0,0,0,0,0,0,0,0,0,0,0,0,75,200,103,0,26,0,0,1,0,0,0,0,0,0,0
0,140,0,49,190,114,0,32,0,5,0,233,331,0,160,0,0,0,404,54,167,8,0,0,0,0,134,112,0,0,0,2,0,0,57,40,16,19,0,0,22,179,23,69,0,21,7,114,0,28,68,257,0,0,0,0,0,0,0,0,0,0,0,0,0,0,0,0,0,0,0,0,0,0,0,0,0,2,0,0,0,0,0,0,0,0,0,0,0,0,0,0,0,0,0,1,0,0,0,0,0,0,0,0,0,0,0,0,0,0,0,0,0,0,0,0,0,0,0,0,0,0,0,0,1,0,0,0,0,0,0,0,0,0,0,0,0,0,0,0,0,0,0,0,0,0,0,0,0,0,0,0,0,16,0,0,0,0,0,0,0,0,0,0,0,97,0,32,0,0,0,1,0,0,0,0,41,340,38,17,0,27,0,6,1,0,24,31,0,0,0,0,0,0,0,0,0,0,0,0,0,0,0,0,0,0,0,0,0,6,0,0,0,0,10,0,0,0,63,292,202,23,3,0,0
7,0,174,0,415,301,0,0,0,0,73,158,58,160,0,233,16,0,226,352,60,226,241,98,29,0,112,60,0,0,34,17,34,0,77,31,83,0,0,0,11,0,0,0,35,1,0,7,1,0,36,0,0,0,12,0,0,0,0,0,0,0,0,0,0,0,0,0,0,0,0,0,0,0,0,0,0,0,0,0,0,0,0,0,0,0,0,0,0,0,0,0,0,0,0,0,20,0,0,0,0,0,0,0,0,0,0,0,0,0,0,0,0,0,0,0,0,0,2,0,0,0,0,0,0,0,0,0,0,0,0,0,0,0,39,0,0,0,0,0,0,0,43,0,0,0,0,0,5,0,0,0,9,0,0,0,0,0,0,0,1,0,0,0,25,0,49,0,59,0,0,0,12,0,0,0,123,34,24,0,0,0,1,0,10,0,0,0,0,0,0,0,0,0,0,0,0,0,0,0,0,0,0,0,0,0,0,0,0,0,32,145,62,20,22,0,0,0,0,0,0,0,0,0,0
62,44,154,81,112,253,0,20,0,8,86,24,0,0,233,0,52,29,0,260,120,49,271,126,29,47,0,112,3,11,14,92,0,18,0,34,0,31,0,0,0,0,0,0,0,0,0,0,0,0,0,5,0,0,0,115,0,18,0,16,0,0,0,19,0,0,0,0,0,0,0,0,0,0,0,0,0,0,0,0,0,0,0,0,0,102,0,0,0,0,0,0,0,0,0,0,0,0,0,96,0,0,0,0,0,0,0,0,0,0,0,0,0,0,0,0,0,0,0,0,0,0,0,11,0,0,0,0,0,0,0,0,0,0,0,209,0,95,0,0,0,0,0,0,0,0,0,0,0,4,0,0,0,0,0,0,0,0,0,0,0,0,0,0,0,9,0,51,0,0,0,0,0,5,0,0,53,102,12,0,0,0,7,0,0,0,0,0,0,0,0,0,0,0,0,0,0,0,0,0,0,138,0,0,0,0,0,0,0,63,0,7,0,0,0,0,0,0,40,79,80,0,0,0,0
29,79,29,60,0,57,6,0,36,0,3,23,2,0,16,52,0,62,185,0,210,0,98,145,177,66,104,0,225,10,54,8,163,15,35,0,5,0,194,0,0,0,0,0,69,0,0,0,1,0,15,0,89,0,6,0,4,0,0,0,51,0,306,0,0,0,0,0,0,0,7,0,0,0,21,0,0,0,0,0,0,0,0,0,123,0,0,0,0,0,82,0,0,0,0,0,295,0,0,0,0,0,0,0,0,0,85,0,0,0,0,0,0,0,0,0,0,0,0,0,53,0,147,0,0,0,0,0,0,0,1,0,0,0,16,0,126,0,90,0,159,0,366,0,4,0,0,0,0,0,1,0,0,0,15,0,0,0,12,0,4,0,0,0,0,0,10,0,18,0,0,0,21,2,0,0,29,4,0,0,0,0,36,0,0,0,0,0,0,0,0,0,0,0,0,0,0,0,0,0,81,0,0,0,0,0,0,0,0,0,13,110,39,28,16,0,0,0,0,0,0,0,0,0,0
67,0,89,31,0,0,47,42,53,0,0,0,0,0,0,29,62,0,0,0,0,86,105,173,192,220,0,35,0,182,3,40,0,173,0,15,0,25,0,229,0,0,0,0,0,3,0,0,0,0,0,0,13,43,45,49,0,7,0,0,0,10,22,130,0,0,0,0,0,0,0,6,0,0,0,14,0,0,0,0,0,147,0,0,0,250,0,24,0,0,0,0,0,0,0,0,0,0,0,191,0,38,0,0,0,0,0,0,0,0,0,0,0,0,0,0,0,0,0,0,0,41,0,57,0,0,0,0,0,53,0,3,0,0,0,129,0,0,0,80,0,96,0,305,0,16,0,0,0,0,0,0,0,0,0,7,0,0,0,9,0,0,0,0,0,4,0,27,0,5,0,2,0,10,0,0,20,14,0,0,0,0,8,0,0,0,0,0,0,0,0,0,0,0,0,0,0,0,0,1,0,75,0,0,0,0,0,0,0,0,0,0,0,0,40,0,0,0,34,172,37,43,0,0,0
0,0,171,0,103,41,0,0,3,0,13,0,97,404,226,0,185,0,0,282,146,52,185,0,89,0,80,512,0,0,6,0,5,0,121,19,17,0,0,0,33,48,9,0,12,76,13,218,0,34,300,36,0,0,26,0,0,0,0,0,9,0,28,0,0,0,0,0,0,0,13,0,0,0,0,0,0,0,0,0,13,0,0,0,0,0,0,0,0,0,0,0,0,0,0,0,0,0,0,0,0,0,0,0,28,0,0,0,0,0,0,0,0,0,0,0,0,0,0,0,0,0,0,0,0,0,0,0,0,0,0,0,0,0,0,0,17,0,0,0,0,0,0,0,0,0,0,0,10,0,8,0,10,0,0,0,0,0,0,0,0,0,0,0,128,0,41,0,44,0,0,0,0,0,16,0,19,30,29,0,33,0,9,0,41,0,34,0,1,0,0,0,0,0,0,0,0,0,0,0,0,0,0,0,0,0,0,0,0,0,76,264,140,0,27,0,0,0,0,0,0,0,0,0,0
0,108,0,163,292,174,0,32,0,14,89,46,287,54,352,260,0,0,282,0,203,80,0,231,0,34,0,265,0,33,0,38,0,0,73,108,30,86,0,0,0,7,23,39,0,28,0,39,0,0,59,227,0,4,0,31,0,0,0,0,0,1,0,20,0,16,0,0,0,0,0,0,0,0,0,0,0,0,0,0,0,0,0,0,0,0,0,0,0,0,0,0,0,0,0,0,0,0,0,0,0,0,0,0,0,0,0,0,0,0,0,0,0,0,0,0,0,0,0,0,0,0,0,0,0,1,0,0,0,0,0,0,0,0,0,187,0,110,0,0,0,21,0,0,0,0,0,0,0,16,0,0,0,8,0,3,0,2,0,0,0,0,0,0,0,80,0,33,0,0,0,2,0,0,0,0,38,84,71,2,0,0,0,0,0,27,17,5,0,0,0,0,0,0,0,0,0,0,0,28,0,90,0,0,0,0,0,0,0,68,0,0,0,0,0,0,0,0,57,239,149,0,0,0,0
10,0,12,0,90,184,0,0,0,0,27,68,22,167,60,120,210,0,146,203,0,120,138,87,39,0,169,138,37,0,163,0,173,2,66,17,80,12,11,0,0,0,0,0,24,0,0,61,0,7,99,0,12,0,4,1,0,0,0,0,0,0,95,0,0,0,0,0,0,0,57,0,0,0,66,0,0,0,0,0,36,0,0,0,139,0,44,0,0,0,129,0,0,0,0,0,324,0,99,0,0,0,0,0,0,0,0,0,0,0,0,0,0,0,0,0,0,0,0,0,139,0,163,0,0,0,0,0,0,0,0,0,0,0,0,0,47,0,98,0,220,0,270,0,41,0,0,0,0,0,0,0,0,0,7,0,0,0,0,0,0,0,0,0,84,0,104,0,85,0,0,0,29,0,0,0,53,7,19,0,0,0,5,0,0,0,0,0,0,0,0,0,0,0,0,0,0,0,0,0,0,0,0,0,0,0,0,0,0,0,146,338,143,56,108,0,0,0,0,0,0,0,0,0,0
13,0,0,30,164,42,0,0,1,0,89,5,61,8,226,49,0,86,52,80,120,0,78,177,0,16,0,209,0,117,12,32,10,7,15,57,4,9,0,0,0,0,2,15,0,27,0,0,0,2,11,14,0,3,0,24,0,4,0,0,0,0,0,43,0,0,0,0,0,0,0,8,0,1,0,18,0,0,0,0,0,0,0,0,0,160,0,20,0,0,0,0,0,0,0,0,0,0,0,151,0,0,0,1,0,0,0,0,0,0,0,0,0,0,0,0,0,0,0,0,0,0,0,61,0,0,0,0,0,25,0,0,0,0,0,94,0,24,0,174,0,181,0,262,0,71,0,0,0,0,0,0,0,0,0,4,0,0,0,11,0,0,0,0,0,42,0,18,0,0,0,0,0,2,0,0,13,11,13,0,0,0,0,0,0,0,0,0,0,0,0,0,0,0,0,0,0,0,0,0,0,40,0,0,0,0,0,0,0,0,4,0,0,0,25,0,0,0,94,463,57,24,0,0,0
57,186,423,155,182,366,15,0,0,0,60,194,34,0,241,271,98,105,185,0,138,78,0,623,183,54,133,0,79,47,70,58,52,52,0,0,8,17,43,0,18,0,0,0,131,0,9,0,5,0,7,0,13,0,74,0,0,0,3,0,12,0,54,0,0,0,0,0,0,0,0,0,0,0,0,0,0,0,0,0,0,0,0,0,99,0,10,0,0,0,0,0,0,0,0,0,195,0,0,0,0,0,0,0,0,0,140,0,0,0,0,0,0,0,0,0,0,0,0,0,0,0,43,0,0,0,0,0,0,0,0,0,0,0,109,0,72,0,0,0,0,0,294,0,0,0,0,0,1,0,0,0,5,0,0,0,0,0,0,0,0,0,0,0,0,0,22,0,63,0,0,0,36,0,0,0,207,36,0,0,0,0,24,0,3,0,0,0,0,0,0,0,0,0,0,0,0,0,0,0,136,0,0,0,9,0,0,0,80,0,16,181,61,22,23,0,0,1,0,6,0,0,0,0,0
195,14,371,138,0,95,0,0,0,0,71,4,0,0,98,126,145,173,0,231,87,177,623,0,134,5,0,187,14,90,11,49,35,50,0,12,8,24,0,2,0,0,0,0,0,0,0,0,0,0,0,0,0,7,0,32,0,0,0,0,2,0,0,38,0,0,0,0,0,0,0,0,0,0,0,0,0,0,0,0,0,40,0,0,0,62,0,0,0,0,0,10,0,0,0,0,0,0,0,69,0,0,0,0,0,0,0,25,0,0,0,0,0,0,0,0,0,0,0,0,0,0,0,23,0,0,0,0,0,0,0,0,0,0,0,70,0,0,0,0,0,19,0,44,0,0,0,0,0,0,0,0,0,0,0,0,0,0,0,0,0,0,0,0,0,0,0,81,0,11,0,0,0,5,0,0,50,36,0,0,0,0,22,0,0,0,0,0,0,0,0,0,0,0,0,0,0,0,0,0,0,49,0,0,0,0,0,0,0,8,0,3,0,0,20,0,0,0,39,288,36,0,1,0,0
17,343,144,85,25,0,246,78,22,34,0,0,0,0,29,29,177,192,89,0,39,0,183,134,0,479,42,0,135,45,9,0,10,56,0,0,0,33,82,59,0,0,0,0,52,0,0,0,8,0,0,1,43,0,142,0,18,0,13,0,48,9,166,5,0,0,0,0,0,0,0,0,0,0,0,0,0,0,0,0,0,0,0,0,36,0,0,0,0,0,0,0,0,0,0,0,0,0,0,0,0,0,0,0,0,0,0,0,0,0,0,0,0,0,0,0,0,0,0,0,0,0,0,0,0,0,0,0,29,0,0,0,0,0,126,0,205,0,58,0,59,0,410,0,0,0,1,0,6,0,4,0,3,0,36,0,0,0,30,0,23,0,0,0,0,0,0,0,27,0,15,0,28,9,0,0,115,18,0,0,0,0,6,0,2,0,0,0,0,0,0,0,0,0,0,0,0,0,7,0,118,0,0,0,0,0,0,0,68,0,42,90,48,137,68,0,0,2,0,0,0,4,0,0,0
78,10,66,56,0,27,236,122,285,14,0,0,0,0,0,47,66,220,0,34,0,16,54,5,479,0,0,0,6,59,0,11,0,42,0,0,0,38,0,83,0,0,0,0,0,0,0,0,0,0,0,0,92,11,271,244,0,69,0,25,0,31,109,64,0,0,0,1,0,0,0,0,0,0,0,0,0,0,0,0,0,0,0,0,0,129,0,0,0,0,0,0,0,0,0,0,0,0,0,0,0,0,0,0,0,0,0,0,0,0,0,0,0,0,0,0,0,0,0,0,0,0,0,0,0,0,0,0,0,12,0,0,0,0,0,268,4,47,0,35,0,37,0,234,0,0,0,0,0,0,0,0,0,0,0,18,0,2,0,8,0,2,0,1,0,4,0,12,0,19,0,2,0,56,0,0,113,78,0,0,0,0,9,1,0,0,0,0,0,0,0,0,0,0,0,0,0,0,0,0,0,146,0,0,0,0,0,0,0,11,15,0,4,0,75,0,0,1,107,283,38,49,0,0,0
12,0,115,0,126,0,0,0,10,0,33,0,113,134,112,0,104,0,80,0,169,0,133,0,42,0,0,399,23,0,33,0,63,0,36,0,150,0,13,0,53,181,114,71,172,256,14,639,33,196,256,36,11,0,0,0,0,0,0,0,0,0,39,0,0,0,0,0,0,0,0,0,0,0,0,0,0,0,0,0,0,0,0,0,0,0,0,0,0,0,0,0,0,0,0,0,0,0,0,0,0,0,0,0,0,0,0,0,0,0,0,0,0,0,0,0,0,0,0,0,0,0,0,0,0,0,0,0,0,0,0,0,0,0,0,0,31,0,0,0,0,0,173,0,0,0,0,0,12,0,0,0,0,0,0,0,0,0,0,0,0,0,0,0,197,0,0,0,47,0,0,0,0,0,0,0,18,51,14,0,21,3,0,0,59,0,94,0,0,0,0,0,0,0,0,0,0,0,0,0,0,0,0,0,0,0,0,0,0,0,28,368,232,0,21,0,0,55,0,0,0,0,0,0,0
0,180,0,105,46,235,0,70,0,19,0,126,431,112,60,112,0,35,512,265,138,209,0,187,0,0,399,0,0,54,0,29,0,0,93,44,21,42,0,0,152,78,117,164,0,178,52,112,0,37,188,317,0,0,0,0,0,0,0,0,0,0,0,46,0,16,0,0,0,0,0,0,0,0,0,21,0,0,0,0,0,162,0,0,0,0,0,0,0,0,0,0,0,0,0,8,0,0,0,0,0,0,0,0,0,0,0,0,0,0,0,0,0,0,0,0,0,0,0,0,0,0,0,101,0,0,0,0,0,9,0,0,0,0,0,146,0,97,0,0,0,147,0,193,0,93,0,0,0,13,0,27,0,0,0,1,0,0,0,4,0,0,0,0,0,170,0,0,0,0,0,0,0,0,0,0,4,136,22,1,0,0,0,8,0,18,60,39,0,0,0,0,0,0,0,0,0,0,0,0,0,0,0,0,0,0,0,0,0,0,0,0,0,0,8,0,0,0,40,833,302,0,0,0,24
54,4,299,4,0,7,79,0,27,0,0,0,0,0,0,3,225,0,0,0,37,0,79,14,135,6,23,0,0,0,41,0,22,0,33,0,19,0,3,0,0,0,3,0,3,0,0,0,0,0,6,0,2,0,5,0,0,0,0,0,1,0,13,0,0,0,0,0,0,0,0,0,0,0,0,0,0,0,0,0,0,0,0,0,0,0,0,0,0,0,0,0,0,0,0,0,0,0,0,0,0,0,0,0,0,0,0,0,0,0,0,0,0,0,0,0,0,0,0,0,3,0,7,0,0,0,0,0,0,0,0,0,0,0,0,0,5,0,33,0,17,0,0,0,2,0,0,0,0,0,0,0,0,0,7,0,0,0,8,0,0,0,0,0,1,0,0,0,1,0,0,0,0,0,0,0,29,0,0,0,0,0,50,0,0,0,0,0,0,0,0,0,0,0,0,0,0,0,0,0,0,0,0,0,0,0,0,0,0,0,0,17,3,0,0,0,0,0,0,0,0,0,0,0,0
28,161,39,129,0,32,0,75,15,0,0,0,0,0,0,11,10,182,0,33,0,117,47,90,45,59,0,54,0,0,0,115,0,104,0,125,0,20,0,49,0,0,0,18,0,0,0,0,0,0,0,17,0,7,8,21,0,5,0,0,1,18,5,89,0,0,0,0,0,0,0,0,0,0,0,4,0,0,0,0,0,0,0,0,0,64,0,0,0,0,0,0,0,0,0,0,0,0,0,53,0,9,0,0,0,0,0,0,0,0,0,0,0,0,0,0,0,0,0,0,0,26,0,29,0,0,0,0,0,27,0,0,0,0,0,0,0,16,0,104,0,77,0,96,0,22,0,0,0,0,0,0,0,0,0,10,0,1,0,24,0,0,0,0,0,0,0,0,0,0,0,0,0,0,0,0,7,18,0,0,0,0,6,7,0,4,0,0,0,0,0,0,0,0,0,0,0,0,0,0,0,0,0,0,0,0,0,0,0,0,0,0,0,0,0,0,0,0,0,97,0,0,0,0,0
21,0,32,0,78,12,0,0,0,0,20,4,0,0,34,14,54,3,6,0,163,12,70,11,9,0,33,0,41,0,0,0,18,0,15,0,32,0,34,0,0,0,2,0,0,0,0,0,0,0,20,0,6,0,1,0,0,0,0,0,0,0,40,0,0,0,0,0,0,0,0,0,0,0,0,0,0,0,0,0,0,0,0,0,0,0,0,0,0,0,0,0,0,0,0,0,0,0,0,0,0,0,0,0,0,0,0,0,0,0,0,0,0,0,0,0,0,0,0,0,0,0,0,0,0,0,0,0,0,0,0,0,0,0,0,0,15,0,75,0,70,0,32,0,0,0,0,0,0,0,0,0,0,0,3,0,0,0,5,0,0,0,0,0,0,0,36,0,37,0,0,0,7,0,0,0,4,0,0,0,0,0,0,0,0,0,0,0,0,0,0,0,0,0,0,0,0,0,0,0,0,0,0,0,0,0,0,0,0,0,49,94,33,0,23,0,0,0,0,0,0,0,0,0,0
11,0,0,12,0,118,1,0,0,0,9,0,0,2,17,92,8,40,0,38,0,32,58,49,0,11,0,29,0,115,0,0,0,8,0,29,0,7,0,0,0,0,0,27,0,1,0,0,0,0,0,12,0,0,0,0,0,0,0,0,0,0,0,14,0,0,0,0,0,0,0,0,0,0,0,5,0,0,0,1,0,0,0,0,0,30,0,0,0,0,0,0,0,0,0,0,0,0,0,0,0,3,0,0,0,0,0,0,0,0,0,0,0,0,0,0,0,0,0,0,0,0,0,0,0,0,0,0,0,0,0,0,0,0,0,0,0,0,0,48,0,39,0,0,0,21,0,0,0,0,0,0,0,0,0,3,0,0,0,0,0,0,0,0,0,0,0,27,0,0,0,0,0,0,0,0,0,0,0,0,0,0,0,0,0,0,0,0,0,0,0,0,0,0,0,0,0,0,0,0,0,0,0,0,0,0,0,0,0,0,0,0,0,0,0,0,0,0,77,247,41,0,0,0,0
112,0,263,0,157,0,0,0,0,0,102,0,0,0,34,0,163,0,5,0,173,10,52,35,10,0,63,0,22,0,18,0,0,0,62,0,281,0,11,0,0,0,11,0,11,0,0,0,0,0,21,0,3,0,4,0,1,0,0,0,2,0,8,0,0,0,0,0,0,0,0,0,0,0,0,0,0,0,0,0,0,0,0,0,0,0,0,0,0,0,0,0,0,0,0,0,0,0,0,0,0,0,0,0,0,0,0,0,0,0,0,0,0,0,0,0,0,0,0,0,0,0,0,0,0,0,0,0,0,0,0,0,0,0,0,0,7,0,50,0,30,0,0,0,0,0,0,0,0,0,0,0,0,0,7,0,0,0,3,0,0,0,0,0,0,0,54,0,26,0,0,0,7,1,0,0,45,0,8,0,4,0,71,0,3,0,0,0,0,0,0,0,0,0,0,0,0,0,0,0,0,0,0,0,0,0,0,0,0,0,39,154,38,11,0,0,0,0,3,0,0,0,0,0,0
0,225,62,168,0,135,0,27,0,0,0,33,0,0,0,18,15,173,0,0,2,7,52,50,56,42,0,0,0,104,0,8,0,0,0,185,0,63,0,5,0,0,0,32,1,2,0,0,0,0,0,24,0,12,0,10,0,0,0,0,0,0,0,23,0,0,0,0,0,0,0,0,0,0,0,0,0,0,0,0,0,0,0,0,0,15,0,0,0,0,0,0,0,0,0,0,0,0,0,0,0,0,0,0,0,0,0,0,0,0,0,0,0,0,0,0,0,0,0,0,0,0,0,0,0,0,0,0,0,19,0,0,0,0,0,16,0,0,0,117,0,57,0,32,0,57,1,0,0,0,0,0,0,0,0,8,0,9,0,38,0,0,0,0,0,2,0,17,0,0,0,0,0,1,0,0,15,62,0,0,0,0,0,19,0,0,0,0,0,0,0,0,0,0,0,0,0,0,0,0,0,0,0,0,0,0,0,0,0,0,0,0,0,2,6,0,0,0,14,369,0,2,0,0,0
0,0,0,0,166,6,0,0,0,0,13,0,79,57,77,0,35,0,121,73,66,15,0,0,0,0,36,93,33,0,15,0,62,0,0,0,16,0,43,0,1,0,3,5,5,18,0,0,1,8,38,0,0,0,0,0,0,0,0,0,0,0,0,0,0,0,0,0,0,0,16,0,0,0,0,0,0,0,0,0,0,0,0,0,23,0,0,0,0,0,25,0,0,0,0,0,44,0,22,0,0,0,0,0,0,0,0,0,0,0,0,0,0,0,0,0,0,0,0,0,31,0,39,0,1,0,0,0,0,0,0,0,0,0,0,0,7,0,0,0,0,0,45,0,0,0,0,0,0,0,0,0,0,0,0,0,0,0,0,0,0,0,0,0,16,0,12,0,21,0,2,0,1,0,0,0,5,8,17,0,0,0,0,0,5,0,2,0,0,0,0,0,0,0,0,0,0,0,0,0,0,0,0,0,0,0,0,0,0,0,25,104,34,7,16,0,0,0,0,0,0,0,0,0,0
0,0,0,0,0,99,0,0,0,0,0,18,0,40,31,34,0,15,19,108,17,57,0,12,0,0,0,44,0,125,0,29,0,185,0,0,0,211,0,15,0,0,0,74,0,5,0,0,0,0,0,51,0,0,0,0,0,3,0,0,0,6,0,13,0,0,0,0,0,0,0,4,0,0,0,6,0,0,0,0,0,0,0,0,0,0,0,0,0,0,0,0,0,0,0,0,0,0,0,50,0,0,0,0,0,0,0,0,0,0,0,0,0,0,0,0,0,0,0,0,0,0,0,34,0,0,0,0,0,22,0,0,0,0,0,0,0,0,0,134,0,113,0,92,0,52,0,0,0,0,0,0,0,0,0,9,0,0,0,26,0,0,0,0,0,93,0,63,0,23,0,0,0,7,0,0,2,15,0,0,0,0,0,0,0,0,1,4,0,0,0,0,0,0,0,0,0,0,0,0,0,0,0,0,0,0,0,0,0,0,0,0,0,0,25,0,0,0,112,436,186,39,0,0,0
22,0,58,0,231,0,0,0,1,0,94,7,27,16,83,0,5,0,17,30,80,4,8,8,0,0,150,21,19,0,32,0,281,0,16,0,0,0,25,0,0,0,30,0,64,0,0,1,2,0,25,0,2,0,3,0,0,0,0,0,11,0,18,0,0,0,0,0,0,0,69,0,0,0,60,0,0,0,0,0,0,0,0,0,60,0,0,0,0,0,47,0,0,0,0,0,124,0,77,0,0,0,0,0,0,0,0,0,0,0,0,0,0,0,0,0,0,0,0,0,122,0,66,0,0,0,0,0,0,0,0,0,0,0,0,0,24,0,166,0,186,0,79,0,98,0,0,0,0,0,0,0,0,0,23,0,0,0,18,0,0,0,9,0,16,0,31,0,62,0,9,0,27,0,0,0,23,0,0,0,3,0,18,0,6,0,0,0,0,0,0,0,0,0,0,0,0,0,0,0,0,0,0,0,0,0,0,0,0,0,63,91,47,33,17,0,0,0,0,0,0,0,0,0,0
0,162,17,53,0,143,0,0,0,0,0,38,0,19,0,31,0,25,0,86,12,9,17,24,33,38,0,42,0,20,0,7,0,63,0,211,0,0,0,52,0,0,0,99,0,33,0,1,0,0,0,51,1,8,0,0,0,0,0,3,0,35,0,20,0,0,0,0,0,0,0,11,0,0,0,13,0,0,0,0,0,0,0,0,0,0,0,9,0,0,0,2,0,0,0,0,0,0,0,0,0,0,0,0,0,0,0,0,0,0,0,0,0,0,0,0,0,0,0,0,0,58,0,27,0,0,0,0,0,11,0,0,0,0,0,0,0,11,0,137,0,133,0,57,0,190,0,0,0,0,0,0,0,0,0,24,0,25,0,61,0,0,0,0,0,20,0,38,0,16,0,0,0,51,0,0,10,89,0,16,0,0,0,26,0,0,0,0,0,0,0,0,0,0,0,0,0,0,0,0,0,0,0,0,0,0,0,0,0,0,0,0,0,0,0,0,0,0,27,377,68,11,0,0,0
130,0,304,0,0,0,70,0,79,0,0,0,0,0,0,0,194,0,0,0,11,0,43,0,82,0,13,0,3,0,34,0,11,0,43,0,25,0,0,0,0,0,3,0,0,0,0,0,0,0,0,0,12,0,0,0,0,0,0,0,7,0,14,0,0,0,0,0,0,0,0,0,0,0,0,0,0,0,0,0,0,0,0,0,0,0,0,0,0,0,0,0,0,0,0,0,0,0,0,0,0,0,0,0,0,0,0,0,0,0,0,0,0,0,0,0,0,0,0,0,0,0,0,0,0,0,0,0,0,0,0,0,0,0,0,0,0,0,34,0,0,0,0,0,17,0,0,0,0,0,3,0,0,0,16,0,3,0,13,0,0,0,0,0,0,0,8,0,0,0,0,0,41,1,0,0,116,0,0,0,0,0,101,0,4,0,0,0,0,0,0,0,0,0,0,0,0,0,0,0,0,0,0,0,0,0,0,0,0,0,30,138,16,7,0,0,0,0,1,0,0,0,0,0,0
8,260,0,90,0,0,24,324,0,0,0,0,0,0,0,0,0,229,0,0,0,0,0,2,59,83,0,0,0,49,0,0,0,5,0,15,0,52,0,0,0,0,0,2,0,0,0,0,0,0,0,1,8,4,27,4,0,0,0,0,0,16,12,19,0,0,0,0,0,0,0,0,0,0,0,0,0,0,0,0,0,0,0,0,0,0,0,0,0,0,0,0,0,0,0,0,0,0,0,0,1,0,0,0,0,0,0,0,0,0,0,0,0,0,0,0,0,0,0,0,0,0,0,0,0,0,0,0,0,0,0,0,0,4,0,0,0,0,0,16,0,11,0,0,0,16,0,0,0,0,0,0,0,0,0,5,0,9,0,17,0,0,0,0,0,0,0,0,0,0,0,0,0,18,0,0,17,109,0,0,0,0,0,25,0,0,0,0,0,0,0,0,0,0,0,0,0,0,0,0,0,0,0,0,0,0,0,0,0,0,0,0,0,0,0,0,0,0,4,166,3,2,1,0,0
16,0,36,0,43,0,0,0,0,0,34,0,181,22,11,0,0,0,33,0,0,0,18,0,0,0,53,152,0,0,0,0,0,0,1,0,0,0,0,0,0,42,39,0,106,144,22,263,68,196,5,0,0,0,0,0,0,0,0,0,0,0,0,0,0,0,0,0,0,0,0,0,0,0,0,0,0,0,0,0,0,0,0,0,0,0,0,0,0,0,0,0,0,0,0,0,0,0,0,0,0,0,0,0,0,0,0,0,0,0,0,0,0,0,0,0,0,0,0,0,0,0,0,0,0,0,0,0,0,0,0,0,0,0,0,0,1,0,0,0,0,0,0,0,0,0,0,0,0,0,0,0,0,0,0,0,0,0,0,0,0,0,0,0,35,0,0,0,0,0,1,0,0,0,0,0,10,37,17,0,0,0,3,0,0,0,133,0,0,0,0,0,0,0,0,0,0,0,0,0,0,0,0,0,0,0,0,0,0,0,0,100,33,0,0,0,0,23,0,0,0,0,0,0,0
1,58,0,0,0,99,0,0,0,0,0,127,0,179,0,0,0,0,48,7,0,0,0,0,0,0,181,78,0,0,0,0,0,0,0,0,0,0,0,0,42,0,0,31,43,34,46,267,4,161,0,26,0,0,0,1,0,0,0,0,0,0,0,0,0,0,0,0,0,0,0,0,0,0,0,0,0,3,0,0,0,0,0,0,0,0,0,0,0,0,0,0,0,0,0,0,0,0,0,0,0,0,0,0,0,0,0,0,0,0,0,0,0,0,0,0,0,0,0,0,0,0,0,0,0,0,0,0,0,0,0,0,0,0,0,0,0,0,0,0,0,0,0,0,0,0,0,0,0,0,0,0,0,0,0,0,0,0,0,0,0,0,0,0,0,7,0,0,0,5,0,0,0,0,0,0,0,217,0,17,0,0,0,3,0,0,20,4,0,0,0,0,0,0,0,1,0,0,0,0,0,0,0,0,0,0,0,0,0,0,0,0,0,0,0,0,0,0,0,6,0,1,0,0,8
0,0,0,0,5,0,0,0,0,0,0,0,97,23,0,0,0,0,9,23,0,2,0,0,0,0,114,117,3,0,2,0,11,0,3,0,30,0,3,0,39,0,0,0,96,54,39,52,28,19,41,0,2,0,1,0,5,0,0,0,1,0,0,0,0,0,0,0,0,0,19,0,0,0,19,0,0,0,0,0,11,0,0,0,11,0,9,0,0,0,32,0,0,0,0,0,46,0,36,0,0,0,0,0,0,0,0,0,0,0,0,0,0,0,0,0,0,0,0,0,0,0,0,0,0,0,0,0,0,0,0,0,0,0,0,0,0,0,0,0,0,0,8,0,0,0,0,0,0,0,0,0,0,0,0,0,0,0,0,0,0,0,0,0,28,0,25,0,8,0,1,0,9,0,0,0,1,3,2,0,0,0,0,0,0,0,52,0,0,0,0,0,0,0,0,0,0,0,0,0,0,0,0,0,0,0,0,0,0,0,29,69,67,12,6,0,0,7,1,0,0,0,0,0,0
0,0,0,0,0,0,0,0,0,0,0,14,0,69,0,0,0,0,0,39,0,15,0,0,0,0,71,164,0,18,0,27,0,32,5,74,0,99,0,2,0,31,0,0,6,100,0,55,0,16,21,32,0,0,0,0,0,0,0,4,0,4,0,0,0,0,0,0,0,0,0,5,0,0,0,0,0,0,0,0,0,0,0,0,0,0,0,0,0,0,0,0,0,0,0,0,0,0,0,0,0,0,0,0,0,0,0,0,0,0,0,0,0,0,0,0,0,0,0,0,0,31,0,16,0,0,0,0,0,0,0,0,0,0,0,0,0,0,0,51,0,59,0,38,0,43,0,0,0,0,0,0,0,0,0,0,0,0,0,0,0,0,0,0,0,15,0,14,0,0,0,0,0,6,0,0,0,60,0,0,0,0,0,0,0,0,6,129,0,0,0,0,0,0,0,0,0,0,0,0,0,0,0,0,0,0,0,0,0,0,0,0,0,0,5,0,0,0,22,120,46,0,0,0,3
9,0,69,0,22,0,0,0,0,0,19,0,83,0,35,0,69,0,12,0,24,0,131,0,52,0,172,0,3,0,0,0,11,1,5,0,64,0,0,0,106,43,96,6,0,83,248,88,102,149,69,1,0,0,15,0,0,0,0,0,0,0,64,0,2,0,0,0,0,0,91,0,6,0,72,0,0,0,0,0,63,0,5,0,163,0,0,0,0,0,172,0,0,0,13,0,367,0,152,0,5,0,0,0,0,0,0,0,0,0,0,0,0,0,0,0,0,0,0,0,122,0,89,0,0,0,0,0,3,0,0,0,0,0,0,0,0,0,0,0,0,0,115,0,0,0,0,0,0,0,0,0,20,0,0,0,0,0,0,0,0,0,0,0,53,0,52,0,28,0,14,0,19,0,54,0,37,5,104,0,64,0,27,0,64,0,138,0,0,0,0,0,0,0,0,0,0,0,0,0,36,0,0,0,0,0,0,0,4,0,66,105,146,26,18,0,0,74,0,0,0,0,0,0,0
0,0,0,0,6,3,0,0,0,1,0,0,88,21,1,0,0,3,76,28,0,27,0,0,0,0,256,178,0,0,0,1,0,2,18,5,0,33,0,0,144,34,54,100,83,0,155,100,31,149,65,50,0,0,0,0,0,0,0,0,0,0,0,0,0,1,0,0,0,0,0,21,0,3,0,15,0,0,0,0,0,0,0,0,0,75,0,0,0,0,0,0,0,0,0,0,0,0,0,109,0,0,0,0,0,0,0,0,0,0,0,0,0,9,0,0,0,0,0,0,0,91,0,36,0,0,0,0,0,0,0,0,0,0,0,0,0,0,0,13,0,31,0,41,0,56,0,0,0,0,0,0,0,0,0,0,0,0,0,0,0,0,0,9,0,222,0,62,0,63,0,6,0,25,0,0,0,45,2,1,0,0,0,0,0,0,32,50,0,0,0,0,0,0,0,0,0,0,0,0,0,0,0,0,0,0,0,0,0,0,0,2,0,0,8,0,0,0,98,213,214,32,3,0,159
7,0,10,0,54,0,0,0,0,0,17,0,89,7,0,0,0,0,13,0,0,0,9,0,0,0,14,52,0,0,0,0,0,0,0,0,0,0,0,0,22,46,39,0,248,155,0,167,80,291,16,0,0,0,0,0,0,0,0,0,0,0,0,0,0,0,0,0,0,0,0,0,0,0,0,0,0,0,0,0,0,0,1,0,0,0,0,0,0,0,0,0,0,0,0,0,0,0,0,0,0,0,0,0,0,0,0,0,0,0,0,0,0,0,0,0,0,0,0,0,0,0,0,0,0,0,0,0,0,0,0,0,0,0,0,0,0,0,0,0,0,0,0,0,0,0,0,0,2,0,0,0,5,0,0,0,0,0,0,0,0,0,1,0,67,0,1,0,22,0,0,0,0,0,0,0,0,31,20,0,12,0,0,0,8,0,126,0,0,0,0,0,0,0,0,0,0,0,0,0,0,0,0,0,0,0,0,0,0,0,0,139,63,2,0,0,0,94,0,3,0,0,0,0,6
0,29,0,15,6,56,0,18,0,1,3,53,136,114,7,0,0,0,218,39,61,0,0,0,0,0,639,112,0,0,0,0,0,0,0,0,1,1,0,0,263,267,52,55,88,100,167,0,13,104,93,21,0,0,0,0,0,0,0,0,0,0,0,0,0,0,0,0,0,0,0,0,0,0,0,0,0,0,0,0,0,0,0,0,0,0,0,0,0,0,0,0,0,0,0,3,0,0,0,0,0,0,0,0,0,0,0,0,0,0,0,0,0,0,0,0,0,0,0,0,0,0,0,0,0,0,0,0,0,0,0,0,0,0,0,0,0,0,0,0,0,0,0,3,0,0,0,0,0,0,0,0,0,0,0,0,0,0,0,0,0,0,0,0,0,27,0,0,0,0,0,0,0,0,0,0,0,216,5,0,0,0,0,0,0,0,112,18,0,0,0,0,0,0,0,1,0,0,0,0,0,0,0,0,0,0,0,0,0,0,0,0,0,0,0,0,0,0,0,175,34,0,0,0,44
8,0,22,0,8,0,68,0,24,0,5,0,11,0,1,0,1,0,0,0,0,0,5,0,8,0,33,0,0,0,0,0,0,0,1,0,2,0,0,0,68,4,28,0,102,31,80,13,0,94,16,0,7,0,8,0,21,0,18,0,4,0,0,0,0,0,0,0,2,0,0,0,0,0,0,0,2,0,2,0,0,0,9,0,3,0,0,1,3,0,0,0,2,0,0,0,0,0,7,0,6,0,5,0,8,0,0,0,0,0,0,0,0,0,0,0,0,0,0,0,0,0,4,0,0,0,3,0,0,0,7,0,0,0,3,0,0,0,0,0,2,0,8,0,2,0,0,0,0,1,7,0,5,0,0,0,1,0,1,0,11,0,9,0,57,0,4,0,25,0,12,0,27,0,0,0,26,5,21,0,8,0,8,0,3,0,161,0,10,0,0,0,24,0,5,0,0,0,0,0,1,0,16,0,10,0,4,0,10,0,36,85,73,4,65,4,0,44,0,3,0,0,0,0,12
0,5,0,3,0,0,0,1,0,0,0,6,30,28,0,0,0,0,34,0,7,2,0,0,0,0,196,37,0,0,0,0,0,0,8,0,0,0,0,0,196,161,19,16,149,149,291,104,94,0,25,6,0,0,0,0,0,0,0,3,0,0,0,0,0,0,0,0,0,0,0,0,0,0,0,0,0,7,0,0,0,3,0,4,0,0,0,4,0,0,0,0,0,0,0,31,0,0,0,0,0,9,0,5,0,0,0,3,0,0,0,0,0,3,0,0,0,0,0,0,0,0,0,0,0,0,0,0,0,0,0,0,0,0,0,0,0,0,0,0,0,0,0,1,0,0,1,0,0,0,0,0,0,0,0,0,0,2,0,0,0,3,0,0,0,86,0,9,0,23,0,0,0,0,0,0,0,100,0,10,0,0,0,0,0,0,58,64,0,0,0,2,0,0,0,13,0,0,0,0,0,0,0,0,0,0,0,0,0,3,0,9,0,0,0,0,0,3,8,55,10,3,0,0,33
0,0,0,0,98,0,0,0,6,0,0,5,150,68,36,0,15,0,300,59,99,11,7,0,0,0,256,188,6,0,20,0,21,0,38,0,25,0,0,0,5,0,41,21,69,65,16,93,16,25,0,19,0,0,0,0,8,0,0,0,0,0,8,0,0,0,0,0,0,0,30,0,0,0,26,0,0,0,0,0,0,0,0,0,0,0,21,0,0,0,0,0,0,0,0,0,66,0,55,0,0,0,0,0,0,0,0,0,0,0,0,0,0,0,0,0,0,0,0,0,32,0,30,0,0,0,0,0,0,0,0,0,0,0,0,0,0,0,0,0,0,0,0,0,15,0,0,0,1,0,0,0,0,0,0,0,0,0,0,0,0,0,12,0,98,0,38,0,43,0,13,0,28,0,0,0,0,0,0,0,0,0,0,0,0,0,9,2,0,0,1,0,0,0,0,0,0,0,0,0,0,0,0,0,0,0,0,0,0,0,63,97,60,37,30,0,0,6,0,1,0,0,0,0,0
0,6,0,0,0,54,0,0,0,0,0,11,26,257,0,5,0,0,36,227,0,14,0,0,1,0,36,317,0,17,0,12,0,24,0,51,0,51,0,1,0,26,0,32,1,50,0,21,0,6,19,0,0,3,0,0,0,12,0,11,0,0,0,0,0,0,0,0,0,0,0,17,0,0,0,0,0,1,0,0,0,76,0,0,0,78,0,0,0,2,0,0,0,0,0,0,0,0,0,111,0,0,0,0,0,0,0,2,0,0,0,0,0,0,0,0,0,0,0,0,0,68,0,38,0,0,0,0,0,0,0,0,0,0,0,0,0,0,0,25,0,55,0,0,0,50,0,0,0,0,0,0,0,0,0,0,0,0,0,0,0,7,0,8,0,41,0,22,0,49,0,9,0,15,0,0,0,29,0,0,0,0,0,0,0,0,8,106,0,0,0,0,0,0,0,0,0,0,0,0,0,0,0,0,0,0,0,0,0,0,0,1,0,0,11,0,0,0,71,279,123,26,1,0,0
0,14,0,0,1,0,22,81,34,169,0,0,0,0,0,0,89,13,0,0,12,0,13,0,43,92,11,0,2,0,6,0,3,0,0,0,2,1,12,8,0,0,2,0,0,0,0,0,7,0,0,0,0,32,126,188,160,22,245,27,101,14,88,21,9,0,0,92,0,0,0,0,0,0,3,0,0,0,0,0,0,0,0,0,13,0,0,0,0,0,5,0,0,0,0,0,23,0,0,0,0,0,0,0,0,0,25,0,0,0,0,0,0,0,0,0,0,0,0,0,0,0,9,0,0,0,0,0,21,0,4,0,0,0,0,0,84,0,133,0,45,0,106,0,2,0,0,0,0,0,0,0,0,0,137,2,84,0,69,0,1,0,0,0,4,0,0,0,0,0,65,0,2,6,0,0,19,7,0,0,0,0,0,0,25,12,0,0,0,0,0,0,0,0,0,0,0,0,0,0,19,0,0,0,0,0,0,0,2,0,32,172,52,104,67,0,5,4,4,3,2,0,0,0,0
0,0,0,0,0,0,0,6,0,47,0,0,0,0,0,0,0,43,0,4,0,3,0,7,0,11,0,0,0,7,0,0,0,12,0,0,0,8,0,4,0,0,0,0,0,0,0,0,0,0,0,3,32,0,20,57,44,43,61,55,0,63,0,94,0,5,0,38,0,0,0,0,0,0,0,0,0,0,0,0,0,0,0,0,0,13,0,0,0,0,0,0,0,0,0,0,0,0,0,3,0,0,0,0,0,0,0,0,0,0,0,0,0,0,0,0,0,0,0,0,0,1,0,0,0,0,0,0,0,36,0,13,0,4,0,25,0,0,0,72,0,41,0,98,1,5,0,0,0,0,0,0,0,0,16,151,1,147,0,53,2,0,0,0,0,0,0,0,0,1,0,3,0,0,0,0,0,22,0,0,0,0,0,0,4,109,0,0,0,0,0,0,0,0,0,0,0,0,0,0,0,6,0,0,0,0,0,0,0,0,0,0,1,0,16,0,0,0,14,63,0,14,0,0,0
1,70,42,0,14,0,213,137,109,358,3,0,0,0,12,0,6,45,26,0,4,0,74,0,142,271,0,0,5,8,1,0,4,0,0,0,3,0,0,27,0,0,1,0,15,0,0,0,8,0,0,0,126,20,0,218,73,0,89,0,32,37,41,92,3,0,54,48,0,0,0,0,0,0,0,0,0,0,0,0,0,0,4,0,0,0,0,0,0,0,0,0,0,0,0,0,7,0,0,0,0,0,0,0,0,0,0,0,0,0,0,0,0,0,0,0,0,0,0,0,0,0,0,0,2,0,1,0,18,0,5,0,7,0,60,0,75,0,14,0,19,0,71,0,0,0,0,0,3,0,0,0,0,0,23,0,8,0,9,0,40,0,0,0,0,0,0,0,17,0,136,0,8,16,0,0,27,49,0,0,0,0,0,0,1,0,0,0,0,0,0,0,0,0,0,0,0,0,0,0,0,0,0,0,0,0,0,0,33,0,167,46,96,378,248,0,8,6,0,0,5,4,0,0,0
0,7,0,56,0,14,0,428,56,157,0,1,0,0,0,115,0,49,0,31,1,24,0,32,0,244,0,0,0,21,0,0,0,10,0,0,0,0,0,4,0,1,0,0,0,0,0,0,0,0,0,0,188,57,218,0,90,141,252,132,0,35,8,118,0,5,167,35,0,0,0,0,0,0,0,0,0,0,0,0,0,0,0,0,0,0,0,0,0,0,0,0,0,0,0,0,0,0,0,0,0,0,0,0,0,0,0,0,0,0,0,0,0,0,0,0,0,0,0,0,0,0,0,0,0,1,0,0,0,7,0,1,0,6,0,150,0,108,0,95,0,43,0,159,0,0,0,0,4,2,0,0,0,0,28,26,0,7,4,10,5,5,0,0,0,7,0,0,0,26,0,26,0,20,0,1,7,38,0,0,0,0,0,0,18,61,0,0,0,0,0,0,0,0,0,0,0,0,0,1,0,47,0,0,0,0,0,1,0,7,2,0,0,1,215,0,0,0,114,170,104,346,6,13,0
0,0,0,0,0,0,4,0,6,51,0,0,2,0,0,0,4,0,0,0,0,0,0,0,18,0,0,0,0,0,0,0,1,0,0,0,0,0,0,0,0,0,5,0,0,0,0,0,21,0,8,0,160,44,73,90,0,90,321,123,14,0,0,0,42,0,38,199,0,0,0,0,0,0,0,0,0,0,0,0,0,0,0,0,0,0,0,0,0,0,0,0,0,0,0,0,0,0,0,0,0,0,0,0,0,0,0,0,0,0,0,0,0,0,0,0,0,0,0,0,0,0,0,0,3,0,2,0,48,0,18,1,11,0,18,0,41,0,32,2,0,0,25,1,7,2,0,0,0,0,0,0,0,0,126,39,102,7,160,0,128,0,65,0,12,0,6,0,138,0,253,0,14,0,14,0,21,1,0,0,46,19,0,0,22,0,0,0,0,0,0,0,0,0,0,0,0,0,0,0,0,0,0,0,0,0,0,0,11,0,447,159,418,621,632,97,51,7,0,0,0,0,0,0,0
0,0,0,0,0,0,0,35,0,64,0,0,0,0,0,18,0,7,0,0,0,4,0,0,0,69,0,0,0,5,0,0,0,0,0,3,0,0,0,0,0,0,0,0,0,0,0,0,0,0,0,12,22,43,0,141,90,0,123,474,0,6,0,17,0,6,0,42,0,1,0,0,0,0,0,0,0,0,0,0,0,0,0,0,0,0,0,0,0,0,0,0,0,0,0,0,0,0,0,0,0,0,0,0,0,0,0,0,0,0,0,0,0,0,0,0,0,0,0,0,0,0,0,0,0,0,0,0,0,25,0,24,0,12,0,101,0,75,8,68,0,42,0,131,0,0,0,0,0,0,0,0,0,0,60,278,5,16,23,109,47,94,0,17,0,17,0,0,0,54,0,117,0,20,4,0,0,1,0,0,16,16,0,0,7,23,0,0,0,0,0,0,0,0,0,0,0,0,0,0,0,11,0,0,0,0,0,0,0,2,0,0,0,0,268,0,0,0,128,66,313,389,40,6,0
3,0,12,0,0,0,9,0,90,185,0,0,0,0,0,0,0,0,0,0,0,0,3,0,13,0,0,0,0,0,0,0,0,0,0,0,0,0,0,0,0,0,0,0,0,0,0,0,18,0,0,0,245,61,89,252,321,123,0,134,64,0,0,20,109,15,375,240,0,0,0,0,0,0,0,0,1,0,0,0,0,0,0,1,0,0,0,0,0,0,0,0,0,0,0,0,0,0,0,0,0,0,0,0,0,0,0,0,0,0,0,0,0,0,0,0,0,0,0,0,0,0,0,0,3,0,3,0,0,0,61,0,2,0,0,0,0,0,0,0,0,0,0,0,0,0,0,0,16,0,0,0,0,0,45,15,126,4,0,0,39,0,7,0,6,0,0,0,76,0,177,0,6,0,0,0,104,15,0,0,49,1,0,0,244,27,0,0,0,0,0,0,0,0,0,0,0,0,0,0,0,0,0,0,0,0,0,0,0,0,663,162,219,466,587,44,21,11,8,0,2,5,0,0,0
0,1,0,0,0,0,0,20,0,187,0,0,0,0,0,16,0,0,0,0,0,0,0,0,0,25,0,0,0,0,0,0,0,0,0,0,0,3,0,0,0,0,0,4,0,0,0,0,0,3,0,11,27,55,0,132,123,474,134,0,0,72,0,64,78,46,0,145,0,1,0,0,0,0,0,0,0,0,0,0,0,0,0,0,0,0,0,0,0,0,0,0,0,0,0,0,0,0,0,0,0,0,0,0,0,0,0,0,0,0,0,0,0,0,0,0,0,0,0,0,0,0,0,0,0,1,0,0,0,2,0,16,0,4,0,4,0,7,16,4,0,0,0,3,28,4,0,0,0,6,0,0,0,0,109,49,21,108,59,15,73,40,0,9,0,26,1,9,0,108,0,114,0,0,3,5,8,0,0,0,20,61,0,0,22,44,0,0,0,0,0,0,0,0,0,0,0,0,0,0,0,0,0,0,0,0,0,0,0,0,0,0,0,0,1175,0,0,0,574,147,459,857,146,14,0
45,0,43,4,0,0,326,0,355,0,0,0,0,0,0,0,51,0,9,0,0,0,12,2,48,0,0,0,1,1,0,0,2,0,0,0,11,0,7,0,0,0,1,0,0,0,0,0,4,0,0,0,101,0,32,0,14,0,64,0,0,0,71,0,0,0,17,0,0,0,0,0,0,0,0,0,0,0,0,0,0,0,0,0,0,0,0,0,0,0,0,0,0,0,0,0,0,0,0,0,0,0,0,0,0,0,0,0,0,0,0,0,0,0,0,0,0,0,0,0,0,0,0,0,0,0,0,0,0,0,0,0,0,0,1,0,17,0,219,0,73,0,0,0,213,0,0,0,0,0,0,0,0,0,189,0,111,0,43,0,0,0,2,0,0,0,0,0,0,0,109,1,75,0,0,0,188,2,0,0,0,0,47,0,67,0,0,0,0,0,0,0,0,0,0,0,0,0,0,0,0,0,0,0,0,0,0,0,0,0,177,294,21,113,68,0,1,0,0,0,0,0,0,0,0
0,20,0,3,0,2,0,82,7,138,0,0,0,0,0,0,0,10,0,1,0,0,0,0,9,31,0,0,0,18,0,0,0,0,0,6,0,35,0,16,0,0,0,4,0,0,0,0,0,0,0,0,14,63,37,35,0,6,0,72,0,0,0,75,0,0,4,51,0,0,0,0,0,0,0,0,0,0,0,0,0,0,0,0,0,0,0,0,0,0,0,0,0,0,0,0,0,0,0,0,0,0,0,0,0,0,0,0,0,0,0,0,0,0,0,0,0,0,0,0,0,0,0,0,0,0,0,0,0,2,0,0,0,0,0,0,0,0,0,40,0,12,0,0,0,88,0,0,0,0,0,0,0,0,0,14,0,185,0,21,0,0,0,0,0,0,0,0,0,0,0,59,0,59,0,2,9,122,0,0,0,0,0,7,0,107,0,0,0,0,0,0,0,0,0,0,0,0,0,0,0,0,0,0,0,0,0,0,0,0,0,0,0,0,33,0,0,0,32,319,12,18,1,0,0
9,30,7,4,0,0,226,35,267,26,0,0,0,0,0,0,306,22,28,0,95,0,54,0,166,109,39,0,13,5,40,0,8,0,0,0,18,0,14,12,0,0,0,0,64,0,0,0,0,0,8,0,88,0,41,8,0,0,0,0,71,0,0,0,0,0,3,0,0,0,4,0,0,0,0,0,0,0,0,0,0,0,0,0,3,0,0,0,0,0,0,0,0,0,0,0,0,0,0,0,0,0,0,0,0,0,0,0,0,0,0,0,0,0,0,0,0,0,0,0,4,0,5,0,0,0,0,0,5,0,0,0,0,0,0,0,23,0,49,0,60,0,29,0,4,0,0,0,0,0,0,0,0,0,8,0,2,0,8,0,0,0,0,0,0,0,0,0,0,0,7,0,4,0,0,0,86,5,0,0,0,0,23,0,17,0,0,0,0,0,0,0,0,0,0,0,0,0,1,0,0,0,0,0,0,0,0,0,0,0,37,165,2,9,12,0,0,0,0,0,0,0,0,0,0
0,0,0,1,0,0,0,110,24,137,0,0,0,0,0,19,0,130,0,20,0,43,0,38,5,64,0,46,0,89,0,14,0,23,0,13,0,20,0,19,0,0,0,0,0,0,0,0,0,0,0,0,21,94,92,118,0,17,20,64,0,75,0,0,0,3,0,37,0,0,0,0,0,0,0,0,0,0,0,0,0,0,0,0,0,0,0,0,0,0,0,0,0,0,0,0,0,0,0,0,0,0,0,0,0,0,0,0,0,0,0,0,0,0,0,0,0,0,0,0,0,0,0,0,0,0,0,0,0,32,0,3,0,0,0,7,0,0,0,83,0,33,0,81,0,17,0,0,0,0,0,0,0,0,0,17,0,26,0,14,0,3,0,0,0,0,0,0,0,7,0,0,0,3,0,0,0,132,0,0,0,0,0,8,0,84,0,0,0,0,0,0,0,0,0,0,0,0,0,0,0,0,0,0,0,0,0,0,0,0,0,0,0,0,15,0,0,0,18,184,4,9,0,0,0
0,0,9,0,0,0,69,0,97,0,0,0,0,0,0,0,0,0,0,0,0,0,0,0,0,0,0,0,0,0,0,0,0,0,0,0,0,0,0,0,0,0,0,0,2,0,0,0,0,0,0,0,9,0,3,0,42,0,109,78,0,0,0,0,0,31,104,0,0,0,0,0,0,0,0,0,0,0,0,0,0,0,0,0,0,0,0,0,0,0,0,0,0,0,0,0,0,0,0,0,0,0,0,0,0,0,0,0,0,0,0,0,0,0,0,0,0,0,0,0,0,0,0,0,0,0,0,0,0,0,20,0,0,0,0,0,0,0,5,0,0,0,0,0,11,10,0,0,23,8,0,0,0,2,2,45,3,0,0,43,83,0,10,0,0,0,0,0,0,0,0,0,0,0,47,0,10,0,2,0,156,41,0,0,145,14,0,0,0,0,0,0,0,0,0,0,0,0,0,0,0,0,0,0,0,0,0,0,0,0,67,15,17,0,114,15,7,0,0,0,0,0,0,0,0
0,27,0,0,0,0,0,18,0,91,0,14,0,0,0,0,0,0,0,16,0,0,0,0,0,0,0,16,0,0,0,0,0,0,0,0,0,0,0,0,0,0,0,0,0,1,0,0,0,0,0,0,0,5,0,5,0,6,15,46,0,0,0,3,31,0,7,407,0,1,0,2,0,1,0,0,0,1,0,0,0,0,0,0,0,0,0,0,0,0,0,0,0,0,0,0,0,0,0,0,0,0,0,0,0,0,0,0,0,0,0,0,0,0,0,0,0,0,0,0,0,8,0,0,0,18,0,2,36,0,95,19,0,0,0,0,0,0,24,5,4,0,0,0,35,19,6,13,94,158,0,32,0,25,24,32,0,10,41,15,78,208,0,5,0,0,1,0,0,0,0,0,0,0,0,5,2,0,0,0,60,73,0,7,0,56,0,0,0,0,0,0,0,0,0,0,0,0,0,0,0,0,0,0,0,0,0,0,0,5,0,0,0,0,117,0,0,0,121,8,42,0,0,0,0
0,0,1,0,0,0,20,34,19,130,0,0,0,0,0,0,0,0,0,0,0,0,0,0,0,0,0,0,0,0,0,0,0,0,0,0,0,0,0,0,0,0,0,0,0,0,0,0,0,0,0,0,0,0,54,167,38,0,375,0,17,4,3,0,104,7,0,47,0,0,0,0,0,0,0,0,0,0,0,0,0,0,0,0,0,0,0,0,0,0,0,0,0,0,0,0,0,0,0,0,0,0,0,0,0,0,0,0,0,0,0,0,0,0,0,0,0,0,0,0,0,0,0,0,0,0,0,0,0,0,14,0,0,0,0,0,0,0,0,0,0,0,0,0,0,0,0,0,11,0,0,0,0,0,1,6,6,3,0,0,21,0,0,0,0,0,0,0,2,0,18,0,0,0,8,1,105,33,0,0,21,0,0,0,655,0,0,0,0,0,0,0,0,0,0,0,0,0,0,0,0,0,0,0,0,0,0,0,0,0,39,23,16,27,19,0,0,0,0,0,0,0,0,0,0
0,0,0,0,0,0,0,20,0,51,0,0,0,0,0,0,0,0,0,0,0,0,0,0,0,1,0,0,0,0,0,0,0,0,0,0,0,0,0,0,0,0,0,0,0,0,0,0,0,0,0,0,92,38,48,35,199,42,240,145,0,51,0,37,0,407,47,0,0,0,0,0,0,0,0,0,0,0,0,0,0,0,0,0,0,0,0,1,0,0,0,0,0,0,0,0,0,0,0,0,0,0,0,0,0,0,0,0,0,0,0,0,0,0,0,0,0,0,0,0,0,0,0,0,0,8,0,0,0,0,0,25,0,0,0,0,0,4,0,0,0,0,0,0,0,6,0,0,0,12,0,0,0,2,110,35,10,31,31,11,0,46,0,0,0,2,0,0,0,0,0,0,0,0,9,7,15,8,0,0,17,64,0,0,13,573,0,0,0,0,0,0,0,0,0,0,0,0,0,0,0,0,0,0,0,0,0,0,0,0,3,0,2,0,375,0,0,0,249,41,60,199,24,0,0
0,0,0,0,0,0,0,0,0,0,0,0,0,0,0,0,0,0,0,0,0,0,0,0,0,0,0,0,0,0,0,0,0,0,0,0,0,0,0,0,0,0,0,0,0,0,0,0,2,0,0,0,0,0,0,0,0,0,0,0,0,0,0,0,0,0,0,0,0,0,0,0,5,0,1,0,158,0,25,0,7,0,33,0,0,0,0,0,17,0,0,0,45,0,18,0,0,0,20,0,7,0,58,0,0,0,0,0,7,0,16,0,7,0,5,0,3,0,0,0,0,0,0,0,0,0,0,0,0,0,0,0,0,0,0,0,0,0,0,0,0,0,0,0,0,0,2,0,0,0,0,0,3,0,0,0,0,0,0,0,0,0,4,0,3,0,0,0,139,0,5,0,1,0,0,0,0,0,0,0,0,0,0,0,0,0,0,0,5,0,0,0,24,0,0,0,0,0,0,0,0,0,5,0,0,0,0,0,0,0,35,3,50,0,18,85,27,0,0,0,0,0,0,0,0
0,0,0,0,0,0,0,0,0,0,0,0,0,0,0,0,0,0,0,0,0,0,0,0,0,0,0,0,0,0,0,0,0,0,0,0,0,0,0,0,0,0,0,0,0,0,0,0,0,0,0,0,0,0,0,0,0,1,0,1,0,0,0,0,0,1,0,0,0,0,0,0,0,0,0,0,0,131,0,0,0,0,0,24,0,0,0,4,0,5,0,0,0,47,0,3,0,0,0,0,0,0,0,42,0,0,0,0,0,0,0,0,0,3,0,1,0,2,0,0,0,0,0,0,0,0,0,0,0,0,0,0,0,0,0,3,0,0,0,0,0,0,0,0,0,0,0,0,0,0,0,0,0,0,0,1,0,0,0,0,0,1,0,1,0,4,0,0,0,47,0,0,0,0,0,0,0,0,0,0,0,0,0,0,0,0,0,0,0,4,0,0,0,0,0,5,0,0,0,0,0,0,0,0,0,0,0,1,0,0,0,0,0,0,3,0,0,0,14,2,34,1,7,15,0
0,0,0,0,0,0,0,0,0,0,0,0,0,0,0,0,7,0,13,0,57,0,0,0,0,0,0,0,0,0,0,0,0,0,16,0,69,0,0,0,0,0,19,0,91,0,0,0,0,0,30,0,0,0,0,0,0,0,0,0,0,0,4,0,0,0,0,0,0,0,0,0,129,0,206,0,1,0,43,0,22,0,0,0,2,0,59,0,0,0,0,0,0,0,0,0,3,0,26,0,0,0,0,0,0,0,0,0,0,0,0,0,0,0,0,0,0,0,0,0,32,2,5,0,12,0,0,0,0,0,0,0,0,0,0,0,7,0,2,0,33,0,14,0,44,2,7,0,9,20,0,0,0,0,0,0,7,0,0,2,0,0,111,0,0,0,75,0,25,0,44,0,83,0,23,0,0,0,0,0,43,4,0,0,7,0,0,0,0,0,0,0,0,0,0,0,0,0,0,0,0,0,0,0,0,0,8,0,0,0,9,0,46,0,0,0,0,0,2,0,0,0,0,0,1
0,0,0,1,0,0,0,0,0,0,0,0,0,0,0,0,0,6,0,0,0,8,0,0,0,0,0,0,0,0,0,0,0,0,0,4,0,11,0,0,0,0,0,5,0,21,0,0,0,0,0,17,0,0,0,0,0,0,0,0,0,0,0,0,0,2,0,0,0,0,0,0,0,80,0,150,0,12,0,9,0,0,0,0,0,0,0,29,0,0,0,0,0,0,0,0,0,0,0,0,0,0,0,0,0,0,0,0,0,0,0,0,0,0,0,0,0,0,0,0,0,0,0,17,0,0,0,0,0,1,0,0,0,0,0,0,0,0,0,0,0,9,0,0,0,37,0,0,0,28,0,0,0,25,0,0,0,7,0,1,0,0,0,67,0,0,0,12,0,12,0,8,0,19,0,19,0,0,0,0,0,25,0,0,0,2,0,0,0,0,0,0,0,0,0,0,0,0,0,0,0,0,0,0,0,0,0,0,0,0,0,0,0,0,8,0,0,0,38,12,17,5,0,0,0
0,0,0,0,0,0,0,0,0,0,0,0,1,0,0,0,0,0,0,0,0,0,0,0,0,0,0,0,0,0,0,0,0,0,0,0,0,0,0,0,0,0,0,0,6,0,0,0,0,0,0,0,0,0,0,0,0,0,0,0,0,0,0,0,0,0,0,0,5,0,129,0,0,0,172,0,17,0,44,0,0,0,5,0,1,0,9,0,0,0,0,0,0,0,0,0,1,0,3,0,0,0,0,0,0,1,1,0,0,0,0,0,0,0,0,0,0,0,0,0,25,0,9,0,53,0,26,0,12,0,18,0,23,0,7,0,11,0,0,0,30,0,41,0,38,0,11,0,4,0,115,0,49,0,0,0,1,0,0,0,0,0,39,0,0,0,5,0,13,0,13,0,8,0,0,0,0,0,0,0,11,0,0,0,1,0,0,0,0,0,11,0,31,0,0,0,3,0,14,0,0,0,28,0,0,0,25,0,69,0,120,4,18,0,19,2,0,0,0,0,0,0,0,0,0
0,0,0,0,0,0,0,0,0,0,0,0,0,0,0,0,0,0,0,0,0,1,0,0,0,0,0,0,0,0,0,0,0,0,0,0,0,0,0,0,0,0,0,0,0,3,0,0,0,0,0,0,0,0,0,0,0,0,0,0,0,0,0,0,0,1,0,0,0,0,0,80,0,0,0,108,0,64,0,24,0,4,0,6,0,0,0,49,0,0,0,0,0,1,0,0,0,1,0,0,0,0,0,0,0,0,0,0,0,0,0,0,0,0,0,0,0,0,0,0,0,20,0,31,0,0,0,12,0,0,0,0,0,3,0,25,1,10,0,0,0,8,0,0,0,16,0,0,0,0,0,0,0,17,0,0,0,1,0,0,0,0,0,83,0,0,0,0,0,5,0,0,0,3,0,0,0,0,0,0,8,11,0,0,0,0,0,0,0,0,0,0,0,0,0,0,0,0,0,49,1,0,0,0,0,0,0,23,0,51,0,0,0,0,3,0,0,0,81,0,4,0,0,0,0
0,0,0,0,0,0,1,0,0,0,0,0,0,0,0,0,21,0,0,0,66,0,0,0,0,0,0,0,0,0,0,0,0,0,0,0,60,0,0,0,0,0,19,0,72,0,0,0,0,0,26,0,3,0,0,0,0,0,0,0,0,0,0,0,0,0,0,0,1,0,206,0,172,0,0,0,12,0,51,0,33,0,3,0,4,0,50,0,0,0,5,0,0,0,0,0,4,0,27,0,1,0,0,0,0,0,0,0,0,0,0,0,0,0,0,0,0,0,0,0,55,0,16,0,10,0,0,0,2,0,0,0,0,0,5,0,10,0,3,0,62,3,73,0,75,0,4,9,12,0,42,0,30,12,0,0,11,0,0,0,0,0,138,0,0,0,0,0,41,0,23,0,41,0,48,1,0,0,0,0,81,0,0,0,0,0,0,0,0,0,0,0,16,0,0,0,3,0,0,0,0,0,0,0,0,0,34,0,67,0,35,0,35,0,10,0,1,0,0,0,0,0,0,0,0
0,0,0,0,0,0,0,0,0,0,0,0,0,0,0,0,0,14,0,0,0,18,0,0,0,0,0,21,0,4,0,5,0,0,0,6,0,13,0,0,0,0,0,0,0,15,0,0,0,0,0,0,0,0,0,0,0,0,0,0,0,0,0,0,0,0,0,0,0,0,0,150,0,108,0,0,0,0,0,46,0,3,0,0,0,0,0,83,0,0,0,0,0,0,0,0,0,0,0,0,0,0,0,0,0,0,0,0,0,0,0,0,0,0,0,0,0,0,0,0,0,94,0,13,0,9,0,0,0,0,0,8,0,0,0,0,0,12,0,0,0,21,0,2,0,163,0,18,0,29,0,11,0,42,0,0,0,0,0,0,0,0,0,110,0,0,0,0,0,14,0,5,0,12,0,23,0,0,0,0,0,33,0,0,0,0,0,0,0,0,0,0,0,0,0,0,0,0,0,12,0,2,0,0,0,0,0,0,0,22,2,0,0,0,5,1,0,0,34,0,17,0,0,0,0
0,0,0,0,0,0,0,0,0,0,0,0,0,0,0,0,0,0,0,0,0,0,0,0,0,0,0,0,0,0,0,0,0,0,0,0,0,0,0,0,0,0,0,0,0,0,0,0,2,0,0,0,0,0,0,0,0,0,1,0,0,0,0,0,0,0,0,0,158,0,1,0,17,0,12,0,0,0,52,0,15,0,33,0,0,0,39,0,2,0,0,0,12,0,25,0,0,0,0,0,0,0,20,0,0,0,0,0,5,0,0,0,0,0,0,0,3,0,0,0,0,0,0,0,0,0,0,0,0,0,0,0,0,0,0,0,0,0,0,0,0,0,6,0,0,0,0,0,0,0,0,0,0,0,0,0,0,0,0,0,0,0,3,0,4,0,0,0,22,0,0,0,0,0,0,0,0,0,0,0,0,1,0,0,0,0,0,0,0,0,0,0,0,0,0,0,0,0,0,0,0,0,0,0,0,0,0,0,0,0,18,4,27,0,9,3,0,0,0,0,0,0,0,0,0
0,0,0,0,0,0,0,0,0,0,0,0,0,2,0,0,0,0,0,0,0,0,0,0,0,0,0,0,0,0,0,0,0,0,0,0,0,0,0,0,0,3,0,0,0,0,0,0,0,7,0,1,0,0,0,0,0,0,0,0,0,0,0,0,0,1,0,0,0,131,0,12,0,64,0,0,0,0,0,4,0,60,0,61,0,28,0,109,0,5,0,0,0,57,0,21,0,0,0,37,0,8,0,46,0,0,0,0,0,3,0,0,0,10,0,0,0,13,0,0,0,10,0,4,0,5,0,0,0,0,0,2,1,0,0,10,0,18,0,0,0,3,0,0,0,0,3,4,0,0,0,0,2,0,0,0,0,0,0,0,0,2,0,18,0,8,0,0,0,66,0,0,0,0,0,2,0,0,0,0,0,10,0,0,0,0,0,0,0,0,0,7,0,0,0,49,0,33,0,56,0,0,0,0,0,0,0,9,8,19,0,0,0,0,19,0,0,0,113,9,61,9,9,0,3
0,0,1,0,0,0,0,0,0,0,0,0,0,0,0,0,0,0,0,0,0,0,0,0,0,0,0,0,0,0,0,0,0,0,0,0,0,0,0,0,0,0,0,0,0,0,0,0,2,0,0,0,0,0,0,0,0,0,0,0,0,0,0,0,0,0,0,0,25,0,43,0,44,0,51,0,52,0,0,0,13,1,44,0,0,0,41,0,0,0,1,0,6,0,0,0,0,0,7,0,2,0,8,0,0,0,0,0,2,0,0,0,0,0,0,0,0,0,0,0,24,0,16,0,0,0,0,0,0,0,0,0,0,0,0,0,0,0,0,0,0,0,28,0,2,0,0,0,0,0,20,0,0,0,0,0,0,0,0,0,0,0,35,0,7,0,0,0,27,0,0,0,0,0,0,0,1,0,0,0,7,3,0,0,0,0,0,0,0,0,0,0,34,0,0,0,0,0,0,0,0,0,39,0,0,0,8,0,38,0,147,3,38,0,38,0,0,0,0,0,0,0,0,0,0
0,0,0,0,0,0,0,0,0,0,0,0,0,0,0,0,0,0,0,0,0,0,0,0,0,0,0,0,0,0,0,1,0,0,0,0,0,0,0,0,0,0,0,0,0,0,0,0,0,0,0,0,0,0,0,0,0,0,0,0,0,0,0,0,0,0,0,0,0,0,0,9,0,24,0,46,0,4,0,0,0,0,0,0,1,0,0,24,0,0,0,0,0,0,0,0,0,0,0,0,0,1,0,0,0,0,0,0,0,0,0,0,0,0,0,0,0,0,0,0,0,11,0,12,0,0,0,0,0,0,0,2,0,0,0,9,0,0,0,0,0,7,0,2,0,30,0,0,0,0,0,0,0,0,0,0,0,0,0,0,0,0,0,13,0,0,0,0,0,8,0,2,0,0,0,0,0,0,0,0,0,0,0,0,0,0,0,0,0,0,0,0,0,0,0,0,0,0,0,0,0,0,0,10,0,0,0,14,0,11,0,0,0,0,0,0,0,0,15,2,10,0,0,0,0
