0.000 2.364 2.401 1.091 1.621 0.111 1.363 0.368 2.610 0.091 4.822 0.161 2.642 0.004 0.501 0.615 0.941 0.341 0.342 0.002 0.280 0.012 1.040 0.719 0.259 1.213 0.359 0.000 0.693 0.039 0.211 0.004 1.023 0.007 0.023 0.000 1.016 0.037 3.456 0.078 0.310 0.000 0.005 0.000 0.053 0.003 0.075 0.001 0.065 0.000 0.046 0.000 0.017 0.004 0.085 0.009 0.030 0.011 0.099 0.001 0.402 0.029 0.399 0.053 0.187 0.000 0.272 0.002 0.000 0.000 0.002 0.000 0.000 0.003 0.003 0.000 0.000 0.000 0.000 0.000 0.000 0.000 0.005 0.000 0.000 0.003 0.003 0.000 0.001 0.000 0.001 0.000 0.000 0.000 0.006 0.000 0.000 0.000 0.000 0.000 0.001 0.000 0.000 0.000 0.004 0.000 0.004 0.000 0.000 0.000 0.000 0.000 0.000 0.000 0.003 0.000 0.000 0.000 0.003 0.000 0.004 0.000 0.000 0.000 0.064 0.000 0.025 0.000 0.002 0.001 0.054 0.000 0.010 0.000 0.011 0.004 0.004 0.003 0.001 0.000 0.000 0.000 0.008 0.000 0.006 0.000 0.074 0.000 0.192 0.000 0.148 0.000 0.260 0.000 0.006 0.000 0.002 0.001 0.000 0.000 0.041 0.000 0.008 0.000 0.034 0.000 0.229 0.000 0.160 0.000 0.111 0.000 2.256 0.011 0.072 0.000 3.665 1.097 0.832 0.000 0.284 0.000 0.585 0.084 1.229 0.000 0.161 0.000 0.000 0.000 0.000 0.000 0.000 0.000 0.000 0.000 0.003 0.000 0.004 0.000 0.010 0.000 0.000 0.000 0.001 0.000 0.003 0.000 0.029 0.000 0.022 0.013 0.009 0.001 0.295 0.021 0.021 0.000 0.052 0.025 1.356 0.092 0.172 0.016 0.308 0.034 2.464 0.182 1.788 0.046 1.065 0.019 0.667 0.147 0.151 0.026 0.243 0.018 0.645 0.006 0.398 0.000 0.953 0.000 2.040 0.034
2.364 0.000 1.375 3.673 0.120 5.523 0.628 1.803 0.638 2.981 0.161 7.352 0.007 1.605 0.080 1.165 0.621 0.847 0.000 1.268 0.027 0.160 2.180 0.656 1.375 1.024 0.000 1.333 0.024 1.080 0.005 0.107 0.015 0.705 0.000 0.043 0.019 1.897 0.118 2.612 0.000 0.638 0.003 0.017 0.000 0.087 0.000 0.397 0.008 0.065 0.001 0.016 0.010 0.144 0.049 0.503 0.001 0.051 0.009 0.244 0.026 1.639 0.141 1.522 0.002 1.215 0.002 0.709 0.000 0.000 0.002 0.016 0.000 0.060 0.000 0.003 0.000 0.000 0.000 0.000 0.000 0.000 0.000 0.001 0.000 0.034 0.000 0.009 0.000 0.003 0.000 0.000 0.000 0.000 0.000 0.001 0.000 0.024 0.000 0.008 0.000 0.000 0.000 0.000 0.000 0.006 0.000 0.013 0.000 0.000 0.000 0.000 0.000 0.000 0.007 0.000 0.000 0.000 0.000 0.002 0.000 0.004 0.000 0.006 0.000 0.139 0.000 0.094 0.000 0.007 0.000 0.095 0.000 0.034 0.000 0.134 0.000 0.178 0.000 0.028 0.000 0.006 0.004 0.041 0.000 0.013 0.000 0.087 0.002 0.501 0.006 0.337 0.002 0.320 0.000 0.053 0.001 0.139 0.000 0.009 0.000 0.066 0.000 0.006 0.000 0.053 0.011 0.045 0.000 0.070 0.000 0.198 0.061 1.197 0.006 0.098 0.563 5.883 0.001 0.560 0.000 0.288 0.025 1.306 0.006 1.798 0.000 0.079 0.000 0.000 0.000 0.005 0.000 0.000 0.000 0.000 0.000 0.008 0.000 0.012 0.000 0.022 0.000 0.000 0.000 0.000 0.000 0.047 0.000 0.169 0.017 0.034 0.000 0.010 0.020 0.606 0.000 0.019 0.000 0.086 0.121 2.691 0.011 0.165 0.008 0.302 0.043 2.563 0.052 1.899 0.023 1.171 0.028 2.474 0.068 0.400 0.003 0.235 0.052 1.084 0.001 0.465 0.005 0.462 0.151 2.452
2.401 1.375 0.000 0.562 4.426 0.303 3.792 0.056 0.938 0.043 1.095 0.391 1.495 0.008 6.551 0.658 1.453 0.115 1.468 0.028 1.365 0.025 10.870 0.384 2.516 0.323 0.642 0.000 1.373 0.022 0.678 0.008 1.886 0.047 0.010 0.000 0.707 0.053 2.280 0.042 0.129 0.000 0.021 0.001 0.071 0.000 0.051 0.000 0.065 0.000 0.039 0.000 0.041 0.000 0.721 0.001 0.068 0.003 0.087 0.014 0.219 0.038 0.258 0.051 0.115 0.011 0.156 0.002 0.000 0.000 0.003 0.000 0.002 0.004 0.001 0.000 0.004 0.000 0.001 0.000 0.004 0.000 0.001 0.000 0.017 0.000 0.007 0.000 0.000 0.000 0.002 0.000 0.002 0.000 0.001 0.000 0.020 0.000 0.007 0.000 0.000 0.000 0.000 0.000 0.010 0.000 0.011 0.000 0.000 0.000 0.002 0.000 0.000 0.000 0.006 0.000 0.000 0.000 0.000 0.000 0.001 0.001 0.000 0.000 0.185 0.000 0.088 0.000 0.002 0.000 0.137 0.009 0.051 0.000 0.435 0.000 0.147 0.000 0.019 0.000 0.004 0.000 0.092 0.003 0.030 0.000 0.264 0.000 0.430 0.000 0.295 0.000 0.134 0.000 0.019 0.000 0.000 0.000 0.003 0.000 0.085 0.000 0.008 0.000 0.022 0.000 0.536 0.000 0.070 0.000 0.048 0.000 1.655 0.008 0.009 0.002 0.595 0.462 0.000 0.014 0.031 0.000 0.088 0.052 0.186 0.000 0.021 0.002 0.000 0.000 0.000 0.000 0.000 0.000 0.000 0.000 0.006 0.000 0.007 0.000 0.087 0.000 0.000 0.000 0.001 0.000 0.038 0.000 0.272 0.001 0.021 0.010 0.004 0.000 0.238 0.000 0.008 0.000 0.053 0.000 1.558 0.060 0.084 0.001 0.219 0.000 1.203 0.084 1.193 0.008 0.615 0.002 0.318 0.090 0.163 0.050 0.111 0.012 0.450 0.008 0.265 0.002 0.591 0.001 1.152 0.011
1.091 3.673 0.562 0.000 0.175 3.325 0.078 3.297 0.134 0.244 0.273 0.369 0.006 0.118 0.162 8.132 0.192 1.104 0.000 2.442 0.050 1.152 0.972 4.995 0.182 4.023 0.001 0.379 0.009 1.472 0.014 0.540 0.042 1.413 0.001 0.041 0.023 0.746 0.050 1.836 0.000 0.042 0.000 0.010 0.000 0.023 0.000 0.058 0.000 0.022 0.001 0.016 0.000 0.001 0.001 1.159 0.000 0.074 0.007 0.076 0.005 0.254 0.005 0.279 0.011 0.041 0.001 0.018 0.000 0.000 0.000 0.005 0.000 0.003 0.000 0.000 0.000 0.000 0.000 0.005 0.000 0.022 0.000 0.000 0.000 0.084 0.000 0.009 0.000 0.006 0.000 0.002 0.000 0.000 0.000 0.013 0.000 0.038 0.001 0.042 0.000 0.019 0.000 0.008 0.000 0.000 0.000 0.014 0.000 0.000 0.000 0.000 0.000 0.000 0.000 0.000 0.000 0.000 0.000 0.000 0.000 0.008 0.000 0.013 0.000 0.058 0.003 0.035 0.000 0.014 0.000 0.085 0.000 0.091 0.000 0.416 0.002 0.458 0.000 0.092 0.000 0.046 0.000 0.119 0.000 0.005 0.000 0.035 0.000 0.026 0.000 0.026 0.000 0.003 0.000 0.020 0.000 0.004 0.000 0.014 0.000 0.061 0.000 0.007 0.005 0.008 0.004 0.213 0.000 0.059 0.002 0.107 0.035 0.538 0.003 0.001 0.145 0.737 0.004 0.069 0.000 0.008 0.034 0.067 0.001 0.004 0.000 0.000 0.000 0.000 0.000 0.001 0.000 0.000 0.000 0.000 0.000 0.003 0.000 0.010 0.000 0.030 0.000 0.003 0.026 0.000 0.000 0.027 0.000 0.225 0.000 0.007 0.002 0.011 0.023 0.130 0.000 0.003 0.002 0.013 0.075 2.049 0.002 0.050 0.000 0.088 0.016 1.196 0.049 0.990 0.011 0.310 0.011 0.729 0.015 0.158 0.000 0.060 0.000 0.219 0.002 0.103 0.002 0.095 0.042 0.487
1.621 0.120 4.426 0.175 0.000 1.256 0.408 0.002 0.416 0.000 2.229 0.986 5.540 0.526 5.196 1.550 0.121 0.005 3.197 0.848 1.840 0.267 1.156 0.125 0.073 0.014 1.766 0.153 0.029 0.006 1.210 0.046 1.423 0.112 0.829 0.020 1.911 0.035 0.209 0.019 1.039 0.010 0.087 0.010 0.155 0.011 0.474 0.007 0.075 0.000 0.535 0.001 0.003 0.001 0.035 0.000 0.029 0.000 0.015 0.000 0.001 0.000 0.000 0.017 0.106 0.000 0.015 0.006 0.000 0.000 0.002 0.000 0.003 0.000 0.001 0.000 0.000 0.000 0.000 0.000 0.000 0.000 0.000 0.000 0.004 0.000 0.001 0.000 0.002 0.000 0.006 0.000 0.000 0.000 0.000 0.000 0.000 0.000 0.002 0.000 0.000 0.000 0.000 0.000 0.002 0.000 0.001 0.000 0.000 0.000 0.000 0.000 0.000 0.000 0.012 0.000 0.000 0.000 0.003 0.000 0.007 0.000 0.000 0.000 0.027 0.000 0.017 0.000 0.001 0.000 0.052 0.000 0.005 0.000 0.074 0.001 0.032 0.000 0.005 0.000 0.000 0.000 0.003 0.000 0.012 0.000 0.096 0.000 0.243 0.001 0.152 0.000 0.169 0.000 0.001 0.000 0.003 0.000 0.007 0.000 0.031 0.001 0.012 0.000 0.129 0.000 0.988 0.003 0.096 0.000 0.025 0.000 0.466 0.001 0.012 0.000 1.582 0.847 0.603 0.000 0.147 0.000 0.171 0.000 0.390 0.000 0.077 0.023 0.000 0.000 0.001 0.000 0.000 0.000 0.003 0.000 0.010 0.000 0.003 0.000 0.008 0.000 0.000 0.000 0.001 0.000 0.009 0.000 0.048 0.000 0.012 0.000 0.000 0.000 0.086 0.022 0.008 0.000 0.051 0.037 0.929 0.038 0.029 0.001 0.456 0.013 2.112 0.053 1.039 0.003 0.388 0.000 0.025 0.058 0.075 0.009 0.242 0.019 0.155 0.000 0.106 0.000 0.296 0.000 0.631 0.001
0.111 5.523 0.303 3.325 1.256 0.000 0.005 0.613 0.001 0.178 1.064 4.081 0.732 2.994 2.147 3.843 0.058 0.045 0.416 4.726 0.824 2.255 0.461 0.951 0.004 0.129 0.027 2.923 0.006 0.262 0.130 1.267 0.088 1.710 0.025 0.568 0.082 1.663 0.004 0.348 0.005 0.582 0.003 0.119 0.005 0.105 0.004 0.449 0.004 0.038 0.022 0.331 0.000 0.012 0.005 0.074 0.003 0.022 0.000 0.034 0.000 0.014 0.000 0.017 0.000 0.127 0.000 0.031 0.000 0.000 0.000 0.014 0.000 0.004 0.000 0.003 0.000 0.002 0.000 0.000 0.000 0.003 0.000 0.000 0.000 0.007 0.000 0.001 0.000 0.003 0.000 0.009 0.000 0.000 0.000 0.001 0.000 0.006 0.000 0.004 0.000 0.000 0.000 0.003 0.000 0.015 0.000 0.001 0.000 0.000 0.000 0.001 0.001 0.001 0.000 0.000 0.000 0.000 0.000 0.000 0.000 0.005 0.000 0.014 0.000 0.022 0.000 0.008 0.000 0.003 0.002 0.015 0.000 0.010 0.000 0.072 0.001 0.150 0.000 0.017 0.002 0.012 0.000 0.037 0.000 0.036 0.002 0.018 0.000 0.099 0.000 0.116 0.000 0.113 0.000 0.005 0.000 0.007 0.000 0.003 0.000 0.004 0.000 0.006 0.000 0.073 0.020 0.709 0.002 0.107 0.001 0.023 0.002 0.408 0.000 0.043 0.343 2.607 0.142 0.808 0.002 0.149 0.005 0.049 0.005 0.202 0.023 0.116 0.000 0.000 0.000 0.000 0.000 0.000 0.000 0.000 0.000 0.011 0.000 0.005 0.000 0.002 0.000 0.000 0.000 0.000 0.000 0.000 0.000 0.144 0.000 0.014 0.000 0.008 0.011 0.086 0.000 0.011 0.003 0.105 0.067 1.652 0.000 0.023 0.009 0.541 0.021 2.344 0.031 1.539 0.008 0.453 0.016 0.690 0.000 0.210 0.000 0.147 0.001 0.135 0.001 0.102 0.000 0.114 0.019 0.476
1.363 0.628 3.792 0.078 0.408 0.005 0.000 0.285 1.534 0.638 0.408 0.002 0.185 0.000 0.248 0.027 0.324 0.120 0.022 0.000 0.010 0.002 1.156 0.017 6.147 0.746 0.028 0.002 0.340 0.011 0.011 0.000 0.031 0.002 0.000 0.000 0.009 0.003 0.836 0.003 0.017 0.000 0.008 0.000 0.004 0.000 0.000 0.000 0.040 0.000 0.006 0.000 1.155 0.051 5.437 0.224 0.654 0.002 0.975 0.016 1.543 0.036 3.478 0.161 0.280 0.000 0.998 0.022 0.000 0.000 0.000 0.000 0.000 0.001 0.000 0.000 0.000 0.000 0.000 0.000 0.000 0.001 0.000 0.003 0.036 0.000 0.001 0.000 0.000 0.000 0.009 0.001 0.000 0.000 0.003 0.000 0.012 0.002 0.000 0.001 0.001 0.000 0.000 0.000 0.003 0.000 0.004 0.000 0.000 0.000 0.000 0.000 0.000 0.000 0.007 0.000 0.000 0.000 0.000 0.000 0.000 0.000 0.006 0.000 0.423 0.000 0.180 0.001 0.085 0.000 0.705 0.000 0.176 0.000 0.141 0.000 0.108 0.000 0.016 0.000 0.023 0.002 0.054 0.000 0.001 0.000 0.258 0.000 0.274 0.000 0.203 0.000 0.037 0.000 0.217 0.010 0.014 0.000 0.015 0.000 0.353 0.011 0.012 0.000 0.017 0.000 0.026 0.000 0.124 0.001 0.620 0.001 1.734 0.007 0.015 0.000 0.281 0.297 0.000 0.000 0.005 0.000 0.028 0.116 0.010 0.000 0.001 0.000 0.000 0.000 0.002 0.000 0.000 0.000 0.000 0.000 0.000 0.000 0.013 0.000 0.023 0.000 0.000 0.000 0.000 0.000 0.027 0.000 0.255 0.000 0.067 0.004 0.008 0.000 1.000 0.016 0.006 0.000 0.132 0.015 1.142 0.087 0.279 0.026 0.533 0.007 1.253 0.089 1.313 0.028 0.617 0.030 0.583 0.123 0.366 0.010 0.116 0.000 1.090 0.004 0.547 0.000 0.927 0.000 2.561 0.016
0.368 1.803 0.056 3.297 0.002 0.613 0.285 0.000 1.230 1.627 0.001 0.139 0.000 0.062 0.008 1.041 0.153 0.548 0.001 0.273 0.001 0.074 0.133 0.411 0.733 6.926 0.000 0.091 0.012 0.965 0.001 0.042 0.003 0.133 0.000 0.001 0.002 0.463 0.014 1.488 0.000 0.008 0.000 0.006 0.000 0.017 0.000 0.009 0.000 0.010 0.000 0.006 0.118 0.460 0.222 5.411 0.008 0.678 0.005 1.006 0.020 1.429 0.209 3.498 0.001 0.172 0.054 0.282 0.000 0.002 0.000 0.003 0.000 0.013 0.000 0.000 0.000 0.000 0.000 0.000 0.001 0.000 0.000 0.004 0.001 0.004 0.000 0.005 0.000 0.000 0.000 0.001 0.000 0.000 0.000 0.001 0.000 0.015 0.000 0.008 0.000 0.003 0.000 0.000 0.000 0.010 0.000 0.001 0.000 0.000 0.000 0.000 0.000 0.000 0.000 0.000 0.000 0.000 0.000 0.000 0.001 0.005 0.000 0.000 0.000 0.282 0.000 0.143 0.000 0.107 0.001 0.309 0.000 0.170 0.000 0.153 0.000 0.359 0.000 0.078 0.000 0.028 0.003 0.031 0.000 0.002 0.000 0.084 0.000 0.159 0.000 0.073 0.000 0.013 0.003 0.176 0.000 0.078 0.000 0.053 0.005 0.275 0.000 0.011 0.000 0.023 0.000 0.020 0.001 0.039 0.008 0.169 0.016 0.663 0.030 0.007 0.082 0.278 0.002 0.000 0.000 0.002 0.013 0.118 0.000 0.013 0.003 0.000 0.000 0.000 0.000 0.001 0.000 0.001 0.000 0.000 0.000 0.001 0.000 0.006 0.000 0.015 0.000 0.006 0.000 0.004 0.000 0.006 0.000 0.296 0.004 0.042 0.000 0.018 0.018 0.780 0.003 0.007 0.000 0.153 0.025 2.103 0.003 0.210 0.015 0.364 0.061 0.777 0.027 2.016 0.000 0.355 0.015 2.185 0.059 0.385 0.000 0.057 0.003 0.626 0.001 0.156 0.002 0.203 0.095 1.794
2.610 0.638 0.938 0.134 0.416 0.001 1.534 1.230 0.000 3.096 1.023 0.003 0.532 0.001 0.191 0.036 0.226 0.231 0.157 0.001 0.011 0.001 0.058 0.030 0.627 2.207 0.150 0.000 0.055 0.016 0.007 0.003 0.023 0.000 0.003 0.000 0.026 0.000 0.428 0.013 0.106 0.000 0.008 0.000 0.013 0.000 0.045 0.000 0.044 0.000 0.010 0.000 1.452 0.242 2.833 1.494 0.393 0.136 1.945 0.107 2.331 0.031 3.024 0.470 3.060 0.000 4.040 0.296 0.003 0.000 0.001 0.000 0.004 0.001 0.000 0.000 0.000 0.000 0.000 0.000 0.006 0.000 0.004 0.000 0.003 0.000 0.000 0.000 0.000 0.000 0.009 0.000 0.000 0.000 0.000 0.000 0.005 0.001 0.005 0.000 0.003 0.000 0.000 0.000 0.005 0.000 0.005 0.000 0.000 0.000 0.000 0.000 0.001 0.000 0.000 0.000 0.000 0.000 0.000 0.000 0.000 0.000 0.000 0.000 0.464 0.000 0.254 0.000 0.025 0.000 0.606 0.003 0.054 0.000 0.096 0.004 0.033 0.002 0.003 0.000 0.000 0.000 0.017 0.001 0.000 0.002 0.549 0.002 1.190 0.000 0.358 0.000 0.286 0.000 0.057 0.026 0.044 0.007 0.011 0.001 0.338 0.003 0.004 0.000 0.010 0.000 0.033 0.000 0.161 0.000 0.845 0.000 1.280 0.005 0.382 0.000 6.174 1.246 0.261 0.000 0.063 0.000 0.737 0.236 2.025 0.236 0.025 0.000 0.000 0.000 0.002 0.000 0.004 0.000 0.002 0.000 0.004 0.000 0.015 0.000 0.003 0.000 0.000 0.000 0.008 0.000 0.038 0.000 0.118 0.000 0.027 0.006 0.008 0.001 0.735 0.040 0.005 0.000 0.107 0.000 0.600 0.118 0.179 0.011 0.501 0.016 2.960 0.096 1.691 0.080 0.540 0.000 0.645 0.083 0.147 0.053 0.078 0.005 1.213 0.004 0.640 0.000 0.821 0.000 2.660 0.043
0.091 2.981 0.043 0.244 0.000 0.178 0.638 1.627 3.096 0.000 0.000 0.596 0.000 0.036 0.002 0.085 0.110 0.159 0.002 0.146 0.000 0.014 0.036 0.014 0.972 0.562 0.003 0.074 0.014 0.060 0.000 0.010 0.000 0.013 0.000 0.002 0.012 0.056 0.009 0.228 0.000 0.009 0.000 0.008 0.000 0.009 0.000 0.035 0.000 0.004 0.000 0.017 0.719 1.056 1.434 3.242 0.063 1.013 0.270 2.240 0.060 1.610 0.542 3.208 0.003 5.298 0.497 5.452 0.000 0.001 0.000 0.000 0.000 0.009 0.000 0.000 0.000 0.000 0.000 0.001 0.000 0.008 0.000 0.001 0.000 0.012 0.000 0.004 0.000 0.000 0.000 0.001 0.000 0.000 0.000 0.001 0.000 0.004 0.000 0.000 0.000 0.000 0.000 0.001 0.000 0.014 0.000 0.018 0.000 0.000 0.000 0.000 0.000 0.000 0.009 0.000 0.000 0.000 0.000 0.005 0.000 0.003 0.000 0.001 0.006 0.623 0.002 0.307 0.000 0.042 0.000 0.640 0.000 0.132 0.004 0.158 0.002 0.217 0.001 0.024 0.000 0.003 0.000 0.001 0.000 0.011 0.000 0.366 0.000 1.214 0.000 0.480 0.000 0.297 0.060 0.212 0.000 0.363 0.000 0.039 0.005 0.361 0.002 0.009 0.000 0.016 0.000 0.000 0.004 0.057 0.006 0.314 0.018 0.350 0.077 0.037 0.675 6.184 0.000 0.139 0.000 0.016 0.010 1.319 0.011 2.115 0.000 0.000 0.000 0.000 0.000 0.000 0.000 0.002 0.000 0.000 0.000 0.016 0.000 0.017 0.000 0.040 0.000 0.001 0.000 0.004 0.000 0.098 0.000 0.508 0.003 0.040 0.002 0.056 0.047 1.020 0.000 0.000 0.020 0.152 0.085 1.144 0.031 0.215 0.036 0.348 0.023 1.421 0.073 1.804 0.003 0.449 0.088 2.128 0.044 0.382 0.000 0.085 0.041 1.168 0.002 0.274 0.002 0.282 0.136 2.499
4.822 0.161 1.095 0.273 2.229 1.064 0.408 0.001 1.023 0.000 0.000 0.621 6.996 0.036 1.232 1.544 0.138 0.011 0.501 0.248 1.321 0.158 0.350 0.212 0.005 0.005 0.477 0.019 0.018 0.020 0.790 0.015 1.609 0.057 0.130 0.005 1.886 0.026 0.183 0.012 0.709 0.002 0.023 0.006 0.125 0.001 0.119 0.000 0.102 0.000 0.125 0.001 0.009 0.000 0.011 0.000 0.009 0.001 0.008 0.001 0.000 0.000 0.000 0.000 0.090 0.000 0.021 0.000 0.000 0.000 0.000 0.000 0.000 0.000 0.001 0.000 0.000 0.000 0.003 0.000 0.000 0.000 0.001 0.000 0.000 0.001 0.000 0.000 0.002 0.000 0.001 0.000 0.000 0.000 0.000 0.000 0.001 0.000 0.007 0.000 0.000 0.000 0.000 0.000 0.003 0.000 0.000 0.000 0.000 0.000 0.000 0.000 0.000 0.000 0.000 0.000 0.000 0.000 0.000 0.000 0.002 0.001 0.000 0.000 0.010 0.001 0.005 0.000 0.000 0.000 0.027 0.000 0.006 0.007 0.005 0.000 0.000 0.000 0.000 0.000 0.000 0.000 0.003 0.000 0.000 0.000 0.055 0.000 0.116 0.000 0.080 0.000 0.088 0.000 0.005 0.000 0.000 0.000 0.006 0.000 0.009 0.000 0.004 0.000 0.024 0.000 0.621 0.000 0.059 0.000 0.008 0.000 0.337 0.004 0.065 0.000 2.963 0.569 1.437 0.001 0.268 0.000 0.560 0.000 0.473 0.000 0.549 0.008 0.000 0.000 0.000 0.000 0.001 0.000 0.002 0.000 0.003 0.000 0.000 0.000 0.000 0.000 0.001 0.000 0.000 0.000 0.006 0.000 0.016 0.000 0.016 0.000 0.000 0.000 0.053 0.004 0.002 0.000 0.010 0.001 0.889 0.054 0.036 0.000 0.178 0.000 1.501 0.099 1.207 0.023 0.436 0.003 0.104 0.035 0.043 0.010 0.097 0.010 0.142 0.000 0.081 0.000 0.275 0.000 0.578 0.002
0.161 7.352 0.391 0.369 0.986 4.081 0.002 0.139 0.003 0.596 0.621 0.000 0.188 8.513 1.655 0.597 0.088 0.072 0.184 1.019 0.574 0.544 0.843 0.381 0.008 0.002 0.008 1.934 0.003 0.161 0.062 0.432 0.052 1.264 0.011 0.319 0.037 1.818 0.009 0.403 0.008 3.004 0.000 0.097 0.015 0.241 0.000 0.819 0.004 0.450 0.009 0.189 0.000 0.016 0.003 0.046 0.000 0.005 0.000 0.000 0.000 0.043 0.000 0.005 0.000 0.113 0.000 0.048 0.000 0.000 0.000 0.002 0.000 0.000 0.000 0.002 0.000 0.003 0.000 0.001 0.000 0.011 0.000 0.000 0.000 0.006 0.000 0.003 0.002 0.001 0.000 0.000 0.000 0.000 0.000 0.000 0.000 0.005 0.000 0.000 0.000 0.005 0.000 0.000 0.000 0.000 0.001 0.000 0.000 0.000 0.000 0.001 0.000 0.003 0.000 0.000 0.000 0.000 0.000 0.007 0.000 0.001 0.000 0.005 0.000 0.009 0.000 0.019 0.000 0.000 0.000 0.015 0.000 0.004 0.000 0.025 0.000 0.038 0.000 0.018 0.000 0.019 0.000 0.009 0.000 0.015 0.000 0.016 0.000 0.080 0.000 0.143 0.003 0.342 0.000 0.014 0.000 0.011 0.000 0.004 0.000 0.006 0.000 0.005 0.000 0.024 0.018 0.178 0.000 0.029 0.000 0.015 0.003 0.257 0.000 0.246 0.321 6.750 0.030 1.931 0.000 0.588 0.003 0.544 0.000 0.739 0.006 1.051 0.000 0.000 0.000 0.001 0.000 0.000 0.000 0.000 0.000 0.012 0.000 0.001 0.000 0.008 0.000 0.000 0.000 0.000 0.000 0.007 0.000 0.043 0.000 0.007 0.000 0.000 0.000 0.076 0.000 0.008 0.000 0.064 0.018 0.910 0.000 0.009 0.014 0.313 0.010 2.117 0.019 0.783 0.002 0.416 0.009 0.554 0.010 0.028 0.002 0.079 0.008 0.186 0.003 0.063 0.001 0.143 0.017 0.486
2.642 0.007 1.495 0.006 5.540 0.732 0.185 0.000 0.532 0.000 6.996 0.188 0.000 2.181 1.100 0.306 0.041 0.000 2.243 2.034 0.896 0.452 0.139 0.009 0.022 0.001 3.126 2.252 0.005 0.000 0.290 0.010 0.149 0.026 1.127 0.062 0.774 0.027 0.003 0.002 7.206 0.560 1.143 0.119 0.776 0.092 1.791 0.282 1.044 0.000 2.251 0.127 0.003 0.000 0.008 0.000 0.010 0.000 0.006 0.000 0.002 0.000 0.005 0.000 0.091 0.001 0.022 0.000 0.002 0.000 0.008 0.000 0.003 0.000 0.002 0.000 0.006 0.000 0.000 0.000 0.000 0.000 0.001 0.000 0.003 0.000 0.002 0.001 0.002 0.000 0.000 0.000 0.000 0.000 0.003 0.000 0.001 0.000 0.006 0.000 0.000 0.000 0.005 0.000 0.001 0.000 0.000 0.000 0.000 0.000 0.001 0.000 0.000 0.000 0.000 0.000 0.000 0.000 0.008 0.000 0.002 0.000 0.000 0.000 0.036 0.000 0.035 0.000 0.002 0.000 0.019 0.000 0.002 0.000 0.017 0.000 0.000 0.000 0.001 0.000 0.001 0.000 0.027 0.000 0.000 0.000 0.103 0.000 0.142 0.000 0.127 0.000 0.185 0.000 0.001 0.000 0.000 0.000 0.000 0.000 0.004 0.000 0.000 0.000 0.357 0.002 0.234 0.004 0.072 0.001 0.003 0.000 0.061 0.001 0.180 0.000 4.074 1.333 2.477 0.004 0.526 0.002 0.660 0.000 0.452 0.000 2.294 0.059 0.000 0.000 0.000 0.000 0.000 0.000 0.000 0.000 0.011 0.000 0.003 0.000 0.000 0.000 0.000 0.000 0.000 0.000 0.017 0.000 0.025 0.000 0.000 0.000 0.000 0.000 0.011 0.000 0.010 0.000 0.868 0.360 0.195 0.004 0.150 0.045 1.395 0.036 1.318 0.013 0.275 0.016 0.081 0.000 0.011 0.003 0.002 0.000 0.067 0.004 0.021 0.000 0.027 0.000 0.032 0.000 0.180 0.001
0.004 1.605 0.008 0.118 0.526 2.994 0.000 0.062 0.001 0.036 0.036 8.513 2.181 0.000 0.516 0.109 0.000 0.000 2.335 1.854 0.680 0.729 0.004 0.017 0.000 0.000 1.616 3.000 0.000 0.002 0.025 0.177 0.002 0.016 0.195 0.814 0.011 0.841 0.002 0.001 0.650 7.746 0.140 1.726 0.035 0.562 0.144 2.950 0.031 0.637 0.172 2.294 0.000 0.000 0.000 0.025 0.000 0.005 0.000 0.001 0.000 0.000 0.000 0.000 0.000 0.039 0.000 0.006 0.000 0.006 0.000 0.000 0.000 0.002 0.000 0.000 0.000 0.000 0.000 0.000 0.000 0.000 0.000 0.000 0.000 0.001 0.000 0.003 0.000 0.000 0.000 0.003 0.000 0.000 0.000 0.000 0.000 0.002 0.000 0.003 0.000 0.003 0.001 0.000 0.000 0.004 0.000 0.002 0.000 0.000 0.000 0.000 0.000 0.002 0.000 0.000 0.000 0.000 0.000 0.000 0.000 0.000 0.000 0.002 0.000 0.002 0.000 0.006 0.000 0.000 0.000 0.008 0.000 0.002 0.000 0.017 0.000 0.001 0.000 0.003 0.000 0.001 0.000 0.006 0.000 0.003 0.000 0.001 0.000 0.016 0.000 0.027 0.000 0.070 0.000 0.000 0.000 0.000 0.000 0.000 0.001 0.001 0.000 0.003 0.023 0.248 0.004 0.151 0.001 0.069 0.000 0.001 0.001 0.008 0.000 0.057 0.287 6.908 0.054 0.830 0.000 0.234 0.000 0.099 0.000 0.121 0.172 1.532 0.000 0.000 0.000 0.000 0.000 0.000 0.000 0.004 0.000 0.000 0.000 0.000 0.000 0.006 0.000 0.000 0.000 0.000 0.000 0.000 0.000 0.019 0.000 0.006 0.000 0.000 0.003 0.007 0.000 0.004 0.069 1.275 0.001 0.097 0.008 0.160 0.052 1.262 0.003 0.945 0.007 0.263 0.000 0.040 0.000 0.007 0.000 0.022 0.000 0.014 0.000 0.018 0.000 0.001 0.003 0.016 0.006 0.045
0.501 0.080 6.551 0.162 5.196 2.147 0.248 0.008 0.191 0.002 1.232 1.655 1.100 0.516 0.000 2.470 0.866 0.004 6.338 1.046 7.063 0.466 8.093 0.176 0.695 0.005 2.607 0.132 0.085 0.010 2.769 0.097 1.170 0.165 0.848 0.047 1.855 0.135 0.030 0.028 0.185 0.006 0.113 0.015 0.199 0.005 0.154 0.002 0.029 0.000 0.388 0.016 0.038 0.000 0.255 0.000 0.011 0.010 0.006 0.000 0.007 0.000 0.037 0.000 0.092 0.000 0.025 0.000 0.000 0.000 0.004 0.000 0.000 0.001 0.000 0.000 0.000 0.000 0.000 0.000 0.005 0.000 0.000 0.000 0.050 0.002 0.001 0.000 0.004 0.000 0.042 0.000 0.000 0.000 0.000 0.000 0.054 0.000 0.012 0.000 0.001 0.000 0.000 0.000 0.002 0.000 0.069 0.000 0.000 0.000 0.002 0.000 0.000 0.000 0.000 0.000 0.000 0.000 0.001 0.000 0.006 0.000 0.010 0.000 0.031 0.000 0.064 0.000 0.000 0.000 0.014 0.000 0.009 0.000 0.211 0.000 0.158 0.000 0.003 0.000 0.024 0.000 0.164 0.000 0.012 0.000 0.114 0.000 0.278 0.001 0.161 0.000 0.190 0.000 0.016 0.000 0.000 0.000 0.008 0.000 0.008 0.000 0.009 0.000 0.057 0.004 1.035 0.005 0.073 0.000 0.012 0.001 0.179 0.005 0.010 0.001 0.793 0.567 0.409 0.019 0.047 0.001 0.159 0.000 0.320 0.000 0.001 0.029 0.000 0.000 0.000 0.000 0.005 0.000 0.000 0.000 0.003 0.000 0.004 0.000 0.059 0.000 0.000 0.000 0.000 0.031 0.005 0.000 0.123 0.000 0.003 0.000 0.000 0.000 0.047 0.016 0.001 0.000 0.033 0.011 0.617 0.019 0.019 0.000 0.112 0.029 2.586 0.128 0.734 0.027 0.278 0.000 0.036 0.009 0.039 0.013 0.082 0.016 0.134 0.006 0.109 0.001 0.233 0.002 0.438 0.012
0.615 1.165 0.658 8.132 1.550 3.843 0.027 1.041 0.036 0.085 1.544 0.597 0.306 0.109 2.470 0.000 0.237 0.933 0.141 7.696 0.901 6.578 1.234 6.157 0.018 2.552 0.001 2.056 0.010 0.528 0.201 1.285 0.119 0.978 0.032 0.319 0.112 0.823 0.043 0.261 0.001 0.016 0.003 0.211 0.000 0.183 0.001 0.013 0.000 0.042 0.012 0.178 0.000 0.020 0.001 0.479 0.000 0.039 0.000 0.032 0.000 0.018 0.000 0.154 0.003 0.133 0.000 0.012 0.000 0.001 0.000 0.012 0.000 0.000 0.000 0.000 0.000 0.004 0.000 0.001 0.000 0.060 0.000 0.002 0.000 0.309 0.004 0.037 0.000 0.000 0.000 0.018 0.000 0.000 0.003 0.030 0.000 0.116 0.000 0.078 0.000 0.049 0.000 0.000 0.000 0.007 0.000 0.063 0.000 0.001 0.000 0.000 0.000 0.000 0.000 0.000 0.000 0.000 0.000 0.000 0.000 0.031 0.000 0.024 0.000 0.045 0.000 0.044 0.000 0.008 0.002 0.012 0.000 0.031 0.000 0.434 0.000 0.384 0.000 0.123 0.001 0.081 0.000 0.300 0.000 0.024 0.000 0.037 0.001 0.072 0.001 0.093 0.001 0.031 0.000 0.044 0.000 0.008 0.000 0.006 0.000 0.006 0.000 0.003 0.002 0.025 0.029 0.387 0.003 0.052 0.000 0.007 0.015 0.287 0.000 0.022 0.184 1.277 0.072 0.511 0.003 0.024 0.005 0.022 0.002 0.092 0.005 0.028 0.000 0.000 0.000 0.000 0.000 0.000 0.000 0.000 0.000 0.006 0.000 0.010 0.001 0.049 0.000 0.000 0.000 0.000 0.000 0.007 0.002 0.152 0.017 0.002 0.000 0.000 0.004 0.054 0.001 0.005 0.000 0.028 0.119 0.989 0.002 0.006 0.007 0.140 0.045 4.962 0.096 1.065 0.013 0.300 0.012 0.397 0.003 0.057 0.007 0.021 0.003 0.173 0.002 0.087 0.000 0.079 0.043 0.369
0.941 0.621 1.453 0.192 0.121 0.058 0.324 0.153 0.226 0.110 0.138 0.088 0.041 0.000 0.866 0.237 0.000 0.141 0.891 0.006 6.559 0.002 3.886 0.224 4.328 0.501 0.480 0.000 6.539 0.023 3.540 0.002 2.779 0.012 0.238 0.000 0.306 0.002 3.108 0.039 0.018 0.000 0.056 0.000 0.201 0.000 0.010 0.000 0.041 0.000 0.144 0.000 1.525 0.005 1.071 0.036 0.111 0.000 0.027 0.000 0.404 0.010 10.461 0.040 0.000 0.000 0.006 0.002 0.000 0.000 0.339 0.000 0.005 0.000 0.293 0.000 0.001 0.000 0.000 0.000 0.761 0.000 0.003 0.000 1.196 0.000 0.530 0.000 0.013 0.000 0.537 0.000 0.000 0.000 0.092 0.000 0.818 0.002 1.070 0.000 0.197 0.000 0.007 0.000 0.013 0.000 0.411 0.000 0.000 0.000 0.000 0.000 0.000 0.000 0.000 0.000 0.000 0.000 0.000 0.000 0.562 0.000 0.573 0.002 0.006 0.000 0.008 0.000 0.115 0.000 0.006 0.000 0.010 0.000 0.133 0.000 0.711 0.000 0.863 0.000 0.760 0.000 1.636 0.000 0.138 0.003 0.002 0.000 0.006 0.000 0.019 0.000 0.006 0.000 0.911 0.002 0.012 0.000 0.314 0.000 0.059 0.000 0.009 0.000 0.000 0.000 0.156 0.000 0.052 0.003 0.057 0.000 0.776 0.005 0.002 0.000 0.123 0.098 0.021 0.000 0.004 0.000 0.195 0.026 0.021 0.000 0.000 0.000 0.000 0.000 0.002 0.000 0.000 0.000 0.000 0.000 0.003 0.000 0.003 0.000 0.196 0.000 0.000 0.000 0.000 0.000 0.000 0.000 0.051 0.000 0.010 0.000 0.000 0.000 0.092 0.000 0.000 0.000 0.006 0.000 0.559 0.009 0.040 0.000 0.063 0.000 2.811 0.045 0.537 0.018 0.092 0.005 0.116 0.008 0.042 0.003 0.011 0.000 0.144 0.000 0.048 0.001 0.114 0.000 0.343 0.010
0.341 0.847 0.115 1.104 0.005 0.045 0.120 0.548 0.231 0.159 0.011 0.072 0.000 0.000 0.004 0.933 0.141 0.000 0.000 0.240 0.000 2.781 0.256 3.284 0.333 4.017 0.002 0.041 0.019 6.180 0.000 0.956 0.001 1.089 0.000 0.181 0.000 0.349 0.015 2.577 0.000 0.003 0.000 0.036 0.000 0.034 0.000 0.000 0.002 0.009 0.001 0.061 0.007 0.651 0.027 1.206 0.000 0.205 0.002 0.021 0.007 0.439 0.044 7.218 0.000 0.000 0.004 0.000 0.000 0.000 0.000 0.009 0.000 0.004 0.000 0.015 0.000 0.003 0.000 0.017 0.000 0.338 0.000 0.017 0.000 0.765 0.000 0.139 0.000 0.024 0.000 0.063 0.000 0.002 0.000 0.041 0.000 0.137 0.000 0.240 0.000 0.079 0.000 0.002 0.000 0.000 0.000 0.031 0.000 0.000 0.000 0.000 0.000 0.000 0.000 0.000 0.000 0.000 0.000 0.000 0.000 0.137 0.000 0.076 0.000 0.012 0.000 0.005 0.000 0.142 0.001 0.026 0.000 0.145 0.000 0.551 0.000 0.744 0.003 0.746 0.000 0.686 0.000 1.885 0.000 0.095 0.000 0.000 0.000 0.002 0.000 0.000 0.000 0.005 0.000 0.517 0.000 0.025 0.001 0.177 0.000 0.041 0.000 0.008 0.000 0.009 0.000 0.040 0.000 0.022 0.002 0.029 0.014 0.167 0.000 0.000 0.007 0.256 0.000 0.165 0.000 0.003 0.013 0.139 0.000 0.007 0.000 0.000 0.000 0.000 0.000 0.000 0.000 0.002 0.000 0.000 0.000 0.000 0.000 0.006 0.000 0.048 0.000 0.000 0.000 0.001 0.000 0.007 0.000 0.031 0.000 0.000 0.000 0.002 0.000 0.042 0.000 0.000 0.000 0.009 0.000 0.523 0.000 0.005 0.000 0.018 0.013 2.805 0.006 0.354 0.007 0.050 0.000 0.161 0.000 0.021 0.000 0.004 0.000 0.074 0.004 0.042 0.001 0.060 0.003 0.133
0.342 0.000 1.468 0.000 3.197 0.416 0.022 0.001 0.157 0.002 0.501 0.184 2.243 2.335 6.338 0.141 0.891 0.000 0.000 1.948 5.790 0.353 3.155 0.001 0.214 0.002 4.657 1.524 0.111 0.000 0.556 0.014 0.037 0.005 2.880 0.070 0.582 0.028 0.007 0.002 0.499 0.337 1.021 0.098 0.786 0.053 0.479 0.106 0.070 0.008 3.219 0.137 0.024 0.000 0.058 0.000 0.021 0.001 0.017 0.002 0.007 0.000 0.058 0.001 0.054 0.001 0.004 0.000 0.000 0.000 0.013 0.000 0.000 0.000 0.008 0.000 0.000 0.001 0.000 0.000 0.003 0.000 0.001 0.000 0.014 0.000 0.024 0.001 0.001 0.000 0.021 0.000 0.002 0.000 0.000 0.000 0.059 0.000 0.036 0.000 0.004 0.000 0.000 0.001 0.000 0.000 0.025 0.000 0.000 0.000 0.000 0.000 0.000 0.000 0.000 0.000 0.000 0.000 0.003 0.000 0.003 0.000 0.015 0.000 0.001 0.000 0.002 0.000 0.001 0.000 0.008 0.000 0.002 0.000 0.028 0.000 0.043 0.000 0.000 0.000 0.016 0.000 0.046 0.004 0.017 0.002 0.055 0.000 0.091 0.000 0.034 0.000 0.085 0.002 0.011 0.000 0.012 0.000 0.002 0.000 0.004 0.000 0.000 0.000 0.383 0.011 0.287 0.006 0.042 0.000 0.003 0.003 0.062 0.000 0.002 0.000 0.649 0.663 0.244 0.001 0.053 0.001 0.089 0.000 0.141 0.000 0.142 0.192 0.000 0.000 0.000 0.000 0.000 0.000 0.000 0.000 0.007 0.000 0.003 0.000 0.018 0.000 0.000 0.000 0.000 0.000 0.000 0.000 0.022 0.000 0.000 0.000 0.000 0.000 0.008 0.000 0.002 0.000 0.561 0.157 0.295 0.003 0.051 0.005 1.450 0.034 2.015 0.008 0.306 0.015 0.137 0.004 0.030 0.000 0.061 0.009 0.084 0.023 0.047 0.000 0.008 0.000 0.125 0.000 0.243 0.000
0.002 1.268 0.028 2.442 0.848 4.726 0.000 0.273 0.001 0.146 0.248 1.019 2.034 1.854 1.046 7.696 0.006 0.240 1.948 0.000 1.007 5.272 0.014 1.679 0.003 0.239 0.547 7.318 0.005 0.050 0.106 1.371 0.007 0.204 0.248 2.860 0.041 1.145 0.000 0.008 0.197 0.537 0.067 1.350 0.021 1.200 0.022 1.060 0.004 0.156 0.200 2.607 0.000 0.010 0.000 0.088 0.000 0.009 0.000 0.005 0.001 0.009 0.000 0.148 0.000 0.065 0.000 0.030 0.000 0.001 0.000 0.005 0.000 0.000 0.000 0.000 0.000 0.000 0.000 0.007 0.000 0.064 0.000 0.000 0.001 0.106 0.000 0.046 0.000 0.009 0.000 0.033 0.000 0.002 0.001 0.021 0.000 0.032 0.000 0.033 0.000 0.028 0.000 0.004 0.003 0.011 0.000 0.021 0.000 0.000 0.000 0.000 0.000 0.003 0.000 0.000 0.000 0.000 0.000 0.001 0.000 0.021 0.000 0.022 0.000 0.024 0.002 0.017 0.000 0.001 0.000 0.000 0.000 0.008 0.000 0.154 0.000 0.124 0.000 0.024 0.000 0.011 0.000 0.144 0.000 0.026 0.000 0.017 0.000 0.078 0.000 0.094 0.000 0.061 0.000 0.002 0.000 0.014 0.000 0.002 0.000 0.010 0.000 0.006 0.001 0.300 0.005 0.285 0.000 0.113 0.000 0.024 0.000 0.140 0.000 0.012 0.093 1.090 0.120 0.128 0.000 0.074 0.000 0.049 0.001 0.113 0.060 0.287 0.000 0.000 0.000 0.000 0.000 0.005 0.000 0.002 0.000 0.007 0.000 0.004 0.000 0.035 0.000 0.000 0.000 0.000 0.000 0.020 0.000 0.116 0.000 0.001 0.000 0.000 0.021 0.027 0.000 0.001 0.044 0.680 0.003 0.389 0.006 0.086 0.033 1.468 0.010 2.247 0.024 0.784 0.010 0.154 0.012 0.273 0.032 0.070 0.006 0.042 0.009 0.065 0.000 0.029 0.000 0.057 0.019 0.143
0.280 0.027 1.365 0.050 1.840 0.824 0.010 0.001 0.011 0.000 1.321 0.574 0.896 0.680 7.063 0.901 6.559 0.000 5.790 1.007 0.000 0.322 5.216 0.099 0.423 0.001 3.200 0.375 1.819 0.001 3.479 0.015 1.548 0.036 3.140 0.038 1.058 0.050 0.119 0.001 0.002 0.070 0.765 0.015 0.505 0.014 0.036 0.029 0.040 0.004 1.966 0.020 0.097 0.000 0.059 0.000 0.027 0.000 0.031 0.000 0.012 0.000 0.908 0.000 0.006 0.002 0.005 0.001 0.001 0.000 0.349 0.000 0.008 0.000 0.144 0.000 0.000 0.000 0.005 0.000 0.184 0.000 0.000 0.000 0.239 0.000 0.214 0.000 0.005 0.000 0.102 0.000 0.001 0.000 0.017 0.000 0.205 0.000 0.450 0.000 0.059 0.000 0.001 0.000 0.007 0.000 0.069 0.000 0.000 0.000 0.000 0.000 0.000 0.000 0.003 0.000 0.000 0.000 0.000 0.000 0.187 0.000 0.104 0.000 0.000 0.000 0.003 0.000 0.000 0.000 0.005 0.000 0.000 0.000 0.040 0.000 0.063 0.000 0.110 0.000 0.235 0.000 0.208 0.000 0.236 0.000 0.000 0.000 0.023 0.000 0.007 0.000 0.015 0.000 0.032 0.000 0.009 0.000 0.007 0.000 0.027 0.003 0.009 0.000 0.248 0.002 1.233 0.002 0.089 0.001 0.031 0.000 0.311 0.000 0.000 0.000 0.428 0.197 0.726 0.002 0.030 0.000 0.021 0.000 0.073 0.003 0.051 0.041 0.004 0.000 0.000 0.000 0.000 0.000 0.000 0.000 0.000 0.000 0.002 0.000 0.020 0.000 0.000 0.000 0.000 0.000 0.000 0.000 0.026 0.002 0.003 0.000 0.002 0.000 0.067 0.018 0.003 0.000 0.245 0.064 0.919 0.009 0.075 0.002 0.591 0.019 3.642 0.037 0.762 0.003 0.410 0.001 0.106 0.005 0.046 0.012 0.190 0.011 0.124 0.000 0.118 0.000 0.229 0.002 0.520 0.010
0.012 0.160 0.025 1.152 0.267 2.255 0.002 0.074 0.001 0.014 0.158 0.544 0.452 0.729 0.466 6.578 0.002 2.781 0.353 5.272 0.322 0.000 0.056 5.959 0.000 0.858 0.072 3.231 0.000 1.609 0.060 1.992 0.023 1.246 0.049 2.343 0.014 0.885 0.001 0.360 0.013 0.099 0.005 2.084 0.002 1.681 0.007 0.141 0.006 0.249 0.012 2.058 0.000 0.052 0.000 0.128 0.000 0.020 0.000 0.003 0.000 0.072 0.000 0.733 0.000 0.005 0.000 0.004 0.000 0.001 0.000 0.061 0.000 0.004 0.000 0.010 0.000 0.003 0.000 0.020 0.000 0.151 0.000 0.002 0.000 0.263 0.000 0.143 0.000 0.005 0.000 0.018 0.000 0.000 0.000 0.030 0.000 0.032 0.000 0.128 0.000 0.040 0.000 0.000 0.000 0.000 0.000 0.017 0.000 0.002 0.000 0.000 0.000 0.000 0.011 0.000 0.000 0.000 0.000 0.000 0.000 0.103 0.000 0.153 0.000 0.000 0.000 0.009 0.000 0.023 0.000 0.004 0.000 0.022 0.000 0.126 0.000 0.256 0.000 0.422 0.000 0.588 0.000 1.086 0.000 0.382 0.000 0.010 0.000 0.002 0.000 0.003 0.000 0.010 0.000 0.046 0.000 0.036 0.001 0.047 0.000 0.037 0.000 0.012 0.004 0.175 0.006 0.652 0.001 0.061 0.000 0.023 0.000 0.228 0.000 0.002 0.024 0.444 0.026 0.297 0.000 0.025 0.000 0.002 0.000 0.022 0.013 0.237 0.000 0.000 0.000 0.002 0.000 0.000 0.000 0.001 0.000 0.001 0.000 0.000 0.000 0.001 0.000 0.001 0.000 0.000 0.000 0.004 0.000 0.010 0.000 0.008 0.000 0.000 0.003 0.052 0.000 0.000 0.016 0.447 0.020 0.674 0.000 0.042 0.001 0.660 0.007 3.786 0.002 0.895 0.011 0.323 0.000 0.299 0.022 0.073 0.000 0.104 0.000 0.081 0.000 0.070 0.000 0.108 0.015 0.242
1.040 2.180 10.870 0.972 1.156 0.461 1.156 0.133 0.058 0.036 0.350 0.843 0.139 0.004 8.093 1.234 3.886 0.256 3.155 0.014 5.216 0.056 0.000 0.968 4.290 0.559 0.790 0.003 1.368 0.093 0.985 0.010 1.044 0.095 0.065 0.001 0.332 0.101 1.138 0.180 0.036 0.000 0.038 0.001 0.300 0.000 0.115 0.000 0.114 0.001 0.038 0.001 0.223 0.000 1.565 0.004 0.107 0.000 0.014 0.005 0.032 0.027 0.641 0.047 0.026 0.000 0.001 0.000 0.000 0.000 0.013 0.000 0.000 0.000 0.005 0.000 0.000 0.000 0.002 0.000 0.019 0.002 0.000 0.000 0.231 0.002 0.023 0.000 0.000 0.000 0.151 0.000 0.000 0.000 0.001 0.000 0.282 0.000 0.070 0.000 0.003 0.000 0.001 0.000 0.020 0.000 0.152 0.000 0.000 0.000 0.000 0.000 0.000 0.000 0.000 0.000 0.000 0.000 0.000 0.000 0.010 0.000 0.024 0.000 0.033 0.000 0.043 0.000 0.058 0.000 0.020 0.000 0.056 0.000 0.511 0.000 0.774 0.000 0.036 0.000 0.110 0.000 0.658 0.000 0.020 0.001 0.083 0.001 0.118 0.002 0.096 0.001 0.074 0.000 0.121 0.000 0.000 0.000 0.011 0.000 0.041 0.000 0.012 0.000 0.011 0.000 0.257 0.000 0.024 0.003 0.028 0.002 0.822 0.002 0.003 0.000 0.479 0.610 0.029 0.024 0.012 0.000 0.081 0.131 0.061 0.000 0.012 0.000 0.000 0.000 0.000 0.000 0.000 0.000 0.001 0.000 0.013 0.000 0.010 0.000 0.196 0.000 0.000 0.000 0.000 0.000 0.005 0.000 0.233 0.000 0.009 0.003 0.002 0.000 0.104 0.003 0.005 0.000 0.019 0.008 0.639 0.085 0.037 0.003 0.037 0.003 3.192 0.218 0.690 0.030 0.274 0.013 0.152 0.037 0.020 0.010 0.053 0.009 0.248 0.001 0.113 0.006 0.217 0.004 0.569 0.033
0.719 0.656 0.384 4.995 0.125 0.951 0.017 0.411 0.030 0.014 0.212 0.381 0.009 0.017 0.176 6.157 0.224 3.284 0.001 1.679 0.099 5.959 0.968 0.000 0.139 4.112 0.001 0.301 0.030 1.707 0.022 1.400 0.016 0.669 0.000 0.225 0.009 0.366 0.041 0.411 0.000 0.018 0.000 0.099 0.000 0.110 0.000 0.012 0.002 0.058 0.000 0.065 0.000 0.062 0.001 0.563 0.000 0.089 0.000 0.033 0.000 0.065 0.008 1.122 0.000 0.003 0.000 0.004 0.000 0.000 0.000 0.008 0.000 0.008 0.000 0.007 0.000 0.001 0.000 0.015 0.000 0.250 0.000 0.013 0.000 0.639 0.000 0.092 0.000 0.027 0.000 0.043 0.000 0.002 0.000 0.037 0.000 0.119 0.000 0.152 0.001 0.080 0.000 0.007 0.000 0.002 0.000 0.027 0.000 0.000 0.000 0.000 0.000 0.000 0.000 0.000 0.000 0.000 0.000 0.000 0.000 0.096 0.000 0.055 0.000 0.006 0.000 0.004 0.000 0.019 0.000 0.005 0.000 0.078 0.000 0.416 0.000 0.245 0.000 0.114 0.000 0.139 0.000 0.766 0.000 0.045 0.000 0.000 0.000 0.002 0.000 0.002 0.000 0.008 0.000 0.052 0.000 0.000 0.000 0.012 0.000 0.011 0.000 0.010 0.000 0.018 0.000 0.189 0.002 0.009 0.001 0.044 0.025 0.244 0.000 0.001 0.023 0.304 0.003 0.525 0.000 0.001 0.011 0.071 0.000 0.005 0.000 0.000 0.000 0.000 0.000 0.000 0.000 0.001 0.000 0.000 0.000 0.000 0.000 0.000 0.000 0.026 0.000 0.003 0.000 0.000 0.000 0.002 0.000 0.037 0.002 0.000 0.000 0.000 0.001 0.031 0.000 0.005 0.000 0.010 0.019 0.543 0.003 0.001 0.001 0.037 0.019 5.797 0.013 0.512 0.004 0.168 0.003 0.283 0.002 0.024 0.001 0.052 0.001 0.142 0.001 0.062 0.000 0.053 0.027 0.281
0.259 1.375 2.516 0.182 0.073 0.004 6.147 0.733 0.627 0.972 0.005 0.008 0.022 0.000 0.695 0.018 4.328 0.333 0.214 0.003 0.423 0.000 4.290 0.139 0.000 1.869 0.034 0.000 1.476 0.040 0.071 0.000 0.007 0.002 0.000 0.000 0.019 0.015 0.888 0.047 0.019 0.000 0.000 0.003 0.032 0.000 0.005 0.000 0.029 0.000 0.011 0.000 2.012 0.032 5.912 0.292 0.547 0.009 0.118 0.009 0.489 0.059 4.053 0.361 0.017 0.000 0.003 0.011 0.000 0.000 0.001 0.000 0.000 0.000 0.000 0.001 0.000 0.000 0.000 0.000 0.011 0.000 0.000 0.000 0.255 0.001 0.009 0.000 0.000 0.000 0.110 0.000 0.004 0.000 0.000 0.000 0.265 0.000 0.035 0.000 0.003 0.000 0.007 0.000 0.033 0.000 0.219 0.000 0.000 0.000 0.000 0.000 0.000 0.000 0.000 0.000 0.000 0.000 0.000 0.000 0.003 0.001 0.037 0.000 0.073 0.000 0.070 0.002 0.317 0.000 0.114 0.000 0.176 0.000 0.776 0.000 1.314 0.000 0.259 0.000 0.153 0.000 1.143 0.000 0.014 0.003 0.066 0.001 0.061 0.012 0.078 0.000 0.016 0.000 0.626 0.001 0.052 0.003 0.164 0.004 0.422 0.002 0.006 0.004 0.001 0.000 0.005 0.000 0.021 0.000 0.144 0.000 0.698 0.017 0.017 0.000 0.186 0.245 0.002 0.000 0.011 0.000 0.025 0.225 0.011 0.008 0.000 0.000 0.000 0.000 0.001 0.000 0.001 0.000 0.004 0.000 0.001 0.000 0.016 0.000 0.280 0.000 0.005 0.000 0.001 0.000 0.004 0.000 0.353 0.000 0.046 0.000 0.004 0.001 0.234 0.012 0.000 0.000 0.031 0.000 0.491 0.043 0.091 0.026 0.216 0.020 1.568 0.025 0.873 0.030 0.194 0.005 0.360 0.026 0.037 0.004 0.028 0.001 0.290 0.004 0.140 0.001 0.195 0.000 0.820 0.015
1.213 1.024 0.323 4.023 0.014 0.129 0.746 6.926 2.207 0.562 0.005 0.002 0.001 0.000 0.005 2.552 0.501 4.017 0.002 0.239 0.001 0.858 0.559 4.112 1.869 0.000 0.000 0.015 0.029 2.044 0.000 0.146 0.001 0.176 0.000 0.020 0.008 0.122 0.131 0.978 0.000 0.004 0.001 0.000 0.001 0.014 0.000 0.000 0.000 0.014 0.000 0.004 0.125 0.394 0.497 5.037 0.002 0.676 0.028 0.114 0.059 0.592 0.429 3.003 0.000 0.000 0.025 0.001 0.000 0.000 0.003 0.000 0.000 0.000 0.001 0.001 0.000 0.001 0.000 0.000 0.001 0.074 0.000 0.002 0.000 0.366 0.001 0.021 0.000 0.012 0.000 0.035 0.000 0.000 0.000 0.034 0.001 0.180 0.001 0.114 0.000 0.049 0.000 0.013 0.000 0.003 0.000 0.042 0.000 0.000 0.000 0.000 0.000 0.000 0.000 0.000 0.000 0.000 0.000 0.000 0.000 0.018 0.000 0.047 0.000 0.066 0.000 0.047 0.000 0.061 0.001 0.115 0.000 0.230 0.004 0.768 0.001 0.840 0.000 0.447 0.000 0.190 0.002 0.736 0.000 0.017 0.001 0.009 0.004 0.006 0.000 0.022 0.000 0.003 0.000 0.706 0.000 0.062 0.000 0.134 0.003 0.165 0.000 0.006 0.004 0.010 0.000 0.004 0.000 0.037 0.002 0.093 0.064 0.333 0.016 0.000 0.062 0.426 0.000 0.004 0.000 0.002 0.048 0.125 0.002 0.012 0.004 0.000 0.000 0.000 0.000 0.003 0.000 0.000 0.000 0.000 0.000 0.000 0.000 0.026 0.000 0.082 0.000 0.002 0.000 0.002 0.001 0.020 0.003 0.120 0.001 0.043 0.000 0.004 0.003 0.191 0.000 0.000 0.004 0.017 0.034 0.826 0.035 0.049 0.008 0.128 0.018 2.586 0.046 0.862 0.004 0.128 0.035 0.840 0.010 0.066 0.000 0.028 0.016 0.282 0.000 0.054 0.003 0.068 0.047 0.675
0.359 0.000 0.642 0.001 1.766 0.027 0.028 0.000 0.150 0.003 0.477 0.008 3.126 1.616 2.607 0.001 0.480 0.002 4.657 0.547 3.200 0.072 0.790 0.001 0.034 0.000 0.000 1.968 0.217 0.000 0.684 0.003 0.103 0.000 1.046 0.021 0.814 0.012 0.022 0.000 1.822 1.327 4.388 0.166 4.867 0.214 2.138 0.704 0.777 0.018 4.001 0.104 0.011 0.000 0.009 0.000 0.016 0.000 0.020 0.000 0.007 0.000 0.086 0.000 0.029 0.000 0.011 0.000 0.000 0.000 0.109 0.000 0.004 0.000 0.014 0.000 0.000 0.004 0.000 0.000 0.002 0.000 0.006 0.000 0.056 0.000 0.007 0.000 0.002 0.000 0.002 0.000 0.000 0.000 0.024 0.000 0.050 0.000 0.055 0.000 0.020 0.000 0.001 0.000 0.000 0.000 0.009 0.000 0.000 0.000 0.000 0.000 0.000 0.000 0.000 0.000 0.000 0.000 0.000 0.000 0.048 0.003 0.016 0.001 0.007 0.000 0.002 0.000 0.001 0.000 0.004 0.000 0.000 0.000 0.011 0.000 0.004 0.000 0.015 0.000 0.025 0.001 0.008 0.000 0.050 0.001 0.010 0.000 0.048 0.000 0.032 0.000 0.025 0.000 0.003 0.000 0.002 0.000 0.000 0.000 0.003 0.000 0.000 0.000 0.762 0.007 0.092 0.000 0.033 0.013 0.004 0.000 0.059 0.000 0.009 0.000 0.358 0.569 0.291 0.000 0.053 0.000 0.018 0.000 0.128 0.000 0.569 0.078 0.000 0.000 0.000 0.000 0.000 0.000 0.000 0.000 0.000 0.000 0.000 0.000 0.007 0.000 0.000 0.000 0.000 0.000 0.000 0.000 0.009 0.000 0.008 0.000 0.001 0.002 0.016 0.000 0.000 0.001 4.238 0.380 0.144 0.000 0.338 0.079 2.661 0.014 0.611 0.003 0.251 0.000 0.020 0.000 0.017 0.001 0.008 0.000 0.054 0.003 0.039 0.000 0.007 0.000 0.015 0.000 0.032 0.000
