0.000 3.031 3.346 0.887 1.764 0.107 1.839 0.684 2.872 0.308 4.913 0.205 2.498 0.002 0.495 0.634 0.924 0.391 0.137 0.008 0.062 0.005 1.094 0.658 0.252 1.154 0.221 0.002 0.814 0.058 0.071 0.005 0.437 0.012 0.020 0.000 0.790 0.031 3.388 0.097 0.315 0.001 0.009 0.000 0.046 0.000 0.071 0.000 0.078 0.003 0.027 0.000 0.060 0.002 0.068 0.041 0.023 0.004 0.028 0.000 1.203 0.051 0.910 0.146 0.323 0.001 0.201 0.002 0.000 0.000 0.003 0.000 0.004 0.000 0.000 0.000 0.003 0.000 0.001 0.000 0.004 0.000 0.002 0.000 0.004 0.003 0.008 0.000 0.000 0.000 0.000 0.002 0.000 0.000 0.000 0.001 0.003 0.001 0.000 0.003 0.002 0.000 0.003 0.001 0.003 0.000 0.009 0.000 0.000 0.000 0.000 0.000 0.000 0.000 0.000 0.000 0.000 0.000 0.000 0.000 0.004 0.001 0.003 0.000 0.060 0.001 0.052 0.000 0.004 0.000 0.059 0.000 0.013 0.000 0.056 0.004 0.023 0.002 0.004 0.000 0.001 0.000 0.021 0.005 0.000 0.000 0.199 0.000 0.518 0.002 0.207 0.000 0.262 0.000 0.010 0.000 0.002 0.000 0.000 0.000 0.046 0.000 0.008 0.000 0.017 0.001 0.113 0.001 0.213 0.001 0.156 0.000 2.731 0.020 0.040 0.000 3.225 1.259 0.387 0.030 0.134 0.000 0.970 0.174 0.912 0.000 0.035 0.000 0.040 0.000 0.001 0.000 0.000 0.000 0.003 0.000 0.005 0.000 0.011 0.000 0.007 0.000 0.000 0.000 0.001 0.000 0.002 0.000 0.083 0.000 0.007 0.000 0.014 0.002 0.355 0.032 0.000 0.000 0.054 0.035 1.232 0.060 0.134 0.000 0.286 0.019 3.087 0.177 1.922 0.041 1.135 0.009 0.551 0.079 0.252 0.075 0.321 0.024 0.812 0.003 0.479 0.000 0.877 0.003 1.823 0.027
3.031 0.000 1.651 3.299 0.207 4.255 0.490 2.675 0.762 2.661 0.171 8.282 0.005 1.825 0.097 1.355 0.965 0.583 0.003 1.449 0.035 0.151 2.004 0.623 1.633 1.017 0.000 1.461 0.039 1.185 0.003 0.043 0.010 0.845 0.000 0.033 0.021 1.477 0.122 2.784 0.001 0.594 0.002 0.026 0.001 0.101 0.001 0.302 0.000 0.118 0.000 0.025 0.041 0.092 0.102 0.668 0.009 0.080 0.004 0.169 0.040 2.011 0.192 1.235 0.000 1.206 0.000 0.432 0.000 0.000 0.000 0.007 0.000 0.020 0.000 0.004 0.000 0.000 0.000 0.006 0.000 0.004 0.000 0.007 0.002 0.013 0.000 0.011 0.000 0.002 0.000 0.001 0.000 0.000 0.000 0.000 0.001 0.000 0.000 0.003 0.000 0.001 0.000 0.003 0.000 0.002 0.000 0.017 0.000 0.000 0.000 0.001 0.000 0.000 0.037 0.008 0.000 0.000 0.000 0.005 0.000 0.003 0.000 0.015 0.000 0.138 0.000 0.164 0.000 0.027 0.000 0.184 0.000 0.041 0.003 0.129 0.002 0.195 0.000 0.010 0.000 0.009 0.002 0.051 0.000 0.011 0.001 0.163 0.004 0.696 0.001 0.327 0.000 0.399 0.000 0.047 0.000 0.076 0.002 0.007 0.001 0.040 0.000 0.000 0.000 0.046 0.000 0.072 0.003 0.073 0.001 0.225 0.079 1.359 0.008 0.106 0.525 5.908 0.001 0.360 0.000 0.226 0.112 1.019 0.002 1.549 0.000 0.097 0.000 0.000 0.000 0.003 0.000 0.006 0.000 0.000 0.000 0.027 0.000 0.031 0.000 0.005 0.000 0.000 0.000 0.000 0.000 0.037 0.000 0.209 0.000 0.056 0.000 0.011 0.037 0.565 0.000 0.011 0.009 0.125 0.071 2.556 0.020 0.259 0.012 0.383 0.117 2.917 0.077 1.844 0.009 1.228 0.069 2.392 0.022 0.506 0.002 0.355 0.062 1.045 0.014 0.336 0.005 0.479 0.062 1.997
3.346 1.651 0.000 0.447 5.489 0.248 2.422 0.110 0.878 0.030 1.292 0.556 1.740 0.001 5.674 0.634 1.946 0.255 1.240 0.008 0.762 0.019 15.105 0.485 4.665 0.357 0.669 0.001 1.782 0.024 0.830 0.013 1.394 0.033 0.015 0.001 0.623 0.074 3.152 0.072 0.248 0.003 0.037 0.001 0.085 0.000 0.076 0.002 0.092 0.000 0.024 0.000 0.072 0.008 1.156 0.028 0.063 0.000 0.057 0.001 0.508 0.024 0.895 0.066 0.169 0.000 0.090 0.000 0.000 0.000 0.009 0.000 0.002 0.000 0.002 0.000 0.000 0.000 0.000 0.000 0.000 0.003 0.001 0.001 0.008 0.007 0.000 0.001 0.000 0.000 0.013 0.002 0.000 0.000 0.000 0.000 0.004 0.000 0.003 0.000 0.001 0.000 0.000 0.000 0.005 0.000 0.032 0.000 0.000 0.000 0.000 0.000 0.000 0.000 0.014 0.010 0.000 0.000 0.000 0.000 0.000 0.002 0.006 0.000 0.244 0.000 0.249 0.000 0.004 0.000 0.260 0.000 0.109 0.000 0.454 0.000 0.292 0.001 0.005 0.000 0.003 0.003 0.160 0.000 0.000 0.003 0.342 0.000 0.535 0.000 0.345 0.005 0.122 0.000 0.017 0.002 0.000 0.001 0.003 0.000 0.166 0.000 0.004 0.000 0.016 0.001 0.507 0.000 0.145 0.000 0.091 0.000 1.951 0.016 0.006 0.000 0.509 0.648 0.017 0.027 0.014 0.005 0.033 0.041 0.088 0.003 0.005 0.001 0.000 0.000 0.001 0.000 0.001 0.000 0.003 0.000 0.029 0.000 0.014 0.000 0.060 0.000 0.000 0.000 0.001 0.000 0.019 0.000 0.511 0.000 0.016 0.000 0.009 0.000 0.149 0.047 0.001 0.001 0.049 0.006 1.794 0.042 0.205 0.002 0.205 0.037 1.504 0.135 1.545 0.012 0.566 0.029 0.461 0.156 0.147 0.016 0.195 0.027 0.450 0.029 0.239 0.001 0.494 0.002 1.224 0.016
0.887 3.299 0.447 0.000 0.159 3.399 0.035 2.767 0.059 0.123 0.329 0.588 0.007 0.212 0.145 7.021 0.299 1.203 0.001 2.373 0.036 0.647 1.016 5.418 0.205 4.853 0.003 0.561 0.016 1.854 0.017 0.415 0.020 1.690 0.003 0.026 0.023 0.885 0.077 1.677 0.002 0.035 0.000 0.021 0.002 0.038 0.000 0.049 0.002 0.023 0.000 0.008 0.000 0.010 0.002 1.383 0.021 0.118 0.000 0.066 0.004 0.234 0.024 0.193 0.000 0.058 0.004 0.011 0.000 0.000 0.000 0.000 0.000 0.003 0.000 0.000 0.000 0.003 0.000 0.000 0.000 0.003 0.000 0.000 0.000 0.014 0.000 0.004 0.000 0.000 0.001 0.000 0.000 0.000 0.000 0.001 0.000 0.025 0.000 0.006 0.000 0.000 0.000 0.002 0.000 0.000 0.000 0.025 0.000 0.000 0.000 0.000 0.000 0.000 0.000 0.000 0.000 0.000 0.000 0.000 0.000 0.001 0.000 0.001 0.000 0.058 0.000 0.045 0.000 0.015 0.000 0.070 0.000 0.040 0.000 0.194 0.000 0.383 0.000 0.026 0.000 0.012 0.000 0.071 0.000 0.005 0.000 0.032 0.000 0.058 0.002 0.077 0.000 0.019 0.000 0.026 0.000 0.002 0.000 0.004 0.003 0.028 0.000 0.009 0.001 0.025 0.008 0.155 0.000 0.031 0.000 0.068 0.029 0.572 0.000 0.007 0.086 0.481 0.000 0.024 0.002 0.005 0.024 0.015 0.001 0.009 0.000 0.000 0.000 0.000 0.000 0.001 0.000 0.002 0.000 0.000 0.000 0.004 0.000 0.014 0.000 0.013 0.000 0.001 0.000 0.000 0.000 0.016 0.000 0.144 0.000 0.011 0.000 0.013 0.019 0.095 0.000 0.004 0.000 0.020 0.013 1.663 0.000 0.073 0.000 0.111 0.031 1.039 0.010 0.933 0.000 0.212 0.015 0.627 0.004 0.088 0.000 0.056 0.001 0.161 0.001 0.036 0.007 0.069 0.012 0.368
1.764 0.207 5.489 0.159 0.000 0.995 0.253 0.000 0.334 0.024 2.644 1.123 6.323 0.418 5.322 1.451 0.099 0.046 2.378 0.847 1.520 0.278 1.249 0.290 0.022 0.022 1.695 0.136 0.158 0.003 1.303 0.060 1.145 0.074 0.520 0.044 1.907 0.121 0.786 0.008 1.208 0.010 0.071 0.020 0.138 0.007 0.409 0.000 0.089 0.000 0.414 0.018 0.014 0.000 0.041 0.001 0.036 0.000 0.031 0.003 0.011 0.000 0.021 0.000 0.094 0.001 0.026 0.000 0.003 0.000 0.005 0.000 0.001 0.000 0.002 0.000 0.000 0.000 0.000 0.000 0.005 0.000 0.000 0.000 0.003 0.000 0.002 0.000 0.000 0.000 0.000 0.000 0.000 0.000 0.000 0.000 0.000 0.000 0.001 0.000 0.002 0.000 0.000 0.000 0.003 0.000 0.000 0.000 0.000 0.000 0.000 0.000 0.000 0.000 0.025 0.011 0.000 0.000 0.004 0.000 0.000 0.000 0.001 0.000 0.028 0.000 0.039 0.000 0.000 0.000 0.031 0.000 0.011 0.000 0.066 0.000 0.014 0.000 0.001 0.001 0.000 0.000 0.029 0.003 0.001 0.000 0.069 0.000 0.237 0.000 0.107 0.001 0.171 0.000 0.002 0.000 0.000 0.003 0.002 0.000 0.040 0.000 0.001 0.000 0.124 0.001 1.065 0.001 0.148 0.002 0.026 0.000 0.733 0.011 0.006 0.000 1.654 1.105 0.616 0.038 0.160 0.000 0.225 0.000 0.303 0.000 0.107 0.048 0.000 0.000 0.000 0.000 0.000 0.000 0.000 0.000 0.005 0.000 0.000 0.000 0.006 0.000 0.000 0.000 0.000 0.000 0.008 0.000 0.052 0.000 0.020 0.000 0.000 0.000 0.136 0.009 0.002 0.000 0.059 0.035 1.455 0.043 0.105 0.000 0.415 0.007 2.278 0.106 1.175 0.004 0.545 0.001 0.047 0.035 0.155 0.069 0.326 0.041 0.316 0.012 0.093 0.000 0.402 0.002 0.992 0.011
0.107 4.255 0.248 3.399 0.995 0.000 0.008 0.604 0.001 0.179 0.972 4.040 0.788 3.762 2.095 4.122 0.070 0.057 0.523 3.683 0.807 1.764 0.561 1.340 0.002 0.154 0.029 3.780 0.005 0.264 0.155 1.546 0.069 2.007 0.019 0.782 0.120 2.293 0.025 0.239 0.011 0.865 0.006 0.073 0.003 0.070 0.004 0.628 0.005 0.032 0.032 0.205 0.000 0.014 0.000 0.069 0.001 0.043 0.000 0.053 0.000 0.020 0.000 0.024 0.000 0.053 0.000 0.034 0.000 0.000 0.000 0.007 0.000 0.006 0.000 0.001 0.000 0.000 0.001 0.002 0.000 0.006 0.000 0.000 0.000 0.006 0.000 0.003 0.000 0.002 0.000 0.000 0.000 0.000 0.000 0.002 0.000 0.001 0.000 0.002 0.000 0.003 0.000 0.000 0.000 0.004 0.002 0.016 0.000 0.000 0.000 0.000 0.000 0.000 0.007 0.007 0.000 0.000 0.000 0.000 0.000 0.000 0.000 0.005 0.000 0.023 0.000 0.026 0.000 0.002 0.000 0.019 0.000 0.018 0.000 0.068 0.001 0.104 0.000 0.010 0.000 0.001 0.001 0.029 0.000 0.010 0.000 0.022 0.000 0.095 0.000 0.084 0.000 0.116 0.001 0.026 0.000 0.015 0.000 0.005 0.000 0.010 0.000 0.001 0.002 0.080 0.015 1.198 0.000 0.146 0.000 0.063 0.003 0.650 0.000 0.028 0.370 2.209 0.066 0.501 0.000 0.113 0.000 0.027 0.000 0.166 0.020 0.101 0.000 0.000 0.000 0.001 0.000 0.004 0.000 0.000 0.000 0.008 0.000 0.007 0.000 0.014 0.000 0.000 0.000 0.000 0.000 0.005 0.000 0.087 0.001 0.009 0.000 0.016 0.004 0.146 0.000 0.000 0.000 0.196 0.036 1.982 0.003 0.065 0.010 0.479 0.042 2.176 0.019 1.695 0.001 0.412 0.020 0.636 0.004 0.211 0.002 0.265 0.016 0.225 0.001 0.094 0.004 0.154 0.019 0.384
1.839 0.490 2.422 0.035 0.253 0.008 0.000 0.227 1.998 0.889 0.336 0.007 0.244 0.000 0.162 0.025 0.523 0.120 0.036 0.000 0.010 0.000 0.635 0.014 6.683 0.721 0.023 0.000 0.245 0.009 0.005 0.000 0.007 0.001 0.000 0.000 0.007 0.007 0.430 0.012 0.038 0.000 0.010 0.000 0.015 0.001 0.007 0.000 0.107 0.000 0.006 0.002 1.263 0.106 7.043 0.493 0.806 0.016 0.807 0.017 1.835 0.040 3.369 0.400 0.254 0.002 1.404 0.048 0.001 0.000 0.000 0.008 0.004 0.001 0.000 0.000 0.006 0.000 0.001 0.000 0.000 0.004 0.000 0.000 0.010 0.003 0.000 0.000 0.000 0.000 0.009 0.000 0.000 0.000 0.002 0.000 0.020 0.000 0.003 0.008 0.002 0.001 0.000 0.000 0.002 0.000 0.021 0.000 0.000 0.000 0.000 0.000 0.000 0.000 0.000 0.010 0.000 0.000 0.000 0.000 0.000 0.000 0.007 0.000 0.381 0.000 0.262 0.000 0.036 0.001 0.811 0.004 0.142 0.000 0.184 0.003 0.121 0.000 0.029 0.000 0.004 0.002 0.076 0.005 0.002 0.011 0.178 0.000 0.359 0.001 0.159 0.000 0.013 0.000 0.050 0.004 0.025 0.004 0.017 0.002 0.446 0.008 0.014 0.000 0.021 0.001 0.023 0.000 0.147 0.001 0.819 0.000 1.330 0.007 0.014 0.000 0.228 0.287 0.001 0.000 0.007 0.000 0.032 0.193 0.023 0.026 0.009 0.000 0.000 0.000 0.000 0.000 0.003 0.000 0.000 0.000 0.000 0.000 0.004 0.000 0.012 0.001 0.004 0.000 0.000 0.000 0.012 0.000 0.402 0.000 0.018 0.000 0.018 0.000 1.156 0.068 0.008 0.000 0.187 0.003 1.575 0.011 0.450 0.021 0.712 0.043 1.191 0.104 1.800 0.008 0.537 0.003 0.713 0.115 0.353 0.091 0.148 0.005 1.181 0.003 0.603 0.004 0.714 0.000 2.485 0.002
0.684 2.675 0.110 2.767 0.000 0.604 0.227 0.000 1.043 1.094 0.004 0.276 0.000 0.082 0.001 1.203 0.220 0.722 0.004 0.318 0.000 0.020 0.123 0.414 0.666 7.858 0.000 0.139 0.003 1.055 0.000 0.020 0.000 0.056 0.000 0.007 0.000 0.146 0.026 1.285 0.000 0.027 0.000 0.009 0.001 0.035 0.000 0.029 0.000 0.015 0.000 0.026 0.068 0.413 0.164 7.260 0.001 0.907 0.000 0.812 0.031 1.364 0.256 2.788 0.000 0.242 0.015 0.441 0.000 0.002 0.000 0.001 0.000 0.009 0.000 0.000 0.000 0.003 0.000 0.003 0.000 0.002 0.000 0.000 0.000 0.019 0.000 0.005 0.000 0.000 0.000 0.004 0.000 0.000 0.000 0.000 0.000 0.011 0.000 0.000 0.000 0.000 0.000 0.000 0.000 0.000 0.000 0.037 0.000 0.000 0.000 0.000 0.000 0.000 0.041 0.000 0.000 0.000 0.000 0.000 0.000 0.001 0.000 0.000 0.005 0.320 0.000 0.126 0.000 0.052 0.001 0.334 0.000 0.159 0.003 0.314 0.000 0.516 0.000 0.044 0.000 0.014 0.000 0.055 0.000 0.001 0.000 0.034 0.003 0.080 0.001 0.100 0.000 0.015 0.000 0.115 0.000 0.072 0.000 0.004 0.003 0.246 0.000 0.004 0.000 0.032 0.009 0.006 0.000 0.038 0.001 0.173 0.009 0.609 0.000 0.000 0.093 0.217 0.000 0.000 0.000 0.000 0.033 0.105 0.010 0.037 0.001 0.003 0.000 0.000 0.000 0.001 0.000 0.000 0.000 0.000 0.000 0.005 0.000 0.031 0.000 0.010 0.000 0.003 0.000 0.000 0.000 0.038 0.000 0.283 0.001 0.055 0.000 0.035 0.083 0.719 0.000 0.001 0.002 0.140 0.003 2.494 0.004 0.224 0.022 0.429 0.107 0.787 0.013 1.753 0.001 0.421 0.026 1.762 0.048 0.302 0.000 0.087 0.016 0.666 0.018 0.125 0.000 0.136 0.198 1.386
2.872 0.762 0.878 0.059 0.334 0.001 1.998 1.043 0.000 3.566 0.678 0.000 0.458 0.000 0.217 0.026 0.359 0.170 0.052 0.000 0.017 0.000 0.015 0.036 0.300 1.585 0.073 0.000 0.076 0.000 0.007 0.000 0.012 0.000 0.000 0.000 0.019 0.004 0.351 0.007 0.085 0.000 0.014 0.000 0.033 0.000 0.040 0.000 0.052 0.000 0.005 0.000 2.066 0.545 2.281 2.190 0.640 0.173 1.619 0.266 2.232 0.043 2.718 0.799 3.157 0.004 4.373 0.539 0.000 0.000 0.000 0.000 0.002 0.000 0.003 0.000 0.005 0.000 0.000 0.000 0.004 0.000 0.000 0.000 0.001 0.010 0.003 0.001 0.000 0.000 0.000 0.000 0.000 0.000 0.001 0.000 0.006 0.001 0.000 0.004 0.002 0.000 0.002 0.000 0.007 0.000 0.003 0.000 0.000 0.000 0.000 0.000 0.000 0.000 0.000 0.012 0.000 0.000 0.000 0.000 0.000 0.002 0.000 0.000 0.426 0.000 0.206 0.000 0.009 0.002 0.746 0.000 0.070 0.000 0.100 0.000 0.035 0.006 0.003 0.000 0.002 0.001 0.009 0.007 0.018 0.000 0.716 0.000 2.150 0.000 0.386 0.000 0.285 0.000 0.140 0.048 0.168 0.016 0.003 0.005 0.433 0.008 0.007 0.000 0.019 0.000 0.006 0.000 0.139 0.000 0.775 0.008 0.874 0.004 0.349 0.001 6.557 1.474 0.161 0.000 0.031 0.000 0.958 0.403 2.008 0.326 0.013 0.000 0.002 0.000 0.000 0.000 0.000 0.000 0.000 0.000 0.019 0.000 0.000 0.000 0.004 0.000 0.001 0.000 0.002 0.000 0.033 0.000 0.234 0.000 0.029 0.002 0.000 0.000 0.788 0.026 0.004 0.000 0.084 0.001 0.724 0.065 0.277 0.026 0.494 0.035 2.332 0.147 1.631 0.026 0.426 0.013 0.528 0.036 0.179 0.024 0.094 0.005 1.349 0.013 0.620 0.001 0.912 0.002 2.317 0.047
0.308 2.661 0.030 0.123 0.024 0.179 0.889 1.094 3.566 0.000 0.000 0.869 0.000 0.095 0.003 0.083 0.218 0.093 0.001 0.104 0.009 0.004 0.023 0.012 1.226 0.358 0.001 0.097 0.003 0.025 0.000 0.003 0.000 0.007 0.000 0.013 0.003 0.027 0.003 0.153 0.000 0.028 0.000 0.009 0.003 0.018 0.000 0.025 0.001 0.014 0.000 0.020 0.620 1.100 1.835 3.983 0.049 0.841 0.200 1.825 0.041 1.582 0.581 2.526 0.001 4.425 0.301 4.358 0.000 0.000 0.000 0.000 0.000 0.033 0.000 0.002 0.000 0.001 0.000 0.002 0.000 0.003 0.000 0.000 0.000 0.002 0.000 0.005 0.000 0.002 0.001 0.000 0.000 0.000 0.000 0.004 0.000 0.001 0.000 0.010 0.000 0.005 0.000 0.000 0.000 0.004 0.000 0.002 0.000 0.000 0.000 0.000 0.000 0.000 0.020 0.000 0.000 0.000 0.000 0.000 0.000 0.001 0.000 0.005 0.000 0.563 0.002 0.289 0.005 0.040 0.000 0.545 0.000 0.118 0.000 0.220 0.000 0.290 0.001 0.004 0.000 0.000 0.000 0.026 0.000 0.004 0.000 0.289 0.001 1.491 0.000 0.387 0.000 0.221 0.006 0.147 0.002 0.470 0.002 0.019 0.016 0.377 0.007 0.003 0.012 0.016 0.000 0.018 0.004 0.051 0.010 0.178 0.026 0.282 0.076 0.015 0.754 6.113 0.000 0.055 0.000 0.019 0.054 1.372 0.016 2.352 0.000 0.017 0.000 0.000 0.000 0.003 0.000 0.002 0.000 0.000 0.000 0.024 0.000 0.050 0.001 0.019 0.000 0.000 0.000 0.001 0.000 0.057 0.000 0.547 0.000 0.023 0.000 0.029 0.053 1.071 0.000 0.000 0.007 0.098 0.029 1.367 0.033 0.118 0.018 0.284 0.076 1.671 0.029 1.891 0.012 0.439 0.033 2.045 0.017 0.426 0.000 0.115 0.005 1.070 0.009 0.285 0.029 0.172 0.174 2.259
4.913 0.171 1.292 0.329 2.644 0.972 0.336 0.004 0.678 0.000 0.000 0.888 6.988 0.021 1.105 1.652 0.229 0.023 0.263 0.175 0.818 0.118 0.233 0.315 0.003 0.005 0.313 0.007 0.066 0.033 0.831 0.053 1.244 0.072 0.079 0.015 1.807 0.037 0.896 0.010 0.741 0.002 0.025 0.000 0.066 0.000 0.158 0.003 0.144 0.001 0.094 0.000 0.013 0.000 0.016 0.002 0.013 0.000 0.009 0.000 0.003 0.004 0.002 0.001 0.132 0.000 0.017 0.000 0.000 0.000 0.005 0.000 0.000 0.000 0.000 0.000 0.000 0.000 0.002 0.000 0.000 0.000 0.000 0.000 0.000 0.000 0.002 0.000 0.000 0.001 0.001 0.000 0.000 0.000 0.000 0.000 0.001 0.000 0.002 0.000 0.000 0.000 0.000 0.000 0.000 0.000 0.001 0.000 0.000 0.000 0.001 0.000 0.000 0.000 0.000 0.000 0.000 0.000 0.004 0.000 0.000 0.000 0.000 0.000 0.024 0.000 0.013 0.000 0.000 0.000 0.039 0.000 0.002 0.000 0.019 0.000 0.003 0.000 0.001 0.000 0.001 0.000 0.008 0.000 0.001 0.000 0.055 0.000 0.149 0.000 0.178 0.000 0.228 0.000 0.000 0.000 0.000 0.000 0.000 0.000 0.019 0.000 0.010 0.000 0.035 0.001 0.511 0.003 0.098 0.006 0.008 0.004 0.432 0.019 0.096 0.001 3.088 0.769 1.225 0.015 0.335 0.000 0.858 0.000 0.398 0.000 0.347 0.002 0.000 0.000 0.000 0.000 0.000 0.000 0.000 0.000 0.000 0.000 0.002 0.000 0.003 0.000 0.000 0.000 0.000 0.000 0.003 0.000 0.002 0.000 0.018 0.000 0.000 0.000 0.113 0.004 0.004 0.000 0.009 0.002 0.750 0.086 0.042 0.005 0.095 0.001 2.379 0.227 0.962 0.024 0.402 0.001 0.147 0.037 0.058 0.002 0.254 0.021 0.200 0.000 0.119 0.000 0.322 0.000 0.774 0.027
0.205 8.282 0.556 0.588 1.123 4.040 0.007 0.276 0.000 0.869 0.888 0.000 0.299 7.846 2.148 0.494 0.123 0.129 0.352 0.832 0.785 0.769 1.101 0.546 0.013 0.024 0.007 1.968 0.014 0.282 0.107 0.712 0.095 2.101 0.018 0.337 0.094 2.335 0.058 0.589 0.007 2.866 0.006 0.099 0.002 0.224 0.000 0.811 0.000 0.437 0.008 0.146 0.000 0.019 0.000 0.035 0.002 0.018 0.000 0.037 0.000 0.097 0.000 0.033 0.001 0.186 0.000 0.018 0.000 0.006 0.000 0.007 0.000 0.001 0.000 0.000 0.000 0.000 0.000 0.001 0.000 0.012 0.000 0.003 0.000 0.018 0.000 0.001 0.000 0.002 0.001 0.001 0.000 0.000 0.000 0.001 0.000 0.001 0.000 0.004 0.000 0.002 0.000 0.000 0.000 0.000 0.000 0.002 0.000 0.000 0.000 0.000 0.000 0.000 0.008 0.000 0.000 0.000 0.000 0.004 0.000 0.002 0.000 0.003 0.000 0.019 0.000 0.022 0.000 0.000 0.000 0.014 0.000 0.005 0.000 0.031 0.000 0.021 0.000 0.000 0.000 0.003 0.001 0.007 0.000 0.011 0.000 0.061 0.004 0.143 0.000 0.259 0.000 0.548 0.000 0.019 0.000 0.010 0.000 0.006 0.000 0.009 0.000 0.004 0.000 0.023 0.020 0.330 0.002 0.066 0.000 0.021 0.010 0.376 0.000 0.244 0.410 7.316 0.016 1.665 0.001 0.566 0.009 0.485 0.001 0.881 0.014 1.089 0.000 0.000 0.000 0.002 0.000 0.001 0.000 0.000 0.000 0.020 0.000 0.007 0.000 0.003 0.000 0.000 0.000 0.000 0.000 0.002 0.000 0.043 0.000 0.005 0.000 0.016 0.012 0.129 0.000 0.007 0.003 0.108 0.057 1.370 0.001 0.081 0.000 0.361 0.073 3.085 0.038 1.082 0.009 0.682 0.019 0.748 0.001 0.224 0.000 0.251 0.011 0.258 0.002 0.150 0.006 0.280 0.017 0.577
2.498 0.005 1.740 0.007 6.323 0.788 0.244 0.000 0.458 0.000 6.988 0.299 0.000 2.306 1.457 0.608 0.023 0.000 1.920 2.089 1.077 0.481 0.037 0.017 0.006 0.002 2.067 2.346 0.003 0.000 0.447 0.020 0.239 0.017 1.209 0.092 1.031 0.114 0.080 0.000 6.637 0.525 0.891 0.200 0.672 0.132 1.391 0.252 1.050 0.024 2.123 0.187 0.001 0.000 0.015 0.000 0.003 0.000 0.003 0.002 0.002 0.003 0.003 0.000 0.085 0.000 0.018 0.000 0.000 0.000 0.000 0.000 0.000 0.000 0.000 0.000 0.000 0.000 0.000 0.000 0.000 0.000 0.000 0.000 0.000 0.000 0.002 0.000 0.000 0.000 0.000 0.000 0.000 0.000 0.000 0.000 0.000 0.000 0.000 0.000 0.005 0.000 0.000 0.000 0.000 0.000 0.000 0.000 0.000 0.000 0.000 0.000 0.002 0.000 0.003 0.000 0.000 0.000 0.003 0.000 0.000 0.000 0.000 0.000 0.018 0.000 0.016 0.000 0.001 0.000 0.014 0.000 0.001 0.000 0.018 0.000 0.006 0.000 0.001 0.000 0.000 0.000 0.005 0.000 0.000 0.000 0.063 0.000 0.167 0.000 0.167 0.000 0.346 0.000 0.001 0.000 0.003 0.000 0.001 0.000 0.004 0.000 0.000 0.000 0.289 0.001 0.208 0.002 0.090 0.001 0.005 0.000 0.041 0.009 0.222 0.000 4.536 1.598 2.734 0.008 0.670 0.000 0.975 0.000 0.493 0.000 2.639 0.211 0.001 0.000 0.004 0.000 0.000 0.000 0.000 0.000 0.009 0.000 0.000 0.000 0.000 0.000 0.000 0.000 0.000 0.000 0.000 0.000 0.008 0.000 0.003 0.000 0.001 0.000 0.007 0.000 0.000 0.000 0.899 0.332 0.345 0.035 0.125 0.049 1.928 0.015 1.707 0.028 0.457 0.030 0.127 0.002 0.056 0.003 0.034 0.001 0.138 0.020 0.061 0.000 0.023 0.000 0.080 0.002 0.189 0.007
0.002 1.825 0.001 0.212 0.418 3.762 0.000 0.082 0.000 0.095 0.021 7.846 2.306 0.000 0.514 0.128 0.000 0.004 2.506 2.321 0.853 0.534 0.000 0.000 0.000 0.004 1.361 2.895 0.000 0.003 0.050 0.148 0.008 0.040 0.260 0.776 0.068 1.132 0.000 0.000 0.630 10.114 0.225 1.460 0.103 0.529 0.126 2.883 0.050 0.862 0.322 1.619 0.000 0.001 0.000 0.014 0.000 0.020 0.008 0.012 0.000 0.001 0.000 0.001 0.000 0.049 0.000 0.006 0.000 0.000 0.000 0.000 0.000 0.000 0.000 0.000 0.000 0.004 0.000 0.002 0.000 0.003 0.000 0.001 0.000 0.000 0.000 0.001 0.000 0.000 0.000 0.000 0.000 0.000 0.000 0.001 0.000 0.001 0.000 0.005 0.000 0.002 0.000 0.000 0.000 0.000 0.001 0.000 0.000 0.000 0.000 0.000 0.000 0.000 0.007 0.005 0.000 0.000 0.000 0.000 0.000 0.006 0.000 0.000 0.000 0.017 0.000 0.016 0.000 0.000 0.000 0.004 0.000 0.003 0.000 0.006 0.000 0.013 0.000 0.001 0.000 0.001 0.000 0.000 0.000 0.004 0.000 0.010 0.000 0.031 0.000 0.054 0.000 0.073 0.000 0.002 0.000 0.001 0.000 0.000 0.000 0.004 0.000 0.012 0.000 0.146 0.009 0.176 0.000 0.053 0.000 0.003 0.003 0.081 0.000 0.060 0.230 6.464 0.058 0.619 0.000 0.187 0.000 0.058 0.000 0.133 0.182 2.748 0.000 0.000 0.000 0.000 0.000 0.000 0.000 0.000 0.000 0.008 0.000 0.002 0.000 0.000 0.000 0.000 0.000 0.000 0.000 0.001 0.000 0.012 0.000 0.005 0.000 0.003 0.000 0.029 0.001 0.000 0.055 1.927 0.010 0.155 0.002 0.191 0.017 1.689 0.019 1.284 0.007 0.501 0.001 0.108 0.000 0.091 0.004 0.044 0.002 0.066 0.000 0.021 0.000 0.020 0.000 0.048 0.000 0.059
0.495 0.097 5.674 0.145 5.322 2.095 0.162 0.001 0.217 0.003 1.105 2.148 1.457 0.514 0.000 3.091 0.731 0.011 6.869 1.034 5.337 0.534 7.307 0.423 0.846 0.000 3.031 0.127 0.133 0.021 2.732 0.220 1.392 0.267 0.759 0.059 1.843 0.253 0.307 0.027 0.223 0.003 0.089 0.014 0.121 0.007 0.229 0.002 0.041 0.000 0.311 0.023 0.072 0.000 0.288 0.001 0.016 0.000 0.012 0.001 0.018 0.000 0.091 0.000 0.096 0.000 0.022 0.000 0.000 0.000 0.017 0.000 0.001 0.000 0.000 0.000 0.001 0.000 0.003 0.000 0.004 0.000 0.000 0.001 0.039 0.001 0.003 0.000 0.000 0.000 0.014 0.000 0.000 0.000 0.000 0.000 0.063 0.000 0.016 0.001 0.009 0.000 0.000 0.000 0.011 0.000 0.072 0.000 0.000 0.000 0.000 0.000 0.000 0.000 0.006 0.000 0.000 0.000 0.000 0.000 0.002 0.000 0.005 0.001 0.042 0.000 0.074 0.000 0.009 0.000 0.076 0.000 0.012 0.000 0.368 0.000 0.199 0.003 0.007 0.000 0.018 0.001 0.178 0.000 0.010 0.003 0.152 0.000 0.398 0.000 0.257 0.000 0.122 0.000 0.021 0.000 0.002 0.000 0.002 0.000 0.014 0.000 0.002 0.000 0.061 0.000 0.866 0.030 0.057 0.002 0.008 0.003 0.296 0.007 0.005 0.000 1.069 0.845 0.329 0.097 0.080 0.000 0.131 0.000 0.284 0.000 0.022 0.042 0.000 0.000 0.000 0.000 0.000 0.000 0.003 0.000 0.014 0.000 0.009 0.000 0.076 0.000 0.000 0.000 0.005 0.000 0.016 0.000 0.188 0.000 0.000 0.002 0.000 0.000 0.040 0.007 0.002 0.000 0.004 0.013 0.638 0.133 0.017 0.003 0.166 0.018 2.288 0.154 0.645 0.052 0.148 0.015 0.078 0.034 0.041 0.002 0.077 0.021 0.129 0.001 0.064 0.000 0.130 0.005 0.333 0.010
0.634 1.355 0.634 7.021 1.451 4.122 0.025 1.203 0.026 0.083 1.652 0.494 0.608 0.128 3.091 0.000 0.305 1.539 0.330 7.446 1.268 5.505 1.407 6.745 0.049 1.635 0.014 1.404 0.023 0.503 0.278 2.260 0.222 1.365 0.045 0.417 0.179 1.254 0.104 0.267 0.003 0.015 0.005 0.130 0.000 0.052 0.002 0.003 0.000 0.013 0.012 0.050 0.002 0.054 0.000 0.953 0.001 0.121 0.002 0.054 0.001 0.079 0.000 0.189 0.000 0.083 0.000 0.007 0.000 0.000 0.003 0.002 0.000 0.000 0.000 0.005 0.000 0.000 0.000 0.000 0.002 0.067 0.000 0.006 0.000 0.279 0.000 0.024 0.000 0.028 0.000 0.013 0.000 0.003 0.000 0.009 0.000 0.153 0.000 0.117 0.000 0.056 0.000 0.004 0.000 0.001 0.004 0.090 0.000 0.000 0.000 0.000 0.000 0.000 0.000 0.000 0.000 0.000 0.000 0.000 0.000 0.026 0.000 0.021 0.003 0.044 0.000 0.045 0.000 0.026 0.003 0.023 0.000 0.073 0.000 0.498 0.000 0.519 0.000 0.091 0.000 0.025 0.000 0.240 0.004 0.021 0.001 0.033 0.001 0.139 0.000 0.090 0.003 0.027 0.004 0.044 0.003 0.018 0.000 0.010 0.004 0.027 0.000 0.000 0.000 0.008 0.006 0.603 0.004 0.074 0.000 0.017 0.023 0.309 0.000 0.006 0.165 0.745 0.068 0.227 0.001 0.025 0.008 0.042 0.001 0.123 0.012 0.039 0.000 0.000 0.000 0.006 0.000 0.000 0.000 0.000 0.000 0.002 0.000 0.048 0.000 0.090 0.000 0.000 0.000 0.000 0.000 0.015 0.000 0.202 0.002 0.001 0.000 0.012 0.029 0.087 0.000 0.002 0.001 0.038 0.065 0.727 0.004 0.023 0.000 0.182 0.070 5.624 0.035 0.892 0.006 0.279 0.003 0.474 0.007 0.072 0.001 0.069 0.017 0.176 0.006 0.067 0.009 0.128 0.042 0.398
0.924 0.965 1.946 0.299 0.099 0.070 0.523 0.220 0.359 0.218 0.229 0.123 0.023 0.000 0.731 0.305 0.000 0.230 1.018 0.001 6.410 0.001 4.545 0.401 3.685 0.466 0.454 0.001 7.785 0.034 2.846 0.000 2.615 0.018 0.180 0.000 0.309 0.025 3.390 0.056 0.001 0.000 0.097 0.000 0.234 0.000 0.017 0.000 0.007 0.000 0.085 0.002 2.396 0.003 1.032 0.021 0.152 0.001 0.007 0.004 0.528 0.024 10.545 0.113 0.001 0.001 0.000 0.000 0.000 0.000 0.525 0.000 0.036 0.000 0.228 0.000 0.000 0.000 0.006 0.000 0.622 0.000 0.000 0.000 1.632 0.003 0.377 0.001 0.031 0.000 0.483 0.001 0.005 0.000 0.052 0.000 1.503 0.002 1.013 0.001 0.058 0.000 0.006 0.000 0.036 0.000 0.454 0.001 0.000 0.000 0.000 0.000 0.000 0.000 0.000 0.000 0.002 0.000 0.000 0.000 0.402 0.002 0.551 0.000 0.003 0.000 0.021 0.002 0.436 0.000 0.008 0.000 0.063 0.000 0.367 0.001 1.712 0.002 0.874 0.000 0.634 0.000 2.426 0.002 0.209 0.001 0.002 0.000 0.008 0.000 0.002 0.000 0.002 0.000 0.848 0.000 0.000 0.000 0.330 0.000 0.066 0.000 0.009 0.000 0.001 0.000 0.070 0.000 0.090 0.000 0.048 0.003 0.616 0.010 0.001 0.000 0.183 0.090 0.061 0.011 0.003 0.001 0.467 0.033 0.012 0.000 0.000 0.000 0.000 0.000 0.000 0.000 0.001 0.000 0.000 0.000 0.003 0.000 0.032 0.000 0.567 0.000 0.000 0.000 0.004 0.000 0.013 0.001 0.059 0.000 0.008 0.003 0.000 0.000 0.086 0.001 0.000 0.000 0.013 0.000 0.495 0.022 0.042 0.000 0.045 0.003 4.385 0.135 0.634 0.024 0.113 0.007 0.139 0.027 0.017 0.018 0.021 0.004 0.102 0.002 0.041 0.003 0.082 0.000 0.269 0.019
0.391 0.583 0.255 1.203 0.046 0.057 0.120 0.722 0.170 0.093 0.023 0.129 0.000 0.004 0.011 1.539 0.230 0.000 0.000 0.454 0.016 3.350 0.399 3.561 0.439 3.904 0.000 0.088 0.014 6.178 0.000 1.241 0.006 0.958 0.000 0.099 0.002 0.312 0.015 2.541 0.000 0.007 0.000 0.040 0.000 0.014 0.000 0.000 0.000 0.004 0.000 0.023 0.013 0.729 0.009 1.326 0.000 0.455 0.002 0.009 0.009 0.359 0.086 7.258 0.003 0.000 0.000 0.000 0.000 0.001 0.000 0.022 0.000 0.012 0.000 0.015 0.000 0.012 0.000 0.005 0.000 0.249 0.000 0.008 0.000 1.088 0.000 0.091 0.000 0.028 0.000 0.044 0.000 0.002 0.000 0.035 0.000 0.343 0.000 0.314 0.000 0.109 0.000 0.003 0.000 0.011 0.000 0.075 0.000 0.000 0.000 0.000 0.000 0.000 0.000 0.000 0.000 0.000 0.000 0.000 0.000 0.140 0.000 0.158 0.000 0.019 0.000 0.017 0.000 0.312 0.000 0.020 0.000 0.315 0.000 0.733 0.002 1.116 0.000 0.863 0.000 0.658 0.000 2.100 0.002 0.071 0.000 0.002 0.001 0.004 0.000 0.008 0.000 0.001 0.000 0.533 0.000 0.005 0.000 0.241 0.002 0.069 0.000 0.010 0.000 0.006 0.000 0.004 0.001 0.024 0.001 0.027 0.012 0.182 0.000 0.001 0.010 0.239 0.000 0.146 0.000 0.000 0.009 0.212 0.000 0.013 0.000 0.000 0.000 0.000 0.000 0.000 0.000 0.000 0.000 0.000 0.000 0.000 0.000 0.021 0.001 0.065 0.000 0.001 0.000 0.000 0.000 0.000 0.000 0.042 0.000 0.006 0.000 0.003 0.000 0.030 0.000 0.004 0.000 0.002 0.003 0.573 0.004 0.024 0.005 0.029 0.010 3.922 0.007 0.467 0.004 0.044 0.001 0.207 0.000 0.016 0.002 0.010 0.007 0.094 0.000 0.020 0.001 0.020 0.008 0.105
0.137 0.003 1.240 0.001 2.378 0.523 0.036 0.004 0.052 0.001 0.263 0.352 1.920 2.506 6.869 0.330 1.018 0.000 0.000 1.923 5.935 0.464 3.469 0.004 0.330 0.002 4.676 1.612 0.160 0.000 0.781 0.049 0.067 0.016 3.087 0.111 1.031 0.115 0.003 0.000 0.730 0.223 0.972 0.230 0.583 0.070 0.798 0.085 0.092 0.005 3.486 0.271 0.022 0.000 0.061 0.004 0.004 0.000 0.006 0.000 0.005 0.000 0.115 0.000 0.037 0.000 0.000 0.000 0.000 0.000 0.031 0.000 0.003 0.000 0.018 0.000 0.000 0.000 0.000 0.000 0.041 0.000 0.006 0.000 0.051 0.000 0.012 0.000 0.000 0.000 0.011 0.000 0.000 0.000 0.007 0.000 0.067 0.000 0.057 0.002 0.000 0.000 0.000 0.000 0.003 0.000 0.073 0.000 0.000 0.000 0.000 0.000 0.000 0.000 0.013 0.000 0.000 0.000 0.000 0.000 0.009 0.000 0.018 0.000 0.009 0.000 0.005 0.000 0.003 0.000 0.004 0.000 0.014 0.000 0.090 0.000 0.078 0.000 0.006 0.000 0.014 0.000 0.088 0.000 0.021 0.000 0.019 0.000 0.071 0.000 0.029 0.002 0.052 0.000 0.019 0.001 0.000 0.000 0.004 0.000 0.001 0.000 0.003 0.000 0.410 0.005 0.358 0.003 0.098 0.006 0.004 0.000 0.050 0.004 0.006 0.000 0.601 0.564 0.322 0.019 0.030 0.000 0.070 0.000 0.099 0.000 0.208 0.197 0.001 0.000 0.000 0.000 0.000 0.000 0.000 0.000 0.002 0.000 0.010 0.000 0.033 0.000 0.000 0.000 0.000 0.000 0.007 0.000 0.052 0.000 0.007 0.000 0.000 0.000 0.019 0.008 0.002 0.000 0.439 0.244 0.369 0.012 0.054 0.008 1.620 0.044 2.029 0.007 0.343 0.013 0.048 0.000 0.025 0.000 0.026 0.001 0.089 0.010 0.086 0.003 0.046 0.001 0.073 0.000 0.207 0.004
0.008 1.449 0.008 2.373 0.847 3.683 0.000 0.318 0.000 0.104 0.175 0.832 2.089 2.321 1.034 7.446 0.001 0.454 1.923 0.000 0.947 5.298 0.003 2.248 0.003 0.370 0.599 6.256 0.000 0.080 0.161 1.525 0.022 0.155 0.264 2.791 0.116 2.001 0.000 0.004 0.204 0.493 0.098 1.025 0.027 0.646 0.023 0.726 0.010 0.149 0.258 1.759 0.001 0.027 0.000 0.261 0.000 0.032 0.000 0.018 0.000 0.014 0.000 0.217 0.001 0.104 0.000 0.008 0.000 0.000 0.000 0.006 0.000 0.001 0.000 0.000 0.000 0.000 0.000 0.001 0.000 0.051 0.000 0.006 0.000 0.226 0.000 0.026 0.000 0.000 0.000 0.013 0.000 0.001 0.000 0.014 0.000 0.082 0.000 0.096 0.000 0.031 0.000 0.000 0.000 0.000 0.000 0.053 0.000 0.000 0.000 0.000 0.000 0.000 0.000 0.000 0.000 0.000 0.000 0.001 0.001 0.025 0.000 0.030 0.000 0.042 0.000 0.031 0.000 0.007 0.000 0.029 0.000 0.018 0.000 0.266 0.000 0.258 0.000 0.017 0.000 0.023 0.000 0.317 0.002 0.031 0.000 0.010 0.000 0.063 0.000 0.069 0.000 0.032 0.000 0.011 0.000 0.012 0.000 0.009 0.000 0.008 0.000 0.000 0.004 0.228 0.007 0.568 0.001 0.108 0.000 0.014 0.006 0.063 0.002 0.012 0.110 0.892 0.074 0.087 0.001 0.060 0.000 0.037 0.000 0.108 0.101 0.384 0.000 0.000 0.000 0.000 0.000 0.002 0.000 0.000 0.000 0.005 0.000 0.022 0.000 0.032 0.000 0.000 0.000 0.000 0.000 0.014 0.000 0.093 0.000 0.002 0.002 0.000 0.000 0.022 0.000 0.000 0.012 0.930 0.011 0.355 0.000 0.035 0.029 1.475 0.008 2.312 0.020 0.853 0.001 0.107 0.000 0.172 0.005 0.035 0.002 0.041 0.002 0.066 0.000 0.015 0.003 0.055 0.000 0.140
0.062 0.035 0.762 0.036 1.520 0.807 0.010 0.000 0.017 0.009 0.818 0.785 1.077 0.853 5.337 1.268 6.410 0.016 5.935 0.947 0.000 0.354 4.241 0.159 0.550 0.002 3.064 0.518 1.860 0.016 4.262 0.076 2.232 0.101 2.154 0.075 1.522 0.163 0.413 0.001 0.066 0.038 0.741 0.029 0.486 0.012 0.060 0.029 0.017 0.003 1.869 0.043 0.104 0.000 0.104 0.000 0.040 0.006 0.011 0.000 0.010 0.006 1.193 0.002 0.011 0.000 0.007 0.000 0.001 0.000 0.357 0.000 0.017 0.000 0.127 0.000 0.000 0.000 0.000 0.000 0.249 0.000 0.002 0.000 0.268 0.000 0.136 0.000 0.012 0.000 0.139 0.000 0.000 0.000 0.003 0.001 0.454 0.000 0.595 0.000 0.039 0.000 0.009 0.000 0.006 0.000 0.166 0.000 0.000 0.000 0.000 0.000 0.000 0.000 0.000 0.000 0.000 0.000 0.000 0.000 0.172 0.000 0.112 0.002 0.004 0.000 0.003 0.000 0.013 0.000 0.003 0.000 0.006 0.000 0.113 0.001 0.197 0.000 0.109 0.000 0.162 0.000 0.496 0.000 0.259 0.000 0.005 0.000 0.003 0.001 0.005 0.001 0.010 0.000 0.045 0.000 0.002 0.000 0.022 0.000 0.015 0.002 0.010 0.000 0.203 0.003 1.184 0.013 0.173 0.000 0.029 0.000 0.355 0.001 0.004 0.000 0.451 0.250 0.612 0.029 0.013 0.000 0.032 0.000 0.011 0.000 0.126 0.055 0.000 0.000 0.000 0.000 0.000 0.000 0.000 0.001 0.001 0.000 0.020 0.000 0.110 0.000 0.000 0.000 0.000 0.000 0.004 0.000 0.027 0.000 0.015 0.000 0.004 0.000 0.054 0.000 0.001 0.000 0.225 0.048 0.743 0.033 0.034 0.007 0.773 0.017 4.201 0.088 0.840 0.020 0.409 0.004 0.068 0.001 0.055 0.007 0.179 0.026 0.125 0.015 0.088 0.000 0.225 0.000 0.484 0.002
0.005 0.151 0.019 0.647 0.278 1.764 0.000 0.020 0.000 0.004 0.118 0.769 0.481 0.534 0.534 5.505 0.001 3.350 0.464 5.298 0.354 0.000 0.007 4.947 0.000 0.529 0.094 2.665 0.000 1.745 0.047 2.492 0.022 1.372 0.031 1.735 0.032 1.463 0.002 0.237 0.039 0.044 0.006 1.122 0.007 0.938 0.007 0.052 0.005 0.165 0.037 1.437 0.000 0.092 0.000 0.104 0.000 0.024 0.002 0.006 0.000 0.122 0.000 1.271 0.002 0.001 0.000 0.010 0.000 0.000 0.002 0.076 0.000 0.009 0.000 0.009 0.000 0.009 0.000 0.007 0.000 0.303 0.000 0.018 0.000 0.574 0.000 0.159 0.000 0.048 0.000 0.014 0.000 0.000 0.000 0.032 0.000 0.078 0.002 0.240 0.000 0.099 0.000 0.000 0.000 0.002 0.000 0.047 0.000 0.000 0.000 0.000 0.000 0.000 0.009 0.000 0.000 0.000 0.000 0.000 0.000 0.234 0.000 0.203 0.000 0.007 0.000 0.006 0.000 0.020 0.001 0.008 0.000 0.091 0.000 0.212 0.000 0.383 0.000 0.514 0.000 0.594 0.000 1.352 0.000 0.336 0.000 0.001 0.000 0.010 0.000 0.012 0.000 0.009 0.001 0.062 0.000 0.030 0.000 0.071 0.001 0.004 0.000 0.005 0.003 0.145 0.000 0.638 0.003 0.126 0.000 0.023 0.000 0.239 0.000 0.001 0.006 0.314 0.009 0.227 0.000 0.007 0.000 0.008 0.000 0.014 0.011 0.275 0.000 0.000 0.000 0.000 0.000 0.000 0.000 0.001 0.000 0.001 0.000 0.003 0.000 0.015 0.000 0.000 0.000 0.003 0.000 0.003 0.000 0.012 0.000 0.001 0.000 0.004 0.008 0.012 0.000 0.002 0.001 0.512 0.010 0.645 0.017 0.064 0.004 0.701 0.004 3.332 0.008 0.804 0.004 0.204 0.009 0.233 0.000 0.051 0.000 0.095 0.001 0.066 0.000 0.063 0.000 0.082 0.001 0.169
1.094 2.004 15.105 1.016 1.249 0.561 0.635 0.123 0.015 0.023 0.233 1.101 0.037 0.000 7.307 1.407 4.545 0.399 3.469 0.003 4.241 0.007 0.000 1.089 3.181 0.534 0.783 0.002 1.373 0.083 1.207 0.003 0.711 0.074 0.032 0.001 0.327 0.104 1.089 0.153 0.030 0.003 0.055 0.000 0.201 0.000 0.019 0.000 0.043 0.004 0.055 0.003 0.146 0.000 1.778 0.012 0.078 0.000 0.021 0.000 0.105 0.041 0.754 0.046 0.046 0.001 0.006 0.000 0.000 0.000 0.005 0.002 0.001 0.004 0.010 0.000 0.000 0.000 0.001 0.000 0.012 0.002 0.002 0.000 0.221 0.000 0.001 0.000 0.002 0.000 0.082 0.000 0.000 0.000 0.000 0.000 0.238 0.001 0.032 0.000 0.000 0.000 0.003 0.000 0.016 0.000 0.106 0.000 0.000 0.000 0.000 0.000 0.000 0.000 0.000 0.000 0.000 0.000 0.000 0.000 0.009 0.000 0.049 0.000 0.065 0.000 0.107 0.002 0.059 0.000 0.068 0.000 0.111 0.000 0.479 0.000 0.843 0.002 0.049 0.000 0.055 0.000 0.670 0.001 0.006 0.000 0.103 0.000 0.148 0.000 0.132 0.001 0.038 0.000 0.095 0.000 0.003 0.000 0.025 0.003 0.093 0.003 0.003 0.000 0.004 0.001 0.245 0.002 0.071 0.000 0.055 0.000 0.603 0.034 0.001 0.000 0.461 0.491 0.034 0.076 0.006 0.000 0.113 0.041 0.063 0.000 0.000 0.000 0.000 0.000 0.006 0.000 0.000 0.000 0.000 0.000 0.015 0.000 0.013 0.000 0.231 0.000 0.001 0.000 0.006 0.000 0.020 0.000 0.290 0.002 0.006 0.001 0.000 0.001 0.041 0.007 0.000 0.000 0.034 0.000 0.591 0.065 0.020 0.000 0.038 0.001 4.230 0.467 0.662 0.029 0.134 0.011 0.134 0.064 0.015 0.016 0.050 0.004 0.124 0.016 0.067 0.001 0.132 0.014 0.328 0.013
0.658 0.623 0.485 5.418 0.290 1.340 0.014 0.414 0.036 0.012 0.315 0.546 0.017 0.000 0.423 6.745 0.401 3.561 0.004 2.248 0.159 4.947 1.089 0.000 0.141 2.786 0.000 0.435 0.016 1.968 0.015 1.087 0.054 0.978 0.001 0.135 0.013 0.432 0.100 0.400 0.001 0.000 0.000 0.054 0.000 0.012 0.000 0.004 0.000 0.012 0.000 0.076 0.000 0.133 0.000 0.796 0.000 0.100 0.005 0.015 0.004 0.033 0.015 1.377 0.002 0.007 0.000 0.001 0.000 0.000 0.000 0.011 0.000 0.000 0.000 0.002 0.000 0.001 0.000 0.007 0.000 0.173 0.000 0.001 0.005 0.592 0.000 0.060 0.000 0.039 0.000 0.042 0.000 0.000 0.000 0.024 0.000 0.240 0.000 0.263 0.000 0.054 0.000 0.005 0.000 0.007 0.001 0.056 0.000 0.000 0.000 0.000 0.000 0.000 0.000 0.000 0.000 0.000 0.000 0.000 0.000 0.110 0.000 0.060 0.000 0.003 0.000 0.017 0.000 0.033 0.000 0.002 0.000 0.103 0.002 0.396 0.001 0.377 0.000 0.126 0.000 0.111 0.002 0.643 0.000 0.026 0.000 0.002 0.004 0.016 0.000 0.015 0.002 0.003 0.001 0.060 0.000 0.011 0.001 0.016 0.000 0.016 0.000 0.001 0.000 0.017 0.000 0.109 0.003 0.052 0.000 0.026 0.021 0.275 0.000 0.000 0.056 0.222 0.005 0.378 0.000 0.000 0.024 0.050 0.002 0.006 0.000 0.000 0.000 0.000 0.000 0.000 0.000 0.000 0.000 0.000 0.000 0.001 0.000 0.019 0.000 0.053 0.000 0.001 0.000 0.001 0.000 0.005 0.000 0.044 0.000 0.010 0.000 0.001 0.003 0.030 0.000 0.001 0.000 0.009 0.042 0.634 0.002 0.031 0.006 0.049 0.031 5.967 0.012 0.596 0.004 0.176 0.009 0.418 0.000 0.090 0.000 0.079 0.002 0.122 0.001 0.046 0.003 0.076 0.010 0.195
0.252 1.633 4.665 0.205 0.022 0.002 6.683 0.666 0.300 1.226 0.003 0.013 0.006 0.000 0.846 0.049 3.685 0.439 0.330 0.003 0.550 0.000 3.181 0.141 0.000 1.646 0.167 0.003 1.068 0.033 0.068 0.000 0.008 0.002 0.000 0.000 0.017 0.014 0.561 0.071 0.002 0.000 0.008 0.000 0.042 0.000 0.005 0.000 0.032 0.000 0.005 0.003 1.363 0.040 5.765 0.326 0.539 0.002 0.132 0.025 0.629 0.100 4.815 0.617 0.024 0.001 0.010 0.020 0.000 0.000 0.001 0.002 0.002 0.005 0.009 0.000 0.000 0.000 0.000 0.002 0.009 0.007 0.000 0.000 0.204 0.009 0.001 0.003 0.016 0.001 0.139 0.000 0.000 0.000 0.000 0.002 0.290 0.005 0.044 0.008 0.000 0.007 0.004 0.000 0.040 0.000 0.188 0.001 0.000 0.000 0.000 0.000 0.000 0.000 0.000 0.000 0.000 0.000 0.000 0.000 0.003 0.001 0.074 0.002 0.059 0.002 0.102 0.000 0.296 0.002 0.137 0.001 0.260 0.000 0.707 0.003 1.535 0.002 0.234 0.004 0.094 0.003 0.994 0.020 0.001 0.002 0.093 0.000 0.057 0.001 0.147 0.000 0.005 0.000 0.440 0.003 0.011 0.003 0.213 0.000 0.503 0.000 0.007 0.000 0.009 0.000 0.005 0.002 0.065 0.001 0.193 0.003 0.796 0.015 0.006 0.001 0.097 0.253 0.000 0.000 0.002 0.001 0.088 0.209 0.003 0.001 0.000 0.000 0.000 0.000 0.000 0.000 0.000 0.000 0.000 0.000 0.002 0.000 0.021 0.000 0.300 0.000 0.000 0.000 0.005 0.000 0.029 0.000 0.346 0.000 0.008 0.000 0.008 0.000 0.294 0.020 0.002 0.002 0.039 0.000 0.734 0.078 0.108 0.003 0.288 0.011 2.158 0.052 0.955 0.012 0.145 0.007 0.315 0.055 0.062 0.013 0.045 0.001 0.203 0.009 0.143 0.002 0.090 0.012 0.581 0.025
1.154 1.017 0.357 4.853 0.022 0.154 0.721 7.858 1.585 0.358 0.005 0.024 0.002 0.004 0.000 1.635 0.466 3.904 0.002 0.370 0.002 0.529 0.534 2.786 1.646 0.000 0.000 0.033 0.025 1.488 0.000 0.094 0.003 0.188 0.000 0.006 0.002 0.109 0.052 0.898 0.000 0.002 0.000 0.004 0.000 0.004 0.000 0.000 0.000 0.015 0.001 0.003 0.054 0.328 0.259 3.467 0.000 0.745 0.003 0.104 0.048 0.542 0.461 3.518 0.009 0.003 0.003 0.000 0.000 0.000 0.000 0.000 0.000 0.023 0.000 0.000 0.000 0.002 0.000 0.001 0.001 0.021 0.000 0.000 0.000 0.166 0.000 0.008 0.000 0.000 0.000 0.024 0.000 0.002 0.000 0.006 0.001 0.082 0.000 0.070 0.000 0.002 0.000 0.000 0.000 0.004 0.000 0.087 0.000 0.000 0.000 0.000 0.000 0.000 0.000 0.000 0.000 0.000 0.000 0.000 0.000 0.007 0.000 0.013 0.000 0.009 0.000 0.014 0.000 0.169 0.000 0.024 0.000 0.247 0.000 0.550 0.004 0.734 0.001 0.222 0.000 0.106 0.000 0.314 0.003 0.000 0.000 0.009 0.000 0.001 0.000 0.000 0.000 0.002 0.004 0.482 0.000 0.048 0.000 0.085 0.001 0.106 0.000 0.003 0.000 0.008 0.000 0.016 0.007 0.010 0.004 0.076 0.060 0.323 0.009 0.003 0.042 0.332 0.000 0.004 0.000 0.000 0.055 0.240 0.012 0.000 0.000 0.000 0.000 0.000 0.000 0.000 0.000 0.000 0.000 0.000 0.000 0.001 0.000 0.012 0.003 0.049 0.000 0.000 0.000 0.002 0.000 0.006 0.000 0.095 0.000 0.018 0.010 0.002 0.013 0.148 0.000 0.002 0.001 0.025 0.020 0.830 0.001 0.043 0.011 0.071 0.035 2.384 0.016 0.632 0.010 0.111 0.009 0.565 0.008 0.069 0.003 0.026 0.005 0.193 0.008 0.028 0.009 0.048 0.019 0.382
0.221 0.000 0.669 0.003 1.695 0.029 0.023 0.000 0.073 0.001 0.313 0.007 2.067 1.361 3.031 0.014 0.454 0.000 4.676 0.599 3.064 0.094 0.783 0.000 0.167 0.000 0.000 2.123 0.306 0.000 0.449 0.004 0.133 0.002 0.918 0.029 0.965 0.015 0.036 0.000 2.039 1.507 3.973 0.176 4.178 0.246 1.641 0.555 0.734 0.064 3.722 0.206 0.013 0.000 0.024 0.000 0.006 0.000 0.006 0.000 0.001 0.000 0.135 0.000 0.050 0.000 0.012 0.000 0.010 0.000 0.104 0.000 0.004 0.000 0.019 0.000 0.002 0.002 0.000 0.000 0.036 0.001 0.000 0.001 0.035 0.000 0.044 0.000 0.010 0.000 0.022 0.000 0.005 0.000 0.003 0.000 0.061 0.000 0.105 0.000 0.002 0.000 0.003 0.002 0.000 0.000 0.013 0.000 0.000 0.000 0.000 0.000 0.002 0.000 0.000 0.000 0.000 0.000 0.000 0.000 0.033 0.000 0.020 0.000 0.007 0.000 0.010 0.000 0.001 0.000 0.011 0.000 0.003 0.000 0.033 0.000 0.068 0.000 0.007 0.000 0.003 0.000 0.066 0.001 0.044 0.000 0.013 0.000 0.073 0.000 0.022 0.000 0.022 0.000 0.012 0.000 0.000 0.000 0.000 0.000 0.009 0.000 0.000 0.000 0.836 0.006 0.117 0.000 0.044 0.004 0.009 0.000 0.029 0.000 0.006 0.000 0.351 0.534 0.144 0.002 0.049 0.001 0.062 0.000 0.079 0.000 0.437 0.100 0.000 0.000 0.000 0.000 0.000 0.000 0.001 0.000 0.003 0.000 0.000 0.000 0.020 0.000 0.000 0.000 0.000 0.000 0.000 0.000 0.028 0.000 0.003 0.000 0.008 0.000 0.005 0.000 0.007 0.000 4.291 0.506 0.092 0.006 0.434 0.120 3.314 0.025 0.602 0.002 0.254 0.004 0.015 0.000 0.000 0.005 0.008 0.000 0.032 0.003 0.019 0.004 0.006 0.001 0.004 0.000 0.079 0.000
