0,451,86,182,101,86,69,0,45,12,255,47,166,0,10,137,176,116,18,0,0,0,62,163,39,112,61,0,143,17,0,0,0,0,0,0,46,0,692,64,22,0,23,0,0,0,39,0,24,0,0,0,13,0,6,0,0,0,4,0,244,7,149,30,12,0,3,0,0,0,0,0,0,0,0,0,0,0,0,0,1,0,0,0,0,0,0,0,0,0,0,1,0,0,0,0,0,0,0,0,0,0,0,0,0,0,0,0,0,0,0,0,0,0,0,0,0,0,0,0,0,0,0,0,0,0,6,0,0,0,0,0,0,0,0,0,0,0,0,0,0,0,0,0,0,0,16,0,21,0,20,0,0,0,0,0,0,0,0,0,3,0,0,0,0,0,0,0,0,0,27,0,263,4,0,0,516,124,8,0,0,0,89,0,25,0,0,0,0,0,0,0,0,0,0,0,1,0,2,0,0,0,0,0,0,0,0,0,7,0,556,285,204,329,496,0,9,0,0,0,0,0,0,0,0
451,0,360,47,12,125,214,27,232,81,16,176,0,66,0,12,116,108,0,42,0,0,157,18,618,16,0,174,0,53,0,0,0,43,0,0,0,77,0,317,0,44,0,0,0,24,0,54,0,0,0,0,17,2,41,37,0,0,0,17,0,88,46,189,0,17,0,0,0,0,0,0,0,0,0,0,0,0,0,0,0,0,0,0,0,0,0,0,0,0,0,0,0,0,0,0,0,0,0,0,0,0,0,0,0,0,0,0,0,0,0,0,0,0,0,0,0,0,0,0,0,0,0,0,0,24,0,0,0,1,0,41,0,0,0,42,0,68,0,3,0,0,0,0,0,0,0,36,0,59,0,67,0,0,0,0,0,0,0,0,0,9,0,1,0,6,0,0,0,7,0,0,0,73,0,0,291,788,0,38,0,24,16,47,0,47,0,4,0,0,0,0,0,0,0,0,0,0,0,0,0,0,0,0,0,0,0,14,0,76,0,0,0,0,219,0,0,0,358,83,144,94,2,0,0
86,360,0,97,284,155,55,15,6,0,33,150,103,0,241,107,224,75,155,0,237,0,832,157,261,0,183,0,149,20,119,0,272,71,0,0,72,74,485,0,30,0,0,0,33,0,38,0,33,0,0,0,6,0,26,0,0,0,3,0,0,0,76,15,0,0,0,0,0,0,0,0,0,0,2,0,0,0,0,0,0,0,0,0,0,0,0,0,0,0,0,0,0,0,0,0,0,0,0,0,0,0,0,0,0,0,0,0,0,0,0,0,0,0,0,0,0,0,0,0,0,0,0,0,0,0,17,0,11,0,18,0,6,0,119,0,18,0,0,0,0,0,33,0,0,0,17,0,26,0,33,0,0,0,0,0,0,0,0,0,9,0,0,0,0,0,23,0,43,0,0,0,252,0,0,0,116,64,0,7,0,0,2,0,0,0,0,0,0,0,0,0,0,0,0,0,0,0,0,0,53,0,0,0,0,0,13,0,45,0,405,130,503,377,535,1,9,0,10,1,0,0,0,0,0
182,47,97,0,0,211,0,21,50,0,25,16,0,30,0,164,45,123,0,121,0,29,68,77,119,79,0,121,5,74,0,0,0,108,0,0,0,96,18,231,0,14,0,0,0,6,0,23,0,2,0,0,4,11,0,94,0,13,0,0,0,13,0,145,0,0,0,0,0,0,0,0,0,0,0,0,0,0,0,0,0,0,0,0,0,0,0,0,0,0,0,0,0,0,0,0,0,0,0,0,0,0,0,0,0,0,0,0,0,0,0,0,0,0,0,0,0,0,0,0,0,0,0,0,0,0,0,0,0,0,0,5,0,0,0,103,0,81,0,4,0,0,0,79,0,0,0,0,0,0,0,0,0,0,0,7,0,0,0,0,0,0,0,0,0,7,0,19,0,13,0,0,0,88,0,0,37,32,0,0,0,0,9,0,0,0,0,0,0,0,0,0,0,0,0,0,0,0,0,0,0,0,0,0,0,0,0,0,0,21,0,0,0,0,183,0,0,0,227,45,215,0,0,0,2
101,12,284,0,0,510,33,0,9,0,143,359,618,48,217,226,55,0,128,188,627,214,100,75,0,0,317,0,0,0,339,96,562,111,166,0,418,93,76,0,121,0,0,0,0,0,174,0,26,0,114,0,0,0,7,0,5,0,0,0,0,0,0,0,7,0,0,0,0,0,0,0,0,0,0,0,0,0,0,0,0,0,0,0,0,0,0,0,0,0,0,0,0,0,0,0,0,0,0,0,0,0,0,0,0,0,0,0,0,0,0,0,0,0,0,0,0,0,0,0,0,0,0,0,0,0,21,0,0,0,8,0,0,0,37,0,0,0,0,0,0,2,0,0,0,0,23,0,37,0,40,2,0,0,0,0,1,0,0,0,0,0,5,0,0,0,192,12,93,0,20,0,116,0,0,0,197,150,21,20,0,0,22,0,36,0,0,1,0,0,0,0,0,0,0,0,0,0,0,0,0,0,0,0,0,0,3,0,19,0,724,408,604,142,239,0,11,0,0,0,0,0,0,0,0
86,125,155,211,510,0,0,19,0,0,396,392,202,186,573,200,55,0,158,404,180,93,232,166,33,33,0,425,0,24,71,143,83,259,0,292,47,375,0,0,0,45,0,0,0,29,0,88,0,0,0,190,0,0,0,25,0,6,0,0,0,0,0,27,0,0,0,0,0,0,0,0,0,0,0,1,0,0,0,0,0,0,0,0,0,0,0,0,0,0,0,0,0,0,0,0,0,0,0,0,0,0,0,0,0,0,0,0,0,0,0,0,0,0,0,0,0,0,0,0,0,0,0,0,0,0,0,0,0,0,0,0,0,0,0,85,0,103,0,0,0,0,0,0,0,0,0,0,0,0,0,41,0,0,0,0,0,0,0,0,0,0,0,0,0,222,0,238,0,59,0,32,0,116,0,0,263,333,100,37,0,41,0,12,0,0,6,7,0,0,0,0,0,0,0,0,0,0,0,0,0,0,0,0,0,0,0,0,0,0,0,0,0,0,278,0,0,0,476,261,545,187,0,0,1
69,214,55,0,33,0,0,0,78,133,25,0,13,0,23,0,17,33,0,0,8,0,39,0,247,138,0,0,0,0,0,0,8,0,0,0,0,0,49,15,0,0,0,0,0,0,0,0,80,0,0,0,130,19,486,47,87,0,53,0,165,0,283,0,61,0,38,0,0,0,0,0,0,0,0,0,0,0,0,0,0,0,0,0,0,0,0,0,0,0,0,0,0,0,0,0,0,0,0,0,0,1,0,0,0,0,0,0,0,0,0,0,0,0,0,0,0,0,0,0,0,0,0,0,24,0,45,0,24,0,30,0,0,0,14,0,14,0,0,0,0,0,29,0,0,0,31,0,20,0,30,0,0,0,3,0,0,0,2,0,41,0,0,0,0,0,0,0,48,0,62,0,101,0,0,0,24,30,0,0,0,0,0,0,6,8,0,0,0,0,0,0,0,0,0,0,0,0,0,0,8,0,0,0,0,0,0,0,19,0,852,198,606,556,596,1,71,1,7,0,0,0,0,0,0
0,27,15,21,0,19,0,0,314,172,0,2,0,0,0,13,4,73,0,0,0,0,0,0,145,77,0,13,0,35,0,0,0,0,0,0,0,11,0,148,0,0,0,0,0,0,0,0,0,0,0,2,49,90,98,541,0,31,0,54,0,151,34,433,0,26,0,11,0,0,0,0,0,0,0,0,0,0,0,0,0,0,0,0,0,0,0,0,0,0,0,0,0,0,0,0,0,0,0,0,0,0,0,0,0,0,0,0,0,0,0,0,0,0,0,0,0,0,0,0,0,0,0,0,0,32,0,7,0,0,0,35,0,9,0,31,0,28,0,0,0,0,0,0,0,1,0,6,0,5,0,6,0,0,0,0,0,0,0,0,0,9,0,0,0,0,0,7,0,23,0,29,0,148,0,0,47,37,0,0,0,0,0,1,0,0,0,0,0,0,0,0,0,0,0,0,0,0,0,0,0,0,0,0,0,0,0,3,0,15,0,3,0,0,404,0,0,0,519,73,434,328,0,50,0
45,232,6,50,9,0,78,314,0,551,23,0,15,0,3,0,25,51,0,0,0,0,0,34,76,482,0,0,8,0,0,0,0,0,0,0,4,0,45,0,0,0,0,0,0,0,5,0,38,0,4,0,381,101,149,323,40,29,103,75,348,97,438,172,137,0,167,113,0,0,0,0,0,0,0,0,0,0,0,0,0,0,0,0,0,0,0,0,0,0,0,0,0,0,0,0,0,0,0,0,0,0,0,0,0,0,0,0,0,0,0,0,0,0,0,0,0,0,0,0,0,0,0,0,0,0,35,0,0,0,19,0,0,0,0,0,0,0,0,0,0,0,0,0,0,0,69,0,85,0,49,0,3,0,9,0,38,0,0,0,57,0,0,0,0,0,0,0,8,0,24,0,18,0,0,0,385,178,2,0,0,0,24,18,159,67,0,0,0,0,0,0,0,0,0,0,0,0,0,0,0,0,0,0,0,0,5,0,16,0,702,329,167,287,352,0,45,0,0,11,12,0,0,1,0
12,81,0,0,0,0,133,172,551,0,0,17,0,0,0,0,0,13,0,17,0,2,0,0,74,16,0,33,0,0,0,0,0,0,0,1,0,0,0,54,0,0,0,0,0,0,0,1,1,0,0,0,86,145,248,165,0,26,0,90,0,469,27,383,0,140,50,299,0,0,0,0,0,0,0,0,0,0,0,0,0,0,0,0,0,0,0,0,0,0,0,0,0,0,0,0,0,0,0,0,0,0,0,0,0,0,0,3,0,0,0,0,0,0,0,0,0,0,0,0,0,0,0,0,0,36,0,9,0,0,0,66,0,0,0,21,0,30,0,0,0,0,0,0,0,0,0,39,0,61,0,30,0,9,0,3,0,52,0,0,0,30,0,0,0,0,0,0,0,8,0,33,0,69,0,0,57,253,0,5,0,0,0,18,0,80,0,0,0,0,0,0,0,0,0,0,0,0,0,1,0,0,0,0,0,0,0,3,0,45,2,19,0,0,386,0,0,0,606,134,178,280,2,54,0
255,16,33,25,143,396,25,0,23,0,0,173,166,0,11,234,71,0,8,67,97,115,36,41,0,0,60,0,0,0,115,0,274,62,15,0,206,67,69,0,71,0,20,0,8,3,78,0,5,0,21,2,1,0,0,0,0,0,0,0,0,0,1,0,0,0,0,0,0,0,0,0,0,0,0,0,0,0,0,0,0,0,0,0,0,0,0,0,0,0,0,0,0,0,0,0,0,0,0,0,0,0,0,0,0,0,0,0,0,0,0,0,0,0,0,0,0,0,0,0,0,0,0,0,0,0,0,0,0,0,0,0,0,0,0,0,0,0,0,0,0,0,0,0,0,0,7,0,17,0,0,0,6,0,0,0,0,0,0,0,0,0,0,0,0,0,30,0,16,0,9,0,40,0,13,0,301,54,130,8,29,0,45,0,25,0,22,0,0,0,0,0,0,0,0,0,0,0,0,0,0,0,0,0,0,0,0,0,0,0,244,164,125,40,80,0,0,0,0,5,0,0,0,0,0
47,176,150,16,359,392,0,2,0,17,173,0,110,300,363,13,46,6,101,38,104,33,218,34,18,3,0,254,0,0,0,40,0,80,0,88,24,129,0,0,0,85,0,14,0,15,0,146,0,0,3,0,0,0,0,0,0,0,0,3,0,0,0,6,0,7,0,0,0,0,0,0,0,0,0,0,0,0,0,1,0,0,0,0,0,0,0,0,0,0,0,0,0,0,0,0,0,1,0,0,0,0,0,0,0,0,0,0,0,0,0,0,0,0,0,0,0,0,0,0,0,1,0,0,0,0,0,6,0,0,0,0,0,2,0,0,0,20,0,0,0,0,0,0,0,0,0,0,0,0,0,74,0,62,0,2,0,0,0,0,0,0,0,1,0,44,0,27,0,7,0,8,0,28,0,30,199,507,38,90,0,75,0,72,0,55,0,23,0,0,0,0,0,0,0,0,0,2,0,0,0,0,0,0,0,0,0,0,0,0,0,0,0,0,75,0,0,0,132,80,91,46,0,1,0
166,0,103,0,618,202,13,0,15,0,166,110,0,461,32,46,0,0,80,266,130,84,0,0,0,0,242,425,0,0,0,16,11,0,202,23,85,11,1,1,345,42,350,63,61,46,333,93,19,2,491,0,0,0,0,0,0,0,2,0,0,0,0,0,15,0,0,0,0,0,0,0,0,0,0,0,0,0,0,0,0,0,0,0,0,0,0,0,0,0,0,0,0,0,0,0,28,0,0,0,0,0,0,0,0,0,0,0,0,0,0,0,0,0,0,0,0,0,0,0,5,0,0,0,2,0,0,0,0,0,7,0,0,0,16,0,0,0,0,0,0,0,0,0,1,0,19,0,18,0,16,0,0,0,0,0,0,0,0,0,0,0,0,0,71,0,25,0,37,0,0,0,16,0,0,0,373,157,83,2,15,0,50,0,37,0,154,13,0,0,0,0,0,0,0,0,0,0,0,0,0,0,0,0,0,0,0,0,0,0,157,247,256,36,47,0,0,3,0,0,11,0,0,0,0
0,66,0,30,48,186,0,0,0,0,0,300,461,0,58,2,0,0,570,130,263,39,0,0,0,0,277,105,0,0,9,0,0,0,93,151,0,20,0,0,52,235,144,191,16,61,0,230,0,13,141,303,0,0,0,0,0,0,0,0,0,0,0,0,0,0,0,0,0,0,0,0,0,0,0,0,0,0,0,0,0,0,0,0,0,0,0,0,0,0,0,0,0,0,0,0,0,0,0,0,0,0,0,0,0,0,0,0,0,0,0,0,0,0,0,0,0,0,0,0,0,0,0,0,0,0,0,0,0,0,0,0,0,0,0,0,0,0,0,0,0,0,0,0,0,0,1,0,0,0,0,0,0,0,0,0,0,0,0,0,0,0,0,0,0,107,0,17,0,11,0,0,0,0,0,0,88,469,14,24,0,0,0,19,0,0,91,56,0,0,0,0,0,0,0,0,0,0,0,0,0,0,0,0,0,0,0,0,0,0,0,0,0,0,30,0,0,0,89,199,116,0,0,0,0
10,0,241,0,217,573,23,0,3,0,11,363,32,58,0,232,51,0,390,245,664,280,255,62,83,0,173,0,0,0,261,76,126,108,88,49,106,88,0,0,6,0,0,0,0,0,16,0,0,0,29,0,0,0,24,0,0,0,6,0,0,0,0,0,3,0,0,0,0,0,0,0,0,0,0,0,0,0,0,0,0,0,0,0,0,0,0,0,0,0,0,0,0,0,0,0,77,0,0,0,0,0,0,0,0,0,0,0,0,0,0,0,0,0,0,0,0,0,0,0,0,0,0,0,0,0,0,0,0,0,0,0,0,0,144,0,24,0,0,0,0,0,0,0,0,0,9,0,35,0,15,0,0,0,0,0,0,0,0,0,0,0,0,0,12,0,42,0,26,0,12,0,14,0,0,0,71,55,23,22,0,0,3,0,16,0,0,0,0,0,0,0,0,0,0,0,0,0,0,0,115,0,0,0,0,0,15,0,63,0,108,94,68,40,45,0,0,1,0,0,0,0,0,0,0
137,12,107,164,226,200,0,13,0,0,234,13,46,2,232,0,46,65,18,215,73,340,189,474,66,27,0,62,0,86,0,230,56,431,3,151,22,322,0,138,0,0,0,22,0,15,0,3,0,4,0,24,0,0,0,76,0,0,0,0,0,4,0,53,0,6,0,0,0,0,0,0,0,0,0,0,0,0,0,0,0,87,0,0,0,216,0,0,0,0,0,0,0,0,0,0,0,61,0,111,0,0,0,0,0,0,0,0,0,0,0,0,0,0,0,0,0,0,0,0,0,24,0,0,0,0,0,0,0,0,0,0,0,0,0,251,0,190,0,0,0,19,0,286,0,0,0,0,0,0,0,17,0,0,0,9,0,0,0,0,0,0,0,2,0,70,0,276,0,50,0,15,0,148,0,0,56,25,20,6,0,0,0,3,0,26,0,0,0,0,0,0,0,0,0,0,0,0,0,2,0,46,0,0,0,0,0,0,0,0,0,0,0,0,163,0,0,0,269,68,442,120,2,3,0
176,116,224,45,55,55,17,4,25,0,71,46,0,0,51,46,0,27,104,0,233,0,25,59,177,8,254,0,240,0,254,0,123,0,175,0,72,19,145,12,0,0,64,0,146,0,0,0,0,0,66,0,48,0,0,0,26,0,5,0,15,0,428,6,0,0,0,0,0,0,12,0,0,0,12,0,0,0,0,0,42,0,0,0,106,0,0,0,0,0,101,0,0,0,0,0,287,1,74,0,0,0,0,0,0,0,0,0,0,0,0,0,0,0,0,0,0,0,0,0,24,0,63,0,0,0,0,0,67,0,0,0,20,0,51,0,91,0,0,0,0,0,398,0,0,0,0,0,0,0,0,0,0,0,28,0,0,0,12,0,11,0,0,0,0,0,16,0,28,0,7,0,59,0,0,0,81,6,0,0,0,0,38,0,0,0,0,0,0,0,0,0,0,0,0,0,0,0,0,0,83,0,0,0,0,0,0,0,0,0,25,27,97,32,22,0,0,0,0,0,0,0,0,0,0
116,108,75,123,0,0,33,73,51,13,0,6,0,0,0,65,27,0,0,29,0,78,23,50,162,101,0,18,0,34,0,7,0,8,0,0,0,0,5,30,0,0,0,0,0,0,0,0,0,0,0,0,0,30,15,49,0,32,0,0,0,12,18,283,0,0,0,0,0,0,0,0,0,0,0,0,0,0,0,0,0,0,0,0,0,59,0,0,0,0,0,0,0,0,0,0,0,14,0,34,0,19,0,0,0,0,0,0,0,0,0,0,0,0,0,0,0,0,0,0,0,2,0,0,0,0,0,0,0,0,0,0,0,0,0,36,0,81,0,47,0,36,0,187,0,0,0,0,0,0,0,0,0,0,0,41,0,0,0,5,0,6,0,0,0,2,0,0,0,0,0,0,0,19,0,0,8,58,0,5,0,0,0,6,0,0,0,0,0,0,0,0,0,0,0,0,0,0,0,0,0,0,0,0,0,0,0,0,0,3,0,0,0,0,9,0,0,0,0,0,13,0,0,0,0
18,0,155,0,128,158,0,0,0,0,8,101,80,570,390,18,104,0,0,349,268,70,252,0,69,0,134,333,0,0,18,0,0,0,150,0,26,10,0,0,0,0,160,61,19,10,15,29,0,0,287,43,0,0,0,0,0,0,0,0,0,0,0,0,0,0,0,0,0,0,0,0,0,0,0,0,0,0,0,0,0,0,0,0,0,0,0,0,0,0,0,0,0,0,0,0,0,0,0,0,0,0,0,0,0,0,0,0,0,0,0,0,0,0,0,0,0,0,0,0,0,0,0,0,0,0,0,0,0,0,0,0,0,0,0,0,0,0,0,0,0,0,0,0,0,0,0,0,26,0,0,0,0,0,0,0,0,0,0,0,0,0,0,0,61,0,37,0,45,0,7,0,13,0,0,0,178,128,14,4,0,0,11,0,14,0,34,0,0,0,0,0,0,0,0,0,0,0,0,0,160,0,0,0,0,0,0,0,0,0,72,91,170,0,0,0,0,0,0,0,0,0,0,0,0
0,42,0,121,188,404,0,0,0,17,67,38,266,130,245,215,0,29,349,0,172,215,0,135,0,15,0,267,0,10,27,60,0,4,56,380,11,96,0,0,0,4,0,99,0,20,0,8,0,7,37,313,0,0,0,0,0,0,0,0,0,0,0,8,0,19,0,2,0,0,0,0,0,0,0,0,0,0,0,0,0,0,0,0,0,0,0,0,0,0,0,0,0,0,0,0,0,51,0,0,0,0,0,0,0,9,0,0,0,0,0,0,0,0,0,0,0,0,0,0,0,0,0,16,0,0,0,0,0,0,0,0,0,0,0,260,0,215,0,6,0,24,0,0,0,9,0,76,0,92,0,45,0,0,0,0,0,0,0,0,0,0,0,5,0,181,1,47,0,31,0,23,0,17,0,0,34,57,49,36,0,0,0,6,0,40,3,6,0,0,0,0,0,0,0,0,0,0,0,0,0,0,0,0,0,0,0,0,0,0,0,0,0,0,67,0,0,0,169,195,150,61,0,0,0
0,0,237,0,627,180,8,0,0,0,97,104,130,263,664,73,233,0,268,172,0,104,225,0,67,0,161,161,11,0,54,32,14,29,83,0,15,15,0,0,0,0,96,35,37,0,0,22,7,0,76,0,0,0,0,0,0,0,0,0,0,0,32,0,2,0,0,0,0,0,0,0,0,0,5,0,0,0,0,0,0,0,0,0,40,0,0,0,0,0,0,0,0,0,0,0,0,0,0,0,0,0,0,0,0,0,0,0,0,0,0,0,0,0,0,0,0,0,0,0,0,0,15,0,0,0,0,0,12,0,0,0,0,0,0,0,0,0,0,0,0,0,0,0,0,0,0,0,0,0,10,0,0,0,0,0,0,0,0,0,0,0,0,0,20,0,95,0,35,0,6,0,31,0,0,0,53,18,16,6,0,0,0,0,0,0,7,11,0,0,0,0,0,0,0,0,0,0,0,0,0,0,0,0,0,0,0,0,0,0,204,146,127,0,70,0,1,0,3,0,0,0,0,0,0
0,0,0,29,214,93,0,0,0,2,115,33,84,39,280,340,0,78,70,215,104,0,56,368,0,35,0,240,0,63,29,99,36,44,15,152,22,13,0,0,0,4,0,86,0,23,0,26,0,2,10,43,0,0,0,0,0,21,0,7,0,0,0,37,0,0,0,0,0,0,0,0,0,0,0,0,0,0,0,0,0,198,0,0,0,326,0,95,0,0,0,0,0,0,0,202,0,45,0,0,0,0,0,0,0,0,0,0,0,0,0,0,0,0,0,0,0,0,0,0,0,74,0,33,0,0,0,0,0,0,0,0,0,0,0,0,0,0,0,94,0,196,0,458,0,0,0,0,0,0,0,0,0,0,0,34,0,0,0,0,0,0,0,0,0,55,0,23,0,29,0,16,0,33,0,0,18,42,21,26,0,0,0,2,0,0,0,9,0,0,0,0,0,0,0,0,0,0,0,0,0,0,0,0,0,0,0,0,0,0,0,0,0,0,69,0,0,0,163,120,96,35,0,0,0
62,157,832,68,100,232,39,0,0,0,36,218,0,0,255,189,25,23,252,0,225,56,0,143,115,0,261,0,12,9,32,0,15,108,32,0,16,88,29,29,0,0,17,0,44,0,8,0,5,0,0,0,1,0,50,0,8,0,5,0,0,0,6,0,0,0,0,0,0,0,0,0,0,0,0,0,0,0,0,0,0,0,0,1,0,0,0,0,0,0,21,0,0,0,0,0,69,0,0,0,0,0,0,0,5,0,0,0,0,0,0,0,0,0,0,0,0,0,0,0,0,0,0,0,0,0,0,0,10,0,4,0,10,0,86,0,33,0,0,0,0,0,74,0,0,0,0,0,0,0,0,0,0,0,0,0,0,0,0,0,6,0,0,0,0,0,16,0,12,0,3,0,45,0,0,0,82,16,4,3,0,0,4,0,0,0,0,0,0,0,0,0,0,0,0,0,1,0,0,0,54,0,0,0,0,0,8,0,18,0,57,30,53,30,48,0,0,0,0,3,15,0,0,0,0
163,18,157,77,75,166,0,0,34,0,41,34,0,0,62,474,59,50,0,135,0,368,143,0,158,15,0,45,0,145,0,79,20,112,0,40,0,19,0,146,0,0,1,21,0,0,0,0,0,0,0,11,0,0,0,33,0,20,0,0,0,2,12,101,0,0,0,0,0,0,0,0,0,0,0,4,0,0,0,0,0,80,0,0,0,214,0,0,0,0,0,0,0,0,0,0,0,42,0,0,0,0,0,0,0,0,0,0,0,0,0,0,0,0,0,0,0,0,0,0,0,0,0,10,0,0,0,0,0,0,0,0,0,0,0,90,0,0,0,0,0,34,0,321,0,0,0,0,0,0,0,0,0,0,0,29,0,0,0,8,0,1,0,0,0,5,0,25,0,0,0,4,0,51,0,0,22,49,0,35,0,0,0,0,0,0,0,0,0,0,0,0,0,0,0,0,0,0,0,0,0,27,0,0,0,0,0,0,0,0,0,0,0,0,43,0,0,0,51,14,93,38,0,0,0
39,618,261,119,0,33,247,145,76,74,0,18,0,0,83,66,177,162,69,0,67,0,115,158,0,232,126,0,122,24,16,0,28,11,0,1,16,29,130,51,1,0,0,1,0,0,3,0,10,0,0,0,52,0,201,3,52,0,21,0,69,27,189,68,0,0,0,0,0,0,0,0,0,0,0,0,0,0,0,0,0,0,0,0,0,0,0,0,0,0,0,0,0,0,0,0,80,0,0,0,0,0,0,0,0,0,0,0,0,0,0,0,0,0,0,0,0,0,0,0,0,0,0,0,2,0,0,0,89,0,17,0,47,0,158,0,83,0,11,0,0,0,156,0,0,0,0,0,4,0,0,0,0,0,13,0,0,0,8,0,19,0,0,0,0,0,2,0,14,0,18,0,84,0,0,0,80,30,0,0,0,0,19,0,0,0,0,0,0,0,0,0,0,0,0,0,0,0,0,0,106,0,1,0,0,0,0,0,41,0,40,59,111,84,66,0,2,0,0,0,0,0,0,0,0
112,16,0,79,0,33,138,77,482,16,0,3,0,0,0,27,8,101,0,15,0,35,0,15,232,0,0,11,0,89,0,7,0,23,0,0,0,8,0,105,0,0,0,0,0,0,0,0,0,0,0,0,73,56,153,309,0,65,0,32,18,64,81,418,0,0,0,0,0,0,0,0,0,0,0,0,0,0,0,0,0,0,0,0,0,19,0,0,0,0,0,0,0,0,0,0,0,11,0,0,0,0,0,0,0,3,0,0,0,0,0,0,0,0,0,0,0,0,0,0,0,0,0,0,0,0,0,17,0,0,0,4,0,33,0,175,0,188,0,9,0,7,0,96,0,0,0,4,0,0,0,11,0,0,0,29,0,0,0,6,0,4,0,1,0,0,0,2,0,9,0,9,0,90,0,0,17,34,0,0,0,0,0,2,0,0,0,0,0,0,0,0,0,0,0,0,0,0,0,0,0,0,0,0,0,0,0,4,0,27,0,0,0,0,69,0,0,0,75,19,134,67,0,6,0
61,0,183,0,317,0,0,0,0,0,60,0,242,277,173,0,254,0,134,0,161,0,261,0,126,0,0,329,0,0,8,0,5,0,10,0,57,0,0,0,67,128,455,61,177,85,136,196,29,0,120,0,0,0,0,0,0,0,0,0,0,0,126,0,7,0,0,0,0,0,27,0,0,0,0,0,0,0,0,0,0,0,0,0,182,0,0,0,0,0,249,0,0,0,0,0,597,0,0,0,0,0,0,0,0,0,0,0,0,0,0,0,0,0,0,0,0,0,0,0,51,0,0,0,10,0,0,0,0,0,0,0,0,0,189,0,71,0,0,0,5,0,333,0,0,0,9,0,54,0,31,0,0,0,0,0,2,0,0,0,0,0,0,0,79,0,0,0,0,0,0,0,0,0,0,0,54,48,0,0,0,0,22,0,47,0,138,6,0,0,0,0,0,0,0,0,0,0,0,0,266,0,0,0,0,0,0,0,0,0,106,211,291,0,14,0,0,0,0,0,0,0,0,0,0
0,174,0,121,0,425,0,13,0,33,0,254,425,105,0,62,0,18,333,267,161,240,0,45,0,11,329,0,0,25,6,6,0,0,66,90,0,0,0,0,115,20,211,311,46,395,73,89,0,18,159,257,0,0,0,15,0,0,0,0,0,0,0,13,0,19,0,0,0,0,0,0,0,0,0,14,0,0,0,0,0,0,0,0,0,0,0,0,0,0,0,0,0,0,0,0,0,0,0,0,0,0,0,0,0,0,0,0,0,0,0,0,0,0,0,0,0,0,0,0,0,0,0,0,0,25,0,0,0,0,0,12,0,0,0,134,0,121,0,0,0,65,0,216,0,0,0,68,0,75,0,0,0,0,0,0,0,0,0,0,0,0,0,0,0,228,0,14,0,31,0,0,0,0,0,1,31,90,18,20,0,8,0,8,0,0,73,53,0,0,0,0,0,0,0,0,0,0,0,0,0,0,0,0,0,0,0,0,0,0,0,0,0,0,50,0,0,0,185,652,248,94,3,0,2
143,0,149,5,0,0,0,0,8,0,0,0,0,0,0,0,240,0,0,0,11,0,12,0,122,0,0,0,0,0,21,0,8,0,22,0,32,0,29,0,0,0,13,0,6,0,0,0,1,0,10,0,15,0,6,0,5,0,0,0,2,0,82,0,0,0,0,0,0,0,8,0,0,0,0,0,0,0,0,0,0,0,0,0,0,0,0,0,0,0,19,0,0,0,0,0,70,0,0,0,0,0,0,0,0,0,0,0,0,0,0,0,0,0,0,0,0,0,0,0,0,0,18,0,0,0,0,0,0,0,0,0,0,0,13,0,29,0,33,0,0,0,107,0,5,0,0,0,0,0,0,0,0,0,15,0,0,0,0,0,0,0,0,0,1,0,0,0,0,0,0,0,0,0,0,0,38,0,0,0,0,0,27,0,0,0,0,0,0,0,0,0,0,0,0,0,0,0,0,0,0,0,0,0,0,0,0,0,8,0,0,0,4,6,0,0,0,0,0,0,0,0,0,0,0
17,53,20,74,0,24,0,35,0,0,0,0,0,0,0,86,0,34,0,10,0,63,9,145,24,89,0,25,0,0,0,42,0,105,0,82,0,17,0,39,0,0,0,65,0,0,0,0,0,0,0,32,0,17,0,13,0,15,0,4,0,2,0,24,0,0,0,0,0,0,0,0,0,0,0,0,0,0,0,0,0,0,0,0,0,0,0,0,0,0,0,0,0,0,0,0,0,0,0,0,0,0,0,0,0,0,0,0,0,0,0,0,0,0,0,0,0,0,0,0,0,15,0,16,0,0,0,0,0,0,0,0,0,0,0,0,0,45,0,124,0,132,0,141,0,0,0,0,0,0,0,0,0,0,0,37,0,0,0,0,0,4,0,0,0,0,0,6,0,0,0,0,0,27,0,0,3,10,0,3,0,0,0,0,0,0,0,0,0,0,0,0,0,0,0,0,0,0,0,0,0,0,0,0,0,0,0,0,0,0,0,0,0,0,0,0,0,0,0,0,9,0,0,0,0
0,0,119,0,339,71,0,0,0,0,115,0,0,9,261,0,254,0,18,27,54,29,32,0,16,0,8,6,21,0,0,0,4,0,18,0,129,12,0,0,0,0,14,0,6,0,0,0,0,0,20,0,14,0,0,0,0,0,0,0,1,0,42,0,0,0,0,0,0,0,0,0,0,0,0,0,0,0,0,0,0,0,0,0,0,0,0,0,0,0,0,0,0,0,0,0,0,0,0,0,0,0,0,0,0,0,0,0,0,0,0,0,0,0,0,0,0,0,0,0,0,0,10,0,0,0,2,0,0,0,0,0,0,0,0,0,0,0,13,0,0,0,0,0,5,0,0,0,0,0,6,0,0,0,8,0,0,0,4,0,0,0,0,0,0,0,94,0,25,0,0,0,21,0,0,0,36,0,16,0,0,0,3,0,3,0,0,0,0,0,0,0,0,0,0,0,0,0,0,0,0,0,0,0,0,0,0,0,8,0,100,68,108,0,28,0,0,3,3,0,0,0,0,0,0
0,0,0,0,96,143,0,0,0,0,0,40,16,0,76,230,0,7,0,60,32,99,0,79,0,7,0,6,0,42,0,0,11,3,0,31,5,17,0,11,0,0,0,35,0,3,0,0,0,0,0,23,0,4,0,0,0,0,0,0,0,0,0,20,0,0,0,0,0,0,0,0,0,0,0,5,0,0,0,0,0,0,0,0,0,0,0,0,0,0,0,0,0,0,0,0,0,0,0,0,0,0,0,0,0,0,0,0,0,0,0,0,0,0,0,0,0,0,0,0,0,0,0,0,0,0,0,0,0,0,0,0,0,0,0,0,0,0,0,46,0,55,0,0,0,0,0,0,0,0,0,0,0,0,0,8,0,0,0,0,0,0,0,0,0,22,0,32,0,4,0,0,0,0,0,0,4,43,0,42,0,0,0,0,0,0,0,0,0,0,0,0,0,0,0,0,0,0,0,0,0,0,0,0,0,0,0,0,0,0,0,0,0,0,11,0,0,0,27,19,32,11,0,0,0
0,0,272,0,562,83,8,0,0,0,274,0,11,0,126,56,123,0,0,0,14,36,15,20,28,0,5,0,8,0,4,11,0,17,40,0,287,0,2,0,0,0,14,0,8,0,0,0,6,0,2,0,7,0,0,0,0,0,0,0,0,0,28,0,0,0,0,0,0,0,9,0,0,0,0,0,0,0,0,0,0,0,0,0,0,0,0,0,0,0,0,0,0,0,0,0,0,0,0,0,0,0,0,0,0,0,0,0,0,0,0,0,0,0,0,0,0,0,0,0,0,0,0,0,0,0,0,0,0,0,0,0,0,0,0,0,0,0,16,0,0,0,66,0,11,0,0,0,0,0,0,0,0,0,13,0,3,0,7,0,0,0,0,0,0,0,68,0,15,0,0,0,20,0,0,0,79,5,36,2,0,0,0,0,0,0,2,0,0,0,0,0,0,0,0,0,0,0,0,0,0,0,0,0,0,0,0,0,0,0,56,30,94,32,0,0,1,0,0,0,0,0,0,0,0
0,43,71,108,111,259,0,0,0,0,62,80,0,0,108,431,0,8,0,4,29,44,108,112,11,23,0,0,0,105,0,3,17,0,0,81,0,124,0,2,0,0,0,8,0,3,0,0,0,0,0,20,0,2,0,0,0,0,0,1,0,3,0,28,0,0,0,0,0,0,0,0,0,0,0,0,0,0,0,0,0,0,0,0,0,30,0,0,0,0,0,0,0,0,0,0,0,0,0,0,0,7,0,0,0,0,0,0,0,0,0,0,0,0,0,0,0,0,0,0,0,8,0,0,0,0,0,0,0,0,0,0,0,0,0,0,0,0,0,36,0,64,0,72,0,0,0,0,0,0,0,0,0,0,0,0,0,3,0,5,0,0,0,0,0,5,0,40,0,2,0,0,0,16,0,0,32,112,0,84,0,0,0,0,0,0,0,0,0,0,0,0,0,0,0,0,0,0,0,0,0,0,0,0,0,0,0,0,0,0,0,0,0,0,0,0,0,0,5,15,30,4,0,0,0
0,0,0,0,166,0,0,0,0,0,15,0,202,93,88,3,175,0,150,56,83,15,32,0,0,0,10,66,22,0,18,0,40,0,0,0,76,0,1,0,0,0,25,0,15,0,0,0,6,0,37,0,7,0,0,0,0,0,0,0,2,0,34,0,0,0,0,0,0,0,0,0,0,0,0,0,0,0,0,0,0,0,0,0,0,0,0,0,0,0,0,0,0,0,0,0,0,0,0,0,0,0,0,0,0,0,0,0,0,0,0,0,0,0,0,0,0,0,0,0,0,0,31,0,0,0,0,0,0,0,0,0,0,0,0,0,0,0,0,0,0,0,0,0,0,0,0,0,0,0,0,0,0,0,0,0,0,0,5,0,0,0,0,0,36,0,37,0,19,0,1,0,11,0,0,0,7,0,26,0,0,0,0,0,0,0,0,3,0,0,0,0,0,0,0,0,0,0,0,0,0,0,0,0,0,0,0,0,0,0,54,68,73,14,14,0,0,0,1,0,0,0,0,0,0
0,0,0,0,0,292,0,0,0,1,0,88,23,151,49,151,0,0,0,380,0,152,0,40,1,0,0,90,0,82,0,31,0,81,0,0,0,387,0,8,0,2,0,22,0,20,0,0,0,0,0,36,0,0,0,0,0,0,0,9,0,0,0,40,0,0,0,0,0,0,0,2,0,0,0,16,0,0,0,0,0,0,0,0,0,132,0,0,0,0,0,0,0,0,0,0,0,0,0,0,0,0,0,0,0,0,0,0,0,0,0,0,0,0,0,0,0,0,0,0,0,53,0,33,0,0,0,0,0,0,0,0,0,0,0,0,0,0,0,109,0,168,0,247,0,0,0,0,0,0,0,0,0,0,0,33,0,0,0,23,0,0,0,0,0,47,0,36,0,7,0,19,0,15,0,0,0,58,0,61,0,0,0,0,0,0,0,13,0,0,0,0,0,0,0,0,0,0,0,0,0,3,0,0,0,0,0,0,0,0,0,0,2,0,0,0,0,0,88,72,99,12,0,0,0
46,0,72,0,418,47,0,0,4,0,206,24,85,0,106,22,72,0,26,11,15,22,16,0,16,0,57,0,32,0,129,5,287,0,76,0,0,5,240,0,1,0,76,0,40,0,0,0,6,0,132,0,16,0,8,0,16,0,0,0,3,0,58,0,0,0,0,0,0,0,97,0,18,0,68,0,0,0,0,0,121,0,0,0,110,0,120,0,0,0,44,0,0,0,0,0,130,0,0,0,0,0,6,0,0,0,0,0,0,0,0,0,0,0,0,0,0,0,0,0,94,0,124,0,0,0,0,0,0,0,0,0,7,0,0,0,120,0,229,0,119,0,208,0,108,0,0,0,0,0,0,0,0,0,85,0,9,0,32,0,23,0,16,0,21,0,65,0,51,0,4,0,55,0,0,0,35,6,69,0,0,0,10,0,0,0,2,0,0,0,0,0,0,0,0,0,0,0,0,0,5,0,0,0,0,0,0,0,0,0,58,18,95,11,17,0,0,0,2,0,0,0,0,0,0
0,77,74,96,93,375,0,11,0,0,67,129,11,20,88,322,19,0,10,96,15,13,88,19,29,8,0,0,0,17,12,17,0,124,0,387,5,0,0,69,0,0,0,37,0,26,0,0,0,2,0,69,0,0,0,0,0,8,0,7,0,7,0,63,0,0,0,0,0,0,0,10,0,0,0,18,0,0,0,0,0,0,0,0,0,68,0,31,0,0,0,0,0,0,0,0,0,0,0,0,0,0,0,0,0,0,0,0,0,0,0,0,0,0,0,0,0,0,0,0,0,67,0,46,0,0,0,2,0,0,0,1,0,0,0,0,0,29,0,208,0,317,0,175,0,152,0,0,0,0,0,0,0,0,0,58,0,24,0,42,0,0,0,1,0,54,0,40,0,10,0,0,0,44,0,0,29,96,0,121,0,0,0,1,0,0,0,0,0,0,0,0,0,0,0,0,0,0,0,0,0,0,0,0,0,0,0,0,0,0,0,0,0,0,8,0,0,0,20,39,58,12,1,0,0
692,0,485,18,76,0,49,0,45,0,69,0,1,0,0,0,145,5,0,0,0,0,29,0,130,0,0,0,29,0,0,0,2,0,1,0,240,0,0,0,0,0,0,0,0,0,0,0,0,0,1,0,19,0,11,0,0,0,0,0,9,0,43,0,0,0,0,0,0,0,7,0,0,0,0,0,0,0,0,0,11,0,0,0,21,0,0,0,0,0,0,0,0,0,0,0,0,0,0,0,0,0,0,0,0,0,0,0,0,0,0,0,0,0,0,0,0,0,0,0,8,0,20,0,0,0,0,0,0,0,0,0,0,0,9,0,0,0,67,0,0,0,49,0,25,0,0,0,0,0,0,0,0,0,44,0,21,0,13,0,0,0,0,0,1,0,12,0,0,0,0,0,77,0,0,0,113,7,20,0,0,0,95,0,0,0,0,0,0,0,0,0,0,0,0,0,0,0,0,0,0,0,0,0,0,0,0,0,0,0,0,5,14,0,0,0,0,0,0,0,0,0,0,0,0
64,317,0,231,0,0,15,148,0,54,0,0,1,0,0,138,12,30,0,0,0,0,29,146,51,105,0,0,0,39,0,11,0,2,0,8,0,69,0,0,0,0,0,6,0,3,0,0,0,0,0,8,0,15,0,3,0,0,0,0,0,22,0,82,0,0,0,0,0,0,0,0,0,0,0,0,0,0,0,0,0,0,0,0,0,0,0,0,0,0,0,0,0,0,0,0,0,0,0,0,0,0,0,0,0,0,0,0,0,0,0,0,0,0,0,0,0,0,0,0,0,0,0,0,0,0,0,0,0,0,0,0,0,0,0,0,0,0,0,8,0,8,0,0,0,24,0,0,0,0,0,0,0,0,0,16,0,12,0,0,0,3,0,0,0,0,0,8,0,0,0,0,0,60,0,0,18,73,0,0,0,0,0,4,0,0,0,0,0,0,0,0,0,0,0,0,0,0,0,0,0,0,0,0,0,0,0,0,0,0,0,0,0,0,3,0,0,0,0,12,9,0,0,0,0
22,0,30,0,121,0,0,0,0,0,71,0,345,52,6,0,0,0,0,0,0,0,0,0,1,0,67,115,0,0,0,0,0,0,0,0,1,0,0,0,0,120,42,17,55,118,210,241,77,42,0,0,0,0,0,0,0,0,0,0,0,0,0,0,0,0,0,0,0,0,0,0,0,0,0,0,0,0,0,0,0,0,0,0,0,0,0,0,0,0,0,0,0,0,0,0,0,0,0,0,0,0,0,0,0,0,0,0,0,0,0,0,0,0,0,0,0,0,0,0,0,0,0,0,0,0,0,0,0,0,0,0,0,0,0,0,0,0,0,0,0,0,0,0,0,0,0,0,0,0,0,0,0,0,0,0,0,0,0,0,0,0,0,0,0,0,0,0,0,0,0,0,0,0,0,0,12,100,28,0,0,0,2,0,4,0,190,3,0,0,0,0,0,0,0,0,0,0,0,0,0,0,0,0,0,0,0,0,0,0,0,70,19,0,0,0,0,16,0,0,0,0,0,0,0
0,44,0,14,0,45,0,0,0,0,0,85,42,235,0,0,0,0,0,4,0,4,0,0,0,0,128,20,0,0,0,0,0,0,0,2,0,0,0,0,120,0,106,25,77,41,127,256,1,170,26,7,0,0,0,0,0,0,0,0,0,0,0,1,0,0,0,0,0,0,0,0,0,0,0,0,0,0,0,0,0,0,0,0,0,0,0,0,0,0,0,0,0,0,0,1,0,0,0,0,0,0,0,0,0,0,0,0,0,0,0,0,0,0,0,0,0,0,0,0,0,0,0,0,0,0,0,0,0,0,0,0,0,0,0,0,0,0,0,0,0,0,0,0,0,0,0,0,0,0,0,0,0,0,0,0,0,0,0,0,0,0,0,0,0,14,0,0,0,0,0,0,0,0,0,0,2,219,1,0,0,14,0,0,0,0,47,8,0,0,0,0,0,0,0,0,0,0,0,0,0,0,0,0,0,0,0,0,0,0,0,4,0,0,0,0,0,4,2,28,4,0,0,0,12
23,0,0,0,0,0,0,0,0,0,20,0,350,144,0,0,64,0,160,0,96,0,17,1,0,0,455,211,13,0,14,0,14,0,25,0,76,0,0,0,42,106,0,30,385,99,74,185,91,0,42,0,0,0,0,0,7,0,0,0,0,0,0,0,0,0,0,0,0,0,21,0,12,0,23,0,0,0,0,0,0,0,11,0,0,0,0,0,0,0,0,0,0,0,0,0,0,0,32,0,0,0,0,0,0,0,0,0,0,0,0,0,0,0,0,0,0,0,0,0,0,0,0,0,0,0,0,0,0,0,0,0,0,0,0,0,0,0,18,0,0,0,0,0,13,0,0,0,0,0,0,0,0,0,0,0,0,0,0,0,23,0,12,0,56,0,38,0,25,0,6,0,21,0,0,0,0,35,11,0,0,0,0,0,0,0,134,0,0,0,0,0,0,0,0,0,0,0,0,0,0,0,0,0,0,0,0,0,4,0,67,101,142,16,20,0,0,21,1,0,0,0,0,0,0
0,0,0,0,0,0,0,0,0,0,0,14,63,191,0,22,0,0,61,99,35,86,0,21,1,0,61,311,0,65,0,35,0,8,0,22,0,37,0,6,17,25,30,0,4,156,0,41,0,24,28,63,0,0,0,0,0,0,0,0,0,0,0,31,0,0,0,2,0,0,0,0,0,0,0,0,0,0,0,0,0,0,0,0,0,0,0,0,0,0,0,0,0,0,0,0,0,0,0,0,0,0,0,0,0,0,0,0,0,0,0,0,0,0,0,0,0,0,0,0,0,0,0,0,0,0,0,0,0,0,0,0,0,2,0,0,0,0,0,0,0,119,0,0,0,37,0,0,0,0,0,0,0,0,0,25,0,0,0,16,0,0,0,2,0,102,0,17,0,7,0,14,0,6,0,0,11,133,0,10,0,0,0,0,0,1,15,268,0,0,0,0,0,0,0,0,0,0,0,0,0,0,0,0,0,0,0,0,0,0,0,0,0,0,27,0,0,0,124,135,70,41,1,1,0
0,0,33,0,0,0,0,0,0,0,8,0,61,16,0,0,146,0,19,0,37,0,44,0,0,0,177,46,6,0,6,0,8,0,15,0,40,0,0,0,55,77,385,4,0,66,164,132,276,48,49,0,0,0,0,0,15,0,0,0,0,1,73,0,0,0,0,0,0,0,26,0,0,0,33,0,13,0,0,0,0,0,35,0,147,0,0,0,0,0,105,0,0,0,73,0,257,0,0,0,0,0,0,0,0,0,0,0,0,0,0,0,0,0,0,0,0,0,0,0,49,0,68,0,0,0,0,0,0,0,0,0,0,0,0,0,0,0,0,0,0,0,187,0,14,0,0,0,0,0,0,0,0,0,0,0,0,0,12,0,0,0,7,0,168,0,31,0,102,0,7,0,30,0,0,0,10,45,0,0,0,0,0,0,0,0,41,2,0,0,0,0,0,0,0,0,0,0,0,0,0,0,0,0,0,0,0,0,0,0,57,261,342,0,9,0,0,74,0,3,0,0,0,0,3
0,24,0,6,0,29,0,0,0,0,3,15,46,61,0,15,0,0,10,20,0,23,0,0,0,0,85,395,0,0,0,3,0,3,0,20,0,26,0,3,118,41,99,156,66,0,138,275,14,268,29,112,0,2,0,0,0,0,0,0,0,0,0,4,0,0,0,2,0,0,0,0,0,0,0,3,0,0,0,0,0,0,0,6,0,10,0,0,0,1,0,0,0,0,0,12,0,0,0,0,0,0,0,0,0,0,0,0,0,0,0,0,0,0,0,0,0,0,0,0,0,0,0,0,0,0,0,0,0,0,0,0,0,0,0,0,0,13,0,0,0,0,0,0,0,10,0,0,0,0,0,0,0,0,0,0,0,1,0,0,0,0,0,2,3,198,0,14,0,23,0,3,0,12,0,1,1,119,0,4,0,6,0,0,0,0,33,111,0,0,0,0,0,0,0,0,0,0,0,0,0,0,0,0,0,0,0,0,0,0,1,5,0,0,30,0,0,3,106,400,355,29,3,0,24
39,0,38,0,174,0,0,0,5,0,78,0,333,0,16,0,0,0,15,0,0,0,8,0,3,0,136,73,0,0,0,0,0,0,0,0,0,0,0,0,210,127,74,0,164,138,0,253,179,80,0,0,0,0,0,0,0,0,0,0,0,0,0,0,0,0,0,0,0,0,0,0,0,0,0,0,0,0,0,0,0,0,0,0,0,0,0,0,0,0,0,0,0,0,0,0,0,0,0,0,0,0,0,0,0,0,0,0,0,0,0,0,0,0,0,0,0,0,0,0,4,0,0,0,0,0,0,0,0,0,0,0,0,0,10,0,0,0,0,0,0,0,0,0,0,0,0,0,0,0,0,0,0,0,0,0,0,0,0,0,0,0,0,0,26,0,0,0,0,0,0,0,0,0,0,0,10,118,33,0,0,0,7,0,0,0,191,0,0,0,0,0,0,0,0,0,0,0,0,0,14,0,0,0,0,0,0,0,0,0,0,208,78,0,1,0,0,98,0,1,0,0,0,0,3
0,54,0,23,0,88,0,0,0,1,0,146,93,230,0,3,0,0,29,8,22,26,0,0,0,0,196,89,0,0,0,0,0,0,0,0,0,0,0,0,241,256,185,41,132,275,253,0,12,224,50,12,0,0,0,0,0,0,0,0,0,0,0,0,0,0,0,0,0,0,0,0,0,0,0,0,0,0,0,0,0,0,0,0,0,0,0,0,0,0,0,0,0,0,0,0,0,0,0,0,0,0,0,0,0,0,0,0,0,0,0,0,0,0,0,0,0,0,0,0,0,0,0,0,0,4,0,0,0,0,0,0,0,0,0,0,0,6,0,0,0,0,0,0,0,0,0,0,0,0,0,0,0,0,0,0,0,0,0,0,0,0,0,0,0,20,0,0,0,0,0,0,0,0,0,0,0,203,0,0,0,0,0,0,0,0,85,69,0,0,0,0,0,0,0,0,0,0,0,0,0,0,0,0,0,0,0,0,0,0,0,11,0,0,0,0,0,0,0,171,20,0,0,0,10
24,0,33,0,26,0,80,0,38,1,5,0,19,0,0,0,0,0,0,0,7,0,5,0,10,0,29,0,1,0,0,0,6,0,6,0,6,0,0,0,77,1,91,0,276,14,179,12,0,40,18,1,9,0,33,0,42,0,31,0,0,0,0,0,0,0,5,0,0,0,4,0,0,0,0,0,5,0,4,0,7,0,23,0,21,0,15,0,5,0,0,0,19,0,20,0,25,0,0,0,13,0,39,1,2,0,0,0,0,0,0,0,0,0,0,0,0,0,0,0,6,0,0,0,4,0,0,0,0,0,0,0,0,0,16,0,0,0,0,0,0,0,19,0,0,0,0,0,0,0,0,0,3,1,0,0,0,0,0,0,14,0,8,0,26,0,11,0,62,0,2,0,16,0,0,1,11,28,10,0,0,0,3,0,0,0,162,0,19,0,33,0,27,0,37,0,9,0,38,0,29,0,22,1,32,0,7,0,25,0,35,69,184,14,27,23,1,72,1,3,7,2,0,0,12
0,0,0,2,0,0,0,0,0,0,0,0,2,13,0,4,0,0,0,7,0,2,0,0,0,0,0,18,0,0,0,0,0,0,0,0,0,2,0,0,42,170,0,24,48,268,80,224,40,0,0,13,0,0,0,0,0,0,0,0,0,0,0,0,0,0,0,0,0,1,0,0,0,0,0,0,0,0,0,0,0,0,0,12,0,0,0,0,0,1,0,0,0,3,0,9,0,0,0,0,0,1,0,3,0,0,0,0,0,0,0,0,0,0,0,0,0,0,0,0,0,0,0,0,0,0,0,0,0,0,0,0,0,0,0,0,0,0,0,0,0,0,0,0,0,0,0,0,0,0,0,0,0,0,0,0,0,0,0,0,0,0,0,0,0,12,0,1,0,20,0,1,0,2,0,0,0,122,0,0,0,0,0,0,0,0,49,39,0,0,0,0,0,0,0,3,0,0,0,0,0,0,0,6,0,0,0,0,0,0,0,12,1,0,2,0,0,12,6,60,19,0,1,0,15
0,0,0,0,114,0,0,0,4,0,21,3,491,141,29,0,66,0,287,37,76,10,0,0,0,0,120,159,10,0,20,0,2,0,37,0,132,0,1,0,0,26,42,28,49,29,0,50,18,0,0,8,0,0,0,0,12,0,0,0,0,0,0,0,0,0,0,0,0,0,24,0,0,0,0,0,0,0,0,0,37,0,9,0,43,0,33,0,0,0,27,0,0,0,0,0,79,0,53,0,0,0,0,0,0,0,0,0,0,0,0,0,0,0,0,0,0,0,0,0,0,0,22,0,0,0,0,0,0,0,0,0,0,0,0,0,0,0,7,0,0,0,42,0,18,0,0,0,0,0,0,0,0,0,12,0,0,0,0,0,37,0,9,0,58,0,40,0,86,0,10,0,38,0,0,0,11,9,37,1,0,0,0,0,0,0,54,3,0,0,0,0,0,0,0,0,0,0,0,0,0,0,0,0,0,0,0,0,0,0,33,53,92,19,11,0,0,5,1,0,0,0,0,0,0
0,0,0,0,0,190,0,2,0,0,2,0,0,303,0,24,0,0,43,313,0,43,0,11,0,0,0,257,0,32,0,23,0,20,0,36,0,69,0,8,0,7,0,63,0,112,0,12,1,13,8,0,0,0,0,7,0,0,0,13,0,0,0,12,0,0,0,0,0,0,0,0,0,0,0,19,0,0,0,0,0,0,0,0,0,129,0,0,0,0,0,0,0,0,0,85,0,0,0,24,0,0,0,6,0,0,0,0,0,0,0,0,0,0,0,0,0,0,0,0,0,0,0,34,0,0,0,0,0,0,0,0,0,0,0,0,0,0,0,60,0,118,0,0,0,46,0,0,0,0,0,0,0,0,0,0,0,0,0,0,0,0,0,5,0,30,0,28,0,22,0,20,0,12,0,0,0,83,0,11,0,0,0,1,0,0,0,93,0,0,0,0,0,0,0,0,0,0,0,0,0,0,0,0,0,0,0,0,0,0,0,0,0,0,28,0,0,0,104,72,67,18,0,0,2
13,17,6,4,0,0,130,49,381,86,1,0,0,0,0,0,48,0,0,0,0,0,1,0,52,73,0,0,15,0,14,0,7,0,7,0,16,0,19,0,0,0,0,0,0,0,0,0,9,0,0,0,0,14,233,80,128,9,89,20,103,0,70,11,0,0,17,60,0,0,1,0,0,0,0,0,0,0,0,0,9,0,0,0,33,0,2,0,0,0,27,0,0,0,0,0,65,0,0,0,0,0,0,0,0,0,0,0,0,0,0,0,0,0,0,0,0,0,0,0,0,0,13,0,0,0,0,0,126,0,2,0,40,0,21,0,126,0,208,0,29,0,230,0,9,0,0,0,0,0,0,0,0,0,142,0,151,0,97,0,19,0,0,0,0,0,1,0,18,0,93,0,11,1,0,0,84,14,0,0,0,0,11,0,26,0,0,0,0,0,0,0,0,0,0,0,1,0,0,0,27,0,0,0,0,0,0,0,8,0,8,5,62,41,22,0,3,0,5,0,0,0,0,0,0
0,2,0,11,0,0,19,90,101,145,0,0,0,0,0,0,0,30,0,0,0,0,0,0,0,56,0,0,0,17,0,4,0,2,0,0,0,0,0,15,0,0,0,0,0,2,0,0,0,0,0,0,14,0,57,149,0,73,54,84,0,151,0,68,0,1,24,216,0,0,0,0,0,0,0,0,0,0,0,0,0,0,0,1,0,21,0,3,0,0,0,0,0,0,0,0,0,0,0,5,0,0,0,0,0,0,0,0,0,0,0,0,0,0,0,0,0,0,0,0,0,0,0,0,0,0,0,0,0,9,0,5,0,0,0,15,0,64,0,144,0,69,0,104,0,12,0,0,0,0,0,0,0,0,0,134,0,150,0,73,1,9,0,0,0,2,0,0,0,1,0,28,0,7,0,0,0,102,0,0,0,0,0,18,3,137,0,0,0,0,0,0,0,0,0,0,0,0,0,0,0,0,0,0,0,0,0,0,0,0,0,0,0,0,13,0,0,0,0,3,29,8,0,3,0
6,41,26,0,7,0,486,98,149,248,0,0,0,0,24,0,0,15,0,0,0,0,50,0,201,153,0,0,6,0,0,0,0,0,0,0,8,0,11,0,0,0,0,0,0,0,0,0,33,0,0,0,233,57,0,138,60,0,66,28,15,0,19,76,2,0,3,56,1,0,0,0,0,0,0,0,0,0,0,0,1,0,0,0,0,0,0,0,0,0,1,0,0,0,0,0,27,0,0,0,0,0,0,0,0,0,0,0,0,0,0,0,0,0,0,0,0,0,0,0,0,0,0,0,0,0,0,0,72,0,8,0,16,0,57,0,35,0,12,0,0,0,55,0,1,0,1,0,3,0,0,0,0,0,39,0,11,3,9,0,36,0,0,0,1,0,3,0,39,0,91,0,20,0,0,0,27,15,0,0,0,0,0,14,8,20,0,0,0,0,0,0,0,0,0,0,0,0,0,0,18,0,0,0,0,0,4,0,12,0,142,22,236,245,137,0,42,0,0,3,0,0,0,0,0
0,37,0,94,0,25,47,541,323,165,0,0,0,0,0,76,0,49,0,0,0,0,0,33,3,309,0,15,0,13,0,0,0,0,0,0,0,0,0,3,0,0,0,0,0,0,0,0,0,0,0,7,80,149,138,0,14,285,125,40,0,19,0,111,0,19,99,53,0,0,0,0,0,0,0,0,0,0,0,0,0,0,0,0,0,0,0,0,0,0,0,0,0,0,0,0,0,0,0,0,0,0,0,0,0,0,0,0,0,0,0,0,0,0,0,0,0,0,0,0,0,0,0,0,0,6,0,0,0,0,0,11,0,0,0,24,0,57,0,7,0,7,0,21,0,0,0,0,0,3,0,0,0,0,0,59,0,21,0,4,0,6,0,0,0,0,0,0,0,14,0,74,0,44,0,0,6,43,0,0,0,0,0,0,11,42,0,0,0,0,0,0,0,0,0,0,0,0,0,0,0,0,0,0,0,0,0,0,0,2,4,0,0,0,308,0,0,0,244,23,394,428,7,53,0
0,0,0,0,5,0,87,0,40,0,0,0,0,0,0,0,26,0,0,0,0,0,8,0,52,0,0,0,5,0,0,0,0,0,0,0,16,0,0,0,0,0,7,0,15,0,0,0,42,0,12,0,128,0,60,14,0,0,278,81,0,0,0,0,16,23,51,128,0,0,0,0,1,0,0,0,0,0,0,0,0,0,0,0,0,0,0,1,0,0,0,0,1,0,0,0,0,0,0,0,0,0,0,0,0,0,0,0,0,0,0,0,0,0,0,0,0,0,0,0,0,0,0,0,6,0,17,0,51,0,26,0,5,0,24,0,18,0,4,0,0,0,14,0,8,2,14,0,0,0,7,0,0,0,69,36,28,0,43,0,126,24,14,0,0,0,11,0,85,0,153,0,18,0,0,3,3,0,0,0,0,0,0,0,7,14,0,0,0,0,0,0,0,0,0,0,0,0,5,0,0,0,0,0,0,0,0,0,21,0,337,42,515,502,799,0,98,0,0,0,0,0,0,0,0
0,0,0,13,0,6,0,31,29,26,0,0,0,0,0,0,0,32,0,0,0,21,0,20,0,65,0,0,0,15,0,0,0,0,0,0,0,8,0,0,0,0,0,0,0,0,0,0,0,0,0,0,9,73,0,285,0,0,54,318,0,11,0,31,9,3,44,31,0,0,0,0,1,0,0,0,0,0,0,0,0,0,0,0,0,0,0,0,0,0,0,0,0,0,0,0,0,0,0,0,0,0,0,0,0,0,0,0,0,0,0,0,0,0,0,0,0,0,0,0,0,1,0,0,0,10,0,6,0,35,0,7,0,49,0,56,0,108,0,22,0,23,0,81,0,0,0,0,0,0,0,0,0,0,0,132,0,18,7,47,0,81,0,0,0,1,0,5,0,42,0,217,0,24,0,0,0,0,0,0,0,0,0,0,0,30,0,0,0,0,0,0,0,0,0,0,0,0,0,0,0,0,0,0,0,0,0,0,0,5,0,0,0,0,438,0,0,0,172,21,354,400,0,42,0
4,0,3,0,0,0,53,0,103,0,0,0,2,0,6,0,5,0,0,0,0,0,5,0,21,0,0,0,0,0,0,0,0,0,0,0,0,0,0,0,0,0,0,0,0,0,0,0,31,0,0,0,89,54,66,125,278,54,0,245,14,0,0,0,247,17,85,467,0,0,0,0,0,0,0,0,2,0,0,0,0,0,0,0,0,0,0,0,0,0,0,0,0,0,0,0,0,0,0,0,0,0,0,0,0,0,0,0,0,0,0,0,0,0,0,0,0,0,0,0,0,0,0,0,0,0,0,0,4,0,13,0,0,0,0,0,1,0,2,0,0,0,0,0,0,0,8,0,4,0,0,0,0,0,61,18,118,0,0,9,72,3,0,0,0,0,0,0,27,0,35,0,0,0,0,0,32,0,0,0,15,2,0,0,147,71,0,0,0,0,0,0,0,0,0,0,0,0,0,0,0,0,0,0,0,0,0,0,2,1,681,279,249,565,989,2,105,0,0,0,0,0,0,0,0
0,17,0,0,0,0,0,54,75,90,0,3,0,0,0,0,0,0,0,0,0,7,0,0,0,32,0,0,0,4,0,0,0,1,0,9,0,7,0,0,0,0,0,0,0,0,0,0,0,0,0,13,20,84,28,40,81,318,245,0,0,64,0,21,78,251,190,290,0,0,1,0,0,0,0,0,0,0,0,0,0,0,0,0,0,0,0,0,0,0,0,0,0,0,0,0,0,0,0,0,0,0,0,1,0,0,0,0,0,0,0,0,0,0,0,0,0,0,0,0,0,0,0,0,0,14,0,0,0,1,0,50,0,0,0,0,0,6,0,0,0,0,0,2,8,5,0,1,0,1,0,2,0,0,25,90,0,156,29,0,60,35,0,0,0,0,0,4,0,28,0,61,0,11,0,7,0,0,0,0,16,26,0,0,41,37,0,0,0,0,0,0,0,0,0,0,0,0,0,0,0,0,0,0,0,0,0,0,0,9,2,0,0,0,1178,0,0,0,945,217,455,645,43,55,0
244,0,0,0,0,0,165,0,348,0,0,0,0,0,0,0,15,0,0,0,0,0,0,0,69,18,0,0,2,0,1,0,0,0,2,0,3,0,9,0,0,0,0,0,0,0,0,0,0,0,0,0,103,0,15,0,0,0,14,0,0,0,71,0,0,0,0,0,0,0,3,0,0,0,3,0,0,0,0,0,0,0,0,0,0,0,1,0,0,0,0,0,0,0,0,0,0,0,0,0,0,0,0,0,0,0,0,0,0,0,0,0,0,0,0,0,0,0,0,0,0,0,4,0,0,0,0,0,4,0,0,0,0,0,0,0,15,0,121,0,47,0,8,0,54,0,0,0,0,0,0,0,0,0,49,0,66,0,21,0,0,0,0,0,0,0,2,0,12,0,217,0,118,0,0,0,40,0,0,0,0,0,83,0,4,0,0,0,0,0,0,0,0,0,0,0,0,0,0,0,0,0,0,0,0,0,0,0,0,0,5,5,57,21,10,0,0,0,0,0,0,0,0,0,0
7,88,0,13,0,0,0,151,97,469,0,0,0,0,0,4,0,12,0,0,0,0,0,2,27,64,0,0,0,2,0,0,0,3,0,0,0,7,0,22,0,0,0,0,1,0,0,0,0,0,0,0,0,151,0,19,0,11,0,64,0,0,0,59,0,0,0,83,0,0,0,0,0,0,0,0,0,0,0,1,0,0,0,0,0,0,0,0,0,0,0,0,0,0,0,0,0,0,0,0,0,0,0,0,0,0,0,0,0,0,0,0,0,0,0,0,0,0,0,0,0,0,0,0,0,0,0,0,0,0,0,0,0,0,0,0,0,0,0,98,0,31,0,0,0,127,0,0,0,0,0,0,0,0,0,84,0,283,0,73,0,1,0,2,0,2,0,0,0,9,0,49,0,118,0,0,0,137,0,0,0,0,0,39,0,65,0,0,0,0,0,0,0,0,0,0,0,0,0,0,0,0,0,0,0,0,0,0,0,0,0,0,0,0,0,0,0,0,0,16,38,11,0,0,0
149,46,76,0,0,0,283,34,438,27,1,0,0,0,0,0,428,18,0,0,32,0,6,12,189,81,126,0,82,0,42,0,28,0,34,0,58,0,43,0,0,0,0,0,73,0,0,0,0,0,0,0,70,0,19,0,0,0,0,0,71,0,0,0,0,0,0,0,0,0,0,0,0,0,0,0,0,0,0,0,0,0,0,0,3,0,0,0,0,0,0,0,0,0,0,0,0,0,0,0,0,0,0,0,0,0,0,0,0,0,0,0,0,0,0,0,0,0,0,0,0,0,0,0,0,0,0,0,9,0,0,0,0,0,0,0,10,0,29,0,5,0,39,0,6,0,0,0,0,0,0,0,0,0,55,0,14,0,15,0,0,0,0,0,0,0,7,0,4,0,3,0,12,0,0,0,84,0,0,0,0,0,76,0,0,0,1,0,0,0,1,0,0,0,0,0,0,0,0,0,0,0,0,0,0,0,0,0,0,0,0,3,13,6,7,0,0,0,0,0,0,0,0,0,0
30,189,15,145,0,27,0,433,172,383,0,6,0,0,0,53,6,283,0,8,0,37,0,101,68,418,0,13,0,24,0,20,0,28,0,40,0,63,0,82,0,1,0,31,0,4,0,0,0,0,0,12,11,68,76,111,0,31,0,21,0,59,0,0,0,0,0,59,0,0,0,0,0,0,0,0,0,0,0,0,0,0,0,0,0,0,0,0,0,0,0,0,0,0,0,0,0,0,0,0,0,0,0,0,0,0,0,0,0,0,0,0,0,0,0,0,0,0,0,0,0,0,0,0,0,0,0,0,0,0,0,0,0,0,0,0,0,0,0,64,0,44,0,46,0,0,0,0,0,0,0,0,0,0,0,34,0,19,0,11,0,0,0,0,0,0,0,0,0,0,0,0,0,19,0,0,28,265,0,1,0,0,1,41,0,38,0,0,0,0,0,0,0,0,0,0,0,0,0,0,0,0,0,0,0,0,0,0,0,0,0,0,0,0,0,0,0,0,0,2,16,5,0,0,0
12,0,0,0,7,0,61,0,137,0,0,0,15,0,3,0,0,0,0,0,2,0,0,0,0,0,7,0,0,0,0,0,0,0,0,0,0,0,0,0,0,0,0,0,0,0,0,0,0,0,0,0,0,0,2,0,16,9,247,78,0,0,0,0,0,68,296,37,0,0,0,6,11,0,0,0,0,0,0,0,0,0,0,0,0,0,0,0,0,0,0,0,0,0,0,0,0,0,0,0,0,0,0,0,0,0,0,0,0,0,0,0,0,0,0,0,0,0,0,0,0,0,0,0,6,0,7,0,0,0,14,0,0,0,0,0,0,0,9,24,0,0,0,0,30,0,18,0,48,0,21,0,0,0,0,70,3,0,0,65,446,97,0,0,0,0,0,0,0,0,0,0,0,0,7,17,2,0,0,0,142,48,14,0,112,17,0,0,0,0,0,0,0,0,0,0,0,0,0,0,0,0,0,0,0,0,0,0,4,0,57,2,18,0,80,0,2,0,0,0,0,0,0,0,0
0,17,0,0,0,0,0,26,0,140,0,7,0,0,0,6,0,0,0,19,0,0,0,0,0,0,0,19,0,0,0,0,0,0,0,0,0,0,0,0,0,0,0,0,0,0,0,0,0,0,0,0,0,1,0,19,23,3,17,251,0,0,0,0,68,0,12,471,0,0,0,22,0,17,0,23,0,0,0,0,8,0,0,0,0,0,6,0,0,0,0,0,0,0,0,0,3,0,2,0,0,0,0,0,0,0,0,0,0,0,0,0,0,0,0,0,0,0,0,0,0,0,0,0,24,11,0,0,0,0,0,105,0,0,0,7,0,14,46,18,16,0,1,0,23,69,0,19,100,300,0,18,0,7,0,8,0,0,22,19,164,455,0,0,0,0,0,0,3,3,0,0,0,0,16,16,0,0,0,0,79,145,0,11,26,60,0,0,0,0,0,1,0,1,0,0,0,0,0,0,0,0,0,0,0,0,0,0,5,31,7,0,0,0,105,0,0,0,107,0,37,0,0,0,0
3,0,0,0,0,0,38,0,167,50,0,0,0,0,0,0,0,0,0,0,0,0,0,0,0,0,0,0,0,0,0,0,0,0,0,0,0,0,0,0,0,0,0,0,0,0,0,0,5,0,0,0,17,24,3,99,51,44,85,190,0,0,0,0,296,12,0,166,0,0,0,0,0,0,0,0,0,0,0,0,0,0,0,0,0,0,0,0,0,0,0,0,0,0,0,0,0,0,0,0,0,0,0,0,0,0,0,0,0,0,0,0,0,0,0,0,0,0,0,0,0,0,0,0,0,0,0,0,0,0,0,0,0,0,0,0,0,0,0,0,0,0,0,0,2,0,20,0,31,0,0,0,0,0,18,25,21,0,0,0,178,0,0,0,0,0,0,0,0,0,0,0,0,0,0,4,57,0,0,0,27,0,0,0,638,57,0,0,0,0,0,0,0,0,0,0,0,0,0,0,0,0,0,0,0,0,0,0,1,0,94,38,20,80,106,0,0,0,3,7,0,0,0,0,0
0,0,0,0,0,0,0,11,113,299,0,0,0,0,0,0,0,0,0,2,0,0,0,0,0,0,0,0,0,0,0,0,0,0,0,0,0,0,0,0,0,0,0,2,0,2,0,0,0,0,0,0,60,216,56,53,128,31,467,290,0,83,0,59,37,471,166,0,0,0,0,0,0,0,0,0,0,0,0,0,0,0,0,0,0,0,0,0,0,0,0,0,0,0,0,0,0,0,0,0,0,0,0,0,0,0,0,0,0,0,0,0,0,0,0,0,0,0,0,0,0,0,0,0,1,12,0,0,0,0,0,46,0,0,0,0,0,0,0,0,0,0,0,0,0,6,0,5,0,0,0,0,0,2,23,57,0,100,9,7,52,55,0,4,0,0,0,0,0,3,0,10,0,8,0,17,9,13,0,0,13,33,0,1,52,374,0,0,0,0,0,0,0,0,0,0,0,0,0,0,0,0,0,0,0,0,0,0,0,0,0,0,0,0,262,0,0,0,246,141,82,160,8,0,0
0,0,0,0,0,0,0,0,0,0,0,0,0,0,0,0,0,0,0,0,0,0,0,0,0,0,0,0,0,0,0,0,0,0,0,0,0,0,0,0,0,0,0,0,0,0,0,0,0,0,0,0,0,0,1,0,0,0,0,0,0,0,0,0,0,0,0,0,0,0,0,0,13,0,0,0,102,0,36,0,7,0,33,0,0,0,0,0,13,0,0,0,15,0,5,0,0,0,0,0,4,0,57,0,0,0,0,0,5,0,0,0,0,0,0,0,1,0,0,0,0,0,0,0,0,0,0,0,0,0,0,0,0,0,0,0,0,0,0,0,0,2,0,0,0,0,0,0,0,2,0,0,0,0,0,0,0,0,0,0,0,0,5,0,4,0,0,0,114,0,2,0,0,0,0,0,0,0,0,0,0,0,0,0,0,0,0,0,0,0,0,0,0,0,2,0,0,0,0,0,0,0,0,0,0,0,0,0,0,0,33,0,49,0,0,11,17,1,0,0,0,0,0,0,0
0,0,0,0,0,0,0,0,0,0,0,0,0,0,0,0,0,0,0,0,0,0,0,0,0,0,0,0,0,0,0,0,0,0,0,0,0,0,0,0,0,0,0,0,0,0,0,0,0,1,0,0,0,0,0,0,0,0,0,0,0,0,0,0,0,0,0,0,0,0,0,0,0,4,0,0,0,39,0,0,0,26,0,14,0,0,0,21,0,6,0,0,0,1,0,21,0,0,0,0,0,5,0,65,0,0,0,0,0,1,0,1,0,10,0,0,0,1,0,0,0,0,0,0,0,0,0,0,0,0,0,0,0,3,0,0,0,0,0,0,0,0,0,0,0,2,0,0,0,0,0,0,1,3,0,1,0,0,0,0,0,0,0,0,0,9,0,0,0,39,0,0,0,0,0,0,0,0,0,0,0,0,0,0,0,0,0,0,0,0,0,0,0,0,0,22,0,12,0,0,0,0,0,0,0,0,1,0,0,0,0,0,0,0,4,0,0,0,41,6,90,0,20,1,3
0,0,0,0,0,0,0,0,0,0,0,0,0,0,0,0,12,0,0,0,0,0,0,0,0,0,27,0,8,0,0,0,9,0,0,0,97,0,7,0,0,0,21,0,26,0,0,0,4,0,24,0,1,0,0,0,0,0,0,1,3,0,0,0,0,0,0,0,0,0,0,0,165,0,221,0,3,0,74,0,7,0,0,0,7,0,18,0,0,0,0,0,5,0,0,0,0,0,1,0,0,0,0,0,0,0,0,0,0,0,0,0,0,0,0,0,0,0,0,0,47,0,10,0,69,19,83,0,0,0,32,24,54,0,34,0,27,0,0,0,106,11,97,0,42,0,65,0,76,0,58,0,39,14,0,0,2,0,0,0,33,15,46,0,0,0,37,0,26,0,29,0,20,0,108,2,0,0,0,0,82,21,0,0,54,0,0,0,0,0,0,0,0,0,0,0,0,0,0,0,10,0,0,0,0,0,0,0,21,0,8,0,51,0,22,0,0,0,0,0,0,0,0,0,0
0,0,0,0,0,0,0,0,0,0,0,0,0,0,0,0,0,0,0,0,0,0,0,0,0,0,0,0,0,0,0,0,0,0,0,2,0,10,0,0,0,0,0,0,0,0,0,0,0,0,0,0,0,0,0,0,0,0,0,0,0,0,0,0,6,22,0,0,0,0,0,0,0,75,0,262,0,26,0,55,0,0,0,0,0,0,0,48,0,0,0,0,0,0,0,0,0,0,0,0,0,0,0,0,0,0,0,0,0,0,0,0,0,0,0,0,0,0,0,0,0,20,0,24,0,55,3,0,0,0,0,0,0,37,0,0,0,0,1,0,0,41,0,8,0,105,0,0,0,0,0,18,0,25,0,0,0,4,0,0,0,24,0,19,0,0,0,0,0,12,0,0,0,9,2,46,0,0,0,0,0,29,0,0,0,17,0,0,0,0,0,0,0,0,0,0,0,0,0,0,0,0,0,0,0,0,0,0,0,0,0,0,0,0,8,0,0,0,15,0,21,6,0,0,0
0,0,0,0,0,0,0,0,0,0,0,0,0,0,0,0,0,0,0,0,0,0,0,0,0,0,0,0,0,0,0,0,0,0,0,0,18,0,0,0,0,0,12,0,0,0,0,0,0,0,0,0,0,0,0,0,1,1,0,0,0,0,0,0,11,0,0,0,13,0,165,0,0,0,100,0,32,0,183,0,0,0,17,0,29,0,36,0,0,0,0,0,0,0,0,0,0,0,1,0,0,0,0,0,0,0,0,0,0,0,0,0,0,0,0,0,0,0,0,0,47,0,16,0,52,0,0,0,0,0,29,14,38,0,89,0,30,0,0,0,42,0,93,0,23,0,34,0,0,0,41,0,13,3,0,0,0,0,0,0,14,0,70,0,0,0,0,0,11,0,3,0,7,0,28,0,0,0,0,0,29,6,0,0,15,0,0,0,0,0,0,0,0,0,0,0,0,0,144,0,95,0,0,0,40,0,0,0,0,0,216,0,17,0,12,0,2,0,1,0,0,0,1,0,0
0,0,0,0,0,0,0,0,0,0,0,0,0,0,0,0,0,0,0,0,0,0,0,0,0,0,0,0,0,0,0,0,0,0,0,0,0,0,0,0,0,0,0,0,0,0,0,0,0,0,0,0,0,0,0,0,0,0,0,0,0,0,0,0,0,17,0,0,0,4,0,75,0,0,0,138,0,123,0,12,0,0,0,18,0,12,0,53,0,0,0,0,0,7,0,0,0,0,0,0,0,0,0,1,0,0,0,0,0,0,0,0,0,0,0,0,0,1,0,1,0,3,0,0,0,83,0,0,0,0,0,0,0,49,0,97,0,73,0,0,0,32,0,89,0,65,0,68,0,21,0,31,10,32,0,0,0,2,0,0,3,6,0,87,0,0,0,0,0,18,0,0,0,0,0,31,0,0,0,0,0,28,0,0,0,0,0,0,0,0,0,0,0,0,0,0,0,0,0,0,0,49,0,0,0,0,0,0,0,0,0,0,0,0,13,0,0,0,105,3,27,0,0,0,0
0,0,2,0,0,0,0,0,0,0,0,0,0,0,0,0,12,0,0,0,5,0,0,0,0,0,0,0,0,0,0,0,0,0,0,0,68,0,0,0,0,0,23,0,33,0,0,0,0,0,0,0,0,0,0,0,0,0,0,0,3,0,0,0,0,0,0,0,0,0,221,0,100,0,0,0,11,0,80,0,6,0,18,0,98,0,40,0,0,0,0,0,11,0,5,0,0,0,5,0,0,0,3,0,0,0,0,0,0,0,0,0,0,0,0,0,0,0,0,0,101,0,68,0,0,0,18,1,0,0,12,0,0,0,60,0,33,0,5,0,69,0,119,0,57,0,26,0,0,0,0,0,36,0,0,0,6,0,0,0,0,0,19,0,0,0,0,0,11,0,18,0,15,0,55,0,0,0,0,0,51,0,0,0,21,0,0,0,0,0,0,0,0,0,1,0,0,0,113,0,88,0,0,0,26,0,0,0,0,0,42,0,9,3,5,0,0,0,0,0,0,1,0,0,0
0,0,0,0,0,1,0,0,0,0,0,0,0,0,0,0,0,0,0,0,0,0,0,4,0,0,0,14,0,0,0,5,0,0,0,16,0,18,0,0,0,0,0,0,0,3,0,0,0,0,0,19,0,0,0,0,0,0,0,0,0,0,0,0,0,23,0,0,0,0,0,262,0,138,0,0,0,17,0,10,0,0,0,0,0,14,0,39,0,0,0,0,0,0,0,0,0,0,0,0,0,0,0,0,0,0,0,0,0,0,0,0,0,0,0,0,0,0,0,0,0,99,0,24,12,36,0,84,1,0,8,27,0,36,0,9,0,0,0,0,0,71,0,45,0,186,0,62,11,18,0,18,0,46,0,0,0,0,0,0,0,7,0,26,0,0,0,0,0,37,0,0,0,0,0,45,0,0,0,0,4,38,0,0,0,15,0,0,0,0,0,0,0,0,0,0,0,0,0,0,0,26,0,0,0,0,0,0,0,0,0,0,0,1,0,0,0,0,16,1,27,6,0,0,0
0,0,0,0,0,0,0,0,0,0,0,0,0,0,0,0,0,0,0,0,0,0,0,0,0,0,0,0,0,0,0,0,0,0,0,0,0,0,0,0,0,0,0,0,13,0,0,0,5,0,0,0,0,0,0,0,0,0,2,0,0,0,0,0,0,0,0,0,102,0,3,0,32,0,11,0,0,0,41,0,8,0,29,0,0,1,34,0,29,0,0,0,30,0,5,0,0,0,0,0,7,0,43,0,0,0,0,0,27,0,0,0,0,0,2,0,2,0,0,0,0,0,0,0,0,0,0,0,0,0,0,0,0,0,0,0,0,0,0,0,0,0,0,0,0,0,0,0,0,0,0,0,0,0,0,0,0,0,0,0,0,0,0,0,14,0,0,0,43,0,4,0,0,0,0,0,0,0,0,0,0,0,0,0,0,0,0,0,0,0,0,0,0,0,14,0,0,0,0,0,0,0,0,0,0,0,0,0,0,0,57,2,33,0,0,12,3,0,0,0,0,0,0,0,0
0,0,0,0,0,0,0,0,0,0,0,0,0,0,0,0,0,0,0,0,0,0,0,0,0,0,0,0,0,0,0,0,0,0,0,0,0,0,0,0,0,0,0,0,0,0,0,0,0,0,0,0,0,0,0,0,0,0,0,0,0,0,0,0,0,0,0,0,0,39,0,26,0,123,0,17,0,0,0,21,0,71,0,13,0,0,0,66,0,0,0,0,0,25,0,13,0,0,0,0,0,4,0,36,0,0,0,0,0,2,0,0,0,4,0,0,0,3,0,0,0,9,0,1,0,0,0,22,0,0,0,0,0,7,0,0,0,0,0,0,0,0,0,0,0,1,0,0,0,0,0,0,0,0,0,0,0,0,0,0,0,0,0,3,0,9,0,0,0,51,0,0,0,0,0,11,0,0,0,0,0,0,0,0,0,0,0,0,0,62,1,0,0,0,0,0,0,14,0,40,0,57,0,84,0,33,0,15,0,36,0,0,0,0,11,0,0,0,75,0,35,0,9,0,0
0,0,0,0,0,0,0,0,0,0,0,0,0,0,0,0,0,0,0,0,0,0,0,0,0,0,0,0,0,0,0,0,0,0,0,0,0,0,0,0,0,0,0,0,0,0,0,0,4,0,0,0,0,0,0,0,0,0,0,0,0,0,0,0,0,0,0,0,36,0,74,0,183,0,80,0,41,0,0,0,16,0,57,0,52,0,50,0,9,0,1,0,36,0,6,0,15,0,16,0,20,0,13,0,0,0,0,0,10,0,0,0,0,0,0,0,1,0,0,0,44,0,9,0,0,0,0,0,0,0,0,0,0,0,43,0,0,0,0,0,12,1,27,0,5,0,0,0,0,0,13,0,0,0,0,0,0,0,0,0,0,0,0,0,4,0,0,0,25,0,0,0,0,0,0,0,0,0,0,0,0,0,0,0,0,0,0,0,0,0,0,0,0,0,0,0,0,0,88,0,57,0,0,0,0,0,0,0,34,0,152,0,21,0,0,9,0,1,0,0,0,0,0,0,0
