0,1191,85,306,45,105,85,205,102,67,158,91,115,0,5,173,6,63,0,0,7,0,0,319,20,417,18,0,72,0,2,0,93,0,0,0,72,0,285,0,14,0,0,0,0,0,11,0,0,0,0,0,0,20,19,0,0,1,26,0,111,0,37,92,98,7,24,3,0,0,0,0,0,0,0,0,0,0,0,0,0,0,0,0,0,0,0,0,0,0,0,0,0,0,0,0,0,0,0,0,0,0,2,0,4,0,0,0,0,0,0,0,0,0,0,0,0,0,0,0,0,0,0,0,28,0,19,0,0,0,0,0,0,0,12,0,0,0,0,0,0,0,0,0,0,0,55,0,122,4,113,1,33,1,0,1,0,0,0,0,15,0,3,0,0,0,6,0,65,0,90,0,261,0,19,0,431,228,27,0,30,0,66,0,40,0,0,0,0,0,0,0,0,0,0,0,0,0,0,0,0,0,0,0,0,0,0,0,12,0,741,93,331,0,344,0,0,0,0,5,0,0,0,0,0
1191,0,370,108,0,334,436,48,282,120,32,202,0,77,0,44,109,11,12,175,0,15,311,21,788,30,0,154,0,37,0,0,0,67,0,0,0,177,2,335,0,34,0,0,0,10,0,94,0,9,0,0,22,22,68,5,0,8,0,20,0,324,60,157,0,87,0,27,0,1,0,0,0,0,0,0,0,0,0,0,0,64,0,0,2,0,0,0,0,0,0,0,0,0,0,0,0,0,0,0,0,21,0,13,0,0,0,0,0,0,0,0,0,2,0,0,0,0,0,1,0,0,0,0,0,42,0,0,0,0,0,51,0,0,0,50,0,11,0,0,0,0,0,0,0,0,0,22,0,52,0,27,0,70,0,0,0,8,0,0,0,17,0,0,0,2,0,0,0,24,0,69,0,239,0,12,227,471,0,23,0,26,30,36,0,106,0,0,0,0,0,0,0,0,0,0,0,0,0,0,0,13,0,0,0,0,0,7,0,21,0,0,6,0,537,0,0,0,1135,235,251,155,25,0,0
85,370,0,137,217,114,178,34,13,0,37,152,121,0,228,142,0,17,90,0,19,0,465,181,155,107,45,0,265,0,84,0,336,0,0,0,97,0,668,0,22,0,0,0,7,0,26,0,6,0,0,0,0,0,143,0,15,0,15,0,85,0,43,0,19,0,3,0,0,0,0,0,0,0,0,0,0,0,0,0,0,0,0,0,0,0,0,0,0,0,0,0,0,0,0,0,0,0,0,0,0,0,0,0,0,0,0,0,0,0,0,0,0,0,1,0,0,0,0,0,0,0,0,0,52,0,75,0,0,0,75,0,0,0,151,0,0,0,0,0,0,0,0,0,0,0,89,2,90,0,233,0,21,2,0,0,0,0,0,0,14,0,0,0,6,0,0,0,65,0,96,0,468,0,16,0,50,58,0,9,0,0,5,0,9,0,0,0,0,0,0,0,0,0,0,0,2,0,0,0,0,0,0,0,0,0,0,0,88,0,747,63,476,124,430,8,12,0,0,0,0,0,0,0,0
306,108,137,0,28,127,0,121,0,3,69,22,0,10,0,252,53,51,0,228,0,109,192,208,74,229,0,59,1,165,0,0,0,235,0,0,0,221,0,703,0,0,0,0,0,0,0,0,0,0,0,0,1,0,0,69,0,0,0,15,0,148,1,59,0,41,0,0,0,0,0,0,0,0,0,0,0,0,0,0,0,0,0,0,0,21,0,0,0,0,0,0,0,5,0,0,0,0,0,65,0,16,0,0,0,38,0,55,0,0,0,0,0,0,0,0,0,0,0,0,0,21,0,0,0,113,0,30,0,0,0,92,0,0,0,202,0,66,0,0,0,0,0,0,0,8,0,38,0,75,0,34,0,0,0,0,0,2,0,0,0,24,0,0,0,0,0,0,0,48,0,36,0,199,0,0,26,20,2,0,0,0,0,0,0,0,0,0,0,0,0,0,0,0,0,0,0,0,0,0,0,47,0,0,0,2,0,34,0,100,8,0,5,0,218,0,0,0,442,35,259,84,0,0,0
45,0,217,28,0,511,21,0,16,0,114,409,358,199,184,317,8,5,73,162,95,34,118,62,7,0,179,0,72,0,152,0,425,79,199,24,366,0,94,0,84,0,3,0,13,0,133,0,0,0,47,5,0,0,0,0,0,0,0,0,0,0,2,0,23,0,0,0,0,0,0,0,0,0,0,0,0,0,0,0,0,0,0,0,0,0,0,0,0,0,0,0,0,0,0,0,0,0,0,0,0,0,0,0,0,0,0,0,0,0,0,0,0,0,0,0,0,0,0,0,0,0,0,0,0,0,0,0,0,0,0,0,0,0,41,0,0,0,0,0,0,0,0,0,0,0,48,0,67,0,112,0,33,0,0,0,0,0,0,0,0,0,0,0,36,0,311,0,312,0,0,0,369,0,0,0,141,130,43,11,36,0,34,0,61,0,0,0,0,0,0,0,0,0,0,0,0,0,0,0,0,0,0,0,0,0,0,0,0,0,1152,309,715,0,341,3,0,0,77,0,55,0,0,0,0
105,334,114,127,511,0,0,34,2,28,444,175,346,148,412,203,29,23,94,308,167,124,220,201,0,38,43,267,0,25,5,68,0,379,0,188,28,280,0,76,0,50,0,13,0,0,0,92,0,0,16,82,0,0,0,0,0,0,0,0,0,0,0,0,0,54,0,0,0,0,0,0,0,0,0,0,0,0,0,0,0,0,0,0,0,0,0,0,0,0,0,0,0,0,0,0,0,12,1,0,0,0,0,0,0,12,0,0,0,0,0,0,0,0,0,0,0,0,0,0,0,0,0,0,0,44,0,0,0,0,0,24,0,0,0,0,0,0,0,0,0,0,0,0,0,12,0,0,0,37,0,0,0,0,0,0,0,0,0,0,0,0,0,0,0,0,17,292,0,177,0,28,0,256,0,0,98,232,81,31,0,65,0,20,0,46,0,1,0,8,0,0,0,0,0,0,0,0,0,0,0,29,0,0,0,0,0,0,0,0,0,0,0,0,306,0,0,0,1188,350,642,103,1,0,0
85,436,178,0,21,0,0,0,111,460,34,0,22,0,0,0,7,0,0,0,5,0,0,0,206,235,0,0,0,0,0,0,0,0,0,0,0,0,39,0,0,0,0,0,0,0,0,0,15,0,0,0,56,111,301,133,53,0,106,0,352,0,186,125,57,0,16,0,0,0,0,0,0,0,0,0,0,0,0,0,0,0,0,0,0,0,0,0,0,0,0,0,0,0,0,0,0,0,0,0,0,0,0,0,9,0,0,0,0,0,0,0,0,0,0,0,0,0,0,0,0,0,0,0,106,0,54,0,0,0,167,0,0,0,0,0,0,0,0,0,0,0,0,0,0,0,72,0,65,0,89,0,0,0,3,0,0,0,0,0,26,0,0,0,28,0,17,0,54,0,294,0,103,0,0,0,19,39,0,0,0,0,3,0,0,5,0,0,0,0,0,0,0,0,0,0,0,0,0,0,0,0,0,0,0,0,0,0,19,0,856,152,848,375,629,70,157,4,4,0,0,0,0,0,0
205,48,34,121,0,34,0,0,454,53,0,0,0,0,0,24,0,23,0,24,0,0,0,39,126,401,0,0,0,32,0,0,0,0,0,0,0,0,0,0,0,0,0,0,0,0,0,0,0,1,0,0,47,105,71,353,0,67,0,82,0,118,36,354,0,75,0,160,0,0,0,0,0,0,0,0,0,0,0,0,0,3,0,0,0,2,0,0,0,0,0,0,0,0,0,0,0,0,0,2,0,1,0,0,0,0,0,0,0,0,0,0,0,0,0,0,0,0,0,0,0,0,0,0,0,214,0,13,0,1,0,295,0,0,0,14,0,8,0,0,0,0,0,0,0,0,0,17,0,74,0,24,0,2,0,10,0,29,0,3,0,72,0,0,0,11,0,0,0,43,0,71,0,75,0,0,12,22,0,0,0,0,0,4,0,0,0,0,0,0,0,0,0,0,0,0,0,0,0,2,0,0,0,0,0,4,0,18,0,49,5,0,0,0,1026,0,0,0,1123,170,800,507,52,0,1
102,282,13,0,16,2,111,454,0,1455,29,0,23,0,7,0,0,22,21,0,0,0,1,0,0,302,11,0,0,0,0,0,0,0,0,1,0,0,0,0,0,0,0,0,0,0,9,0,4,0,0,0,29,144,66,455,10,71,323,239,103,0,32,118,490,0,372,138,1,0,0,0,0,0,0,0,0,0,0,0,0,0,0,0,0,0,1,0,0,0,0,0,0,0,0,0,0,0,0,0,0,0,0,0,0,0,0,0,0,0,0,0,0,0,0,0,0,0,0,0,0,0,0,0,60,0,20,0,0,0,54,0,0,0,0,0,0,0,0,0,0,0,0,0,0,0,65,0,161,0,82,0,6,0,2,4,17,4,0,0,15,0,0,0,0,0,4,0,0,0,0,0,14,0,0,0,304,200,3,0,0,0,29,0,250,89,0,0,0,0,0,0,0,0,0,0,0,0,0,0,0,0,0,0,0,0,0,0,7,0,268,144,220,111,206,35,41,0,0,0,0,0,0,0,0
67,120,0,3,0,28,460,53,1455,0,0,81,0,5,0,0,2,0,0,32,0,0,0,0,82,0,0,0,0,0,0,0,0,0,0,0,0,0,0,0,0,0,0,0,0,0,0,8,0,0,0,0,91,39,412,14,33,5,235,371,0,11,14,20,0,336,49,288,0,0,0,0,0,0,0,0,0,0,0,0,0,11,0,0,0,0,0,0,0,0,0,0,0,0,0,0,0,0,0,4,0,0,0,0,0,0,0,15,0,0,0,0,0,0,0,0,0,0,0,0,0,0,0,0,0,36,0,4,0,0,0,95,0,0,0,0,0,0,0,0,0,0,0,0,0,0,0,27,0,107,0,0,0,25,0,12,0,16,0,0,0,37,0,2,0,0,0,0,0,12,0,0,0,20,0,12,62,336,0,5,1,0,0,10,38,254,0,0,0,0,0,0,0,0,0,0,0,0,0,0,0,10,0,0,0,2,0,0,6,0,2,0,0,0,402,0,0,0,497,129,144,161,24,0,0
158,32,37,69,114,444,34,0,29,0,0,374,281,0,18,366,7,0,27,65,37,6,5,132,0,0,32,0,24,1,61,0,317,29,21,0,258,0,30,0,38,0,0,0,7,0,36,0,5,0,10,0,0,0,0,0,0,0,0,0,1,0,0,0,0,0,5,0,0,0,0,0,0,0,0,0,0,0,0,0,0,0,0,0,0,0,0,0,0,0,0,0,0,0,0,0,0,0,0,0,0,0,0,0,0,0,0,0,0,0,0,0,0,0,0,0,0,0,0,0,0,0,0,0,16,0,13,0,0,0,12,0,0,0,2,0,0,0,0,0,0,0,0,0,0,0,29,0,55,0,61,0,94,0,0,0,0,0,0,0,0,0,0,0,3,0,70,0,92,0,0,0,131,0,154,0,311,148,105,9,128,0,83,0,71,0,5,0,0,0,0,0,0,0,0,0,0,0,0,0,0,0,0,0,0,0,0,0,0,0,658,210,366,0,166,3,0,0,62,0,0,0,0,0,0
91,202,152,22,409,175,0,0,0,81,374,0,105,367,366,27,48,11,0,93,108,36,269,45,0,0,0,198,5,26,0,17,0,289,0,15,15,173,0,76,5,198,0,0,0,14,0,152,0,22,0,0,0,0,0,0,0,0,0,0,0,27,0,0,0,17,0,1,0,0,0,0,1,4,0,0,0,0,0,2,0,0,0,0,0,0,0,0,0,5,0,0,0,0,0,0,0,0,0,0,0,0,0,0,0,0,0,0,0,0,0,0,0,0,0,0,0,0,0,0,0,24,0,3,0,4,0,0,0,0,0,0,0,0,0,0,0,0,0,0,0,0,0,0,0,0,0,0,0,0,0,0,0,161,0,0,0,0,0,0,0,0,0,0,0,2,0,44,2,34,0,14,0,156,0,136,109,577,28,150,0,208,0,108,2,113,0,7,0,0,0,0,0,0,0,0,0,0,0,0,0,2,0,0,0,0,0,0,0,0,0,0,0,0,213,0,0,0,861,193,239,0,3,0,0
115,0,121,0,358,346,22,0,23,0,281,105,0,795,32,47,0,0,72,405,33,64,0,0,0,0,165,513,0,0,9,0,0,14,207,46,145,36,0,0,286,60,99,64,30,42,307,84,5,0,562,78,0,0,0,0,0,0,0,0,0,0,0,0,0,0,0,0,0,0,0,0,0,0,0,0,0,0,0,0,0,0,0,0,0,0,0,0,0,0,0,0,0,0,0,0,0,0,0,0,0,0,0,0,0,0,0,0,0,0,0,0,0,0,0,0,0,0,1,0,0,0,0,0,0,0,0,0,0,0,0,0,0,0,0,0,0,0,0,0,0,0,0,0,0,0,56,0,0,0,83,0,51,0,0,0,0,0,0,0,0,0,0,0,187,0,73,11,133,0,0,0,12,0,117,0,306,132,185,0,111,0,25,0,46,0,111,38,0,0,0,0,0,0,0,0,0,0,0,0,0,0,0,0,0,0,0,0,0,0,172,355,425,0,48,0,0,2,105,61,119,1,0,0,0
0,77,0,10,199,148,0,0,0,5,0,367,795,0,90,6,0,0,323,88,97,69,0,0,0,0,368,107,0,0,0,7,0,14,0,147,21,77,0,0,155,342,41,150,14,14,63,96,0,13,91,345,0,0,0,0,0,0,0,0,0,0,0,0,0,0,0,0,0,0,0,0,0,0,0,0,0,0,0,0,0,0,0,0,0,0,0,0,0,1,0,0,1,0,0,8,0,1,0,0,0,0,0,3,0,0,0,0,0,0,0,0,0,0,0,0,0,0,0,0,0,0,0,0,0,0,0,0,0,0,0,0,0,0,0,0,0,0,0,0,0,0,0,0,0,0,0,0,0,0,0,0,0,37,0,0,0,0,0,0,0,0,0,0,9,105,9,30,9,81,0,0,0,0,0,104,76,403,57,81,0,113,0,19,0,24,67,52,0,0,0,0,0,0,0,0,0,0,0,0,0,0,0,0,0,0,0,0,0,0,0,33,41,0,60,0,0,0,376,504,294,0,0,0,0
5,0,228,0,184,412,0,0,7,0,18,366,32,90,0,237,17,0,319,70,161,38,462,55,48,0,260,0,8,0,283,9,271,69,180,13,192,0,3,0,0,0,0,0,8,0,19,0,4,0,27,0,0,0,81,0,0,0,0,0,0,0,0,0,6,0,0,0,0,0,0,0,0,0,5,0,0,0,0,0,0,0,0,0,0,0,0,0,0,0,0,0,0,0,0,0,65,0,72,0,0,0,0,0,0,0,0,0,0,0,0,0,0,0,0,0,0,0,0,0,0,0,0,0,0,0,0,0,0,0,0,0,0,0,167,0,0,0,0,0,4,0,0,0,0,0,0,0,58,0,48,0,0,0,1,0,0,0,0,0,0,0,0,0,0,0,220,0,111,0,0,0,108,0,0,0,11,38,20,0,0,0,6,0,15,0,0,0,0,0,0,0,0,0,0,0,0,0,0,0,126,0,0,0,0,0,0,0,70,0,213,132,188,0,50,0,0,0,50,0,26,0,0,0,0
173,44,142,252,317,203,0,24,0,0,366,27,47,6,237,0,39,24,0,685,90,241,236,257,42,140,0,111,0,0,0,23,9,118,0,40,16,130,0,30,0,0,0,3,0,0,9,0,0,1,0,1,0,0,0,52,0,0,0,0,0,24,0,7,0,11,0,0,0,0,0,0,0,0,0,0,0,0,0,0,0,0,0,0,0,0,0,0,0,0,0,0,0,0,0,0,0,0,0,0,0,0,0,0,0,0,0,79,0,0,0,0,0,0,0,0,0,0,0,0,0,0,0,0,0,47,0,0,0,0,0,0,0,23,0,386,0,125,0,0,0,0,0,0,0,0,0,0,0,23,0,8,0,2,0,0,0,0,0,0,0,0,0,0,0,0,0,82,0,20,0,12,0,86,0,0,12,60,36,8,0,0,0,0,0,7,0,0,0,0,0,0,0,0,0,0,0,0,0,0,0,81,0,0,0,0,0,0,0,72,0,0,0,0,63,0,0,0,359,381,85,13,0,0,0
6,109,0,53,8,29,7,0,0,2,7,48,0,0,17,39,0,12,48,0,316,0,55,73,99,29,98,0,278,0,36,0,70,0,0,0,14,0,399,0,0,0,0,0,26,0,0,0,0,0,0,0,107,0,56,0,8,0,0,0,41,0,634,10,0,0,0,0,0,0,0,0,0,0,0,0,0,0,0,0,0,0,0,0,132,0,0,0,69,0,239,0,0,0,0,0,399,0,116,0,84,0,55,0,169,0,546,0,0,0,0,0,0,0,0,0,0,0,0,0,17,0,0,0,0,1,0,0,201,0,40,0,0,0,103,0,741,0,34,0,27,0,446,0,0,0,0,0,0,0,0,0,0,0,35,0,0,0,15,0,8,0,0,0,0,0,3,0,33,0,0,0,69,0,0,0,3,0,2,2,0,0,6,0,0,0,0,0,0,0,0,0,0,0,0,0,0,0,0,0,369,0,0,0,0,0,0,0,22,0,40,194,65,11,25,0,0,0,4,0,0,0,0,0,0
63,11,17,51,5,23,0,23,22,0,0,11,0,0,0,24,12,0,0,0,0,255,46,213,38,84,0,0,0,124,0,39,0,85,0,22,0,0,1,134,0,0,0,0,0,0,0,0,0,0,0,0,0,46,0,39,0,92,0,0,0,13,6,542,0,1,0,0,0,0,0,0,0,0,0,0,0,0,0,0,0,53,0,0,0,44,0,0,0,0,0,43,0,0,0,15,0,29,0,108,0,37,0,0,0,0,0,90,0,0,0,0,0,0,0,0,0,0,0,0,0,0,0,0,0,0,0,0,0,97,0,25,0,199,0,642,0,450,0,116,0,6,0,84,0,0,0,0,0,0,0,3,0,0,0,41,0,3,0,34,0,11,0,0,0,0,0,0,0,0,0,7,0,6,0,0,0,0,0,22,0,0,0,0,0,0,0,0,0,0,0,0,0,0,0,0,0,0,0,0,0,92,0,0,0,0,0,0,0,55,0,0,0,0,13,0,0,0,27,276,24,4,0,0,0
0,12,90,0,73,94,0,0,21,0,27,0,72,323,319,0,48,0,0,143,317,31,367,0,0,0,214,221,5,0,44,0,0,0,306,21,73,0,0,0,10,16,16,19,0,12,37,37,0,0,328,28,12,0,0,0,0,0,0,0,9,0,0,0,5,0,0,0,0,0,0,0,0,0,0,0,0,0,0,0,0,0,0,0,0,0,0,0,0,0,0,0,0,0,0,0,0,0,0,0,0,0,0,0,0,0,0,0,0,0,0,0,0,0,0,0,0,0,0,0,0,0,0,0,0,0,0,0,0,0,0,0,0,0,0,0,0,0,0,0,0,0,0,0,0,0,0,0,45,0,40,0,0,0,0,0,0,0,0,0,0,0,0,0,57,0,58,0,68,0,0,1,0,0,36,0,16,18,6,0,44,0,29,0,25,0,3,11,0,0,0,0,0,0,6,0,0,0,0,0,0,0,0,0,0,0,0,0,0,0,115,310,123,0,22,0,0,0,42,0,36,0,0,0,0
0,175,0,228,162,308,0,24,0,32,65,93,405,88,70,685,0,0,143,0,60,464,0,364,0,86,77,766,0,0,0,138,0,71,28,609,12,194,0,0,16,44,0,147,9,46,26,154,0,12,48,358,0,0,0,0,0,0,0,0,0,0,0,0,0,42,0,0,0,0,0,0,0,0,0,0,0,0,0,0,0,0,0,0,0,34,0,0,0,0,0,0,0,0,0,0,0,0,0,0,0,0,0,0,0,0,0,0,0,0,0,0,0,0,0,0,0,0,0,0,0,0,0,0,0,0,0,0,0,0,0,0,0,0,0,0,0,0,0,0,0,0,0,0,0,0,0,0,0,72,0,25,0,0,0,0,0,0,0,0,0,0,0,0,0,0,0,94,0,109,0,0,0,29,0,0,0,18,22,0,0,22,2,21,0,54,16,1,0,0,0,0,0,0,0,0,0,0,0,0,0,116,0,0,0,0,0,0,0,0,0,17,26,0,55,0,0,0,258,352,195,0,0,0,0
7,0,19,0,95,167,5,0,0,0,37,108,33,97,161,90,316,0,317,60,0,15,248,10,49,0,262,62,74,0,155,0,97,23,211,0,37,10,18,1,0,6,10,0,15,4,0,0,0,0,79,5,21,0,32,0,8,0,6,0,0,0,97,0,0,0,0,0,0,0,39,0,0,0,31,0,15,0,0,0,172,0,105,0,278,0,103,0,208,0,347,0,0,0,116,0,556,0,432,0,169,0,0,0,145,0,569,0,0,0,0,0,0,0,0,0,0,0,0,0,117,0,41,0,0,0,0,0,0,0,0,0,0,0,79,0,358,0,70,0,0,0,298,0,0,0,0,0,0,0,0,0,0,0,0,0,0,0,0,0,0,0,0,0,34,0,97,0,100,0,0,0,43,0,3,0,4,5,30,0,0,0,10,0,3,0,0,3,0,0,1,0,0,0,0,0,0,0,0,0,246,0,0,0,0,0,0,0,25,0,181,345,110,0,33,4,0,0,37,0,0,1,0,0,0
0,15,0,109,34,124,0,0,0,0,6,36,64,69,38,241,0,255,31,464,15,0,0,388,0,73,17,377,0,35,0,41,0,88,4,77,0,51,0,7,4,0,0,72,0,44,0,11,0,3,3,60,0,0,0,0,0,0,0,0,0,5,0,94,0,7,0,0,0,0,0,0,0,0,0,0,0,0,0,0,0,0,0,0,0,149,0,0,0,0,0,0,0,0,0,0,0,0,0,247,0,65,0,0,0,0,0,0,0,0,0,0,0,0,0,0,0,0,0,0,0,0,0,2,0,0,0,0,0,0,0,0,0,294,0,590,0,516,0,279,0,108,0,442,0,0,0,0,0,0,0,0,0,0,0,19,0,1,0,0,0,0,0,0,0,26,0,20,0,65,0,3,0,30,0,0,3,14,0,28,0,0,0,1,0,4,2,2,0,0,0,0,0,0,0,0,0,0,0,0,0,92,0,2,0,0,0,0,0,0,4,0,0,0,43,0,0,0,301,406,102,0,0,0,0
0,311,465,192,118,220,0,0,1,0,5,269,0,0,462,236,55,46,367,0,248,0,0,343,174,17,293,0,108,0,13,0,44,0,1,0,36,0,145,6,2,0,0,0,54,0,25,0,0,0,28,0,6,0,475,0,0,0,13,0,8,0,36,5,0,0,0,0,0,0,0,0,0,0,0,0,0,0,0,0,0,0,0,0,0,0,0,0,0,0,0,0,0,0,1,0,44,0,0,0,0,0,0,0,215,0,262,0,0,0,0,0,0,0,0,0,0,0,0,0,0,0,0,0,0,0,25,0,0,0,0,0,0,0,320,0,378,0,0,0,0,0,333,0,0,0,0,0,0,0,87,0,0,0,6,0,0,0,0,0,0,0,2,0,0,0,10,0,12,0,14,0,119,0,15,0,19,17,0,20,0,0,0,0,4,0,0,0,0,0,0,0,0,0,0,0,0,0,0,0,253,0,0,0,4,0,0,0,125,0,260,76,150,0,103,0,0,0,21,0,0,2,0,0,0
319,21,181,208,62,201,0,39,0,0,132,45,0,0,55,257,73,213,0,364,10,388,343,0,68,140,0,169,0,73,0,17,0,46,0,14,0,33,0,87,0,0,0,16,0,0,0,0,0,0,0,0,1,4,0,75,0,59,0,0,0,32,0,110,0,2,0,1,0,0,0,0,0,0,0,0,0,12,0,0,0,0,0,0,0,58,0,0,0,0,0,56,0,0,0,0,0,31,0,129,0,41,0,38,0,0,0,184,0,0,0,0,0,0,0,0,0,0,0,0,0,0,0,0,0,130,0,0,0,45,0,0,0,128,0,874,0,424,0,54,0,9,0,85,0,0,0,0,0,0,0,11,0,0,0,21,0,0,0,0,0,0,0,0,0,0,0,0,0,0,0,12,0,60,0,0,4,19,0,57,0,0,0,0,0,0,0,0,0,0,0,0,0,0,0,0,0,0,0,0,0,175,0,0,0,0,0,0,0,106,0,0,0,0,44,0,0,0,212,489,34,16,3,0,0
20,788,155,74,7,0,206,126,0,82,0,0,0,0,48,42,99,38,0,0,49,0,174,68,0,366,55,0,36,0,0,0,0,0,0,0,11,0,178,8,0,0,0,0,17,0,6,0,6,0,0,0,69,63,530,0,22,0,12,0,213,41,325,170,0,0,0,0,0,0,0,0,0,0,0,0,0,0,0,0,0,0,0,0,0,0,0,0,0,0,0,0,0,0,0,0,0,0,0,0,0,0,0,0,57,0,0,0,0,0,0,0,0,0,0,0,0,0,0,0,0,0,0,0,0,0,24,0,54,0,58,0,0,0,123,0,258,0,0,0,0,0,155,0,0,0,0,0,3,0,27,4,0,0,10,1,0,0,0,0,9,0,6,0,8,0,5,0,44,0,167,0,187,0,0,0,6,17,0,0,0,1,0,0,0,0,0,0,0,0,0,0,0,0,0,0,0,0,3,0,75,0,0,0,0,0,0,0,62,0,448,132,418,120,265,13,27,0,0,0,0,0,0,0,0
417,30,107,229,0,38,235,401,302,0,0,0,0,0,0,140,29,84,0,86,0,73,17,140,366,0,0,0,0,88,0,19,0,47,0,0,0,0,4,110,0,0,0,0,0,0,0,0,0,0,0,0,15,46,40,531,0,177,0,39,11,137,46,499,0,0,0,0,0,0,0,0,0,0,0,0,0,0,0,0,0,8,0,0,0,0,0,0,0,0,2,0,0,0,0,0,0,0,0,0,0,0,0,55,0,0,0,118,0,0,0,0,0,0,0,0,0,0,0,0,0,0,0,0,0,342,0,93,0,55,0,97,0,158,0,566,0,353,0,32,0,8,0,0,0,2,0,0,0,12,0,32,0,0,0,52,0,10,0,30,0,42,0,0,0,0,0,8,0,44,0,36,2,85,0,0,0,0,0,0,0,0,0,0,0,0,0,0,0,0,0,0,0,0,0,0,0,0,0,0,0,141,0,0,0,0,0,86,0,343,2,0,0,0,237,0,0,0,378,458,292,120,8,1,0
18,0,45,0,179,43,0,0,11,0,32,0,165,368,260,0,98,0,214,77,262,17,293,0,55,0,0,362,45,0,34,0,15,0,115,0,82,0,0,0,35,140,231,71,160,0,75,179,7,3,481,48,10,0,0,0,0,0,0,0,10,0,33,0,0,0,0,0,4,0,0,0,0,0,34,0,0,0,0,0,140,0,0,0,0,0,0,0,0,0,0,0,0,0,0,0,0,0,0,0,162,0,0,0,0,0,0,0,1,0,0,0,0,0,0,0,0,0,0,0,0,0,39,0,0,0,0,0,0,0,0,0,0,0,0,0,0,0,0,0,0,0,245,0,0,0,0,0,0,0,0,0,0,0,0,0,0,0,0,0,0,0,0,0,185,0,35,0,89,0,0,0,47,0,0,0,23,19,21,0,0,0,33,0,17,0,73,17,0,0,0,0,0,0,0,0,0,0,0,0,0,0,0,0,0,0,0,0,0,0,73,369,397,0,35,0,0,0,0,44,0,0,0,0,0
0,154,0,59,0,267,0,0,0,0,0,198,513,107,0,111,0,0,221,766,62,377,0,169,0,0,362,0,0,1,0,0,0,49,18,101,0,30,0,0,311,54,114,420,47,221,186,145,8,30,126,612,0,0,0,0,0,0,0,0,0,5,0,0,0,27,0,0,0,0,0,0,0,0,0,0,0,0,0,0,0,0,0,0,0,87,0,0,0,9,0,0,0,0,0,0,0,0,0,0,0,37,0,0,0,0,0,0,0,0,0,0,0,0,0,0,0,0,0,0,0,0,0,0,0,0,0,0,0,0,0,0,0,0,0,0,0,0,0,0,0,0,0,196,0,0,0,0,0,19,0,0,0,0,0,0,0,0,0,0,0,0,0,0,0,183,0,32,0,152,0,0,0,13,0,0,0,41,15,21,0,0,0,10,0,16,74,10,0,0,0,0,0,0,0,0,0,0,0,0,0,0,0,0,0,0,0,0,0,0,0,0,0,0,69,0,0,0,260,796,454,0,0,0,0
72,0,265,1,72,0,0,0,0,0,24,5,0,0,8,0,278,0,5,0,74,0,108,0,36,0,45,0,0,0,69,0,12,0,33,0,27,0,2,0,0,0,42,0,0,0,0,0,0,0,8,0,15,0,7,0,2,0,0,0,0,0,53,0,0,0,0,0,0,0,0,0,1,0,0,0,0,0,0,0,0,0,0,0,135,0,0,0,34,0,60,0,0,0,0,0,173,0,84,0,0,0,0,0,0,0,80,0,0,0,0,0,0,0,0,0,0,0,0,0,0,0,16,0,0,0,0,0,39,0,5,0,0,0,0,0,258,0,192,0,69,0,122,0,5,0,0,0,0,0,0,0,0,0,17,0,0,0,0,0,0,0,0,0,0,0,0,0,0,0,0,0,1,0,0,0,0,0,0,0,0,0,20,0,0,0,0,0,0,0,0,0,0,0,0,0,0,0,0,0,65,0,0,0,0,0,0,0,0,0,0,18,0,0,0,0,0,0,0,0,0,0,0,0,0
0,37,0,165,0,25,0,32,0,0,1,26,0,0,0,0,0,124,0,0,0,35,0,73,0,88,0,1,0,0,0,23,0,44,0,34,0,15,0,53,0,0,0,0,0,0,0,0,0,0,0,3,0,13,0,11,0,17,0,0,0,6,0,93,0,0,0,0,0,0,0,0,0,0,0,0,0,0,0,0,0,42,0,0,0,24,0,0,0,1,0,12,0,0,0,9,0,0,0,52,0,0,0,0,0,0,0,0,0,0,0,0,0,0,0,0,0,0,0,0,0,0,0,0,0,0,0,0,0,0,0,0,0,158,0,290,0,309,0,126,0,0,0,102,0,1,0,0,0,4,0,0,0,0,0,0,0,0,0,0,0,4,0,0,0,0,0,0,0,0,0,0,0,0,0,0,0,3,0,27,0,0,0,0,0,0,0,0,0,0,0,0,0,0,0,0,0,0,0,0,0,36,0,0,0,0,0,0,0,0,0,0,0,0,0,0,0,0,5,31,3,0,0,0,0
2,0,84,0,152,5,0,0,0,0,61,0,9,0,283,0,36,0,44,0,155,0,13,0,0,0,34,0,69,0,0,0,2,0,55,0,25,0,13,0,0,0,27,0,0,0,0,0,0,0,33,0,0,0,0,0,0,0,1,0,0,0,42,0,0,0,0,0,0,0,14,0,0,0,0,0,0,0,0,0,61,0,0,0,0,0,0,0,63,0,89,0,0,0,0,0,154,0,131,0,43,0,0,0,0,0,0,0,0,0,0,0,0,0,0,0,0,0,0,0,38,0,16,0,0,0,0,0,0,0,0,0,0,0,0,0,125,0,71,0,73,0,84,0,16,0,0,0,0,0,0,0,0,0,12,0,0,0,0,0,0,0,0,0,0,0,9,0,0,0,0,0,0,0,0,0,5,0,27,0,0,0,3,0,0,0,0,0,0,0,0,0,0,0,0,0,1,0,0,0,0,0,0,0,0,0,0,0,0,0,0,57,14,0,4,0,0,0,0,0,0,0,0,0,0
0,0,0,0,0,68,0,0,0,0,0,17,0,7,9,23,0,39,0,138,0,41,0,17,0,19,0,0,0,23,0,0,0,12,0,25,0,7,0,24,0,0,0,9,0,1,0,0,0,0,0,4,0,0,0,11,0,0,0,0,0,6,0,56,0,0,0,0,0,0,0,0,0,0,0,0,0,0,0,0,0,0,0,0,0,0,0,0,0,0,0,0,0,0,0,0,0,0,0,15,0,0,0,0,0,0,0,0,0,0,0,0,0,0,0,0,0,0,0,0,0,0,0,0,0,0,0,0,0,0,0,0,0,59,0,58,0,87,0,90,0,0,0,75,0,0,0,0,0,0,0,0,0,0,0,5,0,0,0,0,0,1,0,0,0,0,0,0,0,9,0,0,0,4,0,0,0,0,0,0,0,1,0,0,0,0,0,0,0,0,0,0,0,0,0,0,0,0,0,0,0,0,0,0,0,0,0,0,0,0,0,0,0,0,8,0,0,0,54,65,13,1,0,0,0
93,0,336,0,425,0,0,0,0,0,317,0,0,0,271,9,70,0,0,0,97,0,44,0,0,0,15,0,12,0,2,0,0,0,36,0,95,0,8,0,0,0,133,0,0,0,0,0,0,0,68,0,0,0,0,0,0,0,0,0,13,0,33,0,0,0,0,0,0,0,0,0,0,0,0,0,0,0,0,0,0,0,0,0,0,0,0,0,0,0,0,0,0,0,0,0,0,0,0,0,0,0,0,0,0,0,0,0,0,0,0,0,0,0,0,0,0,0,0,0,0,0,2,0,0,0,0,0,0,0,0,0,0,0,0,0,0,0,90,0,0,0,0,0,18,0,0,0,0,0,0,0,0,0,17,0,14,0,0,0,0,0,0,0,3,0,12,0,0,0,0,0,7,0,0,0,40,0,55,0,0,0,52,0,0,0,0,0,0,0,0,0,0,0,0,0,0,0,0,0,0,0,0,0,0,0,0,0,0,0,0,97,4,0,0,0,0,0,0,0,0,0,0,0,0
0,67,0,235,79,379,0,0,0,0,29,289,14,14,69,118,0,85,0,71,23,88,0,46,0,47,0,49,0,44,0,12,0,0,0,170,0,98,0,7,0,0,0,68,0,0,0,0,0,0,0,25,0,12,0,11,0,0,0,0,0,18,0,59,0,11,0,0,0,0,0,0,0,0,0,0,0,0,0,0,0,120,0,0,0,50,0,17,0,0,0,0,0,0,0,0,0,30,0,117,0,0,0,20,0,0,0,0,0,0,0,0,0,0,0,0,0,0,0,0,0,11,0,0,0,0,0,0,0,0,0,0,0,83,0,0,0,134,0,109,0,49,0,134,0,0,0,0,0,0,0,0,0,0,0,0,0,23,0,0,0,0,0,0,0,1,0,42,0,16,0,3,0,22,0,0,0,101,0,274,0,8,0,0,0,16,0,0,0,0,0,0,0,0,0,0,0,0,0,0,0,0,0,0,0,0,0,0,0,0,0,0,0,0,0,0,0,0,95,255,35,0,0,0,0
0,0,0,0,199,0,0,0,0,0,21,0,207,0,180,0,0,0,306,28,211,4,1,0,0,0,115,18,33,0,55,0,36,0,0,0,223,2,10,0,0,0,27,0,8,2,0,0,0,0,63,3,4,0,0,0,0,0,0,0,0,0,0,0,0,0,0,0,0,0,13,0,0,0,7,0,0,0,0,0,30,0,0,0,0,0,25,0,0,0,0,0,0,0,0,0,0,0,114,0,38,0,0,0,0,0,0,0,0,0,0,0,0,0,0,0,0,0,0,0,26,0,0,0,0,0,0,0,0,0,0,0,0,0,0,0,0,0,0,0,0,0,0,0,0,0,0,0,0,0,0,0,0,0,0,0,0,0,0,0,0,0,0,0,18,0,57,0,54,0,0,0,16,0,0,0,15,3,43,0,0,0,0,0,0,0,12,2,0,0,0,0,0,0,0,0,0,0,0,0,0,0,0,0,0,0,0,0,0,0,69,169,71,14,9,0,0,0,0,0,0,0,0,0,0
0,0,0,0,24,188,0,0,1,0,0,15,46,147,13,40,0,22,21,609,0,77,0,14,0,0,0,101,0,34,0,25,0,170,0,0,0,256,0,29,0,0,0,8,0,0,0,0,0,0,0,5,0,0,0,0,0,0,0,0,0,7,0,27,0,0,0,0,0,0,0,1,0,0,0,0,0,0,0,0,0,0,0,0,0,33,0,0,0,0,0,0,0,0,0,0,0,0,0,43,0,0,0,0,0,0,0,0,0,0,0,0,0,0,0,0,0,0,0,0,0,0,0,0,0,0,0,0,0,0,0,0,0,0,0,115,0,174,0,130,0,0,0,146,0,0,0,0,0,0,0,0,0,0,0,0,0,4,0,0,0,0,0,0,1,0,2,21,0,14,0,3,0,22,0,0,0,21,0,0,0,0,0,0,0,0,0,11,0,0,0,0,0,0,0,0,0,0,0,0,0,0,0,0,0,0,0,0,0,0,0,1,0,0,20,0,0,0,115,128,67,0,0,0,0
72,0,97,0,366,28,0,0,0,0,258,15,145,21,192,16,14,0,73,12,37,0,36,0,11,0,82,0,27,0,25,0,95,0,223,0,0,0,21,0,0,0,81,0,55,0,0,0,0,0,33,0,1,0,0,0,0,0,0,0,49,0,20,0,0,0,0,0,0,0,33,0,3,0,27,0,0,0,0,0,72,0,0,0,119,0,56,0,0,0,0,0,0,0,0,0,115,0,203,0,45,0,0,0,0,0,0,0,0,0,0,0,0,0,0,0,0,0,0,0,62,0,13,0,0,0,0,0,0,0,0,0,0,0,0,0,90,0,164,0,95,0,0,0,79,0,0,0,0,0,0,0,0,0,11,0,21,0,10,0,0,0,0,0,12,0,27,0,31,0,16,0,46,1,0,0,32,0,99,0,0,0,52,0,0,0,0,0,0,0,0,0,2,0,0,0,0,0,0,0,0,0,0,0,0,0,0,0,0,0,17,79,24,0,0,0,1,0,4,0,0,0,0,0,0
0,177,0,221,0,280,0,0,0,0,0,173,36,77,0,130,0,0,0,194,10,51,0,33,0,0,0,30,0,15,0,7,0,98,2,256,0,0,0,49,0,0,0,50,0,0,0,0,0,0,0,99,0,4,0,9,0,0,0,0,0,36,0,53,0,0,0,0,0,0,0,0,0,0,0,0,0,0,0,0,0,0,0,0,0,0,0,0,0,0,0,0,0,0,0,0,0,0,0,0,0,0,0,0,0,0,0,0,0,0,0,0,0,0,0,0,0,0,0,0,0,0,0,0,0,0,0,0,0,12,0,0,0,140,0,84,0,164,0,240,0,154,0,174,0,66,0,0,0,0,0,3,0,0,0,0,0,31,0,0,0,0,0,0,0,4,0,63,0,70,0,13,0,82,0,0,5,43,0,145,0,0,0,0,0,13,1,0,0,0,0,0,0,0,0,0,0,0,0,0,0,0,0,0,0,0,0,0,0,0,0,0,0,0,8,0,0,0,21,284,38,7,0,0,0
285,2,668,0,94,0,39,0,0,0,30,0,0,0,3,0,399,1,0,0,18,0,145,0,178,4,0,0,2,0,13,0,8,0,10,0,21,0,0,0,0,0,9,0,1,0,0,0,0,0,0,0,7,0,0,0,0,0,0,0,12,0,49,0,0,0,0,0,0,0,0,0,0,0,7,0,0,0,0,0,0,0,0,0,0,0,17,0,0,0,0,0,0,0,0,0,73,0,53,0,19,0,0,0,0,0,0,0,0,0,0,0,0,0,0,0,0,0,0,0,0,0,0,0,0,0,0,0,20,0,0,0,0,0,0,0,87,0,140,0,52,0,55,0,25,0,0,0,2,0,0,0,0,0,27,0,33,0,23,0,0,0,0,0,0,0,6,0,0,0,0,0,83,0,0,0,11,0,0,0,0,0,132,0,2,0,0,0,0,0,0,0,0,0,0,0,0,0,0,0,0,0,0,0,0,0,0,0,0,0,15,98,19,7,0,0,0,0,0,0,0,0,0,0,0
0,335,0,703,0,76,0,0,0,0,0,76,0,0,0,30,0,134,0,0,1,7,6,87,8,110,0,0,0,53,0,24,0,7,0,29,0,49,0,0,0,0,0,0,0,0,0,0,0,0,0,0,0,16,0,27,0,8,0,3,0,19,0,77,0,0,0,0,0,0,0,0,0,0,0,0,0,0,0,0,0,0,0,0,0,0,0,0,0,0,0,0,0,0,0,0,0,10,0,24,0,0,0,0,0,0,0,0,0,0,0,0,0,0,0,0,0,0,0,0,0,0,0,0,0,0,0,0,0,0,0,0,0,143,0,0,0,132,0,199,0,40,0,59,0,15,0,5,0,11,0,7,0,0,0,15,0,7,0,0,0,0,0,0,0,0,0,7,0,0,0,4,0,0,0,0,0,0,0,52,0,0,0,0,0,0,0,0,0,0,0,0,0,0,0,0,0,0,0,0,0,0,0,0,0,0,0,0,0,0,0,0,0,0,0,0,0,0,12,132,0,4,1,0,0
14,0,22,0,84,0,0,0,0,0,38,5,286,155,0,0,0,0,10,16,0,4,2,0,0,0,35,311,0,0,0,0,0,0,0,0,0,0,0,0,0,284,81,38,24,133,122,487,132,23,61,28,0,0,0,0,0,0,0,0,0,0,0,0,0,0,0,0,0,0,0,0,0,0,0,0,0,0,0,0,0,0,0,0,0,0,0,0,0,0,0,0,0,0,0,0,0,0,0,0,0,0,0,0,0,0,0,0,0,0,0,0,0,0,0,0,0,0,0,0,0,0,0,0,0,0,0,0,0,0,0,0,0,0,0,0,0,0,0,0,0,0,0,0,0,0,0,0,0,0,0,0,0,0,0,0,0,0,0,0,0,0,0,0,25,0,0,0,0,0,0,0,0,0,0,0,58,28,28,0,0,0,0,0,0,0,151,21,0,0,0,0,0,0,0,0,0,0,0,0,0,0,0,0,0,0,0,0,0,0,0,113,43,0,0,0,0,12,0,40,12,0,0,0,1
0,34,0,0,0,50,0,0,0,0,0,198,60,342,0,0,0,0,16,44,6,0,0,0,0,0,140,54,0,0,0,0,0,0,0,0,0,0,0,0,284,0,31,16,80,27,372,129,41,104,12,11,0,0,0,0,0,0,0,0,0,0,0,0,0,0,0,0,0,0,0,0,0,0,0,0,0,0,0,0,0,0,0,0,0,0,0,0,0,0,0,0,0,0,0,3,0,0,0,0,0,0,0,0,0,0,0,0,0,0,0,0,0,0,0,0,0,0,0,0,0,0,0,0,0,0,0,0,0,0,0,0,0,0,0,0,0,0,0,0,0,0,0,0,0,0,0,0,0,0,0,0,0,0,0,0,0,0,0,0,0,0,0,0,0,19,0,0,0,0,0,0,0,0,0,0,0,114,3,9,0,18,0,2,0,0,86,36,0,0,0,0,0,0,0,0,0,0,0,0,0,0,0,0,0,0,0,0,0,0,0,0,0,0,0,0,0,0,0,106,39,0,0,0,20
0,0,0,0,3,0,0,0,0,0,0,0,99,41,0,0,0,0,16,0,10,0,0,0,0,0,231,114,42,0,27,0,133,0,27,0,81,0,9,0,81,31,0,11,153,20,87,79,19,0,26,0,0,0,0,0,0,0,0,0,19,0,16,0,1,0,0,0,2,0,22,0,0,0,21,0,0,0,0,0,55,0,0,0,0,0,50,0,0,0,0,0,0,0,48,0,0,0,136,0,0,0,0,0,0,0,0,0,0,0,0,0,0,0,0,0,0,0,0,0,49,0,0,0,0,0,0,0,0,0,0,0,0,0,0,0,116,0,0,0,100,0,0,0,33,0,0,0,0,0,0,0,0,0,0,0,0,0,0,0,0,0,9,0,53,0,22,0,18,0,0,0,27,0,0,0,8,1,0,0,2,0,0,0,0,0,171,0,0,0,0,0,0,0,2,0,0,0,0,0,0,0,0,0,0,0,0,0,0,0,29,65,55,0,8,0,0,0,0,5,0,0,0,0,0
0,0,0,0,0,13,0,0,0,0,0,0,64,150,0,3,0,0,19,147,0,72,0,16,0,0,71,420,0,0,0,9,0,68,0,8,0,50,0,0,38,16,11,0,10,139,29,102,0,43,19,148,0,0,0,0,0,0,0,0,0,0,0,18,0,0,0,0,0,0,0,2,0,0,0,0,0,0,0,0,0,163,0,0,0,66,0,0,0,7,0,0,0,0,0,0,0,0,0,119,0,0,0,0,0,0,0,0,0,0,0,0,0,0,0,0,0,0,0,0,0,0,0,0,0,0,0,0,0,0,0,0,0,89,0,0,0,173,0,149,0,87,0,292,0,34,0,0,0,0,0,0,0,0,0,0,0,3,0,0,0,0,0,0,0,63,0,22,0,62,0,7,0,37,0,0,0,7,0,0,0,0,0,0,0,0,8,13,0,0,0,0,0,0,0,0,0,0,0,0,0,0,0,0,0,0,0,0,0,0,0,0,0,0,17,0,0,0,54,150,113,18,0,0,0
0,0,7,0,13,0,0,0,0,0,7,0,30,14,8,0,26,0,0,9,15,0,54,0,17,0,160,47,0,0,0,0,0,0,8,0,55,0,1,0,24,80,153,10,0,33,223,145,182,23,34,3,0,0,0,0,0,0,0,0,0,0,17,0,0,0,0,0,0,0,30,0,0,0,24,0,0,0,16,0,93,0,0,0,125,0,0,0,0,0,0,0,0,0,0,0,189,0,265,0,87,0,0,0,0,0,0,0,0,0,0,0,0,0,0,0,0,0,0,0,83,0,16,0,0,0,0,0,0,0,0,0,0,0,0,0,121,0,0,0,50,0,128,0,42,0,0,0,0,0,0,0,0,0,0,0,0,0,0,0,0,0,0,0,214,0,20,0,32,0,0,0,34,0,0,0,15,8,4,0,0,0,3,0,0,0,32,0,0,0,0,0,0,0,10,0,0,0,0,0,88,0,0,0,0,0,0,0,19,0,33,126,253,10,9,0,0,77,0,9,0,0,0,0,0
0,10,0,0,0,0,0,0,0,0,0,14,42,14,0,0,0,0,12,46,4,44,0,0,0,0,0,221,0,0,0,1,0,0,2,0,0,0,0,0,133,27,20,139,33,0,142,177,46,103,13,120,0,0,0,0,0,0,0,0,0,0,0,0,0,0,0,0,0,20,0,5,0,0,0,0,0,5,0,0,0,0,0,32,0,22,0,0,0,11,0,0,0,23,0,55,0,0,0,0,0,12,0,0,0,0,0,0,0,0,0,0,0,0,0,0,0,0,0,0,0,0,0,0,0,0,0,0,0,0,0,0,0,0,0,0,0,0,0,0,0,0,0,62,0,0,0,0,0,0,0,0,0,0,0,0,0,0,0,0,0,0,0,0,0,263,0,4,0,83,0,8,0,8,0,0,1,18,0,0,0,0,0,2,0,0,13,9,0,0,0,0,0,5,0,0,0,0,0,4,0,0,0,0,0,0,0,0,0,0,0,3,0,0,7,0,0,0,41,537,444,6,0,0,47
11,0,26,0,133,0,0,0,9,0,36,0,307,63,19,9,0,0,37,26,0,0,25,0,6,0,75,186,0,0,0,0,0,0,0,0,0,0,0,0,122,372,87,29,223,142,0,529,179,119,34,14,1,0,0,0,0,0,0,0,0,0,0,0,0,0,0,0,0,0,0,0,0,0,0,0,0,0,0,0,0,0,0,0,0,0,0,0,0,0,0,0,0,0,0,0,0,0,0,0,0,0,0,0,0,0,0,0,0,0,0,0,0,0,0,0,0,0,0,0,0,0,0,0,0,0,0,0,0,0,0,0,0,0,0,0,0,0,0,0,0,0,0,0,0,0,0,0,0,0,29,0,0,0,0,0,0,0,0,0,0,0,0,0,69,0,0,0,0,0,0,0,0,0,0,0,28,31,18,0,0,0,9,0,16,0,95,14,0,0,0,0,0,0,0,0,0,0,0,0,0,0,0,0,0,0,0,0,0,0,0,319,156,0,7,0,1,90,0,46,14,0,0,0,0
0,94,0,0,0,92,0,0,0,8,0,152,84,96,0,0,0,0,37,154,0,11,0,0,0,0,179,145,0,0,0,0,0,0,0,0,0,0,0,0,487,129,79,102,145,177,529,0,104,61,39,76,0,0,0,0,0,0,0,0,0,0,0,0,0,0,0,2,0,3,0,0,0,0,0,0,0,0,0,0,0,0,0,0,0,0,0,0,0,2,0,0,0,0,0,0,0,0,0,0,0,0,0,0,0,0,0,0,0,0,0,0,0,0,0,0,0,0,0,0,0,0,0,0,0,0,0,0,0,0,0,0,0,1,0,0,0,0,0,0,0,0,0,0,0,0,0,0,0,21,0,0,0,0,0,0,0,0,0,0,0,0,0,0,0,0,0,0,0,0,0,0,0,0,0,3,0,84,0,9,0,0,0,8,0,0,105,16,0,0,0,0,0,0,0,0,0,0,0,0,0,0,0,0,0,0,0,0,0,0,0,0,6,0,0,0,0,0,0,592,130,0,0,0,19
0,0,6,0,0,0,15,0,4,0,5,0,5,0,4,0,0,0,0,0,0,0,0,0,6,0,7,8,0,0,0,0,0,0,0,0,0,0,0,0,132,41,19,0,182,46,179,104,0,219,8,0,0,0,10,0,13,0,0,0,0,0,0,0,1,0,0,0,9,0,0,0,0,1,0,0,2,0,1,0,1,5,17,0,3,0,5,0,35,0,0,0,14,0,46,0,5,0,0,0,14,0,29,0,20,0,40,0,0,0,0,0,0,0,0,0,0,0,0,0,4,0,0,0,0,0,0,1,0,0,7,0,3,3,0,0,4,0,0,0,0,0,0,0,0,0,0,0,0,4,3,0,4,3,4,0,1,0,0,0,14,0,0,0,15,0,1,0,5,0,0,0,0,0,0,0,42,37,7,0,9,8,0,0,0,0,219,2,73,0,17,0,22,0,36,0,10,0,0,0,11,0,11,0,17,0,0,0,0,0,20,50,106,1,22,30,1,18,0,29,12,17,0,0,5
0,9,0,0,0,0,0,1,0,0,0,22,0,13,0,1,0,0,0,12,0,3,0,0,0,0,3,30,0,0,0,0,0,0,0,0,0,0,0,0,23,104,0,43,23,103,119,61,219,0,0,11,0,0,0,0,0,1,0,0,0,0,0,0,0,0,0,0,0,0,0,0,0,0,0,0,0,0,0,0,0,0,0,0,0,0,0,0,0,1,0,0,0,1,0,2,0,0,0,0,0,0,0,0,0,0,0,0,0,0,0,0,0,0,0,0,0,0,0,0,0,0,0,0,0,0,0,0,0,0,0,0,0,0,0,0,0,0,0,0,0,0,0,0,0,0,0,0,0,0,0,2,0,7,0,0,0,0,0,0,0,0,0,0,0,31,0,0,0,0,0,0,0,0,0,9,0,122,0,9,0,15,0,4,0,6,43,33,0,0,0,1,0,0,0,0,0,0,0,0,0,0,0,0,0,0,0,0,0,0,0,14,0,0,0,0,0,3,0,37,29,0,0,0,35
0,0,0,0,47,16,0,0,0,0,10,0,562,91,27,0,0,0,328,48,79,3,28,0,0,0,481,126,8,0,33,0,68,0,63,0,33,0,0,0,61,12,26,19,34,13,34,39,8,0,0,0,0,0,11,0,12,0,0,0,1,0,0,0,4,0,1,0,4,0,36,0,0,0,16,0,0,0,0,0,0,0,33,0,0,0,41,0,26,0,0,0,26,0,0,0,54,0,110,0,33,0,8,0,0,0,0,0,0,0,0,0,0,0,0,0,0,0,0,0,39,0,0,0,5,0,0,0,0,0,0,0,0,0,0,0,0,0,0,0,0,0,0,0,14,0,0,0,0,0,0,0,0,0,0,0,0,0,0,1,0,0,19,0,106,1,23,0,100,0,17,0,51,0,0,0,11,7,21,0,0,0,2,0,4,0,121,2,25,0,0,0,0,0,0,0,0,0,0,0,0,0,0,0,0,0,0,0,0,0,78,123,143,19,35,5,2,0,9,0,0,0,0,0,0
0,0,0,0,5,82,0,0,0,0,0,0,78,345,0,1,0,0,28,358,5,60,0,0,0,0,48,612,0,3,0,4,0,25,3,5,0,99,0,0,28,11,0,148,3,120,14,76,0,11,0,0,0,0,0,0,0,0,0,0,0,4,0,0,0,0,0,1,0,0,0,0,0,5,0,8,0,11,0,0,0,184,0,0,0,76,0,44,0,0,0,0,0,0,0,48,0,0,0,113,0,28,0,13,0,0,0,0,0,0,0,0,0,0,0,0,0,0,0,0,0,0,0,0,0,0,0,0,0,0,0,0,0,61,0,0,0,111,0,53,0,65,0,217,0,0,0,0,0,0,0,0,0,0,0,0,0,0,0,0,0,0,0,12,0,29,0,35,0,105,0,18,0,61,0,0,7,54,0,0,0,0,0,0,0,0,10,20,0,0,0,6,0,0,0,32,0,0,0,6,0,21,0,0,0,25,0,0,0,0,0,0,0,0,29,0,0,0,40,76,87,11,2,0,0
0,22,0,1,0,0,56,47,29,91,0,0,0,0,0,0,107,0,12,0,21,0,6,1,69,15,10,0,15,0,0,0,0,0,4,0,1,0,7,0,0,0,0,0,0,0,1,0,0,0,0,0,0,9,177,50,171,6,41,14,64,1,116,11,1,0,2,9,0,0,0,0,0,0,0,0,0,0,0,0,0,0,0,0,0,0,0,0,0,0,0,0,0,0,0,0,0,0,0,0,2,0,0,0,0,0,9,0,0,0,0,0,0,0,0,0,0,0,0,0,0,0,0,0,0,0,0,0,136,0,24,0,22,0,17,0,208,0,198,0,0,0,43,0,7,0,0,0,1,0,0,0,0,0,318,0,70,0,140,0,44,0,0,0,4,0,0,0,14,0,83,0,0,0,0,0,0,0,0,0,0,0,11,0,0,0,0,0,0,0,0,0,0,0,0,0,0,0,0,0,21,0,0,0,1,0,0,0,0,0,13,82,147,31,47,0,14,0,0,0,0,0,0,0,0
20,22,0,0,0,0,111,105,144,39,0,0,0,0,0,0,0,46,0,0,0,0,0,4,63,46,0,0,0,13,0,0,0,12,0,0,0,4,0,16,0,0,0,0,0,0,0,0,0,0,0,0,9,0,83,95,7,89,24,27,0,55,6,84,0,0,0,0,0,0,0,0,0,0,0,0,0,0,0,0,0,0,0,0,0,0,0,0,0,0,0,0,0,0,0,0,0,0,0,0,0,0,0,0,0,0,0,0,0,0,0,0,0,0,0,0,0,0,0,0,0,0,0,0,0,67,0,0,2,91,0,22,0,207,0,74,0,200,0,396,0,33,0,47,0,35,0,0,0,0,0,0,0,0,0,307,0,129,0,171,0,28,0,0,0,0,0,0,0,0,0,3,0,0,0,0,3,23,0,1,0,0,0,0,0,0,0,0,0,0,0,0,0,0,0,0,0,0,0,1,0,0,0,0,0,0,0,0,0,0,0,0,0,0,22,0,0,0,10,96,13,28,0,0,0
19,68,143,0,0,0,301,71,66,412,0,0,0,0,81,0,56,0,0,0,32,0,475,0,530,40,0,0,7,0,0,0,0,0,0,0,0,0,0,0,0,0,0,0,0,0,0,0,10,0,11,0,177,83,0,129,95,8,11,9,40,0,89,49,11,0,4,18,0,0,0,0,0,0,0,0,0,0,0,0,0,0,0,0,0,0,0,0,0,0,0,0,0,0,0,0,0,0,0,1,0,0,0,0,0,0,0,0,0,0,0,0,0,0,0,0,0,0,0,0,0,0,0,0,47,0,138,0,36,0,205,0,0,0,143,0,55,0,2,0,0,0,48,0,0,0,40,0,16,0,84,0,0,0,54,0,27,0,0,0,43,0,0,0,15,0,19,0,50,0,253,0,0,0,0,0,0,0,0,0,0,0,0,0,0,0,0,0,0,0,0,0,0,0,0,0,0,0,0,0,32,0,0,0,0,0,0,0,125,0,376,123,629,278,378,77,129,0,0,0,1,0,0,0,0
0,5,0,69,0,0,133,353,455,14,0,0,0,0,0,52,0,39,0,0,0,0,0,75,0,531,0,0,0,11,0,11,0,11,0,0,0,9,0,27,0,0,0,0,0,0,0,0,0,0,0,0,50,95,129,0,12,246,93,130,0,21,7,84,0,11,28,4,0,0,0,0,0,0,0,0,0,2,0,0,0,3,0,0,0,2,0,2,0,0,0,0,0,0,0,1,0,1,0,2,0,0,0,0,0,0,0,0,0,0,0,0,0,0,0,0,0,0,0,0,0,0,0,0,0,150,0,24,0,14,0,108,0,14,0,46,0,27,0,10,0,1,0,0,0,4,0,4,0,15,0,16,0,1,2,47,0,26,0,16,0,51,0,0,0,0,0,2,0,18,0,66,0,0,0,0,0,2,0,0,0,0,0,0,9,0,0,0,0,0,0,0,0,0,0,0,0,0,0,0,0,13,0,0,0,0,0,9,0,89,0,0,0,0,434,0,0,0,311,157,302,277,41,0,0
0,0,15,0,0,0,53,0,10,33,0,0,0,0,0,0,8,0,0,0,8,0,0,0,22,0,0,0,2,0,0,0,0,0,0,0,0,0,0,0,0,0,0,0,0,0,0,0,13,0,12,0,171,7,95,12,0,7,169,63,10,0,28,0,26,72,12,105,0,0,0,0,0,0,0,0,0,0,0,0,0,0,0,0,0,3,0,0,0,0,0,0,0,0,0,0,0,0,0,0,0,0,0,0,0,0,0,0,0,0,0,0,0,0,0,0,0,0,0,0,0,0,0,0,13,0,38,0,47,0,110,0,0,0,0,0,21,0,7,12,0,0,13,0,8,0,8,0,2,0,0,0,0,0,158,43,35,0,26,15,55,0,45,0,0,0,20,0,35,0,137,0,23,0,0,1,3,0,0,0,0,2,3,0,0,0,0,0,0,0,0,0,0,0,0,0,0,0,0,0,0,0,0,0,0,0,0,0,19,0,441,159,913,434,888,163,115,8,0,0,0,0,0,0,0
1,8,0,0,0,0,0,67,71,5,0,0,0,0,0,0,0,92,0,0,0,0,0,59,0,177,0,0,0,17,0,0,0,0,0,0,0,0,0,8,0,0,0,0,0,0,0,0,0,1,0,0,6,89,8,246,7,0,95,326,0,0,0,51,0,4,48,12,0,0,0,0,0,0,0,0,0,0,0,0,0,0,0,0,0,0,0,0,0,0,0,0,0,0,0,0,0,0,0,0,0,0,0,0,0,0,0,0,0,0,0,0,0,0,0,0,0,0,0,0,0,0,0,0,0,102,0,6,0,39,0,80,0,12,0,16,0,8,0,9,0,0,0,0,0,0,0,0,0,0,0,0,0,0,2,251,0,9,0,72,0,77,0,15,0,5,0,9,0,101,0,194,0,15,0,0,0,0,0,0,0,0,0,0,0,0,0,0,0,0,0,0,0,0,0,0,0,0,0,0,0,0,0,0,0,0,0,4,0,21,0,0,2,0,669,0,0,0,353,69,731,558,81,0,0
26,0,15,0,0,0,106,0,323,235,0,0,0,0,0,0,0,0,0,0,6,0,13,0,12,0,0,0,0,0,1,0,0,0,0,0,0,0,0,0,0,0,0,0,0,0,0,0,0,0,0,0,41,24,11,93,169,95,0,407,13,0,14,0,42,83,374,481,0,0,0,0,0,0,0,0,1,0,0,0,0,0,0,0,0,4,0,0,0,0,0,0,0,0,0,0,0,0,0,6,0,3,0,0,0,0,0,0,0,0,0,0,0,0,0,0,0,0,0,0,0,0,0,0,0,0,0,0,4,0,23,0,0,0,0,0,0,0,2,11,0,0,0,1,0,0,0,0,6,0,0,0,0,0,42,88,71,0,4,33,10,9,0,0,4,0,10,0,10,0,0,0,0,0,0,0,17,0,1,0,3,0,2,0,68,27,0,0,0,0,0,0,0,0,0,0,0,0,0,0,0,1,0,0,0,0,0,0,0,0,1048,810,584,589,1574,238,183,6,5,0,0,0,0,0,0
0,20,0,15,0,0,0,82,239,371,0,0,0,0,0,0,0,0,0,0,0,0,0,0,0,39,0,0,0,0,0,0,0,0,0,0,0,0,0,3,0,0,0,0,0,0,0,0,0,0,0,0,14,27,9,130,63,326,407,0,0,1,0,6,73,93,385,317,0,0,0,3,0,0,0,0,0,0,0,0,0,5,0,0,0,1,0,0,0,0,0,0,0,0,0,0,0,0,0,4,0,0,0,0,0,0,0,0,0,0,0,0,0,0,0,0,0,0,0,0,0,1,0,0,0,8,0,0,0,0,0,27,0,0,0,0,0,0,24,8,0,0,0,1,9,16,0,0,0,0,0,0,0,0,112,29,6,0,20,32,34,54,0,19,0,2,0,0,0,42,0,53,0,5,0,1,10,0,0,0,0,0,0,0,86,32,0,0,0,0,0,0,0,0,0,0,0,0,0,0,0,0,0,0,0,0,0,0,0,7,1,0,0,0,1722,0,0,0,1569,588,620,743,160,0,2
111,0,85,0,0,0,352,0,103,0,1,0,0,0,0,0,41,0,9,0,0,0,8,0,213,11,10,0,0,0,0,0,13,0,0,0,49,0,12,0,0,0,19,0,0,0,0,0,0,0,1,0,64,0,40,0,10,0,13,0,0,0,67,0,0,0,0,0,0,0,0,0,0,0,3,0,0,0,0,0,0,0,0,0,0,0,0,0,0,0,0,0,0,0,0,0,0,0,0,0,0,0,0,0,0,0,0,0,0,0,0,0,0,0,0,0,0,0,0,0,0,0,4,0,0,0,0,0,0,0,0,0,0,0,0,0,77,0,445,0,115,0,0,0,89,0,0,0,0,0,0,0,0,0,70,0,145,0,46,0,5,0,13,0,4,0,0,0,9,0,87,0,55,0,0,0,0,0,0,0,0,0,48,0,1,0,0,0,0,0,0,0,0,0,0,0,0,0,0,0,0,0,0,0,0,0,0,0,0,0,88,292,12,0,28,0,0,0,0,0,0,0,0,0,0
0,324,0,148,0,0,0,118,0,11,0,27,0,0,0,24,0,13,0,0,0,5,0,32,41,137,0,5,0,6,0,6,0,18,0,7,0,36,0,19,0,0,0,0,0,0,0,0,0,0,0,4,1,55,0,21,0,0,0,1,0,0,6,87,0,0,0,0,0,0,0,0,0,0,0,0,0,0,0,0,0,0,0,0,0,0,0,0,0,0,0,0,0,0,0,0,0,0,0,0,0,0,0,0,0,0,0,0,0,0,0,0,0,0,0,0,0,0,0,0,0,0,0,0,0,0,0,0,0,0,0,2,0,125,0,0,0,0,0,274,0,147,0,34,0,215,0,0,0,0,0,0,0,0,0,17,0,90,0,34,0,0,0,2,0,1,0,0,0,25,0,115,1,108,0,0,2,15,0,9,0,0,0,1,0,0,0,0,0,0,0,0,0,0,0,0,0,0,0,0,0,0,0,0,0,0,0,0,0,0,0,0,0,0,0,0,0,0,0,432,54,4,0,0,0
37,60,43,1,2,0,186,36,32,14,0,0,0,0,0,0,634,6,0,0,97,0,36,0,325,46,33,0,53,0,42,0,33,0,0,0,20,0,49,0,0,0,16,0,17,0,0,0,0,0,0,0,116,6,89,7,28,0,14,0,67,6,0,18,0,0,0,0,0,0,0,0,0,0,3,0,0,0,0,0,0,0,0,0,0,0,0,0,21,0,0,0,0,0,0,0,0,0,0,0,0,0,0,0,0,0,0,0,0,0,0,0,0,0,0,0,0,0,0,0,0,0,0,0,0,0,0,0,98,0,0,0,0,0,0,0,281,0,249,0,36,0,112,0,13,0,0,0,0,0,0,0,0,0,141,0,28,0,67,0,12,0,0,0,0,0,0,0,0,0,0,0,0,0,0,0,0,0,0,0,0,0,42,0,0,0,0,0,0,0,0,0,0,0,0,0,0,0,0,0,0,0,0,0,0,0,0,0,0,0,10,128,21,0,6,2,0,0,0,0,0,0,0,0,0
92,157,0,59,0,0,125,354,118,20,0,0,0,0,0,7,10,542,0,0,0,94,5,110,170,499,0,0,0,93,0,56,0,59,0,27,0,53,0,77,0,0,0,18,0,0,0,0,0,0,0,0,11,84,49,84,0,51,0,6,0,87,18,0,0,0,0,0,0,0,0,0,0,0,0,0,0,0,0,0,0,0,0,0,0,6,0,0,0,0,0,0,0,0,0,0,0,0,0,0,0,0,0,0,0,0,0,0,0,0,0,0,0,0,0,0,0,0,0,0,0,2,0,0,0,0,0,0,0,59,0,18,0,129,0,80,0,167,0,285,0,29,0,0,0,0,0,0,0,0,0,0,0,0,2,91,0,50,0,74,0,12,0,0,0,0,0,0,0,0,0,6,0,0,0,0,12,34,0,1,0,0,0,4,0,0,0,0,0,0,0,0,0,0,0,0,0,0,0,0,0,0,0,0,0,0,0,9,0,17,0,0,0,0,9,0,0,0,9,518,9,0,0,0,0
98,0,19,0,23,0,57,0,490,0,0,0,0,0,6,0,0,0,5,0,0,0,0,0,0,0,0,0,0,0,0,0,0,0,0,0,0,0,0,0,0,0,1,0,0,0,0,0,1,0,4,0,1,0,11,0,26,0,42,73,0,0,0,0,0,179,57,63,0,0,23,0,13,0,21,3,0,0,0,0,0,0,0,0,0,1,0,0,0,0,0,5,1,0,0,0,0,4,0,11,3,0,0,0,0,0,0,0,0,0,0,0,0,0,0,0,0,0,0,0,0,2,0,0,14,17,0,0,0,0,44,0,0,0,0,0,0,0,43,76,6,34,0,0,86,4,23,0,105,69,29,4,6,0,2,33,0,0,4,117,212,259,0,0,0,0,2,0,7,0,0,0,4,0,22,7,21,0,0,0,120,63,5,0,281,5,0,0,0,0,0,0,0,0,0,0,0,0,0,0,0,0,0,0,0,0,0,0,1,0,80,9,26,0,53,0,0,0,7,0,0,0,0,0,0
7,87,0,41,0,54,0,75,0,336,0,17,0,0,0,11,0,1,0,42,0,7,0,2,0,0,0,27,0,0,0,0,0,11,0,0,0,0,0,0,0,0,0,0,0,0,0,0,0,0,0,0,0,0,0,11,72,4,83,93,0,0,0,0,179,0,49,222,0,0,0,44,0,11,6,52,0,0,0,0,0,41,0,0,0,3,0,25,0,0,0,0,0,0,0,0,0,0,0,15,0,6,0,0,0,0,0,0,0,0,0,0,0,0,0,0,0,0,0,0,0,0,0,3,0,47,0,0,0,0,58,86,0,0,0,0,0,0,99,49,0,40,0,6,38,47,0,57,38,341,0,16,0,25,22,3,0,0,37,6,219,331,0,13,0,0,0,0,0,9,0,0,0,0,6,73,0,7,0,0,43,146,0,0,56,100,0,0,0,0,0,0,0,0,0,0,0,0,0,0,0,0,0,0,0,0,0,0,0,0,0,0,0,0,76,0,0,0,101,39,33,0,7,0,0
24,0,3,0,0,0,16,0,372,49,5,0,0,0,0,0,0,0,0,0,0,0,0,0,0,0,0,0,0,0,0,0,0,0,0,0,0,0,0,0,0,0,0,0,0,0,0,0,0,0,1,0,2,0,4,28,12,48,374,385,0,0,0,0,57,49,0,269,0,0,0,1,0,0,0,0,0,0,0,0,0,3,0,0,0,0,0,0,0,0,0,0,0,0,0,0,0,0,0,0,0,0,0,0,0,0,0,0,0,0,0,0,0,0,0,0,0,0,0,0,0,1,0,0,0,0,0,0,0,0,0,0,0,0,0,0,0,0,11,13,0,0,0,0,7,0,0,0,0,0,0,0,0,0,6,30,6,0,2,18,16,27,2,0,0,0,2,0,0,0,0,0,0,0,0,5,45,0,0,0,0,0,0,0,325,16,0,0,0,0,0,0,0,0,0,0,0,0,0,0,0,0,0,0,0,0,0,0,0,0,24,28,12,0,43,0,0,0,0,0,0,0,0,0,0
3,27,0,0,0,0,0,160,138,288,0,1,0,0,0,0,0,0,0,0,0,0,0,1,0,0,0,0,0,0,0,0,0,0,0,0,0,0,0,0,0,0,0,0,0,0,0,2,0,0,0,1,9,0,18,4,105,12,481,317,0,0,0,0,63,222,269,0,0,0,0,0,0,0,0,0,0,0,0,0,0,7,0,0,0,2,0,1,0,1,0,0,0,1,0,0,0,0,0,2,0,0,0,0,0,0,0,0,0,0,0,0,0,0,0,0,0,0,0,0,0,0,0,0,0,15,0,0,0,0,0,20,0,0,0,0,0,0,21,6,0,0,0,0,5,10,0,8,0,19,0,0,0,0,71,2,2,1,21,12,42,34,0,4,0,0,0,0,0,2,0,0,0,0,0,18,12,5,0,0,6,8,0,0,93,418,0,0,0,0,0,0,0,0,0,0,0,0,0,0,0,1,0,0,0,0,0,1,0,0,0,0,0,0,77,0,0,0,125,164,29,0,8,0,0
0,0,0,0,0,0,0,0,1,0,0,0,0,0,0,0,0,0,0,0,0,0,0,0,0,0,4,0,0,0,0,0,0,0,0,0,0,0,0,0,0,0,2,0,0,0,0,0,9,0,4,0,0,0,0,0,0,0,0,0,0,0,0,0,0,0,0,0,0,0,0,0,7,0,0,0,67,0,17,0,0,0,19,0,0,0,8,0,16,0,0,0,53,0,16,0,4,0,5,0,16,0,126,0,0,0,35,0,58,0,1,0,14,0,2,0,4,0,1,0,0,0,0,0,4,0,0,0,0,0,0,0,0,0,0,0,0,0,0,0,0,0,0,0,0,0,0,0,0,0,0,0,0,0,0,0,0,0,0,0,0,0,0,0,42,0,0,0,103,0,0,0,0,0,0,0,0,0,0,0,0,0,0,0,0,0,0,0,0,0,0,0,0,0,11,0,0,0,3,0,0,0,0,0,0,0,0,0,0,0,77,6,76,0,2,206,103,4,0,0,0,0,0,0,0
0,1,0,0,0,0,0,0,0,0,0,0,0,0,0,0,0,0,0,0,0,0,0,0,0,0,0,0,0,0,0,0,0,0,0,0,0,0,0,0,0,0,0,0,0,20,0,3,0,0,0,0,0,0,0,0,0,0,0,0,0,0,0,0,0,0,0,0,0,0,0,0,0,3,0,0,0,54,0,0,0,0,0,52,0,0,0,3,0,18,0,0,0,25,0,14,0,0,0,0,0,0,0,87,0,0,4,0,0,15,0,0,0,8,0,2,0,0,0,0,0,0,0,0,0,0,0,4,0,0,0,0,0,0,0,0,0,0,0,0,0,0,0,0,0,0,0,0,0,0,0,1,0,0,0,0,0,0,0,0,0,1,0,0,0,60,0,0,0,39,0,2,0,0,0,0,0,0,0,0,0,0,0,0,0,0,0,0,0,0,0,0,0,0,0,9,0,4,0,0,0,3,0,0,0,8,0,0,0,0,0,0,1,0,3,0,0,0,40,11,41,0,21,1,0
0,0,0,0,0,0,0,0,0,0,0,0,0,0,0,0,0,0,0,0,39,0,0,0,0,0,0,0,0,0,14,0,0,0,13,0,33,0,0,0,0,0,22,0,30,0,0,0,0,0,36,0,0,0,0,0,0,0,0,0,0,0,0,0,23,0,0,0,0,0,0,0,170,0,155,0,11,0,151,0,19,0,0,0,8,0,28,1,0,0,0,0,0,0,0,4,0,0,0,0,2,0,0,0,0,0,0,0,0,0,0,0,0,0,0,0,0,0,0,0,27,0,14,0,51,17,0,0,0,0,78,0,0,0,43,0,81,0,15,20,94,9,88,0,83,0,0,0,58,0,41,0,7,0,0,0,12,0,0,0,24,30,40,0,0,0,33,0,21,0,18,0,58,0,18,0,0,0,0,0,73,22,0,0,6,0,0,0,0,0,0,0,0,0,0,0,0,0,0,0,0,0,0,0,0,0,0,0,66,0,14,0,9,0,0,0,0,0,0,0,0,0,0,0,0
0,0,0,0,0,0,0,0,0,0,0,0,0,0,0,0,0,0,0,0,0,0,0,0,0,0,0,0,0,0,0,0,0,0,0,1,0,0,0,0,0,0,0,2,0,5,0,0,0,0,0,0,0,0,0,0,0,0,0,3,0,0,0,0,0,44,1,0,0,0,0,0,0,79,0,74,0,11,0,0,0,6,0,0,0,0,0,10,0,0,0,0,0,0,0,1,0,0,0,0,0,0,0,0,0,0,0,0,0,0,0,0,0,0,0,0,0,0,0,0,0,5,0,8,0,51,0,0,1,10,6,32,2,61,0,0,0,54,0,79,0,112,0,56,0,92,0,0,0,59,0,0,0,0,0,0,0,0,0,0,0,18,0,30,0,0,0,4,0,6,0,37,0,15,0,10,0,0,0,0,0,40,0,0,0,14,0,0,0,0,0,0,0,0,0,0,0,0,0,0,0,0,0,0,0,0,0,0,0,28,0,0,0,0,4,0,0,0,74,3,5,0,0,0,0
0,0,0,0,0,0,0,0,0,0,0,1,0,0,0,0,0,0,0,0,0,0,0,0,0,0,0,0,1,0,0,0,0,0,0,0,3,0,0,0,0,0,0,0,0,0,0,0,0,0,0,0,0,0,0,0,0,0,0,0,0,0,0,0,13,0,0,0,7,0,170,0,0,0,160,0,33,0,149,0,3,0,22,0,0,0,19,0,0,2,0,0,17,0,6,0,0,0,0,0,0,0,0,0,0,0,0,0,0,0,0,0,0,0,0,0,0,0,0,0,66,0,6,0,116,0,17,0,35,0,96,0,112,0,107,0,132,0,6,0,27,0,144,0,48,0,12,0,14,0,104,0,0,0,0,0,0,0,2,0,8,5,64,0,0,0,3,0,10,0,14,0,11,0,10,0,0,0,0,0,72,0,0,0,3,1,0,0,29,0,0,0,32,0,0,0,0,0,0,0,57,0,0,0,0,0,0,0,102,0,143,0,13,0,7,5,2,0,0,0,0,0,0,0,0
0,0,0,0,0,0,0,0,0,0,0,4,0,0,0,0,0,0,0,0,0,0,0,0,0,0,0,0,0,0,0,0,0,0,0,0,0,0,0,0,0,0,0,0,0,0,0,0,1,0,0,5,0,0,0,0,0,0,0,0,0,0,0,0,0,11,0,0,0,3,0,79,0,0,0,293,0,66,0,48,0,6,0,47,0,0,0,119,0,0,0,0,0,2,0,0,0,0,0,1,0,0,0,0,0,0,0,0,0,2,0,0,0,0,0,0,0,0,0,0,0,101,0,57,0,56,0,73,0,16,0,16,0,59,0,178,0,152,0,83,0,133,0,156,0,42,0,0,0,28,0,0,0,0,0,0,0,0,0,5,0,0,0,37,0,0,0,0,0,13,0,21,0,13,1,8,0,0,0,0,13,0,0,0,0,2,0,0,0,0,0,0,0,0,0,0,0,0,0,0,0,67,0,98,0,0,0,0,0,0,0,0,0,0,0,0,0,0,37,3,9,0,2,0,0
0,0,0,0,0,0,0,0,0,0,0,0,0,0,5,0,0,0,0,0,31,0,0,0,0,0,34,0,0,0,0,0,0,0,7,0,27,0,7,0,0,0,21,0,24,0,0,0,0,0,16,0,0,0,0,0,0,0,0,0,3,0,3,0,21,6,0,0,0,0,155,0,160,0,0,0,7,0,127,0,44,0,22,0,60,0,54,0,2,0,0,0,0,0,10,0,11,0,28,0,5,0,0,0,0,0,0,0,0,0,0,0,0,0,0,0,0,0,0,0,82,0,45,0,40,0,14,0,0,0,58,36,21,0,113,0,123,6,10,16,130,0,258,0,79,0,0,4,75,18,0,0,0,0,0,0,14,0,0,13,14,0,24,0,0,0,18,0,7,0,28,0,26,0,32,0,0,0,0,0,84,27,0,0,0,0,0,0,0,0,0,0,0,0,0,0,0,0,34,0,40,0,44,0,0,0,0,0,99,0,34,0,0,0,1,0,0,0,0,0,0,0,0,0,0
0,0,0,0,0,0,0,0,0,0,0,0,0,0,0,0,0,0,0,0,0,0,0,0,0,0,0,0,0,0,0,0,0,0,0,0,0,0,0,0,0,0,0,0,0,0,0,0,0,0,0,8,0,0,0,0,0,0,0,0,0,0,0,0,3,52,0,0,0,0,0,74,0,293,0,0,0,29,0,159,0,19,0,6,0,5,0,119,0,0,0,0,0,0,0,3,0,0,7,0,0,0,0,0,0,0,0,0,0,0,0,0,0,0,0,0,0,0,0,0,0,166,0,82,0,90,0,0,0,0,14,68,0,76,0,183,0,246,0,89,0,198,0,283,0,177,0,40,0,126,0,71,0,60,0,0,0,3,0,5,3,23,0,50,0,0,0,0,0,11,0,19,0,10,0,17,0,0,0,0,10,88,0,0,0,17,0,0,0,6,0,0,0,0,0,1,0,0,0,0,0,26,0,0,0,0,0,57,0,145,0,0,0,0,0,0,0,0,33,0,9,0,0,0,0
0,0,0,0,0,0,0,0,0,0,0,0,0,0,0,0,0,0,0,0,15,0,0,0,0,0,0,0,0,0,0,0,0,0,0,0,0,0,0,0,0,0,0,0,0,0,0,0,2,0,0,0,0,0,0,0,0,0,1,0,0,0,0,0,0,0,0,0,67,0,11,0,33,0,7,0,0,0,49,0,8,0,24,0,12,0,29,0,0,0,0,0,65,0,9,0,0,0,0,0,7,0,32,0,19,0,24,0,8,0,0,0,0,0,7,0,6,0,0,0,0,0,0,0,0,0,0,0,0,0,0,0,0,0,0,0,0,0,0,0,13,0,0,0,0,0,0,0,0,0,0,0,0,0,0,0,0,0,0,0,0,0,2,0,0,0,0,0,24,0,0,0,0,0,0,0,0,0,0,0,0,0,0,0,0,0,0,0,83,0,0,0,0,0,0,0,0,0,0,0,41,0,0,0,35,0,0,0,0,0,59,0,71,1,11,31,24,0,0,0,0,0,0,0,0
0,0,0,0,0,0,0,0,0,0,0,0,0,0,0,0,0,0,0,0,0,0,0,12,0,0,0,0,0,0,0,0,0,0,0,0,0,0,0,0,0,0,0,0,0,5,0,0,0,0,0,11,0,0,0,2,0,0,0,0,0,0,0,0,0,0,0,0,0,54,0,11,0,66,0,29,0,0,0,21,0,48,0,155,0,34,0,194,0,5,0,1,0,49,0,39,0,0,0,5,0,9,0,60,0,26,0,16,0,24,0,8,0,0,0,0,0,23,0,0,0,34,0,12,0,0,0,0,0,0,0,0,0,0,0,38,0,28,0,0,0,0,0,0,0,0,13,0,0,0,0,0,0,10,0,0,0,1,0,0,0,0,0,8,0,0,0,0,0,95,0,1,0,0,0,4,0,0,0,0,0,0,0,0,0,0,0,0,0,0,0,10,0,0,0,42,0,9,0,14,0,0,0,0,0,48,0,0,0,0,0,0,0,0,0,0,0,0,30,5,55,3,16,0,0
0,0,0,0,0,0,0,0,0,0,0,0,0,0,0,0,0,0,0,0,0,0,0,0,0,0,0,0,0,0,0,0,0,0,0,0,0,0,0,0,0,0,0,0,16,0,0,0,1,0,0,0,0,0,0,0,0,0,0,0,0,0,0,0,0,0,0,0,17,0,151,0,149,0,127,0,49,0,0,0,29,0,80,0,61,0,101,0,0,0,4,0,63,0,18,0,22,0,0,0,0,0,12,0,0,0,24,0,4,0,0,0,0,0,0,0,0,0,0,0,131,0,13,0,0,0,0,0,0,0,0,0,0,0,0,0,80,0,0,0,45,4,169,0,22,0,0,0,0,0,0,0,0,0,0,0,0,0,0,0,5,0,22,0,6,0,0,0,38,0,5,0,16,0,0,0,0,0,0,0,0,0,0,0,1,0,0,0,0,0,0,0,0,0,0,0,0,0,0,0,144,0,0,0,0,0,0,0,0,0,221,6,59,0,14,21,9,0,0,0,0,0,0,0,0
