0,286,26,124,41,38,24,61,38,0,120,32,89,0,0,70,44,13,0,0,16,2,11,121,8,64,0,0,202,17,0,3,0,34,0,0,22,19,467,35,17,0,0,0,0,0,0,0,0,0,3,0,4,0,0,0,0,0,1,0,147,0,38,0,10,0,11,0,0,0,0,0,0,0,0,0,0,0,0,0,0,0,0,0,0,0,1,0,0,0,1,0,0,0,0,0,1,0,0,0,0,0,0,0,0,0,0,0,0,0,0,0,0,0,0,0,0,0,0,0,0,0,0,0,0,0,3,0,0,0,0,0,0,0,3,0,0,0,0,0,0,0,0,0,0,0,7,0,7,0,7,0,4,0,0,0,0,0,0,0,0,0,0,0,2,0,18,0,17,0,30,0,322,5,0,0,226,100,9,0,0,0,9,0,19,1,0,0,0,0,0,0,0,0,0,0,0,0,0,0,0,0,0,0,0,0,0,0,10,0,347,73,285,108,182,0,2,0,6,0,0,0,0,0,0
286,0,128,61,0,224,193,26,115,115,0,273,0,122,0,14,46,57,0,61,0,0,80,38,226,38,0,212,8,153,0,0,0,180,0,0,0,165,0,471,0,36,0,0,0,5,0,165,0,28,0,0,31,2,57,5,0,0,0,58,14,208,71,60,0,81,0,33,0,1,0,0,0,0,0,0,0,0,0,0,0,0,0,0,0,0,0,0,0,0,0,0,0,0,0,0,0,0,0,0,0,0,0,0,0,0,0,0,0,0,0,0,0,0,0,0,0,0,0,1,0,0,1,0,0,32,0,22,0,0,0,23,0,0,0,53,0,49,0,0,0,0,0,0,0,0,0,18,0,71,0,88,0,54,0,0,0,5,0,0,0,37,0,0,0,18,0,16,0,14,0,23,0,143,0,0,142,372,0,5,0,18,20,41,0,177,0,2,0,0,0,0,0,0,0,0,0,2,0,0,0,10,0,0,0,0,0,24,0,70,1,0,0,0,310,0,0,0,561,199,296,107,0,0,0
26,128,0,67,137,79,22,0,28,0,54,76,80,1,228,86,166,0,166,6,168,0,144,94,46,0,24,0,200,0,22,0,69,37,0,0,29,16,425,0,15,0,0,0,8,0,0,0,0,0,0,0,1,0,24,0,0,0,0,0,36,0,17,0,0,0,0,0,0,0,0,0,0,0,0,0,0,1,1,0,0,0,0,0,0,0,0,0,0,0,0,0,0,0,0,0,0,0,0,0,0,0,0,0,0,0,0,0,0,0,0,0,0,0,0,0,0,0,0,0,0,0,0,0,6,0,27,0,0,0,26,0,0,0,42,0,9,0,0,0,0,0,0,0,0,0,32,0,8,0,29,0,23,0,0,0,0,0,0,0,0,0,3,1,2,0,34,0,13,0,13,0,248,4,0,0,112,44,0,0,0,0,3,0,5,0,0,0,0,0,0,0,0,0,0,0,1,0,0,0,0,0,0,0,0,0,7,0,49,0,346,37,397,136,277,0,0,0,0,0,0,1,0,0,0
124,61,67,0,0,189,37,42,0,8,0,16,0,26,6,247,14,95,4,90,0,0,54,185,63,69,0,100,4,107,0,0,0,0,0,0,0,11,22,96,0,6,0,0,1,0,0,29,0,0,0,0,0,3,0,27,0,6,0,10,0,0,10,5,0,8,0,0,0,0,0,0,0,0,0,0,0,0,0,0,0,0,0,0,0,0,0,0,0,0,0,0,0,0,0,8,0,10,0,0,0,0,0,0,0,0,1,0,0,0,0,0,0,0,0,0,0,0,0,0,0,0,0,0,0,7,0,9,0,0,0,0,0,0,0,63,0,66,0,0,0,9,0,52,0,0,0,0,0,5,0,13,0,2,0,1,0,0,0,0,0,3,0,0,0,4,0,0,0,6,0,0,0,48,0,0,30,18,0,2,0,0,16,5,0,0,0,0,0,0,0,0,0,0,0,0,0,0,0,0,0,7,0,0,0,0,0,0,0,22,0,0,0,0,144,0,0,0,187,36,212,76,0,0,0
41,0,137,0,0,249,20,0,35,0,144,154,345,185,158,103,26,0,209,199,421,118,25,42,0,0,99,0,35,0,241,16,518,42,113,25,338,8,151,0,112,0,0,0,0,0,62,0,7,0,49,17,0,0,0,0,0,0,0,0,0,0,0,0,19,0,6,0,0,0,0,0,0,0,3,0,0,0,0,0,0,0,0,0,0,0,0,0,0,0,0,0,0,0,0,0,0,0,0,0,0,0,0,0,0,0,0,0,0,0,0,0,0,0,0,0,0,0,0,0,0,0,0,0,4,0,7,0,0,0,9,0,0,0,14,0,0,0,0,0,0,0,0,0,0,0,41,0,11,0,66,0,99,0,0,0,0,0,0,0,0,0,0,0,32,0,133,0,63,0,11,0,92,0,0,0,160,69,32,0,31,0,11,0,102,0,0,0,0,0,0,0,0,0,0,0,2,0,0,0,0,0,0,0,0,0,0,0,40,0,365,150,548,108,279,2,0,0,0,0,0,0,0,0,0
38,224,79,189,249,0,0,49,0,16,247,96,79,199,525,204,20,0,88,160,144,235,235,167,6,12,0,283,8,0,27,175,46,348,0,129,0,79,14,0,0,19,0,0,0,8,0,149,0,4,0,81,0,1,0,7,0,0,0,16,0,0,0,0,0,31,0,0,0,0,0,0,0,0,0,0,0,0,0,0,0,0,0,0,0,0,0,0,0,0,0,0,0,0,0,0,0,0,0,0,0,0,0,0,0,0,0,0,0,0,0,0,0,0,0,0,0,0,0,0,0,0,0,0,0,7,0,5,0,0,0,6,0,0,0,96,0,47,0,0,0,0,0,33,0,0,0,5,0,26,0,51,0,0,0,0,0,0,0,0,0,0,0,2,0,70,0,210,0,103,0,5,0,38,0,4,144,315,0,31,0,26,4,0,0,20,0,21,0,0,0,0,0,0,0,0,0,0,0,0,0,19,0,0,0,0,0,25,0,59,0,0,30,0,292,0,0,0,611,244,609,124,0,0,0
24,193,22,37,20,0,0,111,114,62,45,5,25,0,0,11,15,8,0,0,4,0,13,14,85,66,0,0,68,0,0,0,0,0,0,0,0,11,81,19,6,0,0,0,0,0,0,0,6,0,0,0,21,3,107,0,7,0,24,0,281,41,103,47,9,0,19,0,1,0,0,0,0,0,0,0,0,0,1,0,0,0,0,0,0,0,0,0,0,0,0,0,0,0,0,0,0,0,0,0,0,0,0,0,2,0,0,0,0,0,0,0,0,0,0,0,0,0,0,0,0,0,0,0,21,0,39,0,0,0,94,0,7,0,19,0,6,0,0,0,1,0,7,0,0,0,41,0,26,0,12,0,13,0,0,0,0,0,2,0,2,0,1,0,3,0,0,0,5,0,128,7,132,0,0,0,47,51,1,0,0,1,2,0,1,0,0,0,0,0,0,0,0,0,0,0,0,0,0,0,6,0,0,0,2,0,0,0,53,0,523,51,220,131,320,0,0,0,0,0,8,0,0,0,0
61,26,0,42,0,49,111,0,227,15,0,14,0,8,0,28,8,20,0,26,0,0,0,44,56,93,0,42,0,96,1,0,0,0,0,0,0,0,3,205,0,0,0,0,0,0,0,0,0,2,0,0,38,18,63,193,0,6,0,18,0,244,56,160,0,2,0,3,0,0,0,0,0,0,0,0,0,0,0,0,0,0,0,0,0,0,0,0,0,0,0,0,0,0,0,0,0,0,0,0,0,0,0,0,0,0,0,0,0,0,0,0,0,0,0,0,0,0,0,0,0,0,0,0,0,10,0,0,0,0,0,12,0,0,0,23,0,26,0,0,0,0,0,12,0,0,0,0,0,0,0,0,0,0,0,0,0,9,0,0,0,9,0,0,0,17,0,4,0,22,0,70,0,74,0,0,33,47,0,0,0,0,10,16,0,0,0,0,0,0,0,0,0,0,0,0,0,0,0,0,0,0,0,0,0,0,0,0,0,11,0,0,0,0,408,0,0,0,390,29,309,193,0,42,0
38,115,28,0,35,0,114,227,0,311,71,0,81,0,2,0,0,0,34,0,0,0,2,0,4,116,15,0,0,0,0,0,0,0,0,0,0,0,5,17,21,0,0,0,0,0,30,0,4,0,0,0,49,53,92,161,28,5,128,0,160,62,38,131,72,0,343,0,0,0,0,0,0,0,0,0,0,0,0,0,0,0,0,0,0,0,0,0,0,0,0,0,0,0,0,0,0,1,0,0,0,1,0,0,0,0,0,0,0,0,0,0,0,0,0,0,0,0,0,0,0,0,0,0,14,0,16,0,0,0,50,0,4,0,0,0,0,0,0,1,0,0,0,0,0,0,76,0,83,0,35,0,54,0,4,0,26,0,0,0,2,0,0,0,0,0,0,0,3,1,114,10,9,0,0,0,428,102,24,0,0,0,1,2,81,5,0,0,0,0,0,0,0,0,0,0,0,0,0,0,0,0,0,0,0,0,0,0,11,0,322,33,114,0,144,0,0,0,10,0,6,0,0,0,0
0,115,0,8,0,16,62,15,311,0,0,19,0,0,0,0,0,0,0,35,0,0,0,0,11,6,0,29,0,11,0,0,0,0,0,0,0,0,0,35,0,3,0,0,0,5,0,29,0,2,0,0,110,188,144,119,69,18,190,87,0,426,23,287,0,129,177,102,0,2,0,0,0,0,0,0,0,0,0,0,0,0,0,0,0,0,0,1,0,0,0,0,0,0,0,0,0,1,0,0,0,0,0,0,0,0,0,0,0,0,0,0,0,0,0,0,0,0,0,0,0,0,0,0,0,22,0,17,0,0,0,14,0,2,0,8,0,22,0,0,0,0,0,0,0,1,0,15,0,33,0,28,0,0,5,27,0,119,0,0,4,27,0,0,0,5,0,1,0,12,3,82,0,25,0,2,70,145,0,3,0,0,0,9,27,130,0,0,0,0,0,0,0,0,0,0,0,0,0,0,0,0,0,0,0,0,0,0,0,61,0,7,0,0,341,0,0,0,406,36,193,194,0,35,0
120,0,54,0,144,247,45,0,71,0,0,96,401,21,22,95,36,0,36,110,160,68,17,35,0,0,16,0,41,0,114,19,331,32,0,0,137,0,136,0,76,0,0,0,6,0,68,0,6,0,4,0,0,0,0,0,0,0,0,0,0,0,0,0,0,0,12,0,0,0,0,0,0,0,0,0,0,0,0,0,0,0,0,0,0,0,0,0,0,0,0,0,0,0,0,0,0,0,0,0,0,0,0,0,0,0,0,0,0,0,0,0,0,0,0,0,0,0,0,0,0,0,0,0,0,0,11,0,0,0,19,0,0,0,0,0,0,0,0,0,0,0,0,0,0,0,30,0,21,0,46,0,76,0,0,0,0,0,0,0,0,0,0,0,7,0,0,4,0,0,6,0,34,0,0,0,191,62,40,0,17,0,29,0,116,0,2,0,0,0,0,0,0,0,0,0,0,0,0,0,0,0,0,0,0,0,0,0,26,0,332,93,233,53,135,0,0,0,10,0,17,3,0,0,0
32,273,76,16,154,96,5,14,0,19,96,0,0,454,363,11,18,0,31,28,77,105,182,31,5,0,0,129,5,0,0,93,0,287,0,45,0,90,0,0,0,134,0,0,0,10,0,303,0,101,0,12,0,0,0,0,0,0,0,7,0,0,0,0,0,18,0,4,0,0,0,0,0,0,0,0,0,0,0,0,0,0,0,0,0,0,0,0,0,0,0,0,0,0,0,0,0,0,0,0,0,0,0,0,0,0,0,0,0,0,0,0,0,0,0,0,0,0,0,0,0,0,0,0,0,0,0,4,0,0,0,0,0,0,0,22,0,10,0,0,0,0,0,4,0,0,0,0,0,20,0,118,0,80,0,0,0,0,0,1,0,11,0,0,0,9,0,64,0,24,0,0,2,13,0,25,91,569,0,73,0,115,0,15,0,108,0,15,0,0,0,0,0,0,0,0,0,0,0,0,0,0,0,0,0,0,0,10,0,22,6,0,0,0,135,0,0,0,330,131,140,50,0,0,0
89,0,80,0,345,79,25,0,81,0,401,0,0,606,10,6,0,0,96,261,68,72,5,0,0,0,107,331,0,0,31,0,54,0,136,12,142,13,0,0,414,56,152,28,50,36,293,238,54,0,216,78,0,0,0,0,0,0,7,0,0,0,0,0,19,0,22,0,0,0,0,0,0,0,0,0,0,0,0,0,0,0,3,0,0,0,0,0,0,0,0,0,0,0,0,0,0,0,0,0,0,0,0,0,0,0,0,0,0,0,0,0,0,0,0,0,0,0,0,0,0,0,0,0,0,0,0,0,0,0,0,0,0,0,21,0,2,0,0,0,0,0,0,0,0,0,46,0,24,0,82,0,201,0,0,0,1,0,0,0,3,0,0,0,43,0,11,0,81,0,0,1,5,0,0,0,158,62,115,0,142,0,97,0,285,0,274,0,0,0,0,0,0,0,0,0,3,0,0,0,0,0,0,0,0,0,9,0,46,0,77,185,329,0,53,2,0,2,0,1,18,0,0,0,0
0,122,1,26,185,199,0,8,0,0,21,454,606,0,81,0,0,0,564,128,202,30,0,0,0,0,239,106,0,0,23,0,0,0,102,66,0,82,0,0,158,161,33,42,8,18,52,293,0,59,27,253,0,0,0,0,0,0,0,8,0,0,0,0,0,10,0,4,0,0,0,0,0,0,0,0,0,0,0,0,0,0,0,0,0,0,0,0,0,0,0,0,0,0,0,0,0,0,0,0,0,0,0,5,0,0,0,0,0,0,0,0,0,0,0,0,0,0,0,0,0,0,0,0,0,0,0,0,0,0,0,0,0,1,0,0,0,3,0,0,0,0,0,0,0,0,0,0,0,0,0,38,0,26,0,0,0,0,0,0,0,0,0,4,0,112,0,22,0,111,0,0,0,0,0,0,46,534,12,65,0,62,0,3,0,34,70,117,0,0,0,0,0,0,0,0,0,0,0,0,0,0,0,0,0,0,0,0,0,0,0,0,0,0,22,0,0,0,26,127,265,18,0,0,0
0,0,228,6,158,525,0,0,2,0,22,363,10,81,0,128,67,0,227,200,537,145,158,16,44,0,90,0,8,0,245,36,213,68,75,21,119,17,7,0,0,0,6,0,0,0,0,0,0,0,10,0,19,0,0,0,0,0,0,0,0,0,20,0,5,0,8,1,0,0,0,0,0,0,13,0,0,0,0,0,10,0,0,0,12,0,16,0,0,0,0,0,0,0,0,0,0,0,0,0,0,0,0,0,37,0,178,0,0,0,0,0,0,0,0,0,0,0,0,0,0,0,0,0,0,0,0,0,0,0,0,2,0,0,72,0,25,0,0,0,0,0,67,0,0,0,25,0,7,0,55,0,56,0,17,0,0,0,0,0,0,0,5,0,5,0,63,16,21,0,12,0,21,0,0,0,96,64,33,0,0,0,0,0,42,0,0,0,0,0,0,0,0,0,0,0,2,0,0,0,0,0,0,0,0,0,0,0,49,0,121,102,134,0,53,0,2,0,0,0,33,0,0,0,0
70,14,86,247,103,204,11,28,0,0,95,11,6,0,128,0,24,133,11,417,49,486,136,423,24,71,0,102,5,78,0,77,17,171,0,24,0,32,11,42,0,0,0,0,0,0,0,0,0,0,0,0,0,9,0,39,0,0,0,5,0,4,0,87,0,0,0,0,0,0,0,0,0,0,0,0,0,0,0,0,0,0,0,0,0,99,0,0,0,0,0,0,0,0,0,0,0,74,0,0,0,0,0,0,0,0,0,159,0,0,0,0,0,0,0,0,0,0,0,0,0,0,0,0,0,0,0,0,0,0,0,0,0,23,0,160,0,146,0,0,0,31,0,198,0,10,0,0,1,0,0,19,0,0,1,0,0,0,0,0,0,0,0,0,0,10,0,187,0,28,0,5,0,39,0,0,35,50,2,7,0,0,5,0,0,0,0,0,0,0,0,0,0,0,0,0,0,0,0,0,0,21,0,0,0,0,0,0,0,62,0,0,0,0,105,0,0,0,163,107,424,66,0,0,0
44,46,166,14,26,20,15,8,0,0,36,18,0,0,67,24,0,4,50,0,186,0,279,22,110,6,0,0,335,0,22,0,14,7,7,0,0,0,123,5,0,0,0,0,0,0,0,0,5,0,0,0,72,0,8,0,0,0,0,0,53,2,348,0,0,0,0,0,0,0,24,0,17,0,22,0,0,0,0,0,61,0,0,0,37,0,70,0,0,0,69,0,0,0,65,0,55,0,142,0,103,0,0,0,0,0,275,0,0,0,0,0,0,0,0,0,0,0,0,0,49,0,68,0,0,0,16,0,0,0,0,0,0,0,0,0,88,0,23,0,94,0,226,0,0,0,0,0,0,0,0,0,0,0,116,0,0,0,99,0,25,0,0,0,0,0,0,0,0,0,33,0,22,0,0,0,17,6,0,0,0,0,30,0,0,0,0,0,0,0,0,0,0,0,0,0,0,0,0,0,10,0,0,0,0,0,0,0,0,0,0,2,91,34,25,1,0,0,0,0,0,0,0,0,0
13,57,0,95,0,0,8,20,0,0,0,0,0,0,0,133,4,0,0,47,0,143,0,192,7,195,0,0,0,263,0,47,0,44,0,0,0,0,0,63,0,0,0,0,0,0,0,0,0,9,0,0,2,18,0,12,0,45,0,0,0,7,2,137,0,0,0,0,0,0,0,0,0,0,0,0,0,0,0,0,0,42,0,0,0,262,0,0,0,0,0,0,0,0,0,53,0,76,0,16,0,57,0,0,0,0,0,81,0,0,0,0,0,0,0,0,0,0,0,0,0,11,0,7,0,0,0,0,0,57,0,0,0,75,0,0,0,217,0,79,0,72,0,300,0,8,0,0,0,0,0,0,0,0,0,44,0,0,0,28,0,50,0,0,0,3,0,7,0,0,0,9,0,34,0,0,0,0,0,2,0,0,0,7,0,0,0,0,0,0,0,0,0,0,0,0,0,0,0,0,0,0,0,0,0,0,0,0,0,0,0,0,0,0,17,0,0,0,0,32,38,0,0,0,0
0,0,166,4,209,88,0,0,34,0,36,31,96,564,227,11,50,0,0,197,255,68,151,0,0,0,285,172,14,0,45,0,24,0,245,14,129,18,0,0,37,24,64,15,77,7,65,82,6,0,127,65,58,0,0,0,0,0,0,0,0,0,100,0,27,0,25,0,0,0,53,0,0,0,94,0,0,0,0,0,75,0,0,0,30,0,86,0,0,0,0,0,0,0,0,0,0,0,0,0,0,0,0,0,0,0,633,0,0,0,0,0,0,0,0,0,0,0,0,0,60,0,32,0,6,0,20,0,0,0,0,0,0,0,109,0,29,0,0,0,0,0,0,0,52,0,78,0,28,0,161,0,188,0,37,0,0,0,0,0,0,0,0,0,45,0,14,0,74,0,9,0,31,0,0,0,81,43,44,0,0,0,18,0,190,0,87,0,0,0,0,0,4,0,0,0,9,0,0,0,45,0,0,0,0,0,0,0,87,0,82,166,252,36,56,2,0,0,0,0,0,0,0,0,0
0,61,6,90,199,160,0,26,0,35,110,28,261,128,200,417,0,47,197,0,107,454,13,184,4,0,11,418,0,5,25,225,26,51,0,339,0,109,0,0,0,0,0,45,0,75,0,158,0,31,0,320,0,19,0,0,0,0,0,3,0,0,0,129,0,39,0,0,0,0,0,0,0,0,0,0,0,0,0,0,0,0,0,0,0,220,0,0,0,0,0,0,0,0,0,0,0,0,0,27,0,0,0,0,0,0,0,0,0,0,0,0,0,0,0,0,0,0,0,0,0,0,0,0,0,10,0,0,0,0,0,7,0,0,0,132,0,145,0,0,0,0,1,216,0,43,0,0,0,32,0,69,0,35,0,0,0,0,0,0,0,0,0,0,0,57,0,96,0,106,0,8,0,7,0,0,41,91,9,19,0,0,0,1,0,53,12,44,0,0,0,0,0,0,0,0,0,0,0,0,0,24,0,0,0,0,0,45,0,110,0,0,0,0,48,0,0,0,167,245,223,28,0,0,0
16,0,168,0,421,144,4,0,0,0,160,77,68,202,537,49,186,0,255,107,0,65,111,6,15,0,170,68,73,0,89,11,36,16,122,4,0,7,7,0,0,0,44,6,136,3,0,27,6,0,55,0,36,0,24,0,0,0,2,0,0,0,114,0,0,0,0,0,0,0,102,0,57,0,104,0,0,0,99,0,117,0,0,0,27,0,121,0,0,0,94,0,0,0,0,0,47,0,346,0,236,0,0,0,0,0,439,0,0,0,0,0,0,0,0,0,0,0,0,0,100,0,72,0,0,0,0,0,0,0,0,0,0,0,20,0,56,0,86,0,250,0,210,0,104,0,0,0,0,0,0,0,0,0,30,0,4,0,0,0,0,0,9,0,40,0,18,0,0,0,38,0,34,0,0,0,60,14,34,0,0,0,3,0,14,0,12,0,0,0,0,0,0,0,0,0,0,0,0,0,0,0,0,0,0,0,0,0,12,0,136,116,210,0,95,0,0,0,0,1,10,0,0,0,0
2,0,0,0,118,235,0,0,0,0,68,105,72,30,145,486,0,143,68,454,65,0,74,271,0,18,0,294,0,70,12,93,16,57,8,91,0,22,0,0,0,0,0,91,0,150,4,15,0,0,0,75,0,2,0,12,0,0,0,0,0,0,0,90,0,0,0,0,0,0,0,9,0,0,0,13,0,0,0,0,0,78,0,0,0,341,0,0,0,0,0,0,0,0,0,0,0,106,0,30,0,77,0,0,0,0,0,0,0,0,0,0,0,0,0,0,0,0,0,0,0,0,0,33,0,0,0,0,0,0,0,0,0,43,0,0,0,240,0,195,0,256,0,353,0,124,0,0,0,0,0,0,0,0,0,0,0,24,0,0,0,0,0,3,0,45,3,72,0,93,0,8,0,5,0,0,13,89,0,49,0,0,0,0,0,0,0,43,0,19,0,0,0,0,0,0,0,0,0,0,0,0,0,20,0,0,0,0,0,0,0,0,11,0,66,0,0,0,182,277,237,25,0,0,0
11,80,144,54,25,235,13,0,2,0,17,182,5,0,158,136,279,0,151,13,111,74,0,128,192,0,0,0,97,5,11,16,66,97,0,0,10,24,147,6,0,0,0,0,0,0,0,0,0,0,0,0,20,0,5,0,0,0,0,0,8,0,49,0,5,0,6,0,0,0,1,0,0,0,0,0,0,0,0,0,18,0,0,0,33,0,11,0,0,0,0,0,0,0,0,0,77,0,93,0,0,0,0,0,0,0,444,0,0,0,0,0,0,0,0,0,0,0,0,0,13,0,74,0,0,0,27,0,0,0,0,0,14,0,222,0,129,0,0,0,0,0,300,0,0,2,21,0,7,0,43,0,29,0,111,0,0,0,29,0,12,0,0,0,0,0,12,0,0,0,7,0,58,0,2,0,81,45,4,0,0,0,5,0,0,0,0,0,0,0,0,0,0,0,0,0,0,0,8,0,93,0,0,0,6,0,9,0,102,0,71,22,90,45,64,0,3,0,9,0,11,0,0,0,0
121,38,94,185,42,167,14,44,0,0,35,31,0,0,16,423,22,192,0,184,6,271,128,0,30,48,0,44,6,147,0,30,3,62,0,0,3,8,16,21,0,0,0,2,0,7,0,0,0,8,0,0,0,20,0,44,0,11,0,0,0,4,1,169,0,0,0,0,0,0,0,0,0,0,0,0,0,0,0,0,0,34,0,0,0,210,0,21,0,0,0,21,0,0,0,0,0,99,0,10,0,68,0,0,0,0,0,165,0,0,0,0,0,0,0,0,0,0,0,0,0,0,0,4,0,0,0,0,0,0,0,0,0,54,0,0,0,106,0,0,0,48,0,262,0,7,0,0,0,0,0,0,1,0,0,14,0,0,0,0,0,0,0,0,0,10,0,44,0,0,0,8,0,46,0,0,18,28,0,3,0,0,10,0,0,0,0,0,0,0,0,0,0,0,0,0,0,0,0,0,0,10,0,0,0,1,0,0,0,0,2,0,6,0,23,0,0,0,29,181,135,16,0,0,0
8,226,46,63,0,6,85,56,4,11,0,5,0,0,44,24,110,7,0,4,15,0,192,30,0,36,0,0,145,18,0,1,0,12,0,0,0,14,153,37,0,0,0,0,12,0,0,0,6,0,0,0,14,0,62,0,2,0,1,0,71,16,50,2,4,0,0,0,0,0,0,3,0,0,1,0,0,0,0,0,4,0,0,0,10,0,0,0,0,0,32,0,0,0,0,0,0,0,0,0,0,0,0,0,0,0,0,0,0,0,0,0,0,0,0,0,0,0,0,0,0,0,18,0,9,0,49,0,0,0,61,0,33,0,213,0,125,0,0,0,0,0,241,0,0,0,42,0,3,9,37,0,5,0,58,0,0,0,24,0,6,0,0,0,0,0,0,0,0,0,15,0,93,4,0,0,18,20,0,0,0,6,27,1,0,0,0,0,0,0,0,0,0,0,0,0,0,0,0,0,58,0,1,0,0,0,7,0,167,0,103,13,159,90,129,0,0,0,9,0,0,0,0,0,0
64,38,0,69,0,12,66,93,116,6,0,0,0,0,0,71,6,195,0,0,0,18,0,48,36,0,0,0,0,412,0,0,0,0,0,0,0,0,0,238,0,0,0,0,0,0,0,0,1,0,0,0,14,7,35,64,0,32,6,3,0,70,30,61,0,0,0,0,0,0,0,0,0,0,0,0,0,0,0,0,0,0,0,0,1,38,0,4,0,0,0,0,0,0,0,0,0,0,0,0,0,0,0,0,0,0,0,0,0,0,0,0,0,0,0,0,0,0,0,0,0,0,0,0,0,0,0,0,0,22,0,0,0,66,0,187,0,215,0,35,0,28,0,237,0,0,0,0,0,0,0,0,0,0,0,32,0,2,0,18,0,12,0,1,0,8,0,0,0,9,0,24,0,77,0,0,18,3,0,0,0,0,0,9,2,0,0,0,0,0,0,0,0,0,0,0,0,0,0,0,0,24,0,1,0,0,0,13,0,32,3,0,0,0,212,0,0,0,151,27,232,137,0,24,0
0,0,24,0,99,0,0,0,15,0,16,0,107,239,90,0,0,0,285,11,170,0,0,0,0,0,0,110,0,0,0,0,4,0,83,0,122,0,3,0,73,60,286,22,342,19,267,200,54,3,186,25,31,0,0,0,0,0,0,0,6,0,56,0,0,0,6,0,0,0,25,0,0,0,0,0,0,0,0,0,0,0,0,0,0,0,0,0,0,0,0,0,0,0,0,0,0,0,119,0,120,0,17,0,0,0,0,0,0,0,0,0,0,0,0,0,0,0,0,0,0,0,0,0,0,0,0,0,0,0,0,0,0,0,0,0,8,0,0,0,0,0,0,0,29,0,0,0,16,0,0,0,50,0,0,0,0,0,0,0,0,0,0,0,126,0,19,0,113,0,16,0,21,0,0,0,15,8,9,0,0,0,0,0,68,0,76,0,0,0,0,0,0,0,0,0,2,0,0,0,0,0,0,0,0,0,0,0,0,0,44,169,500,0,30,0,0,19,0,0,0,0,0,0,0
0,212,0,100,0,283,0,42,0,29,0,129,331,106,0,102,0,0,172,418,68,294,0,44,0,0,110,0,0,0,0,17,0,14,66,81,0,21,0,0,148,23,31,295,12,250,43,172,0,22,23,308,0,0,0,0,0,0,0,35,0,0,0,44,0,0,0,13,0,0,0,11,0,0,0,20,0,0,0,0,0,79,0,0,0,218,0,35,0,0,0,0,0,0,0,97,0,101,0,19,0,65,0,43,0,0,0,0,0,0,0,0,0,0,0,0,0,0,0,0,0,35,0,21,0,21,0,0,0,0,0,0,0,0,0,0,0,125,0,0,0,96,0,150,0,37,0,0,0,0,0,67,0,19,0,0,0,0,0,0,0,0,0,0,0,184,0,9,0,149,0,0,0,0,0,3,0,88,0,3,0,19,0,1,0,33,47,61,0,104,0,26,0,0,0,39,0,0,0,0,0,0,0,133,0,0,0,61,0,91,0,0,0,0,0,0,0,0,94,351,672,25,12,0,13
202,8,200,4,35,8,68,0,0,0,41,5,0,0,8,5,335,0,14,0,73,0,97,6,145,0,0,0,0,0,25,2,2,0,22,0,5,0,14,0,0,0,2,0,0,0,0,0,0,0,3,0,64,0,34,0,2,0,0,0,1,0,86,0,0,0,0,0,0,0,16,0,0,0,11,0,0,0,0,0,13,0,0,0,5,0,18,0,0,0,0,0,0,0,0,0,0,0,63,0,36,0,0,0,0,0,53,0,0,0,0,0,0,0,0,0,0,0,0,0,17,0,16,0,0,0,0,0,0,0,0,0,0,0,0,0,12,0,117,0,91,0,57,0,22,0,0,0,0,0,0,0,0,0,38,0,6,0,64,0,0,0,0,0,0,0,0,0,4,0,0,0,5,0,0,0,27,5,0,0,0,0,12,0,0,0,0,0,0,0,0,0,0,0,0,0,0,0,0,0,0,0,0,0,0,0,0,0,0,0,0,17,7,0,6,0,0,0,0,0,0,0,0,0,0
17,153,0,107,0,0,0,96,0,11,0,0,0,0,0,78,0,263,0,5,0,70,5,147,18,412,0,0,0,0,0,31,0,67,0,35,0,7,0,74,0,0,0,0,0,1,0,0,0,0,0,0,5,5,2,14,0,1,0,0,0,48,3,60,0,0,0,4,0,0,0,0,0,0,0,0,0,0,0,0,0,0,1,0,0,56,0,0,0,0,0,0,0,0,0,0,0,0,0,0,0,10,0,0,0,0,0,0,0,0,0,0,0,0,0,0,0,0,0,0,0,6,0,0,0,0,0,0,0,39,0,0,0,29,0,0,0,151,0,173,0,107,0,115,0,24,0,0,0,0,0,0,0,0,0,73,0,0,0,89,0,0,0,0,0,0,0,0,0,0,0,0,2,0,0,0,4,21,0,16,0,0,0,14,0,0,0,0,0,0,0,0,0,0,0,0,0,0,0,0,0,2,0,0,0,0,0,0,0,0,0,0,0,0,0,0,0,0,15,35,0,0,0,0,0
0,0,22,0,241,27,0,1,0,0,114,0,31,23,245,0,22,0,45,25,89,12,11,0,0,0,0,0,25,0,0,0,12,0,25,4,12,0,4,0,0,0,0,0,0,0,0,0,0,0,9,0,6,0,19,0,0,0,0,0,0,0,38,0,0,0,0,0,0,0,30,0,0,0,27,0,0,0,0,0,21,0,0,0,0,0,30,0,0,0,13,0,0,0,0,0,0,0,55,0,35,0,0,0,0,0,53,0,0,0,0,0,0,0,0,0,0,0,0,0,39,0,31,0,0,0,0,0,0,0,0,0,0,0,0,0,22,0,135,0,189,0,90,0,40,0,0,0,0,0,0,0,0,0,13,0,0,0,70,0,3,0,0,0,5,0,24,0,0,0,6,0,0,0,0,0,36,3,65,0,0,0,0,0,0,0,0,0,0,0,0,0,0,0,0,0,0,0,0,0,0,0,0,0,0,0,0,0,0,0,24,32,69,0,0,0,0,0,0,0,4,0,0,0,0
3,0,0,0,16,175,0,0,0,0,19,93,0,0,36,77,0,47,0,225,11,93,16,30,1,0,0,17,2,31,0,0,0,8,0,30,0,15,0,9,0,0,0,14,0,8,0,0,0,0,0,14,0,0,0,0,0,0,0,0,0,3,0,2,0,0,0,0,0,0,0,0,0,0,0,0,0,0,0,0,0,11,0,0,0,34,0,0,0,0,0,0,0,0,0,0,0,0,0,0,0,0,0,0,0,0,0,0,0,0,0,0,0,0,0,0,0,0,0,0,0,0,0,0,0,0,0,0,0,0,0,0,0,0,0,0,0,61,0,76,0,58,0,41,0,29,0,0,0,0,0,0,0,0,0,0,0,3,0,32,0,0,0,0,0,0,0,26,0,12,0,1,0,1,0,0,4,40,0,17,0,0,0,0,0,0,0,0,0,0,0,0,0,0,0,0,0,0,0,0,0,0,0,0,0,0,0,0,0,0,0,0,0,0,0,0,0,0,34,39,43,0,0,0,0
0,0,69,0,518,46,0,0,0,0,331,0,54,0,213,17,14,0,24,26,36,16,66,3,0,0,4,0,2,0,12,0,0,0,32,0,155,0,0,0,1,0,8,0,9,0,0,0,2,0,10,0,0,0,0,0,0,0,0,0,5,0,5,0,0,0,0,0,0,0,16,0,0,0,13,0,0,0,16,0,9,0,0,0,0,0,10,0,15,0,9,0,0,0,0,0,0,0,44,0,45,0,0,0,0,0,43,0,0,0,0,0,0,0,0,0,0,0,0,0,0,0,7,0,0,0,0,0,0,0,0,0,0,0,0,0,0,0,54,0,48,0,26,0,37,0,0,0,0,0,0,0,0,0,10,0,15,0,32,0,0,0,0,0,10,0,117,0,24,0,9,0,23,0,0,0,71,14,62,0,0,0,0,0,0,0,0,0,0,0,0,0,0,0,0,0,0,0,0,0,0,0,0,0,0,0,0,0,0,0,22,26,174,9,24,0,0,0,0,0,0,0,0,0,0
34,180,37,0,42,348,0,0,0,0,32,287,0,0,68,171,7,44,0,51,16,57,97,62,12,0,0,14,0,67,0,8,0,0,0,23,0,127,0,10,0,0,0,9,0,2,0,0,0,0,0,7,0,0,0,5,0,0,0,0,0,5,0,2,0,0,0,0,0,0,0,0,0,0,0,0,0,0,0,0,0,0,0,0,0,0,0,0,0,0,0,0,0,0,0,0,0,0,0,0,0,0,0,0,0,0,0,0,0,0,0,0,0,0,0,0,0,0,0,0,0,0,0,0,0,0,0,0,0,0,0,0,0,0,0,0,0,29,0,62,0,50,0,33,0,50,0,0,0,0,0,12,0,0,0,7,0,14,0,40,0,0,0,0,0,2,0,45,0,0,0,0,0,2,0,0,21,148,0,79,0,0,2,0,0,0,0,0,0,0,0,0,0,0,0,0,0,0,0,0,0,0,0,0,0,0,0,0,0,0,0,0,0,0,0,0,0,0,14,170,25,0,0,0,0
0,0,0,0,113,0,0,0,0,0,0,0,136,102,75,0,7,0,245,0,122,8,0,0,0,0,83,66,22,0,25,0,32,0,0,0,72,0,19,0,0,0,38,0,15,5,3,55,6,1,120,9,0,0,0,0,0,0,0,0,7,0,0,0,0,0,0,0,0,0,0,0,0,0,20,0,0,0,0,0,13,0,0,0,0,0,23,0,0,0,0,0,0,0,0,0,0,0,0,0,0,0,0,0,0,0,0,0,0,0,0,0,0,0,0,0,0,0,0,0,18,0,16,0,0,0,0,0,0,0,0,0,0,0,0,0,0,0,91,0,82,0,0,0,35,0,0,0,0,0,0,0,0,0,0,0,0,0,33,0,0,0,5,0,86,0,22,0,141,0,10,0,9,0,0,0,0,0,9,0,0,0,0,0,0,0,37,0,0,0,0,0,0,0,0,0,0,0,0,0,0,0,0,0,0,0,0,0,0,0,42,112,317,0,38,0,0,3,0,0,0,0,0,0,0
0,0,0,0,25,129,0,0,0,0,0,45,12,66,21,24,0,0,14,339,4,91,0,0,0,0,0,81,0,35,4,30,0,23,0,0,0,105,0,18,0,0,0,13,0,25,0,0,0,1,0,35,0,0,0,0,0,0,0,4,0,11,0,5,0,0,0,0,0,0,0,0,0,0,0,0,0,0,0,0,0,0,0,0,0,49,0,0,0,0,0,0,0,0,0,0,0,0,0,3,0,0,0,0,0,0,0,0,0,0,0,0,0,0,0,0,0,0,0,0,0,0,0,0,0,0,0,0,0,0,0,0,0,0,0,0,0,0,0,174,0,129,0,60,0,103,0,0,0,0,0,0,0,0,0,15,0,30,0,82,0,0,0,0,0,44,0,39,0,51,0,0,0,10,0,0,0,18,0,10,0,0,0,0,0,0,0,31,0,0,0,0,0,0,0,0,0,1,0,0,0,0,0,0,0,0,0,0,0,0,0,0,0,0,10,0,0,0,28,83,99,0,0,0,0
22,0,29,0,338,0,0,0,0,0,137,0,142,0,119,0,0,0,129,0,0,0,10,3,0,0,122,0,5,0,12,0,155,0,72,0,0,0,60,0,0,1,63,0,45,0,0,4,7,0,86,0,0,0,0,0,0,0,0,0,28,0,0,0,0,0,0,0,0,0,23,0,0,0,33,0,0,0,0,0,0,0,0,0,0,0,18,0,0,0,0,0,0,0,36,0,0,0,0,0,0,0,0,0,0,0,62,0,0,0,0,0,0,0,0,0,0,0,0,0,15,0,0,0,0,0,0,0,0,0,0,0,0,0,0,0,0,0,111,0,98,0,24,0,109,0,0,0,0,0,0,0,0,0,12,0,32,0,41,0,0,0,17,0,47,0,69,0,66,0,26,0,55,0,0,0,28,0,57,0,0,0,0,0,0,0,0,0,0,0,0,0,0,0,0,0,0,0,0,0,0,0,0,0,0,0,0,0,0,0,22,36,99,0,0,0,0,3,0,0,0,0,0,0,0
19,165,16,11,8,79,11,0,0,0,0,90,13,82,17,32,0,0,18,109,7,22,24,8,14,0,0,21,0,7,0,15,0,127,0,105,0,0,0,51,0,0,0,98,0,20,0,0,0,0,0,98,0,0,1,0,0,0,0,0,0,29,0,5,0,0,0,0,0,0,0,0,0,3,0,0,0,0,0,2,0,0,0,0,0,0,0,0,0,0,0,0,0,0,0,0,0,0,0,0,0,0,0,0,0,0,0,0,0,0,0,0,0,0,0,0,0,0,0,0,0,0,0,0,0,0,0,0,0,0,0,0,0,0,0,0,0,44,0,96,0,106,0,42,0,131,0,0,0,2,0,0,0,2,0,20,0,61,0,36,0,0,0,0,0,13,0,48,0,25,0,10,0,88,0,0,9,61,0,54,0,0,0,32,0,0,2,28,0,0,0,0,0,0,0,0,0,0,0,0,0,0,0,0,0,0,0,0,0,2,0,0,0,0,5,0,0,0,10,243,73,0,0,0,0
467,0,425,22,151,14,81,3,5,0,136,0,0,0,7,11,123,0,0,0,7,0,147,16,153,0,3,0,14,0,4,0,0,0,19,0,60,0,0,0,0,0,3,0,0,0,0,0,3,0,4,0,65,0,6,0,0,0,0,0,8,0,32,0,0,0,0,0,0,0,4,0,0,0,0,0,0,0,0,0,0,0,0,0,0,0,0,0,0,0,4,0,0,0,0,0,0,0,0,0,0,0,0,0,0,0,0,0,0,0,0,0,0,0,0,0,0,0,0,0,0,0,0,0,0,0,0,0,3,0,0,0,0,0,0,0,0,0,89,0,0,0,0,0,67,0,0,0,0,0,0,0,0,0,50,0,100,0,48,0,0,0,0,0,0,0,15,0,0,0,0,0,105,0,0,0,151,11,4,0,0,0,49,0,0,0,0,0,0,0,0,0,0,0,0,0,0,0,0,0,0,0,0,0,0,0,0,0,0,0,19,259,83,25,23,0,0,0,0,0,0,0,0,0,0
35,471,0,96,0,0,19,205,17,35,0,0,0,0,0,42,5,63,0,0,0,0,6,21,37,238,0,0,0,74,0,9,0,10,0,18,0,51,0,0,0,0,0,0,0,0,0,0,0,0,0,0,3,4,7,10,0,0,0,10,0,24,6,48,0,0,0,0,0,0,0,0,0,0,0,0,0,0,0,0,0,0,0,0,0,0,0,0,0,0,0,0,0,0,0,0,0,0,0,0,0,0,0,0,0,0,0,0,0,0,0,0,0,0,0,0,0,0,0,0,0,0,0,0,0,0,0,0,0,0,0,0,0,6,0,5,0,0,0,50,0,28,0,7,0,112,0,0,0,0,0,0,0,0,0,42,0,78,0,54,1,0,0,0,0,0,0,0,0,0,0,0,0,16,0,0,12,89,0,46,0,0,0,74,0,0,0,0,0,0,0,0,0,0,0,0,0,0,0,0,0,0,0,0,0,0,0,0,0,4,0,0,0,0,0,0,0,0,14,124,4,0,0,0,0
17,0,15,0,112,0,6,0,21,0,76,0,414,158,0,0,0,0,37,0,0,0,0,0,0,0,73,148,0,0,0,0,1,0,0,0,0,0,0,0,0,81,39,27,64,65,250,299,170,27,22,0,0,0,0,0,0,0,0,0,0,0,0,0,10,0,0,0,0,0,0,0,0,0,0,0,0,0,0,0,0,0,0,0,0,0,0,0,0,0,0,0,0,0,0,0,0,0,0,0,0,0,0,0,0,0,0,0,0,0,0,0,0,0,0,0,0,0,0,0,0,0,0,0,0,0,8,0,0,0,0,0,0,0,0,0,0,0,0,0,0,0,0,0,0,0,0,0,0,0,31,0,68,0,0,0,0,0,0,0,0,0,0,0,12,0,0,0,0,0,0,0,0,0,0,0,38,5,69,0,85,0,26,0,87,0,188,0,0,0,0,0,0,0,0,0,0,0,0,0,0,0,0,0,0,0,0,0,0,0,0,81,60,0,0,0,0,11,0,0,0,0,0,0,0
0,36,0,6,0,19,0,0,0,3,0,134,56,161,0,0,0,0,24,0,0,0,0,0,0,0,60,23,0,0,0,0,0,0,0,0,1,0,0,0,81,0,41,43,28,33,135,438,8,317,13,6,0,0,0,0,0,0,0,0,0,0,0,0,0,0,0,0,0,0,0,0,0,0,0,0,0,0,0,0,0,0,0,0,0,0,0,0,0,0,0,0,0,0,0,0,0,0,0,0,0,0,0,0,0,0,0,0,0,0,0,0,0,0,0,0,0,0,0,0,0,0,0,0,0,0,0,1,0,0,0,0,0,0,0,0,0,0,0,0,0,0,0,0,0,0,0,0,0,0,0,0,0,0,0,0,0,0,0,0,0,0,0,0,0,13,0,0,0,0,0,0,0,0,0,0,0,97,0,40,0,29,0,8,0,0,18,16,0,0,0,0,0,0,0,0,0,0,0,0,0,0,0,0,0,0,0,0,0,4,0,0,0,0,0,0,0,0,0,0,5,0,0,0,7
0,0,0,0,0,0,0,0,0,0,0,0,152,33,6,0,0,0,64,0,44,0,0,0,0,0,286,31,2,0,0,0,8,0,38,0,63,0,3,0,39,41,0,0,156,22,120,130,18,7,53,0,0,0,0,0,0,0,0,0,8,0,0,0,5,0,0,0,0,0,16,0,10,0,11,0,0,0,0,0,0,0,0,0,0,0,0,0,0,0,0,0,0,0,0,0,0,0,0,0,18,0,0,0,4,0,0,0,0,0,0,0,0,0,0,0,0,0,0,0,0,0,0,0,0,0,0,0,0,0,0,0,0,0,0,0,0,0,32,0,0,0,0,0,16,0,0,0,0,0,0,0,0,0,0,0,0,0,10,0,4,0,18,0,23,0,26,0,0,0,18,0,35,0,0,0,2,0,4,0,0,0,0,0,0,0,72,0,0,0,0,0,0,0,0,0,0,0,0,0,0,0,0,0,0,0,0,0,0,0,23,38,56,8,13,0,0,2,0,0,0,0,0,0,0
0,0,0,0,0,0,0,0,0,0,0,0,28,42,0,0,0,0,15,45,6,91,0,2,0,0,22,295,0,0,0,14,0,9,0,13,0,98,0,0,27,43,0,0,0,171,19,37,0,17,0,67,0,0,0,0,0,9,0,22,0,0,0,0,0,0,0,9,0,0,0,23,0,0,0,0,0,6,0,6,0,75,0,0,0,0,0,22,0,0,0,0,0,0,0,0,0,0,0,0,0,0,0,11,0,0,0,0,0,0,0,0,0,0,0,0,0,0,0,0,0,37,0,0,0,0,0,0,0,0,0,0,0,0,0,0,0,0,0,0,0,150,0,98,0,105,0,0,0,0,0,1,0,0,0,0,0,26,0,0,0,0,0,0,0,65,0,49,0,52,0,21,0,41,0,0,0,115,0,0,0,0,0,0,0,0,8,102,0,0,0,0,0,0,0,0,0,0,0,0,0,0,0,0,0,0,0,0,0,0,0,0,0,0,0,0,0,0,36,40,100,7,0,0,0
0,0,8,1,0,0,0,0,0,0,6,0,50,8,0,0,0,0,77,0,136,0,0,0,12,0,342,12,0,0,0,0,9,0,15,0,45,0,0,0,64,28,156,0,0,20,248,80,182,37,35,0,8,0,0,0,0,0,0,0,0,0,0,0,4,0,3,0,0,0,48,0,0,0,44,0,0,0,0,0,32,0,104,0,0,0,53,0,0,0,0,0,0,0,0,0,0,0,0,0,0,0,0,0,0,0,197,0,0,0,0,0,0,0,0,0,0,0,0,0,0,0,21,0,0,1,0,1,0,0,0,0,0,0,0,0,0,0,0,0,0,0,0,0,47,0,6,0,1,1,21,0,38,0,7,0,2,0,0,0,0,0,40,0,135,0,53,0,109,0,53,0,62,0,0,0,17,3,11,0,27,0,5,0,32,0,70,0,40,0,0,0,0,0,25,0,0,0,0,0,0,0,0,0,0,0,0,0,0,0,94,90,316,26,27,0,0,48,1,0,0,0,0,0,0
0,5,0,0,0,8,0,0,0,5,0,10,36,18,0,0,0,0,7,75,3,150,0,7,0,0,19,250,0,1,0,8,0,2,5,25,0,20,0,0,65,33,22,171,20,0,79,227,11,199,8,84,0,0,0,8,0,15,0,33,0,0,0,17,0,0,0,21,0,5,0,36,0,11,0,48,0,24,0,0,0,113,0,46,0,176,0,48,0,25,0,0,0,6,0,114,0,0,0,18,0,0,0,0,0,26,1,60,0,0,0,0,0,0,0,0,0,0,0,0,0,44,0,0,0,0,0,0,0,0,0,0,0,0,0,0,1,0,0,0,0,49,0,70,1,103,0,0,0,0,0,0,0,0,0,0,0,0,0,0,0,0,0,14,0,232,0,34,0,105,0,25,0,42,0,0,0,20,0,0,0,0,0,0,0,0,24,21,0,63,0,22,0,0,0,38,0,0,0,0,0,0,0,54,0,0,1,0,0,0,1,0,0,0,22,0,0,0,106,137,290,22,7,0,90
0,0,0,0,62,0,0,0,30,0,68,0,293,52,0,0,0,0,65,0,0,4,0,0,0,0,267,43,0,0,0,0,0,0,3,0,0,0,0,0,250,135,120,19,248,79,0,351,289,97,0,0,0,0,0,0,0,0,0,0,0,0,5,0,0,0,0,0,0,0,0,0,0,0,0,0,0,0,0,0,0,0,0,0,0,0,0,0,0,0,0,0,0,0,0,0,0,0,0,0,0,0,0,0,0,0,0,0,0,0,0,0,0,0,0,0,0,0,0,0,0,0,0,0,0,0,0,0,0,0,0,0,0,0,0,0,0,0,0,0,0,0,0,0,0,0,20,0,7,0,87,0,194,0,0,0,0,0,0,0,2,0,0,0,39,0,0,0,0,0,4,0,2,0,0,0,48,5,56,0,121,0,0,0,199,0,186,0,0,0,0,0,0,0,0,0,0,0,0,0,0,0,0,0,0,0,0,0,0,0,25,242,267,0,0,3,1,69,0,0,0,0,0,0,0
0,165,0,29,0,149,0,0,0,29,0,303,238,293,0,0,0,0,82,158,27,15,0,0,0,0,200,172,0,0,0,0,0,0,55,0,4,0,0,0,299,438,130,37,80,227,351,0,19,253,53,10,0,0,0,0,0,0,0,0,0,0,0,0,0,18,0,0,0,0,0,0,0,0,0,0,0,0,0,0,0,0,0,0,0,0,0,0,0,0,0,0,0,0,0,0,0,0,0,0,0,0,0,6,0,0,0,0,0,0,0,0,0,0,0,0,0,0,0,0,0,0,0,0,0,0,0,0,0,0,0,0,0,0,0,0,0,33,0,0,0,0,0,0,0,0,0,0,0,0,0,47,0,28,0,0,0,0,0,0,0,0,0,0,0,57,0,1,0,0,0,0,0,0,0,0,0,61,0,16,0,0,0,0,0,0,73,46,0,0,0,0,0,0,0,0,0,0,0,0,0,0,0,0,0,0,0,0,0,39,0,0,0,0,0,0,0,0,3,190,125,0,5,0,96
0,0,0,0,7,0,6,0,4,0,6,0,54,0,0,0,5,0,6,0,6,0,0,0,6,1,54,0,0,0,0,0,2,0,6,0,7,0,3,0,170,8,18,0,182,11,289,19,0,59,19,0,0,0,6,0,8,0,0,0,3,0,0,0,0,0,0,0,10,0,0,0,0,0,0,0,2,0,3,0,0,0,50,0,0,0,0,0,0,0,0,0,6,0,18,0,12,0,0,0,0,0,9,0,32,0,23,0,0,0,0,0,0,0,0,0,0,0,3,0,0,0,0,0,0,1,0,1,2,2,6,0,3,1,23,0,2,0,0,0,0,2,7,0,4,0,5,0,5,1,15,1,38,0,0,0,5,0,3,0,14,0,8,0,62,1,18,0,18,0,10,0,2,0,0,0,35,2,24,0,53,2,7,0,18,0,383,0,59,0,26,0,55,0,56,0,5,0,77,0,38,0,57,0,52,0,12,0,8,0,125,76,276,11,38,22,3,30,0,0,12,2,0,0,0
0,28,0,0,0,4,0,2,0,2,0,101,0,59,0,0,0,9,0,31,0,0,0,8,0,0,3,22,0,0,0,0,0,0,1,1,0,0,0,0,27,317,7,17,37,199,97,253,59,0,0,0,0,0,0,0,0,3,0,0,0,0,0,18,0,0,0,0,0,1,0,0,0,0,0,3,0,3,0,0,0,0,0,12,0,0,0,0,0,2,0,0,0,1,0,18,0,0,0,0,0,0,0,6,0,0,0,0,0,0,0,0,0,0,0,0,0,0,0,0,0,6,0,5,0,0,0,0,0,0,0,0,0,0,0,0,0,0,0,0,0,0,0,0,0,0,0,3,0,4,0,25,0,11,0,0,0,0,0,0,0,0,0,3,0,21,0,4,0,6,0,10,0,0,0,0,0,204,0,15,0,0,0,3,0,15,58,42,0,4,0,0,0,0,0,2,0,0,0,4,0,1,0,0,0,4,0,0,0,6,0,9,0,0,9,0,0,0,9,90,55,4,2,0,20
3,0,0,0,49,0,0,0,0,0,4,0,216,27,10,0,0,0,127,0,55,0,0,0,0,0,186,23,3,0,9,0,10,0,120,0,86,0,4,0,22,13,53,0,35,8,0,53,19,0,0,5,0,0,0,0,0,0,0,0,13,0,0,0,0,0,0,0,0,0,3,0,7,0,0,0,7,0,0,0,0,0,15,0,0,0,7,0,0,0,5,0,0,0,0,0,0,0,0,0,17,0,0,0,0,0,40,0,0,0,0,0,0,0,0,0,0,0,0,0,13,0,0,0,0,0,0,1,0,0,0,0,0,0,0,0,0,0,21,0,29,0,19,0,0,0,0,0,0,0,0,0,0,0,4,0,1,0,5,0,8,0,10,0,58,0,30,0,123,0,27,0,60,0,3,0,0,0,0,0,0,0,0,0,0,0,41,0,0,0,0,0,0,0,0,0,0,0,0,0,0,0,18,0,0,0,0,0,0,0,35,46,106,12,11,0,0,10,0,0,0,0,0,0,0
0,0,0,0,17,81,0,0,0,0,0,12,78,253,0,0,0,0,65,320,0,75,0,0,0,0,25,308,0,0,0,14,0,7,9,35,0,98,0,0,0,6,0,67,0,84,0,10,0,0,5,0,0,0,0,0,0,5,0,0,0,8,0,0,0,0,0,4,0,0,0,13,0,0,0,0,0,0,0,3,0,0,0,0,0,66,0,12,0,0,0,0,0,0,0,37,0,0,0,0,0,0,0,0,0,0,0,0,0,0,0,0,0,0,0,0,0,1,0,0,0,0,0,0,0,0,0,0,0,0,0,0,0,0,0,0,0,0,0,76,0,88,0,49,0,77,0,0,0,0,0,0,0,0,0,13,0,16,0,0,0,0,0,0,0,88,0,45,0,72,0,22,0,64,0,0,0,162,0,4,0,3,0,0,0,0,0,219,0,27,0,11,0,0,0,11,0,0,0,0,0,0,0,0,0,0,0,0,0,0,0,0,0,0,9,0,0,0,24,0,107,0,2,0,0
4,31,1,0,0,0,21,38,49,110,0,0,0,0,19,0,72,2,58,0,36,0,20,0,14,14,31,0,64,5,6,0,0,0,0,0,0,0,65,3,0,0,0,0,8,0,0,0,0,0,0,0,0,19,128,61,168,9,32,14,41,12,131,22,0,0,0,35,0,0,0,0,0,0,0,0,0,0,0,0,5,0,0,0,4,0,12,0,0,0,0,0,0,0,0,0,10,0,15,0,9,0,3,0,0,0,37,0,0,0,0,0,0,0,0,0,0,0,0,0,11,0,12,0,2,0,14,0,74,0,45,0,0,0,0,0,69,0,65,0,50,0,93,0,3,0,0,0,0,0,2,0,0,0,231,1,51,0,230,0,27,0,7,0,0,0,0,0,0,0,47,0,0,0,0,0,10,5,0,0,0,0,47,0,0,1,0,0,0,0,0,0,0,0,0,0,0,0,0,0,0,0,0,0,0,0,0,0,12,0,27,15,59,56,18,0,5,0,5,0,3,0,0,0,0
0,2,0,3,0,1,3,18,53,188,0,0,0,0,0,9,0,18,0,19,0,2,0,20,0,7,0,0,0,5,0,0,0,0,0,0,0,0,0,4,0,0,0,0,0,0,0,0,0,0,0,0,19,0,8,73,18,157,51,40,0,14,0,56,0,0,67,75,0,0,0,0,0,0,0,0,0,0,0,0,0,4,0,0,0,27,0,1,0,0,0,0,0,0,0,0,0,0,0,0,0,7,0,0,0,0,0,20,0,0,0,0,0,0,0,0,0,0,0,0,0,0,0,0,0,10,0,19,0,49,0,31,0,47,0,13,0,120,0,65,0,29,0,100,0,25,0,0,0,0,0,0,0,0,2,201,0,33,0,84,0,61,0,1,0,0,0,0,0,0,0,0,0,0,0,0,8,31,0,0,0,0,0,0,12,40,0,0,0,0,0,0,0,0,0,0,0,0,0,0,0,0,0,0,0,0,0,0,0,0,1,0,1,2,18,0,0,0,12,24,11,8,0,0,0
0,57,24,0,0,0,107,63,92,144,0,0,0,0,0,0,8,0,0,0,24,0,5,0,62,35,0,0,34,2,19,0,0,0,0,0,0,1,6,7,0,0,0,0,0,0,0,0,6,0,0,0,128,8,0,29,17,0,25,0,66,16,49,55,4,0,1,0,0,0,0,0,0,0,0,0,0,0,0,0,0,0,0,0,6,0,0,0,0,0,31,0,0,0,0,0,0,0,0,0,0,0,0,0,0,0,0,0,0,0,0,0,0,0,0,0,0,0,0,0,0,0,7,0,0,0,33,0,58,0,150,0,44,0,94,0,134,0,0,0,21,0,186,0,0,0,13,0,4,0,11,0,0,0,152,0,18,0,75,0,24,0,0,0,0,0,0,0,0,0,123,0,10,0,3,0,0,14,0,0,0,0,3,0,0,3,0,0,0,0,0,0,0,0,0,0,0,0,0,0,33,0,0,0,0,0,3,0,77,0,312,25,221,185,342,0,0,2,0,0,6,0,0,0,0
0,5,0,27,0,7,0,193,161,119,0,0,0,0,0,39,0,12,0,0,0,12,0,44,0,64,0,0,0,14,0,0,0,5,0,0,0,0,0,10,0,0,0,0,0,8,0,0,0,0,0,0,61,73,29,0,21,120,107,47,6,62,4,69,0,0,165,11,0,2,0,0,0,0,0,0,0,5,0,0,0,2,0,5,0,6,0,0,0,0,0,0,0,1,0,0,0,0,0,1,0,0,0,0,0,0,0,0,0,0,0,0,0,0,0,0,0,0,0,0,0,0,0,0,0,12,0,19,0,26,0,21,0,72,0,71,0,162,0,46,0,22,0,122,0,2,0,4,0,2,0,0,0,0,3,73,0,15,0,12,2,39,0,0,0,5,0,0,0,15,2,157,0,54,0,0,16,10,0,0,0,0,2,0,40,17,0,0,0,0,0,0,0,0,0,0,0,0,0,0,0,0,0,0,0,0,0,0,0,24,3,4,0,0,270,0,0,0,134,19,379,211,1,47,0
0,0,0,0,0,0,7,0,28,69,0,0,0,0,0,0,0,0,0,0,0,0,0,0,2,0,0,0,2,0,0,0,0,0,0,0,0,0,0,0,0,0,0,0,0,0,0,0,8,0,0,0,168,18,17,21,0,21,166,33,5,3,8,13,55,12,48,87,0,0,0,0,0,0,0,0,0,0,0,0,0,0,0,0,0,0,0,0,0,0,0,0,0,0,0,0,0,0,0,0,0,0,0,0,0,0,0,0,0,0,0,0,0,0,0,0,0,0,0,0,0,0,0,0,3,0,15,0,22,0,175,0,32,0,23,0,24,0,0,0,0,0,18,0,0,0,3,0,0,2,0,0,3,0,60,15,20,0,52,3,71,0,0,0,0,0,0,0,10,0,145,0,2,0,0,0,0,0,0,0,0,0,1,0,0,0,0,0,0,0,0,0,0,0,0,0,0,0,0,0,0,1,0,0,0,0,0,0,35,0,307,71,444,342,591,0,28,0,5,0,0,0,0,0,0
0,0,0,6,0,0,0,6,5,18,0,0,0,0,0,0,0,45,0,0,0,0,0,11,0,32,0,0,0,1,0,0,0,0,0,0,0,0,0,0,0,0,0,9,0,15,0,0,0,3,0,5,9,157,0,120,21,0,68,285,0,10,0,13,31,9,95,30,0,3,0,0,0,0,0,0,0,3,0,0,0,0,0,0,0,4,0,0,0,2,0,0,0,0,0,0,0,3,0,0,0,0,0,0,0,0,0,12,0,0,0,0,0,0,0,0,0,0,0,0,0,0,0,0,0,7,0,17,0,22,0,23,0,39,0,27,0,105,12,29,0,27,0,77,0,31,0,0,0,0,0,0,0,0,22,421,3,34,32,68,66,199,0,342,0,2,0,5,0,76,0,159,0,0,0,5,0,0,0,0,0,0,0,0,16,5,0,0,0,0,0,0,0,1,0,0,0,0,0,0,0,4,0,0,0,0,0,0,0,4,0,0,1,0,347,0,0,0,128,37,582,245,48,26,0
1,0,0,0,0,0,24,0,128,190,0,0,7,0,0,0,0,0,0,0,2,0,0,0,1,6,0,0,0,0,0,0,0,0,0,0,0,0,0,0,0,0,0,0,0,0,0,0,0,0,0,0,32,51,25,107,166,68,0,112,57,6,4,41,21,16,68,231,0,0,0,0,0,0,0,0,0,0,0,0,0,1,2,0,0,0,0,1,0,0,0,0,0,0,0,0,0,0,0,0,0,0,0,0,0,0,0,0,0,0,0,0,0,0,0,0,0,0,0,0,0,0,0,0,4,0,4,0,0,0,64,0,3,0,3,0,0,0,0,0,0,0,0,0,0,1,0,0,16,0,0,0,0,0,27,24,88,0,0,0,16,0,0,0,0,0,0,0,0,0,49,0,0,0,0,0,28,5,0,0,0,0,0,0,24,15,0,0,0,0,0,0,0,0,0,0,0,0,0,0,0,0,0,0,0,0,0,0,6,0,560,254,242,355,805,0,24,2,12,6,7,0,0,0,0
0,58,0,10,0,16,0,18,0,87,0,7,0,8,0,5,0,0,0,3,0,0,0,0,0,3,0,35,0,0,0,0,0,0,0,4,0,0,0,10,0,0,0,22,0,33,0,0,0,0,0,0,14,40,0,47,33,285,112,0,0,30,0,15,92,123,243,136,0,2,0,0,0,0,0,0,0,0,0,0,0,0,0,0,0,0,0,0,0,0,0,0,0,2,0,0,0,0,0,0,0,0,0,0,0,0,0,0,0,0,0,0,0,0,0,0,0,0,0,0,0,0,0,0,0,9,0,12,16,1,0,20,0,5,0,5,0,6,24,7,0,1,0,10,4,95,0,0,0,12,0,0,0,0,36,113,0,213,73,32,179,34,0,94,0,8,0,0,1,54,0,113,0,0,0,8,2,0,0,0,0,40,0,0,42,33,0,0,0,0,0,0,0,0,0,0,0,0,0,0,0,0,0,0,0,0,0,0,0,5,11,8,0,0,1613,0,0,0,703,142,946,755,133,54,0
147,14,36,0,0,0,281,0,160,0,0,0,0,0,0,0,53,0,0,0,0,0,8,0,71,0,6,0,1,0,0,0,5,0,7,0,28,0,8,0,0,0,8,0,0,0,0,0,3,0,13,0,41,0,66,6,5,0,57,0,0,0,24,0,0,0,12,0,0,0,13,0,0,0,6,0,0,0,0,0,1,0,0,0,0,0,0,0,0,0,0,0,0,0,0,0,0,0,0,0,0,0,0,0,0,0,0,0,0,0,0,0,0,0,0,0,0,0,0,0,5,0,0,0,0,0,0,0,0,0,0,0,0,0,0,0,0,0,159,0,154,0,26,0,199,0,0,0,0,0,0,0,0,0,21,0,114,0,0,0,0,0,0,0,0,0,1,0,1,0,125,0,120,0,0,0,68,6,0,0,0,0,57,0,0,0,0,0,0,0,0,0,0,0,0,0,0,0,0,0,0,0,0,0,0,0,0,0,0,0,33,103,91,35,34,0,4,0,0,0,0,0,0,0,0
0,208,0,0,0,0,41,244,62,426,0,0,0,0,0,4,2,7,0,0,0,0,0,4,16,70,0,0,0,48,0,3,0,5,0,11,0,29,0,24,0,0,0,0,0,0,0,0,0,0,0,8,12,14,16,62,3,10,6,30,0,0,16,33,0,0,0,23,0,0,0,1,0,0,0,0,0,0,0,1,0,0,0,0,0,0,0,0,0,0,0,0,0,0,0,0,0,0,0,0,0,0,0,0,0,0,0,0,0,0,0,0,0,0,0,0,0,0,0,0,0,0,0,0,0,0,0,0,0,0,0,0,0,0,0,0,0,18,1,74,0,44,0,0,0,311,0,0,0,0,0,0,0,0,1,50,0,135,0,63,0,0,0,3,0,0,0,1,0,0,0,40,0,69,0,0,30,238,0,0,0,0,0,63,0,0,0,0,0,0,0,0,0,0,0,0,0,0,0,0,0,0,0,0,0,0,0,0,0,0,0,0,0,0,15,0,0,0,23,194,5,13,2,3,0
38,71,17,10,0,0,103,56,38,23,0,0,0,0,20,0,348,2,100,0,114,0,49,1,50,30,56,0,86,3,38,0,5,0,0,0,0,0,32,6,0,0,0,0,0,0,5,0,0,0,0,0,131,0,49,4,8,0,4,0,24,16,0,14,0,0,0,0,0,0,0,0,0,0,17,0,0,0,0,0,9,0,0,0,7,0,21,0,9,0,29,0,0,0,0,0,0,0,56,0,20,0,0,0,0,0,62,0,0,0,0,0,0,0,0,0,0,0,0,0,17,0,22,0,0,0,13,0,37,0,0,0,0,0,12,0,84,0,73,0,77,0,127,0,7,0,0,0,0,0,0,0,0,0,107,0,48,0,128,0,18,0,0,0,0,0,0,0,0,0,13,2,5,1,0,0,28,10,0,0,0,0,127,0,0,0,0,0,0,0,0,0,0,0,0,0,0,0,0,0,0,0,0,0,0,0,1,0,0,0,15,18,46,22,22,0,5,1,3,0,4,1,0,0,0
0,60,0,5,0,0,47,160,131,287,0,0,0,0,0,87,0,137,0,129,0,90,0,169,2,61,0,44,0,60,0,2,0,2,0,5,0,5,0,48,0,0,0,0,0,17,0,0,0,18,0,0,22,56,55,69,13,13,41,15,0,33,14,0,0,0,39,15,0,0,0,0,0,0,0,0,0,0,0,1,0,0,0,0,0,5,0,0,0,0,0,0,0,0,0,0,0,0,0,0,0,4,0,0,0,0,0,0,0,0,0,0,0,0,0,0,0,0,0,0,0,0,0,0,0,3,0,0,0,0,0,0,0,0,0,0,0,37,0,65,0,19,0,21,0,52,0,0,0,0,0,0,0,0,0,90,0,17,0,76,0,22,0,0,0,0,0,0,0,0,0,0,0,0,0,0,23,115,0,0,0,0,0,24,5,12,0,0,0,0,0,0,0,0,0,0,0,0,0,0,0,0,0,0,0,0,0,0,0,0,0,0,0,0,14,0,0,0,11,13,21,0,0,0,0
10,0,0,0,19,0,9,0,72,0,0,0,19,0,5,0,0,0,27,0,0,0,5,0,4,0,0,0,0,0,0,0,0,0,0,0,0,0,0,0,10,0,5,0,4,0,0,0,0,0,0,0,0,0,4,0,55,31,21,92,0,0,0,0,0,59,23,56,0,0,1,0,0,0,0,0,0,0,0,0,0,0,1,0,0,0,0,0,0,0,0,0,0,0,0,0,0,0,0,0,0,0,0,0,0,0,0,0,0,0,0,0,0,0,0,0,0,0,0,0,0,0,0,0,4,0,0,0,0,0,29,0,0,0,0,0,0,0,8,0,0,0,0,0,60,0,29,1,21,0,12,0,13,0,11,52,17,0,4,26,202,0,0,0,0,0,0,0,0,0,0,0,0,0,96,0,2,0,0,0,0,0,3,0,140,1,0,0,0,0,0,0,0,0,0,0,0,0,0,0,0,0,0,0,0,0,0,0,8,0,74,30,9,0,63,1,0,2,0,0,0,0,0,0,0
0,81,0,8,0,31,0,2,0,129,0,18,0,10,0,0,0,0,0,39,0,0,0,0,0,0,0,0,0,0,0,0,0,0,0,0,0,0,0,0,0,0,0,0,0,0,0,18,0,0,0,0,0,0,0,0,12,9,16,123,0,0,0,0,59,0,22,190,0,0,0,8,0,0,0,0,1,0,0,0,0,0,0,0,0,0,0,0,0,0,0,0,0,0,0,0,0,0,0,0,0,0,0,0,0,0,0,2,0,0,0,0,0,0,0,0,0,0,0,0,0,0,0,1,0,8,0,8,35,0,95,17,0,0,0,7,1,11,20,1,0,0,0,0,5,124,0,70,0,78,0,40,0,11,15,12,0,11,44,22,110,38,1,0,0,0,0,0,0,0,0,0,0,0,12,33,0,0,0,0,7,107,0,4,6,67,0,0,0,0,0,0,0,0,0,0,0,0,0,0,0,0,0,0,0,0,0,9,0,54,0,0,0,0,130,0,0,0,196,23,48,0,0,0,0
11,0,0,0,6,0,19,0,343,177,12,0,22,0,8,0,0,0,25,0,0,0,6,0,0,0,6,0,0,0,0,0,0,0,0,0,0,0,0,0,0,0,0,0,3,0,0,0,0,0,0,0,0,67,1,165,48,95,68,243,12,0,0,39,23,22,0,261,0,0,0,0,0,0,0,0,0,0,0,0,0,0,0,0,0,0,0,0,0,0,0,0,0,0,0,0,0,0,0,0,0,0,0,0,0,0,0,0,0,0,0,0,0,0,0,0,0,0,0,0,0,0,0,0,10,0,3,0,0,0,16,0,0,0,0,0,0,0,5,0,0,0,0,0,9,0,0,0,15,0,0,0,0,0,29,34,33,0,3,2,4,0,0,0,0,0,0,0,0,0,5,1,3,0,0,0,129,0,0,0,0,0,3,0,189,19,0,0,0,0,0,0,0,0,0,0,0,0,0,0,0,0,0,0,0,0,0,0,0,0,157,92,50,80,196,0,5,0,14,5,0,0,0,0,0
0,33,0,0,0,0,0,3,0,102,0,4,0,4,1,0,0,0,0,0,0,0,0,0,0,0,0,13,0,4,0,0,0,0,0,0,0,0,0,0,0,0,0,9,0,21,0,0,0,0,0,4,35,75,0,11,87,30,231,136,0,23,0,15,56,190,261,0,0,0,0,2,0,0,0,0,0,3,0,0,0,0,0,0,0,0,0,0,0,0,0,0,0,1,0,0,0,0,0,0,0,0,0,0,0,0,0,0,0,0,0,0,0,0,0,0,0,0,0,0,0,0,0,0,0,1,0,0,0,0,0,14,0,0,0,1,0,0,0,0,0,0,0,0,0,41,0,8,0,25,0,0,0,0,41,111,2,150,31,14,79,23,0,0,0,0,0,0,0,10,0,10,0,5,0,9,10,0,0,0,0,20,0,0,49,185,0,0,0,0,0,0,0,0,0,0,0,0,0,0,0,0,0,0,0,0,0,0,0,4,0,0,0,5,832,0,0,0,433,160,176,238,52,10,0
0,0,0,0,0,0,1,0,0,0,0,0,0,0,0,0,0,0,0,0,0,0,0,0,0,0,0,0,0,0,0,0,0,0,0,0,0,0,0,0,0,0,0,0,0,0,0,0,10,0,0,0,0,0,0,0,0,0,0,0,0,0,0,0,0,0,0,0,0,0,0,0,25,0,0,0,95,0,54,0,6,0,44,0,0,0,0,0,3,0,3,0,12,0,13,0,13,0,2,0,3,0,128,0,0,0,56,0,34,0,10,0,8,0,7,0,2,0,1,0,0,0,5,0,0,0,0,0,0,0,0,0,0,0,0,0,0,0,0,1,0,0,0,0,0,2,0,0,0,0,0,0,0,0,0,0,0,0,0,0,0,0,0,0,2,0,0,0,73,0,0,0,0,0,0,0,0,0,0,0,0,0,0,0,0,0,0,0,27,0,18,0,30,0,24,0,0,0,0,0,0,0,0,0,61,0,0,1,0,0,115,1,99,0,0,182,47,2,0,0,0,0,0,0,0
0,1,0,0,0,0,0,0,0,2,0,0,0,0,0,0,0,0,0,0,0,0,0,0,0,0,0,0,0,0,0,0,0,0,0,0,0,0,0,0,0,0,0,0,0,5,0,0,0,1,0,0,0,0,0,2,0,3,0,2,0,0,0,0,0,0,0,0,0,0,0,0,0,4,0,0,0,48,0,0,0,5,0,21,0,0,0,13,0,6,0,0,0,30,0,8,0,2,0,0,0,13,0,151,0,16,0,22,0,23,0,0,0,4,0,2,0,9,0,0,0,0,0,0,0,0,0,3,0,0,0,0,0,0,0,0,0,5,0,0,0,0,0,0,0,0,0,2,0,3,0,1,2,0,0,0,0,0,0,0,0,0,0,0,0,10,0,0,0,29,0,0,0,0,0,0,0,0,0,0,0,0,0,0,0,1,0,0,0,0,0,0,0,0,0,0,0,0,0,0,0,0,0,0,0,0,0,0,0,0,0,0,0,0,3,0,0,0,46,4,114,2,49,10,3
0,0,0,0,0,0,0,0,0,0,0,0,0,0,0,0,24,0,53,0,102,0,1,0,0,0,25,0,16,0,30,0,16,0,0,0,23,0,4,0,0,0,16,0,48,0,0,0,0,0,3,0,0,0,0,0,0,0,0,0,13,0,0,0,1,0,0,0,0,0,0,0,258,0,274,0,0,0,142,0,0,0,0,0,1,0,13,0,0,0,0,0,0,0,0,0,0,0,0,0,0,0,0,0,0,0,0,0,0,0,0,0,0,0,0,0,0,0,0,0,16,0,11,0,3,0,0,0,0,0,7,0,3,0,59,0,34,0,24,0,68,0,80,0,124,0,0,4,19,0,10,0,18,0,0,0,8,0,0,0,2,0,51,0,0,0,0,0,33,0,19,0,39,0,16,0,0,0,1,0,40,12,0,0,0,0,0,0,0,0,2,0,0,0,0,0,0,0,11,0,0,0,0,0,0,0,0,0,0,0,15,0,45,12,5,0,4,0,0,0,3,1,0,0,0
0,0,0,0,0,0,0,0,0,0,0,0,0,0,0,0,0,0,0,0,0,9,0,0,3,0,0,11,0,0,0,0,0,0,0,0,0,0,0,0,0,0,0,23,0,36,0,0,0,0,0,13,0,0,0,0,0,0,0,0,0,1,0,0,0,8,0,2,0,0,0,0,0,262,0,411,0,30,1,19,0,5,0,4,0,3,0,83,0,0,2,0,0,0,0,0,0,0,0,0,1,0,0,0,0,1,0,0,0,0,0,0,0,0,0,0,0,0,0,0,0,10,0,40,0,47,0,68,0,0,12,29,0,14,0,0,0,27,0,3,0,26,0,11,5,168,0,30,0,52,0,27,9,12,0,0,0,4,0,0,0,6,0,41,0,0,0,0,0,4,0,24,0,40,1,0,0,0,0,0,0,66,0,0,0,0,0,0,0,0,0,0,0,0,0,0,0,0,0,0,0,0,0,0,0,0,0,0,0,28,3,0,0,0,0,0,0,0,36,2,9,0,0,0,0
0,0,0,0,0,0,0,0,0,0,0,0,0,0,0,0,17,0,0,0,57,0,0,0,0,0,0,0,0,0,0,0,0,0,0,0,0,0,0,0,0,0,10,0,0,0,0,0,0,0,7,0,0,0,0,0,0,0,0,0,0,0,0,0,0,0,0,0,25,0,258,0,0,0,179,3,50,0,159,0,0,0,5,0,21,0,11,0,2,0,1,0,4,0,0,0,31,0,0,0,0,0,0,0,0,0,0,5,0,0,0,0,0,0,0,0,0,0,0,0,22,0,12,0,34,0,29,0,0,0,9,0,26,0,150,0,80,0,33,0,121,0,162,0,131,2,0,0,16,0,57,3,37,9,0,0,2,0,0,0,3,0,74,0,8,0,0,0,15,0,11,0,0,0,35,0,0,0,0,0,0,23,0,0,1,0,0,0,7,0,0,0,25,0,0,0,0,0,0,0,47,0,58,0,0,0,0,0,54,0,254,3,16,2,11,0,1,0,1,0,0,0,0,0,0
0,0,0,0,0,0,0,0,0,0,0,0,0,0,0,0,0,0,0,0,0,0,0,0,0,0,0,0,0,0,0,0,0,0,0,0,0,3,0,0,0,0,0,0,0,11,0,0,0,0,0,0,0,0,0,0,0,0,0,0,0,0,0,0,0,0,0,0,0,4,0,262,0,0,0,198,0,84,0,120,0,35,0,22,0,7,0,128,0,0,0,0,0,9,0,0,0,0,0,0,0,0,0,23,0,2,0,3,0,3,0,0,0,0,0,0,0,2,0,0,0,33,0,21,0,44,0,64,0,0,0,0,0,28,0,144,0,86,0,0,0,14,0,0,0,144,5,28,0,0,0,35,0,0,0,0,0,3,0,0,0,6,0,61,0,10,0,0,0,10,0,19,0,4,0,0,0,0,0,0,0,0,0,0,0,0,0,0,0,28,0,0,0,0,0,4,0,0,0,0,0,142,0,176,0,0,0,56,0,101,0,0,0,0,16,0,0,0,224,5,39,0,0,1,0
0,0,0,0,3,0,0,0,0,0,0,0,0,0,13,0,22,0,94,0,104,0,0,0,1,0,0,0,11,0,27,0,13,0,20,0,33,0,0,0,0,0,11,0,44,0,0,0,0,0,0,0,0,0,0,0,0,0,0,0,6,0,17,0,0,0,0,0,0,0,274,0,179,0,0,0,13,0,115,0,3,0,13,0,7,0,7,0,0,0,0,0,0,0,0,0,3,0,0,0,0,0,0,0,0,0,0,0,0,0,0,0,0,0,0,0,0,0,0,0,25,0,14,0,1,0,0,0,0,0,5,8,6,0,43,0,13,0,11,0,86,6,62,0,79,0,5,0,34,0,15,2,19,1,0,0,4,0,0,0,0,5,42,1,0,0,5,0,17,0,9,0,30,0,30,0,0,0,0,0,63,15,0,0,0,0,0,0,0,0,0,0,0,0,0,0,0,0,41,0,0,0,0,0,0,0,0,0,16,0,57,0,9,0,0,0,0,0,4,0,6,0,0,0,0
0,0,0,0,0,0,0,0,0,0,0,0,0,0,0,0,0,0,0,0,0,13,0,0,0,0,0,20,0,0,0,0,0,0,0,0,0,0,0,0,0,0,0,0,0,48,0,0,0,3,0,0,0,0,0,0,0,0,0,0,0,0,0,0,0,0,0,0,0,0,0,411,3,198,0,0,0,24,0,49,0,24,0,8,0,23,0,111,0,0,0,0,0,0,0,7,0,0,1,0,0,0,0,0,0,0,0,0,0,0,0,0,0,0,0,0,0,0,0,0,0,57,0,105,22,0,6,38,11,9,0,0,16,0,0,60,0,39,3,1,0,53,1,13,0,300,0,34,0,92,0,31,8,39,0,0,0,10,0,0,0,0,0,30,0,0,0,25,0,4,0,20,0,48,0,28,0,0,0,0,9,106,0,0,0,0,0,0,0,0,0,0,0,2,0,0,0,0,0,0,0,38,0,19,0,0,0,0,0,39,10,0,0,0,22,0,0,0,77,0,0,0,0,0,0
0,0,0,0,0,0,0,0,0,0,0,0,0,0,0,0,0,0,0,0,0,0,0,0,0,0,0,0,0,0,0,0,0,0,0,0,0,0,0,0,0,0,0,0,0,0,0,0,2,0,7,0,0,0,0,0,0,0,0,0,0,0,0,0,0,1,0,0,95,0,0,0,50,0,13,0,0,0,66,0,2,0,24,0,18,0,13,0,0,0,0,0,5,0,6,0,42,0,0,0,0,0,45,0,0,0,0,0,13,0,7,0,1,0,6,0,14,0,0,0,0,0,11,0,0,0,5,0,0,0,0,0,0,0,0,0,0,0,0,0,0,0,0,0,0,0,0,0,0,0,0,0,0,0,1,0,0,0,0,0,0,0,7,0,30,0,0,0,21,1,0,0,0,0,10,0,0,0,0,0,0,0,0,0,0,0,0,0,40,0,19,0,37,0,0,0,0,0,0,0,55,0,59,0,55,0,0,0,0,0,59,0,46,1,3,17,9,0,0,0,0,0,0,0,0
0,0,1,0,0,0,0,0,0,0,0,0,0,0,0,0,0,0,0,0,0,0,0,0,0,0,0,0,0,0,0,0,0,0,0,0,0,0,0,0,0,0,0,6,0,24,0,0,0,3,0,0,0,0,0,5,0,3,0,0,0,0,0,0,0,0,0,3,0,48,0,30,0,84,0,24,0,0,0,29,0,66,0,94,0,0,0,269,0,0,0,0,0,18,0,13,0,11,0,0,0,21,0,193,0,35,0,80,0,14,0,2,0,4,0,0,0,25,0,0,0,14,0,2,0,0,0,0,0,0,0,0,0,0,0,0,0,0,0,0,0,0,0,0,0,9,0,2,0,0,0,0,0,0,0,0,0,0,0,0,0,0,0,2,0,12,0,0,0,42,0,0,0,0,0,0,0,0,0,0,0,0,0,0,0,0,0,0,0,78,0,14,0,0,0,58,0,0,0,0,0,83,0,90,0,0,0,23,0,0,0,0,1,0,0,0,0,0,71,6,93,1,12,2,0
0,0,1,0,0,0,1,0,0,0,0,0,0,0,0,0,0,0,0,0,99,0,0,0,0,0,0,0,0,0,0,0,16,0,0,0,0,0,0,0,0,0,0,0,0,0,0,0,3,0,0,0,0,0,0,0,0,0,0,0,0,0,0,0,0,0,0,0,54,0,142,1,159,0,115,0,66,0,0,0,11,0,66,0,32,0,59,0,0,0,0,0,31,0,7,0,33,0,0,0,0,1,32,0,7,0,0,0,2,0,0,0,0,0,0,0,5,0,0,0,48,0,89,0,0,4,0,0,0,2,0,0,0,0,0,0,26,0,0,0,103,0,94,0,89,0,5,0,28,0,0,0,0,7,0,0,0,0,0,0,0,0,21,0,14,0,0,0,19,0,0,0,0,0,0,0,0,0,0,0,0,14,0,0,0,0,0,0,0,0,0,0,12,0,0,0,3,0,0,0,42,0,0,0,0,0,0,0,24,0,232,0,32,1,22,0,12,0,0,0,0,0,0,0,0
