0,100,108,102,62,86,61,11,74,0,63,59,34,0,13,161,47,66,0,0,8,13,51,256,15,53,0,0,50,24,8,0,73,49,0,0,62,0,174,17,18,0,0,0,11,0,0,0,11,0,0,0,0,0,10,1,0,0,15,0,123,0,42,0,8,0,10,0,0,0,0,0,0,0,3,0,0,0,0,0,0,0,0,0,0,0,0,0,0,0,0,0,0,0,0,0,0,0,0,0,0,0,0,0,0,0,0,0,0,0,0,0,0,0,0,0,0,0,0,0,0,0,0,0,0,0,1,0,0,0,9,0,0,0,0,0,0,0,0,0,0,0,0,0,0,0,0,0,24,0,0,0,12,0,0,0,0,0,0,0,6,0,0,0,0,0,36,0,0,0,28,0,159,0,0,0,345,68,3,0,11,0,4,0,76,0,0,0,0,0,1,0,0,0,0,0,0,0,0,0,0,0,0,0,0,0,0,0,0,0,444,250,197,159,246,0,5,0,0,2,0,0,0,0,0
100,0,176,115,0,175,159,113,154,43,0,275,0,94,0,20,97,0,0,87,0,13,144,0,388,20,0,105,0,156,0,0,0,0,0,0,0,148,0,268,0,0,0,4,0,30,0,0,0,0,0,8,30,1,103,26,0,5,0,7,0,49,65,0,0,71,0,0,0,0,0,0,0,1,0,0,0,0,0,0,0,0,0,0,0,0,0,0,0,0,0,0,0,0,0,0,0,0,0,0,0,1,0,0,0,0,0,0,0,0,0,0,0,0,0,0,0,0,0,0,0,0,0,0,0,0,0,0,0,1,0,7,0,0,0,12,0,0,0,0,0,0,0,0,0,0,0,0,0,15,0,56,0,12,0,2,0,0,0,0,0,0,0,3,0,0,0,60,0,99,0,0,0,187,0,3,163,513,0,5,0,0,15,4,0,51,0,0,0,2,0,0,0,0,0,0,0,0,0,7,0,0,0,0,0,0,0,0,0,35,0,6,0,0,328,0,0,0,808,316,263,0,3,0,0
108,176,0,148,312,234,141,0,18,0,98,128,156,0,128,280,38,57,88,0,22,0,430,341,107,61,68,0,269,0,42,0,226,57,0,0,72,38,428,0,0,0,0,0,21,0,0,0,25,0,8,0,0,0,75,0,0,0,0,0,112,0,59,0,0,0,0,0,0,0,2,0,0,0,0,0,0,0,0,0,0,0,0,0,0,0,0,0,0,0,0,0,0,0,0,0,0,0,0,0,0,0,0,0,0,0,0,0,0,0,0,0,0,0,0,0,0,0,0,0,0,0,0,0,7,0,0,0,0,0,28,0,0,0,91,0,29,0,0,0,0,0,55,0,0,0,0,0,15,0,0,0,0,0,0,0,0,0,0,0,6,0,0,0,0,0,106,0,151,0,23,0,320,0,0,0,280,86,0,0,0,0,3,0,4,0,1,0,0,0,10,1,0,0,0,0,0,0,12,0,0,0,0,0,1,0,8,0,23,0,582,134,379,350,499,0,0,0,0,0,0,0,0,0,0
102,115,148,0,0,221,0,36,0,3,0,43,0,29,4,155,71,28,0,109,2,20,131,117,137,95,0,70,18,251,0,46,0,228,0,0,0,85,0,150,0,0,0,0,0,0,0,14,0,0,0,0,0,0,15,71,0,0,0,0,0,0,0,0,0,0,0,0,0,0,0,0,0,0,0,0,0,0,0,0,0,0,0,0,0,0,0,0,0,0,0,0,0,0,0,0,0,0,0,0,0,0,0,0,0,0,0,0,0,0,0,0,0,0,0,0,0,0,0,0,0,0,0,0,0,0,0,0,0,1,0,1,0,0,0,79,0,55,0,0,0,7,0,0,0,0,0,0,0,0,0,0,0,0,0,0,0,0,0,0,0,0,0,0,0,16,0,120,0,43,0,0,0,64,0,0,43,73,0,0,0,0,10,0,0,0,0,0,0,0,0,0,0,0,0,0,0,0,0,0,0,53,0,0,0,0,0,0,0,22,0,0,0,0,138,0,0,0,345,88,244,0,0,0,0
62,0,312,0,0,231,21,0,21,0,86,154,382,254,438,235,0,0,91,409,80,204,195,0,14,0,151,67,11,0,101,0,223,0,105,61,419,0,10,0,45,0,0,0,17,0,25,0,10,0,170,0,0,0,0,0,0,0,0,0,0,0,0,0,8,0,0,0,0,0,0,0,0,0,0,0,0,0,0,0,0,0,0,0,0,0,0,0,0,0,0,0,0,0,0,0,0,0,0,0,0,0,0,0,0,0,0,0,0,0,0,0,0,0,0,0,0,0,0,0,0,0,0,0,0,0,0,0,0,0,0,0,0,0,0,0,0,0,0,0,0,0,0,0,2,0,0,0,21,0,0,0,0,0,0,0,0,0,0,0,0,0,0,0,77,0,255,0,180,0,0,0,111,0,0,0,264,76,69,0,0,0,0,0,79,0,0,2,0,0,1,0,0,0,0,0,0,0,0,0,0,0,0,0,0,0,0,0,0,0,380,296,452,187,229,0,1,0,0,0,0,0,0,0,0
86,175,234,221,231,0,0,31,0,7,117,313,0,155,257,273,64,0,0,158,118,88,334,86,0,16,0,213,0,27,11,199,0,133,0,184,0,94,0,0,0,44,0,0,3,20,0,55,0,8,0,68,0,0,0,26,0,0,0,0,0,0,0,0,0,11,0,0,0,0,0,0,0,0,0,0,0,0,0,0,0,0,0,0,0,0,0,0,0,0,0,0,0,0,0,0,0,0,0,0,0,0,0,0,0,0,0,0,0,0,0,0,0,0,0,0,0,0,0,0,0,0,0,0,0,0,0,0,0,0,0,0,0,0,0,97,0,69,0,0,0,0,0,0,0,0,0,1,0,0,0,0,0,0,0,0,0,0,0,0,0,0,0,0,0,60,0,324,0,82,0,0,0,22,0,0,149,525,35,17,0,0,10,1,0,0,0,2,0,0,0,0,0,0,0,0,0,0,0,0,0,0,0,0,0,0,0,0,0,37,0,0,0,0,118,0,0,0,492,213,496,0,0,0,0
61,159,141,0,21,0,0,0,182,76,38,0,0,0,5,0,10,0,0,0,0,0,6,0,275,225,0,0,53,5,0,0,0,14,0,0,0,0,0,0,0,0,0,0,0,0,0,0,69,0,0,0,38,0,241,41,10,0,14,0,317,0,247,28,40,0,38,0,0,0,0,0,0,0,0,0,0,0,0,0,0,0,0,0,7,0,0,0,0,0,0,0,0,0,0,0,5,0,0,0,0,0,0,0,0,0,0,0,0,0,0,0,0,0,0,0,0,0,0,0,0,0,0,0,23,0,0,0,0,0,129,0,10,0,3,0,2,0,0,0,0,0,0,0,0,0,0,0,48,0,0,0,0,0,0,0,0,0,0,0,16,0,0,0,0,0,0,0,87,0,243,0,276,14,0,0,106,67,0,0,0,0,0,0,0,0,0,0,0,0,3,0,0,0,0,0,1,0,0,0,0,1,0,0,0,0,3,0,9,0,893,155,332,532,744,0,34,0,8,0,0,0,0,0,0
11,113,0,36,0,31,0,0,114,107,0,39,0,22,0,18,0,11,0,24,1,0,0,3,0,152,0,35,1,110,0,0,0,0,0,0,0,0,0,389,0,0,0,0,0,2,0,0,0,13,0,0,83,29,150,533,0,28,0,18,0,216,62,140,0,5,0,22,0,0,0,0,0,0,0,0,0,2,0,0,0,0,0,0,0,0,0,0,0,0,0,0,0,0,0,0,0,0,0,0,0,0,0,0,0,0,0,0,0,0,0,0,0,0,0,0,0,0,0,0,0,0,0,0,0,0,0,0,0,0,0,9,0,0,0,9,0,0,0,5,0,0,0,0,0,0,0,0,0,0,0,0,0,0,0,0,0,0,0,0,0,0,0,0,0,0,0,0,0,87,0,75,0,264,0,0,51,79,0,0,0,1,0,0,0,0,0,0,0,8,0,0,0,0,0,0,0,0,0,0,0,0,0,0,0,0,0,0,0,0,0,0,0,0,626,0,0,0,784,143,325,365,0,6,0
74,154,18,0,21,0,182,114,0,169,49,0,21,0,0,0,27,80,10,0,0,0,0,16,37,359,7,0,0,2,1,0,0,8,0,0,0,8,34,25,11,0,0,0,12,0,4,0,9,0,0,0,53,0,106,119,3,0,81,0,270,0,215,0,143,0,42,0,0,0,0,0,0,0,0,0,0,0,0,0,5,0,0,0,0,0,0,0,0,0,0,0,0,0,0,0,0,0,0,0,0,0,0,0,0,0,0,0,0,0,0,0,0,0,0,0,0,0,0,0,0,0,3,0,0,0,0,0,0,0,79,0,5,0,0,0,0,0,0,0,0,0,0,0,0,0,4,0,100,0,1,0,0,0,0,0,1,0,5,0,16,0,0,0,6,0,7,0,49,0,148,3,124,0,7,0,396,98,8,0,0,0,0,0,437,0,0,0,0,0,0,0,0,0,0,0,0,0,0,0,1,0,0,0,0,0,0,0,6,0,512,154,129,130,267,0,8,7,0,2,0,0,0,0,0
0,43,0,3,0,7,76,107,169,0,0,24,0,0,0,3,0,0,0,19,0,0,0,0,0,8,0,9,0,0,0,0,0,0,0,0,0,0,0,72,0,0,0,0,0,0,0,0,0,6,0,0,172,58,354,116,0,69,187,165,0,310,33,226,0,198,114,78,0,0,0,0,0,0,0,0,0,0,0,0,0,0,0,0,0,0,0,0,0,0,0,0,0,0,0,0,0,0,0,0,0,0,0,0,0,0,0,0,0,0,0,0,0,0,0,0,0,0,0,0,0,0,0,0,0,18,0,0,0,4,0,101,0,0,0,0,0,0,0,0,0,0,0,3,0,0,0,5,0,33,0,52,0,25,10,1,0,0,0,4,0,28,0,0,0,29,0,0,2,0,0,111,0,163,0,0,74,318,0,0,0,0,0,9,0,51,0,0,0,0,0,0,0,0,0,0,0,0,0,8,0,0,0,0,0,0,0,0,0,18,5,7,0,0,442,0,0,0,647,161,175,0,0,5,0
63,0,98,0,86,117,38,0,49,0,0,0,113,57,58,139,4,0,9,124,42,90,45,61,1,0,28,0,2,0,36,0,142,0,0,0,172,10,0,0,25,0,0,0,0,0,0,0,5,0,0,0,0,0,11,0,0,0,12,0,0,0,0,0,4,0,0,0,0,0,0,0,0,0,0,0,0,0,0,0,0,0,0,0,0,0,0,0,0,0,0,0,0,0,0,0,0,0,0,0,0,0,0,0,0,0,0,0,0,0,0,0,0,0,0,0,0,0,0,0,0,0,0,0,0,0,0,0,0,0,18,0,0,0,0,0,0,0,0,0,0,0,0,0,0,0,0,0,24,0,0,0,0,0,0,0,0,0,0,0,7,0,0,0,0,0,86,0,93,0,0,0,33,0,28,0,227,38,209,0,0,0,35,0,81,0,10,0,0,0,0,0,0,0,0,0,1,0,0,0,0,0,0,0,0,0,0,0,0,0,208,141,160,101,102,0,1,0,0,0,0,0,0,0,0
59,275,128,43,154,313,0,39,0,24,0,0,0,327,169,14,59,0,0,86,59,13,192,4,0,0,0,145,0,12,0,0,0,69,0,61,0,48,4,0,0,89,0,0,0,24,0,84,0,38,0,26,0,0,0,4,0,0,0,0,0,0,0,1,0,25,0,0,0,0,0,0,0,0,0,0,0,0,0,0,0,0,0,0,0,0,0,0,0,0,0,0,0,0,0,0,0,0,0,0,0,0,0,0,0,0,0,0,0,0,0,0,0,0,0,0,0,0,0,3,0,0,0,0,0,0,0,3,0,0,0,0,0,0,0,0,0,25,0,0,0,0,0,0,0,0,0,0,0,13,0,57,0,54,0,0,0,1,0,0,0,0,0,0,0,0,5,85,0,0,0,0,0,11,0,8,105,467,18,28,0,23,0,12,0,16,0,0,0,2,0,0,0,0,0,0,0,0,0,0,0,6,0,0,0,0,0,0,0,27,0,0,0,0,89,0,0,0,406,295,176,0,0,0,0
34,0,156,0,382,0,0,0,21,0,113,0,0,361,109,0,0,0,136,307,39,89,17,2,6,0,190,583,0,0,0,0,0,0,111,59,43,0,0,0,199,128,83,92,91,154,98,295,27,72,368,54,0,0,0,0,0,0,8,0,0,0,0,0,8,0,0,0,0,0,0,0,0,0,0,0,0,0,0,0,0,0,0,0,0,0,0,0,0,0,0,0,0,0,0,0,0,0,0,0,0,0,0,0,0,0,0,0,0,0,0,0,0,0,0,0,0,0,0,0,0,0,0,0,0,0,0,0,0,0,0,0,0,0,0,0,0,0,0,0,0,0,0,0,0,0,0,0,30,0,0,0,0,0,0,0,0,0,0,0,0,0,0,0,91,0,26,0,30,0,0,0,6,0,0,0,207,86,138,0,51,0,26,0,79,0,128,16,0,0,0,0,0,0,0,0,0,0,0,0,0,0,0,0,0,0,0,0,0,0,73,164,171,0,29,0,2,0,0,0,0,0,0,0,0
0,94,0,29,254,155,0,22,0,0,57,327,361,0,283,11,0,0,482,120,127,20,0,0,0,0,138,177,0,0,0,0,0,0,0,16,17,13,0,0,34,210,36,143,13,59,0,163,0,72,0,286,0,0,0,7,0,0,0,0,0,1,0,0,0,0,0,0,0,0,0,0,0,0,0,0,0,1,0,0,0,0,0,0,0,0,0,0,0,0,0,0,0,0,0,0,0,0,0,0,0,0,0,0,0,0,0,0,0,0,0,0,0,0,0,0,0,0,0,0,0,0,0,0,0,0,0,0,0,0,0,0,0,0,0,0,0,0,0,1,0,0,0,0,0,0,0,0,0,0,0,0,0,0,0,0,0,0,0,0,0,0,0,0,0,98,0,37,0,33,0,3,0,0,0,2,77,473,57,6,0,3,0,2,0,0,0,70,0,0,0,0,0,0,0,0,0,0,0,0,0,0,0,0,0,0,0,0,0,0,0,0,0,0,20,0,0,0,87,373,250,0,0,0,2
13,0,128,4,438,257,5,0,0,0,58,169,109,283,0,265,17,0,272,348,69,216,208,78,18,0,148,52,0,0,60,22,63,0,84,63,143,21,0,0,18,2,0,0,29,7,14,6,7,0,65,21,8,0,23,0,0,0,0,0,0,0,0,0,5,0,0,0,0,0,0,0,0,0,0,0,0,0,0,0,0,1,0,0,0,0,0,0,0,0,0,0,0,0,0,0,0,0,0,0,0,0,0,0,0,0,0,0,0,0,0,0,0,0,0,0,0,0,0,0,0,0,0,0,0,0,0,0,0,0,0,0,0,0,114,0,24,0,0,0,0,0,99,0,0,0,10,0,47,0,0,0,0,0,0,0,0,0,0,0,0,0,0,0,14,0,36,0,0,0,1,0,0,0,0,0,144,33,29,0,0,0,2,0,42,0,0,3,0,0,19,0,0,0,0,0,0,0,0,0,0,0,0,0,0,0,21,0,0,0,57,212,53,0,0,0,0,0,0,0,0,0,0,0,0
161,20,280,155,235,273,0,18,0,3,139,14,0,11,265,0,97,68,0,232,131,94,390,100,0,129,0,68,10,17,16,92,28,24,0,41,0,26,13,0,0,0,0,0,0,0,0,5,0,0,0,5,0,0,0,98,0,0,0,0,0,0,0,12,0,0,0,0,0,0,0,0,0,0,0,0,0,0,0,0,0,0,0,0,0,129,0,0,0,0,0,55,0,0,0,0,0,0,0,102,0,0,0,0,0,0,0,0,0,0,0,0,0,0,0,0,0,0,0,0,0,0,0,10,0,0,0,0,0,0,0,0,0,0,0,320,0,128,0,38,0,35,0,0,0,0,0,0,0,0,0,0,0,0,0,8,0,0,0,0,0,0,0,0,0,12,0,42,0,0,0,0,0,12,0,0,104,197,19,0,0,0,18,0,0,0,0,0,0,0,0,0,0,0,0,0,0,0,0,0,0,195,0,0,0,0,0,0,0,73,0,0,26,0,0,0,0,0,69,192,61,0,0,0,0
47,97,38,71,0,64,10,0,27,0,4,59,0,0,17,97,0,49,91,0,228,7,137,168,136,70,94,0,303,18,69,18,231,37,20,0,16,19,250,11,4,0,3,0,68,0,0,0,15,0,0,0,84,0,6,0,0,0,0,0,25,0,362,0,0,0,0,0,0,0,15,0,0,0,18,0,0,0,0,0,0,0,0,0,223,0,13,0,0,0,115,0,0,0,0,0,297,0,0,0,0,0,0,0,44,0,0,0,0,0,0,0,0,0,0,0,0,0,0,0,42,0,186,0,0,0,1,0,0,0,0,0,0,0,0,0,155,0,163,0,316,0,520,0,0,0,0,0,0,0,0,0,0,0,20,0,0,0,25,0,0,0,0,0,0,2,13,0,28,0,10,0,36,0,0,0,103,11,2,0,0,0,8,0,0,0,0,0,0,0,0,0,0,0,0,0,0,0,0,0,172,0,0,0,0,0,0,0,0,0,27,67,59,0,20,0,0,2,3,0,0,0,0,0,0
66,0,57,28,0,0,0,11,80,0,0,0,0,0,0,68,49,0,0,103,0,73,54,346,157,212,0,80,4,219,0,36,0,122,0,11,0,15,0,194,0,0,0,0,0,0,0,0,0,0,0,0,24,59,47,36,1,6,0,2,11,6,47,229,0,0,0,0,0,0,0,0,0,0,0,7,0,0,0,0,0,0,0,0,0,231,0,17,0,0,0,48,0,0,0,0,0,45,0,165,0,0,0,0,0,0,0,0,0,0,0,0,0,0,0,0,0,0,0,0,0,0,0,23,0,0,0,3,0,47,0,4,0,0,0,210,0,0,0,84,0,123,0,386,0,0,0,0,0,0,0,0,0,0,0,10,0,0,0,5,0,0,0,0,0,6,0,10,0,0,0,3,0,13,0,0,21,23,0,0,0,0,7,0,0,0,0,0,0,0,0,0,0,0,0,0,0,0,0,0,0,83,0,0,0,0,0,0,0,7,0,3,0,0,32,0,0,0,22,86,33,11,0,0,0
0,0,88,0,91,0,0,0,10,0,9,0,136,482,272,0,91,0,0,284,113,78,321,0,22,0,94,510,7,0,7,0,5,0,133,0,42,0,2,0,40,130,52,80,17,93,9,204,5,23,364,88,0,0,0,0,0,0,0,0,0,0,21,0,0,0,0,0,0,0,11,0,0,0,0,0,0,0,0,0,0,0,0,0,0,0,0,0,0,0,0,0,0,0,0,0,0,0,0,0,0,0,0,0,0,0,0,0,0,0,0,0,0,0,0,0,0,0,0,0,0,0,0,0,0,0,0,0,0,0,0,0,0,0,50,0,0,0,0,0,16,0,0,0,0,0,0,0,41,0,0,0,0,0,0,0,0,0,0,0,0,0,0,0,96,0,19,0,40,0,0,0,0,0,0,0,30,24,45,0,0,0,11,0,80,0,23,27,0,0,0,0,0,0,0,0,0,0,0,0,0,0,0,0,0,0,0,0,0,0,69,192,183,35,30,0,0,0,0,0,0,0,0,0,0
0,87,0,109,409,158,0,24,0,19,124,86,307,120,348,232,0,103,284,0,143,118,6,170,0,47,0,260,0,74,0,56,0,9,0,159,41,36,0,0,0,14,0,72,0,37,0,49,0,28,0,245,0,10,0,47,0,0,0,0,0,3,0,35,0,43,0,0,0,0,0,0,0,0,0,9,0,0,0,0,0,0,0,0,0,132,0,0,0,0,0,0,0,0,0,0,0,0,0,104,0,0,0,0,0,0,0,0,0,0,0,0,0,0,0,0,0,0,0,0,0,0,0,20,0,0,0,9,0,0,0,2,0,0,0,180,0,143,0,0,0,90,0,143,0,0,0,0,0,0,0,65,0,0,0,0,0,0,0,0,0,0,0,0,0,71,0,40,0,35,0,2,0,0,0,0,46,117,53,2,0,5,0,3,0,23,0,5,0,0,0,0,0,0,0,0,0,0,0,27,0,104,0,0,0,0,0,0,0,79,0,0,0,0,21,0,0,0,64,249,160,0,0,0,0
8,0,22,2,80,118,0,1,0,0,42,59,39,127,69,131,228,0,113,143,0,98,200,72,48,0,174,0,26,0,104,0,78,10,149,28,69,11,15,0,0,0,17,0,34,0,2,0,5,3,105,13,17,0,0,0,6,0,0,0,0,0,98,0,0,0,0,0,0,0,108,0,0,0,104,0,0,0,0,0,0,0,0,0,235,0,0,0,0,0,0,0,0,0,0,0,359,0,0,0,0,0,0,0,0,0,0,0,0,0,0,0,0,0,0,0,0,0,0,0,142,0,213,0,0,0,0,0,11,0,0,0,0,0,0,0,36,0,91,0,307,0,265,0,0,0,0,0,2,0,0,0,3,0,8,0,0,0,0,0,0,1,0,0,65,0,111,0,87,0,0,0,44,0,0,0,71,11,30,0,0,0,0,0,0,0,0,3,0,0,0,0,0,0,0,0,0,0,0,0,0,0,0,0,0,0,0,0,0,0,241,422,203,121,143,0,0,0,0,0,0,0,0,0,0
13,13,0,20,204,88,0,0,0,0,90,13,89,20,216,94,7,73,78,118,98,0,61,130,0,23,14,136,1,136,0,60,0,45,0,117,25,20,0,11,0,0,1,25,0,29,0,0,0,7,0,38,0,0,0,12,0,0,0,0,0,0,0,60,0,0,0,0,0,0,0,2,0,1,0,7,0,0,0,0,0,0,0,0,0,100,0,0,0,0,0,0,0,0,0,0,0,0,0,0,0,0,0,0,0,0,0,0,0,0,0,0,0,0,0,0,0,0,0,0,0,0,0,13,0,0,0,1,0,18,0,0,0,0,0,57,0,0,0,179,0,195,0,275,0,54,0,0,0,0,0,0,0,0,0,7,0,0,0,0,0,0,0,0,0,34,0,46,0,0,0,0,0,0,0,0,16,30,25,1,0,0,0,0,0,0,0,0,0,0,0,0,0,0,0,0,0,0,0,0,0,16,0,0,0,0,0,0,0,0,0,0,0,0,0,0,0,0,110,369,96,23,0,0,0
51,144,430,131,195,334,6,0,0,0,45,192,17,0,208,390,137,54,321,6,200,61,0,538,216,22,216,0,109,37,54,66,69,83,0,0,15,39,58,11,10,0,0,0,147,0,33,0,29,0,9,0,0,0,95,0,0,0,0,0,0,0,54,0,0,0,0,0,0,0,0,0,0,0,0,0,0,0,0,0,0,0,0,0,143,0,7,0,0,0,0,0,0,0,0,0,165,0,0,0,0,0,0,0,242,0,215,0,0,0,0,0,0,0,0,0,0,0,0,0,0,0,0,0,0,0,0,0,0,0,0,0,0,0,245,0,96,0,0,0,0,0,480,0,0,0,0,0,0,0,0,0,0,0,0,0,0,0,0,0,0,0,0,0,0,0,24,3,0,0,13,0,39,0,0,0,238,58,0,0,0,0,13,0,0,0,0,0,0,0,0,0,0,0,0,0,0,0,0,0,246,0,0,0,0,0,0,0,66,0,38,109,100,0,0,0,0,0,15,0,0,0,0,0,0
256,0,341,117,0,86,0,3,16,0,61,4,2,0,78,100,168,346,0,170,72,130,538,0,176,83,0,85,31,146,12,57,0,69,0,19,0,32,36,0,0,0,0,0,0,0,1,0,0,5,0,0,0,16,0,38,0,0,0,0,0,0,0,65,0,0,0,0,0,1,0,0,0,0,0,7,0,0,0,0,0,0,0,0,0,76,0,14,0,0,0,0,0,0,0,0,0,0,0,101,0,33,0,0,0,0,0,0,0,0,0,0,0,0,0,0,0,0,0,0,0,12,0,19,0,0,0,0,0,0,0,0,0,0,0,94,0,0,0,9,0,31,0,90,0,7,0,0,0,1,0,4,0,0,0,0,0,0,0,0,0,0,0,0,0,5,0,43,0,0,0,2,7,13,0,0,63,61,6,0,0,0,29,0,0,0,0,0,0,0,0,0,0,0,0,0,0,0,0,0,0,45,0,0,0,0,0,0,0,0,0,0,0,0,22,0,1,0,67,498,78,0,0,0,0
15,388,107,137,14,0,275,0,37,0,1,0,6,0,18,0,136,157,22,0,48,0,216,176,0,294,24,0,168,0,0,4,0,45,0,0,2,27,0,38,6,0,0,0,0,0,4,0,25,0,0,0,37,0,194,0,20,0,12,0,52,0,153,0,0,0,0,0,0,0,0,0,0,0,0,0,0,0,0,0,0,0,0,0,0,0,0,0,0,0,0,0,0,0,0,0,0,0,0,0,0,0,0,0,117,0,137,0,0,0,0,0,0,0,0,0,0,0,0,0,0,0,0,0,0,0,8,0,0,0,0,0,0,0,172,0,152,0,0,0,0,0,420,0,0,0,0,0,4,0,0,0,0,0,47,0,0,0,15,0,26,0,0,1,0,0,0,0,0,0,58,0,37,0,0,0,141,29,0,0,0,0,0,0,0,0,0,0,0,0,0,0,0,0,0,0,0,0,0,0,122,0,0,0,0,0,9,0,44,0,125,94,139,0,191,0,22,8,10,6,0,0,0,0,0
53,20,61,95,0,16,225,152,359,8,0,0,0,0,0,129,70,212,0,47,0,23,22,83,294,0,0,0,0,164,0,0,0,28,0,0,0,18,0,150,0,0,0,0,0,0,0,0,0,0,0,0,128,16,304,356,0,42,0,14,0,25,151,78,0,0,0,0,0,0,0,0,0,0,0,0,0,0,0,0,0,0,0,0,0,58,0,0,0,0,0,0,0,0,0,0,0,0,0,0,0,0,0,0,0,0,0,0,0,0,0,0,0,0,0,0,0,0,0,0,0,0,0,0,0,1,0,0,0,16,0,0,0,0,0,314,2,91,0,63,0,39,0,314,0,0,0,0,0,0,0,0,0,0,0,23,0,0,0,7,0,2,0,0,0,7,1,0,0,0,0,0,0,49,0,0,80,90,0,0,0,0,9,0,0,0,0,0,0,0,0,0,0,0,0,0,0,0,0,0,0,141,0,0,0,0,0,0,0,0,0,0,0,0,78,0,0,0,81,364,96,51,0,0,0
0,0,68,0,151,0,0,0,7,0,28,0,190,138,148,0,94,0,94,0,174,14,216,0,24,0,0,287,18,0,40,0,42,0,29,0,42,0,12,0,23,189,116,70,178,167,31,313,58,69,204,35,0,0,0,0,0,0,0,0,0,0,0,0,7,0,0,0,0,0,0,0,0,0,0,0,0,0,0,0,0,0,0,0,0,0,0,0,0,0,0,0,0,0,0,0,0,0,0,0,0,0,0,0,0,0,0,0,0,0,0,0,0,0,0,0,0,0,0,0,0,0,0,0,0,0,0,0,0,0,7,0,0,0,0,0,0,0,0,0,0,0,0,0,0,0,0,0,27,0,0,0,0,0,0,0,0,0,3,0,0,0,0,0,151,0,0,0,0,0,0,0,0,0,0,0,18,36,37,0,60,0,11,0,99,0,97,17,0,0,0,0,0,0,0,0,0,0,0,0,0,0,0,0,0,0,0,0,0,0,0,266,255,53,0,0,0,23,0,0,0,0,0,0,0
0,105,0,70,67,213,0,35,0,9,0,145,583,177,52,68,0,80,510,260,0,136,0,85,0,0,287,0,2,94,0,54,2,28,0,55,17,77,0,0,149,62,125,253,0,221,27,141,0,53,104,260,0,0,0,0,0,0,0,0,0,0,0,80,0,19,0,0,0,0,0,0,0,0,0,0,0,0,0,0,0,0,0,0,0,286,0,0,0,0,0,0,0,0,0,0,0,0,0,0,0,0,0,0,0,0,0,0,0,0,0,0,0,0,0,0,0,0,0,0,0,0,0,69,0,0,1,0,0,18,0,3,0,0,0,168,0,64,0,124,0,360,0,491,0,0,0,0,0,0,0,0,0,0,0,0,0,0,0,0,0,0,0,0,0,115,0,13,0,0,0,0,0,4,0,0,26,136,27,0,0,0,0,0,0,15,68,84,0,0,0,0,0,0,0,0,0,0,0,0,0,0,0,0,0,0,0,0,0,39,0,0,0,0,21,0,0,0,69,576,359,0,0,0,52
50,0,269,18,11,0,53,1,0,0,2,0,0,0,0,10,303,4,7,0,26,1,109,31,168,0,18,2,0,4,59,0,32,0,22,0,30,0,24,0,1,0,5,0,23,0,0,0,0,0,13,0,9,0,10,0,0,0,0,0,30,0,23,0,0,0,0,0,0,0,0,0,0,0,4,0,0,0,0,0,0,0,0,0,0,0,0,0,0,0,0,0,0,0,0,0,9,0,0,0,0,0,0,0,0,0,0,0,0,0,0,0,0,0,0,0,0,0,0,0,3,0,7,0,0,0,0,0,0,0,0,0,0,0,0,0,12,0,47,0,55,0,19,0,4,0,0,0,0,0,0,0,0,0,10,0,0,0,7,0,0,0,0,0,0,0,1,0,0,0,0,0,0,0,0,0,63,0,0,0,0,0,11,0,3,0,0,0,0,0,0,0,0,0,0,0,0,0,0,0,0,0,0,0,0,0,0,0,0,0,3,20,0,0,0,0,0,1,0,0,0,0,0,0,0
24,156,0,251,0,27,5,110,2,0,0,12,0,0,0,17,18,219,0,74,0,136,37,146,0,164,0,94,4,0,0,138,3,114,0,163,0,96,0,36,0,0,0,80,0,0,0,0,0,0,0,38,0,10,0,24,0,0,0,0,0,16,0,87,0,0,0,0,0,0,0,0,0,0,0,0,0,0,0,0,0,0,0,0,0,44,0,0,0,0,0,0,0,0,0,1,0,0,0,44,0,0,0,0,0,0,0,0,0,0,0,0,0,0,0,0,0,0,0,0,0,0,0,7,0,0,0,0,0,15,0,0,0,8,0,45,0,0,0,95,0,81,0,169,0,14,0,0,0,0,0,0,0,2,0,14,0,0,0,20,0,0,0,0,0,0,0,5,0,0,0,0,0,0,0,0,0,31,0,32,0,1,4,12,0,0,0,0,0,0,0,0,0,0,0,0,0,0,0,0,0,0,0,0,0,0,0,0,0,0,0,0,0,0,0,0,0,0,0,64,0,0,0,0,0
8,0,42,0,101,11,0,0,1,0,36,0,0,0,60,16,69,0,7,0,104,0,54,12,0,0,40,0,59,0,0,1,12,0,28,0,13,0,31,0,1,0,9,0,17,0,0,0,2,0,34,0,0,0,4,0,0,0,0,0,0,0,35,0,0,0,0,0,0,0,6,0,0,0,12,0,0,0,0,0,0,0,0,0,13,0,0,0,0,0,0,0,0,0,0,0,0,0,0,0,0,0,0,0,0,0,0,0,0,0,0,0,0,0,0,0,0,0,0,0,0,0,0,0,0,0,0,0,3,0,0,0,0,0,0,0,9,0,68,0,107,0,51,0,0,0,0,0,0,0,0,0,0,0,8,0,0,0,9,0,0,0,0,0,0,0,42,0,40,0,0,0,30,0,0,0,19,5,6,0,0,0,0,0,0,0,0,0,0,0,0,0,0,0,0,0,0,0,0,0,6,0,0,0,0,0,0,0,1,0,62,90,47,30,34,0,0,0,0,0,0,0,0,0,0
0,0,0,46,0,199,0,0,0,0,0,0,0,0,22,92,18,36,0,56,0,60,66,57,4,0,0,54,0,138,1,0,0,21,0,43,0,15,0,3,0,0,0,57,0,0,0,0,0,0,0,23,0,0,0,0,0,0,0,0,0,0,0,9,0,0,0,0,0,0,0,0,0,0,0,0,0,0,0,0,0,0,0,0,0,0,0,0,0,0,0,0,0,0,0,0,0,0,0,0,0,0,0,0,0,0,0,0,0,0,0,0,0,0,0,0,0,0,0,0,0,0,0,0,0,0,0,0,0,4,0,0,0,0,0,0,0,0,0,39,0,35,0,0,0,0,0,0,0,0,0,0,0,0,0,0,0,0,0,7,0,0,0,1,0,6,0,36,0,0,0,0,0,0,0,0,0,26,1,0,0,0,0,2,0,0,0,0,0,0,0,0,0,0,0,0,0,0,0,0,0,0,0,0,0,0,0,0,0,0,0,0,3,0,17,0,0,0,84,218,47,0,0,0,0
73,0,226,0,223,0,0,0,0,0,142,0,0,0,63,28,231,0,5,0,78,0,69,0,0,0,42,2,32,3,12,0,0,0,40,0,174,0,10,0,0,0,51,0,39,0,0,0,4,0,27,0,0,0,2,0,1,0,0,0,0,0,19,0,0,0,0,0,0,0,0,0,0,0,0,0,0,0,0,0,0,0,0,0,0,0,0,0,0,0,0,0,0,0,0,0,0,0,0,0,0,0,0,0,1,0,0,0,0,0,0,0,0,0,0,0,0,0,0,0,0,0,10,0,0,0,0,0,0,0,0,0,0,0,0,0,0,0,103,0,0,0,0,0,32,0,0,0,0,0,0,0,0,0,8,0,0,0,13,0,0,0,0,0,0,0,67,0,0,0,1,0,0,0,0,0,74,5,18,0,0,0,21,0,0,0,0,0,0,0,0,0,0,0,0,0,0,0,0,0,0,0,0,0,0,0,0,0,0,0,42,108,38,0,33,0,0,0,0,0,0,0,0,0,0
49,0,57,228,0,133,14,0,8,0,0,69,0,0,0,24,37,122,0,9,10,45,83,69,45,28,0,28,0,114,0,21,0,0,0,157,0,79,7,2,0,0,0,39,0,5,0,0,0,0,0,37,0,0,0,15,0,0,0,0,0,4,0,24,0,0,0,0,0,0,0,0,0,0,0,0,0,0,0,0,0,0,0,0,0,0,0,0,0,0,0,0,0,0,0,0,0,0,0,0,0,0,0,0,0,0,0,0,0,0,0,0,0,0,0,0,0,0,0,0,0,0,0,6,0,0,0,0,0,7,0,0,0,0,0,0,0,0,0,136,0,57,0,74,0,47,0,0,0,0,0,0,0,0,0,29,0,26,0,36,0,0,0,0,0,3,0,31,0,13,0,0,0,5,0,0,0,95,0,59,0,3,0,0,0,0,0,0,0,0,0,0,0,0,0,0,0,0,0,0,0,0,0,0,0,0,0,0,0,0,0,0,0,0,0,0,0,0,37,248,51,0,0,0,0
0,0,0,0,105,0,0,0,0,0,0,0,111,0,84,0,20,0,133,0,149,0,0,0,0,0,29,0,22,0,28,0,40,0,0,0,23,0,33,0,1,0,22,0,4,0,0,0,0,0,59,3,0,0,0,0,0,0,0,0,1,0,5,0,0,0,0,0,0,0,16,0,0,0,0,0,0,0,0,0,0,0,0,0,0,0,8,0,0,0,0,0,0,0,0,0,0,0,0,0,0,0,0,0,0,0,0,0,0,0,0,0,0,0,0,0,0,0,0,0,0,0,0,0,0,0,0,0,0,0,0,0,0,0,0,0,0,0,0,0,45,0,0,0,0,0,0,0,0,0,0,0,0,0,0,0,0,0,0,0,0,0,0,0,27,0,58,0,39,0,0,0,0,0,0,0,23,0,33,0,0,0,0,0,0,0,4,0,0,0,0,0,0,0,0,0,0,0,0,0,0,0,0,0,0,0,0,0,0,0,41,125,95,0,27,0,0,0,0,0,0,0,0,0,0
0,0,0,0,61,184,0,0,0,0,0,61,59,16,63,41,0,11,0,159,28,117,0,19,0,0,0,55,0,163,0,43,0,157,0,0,0,182,0,7,0,0,0,115,0,14,0,2,0,0,0,55,0,0,0,0,0,0,0,0,0,6,0,20,0,0,0,0,0,0,0,0,0,0,0,6,0,0,0,0,0,0,0,0,0,0,0,0,0,0,0,0,0,0,0,0,0,0,0,0,0,0,0,0,0,0,0,0,0,0,0,0,0,0,0,0,0,0,0,0,0,0,0,0,0,0,0,0,0,13,0,0,0,0,0,0,0,0,0,140,0,120,0,110,0,0,0,0,0,0,0,0,0,0,0,0,0,0,0,0,0,0,0,0,0,51,0,83,0,0,0,0,0,0,0,0,8,0,0,4,0,0,0,0,0,4,0,0,0,0,0,0,0,0,0,0,0,0,0,0,0,0,0,0,0,2,0,0,0,0,0,0,0,0,0,0,0,0,123,346,132,0,0,0,0
62,0,72,0,419,0,0,0,0,0,172,0,43,17,143,0,16,0,42,41,69,25,15,0,2,0,42,17,30,0,13,0,174,0,23,0,0,0,41,0,0,0,37,0,60,0,7,0,13,0,30,0,4,0,0,0,0,0,3,0,19,0,21,0,0,0,0,0,0,0,109,0,0,0,79,0,0,0,0,0,46,0,0,0,109,0,18,0,0,0,0,0,0,0,0,0,137,0,0,0,5,0,0,0,0,0,0,0,0,0,0,0,0,0,0,0,0,0,0,0,123,0,99,0,0,0,0,0,0,0,0,0,0,0,0,0,0,0,223,0,292,0,115,0,213,0,0,0,0,0,0,0,0,0,21,0,14,0,34,0,0,0,0,0,6,0,41,0,48,0,24,0,50,0,0,0,80,11,35,0,0,0,29,0,0,0,0,0,0,0,0,0,0,0,0,0,0,0,0,0,0,0,0,0,0,0,0,0,0,0,29,105,74,21,21,0,0,0,0,0,0,0,0,0,0
0,148,38,85,0,94,0,0,8,0,10,48,0,13,21,26,19,15,0,36,11,20,39,32,27,18,0,77,0,96,0,15,0,79,0,182,0,0,0,47,0,0,0,90,0,41,0,0,0,0,0,38,0,0,0,0,1,0,0,0,0,21,5,16,0,0,0,0,0,0,0,0,0,0,0,9,0,0,0,0,0,0,0,0,0,0,0,0,0,0,0,0,0,0,0,0,0,0,0,45,0,4,0,0,0,0,0,0,0,0,0,0,0,0,0,0,0,0,0,0,0,0,0,0,0,0,0,0,0,7,0,0,0,7,0,0,0,0,0,199,0,157,0,102,0,192,0,0,0,5,0,0,0,0,0,13,0,72,0,44,0,0,0,0,0,15,0,99,0,34,0,0,0,28,0,0,14,136,0,52,0,0,0,0,0,0,0,0,0,0,0,0,0,0,0,0,0,0,0,0,0,0,0,0,0,0,0,0,0,8,0,0,0,0,39,0,0,0,90,388,157,17,0,0,0
174,0,428,0,10,0,0,0,34,0,0,4,0,0,0,13,250,0,2,0,15,0,58,36,0,0,12,0,24,0,31,0,10,7,33,0,41,0,0,0,0,0,4,0,0,0,0,0,3,0,8,0,26,0,3,0,0,0,2,0,7,0,20,0,0,0,0,0,0,0,0,0,0,0,0,0,0,0,0,0,0,0,0,0,0,0,0,0,0,0,0,0,0,0,0,0,0,0,0,0,0,0,0,0,0,0,0,0,0,0,0,0,0,0,0,0,0,0,0,0,0,0,0,0,0,0,0,0,0,0,0,0,0,0,1,0,3,0,46,0,0,0,0,0,35,0,0,0,0,0,0,0,0,0,33,0,17,0,26,0,1,0,0,0,0,0,4,0,0,0,5,0,19,0,0,0,188,0,1,0,0,0,39,0,0,0,0,0,0,0,0,0,0,0,0,0,0,0,0,0,0,0,0,0,0,0,0,0,0,0,15,106,21,32,0,0,0,0,0,0,0,0,0,0,0
17,268,0,150,0,0,0,389,25,72,0,0,0,0,0,0,11,194,0,0,0,11,11,0,38,150,0,0,0,36,0,3,0,2,0,7,0,47,0,0,0,0,0,0,0,0,0,0,0,0,0,0,3,2,16,15,0,0,0,0,3,31,7,20,0,0,0,0,0,0,0,0,0,0,0,0,0,0,0,0,0,0,0,0,0,0,0,0,0,0,0,0,0,0,0,0,0,0,0,0,0,0,0,0,0,0,0,0,0,0,0,0,0,0,0,0,0,0,0,0,0,0,0,0,0,0,0,0,0,2,0,0,0,0,0,0,0,0,0,29,0,0,0,0,0,11,0,0,0,0,0,0,0,0,0,3,0,30,0,23,0,0,0,0,0,0,0,0,0,0,0,0,0,27,0,0,8,101,0,0,0,0,0,16,0,0,0,0,0,0,0,0,0,0,0,0,0,0,0,0,0,0,0,0,0,0,0,0,0,0,3,1,0,0,28,0,0,0,32,202,5,0,0,2,0
18,0,0,0,45,0,0,0,11,0,25,0,199,34,18,0,4,0,40,0,0,0,10,0,6,0,23,149,1,0,1,0,0,0,1,0,0,0,0,0,0,155,19,44,114,151,36,235,92,154,25,0,0,0,0,0,0,0,0,0,0,0,0,0,0,0,0,0,0,0,0,0,0,0,0,0,0,0,0,0,0,0,0,0,0,0,0,0,0,0,0,0,0,0,0,0,0,0,0,0,0,0,0,0,0,0,0,0,0,0,0,0,0,0,0,0,0,0,0,0,0,0,0,0,0,0,0,0,0,0,0,0,0,0,0,0,0,0,0,0,0,0,0,0,0,0,4,0,12,0,0,0,0,0,0,0,0,0,0,0,0,0,0,0,0,0,0,0,0,0,0,0,0,0,22,0,20,41,89,0,54,0,11,0,43,0,84,0,0,0,0,0,0,0,0,0,0,0,0,0,0,0,0,0,0,0,0,0,0,0,3,95,51,7,0,0,0,14,0,7,0,0,0,0,0
0,0,0,0,0,44,0,0,0,0,0,89,128,210,2,0,0,0,130,14,0,0,0,0,0,0,189,62,0,0,0,0,0,0,0,0,0,0,0,0,155,0,78,36,91,30,116,152,0,122,19,19,0,0,0,1,0,0,0,0,0,0,0,0,0,0,0,0,0,0,0,0,0,0,0,0,0,0,0,0,0,0,0,0,0,0,0,0,0,0,0,0,0,0,0,0,0,0,0,0,0,0,0,0,0,0,0,0,0,0,0,0,0,0,0,0,0,0,0,0,0,0,0,0,0,0,0,0,0,0,0,0,0,0,0,0,0,0,0,0,0,0,0,0,0,0,0,0,0,0,0,0,0,0,0,0,0,0,0,0,0,0,0,0,0,0,0,0,0,0,0,0,0,0,0,0,0,161,0,24,0,0,0,0,0,0,77,28,0,0,0,0,0,0,0,0,0,0,0,0,0,0,0,0,0,0,0,0,0,0,0,0,0,0,0,0,0,0,0,67,0,0,0,0,49
0,0,0,0,0,0,0,0,0,0,0,0,83,36,0,0,3,0,52,0,17,1,0,0,0,0,116,125,5,0,9,0,51,0,22,0,37,0,4,0,19,78,0,21,83,79,23,128,85,50,34,0,0,0,0,0,0,0,0,0,0,0,0,0,0,0,1,0,0,0,49,0,5,0,30,0,0,0,0,0,29,0,0,0,38,0,0,0,0,0,0,0,0,0,0,0,67,0,30,0,0,0,0,0,0,0,0,0,0,0,0,0,0,0,0,0,0,0,0,0,45,0,0,0,0,0,0,0,0,0,0,0,0,0,0,0,0,0,0,0,0,0,20,0,22,0,0,0,0,0,0,0,0,0,0,0,0,0,0,0,0,0,0,0,13,0,22,0,0,0,0,0,7,0,0,0,0,13,18,0,0,0,0,0,0,0,146,6,0,0,0,0,0,0,0,0,0,0,0,0,0,0,0,0,0,0,0,0,0,0,14,73,44,9,5,0,0,13,0,0,0,0,0,0,0
0,4,0,0,0,0,0,0,0,0,0,0,92,143,0,0,0,0,80,72,0,25,0,0,0,0,70,253,0,80,0,57,0,39,0,115,0,90,0,0,44,36,21,0,19,77,11,66,0,20,0,63,0,0,0,0,0,0,0,0,0,0,0,0,0,0,0,0,0,0,0,7,0,0,0,10,0,0,0,0,0,62,0,0,0,0,0,11,0,0,0,0,0,0,0,0,0,0,0,46,0,0,0,0,0,0,0,0,0,0,0,0,0,0,0,0,0,0,0,0,0,0,0,17,0,0,0,0,0,0,0,0,0,0,0,0,0,4,0,48,0,77,0,91,0,70,0,0,0,0,0,0,0,0,0,0,0,0,0,0,0,0,0,0,0,19,0,9,0,0,0,0,0,10,0,0,0,18,5,0,0,0,0,0,0,0,7,67,0,0,0,0,0,0,0,0,0,0,0,0,0,0,0,0,0,0,0,0,0,0,0,0,0,0,0,0,0,0,37,170,57,0,0,0,0
11,0,21,0,17,3,0,0,12,0,0,0,91,13,29,0,68,0,17,0,34,0,147,0,0,0,178,0,23,0,17,0,39,0,4,0,60,0,0,0,114,91,83,19,0,73,174,113,174,82,84,0,0,0,0,0,0,0,8,0,4,0,59,0,3,0,2,0,0,0,77,0,8,0,63,0,0,0,0,0,56,0,16,0,231,0,66,0,0,0,0,0,0,0,0,0,394,0,0,0,27,0,0,0,0,0,0,0,0,0,0,0,0,0,0,0,0,0,0,0,160,0,0,0,0,0,0,0,0,0,0,0,0,0,0,0,0,0,0,0,0,0,0,0,0,0,0,0,0,0,0,0,34,0,3,0,0,0,0,0,0,0,0,0,108,0,42,0,53,0,19,0,19,0,0,0,9,21,50,0,78,0,0,0,66,0,61,0,0,0,0,0,0,0,17,0,0,0,0,0,50,0,0,0,0,0,0,0,0,0,54,146,188,21,0,6,1,83,0,4,0,0,0,0,0
0,30,0,0,0,20,0,2,0,0,0,24,154,59,7,0,0,0,93,37,0,29,0,0,0,0,167,221,0,0,0,0,0,5,0,14,0,41,0,0,151,30,79,77,73,0,99,220,23,168,0,105,0,0,0,6,0,15,0,0,0,0,0,0,0,6,0,0,0,1,0,0,0,0,0,0,0,6,0,5,0,0,0,0,0,109,0,0,0,1,0,0,0,0,0,25,0,0,0,0,0,43,0,0,0,0,0,0,0,0,0,0,0,15,0,0,0,0,0,0,0,0,0,43,0,0,0,0,0,0,0,3,0,0,0,0,0,0,0,44,0,96,0,101,0,80,0,0,0,3,0,0,0,0,0,0,0,0,0,0,0,0,0,11,0,132,0,37,0,124,0,0,0,21,0,0,0,48,0,8,0,15,0,2,0,0,44,70,0,0,0,0,0,0,0,62,0,0,0,0,0,0,0,0,0,0,0,0,4,0,0,6,0,0,9,0,0,0,60,205,208,9,0,0,141
0,0,0,0,25,0,0,0,4,0,0,0,98,0,14,0,0,0,9,0,2,0,33,1,4,0,31,27,0,0,0,0,0,0,0,0,7,0,0,0,36,116,23,11,174,99,0,134,110,175,24,0,0,0,0,0,0,0,0,0,0,0,0,0,0,0,0,0,0,0,0,0,0,0,0,0,0,0,0,0,0,0,0,0,41,0,0,0,0,0,0,0,0,0,0,0,67,0,0,0,0,0,0,0,0,0,0,0,0,0,0,0,0,0,0,0,0,0,0,0,25,0,0,0,0,0,0,0,0,0,0,0,0,0,0,0,0,0,0,0,0,0,0,0,0,0,3,0,0,0,0,0,0,0,0,0,0,0,0,0,0,0,0,0,0,0,0,0,0,0,0,0,0,0,0,0,6,34,43,0,51,0,0,0,25,0,114,0,0,0,0,0,0,0,0,0,0,0,0,0,0,0,0,0,0,0,0,0,0,0,5,230,69,0,0,0,0,43,0,5,0,0,0,0,0
0,0,0,14,0,55,0,0,0,0,0,84,295,163,6,5,0,0,204,49,0,0,0,0,0,0,313,141,0,0,0,0,0,0,0,2,0,0,0,0,235,152,128,66,113,220,134,0,15,152,31,33,0,0,0,0,0,0,0,0,0,0,0,0,0,0,0,0,0,0,0,0,0,0,0,0,0,0,0,0,0,0,0,0,0,0,0,0,0,0,0,0,0,0,0,0,0,0,0,0,0,0,0,0,0,0,0,0,0,0,0,0,0,0,0,0,0,0,0,0,0,0,0,0,0,0,0,0,0,0,0,0,0,0,0,0,0,8,0,0,0,0,0,0,0,0,0,2,0,0,0,0,0,0,0,0,0,0,0,0,0,2,0,0,0,25,0,0,0,0,0,0,0,0,0,0,0,117,0,0,0,5,0,0,0,0,122,42,0,0,0,0,0,0,0,0,0,0,0,0,0,0,0,0,0,0,0,0,0,6,0,2,0,0,0,0,0,0,3,314,65,0,0,0,97
11,0,25,0,10,0,69,0,9,0,5,0,27,0,7,0,15,0,5,0,5,0,29,0,25,0,58,0,0,0,2,0,4,0,0,0,13,0,3,0,92,0,85,0,174,23,110,15,0,80,12,0,0,0,14,0,27,0,19,0,9,0,0,0,0,0,0,0,21,0,15,0,0,0,0,0,6,0,2,0,16,0,13,0,0,0,8,0,2,0,0,0,18,0,11,0,43,0,0,0,11,0,34,0,0,0,16,0,0,0,0,0,0,0,0,0,0,0,0,0,0,0,17,1,6,0,12,0,2,0,15,0,0,0,0,0,9,0,6,2,0,0,27,0,0,0,12,2,11,0,22,0,19,0,0,0,0,0,0,0,26,0,9,0,68,7,0,0,29,0,13,0,7,0,18,0,56,4,34,0,42,0,4,0,0,0,209,0,8,0,12,0,70,0,16,0,0,0,25,0,10,0,45,0,11,0,17,0,29,0,64,35,114,6,131,24,5,15,2,12,0,0,0,0,9
0,0,0,0,0,8,0,13,0,6,0,38,72,72,0,0,0,0,23,28,3,7,0,5,0,0,69,53,0,0,0,0,0,0,0,0,0,0,0,0,154,122,50,20,82,168,175,152,80,0,0,12,0,0,0,0,0,5,0,0,0,0,0,17,0,0,0,3,0,0,0,0,0,0,0,7,0,4,0,0,0,38,0,15,0,39,0,16,0,1,0,0,0,0,0,33,0,14,0,65,0,39,0,13,0,11,0,0,0,0,0,0,0,15,0,0,0,0,0,1,0,0,0,0,0,0,0,0,0,0,0,2,0,0,0,0,0,20,0,0,0,0,0,0,0,0,2,0,0,8,0,27,0,0,0,2,0,0,0,0,0,3,0,5,0,61,0,0,0,39,0,6,0,7,0,0,0,91,0,8,0,5,0,0,1,0,76,92,0,0,0,0,0,0,0,37,0,0,0,7,0,0,0,0,0,0,0,0,0,0,0,11,0,0,9,0,0,3,17,37,16,4,0,0,49
0,0,8,0,170,0,0,0,0,0,0,0,368,0,65,0,0,0,364,0,105,0,9,0,0,0,204,104,13,0,34,0,27,0,59,0,30,0,8,0,25,19,34,0,84,0,24,31,12,0,0,12,0,0,0,0,0,0,12,1,0,0,10,0,0,0,3,0,0,0,76,0,0,0,44,0,0,0,0,0,49,0,0,0,0,0,0,0,0,0,50,0,0,0,0,0,147,0,59,0,0,0,0,0,0,0,0,0,0,0,0,0,0,0,0,0,0,0,0,0,87,0,54,0,0,0,0,0,0,0,0,0,0,0,0,0,0,0,0,0,69,0,0,0,0,0,0,0,0,0,0,0,0,0,0,0,0,0,0,0,0,0,30,0,78,0,50,0,110,0,32,0,42,0,0,0,38,0,101,0,0,0,0,0,0,0,63,4,0,0,0,0,0,0,0,0,0,0,0,0,0,0,0,0,0,0,0,0,0,0,69,105,117,46,22,0,0,1,0,0,0,0,0,0,0
0,8,0,0,0,68,0,0,0,0,0,26,54,286,21,5,0,0,88,245,13,38,0,0,0,0,35,260,0,38,0,23,0,37,3,55,0,38,0,0,0,19,0,63,0,105,0,33,0,12,12,0,0,5,0,0,0,18,0,0,0,0,0,0,0,0,0,0,0,0,0,13,0,2,0,8,0,0,0,0,0,117,0,0,0,126,0,0,0,0,0,0,0,0,0,1,0,0,0,104,0,0,0,0,0,0,0,0,0,0,0,0,0,0,0,0,0,0,0,0,0,52,0,41,0,0,0,0,0,0,0,0,0,0,2,27,0,0,0,0,0,105,0,122,0,98,0,2,0,0,0,0,0,0,0,0,0,0,0,0,0,0,0,13,0,44,0,43,0,43,0,18,0,29,0,0,0,16,0,0,0,0,0,0,0,0,0,39,0,0,0,0,0,0,0,0,0,0,0,0,0,0,0,0,0,0,0,0,0,0,0,0,0,0,30,0,0,0,65,259,142,0,0,0,1
0,30,0,0,0,0,38,83,53,172,0,0,0,0,8,0,84,24,0,0,17,0,0,0,37,128,0,0,9,0,0,0,0,0,0,0,4,0,26,3,0,0,0,0,0,0,0,0,0,0,0,0,0,47,97,252,104,12,168,38,93,13,103,29,0,0,3,101,0,0,0,0,0,0,0,0,0,1,0,0,0,0,0,0,17,0,0,0,0,0,0,0,0,0,0,0,12,0,0,0,0,0,3,0,15,0,25,0,0,0,0,0,0,0,0,0,0,0,0,0,0,0,8,0,0,0,0,0,54,0,0,0,7,0,0,2,116,0,161,0,98,0,124,0,15,0,0,0,0,0,0,0,0,0,191,3,74,0,68,0,6,0,11,0,0,0,0,0,0,0,119,0,2,0,0,0,48,9,0,0,5,0,0,0,42,19,0,0,0,0,0,0,0,0,0,0,0,0,0,0,32,0,0,0,0,0,0,0,0,0,54,178,112,131,98,2,25,0,16,0,0,0,0,0,0
0,1,0,0,0,0,0,29,0,58,0,0,0,0,0,0,0,59,0,10,0,0,0,16,0,16,0,0,0,10,0,0,0,0,0,0,0,0,0,2,0,0,0,0,0,0,0,0,0,0,0,5,47,0,32,88,37,39,90,37,0,119,2,112,0,2,39,28,0,0,0,0,0,0,0,0,0,0,0,0,0,0,0,0,0,7,0,0,0,0,0,0,0,0,0,0,0,8,0,0,0,0,0,0,0,0,0,14,0,0,0,1,0,0,0,0,0,0,0,0,0,0,0,0,0,0,0,0,0,31,0,8,0,7,0,31,0,0,0,72,0,28,0,119,0,3,0,0,0,0,0,2,0,0,8,166,0,140,0,69,0,6,0,0,0,0,0,0,0,0,0,0,0,0,0,0,4,24,0,0,0,0,0,0,0,34,0,0,0,0,0,0,0,0,0,0,0,0,0,0,0,17,0,0,0,0,0,0,0,0,1,0,0,0,48,0,0,0,38,151,9,36,0,1,0
10,103,75,15,0,0,241,150,106,354,11,0,0,0,23,0,6,47,0,0,0,0,95,0,194,304,0,0,10,0,4,0,2,0,0,0,0,0,3,16,0,0,0,0,0,0,0,0,14,0,0,0,97,32,0,288,79,7,163,0,28,14,26,88,12,0,18,42,0,0,0,0,0,0,0,1,0,0,0,0,0,0,0,0,0,0,0,0,0,0,0,0,0,0,0,0,0,0,0,0,0,0,0,0,0,0,0,0,0,0,0,0,0,0,0,0,0,0,0,0,0,0,1,0,0,0,0,0,15,0,13,0,17,0,45,0,91,0,31,0,18,0,83,0,0,0,2,0,3,0,0,0,0,0,32,0,1,0,15,0,81,0,0,0,3,0,2,1,45,0,195,0,0,0,0,0,39,43,0,0,0,0,0,0,5,5,0,0,0,0,0,0,0,0,0,0,0,0,0,0,0,0,0,0,0,0,0,0,27,0,213,91,231,451,403,0,71,0,14,5,0,0,0,0,0
1,26,0,71,0,26,41,533,119,116,0,4,0,7,0,98,0,36,0,47,0,12,0,38,0,356,0,0,0,24,0,0,0,15,0,0,0,0,0,15,0,1,0,0,0,6,0,0,0,0,0,0,252,88,288,0,143,255,424,61,27,67,0,215,24,6,262,23,0,0,0,0,0,0,0,0,0,0,0,0,0,0,0,0,0,17,0,0,0,0,0,0,0,0,0,0,0,0,0,0,0,0,0,0,0,0,0,0,0,0,0,0,0,0,0,0,0,0,0,0,0,0,0,0,0,0,0,0,0,23,0,16,0,7,0,126,0,102,0,103,0,43,0,179,0,0,0,0,0,0,0,3,0,0,44,41,0,27,6,4,9,8,0,5,0,10,0,0,0,83,0,120,0,64,0,1,24,18,0,0,0,5,0,0,22,33,0,0,0,0,0,0,0,4,0,0,0,0,0,0,0,0,0,0,0,0,0,0,0,16,7,0,0,0,448,0,0,0,235,105,298,473,8,13,0
0,0,0,0,0,0,10,0,3,0,0,0,0,0,0,0,0,1,0,0,6,0,0,0,20,0,0,0,0,0,0,0,1,0,0,0,0,1,0,0,0,0,0,0,0,0,0,0,27,0,0,0,104,37,79,143,0,91,504,152,0,0,3,0,38,0,61,217,0,0,0,0,0,0,0,0,0,0,0,0,0,0,0,0,0,0,0,0,1,0,0,0,0,0,0,0,0,0,0,0,0,0,0,0,0,0,0,0,0,0,0,0,0,0,0,0,0,0,0,0,0,0,0,0,0,0,0,0,41,0,20,0,30,0,18,0,42,0,29,0,6,0,36,0,23,0,0,0,2,0,0,0,0,0,200,41,76,0,96,8,133,0,93,0,23,0,15,0,145,0,221,0,0,0,0,0,7,0,0,0,0,0,0,0,0,44,0,0,0,0,0,0,0,0,0,0,0,0,0,0,0,0,0,0,0,0,0,0,15,0,298,149,557,563,884,24,80,7,0,7,0,0,0,1,0
0,5,0,0,0,0,0,28,0,69,0,0,0,0,0,0,0,6,0,0,0,0,0,0,0,42,0,0,0,0,0,0,0,0,0,0,0,0,0,0,0,0,0,0,0,15,0,0,0,5,0,18,12,39,7,255,91,0,143,442,0,0,0,33,0,3,41,51,0,1,0,0,0,0,0,0,0,2,0,0,0,0,0,0,0,4,0,0,0,0,0,0,0,0,0,0,0,0,0,0,0,0,0,0,0,0,0,0,0,0,0,0,0,0,0,0,0,0,0,0,0,0,0,0,0,0,0,1,0,20,0,10,0,0,0,67,0,43,0,88,0,38,0,87,39,2,0,0,0,0,0,0,0,3,63,233,0,34,80,74,101,73,0,48,0,3,0,9,0,48,0,125,0,25,5,1,0,1,0,0,25,30,0,0,0,19,0,0,0,0,0,1,0,0,0,0,0,0,0,0,0,0,0,0,0,0,0,0,0,0,0,5,0,0,250,0,0,0,111,41,358,267,43,14,0
15,0,0,0,0,0,14,0,81,187,12,0,8,0,0,0,0,0,0,0,0,0,0,0,12,0,0,0,0,0,0,0,0,0,0,0,3,0,2,0,0,0,0,0,8,0,0,0,19,0,12,0,168,90,163,424,504,143,0,242,66,0,5,0,90,0,268,294,0,0,0,0,1,0,0,0,0,0,0,0,0,0,0,0,0,0,0,0,0,0,0,0,0,0,0,0,0,0,0,0,0,0,0,0,0,0,0,0,0,0,0,0,0,0,0,0,0,0,0,0,0,0,0,0,0,0,0,0,7,0,36,0,0,0,0,0,0,0,0,0,0,0,0,0,0,0,0,0,13,0,0,0,0,0,81,16,117,0,0,0,27,0,0,0,0,0,0,0,52,0,147,0,0,0,16,0,98,0,0,0,249,0,0,0,134,73,0,0,4,0,0,0,0,0,0,0,0,0,0,0,0,0,0,0,0,0,0,0,0,1,633,240,277,518,1123,13,78,0,25,12,0,0,0,0,0
0,7,0,0,0,0,0,18,0,165,0,0,0,0,0,0,0,2,0,0,0,0,0,0,0,14,0,0,0,0,0,0,0,0,0,0,0,0,0,0,0,0,0,0,0,0,0,0,0,0,1,0,38,37,0,61,152,442,242,0,0,64,0,42,137,131,0,133,0,8,0,0,0,0,0,0,0,5,0,0,0,0,0,6,0,0,0,0,0,0,0,0,0,5,0,0,0,0,0,0,0,0,0,1,0,0,0,0,0,0,0,0,0,0,0,0,0,0,0,0,0,0,0,0,0,6,0,0,0,0,0,30,0,0,0,0,0,0,0,4,0,6,0,0,26,6,0,0,0,5,0,1,1,0,101,41,12,107,74,3,0,60,0,0,0,0,0,20,0,133,0,200,0,49,0,4,14,3,0,0,46,52,0,0,32,0,0,0,0,0,0,0,0,0,0,0,0,0,0,0,0,0,0,0,0,0,0,0,0,0,0,7,0,0,1332,0,0,0,829,173,545,788,112,44,0
123,0,112,0,0,0,317,0,270,0,0,0,0,0,0,0,25,11,0,0,0,0,0,0,52,0,0,0,30,0,0,0,0,0,1,0,19,0,7,3,0,0,0,0,4,0,0,0,9,0,0,0,93,0,28,27,0,0,66,0,0,0,96,0,0,0,0,0,0,0,0,0,0,0,0,0,0,0,0,0,0,0,0,0,0,0,0,0,0,0,0,0,0,0,0,0,0,0,0,0,0,0,0,0,0,0,0,0,0,0,0,0,0,0,0,0,0,0,0,0,0,0,0,0,0,0,0,0,0,0,0,0,0,0,0,0,0,0,169,0,48,0,0,0,210,0,0,0,0,0,0,0,0,0,142,0,128,0,48,0,0,0,6,0,2,0,1,0,0,0,125,0,97,2,0,0,247,7,0,0,0,0,13,0,65,0,0,0,0,0,0,0,0,0,0,0,0,0,0,0,0,0,0,0,0,0,0,0,0,0,182,309,68,197,140,1,8,2,0,0,0,0,0,0,0
0,49,0,0,0,0,0,216,0,310,0,0,0,1,0,0,0,6,0,3,0,0,0,0,0,25,0,0,0,16,0,0,0,4,0,6,0,21,0,31,0,0,0,0,0,0,0,0,0,0,0,0,13,119,14,67,0,0,0,64,0,0,0,109,0,0,0,47,0,1,0,0,0,0,0,0,0,0,0,0,0,0,0,0,0,0,0,0,0,0,0,0,0,0,0,0,0,0,0,0,0,0,0,0,0,0,0,0,0,0,0,0,0,0,0,0,0,0,0,0,0,0,0,0,0,0,0,0,0,3,0,0,0,0,0,0,0,0,0,77,0,0,0,0,0,69,0,0,0,0,0,0,0,0,0,23,0,171,0,38,0,2,0,0,0,0,0,0,0,5,0,55,0,65,0,0,11,134,0,0,0,2,0,0,0,49,0,0,0,0,0,0,0,0,0,0,0,0,0,0,0,0,0,0,0,0,0,0,0,0,0,0,0,0,127,0,0,0,119,526,55,102,0,4,0
42,65,59,0,0,0,247,62,215,33,0,0,0,0,0,0,362,47,21,0,98,0,54,0,153,151,0,0,23,0,35,0,19,0,5,0,21,5,20,7,0,0,0,0,59,0,0,0,0,0,10,0,103,2,26,0,3,0,5,0,96,0,0,12,0,0,0,0,0,0,0,0,0,0,5,0,0,0,0,0,1,0,0,0,0,0,0,0,0,0,0,0,0,0,0,0,0,0,0,0,0,0,0,0,0,0,0,0,0,0,0,0,0,0,0,0,0,0,0,0,0,0,0,0,0,0,0,0,8,0,0,0,0,0,0,0,21,0,54,0,54,0,45,0,0,0,0,0,0,0,0,0,0,0,9,0,6,0,14,0,1,0,0,0,0,0,0,0,0,0,3,0,4,0,0,0,149,10,0,0,0,0,0,0,27,0,0,0,0,0,0,0,0,0,0,0,0,0,0,0,0,0,0,0,0,0,0,0,0,0,22,136,9,27,22,0,0,0,0,0,0,0,0,0,0
0,0,0,0,0,0,28,140,0,226,0,1,0,0,0,12,0,229,0,35,0,60,0,65,0,78,0,80,0,87,0,9,0,24,0,20,0,16,0,20,0,0,0,0,0,0,0,0,0,17,0,0,29,112,88,215,0,33,0,42,0,109,12,0,0,1,14,28,0,0,0,0,0,0,0,0,0,0,0,0,0,0,0,0,0,0,0,0,0,0,0,0,0,0,0,0,0,0,0,0,0,0,0,0,0,0,0,0,0,0,0,0,0,0,0,0,0,0,0,0,0,0,0,0,0,0,0,3,0,24,0,6,0,0,0,25,0,0,0,100,0,45,0,92,0,12,0,0,0,0,0,0,0,0,0,44,1,59,0,38,0,0,0,0,0,0,0,2,0,0,0,0,0,6,0,0,6,63,0,0,1,0,0,0,0,15,0,0,0,0,0,0,0,0,0,0,0,0,0,0,0,7,0,0,0,0,0,0,0,8,0,0,0,0,47,0,0,0,51,230,10,21,0,0,0
8,0,0,0,8,0,40,0,143,0,4,0,8,0,5,0,0,0,0,0,0,0,0,0,0,0,7,0,0,0,0,0,0,0,0,0,0,0,0,0,0,0,0,0,3,0,0,0,0,0,0,0,0,0,12,24,38,0,90,137,0,0,0,0,0,0,195,74,0,0,0,0,0,0,0,0,0,0,0,0,0,0,0,0,0,0,0,0,0,0,0,0,0,0,0,0,0,0,0,0,0,0,0,0,0,0,0,0,0,0,0,0,0,0,0,0,0,0,0,0,0,0,0,0,0,0,0,0,0,0,9,0,0,0,0,0,0,0,6,0,0,0,0,0,10,0,2,0,23,0,0,0,0,0,0,56,3,0,0,0,104,60,2,0,0,0,0,0,0,0,0,0,0,0,40,0,9,0,0,0,302,0,0,0,130,17,0,0,0,0,0,0,0,0,0,0,0,0,0,0,0,0,0,0,0,0,0,0,0,0,42,7,0,0,99,0,0,0,0,5,0,0,0,0,0
0,71,0,0,0,11,0,5,0,198,0,25,0,0,0,0,0,0,0,43,0,0,0,0,0,0,0,19,0,0,0,0,0,0,0,0,0,0,0,0,0,0,0,0,0,6,0,0,0,0,0,0,0,2,0,6,0,3,0,131,0,0,0,1,0,0,0,902,0,0,0,18,3,0,0,6,0,3,0,0,0,0,0,0,0,0,0,0,0,0,0,0,0,0,0,0,0,0,0,0,0,0,0,0,0,0,0,0,0,0,0,0,0,0,0,0,0,0,0,0,0,0,0,0,0,15,0,8,36,0,0,15,0,0,0,0,0,0,32,22,0,0,0,0,31,39,0,0,0,116,0,20,0,8,24,0,1,8,64,17,119,215,0,10,0,4,0,0,0,0,0,0,0,0,7,10,0,0,0,0,49,91,0,10,0,46,0,0,0,0,0,0,0,0,0,0,0,0,0,0,0,0,0,0,0,0,0,0,0,4,12,0,0,0,97,0,0,0,103,0,0,0,0,0,0
10,0,0,0,0,0,38,0,42,114,0,0,0,0,0,0,0,0,0,0,0,0,0,0,0,0,0,0,0,0,0,0,0,0,0,0,0,0,0,0,0,0,1,0,2,0,0,0,0,0,3,0,3,39,18,262,61,41,268,0,0,0,0,14,195,0,0,0,0,0,0,0,0,0,0,0,0,0,0,0,0,0,0,0,0,0,0,0,0,0,0,0,0,0,0,0,0,0,0,0,0,0,0,0,0,0,0,0,0,0,0,0,0,0,0,0,0,0,0,0,0,0,0,0,2,0,0,0,0,0,12,0,0,0,0,0,0,0,0,0,0,0,0,0,2,0,0,0,16,0,0,0,0,0,0,0,10,0,0,0,27,0,0,0,0,0,0,0,0,0,0,0,2,0,9,5,155,10,0,0,146,0,0,0,578,11,0,0,0,0,0,0,0,0,0,0,0,0,0,0,0,0,0,0,0,0,0,0,0,0,25,18,0,15,68,0,0,0,8,0,0,0,0,0,0
0,0,0,0,0,0,0,22,0,78,0,0,0,0,0,0,0,0,0,0,0,0,0,0,0,0,0,0,0,0,0,0,0,0,0,0,0,0,0,0,0,0,0,0,0,0,0,0,0,3,0,0,101,28,42,23,217,51,294,133,0,47,0,28,74,902,0,0,0,0,0,0,0,0,0,0,0,0,0,0,0,0,0,0,0,0,0,0,0,0,0,0,0,0,0,0,0,0,0,0,0,0,0,0,0,0,0,0,0,0,0,0,0,0,0,0,0,0,0,0,0,0,0,0,0,10,0,0,0,0,0,45,0,0,0,0,0,0,0,0,0,0,0,0,38,2,0,0,0,13,0,7,0,0,79,14,13,30,51,2,122,80,0,5,0,5,0,0,0,10,2,39,0,0,21,3,28,25,0,0,49,66,0,1,32,94,0,0,0,0,0,0,0,0,0,0,0,0,0,0,0,0,0,0,0,0,0,0,0,9,0,0,3,0,294,0,0,0,265,73,59,71,13,4,0
0,0,0,0,0,0,0,0,0,0,0,0,0,0,0,0,0,0,0,0,0,0,0,0,0,0,0,0,0,0,0,0,0,0,0,0,0,0,0,0,0,0,0,0,0,0,0,0,21,0,0,0,0,0,0,0,0,0,0,0,0,0,0,0,0,0,0,0,0,0,0,0,7,0,2,0,123,0,35,0,0,0,23,0,0,0,16,0,4,0,0,0,27,0,21,0,0,0,0,0,10,0,120,0,0,0,0,0,8,0,13,0,10,0,5,0,1,0,0,0,0,0,0,0,0,0,0,0,0,0,0,0,0,0,0,0,0,0,0,0,0,0,0,0,0,0,0,4,0,0,0,0,0,0,0,0,1,0,0,0,0,0,3,0,17,0,0,0,243,0,9,0,0,0,0,0,0,0,0,0,0,0,0,0,0,0,0,0,0,0,3,0,58,0,0,0,0,0,0,0,0,0,0,0,0,0,0,0,11,0,36,7,71,0,42,115,113,0,0,0,0,0,0,0,0
0,0,0,0,0,0,0,0,0,0,0,0,0,0,0,0,0,0,0,0,0,0,0,1,0,0,0,0,0,0,0,0,0,0,0,0,0,0,0,0,0,0,0,0,0,1,0,0,0,0,0,0,0,0,0,0,0,1,0,8,0,1,0,0,0,0,0,0,0,0,0,0,0,0,0,0,0,80,0,0,0,0,0,21,0,0,0,5,0,1,0,0,0,61,0,50,0,0,0,1,0,8,0,19,0,0,0,0,0,15,0,11,0,0,0,0,0,4,0,0,0,0,0,0,0,0,0,0,0,0,0,2,0,0,0,0,0,3,0,0,0,0,0,1,0,0,0,0,0,0,0,7,0,0,0,0,0,0,0,1,0,0,0,0,0,4,0,0,0,72,0,0,0,0,0,0,0,0,0,0,0,0,0,0,0,0,0,0,0,0,0,0,0,14,0,0,0,0,0,12,0,0,0,0,0,0,0,0,0,0,0,0,0,0,6,0,0,0,12,11,68,5,27,27,0
0,0,2,0,0,0,0,0,0,0,0,0,0,0,0,0,15,0,11,0,108,0,0,0,0,0,0,0,0,0,6,0,0,0,16,0,109,0,0,0,0,0,49,0,77,0,0,0,15,0,76,0,0,0,0,0,0,0,0,0,0,0,0,0,0,0,0,0,0,0,0,0,117,0,208,0,10,0,92,0,23,0,0,0,0,0,67,0,0,0,0,0,0,0,0,0,1,0,0,0,0,0,0,0,0,0,0,0,0,0,0,0,0,0,0,0,0,0,0,0,33,0,9,2,0,0,0,0,6,0,0,0,0,0,0,0,27,0,8,0,47,0,16,0,47,0,0,0,0,0,0,0,0,0,0,5,18,0,0,0,4,0,103,0,1,0,64,0,35,0,41,0,46,0,0,0,0,0,0,0,73,0,0,0,8,0,0,0,0,0,0,0,0,0,0,0,2,0,3,0,0,0,0,0,0,0,0,0,0,0,22,12,46,0,0,0,0,0,0,0,0,0,0,0,0
0,0,0,0,0,0,0,0,0,0,0,0,0,0,0,0,0,0,0,0,0,2,0,0,0,0,0,0,0,0,0,0,0,0,0,0,0,0,0,0,0,0,0,7,0,0,0,0,0,0,0,13,0,0,0,0,0,0,0,0,0,0,0,0,0,18,0,0,0,0,0,0,0,65,0,143,0,2,0,6,0,0,0,0,0,0,0,25,0,0,0,0,0,0,0,0,0,0,0,0,0,0,0,0,0,0,0,0,0,0,0,0,0,0,0,0,0,0,0,0,0,6,0,8,0,10,3,0,0,4,0,21,0,0,0,3,0,0,0,0,0,5,0,0,0,67,0,0,0,41,0,0,0,23,0,0,0,6,0,0,0,5,0,60,0,0,0,0,0,0,0,21,0,0,0,0,0,0,0,0,0,60,0,0,0,0,0,0,0,0,0,0,0,0,0,0,0,0,0,0,0,0,0,0,0,0,0,0,0,0,0,0,0,0,11,0,0,0,58,4,12,0,0,0,0
0,0,0,0,0,0,0,0,0,0,0,0,0,0,0,0,0,0,0,0,0,0,0,0,0,0,0,0,0,0,0,0,0,0,0,0,0,0,0,0,0,0,5,0,8,0,0,0,0,0,0,0,0,0,0,0,0,0,1,0,0,0,0,0,0,3,0,0,7,0,117,0,0,0,168,0,9,0,50,0,3,0,0,0,0,0,15,0,0,0,0,2,5,0,0,0,2,0,0,0,0,0,0,0,0,0,0,1,0,0,0,0,0,0,1,0,0,0,0,0,22,0,16,0,34,0,48,0,9,0,15,0,8,0,0,0,32,0,0,0,27,0,67,0,36,0,32,0,5,0,120,0,21,0,0,0,0,0,0,0,1,0,56,0,2,0,0,0,15,0,18,0,11,0,9,0,0,0,0,0,36,0,0,0,0,0,0,0,2,0,0,0,0,0,0,0,6,0,47,0,10,0,36,0,0,0,16,0,101,0,180,0,15,0,21,3,0,0,0,0,0,0,0,0,0
0,1,0,0,0,0,0,0,0,0,0,0,0,0,0,0,0,0,0,0,0,1,0,0,0,0,0,0,0,0,0,0,0,0,0,0,0,0,0,0,0,0,0,0,0,0,0,0,0,0,0,2,0,0,0,0,0,0,0,0,0,0,0,0,0,0,0,0,0,0,0,65,0,0,0,92,0,31,0,22,0,8,0,5,1,10,0,46,0,0,0,0,0,0,0,0,0,0,0,0,0,0,0,0,0,0,0,0,0,0,0,0,0,0,0,0,0,0,0,0,0,15,0,12,0,2,0,11,0,0,0,5,0,3,2,20,0,0,0,5,0,6,0,0,0,32,0,0,0,7,0,0,0,0,0,0,0,1,0,0,0,0,0,77,0,0,0,2,0,12,0,10,0,0,0,9,0,0,0,0,0,21,0,0,0,0,0,0,0,37,0,0,0,0,0,0,0,0,0,51,0,0,0,33,0,0,0,17,0,20,0,0,0,0,12,0,0,0,95,4,10,0,0,0,0
3,0,0,0,0,0,0,0,0,0,0,0,0,0,0,0,18,0,0,0,104,0,0,0,0,0,0,0,4,0,12,0,0,0,0,0,79,0,0,0,0,0,30,0,63,0,0,0,0,0,44,0,0,0,0,0,0,0,0,0,0,0,5,0,0,0,0,0,2,0,208,0,168,0,0,0,18,0,77,0,51,0,0,0,16,0,87,0,0,0,0,0,0,0,6,0,0,0,14,0,0,2,0,0,0,0,0,0,0,0,0,0,0,0,0,0,0,0,0,0,91,0,41,1,0,0,0,0,0,0,11,0,0,0,0,0,15,0,20,13,36,0,63,0,77,0,0,0,34,0,0,0,38,13,0,0,25,0,0,0,4,0,133,0,0,0,28,0,63,0,17,0,32,0,24,0,0,0,0,0,113,28,0,0,0,0,0,0,0,0,0,0,0,0,0,0,3,0,0,0,0,0,18,0,0,0,0,0,56,0,44,6,0,0,0,0,0,0,0,0,0,0,0,0,0
0,0,0,0,0,0,0,0,0,0,0,0,0,0,0,0,0,7,0,9,0,7,0,7,0,0,0,0,0,0,0,0,0,0,0,6,0,9,0,0,0,0,0,10,0,0,0,0,0,7,0,8,0,0,1,0,0,0,0,0,0,0,0,0,0,6,0,0,0,0,0,143,0,92,0,0,0,0,0,56,0,0,0,0,0,1,0,50,0,0,0,0,0,0,0,0,4,0,0,0,0,0,0,0,0,0,0,0,0,0,0,0,0,0,0,0,0,0,0,0,0,109,0,6,0,0,0,12,0,4,0,14,0,8,0,9,0,0,0,4,0,27,0,0,0,178,0,13,0,33,0,32,6,40,0,0,0,4,0,0,0,0,0,127,0,2,0,10,0,18,0,15,0,0,0,39,0,0,0,0,14,101,0,0,0,0,0,0,0,0,0,0,0,0,0,0,0,0,0,10,0,0,0,0,0,0,0,19,0,18,0,0,0,0,19,0,0,0,49,4,16,0,0,0,0
0,0,0,0,0,0,0,0,0,0,0,0,0,0,0,0,0,0,0,0,0,0,0,0,0,0,0,0,0,0,0,0,0,0,0,0,0,0,0,0,0,0,0,0,0,0,0,0,6,0,0,0,0,0,0,0,0,0,0,0,0,0,0,0,0,0,0,0,123,0,10,0,9,0,18,0,0,0,16,0,0,0,44,0,7,0,45,0,0,0,0,0,10,0,24,0,0,0,12,0,11,0,14,0,0,0,9,0,8,0,0,0,0,0,6,0,2,0,0,0,10,0,10,0,0,0,0,1,0,0,0,0,0,0,0,0,0,0,0,0,0,0,0,0,0,0,3,0,0,0,0,0,0,0,0,0,0,0,0,0,0,0,0,0,9,0,0,0,24,0,2,0,0,0,2,0,0,0,0,0,0,0,0,0,0,0,0,0,0,0,0,0,0,0,0,0,0,0,0,0,9,0,0,0,6,0,0,0,0,0,23,4,33,0,34,16,4,3,0,0,0,0,0,0,0
0,0,0,0,0,0,0,2,0,0,0,0,0,1,0,0,0,0,0,0,0,0,0,0,0,0,0,0,0,0,0,0,0,0,0,0,0,0,0,0,0,0,0,0,0,6,0,0,0,4,0,0,1,0,0,0,0,2,0,5,0,0,0,0,0,3,0,0,0,80,0,2,0,31,0,0,0,0,0,0,0,90,0,56,0,20,0,91,0,0,0,0,0,51,0,11,0,0,0,29,0,13,0,52,0,0,0,10,0,9,0,0,0,0,0,0,0,69,0,0,0,6,0,0,0,0,0,13,0,0,0,0,0,0,0,0,0,13,0,0,0,2,0,0,0,2,0,0,0,2,0,23,0,10,0,0,0,0,0,0,0,11,0,18,0,0,0,0,0,81,0,0,0,0,0,0,0,0,0,0,0,0,0,0,0,1,0,0,0,0,0,0,0,0,0,33,0,0,0,0,0,0,0,39,0,0,0,0,0,0,0,0,0,0,39,0,0,0,73,9,69,0,12,0,0
0,0,0,0,0,0,0,0,0,0,0,0,0,0,0,0,0,0,0,0,0,0,0,0,0,0,0,0,0,0,0,0,0,0,0,0,0,0,0,0,0,0,0,0,0,0,0,0,2,0,0,0,0,0,0,0,0,0,0,0,0,0,0,0,0,0,0,0,35,0,92,0,50,0,77,0,16,0,0,0,28,0,34,0,6,0,58,0,0,0,0,0,10,0,0,0,0,0,7,0,4,0,20,0,0,0,0,0,6,0,0,0,0,0,2,0,3,0,0,0,13,0,18,0,0,0,0,0,1,0,0,0,0,0,16,0,3,0,0,0,7,0,50,0,0,0,4,0,0,0,29,0,0,0,0,0,0,0,0,0,0,0,22,1,14,0,0,0,28,0,3,0,3,0,0,0,0,0,0,0,0,0,0,0,0,0,0,0,0,0,9,0,0,0,0,0,1,0,40,0,9,0,0,0,0,0,0,0,47,0,94,8,26,0,47,0,4,2,0,0,0,0,0,0,0
