0,301,21,209,132,50,31,87,33,4,118,29,227,0,4,215,26,38,9,6,11,0,14,173,3,195,0,0,0,31,17,0,0,0,0,0,0,0,278,32,21,0,0,0,0,0,49,0,14,0,0,0,0,0,0,0,0,0,11,0,38,3,15,3,17,0,12,0,0,0,0,0,0,0,0,0,0,0,0,0,0,0,0,0,0,0,0,0,0,0,0,0,0,0,0,0,0,0,0,0,0,0,0,0,0,0,0,0,0,0,0,0,0,0,1,0,0,0,0,0,0,0,0,0,17,0,44,0,0,0,10,0,0,0,10,0,0,0,0,0,0,0,0,0,0,0,40,0,58,0,44,0,0,0,0,0,0,0,0,0,12,0,0,1,0,0,0,0,11,0,15,0,79,0,0,0,433,121,42,0,0,0,97,0,88,0,0,0,0,0,0,0,0,0,0,0,0,0,8,0,0,0,0,0,0,0,0,0,29,0,530,35,217,68,236,0,13,0,0,0,0,0,0,0,0
301,0,303,30,49,338,311,49,102,68,28,275,0,138,0,23,42,0,0,65,0,0,262,11,239,7,0,187,12,0,0,0,0,81,0,0,0,109,28,172,0,64,0,2,0,29,0,115,0,8,0,2,0,1,44,35,0,2,0,20,0,40,35,25,0,127,0,26,0,0,0,0,0,0,0,0,0,0,0,0,0,0,0,0,0,0,0,0,0,0,0,0,0,0,0,0,0,0,0,0,0,0,0,0,0,0,0,0,0,0,0,1,0,0,0,0,0,0,0,0,0,0,0,0,0,30,0,57,0,0,0,47,0,0,0,27,0,8,0,0,0,0,0,0,0,0,0,85,0,97,0,54,0,35,0,0,0,0,0,1,0,5,0,3,0,0,0,0,0,9,0,0,0,65,0,0,190,489,0,11,0,13,18,67,0,90,0,0,0,0,0,0,0,0,0,0,0,0,0,23,0,14,0,0,0,0,0,0,0,77,0,0,0,0,433,0,0,0,817,170,364,190,7,11,0
21,303,0,0,230,117,33,0,9,0,44,111,192,0,197,168,45,0,65,0,48,0,319,136,29,125,80,0,190,0,78,0,126,0,0,0,0,0,518,0,29,0,0,0,0,0,68,0,12,0,0,0,0,0,35,0,0,0,21,0,22,0,15,0,0,0,0,0,0,0,0,0,0,0,0,0,0,0,0,0,0,0,0,0,0,0,0,0,0,0,0,0,0,0,0,0,0,0,0,0,0,0,0,0,0,0,0,0,0,0,0,0,0,0,0,0,0,0,0,0,0,0,0,0,20,0,82,0,19,0,33,0,3,0,476,0,48,0,0,0,0,0,0,0,0,0,115,0,136,0,125,0,0,0,2,0,0,0,6,0,22,0,3,0,0,0,16,0,25,0,15,0,188,4,0,0,108,57,0,0,0,0,13,0,48,0,0,0,0,0,0,0,0,0,0,0,2,0,0,0,0,0,0,0,0,0,0,0,227,0,463,33,478,0,329,0,0,0,0,6,0,0,0,0,0
209,30,0,0,33,128,0,128,0,9,30,6,0,4,0,270,0,19,0,166,8,24,155,138,69,90,0,40,0,183,0,68,0,174,0,0,0,0,34,214,0,0,0,0,0,0,0,0,0,0,0,0,0,3,2,86,0,14,0,13,4,0,8,12,0,0,0,0,0,0,0,0,0,0,0,0,0,0,0,0,0,0,0,0,0,0,0,0,0,0,0,0,0,0,0,0,0,0,0,0,0,0,0,0,0,0,0,0,0,0,0,0,0,0,0,0,0,0,0,0,0,0,0,0,0,0,0,40,0,0,0,78,0,0,0,272,0,163,0,0,0,0,0,0,0,0,0,0,0,64,0,39,0,1,0,0,0,0,0,0,0,0,0,0,0,7,0,0,0,16,0,11,0,99,0,0,53,57,0,1,0,0,0,0,0,0,0,0,0,0,0,0,0,0,0,0,0,0,0,72,0,90,0,0,0,0,0,66,0,165,4,0,0,0,227,0,0,0,281,64,407,136,0,8,0
132,49,230,33,0,522,24,1,34,0,192,265,506,81,218,332,23,0,168,173,321,36,96,0,0,0,161,0,0,0,146,0,186,0,99,0,164,0,96,0,51,0,0,0,0,0,142,0,14,0,116,0,0,0,11,0,0,0,0,0,0,0,24,0,44,0,0,0,0,0,0,0,0,0,0,0,0,0,0,0,0,0,0,0,0,0,0,0,0,0,0,0,0,0,0,0,0,0,0,0,0,0,0,0,0,0,0,0,0,0,0,0,0,0,0,0,0,0,0,0,0,0,0,0,0,0,51,0,0,0,0,0,0,0,161,0,0,0,0,0,6,0,0,0,0,0,110,0,188,0,185,0,90,0,0,0,0,0,0,0,0,0,5,0,60,0,146,0,67,0,34,0,174,0,0,0,349,159,9,0,65,0,129,0,203,0,0,0,0,0,0,0,0,0,0,0,0,0,0,0,0,0,0,0,0,0,0,0,111,0,754,281,688,112,481,0,0,0,7,0,0,0,0,0,0
50,338,117,128,522,0,0,113,0,39,337,280,298,182,542,136,28,0,139,169,265,170,232,125,0,27,0,235,0,29,61,124,40,164,0,143,0,198,41,0,0,40,0,0,0,0,0,122,0,0,0,71,0,0,0,0,0,0,0,7,0,0,0,0,0,93,0,0,0,0,0,0,0,0,0,0,0,0,0,0,0,0,0,0,0,0,0,0,0,0,0,0,0,0,0,0,0,0,0,0,0,0,0,0,0,0,0,0,0,0,0,0,0,0,0,0,0,0,0,0,0,0,0,6,0,0,0,0,0,0,0,54,0,0,0,202,0,87,1,0,0,0,0,0,0,0,0,54,0,155,0,72,0,47,0,0,0,0,0,0,0,0,0,3,0,0,0,110,1,74,0,0,0,104,0,0,220,347,28,49,0,0,0,0,0,44,7,0,0,0,0,0,0,0,0,0,0,0,0,0,0,67,0,0,0,0,0,0,0,144,0,0,0,0,373,0,0,0,612,402,578,179,0,6,0
31,311,33,0,24,0,0,202,27,203,10,2,28,0,79,0,37,53,26,0,17,0,63,42,92,240,51,0,100,22,0,0,0,0,0,0,11,0,144,26,6,0,0,0,0,0,20,0,19,0,0,0,24,0,194,21,18,0,54,0,242,26,284,88,23,0,12,0,0,0,0,0,0,0,0,0,0,0,0,0,0,0,0,0,0,0,0,0,0,0,0,0,0,0,0,0,0,0,0,0,0,0,0,0,0,0,0,0,0,0,0,0,0,0,0,0,0,0,0,0,0,0,0,0,57,0,175,0,92,0,118,0,10,0,181,0,26,0,0,0,0,0,0,0,0,0,62,0,49,0,57,0,0,0,22,0,0,0,7,0,62,0,0,0,0,0,0,0,18,0,99,0,166,0,0,0,105,55,0,0,2,0,0,0,2,0,0,0,0,0,0,0,0,0,0,0,0,0,31,0,29,0,0,0,0,0,0,0,241,0,793,47,439,229,587,0,86,3,0,0,0,0,0,0,0
87,49,0,128,1,113,202,0,247,13,0,13,0,0,0,88,0,71,0,46,0,7,0,47,111,73,0,35,0,194,0,0,0,0,0,0,0,0,0,217,0,0,0,0,0,0,0,0,0,0,0,0,11,78,131,417,0,31,10,73,0,190,60,349,0,31,13,4,0,0,0,0,0,0,0,0,0,0,0,0,0,0,0,0,0,0,0,0,0,0,0,0,0,0,0,0,0,0,0,0,0,0,0,0,0,0,0,0,0,0,0,0,0,0,0,0,0,0,0,0,0,0,0,0,0,61,0,67,0,0,0,126,0,0,0,109,0,88,1,8,0,0,0,0,0,0,0,74,0,59,0,71,0,0,0,0,0,0,0,0,0,8,0,6,0,0,0,5,0,17,0,27,0,87,0,0,60,0,0,0,0,0,33,6,0,1,0,0,0,0,0,0,0,0,0,0,0,0,0,0,0,0,0,0,0,0,0,0,0,275,0,3,0,0,737,0,0,0,901,118,542,465,24,26,0
33,102,9,0,34,0,27,247,0,326,14,0,54,0,3,0,0,15,6,0,0,0,0,0,4,119,8,0,2,12,0,0,0,0,0,0,0,0,59,8,0,0,0,0,0,0,0,0,0,0,0,0,18,61,22,160,3,0,186,28,157,0,119,114,222,0,136,33,0,0,0,0,0,0,0,0,0,0,0,0,0,0,0,0,0,0,0,0,0,0,0,0,0,0,0,0,0,0,0,0,0,0,0,0,0,0,5,0,0,0,0,0,0,0,0,0,0,0,0,0,0,0,0,0,37,0,58,0,0,0,55,0,2,0,13,0,1,0,0,0,0,0,0,0,0,0,82,0,143,0,54,0,21,0,0,0,4,0,0,0,44,0,0,0,0,0,0,0,10,0,106,0,40,0,0,0,581,91,2,0,0,0,17,0,162,0,0,0,0,0,0,0,0,0,0,0,0,0,0,0,0,0,0,0,2,0,5,0,50,0,288,62,150,84,186,0,22,0,0,0,0,0,0,0,0
4,68,0,9,0,39,203,13,326,0,0,61,0,15,0,2,0,0,0,19,0,0,0,0,44,0,0,63,0,2,0,0,0,0,0,1,0,0,0,0,0,0,0,2,0,0,0,27,0,0,0,0,44,0,352,55,29,26,204,134,0,194,37,87,0,299,71,253,0,0,0,0,0,1,0,0,0,0,0,0,0,0,0,0,0,0,0,0,0,0,0,0,0,0,0,0,0,0,0,0,0,0,0,0,0,0,0,0,0,0,0,0,0,0,0,0,0,0,0,0,0,0,0,0,0,102,0,35,0,0,0,76,0,0,0,0,0,3,0,0,0,0,0,0,0,0,0,41,0,88,0,0,0,12,0,0,0,0,0,0,0,23,0,0,0,0,0,0,0,8,0,12,0,50,0,0,135,707,0,0,0,0,11,4,0,49,0,0,0,0,0,0,0,0,0,0,0,0,0,9,0,0,0,0,0,0,0,0,0,15,3,0,0,0,327,0,0,0,440,208,189,276,48,0,0
118,28,44,30,192,337,10,0,14,0,0,121,413,4,11,355,0,0,28,22,45,18,0,50,0,0,13,0,0,0,0,0,55,0,0,0,29,0,37,0,42,0,0,0,0,0,84,0,14,0,16,0,0,0,0,0,2,0,0,0,0,0,0,0,16,0,0,0,1,0,0,1,0,0,0,0,0,0,0,0,0,0,0,0,0,0,0,0,0,0,0,0,0,0,0,0,0,0,0,0,0,0,0,0,0,0,0,0,0,0,0,0,0,0,0,0,0,0,0,0,0,0,0,0,0,0,0,0,0,0,0,0,0,0,0,0,0,0,0,0,0,0,0,0,0,0,0,0,38,0,136,0,99,0,0,0,0,0,0,0,0,0,0,0,0,0,25,0,11,0,6,0,49,0,0,0,470,77,125,0,148,0,113,0,59,0,3,0,0,0,0,0,0,0,0,0,0,0,0,0,0,0,0,0,0,0,0,0,15,0,321,124,185,38,132,0,0,0,4,10,0,0,0,0,0
29,275,111,6,265,280,2,13,0,61,121,0,82,317,347,0,39,0,35,17,153,24,236,0,3,0,0,107,0,0,36,31,17,58,0,46,0,59,0,0,0,168,0,0,0,34,0,232,2,26,0,0,0,1,0,0,0,0,0,5,0,0,0,0,0,43,0,0,0,0,0,0,0,0,0,0,0,0,0,0,0,0,0,0,0,0,0,0,0,0,0,0,0,0,0,0,0,0,0,0,0,0,0,0,0,0,0,0,0,0,0,0,0,0,0,0,0,0,0,2,0,0,0,0,0,12,0,11,0,0,0,12,0,0,0,0,0,0,0,0,0,0,0,0,0,0,0,40,0,61,0,74,0,220,0,0,0,0,0,0,0,0,0,0,0,9,0,0,0,14,0,2,0,0,0,37,128,573,5,86,0,160,0,102,0,142,6,2,0,0,0,1,0,0,0,0,0,0,0,5,0,0,0,0,0,0,0,0,0,16,4,0,0,0,113,0,0,0,298,138,153,59,0,0,0
227,0,192,0,506,298,28,0,54,0,413,82,0,590,61,65,0,0,129,343,109,48,52,0,1,0,149,477,0,0,0,0,0,0,174,0,30,0,0,0,282,105,125,48,90,65,292,259,92,0,413,41,0,0,0,0,0,0,6,0,0,0,10,0,33,0,4,0,0,0,0,0,0,0,0,0,0,0,0,0,0,0,0,0,0,0,0,0,0,0,0,0,0,0,0,0,0,0,0,0,0,0,0,0,0,0,0,0,0,0,0,0,0,0,0,0,0,0,0,0,0,0,0,0,0,0,0,0,0,0,0,0,0,0,51,0,0,0,0,0,0,0,0,0,0,0,0,0,87,0,131,0,0,0,0,0,0,0,0,0,0,0,0,0,127,0,27,0,56,0,12,0,0,0,0,0,477,124,80,0,103,0,92,0,62,0,117,0,0,0,0,0,0,0,0,0,0,0,0,0,0,0,0,0,0,0,0,0,0,0,160,253,376,38,0,0,0,0,0,23,0,0,0,0,0
0,138,0,4,81,182,0,0,0,15,4,317,590,0,46,0,0,0,442,38,179,36,0,0,0,0,297,96,0,0,0,0,0,0,37,90,0,35,0,0,0,401,48,124,0,34,65,187,0,51,126,406,0,0,0,0,0,0,0,0,0,0,0,0,0,0,0,0,0,0,0,0,0,0,0,0,0,0,0,0,0,0,0,0,0,0,0,0,0,0,0,0,0,0,0,0,0,0,0,0,0,0,0,0,0,0,0,0,0,1,0,0,0,0,0,0,0,0,0,0,0,0,0,0,0,0,0,0,0,0,0,0,0,0,0,0,0,0,0,0,0,0,0,0,0,5,0,0,0,0,0,0,0,69,0,0,0,0,0,0,0,0,0,0,0,13,1,0,0,14,0,0,0,0,0,31,92,426,13,21,0,67,0,28,0,26,36,141,0,0,0,0,0,0,0,0,0,0,0,0,0,0,0,0,0,0,0,0,0,0,0,0,0,0,0,0,0,0,97,320,194,0,0,0,2
4,0,197,0,218,542,79,0,3,0,11,347,61,46,0,195,65,0,294,120,486,0,261,0,59,0,243,0,6,0,185,0,118,18,15,0,88,23,0,0,0,2,0,0,0,0,26,0,0,0,16,0,0,0,119,0,0,0,0,0,0,0,20,0,14,0,0,0,0,0,0,0,0,0,0,0,0,0,0,0,0,0,0,0,0,0,0,1,0,0,0,0,0,0,0,0,0,0,0,0,0,0,0,0,0,0,0,0,0,0,0,0,0,0,0,0,0,0,0,0,0,0,0,0,0,0,9,0,0,0,0,0,0,0,457,0,92,0,0,0,0,0,0,0,0,0,61,0,116,0,93,0,0,0,0,0,0,0,0,0,0,0,0,0,15,0,77,0,19,0,8,0,62,3,0,0,87,59,1,0,0,0,10,0,49,0,0,0,0,0,0,0,0,0,0,0,0,0,0,0,212,0,0,0,0,0,0,0,127,0,184,123,223,0,98,0,0,0,0,12,11,0,0,0,0
215,23,168,270,332,136,0,88,0,2,355,0,65,0,195,0,68,36,0,353,143,196,296,303,16,81,0,87,0,21,57,106,37,101,0,29,7,105,69,0,0,0,0,0,0,0,0,0,0,0,0,0,0,0,0,94,0,0,0,4,0,0,0,13,0,16,0,0,0,0,0,0,0,0,0,0,0,0,0,0,0,57,0,0,0,102,0,0,0,0,0,0,0,0,0,0,0,119,0,0,0,0,0,0,0,0,0,0,0,0,0,0,0,0,0,0,0,0,0,0,0,0,0,5,0,0,0,0,0,0,0,0,0,0,0,697,0,275,0,0,0,0,0,48,0,5,0,0,0,57,0,0,0,0,0,0,0,0,0,0,0,0,0,0,0,0,0,37,0,27,0,4,0,39,0,0,63,23,8,0,0,0,0,0,0,0,0,0,0,0,0,0,0,0,0,0,0,2,0,0,0,0,0,0,0,0,0,0,0,131,20,0,0,0,56,0,0,0,89,502,156,21,3,1,0
26,42,45,0,23,28,37,0,0,0,0,39,0,0,65,68,0,0,107,0,189,0,79,37,120,19,229,0,320,0,120,0,58,0,0,0,0,0,103,0,0,0,15,0,37,0,0,0,0,0,12,0,100,0,63,0,22,0,7,0,10,0,188,1,0,0,0,0,0,0,0,0,0,0,0,0,0,0,0,0,53,0,0,0,259,0,26,0,0,0,179,0,0,0,0,0,730,0,183,0,0,0,0,0,0,0,248,0,0,0,0,0,0,0,0,0,0,0,0,0,10,0,30,0,0,0,0,0,110,0,0,0,13,0,203,0,355,0,192,0,75,1,584,0,0,0,0,0,0,0,0,0,0,0,96,0,0,0,60,1,0,0,0,0,0,0,0,0,0,0,2,0,8,0,0,0,14,11,0,0,0,0,0,0,0,0,0,0,0,0,0,0,0,0,0,0,0,0,40,0,466,0,0,0,0,0,0,0,17,0,34,182,21,0,0,0,0,0,0,0,0,0,0,0,0
38,0,0,19,0,0,53,71,15,0,0,0,0,0,0,36,0,0,0,36,0,155,14,104,25,117,0,77,0,235,0,65,0,27,0,17,0,5,0,12,0,0,0,30,0,0,0,0,0,0,0,0,0,12,11,48,0,92,0,4,0,3,8,61,0,0,0,0,0,0,0,0,0,0,0,0,0,0,0,0,0,0,0,0,0,85,0,0,0,0,0,12,0,0,0,0,0,62,0,73,0,11,0,0,0,0,0,0,0,0,0,0,0,0,0,0,0,0,0,0,0,0,0,0,0,0,0,0,0,92,0,0,0,199,0,498,0,414,0,149,0,0,0,89,0,2,0,0,0,1,0,0,0,0,0,40,0,0,0,21,0,5,0,0,0,0,0,0,0,0,0,0,0,0,0,0,0,0,0,0,0,0,7,0,0,0,0,0,0,0,0,0,0,0,0,0,0,0,0,0,0,86,0,0,0,0,0,0,0,0,0,0,0,0,0,0,0,0,0,111,0,0,0,0,0
9,0,65,0,168,139,26,0,6,0,28,35,129,442,294,0,107,0,0,177,367,31,309,0,21,0,279,289,17,0,46,0,0,0,187,0,0,0,4,0,2,41,15,24,0,20,28,105,0,0,293,35,11,0,0,0,0,0,0,0,4,0,29,0,0,0,0,0,0,0,0,0,0,0,50,0,0,0,0,0,76,0,0,0,0,0,0,0,0,0,0,0,0,0,0,0,484,0,0,0,0,0,0,0,0,0,0,0,0,0,0,0,0,0,0,0,0,0,0,0,27,0,0,0,0,0,2,0,0,0,0,0,0,0,230,0,72,0,0,0,0,0,0,0,0,1,0,0,41,0,0,0,0,0,0,0,0,0,0,0,0,0,0,0,40,0,18,0,25,0,0,0,0,0,0,0,104,50,11,0,0,0,13,0,32,0,63,0,0,0,0,0,0,0,0,0,0,0,0,0,0,0,0,0,0,0,0,0,0,0,98,118,71,0,66,0,0,0,0,5,0,0,0,0,0
6,65,0,166,173,169,0,46,0,19,22,17,343,38,120,353,0,36,177,0,112,350,0,212,0,17,0,378,0,0,13,146,0,7,43,341,0,141,0,0,0,10,0,19,0,44,0,51,0,0,15,244,0,0,0,30,0,0,0,0,0,0,0,15,0,87,0,0,0,0,0,17,0,0,0,0,0,0,0,10,0,185,0,0,0,229,0,67,0,0,0,0,0,0,0,0,0,0,0,0,0,24,0,0,0,0,0,0,0,0,0,0,0,0,0,0,0,0,0,0,0,67,0,22,0,0,0,0,0,0,0,0,0,0,0,798,0,295,0,0,0,51,0,127,0,0,0,0,0,236,0,53,0,22,0,0,0,0,0,0,0,0,0,3,0,12,0,54,0,33,0,0,0,11,0,0,32,39,25,0,0,14,0,0,0,41,5,4,0,0,0,0,0,0,0,0,0,0,0,103,0,0,0,0,0,0,0,0,0,129,0,0,3,0,45,0,0,0,158,286,195,0,0,0,0
11,0,48,8,321,265,17,0,0,0,45,153,109,179,486,143,189,0,367,112,0,29,122,19,24,0,370,104,113,0,85,9,53,6,69,0,28,9,0,0,0,29,5,5,23,0,0,46,0,0,22,6,8,0,0,0,8,0,7,0,0,0,73,0,0,0,0,0,0,0,19,0,0,0,0,0,0,0,0,0,0,0,0,0,165,0,56,0,0,0,80,0,0,0,0,0,356,0,174,0,0,0,0,0,0,0,0,0,0,0,0,0,0,0,0,0,0,0,0,0,0,0,0,0,0,0,0,0,0,0,0,0,0,0,0,0,0,0,0,0,0,0,127,0,0,0,0,0,0,0,0,0,0,0,0,0,0,0,0,0,4,0,0,0,43,0,28,0,30,0,0,0,17,0,0,0,38,17,11,0,0,0,8,0,0,0,0,0,0,0,0,0,0,0,0,0,0,0,0,0,119,0,0,0,0,0,0,0,0,0,290,385,161,44,157,0,0,0,0,0,0,0,0,0,0
0,0,0,24,36,170,0,7,0,0,18,24,48,36,0,196,0,155,31,350,29,0,0,260,0,36,0,313,0,63,0,105,0,75,0,67,0,12,2,4,0,7,1,45,0,85,0,13,0,5,6,27,0,0,0,11,0,0,0,6,0,0,0,14,0,2,0,0,0,0,0,0,0,0,0,28,0,0,0,11,0,150,0,0,0,189,0,53,0,0,0,0,0,0,0,0,0,0,0,183,0,0,0,0,0,0,0,0,0,0,0,0,0,0,0,0,0,0,0,0,0,65,0,29,0,0,0,0,0,36,0,0,0,0,0,563,0,377,0,168,0,101,0,219,0,0,0,3,0,0,0,0,0,0,0,0,0,0,0,0,0,5,0,0,0,0,0,9,0,20,0,0,0,0,0,0,4,22,0,12,0,0,0,0,0,0,0,5,0,0,0,0,0,0,0,0,0,0,0,0,0,0,0,0,0,0,0,0,0,17,0,0,0,0,61,0,0,0,242,466,94,16,0,0,0
14,262,319,155,96,232,63,0,0,0,0,236,52,0,261,296,79,14,309,0,122,0,0,139,63,54,246,0,58,15,58,0,23,0,0,0,0,27,28,21,5,0,0,0,0,0,25,0,0,0,8,0,0,0,118,0,19,0,25,0,0,0,0,0,0,0,0,0,0,0,0,0,0,0,0,0,0,0,0,0,0,0,0,0,0,0,0,0,0,0,0,0,0,0,0,0,0,0,0,0,0,0,0,0,0,0,0,0,0,0,0,0,0,0,0,0,0,0,0,0,0,0,0,0,0,0,0,0,0,0,0,0,0,0,238,0,59,0,0,0,0,0,0,0,0,1,31,0,41,0,36,0,0,0,9,0,0,0,0,0,0,0,0,0,0,0,3,0,7,0,3,0,18,0,0,0,55,41,7,0,0,0,0,0,11,0,0,0,0,0,0,0,0,0,0,0,0,0,64,0,151,0,0,0,0,0,0,0,50,0,17,227,26,0,7,0,0,0,5,14,0,2,0,0,0
173,11,136,138,0,125,42,47,0,0,50,0,0,0,0,303,37,104,0,212,19,260,139,0,58,157,0,105,0,57,0,103,8,18,0,14,0,5,37,0,0,0,0,14,0,0,0,0,0,0,0,0,0,7,0,110,0,50,0,0,0,0,0,62,0,0,0,0,0,0,0,0,0,0,0,3,0,0,0,0,0,0,0,0,0,151,0,0,0,0,0,0,0,0,0,0,0,117,0,148,0,0,0,0,0,0,0,0,0,0,0,0,0,0,0,0,0,0,0,0,0,21,0,0,0,0,0,0,0,0,0,0,0,0,0,580,0,279,0,0,0,0,0,85,0,1,0,0,0,0,0,0,0,0,0,0,0,0,0,0,0,0,0,0,0,0,0,0,0,0,0,0,0,3,0,0,15,6,0,0,0,0,0,0,0,0,0,0,0,0,0,0,0,0,0,0,0,0,0,0,0,0,0,0,0,0,0,0,0,0,0,0,0,0,0,0,0,0,67,511,38,0,0,0,0
3,239,29,69,0,0,92,111,4,44,0,3,1,0,59,16,120,25,21,0,24,0,63,58,0,168,31,0,197,23,11,1,0,4,0,0,0,26,51,24,0,0,0,0,0,0,0,0,0,0,0,0,61,3,207,0,38,0,33,0,0,0,25,0,0,0,0,0,0,0,0,0,0,0,0,0,0,0,0,0,0,0,0,0,0,0,0,0,0,0,0,0,0,0,0,0,0,0,0,0,0,0,0,0,0,0,0,0,0,0,0,0,0,0,0,0,0,0,0,0,0,0,0,0,0,0,0,0,105,0,0,0,0,0,160,0,103,0,39,0,18,0,139,0,0,0,0,0,0,0,0,0,0,0,80,0,0,0,26,0,0,0,0,0,0,0,0,0,0,0,0,1,21,0,0,0,22,17,0,0,0,0,0,0,0,0,0,0,0,0,0,0,0,0,0,0,0,0,0,0,118,0,0,0,0,0,0,0,0,0,23,124,27,9,19,0,0,0,10,0,6,0,0,0,0
195,7,125,90,0,27,240,73,119,0,0,0,0,0,0,81,19,117,0,17,0,36,54,157,168,0,0,0,5,337,0,28,0,25,0,5,0,20,19,120,0,0,0,0,0,0,0,0,0,0,0,0,0,19,17,258,0,45,0,0,10,29,38,124,0,0,0,0,0,0,0,0,0,0,0,0,0,0,0,0,0,0,0,0,0,12,0,0,0,0,0,0,0,0,0,0,0,0,0,0,0,0,0,0,0,0,0,0,0,0,0,0,0,0,0,0,0,0,0,0,0,0,0,0,0,18,0,7,0,27,0,22,0,31,0,345,0,207,0,16,0,0,0,0,0,0,0,0,0,0,0,0,0,0,0,6,0,0,0,0,0,1,0,0,0,0,0,0,1,7,0,0,0,23,0,0,45,13,0,0,0,0,19,0,0,0,0,0,0,0,0,0,0,0,0,0,0,0,0,0,0,66,0,0,0,0,0,0,0,88,0,0,0,0,45,0,0,0,60,210,108,31,0,1,0
0,0,80,0,161,0,51,0,8,0,13,0,149,297,243,0,229,0,279,0,370,0,246,0,31,0,0,218,122,0,58,0,57,0,60,0,113,0,0,0,36,216,302,66,244,75,204,291,35,6,451,31,0,0,0,0,0,0,0,0,0,0,0,0,0,0,0,0,0,0,84,0,0,0,197,0,0,0,0,0,274,0,0,0,619,0,173,0,0,0,363,0,0,0,0,1,1503,0,829,0,0,0,38,0,0,0,0,0,0,0,0,0,0,0,0,0,0,0,0,0,0,0,0,0,0,0,0,0,0,0,0,0,0,0,0,0,0,0,0,0,0,0,0,0,143,0,0,0,0,0,0,0,0,0,0,0,0,0,0,0,0,0,0,0,95,0,16,0,0,3,0,0,24,0,0,0,34,17,0,0,0,0,0,0,0,0,156,0,0,0,0,0,0,0,0,0,0,0,0,0,371,0,0,0,0,0,0,0,0,0,119,315,483,40,67,0,0,7,0,0,0,0,0,0,0
0,187,0,40,0,235,0,35,0,63,0,107,477,96,0,87,0,77,289,378,104,313,0,105,0,0,218,0,0,0,0,63,0,84,34,84,0,74,0,0,42,44,61,234,0,287,0,259,0,14,148,367,0,0,0,0,0,0,0,15,0,3,0,16,0,103,0,0,0,8,0,25,0,10,0,47,0,0,0,0,0,0,0,0,0,371,0,0,0,0,0,0,0,0,0,166,0,0,0,0,0,0,0,0,0,0,0,0,0,0,0,0,0,0,0,0,0,0,0,0,0,0,0,88,0,0,0,0,0,0,0,0,0,0,0,1020,0,766,0,0,0,185,0,536,0,0,0,0,0,180,0,0,0,0,0,0,0,0,0,0,0,0,0,0,0,28,0,0,0,0,0,3,0,11,0,0,33,92,14,0,0,0,0,0,0,47,43,19,0,0,0,0,0,0,0,0,0,0,0,0,0,0,0,0,0,0,0,0,0,0,1,0,0,0,59,0,0,0,212,806,400,0,0,0,7
0,12,190,0,0,0,100,0,2,0,0,0,0,0,6,0,320,0,17,0,113,0,58,0,197,5,122,0,0,0,95,0,54,0,36,0,81,0,13,0,0,0,65,0,0,0,0,0,0,0,23,0,22,0,17,0,0,0,0,0,11,0,111,0,0,0,0,0,0,0,13,0,0,0,36,0,0,0,0,0,39,0,0,0,116,0,31,0,0,0,0,0,0,0,0,0,191,0,88,0,0,0,0,0,0,0,0,0,0,0,0,0,0,0,0,0,0,0,0,0,28,0,36,0,1,0,0,0,10,0,0,0,0,0,0,0,87,0,107,0,72,0,154,0,23,0,0,0,0,0,0,0,0,0,13,0,0,0,18,0,1,0,0,0,0,0,0,0,0,0,0,0,0,0,0,0,0,0,1,0,0,0,0,0,0,0,0,0,0,0,0,0,0,0,0,0,0,0,0,0,0,0,0,0,0,0,0,0,0,0,39,64,0,0,0,0,0,0,0,0,0,0,0,0,0
31,0,0,183,0,29,22,194,12,2,0,0,0,0,0,21,0,235,0,0,0,63,15,57,23,337,0,0,0,0,0,37,0,25,0,40,0,36,7,27,0,0,0,26,0,7,0,0,0,0,0,0,0,6,0,37,0,10,0,0,0,9,4,15,0,0,0,0,0,0,0,0,0,0,0,0,0,0,0,0,0,0,0,0,0,30,0,0,0,0,0,0,0,0,0,0,0,14,0,0,0,0,0,0,0,0,0,0,0,0,0,0,0,0,0,0,0,0,0,0,0,0,0,0,0,0,0,0,0,10,0,6,0,51,0,158,0,116,0,88,0,17,0,0,0,5,0,0,0,0,0,0,0,0,0,7,0,0,0,13,0,0,0,0,0,0,0,0,0,1,0,0,0,0,0,0,0,20,0,0,0,0,0,5,0,0,0,0,0,0,0,0,0,0,0,0,0,0,0,0,0,0,0,0,0,0,0,0,0,0,0,0,0,0,0,0,0,0,25,211,8,3,0,0,0
17,0,78,0,146,61,0,0,0,0,0,36,0,0,185,57,120,0,46,13,85,0,58,0,11,0,58,0,95,0,0,0,12,0,83,0,28,0,5,0,0,0,33,0,0,0,0,1,0,0,12,0,9,0,5,0,3,0,0,0,0,0,42,0,0,0,0,0,0,0,23,0,0,0,57,0,0,0,0,0,58,0,0,0,123,0,41,0,0,0,0,0,0,0,0,0,220,0,148,0,0,0,0,0,0,0,0,0,0,0,0,0,0,0,0,0,0,0,0,0,0,0,0,0,0,0,0,0,0,0,0,0,0,0,0,0,54,0,0,0,72,0,147,0,37,0,0,0,0,0,0,0,0,0,0,0,0,0,0,0,0,0,0,0,0,0,48,0,0,0,5,0,35,0,0,0,22,5,0,0,0,0,0,0,0,0,0,0,0,0,0,0,0,0,0,0,0,0,0,0,0,0,0,0,0,0,0,0,0,0,130,154,96,0,105,0,0,0,3,0,0,0,0,0,0
0,0,0,68,0,124,0,0,0,0,0,31,0,0,0,106,0,65,0,146,9,105,0,103,1,28,0,63,0,37,0,0,0,44,0,121,0,10,0,6,0,0,0,55,0,14,0,0,0,0,0,14,0,0,0,5,0,0,0,0,0,0,0,17,0,0,0,0,0,0,0,3,0,0,0,0,0,0,0,6,0,0,0,0,0,26,0,0,0,0,0,0,0,0,0,0,0,0,0,0,0,0,0,0,0,0,0,0,0,0,0,0,0,0,0,0,0,0,0,0,0,0,0,4,0,0,0,0,0,0,0,0,0,0,0,117,0,122,0,75,0,0,0,56,0,10,0,1,0,0,0,0,0,0,0,0,0,0,0,6,0,0,0,1,0,0,0,22,0,22,0,0,0,0,0,0,0,0,0,0,0,0,0,0,0,0,0,0,0,0,0,0,0,0,0,0,0,0,0,0,0,0,0,0,0,0,0,0,0,0,1,0,0,0,49,0,0,0,153,213,96,26,0,0,0
0,0,126,0,186,40,0,0,0,0,55,17,0,0,118,37,58,0,0,0,53,0,23,8,0,0,57,0,54,0,12,0,0,0,36,0,83,0,2,0,0,0,38,0,36,0,0,0,3,0,26,0,2,0,8,0,0,0,0,0,0,0,22,0,1,0,0,0,0,0,17,0,2,0,36,0,0,0,0,0,38,0,0,0,0,0,22,0,0,0,0,0,0,0,0,0,0,0,60,0,0,0,0,0,0,0,0,0,0,0,0,0,0,0,0,0,0,0,0,0,0,0,12,0,0,0,0,0,0,0,0,0,0,0,0,0,0,0,60,0,50,0,61,0,47,0,0,0,0,0,0,0,0,0,4,0,4,0,0,0,0,0,0,0,0,0,69,0,9,0,0,0,57,0,0,0,16,0,0,0,0,0,0,0,0,0,0,0,0,0,0,0,0,0,0,0,0,0,0,0,0,0,0,0,0,0,0,0,0,0,108,158,113,37,82,0,0,0,0,0,0,0,0,0,0
0,81,0,174,0,164,0,0,0,0,0,58,0,0,18,101,0,27,0,7,6,75,0,18,4,25,0,84,0,25,0,44,0,0,0,148,0,71,0,3,0,0,0,134,0,55,0,0,0,0,0,29,0,9,0,0,0,3,0,0,0,8,0,22,0,0,0,0,0,0,0,2,0,0,0,0,0,0,0,0,0,0,0,0,0,0,0,0,0,0,0,0,0,0,0,0,0,0,0,0,0,0,0,0,0,0,0,0,0,0,0,0,0,0,0,0,0,0,0,0,0,0,0,3,0,0,0,0,0,0,0,0,0,0,0,0,0,125,0,211,0,55,0,52,0,16,0,0,0,0,0,0,0,0,0,10,0,23,0,31,0,0,0,0,0,0,0,47,0,17,0,0,0,34,0,0,0,50,0,31,0,0,0,0,0,0,0,1,0,0,0,0,0,0,0,0,0,0,0,0,0,0,0,0,0,0,0,0,0,0,0,0,0,0,38,0,0,0,83,397,105,20,0,0,0
0,0,0,0,99,0,0,0,0,0,0,0,174,37,15,0,0,0,187,43,69,0,0,0,0,0,60,34,36,0,83,0,36,0,0,0,89,0,6,0,0,0,46,0,47,0,0,0,0,0,119,0,0,0,0,0,0,0,0,0,0,0,5,0,0,0,0,0,0,0,9,0,0,0,0,0,0,0,0,0,0,0,0,0,0,0,7,0,0,0,0,0,0,0,0,0,0,0,0,0,0,0,0,0,0,0,0,0,0,0,0,0,0,0,0,0,0,0,0,0,0,0,0,0,0,0,0,0,0,0,0,0,0,0,0,0,0,0,0,0,0,0,0,0,0,0,0,0,0,0,5,0,0,0,0,0,0,0,0,0,0,0,0,0,82,0,58,0,25,0,0,0,15,0,0,0,17,3,10,0,0,0,6,0,0,0,1,0,0,0,0,0,0,0,0,0,0,0,0,0,0,0,0,0,0,0,0,0,0,0,159,215,224,0,93,0,2,0,0,0,0,0,0,0,0
0,0,0,0,0,143,0,0,0,1,0,46,0,90,0,29,0,17,0,341,0,67,0,14,0,5,0,84,0,40,0,121,0,148,0,0,0,184,0,4,0,0,0,82,0,7,0,0,0,0,0,60,0,0,0,0,0,0,0,0,0,0,0,0,0,0,0,0,0,0,0,7,0,0,0,0,0,0,0,0,0,42,0,0,0,51,0,15,0,0,0,0,0,0,0,0,0,0,0,0,0,0,0,0,0,0,0,0,0,0,0,0,0,0,0,0,0,0,0,0,0,0,0,19,0,0,0,0,0,0,0,0,0,0,0,143,0,104,0,92,0,46,0,83,0,0,0,0,0,0,0,0,0,0,0,0,0,0,0,0,0,0,0,2,0,15,0,116,0,58,0,0,0,16,0,0,0,51,0,5,0,0,0,0,0,0,0,66,0,0,0,0,0,0,0,0,0,0,0,0,0,0,0,0,0,0,0,0,0,0,3,0,0,0,107,0,0,0,230,456,378,0,0,0,0
0,0,0,0,164,0,11,0,0,0,29,0,30,0,88,7,0,0,0,0,28,0,0,0,0,0,113,0,81,0,28,0,83,0,89,0,0,0,47,0,0,4,137,0,187,0,0,0,9,0,82,0,0,0,0,0,3,0,9,0,29,0,12,0,0,0,1,0,0,0,65,0,11,0,138,0,0,0,0,0,128,0,0,0,128,0,104,0,0,0,62,0,0,0,0,0,253,0,249,0,0,0,0,0,0,0,61,0,0,0,0,0,0,0,0,0,0,0,0,0,0,0,0,0,0,0,0,0,0,0,0,0,0,0,0,0,44,0,110,0,152,0,128,0,251,0,0,0,0,0,0,0,0,0,9,0,29,0,0,0,0,0,20,0,40,0,81,0,24,0,46,0,132,0,0,0,30,0,2,0,0,0,0,0,0,0,0,0,0,0,0,0,0,0,0,0,0,0,0,0,20,0,0,0,0,0,0,0,0,0,81,162,152,25,49,0,0,0,0,0,0,0,0,0,0
0,109,0,0,0,198,0,0,0,0,0,59,0,35,23,105,0,5,0,141,9,12,27,5,26,20,0,74,0,36,0,10,0,71,0,184,0,0,0,13,0,0,0,185,0,112,0,0,0,0,0,90,0,5,0,0,0,5,0,0,0,19,0,15,0,0,0,0,0,0,0,9,0,0,0,17,0,0,0,0,0,0,0,9,0,0,0,0,0,0,0,0,0,0,0,0,0,0,0,0,0,0,0,0,0,0,0,0,0,0,0,0,0,0,0,0,0,0,0,0,0,21,0,36,0,0,0,0,0,0,0,0,0,0,0,172,0,251,0,318,0,282,0,251,0,153,0,0,0,0,0,0,0,0,0,5,0,77,0,26,0,0,0,0,0,28,0,76,0,66,0,9,0,87,0,0,17,97,0,40,0,0,0,12,0,0,0,19,0,0,0,0,0,0,0,0,0,0,0,0,0,0,0,0,0,0,0,0,0,0,0,0,0,0,37,0,0,0,45,479,182,0,0,1,0
278,28,518,34,96,41,144,0,59,0,37,0,0,0,0,69,103,0,4,0,0,2,28,37,51,19,0,0,13,7,5,0,2,0,6,0,47,0,0,2,0,0,3,0,3,0,0,0,4,0,0,0,17,0,15,0,3,0,4,0,19,0,41,0,0,0,0,0,0,0,18,0,0,0,53,0,0,0,0,0,44,0,0,0,84,0,34,0,0,0,19,0,64,0,48,0,126,0,95,0,25,0,0,0,0,0,0,0,0,0,0,0,0,0,0,0,0,0,0,0,37,0,25,0,0,0,0,0,0,0,0,0,0,0,0,0,29,0,68,0,70,0,75,0,102,0,0,0,0,0,0,0,0,0,15,0,45,0,12,0,3,0,0,0,0,0,16,0,0,0,16,0,100,0,0,0,106,0,0,0,0,0,36,0,0,0,0,0,0,0,0,0,0,0,0,0,0,0,0,0,0,0,0,0,0,0,0,0,0,0,65,402,63,16,19,0,3,0,0,0,0,0,0,0,0
32,172,0,214,0,0,26,217,8,0,0,0,0,0,0,0,0,12,0,0,0,4,21,0,24,120,0,0,0,27,0,6,0,3,0,4,0,13,2,0,0,0,0,6,0,4,0,0,0,0,0,2,0,5,0,23,0,3,0,0,0,18,0,23,0,0,0,2,0,0,0,1,0,0,0,0,0,0,0,0,0,0,0,0,0,0,0,0,0,0,0,0,0,0,0,0,0,0,0,0,0,0,0,0,0,0,0,0,0,0,0,0,0,0,0,0,0,0,0,0,0,0,0,0,0,0,0,0,0,0,0,0,0,0,0,0,0,46,0,78,0,20,0,14,0,7,0,0,0,0,0,0,0,0,0,17,0,10,0,18,0,0,0,0,0,0,0,3,0,0,0,1,0,30,0,0,6,61,0,3,0,0,0,9,0,0,0,0,0,0,0,0,0,0,0,0,0,0,0,0,0,0,0,0,0,0,0,0,0,0,0,0,0,0,9,0,0,0,9,303,10,3,0,0,0
21,0,29,0,51,0,6,0,0,0,42,0,282,0,0,0,0,0,2,0,0,0,5,0,0,0,36,42,0,0,0,0,0,0,0,0,0,0,0,0,0,94,70,10,32,69,224,147,187,0,31,0,0,0,0,0,0,0,0,0,1,0,0,0,0,0,0,0,0,0,0,0,0,0,0,0,0,0,0,0,0,0,0,0,0,0,0,0,0,0,0,0,0,0,0,0,0,0,0,0,0,0,0,0,0,0,0,0,0,0,0,0,0,0,0,0,0,0,0,0,0,0,0,0,0,0,0,0,0,0,0,0,0,0,0,0,0,0,0,0,0,0,0,0,0,0,0,0,0,0,0,0,0,0,0,0,0,0,0,0,0,0,0,0,0,0,0,0,0,0,0,0,0,0,0,0,41,13,69,0,0,0,18,0,0,0,255,0,0,0,0,0,0,0,0,0,0,0,0,0,0,0,0,0,0,0,0,0,0,0,0,111,26,0,0,0,0,14,0,24,0,0,0,0,0
0,64,0,0,0,40,0,0,0,0,0,168,105,401,2,0,0,0,41,10,29,7,0,0,0,0,216,44,0,0,0,0,0,0,0,0,4,0,0,0,94,0,93,58,49,28,216,127,0,210,98,17,0,0,0,0,0,0,0,0,0,0,0,0,0,0,0,0,0,0,0,0,0,0,0,0,0,0,0,0,0,0,0,0,0,0,0,0,0,0,0,0,0,0,0,0,0,0,0,0,0,0,0,0,0,0,0,0,0,0,0,0,0,0,0,0,0,0,0,0,0,0,0,0,0,0,0,0,0,0,0,0,0,0,0,0,0,0,0,0,0,0,0,0,0,0,0,0,0,0,0,0,0,0,0,0,0,0,0,0,0,0,0,0,0,10,0,0,0,0,0,0,0,0,0,0,0,156,0,4,0,15,0,0,0,0,94,42,0,0,0,0,0,0,0,0,0,0,0,0,0,0,0,0,0,0,0,0,0,0,0,0,0,0,0,0,0,0,5,101,26,0,0,0,23
0,0,0,0,0,0,0,0,0,0,0,0,125,48,0,0,15,0,15,0,5,1,0,0,0,0,302,61,65,0,33,0,38,0,46,0,137,0,3,0,70,93,0,0,186,59,119,184,103,2,43,0,0,0,0,0,0,0,0,0,0,0,5,0,0,0,1,0,0,0,11,0,0,0,0,0,4,0,0,0,0,0,36,0,0,0,0,0,0,0,0,0,0,0,0,0,0,0,0,0,0,0,0,0,0,0,0,0,0,0,0,0,0,0,0,0,0,0,0,0,0,0,0,0,0,0,0,0,0,0,0,0,0,0,0,0,0,0,0,0,0,0,0,0,0,0,0,0,0,0,0,0,0,0,0,0,0,0,0,0,0,0,0,0,78,0,21,0,32,0,7,0,16,0,0,0,41,4,16,0,0,0,0,0,0,0,146,0,0,0,0,0,0,0,0,0,0,0,2,0,0,0,0,0,0,0,0,0,0,0,26,71,205,15,0,0,0,3,0,10,0,0,0,0,0
0,2,0,0,0,0,0,0,0,2,0,0,48,124,0,0,0,30,24,19,5,45,0,14,0,0,66,234,0,26,0,55,0,134,0,82,0,185,0,6,10,58,0,0,0,224,37,102,0,40,20,69,0,0,0,0,0,0,0,5,0,0,0,0,0,0,0,0,0,0,0,0,0,0,0,0,0,0,0,0,0,85,0,38,0,0,0,0,0,1,0,0,0,0,0,0,0,0,0,0,0,0,0,0,0,0,0,0,0,0,0,0,0,0,0,0,0,0,0,0,0,0,0,43,0,0,0,0,0,0,0,1,0,0,0,189,0,0,0,0,0,113,0,161,0,0,0,0,0,0,0,0,0,0,0,0,0,6,0,0,0,0,0,0,0,42,0,13,0,32,0,0,0,11,0,0,0,36,2,0,0,0,0,0,0,0,11,123,0,0,0,0,0,0,0,0,0,0,0,0,0,0,0,0,0,0,0,0,0,0,0,0,0,0,27,0,0,0,73,179,170,0,0,0,0
0,0,0,0,0,0,0,0,0,0,0,0,90,0,0,0,37,0,0,0,23,0,0,0,0,0,244,0,0,0,0,0,36,0,47,0,187,0,3,0,32,49,186,0,0,19,168,51,173,0,95,0,5,0,0,0,11,0,0,0,0,0,0,0,0,0,0,0,12,0,75,0,8,0,97,0,45,0,0,0,165,0,0,0,0,0,105,0,0,0,163,0,210,0,200,0,763,0,0,0,0,0,39,0,0,0,0,0,0,0,0,0,0,0,0,0,0,0,0,0,0,0,49,0,0,0,0,0,0,0,0,0,0,0,0,0,0,0,0,0,0,0,115,0,0,0,0,0,0,0,0,0,0,0,0,0,0,0,0,0,9,0,0,0,201,0,40,0,162,0,15,0,32,0,0,0,0,6,17,0,0,0,11,0,0,0,65,0,0,0,0,0,0,0,0,0,0,0,0,0,126,0,0,0,0,0,0,0,0,0,85,185,423,20,48,35,1,83,0,8,0,0,0,0,0
0,29,0,0,0,0,0,0,0,0,0,34,65,34,0,0,0,0,20,44,0,85,0,0,0,0,75,287,0,7,0,14,0,55,0,7,0,112,0,4,69,28,59,224,19,0,104,182,0,171,35,49,0,0,0,0,0,0,0,0,0,2,0,0,0,0,0,0,0,13,0,14,0,0,0,0,0,33,0,0,0,0,0,81,0,0,0,44,0,0,0,0,0,22,0,76,0,0,0,0,0,14,0,10,0,0,0,0,0,0,0,0,0,2,0,0,0,0,0,0,0,0,0,68,0,0,0,0,0,0,0,0,0,0,0,0,0,178,0,0,0,98,0,286,0,91,0,0,0,0,0,0,0,3,0,0,0,7,0,0,0,0,0,4,0,222,0,32,0,93,0,0,0,0,0,0,0,44,0,0,0,0,0,0,0,0,24,4,0,0,0,0,0,0,0,0,0,0,0,0,0,0,0,0,0,0,0,0,0,0,0,1,0,0,0,0,0,0,82,334,387,8,20,5,46
49,0,68,0,142,0,20,0,0,0,84,0,292,65,26,0,0,0,28,0,0,0,25,0,0,0,204,0,0,0,0,0,0,0,0,0,0,0,0,0,224,216,119,37,168,104,0,249,188,11,46,0,0,0,0,0,0,0,0,0,0,0,0,0,0,0,0,0,0,0,0,0,0,0,0,0,3,0,0,0,0,0,0,0,3,0,0,0,0,0,0,0,0,0,0,0,0,0,0,0,0,0,1,0,0,0,0,0,0,0,0,0,0,0,0,0,0,0,0,0,0,0,0,0,0,0,0,0,0,0,0,0,0,0,0,0,0,0,0,0,0,0,0,0,0,0,0,0,0,0,0,0,0,0,0,0,0,0,0,0,0,0,0,0,28,0,0,0,0,0,0,0,0,0,0,0,0,22,45,0,0,0,20,0,0,0,305,0,0,0,0,0,0,0,0,0,0,0,0,0,0,0,0,0,0,0,0,0,0,0,40,562,268,0,17,0,0,126,0,22,0,0,0,0,0
0,115,0,0,0,122,0,0,0,27,0,232,259,187,0,0,0,0,105,51,46,13,0,0,0,0,291,259,0,0,1,0,0,0,0,0,0,0,0,0,147,127,184,102,51,182,249,0,0,101,177,35,0,0,0,0,0,0,0,0,0,0,0,0,0,0,0,0,0,0,0,0,0,0,0,0,0,0,0,0,0,0,0,0,0,0,0,0,0,0,0,0,0,2,0,0,0,0,0,0,0,0,0,0,0,0,0,0,0,0,0,0,0,0,0,0,0,0,0,0,0,0,0,0,0,0,0,0,0,0,0,0,0,0,0,0,0,0,0,0,0,0,0,0,0,0,0,0,0,0,0,17,0,0,0,0,0,0,0,0,0,0,0,0,0,14,0,2,0,0,0,0,0,0,0,0,0,121,0,0,0,0,0,0,0,0,93,21,0,0,0,0,0,0,0,0,0,0,0,0,0,0,0,0,0,0,0,0,0,0,0,0,0,0,0,0,0,0,0,523,121,0,0,2,36
14,0,12,0,14,0,19,0,0,0,14,2,92,0,0,0,0,0,0,0,0,0,0,0,0,0,35,0,0,0,0,0,3,0,0,0,9,0,4,0,187,0,103,0,173,0,188,0,0,0,37,0,0,0,15,0,42,0,34,0,1,0,0,0,0,0,0,0,5,0,1,0,0,0,0,0,7,0,2,0,7,0,18,0,2,0,9,0,1,0,0,0,6,0,21,0,14,0,3,0,0,0,13,0,0,0,13,0,0,0,0,0,0,0,0,0,0,0,0,0,0,0,0,0,6,0,0,0,0,0,18,0,0,0,5,0,6,0,6,0,0,0,8,0,7,0,5,0,7,0,17,0,0,0,4,0,11,0,6,0,23,0,10,0,42,0,16,0,23,0,9,0,7,0,2,0,64,0,45,0,7,0,0,0,6,0,109,0,12,0,0,0,23,0,7,0,0,0,18,0,7,0,10,0,28,0,0,0,8,0,89,101,299,32,199,28,10,46,0,4,2,0,0,0,0
0,8,0,0,0,0,0,0,0,0,0,26,0,51,0,0,0,0,0,0,0,5,0,0,0,0,6,14,0,0,0,0,0,0,0,0,0,0,0,0,0,210,2,40,0,171,11,101,0,0,0,23,0,0,0,0,0,0,0,0,0,0,0,0,0,0,0,0,0,0,0,0,0,0,0,0,0,5,0,0,0,0,0,4,0,0,0,0,0,1,0,0,0,0,0,3,0,0,0,11,0,5,0,3,0,0,0,1,0,0,0,0,0,0,0,0,0,0,0,0,0,0,0,0,0,0,0,0,0,0,0,0,0,0,0,0,0,0,0,0,0,0,0,0,0,2,0,0,0,0,0,0,0,0,0,0,0,0,0,0,0,0,0,0,0,45,0,7,0,9,0,0,0,0,0,4,0,123,0,6,0,16,0,0,0,0,19,31,0,0,0,0,0,0,0,0,0,0,0,0,0,0,0,0,0,0,0,0,0,0,0,0,0,0,0,0,0,0,7,28,24,0,4,1,34
0,0,0,0,116,0,0,0,0,0,16,0,413,126,16,0,12,0,293,15,22,6,8,0,0,0,451,148,23,0,12,0,26,0,119,0,82,0,0,0,31,98,43,20,95,35,46,177,37,0,0,12,0,0,7,0,6,0,8,0,0,0,0,0,0,0,0,0,0,0,13,0,0,0,16,0,0,0,0,0,0,0,0,0,26,0,16,0,0,0,17,0,0,0,0,0,0,0,46,0,15,0,0,0,0,0,0,0,0,0,0,0,0,0,0,0,0,0,0,0,0,0,0,0,0,0,0,0,0,0,0,0,0,0,0,0,0,0,0,0,0,0,0,0,0,0,0,0,0,0,0,0,0,0,0,0,0,0,0,0,0,0,6,0,180,0,34,0,131,0,23,0,68,0,0,0,44,9,16,0,0,0,0,0,0,0,87,0,0,0,0,0,0,0,0,0,0,0,0,0,0,0,0,0,0,0,0,0,0,0,64,168,316,38,53,0,0,0,0,5,0,0,0,0,0
0,2,0,0,0,71,0,0,0,0,0,0,41,406,0,0,0,0,35,244,6,27,0,0,0,0,31,367,0,0,0,14,0,29,0,60,0,90,0,2,0,17,0,69,0,49,0,35,0,23,12,0,0,0,0,0,0,0,0,0,0,1,0,0,0,0,0,0,0,0,0,6,0,0,1,15,0,0,0,18,0,66,0,43,0,0,0,0,0,2,0,0,0,3,0,35,0,8,0,43,0,7,0,5,0,0,0,0,0,0,0,0,0,0,0,0,0,0,0,0,0,0,0,48,0,0,0,0,0,0,0,0,0,0,0,164,0,0,0,0,0,0,0,141,0,63,0,0,0,0,0,0,0,0,0,0,0,4,0,0,0,10,0,0,0,87,0,18,0,163,0,17,0,41,0,0,0,18,0,3,0,0,0,0,0,0,8,64,0,0,0,0,0,0,0,0,0,0,0,0,0,0,0,0,0,0,0,0,0,0,0,0,0,0,0,0,0,0,59,174,230,11,14,0,0
0,0,0,0,0,0,24,11,18,44,0,0,0,0,0,0,100,0,11,0,8,0,0,0,61,0,0,0,22,0,9,0,2,0,0,0,0,0,17,0,0,0,0,0,5,0,0,0,0,0,0,0,0,3,63,29,78,0,25,21,23,0,118,2,4,0,5,37,0,0,0,0,0,0,0,0,0,0,0,0,0,0,0,0,0,0,0,0,0,0,0,0,0,0,0,0,25,0,0,0,0,0,0,0,0,0,0,0,0,0,0,0,0,0,0,0,0,0,0,0,0,0,0,0,4,0,2,0,75,0,31,0,6,0,13,0,75,0,125,0,19,0,58,0,24,0,0,0,5,2,0,0,0,0,83,0,47,0,185,0,17,0,2,0,0,0,1,0,2,0,33,0,5,0,0,0,0,2,3,0,0,0,0,0,0,0,0,0,0,0,0,0,0,0,0,0,0,0,0,0,28,0,0,0,0,0,0,0,0,0,133,505,78,72,92,0,10,0,0,0,0,0,0,0,0
0,1,0,3,0,0,0,78,61,0,0,1,0,0,0,0,0,12,0,0,0,0,0,7,3,19,0,0,0,6,0,0,0,9,0,0,0,5,0,5,0,0,0,0,0,0,0,0,0,0,0,0,3,0,47,110,9,96,66,20,0,64,0,52,0,3,38,0,0,0,0,0,0,0,0,0,0,0,0,0,0,3,0,0,0,4,0,0,0,0,0,0,0,0,0,0,0,0,0,0,0,0,0,0,0,0,0,0,0,0,0,0,0,0,0,0,0,0,0,0,0,0,0,2,0,11,0,0,0,75,0,6,0,115,0,115,0,155,0,166,0,26,0,28,0,19,0,0,0,0,0,0,0,0,0,119,0,26,0,104,0,8,0,0,0,0,0,0,0,0,0,0,0,0,0,0,8,18,0,0,0,0,0,0,0,1,0,0,0,0,0,0,0,0,0,0,0,0,0,0,0,0,0,0,0,0,0,0,0,0,0,0,0,0,20,0,0,0,13,589,13,15,0,0,0
0,44,35,2,11,0,194,131,22,352,0,0,0,0,119,0,63,11,0,0,0,0,118,0,207,17,0,0,17,0,5,0,8,0,0,0,0,0,15,0,0,0,0,0,0,0,0,0,15,0,7,0,63,47,0,81,21,0,22,27,42,11,75,76,0,0,6,42,0,0,0,0,0,0,0,0,0,0,0,0,0,0,0,0,0,0,0,0,0,0,0,0,0,0,0,0,0,0,0,0,0,0,0,0,0,0,0,0,0,0,0,0,0,0,0,0,0,0,0,0,0,0,0,0,0,0,0,0,33,0,5,0,2,0,75,0,28,0,0,0,0,0,12,0,0,0,0,0,0,0,0,0,0,0,43,0,6,0,8,0,12,0,0,0,0,0,0,0,11,0,66,0,0,0,0,0,21,16,0,0,0,0,0,0,0,0,0,0,0,0,0,0,0,0,0,0,0,0,0,0,13,0,0,0,0,0,0,0,8,0,209,241,140,261,243,0,79,0,0,0,0,0,0,0,0
0,35,0,86,0,0,21,417,160,55,0,0,0,0,0,94,0,48,0,30,0,11,0,110,0,258,0,0,0,37,0,5,0,0,0,0,0,0,0,23,0,0,0,0,0,0,0,0,0,0,0,0,29,110,81,0,32,173,245,48,0,57,11,74,0,5,134,11,0,0,0,0,0,0,0,0,0,0,0,0,0,0,0,0,0,0,0,0,0,0,0,0,0,0,0,0,0,4,0,0,0,0,0,0,0,0,0,0,0,0,0,0,0,0,0,0,0,0,0,0,0,0,0,0,0,68,0,45,0,97,0,130,0,66,0,164,0,291,0,48,0,6,0,0,0,0,0,0,0,8,0,0,0,0,0,42,0,12,0,25,0,20,0,0,0,13,0,8,0,30,0,61,0,43,0,0,15,22,0,0,0,0,6,0,6,0,0,0,0,0,0,0,0,0,0,0,0,0,0,0,0,39,0,0,0,0,0,0,0,203,2,0,0,0,513,0,0,0,274,547,418,494,71,0,0
0,0,0,0,0,0,18,0,3,29,2,0,0,0,0,0,22,0,0,0,8,0,19,0,38,0,0,0,0,0,3,0,0,0,0,0,3,0,3,0,0,0,0,0,11,0,0,0,42,0,6,0,78,9,21,32,0,25,238,81,0,0,14,0,22,23,5,131,0,0,0,0,0,0,0,0,1,0,0,0,0,0,2,0,0,0,0,0,0,0,0,0,0,0,0,0,0,0,0,0,0,0,0,0,0,0,0,0,0,0,0,0,0,0,0,0,0,0,0,0,0,0,0,0,0,0,7,0,97,0,30,6,4,0,23,0,0,0,4,2,0,0,0,0,0,0,0,0,1,0,0,0,0,0,104,22,0,0,74,5,110,21,0,0,0,0,5,0,36,0,108,0,4,0,0,0,0,0,0,0,49,0,0,0,0,0,0,0,0,0,0,0,0,0,0,0,0,0,0,0,0,0,0,0,0,0,0,0,20,0,547,155,472,497,690,41,63,3,0,0,0,0,0,0,0
0,2,0,14,0,0,0,31,0,26,0,0,0,0,0,0,0,92,0,0,0,0,0,50,0,45,0,0,0,10,0,0,0,3,0,0,0,5,0,3,0,0,0,0,0,0,0,0,0,0,0,0,0,96,0,173,25,0,99,133,0,6,0,14,0,6,56,11,0,0,0,0,0,0,0,0,0,0,0,0,0,0,0,0,0,0,0,1,0,0,0,0,0,1,0,0,0,0,0,0,0,0,0,0,0,0,0,0,0,0,0,0,0,0,0,0,0,0,0,0,0,0,0,0,0,59,0,19,0,101,0,151,0,38,0,36,0,110,0,38,0,7,0,0,0,3,0,12,0,0,0,2,0,2,8,178,0,0,2,99,0,46,0,0,0,10,0,7,0,33,0,127,0,20,0,0,0,0,0,0,10,1,0,0,2,0,0,0,0,0,0,0,0,0,0,0,0,0,0,0,0,0,0,0,0,0,0,0,0,40,0,0,0,0,467,0,0,0,423,180,558,448,95,3,0
11,0,21,0,0,0,54,10,186,204,0,0,6,0,0,0,7,0,0,0,7,0,25,0,33,0,0,0,0,0,0,0,0,0,0,0,9,0,4,0,0,0,0,0,0,0,0,0,34,0,8,0,25,66,22,245,238,99,0,295,24,0,24,31,75,21,154,429,0,0,0,0,0,0,0,0,0,0,0,0,0,0,0,0,0,0,0,0,0,0,0,0,0,0,0,0,0,0,0,0,0,0,0,0,0,0,0,0,0,0,0,0,0,0,0,0,0,0,0,0,0,0,0,0,6,0,12,0,18,0,29,0,2,0,0,0,0,0,0,0,0,0,0,0,0,0,2,0,0,0,0,0,0,0,42,26,51,0,13,21,66,0,0,0,0,0,18,0,27,0,102,0,0,0,0,0,66,2,0,0,68,0,0,0,83,11,0,0,0,0,0,0,0,0,0,0,0,0,2,0,4,0,0,0,0,0,0,0,14,0,897,275,240,595,838,35,98,0,1,0,0,0,0,0,0
0,20,0,13,0,7,0,73,28,134,0,5,0,0,0,4,0,4,0,0,0,6,0,0,0,0,0,15,0,0,0,0,0,0,0,0,0,0,0,0,0,0,0,5,0,0,0,0,0,0,0,0,21,20,27,48,81,133,295,0,0,42,0,9,38,74,174,110,0,0,0,0,0,0,0,0,0,1,0,0,0,0,0,0,0,0,0,0,0,0,0,0,0,0,0,0,0,0,0,0,0,0,0,0,0,0,0,0,0,0,0,0,0,0,0,0,0,0,0,0,0,0,0,0,0,31,0,0,0,0,0,26,0,0,0,0,0,0,1,0,0,0,0,0,0,4,0,0,0,0,0,0,0,0,32,20,0,54,10,3,0,36,0,0,0,14,0,11,0,34,0,0,0,29,0,2,4,0,0,0,18,15,0,0,20,43,0,0,0,0,0,0,0,0,0,0,0,0,0,0,0,0,0,0,0,0,0,0,0,0,2,0,0,0,1046,0,0,0,1084,479,655,685,234,2,0
38,0,22,4,0,0,242,0,157,0,0,0,0,0,0,0,10,0,4,0,0,0,0,0,0,10,0,0,11,0,0,0,0,0,0,0,29,0,19,0,1,0,0,0,0,0,0,0,1,0,0,0,23,0,42,0,0,0,24,0,0,0,25,0,0,0,3,0,0,0,0,0,0,0,8,0,0,0,0,0,0,0,0,0,0,0,0,0,0,0,0,0,0,0,0,0,0,0,11,0,0,0,0,0,0,0,0,0,0,0,0,0,0,0,0,0,0,0,0,0,0,0,4,0,0,0,0,0,0,0,0,0,0,0,0,0,22,0,164,0,100,0,0,0,317,0,0,0,8,0,0,0,2,0,90,0,174,0,50,0,0,1,11,0,1,0,0,0,2,0,163,0,56,0,0,0,105,5,0,0,0,0,12,0,13,0,0,0,0,0,0,0,0,0,0,0,0,0,0,0,0,0,0,0,0,0,0,0,0,0,44,113,115,64,33,0,24,0,0,0,0,0,0,0,0
3,40,0,0,0,0,26,190,0,194,0,0,0,0,0,0,0,3,0,0,0,0,0,0,0,29,0,3,0,9,0,0,0,8,0,0,0,19,0,18,0,0,0,0,0,2,0,0,0,0,0,1,0,64,11,57,0,6,0,42,0,0,0,35,0,1,0,0,0,0,0,0,0,0,0,0,0,0,0,0,0,0,0,0,0,0,0,0,0,0,0,0,0,0,0,0,0,0,0,0,0,0,0,0,0,0,0,0,0,0,0,0,0,0,0,0,0,0,0,0,0,0,0,1,0,0,0,0,0,0,0,0,0,0,0,0,0,25,0,123,0,120,0,12,0,253,0,0,0,2,0,0,0,0,0,45,0,180,0,89,0,0,0,3,0,9,0,0,0,10,0,139,0,194,0,0,11,41,0,0,0,0,0,0,0,3,0,0,0,0,0,0,0,0,0,0,0,0,0,0,0,0,0,0,0,0,0,0,0,0,0,0,0,0,27,0,0,0,15,420,129,70,0,0,0
15,35,15,8,24,0,284,60,119,37,0,0,10,0,20,0,188,8,29,0,73,0,0,0,25,38,0,0,111,4,42,0,22,0,5,0,12,0,41,0,0,0,5,0,0,0,0,0,0,0,0,0,118,0,75,11,14,0,24,0,25,0,0,16,0,0,0,0,0,0,2,0,0,0,15,0,0,0,0,0,0,0,0,0,0,0,0,0,0,0,0,0,0,0,0,0,0,0,0,0,0,0,0,0,0,0,0,0,0,0,0,0,0,0,0,0,0,0,0,0,0,0,0,0,0,0,0,0,20,0,10,0,0,0,6,0,86,0,136,0,64,0,91,0,49,0,0,0,0,0,0,0,0,0,85,0,40,0,83,0,0,0,2,0,0,0,0,0,0,0,6,0,7,0,0,0,67,6,3,0,1,0,0,0,5,0,0,0,0,0,0,0,0,0,0,0,0,0,0,0,0,0,0,0,0,0,0,0,0,0,58,524,16,19,37,0,3,0,0,0,0,0,0,0,0
3,25,0,12,0,0,88,349,114,87,0,0,0,0,0,13,1,61,0,15,0,14,0,62,0,124,0,16,0,15,0,17,0,22,0,0,0,15,0,23,0,0,0,0,0,0,0,0,0,0,0,0,2,52,76,74,0,14,31,9,0,35,16,0,0,1,0,0,0,0,0,0,0,0,0,0,0,0,0,0,0,1,0,0,0,0,0,0,0,0,0,0,0,0,0,0,0,0,0,1,0,0,0,0,0,0,0,0,0,0,0,0,0,0,0,0,0,0,0,0,0,0,0,0,0,0,0,0,0,0,0,0,0,0,0,28,0,40,0,84,0,23,0,18,0,10,0,0,0,0,0,0,0,0,0,36,0,15,0,56,0,0,0,0,0,0,0,0,1,0,0,0,0,18,0,0,23,35,0,0,0,0,6,0,0,0,0,0,0,0,0,0,0,0,0,0,0,0,0,0,0,0,0,0,0,0,0,0,0,0,0,0,0,0,16,0,0,0,6,271,15,24,0,0,0
17,0,0,0,44,0,23,0,222,0,16,0,33,0,14,0,0,0,0,0,0,0,0,0,0,0,0,0,0,0,0,0,1,0,0,0,0,0,0,0,0,0,0,0,0,0,0,0,0,0,0,0,4,0,0,0,22,0,75,38,0,0,0,0,0,43,70,46,0,0,0,0,0,0,0,0,0,0,0,0,0,0,0,0,0,0,0,0,0,0,0,0,0,0,0,0,0,0,0,0,0,0,0,0,0,0,0,0,0,0,0,0,0,0,0,0,0,0,0,0,0,0,0,0,6,0,10,0,0,0,34,0,0,0,0,0,0,0,0,11,0,0,0,0,7,16,16,0,37,0,16,0,0,0,0,30,0,0,5,33,308,66,1,0,0,0,0,0,0,0,0,0,0,0,4,0,23,0,0,0,419,29,3,0,120,0,0,0,0,0,0,0,0,0,0,0,0,0,0,0,0,0,0,0,0,0,0,0,0,0,114,15,0,0,89,2,0,0,0,0,0,0,0,0,0
0,127,0,0,0,93,0,31,0,299,0,43,0,0,0,16,0,0,0,87,0,2,0,0,0,0,0,103,0,0,0,0,0,0,0,0,0,0,0,0,0,0,0,0,0,0,0,0,0,0,0,0,0,3,0,5,23,6,21,74,0,1,0,1,43,0,0,277,0,0,0,1,0,0,0,1,0,0,0,0,0,0,0,0,0,0,0,0,0,0,0,0,0,1,0,0,0,0,0,0,0,0,0,0,0,0,0,0,0,0,0,0,0,0,0,0,0,0,0,0,0,0,0,2,0,24,0,33,0,0,35,158,0,0,0,0,0,0,0,4,0,7,0,0,10,9,0,88,0,299,0,52,0,16,12,0,0,3,28,1,68,204,0,0,0,0,0,0,0,0,0,0,0,0,1,16,0,0,0,0,47,163,0,3,0,93,0,0,0,0,0,0,0,0,0,0,0,0,0,15,0,0,0,0,0,0,0,0,0,33,0,0,0,0,63,0,0,0,98,19,0,0,0,0,0
12,0,0,0,0,0,12,13,136,71,0,0,4,0,0,0,0,0,0,0,0,0,0,0,0,0,0,0,0,0,0,0,0,0,0,0,1,0,0,0,0,0,1,0,0,0,0,0,0,0,0,0,5,38,6,134,5,56,154,174,3,0,0,0,70,0,0,151,0,0,1,0,0,0,0,0,0,0,0,0,0,0,0,0,0,0,0,0,0,0,0,0,0,0,0,0,0,0,0,0,0,0,0,0,0,0,0,0,0,0,0,0,0,0,0,0,0,0,0,0,0,0,0,0,3,0,0,0,0,0,22,0,0,0,0,0,0,0,0,0,0,0,0,0,0,0,0,0,10,0,0,0,0,0,3,12,0,0,0,6,39,0,0,0,0,0,1,0,0,0,7,0,0,0,0,0,121,6,0,0,44,0,0,0,267,0,0,0,0,0,0,0,0,0,0,0,0,0,0,0,0,0,0,0,0,0,0,0,0,0,64,36,20,41,59,3,0,0,0,0,0,0,0,0,0
0,26,0,0,0,0,0,4,33,253,0,0,0,0,0,0,0,0,0,0,0,0,0,0,0,0,0,0,0,0,0,0,0,0,0,0,0,0,0,2,0,0,0,0,0,0,0,0,0,0,0,0,37,0,42,11,131,11,429,110,0,0,0,0,46,277,151,0,0,0,0,0,0,0,0,0,0,0,0,0,0,0,0,0,0,0,0,0,0,0,0,0,0,0,0,0,0,0,0,0,0,0,0,0,0,0,0,0,0,0,0,0,0,0,0,0,0,0,0,0,0,0,0,0,0,28,0,18,0,0,4,45,0,0,4,0,0,0,0,0,0,0,0,0,0,0,0,10,1,34,0,0,0,0,22,0,3,0,0,0,0,56,0,0,0,0,0,0,0,4,0,8,0,0,0,5,21,31,0,0,39,35,2,0,25,308,0,0,0,0,0,0,0,0,0,0,0,0,0,0,0,0,0,0,0,0,0,0,0,0,0,0,0,0,163,0,0,0,220,348,78,0,44,0,0
0,0,0,0,0,0,0,0,0,0,1,0,0,0,0,0,0,0,0,0,0,0,0,0,0,0,0,0,0,0,0,0,0,0,0,0,0,0,0,0,0,0,0,0,12,0,0,0,5,0,0,0,0,0,0,0,0,0,0,0,0,0,0,0,0,0,0,0,0,0,0,0,11,0,0,0,177,0,17,0,0,0,17,0,0,0,0,0,10,0,0,1,35,0,10,0,12,0,0,0,7,0,185,0,0,0,24,0,23,0,0,0,6,0,0,0,0,0,0,0,0,0,0,1,0,0,0,0,0,0,0,0,0,0,0,0,0,0,0,0,0,0,0,0,0,0,0,0,0,0,0,0,0,1,0,0,0,0,0,0,0,0,0,0,5,0,0,0,32,0,1,0,0,0,0,0,0,0,0,0,0,0,0,0,0,0,0,0,0,0,0,0,0,0,32,0,0,0,0,0,0,0,0,0,0,0,0,0,0,0,43,0,70,0,0,31,50,0,0,0,0,0,0,0,0
0,0,0,0,0,0,0,0,0,0,0,0,0,0,0,0,0,0,0,0,0,0,0,0,0,0,0,8,0,0,0,0,0,0,0,0,0,0,0,0,0,0,0,0,0,13,0,0,0,0,0,0,0,0,0,0,0,0,0,0,0,0,0,0,0,0,0,0,0,0,0,0,0,0,0,0,0,40,0,0,0,5,0,28,0,0,0,13,0,14,0,2,0,54,0,32,0,0,0,0,0,29,0,169,0,0,0,19,0,45,0,0,0,17,0,1,0,11,0,0,0,0,0,0,0,0,0,0,0,0,0,0,0,0,0,0,0,0,0,0,0,0,0,0,0,0,0,6,0,2,0,3,0,0,0,0,0,1,0,1,0,0,0,0,0,26,0,0,0,27,0,0,0,0,0,1,0,0,0,0,0,0,0,0,0,0,0,0,0,0,0,0,0,0,0,0,0,0,0,0,0,0,0,0,0,0,0,0,0,0,0,0,0,0,8,0,0,0,36,4,56,0,86,28,0
0,0,0,0,0,0,0,0,0,0,0,0,0,0,0,0,0,0,0,0,19,0,0,0,0,0,84,0,13,0,23,0,17,0,9,0,65,0,18,0,0,0,11,0,75,0,0,0,1,0,13,0,0,0,0,0,0,0,0,0,0,0,2,0,0,0,1,0,0,0,0,0,223,0,262,3,0,0,185,0,0,2,0,0,0,0,10,2,0,0,0,0,0,0,3,0,0,0,0,0,0,0,0,0,0,0,0,0,0,0,0,0,0,0,0,0,0,0,0,0,26,0,6,0,0,0,9,0,0,0,20,0,3,0,36,0,0,0,3,0,118,0,50,0,79,2,41,0,65,20,39,0,46,4,0,0,0,0,0,0,0,7,53,0,0,0,17,0,12,0,39,0,68,0,21,0,1,0,0,0,51,0,0,0,18,0,0,0,0,0,0,0,0,0,0,0,0,0,0,0,0,0,0,0,0,0,0,0,19,0,12,2,38,0,0,0,0,0,0,0,0,0,0,0,0
0,0,0,0,0,0,0,0,0,0,1,0,0,0,0,0,0,0,0,17,0,0,0,0,0,0,0,25,0,0,0,3,0,2,0,7,0,9,0,1,0,0,0,0,0,14,0,0,0,0,0,6,0,0,0,0,0,0,0,0,0,0,0,0,0,1,0,0,0,0,0,0,0,175,0,247,0,78,0,8,0,2,0,0,0,0,0,89,0,0,0,0,0,0,0,0,0,0,0,0,0,0,0,0,0,0,0,0,0,0,0,0,0,0,0,0,0,0,0,0,0,0,0,4,4,57,0,0,0,7,3,13,0,0,0,0,0,7,0,0,0,25,0,9,0,107,0,0,7,35,0,0,0,0,0,0,0,0,0,0,0,0,0,16,0,0,0,9,0,3,0,11,0,16,0,27,0,0,0,0,0,39,0,0,0,0,0,0,0,0,0,0,0,0,0,0,0,0,0,0,0,10,0,0,0,0,0,0,0,0,0,0,0,0,7,0,0,0,11,0,22,0,0,0,0
0,0,0,0,0,0,0,0,0,0,0,0,0,0,0,0,0,0,0,0,0,0,0,0,0,0,0,0,0,0,0,0,2,0,0,0,11,0,0,0,0,0,0,0,8,0,0,0,0,0,0,0,0,0,0,0,0,0,0,0,0,0,0,0,0,0,0,0,11,0,223,0,0,0,162,0,55,0,310,0,0,0,29,0,0,0,12,0,0,0,0,0,6,0,2,0,0,0,0,0,0,0,0,0,0,0,0,0,1,0,0,0,0,0,0,0,0,0,0,0,37,0,2,0,0,0,29,0,0,0,2,7,6,0,134,7,65,0,0,2,49,0,133,0,54,0,29,0,23,7,132,0,17,0,0,0,0,0,0,0,0,0,77,0,0,0,0,0,7,0,12,0,9,0,0,0,0,0,0,0,40,0,0,0,0,0,0,0,0,0,0,0,0,0,0,0,2,0,0,0,63,0,0,0,45,0,0,0,80,0,132,6,29,3,5,0,3,0,0,0,0,0,0,0,0
0,0,0,0,0,0,0,0,0,1,0,0,0,0,0,0,0,0,0,0,0,0,0,0,0,0,0,10,0,0,0,0,0,0,0,0,0,0,0,0,0,0,0,0,0,0,0,0,0,0,0,0,0,0,0,0,0,0,0,0,0,0,0,0,0,0,0,0,0,0,0,175,0,0,0,193,0,125,0,20,0,11,0,20,0,13,0,85,0,0,0,0,0,0,0,3,0,0,0,0,0,0,0,0,0,0,0,0,0,0,0,0,0,0,0,0,0,0,0,0,0,19,0,34,0,68,0,108,0,0,0,10,0,41,0,147,6,0,5,0,0,0,0,14,0,87,0,0,0,0,0,133,0,10,0,0,0,0,0,0,0,0,0,43,0,2,0,0,0,4,0,0,0,0,0,7,0,0,0,0,0,0,0,0,0,2,0,0,0,0,0,0,0,0,0,0,0,0,0,0,0,83,0,215,0,80,0,0,0,147,0,0,0,0,18,0,0,0,140,0,10,0,0,0,0
0,0,0,0,0,0,0,0,0,0,0,0,0,0,0,0,0,0,50,0,0,0,0,0,0,0,197,0,36,0,57,0,36,0,0,0,138,0,53,0,0,0,0,0,97,0,0,0,0,0,16,1,0,0,0,0,0,0,0,0,8,0,15,0,0,0,0,0,0,0,262,0,162,0,0,5,10,0,178,0,24,0,46,0,18,0,48,0,0,0,3,2,0,0,0,0,0,0,0,10,0,0,0,0,0,0,0,0,0,0,0,0,0,0,0,0,0,0,0,0,139,0,57,0,0,36,0,0,0,0,9,0,0,0,35,0,8,0,3,12,121,24,68,0,158,7,0,33,74,0,23,0,76,15,1,0,9,0,0,0,0,0,25,0,0,0,19,0,0,0,31,0,60,0,49,0,0,0,0,0,71,16,0,0,0,0,0,0,0,0,0,0,0,0,0,0,0,0,0,0,49,0,0,0,0,0,0,0,0,0,12,0,17,0,0,0,1,0,0,0,0,0,1,0,0
0,0,0,0,0,0,0,0,0,0,0,0,0,0,0,0,0,0,0,0,0,28,0,3,0,0,0,47,0,0,0,0,0,0,0,0,0,17,0,0,0,0,0,0,0,0,0,0,0,0,0,15,0,0,0,0,0,0,0,0,0,0,0,0,0,1,0,0,0,0,3,247,0,193,5,0,0,25,0,130,0,7,0,0,0,2,0,139,0,0,0,1,0,0,0,0,0,0,0,0,0,1,0,0,0,0,9,0,0,0,0,0,0,0,0,0,0,0,0,0,0,144,0,61,0,39,0,0,0,0,0,0,0,23,0,69,0,7,0,0,0,78,0,32,7,299,9,0,0,51,0,74,0,42,0,0,0,5,0,0,0,1,0,36,0,0,0,23,0,5,0,0,0,35,0,47,0,7,0,0,0,0,0,0,0,0,0,0,0,0,0,0,0,0,0,0,0,0,0,0,0,29,0,0,0,0,0,0,0,0,0,0,0,0,0,0,0,0,26,3,33,0,4,0,0
0,0,0,0,0,0,0,0,0,0,0,0,0,0,0,0,0,0,0,0,0,0,0,0,0,0,0,0,0,0,0,0,0,0,0,0,0,0,0,0,0,0,4,0,45,0,3,0,7,0,0,0,0,0,0,0,1,0,0,0,0,0,0,0,0,0,0,0,177,0,0,0,55,0,10,0,0,0,32,0,13,0,54,0,0,0,24,0,5,0,0,0,53,0,41,0,0,0,15,0,7,0,101,0,0,0,93,0,10,0,0,0,1,0,0,0,9,0,0,0,15,0,3,0,0,0,0,0,0,0,0,0,0,0,0,0,0,0,0,0,0,3,0,0,0,0,0,0,0,0,0,0,0,0,0,0,0,0,2,0,0,0,2,0,43,0,0,0,31,0,0,0,9,0,0,0,0,0,0,0,0,0,0,0,0,0,0,0,72,0,0,0,0,0,51,0,0,0,0,0,71,0,32,0,0,0,0,0,0,0,45,6,39,0,13,18,15,0,0,0,0,0,0,0,0
0,0,0,0,0,0,0,0,0,0,0,0,0,0,0,0,0,0,0,0,0,0,0,0,0,0,0,0,0,0,0,0,0,0,0,0,0,0,0,0,0,0,0,0,0,33,0,0,0,5,0,0,0,0,0,0,0,0,0,1,0,0,0,0,0,0,0,0,0,40,0,78,0,125,0,25,0,0,0,19,0,70,0,92,0,14,0,150,0,4,0,0,0,121,0,35,0,0,0,7,0,39,0,64,0,38,0,0,0,15,0,0,0,15,0,0,0,2,0,4,0,22,0,8,0,0,0,0,0,0,0,0,0,0,0,0,3,0,0,0,0,0,0,0,0,0,0,0,0,0,0,0,0,0,0,0,0,0,0,0,0,1,0,0,0,46,0,0,0,15,0,0,0,0,0,0,0,0,0,0,0,0,0,0,0,0,0,0,0,0,0,16,0,0,0,45,0,0,0,0,0,93,0,0,0,163,0,0,0,0,0,0,5,3,28,0,0,0,125,12,70,0,43,2,0
0,0,0,0,0,0,0,0,0,0,0,0,0,0,0,0,0,0,0,0,0,0,0,0,0,0,0,0,0,0,0,0,0,0,0,0,0,0,0,0,0,0,0,0,0,0,0,0,2,0,0,0,0,0,0,0,0,0,0,0,0,0,0,0,0,0,0,0,17,0,185,0,310,0,178,0,32,0,0,0,10,0,73,0,20,0,53,0,0,0,0,0,20,0,20,0,60,0,4,0,0,0,27,0,0,0,0,0,4,0,0,0,0,0,0,0,0,0,0,0,114,0,44,0,0,0,0,0,0,0,0,0,0,0,111,0,44,0,0,0,72,0,176,0,70,0,0,0,0,0,0,0,0,0,0,0,0,0,0,0,0,0,30,0,0,0,0,0,20,0,0,0,0,0,23,0,0,0,0,0,0,0,0,0,0,0,0,0,0,0,0,0,0,0,0,0,0,0,364,0,203,0,0,0,0,0,0,0,0,0,112,5,29,7,19,0,5,0,0,0,0,0,0,0,0
