0,560,144,350,58,69,9,239,74,41,79,19,91,0,5,69,14,102,14,0,10,0,16,181,12,350,17,0,43,0,0,0,31,0,4,0,24,0,331,0,40,0,0,0,0,0,25,0,0,0,0,0,3,0,6,0,0,0,7,0,0,0,17,0,9,0,7,0,0,0,0,0,0,0,0,0,0,0,0,0,0,0,0,0,0,0,0,0,0,0,0,0,0,0,0,0,0,0,0,0,0,0,0,0,0,0,0,0,0,0,0,0,0,0,0,0,0,0,0,0,0,0,0,0,7,0,4,0,0,0,13,0,0,0,7,0,0,0,1,0,0,0,0,0,0,0,16,0,14,0,0,0,0,0,0,0,0,0,0,0,7,0,0,0,0,0,7,0,8,0,0,0,107,0,1,0,550,18,3,0,0,0,30,57,7,0,0,0,0,0,0,0,0,0,0,0,0,0,2,0,3,0,0,0,0,0,0,0,8,0,213,264,119,88,184,1,0,0,0,0,0,0,0,0,0
560,0,215,52,143,54,78,75,78,21,61,70,0,54,21,11,107,11,0,16,18,0,376,10,240,8,0,96,0,42,0,0,0,49,0,0,0,179,0,285,0,61,0,0,0,0,3,48,0,0,0,0,2,3,0,34,0,8,0,4,0,81,0,67,0,25,0,1,0,0,0,0,0,0,0,0,0,0,0,0,0,0,0,0,0,0,0,0,0,0,0,0,0,0,0,0,0,0,1,0,0,0,0,0,0,0,0,0,0,0,0,0,0,0,0,0,0,0,0,0,0,0,0,1,0,0,0,0,0,0,0,8,0,0,0,0,0,1,0,0,0,0,0,0,0,1,0,0,0,26,0,0,0,7,0,0,0,0,0,0,0,0,0,0,0,5,0,0,0,5,0,15,0,196,0,6,134,181,0,4,0,0,16,23,1,55,0,0,0,0,0,1,0,0,0,0,0,0,0,0,0,2,0,0,0,0,0,8,0,14,6,0,0,0,183,0,0,0,342,212,151,73,0,0,0
144,215,0,116,148,80,41,0,9,22,44,25,111,0,104,38,0,40,104,0,9,0,197,53,84,104,41,0,86,0,6,0,46,0,0,0,41,0,261,0,75,0,0,0,0,0,47,0,0,0,0,0,4,0,25,0,8,0,5,0,0,0,23,0,3,0,0,0,0,0,0,0,0,0,0,0,0,0,0,0,0,0,0,0,0,0,0,0,0,0,0,0,0,0,0,0,0,0,0,0,0,0,0,0,3,0,0,0,0,0,0,0,0,0,0,0,0,0,0,0,0,0,0,0,10,0,6,0,0,0,8,0,6,0,35,0,14,0,0,0,0,0,45,0,0,0,15,0,13,0,13,0,0,0,1,0,0,0,0,0,1,0,0,0,1,0,14,0,11,0,0,0,102,0,0,0,46,6,0,9,0,0,0,42,3,0,0,0,0,0,0,0,0,0,0,0,0,0,0,0,4,0,0,0,0,0,14,0,53,0,246,154,183,104,241,0,0,0,0,0,22,0,0,0,0
350,52,116,0,125,265,0,38,15,4,75,34,0,31,24,274,58,40,0,193,17,30,210,147,0,28,0,158,0,145,0,0,0,149,0,0,0,249,0,449,0,32,0,0,0,20,0,31,0,0,0,0,0,2,0,36,0,0,0,2,0,31,0,54,0,0,0,0,0,0,0,0,0,0,0,0,0,0,0,0,0,0,0,0,0,0,0,0,0,0,0,0,0,0,0,0,0,1,0,0,0,0,0,0,0,0,0,7,0,0,0,0,0,0,0,0,0,0,0,0,0,0,0,0,0,3,0,13,0,0,0,0,0,2,0,91,0,40,0,0,0,0,0,0,0,0,0,4,0,8,0,18,0,0,0,0,0,0,0,0,0,0,0,3,0,0,0,24,0,0,0,9,0,117,0,1,38,16,0,0,0,0,17,0,0,0,0,0,0,0,0,0,0,1,0,0,0,0,0,0,0,0,0,1,0,0,0,10,0,61,0,0,0,0,179,0,0,0,268,126,218,66,0,0,0
58,143,148,125,0,452,15,3,8,0,97,411,226,55,120,211,0,0,102,144,56,51,107,96,16,0,78,0,24,0,54,0,155,0,41,15,155,0,146,0,139,0,0,0,0,0,123,0,9,0,38,0,0,0,0,0,0,0,0,0,0,0,0,0,0,0,0,0,0,0,0,0,0,0,0,0,0,0,0,0,0,0,0,0,0,0,0,0,0,0,0,0,0,0,0,0,0,0,0,0,0,0,0,0,0,0,0,0,0,0,0,0,0,0,0,0,0,0,0,0,0,0,0,0,0,0,0,0,0,0,0,0,1,0,17,0,0,0,0,0,0,0,0,0,0,0,10,0,19,0,0,0,0,1,0,0,0,0,0,0,0,0,0,0,60,0,151,0,107,0,3,0,116,0,0,0,290,28,16,29,0,0,17,15,15,0,2,0,0,0,0,0,0,0,0,0,0,0,0,0,0,0,0,0,0,1,5,0,20,0,480,424,518,196,474,0,0,7,39,14,0,0,0,0,0
69,54,80,265,452,0,0,33,0,4,261,134,97,115,413,144,0,15,98,130,77,50,72,82,0,18,0,304,0,32,6,40,7,403,15,212,0,201,0,88,0,69,0,0,0,33,0,104,0,0,0,48,0,0,0,11,0,0,0,0,0,0,0,5,0,2,0,0,0,0,0,0,0,0,0,0,0,0,0,0,0,0,0,0,0,0,0,0,0,0,0,0,0,0,0,0,0,0,0,0,0,0,0,0,0,0,0,0,0,0,0,0,0,0,0,0,0,0,0,0,0,0,0,0,0,0,0,4,0,0,0,0,0,0,0,0,0,0,0,0,0,0,0,0,0,0,0,3,0,0,0,9,0,15,0,0,0,0,0,0,0,1,0,0,0,54,0,239,0,94,0,15,0,78,0,0,141,151,23,33,0,0,16,0,0,15,0,6,0,0,0,0,0,0,0,0,0,0,0,0,0,4,0,0,0,0,0,0,0,11,0,14,0,0,350,0,0,0,639,472,611,144,0,0,0
9,78,41,0,15,0,0,120,14,335,7,0,21,0,13,0,29,20,0,0,10,0,31,0,114,218,14,0,7,0,0,0,0,0,0,0,0,0,21,0,30,0,0,0,6,0,13,0,12,0,0,0,113,53,175,128,21,0,12,0,116,0,154,0,25,0,4,11,0,0,0,0,0,0,0,0,0,0,0,0,0,0,11,0,0,0,0,0,7,0,0,0,0,0,0,0,2,0,0,0,8,0,0,0,0,0,0,0,0,0,0,0,0,0,0,0,0,0,0,0,3,0,0,0,11,0,0,0,0,0,36,0,0,0,0,0,0,0,6,0,2,0,0,0,0,0,13,0,6,0,0,0,0,0,0,0,0,0,3,0,19,0,8,0,6,0,0,0,12,0,206,0,110,0,0,0,71,21,0,0,0,0,5,37,10,0,0,0,0,0,0,0,0,0,0,0,0,0,1,0,0,0,0,0,0,0,0,0,4,0,528,111,456,355,571,2,33,7,0,0,0,0,0,0,0
239,75,0,38,3,33,120,0,270,18,0,12,0,11,0,22,44,41,0,18,0,0,60,33,262,14,0,29,0,33,0,0,0,0,0,9,0,68,0,203,0,17,0,0,0,15,0,13,0,2,0,0,16,66,0,258,0,24,0,0,0,209,51,405,0,3,0,0,0,0,0,0,0,0,0,0,0,0,0,0,0,0,0,0,0,0,0,0,0,0,0,0,0,0,0,0,0,0,0,0,0,0,0,0,0,0,0,0,0,0,0,0,0,0,0,0,0,0,0,0,0,0,0,0,0,16,0,16,0,3,0,22,0,9,0,0,0,32,0,0,0,4,0,3,0,0,0,8,0,17,0,12,0,0,0,0,0,6,0,0,0,14,0,8,0,13,0,0,0,25,0,72,0,180,0,0,61,51,0,0,0,0,0,0,0,0,0,0,0,0,0,0,0,0,0,0,0,0,0,8,0,0,0,0,0,0,0,10,0,76,0,0,0,0,370,0,0,0,440,62,376,276,0,14,0
74,78,9,15,8,0,14,270,0,463,11,1,30,0,0,0,12,10,12,0,7,0,0,0,11,261,23,0,0,0,0,0,0,0,0,0,0,0,55,0,19,0,0,0,0,0,10,0,14,0,7,0,86,77,63,296,12,12,36,47,94,0,59,31,121,0,36,37,0,0,2,0,0,0,2,0,4,0,0,0,2,0,0,0,0,0,5,0,0,0,0,0,0,0,5,0,0,0,3,0,0,0,0,0,0,0,6,0,0,0,0,0,0,0,0,0,0,0,0,0,0,0,0,0,34,0,15,0,0,0,63,0,4,0,7,0,1,0,0,0,0,0,0,0,0,0,35,0,71,0,7,0,0,0,0,0,7,2,0,0,31,1,0,0,0,0,0,0,11,0,111,0,54,0,0,0,431,53,0,0,0,0,11,13,158,7,0,0,0,0,0,0,0,0,0,0,0,0,0,0,2,0,0,0,0,0,3,0,29,0,299,111,242,167,346,0,0,0,0,0,0,0,0,2,0
41,21,22,4,0,4,335,18,463,0,0,7,0,6,0,0,33,5,0,7,0,0,0,0,332,11,0,22,0,0,0,0,0,0,0,0,0,0,2,0,0,6,0,0,0,19,0,10,0,0,0,5,59,92,327,193,0,49,42,31,0,121,72,154,0,27,78,23,0,0,0,0,0,0,0,1,1,0,0,0,0,0,0,0,0,0,0,0,0,0,0,0,0,0,0,0,0,0,0,0,0,0,0,0,0,0,0,0,0,0,0,0,0,0,0,0,0,0,0,0,0,0,0,0,0,10,0,0,0,2,0,60,0,0,0,3,0,0,0,0,0,0,0,0,0,0,0,9,0,32,0,9,0,0,0,7,0,23,0,1,0,39,0,0,0,7,0,0,0,31,0,172,0,81,0,0,62,237,0,3,0,0,0,7,11,240,0,0,0,0,0,0,0,0,0,0,0,0,0,0,0,2,0,0,0,0,0,3,0,8,0,0,0,0,419,0,0,0,451,94,457,314,1,27,4
79,61,44,75,97,261,7,0,11,0,0,167,135,0,0,147,0,6,16,49,7,14,11,58,1,0,20,3,5,0,19,0,84,0,10,0,59,0,32,0,92,0,0,0,8,0,27,0,9,0,0,0,0,0,0,0,0,0,0,0,0,0,0,0,5,0,1,0,0,0,0,0,0,0,0,0,0,0,0,0,0,0,0,0,0,0,0,0,0,0,0,0,0,0,0,0,0,0,0,0,0,0,0,0,0,0,0,0,0,0,0,0,0,0,0,0,0,0,3,0,0,0,0,0,2,0,0,0,0,0,4,0,0,0,2,0,1,0,0,0,0,0,0,0,0,0,0,0,20,0,45,0,47,0,0,0,0,0,0,0,1,0,0,0,0,0,42,0,18,0,0,2,0,0,0,0,293,14,23,17,34,0,66,3,57,0,4,0,0,0,0,0,0,0,0,0,0,0,0,0,2,0,0,0,0,0,0,0,0,0,151,299,180,0,127,0,0,0,0,0,36,0,0,0,0
19,70,25,34,411,134,0,12,1,7,167,0,25,126,341,3,5,0,21,14,43,27,60,31,5,0,0,174,0,8,5,0,4,138,0,36,0,102,0,11,0,124,0,0,0,42,0,115,0,12,0,0,0,0,0,0,0,0,0,1,0,0,0,0,0,0,0,0,0,0,0,0,0,0,0,0,0,0,0,0,0,0,0,0,0,0,0,0,0,0,0,0,0,0,1,0,0,0,0,0,0,0,0,0,0,0,0,0,0,0,0,0,0,0,0,0,0,0,0,0,0,0,0,0,0,0,0,0,0,0,0,6,0,0,0,0,0,0,0,0,0,0,0,0,0,0,0,0,0,0,0,0,0,0,0,0,0,0,0,0,0,2,0,0,0,0,0,32,0,12,0,3,0,14,0,0,114,225,22,7,0,3,2,23,0,41,0,4,0,0,0,0,0,0,0,0,0,0,0,0,0,0,0,0,0,0,0,0,0,0,0,0,0,0,77,0,0,0,145,257,139,0,0,0,0
91,0,111,0,226,97,21,0,30,0,135,25,0,180,8,23,0,0,27,289,59,75,30,0,10,0,52,241,0,0,4,0,0,0,132,18,28,0,0,0,202,8,33,32,28,16,70,12,33,0,147,21,2,0,0,0,0,0,0,0,0,0,1,0,0,0,0,0,0,0,0,0,0,0,0,0,0,0,0,0,0,0,0,0,0,0,0,0,0,0,0,0,0,0,0,0,0,0,0,0,0,0,0,0,0,0,0,0,0,0,0,0,0,0,0,0,0,0,0,0,0,0,0,0,3,0,3,0,0,0,5,0,0,0,18,0,0,0,0,0,0,0,0,0,0,0,12,0,17,0,9,0,0,0,0,0,0,0,0,0,2,0,0,0,41,0,19,0,17,0,0,0,4,0,0,0,153,11,136,0,0,0,24,0,28,0,132,2,0,0,0,0,0,0,0,0,0,0,0,0,0,0,0,0,0,0,0,0,14,0,88,264,184,0,33,0,0,2,0,4,24,0,0,0,0
0,54,0,31,55,115,0,11,0,6,0,126,180,0,42,6,0,0,269,85,73,37,0,0,0,0,293,172,0,0,0,0,0,0,23,113,0,47,0,0,50,140,44,125,40,131,65,148,2,15,45,164,0,0,0,16,0,0,0,0,0,0,0,0,0,0,0,0,0,0,0,0,0,0,0,0,0,0,0,0,0,0,0,0,0,0,0,0,0,0,0,0,0,0,0,0,0,0,0,0,0,0,0,0,0,0,0,0,0,0,0,0,0,0,0,0,0,0,0,0,0,0,0,0,0,0,0,0,0,0,0,0,0,0,0,0,0,0,0,0,0,0,0,0,0,0,0,3,0,11,0,0,0,17,0,0,0,0,0,0,0,4,0,0,0,53,0,14,0,0,0,1,0,0,0,0,59,286,0,46,0,12,0,19,0,21,124,20,0,0,0,0,0,0,0,0,0,0,0,0,0,0,0,0,0,0,0,0,0,0,0,0,0,0,0,0,0,0,90,266,261,0,0,0,2
5,21,104,24,120,413,13,0,0,0,0,341,8,42,0,167,26,0,208,124,84,39,421,32,97,0,157,0,0,0,32,2,28,0,8,7,83,0,0,0,0,0,0,0,34,0,17,0,6,0,3,0,0,0,53,0,0,0,0,0,0,0,8,0,0,0,0,0,0,0,0,0,0,0,0,0,0,0,0,0,0,0,0,0,0,0,0,0,0,0,0,0,0,0,0,0,0,0,0,0,0,0,0,0,0,0,0,0,0,0,0,0,0,0,0,0,0,0,0,0,0,0,0,0,0,0,8,0,0,0,0,0,0,0,81,0,0,0,0,0,0,0,0,0,6,0,0,0,24,0,0,0,2,0,0,0,0,0,0,0,0,0,0,0,13,0,67,0,34,0,2,0,34,0,0,0,50,12,1,23,0,0,0,0,5,0,0,2,0,0,0,0,0,0,0,0,0,0,0,0,40,0,0,0,0,0,39,0,83,0,143,409,141,39,99,0,0,2,29,0,41,0,0,0,0
69,11,38,274,211,144,0,22,0,0,147,3,23,6,167,0,17,64,0,473,26,205,57,260,0,137,0,172,0,58,0,95,5,369,0,35,0,162,0,62,0,0,0,15,0,0,0,18,0,0,0,0,0,8,0,36,0,0,0,0,0,3,0,45,0,0,0,0,0,0,0,0,0,0,0,0,0,0,0,0,0,0,0,0,0,38,0,0,0,0,0,0,0,0,0,0,0,0,0,26,0,57,0,0,0,0,0,0,0,0,0,0,0,0,0,0,0,0,0,0,0,0,0,0,0,2,0,0,0,0,0,0,0,0,0,237,0,0,0,0,0,0,0,17,0,0,0,0,0,6,0,0,0,0,0,1,0,0,0,0,0,0,0,0,0,8,0,164,0,29,0,0,0,38,0,0,18,9,17,6,0,0,7,0,0,5,0,0,0,0,0,0,0,0,0,0,0,0,0,0,0,5,0,0,0,0,0,0,0,0,0,5,0,0,86,0,0,0,108,250,197,39,0,0,0
14,107,0,58,0,0,29,44,12,33,0,5,0,0,26,17,0,20,42,0,143,0,82,17,87,53,54,0,252,0,55,0,121,0,20,2,15,0,327,0,0,0,0,0,30,0,6,0,0,0,5,0,66,0,14,0,4,0,0,0,49,6,358,6,0,0,0,0,34,0,89,0,0,0,89,0,0,0,59,0,110,0,173,0,116,0,164,0,185,0,39,0,181,0,251,0,19,0,231,0,213,0,0,0,0,0,342,0,0,0,0,0,0,0,0,0,0,0,0,0,109,0,21,0,0,0,0,0,20,0,0,0,0,0,0,0,71,0,36,0,49,0,66,0,19,0,0,0,0,0,0,0,0,0,32,0,0,0,17,0,0,0,10,0,0,0,0,0,36,0,12,0,71,0,0,0,2,0,0,4,0,0,5,16,0,0,0,0,0,0,0,0,0,0,0,0,0,0,4,0,9,0,0,0,0,0,0,0,0,0,81,203,115,38,79,0,0,0,10,4,0,0,0,0,0
102,11,40,40,0,15,20,41,10,5,6,0,0,0,0,64,20,0,0,30,0,110,58,90,43,105,0,0,0,44,0,17,0,28,0,0,0,17,0,65,0,0,0,0,0,0,0,0,0,0,0,4,0,46,0,13,0,17,0,0,0,11,0,256,0,0,0,0,0,0,0,0,0,0,0,0,0,0,0,0,0,156,0,0,0,73,0,14,0,10,0,0,0,0,0,60,0,10,0,34,0,89,0,0,0,0,0,0,0,0,0,0,0,0,0,0,0,0,0,0,0,10,0,0,0,0,0,0,0,0,0,0,0,0,0,289,0,124,0,58,0,20,0,103,0,0,0,0,0,0,0,0,0,8,0,5,0,0,0,7,0,0,0,0,0,0,0,0,0,3,0,0,0,11,0,0,2,0,0,3,0,2,0,1,0,1,0,0,0,0,0,0,0,0,0,0,0,0,0,0,0,0,0,0,0,0,0,0,0,5,0,0,0,0,13,0,0,0,20,229,10,11,0,0,0
14,0,104,0,102,98,0,0,12,0,16,21,27,269,208,0,42,0,0,314,125,77,232,0,55,0,47,218,0,0,5,0,0,0,75,30,29,4,0,0,37,0,16,40,20,0,49,0,0,0,178,0,0,0,0,0,0,0,0,0,0,0,0,0,0,0,0,0,0,0,0,0,0,0,0,0,0,0,0,0,0,0,0,0,0,0,25,0,0,0,0,0,0,0,0,0,0,0,0,0,0,0,0,0,0,0,0,0,0,0,0,0,0,0,0,0,0,0,0,0,0,0,0,0,0,0,0,0,0,0,0,0,0,0,41,0,0,0,0,0,0,0,0,0,0,0,0,0,38,0,0,0,0,0,0,0,0,0,0,0,2,0,0,0,36,0,16,0,27,0,0,0,0,0,0,0,68,15,0,0,0,0,0,0,20,0,48,4,0,0,0,0,0,0,0,0,0,0,0,0,0,0,0,0,0,0,0,0,58,0,40,152,103,23,21,0,0,1,10,0,0,0,0,0,0
0,16,0,193,144,130,0,18,0,7,49,14,289,85,124,473,0,30,314,0,95,134,0,70,0,41,177,275,0,0,5,17,0,22,0,158,0,100,0,0,35,29,0,98,0,34,16,68,0,0,40,179,0,0,0,13,0,0,0,0,0,2,0,24,0,13,0,1,0,0,0,0,0,0,0,0,0,0,1,0,0,0,0,0,0,18,0,0,0,0,0,0,0,0,0,0,0,0,0,0,0,53,0,0,0,0,0,0,0,0,0,0,0,0,0,0,0,0,0,0,0,0,0,0,0,0,0,0,0,0,0,4,0,0,0,176,0,0,0,0,0,0,0,0,0,3,0,18,0,23,0,16,0,0,0,0,0,3,0,0,0,0,0,2,0,67,0,185,0,68,0,0,0,13,0,0,52,79,0,9,0,0,0,27,0,38,61,19,0,0,0,0,0,0,0,0,0,0,0,0,0,0,0,0,0,0,0,16,0,48,0,0,0,0,81,0,0,0,197,283,273,20,0,0,0
10,18,9,17,56,77,10,0,7,0,7,43,59,73,84,26,143,0,125,95,0,20,152,12,50,6,56,80,18,0,41,0,62,0,24,5,50,0,14,0,0,6,10,17,48,0,0,0,4,0,10,0,53,0,0,0,0,0,0,0,4,0,174,0,0,0,0,0,0,0,129,0,0,0,90,0,0,0,0,0,63,0,0,0,0,0,116,0,126,0,15,0,149,0,257,0,7,0,149,0,0,0,0,0,0,0,184,0,0,0,0,0,0,0,0,0,0,0,0,0,0,0,0,0,0,0,0,0,0,0,0,0,0,0,0,0,30,0,43,0,41,0,0,0,71,0,0,0,0,0,0,0,0,0,0,0,0,0,4,0,0,0,12,0,21,1,19,0,46,0,0,0,18,0,0,0,9,0,44,6,0,0,7,1,0,0,13,0,0,0,0,0,0,0,0,0,0,0,0,0,0,0,0,0,0,0,5,0,0,0,165,519,148,29,84,0,0,0,12,0,0,0,0,0,0
0,0,0,30,51,50,0,0,0,0,14,27,75,37,39,205,0,110,77,134,20,0,0,124,1,27,28,148,0,21,0,14,0,9,0,65,0,121,0,8,0,9,0,105,0,37,0,33,0,0,6,106,0,22,0,0,0,0,0,0,0,6,0,124,0,0,0,0,0,0,0,8,0,0,0,20,0,0,0,8,0,257,0,0,0,109,0,95,0,0,0,0,0,0,0,107,0,4,0,30,0,0,0,0,0,0,0,0,0,0,0,0,0,0,0,0,0,0,0,0,0,0,0,3,0,0,0,0,0,0,0,0,0,0,0,155,0,44,0,32,0,42,0,157,0,22,0,0,0,0,0,0,0,0,0,0,0,5,0,0,0,0,0,0,0,0,0,49,0,21,0,0,0,0,0,3,0,32,1,7,0,0,0,0,0,0,7,3,0,0,0,0,0,0,0,0,0,0,0,0,0,0,0,0,0,0,0,0,0,0,0,0,0,0,0,0,0,0,86,333,119,13,0,0,0
16,376,197,210,107,72,31,60,0,0,11,60,30,0,421,57,82,58,232,0,152,0,0,116,97,98,234,0,195,0,15,0,85,0,0,0,50,32,518,0,25,0,0,0,68,0,75,0,8,0,0,0,10,2,61,0,22,0,11,0,17,0,37,0,0,0,0,0,0,0,0,0,4,0,7,0,0,0,0,0,22,0,0,0,31,0,37,0,66,0,39,0,0,0,50,0,16,0,80,0,65,0,0,0,21,0,201,0,0,0,0,0,0,0,0,0,0,0,1,0,17,0,0,0,5,0,6,0,0,0,2,0,0,0,63,0,29,0,4,0,0,0,102,0,0,0,6,0,5,0,5,0,0,0,8,0,0,0,0,0,2,0,0,0,0,0,0,0,39,3,5,0,183,0,0,0,18,0,0,0,0,0,3,59,3,0,0,0,0,0,0,0,0,0,0,0,4,0,0,0,0,0,0,0,0,0,18,0,60,0,414,316,332,161,391,0,0,0,27,7,0,0,0,0,0
181,10,53,147,96,82,0,33,0,0,58,31,0,0,32,260,17,90,0,70,12,124,116,0,0,104,0,21,0,36,0,5,0,24,0,2,0,47,0,52,0,0,0,10,0,0,0,0,0,0,0,0,0,21,0,35,0,4,0,0,0,0,0,133,0,0,0,0,0,0,0,0,0,2,0,8,0,0,0,0,0,157,0,0,0,53,0,56,0,0,0,0,0,0,0,62,0,9,0,26,0,102,0,0,0,0,0,0,0,0,0,0,0,0,0,0,0,0,0,0,0,12,0,3,0,0,0,0,0,0,0,0,0,0,0,201,0,52,0,0,0,8,0,68,0,0,0,0,0,0,0,4,0,3,0,0,0,0,0,1,0,0,0,0,0,0,0,11,0,7,0,0,0,22,0,0,11,24,0,7,0,1,0,1,0,0,0,0,0,0,0,0,0,0,0,0,0,0,0,0,0,4,0,0,0,0,0,0,1,0,0,5,0,0,44,0,0,0,68,537,56,18,0,0,0
12,240,84,0,16,0,114,262,11,332,1,5,10,0,97,0,87,43,55,0,50,1,97,0,0,356,58,0,119,0,0,0,0,0,10,0,0,0,173,0,15,0,0,0,0,0,0,0,0,0,0,0,71,52,268,84,52,0,9,0,110,34,171,78,1,0,0,0,0,0,0,0,0,0,9,0,0,0,0,0,29,0,0,0,74,0,36,0,76,0,104,0,0,0,0,0,69,0,118,0,69,0,0,0,0,0,384,0,0,0,0,0,0,0,0,0,0,0,0,0,26,1,0,0,4,0,16,0,56,0,0,0,24,0,89,0,132,0,32,0,20,0,224,0,0,0,0,0,2,0,0,0,0,0,22,0,2,0,18,0,13,0,5,2,0,0,0,0,0,0,53,0,197,0,0,0,10,0,0,0,0,0,0,80,0,0,0,0,0,0,0,0,0,0,0,0,0,0,20,0,64,0,0,0,0,0,22,0,111,0,426,272,288,296,439,0,9,6,23,9,0,0,0,0,0
350,8,104,28,0,18,218,14,261,11,0,0,0,0,0,137,53,105,0,41,6,27,98,104,356,0,0,16,0,61,0,0,2,0,0,0,0,37,21,219,0,0,0,0,0,4,0,0,0,0,0,0,9,24,11,240,0,60,0,0,0,89,57,198,0,0,0,0,0,0,0,0,0,0,0,0,0,0,0,0,0,17,0,0,0,17,0,0,0,0,0,0,0,0,0,0,0,6,0,0,0,17,0,0,0,0,0,34,0,0,0,0,0,0,0,0,0,0,0,0,0,0,0,0,0,2,0,9,0,17,0,0,0,25,0,521,0,242,0,27,0,0,0,16,0,0,0,0,0,0,0,14,0,1,0,12,0,0,0,5,0,0,0,0,0,0,0,5,0,0,0,15,0,98,0,0,12,5,0,0,0,0,4,0,0,0,0,0,0,0,0,0,1,0,0,0,0,0,0,15,0,9,0,0,0,0,0,0,0,70,7,0,0,0,95,0,0,0,120,109,123,84,0,3,0
17,0,41,0,78,0,14,0,23,0,20,0,52,293,157,0,54,0,47,177,56,28,234,0,58,0,0,471,7,0,22,0,7,0,13,8,34,0,2,0,57,76,105,90,109,59,86,73,31,6,163,0,0,0,0,0,0,0,0,0,0,0,47,0,7,0,0,0,24,0,52,0,0,0,41,0,0,0,0,0,0,0,0,0,0,0,0,0,0,0,0,0,0,0,0,0,0,0,0,0,0,0,0,0,0,0,0,0,0,0,0,0,0,0,0,0,0,0,0,0,31,0,0,0,18,0,5,0,0,0,0,0,0,0,77,0,0,0,13,0,0,0,0,0,18,0,0,0,78,0,17,0,0,0,4,0,0,0,0,0,0,0,0,0,81,0,0,1,0,0,0,0,15,0,0,0,21,6,9,0,0,0,22,0,62,0,198,0,0,0,0,0,0,0,0,0,0,0,0,0,0,0,0,0,0,0,0,0,98,0,0,309,193,13,0,0,0,18,0,0,0,0,0,0,0
0,96,0,158,0,304,0,29,0,22,3,174,241,172,0,172,0,0,218,275,80,148,0,21,0,16,471,0,0,0,0,5,0,0,41,51,0,30,0,0,214,21,144,263,113,220,166,170,14,84,144,282,0,0,0,32,0,5,0,0,0,0,0,0,0,26,0,0,0,0,0,0,0,0,0,0,0,0,0,0,0,0,0,0,0,23,0,0,0,0,0,0,0,0,0,0,0,0,0,0,0,0,0,0,0,0,0,0,0,0,0,0,0,0,0,0,0,0,0,0,0,0,0,0,0,12,0,0,0,0,0,0,0,0,0,0,0,0,0,0,0,0,0,26,0,0,0,19,0,66,0,0,0,0,0,0,0,6,0,0,0,0,0,0,4,94,0,16,0,0,0,0,0,0,0,0,14,116,0,31,0,0,0,35,0,115,164,16,0,0,0,0,0,0,0,0,0,5,0,0,0,0,0,0,0,0,0,0,0,77,4,0,0,0,60,0,0,0,143,495,469,0,0,0,14
43,0,86,0,24,0,7,0,0,0,5,0,0,0,0,0,252,0,0,0,18,0,195,0,119,0,7,0,0,0,2,0,7,0,3,0,0,0,3,0,0,0,14,0,5,0,0,0,0,0,5,0,3,0,0,0,0,0,0,0,0,0,19,0,0,0,0,0,0,0,16,0,0,0,14,0,0,0,0,0,7,0,0,0,0,0,0,0,0,0,0,0,0,0,0,0,0,0,16,0,19,0,0,0,0,0,21,0,0,0,0,0,0,0,0,0,0,0,0,0,0,0,6,0,0,0,0,0,0,0,0,0,0,0,0,0,6,0,21,0,13,0,13,0,18,0,0,0,0,0,1,0,0,0,0,0,0,0,1,0,0,0,2,0,0,0,0,0,0,0,0,0,0,0,0,0,14,0,0,0,0,0,0,0,0,0,0,0,0,0,0,0,0,0,0,0,0,0,0,0,0,0,0,0,0,0,0,0,0,0,0,35,0,0,0,0,0,0,0,0,0,0,0,0,0
0,42,0,145,0,32,0,33,0,0,0,8,0,0,0,58,0,44,0,0,0,21,0,36,0,61,0,0,0,0,0,11,0,12,0,19,0,6,0,27,0,0,0,12,0,0,0,0,0,0,0,8,0,7,0,21,0,12,0,0,0,13,0,105,0,16,0,0,0,0,0,0,0,0,0,0,0,0,0,0,0,76,0,0,0,43,0,21,0,0,0,0,0,0,0,0,0,0,0,17,0,35,0,0,0,2,0,0,0,0,0,0,0,0,0,0,0,0,0,0,0,13,0,7,0,0,0,0,0,0,0,0,0,0,0,163,0,82,0,68,0,67,0,133,0,10,0,0,0,8,0,13,0,0,0,0,0,0,0,0,0,0,0,0,0,0,0,0,0,0,0,0,0,0,0,0,0,14,0,4,0,0,0,2,0,0,0,0,0,0,0,0,0,0,0,0,0,0,0,0,0,0,0,0,0,0,0,0,0,0,0,0,0,0,0,0,0,0,0,24,0,0,0,0,0
0,0,6,0,54,6,0,0,0,0,19,5,4,0,32,0,55,0,5,5,41,0,15,0,0,0,22,0,2,0,0,0,5,1,49,0,10,0,0,0,0,0,36,0,6,0,0,0,0,0,19,0,0,0,0,0,0,0,0,0,3,0,38,0,0,0,0,0,0,0,32,0,0,0,0,0,0,0,0,0,15,0,0,0,0,0,26,0,0,0,2,0,0,0,0,0,0,0,16,0,0,0,0,0,0,0,0,0,0,0,0,0,0,0,0,0,0,0,0,0,0,0,0,0,0,0,0,0,0,0,0,0,0,0,0,0,7,0,15,0,14,0,0,0,24,0,0,0,0,0,0,0,0,0,0,0,0,0,0,0,0,0,0,0,3,0,0,0,14,0,1,0,0,0,0,0,0,0,10,0,0,0,0,0,0,0,0,0,0,0,0,0,0,0,0,0,0,0,0,0,0,0,0,0,0,0,0,0,0,0,30,221,36,8,24,0,0,0,0,0,3,0,0,0,0
0,0,0,0,0,40,0,0,0,0,0,0,0,0,2,95,0,17,0,17,0,14,0,5,0,0,0,5,0,11,0,0,0,0,0,1,0,0,0,0,0,0,0,8,0,0,0,0,0,0,0,4,0,5,0,0,0,0,0,0,0,4,0,22,0,0,0,0,0,0,0,0,0,0,0,0,0,0,0,0,0,15,0,0,0,14,0,0,0,0,0,0,0,0,0,10,0,0,0,0,0,0,0,0,0,0,0,0,0,0,0,0,0,0,0,0,0,0,0,0,0,0,0,1,0,0,0,0,0,0,0,0,0,0,0,0,0,17,0,25,0,28,0,37,0,0,0,0,0,0,0,0,0,0,0,0,0,0,0,0,0,1,0,0,0,0,0,0,0,0,0,0,0,0,0,0,0,7,0,1,0,0,0,0,0,0,0,1,0,0,0,0,0,0,0,0,0,0,0,0,0,0,0,0,0,0,0,0,0,0,0,0,0,0,0,0,0,0,4,22,0,0,0,0,0
31,0,46,0,155,7,0,0,0,0,84,4,0,0,28,5,121,0,0,0,62,0,85,0,0,2,7,0,7,0,5,0,0,0,46,0,25,0,0,0,0,0,43,0,10,0,0,0,2,0,23,0,4,0,0,0,0,0,0,0,8,0,19,0,0,0,0,0,0,0,0,0,0,0,0,0,0,0,1,0,7,0,0,0,0,0,0,0,0,0,0,0,0,0,0,0,0,0,0,0,0,0,0,0,0,0,0,0,0,0,0,0,0,0,0,0,0,0,0,0,0,0,0,0,1,0,0,0,0,0,0,0,0,0,0,0,0,0,0,0,2,0,0,0,6,0,0,0,0,0,2,0,0,0,0,0,0,0,0,0,0,0,2,0,1,0,14,0,7,0,0,0,16,0,2,0,0,0,18,0,0,0,0,0,0,0,0,0,0,0,0,0,0,0,0,0,0,0,0,0,0,0,0,0,0,0,0,0,0,0,0,453,46,0,9,0,0,2,0,0,0,0,0,0,0
0,49,0,149,0,403,0,0,0,0,0,138,0,0,0,369,0,28,0,22,0,9,0,24,0,0,0,0,0,12,1,0,0,0,0,4,0,23,0,0,0,0,0,5,0,3,0,0,0,0,0,7,0,6,0,0,0,0,0,0,0,8,0,8,0,27,0,0,0,0,0,0,0,0,0,0,0,0,0,0,0,0,0,0,0,10,0,0,0,0,0,0,0,0,0,0,0,0,0,0,0,0,0,0,0,0,0,0,0,0,0,0,0,0,0,0,0,0,0,0,0,0,0,1,0,0,0,0,0,0,0,0,0,0,0,0,0,0,0,0,0,0,0,0,0,0,0,0,0,0,0,21,0,0,0,1,0,1,0,0,0,0,0,2,0,1,0,17,0,4,0,0,0,5,0,0,7,117,0,58,0,9,0,12,0,58,0,0,0,0,0,0,0,0,0,0,0,0,0,0,0,2,0,0,0,0,0,0,0,32,0,0,0,0,11,0,0,0,0,276,19,12,0,0,0
4,0,0,0,41,15,0,0,0,0,10,0,132,23,8,0,20,0,75,0,24,0,0,0,10,0,13,41,3,0,49,0,46,0,0,0,110,0,0,0,0,1,15,0,14,0,0,0,6,0,54,0,10,0,0,0,0,0,0,0,0,0,32,0,0,0,0,0,0,0,50,0,0,0,42,0,0,0,24,0,17,0,0,0,0,0,0,0,0,0,0,0,0,0,66,0,0,0,0,0,0,0,0,0,0,0,0,0,0,0,0,0,0,0,0,0,0,0,0,0,0,0,0,0,0,0,0,0,0,0,0,0,0,0,0,0,0,0,0,0,0,0,0,0,26,0,0,0,0,0,0,0,0,0,0,0,0,0,0,0,0,0,0,0,67,0,53,0,36,0,8,0,6,0,0,0,6,0,142,0,0,0,0,0,0,0,31,2,0,0,0,0,0,0,0,0,0,0,0,0,0,0,0,0,0,0,0,0,2,0,107,356,210,34,90,0,0,5,10,0,3,0,0,0,0
0,0,0,0,15,212,0,9,0,0,0,36,18,113,7,35,2,0,30,158,5,65,0,2,0,0,8,51,0,19,0,1,0,4,0,0,0,35,0,0,0,0,0,8,3,4,0,0,0,0,0,10,0,2,0,3,0,0,0,0,0,5,0,20,0,0,0,0,0,0,0,6,0,0,0,3,0,0,0,0,0,86,1,0,0,27,0,43,0,0,0,0,0,0,0,0,0,0,0,0,0,21,0,0,0,0,0,0,0,0,0,0,0,0,0,0,0,0,0,0,0,16,0,0,0,0,0,0,0,0,0,0,0,0,0,40,0,14,0,45,0,40,0,64,0,21,0,0,0,0,0,2,0,0,0,1,0,5,0,6,0,0,0,1,0,20,0,22,0,20,0,5,0,4,0,4,6,55,0,4,0,0,0,0,0,0,0,21,0,0,0,0,0,0,0,0,0,0,0,0,0,0,0,0,0,0,0,0,0,0,0,0,0,0,15,0,0,0,21,110,62,6,0,0,0
24,0,41,0,155,0,0,0,0,0,59,0,28,0,83,0,15,0,29,0,50,0,50,0,0,0,34,0,0,0,10,0,25,0,110,0,0,0,25,0,0,0,26,0,48,2,0,0,2,0,39,0,3,0,0,0,0,0,2,0,5,0,0,0,0,0,0,0,0,0,51,0,8,0,21,0,0,0,0,0,0,0,0,0,0,0,31,0,0,0,0,0,0,0,0,0,0,0,0,0,33,0,0,0,0,0,0,0,0,0,0,0,0,0,0,0,0,0,0,0,17,0,2,0,0,0,0,0,0,0,0,0,0,0,0,0,0,0,0,0,8,0,0,0,48,0,0,0,0,0,0,0,0,0,0,0,0,0,0,0,1,0,0,0,19,0,37,0,46,0,0,0,35,0,0,0,60,6,47,0,0,0,6,0,0,0,3,0,0,0,0,0,0,0,0,0,0,0,0,0,0,0,0,0,0,0,0,0,0,0,30,155,69,15,12,0,0,0,5,0,0,0,0,0,0
0,179,0,249,0,201,0,68,0,0,0,102,0,47,0,162,0,17,4,100,0,121,32,47,0,37,0,30,0,6,0,0,0,23,0,35,0,0,0,22,0,1,0,113,0,14,0,0,0,0,0,33,0,8,0,9,0,7,0,0,0,19,0,18,0,22,0,0,0,0,0,14,0,0,0,11,0,0,0,0,0,145,0,0,0,38,0,93,0,0,0,0,0,0,0,28,0,0,0,3,0,0,0,0,0,0,0,0,0,0,0,0,0,0,0,0,0,0,0,0,0,39,0,0,0,0,0,0,0,0,0,0,0,0,0,58,0,28,0,51,1,60,0,94,0,40,0,12,0,0,0,0,0,0,0,0,0,19,0,9,0,3,0,0,0,14,0,22,1,29,0,36,0,23,0,0,9,114,0,23,0,0,0,13,0,0,0,4,0,0,0,0,0,0,0,0,0,0,0,0,0,0,0,0,0,0,0,0,0,0,1,0,0,0,20,0,0,0,21,293,68,15,0,0,0
331,0,261,0,146,0,21,0,55,2,32,0,0,0,0,0,327,0,0,0,14,0,518,0,173,21,2,0,3,0,0,0,0,0,0,0,25,0,0,1,0,0,1,0,2,0,0,0,0,0,0,0,4,0,2,0,0,0,0,0,11,0,6,0,0,0,0,0,0,0,4,0,0,0,0,0,0,0,0,0,0,0,0,0,0,0,0,0,0,0,0,0,0,0,0,0,0,0,13,0,0,0,0,0,0,0,0,0,0,0,0,0,0,0,0,0,0,0,0,0,0,0,0,0,0,0,0,0,0,0,0,0,0,0,0,0,0,0,9,0,0,0,0,0,4,0,0,0,0,0,2,0,0,0,0,0,2,0,2,0,0,0,0,0,0,0,11,0,2,0,0,0,49,0,0,0,121,0,0,1,0,0,74,0,0,0,0,0,0,0,0,0,0,0,0,0,0,0,0,0,0,0,0,0,0,0,0,0,0,0,0,442,39,6,0,0,0,0,0,0,0,0,0,0,0
0,285,0,449,0,88,0,203,0,0,0,11,0,0,0,62,0,65,0,0,0,8,0,52,0,219,0,0,0,27,0,0,0,0,0,0,0,22,1,0,0,0,0,0,0,0,0,0,0,0,0,0,0,4,0,6,0,0,0,0,0,15,0,17,0,25,0,0,0,0,0,0,0,0,0,0,0,0,0,0,0,0,0,0,0,12,0,0,0,0,0,0,0,0,0,0,0,0,0,0,0,0,0,0,0,0,0,0,0,0,0,0,0,0,0,0,0,0,0,0,0,5,0,2,0,0,0,0,0,0,0,0,0,0,0,50,0,29,0,63,0,53,0,38,0,15,0,0,0,0,0,0,0,13,0,0,0,6,0,5,0,4,0,0,0,0,0,0,0,0,0,0,0,20,0,0,16,107,0,11,0,4,0,7,0,0,0,0,0,0,0,0,0,0,0,0,0,0,0,0,0,0,0,0,0,0,0,0,0,15,0,0,0,0,8,0,0,0,12,150,8,11,0,0,0
40,0,75,0,139,0,30,0,19,0,92,0,202,50,0,0,0,0,37,35,0,0,25,0,15,0,57,214,0,0,0,0,0,0,0,0,0,0,0,0,0,57,16,29,43,91,116,61,142,40,0,0,0,0,0,0,0,0,0,0,0,0,0,0,0,0,0,0,0,0,0,0,0,0,0,0,0,0,0,0,0,0,0,0,0,0,0,0,0,0,0,0,0,0,0,0,0,0,0,0,0,0,0,0,0,0,0,0,0,0,0,0,0,0,0,0,0,0,0,0,0,0,0,0,2,0,0,0,0,0,0,0,0,0,13,0,0,0,0,0,0,0,0,0,0,0,0,0,21,0,0,0,25,0,0,0,0,0,0,0,0,0,0,0,0,0,0,0,0,0,0,1,0,0,0,0,57,0,101,0,29,0,55,0,38,0,201,0,0,0,0,0,0,0,0,0,0,0,0,0,0,0,0,0,0,0,0,0,8,0,0,61,24,0,0,0,0,64,0,0,0,0,0,0,0
0,61,0,32,0,69,0,17,0,6,0,124,8,140,0,0,0,0,0,29,6,9,0,0,0,0,76,21,0,0,0,0,0,0,1,0,0,1,0,0,57,0,70,12,72,81,94,270,8,166,20,9,0,0,0,11,0,0,0,0,0,0,0,0,0,0,0,0,0,0,0,0,0,0,0,0,0,0,0,0,0,0,0,0,0,0,0,0,0,0,0,0,0,0,0,0,0,0,0,0,0,0,0,0,0,0,0,0,0,0,0,0,0,0,0,0,0,0,0,0,0,0,0,0,0,0,0,0,0,0,0,0,0,0,0,0,0,0,0,0,0,0,0,0,0,0,0,0,0,0,0,0,0,0,0,1,0,0,0,0,0,0,0,0,0,13,0,0,0,0,0,0,0,0,0,0,0,141,0,37,0,37,2,16,0,25,38,6,0,0,0,0,0,0,0,0,0,0,0,3,0,0,0,0,0,0,0,0,0,0,0,0,1,0,0,0,0,2,0,122,28,0,0,0,42
0,0,0,0,0,0,0,0,0,0,0,0,33,44,0,0,0,0,16,0,10,0,0,0,0,0,105,144,14,0,36,0,43,0,15,0,26,0,1,0,16,70,0,26,110,67,43,53,121,27,14,7,0,0,0,0,0,0,0,0,0,0,6,0,0,0,0,0,0,0,0,0,0,0,9,0,0,0,6,0,0,0,26,2,0,0,5,0,0,0,0,0,0,0,0,0,0,0,0,0,0,0,2,0,0,0,0,0,0,0,0,0,0,0,0,0,0,0,0,0,0,0,0,0,0,0,0,0,0,0,0,0,0,0,0,0,0,0,0,0,0,0,0,0,0,0,0,0,0,0,0,0,0,0,1,0,0,0,0,0,0,0,5,0,43,0,21,0,7,0,6,0,12,0,0,0,0,1,0,0,0,0,0,0,0,0,94,0,0,0,0,0,0,0,0,0,0,0,0,0,0,0,4,0,0,0,0,0,0,0,21,118,127,0,0,0,1,11,0,0,0,0,0,0,0
0,0,0,0,0,0,0,0,0,0,0,0,32,125,0,15,0,0,40,98,17,105,0,10,0,0,90,263,0,12,0,8,0,5,0,8,0,113,0,0,29,12,26,0,18,143,34,35,3,26,20,84,0,0,0,0,0,0,0,0,0,9,0,14,0,0,0,0,0,0,0,25,0,0,0,0,0,0,0,0,0,210,0,0,0,62,0,100,0,2,0,0,0,0,0,0,0,0,0,0,0,0,0,3,0,0,0,0,0,0,0,0,0,0,0,0,0,0,0,0,0,46,0,0,0,0,0,0,0,0,0,0,0,0,0,0,0,0,0,0,0,54,0,112,0,32,0,0,0,0,0,0,0,0,0,0,0,0,0,0,0,0,0,0,0,45,0,25,0,30,0,7,0,0,0,0,0,20,0,0,0,0,0,0,0,0,11,45,0,0,0,0,0,0,0,0,0,0,0,0,0,0,0,0,0,0,0,0,0,2,0,2,0,0,42,0,0,0,116,153,208,36,0,0,2
0,0,0,0,0,0,6,0,0,0,8,0,28,40,34,0,30,0,20,0,48,0,68,0,0,0,109,113,5,0,6,0,10,0,14,3,48,0,2,0,43,72,110,18,0,74,210,67,277,61,48,0,15,0,0,0,0,0,0,0,6,0,46,0,0,0,0,0,22,0,92,0,0,0,48,0,0,0,0,0,0,0,131,0,0,0,49,0,0,0,0,0,0,0,0,0,0,0,0,0,0,0,8,0,0,0,0,0,0,0,0,0,0,0,0,0,0,0,0,0,0,0,0,0,0,0,0,0,0,0,0,0,0,0,0,0,0,0,0,0,17,0,0,0,49,0,0,0,22,0,0,0,7,0,3,0,0,0,4,0,5,0,20,0,127,0,41,0,20,0,20,0,20,0,0,0,15,13,3,0,0,0,6,0,17,0,67,0,0,0,0,0,0,0,0,0,0,0,0,0,0,0,0,0,0,0,0,0,0,0,35,219,277,6,15,0,0,93,0,0,0,0,0,0,5
0,0,0,20,0,33,0,15,0,19,0,42,16,131,0,0,0,0,0,34,0,37,0,0,0,4,59,220,0,0,0,0,0,3,0,4,2,14,0,0,91,81,67,143,74,0,94,194,13,269,18,64,0,0,0,9,0,0,0,0,0,0,0,0,0,0,0,0,0,10,0,9,0,0,0,16,0,11,0,0,0,69,0,38,0,19,0,55,0,0,0,0,0,0,0,59,0,0,0,0,0,29,0,21,0,0,0,0,0,0,0,0,0,1,0,0,0,0,0,0,0,11,0,0,0,0,0,0,0,0,0,0,0,0,0,0,0,0,0,0,0,0,0,0,0,0,0,0,0,17,0,0,0,0,0,0,0,0,0,0,0,0,0,0,6,130,0,45,0,167,0,15,0,27,0,0,0,40,0,11,0,2,0,16,0,0,26,7,0,0,0,0,0,0,0,0,0,0,0,0,0,0,0,0,0,0,0,0,0,18,0,2,0,0,36,0,0,0,68,151,237,39,0,0,119
25,3,47,0,123,0,13,0,10,0,27,0,70,65,17,0,6,0,49,16,0,0,75,0,0,0,86,166,0,0,0,0,0,0,0,0,0,0,0,0,116,94,43,34,210,94,0,89,160,68,9,6,0,0,0,0,0,0,0,0,0,0,0,0,0,0,0,0,0,0,0,0,0,0,0,0,0,0,0,0,0,0,0,0,0,0,0,0,0,0,0,0,0,0,0,0,0,0,24,0,0,0,0,0,0,0,0,0,0,0,0,0,0,0,0,0,0,0,0,0,0,0,0,0,0,0,0,0,0,0,4,0,0,0,0,0,0,0,0,0,0,0,0,0,0,0,0,0,27,0,0,0,0,0,0,0,0,0,0,0,0,0,0,0,38,0,0,0,0,0,0,0,0,0,0,0,0,10,17,0,0,0,23,0,24,0,141,0,0,0,0,0,0,0,0,0,0,0,0,0,0,0,0,0,0,0,15,0,25,0,0,230,89,0,8,0,0,199,0,8,0,0,0,0,5
0,48,0,31,0,104,0,13,0,10,0,115,12,148,0,18,0,0,0,68,0,33,0,0,0,0,73,170,0,0,0,0,0,0,0,0,0,0,0,0,61,270,53,35,67,194,89,0,11,150,0,14,0,0,0,5,0,0,0,0,0,0,0,0,0,9,0,0,0,0,0,0,0,0,0,0,0,0,0,0,0,0,0,0,0,0,0,0,0,0,0,0,0,1,0,0,0,0,0,0,0,0,0,0,0,0,0,0,0,0,0,0,0,0,0,0,0,0,0,0,0,0,0,0,0,0,0,0,0,0,0,0,0,0,0,0,0,0,0,0,0,0,0,0,0,0,0,0,0,13,0,0,0,20,0,0,0,0,0,0,0,0,0,0,0,0,0,0,0,0,0,0,0,0,0,17,0,99,0,29,0,10,0,25,0,40,45,4,0,0,0,0,0,0,0,0,0,0,0,0,0,0,0,0,0,0,0,0,0,0,0,0,0,0,0,0,0,2,0,175,43,4,0,0,81
0,0,0,0,9,0,12,0,14,0,9,0,33,2,6,0,0,0,0,0,4,0,8,0,0,0,31,14,0,0,0,0,2,0,6,0,2,0,0,0,142,8,121,3,277,13,160,11,0,27,36,0,2,0,5,0,11,0,8,0,0,0,0,0,0,0,0,0,10,0,0,0,0,0,0,0,0,0,4,0,0,0,35,0,0,0,0,0,0,0,0,0,0,0,5,0,1,0,0,0,9,0,17,0,0,0,9,0,0,0,0,0,0,0,0,0,0,0,0,0,0,0,0,0,0,0,0,0,0,0,0,0,0,0,7,0,0,0,2,0,0,0,7,0,0,0,8,0,0,0,0,0,0,0,0,0,0,0,0,0,8,0,2,0,16,0,33,0,7,0,1,0,6,0,15,0,33,0,34,0,0,0,13,0,16,0,195,0,0,0,2,0,3,0,3,0,0,0,0,0,2,0,11,0,11,0,0,0,4,0,29,37,91,4,46,11,2,51,0,4,0,0,0,0,0
0,0,0,0,0,0,0,2,0,0,0,12,0,15,0,0,0,0,0,0,0,0,0,0,0,0,6,84,0,0,0,0,0,0,0,0,0,0,0,0,40,166,27,26,61,269,68,150,27,0,6,5,0,0,0,0,0,0,0,0,0,0,0,0,0,0,0,0,0,7,0,0,0,0,0,0,0,2,0,0,0,0,0,18,0,0,0,0,0,1,0,0,0,15,0,13,0,0,0,0,0,4,0,17,0,0,0,0,0,0,0,0,0,1,0,0,0,0,0,0,0,0,0,0,0,0,0,0,0,0,0,0,0,0,0,0,0,0,0,0,0,0,0,0,0,0,0,0,0,0,0,0,0,0,0,0,0,0,0,0,0,0,0,0,0,14,0,4,0,13,0,0,0,9,0,0,0,121,0,14,0,9,0,8,0,0,47,27,0,0,0,0,0,0,0,0,0,0,0,0,0,0,0,0,0,0,0,0,0,0,0,5,0,0,3,0,0,7,6,95,29,0,0,1,52
0,0,0,0,38,0,0,0,7,0,0,0,147,45,3,0,5,0,178,40,10,6,0,0,0,0,163,144,5,0,19,0,23,0,54,0,39,0,0,0,0,20,14,20,48,18,9,0,36,6,0,0,0,0,0,1,0,0,0,0,0,0,0,0,0,0,0,0,0,0,24,0,5,0,6,0,0,0,12,0,0,0,18,0,0,0,6,0,0,0,0,0,0,0,37,0,0,0,0,0,0,0,1,0,0,0,0,0,0,0,0,0,0,0,0,0,0,0,0,0,5,0,0,0,0,0,0,0,0,0,0,0,0,0,0,0,0,0,0,0,0,0,0,0,10,0,0,0,0,0,0,0,0,0,0,0,0,0,0,0,3,0,10,0,93,0,7,0,30,0,11,0,16,0,0,0,10,0,5,0,0,0,0,0,0,0,157,0,0,0,0,0,0,0,0,0,0,0,0,0,0,0,0,0,0,0,0,0,0,0,27,251,230,22,26,0,0,14,0,0,0,0,0,0,0
0,0,0,0,0,48,0,0,0,5,0,0,21,164,0,0,0,4,0,179,0,106,0,0,0,0,0,282,0,8,0,4,0,7,0,10,0,33,0,0,0,9,7,84,0,64,6,14,0,5,0,0,0,0,0,0,0,2,0,0,0,0,0,9,0,0,0,0,0,0,0,19,0,0,0,8,0,0,0,0,0,0,0,21,0,25,0,0,0,0,0,0,0,0,0,0,0,0,0,0,0,0,0,0,0,0,0,0,0,0,0,0,0,0,0,0,0,0,0,0,0,0,0,8,0,0,0,0,0,0,0,0,0,0,0,0,0,18,0,0,0,20,0,42,0,0,0,0,0,0,0,0,0,0,0,0,0,5,0,0,0,0,0,6,0,25,0,23,0,61,0,7,0,11,0,0,0,20,0,0,0,0,0,0,0,0,0,53,0,0,0,0,0,0,0,0,0,0,0,0,0,0,0,0,0,0,0,0,0,0,0,0,0,0,19,0,0,0,64,58,78,0,0,0,0
3,2,4,0,0,0,113,16,86,59,0,0,2,0,0,0,66,0,0,0,53,0,10,0,71,9,0,0,3,0,0,0,4,0,10,0,3,0,4,0,0,0,0,0,15,0,0,0,2,0,0,0,0,11,97,58,113,8,52,29,48,0,44,6,5,0,23,54,0,0,0,0,2,0,0,0,0,0,0,0,28,0,27,0,36,0,36,0,35,0,2,0,20,0,0,0,7,0,67,0,44,0,0,0,0,0,65,0,0,0,0,0,0,0,0,0,0,0,0,0,18,0,7,0,0,0,7,0,106,0,11,0,0,0,3,0,65,0,74,0,25,0,15,0,9,0,0,0,1,0,0,0,0,0,151,0,218,0,86,0,27,4,9,0,1,0,0,0,0,0,51,2,0,0,0,0,0,0,0,0,0,0,2,0,0,4,0,0,0,0,0,0,0,0,0,0,0,0,0,0,0,0,0,0,0,0,0,0,8,0,120,732,90,54,81,0,0,0,0,0,2,0,0,0,0
0,3,0,2,0,0,53,66,77,92,0,0,0,0,0,8,0,46,0,0,0,22,2,21,52,24,0,0,0,7,0,5,0,6,0,2,0,8,0,4,0,0,0,0,0,0,0,0,0,0,0,0,11,0,47,61,5,74,18,16,1,115,8,65,0,0,15,1,0,0,0,0,0,0,0,0,0,0,0,0,0,9,0,0,0,10,0,1,1,0,0,0,0,0,0,2,0,0,0,0,0,15,0,0,0,0,0,5,0,0,0,0,0,0,0,0,0,0,0,0,0,0,0,0,0,4,0,0,0,25,0,4,0,23,0,207,0,135,0,180,0,33,0,28,0,18,0,0,0,0,0,0,0,0,0,91,0,137,0,100,0,15,0,0,0,0,0,0,0,1,0,5,0,0,0,0,3,33,0,0,0,0,0,6,2,18,0,0,0,0,0,0,0,0,0,0,0,0,0,0,0,0,0,0,0,0,0,0,0,4,0,0,0,0,46,0,0,0,49,215,13,22,1,0,0
6,0,25,0,0,0,175,0,63,327,0,0,0,0,53,0,14,0,0,0,0,0,61,0,268,11,0,0,0,0,0,0,0,0,0,0,0,0,2,0,0,0,0,0,0,0,0,0,5,0,0,0,97,47,0,189,50,27,43,88,21,0,17,15,7,0,8,119,0,0,0,0,0,0,0,0,0,0,0,0,6,0,0,0,12,0,0,0,0,0,0,0,0,0,0,0,0,0,11,0,0,0,2,0,0,0,32,0,1,0,0,0,0,0,0,0,0,0,0,0,0,0,0,0,5,0,9,0,36,0,12,0,16,0,20,0,56,0,30,0,12,0,91,0,1,0,0,0,2,0,0,0,0,1,45,0,10,0,18,0,54,0,13,0,2,0,0,0,8,0,145,2,10,0,0,0,0,0,0,0,0,0,0,0,0,0,0,0,0,0,0,0,0,0,0,0,0,0,3,0,0,0,0,0,0,0,0,0,15,0,163,59,264,199,180,0,57,2,0,0,2,0,0,0,0
0,34,0,36,0,11,128,258,296,193,0,0,0,16,0,36,0,13,0,13,0,0,0,35,84,240,0,32,0,21,0,0,0,0,0,3,0,9,0,6,0,11,0,0,0,9,0,5,0,0,1,0,58,61,189,0,12,133,40,29,0,14,38,44,0,1,60,9,0,0,0,0,0,0,1,0,0,0,0,0,0,0,0,0,0,3,0,0,0,3,0,0,0,0,0,0,0,0,0,0,0,0,0,0,0,0,0,0,0,0,0,0,0,0,0,0,0,0,0,0,0,0,0,0,0,50,0,17,0,15,0,24,0,53,1,140,0,148,0,17,0,0,0,0,0,1,0,0,0,19,0,0,0,0,0,33,0,16,0,22,0,74,0,0,0,5,0,0,0,13,0,178,0,38,0,0,4,4,0,0,0,0,0,0,0,0,0,0,0,0,0,0,0,0,0,0,0,0,0,0,0,0,0,1,0,0,0,7,0,83,0,0,0,0,194,0,0,0,117,58,235,191,6,18,1
0,0,8,0,0,0,21,0,12,0,0,0,0,0,0,0,4,0,0,0,0,0,22,0,52,0,0,0,0,0,0,0,0,0,0,0,0,0,0,0,0,0,0,0,0,0,0,0,11,0,0,0,113,5,50,12,0,0,138,47,29,0,3,0,63,29,54,96,0,0,0,0,0,0,0,0,0,0,0,0,0,0,0,0,0,0,0,0,0,0,0,0,0,0,0,0,0,0,0,0,0,0,0,0,0,0,0,0,0,0,0,0,0,0,0,0,0,0,0,0,0,0,0,0,8,0,0,0,17,1,25,0,0,0,0,0,2,0,4,0,0,0,6,0,0,0,1,0,4,5,0,0,0,2,41,0,45,0,31,4,92,0,43,0,1,0,5,0,24,0,132,0,8,0,4,0,0,0,0,0,40,4,0,0,2,14,0,0,0,0,0,0,0,0,0,0,0,0,0,0,0,0,0,0,0,0,0,0,1,0,323,106,517,459,856,0,165,17,0,0,0,0,0,0,0
0,8,0,0,0,0,0,24,12,49,0,0,0,0,0,0,0,17,0,0,0,0,0,4,0,60,0,5,0,12,0,0,0,0,0,0,0,7,0,0,0,0,0,0,0,0,0,0,0,0,0,2,8,74,27,133,0,0,25,99,0,7,0,8,0,25,36,87,0,3,0,0,0,1,0,0,0,1,0,0,0,0,0,0,0,3,0,0,0,0,0,0,0,0,0,4,0,0,0,3,0,3,0,0,0,0,0,0,0,0,0,0,0,0,0,0,0,0,0,0,0,0,0,0,0,7,0,3,0,44,0,36,0,27,0,115,0,95,0,16,0,4,0,4,0,10,0,0,0,4,0,0,0,0,0,96,0,42,0,101,0,132,0,41,0,0,0,0,0,37,0,434,0,0,0,0,0,0,0,0,0,2,0,0,3,0,0,0,0,0,0,0,0,0,0,0,0,0,0,0,0,0,0,0,0,0,0,0,0,21,0,0,0,0,730,0,0,0,319,80,531,361,61,30,0
7,0,5,0,0,0,12,0,36,42,0,0,0,0,0,0,0,0,0,0,0,0,11,0,9,0,0,0,0,0,0,0,0,0,0,0,2,0,0,0,0,0,0,0,0,0,0,0,8,0,0,0,52,18,43,40,138,25,0,190,45,0,5,1,162,12,130,169,0,0,0,0,0,0,0,0,0,0,0,0,0,0,0,0,0,0,0,0,0,0,0,0,0,0,0,0,0,0,0,0,0,0,0,0,0,0,0,0,0,0,0,0,0,0,0,0,0,0,0,0,0,0,0,0,0,0,0,0,0,0,11,0,0,0,0,0,0,0,0,1,0,0,0,0,0,0,1,0,6,0,0,0,0,0,4,5,46,0,0,2,3,19,7,0,0,0,7,0,16,0,62,0,0,0,8,0,8,0,0,0,46,0,0,0,37,22,0,0,0,0,0,0,0,0,0,0,0,0,0,0,0,0,0,0,0,0,0,0,0,0,315,163,241,335,670,8,100,11,0,0,0,0,0,0,0
0,4,0,2,0,0,0,0,47,31,0,1,0,0,0,0,0,0,0,0,0,0,0,0,0,0,0,0,0,0,0,0,0,0,0,0,0,0,0,0,0,0,0,0,0,0,0,0,0,0,0,0,29,16,88,29,47,99,190,0,0,8,0,0,27,77,225,89,0,1,0,0,0,0,0,0,0,0,0,0,0,0,0,0,0,0,0,0,0,0,0,0,0,0,0,0,0,0,0,0,0,0,0,0,0,0,0,0,0,0,0,0,0,0,0,0,0,0,0,0,0,0,0,0,0,0,0,2,0,0,0,5,0,0,0,0,0,0,0,1,0,0,0,0,0,12,0,0,0,0,0,0,0,0,8,44,0,82,12,4,20,37,0,0,0,3,0,0,0,13,0,161,0,0,0,10,0,0,0,0,0,6,0,0,5,81,0,0,0,0,0,0,0,0,0,0,0,0,0,0,0,0,0,0,0,0,0,0,0,1,1,0,0,0,1200,0,0,0,485,221,532,624,92,35,0
0,0,0,0,0,0,116,0,94,0,0,0,0,0,0,0,49,0,0,0,4,0,17,0,110,0,0,0,0,0,3,0,8,0,0,0,5,0,11,0,0,0,0,0,6,0,0,0,0,0,0,0,48,1,21,0,29,0,45,0,0,0,46,0,0,0,10,0,0,0,0,0,0,0,0,0,0,0,0,0,0,0,0,0,0,0,0,0,0,0,0,0,0,0,0,0,0,0,0,0,0,0,0,0,0,0,0,0,0,0,0,0,0,0,0,0,0,0,0,0,0,0,0,0,0,0,0,0,5,0,0,0,0,0,0,0,0,0,163,0,23,0,3,0,64,0,0,0,0,0,1,0,0,0,30,0,40,0,10,0,3,0,17,0,0,0,0,0,0,0,126,0,36,0,0,0,17,0,0,0,0,0,0,0,5,0,0,0,0,0,0,0,0,0,0,0,0,0,0,0,0,0,0,0,0,0,0,0,0,0,233,374,48,41,82,0,0,0,1,0,0,0,0,0,0
0,81,0,31,0,0,0,209,0,121,0,0,0,0,0,3,6,11,0,2,0,6,0,0,34,89,0,0,0,13,0,4,0,8,0,5,0,19,0,15,0,0,0,9,0,0,0,0,0,0,0,0,0,115,0,14,0,7,0,8,0,0,0,10,0,0,0,0,0,0,0,2,0,0,0,0,0,0,0,0,0,0,0,0,0,2,0,0,0,0,0,0,0,0,0,0,0,0,0,0,0,0,0,0,0,0,0,0,0,0,0,0,0,0,0,0,0,0,0,0,0,4,0,0,0,0,0,0,0,0,0,0,0,0,0,0,0,12,0,63,0,51,0,0,0,52,0,0,0,0,0,0,0,0,0,19,0,81,0,26,0,2,0,3,0,0,0,0,0,0,0,58,0,7,0,0,17,155,0,0,0,0,0,21,0,16,0,0,0,0,0,0,0,0,0,0,0,0,0,0,0,0,0,0,0,0,0,0,0,0,0,0,0,0,45,0,0,0,74,386,101,83,0,12,0
17,0,23,0,0,0,154,51,59,72,0,0,1,0,8,0,358,0,0,0,174,0,37,0,171,57,47,0,19,0,38,0,19,0,32,0,0,0,6,0,0,0,6,0,46,0,0,0,0,0,0,0,44,8,17,38,3,0,5,0,46,0,0,13,0,0,0,0,0,0,24,0,0,0,21,0,0,0,0,0,9,0,0,0,0,0,14,0,0,0,0,0,0,0,0,0,0,0,19,0,10,0,0,0,0,0,4,0,0,0,0,0,0,0,0,0,0,0,0,0,24,0,0,0,0,0,0,0,0,0,0,0,0,0,0,0,21,0,54,0,23,0,16,0,18,0,0,0,2,0,0,0,0,0,33,0,62,0,9,0,0,0,0,0,0,0,0,0,0,0,4,0,6,0,0,0,0,0,0,0,0,0,3,0,0,0,0,0,0,0,0,0,0,0,0,0,0,0,0,0,0,0,0,0,0,0,0,0,0,0,28,332,7,0,21,0,1,0,0,0,0,0,0,0,0
0,67,0,54,0,5,0,405,31,154,0,0,0,0,0,45,6,256,0,24,0,124,0,133,78,198,0,0,0,105,0,22,0,8,0,20,0,18,0,17,0,0,0,14,0,0,0,0,0,0,0,9,6,65,15,44,0,8,1,0,0,10,13,0,0,0,0,0,0,0,0,0,0,0,0,0,0,0,0,0,0,0,0,0,0,0,0,0,0,0,0,0,0,0,0,0,0,0,0,0,0,0,0,0,0,0,0,0,0,0,0,0,0,0,0,0,0,0,0,0,0,0,0,0,0,1,0,0,0,0,0,0,0,0,0,23,0,13,0,28,0,11,0,9,0,9,0,0,0,0,0,0,0,0,0,14,0,55,0,5,0,1,0,0,0,0,0,0,0,0,0,3,0,3,0,0,14,156,0,0,0,0,0,9,0,12,0,0,0,0,0,0,0,0,0,0,0,0,0,0,0,0,0,0,0,0,0,0,0,0,0,0,0,0,0,0,0,0,36,265,0,16,0,0,0
9,0,3,0,0,0,25,0,121,0,5,0,0,0,0,0,0,0,0,0,0,0,0,0,1,0,7,0,0,0,0,0,0,0,0,0,0,0,0,0,0,0,0,0,0,0,0,0,0,0,0,0,5,0,7,0,63,0,162,27,0,0,0,0,0,71,108,32,0,0,0,0,0,0,0,0,0,0,0,0,0,0,0,0,0,0,0,0,0,0,0,0,0,0,0,0,0,0,0,0,0,0,0,0,0,0,0,0,0,0,0,0,0,0,0,0,0,0,0,0,0,0,0,0,8,0,1,0,0,0,28,50,0,0,0,0,0,0,0,7,0,0,0,0,0,0,4,0,40,39,0,0,0,5,2,6,11,0,0,11,241,157,0,0,0,0,1,0,0,0,0,0,0,0,16,0,9,0,4,0,241,30,10,0,96,5,0,0,0,0,0,0,0,0,0,0,0,0,0,0,0,0,0,0,0,0,0,0,1,0,49,0,0,0,120,0,0,0,0,0,0,0,0,0,0
0,25,0,0,0,2,0,3,0,27,0,0,0,0,0,0,0,0,0,13,0,0,0,0,0,0,0,26,0,16,0,0,0,27,0,0,0,22,0,25,0,0,0,0,0,0,0,9,0,0,0,0,0,0,0,1,29,25,12,77,0,0,0,0,71,0,20,297,0,0,0,0,0,0,0,0,0,0,0,0,0,0,0,0,0,0,0,0,0,0,0,0,0,0,0,0,0,0,0,0,0,0,0,0,0,0,0,0,0,0,0,0,0,0,0,0,0,0,0,0,0,0,0,0,5,41,0,0,5,1,30,50,0,0,0,0,0,1,3,2,0,0,0,0,0,9,0,16,0,276,0,4,0,7,14,0,0,5,42,7,92,210,0,0,0,0,0,0,0,7,0,0,0,0,0,6,0,0,0,0,30,144,0,0,0,74,0,0,0,0,0,0,0,0,0,0,0,0,0,2,0,0,0,0,0,0,0,3,0,7,0,0,0,0,163,0,0,0,77,12,67,0,0,0,2
7,0,0,0,0,0,4,0,36,78,1,0,0,0,0,0,0,0,0,0,0,0,0,0,0,0,0,0,0,0,0,0,0,0,0,0,0,0,0,0,0,0,0,0,0,0,0,0,0,0,0,0,23,15,8,60,54,36,130,225,10,0,0,0,108,20,0,159,0,0,0,0,0,0,0,0,0,0,0,0,0,0,0,0,0,0,0,0,0,0,0,0,0,0,0,0,0,0,0,0,0,0,0,0,0,0,0,0,0,0,0,0,0,0,0,0,0,0,0,0,0,0,0,0,9,0,0,0,1,0,15,0,0,0,0,0,0,0,1,0,0,0,0,0,0,0,3,0,7,0,0,0,0,0,3,4,6,0,2,8,30,18,0,0,0,0,0,0,0,0,14,0,0,0,23,0,86,0,0,0,99,5,1,0,406,39,0,0,0,0,0,0,0,0,0,0,0,0,0,0,0,0,0,0,0,0,0,0,3,0,59,39,41,60,136,1,11,0,0,0,0,0,0,0,0
0,1,0,0,0,0,11,0,37,23,0,0,0,0,0,0,0,0,0,1,0,0,0,0,0,0,0,0,0,0,0,0,0,0,0,0,0,0,0,0,0,0,0,0,0,0,0,0,0,0,0,0,54,1,119,9,96,87,169,89,0,0,0,0,32,297,159,0,0,0,0,0,0,0,0,0,0,0,0,0,0,0,0,0,0,0,0,0,0,0,0,0,0,0,0,0,0,0,0,0,0,0,0,0,0,1,0,0,0,0,0,0,0,0,0,0,0,0,0,0,0,0,0,0,0,32,0,2,0,0,0,69,0,0,0,0,0,0,0,0,0,0,0,0,0,5,0,3,0,48,0,2,0,0,12,6,0,29,5,1,13,47,0,0,0,0,0,0,0,2,0,16,0,0,0,43,0,1,0,0,8,28,0,0,14,513,0,0,0,0,0,0,0,0,0,0,0,0,0,0,0,0,0,1,0,0,0,1,0,2,0,0,0,0,290,0,0,0,150,67,98,141,19,2,0
0,0,0,0,0,0,0,0,0,0,0,0,0,0,0,0,34,0,0,0,0,0,0,0,0,0,24,0,0,0,0,0,0,0,0,0,0,0,0,0,0,0,0,0,22,0,0,0,10,0,0,0,0,0,0,0,0,0,0,0,0,0,0,0,0,0,0,0,0,0,0,0,7,0,1,0,58,0,39,0,9,0,17,0,7,0,8,0,8,0,0,0,6,0,12,0,15,0,33,0,20,0,98,0,68,0,29,0,4,0,4,0,0,0,1,0,1,0,0,0,4,0,0,0,0,0,0,0,1,0,0,0,0,0,0,0,0,0,0,0,0,0,0,0,0,0,0,0,0,0,0,0,2,0,2,0,0,0,0,0,0,0,0,0,22,0,0,0,104,0,0,0,0,0,0,0,0,0,0,0,12,0,0,0,0,0,0,0,70,0,5,0,23,0,15,0,0,0,25,0,42,0,79,0,93,0,0,0,0,0,48,17,94,0,6,54,11,3,1,0,0,0,0,0,0
0,0,0,0,0,0,0,0,0,0,0,0,0,0,0,0,0,0,0,0,0,0,0,0,0,0,0,0,0,0,0,0,0,0,0,0,0,0,0,0,0,0,0,0,0,10,0,0,0,7,0,0,0,0,0,0,0,3,0,1,0,0,0,0,0,0,0,0,0,0,0,0,0,0,0,0,0,35,0,0,0,7,0,21,0,0,0,6,0,6,0,0,0,30,0,56,0,0,0,0,0,24,0,296,0,6,0,0,0,6,0,3,0,1,0,2,0,15,0,0,0,0,0,0,0,0,3,0,0,0,0,0,0,0,0,0,0,0,0,0,0,0,0,0,0,0,0,0,0,0,0,0,0,0,0,0,0,0,0,0,0,0,0,0,0,21,0,0,0,54,0,1,0,0,0,1,0,0,0,0,0,0,0,0,0,0,0,0,0,0,0,0,0,0,0,0,0,0,0,0,0,0,0,0,0,0,0,0,0,0,0,0,0,0,2,0,0,0,32,0,92,0,16,1,4
0,0,0,0,0,0,0,0,2,0,0,0,0,0,0,0,89,0,0,0,129,0,0,0,0,0,52,0,16,0,32,0,0,0,50,0,51,0,4,0,0,0,0,0,92,0,0,0,0,0,24,0,0,0,0,0,0,0,0,0,0,0,24,0,0,0,0,0,0,0,0,0,252,0,172,0,23,0,277,0,1,0,0,0,16,0,9,0,0,0,0,0,3,0,0,0,0,0,0,0,0,0,0,0,0,0,0,0,0,0,0,0,0,0,0,0,0,0,0,0,4,0,18,0,8,3,21,0,0,0,1,0,0,0,46,0,73,2,12,0,109,0,45,0,116,0,0,0,0,0,18,0,0,0,7,0,66,0,0,0,0,0,67,0,0,0,31,0,29,0,26,0,56,0,1,0,0,0,1,0,0,0,0,0,0,0,0,0,0,0,0,0,0,0,0,0,0,0,0,0,2,0,0,0,0,0,0,0,33,0,13,3,27,0,0,0,0,0,0,0,0,0,0,0,0
0,0,0,0,0,0,0,0,0,0,0,0,0,0,0,0,0,0,0,0,0,8,0,0,0,0,0,0,0,0,0,0,0,0,0,6,0,14,0,0,0,0,0,25,0,9,0,0,0,0,0,19,0,0,0,0,0,0,0,0,0,2,0,0,0,0,0,0,0,0,0,0,0,98,0,115,0,13,0,7,0,0,0,3,0,2,0,101,0,0,0,0,0,0,0,0,0,0,0,0,0,0,0,0,0,0,0,0,0,0,0,0,0,0,0,0,0,0,0,0,0,3,0,3,0,27,0,14,0,0,0,3,0,25,0,0,0,12,0,0,0,45,0,1,0,73,0,0,0,0,0,8,0,8,0,0,0,0,0,0,0,0,0,33,0,0,0,13,0,5,0,25,0,13,0,2,0,0,0,0,0,15,0,0,0,0,0,0,0,0,0,0,0,0,0,0,0,0,0,0,0,0,0,0,0,0,0,0,0,11,0,0,0,0,0,0,0,0,23,1,14,3,2,0,0
0,0,0,0,0,0,0,0,0,0,0,0,0,0,0,0,0,0,0,0,0,0,4,0,0,0,0,0,0,0,0,0,0,0,0,0,8,0,0,0,0,0,0,0,0,0,0,0,0,0,5,0,2,0,0,0,0,0,0,0,0,0,0,0,0,0,0,0,7,0,252,0,0,0,102,0,159,0,262,0,1,0,8,0,17,2,8,0,0,0,0,0,4,0,0,0,0,0,0,0,0,0,0,0,0,0,0,0,0,0,0,0,0,0,0,0,0,0,0,0,9,0,0,0,24,0,31,0,0,0,7,0,29,0,105,0,39,5,11,0,38,0,32,0,55,0,21,0,0,0,34,0,23,0,0,0,3,0,0,0,0,0,93,0,2,0,5,0,16,0,5,0,0,0,5,0,0,0,0,0,17,0,0,0,0,0,0,0,0,0,0,0,0,0,0,0,0,0,0,0,36,0,0,0,35,0,0,0,48,0,380,3,29,0,27,10,1,0,0,0,0,0,0,0,0
0,0,0,0,0,0,0,0,0,0,0,0,0,0,0,0,0,0,0,0,0,0,0,2,0,0,0,0,0,0,0,0,0,0,0,0,0,0,0,0,0,0,0,0,0,0,0,0,0,0,0,0,0,0,0,0,0,1,0,0,0,0,0,0,0,0,0,0,0,0,0,98,0,0,0,293,0,77,0,42,0,9,0,12,0,22,0,71,0,0,0,0,0,0,0,0,0,0,0,7,0,2,0,3,0,0,0,0,0,0,0,0,0,0,0,0,0,0,0,0,0,8,0,3,0,27,0,35,0,2,0,0,0,20,0,47,0,42,0,0,0,8,0,0,0,30,0,0,0,0,0,0,2,0,0,0,0,0,0,0,0,0,0,48,0,0,0,0,0,16,0,2,0,0,0,0,0,0,0,0,9,0,0,0,0,0,0,0,0,13,0,8,0,0,0,0,0,0,0,65,0,9,0,98,0,0,0,0,2,0,0,0,0,0,0,0,0,0,66,0,0,0,1,0,0
0,0,0,0,0,0,0,0,2,0,0,0,0,0,0,0,89,0,0,0,90,0,7,0,9,0,41,0,14,0,0,0,0,0,42,0,21,0,0,0,0,0,9,0,48,0,0,0,0,0,6,0,0,0,0,1,0,0,0,0,0,0,21,0,0,0,0,0,1,0,172,0,102,0,0,0,15,0,157,0,2,0,11,0,35,0,34,0,0,0,0,0,0,0,0,0,8,0,0,0,0,0,1,0,0,0,0,0,0,0,0,0,0,0,0,0,0,0,0,0,27,0,62,0,0,0,6,0,0,0,0,0,0,0,40,0,84,0,17,0,91,0,89,0,89,0,0,0,0,0,5,0,0,0,6,0,36,0,3,0,0,0,34,0,0,0,0,0,14,0,17,0,42,0,0,0,0,0,0,0,6,1,0,0,0,0,0,0,0,0,0,0,0,0,0,0,0,0,31,0,16,0,7,0,0,0,0,0,20,0,13,0,15,0,0,0,0,0,0,0,0,0,0,0,0
0,0,0,0,0,0,0,0,0,1,0,0,0,0,0,0,0,0,0,0,0,20,0,8,0,0,0,0,0,0,0,0,0,0,0,3,0,11,0,0,0,0,0,0,0,16,0,0,0,0,0,8,0,0,0,0,0,0,0,0,0,0,0,0,0,0,0,0,0,0,0,115,0,293,0,0,0,22,0,11,0,1,0,0,0,11,0,79,0,0,0,0,0,0,0,0,0,0,0,0,0,1,0,0,0,0,0,0,0,0,0,0,0,0,0,0,0,0,0,0,0,84,0,12,0,31,0,54,0,0,0,0,0,0,0,41,0,37,0,0,0,31,0,4,0,106,0,21,0,0,0,22,0,23,0,0,0,6,0,1,0,0,0,149,0,0,0,9,0,23,0,21,0,8,0,6,0,0,0,0,7,34,0,0,0,0,0,0,0,0,0,0,1,0,0,0,0,0,0,0,0,4,0,13,0,0,0,0,0,79,0,0,0,0,0,0,0,0,56,2,23,0,2,0,0
0,0,0,0,0,0,0,0,4,1,0,0,0,0,0,0,0,0,0,0,0,0,0,0,0,0,0,0,0,0,0,0,0,0,0,0,0,0,0,0,0,0,0,0,0,0,0,0,0,0,0,0,0,0,0,0,0,0,0,0,0,0,0,0,0,0,0,0,58,0,23,0,159,0,15,0,0,0,120,0,20,0,20,0,25,0,42,0,3,0,0,0,3,0,6,0,21,0,38,0,7,0,9,0,58,0,0,0,12,0,0,0,0,0,2,0,0,0,0,0,4,0,0,0,0,0,0,0,0,0,0,0,0,0,0,0,0,0,0,0,5,0,0,0,4,0,0,0,0,0,0,0,0,0,0,0,4,0,0,0,0,0,0,0,15,0,0,0,24,0,0,0,0,0,0,0,0,0,0,0,0,0,0,0,0,0,0,0,79,0,0,0,0,0,0,0,0,0,0,0,60,0,109,0,0,0,0,0,0,0,88,0,35,0,12,13,2,0,0,0,0,2,0,0,0
0,0,0,0,0,0,0,0,0,0,0,0,0,0,0,0,0,0,0,0,0,0,0,0,0,0,0,0,0,0,0,0,0,0,0,0,0,0,0,0,0,0,0,0,0,11,0,0,0,2,0,0,0,0,0,0,0,1,0,0,0,0,0,0,0,0,0,0,0,35,0,13,0,77,0,22,0,0,0,14,0,55,0,86,0,7,0,151,0,17,0,0,0,46,0,100,0,6,0,15,0,28,0,241,0,0,0,3,0,7,0,0,0,0,0,3,0,23,0,0,0,3,0,0,0,0,0,7,0,0,0,0,0,0,0,40,0,11,0,0,0,0,0,0,0,0,4,0,0,0,0,0,0,3,0,0,0,0,0,0,0,0,0,7,0,7,0,0,0,35,0,2,0,0,0,0,0,0,0,0,0,0,0,0,0,0,0,0,0,87,0,12,0,0,0,0,0,12,0,0,0,22,0,149,0,75,0,0,0,0,0,0,0,0,2,0,0,0,32,10,20,0,5,0,0
0,0,0,0,0,0,0,0,0,0,0,0,0,0,0,0,59,0,0,1,0,0,0,0,0,0,0,0,0,0,0,0,1,0,24,0,0,0,0,0,0,0,6,0,0,0,0,0,4,0,12,0,0,0,0,0,0,0,0,0,0,0,0,0,0,0,0,0,39,0,277,0,262,0,157,0,120,0,0,0,14,0,26,0,23,0,53,0,0,0,0,0,8,0,0,0,0,0,15,0,3,0,39,0,0,0,0,0,19,0,0,0,0,0,1,0,0,0,0,0,50,0,25,0,0,0,0,0,0,0,0,0,0,0,103,0,0,0,0,0,57,0,87,0,47,0,0,0,0,0,0,0,0,0,0,0,17,0,0,0,0,0,15,0,31,0,0,0,104,0,0,0,0,0,0,0,0,0,0,0,0,0,0,0,0,0,0,0,0,0,0,0,0,0,0,0,4,0,107,0,85,0,0,0,0,0,0,0,0,0,224,22,63,0,27,15,8,0,0,0,0,0,0,0,0
0,0,0,0,0,0,0,0,0,0,0,0,0,0,0,0,0,0,0,0,0,8,0,0,0,0,0,0,0,0,0,0,0,0,0,0,0,0,0,0,0,0,0,0,0,0,0,0,0,0,0,0,0,0,0,0,0,0,0,0,0,0,0,0,0,0,0,0,0,0,0,7,0,42,0,11,0,14,0,0,0,0,0,0,0,6,0,3,0,0,0,0,0,0,0,0,0,0,0,0,0,0,0,0,0,0,0,0,0,0,0,0,0,0,0,0,0,0,0,0,0,1,0,7,0,0,0,17,0,0,0,0,0,2,0,11,0,18,0,0,0,10,0,0,0,28,0,5,0,0,0,0,0,0,0,0,0,1,0,0,0,0,0,16,0,0,0,0,0,0,0,7,0,0,0,0,0,0,0,0,0,0,0,0,0,0,0,0,0,0,0,0,0,0,0,0,0,0,0,0,0,0,0,0,0,0,0,0,0,23,0,0,0,0,0,0,0,0,22,2,5,0,0,0,0
