0,220,152,0,202,0,22,167,107,0,160,0,182,0,33,14,140,32,25,0,13,0,80,29,33,295,0,0,29,0,0,0,0,0,0,0,0,0,226,0,41,0,2,0,0,0,58,0,25,0,0,0,7,0,2,106,0,0,5,0,493,0,188,34,31,0,34,0,5,0,0,0,0,0,0,0,0,0,0,0,0,0,0,0,0,0,0,0,0,0,0,0,0,0,0,0,0,0,0,0,0,0,0,0,0,0,0,0,0,0,0,0,0,0,0,0,0,0,0,0,0,0,0,0,24,0,22,0,0,0,26,0,4,0,9,0,0,0,0,0,0,0,0,0,0,0,31,0,93,0,30,0,38,0,1,0,1,0,0,0,21,0,0,0,3,0,6,0,94,0,73,0,367,0,0,0,406,94,44,0,12,0,47,0,159,0,9,0,0,0,0,0,0,0,0,0,3,0,0,0,0,0,0,0,2,0,0,0,30,0,786,200,170,534,515,1,0,3,0,0,0,0,0,0,0
220,0,231,140,35,114,0,114,0,90,29,347,0,278,0,123,37,25,0,293,0,0,268,54,197,67,0,459,0,79,0,0,0,82,0,11,0,150,0,573,0,37,0,0,0,99,0,259,0,29,0,0,0,0,0,10,0,0,0,0,0,226,0,101,0,146,0,42,0,9,0,0,0,0,0,0,0,5,0,0,0,0,0,0,0,0,0,0,0,0,0,0,0,0,0,0,0,0,0,0,0,0,0,0,0,0,0,0,0,0,0,0,0,0,0,0,0,0,0,0,0,0,0,0,0,0,0,0,0,0,0,32,0,0,0,62,0,41,0,0,0,0,0,0,0,0,0,0,0,65,0,45,0,0,0,0,0,0,0,0,0,0,0,16,0,62,0,31,0,146,0,67,0,325,0,0,59,716,0,47,0,0,0,38,0,106,0,0,0,0,0,0,0,0,0,1,0,6,0,21,0,0,0,0,0,0,0,0,0,54,7,0,0,0,724,0,0,0,717,191,452,446,0,54,0
152,231,0,87,434,48,109,0,32,0,75,48,187,0,199,45,31,34,139,0,23,0,482,59,132,233,108,0,103,0,0,0,31,0,0,0,19,0,261,0,56,1,0,0,0,0,104,0,57,0,0,0,8,0,89,42,11,0,0,0,362,0,206,17,15,0,0,0,0,0,0,0,0,0,0,0,0,0,0,0,0,0,0,0,0,0,0,0,0,0,0,0,0,0,0,0,0,0,0,0,0,0,0,0,0,0,0,0,0,0,0,0,0,0,0,0,0,0,0,0,0,0,0,0,0,0,42,0,0,0,73,0,20,0,237,0,69,0,0,0,0,0,0,0,0,0,37,0,139,0,65,0,20,0,0,0,0,0,0,0,43,0,0,0,0,0,0,0,0,0,63,0,371,0,0,0,191,82,0,0,0,0,0,0,25,0,4,0,0,0,1,0,0,0,0,0,0,0,0,0,0,0,0,0,0,0,7,0,124,0,511,104,227,704,478,0,67,9,0,0,0,0,0,0,0
0,140,87,0,0,218,0,239,0,12,97,8,0,0,48,182,0,32,0,155,11,45,140,260,0,204,0,75,0,80,0,8,0,160,0,0,0,37,0,326,0,0,0,2,0,0,0,0,1,10,0,0,0,0,0,51,0,6,0,7,0,31,0,17,0,36,0,1,0,0,0,0,0,0,0,0,0,0,0,0,0,0,0,0,0,0,0,0,0,0,0,0,0,0,0,0,0,0,0,0,0,0,0,0,0,0,0,0,0,0,0,0,0,0,0,0,0,0,0,0,0,0,0,0,0,0,0,0,0,0,0,0,0,0,0,266,0,185,0,0,0,0,0,0,0,0,0,0,0,105,0,16,0,0,0,0,0,0,0,0,0,4,0,0,0,0,0,18,0,0,0,15,0,138,0,0,13,157,0,0,0,0,0,2,0,17,0,0,0,0,0,0,0,0,0,0,0,0,0,0,0,0,0,0,0,0,0,0,0,113,0,0,0,0,129,0,0,0,152,53,188,139,0,12,0
202,35,434,0,0,297,71,0,20,0,143,168,368,0,293,207,18,0,52,77,127,0,137,51,0,0,211,0,81,0,116,0,91,0,106,0,258,0,414,0,115,0,0,1,0,0,106,0,21,1,19,0,0,0,0,0,0,0,0,0,0,0,0,0,19,0,7,0,0,0,0,0,0,0,0,0,0,0,0,0,0,0,0,0,0,0,0,0,0,0,0,0,0,0,0,0,0,0,0,0,0,0,0,0,0,0,0,0,0,0,0,0,0,0,0,0,0,0,0,0,0,0,0,0,0,0,0,0,0,0,0,0,0,0,0,0,0,0,0,0,0,0,0,0,0,0,24,0,63,0,55,0,47,0,0,0,0,0,0,0,0,0,0,0,0,0,96,0,0,0,0,0,297,0,0,0,435,116,182,0,25,0,75,0,116,0,9,0,0,0,0,0,0,0,0,0,0,0,0,0,0,0,0,0,0,0,0,0,0,0,568,243,335,0,238,0,0,7,2,0,0,0,0,0,0
0,114,48,218,297,0,0,47,0,12,161,82,133,54,460,231,0,8,79,101,238,98,84,87,0,13,0,202,0,38,16,148,9,607,0,346,0,270,0,120,0,40,0,11,0,14,0,106,0,0,0,26,0,0,0,0,0,0,0,0,0,0,0,0,0,19,0,0,0,0,0,0,0,0,0,0,0,0,0,0,0,0,0,0,0,0,0,44,0,0,0,0,0,0,0,0,0,0,0,0,0,0,0,0,0,0,0,0,0,0,0,0,0,0,0,0,0,0,0,0,0,0,0,0,0,0,0,0,0,0,0,9,0,0,0,0,0,0,0,0,0,0,0,0,0,0,0,0,0,0,0,0,0,0,0,0,0,0,0,0,0,0,0,12,0,0,0,126,0,206,0,0,0,157,0,0,77,453,0,21,0,0,0,0,0,21,0,4,0,0,0,0,0,0,0,0,0,0,0,0,0,0,0,0,0,0,0,0,0,0,0,0,0,0,240,0,0,0,365,171,424,0,0,13,0
22,0,109,0,71,0,0,0,12,122,20,0,46,0,0,0,0,5,0,0,0,0,20,0,177,30,0,0,0,0,0,0,0,0,0,0,9,0,0,0,15,0,0,0,0,0,0,0,53,0,0,0,158,41,274,210,16,0,15,0,295,0,197,35,32,0,44,0,0,0,0,0,3,0,0,0,0,0,0,0,0,0,0,0,0,0,0,0,0,0,0,0,0,0,0,0,0,0,0,0,0,0,0,0,0,0,0,0,0,0,0,0,0,0,0,0,0,0,0,0,0,0,0,0,49,0,44,0,0,0,83,0,19,0,46,0,23,0,0,0,0,0,0,0,0,0,11,0,49,0,22,0,4,0,0,0,30,2,0,0,58,0,8,0,0,0,0,0,0,0,374,0,162,0,0,0,79,37,0,0,0,0,0,0,8,0,0,0,0,0,1,0,0,0,0,0,0,0,0,0,12,0,0,0,0,0,0,0,73,0,434,97,305,639,613,0,224,36,0,0,0,0,0,0,0
167,114,0,239,0,47,0,0,42,59,0,36,0,31,0,109,17,21,0,149,0,0,56,59,127,356,0,147,0,70,0,0,0,18,0,0,0,0,0,248,0,0,0,0,0,34,0,85,0,11,0,0,7,35,20,571,0,43,0,52,0,300,0,463,0,32,0,7,0,6,0,0,0,0,0,0,0,0,0,0,0,0,0,17,0,0,0,0,0,0,0,0,0,0,0,0,0,0,0,0,0,0,0,0,0,0,0,0,0,0,0,0,0,0,0,0,0,0,0,0,0,0,0,0,0,33,0,0,0,0,0,95,0,45,0,303,0,325,0,0,0,0,0,0,0,0,0,0,0,67,0,9,0,0,0,7,0,0,0,0,0,14,0,14,0,0,0,31,0,0,0,79,0,298,0,0,0,139,0,0,0,0,0,0,0,0,0,0,0,0,0,0,0,0,0,0,0,0,0,0,0,114,0,0,0,0,0,0,0,124,0,0,3,0,630,0,0,0,582,195,456,0,0,131,2
107,0,32,0,20,0,12,42,0,250,25,0,17,0,0,0,0,0,0,0,0,0,0,0,15,10,19,0,2,0,0,0,0,0,1,0,0,0,14,0,0,0,0,0,0,0,22,0,46,0,0,0,371,99,92,253,7,33,38,0,289,0,271,23,40,0,64,30,0,0,0,0,0,0,0,0,0,0,0,0,0,0,0,0,0,0,0,0,0,0,0,0,0,0,0,0,0,0,0,0,0,0,0,0,0,0,0,0,0,0,0,0,0,0,0,0,0,0,0,0,0,0,0,0,0,0,7,0,0,0,11,0,0,0,8,0,0,0,0,0,0,0,0,0,0,0,12,0,35,0,11,0,0,0,0,4,115,0,2,0,8,0,4,0,0,0,0,0,32,0,448,0,85,0,0,0,456,61,13,0,0,0,27,0,95,0,0,0,0,0,0,0,0,0,0,0,0,0,0,0,0,0,0,0,0,0,0,0,15,0,539,152,289,0,521,0,0,13,0,0,0,0,0,0,0
0,90,0,12,0,12,122,59,250,0,0,109,0,32,0,11,3,0,0,47,0,0,0,0,118,20,0,0,0,0,0,0,0,0,0,0,0,0,0,0,0,6,0,0,1,0,0,0,1,11,0,0,45,110,247,305,41,25,105,28,16,225,31,217,0,229,28,160,0,8,0,0,0,0,0,0,0,0,0,1,0,0,0,17,0,0,0,0,0,0,0,0,0,0,0,0,0,0,0,0,0,0,0,0,0,0,0,0,0,0,0,0,0,0,0,0,0,0,0,0,0,0,0,0,6,33,0,0,0,0,0,63,0,0,0,41,0,32,0,0,0,0,0,0,0,0,0,54,0,109,0,31,0,24,0,6,0,42,0,0,0,23,0,15,0,0,0,15,0,75,0,116,0,216,0,0,66,432,0,5,0,0,0,93,0,67,0,0,0,0,0,0,0,0,0,0,0,0,0,10,0,0,0,0,0,0,0,0,0,64,4,6,0,0,1019,0,0,0,924,277,454,0,0,327,2
160,29,75,97,143,161,20,0,25,0,0,50,393,0,45,168,18,8,5,14,41,7,39,43,3,19,46,0,51,0,27,0,36,0,13,0,104,0,262,0,68,0,0,0,0,0,80,0,25,0,3,0,0,0,0,0,0,0,0,0,4,0,0,0,8,0,0,0,0,0,0,0,0,0,0,0,0,0,0,0,0,0,0,0,0,0,0,0,0,0,0,0,0,0,0,0,0,0,0,0,0,0,0,0,0,0,0,0,0,0,0,0,0,0,0,0,0,0,0,0,0,0,0,0,0,0,0,0,0,0,0,0,0,0,0,0,0,0,0,0,0,0,0,0,0,0,0,0,30,0,0,0,38,0,0,0,0,0,0,0,0,0,0,0,0,0,29,0,0,0,0,0,128,0,10,0,388,85,143,0,11,0,87,0,91,0,14,0,0,0,0,0,0,0,0,0,0,0,0,0,0,0,0,0,0,0,0,0,11,0,282,132,160,109,135,0,0,2,0,0,0,0,0,0,0
0,347,48,8,168,82,0,36,0,109,50,0,34,379,345,30,1,0,22,51,150,0,89,34,0,0,0,230,0,11,0,0,2,343,0,36,0,131,0,183,0,105,0,4,0,66,0,274,0,50,0,0,0,0,0,0,0,0,0,0,0,0,0,0,0,46,0,21,0,1,0,0,0,0,0,0,0,0,0,0,0,0,0,0,0,0,0,0,0,0,0,0,0,0,0,0,0,0,0,0,0,0,0,0,0,0,0,0,0,0,0,0,0,0,0,0,0,0,0,4,0,0,0,0,0,0,0,0,0,0,0,0,0,0,0,0,0,0,0,0,0,0,0,0,0,0,0,0,0,35,0,86,0,50,0,0,0,0,0,0,0,0,0,4,0,0,0,42,0,0,0,0,0,78,0,0,51,676,0,111,0,90,0,20,3,81,0,6,0,0,0,0,0,0,0,0,0,0,0,0,0,0,0,0,0,0,0,0,0,0,0,0,0,0,184,0,0,0,350,133,231,0,0,9,0
182,0,187,0,368,133,46,0,17,0,393,34,0,453,72,30,0,0,77,143,103,34,38,0,0,0,205,444,0,0,49,0,4,0,75,0,0,0,0,0,249,0,128,0,28,52,204,0,38,5,210,0,0,0,0,0,0,0,0,0,0,0,0,0,0,0,2,0,0,0,0,0,0,0,0,0,0,0,0,0,0,0,0,0,0,0,0,0,0,0,0,0,0,0,0,0,0,0,0,0,0,0,0,0,0,0,0,0,0,0,0,0,0,0,0,0,0,0,0,0,0,0,0,0,0,0,0,0,0,0,15,0,0,0,0,0,0,0,0,0,0,0,0,0,0,0,0,0,74,0,0,0,0,0,0,0,0,0,0,0,0,0,0,0,0,0,20,0,0,0,0,0,0,0,0,0,641,61,378,0,101,0,76,0,82,0,350,7,0,0,0,0,0,0,0,0,0,0,0,0,0,0,0,0,0,0,0,0,0,0,36,30,0,0,0,0,0,1,0,0,0,0,0,0,0
0,278,0,0,0,54,0,31,0,32,0,379,453,0,196,3,0,0,499,124,317,38,0,0,0,0,180,84,0,0,27,12,0,2,0,139,0,108,0,0,0,193,5,76,6,47,34,243,0,47,0,143,0,0,0,3,0,0,0,0,0,0,0,0,0,0,0,0,0,0,0,0,0,0,0,0,0,0,0,0,0,0,0,0,0,0,0,0,0,0,0,0,0,0,0,0,0,0,0,0,0,0,0,0,0,0,0,0,0,0,0,0,0,0,0,0,0,0,0,0,0,0,0,0,0,0,0,0,0,0,0,0,0,0,0,0,0,0,0,0,0,0,0,0,0,0,0,0,0,19,0,0,0,0,0,0,0,0,0,0,0,0,0,0,0,0,0,0,0,0,0,0,0,6,0,0,65,815,0,70,0,146,0,25,0,34,0,70,0,0,0,0,0,0,0,0,0,0,0,0,0,0,0,0,0,0,0,0,0,0,0,0,0,0,0,0,0,0,35,90,99,0,2,0,0
33,0,199,48,293,460,0,0,0,0,45,345,72,196,0,283,9,0,179,83,98,40,314,19,73,0,241,45,14,0,95,0,54,0,86,0,60,0,73,0,11,0,0,0,12,0,66,0,8,4,0,0,0,0,57,0,0,0,0,0,0,0,0,0,13,0,1,0,0,0,1,0,0,0,0,0,0,0,7,0,0,0,0,0,0,0,0,0,0,0,0,0,0,0,0,0,0,0,0,0,0,0,0,0,0,0,0,0,0,0,0,0,0,0,0,0,0,0,0,0,0,0,0,0,16,0,0,0,0,0,0,0,0,0,0,0,0,0,0,0,0,0,87,0,0,0,25,0,53,0,0,0,0,0,2,0,8,0,0,0,0,0,0,0,0,0,56,0,0,0,0,0,63,0,4,0,203,98,24,0,0,0,11,0,59,0,3,0,0,0,0,0,0,0,0,0,0,0,0,0,0,0,0,0,0,0,0,0,0,0,238,165,83,41,58,0,0,0,0,0,0,0,0,0,0
14,123,45,182,207,231,0,109,0,11,168,30,30,3,283,0,4,30,0,417,94,126,61,120,0,117,0,112,0,15,8,56,0,152,0,33,0,43,7,19,0,0,0,22,0,51,0,0,0,4,0,6,0,3,0,27,0,0,0,0,0,0,0,0,0,35,0,0,0,0,0,0,0,0,0,0,0,0,0,0,0,0,0,0,0,0,0,0,0,0,0,0,0,0,0,0,0,0,0,0,0,0,0,0,0,0,0,0,0,0,0,0,0,0,0,0,0,0,0,0,0,0,0,0,0,0,0,0,0,0,0,0,0,9,0,328,0,156,0,0,0,0,0,0,0,0,0,77,0,122,0,33,0,24,0,0,0,0,0,0,0,2,0,0,0,6,0,31,0,56,0,0,0,20,0,1,25,72,4,0,0,0,0,0,2,40,0,0,0,0,0,0,0,0,0,3,0,0,0,0,0,161,0,0,0,0,0,0,0,82,0,0,0,0,79,0,0,0,224,256,113,74,0,0,0
140,37,31,0,18,0,0,17,0,3,18,1,0,0,9,4,0,0,29,0,136,0,43,5,51,38,132,0,99,0,53,0,87,0,0,0,4,0,112,0,0,0,0,0,114,0,17,0,23,0,0,0,101,1,12,10,0,0,0,0,84,0,390,1,0,0,0,0,0,0,112,0,27,0,111,0,0,0,0,0,552,0,0,0,710,0,162,0,0,0,395,0,0,0,0,0,792,0,924,0,0,0,0,0,0,0,0,0,0,0,0,0,0,0,0,0,0,0,0,0,120,0,169,0,0,0,0,0,52,0,0,0,31,0,101,0,200,0,44,0,303,0,832,0,35,0,0,0,0,0,0,0,0,0,16,0,0,0,27,0,4,0,0,0,0,0,0,0,39,0,5,0,78,0,0,0,20,8,0,0,0,0,9,0,3,0,0,0,0,0,0,0,0,0,0,0,0,0,0,0,276,0,0,0,0,0,0,0,0,0,51,374,42,82,40,0,0,4,0,0,0,0,0,0,0
32,25,34,32,0,8,5,21,0,0,8,0,0,0,0,30,0,0,0,18,0,254,38,55,16,64,0,8,0,130,0,20,0,89,0,16,0,9,0,156,0,0,0,8,0,0,0,0,0,8,0,10,0,63,0,13,0,17,0,0,0,7,0,277,0,0,0,0,0,0,0,0,0,0,0,0,0,0,0,0,0,293,0,114,0,858,0,161,0,0,0,0,0,0,0,230,0,144,0,138,0,322,0,0,0,0,0,0,0,0,0,0,0,0,0,0,0,0,0,0,0,100,0,20,0,0,0,0,0,25,0,5,0,63,0,0,0,285,0,183,0,76,0,555,0,0,0,0,0,0,0,3,0,0,0,42,0,1,0,20,0,0,0,4,0,19,0,0,0,53,0,16,0,61,0,0,0,14,0,0,0,0,0,1,0,2,0,0,0,0,0,0,0,0,0,0,0,0,0,0,0,0,0,0,0,0,0,0,0,0,0,0,0,0,103,0,0,0,74,354,109,98,0,12,0
25,0,139,0,52,79,0,0,0,0,5,22,77,499,179,0,29,0,0,111,174,14,292,0,130,0,101,503,7,0,45,0,0,3,83,7,50,0,2,0,32,57,19,0,21,0,41,283,4,0,54,0,0,0,0,0,14,0,0,0,0,0,0,0,0,0,0,0,0,0,0,0,0,0,0,0,0,0,0,0,0,0,3,0,0,0,0,0,0,0,0,0,0,0,0,0,0,0,0,0,0,0,0,0,0,0,0,0,0,0,0,0,0,0,0,0,0,0,0,0,0,0,0,0,0,0,0,0,0,0,0,0,0,0,0,0,0,0,0,0,0,0,0,0,0,0,0,0,0,0,0,0,0,0,0,0,0,0,0,0,0,0,0,0,20,0,29,0,51,0,0,0,0,0,0,0,171,32,10,0,0,0,11,0,0,0,108,0,0,0,0,0,0,0,0,0,0,0,0,0,0,0,0,0,0,0,0,0,0,0,114,85,107,0,27,0,3,0,0,0,0,0,0,0,0
0,293,0,155,77,101,0,149,0,47,14,51,143,124,83,417,0,18,111,0,112,115,0,202,0,164,20,272,0,0,12,160,0,55,0,242,0,141,0,0,0,0,0,24,0,195,0,217,0,6,5,104,0,0,0,29,0,0,0,0,0,0,0,0,0,89,0,0,0,0,0,0,0,0,0,0,0,0,0,0,0,0,0,0,0,0,0,0,0,0,0,0,0,0,0,0,0,0,0,0,0,0,0,0,0,0,0,0,0,0,0,0,0,0,0,0,0,0,0,0,0,0,0,0,0,0,0,0,0,0,0,0,0,0,0,259,0,0,0,0,0,0,0,0,0,0,0,0,0,137,0,83,0,47,0,0,0,0,0,0,0,0,0,0,0,23,0,30,0,160,0,0,0,0,0,0,10,27,0,0,0,0,0,0,0,114,0,3,0,0,0,0,0,0,0,0,0,23,0,0,0,0,0,0,0,0,0,0,0,0,1,0,0,0,37,0,0,0,137,141,212,62,0,0,0
13,0,23,11,127,238,0,0,0,0,41,150,103,317,98,94,136,0,174,112,0,25,295,1,110,0,301,160,51,0,69,0,134,6,24,26,28,15,36,0,0,15,25,0,109,0,9,0,0,0,42,0,0,0,28,0,0,0,0,0,0,0,10,0,0,0,0,0,0,0,12,0,0,0,0,0,0,0,0,0,57,0,14,0,191,0,0,0,0,0,87,0,16,0,0,0,0,0,0,0,0,0,0,0,0,0,0,0,0,0,0,0,0,0,0,0,0,0,0,0,0,0,0,0,0,0,0,0,0,0,0,0,0,0,0,0,0,0,4,0,0,0,254,0,0,0,0,0,0,0,0,0,0,0,0,0,0,0,0,0,0,0,0,0,81,0,119,0,147,0,0,0,69,0,0,0,37,24,9,0,0,0,0,0,4,0,5,3,0,0,0,0,0,0,0,0,0,0,0,0,138,0,0,0,0,0,0,0,0,0,440,334,322,151,159,0,0,4,0,0,0,0,0,0,0
0,0,0,45,0,98,0,0,0,0,7,0,34,38,40,126,0,254,14,115,25,0,3,455,0,113,0,104,0,76,0,41,0,42,0,88,0,50,0,10,0,0,0,47,0,81,0,39,0,15,0,27,0,23,0,16,0,0,0,0,0,0,0,92,0,0,0,0,0,0,0,68,0,0,0,0,0,0,0,0,0,873,0,0,0,795,0,426,0,0,0,0,0,0,0,0,0,217,0,0,0,0,0,0,0,0,0,0,0,0,0,0,0,0,0,0,0,0,0,0,0,315,0,46,0,0,0,0,0,0,0,0,0,0,0,0,0,0,0,82,0,120,0,450,0,191,0,0,0,0,0,0,0,0,0,0,0,23,0,0,0,0,0,0,0,34,0,152,0,268,0,36,0,89,0,0,5,0,0,0,0,0,0,0,0,0,0,0,0,0,0,0,0,0,0,12,0,24,0,0,0,0,0,0,0,0,0,0,0,0,1,0,0,0,101,0,0,0,264,235,291,126,0,0,3
80,268,482,140,137,84,20,56,0,0,39,89,38,0,314,61,43,38,292,0,295,3,0,101,197,223,388,0,42,2,49,0,10,0,17,0,0,0,75,0,0,0,11,0,142,0,154,0,35,0,0,0,0,0,160,0,17,0,0,0,40,0,40,0,3,0,0,0,0,0,2,0,0,0,0,0,0,0,0,0,0,0,0,0,218,0,0,0,0,0,0,0,0,0,0,0,232,0,0,0,0,0,0,0,0,0,0,0,0,0,0,0,0,0,0,0,0,0,0,0,0,0,0,0,23,0,0,0,0,0,0,0,0,0,292,0,246,0,0,0,102,0,547,0,0,0,25,0,56,0,34,0,12,0,5,0,0,0,0,0,5,0,0,0,0,0,0,0,0,0,0,0,56,0,0,0,111,90,5,0,0,0,15,0,17,0,0,0,0,0,0,0,0,0,0,0,0,0,0,0,267,0,0,0,0,0,0,0,49,0,124,411,35,69,65,0,0,3,1,0,0,0,0,0,0
29,54,59,260,51,87,0,59,0,0,43,34,0,0,19,120,5,55,0,202,1,455,101,0,7,76,0,48,0,56,0,44,0,109,0,37,0,23,0,61,0,0,0,27,0,0,0,0,0,7,0,0,0,16,0,15,0,0,0,0,0,0,0,55,0,0,0,0,0,0,0,0,0,0,0,9,0,0,0,0,0,244,0,0,0,790,0,146,0,0,0,0,0,0,0,245,0,175,0,104,0,283,0,0,0,0,0,0,0,0,0,0,0,0,0,0,0,0,0,0,0,0,0,0,0,0,0,0,0,0,0,0,0,0,0,296,0,168,0,0,0,27,0,292,0,15,0,0,0,0,0,0,0,0,0,1,0,0,0,0,0,0,0,6,0,0,0,22,0,82,0,8,0,76,0,0,0,16,0,0,0,0,0,0,0,5,0,0,0,0,0,0,0,0,0,0,0,0,0,0,0,0,0,0,0,0,0,0,0,0,0,0,0,0,171,0,0,0,240,381,169,133,3,0,0
33,197,132,0,0,0,177,127,15,118,3,0,0,0,73,0,51,16,130,0,110,0,197,7,0,176,0,0,22,0,0,0,5,0,0,0,0,0,43,0,0,0,10,0,108,0,111,0,25,0,0,0,74,6,285,151,29,0,11,0,120,3,204,38,4,0,0,0,0,0,0,0,0,0,0,0,0,0,0,0,0,0,0,0,108,0,0,0,0,0,0,0,0,0,0,0,0,0,0,0,0,0,0,0,0,0,0,0,0,0,0,0,0,0,0,0,0,0,0,0,0,0,0,0,0,0,0,0,67,0,0,0,41,0,256,0,273,0,23,0,127,0,447,0,1,0,13,0,24,0,18,0,0,0,15,0,0,0,18,0,12,0,4,0,0,0,0,0,0,0,34,0,62,0,0,0,62,32,0,0,0,0,7,0,5,0,0,0,0,0,0,0,0,0,0,0,0,0,0,0,139,0,0,0,0,0,0,0,34,0,59,168,115,222,150,0,0,3,0,0,0,0,0,0,0
295,67,233,204,0,13,30,356,10,20,19,0,0,0,0,117,38,64,0,164,0,113,223,76,176,0,0,35,0,39,0,4,0,0,0,0,0,12,0,46,0,0,0,0,0,0,0,0,0,6,0,0,0,35,0,74,0,29,0,0,0,26,3,30,0,4,0,0,0,0,0,0,0,0,0,0,0,0,0,0,0,0,0,0,0,758,0,0,0,0,0,20,0,0,0,0,0,132,0,72,0,204,0,0,0,0,0,0,0,0,0,0,0,0,0,0,0,0,0,0,0,0,0,0,0,0,0,0,0,26,0,0,0,0,0,549,0,536,0,118,0,30,0,472,0,1,0,0,0,0,0,0,0,0,0,34,0,0,0,0,0,3,0,4,0,0,0,3,0,40,0,9,0,34,0,0,14,75,0,0,0,0,5,3,0,0,0,0,0,0,0,0,0,0,0,0,0,0,0,0,0,199,0,0,0,0,0,0,0,54,10,0,0,0,92,0,0,0,85,270,52,37,0,0,0
0,0,108,0,211,0,0,0,19,0,46,0,205,180,241,0,132,0,101,20,301,0,388,0,0,0,0,501,74,0,36,0,16,0,14,0,66,0,6,0,104,152,68,0,254,154,323,571,100,36,145,0,0,0,0,0,0,0,0,0,0,0,0,0,0,0,0,0,0,0,0,0,0,0,0,0,0,0,0,0,0,0,0,0,0,0,0,0,0,0,0,0,0,0,0,0,0,0,0,0,0,0,0,0,0,0,0,0,0,0,0,0,0,0,0,0,0,0,0,0,0,0,0,0,0,0,0,0,0,0,0,0,0,0,0,0,0,0,0,0,0,0,0,0,0,0,0,0,69,0,0,0,0,0,0,0,0,0,0,0,0,0,0,0,127,0,47,0,165,0,0,0,36,0,0,0,0,31,11,0,0,0,0,0,78,0,197,0,0,0,0,0,0,0,0,0,0,0,0,0,0,0,0,0,0,0,0,0,0,0,132,281,487,0,80,0,0,28,0,0,0,0,0,0,0
0,459,0,75,0,202,0,147,0,0,0,230,444,84,45,112,0,8,503,272,160,104,0,48,0,35,501,0,0,0,0,0,0,6,80,76,0,98,0,0,83,22,0,98,0,130,192,211,5,22,36,221,0,0,0,10,0,0,0,0,0,0,0,0,0,83,0,0,0,0,0,0,0,8,0,0,0,0,0,0,0,0,0,0,0,0,0,39,0,0,0,0,0,0,0,0,0,0,0,0,0,0,0,0,0,0,0,0,0,1,0,0,0,0,0,0,0,0,0,0,0,0,0,0,0,0,0,0,0,0,0,0,0,0,0,0,0,0,0,0,0,0,0,0,0,0,0,0,0,0,0,0,0,0,0,0,0,0,0,0,0,2,0,5,0,62,0,20,1,99,0,0,0,10,0,0,0,151,0,0,0,0,0,0,0,49,30,41,0,0,0,0,0,0,0,0,0,15,0,0,0,0,0,0,0,0,0,0,0,0,0,2,0,0,39,0,0,0,67,319,437,40,4,0,0
29,0,103,0,81,0,0,0,2,0,51,0,0,0,14,0,99,0,7,0,51,0,42,0,22,0,74,0,0,0,18,0,15,0,60,0,21,0,6,0,0,0,63,0,68,0,0,0,0,0,11,0,0,0,5,0,0,0,0,0,13,0,30,0,0,0,0,0,0,0,71,0,0,0,77,0,0,0,0,0,167,0,0,0,73,0,0,0,0,0,53,0,0,0,0,0,0,0,278,0,0,0,0,0,0,0,19,0,0,0,0,0,0,0,0,0,0,0,0,0,34,0,0,0,0,0,0,0,0,0,0,0,0,0,0,0,0,0,59,0,66,0,46,0,82,0,0,0,6,0,0,0,0,0,2,0,3,0,0,0,1,0,0,0,0,0,1,0,0,0,0,0,2,0,0,0,0,0,1,0,0,0,0,0,0,0,0,0,0,0,0,0,0,0,0,0,0,0,0,0,21,0,0,0,0,0,0,0,0,0,11,32,0,0,0,0,0,0,0,0,0,0,0,0,0
0,79,0,80,0,38,0,70,0,0,0,11,0,0,0,15,0,130,0,0,0,76,2,56,0,39,0,0,0,0,0,62,0,63,0,70,0,6,0,25,0,0,0,10,0,0,0,0,0,0,0,0,0,9,0,11,0,0,0,0,0,3,0,100,0,0,0,0,0,0,0,21,0,0,0,12,0,0,0,0,0,249,0,0,0,324,0,106,0,0,0,0,0,0,0,0,0,35,0,54,0,165,0,0,0,0,0,30,0,0,0,0,0,0,0,0,0,0,0,0,0,102,0,29,0,0,0,0,0,0,0,0,0,17,0,0,0,155,0,127,0,122,0,384,0,64,0,0,0,0,0,0,0,0,0,0,0,0,0,0,0,0,0,2,0,0,0,0,0,0,0,0,0,5,0,0,0,0,0,0,0,0,0,0,0,0,0,0,0,0,0,0,0,0,0,0,0,0,0,0,0,10,0,0,0,0,0,0,0,0,0,0,0,0,0,0,0,0,3,19,0,0,0,0,0
0,0,0,0,116,16,0,0,0,0,27,0,49,27,95,8,53,0,45,12,69,0,49,0,0,0,36,0,18,0,0,0,2,0,6,0,18,0,16,0,0,0,40,0,52,0,0,0,0,0,12,0,2,0,0,0,0,0,0,0,1,0,5,0,0,0,0,0,0,0,19,0,0,0,12,0,0,0,0,0,0,0,0,0,74,0,0,0,0,0,0,0,0,0,0,0,124,0,102,0,0,0,0,0,0,0,0,0,0,0,0,0,0,0,0,0,0,0,0,0,0,0,0,0,0,0,0,0,0,0,0,0,0,0,0,0,0,0,0,0,0,0,0,0,0,0,0,0,0,0,0,0,0,0,0,0,0,0,0,0,0,0,11,0,0,0,84,0,87,0,9,0,38,0,0,0,6,0,5,0,2,0,0,0,0,0,0,0,0,0,0,0,0,0,0,0,0,0,0,0,0,0,0,0,0,0,0,0,0,0,148,111,156,0,46,0,0,1,0,0,0,0,0,0,0
0,0,0,8,0,148,0,0,0,0,0,0,0,12,0,56,0,20,0,160,0,41,0,44,0,4,0,0,0,62,0,0,0,7,0,4,0,4,0,34,0,0,0,7,0,2,0,0,0,3,0,3,0,0,0,2,0,0,0,0,0,2,0,0,0,0,0,0,0,0,0,32,0,0,0,13,0,0,0,0,0,130,0,20,0,0,0,0,0,0,0,0,0,0,0,0,0,0,0,0,0,0,0,0,0,0,0,0,0,0,0,0,0,0,0,0,0,0,0,0,0,77,0,15,0,0,0,0,0,0,0,0,0,0,0,0,0,0,0,0,0,0,0,203,0,0,0,0,0,0,0,0,0,0,0,0,0,0,0,0,0,0,0,0,0,0,0,18,0,0,0,0,0,8,0,0,1,0,0,0,0,0,0,0,0,0,0,0,0,0,0,0,0,0,0,0,0,0,0,0,0,0,0,0,0,0,0,0,0,0,0,0,0,0,10,0,0,0,0,12,20,0,0,0,0
0,0,31,0,91,9,0,0,0,0,36,2,4,0,54,0,87,0,0,0,134,0,10,0,5,0,16,0,15,0,2,0,0,0,16,0,51,0,6,0,0,0,17,0,16,0,0,0,0,0,0,0,3,0,0,0,0,0,0,0,9,0,3,0,0,0,2,0,0,0,19,0,0,0,12,0,0,0,0,0,0,0,0,0,0,0,20,0,0,0,0,0,0,0,0,0,0,0,84,0,0,0,0,0,0,0,20,0,0,0,0,0,0,0,0,0,0,0,0,0,13,0,0,0,0,0,0,0,0,0,0,0,0,0,0,0,0,0,28,0,0,0,36,0,14,0,0,0,0,0,0,0,0,0,0,0,5,0,0,0,0,0,5,0,0,0,55,0,0,0,0,0,30,0,0,0,5,0,3,0,0,0,0,0,0,0,0,0,0,0,0,0,0,0,0,0,0,0,0,0,0,0,0,0,0,0,0,0,0,0,52,58,89,0,0,0,0,0,0,0,0,0,0,0,0
0,82,0,160,0,607,0,18,0,0,0,343,0,2,0,152,0,89,3,55,6,42,0,109,0,0,0,6,0,63,0,7,0,0,0,40,0,97,0,3,0,0,0,23,0,0,0,0,0,3,0,7,0,0,0,0,0,0,0,0,0,8,0,31,0,0,0,0,0,0,0,0,0,0,0,0,0,0,0,0,0,94,0,0,0,127,0,0,0,0,0,0,0,0,0,0,0,26,0,0,0,0,0,0,0,0,0,0,0,0,0,0,0,0,0,0,0,0,0,0,0,48,0,0,0,0,0,0,0,0,0,0,0,0,0,0,0,0,0,0,0,31,0,0,0,27,0,0,0,0,0,0,0,0,0,0,0,0,0,0,0,0,0,0,0,0,0,47,0,0,0,0,0,20,0,0,0,17,0,4,0,0,0,0,0,0,0,0,0,0,0,0,0,0,0,0,0,0,0,0,0,0,0,0,0,0,0,0,0,0,0,0,0,0,0,0,0,0,0,101,26,0,0,0,0
0,0,0,0,106,0,0,0,1,0,13,0,75,0,86,0,0,0,83,0,24,0,17,0,0,0,14,80,60,0,6,0,16,0,0,0,52,0,19,0,0,0,12,0,14,0,0,0,0,0,40,0,0,0,0,0,0,0,4,0,0,0,4,0,0,0,0,0,0,0,0,0,0,0,0,0,0,0,0,0,0,0,0,0,0,0,0,0,0,0,0,0,0,0,0,0,0,0,0,0,0,0,0,0,0,0,0,0,0,0,0,0,0,0,0,0,0,0,0,0,0,0,0,0,0,0,0,0,0,0,0,0,0,0,0,0,0,0,0,0,0,0,0,0,0,0,0,0,0,0,0,0,0,0,0,0,0,0,0,0,0,0,0,0,47,0,86,0,66,0,0,0,16,0,0,0,0,0,0,0,0,0,0,0,8,0,3,0,0,0,0,0,0,0,0,0,0,0,0,0,31,0,0,0,0,0,0,0,0,0,56,61,148,35,19,0,2,0,0,0,0,0,0,0,0
0,11,0,0,0,346,0,0,0,0,0,36,0,139,0,33,0,16,7,242,26,88,0,37,0,0,0,76,0,70,0,4,0,40,0,0,0,63,0,75,0,0,0,18,0,16,0,0,0,4,0,6,0,0,0,0,0,0,0,0,0,30,0,19,0,0,0,0,0,0,0,0,0,0,0,0,0,0,0,0,0,136,0,0,0,0,0,0,0,0,0,0,0,0,0,0,0,0,0,30,0,0,0,0,0,0,0,0,0,0,0,0,0,0,0,0,0,0,0,0,0,0,0,0,0,0,0,0,0,0,0,0,0,0,0,0,0,0,0,111,0,108,0,175,0,113,0,0,0,0,0,0,0,0,0,5,0,20,0,0,0,0,0,4,0,0,0,39,0,31,0,0,0,15,0,0,0,7,0,0,0,0,0,0,0,0,0,0,0,0,0,0,0,0,0,0,0,0,0,0,0,0,0,0,0,0,0,0,0,0,0,0,0,0,0,0,0,0,0,32,55,22,0,0,0
0,0,19,0,258,0,9,0,0,0,104,0,0,0,60,0,4,0,50,0,28,0,0,0,0,0,66,0,21,0,18,0,51,0,52,0,0,0,53,0,0,0,88,0,98,0,0,0,8,0,38,0,0,0,0,0,0,0,21,0,49,0,9,0,0,0,0,0,0,0,59,0,0,0,89,0,0,0,0,0,122,0,8,0,0,0,0,0,0,0,0,0,0,0,0,0,0,0,181,0,0,0,0,0,0,0,0,0,0,0,0,0,0,0,0,0,0,0,0,0,31,0,0,0,0,0,0,0,0,0,0,0,0,0,0,0,0,0,112,0,151,0,0,0,135,0,0,0,0,0,0,0,0,0,2,0,34,0,6,0,0,0,47,0,20,0,58,0,74,0,22,0,53,0,0,0,0,0,11,0,0,0,0,0,0,0,0,0,0,0,0,0,0,0,0,0,0,0,0,0,0,0,0,0,0,0,0,0,0,0,35,43,110,20,11,0,0,1,0,0,0,0,0,0,0
0,150,0,37,0,270,0,0,0,0,0,131,0,108,0,43,0,9,0,141,15,50,0,23,0,12,0,98,0,6,0,4,0,97,0,63,0,0,0,78,0,0,0,95,0,29,0,0,0,0,0,31,0,0,0,4,0,0,0,0,0,49,0,26,0,0,0,0,0,0,0,0,0,0,0,47,0,0,0,7,0,206,0,0,0,68,0,98,0,0,0,0,0,0,0,96,0,16,0,48,0,0,0,0,0,0,0,0,0,0,0,0,0,0,0,0,0,0,0,0,0,0,0,17,0,0,0,0,0,1,0,0,0,5,0,0,0,0,0,126,0,132,0,116,0,177,0,0,0,0,0,0,0,0,0,2,0,80,0,0,0,0,0,10,0,8,0,65,0,87,0,19,0,38,0,0,0,4,0,19,0,0,0,0,0,0,1,10,0,0,0,0,0,0,0,0,0,3,0,0,0,0,0,0,0,0,0,0,0,0,0,0,0,0,16,0,0,0,8,85,40,11,0,0,0
226,0,261,0,414,0,0,0,14,0,262,0,0,0,73,7,112,0,2,0,36,0,75,0,43,0,6,0,6,0,16,0,6,0,19,0,53,0,0,0,0,0,11,0,0,0,0,0,0,0,0,0,6,0,0,0,9,0,0,0,8,0,9,0,0,0,0,0,0,0,0,0,0,0,11,0,0,0,0,0,0,0,0,0,35,0,13,0,0,0,0,0,0,0,0,0,0,0,0,0,0,0,0,0,0,0,0,0,0,0,0,0,0,0,0,0,0,0,0,0,0,0,0,0,0,0,0,0,0,0,0,0,0,0,0,0,0,0,76,0,62,0,0,0,43,0,0,0,0,0,0,0,0,0,7,0,27,0,0,0,7,0,0,0,0,0,18,0,4,0,0,0,28,0,0,0,43,0,8,0,0,0,23,0,25,0,0,0,0,0,0,0,0,0,0,0,0,0,0,0,18,0,0,0,0,0,0,0,6,0,21,111,26,0,9,0,0,0,0,0,0,0,0,0,0
0,573,0,326,0,120,0,248,0,0,0,183,0,0,0,19,0,156,0,0,0,10,0,61,0,46,0,0,0,25,0,34,0,3,0,75,0,78,0,0,0,0,0,23,0,0,0,0,0,0,0,5,0,6,0,4,0,0,0,0,0,15,0,41,0,0,0,0,0,0,0,0,0,0,0,0,0,0,0,0,0,0,0,0,0,0,0,0,0,0,0,0,0,0,0,0,0,17,0,19,0,0,0,0,0,0,0,0,0,0,0,0,0,0,0,0,0,0,0,0,0,0,0,0,0,0,0,0,0,2,0,0,0,0,0,0,0,0,0,115,0,92,0,95,0,67,0,0,0,0,0,0,0,0,0,8,0,17,0,10,0,0,0,0,0,0,0,6,0,0,0,0,0,14,0,0,0,19,0,15,0,0,0,2,0,0,0,0,0,0,0,0,0,0,0,0,0,0,0,0,0,0,0,0,0,0,0,0,0,0,0,0,0,0,5,0,0,0,0,241,5,0,0,4,0
41,0,56,0,115,0,15,0,0,0,68,0,249,0,11,0,0,0,32,0,0,0,0,0,0,0,104,83,0,0,0,0,0,0,0,0,0,0,0,0,0,36,42,0,46,82,272,170,123,32,35,0,0,0,0,0,0,0,0,0,0,0,0,0,5,0,0,0,0,0,0,0,0,0,0,0,0,0,0,0,0,0,0,0,0,0,0,0,0,0,0,0,0,0,0,0,0,0,0,0,0,0,0,0,0,0,0,0,0,0,0,0,0,0,0,0,0,0,0,0,0,0,0,0,0,0,3,0,0,0,0,0,0,0,0,0,0,0,0,0,0,0,0,0,0,0,0,0,0,0,0,0,0,0,0,0,0,0,0,0,0,0,0,0,0,0,0,0,0,0,0,0,0,0,0,0,68,15,56,0,76,0,34,0,0,0,285,0,0,0,0,0,0,0,0,0,0,0,0,0,0,0,0,0,0,0,0,0,0,0,0,39,0,0,0,0,0,0,0,0,0,0,0,0,0
0,37,1,0,0,40,0,0,0,6,0,105,0,193,0,0,0,0,57,0,15,0,0,0,0,0,152,22,0,0,0,0,0,0,0,0,0,0,0,0,36,0,0,4,14,30,112,258,0,87,0,3,0,0,0,0,0,0,0,0,0,0,0,0,0,0,0,3,0,0,0,0,0,0,0,0,0,0,0,0,0,0,0,0,0,0,0,0,0,0,0,0,0,0,0,0,0,0,0,0,0,0,0,0,0,0,0,0,0,0,0,0,0,0,0,0,0,0,0,0,0,0,0,0,0,0,0,0,0,0,0,0,0,0,0,0,0,0,0,0,0,0,0,0,0,0,0,0,0,5,0,0,0,26,0,0,0,0,0,0,0,0,0,0,0,0,0,0,0,0,0,0,0,2,0,0,0,241,0,76,0,0,0,0,0,0,26,17,0,0,0,0,0,0,0,0,0,0,0,0,0,0,0,0,0,0,0,0,0,0,0,8,0,0,0,0,0,0,0,0,6,0,0,0,6
2,0,0,0,0,0,0,0,0,0,0,0,128,5,0,0,0,0,19,0,25,0,11,0,10,0,68,0,63,0,40,0,17,0,12,0,88,0,11,0,42,0,0,0,58,0,43,0,47,0,27,0,1,0,0,0,0,0,8,0,0,0,7,0,0,0,0,0,0,0,12,0,0,0,0,0,0,0,0,0,0,0,3,0,37,0,0,0,5,0,0,0,0,0,0,0,66,0,0,0,0,0,0,0,0,0,0,0,0,0,0,0,0,0,0,0,0,0,0,0,0,0,0,0,0,0,0,0,0,0,0,0,0,0,17,0,0,0,0,0,0,0,0,0,0,0,0,0,0,0,0,0,0,0,0,0,0,0,0,0,0,0,7,0,32,0,18,0,13,0,7,0,27,0,0,0,0,0,2,0,2,0,0,0,0,0,28,0,0,0,0,0,0,0,0,0,0,0,0,0,0,0,0,0,0,0,0,0,0,0,50,74,87,26,23,0,3,6,0,0,0,0,0,0,0
0,0,0,2,1,11,0,0,0,0,0,4,0,76,0,22,0,8,0,24,0,47,0,27,0,0,0,98,0,10,0,7,0,23,0,18,0,95,0,23,0,4,0,0,0,52,0,37,0,8,0,20,0,0,0,0,0,0,1,0,0,10,0,0,0,0,0,0,0,1,0,0,0,0,0,0,0,0,0,0,0,158,0,0,0,0,0,0,0,0,0,0,0,0,0,71,0,21,0,0,0,0,0,0,0,0,0,0,0,0,0,0,0,0,0,0,0,0,0,0,0,0,0,0,0,0,0,0,0,0,0,0,0,0,0,0,0,0,0,36,0,37,0,0,0,65,0,0,0,0,0,0,0,2,0,0,0,15,0,0,0,0,0,0,0,13,0,16,0,54,0,11,0,14,0,0,0,20,0,0,0,0,0,0,0,0,0,10,0,0,0,0,0,0,0,0,0,0,0,0,0,0,0,0,0,0,0,0,0,0,0,0,0,0,27,0,0,0,74,47,67,46,0,0,0
0,0,0,0,0,0,0,0,0,1,0,0,28,6,12,0,114,0,21,0,109,0,142,0,108,0,254,0,68,0,52,0,16,0,14,0,98,0,0,0,46,14,58,0,0,12,125,32,199,11,49,0,0,0,0,0,0,0,0,0,0,0,13,0,0,0,0,0,33,0,77,0,0,0,0,0,0,0,52,0,0,0,45,0,0,0,55,0,0,0,172,0,99,0,48,0,0,0,0,0,0,0,0,0,0,0,0,0,0,0,0,0,0,0,0,0,0,0,0,0,0,0,0,0,0,0,0,0,0,0,0,0,0,0,0,0,0,0,0,0,0,0,0,0,0,0,0,0,0,0,23,0,0,0,0,0,0,0,0,0,0,0,44,0,73,0,31,0,55,0,33,0,77,0,0,0,22,0,5,0,0,0,0,0,0,0,53,0,0,0,0,0,0,0,0,0,0,0,0,0,0,0,0,0,0,0,0,0,0,0,112,282,260,55,55,0,0,105,0,0,0,0,0,0,0
0,99,0,0,0,14,0,34,0,0,0,66,52,47,0,51,0,0,0,195,0,81,0,0,0,0,154,130,0,0,0,2,0,0,0,16,0,29,0,0,82,30,0,52,12,0,162,152,21,164,0,78,0,0,0,0,0,0,0,0,0,2,0,0,0,27,0,0,0,4,0,0,0,7,0,6,0,24,0,0,0,0,0,89,0,0,0,98,0,93,0,0,0,43,0,91,0,0,0,0,0,0,0,25,0,0,0,0,0,0,0,0,0,0,0,0,0,0,0,0,0,0,0,2,0,0,0,0,0,0,0,0,0,0,0,0,0,0,0,0,0,0,0,0,0,0,0,0,0,0,0,0,0,0,0,0,0,0,0,0,0,0,0,8,0,170,0,31,0,168,0,21,0,18,0,0,0,82,0,12,0,0,0,0,0,45,23,67,0,0,0,27,0,0,0,36,0,0,0,0,0,88,0,0,0,0,0,0,0,0,0,3,0,0,60,0,0,0,170,233,419,82,0,7,129
58,0,104,0,106,0,0,0,22,0,80,0,204,34,66,0,17,0,41,0,9,0,154,0,111,0,323,192,0,0,0,0,0,0,0,0,0,0,0,0,272,112,43,0,125,162,0,349,116,115,7,0,0,0,0,0,0,0,0,0,0,0,0,0,0,0,0,0,0,0,0,0,0,0,0,0,0,0,0,0,0,0,5,0,0,0,0,0,0,0,0,0,0,0,0,0,0,0,0,0,0,0,0,0,0,0,0,0,0,0,0,0,0,0,0,0,0,0,0,0,0,0,0,0,0,0,0,0,0,0,0,0,0,0,0,0,0,0,0,0,0,0,0,0,0,0,0,0,0,0,0,0,0,0,0,0,0,0,0,0,0,0,0,0,20,0,0,0,0,0,0,0,1,0,0,0,0,42,34,0,0,0,51,0,81,0,365,4,0,0,0,0,0,0,0,0,0,0,0,0,0,0,0,0,0,0,0,0,42,0,0,405,116,0,6,0,0,116,0,8,0,0,0,0,0
0,259,0,0,0,106,0,85,0,0,0,274,0,243,0,0,0,0,283,217,0,39,0,0,0,0,571,211,0,0,0,0,0,0,0,0,0,0,0,0,170,258,0,37,32,152,349,0,20,135,0,12,0,0,0,0,0,0,0,0,0,0,0,0,0,31,0,0,0,0,0,0,0,0,0,0,0,0,0,0,0,0,0,0,0,0,0,0,0,0,0,0,0,0,0,0,0,0,0,0,0,0,0,0,0,0,0,0,0,0,0,0,0,0,0,0,0,0,0,0,0,0,0,0,0,0,0,0,0,0,0,0,0,0,0,0,0,0,0,0,0,0,0,0,0,0,0,0,0,0,0,0,0,0,0,0,0,0,0,0,0,0,0,0,0,0,0,0,0,0,0,0,0,0,0,0,3,277,0,0,0,0,0,6,0,0,69,28,0,0,0,0,0,0,0,0,0,0,0,0,0,0,0,0,0,0,0,0,0,0,0,11,0,0,0,0,0,0,0,163,39,0,0,0,45
25,0,57,1,21,0,53,0,46,1,25,0,38,0,8,0,23,0,4,0,0,0,35,0,25,0,100,5,0,0,0,0,0,0,0,0,8,0,0,0,123,0,47,0,199,21,116,20,0,28,30,0,18,0,42,0,122,0,42,0,0,0,0,0,4,0,4,0,46,0,2,0,0,0,0,0,4,0,11,0,0,1,25,0,27,0,12,1,0,0,0,0,102,0,52,1,0,0,0,0,0,0,27,0,0,0,29,0,7,0,0,0,0,0,0,0,1,0,0,0,0,0,30,0,0,0,0,0,6,0,0,0,0,1,77,0,15,0,0,1,10,0,62,0,0,0,14,0,0,0,49,0,0,0,3,0,4,0,18,0,44,1,33,0,15,0,13,0,18,0,34,0,27,0,27,0,139,7,33,0,40,0,24,0,26,0,264,0,55,0,20,1,146,0,10,0,12,0,87,0,79,0,122,0,0,0,0,0,21,0,142,196,145,13,139,10,10,55,3,5,16,4,0,0,1
0,29,0,10,1,0,0,11,0,11,0,50,5,47,4,4,0,8,0,6,0,15,0,7,0,6,36,22,0,0,0,3,0,3,0,4,0,0,0,0,32,87,0,8,11,164,115,135,28,0,0,13,0,0,0,5,0,4,0,8,0,0,0,0,0,4,0,0,0,5,0,0,0,0,0,0,0,0,0,0,0,0,0,20,0,0,0,0,0,49,0,0,0,49,0,42,0,0,0,0,0,0,0,16,0,3,0,0,0,0,0,0,0,0,0,0,0,0,0,0,0,0,0,0,0,0,2,0,0,0,0,0,0,3,0,0,0,0,0,0,0,0,0,0,0,0,0,10,0,3,0,17,0,10,0,0,0,0,0,0,0,6,0,3,0,36,0,17,0,29,0,8,0,19,0,0,1,180,0,21,0,23,0,6,0,27,54,40,0,0,0,0,0,0,0,0,0,0,0,0,0,0,0,0,0,0,0,0,0,3,0,11,0,0,28,0,0,3,63,112,46,19,1,3,64
0,0,0,0,19,0,0,0,0,0,3,0,210,0,0,0,0,0,54,5,42,0,0,0,0,0,145,36,11,0,12,0,0,0,40,0,38,0,0,0,35,0,27,0,49,0,7,0,30,0,0,0,5,0,0,0,9,0,4,0,0,0,0,0,0,0,0,0,0,0,0,0,0,0,0,0,0,0,17,0,0,0,21,0,0,0,21,0,4,0,0,0,23,0,0,0,34,0,19,0,0,0,0,0,0,0,12,0,0,0,0,0,0,0,0,0,0,0,0,0,0,0,0,0,0,0,0,0,0,0,0,0,0,0,0,0,3,0,0,0,0,0,30,0,0,0,0,0,0,0,0,0,0,0,0,0,0,0,0,0,0,0,21,0,52,0,25,0,116,0,8,0,46,0,0,0,8,1,4,0,3,0,2,0,0,0,15,0,0,0,0,0,69,0,0,0,0,0,0,0,0,0,0,0,0,0,0,0,0,0,56,61,170,62,18,0,4,3,0,0,0,0,0,0,0
0,0,0,0,0,26,0,0,0,0,0,0,0,143,0,6,0,10,0,104,0,27,0,0,0,0,0,221,0,0,0,3,0,7,0,6,0,31,0,5,0,3,0,20,0,78,0,12,0,13,0,0,0,0,0,0,0,0,0,0,0,2,0,7,0,0,0,0,0,0,0,0,0,0,0,0,0,0,0,0,0,0,0,0,0,0,0,30,0,0,0,0,0,0,0,0,0,0,0,0,0,0,0,0,0,0,0,0,0,0,0,0,0,0,0,0,0,0,0,0,0,16,0,0,0,0,0,0,0,0,0,0,0,0,0,0,0,0,0,0,0,0,0,0,0,16,0,0,0,0,0,0,0,0,0,0,0,3,0,2,0,0,0,13,0,25,0,18,0,127,0,20,0,23,0,0,0,4,0,0,0,0,0,0,0,0,0,5,0,0,0,0,0,0,0,0,0,7,0,0,0,0,0,0,0,17,0,0,0,0,0,0,0,0,49,0,0,0,108,41,60,77,2,5,1
7,0,8,0,0,0,158,7,371,45,0,0,0,0,0,0,101,0,0,0,0,0,0,0,74,0,0,0,0,0,2,0,3,0,0,0,0,0,6,0,0,0,1,0,0,0,0,0,18,0,5,0,0,10,119,48,63,5,27,21,12,2,99,4,2,0,34,26,0,0,0,0,0,0,5,0,0,0,0,0,37,0,0,0,76,0,11,0,0,0,0,0,0,0,0,0,31,0,44,0,0,0,0,0,0,0,0,0,0,0,0,0,0,0,0,0,0,0,0,0,0,0,19,0,5,0,16,0,106,0,28,0,0,0,0,0,154,0,208,0,179,0,238,0,28,0,3,0,5,0,0,0,0,0,120,0,73,0,61,0,28,0,27,0,0,0,0,0,14,0,171,1,4,0,0,0,26,0,0,0,0,0,5,0,0,0,0,0,0,1,0,0,0,0,0,0,0,0,0,0,30,0,0,0,0,0,0,0,0,0,169,308,128,117,174,0,75,2,0,0,0,0,0,0,0
0,0,0,0,0,0,41,35,99,110,0,0,0,0,0,3,1,63,0,0,0,23,0,16,6,35,0,0,0,9,0,0,0,0,0,0,0,0,0,6,0,0,0,0,0,0,0,0,0,0,0,0,10,0,75,96,12,83,40,9,0,65,5,72,0,1,7,2,0,0,0,0,0,0,0,0,0,0,0,0,0,0,0,0,0,40,0,4,0,0,0,0,0,0,0,0,0,0,0,0,0,0,0,0,0,0,0,0,0,0,0,0,0,0,0,0,0,0,0,0,0,0,0,0,0,7,0,0,0,44,0,13,0,44,0,25,0,113,0,148,0,22,0,96,0,55,0,0,0,0,0,0,0,0,0,102,0,92,0,79,0,4,0,0,0,0,0,0,0,0,0,11,0,4,2,0,13,143,0,0,0,0,0,26,0,0,0,0,0,0,0,0,0,0,0,0,0,0,0,1,0,0,0,0,0,0,0,0,0,0,0,0,0,6,29,0,0,0,36,142,17,28,0,14,0
2,0,89,0,0,0,274,20,92,247,0,0,0,0,57,0,12,0,0,0,28,0,160,0,285,0,0,0,5,0,0,0,0,0,0,0,0,0,0,0,0,0,0,0,0,0,0,0,42,0,0,0,119,75,0,148,53,17,139,35,9,0,35,7,5,0,5,26,0,0,0,0,0,0,0,0,0,0,0,0,0,0,0,0,0,0,0,0,0,0,0,0,0,0,0,0,0,0,0,0,0,0,0,0,0,0,0,0,0,0,0,0,0,0,0,0,0,0,0,0,0,0,0,0,0,0,0,0,72,0,0,0,60,0,157,0,176,0,12,0,25,0,123,0,0,0,0,0,0,0,0,0,0,0,36,2,18,12,23,0,117,0,0,0,0,0,4,0,17,0,156,0,13,0,0,0,30,0,0,0,0,0,0,0,0,0,0,0,0,0,0,0,0,0,0,0,0,0,0,0,0,0,0,0,0,0,0,0,53,0,134,64,170,173,213,2,69,8,0,0,0,0,0,0,0
106,10,42,51,0,0,210,571,253,305,0,0,0,3,0,27,10,13,0,29,0,16,0,15,151,74,0,10,0,11,0,2,0,0,0,0,0,4,0,4,0,0,0,0,0,0,0,0,0,5,0,0,48,96,148,0,27,184,72,147,0,60,34,149,0,9,30,17,0,0,0,0,0,0,0,0,0,0,0,0,0,0,0,14,0,66,0,0,0,0,0,0,0,7,0,0,0,0,0,0,0,0,0,0,0,0,0,0,0,0,0,0,0,0,0,0,0,0,0,0,0,0,0,2,0,0,0,0,0,29,0,42,0,80,0,214,0,341,0,103,0,10,0,137,0,2,0,0,6,0,0,0,0,0,0,79,0,54,0,31,0,19,0,0,0,17,0,5,0,44,0,143,0,66,0,0,29,174,0,0,0,0,5,15,0,6,0,0,0,0,0,0,0,0,0,0,0,0,0,0,2,0,0,0,0,0,0,0,0,0,0,0,0,0,337,0,0,0,283,230,261,265,0,180,0
0,0,11,0,0,0,16,0,7,41,0,0,0,0,0,0,0,0,14,0,0,0,17,0,29,0,0,0,0,0,0,0,0,0,0,0,0,0,9,0,0,0,0,0,0,0,0,0,122,0,9,0,63,12,53,27,0,24,157,56,0,0,5,0,48,9,18,121,0,0,0,0,0,0,0,0,0,0,0,0,0,0,0,0,0,0,0,0,0,0,0,0,0,0,0,0,0,0,0,0,0,0,0,0,0,0,0,0,0,0,0,0,0,0,0,0,0,0,0,0,0,0,0,0,0,0,10,0,55,0,37,0,19,0,0,0,26,0,44,5,0,0,0,0,24,15,2,0,4,0,2,0,0,0,104,19,56,6,95,20,149,0,179,0,9,0,18,0,60,0,213,0,34,0,3,0,13,1,0,0,31,0,0,0,41,0,0,0,0,0,0,0,0,0,0,0,0,0,0,0,0,0,0,0,0,0,0,0,11,0,629,238,590,537,723,0,190,19,0,0,0,0,0,0,0
0,0,0,6,0,0,0,43,33,25,0,0,0,0,0,0,0,17,0,0,0,0,0,0,0,29,0,0,0,0,0,0,0,0,0,0,0,0,0,0,0,0,0,0,0,0,0,0,0,4,0,0,5,83,17,184,24,0,54,150,0,4,0,12,0,20,41,98,0,0,0,0,0,0,0,0,0,13,0,0,0,0,0,36,0,0,0,0,0,0,0,0,0,12,0,0,0,0,0,0,0,0,1,0,0,0,0,0,0,0,0,0,0,0,0,0,0,1,0,0,0,0,0,0,0,20,0,0,0,27,0,79,0,39,0,0,0,116,2,38,0,6,0,47,2,0,0,8,0,17,0,0,0,0,0,85,0,25,0,134,0,45,0,57,0,15,0,16,0,49,0,435,0,0,0,0,1,5,0,0,0,0,0,2,4,2,0,0,0,0,0,0,0,0,0,0,0,0,0,0,0,7,0,0,0,0,0,2,0,22,0,0,0,0,540,0,0,0,336,148,526,545,118,156,0
5,0,0,0,0,0,15,0,38,105,0,0,0,0,0,0,0,0,0,0,0,0,0,0,11,0,0,0,0,0,0,0,0,0,4,0,21,0,0,0,0,0,8,1,0,0,0,0,42,0,4,0,27,40,139,72,157,54,0,139,0,0,0,0,185,0,212,205,2,0,0,0,0,0,0,0,0,0,0,0,0,0,0,0,0,0,0,0,0,0,0,0,0,0,0,0,0,0,0,0,0,0,0,0,0,0,0,0,0,0,0,0,0,0,0,0,0,0,0,0,0,0,0,0,12,0,13,0,6,0,30,0,0,0,0,0,0,0,0,3,0,0,0,0,0,0,0,0,21,0,0,0,0,0,18,9,103,8,4,0,43,5,0,0,0,0,0,0,18,0,88,0,23,0,0,0,96,0,0,0,10,0,0,0,177,0,0,0,0,0,0,0,0,0,0,0,0,0,0,0,0,0,0,0,0,0,4,0,13,0,476,245,228,370,537,0,175,7,0,0,0,0,0,0,0
0,0,0,7,0,0,0,52,0,28,0,0,0,0,0,0,0,0,0,0,0,0,0,0,0,0,0,0,0,0,0,0,0,0,0,0,0,0,0,0,0,0,0,0,0,0,0,0,0,8,0,0,21,9,35,147,56,150,139,0,0,0,1,4,14,108,120,228,0,3,0,0,0,0,0,0,0,5,0,0,0,0,0,29,0,1,0,0,0,0,0,0,0,7,0,0,0,0,0,0,0,0,0,0,0,0,0,0,0,0,0,0,0,0,0,0,0,0,0,0,0,0,0,0,0,16,0,4,0,3,0,62,0,14,0,0,0,27,3,1,0,0,0,0,6,3,0,8,0,20,0,0,0,0,9,24,0,115,4,18,0,22,0,0,0,0,0,13,0,46,0,120,0,0,0,0,0,22,0,0,0,0,0,0,9,28,0,0,0,0,0,0,0,0,0,0,0,0,0,0,0,0,0,0,0,0,0,6,0,11,0,0,0,1,910,0,0,0,507,246,397,616,165,220,8
493,0,362,0,0,0,295,0,289,16,4,0,0,0,0,0,84,0,0,0,0,0,40,0,120,0,0,0,13,0,1,0,9,0,0,0,49,0,8,0,0,0,0,0,0,0,0,0,0,0,0,0,12,0,9,0,0,0,0,0,0,0,35,0,2,0,0,1,0,0,19,0,0,0,20,0,0,0,0,0,31,0,0,0,0,0,0,0,0,0,0,0,0,0,0,0,0,0,0,0,1,0,0,0,0,0,0,0,0,0,0,0,0,0,0,0,0,0,0,0,0,0,0,0,0,0,0,0,0,0,0,0,0,0,0,0,0,0,336,0,218,0,0,0,322,0,0,0,0,0,0,0,0,0,23,0,106,0,15,0,0,0,11,0,0,0,0,0,0,0,66,0,70,0,0,0,111,0,0,0,0,0,46,0,0,0,0,0,0,0,0,0,0,0,0,0,0,0,0,0,0,0,0,0,0,0,0,0,0,0,48,334,25,79,66,0,22,2,0,0,0,0,0,0,0
0,226,0,31,0,0,0,300,0,225,0,0,0,0,0,0,0,7,0,0,0,0,0,0,3,26,0,0,0,3,0,2,0,8,0,30,0,49,0,15,0,0,0,10,0,2,0,0,0,0,0,2,2,65,0,60,0,4,0,0,0,0,0,82,0,0,0,0,0,0,0,0,0,0,0,3,0,0,0,1,0,0,0,0,0,0,0,0,0,0,0,0,0,0,0,6,0,0,0,0,0,0,0,0,0,0,0,0,0,0,0,0,0,0,0,0,0,0,0,0,0,0,0,0,0,0,0,0,0,0,0,0,0,0,0,0,0,25,0,89,0,58,0,40,0,156,0,0,0,0,0,0,0,0,0,16,0,129,0,26,0,0,0,1,0,10,0,0,0,0,0,37,0,55,0,0,0,31,0,0,0,0,0,13,0,0,0,0,0,0,0,0,0,0,0,0,0,0,0,0,0,0,0,0,0,0,0,0,0,0,0,0,0,0,36,0,0,0,19,185,83,64,1,37,0
188,0,206,0,0,0,197,0,271,31,0,0,0,0,0,0,390,0,0,0,10,0,40,0,204,3,0,0,30,0,5,0,3,0,4,0,9,0,9,0,0,0,7,0,13,0,0,0,0,0,0,0,99,5,35,34,5,0,0,1,35,0,0,4,0,0,0,0,0,0,43,0,0,0,61,0,0,0,0,0,111,0,0,0,0,0,0,0,0,0,0,0,0,0,0,0,0,0,131,0,0,0,0,0,0,0,0,0,0,0,0,0,0,0,0,0,0,0,0,0,49,0,0,0,0,0,0,0,9,0,0,0,0,0,0,0,0,0,180,0,213,0,62,0,67,0,0,0,0,0,0,0,0,0,28,0,23,0,26,1,0,0,0,0,0,0,1,0,0,0,8,0,9,0,0,0,40,0,0,0,0,0,14,0,0,0,0,0,0,0,0,0,0,0,0,0,0,0,0,0,0,0,0,0,0,0,0,0,0,0,37,347,17,18,36,0,0,0,0,0,0,0,0,0,0
34,101,17,17,0,0,35,463,23,217,0,0,0,0,0,0,1,277,0,0,0,92,0,55,38,30,0,0,0,100,0,0,0,31,0,19,0,26,0,41,0,0,0,0,0,0,0,0,0,0,0,7,4,72,7,149,0,12,0,4,0,82,4,0,0,0,0,0,0,0,0,2,0,0,0,0,0,0,0,0,0,0,0,8,0,0,0,0,0,0,0,0,0,0,0,7,0,0,0,0,0,0,0,0,0,0,0,0,0,0,0,0,0,0,0,0,0,0,0,0,0,0,0,0,0,0,0,2,0,0,0,1,0,12,0,0,0,117,0,234,0,90,0,130,0,134,0,0,0,0,1,0,0,0,0,60,0,82,0,62,0,0,0,0,0,0,0,0,0,0,0,7,0,13,0,0,0,41,0,0,0,0,1,10,0,0,0,0,0,0,0,0,0,0,0,0,0,0,0,0,0,0,0,0,0,0,0,0,0,0,0,0,0,0,28,0,0,0,24,202,28,20,0,7,0
31,0,15,0,19,0,32,0,40,0,8,0,0,0,13,0,0,0,0,0,0,0,3,0,4,0,0,0,0,0,0,0,0,0,0,0,0,0,0,0,5,0,0,0,0,0,0,0,4,0,0,0,2,0,5,0,48,0,185,14,2,0,0,0,0,0,61,17,0,0,0,0,0,0,0,0,0,0,0,0,0,0,0,0,0,0,0,0,0,0,0,0,0,0,0,0,0,0,0,0,0,0,0,0,0,0,0,0,0,0,0,0,0,0,0,0,0,0,0,0,0,0,0,0,10,0,6,0,0,0,11,0,0,0,0,0,0,0,0,22,0,3,0,0,2,22,4,0,40,0,6,0,3,0,6,0,0,0,0,25,162,40,8,0,0,0,0,0,0,0,0,0,4,0,35,0,3,0,0,0,139,0,9,0,102,0,0,0,0,0,0,0,0,0,0,0,0,0,0,0,0,0,0,0,0,0,0,0,9,0,59,17,0,0,90,0,0,0,0,0,0,0,0,0,0
0,146,0,36,0,19,0,32,0,229,0,46,0,0,0,35,0,0,0,89,0,0,0,0,0,4,0,83,0,0,0,0,0,0,0,0,0,0,0,0,0,0,0,0,0,27,0,31,0,4,0,0,0,1,0,9,9,20,0,108,0,0,0,0,0,0,0,258,0,0,0,1,0,0,12,5,0,0,0,0,0,2,0,0,0,0,0,4,0,0,1,0,0,0,0,0,0,0,0,0,0,0,0,0,0,0,0,0,0,0,0,0,0,0,0,0,0,0,0,0,0,0,1,1,0,17,0,8,0,0,72,68,0,0,0,29,0,17,50,1,39,7,0,0,17,16,16,66,0,272,6,6,0,17,0,0,0,0,11,0,44,226,0,0,0,0,0,0,0,0,0,6,0,0,0,24,0,0,0,0,23,133,0,0,0,109,0,0,0,0,0,0,0,0,0,0,0,0,0,10,2,0,0,0,0,0,0,7,0,36,0,0,0,0,179,0,0,0,96,22,54,0,0,0,0
34,0,0,0,7,0,44,0,64,28,0,0,2,0,1,0,0,0,0,0,0,0,0,0,0,0,0,0,0,0,0,0,2,0,0,0,0,0,0,0,0,0,0,0,0,0,0,0,4,0,0,0,34,7,5,30,18,41,212,120,0,0,0,0,61,0,0,102,0,0,0,0,0,0,0,0,0,0,0,0,0,0,0,0,0,0,0,0,0,0,0,0,0,0,0,0,0,0,0,0,0,0,0,0,0,0,0,0,0,0,0,0,0,0,0,0,0,0,0,0,0,0,0,0,0,0,0,0,0,0,4,0,0,0,0,0,0,0,0,0,0,0,0,0,0,3,0,0,10,0,0,0,0,0,4,10,11,0,2,6,26,0,1,0,0,0,0,0,4,2,13,0,9,0,1,0,179,0,0,0,0,0,2,0,424,0,0,0,0,0,0,0,0,0,0,0,0,0,0,0,0,0,0,0,0,0,0,0,4,0,55,73,0,0,60,2,0,0,0,0,0,0,0,0,0
0,42,0,1,0,0,0,7,30,160,0,21,0,0,0,0,0,0,0,0,0,0,0,0,0,0,0,0,0,0,0,0,0,0,0,0,0,0,0,0,0,3,0,0,0,0,0,0,0,0,0,0,26,2,26,17,121,98,205,228,1,0,0,0,17,258,102,0,0,0,0,0,0,0,0,0,0,0,0,0,0,0,0,5,0,0,0,0,0,0,0,0,0,0,0,0,0,0,0,0,0,0,0,0,0,0,0,0,0,0,0,0,0,0,0,0,0,0,0,0,0,0,0,0,0,4,0,0,0,0,0,23,0,1,0,3,0,0,10,0,0,0,0,0,10,12,0,5,0,32,0,0,0,1,12,11,0,58,18,7,25,31,0,0,0,0,0,4,0,9,0,0,1,0,4,31,5,93,0,0,7,9,0,0,17,253,0,0,0,0,0,0,0,0,0,0,0,0,0,0,0,0,0,1,0,0,0,0,0,0,0,0,0,0,442,0,0,0,218,254,146,322,108,0,0
5,0,0,0,0,0,0,0,0,0,0,0,0,0,0,0,0,0,0,0,0,0,0,0,0,0,0,0,0,0,0,0,0,0,0,0,0,0,0,0,0,0,0,0,33,0,0,0,46,0,0,0,0,0,0,0,0,0,2,0,0,0,0,0,0,0,0,0,0,0,5,0,49,0,0,0,151,0,106,0,0,0,11,0,82,0,38,0,4,0,0,0,4,0,0,0,0,0,0,0,0,0,103,0,0,0,37,0,96,0,9,0,5,0,5,0,12,0,0,0,0,0,0,0,0,0,0,0,0,0,0,0,0,0,0,0,0,0,0,0,0,0,0,0,0,0,0,0,0,0,0,0,0,0,0,0,0,0,0,0,0,0,0,0,74,0,0,0,220,0,24,0,0,0,0,0,0,0,0,0,0,0,0,0,0,0,0,0,88,0,0,0,0,0,0,0,0,1,0,0,96,0,0,0,0,0,0,2,0,0,107,34,82,11,10,38,144,4,0,0,0,1,0,0,0
0,9,0,0,0,0,0,6,0,8,0,1,0,0,0,0,0,0,0,0,0,0,0,0,0,0,0,0,0,0,0,0,0,0,0,0,0,0,0,0,0,0,0,1,0,4,0,0,0,5,0,0,0,0,0,0,0,0,0,3,0,0,0,0,0,0,0,0,0,0,0,0,0,0,0,0,0,14,0,0,0,0,0,2,0,0,0,6,0,0,0,0,0,0,0,0,0,0,0,0,0,0,0,4,0,0,0,0,0,0,0,0,0,0,0,0,0,0,0,0,0,0,0,0,0,2,0,0,0,0,0,0,0,0,0,0,0,0,0,0,0,0,0,0,0,0,0,0,0,0,0,0,0,0,0,0,0,0,0,0,0,1,0,2,0,2,0,0,0,25,0,1,0,2,0,2,0,0,0,0,0,0,0,0,0,0,0,0,0,11,0,0,0,0,0,0,0,2,0,5,0,4,0,10,0,0,0,0,0,0,0,0,0,0,0,0,0,0,7,13,11,1,2,12,0
0,0,0,0,0,0,0,0,0,0,0,0,0,0,1,0,112,0,0,0,12,0,2,0,0,0,0,0,71,0,19,0,19,0,0,0,59,0,0,0,0,0,12,0,77,0,0,0,2,0,0,0,0,0,0,0,0,0,0,0,19,0,43,0,0,0,0,0,5,0,0,0,266,0,341,0,10,0,232,0,0,0,0,0,0,0,0,0,0,0,0,0,0,1,0,0,0,0,0,0,0,0,0,0,0,0,0,0,0,0,0,0,0,0,0,0,0,0,0,0,5,0,5,0,0,0,0,0,0,0,3,0,0,0,0,0,4,0,0,0,117,0,25,0,81,7,14,0,0,0,36,0,19,0,0,0,9,0,0,0,0,0,79,0,3,0,4,0,24,0,41,0,56,0,22,0,0,0,0,0,51,9,0,0,0,0,0,0,0,0,0,0,0,0,0,0,0,0,0,0,0,0,0,0,0,0,0,0,15,0,33,5,23,0,0,0,0,1,0,0,0,0,1,0,0
0,0,0,0,0,0,0,0,0,0,0,0,0,0,0,0,0,0,0,0,0,68,0,0,0,0,0,0,0,21,0,32,0,0,0,0,0,0,0,0,0,0,0,0,0,0,0,0,0,0,0,0,0,0,0,0,0,0,0,0,0,0,0,2,0,1,0,0,0,0,0,0,0,198,0,362,0,27,0,9,1,7,0,0,0,0,0,74,0,0,0,0,0,0,0,1,0,0,0,0,0,0,0,0,0,0,0,0,0,0,0,0,0,0,0,0,0,0,0,0,0,17,0,22,0,53,0,0,3,0,0,0,0,40,0,0,0,34,0,0,2,31,0,18,0,109,0,31,0,17,0,36,0,0,0,0,0,7,0,0,0,3,0,59,0,0,0,16,0,24,0,24,0,25,0,15,0,0,0,0,0,39,0,0,0,0,0,0,0,0,0,0,0,0,0,0,0,0,0,0,0,0,0,0,0,0,0,0,0,47,0,0,0,0,0,0,0,0,33,6,11,0,1,0,0
0,0,0,0,0,0,3,0,0,0,0,0,0,0,0,0,27,0,0,0,0,0,0,0,0,0,0,0,0,0,0,0,0,0,0,0,0,0,0,0,0,0,0,0,0,0,0,0,0,0,0,0,0,0,0,0,0,0,0,0,0,0,0,0,0,0,0,0,49,0,266,0,0,0,91,0,101,0,371,0,0,0,32,0,57,0,1,0,0,0,0,0,8,0,1,0,42,0,0,0,0,0,0,0,12,0,0,0,0,0,0,0,0,0,0,0,0,0,0,0,25,0,27,0,29,0,52,0,0,0,10,0,0,0,181,0,32,0,0,0,124,0,282,0,65,0,15,0,4,0,69,0,21,0,1,0,0,0,2,0,0,0,23,0,0,0,0,0,8,0,3,0,8,0,13,0,0,0,0,0,0,0,0,0,0,0,0,0,5,0,10,0,0,0,0,0,0,0,0,0,150,0,0,0,15,0,0,0,68,0,251,12,24,6,19,3,0,1,0,0,0,0,0,0,0
0,0,0,0,0,0,0,0,0,0,0,0,0,0,0,0,0,0,0,0,0,0,0,0,0,0,0,8,0,0,0,0,0,0,0,0,0,0,0,0,0,0,0,0,0,7,0,0,0,0,0,0,0,0,0,0,0,0,0,0,0,0,0,0,0,0,0,0,0,0,0,198,0,0,0,360,0,160,0,52,0,11,0,10,0,19,0,154,0,0,0,0,0,4,0,0,0,0,1,0,0,0,0,7,0,0,0,0,0,0,0,0,0,0,0,0,0,0,0,0,0,62,0,40,0,72,0,0,0,14,0,28,0,66,0,219,0,132,0,0,0,31,0,92,0,92,0,0,0,0,0,52,0,0,0,0,0,0,0,2,0,0,0,31,0,0,0,0,0,15,0,13,0,6,0,0,0,0,0,0,0,0,0,0,0,1,0,0,0,0,0,0,0,0,0,0,0,25,0,176,0,183,0,0,0,0,0,0,0,168,0,0,0,0,8,0,0,0,111,0,25,0,0,7,0
0,0,0,0,0,0,0,0,0,0,0,0,0,0,0,0,111,0,0,0,0,0,0,0,0,0,0,0,77,0,12,0,12,0,0,0,89,0,11,0,0,0,0,0,0,0,0,0,0,0,0,0,5,0,0,0,0,0,0,0,20,0,61,0,0,12,0,0,0,0,341,0,91,0,0,0,0,0,156,0,40,3,4,0,19,0,22,0,0,0,0,0,0,0,3,0,0,0,34,0,0,0,0,0,0,0,0,0,0,0,0,0,1,0,0,0,0,0,0,0,99,0,77,0,0,27,0,4,0,0,16,63,4,0,46,0,15,1,0,21,140,36,213,0,117,16,0,14,69,0,0,0,44,0,0,0,23,0,0,0,0,0,41,0,0,0,0,0,8,0,20,0,26,0,111,0,0,0,0,0,125,12,0,0,29,0,0,0,0,0,0,0,0,0,0,0,0,0,0,0,30,0,0,0,0,0,0,0,0,0,23,0,0,3,0,0,0,0,2,0,0,0,0,0,0
0,0,0,0,0,0,0,0,0,0,0,0,0,0,0,0,0,0,0,0,0,0,0,9,0,0,0,0,0,12,0,13,0,0,0,0,0,47,0,0,0,0,0,0,0,6,0,0,0,0,0,0,0,0,0,0,0,0,0,0,0,3,0,0,0,5,0,0,0,0,0,362,0,360,0,0,0,29,0,97,0,56,0,0,0,0,0,130,0,0,0,0,0,0,0,6,0,0,0,0,0,0,0,0,0,0,0,0,0,0,0,0,0,0,0,0,0,0,0,0,0,135,0,49,0,31,0,0,0,0,0,9,0,38,1,88,0,81,0,0,0,34,0,74,0,257,3,38,0,0,0,60,0,43,0,0,0,0,0,0,0,3,0,135,0,4,0,30,0,23,0,28,0,37,0,27,0,0,0,0,0,45,0,0,0,0,0,0,0,0,0,0,0,0,0,0,0,7,0,0,0,0,0,0,0,0,0,0,0,134,0,0,0,0,6,0,0,0,38,0,7,0,0,3,0
0,0,0,0,0,0,0,0,0,0,0,0,0,0,0,0,0,0,0,0,0,0,0,0,0,0,0,0,0,0,0,0,0,0,0,0,0,0,0,0,0,0,0,0,0,0,0,0,4,0,0,0,0,0,0,0,0,0,0,0,0,0,0,0,0,0,0,0,151,0,10,0,101,0,0,0,0,0,102,0,0,0,8,0,43,0,26,0,3,0,0,0,25,0,13,0,0,0,0,0,0,0,97,0,21,0,43,0,37,0,2,0,7,0,3,0,0,0,0,0,19,0,0,0,0,0,0,0,0,0,8,0,0,0,0,0,0,0,0,0,0,0,0,0,0,0,0,0,0,0,0,0,0,0,0,0,0,0,0,0,4,0,0,0,29,0,0,0,48,0,3,0,0,0,0,0,0,0,0,0,0,0,0,0,0,0,0,0,35,0,0,0,110,0,0,0,0,0,0,0,68,0,0,0,0,0,0,0,0,0,37,9,21,11,5,10,10,0,0,0,0,0,0,0,0
0,5,0,0,0,0,0,0,0,0,0,0,0,0,0,0,0,0,0,0,0,0,0,0,0,0,0,0,0,0,0,0,0,0,0,0,0,0,0,0,0,0,0,0,0,24,0,0,0,0,0,0,0,0,0,0,0,13,0,5,0,0,0,0,0,0,0,0,0,14,0,27,0,160,0,29,0,0,0,24,0,27,0,20,0,18,0,276,0,7,0,0,0,43,0,7,0,2,0,1,0,6,0,57,0,0,0,0,0,2,0,0,0,0,0,0,0,3,0,0,0,13,0,5,0,0,0,0,0,0,0,0,0,0,0,0,0,0,0,0,0,0,0,0,0,0,0,7,0,0,7,0,0,0,0,0,0,0,0,1,0,0,0,11,0,21,0,0,0,79,0,5,0,0,0,0,0,0,0,0,0,0,0,0,0,0,0,0,0,88,0,15,0,0,0,21,0,0,0,0,0,88,0,0,0,0,0,0,0,0,1,0,0,0,0,0,0,0,10,8,19,0,0,21,0
0,0,0,0,0,0,0,0,0,0,0,0,0,0,7,0,0,0,0,0,0,0,0,0,0,0,0,0,0,0,0,0,0,0,0,0,0,0,0,0,0,0,0,0,52,0,0,0,11,0,17,0,0,0,0,0,0,0,0,0,0,0,0,0,0,0,0,0,106,0,232,0,371,0,156,0,102,0,0,0,14,0,103,0,150,0,83,0,4,0,13,0,40,0,30,0,0,0,0,0,0,0,27,0,17,0,44,0,3,0,0,0,0,0,0,0,0,0,0,0,108,0,180,0,0,0,0,0,0,0,9,0,0,0,174,0,12,0,0,0,123,0,245,0,47,2,0,0,0,0,0,0,0,0,0,0,0,0,0,0,0,0,14,0,62,0,0,0,67,0,0,0,0,0,12,0,0,0,0,0,0,0,0,0,0,0,0,0,0,0,0,0,173,0,0,0,21,0,0,0,209,0,0,0,0,0,0,0,0,0,264,12,51,16,16,20,4,2,0,0,0,0,0,0,0
