0,467,66,413,273,268,46,115,64,34,324,166,144,0,39,304,242,85,39,0,24,14,72,411,15,294,37,0,305,40,67,7,285,27,0,6,102,10,798,36,51,0,0,0,44,0,43,0,11,0,0,0,5,0,3,0,0,0,4,0,107,0,77,5,5,0,15,0,0,1,0,0,0,0,0,0,0,0,0,0,0,0,0,0,0,0,0,0,0,0,0,0,0,0,0,0,0,0,0,0,0,0,0,0,0,0,0,0,0,0,0,0,0,0,0,0,0,0,0,0,0,0,0,0,25,0,13,0,0,0,24,0,0,0,0,0,0,1,0,0,0,0,0,0,0,0,36,0,88,0,22,0,33,0,0,0,0,0,0,0,6,0,0,0,0,0,96,0,11,0,9,0,439,0,0,0,230,398,18,0,19,0,17,19,50,0,3,0,0,0,0,0,0,0,0,0,1,0,0,0,4,0,0,0,0,0,12,0,37,0,1292,487,455,98,324,0,0,1,14,14,29,0,0,0,0
467,0,136,78,0,356,176,46,101,109,0,318,0,186,0,27,102,52,0,89,0,30,189,91,338,21,0,171,0,213,0,0,0,322,0,14,0,257,0,405,0,99,0,0,0,30,0,178,0,16,0,6,7,7,2,28,0,0,0,7,3,41,43,21,0,44,0,4,0,0,0,0,0,0,0,6,0,0,0,0,0,0,0,0,0,0,0,2,0,0,0,0,0,0,0,0,0,0,0,0,0,0,0,0,0,0,0,0,0,0,0,0,0,0,0,0,0,0,0,0,0,0,0,0,0,11,0,17,0,0,0,22,0,0,0,53,0,35,0,8,0,0,0,0,0,0,0,12,0,129,0,82,0,84,0,0,0,0,0,0,0,16,0,0,0,8,0,0,0,21,0,13,0,164,0,0,67,477,0,27,0,46,0,21,0,57,0,7,0,0,0,0,0,0,0,0,0,4,0,0,0,2,0,0,0,0,0,65,0,59,9,0,0,0,319,0,0,0,1174,326,391,160,0,0,0
66,136,0,75,361,0,239,0,0,0,27,146,24,0,249,159,135,21,60,26,128,25,874,139,318,46,49,0,544,16,274,6,420,21,0,7,0,0,419,12,9,0,0,0,21,0,15,0,5,0,0,0,0,0,194,0,0,1,14,0,30,0,73,0,7,0,0,0,0,0,0,0,0,0,0,0,0,0,0,0,0,0,0,0,20,0,0,0,0,0,0,0,0,0,0,0,0,0,0,0,0,0,0,0,0,0,0,0,0,0,0,0,0,0,2,0,0,0,0,0,0,0,0,0,29,0,61,0,22,0,0,0,0,0,182,0,45,0,16,0,9,0,86,0,0,0,109,0,149,0,93,0,62,0,3,0,0,0,0,0,16,0,0,0,8,0,156,0,27,0,9,0,226,0,0,0,15,73,0,1,0,0,0,10,35,0,0,0,0,0,8,0,0,0,0,0,5,0,34,0,107,0,0,0,0,0,29,0,306,0,799,131,623,0,325,0,0,0,0,0,0,0,0,0,0
413,78,75,0,0,134,0,212,6,43,19,2,0,3,0,232,93,82,0,54,4,46,185,225,119,145,0,28,0,207,1,33,0,198,0,0,4,64,0,155,0,0,0,0,0,0,0,0,0,0,0,0,0,0,0,322,0,12,0,0,0,0,0,3,0,0,0,0,0,0,0,0,0,0,0,0,0,0,0,0,0,0,0,0,0,0,0,0,0,0,0,0,0,0,0,0,0,0,0,0,0,0,0,0,0,0,0,0,0,0,0,0,0,0,0,0,0,0,0,0,0,0,0,0,0,4,0,0,0,0,0,0,0,9,0,121,0,113,0,64,0,16,0,0,0,0,0,0,9,0,0,0,0,0,0,0,0,0,0,0,0,0,0,0,0,3,0,0,0,15,0,7,0,101,0,0,30,104,0,0,0,0,0,2,0,0,0,0,0,0,0,0,0,0,0,0,0,2,0,7,0,34,0,0,0,0,0,55,0,60,5,0,0,0,158,0,0,0,432,41,280,88,0,0,0
273,0,361,0,0,333,68,0,28,0,193,262,137,289,237,187,35,0,183,445,175,148,103,52,8,0,150,144,46,0,410,0,555,0,396,44,255,24,0,0,74,0,0,0,84,0,92,0,11,0,111,0,0,0,0,0,0,0,0,0,0,0,0,0,0,0,0,0,0,0,0,0,0,0,0,0,0,0,0,0,0,0,0,0,0,0,0,0,0,0,0,0,0,0,0,0,0,0,0,0,0,0,0,0,0,0,0,0,0,0,0,0,0,0,0,0,0,0,0,0,0,0,0,0,0,0,0,0,0,0,0,0,0,0,28,0,0,0,0,0,0,0,0,0,0,0,42,0,93,0,49,0,53,0,0,0,0,0,0,0,0,0,0,0,227,0,270,0,163,0,0,0,130,0,0,0,40,106,23,0,22,0,24,0,54,0,28,3,0,0,0,0,0,0,0,0,0,0,0,0,0,0,0,0,0,0,0,0,65,0,734,541,844,0,306,0,0,0,11,11,41,0,0,0,0
268,356,0,134,333,0,0,43,0,22,447,120,111,192,406,188,113,0,0,284,134,166,487,105,0,5,0,287,0,31,29,172,0,351,0,353,0,385,0,12,0,35,0,0,8,0,0,61,1,7,0,88,0,7,0,61,0,0,0,8,0,0,0,2,0,0,0,0,0,0,0,0,0,0,0,0,0,0,0,0,0,0,0,0,0,0,0,0,0,0,0,0,0,0,0,0,0,0,0,0,0,0,0,0,0,0,0,0,0,0,0,0,0,0,0,0,0,0,0,0,0,0,0,0,0,12,0,0,0,0,0,6,0,0,0,102,0,77,0,0,0,0,0,0,0,0,0,0,0,33,0,53,0,0,0,2,0,0,0,4,0,4,0,4,0,44,0,256,0,223,0,0,0,47,0,0,81,292,127,31,0,110,0,10,0,0,0,0,0,0,0,0,0,0,0,0,0,0,0,0,0,0,0,0,0,0,0,82,0,82,25,0,0,0,260,0,0,0,912,420,619,199,1,0,0
46,176,239,0,68,0,0,0,42,244,17,0,0,0,21,0,13,38,0,0,0,0,43,0,408,208,0,0,50,12,0,0,0,0,0,0,0,0,98,0,0,0,0,0,0,0,0,0,22,0,0,0,129,9,126,45,7,0,15,0,346,0,439,68,6,0,7,0,0,0,0,0,0,0,0,0,0,0,0,0,0,0,0,0,3,0,0,0,0,0,0,0,0,0,0,0,0,0,0,0,0,0,0,0,0,0,0,0,0,0,0,0,0,0,0,0,0,0,0,0,0,0,0,0,46,0,34,0,10,0,33,0,45,0,12,0,0,0,0,0,6,0,20,0,0,0,29,0,36,0,12,0,0,0,0,0,0,0,0,0,11,0,4,0,2,0,0,0,0,0,30,0,265,7,0,0,13,112,0,0,0,0,0,22,0,0,0,0,0,0,0,0,0,0,0,0,0,0,0,0,0,0,0,0,0,0,13,0,158,0,1289,204,528,257,490,0,15,1,0,4,0,1,0,0,0
115,46,0,212,0,43,0,0,207,73,0,0,0,0,0,65,0,18,0,27,0,6,0,23,151,570,0,0,0,86,0,0,0,47,0,0,0,0,0,448,0,0,0,0,0,8,0,0,0,3,0,0,30,4,18,313,0,3,0,11,7,73,76,123,0,0,0,1,0,0,0,0,0,0,0,0,0,0,0,0,0,0,0,0,0,0,0,0,0,0,0,0,0,0,0,0,0,0,0,0,0,0,0,0,0,0,0,0,0,0,0,0,0,0,0,0,0,0,0,0,0,0,0,0,0,11,0,8,0,12,0,15,0,5,0,50,0,74,0,11,0,0,0,4,0,0,0,2,0,0,0,0,0,0,0,5,0,0,0,0,0,23,0,2,0,7,0,0,0,10,0,27,0,168,0,0,0,0,0,0,0,0,0,1,0,0,0,0,0,0,0,0,0,0,0,0,0,0,0,0,0,0,0,0,0,0,0,32,0,36,3,0,0,0,384,0,0,0,915,99,673,222,0,7,0
64,101,0,6,28,0,42,207,0,831,90,0,24,0,13,0,4,36,18,0,0,0,0,0,5,266,0,0,0,0,0,0,0,0,0,0,0,0,4,9,6,0,0,0,0,0,0,0,6,0,0,0,114,41,55,331,11,0,145,57,209,4,177,106,145,0,250,211,0,0,0,0,0,0,0,0,0,0,0,0,0,0,0,0,0,0,0,0,0,0,0,0,0,0,0,0,0,0,0,0,0,0,0,0,0,0,0,0,0,0,0,0,0,0,0,0,0,0,0,0,0,0,0,0,28,0,8,0,0,0,43,0,4,0,6,0,0,0,0,4,0,0,0,2,0,0,61,0,208,0,42,0,30,0,0,0,9,0,0,0,5,0,0,0,10,0,0,0,6,0,37,0,68,0,0,0,404,232,0,0,0,0,12,9,120,28,0,0,0,0,0,0,0,0,0,0,0,0,0,0,3,0,0,0,0,0,14,0,49,0,417,156,156,159,225,7,22,0,0,3,0,1,0,0,0
34,109,0,43,0,22,244,73,831,0,0,21,0,7,0,26,13,0,0,0,0,0,0,6,224,46,0,0,0,0,0,0,0,13,0,0,0,12,0,44,0,0,0,0,0,0,0,0,0,0,0,8,158,72,251,226,0,9,83,80,0,235,202,216,0,221,45,185,0,0,0,0,0,0,0,0,0,0,0,0,0,3,0,0,0,0,0,0,0,0,0,0,0,0,0,0,0,0,0,0,0,0,0,0,0,0,0,0,0,0,0,0,0,0,0,0,0,0,0,0,0,0,0,0,0,82,0,63,0,16,0,99,0,14,0,54,0,137,0,12,0,0,0,3,0,0,0,36,0,182,0,65,0,0,0,8,0,0,0,3,0,89,0,4,0,4,0,0,0,12,0,75,0,100,0,0,58,422,0,11,0,6,0,36,0,63,0,0,0,0,0,0,0,0,0,0,0,3,0,15,0,0,0,0,0,0,0,129,0,145,2,0,0,0,333,0,0,0,1008,247,481,190,1,4,0
324,0,27,19,193,447,17,0,90,0,0,258,561,132,31,340,61,0,56,306,160,143,63,89,0,0,63,0,43,0,272,12,613,0,58,35,234,30,46,0,156,0,0,0,97,0,150,0,34,5,0,0,0,0,3,0,0,0,2,0,0,0,0,0,5,0,0,0,0,0,0,0,0,0,0,0,1,0,0,0,0,0,0,0,0,0,0,1,0,0,0,0,0,0,0,0,0,0,0,0,2,0,0,0,0,0,0,0,0,0,0,0,0,0,0,0,0,0,0,0,0,0,0,0,3,0,3,0,0,0,0,0,0,0,0,0,0,0,0,0,0,0,0,0,0,0,0,0,43,0,29,0,135,0,0,0,0,0,0,0,0,0,1,0,47,0,164,0,52,0,0,0,100,0,34,0,134,209,127,4,101,0,29,0,83,0,36,7,0,0,0,0,0,0,0,0,0,0,0,0,0,0,0,0,0,0,4,0,11,0,553,361,349,0,142,0,0,0,23,0,32,3,0,0,0
166,318,146,2,262,120,0,0,0,21,258,0,76,385,235,4,39,0,22,25,60,36,367,16,0,0,0,96,0,21,8,33,0,119,6,51,0,145,0,0,4,212,0,8,0,25,0,241,0,64,0,29,0,4,0,0,0,0,0,1,0,0,0,0,0,8,0,0,0,0,0,0,0,0,0,0,0,0,0,0,0,0,0,9,0,0,0,3,0,0,0,0,0,2,0,17,0,0,0,0,0,0,0,0,0,0,0,0,0,0,0,0,0,0,0,0,0,0,0,0,0,0,0,0,0,0,0,0,0,0,0,0,0,0,0,0,0,0,0,0,0,0,0,0,0,0,0,10,0,16,0,73,0,225,0,0,0,0,0,0,0,0,0,0,0,6,0,71,0,45,0,0,0,14,0,107,62,647,49,173,0,201,5,94,0,49,0,32,0,0,0,0,0,0,0,0,0,0,0,0,0,0,0,0,0,0,0,0,0,0,0,0,0,0,49,0,0,0,223,136,124,24,2,0,0
144,0,24,0,137,111,0,0,24,0,561,76,0,510,16,21,0,0,30,523,16,102,0,0,0,0,77,617,0,0,26,2,25,0,314,0,135,0,0,0,251,99,22,0,78,84,273,291,51,4,132,45,0,0,0,0,0,0,0,0,0,0,0,0,0,0,0,0,0,0,0,0,0,0,0,0,0,0,0,0,0,0,0,0,0,0,0,0,0,0,0,0,0,0,0,0,0,0,0,0,0,1,0,0,0,0,0,0,0,0,0,0,0,0,0,0,0,0,0,0,0,0,0,0,0,0,0,0,0,0,0,0,0,0,0,0,0,0,0,0,0,0,0,0,0,0,0,0,0,0,0,0,20,0,0,0,0,0,0,0,0,0,0,0,138,0,0,0,0,0,0,0,5,0,0,0,54,131,109,3,18,0,29,0,24,0,400,15,0,0,0,0,0,0,0,0,0,0,0,0,0,0,0,0,0,0,0,0,0,0,59,195,220,20,33,0,0,0,6,0,21,0,0,0,0
0,186,0,3,289,192,0,0,0,7,132,385,510,0,220,0,0,0,349,37,79,17,0,1,0,0,163,39,0,0,0,7,0,0,51,127,0,43,0,0,74,317,0,126,0,54,72,172,0,116,45,375,0,0,0,0,0,0,0,0,0,0,0,2,0,0,0,0,0,6,0,0,0,0,0,0,0,0,0,0,0,0,0,48,0,0,0,0,0,33,0,0,0,0,0,98,0,0,0,0,0,0,0,0,0,0,0,0,0,0,0,0,0,0,0,0,0,0,0,0,0,0,0,0,0,0,0,0,0,0,0,0,0,0,0,0,0,0,0,0,0,0,0,0,0,0,0,0,0,0,0,0,0,0,0,0,0,0,0,0,0,0,0,0,0,88,0,8,0,86,0,0,0,0,0,0,23,491,63,89,0,43,0,6,0,13,40,59,0,0,0,0,0,0,0,0,0,0,0,0,0,0,0,0,0,0,0,10,0,0,8,0,0,0,37,0,0,0,132,144,295,54,0,0,0
39,0,249,0,237,406,21,0,13,0,31,235,16,220,0,204,81,0,292,400,119,172,422,43,55,0,156,58,2,1,215,9,127,9,207,27,135,21,0,0,4,6,5,0,62,0,7,0,0,4,70,0,0,0,98,0,0,0,0,0,0,0,21,0,4,0,0,0,0,0,0,0,0,0,0,0,0,0,0,0,0,0,0,0,89,0,0,0,0,0,0,0,0,0,0,0,0,0,0,0,0,0,0,0,0,0,0,0,0,0,0,0,0,0,0,0,0,0,0,0,0,0,0,0,9,0,13,0,0,0,0,0,5,0,98,0,0,0,0,4,0,0,104,0,0,0,38,0,96,0,72,0,72,0,0,0,0,0,0,0,4,0,0,0,95,0,107,0,92,0,0,0,30,0,0,0,23,40,6,0,24,0,7,0,68,0,11,5,0,0,0,0,0,0,0,0,5,0,0,0,0,0,0,0,0,0,0,0,42,0,174,303,186,0,57,0,0,0,0,0,0,0,0,0,0
304,27,159,232,187,188,0,65,0,26,340,4,21,0,204,0,119,11,0,515,69,282,448,372,27,95,0,124,0,38,26,77,72,118,4,104,13,79,30,0,0,0,1,8,0,37,0,0,1,39,0,12,0,0,3,438,0,27,0,0,0,4,0,26,0,0,0,0,0,0,0,0,0,0,0,0,0,0,0,0,0,47,0,0,0,124,0,0,0,0,0,0,0,0,0,0,0,0,0,0,0,0,0,0,0,0,0,544,0,0,0,0,0,0,0,0,0,0,0,0,0,0,0,0,0,0,0,0,8,0,0,0,0,0,0,252,0,195,10,111,0,34,0,82,10,0,0,0,0,12,0,0,0,0,0,0,0,0,0,6,0,0,0,0,0,2,0,133,0,44,0,7,0,15,0,0,20,63,37,0,0,0,0,0,0,0,0,0,0,0,0,0,0,0,0,0,0,0,0,0,0,173,0,0,0,0,0,76,0,76,13,0,22,0,0,0,0,0,111,97,122,24,0,0,0
242,102,135,93,35,113,13,0,4,13,61,39,0,0,81,119,0,17,84,0,531,14,104,159,170,75,91,0,322,11,65,0,97,11,36,0,10,0,36,12,0,0,27,0,97,0,3,0,5,0,0,0,122,0,23,3,14,0,0,0,10,0,449,0,0,0,1,1,0,0,70,0,15,0,128,0,0,0,0,0,163,0,0,0,834,0,130,0,0,0,195,0,0,0,0,0,374,0,274,0,81,0,0,0,82,0,406,0,0,0,0,0,0,0,0,0,0,0,0,0,148,0,156,0,0,0,0,0,0,0,0,0,0,0,31,0,67,0,70,0,46,0,236,0,36,0,0,0,0,0,0,0,0,0,56,0,2,0,32,2,2,0,14,0,0,0,8,0,51,0,1,0,23,0,0,0,13,15,4,0,2,0,0,0,0,0,0,0,0,0,0,0,0,0,0,0,0,0,0,0,38,0,0,0,0,0,0,0,4,1,47,285,55,0,21,0,0,0,2,0,0,1,0,0,0
85,52,21,82,0,0,38,18,36,0,0,0,0,0,0,11,17,0,0,0,0,137,12,160,137,137,0,0,0,192,0,56,0,65,0,39,0,40,0,43,0,0,0,0,0,0,0,0,0,0,0,2,0,35,0,40,0,45,0,0,2,0,18,180,0,0,0,0,0,0,0,0,0,0,0,0,0,0,0,0,0,29,0,0,0,83,0,0,0,0,0,0,0,0,0,17,0,84,0,0,0,0,0,0,0,0,0,134,0,0,0,0,0,0,0,0,0,0,0,0,0,0,0,9,0,0,0,0,0,25,0,0,0,0,0,119,0,257,0,137,0,77,0,158,0,1,0,0,5,1,0,0,0,0,0,37,0,0,0,36,4,0,0,0,0,0,1,7,0,0,0,0,0,8,0,0,1,43,0,0,0,0,7,8,0,0,0,0,0,0,0,0,0,0,0,0,0,0,0,0,0,36,0,0,0,0,0,0,0,26,0,0,0,0,10,0,0,0,17,169,22,2,0,0,0
39,0,60,0,183,0,0,0,18,0,56,22,30,349,292,0,84,0,0,247,128,32,252,0,0,0,125,257,0,0,34,0,5,0,206,0,61,0,0,0,10,56,62,22,72,21,10,119,4,3,282,25,0,0,0,0,0,0,0,0,0,0,37,0,0,0,0,0,0,0,0,0,0,0,0,0,0,0,0,0,0,0,0,0,0,0,0,0,0,0,0,0,0,0,0,0,0,0,0,0,0,0,0,0,0,0,0,0,0,0,0,0,0,0,0,0,0,0,0,0,0,0,0,0,0,0,0,0,0,0,0,0,0,0,34,0,18,0,0,0,0,0,0,0,0,0,0,0,0,0,16,0,0,0,0,2,0,0,0,0,0,0,0,0,99,0,17,0,33,0,2,0,8,0,0,0,5,27,9,0,0,0,16,0,33,0,27,6,0,0,0,0,0,0,0,0,0,0,0,0,0,0,0,0,0,0,0,0,0,0,71,196,154,18,22,0,0,0,0,0,0,0,0,0,0
0,89,26,54,445,284,0,27,0,0,306,25,523,37,400,515,0,0,247,0,180,474,15,150,0,19,76,293,0,2,10,56,16,15,76,352,7,94,0,0,65,0,3,138,10,92,31,40,0,13,54,261,0,21,0,156,0,16,0,0,0,15,0,52,0,12,0,0,0,0,0,0,0,0,0,0,0,0,0,0,0,122,0,0,0,130,0,0,0,0,0,0,0,0,0,188,0,0,0,0,0,0,0,0,0,0,0,400,0,0,0,0,0,0,0,0,0,0,0,2,0,63,0,0,0,0,0,0,0,0,0,0,0,0,0,150,0,131,0,46,0,51,0,96,0,0,0,0,0,41,0,0,0,0,0,0,0,0,0,0,0,2,0,0,2,151,3,88,0,240,0,7,0,9,0,0,14,62,104,2,0,0,0,4,0,0,12,0,0,0,0,0,0,0,0,0,0,0,0,0,0,0,0,0,0,0,0,65,0,74,2,0,17,0,70,0,0,0,240,232,245,59,0,0,0
24,0,128,4,175,134,0,0,0,0,160,60,16,79,119,69,531,0,128,180,0,63,170,22,70,0,98,67,34,0,259,5,122,0,192,17,55,8,11,0,0,9,12,0,34,0,0,24,0,0,81,0,32,0,21,0,29,0,22,5,8,0,215,0,9,0,0,0,0,0,226,0,0,0,263,0,0,0,0,0,204,0,0,0,523,0,162,0,0,0,0,0,0,0,0,0,246,0,420,0,0,0,0,0,55,0,246,0,0,0,0,0,0,0,0,0,0,0,0,0,163,0,0,0,0,0,0,0,0,0,0,0,0,0,0,0,15,0,43,0,54,0,64,0,154,0,0,0,0,0,0,0,0,0,11,0,0,0,0,0,21,4,55,0,63,0,71,0,74,0,10,0,32,0,0,0,0,0,5,0,0,0,0,0,0,0,3,2,0,0,0,0,0,0,0,0,0,0,0,0,0,0,0,0,0,0,0,0,0,0,156,248,87,13,38,0,0,0,0,0,9,0,0,0,0
14,30,25,46,148,166,0,6,0,0,143,36,102,17,172,282,14,137,32,474,63,0,66,360,0,57,30,264,1,59,18,84,18,28,13,220,0,59,0,0,11,0,1,98,0,124,0,8,0,35,13,103,0,20,0,51,0,26,0,0,0,0,0,153,0,0,0,0,0,0,0,0,0,0,0,48,0,0,0,0,0,228,0,0,0,203,0,0,0,0,0,0,0,0,0,0,0,0,0,0,0,0,0,0,0,0,0,0,0,0,0,0,0,0,0,0,0,0,0,0,0,188,0,0,0,0,0,0,0,0,0,0,0,0,0,84,0,366,0,186,0,400,0,598,0,144,0,0,0,0,0,0,0,0,0,11,0,0,0,0,0,0,0,0,0,48,0,81,0,112,0,4,0,18,0,0,2,20,15,2,0,0,0,0,0,0,0,0,0,0,0,0,0,0,0,0,0,0,0,0,0,0,0,0,0,0,0,0,0,0,11,0,6,0,109,0,0,0,474,420,237,41,0,0,0
72,189,874,185,103,487,43,0,0,0,63,367,0,0,422,448,104,12,252,15,170,66,0,451,382,51,121,0,18,29,35,13,47,55,14,12,19,28,25,13,0,0,5,0,80,0,15,0,0,0,0,0,29,0,174,0,0,0,0,0,0,0,16,0,0,0,0,0,0,0,0,0,0,0,0,0,0,0,0,0,0,0,0,0,130,0,0,0,0,0,142,0,0,0,0,0,131,0,0,0,0,0,0,0,0,0,133,0,0,0,0,0,0,0,0,0,0,0,0,0,5,0,18,0,0,0,0,0,37,0,0,0,0,0,89,0,82,0,18,3,0,0,206,0,0,4,0,0,0,0,28,0,9,0,12,0,0,0,0,0,0,0,0,0,0,0,28,0,0,0,0,0,16,0,0,0,13,63,0,0,8,0,0,4,6,0,0,0,0,0,0,0,0,0,0,0,0,0,0,0,160,0,0,0,0,0,0,0,22,0,19,141,22,0,0,0,0,0,0,0,5,0,0,0,0
411,91,139,225,52,105,0,23,0,6,89,16,0,1,43,372,159,160,0,150,22,360,451,0,176,260,0,91,19,77,7,78,29,46,0,28,0,17,20,9,0,0,0,17,0,36,0,0,0,52,0,7,0,36,0,45,0,12,0,0,0,0,4,130,0,0,0,0,0,0,0,0,0,0,0,0,0,0,0,0,0,86,0,0,0,158,0,0,0,0,0,80,0,0,0,0,0,136,0,0,0,78,0,0,0,0,0,311,0,0,0,0,0,0,0,0,0,0,0,0,0,59,0,0,0,0,0,0,0,0,0,0,0,0,0,114,0,166,0,59,0,62,0,225,0,8,0,0,0,0,0,0,0,0,0,5,0,0,0,8,0,0,0,0,0,0,0,59,0,36,0,5,0,18,0,0,6,63,0,0,3,0,7,3,0,0,0,0,0,0,0,0,0,0,0,0,0,0,0,0,0,49,0,0,0,0,0,0,0,17,10,0,12,1,26,0,0,0,100,268,90,20,0,0,0
15,338,318,119,8,0,408,151,5,224,0,0,0,0,55,27,170,137,0,0,70,0,382,176,0,440,16,0,79,41,6,0,0,0,0,0,0,14,32,60,0,0,0,0,23,0,0,0,4,0,0,0,121,0,207,26,11,0,9,0,32,0,117,61,1,0,0,0,0,0,0,0,2,0,0,0,0,0,0,0,0,0,0,0,95,0,0,0,0,0,54,0,0,0,0,0,74,0,0,0,0,0,0,0,0,0,71,2,0,0,0,0,0,0,0,0,0,0,0,0,0,0,8,0,0,0,0,0,52,1,0,0,6,0,23,0,75,0,41,3,11,0,111,0,0,0,0,0,0,0,0,0,0,1,27,4,0,0,0,0,0,0,0,0,2,0,2,0,0,0,5,0,37,7,0,0,2,64,0,0,0,0,0,23,0,0,0,0,0,0,0,0,0,0,0,0,0,0,0,0,46,0,0,0,0,0,1,0,15,0,107,147,46,35,57,0,1,0,15,0,12,0,0,0,0
294,21,46,145,0,5,208,570,266,46,0,0,0,0,0,95,75,137,0,19,0,57,51,260,440,0,0,0,0,255,0,14,0,31,0,0,0,10,3,120,0,0,0,0,0,11,0,0,0,0,0,0,27,3,16,290,0,35,1,0,12,13,155,85,6,0,0,0,0,0,0,0,0,0,0,0,0,0,0,0,0,0,0,0,0,0,0,0,0,0,0,0,0,0,0,0,1,0,0,0,0,0,0,0,0,0,0,58,0,0,0,0,0,0,0,0,0,0,0,0,0,0,0,0,0,0,0,0,0,0,0,0,0,0,0,42,0,55,0,28,0,9,0,11,0,0,0,0,0,0,0,0,0,0,0,6,0,0,0,0,8,0,0,0,0,0,0,6,0,0,0,0,2,30,0,0,9,60,0,0,0,0,16,22,0,0,0,0,0,0,0,0,0,0,0,0,0,0,0,0,0,0,0,0,0,0,0,0,0,0,0,0,0,0,0,0,0,0,28,134,60,13,0,0,0
37,0,49,0,150,0,0,0,0,0,63,0,77,163,156,0,91,0,125,76,98,30,121,0,16,0,0,266,0,0,8,0,0,0,24,7,77,0,0,0,51,67,143,21,270,56,119,233,26,11,214,36,0,0,0,0,0,0,0,0,0,0,30,0,0,0,0,0,0,0,85,0,0,0,0,0,0,0,0,0,0,0,0,0,0,0,0,0,0,0,0,0,0,0,0,0,0,0,0,0,0,0,0,0,0,0,0,0,0,0,0,0,0,0,0,0,0,0,0,0,42,0,0,0,0,0,0,0,0,0,0,0,0,0,0,0,0,0,13,0,0,0,0,0,48,0,0,0,0,0,0,0,0,0,0,0,5,0,0,0,0,1,15,0,204,0,0,0,36,0,0,0,39,0,0,0,2,27,0,0,0,0,11,0,17,0,70,7,0,0,0,0,0,0,0,0,0,0,0,0,0,0,0,0,0,0,0,0,0,0,54,279,258,10,19,0,0,2,0,1,0,0,0,0,0
0,171,0,28,144,287,0,0,0,0,0,96,617,39,58,124,0,0,257,293,67,264,0,91,0,0,266,0,0,0,0,0,0,0,61,76,0,46,0,0,222,21,15,495,37,276,92,195,8,31,85,523,0,0,0,0,0,0,0,0,0,17,0,28,0,8,0,0,0,12,0,0,0,0,0,0,0,0,0,11,0,0,0,0,0,0,0,122,0,0,0,0,0,0,0,195,0,0,0,0,0,0,0,0,0,0,0,0,0,2,0,0,0,0,0,0,0,0,0,0,0,177,0,0,0,3,0,7,0,0,0,0,0,0,0,0,0,134,0,0,0,131,0,229,0,57,0,0,0,27,0,0,0,0,1,5,0,0,0,0,0,0,0,0,7,186,0,0,0,70,0,13,0,0,0,0,12,86,37,5,1,0,0,0,0,0,74,20,0,0,0,0,0,0,0,0,0,0,0,0,0,0,0,0,0,0,0,59,0,47,0,0,0,0,46,0,0,0,133,228,425,53,0,0,1
305,0,544,0,46,0,50,0,0,0,43,0,0,0,2,0,322,0,0,0,34,1,18,19,79,0,0,0,0,0,107,0,15,0,46,0,7,0,11,0,0,0,19,0,0,0,0,0,0,0,29,0,42,0,0,0,0,0,0,0,12,0,142,0,0,0,0,0,0,0,35,0,0,0,48,0,0,0,0,0,43,0,0,0,114,0,45,0,0,0,0,0,0,0,0,0,69,0,92,0,0,0,0,0,20,0,65,0,0,0,0,0,0,0,0,0,0,0,0,0,45,0,34,0,0,0,0,0,7,0,0,0,0,0,26,0,0,0,112,0,104,0,45,0,88,1,0,0,0,0,0,0,0,0,25,0,5,0,13,0,0,0,0,0,0,0,1,0,0,0,0,0,0,0,0,0,0,0,0,0,0,0,0,0,0,0,0,0,0,0,0,0,0,0,0,0,0,0,0,0,25,0,0,0,0,0,0,0,0,0,11,80,2,0,0,0,0,0,0,0,0,0,0,0,0
40,213,16,207,0,31,12,86,0,0,0,21,0,0,1,38,11,192,0,2,0,59,29,77,41,255,0,0,0,0,0,21,0,46,0,38,0,35,0,109,0,0,0,15,0,0,0,0,0,0,0,11,0,24,0,44,0,25,0,0,0,19,0,89,0,0,0,0,0,0,0,0,0,0,0,0,0,0,0,0,0,0,0,0,0,19,0,0,0,0,0,0,0,0,0,0,0,0,0,0,0,0,0,0,0,0,0,0,0,0,0,0,0,0,0,0,0,0,0,0,0,0,0,0,0,0,0,0,0,10,0,0,0,10,0,27,0,242,0,270,0,213,0,167,0,62,0,0,0,0,0,0,0,14,0,64,0,10,0,55,0,2,0,0,0,0,0,3,0,0,0,0,0,0,0,0,0,30,0,0,0,0,0,0,0,0,0,0,0,0,0,0,0,0,0,0,0,0,0,0,0,0,0,0,0,0,0,0,0,0,0,0,0,0,33,0,0,0,80,98,17,11,0,0,0
67,0,274,1,410,29,0,0,0,0,272,8,26,0,215,26,65,0,34,10,259,18,35,7,6,0,8,0,107,0,0,0,53,4,28,0,14,0,65,0,0,0,15,0,0,0,0,0,0,0,36,0,4,0,3,0,0,0,0,0,11,0,12,0,0,0,0,0,0,0,19,0,3,0,19,0,0,0,0,0,0,0,0,0,0,0,0,0,0,0,0,0,0,0,0,0,0,0,36,0,0,0,0,0,0,0,21,0,0,0,0,0,0,0,0,0,0,0,0,0,0,0,0,0,0,0,0,0,0,0,0,0,0,0,0,0,0,0,0,0,18,0,0,0,23,0,0,0,31,0,0,0,0,0,3,0,0,0,0,0,0,0,6,0,0,0,4,0,0,0,2,0,8,0,0,0,0,7,9,0,0,0,0,0,26,0,0,0,0,0,0,0,0,0,0,0,0,0,0,0,0,0,0,0,0,0,0,0,0,0,25,26,10,3,12,0,0,0,0,0,1,0,0,0,0
7,0,6,33,0,172,0,0,0,0,12,33,2,7,9,77,0,56,0,56,5,84,13,78,0,14,0,0,0,21,0,0,0,10,0,60,0,11,0,0,0,0,0,10,0,0,0,0,0,0,0,32,0,0,0,8,0,0,0,0,0,0,0,13,0,0,0,0,0,0,0,0,0,2,0,0,0,0,0,0,0,0,0,0,0,11,0,0,0,0,0,0,0,0,0,0,0,0,0,0,0,0,0,0,0,0,0,0,0,0,0,0,0,0,0,0,0,0,0,0,0,0,0,0,0,0,0,0,0,0,0,0,0,0,0,8,0,0,0,0,0,56,0,44,0,31,0,0,0,0,0,0,0,0,0,0,0,3,0,4,0,0,0,0,0,0,0,8,0,0,0,0,0,2,0,1,1,11,1,0,0,0,0,0,0,0,0,0,0,0,0,0,0,0,0,0,0,0,0,0,0,0,0,0,0,0,0,0,0,0,2,0,0,0,0,0,0,0,52,39,25,8,0,0,0
285,0,420,0,555,0,0,0,0,0,613,0,25,0,127,72,97,0,5,16,122,18,47,29,0,0,0,0,15,0,53,0,0,0,66,0,372,0,21,0,0,0,51,0,0,0,0,0,0,0,75,0,6,0,0,0,0,0,3,1,27,0,26,0,0,0,0,0,0,0,9,0,0,0,0,0,0,0,0,0,0,0,0,0,0,0,0,0,0,0,0,0,0,0,0,0,0,0,0,0,0,0,0,0,0,0,0,0,0,0,0,0,0,0,0,0,0,0,0,0,0,0,0,0,0,0,0,0,0,0,0,0,0,0,0,0,0,0,15,0,9,0,0,0,13,0,0,0,0,0,0,0,0,0,0,0,0,0,3,0,0,0,0,0,10,0,38,0,6,0,0,0,12,0,0,0,10,24,23,0,0,0,0,0,0,0,0,0,0,0,0,0,0,0,0,0,0,0,0,0,0,0,0,0,0,0,0,0,0,0,27,80,51,0,7,0,0,0,0,0,0,0,0,0,0
27,322,21,198,0,351,0,47,0,13,0,119,0,0,9,118,11,65,0,15,0,28,55,46,0,31,0,0,0,46,4,10,0,0,0,51,0,93,0,4,0,0,0,26,0,0,0,0,0,0,0,19,0,9,0,9,0,0,0,0,0,21,0,22,0,0,0,2,0,0,0,0,0,0,0,0,0,0,0,0,0,0,0,0,0,0,0,0,0,0,0,0,0,0,0,0,0,0,0,0,0,0,0,0,0,0,0,0,0,0,0,0,0,0,0,0,0,0,0,0,0,0,0,0,0,0,0,0,0,0,0,0,0,0,0,0,0,0,0,53,0,66,0,0,0,44,0,0,0,0,0,0,0,0,0,18,0,29,0,31,0,0,0,0,0,1,0,26,0,6,0,4,0,6,0,5,0,68,1,1,0,0,0,6,0,0,0,0,0,0,0,0,0,0,0,0,0,0,0,0,0,0,0,0,0,0,0,0,0,0,0,0,0,0,13,0,0,0,45,83,33,9,0,0,0
0,0,0,0,396,0,0,0,0,0,58,6,314,51,207,4,36,0,206,76,192,13,14,0,0,0,24,61,46,0,28,0,66,0,0,0,81,0,27,0,3,0,10,0,5,0,0,7,0,0,112,6,0,0,0,0,6,0,0,0,9,0,0,0,0,0,0,0,0,0,31,0,0,0,27,0,0,0,0,0,0,0,0,0,0,0,19,0,0,0,0,0,0,0,0,0,0,0,0,0,0,0,0,0,0,0,0,0,0,0,0,0,0,0,0,0,0,0,0,0,6,0,0,0,0,0,0,0,0,0,0,0,0,0,0,0,0,0,0,0,0,0,5,0,4,0,0,0,0,0,0,0,0,0,0,0,0,0,0,0,0,0,0,0,44,0,7,0,0,0,0,0,0,0,0,0,0,0,13,0,3,0,5,0,0,0,13,0,0,0,0,0,0,0,0,0,0,0,0,0,0,0,0,0,0,0,0,0,0,0,0,21,40,5,0,0,0,0,0,0,0,0,0,0,0
6,14,7,0,44,353,0,0,0,0,35,51,0,127,27,104,0,39,0,352,17,220,12,28,0,0,7,76,0,38,0,60,0,51,0,0,0,180,0,0,0,0,0,61,0,18,4,6,1,0,0,77,0,0,0,0,0,0,0,0,0,11,0,0,0,0,0,0,0,0,0,0,0,0,0,0,0,0,0,3,0,54,0,0,0,34,0,0,0,0,0,0,0,0,0,0,0,0,0,34,0,0,0,0,0,0,0,0,0,0,0,0,0,0,0,0,0,0,0,0,0,73,0,0,0,0,0,0,0,0,0,0,0,0,0,0,0,45,0,68,0,150,0,123,0,78,0,0,0,0,0,0,0,0,0,13,0,0,0,19,0,0,0,0,0,12,0,37,0,40,0,6,0,17,0,0,6,29,0,0,0,0,0,0,0,0,1,4,0,0,0,0,0,0,0,0,0,0,0,0,0,0,0,0,0,0,0,0,0,0,2,0,5,0,23,0,0,0,81,108,55,18,0,0,0
102,0,0,4,255,0,0,0,0,0,234,0,135,0,135,13,10,0,61,7,55,0,19,0,0,0,77,0,7,0,14,0,372,0,81,0,0,0,139,0,0,0,110,1,39,0,0,0,0,0,84,0,5,0,0,0,0,0,13,0,21,0,8,0,3,0,0,0,0,0,24,0,0,0,23,0,0,0,0,0,17,0,2,0,0,0,0,0,0,0,0,0,0,0,0,0,0,0,0,0,0,0,0,0,0,0,0,0,0,0,0,0,0,0,0,0,0,0,0,0,0,0,0,0,0,0,0,0,0,0,0,0,0,0,0,0,0,0,56,0,39,0,6,0,80,0,0,0,0,0,0,0,0,0,13,0,16,0,0,0,0,0,13,0,34,0,29,0,24,0,6,0,46,0,0,0,0,0,18,0,0,0,0,0,0,0,0,0,0,0,0,0,0,0,1,0,0,0,0,0,2,0,0,0,0,0,0,0,0,0,19,25,41,0,6,0,0,0,0,0,0,0,0,0,0
10,257,0,64,24,385,0,0,0,12,30,145,0,43,21,79,0,40,0,94,8,59,28,17,14,10,0,46,0,35,0,11,0,93,0,180,0,0,0,70,0,0,0,145,0,96,0,0,1,0,0,123,0,6,0,4,0,8,0,16,0,37,0,19,0,0,0,0,0,1,0,7,0,0,0,0,0,0,0,0,0,30,0,7,0,16,0,17,0,2,0,0,0,0,0,0,0,0,0,0,0,0,0,4,0,0,0,0,0,0,0,0,0,0,0,0,0,0,0,0,0,58,0,0,0,0,0,0,0,0,0,0,0,0,0,0,0,37,0,87,0,167,0,57,0,109,0,0,0,8,0,0,0,0,0,10,0,38,0,27,0,0,0,0,0,20,0,93,0,48,0,4,0,61,0,0,6,71,0,12,0,6,0,18,0,5,0,0,0,0,0,0,0,0,0,0,0,0,0,0,0,0,0,0,0,0,0,0,0,0,0,0,0,0,8,0,0,0,31,99,63,10,0,0,0
798,0,419,0,0,0,98,0,4,0,46,0,0,0,0,30,36,0,0,0,11,0,25,20,32,3,0,0,11,0,65,0,21,0,27,0,139,0,0,0,0,0,33,0,2,0,0,0,0,0,26,0,19,0,3,0,0,0,0,0,15,0,27,0,0,0,0,0,0,0,5,0,0,0,9,0,0,0,0,0,0,0,0,0,0,0,0,0,0,0,0,0,0,0,0,0,0,0,0,0,0,0,0,0,0,0,0,0,0,0,0,0,0,0,0,0,0,0,0,0,0,0,0,0,0,0,0,0,0,0,0,0,0,0,0,0,0,0,87,0,39,0,0,0,62,0,0,0,0,0,0,0,0,0,35,0,43,0,18,0,0,0,4,0,0,0,44,0,0,0,0,0,285,0,0,0,4,0,0,0,0,0,0,0,0,0,0,0,0,0,0,0,0,0,0,0,0,0,0,0,0,0,0,0,0,0,0,0,0,0,3,137,12,0,2,0,0,0,0,0,0,0,0,0,0
36,405,12,155,0,12,0,448,9,44,0,0,0,0,0,0,12,43,0,0,0,0,13,9,60,120,0,0,0,109,0,0,0,4,0,0,0,70,0,0,0,0,0,0,0,0,0,0,0,0,0,1,0,9,0,18,0,0,0,2,1,19,9,15,0,0,0,0,0,0,0,0,0,0,0,0,0,0,0,0,0,0,0,0,0,1,0,0,0,0,0,0,0,0,0,0,0,0,0,0,0,0,0,0,0,0,0,0,0,0,0,0,0,0,0,0,0,0,0,0,0,0,0,0,0,0,0,0,0,0,0,0,0,0,0,0,0,0,0,25,0,15,0,13,0,17,0,0,0,0,0,0,0,0,0,19,0,12,0,10,0,3,0,1,0,0,0,3,0,0,0,6,0,45,0,0,7,112,0,0,0,0,0,24,0,18,0,0,0,0,0,0,0,0,0,0,0,0,0,0,0,0,0,0,0,0,0,0,0,0,0,0,0,0,16,0,0,0,46,215,23,16,0,0,0
51,0,9,0,74,0,0,0,6,0,156,4,251,74,4,0,0,0,10,65,0,11,0,0,0,0,51,222,0,0,0,0,0,0,3,0,0,0,0,0,0,69,19,13,71,110,160,292,250,30,0,19,0,0,0,0,0,0,0,0,0,0,0,0,0,0,0,0,0,0,0,0,0,0,0,0,0,0,0,0,0,0,0,0,0,0,0,0,0,0,0,0,0,0,0,0,0,0,0,0,0,0,0,0,0,0,0,0,0,0,0,0,0,0,0,0,0,0,0,0,0,0,0,0,0,0,0,0,0,0,0,0,0,0,0,0,0,0,0,0,0,0,0,0,0,0,0,0,0,0,0,0,0,0,0,0,0,0,0,0,0,0,0,0,52,0,0,0,0,0,0,0,0,0,0,0,8,38,77,0,0,0,10,0,0,0,336,14,0,0,0,0,5,0,0,0,0,0,0,0,0,0,0,0,0,0,0,0,0,0,0,90,65,0,0,0,0,34,0,8,0,0,0,0,0
0,99,0,0,0,35,0,0,0,0,0,212,99,317,6,0,0,0,56,0,9,0,0,0,0,0,67,21,0,0,0,0,0,0,0,0,0,0,0,0,69,0,2,61,18,119,43,136,5,355,13,37,0,0,0,0,0,0,0,0,0,0,0,0,0,0,0,0,0,3,0,0,0,0,0,0,0,0,0,0,0,0,0,0,0,0,0,0,0,1,0,0,0,0,0,0,0,0,0,0,0,0,0,0,0,0,0,0,0,0,0,0,0,0,0,0,0,0,0,0,0,0,0,0,0,0,0,0,0,0,0,0,0,0,0,0,0,0,0,0,0,0,0,0,0,0,0,0,0,0,0,0,0,0,0,0,0,0,0,0,0,0,0,0,0,78,0,0,0,0,0,0,0,0,0,0,0,270,0,50,0,43,0,0,0,0,44,33,0,0,0,0,0,0,0,0,0,0,0,0,0,0,0,0,0,0,0,0,0,0,0,0,0,0,0,0,0,0,0,17,26,0,0,0,15
0,0,0,0,0,0,0,0,0,0,0,0,22,0,5,1,27,0,62,3,12,1,5,0,0,0,143,15,19,0,15,0,51,0,10,0,110,0,33,0,19,2,0,0,196,4,24,5,35,0,34,0,4,0,0,0,17,0,22,0,35,0,11,0,0,0,0,0,0,0,55,0,0,0,60,0,0,0,0,0,0,0,0,0,57,0,31,0,0,0,0,0,0,0,0,0,0,0,89,0,0,0,0,0,0,0,36,0,0,0,0,0,0,0,0,0,0,0,0,0,0,0,0,0,0,0,0,0,0,0,0,0,0,0,0,0,0,0,56,0,75,0,0,0,83,0,0,0,0,0,0,0,0,0,7,0,18,0,0,0,7,0,11,0,48,0,9,0,10,0,7,0,45,0,0,0,1,0,0,0,0,0,0,0,0,0,21,1,0,0,0,0,0,0,0,0,0,0,0,0,0,0,0,0,0,0,0,0,1,0,48,83,51,0,11,0,0,0,0,2,0,0,0,0,0
0,0,0,0,0,0,0,0,0,0,0,8,0,126,0,8,0,0,22,138,0,98,0,17,0,0,21,495,0,15,0,10,0,26,0,61,1,145,0,0,13,61,0,0,6,388,5,118,0,83,10,85,0,0,0,0,0,10,0,0,0,9,0,0,0,0,0,0,0,0,0,0,0,0,0,0,0,0,0,0,0,0,0,0,0,0,0,0,0,0,0,0,0,0,0,0,0,0,0,0,0,0,0,0,0,0,0,0,0,0,0,0,0,0,0,0,0,0,0,0,0,98,0,0,0,0,0,0,0,0,0,0,0,0,0,0,0,0,0,63,0,116,0,127,0,0,0,0,0,0,0,0,0,0,0,6,0,17,0,0,0,0,0,0,0,86,0,15,0,17,0,5,0,18,0,0,1,16,0,0,0,0,0,0,0,0,1,43,0,0,0,0,0,0,0,0,0,0,0,0,0,0,0,0,0,0,0,0,0,0,0,0,0,0,12,0,0,0,60,64,106,0,0,0,0
44,0,21,0,84,8,0,0,0,0,97,0,78,0,62,0,97,0,72,10,34,0,80,0,23,0,270,37,0,0,0,0,0,0,5,0,39,0,2,0,71,18,196,6,0,27,188,96,266,28,106,6,5,0,0,0,21,0,18,0,12,0,75,0,0,0,0,0,2,0,52,0,0,0,73,0,7,0,0,0,52,0,14,0,204,0,0,0,0,0,78,0,0,0,53,0,130,0,104,0,0,0,34,0,0,0,169,0,1,0,0,0,0,0,0,0,0,0,0,0,27,0,0,0,0,0,0,0,0,0,0,0,0,0,18,0,0,0,0,0,12,0,0,0,22,0,0,0,0,0,0,0,30,0,3,0,1,0,0,0,8,0,0,0,329,0,11,0,45,0,12,0,31,0,0,0,0,14,21,0,28,0,24,0,0,0,83,3,0,0,0,0,0,0,0,0,0,0,0,0,0,0,0,0,0,0,0,0,0,0,140,221,272,16,28,0,0,38,0,6,0,0,0,0,0
0,30,0,0,0,0,0,8,0,0,0,25,84,54,0,37,0,0,21,92,0,124,0,36,0,11,56,276,0,0,0,0,0,0,0,18,0,96,0,0,110,119,4,388,27,0,85,504,25,289,8,205,0,0,0,0,0,0,0,0,0,0,0,15,0,4,0,0,0,14,0,0,0,0,0,37,0,0,0,16,0,126,0,40,0,79,0,0,0,25,0,0,0,21,0,74,0,0,0,0,0,97,0,24,0,0,0,0,0,0,0,0,0,1,0,0,0,0,0,0,0,125,0,15,0,0,0,4,0,0,0,0,0,0,0,0,0,0,0,0,0,66,0,146,0,0,0,0,0,7,0,0,0,0,0,0,0,0,0,0,0,0,0,0,1,284,0,19,0,22,0,21,0,45,0,0,0,60,0,0,0,0,0,1,0,0,42,28,0,0,0,0,0,0,0,3,0,0,0,0,0,0,0,0,0,0,0,0,0,0,0,1,0,0,0,0,0,0,76,284,491,17,0,1,71
43,0,15,0,92,0,0,0,0,0,150,0,273,72,7,0,3,0,10,31,0,0,15,0,0,0,119,92,0,0,0,0,0,0,0,4,0,0,0,0,160,43,24,5,188,85,0,182,281,51,0,10,0,0,0,0,0,0,0,0,0,0,0,0,0,0,0,0,0,0,0,0,0,0,0,0,0,0,0,0,2,0,0,0,0,0,0,0,0,0,0,0,2,0,0,0,0,0,0,0,0,0,0,0,0,0,0,0,0,0,0,0,0,0,0,0,0,0,0,0,0,0,0,0,0,0,0,0,0,0,0,0,0,0,0,0,0,0,0,0,0,0,0,0,0,0,0,0,17,0,0,0,0,0,0,0,0,0,0,0,0,0,0,0,61,0,0,0,0,0,0,0,1,0,0,0,19,24,115,0,0,0,42,0,0,0,280,6,0,0,0,0,0,0,0,0,0,0,0,0,0,0,0,0,0,0,0,0,0,0,0,158,136,0,0,0,0,65,0,12,0,0,0,0,0
0,178,0,0,0,61,0,0,0,0,0,241,291,172,0,0,0,0,119,40,24,8,0,0,0,0,233,195,0,0,0,0,0,0,7,6,0,0,0,0,292,136,5,118,96,504,182,0,33,241,34,65,0,0,0,0,0,0,0,0,0,0,0,0,0,0,0,0,0,0,0,0,0,0,0,0,0,0,0,0,0,0,0,0,0,0,0,0,0,0,0,0,0,4,0,9,0,0,0,0,0,0,0,0,0,0,0,0,0,0,0,0,0,0,0,0,0,0,0,0,0,0,0,0,0,0,0,0,0,0,0,0,0,0,0,0,0,13,0,0,0,0,0,0,0,0,0,0,0,0,0,0,0,0,0,0,0,0,0,0,0,1,0,0,0,63,0,0,0,0,0,0,0,0,0,0,0,258,16,27,0,0,0,0,0,0,80,27,0,0,0,0,0,0,0,0,0,0,0,0,0,0,0,0,0,0,0,0,0,26,0,3,0,0,2,0,0,0,0,203,187,0,0,0,47
11,0,5,0,11,1,22,0,6,0,34,0,51,0,0,1,5,0,4,0,0,0,0,0,4,0,26,8,0,0,0,0,0,0,0,1,0,1,0,0,250,5,35,0,266,25,281,33,0,34,11,0,0,0,4,0,4,0,9,0,0,0,0,0,0,0,0,0,6,0,0,0,0,0,0,0,0,0,2,0,4,0,11,0,6,0,6,0,3,3,6,0,18,0,45,3,7,0,2,0,19,0,53,1,18,0,6,0,1,0,0,0,0,1,0,0,0,0,0,0,0,0,0,0,0,0,0,0,0,0,0,0,0,0,0,0,0,0,0,1,0,0,0,0,0,0,1,0,0,0,0,0,6,0,0,0,0,0,0,0,5,0,2,0,19,2,0,0,13,0,0,0,8,0,0,0,12,0,44,0,3,0,0,0,0,0,367,1,29,1,18,0,39,0,18,0,4,0,0,0,0,0,21,0,24,0,3,0,0,0,20,54,153,3,22,1,0,27,0,13,6,20,0,0,0
0,16,0,0,0,7,0,3,0,0,5,64,4,116,4,39,0,0,3,13,0,35,0,52,0,0,11,31,0,0,0,0,0,0,0,0,0,0,0,0,30,355,0,83,28,289,51,241,34,0,0,27,0,4,0,33,0,3,0,0,0,0,0,20,0,0,0,1,0,2,0,0,0,0,0,0,0,0,0,0,0,46,0,0,0,48,0,0,0,8,0,0,0,9,0,0,0,26,0,0,0,44,0,0,0,0,0,99,0,0,0,0,0,0,0,0,0,0,0,0,0,38,0,6,0,0,0,0,0,0,0,0,0,0,0,16,0,0,0,6,0,11,0,30,0,0,0,0,0,0,0,0,0,16,0,0,0,0,0,3,0,0,0,3,0,50,0,2,0,11,0,9,0,13,0,12,0,291,4,28,0,19,1,0,0,0,16,67,0,1,0,0,0,0,0,0,0,0,0,0,0,0,0,0,0,0,0,0,0,0,0,3,0,0,7,0,0,3,50,100,59,6,0,0,15
0,0,0,0,111,0,0,0,0,0,0,0,132,45,70,0,0,0,282,54,81,13,0,0,0,0,214,85,29,0,36,0,75,0,112,0,84,0,26,0,0,13,34,10,106,8,0,34,11,0,0,6,0,0,0,0,16,0,12,0,24,0,0,0,0,0,1,0,2,0,19,0,4,0,19,0,0,0,0,0,17,0,12,0,26,0,26,0,0,1,0,0,0,0,30,0,0,0,39,0,0,0,24,0,0,0,0,0,0,0,0,0,1,0,0,0,0,0,0,0,9,0,0,0,0,0,0,0,0,0,0,0,0,0,0,0,0,0,35,0,26,0,0,0,41,0,0,0,0,0,0,0,12,0,0,0,0,0,0,0,10,0,15,0,140,0,24,0,47,0,13,0,72,0,0,0,0,0,13,0,6,0,0,0,0,0,97,0,0,0,0,0,0,0,0,0,0,0,0,0,0,0,0,0,0,0,0,0,0,0,46,96,86,18,19,0,0,0,0,0,0,0,0,0,0
0,6,0,0,0,88,0,0,0,8,0,29,45,375,0,12,0,2,25,261,0,103,0,7,0,0,36,523,0,11,0,32,0,19,6,77,0,123,0,1,19,37,0,85,6,205,10,65,0,27,6,0,0,0,0,5,0,10,0,13,0,0,0,0,0,0,0,0,0,9,0,0,0,0,0,23,0,0,0,0,0,60,0,44,0,0,0,28,0,30,0,0,0,10,0,70,0,0,0,0,0,49,0,9,0,0,0,0,0,0,0,0,0,0,0,0,0,0,0,0,0,52,0,8,0,0,0,0,0,0,0,0,0,0,0,0,0,17,0,19,0,58,0,39,0,52,0,0,0,0,0,0,0,0,0,0,0,0,0,3,0,0,0,4,0,79,0,31,0,62,0,19,0,69,0,0,0,25,0,2,0,0,0,0,0,0,0,60,0,0,0,0,0,0,0,8,0,0,0,0,0,0,0,0,0,0,0,0,0,0,0,0,0,0,13,0,0,0,47,45,60,0,0,0,0
5,7,0,0,0,0,129,30,114,158,0,0,0,0,0,0,122,0,0,0,32,0,29,0,121,27,0,0,42,0,4,0,6,0,0,0,5,0,19,0,0,0,4,0,5,0,0,0,0,0,0,0,0,30,366,115,422,21,108,108,40,0,178,19,2,11,2,206,0,0,0,0,0,0,14,1,0,0,0,0,0,0,0,0,154,0,16,0,0,0,0,0,0,0,0,0,46,0,27,0,0,0,10,0,0,0,48,2,0,0,0,0,0,0,0,0,0,0,0,0,35,0,59,0,5,0,0,0,42,0,4,0,21,0,0,0,73,0,280,4,114,0,96,0,19,5,1,0,5,0,1,0,0,0,430,7,143,0,181,5,12,0,8,0,0,0,0,0,0,0,42,0,5,0,0,0,1,0,0,0,0,0,0,0,0,0,0,0,0,0,0,0,0,0,0,0,0,0,0,0,0,0,0,0,0,0,0,0,0,2,123,526,71,68,69,0,10,0,0,0,0,0,0,0,0
0,7,0,0,0,7,9,4,41,72,0,4,0,0,0,0,0,35,0,21,0,20,0,36,0,3,0,0,0,24,0,0,0,9,0,0,0,6,0,9,0,0,0,0,0,0,0,0,0,4,0,0,30,0,35,134,0,140,65,29,0,95,8,80,0,0,44,6,0,0,0,0,0,0,0,0,0,0,0,0,0,0,0,0,0,0,0,0,0,0,0,0,0,0,0,0,0,12,0,0,0,0,0,0,0,0,0,17,0,0,0,0,0,0,0,0,0,0,0,0,0,0,0,0,0,0,0,0,0,22,0,7,0,0,2,31,0,152,0,173,0,37,0,46,0,8,0,0,0,0,0,0,0,0,5,99,0,123,0,129,0,10,0,0,0,0,0,0,0,0,0,13,0,0,0,0,2,6,0,0,0,0,0,3,9,0,0,0,0,0,0,0,0,0,0,0,0,0,0,0,0,3,0,0,0,0,0,0,0,0,1,0,3,0,52,0,0,0,66,64,40,50,1,0,0
3,2,194,0,0,0,126,18,55,251,3,0,0,0,98,3,23,0,0,0,21,0,174,0,207,16,0,0,0,0,3,0,0,0,0,0,0,0,3,0,0,0,0,0,0,0,0,0,4,0,0,0,366,35,0,146,80,14,123,0,15,3,34,39,3,0,0,169,0,0,0,0,0,0,0,0,0,0,0,0,0,0,0,0,0,0,0,0,0,0,0,0,0,0,0,0,0,0,0,0,0,0,0,0,0,0,13,0,0,0,0,0,0,0,0,0,0,0,0,0,0,0,0,0,0,0,0,0,107,0,9,0,17,0,55,0,60,0,15,8,7,0,78,0,0,1,4,0,5,9,0,0,0,0,63,0,31,0,10,0,14,0,0,0,0,0,0,0,0,0,69,0,13,0,0,0,0,0,0,0,0,0,0,4,0,1,0,0,0,0,0,0,0,0,1,0,0,0,2,0,45,0,0,0,0,0,0,0,33,0,225,132,236,163,124,10,32,0,0,0,1,0,0,0,0
0,28,0,322,0,61,45,313,331,226,0,0,0,0,0,438,3,40,0,156,0,51,0,45,26,290,0,0,0,44,0,8,0,9,0,0,0,4,0,18,0,0,0,0,0,0,0,0,0,33,0,5,115,134,146,0,21,163,167,273,0,86,36,161,12,0,104,17,0,0,0,0,0,0,0,0,0,0,0,0,0,0,0,0,0,5,0,0,0,0,0,1,0,0,0,0,0,0,0,0,0,0,0,0,0,0,0,28,0,0,0,0,0,0,0,0,0,0,0,0,0,0,0,0,0,12,0,0,0,52,0,16,0,29,0,152,0,220,4,59,0,11,0,0,4,0,0,0,15,1,0,2,0,0,10,57,0,14,0,19,0,53,0,0,0,3,0,13,0,6,0,137,0,40,0,0,0,21,0,1,0,6,0,0,0,0,0,0,0,0,0,0,0,0,0,0,0,0,0,0,0,0,0,0,0,0,0,0,4,54,0,1,0,0,154,0,0,0,324,108,468,169,0,4,0
0,0,0,0,0,0,7,0,11,0,0,0,0,0,0,0,14,0,0,0,29,0,0,0,11,0,0,0,0,0,0,0,0,0,6,0,0,0,0,0,0,0,17,0,21,0,0,0,4,0,16,0,422,0,80,21,0,0,384,57,5,0,14,0,165,0,19,105,0,0,0,0,0,0,0,0,0,0,0,0,0,0,0,0,0,0,0,0,0,0,0,0,0,0,0,0,0,0,0,0,0,0,0,0,0,0,0,0,0,0,0,0,0,0,0,0,0,0,0,0,0,0,0,0,15,0,14,0,60,0,70,0,61,0,10,0,6,0,8,0,1,0,0,0,23,0,0,0,8,0,0,0,0,0,229,13,100,0,73,0,216,0,47,0,0,0,5,0,23,0,173,0,23,0,0,0,0,0,0,0,0,0,0,0,0,0,0,0,0,0,0,0,0,0,0,0,0,0,0,0,0,0,0,0,0,0,0,0,69,0,585,199,670,342,439,142,93,0,2,0,0,0,0,0,0
0,0,1,12,0,0,0,3,0,9,0,0,0,0,0,27,0,45,0,16,0,26,0,12,0,35,0,0,0,25,0,0,0,0,0,0,0,8,0,0,0,0,0,10,0,0,0,0,0,3,0,10,21,140,14,163,0,0,83,184,0,30,0,29,11,10,54,27,0,0,0,0,0,0,0,0,0,0,0,0,0,0,0,0,0,4,0,0,0,0,0,0,0,0,0,2,0,0,0,0,0,0,0,0,0,0,0,0,0,0,0,0,0,0,0,0,0,0,0,0,0,0,0,0,0,9,0,2,0,88,0,38,0,22,0,34,0,53,0,28,0,0,0,7,1,0,0,0,0,1,0,0,0,0,13,363,3,45,4,82,0,119,0,20,0,2,0,6,0,16,1,252,0,36,0,0,0,0,0,0,4,0,0,0,0,1,0,0,0,0,0,0,0,0,0,0,0,0,0,0,0,0,0,0,0,0,0,0,0,8,0,0,0,0,303,0,0,0,421,133,630,323,13,4,0
4,0,14,0,0,0,15,0,145,83,2,0,0,0,0,0,0,0,0,0,22,0,0,0,9,1,0,0,0,0,0,0,3,0,0,0,13,0,0,0,0,0,22,0,18,0,0,0,9,0,12,0,108,65,123,167,384,83,0,274,44,0,0,19,248,42,252,578,0,0,0,0,0,0,0,0,0,0,0,0,0,0,0,0,0,0,0,0,0,0,0,0,0,0,0,0,0,0,0,0,0,0,0,0,0,0,0,0,0,0,0,0,0,0,0,0,0,0,0,0,0,0,0,0,3,0,4,0,0,0,7,0,12,0,0,0,0,0,0,0,0,0,0,0,20,0,0,0,0,0,0,0,0,0,60,20,206,0,0,7,20,0,18,0,0,0,0,0,16,0,149,0,26,0,0,20,13,0,0,0,8,22,0,1,64,17,0,0,0,0,0,0,0,0,0,0,0,0,0,0,0,0,0,0,0,0,0,0,21,0,956,551,638,558,683,129,137,5,1,0,1,1,0,0,0
0,7,0,0,0,8,0,11,57,80,0,1,0,0,0,0,0,0,0,0,5,0,0,0,0,0,0,0,0,0,0,0,1,0,0,0,0,16,0,2,0,0,0,0,0,0,0,0,0,0,0,13,108,29,0,273,57,184,274,0,0,83,0,19,108,132,251,310,0,0,0,0,0,0,0,0,0,0,0,0,0,1,0,0,0,0,0,0,0,0,0,0,0,0,0,0,0,0,0,0,0,0,0,0,0,0,0,0,0,0,0,0,0,0,0,0,0,0,0,0,0,0,0,0,0,7,0,2,0,29,0,80,0,5,0,2,0,8,11,0,0,0,0,1,8,28,0,0,0,5,0,0,0,0,89,82,0,165,22,50,14,142,0,0,0,0,0,0,0,14,0,122,1,56,0,28,0,0,0,0,0,40,0,0,43,22,0,0,0,0,0,0,0,0,0,0,0,0,0,0,0,0,0,0,0,0,0,0,0,1,0,0,0,1,857,0,1,0,1050,403,726,558,53,15,0
107,3,30,0,0,0,346,7,209,0,0,0,0,0,0,0,10,2,0,0,8,0,0,0,32,12,0,0,12,0,11,0,27,0,9,0,21,0,15,1,0,0,35,0,12,0,0,0,0,0,24,0,40,0,15,0,5,0,44,0,0,0,80,5,0,0,0,2,0,0,6,0,3,0,0,0,0,0,0,0,0,0,0,0,0,0,0,0,0,0,0,0,0,0,0,0,0,0,0,0,0,0,0,0,0,0,0,0,0,0,0,0,0,0,0,0,0,0,0,0,0,0,0,0,0,0,0,0,0,0,0,0,0,0,0,0,0,0,97,0,75,0,0,0,118,0,0,0,0,0,0,0,0,0,20,0,45,0,16,0,0,0,8,0,0,0,2,0,0,0,107,0,151,0,0,0,0,0,0,0,0,0,0,0,0,0,0,0,0,0,0,0,0,0,0,0,0,0,0,0,0,0,0,0,0,0,0,0,0,0,33,202,40,20,18,0,0,0,0,0,0,0,0,0,0
0,41,0,0,0,0,0,73,4,235,0,0,0,0,0,4,0,0,0,15,0,0,0,0,0,13,0,17,0,19,0,0,0,21,0,11,0,37,0,19,0,0,0,9,0,0,0,0,0,0,0,0,0,95,3,86,0,30,0,83,0,0,0,61,0,0,0,22,0,0,0,2,0,0,0,0,0,0,0,0,0,3,0,0,0,0,0,0,0,0,0,0,0,0,0,0,0,0,0,0,0,0,0,0,0,0,0,0,0,0,0,0,0,0,0,0,0,0,0,0,0,0,0,0,0,0,0,0,0,0,0,0,0,0,0,0,0,33,0,65,0,112,0,25,0,117,0,0,0,0,0,0,0,0,0,22,0,93,0,20,0,0,0,0,0,1,0,3,0,0,0,74,0,78,0,0,0,30,0,0,0,0,0,19,0,0,0,0,0,0,0,0,0,0,0,0,0,0,0,0,0,0,0,0,0,0,0,0,0,0,0,0,0,0,31,0,0,0,147,185,83,0,0,0,0
77,43,73,0,0,0,439,76,177,202,0,0,0,0,21,0,449,18,37,0,215,0,16,4,117,155,30,0,142,0,12,0,26,0,0,0,8,0,27,9,0,0,11,0,75,0,0,0,0,0,0,0,178,8,34,36,14,0,0,0,80,0,0,46,0,0,0,3,0,0,63,0,0,0,115,0,0,0,0,0,125,0,0,0,321,0,85,0,0,0,15,0,0,0,0,0,80,0,0,0,0,0,0,0,0,0,69,0,0,0,0,0,0,0,0,0,0,0,0,0,121,0,89,0,0,0,0,0,18,0,0,0,15,0,0,0,38,0,127,0,122,0,65,2,56,0,0,0,0,0,0,0,0,0,27,2,64,0,40,0,0,0,0,0,0,0,0,0,0,0,0,0,22,0,0,0,1,7,0,0,0,0,0,4,0,0,0,0,0,0,0,0,0,0,0,0,0,0,0,0,0,0,0,0,0,0,0,0,0,0,33,179,17,19,21,0,0,0,0,1,2,0,0,0,0
5,21,0,3,0,2,68,123,106,216,0,0,0,2,0,26,0,180,0,52,0,153,0,130,61,85,0,28,0,89,0,13,0,22,0,0,0,19,0,15,0,0,0,0,0,15,0,0,0,20,0,0,19,80,39,161,0,29,19,19,5,61,46,0,0,1,4,15,0,0,0,0,0,0,0,0,0,0,0,0,0,0,0,0,0,4,0,0,0,0,0,0,0,0,0,0,0,0,0,0,0,0,0,0,0,0,0,0,0,0,0,0,0,0,0,0,0,0,0,0,0,0,0,0,0,0,0,0,0,3,0,0,0,0,0,0,0,28,0,52,0,0,0,17,1,20,0,0,0,0,0,0,0,0,0,77,0,42,0,60,0,0,0,0,0,1,0,4,0,0,0,3,0,0,0,0,0,71,0,0,0,0,0,28,0,0,0,0,0,0,0,0,0,0,0,0,0,0,0,0,0,0,0,0,0,0,0,0,0,0,0,0,0,0,29,0,0,0,67,239,28,27,0,1,0
5,0,7,0,0,0,6,0,145,0,5,0,0,0,4,0,0,0,0,0,9,0,0,0,1,6,0,0,0,0,0,0,0,0,0,0,3,0,0,0,0,0,0,0,0,0,0,0,0,0,0,0,2,0,3,12,165,11,248,108,0,0,0,0,0,86,120,72,0,0,0,0,1,0,0,0,0,0,0,0,0,0,0,0,0,0,0,0,0,0,0,0,0,0,0,0,0,0,0,0,0,0,0,0,0,0,0,0,0,0,0,0,0,0,0,0,0,0,0,0,0,0,0,0,21,0,0,0,0,0,41,0,0,0,0,0,0,0,12,37,0,0,0,0,113,23,19,0,97,0,4,2,0,0,16,81,26,0,7,59,342,0,17,0,0,0,2,0,2,0,0,0,10,0,9,0,18,0,2,0,384,78,3,0,142,8,0,0,0,0,0,0,0,0,0,0,0,0,0,0,0,0,0,0,0,0,4,0,24,0,215,154,88,0,149,0,0,0,0,0,0,0,0,0,0
0,44,0,0,0,0,0,0,0,221,0,8,0,0,0,0,0,0,0,12,0,0,0,0,0,0,0,8,0,0,0,0,0,0,0,0,0,0,0,0,0,0,0,0,0,4,0,0,0,0,0,0,11,0,0,0,0,10,42,132,0,0,0,1,86,0,18,634,0,0,0,0,0,0,0,0,0,0,0,0,0,0,0,0,0,0,0,0,0,0,0,0,0,0,0,0,0,0,0,0,0,0,0,0,0,0,0,0,0,0,0,0,0,0,0,0,0,0,0,0,0,0,0,0,0,23,0,7,22,0,80,220,0,0,0,0,0,3,57,15,0,0,0,0,20,43,0,25,91,333,0,11,0,5,41,2,0,0,66,7,76,255,0,10,0,0,0,0,0,0,0,8,0,0,0,47,0,0,0,5,40,431,0,53,0,169,0,0,0,0,0,0,0,0,0,0,0,0,0,0,0,0,0,0,0,0,0,27,0,20,0,0,0,0,100,0,0,0,170,48,42,0,0,0,0
15,0,0,0,0,0,7,0,250,45,0,0,0,0,0,0,1,0,0,0,0,0,0,0,0,0,0,0,0,0,0,0,0,0,0,0,0,0,0,0,0,0,0,0,0,0,0,0,0,0,1,0,2,44,0,104,19,54,252,251,0,0,0,4,120,18,0,244,0,0,0,0,0,0,0,0,0,0,0,0,0,0,0,0,0,0,0,0,0,0,0,0,0,0,0,0,0,0,0,0,0,0,0,0,0,0,0,0,0,0,0,0,0,0,0,0,0,0,0,0,0,0,0,0,0,0,1,0,0,0,12,0,0,0,0,3,0,0,0,0,0,0,0,0,2,0,2,0,19,0,0,0,0,0,5,0,10,0,0,0,48,0,5,0,0,0,0,0,0,0,0,0,0,0,0,25,30,0,0,0,11,16,0,0,474,18,0,0,0,0,0,0,0,0,0,0,0,0,0,0,0,0,0,0,0,0,0,0,0,0,32,66,25,0,35,18,0,0,0,0,0,0,0,0,0
0,4,0,0,0,0,0,1,211,185,0,0,0,0,0,0,1,0,0,0,0,0,0,0,0,0,0,0,0,0,0,0,0,2,0,0,0,0,0,0,0,0,0,0,0,0,0,0,0,1,0,0,206,6,169,17,105,27,578,310,2,22,3,15,72,634,244,0,0,0,0,0,0,0,0,0,0,0,0,0,0,0,0,0,0,0,0,0,0,0,0,0,0,0,0,0,0,0,0,0,0,0,0,0,0,0,0,0,0,0,0,0,0,0,0,0,0,0,0,0,0,0,0,0,0,18,0,2,0,0,0,81,0,0,0,0,0,0,7,0,0,0,0,0,0,11,0,2,0,32,0,0,0,0,127,6,18,33,23,6,0,210,0,0,0,0,0,0,0,0,0,21,0,0,0,128,50,31,0,0,10,128,0,4,68,520,0,0,0,0,0,0,0,0,0,0,0,0,0,1,0,0,0,0,0,0,0,2,0,4,0,0,0,0,191,0,0,0,221,147,116,125,16,0,0
0,0,0,0,0,0,0,0,0,0,0,0,0,0,0,0,0,0,0,0,0,0,0,0,0,0,0,0,0,0,0,0,0,0,0,0,0,0,0,0,0,0,0,0,2,0,0,0,6,0,2,0,0,0,0,0,0,0,0,0,0,0,0,0,0,0,0,0,0,0,0,0,7,0,0,0,192,0,31,0,5,0,31,0,0,0,10,0,8,0,0,0,16,0,28,0,4,1,0,0,4,0,246,0,0,0,0,0,24,0,21,0,10,0,0,0,0,0,0,0,0,0,0,0,2,0,2,0,0,0,0,0,0,0,0,0,0,4,0,0,2,0,0,0,1,0,0,0,0,0,0,0,0,0,0,0,0,0,0,0,0,0,0,0,49,0,0,0,129,0,4,0,0,0,0,0,0,0,0,0,0,0,0,0,0,0,0,0,0,0,0,0,0,0,0,0,6,0,0,0,0,0,13,0,0,0,0,0,5,0,37,1,30,4,4,25,10,5,0,0,0,0,0,0,0
1,0,0,0,0,0,0,0,0,0,0,0,0,6,0,0,0,0,0,0,0,0,0,0,0,0,0,12,0,0,0,0,0,0,0,0,0,1,0,0,0,3,0,0,0,14,0,0,0,2,0,9,0,0,0,0,0,0,0,0,0,0,0,0,0,0,0,0,0,0,0,0,0,14,0,0,0,34,0,0,0,0,0,13,0,0,0,20,0,24,0,0,0,10,0,13,0,10,0,0,0,5,0,84,0,19,0,9,0,13,0,1,0,5,0,0,0,5,0,0,0,3,0,0,0,0,0,0,0,0,0,0,0,0,0,0,0,0,0,0,0,0,1,0,0,0,0,0,0,1,0,0,0,0,0,0,0,0,0,0,0,0,0,4,0,109,0,0,0,33,0,0,0,0,0,0,0,0,0,0,0,0,0,0,0,0,0,0,0,24,0,0,0,0,0,26,1,0,0,0,0,0,0,0,0,0,0,0,0,0,0,0,0,0,3,0,0,0,26,4,95,0,7,4,1
0,0,0,0,0,0,0,0,0,0,0,0,0,0,0,0,70,0,0,0,226,0,0,0,0,0,85,0,35,0,19,0,9,0,31,0,24,0,5,0,0,0,55,0,52,0,0,0,0,0,19,0,0,0,0,0,0,0,0,0,6,0,63,0,0,0,0,0,0,0,0,0,307,0,324,4,12,0,159,0,4,0,0,0,0,1,27,0,0,0,0,0,0,0,0,0,0,0,1,0,0,0,0,0,0,0,0,0,0,0,0,0,0,0,0,0,0,0,0,0,49,0,11,0,30,0,0,0,0,0,11,9,36,0,34,0,101,0,16,10,124,11,103,0,262,0,0,0,15,7,0,0,41,5,2,0,9,0,0,0,2,0,111,0,1,0,0,0,32,0,36,0,44,0,146,0,0,0,0,0,23,0,1,0,14,0,0,0,0,0,0,0,0,0,0,0,0,0,0,0,0,0,0,0,0,0,0,0,0,2,47,0,5,0,0,0,0,0,0,0,5,0,0,0,0
0,0,0,0,0,0,0,0,0,0,0,0,0,0,0,0,0,0,0,0,0,0,0,0,0,0,0,0,0,0,0,0,0,0,0,0,0,7,0,0,0,0,0,0,0,0,0,0,0,0,0,0,0,0,0,0,0,0,0,0,0,2,0,0,0,0,0,0,0,0,0,0,0,177,0,295,0,16,0,12,0,0,0,0,0,0,1,48,0,0,0,0,0,0,0,0,0,0,0,0,0,0,0,0,0,0,0,0,0,0,0,0,0,0,0,0,0,0,0,0,0,15,0,34,0,36,0,41,0,0,10,25,0,61,0,0,0,56,0,11,0,64,0,21,0,262,0,0,0,51,0,36,0,35,0,0,0,0,0,0,0,0,0,30,0,0,0,0,0,13,0,31,0,34,0,19,0,0,0,0,0,48,0,0,0,0,0,0,0,2,0,0,0,5,0,0,0,0,0,0,0,0,0,0,0,0,0,0,0,0,0,0,0,0,0,0,0,0,60,0,4,0,0,0,0
0,0,0,0,0,0,0,0,0,0,0,0,0,0,0,0,15,0,0,0,0,0,0,0,2,0,0,0,0,0,3,0,0,0,0,0,0,0,0,0,0,0,0,0,0,0,0,0,0,0,4,0,0,0,0,0,0,0,0,0,3,0,0,0,1,0,0,0,7,0,307,0,0,0,210,0,68,0,230,0,0,0,34,0,56,0,21,0,0,0,0,0,16,0,0,0,9,0,1,0,0,0,0,0,0,0,0,0,0,0,0,0,0,0,0,0,0,0,0,0,33,0,22,0,24,0,0,0,0,0,25,0,59,0,88,0,164,0,22,0,104,0,215,0,177,0,18,0,3,0,47,0,0,0,0,0,4,0,0,0,2,0,157,0,0,0,0,0,83,0,13,0,14,0,18,0,0,0,0,0,0,0,0,0,0,0,0,0,0,0,0,0,59,0,0,0,0,0,104,0,56,0,67,0,0,0,0,0,82,0,338,0,13,0,17,0,1,0,0,0,0,0,0,0,0
0,0,0,0,0,0,0,0,0,0,0,0,0,0,0,0,0,0,0,0,0,0,0,0,0,0,0,0,0,0,0,2,0,0,0,0,0,0,0,0,0,0,0,0,0,0,0,0,0,0,0,0,0,0,0,0,0,0,0,0,0,0,0,0,0,0,0,0,0,14,0,177,0,0,0,250,0,146,0,58,0,13,0,40,0,71,0,111,0,0,0,0,0,0,0,0,0,0,0,3,0,0,0,0,0,5,0,0,0,3,0,0,0,0,0,0,0,4,0,0,0,34,0,34,0,49,0,50,0,41,0,26,0,65,0,138,0,79,0,13,0,50,0,29,0,168,0,15,0,0,0,40,0,25,0,0,0,0,0,0,0,0,0,29,0,0,0,0,0,21,0,13,0,0,0,14,0,0,0,0,5,39,0,0,0,0,0,0,0,0,0,0,0,0,0,23,0,0,0,0,0,85,0,0,0,20,0,0,0,0,0,0,0,0,6,0,0,0,252,0,33,0,4,0,0
0,0,0,0,0,0,0,0,0,0,0,0,0,0,0,0,128,0,0,0,263,0,0,0,0,0,0,0,48,0,19,0,0,0,27,0,23,0,9,0,0,0,60,0,73,0,0,0,0,0,19,0,14,0,0,0,0,0,0,0,0,0,115,0,0,0,0,0,0,0,324,0,210,0,0,0,19,0,309,0,22,0,68,0,96,0,98,0,0,0,0,0,0,0,17,0,5,0,0,0,1,1,0,0,0,0,0,5,0,0,0,0,0,0,0,0,0,0,0,0,220,0,74,0,23,17,16,0,0,0,0,10,24,18,41,0,77,28,21,0,284,33,193,0,197,1,26,14,19,0,0,0,36,0,0,0,0,0,0,0,0,0,45,0,0,0,1,0,18,0,25,0,34,0,152,0,0,0,0,0,20,7,0,0,0,0,0,0,0,0,0,0,16,0,0,0,4,0,75,0,48,0,0,0,0,0,0,0,0,0,101,0,6,0,3,1,0,0,0,0,0,0,0,0,0
0,6,0,0,0,0,0,0,0,0,0,0,0,0,0,0,0,0,0,0,0,48,0,0,0,0,0,0,0,0,0,0,0,0,0,0,0,0,0,0,0,0,0,0,0,37,0,0,0,0,0,23,1,0,0,0,0,0,0,0,0,0,0,0,0,0,0,0,0,0,4,295,0,250,0,0,0,39,0,82,0,0,0,9,0,62,0,220,0,0,0,0,0,0,0,0,0,0,0,0,0,0,0,0,0,0,0,0,0,0,0,0,0,0,0,0,0,0,0,0,0,202,0,87,0,0,0,41,0,0,0,0,0,76,0,105,0,134,2,10,0,145,3,65,0,480,17,0,0,70,0,0,0,87,0,0,0,13,0,0,0,0,0,51,0,2,0,0,0,23,0,45,0,50,0,41,0,1,0,0,14,73,0,0,0,3,0,0,0,0,0,0,0,0,0,0,0,22,0,0,0,29,0,0,0,0,0,0,0,0,1,0,0,0,5,0,0,0,96,0,30,0,3,0,0
0,0,0,0,0,0,0,0,0,0,1,0,0,0,0,0,0,0,0,0,0,0,0,0,0,0,0,0,0,0,0,0,0,0,0,0,0,0,0,0,0,0,0,0,7,0,0,0,0,0,0,0,0,0,0,0,0,0,0,0,0,0,0,0,0,0,0,0,192,0,12,0,68,0,19,0,0,0,64,0,22,0,71,0,0,0,38,0,0,0,0,0,32,0,25,0,7,0,8,0,0,0,93,0,0,0,7,0,26,0,0,0,9,0,2,0,1,0,0,0,0,0,0,0,0,0,0,0,0,0,2,0,0,0,0,0,0,0,0,0,0,2,16,3,0,0,0,0,0,0,0,0,8,0,0,0,0,0,0,0,0,0,0,0,17,0,0,0,10,0,2,0,0,0,0,0,0,0,0,0,0,0,0,0,0,0,0,0,0,0,17,0,0,0,24,0,0,0,0,0,14,0,0,0,0,0,0,0,0,0,87,2,36,3,4,12,0,0,0,0,0,0,0,0,0
0,0,0,0,0,0,0,0,0,0,0,0,0,0,0,0,0,0,0,0,0,0,0,0,0,0,0,0,0,0,0,0,0,0,0,0,0,0,0,0,0,0,0,0,0,0,0,0,0,0,0,0,0,0,0,0,0,0,0,0,0,0,0,0,0,0,0,0,0,34,0,16,0,146,0,39,0,0,0,20,0,35,0,80,0,13,0,108,0,0,0,2,0,14,0,14,0,0,0,0,0,6,0,141,0,0,1,0,0,29,0,1,0,5,0,0,0,7,0,0,0,15,0,0,0,0,0,0,0,0,0,0,0,0,0,0,0,0,0,0,0,0,0,0,0,0,0,0,0,0,0,0,0,0,0,0,0,0,0,0,0,1,0,5,0,51,0,2,0,90,0,0,0,0,0,0,0,0,0,1,0,0,0,0,0,0,0,0,0,97,0,0,0,0,0,99,0,0,0,0,0,37,0,0,0,0,0,0,8,0,0,0,0,0,0,0,0,0,114,0,169,0,10,0,2
