0,471,56,227,8,0,12,97,17,39,33,0,34,0,15,75,64,60,0,0,0,0,43,155,17,269,15,0,164,0,0,0,161,0,0,0,203,0,914,44,5,0,0,0,6,0,19,0,4,0,0,0,2,0,3,0,0,0,3,0,105,0,16,0,10,0,0,0,0,0,0,0,0,0,0,0,0,0,1,0,0,0,0,0,0,0,0,0,0,0,0,0,1,0,0,0,0,0,0,1,0,0,0,0,0,0,0,0,0,0,0,0,0,0,0,0,0,0,0,0,0,0,0,0,20,0,17,0,0,0,10,0,0,0,7,0,0,0,0,0,0,0,4,0,0,0,0,0,17,0,10,0,1,0,0,0,0,0,0,0,7,2,0,0,17,0,63,0,54,0,2,0,507,33,0,0,357,189,10,2,0,0,0,0,7,0,1,0,0,0,0,0,0,0,0,0,0,0,0,0,0,0,0,0,0,0,0,0,10,0,487,277,399,93,340,1,6,0,0,0,23,3,0,3,0
471,0,246,33,0,33,160,28,0,18,11,129,0,69,0,25,190,54,0,34,15,0,422,32,266,81,0,123,29,318,5,0,0,242,0,0,22,255,110,856,0,25,0,0,0,57,0,105,0,0,0,15,3,0,37,15,0,1,0,21,19,218,53,51,0,49,0,3,0,0,0,0,0,0,0,0,0,0,0,0,0,0,0,0,0,0,0,0,0,0,0,0,0,0,0,0,0,0,0,0,0,0,0,0,0,0,0,3,0,0,0,0,0,0,0,0,0,0,0,0,0,0,0,0,0,24,0,0,0,0,0,56,0,1,0,22,0,14,0,0,0,0,0,0,0,1,0,18,0,82,0,73,0,34,0,0,0,9,0,0,0,0,0,0,0,10,0,21,4,33,0,29,51,343,0,9,119,385,0,5,0,34,7,2,0,83,0,0,0,0,0,0,0,0,0,0,0,0,0,0,0,0,0,0,0,0,0,11,0,0,5,0,30,0,522,0,0,0,807,145,480,109,4,7,0
56,246,0,111,289,0,18,0,16,0,97,0,92,0,297,60,90,23,138,0,23,0,657,103,88,62,126,0,412,0,96,0,217,0,0,0,0,0,627,0,33,0,0,0,42,0,56,0,11,0,0,0,0,0,66,0,5,0,13,0,0,0,61,0,0,0,9,0,0,0,0,0,0,0,0,0,0,0,0,0,0,0,0,0,0,0,0,0,0,0,0,0,0,0,0,0,0,0,0,0,0,0,0,0,0,0,0,0,0,0,0,0,0,0,0,0,0,0,0,0,0,0,0,0,74,0,78,0,0,0,33,0,11,0,47,0,44,0,0,0,0,0,58,0,0,0,15,0,33,0,28,0,0,0,0,0,0,0,0,0,15,0,0,0,5,0,34,0,25,1,0,0,228,0,0,0,0,46,0,1,0,0,0,0,0,0,0,0,0,0,0,0,0,0,0,0,0,0,1,0,0,0,0,0,0,0,0,0,31,0,412,56,379,0,415,0,0,0,7,0,0,0,0,0,0
227,33,111,0,0,64,0,32,0,0,33,103,0,83,13,171,111,25,0,191,16,43,217,207,114,370,0,179,18,506,0,89,42,371,0,6,25,57,72,301,0,11,0,0,0,9,0,75,0,4,0,0,3,0,0,19,0,3,0,9,0,0,0,0,0,0,0,0,0,0,0,0,0,0,0,0,0,0,0,0,0,0,0,0,0,0,0,0,0,0,0,0,0,0,0,0,0,0,0,0,0,0,0,0,0,0,0,6,0,0,0,0,0,0,0,0,0,0,0,0,0,0,0,0,0,3,0,1,0,0,0,9,0,1,0,87,0,72,0,0,0,0,0,0,0,0,0,0,0,0,0,0,0,0,0,0,0,0,0,0,0,4,0,0,0,0,0,21,3,16,0,0,38,106,0,0,45,48,1,0,0,0,0,0,0,0,0,0,0,0,0,0,0,0,0,0,0,0,0,0,0,0,0,0,0,0,0,6,0,0,0,0,0,0,155,0,0,0,197,39,227,0,0,0,0
8,0,289,0,0,372,0,0,0,0,70,167,282,0,238,224,0,0,152,175,71,94,88,0,0,0,218,0,0,0,373,27,643,0,136,62,323,33,0,0,53,0,0,0,17,6,87,0,10,1,44,0,0,0,0,0,0,0,0,0,0,0,0,0,12,0,2,0,0,0,0,0,0,0,0,1,0,0,0,0,0,0,0,0,0,0,0,0,0,0,0,0,0,0,0,0,0,0,0,0,0,0,1,0,5,0,0,0,0,0,0,0,0,0,0,0,0,0,0,0,0,0,0,0,21,0,34,0,0,0,16,0,0,0,41,0,0,0,0,0,0,1,39,0,0,0,0,0,108,0,76,0,83,0,0,0,0,0,0,0,0,0,0,0,59,0,309,3,206,0,0,1,146,0,0,0,25,96,58,0,0,0,16,0,49,0,1,0,0,0,0,0,0,0,0,0,5,0,1,0,7,0,0,0,0,0,0,0,24,0,499,317,676,0,397,0,6,0,0,20,49,0,0,0,0
0,33,0,64,372,0,0,11,0,8,207,96,295,322,322,129,0,0,214,276,227,124,154,115,0,8,0,497,0,31,103,0,169,341,128,162,129,157,0,0,0,21,0,0,0,38,5,181,0,12,0,148,0,0,0,0,0,0,0,5,0,0,0,0,0,0,0,0,0,0,0,0,0,0,0,0,0,0,0,0,0,0,0,0,0,0,0,5,0,0,0,0,0,0,0,0,0,0,0,0,0,0,0,0,0,0,0,0,0,0,0,0,0,0,0,0,0,0,0,0,0,0,0,0,0,0,0,0,0,0,0,6,0,0,0,45,0,0,0,0,0,0,0,0,0,0,0,0,0,0,0,60,0,68,0,0,0,0,0,0,0,0,0,0,0,68,0,259,0,191,0,16,0,121,0,0,33,229,27,14,0,76,0,0,0,42,0,4,0,0,0,0,0,0,0,0,0,0,0,0,0,0,0,0,0,0,0,0,0,0,32,64,0,0,267,0,0,0,339,327,664,179,0,0,0
12,160,18,0,0,0,0,0,67,420,0,0,0,0,0,0,0,45,0,0,0,0,12,0,55,257,0,0,38,0,0,0,0,0,0,0,0,0,0,0,0,0,0,0,6,0,1,0,41,0,0,0,113,59,179,160,5,0,14,0,471,0,273,91,49,0,29,27,0,0,0,0,0,0,0,0,0,0,0,0,0,0,0,0,0,0,0,0,0,0,0,0,0,0,0,0,0,0,0,0,0,0,0,0,0,0,0,0,0,0,0,0,0,0,1,0,1,0,1,0,0,0,0,0,32,0,0,0,0,0,42,0,0,0,9,0,0,0,0,0,0,0,0,0,0,0,2,0,0,0,0,0,0,0,0,0,12,0,0,0,29,0,5,0,17,0,0,0,60,0,207,6,431,5,0,0,52,82,0,0,0,0,0,0,5,36,0,0,2,0,0,0,0,0,0,0,0,0,0,0,0,0,0,0,0,0,0,0,0,0,840,76,603,296,868,4,88,0,0,11,17,0,0,0,0
97,28,0,32,0,11,0,0,211,43,0,29,0,0,0,50,26,27,0,0,0,0,0,9,107,154,0,31,0,50,0,1,0,0,0,0,0,0,0,316,0,1,0,0,0,0,0,0,0,0,0,16,25,39,92,388,0,43,0,53,0,343,85,358,0,57,0,26,0,0,0,0,0,0,0,0,0,0,0,0,0,0,0,0,0,0,0,0,0,0,0,0,0,0,0,0,0,0,0,1,0,0,0,0,0,0,0,0,0,0,0,0,0,0,0,0,0,0,0,0,0,0,0,0,0,14,0,0,0,0,0,117,0,0,0,16,0,13,0,0,0,0,0,0,0,0,0,0,0,5,0,0,0,0,0,7,0,34,0,0,0,12,0,0,0,12,0,0,0,27,0,55,21,93,0,0,21,42,0,0,0,0,5,2,0,0,0,0,0,0,0,0,0,0,0,0,0,0,0,0,0,0,0,0,0,0,0,0,0,0,0,5,0,0,651,0,0,0,525,31,499,225,16,71,0
17,0,16,0,0,0,67,211,0,518,15,0,0,0,0,0,17,20,0,0,0,0,0,0,5,246,0,0,0,0,0,0,0,0,0,0,0,0,0,8,0,0,0,0,0,0,0,0,14,0,0,0,75,115,62,309,19,8,66,79,202,0,79,80,246,1,202,76,0,0,0,0,0,0,0,0,0,0,0,0,0,0,0,0,0,0,1,0,0,0,0,0,0,0,0,0,0,0,0,0,0,0,0,0,0,0,0,0,0,0,0,0,0,0,0,0,0,0,0,0,0,0,0,0,115,0,55,0,2,0,113,0,3,0,15,0,4,0,0,0,0,0,6,0,0,0,32,0,166,0,25,0,5,0,2,3,22,17,0,0,83,0,0,0,5,0,0,0,16,2,67,0,89,0,0,0,218,93,8,0,0,0,6,0,160,55,0,0,0,0,3,1,0,0,0,0,0,0,4,0,5,0,0,0,1,0,0,0,13,0,256,43,241,76,236,5,0,0,0,12,0,6,0,0,0
39,18,0,0,0,8,420,43,518,0,0,8,0,0,0,2,0,16,0,5,0,0,0,0,116,6,0,0,0,1,0,0,0,0,0,0,0,0,0,0,0,0,0,0,0,0,0,0,0,4,0,0,222,106,385,64,0,14,71,170,0,283,115,230,0,287,36,98,0,0,1,0,0,1,0,0,0,0,0,0,0,0,0,0,0,0,0,0,0,0,0,0,0,0,0,0,0,0,0,0,0,0,0,0,0,1,0,2,0,0,0,0,0,0,0,0,0,0,0,0,0,1,0,0,0,39,0,0,0,2,0,139,0,2,0,19,0,6,0,0,0,0,0,0,0,0,0,16,0,86,0,45,0,15,0,12,0,96,0,1,0,11,0,3,1,0,0,0,0,14,0,44,21,20,0,0,59,239,0,0,0,0,1,0,7,55,0,0,0,0,0,0,0,0,0,0,0,0,0,7,0,2,0,0,0,0,0,16,0,5,9,5,19,5,449,1,0,0,399,40,313,240,29,53,0
33,11,97,33,70,207,0,0,15,0,0,99,209,0,16,164,0,0,20,26,17,21,18,44,0,0,78,0,0,0,111,12,434,35,19,0,297,14,76,0,74,0,4,0,0,0,72,0,5,0,7,0,0,0,2,0,0,0,0,0,0,0,0,0,25,0,3,0,0,0,0,0,0,0,0,0,0,0,0,0,0,0,0,0,0,0,0,0,0,0,0,0,0,0,0,0,0,0,0,0,0,0,0,0,0,0,0,0,0,0,0,0,0,0,0,0,0,0,0,0,0,0,0,0,25,0,48,0,0,0,13,0,3,0,11,0,8,0,0,0,0,0,0,0,0,0,20,0,64,0,38,0,74,0,0,0,0,0,0,0,0,0,0,0,5,0,123,0,60,0,0,0,103,0,7,0,90,43,22,0,28,0,23,0,27,0,7,0,0,0,0,0,0,0,0,0,0,0,0,0,0,0,0,0,0,0,0,0,15,0,214,178,321,58,168,2,0,0,9,0,0,3,0,0,0
0,129,0,103,167,96,0,29,0,8,99,0,52,225,204,12,4,0,68,27,132,61,161,91,0,2,0,138,0,102,59,66,112,503,0,43,73,197,6,72,0,113,0,6,0,64,0,253,0,30,0,11,0,0,0,0,0,0,0,0,0,0,0,0,0,10,0,0,0,0,0,0,0,0,0,3,0,0,0,0,0,0,0,0,0,0,0,0,0,0,0,0,0,0,0,0,0,2,0,0,0,0,0,0,0,0,0,0,0,0,0,0,0,0,0,0,0,0,0,0,0,0,0,0,0,9,0,0,0,0,0,38,0,4,0,14,0,6,0,0,0,0,0,0,0,2,0,17,0,52,0,50,0,41,0,0,0,0,0,0,0,0,0,0,0,11,21,79,0,57,0,5,0,127,0,29,29,205,11,12,0,58,0,8,0,35,0,10,0,0,0,0,0,0,0,0,0,0,0,0,0,0,0,0,0,0,0,7,0,5,19,30,70,0,203,0,0,0,392,250,385,99,0,0,0
34,0,92,0,282,295,0,0,0,0,209,52,0,538,79,55,0,0,43,459,23,106,0,0,0,0,160,664,0,0,36,0,6,0,209,38,42,32,0,0,170,46,153,81,58,52,205,108,18,0,179,99,0,0,4,0,0,0,0,0,0,0,0,0,17,0,0,0,0,0,0,0,0,0,0,0,0,0,0,0,0,0,0,0,0,0,0,0,0,0,2,0,0,0,0,0,0,0,0,0,0,0,0,0,0,0,0,0,0,0,0,0,0,0,0,0,0,0,0,0,0,0,0,0,16,0,25,0,0,0,10,0,0,0,26,0,9,0,0,0,0,0,0,0,0,0,0,0,104,0,90,0,148,0,0,0,0,0,0,0,0,0,0,0,185,0,29,0,133,0,0,0,0,0,0,0,23,96,79,0,137,0,45,0,110,0,68,39,0,0,0,0,0,0,0,0,0,0,0,0,0,0,0,0,0,0,0,0,25,0,203,329,405,93,88,0,0,0,0,35,44,5,0,0,0
0,69,0,83,0,322,0,0,0,0,0,225,538,0,0,0,0,0,431,17,102,41,0,1,0,0,280,74,0,0,0,0,0,6,156,36,36,13,0,0,83,176,72,80,23,55,0,259,1,117,65,324,0,0,0,0,0,0,0,3,0,0,0,0,0,6,0,0,0,0,0,0,0,0,0,0,0,0,0,0,0,3,0,0,0,0,0,0,0,0,0,0,0,0,0,0,0,0,0,0,0,0,0,0,0,0,0,0,0,0,0,0,0,0,0,0,0,0,0,0,0,0,0,0,0,0,0,0,0,0,0,0,0,0,0,0,0,0,0,0,0,0,0,0,0,0,0,0,0,0,0,0,0,12,0,0,0,0,0,0,0,0,0,0,0,0,0,0,0,0,0,3,0,0,0,0,0,212,0,43,0,0,0,4,0,0,6,35,0,0,0,0,0,0,0,0,0,0,0,0,0,0,0,0,0,0,0,0,0,0,0,60,47,0,28,0,0,0,76,314,254,62,0,0,0
15,0,297,13,238,322,0,0,0,0,16,204,79,0,0,277,14,0,207,85,76,107,123,17,12,0,156,13,0,2,278,0,146,61,46,52,50,35,0,0,12,0,0,0,0,0,26,0,0,0,0,0,0,0,73,0,0,0,0,0,0,0,0,0,0,1,0,0,0,0,0,0,0,0,0,0,0,0,0,0,0,0,0,0,12,0,0,0,0,0,0,0,0,0,0,0,0,0,0,0,0,0,0,0,0,0,0,0,0,0,0,0,0,0,0,0,0,0,0,0,0,0,0,0,0,0,27,0,0,0,0,0,0,0,34,0,68,0,0,0,0,0,129,0,0,0,0,0,71,0,44,0,0,0,0,0,0,0,0,0,2,0,0,0,0,0,88,4,31,1,0,0,0,5,0,0,11,29,5,0,15,0,0,0,16,0,0,0,0,0,0,0,0,0,0,0,0,0,0,0,28,0,0,0,0,0,0,0,16,0,68,99,84,0,32,2,0,0,27,23,26,0,0,0,0
75,25,60,171,224,129,0,50,0,2,164,12,55,0,277,0,19,25,46,309,188,170,278,340,0,73,0,107,0,13,69,46,148,117,0,13,92,87,18,10,0,0,0,3,0,16,0,12,0,0,0,15,0,0,0,49,0,15,0,19,0,0,0,5,0,6,0,0,0,0,0,0,0,0,0,0,0,0,0,0,0,47,0,0,2,236,0,0,0,0,0,0,0,0,0,0,0,79,0,80,0,61,0,0,0,0,0,59,0,0,0,0,0,0,0,0,0,0,0,0,0,0,0,0,0,0,0,0,0,0,0,24,0,12,0,461,0,262,0,24,0,0,0,209,0,3,0,0,0,0,0,39,0,0,0,0,0,0,0,4,0,0,0,0,0,4,0,66,11,22,0,3,16,49,0,0,14,17,11,0,0,18,0,0,0,15,0,0,0,0,0,0,0,0,0,0,0,0,0,0,0,30,0,0,0,0,0,0,0,22,21,21,67,0,53,0,0,0,75,260,68,24,4,2,0
64,190,90,111,0,0,0,26,17,0,0,4,0,0,14,19,0,21,52,0,110,0,57,64,88,172,137,0,456,9,56,0,83,0,10,0,4,7,193,19,0,0,13,0,32,0,0,0,0,0,0,0,165,0,23,0,29,0,0,0,7,0,206,0,0,0,0,0,0,0,11,0,0,0,16,0,0,0,0,0,70,0,0,0,306,0,17,0,0,0,64,0,0,0,0,0,298,0,116,0,0,0,0,0,0,0,92,0,0,0,0,0,0,0,0,0,0,0,0,0,56,0,102,0,0,0,0,0,110,0,0,0,0,0,0,0,296,0,413,0,321,0,592,0,2,0,0,0,0,0,0,0,0,0,46,0,0,0,90,0,11,0,0,0,0,0,0,0,5,0,0,0,8,0,0,0,36,21,0,0,0,0,14,1,0,0,0,0,0,0,0,0,0,0,0,0,0,0,0,0,0,0,0,0,0,0,0,0,3,0,0,192,27,4,12,0,0,0,13,0,7,0,0,0,0
60,54,23,25,0,0,45,27,20,16,0,0,0,0,0,25,21,0,0,23,1,249,38,110,56,66,0,0,0,523,0,41,0,26,0,35,1,0,0,180,0,0,0,12,0,0,0,0,0,0,0,0,6,93,0,4,0,15,0,0,4,14,17,117,0,0,0,0,0,0,0,0,0,0,0,0,0,0,0,0,0,0,0,0,0,168,0,0,0,0,0,11,0,0,0,0,0,14,0,0,0,16,0,0,0,0,0,0,0,0,0,0,0,0,0,0,0,0,0,0,0,0,0,0,0,0,0,0,0,62,0,0,0,131,0,39,0,212,0,200,0,77,0,377,0,0,0,0,0,0,0,0,0,0,0,43,0,0,0,37,0,4,0,0,0,0,0,0,0,0,0,0,0,0,0,0,0,17,0,0,0,0,0,30,0,0,0,0,0,0,0,0,0,0,0,0,0,0,0,0,0,0,0,0,0,0,0,0,0,0,0,0,0,0,0,0,0,0,3,171,0,0,0,0,0
0,0,138,0,152,214,0,0,0,0,20,68,43,431,207,46,52,0,0,449,180,170,128,0,32,0,128,384,0,0,22,0,0,0,285,73,0,32,0,0,15,0,73,75,4,18,10,0,0,0,196,122,0,0,87,0,0,0,0,0,0,0,0,0,10,0,0,0,0,0,0,0,0,0,0,0,0,0,0,0,0,0,0,0,201,0,0,0,0,0,0,0,0,0,0,0,0,0,0,0,0,0,0,0,0,0,109,0,0,0,0,0,0,0,0,0,0,0,0,0,0,0,0,0,0,0,0,0,0,0,12,0,0,0,40,0,0,0,0,0,0,0,380,0,0,2,0,0,130,0,111,0,0,0,0,0,0,0,0,0,0,0,0,0,48,0,15,0,69,0,0,0,0,0,0,0,0,27,13,0,0,0,0,0,56,0,5,0,0,0,0,0,0,0,0,0,0,0,0,0,123,0,0,0,0,0,0,0,22,0,134,117,106,0,35,0,0,1,0,34,33,4,0,0,0
0,34,0,191,175,276,0,0,0,5,26,27,459,17,85,309,0,23,449,0,160,123,0,69,0,81,83,297,0,0,0,7,0,4,187,171,59,35,0,0,0,0,30,78,0,31,0,12,0,0,25,218,0,0,0,0,0,0,0,0,0,0,0,21,0,27,0,0,0,0,0,0,0,0,0,0,0,0,0,0,0,0,0,0,0,246,0,0,0,0,0,0,0,0,0,0,0,103,0,0,0,0,0,0,0,0,0,0,0,0,0,0,0,0,0,0,0,0,0,0,0,0,0,0,0,45,0,0,0,0,0,0,0,0,0,420,0,274,0,0,0,0,0,216,0,0,0,0,0,0,0,0,0,0,0,0,0,0,0,0,0,0,0,0,0,71,0,102,0,107,0,0,0,6,0,23,0,30,0,0,0,0,0,0,0,0,3,22,0,0,0,0,0,0,0,0,0,0,0,0,0,63,0,0,0,0,0,0,0,0,0,56,63,0,106,0,0,0,127,142,192,72,6,0,0
0,15,23,16,71,227,0,0,0,0,17,132,23,102,76,188,110,1,180,160,0,92,168,30,22,0,109,115,27,0,220,0,152,55,43,32,8,21,0,1,0,0,13,19,4,3,0,0,0,0,36,0,20,0,39,0,10,0,0,0,0,0,15,0,0,0,0,0,8,0,19,0,0,0,47,0,0,0,0,0,117,0,0,0,316,0,0,0,0,0,94,0,0,0,0,0,452,0,266,0,205,0,0,0,0,0,150,0,0,0,0,0,0,0,0,0,0,0,0,0,73,0,126,0,0,0,0,0,65,0,0,0,0,0,12,0,215,0,163,0,277,0,614,0,0,0,0,0,0,0,0,0,0,0,12,0,0,0,0,0,0,0,0,0,0,0,10,0,23,0,0,0,7,0,0,0,0,18,25,0,0,0,0,0,3,0,4,1,0,0,0,0,0,0,0,0,0,0,0,0,72,0,0,0,0,0,0,0,0,0,78,125,60,0,30,0,0,0,0,0,0,0,0,0,0
0,0,0,43,94,124,0,0,0,0,21,61,106,41,107,170,0,249,170,123,92,0,6,366,0,25,11,67,0,85,26,50,11,22,61,17,35,9,0,0,0,0,0,23,0,14,0,0,0,2,3,12,0,23,0,8,0,0,0,0,0,0,0,116,0,0,0,0,0,0,0,0,0,0,0,0,0,0,0,0,0,70,0,0,0,539,0,0,0,0,0,0,0,0,0,0,0,0,0,165,0,91,0,0,0,0,0,0,0,0,0,0,0,0,0,0,0,0,0,0,0,0,0,0,0,0,0,0,0,0,0,0,0,126,0,143,0,356,0,237,0,174,0,828,0,0,0,0,0,0,0,12,0,0,0,20,0,0,0,0,0,0,0,0,0,16,0,20,0,0,0,0,0,1,0,0,0,18,2,0,0,0,0,0,0,0,0,30,0,0,0,0,0,0,0,0,0,0,0,0,0,18,0,0,0,0,0,0,0,0,17,0,41,0,21,0,0,0,64,154,62,20,0,0,0
43,422,657,217,88,154,12,0,0,0,18,161,0,0,123,278,57,38,128,0,168,6,0,303,22,128,74,0,125,38,185,18,105,111,0,3,16,54,69,65,0,0,0,0,34,0,15,0,3,0,5,0,0,0,171,0,11,0,18,0,0,0,0,0,0,0,0,0,0,0,0,0,0,0,0,0,0,0,0,0,0,0,0,0,59,0,0,0,0,0,23,0,0,0,0,0,0,0,0,0,0,0,0,0,0,0,0,0,0,0,0,0,0,0,0,0,0,0,0,0,0,0,0,0,0,0,6,0,0,0,0,0,5,0,27,0,209,0,0,0,0,0,300,0,0,0,0,0,0,0,0,0,0,0,7,0,0,0,0,0,1,0,0,0,0,0,18,0,10,0,0,3,34,0,0,0,44,64,0,0,0,0,3,0,0,0,0,0,0,0,0,0,0,0,0,0,0,0,3,0,52,0,0,0,0,0,0,0,9,0,14,423,96,11,31,0,1,0,20,0,28,0,0,0,0
155,32,103,207,0,115,0,9,0,0,44,91,0,1,17,340,64,110,0,69,30,366,303,0,12,19,0,35,0,147,0,64,51,84,0,20,42,16,65,0,0,0,0,3,0,0,0,0,0,0,0,0,0,22,0,0,0,0,0,0,0,0,0,21,2,0,0,0,0,0,0,0,0,0,0,0,0,0,0,0,0,44,0,0,0,404,0,0,0,0,0,59,0,0,0,0,0,84,0,95,0,83,0,0,0,0,0,54,0,0,0,0,0,0,0,0,0,0,0,0,0,0,0,0,0,0,0,0,0,0,0,0,0,0,1,249,0,181,0,64,0,47,0,469,1,0,0,0,0,0,0,0,0,0,0,14,0,0,0,0,0,0,0,0,0,0,0,7,0,0,0,0,35,19,0,0,12,16,0,1,0,0,0,0,0,0,0,0,0,0,0,0,0,0,0,0,0,0,0,0,1,29,0,0,0,0,0,0,0,0,5,0,27,0,0,0,0,0,7,346,17,6,0,2,0
17,266,88,114,0,0,55,107,5,116,0,0,0,0,12,0,88,56,32,0,22,0,22,12,0,298,0,0,94,0,0,0,0,0,0,0,2,0,47,37,0,0,0,0,0,0,0,0,16,0,0,0,208,0,385,23,22,0,22,0,85,40,439,0,1,0,0,0,1,0,0,0,0,1,0,0,0,0,0,0,0,0,0,0,29,0,1,1,0,0,0,0,0,0,0,0,0,0,0,0,0,0,0,0,0,0,0,0,0,0,0,0,0,0,0,0,0,0,0,0,0,0,0,0,0,0,6,0,148,0,12,0,0,0,20,0,249,0,56,0,81,0,260,0,0,0,0,0,0,0,0,0,0,0,11,0,0,0,55,0,8,0,0,0,7,0,0,0,15,0,56,0,164,0,0,0,8,32,0,0,0,0,4,4,0,0,0,0,0,0,0,0,0,0,0,0,0,0,0,0,39,0,0,0,0,0,0,0,0,0,105,122,184,0,145,0,34,2,30,0,17,0,1,0,0
269,81,62,370,0,8,257,154,246,6,0,2,0,0,0,73,172,66,0,81,0,25,128,19,298,0,0,0,20,146,0,3,0,0,0,0,6,7,65,82,0,0,0,0,0,0,0,0,0,0,0,0,39,47,91,212,0,26,4,0,60,63,124,95,0,0,0,0,0,0,0,0,0,0,0,0,0,0,0,0,0,0,0,0,0,81,0,0,0,0,0,0,0,0,0,0,0,43,0,0,0,21,0,0,0,0,0,0,0,0,0,0,0,0,0,0,0,0,0,0,0,0,0,0,0,3,0,0,0,33,0,0,0,26,0,293,0,257,0,61,0,0,0,218,0,0,0,1,0,0,0,0,0,0,0,41,0,0,0,0,0,13,0,0,0,0,0,4,4,6,0,9,52,21,0,0,14,16,0,0,0,0,0,18,0,0,0,0,0,0,0,0,0,0,0,0,0,0,0,3,0,11,0,0,0,0,0,0,0,4,0,0,26,0,107,0,0,0,56,205,82,49,4,7,0
15,0,126,0,218,0,0,0,0,0,78,0,160,280,156,0,137,0,128,83,109,11,74,0,0,0,0,510,22,0,40,0,0,0,81,0,12,3,0,0,8,113,241,105,172,112,39,291,18,0,226,53,0,0,0,0,0,0,0,0,0,0,10,0,15,0,0,0,0,0,59,0,0,0,51,0,0,0,0,0,0,0,35,0,429,0,0,0,0,0,137,0,0,0,0,0,602,0,571,0,0,0,0,0,0,0,0,0,0,0,0,0,0,0,0,0,0,0,0,0,166,0,218,0,0,0,0,0,0,0,0,0,0,0,54,0,146,0,0,0,258,0,610,0,0,0,0,0,174,0,97,0,0,0,0,0,0,0,0,0,7,0,0,0,120,0,26,0,0,0,0,0,0,0,0,0,0,27,31,0,123,0,40,0,92,0,20,14,0,0,0,0,0,0,0,1,0,0,0,0,0,0,0,0,0,0,0,0,33,0,53,317,371,56,22,0,0,11,0,0,0,0,0,0,0
0,123,0,179,0,497,0,31,0,0,0,138,664,74,13,107,0,0,384,297,115,67,0,35,0,0,510,0,0,11,0,5,0,0,119,0,29,14,0,0,279,14,183,116,62,276,150,108,7,30,124,148,0,0,0,0,0,0,0,0,0,0,0,0,0,47,0,0,0,3,0,0,0,0,0,0,0,0,0,0,0,0,0,0,0,188,0,0,0,0,0,0,0,7,0,0,0,0,0,0,0,0,0,0,0,0,0,0,0,0,0,0,0,0,0,0,0,0,0,0,0,0,0,0,0,0,0,0,0,0,0,25,0,0,0,152,0,172,0,0,0,0,0,340,0,0,0,0,0,107,0,175,0,152,0,0,0,0,0,0,0,0,0,0,0,47,0,7,0,0,0,4,0,0,0,0,0,53,0,26,0,147,0,0,0,97,8,49,0,0,0,0,0,0,0,32,0,0,0,24,0,0,0,0,0,0,0,0,0,0,0,0,45,0,88,0,1,0,78,429,461,122,0,3,12
164,29,412,18,0,0,38,0,0,0,0,0,0,0,0,0,456,0,0,0,27,0,125,0,94,20,22,0,0,0,20,0,37,0,6,0,14,0,8,0,0,0,52,0,1,0,0,0,0,0,31,0,19,0,13,0,0,0,0,0,0,0,23,0,0,0,0,0,0,0,0,0,0,0,8,0,0,0,0,0,0,0,0,0,0,0,0,0,0,0,3,0,0,0,0,0,0,0,0,0,0,0,0,0,0,0,0,0,0,0,0,0,0,0,0,0,0,0,0,0,0,0,9,0,0,0,1,0,0,0,0,0,0,0,0,0,0,0,62,0,58,0,42,0,0,0,0,0,0,0,0,0,0,0,9,0,0,0,13,0,2,0,0,0,0,0,0,0,0,0,0,0,0,1,0,0,28,0,0,0,0,0,0,0,0,0,0,0,0,0,0,0,0,0,0,0,0,0,1,0,0,0,0,0,0,0,0,0,0,0,0,18,0,0,0,0,0,0,0,0,2,0,0,0,0
0,318,0,506,0,31,0,50,0,1,0,102,0,0,2,13,9,523,0,0,0,85,38,147,0,146,0,11,0,0,0,11,0,41,0,126,2,84,6,21,0,0,0,53,0,0,0,0,0,0,0,32,0,7,0,1,0,0,0,0,0,7,0,40,0,0,0,0,0,0,0,0,0,0,0,0,0,0,0,0,0,0,0,0,0,0,0,0,0,0,0,0,0,0,0,0,0,0,0,0,0,9,0,0,0,0,0,0,0,0,0,0,0,0,0,0,0,0,0,0,0,0,0,0,0,0,0,0,0,0,0,0,0,53,0,0,0,84,0,142,0,38,0,109,0,9,0,0,0,0,0,0,0,0,0,34,0,11,0,15,0,1,0,0,0,0,0,0,0,0,0,0,1,0,0,0,0,52,0,0,0,0,0,0,0,0,0,0,0,0,0,0,0,0,0,0,0,0,0,0,0,0,0,0,0,0,0,0,0,0,0,0,0,0,0,0,0,0,0,30,0,0,0,0,0
0,5,96,0,373,103,0,0,0,0,111,59,36,0,278,69,56,0,22,0,220,26,185,0,0,0,40,0,20,0,0,0,21,14,95,0,13,0,3,0,0,0,135,0,0,0,0,0,0,0,173,0,3,0,0,0,5,0,0,0,0,0,4,0,0,0,0,0,0,0,0,0,0,0,0,0,0,0,0,0,0,0,0,0,0,0,0,0,0,0,0,0,0,0,0,0,0,0,0,0,0,0,0,0,0,0,7,0,0,0,0,0,0,0,0,0,0,0,0,0,0,0,0,0,0,0,0,0,0,0,0,0,0,0,0,0,10,0,0,0,27,0,48,0,0,0,0,0,5,0,0,0,0,0,0,0,0,0,0,0,0,0,0,0,0,0,18,0,0,0,0,0,0,0,0,0,33,11,33,0,0,0,0,0,0,0,0,0,0,0,0,0,0,0,0,0,0,0,0,0,0,0,0,0,0,0,0,0,0,0,20,30,23,0,0,0,0,0,3,0,0,0,0,0,0
0,0,0,89,27,0,0,1,0,0,12,66,0,0,0,46,0,41,0,7,0,50,18,64,0,3,0,5,0,11,0,0,0,5,0,85,0,25,0,0,0,0,0,32,0,0,0,0,0,0,1,16,0,0,0,0,0,0,0,0,0,0,0,4,0,0,0,0,0,0,0,0,0,0,0,0,0,0,0,0,0,0,0,0,0,0,0,0,0,0,0,0,0,0,0,0,0,0,0,0,0,0,0,0,0,0,0,0,0,0,0,0,0,0,0,0,0,0,0,0,0,0,0,0,0,0,0,0,0,0,0,0,0,0,0,0,0,0,0,0,0,0,0,0,0,0,0,0,0,0,0,0,0,0,0,4,0,0,0,0,0,0,0,0,0,0,0,2,0,1,0,0,0,0,0,0,0,15,1,0,0,0,0,0,0,0,0,0,0,0,0,0,0,0,0,0,0,0,0,0,0,0,0,0,0,0,0,0,0,0,0,0,0,0,0,0,0,0,0,32,10,0,0,0,0
161,0,217,42,643,169,0,0,0,0,434,112,6,0,146,148,83,0,0,0,152,11,105,51,0,0,0,0,37,0,21,0,0,0,29,5,102,0,3,0,0,0,75,0,2,0,0,0,0,0,0,0,8,0,9,0,0,0,0,0,1,0,8,0,0,0,0,0,0,0,0,0,0,0,7,0,0,0,0,0,0,0,0,0,0,0,0,0,0,0,0,0,0,0,0,0,0,0,11,0,0,0,0,0,0,0,0,0,0,0,0,0,0,0,0,0,0,0,0,0,0,0,0,0,0,0,0,0,0,0,0,0,0,0,0,0,0,0,39,0,45,0,59,0,0,0,0,0,0,0,0,0,0,0,14,0,2,0,0,0,0,0,0,0,0,0,40,0,20,0,0,0,8,6,0,0,197,41,74,0,0,0,0,0,0,0,0,0,0,0,0,0,0,0,0,0,0,0,0,0,0,0,0,0,0,0,0,0,0,0,8,64,41,1,0,0,0,0,0,4,0,0,0,0,0
0,242,0,371,0,341,0,0,0,0,35,503,0,6,61,117,0,26,0,4,55,22,111,84,0,0,0,0,0,41,14,5,0,0,0,16,0,35,0,0,0,0,0,29,1,7,0,0,0,0,0,27,0,0,0,2,0,0,0,0,0,1,0,8,0,0,0,0,0,0,0,0,0,0,0,0,0,0,0,0,0,0,0,0,0,0,0,0,0,0,0,0,0,0,0,0,0,0,0,0,0,0,0,0,0,0,0,0,0,0,0,0,0,0,0,0,0,0,0,2,0,0,0,0,0,0,0,0,0,0,0,0,0,0,0,0,0,0,0,0,0,0,0,0,0,9,0,0,0,0,1,0,0,0,0,6,0,9,0,0,0,0,0,0,0,0,0,51,0,3,0,2,0,8,0,0,0,103,0,41,0,0,0,0,0,11,0,0,0,0,0,0,0,0,0,0,0,0,0,0,0,3,0,0,0,0,0,0,0,0,0,0,0,0,0,0,0,0,0,269,30,0,0,0,0
0,0,0,0,136,128,0,0,0,0,19,0,209,156,46,0,10,0,285,187,43,61,0,0,0,0,81,119,6,0,95,0,29,0,0,32,36,17,0,0,0,0,5,17,2,0,0,0,2,0,22,0,1,0,0,0,0,0,0,0,0,0,3,0,0,0,0,0,0,0,5,0,0,0,0,0,0,0,0,0,0,0,0,0,0,0,7,0,0,0,0,0,0,0,0,0,0,0,0,0,0,0,0,0,0,0,0,0,0,0,0,0,0,0,0,0,0,0,0,0,0,0,0,0,0,0,0,0,0,0,0,0,0,0,0,0,0,0,0,0,0,0,51,0,0,0,0,0,6,0,0,0,0,0,2,0,0,0,0,0,0,0,0,0,35,0,39,0,51,0,0,0,0,0,0,0,0,11,22,0,0,0,0,0,0,0,58,0,0,0,0,0,0,0,0,0,0,0,0,0,0,0,0,0,0,0,0,0,0,0,46,190,89,0,19,0,0,0,7,0,0,0,0,0,0
0,0,0,6,62,162,0,0,0,0,0,43,38,36,52,13,0,35,73,171,32,17,3,20,0,0,0,0,0,126,0,85,5,16,32,0,17,39,0,2,0,0,0,15,2,0,0,1,0,0,0,10,0,6,0,0,0,0,0,0,0,1,0,26,0,0,0,0,0,0,0,0,0,0,0,0,0,0,0,0,0,0,0,0,0,69,0,0,0,0,0,0,0,0,0,0,0,0,0,9,0,0,0,0,0,0,0,0,0,0,0,0,0,0,0,0,0,0,0,0,0,0,0,0,0,0,0,0,0,0,0,0,0,0,0,0,0,88,0,158,0,102,0,251,0,21,0,0,0,0,0,13,0,0,0,9,0,0,0,7,0,0,0,0,0,0,0,26,0,10,0,0,0,0,0,0,0,10,0,0,0,9,0,0,0,0,0,28,0,0,0,0,0,0,0,0,0,0,0,0,0,0,0,0,0,0,0,0,0,0,6,0,0,0,0,0,0,0,27,41,37,6,0,0,0
203,22,0,25,323,129,0,0,0,0,297,73,42,36,50,92,4,1,0,59,8,35,16,42,2,6,12,29,14,2,13,0,102,0,36,17,0,0,36,0,0,2,68,5,40,0,0,0,5,0,40,0,22,0,4,0,0,1,0,0,33,0,22,0,0,0,1,0,0,0,58,0,0,0,59,0,0,0,0,0,111,0,0,0,74,0,0,0,0,0,0,0,0,0,0,0,91,0,277,0,224,0,4,0,0,0,0,0,0,0,0,0,0,0,0,0,0,0,0,0,109,0,0,0,0,0,0,0,0,0,1,0,0,0,0,0,24,0,375,0,164,0,0,0,135,0,0,0,0,0,0,0,0,0,111,0,27,0,30,0,0,0,0,0,34,0,77,0,87,2,10,0,25,0,0,0,120,43,41,0,0,0,14,0,0,0,8,0,0,0,0,0,0,0,0,0,0,0,0,0,0,0,0,0,0,0,0,0,0,0,19,78,94,3,0,0,0,0,8,0,0,0,0,0,0
0,255,0,57,33,157,0,0,0,0,14,197,32,13,35,87,7,0,32,35,21,9,54,16,0,7,3,14,0,84,0,25,0,35,17,39,0,0,0,20,0,0,2,99,0,20,0,0,0,0,0,100,0,5,0,0,0,3,0,0,0,21,0,17,0,0,0,0,0,0,0,0,0,0,0,0,0,0,0,0,0,0,0,0,0,41,0,0,0,0,0,0,0,0,0,0,0,0,0,0,0,9,0,0,0,0,0,0,0,0,0,0,0,0,0,0,0,0,0,0,0,0,0,11,0,0,0,0,0,0,0,0,0,0,0,0,0,103,0,358,0,205,0,191,0,114,0,0,0,0,0,0,0,0,0,47,0,81,0,31,0,0,0,1,0,8,0,46,0,39,0,7,5,47,0,0,6,95,0,21,0,63,0,11,0,0,0,12,0,0,0,0,0,0,0,0,0,0,0,0,0,0,0,0,0,0,0,0,0,0,1,0,0,0,0,0,0,0,16,79,36,0,0,1,0
914,110,627,72,0,0,0,0,0,0,76,6,0,0,0,18,193,0,0,0,0,0,69,65,47,65,0,0,8,6,3,0,3,0,0,0,36,0,0,17,0,0,11,0,0,0,0,0,0,0,4,0,20,0,17,0,4,0,0,0,11,0,31,0,0,0,0,0,0,0,0,0,0,0,16,0,0,0,0,0,0,0,0,0,0,0,0,0,0,0,3,0,0,0,0,0,16,0,0,0,0,0,0,0,0,0,0,0,0,0,0,0,0,0,0,0,0,0,0,0,0,0,0,0,0,0,0,0,0,0,1,0,0,0,0,0,0,0,138,0,71,0,71,0,19,0,0,0,0,0,0,0,0,0,54,0,27,0,18,0,6,0,0,0,0,0,5,0,0,0,0,0,62,0,0,0,237,25,0,0,51,0,42,0,0,0,0,0,0,0,0,0,0,0,0,0,0,0,0,0,0,0,0,0,0,0,0,0,0,0,2,133,32,0,0,0,0,0,0,0,8,0,0,0,0
44,856,0,301,0,0,0,316,8,0,0,72,0,0,0,10,19,180,0,0,1,0,65,0,37,82,0,0,0,21,0,0,0,0,0,2,0,20,17,0,0,0,0,0,0,0,0,0,0,0,0,0,0,1,0,0,0,0,0,0,1,6,9,6,0,0,0,0,0,0,0,0,0,0,0,0,0,0,0,0,0,0,0,0,0,0,0,0,0,0,0,0,0,0,0,0,0,0,0,0,0,0,0,0,0,0,0,0,0,0,0,0,0,0,0,0,0,0,0,0,0,0,0,0,0,0,0,3,0,0,0,6,0,7,0,25,0,0,0,20,0,0,0,0,0,0,0,0,0,0,0,17,0,6,0,6,0,3,0,4,0,0,0,0,0,0,0,7,0,0,0,0,0,44,0,0,0,206,0,0,0,0,0,20,0,0,0,0,0,0,0,0,0,0,0,0,0,0,0,0,0,0,0,0,0,0,0,0,0,0,0,0,0,0,0,0,0,0,0,53,8,0,0,0,0
5,0,33,0,53,0,0,0,0,0,74,0,170,83,12,0,0,0,15,0,0,0,0,0,0,0,8,279,0,0,0,0,0,0,0,0,0,0,0,0,0,93,54,48,96,194,165,338,83,23,0,0,0,0,0,0,0,0,0,0,0,0,0,0,0,0,0,0,0,0,0,0,0,0,0,0,0,0,0,0,0,0,0,0,0,0,0,0,0,0,0,0,0,0,0,0,0,0,0,0,0,0,0,0,0,0,0,0,0,0,0,0,0,0,0,0,0,0,0,0,0,0,0,0,0,0,0,0,0,0,0,0,0,0,0,0,0,0,0,0,0,0,5,0,0,0,0,0,0,0,0,0,0,0,0,0,0,0,0,0,0,0,0,0,28,3,0,0,0,0,0,0,0,0,0,0,94,46,54,0,53,0,26,0,0,0,29,0,0,0,0,0,0,0,0,0,0,0,0,0,0,0,0,0,0,0,0,0,0,0,0,186,73,0,6,0,0,6,0,8,0,0,0,0,0
0,25,0,11,0,21,0,1,0,0,0,113,46,176,0,0,0,0,0,0,0,0,0,0,0,0,113,14,0,0,0,0,0,0,0,0,2,0,0,0,93,0,36,93,75,56,116,132,17,110,17,21,0,0,0,0,0,0,0,0,0,0,0,0,0,0,0,0,0,0,0,0,0,0,0,0,0,0,0,0,0,0,0,0,0,0,0,0,0,0,0,0,0,0,0,0,0,0,0,0,0,0,0,0,0,0,0,0,0,0,0,0,0,0,0,0,0,0,0,0,0,0,0,0,0,0,0,0,0,0,0,3,0,0,0,0,0,0,0,0,0,0,0,0,0,0,0,0,0,0,0,0,0,10,0,0,0,0,0,0,0,0,0,0,0,0,0,1,0,0,0,0,0,0,0,0,0,86,0,42,0,11,0,2,0,0,0,33,0,0,0,0,0,0,0,0,0,0,0,0,0,0,0,0,0,0,0,0,0,0,0,0,0,0,0,0,0,0,0,30,17,0,0,0,0
0,0,0,0,0,0,0,0,0,0,4,0,153,72,0,0,13,0,73,30,13,0,0,0,0,0,241,183,52,0,135,0,75,0,5,0,68,2,11,0,54,36,0,21,86,54,45,122,15,0,54,10,0,0,7,0,14,0,19,0,0,0,19,0,0,2,0,0,2,0,24,0,0,0,0,0,0,0,0,0,55,0,0,0,0,0,17,0,0,0,0,0,0,0,0,0,75,0,112,0,100,0,0,0,0,0,36,0,0,0,0,0,0,0,0,0,0,0,0,0,54,0,0,0,0,0,0,0,0,0,0,0,0,0,0,0,0,0,133,0,117,0,0,0,0,0,0,0,0,0,0,0,0,0,34,0,0,0,0,0,5,0,10,0,22,0,51,0,21,0,8,0,22,0,0,0,0,11,10,0,0,0,0,0,0,0,71,0,0,0,0,0,0,0,0,0,0,0,0,0,0,0,0,0,0,0,0,0,0,0,58,161,72,17,39,0,0,21,0,3,0,0,0,0,0
0,0,0,0,0,0,0,0,0,0,0,6,81,80,0,3,0,12,75,78,19,23,0,3,0,0,105,116,0,53,0,32,0,29,17,15,5,99,0,0,48,93,21,0,23,106,40,25,1,16,24,14,0,1,0,11,0,0,0,0,0,0,0,22,0,0,0,0,0,0,0,0,0,0,0,7,0,8,0,0,0,36,0,0,0,85,0,0,0,0,0,0,0,0,0,0,0,0,0,0,0,0,0,0,0,0,0,0,0,0,0,0,0,0,0,0,0,1,0,0,0,56,0,0,0,0,0,0,0,0,0,0,0,0,0,0,0,0,0,171,0,157,0,257,0,0,0,0,0,0,0,0,0,0,0,0,0,11,0,0,0,6,0,2,0,23,0,30,0,49,0,0,0,23,0,4,0,0,0,0,0,0,0,0,0,0,0,33,0,0,0,0,0,0,0,0,0,0,0,0,0,0,0,0,0,0,0,0,0,0,0,0,0,0,0,0,0,0,0,81,111,10,0,0,1
6,0,42,0,17,0,6,0,0,0,0,0,58,23,0,0,32,0,4,0,4,0,34,0,0,0,172,62,1,0,0,0,2,1,2,2,40,0,0,0,96,75,86,23,0,181,302,254,67,128,14,0,4,0,0,0,8,0,0,0,1,0,0,0,3,0,1,0,0,1,32,0,0,0,38,0,0,0,0,0,125,0,31,0,153,0,51,0,0,0,40,0,39,0,0,0,182,0,282,0,207,0,7,0,0,0,82,0,0,0,0,0,0,0,0,0,0,0,0,0,102,0,67,0,0,2,0,0,0,0,0,0,0,0,0,0,37,0,0,0,81,0,191,0,33,0,0,0,29,0,32,0,0,0,0,0,0,0,0,0,0,0,0,0,90,0,31,0,55,0,11,0,21,0,0,0,29,9,16,0,54,0,0,0,35,0,33,0,0,0,0,0,0,0,0,0,0,0,0,0,24,0,0,0,0,0,0,0,0,0,16,145,170,0,8,2,0,109,0,5,8,0,0,0,6
0,57,0,9,6,38,0,0,0,0,0,64,52,55,0,16,0,0,18,31,3,14,0,0,0,0,112,276,0,0,0,0,0,7,0,0,0,20,0,0,194,56,54,106,181,0,351,149,73,172,20,24,0,8,0,0,0,0,0,0,0,0,0,18,0,0,0,0,0,13,0,0,0,0,0,14,0,51,0,0,0,89,0,94,0,159,0,29,0,10,0,0,0,9,0,81,0,0,0,0,0,0,0,18,0,0,0,0,0,0,0,0,0,5,0,0,0,0,0,0,0,61,0,16,0,0,2,0,0,0,0,0,0,0,0,0,0,49,0,23,0,70,0,276,0,35,0,0,0,0,0,0,0,62,0,0,0,0,0,0,0,0,0,0,0,107,0,16,0,86,0,18,0,32,0,0,0,14,0,49,0,80,0,0,0,0,10,14,0,0,0,0,0,0,0,77,0,13,0,0,1,0,0,0,0,0,0,0,1,0,0,6,0,0,40,0,0,0,41,246,241,23,7,0,109
19,0,56,0,87,5,1,0,0,0,72,0,205,0,26,0,0,0,10,0,0,0,15,0,0,0,39,150,0,0,0,0,0,0,0,0,0,0,0,0,165,116,45,40,302,351,0,487,100,180,0,0,0,0,13,0,0,0,0,0,0,0,0,0,0,0,0,0,0,0,0,0,0,0,0,0,0,0,0,0,0,0,0,0,0,0,0,0,0,0,0,0,0,0,0,0,0,0,0,0,0,0,0,0,0,0,0,0,0,0,0,0,0,0,0,0,0,0,0,0,0,0,0,0,0,0,0,0,0,0,0,0,0,0,21,0,10,0,0,0,0,0,32,0,0,0,0,0,68,0,50,0,0,0,0,0,0,0,0,0,3,0,0,0,57,0,0,1,0,0,0,0,0,0,0,0,33,42,47,0,59,0,23,0,55,0,48,0,0,0,0,0,0,0,0,0,0,0,0,0,0,0,0,0,0,0,0,0,0,0,0,447,87,0,4,0,0,103,0,8,0,0,0,0,5
0,105,0,75,0,181,0,0,0,0,0,253,108,259,0,12,0,0,0,12,0,0,0,0,0,0,291,108,0,0,0,0,0,0,0,1,0,0,0,0,338,132,122,25,254,149,487,0,35,58,42,6,0,0,0,0,0,0,0,0,0,0,0,0,0,19,0,0,0,2,0,0,0,0,0,0,0,0,0,0,0,0,0,0,0,0,0,0,0,0,0,0,0,1,0,0,0,0,0,0,0,0,0,0,0,0,0,0,0,0,0,0,0,0,0,0,0,0,0,0,0,0,0,0,0,0,0,0,0,0,0,15,0,0,0,14,0,8,0,0,0,0,0,0,0,0,0,0,0,0,0,0,0,0,0,0,0,0,0,0,0,0,0,0,0,0,0,0,0,0,0,0,0,0,0,0,0,131,0,89,0,61,0,0,0,0,15,36,0,0,0,0,0,0,0,0,0,0,0,0,0,0,0,0,0,0,0,11,0,0,0,0,0,0,0,0,0,0,0,241,42,0,0,0,31
4,0,11,0,10,0,41,0,14,0,5,0,18,1,0,0,0,0,0,0,0,0,3,0,16,0,18,7,0,0,0,0,0,0,2,0,5,0,0,0,83,17,15,1,67,73,100,35,0,211,2,1,9,0,23,0,40,0,43,0,0,0,0,0,0,0,0,0,15,0,0,0,0,0,0,0,1,0,0,0,0,2,49,0,0,0,5,0,0,0,0,0,39,0,15,0,6,0,7,0,48,0,17,0,0,0,17,0,0,0,0,0,0,0,0,0,0,0,0,0,0,0,0,0,6,0,0,0,0,0,9,0,0,1,0,0,4,0,0,0,0,0,0,0,0,0,0,0,7,2,0,0,17,0,0,0,0,0,6,0,32,1,4,0,11,1,3,0,16,0,5,0,10,0,10,0,66,11,39,0,23,4,8,0,0,0,127,0,83,0,0,0,98,0,34,0,15,0,16,0,15,0,0,0,0,0,19,0,10,0,47,130,205,10,21,1,1,30,4,8,5,3,0,0,4
0,0,0,4,1,12,0,0,0,4,0,30,0,117,0,0,0,0,0,0,0,2,0,0,0,0,0,30,0,0,0,0,0,0,0,0,0,0,0,0,23,110,0,16,128,172,180,58,211,0,0,1,0,0,0,2,0,1,0,2,0,0,0,4,0,0,0,0,0,3,0,0,0,0,0,0,0,0,0,0,0,0,0,20,0,0,0,0,0,0,0,0,0,5,0,6,0,0,0,0,0,1,0,1,0,0,0,0,0,0,0,0,0,0,0,0,0,1,0,0,0,0,0,0,0,0,0,0,0,0,0,0,0,0,0,0,0,0,0,0,0,0,0,0,0,0,0,27,0,0,0,41,0,0,0,0,0,5,0,0,0,0,0,0,0,18,0,14,0,8,0,1,0,0,1,41,0,46,0,49,0,109,0,12,0,0,25,83,0,0,0,0,0,0,0,0,0,0,0,0,0,0,0,0,0,0,0,0,0,0,0,35,2,0,11,0,0,5,39,44,28,0,0,0,16
0,0,0,0,44,0,0,0,0,0,7,0,179,65,0,0,0,0,196,25,36,3,5,0,0,0,226,124,31,0,173,1,0,0,22,0,40,0,4,0,0,17,54,24,14,20,0,42,2,0,0,15,0,0,0,0,0,0,20,0,0,0,3,0,0,0,0,0,0,0,16,0,0,0,0,0,2,0,9,0,0,0,13,0,0,0,0,0,0,0,0,0,0,0,0,0,0,0,119,0,80,0,0,0,0,0,0,0,0,0,0,0,0,0,0,0,0,0,0,0,0,0,34,0,0,0,0,0,0,0,0,0,0,0,0,0,0,0,0,0,0,0,0,0,0,0,0,0,9,0,0,0,0,0,0,0,0,0,0,0,0,1,0,0,31,0,23,0,76,0,9,0,29,0,0,0,0,9,0,0,0,0,0,0,0,0,25,0,0,0,0,0,0,0,0,0,0,0,0,0,0,0,0,0,0,0,0,0,0,0,39,52,63,19,9,0,0,0,1,0,0,0,0,0,0
0,15,0,0,0,148,0,16,0,0,0,11,99,324,0,15,0,0,122,218,0,12,0,0,0,0,53,148,0,32,0,16,0,27,0,10,0,100,0,0,0,21,10,14,0,24,0,6,1,1,15,0,0,2,0,0,0,10,0,0,0,0,0,16,0,0,0,0,0,1,0,0,0,0,0,0,0,0,0,0,0,0,0,0,0,93,0,0,0,0,0,2,0,0,0,6,0,0,0,0,0,12,0,0,0,0,0,2,0,0,0,0,0,0,0,0,0,0,0,0,0,40,0,0,0,0,0,0,0,0,0,0,0,0,0,0,0,62,0,81,0,107,0,338,0,28,0,0,0,0,0,0,0,0,0,8,0,0,0,0,0,0,0,0,0,21,0,36,0,66,0,9,0,21,0,0,0,18,0,0,0,13,0,0,0,0,0,210,0,0,0,0,0,0,0,22,0,0,0,0,0,0,0,0,0,0,0,0,0,0,0,0,0,0,8,0,0,0,10,36,56,0,1,0,1
2,3,0,3,0,0,113,25,75,222,0,0,0,0,0,0,165,6,0,0,20,0,0,0,208,39,0,0,19,0,3,0,8,0,1,0,22,0,20,0,0,0,0,0,4,0,0,0,9,0,0,0,0,41,152,155,78,13,36,140,15,0,77,22,0,8,14,184,0,0,0,0,0,0,0,0,0,0,0,0,0,0,0,0,0,1,0,0,0,0,0,0,0,0,0,0,0,0,1,0,0,0,0,0,0,0,0,0,0,0,0,0,0,0,0,0,0,0,0,0,0,0,0,0,3,0,1,0,112,0,6,0,0,0,2,0,114,0,141,0,76,0,0,0,1,0,0,0,0,0,0,0,0,0,278,6,47,0,103,1,20,2,10,0,4,0,0,0,8,0,187,0,5,0,2,0,0,0,0,0,0,0,4,6,47,18,0,0,0,0,0,0,0,0,0,0,0,0,0,0,5,0,0,0,0,0,0,0,1,0,73,249,106,0,63,0,8,1,4,0,0,0,0,0,0
0,0,0,0,0,0,59,39,115,106,0,0,0,0,0,0,0,93,0,0,0,23,0,22,0,47,0,0,0,7,0,0,0,0,0,6,0,5,0,1,0,0,0,1,0,8,0,0,0,0,0,2,41,0,72,88,0,86,43,91,0,29,8,98,0,2,13,19,0,0,0,0,0,0,0,0,0,0,0,0,0,0,0,0,0,46,0,0,0,0,0,0,0,0,0,0,0,7,0,0,0,6,0,0,0,0,0,1,0,0,0,0,0,0,0,0,0,0,0,0,0,0,0,0,0,0,0,0,0,28,0,9,0,36,0,24,0,93,0,139,0,28,0,112,0,13,0,0,0,0,0,0,0,0,0,138,0,51,0,66,0,9,0,0,0,0,0,0,0,0,0,2,0,10,0,0,9,52,0,0,0,0,2,36,0,65,0,0,0,0,0,0,0,0,0,0,0,0,0,0,0,0,0,0,0,0,0,0,0,0,1,0,3,0,4,0,0,0,0,4,7,1,0,0,0
3,37,66,0,0,0,179,92,62,385,2,0,4,0,73,0,23,0,87,0,39,0,171,0,385,91,0,0,13,0,0,0,9,0,0,0,4,0,17,0,0,0,7,0,0,0,13,0,23,0,0,0,152,72,0,213,52,0,27,0,61,0,55,65,19,0,0,145,0,0,0,0,0,0,0,0,0,0,0,0,0,0,0,0,1,0,0,0,0,0,0,0,0,0,0,0,0,0,0,0,0,0,0,0,0,0,0,0,0,0,0,0,0,0,0,0,0,0,0,0,0,0,0,0,0,0,14,0,51,0,16,0,15,0,26,0,80,0,6,0,0,2,82,0,0,0,0,0,0,0,0,0,0,0,54,0,57,0,12,0,32,0,0,0,12,0,4,0,15,0,294,0,23,0,0,0,0,0,0,0,0,0,0,19,12,48,0,0,0,0,0,0,0,0,0,0,0,0,0,0,8,0,0,0,0,0,0,0,5,0,307,69,406,281,409,0,60,0,0,0,0,0,0,0,0
0,15,0,19,0,0,160,388,309,64,0,0,0,0,0,49,0,4,0,0,0,8,0,0,23,212,0,0,0,1,0,0,0,2,0,0,0,0,0,0,0,0,0,11,0,0,0,0,0,2,0,0,155,88,213,0,8,136,89,38,13,80,66,89,0,11,39,10,0,0,0,0,0,0,0,0,0,0,0,0,0,0,0,0,0,0,0,0,0,0,0,0,0,0,0,1,0,0,0,1,0,0,0,1,0,0,0,0,0,0,0,0,0,0,0,0,0,0,0,0,0,0,0,0,0,8,0,0,0,11,0,76,0,11,0,66,0,65,0,44,0,0,0,51,0,0,0,0,0,0,0,0,0,0,0,96,0,65,0,7,0,19,0,6,0,0,0,8,1,40,0,191,6,90,0,1,9,16,0,0,0,0,0,4,0,31,0,0,0,0,0,0,0,0,0,0,0,0,0,0,0,3,0,0,0,0,0,0,0,0,8,0,0,0,275,0,1,0,141,29,425,255,37,63,0
0,0,5,0,0,0,5,0,19,0,0,0,0,0,0,0,29,0,0,0,10,0,11,0,22,0,0,0,0,0,5,0,0,0,0,0,0,0,4,0,0,0,14,0,8,0,0,0,40,0,0,0,78,0,52,8,0,0,65,40,8,0,10,0,17,42,3,43,0,0,0,0,0,0,0,0,0,0,0,0,0,0,0,0,0,0,0,0,0,0,0,0,0,0,0,0,0,0,0,0,0,0,0,0,0,0,0,0,0,0,0,0,0,0,0,0,0,0,0,0,0,0,0,0,8,0,1,0,76,0,15,0,5,0,9,0,15,0,14,0,0,0,18,0,5,9,0,0,1,2,0,0,0,0,121,13,97,0,64,0,30,27,29,0,13,0,13,0,16,0,274,0,32,0,2,2,0,0,1,0,0,21,0,0,1,0,0,0,0,0,0,0,0,0,0,0,0,0,0,0,0,0,0,0,0,0,0,0,3,0,336,83,551,408,543,12,56,3,0,0,0,0,0,0,0
0,1,0,3,0,0,0,43,8,14,0,0,0,0,0,15,0,15,0,0,0,0,0,0,0,26,0,0,0,0,0,0,0,0,0,0,1,3,0,0,0,0,0,0,0,0,0,0,0,1,0,10,13,86,0,136,0,0,50,189,0,12,0,13,0,7,23,0,0,0,0,0,0,0,0,0,0,9,0,0,0,0,0,1,0,0,0,0,0,0,0,0,0,0,0,0,0,0,0,0,0,0,0,0,0,0,0,0,0,0,0,0,0,0,0,0,0,0,0,0,0,0,0,0,0,0,0,0,0,17,0,13,0,6,0,23,0,56,0,22,0,4,0,25,0,0,0,0,0,0,0,0,0,0,0,253,0,124,0,107,0,33,0,0,0,3,0,7,0,64,0,316,0,32,0,1,0,0,0,0,0,0,0,0,0,13,0,0,0,0,0,0,0,0,0,0,0,0,0,0,0,0,0,0,0,0,0,0,0,0,0,0,0,0,317,0,0,0,88,18,495,334,0,58,0
3,0,13,0,0,0,14,0,66,71,0,0,0,0,0,0,0,0,0,0,0,0,18,0,22,4,0,0,0,0,0,0,0,0,0,0,0,0,0,0,0,0,19,0,0,0,0,0,43,0,20,0,36,43,27,89,65,50,0,234,51,0,0,0,293,79,82,274,0,0,0,0,0,0,0,0,0,0,0,0,0,0,0,0,0,0,0,0,0,0,0,0,1,0,0,0,0,0,0,0,0,1,0,0,0,0,0,0,0,0,0,0,0,0,0,0,0,0,0,0,0,0,0,0,5,0,0,0,3,0,16,0,0,0,0,0,2,0,6,0,0,0,0,0,1,0,0,0,2,0,0,0,1,0,87,45,189,0,0,8,20,10,16,0,4,0,0,0,18,0,89,0,21,0,3,17,9,0,0,0,0,20,0,0,54,18,0,0,0,0,0,0,0,0,0,0,0,0,0,0,0,0,0,0,0,0,0,0,0,0,607,288,521,569,932,26,79,6,0,8,0,0,0,0,0
0,21,0,9,0,5,0,53,79,170,0,0,0,3,0,19,0,0,0,0,0,0,0,0,0,0,0,0,0,0,0,0,0,0,0,0,0,0,0,0,0,0,0,0,0,0,0,0,0,2,0,0,140,91,0,38,40,189,234,0,0,86,0,25,53,93,179,217,0,4,0,0,0,0,0,0,0,7,0,0,0,0,0,3,0,0,0,0,0,0,0,0,0,0,0,0,0,0,0,0,0,0,0,0,0,0,0,0,0,0,0,0,0,0,0,0,0,0,0,0,0,0,0,0,0,0,0,0,0,1,0,22,0,1,0,0,0,4,0,1,0,0,0,6,0,54,0,0,0,3,0,0,0,0,102,246,26,422,0,76,0,4,0,34,0,3,0,0,0,80,0,220,0,32,0,21,0,0,0,0,0,19,0,0,40,0,0,0,0,0,0,0,0,0,0,0,0,0,0,0,0,0,0,0,0,0,0,0,0,0,0,0,0,0,1596,0,0,0,820,259,1005,912,278,181,0
105,19,0,0,0,0,471,0,202,0,0,0,0,0,0,0,7,4,0,0,0,0,0,0,85,60,0,0,0,0,0,0,1,0,0,0,33,0,11,1,0,0,0,0,1,0,0,0,0,0,0,0,15,0,61,13,8,0,51,0,0,0,19,0,0,0,0,0,0,0,0,0,0,0,7,0,0,0,0,0,0,0,0,0,0,0,2,0,0,0,0,0,0,0,0,0,0,0,0,0,0,0,0,0,0,0,0,0,0,0,0,0,0,0,0,0,0,0,0,0,0,0,0,0,0,0,0,0,0,0,0,0,0,0,1,0,9,0,270,0,95,0,0,0,98,0,0,0,0,0,0,0,0,0,57,0,95,0,7,0,0,0,9,0,0,0,0,0,2,0,83,0,61,0,0,0,95,18,0,0,0,0,0,0,0,0,0,0,0,0,0,0,0,0,0,0,0,0,0,0,0,0,0,0,0,0,0,0,0,0,16,245,49,11,15,0,0,2,0,0,0,0,0,0,0
0,218,0,0,0,0,0,343,0,283,0,0,0,0,0,0,0,14,0,0,0,0,0,0,40,63,0,0,0,7,0,0,0,1,0,1,0,21,0,6,0,0,0,0,0,0,0,0,0,0,0,0,0,29,0,80,0,12,0,86,0,0,17,51,0,0,0,8,0,0,0,0,0,0,0,0,0,1,0,0,0,0,0,0,0,0,0,0,0,0,0,0,0,0,0,0,0,0,0,0,0,0,0,0,0,0,0,0,0,0,0,0,0,0,0,0,0,0,0,0,0,0,0,0,0,0,0,0,0,0,0,0,0,0,0,0,0,0,0,86,0,43,0,10,0,126,0,0,0,0,0,0,0,0,0,24,0,96,0,29,0,0,0,0,0,0,0,0,0,3,0,31,0,35,0,0,7,230,0,0,0,0,0,97,0,0,0,0,0,0,0,0,0,0,0,0,0,0,0,0,0,0,0,0,0,0,0,0,0,0,0,0,0,0,0,0,0,0,0,46,27,0,0,0,0
16,53,61,0,0,0,273,85,79,115,0,0,0,0,0,0,206,17,0,0,15,0,0,0,439,124,10,0,23,0,4,0,8,0,3,0,22,0,31,9,0,0,19,0,0,0,0,0,0,0,3,0,77,8,55,66,10,0,0,0,19,17,0,36,0,0,0,0,0,0,1,0,0,0,2,0,0,0,0,0,0,0,0,0,0,0,2,0,0,0,0,0,0,0,0,0,0,0,0,0,0,0,0,0,0,0,0,0,0,0,0,0,0,0,0,0,0,0,0,0,0,0,5,0,0,0,0,0,0,0,0,0,0,0,0,0,11,0,98,0,27,0,0,0,7,0,0,0,0,0,0,0,0,0,52,0,32,0,17,0,0,0,0,0,1,0,0,0,0,0,0,0,0,0,0,0,26,14,0,0,0,0,0,8,3,6,0,0,0,0,0,0,0,0,0,0,0,0,0,0,0,0,0,0,0,0,0,0,0,0,7,246,5,5,0,0,0,0,0,0,0,0,0,0,0
0,51,0,0,0,0,91,358,80,230,0,0,0,0,0,5,0,117,0,21,0,116,0,21,0,95,0,0,0,40,0,4,0,8,0,26,0,17,0,6,0,0,0,22,0,18,0,0,0,4,0,16,22,98,65,89,0,13,0,25,0,51,36,0,0,0,0,0,0,0,0,0,0,0,0,0,0,0,0,0,0,0,0,0,0,0,0,0,0,0,0,0,0,0,0,0,0,0,0,0,0,0,0,0,0,0,0,0,0,0,0,0,0,0,0,0,0,0,0,0,0,0,0,0,0,1,0,0,0,0,0,0,0,10,0,0,0,21,0,84,0,13,0,7,0,15,0,0,0,0,0,0,0,0,0,71,0,34,0,31,0,0,0,0,0,0,0,0,0,0,0,3,0,5,0,0,10,122,0,0,0,0,0,46,0,7,0,0,0,0,0,0,0,0,0,0,0,0,0,0,0,0,0,0,0,0,0,0,0,0,0,0,3,0,0,0,0,0,1,0,8,0,0,0,0
10,0,0,0,12,0,49,0,246,0,25,0,17,0,0,0,0,0,10,0,0,0,0,2,1,0,15,0,0,0,0,0,0,0,0,0,0,0,0,0,0,0,0,0,3,0,0,0,0,0,0,0,0,0,19,0,17,0,293,53,0,0,0,0,0,67,110,20,0,0,2,0,0,0,0,0,0,0,0,0,0,0,0,0,0,0,0,0,0,0,0,0,0,0,0,0,0,2,0,0,0,0,0,0,0,0,0,0,0,0,0,0,0,0,0,0,0,0,0,0,0,0,0,0,31,0,14,0,1,0,20,0,0,0,0,0,0,0,2,0,0,0,0,0,38,62,8,0,29,17,6,0,0,0,5,18,21,0,0,22,132,157,18,0,0,0,0,0,2,0,0,0,4,0,33,5,0,0,0,0,53,90,0,0,120,0,0,0,0,0,0,0,0,0,0,0,0,0,0,0,0,0,0,0,0,0,0,0,0,0,58,9,0,0,90,2,0,0,0,0,0,0,0,0,0
0,49,0,0,0,0,0,57,1,287,0,10,0,6,1,6,0,0,0,27,0,0,0,0,0,0,0,47,0,0,0,0,0,0,0,0,0,0,0,0,0,0,2,0,0,0,0,19,0,0,0,0,8,2,0,11,42,7,79,93,0,0,0,0,67,0,22,490,0,0,5,21,0,0,0,0,0,0,0,0,0,0,0,0,0,0,0,0,0,0,0,0,0,0,0,0,0,0,0,0,0,0,0,0,0,0,0,0,0,0,0,0,0,0,0,0,0,0,0,0,0,0,0,0,0,68,0,8,0,0,0,69,0,0,0,2,0,2,55,0,0,0,0,0,55,130,0,0,25,91,0,3,0,0,105,0,25,24,51,13,129,150,0,31,0,0,0,0,0,0,0,0,0,4,4,22,0,0,0,0,26,187,0,5,12,76,0,0,0,0,0,1,0,0,0,0,0,0,0,5,0,3,0,0,0,0,0,3,0,4,4,3,0,7,126,0,0,0,132,12,83,0,17,0,0
0,0,9,0,2,0,29,0,202,36,3,0,0,0,0,0,0,0,0,0,0,0,0,0,0,0,0,0,0,0,0,0,0,0,0,0,1,0,0,0,0,0,0,0,1,0,0,0,0,0,0,0,14,13,0,39,3,23,82,179,0,0,0,0,110,22,0,140,0,0,0,0,0,0,0,0,0,0,0,0,0,0,0,0,0,0,0,0,0,0,0,0,0,0,0,0,0,0,0,0,0,0,0,0,0,0,0,0,0,0,0,0,0,0,0,0,0,0,0,0,0,0,0,0,0,0,0,0,0,0,10,0,0,0,0,0,0,0,0,0,0,0,0,0,0,6,0,0,3,0,0,0,0,0,6,21,15,1,0,12,43,29,0,0,0,0,0,0,0,0,4,0,0,0,11,15,14,0,0,0,0,24,2,0,65,5,0,0,0,0,0,0,0,0,0,0,0,0,0,0,0,0,0,0,0,0,0,0,0,0,24,37,17,0,54,0,0,0,0,0,0,0,1,0,0
0,3,0,0,0,0,27,26,76,98,0,0,0,0,0,0,0,0,0,0,0,0,0,0,0,0,0,0,0,0,0,0,0,0,0,0,0,0,0,0,0,0,0,0,0,0,0,0,0,0,0,0,184,19,145,10,43,0,274,217,0,8,0,0,20,490,140,0,0,0,0,0,0,0,0,0,0,0,0,0,0,0,0,0,0,0,0,0,0,0,0,0,0,0,0,0,0,0,0,0,0,0,0,0,0,0,0,0,0,0,0,0,0,0,0,0,0,0,0,0,0,0,0,0,0,9,0,0,0,0,0,27,0,0,0,0,0,0,0,0,0,0,0,0,0,18,0,0,0,7,0,0,0,0,76,12,26,44,0,17,0,15,0,0,0,0,0,0,0,5,0,11,0,0,0,38,3,4,0,0,0,37,0,0,30,71,0,0,0,0,0,0,0,0,0,0,0,0,0,0,0,0,0,0,0,0,0,0,0,0,0,0,0,0,145,0,0,0,106,67,64,88,21,0,0
0,0,0,0,0,0,0,0,0,0,0,0,0,0,0,0,0,0,0,0,8,0,0,0,1,0,0,0,0,0,0,0,0,0,0,0,0,0,0,0,0,0,2,0,0,0,0,0,15,0,0,0,0,0,0,0,0,0,0,0,0,0,0,0,0,0,0,0,0,0,0,1,13,0,0,0,82,0,28,0,19,0,38,0,0,0,20,0,23,0,0,0,9,0,14,0,0,0,0,0,10,0,116,0,0,0,89,0,7,0,0,0,2,0,1,0,0,0,0,0,0,0,6,0,0,6,0,0,0,0,0,0,0,0,0,0,0,0,0,0,0,2,0,0,0,0,7,0,0,0,0,0,9,0,0,0,0,0,0,0,0,0,0,0,25,0,0,0,89,0,0,0,0,0,17,0,0,0,0,0,0,3,0,0,0,0,0,0,127,0,0,0,66,0,70,0,19,0,8,0,20,0,0,0,56,0,0,0,0,0,81,10,56,1,6,8,30,0,0,0,3,0,0,0,0
0,0,0,0,0,0,0,0,0,0,0,0,0,0,0,0,0,0,0,0,0,0,0,0,0,0,0,3,0,0,0,0,0,0,0,0,0,0,0,0,0,0,0,0,1,13,0,2,0,3,0,1,0,0,0,0,0,0,0,4,0,0,0,0,0,0,0,0,0,0,0,0,0,0,0,0,0,31,0,0,0,0,0,21,0,0,0,3,0,0,0,0,0,0,0,6,1,0,0,0,0,1,0,32,1,0,1,0,0,2,0,1,0,0,0,0,0,5,0,0,0,0,0,0,0,0,0,1,0,0,1,1,0,0,0,0,0,0,0,0,0,0,0,0,0,0,1,0,0,0,0,0,0,0,0,1,0,0,0,0,0,1,0,0,0,9,0,0,0,26,0,5,0,0,0,0,0,0,0,0,0,0,0,0,0,0,0,1,0,12,0,0,0,0,0,22,0,4,0,0,0,4,0,0,0,9,0,0,0,0,0,0,0,0,4,0,0,0,26,14,81,1,5,46,2
0,0,0,0,0,0,0,0,0,1,0,0,0,0,0,0,11,0,0,0,19,0,0,0,0,0,59,0,0,0,0,0,0,0,5,0,58,0,0,0,0,0,24,0,32,0,0,0,0,0,16,0,0,0,0,0,0,0,0,0,0,0,1,0,2,5,0,0,0,0,0,0,185,0,280,0,9,0,233,0,10,3,0,0,0,0,37,0,0,0,0,3,0,0,6,0,0,0,0,0,0,0,0,0,1,0,0,0,0,0,0,0,0,0,0,0,0,0,0,0,29,1,3,2,33,0,0,0,29,0,49,33,15,1,0,0,41,1,12,0,36,0,0,0,70,0,18,0,72,0,24,0,0,0,0,0,20,0,0,0,10,0,39,0,0,0,14,0,18,0,14,1,38,0,42,0,0,0,0,0,94,28,0,0,6,0,0,0,0,0,0,0,0,0,0,0,0,0,0,0,0,0,0,0,0,0,0,0,0,0,7,0,0,0,0,0,0,0,10,0,0,0,0,0,0
0,0,0,0,0,0,0,0,0,0,0,0,0,0,0,0,0,0,0,0,0,0,0,0,0,0,0,0,0,0,0,0,0,0,0,0,0,0,0,0,0,0,0,0,0,0,0,0,0,0,0,0,0,0,0,0,0,0,0,0,0,0,0,0,0,21,0,0,1,0,0,0,0,86,0,157,0,18,0,2,0,0,0,2,2,0,0,62,0,0,0,0,0,0,0,0,5,0,0,0,0,0,0,0,0,0,0,0,0,0,0,0,0,0,0,0,0,0,0,0,0,0,0,0,0,85,0,41,0,0,39,0,0,56,0,0,0,7,0,0,0,33,3,5,14,108,0,36,33,90,0,49,0,40,0,0,0,0,0,0,0,16,4,27,0,0,0,0,0,4,0,24,0,9,0,58,0,0,0,0,0,99,0,0,0,29,0,0,0,0,0,0,0,0,0,0,0,0,0,0,0,0,0,2,0,0,0,0,0,20,4,0,0,0,12,0,0,0,58,7,5,0,0,2,0
0,0,0,0,0,0,0,0,0,0,0,0,0,0,0,0,0,0,0,0,0,0,0,0,0,0,0,0,0,0,0,0,0,0,0,0,0,0,0,0,0,0,0,0,0,0,0,0,0,0,0,0,0,0,0,0,0,0,0,0,0,0,0,0,0,0,0,0,13,0,185,0,0,0,88,0,37,0,231,0,0,0,11,0,0,0,3,0,0,0,0,0,0,0,0,0,0,0,0,0,0,0,0,0,0,0,0,0,2,0,0,0,1,0,0,0,0,0,0,0,21,0,0,0,47,0,0,0,52,0,26,0,20,0,98,0,73,2,0,0,44,0,100,0,69,0,0,0,22,0,58,1,0,0,0,0,0,0,0,0,0,1,42,0,1,0,0,0,13,0,0,0,3,0,0,0,0,0,0,0,42,14,0,0,0,0,0,0,0,0,0,0,0,0,0,0,28,0,0,0,35,0,0,0,0,0,0,0,132,0,221,0,5,0,27,0,0,0,0,0,0,0,0,0,0
0,0,0,0,0,0,0,0,0,1,0,0,0,0,0,0,0,0,0,0,0,0,0,0,1,0,0,0,0,0,0,0,0,0,0,0,0,0,0,0,0,0,0,0,0,0,0,0,0,0,0,0,0,0,0,0,0,0,0,0,0,0,0,0,0,0,0,0,0,0,0,86,0,0,0,369,0,128,0,15,0,7,0,44,0,52,1,66,0,0,0,0,0,0,0,0,0,0,0,1,6,0,0,0,0,0,12,0,0,0,0,0,0,0,0,0,0,1,0,0,0,22,0,27,0,49,11,0,0,0,8,0,0,15,0,0,0,20,0,3,0,19,0,3,0,39,0,26,0,32,0,0,8,40,0,0,0,0,0,0,0,0,0,41,0,0,0,1,0,10,0,3,0,0,1,0,0,0,0,0,0,0,0,0,1,0,0,0,0,136,0,0,0,0,0,27,0,16,1,0,0,115,0,165,0,0,0,0,3,93,0,0,0,0,45,0,0,0,141,4,7,0,0,3,0
0,0,0,0,0,0,0,0,0,0,0,0,0,0,0,0,16,0,0,0,47,0,0,0,0,0,51,0,8,0,0,0,7,0,0,0,59,0,16,0,0,0,0,0,38,0,0,0,0,0,0,0,0,0,0,0,0,0,0,0,7,0,2,0,0,0,0,0,0,0,280,0,88,0,0,3,5,0,152,0,18,0,7,0,29,0,22,0,0,0,0,0,0,0,11,0,7,0,11,0,6,0,0,0,0,0,0,0,0,0,0,0,0,0,0,0,0,0,0,0,133,0,25,0,0,25,9,2,21,0,27,23,19,0,88,0,63,0,13,0,125,0,146,2,131,0,33,6,72,13,36,0,0,0,0,0,14,0,0,0,0,3,36,0,0,0,0,0,7,0,12,0,30,0,94,0,0,0,0,0,109,33,0,0,0,0,0,0,0,0,0,0,0,0,0,0,0,0,67,0,38,0,0,0,0,0,0,0,71,0,5,0,4,0,4,0,0,0,17,0,0,6,0,0,0
0,0,0,0,1,0,0,0,0,0,0,3,0,0,0,0,0,0,0,0,0,0,0,0,0,0,0,0,0,0,0,0,0,0,0,0,0,0,0,0,0,0,0,7,0,14,0,0,0,0,0,0,0,0,0,0,0,0,0,0,0,0,0,0,0,0,0,0,0,0,0,157,0,369,3,0,0,50,2,38,0,3,2,8,0,30,0,148,0,0,0,0,0,0,0,0,0,0,0,0,0,0,0,0,0,0,0,0,0,0,0,0,0,0,0,0,0,0,0,0,0,171,0,34,0,71,0,92,0,0,47,0,1,47,0,136,0,45,18,4,0,42,0,27,0,135,10,55,51,97,0,108,0,87,0,0,0,0,0,0,0,6,0,52,0,0,0,9,0,14,0,20,0,18,0,104,0,0,0,0,35,162,0,0,0,19,0,0,0,0,0,0,0,45,0,0,0,0,0,77,4,34,0,61,0,0,0,146,2,109,0,0,0,9,44,0,0,0,202,0,15,0,0,0,0
0,0,0,0,0,0,0,0,0,0,0,0,0,0,0,0,0,0,0,0,0,0,0,0,0,0,0,0,0,0,0,0,0,0,0,0,0,0,0,0,0,0,0,0,0,0,0,0,1,0,2,0,0,0,0,0,0,0,0,0,0,0,0,0,0,0,0,0,82,0,9,0,37,0,5,0,0,0,28,0,0,0,19,0,0,0,16,0,0,0,0,0,4,0,0,1,0,0,0,0,0,0,25,0,0,0,35,0,20,0,2,0,0,0,0,0,0,0,0,0,8,0,0,0,0,0,2,0,1,0,0,0,0,0,0,0,0,0,0,0,0,0,0,0,0,0,0,0,0,0,0,0,0,0,0,0,0,0,0,0,0,0,0,0,9,0,0,0,30,0,0,0,0,0,0,0,0,0,0,0,8,3,0,0,0,0,0,0,127,0,0,0,0,0,52,0,0,0,0,0,0,0,0,0,0,0,0,0,0,0,42,3,25,0,0,0,3,0,1,0,0,0,0,0,0
0,0,0,0,0,0,0,0,0,0,0,0,0,0,0,0,0,0,0,0,0,0,0,0,0,0,0,0,0,0,0,0,0,0,0,0,0,0,0,0,0,0,0,8,0,51,0,0,0,0,0,0,0,0,0,0,0,9,0,7,0,1,0,0,0,0,0,0,0,31,0,18,0,128,0,50,0,0,0,7,0,45,0,77,0,44,0,78,0,5,0,0,0,8,0,58,0,0,0,15,0,10,0,102,0,0,0,0,0,26,0,0,0,8,0,0,0,37,0,0,0,0,0,5,0,0,0,0,1,0,0,0,0,0,0,0,0,5,0,0,0,5,0,0,0,0,0,0,0,0,0,19,0,13,0,0,0,0,0,0,0,4,0,0,0,28,0,0,0,79,0,3,0,0,0,0,0,0,0,0,0,31,0,0,0,0,0,0,0,116,0,0,0,0,0,143,0,26,1,0,0,0,0,0,0,0,0,0,0,0,0,0,0,0,0,0,0,0,43,21,57,0,6,11,1
1,0,0,0,0,0,0,0,0,0,0,0,0,0,0,0,0,0,0,0,0,0,0,0,0,0,0,0,0,0,0,0,0,0,0,0,0,0,0,0,0,0,0,0,0,0,0,0,0,0,9,0,0,0,0,0,0,0,0,0,0,0,0,0,0,0,0,0,28,0,233,0,231,0,152,2,28,0,0,0,37,0,70,0,41,0,52,0,0,0,0,0,4,0,7,0,0,0,14,0,0,0,32,0,39,0,0,0,10,0,0,0,0,0,0,0,0,0,0,0,75,0,25,0,0,0,0,0,0,0,0,6,0,0,182,0,47,0,4,0,37,0,177,0,30,0,0,0,35,0,23,1,0,0,0,0,0,0,0,0,0,0,0,0,15,0,0,0,30,0,0,0,0,0,34,0,0,0,0,0,0,0,0,0,0,0,0,0,263,0,0,0,373,0,87,0,44,0,189,0,193,0,239,0,0,0,0,0,94,0,196,7,12,0,13,0,0,0,0,0,0,0,0,0,0
