0,154,88,161,87,83,95,0,69,0,120,76,194,0,22,209,0,21,82,6,0,11,20,174,0,71,80,0,28,9,18,6,66,0,7,0,44,1,390,14,39,0,0,0,6,0,22,0,4,0,0,0,0,0,4,0,3,0,7,0,7,0,0,0,3,0,0,0,0,0,4,0,0,0,0,0,0,0,0,0,0,0,0,0,0,0,0,0,0,0,0,0,0,0,0,0,0,0,0,0,0,0,0,0,0,0,0,0,0,0,0,0,0,0,0,0,0,0,0,0,0,0,0,0,3,0,1,0,0,1,0,0,2,0,0,0,0,0,0,0,0,0,2,0,3,0,7,0,9,0,17,0,39,0,0,0,0,0,0,0,0,0,2,0,2,0,10,0,6,0,0,0,51,0,9,0,208,79,13,0,52,0,15,0,47,0,2,0,0,0,0,0,0,0,0,0,0,0,0,0,1,0,0,0,0,0,0,0,1,0,3,0,0,0,0,0,0,0,0,0,59,0,5,0,0,1,197,23,64,0,84,0,0,0,0,0,12,1,68,0,68,0,116,0,183,1,0,0,0
154,0,75,98,0,284,151,12,159,29,0,296,0,79,12,20,57,29,0,183,0,24,143,0,43,10,0,102,23,76,0,30,0,133,0,10,0,196,32,355,0,39,0,0,0,32,0,42,0,3,0,3,0,0,0,4,0,0,2,5,0,107,14,46,0,25,0,3,0,0,0,2,0,4,0,0,0,0,0,0,0,0,0,0,0,0,0,0,0,1,0,0,0,0,0,0,0,0,0,0,0,0,0,0,0,0,0,0,0,0,0,0,0,0,1,0,0,0,0,0,0,0,0,0,0,0,0,3,0,0,0,4,0,0,0,19,0,9,0,0,0,0,0,0,0,0,0,24,0,19,0,58,0,86,0,1,0,0,0,0,2,0,0,0,0,0,0,0,0,5,0,2,0,26,0,13,14,278,0,1,0,38,4,113,0,29,0,2,0,0,0,0,0,0,0,0,0,0,0,0,0,0,0,0,0,0,0,23,0,24,0,0,0,0,0,22,0,3,0,10,0,231,0,23,0,13,0,164,0,78,0,182,0,410,0,27,0,35,0,119,0,61,0,73,0,287,0,0,0
88,75,0,68,158,136,171,0,35,5,29,165,87,0,155,123,44,0,130,17,55,15,151,53,13,0,66,0,0,0,71,0,150,12,0,0,50,2,326,0,0,0,0,0,0,0,0,0,5,0,0,0,0,0,26,0,3,0,11,0,0,0,4,0,0,0,0,0,0,0,2,0,0,0,2,0,1,0,0,0,0,0,0,0,0,0,5,0,0,0,0,0,0,0,0,0,0,0,0,0,0,0,0,0,0,0,0,0,0,0,0,0,0,0,0,0,0,0,0,0,0,0,0,0,7,0,29,0,0,0,8,0,6,0,88,0,22,0,7,0,1,0,0,0,2,0,31,0,9,0,47,0,50,0,0,0,0,0,0,0,5,0,0,0,0,0,13,0,8,0,0,0,48,0,0,0,38,46,0,0,0,0,2,0,0,0,1,0,0,0,0,0,0,0,0,0,6,0,0,0,0,0,0,0,0,0,0,0,58,0,0,0,2,0,21,0,0,0,0,0,165,0,11,0,13,0,184,18,75,0,211,0,0,0,12,1,19,3,75,0,91,0,181,0,397,0,0,0,0
161,98,68,0,14,70,63,120,77,25,25,13,0,0,11,106,27,40,0,71,9,111,67,81,22,75,0,9,0,117,7,87,4,147,0,8,0,25,33,290,0,0,0,0,0,0,0,0,0,0,0,0,0,0,0,56,0,3,0,12,2,9,0,8,0,10,0,3,0,1,0,0,0,1,0,0,0,0,0,1,0,0,0,0,0,4,0,0,0,0,0,11,0,0,0,0,0,24,0,0,0,0,0,0,0,0,0,30,0,0,0,0,0,0,0,0,0,0,0,0,0,0,0,0,0,11,0,12,0,0,0,14,0,0,0,294,0,161,0,0,0,15,0,36,0,0,0,24,0,9,0,35,0,11,0,6,0,0,0,0,0,6,0,0,0,8,0,0,0,0,0,0,0,32,0,0,13,53,0,0,0,0,6,15,0,3,0,0,0,0,0,0,0,0,0,0,0,0,0,0,0,44,0,1,0,0,0,60,0,130,0,0,0,4,0,12,0,0,0,0,2,350,1,15,0,6,0,54,0,79,0,62,0,291,0,18,0,15,0,36,2,27,0,24,0,144,0,0,0
87,0,158,14,0,325,30,0,30,0,101,189,242,171,98,198,0,0,191,170,112,116,32,10,2,0,137,44,0,0,89,12,175,8,110,8,116,4,41,1,61,12,8,6,0,0,28,0,4,0,9,0,0,0,7,0,3,0,5,0,0,0,0,0,7,0,2,0,0,0,6,0,0,0,4,0,0,0,0,0,0,0,0,0,6,0,0,0,1,0,0,0,0,0,0,0,0,0,0,0,0,0,0,0,0,0,8,0,0,0,0,0,0,0,0,0,0,0,0,0,5,0,0,0,3,0,16,0,0,0,8,0,3,0,32,0,1,0,1,0,0,0,0,0,4,0,22,0,14,0,44,0,42,0,0,0,0,0,1,0,6,0,0,0,0,0,19,0,0,0,1,0,26,0,7,0,155,86,11,0,36,0,18,0,26,0,4,1,0,0,0,0,0,0,0,0,0,0,0,0,0,0,0,0,0,0,0,0,19,0,0,0,0,0,2,0,0,0,5,0,105,0,0,0,28,0,307,7,79,0,217,0,0,1,3,0,49,9,0,0,20,0,60,0,201,0,0,0,0
83,284,136,70,325,0,0,32,1,36,203,125,102,99,273,170,34,2,63,347,106,311,75,39,0,2,0,128,6,40,52,172,0,145,0,40,0,43,0,0,0,25,0,0,0,21,0,25,1,2,0,0,0,0,0,13,2,0,0,9,0,0,0,0,0,23,0,4,0,0,0,0,0,0,0,0,0,0,0,0,0,0,0,0,0,3,0,1,0,0,0,0,0,0,0,0,0,0,0,0,0,0,0,0,0,0,0,0,0,0,0,0,0,0,0,0,0,0,0,0,0,0,0,1,0,0,0,0,0,0,0,0,0,0,0,78,0,0,0,0,1,5,0,8,0,0,1,31,0,0,0,50,0,33,0,0,0,0,0,0,0,1,0,0,0,9,0,0,0,0,0,1,0,0,0,8,39,205,8,33,0,28,6,3,1,4,0,0,0,0,0,0,0,0,0,0,0,0,0,0,0,0,0,0,0,0,0,0,0,87,0,0,0,0,0,2,0,0,0,0,0,284,0,5,0,34,1,202,0,96,0,149,0,155,0,8,0,32,0,19,0,11,0,16,0,107,0,0,0
95,151,171,63,30,0,0,0,22,62,21,0,16,0,26,40,23,18,0,0,0,1,70,28,95,139,0,0,72,7,0,0,4,3,0,0,0,4,299,0,4,0,0,0,0,0,0,0,8,0,0,0,19,0,123,0,10,0,60,0,120,0,169,0,0,0,2,0,0,0,0,0,0,2,0,0,0,0,0,0,0,0,0,0,0,0,0,0,0,0,0,0,0,0,0,0,0,0,0,0,0,0,0,0,0,0,1,0,0,0,0,0,0,0,0,0,0,0,0,0,0,0,0,0,9,0,33,0,9,0,31,0,16,0,73,0,25,0,5,0,1,0,23,0,0,0,7,0,6,0,9,0,11,0,0,0,0,0,0,0,8,0,2,0,0,0,0,0,0,0,31,0,107,0,0,0,10,20,0,0,0,0,0,3,3,0,0,0,0,0,0,0,0,0,0,0,0,0,1,0,0,0,0,0,0,0,0,0,33,0,0,0,0,0,81,0,0,0,5,0,0,0,32,0,32,0,119,4,108,0,34,3,98,0,25,0,10,0,132,0,88,0,159,0,415,0,0,0,0
0,12,0,120,0,32,0,0,159,20,0,3,0,0,0,66,7,44,0,23,0,12,0,9,0,157,0,5,4,51,0,0,0,0,0,0,0,22,12,156,0,0,0,0,0,1,0,4,0,0,0,0,0,27,30,184,4,14,0,47,0,108,31,662,0,10,39,6,0,0,0,0,0,9,0,0,0,0,0,0,0,0,0,0,0,0,0,0,0,0,0,0,0,0,0,2,0,0,0,0,0,0,0,0,0,0,0,0,0,0,0,0,0,0,0,0,0,0,0,0,0,0,0,0,0,49,0,20,0,9,1,43,0,13,0,79,0,101,0,6,0,0,0,0,0,0,0,20,0,18,0,17,0,3,0,13,0,0,0,9,1,13,0,0,0,2,0,0,0,10,0,13,5,14,1,0,3,32,0,0,0,0,0,17,0,4,0,0,0,0,0,0,0,0,0,0,0,0,0,0,0,6,0,2,0,1,0,0,0,109,0,0,0,15,0,91,0,0,0,10,1,289,0,93,0,34,0,37,0,183,0,50,0,488,1,17,0,23,0,45,0,31,0,24,0,233,0,0,0
69,159,35,77,30,1,22,159,0,410,11,0,14,0,5,23,12,40,24,3,3,0,2,8,33,454,16,0,23,5,0,1,0,0,0,0,0,0,99,15,7,0,0,0,0,0,3,0,8,0,0,0,100,8,87,68,31,0,55,16,323,0,331,107,30,0,27,25,0,0,0,0,0,0,0,0,0,0,0,0,0,0,0,0,0,0,0,0,0,0,3,0,0,0,0,0,0,0,0,0,0,0,0,0,1,0,0,0,0,0,0,0,0,0,0,0,0,0,0,0,0,0,0,0,18,0,19,0,0,0,49,0,0,0,13,0,5,0,1,0,0,0,4,0,0,0,39,0,26,0,21,0,24,0,0,0,3,0,0,0,30,0,0,0,7,0,4,0,0,0,70,0,87,0,30,0,229,55,0,0,5,0,18,14,10,12,0,0,0,0,0,0,0,0,0,0,0,0,0,0,0,0,0,0,0,0,0,0,13,0,45,0,0,0,136,0,0,0,8,0,122,8,40,0,29,0,203,0,175,0,14,0,163,1,27,0,11,0,170,0,35,0,92,1,361,0,0,0,0
0,29,5,25,0,36,62,20,410,0,0,20,0,9,0,6,10,18,0,35,0,4,1,0,74,8,0,9,3,0,0,2,0,0,0,1,0,9,3,58,0,0,0,2,0,0,0,2,0,0,0,0,39,45,178,33,16,17,107,88,0,304,86,444,0,76,158,76,0,0,0,0,0,4,0,0,0,0,0,1,0,1,0,0,0,0,0,0,0,0,0,0,0,0,0,0,0,0,0,0,0,0,0,0,0,0,0,0,0,0,0,0,0,0,0,0,0,0,0,0,0,0,0,0,0,47,0,16,0,0,0,36,0,9,1,12,0,12,0,0,0,0,0,0,0,0,0,50,0,62,0,30,0,34,1,5,0,17,0,1,1,15,0,0,0,0,0,0,0,6,1,10,0,4,0,0,24,390,0,0,0,0,0,43,0,153,0,0,0,0,0,0,0,1,0,0,0,0,0,0,0,1,0,0,0,0,0,17,0,40,0,0,0,18,0,96,0,0,0,3,0,151,0,52,0,23,0,94,0,151,0,41,0,476,0,36,0,27,2,106,0,30,0,20,0,269,0,0,0
120,0,29,25,101,203,21,0,11,0,0,82,246,14,9,155,0,0,33,36,25,42,0,0,0,0,47,6,0,0,32,0,73,0,0,0,38,0,21,0,47,0,0,0,6,0,24,0,3,0,9,0,0,0,0,0,0,0,1,0,0,0,0,0,0,0,0,0,0,0,0,0,2,0,0,0,0,0,1,0,0,0,0,0,0,1,0,0,0,0,0,0,0,0,0,0,0,0,11,0,0,0,0,0,0,0,0,0,0,0,0,0,0,0,0,0,0,0,0,0,3,0,0,0,0,0,0,0,0,0,0,0,2,0,0,0,0,0,0,0,0,0,0,0,0,0,0,0,2,0,11,0,16,0,0,0,0,0,0,0,1,0,0,0,12,0,34,0,0,0,0,0,27,0,7,0,182,26,20,0,26,0,25,0,11,0,1,0,0,0,0,0,0,0,0,0,0,0,0,0,0,0,0,0,0,0,0,0,1,0,0,0,0,0,0,0,0,0,0,0,49,0,4,0,6,0,83,8,96,0,76,0,0,0,0,0,5,0,0,0,12,0,23,0,71,0,0,0,0
76,296,165,13,189,125,0,3,0,20,82,0,18,290,177,23,47,0,29,106,111,71,145,15,0,0,10,106,7,20,35,0,5,134,0,13,0,85,0,31,0,160,0,0,0,20,0,64,0,18,0,0,0,0,0,0,0,0,0,0,0,0,0,0,0,14,0,0,0,0,0,0,0,0,0,0,0,0,0,0,0,0,0,0,0,0,0,0,0,0,0,0,0,0,0,0,0,0,0,0,0,0,0,0,0,0,0,0,0,0,0,0,0,0,0,0,0,0,0,3,0,0,0,0,0,1,0,2,0,0,0,0,0,0,0,0,0,9,0,0,0,8,0,7,0,2,0,0,0,0,0,34,0,38,0,0,0,0,0,0,0,0,0,0,0,0,0,0,0,0,0,0,0,3,0,24,25,384,1,44,0,84,2,33,0,28,0,22,0,0,0,0,0,0,0,0,0,9,0,0,0,0,0,0,0,0,0,3,0,0,0,0,0,0,0,1,0,3,0,9,0,88,0,0,0,0,3,134,0,44,0,69,0,0,0,0,0,16,0,9,0,0,0,7,0,35,0,0,0
194,0,87,0,242,102,16,0,14,0,246,18,0,199,24,25,0,0,70,335,51,111,0,0,0,0,120,215,0,0,18,3,4,0,109,0,43,0,0,0,120,64,11,13,11,0,40,44,8,0,36,12,1,0,1,0,0,0,0,0,0,0,0,0,5,0,0,0,0,0,0,0,2,0,0,0,0,0,0,0,0,0,0,0,0,0,0,1,0,0,0,0,0,0,0,0,0,0,0,0,0,0,0,0,0,0,0,0,0,0,0,0,0,0,0,0,0,0,0,0,0,0,0,0,0,0,5,0,0,0,3,0,1,0,3,0,0,0,1,0,0,0,0,0,0,0,7,0,0,0,0,0,15,0,0,0,0,0,0,0,0,0,0,0,4,0,0,0,3,0,0,0,1,0,35,0,163,56,40,0,77,0,16,0,15,0,15,4,0,0,0,0,0,0,0,0,3,0,0,0,0,0,0,0,0,0,0,0,0,0,0,0,0,0,0,0,0,0,26,17,0,0,2,0,26,0,61,0,6,0,0,0,0,0,0,0,10,0,0,0,0,0,0,0,0,0,0,0,0
0,79,0,0,171,99,0,0,0,9,14,290,199,0,94,1,0,0,381,49,145,94,0,4,0,0,193,72,0,0,13,10,0,0,16,45,0,48,0,0,80,221,21,190,0,25,22,74,1,10,8,72,0,0,0,1,0,0,0,0,0,0,0,0,0,0,0,0,0,0,0,0,0,0,0,0,0,0,0,0,0,0,0,0,0,6,0,0,0,0,0,3,0,0,0,0,0,0,0,0,0,1,0,0,0,4,0,2,0,0,0,0,0,0,0,0,0,0,0,0,0,0,0,0,0,0,0,0,0,0,0,0,0,0,0,0,0,0,0,0,0,1,0,11,0,0,0,0,0,0,0,14,0,10,0,0,0,0,0,0,0,0,0,0,0,30,0,0,0,10,0,0,0,0,0,12,30,316,8,15,0,36,0,4,0,0,2,36,0,0,0,0,0,0,0,0,0,0,0,0,0,0,0,0,0,0,0,0,0,0,0,0,0,0,0,0,0,0,2,101,0,9,0,21,0,73,1,134,0,26,0,18,0,0,0,0,0,7,0,0,0,0,0,5,0,0,0,0,0
22,12,155,11,98,273,26,0,5,0,9,177,24,94,0,115,110,0,225,139,186,81,299,0,50,5,62,13,5,0,217,16,126,0,52,5,71,0,10,0,0,5,0,0,0,0,0,2,0,0,5,3,0,0,0,0,3,0,0,0,0,0,7,0,6,1,0,0,0,0,4,0,0,0,0,0,0,0,0,0,0,0,0,0,26,0,0,0,0,0,29,0,0,0,0,0,0,0,26,0,0,0,0,0,0,0,62,0,0,0,0,0,0,0,0,0,0,0,0,0,0,0,0,0,6,0,39,0,0,0,0,0,0,0,214,0,0,0,0,0,0,0,147,0,0,0,29,0,17,0,96,0,108,0,0,0,0,0,0,0,2,0,0,0,0,0,20,0,0,0,0,0,12,0,4,0,26,36,0,0,22,0,26,0,14,0,0,0,0,0,0,0,0,0,0,0,0,0,0,0,12,0,0,0,0,0,0,0,101,0,0,0,0,0,0,0,0,0,7,0,91,0,0,0,0,0,186,3,53,0,71,0,0,0,0,0,22,7,9,0,9,0,21,0,108,0,0,0,0
209,20,123,106,198,170,40,66,23,6,155,23,25,1,115,0,48,18,20,119,65,276,130,35,8,23,0,75,12,33,39,78,20,39,1,19,2,10,22,20,0,0,0,5,0,13,0,0,0,3,0,0,0,1,1,27,0,0,0,4,0,3,0,4,0,7,0,0,0,0,0,0,0,0,0,0,0,0,0,0,0,13,0,0,0,8,0,0,0,0,0,11,0,0,0,0,0,53,0,10,0,6,0,0,0,0,0,21,0,0,0,0,0,0,0,0,0,0,0,0,0,2,0,0,0,0,0,0,0,16,0,5,0,9,0,228,0,98,0,0,0,9,0,30,0,2,0,20,0,6,0,26,0,0,0,0,0,0,0,0,0,0,0,0,0,6,0,3,0,8,0,0,0,6,0,0,12,32,2,0,0,2,5,0,0,3,0,0,0,0,0,0,0,0,0,0,0,5,0,0,0,40,0,0,0,0,0,37,0,79,0,0,0,0,0,0,0,0,0,0,0,116,0,0,0,12,3,256,0,41,0,39,0,67,0,0,0,2,0,3,0,4,0,3,0,29,0,0,0
0,57,44,27,0,34,23,7,12,10,0,47,0,0,110,48,0,7,136,3,190,0,195,55,75,27,91,0,123,0,42,0,24,5,45,0,12,0,120,0,0,0,0,0,41,0,0,0,4,0,11,0,32,0,33,0,17,0,3,0,4,3,273,5,0,0,0,0,0,0,5,0,0,0,8,0,0,0,0,0,29,0,10,0,67,0,28,0,0,0,75,0,0,0,0,0,14,0,79,0,4,0,0,0,0,0,160,0,0,0,0,0,0,0,0,0,0,0,0,0,8,0,21,0,1,0,0,0,40,0,0,0,0,0,25,0,110,0,48,0,51,0,303,0,0,0,0,0,3,0,0,0,0,0,27,0,0,0,16,0,10,0,3,0,0,0,0,0,0,0,10,0,21,0,0,0,6,5,0,0,0,0,3,0,0,0,0,0,0,0,0,0,0,0,0,0,0,0,0,0,10,0,0,0,0,0,0,0,17,0,0,0,0,0,15,0,0,0,0,0,18,0,0,0,12,0,178,9,52,0,0,0,0,1,0,0,1,0,15,0,3,0,10,0,42,0,0,0,0
21,29,0,40,0,2,18,44,40,18,0,0,0,0,0,18,7,0,0,27,0,95,0,18,10,30,0,31,6,111,0,68,0,36,0,16,0,7,10,99,0,0,0,0,0,0,0,0,1,0,0,11,0,11,0,31,0,4,0,0,4,10,7,97,0,0,0,0,0,0,0,0,0,0,0,1,0,20,0,0,0,84,0,6,0,33,0,26,0,34,0,37,0,0,0,42,0,57,0,39,0,15,0,0,0,0,0,28,0,0,0,0,0,0,0,0,0,0,0,0,0,4,0,0,0,0,0,0,0,108,0,16,0,0,0,225,0,129,0,54,0,0,0,237,0,1,0,0,0,0,0,0,0,0,0,15,0,0,0,0,0,5,0,0,0,0,0,0,0,7,0,0,1,0,0,0,0,7,0,0,0,0,0,1,0,0,0,0,0,0,0,0,0,0,0,0,0,0,0,0,0,42,0,0,0,1,0,0,0,0,0,0,0,0,0,0,0,0,0,0,0,15,0,0,0,0,0,62,0,15,0,0,0,18,0,0,0,0,0,9,0,3,0,3,0,15,0,0,0
82,0,130,0,191,63,0,0,24,0,33,29,70,381,225,20,136,0,0,345,239,134,167,0,12,1,218,256,0,0,23,4,9,0,179,0,53,0,3,0,13,84,26,20,35,9,11,58,4,0,114,0,0,0,0,0,0,0,2,0,0,0,23,0,5,1,0,0,0,0,0,0,0,0,9,0,0,0,0,0,0,0,0,0,0,0,0,0,0,0,0,0,0,0,0,0,10,0,0,0,6,0,0,1,0,0,0,0,0,0,0,0,0,0,0,0,0,0,1,0,13,0,34,0,0,0,0,0,0,0,6,0,0,0,0,0,37,0,0,0,0,0,122,0,0,0,18,0,14,0,57,0,76,1,5,0,0,0,0,0,0,0,0,0,22,4,0,1,0,0,0,0,7,0,0,0,53,35,6,0,20,0,26,0,13,0,2,7,0,0,0,0,0,0,0,0,15,0,0,0,0,0,0,0,0,0,0,0,35,0,0,0,0,0,0,0,1,0,80,0,48,0,0,0,160,9,204,0,30,0,0,3,0,0,0,0,40,14,8,0,0,0,6,0,64,0,0,0,0
6,183,17,71,170,347,0,23,3,35,36,106,335,49,139,119,3,27,345,0,190,166,3,31,0,0,144,137,0,7,21,28,0,21,20,43,0,56,0,12,75,13,0,129,0,141,18,38,1,10,10,101,0,0,0,9,0,0,0,0,0,2,0,40,0,29,0,4,0,0,0,0,0,0,0,0,0,0,0,0,0,100,0,0,0,40,0,45,0,34,0,58,0,0,0,62,0,77,0,56,0,13,0,0,0,0,0,49,0,1,0,0,0,0,0,0,0,0,0,0,0,18,0,0,0,0,0,12,0,0,0,0,0,0,0,252,0,100,0,0,0,18,0,120,0,0,0,30,0,23,0,74,0,62,0,0,0,3,0,0,0,0,0,0,0,28,0,0,0,37,0,0,0,0,0,0,15,90,11,9,0,7,0,8,0,20,6,2,0,0,0,0,0,0,0,0,0,5,0,0,0,76,0,0,0,0,0,84,0,93,0,0,0,0,0,0,0,0,0,154,0,28,0,38,0,134,0,202,0,46,0,44,0,44,0,0,0,13,0,0,0,0,0,0,0,23,0,0,0
0,0,55,9,112,106,0,0,3,0,25,111,51,145,186,65,190,0,239,190,0,75,174,4,6,0,139,85,72,0,61,5,55,1,132,0,25,0,16,0,0,12,14,4,39,10,0,13,0,0,39,7,0,0,0,0,3,0,0,0,0,0,27,0,0,0,0,0,0,0,10,0,2,0,0,0,0,0,0,0,0,0,0,0,60,0,29,0,0,0,28,0,0,0,0,0,0,0,69,0,2,0,0,0,0,0,68,0,0,0,0,0,0,0,0,0,0,0,0,0,15,0,32,0,0,0,0,0,0,0,0,0,0,0,0,0,47,0,54,0,121,0,78,0,0,0,0,0,0,0,0,0,9,0,0,0,2,0,0,0,1,0,0,0,14,0,41,0,11,1,0,0,21,0,0,0,0,13,2,0,0,0,0,0,0,0,0,0,0,0,0,0,0,0,0,0,0,0,0,0,0,0,0,0,0,0,0,0,0,0,0,0,0,0,0,0,0,0,38,0,31,0,6,0,21,0,339,0,27,0,84,1,0,0,0,0,27,8,6,0,0,0,28,0,0,0,0,0,0
11,24,15,111,116,311,1,12,0,4,42,71,111,94,81,276,0,95,134,166,75,0,0,39,0,15,21,40,0,24,18,73,0,82,16,55,4,61,1,38,10,0,0,62,0,24,0,0,0,4,0,65,0,0,0,0,0,0,0,3,0,0,0,106,0,0,0,0,0,0,0,7,0,4,0,0,0,0,0,0,0,90,0,0,0,36,0,42,0,0,0,25,0,0,0,50,0,0,0,45,0,9,0,0,0,0,0,21,0,1,0,0,0,0,0,0,0,0,0,0,0,25,0,14,0,0,0,3,0,0,0,0,0,0,0,124,0,91,0,40,0,35,0,168,0,29,0,0,0,0,0,0,0,0,0,0,0,0,0,0,0,0,0,0,0,24,0,12,0,0,0,6,0,7,0,0,0,42,4,4,0,0,0,1,0,6,2,2,0,0,0,0,0,0,0,0,0,0,0,0,0,26,0,0,0,0,0,0,0,0,0,0,0,0,0,1,0,0,0,93,0,54,0,16,0,123,0,519,0,60,0,108,0,93,0,7,0,48,0,11,0,12,0,15,0,61,0,0,0
20,143,151,67,32,75,70,0,2,1,0,145,0,0,299,130,195,0,167,3,174,0,0,96,73,16,78,0,171,10,114,0,146,0,15,0,14,0,308,5,0,0,8,0,78,0,8,0,16,0,0,0,3,0,38,0,0,0,0,0,0,0,16,0,0,0,0,0,0,0,0,0,0,0,0,0,0,0,0,0,0,0,0,0,7,0,0,0,0,0,31,0,0,0,3,0,7,0,8,0,0,0,0,0,22,0,42,0,0,0,0,0,0,0,0,0,0,0,0,0,0,0,3,0,0,0,27,0,0,0,0,0,10,0,193,0,57,0,0,0,1,0,228,0,0,0,6,0,7,0,29,2,36,0,2,0,0,0,2,0,2,0,0,0,0,0,12,0,0,0,0,0,41,0,0,0,22,46,0,0,0,0,4,0,5,0,0,0,0,0,0,0,0,0,6,0,8,0,0,0,11,0,0,0,0,0,0,0,92,0,7,0,0,0,16,0,0,0,0,0,152,4,21,0,7,0,110,12,47,0,78,0,159,0,5,0,10,0,43,0,39,0,47,0,230,0,0,0,0
174,0,53,81,10,39,28,9,8,0,0,15,0,4,0,35,55,18,0,31,4,39,96,0,7,22,0,14,12,32,6,36,0,25,0,1,3,1,26,34,0,0,0,1,0,6,0,2,0,0,0,0,0,0,0,5,0,0,0,0,0,0,0,7,0,0,0,0,0,0,0,0,0,0,0,0,0,0,0,2,0,22,0,3,0,12,0,9,0,0,0,14,0,0,0,9,0,21,0,12,0,6,0,2,0,2,0,7,0,0,0,0,0,0,0,0,0,0,0,0,0,3,0,0,0,0,0,0,0,19,0,0,0,0,0,74,0,24,0,4,0,0,0,49,0,0,0,3,0,0,0,4,0,0,0,0,0,0,0,2,0,0,0,0,0,5,0,0,0,3,0,0,0,2,0,0,4,12,0,0,0,0,4,0,0,0,0,0,0,0,0,0,0,1,0,0,0,0,0,0,0,11,0,0,0,0,0,0,0,8,0,0,0,0,0,0,0,0,0,2,0,28,0,0,0,0,0,185,0,14,1,10,0,16,0,0,0,2,0,3,0,0,0,0,0,11,0,0,0
0,43,13,22,2,0,95,0,33,74,0,0,0,0,50,8,75,10,12,0,6,0,73,7,0,78,0,0,305,0,11,0,0,2,0,0,2,0,230,0,0,0,0,0,0,0,0,0,22,0,0,0,19,1,150,0,46,0,14,0,44,5,178,24,0,0,0,0,0,0,0,0,0,0,0,0,0,0,0,0,0,0,0,0,0,0,0,0,0,0,21,0,0,0,0,0,7,0,2,0,0,0,0,0,0,0,0,0,0,0,0,0,0,0,0,0,0,0,0,0,0,0,0,0,0,0,18,0,61,0,4,0,23,0,256,0,171,0,11,0,2,0,325,0,0,0,2,0,0,1,0,0,0,0,9,0,0,0,5,0,31,0,2,0,0,0,0,0,0,0,25,0,43,0,0,0,0,9,0,0,0,0,0,0,0,0,0,0,0,0,0,0,0,0,7,0,0,0,6,0,27,0,0,0,0,0,0,0,68,0,0,0,0,0,64,0,0,0,11,0,124,2,33,0,25,0,61,0,79,1,21,0,199,2,0,0,12,0,92,0,48,0,61,0,345,0,0,0,0
71,10,0,75,0,2,139,157,454,8,0,0,0,0,5,23,27,30,1,0,0,15,16,22,78,0,0,0,21,68,0,10,0,7,0,0,0,6,74,81,0,0,0,0,0,0,0,0,0,0,0,0,10,8,47,150,3,15,12,2,28,54,62,135,0,0,13,0,0,0,0,0,0,0,0,0,0,0,0,0,0,0,0,0,0,4,0,0,0,0,0,0,0,0,0,0,0,28,0,6,0,3,0,0,0,0,0,17,0,0,0,0,0,0,0,0,0,0,0,0,0,0,0,0,0,0,0,11,0,56,1,35,0,37,0,304,0,196,0,17,0,2,0,57,0,4,0,5,0,0,0,0,0,0,0,33,0,2,0,12,0,19,0,0,1,0,0,0,0,4,0,0,7,5,0,0,3,25,0,0,0,0,1,8,0,0,0,0,0,0,0,0,0,0,0,0,0,0,0,0,0,32,0,0,0,0,0,8,2,59,0,0,0,0,0,10,0,0,0,3,2,73,0,16,0,7,0,60,0,59,0,9,0,79,0,5,0,5,0,16,0,7,0,1,4,54,0,0,0
80,0,66,0,137,0,0,0,16,0,47,10,120,193,62,0,91,0,218,144,139,21,78,0,0,0,0,321,24,0,17,0,22,0,25,0,40,0,14,0,50,322,149,9,116,25,84,283,68,0,222,0,0,0,0,0,0,0,0,0,0,0,0,0,8,0,1,0,0,0,19,0,0,0,16,0,0,3,0,0,0,0,0,0,113,0,0,0,9,2,0,0,0,0,0,0,7,0,146,0,0,0,0,0,0,0,0,0,0,0,0,0,0,0,0,0,0,0,0,0,0,0,63,0,0,0,0,0,0,0,0,0,0,0,0,0,0,0,31,0,108,0,0,0,0,0,0,0,6,0,25,0,36,0,0,0,0,0,9,0,0,0,0,0,39,2,0,0,0,5,0,0,0,0,0,0,34,36,7,0,0,0,16,0,16,0,12,6,0,0,0,0,0,0,0,0,0,0,0,0,0,0,0,0,0,0,0,0,15,0,0,0,0,0,0,0,0,4,561,52,0,0,55,40,199,0,78,0,19,0,0,0,0,0,0,0,18,6,10,0,0,0,0,0,0,0,0,0,0
0,102,0,9,44,128,0,5,0,9,6,106,215,72,13,75,0,31,256,137,85,40,0,14,0,0,321,0,0,0,0,21,0,18,0,16,0,36,0,8,207,20,61,115,34,114,78,38,2,44,0,67,0,0,0,0,0,0,0,0,0,6,0,51,0,14,0,0,0,11,0,0,0,0,0,0,0,25,0,0,0,88,0,0,0,0,0,53,0,0,0,0,0,0,0,0,0,27,0,33,0,16,0,0,0,0,0,0,0,0,0,0,0,0,0,0,0,0,0,0,0,17,0,0,0,0,0,0,0,0,0,0,0,0,0,0,0,0,0,0,0,59,0,147,0,0,0,10,0,6,0,0,0,0,0,0,0,0,0,0,0,1,0,0,0,94,0,2,0,44,0,0,0,0,0,0,5,41,0,6,0,0,0,10,1,7,12,0,0,0,0,0,0,0,0,0,0,0,0,0,0,0,0,0,0,0,0,0,0,0,0,0,0,0,0,0,0,0,12,860,0,4,5,239,0,73,0,213,0,48,0,26,0,0,0,5,0,13,0,0,0,0,0,0,0,0,0,0,0
28,23,0,0,0,6,72,4,23,3,0,7,0,0,5,12,123,6,0,0,72,0,171,12,305,21,24,0,0,1,62,0,33,0,29,0,17,0,25,0,0,0,0,0,0,0,0,0,0,0,10,0,37,0,14,0,0,0,0,0,3,0,120,0,0,0,0,0,0,0,0,0,0,0,0,0,0,0,0,0,37,0,0,0,80,0,17,0,0,0,58,0,0,0,0,0,0,0,48,0,0,0,0,0,0,0,87,0,0,0,0,0,0,0,0,0,0,0,0,0,8,0,37,0,0,0,0,0,21,0,0,0,0,0,0,0,142,0,135,0,191,0,208,0,20,0,0,0,0,0,0,0,0,0,27,0,0,0,25,0,0,0,0,0,1,0,0,0,0,0,3,0,0,0,2,0,6,0,0,0,0,0,3,0,0,0,0,0,0,0,0,0,0,0,0,0,1,0,0,0,9,0,0,0,0,0,0,0,0,0,0,0,0,0,0,0,0,0,0,0,0,0,0,0,0,0,85,0,0,0,5,0,0,1,1,0,0,0,13,0,9,0,5,0,16,0,0,0,0
9,76,0,117,0,40,7,51,5,0,0,20,0,0,0,33,0,111,0,7,0,24,10,32,0,68,0,0,1,0,2,26,0,29,0,10,0,3,4,17,0,0,0,0,0,0,0,0,0,0,0,9,0,0,0,8,0,0,0,0,0,3,0,188,0,0,0,0,0,0,0,0,0,0,0,0,0,0,0,0,0,34,0,0,0,22,0,15,0,0,0,13,0,0,0,14,0,19,0,24,0,0,0,0,0,0,0,7,0,0,0,0,0,0,0,0,0,0,0,0,0,14,0,0,0,0,0,0,0,0,0,0,0,0,0,81,0,66,0,38,0,16,0,144,0,0,0,0,0,0,0,0,0,0,0,6,0,0,0,7,0,0,0,0,0,0,0,1,0,0,0,0,0,0,0,0,0,13,0,0,0,0,1,9,0,0,0,0,0,0,0,0,0,0,0,0,0,0,0,0,0,8,0,0,0,0,0,0,0,0,0,0,0,0,0,0,0,0,0,0,0,5,0,0,0,6,0,102,0,5,0,3,0,7,0,0,0,3,0,0,0,0,0,0,0,0,0,0,0
18,0,71,7,89,52,0,0,0,0,32,35,18,13,217,39,42,0,23,21,61,18,114,6,11,0,17,0,62,2,0,2,16,0,20,2,16,0,11,0,0,0,3,0,5,0,0,0,0,0,16,0,0,0,0,0,3,0,4,0,0,0,27,0,0,0,0,0,0,0,9,0,0,0,5,0,0,0,0,0,0,0,0,0,40,0,0,0,2,0,20,0,1,0,0,0,8,0,52,0,0,0,0,0,0,0,0,0,0,0,0,0,0,0,0,0,0,0,0,0,16,0,0,0,2,0,0,0,0,0,0,0,0,0,0,0,42,0,45,0,79,0,55,0,0,0,0,0,0,0,0,0,0,0,10,0,1,0,0,0,1,0,3,0,9,0,72,0,0,0,0,0,28,0,0,0,6,3,0,0,8,0,11,0,0,0,0,0,0,0,0,0,0,0,0,0,0,0,0,0,5,0,0,0,0,0,0,0,0,0,3,0,0,0,9,0,0,0,2,0,74,0,0,0,0,0,279,3,54,0,97,0,0,0,9,1,27,6,0,0,0,0,23,0,145,0,0,0,0
6,30,0,87,12,172,0,0,1,2,0,0,3,10,16,78,0,68,4,28,5,73,0,36,0,10,0,21,0,26,2,0,0,29,0,20,0,22,0,32,1,0,0,21,0,7,0,0,0,0,0,32,0,1,0,0,0,0,0,0,0,5,0,35,0,0,0,0,0,0,0,0,0,0,0,2,0,0,0,0,0,0,0,0,0,14,0,11,0,0,0,0,0,0,0,3,0,0,0,0,0,2,0,0,0,0,0,0,0,0,0,0,0,0,1,0,0,0,0,0,0,0,0,0,0,0,0,0,0,0,0,0,0,0,0,65,0,36,0,24,0,19,0,58,0,12,0,0,0,0,0,0,0,0,0,4,0,0,0,0,0,0,0,1,0,16,0,17,0,16,0,0,0,10,0,0,0,35,0,11,0,0,0,12,0,3,0,0,0,0,0,0,0,0,0,0,0,0,0,0,0,0,0,0,0,0,0,0,0,0,0,0,0,0,1,0,0,0,0,5,0,84,0,0,0,23,0,304,0,35,0,80,0,70,0,5,0,22,0,5,0,0,0,4,0,64,0,0,0
66,0,150,4,175,0,4,0,0,0,73,5,4,0,126,20,24,0,9,0,55,0,146,0,0,0,22,0,33,0,16,0,0,0,26,0,51,0,10,0,0,0,5,0,14,0,0,0,0,0,18,0,3,0,1,0,1,0,0,0,4,0,12,0,0,0,0,0,0,0,6,0,0,0,0,0,0,0,0,0,0,0,0,0,17,0,0,0,5,0,0,0,0,0,15,0,2,0,27,0,1,0,0,0,0,0,30,0,0,0,0,0,0,0,0,0,0,0,0,0,4,0,12,0,0,0,0,0,0,0,0,0,0,0,0,0,8,0,46,0,64,0,25,0,28,0,0,0,0,0,2,0,5,0,6,0,7,0,0,0,3,0,0,0,4,0,69,0,0,0,1,0,35,0,0,0,18,0,0,0,0,0,23,0,0,0,0,0,0,0,0,0,0,0,0,0,0,0,0,0,0,0,0,0,0,0,0,0,0,0,0,0,0,0,0,0,0,0,1,0,86,0,4,0,10,0,256,0,44,0,65,0,50,0,3,0,12,3,0,0,0,0,23,0,107,2,0,0,0
0,133,12,147,8,145,3,0,0,0,0,134,0,0,0,39,5,36,0,21,1,82,0,25,2,7,0,18,0,29,0,29,0,0,0,20,0,70,0,2,0,0,0,35,0,6,0,0,0,0,0,37,0,0,0,6,0,0,0,2,0,2,0,34,0,0,0,0,0,0,0,0,0,0,0,0,0,0,0,0,0,10,0,0,0,4,0,7,0,0,1,0,0,0,0,4,0,0,0,0,0,0,0,0,0,0,0,0,0,0,0,0,0,0,0,0,0,0,0,0,0,0,0,0,0,0,0,0,0,14,0,0,0,0,0,0,0,26,0,20,0,16,0,62,0,0,0,0,0,0,0,0,0,0,0,1,0,4,0,0,0,0,0,0,0,0,0,19,0,12,0,0,0,29,0,0,0,59,0,0,0,4,0,5,0,1,0,0,0,0,0,0,0,0,0,0,0,0,0,0,0,0,0,0,0,0,0,0,0,0,0,0,0,0,0,2,0,0,0,3,0,138,0,0,0,14,1,300,0,78,0,39,0,42,0,4,0,8,0,6,0,2,0,3,0,32,0,0,0
7,0,0,0,110,0,0,0,0,0,0,0,109,16,52,1,45,0,179,20,132,16,15,0,0,0,25,0,29,0,20,0,26,0,0,0,39,0,8,0,0,0,4,0,2,0,0,0,2,0,44,0,0,0,0,0,0,0,0,0,0,0,11,0,0,0,0,0,0,0,7,0,0,0,0,0,0,0,0,0,0,0,0,0,27,0,0,0,0,0,11,0,0,0,0,0,0,0,39,0,0,0,0,0,0,0,0,0,0,0,0,0,0,0,0,0,0,0,0,0,0,0,0,0,0,0,0,0,0,0,0,0,0,0,0,0,0,0,0,0,75,0,0,0,0,0,0,0,0,0,0,0,0,0,0,0,0,0,0,0,2,0,0,0,20,0,23,0,10,0,0,0,8,0,0,0,0,0,0,0,0,0,7,0,0,0,0,0,0,0,0,0,0,0,0,0,0,0,0,0,0,0,0,0,0,0,0,0,0,0,3,0,0,0,0,0,0,0,52,1,55,0,14,0,144,0,213,0,16,0,47,2,0,0,0,0,48,16,0,0,1,0,5,0,66,1,0,0,0
0,10,0,8,8,40,0,0,0,1,0,13,0,45,5,19,0,16,0,43,0,55,0,1,0,0,0,16,0,10,2,20,0,20,0,0,0,36,0,16,0,1,0,5,0,1,0,0,0,0,0,4,0,0,0,0,0,0,0,0,0,3,0,11,0,1,0,0,0,1,0,0,0,0,0,0,0,0,0,0,0,0,0,0,0,0,0,7,0,0,0,0,0,0,0,0,0,0,0,3,0,0,0,0,0,0,0,0,0,0,0,0,0,0,0,0,0,0,0,0,0,5,0,0,0,0,0,0,0,0,0,0,0,0,0,0,0,0,0,10,0,0,0,0,0,10,0,0,0,0,0,0,0,0,0,0,0,2,0,0,0,0,0,1,0,12,0,9,0,8,0,0,0,7,0,0,0,17,0,0,0,0,0,0,0,0,0,0,0,0,0,0,0,0,0,0,0,0,0,0,0,0,0,0,0,0,0,0,0,0,0,0,0,0,0,1,0,0,0,15,0,45,0,0,0,45,0,161,0,44,0,36,0,0,0,3,0,9,0,1,0,0,0,6,0,0,0,0,0
44,0,50,0,116,0,0,0,0,0,38,0,43,0,71,2,12,0,53,0,25,4,14,3,2,0,40,0,17,0,16,0,51,0,39,0,0,0,72,0,0,1,32,0,31,0,0,0,4,0,78,0,0,0,1,0,0,0,0,0,15,0,4,0,0,0,0,0,1,0,23,0,2,0,8,0,0,0,0,0,48,0,0,0,34,0,23,0,0,0,8,0,0,0,19,0,0,0,50,0,0,0,0,0,0,0,0,0,0,0,0,0,0,0,0,0,0,0,0,0,25,0,36,0,0,0,0,0,0,0,0,0,0,0,5,0,0,0,51,0,153,0,37,0,70,0,0,0,0,0,2,0,0,0,0,0,4,0,0,0,0,0,0,0,33,0,84,0,15,0,0,0,49,0,0,0,0,0,1,0,0,0,16,0,0,0,0,0,0,0,0,0,0,0,0,0,0,0,0,0,0,0,0,0,0,0,0,0,0,0,0,0,0,0,3,0,0,0,6,0,160,0,7,0,61,0,106,0,79,0,65,0,26,0,6,0,23,0,0,0,0,0,6,0,87,0,0,0,0
1,196,2,25,4,43,4,22,0,9,0,85,0,48,0,10,0,7,0,56,0,61,0,1,0,6,0,36,0,3,0,22,0,70,0,36,0,0,0,32,0,0,0,51,0,12,0,0,0,1,0,42,0,4,0,0,0,0,0,0,0,42,0,40,0,0,0,0,0,0,0,3,0,0,0,0,0,0,0,0,0,0,0,0,0,0,0,0,0,0,0,0,0,0,0,0,0,0,0,0,0,0,0,0,0,0,0,0,0,0,0,0,0,0,0,0,0,0,0,0,0,4,0,0,0,0,0,0,0,0,0,0,0,0,0,9,0,0,0,72,0,73,0,37,0,56,0,0,0,0,0,0,0,0,0,3,0,28,0,3,0,0,0,2,0,29,0,31,0,18,0,6,0,39,0,0,0,24,0,0,0,0,0,9,0,0,0,0,0,0,0,0,0,0,0,0,0,0,0,0,0,4,0,0,0,0,0,0,0,0,0,0,0,0,0,0,0,4,0,21,0,177,0,0,0,87,0,316,0,144,0,50,0,61,0,1,0,21,0,3,1,0,0,0,1,37,0,0,0
390,32,326,33,41,0,299,12,99,3,21,0,0,0,10,22,120,10,3,0,16,1,308,26,230,74,14,0,25,4,11,0,10,0,8,0,72,0,0,3,0,0,9,0,5,0,0,0,3,0,32,0,6,0,3,0,0,0,3,0,16,1,34,1,0,0,0,0,0,0,0,0,0,0,2,0,0,0,0,0,0,0,0,0,8,0,0,0,1,0,0,0,0,0,0,0,0,0,0,0,0,0,0,0,0,0,0,0,0,0,0,0,0,0,0,0,0,0,0,0,0,0,3,0,0,0,6,0,0,0,0,0,0,0,0,0,16,0,38,0,35,0,0,0,9,0,0,0,0,0,0,0,0,0,9,0,7,0,4,0,1,0,0,0,2,0,20,0,0,0,3,0,100,0,5,0,40,5,0,0,0,0,29,0,0,0,0,0,0,0,0,0,0,0,0,0,0,0,0,0,0,0,0,0,0,0,0,0,10,0,0,0,0,0,6,0,0,0,0,0,116,0,5,0,6,0,237,2,45,0,8,0,58,0,4,0,1,0,15,0,6,0,9,0,75,0,0,0,0
14,355,0,290,1,0,0,156,15,58,0,31,0,0,0,20,0,99,0,12,0,38,5,34,0,81,0,8,0,17,0,32,0,2,0,16,0,32,3,0,0,0,0,17,0,0,0,0,0,0,0,9,0,2,0,0,0,0,0,0,0,1,1,124,0,0,0,0,0,0,0,0,0,0,0,0,0,0,0,0,0,0,0,0,0,0,0,0,0,0,0,0,0,0,0,0,0,0,0,1,0,1,0,0,0,0,0,0,0,0,0,0,0,0,0,0,0,0,0,0,0,0,0,1,0,0,0,0,0,22,0,0,0,0,0,0,0,39,0,64,0,28,0,54,0,16,0,0,0,2,0,0,0,0,0,4,0,8,0,4,0,0,0,0,0,0,0,0,0,2,0,2,0,18,0,0,0,69,0,0,0,0,1,27,0,0,0,0,0,0,0,0,0,0,0,0,0,0,0,0,0,0,0,0,0,0,0,0,0,0,0,0,0,1,0,2,0,0,0,1,0,53,0,0,0,0,0,119,0,25,0,2,0,0,0,0,0,0,0,0,0,0,0,0,0,0,0,0,0
39,0,0,0,61,0,4,0,7,0,47,0,120,80,0,0,0,0,13,75,0,10,0,0,0,0,50,207,0,0,0,1,0,0,0,0,0,0,0,0,0,209,23,0,25,9,17,162,112,3,16,0,0,0,0,0,0,0,0,0,0,0,0,0,0,0,0,0,0,0,0,0,0,0,0,0,0,0,0,0,0,0,0,0,0,0,0,0,0,0,0,0,0,0,4,0,0,0,0,0,0,0,5,0,0,0,0,0,0,0,0,0,0,0,0,0,0,0,0,0,0,0,0,0,0,0,2,0,0,0,0,0,0,0,0,0,0,0,0,0,0,0,0,0,0,0,0,0,2,0,5,0,5,0,0,0,0,0,0,0,0,0,0,0,22,0,0,0,6,0,0,0,0,0,4,0,31,41,13,0,9,0,4,0,3,0,69,2,0,0,0,0,0,0,0,0,0,0,0,0,0,0,0,0,0,0,0,0,0,0,0,0,0,0,0,0,0,0,223,20,0,0,111,47,17,0,0,0,0,0,1,0,0,0,0,0,0,0,0,0,0,0,0,0,0,0,0,0,0
0,39,0,0,12,25,0,0,0,0,0,160,64,221,5,0,0,0,84,13,12,0,0,0,0,0,322,20,0,0,0,0,0,0,0,1,1,0,0,0,209,0,62,14,55,13,178,45,8,64,28,3,0,0,0,0,0,0,0,0,0,0,0,0,0,0,0,0,0,0,0,0,0,0,0,0,0,0,0,0,0,0,0,2,0,0,0,0,0,0,0,0,0,0,0,0,0,0,0,2,0,0,0,0,0,0,0,1,0,0,0,0,0,0,0,0,0,0,0,0,0,0,0,0,0,0,0,0,0,0,0,0,0,0,0,0,0,0,0,0,0,0,0,1,0,0,0,0,0,0,0,4,0,5,0,0,0,0,0,0,0,0,0,0,0,18,0,0,0,6,0,0,0,0,0,0,3,154,0,7,0,13,0,2,0,1,31,22,0,0,0,0,0,0,0,0,0,0,0,0,0,0,0,0,0,0,0,0,0,0,0,0,0,1,0,0,0,0,77,71,0,2,23,301,0,0,0,0,0,0,0,0,0,0,0,0,0,0,0,0,0,0,0,0,0,0,0,0,0
0,0,0,0,8,0,0,0,0,0,0,0,11,21,0,0,0,0,26,0,14,0,8,0,0,0,149,61,0,0,3,0,5,0,4,0,32,0,9,0,23,62,0,0,69,0,47,49,59,0,49,0,0,0,0,0,0,0,1,0,1,0,5,0,0,0,1,0,0,0,19,0,0,0,17,0,0,0,0,0,0,0,0,0,0,0,35,0,0,0,11,0,0,0,0,0,0,0,57,0,0,0,0,0,0,0,0,0,0,0,0,0,0,0,0,0,0,0,0,0,14,0,14,0,0,0,0,0,0,0,0,0,0,0,0,0,0,0,0,0,33,0,0,0,15,0,0,0,0,0,0,0,1,0,0,0,0,0,0,0,0,0,8,0,21,0,13,0,7,0,5,0,8,0,0,0,0,4,0,0,0,0,1,0,0,0,6,0,0,0,0,0,0,0,0,0,0,0,0,0,0,0,0,0,0,0,0,0,0,0,0,0,0,0,0,0,2,0,215,16,8,0,48,9,60,0,27,0,16,0,4,0,0,1,1,0,0,0,3,0,2,0,0,0,9,0,0,0,0
0,0,0,0,6,0,0,0,0,2,0,0,13,190,0,5,0,0,20,129,4,62,0,1,0,0,9,115,0,0,0,21,0,35,0,5,0,51,0,17,0,14,0,0,0,30,0,29,0,18,0,15,0,0,0,0,0,0,0,0,0,6,0,24,0,0,0,0,0,0,0,11,0,4,0,0,0,0,0,0,0,48,0,0,0,0,0,25,0,4,0,0,0,1,0,16,0,0,0,15,0,0,0,0,0,0,0,0,0,0,0,0,0,0,0,0,0,0,0,0,0,20,0,14,0,0,0,0,0,8,0,0,0,0,0,0,0,13,0,43,0,68,0,115,0,50,0,0,0,0,0,0,0,0,0,7,0,7,0,0,0,0,0,0,0,41,0,3,0,18,0,0,0,7,0,0,1,0,0,0,0,0,0,0,0,0,0,6,0,0,0,0,0,0,0,0,0,0,0,0,0,0,0,0,0,0,0,0,0,0,0,0,0,0,0,0,0,0,0,216,0,6,0,41,0,116,0,108,0,22,0,0,0,0,0,3,0,11,0,0,0,0,0,4,0,0,0,0,0
6,0,0,0,0,0,0,0,0,0,6,0,11,0,0,0,41,0,35,0,39,0,78,0,0,0,116,34,0,0,5,0,14,0,2,0,31,0,5,0,25,55,69,0,0,7,59,49,93,1,36,0,0,0,0,0,0,0,0,0,0,0,14,0,0,0,1,0,4,0,33,0,0,0,17,0,0,0,0,0,137,0,0,0,98,0,0,0,10,0,52,0,0,0,30,0,0,0,152,0,4,0,0,0,0,0,0,0,0,0,0,0,0,0,0,0,2,0,0,0,26,0,65,0,0,0,3,0,0,0,0,0,0,0,0,0,0,0,0,0,139,0,123,0,0,0,0,0,1,0,0,0,12,0,0,0,0,0,0,0,0,0,7,0,47,0,13,0,29,0,0,0,0,0,0,0,9,19,4,0,19,1,8,0,0,0,6,1,0,0,0,0,0,0,0,0,3,0,0,0,0,0,0,0,0,0,0,0,0,0,2,0,0,0,0,0,4,0,152,5,21,0,91,23,43,0,14,0,22,0,0,0,0,0,0,0,0,0,11,0,0,0,0,0,0,0,0,0,0
0,32,0,0,0,21,0,1,0,0,0,20,0,25,0,13,0,0,9,141,10,24,0,6,0,0,25,114,0,0,0,7,0,6,0,1,0,12,0,0,9,13,0,30,7,0,12,57,0,44,3,15,0,0,0,0,0,1,0,0,0,0,0,27,0,3,0,0,0,4,0,21,0,2,0,9,0,20,0,9,0,99,0,0,0,29,0,44,0,16,0,14,0,3,0,28,0,16,0,26,0,0,0,0,0,0,0,0,0,0,0,0,0,0,0,0,0,0,0,0,0,31,0,23,0,0,0,0,0,22,0,1,0,0,0,0,0,61,0,65,0,65,0,135,0,46,0,0,0,0,0,0,0,0,0,0,0,0,0,0,0,0,0,6,0,43,0,1,0,22,0,11,0,5,0,0,1,13,0,0,0,0,0,0,0,0,0,7,0,4,0,0,0,0,0,0,0,2,0,0,0,3,0,0,0,0,0,0,0,0,0,3,0,0,0,1,0,0,4,139,0,45,0,200,0,21,0,26,0,42,0,0,0,0,0,0,0,2,0,0,0,0,0,0,0,0,0,0,0
22,0,0,0,28,0,0,0,3,0,24,0,40,22,0,0,0,0,11,18,0,0,8,0,0,0,84,78,0,0,0,0,0,0,0,0,0,0,0,0,17,178,47,0,59,12,0,93,66,0,0,0,0,0,0,0,0,0,0,0,0,0,0,0,0,0,0,0,0,0,0,0,1,0,2,0,0,0,0,0,0,0,0,0,0,0,0,0,0,0,0,0,0,0,0,0,0,0,0,0,1,0,0,0,0,0,0,0,1,0,0,0,0,0,0,0,0,0,0,0,0,0,0,0,1,0,0,0,0,0,0,0,0,0,0,0,0,0,0,0,0,0,0,0,0,0,0,0,5,0,0,0,0,0,0,0,0,0,1,0,0,0,0,0,16,0,0,0,10,0,0,0,0,0,5,0,12,25,4,0,6,0,12,0,1,0,24,0,0,0,0,0,0,0,0,0,0,0,0,0,0,0,0,0,0,0,0,0,3,0,0,0,0,0,0,0,0,0,290,0,0,0,104,47,57,0,9,0,3,0,0,0,0,0,0,0,1,0,0,0,0,0,0,0,0,0,0,0,0
0,42,0,0,0,25,0,4,0,2,0,64,44,74,2,0,0,0,58,38,13,0,0,2,0,0,283,38,0,0,0,0,0,0,0,0,0,0,0,0,162,45,49,29,49,57,93,0,7,26,35,13,0,0,0,0,0,0,0,0,0,0,0,0,0,0,0,0,0,0,0,0,0,0,0,0,0,0,0,0,0,0,0,2,0,0,0,0,0,0,0,0,0,0,0,0,0,0,0,0,0,0,0,0,0,0,0,0,0,1,0,0,0,0,0,0,0,0,0,0,0,0,0,0,0,0,0,0,0,0,0,0,0,0,0,0,0,0,0,0,0,2,0,0,0,0,0,0,0,0,0,0,0,0,0,0,0,0,0,0,0,0,0,0,0,25,0,0,0,12,0,0,0,0,0,0,0,52,0,2,0,0,0,4,0,1,15,11,0,0,0,0,0,0,0,0,0,0,0,0,0,7,0,0,0,0,0,0,0,3,0,0,0,1,0,0,0,0,25,210,0,0,8,399,0,0,0,9,0,0,0,0,0,0,0,0,0,0,0,0,0,0,0,0,0,0,0,0,0
4,0,5,0,4,1,8,0,8,0,3,0,8,1,0,0,4,1,4,1,0,0,16,0,22,0,68,2,0,0,0,0,0,0,2,0,4,0,3,0,112,8,59,0,93,0,66,7,0,0,19,0,0,0,3,0,0,0,5,0,11,0,2,0,0,0,0,0,2,0,11,0,0,0,9,0,6,0,2,0,23,0,4,0,3,0,10,0,1,0,5,0,1,0,10,0,0,0,11,0,0,0,0,0,2,0,9,0,1,0,0,0,0,0,0,0,0,0,0,0,5,0,5,0,0,0,0,0,0,0,0,0,0,0,0,0,0,0,0,0,0,0,5,0,4,0,0,0,0,0,0,0,0,0,0,0,0,0,0,0,2,0,4,0,7,0,30,0,11,0,12,0,16,0,14,0,35,3,18,0,12,0,6,0,3,0,48,0,3,0,5,0,2,0,0,0,0,0,0,0,4,0,0,0,2,0,0,0,0,0,3,0,0,0,5,0,2,0,55,1,47,0,107,10,21,0,33,0,62,0,7,0,2,0,0,0,0,0,3,0,0,0,4,0,7,0,0,0,0
0,3,0,0,0,2,0,0,0,0,0,18,0,10,0,3,0,0,0,10,0,4,0,0,0,0,0,44,0,0,0,0,0,0,0,0,0,1,0,0,3,64,0,18,1,44,0,26,0,0,0,6,0,0,0,0,0,0,0,0,0,0,0,0,0,0,0,0,0,2,0,0,0,0,0,2,0,4,0,0,0,9,0,4,0,4,0,5,0,0,0,0,0,0,0,11,0,0,0,0,0,0,0,1,0,1,0,0,0,0,0,0,0,0,0,0,0,0,0,0,0,0,0,0,0,0,0,0,0,0,0,0,0,0,0,3,0,0,0,1,0,0,0,6,0,6,0,0,0,0,0,0,0,0,0,0,0,0,0,0,0,0,0,0,0,13,0,0,0,3,0,0,0,1,0,2,0,97,1,11,0,16,0,0,0,1,0,25,0,0,0,0,0,0,0,1,0,0,0,0,0,0,0,0,0,0,0,0,0,0,0,0,0,2,0,0,0,3,1,5,0,5,2,16,0,4,0,35,0,16,0,3,0,0,0,0,0,0,0,1,0,1,0,0,0,5,0,0,0
0,0,0,0,9,0,0,0,0,0,9,0,36,8,5,0,11,0,114,10,39,0,0,0,0,0,222,0,10,0,16,0,18,0,44,0,78,0,32,0,16,28,49,0,36,3,0,35,19,0,0,0,0,0,0,0,0,0,0,1,7,0,5,0,0,1,2,0,0,0,59,0,14,0,24,0,0,0,0,0,153,0,0,0,52,0,84,0,0,0,19,0,0,0,58,0,0,0,131,0,7,0,0,0,0,0,89,0,0,0,0,0,0,0,0,0,0,0,0,0,32,0,41,0,0,0,0,0,0,0,0,0,0,0,0,0,0,0,0,0,42,0,42,0,34,0,0,0,0,0,0,0,0,0,2,0,0,0,0,0,4,0,18,0,38,0,35,0,49,0,27,0,49,0,0,0,2,0,0,0,0,0,0,0,0,0,0,0,0,0,0,0,0,0,0,0,0,0,0,0,3,0,0,0,0,0,0,0,0,0,0,0,2,0,3,0,0,0,176,0,23,0,35,3,215,0,75,0,48,0,0,0,0,0,1,0,8,3,5,0,0,0,0,0,0,0,0,0,0
0,3,0,0,0,0,0,0,0,0,0,0,12,72,3,0,0,11,0,101,7,65,0,0,0,0,0,67,0,9,0,32,0,37,0,4,0,42,0,9,0,3,0,15,0,15,0,13,0,6,0,0,0,0,0,0,0,0,0,0,0,8,0,16,0,0,0,0,0,0,0,6,0,0,0,3,0,0,0,0,0,39,0,0,0,15,0,16,0,9,0,0,0,0,0,17,0,0,0,9,0,2,0,0,0,0,0,0,0,0,0,0,0,0,0,0,0,0,0,0,0,14,0,8,0,0,0,0,0,0,0,0,0,0,0,11,0,0,0,0,0,43,0,53,0,42,0,0,0,1,0,0,0,0,0,0,0,9,0,0,0,0,0,4,0,14,0,0,0,14,0,10,0,11,0,0,0,7,0,0,0,0,0,0,0,0,0,2,0,0,0,0,0,0,0,0,0,0,0,0,0,5,0,0,0,0,0,0,0,0,0,0,0,1,0,2,0,0,0,32,0,14,0,5,0,61,0,74,0,29,0,16,0,6,0,2,0,0,0,0,0,0,0,3,0,0,0,0,0
0,0,0,0,0,0,19,0,100,39,0,0,1,0,0,0,32,0,0,0,0,0,3,0,19,10,0,0,37,0,0,0,3,0,0,0,0,0,6,0,0,0,0,0,0,0,0,0,0,0,0,0,0,4,175,28,93,4,56,19,54,0,55,12,0,0,11,29,0,0,0,0,0,0,2,0,0,0,0,0,1,0,0,0,4,0,0,0,1,0,17,0,0,0,0,0,6,0,0,0,0,0,0,0,11,0,34,0,0,0,0,0,0,0,0,0,0,0,0,0,0,0,0,0,0,0,0,0,88,0,0,0,3,0,30,0,97,0,134,0,39,0,214,0,16,0,0,0,0,0,4,0,0,0,134,0,68,0,70,0,12,0,1,0,0,0,0,0,7,0,45,0,5,0,0,0,0,4,0,0,0,0,0,0,0,0,0,0,0,0,0,0,0,0,0,0,0,0,0,0,8,0,0,0,0,0,0,0,0,0,33,0,8,0,98,0,0,0,9,0,100,0,37,0,16,0,211,0,153,0,0,0,67,0,22,0,0,0,30,0,0,0,4,0,89,0,0,0,0
0,0,0,0,0,0,0,27,8,45,0,0,0,0,0,1,0,11,0,0,0,0,0,0,1,8,0,0,0,0,0,1,0,0,0,0,0,4,0,2,0,0,0,0,0,0,0,0,0,0,0,0,4,0,0,153,11,64,37,49,0,24,4,34,0,0,12,8,0,0,0,0,0,0,0,0,0,0,0,0,0,5,0,0,0,0,0,0,0,0,0,3,0,0,0,0,0,4,0,0,0,0,0,0,0,0,0,0,0,0,0,0,0,0,0,0,0,0,0,0,0,0,0,0,0,6,0,0,0,182,0,27,0,42,0,79,0,92,0,216,0,34,0,63,0,29,0,0,0,0,0,0,0,0,0,128,2,40,0,101,0,11,0,0,0,0,0,0,0,6,0,16,0,0,0,0,0,5,0,0,0,1,0,0,0,3,0,0,0,0,0,0,0,0,0,0,0,0,0,0,0,0,0,0,0,0,0,0,0,0,0,21,0,13,0,69,0,0,0,0,0,108,0,16,0,5,0,26,0,76,0,0,0,181,0,60,0,5,0,14,0,3,0,1,0,84,0,0,0
4,0,26,0,7,0,123,30,87,178,0,0,1,0,0,1,33,0,0,0,0,0,38,0,150,47,0,0,14,0,0,0,1,0,0,0,1,0,3,0,0,0,0,0,0,0,0,0,3,0,0,0,175,0,0,41,77,3,72,13,68,0,66,49,0,0,20,41,0,0,0,0,0,0,0,0,0,0,0,0,0,0,0,0,6,0,0,0,0,0,13,0,0,0,0,0,4,0,4,0,0,0,0,0,0,0,18,0,0,0,0,0,0,0,0,0,0,0,0,0,0,0,0,0,1,0,9,0,68,0,9,0,5,0,55,0,74,0,38,0,6,0,139,0,3,0,0,0,0,0,0,0,2,0,65,0,34,0,20,0,19,0,5,0,0,0,3,0,11,0,87,0,11,0,0,0,0,0,0,0,2,0,0,0,0,5,0,0,0,0,0,0,0,0,0,0,0,0,0,0,11,0,0,0,0,0,0,0,7,0,77,0,21,0,231,0,0,0,0,0,210,0,67,0,29,1,108,0,226,0,5,0,193,0,0,0,2,0,69,0,12,0,17,0,212,0,0,0,0
0,4,0,56,0,13,0,184,68,33,0,0,0,1,0,27,0,31,0,9,0,0,0,5,0,150,0,0,0,8,0,0,0,6,0,0,0,0,0,0,0,0,0,0,0,0,0,0,0,0,0,0,28,153,41,0,26,141,85,77,0,70,13,292,2,2,104,2,0,0,0,0,0,0,0,0,0,0,0,0,0,0,0,0,0,0,0,0,0,0,0,0,0,0,0,0,0,7,0,0,0,0,0,0,0,0,0,6,0,0,0,0,0,0,0,0,0,0,0,0,0,0,0,0,0,33,0,15,0,86,0,82,0,58,0,178,1,169,0,32,0,10,0,27,0,9,0,0,0,4,0,0,0,0,3,145,0,40,0,50,2,54,0,2,0,0,0,0,0,16,0,21,0,0,0,0,5,0,0,0,0,0,0,0,2,10,0,0,0,0,0,0,0,0,0,0,0,0,0,8,0,7,0,0,0,0,0,8,0,33,0,70,0,38,0,185,0,0,0,3,1,269,0,87,0,47,0,42,0,409,0,4,0,238,0,39,0,0,0,20,0,5,0,9,0,81,0,0,0
3,0,3,0,3,2,10,4,31,16,0,0,0,0,3,0,17,0,0,0,3,0,0,0,46,3,0,0,0,0,3,0,1,0,0,0,0,0,0,0,0,0,0,0,0,0,0,0,0,0,0,0,93,11,77,26,0,7,125,50,28,1,12,8,27,15,52,99,0,0,0,0,0,0,0,0,0,0,0,0,0,0,1,0,0,0,0,0,0,0,0,0,0,0,0,0,0,0,0,0,0,0,0,0,0,0,0,0,0,0,0,0,0,0,0,0,0,0,0,0,0,0,0,0,12,0,2,0,37,0,83,0,6,0,10,0,12,0,9,0,0,0,15,0,0,0,1,0,5,0,0,0,0,0,226,17,94,0,29,0,42,5,0,0,0,0,0,0,9,0,13,0,10,0,4,5,4,1,0,0,3,0,0,0,3,12,0,0,0,0,0,0,0,0,0,0,0,0,0,0,0,0,0,0,0,0,0,0,2,0,69,0,47,0,393,0,0,0,8,0,433,5,132,0,21,0,112,0,315,1,19,0,426,1,204,0,16,0,110,0,12,0,16,0,356,0,0,0,0
0,0,0,3,0,0,0,14,0,17,0,0,0,0,0,0,0,4,0,0,0,0,0,0,0,15,0,0,0,0,0,0,0,0,0,0,0,0,0,0,0,0,0,0,0,1,0,0,0,0,0,0,4,64,3,141,7,0,25,96,0,20,0,18,9,4,21,7,0,1,0,0,0,0,0,0,0,0,0,0,0,0,0,0,0,0,0,0,0,0,0,0,0,0,0,0,0,0,0,0,0,0,0,0,0,0,0,0,0,0,0,0,0,0,0,0,0,0,0,0,0,0,0,0,0,18,0,4,0,41,0,38,0,30,0,40,0,31,0,10,0,0,0,12,0,4,0,3,0,2,0,0,0,0,0,320,4,38,0,131,0,69,0,12,0,1,0,0,0,12,0,18,0,0,0,0,0,1,0,0,0,0,0,0,0,0,0,0,0,0,0,0,0,0,0,0,0,0,0,0,0,0,0,0,0,0,0,0,0,0,0,0,0,0,0,199,0,0,0,5,0,269,0,35,0,17,0,21,0,281,0,0,0,108,0,118,0,0,0,13,0,2,0,0,0,51,0,0,0
7,2,11,0,5,0,60,0,55,107,1,0,0,0,0,0,3,0,2,0,0,0,0,0,14,12,0,0,0,0,4,0,0,0,0,0,0,0,3,0,0,0,1,0,0,0,0,0,5,0,0,0,56,37,72,85,125,25,0,166,69,0,20,22,139,0,150,213,0,0,0,0,0,0,0,0,0,0,0,0,0,0,0,0,0,0,0,0,0,0,0,0,0,0,0,0,0,0,0,0,0,0,0,0,0,0,0,0,0,0,0,0,0,0,0,0,0,0,0,0,0,0,0,0,0,0,0,0,5,0,23,0,0,0,0,0,1,0,0,0,0,0,0,0,0,0,0,0,11,0,0,0,0,0,56,13,94,0,3,5,13,4,0,0,0,0,5,0,0,0,18,0,0,0,0,2,38,0,0,0,11,14,0,0,18,66,0,0,0,0,0,0,0,0,0,0,0,0,0,0,0,0,0,0,1,0,0,0,0,0,0,0,0,0,207,0,0,0,4,0,0,0,0,0,14,0,202,2,88,0,0,0,297,0,147,0,9,0,143,0,10,0,42,0,327,0,0,0,0
0,5,0,12,0,9,0,47,16,88,0,0,0,0,0,4,0,0,0,0,0,3,0,0,0,2,0,0,0,0,0,0,0,2,0,0,0,0,0,0,0,0,0,0,0,0,0,0,0,0,1,0,19,49,13,77,50,96,166,0,0,62,4,35,52,83,172,113,0,0,0,0,0,0,0,0,0,0,0,0,0,0,0,1,0,0,0,0,0,0,0,0,0,0,0,0,0,0,0,0,0,0,0,0,0,0,0,0,0,0,0,0,0,0,1,0,0,0,0,0,0,0,0,0,0,11,0,0,0,3,5,19,0,5,0,2,0,0,13,0,0,0,0,0,3,10,0,0,3,27,0,0,0,0,22,72,25,104,6,51,28,21,0,0,0,0,0,0,0,7,0,0,0,0,0,21,5,0,0,0,2,19,0,0,13,101,0,0,0,1,0,0,0,0,0,0,0,0,0,0,0,0,0,0,0,0,0,0,0,3,0,65,0,27,0,392,0,0,0,4,0,463,1,67,0,30,0,115,0,307,0,8,0,512,0,547,0,27,0,111,0,27,0,15,0,330,0,0,0
7,0,0,2,0,0,120,0,323,0,0,0,0,0,0,0,4,4,0,0,0,0,0,0,44,28,0,0,3,0,0,0,4,0,0,0,15,0,16,0,0,0,1,0,0,0,0,0,11,0,7,0,54,0,68,0,28,0,69,0,0,0,102,3,0,0,16,0,0,0,0,0,0,0,0,0,0,0,0,0,0,0,0,0,1,0,0,0,0,0,0,0,1,0,0,0,0,0,0,0,0,0,0,0,0,0,0,0,0,0,0,0,0,0,0,0,0,0,0,0,0,0,0,0,0,0,0,0,0,0,0,0,0,0,0,0,0,0,41,0,75,0,0,0,199,0,0,0,2,0,0,0,0,0,5,0,68,0,4,0,0,0,6,0,0,0,0,0,12,0,123,0,67,0,0,0,14,1,0,0,0,0,0,0,0,0,0,0,0,0,0,0,0,0,0,0,0,0,0,0,0,0,0,0,0,0,0,0,0,0,38,0,3,0,67,0,0,0,2,0,76,0,36,0,13,0,288,0,111,0,3,0,47,0,0,0,2,0,16,0,5,0,8,0,81,0,0,0,0
0,107,0,9,0,0,0,108,0,304,0,0,0,0,0,3,3,10,0,2,0,0,0,0,5,54,0,6,0,3,0,5,0,2,0,3,0,42,1,1,0,0,0,6,0,0,0,0,0,0,0,8,0,24,0,70,1,20,0,62,0,0,0,17,0,2,0,7,0,0,0,0,0,4,0,0,0,0,0,1,0,2,0,0,0,0,0,2,0,1,0,0,0,0,0,0,0,0,0,0,0,0,0,1,0,0,0,0,0,0,0,0,0,0,0,0,0,0,0,0,0,0,0,0,0,0,0,0,0,0,0,0,0,1,0,4,0,0,0,43,0,37,0,5,0,81,0,0,0,0,0,0,0,0,0,18,0,51,0,11,0,0,0,0,0,2,0,1,0,9,0,91,0,25,1,0,0,54,0,0,0,0,0,19,0,2,0,0,0,0,0,0,0,0,0,0,0,0,0,0,0,0,0,0,0,0,0,0,0,1,0,11,0,12,0,34,0,0,0,1,0,87,0,30,0,9,0,108,0,172,0,0,0,47,0,1,0,1,0,5,0,2,0,0,0,0,0,0,0
0,14,4,0,0,0,169,31,331,86,0,0,0,0,7,0,273,7,23,0,27,0,16,0,178,62,0,0,120,0,27,0,12,0,11,0,4,0,34,1,0,0,5,0,14,0,0,0,2,0,5,0,55,4,66,13,12,0,20,4,102,0,0,21,0,0,6,0,0,0,0,0,0,0,0,0,0,0,0,0,0,0,0,0,0,0,0,0,0,0,0,0,0,0,0,0,4,0,3,0,0,0,0,0,0,0,0,0,0,0,0,0,0,0,0,0,0,0,0,0,0,0,5,0,1,0,1,0,20,0,4,0,0,0,0,0,30,0,58,0,47,0,62,0,7,0,0,0,0,0,0,0,0,0,42,0,43,0,20,0,2,0,0,0,0,0,2,0,0,0,7,0,4,0,0,0,10,7,0,0,0,0,0,0,0,0,0,0,0,0,0,0,0,0,0,0,0,0,0,0,0,0,0,0,0,0,0,0,0,0,0,0,0,0,22,0,0,0,0,0,37,0,14,0,6,0,286,0,34,0,0,0,23,4,1,0,0,0,13,0,3,1,2,0,45,0,0,0,0
0,46,0,8,0,0,0,662,107,444,0,0,0,0,0,4,5,97,0,40,0,106,0,7,24,135,0,51,0,188,0,35,0,34,0,11,0,40,1,124,0,0,0,24,0,27,0,0,0,0,0,16,12,34,49,292,8,18,22,35,3,17,21,0,0,0,12,4,0,0,0,0,0,0,0,0,0,7,0,0,0,10,0,0,1,5,0,5,0,0,0,6,0,0,0,0,0,19,0,4,0,0,0,0,0,0,0,0,0,0,0,0,0,0,0,0,0,0,0,0,0,2,0,0,0,0,0,0,0,74,0,12,0,0,0,91,0,59,0,74,0,29,0,32,0,41,0,0,0,0,0,0,0,0,1,43,0,20,0,20,0,12,0,0,0,1,0,0,0,2,0,13,0,0,0,0,0,41,0,0,0,0,0,17,0,2,0,0,0,0,0,0,0,0,0,0,0,0,0,0,0,0,0,0,0,0,0,0,0,0,0,23,0,0,0,38,0,0,0,4,0,71,0,26,0,10,0,158,0,85,0,0,2,212,0,12,1,3,0,31,0,4,0,0,1,119,0,0,0
3,0,0,0,7,0,0,0,30,0,0,0,5,0,6,0,0,0,5,0,0,0,0,0,0,0,8,0,0,0,0,0,0,0,0,0,0,0,0,0,0,0,0,0,0,0,0,0,0,0,0,0,0,0,0,2,27,9,139,52,0,0,0,0,0,46,163,55,0,0,3,0,3,0,2,0,0,0,0,0,0,0,0,0,0,0,0,0,0,0,0,0,0,0,0,0,0,0,0,0,0,0,0,0,0,0,0,0,0,0,0,0,0,0,0,0,0,0,0,0,0,0,0,0,3,0,7,0,2,1,38,0,0,0,0,0,0,0,9,0,0,0,0,0,22,4,45,0,88,13,10,1,26,0,0,30,20,0,8,20,262,34,4,0,0,0,0,0,0,0,0,0,1,0,68,28,4,0,0,0,102,16,0,0,88,4,0,0,0,0,0,0,0,0,0,0,0,1,0,0,0,0,0,0,0,0,0,0,0,0,0,0,0,0,0,1,0,0,0,0,0,0,0,0,0,0,22,0,0,0,4,0,0,0,33,0,1,0,19,0,1,0,4,0,9,0,0,0,0
0,25,0,10,0,23,0,10,0,76,0,14,0,0,1,7,0,0,1,29,0,0,0,0,0,0,0,14,0,0,0,0,0,0,0,1,0,0,0,0,0,0,0,0,0,3,0,0,0,0,1,0,0,0,0,2,15,4,0,83,0,2,0,0,46,0,18,344,0,0,0,38,7,3,17,19,0,0,0,6,0,0,0,0,0,2,0,15,0,0,0,0,0,0,0,0,0,0,0,2,0,0,1,0,0,0,0,0,0,0,0,0,0,0,0,0,0,0,0,0,0,0,0,0,0,40,0,29,0,2,0,50,0,3,0,0,0,4,141,3,0,8,0,0,63,82,0,91,45,188,0,62,5,88,10,6,21,0,30,12,111,161,0,5,0,0,0,0,0,0,0,0,0,0,40,164,0,4,0,0,22,55,0,0,1,60,0,0,0,0,0,0,0,0,0,0,0,3,0,0,0,0,0,0,0,0,0,21,0,24,0,9,0,0,0,40,0,0,0,0,0,0,0,0,0,0,0,111,0,67,0,0,0,29,0,152,0,0,0,33,0,7,0,3,0,35,0,0,0
0,0,0,0,2,0,2,39,27,158,0,0,0,0,0,0,0,0,0,0,0,0,0,0,0,13,1,0,0,0,0,0,0,0,0,0,0,0,0,0,0,0,1,0,1,0,0,0,0,0,2,0,11,12,20,104,52,21,150,172,16,0,6,12,163,18,0,105,0,0,1,0,0,0,0,0,0,0,0,0,0,0,0,0,0,0,0,0,0,0,0,0,0,0,0,0,0,0,0,0,0,0,0,0,0,0,0,0,0,0,0,0,0,0,0,0,0,0,0,0,0,0,0,0,12,0,0,0,0,0,30,0,0,0,0,0,0,0,2,0,0,0,0,0,0,0,8,0,21,2,0,0,0,0,17,11,24,0,0,5,89,0,2,0,0,0,0,0,0,0,0,0,0,0,3,9,152,13,0,0,32,6,0,0,75,60,0,0,0,0,0,0,0,0,0,0,0,0,0,0,0,0,0,0,0,0,0,0,2,0,0,0,0,0,0,0,0,0,1,0,0,1,10,0,0,0,63,0,10,0,1,0,37,1,29,0,0,0,29,0,0,0,3,0,58,0,0,0,0
0,3,0,3,0,4,0,6,25,76,0,0,0,0,0,0,0,0,0,4,0,0,0,0,0,0,0,0,0,0,0,0,0,0,0,0,0,0,0,0,0,0,0,0,0,0,0,0,0,0,0,0,29,8,41,2,99,7,213,113,0,7,0,4,55,344,105,0,0,0,0,0,0,0,0,0,0,0,0,0,0,0,0,0,0,0,0,0,0,0,0,0,0,0,0,0,0,0,0,0,0,0,0,0,0,0,1,0,0,0,0,0,0,0,0,0,0,0,0,0,0,0,0,0,0,27,0,11,0,0,0,14,0,3,0,0,0,1,24,0,0,0,0,0,16,4,0,21,0,120,0,8,0,9,33,17,29,15,10,7,42,62,0,0,0,0,0,0,0,0,0,0,0,0,0,87,6,38,0,0,3,83,0,0,14,377,0,0,0,0,0,0,0,0,0,0,0,1,0,0,0,0,0,0,0,0,0,7,0,10,0,0,0,4,0,78,0,0,0,2,0,0,0,0,0,2,0,97,0,57,0,4,0,129,0,246,0,11,0,39,0,5,0,7,0,140,0,0,0
0,0,0,0,0,0,0,0,0,0,0,0,0,0,0,0,0,0,0,0,0,0,0,0,0,0,0,0,0,0,0,0,0,0,0,0,1,0,0,0,0,0,0,0,4,0,0,0,2,0,0,0,0,0,0,0,0,0,0,0,0,0,0,0,0,0,0,0,0,0,0,0,0,0,0,0,13,0,6,0,0,0,22,0,0,0,0,0,38,0,0,0,47,0,10,0,0,0,1,0,0,0,168,0,0,0,0,0,4,0,0,0,0,0,0,0,0,0,1,0,0,0,0,0,0,0,0,0,0,0,0,0,0,0,0,0,0,0,0,0,0,0,0,0,0,0,0,0,0,0,0,0,0,0,0,0,0,0,0,0,0,0,0,0,8,0,0,0,28,0,10,0,0,0,0,0,0,0,0,0,0,0,0,0,0,0,0,0,0,0,0,0,0,0,0,0,0,0,0,0,0,0,0,0,0,0,0,0,0,0,3,0,107,0,82,0,28,0,0,0,0,0,48,0,14,0,3,0,9,0,0,0,0,0,0,0,2,0,0,0,0,0,0,0,0,0,0,0,0
0,0,0,1,0,0,0,0,0,0,0,0,0,0,0,0,0,0,0,0,0,0,0,0,0,0,0,11,0,0,0,0,0,0,0,1,0,0,0,0,0,0,0,0,0,4,0,0,0,2,0,0,0,0,0,0,0,1,0,0,0,0,0,0,0,0,0,0,0,0,0,0,0,0,0,0,0,4,0,0,0,8,0,19,0,0,0,17,0,28,0,0,0,10,0,35,0,0,0,0,0,0,0,46,0,20,0,0,0,37,0,2,0,0,0,0,0,2,0,0,0,0,0,0,0,0,0,0,0,0,0,0,0,0,0,0,0,0,0,0,0,0,0,0,0,0,0,0,0,0,0,0,0,0,0,0,0,0,0,0,0,0,0,0,0,19,0,0,0,23,0,1,0,0,0,0,0,0,0,0,0,0,0,0,0,0,0,0,0,0,0,0,0,3,0,0,0,0,0,0,0,0,0,0,0,0,0,0,0,0,0,2,0,185,0,33,0,33,0,6,0,0,0,54,0,7,0,0,0,85,0,0,0,0,0,0,0,0,0,0,0,0,0,0,0,0,0,0,0
4,0,2,0,6,0,0,0,0,0,0,0,0,0,4,0,5,0,0,0,10,0,0,0,0,0,19,0,0,0,9,0,6,0,7,0,23,0,0,0,0,0,19,0,33,0,0,0,11,0,59,0,0,0,0,0,0,0,0,0,0,0,0,0,3,0,1,0,0,0,0,0,163,0,256,0,13,0,213,0,0,0,0,0,0,0,57,0,0,0,0,0,0,0,0,0,0,0,0,0,0,0,0,0,0,0,0,0,0,0,0,0,0,0,0,0,0,0,1,0,41,0,9,0,11,0,0,0,7,0,14,0,0,0,0,0,8,0,7,8,52,0,6,0,75,2,11,0,10,0,18,0,38,0,0,0,8,0,0,0,15,0,40,0,0,0,19,0,20,0,23,0,20,0,32,8,0,0,0,0,24,0,2,0,0,2,0,0,0,0,0,0,1,0,0,0,4,0,0,0,0,0,0,0,0,0,0,0,0,0,0,0,2,0,0,0,0,0,0,0,0,0,20,0,6,0,8,0,53,0,0,0,0,0,6,0,1,0,27,0,2,0,3,0,0,0,0,0,0
0,2,0,0,0,0,0,0,0,0,0,0,0,0,0,0,0,0,0,0,0,7,0,0,0,0,0,0,0,0,0,0,0,0,0,0,0,3,0,0,0,0,0,11,0,21,0,0,0,0,0,6,0,0,0,0,0,0,0,0,0,0,0,0,0,38,0,0,0,0,0,0,0,137,0,125,0,19,0,58,0,0,0,3,0,0,0,47,0,0,0,0,0,0,0,0,0,0,0,0,0,0,0,0,0,0,0,0,0,0,0,0,0,0,0,0,0,0,0,0,0,24,0,41,2,24,0,18,3,6,0,14,0,24,0,31,6,14,6,14,2,25,0,11,0,121,0,26,1,30,0,27,0,13,0,0,0,0,0,1,0,0,0,24,0,0,0,1,0,4,0,11,0,2,0,24,0,0,0,0,0,18,0,0,0,0,0,0,0,0,0,0,0,0,0,0,0,4,0,0,0,0,0,0,0,0,0,0,0,18,0,0,0,2,0,2,0,0,0,0,0,7,0,1,0,1,0,46,1,27,0,0,0,0,0,7,0,0,0,10,0,1,0,1,0,0,0,0,0
