0,168,40,75,18,0,17,94,25,43,209,0,110,0,2,0,110,136,0,0,0,0,107,97,41,237,0,0,107,5,7,0,210,0,0,0,110,0,426,0,3,0,0,0,0,0,40,0,17,0,0,0,0,5,4,26,3,0,0,0,117,0,35,65,12,0,0,0,11,0,0,0,0,0,0,0,0,0,0,0,3,0,0,0,10,0,0,0,0,0,0,0,0,0,0,0,0,0,0,0,0,0,0,0,0,0,6,0,0,0,0,0,0,0,0,0,0,0,0,0,0,0,0,0,0,0,0,0,0,0,0,0,0,0,5,0,0,0,0,0,2,0,8,0,0,0,14,0,0,0,21,0,23,0,0,0,0,0,0,0,0,0,5,0,10,0,0,0,147,0,84,0,542,7,0,0,477,187,37,0,0,0,34,1,42,0,0,0,0,0,0,0,0,0,0,0,0,0,0,0,0,0,0,0,0,0,0,0,20,0,845,237,664,199,491,0,11,0,0,0,0,0,0,3,0
168,0,159,18,0,139,0,45,6,93,29,251,0,119,21,13,117,30,0,128,19,0,201,16,139,45,0,180,0,142,0,24,26,297,0,0,0,296,0,444,0,25,0,0,0,27,0,85,0,13,0,8,0,0,0,28,0,9,0,8,0,62,0,39,0,36,0,0,0,0,0,0,0,0,0,0,0,0,0,0,0,0,0,0,0,0,0,2,0,0,0,0,0,0,0,0,0,0,1,0,0,0,0,0,0,0,0,0,0,0,0,0,0,0,0,0,0,0,0,4,0,0,0,0,0,9,0,18,0,0,0,10,0,0,0,0,0,0,0,0,0,10,0,0,0,6,0,21,0,76,0,127,0,128,0,0,0,4,0,0,0,0,0,0,1,11,0,10,3,55,0,48,0,212,0,53,120,514,0,2,0,138,11,54,0,158,0,0,0,0,0,2,0,0,0,0,0,0,0,0,0,0,0,0,0,3,0,0,0,32,0,0,0,0,264,0,0,0,916,407,538,137,0,0,0
40,159,0,64,210,0,45,0,22,0,109,0,216,0,134,0,45,110,61,0,16,0,831,138,169,113,0,0,187,5,136,0,416,18,0,0,84,0,383,10,57,0,0,0,25,0,64,0,13,0,0,0,0,1,47,0,0,0,9,0,20,0,13,28,7,0,11,1,0,0,0,0,0,0,0,0,0,0,0,0,0,0,0,0,0,0,0,0,0,0,0,0,0,0,0,0,0,0,0,0,0,0,0,0,42,0,0,0,0,0,0,0,0,0,0,0,0,0,0,0,0,0,0,0,24,0,84,0,16,0,20,0,57,0,81,0,57,0,0,0,0,0,115,0,0,0,30,0,31,0,94,2,32,0,0,0,0,0,0,0,5,0,0,0,10,0,96,0,136,0,20,0,494,0,0,0,190,142,0,0,21,0,9,2,26,0,0,0,0,0,8,0,0,0,0,0,5,0,0,0,37,0,0,0,0,0,15,0,88,0,393,128,339,82,365,0,0,0,17,1,0,0,0,0,0
75,18,64,0,0,166,0,119,0,6,25,8,0,0,0,112,52,26,0,145,0,54,105,148,0,175,0,87,0,264,0,50,0,383,0,0,0,144,4,239,0,0,0,0,0,0,0,0,0,2,0,0,0,0,0,97,0,0,0,0,0,0,0,0,0,0,0,0,0,0,0,0,0,0,0,0,0,0,0,0,0,0,0,0,0,0,0,0,0,0,0,0,0,0,0,0,0,0,0,0,0,0,0,0,0,0,0,0,0,0,0,0,0,0,0,0,0,0,0,0,0,0,0,0,0,0,0,0,0,0,0,6,0,0,0,14,0,0,0,0,0,0,0,0,1,0,0,0,0,10,0,24,0,11,0,0,0,1,0,0,0,0,0,3,0,0,0,0,0,24,0,10,0,128,0,0,34,104,0,0,0,0,0,1,0,0,0,0,0,0,0,0,0,5,0,0,0,0,0,0,0,0,0,0,0,4,0,11,0,24,0,0,0,0,117,0,0,0,382,92,298,79,6,16,0
18,0,210,0,0,344,12,0,48,0,124,186,218,216,124,261,18,0,45,216,215,62,228,92,0,0,100,69,61,0,419,0,332,0,530,0,371,0,0,0,115,0,0,0,0,0,151,0,16,0,105,0,0,0,0,0,0,0,0,0,0,0,0,0,15,0,4,0,0,0,0,0,0,0,13,0,0,0,0,0,0,0,0,0,0,0,0,0,0,0,0,0,0,0,0,0,0,0,0,0,0,0,0,0,28,0,0,0,0,0,0,0,0,0,0,0,0,0,0,0,0,0,0,0,10,0,35,0,0,0,11,0,0,0,44,0,18,0,0,0,0,0,0,0,0,0,35,0,56,0,304,0,188,0,0,0,0,0,0,0,0,0,5,0,0,0,241,0,308,0,29,0,308,0,0,0,253,157,19,0,66,0,67,0,115,1,12,0,0,0,0,0,0,0,0,0,0,0,0,0,0,0,0,0,0,0,20,0,64,0,452,490,657,0,243,0,0,0,0,0,0,0,0,0,0
0,139,0,166,344,0,4,54,0,8,285,129,193,263,389,117,18,0,122,235,351,194,0,22,0,17,0,530,0,147,58,332,0,555,48,263,31,503,1,0,0,43,0,0,0,41,0,243,0,0,0,58,0,0,0,25,0,0,0,0,0,0,0,9,0,15,0,0,0,0,0,15,0,12,0,0,0,0,0,0,0,60,0,0,0,54,0,0,0,0,0,0,0,0,0,0,0,0,0,0,0,0,0,0,0,0,0,0,0,0,0,0,0,0,0,0,0,0,0,0,0,0,0,29,0,0,0,0,0,0,0,9,0,0,0,31,0,38,0,0,0,0,0,80,0,0,0,0,0,37,0,90,0,0,0,0,0,0,0,0,0,0,0,22,0,27,0,242,0,143,0,14,0,184,0,0,164,513,37,42,1,55,0,7,0,38,0,0,0,0,0,0,0,4,0,20,0,0,0,0,0,0,0,13,0,10,0,12,0,19,2,0,0,0,115,0,0,0,796,700,629,0,0,0,0
17,0,45,0,12,4,0,0,124,111,35,0,18,0,0,0,13,0,0,0,0,0,18,0,375,80,0,0,0,0,0,0,0,0,0,0,10,0,134,0,0,0,0,0,0,0,0,0,15,0,0,0,71,57,266,99,27,0,17,0,204,0,281,54,8,0,95,48,7,0,0,0,0,0,0,0,0,0,0,0,0,0,0,0,5,0,0,0,0,0,0,0,0,0,0,0,0,0,0,0,0,0,0,0,0,0,0,0,0,0,0,0,0,0,0,0,0,0,0,0,0,0,0,0,81,0,93,0,58,0,257,0,148,0,59,0,66,0,0,0,6,0,83,0,0,0,17,0,28,0,16,0,0,0,11,0,3,0,8,0,31,0,0,0,0,0,0,0,103,0,290,0,329,0,0,0,51,26,0,0,0,0,3,0,0,0,0,0,0,0,0,0,0,0,0,0,0,0,0,0,19,0,0,0,0,0,13,0,84,1,431,63,618,435,464,6,74,2,0,0,0,0,0,0,0
94,45,0,119,0,54,0,0,65,22,4,20,0,25,4,61,0,20,0,44,2,0,21,18,183,250,0,52,0,71,0,0,2,58,0,0,0,0,0,445,0,0,0,0,0,0,0,18,0,4,0,0,0,53,0,368,0,21,0,4,0,153,48,198,0,0,0,0,0,7,0,2,0,0,0,0,0,0,0,0,0,0,0,0,0,0,0,1,0,0,0,0,0,0,0,0,0,0,0,0,0,0,0,0,0,0,0,0,0,0,0,0,0,0,0,0,0,0,0,0,0,0,0,0,0,0,0,13,0,0,0,8,0,0,0,0,0,0,0,0,0,0,0,0,0,0,0,0,0,0,0,4,0,0,0,1,0,6,0,0,0,0,0,0,0,3,0,6,0,53,0,114,0,167,0,1,63,114,0,0,0,0,18,0,0,3,0,0,0,0,0,0,0,0,0,0,0,0,0,0,0,0,0,0,0,0,0,4,0,14,0,0,0,0,553,0,0,0,741,77,532,380,0,0,0
25,6,22,0,48,0,124,65,0,147,47,0,39,0,3,0,14,0,0,0,0,0,3,0,47,49,0,0,0,0,0,0,0,0,0,0,0,1,34,0,0,0,0,0,14,0,0,0,17,0,0,0,167,123,98,214,30,41,126,8,176,0,241,49,122,3,68,55,1,0,0,0,0,0,3,0,0,0,1,0,1,0,0,0,6,0,0,0,0,0,3,0,0,0,0,0,3,0,3,0,0,0,0,0,0,0,0,0,0,0,0,0,0,0,0,0,0,0,0,0,1,0,0,0,77,0,55,0,3,0,75,0,47,0,0,0,11,0,0,0,1,0,0,4,0,0,55,0,80,0,60,0,43,0,0,0,5,0,5,0,11,0,0,0,0,0,0,0,43,0,111,0,122,0,0,0,276,51,8,0,0,0,27,0,101,10,0,0,0,0,0,0,0,0,0,0,0,0,0,0,5,0,0,0,0,0,7,0,88,0,434,76,357,299,398,5,53,0,10,0,8,0,0,0,0
43,93,0,6,0,8,111,22,147,0,0,19,0,0,3,6,62,3,0,24,0,0,0,2,239,18,0,17,0,0,0,0,0,12,0,0,0,14,0,47,0,0,0,0,0,0,0,7,0,0,0,0,76,182,75,316,0,163,0,192,0,440,126,329,0,332,0,198,0,0,0,0,0,0,0,0,0,0,0,0,0,0,0,0,0,0,0,0,0,0,0,0,0,0,0,0,0,0,0,0,0,0,0,0,0,0,0,0,0,0,0,0,0,0,0,0,0,0,0,0,0,0,0,0,0,68,0,40,0,2,0,67,0,7,0,5,2,9,0,0,0,0,0,0,0,0,0,33,0,122,0,55,0,12,0,16,0,107,0,1,0,3,0,0,0,0,0,0,0,56,0,132,0,70,0,0,94,236,0,0,0,6,0,40,0,63,0,0,0,0,0,1,0,1,0,0,0,0,0,0,0,2,0,0,0,0,0,15,0,47,0,0,0,0,473,0,0,0,787,121,543,411,99,93,0
209,29,109,25,124,285,35,4,47,0,0,102,344,0,42,278,15,17,0,55,39,0,46,208,0,0,0,0,0,3,192,0,290,0,51,0,238,0,0,0,29,0,0,0,32,0,66,0,8,0,11,0,0,0,10,0,0,0,5,0,0,0,0,0,0,0,0,0,1,0,0,0,0,0,0,0,0,0,0,0,0,0,0,0,0,0,0,0,0,0,0,0,0,0,0,0,0,0,0,0,0,0,0,0,0,0,0,0,0,0,0,0,0,0,0,0,0,0,0,0,0,0,0,0,14,0,19,0,0,0,0,0,0,0,0,0,0,0,0,0,0,0,0,0,0,0,11,0,15,0,81,0,90,0,0,0,0,0,1,0,0,0,0,0,0,0,104,0,108,0,21,0,172,0,0,0,452,190,92,0,57,0,63,0,71,0,10,0,0,0,0,0,0,0,0,0,0,0,0,0,0,0,0,0,0,0,0,0,27,0,267,343,329,33,115,0,0,0,0,0,16,0,0,0,0
0,251,0,8,186,129,0,20,0,19,102,0,39,466,261,11,26,0,0,45,224,0,83,0,0,0,0,179,0,55,34,57,39,314,0,42,0,141,0,17,0,99,0,0,0,62,0,186,0,25,0,11,0,0,0,0,0,0,0,0,0,0,0,0,0,12,0,0,0,0,0,0,0,0,0,0,0,0,0,0,0,0,0,0,0,0,0,0,0,0,0,0,0,0,0,0,0,0,0,0,0,0,0,0,0,0,0,0,0,0,0,0,0,0,0,0,0,0,0,0,0,0,0,0,0,0,0,0,0,0,0,0,0,0,0,7,0,0,0,0,0,0,0,0,0,0,0,0,0,15,0,93,0,114,0,0,0,5,0,0,0,0,0,0,0,0,0,59,0,52,0,14,0,51,0,145,121,745,0,72,0,145,0,28,0,87,0,4,0,0,0,0,0,0,0,0,0,0,0,0,0,5,0,0,0,0,0,1,0,5,0,4,0,0,27,0,0,0,349,451,245,0,0,0,0
110,0,216,0,218,193,18,0,39,0,344,39,0,478,80,93,0,0,54,334,87,68,0,0,0,0,79,604,0,0,0,0,0,0,525,0,150,0,0,0,193,56,81,0,90,51,236,138,24,0,549,0,0,0,0,0,0,0,0,0,0,0,0,0,16,0,0,0,0,0,0,0,0,0,0,0,0,0,0,0,0,0,0,0,0,0,0,0,0,0,0,0,0,0,0,0,0,0,0,0,0,0,0,0,0,0,0,0,0,0,0,0,0,0,0,0,0,0,0,0,0,0,0,0,9,0,49,0,0,0,11,0,0,0,0,0,20,0,0,0,0,0,0,0,0,0,36,0,46,0,0,0,70,0,0,0,0,0,0,0,0,0,0,0,105,0,36,0,99,0,0,0,24,0,5,0,260,219,203,0,36,0,83,0,74,0,290,0,0,0,0,0,0,0,18,0,0,0,0,0,0,0,0,0,0,0,0,0,55,0,20,179,268,0,8,0,0,0,0,0,0,0,0,0,0
0,119,0,0,216,263,0,25,0,0,0,466,478,0,79,0,0,0,539,23,181,29,0,0,0,0,275,69,0,0,0,0,0,0,0,216,0,110,0,0,64,217,0,86,0,38,34,286,0,83,41,201,0,0,0,0,0,0,0,0,0,0,0,0,0,4,0,0,0,0,0,0,0,0,0,0,0,0,0,0,0,0,0,0,0,0,0,0,0,0,0,0,0,0,0,0,0,0,0,0,0,0,0,0,0,0,0,0,0,0,0,0,0,0,0,0,0,0,0,0,0,0,0,0,0,0,0,0,0,0,0,0,0,0,0,0,0,0,0,0,0,3,0,0,0,0,0,0,0,0,0,0,0,49,0,0,0,0,0,0,0,0,0,0,0,0,0,37,3,83,0,0,0,0,0,0,36,728,0,106,0,114,0,22,0,32,50,65,0,0,0,0,0,0,0,0,0,0,0,0,0,0,0,0,0,0,0,0,0,0,0,0,0,0,27,0,0,0,157,384,270,0,2,0,0
2,21,134,0,124,389,0,4,3,3,42,261,80,79,0,280,87,1,287,77,364,54,308,108,76,0,151,0,0,0,365,0,115,50,166,0,99,0,0,0,27,0,0,0,37,0,33,0,0,0,11,0,0,0,29,0,0,0,0,0,0,0,0,0,0,0,0,0,0,0,0,0,0,0,0,0,0,0,0,0,0,0,0,0,0,0,0,0,0,0,0,0,0,0,0,0,0,0,0,0,0,0,0,0,0,0,0,0,0,0,0,0,0,0,0,0,0,0,0,0,0,0,0,0,0,0,0,0,0,0,0,0,0,0,16,0,38,0,0,0,0,0,0,0,0,1,13,0,11,0,82,0,0,0,0,0,0,0,1,0,0,0,3,0,0,0,139,2,88,0,0,0,0,0,0,0,129,81,27,0,0,0,10,0,23,0,0,0,0,0,0,0,0,0,0,0,4,0,0,0,0,0,0,0,0,0,0,0,22,0,102,225,220,25,74,0,0,0,0,0,0,0,0,0,0
0,13,0,112,261,117,0,61,0,6,278,11,93,0,280,0,25,84,23,385,211,346,144,201,0,232,0,103,0,24,95,93,74,153,23,83,22,145,0,9,0,0,0,0,0,0,0,0,0,0,0,18,0,1,0,106,0,0,0,0,0,0,0,0,0,7,0,0,0,0,0,0,0,0,0,0,0,0,0,0,0,0,0,0,0,24,0,0,0,0,0,0,0,0,0,0,0,0,0,0,0,0,0,0,0,0,0,0,0,0,0,0,0,0,0,0,0,0,0,0,0,0,0,0,0,0,0,0,0,0,0,7,0,0,0,0,0,128,0,0,0,0,0,0,0,7,0,0,0,30,0,45,0,25,0,0,0,0,0,0,0,0,0,4,0,3,0,87,0,28,0,5,0,43,0,0,72,125,24,0,0,0,2,0,0,22,0,0,0,0,0,0,0,0,0,0,0,0,0,0,0,41,0,0,0,0,0,41,0,58,0,0,0,0,31,0,0,0,235,390,183,26,1,0,0
110,117,45,52,18,18,13,0,14,62,15,26,0,0,87,25,0,90,216,0,467,0,88,100,103,169,252,0,260,0,113,0,272,0,0,0,34,0,328,0,0,0,0,0,93,0,45,0,0,0,11,0,147,0,13,45,18,0,2,0,38,0,429,68,0,0,0,0,0,0,36,0,0,0,34,0,0,0,0,0,0,0,0,0,378,0,0,0,0,0,151,0,0,0,0,0,301,0,90,0,0,0,0,0,94,0,241,0,0,0,0,0,0,0,0,0,0,0,0,0,60,0,145,0,0,0,0,0,58,0,0,0,34,0,0,0,401,0,99,1,257,0,308,4,22,0,0,0,0,0,5,2,0,0,94,0,0,0,86,0,9,0,0,0,0,0,15,0,69,2,11,0,150,0,0,0,110,87,4,0,7,0,62,0,0,0,0,0,0,0,0,0,0,0,0,0,0,0,0,0,96,0,0,0,0,0,0,0,4,0,59,113,177,21,62,0,3,0,0,0,0,0,0,0,0
136,30,110,26,0,0,0,20,0,3,17,0,0,0,1,84,90,0,0,126,0,133,147,143,91,102,0,0,5,311,7,24,0,112,0,8,0,31,0,265,0,0,0,0,0,0,0,0,0,0,0,0,0,24,0,25,0,41,0,0,0,0,0,93,0,0,0,0,0,0,0,0,0,0,0,0,0,0,0,0,0,0,0,0,0,211,0,0,0,0,0,30,0,0,0,0,0,89,0,49,0,0,0,0,0,0,0,61,0,0,0,0,0,0,0,0,0,0,0,0,0,5,0,0,0,0,0,38,0,119,0,24,0,118,0,413,0,826,0,187,0,62,0,505,0,3,0,0,0,0,0,0,0,0,0,30,0,1,0,0,0,0,0,0,0,0,0,0,0,0,0,4,12,42,0,0,38,66,0,3,0,0,8,9,0,0,0,0,0,0,0,0,0,0,0,0,0,0,0,0,0,101,0,0,0,0,0,19,0,57,0,1,0,0,20,0,0,0,52,101,56,20,0,0,0
0,0,61,0,45,122,0,0,0,0,0,0,54,539,287,23,216,0,0,246,296,56,372,0,138,0,185,420,0,0,69,0,0,0,376,17,50,0,0,0,11,0,13,0,46,13,41,76,0,0,240,0,0,0,0,0,0,0,0,0,0,0,40,0,0,0,0,0,0,0,0,0,0,0,0,0,0,0,0,0,0,0,0,0,0,0,0,0,0,0,0,0,0,0,0,0,0,0,0,0,0,0,0,0,0,0,114,0,0,0,0,0,0,0,0,0,0,0,0,0,0,0,0,0,0,0,0,0,0,0,0,0,0,0,36,0,127,0,0,0,0,0,127,0,0,0,11,0,0,0,0,0,0,0,0,0,0,0,0,0,0,0,0,0,50,0,38,0,68,0,0,0,23,0,0,0,52,84,20,0,0,0,14,0,50,0,54,1,0,0,0,0,0,0,0,0,5,0,0,0,0,0,0,0,0,0,0,0,0,0,31,269,190,22,21,0,0,0,0,0,0,0,0,0,0
0,128,0,145,216,235,0,44,0,24,55,45,334,23,77,385,0,126,246,0,149,235,0,164,0,145,66,423,0,9,0,59,0,29,0,371,0,106,0,0,0,0,0,44,0,116,0,49,0,29,0,187,0,1,0,0,0,0,0,0,0,0,0,54,0,56,0,0,0,0,1,0,0,0,0,22,0,0,0,0,0,0,0,0,0,142,0,48,0,0,0,0,0,0,0,0,0,59,0,0,0,0,0,0,0,0,0,0,0,0,0,0,0,0,0,0,0,0,0,0,0,0,0,0,0,0,0,25,0,0,0,0,0,0,0,0,0,0,0,0,0,0,0,0,0,0,0,15,0,110,0,156,0,105,0,0,0,0,0,4,0,0,0,0,0,0,0,81,0,88,0,7,0,34,0,0,41,56,19,0,0,36,0,8,0,113,7,0,0,0,0,0,0,0,0,17,0,0,0,0,0,0,0,0,0,0,0,55,0,95,0,0,0,0,41,0,0,0,220,376,152,0,0,0,0
0,19,16,0,215,351,0,2,0,0,39,224,87,181,364,211,467,0,296,149,0,41,226,121,92,0,343,88,96,6,301,14,56,0,120,0,34,19,9,0,0,0,16,0,24,0,0,0,13,2,30,0,22,0,0,0,0,0,0,0,0,0,112,0,0,0,0,0,0,0,71,0,0,0,70,0,0,0,0,0,62,0,0,0,251,0,0,0,0,0,103,0,0,0,0,0,229,0,191,0,24,0,0,0,0,0,173,0,0,0,0,0,0,0,0,0,0,0,0,0,98,0,110,0,0,0,0,0,0,0,0,0,0,0,0,0,122,0,0,0,106,0,116,0,77,0,0,0,0,0,0,0,0,0,0,0,0,0,0,0,0,0,0,0,0,0,88,0,125,0,6,0,82,0,0,0,70,58,19,0,0,0,0,0,0,0,0,0,0,0,0,0,0,0,0,0,0,0,0,0,0,0,0,0,0,0,0,0,0,0,118,524,366,0,80,0,1,0,0,0,0,0,0,0,0
0,0,0,54,62,194,0,0,0,0,0,0,68,29,54,346,0,133,56,235,41,0,0,103,0,54,0,105,0,139,0,88,5,80,0,144,0,56,0,11,0,0,0,56,0,100,0,0,1,7,0,124,0,0,0,0,0,0,0,0,0,0,0,211,0,8,0,0,0,0,0,30,0,0,0,43,0,0,0,0,0,158,0,0,0,343,0,63,0,0,0,0,0,0,0,0,0,115,0,174,0,0,0,0,0,0,0,0,0,0,0,0,0,0,0,0,0,0,0,0,0,36,0,54,0,0,0,0,0,0,0,0,0,0,0,149,0,0,0,196,0,285,0,546,0,67,0,0,0,0,0,0,0,0,0,0,0,0,0,5,0,0,0,9,0,28,0,86,0,77,0,7,0,47,0,0,9,23,6,0,0,0,0,0,0,0,0,0,0,0,0,0,0,0,0,19,0,0,0,0,0,0,0,0,0,0,0,0,0,0,0,0,0,0,37,0,0,0,288,634,236,0,0,0,0
107,201,831,105,228,0,18,21,3,0,46,83,0,0,308,144,88,147,372,0,226,0,0,276,171,100,242,0,26,19,34,0,91,0,0,0,51,27,26,0,0,0,0,0,63,0,52,0,0,0,0,0,17,0,120,0,24,0,0,0,0,0,17,0,0,0,0,0,0,0,0,0,0,0,0,0,0,0,0,0,0,0,0,0,41,0,0,0,0,0,24,0,0,0,0,0,42,1,0,0,0,0,0,0,81,0,62,0,0,0,0,0,0,0,0,0,0,0,0,0,0,0,0,0,0,0,14,0,0,0,0,0,0,0,49,0,227,0,0,0,32,0,164,0,0,0,0,0,0,0,74,0,27,0,35,0,0,0,0,0,0,0,0,0,0,0,12,0,42,0,0,2,91,0,0,0,235,232,7,0,22,0,42,0,16,0,0,0,0,0,5,0,0,0,0,0,0,0,0,0,84,0,0,0,9,0,6,0,49,2,146,325,206,0,59,0,0,0,9,0,0,0,0,0,0
97,16,138,148,92,22,0,18,0,2,208,0,0,0,108,201,100,143,0,164,121,103,276,0,0,137,0,56,0,85,70,50,95,131,0,4,0,50,3,30,0,0,0,0,0,0,0,0,0,0,0,0,0,0,0,41,0,0,0,0,0,0,0,23,0,0,0,0,0,0,0,0,0,0,0,0,0,0,0,0,0,0,0,0,0,81,0,0,0,0,0,0,0,1,0,0,0,43,0,31,0,8,0,0,0,0,0,30,0,0,0,0,0,0,0,0,0,0,0,0,0,0,0,12,0,0,0,0,0,16,0,0,0,0,0,177,0,216,0,16,0,11,0,118,0,0,0,0,0,0,0,5,0,0,0,0,0,0,0,0,0,0,0,3,0,0,0,35,0,19,0,4,0,26,0,0,49,125,8,0,0,2,0,10,0,0,2,0,0,0,0,4,0,10,0,0,0,0,0,0,0,64,0,0,0,0,0,0,0,46,0,0,0,0,20,0,0,0,192,432,137,16,0,0,0
41,139,169,0,0,0,375,183,47,239,0,0,0,0,76,0,103,91,138,0,92,0,171,0,0,364,138,0,12,0,0,0,0,0,0,0,0,0,24,0,0,0,0,0,29,0,21,0,0,0,0,0,73,48,170,178,49,0,7,0,19,0,65,212,0,0,0,1,0,0,2,0,0,0,0,0,0,0,0,0,0,0,0,0,18,0,0,0,0,0,0,2,0,0,0,0,20,0,0,0,0,0,0,0,44,0,32,0,0,0,0,0,0,0,0,0,0,0,0,0,0,0,0,0,0,0,0,0,116,0,0,0,36,0,36,0,256,0,18,0,32,0,177,0,6,0,3,0,1,0,7,0,1,0,51,0,0,0,20,0,6,0,0,0,0,0,1,0,16,0,17,11,46,11,0,0,93,79,0,0,0,0,8,0,0,0,0,0,0,0,0,0,0,0,0,0,0,0,10,0,55,0,0,0,0,0,0,0,34,0,73,36,101,28,79,0,2,0,0,0,0,0,0,0,0
237,45,113,175,0,17,80,250,49,18,0,0,0,0,0,232,169,102,0,145,0,54,100,137,364,0,0,77,0,67,0,7,0,0,0,0,0,61,0,157,0,1,0,0,0,0,0,0,0,0,0,0,8,30,0,387,0,91,0,15,0,30,42,42,0,0,2,0,0,0,0,0,0,0,0,0,0,0,0,0,0,0,0,0,0,0,0,0,0,0,0,0,0,0,0,0,0,8,1,0,0,0,0,0,0,27,2,21,0,0,0,0,0,0,0,0,0,0,0,0,0,0,0,0,0,0,0,41,0,30,0,0,0,0,0,227,0,421,0,41,0,0,0,61,0,0,0,0,0,0,0,27,0,0,0,20,0,0,0,0,0,0,0,0,0,0,0,1,0,8,0,19,24,89,0,0,84,101,0,2,0,0,21,0,0,0,0,0,0,0,0,19,0,16,0,0,0,2,0,0,0,69,0,0,0,0,0,59,0,152,0,1,0,0,76,0,0,0,200,108,142,48,3,0,0
0,0,0,0,100,0,0,0,0,0,0,0,79,275,151,0,252,0,185,66,343,0,242,0,138,0,0,623,98,0,133,0,43,0,170,0,110,0,0,0,32,119,90,25,326,100,86,209,48,0,334,46,0,0,0,0,0,0,0,0,10,0,105,0,0,0,0,0,0,0,154,0,0,0,0,0,0,0,0,0,0,0,0,0,0,0,0,0,0,0,0,0,0,0,0,0,300,0,0,0,0,0,0,0,0,0,0,0,0,0,0,0,0,0,0,0,0,0,0,0,0,0,0,0,0,0,0,0,0,0,0,0,0,0,0,0,205,0,0,0,125,0,0,0,133,0,0,0,0,0,0,0,0,0,0,0,0,0,0,0,0,0,0,0,208,0,81,0,86,0,0,0,0,0,0,0,28,121,9,0,0,0,47,0,71,0,100,0,0,0,44,0,0,0,0,0,0,0,0,0,0,0,0,0,0,0,0,0,76,0,0,396,647,0,30,0,0,17,0,15,0,0,0,0,0
0,180,0,87,69,530,0,52,0,17,0,179,604,69,0,103,0,0,420,423,88,105,0,56,0,77,623,0,0,0,0,0,0,0,0,220,0,33,0,0,279,28,41,206,81,150,103,131,0,27,92,447,0,0,0,67,0,0,0,0,0,0,0,39,0,38,0,0,0,0,0,27,0,0,0,0,0,0,0,0,0,0,0,0,0,0,0,0,0,0,0,0,0,0,0,0,0,69,0,0,0,0,0,0,0,0,0,0,0,0,0,0,0,0,0,0,0,0,0,0,0,0,0,50,0,0,0,19,0,0,0,0,0,0,0,0,0,0,0,0,0,40,0,112,0,25,0,13,0,80,0,114,0,66,0,0,0,0,0,0,0,0,0,0,0,0,0,15,0,83,0,0,0,0,0,0,12,219,0,11,0,96,0,0,0,105,100,4,0,0,0,0,0,0,0,49,0,0,0,0,0,83,0,0,0,0,0,41,0,0,0,0,0,0,30,0,0,0,233,859,512,26,0,0,1
107,0,187,0,61,0,0,0,0,0,0,0,0,0,0,0,260,5,0,0,96,0,26,0,12,0,98,0,0,0,80,0,45,0,30,0,55,0,22,0,0,0,69,0,0,0,0,0,0,0,31,0,4,0,0,0,0,0,0,0,3,0,42,0,0,0,0,0,0,0,35,0,0,0,21,0,0,0,0,0,0,0,0,0,99,0,0,0,0,0,28,0,0,0,0,0,50,0,41,0,0,0,0,0,0,0,21,0,0,0,0,0,0,0,0,0,0,0,0,0,48,0,82,0,0,0,0,0,4,0,0,0,0,0,0,0,79,0,33,0,79,0,60,0,51,0,0,0,0,0,0,0,0,0,1,0,0,0,0,0,0,0,0,0,0,0,0,0,0,0,0,0,0,0,0,0,38,0,0,0,0,0,22,0,0,0,0,0,0,0,0,0,0,0,0,0,0,0,0,0,0,0,0,0,0,0,0,0,0,0,0,10,0,0,0,0,0,0,0,0,1,0,0,0,0
5,142,5,264,0,147,0,71,0,0,3,55,0,0,0,24,0,311,0,9,6,139,19,85,0,67,0,0,0,0,0,37,4,31,0,126,0,53,1,35,0,0,0,31,0,2,0,0,0,0,0,46,0,11,0,18,0,3,0,0,0,8,0,221,0,0,0,0,0,0,0,0,0,0,0,3,0,0,0,0,0,0,0,0,0,66,0,0,0,0,0,7,0,0,0,0,0,25,0,22,0,11,0,0,0,0,0,0,0,0,0,0,0,0,0,0,0,0,0,0,0,0,0,0,0,0,0,0,0,0,0,0,0,31,0,46,0,169,0,98,0,100,0,158,0,0,0,0,0,0,0,0,0,0,0,0,0,4,0,0,0,0,0,0,0,0,0,2,0,0,0,1,0,0,0,0,0,64,0,3,0,0,0,0,0,0,0,0,0,0,0,0,0,0,0,0,0,0,0,0,0,0,0,0,0,0,0,0,0,0,0,0,0,0,1,0,0,0,0,73,7,0,0,0,0
7,0,136,0,419,58,0,0,0,0,192,34,0,0,365,95,113,7,69,0,301,0,34,70,0,0,133,0,80,0,0,0,49,0,37,0,35,0,80,0,0,1,175,0,17,0,0,0,0,0,54,0,0,0,0,0,0,0,0,0,0,0,27,0,0,0,0,0,0,0,0,0,0,0,0,0,0,0,0,0,0,0,0,0,0,0,0,0,0,0,0,0,0,0,0,0,0,0,0,0,0,0,0,0,0,0,11,0,0,0,0,0,0,0,0,0,0,0,0,0,0,0,0,0,0,0,0,0,0,0,0,0,0,0,0,0,0,0,0,0,17,0,0,0,0,0,0,0,0,0,0,0,0,0,0,0,0,0,0,0,0,0,0,0,0,0,37,0,0,0,0,0,15,0,0,0,81,30,29,0,0,0,15,0,0,0,0,0,0,0,0,0,1,0,0,0,0,0,0,0,0,0,0,0,0,0,0,0,0,0,19,83,42,0,0,0,0,0,0,0,0,0,0,0,0
0,24,0,50,0,332,0,0,0,0,0,57,0,0,0,93,0,24,0,59,14,88,0,50,0,7,0,0,0,37,0,0,0,19,0,97,0,24,0,17,0,0,0,62,0,0,0,0,0,0,0,68,0,0,0,0,0,0,0,0,0,0,0,13,0,0,0,0,0,0,0,0,0,0,0,0,0,0,0,0,0,0,0,0,0,0,0,0,0,0,0,0,0,0,0,0,0,0,0,0,0,0,0,0,0,0,0,0,0,0,0,0,0,0,0,0,0,0,0,0,0,0,0,0,0,0,0,0,0,0,0,0,0,0,0,0,0,0,0,33,0,0,0,17,0,0,0,0,0,0,0,11,0,0,0,0,0,0,0,0,0,0,0,0,0,0,0,18,0,10,0,0,0,9,0,0,0,33,0,1,0,0,0,0,0,0,0,0,0,0,0,0,0,0,0,0,0,0,0,0,0,0,0,1,0,0,0,0,0,0,0,0,0,0,0,0,0,0,71,93,27,0,0,0,0
210,26,416,0,332,0,0,2,0,0,290,39,0,0,115,74,272,0,0,0,56,5,91,95,0,0,43,0,45,4,49,0,0,20,94,0,184,0,14,0,0,0,78,0,10,0,0,0,0,0,35,0,2,0,0,0,0,0,0,0,10,0,17,0,0,0,0,0,0,0,0,0,0,0,0,0,0,0,0,0,0,0,0,0,0,0,0,0,0,0,0,0,0,0,0,0,0,0,0,0,0,0,0,0,0,0,0,0,0,0,0,0,0,0,0,0,0,0,0,0,0,0,0,0,0,0,0,0,0,0,0,0,0,0,4,0,19,0,15,0,22,0,0,0,39,0,0,0,0,0,0,0,0,0,3,0,14,0,3,0,0,0,0,0,0,0,16,0,0,0,0,0,14,0,0,0,207,43,28,0,0,0,67,0,0,0,0,0,0,0,0,0,0,0,0,0,0,0,0,0,0,0,0,0,0,0,0,0,0,0,34,160,36,0,13,0,0,0,0,0,0,0,0,0,0
0,297,18,383,0,555,0,58,0,12,0,314,0,0,50,153,0,112,0,29,0,80,0,131,0,0,0,0,0,31,0,19,20,0,0,129,0,180,0,12,0,0,0,62,0,13,0,0,0,0,0,63,0,4,0,0,0,0,0,0,0,22,0,86,0,0,0,0,0,0,0,3,0,0,0,0,0,0,0,0,0,0,0,0,0,0,0,0,0,0,0,0,0,0,0,0,0,0,0,0,0,0,0,0,0,0,0,0,0,0,0,0,0,0,0,0,0,0,0,0,0,0,0,0,0,0,0,0,0,0,0,0,0,0,0,0,0,0,0,134,0,87,0,45,0,56,0,0,0,0,0,0,0,0,0,3,0,15,0,14,0,0,0,0,0,0,0,23,0,0,0,0,0,10,0,5,0,234,0,45,0,0,0,20,0,0,0,0,0,0,0,1,0,0,0,0,0,0,0,0,0,0,0,0,0,0,0,0,0,0,0,0,0,0,10,0,0,0,63,342,46,0,0,0,0
0,0,0,0,530,48,0,0,0,0,51,0,525,0,166,23,0,0,376,0,120,0,0,0,0,0,170,0,30,0,37,0,94,0,0,0,160,1,8,0,0,0,180,1,27,0,0,0,7,0,145,0,0,0,0,0,0,0,0,0,0,0,0,0,0,0,0,0,0,0,0,0,0,0,0,0,0,0,0,0,0,0,0,0,0,0,0,0,0,0,0,0,0,0,0,0,0,0,0,0,0,0,0,0,7,0,0,0,0,0,0,0,0,0,0,0,0,0,0,0,0,0,0,0,0,0,0,0,0,0,0,0,0,0,0,0,0,0,0,0,0,0,0,0,0,0,0,0,0,0,0,0,0,0,0,0,0,0,0,0,0,0,0,0,44,0,63,0,72,0,0,0,15,0,0,0,18,0,22,0,0,0,0,0,0,0,0,0,0,0,0,0,0,0,0,0,0,0,0,0,0,0,0,0,0,0,0,0,0,0,0,113,125,0,16,0,0,0,0,2,0,0,0,0,0
0,0,0,0,0,263,0,0,0,0,0,42,0,216,0,83,0,8,17,371,0,144,0,4,0,0,0,220,0,126,0,97,0,129,0,0,0,254,0,18,0,1,0,37,0,9,0,0,0,0,0,64,0,4,0,0,0,0,0,0,0,7,0,30,0,0,0,0,0,0,0,0,0,0,0,0,0,0,0,0,0,0,0,0,0,62,0,15,0,0,0,0,0,0,0,0,0,0,0,0,0,0,0,0,0,0,0,0,0,0,0,0,0,0,0,0,0,0,0,0,0,0,0,16,0,0,0,0,0,0,0,0,0,0,0,0,0,0,0,99,0,141,0,87,0,46,0,0,0,0,0,0,0,0,0,0,0,0,0,0,0,0,0,0,0,21,0,100,0,52,0,4,0,33,0,0,0,45,0,6,0,3,0,0,0,0,0,10,0,0,0,0,0,0,0,0,0,0,0,0,0,0,0,0,0,0,0,0,0,0,0,0,0,0,0,0,0,0,142,255,133,0,0,0,0
110,0,84,0,371,31,10,0,0,0,238,0,150,0,99,22,34,0,50,0,34,0,51,0,0,0,110,0,55,0,35,0,184,0,160,0,0,0,62,0,0,0,121,0,68,0,0,0,0,0,97,0,0,0,0,0,0,0,0,0,24,0,33,1,0,0,0,0,0,0,91,0,12,0,48,0,0,0,0,0,32,0,12,0,73,0,38,0,0,0,22,0,0,0,0,0,60,0,172,0,0,0,2,0,0,0,0,0,0,0,0,0,0,0,0,0,0,0,0,0,82,0,52,0,0,0,0,0,0,0,0,0,0,0,0,0,47,0,43,0,61,0,27,0,221,0,0,0,0,0,0,0,0,0,6,0,16,0,0,0,0,0,34,0,16,0,21,0,45,0,24,0,50,0,0,0,57,14,15,0,9,0,29,0,0,0,0,0,0,0,0,0,0,0,0,0,0,0,0,0,0,0,0,0,0,0,0,0,0,0,28,80,53,0,9,0,0,0,0,0,0,0,0,0,0
0,296,0,144,0,503,0,0,1,14,0,141,0,110,0,145,0,31,0,106,19,56,27,50,0,61,0,33,0,53,0,24,0,180,1,254,0,0,0,58,0,1,0,121,0,55,0,0,0,4,0,84,0,4,0,0,0,3,0,0,0,45,0,30,0,0,0,0,0,0,0,17,0,0,0,13,0,1,0,0,0,0,0,0,0,25,0,0,0,0,0,0,0,0,0,0,0,0,0,0,0,0,0,0,0,0,0,0,0,0,0,0,0,0,0,0,0,0,0,0,0,0,0,0,0,0,0,0,0,0,0,0,0,0,0,0,0,0,0,187,0,208,0,83,0,153,0,0,0,0,0,0,0,0,0,2,0,26,0,0,0,0,0,0,0,8,0,42,0,40,0,4,0,44,0,0,8,153,0,27,0,0,0,48,0,0,0,6,0,0,0,0,0,0,0,0,0,0,0,0,0,3,0,0,0,0,0,0,0,0,0,0,0,0,0,0,0,0,31,436,85,0,0,0,0
426,0,383,4,0,1,134,0,34,0,0,0,0,0,0,0,328,0,0,0,9,0,26,3,24,0,0,0,22,1,80,0,14,0,8,0,62,0,0,0,0,0,0,0,0,0,0,0,0,0,8,0,0,0,0,0,0,0,0,0,21,0,59,0,0,0,0,0,0,0,23,0,0,0,14,0,0,0,0,0,0,0,0,0,0,0,0,0,0,0,0,0,0,0,0,0,13,0,0,0,0,0,0,0,0,0,0,0,0,0,0,0,0,0,0,0,0,0,0,0,0,0,0,0,0,0,0,0,0,0,0,0,0,0,0,0,52,0,54,0,71,0,0,0,141,0,0,0,0,0,0,0,0,0,3,0,13,0,8,0,0,0,0,0,0,0,2,0,0,0,11,0,30,0,0,0,100,0,0,0,0,0,60,0,0,0,0,0,0,0,0,0,0,0,0,0,0,0,0,0,0,0,0,0,0,0,0,0,0,0,119,115,0,16,57,0,0,0,0,0,0,0,0,0,0
0,444,10,239,0,0,0,445,0,47,0,17,0,0,0,9,0,265,0,0,0,11,0,30,0,157,0,0,0,35,0,17,0,12,0,18,0,58,0,0,0,0,0,9,0,0,0,0,0,0,0,12,0,11,0,11,0,3,0,0,0,24,0,255,0,0,0,0,0,0,0,0,0,0,0,1,0,0,0,0,0,0,0,0,0,0,0,0,0,0,0,0,0,0,0,0,0,0,0,0,0,0,0,0,0,0,0,0,0,0,0,0,0,0,0,0,0,0,0,0,0,0,0,0,0,0,0,0,0,0,0,0,0,0,0,0,0,0,0,197,0,141,0,49,0,63,0,0,0,0,0,0,0,0,0,5,0,19,0,35,0,0,0,0,0,0,0,5,0,0,0,0,0,26,0,0,10,86,0,8,0,0,1,117,0,0,0,0,0,0,0,0,0,0,0,0,0,0,0,0,0,0,0,0,0,0,0,0,0,0,0,0,0,0,0,0,0,0,6,131,0,0,0,0,0
3,0,57,0,115,0,0,0,0,0,29,0,193,64,27,0,0,0,11,0,0,0,0,0,0,0,32,279,0,0,0,0,0,0,0,0,0,0,0,0,0,103,47,0,121,133,85,204,148,15,48,0,0,0,0,0,0,0,0,0,0,0,0,0,0,0,0,0,0,0,0,0,0,0,0,0,0,0,0,0,0,0,0,0,0,0,0,0,0,0,0,0,0,0,0,0,0,0,0,0,0,0,0,0,0,0,0,0,0,0,0,0,0,0,0,0,0,0,0,0,0,0,0,0,0,0,0,0,0,0,0,0,0,0,0,0,7,0,0,0,0,0,0,0,0,0,0,0,0,0,0,0,0,0,0,0,0,0,0,0,0,0,0,0,0,0,0,0,0,0,0,0,0,0,0,0,0,93,38,0,0,0,17,0,0,0,263,0,0,0,0,0,0,0,0,0,0,0,0,0,4,0,0,0,0,0,0,0,0,0,0,209,69,0,0,0,0,53,0,38,0,0,0,0,0
0,25,0,0,0,43,0,0,0,0,0,99,56,217,0,0,0,0,0,0,0,0,0,0,0,1,119,28,0,0,1,0,0,0,0,1,0,1,0,0,103,0,8,41,70,69,70,218,17,120,0,23,0,0,0,0,0,0,0,0,0,0,0,0,0,0,0,0,0,2,0,0,0,0,0,0,0,3,0,0,0,0,0,4,0,7,0,5,0,0,0,3,0,5,0,9,0,0,0,8,0,0,0,4,0,0,0,5,0,0,0,0,0,0,0,0,0,0,0,0,0,0,0,1,0,0,0,0,0,0,0,0,0,0,0,4,0,0,0,0,0,0,0,0,0,0,0,0,0,0,0,29,0,58,0,0,0,1,0,0,0,0,0,0,0,51,0,0,0,0,0,0,0,0,0,0,0,372,0,95,0,78,0,39,0,0,46,24,0,0,0,0,0,0,0,0,0,0,0,0,0,0,0,0,0,0,0,0,0,0,0,5,0,0,0,0,0,0,0,141,55,0,0,0,25
0,0,0,0,0,0,0,0,0,0,0,0,81,0,0,0,0,0,13,0,16,0,0,0,0,0,90,41,69,0,175,0,78,0,180,0,121,0,0,0,47,8,0,2,113,0,40,13,14,0,38,0,0,0,0,0,0,0,0,0,0,0,9,0,0,0,0,0,0,0,23,0,0,0,13,0,2,0,0,0,0,0,0,0,0,0,0,0,0,0,12,0,2,0,0,0,0,0,0,0,0,0,0,0,0,0,16,0,0,0,0,0,0,0,0,0,0,0,0,0,28,0,0,0,0,0,0,0,0,0,0,0,0,0,0,0,0,0,0,0,0,0,0,0,0,0,0,0,0,0,0,0,0,0,0,0,0,0,0,0,0,0,9,0,28,0,9,0,0,0,0,0,3,0,0,0,0,0,9,0,0,0,0,0,0,0,10,0,0,0,0,0,0,0,0,0,0,0,0,0,0,0,0,0,0,0,0,0,0,0,0,43,85,0,0,0,0,1,0,1,0,0,0,0,0
0,0,0,0,0,0,0,0,0,0,0,0,0,86,0,0,0,0,0,44,0,56,0,0,0,0,25,206,0,31,0,62,0,62,1,37,0,121,0,9,0,41,2,0,0,251,0,59,0,120,0,73,0,0,0,0,0,0,0,0,0,0,0,38,0,0,0,0,0,0,0,0,0,0,0,0,0,0,0,0,0,0,0,0,0,110,0,0,0,0,0,0,0,0,0,0,0,0,0,0,0,0,0,0,0,0,0,8,0,0,0,0,0,0,0,0,0,0,0,0,0,0,0,43,0,0,0,0,0,0,0,0,0,0,0,0,0,0,0,0,0,116,0,115,0,46,0,0,0,0,0,0,0,0,0,0,0,3,0,0,0,0,0,7,0,47,0,37,0,44,0,0,0,21,0,0,0,13,0,0,0,0,0,0,0,0,0,28,0,0,0,0,0,0,0,0,0,0,0,0,0,0,0,15,0,0,0,2,0,0,0,0,0,0,0,0,0,0,59,184,184,0,0,0,0
0,0,25,0,0,0,0,0,14,0,32,0,90,0,37,0,93,0,46,0,24,0,63,0,29,0,326,81,0,0,17,0,10,0,27,0,68,0,0,0,121,70,113,0,0,54,217,89,356,23,140,0,0,0,0,0,0,0,0,0,0,0,44,0,0,0,0,0,0,0,99,0,11,0,54,0,0,0,0,0,0,0,0,0,178,0,0,0,0,0,79,1,19,0,21,0,168,0,197,0,0,0,13,0,59,0,131,0,0,0,0,0,0,0,0,0,0,0,0,0,0,0,88,0,3,0,0,0,0,0,0,0,0,0,0,0,122,0,0,0,33,0,109,0,0,0,14,0,0,0,0,0,82,0,0,0,0,0,0,0,0,0,25,0,270,0,34,0,55,0,20,0,43,0,0,0,33,28,31,0,0,0,31,0,0,0,145,0,0,0,0,0,0,0,0,0,0,0,0,0,0,0,0,0,0,0,0,0,42,0,17,210,347,0,0,0,0,100,0,19,0,0,0,0,0
0,27,0,0,0,41,0,0,0,0,0,62,51,38,0,0,0,0,13,116,0,100,0,0,0,0,100,150,0,2,0,0,0,13,0,9,0,55,0,0,133,69,0,251,54,0,50,163,21,207,0,168,0,1,0,0,0,0,0,0,0,2,0,4,0,0,0,0,0,22,0,30,0,0,0,0,0,0,0,0,0,76,0,39,0,65,0,35,0,0,0,0,0,42,0,102,0,16,0,57,0,34,0,43,0,24,0,0,0,0,0,0,0,0,0,0,0,0,0,0,0,29,0,25,0,0,0,4,0,0,0,0,0,0,0,0,0,0,0,0,0,49,0,74,0,35,0,0,0,6,0,0,0,0,0,0,0,0,0,0,0,0,0,0,0,135,0,19,0,113,0,0,0,12,0,8,0,74,0,0,0,11,0,0,0,0,53,6,0,0,0,0,0,0,0,59,1,0,0,0,0,0,0,0,0,26,0,0,0,0,0,0,0,0,6,0,0,0,45,561,603,0,0,0,92
40,0,64,0,151,0,0,0,0,0,66,0,236,34,33,0,45,0,41,0,0,0,52,0,21,0,86,103,0,0,0,0,0,0,0,0,0,0,0,0,85,70,40,0,217,50,0,111,191,16,32,0,0,0,0,0,0,0,0,0,0,0,24,0,0,0,0,0,0,0,5,0,0,0,4,0,0,0,0,0,0,0,0,0,0,0,0,0,0,0,0,0,0,0,0,0,31,0,0,0,0,0,3,0,0,0,43,0,0,0,0,0,0,0,0,0,0,0,0,0,0,0,3,0,0,0,25,0,0,0,0,0,0,0,0,0,75,0,0,0,0,0,53,0,0,0,12,0,34,0,152,0,110,0,0,0,0,0,0,0,0,0,0,0,0,0,0,0,8,0,2,0,0,0,0,0,26,50,36,0,62,0,51,0,64,0,120,0,0,0,0,0,0,0,0,0,0,0,0,0,0,0,0,0,0,0,0,0,36,0,5,164,90,0,0,0,0,107,0,0,0,0,0,0,0
0,85,0,0,0,243,0,18,0,7,0,186,138,286,0,0,0,0,76,49,0,0,0,0,0,0,209,131,0,0,0,0,0,0,0,0,0,0,0,0,204,218,13,59,89,163,111,0,23,136,20,61,0,0,0,0,0,0,0,0,0,1,0,0,0,0,0,0,0,0,0,0,0,0,0,0,0,0,0,0,0,0,0,0,0,0,0,0,0,0,0,0,0,0,0,0,0,0,0,0,0,0,0,2,0,0,0,0,0,0,0,0,0,0,0,0,0,0,0,0,0,0,0,0,0,0,0,0,0,0,0,0,0,0,0,4,0,0,0,0,0,0,0,0,0,0,0,0,0,0,0,0,0,0,0,0,0,0,0,0,0,0,0,0,0,0,1,0,0,0,0,0,0,0,0,0,0,198,0,0,0,0,0,0,0,2,76,8,0,0,0,0,0,0,0,0,0,0,0,0,0,0,0,0,0,0,0,0,0,2,0,15,0,0,0,0,0,1,0,269,68,0,0,0,68
17,0,13,0,16,0,15,0,17,0,8,0,24,0,0,0,0,0,0,0,13,1,0,0,0,0,48,0,0,0,0,0,0,0,7,0,0,0,0,0,148,17,14,0,356,21,191,23,0,32,24,0,6,0,0,0,17,2,10,0,0,0,0,0,3,0,0,0,10,0,46,0,5,0,9,0,0,0,0,0,9,0,22,0,34,0,0,0,2,0,17,0,14,0,0,0,0,0,43,0,0,0,16,0,8,0,0,0,0,0,0,0,0,0,0,0,0,0,0,0,0,0,21,0,0,0,0,0,0,0,0,0,0,0,2,0,7,1,0,0,0,0,10,0,0,0,3,0,0,0,0,0,8,0,3,0,0,0,0,0,5,0,12,1,19,0,12,0,9,0,28,0,30,0,0,0,47,13,34,0,0,0,10,0,0,0,158,0,15,0,10,0,14,0,19,0,0,0,14,0,7,0,7,0,19,0,4,0,2,0,25,77,177,20,41,0,2,15,0,7,0,0,0,0,1
0,13,0,2,0,0,0,4,0,0,0,25,0,83,0,0,0,0,0,29,2,7,0,0,0,0,0,27,0,0,0,0,0,0,0,0,0,4,0,0,15,120,0,120,23,207,16,136,32,0,0,22,0,0,0,0,0,0,0,0,0,0,0,0,0,0,0,0,0,8,0,14,0,0,0,0,0,2,0,5,0,26,0,11,0,0,0,0,0,0,0,0,0,10,0,21,0,0,0,12,0,7,0,7,0,4,0,9,0,0,0,0,0,0,0,0,0,0,0,0,0,0,0,15,0,0,0,0,0,0,0,0,0,0,0,0,0,0,0,0,0,0,0,21,0,18,0,0,0,0,0,17,0,11,0,0,0,0,0,0,0,0,0,0,0,55,0,3,0,12,0,0,0,0,0,24,0,83,0,7,0,17,0,1,0,13,40,19,0,0,0,3,0,0,0,6,0,0,0,0,0,5,0,5,0,0,0,0,0,0,0,9,0,0,0,0,0,3,29,92,23,0,0,0,11
0,0,0,0,105,0,0,0,0,0,11,0,549,41,11,0,11,0,240,0,30,0,0,0,0,0,334,92,31,0,54,0,35,0,145,0,97,0,8,0,48,0,38,0,140,0,32,20,24,0,0,0,3,0,0,0,0,0,0,0,0,0,13,0,0,0,0,0,0,0,67,0,10,0,40,0,9,0,16,0,34,0,0,0,63,0,26,0,0,0,0,0,0,0,0,0,54,0,102,0,10,0,10,0,0,0,37,0,0,0,0,0,0,0,0,0,0,0,0,0,40,0,0,0,0,0,0,0,0,0,0,0,0,0,0,0,0,0,0,0,9,0,0,0,22,0,0,0,0,0,0,0,0,0,0,0,0,0,0,0,0,0,29,0,68,0,37,0,81,0,17,0,36,0,0,0,0,0,6,0,0,0,1,0,0,0,0,0,27,0,0,0,10,0,29,0,4,0,0,0,0,0,0,0,0,0,0,0,0,0,19,89,122,8,5,0,0,0,0,0,0,0,0,0,0
0,8,0,0,0,58,0,0,0,0,0,11,0,201,0,18,0,0,0,187,0,124,0,0,0,0,46,447,0,46,0,68,0,63,0,64,0,84,0,12,0,23,0,73,0,168,0,61,0,22,0,0,0,0,0,0,0,0,0,0,0,0,0,0,0,0,0,0,0,0,0,19,0,0,0,19,0,5,0,0,0,64,0,0,0,73,0,12,0,0,0,0,0,0,0,0,0,0,0,51,0,0,0,8,0,0,0,0,0,0,0,0,0,0,0,0,0,0,0,0,0,17,0,17,0,0,0,0,0,0,0,0,0,0,0,23,0,0,0,0,0,88,0,97,0,39,0,0,0,0,0,0,0,0,0,0,0,3,0,3,0,0,0,16,0,46,0,41,0,119,0,5,0,38,0,0,0,31,0,0,0,0,0,0,0,0,0,152,0,0,0,4,0,0,0,33,0,0,0,0,0,0,0,0,0,0,0,0,0,0,0,0,0,0,0,0,0,0,58,122,165,0,0,0,0
0,0,0,0,0,0,71,0,167,76,0,0,0,0,0,0,147,0,0,0,22,0,17,0,73,8,0,0,4,0,0,0,2,0,0,0,0,0,0,0,0,0,0,0,0,0,0,0,6,0,3,0,0,91,83,153,82,112,60,61,16,1,75,12,1,0,84,120,0,0,0,0,0,0,3,0,0,0,0,0,0,0,0,0,34,0,0,0,0,0,8,0,0,0,0,0,0,0,1,0,1,0,0,0,7,0,0,0,0,0,0,0,0,0,0,0,0,0,0,0,3,0,13,0,0,0,0,0,109,0,17,0,25,0,7,0,226,0,225,0,115,0,102,0,43,0,2,0,2,0,6,0,4,0,256,0,96,0,209,0,33,0,5,0,0,0,0,0,0,0,107,0,0,0,0,1,44,3,0,0,0,1,3,0,60,4,0,0,0,0,0,0,0,0,0,0,0,0,0,0,0,0,0,0,0,0,0,0,0,0,10,13,132,47,39,0,13,0,12,0,9,0,0,0,0
5,0,1,0,0,0,57,53,123,182,0,0,0,0,0,1,0,24,0,1,0,0,0,0,48,30,0,0,0,11,0,0,0,4,0,4,0,4,0,11,0,0,0,0,0,1,0,0,0,0,0,0,91,0,85,99,0,106,40,14,0,25,71,140,0,0,51,43,0,0,0,0,0,0,0,0,0,0,0,0,0,0,0,0,0,1,0,0,0,0,0,0,0,0,0,0,0,0,0,0,0,0,0,0,0,0,0,0,0,0,0,0,0,0,0,0,0,0,0,0,0,0,0,0,0,0,0,6,0,74,0,23,0,41,0,23,0,152,0,163,0,20,3,24,0,19,0,0,0,0,0,0,0,0,0,90,0,43,0,125,0,27,0,0,0,0,0,0,2,0,7,0,6,0,0,0,38,25,0,0,0,0,0,5,0,27,0,0,0,0,0,0,0,0,0,0,0,0,0,0,0,0,0,0,1,0,0,0,0,17,22,1,21,18,21,0,2,0,16,32,0,7,0,0,0
4,0,47,0,0,0,266,0,98,75,10,0,0,0,29,0,13,0,0,0,0,0,120,0,170,0,0,0,0,0,0,0,0,0,0,0,0,0,0,0,0,0,0,0,0,0,0,0,0,0,0,0,83,85,0,122,77,64,20,29,6,0,17,14,0,0,31,86,0,0,0,0,0,0,0,0,0,0,0,0,0,0,0,0,0,0,0,0,0,0,0,0,0,0,0,0,0,0,0,0,0,0,0,0,0,0,8,0,0,0,0,0,0,0,0,0,0,0,0,0,0,0,0,0,0,0,11,0,94,0,57,0,44,0,22,0,47,0,0,0,4,0,54,0,0,0,0,0,2,0,0,0,0,0,20,2,0,0,26,0,49,0,0,0,0,0,0,0,12,0,161,0,7,0,0,0,21,0,0,0,0,1,0,0,7,0,0,0,0,0,0,0,0,0,0,0,0,0,0,0,15,0,0,0,2,0,0,0,13,0,103,41,253,172,145,10,41,1,0,0,0,0,0,0,0
26,28,0,97,0,25,99,368,214,316,0,0,0,0,0,106,45,25,0,0,0,0,0,41,178,387,0,67,0,18,0,0,0,0,0,0,0,0,0,11,0,0,0,0,0,0,0,0,0,0,0,0,153,99,122,0,2,237,0,56,5,51,172,62,0,0,47,86,0,0,0,0,0,0,0,0,0,0,0,0,0,0,0,0,0,0,0,0,0,0,0,0,0,0,0,0,0,0,0,0,0,0,0,2,0,0,0,0,0,0,0,0,0,0,0,0,0,0,0,0,0,2,0,0,0,82,0,85,0,32,0,127,0,60,0,67,0,194,0,41,0,0,0,0,0,0,0,13,0,43,0,8,0,0,0,67,0,29,0,38,0,41,0,0,0,2,0,0,0,41,16,180,0,43,0,0,51,40,0,0,0,0,3,0,0,21,0,0,0,0,0,0,0,0,0,0,0,0,0,3,0,23,0,0,0,0,0,28,0,121,22,0,0,0,384,0,0,0,277,25,491,453,161,0,0
3,0,0,0,0,0,27,0,30,0,0,0,0,0,0,0,18,0,0,0,0,0,24,0,49,0,0,0,0,0,0,0,0,0,0,0,0,0,0,0,0,0,0,0,0,0,0,0,17,0,0,0,82,0,77,2,0,8,213,0,0,0,0,0,38,10,39,0,2,0,0,0,0,0,0,0,0,0,0,0,0,0,0,0,0,0,0,0,0,0,0,0,0,0,2,0,0,0,0,0,0,0,0,0,0,0,0,0,0,0,0,0,0,0,0,0,0,0,0,0,0,0,0,0,2,0,0,0,45,0,58,0,16,0,0,0,2,0,2,0,1,0,0,0,5,0,1,0,3,0,0,1,0,0,52,0,7,0,62,2,100,5,18,0,0,0,0,0,12,0,158,0,0,0,10,0,6,0,0,0,26,25,0,0,21,0,0,0,0,0,0,0,0,0,0,0,0,0,0,0,0,0,0,0,0,0,0,0,0,0,299,81,606,790,1004,46,143,0,0,0,0,0,2,0,0
0,9,0,0,0,0,0,21,41,163,0,0,0,0,0,0,0,41,0,0,0,0,0,0,0,91,0,0,0,3,0,0,0,0,0,0,0,3,0,3,0,0,0,0,0,0,0,0,2,0,0,0,112,106,64,237,8,0,40,105,0,8,0,69,0,18,136,45,0,0,0,0,0,0,0,0,0,0,0,0,0,0,0,3,0,0,0,0,0,0,0,0,0,0,0,0,0,0,0,0,0,0,0,1,0,0,0,0,0,0,0,0,0,0,0,0,0,0,0,0,0,0,0,0,0,56,0,42,0,36,0,104,0,42,0,31,0,77,0,17,0,1,0,0,0,0,0,0,0,12,0,0,0,0,0,211,0,19,0,120,0,112,0,176,0,2,0,5,0,44,0,199,2,0,4,0,22,0,0,0,0,0,0,0,0,8,0,0,0,0,0,0,0,0,0,0,0,0,0,0,0,0,0,0,0,0,0,0,0,64,12,2,16,0,518,0,0,0,158,34,840,696,160,117,0
0,0,9,0,0,0,17,0,126,0,5,0,0,0,0,0,2,0,0,0,0,0,0,0,7,0,0,0,0,0,0,0,0,0,0,0,0,0,0,0,0,0,0,0,0,0,0,0,10,0,0,0,60,40,20,0,213,40,0,55,23,0,6,0,75,18,100,88,0,0,0,0,0,0,0,0,0,0,0,0,0,0,0,0,0,0,0,0,0,0,0,0,0,0,0,0,0,0,0,0,0,0,0,0,0,0,0,0,0,0,0,0,0,0,0,0,0,0,0,0,0,0,0,0,7,0,2,0,15,0,80,0,10,0,0,0,0,1,0,0,0,0,0,0,2,0,0,0,3,0,0,0,0,0,19,4,46,0,3,0,30,2,3,0,0,0,0,0,15,0,58,0,8,0,33,5,38,0,0,0,0,24,0,0,23,0,0,0,0,0,0,0,0,0,0,0,0,0,0,0,0,0,0,0,0,0,0,0,0,0,594,216,407,757,1154,49,147,4,0,3,0,0,0,0,0
0,8,0,0,0,0,0,4,8,192,0,0,0,0,0,0,0,0,0,0,0,0,0,0,0,15,0,0,0,0,0,0,0,0,0,0,0,0,0,0,0,0,0,0,0,0,0,0,0,0,0,0,61,14,29,56,0,105,55,0,0,0,0,0,5,33,136,232,0,0,0,0,0,0,0,0,0,0,0,0,0,0,0,1,0,0,0,0,0,0,0,0,0,2,0,0,0,0,0,0,0,0,0,1,0,0,0,0,0,0,0,0,0,0,0,0,0,0,0,0,0,0,0,0,0,60,0,15,0,0,0,86,0,4,0,0,0,0,0,0,0,0,0,0,0,32,0,0,0,18,0,0,0,0,0,18,0,78,0,31,0,33,0,0,0,0,0,5,0,15,0,37,0,0,13,42,23,0,0,0,0,55,0,0,0,32,0,0,0,0,0,0,0,0,0,0,0,0,0,1,0,0,0,0,0,0,0,0,0,16,14,0,0,0,1691,0,1,0,850,221,521,1037,290,127,1
117,0,20,0,0,0,204,0,176,0,0,0,0,0,0,0,38,0,0,0,0,0,0,0,19,0,10,0,3,0,0,0,10,0,0,0,24,0,21,0,0,0,0,0,0,0,0,0,0,0,0,0,16,0,6,5,0,0,23,0,0,0,86,0,0,0,19,2,0,0,0,0,0,0,5,0,0,0,0,0,0,0,0,0,0,0,0,0,0,0,0,0,0,0,0,0,0,0,0,0,0,0,0,0,0,0,0,0,0,0,0,0,0,0,0,0,0,0,0,0,0,0,0,0,0,0,0,0,0,0,0,0,0,0,0,0,0,0,88,0,57,0,0,0,271,0,0,0,0,0,0,0,0,0,13,0,119,0,0,0,0,0,8,0,0,0,0,0,0,0,192,0,20,0,0,0,59,0,0,0,0,0,36,0,10,0,0,0,0,0,0,0,0,0,0,0,0,0,0,0,0,0,0,0,0,0,0,0,0,0,67,30,11,6,23,0,0,0,0,0,0,0,0,0,0
0,62,0,0,0,0,0,153,0,440,0,0,0,0,0,0,0,0,0,0,0,0,0,0,0,30,0,0,0,8,0,0,0,22,0,7,0,45,0,24,0,0,0,0,0,2,0,1,0,0,0,0,1,25,0,51,0,8,0,0,0,0,0,98,0,0,0,30,0,0,0,0,0,0,0,2,0,0,0,0,0,0,0,0,0,1,0,0,0,0,0,0,0,0,0,0,0,0,0,0,0,0,0,0,0,0,0,0,0,0,0,0,0,0,0,0,0,0,0,0,0,0,0,0,0,0,0,0,0,0,0,0,0,0,0,0,0,0,0,126,0,84,0,3,0,393,1,0,0,0,0,0,0,0,0,15,0,115,0,82,0,0,0,19,0,0,0,6,0,3,0,120,2,36,0,0,0,86,0,0,0,0,0,71,0,39,0,0,0,0,0,0,0,0,0,0,0,0,0,0,0,0,0,0,0,0,0,0,0,0,0,0,0,0,15,0,0,0,29,108,17,0,8,0,0
35,0,13,0,0,0,281,48,241,126,0,0,0,0,0,0,429,0,40,0,112,0,17,0,65,42,105,0,42,0,27,0,17,0,0,0,33,0,59,0,0,0,9,0,44,0,24,0,0,0,13,0,75,71,17,172,0,0,6,0,86,0,0,46,0,0,8,20,0,0,26,0,0,0,9,0,0,0,0,0,0,0,0,0,57,0,0,0,0,0,0,0,0,0,0,0,0,0,0,0,0,0,0,0,0,0,0,0,0,0,0,0,0,0,0,0,0,0,0,0,0,0,56,0,0,0,0,0,20,0,3,0,0,0,0,0,199,0,226,0,167,0,89,0,138,0,0,0,0,0,0,0,0,0,42,0,55,0,44,0,2,0,0,0,5,0,0,0,0,0,13,0,9,0,0,0,71,5,2,0,0,0,20,0,4,1,0,0,0,0,0,0,0,0,0,0,0,0,0,0,0,0,0,0,0,0,0,0,0,0,13,8,15,7,21,0,0,0,0,0,0,0,0,0,0
65,39,28,0,0,9,54,198,49,329,0,0,0,0,0,0,68,93,0,54,0,211,0,23,212,42,0,39,0,221,0,13,0,86,0,30,1,30,0,255,0,0,0,38,0,4,0,0,0,0,0,0,12,140,14,62,0,69,0,0,0,98,46,0,0,0,0,4,0,0,0,0,0,0,0,0,0,0,0,0,1,0,0,0,0,0,0,0,0,0,0,0,0,0,0,0,0,4,0,0,0,0,0,0,0,0,0,0,0,0,0,0,0,0,0,0,0,0,0,0,0,0,0,0,0,0,0,0,0,79,0,0,0,0,0,78,0,284,0,376,0,70,0,113,0,58,0,0,0,0,0,0,0,0,0,98,0,18,0,200,0,17,0,0,0,0,0,2,0,0,0,2,0,8,0,0,17,75,0,0,0,0,9,54,0,14,0,0,0,0,0,0,0,0,0,0,0,0,0,0,0,0,0,0,0,0,0,5,0,18,0,0,0,0,0,0,0,0,5,26,0,9,0,0,0
12,0,7,0,15,0,8,0,122,0,0,0,16,0,0,0,0,0,0,0,0,0,0,0,0,0,0,0,0,0,0,0,0,0,0,0,0,0,0,0,0,0,0,0,0,0,0,0,3,0,0,0,1,0,0,0,38,0,75,5,0,0,0,0,0,50,61,0,0,0,17,0,0,0,0,0,0,0,0,0,0,0,0,0,0,0,0,0,0,0,0,0,0,0,0,0,0,0,0,0,0,0,0,0,0,0,0,0,0,0,0,0,0,0,0,0,0,0,0,0,0,0,0,0,6,0,6,0,0,1,27,7,5,0,5,0,0,0,16,0,0,0,0,1,63,0,24,0,15,22,11,0,5,0,6,0,7,0,9,4,117,44,0,0,0,0,0,0,0,0,0,0,0,0,105,0,0,0,0,0,247,149,29,0,116,0,0,0,0,0,0,0,0,0,0,0,2,0,0,0,0,0,0,0,0,0,1,0,21,0,346,29,0,0,463,0,0,0,33,0,14,10,0,0,0
0,36,0,0,0,15,0,0,3,332,0,12,0,4,0,7,0,0,0,56,0,8,0,0,0,0,0,38,0,0,0,0,0,0,0,0,0,0,0,0,0,0,0,0,0,0,0,0,0,0,0,0,0,0,0,0,10,18,18,33,0,0,0,0,50,0,39,356,0,0,0,0,0,0,0,0,0,0,0,0,0,0,0,0,0,2,0,0,0,0,0,0,0,0,0,0,0,0,0,0,0,0,0,0,0,0,0,0,0,0,0,0,0,0,0,0,0,0,0,0,0,0,0,0,0,28,0,22,0,0,6,17,0,1,0,0,0,0,0,0,0,0,0,0,0,6,0,63,8,155,0,54,0,22,0,3,0,1,0,3,31,71,0,0,0,0,0,0,0,0,0,0,0,0,8,50,6,5,0,0,40,244,0,1,0,67,0,0,0,0,0,0,0,0,0,0,0,0,0,0,0,0,0,0,0,0,0,7,0,26,5,0,0,0,348,0,0,0,302,20,0,0,0,0,0
0,0,11,0,4,0,95,0,68,0,0,0,0,0,0,0,0,0,0,0,0,0,0,0,0,2,0,0,0,0,0,0,0,0,0,0,0,0,0,0,0,0,0,0,0,0,0,0,0,0,0,0,84,51,31,47,39,136,100,136,19,0,8,0,61,39,0,99,0,0,0,0,0,0,0,0,0,0,0,0,0,0,0,0,0,0,0,0,0,0,0,0,0,0,0,0,0,0,0,0,0,0,0,0,0,0,0,0,0,0,0,0,0,0,0,0,0,0,0,0,0,0,0,0,11,0,2,0,0,0,6,0,5,0,0,0,0,0,0,0,0,0,0,0,0,0,0,0,3,0,0,0,0,0,11,0,27,0,1,4,60,6,0,0,0,0,0,0,5,0,21,0,0,0,54,7,121,0,0,0,51,56,3,0,163,5,0,0,0,0,0,0,0,0,0,0,0,0,0,0,0,0,0,0,0,0,0,1,0,0,314,147,130,244,477,16,36,0,9,6,0,0,0,0,0
0,0,1,0,0,0,48,0,55,198,0,0,0,0,0,0,0,0,0,0,0,0,0,0,1,0,0,0,0,0,0,0,0,0,0,0,0,0,0,0,0,0,0,0,0,0,0,0,0,0,0,0,120,43,86,86,0,45,88,232,2,30,20,4,0,356,99,0,0,0,0,0,0,0,0,0,0,0,1,0,0,0,0,0,0,0,0,0,0,0,0,0,0,0,0,0,0,0,0,0,0,0,0,0,0,0,0,0,0,0,0,0,0,0,0,0,0,0,0,0,0,0,0,0,0,35,0,0,0,0,0,37,0,0,0,1,1,0,0,0,0,0,0,0,0,28,0,6,0,27,0,5,0,0,0,24,0,70,0,20,0,21,0,0,0,0,0,0,0,3,5,0,3,0,9,101,50,2,0,0,6,111,0,0,6,188,0,0,0,0,0,0,0,0,0,0,0,0,0,0,0,0,0,0,0,0,0,0,0,0,11,6,21,9,421,0,3,0,383,250,69,244,73,14,0
11,0,0,0,0,0,7,0,1,0,1,0,0,0,0,0,0,0,0,0,0,0,0,0,0,0,0,0,0,0,0,0,0,0,0,0,0,0,0,0,0,0,0,0,0,0,0,0,10,0,0,0,0,0,0,0,2,0,0,0,0,0,0,0,0,0,0,0,0,0,0,0,32,0,0,0,263,0,47,0,20,0,52,0,0,0,0,0,24,0,0,0,85,0,85,0,0,0,0,0,72,0,206,0,0,0,109,0,27,0,0,0,0,0,2,0,13,0,0,0,0,0,0,0,0,0,0,0,0,0,0,0,0,0,0,0,0,0,0,0,0,0,0,0,0,0,0,0,0,0,2,0,4,0,0,0,0,0,0,0,0,0,0,0,76,0,0,0,257,0,6,0,7,0,0,0,0,0,0,0,0,0,0,0,1,0,0,0,0,0,0,0,0,0,110,0,0,0,0,0,0,0,0,0,0,0,0,0,0,1,0,9,104,0,0,7,53,2,0,0,0,0,0,0,0
0,0,0,0,0,0,0,7,0,0,0,0,0,0,0,0,0,0,0,0,0,0,0,0,0,0,0,0,0,0,0,0,0,0,0,0,0,0,0,0,0,2,0,0,0,22,0,0,0,8,0,0,0,0,0,0,0,0,0,0,0,0,0,0,0,0,0,0,0,0,0,0,0,0,0,0,0,86,0,0,0,6,0,74,0,0,0,5,0,85,0,0,0,26,0,69,0,0,0,0,0,35,0,116,0,0,0,0,0,11,0,0,0,86,0,1,0,7,0,0,0,0,0,0,2,0,0,0,0,0,0,0,1,0,0,0,0,0,0,0,0,0,0,2,0,0,0,0,0,0,0,0,0,0,0,0,0,0,0,0,0,0,0,1,0,58,0,0,0,69,0,0,0,2,0,0,0,0,0,0,0,0,0,0,0,0,0,0,0,0,0,0,0,0,0,34,0,0,0,0,0,0,0,0,0,13,0,0,0,0,0,0,0,0,1,0,0,0,28,10,90,0,6,46,0
0,0,0,0,0,0,0,0,0,0,0,0,0,0,0,0,36,0,0,1,71,0,0,0,2,0,154,0,35,0,0,0,0,0,0,0,91,0,23,0,0,0,23,0,99,0,5,0,46,0,67,0,0,0,0,0,0,0,0,0,0,0,26,0,17,0,0,0,0,0,0,0,352,0,286,0,0,0,98,0,14,0,0,0,0,0,58,0,0,0,0,0,0,0,0,0,0,0,0,0,0,0,0,0,0,0,0,0,0,0,0,0,0,0,0,0,0,0,0,0,41,0,10,0,13,4,31,1,0,0,0,0,47,0,36,0,79,0,9,0,236,0,93,0,106,0,14,0,17,0,36,0,39,0,0,0,1,0,0,0,7,0,74,12,0,0,48,0,69,0,25,0,56,0,32,0,0,0,0,0,86,14,0,0,0,0,0,0,0,0,0,0,0,0,0,0,0,0,0,0,0,0,3,0,0,0,19,0,41,0,16,0,19,0,8,0,0,0,4,0,0,0,0,0,0
0,0,0,0,0,15,0,2,0,0,0,0,0,0,0,0,0,0,0,0,0,30,0,0,0,0,0,27,0,0,0,0,0,3,0,0,0,17,0,0,0,0,0,0,0,30,0,0,0,14,0,19,0,0,0,0,0,0,0,0,0,0,0,0,0,0,0,0,0,0,0,0,0,216,0,253,0,14,0,6,0,8,0,0,6,0,0,62,0,0,0,0,0,0,0,0,0,0,0,0,2,0,0,0,0,0,0,0,0,0,0,0,0,0,0,0,0,0,0,0,0,8,0,18,23,76,0,95,4,0,12,28,19,0,0,22,0,50,0,0,0,132,0,0,0,216,26,30,13,13,0,41,11,0,0,0,0,0,0,0,0,0,0,58,0,0,0,30,0,0,0,13,0,22,0,17,0,16,0,0,0,49,0,0,0,0,0,0,0,0,0,0,0,23,0,0,0,0,1,0,0,0,0,0,0,0,0,0,0,0,0,0,0,0,0,0,0,0,43,29,18,0,0,0,0
0,0,0,0,0,0,0,0,0,0,0,0,0,0,0,0,0,0,0,0,0,0,0,0,0,0,0,0,0,0,0,0,0,0,0,0,12,0,0,0,0,0,0,0,11,0,0,0,5,0,10,0,0,0,0,0,0,0,0,0,0,0,0,0,0,0,0,0,32,0,352,0,0,0,283,0,59,0,282,0,17,0,85,0,25,0,47,0,0,0,2,0,76,0,0,0,0,0,0,0,0,0,0,0,0,0,0,0,3,0,0,0,0,0,0,0,0,0,0,0,48,0,25,0,63,0,66,0,27,0,47,1,114,0,66,0,96,0,0,0,57,0,125,0,51,0,31,1,11,0,75,0,55,0,0,0,0,0,3,0,2,0,73,0,2,0,10,0,32,0,16,0,14,0,14,0,0,0,0,0,41,0,0,0,0,0,0,0,0,0,0,0,0,0,0,0,0,0,0,0,58,0,0,0,21,0,87,0,82,0,213,2,67,0,11,7,5,0,5,0,0,0,0,0,0
0,0,0,0,0,12,0,0,0,0,0,0,0,0,0,0,0,0,0,0,0,0,0,0,0,0,0,0,0,0,0,0,0,0,0,0,0,0,0,0,0,0,0,0,0,0,0,0,0,0,0,0,0,0,0,0,0,0,0,0,0,0,0,0,0,0,0,0,0,0,0,216,0,0,0,216,0,145,0,34,0,12,0,16,0,29,0,125,0,0,0,0,0,0,0,0,0,0,13,2,0,0,0,0,0,0,0,0,0,0,0,0,0,0,0,0,0,1,0,0,0,39,0,33,35,86,24,179,0,0,0,35,32,0,8,218,19,160,0,0,13,96,25,100,0,133,0,32,0,13,15,105,31,0,0,0,0,0,0,0,0,11,0,32,0,0,0,10,0,7,0,4,0,10,0,0,0,0,0,0,32,83,0,0,0,0,0,0,0,0,0,24,0,67,0,0,0,0,0,0,0,34,0,277,0,27,0,0,0,0,13,0,0,0,24,0,0,0,118,5,38,0,0,0,0
0,0,0,0,13,0,0,0,3,0,0,0,0,0,0,0,34,0,0,0,70,0,0,0,0,0,0,0,21,0,0,0,0,0,0,0,48,0,14,0,0,0,13,0,54,0,4,0,9,0,40,0,3,0,0,0,0,0,0,0,5,0,9,0,0,0,0,0,0,0,286,0,283,0,0,0,18,0,261,0,17,0,23,0,71,0,41,0,0,0,0,1,0,0,8,0,0,0,7,0,1,0,0,0,0,0,1,0,0,0,0,0,0,0,0,0,0,0,0,0,85,0,56,0,11,0,28,0,2,0,4,0,21,0,40,0,54,0,1,0,91,0,198,0,81,0,19,0,8,0,27,0,58,0,0,0,0,0,0,0,5,0,50,19,0,0,20,0,55,3,16,0,28,0,22,0,0,0,0,0,107,13,0,0,0,0,0,0,0,0,0,0,8,0,0,0,0,0,47,0,41,0,33,0,19,0,0,0,25,0,16,0,0,0,10,0,0,0,8,0,0,0,0,0,0
0,0,0,0,0,0,0,0,0,0,0,0,0,0,0,0,0,0,0,22,0,43,0,0,0,0,0,0,0,3,0,0,0,0,0,0,0,13,0,1,0,0,0,0,0,0,0,0,0,0,0,19,0,0,0,0,0,0,0,0,0,2,0,0,0,0,0,0,0,0,0,253,0,216,0,0,0,23,0,33,2,7,0,0,0,22,0,144,0,0,0,0,0,0,0,0,0,0,9,1,0,0,0,0,0,0,0,2,0,0,0,0,0,0,0,0,0,0,0,0,0,59,0,52,18,0,0,60,0,0,10,0,0,0,0,86,0,64,0,5,0,130,0,36,0,209,26,17,0,0,3,35,0,8,0,0,0,3,0,0,0,0,0,77,0,0,0,21,0,9,0,15,0,27,0,12,0,10,0,0,15,98,0,0,0,0,0,0,0,0,0,18,0,0,0,0,0,0,0,0,0,0,0,35,0,0,0,80,1,0,13,0,0,0,15,0,0,0,64,17,25,0,0,1,0
0,0,0,0,0,0,0,0,0,0,0,0,0,0,0,0,0,0,0,0,0,0,0,0,0,0,0,0,0,0,0,0,0,0,0,0,0,0,0,0,0,0,2,0,0,0,0,0,0,0,9,0,0,0,0,0,0,0,0,0,0,0,0,0,0,0,0,0,263,0,0,0,59,0,18,0,0,0,49,0,11,0,30,0,24,0,31,0,6,0,0,0,90,0,46,0,23,0,29,0,27,0,71,0,0,0,40,0,25,0,0,0,0,0,0,0,28,0,0,0,11,0,0,0,0,0,0,0,0,0,0,0,0,0,0,0,0,0,0,0,0,0,0,0,0,0,0,0,0,0,0,0,0,0,0,0,0,0,0,0,0,0,0,0,17,0,0,0,38,0,0,0,6,0,0,0,0,0,0,0,0,0,0,0,0,0,0,0,21,0,0,0,0,0,63,0,2,0,0,0,0,0,0,0,0,0,0,0,0,1,22,0,19,0,12,4,12,0,0,0,0,0,0,0,0
0,0,0,0,0,0,0,0,0,0,0,0,0,0,0,0,0,0,0,0,0,0,0,0,0,0,0,0,0,0,0,0,0,0,0,0,0,1,0,0,0,3,0,0,0,0,0,0,0,2,0,5,0,0,0,0,0,0,0,0,0,0,0,0,0,0,0,0,0,86,0,14,0,145,0,23,0,0,0,17,0,76,0,231,0,26,0,196,0,41,0,0,0,67,0,118,0,8,0,0,0,33,0,131,3,29,0,0,0,22,0,0,0,27,0,0,0,40,0,0,0,15,0,0,0,0,0,0,0,0,0,0,0,0,0,58,0,15,0,0,0,0,0,0,0,8,0,0,0,0,0,0,0,0,0,0,0,0,0,0,0,0,0,0,0,12,0,0,0,80,0,0,0,0,0,0,0,0,0,0,0,7,0,0,0,0,0,0,0,37,0,0,0,0,0,71,0,0,0,0,0,0,0,160,0,0,0,0,0,0,0,0,0,0,0,0,0,0,46,8,155,2,7,2,0
0,0,0,0,0,0,0,0,1,0,0,0,0,0,0,0,0,0,0,0,0,0,0,0,0,0,0,0,0,0,0,0,0,0,0,0,0,0,0,0,0,0,0,0,0,0,0,0,0,0,16,0,0,0,0,0,0,0,0,0,0,0,0,0,0,0,0,1,47,0,98,0,282,0,261,0,49,0,0,0,55,0,185,0,111,0,109,0,0,0,0,0,85,0,30,0,23,0,49,0,5,0,5,0,0,0,21,0,19,0,0,0,0,0,0,0,17,0,0,0,98,0,41,0,0,0,13,0,0,0,0,0,0,0,0,0,0,0,0,0,32,0,135,0,11,0,8,0,0,0,0,0,0,0,0,0,0,0,0,0,0,0,0,0,0,0,0,0,49,0,0,0,0,0,0,0,0,0,0,0,0,0,0,0,0,0,0,0,0,0,33,0,49,0,27,0,0,0,0,1,122,0,64,0,71,0,0,0,0,0,194,3,44,0,21,6,0,0,0,0,11,0,0,0,0
