0,257,18,110,51,6,16,33,28,31,91,21,74,1,14,30,97,37,0,0,17,1,85,99,25,201,16,1,49,13,10,0,117,0,0,0,51,0,212,0,5,0,0,0,4,0,0,0,1,0,0,0,3,0,12,3,0,0,3,0,18,0,24,5,12,0,7,0,0,0,0,0,0,0,0,0,0,0,0,0,0,0,0,0,0,0,2,0,0,0,0,0,0,0,0,0,0,0,0,0,0,0,0,0,0,0,0,0,0,0,0,0,0,0,0,0,0,0,0,0,1,0,0,0,7,0,8,0,0,0,4,0,0,0,4,0,0,0,0,0,0,0,7,1,0,0,17,0,15,0,22,0,30,0,0,0,1,0,0,0,0,0,1,0,3,0,15,0,25,0,14,0,195,0,3,0,102,22,8,0,22,0,4,11,21,0,0,0,0,0,0,0,0,0,0,0,0,0,0,0,1,0,0,0,0,0,0,0,3,0,0,0,0,0,84,0,2,0,0,0,269,8,4,1,5,0,102,8,308,0,131,1,176,4,23,0,6,0,90,0,41,0,24,0,251,0,0,0,0
257,0,227,82,43,297,97,7,34,73,22,232,3,106,32,84,103,135,0,79,0,18,431,88,199,82,0,111,0,199,0,27,0,102,0,4,0,177,0,333,0,64,0,4,0,10,0,23,0,0,0,0,0,2,8,16,0,2,0,14,1,47,17,8,1,91,0,25,0,0,0,1,0,0,0,0,0,0,0,0,0,0,0,0,0,3,0,0,0,0,0,0,0,0,0,0,0,7,0,0,0,0,0,0,0,0,0,0,0,0,0,0,0,0,0,0,0,0,0,0,0,0,0,0,0,8,0,5,0,0,0,13,0,3,0,26,0,38,0,0,0,0,0,0,0,3,0,10,3,34,0,26,0,10,0,0,0,3,0,8,0,5,0,0,0,6,0,4,0,20,0,16,7,170,0,0,9,328,0,15,0,2,0,21,0,99,0,2,0,0,0,2,0,0,0,0,0,0,0,10,0,10,0,0,0,0,0,2,0,14,0,5,0,0,0,95,0,0,0,0,0,519,0,0,0,17,0,53,6,360,0,154,0,516,0,44,0,9,0,119,0,15,0,24,3,395,0,0,0
18,227,0,61,144,28,67,0,0,0,60,45,115,0,187,113,133,30,53,0,81,0,416,80,159,62,42,0,184,7,31,0,200,3,5,0,55,0,296,0,21,0,0,1,3,0,7,0,0,0,4,0,8,0,35,0,0,0,6,0,27,0,19,1,3,0,2,0,0,0,0,0,0,0,0,0,1,0,1,0,0,0,0,0,15,0,0,0,0,0,0,0,0,0,0,0,0,0,0,0,0,0,0,0,0,0,0,0,0,0,0,0,0,0,0,0,0,0,0,0,0,0,0,0,10,0,26,0,0,0,10,0,6,0,40,0,0,2,0,0,0,0,34,0,0,0,35,0,25,0,26,0,6,0,1,0,0,0,0,0,2,0,0,0,2,0,39,0,24,0,15,0,246,0,0,0,26,21,0,1,0,0,0,6,6,0,0,0,0,0,0,0,0,0,0,0,0,0,0,0,12,0,0,0,0,0,4,0,16,0,0,0,0,0,61,0,2,0,2,0,239,8,0,0,6,0,44,9,252,0,80,1,161,0,13,0,9,0,63,1,32,0,22,0,189,0,0,0,0
110,82,61,0,50,113,0,22,0,10,34,9,4,4,45,319,30,37,0,168,10,58,188,292,42,79,0,28,0,29,0,29,0,81,0,0,3,46,0,16,0,3,0,3,0,0,0,3,0,0,0,5,0,0,0,57,0,0,0,2,0,0,5,0,0,4,0,2,0,0,0,0,0,0,0,0,0,0,0,0,0,0,0,0,0,0,0,0,0,0,0,0,0,0,0,0,0,6,0,0,0,0,0,0,0,0,0,0,0,0,0,0,0,0,0,0,0,0,0,0,0,0,0,0,0,0,0,8,0,1,0,2,0,5,0,58,0,123,0,0,0,0,0,0,0,0,0,1,0,0,0,3,0,0,0,0,0,0,0,2,0,0,0,1,0,0,0,20,0,4,0,0,0,63,0,0,3,41,0,12,0,0,0,0,0,0,0,0,0,0,0,0,0,0,0,0,0,0,0,11,0,12,0,0,0,0,0,0,0,30,0,0,0,0,0,13,0,0,0,0,0,132,0,0,0,9,0,40,0,177,0,18,0,74,0,0,0,2,0,9,0,2,0,0,0,33,0,0,0
51,43,144,50,0,183,30,0,18,0,64,119,250,87,100,335,25,0,53,163,168,18,101,17,0,4,80,22,0,1,87,15,286,21,56,20,312,0,23,0,33,0,0,0,0,0,7,0,0,0,43,6,2,0,5,0,0,0,0,0,0,0,0,0,11,0,1,0,0,0,0,0,0,0,0,0,0,0,0,0,0,0,0,0,0,0,0,0,0,0,0,0,0,0,0,0,0,0,0,0,0,0,0,0,0,0,0,0,0,0,0,0,0,0,0,0,0,0,1,0,0,0,0,0,11,0,9,0,0,0,3,0,0,0,19,0,11,0,0,0,0,0,8,0,0,0,34,0,27,0,53,0,31,0,0,0,0,0,0,0,0,0,0,0,0,0,135,0,42,0,1,0,130,0,0,0,107,52,22,0,45,0,8,0,47,0,0,7,0,0,0,0,0,0,0,0,0,0,0,0,4,0,0,0,0,0,5,0,9,0,0,0,0,0,21,2,0,0,0,3,194,0,0,0,46,0,112,5,234,18,136,0,90,0,16,0,16,1,0,0,23,0,30,0,210,0,0,0,0
6,297,28,113,183,0,0,0,0,16,75,166,79,60,332,91,0,1,62,97,30,216,39,108,0,11,23,60,0,3,0,161,6,111,5,95,6,117,0,0,1,26,0,4,0,4,3,11,0,0,7,18,0,0,0,0,0,0,0,0,0,0,0,0,0,35,0,0,0,0,0,0,0,0,0,0,0,0,0,0,0,0,0,0,0,0,0,0,0,0,0,0,0,0,0,0,0,0,0,0,0,0,0,0,0,0,0,1,0,0,0,0,0,0,0,0,0,0,0,0,0,0,0,3,0,6,0,0,0,0,0,1,0,0,0,19,0,27,0,0,0,0,0,0,0,0,0,13,0,20,0,73,0,59,0,0,0,5,0,6,0,0,0,0,0,7,0,38,0,14,0,0,1,54,0,11,23,189,5,35,0,17,0,0,0,122,0,21,0,1,0,0,0,0,0,0,0,4,0,5,0,0,0,0,0,0,0,0,0,6,0,0,0,0,0,18,0,0,0,17,0,175,0,0,0,68,2,0,0,284,0,72,0,151,0,16,0,5,0,21,0,4,0,2,0,86,0,0,0
16,97,67,0,30,0,0,49,67,222,13,0,41,0,13,0,21,0,1,0,0,0,38,7,336,150,11,0,32,0,0,0,3,0,0,0,13,0,152,4,5,0,3,0,0,0,2,0,0,0,0,0,188,7,244,35,13,0,2,0,370,0,293,20,13,0,17,11,0,0,0,0,0,0,0,0,0,0,0,0,0,0,0,0,0,0,0,0,0,0,0,0,0,0,0,0,0,1,0,0,3,0,0,0,0,0,2,0,0,0,0,0,0,0,0,0,0,0,0,0,0,0,0,0,55,0,44,0,37,0,83,0,30,0,51,0,36,0,0,0,8,0,38,0,0,0,41,0,26,0,46,0,0,0,61,0,8,0,0,0,20,0,0,0,11,0,0,0,44,0,129,0,334,0,6,0,15,19,0,0,1,0,1,39,0,0,0,0,0,0,1,0,0,0,0,0,0,0,0,0,0,0,0,0,0,0,15,0,44,0,14,0,0,0,326,0,0,0,0,0,419,0,27,0,46,0,101,0,563,0,71,0,371,0,54,0,0,0,230,0,120,0,75,0,479,0,0,0,0
33,7,0,22,0,0,49,0,121,14,0,0,0,0,0,38,22,8,0,21,0,0,21,8,103,95,0,0,0,73,0,0,0,18,0,0,0,29,0,209,0,0,0,0,0,0,0,0,0,0,0,0,22,6,44,101,0,20,0,10,1,123,0,102,1,0,0,1,0,0,0,0,0,0,0,0,0,0,0,0,0,0,0,0,0,0,0,0,0,0,0,0,0,0,0,0,0,0,0,0,0,0,0,0,0,2,0,0,0,0,0,0,0,0,0,0,0,0,0,0,0,0,0,0,0,27,0,30,0,15,0,22,0,21,0,22,0,38,0,4,0,0,0,3,0,0,0,9,0,0,0,18,0,0,0,6,0,7,0,5,0,12,0,0,0,0,0,0,0,6,0,10,0,76,1,0,0,31,0,0,0,0,0,7,0,0,0,0,0,0,0,0,0,1,0,0,0,0,0,0,0,0,0,0,0,0,0,0,0,33,0,0,0,0,0,95,0,0,0,5,0,326,0,6,0,15,0,22,4,290,0,18,0,286,0,19,0,2,0,45,0,3,0,0,3,199,0,0,0
28,34,0,0,18,0,67,121,0,427,28,0,23,0,0,0,8,6,5,0,0,0,0,0,7,265,7,0,0,0,0,0,1,0,0,0,1,0,12,0,2,0,0,0,0,0,0,0,1,0,0,0,131,30,131,143,7,0,3,34,129,0,192,63,97,0,99,46,0,0,0,0,1,0,0,0,0,0,0,0,0,0,0,0,0,0,0,0,0,0,2,0,0,0,0,0,0,0,0,0,0,0,0,0,0,0,0,0,0,0,0,0,0,0,0,0,0,0,0,0,0,0,0,0,20,0,27,0,5,0,23,0,8,0,0,0,0,0,0,0,0,0,0,0,0,0,30,0,29,0,29,0,10,0,8,3,0,0,0,0,0,0,0,0,0,0,0,0,21,0,101,0,94,0,23,0,239,45,5,0,0,0,2,24,33,20,0,0,0,0,0,0,0,0,0,0,0,0,0,0,1,0,0,0,1,0,10,0,0,0,0,0,0,0,130,2,0,0,4,0,116,0,0,0,27,0,119,4,255,2,35,0,192,4,25,0,0,0,183,0,66,0,40,0,282,0,0,0,0
31,73,0,10,0,16,222,14,427,0,0,29,0,7,0,7,7,13,0,14,0,0,0,0,164,36,1,10,0,8,0,3,0,1,0,0,0,11,0,81,0,0,0,0,0,0,0,1,0,0,0,1,170,29,246,80,0,23,29,21,0,208,23,227,0,145,27,107,0,0,0,0,0,0,0,0,0,0,0,0,0,0,0,0,0,5,0,0,0,0,0,1,0,0,0,0,0,0,0,2,0,0,0,0,0,0,0,0,0,0,0,0,0,0,0,0,0,0,0,0,0,1,0,0,0,41,0,40,0,14,0,60,0,20,0,10,0,21,0,9,0,0,0,0,0,0,0,21,0,52,0,65,0,2,28,4,0,30,1,6,0,4,0,0,0,0,0,0,0,0,0,29,5,62,1,0,17,259,0,19,0,0,0,35,0,27,0,0,0,0,0,0,0,0,0,0,0,0,0,0,0,0,0,0,0,0,0,11,0,73,1,26,0,0,0,232,0,0,0,8,4,293,0,11,0,13,0,85,12,266,0,28,0,409,0,49,0,3,4,151,1,9,0,13,0,352,0,0,0
91,22,60,34,64,75,13,0,28,0,0,61,105,0,45,270,22,0,9,14,125,11,10,15,0,0,21,0,0,1,38,3,219,6,4,0,138,7,3,0,7,0,1,0,0,0,0,0,0,0,10,2,0,0,0,0,0,0,1,0,0,0,0,0,6,0,0,0,0,0,0,0,0,0,0,0,0,0,1,0,0,0,0,0,0,0,0,0,0,0,0,0,0,0,0,0,0,0,0,0,0,0,0,0,0,0,0,0,0,0,0,0,0,0,0,0,0,0,0,0,0,0,0,0,0,0,6,0,0,0,0,0,0,0,0,0,0,0,0,0,0,0,1,0,0,0,12,0,14,0,23,0,21,0,2,0,0,0,0,0,0,0,0,0,1,0,66,0,20,0,0,0,55,0,6,0,92,23,14,0,33,0,7,0,30,0,0,0,0,0,0,0,0,0,0,0,0,0,0,0,0,0,0,0,0,0,5,0,0,0,1,0,0,0,11,0,0,0,0,0,131,10,0,0,8,0,74,8,148,9,94,0,0,0,0,0,4,1,23,0,13,0,27,0,129,0,0,0,0
21,232,45,9,119,166,0,0,0,29,61,0,22,235,158,28,0,17,15,20,15,103,107,76,0,0,0,51,0,14,7,79,0,161,1,60,0,116,0,6,1,61,0,0,0,6,0,12,0,3,0,6,0,0,0,0,0,0,0,0,0,0,0,0,0,34,0,2,0,0,0,6,0,0,0,0,0,0,0,0,0,2,0,0,0,0,0,0,0,0,0,0,0,0,0,0,0,0,0,0,0,0,0,0,0,0,0,0,0,0,0,0,0,0,0,0,0,0,0,0,0,0,0,0,0,3,0,0,0,0,0,0,0,0,0,0,0,13,0,0,0,0,0,0,0,4,0,28,0,50,0,120,0,151,0,0,0,2,0,0,0,2,0,0,0,0,0,31,0,6,0,0,0,53,0,54,12,208,10,55,0,121,0,17,0,158,0,5,0,0,0,1,0,0,0,0,0,0,0,0,0,0,0,0,0,0,0,0,0,3,0,0,0,0,0,13,0,0,0,0,0,113,0,2,0,21,0,46,0,203,0,104,0,192,0,17,0,0,0,19,0,0,0,6,0,79,0,0,0
74,3,115,4,250,79,41,0,23,0,105,22,0,277,43,56,9,0,79,348,38,38,0,0,3,0,136,296,0,0,24,2,22,1,172,21,128,7,0,0,214,32,105,31,18,15,47,27,15,0,261,31,0,0,0,0,1,0,1,0,0,0,5,0,17,0,7,0,0,0,0,0,0,0,0,0,11,0,0,0,0,0,0,0,7,0,0,0,0,0,0,0,0,0,0,0,0,0,7,0,0,0,0,0,0,0,0,0,0,0,0,0,0,0,0,0,0,0,0,0,0,0,0,0,9,0,22,0,0,0,10,0,0,0,0,0,0,0,0,0,0,0,4,0,0,0,21,0,18,0,34,0,19,0,0,0,0,0,0,0,0,0,0,0,64,0,24,0,0,0,0,0,0,0,10,0,228,67,70,0,42,0,11,0,23,0,60,17,0,0,0,0,0,0,0,0,0,0,0,0,0,0,0,0,0,0,6,0,5,0,0,0,0,0,0,0,0,0,76,69,35,11,4,14,167,10,60,0,17,12,26,0,0,0,0,0,10,0,0,0,3,0,3,0,46,0,0,0,0
1,106,0,4,87,60,0,0,0,7,0,235,277,0,29,0,0,0,211,12,18,52,0,0,0,0,346,76,0,0,0,20,0,0,24,93,0,76,0,0,89,255,8,179,6,52,21,70,1,3,16,237,0,0,0,0,0,0,0,0,0,0,0,0,0,4,0,0,0,8,0,0,0,0,0,0,0,0,0,0,0,6,0,0,0,0,0,0,0,0,0,0,0,0,0,0,0,0,0,0,0,0,0,0,0,0,0,0,0,0,0,0,0,0,0,0,0,0,0,0,0,0,0,0,0,0,0,0,0,0,0,0,0,0,0,0,0,4,0,0,0,0,0,0,0,0,0,0,0,0,0,19,0,26,0,0,0,0,0,0,0,0,0,0,0,37,0,0,0,22,0,0,0,0,0,10,12,258,5,31,0,16,0,3,0,16,8,104,0,0,0,0,0,0,0,0,0,0,0,0,0,0,0,0,0,0,0,0,0,2,0,2,0,0,0,0,0,0,23,334,0,12,0,58,0,185,0,66,0,52,0,23,0,0,0,1,0,0,0,0,0,0,0,2,0,30,0,0,0
14,32,187,45,100,332,13,0,0,0,45,158,43,29,0,507,33,2,220,110,318,28,299,14,45,3,264,9,0,0,144,21,134,19,50,24,192,6,3,0,6,0,9,0,4,0,7,0,0,0,30,0,0,0,50,0,0,0,0,0,0,0,5,0,3,0,1,0,0,0,0,0,0,0,0,0,0,0,0,0,15,0,0,0,0,0,0,0,0,0,0,0,0,0,0,0,0,0,0,0,0,0,0,0,0,0,0,0,0,0,0,0,0,0,0,0,0,0,0,0,8,0,2,0,3,0,9,0,0,0,0,0,0,0,68,0,78,0,0,0,9,0,67,0,1,0,25,0,23,0,23,0,16,0,1,0,0,0,0,0,0,0,0,0,16,0,164,0,39,0,1,0,66,0,0,0,16,33,5,3,4,0,1,0,41,0,0,1,0,0,0,0,0,0,0,0,0,0,0,0,15,0,0,0,0,0,0,0,15,0,0,0,0,0,0,0,0,0,0,0,80,0,0,0,28,9,81,0,131,0,59,0,37,0,5,0,11,0,18,0,17,0,17,0,73,0,0,0,0
30,84,113,319,335,91,0,38,0,7,270,28,56,0,507,0,13,60,14,270,59,217,183,408,0,168,0,35,0,3,14,103,20,33,0,25,12,50,0,0,0,0,0,5,0,0,0,0,0,0,0,8,0,4,0,36,0,0,0,0,0,0,0,36,0,0,0,0,0,0,0,0,0,0,0,0,0,5,0,0,0,19,0,0,0,48,0,14,0,0,0,23,0,0,0,11,0,22,0,17,0,19,0,5,0,0,0,0,0,0,0,0,0,0,0,0,0,0,0,0,0,9,0,8,0,0,0,0,1,0,0,0,0,0,0,131,0,167,0,0,0,2,0,51,0,0,0,1,0,0,0,4,0,0,0,5,0,0,0,0,0,0,0,0,0,0,0,19,0,0,0,0,0,27,0,0,11,42,24,68,0,0,0,0,0,21,1,6,0,0,0,0,0,0,0,0,0,0,0,0,0,0,0,0,0,0,0,1,0,24,0,0,0,0,0,5,0,0,0,0,8,88,0,4,0,8,0,184,4,139,2,43,0,52,0,10,0,2,1,15,1,2,0,4,0,50,0,0,0
97,103,133,30,25,0,21,22,8,7,22,0,9,0,33,13,0,0,42,0,323,0,116,47,105,111,73,0,135,8,177,0,176,1,33,0,19,1,168,0,0,0,18,0,28,0,1,0,0,0,4,0,57,0,29,0,0,0,0,0,34,0,371,0,0,0,1,0,0,0,93,0,0,0,126,0,0,0,0,0,141,0,0,0,202,0,41,0,0,0,186,0,0,0,30,0,211,0,367,0,45,0,0,0,0,0,0,0,0,0,0,0,0,0,0,0,0,0,0,0,126,0,76,0,2,0,0,0,0,0,0,0,6,0,28,0,37,0,47,0,95,0,137,0,32,0,0,0,0,0,0,0,0,0,18,0,0,0,16,0,1,0,0,0,0,0,12,0,8,0,0,0,64,0,0,0,0,3,0,0,0,0,0,7,0,0,0,0,0,0,0,0,0,0,0,0,0,0,2,0,8,0,0,0,0,0,0,0,0,0,0,0,0,0,0,0,0,0,4,0,49,0,0,0,10,0,33,6,56,0,8,2,29,0,4,0,0,0,10,0,3,0,5,0,30,0,0,0,0
37,135,30,37,0,1,0,8,6,13,0,17,0,0,2,60,0,0,0,55,0,230,77,224,38,296,2,19,0,130,0,87,0,29,0,9,0,18,0,60,0,0,0,0,0,0,0,0,0,0,0,20,1,35,0,47,0,35,0,0,0,12,3,245,0,0,0,0,0,0,0,0,0,0,0,0,0,4,0,6,0,70,0,9,0,194,0,44,0,0,0,46,0,0,0,18,0,12,0,31,0,65,0,0,0,0,0,5,0,0,0,0,0,0,0,0,0,0,0,0,0,14,0,16,0,0,0,0,0,23,0,6,0,38,0,140,0,231,0,72,0,105,0,244,0,10,0,0,0,0,0,0,0,0,0,25,0,3,0,20,0,7,0,2,0,2,0,1,0,0,0,0,0,11,0,0,0,21,0,41,0,0,0,17,0,0,0,0,0,0,0,0,0,0,0,0,0,0,0,0,0,3,0,0,0,0,0,0,0,0,0,0,0,0,0,5,0,1,0,0,0,25,0,0,0,6,0,81,0,21,0,0,0,0,0,0,0,0,0,0,0,1,1,0,0,3,0,0,0
0,0,53,0,53,62,1,0,5,0,9,15,79,211,220,14,42,0,0,250,125,24,176,0,14,0,88,131,0,0,32,3,0,4,130,27,31,23,0,0,2,4,52,8,5,4,4,0,1,0,192,30,7,0,15,0,0,0,0,0,0,0,0,0,2,0,0,0,0,0,0,0,0,0,0,0,0,1,0,0,19,0,0,0,0,0,0,0,0,0,20,0,0,0,0,0,15,0,0,0,6,0,0,0,0,0,0,0,0,0,0,0,0,0,0,0,0,0,0,0,0,0,0,0,0,0,0,0,0,0,0,0,0,0,0,0,20,0,0,0,0,0,35,0,0,1,12,0,10,0,8,0,10,0,2,0,0,0,1,0,0,0,0,0,50,0,21,0,21,0,0,0,0,0,3,0,38,21,4,0,11,0,0,0,13,0,0,19,0,0,0,0,0,0,0,0,0,0,0,0,7,0,0,0,0,0,0,0,0,0,0,0,0,0,0,0,0,0,15,13,16,0,0,0,158,11,62,1,18,12,37,0,0,0,0,0,7,0,0,0,0,0,8,0,22,0,0,0,0
0,79,0,168,163,97,0,21,0,14,14,20,348,12,110,270,0,55,250,0,52,273,6,137,2,56,141,130,0,1,6,118,0,12,38,265,15,92,0,2,11,6,9,65,0,13,3,10,0,0,26,129,0,8,0,13,0,0,0,2,0,0,0,44,0,13,0,1,0,0,0,0,0,0,0,3,0,0,0,0,0,55,0,0,0,88,0,43,0,0,0,34,0,0,0,17,0,0,0,23,0,49,0,0,0,0,0,0,0,0,0,0,0,0,0,0,0,0,0,0,0,0,0,16,0,0,0,0,0,0,0,0,0,0,0,78,0,91,0,0,0,0,0,0,0,10,0,0,0,14,0,17,0,12,0,0,0,1,0,0,0,0,0,0,0,58,0,19,0,18,0,0,0,18,0,0,13,47,15,21,0,0,0,3,0,63,2,48,0,0,0,0,0,4,0,0,0,0,0,11,0,0,0,0,0,0,0,0,0,26,0,0,0,0,0,12,0,0,0,58,0,46,0,5,0,156,0,81,0,153,0,43,0,79,0,7,0,4,0,19,0,5,0,2,0,55,0,0,0
17,0,81,10,168,30,0,0,0,0,125,15,38,18,318,59,323,0,125,52,0,5,195,8,39,0,145,9,25,0,125,0,72,2,104,8,15,6,0,0,0,0,34,3,28,0,1,0,0,0,78,0,0,0,17,0,1,0,0,0,0,0,58,0,0,0,0,0,0,0,50,0,2,0,30,0,0,0,0,0,63,0,0,0,0,0,0,0,0,0,0,0,0,0,0,0,52,0,136,0,13,0,0,0,0,0,0,0,0,0,0,0,0,0,0,0,0,0,0,0,53,0,0,0,0,0,0,0,0,0,0,0,0,0,29,0,17,0,0,0,0,0,54,0,15,0,0,0,0,0,0,0,7,0,0,0,0,0,0,0,0,0,0,0,18,0,49,0,0,0,0,0,23,0,0,0,13,3,0,0,0,0,2,0,7,0,0,4,0,0,0,0,0,0,0,0,0,0,0,0,0,0,0,0,0,0,0,0,0,0,0,0,0,0,7,0,3,0,0,3,75,0,0,0,50,2,115,4,64,0,68,0,39,0,4,0,9,0,16,0,18,0,11,0,83,0,0,0,0
1,18,0,58,18,216,0,0,0,0,11,103,38,52,28,217,0,230,24,273,5,0,0,241,0,51,21,89,0,25,0,67,0,8,9,53,0,15,0,0,0,0,0,182,0,38,1,0,0,0,0,109,0,0,0,30,0,0,0,0,0,3,0,63,0,4,0,0,0,0,0,3,0,0,0,0,0,0,0,0,0,71,0,0,0,143,0,35,0,15,0,32,0,0,0,18,0,11,0,33,0,45,0,0,0,0,0,0,0,0,0,0,0,0,0,0,0,0,0,0,0,31,0,34,0,0,0,3,0,0,0,0,0,0,0,0,0,56,0,26,0,65,0,133,0,10,0,3,0,0,0,0,0,0,0,3,0,5,0,0,0,0,0,1,1,11,0,11,0,0,0,2,0,0,0,0,3,27,0,45,0,0,0,0,0,0,0,26,0,0,0,0,0,0,0,0,0,0,0,0,0,0,0,0,0,0,0,0,0,0,0,0,0,0,0,0,0,0,0,24,0,25,0,2,0,60,0,43,0,60,0,45,0,47,0,3,0,0,0,6,0,0,0,4,0,46,0,0,0
85,431,416,188,101,39,38,21,0,0,10,107,0,0,299,183,116,77,176,6,195,0,0,182,165,125,62,0,32,20,69,0,90,14,15,1,18,8,22,11,0,0,3,0,0,0,1,0,0,0,6,0,34,0,94,0,0,0,0,0,0,0,33,0,0,0,0,0,0,0,0,0,0,0,11,0,0,0,0,0,23,0,0,0,89,0,0,0,0,0,88,0,0,0,0,0,75,0,89,0,0,0,0,0,0,0,15,0,0,0,0,0,0,0,0,0,0,0,0,0,14,0,0,0,0,0,0,0,0,0,0,0,5,0,109,0,129,0,0,0,18,0,157,0,0,0,12,0,0,0,0,0,6,0,12,0,0,0,0,0,0,0,0,0,0,0,17,0,12,0,0,1,51,0,0,0,17,27,0,0,2,0,0,26,3,0,0,0,0,0,0,0,0,0,0,0,0,0,0,0,30,0,0,0,0,0,0,0,0,0,0,0,0,0,14,0,0,0,0,0,74,13,0,0,0,0,80,18,67,0,26,0,45,0,0,0,3,0,16,0,0,0,0,2,43,0,0,0,0
99,88,80,292,17,108,7,8,0,0,15,76,0,0,14,408,47,224,0,137,8,241,182,0,49,335,0,19,0,30,3,77,5,10,0,9,0,26,3,11,0,0,0,25,0,4,0,0,0,0,0,17,0,4,0,19,0,4,0,0,0,0,0,41,0,0,0,0,0,0,0,1,0,0,0,0,0,2,0,5,0,23,0,10,0,68,0,0,0,0,0,43,0,0,0,0,0,15,0,24,0,36,0,0,0,0,0,5,0,0,0,0,0,0,0,0,0,0,0,0,0,16,0,0,0,1,0,0,0,0,0,0,0,7,0,90,0,66,0,3,0,0,0,27,0,1,0,0,0,0,0,0,0,0,0,6,0,0,0,0,0,0,0,0,0,1,0,0,0,2,0,0,0,21,0,0,0,42,1,84,0,0,0,3,0,0,0,0,0,0,0,0,0,0,0,0,0,0,0,0,0,0,0,0,0,0,0,0,0,8,0,0,0,0,0,0,0,0,0,0,0,40,0,0,0,0,0,319,0,45,0,15,0,30,0,0,0,0,0,8,0,1,0,0,3,17,0,0,0
25,199,159,42,0,0,336,103,7,164,0,0,3,0,45,0,105,38,14,2,39,0,165,49,0,440,14,0,9,11,18,0,6,1,0,0,0,0,25,18,0,0,0,0,0,0,0,0,0,0,0,0,101,0,98,11,1,0,0,0,19,0,172,20,1,0,0,0,0,0,2,0,0,0,0,0,0,0,0,0,0,0,0,0,110,0,0,0,0,0,58,0,0,0,0,0,114,0,55,0,0,0,0,0,0,0,0,0,0,0,0,0,0,0,0,0,0,0,0,0,0,0,17,0,0,0,6,1,12,0,0,0,7,0,56,0,93,0,32,0,43,0,153,0,3,0,1,0,0,0,0,0,1,0,38,0,0,0,21,0,0,0,0,0,0,0,0,0,0,0,7,0,36,5,0,0,4,12,0,0,0,0,0,56,0,0,0,0,0,0,0,0,0,0,0,0,0,0,0,0,15,0,0,0,0,0,0,0,10,0,0,0,0,0,22,0,0,0,0,0,38,8,0,0,10,0,25,0,44,0,9,0,22,0,1,0,0,0,15,0,7,0,2,0,34,0,0,0,0
201,82,62,79,4,11,150,95,265,36,0,0,0,0,3,168,111,296,0,56,0,51,125,335,440,0,0,0,3,202,0,26,0,43,0,10,2,34,6,206,0,0,0,0,0,0,0,0,0,0,0,5,34,21,134,99,0,32,0,1,0,51,45,73,0,0,0,0,0,0,2,0,0,0,1,0,0,1,0,0,0,4,0,0,0,30,0,0,0,0,0,16,0,0,0,5,0,12,0,1,0,15,0,0,0,0,0,3,0,0,0,0,0,0,0,0,0,0,0,0,0,0,0,0,0,0,0,13,0,7,0,5,0,26,0,157,2,346,0,16,0,1,3,79,0,0,0,0,0,0,0,0,0,0,0,65,0,0,0,9,0,2,0,0,0,0,0,0,0,4,0,10,7,57,0,0,1,19,0,0,0,0,0,0,0,1,0,0,0,0,0,1,0,0,0,0,0,0,0,0,0,14,0,0,0,0,0,0,0,31,0,0,0,0,0,29,0,0,0,0,8,162,0,0,1,10,4,46,10,140,2,9,4,125,0,8,0,0,5,29,0,1,0,3,0,91,0,0,0
16,0,42,0,80,23,11,0,7,1,21,0,136,346,264,0,73,2,88,141,145,21,62,0,14,0,0,299,36,1,51,2,0,0,51,13,41,8,0,0,15,97,346,53,88,33,9,60,4,0,305,37,0,0,0,0,1,0,0,0,0,0,0,0,5,0,0,0,0,0,62,0,0,0,33,0,0,0,0,0,0,0,32,0,0,0,0,0,0,0,0,0,0,0,0,0,0,0,69,0,0,0,7,0,0,0,0,0,0,0,0,0,0,0,0,0,0,0,0,0,53,0,0,0,4,0,0,0,0,0,0,0,0,0,13,0,19,0,0,0,0,0,0,0,21,0,0,0,0,0,7,0,9,0,0,0,0,0,0,0,0,0,0,0,120,4,9,0,19,2,0,0,6,0,0,0,29,29,15,0,14,0,0,0,16,0,6,8,0,0,0,0,0,0,0,0,0,0,0,0,0,0,0,0,0,0,0,0,0,0,0,0,0,0,0,0,0,0,355,125,8,0,9,31,246,10,27,0,16,0,0,0,0,0,0,0,0,0,3,0,0,0,0,0,14,0,0,0,0
1,111,0,28,22,60,0,0,0,10,0,51,296,76,9,35,0,19,131,130,9,89,0,19,0,0,299,0,0,0,0,24,0,0,0,65,0,18,0,2,104,57,12,375,8,129,18,46,0,5,18,234,0,0,0,8,0,0,0,1,0,0,0,0,0,18,0,2,0,19,0,1,0,0,0,0,0,5,0,0,0,0,0,0,0,0,0,21,0,0,0,5,0,0,0,11,0,0,0,0,0,7,0,0,0,0,0,0,0,0,0,0,0,0,0,0,0,0,0,0,0,10,0,0,0,0,0,2,0,2,0,0,0,0,0,0,0,0,0,0,0,5,0,0,0,0,0,4,0,10,0,0,0,15,0,0,0,1,0,0,0,0,0,0,0,107,0,5,0,58,0,0,0,5,0,2,11,52,2,0,0,0,0,2,0,30,13,55,0,0,0,0,0,0,0,0,0,5,0,0,0,0,0,0,0,0,0,0,0,0,0,0,0,0,0,0,0,0,0,451,0,10,0,72,4,212,0,99,0,57,0,27,0,0,0,6,0,1,0,2,0,0,0,2,0,17,0,0,0
49,0,184,0,0,0,32,0,0,0,0,0,0,0,0,0,135,0,0,0,25,0,32,0,9,3,36,0,0,0,23,0,8,0,34,0,18,0,6,0,0,0,50,0,0,0,0,0,0,0,11,0,0,0,1,0,0,0,0,0,4,0,30,0,0,0,0,0,0,0,31,0,0,0,20,0,0,0,0,0,39,0,0,0,19,0,13,0,0,0,31,0,0,0,6,0,23,0,91,0,6,0,0,0,0,0,0,0,0,0,0,0,0,0,0,0,0,0,0,0,33,0,15,0,0,0,0,0,0,0,0,0,0,0,0,0,5,0,32,0,33,0,27,0,28,0,0,0,0,0,0,0,0,0,4,0,3,0,1,0,0,0,0,0,0,0,0,0,0,0,0,0,1,0,0,0,1,0,0,0,0,0,0,0,0,0,0,0,0,0,0,0,0,0,0,0,0,0,0,0,0,0,0,0,0,0,0,0,0,0,0,0,0,0,0,0,0,0,0,0,0,0,0,0,0,0,0,0,0,0,0,0,0,0,0,0,0,0,0,0,0,0,0,0,2,0,0,0,0
13,199,7,29,1,3,0,73,0,8,1,14,0,0,0,3,8,130,0,1,0,25,20,30,11,202,1,0,0,0,0,6,0,9,0,3,0,8,0,25,0,0,0,11,0,0,0,0,0,0,0,1,0,4,0,25,0,0,0,0,0,6,2,28,0,0,0,0,0,0,0,0,0,0,0,2,0,0,0,1,0,12,0,0,0,45,0,6,0,0,0,7,0,0,0,0,0,7,0,7,0,9,0,0,0,0,0,0,0,0,0,0,0,0,0,0,0,0,0,0,0,0,0,7,0,0,0,0,0,20,0,0,0,16,0,43,0,88,0,109,0,127,0,101,0,17,0,0,0,0,0,6,0,0,0,23,0,0,0,29,0,1,0,0,0,0,0,0,0,0,0,0,0,1,0,0,0,35,0,28,0,0,0,12,0,4,0,0,0,0,0,0,0,0,0,0,0,0,0,0,0,0,0,0,0,0,0,0,0,0,0,0,0,0,0,0,0,0,0,0,0,0,0,0,0,0,0,27,0,4,0,0,0,0,0,0,0,0,0,0,0,0,0,0,0,0,0,0,0
10,0,31,0,87,0,0,0,0,0,38,7,24,0,144,14,177,0,32,6,125,0,69,3,18,0,51,0,23,0,0,0,5,0,62,0,10,0,6,0,0,0,45,0,1,0,0,0,0,0,28,0,0,0,7,0,0,0,0,0,0,0,42,0,0,0,0,0,0,0,44,0,0,0,23,0,0,0,0,0,0,0,0,0,0,0,24,0,0,0,0,0,0,0,0,0,0,0,80,0,0,0,0,0,0,0,1,0,0,0,0,0,0,0,0,0,0,0,0,0,31,0,0,0,0,0,0,0,0,0,0,0,0,0,0,0,3,0,0,0,12,0,0,0,7,0,0,0,0,0,2,0,0,0,2,0,0,0,0,0,0,0,0,0,0,0,38,0,0,0,0,0,6,0,1,0,11,1,6,0,1,0,0,0,3,0,0,0,0,0,0,0,0,0,0,0,0,0,0,0,0,0,0,0,0,0,0,0,0,0,0,0,0,0,0,0,0,0,0,0,19,0,0,0,12,0,34,0,30,0,19,0,20,0,0,0,2,0,0,0,0,0,3,0,44,0,0,0,0
0,27,0,29,15,161,0,0,0,3,3,79,2,20,21,103,0,87,3,118,0,67,0,77,0,26,2,24,0,6,0,0,0,1,0,32,1,9,0,1,0,0,0,48,0,12,0,0,0,0,0,15,0,1,0,8,0,4,0,0,0,0,0,14,0,0,0,1,0,0,0,0,0,0,0,0,0,0,0,1,0,0,0,0,0,56,0,14,0,7,0,11,0,0,0,0,0,0,0,0,0,0,0,0,0,0,0,0,0,0,0,0,0,0,0,0,0,0,0,0,0,5,0,11,0,0,0,0,0,0,0,0,0,6,0,29,0,15,0,11,0,17,0,43,0,9,0,0,0,0,0,0,0,2,0,0,0,0,0,0,0,0,0,0,0,0,0,6,0,0,0,0,0,1,0,0,1,20,0,67,0,0,0,0,0,0,0,4,0,0,0,0,0,0,0,0,0,0,0,0,0,0,0,0,0,0,0,0,0,0,0,0,0,0,0,1,0,0,0,0,0,14,0,0,0,0,0,18,0,16,0,9,0,0,0,0,0,0,0,0,0,0,0,0,0,12,0,0,0
117,0,200,0,286,6,3,0,1,0,219,0,22,0,134,20,176,0,0,0,72,0,90,5,6,0,0,0,8,0,5,0,0,0,7,0,39,0,0,0,0,0,6,0,1,0,0,0,0,0,4,0,7,0,7,0,0,0,0,0,1,0,35,0,0,0,0,0,0,0,45,0,0,0,26,0,0,0,0,0,46,0,0,0,17,0,33,0,0,0,0,0,0,0,10,0,27,0,90,0,6,0,0,0,0,0,0,0,0,0,0,0,0,0,0,0,0,0,0,0,22,0,10,0,0,0,0,0,0,0,0,0,0,0,0,0,0,0,19,0,11,0,15,0,19,0,0,0,3,0,0,0,0,0,0,0,1,0,0,0,0,0,0,0,0,0,22,0,0,0,0,0,18,0,0,0,11,0,18,0,2,0,9,0,3,0,0,0,0,0,0,0,0,0,0,0,0,0,0,0,0,0,0,0,0,0,0,0,0,0,0,0,0,0,3,0,0,0,0,0,58,0,0,0,0,0,44,0,40,0,19,0,22,0,2,0,0,0,11,0,8,0,0,0,41,0,0,0,0
0,102,3,81,21,111,0,18,0,1,6,161,1,0,19,33,1,29,4,12,2,8,14,10,1,43,0,0,0,9,0,1,0,0,0,9,0,56,0,1,0,0,0,8,0,0,0,1,0,0,0,5,0,0,0,7,0,2,0,0,0,7,0,4,0,0,0,0,0,0,0,0,0,0,0,0,0,0,0,1,0,6,0,0,0,28,0,6,0,8,0,5,0,0,0,0,0,0,0,3,0,4,0,0,0,0,0,0,0,0,0,0,0,0,0,0,0,0,0,0,0,7,0,6,0,0,0,0,0,0,0,0,0,0,0,17,0,18,0,5,0,20,0,35,0,10,0,0,0,4,0,0,0,0,0,0,0,6,0,0,0,0,0,0,0,0,0,10,0,0,0,0,0,3,0,0,1,54,1,142,0,0,0,3,0,0,0,4,0,0,0,0,0,0,0,0,0,0,0,0,0,0,0,0,0,0,0,0,0,0,0,0,0,0,0,0,0,0,0,0,0,14,0,0,0,7,0,49,0,15,0,3,0,4,0,0,0,0,0,1,0,0,0,0,0,8,0,0,0
0,0,5,0,56,5,0,0,0,0,4,1,172,24,50,0,33,0,130,38,104,9,15,0,0,0,51,0,34,0,62,0,7,0,0,3,92,0,0,0,0,0,40,3,0,0,0,0,0,0,90,0,0,0,4,0,0,0,0,0,0,0,0,0,2,0,0,0,0,0,34,0,2,0,4,0,3,0,0,0,21,1,0,0,0,0,15,0,0,0,9,0,0,0,0,0,0,0,39,0,3,0,0,0,0,0,0,0,0,0,0,0,1,0,0,0,0,0,0,0,27,0,0,0,0,0,0,0,0,0,0,0,0,0,0,0,0,0,0,0,0,0,0,0,0,0,0,0,0,0,3,0,0,0,0,0,0,0,0,0,0,0,0,0,52,0,28,0,29,0,4,0,11,0,0,0,12,3,23,0,0,0,0,0,0,0,0,0,0,0,0,0,0,0,0,0,0,0,0,0,0,0,0,0,0,0,0,0,0,0,0,0,0,0,0,0,0,0,23,0,20,0,0,0,135,0,81,0,20,0,25,0,0,0,0,0,7,0,3,0,0,0,3,0,43,0,0,0,0
0,4,0,0,20,95,0,0,0,0,0,60,21,93,24,25,0,9,27,265,8,53,1,9,0,10,13,65,0,3,0,32,0,9,3,0,1,67,0,0,0,0,0,20,0,5,0,0,0,0,0,16,0,0,0,18,0,0,0,0,0,7,0,12,0,0,0,0,0,0,0,5,0,0,0,0,0,0,0,0,0,35,0,0,0,72,0,0,0,0,0,0,0,0,0,0,0,0,0,10,0,13,0,0,0,0,0,0,0,0,0,0,0,0,0,0,0,0,0,0,0,34,0,39,0,0,0,0,0,0,0,0,0,0,0,0,0,0,0,10,0,38,0,61,0,14,0,0,0,0,0,0,0,0,0,0,0,6,0,0,0,0,0,0,0,11,0,8,0,0,0,6,0,5,0,0,0,50,0,21,0,0,0,0,0,0,0,37,0,0,0,0,0,0,0,0,0,0,0,0,0,0,0,0,0,0,0,0,0,0,0,0,0,0,0,0,0,0,0,17,0,20,0,0,0,53,0,19,0,38,0,28,0,28,0,0,0,0,0,0,0,0,0,0,0,22,0,0,0
51,0,55,3,312,6,13,0,1,0,138,0,128,0,192,12,19,0,31,15,15,0,18,0,0,2,41,0,18,0,10,1,39,0,92,1,0,0,19,0,1,0,60,0,10,0,0,0,0,0,77,0,0,0,0,0,6,0,5,0,10,0,9,0,0,0,0,0,0,0,138,0,0,0,29,0,0,0,0,0,86,0,0,0,0,0,47,0,0,0,15,0,0,0,0,0,15,0,93,0,7,0,0,0,0,0,0,0,0,0,0,0,0,0,0,0,0,0,0,0,63,0,0,0,0,0,0,0,0,0,0,0,0,0,0,0,0,0,64,0,55,0,16,0,94,0,0,0,0,0,0,0,7,0,0,0,11,0,5,0,2,0,21,0,29,0,58,0,32,0,28,0,53,0,0,0,20,2,51,0,4,0,0,0,2,0,0,0,0,0,0,0,0,0,0,0,0,0,0,0,0,0,0,0,0,0,0,0,0,0,0,0,0,0,9,0,0,0,0,0,42,2,0,0,43,0,65,0,74,1,16,0,0,0,8,0,1,0,6,0,5,0,7,0,31,0,0,0,0
0,177,0,46,0,117,0,29,0,11,7,116,7,76,6,50,1,18,23,92,6,15,8,26,0,34,8,18,0,8,0,9,0,56,0,67,0,0,0,11,0,0,0,34,0,7,0,0,0,0,3,40,0,0,0,9,0,4,0,0,0,40,0,1,0,4,0,0,0,0,0,5,0,0,0,5,0,0,0,4,0,44,0,0,0,67,0,32,0,0,0,0,0,0,0,11,0,6,0,15,0,0,0,0,0,0,0,4,0,0,0,0,0,0,0,0,0,0,0,0,0,38,0,55,0,0,0,0,0,0,0,0,0,4,0,34,0,27,0,38,0,93,0,63,0,43,0,1,0,0,0,0,0,0,0,0,0,23,0,0,0,0,0,0,0,4,0,3,0,7,0,16,0,15,0,0,0,72,0,77,0,3,0,8,0,0,0,46,0,0,0,0,0,0,0,0,0,0,0,0,0,0,0,0,0,0,0,0,0,0,0,0,0,0,0,1,0,0,0,9,0,23,0,0,0,45,0,183,0,71,0,0,0,26,0,4,0,0,0,5,0,0,0,0,0,18,0,0,0
212,0,296,0,23,0,152,0,12,0,3,0,0,0,3,0,168,0,0,0,0,0,22,3,25,6,0,0,6,0,6,0,0,0,0,0,19,0,0,0,0,0,2,0,0,0,0,0,0,0,0,0,2,0,3,0,0,0,0,0,0,0,52,0,0,0,0,0,0,0,21,0,0,0,11,0,0,0,0,0,0,0,0,0,0,0,0,0,0,0,0,0,0,0,0,0,0,0,0,0,0,0,0,0,0,0,0,0,0,0,0,0,0,0,0,0,0,0,0,0,16,0,9,0,0,0,0,0,0,0,0,0,0,0,0,0,7,0,71,0,39,0,0,0,50,0,0,0,0,0,0,0,0,0,9,0,12,0,10,0,0,0,0,0,0,0,7,0,2,0,10,0,43,0,0,0,7,0,4,0,0,0,1,0,0,0,0,0,0,0,0,0,0,0,0,0,0,0,0,0,0,0,0,0,0,0,0,0,0,0,0,0,0,0,0,0,0,0,0,0,8,0,0,0,0,0,19,0,7,0,0,0,0,0,0,0,0,0,0,0,3,0,0,0,7,0,0,0,0
0,333,0,16,0,0,4,209,0,81,0,6,0,0,0,0,0,60,0,2,0,0,11,11,18,206,0,2,0,25,0,1,0,1,0,0,0,11,0,0,0,0,0,3,0,0,0,0,0,0,0,0,0,0,0,5,0,0,0,0,0,12,1,14,0,0,0,0,0,0,0,0,0,0,0,0,0,0,0,0,0,0,0,0,0,0,0,0,0,0,0,0,0,0,0,0,0,0,0,2,0,0,0,0,0,0,0,0,0,0,0,0,0,0,0,0,0,0,0,0,0,0,0,0,0,0,0,0,0,0,0,0,0,0,0,16,0,14,0,38,0,16,0,8,0,6,0,0,0,0,0,0,0,0,0,3,0,5,0,7,0,0,0,0,0,0,0,0,0,0,0,1,0,30,0,0,0,27,0,8,0,0,0,20,0,4,0,0,0,0,0,0,0,0,0,0,0,0,0,0,0,0,0,0,0,0,0,0,0,2,0,0,0,0,0,0,0,0,0,0,0,0,0,0,0,0,0,85,1,5,0,0,0,0,0,0,0,0,0,0,0,0,1,0,1,0,0,0,0
5,0,21,0,33,1,5,0,2,0,7,1,214,89,6,0,0,0,2,11,0,0,0,0,0,0,15,104,0,0,0,0,0,0,0,0,1,0,0,0,0,86,52,24,90,21,9,69,68,0,8,3,0,0,2,0,0,0,0,0,0,0,0,0,0,0,0,0,0,0,0,0,0,0,0,0,1,0,0,0,0,0,0,0,0,0,0,0,0,0,0,0,0,0,0,0,0,0,0,0,0,0,0,0,0,0,0,0,0,0,0,0,0,0,0,0,0,0,0,0,0,0,0,0,1,0,0,0,0,0,0,0,0,0,0,0,0,0,0,0,0,0,0,0,0,0,3,0,2,0,0,0,0,0,0,0,0,0,0,0,0,0,0,0,50,0,0,0,0,0,0,0,0,0,0,0,11,8,3,0,1,0,0,0,2,0,18,2,0,0,0,0,0,0,0,0,0,0,0,0,0,0,0,0,1,0,0,0,0,0,0,0,0,0,0,0,0,0,275,82,1,0,94,63,0,1,0,0,3,0,0,0,0,0,0,0,0,0,0,0,0,0,0,0,0,0,0,0,0
0,64,0,3,0,26,0,0,0,0,0,61,32,255,0,0,0,0,4,6,0,0,0,0,0,0,97,57,0,0,0,0,0,0,0,0,0,0,0,0,86,0,0,63,21,86,24,41,4,87,0,13,0,0,0,0,0,0,0,0,0,0,0,0,0,2,0,0,0,2,0,0,0,0,0,0,0,0,0,0,0,0,0,2,0,0,0,0,0,0,0,0,0,0,0,0,0,0,0,0,0,0,0,0,0,0,0,0,0,0,0,0,0,0,0,0,0,0,0,0,0,0,0,0,0,0,0,0,0,0,0,0,0,0,0,0,0,0,0,0,0,0,0,0,0,0,0,1,0,0,0,4,0,0,0,0,0,0,0,0,0,0,0,0,0,23,0,0,0,0,0,0,0,0,0,0,1,133,0,5,0,0,0,0,0,2,11,1,0,0,0,0,0,0,0,0,0,0,0,0,0,0,0,0,0,0,0,1,0,0,0,0,0,0,0,0,0,0,78,120,0,1,10,371,0,0,0,2,0,0,0,0,0,0,0,0,0,0,0,0,0,0,0,0,0,0,0,0,0
0,0,0,0,0,0,3,0,0,0,1,0,105,8,9,0,18,0,52,9,34,0,3,0,0,0,346,12,50,0,45,0,6,0,40,0,60,0,2,0,52,0,0,0,116,3,48,1,2,0,90,0,0,0,0,0,0,0,1,0,0,0,11,0,0,0,1,0,0,0,23,0,0,0,10,0,0,0,0,0,0,0,0,0,0,0,0,0,0,0,0,0,0,0,0,0,8,0,0,0,0,0,0,0,0,0,0,0,0,0,0,0,0,0,0,0,1,0,0,0,17,0,0,0,0,0,0,0,0,0,0,0,1,0,0,0,0,0,0,0,0,0,0,0,0,0,0,0,2,0,0,0,0,0,0,0,0,0,0,0,2,0,3,0,37,0,3,0,0,0,12,0,6,0,0,0,7,0,48,0,0,0,1,0,1,0,10,0,0,0,0,0,0,0,0,0,0,0,0,0,0,0,0,0,0,0,0,0,0,0,0,0,0,0,2,0,0,0,165,7,5,0,12,0,92,0,8,0,48,0,7,0,0,0,1,0,6,0,4,0,0,0,1,0,11,0,0,0,0
0,4,1,3,0,4,0,0,0,0,0,0,31,179,0,5,0,0,8,65,3,182,0,25,0,0,53,375,0,11,0,48,0,8,3,20,0,34,0,3,24,63,0,0,0,66,0,35,0,0,0,102,0,0,0,8,0,0,0,0,0,0,0,0,0,0,0,0,0,0,0,3,0,4,0,0,0,0,1,0,0,0,0,0,0,0,0,16,0,5,0,0,0,0,0,8,0,0,0,0,0,0,0,0,0,0,0,0,0,0,0,0,0,0,0,0,0,0,0,0,0,22,0,27,0,0,0,0,0,0,0,0,0,0,0,0,0,0,0,0,0,30,0,45,0,16,0,0,0,1,0,0,0,0,0,0,0,6,0,0,0,0,0,0,0,31,0,0,0,17,0,7,0,1,0,0,0,10,0,0,0,0,0,0,0,0,0,31,0,0,0,0,0,0,0,4,0,0,0,0,0,0,0,0,0,0,0,0,0,0,0,0,0,0,0,0,0,0,0,67,0,6,0,16,0,49,0,18,0,0,0,7,0,0,0,1,0,0,0,1,0,0,0,0,0,0,0,0,0
4,0,3,0,0,0,0,0,0,0,0,0,18,6,4,0,28,0,5,0,28,0,0,0,0,0,88,8,0,0,1,0,1,0,0,0,10,0,0,0,90,21,116,0,0,2,62,13,27,1,20,0,0,0,5,0,0,0,0,0,1,0,0,0,1,0,0,0,3,0,54,0,0,0,0,0,0,0,0,0,0,0,11,0,0,0,0,0,5,0,0,0,2,0,0,0,0,0,0,0,0,0,0,0,0,0,0,0,0,0,0,0,0,0,0,0,0,0,0,0,0,0,0,0,0,0,0,0,0,0,0,0,0,0,0,0,0,0,0,0,0,0,0,0,0,0,0,0,0,0,0,0,4,0,0,0,0,0,0,0,3,0,8,0,108,1,7,0,0,0,6,0,4,0,2,0,2,0,7,0,1,0,0,0,0,0,6,0,5,0,0,0,0,0,0,0,0,0,0,0,0,0,0,0,0,0,0,0,0,0,0,0,0,0,0,0,1,0,119,9,0,0,33,9,21,0,0,0,18,0,0,0,0,0,0,0,0,0,2,0,0,0,0,0,9,0,0,0,0
0,10,0,0,0,4,0,0,0,0,0,6,15,52,0,0,0,0,4,13,0,38,0,4,0,0,33,129,0,0,0,12,0,0,0,5,0,7,0,0,21,86,3,66,2,0,5,103,0,14,0,47,0,0,0,0,0,0,0,0,0,0,0,0,0,3,0,0,0,9,0,0,0,1,0,0,0,0,0,0,0,0,0,6,0,0,0,16,0,0,0,0,0,0,0,4,0,0,0,0,0,0,0,0,0,0,0,0,0,0,0,0,0,0,0,0,0,0,0,0,0,0,0,3,0,0,0,1,0,0,0,0,0,0,0,0,0,0,0,0,0,0,0,10,0,5,0,0,0,0,0,5,0,0,0,0,0,0,0,0,0,0,0,0,0,62,0,0,0,22,0,0,0,0,0,0,0,4,1,0,0,0,0,0,0,7,1,5,0,0,0,0,0,0,0,0,0,0,0,0,0,0,0,0,0,0,0,0,0,0,0,0,0,0,0,0,0,2,9,139,0,3,0,72,0,31,0,12,0,21,0,0,0,5,0,0,0,0,0,0,0,0,0,0,0,3,0,0,0
0,0,7,0,7,3,2,0,0,0,0,0,47,21,7,0,1,0,4,3,1,1,1,0,0,0,9,18,0,0,0,0,0,0,0,0,0,0,0,0,9,24,48,0,62,5,0,16,13,0,3,0,0,0,0,0,0,0,0,0,0,0,0,0,0,0,0,0,0,0,0,0,0,0,0,0,0,0,0,0,0,0,0,0,0,0,1,0,0,0,0,0,0,0,0,0,0,0,0,0,0,0,0,0,0,0,0,0,0,0,0,0,0,0,0,0,0,0,0,0,0,0,0,0,0,0,1,0,0,0,0,0,0,0,0,0,0,0,0,0,0,0,0,0,0,0,0,0,0,0,1,0,0,0,0,0,0,0,0,0,0,0,0,0,26,0,1,0,1,0,0,0,0,0,0,0,0,3,1,0,0,0,0,0,0,0,4,0,0,0,0,0,0,0,0,0,0,0,0,0,0,0,0,0,0,0,0,0,0,0,0,0,0,0,0,0,0,0,164,26,0,0,24,15,0,0,2,0,0,0,1,0,0,0,0,0,0,0,0,0,0,0,0,0,0,0,0,0,0
0,23,0,3,0,11,0,0,0,1,0,12,27,70,0,0,0,0,0,10,0,0,0,0,0,0,60,46,0,0,0,0,0,1,0,0,0,0,0,0,69,41,1,35,13,103,16,0,0,39,0,6,0,0,0,0,0,0,0,0,0,0,0,0,0,0,0,0,0,0,0,0,0,0,0,0,0,0,0,0,0,0,0,0,0,0,0,0,0,2,0,0,0,0,0,0,0,0,0,0,0,0,0,0,0,0,0,0,0,0,0,0,0,0,0,1,0,1,0,0,0,0,0,0,0,0,0,0,0,0,0,0,0,0,0,0,0,0,0,0,0,0,0,0,0,0,0,0,0,0,0,0,0,0,0,0,0,0,0,0,0,0,0,0,0,59,0,0,0,0,0,0,0,0,0,0,0,28,0,0,0,0,0,0,0,0,0,1,0,0,0,0,0,0,0,0,0,0,0,0,0,0,0,0,0,0,0,0,0,1,0,0,0,0,0,0,0,0,19,270,0,0,3,257,0,4,0,4,0,0,0,1,0,0,0,0,0,0,0,0,0,0,0,0,0,0,0,0,0
1,0,0,0,0,0,0,0,1,0,0,0,15,1,0,0,0,0,1,0,0,0,0,0,0,0,4,0,0,0,0,0,0,0,0,0,0,0,0,0,68,4,2,0,27,0,13,0,0,0,2,0,0,0,2,0,6,0,0,0,0,0,0,0,1,0,0,0,1,0,0,0,0,0,0,0,0,0,0,0,0,0,8,0,0,0,0,0,1,0,2,0,3,0,9,0,2,0,0,0,2,0,3,0,3,0,0,0,0,0,0,0,0,0,0,0,0,0,0,0,0,0,0,0,0,0,0,0,1,0,0,0,0,0,0,0,1,0,0,0,0,0,0,0,0,0,0,0,0,0,0,0,0,0,0,0,0,0,0,0,4,0,1,0,4,0,4,0,0,0,0,0,0,0,3,0,4,0,9,0,5,0,0,0,0,0,49,0,0,0,5,0,10,0,1,0,6,0,0,0,0,0,0,0,0,0,3,0,2,0,0,0,1,0,3,0,10,0,42,0,22,0,28,4,8,0,10,0,14,0,1,0,2,0,3,0,0,0,0,0,5,0,0,0,4,0,0,0,0
0,0,0,0,0,0,0,0,0,0,0,3,0,3,0,0,0,0,0,0,0,0,0,0,0,0,0,5,0,0,0,0,0,0,0,0,0,0,0,0,0,87,0,0,1,14,0,39,0,0,0,0,0,0,0,0,0,0,0,0,0,0,0,0,0,0,0,0,0,5,0,0,0,0,0,0,0,0,0,0,0,0,0,3,0,0,0,2,0,1,0,0,0,4,0,2,0,0,0,0,0,0,0,0,0,0,0,0,0,0,0,0,0,0,0,0,0,0,0,0,0,0,0,0,0,0,0,0,0,0,0,0,0,0,0,0,0,0,0,0,0,0,0,0,0,0,0,0,0,0,0,0,0,0,0,0,0,0,0,0,0,0,0,0,0,1,0,2,0,1,0,0,0,0,0,0,0,16,0,3,0,1,0,0,0,0,0,6,0,0,0,0,0,0,0,0,0,0,0,0,0,0,0,0,0,1,0,0,0,0,0,0,0,0,0,0,0,0,6,1,0,2,1,42,0,4,0,0,0,3,0,0,0,0,0,0,0,0,0,0,0,0,0,0,0,0,0,0,0
0,0,4,0,43,7,0,0,0,0,10,0,261,16,30,0,4,0,192,26,78,0,6,0,0,0,305,18,11,0,28,0,4,0,90,0,77,3,0,0,8,0,90,0,20,0,3,0,2,0,0,0,0,0,0,0,0,0,7,0,0,0,4,0,0,0,0,0,6,0,28,0,0,0,9,0,13,0,2,0,28,0,25,0,0,0,22,0,0,0,0,0,0,0,13,0,4,0,32,0,0,0,0,0,0,0,0,0,0,0,0,0,0,0,0,0,0,0,0,0,7,0,0,0,0,0,0,0,0,0,0,0,0,0,0,0,0,0,0,0,0,0,0,0,3,0,0,0,0,0,9,0,0,0,0,0,0,0,0,0,1,0,5,0,61,0,14,0,43,0,12,0,29,0,0,0,26,0,68,0,0,0,0,0,2,0,11,2,0,0,0,0,0,0,0,0,0,0,0,0,0,0,0,0,0,0,0,0,0,0,0,0,0,0,0,0,0,0,48,0,50,0,6,0,148,2,49,0,23,0,27,0,20,0,10,0,13,0,16,0,4,0,0,0,47,0,0,0,0
0,0,0,5,6,18,0,0,0,1,2,6,31,237,0,8,0,20,30,129,0,109,0,17,0,5,37,234,0,1,0,15,0,5,0,16,0,40,0,0,3,13,0,102,0,47,0,6,0,0,0,0,0,0,0,19,0,5,0,0,0,8,0,0,0,0,0,0,0,2,0,11,0,2,0,0,0,0,0,3,0,60,0,13,0,62,0,43,0,0,0,16,0,2,0,11,0,0,0,11,0,16,0,0,0,3,0,0,0,0,0,0,0,0,0,0,0,1,0,0,0,33,0,50,0,0,0,0,0,3,0,0,0,0,0,0,0,0,0,7,0,22,0,34,0,26,0,0,0,0,0,0,0,0,0,0,0,0,0,1,0,5,0,6,0,15,0,0,0,21,0,13,0,7,0,0,0,19,0,7,0,0,0,0,0,0,0,71,0,0,0,0,0,0,0,0,0,0,0,0,0,0,0,0,0,0,0,0,0,0,0,0,0,0,0,1,0,0,5,31,0,25,0,9,0,57,0,37,0,25,0,20,0,23,0,5,0,0,0,8,0,0,0,0,0,23,0,0,0
3,0,8,0,2,0,188,22,131,170,0,0,0,0,0,0,57,1,7,0,0,0,34,0,101,34,0,0,0,0,0,0,7,0,0,0,0,0,2,0,0,0,0,0,0,0,0,0,0,0,0,0,0,9,266,77,68,0,76,38,47,2,90,14,0,0,11,68,0,0,7,0,0,0,13,0,0,0,0,0,26,0,0,0,72,0,10,0,7,0,25,0,0,0,0,0,54,0,42,0,8,0,0,0,0,0,3,0,0,0,0,0,0,0,0,0,0,0,0,0,9,0,31,0,1,0,0,0,54,0,7,0,12,0,9,0,70,0,291,0,137,0,105,0,25,0,1,0,0,0,0,0,0,0,188,6,80,0,249,1,10,0,0,0,0,0,1,0,6,0,65,0,4,0,0,1,2,4,1,0,0,1,0,1,4,12,0,0,0,0,0,0,0,0,0,0,0,0,0,0,0,0,0,0,0,0,0,0,0,0,0,0,0,0,75,5,0,0,9,0,73,0,0,0,24,0,22,0,88,4,5,0,54,0,5,0,0,0,39,0,5,0,6,0,68,1,0,0,0
0,2,0,0,0,0,7,6,30,29,0,0,0,0,0,4,0,35,0,8,0,0,0,4,0,21,0,0,0,4,0,1,0,0,0,0,0,0,0,0,0,0,0,0,0,0,0,0,0,0,0,0,9,0,12,93,1,71,14,17,0,15,0,40,0,0,5,4,0,0,0,0,0,0,0,0,0,0,0,0,0,0,0,0,0,3,0,0,0,0,0,0,0,0,0,0,0,0,0,0,0,0,0,0,0,0,0,0,0,0,0,0,0,0,0,0,0,0,0,0,0,0,0,0,0,0,0,0,0,20,0,8,0,10,0,13,1,58,0,64,0,14,0,20,0,13,0,0,0,0,0,1,0,0,3,56,0,32,0,44,0,3,0,0,0,0,0,0,0,0,0,0,0,1,0,0,2,2,0,0,0,0,0,0,1,1,0,0,0,0,0,0,0,0,0,0,0,0,0,0,0,0,0,0,0,0,0,1,0,2,0,0,0,0,0,11,0,0,0,0,0,9,0,1,0,0,0,5,0,13,0,0,0,6,0,0,0,0,0,3,0,0,0,0,0,12,0,0,0
12,8,35,0,5,0,244,44,131,246,0,0,0,0,50,0,29,0,15,0,17,0,94,0,98,134,0,0,1,0,7,0,7,0,4,0,0,0,3,0,2,0,0,0,5,0,0,0,2,0,0,0,266,12,0,48,64,0,57,0,88,3,102,34,23,0,34,27,0,0,2,0,0,0,3,0,0,0,0,0,0,0,0,0,25,0,0,0,0,0,15,0,0,0,0,0,11,0,0,0,1,0,0,0,0,0,0,0,0,0,0,0,0,0,0,0,0,0,0,0,0,0,0,0,15,0,18,0,60,0,111,0,26,1,61,1,135,0,25,0,28,0,104,0,0,0,5,0,7,0,6,0,0,0,109,3,23,0,42,0,83,0,0,0,0,0,3,0,18,0,98,0,27,0,0,0,6,11,0,0,0,0,0,9,0,0,0,0,0,0,0,0,0,0,0,0,0,0,0,0,12,0,0,0,0,0,6,0,14,0,22,0,16,0,230,0,0,0,8,0,178,1,51,0,53,0,49,2,287,0,17,0,153,0,17,0,0,0,98,0,18,0,9,0,218,0,0,0,0
3,16,0,57,0,0,35,101,143,80,0,0,0,0,0,36,0,47,0,13,0,30,0,19,11,99,0,8,0,25,0,8,0,7,0,18,0,9,0,5,0,0,0,8,0,0,0,0,0,0,0,19,77,93,48,0,0,229,43,18,0,32,6,65,1,0,42,1,0,0,0,0,0,0,0,0,0,0,0,0,0,0,0,0,0,0,0,0,0,0,0,0,0,0,0,0,0,0,0,0,0,0,0,0,0,0,0,0,0,0,0,0,0,0,0,0,0,0,0,0,0,0,0,0,0,20,0,18,0,24,0,10,0,38,0,30,0,110,0,11,0,0,0,11,0,0,0,3,0,5,0,6,0,0,9,90,0,31,0,19,0,32,0,0,0,10,0,0,0,11,0,116,1,61,0,0,0,0,0,0,0,0,0,0,2,6,0,0,0,0,0,0,0,0,0,0,0,0,0,0,0,0,0,0,0,0,0,0,0,38,0,34,0,4,0,386,0,0,0,9,0,476,0,34,0,27,0,22,0,533,0,4,1,296,0,52,0,3,0,35,0,0,0,0,0,148,0,0,0
0,0,0,0,0,0,13,0,7,0,0,0,1,0,0,0,0,0,0,0,1,0,0,0,1,0,1,0,0,0,0,0,0,0,0,0,6,0,0,0,0,0,0,0,0,0,0,0,6,0,0,0,68,1,64,0,0,0,198,36,7,0,8,0,12,31,18,38,0,1,0,0,0,0,0,0,0,1,0,0,0,0,0,0,0,3,0,0,0,0,0,0,0,0,0,0,0,0,0,0,0,0,0,0,0,0,0,0,0,0,0,0,0,0,0,0,0,0,0,0,0,0,0,1,8,0,0,0,36,0,76,3,10,0,37,0,15,0,13,8,0,2,13,0,11,7,2,0,6,0,3,0,1,1,204,0,44,0,113,15,99,28,78,0,4,0,3,0,58,0,69,0,0,0,2,8,2,0,0,0,6,12,0,0,6,0,0,0,0,0,0,0,0,0,0,0,1,0,0,0,0,0,0,0,0,0,2,0,11,0,32,0,37,0,456,0,0,0,39,0,301,0,212,0,115,0,86,0,542,0,11,0,225,0,261,0,0,0,133,0,10,0,12,0,285,0,0,0,0
0,2,0,0,0,0,0,20,0,23,0,0,0,0,0,0,0,35,0,0,0,0,0,4,0,32,0,0,0,0,0,4,0,2,0,0,0,4,0,0,0,0,0,0,0,0,0,0,0,0,0,5,0,71,0,229,0,0,9,118,0,0,0,41,0,0,10,0,0,0,0,0,0,0,0,0,0,0,0,0,0,0,0,0,0,0,0,0,0,0,0,0,0,0,0,0,0,0,0,0,0,0,0,0,0,0,0,0,0,0,0,0,0,0,0,0,0,0,0,0,0,0,0,0,0,2,0,8,0,13,0,10,0,23,0,22,0,84,0,38,0,0,0,10,0,12,0,0,0,0,0,5,0,0,2,205,0,26,0,53,0,47,0,0,0,0,0,0,0,12,0,81,0,3,0,0,0,0,0,0,0,0,0,0,0,1,0,0,0,0,0,0,0,0,0,0,0,0,0,4,0,0,0,0,0,0,0,0,0,20,0,0,0,2,0,202,0,0,0,9,0,196,0,20,0,20,0,12,0,419,0,0,0,58,0,86,0,0,0,3,0,2,0,0,0,40,0,0,0
3,0,6,0,0,0,2,0,3,29,1,0,1,0,0,0,0,0,0,0,0,0,0,0,0,0,0,0,0,0,0,0,0,0,0,0,5,0,0,0,0,0,1,0,0,0,0,0,0,0,7,0,76,14,57,43,198,9,0,234,46,0,20,2,94,37,223,181,0,0,0,0,0,0,0,0,0,0,0,0,0,0,0,0,0,0,0,0,0,2,0,0,0,0,1,0,0,0,0,0,0,0,0,0,0,0,0,0,0,0,0,0,0,0,0,0,0,0,0,0,0,1,0,0,0,0,0,1,1,0,2,0,0,0,0,0,0,0,7,12,0,0,0,0,11,25,0,0,0,0,0,0,0,0,68,5,77,0,6,32,46,17,10,0,0,0,0,0,31,0,38,0,0,0,2,22,39,0,0,0,26,46,0,0,15,67,0,0,0,0,0,0,0,0,0,0,0,0,0,0,0,0,0,0,0,0,0,0,0,0,37,0,32,0,548,0,0,0,30,0,330,0,169,0,73,0,99,0,301,0,17,0,323,0,214,0,3,0,207,0,22,0,28,0,401,0,0,0,0
0,14,0,2,0,0,0,10,34,21,0,0,0,0,0,0,0,0,0,2,0,0,0,0,0,1,0,1,0,0,0,0,0,0,0,0,0,0,0,0,0,0,0,0,0,0,0,0,0,0,0,0,38,17,0,18,36,118,234,0,0,10,0,17,14,125,203,107,0,0,0,2,0,0,0,3,0,0,0,1,0,7,0,2,0,0,0,3,0,2,0,0,0,0,0,0,0,0,0,0,0,1,0,0,0,0,0,0,0,0,0,0,0,0,0,0,0,0,0,0,0,4,0,1,0,8,0,4,0,8,0,47,0,5,0,11,0,13,0,6,0,1,0,0,0,34,0,2,0,11,0,0,0,0,53,40,0,103,0,11,3,28,0,0,0,0,0,0,0,13,0,35,0,7,0,8,3,8,0,0,0,34,0,0,8,135,0,0,0,0,0,0,0,0,0,0,0,0,0,0,0,0,0,0,0,0,0,0,0,10,0,11,0,11,0,804,0,0,0,21,0,516,0,0,0,55,0,255,0,568,0,9,0,415,1,625,0,1,0,76,0,0,0,16,2,438,0,0,0
18,1,27,0,0,0,370,1,129,0,0,0,0,0,0,0,34,0,0,0,0,0,0,0,19,0,0,0,4,0,0,0,1,0,0,0,10,0,0,0,0,0,0,0,1,0,0,0,0,0,0,0,47,0,88,0,7,0,46,0,0,0,71,0,0,0,0,0,0,0,9,0,0,0,4,0,0,0,3,0,0,0,0,0,0,0,0,0,0,0,0,0,0,0,0,0,0,0,0,0,0,0,0,0,0,0,0,0,0,0,0,0,0,0,0,0,0,0,0,0,7,0,3,0,0,0,0,0,1,0,0,0,0,0,0,0,0,0,130,0,57,0,0,0,87,0,0,0,0,0,0,0,0,0,20,0,33,0,14,0,0,0,9,0,0,0,0,0,6,0,106,0,28,0,0,0,5,1,0,0,0,0,0,0,0,0,0,0,0,0,0,0,0,0,0,0,0,0,0,0,0,0,0,0,0,0,0,0,1,0,0,0,0,0,32,0,0,0,4,0,55,0,7,0,12,0,47,0,66,0,0,0,21,0,2,0,0,0,21,0,6,0,7,0,43,0,0,0,0
0,47,0,0,0,0,0,123,0,208,0,0,0,0,0,0,0,12,0,0,0,3,0,0,0,51,0,0,0,6,0,0,0,7,0,7,0,40,0,12,0,0,0,0,0,0,0,0,0,0,0,8,2,15,3,32,0,0,0,10,0,0,0,38,0,0,0,1,0,0,0,2,0,0,0,1,0,0,0,0,0,1,0,0,0,2,0,0,0,0,0,0,0,0,0,0,0,0,0,0,0,0,0,0,0,0,0,0,0,0,0,0,0,0,0,0,0,0,0,0,0,3,0,3,0,0,0,0,0,4,0,0,0,0,0,0,0,3,0,53,0,54,0,10,0,80,0,0,0,0,0,0,0,0,0,5,0,81,0,6,0,0,0,0,0,0,0,0,0,1,0,36,0,15,0,0,0,50,0,0,0,0,0,5,0,0,0,0,0,0,0,0,0,0,0,0,0,0,0,0,0,0,0,0,0,0,0,0,0,0,0,0,0,0,0,15,0,0,0,0,0,8,0,0,0,0,0,70,0,23,0,0,0,31,0,0,0,0,0,10,0,0,0,0,0,25,0,0,0
24,17,19,5,0,0,293,0,192,23,0,0,5,0,5,0,371,3,0,0,58,0,33,0,172,45,0,0,30,2,42,0,35,0,0,0,9,0,52,1,0,0,11,0,0,0,0,0,0,0,4,0,90,0,102,6,8,0,20,0,71,0,0,0,0,0,0,0,0,0,38,0,0,0,35,0,0,0,0,0,41,0,0,0,47,0,0,0,0,0,23,0,0,0,0,0,40,0,60,0,0,0,0,0,0,0,0,0,0,0,0,0,0,0,0,0,0,0,0,0,37,0,30,0,0,0,0,0,0,0,0,0,0,0,0,0,11,0,112,0,103,0,57,0,48,0,0,0,0,0,0,0,0,0,63,0,9,0,38,0,0,0,3,0,0,0,0,0,0,0,9,0,9,0,0,0,2,3,0,0,0,0,0,1,0,0,0,0,0,0,0,0,0,0,0,0,0,0,0,0,0,0,0,0,0,0,0,0,0,0,0,0,0,0,0,0,0,0,0,0,18,0,0,0,0,0,28,0,20,0,0,0,11,0,2,0,1,0,5,0,0,0,0,0,16,0,0,0,0
5,8,1,0,0,0,20,102,63,227,0,0,0,0,0,36,0,245,0,44,0,63,0,41,20,73,0,0,0,28,0,14,0,4,0,12,0,1,0,14,0,0,0,0,0,0,0,0,0,0,0,0,14,40,34,65,0,41,2,17,0,38,0,0,0,0,2,2,0,0,0,0,0,0,0,0,0,0,0,0,1,0,0,0,0,0,0,0,0,0,0,0,0,0,0,0,0,0,0,0,0,0,0,0,0,0,0,0,0,0,0,0,0,0,0,0,0,0,0,0,0,2,0,0,0,0,0,0,0,11,0,1,0,10,0,0,0,35,0,36,0,18,0,23,0,12,0,0,0,0,0,0,0,0,3,36,0,36,0,42,0,3,0,0,0,0,0,0,0,0,0,3,0,8,0,0,0,33,0,0,0,0,0,0,0,1,0,0,0,0,0,0,0,0,0,0,0,0,0,0,0,0,0,0,0,0,0,0,0,0,0,0,0,0,0,20,0,0,0,0,0,18,0,0,0,1,0,31,0,21,0,1,0,20,0,2,0,0,0,13,0,0,0,0,0,22,0,0,0
12,1,3,0,11,0,13,1,97,0,6,0,17,0,3,0,0,0,2,0,0,0,0,0,1,0,5,0,0,0,0,0,0,0,2,0,0,0,0,0,0,0,0,0,1,0,0,0,1,0,0,0,0,0,23,1,12,0,94,14,0,0,0,0,0,42,41,12,0,0,0,1,0,0,2,0,0,0,0,0,0,2,0,0,0,0,0,1,0,0,0,1,0,0,0,0,0,0,0,0,0,0,0,0,0,0,0,0,0,0,0,0,0,0,0,0,0,0,0,0,0,0,0,3,4,0,5,0,0,0,8,16,0,0,1,0,0,1,7,17,0,2,0,0,35,17,13,0,29,11,8,0,0,0,0,4,0,0,0,9,94,53,5,0,0,0,0,0,0,0,0,0,0,0,40,40,5,0,2,0,49,9,0,0,10,3,0,0,0,0,0,0,0,0,0,0,0,0,0,0,0,1,0,0,0,0,0,0,2,0,0,0,1,0,0,0,0,0,0,0,0,0,0,0,0,0,8,1,10,0,0,0,9,0,46,0,1,0,32,0,0,0,0,0,13,1,0,0,0
0,91,0,4,0,35,0,0,0,145,0,34,0,4,0,0,0,0,0,13,0,4,0,0,0,0,0,18,0,0,0,0,0,0,0,0,0,4,0,0,0,2,0,0,0,3,0,0,0,0,0,0,0,0,0,0,31,0,37,125,0,0,0,0,42,0,24,243,0,0,0,15,0,0,0,11,0,0,0,0,0,8,0,0,0,0,0,0,0,0,0,0,0,0,0,0,0,1,0,2,0,3,0,0,0,0,0,1,0,0,0,0,0,0,0,0,0,0,0,0,0,8,0,10,0,35,0,22,0,2,38,41,0,1,0,12,0,33,18,4,0,8,0,0,13,101,5,40,23,160,0,83,0,5,10,0,0,0,11,1,84,115,0,0,0,0,0,2,0,4,0,0,0,0,14,148,0,7,0,0,6,135,0,8,0,74,0,0,0,0,0,3,0,1,0,0,0,1,0,0,0,0,0,0,0,0,0,7,0,21,0,0,0,0,0,0,0,0,0,0,0,0,0,0,0,3,0,92,0,43,0,0,0,0,0,124,0,0,0,19,0,2,0,0,0,47,0,0,0
7,0,2,0,1,0,17,0,99,27,0,0,7,0,1,0,1,0,0,0,0,0,0,0,0,0,0,0,0,0,0,0,0,0,0,0,0,0,0,0,0,0,1,0,0,0,0,0,0,0,0,0,11,5,34,42,18,10,223,203,0,0,0,2,41,24,0,116,0,0,0,0,0,0,0,0,0,0,0,0,0,0,0,0,0,0,0,0,0,0,0,0,0,0,0,0,0,0,0,0,0,0,0,0,0,0,0,0,0,0,0,0,0,0,0,0,0,0,0,0,0,0,0,0,0,0,3,0,0,0,10,0,0,0,0,0,0,0,3,0,0,0,0,0,1,4,2,0,2,0,0,0,0,0,10,6,5,0,2,10,28,8,0,0,0,0,0,0,0,0,0,0,0,0,1,5,117,0,0,0,18,21,0,0,83,60,0,0,0,0,0,0,0,0,0,0,0,0,0,0,0,0,0,0,0,0,1,0,1,0,0,0,0,0,50,0,0,0,1,0,37,0,7,0,7,0,6,0,0,0,1,0,56,0,21,0,0,0,14,0,1,0,0,0,45,0,0,0,0
0,25,0,2,0,0,11,1,46,107,0,2,0,0,0,0,0,0,0,1,0,0,0,0,0,0,0,2,0,0,0,1,0,0,0,0,0,0,0,0,0,0,0,0,0,0,0,0,0,0,0,0,68,4,27,1,38,0,181,107,0,1,0,2,12,243,116,0,0,0,0,2,0,1,0,0,0,0,0,0,0,3,0,0,0,0,0,0,0,0,0,0,0,0,0,0,0,0,0,0,0,0,0,0,0,0,0,0,0,0,0,0,0,0,0,0,0,0,0,0,0,0,0,0,0,5,0,0,0,0,0,26,0,5,0,0,0,0,5,2,0,0,0,0,3,23,0,3,0,12,0,5,0,0,60,3,0,6,0,0,4,26,0,0,0,0,0,0,0,0,0,0,0,0,0,14,25,107,0,0,0,83,0,9,10,359,0,0,0,0,0,0,0,0,0,0,0,0,0,0,0,0,0,0,0,0,0,0,0,0,1,2,0,0,0,60,0,0,0,0,0,37,0,0,0,4,0,93,0,24,0,1,0,48,0,126,0,0,0,21,0,0,0,3,0,96,0,0,0
0,0,0,0,0,0,0,0,0,0,0,0,0,0,0,0,0,0,0,0,0,0,0,0,0,0,0,0,0,0,0,0,0,0,0,0,0,0,0,0,0,0,0,0,3,0,0,0,1,0,6,0,0,0,0,0,0,0,0,0,0,0,0,0,0,0,0,0,0,0,0,0,0,0,0,0,131,0,20,0,0,0,30,0,0,0,19,0,13,0,8,0,12,0,10,0,0,0,0,0,0,0,116,0,0,0,14,0,20,0,2,0,0,0,12,0,10,0,0,0,0,0,0,0,0,0,0,0,0,0,0,0,0,0,0,0,0,0,0,0,0,0,0,0,0,0,0,0,0,0,0,0,3,0,0,0,0,0,0,0,0,0,0,0,28,0,0,0,40,0,0,0,0,0,0,0,0,0,0,0,0,0,0,0,0,0,0,0,12,0,0,0,0,0,0,0,0,0,0,0,8,0,0,0,11,0,0,0,0,0,1,0,119,0,70,0,48,0,7,0,0,0,34,0,48,0,0,0,9,0,0,0,0,0,0,0,1,0,0,0,0,0,0,0,0,0,0,0,0
0,0,0,0,0,0,0,0,0,0,0,0,0,8,0,0,0,0,0,0,0,0,0,0,0,0,0,19,0,0,0,0,0,0,0,0,0,0,0,0,0,2,0,0,0,9,0,0,0,5,0,2,0,0,0,0,1,0,0,0,0,0,0,0,0,0,0,0,0,0,0,1,0,0,0,0,0,83,0,3,0,3,0,22,0,0,0,24,0,2,0,0,0,6,0,12,0,0,0,0,0,2,0,69,0,0,0,7,0,17,0,0,0,0,0,1,0,7,0,0,0,0,0,0,1,0,0,0,0,0,0,0,0,0,0,0,0,0,0,0,0,0,0,0,0,1,0,2,0,0,0,0,0,0,0,0,0,0,0,0,0,0,0,0,0,50,0,0,0,22,0,0,0,0,0,0,0,0,0,0,0,1,0,0,0,0,0,2,0,0,0,0,0,0,0,0,0,8,0,0,0,14,0,0,0,0,0,0,0,0,0,0,0,253,0,31,0,99,0,53,0,0,0,180,0,49,0,5,0,52,0,0,0,0,0,0,0,0,0,12,0,0,0,0,0,0,0,0,0
0,0,0,0,0,0,0,0,0,0,0,0,0,0,0,0,93,0,0,0,50,0,0,0,2,2,62,0,31,0,44,0,45,0,34,0,138,0,21,0,0,0,23,0,54,0,0,0,0,0,28,0,7,0,2,0,0,0,0,0,9,0,38,0,0,0,0,0,0,0,0,0,121,0,206,0,27,0,246,0,23,0,0,0,4,0,74,0,0,0,0,0,0,0,7,0,1,0,0,0,0,0,0,0,0,0,1,0,0,0,0,0,0,0,0,0,0,0,0,0,65,0,5,0,23,0,28,0,10,1,0,0,0,0,48,0,31,0,4,1,43,0,40,0,123,0,29,0,23,0,0,0,11,0,0,0,14,0,0,0,0,0,54,1,0,0,0,0,14,0,71,0,35,0,13,1,0,0,0,0,9,0,0,0,0,0,0,0,0,0,0,0,0,0,0,0,0,0,0,0,4,0,0,0,0,0,12,0,20,0,0,0,0,0,0,0,0,0,0,0,0,0,0,0,0,0,0,0,0,0,0,0,0,0,0,0,2,0,12,0,4,0,5,0,0,0,0,0,0
0,1,0,0,0,0,0,0,0,0,0,6,0,0,0,0,0,0,0,0,0,3,0,1,0,0,0,1,0,0,0,0,0,0,0,5,0,5,0,0,0,0,0,3,0,0,0,0,0,0,0,11,0,0,0,0,0,0,0,2,0,2,0,0,1,15,0,2,0,1,0,0,0,187,0,65,0,11,0,30,0,1,0,0,0,0,0,15,0,0,0,0,0,0,0,0,0,0,0,0,0,0,0,0,0,0,0,0,0,0,0,0,0,0,0,0,0,0,0,0,0,3,0,23,0,30,0,44,0,11,0,20,0,51,0,13,0,25,0,0,0,3,1,0,0,84,3,39,4,34,0,0,3,9,0,0,0,0,0,0,6,8,0,17,0,0,0,0,0,0,0,5,0,4,3,17,0,0,0,0,0,0,0,0,0,0,0,0,0,0,0,0,0,0,0,0,0,0,0,5,0,0,0,2,0,1,0,0,0,17,0,0,0,0,0,3,0,0,0,0,0,0,0,0,0,1,0,34,0,10,0,0,0,0,0,12,0,0,0,46,0,2,0,0,0,20,0,0,0
0,0,0,0,0,0,0,0,1,0,0,0,0,0,0,0,0,0,0,0,2,0,0,0,0,0,0,0,0,0,0,0,0,0,2,0,0,0,0,0,0,0,0,0,0,0,0,0,0,0,0,0,0,0,0,0,0,0,0,0,0,0,0,0,0,0,0,0,0,0,121,0,0,0,16,0,48,0,159,0,2,0,0,0,2,0,9,0,0,0,2,0,0,0,0,0,3,0,0,0,0,0,0,0,0,0,0,0,0,0,0,0,0,0,0,0,0,0,0,0,14,0,8,0,65,0,45,0,34,0,34,0,47,0,118,0,41,0,1,0,41,0,69,0,78,0,71,0,11,0,24,0,10,0,0,0,0,0,0,0,3,0,60,0,0,0,0,0,22,0,24,0,3,0,10,1,0,0,0,0,0,7,0,0,0,0,0,0,0,0,0,0,8,0,1,0,5,0,54,0,23,0,0,0,0,0,64,0,53,0,1,0,0,0,0,0,3,0,0,0,0,0,10,0,4,0,5,0,27,0,0,0,0,0,21,0,1,0,178,0,75,0,43,0,2,0,0,0,0
