0,1162,55,286,42,82,80,215,99,58,170,73,89,0,6,154,2,66,0,0,8,0,8,254,21,425,14,0,54,0,4,0,60,0,0,0,70,0,258,0,16,0,0,0,0,0,11,0,0,0,0,0,0,23,18,9,0,0,23,0,94,0,38,92,86,0,24,2,0,0,0,0,0,0,0,0,0,0,0,0,0,0,0,0,0,0,0,0,0,0,0,0,0,0,0,0,0,0,0,0,0,0,1,0,4,0,0,0,0,0,0,0,0,0,0,0,0,0,0,0,0,0,0,0,0,0,19,0,0,0,19,0,0,0,8,0,0,0,0,0,0,0,0,0,0,0,58,0,117,0,100,0,23,1,0,0,0,0,0,0,11,0,3,0,0,0,9,0,50,0,78,0,224,0,15,0,418,239,22,10,0,0,117,0,36,0,0,0,0,0,0,0,0,0,0,0,1,0,0,0,0,0,0,0,0,0,0,0,0,0,672,83,310,96,302,0,6,0,0,0,0,0,0,0,0
1162,0,381,105,0,323,443,33,275,76,35,248,0,84,0,40,100,6,0,156,6,16,329,21,739,32,0,149,0,36,0,0,0,0,0,0,0,190,2,325,0,31,0,0,0,20,0,88,0,4,0,0,16,24,64,6,0,5,0,20,0,338,60,131,0,61,0,27,0,0,0,0,0,0,0,0,0,0,0,0,0,71,0,0,0,0,0,0,0,0,0,0,0,0,0,0,0,0,0,33,0,14,0,15,0,0,0,0,0,0,0,0,0,2,0,0,0,0,0,0,0,23,0,0,0,41,0,0,0,0,0,46,0,0,0,48,0,10,0,3,0,0,0,0,0,0,0,19,0,47,0,31,0,65,0,0,0,7,0,0,0,20,0,0,0,4,0,0,0,13,0,59,1,194,0,11,169,496,0,27,0,22,36,42,0,102,0,0,0,0,0,0,0,0,0,0,0,0,0,0,0,14,0,0,0,0,0,5,0,16,0,0,5,0,497,0,0,0,1138,230,253,139,22,1,0
55,381,0,121,265,102,171,24,5,0,34,118,109,0,219,137,13,23,74,0,21,0,441,127,145,97,44,0,244,0,89,0,300,0,0,0,105,0,638,0,19,0,0,0,6,0,27,0,6,0,0,0,0,0,147,0,10,0,16,0,67,0,39,0,16,0,0,0,0,0,0,0,0,0,0,0,0,0,0,0,0,0,0,0,0,0,0,0,0,0,0,0,0,0,0,0,0,0,0,0,0,0,0,0,0,0,17,0,0,0,0,0,0,0,0,0,0,0,0,0,0,0,0,0,62,0,66,0,3,0,78,2,0,0,121,0,0,0,0,0,0,0,0,0,0,0,83,1,89,0,206,0,15,2,0,0,0,0,0,0,12,0,0,0,5,0,0,0,59,0,84,0,424,0,0,0,42,65,0,15,0,0,2,0,8,0,0,0,0,0,0,0,0,0,0,0,0,0,0,0,0,0,0,0,0,0,0,0,80,0,766,52,431,145,388,0,0,0,0,0,0,0,0,0,0
286,105,121,0,53,116,0,124,0,4,64,10,0,13,0,253,47,58,0,196,0,117,203,199,71,233,0,59,1,157,0,0,5,213,0,0,0,239,0,671,0,0,0,0,0,0,0,0,0,0,0,0,2,1,0,77,0,0,0,16,0,156,1,56,0,39,0,5,0,0,0,0,0,0,0,0,0,0,0,0,0,0,0,0,0,0,0,0,0,0,0,0,0,2,0,0,0,0,0,62,0,15,0,30,0,42,0,43,0,0,0,0,0,0,0,0,0,0,0,0,0,26,0,0,0,124,0,32,0,0,0,91,0,0,0,202,0,65,0,0,0,0,0,0,0,8,0,33,0,73,0,40,0,0,0,0,0,2,0,0,0,19,0,0,0,0,0,25,0,25,0,30,0,193,0,0,19,18,2,0,0,0,0,0,0,4,0,0,0,0,0,0,0,0,0,0,0,0,0,0,0,38,0,0,0,4,0,34,0,104,7,0,8,0,210,0,0,0,432,44,257,74,3,0,0
42,0,265,53,0,451,17,0,17,0,111,399,323,202,163,312,9,0,66,158,102,30,115,72,9,0,158,0,82,0,162,0,422,65,209,24,352,0,147,0,74,0,3,0,13,0,141,0,4,0,60,8,3,0,0,0,0,0,0,0,0,0,0,0,20,0,0,0,0,0,0,0,0,0,0,0,0,0,0,0,0,0,0,0,0,0,0,0,0,0,0,0,0,0,0,0,0,0,0,0,0,0,0,0,0,0,0,0,0,0,0,0,0,0,0,0,0,0,0,0,0,0,0,0,24,0,0,0,0,0,15,0,0,0,56,0,10,0,0,0,0,0,0,0,0,0,58,0,80,0,120,1,44,0,0,0,0,0,0,0,0,0,0,0,38,0,266,0,295,0,0,0,340,0,0,0,106,142,19,8,36,0,35,0,66,0,0,0,0,0,0,0,0,0,0,0,0,0,0,0,0,0,0,0,0,0,0,0,31,0,1233,314,757,91,363,3,0,0,58,0,57,0,0,0,0
82,323,102,116,451,0,0,29,0,19,457,130,353,148,370,240,30,22,100,308,160,118,195,191,0,37,43,250,0,30,6,57,0,347,0,193,26,259,0,79,0,49,0,10,0,0,0,92,0,0,16,93,0,0,0,0,0,0,0,0,0,0,0,0,0,58,0,0,0,0,0,0,0,0,0,0,0,0,0,0,0,0,0,0,0,0,0,0,0,0,0,0,0,0,0,0,0,10,1,0,0,0,0,0,0,15,0,0,0,0,0,0,0,0,0,0,0,0,0,0,0,0,0,0,0,44,0,0,0,0,0,15,0,0,0,0,0,0,0,0,0,0,0,0,0,12,0,0,0,32,0,25,0,0,0,0,0,0,0,0,0,0,0,0,0,0,14,257,0,191,0,34,0,222,0,0,102,227,60,25,0,65,0,25,0,36,0,1,0,10,0,0,0,0,0,0,0,0,0,0,0,21,0,0,0,0,0,4,0,0,0,0,0,0,238,0,0,0,1156,325,640,87,2,0,0
80,443,171,0,17,0,0,0,93,470,20,0,15,0,0,0,0,0,0,0,5,0,0,0,116,228,0,0,0,0,0,0,0,0,0,0,0,0,43,0,0,0,2,0,0,0,0,0,12,0,0,0,61,107,290,110,50,6,92,0,337,0,204,133,38,0,23,0,0,0,0,0,0,0,0,0,0,0,0,0,0,0,0,0,0,0,0,0,0,0,0,0,0,0,0,0,0,0,0,0,0,0,0,0,9,0,0,0,0,0,0,0,0,0,0,0,0,0,0,0,0,0,0,0,120,0,55,0,5,0,162,0,0,0,15,0,0,0,0,0,0,0,0,0,0,0,81,0,77,0,74,0,0,0,4,0,0,0,0,0,26,0,0,0,20,0,9,0,39,0,262,0,87,0,0,0,18,45,0,0,0,0,3,0,0,5,0,0,0,0,0,0,0,0,0,0,0,0,0,0,0,0,0,0,0,0,0,0,19,0,856,171,872,374,598,34,98,5,4,0,0,0,0,0,0
215,33,24,124,0,29,0,0,410,52,0,0,0,0,0,20,0,25,0,28,0,0,0,41,129,384,0,0,0,35,0,0,0,0,0,10,0,0,0,85,0,0,0,0,0,0,0,0,0,1,0,0,45,97,72,456,0,60,0,75,0,132,30,339,0,67,0,145,0,0,0,0,0,0,0,0,0,1,0,0,0,2,0,0,0,2,0,0,0,0,0,0,0,0,0,0,0,0,0,2,0,1,0,0,0,0,0,0,0,0,0,0,0,0,0,0,0,0,0,0,0,0,0,0,0,202,0,0,0,1,0,224,0,0,0,10,0,10,0,0,0,0,0,0,0,0,0,17,0,61,0,20,0,3,0,21,0,25,0,0,0,80,0,0,0,14,0,4,0,30,0,70,0,53,0,0,10,20,0,0,0,0,0,2,0,0,0,0,0,0,0,0,0,0,0,0,0,0,0,3,0,0,0,0,0,0,0,16,0,39,5,0,0,0,955,0,0,0,1098,174,769,473,56,5,1
99,275,5,0,17,0,93,410,0,1591,24,2,17,0,11,0,0,22,18,0,0,0,1,0,3,278,15,0,0,0,0,0,0,0,0,1,0,0,0,0,0,0,0,0,0,0,7,0,6,0,0,0,29,145,69,415,8,64,311,212,99,0,31,105,473,0,354,157,1,0,0,0,0,0,0,0,0,0,0,0,0,0,0,0,0,0,1,0,0,0,0,0,0,0,0,0,0,0,0,0,0,0,0,0,0,0,0,0,0,0,0,0,0,0,0,0,0,0,0,0,0,0,0,0,65,0,19,0,0,0,38,0,0,0,0,0,0,0,0,0,0,0,0,0,0,0,74,0,168,0,76,0,7,0,1,5,16,0,0,0,13,0,0,0,3,0,5,0,0,0,0,0,13,0,0,0,149,178,3,0,0,0,30,0,164,27,0,0,0,0,0,0,0,0,0,0,0,0,0,0,0,0,0,0,0,0,0,0,7,0,243,148,207,104,186,19,27,0,0,0,0,0,0,0,0
58,76,0,4,0,19,470,52,1591,0,0,83,0,5,0,0,0,0,0,36,0,0,0,0,78,0,0,0,0,0,0,0,0,0,0,0,0,8,0,0,0,0,0,0,0,0,0,6,0,0,0,0,99,39,390,20,27,10,237,356,0,8,17,18,0,329,67,305,0,0,0,0,0,0,0,0,0,0,0,0,0,7,0,0,0,2,0,0,0,0,0,0,0,0,0,0,0,0,0,3,0,0,0,0,0,1,0,0,0,0,0,1,0,0,0,0,0,0,0,0,0,0,0,0,0,40,0,4,0,0,0,91,0,0,0,0,0,0,0,0,0,0,0,0,0,0,0,29,0,110,0,18,0,20,0,15,0,15,0,0,0,37,0,1,0,0,0,0,0,5,0,0,0,16,0,7,22,327,0,2,0,0,0,9,29,112,0,0,0,0,0,0,0,0,0,0,0,0,0,0,0,10,0,0,0,3,0,1,6,5,0,0,0,0,435,0,0,0,498,178,156,192,31,0,0
170,35,34,64,111,457,20,0,24,0,0,357,275,0,16,361,7,0,27,62,40,14,4,124,0,0,32,6,22,1,67,0,318,26,23,0,267,7,25,0,34,0,0,0,6,0,33,0,4,0,11,0,0,0,0,0,0,0,0,0,1,0,0,0,22,0,6,0,0,0,0,0,2,0,0,0,0,0,0,0,0,0,0,0,0,0,0,0,0,0,0,0,0,0,0,0,0,0,0,0,0,0,0,0,4,0,0,0,0,0,0,0,0,0,0,0,0,0,0,0,0,0,0,0,0,0,18,0,0,0,12,0,0,0,0,0,0,0,0,0,0,0,0,0,0,0,30,0,40,0,59,0,104,0,0,0,0,0,0,0,0,0,0,0,3,0,67,0,80,0,0,0,91,0,171,0,295,144,107,7,112,0,80,0,79,0,5,0,0,0,0,0,0,0,2,0,0,0,0,0,0,0,0,0,0,0,0,0,0,0,649,219,368,0,138,2,0,1,39,0,0,0,0,0,0
73,248,118,10,399,130,0,0,2,83,357,0,106,248,344,25,34,12,0,92,108,38,243,43,0,0,0,201,5,23,0,17,0,266,0,16,10,171,0,70,6,231,0,0,0,14,0,143,0,18,0,0,0,0,0,0,0,0,0,0,0,25,0,0,0,10,0,1,0,0,0,0,1,2,0,0,0,0,0,0,0,0,0,0,0,0,0,0,0,0,0,0,0,0,0,0,0,0,0,0,0,0,0,3,0,0,0,0,0,0,0,0,0,0,0,0,0,0,0,0,0,0,0,3,0,4,0,0,0,0,0,0,0,0,0,0,0,0,0,0,0,0,0,0,0,0,0,0,0,25,0,49,0,172,0,0,0,0,0,0,0,0,0,0,0,0,0,0,0,28,0,12,0,120,0,121,103,516,27,138,0,185,0,80,0,121,0,7,0,0,0,0,0,0,0,0,0,0,0,0,0,0,0,0,0,0,0,0,0,0,0,0,0,0,183,0,0,0,835,204,234,0,4,0,0
89,0,109,0,323,353,15,0,17,0,275,106,0,780,32,43,0,0,61,416,32,65,0,0,0,0,156,500,0,0,7,0,0,15,201,47,139,40,0,0,310,56,97,55,26,43,290,76,7,0,579,61,0,0,0,0,0,0,0,0,0,0,0,0,23,0,0,0,0,0,0,0,0,0,0,0,0,0,0,0,0,0,0,1,0,0,0,0,0,0,0,0,0,0,0,0,0,0,0,0,0,0,0,0,0,0,0,0,0,0,0,0,0,0,0,0,0,0,1,0,0,0,0,0,0,0,0,0,0,0,0,0,0,0,0,0,0,0,0,0,0,0,0,0,0,0,48,0,51,0,85,0,48,0,0,0,0,0,0,0,0,0,0,0,182,0,64,6,108,0,0,0,13,0,126,0,316,141,155,0,100,0,22,0,49,0,116,36,0,0,0,0,0,0,0,0,0,0,0,0,0,0,0,0,0,0,0,0,0,0,181,391,430,0,41,0,0,0,106,52,115,1,0,0,0
0,84,0,13,202,148,0,0,0,5,0,248,780,0,86,5,0,0,313,83,100,69,0,0,0,0,343,90,0,0,0,4,0,12,27,150,21,82,0,0,165,327,36,166,0,18,64,106,1,12,76,336,0,0,0,0,0,0,0,0,0,0,0,0,0,0,0,0,0,0,0,0,0,0,0,0,0,0,0,0,0,0,0,0,0,0,0,0,0,0,0,0,1,1,0,6,0,0,0,0,0,0,0,6,0,0,0,0,0,0,0,0,0,0,0,0,0,0,0,0,0,0,0,0,0,0,0,0,0,0,0,0,0,0,0,0,0,0,0,0,0,0,0,0,0,0,0,0,0,0,0,0,0,0,0,0,0,0,0,0,0,0,0,0,8,72,0,23,8,93,0,0,0,0,0,83,48,409,38,85,0,108,0,21,0,0,51,39,0,0,0,0,0,0,0,0,0,0,0,0,0,9,0,11,0,0,0,0,0,0,0,38,39,0,69,0,0,0,396,463,335,0,0,0,0
6,0,219,0,163,370,0,0,11,0,16,344,32,86,0,235,15,0,342,58,197,34,447,50,39,0,247,9,9,0,322,8,269,74,187,15,187,13,3,0,0,0,0,0,6,0,17,0,2,0,17,0,0,0,79,0,0,0,0,0,0,0,0,0,6,0,0,0,0,0,0,0,0,0,0,0,0,0,3,0,0,0,0,0,0,0,0,0,0,0,0,0,0,0,0,0,41,0,56,0,0,0,0,0,0,0,147,0,0,0,0,0,0,0,0,0,0,0,0,0,0,0,0,0,0,0,0,0,0,0,0,0,0,0,165,0,86,0,0,0,2,0,0,0,0,0,0,0,57,0,43,0,0,0,1,0,0,0,0,0,0,0,0,0,0,0,200,0,88,0,0,0,80,4,0,0,11,39,14,0,0,0,7,0,12,0,0,0,0,0,0,0,0,0,0,0,0,0,0,0,115,0,0,0,0,0,0,0,72,0,210,137,189,0,44,2,0,0,45,0,26,0,0,0,0
154,40,137,253,312,240,0,20,0,0,361,25,43,5,235,0,35,24,0,643,87,235,237,232,42,135,0,87,0,0,0,26,10,104,0,46,16,123,0,26,0,0,0,6,0,0,7,0,1,1,0,1,0,0,0,49,0,0,0,0,0,29,0,6,0,13,0,0,0,0,0,0,0,0,0,0,0,0,0,0,0,0,0,0,0,0,0,0,0,0,0,0,0,0,0,0,0,0,0,0,0,0,0,0,0,0,0,90,0,0,0,0,0,0,0,0,0,0,0,0,0,0,0,0,0,35,0,0,0,0,0,16,0,25,0,338,0,114,0,0,0,0,0,0,0,0,0,0,0,24,0,7,0,2,0,0,0,0,0,0,0,0,0,0,0,2,0,96,0,23,0,9,2,66,0,0,23,25,29,6,0,0,0,0,0,4,0,0,0,0,0,0,0,0,0,0,0,0,0,0,0,59,0,0,0,4,0,0,0,59,0,0,0,0,53,0,0,0,370,407,86,14,0,0,0
2,100,13,47,9,30,0,0,0,0,7,34,0,0,15,35,0,11,37,1,289,0,58,52,100,31,104,0,258,0,36,0,48,0,0,0,17,0,382,0,0,0,0,0,23,0,0,0,0,0,0,0,101,0,52,1,0,0,0,0,34,0,606,9,0,0,0,0,0,0,0,0,0,0,5,0,0,0,0,0,0,1,32,0,90,0,22,0,69,0,175,0,0,0,0,0,350,0,78,0,73,0,46,0,150,0,478,0,0,0,0,0,0,0,0,0,0,0,0,0,12,0,0,0,0,1,0,0,189,0,37,0,0,0,89,0,677,0,33,0,41,0,394,0,0,0,0,0,0,0,0,0,0,0,33,0,0,0,21,0,6,0,0,0,0,0,3,0,22,0,0,0,59,1,0,0,1,3,2,6,0,0,4,0,0,0,0,0,0,0,0,0,0,0,0,0,0,0,0,0,332,0,0,0,0,0,0,0,21,0,36,133,59,12,24,0,0,0,2,0,0,0,0,0,0
66,6,23,58,0,22,0,25,22,0,0,12,0,0,0,24,11,0,0,38,0,246,44,155,40,75,0,45,0,132,0,40,0,84,0,20,0,13,1,152,0,0,0,0,0,0,0,0,0,0,0,0,0,43,0,33,0,87,0,0,0,18,0,530,0,1,0,0,0,0,0,0,0,0,0,0,0,0,0,0,0,54,0,0,0,40,0,0,0,0,0,50,0,0,0,18,0,20,0,90,0,31,0,0,0,0,0,82,0,0,0,0,0,0,0,0,0,0,0,0,0,0,0,0,0,94,0,0,0,92,0,31,0,181,0,630,0,438,0,121,0,0,0,80,0,0,0,0,0,0,0,4,0,0,0,37,0,2,0,33,0,16,0,0,0,0,0,0,0,0,0,3,0,11,0,0,0,0,0,19,0,0,0,0,0,0,0,0,0,0,0,0,0,0,0,0,0,0,0,0,0,85,0,0,0,0,0,0,0,48,0,0,0,0,13,0,0,0,28,283,26,5,0,0,0
0,0,74,0,66,100,0,0,18,0,27,0,61,313,342,0,37,0,0,141,310,32,379,0,44,0,226,215,5,0,34,0,0,7,295,24,87,0,0,0,13,17,19,22,0,16,30,41,0,0,302,28,8,0,0,0,0,0,0,0,8,0,0,0,3,0,0,0,0,0,0,0,0,0,0,0,0,0,0,0,0,0,0,0,0,0,0,0,0,0,0,0,0,0,0,0,0,0,0,0,0,0,0,0,0,0,0,0,0,0,0,0,0,0,0,0,0,0,0,0,0,0,0,0,0,0,0,0,0,0,0,0,0,0,0,0,103,0,0,0,0,0,0,0,0,0,21,0,41,0,36,0,0,0,3,0,0,0,0,0,0,0,0,0,55,0,46,0,59,0,0,0,17,3,34,0,0,13,6,0,39,0,32,0,25,0,0,12,0,0,0,0,0,0,2,0,0,0,0,0,0,0,0,0,0,0,0,0,0,0,116,329,119,0,22,0,0,0,40,13,27,0,0,0,0
0,156,0,196,158,308,0,28,0,36,62,92,416,83,58,643,1,38,141,0,66,467,0,359,0,82,74,679,0,0,0,138,0,72,15,594,18,173,0,0,16,36,0,147,9,46,19,135,0,5,41,347,0,0,0,0,0,0,0,0,0,0,0,0,0,38,0,0,0,0,0,0,0,0,0,0,0,0,0,0,0,0,0,0,0,34,0,0,0,0,0,0,0,0,0,0,0,0,0,0,0,0,0,0,0,0,0,0,0,0,0,0,0,0,0,0,0,0,0,0,0,0,0,0,0,0,0,0,0,0,0,0,0,0,0,0,0,0,0,0,0,0,0,0,0,0,0,18,0,71,0,27,0,0,0,0,0,0,0,0,0,0,0,0,0,0,0,76,0,102,0,0,0,16,0,0,0,13,15,0,0,22,1,26,0,48,12,2,0,0,0,0,0,0,0,0,0,0,0,0,0,93,0,0,0,0,0,0,0,0,0,17,25,0,54,0,0,0,296,311,192,0,1,0,0
8,6,21,0,102,160,5,0,0,0,40,108,32,100,197,87,289,0,310,66,0,14,252,17,41,0,251,53,69,0,164,0,76,24,177,0,34,13,13,0,0,6,8,0,14,4,0,0,0,0,77,0,21,0,33,0,6,0,4,0,0,0,113,0,0,0,0,0,0,0,39,0,0,0,22,0,12,0,0,0,236,0,88,0,196,0,92,0,159,0,298,0,0,0,102,0,551,0,357,0,152,0,0,0,130,0,505,0,0,0,0,0,0,0,0,0,0,0,0,0,119,0,37,0,0,0,0,0,0,0,9,0,0,0,81,0,352,0,73,0,74,0,292,0,0,0,0,0,0,0,0,0,0,0,6,0,6,0,0,0,0,0,0,0,32,3,94,0,83,0,0,0,37,0,0,0,2,7,31,0,0,0,10,0,0,0,0,2,0,0,1,0,0,0,0,0,0,0,0,0,244,0,0,0,0,0,0,0,22,0,197,346,101,0,35,5,0,0,20,4,0,0,0,0,0
0,16,0,117,30,118,0,0,0,0,14,38,65,69,34,235,0,246,32,467,14,0,0,425,0,77,17,370,0,35,0,41,0,70,6,67,0,43,0,6,6,0,0,76,0,47,0,10,0,2,3,58,0,0,0,0,0,0,0,0,0,4,0,89,0,0,0,0,0,0,0,0,0,0,0,0,0,0,0,0,0,0,0,0,0,152,0,0,0,0,0,0,0,0,0,0,0,0,0,212,0,55,0,0,0,0,0,0,0,0,0,0,0,0,0,0,0,0,0,0,0,0,0,0,0,0,0,0,0,0,0,0,0,261,0,557,0,479,0,302,0,88,0,434,0,0,0,0,0,4,0,0,0,0,0,11,0,1,0,0,0,0,0,0,0,19,0,19,0,83,0,3,0,20,0,0,2,17,0,26,0,0,0,1,0,6,4,1,0,0,0,0,0,0,0,0,0,0,0,0,0,73,0,3,0,0,0,0,0,0,4,0,0,0,46,0,0,0,311,388,91,17,0,0,0
8,329,441,203,115,195,0,0,1,0,4,243,0,0,447,237,58,44,379,0,252,0,0,315,156,19,294,0,110,0,15,0,37,0,3,0,36,0,159,9,2,0,0,0,60,0,23,0,0,0,23,0,8,0,461,0,0,0,11,0,0,0,41,0,0,0,0,0,1,0,0,0,0,0,0,0,0,0,0,0,0,0,0,0,0,0,0,0,0,0,0,0,0,0,5,0,48,0,0,0,0,0,0,0,190,0,251,0,0,0,0,0,0,0,0,0,0,0,0,0,0,0,0,0,0,0,30,0,0,0,0,0,0,0,325,0,374,0,0,0,0,0,330,0,0,0,0,0,0,0,80,0,6,0,9,0,0,0,0,0,0,0,1,0,0,0,10,0,0,0,18,0,106,2,16,0,8,19,0,31,7,3,0,0,3,0,0,0,0,0,0,0,0,0,0,0,0,0,0,0,249,0,0,0,0,0,0,0,130,0,243,53,151,0,101,0,1,0,21,2,0,0,0,0,0
254,21,127,199,72,191,0,41,0,0,124,43,0,0,50,232,52,155,0,359,17,425,315,0,58,148,0,172,0,88,0,19,0,38,0,15,0,27,0,90,0,0,0,14,0,0,0,0,0,0,0,6,2,6,0,79,0,54,0,0,0,30,0,112,0,0,0,2,0,0,0,0,0,0,0,0,0,7,0,0,0,0,0,0,0,46,0,0,0,0,0,56,0,0,0,0,0,31,0,103,0,38,0,32,0,0,0,163,0,0,0,0,0,0,0,0,0,0,0,0,0,0,0,0,0,123,0,0,0,0,0,0,0,132,0,847,0,389,0,55,0,13,3,83,0,0,0,0,0,0,0,8,0,0,0,23,0,0,0,9,0,0,0,0,0,0,0,8,0,25,0,8,0,54,0,0,0,10,0,61,0,0,0,0,0,2,0,0,0,0,0,0,0,0,0,0,0,0,0,0,0,149,0,0,0,0,0,0,0,110,0,0,0,0,36,0,0,0,211,538,37,14,0,0,0
21,739,145,71,9,0,116,129,3,78,0,0,0,0,39,42,100,40,44,0,41,0,156,58,0,370,53,0,30,0,0,0,0,0,0,0,11,0,178,5,0,0,0,0,16,0,0,0,3,0,0,0,66,68,514,5,20,0,13,0,187,42,349,152,0,0,0,0,0,0,0,0,0,0,0,0,0,0,0,0,0,0,0,0,0,0,0,0,0,0,0,0,1,0,0,0,0,0,0,0,0,0,0,0,47,0,48,0,0,0,0,0,0,0,0,0,0,0,0,0,0,0,0,0,0,0,22,0,52,0,62,0,0,0,120,0,260,0,0,0,0,0,131,0,0,0,0,0,2,0,24,4,0,0,11,3,0,0,0,0,0,0,4,0,9,0,0,0,38,0,170,0,180,0,0,0,5,17,0,0,0,1,0,0,0,0,0,0,0,0,0,0,0,0,0,0,0,0,3,0,72,0,0,0,0,0,0,0,74,0,438,122,397,132,250,0,18,0,0,0,0,0,0,0,0
425,32,97,233,0,37,228,384,278,0,0,0,0,0,0,135,31,75,0,82,0,77,19,148,370,0,0,0,0,75,0,15,0,48,0,0,0,0,4,111,0,0,0,0,0,0,0,0,0,0,0,0,16,43,34,547,0,164,0,39,9,164,41,474,0,0,0,0,0,1,0,0,0,0,0,0,0,0,0,0,0,5,0,0,0,0,0,0,0,0,2,0,0,0,0,0,0,0,0,0,0,0,0,0,0,0,0,105,0,0,0,0,0,0,0,0,0,0,0,0,0,0,0,0,0,294,0,68,0,63,0,104,0,136,0,594,0,356,0,26,0,7,0,0,0,2,0,6,0,10,0,33,0,0,0,47,0,8,0,25,0,41,0,0,0,0,0,6,0,33,0,42,1,69,0,0,0,0,0,0,0,0,0,0,0,0,0,0,0,0,0,0,0,0,0,0,0,0,0,0,0,127,0,0,0,0,0,90,0,340,2,0,0,0,237,0,0,0,361,457,267,114,9,2,0
14,0,44,0,158,43,0,0,15,0,32,0,156,343,247,0,104,0,226,74,251,17,294,0,53,0,0,345,43,0,37,0,14,0,105,0,86,0,0,0,31,151,211,69,172,50,79,174,9,0,444,43,12,0,0,0,0,0,0,0,12,0,24,0,0,0,0,0,3,0,0,0,0,0,39,0,0,0,0,0,0,0,0,0,0,0,0,0,0,0,0,0,0,0,0,0,0,0,0,0,133,0,0,0,0,0,0,0,1,0,0,0,0,0,0,0,0,0,0,0,117,0,39,0,0,0,0,0,0,0,0,0,0,0,0,0,0,0,0,0,96,0,226,0,26,0,0,0,33,0,0,0,0,0,0,0,0,0,0,0,0,0,0,0,177,0,32,0,61,8,0,0,43,0,0,0,35,14,17,0,0,0,32,0,21,0,66,17,0,0,0,0,0,0,0,0,0,0,0,0,0,0,0,0,0,0,0,0,0,0,65,403,370,26,24,0,0,0,0,28,0,0,0,0,0
0,149,0,59,0,250,0,0,0,0,6,201,500,90,9,87,0,45,215,679,53,370,0,172,0,0,345,0,0,1,0,14,0,39,18,87,0,29,0,0,293,48,89,432,43,211,176,146,6,21,112,561,0,0,0,0,0,0,0,0,0,0,0,0,0,28,0,0,0,0,0,0,0,0,0,0,0,0,0,0,0,0,0,0,0,80,0,0,0,9,0,0,0,0,0,0,0,0,0,0,0,23,0,0,0,0,0,0,0,0,0,0,0,0,0,0,0,0,0,0,0,0,0,0,0,0,0,0,0,0,0,0,0,0,0,0,0,0,0,0,0,0,0,153,0,0,0,20,0,24,0,0,0,19,0,0,0,0,0,0,0,0,0,0,0,151,0,22,0,173,0,0,0,14,0,0,0,46,11,17,0,0,0,9,0,21,58,8,0,56,0,5,0,0,0,0,0,2,0,0,0,0,0,25,0,0,0,0,0,0,0,0,0,0,70,0,0,0,283,734,438,0,0,0,0
54,0,244,1,82,0,0,0,0,0,22,5,0,0,9,0,258,0,5,0,69,0,110,0,30,0,43,0,0,0,72,0,10,0,31,0,19,0,2,0,0,0,34,0,0,0,0,0,0,0,7,0,16,0,10,0,2,0,0,0,0,0,50,0,0,0,0,0,0,0,0,0,1,0,0,0,0,0,0,0,0,0,0,0,98,0,0,0,27,0,62,0,0,0,0,0,171,0,62,0,0,0,0,0,0,0,68,0,0,0,0,0,0,0,0,0,0,0,0,0,0,0,18,0,0,0,0,0,34,0,6,0,0,0,6,0,247,0,199,0,71,0,114,0,5,0,0,0,0,0,0,0,0,0,17,0,0,0,12,0,3,0,0,0,0,0,0,0,0,0,0,0,0,0,0,0,0,0,0,0,0,0,19,0,0,0,0,0,0,0,0,0,0,0,0,0,0,0,0,0,63,0,0,0,0,0,0,0,0,0,1,9,0,0,0,0,0,0,0,0,0,0,0,0,0
0,36,0,157,0,30,0,35,0,0,1,23,0,0,0,0,0,132,0,0,0,35,0,88,0,75,0,1,0,0,0,24,0,36,0,29,0,13,0,52,0,0,0,0,0,0,0,0,0,0,0,4,0,12,0,14,0,21,0,0,0,8,0,79,0,0,0,0,0,0,0,0,0,0,0,0,0,0,0,0,0,38,0,0,0,24,0,0,0,0,0,17,0,0,0,11,0,0,0,45,0,0,0,0,0,0,0,33,0,0,0,0,0,0,0,0,0,0,0,0,0,0,0,0,0,0,0,0,0,0,0,0,0,150,0,286,0,279,0,117,0,0,0,112,0,1,0,0,0,3,0,0,0,0,0,0,0,0,0,0,0,3,0,0,0,0,0,0,0,0,0,0,0,0,0,0,0,3,0,27,0,0,0,0,0,0,0,0,0,0,0,0,0,0,0,0,0,0,0,0,0,32,0,0,0,0,0,0,0,0,0,0,0,0,0,0,0,0,5,26,4,0,0,0,0
4,0,89,0,162,6,0,0,0,0,67,0,7,0,322,0,36,0,34,0,164,0,15,0,0,0,37,0,72,0,0,0,6,0,57,0,22,0,11,0,0,0,32,0,0,0,0,0,0,0,28,0,0,0,0,0,0,0,1,0,0,0,49,0,0,0,0,0,0,0,16,0,0,0,10,0,0,0,0,0,0,0,0,0,0,0,0,0,54,0,71,0,0,0,25,0,145,0,117,0,40,0,0,0,0,0,85,0,0,0,0,0,0,0,0,0,0,0,0,0,36,0,0,0,0,0,0,0,0,0,0,0,0,0,0,0,112,0,72,0,67,0,68,0,10,0,0,0,0,0,0,0,0,0,10,0,0,0,0,0,0,0,0,0,0,0,7,0,0,0,0,0,3,0,0,0,4,0,27,0,0,0,4,0,0,0,0,0,0,0,0,0,0,0,0,0,1,0,0,0,0,0,0,0,0,0,0,0,0,0,0,57,14,0,5,0,0,0,0,0,0,0,0,0,0
0,0,0,0,0,57,0,0,0,0,0,17,0,4,8,26,0,40,0,138,0,41,0,19,0,15,0,14,0,24,0,0,0,16,0,23,0,6,0,21,0,0,0,11,0,2,0,0,0,0,0,5,0,0,0,12,0,0,0,0,0,5,0,68,0,0,0,0,0,0,0,0,0,0,0,0,0,0,0,0,0,28,0,0,0,0,0,0,0,0,0,0,0,0,0,0,0,0,0,23,0,0,0,0,0,0,0,0,0,0,0,0,0,0,0,0,0,0,0,0,0,0,0,0,0,0,0,0,0,0,0,0,0,0,0,66,0,88,0,88,0,20,0,81,0,0,0,0,0,0,0,0,0,0,0,6,0,0,0,0,0,0,0,0,0,0,0,0,0,7,0,0,0,5,0,0,0,0,0,4,0,1,0,0,0,0,0,0,0,0,0,0,0,0,0,0,0,0,0,0,0,0,0,0,0,0,0,1,0,0,0,0,0,0,0,0,0,0,56,53,10,0,0,0,0
60,0,300,5,422,0,0,0,0,0,318,0,0,0,269,10,48,0,0,0,76,0,37,0,0,0,14,0,10,0,6,0,0,0,43,0,75,0,6,0,0,0,129,0,0,0,0,0,0,0,72,0,1,0,0,0,0,0,0,0,12,0,29,0,0,0,0,0,0,0,0,0,0,0,0,0,0,0,0,0,0,0,0,0,0,0,0,0,0,0,0,0,0,0,0,0,0,0,0,0,0,0,0,0,0,0,0,0,0,0,0,0,0,0,0,0,0,0,0,0,0,0,3,0,0,0,0,0,0,0,0,0,0,0,0,0,0,0,88,0,0,0,0,0,15,0,0,0,0,0,0,0,0,0,22,0,12,0,0,0,0,0,0,0,2,0,4,0,0,0,2,0,7,0,0,0,36,0,44,0,0,0,38,0,0,0,0,0,0,0,0,0,0,0,0,0,0,0,0,0,0,0,0,0,0,0,0,0,0,0,0,83,5,0,0,0,0,0,0,0,0,0,0,0,0
0,0,0,213,65,347,0,0,0,0,26,266,15,12,74,104,0,84,7,72,24,70,0,38,0,48,0,39,0,36,0,16,0,0,0,170,0,92,0,4,0,0,0,80,0,0,0,1,0,0,0,15,0,10,0,13,0,0,0,0,0,15,0,61,0,8,0,0,0,0,0,0,0,0,0,0,0,0,0,0,0,118,0,0,0,58,0,21,0,8,0,30,0,0,0,20,0,27,0,103,0,16,0,15,0,0,0,0,0,0,0,0,0,0,0,0,0,0,0,0,0,9,0,0,0,0,0,0,0,0,0,0,0,72,0,0,0,129,0,98,0,42,0,129,0,0,0,0,0,0,0,7,0,0,0,0,0,18,0,0,0,0,0,0,0,1,0,24,0,0,0,4,0,23,0,0,0,84,0,256,0,5,0,0,0,14,0,0,0,0,0,0,0,0,0,0,0,0,0,0,0,0,0,0,0,0,0,0,0,0,0,0,0,0,0,0,0,0,87,278,32,0,0,0,0
0,0,0,0,209,0,0,0,0,0,23,0,201,27,187,0,0,0,295,15,177,6,3,0,0,0,105,18,31,0,57,0,43,0,0,0,167,2,8,0,0,0,22,0,10,2,0,0,0,0,28,2,0,0,0,0,0,0,0,0,0,0,0,0,0,0,0,0,0,0,11,0,0,0,4,0,0,0,0,0,51,0,0,0,21,0,18,0,0,0,0,0,0,0,0,0,0,0,92,0,31,0,0,0,0,0,0,0,0,0,0,0,0,0,0,0,0,0,0,0,0,0,0,0,0,0,0,0,0,0,0,0,0,0,0,0,0,0,0,0,0,0,0,0,0,0,0,0,0,0,0,0,0,0,0,0,0,0,0,0,0,0,0,0,18,0,51,0,43,0,0,0,10,0,0,0,14,3,49,0,0,0,0,0,0,0,5,0,0,0,0,0,0,0,0,0,0,0,0,0,0,0,0,0,0,0,0,0,0,0,67,154,57,18,10,0,0,0,0,0,0,0,0,0,0
0,0,0,0,24,193,0,10,1,0,0,16,47,150,15,46,0,20,24,594,0,67,0,15,0,0,0,87,0,29,0,23,0,170,0,0,0,183,0,32,0,0,0,9,0,0,0,0,0,0,0,2,0,0,0,0,0,0,0,0,0,10,0,24,0,0,0,0,0,0,0,1,0,0,0,0,0,0,0,0,0,0,0,0,0,29,0,0,0,0,0,0,0,0,0,0,0,0,0,0,0,0,0,0,0,0,0,0,0,0,0,0,0,0,0,0,0,0,0,0,0,0,0,0,0,0,0,0,0,0,0,0,0,95,0,99,0,149,0,130,0,43,0,135,0,0,0,0,0,0,0,0,0,0,0,0,0,6,0,0,0,0,0,0,1,0,2,24,0,23,0,0,0,11,0,0,3,22,3,0,0,0,0,0,0,0,0,8,0,0,0,0,0,0,0,0,0,0,0,0,0,0,0,0,0,0,0,0,0,0,0,0,0,0,18,0,0,0,127,107,78,0,0,0,0
70,0,105,0,352,26,0,0,0,0,267,10,139,21,187,16,17,0,87,18,34,0,36,0,11,0,86,0,19,0,22,0,75,0,167,0,0,0,20,1,0,0,91,0,61,0,0,0,0,0,33,0,0,0,0,0,0,0,1,0,43,0,16,0,0,0,0,0,0,0,30,0,0,0,22,0,0,0,0,0,95,0,0,0,90,0,53,0,36,0,0,0,0,0,0,0,111,0,155,0,39,0,0,0,0,0,0,0,0,0,0,0,0,0,0,0,0,0,0,0,71,0,14,0,0,0,0,0,0,0,0,0,0,0,0,0,74,0,172,0,91,0,0,0,83,0,0,0,0,0,0,0,0,0,15,0,21,0,8,0,0,0,13,0,11,0,27,0,30,0,18,0,52,1,0,0,29,0,89,0,0,0,46,0,0,0,5,0,0,0,0,0,1,0,0,0,0,0,0,0,0,0,0,0,0,0,0,0,0,0,14,74,24,0,0,0,0,0,0,0,0,0,0,0,0
0,190,0,239,0,259,0,0,0,8,7,171,40,82,13,123,0,13,0,173,13,43,0,27,0,0,0,29,0,13,0,6,0,92,2,183,0,0,0,39,0,0,0,58,0,0,0,0,0,0,0,68,0,5,0,9,0,0,0,0,0,42,0,49,0,0,0,0,0,0,0,0,0,0,0,0,0,0,0,0,0,0,0,0,0,19,0,0,0,0,0,0,0,0,0,0,0,0,0,0,0,0,0,0,0,0,0,0,0,0,0,0,0,0,0,0,0,0,0,0,0,0,0,0,0,0,0,0,0,19,0,0,0,121,0,66,0,154,0,217,0,148,0,172,0,65,0,0,0,0,0,0,0,0,0,4,0,35,0,0,0,0,0,0,0,3,0,28,0,52,0,11,0,73,0,0,4,36,0,145,0,0,0,0,0,20,1,0,0,0,0,0,0,0,0,0,0,0,0,0,0,0,0,0,0,0,0,0,0,0,0,0,0,0,9,0,0,0,20,298,33,8,0,0,0
258,2,638,0,147,0,43,0,0,0,25,0,0,0,3,0,382,1,0,0,13,0,159,0,178,4,0,0,2,0,11,0,6,0,8,0,20,0,0,0,0,0,6,0,0,0,0,0,0,0,0,0,5,0,0,0,0,0,0,0,20,0,51,0,0,0,0,0,0,0,0,0,0,0,8,0,0,0,4,0,0,0,0,0,0,0,19,0,0,0,0,0,0,0,0,0,70,0,41,0,17,0,0,0,0,0,0,0,0,0,0,0,0,0,0,0,0,0,0,0,0,0,0,0,0,0,0,0,22,0,0,0,0,0,0,0,87,0,147,0,52,0,51,0,23,0,0,0,2,0,0,0,0,0,28,0,35,0,19,0,0,0,0,0,0,0,3,0,0,0,0,0,74,0,0,0,11,0,0,0,0,0,114,0,2,0,0,0,0,0,0,0,0,0,0,0,0,0,0,0,33,0,0,0,0,0,0,0,0,0,16,83,19,7,0,0,1,0,0,0,0,0,0,0,0
0,325,0,671,0,79,0,85,0,0,0,70,0,0,0,26,0,152,0,0,0,6,9,90,5,111,0,0,0,52,0,21,0,4,0,32,1,39,0,0,0,0,0,0,0,0,0,0,0,0,0,0,0,14,0,22,0,12,0,4,0,18,0,78,0,0,0,0,0,0,0,0,0,0,0,0,0,0,0,0,0,0,0,0,0,0,0,0,0,0,0,0,0,0,0,0,0,0,0,0,0,0,0,0,0,0,0,0,0,0,0,0,0,0,0,0,0,0,0,0,0,0,0,0,0,0,0,0,0,0,0,0,0,133,0,0,0,115,0,199,0,50,0,46,0,17,0,5,0,11,0,5,0,0,0,19,0,9,0,0,0,0,0,0,0,0,0,0,0,4,0,0,0,7,0,0,0,0,0,61,0,0,0,0,0,0,0,0,0,0,0,0,0,0,0,0,0,0,0,0,0,0,0,0,0,0,0,0,0,0,0,0,0,0,0,0,0,0,10,145,0,0,2,0,0
16,0,19,0,74,0,0,0,0,0,34,6,310,165,0,0,0,0,13,16,0,6,2,0,0,0,31,293,0,0,0,0,0,0,0,0,0,0,0,0,0,284,86,41,24,144,103,499,119,24,60,23,0,0,0,0,0,0,0,0,0,0,0,0,0,0,0,0,0,0,0,0,0,0,0,0,0,0,0,0,0,0,0,0,0,0,0,0,0,0,0,0,0,0,0,0,0,0,0,0,0,0,0,0,0,0,0,0,0,0,0,0,0,0,0,0,0,0,0,0,0,0,0,0,0,0,0,0,0,0,0,0,0,0,0,0,0,0,0,0,0,0,0,0,0,0,0,0,0,0,0,0,0,0,0,0,0,0,0,0,0,0,0,0,20,0,0,0,0,0,0,0,0,0,0,0,61,19,22,0,0,0,0,0,0,0,150,20,0,0,0,0,0,0,0,0,0,0,0,0,0,0,0,0,0,0,0,0,0,0,0,120,39,0,0,0,0,11,0,39,20,0,0,0,1
0,31,0,0,0,49,0,0,0,0,0,231,56,327,0,0,0,0,17,36,6,0,0,0,0,0,151,48,0,0,0,0,0,0,0,0,0,0,0,0,284,0,29,15,83,27,368,103,50,105,12,10,0,0,0,0,0,0,0,0,0,0,0,0,0,0,0,0,0,0,0,0,0,0,0,0,0,0,0,0,0,0,0,0,0,0,0,0,0,0,0,0,0,0,0,3,0,0,0,0,0,0,0,0,0,0,0,0,0,0,0,0,0,0,0,0,0,0,0,0,0,0,0,0,0,0,0,0,0,0,0,0,0,0,0,0,0,0,0,0,0,0,0,0,0,0,0,0,0,0,0,0,0,0,0,0,0,0,0,0,0,0,0,0,0,14,0,0,0,0,0,0,0,0,0,0,0,79,2,9,0,19,0,1,0,0,81,20,0,0,0,0,0,0,0,0,0,0,0,0,0,0,0,0,0,0,0,0,0,0,0,0,0,0,0,0,0,0,0,107,32,0,0,0,22
0,0,0,0,3,0,2,0,0,0,0,0,97,36,0,0,0,0,19,0,8,0,0,0,0,0,211,89,34,0,32,0,129,0,22,0,91,0,6,0,86,29,0,11,153,22,89,78,17,0,23,0,0,0,0,0,0,0,0,0,9,0,17,0,1,0,0,0,2,0,22,0,0,0,18,0,0,0,0,0,65,0,0,0,0,0,40,0,22,0,0,0,0,0,38,0,0,0,118,0,20,0,0,0,0,0,0,0,0,0,0,0,0,0,0,0,0,0,0,0,38,0,0,0,0,0,0,0,0,0,0,0,0,0,0,0,102,0,0,0,90,0,0,0,28,0,0,0,0,0,0,0,0,0,0,0,0,0,0,0,0,0,0,0,41,0,21,0,11,0,0,0,36,0,0,0,9,1,4,0,2,0,0,0,0,0,156,0,0,0,0,0,0,0,1,0,0,0,0,0,0,0,0,0,0,0,0,0,0,0,28,67,56,0,9,0,0,0,0,3,0,0,0,0,0
0,0,0,0,0,10,0,0,0,0,0,0,55,166,0,6,0,0,22,147,0,76,0,14,0,0,69,432,0,0,0,11,0,80,0,9,0,58,0,0,41,15,11,0,9,142,33,112,0,40,18,148,0,0,0,0,0,0,0,0,0,1,0,14,0,0,0,0,0,0,0,0,0,0,0,0,0,0,0,0,0,141,0,0,0,71,0,0,0,0,0,0,0,0,0,0,0,17,0,101,0,0,0,0,0,0,0,0,0,0,0,0,0,0,0,0,0,0,0,0,0,0,0,0,0,0,0,0,0,0,0,0,0,111,0,0,0,141,0,147,0,83,0,269,0,35,0,0,0,0,0,0,0,0,0,0,0,5,0,0,0,0,0,0,0,50,0,16,0,55,0,8,0,29,0,0,0,5,0,3,0,0,0,0,0,0,8,13,0,0,0,0,0,0,0,0,0,0,0,0,0,0,0,0,0,0,0,0,0,0,0,0,0,0,18,0,0,0,65,145,115,10,0,0,0
0,0,6,0,13,0,0,0,0,0,6,0,26,0,6,0,23,0,0,9,14,0,60,0,16,0,172,43,0,0,0,0,0,0,10,0,61,0,0,0,24,83,153,9,0,31,202,119,189,21,48,3,0,0,0,0,0,0,0,0,0,0,16,0,0,0,0,0,5,0,35,0,0,0,0,0,5,0,15,0,128,0,0,0,0,0,0,0,0,0,0,0,0,0,43,0,172,0,210,0,0,0,27,0,0,0,222,0,0,0,0,0,0,0,0,0,0,0,0,0,0,0,23,0,0,0,0,0,0,0,0,0,0,0,35,0,100,0,0,0,51,0,124,0,28,0,0,0,0,0,0,0,0,0,0,0,0,0,0,0,0,0,0,0,162,0,15,0,15,0,1,0,26,0,9,0,17,6,4,0,0,0,5,0,0,0,22,0,0,0,0,0,0,0,11,0,1,0,0,0,80,0,0,0,0,0,0,0,18,0,32,128,254,14,8,2,0,82,0,4,2,0,0,0,0
0,20,0,0,0,0,0,0,0,0,0,14,43,18,0,0,0,0,16,46,4,47,0,0,0,0,50,211,0,0,0,2,0,0,2,0,0,0,0,0,144,27,22,142,31,0,137,178,52,91,9,113,0,0,0,0,0,0,0,0,0,0,0,0,0,0,0,0,0,19,0,5,0,0,0,0,0,4,0,0,0,50,0,35,0,28,0,0,0,10,0,0,0,27,0,62,0,0,0,0,0,14,0,0,0,0,0,8,0,0,0,0,0,0,0,0,0,0,0,0,0,0,0,0,0,0,0,9,0,0,0,0,0,0,0,0,0,0,0,0,0,0,0,63,0,0,0,0,0,6,0,0,0,0,0,2,0,0,0,0,0,0,0,0,0,240,0,5,0,69,0,9,0,7,0,0,0,8,0,5,0,0,0,0,0,0,10,8,0,48,0,7,0,6,0,30,0,0,0,4,0,0,0,0,0,0,0,6,0,0,0,2,0,0,9,0,0,0,36,515,434,7,0,0,47
11,0,27,0,141,0,0,0,7,0,33,0,290,64,17,7,0,0,30,19,0,0,23,0,0,0,79,176,0,0,0,0,0,0,0,0,0,0,0,0,103,368,89,33,202,137,0,537,180,116,39,12,1,0,0,0,0,0,0,0,0,0,0,0,8,0,0,0,0,0,0,0,0,0,0,0,0,0,0,0,0,0,0,0,0,0,0,0,0,0,0,0,0,0,0,0,0,0,0,0,0,0,0,0,0,0,0,0,0,0,0,0,0,0,0,0,0,0,0,0,0,0,0,0,0,0,0,0,0,0,0,0,0,0,0,0,0,0,0,0,0,0,0,0,0,0,0,0,0,0,22,0,0,0,0,0,0,0,0,0,0,0,1,0,56,0,0,0,0,0,0,0,0,0,0,0,28,23,19,0,0,0,9,0,15,0,75,14,0,0,0,0,0,0,0,0,0,0,0,0,0,0,0,0,0,0,0,0,0,0,0,337,150,0,7,0,1,83,0,35,12,0,0,0,0
0,88,0,0,0,92,0,0,0,6,0,143,76,106,0,0,0,0,41,135,0,10,0,0,0,0,174,146,0,0,0,0,0,1,0,0,0,0,0,0,499,103,78,112,119,178,537,0,122,52,35,67,0,0,0,0,0,0,0,0,0,0,0,0,0,0,0,4,0,4,0,0,0,0,0,0,0,0,0,0,0,0,0,0,0,0,0,0,0,2,0,0,0,4,0,0,0,0,0,0,0,0,0,2,0,0,0,1,0,0,0,0,0,0,0,0,0,0,0,0,0,0,0,0,0,0,0,0,0,0,0,0,0,0,0,0,0,0,0,0,0,0,0,0,0,0,0,0,0,18,0,0,0,0,0,0,0,0,0,0,0,0,0,0,0,0,0,0,0,0,0,0,0,0,0,5,1,73,0,10,0,0,0,8,0,0,97,19,0,0,0,0,0,0,0,0,0,0,0,0,0,0,0,0,0,0,0,0,0,0,0,7,6,0,0,0,0,0,0,574,119,0,0,0,29
0,0,6,0,4,0,12,0,6,0,4,0,7,1,2,1,0,0,0,0,0,0,0,0,3,0,9,6,0,0,0,0,0,0,0,0,0,0,0,0,119,50,17,0,189,52,180,122,0,228,8,0,0,0,10,0,13,0,7,0,0,0,0,0,1,0,1,0,9,0,0,0,0,1,0,0,0,0,1,0,0,4,12,0,0,0,3,0,13,0,0,0,14,0,41,0,0,0,0,0,8,0,21,0,11,0,33,0,0,0,0,0,0,0,0,0,0,0,0,0,0,0,0,0,0,0,0,0,0,1,4,0,3,3,6,0,4,0,0,0,0,0,0,0,0,0,0,0,1,1,1,0,0,2,3,0,0,0,0,0,3,0,0,0,14,0,0,0,0,0,0,0,1,0,0,0,51,43,6,0,6,0,0,0,0,0,196,2,50,0,14,0,15,0,16,0,4,0,3,0,10,0,10,0,12,0,0,0,0,0,16,37,86,1,17,24,0,36,0,36,9,10,0,0,4
0,4,0,0,0,0,0,1,0,0,0,18,0,12,0,1,0,0,0,5,0,2,0,0,0,0,0,21,0,0,0,0,0,0,0,0,0,0,0,0,24,105,0,40,21,91,116,52,228,0,0,7,0,0,0,0,0,1,0,0,0,0,0,0,0,0,0,0,0,0,0,0,0,0,0,0,0,0,0,0,0,0,0,0,0,0,0,0,0,1,0,0,0,2,0,1,0,0,0,0,0,0,0,0,0,0,0,0,0,0,0,0,0,0,0,0,0,0,0,0,0,0,0,0,0,0,0,0,0,0,0,0,0,0,0,0,0,0,0,0,0,0,0,0,0,0,0,0,0,0,0,1,0,5,0,0,0,0,0,0,0,0,0,0,0,24,0,0,0,0,0,0,0,0,0,9,0,118,1,7,0,11,0,3,0,3,48,22,0,0,0,0,0,0,0,0,0,0,0,0,0,0,0,0,0,0,0,0,0,0,0,9,0,0,0,0,0,2,27,27,29,0,0,0,28
0,0,0,0,60,16,0,0,0,0,11,0,579,76,17,0,0,0,302,41,77,3,23,0,0,0,444,112,7,0,28,0,72,0,28,0,33,0,0,0,60,12,23,18,48,9,39,35,8,0,0,0,0,0,0,0,10,0,0,0,0,0,0,0,4,0,1,0,4,0,36,0,0,0,14,0,0,0,0,0,35,0,0,0,0,0,33,0,0,0,30,0,0,0,0,0,38,0,86,0,0,0,9,0,0,0,38,0,0,0,0,0,0,0,0,0,0,0,0,0,27,0,5,0,4,0,0,0,0,0,0,0,0,0,0,0,21,0,15,0,0,0,0,0,13,0,0,0,3,0,5,0,0,0,0,0,0,0,0,1,0,0,22,0,104,1,27,0,76,0,16,0,45,0,0,1,19,7,13,0,0,0,2,0,5,0,108,3,13,0,0,0,0,0,0,0,0,0,0,0,0,0,0,0,0,0,0,0,0,0,89,127,120,18,36,4,1,0,0,0,0,0,0,0,0
0,0,0,0,8,93,0,0,0,0,0,0,61,336,0,1,0,0,28,347,0,58,0,6,0,0,43,561,0,4,0,5,0,15,2,2,0,68,0,0,23,10,0,148,3,113,12,67,0,7,0,0,0,0,0,0,0,0,0,0,0,3,0,0,0,0,0,0,0,3,0,0,0,6,0,7,0,0,0,0,0,162,0,0,0,87,0,34,0,0,0,0,0,6,0,45,0,0,0,92,0,25,0,13,0,0,0,11,0,0,0,0,0,0,0,0,0,0,0,0,0,0,0,0,0,0,0,0,0,0,0,0,0,0,0,0,0,86,0,35,0,56,0,220,0,0,0,0,0,0,0,0,0,0,0,0,0,0,0,0,0,0,0,8,0,17,0,37,0,101,0,18,0,50,0,0,0,48,0,0,0,0,0,0,0,0,0,18,0,32,0,3,0,0,0,16,0,0,0,4,0,7,0,0,0,20,0,0,0,0,0,1,0,0,24,0,0,0,42,75,88,9,2,0,0
0,16,0,2,3,0,61,45,29,99,0,0,0,0,0,0,101,0,8,0,21,0,8,2,66,16,12,0,16,0,0,0,1,0,0,0,0,0,5,0,0,0,0,0,0,0,1,0,0,0,0,0,0,6,169,47,175,5,38,14,65,1,129,10,2,0,0,10,0,0,0,0,0,0,0,0,0,0,0,0,0,0,0,0,0,0,0,0,0,0,0,0,0,0,0,0,10,0,0,0,2,0,0,0,0,0,8,0,0,0,0,0,0,0,0,0,0,0,0,0,0,0,0,0,0,0,0,0,112,0,0,0,20,0,16,0,199,0,222,0,0,0,42,0,5,0,0,0,0,0,0,0,0,0,282,1,65,0,148,0,40,0,10,0,2,0,0,0,10,0,76,0,0,0,0,0,0,0,0,0,0,0,10,0,0,0,0,0,0,0,0,0,0,0,0,0,0,0,0,0,17,0,0,0,0,0,0,0,0,0,16,87,149,0,44,0,0,0,0,0,0,0,0,0,0
23,24,0,1,0,0,107,97,145,39,0,0,0,0,0,0,0,43,0,0,0,0,0,6,68,43,0,0,0,12,0,0,0,10,0,0,0,5,0,14,0,0,0,0,0,0,0,0,0,0,0,0,6,0,73,95,5,89,19,24,0,67,6,80,0,0,0,0,0,0,0,0,0,0,0,0,0,0,0,0,0,0,0,0,0,0,0,0,0,0,0,0,0,0,0,0,0,0,0,0,0,0,0,0,0,0,0,0,0,0,0,0,0,0,0,0,0,0,0,0,0,0,0,0,0,60,0,0,1,90,0,31,0,196,0,71,0,192,0,392,0,31,0,44,0,27,0,0,0,1,0,1,0,0,0,312,0,109,0,149,0,24,0,0,0,0,0,0,0,0,0,0,0,0,0,0,3,15,0,1,0,0,0,0,0,0,0,0,0,0,0,0,0,0,0,0,0,0,0,1,0,0,0,0,0,0,0,0,0,0,0,0,0,0,21,0,0,0,10,79,10,22,2,0,0
18,64,147,0,0,0,290,72,69,390,0,0,0,0,79,0,52,0,0,0,33,0,461,0,514,34,0,0,10,0,0,0,0,0,0,0,0,0,0,0,0,0,0,0,0,0,0,0,10,0,0,0,169,73,0,121,90,9,10,0,37,0,93,49,9,0,4,18,0,0,0,0,0,0,0,0,0,0,0,0,0,0,0,0,0,0,0,0,0,0,0,0,0,0,0,0,0,0,0,1,0,0,0,0,0,0,0,0,0,0,0,0,0,0,0,0,0,0,0,0,0,0,0,0,53,0,134,0,39,0,213,0,0,0,137,0,57,0,4,0,0,0,46,0,0,0,48,0,16,0,85,0,0,0,48,3,28,0,14,0,41,0,0,0,13,0,20,0,32,0,209,0,0,0,0,0,0,0,0,0,0,0,0,0,0,0,1,0,0,0,0,0,0,0,0,0,0,0,0,0,29,0,0,0,0,0,0,0,118,0,378,127,599,293,374,50,89,0,0,0,1,0,0,0,0
9,6,0,77,0,0,110,456,415,20,0,0,0,0,0,49,1,33,0,0,0,0,0,79,5,547,0,0,0,14,0,12,0,13,0,0,0,9,0,22,0,0,0,0,0,0,0,0,0,0,0,0,47,95,121,0,15,225,80,121,0,13,7,69,0,0,25,0,0,0,0,0,0,0,0,0,0,3,0,0,0,0,0,0,0,2,0,0,0,0,0,0,0,0,0,1,0,1,0,3,0,0,0,0,0,0,0,0,0,0,0,0,0,0,0,0,0,0,0,0,0,0,0,0,0,162,0,26,0,13,0,101,0,14,0,48,0,31,0,10,0,1,0,0,0,0,0,4,0,11,0,16,0,1,0,48,1,24,0,15,0,53,0,0,0,0,0,2,0,9,0,59,0,17,0,0,0,1,0,0,0,0,0,0,4,0,0,0,0,0,0,0,0,0,0,0,0,0,0,0,0,13,0,0,0,0,0,9,0,86,0,0,0,0,434,0,0,0,292,128,334,288,38,0,0
0,0,10,0,0,0,50,0,8,27,0,0,0,0,0,0,0,0,0,0,6,0,0,0,20,0,0,0,2,0,0,0,0,0,0,0,0,0,0,0,0,0,0,0,0,0,0,0,13,0,10,0,175,5,90,15,0,6,129,54,9,0,24,0,21,74,10,110,0,0,0,0,0,0,0,0,0,0,1,0,0,1,0,0,0,5,0,0,0,0,0,0,0,0,0,0,0,0,0,0,0,1,0,0,0,0,0,0,0,0,0,0,0,0,0,0,0,0,0,0,0,0,0,0,14,0,31,0,38,0,111,0,0,0,14,0,15,0,8,9,0,0,0,0,10,0,8,0,2,0,0,0,0,0,171,34,36,0,19,16,50,0,35,0,13,0,18,0,28,0,117,0,17,0,0,0,0,0,0,0,5,2,3,0,0,0,0,0,0,0,0,0,0,0,0,0,0,0,0,0,0,0,0,0,0,0,0,0,20,0,461,171,900,436,931,125,69,12,0,0,0,0,0,0,0
0,5,0,0,0,0,6,60,64,10,0,0,0,0,0,0,0,87,0,0,0,0,0,54,0,164,0,0,0,21,0,0,0,0,0,0,0,0,0,12,0,0,0,0,0,0,0,0,0,1,0,0,5,89,9,225,6,0,88,273,0,1,0,62,0,6,49,8,0,0,0,0,0,0,0,0,0,0,0,0,0,0,0,0,0,0,0,0,0,0,0,0,0,0,0,0,0,0,0,0,0,0,0,0,0,0,0,0,0,0,0,0,0,0,0,0,0,0,0,0,0,0,0,0,0,106,0,9,0,41,0,87,0,12,0,13,0,9,0,8,0,0,0,0,0,0,0,0,0,0,0,0,0,0,2,265,0,11,0,55,0,64,0,0,0,4,0,8,0,49,0,180,0,6,0,0,0,0,0,0,0,0,0,0,0,0,0,0,0,0,0,0,0,0,0,0,0,0,0,0,0,0,0,0,0,1,0,5,0,18,0,0,0,0,669,0,0,0,340,67,792,536,95,0,0
23,0,16,0,0,0,92,0,311,237,0,0,0,0,0,0,0,0,0,0,4,0,11,0,13,0,0,0,0,0,1,0,0,0,0,0,1,0,0,0,0,0,0,0,0,0,0,0,7,0,0,0,38,19,10,80,129,88,0,335,11,0,11,0,48,67,352,520,0,0,0,0,0,0,0,0,1,0,0,0,0,8,0,0,0,3,0,0,0,0,0,0,0,0,0,0,0,1,0,0,0,3,0,0,0,0,0,0,0,0,0,0,0,0,0,0,0,0,0,0,0,0,0,0,7,0,0,0,2,0,19,0,0,0,0,0,0,0,3,11,0,0,0,1,0,0,0,0,0,0,0,0,0,0,40,85,65,0,3,30,7,14,0,0,5,0,11,0,0,0,0,0,0,0,0,0,10,0,1,0,0,2,3,0,35,28,0,0,0,0,0,0,0,0,0,0,0,0,0,0,0,1,0,0,0,0,0,0,0,0,1046,871,555,576,1511,165,107,5,5,0,1,0,0,0,0
0,20,0,16,0,0,0,75,212,356,0,0,0,0,0,0,0,0,0,0,0,0,0,0,0,39,0,0,0,0,0,0,0,0,0,0,0,0,0,4,0,0,0,0,0,0,0,0,0,0,0,0,14,24,0,121,54,273,335,0,0,1,0,6,65,61,381,272,0,0,0,3,0,0,0,0,0,0,0,0,0,7,0,0,0,2,0,0,0,0,0,0,0,0,0,0,0,0,0,3,0,0,0,1,0,0,0,0,0,0,0,0,0,0,0,0,0,0,0,0,0,1,0,0,0,7,0,0,0,0,0,22,0,0,0,0,0,0,19,10,0,0,0,1,0,15,0,0,0,0,0,0,0,0,109,30,4,4,24,30,36,27,0,21,0,2,0,0,0,24,0,56,0,0,0,0,1,0,0,0,0,3,0,0,69,19,0,0,0,0,0,0,0,0,0,0,0,0,0,0,0,0,0,0,0,0,0,0,0,8,2,0,0,0,1706,0,0,0,1562,633,626,743,206,0,2
94,0,67,0,0,0,337,0,99,0,1,0,0,0,0,0,34,0,8,0,0,0,0,0,187,9,12,0,0,0,0,0,12,0,0,0,43,0,20,0,0,0,9,0,0,0,0,0,0,0,0,0,65,0,37,0,9,0,11,0,0,0,60,0,0,0,0,0,0,0,3,0,0,0,4,0,0,0,0,0,0,0,0,0,0,0,0,0,0,0,0,0,0,0,0,0,0,0,0,0,0,0,0,0,0,0,0,0,0,0,0,0,0,0,0,0,0,0,0,0,0,0,2,0,0,0,0,0,0,0,0,0,0,0,0,0,72,0,395,0,83,0,9,0,69,0,0,0,0,0,0,0,0,0,74,0,128,0,30,0,3,0,13,0,5,0,0,0,6,0,94,0,49,0,0,0,0,0,0,0,0,0,39,0,1,0,0,0,0,0,0,0,0,0,0,0,0,0,0,0,0,0,0,0,0,0,0,0,0,0,92,274,11,0,30,0,4,0,0,0,0,0,0,0,0
0,338,0,156,0,0,0,132,0,8,0,25,0,0,0,29,0,18,0,0,0,4,0,30,42,164,0,0,0,8,0,5,0,15,0,10,0,42,0,18,0,0,0,1,0,0,0,0,0,0,0,3,1,67,0,13,0,1,0,1,0,0,7,94,0,0,0,0,0,0,0,0,0,0,0,0,0,0,0,0,0,0,0,0,0,7,0,0,0,0,0,0,0,0,0,0,0,0,0,0,0,0,0,0,0,0,0,0,0,0,0,0,0,0,0,0,0,0,0,0,0,0,0,0,0,0,0,0,0,0,0,2,0,123,0,0,0,32,0,257,0,160,0,33,0,196,0,0,0,0,0,0,0,0,0,21,0,107,0,29,0,0,0,2,0,1,0,4,0,21,0,117,1,101,0,0,2,16,0,11,0,0,0,1,0,0,0,0,0,0,0,0,0,0,0,0,0,0,0,0,0,0,0,0,0,0,0,0,0,0,0,0,0,0,0,0,0,0,0,447,59,4,0,0,0
38,60,39,1,0,0,204,30,31,17,0,0,0,0,0,0,606,0,0,0,113,0,41,0,349,41,24,0,50,0,49,0,29,0,0,0,16,0,51,0,0,0,17,0,16,0,0,0,0,0,0,0,129,6,93,7,24,0,11,0,60,7,0,16,0,0,0,0,0,0,0,0,0,0,3,0,0,0,0,0,0,0,0,0,0,0,0,0,18,0,0,0,0,0,0,0,100,0,0,0,0,0,0,0,0,0,49,0,0,0,0,0,0,0,0,0,0,0,0,0,0,0,0,0,0,0,0,0,93,0,0,0,0,0,0,0,289,0,243,0,58,0,105,0,13,0,0,0,0,0,1,0,0,0,132,0,33,0,65,0,7,0,0,0,0,0,0,0,0,0,0,0,4,0,0,0,0,0,0,0,1,0,41,0,0,0,0,0,0,0,0,0,0,0,0,0,0,0,0,0,0,0,0,0,0,0,0,0,0,0,10,142,15,4,6,1,0,0,0,0,0,0,0,0,0
92,131,0,56,0,0,133,339,105,18,0,0,0,0,0,6,9,530,0,0,0,89,0,112,152,474,0,0,0,79,0,68,0,61,0,24,0,49,0,78,0,0,0,14,0,0,0,0,0,0,0,0,10,80,49,69,0,62,0,6,0,94,16,0,0,0,0,0,0,0,0,0,0,0,0,0,0,0,0,0,0,0,0,0,0,3,0,0,0,0,0,0,0,0,0,0,0,0,0,0,0,0,0,0,0,0,0,0,0,0,0,0,0,0,0,0,0,0,0,0,0,2,0,0,0,0,0,0,0,51,0,20,0,112,0,72,0,150,0,284,0,29,0,0,0,23,0,0,0,0,0,0,0,0,2,84,0,47,0,75,0,11,0,0,0,0,0,0,0,0,0,4,0,4,0,0,8,28,0,1,0,0,0,4,0,0,0,0,0,0,0,0,0,0,0,0,0,0,0,0,0,0,0,0,0,0,0,10,0,16,0,0,0,0,9,0,0,0,10,485,9,0,0,0,0
86,0,16,0,20,0,38,0,473,0,22,0,23,0,6,0,0,0,3,0,0,0,0,0,0,0,0,0,0,0,0,0,0,0,0,0,0,0,0,0,0,0,1,0,0,0,8,0,1,0,4,0,2,0,9,0,21,0,48,65,0,0,0,0,0,202,68,69,0,0,27,0,10,0,16,4,0,0,0,0,0,0,0,0,0,1,0,0,0,0,0,4,0,0,0,0,0,4,0,12,3,0,0,0,0,0,0,0,0,0,0,0,0,0,0,0,0,0,0,0,0,4,0,0,13,0,0,0,0,0,17,89,0,0,0,0,0,0,55,72,0,32,0,0,79,5,20,0,72,77,26,4,5,0,0,41,0,0,6,112,278,284,0,0,0,0,1,0,4,0,0,0,5,0,14,0,7,0,8,0,139,63,10,0,174,5,0,0,0,0,0,0,0,0,0,0,0,0,0,0,0,0,0,0,0,0,0,0,1,0,70,8,31,15,37,0,0,0,4,0,0,0,0,0,0
0,61,0,39,0,58,0,67,0,329,0,10,0,0,0,13,0,1,0,38,0,0,0,0,0,0,0,28,0,0,0,0,0,8,0,0,0,0,0,0,0,0,0,0,0,0,0,0,0,0,0,0,0,0,0,0,74,6,67,61,0,0,0,0,202,0,53,115,0,0,0,46,0,10,9,61,0,0,0,0,0,37,0,0,0,5,1,24,0,0,0,0,0,0,0,0,0,0,0,14,0,4,0,0,0,0,0,0,0,0,0,0,0,0,0,0,0,0,0,0,0,0,0,4,0,46,0,0,6,0,45,69,0,0,0,0,0,0,107,59,0,42,0,5,40,49,0,65,48,286,2,13,0,23,26,3,1,0,32,4,209,336,0,10,0,0,0,0,0,9,0,2,0,5,1,40,0,6,0,0,43,144,0,0,57,89,0,0,0,0,0,0,0,0,0,0,0,0,0,0,0,0,0,0,0,0,0,0,0,0,0,0,0,0,91,0,0,0,105,46,49,0,23,0,0
24,0,0,0,0,0,23,0,354,67,6,0,0,0,0,0,0,0,0,0,0,0,0,0,0,0,0,0,0,0,0,0,0,0,0,0,0,0,0,0,0,0,0,0,0,0,0,0,1,0,1,0,0,0,4,25,10,49,352,381,0,0,0,0,68,53,0,303,0,0,0,1,0,0,0,0,0,0,0,0,0,2,0,0,0,0,0,0,0,0,0,0,0,0,0,0,0,0,0,0,0,0,0,0,0,0,0,0,0,0,0,0,0,0,0,0,0,0,0,0,0,0,0,0,0,0,0,0,0,0,2,0,0,0,0,0,0,0,7,12,0,0,0,0,9,0,0,0,0,0,0,0,0,0,7,29,7,0,4,15,14,23,1,0,0,0,0,0,0,0,0,0,0,0,0,0,32,0,0,0,14,0,0,0,230,19,0,0,0,0,0,0,0,0,0,0,0,0,0,0,0,0,0,0,0,0,0,0,0,0,34,35,8,0,37,0,0,0,0,0,0,0,0,0,0
2,27,0,5,0,0,0,145,157,305,0,1,0,0,0,0,0,0,0,0,0,0,0,2,0,0,0,0,0,0,0,0,0,0,0,0,0,0,0,0,0,0,0,0,0,0,0,4,0,0,0,0,10,0,18,0,110,8,520,272,0,0,0,0,69,115,303,0,0,0,0,1,0,0,0,0,0,0,0,0,0,4,0,0,0,0,0,1,0,0,0,0,0,0,0,0,0,0,0,2,0,1,0,1,0,0,0,0,0,0,0,0,0,0,0,0,0,0,0,0,0,0,0,0,0,17,0,0,0,0,0,11,0,0,0,0,0,0,16,6,0,0,0,0,6,5,0,8,0,25,0,0,0,0,68,4,3,1,23,9,49,42,0,0,0,0,0,0,0,0,0,0,0,0,0,17,0,3,0,0,5,11,0,0,78,269,0,0,0,0,0,0,0,0,0,0,0,0,0,0,0,1,0,0,0,0,0,1,0,0,0,0,0,0,89,0,0,0,135,190,37,0,0,0,0
0,0,0,0,0,0,0,0,1,0,0,0,0,0,0,0,0,0,0,0,0,0,1,0,0,0,3,0,0,0,0,0,0,0,0,0,0,0,0,0,0,0,2,0,5,0,0,0,9,0,4,0,0,0,0,0,0,0,0,0,0,0,0,0,0,0,0,0,0,0,0,0,6,0,2,0,60,0,12,0,3,0,21,0,0,0,0,0,17,0,0,0,56,0,15,0,0,0,4,0,15,0,129,0,9,0,33,0,45,0,0,0,16,0,2,0,5,0,1,0,0,0,0,0,4,0,0,0,0,0,0,0,0,0,0,0,0,0,0,0,0,0,0,0,0,0,0,0,0,1,0,0,0,0,0,0,0,0,0,0,0,0,0,0,46,0,0,0,86,0,0,0,0,0,0,1,0,0,0,0,0,0,0,0,0,0,0,0,26,0,0,0,0,0,17,0,0,0,3,0,0,0,0,0,0,0,0,0,0,0,74,6,86,0,5,223,127,4,0,0,0,0,0,0,0
0,0,0,0,0,0,0,0,0,0,0,0,0,0,0,0,0,0,0,0,0,0,0,0,0,1,0,0,0,0,0,0,0,0,0,0,0,0,0,0,0,0,0,0,0,19,0,4,0,0,0,3,0,0,0,0,0,0,0,0,0,0,0,0,0,0,0,0,0,0,0,0,0,2,0,0,0,53,0,0,0,3,0,55,0,0,0,0,0,15,0,0,0,24,0,15,0,0,0,0,0,3,0,89,0,3,4,0,0,2,0,0,0,8,0,1,0,0,0,1,0,0,0,0,1,0,0,5,0,0,0,0,0,0,0,0,0,0,0,0,0,0,0,0,0,0,1,0,0,0,0,1,0,0,0,0,0,0,0,0,0,1,0,0,0,51,0,0,0,28,0,0,0,0,0,0,0,0,0,0,0,0,0,0,0,0,0,0,0,0,0,0,0,0,0,6,0,2,0,0,0,6,0,0,0,7,0,0,0,0,0,0,1,0,0,0,0,0,39,7,43,0,17,1,0
0,0,0,0,0,0,0,0,0,0,0,0,0,0,0,0,0,0,0,0,39,0,0,0,0,0,0,0,0,0,16,0,0,0,11,0,30,0,0,0,0,0,22,0,35,0,0,0,0,0,36,0,0,0,0,0,0,0,0,0,3,0,0,0,27,0,0,0,0,0,0,0,266,0,150,0,12,0,127,0,18,1,3,0,10,0,32,0,1,0,0,0,0,0,0,4,0,0,0,0,0,0,0,0,0,0,0,0,0,0,0,0,0,0,0,0,0,0,0,0,25,0,20,0,66,0,0,0,0,0,60,0,31,0,55,0,76,0,16,26,111,8,93,0,87,0,13,0,66,0,44,0,8,0,0,0,16,0,0,0,23,33,40,0,0,0,33,0,15,0,21,0,66,0,13,0,0,0,0,0,77,15,0,0,7,0,0,0,0,0,0,0,0,0,0,0,0,0,0,0,0,0,0,0,0,0,0,0,72,0,25,0,7,0,0,0,0,0,0,0,0,0,0,0,0
0,0,0,0,0,0,0,0,0,0,0,0,0,0,0,0,0,0,0,0,0,0,0,0,0,0,0,0,0,0,0,0,0,0,0,1,0,0,0,0,0,0,0,0,0,5,0,0,0,0,0,0,0,0,0,0,0,0,0,3,0,0,0,0,0,46,1,1,0,0,0,0,0,90,0,96,0,5,0,0,0,5,0,0,0,0,0,17,0,0,0,0,0,0,0,0,0,0,0,0,0,0,0,0,0,0,0,0,0,0,0,0,0,0,0,0,0,0,0,0,0,5,0,6,0,62,0,0,1,12,5,28,1,60,0,0,0,53,0,94,0,113,0,60,0,89,0,21,0,58,0,0,0,0,0,0,0,0,0,0,0,22,0,39,0,0,0,3,0,6,0,29,0,17,0,7,0,0,0,0,0,36,0,0,0,12,0,0,0,0,0,0,0,0,0,0,0,0,0,0,0,0,0,0,0,0,0,0,0,26,0,0,0,0,0,0,0,0,69,2,4,0,0,0,0
0,0,0,0,0,0,0,0,0,0,2,1,0,0,0,0,0,0,0,0,0,0,0,0,0,0,0,0,1,0,0,0,0,0,0,0,0,0,0,0,0,0,0,0,0,0,0,0,0,0,0,0,0,0,0,0,0,0,0,0,0,0,0,0,10,0,0,0,6,0,266,0,0,0,139,0,47,0,283,0,5,0,19,0,0,0,14,0,0,1,0,0,16,0,4,0,0,0,0,0,0,0,2,0,0,0,0,0,0,0,0,0,0,0,0,0,0,0,0,0,59,0,9,0,134,0,16,0,41,0,85,0,91,0,113,0,112,0,5,0,28,0,131,0,39,0,12,0,17,0,107,0,12,0,0,0,0,0,3,0,7,9,66,0,0,0,5,0,12,0,12,0,11,0,10,0,0,0,0,0,55,0,0,0,4,0,0,0,20,0,0,0,0,0,0,0,0,0,0,0,28,0,0,0,0,0,0,0,95,0,125,0,18,0,8,3,2,0,0,0,0,0,0,0,0
0,0,0,0,0,0,0,0,0,0,0,2,0,0,0,0,0,0,0,0,0,0,0,0,0,0,0,0,0,0,0,0,0,0,0,0,0,0,0,0,0,0,0,0,0,0,0,0,1,0,0,6,0,0,0,0,0,0,0,0,0,0,0,0,0,10,0,0,0,2,0,90,0,0,0,300,0,111,0,65,0,2,0,36,0,9,0,159,0,0,0,0,0,1,0,0,0,0,0,0,0,0,0,0,0,0,0,0,0,3,0,0,0,0,0,0,0,0,0,0,0,86,0,56,0,53,0,71,0,17,0,21,0,61,0,180,0,166,0,86,0,128,0,153,0,41,0,0,0,30,0,0,0,0,0,0,0,0,0,4,0,0,0,37,0,0,0,0,0,13,0,14,0,10,0,9,0,0,0,0,13,0,0,0,0,0,0,0,0,0,0,0,0,0,0,0,0,0,0,32,0,60,0,111,0,0,0,0,0,0,0,0,0,0,0,0,0,0,37,2,0,0,2,0,0
0,0,0,0,0,0,0,0,0,0,0,0,0,0,0,0,5,0,0,0,22,0,0,0,0,0,39,0,0,0,10,0,0,0,4,0,22,0,8,0,0,0,18,0,0,0,0,0,0,0,14,0,0,0,0,0,0,0,0,0,4,0,3,0,16,9,0,0,2,0,150,0,139,0,0,0,6,0,117,0,25,0,18,0,51,0,46,0,0,0,0,0,0,0,16,0,7,0,25,0,5,0,1,0,0,0,0,0,0,0,0,0,0,0,0,0,0,0,0,0,85,0,42,0,36,20,12,0,4,0,53,29,17,0,142,0,131,7,11,13,119,0,238,0,67,0,22,0,68,0,39,0,6,0,1,2,11,0,0,10,17,0,31,0,0,0,12,0,6,0,12,0,18,0,18,0,0,0,0,0,84,16,0,0,0,0,0,0,0,0,0,0,0,0,0,0,0,0,22,0,41,0,34,0,0,0,0,0,109,0,29,0,0,0,1,0,0,0,0,0,0,0,0,0,0
0,0,0,0,0,0,0,0,0,0,0,0,0,0,0,0,0,0,0,0,0,0,0,0,0,0,0,0,0,0,0,0,0,0,0,0,0,0,0,0,0,0,0,0,0,0,0,0,0,0,0,7,0,0,0,0,0,0,0,0,0,0,0,0,4,61,0,0,0,0,0,96,0,300,0,0,0,21,0,149,0,23,0,8,0,8,0,130,0,0,0,0,0,0,0,4,0,0,0,4,0,0,0,0,0,0,0,0,0,0,0,0,0,0,0,0,0,0,0,0,0,174,0,97,0,95,0,0,0,0,13,61,0,66,0,182,0,244,0,103,0,179,0,282,0,173,0,0,0,122,0,69,0,56,0,0,0,3,0,5,3,28,0,48,0,0,0,5,0,9,0,22,0,9,0,18,0,0,0,0,10,85,0,0,0,18,0,0,0,9,0,0,0,0,0,1,0,0,0,0,0,15,0,0,0,0,0,62,0,152,0,0,0,0,0,0,0,0,34,0,8,0,0,0,0
0,0,0,0,0,0,0,0,0,0,0,0,0,0,0,0,0,0,0,0,12,0,0,0,0,0,0,0,0,0,0,0,0,0,0,0,0,0,0,0,0,0,0,0,5,0,0,0,0,0,0,0,0,0,0,0,0,0,1,0,0,0,0,0,0,0,0,0,60,0,12,0,47,0,6,0,0,0,57,0,7,0,27,0,13,0,29,0,0,0,0,0,60,0,7,0,8,0,0,0,9,0,35,0,0,0,23,0,6,0,0,0,0,0,4,0,6,0,0,0,11,0,0,0,0,0,0,0,0,0,0,0,0,0,0,0,0,2,0,0,0,0,0,0,0,0,0,0,6,0,0,0,0,2,1,0,0,0,0,0,0,0,2,0,3,0,0,0,17,0,0,0,0,0,0,0,0,0,0,0,0,3,0,0,0,0,0,0,63,0,0,0,0,0,12,0,0,0,0,0,0,0,0,0,28,0,0,0,0,0,58,0,63,1,11,35,28,0,0,0,0,0,0,0,0
0,0,0,0,0,0,0,1,0,0,0,0,0,0,0,0,0,0,0,0,0,0,0,7,0,0,0,0,0,0,0,0,0,0,0,0,0,0,0,0,0,0,0,0,0,4,0,0,0,0,0,0,0,0,0,3,0,0,0,0,0,0,0,0,0,0,0,0,0,53,0,5,0,111,0,21,0,0,0,19,0,44,0,135,0,44,0,272,0,6,0,0,0,39,0,29,0,4,0,4,0,14,0,66,0,14,0,15,0,21,0,4,0,0,0,0,0,22,0,0,0,24,0,11,0,0,0,21,0,0,0,0,0,0,0,0,0,0,0,0,0,0,0,0,0,0,0,0,0,0,0,0,0,10,0,0,0,1,0,0,0,0,0,0,0,10,0,0,0,91,0,0,0,0,0,5,0,0,0,0,0,0,0,0,0,0,0,0,0,0,0,9,0,0,0,40,0,0,0,0,0,0,0,0,0,0,0,0,0,0,0,0,0,0,0,0,0,0,22,6,59,2,17,0,0
0,0,0,0,0,0,0,0,0,0,0,0,0,0,3,0,0,0,0,0,0,0,0,0,0,0,0,0,0,0,0,0,0,0,0,0,0,0,4,0,0,0,0,0,15,0,0,0,1,0,0,0,0,0,0,0,1,0,0,0,0,0,0,0,0,0,0,0,12,0,127,0,283,0,117,0,57,0,0,0,31,0,70,0,57,0,111,0,0,0,3,0,51,0,22,0,22,0,0,0,2,0,14,0,0,0,0,0,3,0,0,0,0,0,0,0,0,0,0,0,131,0,14,0,0,0,0,0,0,0,0,0,0,0,0,0,85,0,0,0,48,5,181,0,27,0,0,0,0,0,0,0,0,0,0,0,0,0,2,0,6,0,17,0,7,0,0,0,19,0,9,0,16,0,0,0,0,0,0,0,0,0,0,0,0,0,0,0,0,0,0,0,0,0,0,0,0,0,0,0,135,0,0,0,35,0,0,0,0,0,237,3,69,0,16,21,10,0,0,0,0,0,0,0,0
