0,256,23,202,118,0,43,69,102,0,135,0,223,0,14,209,16,0,16,0,0,0,15,173,0,204,0,0,0,46,0,0,0,0,0,0,0,15,296,27,0,0,0,0,0,0,65,0,9,0,5,0,0,0,0,0,0,0,22,0,15,0,0,0,28,0,30,0,0,0,0,0,0,0,0,0,0,0,0,0,0,0,0,0,0,0,0,0,0,0,0,0,0,0,0,0,0,0,0,0,0,0,0,0,0,0,0,0,0,0,0,0,0,0,0,0,0,0,0,0,0,0,0,0,0,0,0,0,0,0,14,0,0,0,0,0,0,0,0,0,0,0,0,0,0,0,29,0,52,0,42,0,0,0,0,0,0,0,0,0,0,0,0,0,0,0,0,0,0,0,13,0,112,1,0,0,525,88,17,0,0,0,137,0,81,0,0,0,0,0,0,0,0,0,0,0,0,0,0,0,0,0,0,0,0,0,0,0,20,0,629,87,176,0,316,0,18,1,9,0,2,0,0,0,0
256,0,326,40,0,410,238,61,115,73,0,281,0,181,0,20,84,8,0,96,0,0,322,0,261,7,0,247,22,85,0,0,0,92,0,0,0,104,0,175,0,50,0,0,0,0,0,127,0,9,0,0,0,1,10,15,0,0,0,7,0,40,0,20,0,75,0,5,0,0,0,0,0,0,0,0,0,0,0,0,0,0,0,0,0,0,0,0,0,0,0,0,0,0,0,0,0,0,0,0,0,0,0,0,0,0,0,5,0,0,0,0,0,0,0,0,0,0,0,0,0,0,0,0,0,32,0,58,0,1,0,18,0,0,0,32,0,22,0,0,0,0,0,0,0,0,0,49,0,115,0,75,0,43,0,0,0,0,0,0,0,7,0,0,0,0,0,0,0,0,0,6,0,82,0,0,241,706,0,15,0,40,0,61,0,94,0,0,0,0,0,0,0,0,0,0,0,0,0,14,0,27,0,0,0,0,0,30,0,80,0,0,0,0,399,0,0,0,909,100,274,0,0,10,0
23,326,0,180,311,0,67,0,11,9,61,79,198,0,145,153,38,0,59,0,53,0,525,165,16,119,65,0,186,43,47,0,97,0,0,0,17,22,471,38,27,0,0,0,0,0,72,0,19,0,0,0,4,0,29,0,0,0,18,0,8,0,0,0,14,0,9,0,0,0,0,0,0,0,0,0,0,0,0,0,0,0,0,0,0,0,1,0,0,0,0,0,0,0,0,0,0,0,0,0,0,0,0,0,0,0,0,0,0,0,0,0,0,0,0,0,0,0,0,0,0,0,0,0,18,0,110,0,0,0,0,0,0,0,399,0,38,0,0,0,0,0,0,0,0,0,0,0,141,0,115,0,14,0,2,0,0,0,0,0,0,0,0,0,0,0,0,0,0,0,31,0,242,0,3,0,152,85,0,0,0,0,12,0,53,0,0,0,0,0,0,0,0,0,0,0,4,0,0,0,0,0,0,0,0,0,0,0,186,0,617,57,384,0,450,0,25,0,18,0,0,0,0,0,0
202,40,180,0,0,221,70,107,0,4,0,0,0,29,0,293,52,50,0,146,0,51,201,141,91,99,0,104,0,258,0,85,0,155,0,0,5,78,0,220,0,0,0,0,0,0,0,0,0,0,0,0,0,0,0,104,0,6,0,21,0,0,0,11,0,0,0,0,0,1,0,0,0,0,0,0,0,0,0,2,0,0,0,2,0,0,0,0,0,0,0,0,0,0,0,0,0,0,0,0,0,0,0,0,0,0,0,0,0,0,0,0,0,0,0,0,0,0,0,0,0,0,0,0,0,29,0,0,0,0,0,91,0,0,0,227,0,125,0,0,0,0,0,0,0,0,0,12,0,71,0,40,0,0,0,0,0,0,0,0,0,0,0,0,0,8,0,0,0,0,0,0,0,62,0,0,70,85,0,0,0,0,0,3,0,1,0,0,0,0,0,0,0,0,0,0,0,0,0,0,0,66,0,0,0,0,0,0,0,164,0,0,0,0,238,0,0,0,341,41,310,0,0,0,0
118,0,311,0,0,618,34,0,36,0,203,273,439,135,319,308,35,0,183,215,317,62,134,0,6,9,138,0,0,5,143,0,189,0,145,0,129,19,125,2,70,0,0,0,0,0,162,0,15,0,71,0,0,0,15,0,0,0,23,0,0,0,7,0,43,0,0,0,0,0,0,0,0,0,0,0,0,0,0,0,0,0,0,0,0,0,0,0,0,0,0,0,0,0,0,0,0,0,0,0,0,0,0,0,0,0,0,0,0,0,0,0,0,0,0,0,0,0,0,0,0,1,0,0,39,0,0,0,0,0,32,0,0,0,193,0,13,0,0,0,0,0,0,0,0,0,130,0,163,0,168,0,0,0,0,0,0,0,0,0,0,0,9,0,0,0,194,0,43,0,21,0,237,0,0,0,359,112,60,0,79,0,167,0,202,0,0,0,0,0,0,0,0,0,0,0,4,0,55,0,0,0,0,0,0,0,0,0,123,0,712,300,617,0,449,0,0,4,15,0,0,0,0,0,0
0,410,0,221,618,0,0,142,0,39,262,297,325,310,547,95,0,0,164,149,297,314,188,107,0,32,0,366,0,70,58,152,50,189,83,201,28,0,0,0,0,34,0,0,0,0,0,153,0,0,0,40,0,0,0,30,0,0,0,11,0,0,0,0,0,88,0,0,0,0,0,0,0,0,0,0,0,0,0,0,0,0,0,0,0,0,0,0,0,0,0,0,0,0,0,0,0,0,0,0,0,0,0,0,0,0,0,0,0,0,0,0,0,0,0,0,0,0,0,0,0,0,0,0,0,41,0,0,0,0,0,0,0,0,0,0,0,84,0,0,0,0,0,0,0,0,0,0,0,170,0,93,0,0,0,0,0,0,0,0,0,0,0,0,0,0,0,159,0,99,0,0,0,83,0,0,292,460,41,42,0,0,0,0,0,49,3,0,0,0,0,0,0,0,0,0,0,0,0,0,0,0,0,0,0,0,0,0,0,161,0,0,0,0,394,0,0,0,670,339,634,0,0,7,0
43,238,67,70,34,0,0,0,36,201,8,0,48,0,52,0,45,0,36,0,43,0,65,25,177,278,0,0,155,21,11,0,0,0,0,0,0,0,215,40,11,0,0,0,0,0,19,0,17,0,0,0,22,0,222,0,15,0,71,0,94,10,298,49,47,0,21,0,1,0,0,0,0,0,0,0,0,0,0,0,0,0,0,0,0,0,0,0,0,0,0,0,0,0,0,0,0,0,0,0,0,0,0,0,0,0,0,0,0,0,0,0,0,0,0,0,0,0,0,0,0,0,0,0,68,0,229,0,84,0,116,0,14,0,213,0,37,0,0,0,0,0,0,0,0,0,74,0,54,0,68,0,0,0,7,0,0,0,7,0,57,0,0,0,0,0,0,0,12,0,0,0,138,0,0,0,153,70,0,0,0,0,0,0,2,0,0,0,0,0,0,0,0,0,0,0,2,0,0,0,0,0,0,0,0,0,0,0,234,0,646,58,311,325,811,0,130,0,0,2,0,0,0,0,0
69,61,0,107,0,142,0,0,262,30,3,24,0,40,0,84,19,77,0,73,0,0,25,53,130,52,0,107,0,185,0,0,0,24,0,0,0,29,0,273,0,0,0,0,0,0,0,0,0,7,0,0,27,51,117,475,0,92,0,105,0,238,80,526,0,19,0,10,0,0,0,0,0,0,0,0,0,0,0,0,0,0,0,6,0,0,0,0,0,0,0,0,0,3,0,0,0,0,0,0,0,0,0,0,0,0,0,0,0,0,0,0,0,0,0,0,0,0,0,0,0,2,0,0,0,100,0,99,0,16,0,160,0,13,0,109,0,120,0,0,0,0,0,0,0,0,0,19,0,48,0,54,0,0,0,3,0,0,0,0,0,0,0,7,0,0,0,16,0,57,0,17,0,168,0,0,100,119,0,0,0,0,0,23,0,0,0,0,0,0,0,0,0,2,0,0,0,0,0,0,0,25,0,0,0,0,0,55,0,231,0,0,0,1,879,0,0,0,999,78,490,383,22,0,0
102,115,11,0,36,0,36,262,0,267,29,0,59,0,0,0,6,20,0,0,0,0,0,0,14,161,0,0,9,0,0,0,0,0,0,0,12,2,75,9,0,0,0,0,0,0,0,0,4,0,0,0,34,29,62,112,2,9,257,0,178,0,247,89,183,0,203,23,0,0,0,0,0,0,0,0,0,0,0,0,0,0,0,0,0,0,0,0,0,0,0,0,0,0,0,0,0,0,0,0,0,0,0,0,0,0,0,0,0,0,0,0,0,0,0,0,0,0,0,0,0,0,0,0,56,0,61,0,3,0,58,0,0,0,16,0,2,0,0,0,0,0,0,0,0,0,80,0,107,0,46,0,12,0,0,0,0,0,0,0,42,0,0,0,0,0,0,0,9,0,182,1,88,0,0,0,788,236,3,0,0,0,24,0,158,3,0,0,0,0,0,0,0,0,0,0,0,0,0,0,0,0,0,0,0,0,0,0,49,0,541,113,133,171,437,0,82,0,14,0,0,0,0,0,0
0,73,9,4,0,39,201,30,267,0,0,47,0,26,0,0,0,4,0,30,0,7,0,0,67,0,0,46,0,0,0,0,0,6,0,0,0,7,2,19,0,0,0,0,0,0,0,20,0,0,0,0,108,33,399,62,33,19,129,136,0,124,52,103,0,370,0,289,0,0,0,0,0,0,0,0,0,0,0,0,0,0,0,0,0,0,0,0,0,0,0,0,0,0,0,0,0,0,0,0,0,0,0,0,0,0,0,0,0,0,0,0,0,0,0,0,0,0,0,0,0,0,0,0,0,159,0,141,0,0,0,51,0,0,0,20,0,11,0,2,0,0,0,0,0,0,0,61,0,134,0,45,0,0,0,0,1,0,0,0,0,26,0,0,0,8,0,0,0,27,0,0,0,48,0,0,156,1081,0,0,0,3,0,18,0,78,0,0,0,0,0,0,0,0,0,0,0,0,0,0,0,8,0,0,0,0,0,24,0,68,0,0,0,0,356,0,0,0,419,109,150,335,28,17,0
135,0,61,0,203,262,8,3,29,0,0,84,356,12,12,271,0,0,22,39,52,21,9,0,0,0,0,0,0,0,45,0,59,0,0,0,31,0,31,0,71,0,0,0,27,0,129,0,18,0,0,0,0,0,0,0,0,0,0,0,0,0,0,0,0,0,0,0,0,0,0,0,0,0,0,0,0,0,0,0,0,0,0,0,0,0,0,0,0,0,0,0,0,0,0,0,0,0,0,0,0,0,0,0,0,0,0,0,0,0,0,0,0,0,0,0,0,0,0,0,0,0,0,0,0,0,0,0,0,0,14,0,0,0,0,0,0,0,0,0,0,0,0,0,0,0,0,0,47,0,76,0,60,0,0,0,0,0,0,0,0,1,0,0,0,0,30,0,7,0,0,0,32,0,23,0,473,63,171,0,105,0,87,0,51,0,20,0,0,0,0,0,0,0,0,0,0,0,0,0,1,0,0,0,0,0,0,0,0,0,290,92,123,43,120,0,0,0,0,3,0,0,0,0,0
0,281,79,0,273,297,0,24,0,47,84,0,70,462,309,0,42,0,68,15,111,32,199,8,0,0,0,135,0,0,33,0,0,60,0,49,0,46,10,6,0,200,0,3,0,24,0,185,0,40,0,0,0,0,0,0,0,0,0,0,0,0,0,0,0,31,0,0,0,0,0,0,0,1,0,0,0,0,0,0,0,4,0,1,0,0,0,0,0,0,0,0,0,0,0,0,0,0,0,0,0,0,0,0,0,0,0,0,0,0,0,0,0,0,0,0,0,0,0,0,0,0,0,0,0,0,0,22,0,0,0,0,0,0,0,11,0,0,0,0,0,0,0,0,0,0,0,0,0,76,0,138,0,182,0,0,0,0,0,0,0,0,0,0,0,0,0,10,0,0,0,0,0,0,0,19,153,628,10,115,0,191,0,117,0,124,3,23,0,0,0,0,0,0,0,0,0,0,0,0,0,0,0,0,0,0,0,0,0,27,0,0,0,0,66,0,0,0,172,74,102,34,0,0,0
223,0,198,0,439,325,48,0,59,0,356,70,0,762,83,44,0,0,90,424,84,45,0,0,0,0,185,714,0,0,0,0,17,0,279,0,41,0,10,0,271,116,85,77,37,96,264,329,31,0,296,0,0,0,0,0,0,0,16,0,0,0,0,0,0,0,0,0,0,0,0,0,0,0,0,0,0,0,0,0,0,0,0,0,0,0,0,0,0,0,0,0,0,0,0,0,0,0,0,0,0,0,0,0,0,0,0,0,0,0,0,0,0,0,0,0,0,0,0,0,0,0,0,0,0,0,0,0,0,0,0,0,0,0,88,0,0,0,0,0,0,0,0,0,0,0,0,0,76,0,0,0,0,0,0,0,0,0,0,0,0,0,0,0,124,0,67,0,72,0,4,0,30,0,0,0,518,130,118,0,97,0,105,0,0,0,132,30,0,0,0,0,0,0,0,0,0,0,0,0,0,0,0,0,0,0,0,0,0,0,209,436,348,0,68,0,0,3,0,0,0,0,0,0,0
0,181,0,29,135,310,0,40,0,26,12,462,762,0,57,0,0,0,487,47,172,58,0,0,0,0,331,60,0,0,9,9,0,0,120,131,0,38,0,0,61,468,68,83,0,27,0,243,0,80,146,280,0,0,0,0,0,0,0,0,0,0,0,0,0,19,0,0,0,0,0,0,0,0,0,0,0,0,0,0,0,0,0,0,0,0,0,0,0,0,0,0,0,0,0,0,0,0,0,0,0,0,0,0,0,0,0,0,0,0,0,0,0,0,0,0,0,0,0,0,0,0,0,0,0,0,0,0,0,0,0,0,0,0,0,0,0,0,0,0,0,0,0,0,0,0,0,0,0,0,0,50,0,0,0,0,0,0,0,0,0,0,0,0,0,49,0,17,0,53,0,0,0,0,0,0,99,460,31,40,0,53,0,43,0,48,50,245,0,0,0,0,0,0,0,0,0,0,0,0,0,0,0,0,0,0,0,0,0,0,0,0,0,0,0,0,0,0,130,293,229,0,0,1,0
14,0,145,0,319,547,52,0,0,0,12,309,83,57,0,173,38,0,365,134,427,48,408,0,54,0,302,0,7,0,163,26,144,10,47,25,86,20,15,0,0,0,0,0,0,0,55,0,0,0,23,4,0,0,117,1,0,0,0,0,0,0,12,0,0,0,0,0,0,0,0,0,0,0,0,0,0,0,0,0,0,0,0,0,0,0,0,0,0,0,0,0,0,0,0,0,0,0,0,0,0,0,0,0,0,0,170,0,0,0,0,0,0,0,0,0,0,0,0,0,0,0,0,0,0,0,0,0,0,0,0,0,0,0,449,0,0,0,0,0,0,0,0,0,0,0,0,0,108,0,110,0,32,0,0,0,0,0,0,1,0,0,0,0,0,0,89,0,22,0,5,0,75,0,0,0,143,40,0,0,0,0,20,0,66,0,0,0,0,0,0,0,0,0,0,0,0,0,0,0,0,0,0,0,0,0,0,0,130,0,154,148,177,53,75,0,2,0,12,0,0,0,0,0,0
209,20,153,293,308,95,0,84,0,0,271,0,44,0,173,0,70,9,0,353,79,231,326,273,13,101,0,107,0,21,45,175,53,82,3,23,0,130,74,0,0,0,0,2,4,0,0,0,0,0,0,0,0,0,0,113,0,0,0,0,0,0,0,3,0,15,0,0,0,0,0,0,0,0,0,0,0,0,0,0,0,98,0,0,0,95,0,0,0,0,0,0,0,0,0,0,0,0,0,0,0,0,0,0,0,0,0,0,0,0,0,0,0,0,0,0,0,0,0,0,0,0,0,0,0,0,0,0,0,0,0,0,0,0,0,710,0,243,0,0,0,0,0,0,0,0,0,0,0,67,0,0,0,0,0,0,0,0,0,0,1,0,0,3,0,0,0,102,0,0,0,0,0,30,0,0,55,37,14,3,0,0,0,0,0,0,3,0,0,0,0,0,0,0,0,0,0,0,0,0,0,0,0,0,0,0,0,0,0,0,0,9,0,0,46,0,0,0,64,271,126,0,0,0,0
16,84,38,52,35,0,45,19,6,0,0,42,0,0,38,70,0,15,135,0,194,0,78,65,109,40,276,0,373,0,119,0,69,0,5,0,0,15,98,5,0,0,0,0,16,0,0,0,0,0,4,0,87,0,60,0,22,0,0,0,0,0,182,0,0,0,0,0,0,0,0,0,0,0,10,0,0,0,0,0,0,0,0,0,295,0,50,0,0,0,185,0,0,0,0,0,748,0,239,0,0,0,0,0,0,0,295,0,0,0,0,0,0,0,0,0,0,0,0,0,15,0,0,0,0,0,0,0,122,0,0,0,0,0,242,0,287,0,235,0,74,0,574,0,0,0,0,0,0,0,0,0,0,0,76,0,0,0,60,0,0,0,0,0,0,0,0,0,0,0,0,0,9,0,0,0,0,0,0,0,0,0,0,0,0,0,0,0,0,0,0,0,0,0,0,0,0,0,144,0,502,0,0,0,0,0,0,0,0,0,20,239,11,0,0,0,0,0,0,0,0,0,0,0,0
0,8,0,50,0,0,0,77,20,4,0,0,0,0,0,9,15,0,0,40,0,94,58,92,41,68,0,115,0,236,0,57,0,44,0,30,0,12,0,29,0,0,0,42,0,0,0,0,0,0,0,0,0,16,0,59,0,122,0,14,0,6,0,28,0,0,0,0,0,0,0,0,0,0,0,0,0,0,0,1,0,0,0,0,0,85,0,14,0,0,0,0,0,0,0,0,0,59,0,87,0,0,0,0,0,0,0,0,0,0,0,0,0,0,0,0,0,0,0,0,0,9,0,0,0,0,0,0,0,182,0,0,0,221,0,555,0,536,0,179,0,54,0,88,0,0,0,0,0,0,0,0,0,1,0,41,0,0,0,76,0,0,0,0,0,5,0,0,0,0,0,0,0,5,0,0,6,11,0,0,0,0,0,0,0,0,0,0,0,0,0,0,0,0,0,0,0,0,0,0,0,121,0,0,0,0,0,0,0,0,0,0,0,0,0,0,0,0,0,37,28,0,0,0,0
16,0,59,0,183,164,36,0,0,0,22,68,90,487,365,0,135,0,0,212,570,28,223,0,46,0,365,326,0,2,49,3,15,0,299,0,37,0,3,0,0,0,53,20,10,0,21,107,9,0,280,11,0,0,0,0,0,0,0,0,0,0,32,0,0,0,0,0,0,0,0,0,0,0,0,0,0,0,0,0,0,0,0,0,0,0,0,0,0,0,0,0,0,0,0,0,396,0,0,0,0,0,0,0,0,0,0,0,0,0,0,0,0,0,0,0,0,0,0,0,0,0,0,0,0,0,0,0,0,0,0,0,0,0,0,0,0,0,0,0,0,0,0,0,6,0,0,0,0,0,0,0,0,0,0,0,0,0,0,0,0,1,0,0,29,0,45,0,0,0,0,0,0,0,0,0,92,30,9,0,0,0,29,0,0,0,10,0,0,0,0,0,0,0,0,0,0,0,0,0,266,0,0,0,0,0,0,0,0,0,126,208,133,0,48,0,0,0,0,0,5,0,0,0,0
0,96,0,146,215,149,0,73,0,30,39,15,424,47,134,353,0,40,212,0,153,331,0,211,0,49,0,494,0,0,14,122,0,0,129,296,5,156,0,0,0,0,0,72,0,14,0,42,0,0,39,170,0,0,0,42,0,0,0,0,0,0,0,12,0,60,0,0,0,0,0,0,0,0,0,0,0,0,0,0,0,297,0,0,0,258,0,70,0,0,0,0,0,0,0,0,0,0,0,371,0,0,0,0,0,0,0,0,0,0,0,0,0,0,0,0,0,0,0,0,0,0,0,43,0,0,0,0,0,0,0,45,0,0,0,1005,0,349,0,0,0,0,0,114,0,31,0,0,0,245,0,45,0,0,0,0,0,2,0,0,0,0,0,5,0,0,0,86,0,103,0,11,0,0,0,0,36,53,42,0,0,0,0,0,0,43,0,0,0,0,0,0,0,0,0,0,0,0,0,0,0,400,0,0,0,0,0,0,0,0,0,0,0,0,65,0,0,0,254,295,225,0,0,0,0
0,0,53,0,317,297,43,0,0,0,52,111,84,172,427,79,194,0,570,153,0,28,147,15,42,0,539,124,196,0,207,8,72,0,114,0,51,0,7,0,0,0,5,0,48,0,0,0,9,1,38,2,15,0,54,0,0,0,0,0,1,0,115,0,0,0,0,0,0,0,50,0,0,0,0,0,0,0,0,0,201,0,0,0,333,0,0,0,0,0,111,0,0,0,0,0,605,0,360,0,0,0,0,0,0,0,166,0,0,0,0,0,0,0,0,0,0,0,0,0,0,0,0,0,0,0,0,0,0,0,0,0,0,0,0,0,104,0,90,0,0,0,363,0,0,0,0,0,0,0,0,0,0,0,0,0,0,0,0,0,0,0,0,0,0,0,53,0,0,0,0,0,46,3,0,0,93,12,22,0,0,0,10,0,0,0,0,0,0,0,0,0,0,0,0,0,0,0,0,0,0,0,0,0,0,0,0,0,0,0,312,373,114,0,123,0,0,0,0,0,11,0,0,0,0
0,0,0,51,62,314,0,0,0,7,21,32,45,58,48,231,0,94,28,331,28,0,12,341,0,31,0,394,0,43,7,110,0,26,0,44,5,10,0,1,0,0,0,43,0,22,0,0,0,4,0,36,0,0,0,15,0,0,0,0,0,3,0,17,0,0,0,0,0,0,0,0,0,8,0,30,0,0,0,0,0,0,0,0,0,153,0,47,0,0,0,16,0,0,0,0,0,68,0,180,0,142,0,0,0,0,0,0,0,0,0,0,0,0,0,0,0,0,0,0,0,0,0,0,0,0,0,0,0,0,0,0,0,0,0,515,0,0,0,0,0,74,0,147,0,16,0,0,0,0,0,0,0,0,0,0,0,0,0,0,0,0,0,0,0,0,0,14,0,29,0,0,1,9,0,0,9,22,6,9,0,0,0,0,0,0,1,0,0,0,0,0,0,0,0,0,0,0,0,0,0,0,0,0,0,0,0,0,0,0,0,0,0,0,57,0,0,0,201,584,60,0,0,0,0
15,322,525,201,134,188,65,25,0,0,9,199,0,0,408,326,78,58,223,0,147,12,0,195,22,111,149,0,35,38,42,0,14,0,0,0,0,36,19,44,2,0,0,1,0,0,29,0,6,0,0,0,0,0,107,0,0,0,0,0,0,0,0,3,4,0,0,0,0,0,0,0,0,0,0,0,0,0,0,0,0,0,0,0,0,0,0,0,0,0,0,0,0,0,0,0,0,0,0,0,0,0,0,0,0,0,0,0,0,0,0,0,0,0,0,0,0,0,0,0,0,0,0,0,0,0,0,0,0,0,0,0,7,0,246,0,66,0,0,0,0,0,0,0,0,0,48,0,55,0,35,0,14,0,0,0,0,0,0,0,0,0,0,0,0,0,2,0,0,0,0,0,10,0,0,0,145,33,2,0,0,0,8,0,15,0,3,0,0,0,0,0,0,0,0,0,0,0,73,0,121,0,0,0,0,0,12,0,85,0,0,169,10,6,11,0,0,0,13,11,0,0,0,0,0
173,0,165,141,0,107,25,53,0,0,0,8,0,0,0,273,65,92,0,211,15,341,195,0,54,144,0,119,0,67,0,122,0,26,0,50,11,7,53,4,0,0,0,42,0,0,0,0,0,0,0,0,0,0,0,164,0,0,0,0,0,1,0,45,0,0,0,0,0,0,0,0,0,0,0,0,0,0,0,0,0,137,0,0,0,178,0,50,0,0,0,33,0,0,0,0,0,171,0,235,0,0,0,0,0,0,0,0,0,0,0,0,0,0,0,0,0,0,0,0,0,0,0,0,0,0,0,0,0,0,0,0,0,0,0,832,0,447,0,0,0,0,0,0,0,0,0,0,0,0,0,0,0,0,0,0,0,0,0,0,0,0,0,0,0,0,0,0,0,0,0,0,0,14,0,0,13,11,0,2,0,0,0,0,1,0,0,0,0,0,0,0,0,0,0,0,0,0,0,0,0,0,0,0,0,0,0,0,0,0,6,0,0,0,0,0,0,0,44,207,25,0,0,2,1
0,261,16,91,6,0,177,130,14,67,0,0,0,0,54,13,109,41,46,0,42,0,22,54,0,232,0,0,150,23,0,0,7,5,0,0,0,11,36,30,0,0,0,0,0,0,0,0,0,0,0,0,81,0,155,0,44,0,0,0,0,0,30,0,0,0,0,0,0,0,0,0,0,0,0,0,0,0,0,0,0,0,0,0,0,0,0,0,0,0,0,0,0,0,0,0,0,0,0,0,0,0,0,0,0,0,0,0,0,0,0,0,0,0,0,0,0,0,0,0,0,0,0,0,0,0,0,1,128,0,0,0,9,0,227,0,132,0,40,0,0,0,138,0,0,0,6,0,6,0,8,0,0,0,39,0,0,0,33,0,10,0,0,0,2,0,0,0,0,0,0,0,0,0,0,0,44,22,0,0,0,0,0,0,0,0,0,0,0,0,0,0,0,0,0,0,0,0,36,0,130,0,0,0,0,0,0,0,35,0,16,136,12,0,0,0,0,0,0,0,0,0,0,0,0
204,7,119,99,9,32,278,52,161,0,0,0,0,0,0,101,40,68,0,49,0,31,111,144,232,0,0,0,0,340,0,29,0,18,0,7,0,15,43,137,0,0,0,0,0,0,0,0,0,0,0,0,0,4,19,162,0,85,0,4,0,8,31,112,2,0,0,1,0,0,0,0,0,0,0,0,0,0,0,0,0,0,0,0,0,8,0,0,0,0,0,0,0,0,0,0,0,8,0,0,0,2,0,0,0,0,0,0,0,0,0,0,0,0,0,0,0,0,0,0,0,0,0,0,0,24,0,0,0,0,0,35,0,0,0,277,0,180,0,13,0,0,0,5,0,0,0,0,0,0,0,0,0,0,0,4,0,0,0,7,0,0,0,0,1,8,0,1,0,9,0,0,0,26,0,0,39,56,0,0,0,0,0,0,0,0,0,0,0,0,0,0,0,0,0,0,0,0,0,0,0,70,0,0,0,0,0,0,0,47,7,0,5,0,52,0,0,0,36,56,55,20,0,0,0
0,0,65,0,138,0,0,0,0,0,0,0,185,331,302,0,276,0,365,0,539,0,149,0,0,0,0,340,66,0,115,0,54,0,73,0,149,0,13,0,9,155,320,56,214,159,134,388,50,0,282,0,0,0,0,0,0,0,0,0,3,0,90,0,0,0,0,0,0,0,119,0,23,0,187,0,0,0,0,0,457,0,0,0,0,0,234,0,0,0,0,0,0,0,0,0,0,0,1005,0,0,0,0,0,0,0,0,0,0,0,0,0,0,0,0,0,0,0,0,0,0,0,0,0,0,0,0,0,0,0,0,0,0,0,0,0,0,0,0,0,0,0,631,0,0,0,0,0,62,0,0,0,0,0,0,0,0,0,0,0,0,0,0,0,109,0,65,0,0,0,0,0,54,0,0,0,64,41,7,0,0,0,35,0,0,0,110,28,0,0,0,0,0,0,0,0,0,0,0,0,570,0,0,0,0,0,0,0,0,0,102,475,435,29,46,0,0,25,0,0,0,0,0,1,0
0,247,0,104,0,366,0,107,0,46,0,135,714,60,0,107,0,115,326,494,124,394,0,119,0,0,340,0,0,0,0,106,0,80,108,98,0,36,0,0,96,24,114,266,0,336,0,335,0,30,215,326,0,4,0,0,0,0,0,0,0,0,0,26,0,122,0,0,0,0,0,0,0,0,0,0,0,0,0,0,0,457,0,121,0,319,0,131,0,0,0,0,0,0,0,0,0,0,0,0,0,0,0,0,0,0,0,0,0,0,0,0,0,0,0,0,0,0,0,0,0,0,0,0,0,0,0,0,0,0,0,0,0,0,0,1251,0,768,0,236,0,0,0,574,0,0,0,0,0,217,0,0,0,0,0,0,0,3,0,0,0,0,0,0,0,119,0,0,0,103,0,0,0,0,0,0,56,139,33,0,0,0,0,0,0,60,43,37,0,0,0,0,0,0,0,0,0,0,0,0,0,0,0,0,0,0,0,0,0,0,0,0,0,0,69,0,0,0,251,833,348,0,0,0,20
0,22,186,0,0,0,155,0,9,0,0,0,0,0,7,0,373,0,0,0,196,0,35,0,150,0,66,0,0,0,153,0,58,0,19,0,127,2,21,3,0,0,25,0,0,0,0,0,0,0,7,0,12,0,21,0,0,0,4,0,8,0,63,0,0,0,0,0,0,0,14,0,0,0,33,0,0,0,0,0,59,0,0,0,129,0,27,0,0,0,41,0,0,0,0,0,255,0,127,0,0,0,0,0,0,0,0,0,0,0,0,0,0,0,0,0,0,0,0,0,33,0,11,0,0,0,0,0,0,0,0,0,0,0,60,0,48,0,93,0,73,0,202,0,0,0,0,0,0,0,0,0,0,0,0,0,0,0,13,0,0,0,2,0,0,0,0,0,0,0,0,0,0,0,0,0,11,0,0,0,0,0,0,0,0,0,0,0,0,0,0,0,0,0,0,0,0,0,21,0,66,0,0,0,0,0,0,0,7,0,0,95,0,0,0,0,0,0,0,0,0,0,0,0,0
46,85,43,258,5,70,21,185,0,0,0,0,0,0,0,21,0,236,2,0,0,43,38,67,23,340,0,0,0,0,0,66,0,40,0,70,0,40,0,7,0,0,0,22,0,0,0,0,0,0,0,11,0,3,0,20,0,19,1,2,0,42,3,27,0,0,0,0,0,0,0,0,0,0,0,0,0,0,0,0,0,29,0,0,0,0,0,8,0,0,0,0,0,0,0,0,0,0,0,0,0,0,0,0,0,0,0,0,0,0,0,0,0,0,0,0,0,0,0,0,0,0,0,0,0,0,0,0,0,0,0,0,0,67,0,207,0,219,0,172,0,51,0,49,0,0,0,0,0,0,0,0,0,0,0,13,0,0,0,23,0,0,0,0,0,0,0,0,0,0,0,0,0,0,0,0,10,30,0,6,0,0,0,0,0,0,0,0,0,0,0,0,0,0,0,0,0,0,0,0,0,0,0,0,0,0,0,0,0,0,0,0,0,0,9,0,0,0,17,83,0,0,0,0,0
0,0,47,0,143,58,11,0,0,0,45,33,0,9,163,45,119,0,49,14,207,7,42,0,0,0,115,0,153,0,0,0,11,0,58,0,32,0,6,0,0,0,0,0,40,0,0,0,0,0,20,0,5,0,15,0,0,0,0,0,0,0,78,0,0,0,0,0,0,0,17,0,0,0,0,0,0,0,0,0,0,0,0,0,187,0,53,0,0,0,0,0,0,0,0,0,0,0,169,0,0,0,0,0,0,0,0,0,0,0,0,0,0,0,0,0,0,0,0,0,0,0,0,0,0,0,0,0,0,0,0,0,0,0,0,0,0,0,82,0,0,0,199,0,0,0,0,0,0,0,0,0,0,0,0,0,0,0,0,0,0,0,0,0,0,0,33,0,0,0,0,0,42,0,0,0,43,0,8,0,0,0,8,0,0,0,0,0,0,0,0,0,0,0,0,0,0,0,0,0,0,0,0,0,0,0,0,0,0,0,123,143,66,0,67,0,0,0,3,0,0,0,0,0,0
0,0,0,85,0,152,0,0,0,0,0,0,0,9,26,175,0,57,3,122,8,110,0,122,0,29,0,106,0,66,0,0,0,33,0,130,0,10,0,5,0,0,0,56,0,0,0,0,0,0,0,23,0,2,0,5,0,0,0,0,0,0,0,11,0,0,0,0,0,0,0,0,0,0,0,9,0,0,0,0,0,0,0,0,0,0,0,0,0,0,0,0,0,0,0,0,0,11,0,40,0,0,0,0,0,0,0,0,0,0,0,0,0,0,0,0,0,0,0,0,0,0,0,0,0,0,0,0,0,0,0,0,0,0,0,252,0,0,0,0,0,41,0,78,0,0,0,0,0,0,0,0,0,0,0,3,0,0,0,0,0,0,0,0,0,0,0,19,0,19,0,0,0,21,0,0,0,12,1,19,0,0,0,0,0,0,0,0,0,0,0,0,0,0,0,0,0,0,0,0,0,0,0,0,0,0,0,0,0,0,0,0,0,0,78,0,0,0,158,285,73,0,0,0,0
0,0,97,0,189,50,0,0,0,0,59,0,17,0,144,53,69,0,15,0,72,0,14,0,7,0,54,0,58,0,11,0,0,0,44,0,145,0,7,0,0,0,43,0,31,0,0,0,8,0,27,0,2,0,11,0,0,0,0,0,0,0,29,0,0,0,0,0,0,0,28,0,0,0,49,0,0,0,0,0,0,0,0,0,109,0,23,0,0,0,0,0,0,0,0,0,189,0,167,0,0,0,0,0,0,0,0,0,0,0,0,0,0,0,0,0,0,0,0,0,38,0,20,0,0,0,0,0,0,0,0,0,0,0,0,0,22,0,0,0,102,0,149,0,56,0,0,0,0,0,0,0,0,0,9,0,0,0,0,0,0,0,3,0,0,0,69,0,0,0,5,0,32,0,0,0,56,0,0,0,0,0,0,0,0,0,0,0,0,0,0,0,0,0,0,0,1,0,0,0,0,0,0,0,0,0,0,0,0,0,78,232,104,17,32,0,0,0,0,0,0,0,0,0,0
0,92,0,155,0,189,0,24,0,6,0,60,0,0,10,82,0,44,0,0,0,26,0,26,5,18,0,80,0,40,0,33,0,0,0,90,2,87,6,0,0,0,0,118,0,40,0,0,0,0,0,44,0,4,0,0,0,2,0,0,0,4,0,17,0,0,0,0,0,0,0,0,0,0,0,0,0,0,0,0,0,12,0,0,0,0,0,0,0,0,0,0,0,0,0,0,0,0,0,0,0,0,0,0,0,0,0,0,0,0,0,0,0,0,0,0,0,0,0,0,0,0,0,0,0,0,0,0,0,0,0,0,0,0,0,0,0,83,0,106,0,45,0,32,0,23,0,0,0,0,0,0,0,0,0,0,0,6,0,8,0,0,0,0,0,0,0,61,0,27,0,0,0,46,0,0,0,60,0,47,0,0,0,0,0,0,0,0,0,0,0,0,0,0,0,0,0,0,0,0,0,0,0,0,0,0,0,0,0,0,0,0,0,0,73,0,0,0,87,350,94,24,0,1,0
0,0,0,0,145,83,0,0,0,0,0,0,279,120,47,3,5,0,299,129,114,0,0,0,0,0,73,108,19,0,58,0,44,0,0,0,196,0,4,0,0,0,66,0,57,0,0,0,0,0,179,6,0,0,0,0,0,0,0,0,0,0,8,0,0,0,0,0,0,0,12,0,0,0,0,0,0,0,0,0,0,0,0,0,0,0,0,0,0,0,0,0,0,0,0,0,0,0,0,0,0,0,0,0,0,0,10,0,0,0,0,0,0,0,0,0,0,0,0,0,0,0,5,0,0,0,0,0,0,0,0,0,0,0,0,0,0,0,0,0,0,0,0,0,0,0,0,0,0,0,0,0,0,0,0,0,0,0,0,0,0,0,5,0,33,0,147,0,41,0,0,0,54,0,0,0,49,7,27,0,0,0,0,0,0,0,5,0,0,0,0,0,0,0,0,0,0,0,0,0,0,0,0,0,0,0,0,0,0,0,207,274,236,73,85,0,0,0,5,0,0,0,0,0,0
0,0,0,0,0,201,0,0,0,0,0,49,0,131,25,23,0,30,0,296,0,44,0,50,0,7,0,98,0,70,0,130,0,90,0,0,0,330,0,0,0,0,0,101,0,18,0,0,0,3,0,76,0,0,0,4,0,0,0,0,0,0,0,9,0,0,0,4,0,0,0,0,0,0,0,0,0,0,0,0,0,0,0,0,0,31,0,0,0,0,0,0,0,0,0,0,0,0,0,0,0,0,0,0,0,0,0,0,0,0,0,0,0,0,0,0,0,0,0,0,0,0,0,0,0,0,0,0,0,14,0,0,0,0,0,166,0,172,0,84,0,56,0,116,0,0,0,0,0,0,0,0,0,0,0,0,0,0,0,0,0,0,0,1,0,21,0,91,0,63,0,6,0,0,0,0,0,57,0,12,0,7,0,0,0,0,0,0,0,0,0,0,0,0,0,0,0,0,0,0,0,0,0,0,0,0,0,0,0,0,0,0,0,0,67,0,0,0,229,458,235,31,0,0,0
0,0,17,5,129,28,0,0,12,0,31,0,41,0,86,0,0,0,37,5,51,5,0,11,0,0,149,0,127,0,32,0,145,2,196,0,0,0,85,0,0,0,88,0,234,0,0,7,16,0,126,0,0,0,0,0,0,0,14,0,30,0,12,0,0,0,1,0,0,0,89,0,16,0,119,0,0,0,0,0,175,0,0,0,0,0,113,0,0,0,56,0,0,0,0,0,0,0,237,0,82,0,0,0,0,0,42,0,0,0,0,0,0,0,0,0,0,0,0,0,88,0,27,0,0,0,0,0,0,0,0,0,0,0,0,0,29,0,106,0,141,0,152,0,170,0,0,0,0,0,0,0,0,0,14,0,24,0,0,0,4,0,21,0,16,0,91,0,45,0,56,0,162,0,0,0,36,0,3,0,0,0,8,0,0,0,8,0,0,0,0,0,0,0,0,0,0,0,0,0,0,0,0,0,0,0,0,0,0,0,91,132,133,27,29,0,0,0,0,0,0,0,0,0,0
15,104,22,78,19,0,0,29,2,7,0,46,0,38,20,130,15,12,0,156,0,10,36,7,11,15,0,36,2,40,0,10,0,87,0,330,0,0,2,16,0,0,0,145,0,89,0,0,0,0,0,116,0,0,0,0,0,8,0,0,0,11,0,23,0,0,0,0,0,0,0,6,0,0,0,21,0,0,0,0,0,0,0,0,0,0,0,11,0,0,0,0,0,0,0,0,0,3,0,0,0,0,0,0,0,0,0,0,0,0,0,0,0,0,0,0,0,0,0,0,0,0,0,30,0,0,0,0,0,0,0,0,0,0,0,160,0,230,0,327,0,380,0,311,0,236,0,0,0,0,0,0,0,0,0,0,0,66,0,0,0,0,0,0,0,13,0,49,0,65,0,14,0,50,0,0,12,61,0,36,0,0,0,11,0,0,0,1,0,0,0,0,0,0,0,0,0,0,0,0,0,0,0,0,0,0,0,0,0,0,0,0,0,0,34,0,0,0,55,257,141,15,0,2,0
296,0,471,0,125,0,215,0,75,2,31,10,10,0,15,74,98,0,3,0,7,0,19,53,36,43,13,0,21,0,6,0,7,6,4,0,85,2,0,5,0,0,0,0,15,0,0,0,1,0,5,0,6,0,0,0,0,0,0,0,25,1,35,0,0,0,0,0,0,0,39,0,0,0,80,0,0,0,0,0,102,0,0,0,145,0,67,0,0,0,45,0,0,0,0,0,258,0,174,0,0,0,0,0,0,0,0,0,0,0,0,0,0,0,0,0,0,0,0,0,39,0,0,0,0,0,0,0,0,0,0,0,0,0,0,0,25,0,109,0,92,0,161,0,86,0,0,0,0,0,0,0,0,0,22,0,13,0,8,0,0,0,6,0,0,0,23,0,4,0,16,0,207,0,0,0,215,22,0,0,0,0,59,0,17,0,0,0,0,0,0,0,0,0,0,0,0,0,0,0,49,0,0,0,0,0,0,0,0,0,25,474,42,11,0,0,0,0,0,0,0,0,0,0,0
27,175,38,220,2,0,40,273,9,19,0,6,0,0,0,0,5,29,0,0,0,1,44,4,30,137,0,0,3,7,0,5,0,0,0,0,0,16,5,0,0,0,0,7,0,0,0,0,0,0,0,0,0,5,2,9,0,4,0,0,0,11,0,15,0,0,0,0,0,0,0,0,0,0,0,0,0,0,0,0,0,0,0,0,0,3,0,2,0,0,0,0,0,0,0,0,0,0,0,0,0,0,0,0,0,0,0,0,0,0,0,0,0,0,0,0,0,0,0,0,0,0,0,0,0,0,0,0,0,0,0,0,0,0,0,0,0,58,0,91,0,33,0,12,0,19,0,0,0,0,0,0,0,0,0,4,0,6,0,15,0,0,0,0,0,0,0,0,0,0,0,0,0,19,0,0,7,70,0,9,0,0,0,23,0,1,0,0,0,0,0,0,0,0,0,0,0,0,0,0,0,5,0,0,0,0,0,0,0,0,0,0,0,0,15,0,0,0,10,121,18,11,0,0,0
0,0,27,0,70,0,11,0,0,0,71,0,271,61,0,0,0,0,0,0,0,0,2,0,0,0,9,96,0,0,0,0,0,0,0,0,0,0,0,0,0,92,103,0,29,105,309,255,114,6,34,0,0,0,0,0,0,0,0,0,0,0,0,0,0,0,0,0,0,0,0,0,0,0,0,0,0,0,0,0,0,0,0,0,0,0,0,0,0,0,0,0,0,0,0,0,0,0,0,0,0,0,0,0,0,0,0,0,0,0,0,0,0,0,0,0,0,0,0,0,0,0,0,0,0,0,0,0,0,0,0,0,0,0,0,0,0,0,0,0,0,0,0,0,0,0,0,0,0,0,0,0,0,0,0,0,0,0,0,0,0,0,0,0,0,0,0,0,0,0,0,0,0,0,0,0,45,20,78,0,0,0,18,0,0,0,233,0,0,0,0,0,0,0,0,0,0,0,0,0,0,0,0,0,0,0,0,0,0,0,0,102,46,0,0,0,0,16,0,0,0,0,0,0,0
0,50,0,0,0,34,0,0,0,0,0,200,116,468,0,0,0,0,0,0,0,0,0,0,0,0,155,24,0,0,0,0,0,0,0,0,0,0,0,0,92,0,52,85,49,0,148,133,0,234,0,18,0,0,0,0,0,0,0,0,0,0,0,0,0,0,0,0,0,0,0,0,0,0,0,0,0,0,0,0,0,0,0,0,0,0,0,0,0,0,0,0,0,0,0,0,0,0,0,0,0,0,0,0,0,0,0,0,0,0,0,1,0,0,0,0,0,0,0,0,0,0,0,0,0,0,0,0,0,0,0,0,0,0,0,0,0,0,0,0,0,0,0,0,0,0,0,0,0,12,0,0,0,0,0,0,0,0,0,0,0,0,0,0,0,5,0,0,0,0,0,0,0,0,0,0,0,169,0,24,0,43,0,13,0,26,70,40,0,0,0,0,0,0,0,0,0,0,0,0,0,0,0,0,0,0,0,0,0,0,0,0,0,0,0,0,0,0,0,40,0,0,0,0,23
0,0,0,0,0,0,0,0,0,0,0,0,85,68,0,0,0,0,53,0,5,0,0,0,0,0,320,114,25,0,0,0,43,0,66,0,88,0,0,0,103,52,0,0,214,61,110,174,71,0,45,0,0,0,0,0,1,0,9,0,0,0,0,0,0,0,0,0,0,0,10,0,0,0,0,0,0,0,0,0,0,0,0,0,0,0,0,0,2,0,0,0,0,0,0,0,0,0,0,0,0,0,0,0,0,0,0,0,0,0,0,0,0,0,0,0,0,0,0,0,0,0,0,0,0,0,0,0,0,0,0,0,0,0,0,0,0,0,0,0,0,0,0,0,0,0,0,0,0,0,0,0,0,0,0,0,0,0,0,0,0,0,0,0,56,3,15,0,24,0,4,0,8,0,0,0,19,0,0,0,0,0,0,0,0,0,254,0,4,0,0,0,0,0,0,0,0,0,0,0,0,0,0,0,0,0,0,0,0,0,21,120,208,0,11,0,0,4,0,0,0,0,0,0,0
0,0,0,0,0,0,0,0,0,0,0,3,77,83,0,2,0,42,20,72,0,43,1,42,0,0,56,266,0,22,0,56,0,118,0,101,0,145,0,7,0,85,0,0,0,262,28,53,0,32,0,76,0,0,0,0,0,0,0,15,0,0,0,8,0,0,0,5,0,0,0,0,0,1,0,0,0,0,0,0,0,0,0,0,0,96,0,56,0,0,0,0,0,0,0,0,0,0,0,82,0,0,0,0,0,0,0,0,0,0,0,0,0,0,0,0,0,0,0,0,0,75,0,40,0,0,0,0,0,0,0,0,0,0,0,361,0,0,0,0,0,0,0,317,0,79,0,0,0,0,0,0,0,0,0,6,0,0,0,0,0,0,0,7,0,43,0,33,0,0,0,5,0,0,0,0,0,47,1,0,0,0,0,0,0,0,7,145,0,0,0,0,0,0,0,0,0,0,0,0,0,0,0,0,0,0,0,0,0,0,0,0,0,0,61,0,0,0,202,312,164,0,0,0,7
0,0,0,0,0,0,0,0,0,0,27,0,37,0,0,4,16,0,10,0,48,0,0,0,0,0,214,0,0,0,40,0,31,0,57,0,234,0,15,0,29,49,214,0,0,40,139,118,210,11,70,0,0,0,0,0,0,0,34,0,0,0,0,0,0,0,0,0,0,0,62,0,0,0,0,0,30,0,0,0,203,0,150,0,0,0,100,0,0,0,0,0,0,0,128,0,0,0,0,0,125,0,43,0,0,0,0,0,0,0,0,0,0,0,0,0,0,0,0,0,0,0,0,0,0,0,0,0,0,0,0,0,0,0,29,0,0,0,0,0,0,0,0,0,0,0,0,0,0,0,0,0,0,0,0,0,0,0,0,0,0,0,0,0,164,0,52,0,83,0,0,0,39,0,0,0,10,8,0,0,0,0,11,0,0,0,97,7,0,0,0,0,0,0,0,0,0,0,0,0,0,0,0,0,0,0,0,0,0,0,64,200,310,24,19,12,0,90,0,0,0,0,0,0,0
0,0,0,0,0,0,0,0,0,0,0,24,96,27,0,0,0,0,0,14,0,22,0,0,0,0,159,336,0,0,0,0,0,40,0,18,0,89,0,0,105,0,61,262,40,0,131,189,4,183,37,133,0,0,0,0,0,7,0,0,0,5,0,3,0,0,0,0,0,14,0,0,0,0,0,0,0,0,0,0,0,149,0,49,0,0,0,0,0,0,0,0,0,0,0,0,0,0,0,0,0,69,0,14,0,0,0,0,0,0,0,0,0,0,0,0,0,0,0,0,0,95,0,52,0,0,0,0,0,0,0,0,0,0,0,0,0,0,0,0,0,0,0,0,0,0,0,0,0,8,0,0,0,0,0,0,0,0,0,0,0,5,0,0,0,205,0,12,0,60,0,0,0,0,0,0,0,57,3,0,0,0,0,0,0,0,61,22,0,0,0,1,0,0,0,0,0,0,0,0,0,0,0,0,0,0,0,0,0,0,0,0,0,0,23,0,0,0,74,353,193,0,0,0,131
65,0,72,0,162,0,19,0,0,0,129,0,264,0,55,0,0,0,21,0,0,0,29,0,0,0,134,0,0,0,0,0,0,0,0,0,0,0,0,0,309,148,110,28,139,131,0,330,215,21,42,0,0,0,0,0,0,0,0,0,0,0,0,0,0,0,0,0,7,0,0,0,0,0,0,0,0,0,0,0,0,0,0,0,0,0,0,0,0,0,0,0,0,0,0,0,0,0,0,0,0,0,0,0,0,0,0,0,0,0,0,0,0,0,0,0,0,0,0,0,0,0,0,0,0,0,0,0,0,0,0,0,0,0,0,0,0,0,0,0,0,0,0,0,0,0,0,0,40,0,0,0,0,0,0,0,0,0,0,0,0,0,0,0,89,0,10,0,25,0,0,0,0,0,0,0,0,23,63,0,0,0,43,0,0,0,366,0,0,0,0,0,0,0,0,0,0,0,0,0,0,0,0,0,0,0,0,0,0,0,0,401,176,0,12,3,0,129,0,0,0,0,0,0,0
0,127,0,0,0,153,0,0,0,20,0,185,329,243,0,0,0,0,107,42,0,0,0,0,0,0,388,335,0,0,0,0,0,0,0,0,7,0,0,0,255,133,174,53,118,189,330,0,0,172,132,0,0,0,0,0,0,0,0,0,0,0,0,0,0,0,0,0,0,0,0,0,0,0,0,0,0,0,0,0,0,0,0,0,0,0,0,0,0,0,0,0,0,0,0,0,0,0,0,0,0,0,0,0,0,0,0,0,0,0,0,0,0,0,0,0,0,0,0,0,0,0,0,0,0,0,0,0,0,0,0,0,0,0,0,0,0,0,0,0,0,0,0,0,0,0,0,0,0,0,0,0,0,0,0,0,0,0,0,0,0,0,0,0,0,29,0,0,0,0,0,0,0,0,0,0,13,147,0,5,0,0,0,0,0,0,129,48,0,0,0,0,0,0,0,0,0,0,0,0,0,0,0,0,0,0,0,0,0,0,0,0,0,0,0,0,0,0,0,308,90,0,0,0,62
9,0,19,0,15,0,17,0,4,0,18,0,31,0,0,0,0,0,9,0,9,0,6,0,0,0,50,0,0,0,0,0,8,0,0,0,16,0,1,0,114,0,71,0,210,4,215,0,0,0,28,0,0,0,10,0,25,0,23,0,4,0,0,0,0,0,0,0,27,0,5,0,0,0,0,0,12,0,0,0,11,0,34,0,11,0,9,0,6,0,8,0,47,0,28,0,42,0,13,0,20,0,18,0,10,0,28,0,0,0,0,0,0,0,0,0,0,0,0,0,0,0,1,0,0,0,0,0,0,0,43,0,0,0,16,0,0,0,0,0,0,0,0,0,5,0,0,0,0,0,18,0,0,0,0,0,5,0,0,1,44,0,11,0,41,0,24,0,51,0,5,0,18,0,0,0,35,0,54,0,0,0,15,0,7,0,138,0,19,0,0,0,0,0,0,0,0,0,0,0,12,0,41,0,52,0,0,0,0,0,152,100,331,22,159,41,14,45,0,0,0,0,0,0,0
0,9,0,0,0,0,0,7,0,0,0,40,0,80,0,0,0,0,0,0,1,4,0,0,0,0,0,30,0,0,0,0,0,0,0,3,0,0,0,0,6,234,0,32,11,183,21,172,0,0,0,23,0,0,0,3,0,3,0,7,0,1,0,0,0,0,0,2,0,0,0,0,0,0,0,0,0,7,0,0,0,5,0,2,0,4,0,0,0,2,0,0,0,9,0,4,0,0,0,0,0,8,0,1,0,2,0,1,0,0,0,0,0,0,0,0,0,0,0,0,0,0,0,0,0,3,0,0,0,0,0,0,0,0,0,0,0,0,0,0,0,0,0,0,0,0,0,0,0,0,0,0,0,0,0,0,0,2,0,0,0,0,0,5,0,37,0,14,0,6,0,0,0,2,0,0,0,143,0,7,0,63,0,0,0,0,50,61,0,1,0,0,0,0,0,0,0,0,0,3,0,6,0,4,0,4,0,0,0,0,0,0,0,0,20,0,0,0,68,27,25,5,4,3,45
5,0,0,0,71,0,0,0,0,0,0,0,296,146,23,0,4,0,280,39,38,0,0,0,0,0,282,215,7,0,20,0,27,0,179,0,126,0,5,0,34,0,45,0,70,37,42,132,28,0,0,0,0,0,0,0,18,0,22,0,0,0,0,0,0,0,0,0,8,0,0,0,0,0,0,0,0,0,0,0,0,0,0,0,0,0,0,0,0,0,0,0,0,0,26,0,71,0,0,0,0,0,0,0,0,0,0,0,0,0,0,0,0,0,0,0,0,0,0,0,0,0,0,0,0,0,0,0,0,0,0,0,0,0,0,0,0,0,0,0,0,0,0,0,0,0,0,0,0,0,0,0,0,0,0,0,0,0,0,0,5,0,14,0,163,0,92,0,115,0,30,0,92,0,0,0,55,0,0,0,0,0,0,0,0,0,128,0,0,0,0,0,0,0,0,0,0,0,0,0,0,0,0,0,0,0,0,0,0,0,86,163,281,31,38,0,3,2,0,0,0,0,0,0,0
0,0,0,0,0,40,0,0,0,0,0,0,0,280,4,0,0,0,11,170,2,36,0,0,0,0,0,326,0,11,0,23,0,44,6,76,0,116,0,0,0,18,0,76,0,133,0,0,0,23,0,0,0,0,0,0,0,0,0,32,0,5,0,3,0,0,0,0,0,0,0,0,0,0,0,0,0,28,0,0,0,121,0,0,0,74,0,35,0,0,0,0,0,0,0,0,0,0,0,65,0,68,0,0,0,0,0,0,0,0,0,0,0,0,0,0,0,0,0,0,0,70,0,0,0,0,0,0,0,11,1,0,0,0,0,204,0,153,0,0,0,75,0,247,0,75,0,0,0,0,0,0,0,0,0,0,0,0,0,0,0,0,0,9,0,65,0,35,0,136,0,0,0,25,0,0,0,15,0,5,0,0,0,0,0,0,0,55,0,0,0,0,0,0,0,0,0,0,0,0,0,0,0,0,0,0,0,0,0,0,0,0,0,0,65,0,0,0,140,279,249,26,0,0,8
0,0,4,0,0,0,22,27,34,108,0,0,0,0,0,0,87,0,0,0,15,0,0,0,81,0,0,0,12,0,5,0,2,0,0,0,0,0,6,0,0,0,0,0,0,0,0,0,0,0,0,0,0,11,97,50,69,19,51,60,39,3,103,11,3,0,5,81,0,0,0,0,0,0,1,0,0,0,0,0,6,0,0,0,0,0,0,0,0,0,0,0,0,0,0,0,0,0,0,0,0,0,0,0,0,0,0,0,0,0,0,0,0,0,0,0,0,0,0,0,0,0,0,0,7,0,10,0,74,0,25,0,9,0,0,0,57,0,138,0,27,0,48,0,4,0,0,0,0,0,0,0,0,0,174,0,89,0,200,0,17,0,0,0,0,0,3,0,5,0,42,0,0,0,0,0,29,15,0,0,1,0,0,0,2,0,0,0,0,0,0,0,0,0,0,0,0,0,3,0,0,0,0,0,0,0,2,0,0,0,68,409,60,79,88,1,26,0,0,0,0,0,0,0,0
0,1,0,0,0,0,0,51,29,33,0,0,0,0,0,0,0,16,0,0,0,0,0,0,0,4,0,4,0,3,0,2,0,4,0,0,0,0,0,5,0,0,0,0,0,0,0,0,0,0,0,0,11,0,51,149,16,162,57,28,0,58,0,96,0,17,0,8,0,0,0,0,0,0,0,0,0,0,0,0,0,0,0,0,0,0,0,0,0,0,0,0,0,0,0,0,0,0,0,0,0,2,0,0,0,0,0,0,0,0,0,0,0,0,0,0,0,0,0,0,0,0,0,0,0,0,0,0,0,84,0,8,0,94,0,122,0,126,0,147,0,23,0,0,0,8,0,0,0,50,0,0,0,0,0,105,0,37,0,106,0,2,0,0,0,0,0,0,0,0,0,0,0,6,0,0,0,62,0,0,0,0,0,0,0,40,0,0,0,0,0,0,0,0,0,0,0,0,0,0,0,0,0,0,0,0,0,0,0,0,0,0,0,0,36,0,0,0,27,494,32,72,6,2,0
0,10,29,0,15,0,222,117,62,399,0,0,0,0,117,0,60,0,0,0,54,0,107,0,155,19,0,0,21,0,15,0,11,0,0,0,0,0,0,2,0,0,0,0,0,0,0,0,10,0,0,0,97,51,0,89,93,18,23,53,43,0,116,65,2,0,13,91,0,0,0,0,0,0,0,0,0,0,0,0,0,0,0,0,0,0,0,0,0,0,0,0,0,0,0,0,0,0,0,0,0,0,0,0,0,0,0,0,0,0,0,0,0,0,0,0,0,0,0,0,0,0,0,0,9,0,0,0,34,0,13,0,3,0,0,0,0,0,0,0,0,0,0,0,1,0,6,0,0,0,0,0,0,0,15,0,10,0,0,0,20,0,0,0,6,0,0,0,0,0,114,0,24,0,0,0,105,98,1,0,0,0,0,0,0,0,0,0,0,0,0,0,0,0,0,0,0,0,0,0,0,0,0,0,0,0,0,0,0,0,291,129,104,342,402,7,151,5,0,0,0,0,0,0,0
0,15,0,104,0,30,0,475,112,62,0,0,0,0,1,113,0,59,0,42,0,15,0,164,0,162,0,0,0,20,0,5,0,0,0,4,0,0,0,9,0,0,0,0,0,0,0,0,0,3,0,0,50,149,89,0,44,274,144,69,0,0,11,121,0,5,101,11,0,0,0,0,0,0,0,0,0,2,0,0,0,0,0,0,0,0,0,0,0,0,0,0,0,0,0,0,0,0,0,0,0,0,0,0,0,0,0,0,0,0,0,0,0,0,0,0,0,0,0,0,0,0,0,0,0,90,0,0,0,80,0,137,0,64,6,98,0,210,1,44,0,0,0,0,0,3,0,0,0,21,0,0,0,0,0,25,0,0,0,59,0,9,0,0,0,4,0,2,0,26,0,39,0,0,0,0,12,52,0,0,0,0,0,0,0,8,0,0,0,0,0,0,0,0,0,0,0,0,0,0,0,0,0,0,0,0,0,0,0,92,0,0,0,0,288,0,0,0,193,590,192,412,32,22,0
0,0,0,0,0,0,15,0,2,33,0,0,0,0,0,0,22,0,0,0,0,0,0,0,44,0,0,0,0,0,0,0,0,0,0,0,0,0,0,0,0,0,1,0,0,0,0,0,25,0,18,0,69,16,93,44,0,41,373,118,8,0,16,0,44,33,10,181,0,0,0,0,0,0,0,0,0,0,0,0,0,0,0,0,0,0,0,0,0,0,0,0,0,0,0,0,0,0,0,0,0,0,0,0,0,0,0,0,0,0,0,0,0,0,0,0,0,0,0,0,0,0,0,0,0,0,23,0,71,0,39,0,6,0,31,0,0,0,2,0,0,0,0,0,5,0,0,0,1,0,0,0,0,0,141,16,25,0,76,0,141,19,0,0,0,0,29,0,59,0,220,0,41,0,0,1,0,0,0,0,0,0,0,0,4,8,0,0,0,0,0,0,0,0,0,0,0,0,0,0,0,0,0,0,0,0,0,0,24,0,666,119,456,541,829,0,238,0,4,0,0,0,0,0,0
0,0,0,6,0,0,0,92,9,19,0,0,0,0,0,0,0,122,0,0,0,0,0,0,0,85,0,0,0,19,0,0,0,2,0,0,0,8,0,4,0,0,0,0,0,7,0,0,0,3,0,0,19,162,18,274,41,0,126,260,0,21,0,52,14,13,71,15,0,4,0,0,0,0,0,0,0,8,0,0,0,0,0,4,0,0,0,0,0,0,0,0,0,0,0,0,0,0,0,0,0,0,0,0,0,0,0,0,0,0,0,0,0,0,0,0,0,0,0,0,0,0,0,0,0,57,0,10,0,60,0,103,0,0,0,0,0,47,0,21,0,5,0,0,0,0,0,6,0,7,0,0,0,0,7,153,0,31,0,122,3,42,0,0,0,16,0,11,0,71,0,177,0,0,0,0,3,0,0,0,0,0,0,0,4,1,0,0,0,0,0,0,0,0,0,0,0,0,0,0,0,0,0,0,0,0,0,0,0,16,0,0,0,0,486,0,0,0,461,271,495,707,85,19,0
22,0,18,0,23,0,71,0,257,129,0,0,16,0,0,0,0,0,0,0,0,0,0,0,0,0,0,0,4,1,0,0,0,0,0,0,14,0,0,0,0,0,9,0,34,0,0,0,23,0,22,0,51,57,23,144,373,126,0,324,67,0,27,0,72,31,141,361,0,0,0,0,0,0,0,0,0,0,0,0,0,0,0,0,0,0,0,0,0,0,0,0,0,0,0,0,0,0,0,0,0,0,1,0,0,0,0,0,0,0,0,0,0,0,0,0,0,0,0,0,0,0,0,0,9,0,0,0,0,0,44,0,7,0,0,0,0,0,0,4,0,0,0,0,1,0,4,1,5,0,0,0,0,0,54,13,71,0,0,2,35,0,0,0,0,0,39,0,24,0,190,0,48,0,4,0,199,0,0,0,74,0,0,0,155,25,0,0,0,0,0,0,0,0,0,0,0,0,0,0,0,0,0,0,0,0,0,0,0,0,1018,235,274,562,1002,27,186,0,7,0,0,0,0,0,0
0,7,0,21,0,11,0,105,0,136,0,0,0,0,0,0,0,14,0,0,0,0,0,0,0,4,0,0,0,2,0,0,0,0,0,0,0,0,0,0,0,0,0,15,0,0,0,0,0,7,0,32,60,28,53,69,118,260,324,0,0,0,0,15,32,164,174,138,0,0,0,0,0,0,0,0,0,0,0,0,0,0,0,0,0,0,0,0,0,0,0,0,0,0,0,0,0,0,0,0,0,0,0,1,0,0,0,0,0,0,0,0,0,0,0,0,0,0,0,0,0,0,0,0,0,52,0,0,0,1,0,31,0,0,0,0,0,4,0,0,0,0,0,0,0,5,0,0,0,9,0,4,0,0,18,34,0,78,0,4,19,35,0,0,0,16,0,36,0,45,0,82,0,0,0,3,36,28,0,0,7,0,0,0,11,80,0,0,0,0,0,0,0,0,0,0,0,0,0,0,0,0,0,0,0,0,0,0,0,0,0,0,1,0,1022,0,0,0,1231,420,690,988,176,14,0
15,0,8,0,0,0,94,0,178,0,0,0,0,0,0,0,0,0,0,0,1,0,0,0,0,0,3,0,8,0,0,0,0,0,0,0,30,0,25,0,0,0,0,0,0,0,0,0,4,0,0,0,39,0,43,0,8,0,67,0,0,0,40,0,0,0,0,0,0,0,0,0,3,0,27,0,0,0,0,0,0,0,0,0,0,0,0,0,0,0,0,0,0,0,0,0,0,0,0,0,0,0,0,0,0,0,0,0,0,0,0,0,0,0,0,0,0,0,0,0,5,0,0,0,0,0,0,0,0,0,0,0,0,0,0,0,0,0,211,0,116,0,0,0,310,0,0,0,0,0,0,0,0,0,96,0,176,0,44,0,1,0,34,0,3,0,0,0,7,0,179,0,63,0,0,0,81,0,0,0,0,0,12,0,0,0,0,0,0,0,0,0,0,0,0,0,0,0,0,0,0,0,0,0,0,0,0,0,2,0,24,210,86,137,76,0,58,3,0,0,0,0,0,0,0
0,40,0,0,0,0,10,238,0,124,0,0,0,0,0,0,0,6,0,0,0,3,0,1,0,8,0,0,0,42,0,0,0,4,0,0,0,11,1,11,0,0,0,0,0,5,0,0,0,1,0,5,3,58,0,0,0,21,0,0,0,0,0,45,0,0,0,0,0,0,0,0,0,0,0,0,0,1,0,0,0,0,0,0,0,0,0,2,0,0,0,0,0,1,0,0,0,0,0,1,0,0,0,0,0,0,0,0,0,0,0,0,0,0,0,0,0,0,0,0,0,0,0,0,0,0,0,0,0,0,0,3,0,0,0,0,0,0,0,92,0,84,0,0,0,238,0,0,0,6,0,0,0,0,0,21,0,166,0,44,0,4,0,7,0,7,0,3,0,31,0,136,0,171,0,0,0,16,0,0,0,0,0,6,0,0,0,0,0,0,0,0,0,0,0,0,0,0,0,0,0,0,0,0,0,0,0,0,0,0,0,0,0,0,73,0,0,0,42,401,162,164,0,7,0
0,0,0,0,7,0,298,80,247,52,0,0,0,0,12,0,182,0,32,0,115,0,0,0,30,31,90,0,63,3,78,0,29,0,8,0,12,0,35,0,0,0,0,0,0,0,0,0,0,0,0,0,103,0,116,11,16,0,27,0,40,0,0,16,0,0,9,0,0,0,0,0,0,0,21,0,0,0,0,0,0,0,0,0,0,0,16,0,0,0,0,0,0,0,0,0,0,0,0,0,0,0,0,0,0,0,0,0,0,0,0,0,0,0,0,0,0,0,0,0,13,0,14,0,3,0,0,0,38,0,7,0,0,0,0,0,41,1,147,0,98,0,129,0,34,0,0,0,0,0,0,0,0,0,121,0,27,0,58,0,0,0,0,0,0,0,0,0,0,0,11,0,18,0,0,0,114,18,0,0,0,0,11,0,6,0,0,0,0,0,0,0,0,0,0,0,0,0,0,0,0,0,0,0,0,0,0,0,0,0,17,344,10,0,0,0,0,0,0,0,0,0,0,0,0
0,20,0,11,0,0,49,526,89,103,0,0,0,0,0,3,0,28,0,12,0,17,3,45,0,112,0,26,0,27,0,11,0,17,0,9,0,23,0,15,0,0,0,8,0,3,0,0,0,0,0,3,11,96,65,121,0,52,0,15,0,45,16,0,0,0,0,5,0,0,0,0,0,0,0,0,0,0,0,0,0,0,0,7,0,0,0,0,0,0,0,0,0,0,0,0,0,0,0,1,0,0,0,0,0,0,0,0,0,0,0,0,0,0,0,0,0,0,0,0,0,8,0,0,0,0,0,0,0,16,0,7,0,18,0,34,0,73,0,0,0,30,0,0,0,20,0,0,0,9,0,0,0,0,0,19,0,31,0,66,0,0,0,0,0,0,0,0,0,0,0,7,1,21,0,0,6,101,0,0,0,0,0,0,0,0,0,0,0,0,0,0,0,0,0,0,0,0,0,0,0,0,0,0,0,0,0,0,0,0,0,0,0,0,13,0,0,0,12,337,35,42,4,1,0
28,0,14,0,43,0,47,0,183,0,0,0,0,0,0,0,0,0,0,0,0,0,4,0,0,2,0,0,0,0,0,0,0,0,0,0,0,0,0,0,0,0,0,0,0,0,0,0,0,0,0,0,3,0,2,0,44,14,72,32,0,0,0,0,0,36,147,29,0,0,0,0,0,0,0,0,0,0,0,0,0,0,0,0,0,0,0,0,0,0,0,0,0,0,0,0,0,0,0,0,0,0,0,0,0,0,0,0,0,0,0,0,0,0,0,0,0,0,0,0,0,0,0,0,8,0,21,0,0,0,33,0,1,0,5,0,0,0,6,9,0,0,0,0,23,10,20,0,64,9,13,0,0,0,3,21,0,0,1,0,294,70,0,0,0,0,2,0,0,0,7,0,0,0,26,3,12,2,0,0,391,43,3,0,175,0,0,0,0,0,0,0,0,0,0,0,3,0,0,0,0,0,0,0,0,0,0,0,12,0,101,0,0,0,58,0,0,0,0,0,0,0,1,0,0
0,75,0,0,0,88,0,19,0,370,0,31,0,19,0,15,0,0,0,60,0,0,0,0,0,0,0,122,0,0,0,0,0,0,0,0,0,0,0,0,0,0,0,0,0,0,0,0,0,0,0,0,0,17,0,5,33,13,31,164,0,0,0,0,36,0,0,341,0,0,0,0,0,0,0,0,0,0,0,0,0,0,0,0,0,0,0,0,0,0,0,0,0,0,0,0,0,0,0,0,0,0,0,0,0,0,0,0,0,0,0,0,0,0,0,0,0,0,0,0,0,3,0,0,0,34,0,54,0,0,82,78,0,0,0,7,2,0,44,6,0,0,0,0,31,32,0,92,0,305,0,50,0,0,15,0,2,0,56,2,61,252,0,0,0,0,0,0,0,4,0,0,0,0,0,48,0,0,0,0,72,208,0,4,0,61,0,0,0,0,0,0,0,0,0,0,0,0,0,0,0,0,0,0,0,0,0,18,0,30,0,0,0,0,99,0,0,0,161,46,0,0,0,0,0
30,0,9,0,0,0,21,0,203,0,0,0,0,0,0,0,0,0,0,0,0,0,0,0,0,0,0,0,0,0,0,0,0,0,0,0,1,0,0,0,0,0,0,0,0,0,0,0,0,0,0,0,5,0,13,101,10,71,141,174,0,0,9,0,147,0,0,112,0,0,0,0,0,0,0,0,0,0,0,0,0,0,0,0,0,0,0,0,0,0,0,0,0,0,0,0,0,0,0,0,0,0,0,0,0,0,0,0,0,0,0,0,0,0,0,0,0,0,0,0,0,0,0,0,0,0,4,0,0,0,19,0,0,0,0,0,0,0,0,1,0,0,0,0,1,0,0,0,18,2,0,0,0,0,6,0,8,0,0,0,37,0,0,0,0,0,0,0,0,0,41,0,6,0,0,0,332,22,0,0,0,0,0,0,432,0,0,0,0,0,0,0,0,0,0,0,0,0,0,0,0,0,0,0,0,0,0,0,0,0,96,26,0,59,58,0,0,1,0,0,0,0,0,0,0
0,5,0,0,0,0,0,10,23,289,0,0,0,0,0,0,0,0,0,0,0,0,0,0,0,1,0,0,0,0,0,0,0,0,0,4,0,0,0,0,0,0,0,5,0,0,0,0,0,2,0,0,81,8,91,11,181,15,361,138,0,0,0,5,29,341,112,0,0,0,0,0,0,0,0,0,0,0,0,0,0,1,0,0,0,0,0,0,0,0,0,0,0,0,0,1,0,0,0,0,0,0,0,0,0,0,0,0,0,0,0,0,0,0,0,0,0,0,0,0,0,0,0,0,0,40,0,6,0,0,0,35,0,0,0,0,0,0,0,0,0,0,0,0,0,8,0,0,0,35,0,0,0,0,23,11,0,15,6,0,24,69,0,0,0,0,0,8,0,9,0,0,0,0,0,25,85,51,0,0,20,0,0,0,0,439,0,0,0,0,0,0,0,0,0,0,0,0,0,0,0,0,0,0,0,0,0,0,0,0,0,0,1,0,257,0,0,0,324,301,0,0,44,0,0
0,0,0,0,0,0,1,0,0,0,0,0,0,0,0,0,0,0,0,0,0,0,0,0,0,0,0,0,0,0,0,0,0,0,0,0,0,0,0,0,0,0,0,0,0,0,7,0,27,0,8,0,0,0,0,0,0,0,0,0,0,0,0,0,0,0,0,0,0,0,0,0,23,0,0,0,269,0,42,0,0,0,22,0,0,0,14,0,29,0,0,0,61,0,24,0,0,0,0,0,11,0,347,0,57,0,0,0,80,0,14,0,10,0,12,0,4,0,0,0,0,2,0,0,0,0,0,0,0,0,0,0,0,0,0,0,0,0,0,0,0,0,0,0,0,0,0,0,0,0,0,0,0,0,0,0,0,0,0,0,0,0,13,0,26,0,0,0,137,0,0,0,0,0,0,0,0,0,0,0,0,3,0,0,0,0,0,0,0,0,0,0,0,0,0,0,0,0,0,0,0,0,0,0,0,0,0,0,0,0,116,8,111,0,9,93,177,0,0,0,0,0,0,0,0
0,0,0,1,0,0,0,0,0,0,0,0,0,0,0,0,0,0,0,0,0,0,0,0,0,0,0,0,0,0,0,0,0,0,0,0,0,0,0,0,0,0,0,0,0,14,0,0,0,0,0,0,0,0,0,0,0,4,0,0,0,0,0,0,0,0,0,0,0,0,0,0,0,0,0,0,0,84,0,0,0,0,0,27,0,0,0,20,0,27,0,0,0,109,0,23,0,0,0,15,0,51,0,227,0,0,0,0,0,15,0,0,0,20,0,1,0,6,0,0,0,0,0,0,0,0,0,0,0,0,0,0,0,0,0,0,0,0,0,0,0,0,0,0,0,0,0,0,0,0,0,0,0,0,0,0,0,0,0,0,0,4,0,0,0,107,0,0,0,83,0,0,0,0,0,0,0,0,0,0,0,7,0,0,0,0,0,5,0,0,0,0,0,0,0,0,0,0,0,0,0,0,0,0,0,0,0,0,0,0,0,0,0,0,7,0,0,0,81,38,133,2,89,153,9
0,0,0,0,0,0,0,0,0,0,0,0,0,0,0,0,0,0,0,0,50,0,0,0,0,0,119,0,14,0,17,0,28,0,12,0,89,0,39,0,0,0,10,0,62,0,0,0,5,0,0,0,0,0,0,0,0,0,0,0,0,0,0,0,0,0,0,0,0,0,0,0,231,0,177,0,10,0,290,0,8,1,12,0,2,0,39,0,0,0,0,0,0,0,0,0,0,0,0,1,0,0,0,0,0,0,0,0,0,0,0,0,0,0,0,0,0,0,0,0,29,0,5,0,0,0,0,0,0,0,18,29,0,0,35,0,17,0,6,6,95,0,0,0,98,0,24,16,73,28,0,0,25,7,0,0,9,0,1,0,0,0,72,0,0,0,22,0,24,0,76,0,69,0,34,0,0,0,0,0,101,31,0,0,6,0,0,0,0,0,0,0,0,0,0,0,0,0,0,0,0,0,0,0,0,0,0,0,0,4,5,0,37,0,0,0,0,0,0,0,0,0,0,0,0
0,0,0,0,0,0,0,0,0,0,0,0,0,0,0,0,0,0,0,0,0,0,0,0,0,0,0,0,0,0,0,0,0,0,0,0,0,6,0,0,0,0,0,0,0,0,0,0,0,0,0,0,0,0,0,0,0,0,0,0,0,0,0,0,0,0,0,0,0,0,0,0,2,137,0,320,0,30,0,14,0,0,0,0,0,0,0,59,0,0,0,0,0,0,0,0,0,0,0,0,0,0,0,0,0,0,0,0,0,0,0,0,0,0,0,0,0,0,0,0,0,7,0,4,2,47,0,0,0,2,0,0,0,19,0,0,6,0,0,1,0,22,5,10,0,154,0,0,0,24,0,20,0,0,0,0,0,0,0,0,1,0,0,16,0,0,0,0,0,0,0,6,0,26,0,22,0,0,0,0,0,32,0,0,0,0,0,0,0,0,0,0,0,0,0,0,0,0,0,0,1,0,0,0,0,0,0,0,0,16,0,0,0,0,3,0,0,0,16,0,9,3,0,0,0
0,0,0,0,0,0,0,0,0,0,0,0,0,0,0,0,0,0,0,0,0,0,0,0,0,0,23,0,0,0,0,0,0,0,0,0,16,0,0,0,0,0,0,0,0,0,0,0,0,0,0,0,0,0,0,0,0,0,0,0,3,0,0,0,0,0,0,0,23,0,231,2,0,0,126,0,68,0,237,0,0,0,25,0,0,0,14,0,0,0,8,0,2,0,18,0,0,0,1,0,0,0,9,0,0,0,0,0,0,0,0,0,0,0,0,0,0,0,0,0,35,0,2,0,11,0,62,0,4,0,10,8,0,0,86,0,47,0,0,0,42,4,113,0,55,0,38,0,21,8,141,0,12,0,0,0,0,0,0,0,0,0,124,0,0,0,0,0,20,0,5,0,0,0,0,0,0,0,0,0,56,14,0,0,4,0,0,0,0,0,0,0,37,0,0,0,1,0,167,0,77,0,0,0,107,0,0,0,128,0,142,0,22,0,11,0,2,0,0,0,0,0,1,0,0
0,0,0,0,0,0,0,0,0,0,0,1,0,0,0,0,0,0,0,0,0,8,0,0,0,0,0,0,0,0,0,0,0,0,0,0,0,0,0,0,0,0,0,1,0,0,0,0,0,0,0,0,0,0,0,0,0,0,0,0,0,0,0,0,0,0,0,0,0,0,0,137,0,0,0,238,0,93,0,66,0,18,0,33,0,8,0,106,0,0,0,0,0,1,0,0,0,0,0,0,0,0,0,2,0,0,0,0,0,0,0,0,0,0,0,0,0,0,0,0,0,36,0,30,0,0,0,0,0,0,0,0,0,0,0,80,0,0,0,0,0,15,0,30,0,66,0,0,0,0,0,103,0,21,0,0,0,0,0,0,0,0,0,42,0,0,0,0,0,6,0,3,0,6,2,0,0,0,0,0,0,0,0,0,0,0,0,0,0,0,0,0,0,0,0,0,0,0,0,0,0,114,0,0,0,0,0,0,0,99,0,0,0,0,0,0,0,0,69,0,16,0,0,0,0
0,0,0,0,0,0,0,0,0,0,0,0,0,0,0,0,10,0,0,0,0,0,0,0,0,0,187,0,33,0,0,0,49,0,0,0,119,0,80,0,0,0,0,0,0,0,0,0,0,0,0,0,1,0,0,0,0,0,0,0,27,0,21,0,0,0,0,0,0,0,177,0,126,0,0,0,12,0,191,0,43,0,56,0,29,0,84,0,0,0,0,0,0,0,12,0,0,6,0,6,0,0,0,0,0,0,0,0,0,0,0,0,0,0,0,0,0,0,0,0,151,7,44,0,0,0,0,0,0,0,0,0,0,0,0,0,7,6,6,0,105,23,114,0,136,0,36,0,78,0,0,0,0,16,0,0,13,0,0,0,0,8,33,0,0,0,0,0,0,0,24,0,54,0,77,0,0,0,0,0,148,44,1,0,0,0,0,0,0,0,0,0,0,0,0,0,0,0,115,0,58,0,0,0,0,0,0,0,0,0,9,4,0,0,0,1,0,0,5,0,0,0,0,0,0
0,0,0,0,0,0,0,0,0,0,0,0,0,0,0,0,0,0,0,0,0,30,0,0,0,0,0,0,0,0,0,9,0,0,0,0,0,21,0,0,0,0,0,0,0,0,0,0,0,0,0,0,0,0,0,0,0,0,0,0,0,0,0,0,0,0,0,0,0,0,0,320,0,238,0,0,0,24,0,55,0,0,0,8,0,5,0,112,0,0,0,0,0,0,0,0,0,0,9,0,0,0,0,0,0,0,0,0,0,0,0,0,0,0,0,0,0,0,0,0,0,197,0,67,0,0,0,0,0,0,0,10,3,0,0,53,11,0,0,3,0,76,0,59,0,344,0,0,0,56,0,0,0,0,0,0,0,0,0,0,6,1,7,39,0,1,0,19,0,15,0,25,0,35,0,65,0,0,0,0,17,67,0,0,0,0,0,0,0,0,0,0,0,0,0,0,0,0,0,0,0,39,0,0,0,0,0,0,0,67,0,0,0,0,0,0,0,0,23,0,31,0,0,0,0
0,0,0,0,0,0,0,0,0,0,0,0,0,0,0,0,0,0,0,0,0,0,0,0,0,0,0,0,0,0,0,0,0,0,0,0,0,0,0,0,0,0,0,0,30,0,0,0,12,0,0,0,0,0,0,0,0,0,0,0,0,0,0,0,0,0,0,0,269,0,10,0,68,0,12,0,0,0,26,0,0,0,28,0,0,0,49,0,6,0,16,0,52,0,32,0,40,0,0,0,8,0,212,0,60,0,107,0,19,0,0,0,3,0,0,0,4,0,0,0,16,0,0,0,0,0,0,0,0,0,0,0,0,0,0,0,0,0,0,0,0,0,0,0,0,1,0,0,0,0,0,0,0,0,0,0,0,0,0,0,0,0,0,0,53,0,0,0,54,0,0,0,0,0,9,0,0,0,0,0,0,0,0,0,0,0,0,0,72,0,0,0,0,0,94,0,0,0,0,0,66,0,55,0,113,0,0,0,9,0,97,18,43,3,0,32,5,0,3,0,0,0,0,0,0
0,0,0,0,0,0,0,0,0,0,0,0,0,0,0,0,0,0,0,0,0,0,0,0,0,0,0,0,0,0,0,0,0,0,0,0,0,0,0,0,0,0,0,0,0,0,0,0,0,7,0,28,0,0,0,2,0,8,0,0,0,1,0,0,0,0,0,0,0,84,0,30,0,93,0,24,0,0,0,17,0,74,0,153,0,0,0,176,0,14,0,0,0,88,0,29,0,0,0,16,0,48,0,198,0,43,0,0,0,20,0,0,0,0,0,0,0,23,0,0,0,38,0,0,0,0,0,0,0,2,0,0,0,0,0,0,0,0,0,0,0,0,0,0,0,11,0,0,0,0,0,0,0,0,0,0,0,0,0,1,0,0,0,0,0,84,0,0,0,54,0,0,0,0,0,0,0,3,0,0,0,0,0,0,0,2,0,0,0,0,0,0,0,0,0,0,0,0,0,0,0,103,0,0,0,129,0,0,0,0,0,0,0,0,0,0,0,0,72,23,78,0,19,2,3
0,0,0,0,0,0,0,0,0,0,0,0,0,0,0,0,0,0,0,0,0,0,0,0,0,0,0,0,0,0,0,0,0,0,0,0,0,0,0,0,0,0,0,0,0,0,0,0,0,0,0,0,0,0,0,0,0,0,0,0,0,0,0,0,0,0,0,0,42,0,290,0,237,0,191,0,26,0,0,0,20,0,57,0,18,0,73,0,0,0,0,0,0,0,15,0,0,0,0,0,1,0,65,0,0,0,87,0,5,0,0,0,0,0,0,0,2,0,0,0,143,0,17,4,0,0,0,0,0,0,0,0,0,0,76,0,0,3,0,0,66,0,114,0,58,0,0,0,0,0,0,0,14,0,0,0,0,0,0,0,0,0,33,0,0,0,0,0,24,0,0,0,0,0,0,0,0,0,0,0,0,0,0,0,0,0,0,0,0,0,0,0,0,0,0,0,3,0,0,1,168,0,0,0,0,0,0,0,0,0,80,0,13,0,6,0,0,0,0,0,0,0,0,0,0
