0,111,22,109,58,0,24,57,59,7,78,0,60,0,0,103,121,55,4,0,33,0,89,187,11,135,0,0,45,8,12,0,264,0,0,0,115,0,264,0,11,0,0,0,0,0,0,0,0,0,5,0,0,0,0,0,0,0,0,0,26,1,0,1,33,0,17,0,0,0,2,0,0,0,0,0,0,0,0,0,0,0,0,0,0,0,0,0,0,0,0,0,0,0,0,0,0,0,0,0,0,0,0,0,0,0,2,0,0,0,0,0,0,0,0,0,0,0,0,0,0,0,0,0,8,0,36,0,0,0,22,0,0,0,0,0,0,0,0,0,0,0,0,0,0,0,0,0,15,0,20,0,1,0,0,0,0,0,0,0,0,0,2,0,7,0,24,0,32,0,52,0,352,0,0,0,436,67,9,0,0,0,54,6,57,0,0,0,0,0,0,0,0,0,0,0,0,0,0,0,0,0,0,0,0,0,0,0,23,0,614,63,482,112,301,1,0,0,4,0,0,0,0,0,0
111,0,149,119,0,134,75,44,70,114,0,177,0,48,0,22,74,60,0,32,0,18,256,132,244,19,0,51,0,202,0,47,0,69,0,0,0,136,0,191,0,7,0,0,0,8,0,26,0,0,0,0,0,1,0,0,0,0,0,3,0,40,8,11,0,61,0,41,0,0,0,0,0,0,0,0,0,0,0,0,0,0,0,0,0,0,0,0,0,0,0,3,0,0,0,0,0,3,0,0,0,0,0,0,0,0,0,0,0,0,0,0,0,0,0,0,0,0,0,0,0,0,0,0,0,0,0,10,0,0,0,6,0,0,0,28,0,0,0,0,0,0,0,0,0,0,0,5,0,17,0,17,0,0,0,4,0,0,0,0,0,3,0,1,0,0,0,0,0,41,0,24,0,161,0,0,89,413,0,0,0,0,0,5,0,122,0,0,0,0,0,0,0,0,0,0,0,0,0,0,0,0,0,0,0,0,0,7,0,21,2,1,0,0,435,0,0,0,735,63,404,103,0,0,0
22,149,0,123,136,0,83,0,15,6,83,81,112,0,166,268,183,33,46,14,50,0,343,190,223,62,40,0,163,0,0,0,265,0,0,0,46,0,332,0,17,0,0,0,4,0,9,0,6,0,0,0,0,0,52,0,0,0,2,0,0,0,16,0,0,0,0,0,0,0,0,0,0,0,0,0,0,0,0,0,0,0,0,0,0,0,0,0,0,0,0,0,0,0,0,0,0,0,0,0,0,0,0,0,0,0,0,0,0,0,0,0,0,0,0,0,0,0,0,0,0,0,0,0,0,0,50,0,5,0,15,0,0,0,64,0,93,0,0,0,12,0,58,0,0,0,47,0,52,0,34,0,15,0,0,0,0,0,0,0,0,0,0,0,7,0,0,0,39,0,40,0,347,0,0,0,227,39,2,0,15,0,24,3,97,0,0,0,0,0,0,0,0,0,0,0,0,0,0,0,19,0,0,0,0,0,4,0,24,0,361,35,324,0,286,0,0,0,0,0,0,0,0,0,0
109,119,123,0,13,158,0,48,0,13,0,20,0,14,10,256,34,7,0,128,0,107,181,230,60,44,1,13,0,40,0,66,0,91,0,53,0,54,0,27,0,0,0,0,0,2,0,10,0,0,0,2,0,3,0,52,0,0,0,2,0,0,0,1,0,3,0,8,0,1,0,0,0,0,0,0,0,0,0,0,0,0,0,0,0,16,0,0,0,0,0,0,0,0,0,0,0,23,0,0,0,0,0,0,0,0,0,0,0,0,0,0,0,0,0,0,0,0,0,0,0,0,0,0,0,0,0,12,0,0,0,10,0,16,0,159,0,185,0,0,0,0,0,0,0,0,0,8,0,0,0,4,0,0,0,2,0,0,0,0,0,3,0,1,0,6,0,0,0,37,0,20,0,209,0,0,47,121,0,2,0,0,0,0,0,3,0,0,0,0,0,0,0,0,0,0,0,0,0,0,0,25,0,0,0,0,0,11,0,48,0,0,0,0,169,0,0,0,176,9,337,0,1,0,0
58,0,136,13,0,305,31,0,85,0,105,111,164,106,169,317,12,0,87,354,240,37,145,16,0,0,127,55,0,0,212,0,243,0,122,26,272,0,0,0,63,0,0,0,4,0,38,0,13,0,40,0,0,0,0,0,4,0,0,0,0,0,0,0,7,0,0,0,0,0,0,0,0,0,0,0,0,0,0,0,0,0,0,0,0,0,0,0,0,0,0,0,0,0,0,0,0,0,0,0,0,0,0,0,0,0,0,0,0,0,0,0,0,0,0,0,0,0,0,0,0,0,0,0,6,1,0,0,0,0,4,0,3,0,20,0,0,0,1,0,0,0,0,0,0,0,41,0,32,0,51,0,51,0,0,0,0,0,1,0,0,0,2,0,15,2,255,0,64,0,8,0,182,0,0,0,333,155,87,0,34,0,130,0,135,0,0,0,0,0,0,0,0,0,0,0,0,0,0,0,0,0,0,0,0,0,0,0,14,0,403,243,496,92,174,0,0,0,0,0,0,0,0,0,0
0,134,0,158,305,0,0,64,0,41,72,151,95,249,423,176,0,0,138,152,70,308,174,117,0,12,0,141,0,3,13,100,0,97,0,260,0,105,0,4,0,14,0,0,0,7,0,93,0,0,0,40,0,1,0,7,0,0,0,5,0,0,0,6,0,74,0,15,0,0,0,0,0,0,0,0,0,0,0,0,0,0,0,0,0,0,0,0,0,0,0,0,0,0,0,0,0,0,0,0,0,0,0,0,0,0,0,0,0,0,0,0,0,0,0,0,0,0,0,3,0,0,0,0,0,13,0,28,0,0,0,0,0,0,0,68,0,78,0,0,0,0,0,0,0,0,0,41,0,63,0,89,0,78,0,0,0,0,0,0,0,0,0,0,0,28,0,277,0,83,0,0,0,103,0,0,101,371,20,31,0,33,0,0,0,223,3,20,0,0,0,0,0,0,0,0,0,0,0,0,0,29,0,0,0,0,0,21,0,69,0,0,0,0,229,0,0,0,354,195,453,84,0,0,0
24,75,83,0,31,0,0,83,50,0,14,0,24,0,29,0,46,28,0,0,0,0,35,30,365,204,0,0,59,0,0,0,0,0,0,1,0,0,248,0,7,0,0,0,0,0,0,0,7,0,7,0,158,20,342,44,15,0,16,0,304,0,449,48,20,0,30,0,0,0,0,0,0,0,0,0,0,0,0,0,0,0,0,0,9,0,0,0,0,0,0,0,0,0,0,0,0,0,0,0,0,0,0,0,0,0,0,0,0,0,0,0,0,0,0,0,0,0,0,0,0,0,0,0,17,0,74,0,0,0,115,0,14,0,37,0,65,0,0,0,0,0,0,0,0,0,15,0,32,0,40,0,3,0,10,0,4,0,0,0,16,0,0,0,4,0,0,0,38,0,311,0,388,0,0,0,101,36,0,0,0,0,1,6,6,0,0,0,0,0,1,0,0,0,0,0,0,0,0,0,5,0,0,0,0,0,0,0,64,0,867,82,793,251,900,0,25,0,0,0,0,0,0,0,0
57,44,0,48,0,64,83,0,149,19,0,27,0,10,0,49,39,16,0,26,0,0,27,21,269,118,0,0,0,166,0,14,0,56,0,0,0,63,1,342,0,0,0,0,0,0,0,0,0,0,0,0,4,17,0,150,1,6,0,17,0,177,24,149,0,0,2,16,0,0,0,0,0,0,0,0,0,0,0,0,0,0,0,0,0,0,0,0,0,0,0,0,0,0,0,0,0,5,0,0,0,0,0,0,0,0,0,0,0,0,0,0,0,0,0,0,0,0,0,0,0,0,0,0,0,15,0,28,0,10,0,25,0,14,0,36,0,55,0,0,0,0,0,0,0,2,0,0,0,8,0,0,0,0,0,0,0,0,0,0,0,7,0,0,0,7,0,0,0,48,0,91,0,315,0,0,45,112,0,0,0,0,0,0,0,0,0,0,0,0,0,0,0,0,0,0,0,1,0,3,0,0,0,0,0,0,0,8,0,39,0,0,0,0,646,0,0,0,753,45,538,169,0,0,0
59,70,15,0,85,0,50,149,0,300,95,0,45,0,7,0,10,49,0,0,0,0,0,0,9,282,25,0,0,0,0,0,0,0,0,0,0,0,23,0,7,0,0,0,5,0,0,0,5,0,0,0,58,71,68,176,19,0,26,0,136,0,91,100,126,0,108,55,0,0,0,0,0,0,0,0,0,0,0,0,0,0,0,0,0,0,0,0,0,0,0,0,0,0,0,0,0,0,0,0,0,0,0,0,0,0,0,0,0,0,0,0,0,0,0,0,0,0,0,0,0,0,0,0,15,0,53,0,0,0,71,0,0,0,4,0,0,0,0,0,0,0,0,0,0,0,22,0,62,0,37,0,0,0,2,0,0,0,0,0,1,0,0,0,5,0,0,0,19,0,157,0,131,0,0,0,586,70,8,0,0,0,33,0,188,42,1,0,0,0,0,0,0,0,0,0,0,0,3,0,0,0,1,0,0,0,0,0,44,0,629,109,310,106,476,0,28,0,0,0,0,0,0,0,0
7,114,6,13,0,41,0,19,300,0,0,48,0,11,0,0,6,10,0,10,0,0,0,0,118,15,0,13,0,0,0,0,0,3,0,0,0,10,0,61,0,0,0,0,0,2,0,0,0,1,0,2,89,139,131,113,11,20,0,29,0,211,106,221,0,95,17,109,0,0,0,0,0,0,0,0,0,0,0,0,0,0,0,0,0,0,0,0,0,0,0,0,0,0,0,0,0,0,0,0,0,0,0,0,0,0,0,0,0,0,0,0,0,0,0,0,0,0,0,0,0,0,0,0,0,77,0,76,0,10,0,42,0,9,0,8,0,18,0,0,0,0,0,0,0,0,0,27,0,28,0,12,0,1,0,8,0,25,0,0,0,11,0,0,0,5,0,0,0,8,0,69,0,58,0,0,101,273,0,1,0,0,0,11,8,168,0,0,0,0,0,0,0,0,0,0,0,0,0,4,0,3,0,0,0,0,0,33,0,47,0,0,0,0,509,0,0,0,662,93,262,199,5,67,0
78,0,83,0,105,72,14,0,95,0,0,26,199,0,25,192,26,0,0,43,209,0,35,7,0,0,18,0,0,0,151,2,244,0,48,0,291,0,3,0,25,0,0,0,6,0,8,0,0,0,10,0,0,0,0,0,0,0,0,0,0,0,0,0,1,0,0,0,0,0,0,0,0,0,0,0,0,0,0,0,0,0,0,0,0,0,0,0,0,0,0,0,0,0,0,0,0,0,0,0,0,0,0,0,0,0,0,0,0,0,0,0,0,0,0,0,0,0,0,0,1,0,0,0,0,0,0,0,0,0,0,0,0,0,4,0,0,0,0,0,0,0,0,0,0,0,9,0,10,0,24,0,0,0,0,0,0,0,0,0,0,0,0,0,0,0,114,0,20,0,7,0,88,0,0,0,204,37,94,0,29,0,89,0,48,0,5,0,0,0,0,0,0,0,0,0,0,0,0,0,0,0,0,0,0,0,0,0,0,0,228,162,230,65,98,0,0,0,6,1,0,0,0,0,0
0,177,81,20,111,151,0,27,0,48,26,0,25,290,238,44,0,0,19,45,26,212,141,87,0,0,0,104,0,0,0,74,0,148,0,196,0,177,0,0,0,42,0,0,0,11,0,104,0,2,0,9,0,0,0,0,0,0,0,0,0,0,0,1,0,35,0,13,0,0,0,0,0,0,0,0,0,0,0,0,0,6,0,0,0,0,0,0,0,0,0,0,0,0,0,0,0,0,0,0,0,0,0,0,0,0,0,0,0,0,0,0,0,0,0,0,0,0,0,7,0,0,0,0,0,12,0,4,0,0,0,30,0,0,0,0,0,0,0,0,0,0,0,0,0,0,0,0,0,45,0,133,0,115,0,0,0,0,0,2,0,0,0,0,0,8,0,86,0,36,0,0,0,55,0,0,47,377,4,11,0,104,0,131,0,210,0,0,0,0,0,0,0,0,0,0,0,0,0,3,0,0,0,0,0,0,0,8,0,12,0,0,0,0,152,0,0,0,295,124,207,49,0,0,0
60,0,112,0,164,95,24,0,45,0,199,25,0,289,52,0,0,1,144,567,60,19,0,0,0,0,230,409,0,0,0,0,0,0,160,14,75,0,0,0,202,43,152,0,38,45,141,70,23,2,243,0,0,0,0,0,0,0,0,0,0,0,0,0,0,0,0,1,0,0,0,0,0,0,0,0,0,0,0,0,0,0,0,0,0,0,0,0,0,0,0,0,0,0,0,0,0,0,0,0,0,0,0,0,0,0,0,0,0,0,0,0,0,0,0,0,0,0,0,0,0,0,0,0,0,0,16,0,0,0,9,0,0,0,0,0,0,0,0,0,0,0,0,0,0,0,0,0,11,0,0,0,0,0,0,0,0,0,0,0,0,0,0,0,47,7,26,0,44,0,0,0,6,0,0,0,367,159,166,0,20,0,54,0,26,0,314,27,0,0,0,0,0,0,0,0,0,0,0,0,0,0,0,0,0,0,0,0,0,0,37,209,150,16,22,0,0,0,0,27,25,0,0,0,0
0,48,0,14,106,249,0,10,0,11,0,290,289,0,50,0,0,0,374,76,31,40,0,0,0,0,311,67,0,0,0,4,0,0,0,155,0,21,0,0,35,230,41,131,0,21,38,202,0,24,61,233,0,0,0,0,0,0,0,2,0,0,0,0,0,4,0,0,0,0,0,0,0,0,0,0,0,0,0,0,0,0,0,0,0,0,0,0,0,0,0,0,0,0,0,0,0,0,0,0,0,0,0,0,0,0,0,0,0,0,0,0,0,0,0,0,0,0,0,0,0,0,0,2,0,0,0,0,0,0,0,0,0,0,0,0,0,0,0,0,0,0,0,0,0,0,0,0,0,9,0,0,0,30,0,0,0,0,0,0,0,0,0,0,0,62,0,14,0,52,0,0,0,0,0,0,67,456,11,8,0,56,0,37,0,33,17,81,0,0,0,0,0,0,0,0,0,0,0,0,0,0,0,0,0,0,0,0,0,4,0,12,12,0,30,0,0,0,47,336,219,19,0,0,2
0,0,166,10,169,423,29,0,7,0,25,238,52,50,0,597,34,0,294,230,386,47,470,15,107,1,180,0,0,0,250,12,95,0,50,39,150,20,0,0,0,0,0,0,4,0,6,0,0,0,23,0,0,0,85,0,0,0,0,0,0,0,0,0,4,0,0,0,0,0,0,0,0,0,5,0,0,0,0,0,0,0,0,0,0,0,0,0,0,0,0,0,0,0,0,0,0,0,0,0,0,0,0,0,0,0,0,0,0,0,0,0,0,0,0,0,0,0,0,0,0,0,0,0,3,0,0,0,0,0,0,0,0,0,0,0,163,0,0,0,0,2,136,0,0,0,10,0,14,0,6,0,0,0,0,0,0,0,0,0,0,0,0,0,0,0,163,0,26,4,0,0,72,7,0,0,105,100,6,0,0,0,9,0,28,0,0,0,0,0,0,0,0,0,0,0,0,0,0,0,0,0,0,0,0,0,0,0,6,0,117,136,153,0,58,0,0,0,0,0,0,0,0,0,0
103,22,268,256,317,176,0,49,0,0,192,44,0,0,597,0,21,67,9,337,43,292,569,343,0,88,0,43,0,5,13,39,0,37,10,73,7,52,0,0,0,0,0,21,0,0,0,0,0,0,0,4,0,0,0,36,0,0,0,2,0,0,0,58,0,9,0,1,0,0,0,0,0,0,0,0,0,0,0,0,0,81,0,0,0,160,0,0,0,0,0,0,0,0,0,0,0,0,0,83,0,80,0,0,0,0,0,0,0,0,0,0,0,0,0,0,0,0,0,0,0,19,0,0,0,0,0,0,0,0,0,5,0,0,0,229,0,273,0,3,0,0,0,63,0,0,0,0,0,8,0,21,0,10,0,0,0,0,0,3,0,0,0,0,0,0,0,108,0,22,0,5,0,60,0,0,78,139,17,36,0,0,9,0,0,38,0,0,0,0,0,0,0,0,0,0,0,0,0,0,0,0,0,0,0,0,0,0,0,53,0,3,10,0,87,0,0,0,149,135,142,23,0,0,0
121,74,183,34,12,0,46,39,10,6,26,0,0,0,34,21,0,55,116,0,403,0,102,122,80,123,156,0,94,5,131,1,197,0,43,0,28,0,196,0,0,0,0,0,0,0,0,0,0,0,20,0,125,0,22,0,0,0,0,0,31,0,456,5,0,0,0,0,0,0,100,0,0,0,170,0,0,0,0,0,96,0,0,0,365,0,56,0,0,0,194,0,0,0,0,0,602,0,286,0,76,0,0,0,0,0,0,0,0,0,0,0,0,0,0,0,0,0,0,0,119,0,134,0,0,0,0,0,0,0,0,0,0,0,13,0,50,0,88,0,155,0,91,0,24,0,0,0,0,0,0,0,0,0,14,0,0,0,0,0,2,0,2,0,3,0,0,0,0,0,6,0,70,0,0,0,23,8,0,0,0,0,11,3,0,0,0,0,0,0,0,0,0,0,0,0,0,0,0,0,51,0,0,0,0,0,0,0,1,0,25,19,62,21,29,0,0,0,0,0,0,0,0,0,0
55,60,33,7,0,0,28,16,49,10,0,0,1,0,0,67,55,0,0,70,0,185,81,176,157,159,0,5,0,182,0,20,0,25,0,7,0,12,2,84,0,0,0,0,0,0,0,0,0,0,0,2,0,82,0,58,0,34,0,0,0,8,6,48,0,0,0,0,0,0,0,0,0,0,0,0,0,0,0,0,0,98,0,0,0,242,0,20,0,0,0,0,0,0,0,30,0,59,0,110,0,88,0,0,0,0,0,0,0,0,0,0,0,0,0,0,0,0,0,0,0,11,0,0,0,0,0,0,0,117,0,22,0,118,0,241,0,409,0,157,0,66,0,198,0,7,0,0,0,0,0,0,0,0,0,42,0,1,0,26,0,8,0,0,0,0,0,0,0,0,0,0,0,40,0,0,0,13,0,0,0,0,0,28,0,0,0,0,0,0,0,0,0,0,0,0,0,0,0,0,0,0,0,0,0,0,0,0,0,0,3,0,0,0,19,0,0,0,21,22,21,5,0,0,0
4,0,46,0,87,138,0,0,0,0,0,19,144,374,294,9,116,0,0,578,119,28,303,0,56,0,174,298,8,0,17,1,3,0,81,42,43,0,0,0,0,19,37,0,5,16,1,0,1,1,145,51,0,0,0,0,0,0,0,0,0,0,0,0,0,0,0,0,0,0,0,0,0,0,0,0,0,0,0,0,0,0,0,0,0,0,0,0,0,0,0,0,0,0,0,0,0,0,0,0,0,0,0,0,0,0,0,0,0,0,0,0,0,0,0,0,0,0,0,0,0,0,8,0,0,0,0,0,0,0,0,0,0,0,0,0,0,0,0,0,0,0,0,0,0,0,0,0,0,0,0,0,0,0,0,0,0,0,0,0,0,0,2,0,64,0,81,0,33,0,0,0,0,0,0,0,69,68,43,1,0,0,27,0,10,0,6,24,0,0,0,0,0,0,0,0,0,0,0,0,0,0,0,0,0,0,0,0,0,0,98,176,179,0,40,0,0,0,0,0,26,0,0,0,0
0,32,14,128,354,152,0,26,0,10,43,45,567,76,230,337,0,70,578,0,114,413,0,459,0,28,252,356,0,0,0,14,3,0,37,237,11,39,0,2,17,0,24,173,0,6,14,13,1,1,35,210,0,0,0,0,0,0,0,0,0,0,0,69,0,30,0,0,0,3,0,4,0,0,0,0,0,22,0,0,0,324,0,0,0,366,0,0,0,0,0,62,0,0,0,108,0,38,0,204,0,0,0,0,0,0,0,0,0,0,0,0,0,0,0,0,0,0,0,0,0,89,0,0,0,0,0,14,0,0,0,0,0,0,0,0,0,0,0,0,0,0,0,93,0,0,0,0,0,0,0,69,0,59,0,0,0,0,0,3,0,0,0,0,0,177,0,152,0,142,0,0,0,21,0,0,72,121,26,29,0,0,0,17,0,139,10,32,0,0,0,0,0,0,0,0,0,0,0,0,0,0,0,0,0,0,0,0,0,46,0,0,15,0,73,0,0,0,190,326,299,53,0,0,0
33,0,50,0,240,70,0,0,0,0,209,26,60,31,386,43,403,0,119,114,0,13,263,9,60,0,208,0,28,0,63,0,14,0,65,0,13,3,0,0,0,0,57,0,26,0,0,0,3,0,46,0,0,0,0,0,0,0,0,2,0,0,45,0,0,0,2,0,0,0,47,0,3,0,56,0,0,0,0,0,0,0,0,0,0,0,34,0,0,0,0,0,0,0,0,0,124,0,136,0,0,0,0,0,0,0,0,0,0,0,0,0,0,0,0,0,0,0,0,0,54,0,16,0,0,0,0,0,0,0,0,0,0,0,11,0,18,0,0,0,0,0,0,0,22,0,0,0,0,0,0,0,2,0,0,0,0,0,0,0,0,0,0,0,27,0,110,0,35,0,0,0,53,0,0,0,12,7,69,0,0,0,10,0,2,0,0,3,4,0,0,0,0,0,0,0,0,0,0,0,0,0,0,0,0,0,0,0,0,0,206,263,195,0,115,0,0,0,5,0,0,0,0,0,0
0,18,0,107,37,308,0,0,0,0,0,212,19,40,47,292,0,185,28,413,13,0,12,393,0,52,0,192,0,16,0,40,0,25,0,40,0,21,0,8,0,0,0,125,0,12,0,0,0,0,0,106,0,25,0,0,0,0,0,0,0,12,0,151,0,0,0,0,0,0,0,6,0,0,0,0,0,0,0,0,0,334,0,0,0,445,0,63,0,0,0,0,0,0,0,0,0,0,0,160,0,109,0,0,0,0,0,0,0,0,0,0,0,0,0,0,0,0,0,0,0,118,0,24,0,0,0,0,0,27,0,0,0,0,0,155,0,212,0,142,0,320,0,384,0,22,0,0,0,0,0,0,0,0,0,10,0,10,0,0,0,0,0,0,0,63,0,56,0,57,0,2,0,40,0,0,7,112,0,60,0,0,0,9,0,0,0,12,0,0,0,0,0,0,0,0,0,0,0,0,0,0,0,0,0,0,0,0,0,0,0,1,0,0,65,0,0,0,138,250,158,26,2,0,0
89,256,343,181,145,174,35,27,0,0,35,141,0,0,470,569,102,81,303,0,263,12,0,492,217,113,119,0,36,27,43,0,115,0,17,0,50,0,47,2,0,0,0,0,0,0,0,0,1,0,7,0,0,0,99,0,0,0,0,0,0,0,18,0,0,0,1,0,0,0,11,0,0,0,10,0,0,0,0,0,0,0,0,0,80,0,8,0,0,0,71,0,0,0,0,0,125,0,0,0,0,0,0,0,0,0,0,0,0,0,0,0,0,0,0,0,0,0,0,0,9,0,0,0,0,0,0,0,0,0,0,0,0,0,68,0,167,0,0,0,29,0,127,0,0,0,0,0,4,0,0,0,4,0,0,0,0,0,0,0,0,0,0,0,0,0,22,0,12,0,12,0,98,0,0,0,110,39,0,0,0,0,11,5,9,0,0,0,0,0,0,0,0,0,0,0,0,0,0,0,51,0,0,0,0,0,0,0,9,0,120,51,101,34,61,0,0,0,7,0,0,0,0,0,0
187,132,190,230,16,117,30,21,0,0,7,87,0,0,15,343,122,176,0,459,9,393,492,0,183,194,0,28,0,52,0,38,0,70,0,28,0,39,0,24,0,0,0,0,0,0,0,0,0,0,0,7,0,18,0,24,0,7,0,0,0,4,0,85,0,0,0,0,0,0,0,0,0,0,0,2,0,0,0,0,0,69,0,0,0,119,0,0,0,0,0,0,0,0,0,0,0,33,0,57,0,55,0,0,0,0,0,0,0,0,0,0,0,0,0,0,0,0,0,0,0,19,0,0,0,0,0,0,0,0,0,0,0,0,0,124,0,162,0,28,0,24,0,73,0,1,0,0,0,0,0,0,0,0,0,0,0,0,0,0,0,0,0,0,0,0,0,18,0,17,0,0,0,65,0,0,24,79,0,13,0,0,11,24,0,0,0,0,0,0,0,0,0,0,0,0,0,0,0,0,0,0,0,0,0,0,0,0,0,0,0,0,0,0,39,0,0,0,140,215,86,0,0,1,0
11,244,223,60,0,0,365,269,9,118,0,0,0,0,107,0,80,157,56,0,60,0,217,183,0,485,49,0,18,11,12,0,0,0,0,0,0,0,33,0,0,0,0,0,0,0,0,0,0,0,6,0,58,6,211,16,8,0,0,1,10,6,92,25,0,0,0,0,0,0,3,0,0,0,17,0,0,0,0,0,0,0,0,0,158,0,0,0,0,0,120,0,0,0,0,0,190,0,0,0,0,0,0,0,0,0,0,0,0,0,0,0,0,0,0,0,0,0,0,0,0,0,35,0,0,0,0,0,7,0,0,0,19,0,117,0,219,0,44,0,99,0,236,0,0,0,0,0,0,0,0,0,0,0,19,0,0,0,16,0,3,0,0,0,0,0,2,0,0,0,19,0,26,0,0,0,102,31,0,0,0,0,0,26,0,0,0,0,0,0,0,0,0,0,0,0,0,0,0,0,82,0,0,0,0,0,1,0,5,0,52,6,56,9,33,0,0,0,7,0,0,0,0,0,0
135,19,62,44,0,12,204,118,282,15,0,0,0,0,1,88,123,159,0,28,0,52,113,194,485,0,0,0,0,127,0,21,0,39,0,3,0,30,0,115,0,0,0,0,0,0,0,0,0,0,0,0,11,19,38,91,0,14,0,0,0,43,73,38,0,0,0,0,0,0,0,0,0,0,0,0,0,0,0,0,0,0,0,0,0,20,0,0,0,0,0,17,0,0,0,0,0,0,0,0,0,10,0,0,0,0,0,8,0,0,0,0,0,0,0,0,0,0,0,0,0,0,0,0,0,0,0,0,0,19,0,3,0,43,0,118,0,210,0,8,0,0,0,27,0,0,0,0,0,0,0,0,0,0,0,5,0,0,0,0,0,4,0,0,0,0,0,0,0,20,0,29,0,137,0,0,40,102,0,0,0,0,0,2,0,1,0,0,0,0,0,0,0,0,0,0,0,0,0,0,0,0,0,0,0,0,0,0,0,56,0,0,0,0,132,0,0,0,214,16,166,41,0,16,0
0,0,40,1,127,0,0,0,25,0,18,0,230,311,180,0,156,0,174,252,208,0,119,0,49,0,0,452,58,0,23,0,0,0,39,0,56,0,1,0,3,102,409,53,127,96,43,182,7,6,282,0,0,0,0,0,0,0,0,0,0,0,0,0,0,1,0,1,0,0,0,0,0,0,49,0,10,0,0,0,0,0,0,0,0,0,0,0,0,0,0,0,0,0,0,0,0,0,0,0,0,0,0,0,0,0,0,0,0,0,0,0,0,0,0,0,0,0,0,0,0,0,0,0,0,0,0,0,0,0,0,0,0,0,0,0,0,0,0,0,0,0,0,0,0,0,0,0,3,0,0,0,16,0,0,0,0,0,0,0,0,0,0,0,147,0,34,0,32,0,0,0,23,0,0,0,79,107,93,0,0,0,49,0,21,0,128,20,0,0,0,0,0,0,0,0,0,0,0,0,0,0,0,0,0,0,0,0,0,0,40,505,292,15,26,0,0,2,0,41,0,0,0,0,0
0,51,0,13,55,141,0,0,0,13,0,104,409,67,0,43,0,5,298,356,0,192,0,28,0,0,452,0,0,0,0,0,0,0,0,86,0,12,0,0,112,27,82,531,59,279,86,87,0,12,70,363,0,0,0,0,0,0,0,2,0,0,0,0,0,34,0,0,0,13,0,0,0,0,0,0,0,0,0,0,0,0,0,39,0,0,0,0,0,0,0,0,0,0,0,0,0,0,0,0,0,0,0,0,0,0,0,0,0,0,0,0,0,0,0,0,0,0,0,0,0,0,0,0,0,0,0,11,0,0,0,0,0,0,0,0,0,32,0,0,0,28,0,0,0,0,0,17,0,17,0,47,0,0,0,0,0,0,0,0,0,0,0,0,6,214,0,10,0,151,0,0,0,2,0,0,18,213,13,5,0,0,0,0,0,82,31,67,0,0,0,0,0,0,0,0,0,0,0,0,0,0,0,0,0,0,0,13,0,22,0,0,0,0,35,0,0,0,54,492,345,41,0,0,5
45,0,163,0,0,0,59,0,0,0,0,0,0,0,0,0,94,0,8,0,28,0,36,0,18,0,58,0,0,0,15,0,11,0,42,0,16,0,9,0,0,0,55,0,0,0,0,0,0,0,26,0,2,0,0,0,0,0,0,0,4,0,5,0,0,0,0,0,0,0,28,0,0,0,27,0,0,0,0,0,19,0,0,0,37,0,13,0,0,0,11,0,0,0,0,0,59,0,72,0,0,0,0,0,0,0,0,0,0,0,0,0,0,0,0,0,0,0,0,0,34,0,11,0,0,0,0,0,0,0,0,0,0,0,0,0,0,0,18,0,26,0,0,0,38,0,0,0,0,0,0,0,0,0,0,0,4,0,1,0,0,0,0,0,0,0,0,0,0,0,0,0,0,0,0,0,0,0,0,0,0,0,0,0,0,0,0,0,0,0,0,0,0,0,0,0,0,0,0,0,0,0,0,0,0,0,0,0,0,0,2,1,0,0,0,0,0,0,0,0,0,0,0,0,0
8,202,0,40,0,3,0,166,0,0,0,0,0,0,0,5,5,182,0,0,0,16,27,52,11,127,0,0,0,0,0,2,0,7,0,4,0,4,0,24,0,0,0,0,0,0,0,0,0,0,0,0,0,20,0,29,0,17,0,4,0,24,0,87,0,0,0,0,0,0,0,0,0,0,0,1,0,0,0,0,0,0,0,0,0,33,0,0,0,0,0,0,0,0,0,0,0,0,0,13,0,7,0,0,0,0,0,0,0,0,0,0,0,0,0,0,0,0,0,0,0,6,0,0,0,0,0,3,0,0,0,0,0,35,0,47,0,89,0,187,0,127,0,69,0,29,0,0,0,0,0,0,0,0,0,14,0,9,0,16,0,0,0,0,0,0,0,0,0,0,0,0,0,8,0,0,0,45,0,2,0,0,0,39,0,0,0,0,0,0,0,0,0,0,0,0,0,0,0,0,0,0,0,0,0,0,0,0,0,0,0,0,0,0,0,0,0,0,0,53,0,0,0,0,0
12,0,0,0,212,13,0,0,0,0,151,0,0,0,250,13,131,0,17,0,63,0,43,0,12,0,23,0,15,0,0,1,1,0,21,0,29,0,3,0,0,0,27,0,0,0,0,0,0,0,33,0,0,0,0,0,0,0,0,0,0,0,11,0,0,0,0,0,0,0,0,0,0,0,36,0,0,0,0,0,0,0,0,0,0,0,0,0,1,0,0,0,0,0,0,0,0,0,65,0,0,0,0,0,0,0,0,0,0,0,0,0,0,0,0,0,0,0,0,0,32,0,0,0,0,0,0,0,0,0,0,0,0,0,0,0,0,0,6,0,7,0,5,0,20,0,0,0,0,0,0,0,0,0,0,0,0,0,0,0,0,0,0,0,8,0,106,0,16,0,0,0,32,0,0,0,14,0,41,0,0,0,3,0,0,0,0,0,0,0,0,0,0,0,0,0,0,0,0,0,0,0,0,0,0,0,0,0,0,0,43,43,67,0,37,0,0,0,0,0,0,0,0,0,0
0,47,0,66,0,100,0,14,0,0,2,74,0,4,12,39,1,20,1,14,0,40,0,38,0,21,0,0,0,2,1,0,0,0,0,16,1,7,0,1,0,0,0,16,0,0,0,0,0,0,0,27,0,4,0,8,0,0,0,0,0,0,0,11,0,0,0,0,0,0,0,0,0,0,0,0,0,0,0,0,0,21,0,0,0,0,0,0,0,0,0,0,0,0,0,0,0,0,0,11,0,0,0,0,0,0,0,0,0,0,0,0,0,0,0,0,0,0,0,0,0,0,0,0,0,3,0,0,0,0,0,0,0,20,0,15,0,0,0,116,0,139,0,0,0,0,0,1,0,0,0,0,0,1,0,3,0,3,0,1,0,0,0,0,0,0,0,2,0,0,0,0,0,6,0,0,0,49,0,27,0,0,0,4,0,0,0,0,0,0,0,0,0,0,0,0,0,0,0,0,0,0,0,0,0,0,0,0,0,0,0,0,0,0,7,0,0,0,6,40,6,0,0,0,0
264,0,265,0,243,0,0,0,0,0,244,0,0,0,95,0,197,0,3,3,14,0,115,0,0,0,0,0,11,0,1,0,0,0,8,0,103,0,0,0,0,0,18,0,2,0,0,0,0,0,6,0,6,0,0,0,0,0,0,0,4,0,20,0,0,0,0,0,0,0,24,0,0,0,25,0,0,0,0,0,0,0,0,0,0,0,26,0,0,0,0,0,0,0,0,0,36,0,65,0,0,0,0,0,0,0,0,0,0,0,0,0,0,0,0,0,0,0,0,0,0,0,0,0,0,0,0,0,0,0,0,0,0,0,0,0,0,0,28,0,0,0,0,0,14,0,0,0,0,0,0,0,0,0,0,0,7,0,0,0,0,0,0,0,0,0,76,0,5,0,0,0,20,0,0,0,30,0,14,0,0,0,42,0,0,0,0,0,0,0,0,0,0,0,0,0,0,0,0,0,0,0,0,0,0,0,0,0,0,0,24,26,52,0,9,0,0,0,0,0,0,0,0,0,0
0,69,0,91,0,97,0,56,0,3,0,148,0,0,0,37,0,25,0,0,0,25,0,70,0,39,0,0,0,7,0,0,0,0,0,0,0,2,0,4,0,0,0,2,0,0,0,0,0,0,0,0,0,3,0,4,0,0,0,0,0,6,0,0,0,0,0,0,0,0,0,0,0,0,0,0,0,0,0,0,0,0,0,0,0,0,0,0,0,0,0,0,0,0,0,0,0,0,0,0,0,0,0,0,0,0,0,0,0,0,0,0,0,0,0,0,0,0,0,0,0,0,0,0,0,0,0,0,0,0,0,0,0,0,0,0,0,0,0,50,0,47,0,0,0,12,0,0,0,0,0,0,0,0,0,0,0,9,0,0,0,0,0,0,0,0,0,1,0,0,0,0,0,4,0,0,0,41,0,25,0,0,0,14,0,0,0,0,0,0,0,0,0,0,0,0,0,0,0,0,0,0,0,0,0,0,0,0,0,0,0,0,0,0,0,0,0,0,0,83,0,0,0,0,0
0,0,0,0,122,0,0,0,0,0,48,0,160,0,50,10,43,0,81,37,65,0,17,0,0,0,39,0,42,0,21,0,8,0,0,3,220,0,0,0,0,1,45,0,10,0,0,0,1,0,125,0,0,0,0,0,0,0,0,0,2,0,0,0,0,0,0,0,0,0,31,0,0,0,18,0,0,0,0,0,0,0,0,0,0,0,0,0,0,0,0,0,0,0,0,0,0,0,0,0,0,0,0,0,0,0,0,0,0,0,0,0,0,0,0,0,0,0,0,0,0,0,0,0,0,0,0,0,0,0,0,0,0,0,0,0,0,0,0,0,0,0,0,0,20,0,0,0,0,0,0,0,0,0,0,0,0,0,0,0,0,0,0,0,63,0,105,0,20,0,0,0,17,0,0,0,23,0,99,0,0,0,0,0,0,0,0,0,0,0,0,0,0,0,0,0,0,0,0,0,0,0,0,0,0,0,0,0,0,0,47,143,130,0,22,0,0,0,0,2,0,0,0,0,0
0,0,0,53,26,260,1,0,0,0,0,196,14,155,39,73,0,7,42,237,0,40,0,28,0,3,0,86,0,4,0,16,0,0,3,0,0,487,0,0,0,0,0,46,0,4,0,0,0,0,0,52,0,2,0,0,0,0,0,0,0,0,0,3,0,0,0,0,0,0,0,0,0,0,0,0,0,0,0,0,0,78,0,0,0,80,0,0,0,0,0,0,0,0,0,0,0,0,0,0,0,0,0,0,0,0,0,0,0,0,0,0,0,0,0,0,0,0,0,0,0,45,0,8,0,0,0,0,0,0,0,0,0,0,0,0,0,0,0,32,0,107,0,129,0,23,0,0,0,0,0,0,0,0,0,0,0,0,0,0,0,0,0,0,1,16,0,78,0,27,0,0,0,0,0,0,0,134,0,80,0,0,0,0,0,0,0,44,0,0,0,0,0,0,0,0,0,0,0,0,0,0,0,0,0,0,0,0,0,0,0,0,0,0,15,0,0,0,33,70,55,10,0,0,0
115,0,46,0,272,0,0,0,0,0,291,0,75,0,150,7,28,0,43,11,13,0,50,0,0,0,56,0,16,0,29,1,103,0,220,0,0,0,59,0,0,0,55,0,18,0,0,0,0,0,59,0,0,0,0,0,7,0,0,0,6,0,15,0,0,0,0,0,0,0,115,0,0,0,85,0,0,0,0,0,54,0,0,0,0,0,0,0,0,0,0,0,0,0,0,0,0,0,0,0,0,0,0,0,0,0,0,0,0,0,0,0,0,0,0,0,0,0,0,0,89,0,0,0,0,0,0,0,0,0,0,0,0,0,0,0,0,0,63,1,56,0,0,0,127,0,0,0,0,0,0,0,0,0,0,0,13,0,2,0,3,0,34,0,10,0,66,0,17,0,28,0,42,0,0,0,25,1,48,0,0,0,13,0,0,0,0,0,0,0,0,0,0,0,0,0,0,0,0,0,0,0,0,0,0,0,0,0,0,0,82,40,99,0,0,0,0,0,0,0,0,0,0,0,0
0,136,0,54,0,105,0,63,0,10,0,177,0,21,20,52,0,12,0,39,3,21,0,39,0,30,0,12,0,4,0,7,0,2,0,487,0,0,0,14,0,0,0,19,0,0,0,0,0,0,0,41,0,0,0,0,0,0,0,6,0,24,0,0,0,0,0,0,0,0,0,6,0,0,0,0,0,0,0,0,0,80,0,0,0,95,0,0,0,0,0,0,0,0,0,0,0,0,0,0,0,19,0,0,0,0,0,0,0,0,0,0,0,0,0,0,0,0,0,0,0,65,0,35,0,0,0,0,0,0,0,0,0,0,0,0,0,0,0,51,0,190,0,152,0,69,0,0,0,0,0,0,0,0,0,0,0,39,0,0,0,0,0,0,0,5,0,46,0,17,0,8,0,49,0,0,0,66,0,52,0,0,0,19,0,0,0,6,0,1,0,0,0,0,0,0,0,0,0,0,0,0,0,0,0,0,0,0,0,0,0,0,0,0,6,0,0,0,6,321,45,0,0,0,0
264,0,332,0,0,0,248,1,23,0,3,0,0,0,0,0,196,2,0,0,0,0,47,0,33,0,1,0,9,0,3,0,0,0,0,0,59,0,0,0,0,0,0,0,0,0,0,0,0,0,0,0,14,0,2,0,0,0,0,0,4,0,28,0,0,0,0,0,0,0,23,0,0,0,15,0,0,0,0,0,0,0,0,0,0,0,0,0,0,0,0,0,0,0,0,0,0,0,32,0,15,0,0,0,0,0,0,0,0,0,0,0,0,0,0,0,0,0,0,0,14,0,0,0,0,0,0,0,3,0,0,0,0,0,0,0,0,0,51,0,31,0,4,0,44,0,0,0,0,0,0,0,0,0,0,0,12,0,0,0,0,0,0,0,0,0,15,0,0,0,3,0,50,0,0,0,0,0,0,0,0,0,7,0,0,0,0,0,0,0,0,0,0,0,0,0,0,0,0,0,0,0,0,0,0,0,0,0,0,0,35,52,2,5,13,0,0,0,0,0,0,0,0,0,0
0,191,0,27,0,4,0,342,0,61,0,0,0,0,0,0,0,84,0,2,0,8,2,24,0,115,0,0,0,24,0,1,0,4,0,0,0,14,0,0,0,0,0,0,0,0,0,0,0,0,0,0,0,8,0,10,0,0,0,0,0,31,0,26,0,0,0,0,0,0,0,0,0,0,0,0,0,0,0,0,0,0,0,0,0,0,0,0,0,0,0,0,0,0,0,0,0,0,0,0,0,0,0,0,0,0,0,0,0,0,0,0,0,0,0,0,0,0,0,0,0,0,0,0,0,0,0,0,0,0,0,0,0,0,0,0,0,0,0,63,0,27,0,0,0,31,0,0,0,0,0,0,0,0,0,0,0,22,0,16,0,0,0,1,0,0,0,0,0,0,0,1,0,12,0,0,0,56,0,2,0,0,0,21,0,0,0,0,0,0,0,0,0,0,0,0,0,0,0,0,0,0,0,0,0,0,0,0,0,0,0,0,0,0,0,0,0,0,11,173,4,0,0,0,0
11,0,17,0,63,0,7,0,7,0,25,0,202,35,0,0,0,0,0,17,0,0,0,0,0,0,3,112,0,0,0,0,0,0,0,0,0,0,0,0,0,56,25,10,54,63,110,149,61,26,0,0,0,0,0,0,0,0,0,0,0,0,0,0,0,0,0,0,0,0,0,0,0,0,0,0,0,0,0,0,0,0,0,0,0,0,0,0,0,0,0,0,0,0,0,0,0,0,0,0,0,0,0,0,0,0,0,0,0,0,0,0,0,0,0,0,0,0,0,0,0,0,0,0,0,0,0,0,0,0,0,0,0,0,0,0,0,0,0,0,0,0,0,0,0,0,0,0,0,0,0,0,0,0,0,0,0,0,0,0,0,0,0,0,22,0,0,0,0,0,0,0,0,0,0,0,28,63,21,0,0,0,0,0,12,0,172,8,0,0,0,0,0,0,0,0,0,0,0,0,0,0,0,0,0,0,0,0,0,0,0,126,11,0,0,0,0,4,0,70,0,0,0,0,0
0,7,0,0,0,14,0,0,0,0,0,42,43,230,0,0,0,0,19,0,0,0,0,0,0,0,102,27,0,0,0,0,0,0,1,0,0,0,0,0,56,0,27,80,35,68,72,125,8,97,9,37,0,0,0,0,0,0,0,0,0,0,0,0,0,0,0,0,0,5,0,0,0,0,0,0,0,0,0,0,0,0,0,0,0,0,0,0,0,0,0,0,0,0,0,0,0,0,0,0,0,0,0,0,0,0,0,0,0,0,0,0,0,0,0,0,0,0,0,0,0,0,0,0,0,0,0,0,0,0,0,0,0,0,0,0,0,0,0,0,0,0,0,0,0,0,0,0,0,0,0,0,0,0,0,0,0,0,0,0,0,0,0,0,0,38,0,0,0,0,0,0,0,0,0,0,2,294,0,2,0,25,0,4,0,5,27,10,0,0,0,0,0,0,0,0,0,0,0,0,0,0,0,0,0,0,0,0,0,0,0,11,0,0,0,0,0,0,0,112,15,0,0,0,35
0,0,0,0,0,0,0,0,0,0,0,0,152,41,0,0,0,0,37,24,57,0,0,0,0,0,409,82,55,0,27,0,18,0,45,0,55,0,0,0,25,27,0,0,133,17,34,43,12,0,91,0,0,0,0,0,0,0,0,0,0,0,9,0,0,0,0,0,0,0,0,0,0,0,0,0,0,0,0,0,0,0,0,0,0,0,0,0,0,0,0,0,0,0,0,0,17,0,0,0,0,0,0,0,0,0,0,0,0,0,0,0,0,0,0,0,0,0,0,0,0,0,0,0,0,0,0,0,0,0,0,0,0,0,0,0,0,0,0,0,0,0,0,0,0,0,0,0,0,0,0,0,0,0,0,0,0,0,0,0,0,0,0,0,27,0,10,0,8,0,0,0,0,0,0,0,0,12,70,0,0,0,0,0,0,0,99,0,0,0,0,0,0,0,0,0,0,0,0,0,0,0,0,0,0,0,0,0,0,0,41,164,71,13,15,0,0,2,0,6,0,0,0,0,0
0,0,0,0,0,0,0,0,0,0,0,0,0,131,0,21,0,0,0,173,0,125,0,0,0,0,53,531,0,0,0,16,0,2,0,46,0,19,0,0,10,80,0,0,7,102,0,39,0,0,11,127,0,0,0,0,0,0,0,0,0,2,0,0,0,0,0,0,0,5,0,0,0,0,0,0,0,0,0,0,0,0,0,0,0,0,0,0,0,0,0,0,0,0,0,0,0,0,0,0,0,0,0,0,0,0,0,0,0,0,0,0,0,0,0,0,0,0,0,0,0,59,0,0,0,0,0,0,0,0,0,0,0,0,0,0,0,0,0,0,0,70,0,0,0,0,0,0,0,0,0,0,0,0,0,0,0,0,0,0,0,0,0,0,0,101,0,2,0,56,0,4,0,0,0,0,0,40,0,0,0,0,0,0,0,0,0,73,0,0,0,0,0,0,0,0,0,0,0,0,0,0,0,0,0,0,0,0,0,0,0,0,0,0,0,0,0,0,27,90,57,0,1,0,1
0,0,4,0,4,0,0,0,5,0,6,0,38,0,4,0,0,0,5,0,26,0,0,0,0,0,127,59,0,0,0,0,2,0,10,0,18,0,0,0,54,35,133,7,0,28,239,0,103,18,28,0,0,0,0,0,0,0,0,0,0,0,0,0,0,0,0,0,3,0,34,0,0,0,0,0,3,0,0,0,0,0,0,0,0,0,0,0,0,0,0,0,0,0,0,0,0,0,0,0,0,0,1,0,0,0,0,0,0,0,0,0,0,0,0,0,0,0,0,0,0,0,5,0,0,0,0,0,0,0,1,0,0,0,0,0,0,0,0,0,0,0,0,0,0,0,0,0,0,0,0,0,0,0,0,0,0,0,0,0,0,0,0,0,212,0,9,0,10,0,9,0,13,0,0,0,16,25,18,0,0,0,5,0,4,0,94,1,0,0,0,0,0,0,0,0,0,0,0,0,0,0,0,0,0,0,0,0,0,0,10,142,137,3,7,0,0,47,0,39,0,0,0,0,0
0,8,0,2,0,7,0,0,0,2,0,11,45,21,0,0,0,0,16,6,0,12,0,0,0,0,96,279,0,0,0,0,0,0,0,4,0,0,0,0,63,68,17,102,28,0,67,397,0,49,7,94,0,0,0,0,0,0,0,1,0,0,0,0,0,5,0,0,0,26,0,0,0,0,0,0,0,36,0,0,0,0,0,40,0,0,0,0,0,0,0,0,0,5,0,32,0,0,0,0,0,8,0,5,0,0,0,0,0,0,0,0,0,0,0,0,0,0,0,0,0,0,0,2,0,0,0,3,0,0,0,0,0,0,0,0,0,0,0,0,0,0,0,0,0,0,0,2,0,0,0,0,0,0,0,0,0,0,0,0,0,0,0,0,0,170,0,0,0,115,0,1,0,1,0,0,0,52,0,0,0,0,0,0,0,0,19,6,0,0,0,2,0,0,0,0,0,0,0,0,0,0,0,0,0,0,0,0,0,0,0,7,0,0,0,0,0,0,7,134,104,5,0,0,9
0,0,9,0,38,0,0,0,0,0,8,0,141,38,6,0,0,0,1,14,0,0,0,0,0,0,43,86,0,0,0,0,0,0,0,0,0,0,0,0,110,72,34,0,239,67,0,126,118,24,0,2,0,0,0,0,0,0,0,0,0,0,0,0,0,0,0,0,0,0,0,0,0,0,0,0,0,0,0,0,0,0,0,0,0,0,0,0,0,0,0,0,2,0,0,0,0,0,0,0,0,0,0,0,0,0,0,0,0,0,0,0,0,0,0,0,0,0,0,0,0,0,0,0,0,0,0,0,0,0,0,0,0,0,0,0,0,0,0,0,0,0,0,0,0,0,0,0,0,0,0,0,0,0,0,0,0,0,0,0,0,0,0,0,72,0,0,0,3,0,0,0,0,0,0,0,17,41,38,0,0,0,0,0,0,0,151,1,0,0,0,0,0,0,0,0,0,0,0,0,0,0,0,0,0,0,0,0,0,0,3,258,38,0,0,0,0,54,0,48,0,0,0,0,0
0,26,0,10,0,93,0,0,0,0,0,104,70,202,0,0,0,0,0,13,0,0,0,0,0,0,182,87,0,0,0,0,0,0,0,0,0,0,0,0,149,125,43,39,0,397,126,0,7,149,22,18,0,0,0,0,0,0,0,0,0,0,0,0,0,14,0,5,0,13,0,0,0,0,0,0,0,0,0,0,0,0,0,0,0,0,0,0,0,0,0,0,0,3,0,0,0,0,0,0,0,0,0,0,0,0,0,0,0,0,0,0,0,0,0,0,0,0,0,0,0,0,0,0,0,0,0,2,0,0,0,0,0,0,0,0,0,4,0,0,0,0,0,0,0,0,0,0,0,0,0,0,0,0,0,0,0,0,0,0,0,0,0,0,0,167,0,0,0,26,0,0,0,0,0,0,0,212,0,0,0,0,0,0,0,3,57,15,0,0,0,0,0,0,0,0,0,0,0,0,0,0,0,0,0,0,0,0,0,4,0,25,0,0,0,0,0,0,0,391,94,4,0,0,18
0,0,6,0,13,0,7,0,5,0,0,0,23,0,0,0,0,0,1,1,3,0,1,0,0,0,7,0,0,0,0,0,0,0,1,0,0,0,0,0,61,8,12,0,103,0,118,7,0,7,0,0,2,0,2,0,15,0,19,0,1,0,0,0,0,0,1,0,10,0,0,0,1,0,0,0,2,0,0,0,0,0,25,0,0,0,1,0,0,0,0,0,41,0,11,0,0,0,0,0,5,0,11,0,0,0,6,0,0,0,0,0,0,0,0,0,0,0,0,0,0,0,0,0,0,0,4,0,0,0,0,0,0,0,6,0,0,0,0,0,0,0,4,0,0,0,0,0,0,0,0,0,5,0,2,0,1,0,2,0,0,0,2,0,0,0,2,0,5,0,1,0,1,0,0,0,43,1,27,0,0,0,3,0,2,0,108,0,8,0,11,0,4,0,0,0,5,0,0,0,0,0,12,0,8,0,2,0,10,0,57,54,157,4,71,14,48,5,0,4,6,3,0,0,0
0,0,0,0,0,0,0,0,0,1,0,2,2,24,0,0,0,0,1,1,0,0,0,0,0,0,6,12,0,0,0,0,0,0,0,0,0,0,0,0,26,97,0,0,18,49,24,149,7,0,0,1,0,0,0,1,0,2,0,1,0,0,0,0,0,0,0,1,0,0,0,0,0,0,0,0,0,0,0,0,0,0,0,2,0,0,0,1,0,0,0,0,0,3,0,0,0,0,0,0,0,0,0,0,0,0,0,0,0,0,0,0,0,0,0,0,0,0,0,0,0,0,0,0,0,0,0,0,0,0,0,0,0,0,0,0,0,0,0,0,0,0,0,0,0,0,0,0,0,1,0,6,0,3,0,1,0,0,0,0,0,0,0,0,0,28,0,0,0,4,0,1,0,2,0,0,0,48,0,0,0,8,0,2,0,2,28,14,0,1,0,0,0,0,0,2,0,0,0,0,0,0,0,0,0,0,0,0,0,0,0,9,1,0,0,0,0,0,1,9,11,0,0,0,7
5,0,0,0,40,0,7,0,0,0,10,0,243,61,23,0,20,0,145,35,46,0,7,0,6,0,282,70,26,0,33,0,6,0,125,0,59,0,0,0,0,9,91,11,28,7,0,22,0,0,0,0,0,0,0,0,7,0,9,0,0,0,0,0,0,0,0,0,0,0,18,0,2,0,0,0,0,0,0,0,32,0,102,0,0,0,26,0,0,0,0,0,43,0,30,0,0,0,0,0,0,0,7,0,0,0,0,0,0,0,0,0,0,0,0,0,0,0,0,0,18,0,0,0,0,0,0,0,0,0,0,0,0,0,0,0,0,0,0,0,0,0,0,0,0,0,0,0,0,0,0,0,0,0,0,0,0,0,0,0,0,0,0,0,42,0,18,0,82,0,15,0,44,0,0,0,21,16,118,0,0,0,0,0,0,0,31,2,10,0,15,0,0,0,10,0,0,0,0,0,0,0,0,0,0,0,0,0,0,0,115,190,165,37,58,0,0,0,0,0,0,0,0,0,0
0,0,0,2,0,40,0,0,0,2,0,9,0,233,0,4,0,2,51,210,0,106,0,7,0,0,0,363,0,0,0,27,0,0,0,52,0,41,0,0,0,37,0,127,0,94,2,18,0,1,0,0,0,0,0,19,0,9,0,0,0,4,0,0,0,0,0,11,0,4,0,6,0,0,0,23,0,0,0,0,0,284,0,29,0,227,0,0,0,0,0,0,0,0,0,58,0,0,0,104,0,39,0,0,0,0,0,0,0,0,0,0,0,0,0,0,0,0,0,0,0,172,0,41,0,0,0,5,0,0,0,0,0,0,0,0,0,0,0,0,0,101,0,186,0,76,0,0,0,0,0,0,0,0,0,0,0,0,0,0,0,0,0,9,0,24,0,6,0,80,0,30,0,46,0,0,0,64,3,0,0,0,0,0,0,0,0,82,0,19,0,0,0,0,0,0,0,0,0,0,0,0,0,0,0,0,0,0,0,0,0,0,2,0,55,0,0,0,133,74,26,27,0,0,0
0,0,0,0,0,0,158,4,58,89,0,0,0,0,0,0,125,0,0,0,0,0,0,0,58,11,0,0,2,0,0,0,6,0,0,0,0,0,14,0,0,0,0,0,0,0,0,0,2,0,0,0,0,13,131,60,204,3,79,33,52,0,104,5,0,0,15,65,0,0,10,0,0,0,20,0,0,0,0,0,13,0,0,0,80,0,0,0,0,0,29,0,0,0,0,0,130,0,29,0,0,0,0,0,0,0,21,0,0,0,0,0,0,0,0,0,0,0,0,0,0,0,44,0,0,0,0,0,19,0,4,0,7,0,0,0,73,0,223,0,124,0,77,0,21,0,0,0,0,0,0,0,0,0,287,1,182,0,110,2,11,0,0,0,0,0,0,0,0,0,38,0,7,0,0,4,1,0,0,0,0,0,0,0,5,4,0,0,0,0,0,0,0,0,0,0,0,0,0,0,0,0,0,0,0,0,0,0,0,0,27,74,77,32,22,0,13,0,0,0,0,0,0,0,0
0,1,0,3,0,1,20,17,71,139,0,0,0,0,0,0,0,82,0,0,0,25,0,18,6,19,0,0,0,20,0,4,0,3,0,2,0,0,0,8,0,0,0,0,0,0,0,0,0,0,0,0,13,0,26,106,9,105,19,33,0,46,3,25,0,0,25,105,0,0,0,0,0,0,0,0,0,0,0,0,0,0,0,0,0,0,0,0,0,0,0,0,0,0,0,0,0,0,0,0,0,0,0,0,0,0,0,0,0,0,0,0,0,0,0,0,0,0,0,0,0,0,0,0,0,0,0,0,0,67,0,11,0,43,0,20,0,86,0,96,0,19,0,12,0,15,0,0,0,0,0,0,0,0,0,33,0,82,0,50,0,9,0,0,0,0,0,0,0,0,0,13,0,0,0,0,0,0,0,0,0,0,0,2,2,9,0,0,0,0,0,0,0,0,0,0,0,0,0,0,0,0,0,0,0,0,0,0,0,0,0,0,0,0,32,0,0,0,25,51,15,0,0,0,0
0,0,52,0,0,0,342,0,68,131,0,0,0,0,85,0,22,0,0,0,0,0,99,0,211,38,0,0,0,0,0,0,0,0,0,0,0,0,2,0,0,0,0,0,0,0,0,0,2,0,0,0,131,26,0,93,99,4,82,26,41,0,64,26,0,2,29,62,2,0,0,0,0,0,3,0,0,0,0,0,0,0,0,0,22,0,0,0,0,0,0,0,0,0,0,0,0,0,0,0,0,0,0,0,0,0,0,0,0,0,0,0,0,0,0,0,0,0,0,0,1,0,5,0,0,0,35,0,76,1,39,0,44,0,66,0,366,0,63,0,65,1,108,0,2,0,0,0,2,0,0,0,0,0,48,0,0,0,33,0,59,0,0,0,0,0,0,0,9,0,177,0,19,0,0,0,14,0,0,0,0,1,0,0,3,7,0,0,0,0,0,0,0,0,0,0,0,0,0,0,0,0,0,0,0,0,0,0,17,0,156,23,233,132,290,0,42,2,0,0,0,0,0,0,0
0,0,0,52,0,7,44,150,176,113,0,0,0,0,0,36,0,58,0,0,0,0,0,24,16,91,0,0,0,29,0,8,0,4,0,0,0,0,0,10,0,0,0,0,0,0,0,0,0,1,0,19,60,106,93,0,17,156,56,110,0,47,39,127,0,0,86,17,0,1,0,0,0,0,0,0,0,0,0,0,0,0,0,0,0,0,0,0,0,0,0,0,0,0,0,0,0,0,0,0,0,0,0,0,0,0,0,0,0,0,0,0,0,0,0,0,0,0,0,0,0,0,0,0,0,42,0,63,0,47,0,30,0,68,0,38,0,150,0,0,0,0,2,0,0,0,0,5,0,7,0,3,0,0,0,47,0,10,0,14,0,15,0,0,0,3,0,0,0,43,0,279,0,106,0,0,4,0,0,0,0,0,0,0,8,7,0,0,0,0,0,0,0,0,0,0,0,0,0,4,0,0,0,0,0,0,0,15,0,86,0,0,0,0,569,0,0,0,316,58,512,343,0,106,0
0,0,0,0,4,0,15,1,19,11,0,0,0,0,0,0,0,0,0,0,0,0,0,0,8,0,0,0,0,0,0,0,0,0,0,0,7,0,0,0,0,0,0,0,0,0,0,0,15,0,7,0,204,9,99,17,0,3,229,38,28,0,7,0,31,11,41,60,0,0,0,0,1,0,0,0,0,0,0,0,0,0,0,0,1,0,0,0,0,0,0,0,0,0,0,0,0,0,0,0,0,0,0,0,0,0,0,0,0,0,0,0,0,0,0,0,0,0,0,0,0,0,0,0,8,0,19,0,62,0,65,0,7,0,0,0,14,0,8,2,0,0,0,0,12,0,0,0,10,0,2,0,0,0,154,0,73,0,55,6,52,7,33,0,0,0,4,0,27,0,263,0,10,0,15,9,0,0,0,0,22,17,0,0,22,0,0,0,0,0,0,0,0,0,0,0,0,0,2,0,0,0,0,0,0,0,2,0,14,0,501,105,538,611,931,0,230,0,0,0,0,0,0,0,0
0,0,0,0,0,0,0,6,0,20,0,0,0,0,0,0,0,34,0,0,0,0,0,7,0,14,0,0,0,17,0,0,0,0,0,0,0,0,0,0,0,0,0,0,0,0,0,0,0,2,0,9,3,105,4,156,3,0,16,322,0,3,0,21,0,0,17,7,0,0,0,0,0,0,0,0,0,0,0,0,0,0,0,1,0,0,0,0,0,0,0,0,0,0,0,0,0,0,0,0,0,0,0,0,0,0,0,0,0,0,0,0,0,0,0,0,0,0,0,0,0,0,0,0,0,13,0,12,0,43,0,15,0,34,0,0,0,40,0,25,0,0,0,0,0,1,0,0,0,0,0,0,0,0,0,175,0,16,0,65,0,24,0,0,0,1,0,0,0,7,0,250,0,22,0,0,0,0,0,0,0,0,0,0,0,0,0,0,0,0,0,0,0,0,0,0,0,0,0,0,0,0,0,0,0,0,0,0,0,38,0,0,0,0,433,0,0,0,155,35,381,319,58,54,0
0,0,2,0,0,0,16,0,26,0,0,0,0,0,0,0,0,0,0,0,0,0,0,0,0,0,0,0,0,0,0,0,0,0,0,0,0,0,0,0,0,0,0,0,0,0,0,0,19,0,9,0,79,19,82,56,229,16,0,150,65,0,0,0,171,18,253,233,0,0,0,0,0,0,0,0,0,0,0,0,0,0,0,0,0,0,0,0,0,0,0,0,0,0,0,0,0,0,0,0,0,0,0,0,0,0,0,0,0,0,0,0,0,0,0,0,0,0,0,0,0,0,0,0,7,0,12,0,3,0,83,0,0,0,0,0,0,0,0,0,0,0,0,0,0,0,0,0,18,0,0,0,0,0,42,10,106,0,0,5,22,11,0,0,7,0,0,0,22,0,217,0,18,0,27,28,1,0,0,0,19,10,0,0,123,19,0,0,0,0,0,0,0,0,0,0,0,0,0,0,0,0,0,0,0,0,0,0,4,0,584,200,383,516,1302,0,225,0,0,0,0,0,0,0,0
0,3,0,2,0,5,0,17,0,29,0,0,0,2,0,2,0,0,0,0,2,0,0,0,1,0,0,2,0,4,0,0,0,0,0,0,0,6,0,0,0,0,0,0,0,1,0,0,0,1,0,0,33,33,26,110,38,322,150,0,0,0,2,9,12,71,168,78,0,0,0,0,0,2,0,0,0,0,0,0,0,0,0,0,0,0,0,0,0,0,0,0,0,0,0,0,0,0,0,0,0,0,0,0,0,0,0,0,0,0,0,0,0,0,0,0,0,0,0,0,0,0,0,0,0,7,0,8,0,8,0,20,0,3,0,2,0,4,0,5,0,0,0,0,0,11,0,0,0,0,0,0,0,0,2,44,0,32,0,14,0,46,0,0,0,5,0,0,0,22,0,158,0,0,6,67,0,0,0,0,3,0,0,0,27,80,0,0,0,0,0,0,0,0,0,0,0,0,0,0,0,0,0,0,0,0,0,0,0,11,2,0,0,0,2117,0,0,0,1068,305,609,802,148,173,1
26,0,0,0,0,0,304,0,136,0,0,0,0,0,0,0,31,0,0,0,0,0,0,0,10,0,0,0,4,0,0,0,4,0,2,0,6,0,4,0,0,0,0,0,0,0,0,0,1,0,0,0,52,0,41,0,28,0,65,0,0,0,53,0,0,0,0,0,0,0,0,0,0,0,8,0,0,0,0,0,0,0,0,0,0,0,0,0,0,0,0,0,0,0,0,0,0,0,0,0,0,0,0,0,0,0,0,0,0,0,0,0,0,0,0,0,0,0,0,0,0,0,0,0,0,0,0,0,0,0,0,0,0,0,0,0,6,0,200,0,43,0,0,0,124,0,0,0,0,0,0,0,0,0,14,0,75,0,0,0,3,0,7,0,0,0,0,0,0,0,95,0,19,0,0,0,3,0,0,0,0,0,0,0,0,0,0,0,0,0,0,0,0,0,0,0,0,0,0,0,0,0,0,0,0,0,0,0,0,0,84,131,24,13,28,0,0,0,0,0,0,0,0,0,0
1,40,0,0,0,0,0,177,0,211,0,0,0,0,0,0,0,8,0,0,0,12,0,4,6,43,0,0,0,24,0,0,0,6,0,0,0,24,0,31,0,0,0,2,0,0,0,0,0,0,0,4,0,46,0,47,0,3,0,0,0,0,0,20,0,0,0,0,0,0,0,0,0,0,0,0,0,0,0,1,0,2,0,0,0,0,0,0,0,0,0,0,0,0,0,0,0,0,0,0,0,0,0,0,0,0,0,0,0,0,0,0,0,0,0,0,0,0,0,0,0,4,0,0,0,0,0,0,0,0,0,0,0,0,0,0,0,0,0,72,0,83,0,0,0,97,0,0,0,0,0,0,0,0,0,5,0,56,0,21,0,0,0,4,0,0,0,3,0,0,0,74,0,23,0,0,6,39,0,0,0,0,0,0,0,10,0,0,0,0,0,0,0,0,0,0,0,0,0,0,0,0,0,0,0,0,0,0,0,0,0,0,0,0,58,0,0,0,72,205,40,26,1,7,0
0,8,16,0,0,0,449,24,91,106,0,0,0,0,0,0,456,6,0,0,45,0,18,0,92,73,0,0,5,0,11,0,20,0,0,0,15,0,28,0,0,0,9,0,0,0,0,0,0,0,0,0,104,3,64,39,7,0,0,2,53,0,0,23,0,0,0,11,0,0,76,0,0,0,111,0,0,0,0,0,0,0,0,0,0,0,0,0,0,0,0,0,0,0,0,0,0,0,0,0,0,0,0,0,0,0,0,0,0,0,0,0,0,0,0,0,0,0,0,0,70,0,57,0,0,0,0,0,0,0,0,0,0,0,0,0,0,0,185,0,160,0,0,0,73,0,0,0,0,0,0,0,0,0,48,0,25,0,41,0,0,0,0,0,0,0,0,0,0,0,17,0,18,0,0,0,5,0,0,0,0,0,1,1,0,1,0,0,0,0,0,0,0,0,0,0,0,0,0,0,0,0,0,0,0,0,0,0,1,0,18,52,17,4,6,0,0,0,3,0,0,0,0,0,0
1,11,0,1,0,6,48,149,100,221,0,1,0,0,0,58,5,48,0,69,0,151,0,85,25,38,0,0,0,87,0,11,0,0,0,3,0,0,0,26,0,0,0,0,0,0,0,0,0,0,0,0,5,25,26,127,0,21,0,9,0,20,23,0,0,0,0,19,0,0,0,0,0,0,0,0,0,0,0,0,0,0,0,0,0,0,0,0,0,0,0,0,0,0,0,0,0,0,0,0,0,0,0,0,0,0,0,0,0,0,0,0,0,0,0,0,0,0,0,0,0,0,0,0,0,0,0,0,0,0,0,0,0,9,1,0,0,0,0,74,0,30,0,9,0,9,0,0,0,0,0,0,0,0,0,18,0,15,0,19,0,0,0,0,0,0,0,0,0,0,0,7,0,9,0,0,11,17,0,0,0,0,0,3,0,7,0,0,0,0,0,0,0,0,0,0,0,0,0,0,0,0,0,0,0,0,0,0,0,0,0,0,0,0,23,0,0,0,40,43,12,7,0,0,0
33,0,0,0,7,0,20,0,126,0,1,0,0,0,4,0,0,0,0,0,0,0,0,0,0,0,0,0,0,0,0,0,0,0,0,0,0,0,0,0,0,0,0,0,0,0,0,0,0,0,0,0,0,0,0,0,31,0,171,12,0,0,0,0,0,0,69,9,0,0,0,0,0,0,2,0,0,0,0,0,0,0,0,0,0,2,0,0,0,0,0,0,0,0,0,0,0,0,0,0,0,2,0,0,0,0,0,0,0,0,0,0,0,0,0,0,0,0,0,0,0,0,0,0,18,0,25,0,0,0,26,39,0,0,0,0,0,0,8,25,0,8,0,0,43,0,12,0,58,0,16,0,0,0,0,2,8,0,2,10,164,73,0,0,0,0,0,0,0,0,0,0,0,0,43,10,0,0,0,0,272,56,2,0,110,0,0,0,0,0,0,0,0,0,0,0,0,0,0,0,0,0,0,0,0,0,0,0,5,0,113,18,0,0,124,0,0,0,0,0,0,0,0,0,0
0,61,0,3,0,74,0,0,0,95,0,35,0,4,0,9,0,0,0,30,0,0,0,0,0,0,1,34,0,0,0,0,0,0,0,0,0,0,0,0,0,0,0,0,0,5,0,14,0,0,0,0,0,0,2,0,11,0,18,71,0,0,0,0,0,0,23,333,0,0,0,21,0,0,0,20,0,0,0,0,0,0,0,0,0,0,0,7,0,0,0,0,0,0,0,0,0,0,0,7,0,0,0,0,0,0,0,0,0,0,0,0,0,0,0,0,0,0,0,0,0,0,0,0,0,28,0,32,14,0,25,76,0,0,0,2,0,2,0,27,0,50,0,0,0,57,0,39,22,172,0,23,0,0,0,0,0,0,17,0,50,237,0,0,0,0,0,0,0,0,0,0,0,0,3,55,0,10,0,0,50,229,0,7,0,123,0,0,0,0,0,0,0,0,0,0,0,2,0,0,0,0,0,0,0,0,0,26,0,27,0,0,0,0,93,0,0,0,99,0,29,0,0,0,0
17,0,0,0,0,0,30,2,108,17,0,0,0,0,0,0,0,0,0,0,2,0,1,0,0,0,0,0,0,0,0,0,0,0,0,0,0,0,0,0,0,0,0,0,0,0,0,0,1,0,0,0,15,25,29,86,41,17,253,168,0,0,0,0,69,23,0,156,0,0,0,0,0,0,0,0,0,0,0,0,0,0,0,0,0,0,0,0,0,0,0,0,0,0,0,0,0,0,0,0,0,0,0,0,0,0,0,0,0,0,0,0,0,0,0,0,0,0,0,0,0,0,0,0,2,0,0,0,0,0,2,0,0,0,0,0,0,0,0,6,0,0,0,0,0,0,0,0,3,0,0,0,0,0,0,2,0,0,0,8,4,5,0,0,0,0,0,0,0,0,29,0,0,0,27,25,5,0,0,0,31,15,0,0,752,41,0,0,0,0,0,0,0,0,0,0,0,0,0,0,0,0,0,0,0,0,0,0,0,0,145,72,52,126,257,0,13,0,0,0,0,0,0,0,0
0,41,0,8,0,15,0,16,55,109,0,13,1,0,0,1,0,0,0,0,0,0,0,0,0,0,1,0,0,0,0,0,0,0,0,0,0,0,0,0,0,0,0,0,0,0,0,5,0,1,0,11,65,105,62,17,60,7,233,78,0,0,11,19,9,333,156,0,0,0,0,2,0,0,0,0,0,0,0,0,0,2,0,1,0,0,0,0,0,0,0,0,0,0,0,0,0,0,0,0,0,0,0,0,0,0,0,0,0,0,0,0,0,0,0,0,0,0,0,0,0,0,0,0,0,16,0,2,0,0,0,54,0,3,0,0,0,0,0,0,0,0,0,0,0,14,0,0,0,11,0,0,0,0,0,22,0,32,0,5,0,97,0,0,0,0,0,0,0,3,0,0,0,0,0,151,2,0,0,1,3,45,0,11,56,604,0,0,0,0,0,0,0,0,0,0,0,0,0,0,0,0,0,0,0,0,0,0,0,3,0,0,0,0,396,0,0,0,337,235,62,0,0,24,0
0,0,0,0,0,0,0,0,0,0,0,0,0,0,0,0,0,0,0,0,0,0,0,0,0,0,0,0,0,0,0,0,0,0,0,0,0,0,0,0,0,0,0,0,3,0,0,0,10,0,0,0,0,0,2,0,0,0,0,0,0,0,0,0,0,0,0,0,0,0,0,0,1,0,0,0,120,0,44,0,0,0,60,0,0,0,0,0,35,0,0,0,39,0,37,0,0,0,9,0,60,0,155,0,0,0,92,0,25,0,14,0,8,0,27,0,18,0,0,0,0,0,0,0,0,0,0,0,0,0,0,0,0,0,0,0,0,0,0,0,0,0,0,0,0,0,0,0,0,0,0,0,0,0,0,0,0,0,0,0,0,0,0,0,48,0,0,0,98,0,0,0,0,0,0,0,0,0,0,0,0,0,0,0,0,0,0,0,21,0,0,0,0,0,30,0,0,0,0,0,0,0,0,0,0,0,0,0,0,0,15,25,131,0,6,49,70,0,0,0,0,0,0,0,0
0,0,0,1,0,0,0,0,0,0,0,0,0,0,0,0,0,0,0,3,0,0,0,0,0,0,0,13,0,0,0,0,0,0,0,0,0,0,0,0,0,5,0,5,0,26,0,13,0,0,0,4,0,0,0,1,0,0,0,0,0,0,0,0,0,0,0,0,0,0,0,0,0,0,0,0,0,69,0,0,0,0,0,44,0,0,0,9,0,15,2,0,0,13,0,19,0,0,0,2,0,2,0,80,0,0,0,0,0,10,0,1,0,5,0,0,0,31,0,0,0,0,0,0,0,0,0,0,0,0,0,0,0,0,0,0,0,0,0,0,0,0,0,0,0,0,0,0,0,0,0,0,0,0,0,0,0,0,0,0,0,0,0,0,0,53,0,0,0,68,0,11,0,0,0,0,0,0,0,0,0,0,0,0,0,0,0,1,0,0,0,0,0,0,0,0,0,0,0,0,0,0,0,4,0,0,0,0,0,0,0,0,0,0,5,0,0,0,0,30,100,4,19,37,6
2,0,0,0,0,0,0,0,0,0,0,0,0,0,0,0,100,0,0,0,47,0,11,0,3,0,0,0,28,0,0,0,24,0,31,0,115,0,23,0,0,0,0,0,34,0,0,0,0,0,18,0,10,0,0,0,0,0,0,0,0,0,76,0,0,0,0,0,0,0,0,0,163,0,245,1,16,0,213,0,16,0,0,0,0,0,56,0,0,0,0,0,0,0,4,0,2,0,0,0,0,0,0,0,0,0,0,0,0,0,0,0,0,0,0,0,0,0,0,0,18,0,6,0,54,0,93,0,13,0,37,0,16,0,78,0,52,0,20,0,94,0,32,0,118,0,45,0,19,0,0,0,0,0,0,0,20,0,0,0,0,0,42,1,0,0,6,0,21,0,43,0,28,0,38,0,0,0,0,0,17,4,0,0,10,0,0,0,0,0,0,0,0,0,0,0,0,0,0,0,0,0,0,0,0,0,6,0,50,0,27,0,4,0,0,0,0,0,0,0,0,0,0,0,0
0,0,0,0,0,0,0,0,0,0,0,0,0,0,0,0,0,0,0,4,0,6,0,0,0,0,0,0,0,0,0,0,0,0,0,0,0,6,0,0,0,0,0,0,0,0,0,0,0,0,0,6,0,0,0,0,0,0,0,0,0,0,0,0,0,21,0,2,0,0,0,0,0,97,0,192,0,23,0,16,0,0,0,0,0,0,0,25,0,0,0,0,0,0,0,0,0,0,0,0,0,0,0,0,0,0,0,0,0,0,0,0,0,0,0,0,0,0,0,0,0,7,0,4,0,59,0,21,0,24,0,27,0,63,0,0,0,0,0,0,0,19,0,14,0,84,9,39,7,23,0,0,0,0,0,0,0,0,0,0,0,6,0,15,0,0,0,0,0,9,0,5,0,13,0,9,0,0,0,0,4,23,0,0,0,3,0,0,0,0,0,0,0,0,0,0,0,0,0,0,0,0,0,0,0,0,0,0,0,0,0,0,1,0,0,0,0,0,25,0,0,0,0,0,0
0,0,0,0,0,0,0,0,0,0,0,0,0,0,0,0,0,0,0,0,3,0,0,0,0,0,0,0,0,0,0,0,0,0,0,0,0,0,0,0,0,0,0,0,0,0,0,0,1,0,2,0,0,0,0,0,1,0,0,0,0,0,0,0,0,0,0,0,1,0,163,0,0,0,41,0,25,0,129,0,1,0,3,0,7,0,2,0,0,0,0,0,4,0,0,0,3,0,0,0,0,0,0,0,0,0,0,0,0,0,0,0,0,0,0,0,0,0,0,0,0,0,16,0,34,0,104,0,16,0,27,0,16,0,133,0,36,0,0,0,59,0,42,0,56,0,43,0,0,0,28,0,3,0,0,0,0,0,0,0,1,0,44,0,0,0,2,0,34,0,11,0,5,0,0,0,0,0,0,0,0,0,0,0,0,0,0,0,2,0,0,0,0,0,0,0,2,0,0,0,18,0,40,0,8,0,0,0,85,0,184,2,22,0,9,2,0,0,1,0,0,0,0,0,0
0,0,0,0,0,0,0,0,0,0,0,0,0,0,0,0,0,0,0,0,0,0,0,0,0,0,0,0,0,0,0,0,0,0,0,0,0,0,0,0,0,0,0,0,0,0,0,0,0,0,0,0,0,0,0,0,0,0,0,2,0,0,0,0,0,0,0,0,0,0,0,97,0,0,1,128,0,28,0,50,0,8,0,4,0,12,0,35,0,0,0,0,0,0,0,0,0,0,0,0,0,0,0,0,0,0,0,0,0,0,0,0,0,0,0,0,0,0,0,0,0,30,0,12,0,48,14,0,8,24,0,26,0,42,0,87,4,32,0,0,0,15,0,13,0,33,15,0,0,0,0,0,8,14,0,0,0,0,0,0,0,0,0,26,0,0,0,0,0,8,0,0,0,0,0,0,0,0,0,0,0,0,0,0,0,0,0,0,0,31,0,0,0,0,0,0,0,0,0,67,0,72,0,0,0,0,0,0,6,135,0,0,0,0,9,0,0,0,155,0,6,0,0,0,0
0,0,0,0,0,0,0,0,0,0,0,0,0,0,5,0,170,0,0,0,56,0,10,0,17,0,49,0,27,0,36,0,25,0,18,0,85,0,15,0,0,0,0,0,0,0,0,0,0,0,0,0,20,0,3,0,0,0,0,0,8,0,111,0,2,0,0,0,0,0,245,0,41,1,0,0,3,0,103,0,26,0,23,0,29,0,46,0,0,0,0,0,0,0,5,0,6,0,14,0,0,0,0,0,0,0,0,0,0,0,0,0,0,0,0,0,0,0,0,0,84,0,27,0,20,0,14,0,0,0,11,0,0,0,35,0,18,0,19,0,67,0,42,0,138,0,24,0,25,0,0,0,22,0,0,0,14,0,0,0,0,0,29,0,0,0,0,0,12,0,21,0,13,0,63,0,0,0,0,0,26,0,0,0,0,0,0,0,0,0,0,0,0,0,0,0,3,0,20,0,7,0,0,0,0,0,21,0,36,0,25,0,14,0,0,1,0,0,0,0,0,0,0,0,0
0,0,0,0,0,0,0,0,0,0,0,0,0,0,0,0,0,0,0,0,0,0,0,2,0,0,0,0,0,1,0,0,0,0,0,0,0,0,0,0,0,0,0,0,0,0,0,0,0,0,0,23,0,0,0,0,0,0,0,0,0,0,0,0,0,20,0,0,0,0,1,192,0,128,0,0,0,17,0,22,0,2,0,0,0,2,0,42,0,0,0,0,0,0,0,0,0,0,0,0,0,0,0,0,0,0,0,0,0,0,0,0,0,0,0,0,0,0,0,0,0,162,0,22,0,66,0,49,0,0,23,30,0,0,0,88,0,35,0,0,2,39,0,22,0,236,0,57,0,27,0,23,0,31,0,0,0,5,0,0,0,0,0,48,0,0,0,0,0,9,0,8,0,14,0,19,0,0,0,0,11,41,0,0,0,0,0,0,0,0,0,0,0,0,0,0,0,0,0,0,0,22,0,0,0,0,0,0,0,89,0,0,0,0,3,0,0,0,111,0,12,0,0,0,0
0,0,0,0,0,0,0,0,0,0,0,0,0,0,0,0,0,0,0,0,0,0,0,0,0,0,10,0,0,0,0,0,0,0,0,0,0,0,0,0,0,0,0,0,3,0,0,0,2,0,0,0,0,0,0,0,0,0,0,0,0,0,0,0,0,0,0,0,120,0,16,0,25,0,3,0,0,0,37,0,11,0,47,0,0,0,29,0,0,0,0,0,20,0,6,0,0,0,9,0,10,0,23,0,14,0,0,0,3,0,1,0,0,0,4,0,3,0,1,0,10,0,0,0,0,0,0,0,0,0,0,0,2,0,0,0,0,0,0,0,4,0,0,0,0,0,0,0,0,0,0,0,0,0,0,0,0,0,0,0,1,0,0,0,33,0,0,0,28,0,0,0,0,0,0,0,0,0,0,0,0,0,0,0,0,0,1,0,31,0,0,0,29,0,0,0,0,0,25,0,41,0,50,0,0,0,0,0,0,0,61,11,70,5,0,40,20,0,0,0,0,0,0,0,0
0,0,0,0,0,0,0,0,0,0,0,0,0,0,0,0,0,0,0,22,0,0,0,0,0,0,0,0,0,0,0,0,0,0,0,0,0,0,0,0,0,0,0,0,0,36,0,0,0,0,0,0,0,0,0,0,0,0,0,0,0,0,0,0,0,0,0,0,0,69,0,23,0,28,0,17,0,0,0,17,0,117,0,154,1,22,0,110,0,42,1,0,0,22,0,30,0,0,0,0,0,0,0,68,0,0,0,25,0,10,0,0,0,0,0,1,0,33,0,0,0,16,0,0,0,0,0,11,1,0,0,3,0,0,0,0,0,0,0,0,0,2,0,10,0,4,0,0,0,1,0,0,0,5,0,0,0,0,0,0,0,0,0,0,0,30,0,0,0,46,0,1,0,0,0,0,0,0,0,0,0,12,0,0,0,0,0,0,0,49,0,0,0,0,0,35,0,0,0,30,0,46,0,35,0,41,0,10,0,15,0,0,0,0,10,0,0,0,37,28,57,2,0,1,0
0,0,0,0,0,0,0,0,0,0,0,0,0,0,0,0,0,0,0,0,0,0,0,0,0,0,0,0,0,0,0,0,0,0,0,0,0,0,0,0,0,0,0,0,0,0,0,0,0,0,0,0,0,0,0,0,0,0,0,0,0,0,0,0,0,0,0,0,44,0,213,0,129,0,103,0,37,0,0,0,29,0,135,0,53,0,60,0,0,0,0,0,17,0,0,0,21,0,7,0,0,0,11,0,0,0,0,0,0,0,0,0,0,0,2,0,1,0,0,0,72,0,55,0,0,0,0,0,0,0,0,0,0,0,102,0,0,0,0,0,76,0,77,0,22,0,0,0,0,0,0,0,0,0,0,0,0,0,0,0,0,0,0,0,0,0,0,0,43,0,0,0,0,0,22,0,0,0,0,0,0,0,0,0,0,0,0,0,29,0,0,0,0,0,14,0,20,0,122,0,120,0,141,0,66,0,0,0,0,0,282,0,58,4,28,21,7,0,0,0,0,0,0,0,0
0,0,0,0,0,0,0,0,0,0,0,0,0,0,0,0,0,0,0,0,0,0,0,0,0,0,0,0,0,0,0,0,0,0,0,0,0,0,0,0,0,0,0,0,0,0,0,0,0,0,0,0,0,0,0,0,0,0,0,0,0,1,0,0,0,0,0,0,0,0,0,16,0,50,0,22,0,17,0,0,0,0,0,0,0,8,0,11,0,0,0,0,0,0,0,0,0,0,0,0,0,0,0,0,0,0,0,0,0,0,0,0,0,0,0,0,0,0,0,0,0,8,0,9,3,0,0,0,0,0,0,0,0,0,0,52,0,12,0,0,0,9,0,9,0,13,3,10,0,0,1,0,0,7,0,0,0,0,0,0,0,0,0,3,0,0,0,0,0,4,0,2,0,1,0,0,0,0,0,0,1,0,0,0,0,0,0,0,0,4,0,0,0,0,0,0,0,0,0,20,0,14,0,0,0,0,0,19,0,35,0,0,0,0,3,0,0,0,35,0,0,0,0,0,0
