0,317,134,197,58,40,116,111,71,9,112,29,109,0,31,131,131,98,10,0,12,0,43,118,17,95,39,0,82,0,13,0,145,0,3,0,61,11,356,0,28,1,16,0,0,0,0,0,0,0,9,0,5,0,6,2,3,0,3,0,30,15,32,37,8,0,0,0,0,0,0,0,0,0,0,0,0,0,0,0,0,0,0,0,0,0,0,0,0,0,0,0,0,0,0,0,3,0,0,0,0,0,0,0,3,0,0,0,0,0,0,0,0,0,0,0,0,0,0,0,0,0,0,0,9,0,0,0,0,0,8,0,2,0,0,0,5,0,0,1,0,0,0,0,0,0,0,0,34,0,21,0,0,0,0,0,4,0,0,0,0,0,4,0,0,0,0,0,46,0,9,3,204,19,0,0,81,107,3,0,12,0,21,26,63,0,0,0,0,0,0,0,0,0,0,0,0,0,0,0,0,0,0,0,0,0,0,0,0,0,0,0,0,0,43,0,0,0,5,0,145,37,11,0,37,0,289,34,198,24,79,0,0,5,15,0,28,0,64,0,81,0,104,0,258,0,0,0,0
317,0,195,171,28,140,167,54,222,42,0,194,0,244,0,124,172,133,4,188,7,90,195,153,222,37,0,271,36,162,0,49,3,102,0,0,0,159,34,275,0,28,1,0,0,9,0,23,0,0,0,17,0,16,11,9,1,3,0,0,6,267,23,358,0,55,0,9,0,0,0,0,0,5,0,0,0,0,0,2,0,0,0,0,0,0,0,0,0,0,0,0,0,0,0,0,0,0,0,4,0,0,0,0,0,0,0,0,0,0,0,0,0,0,0,0,0,0,0,0,0,10,0,0,0,9,0,36,0,0,0,13,0,9,0,0,0,5,0,0,0,0,0,0,0,0,0,6,0,75,0,36,0,30,0,0,0,21,0,1,0,0,0,4,0,6,0,22,3,22,0,48,21,148,4,19,73,195,0,4,0,90,11,57,0,116,1,1,0,0,0,0,0,2,0,0,0,0,0,0,0,0,0,0,0,0,0,8,0,24,0,17,0,0,0,65,0,12,0,0,0,513,2,7,0,29,29,444,28,258,0,234,0,491,0,16,0,70,0,157,0,84,0,83,0,359,0,0,0
134,195,0,98,217,105,128,0,22,0,62,132,107,0,249,152,293,48,81,4,39,0,311,110,200,30,86,0,108,0,0,0,143,21,0,0,35,20,270,23,17,0,0,0,0,0,11,0,2,0,5,0,6,0,29,0,8,0,10,0,8,16,8,15,1,0,3,0,0,0,8,0,0,0,0,0,0,0,0,0,0,0,0,0,0,0,0,0,0,0,0,0,0,0,0,0,0,0,0,0,0,0,0,0,0,0,0,0,0,0,0,0,0,0,0,0,0,0,0,0,0,0,0,0,45,0,26,0,1,0,26,0,15,0,0,0,5,0,0,0,0,0,14,0,0,0,27,0,47,0,22,0,0,0,2,0,1,0,0,0,17,0,4,1,0,1,32,0,65,0,8,0,210,19,0,0,44,106,0,2,0,0,5,0,0,0,0,0,0,0,0,0,0,0,0,0,0,0,0,0,0,0,0,0,0,0,1,0,70,1,11,0,0,0,82,0,0,0,6,0,436,51,16,1,34,0,164,34,276,22,124,0,287,0,22,2,32,0,49,0,65,0,81,0,423,0,0,0,0
197,171,98,0,26,38,63,89,48,6,9,10,0,0,6,188,98,64,0,104,0,80,127,292,118,99,2,20,21,88,0,26,6,137,0,0,2,113,20,152,0,2,0,0,0,0,0,0,0,0,0,0,0,0,0,70,0,0,0,0,0,40,0,51,0,0,0,0,0,0,0,0,0,3,0,0,0,0,0,0,0,0,0,0,0,0,0,0,0,0,0,0,0,0,0,0,0,0,0,0,0,1,0,0,0,0,0,0,0,0,0,0,0,0,0,0,0,0,0,0,0,1,0,0,0,0,0,16,0,1,0,6,0,14,0,0,0,39,0,14,0,0,0,0,0,0,0,0,1,7,0,0,0,0,0,1,0,0,0,0,0,3,0,0,0,0,0,14,0,6,0,0,0,43,0,0,4,16,0,0,0,0,0,0,0,0,0,0,0,0,0,0,0,0,0,0,0,0,0,0,0,0,0,0,0,0,0,0,0,12,0,0,0,0,0,0,0,2,0,0,0,119,0,0,0,2,7,55,8,96,0,26,0,58,0,0,0,12,0,6,4,2,0,7,0,28,0,0,0
58,28,217,26,0,188,28,2,18,0,86,143,270,43,192,193,6,3,75,166,206,61,26,47,0,0,124,15,2,6,104,19,125,0,82,13,210,24,30,8,42,1,0,0,18,0,23,0,0,0,45,0,3,0,0,0,5,0,6,0,0,0,1,3,0,0,0,0,0,0,0,0,0,0,0,0,6,0,0,0,0,0,0,0,0,0,23,0,0,0,0,0,0,0,0,0,0,0,0,0,0,0,0,0,0,0,0,0,0,0,0,0,0,0,0,0,0,0,0,0,0,0,0,0,0,0,0,0,0,0,5,0,0,0,9,0,4,0,0,0,0,0,0,0,0,0,11,0,8,0,19,0,22,0,0,0,0,0,0,0,0,0,0,0,0,2,87,5,84,0,3,0,72,11,12,0,126,95,29,0,37,0,18,0,26,0,0,1,0,0,0,0,0,0,5,0,0,0,0,0,0,0,0,0,0,0,0,0,6,0,1,0,0,0,6,0,5,0,8,5,239,0,0,0,105,0,313,35,199,16,181,0,0,0,14,0,21,8,29,0,37,0,36,0,131,0,0,0,0
40,140,105,38,188,0,0,13,0,8,122,92,51,155,245,131,0,0,85,238,86,225,177,55,0,4,0,222,0,33,22,174,0,236,10,104,25,176,3,63,3,21,0,9,0,3,0,7,0,0,0,26,0,0,0,0,0,0,0,0,0,8,0,0,0,0,0,2,0,0,0,0,0,0,0,0,0,0,0,0,0,0,0,0,0,0,0,0,0,0,0,0,0,0,0,0,0,0,0,0,0,0,0,0,0,0,0,1,0,0,0,0,0,0,0,0,0,0,0,0,0,0,0,0,0,2,0,0,0,0,0,0,0,7,0,0,0,0,0,0,0,9,0,0,0,0,0,0,1,0,0,0,0,0,0,0,0,0,0,5,0,0,0,0,0,11,0,144,0,50,0,0,0,85,0,0,41,121,0,7,0,19,3,10,0,3,0,1,0,0,0,0,0,0,0,0,0,0,0,0,0,0,0,0,0,0,0,0,0,0,0,0,0,0,0,6,0,0,0,21,0,248,0,0,6,100,0,422,21,217,4,155,0,108,0,10,0,65,0,20,0,16,0,28,0,60,0,0,0
116,167,128,63,28,0,0,154,37,300,50,0,37,0,29,0,43,82,0,0,0,0,40,27,118,221,0,0,51,0,0,0,0,0,0,0,0,0,102,0,14,0,0,0,0,0,0,0,9,0,0,0,103,0,201,61,22,13,4,2,157,18,237,60,2,0,0,21,0,0,0,0,0,0,0,0,0,0,0,0,0,0,0,0,0,0,0,0,0,0,0,0,1,0,0,0,0,0,0,0,0,0,0,0,0,0,0,0,0,0,0,0,0,0,0,0,0,0,0,0,0,0,0,0,9,0,6,0,0,0,3,0,5,0,5,0,0,0,0,0,0,0,0,0,0,0,0,0,2,0,0,0,0,0,0,0,0,0,0,0,8,0,1,0,3,0,0,0,35,0,57,2,120,0,0,0,12,32,0,0,0,0,0,14,2,0,1,0,0,0,0,0,0,0,0,0,0,0,1,0,0,0,0,0,0,0,0,0,9,0,0,0,4,0,260,0,0,0,11,0,259,0,0,0,74,0,156,8,196,0,68,0,348,0,46,0,13,0,161,0,80,0,71,0,530,0,0,0,0
111,54,0,89,2,13,154,0,303,15,0,5,0,2,0,52,62,53,1,47,0,40,13,54,104,465,0,33,11,94,0,10,0,0,0,0,0,18,0,74,0,0,0,0,0,0,0,0,0,0,0,6,17,23,45,256,0,10,0,0,6,199,39,349,0,1,8,0,0,0,0,0,0,0,0,0,0,0,0,0,0,0,0,0,0,0,0,0,0,0,0,0,0,0,0,0,0,0,0,1,0,0,0,0,0,0,0,0,0,0,0,0,0,0,0,0,0,0,0,0,0,0,0,0,0,9,0,18,0,1,0,9,0,10,0,0,0,19,0,0,0,0,0,0,0,0,0,0,0,11,0,0,0,0,0,9,0,16,0,0,0,2,0,3,0,0,0,7,0,9,0,40,7,115,0,0,24,12,0,0,0,0,0,12,2,0,0,0,0,0,0,1,0,0,0,0,0,0,0,0,0,0,0,0,0,0,0,2,0,12,0,0,0,3,0,220,0,0,0,9,0,476,0,20,0,16,13,51,0,238,0,75,5,552,0,27,0,19,9,79,0,23,0,8,0,347,0,0,0
71,222,22,48,18,0,37,303,0,849,28,0,30,0,15,0,54,50,0,0,0,0,0,19,36,304,17,0,35,0,0,0,0,0,4,0,3,0,75,0,6,0,4,0,0,0,0,0,0,0,0,0,57,16,8,270,12,47,31,21,136,19,161,60,35,0,103,53,0,0,0,0,0,0,0,0,0,0,0,0,0,0,0,0,0,0,0,0,0,0,0,0,0,0,0,0,0,0,0,0,0,0,0,0,0,0,0,0,0,0,0,0,0,0,0,0,0,0,0,0,0,0,0,0,33,0,9,0,3,0,51,0,2,0,6,0,0,0,0,0,0,0,3,0,0,0,18,0,66,0,12,0,12,0,5,0,7,4,0,0,27,0,0,0,0,0,6,0,13,0,36,2,62,0,12,0,366,84,4,0,0,0,28,3,50,41,0,0,0,0,0,0,0,0,0,0,0,0,0,0,2,0,0,0,0,0,0,0,9,0,0,0,0,0,68,0,0,0,7,0,69,9,9,1,28,0,200,0,118,0,24,0,111,0,32,0,6,0,116,0,68,0,53,0,303,0,0,0,0
9,42,0,6,0,8,300,15,849,0,0,23,0,11,0,7,7,9,0,35,0,19,4,0,45,20,0,46,0,0,0,6,0,0,0,0,0,12,0,0,0,0,0,0,0,0,0,0,0,0,0,0,81,86,303,57,41,4,129,7,6,139,77,187,0,88,176,21,0,0,0,0,0,0,0,0,0,0,0,0,0,0,0,0,0,0,0,0,0,0,0,0,0,0,0,0,0,0,0,0,0,0,0,0,0,0,0,0,0,0,0,0,0,0,0,0,0,0,0,1,0,0,0,0,0,21,0,40,0,6,0,19,0,17,0,0,0,3,0,0,0,0,0,0,0,0,0,0,0,61,0,6,0,15,1,13,0,68,0,0,0,2,1,0,0,0,0,6,0,5,0,21,0,40,0,0,156,216,0,0,0,9,0,16,7,169,0,0,0,0,0,0,0,2,0,0,0,0,0,0,0,0,0,0,0,0,0,0,0,19,0,0,0,0,0,171,0,0,0,7,0,108,0,20,0,10,9,72,0,181,0,63,0,417,0,49,0,23,0,120,1,23,0,10,3,446,0,0,0
112,0,62,9,86,122,50,0,28,0,0,48,260,0,51,118,0,0,8,25,84,24,6,28,0,0,47,0,0,0,50,5,100,16,14,0,75,14,14,0,41,0,8,0,5,0,10,0,4,0,14,0,0,0,0,0,0,0,0,0,0,2,0,0,0,0,1,0,0,0,0,0,0,0,0,0,0,0,0,0,0,0,0,0,0,0,0,0,0,0,0,0,0,0,0,0,0,0,3,0,0,0,0,0,0,0,0,0,0,0,0,0,0,0,0,0,0,0,0,0,0,0,0,0,2,0,0,0,0,0,1,0,0,0,0,0,0,0,0,0,0,0,0,0,0,0,0,0,2,0,25,0,47,0,0,0,0,0,0,0,2,0,0,0,0,0,30,0,37,0,1,0,31,0,0,0,97,49,54,0,41,0,18,0,24,0,3,0,0,0,0,0,0,0,0,0,0,0,0,0,0,0,2,0,0,0,0,0,0,0,0,0,0,0,2,0,0,0,0,0,111,18,0,0,26,0,247,13,181,0,90,0,0,0,0,0,14,0,0,0,18,0,16,0,63,0,0,0,0
29,194,132,10,143,92,0,5,0,23,48,0,25,525,306,20,8,0,59,40,73,63,220,16,0,0,16,152,0,17,15,72,11,169,0,72,25,117,0,29,0,93,0,12,0,15,0,30,0,12,5,17,0,0,0,0,0,2,0,0,0,9,0,2,0,11,0,2,0,0,0,0,0,0,0,0,0,0,0,0,0,0,0,0,0,0,0,0,0,0,0,0,0,0,0,0,0,0,0,0,0,0,0,0,0,0,0,0,0,0,0,0,0,0,0,0,0,0,0,0,0,0,0,0,0,0,0,0,0,0,0,0,0,0,0,0,0,0,0,0,0,0,0,0,0,0,0,0,0,0,0,6,0,0,0,0,0,0,0,0,0,0,0,0,0,3,5,45,0,25,0,3,0,49,0,15,33,208,0,21,0,69,3,26,0,11,0,8,0,0,0,0,0,0,0,0,0,0,0,0,0,0,0,0,0,0,0,0,0,0,0,0,0,0,0,0,0,3,1,18,34,116,0,0,8,39,9,409,24,124,0,82,0,59,0,3,1,33,0,7,0,13,0,13,4,35,0,0,0
109,0,107,0,270,51,37,0,30,0,260,25,0,121,65,29,3,0,44,375,83,83,44,0,38,0,145,143,0,0,14,0,3,0,85,21,77,11,0,0,128,8,54,0,41,4,43,9,5,0,176,3,0,0,0,0,0,0,1,0,0,0,0,0,1,2,0,0,0,0,0,0,0,0,0,0,0,0,0,0,0,0,34,0,0,0,0,0,0,0,0,0,3,0,0,1,0,0,15,0,0,0,0,0,0,0,0,0,0,0,0,0,0,0,0,0,0,0,0,0,0,0,0,0,6,0,0,0,0,0,0,0,0,0,7,0,0,0,0,0,0,0,0,0,2,0,11,0,28,0,52,0,80,0,0,0,0,0,0,0,4,0,0,0,82,0,21,0,68,0,0,0,9,0,0,0,144,52,129,0,71,0,38,0,50,0,15,0,0,0,0,0,0,0,0,0,0,0,0,0,0,0,0,0,0,0,0,0,13,0,0,0,0,0,0,0,1,0,76,17,21,0,3,4,204,11,151,8,47,0,16,0,0,2,1,0,3,1,0,0,4,0,10,0,0,0,0,0,0
0,244,0,0,43,155,0,2,0,11,0,525,121,0,35,0,0,0,186,24,125,21,0,0,0,0,319,182,0,0,5,11,0,0,46,130,25,178,0,0,99,309,42,156,28,32,28,68,0,62,78,207,0,0,0,0,0,0,0,0,0,0,0,0,0,9,0,0,0,0,0,0,0,0,0,0,0,0,0,0,0,0,0,10,0,0,0,0,0,0,0,0,0,0,0,0,0,0,0,0,0,0,0,0,0,0,0,0,0,0,0,0,0,0,0,0,0,0,0,0,0,0,0,0,0,0,0,0,0,0,0,0,0,0,0,0,0,3,0,0,0,0,0,0,0,0,0,0,0,0,0,0,0,0,0,0,0,0,0,0,0,0,0,0,9,14,2,11,0,43,0,0,0,15,0,0,12,252,3,9,0,8,0,4,0,5,15,13,0,0,0,0,0,0,0,0,0,0,0,0,0,0,0,0,0,0,0,0,0,14,0,0,0,0,0,0,0,0,3,149,1,15,0,32,24,130,0,163,0,88,0,0,0,0,0,0,0,0,0,0,0,0,0,0,0,0,0,0,0
31,0,249,6,192,245,29,0,15,0,51,306,65,35,0,257,30,0,297,206,287,137,368,20,164,0,217,0,0,2,125,42,10,66,57,16,148,25,11,10,10,0,11,0,10,0,11,0,0,0,20,0,4,0,12,0,0,0,5,0,1,0,0,0,6,0,0,0,0,0,0,0,0,0,4,0,0,0,0,0,0,0,0,0,0,0,0,0,0,0,0,0,0,0,0,0,0,0,0,0,0,0,0,0,0,0,0,0,0,0,0,0,0,0,0,0,0,0,0,0,0,0,0,0,16,0,15,0,0,0,12,0,0,0,31,0,35,0,0,0,0,0,0,0,0,0,20,0,31,0,21,0,0,0,1,0,0,0,2,0,0,0,0,0,0,0,88,8,62,0,0,0,20,0,0,0,26,85,10,3,0,0,14,0,18,0,1,0,0,0,0,0,0,0,0,0,4,0,0,0,0,0,0,0,0,0,0,0,14,0,0,0,0,0,0,0,0,0,0,0,88,36,0,0,0,10,170,34,97,0,0,0,0,0,8,0,0,0,15,0,8,0,16,5,0,0,0,0,0
131,124,152,188,193,131,0,52,0,7,118,20,29,0,257,0,102,24,34,212,78,243,266,122,64,24,0,25,15,8,16,98,32,81,0,13,19,34,23,16,0,0,0,0,0,3,0,0,0,0,0,6,0,0,0,78,0,4,0,29,0,9,0,8,0,0,0,4,0,0,0,0,0,0,0,0,0,0,0,0,0,21,0,6,0,16,4,0,0,8,0,0,0,0,0,18,0,0,0,28,0,0,0,0,0,0,0,0,0,0,0,0,0,0,0,0,0,0,0,0,0,14,0,0,0,2,0,0,0,2,0,0,0,13,0,27,0,101,0,31,0,6,0,46,0,0,0,0,0,8,0,0,0,0,0,5,0,1,0,2,4,7,0,1,0,6,0,41,0,15,0,2,0,16,0,0,18,21,0,1,0,1,9,0,0,0,0,0,0,0,0,0,0,0,0,0,0,0,0,0,0,0,0,0,0,0,0,2,0,10,0,0,0,1,0,0,0,0,0,0,32,40,0,0,0,13,12,248,26,64,8,12,0,0,0,2,0,3,0,3,0,3,0,5,0,10,0,0,0
131,172,293,98,6,0,43,62,54,7,0,8,3,0,30,102,0,75,66,0,203,0,114,107,195,97,106,0,152,0,74,0,81,0,9,0,10,3,114,0,0,0,22,0,7,0,0,0,0,0,7,0,97,0,52,0,22,0,0,0,0,0,152,22,0,4,0,0,0,0,0,0,0,0,15,0,0,0,0,0,122,0,0,0,113,0,48,0,0,0,74,0,0,0,21,0,131,0,86,0,0,0,0,0,0,0,69,0,0,0,0,0,0,0,0,0,0,0,0,0,0,0,35,0,0,0,0,0,0,0,0,0,8,0,54,0,265,0,36,1,97,0,286,0,1,0,0,0,0,0,0,0,0,0,76,0,0,0,136,0,21,0,0,0,0,0,0,0,0,0,0,1,12,0,0,0,30,21,0,0,0,0,17,6,0,0,0,0,0,0,0,0,0,0,0,0,0,0,0,0,0,0,0,0,0,0,0,0,14,0,0,0,0,0,0,2,0,0,0,0,32,19,12,0,0,0,261,6,38,0,1,5,11,0,0,0,0,0,0,0,4,1,0,0,0,0,0,0,0
98,133,48,64,3,0,82,53,50,9,0,0,0,0,0,24,75,0,0,8,0,114,45,63,115,50,0,0,3,169,1,38,0,29,0,6,0,6,17,106,0,0,0,3,0,2,0,0,0,0,0,0,0,25,0,55,0,36,0,15,0,6,8,180,0,0,0,0,0,0,0,0,0,0,0,0,0,0,0,0,0,51,0,0,0,23,0,15,0,0,0,17,0,0,0,29,0,20,0,68,0,29,0,0,0,0,0,0,0,0,0,0,0,0,0,0,0,0,0,0,0,18,0,1,0,8,0,22,0,26,0,0,0,104,0,55,0,176,0,112,0,41,0,180,0,0,0,0,0,0,0,0,0,0,0,40,0,1,0,51,0,16,0,0,0,1,0,1,0,3,0,1,0,9,0,0,0,24,0,0,0,0,3,10,0,0,0,0,0,0,0,0,0,0,0,0,0,0,0,0,0,5,0,0,0,0,0,0,0,0,0,0,0,0,0,1,0,0,0,0,0,8,0,0,0,0,0,136,8,24,0,0,0,1,0,1,0,0,0,0,0,0,0,0,7,1,0,0,0
10,4,81,0,75,85,0,1,0,0,8,59,44,186,297,34,66,0,0,537,334,157,316,0,119,0,124,119,6,0,22,26,1,0,106,51,60,31,2,0,2,8,13,0,6,0,4,0,0,0,93,10,0,0,10,0,0,0,0,0,1,0,11,0,2,0,0,0,0,0,2,0,0,0,0,0,0,0,0,0,40,0,0,1,0,0,0,0,0,0,0,0,0,0,0,0,0,0,0,0,9,0,0,0,0,0,0,0,0,0,0,0,0,0,0,0,0,0,0,0,0,0,0,0,5,0,0,0,0,0,0,0,3,0,0,0,67,0,0,0,0,0,0,0,0,0,7,0,0,0,0,0,0,0,7,0,0,0,0,0,0,0,0,0,34,2,35,2,24,0,0,0,11,1,0,0,24,52,19,0,0,0,7,0,0,0,0,0,0,0,0,0,0,0,0,0,0,0,0,0,0,0,0,0,0,0,0,0,0,0,0,0,0,0,2,0,0,0,13,0,23,0,0,0,83,0,116,0,18,10,15,0,0,0,0,0,3,0,0,0,0,0,5,0,0,0,0,0,0
0,188,4,104,166,238,0,47,0,35,25,40,375,24,206,212,0,8,537,0,271,387,0,76,0,0,383,163,0,6,13,56,2,11,171,295,103,110,2,0,65,20,71,87,17,12,20,11,0,5,145,136,0,8,0,38,0,0,0,0,0,0,0,8,0,23,0,4,0,0,0,0,0,0,0,0,0,3,2,8,0,84,0,0,0,0,0,58,0,0,0,0,0,0,0,43,0,0,0,99,0,0,0,0,0,0,0,0,0,0,0,0,0,0,0,0,0,0,0,0,0,47,0,0,0,14,0,40,0,0,0,0,0,0,0,28,0,93,0,32,0,14,0,90,2,0,0,0,0,41,0,20,0,0,0,5,0,0,0,0,0,0,0,0,0,0,0,39,0,0,0,2,0,9,0,0,17,153,12,3,0,48,0,13,0,0,22,4,0,0,0,0,0,0,0,0,0,0,0,0,0,0,0,0,0,0,0,0,0,38,0,0,0,0,0,0,0,0,0,66,9,36,0,13,51,90,17,190,14,113,0,0,0,31,0,0,0,0,0,11,0,4,0,3,0,26,0,0,0
12,7,39,0,206,86,0,0,0,0,84,73,83,125,287,78,203,0,334,271,0,88,141,11,76,0,126,107,51,0,72,13,42,23,26,24,25,18,4,0,0,0,60,5,6,1,0,0,0,0,22,10,0,0,15,0,13,0,3,0,0,0,38,0,2,0,0,0,0,0,11,0,0,0,8,0,0,0,0,0,116,0,0,0,115,0,33,0,47,0,90,0,0,0,0,0,113,0,110,0,15,0,0,0,0,0,0,0,0,0,0,0,0,0,0,0,0,0,0,0,10,0,0,0,0,0,0,0,0,0,0,2,5,0,0,0,93,0,19,0,38,0,141,0,0,0,0,0,0,0,0,0,0,0,25,0,0,0,48,0,3,0,0,0,25,0,97,3,69,0,0,0,18,0,0,0,55,39,67,0,0,0,0,0,0,0,4,0,0,0,0,0,0,0,0,0,0,0,0,0,0,0,0,0,0,0,0,0,13,0,0,0,0,0,0,0,0,0,15,9,49,14,0,0,87,4,313,19,54,0,38,0,6,0,5,0,18,0,0,0,0,2,11,2,31,0,0,0,0
0,90,0,80,61,225,0,40,0,19,24,63,83,21,137,243,0,114,157,387,88,0,8,88,0,28,36,72,0,55,20,84,0,75,30,13,32,41,0,8,9,7,0,7,0,17,0,7,0,4,19,24,0,5,0,57,0,15,0,19,0,8,0,54,0,8,0,0,0,0,0,8,0,0,0,0,0,0,0,13,0,238,0,46,0,69,0,115,0,0,0,0,0,0,0,102,0,0,0,167,0,87,0,7,0,0,0,0,0,0,0,0,0,0,0,0,0,0,0,0,0,116,0,11,0,0,0,25,0,11,0,8,0,75,0,64,0,164,0,111,0,93,0,307,2,11,0,0,0,0,0,0,1,0,0,23,0,0,0,55,0,7,0,0,3,8,0,50,6,46,0,3,0,21,0,0,0,27,4,6,0,15,0,0,0,0,1,0,0,0,0,0,0,0,0,0,0,0,0,0,0,0,0,0,0,0,0,0,0,15,0,0,0,0,0,5,0,0,1,48,0,45,0,0,16,106,0,319,6,82,0,42,0,30,0,0,0,16,0,20,0,9,0,15,0,34,0,0,0
43,195,311,127,26,177,40,13,0,4,6,220,44,0,368,266,114,45,316,0,141,8,0,243,194,16,227,0,16,5,34,3,58,0,7,0,26,50,29,25,3,0,13,0,11,0,0,0,0,0,8,0,0,0,46,0,8,0,2,0,6,26,4,12,1,0,0,0,0,0,0,0,0,0,0,0,0,0,0,0,0,0,6,0,0,0,0,0,0,0,18,0,0,0,6,0,0,0,0,0,0,0,0,0,3,0,0,0,0,0,0,0,0,0,0,0,0,0,0,0,0,0,0,0,5,0,6,0,0,0,0,0,3,0,33,0,60,0,0,0,0,0,51,0,0,0,9,0,11,0,8,0,0,0,0,0,0,0,2,0,9,0,1,0,0,0,36,0,15,0,0,3,42,14,0,0,13,51,0,0,4,0,9,0,7,0,0,0,0,0,0,0,0,0,0,0,2,0,0,0,0,0,0,0,0,0,0,0,37,0,0,0,0,0,12,0,0,0,0,0,85,59,5,0,11,0,239,60,64,36,20,16,0,12,0,0,4,2,8,0,1,0,6,0,0,0,0,0,0
118,153,110,292,47,55,27,54,19,0,28,16,0,0,20,122,107,63,0,76,11,88,243,0,94,39,0,6,19,24,7,16,0,22,0,0,0,1,16,22,0,0,0,0,0,0,0,0,0,0,0,3,1,0,0,40,0,8,0,25,0,2,5,0,0,1,0,0,0,0,1,0,0,0,0,0,0,0,0,0,0,13,0,0,0,7,0,3,0,0,0,0,0,0,0,7,0,0,0,19,0,0,0,0,0,0,0,0,0,0,0,0,0,0,0,0,0,0,0,0,0,5,0,0,0,0,0,0,0,5,0,0,0,13,0,0,0,48,0,19,0,8,0,34,0,0,0,0,0,0,0,0,0,0,0,11,0,0,0,10,2,7,0,0,0,0,0,1,0,0,0,1,2,0,0,0,7,32,0,1,0,0,4,0,0,0,0,0,0,0,0,0,0,0,0,0,0,0,0,0,0,0,0,0,0,0,0,0,0,0,0,0,0,0,0,1,0,0,0,0,12,5,0,0,0,0,7,381,0,11,0,0,0,0,0,0,0,0,0,0,0,1,2,1,9,0,0,0,0
17,222,200,118,0,0,118,104,36,45,0,0,38,0,164,64,195,115,119,0,76,0,194,94,0,175,124,0,104,0,5,0,5,0,0,0,0,0,102,0,0,0,0,0,12,0,0,0,0,0,0,0,78,2,222,0,116,0,0,0,60,16,275,53,0,7,0,0,0,0,2,0,0,0,0,0,0,0,0,0,0,0,0,0,0,0,0,0,0,0,0,0,0,0,0,0,24,0,0,0,0,0,0,0,2,0,33,0,0,0,0,0,0,0,0,0,0,0,0,0,0,0,0,0,7,5,24,0,31,0,6,0,18,0,158,0,222,0,8,0,13,1,228,0,0,0,9,0,3,0,12,0,0,0,14,0,0,0,36,0,53,0,0,0,0,0,0,0,18,1,16,0,75,0,0,3,0,11,0,0,0,1,3,12,0,0,1,0,0,0,0,0,0,0,0,0,1,0,0,0,0,0,0,0,0,0,0,0,105,0,16,0,0,0,137,0,0,0,12,0,234,0,50,0,42,0,108,8,158,21,8,0,200,0,11,0,4,0,28,12,19,0,9,3,144,0,0,0,0
95,37,30,99,0,4,221,465,304,20,0,0,0,0,0,24,97,50,0,0,0,28,16,39,175,0,0,2,13,12,1,1,0,2,0,2,0,0,15,6,0,0,0,0,0,1,0,0,0,0,0,0,0,9,22,112,0,8,0,25,7,23,45,61,1,0,2,0,0,0,0,0,0,0,0,0,0,0,0,0,0,9,0,0,0,6,0,0,0,0,0,0,0,0,0,0,0,17,0,15,0,6,0,0,0,0,0,0,0,0,0,0,0,0,0,0,0,0,0,0,0,3,0,0,0,3,0,14,0,9,0,0,0,27,0,28,0,112,0,22,0,0,0,29,0,0,0,0,0,0,0,0,0,0,0,22,0,5,0,10,0,9,0,0,0,0,0,0,0,0,0,1,4,7,0,1,18,8,0,0,0,0,1,6,0,0,0,0,0,0,0,0,0,0,0,0,0,0,0,0,0,0,0,0,0,0,0,0,0,13,0,0,0,0,0,0,0,0,0,0,0,3,0,0,0,0,0,90,6,11,0,1,0,0,0,2,0,0,5,2,4,0,0,0,0,9,0,0,0
39,0,86,2,124,0,0,0,17,0,47,16,145,319,217,0,106,0,124,383,126,36,227,0,124,0,0,420,25,1,21,2,10,0,27,0,20,0,0,0,12,192,87,16,50,23,17,63,8,0,154,26,14,0,15,0,0,0,0,0,2,0,42,0,5,0,0,0,15,0,0,0,0,0,0,0,0,1,0,0,298,0,0,0,179,0,0,0,0,0,0,0,0,0,0,0,200,0,253,0,40,0,9,0,0,0,0,0,0,0,0,0,0,0,0,0,0,0,1,0,0,0,0,0,0,0,0,0,0,0,0,0,0,0,51,0,129,0,45,0,79,0,220,0,0,0,18,0,28,0,0,0,0,0,21,0,0,0,42,0,0,0,0,0,123,1,16,0,0,0,0,0,5,0,0,0,36,57,22,0,15,0,18,1,0,0,14,4,0,0,0,0,0,0,0,0,0,0,0,0,0,0,0,0,0,0,0,0,0,0,0,0,0,0,0,0,0,0,306,39,0,0,40,7,194,6,89,0,27,0,0,0,0,0,0,0,0,0,11,0,2,0,0,0,20,0,0,0,0
0,271,0,20,15,222,0,33,0,46,0,152,143,182,0,25,0,0,119,163,107,72,0,6,0,2,420,0,0,0,0,7,0,0,53,44,0,35,0,0,166,32,96,153,45,130,56,31,1,12,101,101,0,3,0,7,0,0,0,0,0,0,0,5,0,28,0,0,0,0,0,0,0,2,0,0,0,0,0,0,0,20,0,0,0,0,0,0,0,0,0,0,0,0,0,0,0,0,0,0,1,7,0,0,0,0,0,3,0,0,0,0,0,0,0,0,0,0,0,0,0,20,0,0,0,11,0,30,0,3,0,10,0,14,0,0,0,25,0,10,0,8,0,19,0,0,0,0,0,36,0,11,0,0,0,0,0,0,0,0,0,0,0,0,0,14,0,5,3,30,0,0,0,4,0,0,2,90,0,4,0,12,0,7,0,0,34,8,0,0,0,0,0,1,0,0,0,0,0,0,0,0,0,0,0,0,0,11,0,23,0,0,0,0,0,0,0,0,7,244,0,12,0,98,17,93,0,214,0,54,0,9,0,10,0,0,0,2,0,5,0,0,0,3,0,0,0,0,0
82,36,108,21,2,0,51,11,35,0,0,0,0,0,0,15,152,3,6,0,51,0,16,19,104,13,25,0,0,0,22,0,28,0,10,1,14,0,40,0,0,0,66,0,18,0,0,0,0,0,9,0,7,0,0,0,0,0,0,0,1,0,37,4,0,0,0,0,0,0,0,0,0,0,0,0,0,0,0,0,0,0,0,0,13,0,0,0,0,0,3,0,0,0,0,0,6,0,6,0,0,0,0,0,0,0,0,0,0,0,0,0,0,0,0,0,0,0,0,0,0,0,0,0,0,0,0,0,2,0,0,0,0,1,0,0,9,0,28,0,15,0,14,0,10,0,0,0,0,0,0,1,0,0,13,0,0,0,26,0,0,0,0,0,0,0,0,0,0,0,0,0,2,0,0,0,20,0,0,0,0,0,7,1,0,0,0,0,0,0,0,0,0,0,0,0,0,0,0,0,0,0,0,0,0,0,0,0,0,0,0,0,0,0,0,0,0,0,0,0,1,0,0,0,1,0,72,1,0,4,0,1,0,4,0,0,0,0,0,0,0,0,0,0,6,2,0,0,0
0,162,0,88,6,33,0,94,0,0,0,17,0,0,2,8,0,169,0,6,0,55,5,24,0,12,1,0,0,0,0,41,0,60,0,69,0,36,0,21,0,0,0,7,0,0,0,0,0,0,0,18,0,8,1,20,0,13,0,0,0,4,0,54,0,0,0,0,0,0,0,0,0,0,0,0,0,0,0,0,0,0,0,0,0,0,0,0,0,0,0,0,0,0,0,6,0,0,0,11,0,0,0,0,0,0,0,0,0,0,0,0,0,0,0,0,0,0,0,0,0,10,0,0,0,0,0,0,0,1,0,4,0,10,0,12,0,36,0,29,0,15,0,43,0,2,0,0,0,2,0,0,0,0,0,5,0,2,0,19,0,0,0,1,0,0,0,0,0,0,0,0,0,0,0,0,0,9,0,0,0,0,0,4,0,0,0,0,0,0,0,0,0,0,0,0,0,0,0,0,0,0,0,0,0,0,0,0,0,6,0,0,0,0,0,0,0,0,0,0,0,0,1,0,0,0,0,14,0,0,0,5,0,0,0,0,0,0,0,0,0,0,0,0,0,0,0,0,0
13,0,0,0,104,22,0,0,0,0,50,15,14,5,125,16,74,1,22,13,72,20,34,7,5,1,21,0,22,0,0,0,4,6,26,2,44,0,2,0,0,0,72,0,8,0,0,0,0,0,12,0,0,0,0,0,1,0,0,0,1,0,29,0,0,0,0,0,0,0,5,0,0,0,0,0,0,0,0,0,57,0,0,0,0,0,19,0,0,0,0,0,0,0,0,0,37,0,36,0,0,0,0,0,0,0,0,0,0,0,0,0,0,0,0,0,0,0,0,0,3,0,0,0,0,0,0,0,0,0,0,0,0,0,0,0,22,0,0,0,18,0,56,0,0,0,0,0,0,0,0,0,0,0,3,0,0,0,11,0,0,0,0,0,0,0,28,0,20,0,0,0,8,0,0,0,29,6,22,0,0,0,5,0,0,0,0,0,1,0,0,0,0,0,0,0,0,0,0,0,0,0,0,0,0,0,0,0,0,0,0,0,0,0,0,0,0,0,2,0,24,0,0,0,5,0,119,0,33,0,11,0,0,0,1,0,0,0,0,0,0,1,2,0,18,0,0,0,0
0,49,0,26,19,174,0,10,0,6,5,72,0,11,42,98,0,38,26,56,13,84,3,16,0,1,2,7,0,41,0,0,0,13,0,49,0,25,0,6,0,0,0,4,0,2,0,0,0,0,1,14,0,0,0,7,0,0,0,0,0,5,0,20,0,0,0,0,0,0,0,0,0,0,0,0,0,0,0,0,1,52,0,3,0,13,0,27,0,0,0,3,0,0,0,13,0,0,0,32,0,0,0,0,0,0,0,0,0,0,0,0,0,0,0,0,0,0,0,0,0,37,0,6,0,0,0,0,0,0,0,0,0,20,0,0,0,43,0,24,0,20,0,82,0,2,0,0,0,0,0,0,0,0,0,3,0,0,0,10,0,0,0,0,0,0,0,10,0,0,0,0,0,6,0,0,0,24,0,4,0,0,0,6,0,0,0,1,0,0,0,0,0,0,0,0,0,0,0,0,0,0,0,0,0,0,0,0,0,0,0,0,0,0,0,0,0,0,0,2,0,22,0,0,0,17,0,59,0,31,0,17,0,0,0,0,0,5,0,1,0,3,1,6,0,13,0,0,0
145,3,143,6,125,0,0,0,0,0,100,11,3,0,10,32,81,0,1,2,42,0,58,0,5,0,10,0,28,0,4,0,0,4,2,0,40,0,5,1,0,0,13,0,7,0,0,0,0,0,4,0,0,0,0,0,0,0,0,0,2,0,60,0,0,0,0,0,0,0,20,0,3,0,18,0,0,0,0,0,147,0,0,0,67,0,63,0,0,0,0,0,0,0,15,0,51,0,83,0,8,0,0,0,0,0,0,0,0,0,0,0,0,0,0,0,0,0,0,0,10,0,42,0,0,0,0,0,0,0,0,0,1,0,0,0,20,0,25,0,59,0,62,0,20,0,0,0,0,0,0,0,0,0,11,0,0,0,0,0,0,0,0,0,3,0,18,0,10,0,0,0,12,0,0,0,30,8,27,0,0,0,35,0,0,0,0,0,0,0,0,0,0,0,0,0,0,0,0,0,0,0,0,0,0,0,0,0,0,0,0,0,0,0,0,0,0,0,0,0,38,0,0,0,0,0,230,0,27,0,7,0,0,0,0,0,0,0,7,0,0,0,4,0,9,0,0,0,0
0,102,21,137,0,236,0,0,0,0,16,169,0,0,66,81,0,29,0,11,23,75,0,22,0,2,0,0,0,60,6,13,4,0,1,74,0,84,0,0,0,0,0,16,0,0,0,0,0,0,0,21,0,0,0,18,0,0,0,0,0,0,0,34,0,0,0,0,0,0,0,0,0,2,0,0,0,0,0,0,0,25,0,0,0,0,0,14,0,0,0,0,0,0,0,0,0,3,0,21,0,0,0,0,0,0,0,0,0,0,0,0,0,0,0,0,0,0,0,0,0,0,0,10,0,3,0,0,0,0,0,0,0,0,0,11,0,17,0,33,0,23,0,52,0,11,0,0,0,0,0,0,0,0,0,7,0,0,0,14,0,0,0,0,0,0,0,41,0,4,0,0,0,10,0,0,9,46,0,5,0,0,0,11,0,18,0,0,0,0,0,0,0,0,0,1,0,0,0,0,0,0,0,0,0,0,0,4,0,0,0,0,0,0,0,4,0,0,0,0,6,84,0,2,2,4,2,53,0,33,0,31,0,42,0,5,0,19,0,10,0,0,0,0,0,31,0,0,0
3,0,0,0,82,10,0,0,4,0,14,0,85,46,57,0,9,0,106,171,26,30,7,0,0,0,27,53,10,0,26,0,2,1,0,10,19,8,1,0,0,4,4,6,0,0,0,0,0,0,17,2,0,0,0,0,0,0,0,0,0,0,3,0,0,1,0,0,0,0,3,0,0,0,0,0,0,0,0,0,0,0,0,0,0,0,0,0,0,0,0,0,0,0,0,0,0,0,0,0,0,0,0,0,0,0,0,0,0,0,0,0,0,0,0,0,0,0,0,0,0,0,0,0,0,0,0,0,0,0,0,0,0,0,0,0,4,0,4,0,6,0,4,0,0,0,0,0,0,0,0,0,0,0,0,0,0,0,0,0,0,0,0,0,20,0,16,1,17,0,0,0,0,0,0,0,25,7,8,0,0,0,1,0,0,0,0,0,0,0,0,0,0,0,0,0,0,0,0,0,0,0,0,0,0,0,0,0,0,0,0,0,0,0,0,0,0,0,16,4,7,0,0,0,49,0,80,0,14,0,4,0,0,0,0,0,0,1,0,0,0,0,0,0,5,0,0,0,0
0,0,0,0,13,104,0,0,0,0,0,72,21,130,16,13,0,6,51,295,24,13,0,0,0,2,0,44,1,69,2,49,0,74,10,0,0,30,0,9,0,0,0,1,0,3,0,1,0,0,3,7,0,4,0,3,0,0,0,0,0,5,0,17,0,2,0,0,0,0,0,0,0,0,0,0,0,0,0,0,0,13,0,0,0,0,0,0,0,0,0,0,0,0,0,0,0,0,0,7,0,2,0,0,0,0,0,0,0,0,0,0,0,0,0,0,0,0,0,0,0,9,0,2,0,0,0,0,0,0,0,0,0,3,0,0,0,17,0,0,0,27,0,24,0,0,0,0,0,0,0,0,0,0,0,7,0,4,0,0,0,0,0,0,0,4,0,15,0,0,0,2,0,4,0,0,0,53,0,6,0,9,0,0,0,0,0,0,0,0,0,0,0,0,0,0,0,0,0,0,0,0,0,0,0,0,0,0,0,0,0,0,0,0,0,0,0,0,0,11,0,10,0,0,0,27,0,57,1,19,0,0,0,0,0,0,0,5,0,0,0,2,0,0,0,0,0,0,0
61,0,35,2,210,25,0,0,3,0,75,25,77,25,148,19,10,0,60,103,25,32,26,0,0,0,20,0,14,0,44,0,40,0,19,0,0,4,26,0,0,0,90,2,64,0,0,0,0,0,50,3,9,0,2,0,2,0,0,0,7,0,18,0,0,0,0,0,0,0,27,0,0,0,21,0,2,0,0,0,82,0,0,0,34,0,41,0,0,0,0,0,0,0,0,0,21,0,46,0,7,0,0,0,0,0,0,0,0,0,0,0,0,0,0,0,0,0,0,0,0,0,26,0,0,0,0,0,2,0,0,0,1,0,0,0,8,0,97,0,67,0,27,0,64,0,0,0,0,0,0,0,0,0,46,0,10,0,32,0,0,0,0,0,13,0,50,0,90,0,9,0,35,0,0,1,44,18,33,0,0,0,11,0,0,0,0,0,0,0,0,0,0,0,0,0,0,0,0,0,0,0,0,0,0,0,0,0,0,0,0,0,0,0,0,0,0,0,0,4,41,0,0,0,49,0,114,5,58,0,34,0,0,0,0,0,4,0,4,0,2,0,0,0,15,0,0,0,0
11,159,20,113,24,176,0,18,0,12,14,117,11,178,25,34,3,6,31,110,18,41,50,1,0,0,0,35,0,36,0,25,0,84,8,30,4,0,0,26,0,4,0,40,0,6,0,0,0,0,4,14,0,10,0,6,0,0,0,7,0,36,0,26,0,2,0,0,0,0,0,5,0,1,0,0,0,0,0,3,0,13,0,0,0,0,0,0,0,0,0,0,0,0,0,7,0,0,0,9,0,0,0,0,0,0,0,0,0,0,0,0,0,0,0,0,0,0,0,0,0,14,0,4,0,0,0,0,0,0,0,0,0,0,0,0,0,19,0,57,0,52,0,56,0,20,0,0,0,0,0,0,0,0,0,15,0,5,0,47,0,2,0,1,0,5,0,21,0,30,0,0,0,21,0,0,7,81,0,7,0,0,0,21,0,0,0,0,0,0,0,0,0,2,0,0,0,0,0,0,0,0,0,0,0,0,0,0,0,0,0,0,0,0,0,0,0,0,0,20,0,36,0,2,0,45,0,77,0,46,0,10,0,15,0,0,0,0,0,3,0,0,0,3,0,10,0,0,0
356,34,270,20,30,3,102,0,75,0,14,0,0,0,11,23,114,17,2,2,4,0,29,16,102,15,0,0,40,0,2,0,5,0,1,0,26,0,0,0,0,0,2,0,1,0,0,0,0,0,0,0,3,0,0,0,0,0,0,0,0,0,13,3,0,0,0,0,0,0,2,0,0,0,0,0,0,0,0,0,5,0,0,0,0,0,0,0,0,0,0,0,0,0,0,0,3,0,0,0,0,0,0,0,0,0,0,0,0,0,0,0,0,0,0,0,0,0,0,0,0,0,3,0,0,0,0,0,0,0,0,0,0,0,0,0,0,0,15,0,12,0,11,0,14,0,1,0,0,0,0,0,0,0,5,0,0,0,8,0,1,0,0,0,0,0,3,0,0,0,2,0,39,0,7,0,78,9,0,0,0,0,34,1,0,0,0,0,0,0,0,0,0,0,0,0,0,0,0,0,0,0,0,0,0,0,0,0,0,0,0,0,0,0,0,0,0,0,0,0,16,0,0,0,0,0,231,2,6,0,1,0,10,11,0,0,1,0,6,0,6,0,10,0,26,6,0,0,0
0,275,23,152,8,63,0,74,0,0,0,29,0,0,10,16,0,106,0,0,0,8,25,22,0,6,0,0,0,21,0,6,1,0,0,9,0,26,0,0,0,0,0,0,0,0,0,0,0,0,0,3,0,14,0,9,0,7,0,0,0,11,0,23,0,6,0,0,0,0,0,0,0,0,0,0,0,0,0,0,0,6,0,0,0,0,0,2,0,0,0,0,0,0,0,1,0,0,0,3,0,0,0,0,0,0,0,0,0,0,0,0,0,0,0,0,0,0,0,0,0,2,0,1,0,0,0,0,0,0,0,0,0,8,0,0,0,24,0,12,0,11,0,15,0,2,0,0,0,0,0,0,0,0,0,7,0,5,0,17,0,0,0,0,0,0,0,3,0,0,0,0,0,4,0,0,0,59,0,0,0,0,0,0,0,0,0,0,0,0,0,0,0,0,0,0,0,0,0,0,0,0,0,0,0,0,0,0,0,6,0,0,0,0,0,4,0,1,0,0,0,8,0,0,0,0,0,28,0,11,0,9,0,34,0,2,0,0,0,6,0,0,0,3,0,0,0,0,0
28,0,17,0,42,3,14,0,6,0,41,0,128,99,10,0,0,0,2,65,0,9,3,0,0,0,12,166,0,0,0,0,0,0,0,0,0,0,0,0,0,191,44,7,7,28,6,89,71,3,20,5,0,0,1,0,0,0,0,0,0,0,0,0,2,0,0,0,2,0,0,0,0,0,0,0,0,0,0,0,19,0,4,0,0,0,0,0,0,0,0,0,0,0,0,0,0,0,16,0,0,0,0,0,0,0,0,0,0,0,0,0,0,0,0,0,0,0,0,0,4,0,0,0,0,0,0,0,0,0,0,0,0,0,3,0,0,0,0,0,0,0,7,0,0,0,0,0,10,0,12,0,14,0,1,0,0,0,0,0,1,0,0,0,24,0,1,1,0,0,0,0,0,0,5,0,33,61,18,0,16,0,6,0,21,0,93,1,0,0,0,0,0,0,0,0,0,0,0,0,0,0,0,0,0,0,0,0,5,0,0,0,0,0,0,0,1,0,271,25,0,0,63,18,27,0,12,1,0,0,0,0,0,0,0,0,0,0,0,0,0,0,1,0,0,0,0,0,0
1,28,0,2,1,21,0,0,0,0,0,93,8,309,0,0,0,0,8,20,0,7,0,0,0,0,192,32,0,0,0,0,0,0,4,0,0,4,0,0,191,0,64,35,98,46,72,35,2,119,21,30,0,0,0,0,0,0,0,0,0,0,0,0,0,0,0,0,0,1,0,0,0,0,0,0,0,2,0,0,0,0,0,3,0,0,0,0,0,0,0,0,0,0,0,0,0,0,0,0,0,1,0,0,0,0,0,0,0,0,0,0,0,0,0,0,0,0,0,0,0,0,0,0,0,0,0,0,0,0,0,0,0,0,0,0,0,0,0,0,0,0,0,0,0,0,0,0,0,0,0,2,0,1,0,0,0,0,0,0,0,0,0,0,0,16,0,0,0,0,0,0,0,0,0,1,2,122,0,2,0,6,0,1,0,0,36,8,0,0,0,0,0,0,0,0,0,0,0,0,0,0,0,0,0,0,0,0,0,0,0,0,0,0,0,0,0,0,77,90,0,0,2,182,0,10,0,8,0,0,0,0,0,0,0,0,0,0,0,0,0,0,0,0,0,0,0,0,0
16,1,0,0,0,0,0,0,4,0,8,0,54,42,11,0,22,0,13,71,60,0,13,0,0,0,87,96,66,0,72,0,13,0,4,0,90,0,2,0,44,64,0,6,138,18,33,24,4,0,49,9,6,0,2,0,0,0,1,0,2,0,38,0,0,0,0,0,3,0,15,0,1,0,0,0,0,0,0,0,0,0,0,0,0,0,0,0,0,0,0,0,4,0,0,0,0,0,0,0,0,0,2,0,0,0,0,0,0,0,0,0,0,0,0,0,0,0,0,0,0,0,15,0,1,0,0,0,0,0,0,0,0,0,3,0,0,0,0,0,39,0,0,0,0,0,3,0,0,0,0,0,0,0,30,0,0,0,16,0,0,0,0,0,75,0,16,0,5,0,7,0,19,0,1,0,7,6,0,0,0,0,6,0,0,0,9,0,0,0,0,0,0,0,0,0,0,0,0,0,0,0,0,0,0,0,0,0,0,0,0,0,0,0,0,0,0,0,237,15,10,0,46,12,72,0,23,0,26,0,0,0,0,0,0,0,0,0,0,0,0,0,0,0,0,0,0,0,0
0,0,0,0,0,9,0,0,0,0,0,12,0,156,0,0,0,3,0,87,5,7,0,0,0,0,16,153,0,7,0,4,0,16,6,1,2,40,0,0,7,35,6,0,0,23,0,22,0,5,0,19,0,2,0,6,0,8,0,0,0,4,0,13,0,0,0,0,0,0,0,0,0,0,0,0,0,0,0,0,0,16,0,0,0,0,0,0,0,0,0,1,0,0,0,14,0,0,0,7,0,0,0,0,0,0,0,0,0,0,0,0,0,0,0,0,0,0,0,0,0,31,0,10,0,0,0,0,0,2,0,3,0,0,0,0,0,16,0,26,0,26,0,57,0,21,0,0,0,0,0,0,0,0,0,7,0,2,0,17,0,0,0,0,0,8,1,9,0,21,0,5,0,9,0,0,0,13,0,0,0,0,0,0,0,0,0,3,0,0,0,0,0,0,0,6,0,0,0,0,0,8,0,0,0,0,0,0,0,0,0,0,0,0,0,0,0,0,0,77,0,19,0,24,0,43,0,41,0,29,0,5,0,2,0,0,0,0,0,3,0,0,0,0,0,0,0,0,0
0,0,0,0,18,0,0,0,0,0,5,0,41,28,10,0,7,0,6,17,6,0,11,0,12,0,50,45,18,0,8,0,7,0,0,0,64,0,1,0,7,98,138,0,0,16,27,44,10,0,45,4,0,0,0,0,0,0,3,0,3,0,20,0,0,0,0,0,0,0,27,0,4,0,15,0,9,0,0,0,140,0,22,0,56,0,58,0,39,0,29,0,0,0,0,0,53,0,104,0,14,0,0,0,0,0,0,0,0,0,0,0,0,0,0,0,0,0,0,0,9,0,20,0,2,0,0,0,0,0,0,0,2,0,0,0,14,0,29,0,39,0,52,0,16,0,0,0,0,0,3,0,0,0,14,0,0,0,0,0,0,0,5,0,134,0,9,0,0,0,13,0,14,0,0,0,0,23,2,0,0,0,0,0,0,0,11,0,0,0,0,0,0,0,0,0,0,0,0,0,0,0,0,0,0,0,0,0,0,0,0,0,0,0,0,0,0,0,136,5,12,0,65,10,39,1,38,0,20,0,5,0,7,0,0,0,0,0,2,0,3,0,0,0,8,0,0,0,0
0,9,0,0,0,3,0,0,0,0,0,15,4,32,0,3,0,2,0,12,1,17,0,0,0,1,23,130,0,0,0,2,0,0,0,3,0,6,0,0,28,46,18,23,16,0,7,130,0,27,0,26,0,0,0,1,0,0,0,4,0,0,0,0,0,0,0,3,0,10,0,8,0,0,0,0,0,15,0,0,0,22,0,22,0,0,0,16,0,5,0,0,0,0,0,8,0,1,0,6,0,0,0,9,0,4,0,0,0,0,0,0,0,0,0,0,0,0,0,0,0,17,0,0,0,0,0,0,0,0,0,0,0,0,0,0,0,0,0,0,0,17,0,42,0,14,0,0,0,0,0,0,0,0,0,0,0,0,0,0,0,0,0,0,0,22,0,3,0,24,0,4,0,3,0,0,0,5,0,0,0,0,0,0,0,0,0,0,0,0,0,0,0,0,0,11,0,0,0,1,0,7,0,0,0,0,0,0,0,0,0,0,0,0,0,1,0,11,5,123,0,9,0,134,0,50,0,61,0,28,0,9,0,6,0,0,0,1,0,0,0,4,0,6,0,11,0,0,0
0,0,11,0,23,0,0,0,0,0,10,0,43,28,11,0,0,0,4,20,0,0,0,0,0,0,17,56,0,0,0,0,0,0,0,0,0,0,0,0,6,72,33,0,27,7,0,38,5,0,5,0,0,0,0,0,0,0,0,0,0,0,0,0,0,0,0,0,0,0,0,0,0,0,0,0,0,0,0,0,0,0,0,0,0,0,0,0,0,0,0,0,0,0,0,0,0,0,0,0,0,0,0,0,0,0,0,0,0,0,0,0,0,0,0,0,0,0,0,0,0,0,0,0,0,0,0,0,0,0,0,0,0,0,0,0,0,0,0,0,0,0,0,0,0,0,4,0,3,0,6,0,0,0,0,0,0,0,0,0,0,0,0,0,36,0,0,0,3,0,1,0,0,0,0,0,1,16,7,0,6,0,6,0,12,0,15,0,0,0,0,0,0,0,0,0,0,0,0,0,0,0,0,0,0,0,0,0,0,0,0,0,0,0,0,0,0,0,179,10,0,0,35,9,31,0,9,0,0,0,0,0,0,0,0,0,0,0,0,0,0,0,0,0,0,0,0,0,0
0,23,0,0,0,7,0,0,0,0,0,30,9,68,0,0,0,0,0,11,0,7,0,0,0,0,63,31,0,0,0,0,0,0,0,1,0,0,0,0,89,35,24,22,44,130,38,0,1,21,5,17,0,0,0,0,0,0,0,0,0,0,0,0,0,0,0,0,0,0,0,0,0,0,0,0,0,0,0,1,0,0,0,0,0,0,0,0,0,0,0,0,0,0,0,0,0,0,0,0,0,3,0,0,0,0,0,0,0,0,0,0,0,0,0,0,0,0,0,0,0,0,0,0,0,0,0,0,0,0,0,0,0,0,0,0,0,0,0,0,0,0,0,0,0,0,0,0,0,0,0,0,0,0,0,0,0,0,0,0,0,0,0,0,4,26,0,0,0,0,0,0,0,0,0,0,0,29,0,1,0,0,0,0,0,0,18,2,0,0,0,0,0,0,0,0,0,0,0,0,0,0,0,0,0,0,0,0,0,0,0,0,0,1,0,0,0,0,37,153,0,0,1,283,0,6,0,0,0,3,0,0,0,0,0,0,0,0,0,0,0,0,0,0,0,0,0,0,0
0,0,2,0,0,0,9,0,0,0,4,0,5,0,0,0,0,0,0,0,0,0,0,0,0,0,8,1,0,0,0,0,0,0,0,0,0,0,0,0,71,2,4,0,10,0,5,1,0,0,0,0,3,0,3,0,0,0,0,0,2,0,0,0,0,0,0,0,0,0,0,0,0,0,0,0,0,0,0,0,0,0,1,0,0,0,0,0,0,0,0,0,0,0,0,0,0,0,0,0,0,0,1,0,0,0,0,0,0,0,0,0,0,0,0,0,0,0,0,0,0,0,0,0,0,0,0,0,0,0,0,0,0,0,0,0,0,0,0,0,0,0,0,0,0,0,0,0,0,0,3,0,2,0,0,0,0,0,0,0,0,0,0,0,5,0,1,0,0,0,2,0,6,0,0,0,3,2,0,0,1,0,2,0,1,0,26,0,8,0,0,0,4,0,4,0,0,0,0,0,0,0,0,0,7,0,0,0,0,0,0,0,0,0,2,0,3,0,15,1,1,0,15,1,3,0,7,0,20,0,0,0,0,0,0,0,1,0,0,0,0,0,0,0,3,0,0,0,0
0,0,0,0,0,0,0,0,0,0,0,12,0,62,0,0,0,0,0,5,0,4,0,0,0,0,0,12,0,0,0,0,0,0,0,0,0,0,0,0,3,119,0,5,0,27,0,21,0,0,0,6,0,0,0,0,0,0,0,0,0,0,0,0,0,0,0,0,0,22,0,0,0,0,0,0,0,1,0,0,0,1,0,10,0,0,0,0,0,0,0,0,0,0,0,0,0,0,0,0,0,1,0,2,0,0,0,0,0,0,0,0,0,0,0,0,0,0,0,0,0,0,0,0,0,0,0,0,0,0,0,0,0,0,0,0,0,0,0,0,0,0,0,0,0,0,0,0,0,0,0,0,0,0,0,0,0,0,0,0,0,0,0,0,0,8,0,0,0,0,0,0,0,0,0,0,0,27,0,2,0,6,0,0,0,0,0,4,0,0,0,0,0,0,0,0,0,0,0,0,0,0,0,1,0,0,0,1,0,0,0,0,0,0,0,0,0,0,0,1,0,1,0,14,0,0,0,2,0,2,0,2,0,0,0,0,0,0,0,0,0,0,0,0,0,1,0,0,0
9,0,5,0,45,0,0,0,0,0,14,5,176,78,20,0,7,0,93,145,22,19,8,0,0,0,154,101,9,0,12,1,4,0,17,3,50,4,0,0,20,21,49,0,45,0,5,5,0,0,0,4,4,0,0,0,0,0,0,0,0,0,4,0,1,0,0,0,0,0,33,0,0,0,0,0,5,0,0,0,46,0,31,0,0,0,24,0,0,0,0,0,0,0,0,0,0,0,24,0,7,0,2,0,0,0,0,0,0,0,0,0,0,0,0,0,0,0,0,0,0,0,10,0,0,0,2,0,0,0,0,0,0,0,0,0,4,0,0,0,0,0,0,0,7,0,0,0,0,0,0,0,0,0,0,0,0,0,0,0,1,0,10,0,63,0,28,0,53,0,14,0,30,0,0,0,22,16,20,0,2,0,7,0,4,0,11,0,0,0,1,0,0,0,0,0,0,0,0,0,0,0,0,0,0,0,0,0,0,0,1,0,0,0,0,0,0,0,82,7,8,0,10,0,173,0,50,0,14,0,5,0,0,0,0,0,0,0,0,0,0,0,2,0,3,0,0,0,0
0,17,0,0,0,26,0,6,0,0,0,17,3,207,0,6,0,0,10,136,10,24,0,3,0,0,26,101,0,18,0,14,0,21,2,7,3,14,0,3,5,30,9,19,4,26,0,17,0,6,4,0,0,2,0,0,0,3,0,7,0,4,0,2,0,0,0,0,0,2,0,7,0,0,0,0,0,8,0,0,0,11,0,13,0,5,0,28,0,0,0,0,0,0,0,15,0,0,0,6,0,6,0,0,0,0,0,0,0,0,0,0,0,0,0,0,0,0,0,0,0,26,0,5,0,0,0,0,0,0,0,0,0,0,0,0,0,0,0,11,0,20,0,35,0,14,0,0,0,0,0,0,0,0,0,0,0,0,0,0,0,0,0,0,0,3,0,3,0,28,0,8,0,18,0,0,1,17,0,0,0,7,0,0,0,0,1,3,0,9,0,0,0,0,0,7,0,0,0,1,0,0,0,0,0,0,0,0,0,0,0,0,0,0,0,0,0,9,0,39,0,23,0,16,0,38,1,47,0,50,0,0,0,14,0,0,0,0,0,0,0,0,0,0,0,1,0,0,0
5,0,6,0,3,0,103,17,57,81,0,0,0,0,4,0,97,0,0,0,0,0,0,1,78,0,14,0,7,0,0,0,0,0,0,0,9,0,3,0,0,0,6,0,0,0,0,0,3,0,4,0,0,2,144,30,68,20,62,25,32,0,94,0,1,4,23,71,0,0,0,0,0,0,2,0,1,0,0,0,0,0,0,0,18,0,0,0,2,0,5,0,0,0,0,0,14,0,7,0,1,0,0,0,0,0,0,0,0,0,0,0,0,0,0,0,0,0,0,0,0,0,7,0,1,0,3,0,8,0,3,0,2,0,3,0,99,0,80,1,54,0,64,0,2,0,0,0,0,0,0,0,0,0,135,7,29,0,136,2,21,0,9,0,0,0,0,0,7,0,51,0,0,0,0,0,0,0,0,0,0,0,0,0,2,9,0,0,0,0,0,0,0,0,0,0,0,0,0,0,0,0,0,0,0,0,0,0,0,0,9,0,10,0,88,0,0,0,2,0,187,0,54,0,18,0,519,1,131,2,2,0,135,0,34,0,0,0,49,0,11,0,14,0,143,1,0,0,0
0,16,0,0,0,0,0,23,16,86,0,0,0,0,0,0,0,25,0,8,0,5,0,0,2,9,0,3,0,8,0,0,0,0,0,4,0,10,0,14,0,0,0,2,0,0,0,0,0,0,0,2,2,0,6,94,12,59,27,40,0,33,0,31,5,0,44,32,0,0,0,0,0,0,0,0,0,0,0,0,0,0,0,0,0,1,0,1,0,0,0,2,0,0,0,0,0,3,0,4,0,2,0,0,0,0,0,0,0,0,0,0,0,0,0,0,0,0,0,0,0,0,0,0,0,2,0,0,0,6,0,12,0,16,0,0,0,28,0,45,0,9,0,16,0,6,0,0,0,0,0,0,0,0,0,81,0,36,0,105,0,9,0,0,0,0,0,0,0,1,0,8,0,0,0,0,0,7,0,0,0,1,0,22,0,21,0,0,0,0,0,0,0,0,0,0,0,0,0,0,0,0,0,0,0,0,0,0,0,0,0,0,0,0,0,28,0,0,0,1,0,33,0,7,0,2,0,142,0,33,0,0,0,41,0,4,0,0,0,6,0,0,0,0,0,13,0,0,0
6,11,29,0,0,0,201,45,8,303,0,0,0,0,12,0,52,0,10,0,15,0,46,0,222,22,15,0,0,1,0,0,0,0,0,0,2,0,0,0,1,0,2,0,0,0,0,0,3,0,0,0,144,6,0,99,40,18,32,24,31,0,80,6,0,4,2,69,0,0,0,0,0,0,0,0,0,0,0,0,0,0,0,0,0,0,0,0,0,0,0,0,0,0,0,0,0,0,0,0,0,0,0,0,0,0,3,0,0,0,0,0,0,0,0,0,0,0,0,0,0,0,0,0,0,0,12,2,8,0,0,0,6,0,0,0,16,0,0,0,1,0,13,0,0,0,0,1,2,1,0,0,0,0,15,0,3,0,7,2,34,0,3,0,0,0,0,0,20,0,50,1,18,0,1,0,0,0,0,0,0,0,0,3,0,6,0,0,0,0,0,0,0,0,0,0,0,0,0,0,0,0,0,0,0,0,0,0,10,0,21,0,10,0,155,0,0,0,7,0,263,0,83,0,35,0,227,0,173,0,3,0,167,2,51,0,8,0,37,0,13,0,8,0,160,0,0,0,0
2,9,0,70,0,0,61,256,270,57,0,0,0,0,0,78,0,55,0,38,0,57,0,40,0,112,0,7,0,20,0,7,0,18,0,3,0,6,0,9,0,0,0,6,0,1,0,0,0,0,0,0,30,94,99,0,28,33,66,55,5,74,33,170,0,1,100,3,0,0,0,0,0,0,0,0,0,0,0,0,0,0,0,0,0,3,0,0,0,0,0,0,0,0,0,0,0,8,0,8,0,0,0,0,0,0,0,0,0,0,0,0,0,0,0,0,0,0,0,0,0,0,0,0,0,8,0,17,0,0,0,27,0,37,0,13,0,126,0,26,0,3,1,15,0,0,0,0,0,0,0,4,0,0,0,41,0,30,0,11,2,43,0,0,0,0,0,1,0,4,0,18,3,9,0,0,12,2,0,0,0,0,0,9,1,19,0,0,0,0,0,0,0,0,0,0,0,2,0,2,0,0,0,0,0,0,0,4,0,26,0,0,0,0,0,132,0,0,0,2,0,141,0,18,1,18,0,176,5,208,0,0,0,192,0,43,0,0,0,13,0,0,0,4,0,85,0,0,0
3,1,8,0,5,0,22,0,12,41,0,0,0,0,0,0,22,0,0,0,13,0,8,0,116,0,0,0,0,0,1,0,0,0,0,0,2,0,0,0,0,0,0,0,0,0,0,0,0,0,0,0,68,12,40,28,0,58,99,54,6,0,8,0,46,59,89,172,0,0,1,0,0,0,0,0,0,0,0,0,0,0,0,0,0,0,0,0,0,0,0,0,0,0,0,0,0,0,0,0,1,0,0,0,0,0,0,0,0,0,0,0,0,0,0,0,0,0,0,0,0,0,0,0,12,0,11,0,8,0,34,0,13,0,3,0,9,0,0,0,0,0,9,0,3,7,4,0,11,0,2,0,2,0,83,52,4,0,63,27,85,0,41,0,0,0,7,0,25,0,59,1,6,0,6,24,0,0,0,0,0,0,0,0,9,23,0,0,0,0,0,0,0,0,0,0,0,0,0,0,0,0,0,0,0,0,0,0,14,0,12,0,24,0,237,0,1,0,20,0,436,1,122,0,77,0,199,0,385,0,15,0,363,0,345,0,7,0,133,0,12,0,26,0,178,0,0,0,0
0,3,0,0,0,0,13,10,47,4,0,2,0,0,0,4,0,36,0,0,0,15,0,8,0,8,0,0,0,13,0,0,0,0,0,0,0,0,0,7,0,0,0,8,0,0,0,0,0,0,0,3,20,59,18,33,58,0,105,65,0,12,1,18,31,1,167,3,0,0,0,0,0,1,0,0,0,0,0,0,0,3,0,0,0,2,0,0,0,0,0,0,0,0,0,0,0,0,0,0,0,0,0,0,0,0,0,0,0,0,0,0,0,0,0,0,0,0,0,0,0,0,0,0,1,11,0,17,0,14,0,38,0,36,0,6,0,66,0,25,0,0,0,15,0,0,2,2,0,2,0,0,0,0,12,99,0,26,5,125,24,49,0,9,0,1,0,0,0,32,0,32,0,6,0,6,1,0,0,0,0,8,0,0,2,22,0,0,0,0,0,0,0,0,0,0,0,0,0,0,0,0,0,0,0,0,0,2,0,16,0,1,0,0,0,151,0,0,0,14,0,242,0,56,1,25,1,46,0,457,0,0,0,159,0,148,0,1,0,6,0,0,0,0,0,41,0,0,0
3,0,10,0,6,0,4,0,31,129,0,0,1,0,5,0,0,0,0,0,3,0,2,0,0,0,0,0,0,0,0,0,0,0,0,0,0,0,0,0,0,0,1,0,3,0,0,0,0,0,0,0,62,27,32,66,99,105,0,138,21,0,0,3,106,34,213,416,0,0,0,0,0,0,0,0,0,0,0,0,0,0,0,0,0,0,0,0,0,0,0,0,0,0,0,0,0,0,0,0,0,0,0,0,0,0,0,0,0,0,0,0,0,0,0,0,0,0,0,0,0,0,0,0,9,0,14,0,0,0,10,0,5,0,0,0,1,0,0,4,0,0,0,0,0,2,4,0,10,0,4,0,0,0,6,73,14,7,3,27,27,0,4,0,0,0,7,0,12,0,34,0,8,0,11,5,8,7,0,0,12,28,0,0,0,65,0,0,0,0,0,0,0,0,0,0,0,0,0,0,0,0,0,0,0,0,0,0,12,0,0,0,6,0,172,0,0,0,8,0,223,1,48,0,35,0,181,0,132,0,12,0,296,0,267,0,9,3,147,0,29,0,35,0,315,0,0,0,0
0,0,0,0,0,0,2,0,21,7,0,0,0,0,0,29,0,15,0,0,0,19,0,25,0,25,0,0,0,0,0,0,0,0,0,0,0,7,0,0,0,0,0,0,0,4,0,0,0,0,0,7,25,40,24,55,54,65,138,0,0,43,0,23,51,95,161,26,0,0,0,1,0,1,0,0,0,0,0,0,0,0,0,0,0,0,0,0,0,0,0,0,0,0,0,0,0,0,0,0,0,0,0,0,0,0,0,0,0,0,0,0,0,0,0,0,0,0,0,0,0,0,0,0,0,10,0,4,0,2,0,17,0,6,0,0,0,4,0,2,0,0,0,0,0,19,0,0,0,17,0,0,0,0,24,47,0,122,9,22,35,14,0,11,0,3,0,0,0,50,0,57,0,11,0,22,0,0,0,0,0,15,0,0,0,35,0,0,0,0,0,0,0,0,0,0,0,0,0,0,0,0,0,0,0,0,0,0,0,3,0,0,0,6,0,407,0,0,0,30,0,399,0,132,0,68,0,144,0,579,0,11,0,550,0,606,0,6,0,21,0,3,0,3,0,191,0,0,0
30,6,8,0,0,0,157,6,136,6,0,0,0,0,1,0,0,0,1,0,0,0,6,0,60,7,2,0,1,0,1,0,2,0,0,0,7,0,0,0,0,0,2,0,3,0,0,0,2,0,0,0,32,0,31,5,6,0,21,0,0,0,14,0,0,0,11,0,0,0,1,0,0,0,1,0,0,0,0,0,0,0,0,0,0,0,0,0,0,0,0,0,0,0,0,0,0,0,0,0,0,0,0,0,0,0,0,0,0,0,0,0,0,0,0,0,0,0,0,0,0,0,0,0,0,0,0,0,0,0,1,0,0,0,0,0,1,0,103,0,32,0,0,0,128,0,0,0,0,0,0,0,0,0,43,0,25,0,41,0,0,0,0,0,0,0,0,0,0,0,38,0,13,0,0,0,18,0,0,0,0,0,2,0,0,0,0,0,0,0,0,0,0,0,0,0,0,0,0,0,0,0,0,0,0,0,0,0,0,0,7,0,0,0,28,0,0,0,1,0,54,0,15,0,4,0,195,0,17,0,3,0,30,0,9,0,0,0,31,0,11,0,4,0,68,0,0,0,0
15,267,16,40,0,8,18,199,19,139,2,9,0,0,0,9,0,6,0,0,0,8,26,2,16,23,0,0,0,4,0,5,0,0,0,5,0,36,0,11,0,0,0,4,0,0,0,0,0,0,0,4,0,33,0,74,0,12,0,43,0,0,4,28,0,0,0,0,0,0,0,3,0,0,0,0,0,0,0,0,0,3,0,0,0,0,0,0,0,0,0,0,0,0,0,2,0,0,0,0,0,0,0,0,0,0,0,0,0,0,0,0,0,0,0,0,0,0,0,0,0,4,0,0,0,0,0,3,0,0,0,0,0,0,0,0,0,11,0,110,0,21,0,19,0,32,0,0,0,0,0,0,0,0,0,55,0,32,0,89,2,0,0,4,0,1,0,0,0,1,0,11,0,12,0,0,5,65,0,0,0,0,0,34,0,11,0,0,0,0,0,0,0,0,0,0,0,0,0,0,0,0,0,0,0,0,0,0,0,0,0,1,0,0,1,20,0,0,0,0,0,62,1,6,0,11,1,179,0,76,0,10,0,83,0,0,0,2,0,14,0,0,0,7,0,53,0,0,0
32,23,8,0,1,0,237,39,161,77,0,0,0,0,0,0,152,8,11,0,38,0,4,5,275,45,42,0,37,0,29,0,60,0,3,0,18,0,13,0,0,0,38,0,20,0,0,0,0,0,4,0,94,0,80,33,8,1,0,0,14,4,0,10,0,0,0,0,0,0,0,0,0,0,0,0,0,0,0,0,0,0,0,0,0,0,0,0,0,0,0,0,0,0,1,0,13,0,0,0,0,0,0,0,0,0,0,0,0,0,0,0,0,0,0,0,0,0,0,0,0,0,0,0,0,0,0,0,11,0,1,0,0,0,0,0,22,1,16,0,20,0,20,0,6,0,0,0,0,0,1,0,0,0,36,0,5,0,28,0,3,0,0,0,0,0,0,0,0,0,1,0,7,2,0,0,18,0,0,0,0,0,0,0,0,0,0,0,0,0,0,0,0,0,0,0,0,0,0,0,1,0,0,0,0,0,0,0,0,0,0,0,0,0,18,0,0,0,0,0,37,0,0,0,3,0,389,0,20,1,4,0,39,0,8,0,0,0,23,1,15,0,6,0,86,0,0,0,0
37,358,15,51,3,0,60,349,60,187,0,2,0,0,0,8,22,180,0,8,0,54,12,0,53,61,0,5,4,54,0,20,0,34,0,17,0,26,3,23,0,0,0,13,0,0,0,0,0,0,0,2,0,31,6,170,0,18,3,23,0,28,10,0,0,0,2,3,0,0,0,0,0,0,0,0,0,0,0,1,0,2,0,0,0,2,0,0,0,0,0,0,0,0,0,0,0,0,0,4,0,0,0,0,0,0,0,0,0,0,0,0,0,0,0,0,0,0,0,0,0,0,0,0,0,0,0,0,1,5,0,5,0,0,0,0,0,19,0,43,0,15,0,25,0,0,0,0,0,0,0,0,0,0,0,23,0,17,0,45,0,6,0,0,0,0,0,0,0,0,0,0,0,14,0,0,8,80,0,0,0,0,0,64,0,13,0,0,0,0,0,0,0,0,0,0,0,0,0,0,0,0,0,0,0,0,0,0,0,7,0,0,0,0,0,4,0,0,0,0,0,16,0,0,0,0,0,285,0,8,0,5,3,34,0,0,0,0,0,15,2,0,0,1,0,30,0,0,0
8,0,1,0,0,0,2,0,35,0,0,0,1,0,6,0,0,0,2,0,2,0,1,0,0,1,5,0,0,0,0,0,0,0,0,0,0,0,0,0,2,0,0,0,0,0,0,0,0,0,1,0,1,5,0,0,46,31,106,51,0,0,0,0,0,90,82,95,0,0,9,0,3,0,3,1,0,0,0,0,0,0,0,0,0,0,0,0,0,0,0,0,0,0,0,0,0,0,1,0,0,0,0,0,0,0,0,0,0,0,0,0,0,0,0,0,0,0,0,0,0,0,0,0,18,0,0,0,0,1,55,0,1,0,0,0,0,0,16,21,0,5,0,0,29,0,27,0,48,20,6,0,8,0,0,80,0,0,7,59,112,114,1,0,0,0,0,0,0,0,0,0,0,0,60,71,3,0,0,0,63,39,0,0,40,21,0,0,0,0,0,0,0,0,0,0,0,0,0,0,0,0,0,0,0,0,0,0,6,0,0,0,0,0,0,0,0,0,0,0,0,0,0,0,2,0,16,5,0,0,0,0,0,0,31,0,0,0,34,0,0,0,0,0,4,0,0,0,0
0,55,0,0,0,0,0,1,0,88,0,11,2,9,0,0,4,0,0,23,0,8,0,1,7,0,0,28,0,0,0,0,0,0,1,2,0,2,0,6,0,0,0,0,0,0,0,0,0,0,0,0,4,0,4,1,59,1,34,95,0,0,0,0,90,0,22,245,0,0,18,39,0,16,9,0,0,0,4,14,0,0,0,0,0,0,5,8,3,0,0,0,0,0,0,0,0,0,0,0,0,0,0,0,0,0,0,0,0,0,0,0,0,0,0,0,0,0,0,0,0,0,0,10,0,23,0,44,13,0,106,59,0,2,0,0,0,0,23,33,13,18,0,3,33,55,0,16,29,208,0,15,14,6,14,5,1,0,50,24,157,206,0,21,0,0,0,0,0,13,0,0,0,6,54,134,0,0,0,2,20,47,0,7,0,78,0,0,0,0,0,0,0,2,0,0,0,0,0,0,0,0,0,0,0,0,0,15,0,25,0,0,0,0,0,23,0,0,0,0,0,0,0,0,0,9,0,88,4,104,0,0,0,19,2,103,0,2,10,19,0,0,1,4,0,29,0,0,0
0,0,3,0,0,0,0,8,103,176,1,0,0,0,0,0,0,0,0,0,0,0,0,0,0,2,0,0,0,0,0,0,0,0,0,0,0,0,0,0,0,0,0,0,0,0,0,0,0,0,0,0,23,44,2,100,89,167,213,161,11,0,0,2,82,22,0,310,0,0,0,0,0,0,0,0,0,0,0,0,0,0,0,0,0,0,0,0,0,0,0,0,0,0,0,0,0,0,0,0,0,0,0,0,0,0,0,0,0,0,0,0,0,0,0,0,0,0,0,0,0,0,0,0,2,0,0,0,0,0,16,0,2,0,0,0,1,0,0,5,0,0,0,0,0,3,2,0,5,0,0,0,0,0,7,43,0,2,0,20,52,12,0,0,0,0,0,0,0,0,10,0,2,0,31,18,77,5,0,0,48,36,0,0,67,134,0,0,0,0,0,0,0,0,0,0,0,0,0,0,0,0,0,0,0,0,0,0,3,0,0,0,0,0,9,0,0,0,0,0,40,0,5,0,0,0,56,0,15,0,2,0,45,0,39,0,0,0,33,0,7,0,11,0,54,0,0,0,0
0,9,0,0,0,2,21,0,53,21,0,2,0,0,0,4,0,0,0,4,0,0,0,0,0,0,0,0,0,0,0,0,0,0,0,0,0,0,0,0,0,0,0,0,0,3,0,0,0,0,0,0,71,32,69,3,172,3,416,26,0,0,0,3,95,245,310,0,0,1,0,1,0,0,0,0,0,0,0,0,0,0,0,0,0,0,0,0,0,0,0,0,0,0,0,0,0,0,0,0,0,0,0,0,0,0,0,0,0,0,0,0,0,0,0,0,0,0,0,0,0,0,0,0,0,9,0,13,0,0,0,29,0,4,0,0,0,2,0,4,0,0,0,0,6,25,0,3,5,38,0,2,0,1,36,25,0,77,19,18,60,17,0,6,0,0,0,0,0,14,1,15,0,7,10,107,7,48,0,0,0,118,0,0,13,397,0,0,0,0,0,0,0,1,0,0,0,0,0,0,0,0,0,0,0,0,0,0,0,12,0,0,0,0,0,151,0,0,0,6,0,115,0,29,0,21,0,134,0,167,0,5,0,200,0,297,0,0,0,22,0,2,0,3,0,129,0,0,0
0,0,0,0,0,0,0,0,0,0,0,0,0,0,0,0,0,0,0,0,0,0,0,0,0,0,15,0,0,0,0,0,0,0,0,0,0,0,0,0,2,0,3,0,0,0,0,0,0,0,0,0,0,0,0,0,0,0,0,0,0,0,0,0,0,0,0,0,0,0,0,0,3,0,0,0,56,0,20,0,0,0,28,0,0,0,11,0,9,0,0,0,18,0,35,0,16,0,7,0,6,0,124,0,22,0,11,0,1,0,0,0,0,0,0,0,0,0,0,0,3,0,0,0,0,0,0,0,0,0,0,0,0,0,0,0,0,0,0,0,0,0,0,0,0,0,0,0,0,0,0,0,0,0,0,0,0,0,0,0,0,0,0,0,26,0,0,0,54,0,0,0,0,0,1,0,0,0,0,0,0,0,0,0,0,0,0,0,25,0,5,0,14,0,26,0,1,0,0,0,0,0,7,0,0,0,0,0,0,0,0,0,126,0,81,0,51,0,0,0,0,0,56,0,47,0,1,0,48,0,0,0,0,0,0,0,0,0,0,0,3,0,0,0,0,0,0,0,0
0,0,0,0,0,0,0,0,0,0,0,0,0,0,0,0,0,0,0,0,0,0,0,0,0,0,0,0,0,0,0,0,0,0,0,0,0,0,0,0,0,1,0,0,0,10,0,0,0,22,0,2,0,0,0,0,0,0,0,0,0,0,0,0,0,0,0,1,0,0,0,0,0,8,0,0,0,84,0,6,0,0,0,14,0,0,0,14,0,11,0,0,0,17,0,26,1,0,0,0,0,0,0,49,0,0,0,0,0,9,0,1,0,0,0,1,0,6,0,0,0,0,0,0,0,0,0,0,0,0,0,0,0,0,0,0,0,0,0,0,0,0,0,0,0,0,0,0,0,0,0,0,0,0,0,0,0,0,0,0,0,0,0,0,0,45,0,0,0,12,0,0,0,0,0,0,0,1,0,0,0,0,0,0,0,0,0,0,0,0,0,0,0,0,0,0,0,0,0,0,0,0,0,0,0,0,0,0,0,0,0,5,0,204,0,35,0,19,0,14,0,0,0,84,0,16,0,0,0,85,0,0,0,0,0,0,0,0,0,0,0,0,0,0,0,0,0,0,0
0,0,8,0,0,0,0,0,0,0,0,0,0,0,0,0,0,0,2,0,11,0,0,1,2,0,0,0,0,0,5,0,20,0,3,0,27,0,2,0,0,0,15,0,27,0,0,0,0,0,33,0,0,0,0,0,1,0,0,0,1,0,0,0,9,18,0,0,0,0,0,0,154,0,206,0,16,0,163,0,11,2,0,0,5,0,89,0,0,0,0,0,0,0,0,1,0,0,3,0,4,0,0,0,0,0,0,0,0,0,0,0,0,0,0,0,0,0,0,0,55,0,12,0,0,0,0,0,7,0,37,27,9,0,0,0,18,0,6,2,56,0,53,0,28,0,28,8,23,27,0,0,24,0,0,3,6,0,8,0,23,28,68,0,0,0,34,0,45,0,30,0,22,0,26,7,0,0,0,0,22,20,0,0,15,2,0,0,0,0,0,0,0,0,0,0,7,0,0,0,4,0,0,0,0,0,9,0,0,0,0,0,3,0,2,0,0,0,1,0,21,0,0,0,12,0,8,0,31,0,2,0,0,0,5,0,0,0,32,1,12,0,0,0,0,0,0,0,0
0,0,0,0,0,0,0,0,0,0,0,0,0,0,0,0,0,0,0,0,0,8,0,0,0,0,0,0,0,0,0,0,0,0,0,0,0,5,0,0,0,0,0,0,0,8,0,0,0,0,0,7,0,0,0,0,0,0,0,1,0,3,0,0,0,39,0,1,0,0,0,0,0,67,0,67,0,1,0,55,5,0,0,0,1,0,3,22,0,0,0,0,0,0,0,0,0,0,0,0,0,0,0,0,0,0,3,0,0,0,0,0,0,0,0,0,0,0,0,0,0,7,0,35,5,20,0,29,3,12,33,45,3,34,0,0,0,28,0,7,6,30,3,12,3,102,0,12,0,60,0,0,0,18,0,0,0,3,2,2,0,8,0,36,0,0,0,3,1,3,0,6,0,7,8,30,0,0,0,0,0,0,0,0,0,20,0,0,0,0,0,0,0,0,0,0,0,0,0,0,0,0,0,0,0,0,0,0,0,0,0,0,0,0,0,2,0,0,0,1,0,4,0,0,1,2,0,7,0,18,0,0,0,0,0,31,0,0,3,23,0,0,0,0,0,7,0,0,0
