0,147,141,142,87,95,64,3,56,0,139,120,180,0,50,212,52,25,65,17,20,16,21,201,7,84,86,12,50,8,39,7,119,0,0,1,73,0,632,0,47,0,6,0,5,0,20,0,20,1,0,0,0,0,2,1,3,1,8,0,13,0,0,0,3,0,4,0,0,0,20,0,0,0,0,0,0,0,0,0,0,0,0,0,0,0,0,0,7,0,0,0,0,0,0,0,0,0,0,0,8,0,0,0,1,0,0,0,0,0,0,0,0,0,0,0,0,0,0,0,0,0,0,0,3,0,6,0,0,0,6,0,0,0,8,0,0,0,0,0,0,0,0,0,0,0,4,0,9,0,20,0,18,0,0,0,0,0,0,0,0,0,1,0,0,0,36,0,0,0,0,0,165,0,6,0,185,86,12,3,39,0,15,0,24,0,4,0,0,0,0,0,0,0,0,0,0,0,0,0,0,0,0,0,0,0,0,0,5,0,0,0,0,0,12,0,0,0,0,0,107,0,0,0,7,0,287,10,96,1,107,0,0,0,12,0,8,0,132,0,102,0,161,0,250,0,0,0,0
147,0,36,67,13,236,108,27,97,33,0,350,0,162,0,40,29,6,0,151,0,0,100,0,24,8,0,102,8,56,0,15,0,129,0,4,0,271,10,363,0,64,0,0,0,0,1,13,0,0,0,0,3,0,0,7,0,0,0,8,0,134,10,32,0,23,0,6,0,0,0,0,0,9,0,0,0,1,0,0,0,0,0,0,0,0,0,0,0,0,0,0,0,0,0,0,0,0,0,0,0,0,0,0,0,0,0,0,0,0,0,0,0,0,0,0,0,0,0,0,0,0,0,0,0,6,1,0,0,0,0,0,0,4,0,16,0,6,0,0,0,0,1,0,0,2,0,13,0,19,0,36,0,52,0,0,0,0,0,0,0,2,0,0,0,4,0,0,0,0,0,5,0,25,0,6,6,238,1,2,0,19,0,27,0,46,0,3,0,0,0,0,0,0,1,0,0,0,0,0,0,0,0,0,0,0,0,0,0,21,0,0,0,1,0,0,0,2,0,0,0,174,0,16,0,16,0,331,0,90,0,172,1,322,1,16,1,26,0,166,0,75,0,69,0,271,0,0,0
141,36,0,27,110,61,169,3,25,0,26,87,42,0,163,75,58,6,158,5,83,13,84,38,12,12,72,0,50,9,103,0,127,0,0,1,28,0,250,0,17,0,0,0,0,0,0,0,0,0,0,0,1,0,26,0,7,1,30,0,0,0,0,0,10,0,0,0,0,0,0,0,0,0,9,0,0,0,0,0,0,0,0,0,0,0,0,0,0,0,0,0,0,0,0,0,0,0,0,0,0,0,0,0,0,0,59,0,0,0,0,0,0,0,0,0,0,0,0,0,0,0,0,0,17,0,38,0,0,0,31,0,13,0,137,0,35,0,0,0,0,0,0,0,0,0,25,0,30,0,68,0,83,0,0,0,0,0,0,0,6,0,0,0,0,0,24,0,0,0,0,0,22,0,0,0,33,24,1,1,0,0,2,0,10,0,2,0,0,0,0,0,0,0,0,0,16,0,7,0,0,0,0,0,0,0,0,0,83,0,0,0,0,0,0,0,0,0,3,0,212,0,0,0,0,1,111,3,0,0,159,0,0,0,20,0,0,0,112,0,56,0,97,0,318,0,0,0,0
142,67,27,0,8,69,66,59,54,2,12,26,0,8,9,96,21,35,0,58,4,68,91,52,7,58,0,12,0,110,0,64,0,170,0,5,0,67,0,282,0,6,0,0,0,0,0,0,0,1,0,0,0,0,2,21,1,4,0,9,2,26,0,24,0,18,0,3,0,0,0,0,0,0,0,0,0,0,0,0,0,0,0,0,0,7,0,0,0,0,0,0,0,0,0,0,0,0,0,2,0,0,0,0,0,0,0,0,0,0,0,0,0,0,0,0,0,0,0,0,0,0,0,0,0,10,0,11,0,6,0,8,0,0,0,258,0,124,0,9,0,0,0,0,0,0,0,14,0,18,0,32,0,39,0,3,0,0,0,3,0,0,0,0,0,0,0,0,0,0,0,0,0,13,0,6,19,61,0,1,0,6,0,7,1,7,0,0,0,0,0,0,0,3,0,0,0,5,0,0,0,67,0,0,0,0,0,69,0,163,0,0,0,0,0,10,0,2,0,8,0,325,0,13,0,12,0,87,0,69,0,95,0,276,0,0,0,21,0,82,0,32,0,27,0,165,0,0,0
87,13,110,8,0,213,15,0,12,0,69,164,216,96,130,174,18,0,226,86,133,118,26,13,4,0,186,0,0,0,156,16,207,0,160,0,166,0,34,2,60,0,0,0,10,0,19,0,10,0,0,0,1,0,6,0,3,0,0,0,0,0,0,0,6,0,0,0,0,0,0,0,0,0,0,0,0,0,0,0,0,0,0,0,0,0,0,0,0,0,4,0,0,0,0,0,0,0,13,0,0,0,0,0,0,0,0,0,0,0,0,0,0,0,0,0,0,0,0,0,0,0,0,0,4,0,8,0,0,0,0,0,0,0,27,0,0,0,0,0,0,0,0,0,0,0,11,0,15,0,35,0,52,0,0,0,0,0,0,0,3,0,0,0,0,0,88,0,0,0,0,0,27,0,7,0,115,40,46,1,0,0,23,0,13,0,6,0,0,0,0,0,0,0,0,0,0,0,0,0,0,0,0,0,0,0,0,0,0,0,0,0,0,0,0,0,0,0,8,0,101,0,0,0,15,0,235,0,55,0,154,0,0,0,8,0,41,0,35,0,0,0,71,0,0,0,0,0,0
95,236,61,69,213,0,0,15,0,15,162,124,132,132,244,49,15,7,91,226,83,187,130,44,0,0,0,131,0,20,34,119,11,171,0,52,5,155,2,21,0,40,0,10,0,9,0,18,3,0,0,19,0,0,0,9,0,1,0,2,0,0,0,3,0,26,0,0,0,0,0,0,0,0,0,1,0,0,0,0,0,0,0,0,0,8,0,12,0,0,0,0,0,0,0,14,0,0,0,0,0,0,0,0,0,0,0,0,0,0,0,0,0,0,0,0,0,0,0,0,0,4,0,2,0,0,0,0,0,0,0,0,0,0,0,59,0,25,0,5,0,0,0,0,0,4,0,15,0,16,2,36,0,31,0,0,0,0,0,0,0,3,0,0,0,0,0,27,0,7,0,0,0,8,0,0,41,242,0,20,1,0,5,0,0,5,0,0,0,0,0,0,0,0,0,0,0,0,0,0,0,27,0,0,0,0,0,28,0,47,0,1,0,0,0,0,0,0,0,0,0,189,0,4,0,80,2,287,0,61,0,181,1,152,0,3,0,49,0,17,0,19,0,18,0,95,0,0,0
64,108,169,66,15,0,0,53,34,49,12,8,5,0,0,49,15,22,7,9,0,1,45,51,94,195,9,0,106,8,0,0,0,0,0,0,3,0,319,5,0,0,0,0,0,0,6,0,11,0,0,0,0,1,105,5,11,0,45,0,135,0,161,13,2,0,3,0,0,0,0,0,0,0,0,0,0,0,0,0,0,0,0,0,1,0,0,0,0,0,0,0,0,0,0,0,0,0,0,0,0,0,0,0,0,0,0,0,0,0,0,0,0,0,0,0,0,0,0,0,0,0,1,0,3,0,37,0,25,0,22,0,12,0,101,0,28,0,7,0,0,0,0,0,0,0,3,0,0,0,25,0,10,0,0,0,0,0,0,0,8,1,0,0,5,0,0,0,11,0,50,0,125,0,0,0,15,21,0,0,0,0,1,4,0,0,0,0,0,0,0,0,0,0,0,0,0,0,0,0,0,0,0,0,0,0,0,0,39,0,0,0,0,0,94,0,0,0,19,0,115,0,45,0,38,0,115,3,100,0,42,0,253,0,28,0,12,0,144,0,65,0,95,0,306,0,0,0,0
3,27,3,59,0,15,53,0,231,8,0,8,0,0,0,45,14,20,0,4,0,8,0,13,25,101,0,0,5,63,0,0,0,0,0,0,0,29,0,178,0,1,0,0,0,0,0,0,0,0,0,0,0,51,36,182,5,13,14,52,5,137,47,677,0,13,30,0,0,0,0,0,0,8,0,0,0,0,0,0,0,0,0,0,0,0,0,0,0,0,0,0,0,0,0,0,0,0,0,1,0,0,0,0,0,0,0,0,0,0,0,0,0,0,0,0,0,0,0,0,0,0,0,0,0,32,0,24,0,16,0,29,0,0,0,79,0,92,0,17,0,1,0,8,0,0,0,23,0,23,0,30,0,8,0,9,0,0,0,0,0,9,0,0,0,6,0,0,1,0,0,0,0,14,0,0,5,48,0,0,0,0,0,17,3,2,0,0,0,0,0,0,0,1,0,0,0,0,0,0,0,0,0,0,0,0,0,33,0,137,0,35,0,8,0,86,0,0,0,10,0,276,0,51,1,26,0,44,0,178,0,43,1,424,1,30,0,23,0,122,0,58,0,24,1,219,0,0,0
56,97,25,54,12,0,34,231,0,380,9,3,8,0,0,24,10,40,10,3,0,0,0,17,24,492,11,0,39,7,0,0,7,0,0,0,0,0,185,9,5,0,2,0,0,0,0,0,11,0,0,2,53,9,69,55,41,0,87,0,337,11,386,86,52,0,63,0,1,0,0,0,0,0,0,0,0,0,0,0,0,0,0,0,0,0,0,0,0,0,0,0,0,0,0,0,0,0,0,0,0,0,0,0,0,0,2,0,0,0,0,0,0,0,0,0,0,0,0,0,0,0,0,0,24,0,20,0,3,0,89,0,10,0,24,0,21,0,0,0,0,0,0,0,0,0,30,0,66,0,27,0,40,0,0,0,0,0,0,0,34,0,0,0,0,0,0,0,18,0,86,0,93,0,0,0,289,63,0,0,0,0,15,16,14,0,1,0,0,0,0,0,0,0,0,0,0,0,0,0,0,0,0,0,0,0,0,0,15,0,39,0,0,0,171,0,0,0,0,0,120,1,38,0,41,0,171,0,154,0,24,0,205,4,29,0,5,0,186,0,62,0,78,0,325,0,0,0,0
0,33,0,2,0,15,49,8,380,0,0,12,0,2,0,0,19,13,0,20,1,0,0,0,67,12,0,8,3,5,0,0,0,0,0,0,0,5,0,72,0,0,0,0,0,0,0,0,0,0,0,0,35,114,230,23,0,28,93,151,4,328,84,493,0,157,96,91,0,0,0,0,0,9,0,0,0,2,0,0,0,0,0,0,0,0,1,0,0,0,0,0,0,0,0,0,0,0,0,0,0,0,0,0,0,0,4,0,0,0,0,0,0,0,0,0,0,0,0,0,0,0,0,0,0,49,0,18,0,7,0,56,0,15,0,14,0,15,0,4,0,0,0,0,0,0,0,38,0,86,0,32,0,19,0,7,0,29,0,3,0,21,0,0,0,0,0,0,0,7,0,11,0,13,0,0,22,435,0,0,0,1,0,18,5,103,0,0,0,0,0,0,0,0,0,0,0,0,0,0,0,0,0,0,0,0,0,29,0,43,0,15,0,5,0,92,0,1,0,0,0,154,0,18,0,8,0,87,1,170,0,44,0,383,0,7,1,11,0,147,0,79,0,27,0,233,0,0,0
139,0,26,12,69,162,12,0,9,0,0,72,209,14,23,167,4,0,54,33,37,94,5,6,0,0,70,0,0,0,58,21,102,5,15,0,87,0,37,0,82,0,0,0,0,0,26,0,18,0,0,0,0,0,0,0,0,0,0,0,0,0,0,0,3,0,0,0,0,0,0,0,1,0,0,0,0,0,0,0,0,0,0,0,0,0,0,0,0,0,0,0,0,0,0,0,0,0,0,0,6,0,0,0,0,0,0,0,0,0,0,0,0,0,0,0,0,0,0,0,0,0,0,0,0,0,2,0,0,0,0,0,0,0,2,1,0,0,0,0,0,0,0,0,0,0,3,0,7,0,19,0,34,0,0,0,2,0,0,0,0,0,0,0,17,0,74,0,13,0,0,0,36,0,0,0,211,31,80,0,61,0,42,0,32,0,7,0,0,0,0,0,0,0,0,0,0,0,0,0,0,0,0,0,0,0,0,0,1,0,0,0,0,0,0,0,0,0,3,0,0,0,0,0,20,1,150,0,75,0,74,0,0,0,3,0,11,1,0,0,0,0,23,0,64,0,0,0,0
120,350,87,26,164,124,8,8,3,12,72,0,38,394,196,16,15,0,48,54,46,45,215,11,0,1,0,89,1,0,21,0,6,173,0,27,0,168,0,44,0,167,0,0,0,8,0,34,0,6,0,7,0,0,0,3,0,1,0,3,0,5,0,0,0,10,0,0,0,0,0,0,0,0,0,0,0,0,0,0,0,0,0,0,0,0,0,0,0,0,0,0,0,0,0,0,0,0,0,0,0,0,0,0,0,0,0,0,0,0,0,0,0,2,0,0,0,0,0,0,0,0,0,1,0,0,0,3,0,0,0,0,0,0,0,0,0,0,0,0,0,0,0,0,0,4,0,5,0,0,0,27,0,25,0,0,0,0,0,0,0,0,0,0,0,0,1,0,0,0,0,0,0,0,0,10,40,517,0,50,0,55,7,11,0,31,0,18,0,0,0,0,0,0,0,0,0,0,0,0,0,0,0,0,0,0,0,0,0,0,0,0,0,0,0,0,0,1,0,10,0,100,0,0,0,17,1,318,0,40,0,104,0,91,0,0,0,0,0,0,0,0,0,14,0,0,0,0,0
180,0,42,0,216,132,5,0,8,0,209,38,0,273,10,73,0,0,129,364,47,158,0,0,0,0,165,212,0,0,12,0,8,0,169,2,54,0,0,0,222,49,28,8,23,9,57,33,50,0,123,0,0,0,0,0,1,0,4,0,0,0,0,0,5,0,0,0,0,0,0,0,0,0,0,0,0,0,0,0,0,0,0,0,0,0,0,0,0,0,0,0,0,0,0,0,0,0,0,0,0,0,0,0,0,0,0,0,0,0,0,0,0,0,0,0,0,0,0,0,0,0,0,0,0,0,6,0,0,0,0,0,0,0,0,0,0,0,0,0,0,0,0,0,0,0,0,0,11,0,21,0,32,0,0,0,0,0,0,0,0,0,0,0,9,0,19,0,9,0,0,0,0,0,42,0,232,92,194,0,102,0,26,0,18,0,60,2,0,0,0,0,0,0,0,0,0,0,0,0,0,0,0,0,0,0,0,0,7,0,0,0,0,0,0,0,0,0,51,8,0,0,4,0,16,0,107,0,12,0,0,0,0,0,2,0,0,0,0,0,0,0,0,0,0,0,0,0,0
0,162,0,8,96,132,0,0,0,2,14,394,273,0,106,2,3,5,576,109,133,96,0,0,0,0,220,103,0,0,0,12,0,0,22,36,0,59,0,0,94,313,0,156,3,36,23,63,2,7,11,84,0,0,0,1,0,0,0,0,0,0,0,0,0,7,0,0,0,1,0,0,0,0,0,0,0,0,0,0,0,0,0,0,0,0,0,16,0,0,0,0,0,0,0,0,0,0,0,0,0,0,0,0,0,0,0,0,0,0,0,0,0,0,0,0,0,0,0,2,0,0,0,0,0,0,0,0,0,0,0,0,0,0,0,0,0,0,0,0,0,0,0,0,0,0,0,0,0,0,0,15,0,16,0,0,0,0,0,0,0,0,0,0,0,23,0,3,0,13,0,0,0,0,0,7,24,419,2,35,0,57,0,5,0,9,8,46,0,0,0,0,0,0,0,0,0,0,0,0,0,0,0,0,0,0,0,0,0,0,0,0,0,0,0,0,0,5,0,168,0,0,0,19,0,114,0,112,0,35,0,0,0,0,0,0,0,16,0,0,0,0,0,0,0,0,0,0,0
50,0,163,9,130,244,0,0,0,0,23,196,10,106,0,188,109,1,201,98,214,112,168,18,39,0,69,0,9,0,217,16,102,6,93,0,65,0,6,1,7,0,0,0,0,0,0,0,0,0,0,0,0,0,0,0,0,0,0,0,0,0,11,0,7,0,0,0,0,0,0,0,0,0,4,0,0,0,0,0,24,0,0,0,22,0,0,0,0,0,0,0,0,0,0,0,0,0,33,0,0,0,0,0,0,0,0,0,0,0,0,0,0,0,0,0,0,0,0,0,0,0,9,0,0,0,27,0,0,0,0,0,0,0,198,0,57,0,16,0,19,0,141,0,0,0,19,0,5,0,69,0,72,0,0,0,0,0,0,0,0,0,0,0,14,0,36,1,9,0,0,0,10,0,0,0,42,35,5,0,11,0,13,0,13,0,0,0,0,0,0,0,0,0,3,0,8,0,0,0,32,0,0,0,0,0,0,0,105,0,0,0,0,0,0,0,0,0,5,1,67,0,0,0,7,0,171,1,18,0,59,0,0,0,5,0,12,5,15,0,0,0,15,0,43,0,0,0,0
212,40,75,96,174,49,49,45,24,0,167,16,73,2,188,0,20,34,51,78,55,125,145,36,7,19,0,25,5,31,22,84,10,70,4,18,0,66,7,13,2,1,0,0,1,15,0,0,0,2,0,10,0,0,0,18,0,0,0,0,0,0,0,15,0,8,0,0,0,0,0,0,0,0,0,0,0,4,0,0,0,24,0,0,0,11,0,23,0,0,0,26,0,0,0,36,0,39,0,12,0,15,0,0,0,0,0,0,0,0,0,0,0,0,0,0,0,0,0,0,0,0,0,3,0,0,0,12,0,0,0,9,0,0,0,274,0,97,0,13,0,19,0,39,0,5,0,12,0,9,0,33,0,15,0,0,0,0,0,0,0,0,0,2,0,1,0,17,0,5,0,0,0,3,0,0,18,55,1,0,1,0,0,0,0,3,1,0,0,0,0,0,0,0,0,0,0,0,0,0,0,64,0,0,0,0,0,35,0,120,0,0,0,0,0,1,0,0,0,3,0,57,0,0,0,27,0,203,0,35,0,38,0,45,0,0,0,7,0,0,0,4,0,0,0,12,0,0,0
52,29,58,21,18,15,15,14,10,19,4,15,0,3,109,20,0,0,142,4,161,0,173,20,68,60,94,0,152,0,48,0,37,0,13,0,7,0,86,0,0,0,7,0,28,0,0,0,4,0,8,0,19,0,20,0,6,0,0,0,26,0,251,0,0,0,0,0,0,0,0,0,0,0,0,0,0,0,0,0,34,0,0,0,27,0,15,0,24,0,66,0,0,0,10,0,13,0,59,0,15,0,14,0,36,0,302,0,0,0,0,0,0,0,0,0,0,0,0,0,0,0,15,0,0,0,3,0,30,0,4,0,0,0,60,0,108,1,52,0,51,0,321,0,0,0,0,0,0,0,0,0,0,0,16,0,0,0,13,0,3,0,0,0,0,0,2,0,0,0,0,0,20,0,0,0,4,3,0,0,0,0,0,0,0,0,0,0,0,0,0,0,0,0,2,0,0,0,12,0,55,0,0,0,0,0,0,0,18,0,0,0,0,0,7,0,0,0,0,0,0,0,0,0,0,0,248,1,28,0,0,0,0,0,4,0,3,0,8,0,0,0,9,0,31,0,0,0,0
25,6,6,35,0,7,22,20,40,13,0,0,0,5,1,34,0,0,0,49,0,110,12,29,11,22,0,0,2,128,0,43,0,19,0,10,0,7,6,108,0,0,0,0,0,12,0,0,0,0,0,10,0,8,0,21,0,6,0,0,2,0,3,64,0,0,3,0,0,0,0,0,0,0,0,0,0,0,0,4,0,76,0,25,0,68,0,64,0,0,0,64,0,0,0,62,0,104,0,55,0,50,0,0,0,0,0,30,0,0,0,0,0,0,0,0,0,0,0,0,0,0,0,6,0,0,0,10,0,64,0,11,0,0,0,316,0,183,0,17,0,7,0,214,0,0,0,0,0,0,0,0,0,0,0,10,0,0,0,12,0,0,0,0,0,0,0,0,0,10,0,0,0,1,0,0,0,10,0,0,0,0,0,0,0,0,0,0,0,0,0,0,0,0,0,0,0,0,0,0,0,68,0,0,0,0,0,0,0,0,0,1,0,0,0,0,0,3,0,0,0,18,0,0,0,0,0,78,0,21,0,0,1,15,0,0,0,1,0,7,0,1,0,0,0,8,0,0,0
65,0,158,0,226,91,7,0,10,0,54,48,129,576,201,51,142,0,0,536,212,198,100,0,8,0,133,313,28,0,63,7,11,0,353,9,62,0,8,0,14,108,29,0,9,0,0,70,11,0,93,0,0,0,2,0,0,0,0,0,0,0,22,0,6,0,0,0,1,0,12,0,0,0,20,0,0,0,0,0,0,0,0,0,31,0,41,0,26,0,28,0,0,0,0,0,6,0,115,0,20,0,0,0,0,0,0,0,0,0,0,0,0,0,0,0,0,0,0,0,0,0,39,0,6,0,17,0,0,0,5,0,0,0,0,0,80,0,0,0,86,0,144,0,0,0,10,0,10,0,57,0,65,0,0,0,0,0,7,0,0,0,0,0,44,0,0,0,14,0,0,0,0,0,0,0,92,70,18,0,27,0,29,0,12,0,3,0,0,0,0,0,0,0,0,0,16,0,0,0,0,0,0,0,0,0,0,0,44,0,0,0,0,0,0,0,0,0,140,19,22,0,12,11,89,0,231,0,19,0,35,0,0,0,0,0,27,5,12,0,0,0,16,0,53,0,0,0,0
17,151,5,58,86,226,9,4,3,20,33,54,364,109,98,78,4,49,536,0,146,165,8,55,0,12,182,204,0,11,8,42,0,6,36,49,0,95,0,8,113,38,0,132,0,50,23,48,2,3,12,96,0,0,0,4,0,0,0,0,0,0,0,36,0,27,0,0,0,0,0,0,0,0,0,0,0,0,0,0,0,100,0,0,0,47,0,97,0,24,0,0,0,0,0,85,0,64,0,47,0,36,0,0,0,0,0,0,0,0,0,0,0,0,0,0,0,0,0,0,0,40,0,21,0,0,0,6,0,0,0,0,0,0,0,119,0,0,1,22,0,0,0,68,0,0,0,31,0,20,0,39,0,37,0,0,0,0,0,0,0,3,0,0,2,27,0,0,0,31,0,0,0,0,0,1,13,111,6,5,0,0,1,7,0,23,11,3,0,0,0,0,0,0,0,0,0,0,0,0,0,39,0,0,0,0,0,24,0,44,0,0,0,0,0,0,0,0,0,148,0,18,0,18,0,105,0,224,0,60,0,0,0,0,0,2,0,19,0,0,0,1,0,0,0,0,0,0,0
20,0,83,4,133,83,0,0,0,1,37,46,47,133,214,55,161,0,212,146,0,82,157,1,0,0,180,75,102,0,50,0,35,0,48,7,17,0,14,0,0,13,59,0,70,0,0,0,9,0,53,0,2,0,0,0,2,0,2,0,1,0,28,0,0,0,0,0,0,0,0,0,0,0,0,0,0,0,1,0,0,0,0,0,0,0,0,0,11,0,15,0,0,0,0,0,4,0,43,0,0,0,0,0,0,0,59,0,0,0,0,0,0,0,0,0,0,0,0,0,0,0,0,0,0,0,0,0,0,0,0,0,0,0,0,0,42,0,73,0,72,0,92,0,8,0,0,0,0,0,0,0,0,0,0,0,0,0,5,0,3,1,0,0,32,1,45,0,13,0,0,0,0,0,0,0,18,0,0,0,0,0,3,0,0,0,0,0,0,0,0,0,0,0,0,0,0,0,0,0,0,0,0,0,0,0,0,0,0,0,0,0,0,0,2,0,0,0,69,0,77,0,4,0,55,0,487,0,36,0,111,0,0,0,7,0,36,10,27,0,15,0,42,0,92,0,0,0,0
16,0,13,68,118,187,1,8,0,0,94,45,158,96,112,125,0,110,198,165,82,0,16,51,0,5,45,98,0,39,20,77,0,73,11,46,0,46,0,70,11,3,0,44,0,15,0,2,2,1,0,87,0,0,1,1,0,0,0,0,1,4,0,64,0,0,0,0,0,0,0,6,0,0,0,0,0,0,0,0,0,65,0,0,0,35,0,57,0,0,0,0,0,0,0,50,0,23,0,0,0,0,0,0,0,0,0,0,0,0,0,0,0,0,0,0,0,0,0,0,0,0,0,0,0,0,0,0,0,0,0,0,0,0,0,0,0,29,0,0,0,19,0,60,0,29,0,0,0,0,0,0,0,0,0,0,0,0,0,0,0,0,0,0,2,45,0,11,1,12,0,0,0,2,0,0,1,18,5,0,0,0,0,0,0,0,0,0,0,0,0,0,0,0,0,0,0,0,0,0,0,23,0,0,0,0,0,0,0,0,0,0,0,0,0,0,0,0,0,112,0,34,0,0,2,78,0,612,0,63,0,117,0,0,0,1,0,63,0,10,0,12,0,10,0,0,0,0,0
21,100,84,91,26,130,45,0,0,0,5,215,0,0,168,145,173,12,100,8,157,16,0,127,95,34,78,0,198,5,132,0,90,17,0,0,0,2,263,8,0,0,4,0,14,0,1,0,3,0,4,0,1,0,37,0,4,0,8,0,0,0,21,1,3,0,0,0,0,0,0,0,0,0,14,0,0,0,0,0,0,0,0,0,7,0,0,0,0,0,36,0,2,0,0,0,4,0,18,0,0,0,0,0,47,0,102,0,0,0,0,0,0,0,0,0,0,0,0,0,0,0,0,0,5,0,0,0,0,0,0,0,7,0,307,0,101,0,7,0,0,0,234,0,0,0,6,0,7,0,46,0,42,0,0,0,0,0,3,0,0,0,0,0,0,0,0,0,0,0,0,0,31,0,0,0,36,47,0,3,13,0,0,0,10,0,0,0,0,0,0,0,0,0,0,0,12,0,20,0,55,0,0,0,0,0,0,0,154,0,0,0,0,0,0,0,0,0,0,0,126,0,0,0,0,0,191,9,27,1,57,0,158,2,17,0,4,0,80,0,21,0,38,0,168,0,0,0,0
201,0,38,52,13,44,51,13,17,0,6,11,0,0,18,36,20,29,0,55,1,51,127,0,7,7,0,25,3,34,0,29,2,9,0,1,0,3,0,22,0,0,0,0,0,6,0,0,0,0,0,7,0,0,1,9,0,0,0,0,0,1,0,10,0,0,0,0,0,0,0,2,0,0,0,0,0,0,0,0,0,20,0,8,0,12,0,15,0,18,0,20,0,0,0,14,0,34,0,14,0,14,0,0,0,0,0,12,0,0,0,0,0,0,0,0,0,0,0,0,0,5,0,0,0,0,0,0,0,14,0,0,0,2,2,120,0,29,0,2,0,6,0,28,0,4,0,1,0,0,0,0,0,0,0,0,0,0,0,0,0,0,0,0,0,0,0,0,0,0,0,0,0,0,0,0,0,11,0,0,0,0,2,0,0,0,0,0,0,0,0,0,0,0,0,0,0,0,0,0,0,34,0,0,0,0,0,0,0,15,0,0,0,0,0,0,0,0,0,4,0,16,0,3,0,6,0,264,0,17,0,5,0,16,0,0,0,0,0,0,0,0,0,1,2,10,0,0,0
7,24,12,7,4,0,94,25,24,67,0,0,0,0,39,7,68,11,8,0,0,0,95,7,0,66,0,0,196,0,0,0,9,0,0,0,0,0,223,0,0,0,0,0,0,0,1,0,4,0,0,0,28,0,135,2,32,0,34,0,171,0,269,12,0,2,2,0,0,0,0,0,0,0,0,0,0,0,0,0,0,0,0,0,0,0,0,0,0,0,0,0,0,0,0,0,3,0,0,0,0,0,0,0,0,0,15,0,0,0,0,0,0,0,0,0,0,0,0,0,0,0,0,0,0,0,30,0,81,0,7,0,12,0,181,0,100,0,5,0,0,0,201,0,0,0,0,0,0,0,0,0,0,0,5,0,3,0,4,0,6,0,0,0,0,0,1,0,13,0,37,0,97,0,0,0,2,5,0,0,0,0,0,0,0,0,0,0,0,0,0,0,0,0,0,0,0,0,0,0,28,0,0,0,0,0,0,0,59,0,0,0,0,0,110,0,0,0,18,0,86,0,49,0,35,0,48,2,84,0,19,0,221,0,22,0,0,0,85,0,30,0,22,0,234,0,0,0,0
84,8,12,58,0,0,195,101,492,12,0,1,0,0,0,19,60,22,0,12,0,5,34,7,66,0,0,0,22,67,0,0,0,8,0,0,0,12,21,113,0,0,0,0,0,0,0,0,0,0,0,0,3,17,42,148,4,22,4,4,8,45,66,214,0,0,9,0,0,1,0,1,0,5,0,0,0,0,0,0,0,9,0,0,0,0,0,0,0,0,0,0,0,0,0,0,0,43,1,7,0,0,0,0,0,0,5,21,0,0,0,0,0,0,0,0,0,0,0,0,0,2,0,0,0,0,0,20,0,39,0,26,0,23,0,318,0,196,0,12,0,0,0,0,0,3,0,0,0,0,0,0,0,0,0,22,0,0,0,0,0,12,0,0,0,2,0,0,0,4,0,3,4,4,0,0,6,24,0,0,0,0,0,9,2,0,0,0,0,0,0,0,0,0,0,0,0,0,0,0,1,44,0,0,0,0,0,9,0,73,0,0,0,3,0,9,0,2,0,4,0,106,0,16,0,8,0,44,2,62,0,12,2,102,0,3,0,0,0,39,0,14,1,4,0,64,0,0,0
86,0,72,0,186,0,9,0,11,0,70,0,165,220,69,0,94,0,133,182,180,45,78,0,0,0,0,377,34,0,35,0,21,0,56,0,36,0,12,0,139,296,274,0,163,12,58,169,96,3,240,0,0,0,0,0,1,0,0,0,0,0,12,0,0,0,0,0,0,0,0,0,0,0,0,0,0,0,0,0,0,0,0,0,0,0,65,2,0,0,0,0,0,0,0,0,0,0,214,0,37,0,0,0,0,0,0,0,0,0,0,0,0,0,0,0,0,0,0,0,49,0,50,0,2,0,0,0,0,0,0,0,0,0,0,0,117,0,79,0,173,0,0,0,0,0,6,0,16,0,0,0,31,0,0,0,0,0,0,0,0,0,0,0,54,3,0,0,0,0,0,0,2,0,0,0,42,56,7,0,0,0,13,0,5,0,16,3,0,0,0,0,0,0,0,0,0,0,0,0,0,0,0,0,0,0,0,0,0,0,0,0,0,0,0,0,0,0,513,29,0,0,64,40,123,0,70,0,0,4,0,0,3,0,0,0,22,0,7,0,0,0,2,0,24,0,0,0,0
12,102,0,12,0,131,0,0,0,8,0,89,212,103,0,25,0,0,313,204,75,98,0,25,0,0,377,0,0,15,0,34,0,0,0,13,0,19,0,0,268,30,43,100,41,241,87,81,20,50,60,69,0,0,0,0,0,3,0,0,0,3,0,48,0,10,0,0,0,0,0,0,0,0,0,0,0,0,0,0,0,0,0,0,0,0,0,55,0,0,0,0,0,0,0,0,0,0,0,0,0,0,0,0,0,0,0,0,0,0,0,0,0,0,0,0,0,0,0,0,0,0,0,0,0,0,0,0,0,0,0,0,0,0,0,0,0,0,0,64,0,0,0,59,0,30,0,0,0,9,0,0,1,0,0,0,0,0,0,0,0,0,0,0,6,73,0,0,0,34,0,0,0,2,0,0,5,60,1,7,0,3,0,8,0,5,45,4,0,0,0,0,0,0,0,0,0,0,0,0,0,0,0,0,0,0,0,0,0,0,0,0,0,2,0,0,0,0,20,617,0,0,6,360,0,63,0,125,0,32,0,0,0,0,0,0,0,14,0,1,0,0,0,2,0,0,0,0,0
50,8,50,0,0,0,106,5,39,3,0,1,0,0,9,5,152,2,28,0,102,0,198,3,196,22,34,0,0,1,49,0,38,1,8,0,20,0,14,0,0,0,6,0,0,0,0,0,4,0,0,0,27,0,25,0,6,0,2,0,9,0,73,0,0,0,0,0,0,0,3,0,0,0,5,0,0,0,0,0,38,0,0,0,26,0,0,0,0,0,31,0,0,0,0,0,0,0,62,0,15,0,0,0,4,0,133,0,0,0,0,0,0,0,0,0,0,0,0,0,11,0,15,0,0,0,0,0,0,0,0,0,0,0,0,0,96,0,257,0,132,0,156,0,31,0,0,0,0,0,0,0,0,0,22,0,4,0,22,0,0,0,0,0,2,0,0,0,0,0,0,0,4,0,0,0,0,0,0,0,0,0,0,0,0,0,0,0,0,0,0,0,0,0,0,0,0,0,0,0,0,0,0,0,0,0,0,0,0,0,0,0,0,0,5,0,0,0,0,0,0,0,0,0,8,0,69,0,12,0,4,0,33,0,0,0,0,0,0,0,17,0,16,0,49,0,0,0,0
8,56,9,110,0,20,8,63,7,5,0,0,0,0,0,31,0,128,0,11,0,39,5,34,0,67,0,15,1,0,0,22,0,12,0,0,0,13,0,38,0,0,0,4,0,0,0,0,0,0,0,0,0,5,0,10,0,1,0,2,0,2,0,250,0,0,0,0,0,0,0,0,0,0,0,0,0,0,0,0,0,0,0,0,1,31,0,34,0,0,0,0,0,0,0,0,0,12,0,22,0,0,0,0,0,0,0,0,0,0,0,0,0,1,0,0,0,0,0,0,0,0,0,8,0,0,0,0,0,35,0,0,0,0,0,0,0,68,0,42,0,12,0,94,0,8,0,0,0,0,0,0,0,0,0,0,0,0,0,5,0,0,0,0,0,0,0,1,0,0,0,0,0,0,0,0,0,0,0,0,0,0,0,0,0,0,0,0,0,0,0,0,0,0,0,0,0,0,0,0,0,0,0,0,0,0,0,0,0,0,0,0,0,0,0,0,0,0,0,0,0,10,0,0,0,6,0,169,0,10,0,11,0,0,0,0,0,1,0,18,0,10,0,4,0,0,0,0,0
39,0,103,0,156,34,0,0,0,0,58,21,12,0,217,22,48,0,63,8,50,20,132,0,0,0,35,0,49,0,0,6,12,0,13,0,31,0,7,0,0,0,16,0,20,0,0,0,4,0,37,0,0,0,2,0,0,1,0,0,0,0,16,0,2,0,0,0,0,0,0,0,0,0,2,0,0,0,0,0,0,0,0,0,1,0,5,0,0,0,0,0,0,0,0,0,0,0,0,0,0,0,0,0,0,0,0,0,0,0,0,0,0,0,0,0,0,0,0,0,0,0,0,0,0,0,0,0,0,0,0,0,0,0,0,0,0,0,45,0,38,0,37,0,0,0,0,0,0,0,0,0,0,0,5,0,0,0,2,0,0,0,0,0,7,0,67,0,0,0,0,0,13,0,0,0,0,0,0,0,0,0,0,0,0,0,1,0,0,0,0,0,0,0,2,0,0,0,0,0,0,0,0,0,0,0,0,0,0,0,2,0,0,0,0,0,0,0,7,0,54,0,7,0,6,0,302,0,33,0,88,0,0,0,8,0,20,2,17,0,0,0,34,0,95,0,0,0,0
7,15,0,64,16,119,0,0,0,0,21,0,0,12,16,84,0,43,7,42,0,77,0,29,0,0,0,34,0,22,6,0,0,45,0,13,0,23,0,56,0,0,0,26,0,0,0,0,0,2,0,46,0,0,1,0,0,0,0,3,0,6,0,45,0,0,0,0,0,0,0,0,0,3,0,0,0,0,0,3,0,14,0,0,0,6,0,26,0,0,0,0,0,0,0,0,0,0,0,8,0,0,0,0,0,0,0,0,0,0,0,0,0,0,0,0,0,0,0,0,0,10,0,0,0,0,0,0,0,0,0,0,0,0,0,0,0,23,0,35,0,0,0,35,0,20,0,0,0,0,0,0,0,0,0,0,0,0,0,0,0,0,0,0,0,7,0,7,0,3,0,3,0,13,0,0,0,0,0,0,0,0,0,0,0,0,0,0,0,0,0,0,0,0,0,0,0,0,0,0,0,0,0,0,0,0,0,0,0,0,0,0,0,0,0,0,0,0,0,0,0,95,0,0,0,28,0,336,0,48,0,94,0,73,0,3,0,0,0,7,0,11,0,7,0,0,0,0,0
119,0,127,0,207,11,0,0,7,0,102,6,8,0,102,10,37,0,11,0,35,0,90,2,9,0,21,0,38,0,12,0,0,0,4,0,83,0,11,0,0,0,6,0,8,0,0,0,0,0,12,0,4,0,0,0,0,0,0,0,10,0,8,0,0,0,0,0,0,0,4,0,0,0,2,0,0,0,0,0,0,0,0,0,0,0,0,0,0,0,0,0,0,0,4,0,0,0,8,0,0,0,0,0,0,0,0,0,0,0,0,0,0,0,0,0,0,0,0,0,0,0,5,0,0,0,0,0,0,0,0,0,0,0,0,0,13,0,99,0,42,0,27,0,34,0,0,0,0,0,0,0,0,0,7,0,17,0,8,0,0,0,4,0,0,0,76,0,6,0,2,0,35,0,0,0,9,0,0,0,0,0,0,0,0,0,0,0,0,0,0,0,0,0,0,0,0,0,0,0,0,0,0,0,0,0,0,0,0,0,2,0,0,0,0,0,1,0,2,0,116,0,5,0,6,0,221,0,25,0,69,0,39,0,0,0,9,2,0,0,0,0,11,0,91,0,0,0,0
0,129,0,170,0,171,0,0,0,0,5,173,0,0,6,70,0,19,0,6,0,73,17,9,0,8,0,0,1,12,0,45,0,0,0,16,0,116,0,4,0,0,0,27,0,6,0,0,0,0,0,34,0,0,0,5,0,0,0,0,0,4,0,40,0,0,0,0,0,0,0,0,0,0,0,0,0,0,0,0,0,14,0,0,0,0,0,8,0,0,0,0,0,0,0,0,0,0,0,0,0,0,0,0,0,0,0,0,0,0,0,0,0,0,0,0,0,0,0,0,0,0,0,0,0,0,0,0,0,24,0,0,0,0,0,0,0,29,0,35,0,11,0,62,0,29,0,0,0,3,0,0,0,0,0,2,0,0,0,2,0,3,0,1,0,2,0,25,0,11,0,0,0,43,0,0,0,11,0,0,0,0,1,0,0,0,0,0,0,0,0,0,0,0,0,0,0,0,0,0,0,4,0,0,0,0,0,0,0,0,0,0,0,0,1,1,0,0,0,4,0,184,0,4,0,7,0,363,0,94,0,102,0,124,0,3,0,16,1,24,0,13,0,15,0,0,0,0,0
0,0,0,0,160,0,0,0,0,0,15,0,169,22,93,4,13,0,353,36,48,11,0,0,0,0,56,0,8,0,13,0,4,0,0,2,27,0,8,0,11,0,10,0,2,1,4,0,3,0,44,0,0,0,1,0,0,0,2,1,0,0,0,0,0,0,0,0,0,0,0,0,1,0,5,0,0,0,0,0,0,0,0,0,0,0,0,0,3,0,0,0,0,0,0,0,0,0,0,0,2,0,0,0,0,0,0,0,0,0,0,0,0,0,0,0,0,0,0,0,6,0,0,0,0,0,0,0,0,0,0,0,0,0,0,0,0,0,0,0,23,0,22,0,0,0,0,0,0,0,0,0,0,0,0,0,0,0,0,0,0,0,0,0,44,0,29,0,5,0,0,0,7,0,0,0,0,0,0,0,0,0,0,0,0,0,0,0,0,0,0,0,0,0,0,0,0,0,0,0,0,0,0,0,0,0,0,0,0,0,2,0,0,0,0,0,0,0,74,0,56,0,8,0,103,0,178,0,20,0,47,0,0,0,5,0,41,6,3,0,4,0,4,0,77,0,0,0,0
1,4,1,5,0,52,0,0,0,0,0,27,2,36,0,18,0,10,9,49,7,46,0,1,0,0,0,13,0,0,0,13,0,16,2,0,0,24,0,11,0,0,0,5,0,1,0,0,0,0,0,7,0,0,0,0,1,0,0,0,0,4,0,7,0,0,0,0,0,0,0,0,0,1,0,0,0,0,0,0,0,0,0,0,0,0,0,2,0,0,0,0,0,0,0,0,0,0,0,0,0,0,0,0,0,0,0,0,0,0,0,0,0,0,0,0,0,0,0,0,0,0,0,2,0,0,0,0,0,6,0,0,0,4,0,0,0,0,0,14,0,3,0,8,0,0,0,0,0,0,0,0,0,0,0,0,0,0,0,0,0,0,0,1,0,6,0,5,0,6,0,0,0,3,0,0,0,0,0,0,0,0,0,0,0,0,0,0,0,0,0,0,0,0,0,0,0,0,0,0,0,0,0,0,0,0,0,0,0,0,0,0,0,0,0,0,0,0,0,9,0,45,0,0,0,34,0,175,0,38,0,48,0,32,0,0,0,0,0,0,0,0,0,4,0,17,0,0,0
73,0,28,0,166,5,3,0,0,0,87,0,54,0,65,0,7,0,62,0,17,0,0,0,0,0,36,0,20,0,31,0,83,0,27,0,0,0,102,0,0,0,20,0,18,0,0,0,0,0,97,0,0,0,0,0,0,0,2,0,13,0,0,0,0,0,0,0,0,0,16,0,2,0,6,0,0,0,0,0,43,0,0,0,18,0,17,0,0,0,3,0,0,0,0,0,0,0,36,0,12,0,0,0,0,0,41,0,0,0,0,0,0,0,0,0,0,0,0,0,14,0,12,0,0,0,0,0,0,0,0,0,0,0,0,0,26,0,53,0,112,0,86,0,58,0,0,0,0,0,0,0,0,0,0,0,13,0,0,0,0,0,0,0,31,0,93,0,15,0,0,0,18,0,0,0,6,0,0,0,0,0,2,0,2,0,0,0,0,0,0,0,0,0,0,0,0,0,0,0,0,0,0,0,0,0,0,0,0,0,0,0,0,0,0,0,3,0,7,0,159,0,8,0,42,0,155,0,38,0,90,0,19,0,9,0,18,1,8,0,5,0,14,0,120,0,0,0,0
0,271,0,67,0,155,0,29,0,5,0,168,0,59,0,66,0,7,0,95,0,46,2,3,0,12,0,19,0,13,0,23,0,116,0,24,0,0,0,70,0,4,0,35,0,7,0,0,0,8,0,46,0,0,0,0,0,0,1,2,0,40,0,39,0,2,0,1,0,0,0,0,0,0,0,0,0,1,0,0,0,0,0,1,0,5,0,0,0,0,0,0,0,0,0,0,0,0,0,0,0,0,0,0,0,0,0,0,0,0,0,0,0,0,0,0,0,0,0,0,0,0,0,0,0,0,0,0,0,25,0,0,0,13,0,0,0,29,0,99,0,47,0,24,0,93,0,0,0,0,0,0,0,0,0,2,0,17,0,0,0,0,0,1,0,24,0,20,0,29,0,0,0,39,0,0,0,0,0,0,0,0,0,36,0,0,0,0,0,0,0,0,0,0,0,0,0,0,0,0,0,0,0,0,0,0,0,0,0,0,0,0,0,0,0,0,0,0,0,34,0,213,0,0,0,109,0,276,0,181,0,75,0,86,0,4,0,35,0,9,0,9,0,12,0,40,0,0,0
632,10,250,0,34,2,319,0,185,0,37,0,0,0,6,7,86,6,8,0,14,0,263,0,223,21,12,0,14,0,7,0,11,0,8,0,102,0,0,0,0,0,0,0,12,0,0,0,4,0,23,0,8,0,0,0,0,0,0,0,23,0,27,0,0,0,0,0,0,0,3,0,0,0,0,0,0,0,0,0,7,0,0,0,6,0,2,0,0,0,0,0,0,0,0,0,0,0,7,0,1,0,0,0,0,0,0,0,0,0,0,0,0,0,0,0,0,0,0,0,5,0,0,0,0,0,0,0,0,0,0,0,0,0,0,0,11,0,51,0,42,0,24,0,17,0,3,0,0,0,0,0,0,0,2,0,16,0,0,0,0,0,0,0,7,0,16,0,9,0,3,0,78,0,0,0,14,1,0,0,0,0,42,0,2,0,0,0,0,0,0,0,0,0,0,0,0,0,0,0,0,0,0,0,0,0,0,0,0,0,6,0,0,0,31,0,0,0,5,0,131,0,16,0,14,0,210,0,45,0,19,0,73,0,7,0,0,0,46,0,14,0,30,0,107,0,0,0,0
0,363,0,282,2,21,5,178,9,72,0,44,0,0,1,13,0,108,0,8,0,70,8,22,0,113,0,0,0,38,0,56,0,4,0,11,0,70,0,0,0,0,0,11,0,0,0,0,0,0,0,15,0,0,0,4,0,0,0,0,0,4,0,121,0,0,0,0,0,0,0,0,0,0,0,0,0,0,0,0,0,0,0,3,0,4,0,9,0,0,0,0,0,0,0,0,0,0,0,0,0,3,0,0,0,0,0,0,0,0,0,0,0,0,0,0,0,0,0,0,0,0,0,0,0,0,0,0,0,13,0,0,0,0,0,0,0,0,0,70,0,37,0,38,0,58,0,0,0,0,0,0,0,0,0,3,0,8,0,9,0,0,0,0,0,0,0,3,0,3,0,1,0,27,0,0,0,20,0,0,0,0,0,9,0,0,0,0,0,0,0,0,0,0,0,0,0,0,0,0,0,0,0,0,0,0,0,0,0,0,0,0,0,0,0,3,0,0,0,5,0,64,0,0,0,0,0,203,0,48,0,0,0,47,0,0,0,2,0,14,0,0,0,3,2,28,0,0,0
47,0,17,0,60,0,0,0,5,0,82,0,222,94,7,2,0,0,14,113,0,11,0,0,0,0,139,268,0,0,0,0,0,0,11,0,0,0,0,0,0,220,86,0,72,0,24,147,222,1,64,0,0,0,0,0,0,0,0,0,0,0,0,0,0,0,0,0,0,0,0,0,0,0,0,0,0,0,0,0,0,0,0,0,0,0,0,1,0,0,0,0,0,0,0,0,0,0,0,0,0,0,0,0,6,0,0,0,0,0,0,0,0,0,0,0,0,0,0,0,0,0,0,0,0,0,0,0,0,0,0,0,0,0,0,0,0,0,0,0,0,0,0,0,0,0,0,0,0,0,0,0,0,0,0,0,0,0,0,0,0,0,0,0,100,0,0,0,30,0,0,0,0,0,9,0,54,73,35,0,18,0,5,0,0,0,117,0,0,0,0,0,0,0,0,0,0,1,0,0,0,0,0,0,0,0,0,0,0,0,1,0,0,0,0,0,0,0,326,16,0,0,195,61,49,0,6,0,0,0,0,0,0,0,0,0,5,0,0,0,0,0,0,0,0,0,0,0,0
0,64,0,6,0,40,0,1,0,0,0,167,49,313,0,1,0,0,108,38,13,3,0,0,0,0,296,30,0,0,0,0,0,0,0,0,0,4,0,0,220,0,28,42,107,68,123,38,10,98,20,0,0,0,0,0,0,0,0,0,0,0,0,0,0,0,0,0,0,0,0,0,0,0,0,0,0,0,0,0,0,2,0,0,0,0,0,3,0,0,0,0,0,0,0,0,0,0,0,0,0,0,0,0,0,0,0,0,0,0,0,0,0,0,0,0,0,0,0,0,0,3,0,1,0,0,0,0,0,0,0,0,0,1,0,0,0,0,0,2,0,0,0,0,0,0,0,1,0,0,0,0,0,12,0,0,0,0,0,0,0,0,0,0,0,41,0,0,0,1,0,0,0,0,0,16,1,271,0,13,0,43,0,7,0,0,30,25,0,0,0,0,0,0,0,0,0,0,0,0,0,0,0,0,0,0,0,0,0,0,0,0,0,0,0,1,0,0,88,92,0,0,49,381,0,0,0,10,0,0,0,0,0,0,0,0,0,0,0,0,0,0,0,0,0,4,0,0,0
6,0,0,0,0,0,0,0,2,0,0,0,28,0,0,0,7,0,29,0,59,0,4,0,0,0,274,43,6,0,16,0,6,0,10,0,20,0,0,0,86,28,0,2,61,0,55,24,31,1,55,0,0,0,0,0,0,0,0,0,0,0,0,0,0,0,1,0,0,0,17,0,0,0,0,0,0,0,0,0,0,0,0,0,0,0,18,0,0,0,0,0,0,0,0,0,0,0,0,0,0,0,0,0,0,0,0,0,0,0,0,0,0,0,0,0,0,0,0,0,0,0,0,0,0,0,0,0,0,0,0,0,0,0,0,0,0,0,0,0,0,0,0,0,0,0,0,0,1,0,0,0,0,0,0,0,0,0,0,0,0,0,8,0,23,0,0,0,0,0,0,0,5,0,0,0,2,0,2,0,0,0,0,0,0,0,0,0,0,0,0,0,0,0,0,0,0,0,0,0,0,0,0,0,0,0,0,0,0,0,0,0,0,0,0,0,0,0,218,6,9,0,78,6,51,0,5,0,17,0,0,0,0,0,2,0,0,0,0,0,0,0,4,0,0,0,0,0,0
0,0,0,0,0,10,0,0,0,0,0,0,8,156,0,0,0,0,0,132,0,44,0,0,0,0,0,100,0,4,0,26,0,27,0,5,0,35,0,11,0,42,2,0,0,11,0,38,0,10,0,8,0,0,0,0,0,0,0,0,0,5,0,23,0,0,0,0,0,0,0,4,0,0,0,0,0,0,0,0,0,28,0,3,0,22,0,0,0,0,0,6,0,0,0,0,0,0,0,0,0,0,0,0,0,0,0,0,0,0,0,0,0,0,0,0,0,0,0,0,0,0,0,6,0,0,0,0,0,0,0,0,0,0,0,0,0,0,0,56,0,29,0,58,0,45,0,0,0,0,0,0,0,0,0,0,0,0,0,0,0,0,0,0,0,20,0,2,0,7,0,0,0,0,0,0,0,0,0,0,0,0,0,1,0,0,0,5,0,0,0,0,0,0,0,0,0,0,0,0,0,0,0,0,0,0,0,0,0,0,0,0,0,0,0,0,0,0,0,260,0,4,0,30,0,96,0,159,0,17,0,0,0,0,0,0,0,18,0,0,0,0,0,0,0,0,0,0,0
5,0,0,0,10,0,0,0,0,0,0,0,23,3,0,1,28,0,9,0,70,0,14,0,0,0,163,41,0,0,20,0,8,0,2,0,18,0,12,0,72,107,61,0,0,0,128,57,80,3,32,0,0,0,0,0,0,0,0,0,0,0,0,0,0,0,0,0,0,0,50,0,0,0,41,0,14,0,0,0,0,0,0,0,51,0,134,0,37,0,25,0,0,0,54,1,11,0,236,0,37,0,0,0,0,0,241,0,0,0,0,0,0,0,0,0,0,0,0,0,47,0,55,0,0,0,0,0,0,0,0,0,0,0,0,0,0,0,63,0,143,0,103,0,39,0,0,0,0,0,0,0,0,0,3,0,0,0,0,0,0,0,0,0,72,0,2,0,28,0,0,0,3,0,2,0,8,24,8,0,0,0,3,0,0,0,19,0,0,0,0,0,0,0,0,0,0,0,0,0,0,0,0,0,0,0,0,0,0,0,2,0,1,0,0,0,0,0,130,5,7,0,173,26,35,0,13,0,11,0,0,0,0,0,3,0,2,0,9,0,0,0,2,0,4,0,0,0,0
0,0,0,0,0,9,0,0,0,0,0,8,9,36,0,15,0,12,0,50,0,15,0,6,0,0,12,241,0,0,0,0,0,6,1,1,0,7,0,0,0,68,0,11,0,0,0,119,0,60,0,5,0,0,0,0,0,0,0,0,0,4,0,30,0,0,0,0,0,0,0,13,0,0,0,0,0,0,0,8,0,63,0,0,0,42,0,82,0,0,0,12,0,0,0,47,0,7,0,27,0,14,0,2,0,0,0,0,0,0,0,0,0,0,0,0,0,0,0,0,0,24,0,20,0,0,0,0,0,0,0,0,0,0,0,42,0,37,0,41,0,31,0,114,0,41,0,0,0,0,0,0,0,0,0,1,0,0,0,0,0,0,0,0,0,29,0,2,0,15,0,0,0,5,0,0,1,14,0,0,0,0,0,0,0,0,1,62,0,2,0,0,0,0,0,0,0,0,0,0,0,0,0,0,0,0,0,0,0,0,0,0,0,2,0,0,0,0,0,77,0,12,2,135,0,12,0,11,0,29,0,0,0,3,0,0,0,0,0,0,0,0,0,0,0,0,0,0,0
20,1,0,0,19,0,6,0,0,0,26,0,57,23,0,0,0,0,0,23,0,0,1,0,1,0,58,87,0,0,0,0,0,0,4,0,0,0,0,0,24,123,55,0,128,0,0,79,64,2,35,0,0,0,0,0,1,0,0,0,0,0,0,0,0,0,0,0,0,0,0,0,0,0,0,0,0,0,0,0,0,0,8,0,0,0,0,0,0,0,0,0,0,0,0,0,0,0,0,0,0,0,4,0,0,0,0,0,0,0,0,0,0,0,0,0,0,0,0,0,0,0,0,0,0,0,3,0,0,0,0,0,0,0,0,0,0,0,0,0,0,0,0,0,0,0,0,0,0,0,4,0,0,0,0,0,0,0,0,0,0,0,0,0,55,0,2,0,19,0,0,0,0,0,2,0,7,27,10,0,10,0,2,0,1,0,18,0,0,0,0,0,0,0,0,0,0,0,0,0,0,0,0,0,0,0,0,0,0,0,0,0,0,0,0,0,0,0,179,6,0,0,43,21,0,0,0,0,0,0,0,0,0,0,0,0,0,0,0,0,0,0,0,0,0,0,0,0,0
0,13,0,0,0,18,0,0,0,0,0,34,33,63,0,0,0,0,70,48,0,2,0,0,0,0,169,81,0,0,0,0,0,0,0,0,0,0,0,0,147,38,24,38,57,119,79,0,8,30,25,10,0,0,0,0,0,0,0,0,0,0,0,0,0,0,0,0,0,0,0,0,0,0,0,0,0,0,0,0,0,0,0,0,0,0,0,0,0,0,0,0,0,0,0,0,0,0,0,0,0,0,0,0,0,1,0,0,0,0,0,0,0,0,0,0,0,0,0,0,0,0,0,0,0,0,0,0,0,0,0,0,0,0,0,0,0,0,0,0,0,0,0,2,0,0,0,0,0,0,0,0,0,0,0,0,0,0,0,0,0,0,0,0,0,27,0,0,0,0,0,0,0,0,0,0,0,65,0,0,0,0,0,0,0,0,27,14,0,0,0,0,0,0,0,0,0,1,0,0,0,0,0,0,0,0,0,0,0,0,0,0,0,0,0,0,0,0,39,174,0,1,17,354,0,0,0,0,0,4,0,0,0,0,0,0,0,0,0,0,0,0,0,0,0,0,0,0,0
20,0,0,0,10,3,11,0,11,0,18,0,50,2,0,0,4,0,11,2,9,2,3,0,4,0,96,20,4,0,4,0,0,0,3,0,0,0,4,0,222,10,31,0,80,0,64,8,0,0,7,0,5,0,14,0,19,0,12,0,11,0,4,0,0,0,0,0,7,0,6,0,1,0,0,0,2,0,0,0,7,0,11,0,0,0,5,0,13,0,0,0,0,0,7,0,0,0,2,0,2,0,3,0,0,0,8,0,2,0,0,0,0,0,0,0,0,0,0,0,0,0,0,0,0,0,0,0,0,0,0,0,0,0,0,0,0,0,0,0,0,0,4,0,4,0,0,0,0,0,1,0,8,0,0,0,0,0,0,0,6,0,6,0,4,0,9,0,6,0,0,0,2,0,6,0,39,5,22,0,8,0,3,0,6,0,117,0,1,0,6,0,0,0,1,0,0,0,0,0,3,0,3,0,0,0,0,0,2,0,1,0,5,0,3,0,3,0,39,0,31,0,56,8,25,0,45,0,41,0,0,0,3,0,3,0,2,0,5,0,1,0,2,0,9,0,0,0,0
1,0,0,1,0,0,0,0,0,0,0,6,0,7,0,2,0,0,0,3,0,1,0,0,0,0,3,50,0,0,0,2,0,0,0,0,0,8,0,0,1,98,1,10,3,60,2,30,0,0,0,2,0,0,0,0,0,0,0,0,0,3,0,0,0,0,0,0,0,0,0,3,0,0,0,2,0,7,0,2,0,10,0,7,0,2,0,14,0,3,0,0,0,0,0,16,0,1,0,4,0,0,0,0,0,0,0,0,0,0,0,0,0,0,0,0,0,0,0,0,0,3,0,0,0,0,0,0,0,0,0,0,0,0,0,1,0,5,0,0,0,2,0,6,0,11,0,0,0,0,0,0,0,4,0,0,0,1,0,0,0,0,0,0,0,7,0,4,0,7,0,4,0,3,0,10,0,55,0,5,0,18,1,1,0,1,0,0,0,0,0,0,0,0,0,0,0,0,0,0,0,0,0,0,0,0,0,0,0,0,0,0,0,1,0,0,0,0,2,8,0,15,1,20,0,12,0,33,0,12,0,6,0,7,0,0,0,1,0,0,0,0,0,0,0,2,0,0,0
0,0,0,0,0,0,0,0,0,0,0,0,123,11,0,0,8,0,93,12,53,0,4,0,0,0,240,60,0,0,37,0,12,0,44,0,97,0,23,0,64,20,55,0,32,0,35,25,7,0,0,0,1,0,0,0,15,0,13,0,0,0,0,0,0,0,0,0,0,0,81,0,0,0,37,0,0,0,0,0,155,0,0,0,29,0,75,0,39,0,7,0,0,0,97,0,0,0,165,0,41,0,0,0,0,0,127,0,0,0,0,0,0,0,0,0,0,0,0,0,29,0,26,0,0,0,0,0,0,0,0,0,0,0,0,0,0,0,0,0,46,0,62,0,67,0,0,0,1,0,0,0,0,0,0,0,5,0,0,0,0,0,22,0,37,0,25,0,26,0,37,0,31,0,0,0,0,0,7,0,0,0,0,0,0,0,5,0,0,0,0,0,0,0,1,0,0,0,0,0,0,0,0,0,0,0,0,0,0,0,6,0,3,0,11,0,0,0,121,0,41,0,46,5,83,0,54,0,19,0,0,0,10,0,10,0,0,0,8,0,3,0,3,0,0,0,0,0,0
0,0,0,0,0,19,0,0,2,0,0,7,0,84,0,10,0,10,0,96,0,87,0,7,0,0,0,69,0,0,0,46,0,34,0,7,0,46,0,15,0,0,0,8,0,5,0,10,0,2,0,0,0,0,0,0,1,0,0,0,0,17,0,10,0,0,0,0,0,0,0,10,0,5,0,0,0,0,0,0,0,45,0,0,0,29,0,46,0,0,0,0,0,0,0,18,0,0,0,12,0,10,0,0,0,0,0,0,0,0,0,0,0,0,0,0,0,0,0,0,0,30,0,24,0,0,0,0,0,15,0,0,0,0,0,17,0,26,0,0,0,29,0,76,0,60,0,0,0,0,0,0,0,0,0,0,0,0,0,0,0,0,0,4,0,10,0,2,0,13,0,0,0,6,0,0,0,13,0,0,0,0,0,0,0,0,0,9,0,0,0,0,0,0,0,0,0,0,0,0,0,0,0,0,0,0,0,1,0,0,0,0,0,0,0,0,0,0,0,112,0,14,0,11,0,50,0,62,0,27,0,0,0,0,0,0,0,17,0,0,0,1,0,0,0,0,0,0,0
0,3,1,0,1,0,0,0,53,35,0,0,0,0,0,0,19,0,0,0,2,0,1,0,28,3,0,0,27,0,0,0,4,0,0,0,0,0,8,0,0,0,0,0,0,0,0,0,5,0,1,0,0,3,291,29,175,4,55,24,70,0,42,3,1,0,19,30,0,0,0,0,0,0,0,0,0,0,0,0,0,0,0,0,0,0,0,0,0,0,19,0,0,0,0,0,1,0,5,0,2,0,0,0,15,0,40,0,0,0,0,0,0,0,0,0,0,0,0,0,2,0,0,0,0,0,0,0,43,0,3,0,0,0,26,0,105,0,107,0,43,0,176,0,12,0,0,0,0,0,0,0,0,0,140,0,73,1,64,0,14,0,0,0,0,0,0,0,6,0,46,0,1,0,0,0,2,2,0,0,0,0,0,0,1,10,0,0,0,0,0,0,0,0,0,0,0,0,0,0,30,0,0,0,0,0,0,0,0,0,19,0,0,0,109,0,0,0,12,0,81,0,31,0,21,1,199,0,80,0,0,0,110,0,47,0,2,0,71,0,6,0,13,0,145,0,0,0,0
0,0,0,0,0,0,1,51,9,114,0,0,0,0,0,0,0,8,0,0,0,0,0,0,0,17,0,0,0,5,0,0,0,0,0,0,0,0,0,0,0,0,0,0,0,0,0,0,0,0,0,0,3,0,9,130,9,83,18,103,0,32,5,50,3,0,18,77,0,0,0,0,0,0,0,0,0,0,0,0,0,0,0,0,0,5,0,0,0,0,0,7,0,0,0,0,0,10,0,0,0,4,0,0,0,0,0,9,0,0,0,0,0,0,0,0,0,0,0,0,0,0,0,0,0,6,0,0,0,168,0,25,0,46,0,112,0,128,0,186,0,31,0,63,0,70,0,0,2,0,0,1,0,0,0,55,0,32,0,136,0,30,0,0,0,1,0,1,0,0,0,26,0,3,0,1,2,5,0,0,0,0,0,0,0,13,0,0,0,0,0,0,0,0,0,0,0,0,0,0,0,19,0,0,0,0,0,0,0,9,0,14,0,0,0,106,0,0,0,3,0,115,0,23,1,11,0,41,0,120,0,2,0,219,0,37,0,0,0,29,0,8,0,0,0,83,0,0,0
2,0,26,2,6,0,105,36,69,230,0,0,0,0,0,0,20,0,2,0,0,1,37,1,135,42,0,0,25,0,2,1,0,0,1,0,0,0,0,0,0,0,0,0,0,0,0,0,14,0,0,0,291,9,0,79,56,8,55,29,121,0,92,50,15,0,17,41,0,0,0,0,0,0,0,0,0,0,0,0,0,0,0,0,1,0,0,0,0,0,0,0,0,0,0,0,0,0,0,0,0,0,0,0,0,0,0,0,0,0,0,0,0,0,0,0,0,0,0,0,0,0,0,0,0,0,10,0,58,0,14,0,3,0,57,0,58,0,26,0,11,0,110,0,2,0,0,0,0,0,10,0,0,0,59,0,34,0,20,0,12,0,0,0,0,0,3,0,28,0,154,0,0,0,0,0,3,8,0,0,1,0,0,0,0,18,0,0,0,0,0,0,0,0,0,0,0,0,0,0,13,0,0,0,0,0,0,0,0,0,65,0,12,0,202,0,0,0,32,0,194,3,94,0,60,0,127,0,224,5,6,0,182,0,0,0,0,0,52,0,13,0,17,0,120,0,0,0,0
1,7,0,21,0,9,5,182,55,23,0,3,0,1,0,18,0,21,0,4,0,1,0,9,2,148,0,0,0,10,0,0,0,5,0,0,0,0,0,4,0,0,0,0,0,0,0,0,0,0,0,0,29,130,79,0,32,134,126,82,0,50,17,217,2,0,124,6,0,0,0,0,0,0,0,0,0,0,0,0,0,0,0,0,0,0,0,0,0,0,0,0,0,0,0,0,0,0,0,0,0,0,0,0,0,0,0,0,0,0,0,0,0,0,0,0,0,0,0,0,0,0,0,0,0,40,0,23,0,61,0,76,0,38,0,130,0,171,0,21,0,0,0,26,0,10,0,0,0,0,0,4,0,0,0,96,2,30,0,25,1,52,0,3,0,2,0,1,0,10,0,15,0,0,0,0,0,0,0,0,0,0,0,0,6,51,0,0,0,0,0,0,0,0,0,0,0,0,0,0,0,16,0,0,0,0,0,0,0,47,0,0,0,13,0,207,0,0,0,4,0,218,0,69,0,26,0,37,0,283,0,0,0,227,0,21,0,4,0,36,0,6,0,4,2,73,0,0,0
3,0,7,1,3,0,11,5,41,0,0,0,1,0,0,0,6,0,0,0,2,0,4,0,32,4,1,0,6,0,0,0,0,0,0,1,0,0,0,0,0,0,0,0,0,0,1,0,19,0,15,1,175,9,56,32,0,12,175,46,24,0,11,10,68,7,56,75,0,0,0,0,0,0,0,0,0,0,0,0,0,0,2,0,0,0,0,0,0,0,0,0,0,0,0,0,0,0,0,0,0,0,0,0,0,0,0,0,0,0,0,0,0,0,0,0,0,0,0,0,0,0,1,0,0,0,0,0,71,0,48,0,6,0,0,0,26,0,9,0,0,0,10,0,2,0,0,1,7,1,0,0,0,0,258,10,115,0,50,0,71,0,10,0,0,0,0,0,44,0,65,0,8,0,1,0,5,0,0,0,0,13,0,0,4,27,0,0,0,0,0,0,0,0,0,0,0,0,0,0,0,0,0,0,0,0,0,0,0,0,71,0,0,0,453,0,0,0,48,0,298,1,170,2,98,0,111,0,351,0,11,0,410,2,307,0,0,0,100,0,15,0,26,0,298,0,0,0,0
1,0,1,4,0,1,0,13,0,28,0,1,0,0,0,0,0,6,0,0,0,0,0,0,0,22,0,3,0,1,1,0,0,0,0,0,0,0,0,0,0,0,0,0,0,0,0,0,0,0,0,0,4,83,8,134,12,0,53,107,0,0,0,26,13,7,29,10,0,1,0,0,0,0,0,0,0,0,0,0,0,0,0,0,0,0,0,0,0,0,0,0,0,0,0,0,0,0,0,0,0,0,0,0,0,0,0,0,0,0,0,0,0,0,0,0,0,0,0,0,0,0,0,0,0,24,0,10,0,29,0,37,0,16,0,19,0,25,5,19,0,0,0,3,0,11,0,5,0,7,0,1,0,0,0,209,2,24,0,141,7,75,0,5,0,0,0,0,0,9,0,16,0,6,0,0,1,0,0,0,0,0,0,0,2,27,0,0,0,0,0,0,0,0,0,0,0,0,0,0,0,2,0,0,0,0,0,1,0,14,0,21,0,10,0,237,0,0,0,5,1,252,0,95,0,21,0,13,0,356,0,0,0,134,0,82,0,3,0,42,0,8,0,3,0,46,0,0,0
8,0,30,0,0,0,45,14,87,93,0,0,4,0,0,0,0,0,0,0,2,0,8,0,34,4,0,0,2,0,0,0,0,0,2,0,2,1,0,0,0,0,0,0,0,0,0,0,12,0,13,0,55,18,55,126,175,53,0,117,67,1,26,24,96,12,143,142,0,0,0,0,0,0,0,0,0,0,0,0,0,0,0,0,0,0,0,0,0,0,0,0,0,0,0,0,0,0,0,0,0,0,0,0,0,0,0,0,0,0,0,0,0,0,0,0,0,0,0,0,0,0,0,0,0,0,0,0,6,0,32,0,0,0,0,0,3,0,0,0,0,0,0,0,0,0,0,0,7,0,0,0,0,0,70,13,116,3,0,0,18,0,0,0,0,0,1,0,27,0,49,0,0,0,0,0,75,9,0,0,17,10,0,0,22,112,0,0,0,0,0,0,0,0,0,0,0,0,0,0,0,0,0,0,0,0,0,0,4,0,0,0,12,0,322,0,0,0,22,0,243,1,87,0,48,0,166,1,171,0,10,0,305,0,208,0,15,0,143,0,19,0,31,0,268,0,0,0,0
0,8,0,9,0,2,0,52,0,151,0,3,0,0,0,0,0,0,0,0,0,0,0,0,0,4,0,0,0,2,0,3,0,0,1,0,0,2,0,0,0,0,0,0,0,0,0,0,0,0,0,0,24,103,29,82,46,107,117,0,0,63,0,40,64,85,100,183,0,0,0,0,0,0,0,0,0,0,0,0,0,0,0,0,0,0,0,0,0,0,0,0,0,0,0,0,0,0,0,0,0,0,0,0,0,0,0,0,0,0,0,0,0,0,0,0,0,0,0,0,0,0,0,0,0,8,0,2,0,4,0,5,0,2,0,0,0,0,15,0,0,0,0,0,7,3,0,0,0,31,0,0,0,0,23,123,5,127,13,39,41,19,0,5,0,0,0,0,0,4,0,0,0,0,2,33,0,3,0,0,0,43,0,0,0,83,0,0,0,0,0,0,0,0,0,0,0,0,0,0,0,0,0,0,0,0,0,0,0,2,0,35,0,17,0,459,0,0,0,0,0,426,0,104,0,26,0,111,0,310,0,13,0,549,0,425,0,14,0,183,1,49,0,8,0,387,0,0,0
13,0,0,2,0,0,135,5,337,4,0,0,0,0,0,0,26,2,0,0,1,1,0,0,171,8,0,0,9,0,0,0,10,0,0,0,13,0,23,0,0,0,0,0,0,0,0,0,11,0,0,0,70,0,121,0,24,0,67,0,0,0,81,0,0,0,0,0,0,0,0,0,1,0,0,0,0,0,0,0,0,0,0,0,0,0,0,0,0,0,0,0,0,0,0,0,0,0,0,0,0,0,0,0,0,0,0,0,0,0,0,0,0,0,0,0,0,0,0,0,0,0,0,0,0,0,0,0,0,0,3,0,0,0,0,0,0,0,113,0,33,0,0,0,209,0,0,0,0,0,0,0,0,0,12,0,81,0,5,0,5,1,11,0,0,0,5,0,13,0,129,0,49,0,0,0,0,0,0,0,0,1,6,0,0,0,0,0,0,0,0,0,0,0,0,0,0,0,0,0,0,0,0,0,0,0,0,0,0,0,35,0,3,0,111,0,0,0,8,0,82,0,40,0,29,0,293,0,92,0,0,0,72,0,0,0,0,0,48,0,15,0,16,0,77,0,0,0,0
0,134,0,26,0,0,0,137,11,328,0,5,0,0,0,0,0,0,0,0,0,4,0,1,0,45,0,3,0,2,0,6,0,4,0,4,0,40,0,4,0,0,0,5,0,4,0,0,0,3,0,17,0,32,0,50,0,0,1,63,0,0,0,18,0,0,0,14,0,0,0,3,0,0,0,0,0,0,0,0,0,0,0,0,0,0,0,0,0,0,0,0,0,0,0,1,0,0,0,0,0,0,0,0,0,0,0,0,0,0,0,0,0,0,0,0,0,0,0,0,0,0,0,0,0,0,0,0,0,5,0,0,0,0,0,0,0,0,0,45,0,23,0,18,0,94,0,0,0,0,0,0,0,0,0,18,0,56,0,7,0,0,0,7,0,2,0,6,0,14,0,62,0,43,0,0,0,26,0,0,0,0,0,61,0,0,0,0,0,0,0,0,0,0,0,0,0,0,0,0,0,0,0,0,0,0,0,0,0,0,0,19,0,0,0,54,0,0,0,3,0,134,0,37,0,10,0,114,0,246,0,1,0,59,0,5,0,3,0,14,0,8,0,6,0,31,0,0,0
0,10,0,0,0,0,161,47,386,84,0,0,0,0,11,0,251,3,22,0,28,0,21,0,269,66,12,0,73,0,16,0,8,0,0,0,0,0,27,0,0,0,0,0,0,0,0,0,4,0,0,0,42,5,92,17,11,0,26,0,81,0,0,23,0,0,10,3,0,0,0,0,0,0,0,0,0,0,0,0,2,0,0,0,0,0,0,0,0,0,0,0,0,0,0,0,2,0,0,0,0,0,0,0,0,0,4,0,0,0,0,0,0,0,0,0,0,0,0,0,0,0,0,0,0,0,0,0,11,0,0,0,0,0,19,0,32,0,54,0,17,0,53,0,9,0,0,0,0,0,0,0,0,0,23,0,55,0,8,0,1,0,1,0,1,0,1,0,7,0,17,0,7,0,0,0,0,0,0,0,0,0,2,0,0,0,0,0,0,0,0,0,0,0,1,0,0,0,2,0,0,0,0,0,0,0,0,0,3,0,13,0,0,0,46,0,0,0,6,0,34,0,11,0,4,0,402,1,34,0,0,0,93,0,0,0,0,0,37,0,9,0,9,0,88,0,0,0,0
0,32,0,24,0,3,13,677,86,493,0,0,0,0,0,15,0,64,0,36,0,64,1,10,12,214,0,48,0,250,0,45,0,40,0,7,0,39,0,121,0,0,0,23,0,30,0,0,0,0,0,10,3,50,50,217,10,26,24,40,0,18,23,0,0,0,17,13,0,0,0,0,0,0,0,0,0,0,0,0,0,0,0,3,0,10,0,17,0,4,0,0,0,0,0,11,0,14,0,0,0,0,0,0,0,0,0,0,0,0,0,0,0,0,0,0,0,0,0,0,0,0,0,0,0,6,0,0,0,68,0,16,0,26,0,117,0,101,0,62,0,14,0,95,0,35,0,0,0,1,0,0,0,0,0,31,0,21,0,29,0,12,0,0,0,0,0,0,0,15,0,13,1,14,0,0,0,48,0,0,0,0,0,12,0,4,0,0,0,0,0,0,0,0,0,0,0,0,0,0,0,16,0,0,0,1,0,0,0,0,0,12,0,5,0,69,0,0,0,6,0,159,0,18,0,9,0,120,0,119,0,7,0,271,0,0,0,5,0,54,0,22,0,9,0,121,0,0,0
3,0,10,0,6,0,2,0,52,0,3,0,5,0,7,0,0,0,6,0,0,0,3,0,0,0,0,0,0,0,2,0,0,0,0,0,0,0,0,0,0,0,0,0,0,0,0,0,0,0,0,0,1,3,15,2,68,13,96,64,0,0,0,0,0,34,196,35,0,0,0,0,2,0,1,0,0,0,0,0,0,0,0,0,0,0,0,0,0,0,0,0,0,0,0,0,0,0,0,0,0,0,0,0,0,0,0,0,0,0,0,0,0,0,0,0,0,0,0,0,0,0,0,0,10,0,6,0,0,0,31,0,0,0,3,0,1,0,0,7,2,0,0,0,25,0,20,0,56,0,13,0,18,0,17,24,48,0,0,22,198,43,0,0,0,0,0,0,0,0,0,0,0,0,63,25,7,0,0,0,119,22,2,0,79,11,0,0,0,0,0,0,0,0,0,0,2,0,2,0,0,0,0,0,0,0,0,0,0,0,0,0,0,0,22,0,0,0,2,0,0,1,0,0,0,0,17,0,20,0,4,0,0,0,54,0,0,0,24,1,0,0,0,0,0,0,0,0,0
0,23,0,18,0,26,0,13,0,157,0,10,0,7,0,8,0,0,0,27,0,0,0,0,2,0,0,10,0,0,0,0,0,0,0,0,0,2,0,0,0,0,0,0,0,0,0,0,0,0,0,0,0,0,0,0,7,7,12,85,0,0,0,0,34,0,14,356,0,0,0,14,4,2,0,0,0,0,0,0,0,0,5,0,0,0,0,16,0,0,0,0,0,0,0,0,0,0,0,0,0,0,0,0,0,0,4,0,0,0,0,0,0,0,0,0,0,0,0,0,2,0,0,13,0,54,0,35,0,0,0,49,0,0,0,0,0,0,91,35,0,0,0,0,37,77,0,81,67,204,0,42,0,49,7,16,4,0,0,56,55,188,0,0,0,0,0,0,1,2,0,0,0,0,36,130,0,2,0,0,18,80,0,1,0,18,0,0,0,0,0,0,0,0,0,0,0,0,0,0,0,0,0,0,0,0,0,11,0,10,0,3,0,0,0,61,0,0,0,0,0,0,0,0,0,0,0,57,0,51,0,6,0,24,0,177,0,0,0,30,0,5,0,2,0,54,0,0,0
4,0,0,0,0,0,3,30,63,96,0,0,0,0,0,0,0,3,0,0,0,0,0,0,2,9,0,0,0,0,0,0,0,0,0,0,0,0,0,0,0,0,1,0,0,0,0,0,0,0,0,0,19,18,17,124,56,29,143,100,0,0,10,17,196,14,0,62,0,0,0,0,0,0,0,0,0,0,0,0,0,0,0,0,0,0,0,0,0,0,0,0,0,0,0,0,0,0,0,0,0,0,0,0,0,0,0,0,0,0,0,0,0,0,0,0,0,0,0,0,0,0,0,0,6,0,2,0,0,0,44,0,3,0,0,0,1,0,0,0,0,0,0,0,2,0,0,0,19,0,0,0,0,0,12,8,21,0,1,0,67,0,0,0,0,0,0,0,0,0,9,0,0,0,4,3,178,0,0,0,20,7,0,0,92,84,0,0,0,0,0,0,0,0,0,0,0,0,0,0,0,0,0,0,0,0,0,0,1,0,11,0,0,0,68,0,0,0,4,0,0,1,0,0,8,0,33,0,0,0,3,0,73,0,39,0,2,0,35,0,5,0,13,0,80,0,0,0,0
0,6,0,3,0,0,0,0,0,91,0,0,0,0,0,0,0,0,0,0,0,0,0,0,0,0,0,0,0,0,0,0,0,0,0,0,0,1,0,0,0,0,0,0,0,0,0,0,0,0,0,0,30,77,41,6,75,10,142,183,0,14,3,13,35,356,62,0,0,0,0,0,0,0,0,0,0,0,0,0,0,0,0,0,0,0,0,0,0,0,0,0,0,0,0,0,0,0,0,0,0,0,0,0,0,0,0,0,0,0,0,0,0,0,0,0,0,0,0,0,0,0,0,0,0,27,0,5,0,0,6,18,0,0,0,4,0,2,10,1,0,0,0,0,7,5,0,15,0,80,0,0,1,3,29,31,9,44,16,12,35,70,0,0,0,0,0,0,0,0,0,0,0,0,3,29,4,42,0,0,0,117,0,0,10,346,0,0,0,0,0,0,0,0,0,0,0,1,0,0,0,2,0,0,0,0,0,0,0,6,0,4,0,0,0,76,0,0,0,0,0,0,0,0,0,2,0,77,0,34,0,4,0,114,0,154,0,7,0,74,0,20,0,11,0,133,0,0,0
0,0,0,0,0,0,0,0,1,0,0,0,0,0,0,0,0,0,1,0,0,0,0,0,0,0,0,0,0,0,0,0,0,0,0,0,0,0,0,0,0,0,0,0,0,0,0,0,7,0,0,0,0,0,0,0,0,0,0,0,0,0,0,0,0,0,0,0,0,0,0,0,1,0,0,0,38,0,5,0,0,0,24,0,0,0,6,0,14,0,0,0,47,0,0,0,0,0,0,0,0,0,109,0,0,0,0,0,35,0,11,0,14,0,2,0,0,0,0,0,0,0,0,0,0,0,0,0,0,0,0,0,0,0,0,0,0,0,0,0,0,0,0,0,1,0,0,0,0,0,0,0,0,0,0,0,0,0,0,0,0,0,5,0,10,0,0,0,61,0,3,0,0,0,0,0,0,0,0,0,0,0,0,0,0,0,0,0,0,0,5,0,0,0,2,0,0,0,0,0,0,0,0,0,0,0,0,0,0,0,5,0,94,0,83,0,35,0,16,0,0,0,66,0,16,0,1,0,33,0,0,0,0,0,0,0,1,0,0,0,9,0,0,0,0,0,0,0,0
0,0,0,0,0,0,0,0,0,0,0,0,0,1,0,0,0,0,0,0,0,0,0,0,0,1,0,0,0,0,0,0,0,0,0,0,0,0,0,0,0,0,0,0,0,0,0,0,0,0,0,0,0,0,0,0,0,1,0,0,0,0,0,0,0,0,0,0,0,0,0,0,0,3,0,0,0,10,0,0,0,0,0,85,0,1,0,11,0,47,0,0,0,16,0,53,0,0,0,0,0,0,0,34,0,0,0,3,0,59,0,1,0,0,0,3,0,2,0,0,0,0,0,0,0,0,0,0,0,0,0,0,0,0,0,0,0,0,0,0,0,0,0,0,0,0,0,0,0,0,0,0,0,0,0,0,0,0,0,1,0,0,0,0,0,24,0,0,0,4,0,0,0,0,0,0,0,0,0,0,0,0,0,0,0,0,0,4,0,0,0,6,0,0,0,0,0,0,0,0,0,0,0,0,0,0,0,0,0,0,0,1,0,178,0,29,0,42,0,8,0,0,0,54,0,11,0,0,0,50,0,0,0,0,0,0,0,0,0,0,0,2,0,0,0,0,0,0,0
20,0,0,0,0,0,0,0,0,0,0,0,0,0,0,0,0,0,12,0,0,0,0,0,0,0,0,0,3,0,0,0,4,0,0,0,16,0,3,0,0,0,17,0,50,0,0,0,6,0,81,0,0,0,0,0,0,0,0,0,0,0,0,0,0,0,0,0,0,0,0,0,228,0,230,0,0,0,227,0,15,0,11,0,3,0,95,0,0,0,0,0,0,0,0,0,0,0,0,0,0,0,0,0,0,0,0,0,0,0,0,0,0,0,0,0,0,0,0,0,61,0,19,0,0,3,0,0,18,0,27,9,0,0,0,0,30,0,10,0,52,0,7,0,72,0,5,0,13,0,21,0,0,0,0,2,13,0,0,0,10,0,51,0,4,0,25,0,26,0,18,0,18,0,17,6,0,0,0,0,19,0,0,0,0,0,0,0,0,0,0,0,0,0,0,0,0,0,0,0,0,0,0,0,0,0,0,0,16,0,3,0,0,0,0,0,0,0,0,0,10,0,21,0,15,0,0,0,48,0,0,0,1,0,0,0,0,0,8,0,0,0,0,0,0,0,0,0,0
0,0,0,0,0,0,0,0,0,0,0,0,0,0,0,0,0,0,0,0,0,6,0,2,0,1,0,0,0,0,0,0,0,0,0,0,0,0,0,0,0,0,0,4,0,13,0,0,0,3,0,10,0,0,0,0,0,0,0,0,0,3,0,0,0,14,0,0,0,0,0,0,0,242,1,144,0,10,0,63,0,4,0,2,0,0,0,31,0,0,0,0,0,0,0,0,0,0,0,0,0,0,0,0,0,0,0,0,0,0,0,0,0,0,0,0,0,0,0,0,2,19,0,56,0,20,3,15,0,0,0,7,0,16,0,27,0,28,0,16,0,33,0,25,0,120,0,45,0,25,0,0,0,20,0,0,0,3,0,0,0,0,0,30,0,0,0,4,0,6,0,7,0,2,1,0,0,0,0,0,0,16,0,0,0,0,0,0,0,0,0,0,0,0,0,0,0,5,0,0,0,0,0,0,0,0,0,0,0,0,0,0,0,0,0,4,0,0,0,0,0,9,0,0,0,5,0,26,0,31,0,2,0,0,0,15,0,0,0,39,0,3,0,2,0,4,0,0,0
