0,347,15,130,15,0,0,137,65,27,206,34,79,0,15,17,80,40,49,1,11,0,12,33,11,173,25,0,141,0,38,0,52,0,0,0,111,0,364,0,13,0,0,0,12,0,36,0,47,0,0,0,17,0,3,4,0,0,2,0,122,5,86,13,16,0,9,0,0,0,0,0,2,0,1,0,0,0,1,0,0,0,0,0,0,0,0,0,0,0,0,0,0,0,0,0,0,0,0,0,0,0,0,0,0,0,0,0,0,0,0,0,0,0,0,0,0,0,0,0,0,0,0,0,24,0,7,0,0,0,51,0,0,0,2,0,3,0,0,0,0,0,0,0,0,0,21,0,35,0,4,0,0,0,0,0,0,0,0,0,24,0,0,0,10,0,25,0,15,0,33,0,332,0,0,0,252,73,10,0,0,0,41,0,14,0,1,0,0,0,0,0,0,0,0,0,0,0,3,0,0,0,0,0,1,0,1,0,0,0,603,143,373,214,309,2,4,0,0,0,3,0,0,0,0
347,0,126,19,25,82,100,6,51,68,12,164,0,37,9,15,48,21,0,148,4,7,155,33,280,12,0,113,4,115,0,9,0,139,0,10,0,155,14,363,0,24,0,0,0,0,0,20,0,0,0,6,5,21,8,10,0,2,0,12,10,139,19,31,0,91,0,17,0,0,0,0,0,0,0,0,0,0,0,0,0,8,0,0,0,5,0,2,0,0,0,0,0,0,0,0,0,0,0,0,0,4,0,0,0,0,0,9,0,0,0,0,0,0,0,0,0,0,0,0,0,1,0,0,0,23,0,43,0,0,0,50,0,20,0,41,0,11,0,2,0,0,0,4,0,0,0,57,0,89,0,101,0,180,0,6,0,0,0,1,0,8,0,0,0,6,0,11,0,31,2,27,12,173,0,0,84,355,0,1,0,42,15,0,0,100,0,1,0,0,0,0,0,0,0,0,0,0,0,8,0,4,0,0,0,3,0,13,0,120,18,6,9,0,221,0,0,0,711,170,466,100,0,19,0
15,126,0,92,70,83,25,0,6,0,21,127,34,0,247,80,180,11,148,9,217,0,347,55,120,51,84,0,311,0,262,0,189,5,18,0,76,0,430,2,0,0,0,0,4,0,18,0,53,0,0,0,12,0,121,0,0,0,0,0,33,0,23,2,0,0,0,0,0,0,0,0,0,0,0,0,0,0,0,0,0,0,0,0,0,0,0,0,8,0,17,0,0,0,0,0,59,0,0,0,0,0,0,0,8,0,55,0,0,0,0,0,0,0,0,0,0,0,0,0,0,0,0,0,42,0,27,0,0,0,98,2,0,0,142,0,60,0,4,0,0,0,88,0,0,0,19,0,22,0,0,0,0,1,0,0,0,0,0,0,44,0,1,0,7,0,93,0,24,0,36,0,313,0,0,0,80,55,0,1,4,0,6,0,8,0,0,0,0,0,0,0,0,0,0,0,0,0,30,0,54,0,0,0,0,0,4,0,19,0,412,86,396,210,245,1,3,0,0,0,0,0,0,0,0
130,19,92,0,53,109,1,24,3,0,52,0,0,8,10,220,50,66,0,154,8,64,220,246,37,137,0,22,2,121,0,67,0,267,0,0,0,70,6,156,0,0,0,0,0,0,0,5,0,0,0,0,0,0,0,80,0,0,0,0,0,9,0,3,0,0,0,0,0,0,0,0,0,0,0,0,0,0,0,0,0,0,0,0,0,20,0,0,0,0,0,0,0,0,0,0,0,0,0,0,0,0,0,0,0,0,0,0,0,0,0,0,0,0,0,0,0,0,0,0,0,0,0,0,0,0,0,0,0,0,0,0,0,7,0,164,0,96,0,0,0,0,0,19,0,0,0,0,0,0,0,9,0,0,0,0,0,0,0,0,0,0,0,0,0,0,0,4,0,10,0,21,0,119,0,0,44,63,1,0,0,0,7,0,0,0,0,0,0,0,0,0,0,0,0,0,0,0,0,0,0,6,0,0,0,0,0,6,0,38,0,0,8,0,84,0,0,0,250,65,362,64,0,7,0
15,25,70,53,0,748,6,1,13,0,105,320,292,237,197,354,46,0,540,407,183,48,71,78,0,0,221,93,72,0,240,0,470,28,158,7,211,12,85,0,39,6,0,0,32,8,100,17,51,0,59,0,0,0,0,0,0,0,0,0,0,0,0,0,0,0,0,0,0,0,0,0,0,0,0,0,0,0,0,0,0,0,0,0,0,0,0,0,0,0,8,0,0,0,0,0,0,0,0,0,0,0,0,0,0,0,0,0,0,0,0,0,0,0,0,0,0,0,0,0,0,0,0,0,11,0,0,0,0,0,0,0,0,0,12,0,0,0,0,0,0,0,0,0,0,0,17,0,56,0,0,0,130,0,0,0,0,0,0,0,6,0,0,0,68,0,412,0,55,0,11,0,199,0,59,0,486,132,106,0,128,0,59,0,58,0,5,0,0,0,0,0,0,0,0,0,2,0,0,0,0,0,0,0,0,0,0,0,0,0,736,427,734,124,322,3,2,0,7,3,0,0,0,0,0
0,82,83,109,748,0,0,16,0,0,251,169,210,184,525,142,7,4,209,304,140,97,156,181,0,27,48,268,0,0,8,147,0,365,14,253,3,212,0,19,8,22,4,13,0,0,0,74,0,3,0,58,0,8,0,15,0,0,0,0,0,9,0,5,0,0,0,1,0,0,0,0,0,0,0,0,0,0,0,0,0,0,0,0,0,0,0,0,0,0,0,0,0,0,0,0,0,0,0,0,0,0,0,0,0,0,0,0,0,0,0,0,0,0,0,0,0,0,0,0,0,0,0,0,0,0,0,4,0,0,0,6,0,0,0,114,0,60,0,0,0,0,0,15,0,0,0,0,0,19,0,28,0,56,0,8,0,6,0,0,0,0,0,9,0,62,0,231,0,188,0,45,0,112,0,0,255,478,38,37,0,41,0,0,0,12,0,12,0,0,0,0,0,0,0,0,0,0,0,0,0,13,0,0,0,0,0,0,0,35,0,7,0,1,245,0,0,0,654,488,1010,175,9,17,1
0,100,25,1,6,0,0,68,5,216,10,4,0,0,7,0,52,15,14,0,0,0,25,1,148,88,0,0,12,0,0,0,0,0,4,0,8,0,114,0,0,0,4,0,9,0,1,0,64,0,12,0,298,18,273,66,33,1,48,0,334,0,481,45,52,0,103,0,0,0,0,0,0,1,0,0,0,0,0,0,0,0,0,0,0,0,0,0,0,0,10,0,0,0,0,0,24,0,0,0,0,0,0,0,6,0,0,0,0,0,0,0,0,0,0,0,0,0,0,0,0,0,0,0,50,0,35,0,0,0,156,0,0,0,86,0,16,0,7,0,2,0,18,1,0,0,14,0,24,0,16,0,0,0,18,0,38,0,5,0,132,0,0,0,10,0,5,0,9,0,151,0,147,0,1,0,0,32,0,0,0,0,0,0,1,0,0,0,0,0,0,0,0,0,0,0,1,0,25,0,12,0,0,0,0,0,0,0,21,0,576,106,626,356,371,7,51,0,5,0,5,0,0,0,0
137,6,0,24,1,16,68,0,161,40,0,0,0,0,0,32,10,8,0,16,0,0,8,9,113,228,0,0,0,123,0,0,0,19,0,0,0,22,0,256,0,0,0,0,0,0,0,0,0,0,0,0,21,15,28,175,0,4,0,6,4,363,46,128,0,8,0,16,0,0,0,0,0,0,0,0,0,0,0,0,0,0,0,0,0,0,0,1,0,0,0,0,0,0,0,0,0,1,0,0,0,0,0,5,0,0,0,0,0,0,0,0,0,0,0,0,0,0,0,0,0,0,0,0,0,22,0,44,0,0,0,69,0,32,0,46,0,21,0,0,0,0,0,0,0,0,0,0,0,8,0,17,0,0,0,8,0,22,0,0,0,31,0,0,0,9,0,6,2,14,5,39,0,95,0,0,12,19,0,0,0,0,15,0,1,0,0,0,0,0,0,0,0,0,0,0,0,0,0,0,0,0,0,0,0,0,0,0,0,110,5,0,21,0,297,0,0,0,613,70,394,199,0,82,2
65,51,6,3,13,0,5,161,0,825,24,0,9,0,25,0,5,4,30,0,0,0,0,0,7,109,10,0,0,0,3,0,0,0,0,0,3,1,4,0,3,0,0,0,6,0,11,0,31,0,3,0,339,37,49,290,5,0,38,144,177,7,212,69,156,0,157,88,1,0,0,0,0,0,0,0,0,0,0,0,0,0,1,0,0,0,0,0,0,0,0,0,0,0,0,0,0,0,0,1,0,0,0,0,3,0,0,0,0,0,0,0,0,0,0,0,0,0,0,0,0,0,0,0,36,0,6,0,0,0,87,0,0,0,13,0,0,1,0,1,0,0,0,0,1,0,47,0,157,0,4,0,5,0,37,4,58,3,0,0,67,0,0,0,2,0,2,0,0,0,91,0,17,0,0,0,5,76,0,0,0,0,21,1,150,6,0,0,0,0,0,0,0,0,0,0,0,0,8,0,0,0,0,0,2,0,3,0,9,0,230,112,319,207,157,0,35,1,3,0,0,0,0,0,0
27,68,0,0,0,0,216,40,825,0,0,39,0,0,1,0,0,0,0,0,0,0,0,0,51,19,0,0,0,4,0,0,0,3,0,0,0,5,0,17,0,0,0,0,0,0,0,0,0,0,0,0,55,94,241,72,0,2,87,89,5,378,65,123,0,261,35,199,0,0,0,0,0,0,0,0,0,0,0,0,0,0,0,0,0,0,0,1,0,0,0,0,0,0,0,0,3,0,0,3,0,4,0,0,0,9,1,0,0,0,0,0,0,0,0,0,0,0,0,0,0,0,0,0,0,99,0,79,0,0,0,131,0,19,0,19,0,8,0,1,0,3,0,0,0,0,0,74,0,128,0,55,0,27,2,15,0,86,0,3,0,18,0,0,0,9,1,0,0,10,2,80,0,85,0,0,2,311,0,0,0,7,6,3,16,66,0,0,0,0,0,0,0,2,0,0,0,3,0,0,1,2,0,0,0,4,0,23,0,144,3,7,12,0,210,0,0,0,570,103,305,148,9,107,0
206,12,21,52,105,251,10,0,24,0,0,143,226,0,15,224,25,0,112,44,107,8,0,55,0,0,134,0,30,0,107,0,358,0,50,0,162,0,61,0,66,0,0,0,33,0,106,0,19,0,0,0,0,0,0,0,0,0,0,0,0,0,0,0,7,0,0,0,0,0,0,0,0,0,0,0,0,0,0,0,2,0,0,0,0,0,0,0,0,0,0,0,0,0,0,0,0,0,0,0,0,0,0,0,0,0,0,0,0,0,0,0,0,0,0,0,0,0,0,0,0,0,0,0,0,0,3,0,0,0,0,0,0,0,0,0,0,0,0,0,0,0,0,0,0,0,24,0,52,0,16,0,111,0,0,0,0,0,0,0,4,0,0,0,7,0,72,0,29,0,1,0,77,0,22,0,276,39,113,0,83,0,49,0,50,0,22,0,0,0,0,0,0,0,0,0,0,0,3,0,0,0,0,0,0,0,0,0,2,0,364,221,245,0,134,0,0,0,4,0,0,0,0,0,0
34,164,127,0,320,169,4,0,0,39,143,0,0,388,283,17,19,21,28,182,68,92,263,128,7,0,0,239,0,21,7,70,8,307,0,51,3,163,0,50,0,173,0,0,0,65,0,150,0,31,0,15,0,10,0,0,0,0,0,0,0,0,0,4,0,45,0,1,0,0,0,2,0,0,0,0,0,0,0,0,0,0,0,0,0,6,0,0,0,0,0,0,0,0,0,0,0,0,0,0,0,0,0,0,0,0,0,0,0,0,0,0,0,0,0,0,0,0,0,0,0,0,0,0,0,0,0,0,0,0,0,0,0,0,0,10,0,0,0,0,0,0,0,0,0,0,0,0,0,52,0,106,0,274,0,8,0,8,0,0,0,0,0,1,0,14,0,20,0,30,0,18,0,57,0,35,160,502,4,54,0,194,0,45,0,72,1,13,0,0,0,0,0,0,0,0,0,0,0,0,0,0,0,0,0,0,0,5,0,12,0,0,0,0,127,0,0,0,421,246,328,64,0,8,0
79,0,34,0,292,210,0,0,9,0,226,0,0,405,37,8,0,0,69,384,43,12,0,0,0,0,203,419,0,0,5,0,9,0,158,3,18,0,0,0,507,39,66,0,80,32,431,198,25,0,191,6,0,0,0,0,0,0,0,0,0,0,0,0,0,0,0,0,0,0,0,0,0,0,0,0,0,0,0,0,0,0,0,0,0,0,0,0,0,0,0,0,0,0,0,0,0,0,0,0,2,0,0,0,0,0,0,0,0,0,0,0,0,0,0,0,0,0,0,0,0,0,0,0,8,0,0,0,0,0,12,0,0,0,0,0,0,0,0,0,0,0,0,0,0,0,0,0,0,0,11,0,101,0,0,0,0,0,0,0,0,0,0,0,83,0,24,0,0,0,0,0,0,0,0,0,447,76,249,0,126,0,0,0,65,0,195,11,0,0,0,0,0,0,0,0,0,0,0,0,0,0,0,0,0,0,0,0,0,0,47,172,237,12,12,0,0,3,0,2,0,0,0,0,0
0,37,0,8,237,184,0,0,0,0,0,388,405,0,93,2,0,0,471,26,63,4,0,0,0,0,240,185,0,0,0,0,0,0,17,55,0,0,0,0,200,385,0,126,0,143,81,440,3,222,47,192,0,0,0,0,0,0,0,0,0,0,0,0,0,4,0,0,0,0,0,0,0,0,0,0,0,0,0,0,0,0,0,0,0,0,0,0,0,0,0,0,0,0,0,0,0,0,0,0,0,0,0,0,0,0,0,0,0,0,0,0,0,0,0,0,0,0,0,0,0,0,0,0,0,0,0,0,0,0,0,0,0,0,0,0,0,1,0,0,0,0,0,0,0,0,0,0,0,0,0,17,0,0,0,0,0,0,0,0,0,0,0,0,0,57,0,12,0,71,0,7,0,0,0,0,80,406,0,41,0,29,0,6,0,0,59,122,0,0,0,0,0,0,0,0,0,0,0,0,0,0,0,0,0,0,0,0,0,0,0,0,0,0,0,0,0,0,0,267,311,19,0,0,0
15,9,247,10,197,525,7,0,25,1,15,283,37,93,0,221,18,0,275,148,436,34,264,27,40,0,118,20,7,0,323,11,185,33,201,5,115,10,0,0,0,0,1,0,0,0,4,0,11,0,41,0,8,0,65,0,0,0,0,0,3,0,0,0,10,0,2,0,0,0,0,0,0,0,0,0,0,0,0,0,0,0,0,0,14,0,0,0,0,0,42,0,0,0,0,0,93,0,0,0,0,0,0,0,0,0,0,0,0,0,0,0,0,0,0,0,0,0,0,0,5,0,0,0,18,0,10,0,0,0,27,3,7,0,103,0,76,0,0,0,0,0,113,0,0,0,28,1,75,1,13,0,0,0,17,0,0,0,0,0,10,0,0,0,0,0,375,0,20,0,6,0,56,1,6,0,73,32,3,0,13,0,58,0,62,0,0,0,0,0,0,0,0,0,0,0,0,0,20,0,0,0,0,0,0,0,0,0,15,0,137,116,242,37,74,1,0,1,0,0,0,0,0,0,0
17,15,80,220,354,142,0,32,0,0,224,17,8,2,221,0,12,19,11,279,66,204,188,337,3,149,5,85,0,5,4,199,12,245,4,84,2,61,0,6,0,0,0,13,0,3,0,0,0,0,0,6,0,9,0,66,0,0,0,0,0,0,0,45,0,0,0,0,0,0,0,0,0,0,0,0,0,0,0,3,0,233,0,0,0,235,0,46,0,0,0,7,0,0,0,0,0,0,0,154,0,110,0,0,0,0,0,0,0,0,0,0,0,0,0,0,0,0,0,0,0,0,0,27,0,1,0,0,0,0,0,0,0,0,0,250,0,148,0,33,0,53,0,114,0,4,0,0,0,0,0,0,0,0,0,0,0,0,0,0,0,0,0,0,0,0,0,89,0,42,0,15,0,53,0,0,56,28,17,0,0,0,0,0,0,0,0,0,0,0,0,0,0,0,0,0,0,0,0,15,0,0,0,0,0,0,0,0,0,29,0,3,0,0,60,0,0,0,206,415,235,43,0,0,0
80,48,180,50,46,7,52,10,5,0,25,19,0,0,18,12,0,7,32,0,226,0,82,15,109,55,182,0,275,0,225,0,20,1,60,0,24,1,134,3,0,0,46,0,14,0,2,0,3,0,22,0,74,0,16,0,23,0,2,0,14,0,204,0,0,0,0,0,0,0,10,0,4,0,10,1,0,0,0,0,95,0,0,0,281,0,25,0,51,0,144,0,0,0,0,0,494,0,402,0,293,0,0,0,0,0,84,0,0,0,0,0,0,0,0,0,0,0,0,0,33,0,129,0,0,0,0,0,88,0,3,0,0,0,24,0,139,0,279,1,133,0,249,0,9,0,0,0,0,0,0,0,0,0,281,0,0,0,131,0,10,3,0,0,0,0,6,0,18,0,0,0,11,0,0,0,14,8,0,0,0,0,94,0,0,0,0,0,0,0,0,0,0,0,0,0,0,0,0,0,114,0,0,0,0,0,0,0,0,0,0,76,42,10,4,0,0,0,0,0,1,0,0,0,0
40,21,11,66,0,4,15,8,4,0,0,21,0,0,0,19,7,0,0,21,1,148,20,239,33,90,0,0,0,555,0,40,0,57,0,0,0,8,0,195,0,0,0,0,0,0,0,0,0,0,0,0,0,65,0,38,0,14,0,0,0,43,2,258,0,0,0,0,0,0,0,3,0,0,0,0,0,0,0,0,0,261,0,0,0,487,0,52,0,0,0,0,0,0,0,56,0,0,0,112,0,83,0,0,0,1,0,0,0,0,0,0,0,0,0,0,0,0,0,0,0,57,0,48,0,0,0,0,0,82,0,0,0,0,0,148,0,342,0,207,0,301,0,299,0,0,0,0,0,0,0,0,0,0,0,79,0,0,0,26,0,7,0,0,0,0,0,1,0,0,0,5,0,0,0,0,0,0,0,0,0,0,6,0,0,0,0,0,0,0,0,0,0,0,0,0,0,0,0,0,0,0,0,0,0,0,0,0,0,0,0,3,6,0,12,0,0,0,21,168,42,24,0,7,0
49,0,148,0,540,209,14,0,30,0,112,28,69,471,275,11,32,0,0,337,471,16,277,0,35,0,393,274,0,0,10,0,0,0,371,10,41,9,0,0,9,29,101,0,48,14,66,92,0,0,437,11,14,0,20,0,0,0,0,0,0,0,0,0,0,0,1,0,0,0,7,0,0,0,6,0,0,0,0,0,0,0,0,0,21,0,11,0,0,0,85,0,0,0,0,0,0,0,0,0,72,0,0,0,0,0,77,0,0,0,0,0,0,0,0,0,0,0,0,0,0,0,0,0,34,0,20,0,0,0,49,0,0,0,0,0,0,0,0,0,0,0,0,0,0,0,36,0,82,0,24,0,0,0,0,0,0,0,0,0,0,0,0,0,158,0,95,0,85,0,0,0,0,0,11,0,109,18,18,0,15,0,66,0,47,0,10,3,0,0,0,0,0,0,8,0,1,0,0,0,0,0,0,0,0,0,0,0,16,0,122,316,274,21,27,0,0,4,0,1,0,0,0,0,0
1,148,9,154,407,304,0,16,0,0,44,182,384,26,148,279,0,21,337,0,94,126,0,209,0,24,91,414,0,0,2,101,2,6,16,656,0,179,0,0,19,0,0,147,6,92,10,40,0,0,52,242,0,19,0,0,0,0,0,7,0,23,0,44,0,0,0,0,0,0,0,0,0,0,0,0,0,0,0,0,0,0,0,0,0,192,0,91,0,0,0,0,0,3,0,0,0,0,0,99,0,107,0,0,0,0,0,0,0,0,0,0,0,0,0,0,0,0,0,0,0,84,0,0,0,0,0,0,0,0,0,0,0,7,0,132,0,72,0,0,0,62,0,74,0,0,0,0,0,0,0,0,0,0,0,0,0,25,0,0,1,0,0,0,4,71,5,102,0,136,0,16,0,22,0,0,61,106,11,11,0,0,0,0,0,0,0,0,0,0,0,0,0,0,0,0,0,0,0,0,0,0,0,0,0,0,0,7,0,0,6,6,0,0,68,0,0,0,156,363,361,58,7,10,0
11,4,217,8,183,140,0,0,0,0,107,68,43,63,436,66,226,1,471,94,0,6,589,12,108,0,651,66,31,0,298,2,42,6,113,4,56,3,1,0,0,0,42,0,18,2,1,17,7,0,72,1,6,0,28,0,0,0,0,0,0,0,72,0,0,0,0,0,0,0,19,0,0,0,21,0,0,0,0,0,161,0,0,0,161,0,45,0,0,0,140,0,0,0,64,0,358,0,376,0,310,0,0,0,0,0,96,0,0,0,0,0,0,0,0,0,0,0,0,0,47,0,87,0,0,0,0,0,0,0,0,3,0,0,0,0,84,0,61,2,35,0,124,0,15,0,0,0,0,0,0,0,6,0,35,0,0,0,0,0,0,0,0,0,24,0,58,0,26,0,0,0,0,0,0,0,12,2,13,0,0,3,3,0,5,0,0,0,0,0,2,0,0,0,0,0,0,0,0,0,81,0,0,0,0,0,0,0,0,0,101,266,97,13,16,0,0,1,2,0,0,0,0,0,0
0,7,0,64,48,97,0,0,0,0,8,92,12,4,34,204,0,148,16,126,6,0,6,347,0,31,0,57,0,102,0,160,0,72,0,252,0,89,0,8,0,0,0,42,0,35,0,3,0,0,2,37,0,36,0,0,0,0,0,0,0,10,0,119,0,0,0,0,0,1,0,31,0,10,0,102,0,0,0,0,0,556,0,0,0,445,0,122,0,8,0,0,0,0,0,0,0,0,0,134,0,0,0,0,0,0,0,0,0,0,0,0,0,0,0,0,0,0,0,0,0,275,0,227,0,0,0,0,0,0,0,0,0,0,0,0,0,220,0,242,0,663,0,513,0,135,0,0,0,0,0,0,0,0,0,11,0,0,0,0,0,0,0,0,0,0,0,67,0,66,0,8,0,18,0,0,0,0,0,1,0,0,0,0,0,0,0,0,0,0,0,0,0,0,0,0,0,0,0,0,0,0,0,0,0,0,0,0,0,0,0,0,0,0,40,0,0,0,166,408,200,34,0,3,0
12,155,347,220,71,156,25,8,0,0,0,263,0,0,264,188,82,20,277,0,589,6,0,120,82,87,239,0,72,0,126,0,56,0,34,2,21,0,65,5,0,0,0,0,13,0,0,0,5,0,0,0,10,0,101,0,0,0,0,0,0,0,20,0,0,0,0,0,0,0,0,0,0,0,0,0,0,0,0,0,0,0,0,0,36,0,0,0,0,0,80,0,0,0,12,0,232,0,83,2,57,0,0,0,0,0,85,0,0,0,0,0,0,0,0,0,0,0,0,0,2,0,0,0,0,0,0,0,36,1,0,0,12,0,100,0,145,0,0,0,18,0,170,0,0,0,0,0,0,0,0,0,5,0,62,0,2,0,13,1,0,0,0,0,0,0,25,0,0,0,6,0,53,0,0,0,75,42,1,0,0,0,6,0,11,0,0,0,0,0,0,0,0,0,0,0,0,0,20,0,93,0,0,0,0,0,0,0,0,0,65,92,75,18,29,0,0,0,0,0,4,0,0,0,0
33,33,55,246,78,181,1,9,0,0,55,128,0,0,27,337,15,239,0,209,12,347,120,0,11,113,0,45,0,99,0,116,7,149,0,31,0,21,0,16,0,0,0,0,0,10,0,0,0,6,0,0,0,32,0,31,0,0,0,0,0,4,0,187,0,0,0,0,0,0,0,0,0,0,0,16,0,0,0,0,0,441,0,0,0,503,0,95,0,0,0,0,0,0,0,78,0,46,0,188,0,186,0,0,0,0,0,0,0,0,0,0,0,0,0,0,0,0,0,0,0,98,0,56,0,0,0,0,0,0,0,0,0,0,0,170,0,207,0,65,0,165,0,289,0,0,0,0,0,0,0,0,0,0,0,0,0,0,0,0,0,0,0,0,0,0,0,11,0,22,0,8,0,26,0,0,13,8,0,0,0,0,1,0,0,0,0,0,0,0,0,0,0,0,0,0,0,0,0,0,0,0,0,0,0,0,0,0,0,0,0,3,0,0,26,0,0,0,43,738,70,13,3,0,0
11,280,120,37,0,0,148,113,7,51,0,7,0,0,40,3,109,33,35,0,108,0,82,11,0,150,42,0,104,0,37,0,0,0,12,0,7,0,98,6,0,0,0,0,0,0,0,0,9,0,0,0,60,2,183,10,10,0,0,0,29,2,101,9,0,5,0,0,0,0,0,0,0,0,0,2,0,0,0,0,0,2,0,0,0,1,0,0,0,0,27,0,0,0,0,0,72,0,21,0,0,0,0,0,0,0,38,0,0,0,0,0,0,0,0,0,0,0,0,0,0,0,0,0,0,0,0,0,74,0,11,10,23,0,72,0,164,0,29,2,24,1,128,0,0,2,0,1,0,7,9,0,0,0,125,0,0,0,52,0,20,0,0,0,0,0,5,0,0,0,3,0,35,0,0,0,9,21,0,0,0,3,42,0,1,2,0,0,0,0,0,0,0,0,0,0,0,0,21,0,72,0,0,0,0,0,0,0,7,0,44,14,67,30,31,0,0,0,0,1,4,0,0,0,0
173,12,51,137,0,27,88,228,109,19,0,0,0,0,0,149,55,90,0,24,0,31,87,113,150,0,0,0,5,159,0,12,0,18,0,0,0,31,8,175,0,0,0,0,0,0,0,0,1,0,0,1,2,7,14,290,0,20,0,3,13,147,36,62,0,0,0,0,0,0,0,0,0,0,0,0,0,0,0,0,0,33,0,0,0,75,0,0,0,0,0,0,0,0,0,0,0,0,0,23,0,0,0,0,0,0,0,0,0,0,0,0,0,0,0,0,0,0,0,0,0,0,0,0,0,0,0,0,0,0,0,8,0,0,0,232,0,264,0,71,0,59,0,91,0,0,0,0,0,0,0,0,0,0,0,43,0,3,0,0,0,4,0,0,0,0,0,4,0,5,0,19,15,114,0,0,19,0,0,0,0,0,14,1,0,0,0,0,0,0,0,0,0,0,0,0,0,0,0,0,0,0,0,0,0,0,0,4,0,42,10,4,11,0,70,0,0,0,209,257,192,65,0,21,0
25,0,84,0,221,48,0,0,10,0,134,0,203,240,118,5,182,0,393,91,651,0,239,0,42,0,0,300,12,0,71,0,7,0,57,0,119,0,0,0,35,60,342,0,349,18,244,225,12,0,404,4,11,0,0,0,0,0,0,0,0,0,32,0,0,0,0,0,10,0,63,0,0,0,51,0,0,0,0,0,305,0,0,0,171,0,95,0,0,0,183,0,69,0,173,0,486,0,603,0,0,0,54,0,0,0,0,0,0,0,0,0,0,0,0,0,0,0,0,0,95,0,0,0,11,0,0,0,0,0,13,0,0,0,0,0,105,0,0,0,31,0,0,0,36,0,20,0,44,0,0,0,0,0,0,0,0,0,0,0,0,0,0,0,224,0,40,0,61,0,0,0,0,0,0,0,67,16,34,0,24,2,41,0,29,0,60,0,0,0,0,0,0,0,30,0,0,0,0,0,0,0,0,0,0,0,0,0,0,0,64,350,616,28,19,0,0,7,0,4,0,0,0,0,0
0,113,0,22,93,268,0,0,0,0,0,239,419,185,20,85,0,0,274,414,66,57,0,45,0,0,300,0,0,0,0,9,0,9,17,111,3,81,0,0,242,4,52,544,0,553,119,220,0,34,90,451,0,21,0,0,0,0,0,0,0,14,0,13,0,7,0,0,0,0,0,0,0,0,0,0,0,0,0,0,0,0,0,0,0,0,0,0,0,0,0,0,0,0,0,31,0,0,0,0,0,0,0,0,0,0,0,0,0,0,0,0,0,0,0,0,0,0,0,0,0,0,0,0,0,0,0,11,0,0,0,0,0,0,0,0,0,0,0,0,0,0,0,0,0,0,0,0,0,0,0,0,0,0,0,0,0,0,0,3,0,0,0,0,0,269,0,29,0,210,0,0,0,0,0,0,31,109,0,6,0,0,0,0,0,0,71,25,0,0,0,0,0,0,0,0,0,0,0,0,0,0,0,17,0,0,0,0,0,0,0,0,0,0,0,0,0,0,50,699,677,32,0,0,0
141,4,311,2,72,0,12,0,0,0,30,0,0,0,7,0,275,0,0,0,31,0,72,0,104,5,12,0,0,0,28,0,14,0,27,0,9,0,12,0,0,0,9,0,2,0,0,0,0,0,5,0,6,0,7,0,3,0,0,0,3,0,46,0,0,0,0,0,0,0,10,0,2,0,18,0,0,0,0,0,69,0,0,0,72,0,12,0,0,0,0,0,0,0,0,0,43,0,126,0,73,0,0,0,0,0,0,0,0,0,0,0,0,0,0,0,0,0,0,0,25,0,68,0,0,0,0,0,0,0,0,0,0,0,0,0,7,0,79,0,72,0,41,0,19,0,0,0,0,0,0,0,0,0,20,0,1,0,35,1,0,0,1,0,0,0,1,0,0,0,0,0,0,0,0,0,6,0,0,0,2,0,34,0,0,0,0,0,0,0,0,0,0,0,0,0,0,0,3,0,0,0,0,0,0,0,0,0,0,0,5,26,0,0,0,0,0,0,0,0,0,0,0,0,0
0,115,0,121,0,0,0,123,0,4,0,21,0,0,0,5,0,555,0,0,0,102,0,99,0,159,0,0,0,0,0,62,0,66,0,67,0,14,0,31,0,0,0,0,0,0,0,0,0,0,0,1,0,7,0,7,0,5,0,1,0,16,0,51,0,0,0,0,0,0,0,0,0,0,0,0,0,0,0,0,0,0,0,0,0,43,0,0,0,0,0,0,0,0,0,0,0,0,0,17,0,0,0,0,0,0,0,0,0,0,0,0,0,0,0,0,0,0,0,0,0,0,0,0,0,0,0,0,0,0,0,0,0,9,0,0,0,92,0,206,0,119,0,48,0,13,0,0,0,0,0,0,0,0,0,26,0,0,0,16,0,4,0,1,0,0,0,0,0,0,0,0,0,0,0,0,0,3,0,0,0,0,0,0,0,0,0,0,0,0,0,0,0,0,0,0,0,0,0,0,0,0,0,0,0,0,0,0,0,0,0,0,0,0,0,0,0,0,7,49,2,1,0,2,0
38,0,262,0,240,8,0,0,3,0,107,7,5,0,323,4,225,0,10,2,298,0,126,0,37,0,71,0,28,0,0,0,9,0,134,0,15,0,0,0,0,0,38,0,0,0,0,0,0,0,47,0,1,0,6,0,0,0,0,0,2,0,23,0,1,0,0,0,0,0,19,0,0,0,13,0,0,0,0,0,87,0,0,0,84,0,32,0,45,0,43,0,0,0,0,0,0,0,200,0,144,0,0,0,0,0,0,0,0,0,0,0,0,0,0,0,0,0,0,0,42,0,43,0,0,0,0,0,0,0,0,0,0,0,0,0,22,0,45,0,0,0,0,0,27,0,0,0,0,0,0,0,0,0,5,0,3,0,0,0,0,0,0,0,0,0,11,0,0,0,0,0,8,0,0,0,27,0,17,0,0,0,15,0,0,0,0,0,0,0,0,0,0,0,0,0,0,0,0,0,0,0,0,0,0,0,0,0,0,0,32,67,20,0,0,0,0,0,0,0,0,0,0,0,0
0,9,0,67,0,147,0,0,0,0,0,70,0,0,11,199,0,40,0,101,2,160,0,116,0,12,0,9,0,62,0,0,0,11,0,39,0,9,0,11,0,0,0,4,0,1,0,0,0,0,0,3,0,0,0,0,0,0,0,0,0,0,0,0,0,0,0,0,0,0,0,0,0,0,0,0,0,0,0,0,0,0,0,0,0,36,0,11,0,0,0,0,0,0,0,0,0,0,0,0,0,18,0,0,0,0,0,0,0,0,0,0,0,0,0,0,0,0,0,0,0,0,0,0,0,0,0,0,0,0,0,0,0,0,0,0,0,0,0,34,0,54,0,31,0,13,0,0,0,0,0,0,0,0,0,0,0,0,0,0,0,0,0,0,0,0,0,7,0,0,0,0,0,3,0,0,0,0,0,0,0,2,0,0,0,0,0,0,0,0,0,0,0,0,0,0,0,0,0,0,0,0,0,0,0,0,0,0,0,0,0,0,0,0,0,0,0,0,6,62,6,0,0,0,0
52,0,189,0,470,0,0,0,0,0,358,8,9,0,185,12,20,0,0,2,42,0,56,7,0,0,7,0,14,0,9,0,0,0,42,0,117,0,0,0,0,0,23,0,0,0,0,0,1,0,5,0,2,0,0,0,0,0,0,1,13,0,10,0,0,0,0,0,0,0,13,0,0,0,17,0,0,0,0,0,39,0,0,0,35,0,0,0,0,0,0,0,0,0,0,0,0,0,52,0,44,0,0,0,0,0,0,0,0,0,0,0,0,0,0,0,0,0,0,0,15,0,17,0,0,0,0,0,0,0,5,0,0,0,0,0,0,0,85,0,53,0,17,0,38,0,2,0,0,0,0,0,13,0,9,0,24,0,50,1,0,0,0,0,0,0,17,0,0,0,4,0,13,0,0,0,78,7,39,0,12,0,12,0,12,0,0,0,0,0,0,0,0,0,0,0,0,0,0,0,5,0,0,0,0,0,0,0,0,0,0,59,23,0,0,1,0,0,0,0,0,0,0,0,0
0,139,5,267,28,365,0,19,0,3,0,307,0,0,33,245,1,57,0,6,6,72,0,149,0,18,0,9,0,66,0,11,0,0,0,106,0,80,0,20,0,0,0,14,0,8,0,0,0,0,0,16,0,6,0,9,0,0,0,0,0,22,0,16,0,0,0,0,0,0,0,0,0,0,0,0,0,0,0,0,0,0,0,0,0,0,0,0,0,0,0,0,0,0,0,0,0,0,0,0,0,0,0,0,0,0,0,0,0,0,0,0,0,0,0,0,0,0,0,0,0,14,0,0,0,0,0,0,0,0,0,0,0,0,0,0,0,0,0,114,0,70,0,20,0,77,0,0,0,0,0,7,0,0,0,0,0,30,0,13,0,0,0,0,0,0,0,21,0,9,0,10,0,44,0,0,10,23,0,0,0,0,0,0,0,0,0,0,0,0,0,0,0,0,0,0,0,0,0,0,0,0,0,0,0,0,0,0,0,0,0,0,0,0,2,0,0,0,22,189,30,4,0,1,0
0,0,18,0,158,14,4,0,0,0,50,0,158,17,201,4,60,0,371,16,113,0,34,0,12,0,57,17,27,0,134,0,42,0,0,0,40,0,0,0,0,0,33,0,0,0,0,13,0,0,53,0,0,0,0,0,2,0,2,0,0,0,0,0,0,0,0,0,0,0,31,0,0,0,30,0,0,0,0,0,111,0,0,0,56,0,32,0,0,0,32,0,0,0,0,0,63,0,118,0,115,0,0,0,0,0,0,0,0,0,0,0,1,0,0,0,0,0,0,0,49,0,44,0,0,0,0,0,0,0,7,0,0,0,0,0,0,0,0,0,0,0,23,0,0,0,0,0,0,0,0,0,0,0,0,0,0,0,0,0,0,0,0,0,34,0,87,0,35,0,0,0,10,0,0,0,8,0,76,0,4,0,6,0,0,0,18,0,3,0,0,0,0,0,0,0,0,0,0,0,0,0,0,0,0,0,0,0,0,0,74,128,108,0,25,0,0,0,0,0,0,0,0,0,0
0,10,0,0,7,253,0,0,0,0,0,51,3,55,5,84,0,0,10,656,4,252,2,31,0,0,0,111,0,67,0,39,0,106,0,0,0,144,0,62,0,0,0,13,0,9,0,0,0,0,0,22,0,0,0,6,0,0,0,14,0,12,0,5,0,0,0,0,0,0,0,25,0,0,0,59,0,0,0,0,0,0,0,21,0,80,0,60,0,0,0,0,0,0,0,0,0,0,0,0,0,0,0,0,0,0,0,0,0,0,0,0,0,1,0,0,0,0,0,0,0,128,0,102,0,0,0,0,0,0,0,0,0,0,0,0,0,0,0,209,0,304,0,169,0,133,0,0,0,0,0,0,0,0,0,0,0,0,0,12,0,0,0,0,0,16,0,102,0,76,0,11,0,23,0,0,0,0,0,0,0,0,0,0,0,0,0,17,0,0,0,0,0,0,0,0,0,0,0,0,0,0,0,0,0,0,0,0,0,0,0,0,0,0,10,0,0,0,39,97,140,0,0,0,0
111,0,76,0,211,3,8,0,3,0,162,3,18,0,115,2,24,0,41,0,56,0,21,0,7,0,119,3,9,0,15,0,117,0,40,0,0,0,15,0,0,0,128,0,33,0,0,0,1,0,112,0,0,0,0,0,0,0,22,0,11,0,7,0,0,0,0,0,0,0,152,0,27,0,94,0,0,0,0,0,194,0,0,0,52,0,81,0,0,0,0,0,0,0,0,0,0,0,170,0,159,0,0,0,1,0,0,0,0,0,0,0,0,0,0,0,0,0,0,0,124,0,55,0,0,0,0,0,0,0,0,0,0,0,0,0,0,0,125,0,126,0,39,0,144,0,0,1,0,0,0,0,0,0,17,0,22,0,0,0,0,0,38,0,23,0,64,0,23,0,19,0,69,0,0,0,23,0,24,0,0,0,15,0,8,0,0,0,0,0,0,0,0,0,0,0,0,0,0,0,0,0,0,0,0,0,0,0,0,0,20,127,43,0,11,0,0,0,0,0,0,0,0,0,0
0,155,0,70,12,212,0,22,1,5,0,163,0,0,10,61,1,8,9,179,3,89,0,21,0,31,0,81,0,14,0,9,0,80,0,144,0,0,0,25,0,2,0,171,0,17,0,0,0,0,0,119,0,6,0,0,0,0,0,10,0,42,0,6,0,4,0,2,0,0,0,11,0,0,0,42,0,0,0,0,0,61,0,0,0,0,0,22,0,0,0,0,0,0,0,13,0,0,0,0,0,22,0,0,0,0,0,0,0,0,0,0,0,0,0,0,0,0,0,0,0,58,0,68,0,0,0,0,0,0,0,0,0,0,0,0,0,22,0,156,0,222,0,85,0,221,0,0,0,0,0,0,0,0,0,9,0,54,0,0,0,0,0,4,0,21,0,85,0,52,0,17,0,130,0,0,0,0,0,0,0,0,0,0,0,0,0,3,0,0,0,0,0,0,0,0,0,0,0,0,0,0,0,0,0,3,0,0,0,0,0,0,0,0,6,0,0,0,23,227,62,6,0,0,0
364,14,430,6,85,0,114,0,4,0,61,0,0,0,0,0,134,0,0,0,1,0,65,0,98,8,0,0,12,0,0,0,0,0,0,0,15,0,0,0,0,0,0,0,0,0,0,0,0,0,0,0,7,0,0,0,0,0,3,0,13,0,29,0,0,0,0,0,0,0,6,0,0,0,6,0,0,0,0,0,36,0,0,0,9,0,0,0,0,0,0,0,0,0,0,0,0,0,24,0,0,0,0,0,0,0,0,0,0,0,0,0,0,0,0,0,0,0,0,0,13,0,10,0,0,0,0,0,0,0,0,0,3,0,5,0,0,0,78,0,23,0,0,0,35,0,0,0,0,0,0,0,0,0,16,0,25,0,63,0,0,0,0,0,0,0,0,0,0,0,1,0,120,0,0,0,30,10,1,0,0,0,72,0,0,0,0,0,0,0,0,0,0,0,0,0,0,0,0,0,0,0,0,0,0,0,0,0,0,0,29,90,7,0,3,0,0,0,0,0,0,0,0,0,0
0,363,2,156,0,19,0,256,0,17,0,50,0,0,0,6,3,195,0,0,0,8,5,16,6,175,0,0,0,31,0,11,0,20,0,62,0,25,0,0,0,0,0,0,0,0,0,0,0,0,0,5,0,7,0,7,0,0,0,0,0,7,0,20,0,0,0,0,0,0,0,0,0,0,0,0,0,0,0,0,0,0,0,0,0,0,0,1,0,0,0,0,0,0,0,0,0,0,0,0,0,0,0,0,0,0,0,0,0,0,0,0,0,0,0,0,0,0,0,0,0,0,0,0,0,0,0,0,0,0,0,0,0,0,0,0,0,0,0,230,0,37,0,7,0,96,0,0,0,0,0,5,0,0,0,16,0,31,0,42,0,0,0,0,0,0,0,0,0,1,0,7,0,54,0,0,0,12,0,0,0,0,0,1,0,2,0,0,0,0,0,0,0,0,0,0,0,0,0,0,0,0,0,0,0,0,0,0,0,0,0,0,1,0,12,0,0,0,28,123,36,14,0,5,0
13,0,0,0,39,8,0,0,3,0,66,0,507,200,0,0,0,0,9,19,0,0,0,0,0,0,35,242,0,0,0,0,0,0,0,0,0,0,0,0,0,190,22,0,36,87,163,678,105,128,12,0,0,0,0,0,0,0,0,0,0,0,0,0,0,0,0,0,0,0,0,0,0,0,0,0,0,0,0,0,0,0,0,0,0,0,0,0,0,0,0,0,0,0,0,0,0,0,0,0,0,0,0,0,0,0,0,0,0,0,0,0,0,0,0,0,0,0,0,0,0,0,0,0,0,0,0,0,0,0,0,0,0,0,0,0,0,0,0,0,0,0,0,0,0,0,0,0,0,0,0,0,0,0,0,0,0,0,0,0,0,0,0,0,4,0,0,0,0,0,0,0,0,0,0,0,48,56,12,0,0,0,0,0,0,0,182,9,0,0,0,0,0,0,0,0,0,0,0,0,0,0,0,0,0,0,0,0,1,0,0,139,59,0,0,0,1,11,0,19,0,0,0,0,0
0,24,0,0,6,22,0,0,0,0,0,173,39,385,0,0,0,0,29,0,0,0,0,0,0,0,60,4,0,0,0,0,0,0,0,0,0,2,0,0,190,0,0,71,8,104,110,121,11,396,8,38,0,0,0,0,0,0,0,0,0,0,0,0,0,0,0,0,0,0,0,0,0,0,0,0,0,0,0,0,0,1,0,5,0,0,0,0,0,0,0,0,0,0,0,0,0,0,0,0,0,0,0,0,0,0,0,0,0,0,0,0,0,0,0,0,0,0,0,0,0,0,0,0,0,0,0,0,0,0,0,0,0,0,0,0,0,0,0,0,0,0,0,0,0,0,0,0,0,0,0,0,0,0,0,0,0,0,0,0,0,0,0,0,0,27,0,0,0,0,0,0,0,0,0,0,0,55,0,0,0,0,0,0,0,0,57,18,0,2,0,0,0,0,0,0,0,0,0,1,0,0,0,0,0,0,0,0,0,0,0,3,0,0,0,0,0,0,1,0,34,0,0,0,22
0,0,0,0,0,4,4,0,0,0,0,0,66,0,1,0,46,0,101,0,42,0,0,0,0,0,342,52,9,0,38,0,23,0,33,0,128,0,0,0,22,0,0,0,250,3,55,41,13,3,79,0,1,0,0,0,0,0,0,0,0,0,4,0,0,0,0,0,0,0,80,0,0,0,48,0,0,0,0,0,210,0,0,0,54,0,0,0,0,0,23,0,0,0,0,0,0,0,0,0,0,0,0,0,0,0,0,0,0,0,0,0,0,0,0,0,0,0,0,0,78,0,0,0,0,0,0,0,0,0,0,0,0,0,0,0,0,0,0,0,25,0,0,0,59,0,0,0,0,0,0,0,0,0,0,0,0,0,0,0,0,0,13,0,31,0,7,0,18,0,4,0,5,0,0,0,1,2,14,0,0,0,0,0,0,0,51,0,0,0,0,0,0,0,0,0,0,0,0,0,0,0,0,0,0,0,0,0,0,0,35,34,100,7,9,0,1,0,0,1,0,0,0,0,0
0,0,0,0,0,13,0,0,0,0,0,0,0,126,0,13,0,0,0,147,0,42,0,0,0,0,0,544,0,0,0,4,0,14,0,13,0,171,0,0,0,71,0,0,0,269,0,50,0,16,1,89,0,0,0,0,0,0,0,0,0,0,0,6,0,0,0,0,0,0,0,0,0,0,0,0,0,0,0,0,0,0,0,0,0,0,0,0,0,0,0,0,0,0,0,0,0,0,0,0,0,0,0,0,0,0,0,0,0,0,0,0,0,0,0,0,0,0,0,0,0,0,0,0,0,0,0,0,0,0,0,0,0,0,0,6,0,0,0,36,0,76,0,29,0,46,0,0,0,0,0,3,0,0,0,0,0,0,0,0,0,0,0,0,0,77,1,23,0,36,0,0,0,12,0,0,0,0,0,0,0,0,0,0,0,0,0,86,0,0,0,0,0,0,0,0,0,0,0,0,0,0,0,0,0,0,0,0,0,0,0,0,0,0,0,0,0,0,73,140,112,0,2,1,0
12,0,4,0,32,0,9,0,6,0,33,0,80,0,0,0,14,0,48,6,18,0,13,0,0,0,349,0,2,0,0,0,0,0,0,0,33,0,0,0,36,8,250,0,0,0,265,24,157,36,151,0,0,0,0,0,10,0,8,0,1,0,0,0,0,0,0,0,24,0,32,0,0,0,17,0,15,0,0,0,72,0,112,0,40,0,28,0,0,0,20,0,69,0,51,0,73,0,72,0,127,0,39,0,42,0,22,0,4,0,0,0,0,0,0,0,0,0,0,0,20,0,0,0,0,0,0,0,0,0,0,0,0,0,12,0,0,0,0,0,0,0,14,0,5,0,0,0,0,0,0,0,0,0,0,0,3,0,4,0,0,0,10,0,297,0,21,0,47,0,3,0,4,0,4,0,14,3,13,0,0,0,0,0,6,0,35,0,29,0,0,0,43,0,0,0,0,0,0,0,0,0,0,0,0,0,0,0,4,0,56,100,451,19,18,0,4,27,0,0,0,0,0,0,0
0,0,0,0,8,0,0,0,0,0,0,65,32,143,0,3,0,0,14,92,2,35,0,10,0,0,18,553,0,0,0,1,0,8,0,9,0,17,0,0,87,104,3,269,0,0,73,294,16,119,11,34,0,2,0,0,0,0,0,0,0,4,0,0,0,0,0,0,0,12,0,14,0,3,0,25,0,18,0,0,0,38,0,38,0,16,0,20,0,4,0,0,0,8,0,38,0,0,0,0,0,10,0,0,0,0,0,0,0,0,0,0,0,0,0,0,0,0,0,0,0,12,0,15,0,0,0,0,0,0,0,6,0,0,0,0,0,0,0,0,0,20,0,9,0,0,0,0,0,0,0,0,0,0,0,0,0,0,0,0,0,0,0,2,0,245,0,9,0,93,0,0,0,4,0,0,0,44,0,0,0,0,0,0,0,0,7,76,0,0,0,0,0,0,0,7,0,0,0,0,0,0,0,0,0,0,0,0,0,0,0,0,0,0,17,0,0,1,45,289,281,8,2,0,124
36,0,18,0,100,0,1,0,11,0,106,0,431,81,4,0,2,0,66,10,1,0,0,0,0,0,244,119,0,0,0,0,0,0,0,0,0,0,0,0,163,110,55,0,265,73,0,419,199,182,17,0,0,0,0,0,0,0,0,0,0,0,0,0,0,0,0,0,8,0,0,0,0,0,0,0,0,0,0,0,0,0,26,0,0,0,0,0,0,0,0,0,18,0,6,0,0,0,0,0,0,0,0,0,0,0,0,0,2,0,0,0,0,0,0,0,0,0,0,0,0,0,0,0,9,0,0,0,0,0,0,0,0,0,0,0,0,0,0,0,0,0,0,0,0,0,0,0,0,0,0,0,0,0,0,0,0,0,0,0,0,0,0,0,78,0,0,0,0,0,0,0,0,0,4,0,11,41,20,0,5,0,12,0,4,0,98,0,0,0,0,0,0,0,0,0,0,0,0,0,0,0,0,0,0,0,0,0,3,0,0,386,277,3,0,0,0,115,0,22,0,0,0,0,4
0,20,0,5,17,74,0,0,0,0,0,150,198,440,0,0,0,0,92,40,17,3,0,0,0,0,225,220,0,0,0,0,0,0,13,0,0,0,0,0,678,121,41,50,24,294,419,0,19,100,59,29,0,0,0,0,0,0,0,0,0,0,0,0,0,0,0,0,0,3,0,0,0,0,0,0,0,2,0,0,0,0,0,14,0,0,0,0,0,0,0,0,0,0,0,6,0,0,0,0,0,0,0,0,0,0,0,0,0,0,0,0,0,0,0,0,0,0,0,0,0,0,0,0,0,0,0,0,0,0,0,0,0,0,0,0,0,0,0,0,0,0,0,0,0,0,0,0,0,0,0,0,0,0,0,0,0,0,0,0,0,0,0,0,0,46,0,1,0,26,0,0,0,0,0,0,0,98,0,1,0,0,0,0,0,0,79,26,0,0,0,0,0,0,0,0,0,3,0,0,0,0,0,0,0,0,0,0,0,0,0,0,0,0,0,0,0,0,0,552,129,0,0,0,62
47,0,53,0,51,0,64,0,31,0,19,0,25,3,11,0,3,0,0,0,7,0,5,0,9,1,12,0,0,0,0,0,1,0,0,0,1,0,0,0,105,11,13,0,157,16,199,19,0,74,7,0,11,0,44,0,26,0,34,0,4,0,2,0,0,0,2,0,15,0,0,0,0,0,0,0,3,0,0,0,5,0,28,0,0,0,5,0,3,0,0,0,47,0,14,0,0,0,4,0,21,0,38,0,19,0,5,0,2,0,0,0,0,0,0,0,0,0,0,0,0,0,0,0,0,0,3,0,0,0,0,0,0,2,0,0,0,1,0,0,0,0,0,0,0,0,0,0,0,0,0,0,16,1,2,1,0,0,0,0,11,0,0,0,58,2,4,0,3,0,3,0,4,0,0,0,145,11,9,0,17,1,5,0,0,0,119,0,16,0,12,0,8,0,11,0,0,0,15,0,6,0,20,0,15,0,0,0,0,0,72,84,458,36,95,4,5,19,0,3,2,2,0,0,2
0,0,0,0,0,3,0,0,0,0,0,31,0,222,0,0,0,0,0,0,0,0,0,6,0,0,0,34,0,0,0,0,0,0,0,0,0,0,0,0,128,396,3,16,36,119,182,100,74,0,0,0,0,0,0,1,0,0,0,0,0,0,0,1,0,0,0,0,0,4,0,0,0,0,0,0,0,9,0,0,0,0,0,24,0,1,0,0,0,2,0,0,0,3,0,6,0,0,0,0,0,0,0,0,0,0,0,0,0,0,0,0,0,0,0,0,0,0,0,0,0,0,0,0,0,0,0,0,0,0,0,2,0,0,0,0,0,1,0,0,0,0,0,0,0,0,0,0,0,0,0,0,0,3,0,0,0,2,0,0,0,0,0,0,1,77,0,0,0,21,0,0,0,0,0,0,0,127,0,7,0,0,0,0,0,0,57,174,0,0,0,0,0,0,0,0,0,0,0,0,0,0,0,0,0,0,0,0,0,0,0,25,2,0,0,0,0,3,2,46,25,0,4,0,84
0,0,0,0,59,0,12,0,3,0,0,0,191,47,41,0,22,0,437,52,72,2,0,0,0,0,404,90,5,0,47,0,5,0,53,0,112,0,0,0,12,8,79,1,151,11,17,59,7,0,0,1,0,0,0,0,3,0,11,0,0,0,0,0,0,0,1,0,3,0,28,0,12,0,33,0,16,0,6,0,64,0,43,0,22,0,0,0,0,0,14,0,23,0,0,0,31,0,104,0,78,0,14,0,8,0,0,0,0,0,0,0,0,0,0,0,0,0,0,0,25,0,0,0,0,0,0,0,0,0,0,0,0,0,0,0,0,0,0,0,8,0,11,0,20,0,0,0,0,0,0,0,0,0,4,0,0,0,0,0,5,0,13,0,123,0,60,0,70,0,23,0,35,0,0,0,21,1,39,0,0,0,0,0,0,0,47,0,0,0,0,0,0,0,0,0,0,0,0,0,10,0,0,0,0,0,0,0,0,0,59,78,195,20,28,0,0,0,0,0,0,0,0,0,0
0,6,0,0,0,58,0,0,0,0,0,15,6,192,0,6,0,0,11,242,1,37,0,0,0,1,4,451,0,1,0,3,0,16,0,22,0,119,0,5,0,38,0,89,0,34,0,29,0,0,1,0,0,1,0,0,0,0,0,54,0,3,0,0,0,0,0,4,0,0,0,22,0,0,0,54,0,0,0,0,0,57,0,17,0,27,0,25,0,0,0,0,0,0,0,0,0,0,0,11,0,0,0,0,0,0,0,0,0,0,0,0,0,0,0,0,0,0,0,0,0,49,0,40,0,0,0,0,0,0,0,0,0,0,0,0,0,0,0,0,0,80,0,21,0,34,0,0,0,0,0,0,0,0,0,4,0,0,0,0,0,20,0,13,0,67,0,55,0,95,0,20,0,37,0,0,0,0,0,2,0,0,0,0,0,0,0,50,0,0,0,0,0,0,0,0,0,0,0,0,0,0,0,0,0,0,0,0,0,0,0,0,0,0,28,0,0,0,106,86,138,13,0,0,0
17,5,12,0,0,0,298,21,339,55,0,0,0,0,8,0,74,0,14,0,6,0,10,0,60,2,11,0,6,0,1,0,2,0,0,0,0,0,7,0,0,0,1,0,0,0,0,0,11,0,0,0,0,0,195,21,137,0,40,16,10,0,48,3,1,0,3,22,0,0,2,0,0,0,0,0,0,0,0,0,0,0,0,0,15,0,0,0,0,0,5,0,0,0,0,0,0,0,14,0,0,0,0,0,0,0,0,0,0,0,0,0,0,0,0,0,0,0,0,0,0,0,12,0,0,0,10,0,44,0,16,0,9,0,14,0,35,0,141,0,50,0,24,0,16,0,0,0,0,0,5,0,0,0,682,0,29,0,274,0,46,0,21,0,4,0,2,0,8,0,69,0,5,0,0,0,0,1,0,0,0,0,7,0,2,0,0,0,0,0,0,0,0,0,0,0,0,0,0,0,0,0,0,0,0,0,0,0,3,0,65,36,140,110,44,1,9,1,0,0,1,0,0,0,0
0,21,0,0,0,8,18,15,37,94,0,10,0,0,0,9,0,65,0,19,0,36,0,32,2,7,0,21,0,7,0,0,0,6,0,0,0,6,0,7,0,0,0,0,0,2,0,0,0,0,0,1,0,0,17,94,1,180,14,40,0,15,3,62,1,0,3,1,0,0,0,0,0,0,0,0,0,0,0,0,0,0,0,1,0,26,0,0,0,0,0,0,0,0,0,0,0,0,0,0,0,0,0,0,0,0,0,0,0,0,0,0,0,0,0,0,0,0,0,0,0,0,0,0,0,0,0,0,0,95,0,14,0,19,1,9,0,88,0,236,0,52,0,42,0,27,0,0,0,0,0,0,0,0,0,218,0,16,1,206,0,21,0,2,0,0,0,0,0,0,0,31,0,14,0,0,0,3,0,0,0,0,0,11,0,0,0,0,0,0,0,0,0,0,0,0,0,0,0,0,0,0,0,0,0,0,0,0,0,15,0,0,0,0,15,0,0,0,30,55,50,44,0,14,0
3,8,121,0,0,0,273,28,49,241,0,0,0,0,65,0,16,0,20,0,28,0,101,0,183,14,0,0,7,0,6,0,0,0,0,0,0,0,0,0,0,0,0,0,0,0,0,0,44,0,0,0,195,17,0,58,176,0,73,34,44,0,45,28,0,1,1,12,1,0,0,0,0,0,0,0,0,0,0,0,0,0,0,0,0,0,0,0,0,0,0,0,0,0,0,0,0,0,0,0,0,0,5,0,0,0,0,0,0,0,0,0,0,0,0,0,0,0,0,0,0,0,0,0,38,0,39,0,47,1,117,0,31,0,143,0,88,0,0,0,0,4,48,1,0,0,0,0,0,0,15,0,0,0,302,0,63,1,52,0,265,0,14,0,5,0,10,0,12,0,304,0,21,1,0,0,0,0,0,0,0,0,0,0,1,0,0,0,0,0,0,0,0,0,0,0,0,0,43,0,0,0,0,0,0,0,0,0,36,0,288,48,483,277,207,11,62,1,3,0,4,0,0,0,0
4,10,0,80,0,15,66,175,290,72,0,0,0,0,0,66,0,38,0,0,0,0,0,31,10,290,0,0,0,7,0,0,0,9,0,6,0,0,0,7,0,0,0,0,0,0,0,0,0,1,0,0,21,94,58,0,3,132,36,28,2,102,13,77,0,0,24,0,0,0,0,0,0,0,0,0,0,3,0,0,0,0,0,0,0,0,0,0,0,0,0,0,0,0,0,0,0,0,0,0,0,0,0,0,0,5,0,0,0,0,0,0,0,0,0,0,0,0,0,0,0,0,0,0,0,0,0,0,0,32,0,38,0,69,0,168,0,236,0,58,0,14,0,11,0,2,0,0,0,0,0,0,0,0,0,186,0,69,0,32,0,51,0,8,0,10,0,3,0,25,0,240,0,71,0,0,0,0,0,1,0,0,1,8,1,0,0,0,0,0,0,0,0,0,0,0,0,0,0,23,0,0,0,0,0,0,0,14,0,200,3,0,5,2,271,0,0,0,549,175,557,315,19,218,0
0,0,0,0,0,0,33,0,5,0,0,0,0,0,0,0,23,0,0,0,0,0,0,0,10,0,0,0,3,0,0,0,0,0,2,0,0,0,0,0,0,0,0,0,10,0,0,0,26,0,3,0,137,1,176,3,0,0,154,23,5,0,4,0,23,30,12,41,0,0,0,1,0,0,0,0,0,0,0,0,0,2,0,0,0,0,0,0,0,0,0,0,0,0,0,0,0,0,0,0,0,0,0,0,0,0,0,0,0,0,0,0,0,0,0,0,0,0,0,0,0,0,0,0,10,0,0,0,0,0,50,0,9,0,0,0,0,0,17,0,1,0,0,0,19,1,3,0,0,1,2,0,0,0,232,5,51,0,70,3,273,17,87,0,8,0,8,0,9,0,110,0,4,0,0,1,0,0,0,0,0,2,0,0,0,0,0,0,0,0,0,0,0,0,0,0,0,0,0,0,0,0,0,0,0,0,0,0,5,0,339,82,490,393,572,11,43,0,1,1,3,0,0,0,0
0,2,0,0,0,0,1,4,0,2,0,0,0,0,0,0,0,14,0,0,0,0,0,0,0,20,0,0,0,5,0,0,0,0,0,0,0,0,0,0,0,0,0,0,0,0,0,0,0,0,0,0,0,180,0,132,0,0,0,55,0,3,0,24,0,2,4,2,0,0,0,0,0,0,0,0,0,3,0,0,0,0,0,0,0,0,0,0,0,0,0,0,0,1,0,1,0,0,0,0,0,0,0,0,0,0,0,0,0,0,0,0,0,0,0,0,0,0,0,0,0,0,0,0,0,5,0,9,0,49,0,46,0,26,0,33,0,81,0,52,0,0,0,0,0,5,0,0,0,2,0,0,0,0,0,307,0,39,0,117,0,119,0,36,0,0,0,7,0,22,0,160,0,10,0,0,0,0,0,0,0,0,0,0,0,0,0,0,0,0,0,0,0,0,0,0,0,0,0,0,0,0,0,0,0,0,0,0,0,79,0,0,0,0,185,0,0,0,317,41,505,212,24,105,0
2,0,0,0,0,0,48,0,38,87,0,0,0,0,0,0,2,0,0,0,0,0,0,0,0,0,0,0,0,0,0,0,0,0,2,0,22,0,3,0,0,0,0,0,8,0,0,0,34,0,11,0,40,14,73,36,154,0,0,191,15,0,5,0,76,69,144,323,0,0,0,0,0,0,0,0,0,0,0,0,2,0,0,0,0,0,0,0,0,0,0,0,0,0,0,0,0,0,0,0,0,0,0,0,0,0,0,0,0,0,0,0,0,0,0,0,0,0,0,0,0,0,0,0,13,0,0,0,0,0,41,0,0,0,0,0,0,0,11,1,0,0,0,0,17,0,3,0,7,0,2,0,0,0,182,17,199,4,13,16,111,6,11,0,4,0,5,0,6,0,119,0,23,0,0,0,0,0,0,0,4,0,0,0,9,14,0,0,0,0,0,0,0,0,0,0,0,0,0,0,0,0,0,0,0,0,1,0,0,0,552,483,445,559,848,24,77,0,0,0,0,0,0,0,0
0,12,0,0,0,0,0,6,144,89,0,0,0,0,0,0,0,0,0,7,0,0,0,0,0,3,0,0,0,1,0,0,1,0,0,14,0,10,0,0,0,0,0,0,0,0,0,0,0,0,0,54,16,40,34,28,23,55,191,0,0,53,0,0,41,113,227,241,0,0,0,0,0,0,0,0,0,3,0,0,0,0,0,0,0,0,0,0,0,1,0,0,0,0,0,0,1,0,0,0,0,0,0,0,0,0,0,0,0,0,0,0,0,0,0,0,0,0,0,0,0,0,0,0,0,23,0,13,0,8,0,176,0,22,0,0,0,0,4,2,0,0,0,0,3,29,0,4,0,15,0,0,0,0,23,89,0,245,11,54,0,137,0,0,0,9,0,0,0,22,1,153,0,40,0,0,0,8,0,0,1,0,0,0,55,11,0,0,0,0,0,0,0,0,0,0,0,0,0,1,0,0,0,0,0,0,0,0,0,26,9,2,0,2,849,0,0,0,1464,386,751,696,108,363,0
122,10,33,0,0,0,334,4,177,5,0,0,0,0,3,0,14,0,0,0,0,0,0,0,29,13,0,0,3,0,2,0,13,0,0,0,11,0,13,0,0,0,0,0,1,0,0,0,4,0,0,0,10,0,44,2,5,0,15,0,0,0,28,0,0,0,0,0,0,0,3,0,0,0,6,0,0,0,0,0,0,0,0,0,0,0,0,0,0,0,0,0,0,0,0,0,0,0,0,0,0,0,0,0,0,0,0,0,0,0,0,0,0,0,0,0,0,0,0,0,0,0,8,0,0,1,0,0,0,0,0,0,0,0,0,0,0,0,92,0,55,0,17,0,75,0,0,0,0,0,0,0,0,0,33,0,143,0,37,0,0,0,5,0,0,0,0,0,2,0,104,0,60,0,0,0,8,3,0,0,0,0,26,0,0,0,0,0,0,0,0,0,0,0,0,0,0,0,0,0,0,0,0,0,0,0,0,0,0,0,89,89,65,86,30,0,15,0,0,0,0,0,0,0,0
5,139,0,9,0,9,0,363,7,378,0,0,0,0,0,0,0,43,0,23,0,10,0,4,2,147,0,14,0,16,0,0,0,22,0,12,0,42,0,7,0,0,0,0,0,4,0,0,0,0,0,3,0,15,0,102,0,3,0,53,0,0,0,44,0,0,0,0,0,0,0,2,0,0,0,0,0,0,0,0,0,0,0,0,0,0,0,0,0,0,0,0,0,0,0,0,0,0,0,0,0,1,0,0,0,0,0,0,0,0,0,0,0,0,0,0,0,0,0,0,0,0,0,0,0,0,0,0,0,0,0,0,0,0,0,0,0,9,0,168,0,39,0,0,0,303,0,0,0,0,0,0,0,0,0,38,0,263,0,74,0,2,0,4,0,0,0,4,0,0,0,47,0,84,0,0,0,38,0,0,0,0,0,12,0,0,0,0,0,0,0,0,0,0,0,0,0,0,0,0,0,0,0,0,0,0,0,0,0,0,0,0,0,0,6,0,0,0,21,94,52,14,0,9,0
86,19,23,0,0,0,481,46,212,65,0,0,0,0,0,0,204,2,0,0,72,0,20,0,101,36,32,0,46,0,23,0,10,0,0,0,7,0,29,0,0,0,4,0,0,0,0,0,2,0,0,0,48,3,45,13,4,0,5,0,28,0,0,11,0,0,0,0,0,0,0,0,0,0,0,0,0,0,0,0,0,0,0,0,0,0,0,0,0,0,0,0,0,0,0,0,0,0,0,0,0,0,0,0,0,0,0,0,0,0,0,0,0,0,0,0,0,0,0,0,0,0,4,0,0,0,0,0,5,0,5,0,2,0,0,0,10,0,52,0,10,0,7,0,13,0,0,1,0,0,3,0,0,0,90,0,20,0,58,0,12,0,0,0,0,0,0,0,0,0,8,0,1,0,0,0,11,6,0,0,0,0,49,0,8,0,0,0,0,0,0,0,0,0,0,0,0,0,0,0,0,0,0,0,0,0,0,0,0,0,13,10,16,19,7,0,0,0,2,0,0,0,0,0,0
13,31,2,3,0,5,45,128,69,123,0,4,0,0,0,45,0,258,0,44,0,119,0,187,9,62,0,13,0,51,0,0,0,16,0,5,0,6,0,20,0,0,0,6,0,0,0,0,0,1,0,0,3,62,28,77,0,24,0,0,0,44,11,0,1,0,0,0,0,0,0,0,0,0,0,0,0,0,0,0,0,0,0,0,0,0,0,0,0,0,0,0,0,0,0,0,0,0,0,0,0,0,0,0,0,0,0,0,0,0,0,0,0,0,0,0,0,0,0,0,0,0,0,0,0,0,0,0,0,45,0,0,0,0,0,0,0,83,0,141,0,78,0,40,0,32,0,0,0,0,0,0,0,0,0,136,0,26,0,83,0,6,0,0,0,0,0,0,0,1,0,5,0,7,0,0,0,8,0,0,0,0,0,15,0,0,0,0,0,0,0,0,0,0,0,0,0,0,0,0,0,0,0,0,0,0,0,0,0,6,0,0,2,0,14,0,0,0,14,14,35,26,0,0,0
16,0,0,0,0,0,52,0,156,0,7,0,0,0,10,0,0,0,0,0,0,0,0,0,0,0,0,0,0,0,1,0,0,0,0,0,0,0,0,0,0,0,0,0,0,0,0,0,0,0,0,0,1,1,0,0,23,0,76,41,0,0,0,1,0,120,163,47,0,0,1,1,0,0,0,2,0,0,0,0,1,2,0,0,0,0,0,0,0,0,0,0,0,0,0,0,0,0,0,0,0,0,0,0,0,0,0,0,0,0,0,0,0,0,0,0,0,0,0,0,1,0,0,0,23,0,0,0,0,0,35,0,0,0,0,0,0,0,7,6,2,0,0,0,32,6,24,0,62,0,3,0,0,0,0,23,0,0,0,26,326,100,2,0,0,0,0,0,0,0,0,0,0,0,0,3,0,0,0,0,154,9,13,0,110,0,0,0,0,0,0,0,0,0,0,0,0,0,0,0,0,0,0,0,0,0,0,0,1,0,58,0,0,0,61,0,0,0,1,0,0,2,0,0,0
0,91,0,0,0,0,0,8,0,261,0,45,0,4,0,0,0,0,0,0,0,0,0,0,5,0,0,7,0,0,0,0,0,0,0,0,0,4,0,0,0,0,0,0,0,0,0,0,0,0,0,0,0,0,1,0,30,2,69,113,0,0,0,0,120,0,56,303,0,0,0,23,0,0,3,52,0,0,0,0,0,15,0,0,0,4,0,9,0,0,0,0,0,0,0,0,11,0,0,2,7,6,0,0,0,0,0,0,0,0,0,0,0,0,0,0,0,0,0,0,0,0,0,0,0,35,0,37,0,0,35,85,0,0,5,0,0,0,66,42,0,22,0,0,63,101,9,38,51,209,8,10,12,3,19,0,0,2,88,5,243,150,0,0,0,0,0,0,0,0,0,0,0,0,0,35,0,0,0,0,47,72,0,12,13,114,0,0,0,0,0,0,0,0,0,0,0,0,0,0,0,0,0,0,0,0,0,0,0,24,7,0,0,2,82,0,0,0,170,31,31,0,0,0,2
9,0,0,0,0,0,103,0,157,35,0,0,0,0,2,0,0,0,1,0,0,0,0,0,0,0,0,0,0,0,0,0,0,0,0,0,0,0,0,0,0,0,0,0,0,0,0,0,2,0,1,0,3,3,1,24,12,4,144,227,0,0,0,0,163,56,0,263,0,0,0,0,0,0,0,0,0,0,0,0,0,0,0,0,0,0,0,0,0,0,0,0,0,0,0,0,0,0,0,0,0,0,0,0,0,0,0,0,0,0,0,0,0,0,0,0,0,0,0,0,0,0,0,0,0,0,0,0,0,0,6,0,0,0,0,0,0,0,0,0,0,0,0,0,7,1,2,0,10,0,0,0,0,0,13,18,5,0,0,6,62,10,0,0,0,0,0,0,0,0,2,0,3,1,0,0,6,0,0,0,16,0,0,0,180,9,0,0,0,0,0,0,0,0,0,0,0,0,0,0,0,0,0,0,0,0,0,0,0,0,24,42,12,26,57,0,0,0,0,0,0,0,0,0,0
0,17,0,0,0,1,0,16,88,199,0,1,0,0,0,0,0,0,0,0,0,0,0,0,0,0,0,0,0,0,0,0,0,0,0,0,0,2,0,0,0,0,0,0,0,0,0,0,0,0,0,4,22,1,12,0,41,2,323,241,0,0,0,0,47,303,263,0,0,0,0,0,0,0,0,0,0,0,0,0,0,0,0,0,0,0,0,0,0,0,0,0,0,0,0,0,0,0,0,0,0,0,0,0,0,0,0,0,0,0,0,0,0,0,0,0,0,0,0,0,0,0,0,0,0,6,0,6,0,0,0,35,0,0,0,0,0,1,10,1,0,0,0,0,0,15,0,4,0,17,0,1,0,0,40,3,0,19,19,4,31,54,0,6,0,0,0,0,0,0,1,4,0,0,0,1,0,27,0,0,1,0,0,0,51,206,0,0,0,0,0,0,0,0,0,0,0,0,0,0,0,0,0,0,0,0,0,0,0,0,3,0,0,0,134,0,0,0,223,161,50,0,6,0,0
0,0,0,0,0,0,0,0,1,0,0,0,0,0,0,0,0,0,0,0,0,0,0,0,0,0,10,0,0,0,0,0,0,0,0,0,0,0,0,0,0,0,0,0,24,0,8,0,15,0,3,0,0,0,1,0,0,0,0,0,0,0,0,0,0,0,0,0,0,0,0,0,0,0,0,0,106,0,2,0,0,0,28,0,0,0,0,0,18,0,0,0,123,0,8,0,4,0,6,0,11,0,317,0,14,0,15,0,82,0,25,0,26,0,1,0,1,0,0,0,0,0,0,0,0,0,0,0,0,0,0,0,0,0,0,4,0,0,0,0,0,0,0,0,0,0,0,0,0,0,9,0,0,0,0,0,0,0,0,0,0,0,2,0,92,0,0,0,84,0,1,0,2,0,0,0,0,0,0,0,0,0,0,0,0,0,1,0,18,0,0,0,17,0,23,0,0,0,6,0,0,0,21,0,0,0,0,0,0,0,86,8,103,6,9,51,121,5,0,0,0,0,0,0,0
0,0,0,0,0,0,0,0,0,0,0,0,0,0,0,0,0,0,0,0,0,1,0,0,0,0,0,0,0,0,0,0,0,0,0,0,0,0,0,0,0,0,0,0,0,12,0,3,0,4,0,0,0,0,0,0,0,0,0,0,0,0,0,0,0,0,0,0,0,0,0,0,0,0,0,0,0,18,0,0,0,4,0,17,0,0,0,0,0,52,0,0,0,85,0,58,0,0,0,3,0,18,0,128,0,0,0,0,0,22,0,10,0,18,0,0,0,4,0,0,0,1,0,0,0,0,0,0,0,0,0,1,0,0,0,0,0,0,0,0,0,0,0,0,0,0,0,0,0,0,0,0,0,0,0,0,0,0,0,0,0,1,0,2,0,25,0,0,0,43,0,1,0,0,0,0,0,0,0,0,0,0,0,0,0,0,0,0,0,10,0,3,0,0,0,0,0,5,0,0,0,12,0,0,0,0,0,0,0,0,0,0,0,0,0,0,0,0,19,11,45,6,7,34,3
0,0,0,0,0,0,0,0,0,0,0,0,0,0,0,0,10,0,7,0,19,0,0,0,0,0,63,0,10,0,19,0,13,0,31,0,152,0,6,0,0,0,80,0,32,0,0,0,0,0,28,0,2,0,0,0,0,0,0,0,3,0,0,0,1,0,0,0,0,0,0,0,266,0,221,0,0,0,193,0,0,0,0,1,0,0,28,0,0,0,0,0,0,0,0,0,0,0,0,0,0,0,0,0,0,0,0,0,0,0,0,0,0,0,0,0,0,0,0,0,30,0,4,0,40,6,0,0,26,0,51,12,42,0,0,0,0,0,1,0,34,0,13,0,84,0,0,0,30,0,0,0,0,8,0,0,10,0,8,0,21,0,58,0,1,0,15,0,16,0,26,0,88,0,7,0,0,0,0,0,27,12,0,0,0,2,0,0,0,0,0,0,0,0,0,0,0,0,0,0,0,0,0,0,0,0,0,0,0,0,53,0,19,2,7,0,0,0,4,0,0,6,0,0,0
0,0,0,0,0,0,0,0,0,0,0,2,0,0,0,0,0,3,0,0,0,31,0,0,0,0,0,0,0,0,0,0,0,0,0,25,0,11,0,0,0,0,0,0,0,14,0,0,0,0,0,22,0,0,0,0,1,0,0,0,0,2,0,0,1,23,0,0,0,0,0,0,0,220,0,318,0,10,0,5,1,0,0,0,0,0,0,46,0,0,0,0,0,0,0,0,0,0,0,0,0,0,0,0,0,0,0,0,0,0,0,0,0,0,0,0,0,0,0,0,0,8,0,14,0,50,1,93,0,21,0,61,0,107,0,0,0,101,0,0,0,24,0,0,0,147,0,0,0,38,0,0,0,11,0,0,0,6,3,0,11,14,0,41,0,2,0,15,0,10,0,26,0,36,0,3,0,0,0,0,7,37,0,0,0,7,0,0,0,0,0,0,0,0,0,0,0,0,0,0,0,0,0,0,0,0,0,0,0,0,0,0,0,0,5,0,0,0,12,0,13,0,0,0,0
2,0,0,0,0,0,0,0,0,0,0,0,0,0,0,0,4,0,0,0,0,0,0,0,0,0,0,0,2,0,0,0,0,0,0,0,27,0,0,0,0,0,0,0,0,0,0,0,0,0,12,0,0,0,0,0,0,0,0,0,0,0,0,0,0,0,0,0,0,0,266,0,0,0,108,0,65,0,358,0,7,2,29,0,6,0,14,0,0,0,0,0,4,0,0,3,0,0,0,0,0,0,0,0,0,0,0,0,0,0,0,0,0,0,0,0,0,0,0,0,42,0,7,0,100,0,0,0,52,0,120,0,81,0,83,0,74,0,2,0,42,0,0,0,87,0,0,0,0,0,89,0,0,10,0,0,0,0,40,0,7,0,92,0,0,0,4,0,42,0,27,0,35,0,0,0,0,0,0,0,0,0,0,0,0,0,0,0,3,0,0,0,0,0,0,0,0,0,69,0,46,0,0,0,0,0,0,0,130,0,297,20,46,0,15,0,0,0,0,0,0,0,0,0,0
0,0,0,0,0,0,1,0,0,0,0,0,0,0,0,0,0,0,0,0,0,10,0,0,0,0,0,0,0,0,0,0,0,0,0,0,0,0,0,0,0,0,0,0,0,3,0,0,0,0,0,0,0,0,0,0,0,0,0,0,0,0,0,0,0,0,0,0,0,0,0,220,0,0,0,419,0,158,0,60,0,12,0,9,0,21,0,257,0,0,0,0,0,0,0,1,0,0,0,0,3,0,0,0,0,0,0,0,0,0,0,0,0,0,0,0,0,0,0,0,0,14,0,30,5,61,2,167,0,39,0,63,0,137,0,0,0,170,0,5,0,32,0,0,0,87,0,0,7,0,0,0,0,0,0,0,0,0,0,0,0,0,0,99,0,2,0,0,0,16,0,18,0,4,0,11,0,0,0,0,0,25,0,0,0,0,0,0,0,38,0,0,0,0,0,0,0,0,0,65,2,86,0,0,0,25,0,0,0,109,0,0,0,0,18,0,0,0,61,2,30,0,0,0,0
1,0,0,0,0,0,0,0,0,0,0,0,0,0,0,0,10,0,6,0,21,0,0,0,0,0,51,0,18,0,13,0,17,0,30,0,94,0,6,0,0,0,48,0,17,0,0,0,0,0,33,0,0,0,0,0,0,0,0,0,6,0,0,0,0,3,0,0,0,0,221,0,108,0,0,5,3,0,199,0,26,2,12,0,88,0,37,0,0,0,0,0,0,0,5,1,13,0,0,0,3,5,0,0,0,0,0,0,0,0,0,0,0,0,0,0,0,0,0,0,118,0,24,0,71,0,0,10,26,4,51,27,0,12,166,15,104,0,8,0,71,0,57,9,122,0,83,0,35,19,174,0,50,16,0,0,14,0,0,0,9,0,34,0,2,0,9,0,4,0,0,0,50,0,9,0,0,0,0,0,56,19,1,0,0,0,0,0,0,0,0,0,0,0,0,0,0,0,135,0,70,0,0,0,6,0,66,0,163,0,27,7,5,0,0,0,0,0,7,0,9,0,0,0,0
0,0,0,0,0,0,0,0,0,0,0,0,0,0,0,0,1,0,0,0,0,102,0,16,2,0,0,0,0,0,0,0,0,0,0,59,0,42,0,0,0,0,0,0,0,25,0,0,0,0,0,54,0,0,0,0,0,0,0,0,0,0,0,0,2,52,0,0,0,0,0,318,0,419,5,0,0,51,0,125,0,20,0,13,0,26,0,264,0,0,0,0,0,0,0,0,0,0,1,0,0,0,0,0,0,0,0,0,0,0,0,0,0,0,0,0,0,0,0,0,0,247,0,45,9,108,0,313,0,0,44,104,0,163,6,209,0,291,0,0,0,98,4,96,0,266,14,0,17,114,0,0,0,41,0,1,0,8,7,0,16,20,0,79,0,0,0,51,0,29,0,34,0,62,1,31,0,1,0,0,29,112,0,0,0,5,0,0,0,0,0,0,0,0,0,0,0,0,0,114,0,80,0,55,1,0,0,0,0,247,6,0,0,0,4,0,0,0,35,0,18,6,0,0,0
0,0,0,0,0,0,0,0,0,0,0,0,0,0,0,0,0,0,0,0,0,0,0,0,0,0,0,0,0,0,0,0,0,0,0,0,0,0,0,0,0,0,0,0,15,0,0,0,3,0,16,0,0,0,0,0,0,0,0,0,0,0,0,0,0,0,0,0,106,0,0,0,65,0,3,0,0,0,88,0,39,0,88,0,20,0,64,0,0,0,12,2,58,0,31,0,26,0,0,0,6,0,45,0,75,0,19,0,51,0,0,0,0,0,14,0,2,0,0,0,1,0,0,0,0,0,0,0,0,0,0,0,0,0,0,0,0,0,0,0,0,0,18,0,0,0,9,0,0,0,22,0,0,6,0,0,0,0,0,0,0,0,0,0,49,0,0,0,30,0,0,0,0,0,0,0,0,0,0,0,14,0,0,0,0,0,0,0,94,0,46,0,65,0,50,0,4,0,0,0,50,2,0,0,81,0,0,0,0,0,116,11,38,2,0,3,1,0,1,0,0,0,0,0,0
0,0,0,0,0,0,0,0,0,0,0,0,0,0,0,0,0,0,0,0,0,0,0,0,0,0,0,0,0,0,0,0,0,0,0,0,0,0,0,0,0,0,0,0,0,18,0,2,0,9,0,0,0,0,0,3,0,3,0,3,0,0,0,0,0,0,0,0,0,18,0,10,0,158,0,51,0,0,0,29,0,99,0,219,0,13,0,357,0,15,0,7,0,48,0,86,0,32,0,41,0,48,0,147,0,42,0,43,0,53,0,0,0,6,0,1,0,6,0,0,0,17,0,21,0,0,0,0,0,0,0,0,0,0,0,68,0,0,0,0,0,6,0,0,0,0,0,0,0,0,0,0,0,0,0,0,0,1,0,0,0,0,0,11,0,34,0,0,0,100,0,5,0,0,0,0,0,3,0,0,0,0,0,0,0,0,0,2,0,144,0,0,0,0,0,74,0,0,0,0,0,104,0,0,0,51,0,0,0,0,0,0,0,0,12,0,0,0,109,10,125,4,38,6,2
1,0,0,0,0,0,0,0,0,0,0,0,0,0,0,0,0,0,0,0,0,0,0,0,0,0,0,0,0,0,0,0,0,0,0,0,0,0,0,0,0,0,0,0,0,0,0,0,0,0,6,0,0,0,0,0,0,0,0,0,0,0,0,0,0,0,0,0,2,0,193,0,358,0,199,0,88,0,0,1,55,0,78,0,78,0,113,0,0,0,0,0,4,0,7,0,46,0,16,0,0,0,13,0,11,0,17,0,16,0,0,0,0,0,4,0,0,0,0,0,96,0,34,0,0,0,0,0,0,0,0,0,0,0,161,0,55,0,0,0,47,0,65,5,25,0,0,0,0,0,0,0,25,14,0,0,0,0,0,0,4,0,8,0,0,0,0,0,35,0,0,0,0,0,0,0,0,0,0,0,32,0,0,0,0,0,0,0,0,0,12,0,49,0,6,0,0,0,181,0,103,0,0,1,56,0,0,0,159,0,224,0,23,0,15,0,0,0,2,0,0,0,0,0,0
