0,227,26,112,50,68,47,0,67,0,56,0,58,0,23,157,0,142,15,5,6,0,6,303,3,229,24,0,0,19,0,0,48,7,0,0,22,0,741,0,0,0,0,0,0,0,0,0,0,0,0,0,0,0,10,0,2,0,10,0,139,0,0,28,10,0,0,0,0,0,0,0,0,0,0,0,0,0,0,0,0,0,0,0,0,0,0,0,0,0,0,0,0,0,0,0,0,0,0,0,0,0,0,0,0,0,0,0,0,0,0,0,0,0,0,0,0,0,0,0,0,0,0,0,0,0,14,0,0,0,18,0,0,0,2,0,4,0,0,0,0,0,0,0,0,0,0,0,10,0,0,0,0,0,0,0,0,0,0,0,7,0,0,0,0,0,0,0,0,0,27,0,112,0,0,0,466,149,17,0,0,0,87,0,8,0,0,0,0,0,0,0,0,0,0,0,0,0,0,0,0,0,0,0,0,0,0,0,5,0,448,273,0,0,165,0,0,0,0,10,0,0,0,0,0
227,0,238,78,0,171,147,58,68,37,0,230,0,87,0,22,47,0,0,157,67,0,141,34,68,13,0,139,21,151,0,0,4,214,0,0,0,125,0,418,0,0,0,0,0,52,0,0,0,4,0,10,0,0,0,3,0,0,0,13,0,169,66,186,0,45,0,7,0,0,0,0,0,0,0,0,0,0,0,0,0,0,0,0,0,0,0,0,0,0,1,0,0,0,0,0,0,0,0,0,0,0,0,0,0,0,0,0,0,0,0,0,0,0,0,0,0,0,0,1,0,0,0,0,0,29,0,14,0,0,0,14,0,10,0,71,0,33,0,0,0,0,0,0,0,0,0,38,0,94,0,33,0,72,0,0,0,0,0,0,0,9,0,6,0,10,0,6,0,27,0,16,0,196,0,9,88,524,0,8,0,24,0,79,0,74,0,1,0,0,0,0,0,0,0,0,0,0,0,0,0,0,0,0,0,0,0,56,0,87,0,1,0,0,291,0,0,0,1150,280,391,0,5,7,0
26,238,0,100,145,92,71,0,7,27,53,42,44,0,222,138,24,91,46,0,30,0,56,198,41,107,0,0,152,0,80,0,0,14,0,0,0,0,667,12,0,0,0,0,0,0,0,0,42,0,0,0,12,0,66,0,5,0,7,0,139,0,142,0,0,0,0,0,0,0,0,0,0,0,0,0,0,0,0,0,0,0,0,0,0,0,0,0,0,0,0,0,0,0,0,0,0,0,0,0,0,0,0,0,0,0,0,0,0,0,0,0,0,0,0,0,0,0,0,0,0,0,0,0,0,0,61,0,0,0,22,0,0,0,79,0,22,0,0,0,0,0,0,0,0,0,5,0,0,0,0,0,5,0,0,0,0,0,0,0,8,0,0,0,22,0,0,0,0,0,0,0,173,0,0,0,79,91,0,0,0,0,0,0,4,0,0,0,0,0,0,0,1,0,0,0,0,0,0,0,0,0,0,0,0,0,5,0,47,0,908,186,288,0,618,0,0,1,4,11,0,0,0,0,0
112,78,100,0,0,34,0,85,0,3,0,14,0,3,0,113,0,42,0,136,0,0,58,118,0,34,0,28,0,247,0,0,0,183,0,0,0,23,0,275,0,0,0,0,0,0,0,0,0,3,0,0,0,0,0,23,0,0,0,3,0,0,9,66,0,0,0,0,0,0,0,0,0,0,0,0,0,0,0,0,0,0,0,0,0,0,0,0,0,0,0,0,0,0,0,0,0,0,0,0,0,0,0,0,0,0,0,0,0,0,0,0,0,0,0,0,0,0,0,0,0,0,0,0,0,16,0,0,0,0,0,0,0,16,0,258,0,223,0,0,0,6,0,0,0,0,0,0,0,19,0,0,0,21,0,0,0,0,0,0,0,0,0,0,0,0,0,0,0,0,0,0,0,115,0,0,17,112,0,6,0,0,0,0,0,8,0,0,0,0,0,0,0,0,0,0,0,0,0,0,0,0,0,0,0,0,0,36,0,110,0,0,0,0,186,0,0,0,400,53,282,0,2,0,1
50,0,145,0,0,274,25,0,40,0,160,118,462,240,178,319,0,0,184,462,136,179,9,115,2,0,219,0,0,0,144,0,283,0,151,0,152,0,238,0,86,0,0,0,36,0,51,0,9,0,20,0,1,0,5,0,0,0,0,0,0,0,0,1,16,0,0,0,0,0,0,0,0,0,0,0,0,0,0,0,0,0,0,0,0,0,0,0,0,0,0,0,0,0,0,0,0,0,0,0,0,0,0,0,0,0,0,0,0,0,0,0,0,0,0,0,0,0,0,0,0,0,0,0,0,0,0,0,0,0,11,0,0,0,56,0,0,0,0,0,0,0,0,0,0,0,0,0,0,0,57,0,0,0,0,0,0,0,0,0,0,0,0,1,0,0,106,0,0,0,0,0,156,0,0,0,325,115,121,0,15,0,47,0,31,0,0,0,0,0,0,0,2,0,0,0,0,0,8,0,0,0,0,0,0,0,0,0,54,0,834,548,355,0,308,0,0,0,0,40,0,0,0,0,0
68,171,92,34,274,0,0,44,0,15,149,243,0,163,284,89,18,13,81,395,212,300,166,100,0,6,0,425,0,69,66,304,0,425,0,165,0,141,0,0,0,31,0,0,0,0,0,66,0,9,0,35,0,0,0,0,0,0,0,4,0,0,0,0,0,17,0,0,0,0,0,4,0,0,0,0,0,0,0,0,0,0,0,0,0,0,0,7,0,0,0,0,0,0,0,0,0,0,0,0,0,0,0,0,0,0,0,0,0,0,0,0,0,0,0,0,0,0,0,1,0,0,0,0,0,0,0,15,0,0,0,0,0,0,0,0,0,75,0,0,0,0,0,0,0,0,0,0,0,0,0,0,0,68,0,0,0,0,0,0,0,0,0,0,0,0,0,0,0,0,0,0,0,90,0,0,102,531,38,20,0,23,0,10,0,29,0,4,0,0,0,0,0,0,0,0,0,0,0,0,0,0,0,0,0,0,0,0,0,96,0,8,0,0,143,0,0,0,788,404,695,121,0,2,0
47,147,71,0,25,0,0,0,19,201,22,2,0,0,22,0,0,54,0,2,0,0,18,0,29,232,0,0,0,0,3,0,0,0,0,0,0,0,74,0,0,0,0,0,5,0,0,0,0,0,0,0,107,16,86,52,10,0,29,0,312,13,294,85,0,0,0,0,0,0,0,0,0,0,0,0,0,0,0,0,0,0,0,0,0,0,0,0,0,0,0,0,0,0,0,0,0,0,0,0,0,0,0,0,0,0,0,0,0,0,0,0,0,0,0,0,1,0,0,0,0,0,0,0,0,0,97,0,0,0,52,0,18,0,34,0,6,0,0,0,0,0,0,0,0,0,0,0,7,0,0,0,0,0,0,0,0,0,0,0,12,0,0,0,15,0,0,0,0,0,210,0,53,0,0,0,143,76,0,0,0,0,2,0,0,0,0,0,0,0,0,0,0,0,0,0,0,0,0,0,0,0,0,0,0,0,0,0,41,0,516,171,202,210,528,0,48,0,0,0,0,0,0,0,0
0,58,0,85,0,44,0,0,201,11,0,29,0,0,0,40,16,20,0,45,0,0,0,26,0,64,0,0,0,111,0,0,0,26,0,0,0,0,0,164,0,0,0,0,0,0,0,0,0,8,0,6,58,130,71,316,0,5,27,40,0,137,100,951,0,8,0,4,0,0,0,0,0,0,0,0,0,0,0,0,0,0,0,0,0,0,0,0,0,0,0,0,0,0,0,0,4,0,0,0,0,0,0,0,0,0,0,0,0,0,0,0,0,0,0,0,0,0,0,0,0,0,0,0,0,65,0,30,0,0,2,79,0,19,0,0,0,53,0,0,0,1,0,0,0,0,0,0,0,58,0,3,0,3,0,10,0,0,0,0,0,19,0,0,0,16,0,3,0,49,0,0,0,166,0,0,35,112,0,0,0,0,0,11,5,1,0,0,0,0,0,0,0,0,0,0,0,0,0,0,0,0,0,0,0,0,0,22,0,39,0,0,0,0,831,0,0,0,821,78,433,544,0,0,3
67,68,7,0,40,0,19,201,0,232,31,0,16,0,34,0,0,32,29,0,8,0,4,0,0,183,30,0,0,0,0,0,0,0,5,0,0,0,45,0,0,0,0,0,0,0,5,0,9,0,0,0,34,32,54,89,9,0,96,0,119,0,54,56,109,0,34,0,0,0,0,0,0,0,0,0,0,0,0,0,0,0,0,0,0,0,0,0,0,0,0,0,0,0,0,0,0,0,0,0,0,0,0,0,0,0,2,0,0,0,0,0,0,0,0,0,0,0,0,0,0,0,0,0,12,0,46,0,0,0,77,0,0,0,28,0,0,0,0,0,0,0,0,0,0,0,27,0,67,0,51,0,36,0,0,0,17,0,0,0,60,0,0,0,0,0,0,0,0,0,78,0,28,0,0,0,580,117,3,0,13,0,20,0,111,0,0,0,0,0,0,0,0,0,0,0,0,0,4,0,0,0,0,0,0,0,0,0,32,0,179,114,59,0,120,0,0,0,0,0,0,0,0,0,0
0,37,27,3,0,15,201,11,232,0,0,25,0,0,0,0,0,0,0,21,0,9,0,0,56,5,0,18,0,0,0,0,0,0,0,0,0,0,0,0,0,0,0,0,0,0,0,0,0,0,0,0,126,145,248,52,0,33,142,226,0,225,140,284,0,162,0,125,0,0,0,0,0,0,0,0,0,0,0,0,0,0,0,0,0,0,0,0,0,0,0,0,0,0,0,0,0,0,0,0,0,0,0,0,0,5,0,0,0,0,0,0,0,0,0,0,0,0,0,0,0,0,0,0,0,65,0,38,0,15,0,47,0,0,0,17,0,13,0,2,0,0,0,0,0,0,0,41,0,131,0,29,0,32,0,0,0,0,0,0,0,15,0,0,0,3,0,0,0,23,0,0,0,74,0,1,83,656,0,0,0,0,0,72,6,117,0,0,0,1,0,0,0,0,0,0,0,0,0,1,0,0,0,0,0,0,0,31,0,64,0,0,1,0,425,0,0,0,672,199,118,0,2,0,0
56,0,53,0,160,149,22,0,31,0,0,46,381,0,32,248,0,0,75,154,22,53,4,80,0,0,75,0,0,4,0,0,190,0,18,0,138,0,217,0,41,0,0,0,24,0,57,0,14,0,8,0,0,0,2,0,0,0,4,0,0,0,0,0,7,0,0,0,0,0,15,0,0,0,0,0,0,0,0,0,0,0,0,0,0,0,0,0,0,0,0,0,0,0,0,0,0,0,0,0,0,0,0,0,0,0,0,0,0,0,0,0,0,0,0,0,0,0,0,0,0,0,0,0,0,0,0,0,0,0,2,0,0,0,0,0,0,0,0,0,4,0,0,0,0,0,8,0,15,0,16,0,0,0,0,0,0,0,0,0,3,0,0,0,0,0,37,0,22,0,15,0,115,1,0,0,319,58,122,2,14,0,48,0,30,0,0,0,0,0,0,0,0,0,0,0,0,0,0,0,0,0,0,0,0,0,0,0,14,0,192,203,103,0,62,0,0,0,0,35,5,0,0,0,0
0,230,42,14,118,243,2,29,0,25,46,0,0,234,132,14,0,0,31,86,93,94,97,0,0,0,0,338,1,32,0,0,0,407,0,39,0,103,0,0,0,94,0,0,0,112,0,116,0,12,0,0,0,0,0,0,0,0,0,3,0,0,0,0,0,0,0,5,0,0,0,3,0,0,0,0,0,0,0,0,0,0,0,0,0,0,0,0,0,0,0,0,0,0,0,9,0,0,0,0,0,12,0,0,0,0,0,0,0,0,0,0,0,0,0,0,0,0,0,6,0,0,0,1,0,13,0,0,0,0,0,0,0,0,0,0,0,28,0,0,0,0,0,0,0,6,0,0,0,28,0,61,0,109,0,0,0,0,0,0,0,0,0,0,0,20,0,0,0,26,0,0,0,65,0,38,38,393,10,28,0,128,0,44,1,37,0,6,0,0,0,0,0,0,0,0,0,0,0,0,0,0,0,0,0,0,0,0,0,28,0,0,0,0,0,0,0,0,307,251,222,22,7,0,0
58,0,44,0,462,0,0,0,16,0,381,0,0,409,53,0,0,0,166,417,97,234,2,0,2,0,173,841,0,0,0,0,0,0,276,38,0,0,0,0,162,87,86,0,92,43,246,196,24,0,137,46,0,0,0,0,0,0,1,0,0,0,0,0,0,0,0,0,0,0,0,0,0,0,0,0,0,0,0,0,0,0,0,0,0,0,0,0,0,0,0,0,0,0,0,0,0,0,0,0,0,0,0,0,0,0,0,0,0,0,0,0,0,0,0,0,0,0,0,0,0,0,0,0,0,0,0,0,0,0,0,0,0,0,0,0,0,0,0,0,0,0,0,0,0,0,0,0,0,0,0,0,0,0,0,0,0,0,0,0,0,0,0,0,17,0,0,0,0,0,0,0,0,0,0,0,331,63,222,0,35,0,22,0,26,0,176,0,0,0,0,0,0,0,0,0,0,0,0,0,0,0,0,0,0,0,0,0,0,0,0,200,0,0,16,0,0,0,0,19,0,0,0,0,0
0,87,0,3,240,163,0,0,0,0,0,234,409,0,73,5,0,1,426,145,264,132,0,0,0,0,253,330,0,0,0,0,0,0,0,125,0,64,0,0,41,168,13,103,0,116,0,332,1,41,24,208,0,0,0,0,0,0,0,1,0,0,0,0,0,0,0,1,0,0,0,0,0,0,0,0,0,6,0,0,0,0,0,0,0,0,0,7,0,0,0,0,0,0,0,0,0,0,0,0,0,0,0,0,0,0,0,0,0,0,0,0,0,0,0,0,0,0,0,0,0,0,0,0,0,0,0,0,0,0,0,0,0,0,0,0,0,0,0,0,0,0,0,0,0,0,0,0,0,0,0,0,0,50,0,0,0,0,0,0,0,0,0,0,0,15,0,0,0,0,0,0,0,0,0,51,89,468,14,40,0,154,0,0,0,24,31,49,0,0,0,0,0,0,0,0,0,0,0,0,0,0,0,0,0,0,0,0,0,31,0,0,0,0,13,0,0,0,87,131,79,0,3,0,0
23,0,222,0,178,284,22,0,34,0,32,132,53,73,0,283,57,0,194,251,229,122,162,39,21,0,121,0,7,0,146,0,124,0,78,17,74,0,25,3,0,0,0,0,0,0,13,0,6,0,7,0,0,0,26,0,0,0,0,0,0,0,14,0,0,0,0,0,0,0,0,0,0,0,0,0,0,0,0,0,0,0,0,0,0,0,0,0,0,0,0,0,0,0,0,0,0,0,0,0,0,0,0,0,0,0,0,0,0,0,0,0,0,0,0,0,0,0,0,0,0,0,0,0,9,0,124,0,0,0,33,0,0,0,814,0,82,0,0,0,0,0,0,0,0,0,85,0,58,0,349,0,57,0,0,0,0,0,0,0,0,0,0,0,0,0,54,0,0,0,0,0,52,0,0,0,92,51,2,0,0,0,16,0,64,0,0,0,0,0,0,0,0,0,0,0,0,2,0,0,103,0,0,0,0,0,0,0,307,0,196,182,102,0,89,0,0,0,1,11,0,0,0,0,0
157,22,138,113,319,89,0,40,0,0,248,14,0,5,283,0,42,34,20,166,154,316,322,144,0,46,0,40,0,0,0,147,0,109,0,47,0,32,60,14,0,0,0,0,0,0,0,0,0,0,0,6,0,0,0,0,0,0,0,0,0,0,0,2,0,0,0,0,0,0,0,0,0,0,0,0,0,0,0,0,0,0,0,0,0,191,0,0,0,0,0,136,0,0,0,0,0,181,0,72,0,111,0,0,0,0,0,0,0,0,0,0,0,0,0,0,0,0,0,0,0,0,0,0,0,0,0,0,0,0,0,0,0,0,0,672,0,496,0,26,0,21,0,150,0,0,0,0,0,0,0,0,0,20,0,0,0,0,0,0,0,0,0,0,0,0,0,97,0,0,0,0,5,33,0,0,100,196,24,3,0,0,0,2,0,5,0,0,0,0,0,0,0,0,0,0,0,0,0,0,0,57,0,0,0,0,0,53,0,181,0,11,0,0,0,0,0,0,120,207,228,27,1,0,0
0,47,24,0,0,18,0,16,0,0,0,0,0,0,57,42,0,18,119,0,191,0,129,74,66,0,64,0,173,0,139,0,66,0,24,0,50,0,59,0,0,0,0,0,0,0,0,0,0,0,0,0,83,0,35,0,6,0,0,0,0,0,230,2,0,0,0,0,0,0,0,0,0,0,0,0,0,0,0,0,0,0,0,0,49,0,0,0,0,0,209,0,0,0,0,0,136,0,109,0,21,0,0,0,104,0,491,0,0,0,0,0,0,0,0,0,0,0,0,0,0,0,0,0,0,0,0,0,103,0,0,0,0,0,543,0,311,0,45,0,0,0,631,0,0,0,0,0,0,0,0,0,0,0,28,0,0,0,0,0,0,0,0,0,0,0,0,0,0,0,0,0,0,0,0,0,0,9,0,0,0,0,11,0,0,0,0,0,0,0,0,0,0,0,0,0,14,0,102,0,409,0,0,0,0,0,0,0,0,0,53,220,41,36,52,0,2,0,0,0,0,0,0,0,0
142,0,91,42,0,13,54,20,32,0,0,0,0,1,0,34,18,0,0,79,23,138,53,85,0,35,0,35,8,121,0,66,0,29,0,36,0,3,14,14,0,0,0,0,0,0,0,0,0,0,0,0,0,8,0,29,0,3,0,1,7,3,23,84,0,0,0,0,0,0,0,0,0,0,0,0,0,0,0,0,0,70,0,0,0,215,0,17,0,0,1,78,0,5,0,89,0,0,0,84,0,99,0,0,0,0,0,0,0,0,0,0,0,0,0,0,0,0,0,0,0,13,0,0,0,0,0,0,0,57,0,0,0,0,0,361,1,452,0,162,0,80,0,370,0,0,0,0,0,0,0,0,0,0,0,12,0,0,0,0,0,0,0,0,0,0,0,0,0,0,0,0,0,0,0,0,0,23,0,0,0,0,0,0,0,0,0,0,0,0,0,0,0,0,0,0,0,0,0,0,0,18,0,0,0,0,0,0,0,0,0,0,0,0,0,0,0,0,0,173,19,0,0,0,0
15,0,46,0,184,81,0,0,29,0,75,31,166,426,194,20,119,0,0,334,438,180,38,0,0,0,242,414,0,0,60,0,13,0,378,29,32,0,11,0,12,19,29,0,17,0,12,63,4,0,128,34,0,0,9,0,0,0,0,1,0,0,42,0,0,0,0,0,0,0,0,0,0,0,0,0,0,0,0,0,0,0,0,0,119,0,51,0,0,0,281,0,0,0,0,0,0,0,0,0,25,0,0,0,0,0,0,0,0,0,0,0,0,0,0,0,0,0,0,0,0,0,20,0,0,0,0,0,0,0,0,0,0,0,258,0,258,0,0,0,0,0,286,0,0,0,37,0,0,0,0,0,0,0,0,0,0,0,0,0,0,0,0,0,23,0,40,0,0,0,0,0,0,0,0,0,74,38,18,0,0,0,25,0,43,0,19,0,0,0,0,0,0,0,0,0,0,0,0,0,0,0,0,0,0,0,0,0,96,0,245,435,186,0,63,0,0,0,2,3,0,0,0,0,0
5,157,0,136,462,395,2,45,0,21,154,86,417,145,251,166,0,79,334,0,394,426,0,90,0,29,138,284,0,0,61,106,0,0,89,169,14,111,0,0,23,1,0,89,0,240,0,9,0,12,0,83,0,0,0,35,0,0,0,0,0,0,0,61,0,55,0,0,0,0,0,0,0,0,0,0,0,0,0,0,0,124,0,0,0,363,0,82,0,0,0,0,0,0,0,0,0,0,0,170,0,0,0,0,0,0,0,0,0,0,0,0,0,0,0,0,0,0,0,0,0,0,0,0,0,0,0,106,0,0,0,0,0,0,0,725,0,667,0,0,0,87,0,0,0,0,0,0,0,170,0,0,0,91,0,0,0,0,0,0,0,0,0,0,0,0,0,22,0,84,0,0,0,10,0,0,61,146,84,8,0,0,0,28,0,42,0,12,0,0,0,0,0,0,0,0,0,0,0,0,0,0,0,0,0,0,0,0,0,544,2,4,0,0,0,0,0,0,145,329,193,21,0,0,0
6,67,30,0,136,212,0,0,8,0,22,93,97,264,229,154,191,23,438,394,0,191,127,122,33,17,279,131,36,0,148,0,99,18,76,30,13,0,33,0,0,0,18,0,31,0,0,0,0,0,128,0,24,0,0,0,0,0,0,1,0,0,97,0,0,0,0,0,0,0,0,0,0,0,0,0,0,0,0,0,0,0,0,0,66,0,0,0,0,0,213,0,0,0,0,0,163,0,0,0,0,0,0,0,0,0,374,0,0,0,0,0,0,0,0,0,0,0,0,0,0,0,0,0,0,0,0,0,0,0,0,0,0,0,140,0,173,0,0,0,60,0,229,0,0,0,0,0,0,0,0,0,3,0,0,0,0,0,0,0,0,0,0,0,0,0,40,0,0,0,0,0,24,0,0,0,37,32,10,0,0,0,0,0,5,0,0,0,0,0,0,0,0,0,0,0,0,0,0,0,102,0,0,0,0,0,0,0,38,0,221,600,78,0,60,0,3,0,0,10,0,0,0,0,0
0,0,0,0,179,300,0,0,0,9,53,94,234,132,122,316,0,138,180,426,191,0,0,143,0,12,0,202,0,46,0,64,0,34,0,82,0,26,0,31,0,0,0,99,0,130,0,3,0,1,0,81,0,0,0,0,0,0,0,0,0,6,0,106,0,0,0,0,0,0,0,0,0,0,0,0,0,0,0,0,0,0,0,0,0,0,0,31,0,0,0,0,0,0,0,0,0,0,0,60,0,0,0,0,0,0,0,0,0,0,0,0,0,0,0,0,0,0,0,0,0,0,0,0,0,0,0,0,0,0,0,0,0,0,0,0,0,0,0,113,0,88,0,173,0,0,0,0,0,0,0,0,0,0,0,0,0,0,0,0,0,0,0,0,0,32,0,28,0,61,0,0,0,10,0,0,0,26,25,5,0,0,0,0,0,0,0,7,0,0,0,0,0,0,0,0,0,0,0,0,0,0,0,0,0,0,0,0,0,0,0,0,0,0,0,0,0,0,353,829,159,0,0,0,0
6,141,56,58,9,166,18,0,4,0,4,97,2,0,162,322,129,53,38,0,127,0,0,240,21,35,31,0,315,7,279,0,223,0,0,0,0,0,369,0,2,0,0,0,0,1,0,0,23,0,11,0,0,0,55,0,0,0,5,0,0,0,99,0,6,0,0,0,0,0,0,0,0,0,0,0,0,0,0,0,0,0,0,0,0,0,0,0,0,0,0,0,0,0,0,0,0,0,0,0,0,0,0,0,0,0,0,0,0,0,0,0,0,0,0,0,0,0,0,0,0,0,0,0,2,0,74,0,22,0,0,0,0,0,590,0,58,0,0,0,0,0,165,0,0,0,23,0,0,0,112,0,0,0,0,0,0,0,0,0,8,0,0,0,0,0,15,0,0,0,0,0,132,0,0,0,37,46,0,0,0,0,0,0,32,0,0,0,0,0,0,0,0,0,0,0,0,0,78,0,108,0,0,0,0,0,0,0,143,0,338,103,265,0,451,1,14,0,0,16,0,0,0,0,0
303,34,198,118,115,100,0,26,0,0,80,0,0,0,39,144,74,85,0,90,122,143,240,0,9,39,0,0,0,96,24,70,37,48,0,13,0,0,43,30,0,0,1,0,0,0,0,0,0,0,0,6,0,0,0,17,0,0,0,0,0,0,0,41,0,0,0,0,0,0,0,0,0,0,0,0,0,0,0,0,0,27,0,0,0,107,0,11,0,0,0,44,0,0,0,0,0,67,0,37,0,49,0,0,0,0,0,0,0,0,0,0,0,0,0,0,0,0,0,0,0,0,0,0,0,0,0,0,0,0,0,0,0,0,0,262,0,227,0,28,0,19,0,110,0,1,0,0,0,0,0,0,0,0,0,0,0,2,0,0,0,0,0,0,0,3,0,14,0,17,0,0,0,47,0,0,61,113,0,1,0,0,8,0,0,0,0,0,0,0,0,0,0,0,0,0,0,0,0,0,0,14,0,0,0,0,0,0,0,0,0,0,0,0,0,0,0,0,53,454,71,0,0,0,0
3,68,41,0,2,0,29,0,0,56,0,0,2,0,21,0,66,0,0,0,33,0,21,9,0,63,13,0,73,4,17,0,4,0,0,0,0,0,71,0,0,0,0,0,0,0,0,0,38,0,0,0,33,0,148,0,15,0,7,1,106,0,259,24,0,0,0,0,0,0,0,0,0,0,0,0,0,0,0,0,0,0,0,0,0,0,0,0,0,0,0,0,0,0,0,0,0,0,0,0,0,0,0,0,0,0,0,0,0,0,0,0,0,0,0,0,0,0,0,0,0,0,0,0,0,0,50,0,40,0,25,0,106,0,233,0,80,0,7,0,0,0,127,0,0,0,0,0,0,0,0,0,0,0,11,0,0,0,0,0,16,0,0,0,0,0,0,0,0,0,150,0,55,0,0,0,11,0,0,0,0,0,0,0,0,0,0,0,0,0,0,0,0,0,2,0,0,0,0,0,42,0,0,0,0,0,0,0,0,0,235,63,200,193,366,0,25,0,0,0,0,0,0,0,0
229,13,107,34,0,6,232,64,183,5,0,0,0,0,0,46,0,35,0,29,17,12,35,39,63,0,0,6,7,53,3,7,0,5,0,0,0,2,17,30,0,0,0,0,0,2,0,0,0,0,0,0,23,37,40,145,0,31,3,0,27,23,125,136,0,0,0,0,0,0,0,0,0,0,0,0,0,0,0,0,0,0,0,0,2,20,0,0,0,0,0,0,0,0,0,0,0,0,0,6,0,8,0,0,0,0,0,0,0,0,0,0,0,0,0,0,0,0,0,0,0,0,0,0,0,0,0,23,0,55,0,26,0,0,0,309,0,415,0,35,0,0,0,0,0,0,0,0,0,2,0,0,0,0,0,22,0,0,0,0,0,13,0,0,0,0,0,0,0,4,0,8,0,29,0,0,36,130,0,0,0,0,0,1,0,0,0,0,0,0,0,0,0,0,0,0,0,0,0,0,0,0,0,0,0,0,0,0,0,80,2,0,0,0,27,0,0,0,117,225,33,38,0,0,0
24,0,0,0,219,0,0,0,30,0,75,0,173,253,121,0,64,0,242,138,279,0,31,0,13,0,0,939,0,2,37,0,98,0,62,0,68,0,33,0,20,252,351,67,151,142,150,522,41,0,281,30,0,0,0,0,0,0,0,0,0,0,0,0,0,0,0,0,0,0,0,0,0,0,0,0,0,0,0,0,0,0,0,0,223,0,122,0,0,0,0,0,0,0,0,0,0,0,0,0,96,0,0,0,0,0,0,0,0,0,0,0,0,0,0,0,0,0,0,0,0,0,68,0,0,0,0,0,27,0,0,0,0,0,0,0,439,0,0,0,253,0,0,0,0,0,0,0,0,0,0,0,0,0,0,0,0,0,0,0,0,0,0,0,63,0,7,0,0,0,0,0,0,0,0,0,61,27,51,0,0,0,30,0,0,0,70,0,0,0,0,0,0,0,0,0,0,0,0,0,0,0,0,0,0,0,0,0,0,0,89,624,240,0,22,0,0,16,2,36,0,0,0,0,0
0,139,0,28,0,425,0,0,0,18,0,338,841,330,0,40,0,35,414,284,131,202,0,0,0,6,939,0,0,0,0,33,0,12,0,57,10,57,0,0,307,16,121,281,57,359,147,184,3,97,125,139,0,0,0,0,0,0,0,5,0,0,0,62,0,41,0,0,0,0,0,0,0,9,0,5,0,51,0,0,0,0,0,0,0,316,0,0,0,0,0,0,0,0,0,221,0,0,0,169,0,182,0,0,0,0,0,0,0,0,0,0,0,0,0,0,0,0,0,2,0,0,0,0,0,0,0,0,0,0,0,0,0,0,0,0,0,0,0,0,0,132,0,281,0,0,0,0,0,72,0,0,0,0,0,0,0,0,0,0,0,0,0,0,0,114,0,11,0,166,0,4,0,0,0,0,31,116,0,13,0,0,0,17,0,27,108,39,0,0,0,0,0,0,0,0,0,0,0,0,0,0,0,0,0,0,0,0,0,160,0,1,0,0,21,0,0,0,172,989,247,30,0,5,25
0,21,152,0,0,0,0,0,0,0,0,1,0,0,7,0,173,8,0,0,36,0,315,0,73,7,0,0,0,0,37,0,27,0,30,0,34,0,13,0,0,0,18,0,0,0,0,0,0,0,10,0,55,0,18,0,0,0,0,0,0,0,60,1,0,0,0,0,0,0,0,0,0,0,0,0,0,0,0,0,0,0,0,0,17,0,0,0,0,0,0,0,0,0,0,0,0,0,0,0,4,0,0,0,0,0,66,0,0,0,0,0,0,0,0,0,0,0,0,0,0,0,0,0,0,0,0,0,30,0,0,0,0,0,0,0,104,0,152,0,67,0,57,0,9,0,0,0,1,0,0,0,0,0,8,0,0,0,6,0,0,0,0,0,0,0,0,0,0,0,0,0,0,0,0,0,0,2,0,0,0,0,21,0,0,0,0,0,0,0,0,0,0,0,0,0,0,0,0,0,0,0,0,0,0,0,0,0,0,0,59,73,0,0,0,0,0,0,0,0,0,0,0,0,0
19,151,0,247,0,69,0,111,0,0,4,32,0,0,0,0,0,121,0,0,0,46,7,96,4,53,2,0,0,0,0,10,0,2,0,21,0,10,0,4,0,0,0,0,0,0,0,0,0,1,0,0,0,0,0,3,0,0,0,0,0,0,0,153,0,0,0,0,0,0,0,0,0,0,0,0,0,0,0,0,0,22,0,0,0,0,0,0,0,0,0,0,0,0,0,0,0,0,0,9,0,0,0,0,0,0,0,0,0,0,0,0,0,0,0,0,0,0,0,0,0,0,0,0,0,0,0,0,0,0,0,0,0,0,0,40,0,90,0,118,0,39,0,64,0,5,0,0,0,0,0,0,0,0,0,8,0,1,0,8,0,0,0,0,0,0,0,0,0,0,0,0,0,1,0,0,0,0,0,0,0,0,0,0,0,0,0,0,0,0,0,0,0,0,0,0,0,0,0,0,0,0,0,0,0,0,0,0,0,0,0,0,0,0,0,0,0,0,0,198,9,0,0,0,0
0,0,80,0,144,66,3,0,0,0,0,0,0,0,146,0,139,0,60,61,148,0,279,24,17,3,37,0,37,0,0,0,28,0,36,0,37,0,11,0,0,0,12,0,21,0,0,0,0,0,24,0,30,0,0,0,0,0,0,0,0,0,87,0,0,0,0,0,0,0,0,0,0,0,0,0,0,0,0,0,0,0,0,0,61,0,12,0,0,0,0,0,0,0,0,0,121,0,172,0,14,0,0,0,0,0,0,0,0,0,0,0,0,0,0,0,0,0,0,0,0,0,8,0,0,0,0,0,0,0,0,0,0,0,0,0,196,0,110,0,52,0,131,0,0,0,0,0,0,0,0,0,0,0,0,0,0,0,0,0,0,0,0,0,0,0,24,0,0,0,0,0,0,0,0,0,29,0,26,0,0,0,0,0,0,0,0,0,0,0,0,0,0,0,0,0,0,0,0,0,0,0,0,0,0,0,0,0,0,0,195,322,38,0,59,0,0,0,0,8,0,0,0,0,0
0,0,0,0,0,304,0,0,0,0,0,0,0,0,0,147,0,66,0,106,0,64,0,70,0,7,0,33,0,10,0,0,0,11,0,53,0,20,0,10,0,0,0,23,0,0,0,0,0,0,0,51,0,0,0,0,0,0,0,0,0,4,0,74,0,0,0,0,0,0,0,0,0,0,0,0,0,0,0,0,0,0,0,0,0,0,0,0,0,0,0,0,0,0,0,0,0,0,0,0,0,0,0,0,0,0,0,0,0,0,0,0,0,0,0,0,0,0,0,1,0,0,0,0,0,0,0,0,0,0,0,0,0,0,0,0,0,0,0,85,0,55,0,90,0,9,0,0,0,0,0,0,0,0,0,0,0,2,0,0,0,0,0,0,0,0,0,34,0,0,0,0,0,6,0,0,0,0,0,0,0,0,0,0,0,0,0,0,0,0,0,0,0,0,0,0,0,0,0,0,0,0,0,0,0,0,0,0,0,0,2,3,0,0,0,0,0,0,166,298,118,0,0,0,0
48,4,0,0,283,0,0,0,0,0,190,0,0,0,124,0,66,0,13,0,99,0,223,37,4,0,98,0,27,0,28,0,0,0,53,0,68,0,10,0,0,0,31,0,41,0,0,0,0,0,63,0,20,0,0,0,0,0,0,0,7,0,50,0,0,0,0,0,0,0,0,0,0,0,0,0,0,0,0,0,0,0,0,0,0,0,0,0,0,0,0,0,0,0,0,0,0,0,0,0,0,0,0,0,0,0,0,0,0,0,0,0,0,0,0,0,0,0,0,0,0,0,0,0,0,0,0,0,0,0,0,0,0,0,0,0,77,0,228,0,165,0,0,0,14,0,0,0,0,0,0,0,0,0,13,0,12,0,16,0,0,0,0,0,7,0,16,0,0,0,5,0,32,0,0,0,64,0,0,0,0,0,0,0,0,0,0,0,0,0,0,0,0,0,0,0,0,0,0,0,0,0,0,0,0,0,0,0,0,0,235,299,84,0,113,0,0,0,0,14,0,0,0,0,0
7,214,14,183,0,425,0,26,0,0,0,407,0,0,0,109,0,29,0,0,18,34,0,48,0,5,0,12,0,2,0,11,0,0,0,81,0,91,0,7,0,0,0,24,0,35,0,0,0,2,0,27,0,0,0,0,0,0,0,0,0,5,0,38,0,7,0,0,0,0,0,0,0,0,0,0,0,0,0,0,0,0,0,0,0,14,0,0,0,0,0,0,0,0,0,0,0,0,0,0,0,0,0,0,0,0,0,0,0,0,0,0,0,0,0,0,0,0,0,0,0,0,0,0,0,0,0,0,0,0,0,0,0,0,0,0,0,56,0,56,0,17,0,21,0,12,0,6,0,0,0,0,0,0,0,2,0,0,0,0,0,0,0,0,0,8,0,54,0,9,0,0,1,38,0,0,8,87,0,0,0,0,0,0,0,0,0,0,0,0,0,0,0,0,0,0,0,0,0,0,0,0,0,0,0,0,0,0,0,0,0,0,0,0,0,0,0,0,82,665,99,19,0,0,0
0,0,0,0,151,0,0,0,5,0,18,0,276,0,78,0,24,0,378,89,76,0,0,0,0,0,62,0,30,0,36,0,53,0,0,6,83,0,9,0,0,0,38,0,11,0,0,0,7,0,105,6,4,0,0,0,0,0,0,0,0,0,9,0,0,0,0,0,0,0,0,0,0,0,0,0,0,0,0,0,0,0,0,0,40,0,30,0,0,0,0,0,0,0,0,0,79,0,152,0,0,0,0,0,0,0,99,0,0,0,0,0,0,0,0,0,0,0,0,0,0,0,6,0,0,0,0,0,0,0,0,0,0,0,0,0,83,0,62,0,84,0,62,0,0,0,0,0,0,0,0,0,0,0,3,0,0,0,0,0,0,0,0,0,21,0,188,0,26,0,0,0,49,0,0,0,22,0,13,0,0,0,0,0,0,0,64,0,0,0,0,0,0,0,0,0,1,0,0,0,0,0,0,0,0,0,0,0,0,0,284,497,205,0,82,0,2,0,0,0,0,0,0,0,0
0,0,0,0,0,165,0,0,0,0,0,39,38,125,17,47,0,36,29,169,30,82,0,13,0,0,0,57,0,21,0,53,0,81,6,0,0,97,0,37,0,0,0,49,0,51,0,0,0,0,0,50,0,0,0,0,0,2,0,0,0,16,0,54,0,0,0,0,0,0,0,0,0,2,0,0,0,0,0,0,0,0,0,13,0,0,0,0,0,0,0,0,0,0,0,0,0,0,0,0,0,0,0,0,0,0,0,0,0,0,0,0,0,0,0,0,0,0,0,0,0,0,0,0,0,0,0,0,0,0,0,0,0,0,0,0,0,0,0,142,0,80,0,0,0,27,0,0,0,0,0,0,0,0,0,7,0,7,0,0,0,0,0,4,0,45,0,85,0,0,0,0,0,0,0,0,0,15,0,2,0,0,0,0,0,0,0,0,0,0,0,0,0,0,0,0,0,0,0,0,0,0,0,0,0,0,0,0,0,0,0,0,0,0,40,0,0,0,401,497,282,61,0,2,0
22,0,0,0,152,0,0,0,0,0,138,0,0,0,74,0,50,0,32,14,13,0,0,0,0,0,68,10,34,0,37,0,68,0,83,0,0,0,120,0,2,0,49,0,77,0,0,0,13,0,85,0,0,0,0,0,0,0,0,0,19,0,6,0,0,0,1,0,0,0,39,0,0,0,14,0,0,0,0,0,95,0,0,0,55,0,45,0,0,0,78,0,0,0,0,0,74,0,237,0,0,0,0,0,0,0,65,0,0,0,0,0,0,0,0,0,0,0,0,0,0,0,21,0,0,0,0,0,5,0,0,0,6,0,0,0,87,0,125,0,260,0,79,0,74,0,0,0,0,0,0,0,0,0,0,0,22,0,0,0,0,0,12,0,16,0,81,0,29,0,12,0,90,0,0,0,22,5,27,0,0,1,0,0,0,0,13,0,0,0,0,0,0,0,0,0,0,0,0,0,0,0,0,0,0,0,0,0,0,0,183,221,200,22,57,0,0,0,0,0,0,0,0,0,0
0,125,0,23,0,141,0,0,0,0,0,103,0,64,0,32,0,3,0,111,0,26,0,0,0,2,0,57,0,10,0,20,0,91,0,97,0,0,0,50,0,0,0,48,0,37,0,0,0,0,0,49,0,3,0,0,0,0,0,0,0,38,0,61,0,0,0,0,0,0,0,0,0,0,0,0,0,0,0,0,0,0,0,0,0,0,0,0,0,0,0,0,0,0,0,0,0,0,0,0,0,0,0,0,0,0,0,0,0,0,0,0,0,0,0,0,0,0,0,0,0,0,0,0,0,0,0,0,0,0,0,0,0,7,0,0,0,0,0,131,0,126,0,0,0,82,0,0,0,0,0,0,0,0,0,0,0,44,0,4,0,0,0,3,0,31,0,28,0,43,0,5,0,39,0,0,0,20,0,0,0,0,0,2,0,1,0,0,0,1,0,0,0,0,0,0,0,0,0,0,0,0,0,0,0,0,0,0,0,0,0,0,0,0,0,0,0,0,75,387,195,13,0,1,0
741,0,667,0,238,0,74,0,45,0,217,0,0,0,25,60,59,14,11,0,33,0,369,43,71,17,33,0,13,0,11,0,10,0,9,0,120,0,0,0,0,0,13,0,19,0,1,0,6,0,20,0,18,0,8,0,0,0,0,0,28,0,28,2,0,0,0,0,0,0,0,0,0,0,0,0,0,0,0,0,0,0,0,0,0,0,0,0,0,0,0,0,0,0,0,0,0,0,0,0,0,0,0,0,0,0,0,0,0,0,0,0,0,0,0,0,1,0,0,0,0,0,0,0,0,0,0,0,0,0,0,0,0,0,0,0,26,0,90,0,55,0,0,0,15,0,0,0,0,0,0,0,0,0,9,0,34,0,1,0,0,0,0,0,4,0,10,0,11,0,0,0,55,0,0,0,49,0,8,0,0,0,172,0,8,0,0,0,0,0,0,0,0,0,0,0,0,0,0,0,0,0,0,0,0,0,0,0,0,0,100,532,126,62,90,0,0,0,0,8,0,0,0,0,0
0,418,12,275,0,0,0,164,0,0,0,0,0,0,3,14,0,14,0,0,0,31,0,30,0,30,0,0,0,4,0,10,0,7,0,37,0,50,0,0,0,0,0,0,0,0,0,0,0,0,0,13,0,5,0,0,0,0,0,0,0,2,3,88,0,0,0,0,0,0,0,0,0,0,0,0,0,0,0,0,0,0,0,0,0,0,0,0,0,0,0,0,0,0,0,0,0,0,0,0,0,0,0,0,0,0,0,0,0,0,0,0,0,0,0,0,0,0,0,0,0,0,0,1,0,0,0,0,0,0,0,0,0,0,0,0,0,0,0,97,0,36,0,0,0,64,0,0,0,0,0,0,0,0,0,13,0,26,0,0,0,0,0,0,0,1,0,7,0,0,0,1,0,10,0,0,0,0,0,0,0,0,0,0,0,0,0,0,0,0,0,0,0,0,0,0,0,0,0,0,0,0,0,0,0,0,0,0,0,0,0,0,0,0,0,0,0,0,22,393,50,24,0,0,0
0,0,0,0,86,0,0,0,0,0,41,0,162,41,0,0,0,0,12,23,0,0,2,0,0,0,20,307,0,0,0,0,0,0,0,0,2,0,0,0,0,125,121,0,50,95,53,327,148,16,21,0,0,0,0,0,0,0,1,0,0,0,0,0,0,0,0,0,0,0,0,0,0,0,0,0,0,0,0,0,0,0,0,0,0,0,0,0,0,0,0,0,0,0,0,0,0,0,0,0,0,0,0,0,0,0,0,0,3,0,0,0,0,0,0,0,0,0,0,0,0,0,0,0,0,0,0,0,0,0,0,0,0,0,0,0,0,0,0,0,0,0,0,0,0,0,2,0,0,0,0,0,0,0,0,0,0,0,0,0,0,0,0,0,12,0,0,0,0,0,0,0,0,0,0,0,22,9,35,0,0,0,0,0,2,0,182,0,0,0,0,0,0,0,0,0,0,0,0,0,0,0,0,0,0,0,0,0,0,0,6,151,0,0,0,0,0,17,1,19,0,0,0,0,0
0,0,0,0,0,31,0,0,0,0,0,94,87,168,0,0,0,0,19,1,0,0,0,0,0,0,252,16,0,0,0,0,0,0,0,0,0,0,0,0,125,0,66,20,91,68,176,74,18,166,32,0,0,0,0,0,0,0,0,0,0,0,0,0,0,0,0,0,0,0,0,1,0,0,0,0,0,5,0,0,0,0,0,26,0,0,0,0,0,0,0,0,0,7,0,0,0,0,0,0,0,5,0,10,0,0,0,0,0,0,0,0,0,0,0,0,0,0,0,0,0,0,0,0,0,0,0,0,0,0,0,0,0,0,0,0,0,0,0,0,0,0,0,0,0,0,0,0,0,0,0,0,0,0,0,0,0,0,0,0,0,0,0,0,0,66,0,0,0,32,0,0,0,0,0,0,0,74,0,0,0,0,0,0,0,0,70,10,0,0,0,0,0,0,0,0,0,0,0,0,0,0,0,0,0,0,0,0,0,0,0,4,0,0,0,0,0,0,0,112,22,0,0,0,10
0,0,0,0,0,0,0,0,0,0,0,0,86,13,0,0,0,0,29,0,18,0,0,1,0,0,351,121,18,0,12,0,31,0,38,0,49,0,13,0,121,66,0,0,121,48,104,136,89,0,60,0,0,0,0,0,0,0,0,0,0,0,0,0,0,0,0,0,0,0,48,0,22,0,0,0,0,0,0,0,90,0,0,0,0,0,0,0,0,0,0,0,0,0,0,0,61,0,0,0,0,0,0,0,0,0,0,0,0,0,0,0,0,0,0,0,0,0,0,0,0,0,0,0,0,0,0,0,0,0,0,0,0,0,0,0,0,0,0,0,0,0,0,0,23,0,0,0,0,0,0,0,0,0,0,0,0,0,0,0,0,0,20,0,47,0,15,0,21,0,20,0,20,0,0,0,0,2,8,0,0,0,0,0,0,0,50,0,0,0,0,0,0,0,0,0,0,0,0,0,0,0,0,0,0,0,0,0,0,0,43,326,186,0,0,0,0,23,1,10,0,0,0,0,0
0,0,0,0,0,0,0,0,0,0,0,0,0,103,0,0,0,0,0,89,0,99,0,0,0,0,67,281,0,0,0,23,0,24,0,49,0,48,0,0,0,20,0,0,0,78,0,84,0,58,0,58,0,0,0,0,0,0,0,0,0,0,0,16,0,0,0,0,0,0,0,27,0,0,0,45,0,0,0,0,0,0,0,0,0,0,0,73,0,0,0,0,0,0,0,172,0,0,0,155,0,149,0,0,0,0,0,0,0,0,0,0,0,0,0,0,0,0,0,0,0,179,0,0,0,0,0,0,0,0,0,0,0,0,0,0,0,0,0,0,0,141,0,195,0,111,0,0,0,0,0,0,0,0,0,0,0,0,0,0,0,0,0,0,0,67,0,17,0,76,0,0,0,22,0,0,0,41,0,3,0,0,0,0,0,0,6,23,0,0,0,0,0,0,0,0,0,0,0,0,0,0,0,0,0,0,0,0,0,0,0,0,0,0,0,0,0,0,108,396,220,17,0,5,22
0,0,0,0,36,0,5,0,0,0,24,0,92,0,0,0,0,0,17,0,31,0,0,0,0,0,151,57,0,0,21,0,41,0,11,0,77,0,19,0,50,91,121,0,0,68,213,185,262,40,39,0,0,0,0,0,0,0,0,0,0,0,17,0,0,0,0,0,0,0,35,0,25,0,0,0,0,0,0,0,269,0,0,0,133,0,117,0,0,0,311,0,0,0,0,0,327,0,785,0,75,0,15,0,0,0,0,0,0,0,0,0,0,0,0,0,1,0,0,0,0,0,30,0,0,0,0,0,0,0,0,0,0,0,0,0,165,0,0,0,0,0,0,0,28,0,0,0,6,0,0,0,0,0,0,0,6,0,0,0,0,0,0,0,87,0,9,0,76,0,22,0,30,0,0,0,30,15,24,0,19,0,11,0,9,0,78,0,0,0,0,0,0,0,0,0,0,0,0,0,0,0,0,0,0,0,0,0,0,0,27,162,133,10,13,0,5,83,0,15,0,0,0,0,0
0,52,0,0,0,0,0,0,0,0,0,112,43,116,0,0,0,0,0,240,0,130,1,0,0,2,142,359,0,0,0,0,0,35,0,51,0,37,0,0,95,68,48,78,68,0,119,252,7,220,21,64,0,0,0,0,0,0,0,0,0,0,0,85,0,0,0,0,0,0,0,30,0,0,0,31,0,0,0,0,0,307,0,127,0,336,0,96,0,0,0,54,0,21,0,250,0,0,0,177,0,175,0,16,0,0,0,0,0,0,0,0,0,0,0,0,0,0,0,1,0,207,0,37,0,0,0,0,0,0,0,0,0,0,0,0,0,0,0,0,0,226,0,294,0,89,0,0,0,0,0,0,0,0,0,0,0,10,0,0,0,0,0,0,0,124,0,4,0,152,0,20,0,26,0,0,0,53,0,7,0,0,0,9,0,0,21,11,0,0,0,0,0,0,0,0,0,0,0,0,0,30,0,0,0,0,0,0,0,0,1,0,0,0,0,0,0,0,16,269,145,13,1,0,48
0,0,0,0,51,0,0,0,5,0,57,0,246,0,13,0,0,0,12,0,0,0,0,0,0,0,150,147,0,0,0,0,0,0,0,0,0,0,1,0,53,176,104,0,213,119,0,278,231,59,0,0,0,0,0,0,0,0,2,0,0,0,0,0,0,0,0,0,0,0,0,0,0,0,0,0,0,0,0,0,0,0,0,0,0,0,0,0,0,0,0,0,0,0,0,0,11,0,22,0,2,0,6,0,0,0,0,0,0,0,0,0,0,0,0,0,0,0,0,0,0,0,0,0,0,0,0,0,0,0,0,0,0,0,0,0,0,0,0,0,0,0,0,0,0,0,0,0,0,0,0,0,0,0,0,0,0,0,0,0,0,0,0,0,41,0,0,0,14,0,0,0,0,0,11,0,25,27,55,0,0,0,5,0,14,0,158,0,0,0,0,0,0,0,0,0,0,0,0,0,0,0,0,0,0,0,0,0,0,0,6,304,61,0,0,0,0,99,0,33,0,0,0,0,0
0,0,0,0,0,66,0,0,0,0,0,116,196,332,0,0,0,0,63,9,0,3,0,0,0,0,522,184,0,0,0,0,0,0,0,0,0,0,0,0,327,74,136,84,185,252,278,0,11,175,73,33,0,0,0,0,0,0,0,0,0,0,0,0,0,0,0,0,0,0,0,0,0,0,0,0,0,0,0,0,0,0,0,0,0,0,0,0,0,0,0,0,1,0,0,0,0,0,0,0,0,0,0,10,0,0,0,0,0,0,0,0,0,0,0,0,0,0,0,0,0,0,0,0,0,0,0,0,0,0,0,0,0,0,0,0,0,0,0,0,0,0,0,0,0,0,0,0,0,0,0,0,0,0,0,0,0,0,0,0,0,0,0,0,13,84,0,0,0,51,0,0,0,0,0,0,0,99,1,2,0,9,0,0,0,0,93,22,0,0,0,0,0,0,0,0,0,0,0,0,0,0,0,0,0,0,0,0,0,0,0,11,0,0,0,0,0,0,0,410,90,0,2,0,18
0,0,42,0,9,0,0,0,9,0,14,0,24,1,6,0,0,0,4,0,0,0,23,0,38,0,41,3,0,0,0,0,0,0,7,0,13,0,6,0,148,18,89,0,262,7,231,11,0,7,12,0,0,0,52,0,19,0,14,0,5,0,7,0,0,0,0,0,17,0,6,0,0,0,0,0,9,0,0,0,30,0,40,0,0,0,17,0,11,0,0,0,31,0,19,0,18,0,58,0,9,0,26,0,0,0,41,0,2,0,0,0,0,0,0,0,2,0,0,0,7,0,0,0,0,0,0,0,0,0,0,0,0,0,0,0,0,0,0,0,5,0,0,0,11,0,0,0,0,0,0,0,14,0,4,0,4,0,0,0,16,0,14,0,38,0,12,0,63,0,18,0,42,0,0,0,48,0,23,0,22,0,7,0,11,0,186,0,40,0,0,0,67,0,23,0,0,0,0,0,25,0,35,0,0,0,16,0,0,0,70,182,316,9,101,47,14,8,0,0,1,0,0,0,0
0,4,0,3,0,9,0,8,0,0,0,12,0,41,0,0,0,0,0,12,0,1,0,0,0,0,0,97,0,1,0,0,0,2,0,0,0,0,0,0,16,166,0,58,40,220,59,175,7,0,0,11,0,0,0,0,0,0,0,1,0,3,0,3,0,0,0,0,0,4,0,0,0,0,0,8,0,12,0,0,0,56,0,0,0,0,0,17,0,0,0,0,0,7,0,38,0,0,0,35,0,23,0,7,0,2,0,0,0,0,0,0,0,0,0,0,0,0,0,0,0,0,0,3,0,0,0,0,0,0,0,0,0,0,0,0,0,0,0,0,0,9,0,0,0,10,0,0,0,0,0,0,0,0,0,0,0,0,0,0,0,0,0,4,0,61,0,1,2,23,0,3,0,8,0,0,0,130,0,8,0,20,0,0,0,0,46,26,0,3,0,0,0,0,0,8,0,0,0,0,0,0,0,0,0,0,0,0,0,0,0,2,0,0,18,0,0,0,13,52,27,7,0,0,3
0,0,0,0,20,0,0,0,0,0,8,0,137,24,7,0,0,0,128,0,128,0,11,0,0,0,281,125,10,0,24,0,63,0,105,0,85,0,20,0,21,32,60,0,39,21,0,73,12,0,0,0,0,0,0,0,0,0,0,0,0,0,12,0,0,0,0,0,0,0,47,0,0,0,0,0,0,0,0,0,142,0,0,0,57,0,0,0,0,0,154,0,0,0,0,0,136,0,436,0,40,0,0,0,0,0,133,0,0,0,0,0,0,0,0,0,0,0,0,0,45,0,0,0,0,0,0,0,0,0,0,0,0,0,0,0,0,0,0,0,0,0,73,0,58,0,0,0,0,0,0,0,0,0,0,0,0,0,0,0,0,0,26,0,59,0,35,0,39,0,45,0,46,0,0,0,5,2,0,0,0,0,0,0,0,0,46,0,0,0,0,0,20,0,0,0,0,0,0,0,0,0,0,0,0,0,0,0,0,0,82,287,175,27,36,0,2,5,3,7,0,0,0,0,0
0,10,0,0,0,35,0,6,0,0,0,0,46,208,0,6,0,0,34,83,0,81,0,6,0,0,30,139,0,0,0,51,0,27,6,50,0,49,0,13,0,0,0,58,0,64,0,33,0,11,0,0,0,0,0,0,0,2,0,0,0,6,0,15,0,0,0,0,0,0,0,10,0,4,0,0,0,12,0,0,0,86,0,0,0,88,0,34,0,0,0,0,0,6,0,67,0,0,0,60,0,52,0,0,0,0,0,0,0,0,0,0,0,0,0,0,0,0,0,0,0,81,0,12,0,0,0,0,0,0,0,0,0,0,0,0,0,83,0,68,0,97,0,120,0,66,0,0,0,0,0,0,0,0,0,0,0,11,0,0,0,0,0,0,0,41,0,14,0,92,0,22,0,66,0,0,6,62,0,2,0,0,1,0,0,0,3,56,0,0,0,0,0,0,0,0,0,0,0,0,0,0,0,0,0,0,0,0,0,0,0,0,0,0,15,0,0,0,91,181,110,13,0,0,0
0,0,12,0,1,0,107,58,34,126,0,0,0,0,0,0,83,0,0,0,24,0,0,0,33,23,0,0,55,0,30,0,20,0,4,0,0,0,18,0,0,0,0,0,0,0,0,0,0,0,0,0,0,26,247,75,88,17,49,50,54,0,81,31,0,0,3,34,0,0,0,0,0,0,0,0,0,0,0,0,0,0,0,0,11,0,0,0,0,0,32,0,0,0,0,0,0,0,0,0,0,0,3,0,13,0,117,0,0,0,0,0,0,0,0,0,0,0,0,0,0,0,0,0,0,0,0,0,179,0,13,0,22,0,85,0,158,0,172,0,27,0,230,0,6,0,0,0,0,0,0,0,0,0,129,0,113,0,51,0,7,0,9,0,0,0,0,0,0,0,65,0,4,0,0,0,15,19,0,0,0,0,0,0,0,3,0,0,0,0,0,0,0,0,0,0,0,0,14,0,109,0,0,0,0,0,0,0,0,0,105,292,111,92,213,3,47,0,0,0,0,0,0,0,0
0,0,0,0,0,0,16,130,32,145,0,0,0,0,0,0,0,8,0,0,0,0,0,0,0,37,0,0,0,0,0,0,0,0,0,0,0,3,0,5,0,0,0,0,0,0,0,0,0,0,0,0,26,0,46,111,16,62,102,75,0,34,9,18,0,0,36,0,0,2,0,0,0,0,0,0,0,0,0,0,0,0,0,0,0,32,0,0,0,0,0,6,0,0,0,0,0,0,0,0,0,0,0,0,0,0,0,0,0,0,0,0,0,0,0,0,0,0,0,0,0,0,0,0,0,9,0,11,0,168,0,0,0,38,0,111,0,266,0,412,0,70,0,82,0,30,0,0,0,0,0,0,0,0,8,55,4,39,0,121,0,44,0,2,0,0,0,0,0,14,0,47,0,15,0,0,8,10,0,0,0,0,0,0,6,0,0,0,0,0,0,0,0,0,0,0,0,0,0,0,0,3,0,0,0,0,0,0,0,0,0,0,0,0,326,0,0,0,240,181,78,172,0,0,0
10,0,66,0,5,0,86,71,54,248,2,0,0,0,26,0,35,0,9,0,0,0,55,0,148,40,0,0,18,0,0,0,0,0,0,0,0,0,8,0,0,0,0,0,0,0,0,0,52,0,0,0,247,46,0,110,119,0,17,32,67,0,44,50,4,0,10,26,0,0,0,0,0,0,0,0,0,0,0,0,0,0,0,0,0,0,0,0,0,0,0,0,0,0,0,0,0,0,0,0,0,0,2,0,0,0,21,0,2,0,0,0,0,0,0,0,0,0,0,0,0,0,0,0,0,0,0,0,45,0,30,0,29,0,51,0,35,0,0,0,0,0,97,0,0,0,0,0,0,0,0,0,0,0,41,0,67,0,14,0,25,0,0,0,0,0,13,0,51,0,267,0,27,0,0,0,47,39,1,0,0,0,0,0,0,0,0,0,0,0,0,0,0,0,0,0,0,0,0,0,29,0,0,0,0,0,0,0,5,0,313,112,446,517,902,8,192,0,0,0,0,0,0,0,0
0,3,0,23,0,0,52,316,89,52,0,0,0,0,0,0,0,29,0,35,0,0,0,17,0,145,0,0,0,3,0,0,0,0,0,0,0,0,0,0,0,0,0,0,0,0,0,0,0,0,0,0,75,111,110,0,15,194,234,52,0,67,38,62,0,3,68,5,0,4,0,0,0,0,0,0,0,0,0,0,0,0,0,0,0,14,0,0,0,0,0,0,0,0,0,0,0,0,0,0,0,0,0,0,0,0,0,0,0,0,0,0,0,0,0,0,0,0,0,0,0,0,0,0,0,29,0,43,0,156,0,103,0,59,0,118,0,413,0,82,0,7,0,0,0,12,0,0,0,12,0,0,0,0,8,125,9,21,0,34,0,50,0,0,0,5,0,0,0,23,0,143,0,44,0,0,23,19,0,0,0,0,0,0,10,2,0,0,0,0,0,0,0,0,0,0,0,0,0,0,0,0,0,0,0,0,0,0,0,71,0,0,0,0,729,0,0,0,374,106,276,617,0,221,0
2,0,5,0,0,0,10,0,9,0,0,0,0,0,0,0,6,0,0,0,0,0,0,0,15,0,0,0,0,0,0,0,0,0,0,0,0,0,0,0,0,0,0,0,0,0,0,0,19,0,0,0,88,16,119,15,0,0,72,20,19,0,0,0,11,0,13,72,0,0,0,0,0,0,0,0,0,0,0,0,0,0,0,0,0,0,1,0,0,0,0,0,0,0,0,0,0,0,0,0,0,0,6,0,0,0,0,0,0,0,0,0,0,0,0,0,0,0,0,0,0,0,0,0,0,0,0,0,25,0,14,0,18,0,9,0,0,0,13,0,0,0,13,0,4,0,0,0,0,0,0,0,0,0,233,28,144,0,57,12,15,0,32,0,8,0,0,0,41,0,108,0,0,0,0,0,0,0,0,0,0,0,0,0,13,3,1,0,0,0,0,0,0,0,0,0,0,0,1,0,0,0,0,0,0,0,0,0,0,0,269,115,455,439,1122,15,175,0,0,0,0,0,0,0,0
0,0,0,0,0,0,0,5,0,33,0,0,0,0,0,0,0,3,0,0,0,0,0,0,0,31,0,0,0,0,0,0,0,0,0,2,0,0,0,0,0,0,0,0,0,0,0,0,0,0,0,2,17,62,0,194,0,0,82,179,1,0,0,17,0,3,36,25,0,0,0,0,0,0,0,0,0,0,0,0,0,0,0,0,0,0,0,0,0,0,0,0,0,1,0,1,0,0,0,0,0,0,0,2,0,0,0,0,0,0,0,0,0,0,0,0,0,0,0,0,0,0,0,0,0,22,0,17,0,99,0,60,0,24,0,20,0,56,0,23,0,0,0,0,0,0,0,0,0,7,0,0,0,0,9,329,13,0,0,168,0,82,0,0,0,2,0,0,0,40,0,153,0,7,0,0,0,1,0,0,0,0,0,0,6,3,0,0,0,0,0,0,0,0,0,0,0,0,0,0,0,0,0,0,0,0,0,0,0,7,0,0,0,1,806,0,0,0,177,42,321,0,13,194,4
10,0,7,0,0,0,29,27,96,142,4,0,1,0,0,0,0,0,0,0,0,0,5,0,7,3,0,0,0,0,0,0,0,0,0,0,0,0,0,0,1,0,0,0,0,0,2,0,14,0,0,0,49,102,17,234,72,82,0,254,88,0,10,18,143,6,283,190,0,0,0,0,0,0,0,0,0,0,0,0,0,0,0,0,0,0,0,0,0,0,0,0,0,0,0,0,0,0,0,0,0,0,2,0,0,0,0,0,0,0,0,0,0,0,0,0,0,0,0,0,0,0,0,0,1,0,0,0,0,0,21,0,0,0,0,0,0,0,0,1,0,0,0,0,0,0,0,0,2,0,0,0,0,0,55,41,162,0,7,13,12,0,0,0,0,0,0,0,23,0,78,0,0,0,0,0,190,30,0,0,0,0,0,0,250,11,0,0,0,0,0,0,0,0,0,0,0,0,0,0,0,0,0,0,0,0,0,0,0,0,497,406,210,0,1242,0,158,2,0,0,0,0,0,0,0
0,13,0,3,0,4,0,40,0,226,0,3,0,1,0,0,0,1,1,0,1,0,0,0,1,0,0,5,0,0,0,0,0,0,0,0,0,0,0,0,0,0,0,0,0,0,0,0,0,1,0,0,50,75,32,52,20,179,254,0,0,37,0,15,39,193,102,192,0,3,0,0,0,0,0,0,0,0,0,0,0,0,0,2,0,0,0,0,0,0,0,0,0,0,0,0,0,0,0,0,0,0,0,0,0,0,0,0,0,0,0,0,0,0,0,0,0,0,0,0,0,0,0,0,1,21,0,0,0,9,0,54,0,0,0,0,0,5,9,0,0,0,0,0,11,1,0,0,0,13,0,0,0,0,56,68,40,89,0,15,32,47,0,0,0,0,0,2,0,11,0,0,0,0,0,0,28,30,0,0,0,0,0,0,28,94,0,0,0,0,0,0,0,0,0,0,0,0,0,0,0,0,0,0,0,0,0,0,0,0,2,0,0,0,1943,0,0,0,1059,309,262,948,29,186,2
139,0,139,0,0,0,312,0,119,0,0,0,0,0,0,0,0,7,0,0,0,0,0,0,106,27,0,0,0,0,0,0,7,0,0,0,19,0,28,0,0,0,0,0,0,0,0,0,5,0,0,0,54,0,67,0,19,1,88,0,0,0,45,7,0,0,0,0,0,0,0,0,0,0,8,0,0,0,0,0,0,0,0,0,0,0,0,0,0,0,0,0,0,0,0,0,0,0,0,0,0,0,0,0,0,0,0,0,0,0,0,0,0,0,0,0,0,0,0,0,0,0,0,0,0,0,0,0,0,0,0,0,0,0,0,0,6,0,190,0,150,0,0,0,159,0,0,0,0,0,0,0,0,0,14,1,101,0,3,0,0,0,7,0,4,0,0,0,6,0,169,0,68,0,0,0,17,0,0,0,0,0,57,0,0,1,0,0,0,0,0,0,0,0,0,0,0,0,0,0,0,0,0,0,0,0,0,0,0,0,88,452,81,101,110,0,22,0,0,0,0,0,0,0,0
0,169,0,0,0,0,13,137,0,225,0,0,0,0,0,0,0,3,0,0,0,6,0,0,0,23,0,0,0,0,0,4,0,5,0,16,0,38,0,2,0,0,0,0,0,0,0,0,0,3,0,6,0,34,0,67,0,0,0,37,0,0,0,34,0,0,0,0,0,1,0,0,0,0,0,0,0,0,0,0,0,0,0,0,0,0,0,0,0,0,0,0,0,0,0,0,0,0,0,0,0,1,0,0,0,0,0,0,0,0,0,0,0,0,0,0,0,0,0,0,0,0,0,0,0,0,0,0,0,0,0,0,0,0,0,0,0,0,0,46,0,67,0,9,0,85,0,0,0,0,0,0,0,0,0,4,0,63,0,5,0,2,0,4,0,2,0,14,0,17,0,90,0,82,0,0,0,30,0,0,0,0,0,15,0,0,0,0,0,0,0,0,0,0,0,0,0,0,0,0,0,0,0,0,0,0,0,0,0,0,0,0,0,0,108,0,0,0,59,494,158,194,0,43,1
0,66,142,9,0,0,294,100,54,140,0,0,0,0,14,0,230,23,42,0,97,0,99,0,259,125,0,0,60,0,87,0,50,0,9,0,6,0,28,3,0,0,0,0,17,0,0,0,7,0,12,0,81,9,44,38,0,0,10,0,45,0,0,47,0,0,0,0,0,0,0,0,0,0,0,0,0,0,0,0,0,0,0,0,9,0,0,0,0,0,0,0,0,0,0,0,0,0,9,0,0,0,0,0,0,0,0,0,0,0,0,0,0,0,0,0,0,0,0,0,0,0,3,0,0,0,0,0,25,0,0,0,6,1,0,0,86,0,82,0,16,0,54,0,10,0,0,0,0,0,0,0,0,0,26,0,50,0,12,0,0,0,0,0,0,0,0,0,0,0,29,0,0,0,0,0,31,22,0,0,0,0,3,0,0,0,0,0,0,0,0,0,0,0,0,0,0,0,0,0,20,0,0,0,0,0,0,0,1,0,108,215,19,27,77,0,0,0,0,0,0,0,0,0,0
28,186,0,66,1,0,85,951,56,284,0,0,0,0,0,2,2,84,0,61,0,106,0,41,24,136,0,62,1,153,0,74,0,38,0,54,0,61,2,88,0,0,0,16,0,85,0,0,0,3,0,15,31,18,50,62,0,17,18,15,7,34,47,0,0,0,0,0,0,0,0,0,0,0,0,0,0,2,0,0,0,0,0,0,0,0,0,0,0,0,0,0,0,0,0,0,0,0,0,0,0,0,0,0,0,0,0,0,0,0,0,0,0,0,0,0,0,0,0,0,0,0,0,0,0,0,0,0,0,0,0,0,0,0,0,48,0,66,0,118,0,43,0,45,0,16,0,0,0,0,0,0,0,0,0,37,0,12,0,36,0,0,0,0,0,3,0,0,0,6,0,0,0,20,0,0,10,77,0,0,0,0,0,15,0,0,0,0,0,0,0,0,0,0,0,0,0,0,0,0,0,0,0,0,0,0,0,0,0,0,0,0,0,0,110,0,0,0,134,404,65,99,0,23,0
10,0,0,0,16,0,0,0,109,0,7,0,0,0,0,0,0,0,0,0,0,0,6,0,0,0,0,0,0,0,0,0,0,0,0,0,0,0,0,0,0,0,0,0,0,0,0,0,0,0,0,0,0,0,4,0,11,0,143,39,0,0,0,0,0,31,58,51,0,0,0,0,0,0,0,0,0,0,0,0,0,0,0,0,0,0,0,0,0,0,0,0,0,0,0,0,0,0,0,0,0,0,0,0,0,0,0,0,0,0,0,0,0,0,0,0,0,0,0,0,0,0,0,0,1,0,19,0,0,1,22,0,0,0,1,0,0,0,0,23,0,0,0,1,12,0,12,0,59,0,13,0,0,0,25,30,8,0,0,31,383,63,2,0,0,0,0,0,0,0,0,0,0,0,10,0,27,0,0,0,55,6,4,0,265,8,0,0,0,0,0,0,0,0,0,0,0,0,0,0,0,0,0,0,0,0,0,0,0,0,34,17,0,0,0,0,0,0,0,0,0,0,0,0,0
0,45,0,0,0,17,0,8,0,162,0,0,0,0,0,0,0,0,0,55,0,0,0,0,0,0,0,41,0,0,0,0,0,7,0,0,0,0,0,0,0,0,0,0,0,0,0,0,0,0,0,0,0,0,0,3,0,3,6,193,0,0,0,0,31,0,0,357,0,0,0,58,0,0,0,108,0,0,0,23,0,33,0,0,0,0,0,38,0,0,0,0,0,0,0,0,0,0,0,0,0,0,0,0,0,0,0,0,0,0,0,0,0,0,0,0,0,0,0,0,0,0,0,7,0,51,0,10,106,0,153,31,0,0,1,0,26,0,98,74,0,60,0,0,58,168,0,19,0,176,0,9,0,12,0,0,7,5,0,8,170,269,0,22,0,0,0,0,0,9,0,0,0,0,0,76,0,0,0,0,26,158,0,14,26,103,0,0,0,0,0,0,0,0,0,0,0,0,0,0,0,0,0,0,0,0,0,0,0,0,0,0,0,0,262,0,0,0,168,53,0,0,22,0,0
0,0,0,0,0,0,0,0,34,0,0,0,0,0,0,0,0,0,0,0,0,0,0,0,0,0,0,0,0,0,0,0,0,0,0,0,1,0,0,0,0,0,0,0,0,0,0,0,0,0,0,0,3,36,10,68,13,36,283,102,0,0,0,0,58,0,0,37,0,0,0,0,0,0,0,0,0,0,0,0,0,0,0,0,0,0,0,0,0,0,0,0,0,0,0,0,0,0,0,0,0,0,0,0,0,0,0,0,0,0,0,0,0,0,0,0,0,0,0,0,0,0,0,0,2,0,0,0,1,0,11,0,0,0,0,0,0,0,0,0,0,0,0,0,4,0,0,0,3,0,0,0,0,0,26,26,20,0,0,0,60,8,0,0,0,0,0,0,0,0,0,0,1,0,0,0,151,16,0,0,0,0,5,0,454,4,0,0,0,0,0,0,0,0,0,0,0,0,0,0,0,0,0,0,0,0,0,0,0,0,64,71,0,0,0,0,0,0,0,0,0,0,0,0,0
0,7,0,0,0,0,0,4,0,125,0,5,0,1,0,0,0,0,0,0,0,0,0,0,0,0,0,0,0,0,0,0,0,0,0,0,0,0,0,0,0,0,0,0,0,0,0,0,0,0,0,0,34,0,26,5,72,25,190,192,0,0,0,0,51,357,37,0,0,0,0,0,0,0,0,0,0,0,0,0,0,0,0,0,0,0,0,0,0,0,0,0,0,0,0,0,0,0,0,0,0,0,0,0,0,0,0,0,0,0,0,0,0,0,0,0,0,0,0,0,0,0,0,0,0,37,0,8,2,2,0,40,0,0,0,0,0,0,34,0,0,0,0,0,23,4,0,6,0,73,0,2,2,0,55,6,45,17,8,0,84,94,0,0,0,0,0,0,0,0,0,0,0,0,0,24,16,42,0,4,0,0,0,0,40,361,0,0,0,0,0,0,0,0,0,0,0,0,0,0,0,0,0,0,0,0,0,0,0,0,0,0,0,0,523,0,0,0,363,228,0,0,0,0,0
0,0,0,0,0,0,0,0,0,0,0,0,0,0,0,0,0,0,0,0,0,0,0,0,0,0,0,0,0,0,0,0,0,0,0,0,0,0,0,0,0,0,0,0,0,0,0,0,17,0,0,0,0,0,0,0,0,0,0,0,0,0,0,0,0,0,0,0,0,0,0,0,6,0,0,0,29,0,22,0,0,0,58,0,0,0,0,0,25,0,0,0,24,0,0,0,0,0,0,0,9,0,221,0,0,0,45,0,27,0,13,0,8,0,1,0,5,0,0,0,0,0,0,0,0,0,0,0,0,0,0,0,0,0,0,0,0,0,0,0,0,0,0,0,2,0,0,0,0,0,0,0,0,0,0,0,0,0,0,0,0,0,2,0,17,0,0,0,35,0,3,0,0,0,0,0,0,0,0,0,0,0,0,0,0,0,0,0,0,0,0,0,0,0,19,0,2,0,0,0,0,0,0,0,0,0,0,0,2,0,56,7,73,0,0,53,155,6,0,0,0,0,0,0,0
0,0,0,0,0,0,0,0,0,0,0,0,0,0,0,0,0,0,0,0,0,0,0,0,0,0,0,0,0,0,0,0,0,0,0,0,0,0,0,0,0,0,0,0,0,0,0,0,0,4,0,0,0,2,0,4,0,0,0,3,0,1,0,0,0,0,0,0,0,0,0,0,0,0,0,0,0,9,0,0,0,2,0,97,0,0,0,3,0,27,0,0,0,22,0,17,0,3,0,0,0,6,0,141,0,0,0,0,0,31,0,21,0,13,0,5,0,1,0,0,0,0,0,0,0,0,0,0,0,0,0,0,0,3,0,0,0,0,0,0,0,2,0,0,0,0,0,0,0,0,0,0,0,0,0,0,0,0,0,1,0,3,0,1,0,14,0,0,0,30,0,10,0,1,0,0,0,0,0,0,0,0,0,0,0,0,0,8,0,0,0,0,0,0,0,0,0,0,0,0,0,0,0,0,0,0,0,0,0,0,0,0,0,0,9,0,0,0,26,14,96,1,25,89,0
0,0,0,0,0,0,0,0,0,0,15,0,0,0,0,0,0,0,0,0,0,0,0,0,0,0,0,0,0,0,0,0,0,0,0,0,39,0,0,0,0,0,48,0,35,0,0,0,6,0,47,0,0,0,0,0,0,0,0,0,0,0,0,0,0,0,0,0,0,0,0,0,233,0,378,0,0,0,145,0,25,0,0,0,2,0,60,0,0,0,0,0,0,0,0,0,0,0,0,0,0,0,0,0,0,0,0,0,0,0,0,0,0,0,0,0,0,0,0,0,23,0,5,0,0,0,0,0,13,0,25,15,3,4,0,0,9,0,22,10,54,8,13,0,40,0,16,0,48,0,32,0,31,0,0,0,8,0,0,0,21,0,82,0,0,0,35,0,27,0,23,0,9,0,18,0,1,0,0,0,0,4,0,0,23,0,0,0,0,0,0,0,0,0,0,0,0,0,0,0,0,0,0,0,0,0,0,0,0,0,15,0,45,0,0,0,0,0,0,0,0,0,0,0,0
0,0,0,0,0,4,0,0,0,0,0,3,0,0,0,0,0,0,0,0,0,0,0,0,0,0,0,0,0,0,0,0,0,0,0,0,0,0,0,0,0,1,0,27,0,30,0,0,0,0,0,10,0,0,0,0,0,0,0,0,0,0,0,0,0,58,0,0,0,0,0,0,0,107,0,190,0,3,0,3,0,3,0,0,0,1,0,27,0,0,0,0,0,0,0,0,0,0,0,0,0,0,0,0,0,0,0,0,0,0,0,0,0,0,0,0,0,0,0,0,0,9,0,17,0,33,0,0,4,0,0,0,4,27,0,15,4,12,3,9,0,25,0,6,0,48,0,0,0,39,0,0,0,0,0,0,0,0,0,0,1,0,0,27,0,0,0,0,0,0,0,6,0,13,0,4,0,0,0,0,0,0,0,0,0,16,0,0,0,0,0,0,0,0,0,0,0,0,0,0,0,0,0,0,0,0,0,0,0,0,0,0,0,0,10,0,0,0,19,13,5,0,0,0,0
0,0,0,0,0,0,0,0,0,0,0,0,0,0,0,0,0,0,0,0,0,0,0,0,0,0,0,0,0,0,0,0,0,0,0,0,0,0,0,0,0,0,22,0,25,0,0,0,0,0,0,0,0,0,0,0,0,0,0,0,0,0,0,0,0,0,0,0,6,0,233,0,0,0,296,0,30,0,62,0,5,0,36,0,54,0,9,0,0,0,0,4,8,0,0,0,0,0,0,0,1,0,0,0,0,0,0,0,0,0,0,0,0,0,0,0,0,0,0,0,63,0,16,0,0,0,0,0,9,0,0,6,13,0,50,0,17,0,19,0,52,0,122,0,37,0,32,0,0,0,126,0,13,0,0,0,3,0,0,0,15,0,47,0,0,0,11,0,11,0,10,0,0,0,10,0,0,0,0,0,22,0,0,0,0,0,0,0,0,0,0,0,0,0,0,0,10,0,55,0,44,0,0,0,0,0,0,0,0,2,166,3,26,0,16,0,0,0,0,0,0,0,0,0,0
0,0,0,0,0,0,0,0,0,0,0,0,0,0,0,0,0,0,0,0,0,0,0,0,0,0,0,9,0,0,0,0,0,0,0,2,0,0,0,0,0,0,0,0,0,0,0,0,0,0,0,4,0,0,0,0,0,0,0,0,0,0,0,0,0,0,0,0,0,0,0,107,0,0,0,552,0,66,0,51,1,9,0,12,0,26,0,59,0,1,0,0,0,0,0,0,0,2,0,0,0,1,0,0,0,0,0,0,0,2,0,0,0,0,0,0,0,0,0,0,0,23,0,127,0,29,0,17,0,19,0,0,0,0,0,62,0,27,0,7,0,25,0,38,0,46,0,12,0,0,0,19,0,0,0,0,0,0,0,0,0,2,0,47,0,0,0,0,0,10,0,6,0,10,0,0,0,0,0,0,0,0,0,0,0,0,0,0,0,0,0,0,0,0,0,0,1,0,0,0,0,25,0,0,0,0,0,0,0,0,0,0,0,0,13,0,0,0,69,0,18,0,0,0,0
0,0,0,0,0,0,0,0,0,0,0,0,0,0,0,0,0,0,0,0,0,0,0,0,0,0,0,0,0,0,0,0,0,0,0,0,14,0,0,0,0,0,0,0,0,0,0,0,0,0,0,0,0,0,0,0,0,0,0,0,8,0,0,0,0,0,0,0,0,0,378,0,296,0,0,0,17,0,319,0,17,1,0,0,52,0,49,0,0,0,0,0,0,0,0,0,6,0,17,0,0,0,0,0,0,0,0,0,0,0,0,0,0,0,0,0,0,0,0,0,92,0,55,0,13,0,0,0,14,0,37,20,16,0,39,0,15,0,13,40,63,0,127,0,46,0,0,0,64,12,0,0,63,0,0,0,5,0,0,0,22,22,70,0,0,0,0,0,51,0,10,0,4,0,39,0,0,0,0,0,0,5,0,0,30,0,0,0,0,0,0,0,0,0,0,0,5,0,0,0,17,0,15,0,0,0,0,0,25,0,43,0,48,15,0,0,0,0,0,0,0,0,0,0,0
0,0,0,0,0,0,0,0,0,0,0,0,0,0,0,0,0,0,0,0,0,0,0,0,0,0,0,5,0,0,0,0,0,0,0,0,0,0,0,0,0,0,0,45,0,31,0,0,0,8,0,0,0,0,0,0,0,0,0,0,0,0,0,0,0,108,0,0,0,0,0,190,0,552,0,0,0,24,0,155,0,12,0,6,0,14,0,126,0,0,0,0,0,0,0,0,0,0,0,0,0,0,0,0,0,0,5,0,0,0,0,0,0,0,0,0,0,0,0,0,0,161,0,36,17,82,0,37,12,16,18,0,0,48,0,102,20,54,0,28,0,30,0,46,0,136,0,43,0,120,0,0,0,22,0,0,0,0,0,0,0,0,0,90,0,0,0,0,0,12,0,5,0,0,0,13,0,0,0,0,0,38,0,0,0,21,0,0,0,9,0,0,0,0,0,0,0,0,0,25,0,0,0,32,0,0,0,0,0,0,0,0,0,0,25,0,0,0,70,10,0,10,7,0,0
0,0,0,0,0,0,0,0,0,0,0,0,0,0,0,0,0,0,0,0,0,0,0,0,0,0,0,0,0,0,0,0,0,0,0,0,0,0,0,0,0,0,0,0,0,0,0,0,9,0,0,0,0,0,0,0,0,0,0,0,0,0,0,0,0,0,0,0,29,0,0,0,30,0,17,0,0,0,30,0,0,0,47,0,15,0,14,0,10,0,0,0,101,0,15,0,0,0,0,0,9,0,130,0,23,0,0,0,5,0,0,0,0,0,0,0,9,0,0,0,0,0,0,0,0,0,0,0,2,0,0,0,1,0,0,0,0,0,0,0,0,0,0,0,0,0,0,0,0,0,0,0,0,0,0,0,0,0,0,0,0,0,0,0,8,0,0,0,48,0,0,0,0,0,0,0,0,0,0,0,0,0,0,0,0,0,0,0,0,0,0,0,0,0,29,0,0,0,0,0,14,0,0,0,0,0,0,0,0,0,61,5,70,0,17,13,6,1,0,0,0,0,0,0,0
0,0,0,0,0,0,0,0,0,0,0,0,0,6,0,0,0,0,0,0,0,0,0,0,0,0,0,51,0,0,0,0,0,0,0,0,0,0,0,0,0,5,0,0,0,0,0,0,0,12,0,12,0,0,0,0,0,0,0,0,0,0,0,2,0,0,0,0,0,9,0,3,0,66,0,24,0,0,0,20,0,73,0,89,0,25,0,84,0,20,0,0,0,61,0,89,0,0,0,0,0,6,0,48,0,30,0,0,0,35,0,4,0,16,0,3,0,5,0,0,0,22,0,15,0,0,0,0,0,0,0,0,0,0,0,0,0,0,0,0,0,0,0,14,0,7,0,0,0,0,0,0,0,0,0,0,0,0,0,0,0,2,0,8,0,28,0,0,0,60,0,3,0,0,0,0,0,0,0,0,0,0,0,0,0,0,0,0,0,0,0,0,0,0,0,49,0,0,0,0,0,0,0,0,0,0,0,0,0,0,0,0,0,0,0,0,0,0,127,0,120,0,40,18,3
0,0,0,0,0,0,0,0,0,0,0,0,0,0,0,0,0,0,0,0,0,0,0,0,0,0,0,0,0,0,0,0,0,0,0,0,0,0,0,0,0,0,0,0,0,0,0,0,0,0,0,0,0,0,0,0,0,0,0,0,0,0,0,0,0,0,0,0,22,0,145,0,62,0,319,0,30,0,0,0,69,0,90,0,138,0,92,0,8,0,10,0,55,0,24,0,41,0,54,0,5,0,12,0,26,0,0,0,4,0,0,0,0,0,0,0,8,0,0,0,100,0,35,0,0,0,0,0,0,0,0,0,0,0,0,0,0,0,0,0,0,0,0,0,16,0,0,0,0,0,0,0,0,0,1,0,0,0,0,0,0,0,0,0,0,0,0,0,47,0,0,0,0,0,0,0,0,0,0,0,0,0,0,0,0,0,0,0,105,0,0,0,0,0,44,0,13,0,0,0,75,0,0,0,103,0,0,0,0,0,205,6,46,0,32,15,0,0,0,0,0,0,0,0,0
0,0,0,0,0,0,0,0,0,0,0,0,0,0,0,0,0,0,0,0,0,0,0,0,0,0,0,0,0,0,0,0,0,0,0,0,0,0,0,0,0,0,0,0,0,0,0,0,0,0,0,0,0,0,0,0,0,0,0,0,0,0,0,0,0,23,0,0,0,0,0,3,0,51,0,155,0,20,0,0,0,10,0,6,0,12,0,27,0,0,0,0,0,1,0,5,0,0,0,8,0,1,0,0,0,0,0,0,0,0,0,0,0,0,0,0,0,0,0,0,0,14,0,11,0,0,0,0,0,0,0,0,0,0,0,70,0,20,0,0,0,10,1,18,0,20,0,0,0,0,0,14,0,0,0,0,0,0,0,0,0,0,0,5,0,0,0,1,0,1,0,3,0,0,0,3,0,0,0,0,4,0,0,0,0,0,0,0,0,0,0,0,0,0,0,0,0,0,0,22,0,0,0,13,0,4,0,0,0,0,0,0,0,0,0,0,0,0,12,0,0,0,0,0,0
