0,217,20,79,20,0,5,95,23,60,212,15,71,0,0,0,111,147,0,0,0,0,79,132,26,264,18,0,99,6,0,0,155,0,0,0,92,0,364,0,8,0,0,0,0,0,13,0,20,0,0,0,0,9,0,31,0,0,2,0,60,0,17,64,21,0,5,1,0,0,0,0,0,0,0,0,0,0,0,0,0,0,0,0,0,0,0,0,0,0,0,0,0,0,0,0,0,0,0,0,0,0,0,0,0,0,0,0,0,0,0,0,0,0,0,0,0,0,0,0,0,0,0,0,11,0,19,0,0,0,0,0,0,0,6,0,7,0,0,0,0,0,0,0,0,0,28,0,14,0,45,0,0,0,0,0,0,0,0,0,0,0,8,0,0,0,0,0,58,0,55,0,554,0,0,0,399,190,16,0,0,0,28,0,40,0,0,0,0,0,0,0,0,0,0,0,0,0,0,0,0,0,0,0,0,0,7,0,37,0,696,153,578,152,353,0,7,0,0,0,25,0,0,0,0
217,0,226,36,0,169,50,53,0,54,21,246,0,70,0,45,164,49,0,153,8,23,242,13,213,54,0,203,3,144,5,42,0,310,0,0,0,313,0,467,0,20,0,0,0,58,0,88,0,21,0,0,0,4,0,40,0,12,0,5,0,62,3,71,1,71,0,6,0,1,0,4,0,0,0,0,0,0,0,0,0,0,0,0,0,0,0,0,0,0,0,0,0,0,0,0,0,0,0,0,0,0,0,0,0,0,0,0,0,0,0,0,0,0,0,0,0,0,0,0,0,0,0,0,0,25,0,31,0,0,0,14,0,6,0,0,0,0,0,0,0,0,0,28,0,0,0,26,0,107,0,180,0,177,0,2,0,0,0,0,0,0,0,0,0,10,0,26,0,52,0,14,0,289,0,72,110,486,0,2,0,220,12,50,0,198,0,0,0,0,0,0,0,0,0,0,0,5,0,2,0,0,0,3,0,0,0,17,0,44,8,0,0,0,427,0,0,0,1032,337,533,277,2,44,0
20,226,0,84,186,0,30,0,21,13,113,78,74,0,86,98,67,131,48,0,24,0,821,195,113,127,46,0,231,0,142,0,407,0,0,0,129,0,377,28,37,0,0,0,21,0,33,0,20,0,4,0,0,0,29,0,0,0,5,0,0,0,6,0,8,0,4,0,0,0,0,0,5,0,0,0,0,0,0,0,0,0,0,0,0,0,0,0,0,0,0,0,0,0,0,0,0,0,0,0,0,0,0,0,26,0,0,0,0,0,0,0,0,0,0,0,0,0,0,0,0,0,0,0,0,0,49,0,0,0,25,0,29,0,61,0,33,0,0,0,2,0,47,0,0,0,27,0,38,0,89,0,0,0,0,0,0,0,0,0,0,0,0,0,0,0,68,0,52,0,0,0,504,0,0,0,213,120,0,0,20,0,8,0,22,0,0,0,0,0,0,0,0,0,0,0,3,0,0,0,25,0,0,0,8,0,19,0,121,0,552,116,390,0,291,1,6,10,0,5,0,0,0,0,0
79,36,84,0,18,180,0,82,0,0,0,9,0,13,8,140,57,49,0,125,0,45,125,156,0,229,0,60,6,294,2,78,8,360,0,0,0,154,0,305,0,0,0,0,0,0,0,0,0,0,0,0,0,0,0,108,1,0,0,0,0,17,0,0,0,0,0,0,0,0,0,0,0,0,0,0,0,0,0,0,0,0,0,0,0,0,0,0,0,0,0,0,0,0,0,0,0,8,0,0,0,0,0,0,0,0,0,0,0,0,0,0,0,0,0,0,0,0,0,0,0,0,0,3,0,10,0,18,0,0,0,0,0,0,0,21,0,47,0,0,0,0,0,33,0,0,0,9,0,26,0,18,0,0,0,0,0,0,0,0,0,0,0,0,0,0,0,0,0,0,0,0,0,121,0,0,24,82,0,0,0,0,0,0,0,0,0,0,0,0,0,0,0,0,0,0,0,1,0,0,0,0,0,0,0,0,0,12,0,38,0,0,0,0,146,0,0,0,267,62,244,0,0,0,0
20,0,186,18,0,406,11,0,18,0,153,181,293,212,84,267,12,11,67,200,129,109,170,124,0,0,200,80,0,0,319,0,426,0,585,0,376,0,0,0,127,0,0,0,52,0,125,0,14,0,94,11,0,0,0,0,0,0,0,0,0,0,0,0,27,0,0,0,0,0,0,0,0,0,0,0,0,0,0,0,0,0,0,0,0,0,0,0,0,0,0,0,0,0,0,0,0,0,0,0,0,0,0,0,29,0,0,0,0,0,0,0,0,0,0,0,0,0,0,0,0,0,0,0,0,0,30,0,0,0,0,0,0,0,41,0,24,0,0,0,0,0,32,0,0,0,42,0,103,0,185,0,107,0,0,0,0,0,0,0,0,0,0,0,23,0,278,0,132,0,0,0,408,0,8,0,329,130,34,0,38,0,51,0,109,0,0,0,0,0,7,0,0,0,0,0,8,0,0,0,0,0,0,0,0,0,0,0,98,0,505,375,553,0,192,0,0,0,0,0,0,0,0,0,0
0,169,0,180,406,0,0,68,0,5,220,46,237,256,465,156,14,0,115,260,233,137,144,16,0,8,0,399,0,145,24,290,0,626,0,154,0,380,0,0,0,56,0,0,0,0,0,250,0,0,0,0,0,0,0,17,0,10,0,0,0,0,0,17,0,17,0,0,0,0,0,0,0,0,0,38,0,0,0,0,0,98,0,0,0,0,0,0,0,0,0,0,0,0,0,0,0,0,0,0,0,18,0,0,0,0,0,0,0,0,0,0,0,0,0,0,0,0,0,0,0,0,0,0,0,0,0,0,0,0,0,8,0,0,0,0,0,0,0,0,0,75,0,91,0,48,0,0,0,34,0,55,2,0,0,1,0,0,0,0,0,0,0,11,0,0,0,266,0,178,0,5,0,128,0,0,212,413,0,39,0,59,0,0,0,0,0,10,0,0,0,4,0,0,0,0,0,0,0,0,0,0,0,0,0,0,0,11,0,18,0,0,0,1,171,0,0,0,745,670,639,49,0,0,0
5,50,30,0,11,0,0,0,140,160,32,0,9,0,0,1,27,0,0,0,14,0,13,0,367,90,0,0,53,0,0,0,0,0,0,0,10,0,165,0,0,0,0,0,0,0,7,0,16,0,0,0,44,91,191,111,13,0,14,0,136,0,217,64,0,0,44,20,0,0,0,0,0,0,0,0,0,0,0,0,0,0,0,0,0,0,0,0,0,0,4,0,0,0,0,0,0,0,0,0,0,0,0,0,0,0,0,0,0,0,0,0,0,0,0,0,0,0,0,0,0,0,0,0,74,0,77,0,0,0,283,0,84,0,49,0,66,4,0,0,4,0,30,3,0,0,22,0,15,0,22,0,5,0,4,0,0,0,2,0,44,0,0,0,0,0,0,0,63,0,388,0,359,5,0,0,56,25,0,0,0,0,0,0,0,4,0,0,0,0,0,0,0,0,0,0,0,0,0,0,15,0,0,0,0,0,14,0,128,0,507,43,529,367,595,0,126,10,0,0,0,0,0,0,0
95,53,0,82,0,68,0,0,61,45,0,15,0,17,0,60,0,39,0,63,0,26,31,42,195,226,0,55,0,144,0,14,0,0,0,0,2,0,7,497,0,0,0,0,0,0,0,0,0,0,0,0,0,95,0,462,0,27,0,8,0,161,24,183,0,8,0,0,0,1,0,1,0,0,1,0,0,0,0,0,0,0,0,0,0,0,0,0,0,0,0,0,0,1,0,0,0,0,0,0,0,0,0,0,0,0,0,0,0,0,0,0,0,0,0,0,0,0,0,0,1,0,0,0,0,20,0,10,0,0,0,14,0,0,0,0,0,0,0,0,0,0,0,0,0,2,0,6,0,16,0,8,0,0,0,0,0,0,0,0,0,0,0,0,0,0,0,6,0,89,0,85,0,337,0,1,37,67,0,0,0,2,0,8,0,0,0,0,0,1,0,0,0,0,0,0,0,0,0,0,0,0,0,1,0,0,0,11,0,18,0,6,0,0,529,0,0,0,577,57,531,492,0,107,0
23,0,21,0,18,0,140,61,0,178,31,0,0,0,0,0,71,10,7,0,0,0,0,0,69,108,0,0,6,1,0,0,4,0,0,0,0,0,49,0,0,0,0,0,0,0,8,0,8,0,0,0,119,171,82,226,28,33,123,0,147,0,308,46,127,1,62,55,5,0,0,0,0,0,0,0,0,0,1,0,0,0,0,0,0,0,0,0,0,0,0,0,0,0,0,0,0,0,0,0,0,0,0,0,0,0,0,0,0,0,0,0,0,0,0,0,0,0,0,0,0,0,0,0,37,0,54,0,0,0,77,0,36,0,0,0,18,0,0,0,1,0,6,0,0,0,60,0,79,0,76,0,29,0,4,0,5,3,2,0,7,0,0,0,0,0,0,0,31,0,168,0,128,0,0,0,193,28,1,0,0,0,11,0,145,0,0,0,0,0,0,0,0,0,0,0,0,0,0,0,2,0,0,0,0,0,10,0,109,0,464,57,299,186,450,4,58,0,0,0,0,0,0,0,0
60,54,13,0,0,5,160,45,178,0,0,34,0,0,0,7,64,8,0,17,0,0,4,0,315,9,0,19,0,0,0,0,0,12,0,0,0,9,7,42,0,0,0,0,0,3,0,0,0,4,0,0,55,181,84,272,0,113,0,119,9,299,98,236,0,475,0,165,0,0,0,0,0,0,0,2,0,0,0,0,0,0,0,0,0,1,0,0,0,0,0,0,0,0,0,0,0,0,0,0,0,0,0,0,0,0,0,0,0,0,0,0,0,0,0,0,0,0,0,0,0,0,0,0,0,76,0,31,0,0,0,67,0,15,0,0,0,4,0,0,0,0,0,0,0,0,0,27,0,146,0,60,0,22,0,0,0,40,0,0,0,6,0,0,0,4,0,6,0,70,0,187,0,139,0,5,111,196,0,0,0,9,8,24,0,107,0,0,0,0,0,0,0,0,0,0,0,0,0,0,0,0,0,0,0,0,0,28,0,63,20,0,30,9,444,0,1,0,731,95,424,463,0,133,0
212,21,113,0,153,220,32,0,31,0,0,74,306,21,25,193,33,13,19,36,26,42,63,174,3,0,50,0,0,0,153,0,323,0,72,0,320,0,11,0,48,0,0,0,52,0,62,0,15,0,19,0,0,0,0,0,0,0,6,0,0,0,0,0,9,0,0,0,0,0,0,0,0,0,0,0,0,0,0,0,0,0,0,0,0,0,0,0,0,0,0,0,0,0,0,0,0,0,0,0,0,0,0,0,0,0,0,0,0,0,0,0,0,0,0,0,0,0,0,0,0,0,0,0,23,0,35,0,0,0,17,0,19,0,14,0,0,0,0,0,0,0,0,0,0,0,40,0,26,0,97,0,63,0,0,0,0,0,0,0,0,0,4,0,0,0,113,2,40,0,10,0,162,2,0,0,455,133,128,0,48,0,65,0,70,0,26,0,0,0,0,0,0,0,0,0,0,0,0,0,0,0,0,0,0,0,0,0,65,0,325,257,327,0,76,0,0,0,0,6,0,0,0,0,0
15,246,78,9,181,46,0,15,0,34,74,0,40,455,293,9,16,0,27,101,102,32,127,0,0,0,0,267,0,56,10,64,12,378,0,43,4,298,0,0,0,49,0,8,0,70,0,227,0,66,0,13,0,0,0,0,0,0,0,4,0,7,0,0,0,10,0,2,0,0,0,15,0,0,0,0,0,0,0,0,0,0,0,0,0,0,0,0,0,0,0,0,0,0,0,0,0,0,0,17,0,0,0,0,0,0,0,1,0,0,0,0,0,0,0,0,0,0,0,0,0,0,0,0,0,9,0,0,0,0,0,0,0,0,0,0,0,0,0,0,0,0,0,48,0,0,0,0,0,15,0,87,0,92,0,0,0,0,0,0,0,0,0,0,0,0,2,121,0,36,0,0,0,68,0,105,130,594,0,73,0,155,0,17,0,77,1,13,0,0,0,0,0,0,0,0,0,0,0,0,0,0,0,0,0,0,0,0,0,0,0,0,0,0,58,0,0,0,288,362,217,0,0,0,0
71,0,74,0,293,237,9,0,0,0,306,40,0,471,56,49,0,0,56,411,92,70,9,5,0,0,187,643,0,0,11,0,0,0,333,37,56,0,0,0,235,34,106,31,102,68,200,120,20,4,417,0,0,0,0,0,0,0,0,0,0,0,0,0,0,0,2,0,0,0,0,0,0,0,6,0,0,0,0,0,0,0,0,0,0,0,0,0,0,0,0,0,0,0,0,0,16,0,0,0,0,0,6,0,0,0,6,0,0,0,0,0,0,0,0,0,0,0,0,0,0,0,0,0,0,0,0,0,0,0,0,0,0,0,17,0,0,0,0,0,0,0,0,0,0,0,17,0,18,0,61,0,31,0,0,0,0,0,0,0,0,0,0,0,73,0,35,0,61,0,0,0,45,0,0,0,387,163,206,0,42,0,59,0,46,0,225,6,0,0,0,0,0,0,0,0,0,0,0,0,0,0,0,0,0,0,11,0,59,0,42,199,266,0,9,0,0,0,0,17,0,0,0,0,0
0,70,0,13,212,256,0,17,0,0,21,455,471,0,67,6,0,0,417,29,186,18,0,0,0,0,346,86,0,0,0,0,0,0,0,172,0,45,0,0,84,204,0,86,0,29,0,283,0,59,85,210,0,0,0,2,0,0,0,0,0,0,0,0,0,0,0,0,0,0,0,0,0,0,0,0,0,0,0,0,0,0,0,0,0,0,0,0,0,0,0,0,0,0,0,0,0,0,0,0,0,0,0,0,0,0,0,0,0,0,0,0,0,0,0,0,0,0,0,0,0,0,0,0,0,0,0,0,0,0,0,0,0,0,0,0,0,0,0,0,0,0,0,0,0,0,0,1,0,0,0,0,0,0,0,0,0,0,0,1,0,0,0,0,0,0,0,37,0,103,0,0,0,0,0,56,66,726,0,146,0,73,0,24,0,0,29,73,0,0,0,0,0,0,0,0,0,0,0,0,0,0,0,0,0,9,0,0,0,0,0,2,0,0,0,0,0,0,0,520,291,24,0,0,0
0,0,86,8,84,465,0,0,0,0,25,293,56,67,0,235,52,2,193,84,286,79,285,93,67,0,168,0,0,0,323,24,127,0,163,36,115,27,0,0,11,0,0,0,19,0,25,0,2,4,24,0,0,0,0,0,0,0,0,0,0,0,0,0,0,0,0,0,0,0,0,0,0,0,0,0,0,0,0,0,0,0,0,0,0,0,0,0,0,0,0,0,0,0,0,0,0,0,0,0,0,0,0,0,0,0,0,0,0,0,0,0,0,0,0,0,0,0,0,0,0,0,0,0,0,0,0,0,0,0,0,1,0,0,20,0,0,0,0,0,0,0,0,0,0,0,0,0,16,2,0,0,0,0,0,0,0,0,0,0,0,0,2,0,0,0,116,0,0,0,3,0,95,0,0,0,102,56,4,0,0,0,1,0,10,0,0,0,0,0,0,0,0,0,0,0,0,0,0,0,17,0,0,0,0,0,6,0,27,0,62,129,137,0,31,1,0,0,0,9,9,0,0,0,0
0,45,98,140,267,156,1,60,0,7,193,9,49,6,235,0,46,47,0,260,96,227,195,98,0,161,0,78,0,14,19,135,0,98,0,116,11,206,0,0,0,0,0,5,0,0,0,0,0,0,0,13,0,0,0,84,0,0,0,0,0,0,0,0,0,8,0,0,0,0,0,0,0,0,0,0,0,0,0,0,0,28,0,0,0,49,0,7,0,0,0,0,0,0,0,0,0,0,0,0,0,0,0,0,0,0,0,0,0,0,0,0,0,0,0,0,0,0,0,0,0,0,0,0,0,0,0,11,0,0,0,0,0,0,0,0,0,71,0,0,0,0,0,24,0,9,0,10,0,32,0,58,0,22,0,1,0,0,0,3,0,0,0,0,0,0,0,95,0,20,0,0,0,26,0,0,87,110,22,11,0,14,0,0,0,18,0,0,0,0,0,0,0,0,0,0,0,1,0,0,0,23,0,0,0,0,0,25,0,33,5,0,0,0,32,0,0,0,218,420,117,21,0,0,0
111,164,67,57,12,14,27,0,71,64,33,16,0,0,52,46,0,165,174,0,438,0,66,138,63,208,134,0,284,0,88,0,216,0,0,0,36,18,253,20,0,0,0,0,72,0,26,0,11,1,0,0,145,0,18,32,9,0,0,0,23,0,377,55,0,0,0,0,0,0,50,0,0,0,47,0,9,0,0,0,19,3,0,0,493,0,0,0,0,0,118,0,0,0,0,0,355,0,79,0,0,0,13,0,53,0,182,0,0,0,0,0,0,0,0,0,1,0,0,0,95,0,159,0,0,0,5,1,80,0,0,0,0,0,0,0,395,0,90,0,222,0,404,0,7,0,0,0,0,0,0,0,0,0,50,0,0,0,38,0,7,0,0,0,0,0,12,0,43,0,20,0,167,0,0,0,81,76,0,0,0,0,113,0,0,0,0,0,0,0,0,0,0,0,0,0,1,0,0,0,106,0,0,0,0,0,0,0,0,0,74,62,108,30,54,0,0,0,0,0,0,0,0,0,0
147,49,131,49,11,0,0,39,10,8,13,0,0,0,2,47,165,0,0,142,0,256,178,138,127,87,0,0,0,276,0,25,0,63,0,0,0,0,0,265,0,1,0,0,0,0,0,0,0,12,0,0,0,27,0,56,0,46,0,0,0,3,0,102,0,0,0,0,0,0,0,0,0,0,0,1,0,0,0,0,0,48,0,0,0,236,0,9,0,0,0,0,0,0,0,0,0,164,0,61,0,0,0,0,0,0,0,0,0,0,0,0,0,0,0,0,0,0,0,0,0,0,0,0,0,0,0,0,0,61,0,0,0,61,0,424,0,688,0,190,0,63,0,539,0,0,0,0,0,0,0,0,0,0,0,22,0,1,0,0,0,0,0,0,0,0,0,0,0,6,0,0,0,18,0,0,23,43,0,0,0,0,11,14,0,0,0,0,0,0,0,0,0,0,0,0,0,0,0,0,0,176,0,0,0,2,0,0,0,0,0,2,0,0,10,0,0,0,28,112,26,0,0,0,0
0,0,48,0,67,115,0,0,7,0,19,27,56,417,193,0,174,0,0,210,252,39,409,0,170,0,144,322,7,0,53,0,0,0,390,0,69,0,4,0,18,0,30,0,22,20,31,0,6,0,331,21,0,0,0,0,0,0,0,0,0,0,33,0,0,0,0,0,0,0,0,0,0,0,21,0,0,0,0,0,0,0,0,0,134,0,0,0,0,0,0,0,0,0,0,0,127,0,0,0,0,0,0,0,0,0,85,0,0,0,0,0,0,0,0,0,0,0,0,0,0,0,0,0,0,0,0,0,0,0,7,0,0,0,91,0,220,0,0,2,0,0,146,0,0,0,0,0,0,0,0,0,0,0,0,0,0,0,0,0,0,0,0,0,48,0,23,0,50,0,0,0,27,0,0,0,85,47,21,0,0,0,23,0,39,0,26,0,0,0,0,0,0,0,0,0,0,0,0,0,0,0,0,0,14,0,0,0,104,0,0,205,157,0,13,0,0,0,0,6,0,0,0,0,0
0,153,0,125,200,260,0,63,0,17,36,101,411,29,84,260,0,142,210,0,118,132,0,285,0,164,127,441,0,14,0,48,0,0,0,288,0,154,0,0,0,2,0,37,0,122,0,100,0,1,70,277,0,6,0,116,0,0,0,0,0,11,0,0,0,37,0,0,0,0,0,0,0,0,0,0,0,0,0,0,0,0,0,0,0,0,0,0,0,0,0,0,0,0,0,0,0,0,0,0,0,20,0,0,0,0,0,0,0,0,0,0,0,0,0,0,0,0,0,0,0,0,0,21,0,0,0,0,0,0,0,0,0,0,0,0,0,0,0,0,0,65,0,167,0,0,0,0,0,100,0,155,0,81,0,4,0,5,0,0,0,0,0,0,0,46,0,99,0,147,0,0,0,33,0,0,57,80,16,4,0,0,0,0,0,57,8,7,0,0,0,34,0,0,0,0,0,0,0,0,0,0,0,0,0,0,0,80,0,116,0,0,0,0,39,0,0,0,231,362,280,0,0,0,0
0,8,24,0,129,233,14,0,0,0,26,102,92,186,286,96,438,0,252,118,0,48,263,58,76,0,358,128,100,0,221,10,88,0,98,23,60,16,9,0,0,0,20,0,20,0,12,0,0,0,53,0,0,0,0,0,0,0,0,0,0,1,133,0,0,0,0,0,0,0,121,0,0,0,110,0,8,0,0,0,0,0,0,0,363,0,49,0,0,0,98,0,0,0,0,0,255,0,171,0,0,0,0,0,0,0,125,0,0,0,0,0,0,0,0,0,0,0,0,0,161,0,0,0,0,0,0,0,0,0,0,0,0,0,0,0,69,0,0,0,39,0,131,0,54,0,0,0,0,0,0,0,0,0,0,0,0,0,0,0,0,0,0,0,0,0,74,0,71,0,0,0,100,0,0,0,21,30,4,0,0,0,0,0,0,0,1,0,0,0,0,0,0,0,0,0,0,0,0,0,0,0,0,0,0,0,4,0,0,0,140,432,237,12,33,0,0,0,0,0,6,0,0,0,0
0,23,0,45,109,137,0,26,0,0,42,32,70,18,79,227,0,256,39,132,48,0,0,86,0,50,0,87,0,105,5,132,0,76,8,173,0,78,0,12,0,0,0,71,0,111,0,7,0,0,0,131,0,24,0,0,0,0,0,0,0,16,0,206,0,0,0,0,0,0,0,27,0,0,0,32,0,0,0,0,0,173,0,0,0,313,0,0,0,0,0,17,0,0,0,0,0,105,0,110,0,0,0,0,0,0,0,0,0,0,0,0,0,0,0,0,0,0,0,0,0,59,0,36,0,0,0,0,0,0,0,0,0,0,0,138,0,249,0,144,0,280,0,472,0,54,0,0,0,0,0,0,1,0,0,8,0,2,0,0,0,0,0,0,0,0,0,60,0,73,0,0,0,37,0,0,18,45,8,6,0,0,0,0,0,0,1,12,0,0,0,0,0,0,0,0,0,0,0,0,0,0,0,0,0,0,0,0,0,0,0,0,0,0,81,0,0,0,395,664,255,0,0,0,0
79,242,821,125,170,144,13,31,0,4,63,127,9,0,285,195,66,178,409,0,263,0,0,437,143,79,125,0,55,0,62,0,122,0,0,0,45,0,31,0,17,0,0,0,38,0,58,0,7,0,0,0,0,0,123,0,13,0,17,0,0,0,14,7,0,0,0,0,0,0,0,0,3,0,5,0,0,0,0,0,0,0,0,0,61,0,0,0,0,0,0,0,0,0,0,0,43,0,0,0,0,0,0,0,46,0,0,0,0,0,0,0,0,0,0,0,0,0,0,0,0,0,0,0,0,0,0,0,0,0,0,0,0,0,70,0,206,0,0,0,16,0,140,0,0,0,6,0,0,0,59,0,0,0,10,0,0,0,0,0,0,0,0,0,0,0,27,0,18,0,0,0,126,0,0,0,247,238,0,0,30,0,44,0,0,0,0,0,0,0,0,0,0,0,0,0,0,0,0,0,78,0,0,0,7,0,20,0,98,2,150,143,150,19,62,0,0,1,43,9,0,0,0,0,0
132,13,195,156,124,16,0,42,0,0,174,0,5,0,93,98,138,138,0,285,58,86,437,0,19,166,0,49,0,67,20,43,24,77,0,6,0,36,0,0,0,0,0,0,0,0,0,0,0,0,0,0,0,0,0,66,0,10,0,0,0,3,0,29,0,0,0,0,0,0,0,0,0,0,0,4,0,0,0,0,0,0,0,0,0,107,0,0,0,0,0,7,0,0,0,0,0,73,0,19,0,10,0,0,0,0,0,0,0,0,0,0,0,0,0,0,0,0,0,0,0,0,0,0,0,0,0,0,0,0,0,0,0,0,0,138,0,171,0,13,0,4,0,107,0,0,0,0,0,1,4,0,0,0,0,0,0,1,0,2,0,0,0,0,0,0,0,0,0,0,0,0,0,35,0,0,51,114,0,0,0,0,0,0,0,1,0,0,0,0,0,0,0,0,0,0,0,0,0,0,0,92,0,0,0,0,0,0,0,0,0,0,0,0,32,0,0,0,136,653,62,0,0,0,0
26,213,113,0,0,0,367,195,69,315,3,0,0,0,67,0,63,127,170,0,76,0,143,19,0,463,49,0,5,0,7,0,0,0,0,0,0,0,15,29,0,0,0,0,19,0,31,0,1,1,0,0,69,111,185,160,41,0,17,0,11,10,37,208,0,0,0,12,0,0,0,0,0,0,0,0,0,0,0,0,0,0,0,0,0,0,0,0,0,0,0,0,0,0,0,0,38,0,0,0,0,0,0,0,32,0,32,0,0,0,0,0,0,0,0,0,0,0,0,0,0,0,0,0,0,0,12,0,93,0,0,0,59,0,71,0,340,0,16,0,32,0,175,7,0,0,0,0,0,0,16,0,0,0,39,0,0,0,24,0,18,0,0,0,0,0,0,0,8,0,19,0,25,13,0,0,82,43,0,0,0,0,39,0,0,0,0,0,0,0,0,0,0,0,0,0,0,0,0,0,70,0,0,0,3,0,8,0,56,0,45,15,64,12,44,0,3,0,75,7,0,0,0,0,0
264,54,127,229,0,8,90,226,108,9,0,0,0,0,0,161,208,87,0,164,0,50,79,166,463,0,0,54,0,67,0,10,0,17,0,0,0,38,0,102,0,0,0,0,0,22,0,0,0,0,0,0,0,29,0,508,1,75,0,18,0,8,39,33,0,0,0,0,0,0,0,0,0,0,0,0,0,0,0,0,0,0,0,0,0,24,0,0,0,0,0,0,0,0,0,0,3,32,0,0,0,0,0,0,0,0,0,11,0,0,0,0,0,0,0,0,0,0,0,0,0,0,0,0,0,0,0,0,0,15,0,0,0,57,0,175,0,452,0,40,0,9,0,57,0,0,0,0,0,0,0,12,0,0,0,0,0,0,0,0,0,0,0,0,0,0,0,0,0,0,0,4,0,53,0,0,64,79,0,0,0,0,35,12,0,0,0,0,0,0,0,20,0,0,0,0,0,2,0,0,0,152,0,0,0,0,0,55,0,143,0,0,0,0,53,0,0,0,108,151,85,34,0,9,0
18,0,46,0,200,0,0,0,0,0,50,0,187,346,168,0,134,0,144,127,358,0,125,0,49,0,0,543,119,0,111,0,17,0,81,0,71,0,12,0,34,95,143,0,297,62,115,218,22,3,372,31,0,0,0,0,0,0,0,0,0,0,109,0,0,0,0,0,0,0,154,0,0,0,109,0,0,0,0,0,0,0,89,0,0,0,0,0,0,0,0,0,0,0,0,0,246,0,0,0,0,0,0,0,0,0,141,0,0,0,0,0,0,0,0,0,2,0,0,0,0,0,0,0,0,0,20,0,0,0,0,0,0,0,40,0,0,0,0,0,0,0,0,0,81,0,0,0,41,0,85,0,0,0,0,0,0,0,0,0,0,0,0,0,187,0,0,0,93,0,0,0,24,0,0,0,37,98,15,0,0,0,26,0,26,0,77,4,0,0,0,0,0,0,0,0,0,0,0,0,0,0,0,0,0,0,0,0,58,0,0,314,672,0,9,0,0,15,0,37,0,0,0,0,1
0,203,0,60,80,399,0,55,0,19,0,267,643,86,0,78,0,0,322,441,128,87,0,49,0,54,543,0,0,0,0,17,0,0,63,155,0,0,0,0,329,21,0,189,74,236,136,105,0,21,158,404,0,0,0,0,0,0,0,0,0,0,0,39,0,36,0,0,0,5,0,0,0,0,0,0,0,0,0,0,0,0,0,0,0,0,0,39,0,0,0,0,0,0,0,0,0,48,0,0,0,34,0,0,0,0,0,0,0,0,0,0,0,0,0,0,0,0,0,0,0,30,0,22,0,0,0,0,0,0,0,0,0,0,0,0,0,0,0,0,0,0,0,0,0,17,0,0,0,61,0,113,0,0,0,0,0,0,0,0,0,0,0,0,0,86,0,15,0,92,0,0,0,10,0,0,25,200,0,6,0,74,0,2,0,61,47,30,0,0,0,0,0,0,0,0,0,0,0,0,0,0,0,0,0,0,0,38,0,82,0,0,0,0,33,0,0,0,185,1098,455,36,0,0,0
99,3,231,6,0,0,53,0,6,0,0,0,0,0,0,0,284,0,7,0,100,0,55,0,5,0,119,0,0,0,63,0,23,0,42,0,55,0,9,0,0,0,66,0,37,0,0,0,0,0,33,0,5,0,0,0,0,0,0,0,5,0,67,0,0,0,0,0,0,0,38,0,0,0,24,0,0,0,0,0,0,0,0,0,76,0,12,0,0,0,0,0,0,0,0,0,40,0,0,0,0,0,0,0,0,0,0,0,0,0,0,0,0,0,0,0,0,0,0,0,42,0,43,0,0,0,0,0,0,0,0,0,0,0,0,0,36,0,54,0,71,0,70,0,53,0,0,0,0,0,0,0,0,0,0,0,1,0,0,0,0,0,0,0,3,0,0,0,4,0,0,0,0,0,0,0,12,3,0,0,0,0,22,0,0,0,0,0,0,0,0,0,0,0,0,0,0,0,0,0,0,0,0,0,0,0,0,0,0,0,0,0,4,0,0,0,0,0,0,0,0,0,0,0,0
6,144,0,294,0,145,0,144,1,0,0,56,0,0,0,14,0,276,0,14,0,105,0,67,0,67,0,0,0,0,0,63,0,28,0,167,0,96,0,35,0,0,0,21,0,0,0,0,0,0,0,41,0,20,0,22,0,0,0,1,0,12,0,216,0,0,0,0,0,0,0,0,0,0,0,0,0,0,0,0,0,0,0,0,0,56,0,0,0,0,0,3,0,0,0,0,0,0,0,11,0,0,0,0,0,0,0,0,0,0,0,0,0,0,0,0,0,0,0,0,0,0,0,0,0,0,0,0,0,0,0,0,0,0,0,41,0,144,0,126,0,118,0,174,0,26,0,0,0,0,0,0,0,0,0,11,0,27,0,21,0,0,0,0,0,0,0,0,0,0,0,0,0,0,0,0,0,0,0,5,0,0,0,5,0,0,0,0,0,0,0,0,0,0,0,0,0,0,0,0,0,0,0,0,0,0,0,0,0,0,0,0,0,0,0,0,0,0,35,54,8,0,0,0,0
0,5,142,2,319,24,0,0,0,0,153,10,11,0,323,19,88,0,53,0,221,5,62,20,7,0,111,0,63,0,0,0,37,2,70,0,23,0,23,0,0,0,159,0,28,0,0,0,0,0,55,0,0,0,0,0,0,0,0,0,2,0,33,0,0,0,0,0,0,0,34,0,0,0,28,0,0,0,0,0,0,0,0,0,0,0,0,0,0,0,0,0,0,0,0,0,0,0,0,0,0,0,0,0,0,0,0,0,0,0,0,0,0,0,0,0,0,0,0,0,35,0,22,0,0,0,0,0,0,0,0,0,0,0,0,0,0,0,0,0,0,0,0,1,23,0,0,0,0,0,0,0,0,0,0,0,0,0,0,0,0,0,0,0,0,0,41,0,12,0,0,0,23,0,0,0,10,0,0,0,0,0,0,0,0,0,0,0,0,0,0,0,0,0,0,0,0,0,0,0,0,0,0,0,0,0,0,0,0,0,45,91,54,0,16,0,0,0,0,0,0,0,0,0,0
0,42,0,78,0,290,0,14,0,0,0,64,0,0,24,135,0,25,0,48,10,132,0,43,0,10,0,17,0,63,0,0,0,6,0,139,0,29,0,11,0,0,0,55,0,16,0,0,0,0,0,107,0,3,0,0,0,0,0,0,0,3,0,19,0,7,0,0,0,0,0,0,0,0,0,0,0,0,0,0,0,0,0,0,0,0,0,0,0,0,0,0,0,0,0,0,0,0,0,3,0,0,0,0,0,0,0,0,0,0,0,0,0,0,0,0,0,0,0,0,0,0,0,0,0,0,0,0,0,0,0,0,0,0,0,0,0,0,0,30,0,38,0,32,0,0,0,0,0,0,0,0,0,18,0,0,0,1,0,0,0,0,0,0,0,0,0,31,0,7,0,0,0,0,0,0,0,47,0,9,0,0,0,0,0,0,0,7,0,0,0,0,0,0,0,0,0,0,0,0,0,5,0,0,0,3,0,0,0,0,0,0,0,0,34,0,0,0,83,159,58,10,1,0,0
155,0,407,8,426,0,0,0,4,0,323,12,0,0,127,0,216,0,0,0,88,0,122,24,0,0,17,0,23,0,37,0,0,0,115,0,111,0,5,0,0,0,61,0,18,0,4,0,0,0,22,0,2,0,0,0,0,0,0,0,13,0,17,0,0,0,0,0,0,0,0,0,0,0,0,0,0,0,0,0,0,0,0,0,15,0,0,0,0,0,0,0,0,0,0,0,0,0,0,0,0,0,0,0,0,0,6,0,0,0,0,0,0,0,0,0,0,0,0,0,0,0,0,0,0,0,0,0,0,0,0,0,0,0,0,0,0,0,8,0,20,0,0,0,27,0,0,0,0,0,0,0,0,0,0,0,6,0,0,0,0,0,0,0,0,0,19,0,0,0,0,0,24,0,0,0,59,8,12,0,0,0,53,0,0,0,0,0,0,0,0,0,0,0,0,0,0,0,0,0,0,0,0,0,0,0,0,0,0,0,52,99,43,0,13,0,0,0,0,0,0,0,0,0,0
0,310,0,360,0,626,0,0,0,12,0,378,0,0,0,98,0,63,0,0,0,76,0,77,0,17,0,0,0,28,2,6,0,0,0,133,0,138,0,6,0,0,0,25,0,30,0,0,0,7,0,70,0,0,0,16,0,0,0,0,0,19,0,56,0,21,0,0,0,0,0,1,0,0,0,0,0,0,0,0,0,0,0,0,0,0,0,0,0,0,0,0,0,0,0,0,0,0,0,0,0,1,0,0,0,0,0,1,0,0,0,0,0,0,0,0,0,0,0,0,0,3,0,0,0,0,0,0,0,0,0,0,0,0,0,0,0,0,0,84,0,61,0,42,0,39,0,0,0,0,0,0,0,45,0,8,0,33,0,0,0,0,0,0,0,0,0,41,0,0,0,4,0,11,0,0,0,194,0,39,0,0,0,0,0,0,0,0,0,0,0,0,0,2,0,0,0,0,0,0,0,0,0,0,0,0,0,0,0,0,0,0,0,0,0,0,0,0,117,254,53,0,2,0,0
0,0,0,0,585,0,0,0,0,0,72,0,333,0,163,0,0,0,390,0,98,8,0,0,0,0,81,63,42,0,70,0,115,0,0,0,114,0,14,0,0,0,87,0,28,0,4,0,6,0,139,0,0,0,0,0,2,0,0,0,0,0,0,0,0,0,0,0,0,0,0,0,0,0,9,0,0,0,0,0,0,0,0,0,0,0,0,0,0,0,0,0,0,0,0,0,0,0,0,0,0,0,0,0,0,0,0,0,0,0,0,0,0,0,0,0,0,0,0,0,21,0,0,0,0,0,0,0,0,0,0,0,0,0,0,0,0,0,0,0,0,0,0,0,0,0,0,0,0,0,0,0,0,0,0,0,0,0,0,0,0,0,2,0,0,0,87,0,84,0,0,0,64,0,0,0,0,0,15,0,0,0,0,0,0,0,0,0,0,0,0,0,0,0,0,0,0,0,0,0,0,0,0,0,0,0,0,0,0,0,0,173,258,0,0,0,0,0,0,0,0,0,0,0,0
0,0,0,0,0,154,0,0,0,0,0,43,37,172,36,116,0,0,0,288,23,173,0,6,0,0,0,155,0,167,0,139,0,133,0,0,2,209,0,19,0,0,0,36,0,27,0,3,0,8,0,81,0,1,0,0,0,0,0,0,0,0,0,21,0,0,0,0,0,0,0,0,0,0,0,0,0,0,0,0,0,24,0,0,0,38,0,0,0,0,0,0,0,0,0,0,0,0,0,21,0,0,0,0,0,0,0,0,0,0,0,0,0,0,0,0,0,0,0,0,0,0,0,8,0,0,0,0,0,0,0,0,0,0,0,0,0,0,0,38,0,148,0,67,0,49,0,0,0,0,0,0,0,0,0,5,0,0,0,0,0,0,0,0,0,27,0,73,0,65,0,5,0,19,0,0,0,60,0,15,0,0,0,0,0,0,0,92,0,0,0,0,0,0,0,0,0,0,0,0,0,0,0,0,0,0,0,0,0,0,0,0,0,0,0,0,0,0,95,166,171,0,0,0,0
92,0,129,0,376,0,10,2,0,0,320,4,56,0,115,11,36,0,69,0,60,0,45,0,0,0,71,0,55,0,23,0,111,0,114,2,0,0,48,0,0,0,133,0,134,0,4,0,7,0,116,0,0,0,0,0,0,0,0,0,41,0,42,0,0,0,1,0,0,0,164,0,0,0,126,0,0,0,0,0,43,0,0,0,108,0,25,0,0,0,0,0,0,0,0,0,77,0,142,0,0,0,0,0,0,0,0,0,0,0,0,0,0,0,0,0,0,0,0,0,129,0,0,0,0,0,0,0,0,0,0,0,0,0,0,0,0,0,64,0,113,0,0,0,253,0,0,0,0,0,0,0,0,0,3,0,20,0,0,0,1,0,18,0,13,0,23,0,43,0,29,0,87,0,0,0,40,0,12,0,0,0,36,0,0,0,0,0,0,0,0,0,0,0,0,0,0,0,0,0,0,0,0,0,0,0,0,0,0,0,28,83,79,0,8,0,0,0,0,0,0,0,0,0,0
0,313,0,154,0,380,0,0,0,9,0,298,0,45,27,206,18,0,0,154,16,78,0,36,0,38,0,0,0,96,0,29,0,138,0,209,0,0,0,43,0,0,0,83,0,25,0,0,0,17,0,127,0,2,0,0,0,0,0,0,0,47,0,26,0,0,0,0,0,0,0,0,0,0,0,0,0,0,0,0,0,18,0,0,0,0,0,0,0,0,0,0,0,0,0,0,0,0,0,0,0,0,0,0,0,0,0,0,0,0,0,0,0,0,0,0,0,0,0,0,0,12,0,0,0,0,0,0,0,7,0,0,0,0,0,0,0,0,0,141,0,234,0,58,0,126,0,0,0,0,0,0,0,0,0,5,0,38,0,8,0,0,0,5,0,11,0,41,0,46,0,8,0,46,0,0,0,242,0,49,0,0,0,34,0,0,0,46,0,0,0,0,0,0,0,0,0,0,0,0,0,0,0,0,0,0,0,6,0,0,2,0,0,0,5,0,0,0,27,373,73,4,0,1,0
364,0,377,0,0,0,165,7,49,7,11,0,0,0,0,0,253,0,4,0,9,0,31,0,15,0,12,0,9,0,23,0,5,0,14,0,48,0,0,0,0,0,0,0,7,0,0,0,0,0,4,0,3,0,0,0,0,0,0,0,13,0,61,0,0,0,1,0,0,0,34,0,0,0,31,0,0,0,0,0,0,0,0,0,45,0,9,0,0,0,0,0,0,0,0,0,24,0,0,0,0,0,0,0,0,0,0,0,0,0,0,0,0,0,0,0,0,0,0,0,0,0,0,0,0,0,0,0,0,0,0,0,0,0,0,0,28,0,88,0,111,0,0,0,126,0,0,0,0,0,0,0,0,0,2,0,10,0,4,0,0,0,0,0,0,0,2,0,0,0,9,0,23,0,0,0,83,0,0,0,0,0,73,0,0,0,0,0,0,0,0,0,0,0,0,0,0,0,0,0,0,0,0,0,0,0,0,0,0,0,61,109,13,11,34,0,2,0,0,0,0,0,0,0,0
0,467,28,305,0,0,0,497,0,42,0,0,0,0,0,0,20,265,0,0,0,12,0,0,29,102,0,0,0,35,0,11,0,6,0,19,0,43,0,0,0,0,0,0,0,0,0,0,0,0,0,7,0,9,0,15,0,0,0,0,0,18,0,179,0,0,0,0,0,0,0,0,0,0,0,0,0,0,0,0,0,0,0,0,0,0,0,0,0,0,0,0,0,0,0,0,0,0,0,0,0,0,0,0,0,0,0,0,0,0,0,0,0,0,0,0,0,0,0,0,0,0,0,0,0,0,0,0,0,0,0,0,0,0,0,14,0,0,0,134,0,104,0,49,0,59,0,0,0,0,0,0,0,0,0,5,0,25,0,15,0,1,0,0,0,0,0,2,0,0,0,0,0,39,0,0,0,113,0,0,0,0,0,81,0,0,0,1,0,0,0,0,0,0,0,0,0,0,0,0,0,0,0,0,0,0,0,0,0,0,0,0,0,0,0,0,0,0,13,155,8,0,0,2,0
8,0,37,0,127,0,0,0,0,0,48,0,235,84,11,0,0,0,18,0,0,0,17,0,0,0,34,329,0,0,0,0,0,0,0,0,0,0,0,0,0,80,38,22,71,140,115,202,137,15,54,22,0,0,0,0,0,0,0,0,0,0,0,0,0,0,0,0,0,0,0,0,0,0,0,0,0,0,0,0,0,0,0,0,0,0,0,0,0,0,0,0,0,0,0,0,0,0,0,0,0,0,0,0,0,0,0,0,0,0,0,0,0,0,0,0,0,0,0,0,0,0,0,0,0,0,0,0,0,0,0,0,0,0,0,0,32,0,0,0,0,0,0,0,0,0,0,0,0,0,71,0,0,0,0,0,0,0,1,0,0,0,0,0,19,0,0,0,0,0,0,0,0,0,0,0,22,89,42,0,0,0,27,0,0,0,274,4,0,0,0,0,0,0,0,0,0,0,0,0,0,0,0,0,0,0,0,0,0,0,0,111,85,0,0,0,0,61,0,102,0,0,0,0,0
0,20,0,0,0,56,0,0,0,0,0,49,34,204,0,0,0,1,0,2,0,0,0,0,0,0,95,21,0,0,0,0,0,0,0,0,0,0,0,0,80,0,0,24,40,81,81,139,22,140,8,0,0,0,0,0,0,0,0,0,0,0,0,0,0,0,0,0,0,0,0,0,0,0,0,0,0,0,0,0,0,0,0,0,0,0,0,0,0,0,0,0,0,0,0,0,0,2,0,0,0,0,0,0,0,0,0,0,0,0,0,0,0,0,0,0,0,0,0,0,0,0,0,0,0,0,0,0,0,0,0,0,0,0,0,0,0,0,0,0,0,0,0,0,0,0,0,0,0,0,0,0,0,0,0,0,0,0,0,0,0,0,0,0,0,12,0,0,0,0,0,0,0,0,0,0,0,297,0,84,0,0,0,0,0,0,28,18,0,0,0,0,0,0,0,0,0,0,0,0,0,0,0,0,0,0,0,0,0,0,0,0,0,0,0,0,0,0,2,200,32,0,0,0,32
0,0,0,0,0,0,0,0,0,0,0,0,106,0,0,0,0,0,30,0,20,0,0,0,0,0,143,0,66,0,159,0,61,0,87,0,133,0,0,0,38,0,0,0,123,5,22,0,38,0,32,7,0,0,0,0,0,0,0,0,0,0,18,0,0,0,0,0,0,0,37,0,0,0,0,0,0,0,0,0,7,0,0,0,0,0,0,0,0,0,13,0,0,0,0,0,30,0,0,0,0,0,0,0,3,0,0,0,0,0,0,0,0,0,0,0,0,0,0,0,0,0,0,0,0,0,0,0,0,0,0,0,0,0,0,0,0,0,0,0,0,0,0,0,0,0,0,0,0,0,0,0,0,0,1,0,0,0,0,0,0,0,0,0,33,0,18,0,0,0,0,0,9,0,0,0,0,0,5,0,0,0,0,0,0,0,19,0,0,0,0,0,0,0,0,0,0,0,0,0,0,0,0,0,0,0,0,0,0,0,13,73,70,0,0,0,0,0,0,3,2,0,0,0,0
0,0,0,0,0,0,0,0,0,0,0,8,31,86,0,5,0,0,0,37,0,71,0,0,0,0,0,189,0,21,0,55,0,25,0,36,0,83,0,0,22,24,0,0,8,272,0,29,0,71,5,57,0,0,0,0,0,0,0,0,0,0,0,0,0,0,0,0,0,0,0,0,0,0,0,0,0,0,0,0,0,0,0,0,0,0,0,0,0,0,0,0,0,0,0,0,0,0,0,0,0,0,0,0,0,0,0,0,0,0,0,0,0,0,0,0,0,0,0,0,0,0,0,0,0,0,0,0,0,0,0,0,0,0,0,0,0,0,0,0,0,107,0,87,0,26,0,0,0,0,0,0,0,0,0,0,0,4,0,0,0,0,0,0,0,56,0,25,0,45,0,1,0,10,0,0,2,22,0,0,0,0,0,0,0,0,3,35,0,0,0,0,0,0,0,0,0,0,0,0,0,0,0,0,0,0,0,0,0,0,0,0,0,0,0,0,0,0,0,300,272,17,0,0,0
0,0,21,0,52,0,0,0,0,0,52,0,102,0,19,0,72,0,22,0,20,0,38,0,19,0,297,74,37,0,28,0,18,0,28,0,134,0,7,0,71,40,123,8,0,36,94,103,282,32,153,0,0,0,0,0,0,0,0,0,0,0,89,0,0,0,0,0,30,0,133,0,0,0,104,0,0,0,0,0,0,0,78,0,0,0,0,0,0,0,60,0,49,0,0,0,148,0,0,0,40,0,0,1,39,0,113,0,0,0,0,0,0,0,0,0,0,0,0,0,128,0,0,0,0,0,0,0,0,0,0,0,0,0,25,0,79,0,0,0,0,0,86,0,43,0,12,0,0,0,78,0,0,0,0,0,0,0,0,0,0,0,0,0,375,4,44,0,73,0,13,0,38,0,0,0,25,32,29,0,29,0,35,0,35,0,73,1,0,0,0,0,0,0,0,0,3,0,0,0,54,0,0,0,0,0,0,0,0,0,45,169,456,5,0,0,0,95,0,30,0,0,0,0,0
0,58,0,0,0,0,0,0,0,3,0,70,68,29,0,0,0,0,20,122,0,111,0,0,0,22,62,236,0,0,0,16,0,30,0,27,0,25,0,0,140,81,5,272,36,0,80,204,14,148,15,179,0,0,0,0,0,13,0,2,0,2,0,0,0,0,0,0,0,28,0,20,0,0,0,29,0,14,0,0,0,122,0,100,0,115,0,34,0,24,0,0,0,37,0,167,0,35,0,48,0,29,0,28,0,0,0,24,0,0,0,0,0,0,0,0,0,0,0,0,0,32,0,15,0,0,0,4,0,0,0,0,0,0,0,38,0,0,0,11,0,92,0,120,0,37,0,0,0,18,0,26,0,0,0,0,0,0,0,0,0,0,0,0,0,224,0,47,0,86,0,13,0,38,0,6,0,121,0,12,0,26,0,0,0,0,30,38,0,0,0,0,0,0,0,39,0,0,0,0,0,0,0,0,0,0,0,0,0,0,0,4,0,0,25,0,0,0,86,408,570,15,0,4,94
13,0,33,0,125,0,7,0,8,0,62,0,200,0,25,0,26,0,31,0,12,0,58,0,31,0,115,136,0,0,0,0,4,0,4,0,4,0,0,0,115,81,22,0,94,80,0,161,157,18,37,0,3,0,42,0,10,0,0,0,0,0,25,0,8,0,0,0,4,0,10,0,0,0,13,0,0,0,0,0,0,0,0,0,66,0,0,0,0,0,24,0,0,0,0,0,54,0,0,0,4,0,0,0,41,0,37,0,0,0,0,0,0,0,0,0,0,0,0,0,20,0,0,0,0,0,0,0,0,0,0,0,20,0,38,0,85,0,0,0,15,0,53,0,0,0,14,0,31,0,0,0,87,0,3,0,0,0,0,0,0,0,0,0,38,0,0,0,0,0,0,0,0,0,0,0,23,56,35,0,43,1,62,0,0,0,150,1,0,0,0,0,0,0,0,0,0,0,0,0,0,0,0,0,0,0,0,0,56,0,19,173,161,3,0,0,0,122,0,67,0,0,0,0,0
0,88,0,0,0,250,0,0,0,0,0,227,120,283,0,0,0,0,0,100,0,7,0,0,0,0,218,105,0,0,0,0,0,0,0,3,0,0,0,0,202,139,0,29,103,204,161,0,34,145,0,33,0,0,0,0,0,0,0,0,0,0,0,0,0,0,0,0,0,0,0,0,0,0,0,0,0,0,0,0,0,0,0,0,0,0,0,0,0,0,0,0,0,0,0,0,0,0,0,0,0,0,0,0,0,0,0,2,0,0,0,0,0,0,0,0,0,0,0,0,0,0,0,0,0,0,0,0,0,0,0,0,0,0,0,0,0,0,0,0,0,0,0,0,0,0,0,0,0,0,0,15,0,17,0,0,0,0,0,0,0,0,0,0,0,31,0,0,0,0,0,0,0,0,0,0,5,249,0,19,0,20,0,0,0,0,72,23,0,0,0,0,0,0,0,0,0,0,0,0,0,0,0,0,0,0,0,0,0,9,0,10,0,0,0,0,0,1,0,452,153,0,0,0,91
20,0,20,0,14,0,16,0,8,0,15,0,20,0,2,0,11,0,6,0,0,0,7,0,1,0,22,0,0,0,0,0,0,0,6,0,7,0,0,0,137,22,38,0,282,14,157,34,0,30,31,0,0,0,3,0,11,0,9,0,0,0,2,0,4,0,1,0,17,0,0,0,0,0,7,0,0,0,0,0,4,0,34,0,19,0,4,0,10,0,0,0,40,0,6,0,0,0,6,0,8,0,27,0,0,0,0,0,0,0,0,0,0,0,0,0,0,0,0,0,11,0,0,0,5,0,1,0,0,0,4,0,3,0,0,0,9,1,0,0,0,1,0,1,0,0,0,1,4,0,14,0,0,0,0,0,0,0,3,0,7,0,7,0,30,0,16,0,14,0,9,0,38,0,0,0,54,21,39,0,21,0,5,0,0,0,149,0,36,0,12,0,16,0,35,0,0,0,10,0,15,0,14,0,16,0,2,0,4,0,28,50,175,10,114,0,2,16,0,19,0,0,0,0,0
0,21,0,0,0,0,0,0,0,4,0,66,4,59,4,0,1,12,0,1,0,0,0,0,1,0,3,21,0,0,0,0,0,7,0,8,0,17,0,0,15,140,0,71,32,148,18,145,30,0,0,49,0,0,0,0,0,10,0,4,0,0,0,0,0,0,0,1,0,1,0,19,0,0,0,0,0,2,0,0,0,47,0,7,0,95,0,0,0,0,0,0,0,0,0,12,0,0,0,0,0,0,0,2,0,0,0,0,0,0,0,0,0,0,0,0,0,0,0,0,0,35,0,25,0,0,0,0,0,0,0,0,0,0,0,0,0,0,0,0,0,0,0,66,0,0,0,0,0,0,0,28,0,31,0,0,0,0,0,2,0,0,0,0,0,30,0,12,0,9,0,12,0,11,0,29,0,136,0,30,0,46,0,0,0,14,38,27,0,0,0,0,0,0,0,0,0,0,0,0,0,0,0,0,0,0,0,0,0,0,0,6,0,0,0,0,0,4,49,100,22,0,0,0,28
0,0,4,0,94,0,0,0,0,0,19,0,417,85,24,0,0,0,331,70,53,0,0,0,0,0,372,158,33,0,55,0,22,0,139,0,116,0,4,0,54,8,32,5,153,15,37,0,31,0,0,0,0,0,0,0,0,0,0,0,0,0,8,0,0,0,0,0,11,0,78,0,8,0,45,0,0,0,0,0,17,0,67,0,51,0,26,0,0,0,11,0,0,0,11,0,37,0,60,0,10,0,12,0,0,0,16,0,0,0,0,0,0,0,0,0,0,0,0,0,65,0,0,0,0,0,0,0,0,0,0,0,0,0,0,0,0,0,0,0,0,0,0,0,7,0,2,0,0,0,0,0,0,0,0,0,1,0,0,0,0,0,7,0,85,0,35,0,108,0,11,0,66,0,0,0,0,18,13,0,0,0,0,0,0,0,37,0,0,0,0,0,0,0,0,0,0,0,0,0,0,0,0,0,0,0,0,0,0,0,54,113,133,0,11,0,1,1,0,7,0,0,0,0,0
0,0,0,0,11,0,0,0,0,0,0,13,0,210,0,13,0,0,21,277,0,131,0,0,0,0,31,404,0,41,0,107,0,70,0,81,0,127,0,7,22,0,7,57,0,179,0,33,0,49,0,0,0,0,0,0,0,0,0,0,0,0,0,22,0,0,0,0,0,0,0,6,0,0,0,5,0,0,0,0,0,63,0,15,0,47,0,0,0,0,0,5,0,0,0,63,0,0,0,0,0,13,0,0,0,0,0,0,0,0,0,0,0,0,0,0,0,0,0,0,0,0,0,0,0,0,0,0,0,0,0,0,0,5,0,0,0,0,0,30,0,123,0,76,0,41,0,0,0,5,0,0,0,0,0,0,0,0,0,0,0,0,0,0,0,72,0,78,0,117,0,0,0,34,0,0,0,33,0,0,0,0,0,0,0,0,0,103,0,0,0,0,0,0,0,0,0,0,0,0,0,0,0,0,0,0,0,0,0,0,0,0,0,0,0,0,0,0,0,98,162,0,0,0,0
0,0,0,0,0,0,44,0,119,55,0,0,0,0,0,0,145,0,0,0,0,0,0,0,69,0,0,0,5,0,0,0,2,0,0,0,0,0,3,0,0,0,0,0,0,0,3,0,0,0,0,0,0,103,59,108,96,44,43,48,43,0,58,3,1,0,35,90,0,0,0,0,0,0,0,0,0,0,0,0,0,0,5,0,33,0,0,0,0,0,0,0,0,0,0,0,25,0,0,0,0,0,0,0,0,0,17,0,0,0,0,0,0,0,0,0,0,0,0,0,0,0,0,0,2,0,5,0,118,0,12,0,17,0,0,0,189,0,304,0,116,0,83,0,59,0,0,0,0,0,0,0,0,0,220,6,96,0,206,0,54,0,0,0,0,0,0,0,0,0,48,0,4,0,0,3,8,0,0,0,0,3,5,0,164,2,0,0,0,0,0,0,0,0,0,0,0,0,0,0,15,0,0,0,0,0,0,0,0,0,18,3,44,0,24,0,7,0,11,0,0,6,0,0,0
9,4,0,0,0,0,91,95,171,181,0,0,0,0,0,0,0,27,0,6,0,24,0,0,111,29,0,0,0,20,0,3,0,0,0,1,0,2,0,9,0,0,0,0,0,0,0,0,0,0,0,0,103,0,127,118,8,135,34,0,10,22,81,101,0,0,119,18,0,0,0,0,0,0,0,0,0,0,0,0,0,0,0,0,0,0,0,0,0,0,0,0,0,0,0,0,1,0,0,0,0,0,0,0,0,0,0,0,0,0,0,0,0,0,0,0,0,0,0,0,0,0,0,0,0,0,0,0,0,70,0,8,0,53,0,34,0,183,0,190,0,43,0,44,0,26,0,0,0,0,0,1,0,0,0,124,0,34,0,110,0,47,0,0,0,0,0,0,2,0,31,3,0,0,0,0,48,34,0,0,0,0,0,13,4,39,0,0,0,0,0,0,0,0,0,0,0,0,0,0,0,0,0,0,0,0,1,2,0,7,38,9,41,0,28,0,0,0,3,18,3,0,0,0,0
0,0,29,0,0,0,191,0,82,84,0,0,0,0,0,0,18,0,0,0,0,0,123,0,185,0,0,0,0,0,0,0,0,0,0,0,0,0,0,0,0,0,0,0,0,0,42,0,3,0,0,0,59,127,0,148,52,44,23,40,9,0,21,0,1,0,12,95,0,0,0,0,0,0,0,0,0,0,0,0,0,0,0,0,3,0,0,0,0,0,0,0,1,0,0,0,2,0,0,0,0,0,0,0,0,0,0,0,0,0,0,0,0,0,0,0,0,0,0,0,1,0,0,0,0,0,17,0,70,0,81,0,32,0,48,0,68,0,10,0,12,0,53,0,2,0,1,0,0,0,0,0,0,0,41,4,3,0,23,3,65,0,0,0,0,0,0,0,6,0,192,0,0,0,0,3,0,0,0,0,0,0,5,0,35,0,0,0,0,0,0,0,0,0,0,0,0,0,0,0,0,0,0,0,0,0,0,0,39,0,85,22,222,194,159,5,58,0,0,0,6,0,0,0,0
31,40,0,108,0,17,111,462,226,272,0,0,0,2,0,84,32,56,0,116,0,0,0,66,160,508,0,0,0,22,0,0,0,16,0,0,0,0,0,15,0,0,0,0,0,0,0,0,0,0,0,0,108,118,148,0,0,235,30,26,0,107,108,61,0,0,54,135,0,1,0,0,0,0,0,0,0,2,0,0,0,0,0,0,0,0,0,0,0,0,0,0,0,0,0,0,0,0,0,0,0,0,0,0,0,0,0,7,0,0,0,0,0,0,0,0,0,0,0,0,0,0,0,0,0,86,0,55,0,34,0,152,0,127,0,100,0,246,0,70,0,0,0,0,0,2,0,0,0,31,0,35,0,6,0,71,0,0,0,39,0,63,0,0,0,4,0,0,0,48,0,194,0,70,0,0,71,22,0,0,0,7,3,0,5,27,0,0,0,0,0,11,0,0,0,0,0,0,0,0,0,46,0,0,0,0,0,46,0,197,0,0,0,0,329,0,0,0,353,45,436,0,1,155,0
0,0,0,1,0,0,13,0,28,0,0,0,0,0,0,0,9,0,0,0,0,0,13,0,41,1,0,0,0,0,0,0,0,0,2,0,0,0,0,0,0,0,0,0,0,0,10,0,11,0,0,0,96,8,52,0,0,7,127,23,0,0,5,0,36,30,54,43,0,0,0,0,0,0,0,0,1,0,0,0,0,0,0,0,0,0,0,0,0,0,0,0,3,0,0,0,0,0,0,0,0,0,0,0,0,0,0,0,0,0,0,0,0,0,0,0,0,0,0,0,0,0,0,0,0,0,0,0,56,0,69,0,22,0,5,0,17,0,0,0,0,0,8,0,3,0,0,0,1,0,0,0,0,0,69,0,4,0,19,1,58,0,39,0,0,0,0,0,20,0,190,0,0,0,14,3,0,0,0,0,0,27,0,0,16,0,0,0,0,0,0,0,0,0,0,0,0,0,0,0,0,0,0,0,0,0,0,0,13,0,329,59,624,595,1003,0,97,0,0,0,0,0,0,0,0
0,12,0,0,0,10,0,27,33,113,0,0,0,0,0,0,0,46,0,0,0,0,0,10,0,75,0,0,0,0,0,0,0,0,0,0,0,0,0,0,0,0,0,0,0,13,0,0,0,10,0,0,44,135,44,235,7,0,40,105,0,24,8,53,0,23,79,83,0,0,0,0,0,0,0,0,0,0,0,0,0,0,0,0,0,0,0,1,0,0,0,0,0,2,0,0,0,0,0,0,0,0,0,0,0,0,0,0,0,0,0,0,0,0,0,0,0,0,0,0,0,0,0,0,0,87,0,38,0,52,0,156,0,68,0,45,0,124,0,37,0,0,0,4,0,0,0,6,0,26,0,0,0,0,0,223,0,15,0,108,0,113,0,215,0,0,0,0,0,45,0,168,0,20,0,7,10,5,0,0,0,0,0,0,0,16,0,0,0,0,0,0,0,0,0,0,0,0,0,0,0,18,0,0,0,0,0,15,0,104,14,0,13,20,504,0,0,0,137,20,768,746,1,89,0
2,0,5,0,0,0,14,0,123,0,6,0,0,0,0,0,0,0,0,0,0,0,17,0,17,0,0,0,0,0,0,0,0,0,0,0,0,0,0,0,0,0,0,0,0,0,0,0,9,0,0,0,43,34,23,30,127,40,0,50,9,0,3,0,54,33,171,167,4,0,0,0,0,0,0,0,0,0,0,0,0,0,0,0,0,0,0,0,0,0,0,0,1,0,0,0,0,0,0,0,0,0,0,0,0,0,0,0,0,0,0,0,0,0,0,0,0,0,0,0,0,0,0,0,5,0,0,0,0,0,32,0,7,0,0,0,0,0,0,0,0,0,3,0,1,0,0,0,5,0,0,0,0,0,19,13,28,0,3,3,13,0,0,0,0,0,0,0,15,0,0,0,2,0,33,8,0,0,0,0,46,22,0,0,40,3,0,0,0,0,0,0,0,0,0,0,0,0,0,0,0,0,0,0,0,0,0,0,2,0,609,119,376,596,1195,31,121,0,0,6,0,0,0,0,0
0,5,0,0,0,0,0,8,0,119,0,4,0,0,0,0,0,0,0,0,0,0,0,0,0,18,0,0,0,1,0,0,0,0,0,0,0,0,0,0,0,0,0,0,0,2,0,0,0,4,0,0,48,0,40,26,23,105,50,0,0,155,0,0,8,110,166,227,0,0,0,0,0,0,0,0,0,0,0,1,0,0,0,3,0,0,0,0,0,0,0,0,0,2,0,0,0,0,0,0,0,0,0,0,0,0,0,0,0,0,0,0,0,0,0,0,0,0,0,0,0,0,0,0,0,37,0,5,0,0,0,78,0,0,0,0,0,1,0,0,0,0,0,0,0,9,0,0,0,11,0,2,0,0,1,7,0,63,0,4,0,22,0,0,0,0,0,0,0,29,0,0,0,0,9,59,0,0,0,0,19,0,0,0,33,0,0,0,0,0,0,0,0,0,0,0,0,0,0,0,0,0,0,0,0,0,0,0,0,15,0,7,0,0,1349,0,4,0,765,196,638,1016,1,109,0
60,0,0,0,0,0,136,0,147,9,0,0,0,0,0,0,23,0,0,0,0,0,0,0,11,0,0,0,5,0,2,0,13,0,0,0,41,0,13,0,0,0,0,0,0,0,0,0,0,0,0,0,43,10,9,0,0,0,9,0,0,0,109,0,0,0,17,4,0,0,22,0,0,0,12,0,0,0,0,0,0,0,0,0,0,0,0,0,0,0,0,0,0,0,0,0,0,0,0,0,0,0,0,0,0,0,0,0,0,0,0,0,0,0,0,0,0,0,0,0,10,0,15,0,0,0,0,0,0,0,0,0,0,0,0,0,0,0,107,0,81,0,0,0,338,0,0,0,0,0,0,0,0,0,18,0,81,0,2,0,0,0,4,0,0,0,0,0,0,0,204,0,9,0,0,0,73,0,0,0,0,0,11,0,12,2,0,0,0,0,0,0,0,0,0,0,0,0,0,0,0,0,0,0,0,0,0,0,0,0,50,66,48,38,51,0,9,0,0,0,0,0,0,0,0
0,62,0,17,0,0,0,161,0,299,0,7,0,0,0,0,0,3,0,11,1,16,0,3,10,8,0,0,0,12,0,3,0,19,0,0,0,47,0,18,0,0,0,0,0,2,0,0,0,0,0,0,0,22,0,107,0,24,0,155,0,0,4,72,0,0,1,0,0,0,0,0,0,0,0,0,0,0,0,0,0,0,0,0,0,0,0,0,0,0,0,0,0,0,0,0,0,0,0,0,0,0,0,0,0,0,0,0,0,0,0,0,0,0,0,0,0,0,0,0,0,0,0,1,0,0,0,0,0,0,0,0,0,0,0,0,0,0,0,89,0,61,0,2,0,223,0,0,0,0,0,0,0,0,0,27,0,103,0,32,0,0,0,27,0,1,0,0,0,3,0,107,0,39,0,0,0,0,0,0,0,0,0,75,0,18,0,0,0,0,0,0,0,0,0,0,0,0,0,0,0,0,0,0,0,0,0,0,0,0,0,0,0,0,44,0,0,0,87,210,47,79,0,20,0
17,3,6,0,0,0,217,24,308,98,0,0,0,0,0,0,377,0,33,0,133,0,14,0,37,39,109,0,67,0,33,0,17,0,0,0,42,0,61,0,0,0,18,0,89,0,25,0,2,0,8,0,58,81,21,108,5,8,3,0,109,4,0,28,0,0,7,0,0,0,51,0,0,0,53,0,0,0,0,0,0,0,0,0,137,0,15,0,0,0,0,0,0,0,0,0,0,0,0,0,0,0,0,0,0,0,0,0,0,0,0,0,0,0,0,0,0,0,0,0,58,0,0,0,0,0,0,0,48,0,0,0,0,0,0,0,180,0,255,0,278,0,249,0,123,0,0,0,0,0,0,0,0,0,47,0,18,0,62,0,4,0,0,0,0,0,2,0,0,1,18,0,9,0,0,0,63,2,0,0,0,0,25,0,41,0,0,0,0,0,0,0,0,0,0,0,0,0,0,0,0,0,0,0,0,0,0,0,0,0,11,21,0,0,11,0,0,0,0,3,0,0,0,0,0
64,71,0,0,0,17,64,183,46,236,0,0,0,0,0,0,55,102,0,0,0,206,7,29,208,33,0,39,0,216,0,19,0,56,0,21,0,26,0,179,0,0,0,0,0,0,0,0,0,0,0,22,3,101,0,61,0,53,0,0,0,72,28,0,0,0,0,4,0,0,0,0,0,0,0,0,0,0,0,0,0,0,0,0,0,16,0,0,0,0,0,0,0,0,0,0,0,0,0,0,0,0,0,0,0,0,1,0,0,0,0,0,0,0,0,0,0,0,0,0,0,0,1,1,0,0,0,0,0,46,0,0,0,0,0,46,0,278,0,263,0,90,0,130,0,68,0,0,0,0,0,0,0,0,0,142,0,47,0,126,0,15,0,0,0,0,0,1,0,0,0,4,0,2,0,0,19,83,0,1,0,0,5,50,0,13,0,0,0,0,0,0,0,0,0,0,0,0,0,0,0,23,0,0,0,0,0,0,0,0,15,0,0,0,0,0,0,0,0,39,0,14,0,1,0
21,1,8,0,27,0,0,0,127,0,9,0,0,0,0,0,0,0,0,0,0,0,0,0,0,0,0,0,0,0,0,0,0,0,0,0,0,0,0,0,0,0,0,0,0,0,8,0,4,0,0,0,1,0,1,0,36,0,54,8,0,0,0,0,0,47,65,0,0,0,0,0,0,0,0,0,0,0,0,0,0,0,0,0,0,0,0,0,0,0,0,0,0,0,0,0,0,0,0,0,0,0,0,0,0,0,0,0,0,0,0,0,0,0,0,0,0,0,0,0,0,0,0,0,4,0,11,0,0,0,27,10,2,0,0,0,2,0,5,0,0,1,0,0,11,0,37,0,35,20,0,0,1,0,10,0,0,0,13,0,96,120,0,0,0,0,0,0,2,0,0,0,0,0,110,0,0,0,1,0,287,94,22,0,90,0,0,0,0,0,0,0,0,0,0,0,0,0,0,0,0,0,0,0,0,0,0,0,16,6,233,4,0,0,364,0,0,0,24,0,0,0,0,0,0
0,71,0,0,0,17,0,8,1,475,0,10,0,0,0,8,0,0,0,37,0,0,0,0,0,0,0,36,0,0,0,7,0,21,0,0,0,0,0,0,0,0,0,0,0,0,0,0,0,0,0,0,0,0,0,0,30,23,33,110,0,0,0,0,47,0,25,344,0,0,0,6,0,0,0,6,0,0,0,0,0,0,0,0,0,0,0,0,0,0,0,0,0,0,0,0,0,1,0,0,0,0,0,0,0,0,0,0,0,0,0,0,0,0,0,0,0,0,0,0,0,2,0,5,0,17,0,21,0,0,0,47,0,0,1,1,0,4,0,9,0,2,0,0,0,49,0,82,31,174,0,59,0,36,0,1,0,0,13,0,52,99,0,0,0,0,0,0,0,6,0,0,0,0,2,97,2,0,0,0,62,310,0,0,5,55,0,0,0,0,0,0,0,0,0,0,0,0,0,0,0,0,0,0,0,0,0,14,0,23,6,4,2,0,298,0,0,0,271,13,125,0,0,0,0
5,0,4,0,0,0,44,0,62,0,0,0,2,0,0,0,0,0,0,0,0,0,0,0,0,0,0,0,0,0,0,0,0,0,0,0,1,0,1,0,0,0,0,0,0,0,0,0,1,0,0,0,35,119,12,54,54,79,171,166,17,1,7,0,65,25,0,139,0,0,0,0,0,0,0,0,0,0,0,0,0,0,0,0,0,0,0,0,0,0,0,0,0,0,0,0,0,0,0,0,0,0,0,0,0,0,0,0,0,0,0,0,0,0,0,0,0,0,0,0,0,0,0,0,5,0,0,0,0,0,18,0,3,0,0,0,0,0,0,0,0,0,0,0,0,0,11,0,5,0,2,0,0,0,19,14,23,0,0,10,45,20,0,0,0,0,0,0,2,0,29,0,0,0,83,16,0,0,0,0,100,45,1,0,235,3,0,0,0,0,0,0,0,0,0,0,0,0,0,0,0,0,0,0,0,0,1,0,0,0,268,85,70,154,393,0,21,0,7,8,0,0,0,0,0
1,6,0,0,0,0,20,0,55,165,0,2,0,0,0,0,0,0,0,0,0,0,0,0,12,0,0,0,0,0,0,0,0,0,0,0,0,0,0,0,0,0,0,0,0,0,0,0,0,1,0,0,90,18,95,135,43,83,167,227,4,0,0,4,0,344,139,0,0,0,0,0,0,0,0,0,0,0,0,0,0,0,0,0,0,1,0,0,0,0,0,0,0,0,0,0,0,0,0,0,0,0,0,0,0,0,0,0,0,0,0,0,0,0,0,0,0,0,0,0,0,0,0,0,0,16,0,0,0,0,0,28,0,0,0,0,0,0,0,0,0,0,0,0,0,4,0,0,0,6,0,0,0,0,2,5,0,8,0,0,0,16,0,0,0,0,0,0,2,0,0,0,4,0,16,235,30,1,0,0,25,172,0,0,27,249,0,0,0,0,0,0,0,0,0,0,0,0,0,0,0,1,0,0,0,0,0,0,0,6,0,15,22,9,459,0,5,0,373,157,95,214,0,0,0
0,0,0,0,0,0,0,0,5,0,0,0,0,0,0,0,0,0,0,0,0,0,0,0,0,0,0,0,0,0,0,0,0,0,0,0,0,0,0,0,0,0,0,0,30,0,4,0,17,0,11,0,0,0,0,0,0,0,4,0,0,0,0,0,0,0,0,0,0,0,0,0,54,0,0,0,169,0,70,0,16,0,29,0,0,0,0,0,48,0,0,0,79,0,45,0,0,0,0,0,42,0,233,0,0,0,0,0,38,0,7,0,0,0,7,0,36,0,0,0,0,0,0,0,0,0,0,0,0,0,0,0,0,0,0,0,0,0,0,0,0,0,0,0,0,0,0,0,0,0,0,0,0,0,0,0,0,0,0,0,0,0,0,0,64,0,0,0,212,0,9,0,10,0,0,0,0,0,0,0,0,0,0,0,0,0,0,0,0,0,41,1,0,0,125,0,0,0,0,0,0,0,0,0,0,0,0,0,0,0,15,2,116,7,18,29,132,2,0,0,0,0,0,0,0
0,1,0,0,0,0,0,1,0,0,0,0,0,0,0,0,0,0,0,0,0,0,0,0,0,0,0,5,0,0,0,0,0,0,0,0,0,0,0,0,0,0,0,0,0,28,0,0,0,1,0,0,0,0,0,1,0,0,0,0,0,0,0,0,0,0,0,0,0,0,0,0,0,0,0,0,0,57,0,0,0,0,0,87,0,0,0,11,0,169,0,0,0,62,0,76,0,0,0,8,0,12,0,86,0,14,0,9,0,1,0,0,0,77,0,0,0,1,0,0,0,0,0,0,0,0,0,0,0,0,0,0,0,0,0,0,0,0,0,0,0,0,0,0,0,0,0,0,0,0,0,0,0,0,0,1,0,0,0,0,0,1,0,0,0,36,0,0,0,52,0,0,0,0,0,0,0,1,0,0,1,0,0,0,0,0,0,0,0,0,0,0,0,0,0,21,0,0,0,0,0,0,0,0,0,0,0,7,0,0,0,0,0,0,0,0,0,0,19,5,74,4,0,0,0
0,0,0,0,0,0,0,0,0,0,0,0,0,0,0,0,50,0,0,0,121,0,0,0,0,0,154,0,38,0,34,0,0,0,0,0,164,0,34,0,0,0,37,0,133,0,10,0,0,0,78,0,0,0,0,0,0,0,0,0,22,0,51,0,0,0,0,0,0,0,0,0,301,0,260,0,22,0,134,0,11,0,0,0,1,1,49,0,0,0,0,0,0,0,0,1,0,0,0,0,0,0,0,0,0,0,0,0,0,0,0,0,0,0,0,0,0,0,0,0,20,0,9,6,39,0,38,0,10,0,32,0,56,0,31,0,96,0,5,0,185,0,84,0,153,0,31,0,47,3,22,0,45,0,0,0,7,0,0,0,0,0,68,0,0,0,46,0,59,0,25,0,78,0,52,0,0,0,0,0,76,19,1,0,4,0,0,0,0,0,0,0,0,0,0,0,0,0,0,0,5,0,0,0,0,0,0,0,47,0,18,3,12,0,12,0,0,0,0,0,0,9,0,0,0
0,4,0,0,0,0,0,1,0,0,0,15,0,0,0,0,0,0,0,0,0,27,0,0,0,0,0,0,0,0,0,0,0,1,0,0,0,0,0,0,0,0,0,0,0,20,0,0,0,19,0,6,0,0,0,0,0,0,0,0,0,0,0,0,0,6,0,0,0,0,0,0,0,188,0,332,0,12,0,12,0,4,0,0,0,0,0,44,0,0,0,0,0,0,0,0,0,0,0,0,0,0,0,0,3,0,0,0,0,0,0,0,0,0,0,0,0,0,0,0,0,11,0,20,18,72,10,65,0,0,0,35,0,35,0,7,0,0,0,2,8,69,0,0,0,202,0,50,0,14,0,61,11,38,0,0,0,0,0,0,0,0,0,30,0,0,0,19,0,5,0,17,0,19,0,0,0,0,0,0,25,62,0,0,0,0,0,0,0,0,0,0,0,0,0,0,0,0,0,0,0,0,0,0,0,0,0,0,0,0,0,0,0,0,0,0,0,0,71,8,23,4,0,0,0
0,0,5,0,0,0,0,0,0,0,0,0,0,0,0,0,0,0,0,0,0,0,3,0,0,0,0,0,0,0,0,0,0,0,0,0,0,0,0,0,0,0,0,0,0,0,0,0,0,0,8,0,0,0,0,0,0,0,0,0,0,0,0,0,0,0,0,0,54,0,301,0,0,0,212,0,50,0,261,0,0,0,34,0,0,0,21,0,0,0,0,0,53,0,5,0,0,0,0,0,2,0,3,0,0,0,0,0,0,0,0,0,0,0,0,0,0,0,0,0,30,0,19,0,44,0,85,1,16,0,24,0,68,0,70,0,98,0,2,0,74,0,114,0,47,0,36,0,13,0,50,0,21,0,0,0,0,0,0,0,3,0,61,0,0,0,8,0,51,0,12,0,16,0,0,0,0,0,0,0,0,0,0,0,0,0,0,0,0,0,0,0,0,0,0,0,14,0,0,0,35,0,0,0,0,0,105,0,95,1,393,4,25,0,16,16,0,0,4,0,0,0,0,0,0
0,0,0,0,0,0,0,0,0,0,0,0,0,0,0,0,0,0,0,0,0,0,0,0,0,0,0,0,0,0,0,0,0,0,0,0,0,0,0,0,0,0,0,0,0,0,0,0,0,0,0,0,0,0,0,0,0,0,0,0,0,0,0,0,0,0,0,0,0,0,0,188,0,0,0,312,0,149,3,56,0,3,0,27,0,9,0,135,2,0,0,0,0,0,0,5,0,0,0,0,0,0,0,0,0,0,0,0,0,1,0,0,0,0,0,0,0,0,0,0,0,41,0,48,24,63,0,129,0,11,0,33,18,0,0,151,11,48,0,0,0,54,0,79,0,118,0,51,0,16,0,122,15,43,0,0,0,1,0,0,0,7,0,29,0,0,0,4,0,22,0,8,0,0,0,0,0,0,0,0,0,0,0,0,0,0,0,0,0,0,0,115,3,58,0,0,0,14,0,0,0,39,0,97,0,0,3,246,0,118,0,0,37,0,29,0,0,0,159,7,20,0,0,0,0
0,0,0,0,0,0,0,1,0,0,0,0,6,0,0,0,47,0,21,0,110,0,5,0,0,0,109,0,24,0,28,0,0,0,9,0,126,0,31,0,0,0,0,0,104,0,13,0,7,0,45,0,0,0,0,0,0,0,0,0,12,0,53,0,0,0,0,0,0,0,260,0,212,0,0,0,11,0,256,0,5,0,10,0,65,0,32,0,0,0,0,0,0,0,0,0,5,0,0,0,0,0,0,0,0,0,0,0,0,0,0,0,0,0,0,0,0,0,0,0,89,0,81,0,21,0,14,0,0,2,34,4,0,0,32,0,42,4,3,1,67,0,223,0,91,11,27,0,35,7,17,0,57,0,0,0,5,0,0,0,2,1,44,16,0,0,0,0,0,0,20,0,30,0,59,0,0,0,0,0,106,23,1,0,3,0,0,0,0,0,0,0,11,0,0,0,0,0,66,0,33,0,25,0,0,0,48,0,37,0,45,0,7,0,8,9,0,0,0,0,28,0,0,0,0
0,0,0,0,0,38,0,0,0,2,0,0,0,0,0,0,0,1,0,0,0,32,0,4,0,0,0,0,0,0,0,0,0,0,0,0,0,0,0,0,0,0,0,0,0,29,0,0,0,0,0,5,0,0,0,0,0,0,0,0,0,0,0,0,0,6,0,0,0,0,0,332,0,312,0,0,0,16,0,56,0,10,0,0,6,7,0,135,0,0,0,0,0,0,0,0,0,0,13,1,0,0,0,0,0,0,7,0,0,0,0,0,0,0,0,0,0,0,0,0,0,83,0,45,41,0,6,0,14,0,21,0,14,0,0,0,0,0,0,2,0,93,3,48,0,215,31,35,21,22,0,59,15,45,0,0,0,1,1,0,0,0,0,54,0,0,0,22,0,13,0,18,0,14,0,39,0,10,0,0,0,127,0,0,0,0,0,0,0,0,0,0,0,30,0,2,0,0,0,0,0,0,0,38,0,0,0,88,0,0,5,0,0,0,29,1,0,0,157,14,22,0,0,0,0
0,0,0,0,0,0,0,0,0,0,0,0,0,0,0,0,9,0,0,0,8,0,0,0,0,0,0,0,0,0,0,0,0,0,0,0,0,0,0,0,0,0,0,0,0,0,0,0,0,0,0,0,0,0,0,0,1,0,0,0,0,0,0,0,0,0,0,0,169,0,22,0,50,0,11,0,0,0,27,0,10,0,43,0,33,0,26,0,10,0,0,0,71,0,14,0,0,0,0,0,15,0,82,0,0,0,25,0,23,0,4,0,0,0,5,0,13,0,0,0,24,0,0,0,0,0,0,0,0,0,0,0,0,0,0,0,0,0,0,0,0,0,0,0,0,0,0,0,0,0,0,0,0,0,0,0,0,0,0,0,0,0,0,0,16,0,0,0,35,0,0,0,6,0,0,0,0,0,0,0,0,0,0,0,0,0,0,0,29,0,0,0,29,0,59,0,0,0,0,0,0,0,0,0,0,0,0,0,0,0,21,0,37,0,8,3,13,0,0,0,0,0,0,0,0
0,0,0,0,0,0,0,0,0,0,0,0,0,0,0,0,0,0,0,0,0,0,0,0,0,0,0,0,0,0,0,0,0,0,0,0,0,0,0,0,0,0,0,0,0,14,0,0,0,2,0,0,0,0,0,2,0,0,0,0,0,0,0,0,0,0,0,0,0,57,0,12,0,149,0,16,0,0,0,14,0,53,0,366,0,25,0,263,0,77,0,0,0,160,0,132,0,0,0,17,0,9,0,104,0,0,0,3,0,14,0,0,0,4,0,0,0,9,0,0,0,0,0,9,0,0,0,0,0,0,0,0,3,0,0,37,0,0,0,0,0,0,0,0,0,0,0,0,0,1,0,0,0,0,0,0,0,0,0,0,0,0,0,0,0,33,0,1,0,106,0,0,0,0,0,0,0,0,0,0,0,0,0,0,0,0,0,0,0,0,0,0,0,0,0,22,0,0,0,0,0,0,0,84,0,37,0,0,0,0,0,0,0,0,0,0,0,0,33,0,92,2,2,1,0
0,0,0,0,0,0,0,0,1,0,0,0,0,0,0,0,0,0,0,0,0,0,0,0,0,0,0,0,0,0,0,0,0,0,0,0,0,0,0,0,0,0,0,0,0,0,0,0,0,0,0,0,0,0,0,0,0,0,0,0,0,0,0,0,0,0,0,0,70,0,134,0,261,3,256,0,27,0,0,0,32,0,116,0,87,0,68,0,3,0,0,0,130,0,15,0,32,0,30,0,19,0,12,0,0,0,0,0,4,0,0,0,0,0,3,0,4,0,0,0,158,0,58,0,0,0,0,0,0,0,0,0,0,0,17,0,0,0,0,0,32,0,91,3,0,0,0,0,5,0,6,0,9,0,0,0,0,0,0,0,0,0,0,0,0,0,0,0,39,0,0,0,0,0,0,0,0,0,0,0,0,0,0,0,0,0,0,0,0,0,16,0,43,0,28,0,0,0,0,0,64,0,45,0,40,0,22,0,10,0,316,3,27,2,18,25,4,0,0,0,0,0,0,0,0
